Date,Country/Region,Province/State,Admin2,Confirmed,Deaths,Recovered,Latitude,Longitude,FIPS,Incidence_Rate,Case-Fatality_Ratio,Active Cases,Previous Confirmed,Previous Deaths,Previous Recovered,Previous Active,Prev2 Confirmed,Population,Daily Confirmed,Daily Deaths,Daily Recovered,Daily Active,Previous Daily Confirmed
2020-07-20,US,Alabama,Autauga,838,20,0,32.53952745,-86.64408227,1001.0,1499.9373534518247,2.386634844868735,818,823,20,0,803,810,55601,15,0,0,15,13
2020-07-20,US,Alabama,Baldwin,1990,14,0,30.72774991,-87.72207058,1003.0,891.4412679072183,0.7035175879396985,1976,1914,14,0,1900,1796,218022,76,0,0,76,118
2020-07-20,US,Alabama,Barbour,479,4,0,31.868263,-85.3871286,1005.0,1940.3710605201327,0.8350730688935282,475,472,3,0,469,465,24881,7,1,0,6,7
2020-07-20,US,Alabama,Bibb,274,2,0,32.99642064,-87.12511459999996,1007.0,1223.542020183978,0.7299270072992701,272,265,2,0,263,260,22400,9,0,0,9,5
2020-07-20,US,Alabama,Blount,465,1,0,33.98210918,-86.56790593,1009.0,804.1365475737558,0.21505376344086025,464,441,1,0,440,421,57840,24,0,0,24,20
2020-07-20,US,Alabama,Bullock,395,10,0,32.10030533,-85.71265535,1011.0,3910.5039105039104,2.5316455696202533,385,393,10,0,383,392,10138,2,0,0,2,1
2020-07-20,US,Alabama,Butler,682,32,0,31.75300095,-86.68057478,1013.0,3506.787330316742,4.6920821114369495,650,679,32,0,647,671,19680,3,0,0,3,8
2020-07-20,US,Alabama,Calhoun,814,6,0,33.77483727,-85.82630386,1015.0,716.5177589014568,0.7371007371007371,808,768,6,0,762,724,114277,46,0,0,46,44
2020-07-20,US,Alabama,Chambers,739,33,0,32.91360079,-85.39072749,1017.0,2222.289047934083,4.465493910690122,706,734,33,0,701,730,33615,5,0,0,5,4
2020-07-20,US,Alabama,Cherokee,172,7,0,34.17805983,-85.60638968,1019.0,656.5887921820125,4.069767441860465,165,166,7,0,159,158,26032,6,0,0,6,8
2020-07-20,US,Alabama,Chilton,477,3,0,32.85044126,-86.7173256,1021.0,1073.6472494823086,0.6289308176100629,474,463,3,0,460,427,44153,14,0,0,14,36
2020-07-20,US,Alabama,Choctaw,238,12,0,32.02227341,-88.26564429999998,1023.0,1890.5393597585198,5.042016806722689,226,237,12,0,225,235,12841,1,0,0,1,2
2020-07-20,US,Alabama,Clarke,387,7,0,31.68099859,-87.83548597,1025.0,1638.3032766065533,1.8087855297157625,380,383,7,0,376,376,23920,4,0,0,4,7
2020-07-20,US,Alabama,Clay,124,2,0,33.26984193,-85.85836077,1027.0,936.9097091046467,1.6129032258064515,122,117,2,0,115,108,13275,7,0,0,7,9
2020-07-20,US,Alabama,Cleburne,80,1,0,33.67679204,-85.52005899,1029.0,536.5526492287056,1.25,79,79,1,0,78,72,14987,1,0,0,1,7
2020-07-20,US,Alabama,Coffee,546,4,0,31.39932826,-85.98901039,1031.0,1043.139352718658,0.7326007326007326,542,531,4,0,527,519,51909,15,0,0,15,12
2020-07-20,US,Alabama,Colbert,757,9,0,34.69847452,-87.80168544,1033.0,1370.358972502308,1.1889035667107002,748,728,9,0,719,702,54762,29,0,0,29,26
2020-07-20,US,Alabama,Conecuh,290,9,0,31.43401703,-86.99320044,1035.0,2403.248529046159,3.103448275862069,281,284,9,0,275,279,12277,6,0,0,6,5
2020-07-20,US,Alabama,Coosa,73,1,0,32.93690146,-86.24847739,1037.0,684.6103348025882,1.3698630136986298,72,71,1,0,70,69,10715,2,0,0,2,2
2020-07-20,US,Alabama,Covington,553,16,0,31.2477854,-86.45050893,1039.0,1492.6178844233316,2.8933092224231465,537,535,16,0,519,520,36986,18,0,0,18,15
2020-07-20,US,Alabama,Crenshaw,172,3,0,31.72941803,-86.31593104,1041.0,1248.9108335753706,1.7441860465116281,169,156,3,0,153,151,13824,16,0,0,16,5
2020-07-20,US,Alabama,Cullman,826,7,0,34.13020303,-86.86888037,1043.0,986.056728106198,0.8474576271186439,819,808,7,0,801,774,83442,18,0,0,18,34
2020-07-20,US,Alabama,Dale,538,4,0,31.43037123,-85.61095742,1045.0,1094.1186040836246,0.7434944237918215,534,512,3,0,509,503,48956,26,1,0,25,9
2020-07-20,US,Alabama,Dallas,1141,13,0,32.32688101,-87.10866709999998,1047.0,3067.5341434562856,1.1393514460999123,1128,1117,13,0,1104,1101,38310,24,0,0,24,16
2020-07-20,US,Alabama,DeKalb,1325,7,0,34.45946862,-85.80782906,1049.0,1852.8099786052883,0.5283018867924528,1318,1292,7,0,1285,1271,71385,33,0,0,33,21
2020-07-20,US,Alabama,Elmore,1268,27,0,32.59785413,-86.14415284,1051.0,1561.4032927384894,2.1293375394321767,1241,1245,27,0,1218,1222,81887,23,0,0,23,23
2020-07-20,US,Alabama,Escambia,640,12,0,31.1256789,-87.15918694,1053.0,1747.058662954167,1.875,628,613,13,0,600,594,36748,27,-1,0,28,19
2020-07-20,US,Alabama,Etowah,1356,15,0,34.04567266,-86.04051873,1055.0,1325.9279540032073,1.106194690265487,1341,1307,15,0,1292,1264,102501,49,0,0,49,43
2020-07-20,US,Alabama,Fayette,121,5,0,33.72076938,-87.73886638,1057.0,742.2402159244266,4.132231404958676,116,119,5,0,114,117,16433,2,0,0,2,2
2020-07-20,US,Alabama,Franklin,1027,16,0,34.44235334,-87.84289505,1059.0,3274.6636056373954,1.5579357351509249,1011,1020,16,0,1004,1011,31363,7,0,0,7,9
2020-07-20,US,Alabama,Geneva,146,0,0,31.09389027,-85.83572839,1061.0,555.7458794868867,0.0,146,143,0,0,143,134,26314,3,0,0,3,9
2020-07-20,US,Alabama,Greene,220,9,0,32.85504247,-87.95684022,1063.0,2712.3659228208608,4.090909090909091,211,220,9,0,211,217,8233,0,0,0,0,3
2020-07-20,US,Alabama,Hale,401,23,0,32.76039258,-87.63284988,1065.0,2737.014538256775,5.7356608478803,378,397,23,0,374,393,14726,4,0,0,4,4
2020-07-20,US,Alabama,Henry,192,3,0,31.51148016,-85.24267944,1067.0,1115.9546643417614,1.5625,189,189,3,0,186,181,17209,3,0,0,3,8
2020-07-20,US,Alabama,Houston,892,8,0,31.15197924,-85.29939599,1069.0,842.4472526019531,0.8968609865470852,884,834,8,0,826,773,104722,58,0,0,58,61
2020-07-20,US,Alabama,Jackson,576,3,0,34.78144169,-85.99750489,1071.0,1115.7168868399644,0.5208333333333334,573,561,3,0,558,546,51736,15,0,0,15,15
2020-07-20,US,Alabama,Jefferson,8901,185,0,33.55554728,-86.89506300000002,1073.0,1351.5585971486835,2.0784181552634537,8716,8640,183,0,8457,8400,659300,261,2,0,259,240
2020-07-20,US,Alabama,Lamar,134,1,0,33.77995024,-88.09668032,1075.0,970.662803332126,0.746268656716418,133,129,1,0,128,117,13844,5,0,0,5,12
2020-07-20,US,Alabama,Lauderdale,773,8,0,34.90171875,-87.65624729,1077.0,833.6119229151615,1.034928848641656,765,748,8,0,740,730,92387,25,0,0,25,18
2020-07-20,US,Alabama,Lawrence,185,0,0,34.52041498,-87.31069453,1079.0,561.9001336411129,0.0,185,184,0,0,184,183,32957,1,0,0,1,1
2020-07-20,US,Alabama,Lee,2043,38,0,32.60154883,-85.35132246,1081.0,1241.6282772787495,1.860009789525208,2005,1993,38,0,1955,1960,163941,50,0,0,50,33
2020-07-20,US,Alabama,Limestone,879,5,0,34.81185586,-86.98310072,1083.0,888.64176312996,0.5688282138794084,874,844,5,0,839,814,96174,35,0,0,35,30
2020-07-20,US,Alabama,Lowndes,515,23,0,32.1597283,-86.65158371,1085.0,5295.085338268558,4.466019417475729,492,512,23,0,489,511,9974,3,0,0,3,1
2020-07-20,US,Alabama,Macon,261,10,0,32.38759944,-85.69267724,1087.0,1444.5428381669244,3.8314176245210727,251,254,10,0,244,248,18439,7,0,0,7,6
2020-07-20,US,Alabama,Madison,3588,14,0,34.76327133,-86.55069633,1089.0,962.1650322196567,0.3901895206243032,3574,3462,14,0,3448,3323,366519,126,0,0,126,139
2020-07-20,US,Alabama,Marengo,428,11,0,32.24767634,-87.78796182,1091.0,2268.9922069660183,2.5700934579439254,417,419,11,0,408,413,19066,9,0,0,9,6
2020-07-20,US,Alabama,Marion,430,16,0,34.13697363,-87.88704173,1093.0,1447.3728499781216,3.72093023255814,414,418,16,0,402,409,29763,12,0,0,12,9
2020-07-20,US,Alabama,Marshall,2400,19,0,34.36975964,-86.30486727,1095.0,2480.00496000992,0.7916666666666666,2381,2335,19,0,2316,2284,96109,65,0,0,65,51
2020-07-20,US,Alabama,Mobile,6150,161,0,30.78472347,-88.20842409,1097.0,1488.3473294450766,2.6178861788617884,5989,6017,161,0,5856,5899,413757,133,0,0,133,118
2020-07-20,US,Alabama,Monroe,318,3,0,31.56729412,-87.36995001,1099.0,1533.7867168282446,0.9433962264150944,315,312,3,0,309,310,21067,6,0,0,6,2
2020-07-20,US,Alabama,Montgomery,5178,124,0,32.2206831,-86.20969272,1101.0,2286.234027710322,2.3947470065662415,5054,5057,124,0,4933,4985,225763,121,0,0,121,72
2020-07-20,US,Alabama,Morgan,1722,10,0,34.45500589,-86.85475946,1103.0,1438.8489208633093,0.5807200929152149,1712,1664,10,0,1654,1622,119089,58,0,0,58,42
2020-07-20,US,Alabama,Perry,335,3,0,32.64048341,-87.29770589,1105.0,3754.3427098509474,0.8955223880597015,332,320,3,0,317,312,9140,15,0,0,15,8
2020-07-20,US,Alabama,Pickens,308,7,0,33.28094866,-88.08818103,1107.0,1545.4089312594074,2.272727272727273,301,302,7,0,295,299,19938,6,0,0,6,3
2020-07-20,US,Alabama,Pike,546,6,0,31.80396383,-85.9408295,1109.0,1648.8494292444284,1.0989010989010992,540,537,6,0,531,533,33338,9,0,0,9,4
2020-07-20,US,Alabama,Randolph,328,10,0,33.29526734,-85.45708831,1111.0,1443.5349000968224,3.0487804878048776,318,317,10,0,307,300,22725,11,0,0,11,17
2020-07-20,US,Alabama,Russell,936,0,0,32.28725256,-85.18415324,1113.0,1614.8789703421264,0.0,936,909,0,0,909,885,57781,27,0,0,27,24
2020-07-20,US,Alabama,Shelby,2287,27,0,33.26879845,-86.66232561,1117.0,1050.5185988185683,1.1805859204197642,2260,2208,27,0,2181,2148,215707,79,0,0,79,60
2020-07-20,US,Alabama,St. Clair,828,4,0,33.71902176,-86.31029372,1115.0,925.0156403610687,0.4830917874396135,824,790,4,0,786,763,88690,38,0,0,38,27
2020-07-20,US,Alabama,Sumter,323,13,0,32.59117397,-88.19916205,1119.0,2599.179206566348,4.0247678018575845,310,317,13,0,304,315,12691,6,0,0,6,2
2020-07-20,US,Alabama,Talladega,602,8,0,33.37823223,-86.16886178,1121.0,752.7069944234662,1.32890365448505,594,580,8,0,572,567,79828,22,0,0,22,13
2020-07-20,US,Alabama,Tallapoosa,707,72,0,32.86698258,-85.79833053,1123.0,1751.4306240245746,10.183875530410184,635,696,72,0,624,690,40497,11,0,0,11,6
2020-07-20,US,Alabama,Tuscaloosa,3215,55,0,33.28726072,-87.52556818,1125.0,1535.6690788373817,1.7107309486780715,3160,3152,55,0,3097,3068,208911,63,0,0,63,84
2020-07-20,US,Alabama,Unassigned,1180,34,0,0.0,0.0,90001.0,0.0,2.8813559322033897,1146,1146,33,0,1113,1054,,34,1,0,33,92
2020-07-20,US,Alabama,Walker,1257,50,0,33.80270512,-87.30027177,1127.0,1978.873128571653,3.9777247414478922,1207,1237,50,0,1187,1226,63711,20,0,0,20,11
2020-07-20,US,Alabama,Washington,219,9,0,31.4092794,-88.20689944,1129.0,1341.4185961043734,4.109589041095891,210,208,9,0,199,198,16378,11,0,0,11,10
2020-07-20,US,Alabama,Wilcox,351,9,0,31.98773215,-87.30891118,1131.0,3383.784825990552,2.5641025641025643,342,345,9,0,336,341,10627,6,0,0,6,4
2020-07-20,US,Alabama,Winston,350,8,0,34.15030532,-87.37325922,1133.0,1481.230691099919,2.2857142857142856,342,343,8,0,335,341,23660,7,0,0,7,2
2020-07-20,US,Alaska,Aleutians West,1,0,0,52.3233,-174.1596,2016.0,17.749378771742986,0.0,1,1,0,0,1,1,5723,0,0,0,0,0
2020-07-20,US,Alaska,Anchorage,962,9,0,61.14998174,-149.14269860000005,2020.0,334.02777777777777,0.9355509355509356,953,910,9,0,901,870,291538,52,0,0,52,40
2020-07-20,US,Alaska,Bethel,16,0,0,60.90980451,-159.8561831,2050.0,87.02273468943761,0.0,16,16,0,0,16,16,18216,0,0,0,0,0
2020-07-20,US,Alaska,Bristol Bay,6,0,0,58.74513976,-156.701064,2060.0,717.7033492822967,0.0,6,5,0,0,5,5,877,1,0,0,1,0
2020-07-20,US,Alaska,Denali,1,0,0,63.67264044,-150.0076108,2068.0,47.687172150691474,0.0,1,,,,,,2059,,,,,
2020-07-20,US,Alaska,Dillingham,1,0,0,59.79603738,-158.23819419999995,2070.0,20.34174125305126,0.0,1,1,0,0,1,1,5000,0,0,0,0,0
2020-07-20,US,Alaska,Fairbanks North Star,316,2,0,64.80726247,-146.5692662,2090.0,326.2811180290968,0.6329113924050633,314,308,2,0,306,300,98971,8,0,0,8,8
2020-07-20,US,Alaska,Haines,3,0,0,59.09893571,-135.4679843,2100.0,118.57707509881423,0.0,3,3,0,0,3,3,2474,0,0,0,0,0
2020-07-20,US,Alaska,Juneau,63,2,0,58.45031811,-134.200436,2110.0,197.0350910114468,3.1746031746031744,61,62,2,0,60,58,32113,1,0,0,1,4
2020-07-20,US,Alaska,Kenai Peninsula,245,2,0,60.24429722,-151.53888840000005,2122.0,417.3196157252845,0.8163265306122449,243,240,2,0,238,233,58533,5,0,0,5,7
2020-07-20,US,Alaska,Ketchikan Gateway,25,0,0,55.57445008,-130.975561,2130.0,179.84317674987412,0.0,25,25,0,0,25,24,13918,0,0,0,0,1
2020-07-20,US,Alaska,Kodiak Island,5,0,0,57.65529415,-153.7493579,2150.0,38.46745653177412,0.0,5,5,0,0,5,5,13345,0,0,0,0,0
2020-07-20,US,Alaska,Kusilvak,3,0,0,62.15429159999999,-163.39678830000003,2158.0,36.0837142169834,0.0,3,3,0,0,3,3,8303,0,0,0,0,0
2020-07-20,US,Alaska,Matanuska-Susitna,190,2,0,62.31305045,-149.5741743,2170.0,175.41106197549786,1.0526315789473684,188,183,2,0,181,174,107610,7,0,0,7,9
2020-07-20,US,Alaska,Nome,16,0,0,64.90320724,-164.0353804,2180.0,159.93602558976409,0.0,16,16,0,0,16,15,10008,0,0,0,0,1
2020-07-20,US,Alaska,North Slope,6,0,0,69.31479216,-153.4836093,2185.0,61.02522375915379,0.0,6,6,0,0,6,6,9872,0,0,0,0,0
2020-07-20,US,Alaska,Northwest Arctic,8,0,0,67.04919196,-159.7503946,2188.0,104.97310064296025,0.0,8,8,0,0,8,8,7671,0,0,0,0,0
2020-07-20,US,Alaska,Petersburg,6,1,0,57.13978948,-132.9540995,2195.0,183.71096142069808,16.666666666666668,5,6,1,0,5,6,3221,0,0,0,0,0
2020-07-20,US,Alaska,Prince of Wales-Hyder,2,0,0,55.76261984,-133.0511621,2198.0,32.24246332419797,0.0,2,2,0,0,2,2,6422,0,0,0,0,0
2020-07-20,US,Alaska,Sitka,15,0,0,57.24124555,-135.3206587,2220.0,176.61603673613564,0.0,15,15,0,0,15,15,8647,0,0,0,0,0
2020-07-20,US,Alaska,Southeast Fairbanks,11,0,0,63.87692095,-143.2127643,2240.0,159.58218482518498,0.0,11,11,0,0,11,10,6918,0,0,0,0,1
2020-07-20,US,Alaska,Valdez-Cordova,17,0,0,61.47502768,-144.7126799,2261.0,184.7424472940665,0.0,17,17,0,0,17,19,9164,0,0,0,0,-2
2020-07-20,US,Alaska,Wrangell,3,0,0,56.3202004,-132.05837309999998,2275.0,119.90407673860909,0.0,3,3,0,0,3,3,2503,0,0,0,0,0
2020-07-20,US,Alaska,Yukon-Koyukuk,29,0,0,65.50815459,-151.39073869999999,2290.0,554.4933078393882,0.0,29,29,0,0,29,19,5327,0,0,0,0,10
2020-07-20,US,Arizona,Apache,2740,110,0,35.39465006,-109.4892383,4001.0,3811.53755199132,4.014598540145985,2630,2741,110,0,2631,2735,71818,-1,0,0,-1,6
2020-07-20,US,Arizona,Cochise,1260,29,0,31.87934684,-109.7516088,4003.0,1000.6194310763806,2.3015873015873014,1231,1258,29,0,1229,1217,126770,2,0,0,2,41
2020-07-20,US,Arizona,Coconino,2675,106,0,35.83883429,-111.7707178,4005.0,1864.42331818562,3.9626168224299065,2569,2664,106,0,2558,2647,142854,11,0,0,11,17
2020-07-20,US,Arizona,Gila,573,16,0,33.80190085,-110.8132779,4007.0,1060.7575252693546,2.7923211169284468,557,570,16,0,554,551,53889,3,0,0,3,19
2020-07-20,US,Arizona,Graham,298,4,0,32.93166885,-109.8882178,4009.0,767.3095244225868,1.342281879194631,294,292,4,0,288,278,38072,6,0,0,6,14
2020-07-20,US,Arizona,Greenlee,40,1,0,33.21498827,-109.2405279,4011.0,421.14129290376917,2.5,39,40,1,0,39,39,9483,0,0,0,0,1
2020-07-20,US,Arizona,La Paz,435,8,0,33.72854224,-113.9810029,4012.0,2060.830017055145,1.839080459770115,427,435,8,0,427,434,21098,0,0,0,0,1
2020-07-20,US,Arizona,Maricopa,96711,1485,0,33.34835867,-112.4918154,4013.0,2156.1220435839373,1.5355026832521637,95226,95471,1473,0,93998,93870,4410824,1240,12,0,1228,1601
2020-07-20,US,Arizona,Mohave,2281,116,0,35.70471703,-113.7577902,4015.0,1075.0255677935347,5.085488820692679,2165,2269,115,0,2154,2229,209550,12,1,0,11,40
2020-07-20,US,Arizona,Navajo,4817,157,0,35.3997715,-110.3218983,4017.0,4342.6129602250185,3.2592900145318664,4660,4801,156,0,4645,4768,110445,16,1,0,15,33
2020-07-20,US,Arizona,Pima,13594,382,0,32.0971334,-111.7890033,4019.0,1298.030419783076,2.8100632632043547,13212,13449,382,0,13067,13270,1039073,145,0,0,145,179
2020-07-20,US,Arizona,Pinal,6651,104,0,32.90525627,-111.3449483,4021.0,1437.1560257482352,1.563674635393174,6547,6654,104,0,6550,6536,447138,-3,0,0,-3,118
2020-07-20,US,Arizona,Santa Cruz,2340,39,0,31.52508998,-110.8479088,4023.0,5032.474515032905,1.6666666666666667,2301,2305,39,0,2266,2270,46511,35,0,0,35,35
2020-07-20,US,Arizona,Yavapai,1394,44,0,34.59933926,-112.5538588,4025.0,592.9416969021562,3.1563845050215207,1350,1375,37,0,1338,1335,231993,19,7,0,12,40
2020-07-20,US,Arizona,Yuma,9374,183,0,32.76895712,-113.90666740000002,4027.0,4384.738080425845,1.952208235545125,9191,9300,181,0,9119,9086,212128,74,2,0,72,214
2020-07-20,US,Arkansas,Arkansas,134,1,0,34.29145151,-91.37277296,5001.0,766.3273475923596,0.746268656716418,133,113,1,0,112,108,17769,21,0,0,21,5
2020-07-20,US,Arkansas,Ashley,137,3,0,33.19153461,-91.7698471,5003.0,696.9527394821182,2.18978102189781,134,134,3,0,131,125,20046,3,0,0,3,9
2020-07-20,US,Arkansas,Baxter,44,0,0,36.28784385,-92.33782872,5005.0,104.93179433368307,0.0,44,44,0,0,44,40,41619,0,0,0,0,4
2020-07-20,US,Arkansas,Benton,3887,27,0,36.33644656,-94.25680817,5007.0,1392.4862345552967,0.6946231026498585,3860,3832,25,0,3807,3789,272608,55,2,0,53,43
2020-07-20,US,Arkansas,Boone,79,1,0,36.3084504,-93.09374925,5009.0,211.04936952340245,1.2658227848101269,78,76,1,0,75,74,37480,3,0,0,3,2
2020-07-20,US,Arkansas,Bradley,101,2,0,33.46755808,-92.15980837,5011.0,938.4000743287187,1.98019801980198,99,97,2,0,95,91,10897,4,0,0,4,6
2020-07-20,US,Arkansas,Calhoun,6,0,0,33.55598792,-92.49974403,5013.0,115.6292156484872,0.0,6,5,0,0,5,5,5277,1,0,0,1,0
2020-07-20,US,Arkansas,Carroll,286,6,0,36.34038560000001,-93.54270261,5015.0,1007.7519379844963,2.097902097902098,280,270,6,0,264,262,28223,16,0,0,16,8
2020-07-20,US,Arkansas,Chicot,260,3,0,33.26458973,-91.29539209,5017.0,2569.677801937143,1.1538461538461535,257,257,3,0,254,252,10438,3,0,0,3,5
2020-07-20,US,Arkansas,Clark,103,0,0,34.04613432,-93.17484713,5019.0,461.4695340501792,0.0,103,97,0,0,97,94,22061,6,0,0,6,3
2020-07-20,US,Arkansas,Clay,90,3,0,36.36826212,-90.4148172,5021.0,618.5141914645043,3.333333333333333,87,89,3,0,86,88,14847,1,0,0,1,1
2020-07-20,US,Arkansas,Cleburne,156,5,0,35.53864922,-92.02640019,5023.0,626.0283317950159,3.2051282051282053,151,154,5,0,149,153,24965,2,0,0,2,1
2020-07-20,US,Arkansas,Cleveland,43,0,0,33.89723187,-92.18537045,5025.0,540.4725992961287,0.0,43,41,0,0,41,41,8018,2,0,0,2,0
2020-07-20,US,Arkansas,Columbia,139,5,0,33.21230701,-93.22642793,5027.0,592.573645393699,3.5971223021582728,134,134,5,0,129,132,23537,5,0,0,5,2
2020-07-20,US,Arkansas,Conway,114,3,0,35.26205537,-92.70506566,5029.0,546.8675045572292,2.631578947368421,111,113,3,0,110,111,20891,1,0,0,1,2
2020-07-20,US,Arkansas,Craighead,739,8,0,35.83018283,-90.63235729,5031.0,669.7966138563608,1.0825439783491204,731,710,8,0,702,701,108558,29,0,0,29,9
2020-07-20,US,Arkansas,Crawford,360,3,0,35.58928601,-94.2446814,5033.0,569.1069763030179,0.8333333333333334,357,353,3,0,350,347,63406,7,0,0,7,6
2020-07-20,US,Arkansas,Crittenden,957,15,0,35.21247318,-90.30839406,5035.0,1995.6208945886767,1.567398119122257,942,944,14,0,930,929,48342,13,1,0,12,15
2020-07-20,US,Arkansas,Cross,117,1,0,35.29631396,-90.77185818,5037.0,712.5890736342043,0.8547008547008547,116,115,1,0,114,113,16676,2,0,0,2,2
2020-07-20,US,Arkansas,Dallas,21,0,0,33.97042763,-92.65167437,5039.0,299.6147809958625,0.0,21,20,0,0,20,20,7182,1,0,0,1,0
2020-07-20,US,Arkansas,Desha,110,1,0,33.83011025,-91.25500948,5041.0,968.2246281137224,0.9090909090909092,109,102,1,0,101,98,11512,8,0,0,8,4
2020-07-20,US,Arkansas,Drew,116,2,0,33.59035001,-91.71777921,5043.0,636.6979526867556,1.7241379310344829,114,113,2,0,111,111,18328,3,0,0,3,2
2020-07-20,US,Arkansas,Faulkner,926,4,0,35.14719007,-92.33717519,5045.0,734.8798082646202,0.4319654427645788,922,905,4,0,901,888,124806,21,0,0,21,17
2020-07-20,US,Arkansas,Franklin,44,1,0,35.51202821,-93.89299569,5047.0,248.37708156929162,2.272727272727273,43,41,1,0,40,37,17810,3,0,0,3,4
2020-07-20,US,Arkansas,Fulton,20,0,0,36.38177105,-91.81729127,5049.0,160.294942694558,0.0,20,20,0,0,20,20,12269,0,0,0,0,0
2020-07-20,US,Arkansas,Garland,499,5,0,34.57692074,-93.14921604,5051.0,502.08278832028657,1.002004008016032,494,473,5,0,468,442,99154,26,0,0,26,31
2020-07-20,US,Arkansas,Grant,83,0,0,34.29017991,-92.42320562,5053.0,454.4210238160417,0.0,83,79,0,0,79,77,18188,4,0,0,4,2
2020-07-20,US,Arkansas,Greene,175,0,0,36.11735460000001,-90.55832668,5055.0,386.1003861003861,0.0,175,171,0,0,171,168,45325,4,0,0,4,3
2020-07-20,US,Arkansas,Hempstead,131,1,0,33.73325583,-93.66935133,5057.0,608.3968047557123,0.7633587786259542,130,122,1,0,121,112,21741,9,0,0,9,10
2020-07-20,US,Arkansas,Hot Spring,1354,2,0,34.31709259,-92.95396325,5059.0,4009.357140742057,0.14771048744460855,1352,1349,2,0,1347,1344,33701,5,0,0,5,5
2020-07-20,US,Arkansas,Howard,178,1,0,34.09007427,-93.9934871,5061.0,1348.2805635509774,0.5617977528089888,177,169,1,0,168,167,13341,9,0,0,9,2
2020-07-20,US,Arkansas,Independence,114,0,0,35.74242707,-91.57001641,5063.0,301.38797091870464,0.0,114,110,0,0,110,107,37678,4,0,0,4,3
2020-07-20,US,Arkansas,Izard,28,1,0,36.09604046,-91.90847954,5065.0,205.4442732408834,3.571428571428572,27,28,1,0,27,28,13593,0,0,0,0,0
2020-07-20,US,Arkansas,Jackson,48,0,0,35.59802983,-91.21494602,5067.0,287.0985106764759,0.0,48,46,0,0,46,44,16811,2,0,0,2,2
2020-07-20,US,Arkansas,Jefferson,1029,30,0,34.26767081,-91.92619839,5069.0,1539.8659164372082,2.915451895043732,999,1023,30,0,993,969,68114,6,0,0,6,54
2020-07-20,US,Arkansas,Johnson,500,0,0,35.56759135,-93.46036368,5071.0,1881.255173451727,0.0,500,485,0,0,485,476,26742,15,0,0,15,9
2020-07-20,US,Arkansas,Lafayette,38,2,0,33.24116713,-93.60677071,5073.0,573.671497584541,5.2631578947368425,36,37,2,0,35,36,6682,1,0,0,1,1
2020-07-20,US,Arkansas,Lawrence,142,9,0,36.04188196,-91.10867198,5075.0,865.5369986590273,6.338028169014086,133,135,9,0,126,133,16434,7,0,0,7,2
2020-07-20,US,Arkansas,Lee,865,5,0,34.78498904,-90.78383866,5077.0,9766.28655300892,0.5780346820809249,860,861,5,0,856,859,8985,4,0,0,4,2
2020-07-20,US,Arkansas,Lincoln,1121,11,0,33.95317155,-91.74002806,5079.0,8607.186732186732,0.9812667261373772,1110,1119,11,0,1108,1118,13383,2,0,0,2,1
2020-07-20,US,Arkansas,Little River,65,1,0,33.70375665,-94.23468591,5081.0,530.2226935312831,1.5384615384615383,64,63,1,0,62,60,12326,2,0,0,2,3
2020-07-20,US,Arkansas,Logan,110,0,0,35.21413234,-93.71951016,5083.0,512.4382744805739,0.0,110,103,0,0,103,103,21737,7,0,0,7,0
2020-07-20,US,Arkansas,Lonoke,261,2,0,34.75392199,-91.88742357,5085.0,356.02722721630363,0.7662835249042146,259,257,2,0,255,246,73657,4,0,0,4,11
2020-07-20,US,Arkansas,Madison,231,1,0,36.01038185,-93.72524943,5087.0,1393.581081081081,0.4329004329004329,230,229,1,0,228,227,16481,2,0,0,2,2
2020-07-20,US,Arkansas,Marion,15,0,0,36.26844485,-92.68451899,5089.0,89.85264166766503,0.0,15,15,0,0,15,15,16722,0,0,0,0,0
2020-07-20,US,Arkansas,Miller,360,2,0,33.31403423,-93.89285258,5091.0,832.2352451626326,0.5555555555555556,358,336,2,0,334,329,43592,24,0,0,24,7
2020-07-20,US,Arkansas,Mississippi,450,6,0,35.76271485,-90.05194370000002,5093.0,1106.9838380359647,1.3333333333333333,444,421,5,0,416,401,41239,29,1,0,28,20
2020-07-20,US,Arkansas,Monroe,35,0,0,34.6815935,-91.20540287,5095.0,522.310102969706,0.0,35,33,0,0,33,29,6900,2,0,0,2,4
2020-07-20,US,Arkansas,Montgomery,15,0,0,34.53704874,-93.65824478,5097.0,166.92632984642773,0.0,15,14,0,0,14,12,8924,1,0,0,1,2
2020-07-20,US,Arkansas,Nevada,117,6,0,33.66340119,-93.30632432,5099.0,1417.8380998545804,5.128205128205129,111,117,6,0,111,116,8326,0,0,0,0,1
2020-07-20,US,Arkansas,Newton,17,0,0,35.91947491,-93.21612969,5101.0,219.2699600154779,0.0,17,16,0,0,16,14,7805,1,0,0,1,2
2020-07-20,US,Arkansas,Ouachita,52,1,0,33.58839816,-92.87795984,5103.0,222.39329398682747,1.9230769230769231,51,49,1,0,48,44,23606,3,0,0,3,5
2020-07-20,US,Arkansas,Perry,39,0,0,34.9459153,-92.94372564,5105.0,373.02725968436147,0.0,39,40,0,0,40,39,10352,-1,0,0,-1,1
2020-07-20,US,Arkansas,Phillips,214,6,0,34.43268455,-90.84800154,5107.0,1203.4641772579014,2.803738317757009,208,208,6,0,202,205,18029,6,0,0,6,3
2020-07-20,US,Arkansas,Pike,35,0,0,34.16250414,-93.65789349,5109.0,326.55346146669154,0.0,35,32,0,0,32,30,10673,3,0,0,3,2
2020-07-20,US,Arkansas,Poinsett,96,3,0,35.57433534,-90.66268713,5111.0,408.02448146888815,3.125,93,92,3,0,89,90,23974,4,0,0,4,2
2020-07-20,US,Arkansas,Polk,104,0,0,34.48254879,-94.22728802,5113.0,520.9376878381086,0.0,104,103,0,0,103,101,20049,1,0,0,1,2
2020-07-20,US,Arkansas,Pope,875,4,0,35.44871474,-93.03212219,5115.0,1365.6511424647274,0.4571428571428571,871,849,4,0,845,817,64000,26,0,0,26,32
2020-07-20,US,Arkansas,Prairie,49,0,0,34.83624419,-91.55162157,5117.0,607.7896303646737,0.0,49,45,0,0,45,44,8074,4,0,0,4,1
2020-07-20,US,Arkansas,Pulaski,3717,69,0,34.77054088,-92.31355101,5119.0,948.4296179489733,1.8563357546408397,3648,3652,69,0,3583,3578,392680,65,0,0,65,74
2020-07-20,US,Arkansas,Randolph,98,2,0,36.3415714,-91.02455531,5121.0,545.7177859449828,2.0408163265306123,96,97,2,0,95,94,17948,1,0,0,1,3
2020-07-20,US,Arkansas,Saline,594,3,0,34.64916145,-92.67583224,5125.0,485.14746359352165,0.5050505050505051,591,584,3,0,581,578,121421,10,0,0,10,6
2020-07-20,US,Arkansas,Scott,21,0,0,34.85588887,-94.0632176,5127.0,204.2602859644004,0.0,21,20,0,0,20,19,10319,1,0,0,1,1
2020-07-20,US,Arkansas,Searcy,20,0,0,35.9109364,-92.69936482,5129.0,253.7749016622256,0.0,20,19,0,0,19,18,7958,1,0,0,1,1
2020-07-20,US,Arkansas,Sebastian,1166,9,0,35.19605503,-94.27162713,5131.0,912.1703552457616,0.7718696397941681,1157,1144,9,0,1135,1102,127753,22,0,0,22,42
2020-07-20,US,Arkansas,Sevier,861,9,0,33.99780401,-94.2424869,5133.0,5062.621273593227,1.0452961672473868,852,857,9,0,848,846,17139,4,0,0,4,11
2020-07-20,US,Arkansas,Sharp,81,5,0,36.16258158,-91.47819342,5135.0,464.39628482972137,6.172839506172839,76,80,5,0,75,79,17366,1,0,0,1,1
2020-07-20,US,Arkansas,St. Francis,960,3,0,35.02201976,-90.74828138,5123.0,3840.921821237097,0.3125,957,953,3,0,950,942,25439,7,0,0,7,11
2020-07-20,US,Arkansas,Stone,32,1,0,35.86251946,-92.15684085,5137.0,255.877178954102,3.125,31,29,1,0,28,27,12457,3,0,0,3,2
2020-07-20,US,Arkansas,Unassigned,1255,0,0,0.0,0.0,90005.0,0.0,0.0,1255,1203,0,0,1203,1123,,52,0,0,52,80
2020-07-20,US,Arkansas,Union,313,14,0,33.16887091,-92.59746952,5139.0,809.1618840804507,4.472843450479234,299,306,14,0,292,305,39126,7,0,0,7,1
2020-07-20,US,Arkansas,Van Buren,38,2,0,35.58095779,-92.51295036,5141.0,229.6766394681173,5.2631578947368425,36,38,2,0,36,38,16603,0,0,0,0,0
2020-07-20,US,Arkansas,Washington,5234,38,0,35.976844,-94.21800746,5143.0,2188.246016714955,0.7260221627818112,5196,5139,37,0,5102,5059,236961,95,1,0,94,80
2020-07-20,US,Arkansas,White,169,2,0,35.25688493,-91.74908296,5145.0,214.59499955557249,1.183431952662722,167,169,2,0,167,168,78727,0,0,0,0,1
2020-07-20,US,Arkansas,Woodruff,18,0,0,35.18902527,-91.2439489,5147.0,284.81012658227854,0.0,18,18,0,0,18,17,6490,0,0,0,0,1
2020-07-20,US,Arkansas,Yell,916,13,0,35.00292371,-93.41171338,5149.0,4292.2074879340225,1.4192139737991267,903,912,12,0,900,909,21535,4,1,0,3,3
2020-07-20,US,California,Alameda,9256,162,0,37.64629437,-121.8929271,6001.0,553.8107697526938,1.7502160760587726,9094,9237,162,0,9075,9110,1666753,19,0,0,19,127
2020-07-20,US,California,Alpine,2,0,0,38.59678594,-119.8223594,6003.0,177.14791851195747,0.0,2,2,0,0,2,2,1101,0,0,0,0,0
2020-07-20,US,California,Amador,57,0,0,38.44583082,-120.65696,6005.0,143.38901187361643,0.0,57,54,0,0,54,51,39383,3,0,0,3,3
2020-07-20,US,California,Butte,640,5,0,39.66727762,-121.6005252,6007.0,291.9894518810508,0.78125,635,522,4,0,518,522,231256,118,1,0,117,0
2020-07-20,US,California,Calaveras,87,0,0,38.20537103,-120.552913,6009.0,189.5218385796754,0.0,87,87,0,0,87,87,45602,0,0,0,0,0
2020-07-20,US,California,Colusa,223,0,0,39.17881957,-122.2331726,6011.0,1034.9468603517892,0.0,223,173,0,0,173,173,21627,50,0,0,50,0
2020-07-20,US,California,Contra Costa,5731,99,0,37.91923498,-121.9289527,6013.0,496.82451890984686,1.727447216890595,5632,5606,98,0,5508,5538,1150215,125,1,0,124,68
2020-07-20,US,California,Del Norte,66,0,0,41.74228275,-123.89740630000001,6015.0,237.30763699122681,0.0,66,66,0,0,66,66,27828,0,0,0,0,0
2020-07-20,US,California,El Dorado,443,0,0,38.77965956,-120.5233166,6017.0,229.72054987736138,0.0,443,394,0,0,394,394,190678,49,0,0,49,0
2020-07-20,US,California,Fresno,10639,100,0,36.75733899,-119.6466953,6019.0,1064.85730671874,0.9399379640943698,10539,9954,100,0,9854,9954,994400,685,0,0,685,0
2020-07-20,US,California,Glenn,219,1,0,39.59875897,-122.3938452,6021.0,771.3168738773642,0.45662100456620996,218,214,1,0,213,214,28047,5,0,0,5,0
2020-07-20,US,California,Humboldt,189,4,0,40.69923009,-123.876044,6023.0,139.4237153100518,2.1164021164021163,185,181,4,0,177,181,136373,8,0,0,8,0
2020-07-20,US,California,Imperial,8606,163,0,33.0393082,-115.3669042,6025.0,4749.05498992909,1.8940274227283287,8443,8531,161,0,8370,8531,181827,75,2,0,73,0
2020-07-20,US,California,Inyo,40,1,0,36.51112084,-117.41119779999998,6027.0,221.741781695216,2.5,39,37,1,0,36,37,17987,3,0,0,3,0
2020-07-20,US,California,Kern,9234,105,0,35.34329425,-118.7277796,6029.0,1025.7697716734688,1.1371020142949968,9129,8447,105,0,8342,7728,896764,787,0,0,787,719
2020-07-20,US,California,Kings,3398,42,0,36.07409056,-119.8159973,6031.0,2221.786321433242,1.2360211889346675,3356,3247,41,0,3206,3209,151366,151,1,0,150,38
2020-07-20,US,California,Lake,151,1,0,39.10124298,-122.7536244,6033.0,234.52303295747524,0.6622516556291391,150,140,1,0,139,140,64382,11,0,0,11,0
2020-07-20,US,California,Lassen,512,0,0,40.67311306,-120.59350990000002,6035.0,1674.6802734438886,0.0,512,508,0,0,508,491,30802,4,0,0,4,17
2020-07-20,US,California,Los Angeles,159045,4104,0,34.30828379,-118.2282411,6037.0,1584.2544560985355,2.5804017730830897,154941,155917,4096,0,151821,153152,10105518,3128,8,0,3120,2765
2020-07-20,US,California,Madera,1179,11,0,37.21513971,-119.76655890000002,6039.0,749.3945730866286,0.9329940627650553,1168,1179,11,0,1168,1179,157672,0,0,0,0,0
2020-07-20,US,California,Marin,4376,43,0,38.07122463,-122.7210631,6041.0,1690.7111341209925,0.9826325411334552,4333,4314,42,0,4272,4164,259666,62,1,0,61,150
2020-07-20,US,California,Mariposa,38,1,0,37.57978556,-119.9073334,6043.0,220.8917049351857,2.631578947368421,37,37,1,0,36,35,17471,1,0,0,1,2
2020-07-20,US,California,Mendocino,199,3,0,39.4381191,-123.3911313,6045.0,229.397457031205,1.5075376884422111,196,194,2,0,192,185,87606,5,1,0,4,9
2020-07-20,US,California,Merced,2694,22,0,37.18922369,-120.7209035,6047.0,970.1815038893692,0.8166295471417966,2672,2403,15,0,2388,2403,274765,291,7,0,284,0
2020-07-20,US,California,Mono,83,1,0,37.93899289,-118.8872409,6051.0,574.6330656327888,1.2048192771084338,82,76,1,0,75,76,14250,7,0,0,7,0
2020-07-20,US,California,Monterey,3353,19,0,36.21862405,-121.2413397,6053.0,772.4720718977287,0.5666567253206084,3334,3228,18,0,3210,3162,435594,125,1,0,124,66
2020-07-20,US,California,Napa,632,7,0,38.50735751,-122.332839,6055.0,458.8221628528285,1.1075949367088609,625,583,5,0,578,583,139417,49,2,0,47,0
2020-07-20,US,California,Nevada,228,1,0,39.30394768,-120.7627281,6057.0,228.5599719312316,0.43859649122807015,227,204,1,0,203,204,99696,24,0,0,24,0
2020-07-20,US,California,Orange,29986,494,0,33.70147516,-117.76459979999998,6059.0,944.2351462295462,1.6474354698859468,29492,29426,494,0,28932,29011,3185968,560,0,0,560,415
2020-07-20,US,California,Placer,1403,11,0,39.06167234,-120.7240569,6061.0,352.2214049190493,0.7840342124019958,1392,1363,11,0,1352,1280,393149,40,0,0,40,83
2020-07-20,US,California,Plumas,24,0,0,40.00355989,-120.8395236,6063.0,127.6120593396076,0.0,24,23,0,0,23,23,18804,1,0,0,1,0
2020-07-20,US,California,Riverside,29983,588,0,33.74314981,-115.9933578,6065.0,1213.618366142545,1.9611112964012938,29395,28695,587,0,28108,28695,2450758,1288,1,0,1287,0
2020-07-20,US,California,Sacramento,7326,96,0,38.45106826,-121.3425374,6067.0,472.01844260974786,1.3104013104013104,7230,6935,96,0,6839,6693,1540975,391,0,0,391,242
2020-07-20,US,California,San Benito,458,2,0,36.60308176,-121.069975,6069.0,729.2064705133104,0.4366812227074236,456,448,2,0,446,437,61537,10,0,0,10,11
2020-07-20,US,California,San Bernardino,24099,329,0,34.84060306,-116.1774685,6071.0,1105.4156145287914,1.365201875596498,23770,23772,328,0,23444,23566,2171603,327,1,0,326,206
2020-07-20,US,California,San Diego,24135,478,0,33.03484597,-116.7365326,6073.0,722.9662735559398,1.9805262067536773,23657,23682,478,0,23204,23114,3343364,453,0,0,453,568
2020-07-20,US,California,San Francisco,5305,52,0,37.75215114,-122.4385672,6075.0,601.7816366418656,0.9802073515551368,5253,5202,52,0,5150,5116,883305,103,0,0,103,86
2020-07-20,US,California,San Joaquin,8321,94,0,37.93433732,-121.2730061,6077.0,1091.7826983735442,1.1296719144333611,8227,7819,83,0,7736,7819,752660,502,11,0,491,0
2020-07-20,US,California,San Luis Obispo,1306,6,0,35.38822029,-120.4039028,6079.0,461.3031637767519,0.4594180704441042,1300,1213,6,0,1207,1213,284010,93,0,0,93,0
2020-07-20,US,California,San Mateo,4551,114,0,37.4228808,-122.32755459999998,6081.0,593.6812280109002,2.5049439683586026,4437,4465,114,0,4351,4465,769545,86,0,0,86,0
2020-07-20,US,California,Santa Barbara,4991,32,0,34.65329488,-120.0188492,6083.0,1117.8076546644002,0.6411540773392106,4959,4759,32,0,4727,4759,446527,232,0,0,232,0
2020-07-20,US,California,Santa Clara,7795,178,0,37.23104908,-121.6970462,6085.0,404.3360174951189,2.2835150737652343,7617,7456,177,0,7279,7300,1937570,339,1,0,338,156
2020-07-20,US,California,Santa Cruz,772,3,0,37.05580291,-122.0066524,6087.0,282.56342121348547,0.3886010362694301,769,772,3,0,769,772,274255,0,0,0,0,0
2020-07-20,US,California,Shasta,242,7,0,40.76391419,-122.0396884,6089.0,134.38471790315415,2.8925619834710745,235,242,7,0,235,227,180040,0,0,0,0,15
2020-07-20,US,California,Sierra,1,0,0,39.57713498,-120.52007009999998,6091.0,33.277870216306155,0.0,1,1,0,0,1,1,2987,0,0,0,0,0
2020-07-20,US,California,Siskiyou,50,0,0,41.59198861,-122.54074340000001,6093.0,114.83956912193665,0.0,50,44,0,0,44,44,43724,6,0,0,6,0
2020-07-20,US,California,Solano,2759,34,0,38.26827353,-121.9357113,6095.0,616.3393597129856,1.2323305545487495,2725,2554,31,0,2523,2554,446610,205,3,0,202,0
2020-07-20,US,California,Sonoma,2169,20,0,38.52746429,-122.8862506,6097.0,438.7703909891249,0.9220839096357768,2149,2121,19,0,2102,2068,499942,48,1,0,47,53
2020-07-20,US,California,Stanislaus,6508,71,0,37.55862499,-120.9970722,6099.0,1181.8545018704824,1.0909649661954517,6437,6344,63,0,6281,6077,549815,164,8,0,156,267
2020-07-20,US,California,Sutter,539,4,0,39.03417539,-121.6945899,6101.0,555.8362809499747,0.7421150278293135,535,520,4,0,516,491,96807,19,0,0,19,29
2020-07-20,US,California,Tehama,151,1,0,40.12570935,-122.2370171,6103.0,232.00786675680658,0.6622516556291391,150,134,1,0,133,134,63916,17,0,0,17,0
2020-07-20,US,California,Trinity,2,0,0,40.64917670000001,-123.114713,6105.0,16.28001628001628,0.0,2,2,0,0,2,2,12535,0,0,0,0,0
2020-07-20,US,California,Tulare,6896,167,0,36.22026558,-118.8020203,6107.0,1479.2093437295553,2.42169373549884,6729,6683,165,0,6518,6683,465861,213,2,0,211,0
2020-07-20,US,California,Tuolumne,101,0,0,38.02644018,-119.9525093,6109.0,185.39593964536144,0.0,101,85,0,0,85,85,54539,16,0,0,16,0
2020-07-20,US,California,Ventura,5192,57,0,34.44465746,-119.0910613,6111.0,613.7072313907937,1.0978428351309708,5135,5192,57,0,5135,5192,850967,0,0,0,0,0
2020-07-20,US,California,Yolo,1196,34,0,38.68278902,-121.9018288,6113.0,542.4036281179139,2.8428093645484953,1162,1162,32,0,1130,1101,220408,34,2,0,32,61
2020-07-20,US,California,Yuba,289,3,0,39.26255932,-121.3535644,6115.0,367.36665480246086,1.038062283737024,286,257,3,0,254,252,78041,32,0,0,32,5
2020-07-20,US,Colorado,Adams,5133,163,0,39.87432092,-104.3362578,8001.0,992.0354991389992,3.175530878628482,4970,5094,161,0,4933,5058,511868,39,2,0,37,36
2020-07-20,US,Colorado,Alamosa,207,7,0,37.57250606,-105.7885451,8003.0,1275.1801885048974,3.3816425120772946,200,207,7,0,200,207,16683,0,0,0,0,0
2020-07-20,US,Colorado,Arapahoe,6075,352,0,39.64977461,-104.3353617,8005.0,925.2349259050548,5.794238683127572,5723,6032,351,0,5681,5990,651215,43,1,0,42,42
2020-07-20,US,Colorado,Archuleta,19,0,0,37.19474156,-107.04768670000001,8007.0,135.43374438662772,0.0,19,18,0,0,18,18,13765,1,0,0,1,0
2020-07-20,US,Colorado,Baca,14,0,0,37.31940883,-102.5603223,8009.0,390.9522479754258,0.0,14,14,0,0,14,14,3585,0,0,0,0,0
2020-07-20,US,Colorado,Bent,5,0,0,37.95474293,-103.0720195,8011.0,89.65393580778195,0.0,5,5,0,0,5,5,5882,0,0,0,0,0
2020-07-20,US,Colorado,Boulder,1650,74,0,40.09313619,-105.3546767,8013.0,505.83085016370524,4.4848484848484835,1576,1642,74,0,1568,1628,326078,8,0,0,8,14
2020-07-20,US,Colorado,Broomfield,362,31,0,39.95998787,-105.0566324,8014.0,513.7302206769318,8.56353591160221,331,359,30,0,329,358,69267,3,1,0,2,1
2020-07-20,US,Colorado,Chaffee,215,19,0,38.74745778,-106.19265729999998,8015.0,1056.1996462959323,8.837209302325583,196,210,19,0,191,210,20027,5,0,0,5,0
2020-07-20,US,Colorado,Cheyenne,9,0,0,38.82777431,-102.6032558,8017.0,491.53468050245766,0.0,9,7,0,0,7,7,1876,2,0,0,2,0
2020-07-20,US,Colorado,Clear Creek,24,1,0,39.68864463,-105.6463118,8019.0,247.42268041237114,4.166666666666667,23,23,1,0,22,23,9605,1,0,0,1,0
2020-07-20,US,Colorado,Conejos,21,0,0,37.201606,-106.19174879999998,8021.0,255.94149908592323,0.0,21,21,0,0,21,20,8200,0,0,0,0,1
2020-07-20,US,Colorado,Costilla,22,0,0,37.27732493,-105.4276548,8023.0,565.9891947517366,0.0,22,22,0,0,22,22,3828,0,0,0,0,0
2020-07-20,US,Colorado,Crowley,72,1,0,38.32608609,-103.7844965,8025.0,1187.922785018974,1.3888888888888888,71,72,1,0,71,72,5858,0,0,0,0,0
2020-07-20,US,Colorado,Custer,9,0,0,38.10883162,-105.3683478,8027.0,177.5848460931334,0.0,9,8,0,0,8,8,4954,1,0,0,1,0
2020-07-20,US,Colorado,Delta,88,1,0,38.86246243,-107.86313419999999,8029.0,282.395224953469,1.1363636363636365,87,88,1,0,87,86,30953,0,0,0,0,2
2020-07-20,US,Colorado,Denver,8429,398,0,39.76018276,-104.87256950000001,8031.0,1159.0858774138455,4.721793807094555,8031,8371,398,0,7973,8320,716492,58,0,0,58,51
2020-07-20,US,Colorado,Dolores,2,0,0,37.75208676,-108.5211585,8033.0,97.32360097323601,0.0,2,2,0,0,2,2,2074,0,0,0,0,0
2020-07-20,US,Colorado,Douglas,1357,54,0,39.33133796,-104.930001,8035.0,386.4401373756244,3.9793662490788506,1303,1331,54,0,1277,1310,342776,26,0,0,26,21
2020-07-20,US,Colorado,Eagle,850,9,0,39.62754308,-106.6933637,8037.0,1541.8941716400311,1.0588235294117647,841,847,9,0,838,831,54993,3,0,0,3,16
2020-07-20,US,Colorado,El Paso,3604,121,0,38.83240149,-104.5251411,8041.0,500.27554021846106,3.3573806881243065,3483,3517,119,0,3398,3477,713856,87,2,0,85,40
2020-07-20,US,Colorado,Elbert,70,2,0,39.28656773,-104.13587209999999,8039.0,261.8878371805904,2.8571428571428568,68,69,2,0,67,68,26282,1,0,0,1,1
2020-07-20,US,Colorado,Fremont,77,0,0,38.47362326,-105.43996670000001,8043.0,160.95654173373188,0.0,77,74,0,0,74,72,48021,3,0,0,3,2
2020-07-20,US,Colorado,Garfield,528,4,0,39.59921777,-107.902708,8045.0,879.1062419873127,0.7575757575757576,524,519,4,0,515,505,59770,9,0,0,9,14
2020-07-20,US,Colorado,Gilpin,12,0,0,39.85646523,-105.5252597,8047.0,192.21528111484864,0.0,12,12,0,0,12,12,6121,0,0,0,0,0
2020-07-20,US,Colorado,Grand,37,1,0,40.10603347,-106.11780420000001,8049.0,235.15952713868057,2.702702702702702,36,35,1,0,34,35,15525,2,0,0,2,0
2020-07-20,US,Colorado,Gunnison,202,6,0,38.66611652,-107.0320729,8051.0,1156.7976176841141,2.9702970297029703,196,200,6,0,194,199,17246,2,0,0,2,1
2020-07-20,US,Colorado,Hinsdale,3,0,0,37.82247444,-107.3004345,8053.0,365.8536585365854,0.0,3,3,0,0,3,3,811,0,0,0,0,0
2020-07-20,US,Colorado,Huerfano,5,1,0,37.68473101,-104.9612585,8055.0,72.4952878062926,20.0,4,5,1,0,4,5,6889,0,0,0,0,0
2020-07-20,US,Colorado,Jackson,8,0,0,40.66593870000001,-106.3408905,8057.0,574.7126436781608,0.0,8,8,0,0,8,8,1399,0,0,0,0,0
2020-07-20,US,Colorado,Jefferson,3306,218,0,39.58635604,-105.2517692,8059.0,567.1826667879035,6.594071385359952,3088,3282,218,0,3064,3252,580233,24,0,0,24,30
2020-07-20,US,Colorado,Kit Carson,36,3,0,39.30497777,-102.60221990000001,8063.0,507.25658729040435,8.333333333333334,33,36,3,0,33,36,7163,0,0,0,0,0
2020-07-20,US,Colorado,La Plata,165,2,0,37.28632032,-107.8429014,8067.0,293.48464097045587,1.2121212121212122,163,159,2,0,157,157,56310,6,0,0,6,2
2020-07-20,US,Colorado,Lake,61,0,0,39.20278823,-106.35556969999999,8065.0,750.5844715147041,0.0,61,60,0,0,60,60,7824,1,0,0,1,0
2020-07-20,US,Colorado,Larimer,1112,31,0,40.66671597,-105.4625784,8069.0,311.57274186814755,2.787769784172662,1081,1079,31,0,1048,1055,350518,33,0,0,33,24
2020-07-20,US,Colorado,Las Animas,11,0,0,37.3153406,-104.03764579999999,8071.0,75.83069074865574,0.0,11,11,0,0,11,11,14503,0,0,0,0,0
2020-07-20,US,Colorado,Lincoln,6,0,0,38.98749519,-103.51366490000001,8073.0,105.24469391334854,0.0,6,6,0,0,6,6,5610,0,0,0,0,0
2020-07-20,US,Colorado,Logan,643,5,0,40.7249637,-103.110817,8075.0,2869.3828372528887,0.7776049766718507,638,642,5,0,637,642,21528,1,0,0,1,0
2020-07-20,US,Colorado,Mesa,189,0,0,39.01787888,-108.469799,8077.0,122.56014525646843,0.0,189,185,0,0,185,180,153207,4,0,0,4,5
2020-07-20,US,Colorado,Mineral,17,0,0,37.66954283,-106.92816979999999,8079.0,2210.663198959688,0.0,17,17,0,0,17,17,776,0,0,0,0,0
2020-07-20,US,Colorado,Moffat,18,1,0,40.61810999,-108.2070876,8081.0,135.51155612436952,5.5555555555555545,17,18,1,0,17,18,13188,0,0,0,0,0
2020-07-20,US,Colorado,Montezuma,92,3,0,37.33859579,-108.59588570000001,8083.0,351.3730283008058,3.260869565217391,89,90,3,0,87,89,26158,2,0,0,2,1
2020-07-20,US,Colorado,Montrose,235,12,0,38.40214114,-108.26390220000002,8085.0,549.6047523270498,5.1063829787234045,223,234,12,0,222,232,42214,1,0,0,1,2
2020-07-20,US,Colorado,Morgan,665,46,0,40.26279810000001,-103.8093302,8087.0,2287.739094536948,6.917293233082707,619,665,46,0,619,665,28558,0,0,0,0,0
2020-07-20,US,Colorado,Otero,24,1,0,37.9014485,-103.7173385,8089.0,131.3053944632892,4.166666666666667,23,24,1,0,23,24,18432,0,0,0,0,0
2020-07-20,US,Colorado,Ouray,12,1,0,38.14717457,-107.7675136,8091.0,242.3263327948304,8.333333333333334,11,12,1,0,11,12,4833,0,0,0,0,0
2020-07-20,US,Colorado,Park,35,1,0,39.120926000000004,-105.7182065,8093.0,185.72565667285755,2.8571428571428568,34,35,1,0,34,33,18556,0,0,0,0,2
2020-07-20,US,Colorado,Phillips,16,0,0,40.59414277,-102.3577703,8095.0,375.14654161781954,0.0,16,16,0,0,16,16,4286,0,0,0,0,0
2020-07-20,US,Colorado,Pitkin,154,2,0,39.21720112,-106.9310027,8097.0,866.7754826363482,1.2987012987012987,152,155,2,0,153,150,17950,-1,0,0,-1,5
2020-07-20,US,Colorado,Prowers,45,0,0,37.95544985,-102.3926052,8099.0,369.7009530069011,0.0,45,45,0,0,45,44,12164,0,0,0,0,1
2020-07-20,US,Colorado,Pueblo,502,32,0,38.17359144,-104.5127437,8101.0,298.05728399752996,6.374501992031872,470,483,32,0,451,482,167529,19,0,0,19,1
2020-07-20,US,Colorado,Rio Blanco,6,0,0,39.97913541,-108.2179009,8103.0,94.87666034155598,0.0,6,6,0,0,6,6,6336,0,0,0,0,0
2020-07-20,US,Colorado,Rio Grande,84,2,0,37.5836865,-106.3847838,8105.0,745.5400727789117,2.380952380952381,82,84,2,0,82,82,11250,0,0,0,0,2
2020-07-20,US,Colorado,Routt,87,6,0,40.48596505,-106.9905548,8107.0,339.34004212497075,6.896551724137932,81,87,6,0,81,87,25733,0,0,0,0,0
2020-07-20,US,Colorado,Saguache,106,2,0,38.08054629,-106.28246599999999,8109.0,1553.3411488862835,1.8867924528301887,104,106,2,0,104,105,6843,0,0,0,0,1
2020-07-20,US,Colorado,San Juan,2,0,0,37.76248981,-107.67632890000002,8111.0,274.72527472527474,0.0,2,2,0,0,2,2,762,0,0,0,0,0
2020-07-20,US,Colorado,San Miguel,67,0,0,38.00450883,-108.4020725,8113.0,819.1710478053552,0.0,67,66,0,0,66,64,8191,1,0,0,1,2
2020-07-20,US,Colorado,Sedgwick,10,0,0,40.87595412,-102.3519227,8115.0,444.83985765124567,0.0,10,8,0,0,8,5,2303,2,0,0,2,3
2020-07-20,US,Colorado,Summit,306,4,0,39.63803232,-106.1150762,8117.0,986.7466382896392,1.30718954248366,302,306,4,0,302,304,31007,0,0,0,0,2
2020-07-20,US,Colorado,Teller,81,2,0,38.88133511,-105.16148929999999,8119.0,319.0483693083346,2.469135802469136,79,78,2,0,76,71,25083,3,0,0,3,7
2020-07-20,US,Colorado,Washington,46,0,0,39.97015535,-103.202587,8121.0,937.2453137734312,0.0,46,46,0,0,46,46,4909,0,0,0,0,0
2020-07-20,US,Colorado,Weld,3244,139,0,40.55499405,-104.39296209999999,8123.0,999.7164799132182,4.284833538840937,3105,3210,139,0,3071,3189,314305,34,0,0,34,21
2020-07-20,US,Colorado,Yuma,56,0,0,40.00346839,-102.4258673,8125.0,558.9380177662441,0.0,56,56,0,0,56,55,10020,0,0,0,0,1
2020-07-20,US,Connecticut,Fairfield,17112,1399,0,41.26809896,-73.3881171,9001.0,1813.995496813423,8.175549322113138,15713,17069,1395,0,15674,17069,943823,43,4,0,39,0
2020-07-20,US,Connecticut,Hartford,12082,1406,0,41.80283011,-72.73103891,9003.0,1354.9096128829676,11.637146167853006,10676,12046,1403,0,10643,12046,892697,36,3,0,33,0
2020-07-20,US,Connecticut,Litchfield,1524,138,0,41.7937534,-73.2451475,9005.0,845.1032256991232,9.05511811023622,1386,1523,138,0,1385,1523,181111,1,0,0,1,0
2020-07-20,US,Connecticut,Middlesex,1359,189,0,41.45949668,-72.53714864,9007.0,836.6371986505452,13.90728476821192,1170,1357,189,0,1168,1357,162682,2,0,0,2,0
2020-07-20,US,Connecticut,New Haven,12788,1092,0,41.4080325,-72.93620426,9009.0,1496.0977213406852,8.539255552080077,11696,12733,1090,0,11643,12733,857620,55,2,0,53,0
2020-07-20,US,Connecticut,New London,1356,102,0,41.48896435,-72.10430976,9011.0,511.3006493065768,7.5221238938053085,1254,1347,102,0,1245,1347,266784,9,0,0,9,0
2020-07-20,US,Connecticut,Tolland,948,65,0,41.85853803,-72.3308481,9013.0,628.9767185727271,6.856540084388187,883,939,65,0,874,939,150921,9,0,0,9,0
2020-07-20,US,Connecticut,Unassigned,234,0,0,0.0,0.0,90009.0,0.0,0.0,234,228,0,0,228,228,,6,0,0,6,0
2020-07-20,US,Connecticut,Windham,652,15,0,41.82972709,-71.98182316,9015.0,558.3052182699389,2.3006134969325154,637,651,14,0,637,651,117027,1,1,0,0,0
2020-07-20,US,Delaware,Kent,2013,86,0,39.08646628,-75.56884914,10001.0,1113.4711758653875,4.272230501738698,1927,2000,86,0,1914,1995,178550,13,0,0,13,5
2020-07-20,US,Delaware,New Castle,6125,250,0,39.57992638,-75.64054974,10003.0,1096.1909824197812,4.081632653061225,5875,6070,250,0,5820,6028,559335,55,0,0,55,42
2020-07-20,US,Delaware,Sussex,5333,178,0,38.66143781,-75.39031349,10005.0,2276.870530472836,3.3377086067879236,5155,5304,178,0,5126,5264,229286,29,0,0,29,40
2020-07-20,US,Delaware,Unassigned,153,9,0,0.0,0.0,90010.0,0.0,5.882352941176472,144,145,9,0,136,142,,8,0,0,8,3
2020-07-20,US,District of Columbia,District of Columbia,11339,579,0,38.90417773,-77.01655992,11001.0,1606.6618585361084,5.106270394214659,10760,11261,578,0,10683,11194,702455,78,1,0,77,67
2020-07-20,US,Florida,Alachua,2683,14,0,29.67866525,-82.35928158,12001.0,997.2383596674138,0.5218039508013418,2669,2619,13,0,2606,2531,269956,64,1,0,63,88
2020-07-20,US,Florida,Baker,238,4,0,30.33060121,-82.28467476,12003.0,814.7894556658679,1.680672268907563,234,232,4,0,228,220,28355,6,0,0,6,12
2020-07-20,US,Florida,Bay,2105,9,0,30.26548745,-85.62122584,12005.0,1204.8882401762974,0.42755344418052255,2096,2000,9,0,1991,1852,185287,105,0,0,105,148
2020-07-20,US,Florida,Bradford,195,2,0,29.95079741,-82.16611613,12007.0,691.4648416722812,1.0256410256410255,193,190,2,0,188,185,27732,5,0,0,5,5
2020-07-20,US,Florida,Brevard,4303,50,0,28.29409504,-80.73091022,12009.0,714.8529260294182,1.1619800139437602,4253,4222,50,0,4172,4060,596849,81,0,0,81,162
2020-07-20,US,Florida,Broward,40976,512,0,26.15184651,-80.48725556,12011.0,2098.3440001884496,1.2495119094103866,40464,39281,493,0,38788,38131,1951260,1695,19,0,1676,1150
2020-07-20,US,Florida,Calhoun,229,7,0,30.40666734,-85.19394153,12013.0,1623.5377525700103,3.056768558951965,222,222,7,0,215,199,14587,7,0,0,7,23
2020-07-20,US,Florida,Charlotte,1470,82,0,26.90131002,-81.92949121,12015.0,778.1483245990154,5.578231292517007,1388,1431,81,0,1350,1382,184998,39,1,0,38,49
2020-07-20,US,Florida,Citrus,855,17,0,28.84804315,-82.47614748,12017.0,571.3063872722291,1.9883040935672516,838,796,17,0,779,766,147929,59,0,0,59,30
2020-07-20,US,Florida,Clay,2137,43,0,29.98319144,-81.85609986,12019.0,974.6775399996353,2.0121665886757136,2094,2083,42,0,2041,1980,216072,54,1,0,53,103
2020-07-20,US,Florida,Collier,7934,107,0,26.11091986,-81.34687065,12021.0,2061.303916321557,1.3486261658684144,7827,7815,107,0,7708,7577,378488,119,0,0,119,238
2020-07-20,US,Florida,Columbia,1372,5,0,30.22509788,-82.62160164,12023.0,1913.9022961247665,0.3644314868804665,1367,1245,5,0,1240,1181,70503,127,0,0,127,64
2020-07-20,US,Florida,DeSoto,1086,13,0,27.18677893,-81.80941373,12027.0,2857.819531064972,1.1970534069981584,1073,1067,13,0,1054,1055,37489,19,0,0,19,12
2020-07-20,US,Florida,Dixie,190,4,0,29.60631086,-83.15724673,12029.0,1129.2048020920004,2.1052631578947367,186,179,4,0,175,160,16700,11,0,0,11,19
2020-07-20,US,Florida,Duval,17245,98,0,30.33225875,-81.66976468,12031.0,1800.564862621443,0.5682806610611771,17147,16546,94,0,16452,15903,950181,699,4,0,695,643
2020-07-20,US,Florida,Escambia,5900,61,0,30.67652764,-87.37284571,12033.0,1853.5040651428146,1.0338983050847457,5839,5765,58,0,5707,5557,315534,135,3,0,132,208
2020-07-20,US,Florida,Flagler,659,7,0,29.45933576,-81.31508595,12035.0,572.6401404228326,1.0622154779969648,652,650,7,0,643,612,112067,9,0,0,9,38
2020-07-20,US,Florida,Franklin,77,0,0,29.83791238,-84.82731662,12037.0,635.0515463917526,0.0,77,56,0,0,56,52,11736,21,0,0,21,4
2020-07-20,US,Florida,Gadsden,854,10,0,30.57796289,-84.61915825,12039.0,1870.346035917652,1.17096018735363,844,808,10,0,798,779,45894,46,0,0,46,29
2020-07-20,US,Florida,Gilchrist,230,0,0,29.72856978,-82.79880657,12041.0,1237.7569691098913,0.0,230,217,0,0,217,201,18256,13,0,0,13,16
2020-07-20,US,Florida,Glades,286,1,0,26.95635849,-81.18996211,12043.0,2070.81311997683,0.34965034965034963,285,281,1,0,280,264,13724,5,0,0,5,17
2020-07-20,US,Florida,Gulf,178,0,0,29.93543004,-85.24270990000002,12045.0,1305.0810176699174,0.0,178,141,0,0,141,135,16164,37,0,0,37,6
2020-07-20,US,Florida,Hamilton,516,2,0,30.49673973,-82.94998918,12047.0,3576.3792625450515,0.3875968992248062,514,509,2,0,507,505,14310,7,0,0,7,4
2020-07-20,US,Florida,Hardee,710,4,0,27.49293939,-81.80956574,12049.0,2635.7797824553586,0.5633802816901409,706,706,4,0,702,694,27245,4,0,0,4,12
2020-07-20,US,Florida,Hendry,1389,30,0,26.55386945,-81.16469006,12051.0,3305.411451144639,2.159827213822894,1359,1355,30,0,1325,1347,41556,34,0,0,34,8
2020-07-20,US,Florida,Hernando,1207,14,0,28.55364461,-82.42700204,12053.0,622.4216171617162,1.15990057995029,1193,1179,13,0,1166,1110,190865,28,1,0,27,69
2020-07-20,US,Florida,Highlands,778,15,0,27.34254618,-81.34071957,12055.0,732.4352058444188,1.9280205655526992,763,765,15,0,750,708,105424,13,0,0,13,57
2020-07-20,US,Florida,Hillsborough,24135,243,0,27.9276559,-82.32013172,12057.0,1639.6416226439705,1.0068365444375391,23892,23706,235,0,23471,23103,1436888,429,8,0,421,603
2020-07-20,US,Florida,Holmes,313,1,0,30.86747479,-85.81319222,12059.0,1595.5548758729676,0.3194888178913738,312,303,1,0,302,286,19477,10,0,0,10,17
2020-07-20,US,Florida,Indian River,1649,25,0,27.69308961,-80.60556721,12061.0,1031.1212270905373,1.5160703456640388,1624,1585,25,0,1560,1504,157413,64,0,0,64,81
2020-07-20,US,Florida,Jackson,857,12,0,30.7954597,-85.21500423,12063.0,1846.4256474339638,1.4002333722287048,845,831,10,0,821,769,48305,26,2,0,24,62
2020-07-20,US,Florida,Jefferson,113,5,0,30.43669112,-83.89442308,12065.0,793.2051102063738,4.424778761061948,108,113,4,0,109,110,14288,0,1,0,-1,3
2020-07-20,US,Florida,Lafayette,73,0,0,29.98484137,-83.18166636,12067.0,866.7774875326526,0.0,73,73,0,0,73,71,8732,0,0,0,0,2
2020-07-20,US,Florida,Lake,3391,36,0,28.76202069,-81.7125123,12069.0,923.6812142145031,1.0616337363609554,3355,3343,35,0,3308,3206,356495,48,1,0,47,137
2020-07-20,US,Florida,Lee,12906,232,0,26.58410348,-81.88399313,12071.0,1674.848847032808,1.7976135130946846,12674,12711,232,0,12479,12397,754610,195,0,0,195,314
2020-07-20,US,Florida,Leon,3140,11,0,30.45955727,-84.27491114,12073.0,1069.5478605636586,0.3503184713375796,3129,3005,10,0,2995,2884,292502,135,1,0,134,121
2020-07-20,US,Florida,Levy,375,2,0,29.31829741,-82.74007147,12075.0,903.54914102595,0.5333333333333333,373,358,2,0,356,332,40770,17,0,0,17,26
2020-07-20,US,Florida,Liberty,311,2,0,30.23766008,-84.8829258,12077.0,3722.767536509457,0.6430868167202572,309,303,2,0,301,293,8457,8,0,0,8,10
2020-07-20,US,Florida,Madison,451,4,0,30.44396917,-83.47398594,12079.0,2438.760612123507,0.8869179600886918,447,444,4,0,440,431,18529,7,0,0,7,13
2020-07-20,US,Florida,Manatee,6738,144,0,27.47196942,-82.31831044,12081.0,1670.9113137410013,2.1371326803205704,6594,6569,143,0,6426,6280,394855,169,1,0,168,289
2020-07-20,US,Florida,Marion,2550,30,0,29.21227113,-82.05803627,12083.0,697.52365425804,1.1764705882352942,2520,2423,29,0,2394,2259,359977,127,1,0,126,164
2020-07-20,US,Florida,Martin,3152,51,0,27.0772071,-80.43109784,12085.0,1957.7639751552795,1.618020304568528,3101,3108,48,0,3060,3058,160912,44,3,0,41,50
2020-07-20,US,Florida,Miami-Dade,87035,1309,0,25.6112362,-80.55170587,12086.0,3203.420023997585,1.5039926466364106,85726,84238,1302,0,82936,81026,2761581,2797,7,0,2790,3212
2020-07-20,US,Florida,Monroe,894,6,0,25.20904673,-81.07812416,12087.0,1204.3972624885491,0.6711409395973155,888,859,6,0,853,810,75027,35,0,0,35,49
2020-07-20,US,Florida,Nassau,784,4,0,30.61037141,-81.80297522,12089.0,884.6262341325812,0.5102040816326531,780,745,4,0,741,682,85832,39,0,0,39,63
2020-07-20,US,Florida,Okaloosa,1973,15,0,30.69143028,-86.59267105,12091.0,936.2336170980079,0.7602635580334516,1958,1813,15,0,1798,1753,207269,160,0,0,160,60
2020-07-20,US,Florida,Okeechobee,662,2,0,27.386336199999995,-80.88944347,12093.0,1569.9108328590396,0.3021148036253776,660,651,2,0,649,633,41537,11,0,0,11,18
2020-07-20,US,Florida,Orange,23584,119,0,28.51367621,-81.31799498,12095.0,1692.4874340845608,0.5045793758480326,23465,23259,120,0,23139,22518,1380645,325,-1,0,326,741
2020-07-20,US,Florida,Osceola,6268,38,0,28.06312234,-81.14882926,12097.0,1668.1259663979606,0.6062539885130823,6230,6010,38,0,5972,5725,367990,258,0,0,258,285
2020-07-20,US,Florida,Palm Beach,26426,685,0,26.64676272,-80.46536002,12099.0,1765.5351189561522,2.592144100507076,25741,25785,679,0,25106,25045,1485941,641,6,0,635,740
2020-07-20,US,Florida,Pasco,5050,56,0,28.30810945,-82.40227529,12101.0,911.6395611854564,1.1089108910891092,4994,4943,44,0,4899,4769,539630,107,12,0,95,174
2020-07-20,US,Florida,Pinellas,13705,323,0,27.93130349,-82.72239666,12103.0,1405.6467923970968,2.3568040860999635,13382,13482,314,0,13168,13019,975280,223,9,0,214,463
2020-07-20,US,Florida,Polk,9877,176,0,27.95027105,-81.69732947,12105.0,1362.7639949943225,1.781917586311633,9701,9524,174,0,9350,9030,708009,353,2,0,351,494
2020-07-20,US,Florida,Putnam,984,8,0,29.60779729,-81.74230285,12107.0,1320.4331664899828,0.8130081300813008,976,962,8,0,954,926,74163,22,0,0,22,36
2020-07-20,US,Florida,Santa Rosa,1976,15,0,30.69341450000001,-87.02458128,12113.0,1072.0893263090504,0.7591093117408907,1961,1909,15,0,1894,1822,179349,67,0,0,67,87
2020-07-20,US,Florida,Sarasota,4338,107,0,27.18546175,-82.33174248,12115.0,1000.1337200455572,2.466574458275703,4231,4245,106,0,4139,4065,426718,93,1,0,92,180
2020-07-20,US,Florida,Seminole,5411,45,0,28.7158582,-81.24060348,12117.0,1146.8210738704522,0.8316392533727592,5366,5329,43,0,5286,5150,467832,82,2,0,80,179
2020-07-20,US,Florida,St. Johns,2541,16,0,29.90096506,-81.43589967,12109.0,960.0562205295613,0.6296733569460842,2525,2431,16,0,2415,2326,254261,110,0,0,110,105
2020-07-20,US,Florida,St. Lucie,3706,81,0,27.37763908,-80.47106649,12111.0,1128.8558835444735,2.1856449001619,3625,3627,80,0,3547,3500,321128,79,1,0,78,127
2020-07-20,US,Florida,Sumter,843,21,0,28.70181754,-82.0794267,12119.0,636.6107838695061,2.491103202846975,822,827,21,0,806,787,128754,16,0,0,16,40
2020-07-20,US,Florida,Suwannee,895,22,0,30.19746066,-82.99099670000003,12121.0,2014.9942589549048,2.4581005586592184,873,882,22,0,860,878,44191,13,0,0,13,4
2020-07-20,US,Florida,Taylor,214,2,0,30.04848048,-83.60445406,12123.0,992.1646807918773,0.9345794392523364,212,206,2,0,204,200,21623,8,0,0,8,6
2020-07-20,US,Florida,Unassigned,404,0,0,0.0,0.0,90012.0,0.0,0.0,404,388,0,0,388,401,,16,0,0,16,-13
2020-07-20,US,Florida,Union,142,3,0,30.04412971,-82.37497443,12125.0,931.9419833300516,2.112676056338028,139,142,3,0,139,141,14940,0,0,0,0,1
2020-07-20,US,Florida,Volusia,5297,85,0,29.05858895,-81.18263252,12127.0,957.3745129083801,1.6046818954124975,5212,5188,82,0,5106,4959,547538,109,3,0,106,229
2020-07-20,US,Florida,Wakulla,297,1,0,30.16548905,-84.39895211,12129.0,880.2869083256766,0.3367003367003367,296,279,1,0,278,258,32461,18,0,0,18,21
2020-07-20,US,Florida,Walton,822,11,0,30.64204028,-86.16935664,12131.0,1109.7460544612602,1.338199513381995,811,791,11,0,780,766,71375,31,0,0,31,25
2020-07-20,US,Florida,Washington,310,13,0,30.61359259,-85.66002461,12133.0,1216.9748361009695,4.193548387096774,297,297,13,0,284,251,24880,13,0,0,13,46
2020-07-20,US,Georgia,Appling,437,15,0,31.74847232,-82.28909114,13001.0,2376.808441205265,3.432494279176201,422,417,15,0,402,411,18507,20,0,0,20,6
2020-07-20,US,Georgia,Atkinson,228,2,0,31.29633502,-82.87545866,13003.0,2792.4066135946114,0.8771929824561403,226,227,2,0,225,226,8297,1,0,0,1,1
2020-07-20,US,Georgia,Bacon,345,5,0,31.55456473,-82.45936528,13005.0,3090.290218559656,1.4492753623188406,340,345,5,0,340,339,11185,0,0,0,0,6
2020-07-20,US,Georgia,Baker,45,3,0,31.32669878,-84.44218806,13007.0,1481.2376563528635,6.666666666666668,42,45,3,0,42,45,3092,0,0,0,0,0
2020-07-20,US,Georgia,Baldwin,745,35,0,33.06882326,-83.24701748,13009.0,1659.612385832034,4.697986577181208,710,738,35,0,703,730,44823,7,0,0,7,8
2020-07-20,US,Georgia,Banks,188,3,0,34.35607081,-83.49644388,13011.0,977.4357907871477,1.5957446808510638,185,185,3,0,182,182,18988,3,0,0,3,3
2020-07-20,US,Georgia,Barrow,771,30,0,33.99148694,-83.71436292,13013.0,926.2373858721768,3.891050583657588,741,760,30,0,730,745,80809,11,0,0,11,15
2020-07-20,US,Georgia,Bartow,1142,46,0,34.23732119,-84.83887523,13015.0,1059.9788375503538,4.028021015761821,1096,1138,46,0,1092,1131,106408,4,0,0,4,7
2020-07-20,US,Georgia,Ben Hill,266,1,0,31.76095874,-83.22145359,13017.0,1592.814371257485,0.3759398496240601,265,266,1,0,265,265,16787,0,0,0,0,1
2020-07-20,US,Georgia,Berrien,202,0,0,31.27590016,-83.22529920000002,13019.0,1041.3981543537661,0.0,202,201,0,0,201,200,19252,1,0,0,1,1
2020-07-20,US,Georgia,Bibb,2248,44,0,32.80904227,-83.70489165,13021.0,1467.7557309723886,1.9572953736654803,2204,2201,44,0,2157,2152,153095,47,0,0,47,49
2020-07-20,US,Georgia,Bleckley,103,1,0,32.43829035,-83.33035166,13023.0,800.1242911520236,0.9708737864077671,102,103,1,0,102,103,12838,0,0,0,0,0
2020-07-20,US,Georgia,Brantley,174,3,0,31.19576557,-81.97743999,13025.0,910.5657020252237,1.7241379310344829,171,171,3,0,168,169,18897,3,0,0,3,2
2020-07-20,US,Georgia,Brooks,282,12,0,30.83922642,-83.58303423,13027.0,1824.4161221453064,4.25531914893617,270,271,12,0,259,261,15513,11,0,0,11,10
2020-07-20,US,Georgia,Bryan,372,5,0,32.00979311,-81.44002948,13029.0,938.7538799303503,1.3440860215053765,367,363,5,0,358,342,38109,9,0,0,9,21
2020-07-20,US,Georgia,Bulloch,803,7,0,32.39577406,-81.74811421,13031.0,1008.692593709175,0.8717310087173101,796,791,7,0,784,779,77296,12,0,0,12,12
2020-07-20,US,Georgia,Burke,252,7,0,33.05917989,-81.99928721,13033.0,1125.8544431041416,2.7777777777777777,245,245,7,0,238,247,22423,7,0,0,7,-2
2020-07-20,US,Georgia,Butts,375,35,0,33.283094500000004,-83.95435040000002,13035.0,1503.8498556304141,9.333333333333334,340,364,35,0,329,363,24193,11,0,0,11,1
2020-07-20,US,Georgia,Calhoun,177,6,0,31.53169785,-84.62725131,13037.0,2859.912748424624,3.3898305084745757,171,177,6,0,171,175,6352,0,0,0,0,2
2020-07-20,US,Georgia,Camden,394,3,0,30.92951916,-81.66601818,13039.0,720.7404968353273,0.7614213197969543,391,379,3,0,376,355,53677,15,0,0,15,24
2020-07-20,US,Georgia,Candler,139,0,0,32.40209349,-82.07702563,13043.0,1286.6796260298065,0.0,139,127,0,0,127,125,10836,12,0,0,12,2
2020-07-20,US,Georgia,Carroll,1373,42,0,33.58138199,-85.07976677,13045.0,1144.2429495299687,3.0589949016751636,1331,1359,42,0,1317,1325,118121,14,0,0,14,34
2020-07-20,US,Georgia,Catoosa,395,8,0,34.89872298,-85.13757014,13047.0,584.4924533885768,2.0253164556962027,387,390,8,0,382,388,67420,5,0,0,5,2
2020-07-20,US,Georgia,Charlton,194,2,0,30.78371028,-82.13951596,13049.0,1448.626045400239,1.0309278350515465,192,186,2,0,184,182,12968,8,0,0,8,4
2020-07-20,US,Georgia,Chatham,3483,40,0,32.00043026,-81.12489526,13051.0,1203.3997857858549,1.1484352569623888,3443,3392,40,0,3352,3264,289195,91,0,0,91,128
2020-07-20,US,Georgia,Chattahoochee,502,1,0,32.34341231,-84.78809239,13053.0,4602.548821857523,0.199203187250996,501,495,1,0,494,494,10684,7,0,0,7,1
2020-07-20,US,Georgia,Chattooga,93,2,0,34.47197698,-85.34535662,13055.0,375.16640445358826,2.150537634408602,91,93,2,0,91,93,24790,0,0,0,0,0
2020-07-20,US,Georgia,Cherokee,2125,49,0,34.24393976,-84.47431861,13057.0,821.1830445989343,2.3058823529411763,2076,2110,49,0,2061,2086,254149,15,0,0,15,24
2020-07-20,US,Georgia,Clarke,1255,15,0,33.95436462,-83.37124007,13059.0,977.9398586467807,1.195219123505976,1240,1238,15,0,1223,1205,127330,17,0,0,17,33
2020-07-20,US,Georgia,Clay,65,2,0,31.62221166,-84.97713865,13061.0,2293.577981651376,3.0769230769230766,63,65,2,0,63,65,2887,0,0,0,0,0
2020-07-20,US,Georgia,Clayton,3455,85,0,33.54187245,-84.35594188,13063.0,1182.1827438957625,2.4602026049204047,3370,3411,85,0,3326,3331,289615,44,0,0,44,80
2020-07-20,US,Georgia,Clinch,132,4,0,30.91395822,-82.70432472,13065.0,1994.5602901178604,3.0303030303030303,128,131,4,0,127,128,6648,1,0,0,1,3
2020-07-20,US,Georgia,Cobb,8510,264,0,33.94243204,-84.5761255,13067.0,1119.529139988502,3.1022326674500587,8246,8370,264,0,8106,8223,756865,140,0,0,140,147
2020-07-20,US,Georgia,Coffee,1055,18,0,31.54892966,-82.85492059999999,13069.0,2438.00984447577,1.7061611374407584,1037,1049,18,0,1031,1034,43093,6,0,0,6,15
2020-07-20,US,Georgia,Colquitt,1360,20,0,31.18810588,-83.7677946,13071.0,2982.456140350877,1.4705882352941178,1340,1360,20,0,1340,1339,45592,0,0,0,0,21
2020-07-20,US,Georgia,Columbia,1242,14,0,33.54534185,-82.263524,13073.0,792.5265132662047,1.1272141706924317,1228,1205,14,0,1191,1186,154291,37,0,0,37,19
2020-07-20,US,Georgia,Cook,295,4,0,31.16068491,-83.42947229,13075.0,1708.1644470179501,1.3559322033898304,291,289,4,0,285,284,17162,6,0,0,6,5
2020-07-20,US,Georgia,Coweta,1019,16,0,33.35334302,-84.76129976,13077.0,686.1537011224908,1.5701668302257117,1003,1010,16,0,994,988,145864,9,0,0,9,22
2020-07-20,US,Georgia,Crawford,68,0,0,32.71391813,-83.98061238,13079.0,548.2102547565302,0.0,68,67,0,0,67,67,12318,1,0,0,1,0
2020-07-20,US,Georgia,Crisp,339,13,0,31.92289565,-83.76811843,13081.0,1515.28696585017,3.834808259587021,326,337,13,0,324,335,22601,2,0,0,2,2
2020-07-20,US,Georgia,Dade,87,1,0,34.854916700000004,-85.50490424,13083.0,539.8361876396128,1.1494252873563218,86,87,1,0,86,87,16226,0,0,0,0,0
2020-07-20,US,Georgia,Dawson,202,3,0,34.44244079,-84.16964071,13085.0,773.7092079056227,1.4851485148514851,199,202,3,0,199,199,25083,0,0,0,0,3
2020-07-20,US,Georgia,DeKalb,9800,188,0,33.76944049,-84.22396017,13089.0,1290.667551695845,1.9183673469387756,9612,9732,188,0,9544,9597,756558,68,0,0,68,135
2020-07-20,US,Georgia,Decatur,383,8,0,30.87967778,-84.57619536,13087.0,1450.5377973034388,2.0887728459530033,375,377,8,0,369,365,26575,6,0,0,6,12
2020-07-20,US,Georgia,Dodge,168,2,0,32.17265114,-83.16948926,13091.0,815.3360834748848,1.1904761904761905,166,167,2,0,165,165,20705,1,0,0,1,2
2020-07-20,US,Georgia,Dooly,224,14,0,32.15630737,-83.79746561,13093.0,1672.8902165795369,6.25,210,224,14,0,210,224,13706,0,0,0,0,0
2020-07-20,US,Georgia,Dougherty,2317,158,0,31.53328528,-84.21722377,13095.0,2634.271681295193,6.819162710401382,2159,2305,158,0,2147,2290,91243,12,0,0,12,15
2020-07-20,US,Georgia,Douglas,1750,41,0,33.70291126,-84.77026156,13097.0,1195.8207772151725,2.342857142857143,1709,1733,41,0,1692,1692,145331,17,0,0,17,41
2020-07-20,US,Georgia,Early,327,31,0,31.32155345,-84.90255207,13099.0,3209.028459273798,9.48012232415902,296,327,31,0,296,327,10247,0,0,0,0,0
2020-07-20,US,Georgia,Echols,209,0,0,30.71101099,-82.89687287,13101.0,5217.1742386420365,0.0,209,208,0,0,208,206,4000,1,0,0,1,2
2020-07-20,US,Georgia,Effingham,419,1,0,32.36616021,-81.34280942,13103.0,651.6735100161752,0.2386634844868735,418,400,1,0,399,393,62190,19,0,0,19,7
2020-07-20,US,Georgia,Elbert,235,0,0,34.11302332,-82.83936148,13105.0,1224.340939877045,0.0,235,235,0,0,235,228,19120,0,0,0,0,7
2020-07-20,US,Georgia,Emanuel,260,3,0,32.59221302,-82.30239915,13107.0,1148.105625717566,1.1538461538461535,257,259,3,0,256,256,22612,1,0,0,1,3
2020-07-20,US,Georgia,Evans,100,0,0,32.15328841,-81.8870105,13109.0,938.6146048432512,0.0,100,93,0,0,93,86,10721,7,0,0,7,7
2020-07-20,US,Georgia,Fannin,193,2,0,34.86430205,-84.316964,13111.0,736.9787689017871,1.0362694300518134,191,190,2,0,188,173,25964,3,0,0,3,17
2020-07-20,US,Georgia,Fayette,669,20,0,33.41357794,-84.49089434,13113.0,584.68288163886,2.989536621823617,649,654,20,0,634,629,113459,15,0,0,15,25
2020-07-20,US,Georgia,Floyd,867,15,0,34.26268279,-85.21577392,13115.0,880.2209181912323,1.7301038062283738,852,860,15,0,845,853,97927,7,0,0,7,7
2020-07-20,US,Georgia,Forsyth,1383,16,0,34.22604035,-84.12315129999998,13117.0,566.2184956520315,1.1569052783803326,1367,1372,16,0,1356,1355,236612,11,0,0,11,17
2020-07-20,US,Georgia,Franklin,294,3,0,34.37525597,-83.23159927,13119.0,1259.1545676474366,1.020408163265306,291,292,3,0,289,289,23023,2,0,0,2,3
2020-07-20,US,Georgia,Fulton,13379,340,0,33.79216944,-84.46319413,13121.0,1257.4992692236474,2.541296060991105,13039,13117,339,0,12778,12872,1050114,262,1,0,261,245
2020-07-20,US,Georgia,Gilmer,360,2,0,34.69316688,-84.45802506,13123.0,1147.6298256240234,0.5555555555555556,358,354,2,0,352,347,30816,6,0,0,6,7
2020-07-20,US,Georgia,Glascock,17,0,0,33.22879932,-82.61297636,13125.0,572.1979131605519,0.0,17,17,0,0,17,17,2995,0,0,0,0,0
2020-07-20,US,Georgia,Glynn,1858,12,0,31.23279254,-81.53811412,13127.0,2178.3989119729868,0.6458557588805167,1846,1834,12,0,1822,1801,85219,24,0,0,24,33
2020-07-20,US,Georgia,Gordon,685,19,0,34.50487351,-84.87296253,13129.0,1181.7883822438453,2.7737226277372264,666,679,19,0,660,670,57685,6,0,0,6,9
2020-07-20,US,Georgia,Grady,289,4,0,30.87454847,-84.23418364,13131.0,1173.222912353347,1.3840830449826989,285,286,4,0,282,281,24748,3,0,0,3,5
2020-07-20,US,Georgia,Greene,165,10,0,33.5769205,-83.17139104,13133.0,900.4584151931892,6.0606060606060606,155,161,10,0,151,159,17698,4,0,0,4,2
2020-07-20,US,Georgia,Gwinnett,13614,199,0,33.96044201,-84.02137802,13135.0,1454.0987983978641,1.4617305714705449,13415,13444,198,0,13246,13234,927781,170,1,0,169,210
2020-07-20,US,Georgia,Habersham,855,41,0,34.63331566,-83.53094677,13137.0,1886.2513236851394,4.795321637426902,814,854,41,0,813,850,45388,1,0,0,1,4
2020-07-20,US,Georgia,Hall,4420,66,0,34.32207823,-83.81896936,13139.0,2161.992946620296,1.493212669683258,4354,4394,66,0,4328,4358,202148,26,0,0,26,36
2020-07-20,US,Georgia,Hancock,244,33,0,33.2721566,-82.99766919,13141.0,2885.1838713491784,13.524590163934429,211,242,33,0,209,240,8348,2,0,0,2,2
2020-07-20,US,Georgia,Haralson,135,6,0,33.79602175,-85.21005667,13143.0,453.14178302900115,4.4444444444444455,129,134,6,0,128,132,29533,1,0,0,1,2
2020-07-20,US,Georgia,Harris,511,13,0,32.73709786,-84.90538572,13145.0,1450.2213645135653,2.5440313111545994,498,504,13,0,491,495,34475,7,0,0,7,9
2020-07-20,US,Georgia,Hart,158,0,0,34.34626973,-82.96567682,13147.0,602.9383705399732,0.0,158,152,0,0,152,143,26099,6,0,0,6,9
2020-07-20,US,Georgia,Heard,102,3,0,33.29686567,-85.12886832,13149.0,855.4893902541305,2.9411764705882355,99,101,3,0,98,97,11879,1,0,0,1,4
2020-07-20,US,Georgia,Henry,2213,34,0,33.4533428,-84.14814659999998,13151.0,943.4645998269107,1.5363759602349751,2179,2163,34,0,2129,2098,230220,50,0,0,50,65
2020-07-20,US,Georgia,Houston,1239,33,0,32.45802497,-83.66879087,13153.0,784.8577564090382,2.6634382566585955,1206,1217,33,0,1184,1190,155469,22,0,0,22,27
2020-07-20,US,Georgia,Irwin,109,1,0,31.60213036,-83.27501387,13155.0,1157.6040781648258,0.9174311926605504,108,109,1,0,108,109,9398,0,0,0,0,0
2020-07-20,US,Georgia,Jackson,631,12,0,34.13794553,-83.56814788,13157.0,864.6559875029117,1.901743264659271,619,618,12,0,606,609,70422,13,0,0,13,9
2020-07-20,US,Georgia,Jasper,103,1,0,33.31535543,-83.68844964,13159.0,724.3828679935298,0.9708737864077671,102,102,1,0,101,101,14040,1,0,0,1,1
2020-07-20,US,Georgia,Jeff Davis,216,3,0,31.80405727,-82.63724870000001,13161.0,1429.0439960304334,1.3888888888888888,213,210,3,0,207,207,15029,6,0,0,6,3
2020-07-20,US,Georgia,Jefferson,295,5,0,33.05867328,-82.41609057,13163.0,1920.3228746257,1.6949152542372878,290,284,5,0,279,276,15430,11,0,0,11,8
2020-07-20,US,Georgia,Jenkins,193,14,0,32.79248718,-81.96040187,13165.0,2224.527431996312,7.253886010362693,179,189,14,0,175,187,8683,4,0,0,4,2
2020-07-20,US,Georgia,Johnson,155,2,0,32.70211082,-82.66166794,13167.0,1607.3835943171216,1.2903225806451613,153,153,2,0,151,150,9708,2,0,0,2,3
2020-07-20,US,Georgia,Jones,187,1,0,33.02512137,-83.56019163,13169.0,650.7743170349747,0.5347593582887701,186,184,1,0,183,176,28616,3,0,0,3,8
2020-07-20,US,Georgia,Lamar,166,7,0,33.07841647,-84.14263877,13171.0,870.1577816218482,4.216867469879518,159,165,7,0,158,164,19000,1,0,0,1,1
2020-07-20,US,Georgia,Lanier,184,3,0,31.03828570000001,-83.06472457,13173.0,1765.3266813777225,1.6304347826086956,181,181,3,0,178,176,10340,3,0,0,3,5
2020-07-20,US,Georgia,Laurens,492,1,0,32.46325233,-82.92221316,13175.0,1034.7873638160938,0.2032520325203252,491,477,1,0,476,463,47325,15,0,0,15,14
2020-07-20,US,Georgia,Lee,449,22,0,31.779330600000005,-84.14324253,13177.0,1497.065884235796,4.89977728285078,427,448,22,0,426,446,29764,1,0,0,1,2
2020-07-20,US,Georgia,Liberty,377,2,0,31.82588896,-81.49251135,13179.0,613.6567103442662,0.5305039787798409,375,363,2,0,361,346,61497,14,0,0,14,17
2020-07-20,US,Georgia,Lincoln,88,2,0,33.79201475,-82.45024131,13181.0,1110.9708370155283,2.272727272727273,86,86,2,0,84,86,7915,2,0,0,2,0
2020-07-20,US,Georgia,Long,83,1,0,31.75218791,-81.74952375,13183.0,424.3570734700138,1.2048192771084338,82,81,1,0,80,81,18998,2,0,0,2,0
2020-07-20,US,Georgia,Lowndes,2248,19,0,30.83568832,-83.27056716,13185.0,1914.723267976083,0.8451957295373665,2229,2211,19,0,2192,2180,116321,37,0,0,37,31
2020-07-20,US,Georgia,Lumpkin,204,4,0,34.57286511,-84.00425681,13187.0,606.9622136268968,1.96078431372549,200,204,4,0,200,203,32955,0,0,0,0,1
2020-07-20,US,Georgia,Macon,150,10,0,32.35207048,-84.04234127,13193.0,1158.5695527921525,6.666666666666668,140,150,10,0,140,150,13143,0,0,0,0,0
2020-07-20,US,Georgia,Madison,228,4,0,34.12920917,-83.21218732,13195.0,763.0522088353414,1.7543859649122806,224,225,4,0,221,217,29650,3,0,0,3,8
2020-07-20,US,Georgia,Marion,111,3,0,32.3483402,-84.52733571,13197.0,1327.9100370857761,2.702702702702702,108,111,3,0,108,109,8351,0,0,0,0,2
2020-07-20,US,Georgia,McDuffie,201,8,0,33.47851918,-82.48252774,13189.0,943.1306306306308,3.9800995024875614,193,197,8,0,189,195,21531,4,0,0,4,2
2020-07-20,US,Georgia,McIntosh,103,1,0,31.49683595,-81.40163426,13191.0,716.3722353595772,0.9708737864077671,102,102,1,0,101,101,14340,1,0,0,1,1
2020-07-20,US,Georgia,Meriwether,282,4,0,33.04163534,-84.68859732,13199.0,1332.2624840553692,1.4184397163120568,278,282,4,0,278,280,21068,0,0,0,0,2
2020-07-20,US,Georgia,Miller,72,0,0,31.16568912,-84.73151117,13201.0,1259.1815320041976,0.0,72,72,0,0,72,69,5686,0,0,0,0,3
2020-07-20,US,Georgia,Mitchell,522,41,0,31.22483255,-84.19381821,13205.0,2387.595480949549,7.8544061302682,481,522,41,0,481,522,22192,0,0,0,0,0
2020-07-20,US,Georgia,Monroe,306,20,0,33.014289,-83.92097166,13207.0,1109.5801000797735,6.5359477124183005,286,300,20,0,280,293,27520,6,0,0,6,7
2020-07-20,US,Georgia,Montgomery,86,0,0,32.17201038,-82.53527476,13209.0,937.6362843436548,0.0,86,78,0,0,78,72,9193,8,0,0,8,6
2020-07-20,US,Georgia,Morgan,115,0,0,33.59232073,-83.49129491,13211.0,596.5968043162483,0.0,115,107,0,0,107,102,18853,8,0,0,8,5
2020-07-20,US,Georgia,Murray,391,2,0,34.78897608,-84.74993177,13213.0,975.1596169193933,0.5115089514066496,389,382,2,0,380,371,39921,9,0,0,9,11
2020-07-20,US,Georgia,Muscogee,3435,64,0,32.50931999,-84.87142262,13215.0,1754.618964187384,1.8631732168850077,3371,3382,64,0,3318,3321,194160,53,0,0,53,61
2020-07-20,US,Georgia,Newton,1202,19,0,33.55514538,-83.84547140000002,13217.0,1075.6729667812142,1.5806988352745424,1183,1177,19,0,1158,1144,109541,25,0,0,25,33
2020-07-20,US,Georgia,Oconee,294,14,0,33.83749973,-83.43679568,13219.0,729.8907646474678,4.761904761904762,280,289,14,0,275,283,39272,5,0,0,5,6
2020-07-20,US,Georgia,Oglethorpe,140,8,0,33.878629600000004,-83.08278123,13221.0,917.4913166000392,5.7142857142857135,132,137,7,0,130,137,15054,3,1,0,2,0
2020-07-20,US,Georgia,Out of GA,12787,63,0,0.0,0.0,80013.0,0.0,0.4926878861343552,12724,12329,63,0,12266,11531,,458,0,0,458,798
2020-07-20,US,Georgia,Paulding,1057,16,0,33.91969522,-84.86848792,13223.0,626.6786034019696,1.5137180700094608,1041,1043,16,0,1027,1003,164044,14,0,0,14,40
2020-07-20,US,Georgia,Peach,201,10,0,32.56934316,-83.82937,13225.0,729.6885210193857,4.975124378109452,191,195,10,0,185,193,27297,6,0,0,6,2
2020-07-20,US,Georgia,Pickens,166,5,0,34.46589159,-84.46406611,13227.0,509.3430701727471,3.0120481927710845,161,166,5,0,161,162,31980,0,0,0,0,4
2020-07-20,US,Georgia,Pierce,314,5,0,31.35928155,-82.21598442,13229.0,1613.1518109427177,1.5923566878980893,309,312,5,0,307,309,19389,2,0,0,2,3
2020-07-20,US,Georgia,Pike,141,3,0,33.09310242,-84.38790389,13231.0,743.5924480540027,2.127659574468085,138,140,3,0,137,140,18634,1,0,0,1,0
2020-07-20,US,Georgia,Polk,417,2,0,34.00267074,-85.18677781,13233.0,978.5746133808932,0.4796163069544365,415,415,2,0,413,410,42470,2,0,0,2,5
2020-07-20,US,Georgia,Pulaski,70,2,0,32.23334561,-83.47549959999998,13235.0,628.5355122564425,2.8571428571428568,68,70,2,0,68,70,11069,0,0,0,0,0
2020-07-20,US,Georgia,Putnam,274,13,0,33.32056115,-83.37552891,13237.0,1238.75401238754,4.744525547445256,261,272,13,0,259,265,21809,2,0,0,2,7
2020-07-20,US,Georgia,Quitman,24,1,0,31.86728114,-85.01773177,13239.0,1043.9321444106133,4.166666666666667,23,24,1,0,23,24,2279,0,0,0,0,0
2020-07-20,US,Georgia,Rabun,118,3,0,34.88389445,-83.40304637,13241.0,688.5685942697087,2.5423728813559316,115,118,3,0,115,116,16867,0,0,0,0,2
2020-07-20,US,Georgia,Randolph,223,25,0,31.76622818,-84.75732369,13243.0,3290.056063735615,11.210762331838565,198,223,25,0,198,223,6833,0,0,0,0,0
2020-07-20,US,Georgia,Richmond,2305,63,0,33.35777107,-82.07026432,13245.0,1138.1704342330065,2.733188720173536,2242,2208,63,0,2145,2156,201554,97,0,0,97,52
2020-07-20,US,Georgia,Rockdale,895,11,0,33.65145002,-84.02202167,13247.0,984.6417884175321,1.2290502793296092,884,865,11,0,854,840,90594,30,0,0,30,25
2020-07-20,US,Georgia,Schley,31,1,0,32.2654021,-84.31258912,13249.0,589.6899372265551,3.2258064516129035,30,31,1,0,30,31,5236,0,0,0,0,0
2020-07-20,US,Georgia,Screven,136,8,0,32.74976524,-81.60779441,13251.0,973.7934984963484,5.882352941176472,128,135,8,0,127,133,13938,1,0,0,1,2
2020-07-20,US,Georgia,Seminole,71,2,0,30.93464824,-84.86823924,13253.0,877.6266996291719,2.8169014084507036,69,71,2,0,69,66,8315,0,0,0,0,5
2020-07-20,US,Georgia,Spalding,659,33,0,33.26310031,-84.28013991,13255.0,987.9615609492827,5.007587253414264,626,652,33,0,619,639,66100,7,0,0,7,13
2020-07-20,US,Georgia,Stephens,403,6,0,34.55151201,-83.29405315,13257.0,1554.484088717454,1.488833746898263,397,402,6,0,396,395,26035,1,0,0,1,7
2020-07-20,US,Georgia,Stewart,233,4,0,32.07996777,-84.83208037,13259.0,3519.105875245431,1.7167381974248928,229,233,4,0,229,231,6199,0,0,0,0,2
2020-07-20,US,Georgia,Sumter,668,52,0,32.03650571,-84.19821492,13261.0,2262.566047960981,7.7844311377245505,616,665,52,0,613,664,29733,3,0,0,3,1
2020-07-20,US,Georgia,Talbot,106,3,0,32.69642758,-84.53351366,13263.0,1711.0573042776432,2.830188679245283,103,106,3,0,103,105,6272,0,0,0,0,1
2020-07-20,US,Georgia,Taliaferro,2,0,0,33.56543317,-82.88136816,13265.0,130.1236174365647,0.0,2,2,0,0,2,2,1608,0,0,0,0,0
2020-07-20,US,Georgia,Tattnall,267,0,0,32.04785085,-82.05539188,13267.0,1055.920272087321,0.0,267,263,0,0,263,255,25391,4,0,0,4,8
2020-07-20,US,Georgia,Taylor,52,2,0,32.55792548,-84.25077141,13269.0,648.3790523690773,3.8461538461538463,50,52,2,0,50,51,8039,0,0,0,0,1
2020-07-20,US,Georgia,Telfair,216,3,0,31.92829517,-82.93491155,13271.0,1361.9167717528371,1.3888888888888888,213,201,3,0,198,201,15876,15,0,0,15,0
2020-07-20,US,Georgia,Terrell,260,29,0,31.77527543,-84.44069698,13273.0,3047.708357754073,11.153846153846152,231,260,29,0,231,260,8611,0,0,0,0,0
2020-07-20,US,Georgia,Thomas,696,33,0,30.86392347,-83.91847289,13275.0,1565.7690490652628,4.741379310344827,663,692,33,0,659,681,44448,4,0,0,4,11
2020-07-20,US,Georgia,Tift,1109,29,0,31.45743864,-83.5236119,13277.0,2728.5700226355675,2.6149684400360687,1080,1108,29,0,1079,1101,40571,1,0,0,1,7
2020-07-20,US,Georgia,Toombs,412,6,0,32.12059861,-82.32957247,13279.0,1535.5944837868058,1.4563106796116505,406,402,6,0,396,388,26887,10,0,0,10,14
2020-07-20,US,Georgia,Towns,84,1,0,34.91369188,-83.74107459999998,13281.0,697.8483010716956,1.1904761904761905,83,84,1,0,83,81,11852,0,0,0,0,3
2020-07-20,US,Georgia,Treutlen,59,2,0,32.40422134,-82.56904553,13283.0,854.9485581799739,3.3898305084745757,57,57,2,0,55,56,6809,2,0,0,2,1
2020-07-20,US,Georgia,Troup,1874,43,0,33.03349196,-85.02812115,13285.0,2680.1292869197105,2.2945570971184632,1831,1866,43,0,1823,1857,70034,8,0,0,8,9
2020-07-20,US,Georgia,Turner,214,18,0,31.71612656,-83.62069378,13287.0,2680.025046963056,8.411214953271028,196,214,18,0,196,213,7912,0,0,0,0,1
2020-07-20,US,Georgia,Twiggs,56,1,0,32.67435595,-83.43078662,13289.0,689.6551724137931,1.7857142857142858,55,55,1,0,54,52,8188,1,0,0,1,3
2020-07-20,US,Georgia,Unassigned,1821,6,0,0.0,0.0,90013.0,0.0,0.32948929159802304,1815,1754,6,0,1748,1628,,67,0,0,67,126
2020-07-20,US,Georgia,Union,137,4,0,34.82995757,-83.98967069,13291.0,558.9327240830646,2.9197080291970803,133,136,4,0,132,135,24001,1,0,0,1,1
2020-07-20,US,Georgia,Upson,419,45,0,32.87920671,-84.30024826,13293.0,1591.945288753799,10.739856801909307,374,416,45,0,371,407,26215,3,0,0,3,9
2020-07-20,US,Georgia,Walker,411,14,0,34.73376362,-85.30165174,13295.0,589.1543985894698,3.40632603406326,397,410,14,0,396,408,69410,1,0,0,1,2
2020-07-20,US,Georgia,Walton,649,32,0,33.78017694,-83.73552314,13297.0,686.0972799255759,4.9306625577812015,617,645,32,0,613,631,93503,4,0,0,4,14
2020-07-20,US,Georgia,Ware,851,17,0,31.05449097,-82.42224148,13299.0,2381.4854200481336,1.9976498237367804,834,844,17,0,827,835,35680,7,0,0,7,9
2020-07-20,US,Georgia,Warren,45,0,0,33.41146451,-82.67795848,13301.0,856.4902931100114,0.0,45,45,0,0,45,45,5251,0,0,0,0,0
2020-07-20,US,Georgia,Washington,244,1,0,32.96711864,-82.79357039,13303.0,1197.6047904191614,0.4098360655737705,243,226,1,0,225,221,20386,18,0,0,18,5
2020-07-20,US,Georgia,Wayne,381,0,0,31.5521809,-81.91894878,13305.0,1273.0978714872858,0.0,381,336,0,0,336,292,29808,45,0,0,45,44
2020-07-20,US,Georgia,Webster,35,2,0,32.04066113,-84.54742852,13307.0,1342.5393172228614,5.7142857142857135,33,35,2,0,33,35,2611,0,0,0,0,0
2020-07-20,US,Georgia,Wheeler,77,0,0,32.12009104,-82.72574721,13309.0,980.2673456397197,0.0,77,76,0,0,76,75,7879,1,0,0,1,1
2020-07-20,US,Georgia,White,218,5,0,34.64624278,-83.74905525,13311.0,707.8381713098253,2.2935779816513757,213,213,5,0,208,210,29970,5,0,0,5,3
2020-07-20,US,Georgia,Whitfield,2298,23,0,34.80987459,-84.96093476,13313.0,2196.3527927514624,1.000870322019147,2275,2246,23,0,2223,2179,104062,52,0,0,52,67
2020-07-20,US,Georgia,Wilcox,147,15,0,31.97496928,-83.43438555,13315.0,1702.374059061957,10.20408163265306,132,146,15,0,131,146,8812,1,0,0,1,0
2020-07-20,US,Georgia,Wilkes,144,3,0,33.78290391,-82.74286107,13317.0,1472.844430806996,2.083333333333333,141,144,3,0,141,139,9876,0,0,0,0,5
2020-07-20,US,Georgia,Wilkinson,134,9,0,32.80291082,-83.17140684,13319.0,1496.5378601742239,6.7164179104477615,125,133,9,0,124,132,9036,1,0,0,1,1
2020-07-20,US,Georgia,Worth,374,22,0,31.55162306,-83.85090513,13321.0,1847.1872376154486,5.882352941176472,352,374,22,0,352,372,20299,0,0,0,0,2
2020-07-20,US,Hawaii,Hawaii,114,0,0,19.60121157,-155.5210167,15001.0,56.572032573580856,0.0,114,113,0,0,113,111,200983,1,0,0,1,2
2020-07-20,US,Hawaii,Honolulu,1079,17,0,21.45803166,-157.97121819999995,15003.0,110.7162902757441,1.5755329008341057,1062,1065,17,0,1048,1040,980080,14,0,0,14,25
2020-07-20,US,Hawaii,Kauai,43,0,0,22.03935037,-159.5966786,15007.0,59.480170970910045,0.0,43,43,0,0,43,43,72133,0,0,0,0,0
2020-07-20,US,Hawaii,Maui,135,6,0,20.86399628,-156.56890969999995,15009.0,80.63697235047815,4.4444444444444455,129,135,6,0,129,135,167207,0,0,0,0,0
2020-07-20,US,Hawaii,Out of HI,22,1,0,0.0,0.0,80015.0,0.0,4.545454545454546,21,22,1,0,21,22,,0,0,0,0,0
2020-07-20,US,Idaho,Ada,5979,33,0,43.4526575,-116.24155159999998,16001.0,1241.520223760193,0.5519317611640743,5946,5900,32,0,5868,5723,469966,79,1,0,78,177
2020-07-20,US,Idaho,Adams,15,0,0,44.89333571,-116.4545247,16003.0,349.32463903120635,0.0,15,15,0,0,15,13,4250,0,0,0,0,2
2020-07-20,US,Idaho,Bannock,199,1,0,42.67002716,-112.2233311,16005.0,226.6308309037901,0.5025125628140703,198,189,1,0,188,186,87138,10,0,0,10,3
2020-07-20,US,Idaho,Bear Lake,3,0,0,42.28269683,-111.32892379999998,16007.0,48.979591836734684,0.0,3,3,0,0,3,3,6050,0,0,0,0,0
2020-07-20,US,Idaho,Benewah,36,0,0,47.21754179,-116.6586851,16009.0,387.1800387180039,0.0,36,36,0,0,36,35,9226,0,0,0,0,1
2020-07-20,US,Idaho,Bingham,113,2,0,43.21672879999999,-112.3978437,16011.0,241.3962530174532,1.7699115044247788,111,107,1,0,106,107,46236,6,1,0,5,0
2020-07-20,US,Idaho,Blaine,558,5,0,43.4085812,-113.9752658,16013.0,2423.873854306937,0.8960573476702509,553,556,5,0,551,556,22601,2,0,0,2,0
2020-07-20,US,Idaho,Boise,20,0,0,43.98829931,-115.7309284,16015.0,255.3952241093092,0.0,20,20,0,0,20,15,7634,0,0,0,0,5
2020-07-20,US,Idaho,Bonner,99,0,0,48.29996017,-116.6017932,16017.0,216.445484160126,0.0,99,95,0,0,95,90,44727,4,0,0,4,5
2020-07-20,US,Idaho,Bonneville,358,1,0,43.38713372,-111.6161537,16019.0,300.6836774117686,0.2793296089385475,357,330,1,0,329,271,116854,28,0,0,28,59
2020-07-20,US,Idaho,Boundary,13,0,0,48.76684761,-116.4630179,16021.0,106.16578195181707,0.0,13,11,0,0,11,10,11948,2,0,0,2,1
2020-07-20,US,Idaho,Camas,1,0,0,43.46665742,-114.8065892,16025.0,90.41591320072331,0.0,1,1,0,0,1,1,1127,0,0,0,0,0
2020-07-20,US,Idaho,Canyon,3317,19,0,43.61970148,-116.7095499,16027.0,1443.1213535843094,0.5728067530901417,3298,3163,19,0,3144,2986,223499,154,0,0,154,177
2020-07-20,US,Idaho,Caribou,21,0,0,42.77149116,-111.5597683,16029.0,293.5010482180293,0.0,21,21,0,0,21,21,7060,0,0,0,0,0
2020-07-20,US,Idaho,Cassia,382,1,0,42.28347888,-113.6012409,16031.0,1589.6795672076569,0.2617801047120419,381,360,1,0,359,356,23864,22,0,0,22,4
2020-07-20,US,Idaho,Clark,1,0,0,44.28496071,-112.3505704,16033.0,118.3431952662722,0.0,1,1,0,0,1,,852,0,0,0,0,
2020-07-20,US,Idaho,Clearwater,8,0,0,46.67459924,-115.6622393,16035.0,91.36592051164915,0.0,8,7,0,0,7,7,8758,1,0,0,1,0
2020-07-20,US,Idaho,Custer,6,0,0,44.24186819,-114.2855494,16037.0,139.04982618771726,0.0,6,6,0,0,6,6,4280,0,0,0,0,0
2020-07-20,US,Idaho,Elmore,125,2,0,43.3507101,-115.4701578,16039.0,454.3637090618298,1.6,123,124,2,0,122,120,27259,1,0,0,1,4
2020-07-20,US,Idaho,Franklin,35,0,0,42.18332217,-111.8149666,16041.0,252.23407321994807,0.0,35,35,0,0,35,35,13726,0,0,0,0,0
2020-07-20,US,Idaho,Fremont,26,0,0,44.22800938,-111.4809943,16043.0,198.48843423162074,0.0,26,24,0,0,24,22,13168,2,0,0,2,2
2020-07-20,US,Idaho,Gem,101,0,0,44.06482372,-116.398376,16045.0,557.6413427561837,0.0,101,99,0,0,99,94,17634,2,0,0,2,5
2020-07-20,US,Idaho,Gooding,95,1,0,42.96927962,-114.8108306,16047.0,625.8646814678174,1.0526315789473684,94,95,1,0,94,95,15196,0,0,0,0,0
2020-07-20,US,Idaho,Idaho,17,0,0,45.84721541,-115.4634436,16049.0,101.9979600407992,0.0,17,16,0,0,16,16,16513,1,0,0,1,0
2020-07-20,US,Idaho,Jefferson,54,0,0,43.82078483,-112.3131749,16051.0,180.7773425730641,0.0,54,53,0,0,53,44,29439,1,0,0,1,9
2020-07-20,US,Idaho,Jerome,356,6,0,42.68891267,-114.2655033,16053.0,1458.2991971161725,1.6853932584269662,350,351,6,0,345,349,24015,5,0,0,5,2
2020-07-20,US,Idaho,Kootenai,1067,1,0,47.67282258,-116.7020872,16055.0,643.946480624272,0.09372071227741333,1066,1048,1,0,1047,977,161505,19,0,0,19,71
2020-07-20,US,Idaho,Latah,47,0,0,46.81587887,-116.7113698,16057.0,117.18360426847514,0.0,47,40,0,0,40,40,40134,7,0,0,7,0
2020-07-20,US,Idaho,Lemhi,6,0,0,44.9438088,-113.9309747,16059.0,74.7477264233213,0.0,6,6,0,0,6,6,7961,0,0,0,0,0
2020-07-20,US,Idaho,Lewis,1,0,0,46.23315327,-116.434146,16061.0,26.055237102657642,0.0,1,1,0,0,1,1,3861,0,0,0,0,0
2020-07-20,US,Idaho,Lincoln,46,0,0,43.0012336,-114.1358773,16063.0,857.2493477450615,0.0,46,46,0,0,46,46,5360,0,0,0,0,0
2020-07-20,US,Idaho,Madison,100,0,0,43.78141028,-111.65384740000002,16065.0,250.58260455559173,0.0,100,97,0,0,97,94,39304,3,0,0,3,3
2020-07-20,US,Idaho,Minidoka,317,1,0,42.85518524,-113.6357257,16067.0,1506.725604829127,0.3154574132492113,316,308,0,0,308,300,20825,9,1,0,8,8
2020-07-20,US,Idaho,Nez Perce,116,19,0,46.32638236,-116.7500975,16069.0,287.0718669570382,16.379310344827587,97,116,19,0,97,116,40408,0,0,0,0,0
2020-07-20,US,Idaho,Oneida,7,0,0,42.19494279999999,-112.5407838,16071.0,154.4912822776429,0.0,7,7,0,0,7,7,4488,0,0,0,0,0
2020-07-20,US,Idaho,Owyhee,147,0,0,42.58016894,-116.1693871,16073.0,1243.3392539964475,0.0,147,143,0,0,143,133,11693,4,0,0,4,10
2020-07-20,US,Idaho,Payette,244,2,0,44.00545243,-116.7647695,16075.0,1018.7466076573004,0.819672131147541,242,241,2,0,239,235,23551,3,0,0,3,6
2020-07-20,US,Idaho,Power,24,0,0,42.69254894,-112.83957420000002,16077.0,312.4593151933342,0.0,24,22,0,0,22,22,7768,2,0,0,2,0
2020-07-20,US,Idaho,Shoshone,28,0,0,47.35364087,-115.8916749,16079.0,217.3575531749728,0.0,28,25,0,0,25,21,12796,3,0,0,3,4
2020-07-20,US,Idaho,Teton,48,0,0,43.75303583,-111.2056773,16081.0,395.3220227310163,0.0,48,45,0,0,45,42,11640,3,0,0,3,3
2020-07-20,US,Idaho,Twin Falls,946,25,0,42.35440512,-114.6685381,16083.0,1088.8832615852114,2.6427061310782243,921,927,25,0,902,920,86081,19,0,0,19,7
2020-07-20,US,Idaho,Valley,37,1,0,44.76728382,-115.5676773,16085.0,324.7893258426966,2.702702702702702,36,37,1,0,36,36,11041,0,0,0,0,1
2020-07-20,US,Idaho,Washington,149,2,0,44.45275475,-116.7847688,16087.0,1461.6441043751227,1.342281879194631,147,147,2,0,145,146,10161,2,0,0,2,1
2020-07-20,US,Illinois,Adams,285,1,0,39.98815591,-91.18786813,17001.0,435.5467257583862,0.3508771929824561,284,252,1,0,251,244,65691,33,0,0,33,8
2020-07-20,US,Illinois,Alexander,32,0,0,37.18049267,-89.32910838,17003.0,555.4591216802638,0.0,32,32,0,0,32,30,6060,0,0,0,0,2
2020-07-20,US,Illinois,Bond,25,1,0,38.88829622,-89.43534887,17005.0,152.19773529769876,4.0,24,26,2,0,24,24,16630,-1,-1,0,0,2
2020-07-20,US,Illinois,Boone,656,21,0,42.32359279,-88.82345779,17007.0,1225.1606155685045,3.2012195121951224,635,649,21,0,628,647,53577,7,0,0,7,2
2020-07-20,US,Illinois,Brown,11,0,0,39.96209138,-90.75068024,17009.0,167.22408026755855,0.0,11,11,0,0,11,10,6556,0,0,0,0,1
2020-07-20,US,Illinois,Bureau,53,2,0,41.40385234,-89.5283051,17011.0,162.43717052838053,3.7735849056603774,51,53,2,0,51,50,32993,0,0,0,0,3
2020-07-20,US,Illinois,Calhoun,2,0,0,39.16840183,-90.66330078,17013.0,42.202996412745314,0.0,2,2,0,0,2,2,4802,0,0,0,0,0
2020-07-20,US,Illinois,Carroll,23,2,0,42.06823429,-89.93395545,17015.0,160.78294302691367,8.695652173913043,21,23,2,0,21,24,14312,0,0,0,0,-1
2020-07-20,US,Illinois,Cass,156,11,0,39.96991073,-90.24734436,17017.0,1284.2677204247964,7.05128205128205,145,152,10,0,142,146,12260,4,1,0,3,6
2020-07-20,US,Illinois,Champaign,1249,17,0,40.13919438,-88.20046615,17019.0,595.6440251992236,1.3610888710968776,1232,1209,17,0,1192,1203,209983,40,0,0,40,6
2020-07-20,US,Illinois,Christian,55,4,0,39.54581621,-89.27780482,17021.0,170.25755324418031,7.272727272727272,51,55,4,0,51,55,32661,0,0,0,0,0
2020-07-20,US,Illinois,Clark,50,0,0,39.33425789,-87.78705622,17023.0,323.8132245320898,0.0,50,49,0,0,49,49,15596,1,0,0,1,0
2020-07-20,US,Illinois,Clay,8,0,0,38.75388572,-88.48914513,17025.0,60.67961165048544,0.0,8,8,0,0,8,8,13253,0,0,0,0,0
2020-07-20,US,Illinois,Clinton,271,17,0,38.60704876,-89.42385254,17027.0,721.4738299345082,6.2730627306273075,254,268,16,0,252,267,37639,3,1,0,2,1
2020-07-20,US,Illinois,Coles,249,17,0,39.51949084,-88.22358557,17029.0,491.8907172912428,6.827309236947792,232,235,17,0,218,231,50885,14,0,0,14,4
2020-07-20,US,Illinois,Cook,99052,4777,0,41.84144849,-87.81658794,17031.0,1923.252792640644,4.822719379719743,94275,98670,4776,0,93894,98292,5180493,382,1,0,381,378
2020-07-20,US,Illinois,Crawford,26,0,0,39.0032229,-87.75954624,17033.0,139.2832270852306,0.0,26,24,0,0,24,23,18807,2,0,0,2,1
2020-07-20,US,Illinois,Cumberland,36,1,0,39.27432424,-88.2401158,17035.0,334.3860300947427,2.7777777777777777,35,36,1,0,35,36,10808,0,0,0,0,0
2020-07-20,US,Illinois,De Witt,21,0,0,40.17514519,-88.90959682,17039.0,134.2882721575649,0.0,21,20,0,0,20,20,15769,1,0,0,1,0
2020-07-20,US,Illinois,DeKalb,710,23,0,41.89373302,-88.76958483,17037.0,676.8544381631508,3.2394366197183104,687,699,23,0,676,691,104143,11,0,0,11,8
2020-07-20,US,Illinois,Douglas,80,0,0,39.76768052,-88.21854195,17041.0,410.9940919599282,0.0,80,76,0,0,76,74,19479,4,0,0,4,2
2020-07-20,US,Illinois,DuPage,10317,498,0,41.85116968,-88.08642662,17043.0,1117.8638258312467,4.826984588543182,9819,10196,497,0,9699,10107,928589,121,1,0,120,89
2020-07-20,US,Illinois,Edgar,23,0,0,39.6809186,-87.74759563,17045.0,134.02482372822098,0.0,23,21,0,0,21,21,17360,2,0,0,2,0
2020-07-20,US,Illinois,Edwards,5,0,0,38.41353228,-88.05720863,17047.0,78.18608287724786,0.0,5,5,0,0,5,5,6392,0,0,0,0,0
2020-07-20,US,Illinois,Effingham,42,1,0,39.05935711,-88.58969584,17049.0,123.50035285815102,2.380952380952381,41,42,1,0,41,40,34208,0,0,0,0,2
2020-07-20,US,Illinois,Fayette,38,3,0,39.00072038,-89.02452658,17051.0,178.10273715785527,7.894736842105262,35,35,3,0,32,34,21416,3,0,0,3,1
2020-07-20,US,Illinois,Ford,33,1,0,40.59706922,-88.22350769,17053.0,254.60998379754648,3.0303030303030303,32,32,1,0,31,32,13264,1,0,0,1,0
2020-07-20,US,Illinois,Franklin,78,0,0,37.99189086,-88.92567818,17055.0,202.7606644311004,0.0,78,71,0,0,71,68,38701,7,0,0,7,3
2020-07-20,US,Illinois,Fulton,20,0,0,40.47289135,-90.20862357,17057.0,58.24111822947,0.0,20,18,0,0,18,18,34844,2,0,0,2,0
2020-07-20,US,Illinois,Gallatin,21,0,0,37.76430935,-88.22953869,17059.0,434.9627174813588,0.0,21,15,0,0,15,12,5058,6,0,0,6,3
2020-07-20,US,Illinois,Greene,13,0,0,39.35907414,-90.388865,17061.0,100.23903153674142,0.0,13,13,0,0,13,13,13044,0,0,0,0,0
2020-07-20,US,Illinois,Grundy,213,5,0,41.28569601,-88.41905692,17063.0,417.2053120225643,2.347417840375587,208,214,5,0,209,210,50972,-1,0,0,-1,4
2020-07-20,US,Illinois,Hamilton,11,0,0,38.08163641,-88.53883373,17065.0,135.53474618038442,0.0,11,9,0,0,9,8,8163,2,0,0,2,1
2020-07-20,US,Illinois,Hancock,22,1,0,40.40423981,-91.16313899,17067.0,124.23763270838042,4.545454545454546,21,22,1,0,21,22,17844,0,0,0,0,0
2020-07-20,US,Illinois,Hardin,6,0,0,37.51810645,-88.26873022,17069.0,157.02695629416382,0.0,6,5,0,0,5,5,3910,1,0,0,1,0
2020-07-20,US,Illinois,Henderson,8,0,0,40.81908672,-90.92491462,17071.0,120.37315678603672,0.0,8,8,0,0,8,8,6709,0,0,0,0,0
2020-07-20,US,Illinois,Henry,146,1,0,41.3533994,-90.13296166,17073.0,298.48915421258147,0.6849315068493149,145,143,1,0,142,140,49090,3,0,0,3,3
2020-07-20,US,Illinois,Iroquois,181,5,0,40.74717633,-87.82466784,17075.0,667.5518182488751,2.7624309392265194,176,181,5,0,176,180,27604,0,0,0,0,1
2020-07-20,US,Illinois,Jackson,420,19,0,37.78595185,-89.38232563,17077.0,740.0881057268723,4.523809523809524,401,400,19,0,381,389,57419,20,0,0,20,11
2020-07-20,US,Illinois,Jasper,49,7,0,39.01054275,-88.15437049,17079.0,509.88553590010406,14.285714285714285,42,49,7,0,42,48,9611,0,0,0,0,1
2020-07-20,US,Illinois,Jefferson,136,17,0,38.29980057,-88.9240025,17081.0,360.89587092665323,12.5,119,130,17,0,113,127,37820,6,0,0,6,3
2020-07-20,US,Illinois,Jersey,54,1,0,39.08869046,-90.35393073,17083.0,248.0135948192716,1.851851851851852,53,52,1,0,51,51,21847,2,0,0,2,1
2020-07-20,US,Illinois,Jo Daviess,66,1,0,42.36542373,-90.21094405,17085.0,310.80762891452787,1.5151515151515151,65,64,1,0,63,63,21366,2,0,0,2,1
2020-07-20,US,Illinois,Johnson,42,0,0,37.45939802,-88.88165419,17087.0,338.24595312877506,0.0,42,38,0,0,38,36,12456,4,0,0,4,2
2020-07-20,US,Illinois,Kane,8406,289,0,41.93842729,-88.42861412,17089.0,1578.8791573300675,3.4380204615750656,8117,8361,289,0,8072,8345,534216,45,0,0,45,16
2020-07-20,US,Illinois,Kankakee,1516,66,0,41.13746989,-87.86205334,17091.0,1379.9129817407293,4.353562005277045,1450,1504,66,0,1438,1499,110024,12,0,0,12,5
2020-07-20,US,Illinois,Kendall,1126,21,0,41.59081014,-88.42869583,17093.0,872.9358865028297,1.8650088809946717,1105,1125,21,0,1104,1116,127915,1,0,0,1,9
2020-07-20,US,Illinois,Knox,193,0,0,40.93148779,-90.21330340000002,17095.0,388.3377935169722,0.0,193,190,0,0,190,187,50112,3,0,0,3,3
2020-07-20,US,Illinois,LaSalle,343,18,0,41.34426129999999,-88.88633881,17099.0,315.6373942890797,5.247813411078718,325,328,18,0,310,313,109430,15,0,0,15,15
2020-07-20,US,Illinois,Lake,10896,433,0,42.3224907,-88.00367925,17097.0,1564.3147867659195,3.9739353891336266,10463,10818,433,0,10385,10767,700832,78,0,0,78,51
2020-07-20,US,Illinois,Lawrence,27,0,0,38.71987914,-87.72884035,17101.0,172.2158438576349,0.0,27,23,0,0,23,21,15765,4,0,0,4,2
2020-07-20,US,Illinois,Lee,117,2,0,41.74583951,-89.29977132,17103.0,343.14875645236975,1.709401709401709,115,117,2,0,115,113,34223,0,0,0,0,4
2020-07-20,US,Illinois,Livingston,60,2,0,40.89188292,-88.55784752,17105.0,168.31238779174151,3.333333333333333,58,60,2,0,58,58,35761,0,0,0,0,2
2020-07-20,US,Illinois,Logan,51,0,0,40.12581572,-89.36638784,17107.0,178.20951848486968,0.0,51,43,0,0,43,41,28925,8,0,0,8,2
2020-07-20,US,Illinois,Macon,282,22,0,39.86064913,-88.96342505,17115.0,271.1303829476295,7.801418439716313,260,275,22,0,253,270,104712,7,0,0,7,5
2020-07-20,US,Illinois,Macoupin,89,3,0,39.26119767,-89.92424028,17117.0,198.10354805680458,3.3707865168539324,86,86,3,0,83,86,45313,3,0,0,3,0
2020-07-20,US,Illinois,Madison,1534,71,0,38.83042506,-89.90422563,17119.0,583.3453754477765,4.6284224250325945,1463,1478,71,0,1407,1457,264461,56,0,0,56,21
2020-07-20,US,Illinois,Marion,93,0,0,38.64963204,-88.91899208,17121.0,249.96640236527352,0.0,93,89,0,0,89,88,37620,4,0,0,4,1
2020-07-20,US,Illinois,Marshall,15,0,0,41.0327901,-89.34510444,17123.0,131.14180800839307,0.0,15,15,0,0,15,15,11534,0,0,0,0,0
2020-07-20,US,Illinois,Mason,36,0,0,40.23917274,-89.91824452,17125.0,269.48124859645185,0.0,36,36,0,0,36,34,13565,0,0,0,0,2
2020-07-20,US,Illinois,Massac,22,0,0,37.22078441,-88.71036614,17127.0,159.7444089456869,0.0,22,19,0,0,19,20,14080,3,0,0,3,-1
2020-07-20,US,Illinois,McDonough,118,15,0,40.45674722,-90.67775541,17109.0,397.5473350852369,12.711864406779661,103,115,15,0,100,112,29955,3,0,0,3,3
2020-07-20,US,Illinois,McHenry,2480,107,0,42.32451172,-88.45248227,17111.0,805.7860638000612,4.314516129032258,2373,2463,107,0,2356,2446,308570,17,0,0,17,17
2020-07-20,US,Illinois,McLean,404,15,0,40.48996987,-88.84621113,17113.0,235.54516461925056,3.712871287128713,389,386,15,0,371,382,172828,18,0,0,18,4
2020-07-20,US,Illinois,Menard,35,0,0,40.02742725,-89.80246001,17129.0,286.9793374877009,0.0,35,34,0,0,34,34,12288,1,0,0,1,0
2020-07-20,US,Illinois,Mercer,34,0,0,41.20596782,-90.74290052,17131.0,220.25004858456958,0.0,34,34,0,0,34,33,15601,0,0,0,0,1
2020-07-20,US,Illinois,Monroe,198,13,0,38.27594376,-90.17761038,17133.0,571.6430406790428,6.565656565656567,185,192,13,0,179,190,34335,6,0,0,6,2
2020-07-20,US,Illinois,Montgomery,106,2,0,39.23198845,-89.47809254,17135.0,373.0555360033786,1.8867924528301887,104,106,2,0,104,104,28601,0,0,0,0,2
2020-07-20,US,Illinois,Morgan,145,5,0,39.71654544,-90.20255104,17137.0,430.80396933864165,3.4482758620689653,140,145,5,0,140,142,33976,0,0,0,0,3
2020-07-20,US,Illinois,Moultrie,30,0,0,39.64187451,-88.62099969,17139.0,206.8822839804152,0.0,30,29,0,0,29,30,14717,1,0,0,1,-1
2020-07-20,US,Illinois,Ogle,339,5,0,42.04165196,-89.32184679,17141.0,669.391623718974,1.4749262536873156,334,338,5,0,333,336,50923,1,0,0,1,2
2020-07-20,US,Illinois,Out of IL,3,0,0,0.0,0.0,80017.0,0.0,0.0,3,1,0,0,1,,,2,0,0,2,
2020-07-20,US,Illinois,Peoria,838,32,0,40.78702156,-89.76078901,17143.0,467.68873584516035,3.8186157517899764,806,824,31,0,793,813,180621,14,1,0,13,11
2020-07-20,US,Illinois,Perry,68,1,0,38.08510853,-89.36856219,17145.0,325.1099636641805,1.4705882352941178,67,67,1,0,66,67,21174,1,0,0,1,0
2020-07-20,US,Illinois,Piatt,30,0,0,40.01360584,-88.59319339,17147.0,183.55359765051395,0.0,30,26,0,0,26,25,16396,4,0,0,4,1
2020-07-20,US,Illinois,Pike,9,0,0,39.62265059,-90.8877017,17149.0,57.83689994216311,0.0,9,9,0,0,9,9,15611,0,0,0,0,0
2020-07-20,US,Illinois,Pope,2,0,0,37.41391284,-88.56152109,17151.0,47.8812544888676,0.0,2,2,0,0,2,2,4212,0,0,0,0,0
2020-07-20,US,Illinois,Pulaski,88,0,0,37.22631423,-89.13085001,17153.0,1649.4845360824743,0.0,88,87,0,0,87,88,5463,1,0,0,1,-1
2020-07-20,US,Illinois,Putnam,2,0,0,41.2013541,-89.2869272,17155.0,34.849276877504785,0.0,2,2,0,0,2,2,5740,0,0,0,0,0
2020-07-20,US,Illinois,Randolph,370,7,0,38.05095369,-89.82512254,17157.0,1164.1809829463218,1.891891891891892,363,363,7,0,356,359,32106,7,0,0,7,4
2020-07-20,US,Illinois,Richland,10,0,0,38.71240969,-88.08475366,17159.0,64.46206407529169,0.0,10,10,0,0,10,10,15763,0,0,0,0,0
2020-07-20,US,Illinois,Rock Island,1344,30,0,41.46613806,-90.57042164,17161.0,947.2860677055803,2.232142857142857,1314,1344,30,0,1314,1321,143477,0,0,0,0,23
2020-07-20,US,Illinois,Saline,56,0,0,37.75332999,-88.54119706,17165.0,238.38917032054832,0.0,56,45,0,0,45,40,23906,11,0,0,11,5
2020-07-20,US,Illinois,Sangamon,671,33,0,39.75836914,-89.65872023,17167.0,344.6823374702063,4.918032786885246,638,656,33,0,623,642,195348,15,0,0,15,14
2020-07-20,US,Illinois,Schuyler,14,0,0,40.157179799999994,-90.61114163,17169.0,206.85579196217486,0.0,14,14,0,0,14,14,6907,0,0,0,0,0
2020-07-20,US,Illinois,Scott,1,0,0,39.642916899999996,-90.47814431,17171.0,20.197939810139367,0.0,1,1,0,0,1,1,4926,0,0,0,0,0
2020-07-20,US,Illinois,Shelby,29,1,0,39.39133527,-88.80611122,17173.0,134.04825737265415,3.4482758620689653,28,29,1,0,28,27,21741,0,0,0,0,2
2020-07-20,US,Illinois,St. Clair,2767,150,0,38.46996033,-89.93063427,17163.0,1065.5175866238458,5.421033610408385,2617,2722,150,0,2572,2650,261059,45,0,0,45,72
2020-07-20,US,Illinois,Stark,6,0,0,41.09309773,-89.79745866,17175.0,112.31748408835642,0.0,6,7,0,0,7,7,5427,-1,0,0,-1,0
2020-07-20,US,Illinois,Stephenson,289,6,0,42.35129217,-89.662598,17177.0,649.4673917928894,2.0761245674740483,283,289,6,0,283,288,44753,0,0,0,0,1
2020-07-20,US,Illinois,Tazewell,226,8,0,40.50716185,-89.51404662,17179.0,171.46802424830997,3.5398230088495577,218,221,8,0,213,216,132328,5,0,0,5,5
2020-07-20,US,Illinois,Unassigned,1213,193,0,0.0,0.0,90017.0,0.0,15.910964550700744,1020,1207,193,0,1014,1209,,6,0,0,6,-2
2020-07-20,US,Illinois,Union,237,21,0,37.47119609,-89.25548938,17181.0,1423.1669969374884,8.860759493670884,216,231,21,0,210,229,16841,6,0,0,6,2
2020-07-20,US,Illinois,Vermilion,130,2,0,40.18417171,-87.73384359,17183.0,171.59903904538137,1.5384615384615383,128,121,2,0,119,116,76806,9,0,0,9,5
2020-07-20,US,Illinois,Wabash,23,0,0,38.44272901,-87.84922065,17185.0,199.65277777777766,0.0,23,23,0,0,23,23,11549,0,0,0,0,0
2020-07-20,US,Illinois,Warren,153,0,0,40.84925021,-90.6147432,17187.0,908.3353122773688,0.0,153,152,0,0,152,152,17032,1,0,0,1,0
2020-07-20,US,Illinois,Washington,35,0,0,38.35309213,-89.40982703,17189.0,252.03427666162602,0.0,35,31,0,0,31,30,13995,4,0,0,4,1
2020-07-20,US,Illinois,Wayne,27,1,0,38.42955355,-88.42586459,17191.0,166.51248843663274,3.703703703703704,26,25,1,0,24,22,16332,2,0,0,2,3
2020-07-20,US,Illinois,White,31,0,0,38.08706198,-88.17657461,17193.0,229.00199453350086,0.0,31,28,0,0,28,24,13665,3,0,0,3,4
2020-07-20,US,Illinois,Whiteside,234,16,0,41.75509713,-89.91556058,17195.0,424.1051200724966,6.837606837606838,218,233,16,0,217,228,55626,1,0,0,1,5
2020-07-20,US,Illinois,Will,7687,335,0,41.44619267,-87.97862712,17197.0,1112.859630861261,4.3580070248471445,7352,7652,333,0,7319,7592,692310,35,2,0,33,60
2020-07-20,US,Illinois,Williamson,213,4,0,37.73033511,-88.92994027,17199.0,319.83422676697154,1.8779342723004693,209,201,4,0,197,196,67056,12,0,0,12,5
2020-07-20,US,Illinois,Winnebago,3362,108,0,42.33641854,-89.16085327,17201.0,1189.7852582704586,3.212373587150505,3254,3342,108,0,3234,3318,284081,20,0,0,20,24
2020-07-20,US,Illinois,Woodford,65,3,0,40.78579374,-89.20973757,17203.0,169.0111547362126,4.615384615384615,62,64,3,0,61,63,38463,1,0,0,1,1
2020-07-20,US,Indiana,Adams,57,1,0,40.7457653,-84.93671406,18001.0,159.32023366967604,1.7543859649122806,56,57,1,0,56,55,35636,0,0,0,0,2
2020-07-20,US,Indiana,Allen,3168,143,0,41.09194313,-85.06800636,18003.0,835.2249808198807,4.513888888888889,3025,3136,141,0,2995,3103,375351,32,2,0,30,33
2020-07-20,US,Indiana,Bartholomew,638,45,0,39.20744865,-85.89558181,18005.0,761.5273517229855,7.053291536050158,593,635,45,0,590,628,82753,3,0,0,3,7
2020-07-20,US,Indiana,Benton,53,0,0,40.60626947,-87.31093999,18007.0,605.8527663465935,0.0,53,53,0,0,53,53,8653,0,0,0,0,0
2020-07-20,US,Indiana,Blackford,45,2,0,40.47388153,-85.32499702,18009.0,382.71814934512673,4.4444444444444455,43,45,2,0,43,44,11930,0,0,0,0,1
2020-07-20,US,Indiana,Boone,534,45,0,40.0509304,-86.46841646,18011.0,787.1114190115413,8.426966292134832,489,530,45,0,485,520,66999,4,0,0,4,10
2020-07-20,US,Indiana,Brown,54,1,0,39.19605589,-86.22868909,18013.0,357.80545984627616,1.851851851851852,53,54,1,0,53,53,15234,0,0,0,0,1
2020-07-20,US,Indiana,Carroll,120,2,0,40.580783200000006,-86.56198812,18015.0,592.3878165572395,1.6666666666666667,118,119,2,0,117,119,20127,1,0,0,1,0
2020-07-20,US,Indiana,Cass,1671,9,0,40.76135835,-86.34830753,18017.0,4433.6543819151475,0.5385996409335727,1662,1666,9,0,1657,1663,37955,5,0,0,5,3
2020-07-20,US,Indiana,Clark,782,44,0,38.48015445,-85.70510334,18019.0,661.020101097192,5.626598465473147,738,773,44,0,729,759,117360,9,0,0,9,14
2020-07-20,US,Indiana,Clay,73,5,0,39.39561833,-87.11723506,18021.0,278.36034318398475,6.849315068493151,68,71,5,0,66,70,26170,2,0,0,2,1
2020-07-20,US,Indiana,Clinton,310,3,0,40.30319754,-86.47277257,18023.0,956.8196549276213,0.967741935483871,307,308,3,0,305,301,32250,2,0,0,2,7
2020-07-20,US,Indiana,Crawford,37,0,0,38.28814402,-86.44518825,18025.0,349.8156377044532,0.0,37,36,0,0,36,36,10558,1,0,0,1,0
2020-07-20,US,Indiana,Daviess,173,17,0,38.70186039,-87.07185406,18027.0,518.7250757098736,9.826589595375722,156,166,17,0,149,163,33147,7,0,0,7,3
2020-07-20,US,Indiana,DeKalb,176,4,0,41.39804622,-84.99906934,18033.0,404.83036227717076,2.272727272727273,172,175,4,0,171,174,43226,1,0,0,1,1
2020-07-20,US,Indiana,Dearborn,334,25,0,39.14647946,-84.97333539,18029.0,675.3204739374822,7.4850299401197615,309,323,25,0,298,310,49568,11,0,0,11,13
2020-07-20,US,Indiana,Decatur,266,32,0,39.30712658,-85.50087166,18031.0,1001.5437328212655,12.030075187969926,234,264,32,0,232,261,26794,2,0,0,2,3
2020-07-20,US,Indiana,Delaware,513,52,0,40.22787247,-85.39732772,18035.0,449.46773557629126,10.1364522417154,461,512,52,0,460,500,114772,1,0,0,1,12
2020-07-20,US,Indiana,Dubois,435,7,0,38.36597551,-86.87924170000002,18037.0,1017.87719955073,1.6091954022988506,428,426,7,0,419,402,42565,9,0,0,9,24
2020-07-20,US,Indiana,Elkhart,4046,64,0,41.59761169,-85.85875695,18039.0,1960.8318269272709,1.5818091942659416,3982,3999,64,0,3935,3928,205560,47,0,0,47,71
2020-07-20,US,Indiana,Fayette,119,7,0,39.63684962,-85.17797541,18041.0,515.1069171500303,5.882352941176472,112,116,7,0,109,114,23047,3,0,0,3,2
2020-07-20,US,Indiana,Floyd,492,44,0,38.32117957,-85.90385377,18043.0,626.5759914418887,8.943089430894311,448,479,44,0,435,468,77781,13,0,0,13,11
2020-07-20,US,Indiana,Fountain,43,2,0,40.12361933,-87.24217689,18045.0,263.0612994004649,4.651162790697675,41,43,2,0,41,43,16351,0,0,0,0,0
2020-07-20,US,Indiana,Franklin,147,8,0,39.4142482,-85.06062647,18047.0,645.9267070920116,5.442176870748299,139,144,8,0,136,138,22736,3,0,0,3,6
2020-07-20,US,Indiana,Fulton,91,1,0,41.0469907,-86.26252745,18049.0,455.5922699509362,1.0989010989010992,90,89,1,0,88,86,20092,2,0,0,2,3
2020-07-20,US,Indiana,Gibson,159,2,0,38.30393723,-87.58054938,18051.0,472.3848004991236,1.2578616352201255,157,158,2,0,156,153,33452,1,0,0,1,5
2020-07-20,US,Indiana,Grant,403,27,0,40.51587228,-85.65468702,18053.0,612.75068801411,6.6997518610421825,376,393,27,0,366,380,65936,10,0,0,10,13
2020-07-20,US,Indiana,Greene,207,33,0,39.03630547,-86.96223202,18055.0,648.4556105507172,15.942028985507244,174,207,33,0,174,206,32006,0,0,0,0,1
2020-07-20,US,Indiana,Hamilton,1953,101,0,40.07306535,-86.05244729,18057.0,577.791847010896,5.171530977982591,1852,1933,101,0,1832,1888,330086,20,0,0,20,45
2020-07-20,US,Indiana,Hancock,511,36,0,39.82304555,-85.77566351,18059.0,653.7201924060997,7.045009784735812,475,506,36,0,470,498,76351,5,0,0,5,8
2020-07-20,US,Indiana,Harrison,233,22,0,38.19467379,-86.10948271,18061.0,575.0956435887942,9.44206008583691,211,229,22,0,207,226,40350,4,0,0,4,3
2020-07-20,US,Indiana,Hendricks,1560,103,0,39.76719009,-86.51037283,18063.0,915.9713700230756,6.602564102564102,1457,1551,103,0,1448,1539,167009,9,0,0,9,12
2020-07-20,US,Indiana,Henry,323,18,0,39.93029017,-85.39625719,18065.0,673.3094305011257,5.572755417956658,305,322,18,0,304,316,48271,1,0,0,1,6
2020-07-20,US,Indiana,Howard,673,59,0,40.48527731,-86.11351892,18067.0,815.3227369645282,8.766716196136702,614,666,59,0,607,652,82366,7,0,0,7,14
2020-07-20,US,Indiana,Huntington,110,2,0,40.82907273,-85.48822092,18069.0,301.20481927710836,1.818181818181818,108,109,2,0,107,102,36240,1,0,0,1,7
2020-07-20,US,Indiana,Jackson,506,3,0,38.90915820000001,-86.03851889,18071.0,1143.9940313354887,0.5928853754940712,503,502,3,0,499,499,44111,4,0,0,4,3
2020-07-20,US,Indiana,Jasper,159,2,0,41.02078733,-87.11553319,18073.0,473.75007448900544,1.2578616352201255,157,157,2,0,155,158,33370,2,0,0,2,-1
2020-07-20,US,Indiana,Jay,73,0,0,40.43781032,-85.00576229,18075.0,357.2127617929145,0.0,73,73,0,0,73,72,20764,0,0,0,0,1
2020-07-20,US,Indiana,Jefferson,125,2,0,38.78576239,-85.43633383,18077.0,386.90107713259874,1.6,123,124,2,0,122,122,32208,1,0,0,1,2
2020-07-20,US,Indiana,Jennings,187,12,0,38.99588883,-85.62710784,18079.0,674.2383270236164,6.4171122994652405,175,187,12,0,175,185,27611,0,0,0,0,2
2020-07-20,US,Indiana,Johnson,1444,118,0,39.48994426,-86.10149107,18081.0,912.959087546707,8.171745152354571,1326,1432,118,0,1314,1418,156225,12,0,0,12,14
2020-07-20,US,Indiana,Knox,87,0,0,38.68861576,-87.4194665,18083.0,237.74389244138385,0.0,87,83,0,0,83,80,36895,4,0,0,4,3
2020-07-20,US,Indiana,Kosciusko,679,8,0,41.24521668,-85.86312322,18085.0,854.561014901329,1.1782032400589102,671,657,8,0,649,632,79344,22,0,0,22,25
2020-07-20,US,Indiana,LaGrange,499,10,0,41.64232188,-85.42674232,18087.0,1259.655677285808,2.004008016032064,489,498,10,0,488,498,39330,1,0,0,1,0
2020-07-20,US,Indiana,LaPorte,695,28,0,41.54366008,-86.74072188,18091.0,632.4621432731509,4.028776978417266,667,688,28,0,660,684,110007,7,0,0,7,4
2020-07-20,US,Indiana,Lake,6223,254,0,41.41874274,-87.38277575,18089.0,1281.7898507290527,4.081632653061225,5969,6145,254,0,5891,6083,484411,78,0,0,78,62
2020-07-20,US,Indiana,Lawrence,278,26,0,38.84112637,-86.48361629,18093.0,612.7396958342517,9.352517985611511,252,277,26,0,251,275,45668,1,0,0,1,2
2020-07-20,US,Indiana,Madison,715,64,0,40.16143691,-85.71964711,18095.0,551.8295271245437,8.951048951048953,651,714,64,0,650,704,129641,1,0,0,1,10
2020-07-20,US,Indiana,Marion,12843,706,0,39.78163624,-86.13826325,18097.0,1331.4575640018165,5.497157984894495,12137,12750,706,0,12044,12609,954670,93,0,0,93,141
2020-07-20,US,Indiana,Marshall,663,13,0,41.32467367,-86.26185087,18099.0,1433.2655973020887,1.96078431372549,650,659,13,0,646,645,46248,4,0,0,4,14
2020-07-20,US,Indiana,Martin,35,0,0,38.7099921,-86.80373186,18101.0,341.29692832764505,0.0,35,34,0,0,34,30,10217,1,0,0,1,4
2020-07-20,US,Indiana,Miami,209,2,0,40.76940965,-86.04525048,18103.0,588.4671697263205,0.9569377990430622,207,207,2,0,205,206,35567,2,0,0,2,1
2020-07-20,US,Indiana,Monroe,484,28,0,39.16130004,-86.52414358,18105.0,326.0774366540682,5.785123966942148,456,472,28,0,444,446,146917,12,0,0,12,26
2020-07-20,US,Indiana,Montgomery,306,20,0,40.04034823,-86.89335024,18107.0,798.1637018102144,6.5359477124183005,286,306,20,0,286,306,38346,0,0,0,0,0
2020-07-20,US,Indiana,Morgan,369,31,0,39.47899078,-86.44573375,18109.0,523.485933975514,8.401084010840107,338,368,31,0,337,365,70116,1,0,0,1,3
2020-07-20,US,Indiana,Newton,101,10,0,40.95610449,-87.39635768,18111.0,722.254004576659,9.900990099009901,91,101,10,0,91,101,14011,0,0,0,0,0
2020-07-20,US,Indiana,Noble,566,28,0,41.39672484,-85.41966713,18113.0,1185.4892761394099,4.946996466431095,538,556,28,0,528,551,47532,10,0,0,10,5
2020-07-20,US,Indiana,Ohio,32,2,0,38.955304999999996,-84.96515993,18115.0,544.6808510638298,6.25,30,31,2,0,29,30,5844,1,0,0,1,1
2020-07-20,US,Indiana,Orange,149,24,0,38.54118920000001,-86.49523093,18117.0,758.4241066883844,16.107382550335572,125,146,24,0,122,146,19489,3,0,0,3,0
2020-07-20,US,Indiana,Owen,56,1,0,39.31145587,-86.83900724,18119.0,269.24371364007885,1.7857142857142858,55,56,1,0,55,55,20845,0,0,0,0,1
2020-07-20,US,Indiana,Parke,32,0,0,39.77202286,-87.20375833,18121.0,188.93546672964519,0.0,32,32,0,0,32,30,16927,0,0,0,0,2
2020-07-20,US,Indiana,Perry,160,12,0,38.07809328,-86.63741946,18123.0,834.680995357087,7.5,148,159,12,0,147,158,19102,1,0,0,1,1
2020-07-20,US,Indiana,Pike,20,0,0,38.40112197,-87.23574907,18125.0,161.4335297441279,0.0,20,19,0,0,19,18,12410,1,0,0,1,1
2020-07-20,US,Indiana,Porter,921,38,0,41.45986947,-87.06848888,18127.0,540.5278509762954,4.1259500542888174,883,910,38,0,872,902,169594,11,0,0,11,8
2020-07-20,US,Indiana,Posey,111,0,0,38.02097333,-87.86480429,18129.0,436.54383136036483,0.0,111,102,0,0,102,91,25540,9,0,0,9,11
2020-07-20,US,Indiana,Pulaski,68,1,0,41.04166107,-86.69890683,18131.0,550.4735691734802,1.4705882352941178,67,68,1,0,67,67,12469,0,0,0,0,1
2020-07-20,US,Indiana,Putnam,194,8,0,39.66437981,-86.84517605,18133.0,516.2869916968277,4.123711340206185,186,190,8,0,182,189,37779,4,0,0,4,1
2020-07-20,US,Indiana,Randolph,82,4,0,40.15734772,-85.01139319,18135.0,332.4548956010541,4.878048780487805,78,82,4,0,78,82,24851,0,0,0,0,0
2020-07-20,US,Indiana,Ripley,157,7,0,39.10235626,-85.26212744,18137.0,554.3002400790848,4.4585987261146505,150,155,7,0,148,151,28523,2,0,0,2,4
2020-07-20,US,Indiana,Rush,71,3,0,39.62002287,-85.4655599,18139.0,428.2009528978952,4.225352112676056,68,69,3,0,66,67,16663,2,0,0,2,2
2020-07-20,US,Indiana,Scott,198,9,0,38.68672078,-85.74627859,18143.0,829.3888493276926,4.545454545454546,189,193,9,0,184,183,23878,5,0,0,5,10
2020-07-20,US,Indiana,Shelby,475,25,0,39.52305623,-85.79158570000001,18145.0,1061.9508596212747,5.2631578947368425,450,474,25,0,449,474,44593,1,0,0,1,0
2020-07-20,US,Indiana,Spencer,91,1,0,38.01519732,-87.0079644,18147.0,448.78433693347137,1.0989010989010992,90,89,1,0,88,86,20327,2,0,0,2,3
2020-07-20,US,Indiana,St. Joseph,2524,74,0,41.61756781,-86.29040834,18141.0,928.535165878172,2.931854199683043,2450,2491,73,0,2418,2433,270771,33,1,0,32,58
2020-07-20,US,Indiana,Starke,138,4,0,41.27890281,-86.64686895,18149.0,600.1304631441618,2.898550724637681,134,134,4,0,130,130,22935,4,0,0,4,4
2020-07-20,US,Indiana,Steuben,154,3,0,41.64423868,-85.00101094,18151.0,445.16390125455285,1.9480519480519483,151,152,3,0,149,148,34586,2,0,0,2,4
2020-07-20,US,Indiana,Sullivan,65,1,0,39.08952258,-87.41414469,18153.0,314.4806231554502,1.5384615384615383,64,64,1,0,63,64,20690,1,0,0,1,0
2020-07-20,US,Indiana,Switzerland,36,0,0,38.82767338,-85.03022429,18155.0,334.85257185378106,0.0,36,35,0,0,35,35,10717,1,0,0,1,0
2020-07-20,US,Indiana,Tippecanoe,886,10,0,40.38872739,-86.89413959,18157.0,452.65975926266526,1.1286681715575622,876,875,10,0,865,852,193048,11,0,0,11,23
2020-07-20,US,Indiana,Tipton,47,2,0,40.31123252,-86.05234925,18159.0,310.27198310007924,4.25531914893617,45,43,2,0,41,38,15128,4,0,0,4,5
2020-07-20,US,Indiana,Unassigned,0,193,0,0.0,0.0,90018.0,0.0,0.0,-193,0,193,0,-193,0,,0,0,0,0,0
2020-07-20,US,Indiana,Union,17,0,0,39.62550777,-84.92497066,18161.0,240.9980153104621,0.0,17,17,0,0,17,17,7037,0,0,0,0,0
2020-07-20,US,Indiana,Vanderburgh,1153,6,0,38.02658833,-87.58763124,18163.0,635.4332574634474,0.5203816131830009,1147,1114,6,0,1108,1058,180974,39,0,0,39,56
2020-07-20,US,Indiana,Vermillion,20,0,0,39.8523352,-87.46160542,18165.0,129.0489095367144,0.0,20,20,0,0,20,20,15479,0,0,0,0,0
2020-07-20,US,Indiana,Vigo,301,9,0,39.42944561,-87.39169027,18167.0,281.2085427605149,2.990033222591362,292,294,9,0,285,283,107386,7,0,0,7,11
2020-07-20,US,Indiana,Wabash,129,3,0,40.84704239,-85.79328272,18169.0,416.182733255904,2.3255813953488373,126,128,3,0,125,123,31280,1,0,0,1,5
2020-07-20,US,Indiana,Warren,16,1,0,40.34728141,-87.35602659,18171.0,193.58741681790684,6.25,15,16,1,0,15,16,8263,0,0,0,0,0
2020-07-20,US,Indiana,Warrick,352,29,0,38.08922676,-87.2716085,18173.0,558.7478967586271,8.238636363636363,323,343,29,0,314,319,62567,9,0,0,9,24
2020-07-20,US,Indiana,Washington,77,1,0,38.60219804,-86.1049363,18175.0,274.6468825795406,1.2987012987012987,76,78,1,0,77,74,27943,-1,0,0,-1,4
2020-07-20,US,Indiana,Wayne,207,6,0,39.863344399999995,-85.01044989,18177.0,314.18857385708213,2.898550724637681,201,199,6,0,193,194,65936,8,0,0,8,5
2020-07-20,US,Indiana,Wells,94,1,0,40.72934187,-85.22132966,18179.0,332.2024314390726,1.0638297872340423,93,94,1,0,93,91,28206,0,0,0,0,3
2020-07-20,US,Indiana,White,302,10,0,40.74911165,-86.86492015,18181.0,1253.008049124554,3.3112582781456954,292,300,10,0,290,295,24133,2,0,0,2,5
2020-07-20,US,Indiana,Whitley,116,6,0,41.13863784,-85.50791236,18183.0,341.5380991638205,5.172413793103448,110,116,6,0,110,115,34074,0,0,0,0,1
2020-07-20,US,Iowa,Adair,20,0,0,41.33075609,-94.47105874,19001.0,279.6420581655481,0.0,20,20,0,0,20,20,7063,0,0,0,0,0
2020-07-20,US,Iowa,Adams,12,0,0,41.02903567,-94.69932645,19003.0,333.14825097168233,0.0,12,12,0,0,12,12,3645,0,0,0,0,0
2020-07-20,US,Iowa,Allamakee,141,4,0,43.28383218,-91.37860922,19005.0,1030.174618250895,2.8368794326241136,137,139,4,0,135,139,13832,2,0,0,2,0
2020-07-20,US,Iowa,Appanoose,34,3,0,40.74324454,-92.86865906,19007.0,273.61982938998875,8.823529411764708,31,34,3,0,31,33,12437,0,0,0,0,1
2020-07-20,US,Iowa,Audubon,21,1,0,41.6844628,-94.90581859,19009.0,382.09606986899564,4.761904761904762,20,21,1,0,20,19,5506,0,0,0,0,2
2020-07-20,US,Iowa,Benton,94,1,0,42.08011739,-92.06463573,19011.0,366.54318580620003,1.0638297872340423,93,93,1,0,92,88,25642,1,0,0,1,5
2020-07-20,US,Iowa,Black Hawk,2707,61,0,42.4704581,-92.30524729,19013.0,2062.82195872832,2.2534170668636873,2646,2692,60,0,2632,2659,132408,15,1,0,14,33
2020-07-20,US,Iowa,Boone,188,1,0,42.03657094,-93.9313999,19015.0,716.6272775787146,0.5319148936170213,187,185,1,0,184,181,26346,3,0,0,3,4
2020-07-20,US,Iowa,Bremer,139,7,0,42.77461496,-92.31795937,19017.0,554.6245311627165,5.035971223021583,132,135,7,0,128,134,24947,4,0,0,4,1
2020-07-20,US,Iowa,Buchanan,76,1,0,42.4709188,-91.83510825,19019.0,358.91381345926806,1.3157894736842106,75,74,1,0,73,71,21199,2,0,0,2,3
2020-07-20,US,Iowa,Buena Vista,1757,12,0,42.73545875,-95.15100162,19021.0,8955.147808358817,0.6829823562891292,1745,1754,12,0,1742,1751,19874,3,0,0,3,3
2020-07-20,US,Iowa,Butler,84,2,0,42.73172833,-92.79015971,19023.0,581.7577394556411,2.380952380952381,82,81,2,0,79,80,14539,3,0,0,3,1
2020-07-20,US,Iowa,Calhoun,70,2,0,42.38521079,-94.64046046,19025.0,724.0380637153496,2.8571428571428568,68,68,2,0,66,68,9699,2,0,0,2,0
2020-07-20,US,Iowa,Carroll,135,1,0,42.03617207,-94.86032705,19027.0,669.4768162658071,0.7407407407407407,134,132,1,0,131,127,20154,3,0,0,3,5
2020-07-20,US,Iowa,Cass,30,0,0,41.33149454,-94.92792482,19029.0,233.71766905578065,0.0,30,30,0,0,30,29,12930,0,0,0,0,1
2020-07-20,US,Iowa,Cedar,103,1,0,41.77233777,-91.13246684,19031.0,552.9607558919847,0.9708737864077671,102,103,1,0,102,103,18627,0,0,0,0,0
2020-07-20,US,Iowa,Cerro Gordo,450,13,0,43.08177563,-93.2612239,19033.0,1060.0706713780921,2.888888888888889,437,434,12,0,422,420,42647,16,1,0,15,14
2020-07-20,US,Iowa,Cherokee,89,1,0,42.73538914,-95.62389402,19035.0,792.167334223409,1.1235955056179776,88,88,1,0,87,87,11321,1,0,0,1,1
2020-07-20,US,Iowa,Chickasaw,41,0,0,43.06001295,-92.31773347,19037.0,343.58501634123866,0.0,41,38,0,0,38,37,11964,3,0,0,3,1
2020-07-20,US,Iowa,Clarke,152,3,0,41.02868181,-93.78499767,19039.0,1617.8818520489624,1.973684210526316,149,152,3,0,149,152,9423,0,0,0,0,0
2020-07-20,US,Iowa,Clay,161,1,0,43.08247182,-95.15096481,19041.0,1005.2447552447552,0.6211180124223602,160,159,1,0,158,158,16134,2,0,0,2,1
2020-07-20,US,Iowa,Clayton,60,3,0,42.84443388,-91.34133693,19043.0,341.899823351758,5.0,57,57,3,0,54,55,17556,3,0,0,3,2
2020-07-20,US,Iowa,Clinton,178,2,0,41.89981633,-90.53275096,19045.0,383.38107648237093,1.1235955056179776,176,175,2,0,173,168,46518,3,0,0,3,7
2020-07-20,US,Iowa,Crawford,690,3,0,42.03718237,-95.3819718,19047.0,4102.259215219976,0.43478260869565216,687,688,3,0,685,686,17158,2,0,0,2,2
2020-07-20,US,Iowa,Dallas,1571,34,0,41.68560356,-94.04127625,19049.0,1681.058928017292,2.1642266072565244,1537,1544,34,0,1510,1528,90180,27,0,0,27,16
2020-07-20,US,Iowa,Davis,46,1,0,40.74773536,-92.41005468,19051.0,511.1111111111112,2.1739130434782608,45,45,1,0,44,44,9017,1,0,0,1,1
2020-07-20,US,Iowa,Decatur,16,0,0,40.73742757,-93.78645949,19053.0,203.30368487928845,0.0,16,15,0,0,15,15,7890,1,0,0,1,0
2020-07-20,US,Iowa,Delaware,66,1,0,42.47104597,-91.3664492,19055.0,387.9842454882135,1.5151515151515151,65,63,1,0,62,62,17069,3,0,0,3,1
2020-07-20,US,Iowa,Des Moines,115,2,0,40.92012606,-91.18326592,19057.0,295.12151307516615,1.7391304347826086,113,116,2,0,114,114,39138,-1,0,0,-1,2
2020-07-20,US,Iowa,Dickinson,344,3,0,43.37787725,-95.1510206,19059.0,1993.278479545718,0.8720930232558141,341,333,3,0,330,329,17153,11,0,0,11,4
2020-07-20,US,Iowa,Dubuque,1215,23,0,42.46815349,-90.88181925,19061.0,1248.5741591392546,1.8930041152263373,1192,1189,23,0,1166,1170,96854,26,0,0,26,19
2020-07-20,US,Iowa,Emmet,120,0,0,43.37782951,-94.67858943,19063.0,1303.2145960034752,0.0,120,115,0,0,115,112,9253,5,0,0,5,3
2020-07-20,US,Iowa,Fayette,65,0,0,42.86271799,-91.8441231,19065.0,330.7888040712468,0.0,65,65,0,0,65,63,19660,0,0,0,0,2
2020-07-20,US,Iowa,Floyd,95,2,0,43.06000529999999,-92.78940097,19067.0,607.3392149341516,2.1052631578947367,93,94,2,0,92,91,15761,1,0,0,1,3
2020-07-20,US,Iowa,Franklin,144,0,0,42.73270384,-93.26256925,19069.0,1429.990069513406,0.0,144,134,0,0,134,129,10124,10,0,0,10,5
2020-07-20,US,Iowa,Fremont,14,0,0,40.74542720000001,-95.60129045,19071.0,201.1494252873563,0.0,14,14,0,0,14,13,6993,0,0,0,0,1
2020-07-20,US,Iowa,Greene,37,0,0,42.03614551,-94.39658081,19073.0,416.2916291629163,0.0,37,37,0,0,37,35,8981,0,0,0,0,2
2020-07-20,US,Iowa,Grundy,58,0,0,42.40183723,-92.78829551,19075.0,474.16612164813597,0.0,58,57,0,0,57,55,12304,1,0,0,1,2
2020-07-20,US,Iowa,Guthrie,107,5,0,41.68378965,-94.50111014,19077.0,1001.0290953316493,4.672897196261682,102,100,5,0,95,96,10720,7,0,0,7,4
2020-07-20,US,Iowa,Hamilton,212,1,0,42.38382428,-93.70197703,19079.0,1435.0504298382184,0.4716981132075472,211,212,1,0,211,211,14952,0,0,0,0,1
2020-07-20,US,Iowa,Hancock,81,2,0,43.08178477,-93.73454884,19081.0,761.9943555973657,2.469135802469136,79,76,2,0,74,74,10712,5,0,0,5,2
2020-07-20,US,Iowa,Hardin,109,0,0,42.38353877,-93.23654611,19083.0,647.0378724919863,0.0,109,105,0,0,105,103,16868,4,0,0,4,2
2020-07-20,US,Iowa,Harrison,71,0,0,41.68330137,-95.81558439,19085.0,505.37404797494486,0.0,71,69,0,0,69,69,14134,2,0,0,2,0
2020-07-20,US,Iowa,Henry,100,3,0,40.98767962,-91.54436349,19087.0,501.1526510975243,3.0,97,100,3,0,97,100,20067,0,0,0,0,0
2020-07-20,US,Iowa,Howard,42,0,0,43.35671042,-92.31702714,19089.0,458.61541821358384,0.0,42,42,0,0,42,41,9187,0,0,0,0,1
2020-07-20,US,Iowa,Humboldt,70,1,0,42.7764426,-94.20722537,19091.0,732.370788867964,1.4285714285714286,69,70,1,0,69,70,9547,0,0,0,0,0
2020-07-20,US,Iowa,Ida,25,0,0,42.38696136,-95.51355387,19093.0,364.43148688046654,0.0,25,24,0,0,24,24,6841,1,0,0,1,0
2020-07-20,US,Iowa,Iowa,66,1,0,41.68630265,-92.0643373,19095.0,407.81018289668816,1.5151515151515151,65,65,1,0,64,64,16141,1,0,0,1,1
2020-07-20,US,Iowa,Jackson,97,0,0,42.17178824,-90.57354837,19097.0,498.9968619784968,0.0,97,94,0,0,94,92,19432,3,0,0,3,2
2020-07-20,US,Iowa,Jasper,413,17,0,41.68576082,-93.05567785,19099.0,1110.6629017076775,4.116222760290556,396,393,17,0,376,384,37147,20,0,0,20,9
2020-07-20,US,Iowa,Jefferson,67,0,0,41.03192394,-91.94849466,19101.0,366.2202787646898,0.0,67,66,0,0,66,64,18381,1,0,0,1,2
2020-07-20,US,Iowa,Johnson,1636,10,0,41.67169354,-91.58754744,19103.0,1082.4401217414318,0.6112469437652812,1626,1628,10,0,1618,1609,151260,8,0,0,8,19
2020-07-20,US,Iowa,Jones,97,1,0,42.12118609,-91.13139641,19105.0,469.0295440259175,1.0309278350515465,96,93,1,0,92,86,20744,4,0,0,4,7
2020-07-20,US,Iowa,Keokuk,24,1,0,41.33649833,-92.1785067,19107.0,234.2377513175873,4.166666666666667,23,24,1,0,23,24,10225,0,0,0,0,0
2020-07-20,US,Iowa,Kossuth,71,0,0,43.20405458,-94.20691791,19109.0,479.30871531762637,0.0,71,68,0,0,68,62,14908,3,0,0,3,6
2020-07-20,US,Iowa,Lee,62,2,0,40.64181461,-91.48183025,19111.0,184.21130819740318,3.2258064516129035,60,58,2,0,56,56,34055,4,0,0,4,2
2020-07-20,US,Iowa,Linn,1604,87,0,42.07923082,-91.59809485,19113.0,707.5242825509691,5.423940149625935,1517,1577,87,0,1490,1548,225909,27,0,0,27,29
2020-07-20,US,Iowa,Louisa,371,13,0,41.21842119,-91.26102611,19115.0,3362.029904848211,3.5040431266846364,358,370,13,0,357,368,11169,1,0,0,1,2
2020-07-20,US,Iowa,Lucas,38,4,0,41.02958964,-93.32780803,19117.0,441.86046511627904,10.526315789473683,34,37,4,0,33,38,8645,1,0,0,1,-1
2020-07-20,US,Iowa,Lyon,75,0,0,43.38107862,-96.20926845,19119.0,638.0263717566992,0.0,75,69,0,0,69,68,11811,6,0,0,6,1
2020-07-20,US,Iowa,Madison,73,2,0,41.33081904,-94.01554631,19121.0,446.8111151915779,2.7397260273972597,71,72,2,0,70,69,16249,1,0,0,1,3
2020-07-20,US,Iowa,Mahaska,129,17,0,41.33521503,-92.64083907,19123.0,583.8424983027834,13.178294573643413,112,128,17,0,111,127,22000,1,0,0,1,1
2020-07-20,US,Iowa,Marion,105,0,0,41.33445101,-93.09934783,19125.0,315.760983971371,0.0,105,101,0,0,101,97,33407,4,0,0,4,4
2020-07-20,US,Iowa,Marshall,1197,21,0,42.03586837,-92.9990819,19127.0,3040.4633086946583,1.7543859649122806,1176,1184,20,0,1164,1167,39981,13,1,0,12,17
2020-07-20,US,Iowa,Mills,60,0,0,41.03299766,-95.61920963,19129.0,397.1143027334701,0.0,60,58,0,0,58,58,15063,2,0,0,2,0
2020-07-20,US,Iowa,Mitchell,68,0,0,43.35638371,-92.78887719,19131.0,642.3578310976761,0.0,68,68,0,0,68,63,10569,0,0,0,0,5
2020-07-20,US,Iowa,Monona,81,0,0,42.05220391,-95.95743843,19133.0,940.2205455600696,0.0,81,81,0,0,81,81,8679,0,0,0,0,0
2020-07-20,US,Iowa,Monroe,61,7,0,41.02988815,-92.8690667,19135.0,791.4882574283121,11.475409836065571,54,59,7,0,52,59,7790,2,0,0,2,0
2020-07-20,US,Iowa,Montgomery,21,2,0,41.03018714,-95.15642896,19137.0,211.75758798023602,9.523809523809524,19,19,2,0,17,18,10003,2,0,0,2,1
2020-07-20,US,Iowa,Muscatine,732,45,0,41.48370744,-91.1121697,19139.0,1715.7322332645788,6.147540983606558,687,731,45,0,686,726,42929,1,0,0,1,5
2020-07-20,US,Iowa,O'Brien,107,1,0,43.08310673,-95.62474482,19141.0,778.0120700937978,0.9345794392523364,106,106,1,0,105,105,13840,1,0,0,1,1
2020-07-20,US,Iowa,Osceola,71,0,0,43.37824276,-95.62422844,19143.0,1191.6750587445454,0.0,71,71,0,0,71,70,6040,0,0,0,0,1
2020-07-20,US,Iowa,Page,32,0,0,40.7393172,-95.1497813,19145.0,211.822334017343,0.0,32,31,0,0,31,25,15249,1,0,0,1,6
2020-07-20,US,Iowa,Palo Alto,63,0,0,43.08193849,-94.67824621,19147.0,708.9804186360568,0.0,63,61,0,0,61,60,8929,2,0,0,2,1
2020-07-20,US,Iowa,Plymouth,380,6,0,42.737633,-96.21366621,19149.0,1509.3140564801208,1.5789473684210529,374,377,6,0,371,372,25095,3,0,0,3,5
2020-07-20,US,Iowa,Pocahontas,110,1,0,42.73420133,-94.67862564,19151.0,1661.88245958604,0.9090909090909092,109,109,1,0,108,109,6740,1,0,0,1,0
2020-07-20,US,Iowa,Polk,8465,189,0,41.68679484,-93.57767461,19153.0,1726.9835829451956,2.232722976963969,8276,8354,189,0,8165,8244,487204,111,0,0,111,110
2020-07-20,US,Iowa,Pottawattamie,925,15,0,41.33640314,-95.53907776,19155.0,992.4253803403217,1.6216216216216215,910,919,15,0,904,909,93533,6,0,0,6,10
2020-07-20,US,Iowa,Poweshiek,114,8,0,41.68625425,-92.53155731,19157.0,616.0830090791179,7.0175438596491215,106,114,8,0,106,115,18699,0,0,0,0,-1
2020-07-20,US,Iowa,Ringgold,17,1,0,40.73518949,-94.24368535,19159.0,347.3641193297917,5.882352941176472,16,17,1,0,16,17,4968,0,0,0,0,0
2020-07-20,US,Iowa,Sac,75,0,0,42.38624071,-95.10547892,19161.0,771.5255632136611,0.0,75,73,0,0,73,73,9719,2,0,0,2,0
2020-07-20,US,Iowa,Scott,1318,11,0,41.63935978,-90.61959493,19163.0,762.1008077805983,0.8345978755690441,1307,1289,10,0,1279,1277,173283,29,1,0,28,12
2020-07-20,US,Iowa,Shelby,127,0,0,41.6850066,-95.31015553,19165.0,1108.7829579186314,0.0,127,125,0,0,125,125,11578,2,0,0,2,0
2020-07-20,US,Iowa,Sioux,535,0,0,43.08221074,-96.1767568,19167.0,1534.9304260507818,0.0,535,535,0,0,535,526,34909,0,0,0,0,9
2020-07-20,US,Iowa,Story,947,9,0,42.03621213,-93.46499005,19169.0,975.1124931783313,0.9503695881731784,938,934,8,0,926,929,98105,13,1,0,12,5
2020-07-20,US,Iowa,Tama,510,29,0,42.07991767,-92.53266945,19171.0,3025.987896048416,5.686274509803924,481,509,29,0,480,507,16904,1,0,0,1,2
2020-07-20,US,Iowa,Taylor,81,0,0,40.73710579,-94.69778563,19173.0,1323.313184120242,0.0,81,81,0,0,81,81,6191,0,0,0,0,0
2020-07-20,US,Iowa,Unassigned,22,0,0,0.0,0.0,90019.0,0.0,0.0,22,29,0,0,29,29,,-7,0,0,-7,0
2020-07-20,US,Iowa,Union,56,1,0,41.0277278,-94.24234847,19175.0,457.47896413691694,1.7857142857142858,55,56,1,0,55,54,12359,0,0,0,0,2
2020-07-20,US,Iowa,Van Buren,22,1,0,40.75326764,-91.95017958,19177.0,312.32254400908573,4.545454545454546,21,22,1,0,21,22,7020,0,0,0,0,0
2020-07-20,US,Iowa,Wapello,746,31,0,41.03064984,-92.40954728,19179.0,2133.318081729532,4.155495978552279,715,738,31,0,707,731,35205,8,0,0,8,7
2020-07-20,US,Iowa,Warren,415,1,0,41.33559454,-93.56007641,19181.0,806.3575953056387,0.24096385542168675,414,404,1,0,403,394,51056,11,0,0,11,10
2020-07-20,US,Iowa,Washington,267,9,0,41.33577126,-91.71725711,19183.0,1215.570225358525,3.3707865168539324,258,263,9,0,254,259,22141,4,0,0,4,4
2020-07-20,US,Iowa,Wayne,11,1,0,40.73969028,-93.32752197,19185.0,170.78093463747862,9.090909090909092,10,11,1,0,10,11,6401,0,0,0,0,0
2020-07-20,US,Iowa,Webster,565,5,0,42.42853483,-94.17987389,19187.0,1573.6408199643495,0.8849557522123894,560,530,5,0,525,529,36277,35,0,0,35,1
2020-07-20,US,Iowa,Winnebago,58,0,0,43.37751174,-93.73407298,19189.0,560.1699826154144,0.0,58,57,0,0,57,51,10518,1,0,0,1,6
2020-07-20,US,Iowa,Winneshiek,58,1,0,43.29094334,-91.84422722,19191.0,290.1305587514382,1.7241379310344829,57,57,1,0,56,54,20029,1,0,0,1,3
2020-07-20,US,Iowa,Woodbury,3482,46,0,42.38979414,-96.0459439,19193.0,3377.074301453829,1.321079839172889,3436,3461,46,0,3415,3434,102539,21,0,0,21,27
2020-07-20,US,Iowa,Worth,44,0,0,43.37750768,-93.26087602,19195.0,596.1251862891207,0.0,44,39,0,0,39,33,7453,5,0,0,5,6
2020-07-20,US,Iowa,Wright,417,1,0,42.73305373,-93.73515113,19197.0,3319.5351058748606,0.23980815347721826,416,415,1,0,414,415,12690,2,0,0,2,0
2020-07-20,US,Kansas,Allen,10,0,0,37.88582951,-95.30030847,20001.0,80.84727948904519,0.0,10,10,0,0,10,10,12444,0,0,0,0,0
2020-07-20,US,Kansas,Anderson,24,0,0,38.21413251,-95.29272815,20003.0,305.4212267752609,0.0,24,22,0,0,22,22,7878,2,0,0,2,0
2020-07-20,US,Kansas,Atchison,49,0,0,39.53185661,-95.30870026,20005.0,304.85908044546755,0.0,49,49,0,0,49,49,16193,0,0,0,0,0
2020-07-20,US,Kansas,Barber,3,0,0,37.2288586,-98.68460053,20007.0,67.7659814772984,0.0,3,3,0,0,3,3,4472,0,0,0,0,0
2020-07-20,US,Kansas,Barton,75,3,0,38.47889676,-98.75636726,20009.0,290.9344815547538,4.0,72,75,3,0,72,75,26111,0,0,0,0,0
2020-07-20,US,Kansas,Bourbon,59,1,0,37.85508555,-94.84865997,20011.0,405.9446814366314,1.6949152542372878,58,56,1,0,55,56,14653,3,0,0,3,0
2020-07-20,US,Kansas,Brown,23,0,0,39.82652589,-95.56421698,20013.0,240.48515265579255,0.0,23,23,0,0,23,23,9598,0,0,0,0,0
2020-07-20,US,Kansas,Butler,132,0,0,37.78134351,-96.83878537,20015.0,197.2769798687809,0.0,132,115,0,0,115,115,66765,17,0,0,17,0
2020-07-20,US,Kansas,Chase,6,0,0,38.30292938,-96.59563862,20017.0,226.5861027190332,0.0,6,6,0,0,6,6,2629,0,0,0,0,0
2020-07-20,US,Kansas,Chautauqua,5,0,0,37.14994405,-96.2454192,20019.0,153.84615384615384,0.0,5,5,0,0,5,5,3309,0,0,0,0,0
2020-07-20,US,Kansas,Cherokee,62,1,0,37.16928494,-94.8462897,20021.0,310.9483925974221,1.6129032258064515,61,61,1,0,60,61,20015,1,0,0,1,0
2020-07-20,US,Kansas,Cheyenne,2,0,0,39.78580976,-101.7318201,20023.0,75.27286413248024,0.0,2,2,0,0,2,2,2660,0,0,0,0,0
2020-07-20,US,Kansas,Clark,38,1,0,37.23577007,-99.81883015,20025.0,1905.7171514543631,2.631578947368421,37,36,1,0,35,36,2005,2,0,0,2,0
2020-07-20,US,Kansas,Clay,13,2,0,39.34948772,-97.16518128,20027.0,162.45938515371157,15.384615384615385,11,12,2,0,10,12,7997,1,0,0,1,0
2020-07-20,US,Kansas,Cloud,26,0,0,39.48028352,-97.64925343,20029.0,295.92533576143865,0.0,26,26,0,0,26,26,8729,0,0,0,0,0
2020-07-20,US,Kansas,Coffey,60,8,0,38.2365018,-95.73379515,20031.0,733.5860129600197,13.333333333333336,52,60,8,0,52,60,8233,0,0,0,0,0
2020-07-20,US,Kansas,Comanche,3,0,0,37.19114520000001,-99.27113247,20033.0,176.47058823529412,0.0,3,3,0,0,3,3,1748,0,0,0,0,0
2020-07-20,US,Kansas,Cowley,118,1,0,37.23781842,-96.83776647,20035.0,338.0313968144838,0.8474576271186439,117,97,1,0,96,97,35218,21,0,0,21,0
2020-07-20,US,Kansas,Crawford,341,1,0,37.50675523,-94.85245778,20037.0,878.4584471121643,0.2932551319648094,340,326,1,0,325,326,39019,15,0,0,15,0
2020-07-20,US,Kansas,Decatur,4,0,0,39.78468441,-100.4594081,20039.0,141.49274849663954,0.0,4,3,0,0,3,3,2871,1,0,0,1,0
2020-07-20,US,Kansas,Dickinson,34,1,0,38.86600962,-97.15532383,20041.0,184.12217047546844,2.9411764705882355,33,31,1,0,30,31,18717,3,0,0,3,0
2020-07-20,US,Kansas,Doniphan,36,0,0,39.79067154,-95.14056866,20043.0,473.68421052631584,0.0,36,31,0,0,31,31,7682,5,0,0,5,0
2020-07-20,US,Kansas,Douglas,526,0,0,38.88503636,-95.2925121,20045.0,430.23417498916234,0.0,526,494,0,0,494,494,121436,32,0,0,32,0
2020-07-20,US,Kansas,Edwards,8,0,0,37.88735543,-99.31263309,20047.0,285.91851322373117,0.0,8,8,0,0,8,8,2849,0,0,0,0,0
2020-07-20,US,Kansas,Elk,1,0,0,37.45338105,-96.24369667,20049.0,39.52569169960474,0.0,1,1,0,0,1,1,2508,0,0,0,0,0
2020-07-20,US,Kansas,Ellis,88,0,0,38.91458712,-99.31751551,20051.0,308.19878821840086,0.0,88,78,0,0,78,78,28710,10,0,0,10,0
2020-07-20,US,Kansas,Ellsworth,14,0,0,38.69677695,-98.20462799,20053.0,229.43297279580463,0.0,14,14,0,0,14,14,6196,0,0,0,0,0
2020-07-20,US,Kansas,Finney,1628,10,0,38.04340344,-100.7381938,20055.0,4464.310198261443,0.6142506142506142,1618,1624,10,0,1614,1624,36611,4,0,0,4,0
2020-07-20,US,Kansas,Ford,1990,8,0,37.69200114,-99.88825298,20057.0,5919.271840328386,0.4020100502512563,1982,1982,8,0,1974,1982,33888,8,0,0,8,0
2020-07-20,US,Kansas,Franklin,117,1,0,38.56443815,-95.28644341,20059.0,458.03319761979327,0.8547008547008547,116,113,1,0,112,113,25631,4,0,0,4,0
2020-07-20,US,Kansas,Geary,90,1,0,38.99871131,-96.7577178,20061.0,284.1806125670982,1.1111111111111112,89,89,1,0,88,89,32594,1,0,0,1,0
2020-07-20,US,Kansas,Gove,2,0,0,38.91588178,-100.4829321,20063.0,75.87253414264036,0.0,2,2,0,0,2,2,2612,0,0,0,0,0
2020-07-20,US,Kansas,Graham,9,0,0,39.34987223,-99.88332493,20065.0,362.61079774375503,0.0,9,8,0,0,8,8,2492,1,0,0,1,0
2020-07-20,US,Kansas,Grant,78,2,0,37.56227336,-101.3079758,20067.0,1090.909090909091,2.5641025641025643,76,76,2,0,74,76,7336,2,0,0,2,0
2020-07-20,US,Kansas,Gray,46,0,0,37.73836671,-100.4369088,20069.0,768.2030728122912,0.0,46,46,0,0,46,46,6033,0,0,0,0,0
2020-07-20,US,Kansas,Greeley,3,0,0,38.4808095,-101.8061079,20071.0,243.50649350649346,0.0,3,3,0,0,3,3,1227,0,0,0,0,0
2020-07-20,US,Kansas,Greenwood,11,0,0,37.8774388,-96.23250453,20073.0,183.884988298228,0.0,11,11,0,0,11,11,6055,0,0,0,0,0
2020-07-20,US,Kansas,Hamilton,35,0,0,37.99978709,-101.7921066,20075.0,1378.4954706577396,0.0,35,35,0,0,35,35,2607,0,0,0,0,0
2020-07-20,US,Kansas,Harper,6,0,0,37.19175361,-98.07578384,20077.0,110.37527593818984,0.0,6,4,0,0,4,4,5506,2,0,0,2,0
2020-07-20,US,Kansas,Harvey,117,1,0,38.04293782,-97.42747573,20079.0,339.8297946498592,0.8547008547008547,116,106,1,0,105,106,34210,11,0,0,11,0
2020-07-20,US,Kansas,Haskell,33,0,0,37.5620394,-100.8710738,20081.0,831.6532258064516,0.0,33,33,0,0,33,33,3997,0,0,0,0,0
2020-07-20,US,Kansas,Hodgeman,10,0,0,38.08780079,-99.89829881,20083.0,557.4136008918617,0.0,10,10,0,0,10,10,1818,0,0,0,0,0
2020-07-20,US,Kansas,Jackson,130,1,0,39.41673394,-95.79356799,20085.0,987.016931136588,0.7692307692307693,129,124,1,0,123,124,13280,6,0,0,6,0
2020-07-20,US,Kansas,Jefferson,42,0,0,39.2347941,-95.38289232,20087.0,220.5534842199233,0.0,42,40,0,0,40,40,18975,2,0,0,2,0
2020-07-20,US,Kansas,Jewell,5,0,0,39.78470589,-98.21820662,20089.0,173.67141368530739,0.0,5,5,0,0,5,5,2841,0,0,0,0,0
2020-07-20,US,Kansas,Johnson,3828,96,0,38.88548175,-94.82250877,20091.0,635.4571124549926,2.5078369905956115,3732,3744,96,0,3648,3667,597555,84,0,0,84,77
2020-07-20,US,Kansas,Kearny,52,1,0,38.00017981,-101.321681,20093.0,1354.872329338197,1.9230769230769231,51,52,1,0,51,52,3943,0,0,0,0,0
2020-07-20,US,Kansas,Kingman,5,0,0,37.55909527,-98.13638678,20095.0,69.91051454138703,0.0,5,5,0,0,5,5,7310,0,0,0,0,0
2020-07-20,US,Kansas,Kiowa,6,0,0,37.55848695,-99.2856537,20097.0,242.42424242424244,0.0,6,5,0,0,5,5,2516,1,0,0,1,0
2020-07-20,US,Kansas,Labette,92,0,0,37.19113093,-95.29849679,20099.0,468.95708023243964,0.0,92,86,0,0,86,86,19964,6,0,0,6,0
2020-07-20,US,Kansas,Lane,5,0,0,38.48119447,-100.4660754,20101.0,325.73289902280135,0.0,5,5,0,0,5,5,1560,0,0,0,0,0
2020-07-20,US,Kansas,Leavenworth,1285,7,0,39.20183497,-95.03620809,20103.0,1571.7116367817216,0.5447470817120622,1278,1252,7,0,1245,1252,81352,33,0,0,33,0
2020-07-20,US,Kansas,Lincoln,5,0,0,39.04549684,-98.20756994,20105.0,168.8048615800135,0.0,5,5,0,0,5,5,3023,0,0,0,0,0
2020-07-20,US,Kansas,Linn,22,0,0,38.21267844,-94.84254089,20107.0,226.73399979387818,0.0,22,20,0,0,20,20,9750,2,0,0,2,0
2020-07-20,US,Kansas,Logan,2,0,0,38.91735806,-101.148475,20109.0,71.58196134574086,0.0,2,2,0,0,2,2,2844,0,0,0,0,0
2020-07-20,US,Kansas,Lyon,570,7,0,38.45576156,-96.15275715,20111.0,1717.1260732037958,1.2280701754385963,563,550,7,0,543,550,33406,20,0,0,20,0
2020-07-20,US,Kansas,Marion,29,1,0,38.35855394,-97.0985251,20115.0,244.0255806125884,3.4482758620689653,28,23,1,0,22,23,11950,6,0,0,6,0
2020-07-20,US,Kansas,Marshall,7,0,0,39.78359669,-96.52278974,20117.0,72.11290821056969,0.0,7,7,0,0,7,7,9722,0,0,0,0,0
2020-07-20,US,Kansas,McPherson,102,0,0,38.39184858,-97.64769869,20113.0,357.36808913180573,0.0,102,94,0,0,94,94,28537,8,0,0,8,0
2020-07-20,US,Kansas,Meade,33,0,0,37.23859987,-100.364831,20119.0,818.2494421026532,0.0,33,31,0,0,31,31,4146,2,0,0,2,0
2020-07-20,US,Kansas,Miami,79,0,0,38.56383358,-94.83832189,20121.0,230.74451616672025,0.0,79,69,0,0,69,69,33680,10,0,0,10,0
2020-07-20,US,Kansas,Mitchell,21,0,0,39.39331582,-98.20906732,20123.0,351.22930255895636,0.0,21,19,0,0,19,19,6150,2,0,0,2,0
2020-07-20,US,Kansas,Montgomery,108,3,0,37.19236568,-95.74329258,20125.0,339.31320493889217,2.7777777777777777,105,78,3,0,75,78,32120,30,0,0,30,0
2020-07-20,US,Kansas,Morris,6,0,0,38.68827511,-96.65128437,20127.0,106.76156583629893,0.0,6,6,0,0,6,6,5521,0,0,0,0,0
2020-07-20,US,Kansas,Morton,9,2,0,37.19141121,-101.79925190000002,20129.0,347.89331271743333,22.222222222222218,7,7,2,0,5,7,2667,2,0,0,2,0
2020-07-20,US,Kansas,Nemaha,37,0,0,39.78345387,-96.01392079,20131.0,361.6459779102727,0.0,37,37,0,0,37,37,10155,0,0,0,0,0
2020-07-20,US,Kansas,Neosho,49,0,0,37.55862897,-95.30670046,20133.0,306.11607421752984,0.0,49,48,0,0,48,48,15951,1,0,0,1,0
2020-07-20,US,Kansas,Ness,5,0,0,38.47974157,-99.91547333,20135.0,181.8181818181818,0.0,5,5,0,0,5,5,2840,0,0,0,0,0
2020-07-20,US,Kansas,Norton,22,0,0,39.78443827,-99.90286639,20137.0,410.37119940309645,0.0,22,22,0,0,22,22,5430,0,0,0,0,0
2020-07-20,US,Kansas,Osage,34,0,0,38.65235984,-95.72707998,20139.0,213.17950968712773,0.0,34,33,0,0,33,33,15941,1,0,0,1,0
2020-07-20,US,Kansas,Osborne,3,0,0,39.3503437,-98.76753828,20141.0,87.69365682548961,0.0,3,3,0,0,3,3,3475,0,0,0,0,0
2020-07-20,US,Kansas,Ottawa,26,0,0,39.13237408,-97.65020313,20143.0,455.82047685834505,0.0,26,22,0,0,22,22,5802,4,0,0,4,0
2020-07-20,US,Kansas,Pawnee,6,0,0,38.18108732,-99.23692334,20145.0,93.54536950420956,0.0,6,7,0,0,7,7,6562,-1,0,0,-1,0
2020-07-20,US,Kansas,Phillips,39,6,0,39.78465501,-99.34668865,20147.0,745.1280091708063,15.384615384615385,33,38,4,0,34,38,5317,1,2,0,-1,0
2020-07-20,US,Kansas,Pottawatomie,96,0,0,39.37925655,-96.34564657,20149.0,393.7169339293769,0.0,96,92,0,0,92,92,24277,4,0,0,4,0
2020-07-20,US,Kansas,Pratt,28,0,0,37.64780729,-98.73922153,20151.0,305.54343081623745,0.0,28,24,0,0,24,24,9378,4,0,0,4,0
2020-07-20,US,Kansas,Reno,165,0,0,37.95230263,-98.08607292,20155.0,266.1376173424949,0.0,165,161,0,0,161,157,62342,4,0,0,4,4
2020-07-20,US,Kansas,Republic,21,0,0,39.82799632,-97.65036709,20157.0,452.97670405522,0.0,21,21,0,0,21,21,4664,0,0,0,0,0
2020-07-20,US,Kansas,Rice,16,0,0,38.34616184,-98.19992118,20159.0,167.76764181608473,0.0,16,12,0,0,12,12,9531,4,0,0,4,0
2020-07-20,US,Kansas,Riley,398,3,0,39.28935726,-96.73420026,20161.0,536.1569134605022,0.7537688442211056,395,382,3,0,379,382,73703,16,0,0,16,0
2020-07-20,US,Kansas,Rooks,11,0,0,39.35022773,-99.32484567,20163.0,223.57723577235768,0.0,11,9,0,0,9,9,5013,2,0,0,2,0
2020-07-20,US,Kansas,Rush,4,0,0,38.52275276,-99.30863983,20165.0,131.75230566534916,0.0,4,4,0,0,4,4,3093,0,0,0,0,0
2020-07-20,US,Kansas,Russell,5,0,0,38.91462787,-98.76254297,20167.0,72.92882147024504,0.0,5,4,0,0,4,4,6907,1,0,0,1,0
2020-07-20,US,Kansas,Saline,296,3,0,38.78369175,-97.65185177,20169.0,545.8837415166715,1.0135135135135136,293,263,3,0,260,263,54401,33,0,0,33,0
2020-07-20,US,Kansas,Scott,20,0,0,38.48222076,-100.9066539,20171.0,414.6796599626789,0.0,20,19,0,0,19,19,4897,1,0,0,1,0
2020-07-20,US,Kansas,Sedgwick,2766,32,0,37.6842718,-97.4608198,20173.0,536.0028834862279,1.1569052783803326,2734,2637,32,0,2605,2553,513607,129,0,0,129,84
2020-07-20,US,Kansas,Seward,1105,2,0,37.19324632,-100.85072009999999,20175.0,5156.804181444839,0.18099547511312214,1103,1105,2,0,1103,1105,21780,0,0,0,0,0
2020-07-20,US,Kansas,Shawnee,1191,14,0,39.04100763,-95.7557264,20177.0,673.356890459364,1.1754827875734677,1177,1159,13,0,1146,1159,177499,32,1,0,31,0
2020-07-20,US,Kansas,Sheridan,7,0,0,39.35018161,-100.4418259,20179.0,277.66759222530743,0.0,7,7,0,0,7,7,2533,0,0,0,0,0
2020-07-20,US,Kansas,Sherman,9,0,0,39.35147699,-101.7197624,20181.0,152.1041068108839,0.0,9,9,0,0,9,9,5899,0,0,0,0,0
2020-07-20,US,Kansas,Smith,3,0,0,39.78516566,-98.78566062,20183.0,83.72871895060004,0.0,3,3,0,0,3,3,3603,0,0,0,0,0
2020-07-20,US,Kansas,Stafford,2,0,0,38.03100851,-98.71762001,20185.0,48.12319538017324,0.0,2,2,0,0,2,2,4178,0,0,0,0,0
2020-07-20,US,Kansas,Stanton,14,0,0,37.56304714,-101.7843534,20187.0,697.9062811565303,0.0,14,12,0,0,12,12,1987,2,0,0,2,0
2020-07-20,US,Kansas,Stevens,40,0,0,37.1923008,-101.3118967,20189.0,729.2616226071103,0.0,40,39,0,0,39,39,5559,1,0,0,1,0
2020-07-20,US,Kansas,Sumner,72,2,0,37.23682549,-97.47721621,20191.0,315.2916447714136,2.7777777777777777,70,62,2,0,60,62,22996,10,0,0,10,0
2020-07-20,US,Kansas,Thomas,23,0,0,39.35107575,-101.0553705,20193.0,295.74386010029576,0.0,23,21,0,0,21,21,7711,2,0,0,2,0
2020-07-20,US,Kansas,Trego,5,0,0,38.91467218,-99.87284448,20195.0,178.38030681412772,0.0,5,5,0,0,5,5,2793,0,0,0,0,0
2020-07-20,US,Kansas,Unassigned,0,1,0,0.0,0.0,90020.0,0.0,0.0,-1,0,1,0,-1,0,,0,0,0,0,0
2020-07-20,US,Kansas,Wabaunsee,40,0,0,38.95471985,-96.20350509,20197.0,577.1172990910403,0.0,40,39,0,0,39,39,6899,1,0,0,1,0
2020-07-20,US,Kansas,Washington,2,0,0,39.78420784,-97.0875323,20201.0,36.99593044765076,0.0,2,2,0,0,2,2,5420,0,0,0,0,0
2020-07-20,US,Kansas,Wilson,6,0,0,37.55937174,-95.74323255,20205.0,70.38123167155425,0.0,6,5,0,0,5,5,8665,1,0,0,1,0
2020-07-20,US,Kansas,Woodson,11,0,0,37.8865336,-95.74006277,20207.0,350.54174633524536,0.0,11,10,0,0,10,10,3183,1,0,0,1,0
2020-07-20,US,Kansas,Wyandotte,3701,89,0,39.11727348,-94.76378225,20209.0,2237.213547806007,2.4047554714941906,3612,3655,89,0,3566,3517,165324,46,0,0,46,138
2020-07-20,US,Kentucky,Adair,164,19,0,37.10459774,-85.28129668,21001.0,854.0777002395582,11.585365853658535,145,163,19,0,144,158,19215,1,0,0,1,5
2020-07-20,US,Kentucky,Allen,199,7,0,36.75197631,-86.19457544,21003.0,933.614825240441,3.5175879396984926,192,199,7,0,192,198,21122,0,0,0,0,1
2020-07-20,US,Kentucky,Anderson,36,1,0,38.00671029,-84.99171713,21005.0,158.26262803886226,2.7777777777777777,35,35,1,0,34,34,22663,1,0,0,1,1
2020-07-20,US,Kentucky,Ballard,25,0,0,37.05842757,-88.99427697,21007.0,316.9371196754564,0.0,25,25,0,0,25,25,7979,0,0,0,0,0
2020-07-20,US,Kentucky,Barren,172,2,0,36.96469836,-85.93338945,21009.0,388.70934936382736,1.162790697674419,170,171,2,0,169,160,44176,1,0,0,1,11
2020-07-20,US,Kentucky,Bath,23,1,0,38.14735938,-83.74588932,21011.0,184.0,4.3478260869565215,22,23,1,0,22,23,12383,0,0,0,0,0
2020-07-20,US,Kentucky,Bell,160,1,0,36.73355174,-83.67766671,21013.0,614.6281499692686,0.625,159,159,1,0,158,154,26569,1,0,0,1,5
2020-07-20,US,Kentucky,Boone,839,23,0,38.97065142,-84.72615357,21015.0,628.083335204857,2.7413587604290823,816,837,23,0,814,811,131533,2,0,0,2,26
2020-07-20,US,Kentucky,Bourbon,55,1,0,38.2054607,-84.21827874,21017.0,277.9462300384071,1.818181818181818,54,54,1,0,53,54,20184,1,0,0,1,0
2020-07-20,US,Kentucky,Boyd,122,3,0,38.36176608,-82.68652187,21019.0,261.1413159809923,2.459016393442623,119,116,3,0,113,115,47240,6,0,0,6,1
2020-07-20,US,Kentucky,Boyle,60,0,0,37.62680923,-84.8633779,21021.0,199.60079840319358,0.0,60,58,0,0,58,58,30100,2,0,0,2,0
2020-07-20,US,Kentucky,Bracken,24,0,0,38.69158994,-84.08532444,21023.0,289.0521498253643,0.0,24,24,0,0,24,24,8239,0,0,0,0,0
2020-07-20,US,Kentucky,Breathitt,16,0,0,37.52333168,-83.31959161,21025.0,126.6825019794141,0.0,16,16,0,0,16,16,12726,0,0,0,0,0
2020-07-20,US,Kentucky,Breckinridge,38,2,0,37.77377239,-86.42885017,21027.0,185.57405870000488,5.2631578947368425,36,37,2,0,35,37,20388,1,0,0,1,0
2020-07-20,US,Kentucky,Bullitt,198,4,0,37.97162523,-85.68955617,21029.0,242.4212743033449,2.0202020202020203,194,197,4,0,193,195,81069,1,0,0,1,2
2020-07-20,US,Kentucky,Butler,280,14,0,37.20946153,-86.68748787,21031.0,2174.081838652069,5.0,266,280,14,0,266,276,12772,0,0,0,0,4
2020-07-20,US,Kentucky,Caldwell,41,0,0,37.14749129,-87.86948214,21033.0,321.6443084647368,0.0,41,41,0,0,41,41,12715,0,0,0,0,0
2020-07-20,US,Kentucky,Calloway,133,1,0,36.62093411,-88.2731593,21035.0,341.016897002641,0.7518796992481203,132,133,1,0,132,129,39135,0,0,0,0,4
2020-07-20,US,Kentucky,Campbell,396,13,0,38.94384345,-84.37875208,21037.0,423.14925628312517,3.2828282828282833,383,391,13,0,378,373,93152,5,0,0,5,18
2020-07-20,US,Kentucky,Carlisle,14,1,0,36.85372876,-88.96692220000001,21039.0,294.11764705882354,7.142857142857142,13,14,1,0,13,13,4771,0,0,0,0,1
2020-07-20,US,Kentucky,Carroll,125,2,0,38.66599534,-85.12601074,21041.0,1175.8066033298844,1.6,123,126,2,0,124,106,10737,-1,0,0,-1,20
2020-07-20,US,Kentucky,Carter,70,1,0,38.31690743,-83.05092385,21043.0,261.2232712617084,1.4285714285714286,69,69,1,0,68,58,27004,1,0,0,1,11
2020-07-20,US,Kentucky,Casey,103,6,0,37.32533118,-84.92726209,21045.0,637.4156816634693,5.825242718446603,97,100,5,0,95,92,15888,3,1,0,2,8
2020-07-20,US,Kentucky,Christian,366,4,0,36.89267803,-87.49055367,21047.0,519.4362839017327,1.0928961748633879,362,361,4,0,357,339,71671,5,0,0,5,22
2020-07-20,US,Kentucky,Clark,121,7,0,37.9689263,-84.14615986,21049.0,333.67344124865565,5.785123966942148,114,121,7,0,114,120,36249,0,0,0,0,1
2020-07-20,US,Kentucky,Clay,115,4,0,37.16451126,-83.712575,21051.0,577.8604090246721,3.4782608695652173,111,114,4,0,110,111,20105,1,0,0,1,3
2020-07-20,US,Kentucky,Clinton,12,0,0,36.72581156,-85.13377529,21053.0,117.43981209630064,0.0,12,12,0,0,12,10,10206,0,0,0,0,2
2020-07-20,US,Kentucky,Crittenden,20,1,0,37.35839237,-88.08826090000002,21055.0,227.11787417669768,5.0,19,19,1,0,18,19,8915,1,0,0,1,0
2020-07-20,US,Kentucky,Cumberland,16,0,0,36.78926125,-85.39050034,21057.0,241.9110976716057,0.0,16,15,0,0,15,11,6659,1,0,0,1,4
2020-07-20,US,Kentucky,Daviess,575,8,0,37.73028906,-87.09019479999998,21059.0,566.4410753514397,1.391304347826087,567,570,8,0,562,562,101104,5,0,0,5,8
2020-07-20,US,Kentucky,Edmonson,82,12,0,37.21218923,-86.23955613,21061.0,674.8971193415637,14.634146341463413,70,82,12,0,70,82,12274,0,0,0,0,0
2020-07-20,US,Kentucky,Elliott,7,0,0,38.11624059,-83.09771563,21063.0,93.1222562192364,0.0,7,7,0,0,7,7,7508,0,0,0,0,0
2020-07-20,US,Kentucky,Estill,8,0,0,37.69241417,-83.95956369,21065.0,56.713455267262155,0.0,8,8,0,0,8,7,14198,0,0,0,0,1
2020-07-20,US,Kentucky,Fayette,2147,41,0,38.0368225,-84.45576892,21067.0,664.3932267168392,1.9096413600372613,2106,2111,41,0,2070,2062,323780,36,0,0,36,49
2020-07-20,US,Kentucky,Fleming,41,0,0,38.36758311,-83.69657514,21069.0,281.1878471984089,0.0,41,41,0,0,41,38,14432,0,0,0,0,3
2020-07-20,US,Kentucky,Floyd,57,1,0,37.56213922,-82.74750924,21071.0,160.1618477619489,1.7543859649122806,56,57,1,0,56,54,35845,0,0,0,0,3
2020-07-20,US,Kentucky,Franklin,187,5,0,38.2379395,-84.87962551,21073.0,366.7313839697201,2.6737967914438503,182,186,5,0,181,181,50815,1,0,0,1,5
2020-07-20,US,Kentucky,Fulton,31,1,0,36.55238827,-89.20140068,21075.0,519.3499748701627,3.2258064516129035,30,31,1,0,30,31,6120,0,0,0,0,0
2020-07-20,US,Kentucky,Gallatin,72,8,0,38.75398691,-84.8558382,21077.0,811.8164392828952,11.111111111111109,64,72,8,0,64,72,8832,0,0,0,0,0
2020-07-20,US,Kentucky,Garrard,45,0,0,37.6388668,-84.53289319,21079.0,254.72659345635685,0.0,45,45,0,0,45,44,17560,0,0,0,0,1
2020-07-20,US,Kentucky,Grant,79,5,0,38.64962758,-84.62415957,21081.0,315.1302405361203,6.329113924050633,74,77,5,0,72,75,25121,2,0,0,2,2
2020-07-20,US,Kentucky,Graves,387,21,0,36.72292505,-88.65143315,21083.0,1038.4801159233618,5.426356589147288,366,382,21,0,361,373,37317,5,0,0,5,9
2020-07-20,US,Kentucky,Grayson,159,11,0,37.46231118,-86.34248968,21085.0,601.6573958451584,6.918238993710692,148,158,11,0,147,157,26321,1,0,0,1,1
2020-07-20,US,Kentucky,Green,17,1,0,37.26484328,-85.5540745,21087.0,155.37885019650855,5.882352941176472,16,14,1,0,13,14,11049,3,0,0,3,0
2020-07-20,US,Kentucky,Greenup,57,0,0,38.54332505,-82.9215658,21089.0,162.40241609208505,0.0,57,53,0,0,53,50,35268,4,0,0,4,3
2020-07-20,US,Kentucky,Hancock,35,0,0,37.83766422,-86.78280584,21091.0,401.2841091492777,0.0,35,35,0,0,35,34,8758,0,0,0,0,1
2020-07-20,US,Kentucky,Hardin,360,7,0,37.6976111,-85.96319251,21093.0,324.44708808738443,1.9444444444444444,353,355,7,0,348,336,110356,5,0,0,5,19
2020-07-20,US,Kentucky,Harlan,83,2,0,36.85699301,-83.21899516,21095.0,319.1080353710112,2.409638554216868,81,78,2,0,76,65,26409,5,0,0,5,13
2020-07-20,US,Kentucky,Harrison,95,0,0,38.44188174,-84.32869741,21097.0,503.01810865191146,0.0,95,91,0,0,91,88,18778,4,0,0,4,3
2020-07-20,US,Kentucky,Hart,57,0,0,37.29943898,-85.88461055,21099.0,299.4483845547676,0.0,57,57,0,0,57,56,18906,0,0,0,0,1
2020-07-20,US,Kentucky,Henderson,233,3,0,37.79344553,-87.57392021,21101.0,515.372705153727,1.2875536480686696,230,232,3,0,229,224,45591,1,0,0,1,8
2020-07-20,US,Kentucky,Henry,61,2,0,38.44942688,-85.11587507,21103.0,378.2711149696144,3.278688524590164,59,61,2,0,59,56,16106,0,0,0,0,5
2020-07-20,US,Kentucky,Hickman,14,0,0,36.67948079999999,-88.97875928,21105.0,319.634703196347,0.0,14,14,0,0,14,12,4421,0,0,0,0,2
2020-07-20,US,Kentucky,Hopkins,353,33,0,37.30939025,-87.54670406,21107.0,789.9565859553328,9.34844192634561,320,353,33,0,320,345,45068,0,0,0,0,8
2020-07-20,US,Kentucky,Jackson,118,14,0,37.41866422,-83.99825483,21109.0,885.2877185085154,11.864406779661017,104,118,14,0,104,118,13442,0,0,0,0,0
2020-07-20,US,Kentucky,Jefferson,5263,215,0,38.18664655,-85.65931031,21111.0,686.3973853515521,4.0851225536766105,5048,5170,215,0,4955,4962,770517,93,0,0,93,208
2020-07-20,US,Kentucky,Jessamine,179,0,0,37.87119786,-84.58252003,21113.0,330.7770488773908,0.0,179,180,0,0,180,169,53920,-1,0,0,-1,11
2020-07-20,US,Kentucky,Johnson,16,0,0,37.85106355,-82.8264322,21115.0,72.11105101856859,0.0,16,16,0,0,16,13,22386,0,0,0,0,3
2020-07-20,US,Kentucky,Kenton,1061,37,0,38.93950319,-84.53241199,21117.0,635.3369501431155,3.4872761545711595,1024,1053,37,0,1016,981,166051,8,0,0,8,72
2020-07-20,US,Kentucky,Knott,26,0,0,37.35388197,-82.94981134,21119.0,175.6044846683777,0.0,26,26,0,0,26,24,15126,0,0,0,0,2
2020-07-20,US,Kentucky,Knox,142,7,0,36.89225732,-83.85403396,21121.0,455.93193128913146,4.929577464788731,135,140,7,0,133,127,31304,2,0,0,2,13
2020-07-20,US,Kentucky,Larue,27,1,0,37.54567114,-85.70138352,21123.0,187.52604528406727,3.703703703703704,26,27,1,0,26,25,14307,0,0,0,0,2
2020-07-20,US,Kentucky,Laurel,253,4,0,37.10975748,-84.11321779,21125.0,416.0294673836186,1.5810276679841897,249,251,4,0,247,245,60669,2,0,0,2,6
2020-07-20,US,Kentucky,Lawrence,16,0,0,38.07136018,-82.72882223,21127.0,104.4590977345433,0.0,16,15,0,0,15,14,15571,1,0,0,1,1
2020-07-20,US,Kentucky,Lee,3,0,0,37.59645942,-83.71513901,21129.0,40.52411184654871,0.0,3,2,0,0,2,1,7033,1,0,0,1,1
2020-07-20,US,Kentucky,Leslie,13,0,0,37.09246661,-83.37999606,21131.0,131.61891262529107,0.0,13,13,0,0,13,13,10143,0,0,0,0,0
2020-07-20,US,Kentucky,Letcher,26,0,0,37.12306748,-82.85346474,21133.0,120.63285853477474,0.0,26,26,0,0,26,22,21899,0,0,0,0,4
2020-07-20,US,Kentucky,Lewis,26,0,0,38.53184419,-83.37735618,21135.0,195.8568738229756,0.0,26,26,0,0,26,25,13257,0,0,0,0,1
2020-07-20,US,Kentucky,Lincoln,73,1,0,37.45475628,-84.6565327,21137.0,297.3644547639415,1.3698630136986298,72,73,1,0,72,71,24644,0,0,0,0,2
2020-07-20,US,Kentucky,Livingston,26,0,0,37.21137452,-88.34797529,21139.0,282.7931259517076,0.0,26,25,0,0,25,24,9242,1,0,0,1,1
2020-07-20,US,Kentucky,Logan,270,19,0,36.85949479,-86.877635,21141.0,996.2364401151207,7.037037037037037,251,269,19,0,250,266,26989,1,0,0,1,3
2020-07-20,US,Kentucky,Lyon,25,3,0,37.02080035,-88.07886257,21143.0,304.50669914738125,12.0,22,25,3,0,22,25,8009,0,0,0,0,0
2020-07-20,US,Kentucky,Madison,258,1,0,37.71659336,-84.27220275,21151.0,277.45813930979597,0.3875968992248062,257,258,1,0,257,254,92368,0,0,0,0,4
2020-07-20,US,Kentucky,Magoffin,7,0,0,37.70820545,-83.0657714,21153.0,57.561055834224156,0.0,7,7,0,0,7,7,12362,0,0,0,0,0
2020-07-20,US,Kentucky,Marion,81,0,0,37.55218078,-85.26898542,21155.0,420.2770715508743,0.0,81,79,0,0,79,79,19404,2,0,0,2,0
2020-07-20,US,Kentucky,Marshall,92,2,0,36.88007070000001,-88.32803576,21157.0,295.81993569131834,2.1739130434782608,90,92,2,0,90,88,31191,0,0,0,0,4
2020-07-20,US,Kentucky,Martin,15,0,0,37.79990579,-82.51247478,21159.0,133.9883876730683,0.0,15,15,0,0,15,13,11323,0,0,0,0,2
2020-07-20,US,Kentucky,Mason,44,1,0,38.59471935,-83.82151043,21161.0,257.7621558289397,2.272727272727273,43,43,1,0,42,42,17150,1,0,0,1,1
2020-07-20,US,Kentucky,McCracken,245,3,0,37.05350953,-88.70445755,21145.0,374.5146595738176,1.2244897959183674,242,243,3,0,240,226,65346,2,0,0,2,17
2020-07-20,US,Kentucky,McCreary,20,0,0,36.73874143,-84.48102924,21147.0,116.06987406418665,0.0,20,19,0,0,19,19,17408,1,0,0,1,0
2020-07-20,US,Kentucky,McLean,35,1,0,37.5301951,-87.26803443,21149.0,380.145541435864,2.8571428571428568,34,35,1,0,34,34,9252,0,0,0,0,1
2020-07-20,US,Kentucky,Meade,50,2,0,37.96163597,-86.21028219,21163.0,174.99650006999858,4.0,48,49,2,0,47,44,28715,1,0,0,1,5
2020-07-20,US,Kentucky,Menifee,19,0,0,37.94090733,-83.59985712,21165.0,292.8032054245646,0.0,19,19,0,0,19,19,6451,0,0,0,0,0
2020-07-20,US,Kentucky,Mercer,32,0,0,37.81474237,-84.87488475,21167.0,145.89887384306752,0.0,32,32,0,0,32,32,21774,0,0,0,0,0
2020-07-20,US,Kentucky,Metcalfe,18,2,0,36.99459295,-85.63123699,21169.0,178.7310098302056,11.111111111111109,16,18,2,0,16,18,10030,0,0,0,0,0
2020-07-20,US,Kentucky,Monroe,61,2,0,36.71225341,-85.71596443,21171.0,572.7699530516431,3.278688524590164,59,61,2,0,59,58,10718,0,0,0,0,3
2020-07-20,US,Kentucky,Montgomery,89,0,0,38.03253032,-83.9145241,21173.0,316.08481017153815,0.0,89,89,0,0,89,86,28203,0,0,0,0,3
2020-07-20,US,Kentucky,Morgan,23,0,0,37.92465657,-83.25558245,21175.0,172.81538808325195,0.0,23,23,0,0,23,22,13345,0,0,0,0,1
2020-07-20,US,Kentucky,Muhlenberg,574,9,0,37.21425819,-87.14632053,21177.0,1874.4693357716674,1.56794425087108,565,571,9,0,562,565,30774,3,0,0,3,6
2020-07-20,US,Kentucky,Nelson,147,2,0,37.80335779,-85.4657193,21179.0,317.9547076763352,1.3605442176870748,145,145,2,0,143,137,45851,2,0,0,2,8
2020-07-20,US,Kentucky,Nicholas,17,0,0,38.33342292,-84.01889177,21181.0,233.86985830237998,0.0,17,17,0,0,17,14,7166,0,0,0,0,3
2020-07-20,US,Kentucky,Ohio,292,1,0,37.47751843,-86.85368087,21183.0,1216.9709093940153,0.3424657534246575,291,291,1,0,290,281,24087,1,0,0,1,10
2020-07-20,US,Kentucky,Oldham,398,8,0,38.39791089,-85.448222,21185.0,595.8173026542313,2.010050251256281,390,396,8,0,388,300,66470,2,0,0,2,96
2020-07-20,US,Kentucky,Owen,22,0,0,38.51679143,-84.82404619,21187.0,201.81634712411704,0.0,22,22,0,0,22,20,10880,0,0,0,0,2
2020-07-20,US,Kentucky,Owsley,4,0,0,37.42823949,-83.68811419,21189.0,90.60022650056624,0.0,4,4,0,0,4,3,4472,0,0,0,0,1
2020-07-20,US,Kentucky,Pendleton,28,0,0,38.69607718,-84.35599463,21191.0,191.91226867717614,0.0,28,28,0,0,28,26,14529,0,0,0,0,2
2020-07-20,US,Kentucky,Perry,123,2,0,37.25023553,-83.22922731,21193.0,477.5215467039366,1.6260162601626016,121,122,2,0,120,117,26092,1,0,0,1,5
2020-07-20,US,Kentucky,Pike,156,3,0,37.47088263,-82.39487445,21195.0,269.54177897574124,1.9230769230769231,153,156,3,0,153,143,58402,0,0,0,0,13
2020-07-20,US,Kentucky,Powell,30,0,0,37.83218794,-83.82553961,21197.0,242.73808560563148,0.0,30,29,0,0,29,21,12442,1,0,0,1,8
2020-07-20,US,Kentucky,Pulaski,156,2,0,37.10466131,-84.57629079,21199.0,240.077563520522,1.2820512820512822,154,153,2,0,151,141,64623,3,0,0,3,12
2020-07-20,US,Kentucky,Robertson,2,0,0,38.51923469,-84.05055616,21201.0,94.87666034155598,0.0,2,2,0,0,2,2,2135,0,0,0,0,0
2020-07-20,US,Kentucky,Rockcastle,40,0,0,37.36642393,-84.31176452,21203.0,239.5926924228811,0.0,40,40,0,0,40,40,16750,0,0,0,0,0
2020-07-20,US,Kentucky,Rowan,44,0,0,38.19484205,-83.42088935,21205.0,179.88552739165985,0.0,44,44,0,0,44,39,24583,0,0,0,0,5
2020-07-20,US,Kentucky,Russell,76,5,0,36.99308373,-85.06070117,21207.0,424.03615466160795,6.578947368421053,71,75,5,0,70,74,17821,1,0,0,1,1
2020-07-20,US,Kentucky,Scott,169,0,0,38.29622293,-84.5816631,21209.0,296.4704231282015,0.0,169,168,0,0,168,153,56031,1,0,0,1,15
2020-07-20,US,Kentucky,Shelby,620,21,0,38.21476019,-85.194223,21211.0,1264.686684073107,3.3870967741935485,599,613,21,0,592,598,48518,7,0,0,7,15
2020-07-20,US,Kentucky,Simpson,108,4,0,36.74058474,-86.58047435,21213.0,581.5205685978892,3.703703703703704,104,108,4,0,104,96,18529,0,0,0,0,12
2020-07-20,US,Kentucky,Spencer,62,0,0,38.03223971,-85.32749335,21215.0,320.3968787142784,0.0,62,62,0,0,62,59,18794,0,0,0,0,3
2020-07-20,US,Kentucky,Taylor,72,1,0,37.3677562,-85.3329931,21217.0,279.4054872133184,1.3888888888888888,71,69,1,0,68,67,25549,3,0,0,3,2
2020-07-20,US,Kentucky,Todd,28,0,0,36.8381152,-87.17878374,21219.0,227.7533756303888,0.0,28,28,0,0,28,27,12311,0,0,0,0,1
2020-07-20,US,Kentucky,Trigg,37,0,0,36.80767017,-87.87333656,21221.0,252.5424885673333,0.0,37,37,0,0,37,37,14643,0,0,0,0,0
2020-07-20,US,Kentucky,Trimble,25,0,0,38.61056487,-85.33775972,21223.0,295.12454255695906,0.0,25,25,0,0,25,20,8515,0,0,0,0,5
2020-07-20,US,Kentucky,Unassigned,4,0,0,0.0,0.0,90021.0,0.0,0.0,4,6,0,0,6,6,,-2,0,0,-2,0
2020-07-20,US,Kentucky,Union,37,0,0,37.66166713,-87.94300009,21225.0,257.2839162784229,0.0,37,37,0,0,37,34,14505,0,0,0,0,3
2020-07-20,US,Kentucky,Warren,1992,19,0,36.99903045,-86.42672751,21227.0,1498.916445942692,0.9538152610441768,1973,1985,19,0,1966,1911,131264,7,0,0,7,74
2020-07-20,US,Kentucky,Washington,39,0,0,37.75599461,-85.17407732,21229.0,322.4472922695328,0.0,39,39,0,0,39,39,12084,0,0,0,0,0
2020-07-20,US,Kentucky,Wayne,36,0,0,36.80310688,-84.8251971,21231.0,177.05208282102984,0.0,36,35,0,0,35,32,20468,1,0,0,1,3
2020-07-20,US,Kentucky,Webster,63,0,0,37.52168356,-87.67989953,21233.0,486.78720445062584,0.0,63,63,0,0,63,60,13111,0,0,0,0,3
2020-07-20,US,Kentucky,Whitley,72,0,0,36.75700531,-84.14541217,21235.0,198.5440105890139,0.0,72,71,0,0,71,69,36242,1,0,0,1,2
2020-07-20,US,Kentucky,Wolfe,6,0,0,37.73941626,-83.49303612,21237.0,83.83400866284757,0.0,6,6,0,0,6,6,7177,0,0,0,0,0
2020-07-20,US,Kentucky,Woodford,98,0,0,38.04178222,-84.7417556,21239.0,366.57439964090673,0.0,98,97,0,0,97,96,26533,1,0,0,1,1
2020-07-20,US,Louisiana,Acadia,1844,53,0,30.2950649,-92.41419698,22001.0,2972.036425175276,2.874186550976139,1791,1696,51,0,1645,1610,62190,148,2,0,146,86
2020-07-20,US,Louisiana,Allen,727,14,0,30.65385745,-92.82442028,22003.0,2836.851757911578,1.9257221458046767,713,628,14,0,614,573,25605,99,0,0,99,55
2020-07-20,US,Louisiana,Ascension,1976,65,0,30.20406249,-90.91328409999998,22005.0,1560.7721714953714,3.2894736842105265,1911,1896,64,0,1832,1826,124672,80,1,0,79,70
2020-07-20,US,Louisiana,Assumption,452,17,0,29.89946234,-91.06461642,22007.0,2064.7754785071493,3.761061946902655,435,449,17,0,432,445,22300,3,0,0,3,4
2020-07-20,US,Louisiana,Avoyelles,655,20,0,31.07796211,-92.00079449,22009.0,1631.6261458748504,3.053435114503817,635,619,20,0,599,588,40462,36,0,0,36,31
2020-07-20,US,Louisiana,Beauregard,493,9,0,30.64836518,-93.34173616,22011.0,1314.7718484145398,1.8255578093306288,484,471,9,0,462,441,37253,22,0,0,22,30
2020-07-20,US,Louisiana,Bienville,317,28,0,32.34569994,-93.05398492,22013.0,2394.078997054603,8.832807570977918,289,297,28,0,269,284,13308,20,0,0,20,13
2020-07-20,US,Louisiana,Bossier,1602,47,0,32.67932307,-93.60460152,22015.0,1261.0300773778129,2.933832709113608,1555,1564,45,0,1519,1474,127185,38,2,0,36,90
2020-07-20,US,Louisiana,Caddo,5041,258,0,32.57991587,-93.88375652,22017.0,2098.6328287622187,5.118032136480856,4783,4965,257,0,4708,4798,242922,76,1,0,75,167
2020-07-20,US,Louisiana,Calcasieu,4481,84,0,30.22931235,-93.35400434,22019.0,2202.658329892448,1.8745815666145949,4397,4231,80,0,4151,4028,203112,250,4,0,246,203
2020-07-20,US,Louisiana,Caldwell,161,1,0,32.0902519,-92.11752148,22021.0,1623.3111514418229,0.6211180124223602,160,142,1,0,141,133,9960,19,0,0,19,9
2020-07-20,US,Louisiana,Cameron,125,0,0,29.87592238,-93.19310676,22023.0,1792.6287107414312,0.0,125,123,0,0,123,119,6968,2,0,0,2,4
2020-07-20,US,Louisiana,Catahoula,235,3,0,31.66778967,-91.84526385,22025.0,2475.247524752476,1.2765957446808511,232,222,3,0,219,221,9608,13,0,0,13,1
2020-07-20,US,Louisiana,Claiborne,170,10,0,32.82308512,-92.99526883,22027.0,1084.8755583918314,5.882352941176472,160,165,10,0,155,161,15944,5,0,0,5,4
2020-07-20,US,Louisiana,Concordia,192,7,0,31.44817835,-91.63814433,22029.0,996.936497222078,3.6458333333333335,185,178,7,0,171,169,19572,14,0,0,14,9
2020-07-20,US,Louisiana,De Soto,502,22,0,32.05457447,-93.74130302,22031.0,1827.9139205476456,4.382470119521912,480,491,21,0,470,474,27436,11,1,0,10,17
2020-07-20,US,Louisiana,East Baton Rouge,8578,289,0,30.53842039,-91.09777565,22033.0,1949.284073271993,3.369083702494754,8289,8366,288,0,8078,8044,440956,212,1,0,211,322
2020-07-20,US,Louisiana,East Carroll,484,1,0,32.73926954,-91.23425694,22035.0,7054.365252878589,0.2066115702479339,483,483,1,0,482,482,7037,1,0,0,1,1
2020-07-20,US,Louisiana,East Feliciana,407,34,0,30.84425359,-91.04976723,22037.0,2126.992422262869,8.353808353808352,373,396,34,0,362,389,19305,11,0,0,11,7
2020-07-20,US,Louisiana,Evangeline,494,2,0,30.72985248,-92.39915924,22039.0,1479.2633627788593,0.4048582995951417,492,441,2,0,439,414,33443,53,0,0,53,27
2020-07-20,US,Louisiana,Franklin,634,14,0,32.13675181,-91.67589857,22041.0,3167.624281788659,2.2082018927444795,620,628,14,0,614,610,20156,6,0,0,6,18
2020-07-20,US,Louisiana,Grant,173,3,0,31.59882456,-92.56124347,22043.0,772.7008798963777,1.7341040462427746,170,154,3,0,151,150,22482,19,0,0,19,4
2020-07-20,US,Louisiana,Iberia,1671,54,0,29.86803617,-91.75871777,22045.0,2392.9543176285265,3.2315978456014363,1617,1607,53,0,1554,1550,70941,64,1,0,63,57
2020-07-20,US,Louisiana,Iberville,921,44,0,30.25734305,-91.3499598,22047.0,2832.8873304420044,4.77741585233442,877,910,43,0,867,896,32721,11,1,0,10,14
2020-07-20,US,Louisiana,Jackson,318,18,0,32.30251776,-92.55692092,22049.0,2019.817073170732,5.660377358490566,300,276,18,0,258,264,15902,42,0,0,42,12
2020-07-20,US,Louisiana,Jefferson,12486,501,0,29.74075478,-90.11115756,22051.0,2886.9831419236853,4.012493993272465,11985,12254,500,0,11754,12030,434051,232,1,0,231,224
2020-07-20,US,Louisiana,Jefferson Davis,801,17,0,30.26896765,-92.81210004,22053.0,2553.557765876052,2.1223470661672907,784,753,16,0,737,721,31582,48,1,0,47,32
2020-07-20,US,Louisiana,LaSalle,163,1,0,31.67884782,-92.15907765,22059.0,1094.5474080042977,0.6134969325153374,162,144,1,0,143,140,14917,19,0,0,19,4
2020-07-20,US,Louisiana,Lafayette,5001,59,0,30.2049055,-92.06959876,22055.0,2046.3194075043991,1.179764047190562,4942,4848,59,0,4789,4644,242782,153,0,0,153,204
2020-07-20,US,Louisiana,Lafourche,2045,92,0,29.52470226,-90.40976986,22057.0,2094.986374905239,4.49877750611247,1953,1928,92,0,1836,1842,98115,117,0,0,117,86
2020-07-20,US,Louisiana,Lincoln,558,20,0,32.6003154,-92.6659741,22061.0,1193.7871721364086,3.584229390681004,538,505,20,0,485,482,47196,53,0,0,53,23
2020-07-20,US,Louisiana,Livingston,1990,43,0,30.44143993,-90.73061664,22063.0,1413.4626995006713,2.1608040201005023,1947,1892,42,0,1850,1796,139567,98,1,0,97,96
2020-07-20,US,Louisiana,Madison,486,6,0,32.36918118,-91.23973355,22065.0,4437.950872066478,1.2345679012345678,480,478,6,0,472,468,11161,8,0,0,8,10
2020-07-20,US,Louisiana,Morehouse,339,10,0,32.81686191,-91.80421614,22067.0,1362.86885904961,2.949852507374631,329,335,10,0,325,319,25398,4,0,0,4,16
2020-07-20,US,Louisiana,Natchitoches,491,14,0,31.72321584,-93.09816516,22069.0,1286.7550710204935,2.8513238289205702,477,483,14,0,469,466,38659,8,0,0,8,17
2020-07-20,US,Louisiana,Orleans,9379,546,0,30.06971951,-89.92660315,22071.0,2403.9841699475064,5.821516153108008,8833,9265,545,0,8720,9160,391006,114,1,0,113,105
2020-07-20,US,Louisiana,Ouachita,3643,95,0,32.47645559,-92.15704172,22073.0,2376.71174785848,2.6077408729069447,3548,3569,96,0,3473,3475,154475,74,-1,0,75,94
2020-07-20,US,Louisiana,Plaquemines,344,18,0,29.42245447,-89.60322085,22075.0,1482.9503815148514,5.232558139534883,326,341,18,0,323,338,23410,3,0,0,3,3
2020-07-20,US,Louisiana,Pointe Coupee,520,28,0,30.71409502,-91.60209535,22077.0,2393.005062126093,5.384615384615384,492,499,28,0,471,467,21940,21,0,0,21,32
2020-07-20,US,Louisiana,Rapides,2371,90,0,31.19778499,-92.52997303,22079.0,1828.79797605825,3.795866722901729,2281,2278,85,0,2193,2201,130562,93,5,0,88,77
2020-07-20,US,Louisiana,Red River,131,9,0,32.09530039,-93.34213308,22081.0,1551.7649846008053,6.870229007633588,122,129,9,0,120,118,8477,2,0,0,2,11
2020-07-20,US,Louisiana,Richland,382,5,0,32.41391005,-91.76634876,22083.0,1898.419640194812,1.3089005235602094,377,372,5,0,367,348,20192,10,0,0,10,24
2020-07-20,US,Louisiana,Sabine,379,3,0,31.56388699,-93.55433981,22085.0,1586.8363758164462,0.7915567282321899,376,304,3,0,301,274,24032,75,0,0,75,30
2020-07-20,US,Louisiana,St. Bernard,830,24,0,29.87761636,-89.51887093,22087.0,1756.8368470070272,2.8915662650602414,806,816,24,0,792,792,46721,14,0,0,14,24
2020-07-20,US,Louisiana,St. Charles,1032,50,0,29.90709658,-90.35555967,22089.0,1943.502824858757,4.844961240310077,982,1012,50,0,962,969,52879,20,0,0,20,43
2020-07-20,US,Louisiana,St. Helena,169,1,0,30.82210324,-90.71013176,22091.0,1667.982629293328,0.591715976331361,168,164,1,0,163,156,10262,5,0,0,5,8
2020-07-20,US,Louisiana,St. James,518,30,0,30.02531716,-90.80212061,22093.0,2455.44178991278,5.791505791505792,488,510,30,0,480,500,21037,8,0,0,8,10
2020-07-20,US,Louisiana,St. John the Baptist,1163,88,0,30.12597499,-90.4753503,22095.0,2714.9426897308404,7.566638005159072,1075,1143,88,0,1055,1125,43184,20,0,0,20,18
2020-07-20,US,Louisiana,St. Landry,1527,65,0,30.59724262,-92.00135806,22097.0,1859.3833714870193,4.256712508185986,1462,1437,63,0,1374,1345,82764,90,2,0,88,92
2020-07-20,US,Louisiana,St. Martin,1254,30,0,30.13112107,-91.61403569,22099.0,2346.9521438865077,2.392344497607656,1224,1210,31,0,1179,1176,53621,44,-1,0,45,34
2020-07-20,US,Louisiana,St. Mary,1106,39,0,29.69262097,-91.44702164,22101.0,2241.225581583853,3.5262206148282096,1067,1040,39,0,1001,990,49774,66,0,0,66,50
2020-07-20,US,Louisiana,St. Tammany,3790,189,0,30.40942847,-89.95642711,22103.0,1455.3469600912374,4.986807387862797,3601,3699,189,0,3510,3569,258111,91,0,0,91,130
2020-07-20,US,Louisiana,Tangipahoa,2447,47,0,30.62888673,-90.40664996,22105.0,1815.847667670936,1.9207192480588475,2400,2300,47,0,2253,2217,133777,147,0,0,147,83
2020-07-20,US,Louisiana,Tensas,43,0,0,32.00760749,-91.32915234,22107.0,992.1550530687587,0.0,43,40,0,0,40,38,4462,3,0,0,3,2
2020-07-20,US,Louisiana,Terrebonne,2124,68,0,29.37343766,-90.82626855,22109.0,1922.850598853894,3.2015065913371004,2056,2071,68,0,2003,1963,111021,53,0,0,53,108
2020-07-20,US,Louisiana,Unassigned,8,0,0,0.0,0.0,90022.0,0.0,0.0,8,5,110,0,-105,4,,3,-110,0,113,1
2020-07-20,US,Louisiana,Union,506,30,0,32.83121059,-92.3749373,22111.0,2288.764248235933,5.928853754940713,476,499,30,0,469,495,22330,7,0,0,7,4
2020-07-20,US,Louisiana,Vermilion,810,12,0,29.83517605,-92.30292538,22113.0,1361.092907193628,1.4814814814814814,798,764,9,0,755,717,59830,46,3,0,43,47
2020-07-20,US,Louisiana,Vernon,429,13,0,31.10884837,-93.18153838,22115.0,904.5098990069368,3.0303030303030303,416,386,13,0,373,346,48860,43,0,0,43,40
2020-07-20,US,Louisiana,Washington,1000,54,0,30.85288548,-90.03866652,22117.0,2164.7833051911507,5.4,946,942,51,0,891,919,46582,58,3,0,55,23
2020-07-20,US,Louisiana,Webster,674,12,0,32.70847669,-93.33121835,22119.0,1757.9551382368286,1.7804154302670625,662,628,12,0,616,601,38798,46,0,0,46,27
2020-07-20,US,Louisiana,West Baton Rouge,479,32,0,30.46058217,-91.30989571,22121.0,1809.9376535046285,6.680584551148225,447,467,32,0,435,455,26427,12,0,0,12,12
2020-07-20,US,Louisiana,West Carroll,205,5,0,32.78550125,-91.461201,22123.0,1892.8901200369346,2.4390243902439024,200,198,5,0,193,191,10982,7,0,0,7,7
2020-07-20,US,Louisiana,West Feliciana,289,14,0,30.87882871,-91.4148538,22125.0,1856.372045220966,4.844290657439447,275,283,14,0,269,279,15460,6,0,0,6,4
2020-07-20,US,Louisiana,Winn,327,5,0,31.94449367,-92.63789413,22127.0,2351.8411967779057,1.529051987767584,322,317,5,0,312,311,14134,10,0,0,10,6
2020-07-20,US,Maine,Androscoggin,512,5,0,44.1664747,-70.20380627,23001.0,472.8612724770727,0.9765625,507,511,5,0,506,509,107679,1,0,0,1,2
2020-07-20,US,Maine,Aroostook,28,1,0,46.65926321,-68.59841248,23003.0,41.75676683319663,3.571428571428572,27,27,1,0,26,27,67111,1,0,0,1,0
2020-07-20,US,Maine,Cumberland,1959,67,0,43.8370751,-70.37226999,23005.0,664.0610434470158,3.420112302194997,1892,1950,67,0,1883,1938,293557,9,0,0,9,12
2020-07-20,US,Maine,Franklin,44,1,0,44.97330019,-70.44381045,23007.0,145.70018874797182,2.272727272727273,43,43,1,0,42,42,29897,1,0,0,1,1
2020-07-20,US,Maine,Hancock,19,1,0,44.59816444,-68.38401854,23009.0,34.553621765144484,5.2631578947368425,18,19,1,0,18,19,54811,0,0,0,0,0
2020-07-20,US,Maine,Kennebec,149,10,0,44.40759555,-69.76738544,23011.0,121.82956942650159,6.711409395973154,139,147,10,0,137,147,122083,2,0,0,2,0
2020-07-20,US,Maine,Knox,25,1,0,44.11486325,-69.10529169,23013.0,62.858292265915715,4.0,24,25,1,0,24,25,39771,0,0,0,0,0
2020-07-20,US,Maine,Lincoln,31,0,0,44.05996956,-69.54227124,23015.0,89.50742045388924,0.0,31,30,0,0,30,29,34342,1,0,0,1,1
2020-07-20,US,Maine,Oxford,49,0,0,44.49952995,-70.75682123,23017.0,84.51918930573521,0.0,49,48,0,0,48,49,57618,1,0,0,1,-1
2020-07-20,US,Maine,Penobscot,134,5,0,45.40194593,-68.65020455,23019.0,88.07214028445986,3.7313432835820897,129,131,5,0,126,131,151096,3,0,0,3,0
2020-07-20,US,Maine,Piscataquis,4,0,0,45.83839062,-69.2860223,23021.0,23.83080131069407,0.0,4,4,0,0,4,4,16800,0,0,0,0,0
2020-07-20,US,Maine,Sagadahoc,35,0,0,43.95415864,-69.85074999,23023.0,97.61267291387772,0.0,35,34,0,0,34,34,35634,1,0,0,1,0
2020-07-20,US,Maine,Somerset,33,0,0,45.51229767,-69.95995554,23025.0,65.36724506774425,0.0,33,32,0,0,32,32,50592,1,0,0,1,0
2020-07-20,US,Maine,Unassigned,24,0,0,0.0,0.0,90023.0,0.0,0.0,24,26,0,0,26,4,,-2,0,0,-2,22
2020-07-20,US,Maine,Waldo,60,14,0,44.4858305,-69.12061935,23027.0,151.07641948885808,23.33333333333333,46,60,14,0,46,60,39694,0,0,0,0,0
2020-07-20,US,Maine,Washington,6,0,0,45.01607142,-67.62813524,23029.0,19.12106823034513,0.0,6,6,0,0,6,5,31490,0,0,0,0,1
2020-07-20,US,Maine,York,599,12,0,43.47808377,-70.71052375,23031.0,288.4786723238666,2.003338898163606,587,594,12,0,582,590,206229,5,0,0,5,4
2020-07-20,US,Maryland,Allegany,239,18,0,39.62357628,-78.69280486,24001.0,339.41149738695754,7.531380753138075,221,237,18,0,219,232,70975,2,0,0,2,5
2020-07-20,US,Maryland,Anne Arundel,6003,213,0,39.00670238,-76.60329337,24003.0,1036.3687214493623,3.548225887056472,5790,5955,213,0,5742,5902,576031,48,0,0,48,53
2020-07-20,US,Maryland,Baltimore,9828,512,0,39.45784712,-76.62911955,24005.0,1187.8603285108236,5.2096052096052095,9316,9723,510,0,9213,9517,828431,105,2,0,103,206
2020-07-20,US,Maryland,Baltimore City,9505,384,0,39.30211911,-76.61151012,24510.0,1601.543412694401,4.039978958442925,9121,9428,382,0,9046,9284,621342,77,2,0,75,144
2020-07-20,US,Maryland,Calvert,494,27,0,38.53961642,-76.56820632,24009.0,533.909754120508,5.465587044534413,467,490,27,0,463,483,92003,4,0,0,4,7
2020-07-20,US,Maryland,Caroline,365,3,0,38.87172293,-75.82904158,24011.0,1092.618092558223,0.821917808219178,362,360,3,0,357,352,33304,5,0,0,5,8
2020-07-20,US,Maryland,Carroll,1276,116,0,39.56453592,-77.02373735,24013.0,757.5082963780893,9.090909090909092,1160,1269,116,0,1153,1256,168429,7,0,0,7,13
2020-07-20,US,Maryland,Cecil,559,29,0,39.56647682,-75.94627411,24015.0,543.4835447960721,5.18783542039356,530,553,29,0,524,550,102826,6,0,0,6,3
2020-07-20,US,Maryland,Charles,1619,90,0,38.51092331,-76.98580666,24017.0,991.6879521245644,5.5589870290302645,1529,1609,90,0,1519,1593,161503,10,0,0,10,16
2020-07-20,US,Maryland,Dorchester,246,5,0,38.45413522,-76.02752426,24019.0,770.4594569200414,2.0325203252032518,241,245,5,0,240,238,31998,1,0,0,1,7
2020-07-20,US,Maryland,Frederick,2739,120,0,39.47296601,-77.39999394,24021.0,1055.3001961109164,4.381161007667032,2619,2722,120,0,2602,2701,255648,17,0,0,17,21
2020-07-20,US,Maryland,Garrett,34,0,0,39.52786077,-79.27355126,24023.0,117.1848073343903,0.0,34,34,0,0,34,33,29163,0,0,0,0,1
2020-07-20,US,Maryland,Harford,1427,66,0,39.55010644,-76.30775940000002,24025.0,558.6417215717132,4.625087596355992,1361,1412,66,0,1346,1380,253956,15,0,0,15,32
2020-07-20,US,Maryland,Howard,3128,98,0,39.25305293,-76.93126208,24027.0,960.4224876416223,3.1329923273657285,3030,3097,98,0,2999,3040,323196,31,0,0,31,57
2020-07-20,US,Maryland,Kent,223,23,0,39.24976208,-76.04741541,24029.0,1148.1824734836782,10.31390134529148,200,221,23,0,198,218,19383,2,0,0,2,3
2020-07-20,US,Maryland,Montgomery,16433,772,0,39.13676329,-77.20358245,24031.0,1564.022811719559,4.697864054037606,15661,16372,768,0,15604,16251,1052567,61,4,0,57,121
2020-07-20,US,Maryland,Prince George's,20690,723,0,38.83070039,-76.8496441,24033.0,2275.309102226152,3.4944417593040114,19967,20589,723,0,19866,20425,909308,101,0,0,101,164
2020-07-20,US,Maryland,Queen Anne's,331,23,0,39.06198912,-76.03530977,24035.0,656.9937079454556,6.948640483383686,308,318,23,0,295,310,50251,13,0,0,13,8
2020-07-20,US,Maryland,Somerset,108,3,0,38.1163542,-75.75118623,24039.0,421.61149281698937,2.7777777777777777,105,108,3,0,105,107,25675,0,0,0,0,1
2020-07-20,US,Maryland,St. Mary's,779,52,0,38.30058422,-76.60629279999998,24037.0,686.2831468593075,6.675224646983312,727,773,51,0,722,764,112664,6,1,0,5,9
2020-07-20,US,Maryland,Talbot,257,4,0,38.76618159,-76.10882561,24041.0,691.2132540813858,1.5564202334630348,253,243,4,0,239,238,36968,14,0,0,14,5
2020-07-20,US,Maryland,Unassigned,0,12,0,0.0,0.0,90024.0,0.0,0.0,-12,0,16,0,-16,0,,0,-4,0,4,0
2020-07-20,US,Maryland,Washington,796,29,0,39.60835778,-77.82002295,24043.0,526.9813107005011,3.6432160804020093,767,784,29,0,755,773,150926,12,0,0,12,11
2020-07-20,US,Maryland,Wicomico,1189,42,0,38.37301947,-75.62705831,24045.0,1147.5837041183681,3.5323801513877213,1147,1181,42,0,1139,1176,103195,8,0,0,8,5
2020-07-20,US,Maryland,Worcester,417,18,0,38.21274277,-75.33200012,24047.0,797.6891881551762,4.316546762589929,399,408,18,0,390,383,51823,9,0,0,9,25
2020-07-20,US,Massachusetts,Barnstable,1635,154,0,41.72980578,-70.28854339,25001.0,767.6416733179963,9.418960244648318,1481,1622,154,0,1468,1612,213413,13,0,0,13,10
2020-07-20,US,Massachusetts,Berkshire,624,45,0,42.37428441,-73.20524838,25003.0,499.4237418363427,7.211538461538463,579,623,45,0,578,622,126348,1,0,0,1,1
2020-07-20,US,Massachusetts,Bristol,8719,610,0,41.79228404,-71.10872211,25005.0,1542.5933756415675,6.996215162289253,8109,8681,609,0,8072,8653,564022,38,1,0,37,28
2020-07-20,US,Massachusetts,Dukes and Nantucket,88,1,0,41.40674725,-70.68763497,0.0,306.28937384706416,1.1363636363636365,87,86,1,0,85,86,26707,2,0,0,2,0
2020-07-20,US,Massachusetts,Essex,16757,1143,0,42.6687626,-70.94687179,25009.0,2123.7361127657364,6.8210300173062,15614,16733,1143,0,15590,16710,790638,24,0,0,24,23
2020-07-20,US,Massachusetts,Franklin,390,57,0,42.58119713,-72.58602547,25011.0,555.7138785978912,14.615384615384615,333,391,58,0,333,391,70963,-1,-1,0,0,0
2020-07-20,US,Massachusetts,Hampden,7141,678,0,42.13440424,-72.63235561,25013.0,1531.18111721973,9.494468561826077,6463,7140,682,0,6458,7120,470406,1,-4,0,5,20
2020-07-20,US,Massachusetts,Hampshire,1049,123,0,42.33997957,-72.65898478,25015.0,652.2414972331032,11.725452812202096,926,1039,120,0,919,1033,161355,10,3,0,7,6
2020-07-20,US,Massachusetts,Middlesex,24958,1948,0,42.48607732,-71.39049229,25017.0,1548.5521800286526,7.805112589149772,23010,24886,1947,0,22939,24809,1614714,72,1,0,71,77
2020-07-20,US,Massachusetts,Norfolk,9737,968,0,42.16073095,-71.20530408,25021.0,1377.6661596689187,9.941460408750126,8769,9699,967,0,8732,9658,705388,38,1,0,37,41
2020-07-20,US,Massachusetts,Plymouth,8894,696,0,41.94070556,-70.80802823,25023.0,1706.4401134301095,7.825500337306049,8198,8889,695,0,8194,8868,518132,5,1,0,4,21
2020-07-20,US,Massachusetts,Suffolk,20621,1035,0,42.3279514,-71.07850442,25025.0,2565.097704087662,5.019155230105231,19586,20601,1035,0,19566,20555,807252,20,0,0,20,46
2020-07-20,US,Massachusetts,Unassigned,317,6,0,0.0,0.0,90025.0,0.0,1.892744479495268,311,314,6,0,308,319,,3,0,0,3,-5
2020-07-20,US,Massachusetts,Worcester,12859,969,0,42.35026951,-71.90493363,25027.0,1548.1169533193195,7.53557819426083,11890,12830,969,0,11861,12802,830839,29,0,0,29,28
2020-07-20,US,Michigan,Alcona,26,1,0,44.6846864,-83.59507875,26001.0,249.87986544930317,3.8461538461538463,25,25,1,0,24,26,10362,1,0,0,1,-1
2020-07-20,US,Michigan,Alger,4,0,0,46.41292944,-86.60260122,26003.0,43.917435221783045,0.0,4,4,0,0,4,4,9097,0,0,0,0,0
2020-07-20,US,Michigan,Allegan,435,7,0,42.59147037,-85.89102866,26005.0,368.39118909900833,1.6091954022988506,428,424,7,0,417,415,117327,11,0,0,11,9
2020-07-20,US,Michigan,Alpena,125,13,0,45.03477666,-83.62212411,26007.0,440.06336912515405,10.4,112,125,13,0,112,125,28360,0,0,0,0,0
2020-07-20,US,Michigan,Antrim,29,0,0,44.99690221,-85.15503082,26009.0,124.33544846510031,0.0,29,29,0,0,29,28,23365,0,0,0,0,1
2020-07-20,US,Michigan,Arenac,39,3,0,44.0636262,-83.89277559,26011.0,262.0439427534771,7.6923076923076925,36,39,3,0,36,39,15041,0,0,0,0,0
2020-07-20,US,Michigan,Baraga,5,0,0,46.6720582,-88.36363591,26013.0,60.9087586794981,0.0,5,5,0,0,5,5,8320,0,0,0,0,0
2020-07-20,US,Michigan,Barry,155,2,0,42.59513984,-85.30834519,26015.0,251.82778229082047,1.2903225806451613,153,153,2,0,151,149,61157,2,0,0,2,4
2020-07-20,US,Michigan,Bay,480,31,0,43.70639106,-83.98731479,26017.0,465.4500319996897,6.458333333333332,449,478,31,0,447,468,103923,2,0,0,2,10
2020-07-20,US,Michigan,Benzie,22,1,0,44.63899297,-86.01608482,26019.0,123.83203872565576,4.545454545454546,21,22,1,0,21,21,17753,0,0,0,0,1
2020-07-20,US,Michigan,Berrien,1130,61,0,41.95447397,-86.41313079999998,26021.0,736.6314430805536,5.398230088495575,1069,1114,61,0,1053,1098,154141,16,0,0,16,16
2020-07-20,US,Michigan,Branch,295,2,0,41.91600556,-85.05929476,26023.0,677.8959946687502,0.6779661016949152,293,293,2,0,291,293,43622,2,0,0,2,0
2020-07-20,US,Michigan,Calhoun,665,39,0,42.24633834,-85.00493569,26025.0,495.68049851295854,5.86466165413534,626,652,39,0,613,651,134487,13,0,0,13,1
2020-07-20,US,Michigan,Cass,229,7,0,41.91522292,-85.99405727,26027.0,442.1959178944523,3.056768558951965,222,217,7,0,210,215,51653,12,0,0,12,2
2020-07-20,US,Michigan,Charlevoix,40,2,0,45.37790017,-85.19614053,26029.0,153.0046283900088,5.0,38,40,2,0,38,40,26244,0,0,0,0,0
2020-07-20,US,Michigan,Cheboygan,30,2,0,45.44787015,-84.50122149,26031.0,118.68966608640608,6.666666666666668,28,30,2,0,28,30,25413,0,0,0,0,0
2020-07-20,US,Michigan,Chippewa,25,0,0,46.29552653,-84.54353449,26033.0,66.93619641757476,0.0,25,24,0,0,24,24,37517,1,0,0,1,0
2020-07-20,US,Michigan,Clare,39,3,0,43.98794227,-84.84819859999998,26035.0,126.0096930533118,7.6923076923076925,36,38,3,0,35,38,30757,1,0,0,1,0
2020-07-20,US,Michigan,Clinton,331,12,0,42.94400871,-84.60145248,26037.0,415.85526729065896,3.625377643504532,319,326,12,0,314,325,79332,5,0,0,5,1
2020-07-20,US,Michigan,Crawford,86,5,0,44.68255561,-84.61006219,26039.0,613.0158956447359,5.813953488372092,81,86,5,0,81,86,13901,0,0,0,0,0
2020-07-20,US,Michigan,Delta,50,3,0,45.90484910000001,-86.9080745,26041.0,139.72725240330874,6.0,47,47,3,0,44,46,35857,3,0,0,3,1
2020-07-20,US,Michigan,Dickinson,33,2,0,46.00999672,-87.86961634,26043.0,130.75002971591584,6.0606060606060606,31,33,2,0,31,29,25383,0,0,0,0,4
2020-07-20,US,Michigan,Eaton,381,7,0,42.59599185,-84.83740035,26045.0,345.5218195668735,1.837270341207349,374,375,7,0,368,374,109826,6,0,0,6,1
2020-07-20,US,Michigan,Emmet,46,2,0,45.52625509,-84.89083249,26047.0,137.66272632051474,4.3478260869565215,44,45,2,0,43,45,33308,1,0,0,1,0
2020-07-20,US,Michigan,Federal Correctional Institution (FCI),188,5,0,0.0,0.0,0.0,0.0,2.6595744680851063,183,187,5,0,182,187,,1,0,0,1,0
2020-07-20,US,Michigan,Genesee,3116,292,0,43.02244215,-83.70589709,26049.0,767.8413456444223,9.370988446726573,2824,3087,292,0,2795,3069,406892,29,0,0,29,18
2020-07-20,US,Michigan,Gladwin,30,1,0,43.98901072,-84.38774817,26051.0,117.88282447247437,3.333333333333333,29,30,1,0,29,29,25337,0,0,0,0,1
2020-07-20,US,Michigan,Gogebic,37,1,0,46.40862701,-89.69377193,26053.0,264.75849731663686,2.702702702702702,36,36,1,0,35,29,15096,1,0,0,1,7
2020-07-20,US,Michigan,Grand Traverse,130,5,0,44.69565625,-85.55585247,26055.0,139.65280165005154,3.8461538461538463,125,123,5,0,118,123,92573,7,0,0,7,0
2020-07-20,US,Michigan,Gratiot,119,14,0,43.29265605,-84.60505416,26057.0,292.3042912235024,11.764705882352944,105,115,14,0,101,115,40599,4,0,0,4,0
2020-07-20,US,Michigan,Hillsdale,218,25,0,41.88753639,-84.59312019,26059.0,478.0177612103936,11.46788990825688,193,217,25,0,192,216,45749,1,0,0,1,1
2020-07-20,US,Michigan,Houghton,33,0,0,46.89988536,-88.68495385,26061.0,92.47842170160295,0.0,33,33,0,0,33,33,36219,0,0,0,0,0
2020-07-20,US,Michigan,Huron,100,3,0,43.83353985,-83.04078453,26063.0,322.7784771311449,3.0,97,96,3,0,93,93,31166,4,0,0,4,3
2020-07-20,US,Michigan,Ingham,1286,29,0,42.59716886,-84.37472069,26065.0,439.7994569194888,2.2550544323483668,1257,1287,29,0,1258,1265,292735,-1,0,0,-1,22
2020-07-20,US,Michigan,Ionia,235,5,0,42.94502238,-85.07413319,26067.0,363.2316799851616,2.127659574468085,230,233,5,0,228,232,64210,2,0,0,2,1
2020-07-20,US,Michigan,Iosco,123,11,0,44.35486835,-83.63484895,26069.0,489.5132725753174,8.943089430894311,112,122,11,0,111,122,25081,1,0,0,1,0
2020-07-20,US,Michigan,Iron,10,1,0,46.20974132,-88.53136251,26071.0,90.36688957166096,10.0,9,9,1,0,8,9,11117,1,0,0,1,0
2020-07-20,US,Michigan,Isabella,184,8,0,43.64060976,-84.84664923,26073.0,263.3386764369132,4.3478260869565215,176,183,8,0,175,182,70562,1,0,0,1,1
2020-07-20,US,Michigan,Jackson,582,32,0,42.24807035,-84.42258681,26075.0,367.1692637688474,5.498281786941581,550,580,32,0,548,574,158823,2,0,0,2,6
2020-07-20,US,Michigan,Kalamazoo,1348,74,0,42.24542231,-85.53038622,26077.0,508.55258690288457,5.489614243323442,1274,1327,73,0,1254,1316,264870,21,1,0,20,11
2020-07-20,US,Michigan,Kalkaska,45,4,0,44.68512729,-85.09085699,26079.0,249.47333407251358,8.888888888888891,41,45,3,0,42,45,17824,0,1,0,-1,0
2020-07-20,US,Michigan,Kent,6357,148,0,43.03197711,-85.54934642,26081.0,967.6461858118137,2.328142205442819,6209,6335,147,0,6188,6270,653786,22,1,0,21,65
2020-07-20,US,Michigan,Keweenaw,2,0,0,47.63197653,-88.41434263,26083.0,94.5179584120983,0.0,2,2,0,0,2,2,2113,0,0,0,0,0
2020-07-20,US,Michigan,Lake,14,0,0,43.99050893,-85.802173,26085.0,118.11355774909306,0.0,14,13,0,0,13,13,11881,1,0,0,1,0
2020-07-20,US,Michigan,Lapeer,341,32,0,43.09052506,-83.22153148,26087.0,389.23830287534105,9.384164222873899,309,339,32,0,307,339,88028,2,0,0,2,0
2020-07-20,US,Michigan,Leelanau,56,0,0,44.94430054,-85.80150326,26089.0,257.3411148384725,0.0,56,54,0,0,54,50,21764,2,0,0,2,4
2020-07-20,US,Michigan,Lenawee,321,11,0,41.89475156,-84.06603727,26091.0,326.0505225949965,3.4267912772585665,310,312,11,0,301,308,98266,9,0,0,9,4
2020-07-20,US,Michigan,Livingston,671,28,0,42.60302282,-83.91297209,26093.0,349.4882679236438,4.172876304023845,643,669,28,0,641,664,191224,2,0,0,2,5
2020-07-20,US,Michigan,Luce,3,0,0,46.47227431,-85.54471223,26095.0,48.16182372772515,0.0,3,3,0,0,3,3,6283,0,0,0,0,0
2020-07-20,US,Michigan,Mackinac,10,0,0,46.07028979,-85.04980537,26097.0,92.60116677470137,0.0,10,9,0,0,9,9,10787,1,0,0,1,0
2020-07-20,US,Michigan,Macomb,8418,934,0,42.69158356,-82.92752801,26099.0,963.1887520423996,11.09527203611309,7484,8353,933,0,7420,8271,874759,65,1,0,64,82
2020-07-20,US,Michigan,Manistee,30,0,0,44.33352407,-86.05626916,26101.0,122.1597849987784,0.0,30,29,0,0,29,28,24528,1,0,0,1,1
2020-07-20,US,Michigan,Marquette,106,11,0,46.4338914,-87.64043701,26103.0,158.92292238264443,10.377358490566039,95,105,11,0,94,102,66516,1,0,0,1,3
2020-07-20,US,Michigan,Mason,89,0,0,43.99509218,-86.24988902,26105.0,305.38018116936587,0.0,89,82,0,0,82,81,29100,7,0,0,7,1
2020-07-20,US,Michigan,Mecosta,45,2,0,43.64064262,-85.32463223,26107.0,103.56016845787407,4.4444444444444455,43,46,2,0,44,46,43545,-1,0,0,-1,0
2020-07-20,US,Michigan,Menominee,56,0,0,45.58038692,-87.55370409,26109.0,245.82967515364362,0.0,56,55,0,0,55,54,22983,1,0,0,1,1
2020-07-20,US,Michigan,Michigan Department of Corrections (MDOC),4123,68,0,0.0,0.0,0.0,0.0,1.6492845015765218,4055,4122,68,0,4054,4121,,1,0,0,1,1
2020-07-20,US,Michigan,Midland,230,9,0,43.64330771,-84.38804374,26111.0,276.5885804993025,3.9130434782608696,221,225,9,0,216,225,83209,5,0,0,5,0
2020-07-20,US,Michigan,Missaukee,40,1,0,44.33772443,-85.09256478,26113.0,264.58526260087314,2.5,39,39,1,0,38,38,15113,1,0,0,1,1
2020-07-20,US,Michigan,Monroe,743,22,0,41.92734151,-83.53749864,26115.0,493.68770764119597,2.960969044414536,721,740,22,0,718,728,150439,3,0,0,3,12
2020-07-20,US,Michigan,Montcalm,155,1,0,43.31082541,-85.15252824,26117.0,242.61207112446786,0.6451612903225806,154,151,1,0,150,147,63968,4,0,0,4,4
2020-07-20,US,Michigan,Montmorency,7,0,0,45.0275929,-84.12696227,26119.0,75.04288164665523,0.0,7,7,0,0,7,7,9265,0,0,0,0,0
2020-07-20,US,Michigan,Muskegon,1036,55,0,43.29123859,-86.15176712,26121.0,596.8910961824321,5.308880308880309,981,1030,55,0,975,1016,173588,6,0,0,6,14
2020-07-20,US,Michigan,Newaygo,226,0,0,43.554374,-85.80070107,26123.0,461.4128215598203,0.0,226,219,0,0,219,218,48892,7,0,0,7,1
2020-07-20,US,Michigan,Oakland,13442,1117,0,42.66090111,-83.38595416,26125.0,1068.8749220728,8.309775331051927,12325,13398,1114,0,12284,13329,1259201,44,3,0,41,69
2020-07-20,US,Michigan,Oceana,437,5,0,43.64124435,-86.26726673,26127.0,1651.1127063890885,1.1441647597254003,432,436,5,0,431,432,26625,1,0,0,1,4
2020-07-20,US,Michigan,Ogemaw,47,2,0,44.33481032,-84.12725175,26129.0,223.8415011668333,4.25531914893617,45,47,2,0,45,48,20952,0,0,0,0,-1
2020-07-20,US,Michigan,Ontonagon,1,0,0,46.665226200000006,-89.31390481,26131.0,17.482517482517483,0.0,1,1,0,0,1,1,5795,0,0,0,0,0
2020-07-20,US,Michigan,Osceola,62,0,0,43.98992088,-85.32566756,26133.0,264.27962489343565,0.0,62,61,0,0,61,61,23341,1,0,0,1,0
2020-07-20,US,Michigan,Oscoda,23,1,0,44.68192279,-84.12939244,26135.0,279.09234316223757,4.3478260869565215,22,23,1,0,22,23,8276,0,0,0,0,0
2020-07-20,US,Michigan,Otsego,127,10,0,45.02085831,-84.59898295,26137.0,514.8370358359008,7.874015748031495,117,127,10,0,117,127,24665,0,0,0,0,0
2020-07-20,US,Michigan,Ottawa,1478,53,0,42.95996803,-85.9969107,26139.0,506.45923996847483,3.5859269282814616,1425,1460,53,0,1407,1426,290494,18,0,0,18,34
2020-07-20,US,Michigan,Out of MI,119,0,0,0.0,0.0,80026.0,0.0,0.0,119,107,0,0,107,88,,12,0,0,12,19
2020-07-20,US,Michigan,Presque Isle,14,0,0,45.34018577,-83.91498656,26141.0,111.18170266836088,0.0,14,14,0,0,14,14,12738,0,0,0,0,0
2020-07-20,US,Michigan,Roscommon,44,0,0,44.33473082,-84.61067651,26143.0,183.18830925517287,0.0,44,44,0,0,44,43,23884,0,0,0,0,1
2020-07-20,US,Michigan,Saginaw,1584,125,0,43.33433923,-84.05131209999998,26145.0,831.3258702942703,7.891414141414142,1459,1563,125,0,1438,1552,190800,21,0,0,21,11
2020-07-20,US,Michigan,Sanilac,81,6,0,43.42406072,-82.82055898,26151.0,196.7452028175856,7.407407407407407,75,75,6,0,69,73,41182,6,0,0,6,2
2020-07-20,US,Michigan,Schoolcraft,7,0,0,46.19235734,-86.19972234,26153.0,86.48381517173216,0.0,7,7,0,0,7,7,8068,0,0,0,0,0
2020-07-20,US,Michigan,Shiawassee,296,28,0,42.95392800000001,-84.14585902,26155.0,434.5145474296116,9.459459459459461,268,295,28,0,267,292,68192,1,0,0,1,3
2020-07-20,US,Michigan,St. Clair,651,53,0,42.92655373,-82.67937954,26147.0,409.1046201799808,8.141321044546853,598,645,53,0,592,639,159337,6,0,0,6,6
2020-07-20,US,Michigan,St. Joseph,450,6,0,41.91441767,-85.52797979,26149.0,738.140541959189,1.3333333333333333,444,442,6,0,436,436,61043,8,0,0,8,6
2020-07-20,US,Michigan,Tuscola,251,27,0,43.46606813,-83.41897025,26157.0,480.42874916259933,10.756972111553784,224,251,27,0,224,248,52516,0,0,0,0,3
2020-07-20,US,Michigan,Unassigned,7,0,0,0.0,0.0,90026.0,0.0,0.0,7,6,0,0,6,3,,1,0,0,1,3
2020-07-20,US,Michigan,Van Buren,311,9,0,42.25190229,-86.01939087,26159.0,410.9570939651412,2.893890675241157,302,301,9,0,292,296,75448,10,0,0,10,5
2020-07-20,US,Michigan,Washtenaw,2120,109,0,42.253105,-83.83853204,26161.0,576.7122505107441,5.1415094339622645,2011,2103,109,0,1994,2143,370963,17,0,0,17,-40
2020-07-20,US,Michigan,Wayne,25227,2781,0,42.28098405,-83.281255,26163.0,1442.084256775258,11.023902961113093,22446,25136,2781,0,22355,25051,1753893,91,0,0,91,85
2020-07-20,US,Michigan,Wexford,53,4,0,44.33853602,-85.57712739,26165.0,157.59269721388006,7.547169811320754,49,53,4,0,49,53,33466,0,0,0,0,0
2020-07-20,US,Minnesota,Aitkin,19,0,0,46.60962049,-93.4116826,27001.0,119.60216542867936,0.0,19,19,0,0,19,18,15902,0,0,0,0,1
2020-07-20,US,Minnesota,Anoka,2678,110,0,45.27476015,-93.24604565,27003.0,750.3060901431969,4.107542942494399,2568,2667,110,0,2557,2604,353813,11,0,0,11,63
2020-07-20,US,Minnesota,Becker,80,0,0,46.93479392,-95.67158144,27005.0,232.40275397263454,0.0,80,80,0,0,80,78,34371,0,0,0,0,2
2020-07-20,US,Minnesota,Beltrami,101,0,0,47.97373527,-94.93732139,27007.0,214.037467152666,0.0,101,100,0,0,100,91,46847,1,0,0,1,9
2020-07-20,US,Minnesota,Benton,269,3,0,45.69804958,-93.99514135,27009.0,657.8786470688939,1.1152416356877324,266,266,3,0,263,263,40545,3,0,0,3,3
2020-07-20,US,Minnesota,Big Stone,19,0,0,45.42712824,-96.41403739,27011.0,380.6852334201564,0.0,19,19,0,0,19,19,4989,0,0,0,0,0
2020-07-20,US,Minnesota,Blue Earth,679,2,0,44.03554215,-94.06699781,27013.0,1003.6509836962146,0.29455081001472755,677,669,2,0,667,658,67427,10,0,0,10,11
2020-07-20,US,Minnesota,Brown,56,2,0,44.24205652,-94.72562874,27015.0,223.9283429302623,3.571428571428572,54,55,2,0,53,56,25111,1,0,0,1,-1
2020-07-20,US,Minnesota,Carlton,103,0,0,46.59180601,-92.67601019,27017.0,287.1400295503331,0.0,103,102,0,0,102,99,35837,1,0,0,1,3
2020-07-20,US,Minnesota,Carver,568,2,0,44.82017001,-93.8009918,27019.0,540.494247732874,0.35211267605633795,566,559,2,0,557,549,103551,9,0,0,9,10
2020-07-20,US,Minnesota,Cass,32,2,0,46.95043611,-94.32603968,27021.0,107.45827596628496,6.25,30,33,2,0,31,29,29519,-1,0,0,-1,4
2020-07-20,US,Minnesota,Chippewa,86,1,0,45.02343421,-95.56403693,27023.0,728.8135593220337,1.162790697674419,85,86,1,0,85,84,11924,0,0,0,0,2
2020-07-20,US,Minnesota,Chisago,126,1,0,45.5021011,-92.90861945,27025.0,222.69746725817,0.7936507936507936,125,124,1,0,123,121,55922,2,0,0,2,3
2020-07-20,US,Minnesota,Clay,669,39,0,46.89289518,-96.48761922,27027.0,1041.699106225281,5.829596412556054,630,668,38,0,630,658,63955,1,1,0,0,10
2020-07-20,US,Minnesota,Clearwater,14,0,0,47.57992111,-95.37790562,27029.0,158.76616012701294,0.0,14,14,0,0,14,14,8810,0,0,0,0,0
2020-07-20,US,Minnesota,Cook,1,0,0,47.90504893,-90.52629546,27031.0,18.304960644334614,0.0,1,1,0,0,1,1,5393,0,0,0,0,0
2020-07-20,US,Minnesota,Cottonwood,148,0,0,44.00715262,-95.18138802,27033.0,1321.900678813862,0.0,148,147,0,0,147,146,11277,1,0,0,1,1
2020-07-20,US,Minnesota,Crow Wing,128,12,0,46.48096553,-94.06755609,27035.0,196.7565905772039,9.375,116,128,12,0,116,128,64889,0,0,0,0,0
2020-07-20,US,Minnesota,Dakota,3059,100,0,44.67172617,-93.06299363,27037.0,713.0187100398349,3.2690421706440014,2959,3046,100,0,2946,2979,425423,13,0,0,13,67
2020-07-20,US,Minnesota,Dodge,112,0,0,44.02238415,-92.86244324,27039.0,535.0148084455909,0.0,112,112,0,0,112,111,20822,0,0,0,0,1
2020-07-20,US,Minnesota,Douglas,101,0,0,45.93348491,-95.45335469,27041.0,264.8069007105214,0.0,101,100,0,0,100,99,37964,1,0,0,1,1
2020-07-20,US,Minnesota,Faribault,70,0,0,43.67381499,-93.94787458,27043.0,512.7078297810006,0.0,70,70,0,0,70,70,13758,0,0,0,0,0
2020-07-20,US,Minnesota,Fillmore,45,0,0,43.67394126,-92.08980382,27045.0,213.6042151231784,0.0,45,45,0,0,45,44,21058,0,0,0,0,1
2020-07-20,US,Minnesota,Freeborn,327,1,0,43.67385583,-93.34884422,27047.0,1079.8850764505796,0.3058103975535168,326,325,1,0,324,323,30444,2,0,0,2,2
2020-07-20,US,Minnesota,Goodhue,148,8,0,44.40849741,-92.7234195,27049.0,319.37850668968485,5.405405405405406,140,147,8,0,139,147,46403,1,0,0,1,0
2020-07-20,US,Minnesota,Grant,33,1,0,45.93424769,-96.01139609,27051.0,552.5787006028131,3.0303030303030303,32,33,1,0,32,33,6021,0,0,0,0,0
2020-07-20,US,Minnesota,Hennepin,14835,802,0,45.00761521,-93.47694895,27053.0,1171.9462840178442,5.406134142231211,14033,14734,802,0,13932,14495,1259428,101,0,0,101,239
2020-07-20,US,Minnesota,Houston,33,0,0,43.67129565,-91.49143057,27055.0,177.41935483870967,0.0,33,33,0,0,33,33,18578,0,0,0,0,0
2020-07-20,US,Minnesota,Hubbard,12,0,0,47.10778564,-94.91693868,27057.0,55.837327253268825,0.0,12,12,0,0,12,12,21332,0,0,0,0,0
2020-07-20,US,Minnesota,Isanti,93,0,0,45.56181234,-93.29487636,27059.0,229.08660951817916,0.0,93,93,0,0,93,93,39966,0,0,0,0,0
2020-07-20,US,Minnesota,Itasca,96,12,0,47.51009045,-93.63092229,27061.0,212.71881231996448,12.5,84,98,12,0,86,96,45108,-2,0,0,-2,2
2020-07-20,US,Minnesota,Jackson,60,0,0,43.67423373,-95.15398258,27063.0,609.3845216331505,0.0,60,61,0,0,61,61,9911,-1,0,0,-1,0
2020-07-20,US,Minnesota,Kanabec,19,1,0,45.9459309,-93.29275192,27065.0,116.3004223541654,5.2631578947368425,18,19,1,0,18,19,16207,0,0,0,0,0
2020-07-20,US,Minnesota,Kandiyohi,613,1,0,45.1526059,-95.00586446,27067.0,1419.014329035395,0.1631321370309951,612,611,1,0,610,610,42855,2,0,0,2,1
2020-07-20,US,Minnesota,Kittson,2,0,0,48.77754106,-96.78317184,27069.0,46.533271288971605,0.0,2,2,0,0,2,2,4248,0,0,0,0,0
2020-07-20,US,Minnesota,Koochiching,37,2,0,48.24539665,-93.78352843,27071.0,302.5594897375092,5.405405405405406,35,36,2,0,34,31,12440,1,0,0,1,5
2020-07-20,US,Minnesota,Lac qui Parle,6,0,0,44.9973857,-96.17488219,27073.0,90.59338668277216,0.0,6,6,0,0,6,6,6658,0,0,0,0,0
2020-07-20,US,Minnesota,Lake,12,0,0,47.64270764,-91.44557998,27075.0,112.7713560755568,0.0,12,12,0,0,12,12,10658,0,0,0,0,0
2020-07-20,US,Minnesota,Le Sueur,153,1,0,44.37136597,-93.72844721,27079.0,529.6500155779416,0.6535947712418301,152,153,1,0,152,150,28494,0,0,0,0,3
2020-07-20,US,Minnesota,Lincoln,47,0,0,44.41311883,-96.26688165,27081.0,833.481113672637,0.0,47,47,0,0,47,40,5673,0,0,0,0,7
2020-07-20,US,Minnesota,Lyon,378,3,0,44.41327865,-95.83806103,27083.0,1483.865902488812,0.7936507936507936,375,377,3,0,374,376,25629,1,0,0,1,1
2020-07-20,US,Minnesota,Mahnomen,18,1,0,47.32557075,-95.80921485,27087.0,325.67396417586394,5.5555555555555545,17,17,1,0,16,16,5519,1,0,0,1,1
2020-07-20,US,Minnesota,Marshall,22,0,0,48.35825983,-96.37017407,27089.0,235.64695801199662,0.0,22,21,0,0,21,20,9390,1,0,0,1,1
2020-07-20,US,Minnesota,Martin,186,5,0,43.67429718,-94.55099908,27091.0,944.97789971041,2.6881720430107525,181,184,5,0,179,181,19785,2,0,0,2,3
2020-07-20,US,Minnesota,McLeod,111,0,0,44.82367677,-94.27287017,27085.0,309.2525004875602,0.0,111,111,0,0,111,111,35873,0,0,0,0,0
2020-07-20,US,Minnesota,Meeker,72,1,0,45.12328869,-94.52839455,27093.0,310.0508138833865,1.3888888888888888,71,72,1,0,71,69,23141,0,0,0,0,3
2020-07-20,US,Minnesota,Mille Lacs,45,2,0,45.93705297,-93.63236823,27095.0,171.2524260760361,4.4444444444444455,43,45,2,0,43,44,26139,0,0,0,0,1
2020-07-20,US,Minnesota,Morrison,73,1,0,46.01265363,-94.27341528,27097.0,218.65452584915832,1.3698630136986298,72,73,1,0,72,72,33169,0,0,0,0,1
2020-07-20,US,Minnesota,Mower,1008,2,0,43.67142874,-92.75234549,27099.0,2516.100044930358,0.1984126984126984,1006,1006,2,0,1004,1002,40011,2,0,0,2,4
2020-07-20,US,Minnesota,Murray,96,0,0,44.02216709,-95.76328482,27101.0,1171.5889675372225,0.0,96,94,0,0,94,93,8276,2,0,0,2,1
2020-07-20,US,Minnesota,Nicollet,226,13,0,44.35291112,-94.24710352,27103.0,659.3919589192974,5.7522123893805315,213,225,13,0,212,220,34220,1,0,0,1,5
2020-07-20,US,Minnesota,Nobles,1706,6,0,43.67434621,-95.75329576,27105.0,7887.558370705999,0.3516998827667057,1700,1706,6,0,1700,1704,21924,0,0,0,0,2
2020-07-20,US,Minnesota,Norman,22,0,0,47.32628443,-96.45620947,27107.0,345.09803921568636,0.0,22,22,0,0,22,22,6475,0,0,0,0,0
2020-07-20,US,Minnesota,Olmsted,1403,21,0,44.00374114,-92.40209944,27109.0,886.331044329187,1.4967925873129009,1382,1400,20,0,1380,1388,156277,3,1,0,2,12
2020-07-20,US,Minnesota,Otter Tail,130,1,0,46.40846929,-95.70835255,27111.0,221.2916624110577,0.7692307692307693,129,130,1,0,129,130,58812,0,0,0,0,0
2020-07-20,US,Minnesota,Pennington,59,0,0,48.06642577,-96.0370814,27113.0,417.87662015723487,0.0,59,60,0,0,60,58,14178,-1,0,0,-1,2
2020-07-20,US,Minnesota,Pine,117,0,0,46.12105238,-92.74070188,27115.0,395.5508975962677,0.0,117,117,0,0,117,115,29483,0,0,0,0,2
2020-07-20,US,Minnesota,Pipestone,113,5,0,44.02301619,-96.25841142,27117.0,1238.2204689896996,4.424778761061948,108,111,5,0,106,110,9047,2,0,0,2,1
2020-07-20,US,Minnesota,Polk,95,3,0,47.77372465,-96.40134647,27119.0,302.89503889809976,3.1578947368421053,92,95,3,0,92,94,31529,0,0,0,0,1
2020-07-20,US,Minnesota,Pope,24,0,0,45.58606667,-95.44451209,27121.0,213.35229798204284,0.0,24,24,0,0,24,24,11097,0,0,0,0,0
2020-07-20,US,Minnesota,Ramsey,5719,249,0,45.01625271,-93.09872295,27123.0,1039.2116601038304,4.35390802587865,5470,5687,248,0,5439,5585,550210,32,1,0,31,102
2020-07-20,US,Minnesota,Red Lake,5,0,0,47.87197525,-96.09561104,27125.0,123.30456226880396,0.0,5,5,0,0,5,5,3999,0,0,0,0,0
2020-07-20,US,Minnesota,Redwood,27,0,0,44.40555844,-95.25207021,27127.0,177.98286090969017,0.0,27,27,0,0,27,26,15249,0,0,0,0,1
2020-07-20,US,Minnesota,Renville,44,4,0,44.72836381,-94.94553734,27129.0,302.4470717624416,9.090909090909092,40,44,4,0,40,44,14612,0,0,0,0,0
2020-07-20,US,Minnesota,Rice,915,8,0,44.3543376,-93.29658715,27131.0,1366.2426088514605,0.8743169398907104,907,915,8,0,907,912,66523,0,0,0,0,3
2020-07-20,US,Minnesota,Rock,42,0,0,43.67482683,-96.25296832,27133.0,450.88566827697264,0.0,42,42,0,0,42,40,9414,0,0,0,0,2
2020-07-20,US,Minnesota,Roseau,32,0,0,48.77501878,-95.81079919,27135.0,211.0121991427629,0.0,32,31,0,0,31,30,15150,1,0,0,1,1
2020-07-20,US,Minnesota,Scott,1022,8,0,44.6490231,-93.53340251,27139.0,685.8462013381383,0.7827788649706457,1014,1010,7,0,1003,986,147381,12,1,0,11,24
2020-07-20,US,Minnesota,Sherburne,429,5,0,45.44447208,-93.77617511,27141.0,441.18554474588126,1.1655011655011656,424,423,5,0,418,413,96036,6,0,0,6,10
2020-07-20,US,Minnesota,Sibley,66,2,0,44.5796592,-94.23164924,27143.0,443.9959636730575,3.0303030303030303,64,66,2,0,64,64,15028,0,0,0,0,2
2020-07-20,US,Minnesota,St. Louis,284,16,0,47.6048407,-92.46879855,27137.0,142.66338473903653,5.633802816901407,268,285,16,0,269,278,199754,-1,0,0,-1,7
2020-07-20,US,Minnesota,Stearns,2643,19,0,45.55192576,-94.61078221,27145.0,1640.8505354648455,0.7188800605372683,2624,2643,19,0,2624,2631,159256,0,0,0,0,12
2020-07-20,US,Minnesota,Steele,278,1,0,44.02240351,-93.22627088,27147.0,758.5473000627576,0.3597122302158273,277,279,1,0,278,276,36803,-1,0,0,-1,3
2020-07-20,US,Minnesota,Stevens,13,0,0,45.58613007,-96.00163705,27149.0,132.58541560428353,0.0,13,13,0,0,13,13,9753,0,0,0,0,0
2020-07-20,US,Minnesota,Swift,46,1,0,45.2829032,-95.68264092,27151.0,496.4385927045111,2.1739130434782608,45,46,1,0,45,43,9345,0,0,0,0,3
2020-07-20,US,Minnesota,Todd,404,2,0,46.06996226,-94.89785296,27153.0,1638.0149205319494,0.4950495049504951,402,406,2,0,404,406,24582,-2,0,0,-2,0
2020-07-20,US,Minnesota,Traverse,9,0,0,45.77298854,-96.47062949,27155.0,276.15833077631174,0.0,9,9,0,0,9,9,3308,0,0,0,0,0
2020-07-20,US,Minnesota,Unassigned,759,40,0,0.0,0.0,90027.0,0.0,5.270092226613966,719,93,40,0,53,89,,666,0,0,666,4
2020-07-20,US,Minnesota,Wabasha,55,0,0,44.28424356,-92.23121312,27157.0,254.31173995468623,0.0,55,56,0,0,56,50,21645,-1,0,0,-1,6
2020-07-20,US,Minnesota,Wadena,19,0,0,46.58589171,-94.96968506,27159.0,138.86858646396726,0.0,19,19,0,0,19,18,13773,0,0,0,0,1
2020-07-20,US,Minnesota,Waseca,92,0,0,44.02211116,-93.58720034,27161.0,494.30474962389854,0.0,92,89,0,0,89,87,18691,3,0,0,3,2
2020-07-20,US,Minnesota,Washington,1465,40,0,45.03864533,-92.88429635,27163.0,558.2228318853834,2.7303754266211606,1425,1458,40,0,1418,1422,259201,7,0,0,7,36
2020-07-20,US,Minnesota,Watonwan,279,0,0,43.97823903,-94.61413846,27165.0,2560.337707625952,0.0,279,278,0,0,278,275,10980,1,0,0,1,3
2020-07-20,US,Minnesota,Wilkin,23,3,0,46.35721532,-96.4684375,27167.0,370.54937973256006,13.043478260869565,20,23,3,0,20,23,6254,0,0,0,0,0
2020-07-20,US,Minnesota,Winona,186,16,0,43.98772283,-91.78081305,27169.0,368.4335631091038,8.602150537634408,170,186,16,0,170,181,50825,0,0,0,0,5
2020-07-20,US,Minnesota,Wright,623,4,0,45.17297924,-93.96234781,27171.0,450.2193283565911,0.6420545746388443,619,614,4,0,610,598,136349,9,0,0,9,16
2020-07-20,US,Minnesota,Yellow Medicine,35,0,0,44.71710183,-95.86842453,27173.0,360.4902667627975,0.0,35,35,0,0,35,35,9795,0,0,0,0,0
2020-07-20,US,Mississippi,Adams,429,22,0,31.47669768,-91.35326037,28001.0,1397.712833545108,5.128205128205129,407,408,22,0,386,402,31192,21,0,0,21,6
2020-07-20,US,Mississippi,Alcorn,161,2,0,34.88084463,-88.57996173,28003.0,435.68857738207987,1.2422360248447204,159,148,2,0,146,143,36925,13,0,0,13,5
2020-07-20,US,Mississippi,Amite,143,4,0,31.17467303,-90.80501621,28005.0,1162.8852565666425,2.797202797202797,139,136,4,0,132,134,12326,7,0,0,7,2
2020-07-20,US,Mississippi,Attala,406,23,0,33.08658803,-89.57838564,28007.0,2233.9606030593154,5.665024630541872,383,404,23,0,381,403,18365,2,0,0,2,1
2020-07-20,US,Mississippi,Benton,77,0,0,34.81681228,-89.18945516,28009.0,932.3162610485533,0.0,77,77,0,0,77,75,8271,0,0,0,0,2
2020-07-20,US,Mississippi,Bolivar,570,18,0,33.79696941,-90.87372121,28011.0,1861.0421836228286,3.1578947368421053,552,550,18,0,532,542,31333,20,0,0,20,8
2020-07-20,US,Mississippi,Calhoun,249,5,0,33.93683395,-89.33686647,28013.0,1733.8625443910596,2.0080321285140563,244,241,5,0,236,225,14436,8,0,0,8,16
2020-07-20,US,Mississippi,Carroll,220,11,0,33.44834567,-89.91994479,28015.0,2211.722127274555,5.0,209,218,11,0,207,216,9911,2,0,0,2,2
2020-07-20,US,Mississippi,Chickasaw,342,19,0,33.91983202,-88.9481545,28017.0,1999.649184353622,5.5555555555555545,323,330,19,0,311,326,17171,12,0,0,12,4
2020-07-20,US,Mississippi,Choctaw,91,4,0,33.34598242,-89.24809382,28019.0,1108.4043848964675,4.395604395604397,87,89,4,0,85,89,8278,2,0,0,2,0
2020-07-20,US,Mississippi,Claiborne,344,11,0,31.97061673,-90.90702196,28021.0,3827.325322652425,3.197674418604651,333,336,11,0,325,330,9002,8,0,0,8,6
2020-07-20,US,Mississippi,Clarke,253,25,0,32.04158545,-88.68896219999998,28023.0,1627.9518692490826,9.881422924901186,228,250,25,0,225,249,15604,3,0,0,3,1
2020-07-20,US,Mississippi,Clay,299,12,0,33.65358105,-88.77784255,28025.0,1547.9395319942014,4.013377926421405,287,294,12,0,282,289,19386,5,0,0,5,5
2020-07-20,US,Mississippi,Coahoma,422,7,0,34.22772299,-90.60415045,28027.0,1907.430844331948,1.6587677725118484,415,410,7,0,403,285,22628,12,0,0,12,125
2020-07-20,US,Mississippi,Copiah,755,20,0,31.86977774,-90.44565118,28029.0,2690.183502583289,2.6490066225165565,735,731,20,0,711,727,28543,24,0,0,24,4
2020-07-20,US,Mississippi,Covington,469,6,0,31.63225413,-89.55389939,28031.0,2516.634470916505,1.279317697228145,463,463,6,0,457,458,18853,6,0,0,6,5
2020-07-20,US,Mississippi,DeSoto,2394,20,0,34.87625235,-89.99091418,28033.0,1294.438887236746,0.835421888053467,2374,2347,20,0,2327,2265,182001,47,0,0,47,82
2020-07-20,US,Mississippi,Forrest,1197,45,0,31.18961454,-89.25832496,28035.0,1598.194854266526,3.7593984962406015,1152,1161,45,0,1116,1140,75036,36,0,0,36,21
2020-07-20,US,Mississippi,Franklin,72,2,0,31.47786634,-90.89672989,28037.0,933.4889148191363,2.7777777777777777,70,63,2,0,61,60,7788,9,0,0,9,3
2020-07-20,US,Mississippi,George,179,3,0,30.86259065,-88.64436789,28039.0,730.6122448979593,1.675977653631285,176,163,3,0,160,151,24250,16,0,0,16,12
2020-07-20,US,Mississippi,Greene,157,10,0,31.21444233,-88.63922281,28041.0,1155.6013543353454,6.369426751592357,147,154,10,0,144,152,13586,3,0,0,3,2
2020-07-20,US,Mississippi,Grenada,711,15,0,33.77036166,-89.80245083,28043.0,3425.185470661913,2.109704641350211,696,695,15,0,680,691,21055,16,0,0,16,4
2020-07-20,US,Mississippi,Hancock,204,14,0,30.41830223,-89.48851033,28045.0,428.283506886127,6.862745098039214,190,190,14,0,176,187,47334,14,0,0,14,3
2020-07-20,US,Mississippi,Harrison,1456,18,0,30.51359752,-89.12467576,28047.0,699.7308727412534,1.2362637362637363,1438,1387,18,0,1369,1356,206650,69,0,0,69,31
2020-07-20,US,Mississippi,Hinds,3691,70,0,32.2656285,-90.44435448,28049.0,1592.0462387853693,1.8965050121918177,3621,3579,70,0,3509,3520,237085,112,0,0,112,59
2020-07-20,US,Mississippi,Holmes,640,43,0,33.12345854,-90.08923538,28051.0,3762.49265138154,6.71875,597,631,43,0,588,631,17622,9,0,0,9,0
2020-07-20,US,Mississippi,Humphreys,209,10,0,33.12825718,-90.52252707,28053.0,2591.7658730158732,4.784688995215312,199,203,10,0,193,202,8257,6,0,0,6,1
2020-07-20,US,Mississippi,Issaquena,15,1,0,32.72531359,-90.97392828,28055.0,1130.3692539562926,6.666666666666668,14,14,1,0,13,14,1308,1,0,0,1,0
2020-07-20,US,Mississippi,Itawamba,191,8,0,34.27993475,-88.3606733,28057.0,816.5882855921332,4.18848167539267,183,184,8,0,176,177,23517,7,0,0,7,7
2020-07-20,US,Mississippi,Jackson,1115,22,0,30.54020656,-88.64184064,28059.0,776.3704853882201,1.9730941704035876,1093,1081,21,0,1060,1018,143277,34,1,0,33,63
2020-07-20,US,Mississippi,Jasper,291,6,0,32.01922104,-89.11786866,28061.0,1776.231459439663,2.061855670103093,285,287,6,0,281,287,16428,4,0,0,4,0
2020-07-20,US,Mississippi,Jefferson,142,3,0,31.73397872,-91.03764977,28063.0,2031.4735336194565,2.112676056338028,139,141,3,0,138,138,7106,1,0,0,1,3
2020-07-20,US,Mississippi,Jefferson Davis,153,4,0,31.56884708,-89.82670990000004,28065.0,1374.9101365923796,2.6143790849673203,149,150,4,0,146,146,11234,3,0,0,3,4
2020-07-20,US,Mississippi,Jones,1382,53,0,31.62257767,-89.16896899999998,28067.0,2029.4281770389728,3.8350217076700432,1329,1346,53,0,1293,1342,68461,36,0,0,36,4
2020-07-20,US,Mississippi,Kemper,198,15,0,32.75462946,-88.64105766,28069.0,2032.436871278998,7.575757575757576,183,194,15,0,179,194,10027,4,0,0,4,0
2020-07-20,US,Mississippi,Lafayette,596,4,0,34.35687874,-89.48490961,28071.0,1103.315500101816,0.6711409395973155,592,586,4,0,582,577,54793,10,0,0,10,9
2020-07-20,US,Mississippi,Lamar,807,8,0,31.20572971,-89.5077704,28073.0,1274.0160712312331,0.9913258983890956,799,772,8,0,764,759,62447,35,0,0,35,13
2020-07-20,US,Mississippi,Lauderdale,1090,83,0,32.40419769,-88.66229662,28075.0,1470.4890387858347,7.614678899082569,1007,1075,83,0,992,1054,75317,15,0,0,15,21
2020-07-20,US,Mississippi,Lawrence,208,2,0,31.55147224,-90.10841127,28077.0,1652.629906245034,0.9615384615384616,206,207,2,0,205,203,12455,1,0,0,1,4
2020-07-20,US,Mississippi,Leake,683,21,0,32.7536828,-89.52402044,28079.0,2997.4545773720697,3.0746705710102487,662,677,21,0,656,677,22763,6,0,0,6,0
2020-07-20,US,Mississippi,Lee,820,24,0,34.291877500000005,-88.68149954,28081.0,959.7827613652324,2.9268292682926833,796,768,24,0,744,747,85202,52,0,0,52,21
2020-07-20,US,Mississippi,Leflore,648,56,0,33.55545125,-90.29900733,28083.0,2299.2584181953657,8.641975308641975,592,632,56,0,576,628,28919,16,0,0,16,4
2020-07-20,US,Mississippi,Lincoln,602,36,0,31.53288662,-90.45391915,28085.0,1762.6562820250049,5.980066445182724,566,593,36,0,557,590,34205,9,0,0,9,3
2020-07-20,US,Mississippi,Lowndes,650,17,0,33.47386518,-88.44191529999998,28087.0,1109.3096680604147,2.6153846153846154,633,639,17,0,622,629,58930,11,0,0,11,10
2020-07-20,US,Mississippi,Madison,1740,45,0,32.63389156,-90.03513564,28089.0,1637.3080397470642,2.586206896551724,1695,1691,44,0,1647,1681,105630,49,1,0,48,10
2020-07-20,US,Mississippi,Marion,414,12,0,31.23132643,-89.8209217,28091.0,1684.7759736295934,2.898550724637681,402,398,12,0,386,383,24715,16,0,0,16,15
2020-07-20,US,Mississippi,Marshall,384,4,0,34.76216286,-89.50299462,28093.0,1088.0036266787556,1.0416666666666667,380,375,4,0,371,370,35451,9,0,0,9,5
2020-07-20,US,Mississippi,Monroe,518,44,0,33.89236763,-88.4808438,28095.0,1469.4201747418585,8.494208494208495,474,511,43,0,468,507,35564,7,1,0,6,4
2020-07-20,US,Mississippi,Montgomery,224,3,0,33.49419589,-89.61729103,28097.0,2291.5601023017903,1.3392857142857142,221,219,3,0,216,213,10023,5,0,0,5,6
2020-07-20,US,Mississippi,Neshoba,1086,81,0,32.75339664,-89.11726492,28099.0,3729.6517617968266,7.458563535911603,1005,1074,81,0,993,1065,29125,12,0,0,12,9
2020-07-20,US,Mississippi,Newton,435,10,0,32.40021118,-89.11843336,28101.0,2069.65458178704,2.2988505747126435,425,435,10,0,425,416,21443,0,0,0,0,19
2020-07-20,US,Mississippi,Noxubee,312,10,0,33.11009499,-88.56949061,28103.0,2995.1041566669874,3.2051282051282053,302,306,10,0,296,303,10535,6,0,0,6,3
2020-07-20,US,Mississippi,Oktibbeha,697,27,0,33.42491685,-88.87905132,28105.0,1405.6103414201302,3.873744619799139,670,688,27,0,661,689,49599,9,0,0,9,-1
2020-07-20,US,Mississippi,Panola,576,6,0,34.36398677,-89.95064249,28107.0,1684.6045858680393,1.0416666666666667,570,565,6,0,559,549,34178,11,0,0,11,16
2020-07-20,US,Mississippi,Pearl River,371,32,0,30.77090935,-89.58677275,28109.0,668.0471774556587,8.625336927223719,339,363,32,0,331,355,55387,8,0,0,8,8
2020-07-20,US,Mississippi,Perry,117,5,0,31.17161885,-88.99281835,28111.0,977.1986970684039,4.2735042735042725,112,110,5,0,105,108,11931,7,0,0,7,2
2020-07-20,US,Mississippi,Pike,596,25,0,31.17507789,-90.40392572,28113.0,1517.0026471187134,4.194630872483222,571,582,25,0,557,576,39563,14,0,0,14,6
2020-07-20,US,Mississippi,Pontotoc,495,6,0,34.226046000000004,-89.03636807,28115.0,1538.5093553801205,1.2121212121212122,489,478,6,0,472,472,31833,17,0,0,17,6
2020-07-20,US,Mississippi,Prentiss,192,6,0,34.61810501,-88.51986294,28117.0,764.1486905993793,3.125,186,178,6,0,172,172,25315,14,0,0,14,6
2020-07-20,US,Mississippi,Quitman,129,1,0,34.25157572,-90.28908,28119.0,1899.2932862190808,0.7751937984496124,128,123,1,0,122,121,7051,6,0,0,6,2
2020-07-20,US,Mississippi,Rankin,1459,22,0,32.26469147,-89.94537876,28121.0,939.6474550946408,1.5078821110349554,1437,1415,22,0,1393,1402,153902,44,0,0,44,13
2020-07-20,US,Mississippi,Scott,886,16,0,32.406704100000006,-89.53789439,28123.0,3150.3342341061016,1.8058690744920995,870,873,16,0,857,872,28287,13,0,0,13,1
2020-07-20,US,Mississippi,Sharkey,65,0,0,32.88149103,-90.81595379999999,28125.0,1504.2814163388105,0.0,65,64,0,0,64,63,4377,1,0,0,1,1
2020-07-20,US,Mississippi,Simpson,537,5,0,31.91282117,-89.91716179,28127.0,2014.4046815214945,0.931098696461825,532,522,5,0,517,515,26758,15,0,0,15,7
2020-07-20,US,Mississippi,Smith,307,12,0,32.01744532,-89.50644846,28129.0,1928.8766021613474,3.908794788273616,295,301,12,0,289,301,16002,6,0,0,6,0
2020-07-20,US,Mississippi,Stone,104,2,0,30.79187949,-89.11547539,28131.0,567.1902268760907,1.9230769230769231,102,100,2,0,98,98,18717,4,0,0,4,2
2020-07-20,US,Mississippi,Sunflower,656,11,0,33.60192578,-90.58882684,28133.0,2612.504978096376,1.6768292682926829,645,633,11,0,622,632,25735,23,0,0,23,1
2020-07-20,US,Mississippi,Tallahatchie,293,4,0,33.95339918,-90.1729398,28135.0,2121.804620175248,1.3651877133105803,289,290,4,0,286,285,13987,3,0,0,3,5
2020-07-20,US,Mississippi,Tate,486,18,0,34.65133709,-89.94485778,28137.0,1716.0411002436356,3.703703703703704,468,460,18,0,442,452,28759,26,0,0,26,8
2020-07-20,US,Mississippi,Tippah,193,11,0,34.76872156,-88.90988194,28139.0,876.6749943220532,5.699481865284973,182,190,11,0,179,181,21995,3,0,0,3,9
2020-07-20,US,Mississippi,Tishomingo,165,1,0,34.74023475,-88.23917219,28141.0,851.2614146416963,0.6060606060606061,164,155,1,0,154,151,19454,10,0,0,10,4
2020-07-20,US,Mississippi,Tunica,147,3,0,34.64967704,-90.37481167,28143.0,1526.1627906976746,2.0408163265306123,144,146,3,0,143,138,9944,1,0,0,1,8
2020-07-20,US,Mississippi,Union,325,11,0,34.49162015,-89.00776006,28145.0,1127.8847822314767,3.3846153846153846,314,323,11,0,312,319,28606,2,0,0,2,4
2020-07-20,US,Mississippi,Walthall,353,12,0,31.14971548,-90.10446654,28147.0,2470.9505809883804,3.39943342776204,341,345,12,0,333,342,14465,8,0,0,8,3
2020-07-20,US,Mississippi,Warren,727,22,0,32.35810271,-90.83352619,28149.0,1601.9920230933649,3.0261348005502064,705,690,22,0,668,686,46176,37,0,0,37,4
2020-07-20,US,Mississippi,Washington,1056,18,0,33.28392041,-90.94196237,28151.0,2404.973923341456,1.7045454545454546,1038,953,18,0,935,940,45063,103,0,0,103,13
2020-07-20,US,Mississippi,Wayne,636,20,0,31.64135687,-88.69573913,28153.0,3151.166823564386,3.1446540880503147,616,622,20,0,602,623,20298,14,0,0,14,-1
2020-07-20,US,Mississippi,Webster,144,11,0,33.61300486,-89.28392912,28155.0,1486.2214882856852,7.638888888888888,133,141,11,0,130,140,9788,3,0,0,3,1
2020-07-20,US,Mississippi,Wilkinson,129,11,0,31.16078225,-91.31018819,28157.0,1494.7856315179606,8.527131782945737,118,121,11,0,110,121,8792,8,0,0,8,0
2020-07-20,US,Mississippi,Winston,348,13,0,33.08747908,-89.03391385,28159.0,1938.1787802840438,3.7356321839080464,335,348,13,0,335,340,18165,0,0,0,0,8
2020-07-20,US,Mississippi,Yalobusha,237,9,0,34.02824175,-89.70762049999998,28161.0,1957.383548067393,3.79746835443038,228,236,9,0,227,234,12392,1,0,0,1,2
2020-07-20,US,Mississippi,Yazoo,619,7,0,32.77890365,-90.39656148,28163.0,2084.8770629841697,1.1308562197092085,612,610,7,0,603,603,28248,9,0,0,9,7
2020-07-20,US,Missouri,Adair,110,0,0,40.19058551,-92.60078167,29001.0,434.04490391824174,0.0,110,107,0,0,107,107,25339,3,0,0,3,0
2020-07-20,US,Missouri,Andrew,66,1,0,39.98492163,-94.80163024,29003.0,372.62872628726285,1.5151515151515151,65,65,1,0,64,60,17607,1,0,0,1,5
2020-07-20,US,Missouri,Atchison,6,0,0,40.43238737,-95.42970639,29005.0,116.663426015944,0.0,6,6,0,0,6,6,5171,0,0,0,0,0
2020-07-20,US,Missouri,Audrain,158,1,0,39.215877,-91.84242683,29007.0,622.3412635890973,0.6329113924050633,157,157,1,0,156,155,25473,1,0,0,1,2
2020-07-20,US,Missouri,Barry,160,0,0,36.70978521,-93.82919888,29009.0,447.0647405627428,0.0,160,156,0,0,156,154,35886,4,0,0,4,2
2020-07-20,US,Missouri,Barton,51,0,0,37.50207671,-94.34757022,29011.0,433.89484430832056,0.0,51,48,0,0,48,45,11798,3,0,0,3,3
2020-07-20,US,Missouri,Bates,19,1,0,38.25271289,-94.34113157,29013.0,117.48701459312392,5.2631578947368425,18,18,1,0,17,17,16320,1,0,0,1,1
2020-07-20,US,Missouri,Benton,32,0,0,38.29503305,-93.28756116,29015.0,164.5836547857841,0.0,32,32,0,0,32,32,19278,0,0,0,0,0
2020-07-20,US,Missouri,Bollinger,43,0,0,37.32449052,-90.02725304,29017.0,354.40534080606614,0.0,43,40,1,0,39,39,12169,3,-1,0,4,1
2020-07-20,US,Missouri,Boone,750,2,0,38.99186229,-92.30723575,29019.0,415.5976571374742,0.26666666666666666,748,742,2,0,740,733,180005,8,0,0,8,9
2020-07-20,US,Missouri,Buchanan,975,6,0,39.65816401,-94.80138942,29021.0,1116.0203287395266,0.6153846153846154,969,974,6,0,968,971,88571,1,0,0,1,3
2020-07-20,US,Missouri,Butler,146,0,0,36.71462476,-90.40421163,29023.0,343.7073308536183,0.0,146,145,0,0,145,142,42639,1,0,0,1,3
2020-07-20,US,Missouri,Caldwell,23,1,0,39.65620858,-93.98308093,29025.0,254.98891352549893,4.3478260869565215,22,19,1,0,18,19,9108,4,0,0,4,0
2020-07-20,US,Missouri,Callaway,81,1,0,38.83674754,-91.92186505,29027.0,181.03390474487628,1.2345679012345678,80,80,1,0,79,78,44889,1,0,0,1,2
2020-07-20,US,Missouri,Camden,108,2,0,38.02199522,-92.76083747,29029.0,233.23615160349854,1.851851851851852,106,102,2,0,100,100,45815,6,0,0,6,2
2020-07-20,US,Missouri,Cape Girardeau,445,3,0,37.38489388,-89.6843587,29031.0,564.2124481748679,0.6741573033707865,442,429,3,0,426,428,78753,16,0,0,16,1
2020-07-20,US,Missouri,Carroll,48,0,0,39.42762566,-93.50626255,29033.0,553.0591081921881,0.0,48,48,0,0,48,47,8743,0,0,0,0,1
2020-07-20,US,Missouri,Carter,9,1,0,36.94160441,-90.96051322,29035.0,150.45135406218657,11.111111111111109,8,8,1,0,7,8,6054,1,0,0,1,0
2020-07-20,US,Missouri,Cass,285,8,0,38.64789422,-94.353399,29037.0,269.4271128757799,2.8070175438596485,277,268,8,0,260,250,104954,17,0,0,17,18
2020-07-20,US,Missouri,Cedar,25,0,0,37.72391475,-93.85445441,29039.0,174.22816921039794,0.0,25,25,0,0,25,25,14165,0,0,0,0,0
2020-07-20,US,Missouri,Chariton,13,0,0,39.51499357,-92.9629191,29041.0,175.06059789927284,0.0,13,13,0,0,13,13,7451,0,0,0,0,0
2020-07-20,US,Missouri,Christian,122,1,0,36.9711783,-93.18537118,29043.0,137.70528810880975,0.819672131147541,121,118,1,0,117,113,86983,4,0,0,4,5
2020-07-20,US,Missouri,Clark,2,0,0,40.41040752,-91.73661677,29045.0,29.424746211563924,0.0,2,2,0,0,2,2,6842,0,0,0,0,0
2020-07-20,US,Missouri,Clay,630,13,0,39.31132056,-94.41850862,29047.0,252.0524269047962,2.063492063492064,617,625,13,0,612,617,246365,5,0,0,5,8
2020-07-20,US,Missouri,Clinton,38,0,0,39.6013098,-94.40465394,29049.0,186.39328984156572,0.0,38,36,0,0,36,38,20470,2,0,0,2,-2
2020-07-20,US,Missouri,Cole,161,2,0,38.50455671,-92.27860244,29051.0,209.7856537885204,1.2422360248447204,159,159,2,0,157,158,76796,2,0,0,2,1
2020-07-20,US,Missouri,Cooper,35,0,0,38.844478,-92.80896081,29053.0,197.63961827319443,0.0,35,33,0,0,33,33,17603,2,0,0,2,0
2020-07-20,US,Missouri,Crawford,28,0,0,37.97663738,-91.30528104,29055.0,117.05685618729099,0.0,28,28,0,0,28,28,23957,0,0,0,0,0
2020-07-20,US,Missouri,Dade,4,0,0,37.431814,-93.8503345,29057.0,52.903055151435005,0.0,4,4,0,0,4,4,7569,0,0,0,0,0
2020-07-20,US,Missouri,Dallas,28,1,0,37.681135499999996,-93.02127031,29059.0,165.89643322668562,3.571428571428572,27,28,1,0,27,27,16762,0,0,0,0,1
2020-07-20,US,Missouri,Daviess,13,0,0,39.96145298,-93.98519678,29061.0,157.04276395264557,0.0,13,13,0,0,13,13,8313,0,0,0,0,0
2020-07-20,US,Missouri,DeKalb,20,1,0,39.89201062,-94.40476508,29063.0,159.40065354267955,5.0,19,20,1,0,19,20,12630,0,0,0,0,0
2020-07-20,US,Missouri,Dent,10,0,0,37.60663134,-91.50790473,29065.0,64.21370320426381,0.0,10,10,0,0,10,10,15441,0,0,0,0,0
2020-07-20,US,Missouri,Douglas,28,1,0,36.9325593,-92.49905109,29067.0,212.3625331816458,3.571428571428572,27,26,1,0,25,22,13373,2,0,0,2,4
2020-07-20,US,Missouri,Dunklin,149,3,0,36.27167174,-90.09122243,29069.0,511.4826130239264,2.0134228187919465,146,147,3,0,144,146,29423,2,0,0,2,1
2020-07-20,US,Missouri,Franklin,360,18,0,38.41127108,-91.07522826,29071.0,346.26371829522833,5.0,342,354,18,0,336,348,103670,6,0,0,6,6
2020-07-20,US,Missouri,Gasconade,19,0,0,38.43947277,-91.50847147,29073.0,129.19896640826875,0.0,19,18,0,0,18,18,14705,1,0,0,1,0
2020-07-20,US,Missouri,Gentry,70,9,0,40.21097916,-94.40944419,29075.0,1065.286866534774,12.857142857142858,61,70,9,0,61,70,6628,0,0,0,0,0
2020-07-20,US,Missouri,Greene,650,9,0,37.2575872,-93.34230916,29077.0,221.77790819076995,1.3846153846153846,641,625,9,0,616,596,291923,25,0,0,25,29
2020-07-20,US,Missouri,Grundy,22,1,0,40.11406587,-93.56509276,29079.0,223.35025380710653,4.545454545454546,21,22,1,0,21,22,9914,0,0,0,0,0
2020-07-20,US,Missouri,Harrison,35,1,0,40.35570088,-93.99222144,29081.0,419.06130268199234,2.8571428571428568,34,35,1,0,34,35,8414,0,0,0,0,0
2020-07-20,US,Missouri,Henry,41,3,0,38.38482826,-93.79293734,29083.0,187.86656891495602,7.317073170731707,38,41,3,0,38,40,21792,0,0,0,0,1
2020-07-20,US,Missouri,Hickory,2,0,0,37.94163617,-93.3203037,29085.0,20.955574182732608,0.0,2,2,0,0,2,2,9509,0,0,0,0,0
2020-07-20,US,Missouri,Holt,2,0,0,40.09799248,-95.21638879999999,29087.0,45.42357483533954,0.0,2,1,0,0,1,1,4404,1,0,0,1,0
2020-07-20,US,Missouri,Howard,17,0,0,39.1435761,-92.69756691,29089.0,169.98300169983003,0.0,17,15,0,0,15,12,10137,2,0,0,2,3
2020-07-20,US,Missouri,Howell,63,0,0,36.77383887,-91.88683935,29091.0,157.04065608096315,0.0,63,63,0,0,63,62,40076,0,0,0,0,1
2020-07-20,US,Missouri,Iron,4,0,0,37.55487945,-90.7735296,29093.0,39.50617283950617,0.0,4,4,0,0,4,3,10177,0,0,0,0,1
2020-07-20,US,Missouri,Jackson,1954,47,0,39.01002188,-94.34724536,29095.0,277.9472867423127,2.40532241555783,1907,1912,47,0,1865,1810,700307,42,0,0,42,102
2020-07-20,US,Missouri,Jasper,1256,18,0,37.20351921,-94.34050458,29097.0,1035.2103389159963,1.4331210191082802,1238,1239,17,0,1222,1226,120636,17,1,0,16,13
2020-07-20,US,Missouri,Jefferson,728,23,0,38.25926778,-90.53870896,29099.0,323.4391174732652,3.1593406593406588,705,711,22,0,689,690,224347,17,1,0,16,21
2020-07-20,US,Missouri,Johnson,355,1,0,38.74719601,-93.80691168,29101.0,656.6534719396249,0.28169014084507044,354,354,1,0,353,350,53652,1,0,0,1,4
2020-07-20,US,Missouri,Kansas City,3809,38,0,39.0997,-94.5786,0.0,779.0274121932414,0.9976371751115778,3771,3715,38,0,3677,3564,491918,94,0,0,94,151
2020-07-20,US,Missouri,Knox,3,0,0,40.12699751,-92.14780832,29103.0,75.77671129072998,0.0,3,2,0,0,2,2,3947,1,0,0,1,0
2020-07-20,US,Missouri,Laclede,145,1,0,37.65896829,-92.5888493,29105.0,405.90096016571954,0.6896551724137931,144,138,1,0,137,134,35713,7,0,0,7,4
2020-07-20,US,Missouri,Lafayette,119,2,0,39.06986886,-93.78076396,29107.0,363.82536382536387,1.680672268907563,117,117,2,0,115,116,32598,2,0,0,2,1
2020-07-20,US,Missouri,Lawrence,104,2,0,37.10626634,-93.83293097,29109.0,271.15108851518704,1.9230769230769231,102,94,2,0,92,87,38359,10,0,0,10,7
2020-07-20,US,Missouri,Lewis,12,1,0,40.09673161,-91.72070156,29111.0,122.74959083469723,8.333333333333334,11,12,1,0,11,10,9855,0,0,0,0,2
2020-07-20,US,Missouri,Lincoln,153,1,0,39.05345619,-90.95588181,29113.0,259.2649077321946,0.6535947712418301,152,153,1,0,152,144,57686,0,0,0,0,9
2020-07-20,US,Missouri,Linn,23,1,0,39.87001769,-93.10704106,29115.0,192.95302013422818,4.3478260869565215,22,22,1,0,21,21,12037,1,0,0,1,1
2020-07-20,US,Missouri,Livingston,30,0,0,39.78110272,-93.54645978,29117.0,197.01845406186385,0.0,30,30,0,0,30,30,15146,0,0,0,0,0
2020-07-20,US,Missouri,Macon,36,0,0,39.83049768,-92.56453089,29121.0,238.14248858900575,0.0,36,36,0,0,36,36,15153,0,0,0,0,0
2020-07-20,US,Missouri,Madison,11,0,0,37.47865134,-90.34671429999999,29123.0,90.99933818663138,0.0,11,9,0,0,9,9,12188,2,0,0,2,0
2020-07-20,US,Missouri,Maries,7,0,0,38.16193985,-91.92249662,29125.0,80.48752443371278,0.0,7,7,0,0,7,6,8769,0,0,0,0,1
2020-07-20,US,Missouri,Marion,50,0,0,39.80601912,-91.62203062,29127.0,175.2541184717841,0.0,50,48,0,0,48,45,28592,2,0,0,2,3
2020-07-20,US,Missouri,McDonald,819,1,0,36.62869595,-94.34867205,29119.0,3586.285414021106,0.1221001221001221,818,817,1,0,816,800,23078,2,0,0,2,17
2020-07-20,US,Missouri,Mercer,8,0,0,40.42212303,-93.56829590000001,29129.0,221.1777716339508,0.0,8,8,0,0,8,8,3641,0,0,0,0,0
2020-07-20,US,Missouri,Miller,42,0,0,38.21450288,-92.42610898,29131.0,163.94082516882003,0.0,42,42,0,0,42,41,25336,0,0,0,0,1
2020-07-20,US,Missouri,Mississippi,100,0,0,36.82516239,-89.29505753,29133.0,758.7253414264038,0.0,100,100,0,0,100,100,13336,0,0,0,0,0
2020-07-20,US,Missouri,Moniteau,71,2,0,38.63571781,-92.57976951,29135.0,440.1190181006695,2.8169014084507036,69,71,2,0,69,71,16121,0,0,0,0,0
2020-07-20,US,Missouri,Monroe,7,0,0,39.49593978,-92.00043978,29137.0,80.98102730217492,0.0,7,7,0,0,7,6,8664,0,0,0,0,1
2020-07-20,US,Missouri,Montgomery,24,0,0,38.94022054,-91.47000721,29139.0,207.7742186823652,0.0,24,24,0,0,24,23,11534,0,0,0,0,1
2020-07-20,US,Missouri,Morgan,34,0,0,38.4181765,-92.88791859,29141.0,164.8325010908033,0.0,34,31,0,0,31,29,20358,3,0,0,3,2
2020-07-20,US,Missouri,New Madrid,101,1,0,36.59666326,-89.66070007,29143.0,591.473412977278,0.99009900990099,100,101,1,0,100,98,17296,0,0,0,0,3
2020-07-20,US,Missouri,Newton,659,3,0,36.90519407,-94.3394104,29145.0,1131.6024452228862,0.4552352048558422,656,651,2,0,649,638,58266,8,1,0,7,13
2020-07-20,US,Missouri,Nodaway,33,0,0,40.36079813,-94.88133008,29147.0,149.3753394894079,0.0,33,29,0,0,29,29,22304,4,0,0,4,0
2020-07-20,US,Missouri,Oregon,12,0,0,36.68710164,-91.4033755,29149.0,113.9709374109602,0.0,12,10,0,0,10,10,10541,2,0,0,2,0
2020-07-20,US,Missouri,Osage,22,0,0,38.46036182,-91.8613635,29151.0,161.5864854939405,0.0,22,17,0,0,17,17,13714,5,0,0,5,0
2020-07-20,US,Missouri,Ozark,3,0,0,36.64916339,-92.44459066,29153.0,32.701111837802486,0.0,3,3,0,0,3,2,9017,0,0,0,0,1
2020-07-20,US,Missouri,Pemiscot,161,6,0,36.2130572,-89.78742322,29155.0,1018.664979436887,3.7267080745341614,155,160,6,0,154,160,16272,1,0,0,1,0
2020-07-20,US,Missouri,Perry,182,3,0,37.70660776,-89.82741088,29157.0,951.0869565217392,1.6483516483516485,179,179,3,0,176,178,19150,3,0,0,3,1
2020-07-20,US,Missouri,Pettis,199,2,0,38.72798918,-93.28471706,29159.0,470.01582465339277,1.0050251256281406,197,197,2,0,195,194,42542,2,0,0,2,3
2020-07-20,US,Missouri,Phelps,57,0,0,37.87736118,-91.79351727,29161.0,127.88010679110673,0.0,57,57,0,0,57,53,44732,0,0,0,0,4
2020-07-20,US,Missouri,Pike,47,1,0,39.34310674,-91.16980779,29163.0,256.8025352420501,2.127659574468085,46,47,1,0,46,46,18504,0,0,0,0,1
2020-07-20,US,Missouri,Platte,208,6,0,39.38154439,-94.77068479,29165.0,199.1993717558276,2.8846153846153846,202,207,6,0,201,198,102985,1,0,0,1,9
2020-07-20,US,Missouri,Polk,93,0,0,37.616229600000004,-93.39828174,29167.0,289.27804908395285,0.0,93,85,0,0,85,55,32201,8,0,0,8,30
2020-07-20,US,Missouri,Pulaski,155,1,0,37.82462075,-92.20783203,29169.0,294.6375957572186,0.6451612903225806,154,155,1,0,154,155,52014,0,0,0,0,0
2020-07-20,US,Missouri,Putnam,4,0,0,40.47942497,-93.02042674,29171.0,85.17887563884156,0.0,4,4,0,0,4,4,4757,0,0,0,0,0
2020-07-20,US,Missouri,Ralls,11,0,0,39.52817427,-91.51838643,29173.0,106.7028809777864,0.0,11,11,0,0,11,10,10212,0,0,0,0,1
2020-07-20,US,Missouri,Randolph,21,1,0,39.44007257,-92.49713740000001,29175.0,84.85534184580573,4.761904761904762,20,21,1,0,20,21,24763,0,0,0,0,0
2020-07-20,US,Missouri,Ray,37,0,0,39.353746799999996,-93.98905745,29177.0,160.7437657485446,0.0,37,37,0,0,37,37,22883,0,0,0,0,0
2020-07-20,US,Missouri,Reynolds,10,0,0,37.36085952,-90.97009925,29179.0,159.48963317384369,0.0,10,10,0,0,10,10,6254,0,0,0,0,0
2020-07-20,US,Missouri,Ripley,30,0,0,36.65460667,-90.85990261,29181.0,225.76760987357014,0.0,30,27,0,0,27,24,13401,3,0,0,3,3
2020-07-20,US,Missouri,Saline,348,5,0,39.13734288,-93.20259964,29195.0,1528.9310662976145,1.4367816091954022,343,346,5,0,341,343,22895,2,0,0,2,3
2020-07-20,US,Missouri,Schuyler,6,0,0,40.46921489,-92.52311943,29197.0,128.75536480686696,0.0,6,6,0,0,6,5,4599,0,0,0,0,1
2020-07-20,US,Missouri,Scotland,11,1,0,40.45214695,-92.14709064,29199.0,224.3982048143615,9.090909090909092,10,11,1,0,10,11,4966,0,0,0,0,0
2020-07-20,US,Missouri,Scott,244,13,0,37.05588075,-89.56474493,29201.0,637.4085684430512,5.327868852459017,231,244,13,0,231,242,38458,0,0,0,0,2
2020-07-20,US,Missouri,Shannon,33,0,0,37.15772072,-91.40190382,29203.0,404.11462160176336,0.0,33,31,0,0,31,30,8189,2,0,0,2,1
2020-07-20,US,Missouri,Shelby,7,0,0,39.79742518,-92.07634971,29205.0,118.04384485666105,0.0,7,7,0,0,7,6,6050,0,0,0,0,1
2020-07-20,US,Missouri,St. Charles,1774,79,0,38.77875681,-90.66662425,29183.0,441.2693832675824,4.453213077790305,1695,1746,79,0,1667,1673,399182,28,0,0,28,73
2020-07-20,US,Missouri,St. Clair,11,0,0,38.03699437,-93.77631447,29185.0,117.058635734809,0.0,11,10,0,0,10,10,9395,1,0,0,1,0
2020-07-20,US,Missouri,St. Francois,191,2,0,37.81214171,-90.47598685,29187.0,284.16276128840286,1.0471204188481675,189,189,2,0,187,188,66692,2,0,0,2,1
2020-07-20,US,Missouri,St. Louis,9114,610,0,38.63770039999999,-90.4458375,29189.0,916.7123480569902,6.6929997805573835,8504,8990,610,0,8380,8862,996945,124,0,0,124,128
2020-07-20,US,Missouri,St. Louis City,3447,161,0,38.63555736,-90.24349225,29510.0,1146.7981475566912,4.670728169422687,3286,3403,161,0,3242,3339,302838,44,0,0,44,64
2020-07-20,US,Missouri,Ste. Genevieve,30,1,0,37.89090059,-90.1949941,29186.0,167.65396222197384,3.333333333333333,29,29,1,0,28,27,17888,1,0,0,1,2
2020-07-20,US,Missouri,Stoddard,171,9,0,36.85571651,-89.9444155,29207.0,589.1472868217054,5.2631578947368425,162,169,9,0,160,169,29206,2,0,0,2,0
2020-07-20,US,Missouri,Stone,38,0,0,36.75000327,-93.45256475,29209.0,118.9283925888833,0.0,38,38,0,0,38,37,31749,0,0,0,0,1
2020-07-20,US,Missouri,Sullivan,122,0,0,40.2099105,-93.11150106,29211.0,2003.6130727541467,0.0,122,122,0,0,122,122,6221,0,0,0,0,0
2020-07-20,US,Missouri,Taney,178,3,0,36.65465345,-93.04075153,29213.0,318.26634244028037,1.6853932584269662,175,174,3,0,171,166,55852,4,0,0,4,8
2020-07-20,US,Missouri,Texas,16,0,0,37.31728859,-91.96564727,29215.0,62.9970863847547,0.0,16,16,0,0,16,16,25571,0,0,0,0,0
2020-07-20,US,Missouri,Vernon,42,0,0,37.8457799,-94.34127305,29217.0,204.25035257501338,0.0,42,41,0,0,41,40,20528,1,0,0,1,1
2020-07-20,US,Missouri,Warren,89,0,0,38.76529479,-91.16124662,29219.0,249.6563718477377,0.0,89,85,0,0,85,78,34711,4,0,0,4,7
2020-07-20,US,Missouri,Washington,40,1,0,37.96130078,-90.87948158,29221.0,161.74686615446825,2.5,39,40,1,0,39,39,24943,0,0,0,0,1
2020-07-20,US,Missouri,Wayne,5,0,0,37.11303869,-90.46001416,29223.0,38.84098500737978,0.0,5,5,0,0,5,5,13122,0,0,0,0,0
2020-07-20,US,Missouri,Webster,78,1,0,37.2813734,-92.876329,29225.0,197.00949686805416,1.2820512820512822,77,76,1,0,75,74,39109,2,0,0,2,2
2020-07-20,US,Missouri,Worth,5,0,0,40.47945588,-94.42328751,29227.0,248.38549428713364,0.0,5,4,0,0,4,4,2040,1,0,0,1,0
2020-07-20,US,Missouri,Wright,51,0,0,37.27029221,-92.46914488,29229.0,278.8561430367981,0.0,51,51,0,0,51,52,18378,0,0,0,0,-1
2020-07-20,US,Montana,Beaverhead,9,0,0,45.13434354,-112.8984694,30001.0,95.20787051729609,0.0,9,9,0,0,9,9,9404,0,0,0,0,0
2020-07-20,US,Montana,Big Horn,146,5,0,45.42335905,-107.492347,30003.0,1096.178391771154,3.4246575342465757,141,142,5,0,137,138,13338,4,0,0,4,4
2020-07-20,US,Montana,Blaine,4,0,0,48.43175214,-108.9582723,30005.0,59.8712767549768,0.0,4,4,0,0,4,4,6807,0,0,0,0,0
2020-07-20,US,Montana,Broadwater,9,0,0,46.33277565,-111.4955813,30007.0,144.3001443001443,0.0,9,9,0,0,9,9,6085,0,0,0,0,0
2020-07-20,US,Montana,Carbon,41,0,0,45.22850116,-109.0274047,30009.0,382.28438228438233,0.0,41,41,0,0,41,41,10714,0,0,0,0,0
2020-07-20,US,Montana,Cascade,80,2,0,47.30797024,-111.3467922,30013.0,98.32116608902979,2.5,78,72,2,0,70,69,81643,8,0,0,8,3
2020-07-20,US,Montana,Custer,41,0,0,46.25319932,-105.57375259999998,30017.0,359.5860375372741,0.0,41,41,0,0,41,41,11586,0,0,0,0,0
2020-07-20,US,Montana,Dawson,8,0,0,47.26584855,-104.89444170000002,30021.0,92.88285150354116,0.0,8,8,0,0,8,8,8680,0,0,0,0,0
2020-07-20,US,Montana,Deer Lodge,8,0,0,46.05953325,-113.073353,30023.0,87.527352297593,0.0,8,8,0,0,8,8,9131,0,0,0,0,0
2020-07-20,US,Montana,Fallon,1,0,0,46.33478338,-104.4183565,30025.0,35.137034434293746,0.0,1,1,0,0,1,1,2920,0,0,0,0,0
2020-07-20,US,Montana,Fergus,4,0,0,47.26331584,-109.2245206,30027.0,36.199095022624434,0.0,4,4,0,0,4,4,11113,0,0,0,0,0
2020-07-20,US,Montana,Flathead,132,2,0,48.29575866,-114.0520569,30029.0,127.16027975261544,1.5151515151515151,130,120,2,0,118,112,102106,12,0,0,12,8
2020-07-20,US,Montana,Gallatin,615,1,0,45.54486106,-111.1692571,30031.0,537.427687575371,0.16260162601626016,614,581,1,0,580,563,111876,34,0,0,34,18
2020-07-20,US,Montana,Garfield,11,0,0,47.27545948,-107.0002351,30033.0,874.4038155802863,0.0,11,11,0,0,11,10,1268,0,0,0,0,1
2020-07-20,US,Montana,Glacier,34,0,0,48.70513576,-112.9934235,30035.0,247.21878862793568,0.0,34,34,0,0,34,34,13747,0,0,0,0,0
2020-07-20,US,Montana,Golden Valley,3,0,0,46.3816474,-109.1768522,30037.0,365.4080389768576,0.0,3,3,0,0,3,3,826,0,0,0,0,0
2020-07-20,US,Montana,Granite,6,0,0,46.40605220000001,-113.4414186,30039.0,177.56732761171943,0.0,6,6,0,0,6,6,3378,0,0,0,0,0
2020-07-20,US,Montana,Hill,35,0,0,48.62879827,-110.1129252,30041.0,212.32710507158455,0.0,35,35,0,0,35,34,16347,0,0,0,0,1
2020-07-20,US,Montana,Jefferson,14,0,0,46.14907081,-112.094396,30043.0,114.55691023647819,0.0,14,14,0,0,14,14,12097,0,0,0,0,0
2020-07-20,US,Montana,Lake,105,0,0,47.64514965,-114.0898013,30047.0,344.7370149057718,0.0,105,102,0,0,102,100,30250,3,0,0,3,2
2020-07-20,US,Montana,Lewis and Clark,83,1,0,47.12610041,-112.394698,30049.0,119.54142182279064,1.2048192771084338,82,80,1,0,79,77,68700,3,0,0,3,3
2020-07-20,US,Montana,Liberty,1,0,0,48.56084317,-111.024307,30051.0,42.78990158322636,0.0,1,1,0,0,1,1,2430,0,0,0,0,0
2020-07-20,US,Montana,Lincoln,48,1,0,48.54265777,-115.4046155,30053.0,240.24024024024024,2.083333333333333,47,45,1,0,44,44,19794,3,0,0,3,1
2020-07-20,US,Montana,Madison,45,1,0,45.30080065,-111.9173017,30057.0,523.2558139534884,2.2222222222222223,44,44,1,0,43,44,8768,1,0,0,1,0
2020-07-20,US,Montana,Meagher,4,0,0,46.59907074,-110.8898557,30059.0,214.8227712137487,0.0,4,4,0,0,4,4,1866,0,0,0,0,0
2020-07-20,US,Montana,Missoula,164,1,0,47.03728583,-113.92135079999998,30063.0,137.12374581939798,0.6097560975609756,163,160,1,0,159,160,118791,4,0,0,4,0
2020-07-20,US,Montana,Musselshell,1,0,0,46.49684637,-108.39498,30065.0,21.58428663932657,0.0,1,1,0,0,1,1,4651,0,0,0,0,0
2020-07-20,US,Montana,Park,30,0,0,45.48965095,-110.52643940000002,30067.0,180.6575936408527,0.0,30,30,0,0,30,30,16736,0,0,0,0,0
2020-07-20,US,Montana,Pondera,5,0,0,48.22773388,-112.2252703,30073.0,84.5880561664693,0.0,5,5,0,0,5,5,5972,0,0,0,0,0
2020-07-20,US,Montana,Ravalli,50,1,0,46.08520862,-114.11891640000002,30081.0,114.13961557777472,2.0,49,50,1,0,49,50,43172,0,0,0,0,0
2020-07-20,US,Montana,Richland,34,0,0,47.78668011,-104.5610786,30083.0,314.7273905396649,0.0,34,34,0,0,34,34,10913,0,0,0,0,0
2020-07-20,US,Montana,Roosevelt,9,0,0,48.29607488,-105.0079268,30085.0,81.78844056706652,0.0,9,9,0,0,9,9,11059,0,0,0,0,0
2020-07-20,US,Montana,Rosebud,16,1,0,46.23397237,-106.72928799999998,30087.0,179.03099474096456,6.25,15,16,1,0,15,16,9063,0,0,0,0,0
2020-07-20,US,Montana,Sanders,4,0,0,47.67657534,-115.1329916,30089.0,33.02237265747545,0.0,4,4,0,0,4,4,11844,0,0,0,0,0
2020-07-20,US,Montana,Sheridan,2,0,0,48.72085833,-104.503829,30091.0,60.44122091266244,0.0,2,2,0,0,2,2,3424,0,0,0,0,0
2020-07-20,US,Montana,Silver Bow,30,0,0,45.90018933,-112.6620092,30093.0,85.92295574967777,0.0,30,30,0,0,30,30,34993,0,0,0,0,0
2020-07-20,US,Montana,Stillwater,13,0,0,45.67071407,-109.3950061,30095.0,134.82679941920765,0.0,13,13,0,0,13,13,9534,0,0,0,0,0
2020-07-20,US,Montana,Sweet Grass,2,0,0,45.81367654,-109.9425686,30097.0,53.51886540005352,0.0,2,2,0,0,2,2,3710,0,0,0,0,0
2020-07-20,US,Montana,Teton,15,0,0,47.83741052,-112.2410688,30099.0,244.0214738897023,0.0,15,15,0,0,15,15,6162,0,0,0,0,0
2020-07-20,US,Montana,Toole,31,6,0,48.65577551,-111.6942414,30101.0,654.5608108108107,19.354838709677423,25,31,6,0,25,31,4853,0,0,0,0,0
2020-07-20,US,Montana,Treasure,2,0,0,46.20973220000001,-107.2666516,30103.0,287.3563218390805,0.0,2,2,0,0,2,2,679,0,0,0,0,0
2020-07-20,US,Montana,Valley,5,0,0,48.36435097,-106.6669635,30105.0,67.60411032990805,0.0,5,5,0,0,5,4,7437,0,0,0,0,1
2020-07-20,US,Montana,Wheatland,2,0,0,46.46652491,-109.8464636,30107.0,94.07337723424273,0.0,2,2,0,0,2,2,2236,0,0,0,0,0
2020-07-20,US,Montana,Wibaux,1,0,0,46.95925154,-104.2510927,30109.0,103.19917440660471,0.0,1,1,0,0,1,1,1034,0,0,0,0,0
2020-07-20,US,Montana,Yellowstone,717,17,0,45.93955949,-108.2691486,30111.0,444.51332920024805,2.370990237099024,700,702,15,0,687,682,160137,15,2,0,13,20
2020-07-20,US,Nebraska,Adams,320,10,0,40.52449420000001,-98.50117804,31001.0,1020.3105570257947,3.125,310,316,11,0,305,316,31511,4,-1,0,5,0
2020-07-20,US,Nebraska,Antelope,16,1,0,42.17695516,-98.06662829999999,31003.0,254.0489044140997,6.25,15,16,1,0,15,16,6336,0,0,0,0,0
2020-07-20,US,Nebraska,Banner,2,0,0,41.54634427,-103.7114332,31007.0,268.4563758389262,0.0,2,2,0,0,2,2,730,0,0,0,0,0
2020-07-20,US,Nebraska,Boone,7,0,0,41.70759415,-98.06737183,31011.0,134.82280431432974,0.0,7,7,0,0,7,7,5239,0,0,0,0,0
2020-07-20,US,Nebraska,Box Butte,7,0,0,42.22079243,-103.08788340000001,31013.0,64.91699897987573,0.0,7,4,0,0,4,4,10772,3,0,0,3,0
2020-07-20,US,Nebraska,Boyd,1,0,0,42.899727399999996,-98.76486568,31015.0,52.110474205315285,0.0,1,1,0,0,1,1,1955,0,0,0,0,0
2020-07-20,US,Nebraska,Buffalo,237,1,0,40.85486962,-99.07500296,31019.0,477.25487826980003,0.4219409282700422,236,233,1,0,232,230,49615,4,0,0,4,3
2020-07-20,US,Nebraska,Burt,17,0,0,41.85056773,-96.32605633,31021.0,263.1986375599938,0.0,17,17,0,0,17,17,6488,0,0,0,0,0
2020-07-20,US,Nebraska,Butler,53,0,0,41.22703692,-97.13106306,31023.0,661.1776447105789,0.0,53,53,0,0,53,52,8058,0,0,0,0,1
2020-07-20,US,Nebraska,Cass,110,1,0,40.90899107,-96.13971217,31025.0,419.07954891801285,0.9090909090909092,109,110,1,0,109,109,26159,0,0,0,0,1
2020-07-20,US,Nebraska,Cedar,19,0,0,42.598885100000004,-97.25311951,31027.0,226.13663413472983,0.0,19,19,0,0,19,19,8446,0,0,0,0,0
2020-07-20,US,Nebraska,Chase,4,0,0,40.523719799999995,-101.69780259999999,31029.0,101.9367991845056,0.0,4,1,0,0,1,1,3977,3,0,0,3,0
2020-07-20,US,Nebraska,Cherry,3,0,0,42.54502621,-101.1244332,31031.0,52.73334505185446,0.0,3,3,0,0,3,3,5761,0,0,0,0,0
2020-07-20,US,Nebraska,Cheyenne,21,0,0,41.21999357,-102.9941693,31033.0,235.69023569023568,0.0,21,22,0,0,22,22,9310,-1,0,0,-1,0
2020-07-20,US,Nebraska,Clay,40,0,0,40.52439441,-98.05126296,31035.0,644.8492664839594,0.0,40,36,0,0,36,35,6214,4,0,0,4,1
2020-07-20,US,Nebraska,Colfax,685,4,0,41.57486951,-97.0868542,31037.0,6396.48893454104,0.583941605839416,681,684,4,0,680,682,10881,1,0,0,1,2
2020-07-20,US,Nebraska,Cuming,41,0,0,41.91637624,-96.78730772,31039.0,463.48632150124354,0.0,41,40,0,0,40,40,8940,1,0,0,1,0
2020-07-20,US,Nebraska,Custer,40,4,0,41.39374521,-99.72805369,31041.0,371.16080541894775,10.0,36,40,4,0,36,40,10840,0,0,0,0,0
2020-07-20,US,Nebraska,Dakota,1873,37,0,42.39040144,-96.56656425,31043.0,9352.841306301807,1.97544046983449,1836,1872,37,0,1835,1869,20083,1,0,0,1,3
2020-07-20,US,Nebraska,Dawes,4,0,0,42.71985036,-103.1313774,31045.0,46.57119571545,0.0,4,4,0,0,4,4,8716,0,0,0,0,0
2020-07-20,US,Nebraska,Dawson,883,7,0,40.87028216,-99.82014609999999,31047.0,3742.318287772833,0.7927519818799547,876,883,8,0,875,882,23709,0,-1,0,1,1
2020-07-20,US,Nebraska,Deuel,1,0,0,41.11168186,-102.33333309999999,31049.0,55.74136008918617,0.0,1,2,0,0,2,2,1825,-1,0,0,-1,0
2020-07-20,US,Nebraska,Dixon,56,2,0,42.49188363,-96.86782408,31051.0,993.61249112846,3.571428571428572,54,58,2,0,56,58,5709,-2,0,0,-2,0
2020-07-20,US,Nebraska,Dodge,723,8,0,41.58071748,-96.65598179,31053.0,1977.300697388213,1.1065006915629323,715,725,8,0,717,724,36791,-2,0,0,-2,1
2020-07-20,US,Nebraska,Douglas,8715,116,0,41.29518299,-96.15085305,31055.0,1525.3961391637365,1.3310384394721744,8599,8610,110,0,8500,8570,566880,105,6,0,99,40
2020-07-20,US,Nebraska,Dundy,2,0,0,40.17638677,-101.6876522,31057.0,118.13349084465445,0.0,2,1,0,0,1,1,1770,1,0,0,1,0
2020-07-20,US,Nebraska,Fillmore,20,1,0,40.52458567,-97.59646937,31059.0,366.16623947272063,5.0,19,20,1,0,19,20,5527,0,0,0,0,0
2020-07-20,US,Nebraska,Franklin,8,0,0,40.17636348,-98.95299073,31061.0,268.5464921114468,0.0,8,8,0,0,8,8,3023,0,0,0,0,0
2020-07-20,US,Nebraska,Frontier,2,0,0,40.52993007,-100.3924658,31063.0,76.13247049866769,0.0,2,2,0,0,2,2,2608,0,0,0,0,0
2020-07-20,US,Nebraska,Furnas,12,1,0,40.17642064,-99.91247454,31065.0,256.6295979469632,8.333333333333334,11,10,1,0,9,10,4715,2,0,0,2,0
2020-07-20,US,Nebraska,Gage,70,4,0,40.26186809,-96.68946704,31067.0,325.3846511411705,5.7142857142857135,66,70,4,0,66,70,21493,0,0,0,0,0
2020-07-20,US,Nebraska,Garden,4,0,0,41.61703149,-102.3313973,31069.0,217.74632553075668,0.0,4,4,0,0,4,4,1897,0,0,0,0,0
2020-07-20,US,Nebraska,Garfield,3,0,0,41.91428955,-98.99111827,31071.0,152.36160487557137,0.0,3,3,0,0,3,3,1987,0,0,0,0,0
2020-07-20,US,Nebraska,Gosper,13,0,0,40.51481965,-99.83020279,31073.0,653.2663316582915,0.0,13,13,0,0,13,13,1996,0,0,0,0,0
2020-07-20,US,Nebraska,Greeley,6,0,0,41.56742671,-98.52150266,31077.0,254.6689303904924,0.0,6,6,0,0,6,6,2356,0,0,0,0,0
2020-07-20,US,Nebraska,Hall,1651,47,0,40.87257079,-98.50218293,31079.0,2690.984955910877,2.846759539672925,1604,1646,47,0,1599,1644,61607,5,0,0,5,2
2020-07-20,US,Nebraska,Hamilton,80,12,0,40.87349452,-98.02099117,31081.0,858.000858000858,15.0,68,78,12,0,66,76,9280,2,0,0,2,2
2020-07-20,US,Nebraska,Harlan,1,0,0,40.17658508,-99.40438879,31083.0,29.58579881656805,0.0,1,1,0,0,1,1,3401,0,0,0,0,0
2020-07-20,US,Nebraska,Hitchcock,1,0,0,40.17609175,-101.04164770000001,31087.0,36.205648081100655,0.0,1,1,0,0,1,1,2806,0,0,0,0,0
2020-07-20,US,Nebraska,Holt,4,0,0,42.45522056,-98.78402558,31089.0,39.73378364954803,0.0,4,4,0,0,4,4,10178,0,0,0,0,0
2020-07-20,US,Nebraska,Hooker,3,0,0,41.91586243,-101.1354293,31091.0,439.88269794721407,0.0,3,2,0,0,2,2,682,1,0,0,1,0
2020-07-20,US,Nebraska,Howard,51,4,0,41.2200529,-98.5166499,31093.0,791.311093871218,7.84313725490196,47,50,4,0,46,50,6468,1,0,0,1,0
2020-07-20,US,Nebraska,Jefferson,12,0,0,40.17584531,-97.142601,31095.0,170.3093954016463,0.0,12,12,0,0,12,12,7097,0,0,0,0,0
2020-07-20,US,Nebraska,Johnson,9,0,0,40.39257596,-96.26522753,31097.0,177.47978702425556,0.0,9,9,0,0,9,9,5134,0,0,0,0,0
2020-07-20,US,Nebraska,Kearney,18,0,0,40.50663314,-98.94877182,31099.0,277.1362586605081,0.0,18,18,0,0,18,18,6544,0,0,0,0,0
2020-07-20,US,Nebraska,Keith,8,0,0,41.19930341,-101.66201640000001,31101.0,99.57679860592482,0.0,8,7,0,0,7,7,8021,1,0,0,1,0
2020-07-20,US,Nebraska,Kimball,15,0,0,41.19774275,-103.7148131,31105.0,412.9955947136564,0.0,15,14,0,0,14,14,3618,1,0,0,1,0
2020-07-20,US,Nebraska,Knox,26,0,0,42.63758421,-97.89178836,31107.0,312.04992798847815,0.0,26,26,0,0,26,26,8419,0,0,0,0,0
2020-07-20,US,Nebraska,Lancaster,2481,14,0,40.78416049,-96.68777155,31109.0,777.5235826882698,0.5642885933091495,2467,2414,13,0,2401,2400,317272,67,1,0,66,14
2020-07-20,US,Nebraska,Lincoln,67,2,0,41.04658298,-100.74753740000001,31111.0,191.90009738213897,2.985074626865672,65,65,2,0,63,65,35185,2,0,0,2,0
2020-07-20,US,Nebraska,Madison,391,4,0,41.91676024,-97.6005481,31119.0,1113.9918516197042,1.0230179028132993,387,391,4,0,387,390,35392,0,0,0,0,1
2020-07-20,US,Nebraska,McPherson,3,0,0,41.56797682,-101.05993620000001,31117.0,607.2874493927128,0.0,3,3,0,0,3,3,492,0,0,0,0,0
2020-07-20,US,Nebraska,Merrick,41,0,0,41.16624273,-98.0374887,31121.0,528.6911669890393,0.0,41,41,0,0,41,41,7733,0,0,0,0,0
2020-07-20,US,Nebraska,Morrill,53,0,0,41.71711774,-103.0061405,31123.0,1141.7492460146484,0.0,53,53,0,0,53,53,4686,0,0,0,0,0
2020-07-20,US,Nebraska,Nance,6,0,0,41.39750195,-97.99327291,31125.0,170.50298380221653,0.0,6,6,0,0,6,6,3532,0,0,0,0,0
2020-07-20,US,Nebraska,Nemaha,7,0,0,40.38514847,-95.85433992,31127.0,100.4016064257028,0.0,7,6,0,0,6,6,6958,1,0,0,1,0
2020-07-20,US,Nebraska,Nuckolls,3,0,0,40.17637905,-98.04743961,31129.0,72.32401157184184,0.0,3,3,0,0,3,3,4195,0,0,0,0,0
2020-07-20,US,Nebraska,Otoe,35,0,0,40.64843556,-96.13374142,31131.0,218.58606045465905,0.0,35,31,0,0,31,31,15985,4,0,0,4,0
2020-07-20,US,Nebraska,Pawnee,1,0,0,40.13141096,-96.23705437,31133.0,38.270187523918864,0.0,1,1,0,0,1,1,2632,0,0,0,0,0
2020-07-20,US,Nebraska,Perkins,7,0,0,40.85082525,-101.6502942,31135.0,242.13075060532688,0.0,7,,,,,,2929,,,,,
2020-07-20,US,Nebraska,Phelps,30,0,0,40.51156033,-99.41461667,31137.0,332.0788133717069,0.0,30,28,0,0,28,28,8996,2,0,0,2,0
2020-07-20,US,Nebraska,Pierce,16,0,0,42.26434853,-97.60122773,31139.0,223.8388360380526,0.0,16,15,0,0,15,14,7142,1,0,0,1,1
2020-07-20,US,Nebraska,Platte,711,3,0,41.57246836,-97.52144359,31141.0,2124.2904093217808,0.4219409282700422,708,710,3,0,707,707,33363,1,0,0,1,3
2020-07-20,US,Nebraska,Polk,15,0,0,41.18813488,-97.56630712,31143.0,287.74218300402833,0.0,15,14,0,0,14,13,5278,1,0,0,1,1
2020-07-20,US,Nebraska,Red Willow,10,0,0,40.17556879999999,-100.476998,31145.0,93.24878776575905,0.0,10,9,0,0,9,9,10726,1,0,0,1,0
2020-07-20,US,Nebraska,Richardson,10,1,0,40.1247415,-95.71755036,31147.0,127.14558169103624,10.0,9,10,1,0,9,10,7937,0,0,0,0,0
2020-07-20,US,Nebraska,Rock,2,0,0,42.42252217,-99.44832069,31149.0,147.38393515106853,0.0,2,2,0,0,2,2,1360,0,0,0,0,0
2020-07-20,US,Nebraska,Saline,559,2,0,40.52418865,-97.14085859,31151.0,3929.977502812149,0.35778175313059035,557,559,2,0,557,557,14350,0,0,0,0,2
2020-07-20,US,Nebraska,Sarpy,1527,8,0,41.11314181,-96.11156432,31153.0,815.7225581743199,0.5239030779305829,1519,1502,8,0,1494,1495,184459,25,0,0,25,7
2020-07-20,US,Nebraska,Saunders,103,2,0,41.227810299999994,-96.63773905,31155.0,477.3380294744648,1.9417475728155342,101,101,2,0,99,100,21303,2,0,0,2,1
2020-07-20,US,Nebraska,Scotts Bluff,258,5,0,41.85070896,-103.70809859999999,31157.0,724.3528552978831,1.937984496124031,253,250,5,0,245,249,35989,8,0,0,8,1
2020-07-20,US,Nebraska,Seward,56,1,0,40.87241834,-97.139673,31159.0,323.99907428835917,1.7857142857142858,55,56,1,0,55,56,17318,0,0,0,0,0
2020-07-20,US,Nebraska,Sheridan,8,0,0,42.50284406,-102.4126613,31161.0,152.49714067861228,0.0,8,8,0,0,8,8,5190,0,0,0,0,0
2020-07-20,US,Nebraska,Sherman,5,0,0,41.22045983,-98.97588642,31163.0,166.61112962345885,0.0,5,5,0,0,5,5,3038,0,0,0,0,0
2020-07-20,US,Nebraska,Sioux,6,0,0,42.48932059,-103.7576544,31165.0,514.5797598627787,0.0,6,6,0,0,6,6,1187,0,0,0,0,0
2020-07-20,US,Nebraska,Stanton,23,0,0,41.9169835,-97.19394708,31167.0,388.5135135135135,0.0,23,22,0,0,22,21,5970,1,0,0,1,1
2020-07-20,US,Nebraska,Thayer,19,0,0,40.17626377,-97.59504381,31169.0,379.7721367179692,0.0,19,19,0,0,19,19,5039,0,0,0,0,0
2020-07-20,US,Nebraska,Thomas,1,0,0,41.91358968,-100.5556632,31171.0,138.50415512465375,0.0,1,1,0,0,1,1,720,0,0,0,0,0
2020-07-20,US,Nebraska,Thurston,183,1,0,42.15725356,-96.54157099,31173.0,2533.2225913621264,0.5464480874316939,182,182,1,0,181,178,7303,1,0,0,1,4
2020-07-20,US,Nebraska,Unassigned,125,9,0,0.0,0.0,90031.0,0.0,7.2,116,120,2,0,118,115,,5,7,0,-2,5
2020-07-20,US,Nebraska,Valley,9,0,0,41.56730777,-98.98197724,31175.0,216.4502164502165,0.0,9,9,0,0,9,9,4190,0,0,0,0,0
2020-07-20,US,Nebraska,Washington,76,1,0,41.52815707,-96.22019892,31177.0,366.6361136571952,1.3157894736842106,75,75,1,0,74,75,20667,1,0,0,1,0
2020-07-20,US,Nebraska,Wayne,35,0,0,42.20934475,-97.11926964,31179.0,372.9355354288759,0.0,35,35,0,0,35,35,9403,0,0,0,0,0
2020-07-20,US,Nebraska,Webster,9,0,0,40.17642643,-98.50019851,31181.0,258.1015199311729,0.0,9,9,0,0,9,9,3533,0,0,0,0,0
2020-07-20,US,Nebraska,York,59,0,0,40.87272618,-97.59710186,31185.0,431.3180788069303,0.0,59,59,0,0,59,55,13772,0,0,0,0,4
2020-07-20,US,Nevada,Carson City,252,6,0,39.15509045,-119.7480219,32510.0,450.6760140210316,2.380952380952381,246,251,6,0,245,248,55414,1,0,0,1,3
2020-07-20,US,Nevada,Churchill,33,1,0,39.58105744,-118.3394607,32001.0,132.48223533662528,3.0303030303030303,32,33,1,0,32,34,24440,0,0,0,0,-1
2020-07-20,US,Nevada,Clark,31312,527,0,36.21458855,-115.0130241,32003.0,1381.382308759593,1.6830608073582014,30785,30432,527,0,29905,29304,2231647,880,0,0,880,1128
2020-07-20,US,Nevada,Douglas,103,0,0,38.912862,-119.61713329999999,32005.0,210.61241181883244,0.0,103,101,0,0,101,97,48467,2,0,0,2,4
2020-07-20,US,Nevada,Elko,332,1,0,41.14531606,-115.3577619,32007.0,629.0499829474403,0.3012048192771085,331,325,1,0,324,297,52460,7,0,0,7,28
2020-07-20,US,Nevada,Eureka,2,0,0,39.98100864,-116.26832040000001,32011.0,98.57072449482504,0.0,2,2,0,0,2,1,2003,0,0,0,0,1
2020-07-20,US,Nevada,Humboldt,92,4,0,41.40692186,-118.11094270000001,32013.0,546.6104212465094,4.3478260869565215,88,91,4,0,87,90,16786,1,0,0,1,1
2020-07-20,US,Nevada,Lander,47,0,0,39.933223299999995,-117.03970749999999,32015.0,849.6023138105568,0.0,47,47,0,0,47,46,5575,0,0,0,0,1
2020-07-20,US,Nevada,Lincoln,3,0,0,37.64268459,-114.8790388,32017.0,57.88153579008296,0.0,3,3,0,0,3,3,5201,0,0,0,0,0
2020-07-20,US,Nevada,Lyon,156,2,0,39.01777974,-119.18704790000001,32019.0,271.2571726656234,1.2820512820512822,154,154,2,0,152,156,55808,2,0,0,2,-2
2020-07-20,US,Nevada,Mineral,10,0,0,38.53841696,-118.4344506,32021.0,221.97558268590458,0.0,10,10,0,0,10,10,4514,0,0,0,0,0
2020-07-20,US,Nevada,Nye,237,4,0,38.04264256,-116.47227020000001,32023.0,509.42544547858046,1.6877637130801688,233,236,4,0,232,215,45346,1,0,0,1,21
2020-07-20,US,Nevada,Pershing,13,0,0,40.44003782,-118.40056409999998,32027.0,193.3085501858736,0.0,13,13,0,0,13,13,6666,0,0,0,0,0
2020-07-20,US,Nevada,Storey,2,0,0,39.44875482,-119.5250207,32029.0,48.508367693427104,0.0,2,3,0,0,3,2,4029,-1,0,0,-1,1
2020-07-20,US,Nevada,Washoe,4108,102,0,40.66562265,-119.6631594,32031.0,871.2268222489444,2.482960077896786,4006,4054,101,0,3953,3951,465735,54,1,0,53,103
2020-07-20,US,Nevada,White Pine,11,1,0,39.44157041,-114.89996599999999,32033.0,114.82254697286012,9.090909090909092,10,10,1,0,9,10,9475,1,0,0,1,0
2020-07-20,US,New Hampshire,Belknap,96,4,0,43.51637314,-71.41684235,33001.0,156.5991876417141,4.166666666666667,92,96,4,0,92,95,61022,0,0,0,0,1
2020-07-20,US,New Hampshire,Carroll,71,0,0,43.87498583,-71.20430216,33003.0,145.16458801881006,0.0,71,71,0,0,71,71,48779,0,0,0,0,0
2020-07-20,US,New Hampshire,Cheshire,80,2,0,42.92015988,-72.25311043,33005.0,105.14556088585137,2.5,78,80,2,0,78,80,76493,0,0,0,0,0
2020-07-20,US,New Hampshire,Coos,13,0,0,44.69063265,-71.30633239,33007.0,41.18746633716694,0.0,13,13,0,0,13,13,31589,0,0,0,0,0
2020-07-20,US,New Hampshire,Grafton,99,1,0,43.93779815,-71.82057197,33009.0,110.13951004605828,1.0101010101010102,98,99,1,0,98,98,89786,0,0,0,0,1
2020-07-20,US,New Hampshire,Hillsborough,3549,265,0,42.91537785,-71.7200253,33011.0,851.0281158203944,7.466892082276697,3284,3510,265,0,3245,3500,415247,39,0,0,39,10
2020-07-20,US,New Hampshire,Merrimack,440,20,0,43.29662971,-71.6811573,33013.0,290.6381488992081,4.545454545454546,420,439,20,0,419,437,151132,1,0,0,1,2
2020-07-20,US,New Hampshire,Rockingham,1557,92,0,42.98499744,-71.12883377,33015.0,502.63260687802847,5.908798972382788,1465,1551,92,0,1459,1551,309176,6,0,0,6,0
2020-07-20,US,New Hampshire,Strafford,306,13,0,43.291833,-71.02336013,33017.0,234.2440271600591,4.248366013071895,293,306,13,0,293,306,130090,0,0,0,0,0
2020-07-20,US,New Hampshire,Sullivan,38,1,0,43.36094111,-72.22203125,33019.0,88.07305428081398,2.631578947368421,37,38,1,0,37,37,43144,0,0,0,0,1
2020-07-20,US,New Jersey,Atlantic,3126,237,0,39.47538693,-74.65848483,34001.0,1185.5728751848899,7.581573896353168,2889,3116,237,0,2879,3109,265429,10,0,0,10,7
2020-07-20,US,New Jersey,Bergen,20034,2033,0,40.96010917,-74.07164325,34003.0,2149.1050223020334,10.147748826994109,18001,19980,2033,0,17947,19979,936692,54,0,0,54,1
2020-07-20,US,New Jersey,Burlington,5450,462,0,39.87681124,-74.66927768,34005.0,1223.7593437955404,8.477064220183486,4988,5442,459,0,4983,5440,445384,8,3,0,5,2
2020-07-20,US,New Jersey,Camden,7845,560,0,39.80343818,-74.96388753,34007.0,1548.9534445210086,7.1383046526449965,7285,7829,559,0,7270,7818,507078,16,1,0,15,11
2020-07-20,US,New Jersey,Cape May,757,82,0,39.15008829,-74.80170244,34009.0,822.4774280468062,10.83223249669749,675,754,82,0,672,752,92560,3,0,0,3,2
2020-07-20,US,New Jersey,Cumberland,3079,154,0,39.37199394,-75.10712559,34011.0,2059.1598841680766,5.001623903864892,2925,3076,154,0,2922,3075,150972,3,0,0,3,1
2020-07-20,US,New Jersey,Essex,19121,2093,0,40.78681335,-74.24657979,34013.0,2393.191276322789,10.946080225929606,17028,19105,2093,0,17012,19105,799767,16,0,0,16,0
2020-07-20,US,New Jersey,Gloucester,2829,198,0,39.71581067,-75.13995546,34015.0,970.044850429988,6.998939554612937,2631,2824,197,0,2627,2820,291408,5,1,0,4,4
2020-07-20,US,New Jersey,Hudson,19263,1498,0,40.73766234,-74.07515667,34017.0,2864.850957255525,7.77656647458859,17765,19248,1498,0,17750,19261,676061,15,0,0,15,-13
2020-07-20,US,New Jersey,Hunterdon,1100,126,0,40.56335249,-74.91284156,34019.0,884.4505551937349,11.454545454545455,974,1100,126,0,974,1101,124714,0,0,0,0,-1
2020-07-20,US,New Jersey,Mercer,7828,608,0,40.28047017,-74.70479631,34021.0,2130.4738317502647,7.766990291262137,7220,7825,608,0,7217,7844,369811,3,0,0,3,-19
2020-07-20,US,New Jersey,Middlesex,17168,1397,0,40.43629879,-74.41426991,34023.0,2080.813320695899,8.137232059645854,15771,17158,1397,0,15761,17174,829685,10,0,0,10,-16
2020-07-20,US,New Jersey,Monmouth,9672,849,0,40.26549699,-74.22240686,34025.0,1563.0378396722665,8.777915632754343,8823,9659,848,0,8811,9649,621354,13,1,0,12,10
2020-07-20,US,New Jersey,Morris,6967,826,0,40.86095313,-74.54553709999998,34027.0,1416.5031666480293,11.855892062580738,6141,6958,826,0,6132,6952,494228,9,0,0,9,6
2020-07-20,US,New Jersey,Ocean,9956,1010,0,39.8895449,-74.28089251,34029.0,1639.6952498904784,10.144636400160707,8946,9947,1008,0,8939,9940,601651,9,2,0,7,7
2020-07-20,US,New Jersey,Passaic,17172,1239,0,41.03238628,-74.29954144,34031.0,3421.903209478983,7.215234102026554,15933,17162,1238,0,15924,17167,503310,10,1,0,9,-5
2020-07-20,US,New Jersey,Salem,831,80,0,39.58719656,-75.34696629999998,34033.0,1332.0509737917764,9.626955475330927,751,831,80,0,751,830,62607,0,0,0,0,1
2020-07-20,US,New Jersey,Somerset,5068,553,0,40.56465737,-74.61683016,34035.0,1540.734615454772,10.911602209944752,4515,5065,553,0,4512,5070,331164,3,0,0,3,-5
2020-07-20,US,New Jersey,Sussex,1250,195,0,41.13891592,-74.69118243,34037.0,889.7557086726268,15.6,1055,1246,195,0,1051,1243,140799,4,0,0,4,3
2020-07-20,US,New Jersey,Unassigned,650,0,0,0.0,0.0,90034.0,0.0,0.0,650,674,0,0,674,666,,-24,0,0,-24,8
2020-07-20,US,New Jersey,Union,16517,1344,0,40.65835409,-74.30680092,34039.0,2968.862622024981,8.137070896651935,15173,16508,1344,0,15164,16546,558067,9,0,0,9,-38
2020-07-20,US,New Jersey,Warren,1280,171,0,40.85951833,-74.99556527,34041.0,1215.955617619957,13.359375,1109,1276,171,0,1105,1273,105779,4,0,0,4,3
2020-07-20,US,New Mexico,Bernalillo,3861,102,0,35.05163625,-106.6703554,35001.0,568.5290250191056,2.641802641802642,3759,3775,100,0,3675,3679,678701,86,2,0,84,96
2020-07-20,US,New Mexico,Catron,4,1,0,33.91514144,-108.4046587,35003.0,113.41083073433514,25.0,3,4,1,0,3,4,3578,0,0,0,0,0
2020-07-20,US,New Mexico,Chaves,212,4,0,33.36406072,-104.4665365,35005.0,328.0971910547087,1.8867924528301887,208,197,4,0,193,197,64689,15,0,0,15,0
2020-07-20,US,New Mexico,Cibola,267,16,0,34.91131525,-107.998876,35006.0,1000.937207122774,5.992509363295881,251,262,15,0,247,259,26746,5,1,0,4,3
2020-07-20,US,New Mexico,Colfax,11,1,0,36.60569702,-104.64726740000002,35007.0,92.11958797420652,9.090909090909092,10,11,1,0,10,11,12110,0,0,0,0,0
2020-07-20,US,New Mexico,Curry,316,1,0,34.57421077,-103.3468876,35009.0,645.5039424766107,0.3164556962025317,315,302,1,0,301,301,49437,14,0,0,14,1
2020-07-20,US,New Mexico,Dona Ana,1737,14,0,32.35275771,-106.83293870000001,35013.0,796.0769036870689,0.8059873344847438,1723,1717,13,0,1704,1688,217522,20,1,0,19,29
2020-07-20,US,New Mexico,Eddy,187,2,0,32.47167456,-104.3053527,35015.0,319.8768388641806,1.0695187165775402,185,181,2,0,179,173,57900,6,0,0,6,8
2020-07-20,US,New Mexico,Grant,53,0,0,32.73911281,-108.3827845,35017.0,196.31083783984002,0.0,53,49,0,0,49,47,27346,4,0,0,4,2
2020-07-20,US,New Mexico,Guadalupe,24,0,0,34.86319296,-104.790669,35019.0,558.1395348837209,0.0,24,24,0,0,24,24,4341,0,0,0,0,0
2020-07-20,US,New Mexico,Harding,1,0,0,35.85751555,-103.8220938,35021.0,160.0,0.0,1,1,0,0,1,1,655,0,0,0,0,0
2020-07-20,US,New Mexico,Hidalgo,78,0,0,31.91383467,-108.7151824,35023.0,1858.0276322058123,0.0,78,78,0,0,78,78,4240,0,0,0,0,0
2020-07-20,US,New Mexico,Lea,379,0,0,32.79215361,-103.4123733,35025.0,533.2770507949908,0.0,379,378,0,0,378,343,69611,1,0,0,1,35
2020-07-20,US,New Mexico,Lincoln,38,0,0,33.74526079,-105.4586166,35027.0,194.15491518495807,0.0,38,36,0,0,36,34,19556,2,0,0,2,2
2020-07-20,US,New Mexico,Los Alamos,14,0,0,35.86631386,-106.3134985,35028.0,72.28044813877845,0.0,14,14,0,0,14,14,19101,0,0,0,0,0
2020-07-20,US,New Mexico,Luna,155,3,0,32.18179341,-107.75088259999998,35029.0,653.7601754607955,1.935483870967742,152,145,3,0,142,144,23963,10,0,0,10,1
2020-07-20,US,New Mexico,McKinley,3767,202,0,35.58007720000001,-108.262245,35031.0,5278.349937646251,5.362357313512079,3565,3754,199,0,3555,3743,72290,13,3,0,10,11
2020-07-20,US,New Mexico,Mora,3,0,0,36.01095101,-104.9497716,35033.0,66.35700066356999,0.0,3,3,0,0,3,3,4506,0,0,0,0,0
2020-07-20,US,New Mexico,Otero,106,10,0,32.61348406,-105.7417604,35035.0,157.06030523040448,9.433962264150944,96,102,10,0,92,100,66781,4,0,0,4,2
2020-07-20,US,New Mexico,Quay,24,1,0,35.10403332,-103.5481727,35037.0,290.80334423845875,4.166666666666667,23,22,1,0,21,22,8253,2,0,0,2,0
2020-07-20,US,New Mexico,Rio Arriba,205,1,0,36.51072137,-106.6931674,35039.0,526.7079468667299,0.4878048780487805,204,199,1,0,198,195,39006,6,0,0,6,4
2020-07-20,US,New Mexico,Roosevelt,92,1,0,34.02097406,-103.4799493,35041.0,497.2972972972973,1.0869565217391304,91,89,1,0,88,86,18743,3,0,0,3,3
2020-07-20,US,New Mexico,San Juan,2842,176,0,36.50838318,-108.320437,35045.0,2292.712047629036,6.192821956368754,2666,2834,176,0,2658,2829,125043,8,0,0,8,5
2020-07-20,US,New Mexico,San Miguel,34,0,0,35.48014807,-104.8163562,35047.0,124.64713861495031,0.0,34,32,0,0,32,31,27591,2,0,0,2,1
2020-07-20,US,New Mexico,Sandoval,933,31,0,35.68862401,-106.8687803,35043.0,635.7837926240903,3.3226152197213286,902,919,31,0,888,905,145179,14,0,0,14,14
2020-07-20,US,New Mexico,Santa Fe,433,3,0,35.50708973,-105.9774716,35049.0,287.9793559371633,0.6928406466512702,430,417,3,0,414,407,150056,16,0,0,16,10
2020-07-20,US,New Mexico,Sierra,21,0,0,33.13028233,-107.1925893,35051.0,194.60661662496528,0.0,21,20,0,0,20,19,10968,1,0,0,1,1
2020-07-20,US,New Mexico,Socorro,67,5,0,34.00715494,-106.9298354,35053.0,402.71683596802313,7.462686567164179,62,65,5,0,60,64,16735,2,0,0,2,1
2020-07-20,US,New Mexico,Taos,71,1,0,36.58006022,-105.6310198,35055.0,216.9727714451609,1.4084507042253518,70,69,1,0,68,69,32835,2,0,0,2,0
2020-07-20,US,New Mexico,Torrance,51,1,0,34.64048375,-105.8508949,35057.0,329.86223400814947,1.96078431372549,50,51,1,0,50,50,15591,0,0,0,0,1
2020-07-20,US,New Mexico,Unassigned,955,0,0,0.0,0.0,90035.0,0.0,0.0,955,955,0,0,955,955,,0,0,0,0,0
2020-07-20,US,New Mexico,Union,14,0,0,36.48126404,-103.4709624,35059.0,344.91254003449126,0.0,14,14,0,0,14,14,4118,0,0,0,0,0
2020-07-20,US,New Mexico,Valencia,260,2,0,34.71669834,-106.8103733,35061.0,339.0360943041936,0.7692307692307693,258,252,2,0,250,247,76456,8,0,0,8,5
2020-07-20,US,New York,Albany,2322,121,0,42.60060306,-73.97723916,36001.0,760.0505391056149,5.211024978466838,2201,2318,121,0,2197,2315,307117,4,0,0,4,3
2020-07-20,US,New York,Allegany,71,1,0,42.25748406,-78.02750466,36003.0,154.04308867240894,1.4084507042253518,70,71,1,0,70,71,46430,0,0,0,0,0
2020-07-20,US,New York,Broome,902,60,0,42.15903158,-75.81326086,36007.0,473.5206417202134,6.651884700665189,842,883,60,0,823,877,191659,19,0,0,19,6
2020-07-20,US,New York,Cattaraugus,145,6,0,42.24778241,-78.67923096,36009.0,190.4962097823088,4.137931034482759,139,145,6,0,139,145,76840,0,0,0,0,0
2020-07-20,US,New York,Cayuga,131,2,0,42.91261714,-76.55731592,36011.0,171.07187630589218,1.5267175572519085,129,129,2,0,127,129,77145,2,0,0,2,0
2020-07-20,US,New York,Chautauqua,194,7,0,42.22769210000001,-79.36691763,36013.0,152.87266652482606,3.608247422680413,187,194,7,0,187,194,127939,0,0,0,0,0
2020-07-20,US,New York,Chemung,155,2,0,42.13891056,-76.7638805,36015.0,185.72661042944787,1.2903225806451613,153,154,2,0,152,153,84254,1,0,0,1,1
2020-07-20,US,New York,Chenango,184,6,0,42.49430041,-75.60887553,36017.0,389.7727032007965,3.260869565217391,178,182,6,0,176,182,47536,2,0,0,2,0
2020-07-20,US,New York,Clinton,113,4,0,44.74530905,-73.67875352,36019.0,140.3988320805119,3.5398230088495577,109,113,4,0,109,111,80695,0,0,0,0,2
2020-07-20,US,New York,Columbia,492,37,0,42.24819348,-73.63089095,36021.0,827.4331074149443,7.520325203252032,455,492,37,0,455,491,59916,0,0,0,0,1
2020-07-20,US,New York,Cortland,69,0,0,42.59509207,-76.07048931,36023.0,145.0158676782749,0.0,69,69,0,0,69,68,47823,0,0,0,0,1
2020-07-20,US,New York,Delaware,93,4,0,42.19837623,-74.96709306,36025.0,210.71711793361285,4.301075268817204,89,93,4,0,89,93,44527,0,0,0,0,0
2020-07-20,US,New York,Dutchess,4376,152,0,41.76486060000001,-73.74356679,36027.0,1487.3325221434447,3.473491773308958,4224,4376,152,0,4224,4373,293718,0,0,0,0,3
2020-07-20,US,New York,Erie,8046,657,0,42.76249024,-78.73063652,36029.0,875.800858167284,8.165548098434005,7389,8035,657,0,7378,8016,919719,11,0,0,11,19
2020-07-20,US,New York,Essex,51,0,0,44.11630765,-73.77297842,36031.0,138.2675884505897,0.0,51,51,0,0,51,51,37300,0,0,0,0,0
2020-07-20,US,New York,Franklin,40,0,0,44.59040891,-74.29926032,36033.0,79.96481548118828,0.0,40,40,0,0,40,40,50293,0,0,0,0,0
2020-07-20,US,New York,Fulton,267,24,0,43.11363907,-74.41798804,36035.0,500.15922672011686,8.98876404494382,243,267,24,0,243,266,53591,0,0,0,0,1
2020-07-20,US,New York,Genesee,258,5,0,43.0022601,-78.19135193,36037.0,450.4189944134078,1.937984496124031,253,257,5,0,252,256,57511,1,0,0,1,1
2020-07-20,US,New York,Greene,272,18,0,42.275797,-74.12384884,36039.0,576.417733322031,6.617647058823528,254,272,18,0,254,271,47491,0,0,0,0,1
2020-07-20,US,New York,Hamilton,6,0,0,43.66146647,-74.49721957,36041.0,135.8695652173913,0.0,6,6,0,0,6,6,4434,0,0,0,0,0
2020-07-20,US,New York,Herkimer,206,4,0,43.42034246,-74.96145307,36043.0,335.94807482183336,1.9417475728155342,202,206,4,0,202,204,61833,0,0,0,0,2
2020-07-20,US,New York,Jefferson,106,0,0,44.04200959,-75.94653457,36045.0,96.50927763716152,0.0,106,105,0,0,105,104,111755,1,0,0,1,1
2020-07-20,US,New York,Lewis,33,0,0,43.7844157,-75.44903992,36049.0,125.4943717675692,0.0,33,33,0,0,33,32,26447,0,0,0,0,1
2020-07-20,US,New York,Livingston,159,8,0,42.72596275,-77.77966158,36051.0,252.72594335124137,5.031446540880503,151,158,8,0,150,157,63227,1,0,0,1,1
2020-07-20,US,New York,Madison,384,17,0,42.91653905,-75.67266639,36053.0,541.2948788429821,4.427083333333333,367,383,17,0,366,382,70795,1,0,0,1,1
2020-07-20,US,New York,Monroe,4422,277,0,43.14638895,-77.69322942,36055.0,596.1416611618157,6.264133876074173,4145,4401,277,0,4124,4383,742474,21,0,0,21,18
2020-07-20,US,New York,Montgomery,143,4,0,42.90123494,-74.44011632,36057.0,290.5264013327645,2.797202797202797,139,143,4,0,139,143,49455,0,0,0,0,0
2020-07-20,US,New York,Nassau,42678,2193,0,40.74066522,-73.58941873,36059.0,3145.2019420394954,5.138478841557712,40485,42622,2193,0,40429,42594,1358343,56,0,0,56,28
2020-07-20,US,New York,New York City,221703,23411,0,40.76727260000001,-73.97152637,36061.0,2659.3242960712705,10.559622558107018,198292,221419,23400,0,198019,221121,1628701,284,11,0,273,298
2020-07-20,US,New York,Niagara,1384,94,0,43.19898042,-78.74777412,36063.0,661.3118247714795,6.791907514450867,1290,1382,94,0,1288,1375,210433,2,0,0,2,7
2020-07-20,US,New York,Oneida,1942,104,0,43.24375382,-75.43710392,36065.0,849.2550432717748,5.355303810504634,1838,1940,104,0,1836,1937,229577,2,0,0,2,3
2020-07-20,US,New York,Onondaga,3290,191,0,43.00491923,-76.19971155,36067.0,714.3973873466977,5.8054711246200625,3099,3278,191,0,3087,3262,461809,12,0,0,12,16
2020-07-20,US,New York,Ontario,326,33,0,42.85145728,-77.30874425,36069.0,296.96566676079686,10.122699386503069,293,324,33,0,291,324,109864,2,0,0,2,0
2020-07-20,US,New York,Orange,10938,484,0,41.40337468,-74.30240757,36071.0,2841.481789369772,4.4249405741451815,10454,10931,484,0,10447,10921,381951,7,0,0,7,10
2020-07-20,US,New York,Orleans,288,54,0,43.2516977,-78.2320066,36073.0,713.7192704203012,18.75,234,288,54,0,234,288,40612,0,0,0,0,0
2020-07-20,US,New York,Oswego,229,3,0,43.42778894,-76.14635194,36075.0,195.51927871315868,1.310043668122271,226,229,3,0,226,229,117898,0,0,0,0,0
2020-07-20,US,New York,Otsego,98,5,0,42.63492579,-75.03151402,36077.0,164.72526179550536,5.1020408163265305,93,98,5,0,93,94,59749,0,0,0,0,4
2020-07-20,US,New York,Putnam,1392,63,0,41.42630093,-73.74965532,36079.0,1415.7851912123679,4.525862068965517,1329,1391,63,0,1328,1390,98892,1,0,0,1,1
2020-07-20,US,New York,Rensselaer,653,30,0,42.71348136,-73.51089874,36083.0,411.43188376576734,4.59418070444104,623,651,30,0,621,650,159442,2,0,0,2,1
2020-07-20,US,New York,Rockland,13798,672,0,41.15027894,-74.02560498,36087.0,4235.256561762368,4.87027105377591,13126,13793,672,0,13121,13784,325695,5,0,0,5,9
2020-07-20,US,New York,Saratoga,639,17,0,43.10904162,-73.86653895,36091.0,277.99167330105325,2.660406885758998,622,637,17,0,620,635,230163,2,0,0,2,2
2020-07-20,US,New York,Schenectady,915,37,0,42.81668777,-74.05278291,36093.0,589.1860218031022,4.043715846994536,878,915,37,0,878,910,155350,0,0,0,0,5
2020-07-20,US,New York,Schoharie,62,0,0,42.58831742,-74.44339029999998,36095.0,200.00645182102642,0.0,62,62,0,0,62,62,31097,0,0,0,0,0
2020-07-20,US,New York,Schuyler,20,0,0,42.39184015,-76.8773299,36097.0,112.31538159150897,0.0,20,16,0,0,16,16,17912,4,0,0,4,0
2020-07-20,US,New York,Seneca,80,0,0,42.78081007,-76.82497064,36099.0,235.1834430856068,0.0,80,80,0,0,80,78,34300,0,0,0,0,2
2020-07-20,US,New York,St. Lawrence,246,2,0,44.4976179,-75.06550039,36089.0,228.32745498422128,0.8130081300813008,244,242,2,0,240,242,108047,4,0,0,4,0
2020-07-20,US,New York,Steuben,282,41,0,42.2689144,-77.3829924,36101.0,295.6625672317806,14.53900709219858,241,281,41,0,240,280,95796,1,0,0,1,1
2020-07-20,US,New York,Suffolk,42496,1994,0,40.88320119,-72.8012172,36103.0,2877.9609386692823,4.692206325301205,40502,42466,1994,0,40472,42440,1481093,30,0,0,30,26
2020-07-20,US,New York,Sullivan,1473,48,0,41.71579493,-74.76394559,36105.0,1952.752147629653,3.2586558044806515,1425,1473,48,0,1425,1473,75498,0,0,0,0,0
2020-07-20,US,New York,Tioga,173,24,0,42.16852837,-76.30835812,36107.0,358.89882372466445,13.872832369942195,149,170,24,0,146,169,48560,3,0,0,3,1
2020-07-20,US,New York,Tompkins,209,0,0,42.44945765,-76.47229843,36109.0,204.54100606772363,0.0,209,208,0,0,208,199,102793,1,0,0,1,9
2020-07-20,US,New York,Ulster,1901,88,0,41.89027881,-74.26252104,36111.0,1070.5456347530312,4.6291425565491835,1813,1901,88,0,1813,1900,178599,0,0,0,0,1
2020-07-20,US,New York,Warren,287,33,0,43.56173026,-73.8433699,36113.0,448.83022644814207,11.498257839721255,254,287,33,0,254,286,64265,0,0,0,0,1
2020-07-20,US,New York,Washington,250,14,0,43.31153794,-73.43043448,36115.0,408.4700346382589,5.6,236,250,14,0,236,250,61197,0,0,0,0,0
2020-07-20,US,New York,Wayne,228,3,0,43.15494365,-77.02976528,36117.0,253.5643586378701,1.3157894736842106,225,227,3,0,224,225,90064,1,0,0,1,2
2020-07-20,US,New York,Westchester,35551,1440,0,41.16278376,-73.75741653,36119.0,3674.499176232499,4.050518972743383,34111,35515,1440,0,34075,35503,967612,36,0,0,36,12
2020-07-20,US,New York,Wyoming,104,5,0,42.70145109,-78.22199579,36121.0,260.9197420908704,4.807692307692308,99,104,5,0,99,104,40085,0,0,0,0,0
2020-07-20,US,New York,Yates,51,7,0,42.63505484,-77.10369919,36123.0,204.71239914903862,13.725490196078429,44,51,7,0,44,51,24841,0,0,0,0,0
2020-07-20,US,North Carolina,Alamance,1718,40,0,36.0434701,-79.39976137,37001.0,1013.5155065512746,2.328288707799768,1678,1684,39,0,1645,1648,166436,34,1,0,33,36
2020-07-20,US,North Carolina,Alexander,216,1,0,35.922379600000006,-81.17751948,37003.0,576.0460836866947,0.462962962962963,215,213,1,0,212,210,37353,3,0,0,3,3
2020-07-20,US,North Carolina,Alleghany,54,0,0,36.49360862,-81.12857041,37005.0,484.8702523121128,0.0,54,53,0,0,53,51,11161,1,0,0,1,2
2020-07-20,US,North Carolina,Anson,267,2,0,34.97403241,-80.09953279,37007.0,1092.2032234312362,0.7490636704119851,265,260,2,0,258,253,24877,7,0,0,7,7
2020-07-20,US,North Carolina,Ashe,76,1,0,36.43296207,-81.49862729,37009.0,279.38095063044517,1.3157894736842106,75,73,1,0,72,73,27109,3,0,0,3,0
2020-07-20,US,North Carolina,Avery,56,0,0,36.07569796,-81.92308483,37011.0,318.961098137495,0.0,56,51,0,0,51,51,17505,5,0,0,5,0
2020-07-20,US,North Carolina,Beaufort,207,0,0,35.48531943,-76.84325809,37013.0,440.4817636293995,0.0,207,197,0,0,197,190,47079,10,0,0,10,7
2020-07-20,US,North Carolina,Bertie,178,4,0,36.0688473,-76.96545943,37015.0,939.4627117749513,2.247191011235955,174,178,4,0,174,174,19026,0,0,0,0,4
2020-07-20,US,North Carolina,Bladen,487,5,0,34.61296243,-78.56180059,37017.0,1488.2953364708758,1.026694045174538,482,485,5,0,480,480,33190,2,0,0,2,5
2020-07-20,US,North Carolina,Brunswick,947,11,0,34.070565,-78.22814204,37019.0,663.0723988236941,1.1615628299894405,936,940,11,0,929,921,136744,7,0,0,7,19
2020-07-20,US,North Carolina,Buncombe,1174,42,0,35.61113393,-82.53305,37021.0,449.479499676482,3.577512776831346,1132,1140,42,0,1098,1108,259103,34,0,0,34,32
2020-07-20,US,North Carolina,Burke,1325,22,0,35.74989637,-81.70755735,37023.0,1464.3311046029728,1.660377358490566,1303,1315,22,0,1293,1302,90382,10,0,0,10,13
2020-07-20,US,North Carolina,Cabarrus,1970,34,0,35.3877799,-80.55267168,37025.0,910.1282957501164,1.7258883248730963,1936,1949,34,0,1915,1902,211342,21,0,0,21,47
2020-07-20,US,North Carolina,Caldwell,789,9,0,35.95204977,-81.54799522,37027.0,960.1109786074131,1.1406844106463878,780,771,9,0,762,754,82029,18,0,0,18,17
2020-07-20,US,North Carolina,Camden,46,2,0,36.33804939,-76.15568396,37029.0,423.2998987761112,4.3478260869565215,44,45,2,0,43,44,10710,1,0,0,1,1
2020-07-20,US,North Carolina,Carteret,178,5,0,34.8932941,-76.54120135,37031.0,256.2146445381659,2.808988764044944,173,176,4,0,172,173,69524,2,1,0,1,3
2020-07-20,US,North Carolina,Caswell,168,2,0,36.39312665,-79.33353281,37033.0,743.2312864979649,1.1904761904761905,166,167,2,0,165,167,22698,1,0,0,1,0
2020-07-20,US,North Carolina,Catawba,1530,16,0,35.66211129,-81.2132617,37035.0,958.9410282605562,1.0457516339869282,1514,1469,14,0,1455,1435,158652,61,2,0,59,34
2020-07-20,US,North Carolina,Chatham,1109,47,0,35.70394416,-79.25541492,37037.0,1489.190277964281,4.2380522993688015,1062,1106,47,0,1059,1100,73139,3,0,0,3,6
2020-07-20,US,North Carolina,Cherokee,142,2,0,35.1349263,-84.05970864,37039.0,496.2952607297637,1.4084507042253518,140,119,2,0,117,119,28383,23,0,0,23,0
2020-07-20,US,North Carolina,Chowan,61,0,0,36.12908077,-76.60118385,37041.0,437.49551746396037,0.0,61,51,0,0,51,50,14029,10,0,0,10,1
2020-07-20,US,North Carolina,Clay,39,0,0,35.05704275,-83.74353633,37043.0,347.25313863413766,0.0,39,31,0,0,31,29,11139,8,0,0,8,2
2020-07-20,US,North Carolina,Cleveland,690,10,0,35.33553364,-81.55204486,37045.0,704.4626175380562,1.4492753623188406,680,671,10,0,661,649,97645,19,0,0,19,22
2020-07-20,US,North Carolina,Columbus,713,39,0,34.26744084,-78.65801424,37047.0,1284.4995315990489,5.46984572230014,674,713,39,0,674,693,55655,0,0,0,0,20
2020-07-20,US,North Carolina,Craven,514,8,0,35.11833364,-77.08398081,37049.0,503.23578652620455,1.5564202334630348,506,509,8,0,501,489,102912,5,0,0,5,20
2020-07-20,US,North Carolina,Cumberland,1935,47,0,35.04762133,-78.82623165,37051.0,576.7356464357141,2.4289405684754524,1888,1917,46,0,1871,1888,332330,18,1,0,17,29
2020-07-20,US,North Carolina,Currituck,51,0,0,36.36123664,-75.95876401,37053.0,183.69772719086555,0.0,51,48,0,0,48,41,27072,3,0,0,3,7
2020-07-20,US,North Carolina,Dare,150,1,0,35.66520691,-75.71767334,37055.0,405.30681726066626,0.6666666666666666,149,140,1,0,139,140,36501,10,0,0,10,0
2020-07-20,US,North Carolina,Davidson,1421,16,0,35.79115496,-80.21256572,37057.0,847.8065020374803,1.1259676284306823,1405,1414,16,0,1398,1392,166614,7,0,0,7,22
2020-07-20,US,North Carolina,Davie,285,4,0,35.93099927,-80.54496571,37059.0,665.172944965691,1.4035087719298245,281,275,4,0,271,273,42733,10,0,0,10,2
2020-07-20,US,North Carolina,Duplin,1768,35,0,34.93449805,-77.93140529,37061.0,3009.822781362251,1.9796380090497736,1733,1766,33,0,1733,1742,58856,2,2,0,0,24
2020-07-20,US,North Carolina,Durham,5110,73,0,36.03638492,-78.87608331,37063.0,1589.4838998656244,1.4285714285714286,5037,5049,72,0,4977,4987,316739,61,1,0,60,62
2020-07-20,US,North Carolina,Edgecombe,454,10,0,35.91230639,-77.59436892,37065.0,882.0329499533728,2.202643171806167,444,440,10,0,430,427,52005,14,0,0,14,13
2020-07-20,US,North Carolina,Forsyth,4220,41,0,36.12859861,-80.25459052,37067.0,1103.8595848755542,0.971563981042654,4179,4196,41,0,4155,4122,379099,24,0,0,24,74
2020-07-20,US,North Carolina,Franklin,598,23,0,36.081519,-78.28708884,37069.0,858.147377484394,3.8461538461538463,575,591,23,0,568,578,67560,7,0,0,7,13
2020-07-20,US,North Carolina,Gaston,2320,19,0,35.29373559,-81.17477045,37071.0,1033.274098223392,0.8189655172413793,2301,2267,19,0,2248,2189,222846,53,0,0,53,78
2020-07-20,US,North Carolina,Gates,32,2,0,36.44667547,-76.69749701,37073.0,276.7687251340599,6.25,30,32,2,0,30,31,11573,0,0,0,0,1
2020-07-20,US,North Carolina,Graham,10,0,0,35.3506925,-83.83369267,37075.0,118.46937566639023,0.0,10,10,0,0,10,10,8484,0,0,0,0,0
2020-07-20,US,North Carolina,Granville,1033,25,0,36.30337451,-78.65184241,37077.0,1709.0481941664048,2.420135527589545,1008,1030,25,0,1005,1012,60115,3,0,0,3,18
2020-07-20,US,North Carolina,Greene,254,3,0,35.48544173,-77.67578087,37079.0,1205.5626750201718,1.1811023622047243,251,252,3,0,249,252,21012,2,0,0,2,0
2020-07-20,US,North Carolina,Guilford,4198,132,0,36.07959451,-79.78824948,37081.0,781.4972429789975,3.1443544545021433,4066,4127,132,0,3995,4061,533670,71,0,0,71,66
2020-07-20,US,North Carolina,Halifax,480,5,0,36.25669272,-77.6556109,37083.0,959.8080383923216,1.0416666666666667,475,474,4,0,470,469,50574,6,1,0,5,5
2020-07-20,US,North Carolina,Harnett,888,32,0,35.36731853,-78.87243571,37085.0,653.0564217214802,3.603603603603604,856,880,32,0,848,871,134214,8,0,0,8,9
2020-07-20,US,North Carolina,Haywood,185,0,0,35.55269063,-82.98196486,37087.0,296.86923311455945,0.0,185,171,0,0,171,166,61971,14,0,0,14,5
2020-07-20,US,North Carolina,Henderson,1126,52,0,35.33788927,-82.4766782,37089.0,958.975276152516,4.6181172291296635,1074,1098,52,0,1046,1056,116748,28,0,0,28,42
2020-07-20,US,North Carolina,Hertford,200,11,0,36.3607755,-76.98104134,37091.0,844.7016091565655,5.5,189,195,11,0,184,192,23659,5,0,0,5,3
2020-07-20,US,North Carolina,Hoke,547,5,0,35.01888303,-79.23651674,37093.0,990.3320418582756,0.9140767824497258,542,540,5,0,535,531,54764,7,0,0,7,9
2020-07-20,US,North Carolina,Hyde,33,0,0,35.42017674,-76.15180542,37095.0,668.4221186955641,0.0,33,33,0,0,33,33,5230,0,0,0,0,0
2020-07-20,US,North Carolina,Iredell,1353,11,0,35.80950511,-80.8743128,37097.0,744.1998613907132,0.8130081300813008,1342,1334,11,0,1323,1308,178435,19,0,0,19,26
2020-07-20,US,North Carolina,Jackson,285,3,0,35.28814273,-83.14093385,37099.0,648.6412672402021,1.0526315789473684,282,279,3,0,276,273,43327,6,0,0,6,6
2020-07-20,US,North Carolina,Johnston,2406,38,0,35.51745004,-78.36622717,37101.0,1149.3319448358882,1.5793848711554448,2368,2386,38,0,2348,2349,202675,20,0,0,20,37
2020-07-20,US,North Carolina,Jones,43,3,0,35.02254606,-77.35870791,37103.0,456.52404713876206,6.9767441860465125,40,43,3,0,40,43,9637,0,0,0,0,0
2020-07-20,US,North Carolina,Lee,1000,8,0,35.47623147,-79.17569362,37105.0,1618.6730118648734,0.8,992,990,8,0,982,984,61452,10,0,0,10,6
2020-07-20,US,North Carolina,Lenoir,453,11,0,35.24032589999999,-77.64245615,37107.0,809.6659457720424,2.428256070640177,442,451,11,0,440,449,55976,2,0,0,2,2
2020-07-20,US,North Carolina,Lincoln,562,2,0,35.48508185,-81.21740317,37109.0,652.6460034141978,0.3558718861209965,560,547,2,0,545,535,83770,15,0,0,15,12
2020-07-20,US,North Carolina,Macon,382,3,0,35.14867843,-83.41696617,37113.0,1065.3131797646272,0.7853403141361257,379,381,3,0,378,379,35285,1,0,0,1,2
2020-07-20,US,North Carolina,Madison,24,0,0,35.85402722,-82.71346418,37115.0,110.31946678924385,0.0,24,22,0,0,22,21,21763,2,0,0,2,1
2020-07-20,US,North Carolina,Martin,186,6,0,35.84326734,-77.10860251,37117.0,828.8770053475937,3.2258064516129035,180,184,6,0,178,180,22671,2,0,0,2,4
2020-07-20,US,North Carolina,McDowell,389,3,0,35.67736232,-82.0482425,37111.0,850.1617274237259,0.7712082262210797,386,373,3,0,370,365,45507,16,0,0,16,8
2020-07-20,US,North Carolina,Mecklenburg,17571,179,0,35.24469268,-80.8317671,37119.0,1582.465443515413,1.0187240339195265,17392,17379,170,0,17209,17047,1093901,192,9,0,183,332
2020-07-20,US,North Carolina,Mitchell,60,1,0,36.01059309,-82.1582442,37121.0,400.962309542903,1.6666666666666667,59,60,1,0,59,60,15000,0,0,0,0,0
2020-07-20,US,North Carolina,Montgomery,472,11,0,35.33155144,-79.90416657,37123.0,1737.0183638170242,2.3305084745762707,461,459,10,0,449,459,27271,13,1,0,12,0
2020-07-20,US,North Carolina,Moore,716,14,0,35.30885257,-79.48474178,37125.0,709.7541633624107,1.9553072625698324,702,708,15,0,693,701,98682,8,-1,0,9,7
2020-07-20,US,North Carolina,Nash,760,10,0,35.96575634,-77.98422508,37127.0,805.9555876052515,1.3157894736842106,750,755,6,0,749,735,94016,5,4,0,1,20
2020-07-20,US,North Carolina,New Hanover,1835,12,0,34.25758282,-77.87075626,37129.0,782.6060996362055,0.6539509536784741,1823,1779,11,0,1768,1752,232274,56,1,0,55,27
2020-07-20,US,North Carolina,Northampton,251,16,0,36.41736238,-77.39769443,37131.0,1288.3026227993635,6.374501992031872,235,233,16,0,217,230,19676,18,0,0,18,3
2020-07-20,US,North Carolina,Onslow,585,7,0,34.72607366,-77.42908179,37133.0,295.5470905030868,1.1965811965811963,578,558,6,0,552,547,197683,27,1,0,26,11
2020-07-20,US,North Carolina,Orange,1112,45,0,36.06092947,-79.12167935,37135.0,748.9425900482232,4.046762589928059,1067,1102,45,0,1057,1083,146027,10,0,0,10,19
2020-07-20,US,North Carolina,Pamlico,44,1,0,35.15253315,-76.66559823,37137.0,345.74886060034567,2.272727272727273,43,43,1,0,42,42,12670,1,0,0,1,1
2020-07-20,US,North Carolina,Pasquotank,267,17,0,36.26723798,-76.25134778,37139.0,670.4499799116111,6.367041198501872,250,267,17,0,250,267,39639,0,0,0,0,0
2020-07-20,US,North Carolina,Pender,484,2,0,34.52265624,-77.90352133,37141.0,767.522993973993,0.4132231404958678,482,473,2,0,471,462,62162,11,0,0,11,11
2020-07-20,US,North Carolina,Perquimans,45,2,0,36.17847453,-76.40603143,37143.0,334.2494243482136,4.4444444444444455,43,44,2,0,42,43,13422,1,0,0,1,1
2020-07-20,US,North Carolina,Person,144,1,0,36.38989032,-78.97217358,37145.0,364.6492782983034,0.6944444444444444,143,143,1,0,142,141,39507,1,0,0,1,2
2020-07-20,US,North Carolina,Pitt,1215,10,0,35.59535426,-77.37353178,37147.0,672.2289229952088,0.8230452674897121,1205,1173,10,0,1163,1154,179914,42,0,0,42,19
2020-07-20,US,North Carolina,Polk,114,5,0,35.27820615,-82.16812354,37149.0,550.0868558193399,4.385964912280701,109,114,5,0,109,106,20611,0,0,0,0,8
2020-07-20,US,North Carolina,Randolph,1747,34,0,35.71015088,-79.80570339,37151.0,1216.0064593817647,1.9461934745277616,1713,1719,34,0,1685,1707,143351,28,0,0,28,12
2020-07-20,US,North Carolina,Richmond,403,7,0,35.00417719,-79.74491009,37153.0,898.9716478172612,1.7369727047146402,396,400,7,0,393,396,44887,3,0,0,3,4
2020-07-20,US,North Carolina,Robeson,1957,46,0,34.64244496,-79.10250529999998,37155.0,1498.1818181818182,2.350536535513541,1911,1942,46,0,1896,1928,131831,15,0,0,15,14
2020-07-20,US,North Carolina,Rockingham,359,4,0,36.39593137,-79.77504841,37157.0,394.46214701681134,1.1142061281337048,355,356,4,0,352,356,90690,3,0,0,3,0
2020-07-20,US,North Carolina,Rowan,1712,45,0,35.64003916,-80.52446628,37159.0,1204.8871122121502,2.6285046728971957,1667,1700,45,0,1655,1672,141262,12,0,0,12,28
2020-07-20,US,North Carolina,Rutherford,464,11,0,35.40114178,-81.92112099,37161.0,692.237688164824,2.3706896551724137,453,459,11,0,448,451,66826,5,0,0,5,8
2020-07-20,US,North Carolina,Sampson,1305,8,0,34.98820368,-78.36914061,37163.0,2054.115313783822,0.6130268199233716,1297,1303,8,0,1295,1291,63626,2,0,0,2,12
2020-07-20,US,North Carolina,Scotland,194,2,0,34.8386299,-79.4757978,37165.0,557.1030640668523,1.0309278350515465,192,188,2,0,186,185,34810,6,0,0,6,3
2020-07-20,US,North Carolina,Stanly,662,6,0,35.31647813,-80.25093221,37167.0,1054.0394229850654,0.9063444108761328,656,657,6,0,651,640,62075,5,0,0,5,17
2020-07-20,US,North Carolina,Stokes,199,1,0,36.4017975,-80.23893369,37169.0,436.48965804654426,0.5025125628140703,198,198,1,0,197,194,45467,1,0,0,1,4
2020-07-20,US,North Carolina,Surry,675,4,0,36.41689489,-80.69102283,37171.0,940.3340623824582,0.5925925925925926,671,671,4,0,667,655,71948,4,0,0,4,16
2020-07-20,US,North Carolina,Swain,80,2,0,35.48665845,-83.48748932,37173.0,560.577394716558,2.5,78,80,2,0,78,80,14245,0,0,0,0,0
2020-07-20,US,North Carolina,Transylvania,90,1,0,35.20383864,-82.79638423,37175.0,261.74203867965684,1.1111111111111112,89,84,1,0,83,75,34215,6,0,0,6,9
2020-07-20,US,North Carolina,Tyrrell,66,1,0,35.87147226,-76.17055253,37177.0,1643.4262948207172,1.5151515151515151,65,65,1,0,64,64,4131,1,0,0,1,1
2020-07-20,US,North Carolina,Union,2215,32,0,34.98960527,-80.52955873,37179.0,923.4591989460472,1.4446952595936795,2183,2190,32,0,2158,2145,235908,25,0,0,25,45
2020-07-20,US,North Carolina,Vance,637,40,0,36.36880673,-78.40670845,37181.0,1430.3356910295277,6.2794348508634235,597,623,40,0,583,618,44582,14,0,0,14,5
2020-07-20,US,North Carolina,Wake,8897,89,0,35.78879266,-78.65249174,37183.0,800.2619267990152,1.0003371923120152,8808,8768,89,0,8679,8628,1092305,129,0,0,129,140
2020-07-20,US,North Carolina,Warren,208,6,0,36.39728256,-78.10652228,37185.0,1054.1787035629213,2.8846153846153846,202,207,6,0,201,205,19807,1,0,0,1,2
2020-07-20,US,North Carolina,Washington,75,3,0,35.83810081,-76.57299037,37187.0,647.6683937823833,4.0,72,67,3,0,64,62,11859,8,0,0,8,5
2020-07-20,US,North Carolina,Watauga,180,0,0,36.23103603,-81.70033724,37189.0,320.41582854192995,0.0,180,176,0,0,176,172,55945,4,0,0,4,4
2020-07-20,US,North Carolina,Wayne,2103,34,0,35.36438125,-78.00027268,37191.0,1707.9370751476072,1.6167379933428436,2069,2100,34,0,2066,2098,123248,3,0,0,3,2
2020-07-20,US,North Carolina,Wilkes,663,7,0,36.2084135,-81.16232895,37193.0,969.1282231187512,1.0558069381598794,656,657,7,0,650,653,68557,6,0,0,6,4
2020-07-20,US,North Carolina,Wilson,1136,29,0,35.70625477,-77.917978,37195.0,1388.7360790210391,2.5528169014084505,1107,1128,28,0,1100,1101,81455,8,1,0,7,27
2020-07-20,US,North Carolina,Yadkin,407,6,0,36.16222629,-80.66239436,37197.0,1080.521411314944,1.4742014742014742,401,407,6,0,401,407,37543,0,0,0,0,0
2020-07-20,US,North Carolina,Yancey,87,0,0,35.90079156,-82.31237181,37199.0,481.48763074879633,0.0,87,67,0,0,67,66,17903,20,0,0,20,1
2020-07-20,US,North Dakota,Barnes,26,0,0,46.93579637,-98.06605978,38003.0,249.63994239078247,0.0,26,26,0,0,26,26,10542,0,0,0,0,0
2020-07-20,US,North Dakota,Benson,23,1,0,48.0683985,-99.35916363,38005.0,336.6510538641686,4.3478260869565215,22,23,1,0,22,23,6962,0,0,0,0,0
2020-07-20,US,North Dakota,Billings,1,0,0,47.02366884,-103.3762965,38007.0,107.75862068965515,0.0,1,1,0,0,1,1,919,0,0,0,0,0
2020-07-20,US,North Dakota,Bottineau,7,0,0,48.79106111,-100.8378166,38009.0,111.42948105698822,0.0,7,7,0,0,7,7,6411,0,0,0,0,0
2020-07-20,US,North Dakota,Bowman,1,0,0,46.11285362,-103.5203343,38011.0,33.06878306878307,0.0,1,1,0,0,1,1,3076,0,0,0,0,0
2020-07-20,US,North Dakota,Burke,8,0,0,48.79094471,-102.5182117,38013.0,378.25059101654847,0.0,8,8,0,0,8,7,2100,0,0,0,0,1
2020-07-20,US,North Dakota,Burleigh,580,1,0,46.97847375,-100.4645214,38015.0,606.5296049191643,0.1724137931034483,579,564,1,0,563,548,95273,16,0,0,16,16
2020-07-20,US,North Dakota,Cass,2663,73,0,46.93201724,-97.2444719,38017.0,1463.8061157742559,2.7412692452121665,2590,2639,73,0,2566,2613,181516,24,0,0,24,26
2020-07-20,US,North Dakota,Cavalier,25,0,0,48.77286211,-98.46685243,38019.0,664.5401382243488,0.0,25,25,0,0,25,24,3829,0,0,0,0,1
2020-07-20,US,North Dakota,Dickey,8,0,0,46.11017712,-98.5049008,38021.0,164.20361247947451,0.0,8,8,0,0,8,8,4903,0,0,0,0,0
2020-07-20,US,North Dakota,Divide,1,0,0,48.814938700000006,-103.4873611,38023.0,44.16961130742049,0.0,1,1,0,0,1,1,2283,0,0,0,0,0
2020-07-20,US,North Dakota,Dunn,27,0,0,47.35423935,-102.6160468,38025.0,610.3074141048825,0.0,27,27,0,0,27,27,4332,0,0,0,0,0
2020-07-20,US,North Dakota,Eddy,5,0,0,47.71701474,-98.90432337,38027.0,218.62702229995628,0.0,5,5,0,0,5,5,2313,0,0,0,0,0
2020-07-20,US,North Dakota,Emmons,9,1,0,46.28398398,-100.2389766,38029.0,277.6920703486578,11.111111111111109,8,8,1,0,7,7,3295,1,0,0,1,1
2020-07-20,US,North Dakota,Foster,3,0,0,47.4571084,-98.88279923,38031.0,93.45794392523364,0.0,3,3,0,0,3,3,3216,0,0,0,0,0
2020-07-20,US,North Dakota,Golden Valley,2,0,0,46.94022281,-103.8465421,38033.0,113.57183418512207,0.0,2,2,0,0,2,2,1769,0,0,0,0,0
2020-07-20,US,North Dakota,Grand Forks,533,4,0,47.92093639,-97.45450447,38035.0,767.4475529510014,0.7504690431519699,529,509,4,0,505,483,70770,24,0,0,24,26
2020-07-20,US,North Dakota,Grant,4,0,0,46.35821257,-101.6390013,38037.0,175.9014951627089,0.0,4,4,0,0,4,4,2374,0,0,0,0,0
2020-07-20,US,North Dakota,Griggs,3,0,0,47.45785838,-98.23850925,38039.0,134.4688480502017,0.0,3,3,0,0,3,3,2232,0,0,0,0,0
2020-07-20,US,North Dakota,Hettinger,6,0,0,46.43375068,-102.4632417,38041.0,240.09603841536614,0.0,6,6,0,0,6,6,2514,0,0,0,0,0
2020-07-20,US,North Dakota,Kidder,4,0,0,46.97830064,-99.77507857,38043.0,161.29032258064515,0.0,4,4,0,0,4,4,2450,0,0,0,0,0
2020-07-20,US,North Dakota,LaMoure,14,0,0,46.45681054,-98.53542355,38045.0,346.02076124567475,0.0,14,14,0,0,14,14,4062,0,0,0,0,0
2020-07-20,US,North Dakota,Logan,1,0,0,46.45729487,-99.47719806,38047.0,54.05405405405406,0.0,1,1,0,0,1,1,1903,0,0,0,0,0
2020-07-20,US,North Dakota,McHenry,11,1,0,48.23104458,-100.6324822,38049.0,191.4708442123585,9.090909090909092,10,11,1,0,10,11,5816,0,0,0,0,0
2020-07-20,US,North Dakota,McIntosh,10,0,0,46.11182017,-99.44145858,38051.0,400.4805766920304,0.0,10,9,0,0,9,8,2585,1,0,0,1,1
2020-07-20,US,North Dakota,McKenzie,52,0,0,47.74133370000001,-103.395905,38053.0,346.11288604898834,0.0,52,52,0,0,52,51,13632,0,0,0,0,1
2020-07-20,US,North Dakota,McLean,14,0,0,47.60766714,-101.3182418,38055.0,148.14814814814815,0.0,14,14,0,0,14,13,9541,0,0,0,0,1
2020-07-20,US,North Dakota,Mercer,12,0,0,47.31213126,-101.8318399,38057.0,146.57383657017226,0.0,12,12,0,0,12,12,8267,0,0,0,0,0
2020-07-20,US,North Dakota,Morton,172,3,0,46.71681782,-101.2822377,38059.0,548.3994388470858,1.7441860465116281,169,168,3,0,165,156,31095,4,0,0,4,12
2020-07-20,US,North Dakota,Mountrail,91,1,0,48.20197971,-102.3555315,38061.0,862.968231389284,1.0989010989010992,90,90,1,0,89,89,10218,1,0,0,1,1
2020-07-20,US,North Dakota,Nelson,3,0,0,47.9226426,-98.19038437,38063.0,104.20284821118445,0.0,3,3,0,0,3,3,2869,0,0,0,0,0
2020-07-20,US,North Dakota,Oliver,3,0,0,47.11530482,-101.3406158,38065.0,153.13935681470142,0.0,3,3,0,0,3,3,1952,0,0,0,0,0
2020-07-20,US,North Dakota,Pembina,20,0,0,48.76623521,-97.5523809,38067.0,294.0744008234083,0.0,20,20,0,0,20,18,6947,0,0,0,0,2
2020-07-20,US,North Dakota,Pierce,8,0,0,48.24977025,-99.96407787,38069.0,201.2578616352201,0.0,8,8,0,0,8,8,4081,0,0,0,0,0
2020-07-20,US,North Dakota,Ramsey,25,1,0,48.26886249,-98.72223879,38071.0,217.03272853546315,4.0,24,25,1,0,24,25,11481,0,0,0,0,0
2020-07-20,US,North Dakota,Ransom,23,0,0,46.45621782,-97.65742504,38073.0,440.78190877730935,0.0,23,23,0,0,23,23,5237,0,0,0,0,0
2020-07-20,US,North Dakota,Renville,8,0,0,48.71982533,-101.6603912,38075.0,343.79028792436617,0.0,8,8,0,0,8,8,2374,0,0,0,0,0
2020-07-20,US,North Dakota,Richland,52,0,0,46.26440649,-96.94852979,38077.0,321.4440254682574,0.0,52,51,0,0,51,49,16239,1,0,0,1,2
2020-07-20,US,North Dakota,Rolette,13,0,0,48.77245354,-99.84097493,38079.0,91.70428893905192,0.0,13,13,0,0,13,13,14301,0,0,0,0,0
2020-07-20,US,North Dakota,Sargent,8,0,0,46.10830372,-97.63217159,38081.0,205.2334530528476,0.0,8,8,0,0,8,8,3870,0,0,0,0,0
2020-07-20,US,North Dakota,Sheridan,4,0,0,47.57700669,-100.3426391,38083.0,304.18250950570336,0.0,4,4,0,0,4,4,1349,0,0,0,0,0
2020-07-20,US,North Dakota,Sioux,46,0,0,46.11323337,-101.0440149,38085.0,1087.4704491725768,0.0,46,46,0,0,46,45,4358,0,0,0,0,1
2020-07-20,US,North Dakota,Slope,3,0,0,46.44737738,-103.4601547,38087.0,400.0,0.0,3,3,0,0,3,3,763,0,0,0,0,0
2020-07-20,US,North Dakota,Stark,121,3,0,46.80851182,-102.6576326,38089.0,384.26117056749985,2.479338842975207,118,120,3,0,117,121,30997,1,0,0,1,-1
2020-07-20,US,North Dakota,Steele,6,0,0,47.45611548,-97.72728747,38091.0,317.46031746031747,0.0,6,6,0,0,6,5,1903,0,0,0,0,1
2020-07-20,US,North Dakota,Stutsman,75,2,0,46.97962541,-98.95637318,38093.0,362.2488408037094,2.6666666666666665,73,74,2,0,72,74,20917,1,0,0,1,0
2020-07-20,US,North Dakota,Towner,4,0,0,48.68565745,-99.24564265,38095.0,182.7318410232983,0.0,4,4,0,0,4,3,2192,0,0,0,0,1
2020-07-20,US,North Dakota,Traill,31,0,0,47.45367788,-97.16323288,38097.0,385.7640617222499,0.0,31,30,0,0,30,29,8037,1,0,0,1,1
2020-07-20,US,North Dakota,Walsh,79,0,0,48.36876964,-97.72574783,38099.0,742.4114274974156,0.0,79,77,0,0,77,70,10667,2,0,0,2,7
2020-07-20,US,North Dakota,Ward,110,1,0,48.22390169,-101.5436763,38101.0,162.62326103990185,0.9090909090909092,109,102,1,0,101,100,67744,8,0,0,8,2
2020-07-20,US,North Dakota,Wells,11,0,0,47.58614526,-99.65904998,38103.0,286.906624934794,0.0,11,11,0,0,11,11,3957,0,0,0,0,0
2020-07-20,US,North Dakota,Williams,157,1,0,48.34522353,-103.4793387,38105.0,417.675383755886,0.6369426751592356,156,135,0,0,135,126,35350,22,1,0,21,9
2020-07-20,US,Ohio,Adams,35,2,0,38.84541072,-83.4718964,39001.0,126.36291428984043,5.7142857142857135,33,34,2,0,32,32,27724,1,0,0,1,2
2020-07-20,US,Ohio,Allen,471,41,0,40.77285242,-84.10802343,39003.0,460.18114136647415,8.704883227176223,430,451,41,0,410,440,102663,20,0,0,20,11
2020-07-20,US,Ohio,Ashland,102,4,0,40.84772277,-82.27280781,39005.0,190.71124074489572,3.92156862745098,98,101,4,0,97,100,53745,1,0,0,1,1
2020-07-20,US,Ohio,Ashtabula,478,44,0,41.70860332,-80.74830218,39007.0,491.5622011291532,9.205020920502092,434,473,44,0,429,464,97493,5,0,0,5,9
2020-07-20,US,Ohio,Athens,274,1,0,39.33425634,-82.04278644,39009.0,419.4284139789061,0.36496350364963503,273,268,1,0,267,260,65818,6,0,0,6,8
2020-07-20,US,Ohio,Auglaize,135,5,0,40.55998859,-84.22421429999999,39011.0,295.6895041177501,3.703703703703704,130,126,5,0,121,124,45804,9,0,0,9,2
2020-07-20,US,Ohio,Belmont,575,25,0,40.01625942,-80.9924051,39013.0,858.1321075724562,4.3478260869565215,550,575,25,0,550,574,67505,0,0,0,0,1
2020-07-20,US,Ohio,Brown,68,1,0,38.93416837,-83.86788395,39015.0,156.5665868484067,1.4705882352941178,67,68,1,0,67,67,43602,0,0,0,0,1
2020-07-20,US,Ohio,Butler,2143,51,0,39.44012838,-84.57388716,39017.0,559.3343321135686,2.379841343910406,2092,2114,51,0,2063,2091,382378,29,0,0,29,23
2020-07-20,US,Ohio,Carroll,86,4,0,40.578968599999996,-81.09178213,39019.0,319.5363008099874,4.651162790697675,82,86,4,0,82,81,27081,0,0,0,0,5
2020-07-20,US,Ohio,Champaign,69,1,0,40.13923427,-83.76875242,39021.0,177.44631606017742,1.4492753623188406,68,68,1,0,67,68,38754,1,0,0,1,0
2020-07-20,US,Ohio,Clark,907,11,0,39.91592258,-83.78498252,39023.0,676.4466785498535,1.2127894156560088,896,895,11,0,884,877,134585,12,0,0,12,18
2020-07-20,US,Ohio,Clermont,630,9,0,39.04847534,-84.15375786,39025.0,305.1911562384948,1.4285714285714286,621,618,8,0,610,606,205466,12,1,0,11,12
2020-07-20,US,Ohio,Clinton,106,2,0,39.41485808,-83.80852286,39027.0,252.5733892489516,1.8867924528301887,104,105,2,0,103,104,42057,1,0,0,1,1
2020-07-20,US,Ohio,Columbiana,1467,62,0,40.76932373,-80.78094576,39029.0,1439.8869291245844,4.226312201772324,1405,1458,62,0,1396,1451,102665,9,0,0,9,7
2020-07-20,US,Ohio,Coshocton,165,4,0,40.30096166,-81.91729018,39031.0,450.8196721311475,2.4242424242424243,161,164,4,0,160,162,36629,1,0,0,1,2
2020-07-20,US,Ohio,Crawford,152,5,0,40.85065156,-82.91989099,39033.0,366.3180218826818,3.2894736842105265,147,153,5,0,148,151,41550,-1,0,0,-1,2
2020-07-20,US,Ohio,Cuyahoga,10713,424,0,41.424119,-81.65918339,39035.0,867.3988237123018,3.957808270325773,10289,10553,421,0,10132,10438,1243857,160,3,0,157,115
2020-07-20,US,Ohio,Darke,266,26,0,40.13412966,-84.6194517,39037.0,520.4155498601139,9.774436090225564,240,265,26,0,239,263,51323,1,0,0,1,2
2020-07-20,US,Ohio,Defiance,77,3,0,41.32398837,-84.49076944,39039.0,202.16871898548058,3.8961038961038965,74,75,3,0,72,72,38165,2,0,0,2,3
2020-07-20,US,Ohio,Delaware,940,15,0,40.27942393,-83.00457058,39041.0,449.3801899826464,1.5957446808510638,925,916,15,0,901,902,204826,24,0,0,24,14
2020-07-20,US,Ohio,Erie,377,22,0,41.36796058,-82.62904521,39043.0,507.6347184445103,5.835543766578248,355,363,22,0,341,353,74615,14,0,0,14,10
2020-07-20,US,Ohio,Fairfield,916,18,0,39.75107189,-82.63088163,39045.0,581.3141761965808,1.965065502183406,898,897,18,0,879,874,155782,19,0,0,19,23
2020-07-20,US,Ohio,Fayette,61,0,0,39.56021306,-83.4562016,39047.0,213.8475021910605,0.0,61,59,0,0,59,59,28666,2,0,0,2,0
2020-07-20,US,Ohio,Franklin,14246,468,0,39.96995815,-83.01115755,39049.0,1081.9012785967939,3.2851326688193176,13778,14001,467,0,13534,13778,1310300,245,1,0,244,223
2020-07-20,US,Ohio,Fulton,91,0,0,41.60213491,-84.12571393,39051.0,216.0186108341641,0.0,91,86,0,0,86,83,42276,5,0,0,5,3
2020-07-20,US,Ohio,Gallia,30,1,0,38.82708533,-82.31647569,39053.0,100.34115994380896,3.333333333333333,29,29,1,0,28,29,29979,1,0,0,1,0
2020-07-20,US,Ohio,Geauga,466,43,0,41.49952319,-81.17935342,39055.0,497.60275069675066,9.227467811158796,423,465,43,0,422,458,94031,1,0,0,1,7
2020-07-20,US,Ohio,Greene,472,10,0,39.69116283,-83.89032084,39057.0,279.39409365621503,2.1186440677966103,462,461,10,0,451,454,167995,11,0,0,11,7
2020-07-20,US,Ohio,Guernsey,89,6,0,40.05026529,-81.49248905,39059.0,228.93890675241158,6.741573033707866,83,89,4,0,85,88,39022,0,2,0,-2,1
2020-07-20,US,Ohio,Hamilton,7923,219,0,39.19673558,-84.54502924,39061.0,969.2063224106483,2.764104505868989,7704,7828,218,0,7610,7703,816684,95,1,0,94,125
2020-07-20,US,Ohio,Hancock,133,2,0,41.00250487,-83.66838948,39063.0,175.50110183022576,1.5037593984962403,131,116,2,0,114,112,75930,17,0,0,17,4
2020-07-20,US,Ohio,Hardin,137,12,0,40.66015414,-83.65929931,39065.0,436.7926032201498,8.75912408759124,125,136,12,0,124,136,31480,1,0,0,1,0
2020-07-20,US,Ohio,Harrison,16,1,0,40.29380509,-81.09068544,39067.0,106.38297872340424,6.25,15,16,1,0,15,16,15174,0,0,0,0,0
2020-07-20,US,Ohio,Henry,66,0,0,41.333964200000004,-84.06830637,39069.0,244.3901355254388,0.0,66,59,0,0,59,49,27086,7,0,0,7,10
2020-07-20,US,Ohio,Highland,74,1,0,39.1839264,-83.60331456,39071.0,171.45107851996016,1.351351351351351,73,69,1,0,68,66,43058,5,0,0,5,3
2020-07-20,US,Ohio,Hocking,94,9,0,39.49537927,-82.47991446,39073.0,332.5785451457685,9.574468085106382,85,92,8,0,84,91,28385,2,1,0,1,1
2020-07-20,US,Ohio,Holmes,297,5,0,40.56163713,-81.92635677,39075.0,675.614194722475,1.6835016835016836,292,293,5,0,288,289,43892,4,0,0,4,4
2020-07-20,US,Ohio,Huron,303,3,0,41.14651175,-82.59867951,39077.0,520.0288332818453,0.99009900990099,300,290,3,0,287,284,58504,13,0,0,13,6
2020-07-20,US,Ohio,Jackson,41,0,0,39.01914254,-82.61818559999998,39079.0,126.49245673032424,0.0,41,39,0,0,39,39,32384,2,0,0,2,0
2020-07-20,US,Ohio,Jefferson,159,2,0,40.38614126,-80.76259514,39081.0,243.398392652124,1.2578616352201255,157,153,2,0,151,147,65767,6,0,0,6,6
2020-07-20,US,Ohio,Knox,80,2,0,40.39830217,-82.42027563,39083.0,128.36558518661147,2.5,78,74,1,0,73,72,61893,6,1,0,5,2
2020-07-20,US,Ohio,Lake,812,24,0,41.69710807,-81.23676539,39085.0,352.8149155547058,2.955665024630542,788,789,24,0,765,762,230514,23,0,0,23,27
2020-07-20,US,Ohio,Lawrence,146,0,0,38.59743452,-82.53466552,39087.0,245.5308343003212,0.0,146,138,0,0,138,136,59866,8,0,0,8,2
2020-07-20,US,Ohio,Licking,733,15,0,40.09136236,-82.48185785,39089.0,414.44742228404084,2.046384720327421,718,705,15,0,690,697,175769,28,0,0,28,8
2020-07-20,US,Ohio,Logan,88,1,0,40.38996525,-83.76784341,39091.0,192.67822736030826,1.1363636363636365,87,82,1,0,81,80,45358,6,0,0,6,2
2020-07-20,US,Ohio,Lorain,1344,73,0,41.29553751,-82.15083537,39093.0,433.7820696956103,5.4315476190476195,1271,1322,73,0,1249,1305,309461,22,0,0,22,17
2020-07-20,US,Ohio,Lucas,3567,307,0,41.62101218,-83.65468618,39095.0,832.7341320608477,8.606672273619289,3260,3486,307,0,3179,3387,429899,81,0,0,81,99
2020-07-20,US,Ohio,Madison,253,9,0,39.89381073,-83.40178317,39097.0,565.6032728979902,3.5573122529644268,244,245,9,0,236,244,44413,8,0,0,8,1
2020-07-20,US,Ohio,Mahoning,2119,243,0,41.01631101,-80.77287029,39099.0,926.6101983969077,11.467673430863615,1876,2089,241,0,1848,2073,229642,30,2,0,28,16
2020-07-20,US,Ohio,Marion,2780,39,0,40.58610662,-83.15736305,39101.0,4270.812529765105,1.4028776978417266,2741,2777,39,0,2738,2774,65256,3,0,0,3,3
2020-07-20,US,Ohio,Medina,691,32,0,41.11770589,-81.89986209999998,39103.0,384.4313642584536,4.630969609261938,659,681,32,0,649,670,179146,10,0,0,10,11
2020-07-20,US,Ohio,Meigs,20,0,0,39.09224872,-82.0305041,39105.0,87.30955603090759,0.0,20,19,0,0,19,19,23106,1,0,0,1,0
2020-07-20,US,Ohio,Mercer,352,11,0,40.54043046,-84.62912742,39107.0,854.9499659963083,3.125,341,345,11,0,334,334,40959,7,0,0,7,11
2020-07-20,US,Ohio,Miami,576,31,0,40.0543329,-84.22871271,39109.0,538.3831680484545,5.3819444444444455,545,574,31,0,543,570,106222,2,0,0,2,4
2020-07-20,US,Ohio,Monroe,89,17,0,39.72984936,-81.08464734,39111.0,651.8236414237588,19.101123595505623,72,89,17,0,72,89,13790,0,0,0,0,0
2020-07-20,US,Ohio,Montgomery,3018,46,0,39.75394919,-84.29050975,39113.0,567.6271941950811,1.5241882041086812,2972,2987,46,0,2941,2939,532331,31,0,0,31,48
2020-07-20,US,Ohio,Morgan,14,0,0,39.62081738,-81.85308173,39115.0,96.4984835952578,0.0,14,14,0,0,14,14,14604,0,0,0,0,0
2020-07-20,US,Ohio,Morrow,136,1,0,40.52363560000001,-82.7892599,39117.0,384.963768115942,0.7352941176470589,135,133,1,0,132,133,35112,3,0,0,3,0
2020-07-20,US,Ohio,Muskingum,119,1,0,39.96575964,-81.94363275,39119.0,138.0270254596068,0.8403361344537815,118,119,1,0,118,118,86183,0,0,0,0,1
2020-07-20,US,Ohio,Noble,16,0,0,39.76818851,-81.45937183,39121.0,110.92623405435387,0.0,16,16,0,0,16,15,14354,0,0,0,0,1
2020-07-20,US,Ohio,Ottawa,267,24,0,41.53781826,-83.0940185,39123.0,658.8525601480567,8.98876404494382,243,264,24,0,240,259,40769,3,0,0,3,5
2020-07-20,US,Ohio,Paulding,43,1,0,41.11676341,-84.5801017,39125.0,230.2913453299057,2.3255813953488373,42,41,1,0,40,39,18760,2,0,0,2,2
2020-07-20,US,Ohio,Perry,62,1,0,39.73508655,-82.23804971,39127.0,171.5835501190015,1.6129032258064515,61,59,1,0,58,58,36033,3,0,0,3,1
2020-07-20,US,Ohio,Pickaway,2275,42,0,39.64170392,-83.0243386,39129.0,3891.749491078913,1.8461538461538465,2233,2268,42,0,2226,2263,58086,7,0,0,7,5
2020-07-20,US,Ohio,Pike,40,0,0,39.07634001,-83.06769584,39131.0,144.02995823131212,0.0,40,37,0,0,37,37,28067,3,0,0,3,0
2020-07-20,US,Ohio,Portage,574,59,0,41.16793482,-81.19735782,39133.0,353.3046914431327,10.278745644599304,515,561,59,0,502,550,162927,13,0,0,13,11
2020-07-20,US,Ohio,Preble,108,1,0,39.7420247,-84.64787018,39135.0,264.17494251748934,0.925925925925926,107,107,1,0,106,105,40997,1,0,0,1,2
2020-07-20,US,Ohio,Putnam,161,16,0,41.02094889,-84.1336111,39137.0,475.473258320782,9.937888198757765,145,161,16,0,145,157,33780,0,0,0,0,4
2020-07-20,US,Ohio,Richland,441,8,0,40.77180308,-82.53799609999999,39139.0,363.9995377783648,1.8140589569161,433,428,8,0,420,425,121099,13,0,0,13,3
2020-07-20,US,Ohio,Ross,194,4,0,39.33705391,-83.06000914,39141.0,253.0456786580753,2.061855670103093,190,182,4,0,178,173,76931,12,0,0,12,9
2020-07-20,US,Ohio,Sandusky,230,15,0,41.35624126,-83.137872,39143.0,393.0414573293688,6.521739130434782,215,221,15,0,206,208,58799,9,0,0,9,13
2020-07-20,US,Ohio,Scioto,104,0,0,38.80270163,-82.98907345,39145.0,138.08853599596355,0.0,104,100,0,0,100,99,75502,4,0,0,4,1
2020-07-20,US,Ohio,Seneca,69,2,0,41.12351311,-83.12783209,39147.0,125.04983870383123,2.898550724637681,67,66,2,0,64,61,55207,3,0,0,3,5
2020-07-20,US,Ohio,Shelby,84,4,0,40.33163494,-84.20258189,39149.0,172.87507717637374,4.761904761904762,80,82,4,0,78,81,48627,2,0,0,2,1
2020-07-20,US,Ohio,Stark,1379,120,0,40.81482476,-81.36437305,39151.0,372.0932742589165,8.701957940536621,1259,1358,120,0,1238,1341,371574,21,0,0,21,17
2020-07-20,US,Ohio,Summit,2638,211,0,41.12464734,-81.53123079,39153.0,487.60380988996565,7.998483699772555,2427,2597,211,0,2386,2570,541918,41,0,0,41,27
2020-07-20,US,Ohio,Trumbull,1171,84,0,41.31735028,-80.76109643,39155.0,591.4918120561284,7.173356105892401,1087,1159,83,0,1076,1139,198627,12,1,0,11,20
2020-07-20,US,Ohio,Tuscarawas,685,11,0,40.44214695,-81.47226262,39157.0,744.670442562536,1.6058394160583942,674,682,11,0,671,677,92176,3,0,0,3,5
2020-07-20,US,Ohio,Union,150,1,0,40.30016061,-83.37239023,39159.0,254.28900793381703,0.6666666666666666,149,142,1,0,141,140,57835,8,0,0,8,2
2020-07-20,US,Ohio,Van Wert,56,1,0,40.8554138,-84.59111700000003,39161.0,198.05481874447392,1.7857142857142858,55,53,1,0,52,53,28281,3,0,0,3,0
2020-07-20,US,Ohio,Vinton,25,2,0,39.25208988,-82.4831444,39163.0,191.05846388995042,8.0,23,25,2,0,23,25,13139,0,0,0,0,0
2020-07-20,US,Ohio,Warren,1256,28,0,39.42581994,-84.16557457,39165.0,535.3748049888749,2.2292993630573252,1228,1228,28,0,1200,1203,232173,28,0,0,28,25
2020-07-20,US,Ohio,Washington,166,21,0,39.45690571,-81.49121382,39167.0,277.07766520338504,12.650602409638553,145,165,21,0,144,164,60155,1,0,0,1,1
2020-07-20,US,Ohio,Wayne,405,57,0,40.82925852,-81.88844833,39169.0,350.01296344309054,14.074074074074074,348,400,56,0,344,399,115967,5,1,0,4,1
2020-07-20,US,Ohio,Williams,94,3,0,41.56052014,-84.58429552,39171.0,256.1866346887605,3.191489361702128,91,90,3,0,87,87,36804,4,0,0,4,3
2020-07-20,US,Ohio,Wood,616,54,0,41.36224827,-83.62285108,39173.0,470.8868113471492,8.766233766233766,562,593,53,0,540,570,130696,23,1,0,22,23
2020-07-20,US,Ohio,Wyandot,72,5,0,40.84339621,-83.30734173,39175.0,330.6999816277788,6.9444444444444455,67,72,5,0,67,72,21935,0,0,0,0,0
2020-07-20,US,Oklahoma,Adair,172,4,0,35.88494195,-94.65859267,40001.0,774.9842299720648,2.3255813953488373,168,170,4,0,166,168,22082,2,0,0,2,2
2020-07-20,US,Oklahoma,Alfalfa,1,0,0,36.73090616,-98.32408495,40003.0,17.5377060680463,0.0,1,1,0,0,1,1,5754,0,0,0,0,0
2020-07-20,US,Oklahoma,Atoka,47,0,0,34.37366573,-96.03802487,40005.0,341.6194214275331,0.0,47,45,0,0,45,42,13838,2,0,0,2,3
2020-07-20,US,Oklahoma,Beaver,32,0,0,36.7496847,-100.4758872,40007.0,602.5230653360949,0.0,32,32,0,0,32,32,5319,0,0,0,0,0
2020-07-20,US,Oklahoma,Beckham,27,0,0,35.26862449,-99.68128023,40009.0,123.51891669335285,0.0,27,27,0,0,27,27,21709,0,0,0,0,0
2020-07-20,US,Oklahoma,Blaine,23,0,0,35.87518314,-98.43307003,40011.0,243.9283062891081,0.0,23,23,0,0,23,23,9485,0,0,0,0,0
2020-07-20,US,Oklahoma,Bryan,240,1,0,33.96472458,-96.25903472,40013.0,500.05208875924575,0.4166666666666667,239,239,1,0,238,226,47192,1,0,0,1,13
2020-07-20,US,Oklahoma,Caddo,226,11,0,35.17364557,-98.37534464,40015.0,785.7589875530214,4.867256637168142,215,225,11,0,214,223,28977,1,0,0,1,2
2020-07-20,US,Oklahoma,Canadian,674,4,0,35.5426055,-97.98465569,40017.0,454.4657667255539,0.5934718100890207,670,667,4,0,663,652,144447,7,0,0,7,15
2020-07-20,US,Oklahoma,Carter,216,3,0,34.25103751,-97.28552485,40019.0,448.96177589324685,1.3888888888888888,213,213,3,0,210,213,48177,3,0,0,3,0
2020-07-20,US,Oklahoma,Cherokee,150,1,0,35.90692775,-94.99980896,40021.0,308.2804118626304,0.6666666666666666,149,149,1,0,148,148,48675,1,0,0,1,1
2020-07-20,US,Oklahoma,Choctaw,143,1,0,34.02807439,-95.54771129,40023.0,974.6455834242092,0.6993006993006993,142,141,1,0,140,136,14668,2,0,0,2,5
2020-07-20,US,Oklahoma,Cimarron,1,0,0,36.74817177,-102.5173885,40025.0,46.79457182966776,0.0,1,1,0,0,1,1,2153,0,0,0,0,0
2020-07-20,US,Oklahoma,Cleveland,1693,40,0,35.20413532,-97.32519562,40027.0,596.0973754814903,2.3626698168930886,1653,1678,40,0,1638,1670,281669,15,0,0,15,8
2020-07-20,US,Oklahoma,Coal,18,0,0,34.58840127,-96.29798747,40029.0,327.5705186533212,0.0,18,16,0,0,16,16,5520,2,0,0,2,0
2020-07-20,US,Oklahoma,Comanche,594,9,0,34.65973764,-98.47195055,40031.0,491.9295397891494,1.5151515151515151,585,591,9,0,582,591,120422,3,0,0,3,0
2020-07-20,US,Oklahoma,Cotton,12,2,0,34.28845626,-98.37053567,40033.0,211.7896223085069,16.666666666666668,10,12,2,0,10,12,5776,0,0,0,0,0
2020-07-20,US,Oklahoma,Craig,37,0,0,36.76268118,-95.20916602,40035.0,261.6320181021072,0.0,37,37,0,0,37,37,14306,0,0,0,0,0
2020-07-20,US,Oklahoma,Creek,272,9,0,35.90230551,-96.37086028,40037.0,380.3025642459663,3.3088235294117645,263,269,9,0,260,267,71604,3,0,0,3,2
2020-07-20,US,Oklahoma,Custer,112,0,0,35.63853802,-99.00170785,40039.0,386.1669482467331,0.0,112,111,0,0,111,107,29036,1,0,0,1,4
2020-07-20,US,Oklahoma,Delaware,293,19,0,36.40823634,-94.80325046,40041.0,681.2527610500127,6.4846416382252565,274,290,19,0,271,288,42733,3,0,0,3,2
2020-07-20,US,Oklahoma,Dewey,7,0,0,35.98772922,-99.00730714,40043.0,143.1200163565733,0.0,7,7,0,0,7,7,4894,0,0,0,0,0
2020-07-20,US,Oklahoma,Ellis,1,0,0,36.2180194,-99.75324573,40045.0,25.91344908007256,0.0,1,1,0,0,1,1,3952,0,0,0,0,0
2020-07-20,US,Oklahoma,Garfield,176,2,0,36.3791334,-97.78265517,40047.0,288.2599580712788,1.1363636363636365,174,173,2,0,171,160,60913,3,0,0,3,13
2020-07-20,US,Oklahoma,Garvin,146,3,0,34.70418038,-97.30811132,40049.0,526.8665872758112,2.054794520547945,143,145,3,0,142,145,27811,1,0,0,1,0
2020-07-20,US,Oklahoma,Grady,304,5,0,35.0167709,-97.88339847,40051.0,544.471110792707,1.6447368421052633,299,304,5,0,299,302,55551,0,0,0,0,2
2020-07-20,US,Oklahoma,Grant,5,0,0,36.796297,-97.78638765,40053.0,115.39349180706208,0.0,5,4,0,0,4,4,4326,1,0,0,1,0
2020-07-20,US,Oklahoma,Greer,71,7,0,34.93535801,-99.5605612,40055.0,1242.9971988795521,9.859154929577462,64,71,7,0,64,71,5821,0,0,0,0,0
2020-07-20,US,Oklahoma,Harmon,4,0,0,34.7440135,-99.84741652,40057.0,150.77271013946475,0.0,4,4,0,0,4,4,2664,0,0,0,0,0
2020-07-20,US,Oklahoma,Harper,2,0,0,36.78836519,-99.6679804,40059.0,54.2299349240781,0.0,2,2,0,0,2,2,3797,0,0,0,0,0
2020-07-20,US,Oklahoma,Haskell,21,0,0,35.22257600000001,-95.11513306,40061.0,166.31028747921118,0.0,21,21,0,0,21,21,12668,0,0,0,0,0
2020-07-20,US,Oklahoma,Hughes,22,1,0,35.04912569,-96.24921145,40063.0,165.6751261390165,4.545454545454546,21,22,1,0,21,22,13335,0,0,0,0,0
2020-07-20,US,Oklahoma,Jackson,215,3,0,34.58781741,-99.41138784,40065.0,876.4777823073787,1.3953488372093024,212,211,3,0,208,211,24949,4,0,0,4,0
2020-07-20,US,Oklahoma,Jefferson,20,0,0,34.11130184,-97.83182974,40067.0,333.2222592469177,0.0,20,20,0,0,20,20,6123,0,0,0,0,0
2020-07-20,US,Oklahoma,Johnston,23,0,0,34.31440473,-96.66011537,40069.0,207.4875958502481,0.0,23,23,0,0,23,23,10949,0,0,0,0,0
2020-07-20,US,Oklahoma,Kay,147,9,0,36.81799745,-97.14421435,40071.0,337.63608801506734,6.1224489795918355,138,146,9,0,137,146,44161,1,0,0,1,0
2020-07-20,US,Oklahoma,Kingfisher,63,0,0,35.94530008,-97.94193268,40073.0,399.6194100856328,0.0,63,62,0,0,62,60,15816,1,0,0,1,2
2020-07-20,US,Oklahoma,Kiowa,18,1,0,34.91671958,-98.97720696,40075.0,206.70647680293985,5.5555555555555545,17,18,1,0,17,18,8729,0,0,0,0,0
2020-07-20,US,Oklahoma,Latimer,25,1,0,34.87844729,-95.25215049,40077.0,248.1882259505609,4.0,24,25,1,0,24,25,10231,0,0,0,0,0
2020-07-20,US,Oklahoma,Le Flore,89,1,0,34.89851864,-94.70392124,40079.0,178.52486309750668,1.1235955056179776,88,87,1,0,86,86,49980,2,0,0,2,1
2020-07-20,US,Oklahoma,Lincoln,58,2,0,35.70270942,-96.8812462,40081.0,166.29870688419305,3.4482758620689653,56,58,2,0,56,58,34920,0,0,0,0,0
2020-07-20,US,Oklahoma,Logan,120,1,0,35.91899576,-97.44352845,40083.0,249.94272145966545,0.8333333333333334,119,120,1,0,119,119,47291,0,0,0,0,1
2020-07-20,US,Oklahoma,Love,55,0,0,33.95273467,-97.23906784,40085.0,536.4283624305082,0.0,55,55,0,0,55,55,10134,0,0,0,0,0
2020-07-20,US,Oklahoma,Major,16,1,0,36.31149996,-98.53467076,40093.0,209.7260453532573,6.25,15,16,1,0,15,16,7644,0,0,0,0,0
2020-07-20,US,Oklahoma,Marshall,51,0,0,34.02311222,-96.76855464,40095.0,301.2226094146831,0.0,51,50,0,0,50,50,16806,1,0,0,1,0
2020-07-20,US,Oklahoma,Mayes,178,5,0,36.30179091,-95.23175116,40097.0,433.0900243309002,2.808988764044944,173,178,5,0,173,177,41107,0,0,0,0,1
2020-07-20,US,Oklahoma,McClain,289,4,0,35.01123903,-97.44572302,40087.0,714.038642091219,1.3840830449826989,285,288,4,0,284,286,39985,1,0,0,1,2
2020-07-20,US,Oklahoma,McCurtain,695,13,0,34.11664328,-94.77222373,40089.0,2116.837231968811,1.8705035971223019,682,681,13,0,668,680,32703,14,0,0,14,1
2020-07-20,US,Oklahoma,McIntosh,100,1,0,35.37235506,-95.66599306,40091.0,510.3082261686058,1.0,99,99,1,0,98,99,19815,1,0,0,1,0
2020-07-20,US,Oklahoma,Murray,29,0,0,34.48116015,-97.06826283,40099.0,206.06835784836207,0.0,29,29,0,0,29,29,13953,0,0,0,0,0
2020-07-20,US,Oklahoma,Muskogee,247,14,0,35.61318461,-95.37802952,40101.0,363.25131991117263,5.668016194331983,233,246,14,0,232,246,68362,1,0,0,1,0
2020-07-20,US,Oklahoma,Noble,59,1,0,36.38953329,-97.22928674,40103.0,530.0512083370767,1.6949152542372878,58,59,1,0,58,58,11289,0,0,0,0,1
2020-07-20,US,Oklahoma,Nowata,41,1,0,36.79843529,-95.61902331,40105.0,406.90750297737196,2.4390243902439024,40,41,1,0,40,41,10218,0,0,0,0,0
2020-07-20,US,Oklahoma,Okfuskee,23,0,0,35.46485198,-96.32639984,40107.0,191.7785374801968,0.0,23,23,0,0,23,23,12098,0,0,0,0,0
2020-07-20,US,Oklahoma,Oklahoma,6301,77,0,35.55140095,-97.40716948,40109.0,790.1594363922279,1.222028249484209,6224,6271,77,0,6194,6195,792582,30,0,0,30,76
2020-07-20,US,Oklahoma,Okmulgee,219,0,0,35.64661916,-95.96432828,40111.0,569.348758611725,0.0,219,218,0,0,218,216,38335,1,0,0,1,2
2020-07-20,US,Oklahoma,Osage,246,9,0,36.62888819,-96.39635704,40113.0,523.8166215957243,3.6585365853658534,237,246,9,0,237,246,47014,0,0,0,0,0
2020-07-20,US,Oklahoma,Ottawa,219,2,0,36.83532655,-94.81011909,40115.0,703.5692485623413,0.9132420091324199,217,219,2,0,217,219,31175,0,0,0,0,0
2020-07-20,US,Oklahoma,Pawnee,85,3,0,36.31743373,-96.7033176,40117.0,519.0522716170005,3.5294117647058822,82,84,3,0,81,84,16390,1,0,0,1,0
2020-07-20,US,Oklahoma,Payne,528,2,0,36.07695283,-96.97584944,40119.0,645.6030519417003,0.3787878787878788,526,526,2,0,524,526,82040,2,0,0,2,0
2020-07-20,US,Oklahoma,Pittsburg,87,3,0,34.92065823,-95.7513432,40121.0,199.29445182572044,3.4482758620689653,84,87,3,0,84,86,43877,0,0,0,0,1
2020-07-20,US,Oklahoma,Pontotoc,103,2,0,34.72959848,-96.68337199,40123.0,269.041897398391,1.9417475728155342,101,100,2,0,98,100,38247,3,0,0,3,0
2020-07-20,US,Oklahoma,Pottawatomie,211,5,0,35.20614018,-96.94923008,40125.0,290.6656380868415,2.3696682464454977,206,204,5,0,199,201,72679,7,0,0,7,3
2020-07-20,US,Oklahoma,Pushmataha,39,0,0,34.41635232,-95.37603505,40127.0,351.47801009372733,0.0,39,39,0,0,39,37,11179,0,0,0,0,2
2020-07-20,US,Oklahoma,Roger Mills,3,0,0,35.68711719,-99.69666167,40129.0,83.72871895060004,0.0,3,3,0,0,3,3,3656,0,0,0,0,0
2020-07-20,US,Oklahoma,Rogers,439,10,0,36.37004357,-95.60406759,40131.0,474.8050487242994,2.277904328018223,429,435,10,0,425,435,91984,4,0,0,4,0
2020-07-20,US,Oklahoma,Seminole,84,4,0,35.16478725,-96.61686741,40133.0,346.2775166955232,4.761904761904762,80,84,4,0,80,83,24578,0,0,0,0,1
2020-07-20,US,Oklahoma,Sequoyah,86,3,0,35.49447108,-94.75463785,40135.0,206.8849382953643,3.4883720930232562,83,83,3,0,80,83,41179,3,0,0,3,0
2020-07-20,US,Oklahoma,Stephens,126,1,0,34.48556989,-97.85141892,40137.0,292.05201307280436,0.7936507936507936,125,125,1,0,124,125,43265,1,0,0,1,0
2020-07-20,US,Oklahoma,Texas,1007,7,0,36.74777635,-101.4889765,40139.0,5039.2833908822495,0.6951340615690169,1000,1007,7,0,1000,1007,20455,0,0,0,0,0
2020-07-20,US,Oklahoma,Tillman,32,1,0,34.37288446,-98.92426619,40141.0,441.3793103448277,3.125,31,32,1,0,31,32,7348,0,0,0,0,0
2020-07-20,US,Oklahoma,Tulsa,6316,85,0,36.11939621,-95.94013939,40143.0,969.37773193851,1.3457884737175427,6231,6285,84,0,6201,6243,648360,31,1,0,30,42
2020-07-20,US,Oklahoma,Wagoner,464,19,0,35.96024096,-95.51911308,40145.0,570.802937666843,4.094827586206897,445,460,19,0,441,458,80110,4,0,0,4,2
2020-07-20,US,Oklahoma,Washington,496,39,0,36.71380786,-95.90514104,40147.0,962.6021309216527,7.862903225806452,457,490,39,0,451,490,51843,6,0,0,6,0
2020-07-20,US,Oklahoma,Washita,12,0,0,35.29071824,-98.99180434,40149.0,109.93037742762917,0.0,12,12,0,0,12,13,11127,0,0,0,0,-1
2020-07-20,US,Oklahoma,Woods,12,0,0,36.76705782,-98.86573064,40151.0,136.4721937905152,0.0,12,12,0,0,12,12,8897,0,0,0,0,0
2020-07-20,US,Oklahoma,Woodward,18,0,0,36.42316318,-99.26283045,40153.0,89.0604126465786,0.0,18,18,0,0,18,18,20222,0,0,0,0,0
2020-07-20,US,Oregon,Baker,13,0,0,44.70915557,-117.6749883,41001.0,80.62515504837509,0.0,13,13,0,0,13,13,16006,0,0,0,0,0
2020-07-20,US,Oregon,Benton,128,6,0,44.49167306,-123.4316987,41003.0,137.55601646373572,4.6875,122,128,6,0,122,128,92101,0,0,0,0,0
2020-07-20,US,Oregon,Clackamas,1141,30,0,45.18787398,-122.2179634,41005.0,272.8444451883966,2.629272567922875,1111,1130,30,0,1100,1111,416075,11,0,0,11,19
2020-07-20,US,Oregon,Clatsop,64,0,0,45.99712889,-123.660711,41007.0,159.10898965791569,0.0,64,62,0,0,62,62,39764,2,0,0,2,0
2020-07-20,US,Oregon,Columbia,62,0,0,45.94464254,-123.0890898,41009.0,118.42457118844787,0.0,62,61,0,0,61,61,52377,1,0,0,1,0
2020-07-20,US,Oregon,Coos,69,0,0,43.17406868,-124.0594514,41011.0,106.99830973684618,0.0,69,69,0,0,69,67,64389,0,0,0,0,2
2020-07-20,US,Oregon,Crook,28,1,0,44.14230227,-120.356297,41013.0,114.73528929683658,3.571428571428572,27,27,1,0,26,22,23867,1,0,0,1,5
2020-07-20,US,Oregon,Curry,10,0,0,42.45911325,-124.157282,41015.0,43.62050163576881,0.0,10,10,0,0,10,9,22813,0,0,0,0,1
2020-07-20,US,Oregon,Deschutes,371,1,0,43.91570171,-121.2289121,41017.0,187.6656617364385,0.2695417789757412,370,352,1,0,351,339,191996,19,0,0,19,13
2020-07-20,US,Oregon,Douglas,87,1,0,43.27941273,-123.167291,41019.0,78.39250315372139,1.1494252873563218,86,85,1,0,84,82,110283,2,0,0,2,3
2020-07-20,US,Oregon,Gilliam,2,0,0,45.37160076,-120.2048869,41021.0,104.60251046025104,0.0,2,2,0,0,2,2,1894,0,0,0,0,0
2020-07-20,US,Oregon,Grant,1,0,0,44.49024544,-119.0068631,41023.0,13.890818169190164,0.0,1,1,0,0,1,1,7176,0,0,0,0,0
2020-07-20,US,Oregon,Harney,3,0,0,43.06422669,-118.9666306,41025.0,40.57892601109158,0.0,3,2,0,0,2,2,7329,1,0,0,1,0
2020-07-20,US,Oregon,Hood River,132,0,0,45.51872811,-121.65520359999998,41027.0,564.5368231973313,0.0,132,130,0,0,130,124,23428,2,0,0,2,6
2020-07-20,US,Oregon,Jackson,242,0,0,42.43201126,-122.7289309,41029.0,109.53001665580419,0.0,242,238,0,0,238,222,219564,4,0,0,4,16
2020-07-20,US,Oregon,Jefferson,206,0,0,44.62806839,-121.17832,41031.0,835.4286641252334,0.0,206,199,0,0,199,185,24192,7,0,0,7,14
2020-07-20,US,Oregon,Josephine,72,1,0,42.3665549,-123.5561938,41033.0,82.29794140843781,1.3888888888888888,71,70,1,0,69,66,87393,2,0,0,2,4
2020-07-20,US,Oregon,Klamath,155,1,0,42.68762984,-121.64964609999998,41035.0,227.1461648934612,0.6451612903225806,154,150,1,0,149,150,67653,5,0,0,5,0
2020-07-20,US,Oregon,Lake,29,0,0,42.79246693,-120.3850163,41037.0,368.5347566399797,0.0,29,28,0,0,28,27,7879,1,0,0,1,1
2020-07-20,US,Oregon,Lane,398,3,0,43.93727035,-122.847753,41039.0,104.17021098393735,0.7537688442211056,395,394,3,0,391,384,379611,4,0,0,4,10
2020-07-20,US,Oregon,Lincoln,371,8,0,44.64252874,-123.869912,41041.0,742.5643489051679,2.1563342318059298,363,369,8,0,361,368,49388,2,0,0,2,1
2020-07-20,US,Oregon,Linn,199,10,0,44.48899494,-122.5373154,41043.0,153.37305104470943,5.025125628140704,189,200,10,0,190,196,127335,-1,0,0,-1,4
2020-07-20,US,Oregon,Malheur,499,5,0,43.1937027,-117.6227395,41045.0,1632.2658728860683,1.002004008016032,494,489,5,0,484,478,30725,10,0,0,10,11
2020-07-20,US,Oregon,Marion,2170,62,0,44.90287942,-122.5815117,41047.0,623.8895054310012,2.8571428571428568,2108,2140,60,0,2080,2093,346868,30,2,0,28,47
2020-07-20,US,Oregon,Morrow,195,1,0,45.41846568,-119.584546,41049.0,1680.5998448677067,0.5128205128205128,194,194,1,0,193,186,11372,1,0,0,1,8
2020-07-20,US,Oregon,Multnomah,3566,75,0,45.54747959,-122.4169351,41051.0,438.70062926352165,2.103196859226024,3491,3486,75,0,3411,3369,811880,80,0,0,80,117
2020-07-20,US,Oregon,Polk,204,12,0,44.90322804,-123.4128888,41053.0,236.97508276703255,5.882352941176472,192,205,12,0,193,200,85234,-1,0,0,-1,5
2020-07-20,US,Oregon,Sherman,8,0,0,45.41501554,-120.6827834,41055.0,449.438202247191,0.0,8,8,0,0,8,8,1708,0,0,0,0,0
2020-07-20,US,Oregon,Tillamook,23,0,0,45.46248721,-123.712066,41057.0,85.07175617694925,0.0,23,23,0,0,23,23,26787,0,0,0,0,0
2020-07-20,US,Oregon,Umatilla,1381,9,0,45.59073056,-118.7353826,41059.0,1771.6484926234766,0.6517016654598118,1372,1340,9,0,1331,1262,77516,41,0,0,41,78
2020-07-20,US,Oregon,Union,383,2,0,45.30915495,-118.0068979,41061.0,1427.240544065586,0.5221932114882507,381,383,2,0,381,383,26461,0,0,0,0,0
2020-07-20,US,Oregon,Wallowa,18,1,0,45.57894064,-117.18353799999998,41063.0,249.7225305216426,5.5555555555555545,17,18,1,0,17,17,7081,0,0,0,0,1
2020-07-20,US,Oregon,Wasco,130,3,0,45.16292781,-121.1670954,41065.0,487.21984858706236,2.3076923076923075,127,130,3,0,127,129,26505,0,0,0,0,1
2020-07-20,US,Oregon,Washington,2246,21,0,45.55972701,-123.0955257,41067.0,373.3427306214178,0.9349955476402492,2225,2208,21,0,2187,2151,597695,38,0,0,38,57
2020-07-20,US,Oregon,Yamhill,241,9,0,45.23330449,-123.3086963,41071.0,225.0233426704015,3.734439834024896,232,235,9,0,226,229,107002,6,0,0,6,6
2020-07-20,US,Pennsylvania,Adams,414,15,0,39.87140411,-77.21610347,42001.0,401.9066295178092,3.6231884057971016,399,413,15,0,398,412,102811,1,0,0,1,1
2020-07-20,US,Pennsylvania,Allegheny,6435,208,0,40.46809875,-79.98167747,42003.0,529.1744960096049,3.2323232323232323,6227,6263,205,0,6058,6125,1218452,172,3,0,169,138
2020-07-20,US,Pennsylvania,Armstrong,119,6,0,40.81665618,-79.46290811,42005.0,183.82636904302154,5.042016806722689,113,114,6,0,108,97,65263,5,0,0,5,17
2020-07-20,US,Pennsylvania,Beaver,968,81,0,40.6825484,-80.34921611,42007.0,590.4995455349573,8.367768595041323,887,958,81,0,877,949,164742,10,0,0,10,9
2020-07-20,US,Pennsylvania,Bedford,105,4,0,40.00522157,-78.48998442,42009.0,219.26161042432344,3.809523809523809,101,105,4,0,101,100,48176,0,0,0,0,5
2020-07-20,US,Pennsylvania,Berks,4845,360,0,40.41570541,-75.92457766,42011.0,1150.383223637348,7.4303405572755405,4485,4821,360,0,4461,4798,420152,24,0,0,24,23
2020-07-20,US,Pennsylvania,Blair,142,1,0,40.47961444,-78.34917412,42013.0,116.55681323822736,0.7042253521126759,141,135,1,0,134,129,122492,7,0,0,7,6
2020-07-20,US,Pennsylvania,Bradford,67,3,0,41.78869215,-76.51570822,42015.0,111.06874658090612,4.477611940298506,64,64,3,0,61,62,60833,3,0,0,3,2
2020-07-20,US,Pennsylvania,Bucks,6387,573,0,40.33682119,-75.10836643,42017.0,1016.6011428207618,8.971348050728041,5814,6353,573,0,5780,6320,628195,34,0,0,34,33
2020-07-20,US,Pennsylvania,Butler,481,13,0,40.91152759,-79.91351055,42019.0,256.0512741345627,2.702702702702702,468,479,13,0,466,474,187888,2,0,0,2,5
2020-07-20,US,Pennsylvania,Cambria,172,3,0,40.49527404,-78.71377428,42021.0,132.1125722010569,1.7441860465116281,169,167,3,0,164,164,131730,5,0,0,5,3
2020-07-20,US,Pennsylvania,Cameron,5,0,0,41.43625568,-78.20376845,42023.0,112.4353496739375,0.0,5,5,0,0,5,5,4492,0,0,0,0,0
2020-07-20,US,Pennsylvania,Carbon,324,28,0,40.91545395,-75.7068525,42025.0,504.8144339534449,8.641975308641975,296,321,28,0,293,319,64227,3,0,0,3,2
2020-07-20,US,Pennsylvania,Centre,288,9,0,40.92058903,-77.82200624,42027.0,177.35628290790402,3.125,279,279,9,0,270,277,162805,9,0,0,9,2
2020-07-20,US,Pennsylvania,Chester,4326,334,0,39.97291773,-75.74768357,42029.0,824.0172651236502,7.720758206195098,3992,4295,334,0,3961,4245,522046,31,0,0,31,50
2020-07-20,US,Pennsylvania,Clarion,68,2,0,41.19265812,-79.42413524,42031.0,176.90826785993028,2.9411764705882355,66,67,2,0,65,68,38779,1,0,0,1,-1
2020-07-20,US,Pennsylvania,Clearfield,99,0,0,41.00110782,-78.47592663,42033.0,124.91325468424705,0.0,99,99,0,0,99,99,79388,0,0,0,0,0
2020-07-20,US,Pennsylvania,Clinton,104,5,0,41.23255967,-77.63785995,42035.0,269.2068751294264,4.807692307692308,99,103,5,0,98,103,38684,1,0,0,1,0
2020-07-20,US,Pennsylvania,Columbia,433,35,0,41.04821986,-76.40565017,42037.0,666.5229973523798,8.083140877598153,398,430,35,0,395,428,65456,3,0,0,3,2
2020-07-20,US,Pennsylvania,Crawford,109,1,0,41.68447709,-80.10760592,42039.0,128.79745713644257,0.9174311926605504,108,107,1,0,106,107,85063,2,0,0,2,0
2020-07-20,US,Pennsylvania,Cumberland,1024,68,0,40.1625372,-77.26130755,42041.0,404.15203062714613,6.640625,956,1016,68,0,948,1008,251423,8,0,0,8,8
2020-07-20,US,Pennsylvania,Dauphin,2420,150,0,40.41377078,-76.77993242,42043.0,869.5683419631404,6.198347107438017,2270,2404,150,0,2254,2400,277097,16,0,0,16,4
2020-07-20,US,Pennsylvania,Delaware,7903,674,0,39.91680171,-75.40243663,42045.0,1394.449375117998,8.528406934075669,7229,7863,674,0,7189,7815,564751,40,0,0,40,48
2020-07-20,US,Pennsylvania,Elk,37,2,0,41.42822061,-78.64524744,42047.0,123.7044466733534,5.405405405405406,35,37,2,0,35,35,30169,0,0,0,0,2
2020-07-20,US,Pennsylvania,Erie,787,13,0,41.99253829,-80.03301954,42049.0,291.77541819907464,1.6518424396442186,774,781,13,0,768,769,272061,6,0,0,6,12
2020-07-20,US,Pennsylvania,Fayette,272,4,0,39.92041012,-79.64291195,42051.0,210.405804724848,1.4705882352941178,268,262,4,0,258,255,130441,10,0,0,10,7
2020-07-20,US,Pennsylvania,Forest,7,0,0,41.51095103,-79.23229292,42053.0,96.59169311439214,0.0,7,7,0,0,7,7,7279,0,0,0,0,0
2020-07-20,US,Pennsylvania,Franklin,1074,46,0,39.92956518,-77.72157791,42055.0,692.7825475562323,4.283054003724395,1028,1061,46,0,1015,1052,154835,13,0,0,13,9
2020-07-20,US,Pennsylvania,Fulton,19,1,0,39.92913544,-78.11163677,42057.0,130.76393668272544,5.2631578947368425,18,19,1,0,18,19,14523,0,0,0,0,0
2020-07-20,US,Pennsylvania,Greene,87,0,0,39.85746531,-80.22357106,42059.0,240.1126045317804,0.0,87,84,0,0,84,80,36506,3,0,0,3,4
2020-07-20,US,Pennsylvania,Huntingdon,269,4,0,40.42162652,-77.97673273,42061.0,595.8709906078327,1.4869888475836432,265,267,4,0,263,267,45168,2,0,0,2,0
2020-07-20,US,Pennsylvania,Indiana,180,6,0,40.65241041,-79.08963285,42063.0,214.0996514933451,3.333333333333333,174,179,6,0,173,178,84501,1,0,0,1,1
2020-07-20,US,Pennsylvania,Jefferson,47,1,0,41.12913106,-78.9986361,42065.0,108.23258491652271,2.127659574468085,46,47,1,0,46,46,43641,0,0,0,0,1
2020-07-20,US,Pennsylvania,Juniata,120,6,0,40.53358749,-77.39975129999998,42067.0,484.5939506521827,5.0,114,118,6,0,112,117,24704,2,0,0,2,1
2020-07-20,US,Pennsylvania,Lackawanna,1808,212,0,41.43564672,-75.60379201,42069.0,862.290985052987,11.72566371681416,1596,1805,212,0,1593,1796,210793,3,0,0,3,9
2020-07-20,US,Pennsylvania,Lancaster,5084,392,0,40.03904563,-76.24770128,42071.0,931.6064530788457,7.710464201416207,4692,5052,392,0,4660,5019,543557,32,0,0,32,33
2020-07-20,US,Pennsylvania,Lawrence,235,9,0,40.99206278,-80.33393706,42073.0,274.81523061090843,3.8297872340425534,226,226,9,0,217,225,86184,9,0,0,9,1
2020-07-20,US,Pennsylvania,Lebanon,1500,51,0,40.36680311,-76.45651841,42075.0,1057.8801492316265,3.4,1449,1498,51,0,1447,1489,141314,2,0,0,2,9
2020-07-20,US,Pennsylvania,Lehigh,4564,332,0,40.6154815,-75.59435245,42077.0,1235.7913776203704,7.2743207712532865,4232,4546,332,0,4214,4541,368100,18,0,0,18,5
2020-07-20,US,Pennsylvania,Luzerne,3071,181,0,41.17823008,-75.98447579,42079.0,967.4970149676924,5.893845652881797,2890,3068,181,0,2887,3062,317646,3,0,0,3,6
2020-07-20,US,Pennsylvania,Lycoming,274,20,0,41.34310539,-77.06629984,42081.0,241.83796856106412,7.299270072992702,254,268,20,0,248,264,113664,6,0,0,6,4
2020-07-20,US,Pennsylvania,McKean,25,1,0,41.80938602,-78.56478358,42083.0,61.53846153846154,4.0,24,25,1,0,24,25,40968,0,0,0,0,0
2020-07-20,US,Pennsylvania,Mercer,245,8,0,41.30248872,-80.25816981,42085.0,223.899692937564,3.26530612244898,237,231,8,0,223,223,110683,14,0,0,14,8
2020-07-20,US,Pennsylvania,Mifflin,82,1,0,40.61116939,-77.61070738,42087.0,177.7276865057003,1.2195121951219512,81,81,1,0,80,81,46222,1,0,0,1,0
2020-07-20,US,Pennsylvania,Monroe,1503,117,0,41.05934058,-75.34031025,42089.0,882.7105026692743,7.7844311377245505,1386,1499,117,0,1382,1494,169507,4,0,0,4,5
2020-07-20,US,Pennsylvania,Montgomery,9182,837,0,40.21053671,-75.36652296,42091.0,1105.046845946938,9.115661076018297,8345,9148,837,0,8311,9091,828604,34,0,0,34,57
2020-07-20,US,Pennsylvania,Montour,86,2,0,41.03023987,-76.66345939,42093.0,471.74986286341203,2.3255813953488373,84,84,2,0,82,84,18240,2,0,0,2,0
2020-07-20,US,Pennsylvania,Northampton,3649,285,0,40.75182733,-75.30471829,42095.0,1195.2765448679104,7.810359002466428,3364,3643,285,0,3358,3631,304807,6,0,0,6,12
2020-07-20,US,Pennsylvania,Northumberland,364,11,0,40.84785433,-76.70798222,42097.0,400.69130257697344,3.021978021978022,353,363,11,0,352,361,91083,1,0,0,1,2
2020-07-20,US,Pennsylvania,Perry,96,5,0,40.40206612,-77.26297447,42099.0,207.46887966804985,5.208333333333333,91,96,5,0,91,96,46139,0,0,0,0,0
2020-07-20,US,Pennsylvania,Philadelphia,23925,1658,0,40.00338507,-75.1379271,42101.0,1510.3556421962744,6.929989550679205,22267,28196,1665,0,26531,28196,1584138,-4271,-7,0,-4264,0
2020-07-20,US,Pennsylvania,Pike,514,21,0,41.33155042,-75.03208106,42103.0,920.9984052751347,4.085603112840467,493,513,21,0,492,511,55933,1,0,0,1,2
2020-07-20,US,Pennsylvania,Potter,19,0,0,41.74471626,-77.89559864,42105.0,114.97034975190607,0.0,19,19,0,0,19,19,16622,0,0,0,0,0
2020-07-20,US,Pennsylvania,Schuylkill,824,48,0,40.70497338,-76.2150785,42107.0,582.9130087224726,5.825242718446603,776,818,48,0,770,813,142067,6,0,0,6,5
2020-07-20,US,Pennsylvania,Snyder,81,2,0,40.77129231,-77.06840691,42109.0,200.63410284355493,2.469135802469136,79,79,2,0,77,79,40540,2,0,0,2,0
2020-07-20,US,Pennsylvania,Somerset,94,1,0,39.97172723,-79.02699593,42111.0,127.9834438438602,1.0638297872340423,93,94,1,0,93,92,73952,0,0,0,0,2
2020-07-20,US,Pennsylvania,Sullivan,10,0,0,41.44634738,-76.51246591,42113.0,164.85328058028355,0.0,10,10,0,0,10,10,6071,0,0,0,0,0
2020-07-20,US,Pennsylvania,Susquehanna,195,26,0,41.82147784,-75.80071959,42115.0,483.53501289426697,13.333333333333336,169,195,26,0,169,195,40589,0,0,0,0,0
2020-07-20,US,Pennsylvania,Tioga,32,2,0,41.77255149,-77.25433032,42117.0,78.83520977556601,6.25,30,32,2,0,30,32,40763,0,0,0,0,0
2020-07-20,US,Pennsylvania,Union,114,2,0,40.96188846,-77.05996014,42119.0,253.76755782116055,1.7543859649122806,112,111,2,0,109,110,44785,3,0,0,3,1
2020-07-20,US,Pennsylvania,Venango,51,0,0,41.40323442,-79.75845449,42121.0,100.6552459145812,0.0,51,51,0,0,51,51,51266,0,0,0,0,0
2020-07-20,US,Pennsylvania,Warren,13,1,0,41.81304978,-79.26969577,42123.0,33.170881069633325,7.6923076923076925,12,13,1,0,12,12,39498,0,0,0,0,1
2020-07-20,US,Pennsylvania,Washington,580,10,0,40.19208869,-80.24582867,42125.0,280.37609068716307,1.7241379310344829,570,559,10,0,549,540,207346,21,0,0,21,19
2020-07-20,US,Pennsylvania,Wayne,149,8,0,41.64938475,-75.29956506,42127.0,290.1033858375032,5.369127516778524,141,148,8,0,140,148,51276,1,0,0,1,0
2020-07-20,US,Pennsylvania,Westmoreland,1174,40,0,40.31377979999999,-79.46615476,42129.0,336.48706359146917,3.4071550255536627,1134,1153,40,0,1113,1135,350611,21,0,0,21,18
2020-07-20,US,Pennsylvania,Wyoming,52,7,0,41.51955538,-76.01074915,42131.0,194.0732999925356,13.461538461538463,45,52,7,0,45,51,27046,0,0,0,0,1
2020-07-20,US,Pennsylvania,York,2006,72,0,39.9210089,-76.73040131,42133.0,446.71289677502676,3.589232303090728,1934,1985,72,0,1913,1975,448273,21,0,0,21,10
2020-07-20,US,Puerto Rico,Adjuntas,72,0,0,18.180117000000006,-66.754367,72001.0,369.5529435918492,0.0,72,72,0,0,72,68,,0,0,0,0,4
2020-07-20,US,Puerto Rico,Aguada,71,0,0,18.360255,-67.17513100000001,72003.0,169.21280297433208,0.0,71,70,0,0,70,67,,1,0,0,1,3
2020-07-20,US,Puerto Rico,Aguadilla,112,0,0,18.459681,-67.12081500000001,72005.0,183.7601929482026,0.0,112,110,0,0,110,102,,2,0,0,2,8
2020-07-20,US,Puerto Rico,Aguas Buenas,81,0,0,18.251619,-66.126806,72007.0,282.6337276248299,0.0,81,80,0,0,80,77,,1,0,0,1,3
2020-07-20,US,Puerto Rico,Aibonito,60,0,0,18.131361,-66.264131,72009.0,231.66023166023172,0.0,60,56,0,0,56,55,,4,0,0,4,1
2020-07-20,US,Puerto Rico,Anasco,89,0,0,18.287985,-67.120611,72011.0,304.15911964731214,0.0,89,88,0,0,88,85,,1,0,0,1,3
2020-07-20,US,Puerto Rico,Arecibo,186,0,0,18.406631,-66.675077,72013.0,192.86603069265863,0.0,186,182,0,0,182,174,,4,0,0,4,8
2020-07-20,US,Puerto Rico,Arroyo,65,0,0,17.998457000000005,-66.056546,72015.0,332.05619412515966,0.0,65,63,0,0,63,63,,2,0,0,2,0
2020-07-20,US,Puerto Rico,Barceloneta,38,0,0,18.445533,-66.56053100000001,72017.0,153.1270148291425,0.0,38,36,0,0,36,34,,2,0,0,2,2
2020-07-20,US,Puerto Rico,Barranquitas,131,0,0,18.201592,-66.30963,72019.0,432.08654924467317,0.0,131,129,0,0,129,119,,2,0,0,2,10
2020-07-20,US,Puerto Rico,Bayamon,758,0,0,18.34946,-66.168435,72021.0,364.21995425628023,0.0,758,727,0,0,727,697,,31,0,0,31,30
2020-07-20,US,Puerto Rico,Cabo Rojo,135,0,0,18.040993,-67.154391,72023.0,265.1373804426812,0.0,135,130,0,0,130,127,,5,0,0,5,3
2020-07-20,US,Puerto Rico,Caguas,415,0,0,18.211615,-66.050779,72025.0,290.4271027971979,0.0,415,403,0,0,403,379,,12,0,0,12,24
2020-07-20,US,Puerto Rico,Camuy,69,0,0,18.418578,-66.860206,72027.0,196.251315452658,0.0,69,68,0,0,68,65,,1,0,0,1,3
2020-07-20,US,Puerto Rico,Canovanas,219,0,0,18.328802,-65.887612,72029.0,459.6205507051712,0.0,219,213,0,0,213,205,,6,0,0,6,8
2020-07-20,US,Puerto Rico,Carolina,614,0,0,18.374986,-65.95683100000001,72031.0,347.3597266380783,0.0,614,583,0,0,583,544,,31,0,0,31,39
2020-07-20,US,Puerto Rico,Catano,96,0,0,18.437269,-66.14330600000001,72033.0,341.1513859275053,0.0,96,94,0,0,94,82,,2,0,0,2,12
2020-07-20,US,Puerto Rico,Cayey,136,0,0,18.102851,-66.14914,72035.0,282.6326399135477,0.0,136,135,0,0,135,131,,1,0,0,1,4
2020-07-20,US,Puerto Rico,Ceiba,40,0,0,18.251818,-65.666416,72037.0,293.4487565108942,0.0,40,40,0,0,40,40,,0,0,0,0,0
2020-07-20,US,Puerto Rico,Ciales,81,0,0,18.28885,-66.516475,72039.0,431.26397614737516,0.0,81,78,0,0,78,76,,3,0,0,3,2
2020-07-20,US,Puerto Rico,Cidra,100,0,0,18.173559,-66.161179,72041.0,229.99080036798526,0.0,100,99,0,0,99,96,,1,0,0,1,3
2020-07-20,US,Puerto Rico,Coamo,67,0,0,18.097597,-66.36014,72043.0,165.38309636650868,0.0,67,65,0,0,65,61,,2,0,0,2,4
2020-07-20,US,Puerto Rico,Comerio,84,0,0,18.224687,-66.221622,72045.0,404.2737510828761,0.0,84,82,0,0,82,76,,2,0,0,2,6
2020-07-20,US,Puerto Rico,Corozal,84,0,0,18.304264,-66.327738,72047.0,226.1590652091972,0.0,84,77,0,0,77,71,,7,0,0,7,6
2020-07-20,US,Puerto Rico,Culebra,11,0,0,18.31586,-65.28813000000001,72049.0,605.0605060506051,0.0,11,11,0,0,11,10,,0,0,0,0,1
2020-07-20,US,Puerto Rico,Dorado,181,0,0,18.436115,-66.278669,72051.0,474.2565177518669,0.0,181,173,0,0,173,168,,8,0,0,8,5
2020-07-20,US,Puerto Rico,Fajardo,128,0,0,18.318373,-65.666866,72053.0,346.0114075635932,0.0,128,124,0,0,124,117,,4,0,0,4,7
2020-07-20,US,Puerto Rico,Florida,64,0,0,18.373715,-66.560488,72054.0,504.73186119873816,0.0,64,64,0,0,64,61,,0,0,0,0,3
2020-07-20,US,Puerto Rico,Guanica,50,0,0,17.982429,-66.91964300000001,72055.0,257.3737581716168,0.0,50,49,0,0,49,48,,1,0,0,1,1
2020-07-20,US,Puerto Rico,Guayama,101,0,0,18.007516,-66.13390799999999,72057.0,222.6533221639257,0.0,101,98,0,0,98,95,,3,0,0,3,3
2020-07-20,US,Puerto Rico,Guayanilla,91,0,0,18.039942,-66.79186,72059.0,421.6672072656504,0.0,91,89,0,0,89,89,,2,0,0,2,0
2020-07-20,US,Puerto Rico,Guaynabo,542,0,0,18.345114,-66.11452299999999,72061.0,553.4904619909317,0.0,542,534,0,0,534,510,,8,0,0,8,24
2020-07-20,US,Puerto Rico,Gurabo,152,0,0,18.266461,-65.97970500000001,72063.0,335.0305274526658,0.0,152,147,0,0,147,142,,5,0,0,5,5
2020-07-20,US,Puerto Rico,Hatillo,62,0,0,18.410928,-66.79632600000001,72065.0,147.78442542845562,0.0,62,59,0,0,59,59,,3,0,0,3,0
2020-07-20,US,Puerto Rico,Hormigueros,63,0,0,18.134532,-67.113972,72067.0,365.2173913043478,0.0,63,61,0,0,61,57,,2,0,0,2,4
2020-07-20,US,Puerto Rico,Humacao,121,0,0,18.145211,-65.810174,72069.0,206.9578900557589,0.0,121,121,0,0,121,119,,0,0,0,0,2
2020-07-20,US,Puerto Rico,Isabela,80,0,0,18.44981,-67.005093,72071.0,175.3194100501852,0.0,80,80,0,0,80,74,,0,0,0,0,6
2020-07-20,US,Puerto Rico,Jayuya,168,0,0,18.211446,-66.58878,72073.0,1009.4940511957698,0.0,168,164,0,0,164,161,,4,0,0,4,3
2020-07-20,US,Puerto Rico,Juana Diaz,133,0,0,18.050764,-66.49458100000001,72075.0,166.46432281562508,0.0,133,131,0,0,131,123,,2,0,0,2,8
2020-07-20,US,Puerto Rico,Juncos,71,0,0,18.223793,-65.909109,72077.0,176.22238768925288,0.0,71,69,0,0,69,66,,2,0,0,2,3
2020-07-20,US,Puerto Rico,Lajas,60,0,0,18.011661,-67.040585,72079.0,232.9825651380421,0.0,60,57,0,0,57,57,,3,0,0,3,0
2020-07-20,US,Puerto Rico,Lares,102,0,0,18.269035,-66.867236,72081.0,331.6749585406302,0.0,102,101,0,0,101,100,,1,0,0,1,1
2020-07-20,US,Puerto Rico,Las Marias,34,0,0,18.23679,-66.98362,72083.0,344.0947272543265,0.0,34,33,0,0,33,32,,1,0,0,1,1
2020-07-20,US,Puerto Rico,Las Piedras,106,0,0,18.187527,-65.86946800000001,72085.0,274.0788623141564,0.0,106,103,0,0,103,101,,3,0,0,3,2
2020-07-20,US,Puerto Rico,Loiza,64,0,0,18.425688,-65.89943000000001,72087.0,212.90751829673985,0.0,64,63,0,0,63,61,,1,0,0,1,2
2020-07-20,US,Puerto Rico,Luquillo,72,0,0,18.342114,-65.72509699999999,72089.0,358.7801474985051,0.0,72,72,0,0,72,67,,0,0,0,0,5
2020-07-20,US,Puerto Rico,Manati,84,0,0,18.420473,-66.490461,72091.0,190.42005757939842,0.0,84,81,0,0,81,75,,3,0,0,3,6
2020-07-20,US,Puerto Rico,Maricao,36,0,0,18.171795,-66.942126,72093.0,573.6137667304015,0.0,36,36,0,0,36,35,,0,0,0,0,1
2020-07-20,US,Puerto Rico,Maunabo,36,0,0,18.017889,-65.922235,72095.0,294.47852760736197,0.0,36,34,0,0,34,33,,2,0,0,2,1
2020-07-20,US,Puerto Rico,Mayaguez,318,0,0,18.2013,-67.1452,72097.0,356.9824876515492,0.0,318,304,0,0,304,291,,14,0,0,14,13
2020-07-20,US,Puerto Rico,Moca,94,0,0,18.377805,-67.080952,72099.0,234.36136527961307,0.0,94,93,0,0,93,87,,1,0,0,1,6
2020-07-20,US,Puerto Rico,Morovis,120,0,0,18.316963,-66.420383,72101.0,367.98528058877645,0.0,120,117,0,0,117,108,,3,0,0,3,9
2020-07-20,US,Puerto Rico,Naguabo,61,0,0,18.230637,-65.753897,72103.0,228.29341317365268,0.0,61,61,0,0,61,58,,0,0,0,0,3
2020-07-20,US,Puerto Rico,Naranjito,116,0,0,18.288019,-66.252703,72105.0,381.5538451417669,0.0,116,113,0,0,113,103,,3,0,0,3,10
2020-07-20,US,Puerto Rico,Orocovis,116,0,0,18.215046,-66.433604,72107.0,495.239721641122,0.0,116,113,0,0,113,103,,3,0,0,3,10
2020-07-20,US,Puerto Rico,Out of PR,466,0,0,0.0,0.0,72888.0,0.0,0.0,466,466,0,0,466,431,,0,0,0,0,35
2020-07-20,US,Puerto Rico,Patillas,70,0,0,18.03174,-66.012242,72109.0,363.12704258961463,0.0,70,70,0,0,70,70,,0,0,0,0,0
2020-07-20,US,Puerto Rico,Penuelas,45,0,0,18.059645,-66.721572,72111.0,185.32246108228318,0.0,45,40,0,0,40,39,,5,0,0,5,1
2020-07-20,US,Puerto Rico,Ponce,315,0,0,18.059498,-66.613748,72113.0,189.38596860401498,0.0,315,310,0,0,310,302,,5,0,0,5,8
2020-07-20,US,Puerto Rico,Quebradillas,52,0,0,18.439692,-66.926113,72115.0,200.62502411358463,0.0,52,51,0,0,51,50,,1,0,0,1,1
2020-07-20,US,Puerto Rico,Rincon,60,0,0,18.335443,-67.23174,72117.0,394.73684210526324,0.0,60,60,0,0,60,56,,0,0,0,0,4
2020-07-20,US,Puerto Rico,Rio Grande,168,0,0,18.346329,-65.813742,72119.0,309.3694755450795,0.0,168,163,0,0,163,160,,5,0,0,5,3
2020-07-20,US,Puerto Rico,Sabana Grande,92,0,0,18.08282,-66.943758,72121.0,364.14011478329707,0.0,92,91,0,0,91,87,,1,0,0,1,4
2020-07-20,US,Puerto Rico,Salinas,123,0,0,18.010386999999994,-66.256592,72123.0,395.77836411609496,0.0,123,122,0,0,122,120,,1,0,0,1,2
2020-07-20,US,Puerto Rico,San German,111,0,0,18.111484,-67.03858100000001,72125.0,312.43842711177416,0.0,111,107,0,0,107,102,,4,0,0,4,5
2020-07-20,US,Puerto Rico,San Juan,1625,0,0,18.386933,-66.061128,72127.0,411.0531561293717,0.0,1625,1569,0,0,1569,1472,,56,0,0,56,97
2020-07-20,US,Puerto Rico,San Lorenzo,93,0,0,18.147987,-65.976392,72129.0,226.50884115154167,0.0,93,87,0,0,87,82,,6,0,0,6,5
2020-07-20,US,Puerto Rico,San Sebastian,135,0,0,18.328646,-66.971214,72131.0,318.17110534998824,0.0,135,129,0,0,129,123,,6,0,0,6,6
2020-07-20,US,Puerto Rico,Santa Isabel,71,0,0,17.994525,-66.388913,72133.0,305.06144195239324,0.0,71,70,0,0,70,67,,1,0,0,1,3
2020-07-20,US,Puerto Rico,Toa Alta,279,0,0,18.362406,-66.246616,72135.0,376.69105932546654,0.0,279,267,0,0,267,246,,12,0,0,12,21
2020-07-20,US,Puerto Rico,Toa Baja,276,0,0,18.431446,-66.213553,72137.0,308.0047763059514,0.0,276,266,0,0,266,254,,10,0,0,10,12
2020-07-20,US,Puerto Rico,Trujillo Alto,263,0,0,18.336159,-65.99888399999999,72139.0,351.4069640041688,0.0,263,258,0,0,258,251,,5,0,0,5,7
2020-07-20,US,Puerto Rico,Unassigned,324,180,0,0.0,0.0,72999.0,0.0,55.555555555555564,144,276,178,0,98,238,,48,2,0,46,38
2020-07-20,US,Puerto Rico,Utuado,41,0,0,18.271214,-66.702984,72141.0,123.68397236719058,0.0,41,39,0,0,39,39,,2,0,0,2,0
2020-07-20,US,Puerto Rico,Vega Alta,124,0,0,18.409346,-66.33725,72143.0,310.3802157643113,0.0,124,117,0,0,117,115,,7,0,0,7,2
2020-07-20,US,Puerto Rico,Vega Baja,191,0,0,18.428262,-66.397924,72145.0,320.1367704736683,0.0,191,181,0,0,181,167,,10,0,0,10,14
2020-07-20,US,Puerto Rico,Vieques,28,0,0,18.123276,-65.44097099999999,72147.0,301.0428986130524,0.0,28,27,0,0,27,27,,1,0,0,1,0
2020-07-20,US,Puerto Rico,Villalba,64,0,0,18.127951,-66.473115,72149.0,245.4646569247881,0.0,64,63,0,0,63,61,,1,0,0,1,2
2020-07-20,US,Puerto Rico,Yabucoa,60,0,0,18.070399,-65.896289,72151.0,158.14027041986242,0.0,60,58,0,0,58,55,,2,0,0,2,3
2020-07-20,US,Puerto Rico,Yauco,145,0,0,18.080374,-66.858814,72153.0,344.8849986918155,0.0,145,141,0,0,141,135,,4,0,0,4,6
2020-07-20,US,Rhode Island,Bristol,283,0,0,41.71018079,-71.28652315,44001.0,583.7579157985932,0.0,283,283,0,0,283,283,48649,0,0,0,0,0
2020-07-20,US,Rhode Island,Kent,1316,0,0,41.67106337,-71.57641596,44003.0,801.0128308134297,0.0,1316,1316,0,0,1316,1316,163861,0,0,0,0,0
2020-07-20,US,Rhode Island,Newport,365,0,0,41.5642026,-71.26569799,44005.0,444.6772739455666,0.0,365,365,0,0,365,365,82542,0,0,0,0,0
2020-07-20,US,Rhode Island,Providence,13674,0,0,41.87064746,-71.57753536,44007.0,2140.1371979133896,0.0,13674,13674,0,0,13674,13674,636084,0,0,0,0,0
2020-07-20,US,Rhode Island,Unassigned,1702,995,0,0.0,0.0,90044.0,0.0,58.46063454759106,707,1591,990,0,601,1591,,111,5,0,106,0
2020-07-20,US,Rhode Island,Washington,564,0,0,41.45961631,-71.61435303,44009.0,449.1268305501804,0.0,564,564,0,0,564,564,126179,0,0,0,0,0
2020-07-20,US,South Carolina,Abbeville,242,2,0,34.22333378,-82.46170658,45001.0,986.6677539038608,0.8264462809917356,240,190,2,0,188,185,24541,52,0,0,52,5
2020-07-20,US,South Carolina,Aiken,1049,15,0,33.54338026,-81.63645384,45003.0,613.9098272391028,1.4299332697807436,1034,1027,15,0,1012,992,169401,22,0,0,22,35
2020-07-20,US,South Carolina,Allendale,125,3,0,32.98837386,-81.35321066,45005.0,1438.7661141804788,2.4,122,122,3,0,119,114,8903,3,0,0,3,8
2020-07-20,US,South Carolina,Anderson,1424,26,0,34.51828081,-82.63959517,45007.0,703.0085210162027,1.8258426966292132,1398,1383,26,0,1357,1351,200482,41,0,0,41,32
2020-07-20,US,South Carolina,Bamberg,311,3,0,33.21927586,-81.05659969,45009.0,2211.0052609128393,0.964630225080386,308,303,3,0,300,261,14275,8,0,0,8,42
2020-07-20,US,South Carolina,Barnwell,214,1,0,33.26679302,-81.43584352,45011.0,1025.5918719447905,0.4672897196261682,213,207,1,0,206,183,21112,7,0,0,7,24
2020-07-20,US,South Carolina,Beaufort,2521,26,0,32.39226291,-80.72619758,45013.0,1312.1870478133685,1.0313367711225705,2495,2488,26,0,2462,2397,188715,33,0,0,33,91
2020-07-20,US,South Carolina,Berkeley,2989,36,0,33.20222596,-79.94654523,45015.0,1311.499866173483,1.2044161927065908,2953,2954,36,0,2918,2828,221091,35,0,0,35,126
2020-07-20,US,South Carolina,Calhoun,226,2,0,33.66926881,-80.77722168,45017.0,1552.9444100872672,0.8849557522123894,224,218,2,0,216,203,14520,8,0,0,8,15
2020-07-20,US,South Carolina,Charleston,9623,88,0,32.82487866,-79.96512315,45019.0,2339.0519340991627,0.9144757352177076,9535,9437,87,0,9350,9098,405905,186,1,0,185,339
2020-07-20,US,South Carolina,Cherokee,347,10,0,35.05122251,-81.61828622,45021.0,605.5846422338569,2.8818443804034577,337,330,10,0,320,314,57078,17,0,0,17,16
2020-07-20,US,South Carolina,Chester,368,6,0,34.69249168,-81.1583216,45023.0,1141.2976057561098,1.6304347826086956,362,358,6,0,352,347,32251,10,0,0,10,11
2020-07-20,US,South Carolina,Chesterfield,535,17,0,34.64137396,-80.15640140000002,45025.0,1171.960569550931,3.177570093457944,518,523,17,0,506,498,45754,12,0,0,12,25
2020-07-20,US,South Carolina,Clarendon,579,47,0,33.66610974,-80.21647898,45027.0,1715.8097495925324,8.117443868739205,532,574,47,0,527,552,33700,5,0,0,5,22
2020-07-20,US,South Carolina,Colleton,573,28,0,32.87582989,-80.67641292,45029.0,1520.8217214746396,4.886561954624782,545,568,28,0,540,558,37660,5,0,0,5,10
2020-07-20,US,South Carolina,Darlington,714,20,0,34.33358335,-79.96027485,45031.0,1071.7824011528417,2.8011204481792715,694,693,20,0,673,656,66802,21,0,0,21,37
2020-07-20,US,South Carolina,Dillon,441,18,0,34.39007791,-79.37741872,45033.0,1446.897864103153,4.081632653061225,423,436,18,0,418,426,30599,5,0,0,5,10
2020-07-20,US,South Carolina,Dorchester,2154,13,0,33.0794369,-80.40502652,45035.0,1323.0226830212089,0.6035283194057567,2141,2081,13,0,2068,1930,160647,73,0,0,73,151
2020-07-20,US,South Carolina,Edgefield,171,4,0,33.77221995,-81.96231108,45037.0,627.2927366104183,2.3391812865497075,167,168,4,0,164,157,27052,3,0,0,3,11
2020-07-20,US,South Carolina,Fairfield,438,23,0,34.39287073,-81.1195624,45039.0,1959.9946301516986,5.251141552511416,415,429,23,0,406,422,22402,9,0,0,9,7
2020-07-20,US,South Carolina,Florence,2080,64,0,34.02361754,-79.70189312,45041.0,1504.0529889437646,3.0769230769230766,2016,2004,64,0,1940,1901,138159,76,0,0,76,103
2020-07-20,US,South Carolina,Georgetown,986,11,0,33.43443342,-79.33202141,45043.0,1573.0695596681558,1.1156186612576064,975,966,11,0,955,943,62249,20,0,0,20,23
2020-07-20,US,South Carolina,Greenville,8583,133,0,34.89502264,-82.37295012,45045.0,1639.4100186804494,1.5495747407666318,8450,8408,132,0,8276,8215,514213,175,1,0,174,193
2020-07-20,US,South Carolina,Greenwood,1013,10,0,34.15272415,-82.12715789,45047.0,1430.5686969538626,0.987166831194472,1003,989,10,0,979,968,70741,24,0,0,24,21
2020-07-20,US,South Carolina,Hampton,175,4,0,32.77419582,-81.13845571,45049.0,910.4151493080844,2.2857142857142856,171,172,3,0,169,151,19351,3,1,0,2,21
2020-07-20,US,South Carolina,Horry,6784,87,0,33.9212828,-78.99555293,45051.0,1915.9457864161027,1.2824292452830188,6697,6720,85,0,6635,6566,344147,64,2,0,62,154
2020-07-20,US,South Carolina,Jasper,339,3,0,32.43171982,-81.02487495,45053.0,1127.2570079473282,0.8849557522123894,336,335,3,0,332,326,28971,4,0,0,4,9
2020-07-20,US,South Carolina,Kershaw,1009,19,0,34.33988254,-80.58763164,45055.0,1516.130486393893,1.883052527254708,990,993,19,0,974,956,65592,16,0,0,16,37
2020-07-20,US,South Carolina,Lancaster,775,18,0,34.68270843,-80.70513032,45057.0,790.7195037342366,2.3225806451612905,757,762,18,0,744,738,95380,13,0,0,13,24
2020-07-20,US,South Carolina,Laurens,939,15,0,34.48244419,-82.00490796,45059.0,1391.2553894477944,1.597444089456869,924,920,15,0,905,904,66994,19,0,0,19,16
2020-07-20,US,South Carolina,Lee,393,24,0,34.16393091,-80.25690731,45061.0,2335.3933919657707,6.106870229007634,369,379,24,0,355,372,17142,14,0,0,14,7
2020-07-20,US,South Carolina,Lexington,3653,71,0,33.89665987,-81.27146426,45063.0,1222.7615062761506,1.9436079934300572,3582,3605,71,0,3534,3504,295032,48,0,0,48,101
2020-07-20,US,South Carolina,Marion,398,11,0,34.07859748,-79.36400756,45067.0,1298.2353133052811,2.7638190954773867,387,386,11,0,375,367,31039,12,0,0,12,19
2020-07-20,US,South Carolina,Marlboro,361,4,0,34.59905577,-79.67561152,45069.0,1382.1885289838424,1.10803324099723,357,358,4,0,354,351,26398,3,0,0,3,7
2020-07-20,US,South Carolina,McCormick,79,2,0,33.90161443,-82.30794338,45065.0,834.8303920532602,2.5316455696202533,77,78,2,0,76,73,9410,1,0,0,1,5
2020-07-20,US,South Carolina,Newberry,549,5,0,34.28629098,-81.59935761,45071.0,1428.199791883455,0.9107468123861566,544,537,5,0,532,514,38520,12,0,0,12,23
2020-07-20,US,South Carolina,Oconee,570,2,0,34.75225169,-83.06742317,45073.0,716.5665149724687,0.3508771929824561,568,561,2,0,559,545,78374,9,0,0,9,16
2020-07-20,US,South Carolina,Orangeburg,1595,36,0,33.4391073,-80.79886287,45075.0,1850.8848273861329,2.25705329153605,1559,1565,34,0,1531,1472,86934,30,2,0,28,93
2020-07-20,US,South Carolina,Pickens,1431,14,0,34.88807695,-82.72791551,45077.0,1127.801771696983,0.9783368273934312,1417,1403,14,0,1389,1372,124937,28,0,0,28,31
2020-07-20,US,South Carolina,Richland,6216,109,0,34.01791263,-80.90267209,45079.0,1495.0969191286301,1.7535392535392536,6107,6050,108,0,5942,5930,414576,166,1,0,165,120
2020-07-20,US,South Carolina,Saluda,350,4,0,34.00795823,-81.72713237,45081.0,1709.5687002393397,1.1428571428571428,346,343,4,0,339,332,20544,7,0,0,7,11
2020-07-20,US,South Carolina,Spartanburg,3117,64,0,34.92960077,-81.99225984,45083.0,974.7173882452272,2.053256336220725,3053,3041,63,0,2978,2950,313888,76,1,0,75,91
2020-07-20,US,South Carolina,Sumter,1715,34,0,33.91826534,-80.37942316,45085.0,1606.9939374631049,1.9825072886297377,1681,1707,34,0,1673,1686,106512,8,0,0,8,21
2020-07-20,US,South Carolina,Union,203,0,0,34.68835752,-81.61730349,45087.0,743.1541953433882,0.0,203,198,0,0,198,190,27410,5,0,0,5,8
2020-07-20,US,South Carolina,Williamsburg,650,18,0,33.62190129,-79.72767442,45089.0,2140.410958904109,2.769230769230769,632,627,18,0,609,582,30606,23,0,0,23,45
2020-07-20,US,South Carolina,York,2438,14,0,34.97281497,-81.18085944,45091.0,867.6805028133775,0.5742411812961444,2424,2390,14,0,2376,2232,274118,48,0,0,48,158
2020-07-20,US,South Dakota,Aurora,35,0,0,43.71757685,-98.56050467,46003.0,1272.264631043257,0.0,35,35,0,0,35,35,2801,0,0,0,0,0
2020-07-20,US,South Dakota,Beadle,571,9,0,44.41464384,-98.27858469,46005.0,3094.347802525336,1.5761821366024518,562,571,9,0,562,566,18883,0,0,0,0,5
2020-07-20,US,South Dakota,Bennett,5,0,0,43.19486375,-101.6665572,46007.0,148.5884101040119,0.0,5,5,0,0,5,4,3468,0,0,0,0,1
2020-07-20,US,South Dakota,Bon Homme,13,0,0,42.98914167,-97.88592746,46009.0,188.37849587016373,0.0,13,13,0,0,13,13,6980,0,0,0,0,0
2020-07-20,US,South Dakota,Brookings,104,0,0,44.36974375,-96.79079945,46011.0,296.49057787153976,0.0,104,104,0,0,104,103,35232,0,0,0,0,1
2020-07-20,US,South Dakota,Brown,366,2,0,45.58994323,-98.35165355,46013.0,942.351759829038,0.5464480874316939,364,366,2,0,364,366,39316,0,0,0,0,0
2020-07-20,US,South Dakota,Brule,37,0,0,43.71756379,-99.08118954,46015.0,698.5085897677931,0.0,37,37,0,0,37,37,5229,0,0,0,0,0
2020-07-20,US,South Dakota,Buffalo,104,3,0,44.07657829,-99.20814467,46017.0,5300.713557594291,2.8846153846153846,101,104,3,0,101,99,2036,0,0,0,0,5
2020-07-20,US,South Dakota,Butte,5,1,0,44.90608745,-103.5079318,46019.0,47.94323520951194,20.0,4,5,1,0,4,5,10222,0,0,0,0,0
2020-07-20,US,South Dakota,Campbell,1,0,0,45.77074915,-100.0510181,46021.0,72.67441860465118,0.0,1,1,0,0,1,1,1377,0,0,0,0,0
2020-07-20,US,South Dakota,Charles Mix,98,0,0,43.20660134,-98.58856175,46023.0,1054.6706844597504,0.0,98,98,0,0,98,98,9338,0,0,0,0,0
2020-07-20,US,South Dakota,Clark,16,0,0,44.85834507,-97.72925109,46025.0,428.2655246252677,0.0,16,16,0,0,16,16,3739,0,0,0,0,0
2020-07-20,US,South Dakota,Clay,97,0,0,42.91296147,-96.97656917,46027.0,689.4100923951669,0.0,97,97,0,0,97,95,14041,0,0,0,0,2
2020-07-20,US,South Dakota,Codington,103,0,0,44.97788119,-97.18827677,46029.0,367.73894105466087,0.0,103,103,0,0,103,103,28015,0,0,0,0,0
2020-07-20,US,South Dakota,Corson,22,0,0,45.70889983,-101.1970473,46031.0,538.4238864415075,0.0,22,22,0,0,22,22,4165,0,0,0,0,0
2020-07-20,US,South Dakota,Custer,11,0,0,43.67741105,-103.4534521,46033.0,122.60365581810076,0.0,11,11,0,0,11,11,8726,0,0,0,0,0
2020-07-20,US,South Dakota,Davison,69,0,0,43.67490933,-98.14458906,46035.0,348.92541087231353,0.0,69,67,0,0,67,66,19790,2,0,0,2,1
2020-07-20,US,South Dakota,Day,19,0,0,45.367281,-97.60737498,46037.0,350.29498525073745,0.0,19,19,0,0,19,19,5505,0,0,0,0,0
2020-07-20,US,South Dakota,Deuel,5,0,0,44.75994309,-96.66943645,46039.0,114.91611123879568,0.0,5,5,0,0,5,5,4337,0,0,0,0,0
2020-07-20,US,South Dakota,Dewey,45,0,0,45.15639647,-100.8709139,46041.0,763.7474541751527,0.0,45,45,0,0,45,42,5904,0,0,0,0,3
2020-07-20,US,South Dakota,Douglas,15,0,0,43.38520741,-98.36978007,46043.0,513.5227661759671,0.0,15,14,0,0,14,13,2935,1,0,0,1,1
2020-07-20,US,South Dakota,Edmunds,10,0,0,45.41846445,-99.21545423,46045.0,261.1647949856359,0.0,10,10,0,0,10,10,3875,0,0,0,0,0
2020-07-20,US,South Dakota,Fall River,14,0,0,43.23929297,-103.5275691,46047.0,208.5505735140772,0.0,14,14,0,0,14,14,6758,0,0,0,0,0
2020-07-20,US,South Dakota,Faulk,24,1,0,45.07082625,-99.14535601,46049.0,1043.9321444106133,4.166666666666667,23,24,1,0,23,24,2330,0,0,0,0,0
2020-07-20,US,South Dakota,Grant,17,0,0,45.1723937,-96.77002276,46051.0,241.0663641520136,0.0,17,17,0,0,17,17,7147,0,0,0,0,0
2020-07-20,US,South Dakota,Gregory,6,0,0,43.19419064,-99.18883902,46053.0,143.36917562724008,0.0,6,6,0,0,6,6,4212,0,0,0,0,0
2020-07-20,US,South Dakota,Haakon,1,0,0,44.29299053,-101.539099,46055.0,52.6592943654555,0.0,1,1,0,0,1,1,1918,0,0,0,0,0
2020-07-20,US,South Dakota,Hamlin,13,0,0,44.67385954,-97.18829593,46057.0,210.90201168072682,0.0,13,13,0,0,13,13,6111,0,0,0,0,0
2020-07-20,US,South Dakota,Hand,7,0,0,44.54708407,-99.00386459,46059.0,219.36696960200558,0.0,7,7,0,0,7,7,3262,0,0,0,0,0
2020-07-20,US,South Dakota,Hanson,14,0,0,43.6746384,-97.78715148,46061.0,405.4445409788591,0.0,14,14,0,0,14,14,3376,0,0,0,0,0
2020-07-20,US,South Dakota,Hughes,78,2,0,44.39091534,-99.99661148,46065.0,445.05306401917153,2.5641025641025643,76,78,2,0,76,76,17650,0,0,0,0,2
2020-07-20,US,South Dakota,Hutchinson,21,0,0,43.33449012,-97.75536441,46067.0,288.0263338362365,0.0,21,20,0,0,20,20,7380,1,0,0,1,0
2020-07-20,US,South Dakota,Hyde,3,0,0,44.54747703,-99.48572582,46069.0,230.59185242121444,0.0,3,3,0,0,3,3,1282,0,0,0,0,0
2020-07-20,US,South Dakota,Jackson,7,1,0,43.69318385,-101.6255063,46071.0,209.33014354066987,14.285714285714285,6,7,1,0,6,7,3307,0,0,0,0,0
2020-07-20,US,South Dakota,Jerauld,39,1,0,44.06637798,-98.62965972,46073.0,1937.4068554396426,2.5641025641025643,38,39,1,0,38,39,2043,0,0,0,0,0
2020-07-20,US,South Dakota,Jones,1,0,0,43.96278565,-100.6940008,46075.0,110.74197120708747,0.0,1,1,0,0,1,1,928,0,0,0,0,0
2020-07-20,US,South Dakota,Kingsbury,8,0,0,44.36956169,-97.4913945,46077.0,161.97610852399268,0.0,8,8,0,0,8,8,4919,0,0,0,0,0
2020-07-20,US,South Dakota,Lake,48,1,0,44.02193107,-97.12926365,46079.0,375.08791122919433,2.083333333333333,47,48,1,0,47,49,13057,0,0,0,0,-1
2020-07-20,US,South Dakota,Lawrence,23,0,0,44.35919441,-103.7929428,46081.0,88.9955115307228,0.0,23,22,0,0,22,22,25741,1,0,0,1,0
2020-07-20,US,South Dakota,Lincoln,418,1,0,43.27841182,-96.7203905,46083.0,683.8110195000654,0.23923444976076555,417,413,1,0,412,411,58807,5,0,0,5,2
2020-07-20,US,South Dakota,Lyman,84,1,0,43.89522709,-99.85201878,46085.0,2221.6344882306266,1.1904761904761905,83,84,1,0,83,83,3821,0,0,0,0,1
2020-07-20,US,South Dakota,Marshall,5,0,0,45.75870838,-97.59855639,46091.0,101.31712259371834,0.0,5,5,0,0,5,5,5112,0,0,0,0,0
2020-07-20,US,South Dakota,McCook,21,1,0,43.6742571,-97.36863144,46087.0,375.93984962406023,4.761904761904762,20,21,1,0,20,21,5546,0,0,0,0,0
2020-07-20,US,South Dakota,McPherson,6,0,0,45.76626028,-99.22118798,46089.0,252.20680958385879,0.0,6,6,0,0,6,6,2407,0,0,0,0,0
2020-07-20,US,South Dakota,Meade,58,1,0,44.56676791,-102.7162741,46093.0,204.7155160242835,1.7241379310344829,57,58,1,0,57,58,28294,0,0,0,0,0
2020-07-20,US,South Dakota,Mellette,14,0,0,43.58078848,-100.7563186,46095.0,679.2819019893254,0.0,14,14,0,0,14,13,2042,0,0,0,0,1
2020-07-20,US,South Dakota,Miner,11,0,0,44.02197882,-97.60992207,46097.0,496.38989169675085,0.0,11,10,0,0,10,10,2213,1,0,0,1,0
2020-07-20,US,South Dakota,Minnehaha,3869,62,0,43.67441641,-96.7910885,46099.0,2003.2723394120144,1.6024812613078314,3807,3854,62,0,3792,3846,192876,15,0,0,15,8
2020-07-20,US,South Dakota,Moody,26,0,0,44.02266214,-96.67081159,46101.0,395.37712895377126,0.0,26,26,0,0,26,26,6579,0,0,0,0,0
2020-07-20,US,South Dakota,Oglala Lakota,129,1,0,43.33749164,-102.5555498,46102.0,909.9245256401213,0.7751937984496124,128,127,1,0,126,126,14309,2,0,0,2,1
2020-07-20,US,South Dakota,Pennington,725,23,0,44.0025835,-102.8240777,46103.0,637.2225884421008,3.1724137931034484,702,720,23,0,697,713,111729,5,0,0,5,7
2020-07-20,US,South Dakota,Perkins,4,0,0,45.49049506,-102.4755586,46105.0,139.61605584642234,0.0,4,4,0,0,4,4,2922,0,0,0,0,0
2020-07-20,US,South Dakota,Roberts,62,0,0,45.62975048,-96.94672673,46109.0,596.4979796036175,0.0,62,62,0,0,62,62,10447,0,0,0,0,0
2020-07-20,US,South Dakota,Sanborn,12,0,0,44.02351092,-98.0909816,46111.0,511.9453924914676,0.0,12,12,0,0,12,12,2429,0,0,0,0,0
2020-07-20,US,South Dakota,Spink,16,0,0,44.93837606,-98.34626602,46115.0,250.94102885821832,0.0,16,16,0,0,16,16,6495,0,0,0,0,0
2020-07-20,US,South Dakota,Stanley,14,0,0,44.41381872,-100.7349153,46117.0,451.9044544867656,0.0,14,14,0,0,14,14,3022,0,0,0,0,0
2020-07-20,US,South Dakota,Sully,1,0,0,44.71571812,-100.1278092,46119.0,71.89072609633357,0.0,1,1,0,0,1,1,1392,0,0,0,0,0
2020-07-20,US,South Dakota,Todd,65,3,0,43.19338568,-100.7195503,46121.0,638.6950967868722,4.615384615384615,62,65,3,0,62,65,10283,0,0,0,0,0
2020-07-20,US,South Dakota,Tripp,19,0,0,43.34459388,-99.8854891,46123.0,349.2005146112847,0.0,19,19,0,0,19,19,5478,0,0,0,0,0
2020-07-20,US,South Dakota,Turner,33,0,0,43.3109081,-97.14865776,46125.0,393.6068702290077,0.0,33,33,0,0,33,31,8424,0,0,0,0,2
2020-07-20,US,South Dakota,Union,164,2,0,42.83112163,-96.6557828,46127.0,1029.374843083103,1.2195121951219512,162,161,2,0,159,159,15619,3,0,0,3,2
2020-07-20,US,South Dakota,Walworth,18,0,0,45.43019636,-100.0307514,46129.0,331.1867525298988,0.0,18,18,0,0,18,18,5587,0,0,0,0,0
2020-07-20,US,South Dakota,Yankton,91,2,0,43.00924485,-97.39467635,46135.0,398.8778820022793,2.1978021978021984,89,90,2,0,88,90,22869,1,0,0,1,0
2020-07-20,US,South Dakota,Ziebach,3,0,0,44.97881876,-101.6654622,46137.0,108.8534107402032,0.0,3,3,0,0,3,3,2742,0,0,0,0,0
2020-07-20,US,Tennessee,Anderson,300,3,0,36.12684348,-84.19965764,47001.0,389.7217386785835,1.0,297,289,2,0,287,277,76482,11,1,0,10,12
2020-07-20,US,Tennessee,Bedford,688,10,0,35.51123746,-86.45549096,47003.0,1383.9438376279845,1.4534883720930232,678,679,10,0,669,673,49038,9,0,0,9,6
2020-07-20,US,Tennessee,Benton,30,1,0,36.07110411,-88.06849355,47005.0,185.64356435643563,3.333333333333333,29,28,1,0,27,26,16184,2,0,0,2,2
2020-07-20,US,Tennessee,Bledsoe,641,1,0,35.59942968,-85.20611967,47007.0,4255.177907594264,0.15600624024961,640,642,1,0,641,639,14755,-1,0,0,-1,3
2020-07-20,US,Tennessee,Blount,538,7,0,35.68938198,-83.92847788,47009.0,404.2438086078385,1.3011152416356877,531,518,6,0,512,509,131349,20,1,0,19,9
2020-07-20,US,Tennessee,Bradley,1239,7,0,35.15739424,-84.857186,47011.0,1146.0549440384793,0.5649717514124294,1232,1205,7,0,1198,1177,106727,34,0,0,34,28
2020-07-20,US,Tennessee,Campbell,100,1,0,36.40355516,-84.15108559999999,47013.0,250.9914160935696,1.0,99,96,1,0,95,92,39583,4,0,0,4,4
2020-07-20,US,Tennessee,Cannon,71,0,0,35.80990797,-86.05738983,47015.0,483.71712767407007,0.0,71,70,0,0,70,69,14462,1,0,0,1,1
2020-07-20,US,Tennessee,Carroll,80,2,0,35.97366108,-88.45189331,47017.0,288.11178737350093,2.5,78,77,2,0,75,73,28020,3,0,0,3,4
2020-07-20,US,Tennessee,Carter,205,2,0,36.28969086,-82.12588974,47019.0,363.5331879200581,0.975609756097561,203,179,2,0,177,162,56351,26,0,0,26,17
2020-07-20,US,Tennessee,Cheatham,371,4,0,36.26136216,-87.08903581,47021.0,912.2876041999657,1.0781671159029649,367,364,4,0,360,358,40439,7,0,0,7,6
2020-07-20,US,Tennessee,Chester,120,0,0,35.42527478,-88.6095842,47023.0,693.7619240330692,0.0,120,115,0,0,115,110,17276,5,0,0,5,5
2020-07-20,US,Tennessee,Claiborne,118,0,0,36.48319149,-83.65947309,47025.0,369.22306705466383,0.0,118,113,0,0,113,110,31756,5,0,0,5,3
2020-07-20,US,Tennessee,Clay,34,0,0,36.55151008,-85.53930419,47027.0,446.48719632304665,0.0,34,33,0,0,33,33,7717,1,0,0,1,0
2020-07-20,US,Tennessee,Cocke,217,1,0,35.9278914,-83.11828725,47029.0,602.71080991001,0.4608294930875576,216,210,1,0,209,202,35774,7,0,0,7,8
2020-07-20,US,Tennessee,Coffee,205,0,0,35.49090731,-86.07311784,47031.0,362.70346779900916,0.0,205,190,0,0,190,182,55700,15,0,0,15,8
2020-07-20,US,Tennessee,Crockett,105,3,0,35.81830662,-89.14916269,47033.0,737.8777231201686,2.8571428571428568,102,98,3,0,95,93,14328,7,0,0,7,5
2020-07-20,US,Tennessee,Cumberland,255,6,0,35.95271721,-84.99840585,47035.0,421.3483146067416,2.3529411764705883,249,253,6,0,247,252,59673,2,0,0,2,1
2020-07-20,US,Tennessee,Davidson,16223,166,0,36.17007426,-86.78646056,47037.0,2337.123132952241,1.023238611847377,16057,16044,166,0,15878,15711,692587,179,0,0,179,333
2020-07-20,US,Tennessee,DeKalb,145,1,0,35.97616272,-85.83689361,47041.0,707.6622742801367,0.6896551724137931,144,138,1,0,137,138,20138,7,0,0,7,0
2020-07-20,US,Tennessee,Decatur,59,0,0,35.60048904,-88.11043779,47039.0,505.8732744576867,0.0,59,57,0,0,57,53,11706,2,0,0,2,4
2020-07-20,US,Tennessee,Dickson,390,0,0,36.14669837,-87.35891709,47043.0,722.9183658337657,0.0,390,376,0,0,376,370,53446,14,0,0,14,6
2020-07-20,US,Tennessee,Dyer,373,4,0,36.05931946,-89.41542855,47045.0,1003.794504696036,1.0723860589812333,369,365,3,0,362,358,37320,8,1,0,7,7
2020-07-20,US,Tennessee,Fayette,473,7,0,35.19615831,-89.41399032,47047.0,1149.9282814285366,1.4799154334038056,466,465,7,0,458,454,40507,8,0,0,8,11
2020-07-20,US,Tennessee,Fentress,41,0,0,36.38128818,-84.92870012,47049.0,221.34643416293255,0.0,41,40,0,0,40,40,18217,1,0,0,1,0
2020-07-20,US,Tennessee,Franklin,164,3,0,35.15634626,-86.09201039,47051.0,388.55193328279,1.8292682926829267,161,158,3,0,155,146,41890,6,0,0,6,12
2020-07-20,US,Tennessee,Gibson,312,1,0,35.99438059,-88.93358327,47053.0,635.0110923411962,0.3205128205128205,311,306,1,0,305,296,49045,6,0,0,6,10
2020-07-20,US,Tennessee,Giles,207,2,0,35.20222469,-87.03992678,47055.0,702.5522671734999,0.966183574879227,205,197,2,0,195,177,29503,10,0,0,10,20
2020-07-20,US,Tennessee,Grainger,74,0,0,36.27469206,-83.51254721,47057.0,317.32418524871355,0.0,74,73,0,0,73,71,23145,1,0,0,1,2
2020-07-20,US,Tennessee,Greene,223,3,0,36.17470125,-82.84691273,47059.0,322.8655402568446,1.345291479820628,220,209,3,0,206,196,69087,14,0,0,14,13
2020-07-20,US,Tennessee,Grundy,72,2,0,35.38433717,-85.72142731,47061.0,536.232963431891,2.7777777777777777,70,73,2,0,71,72,13346,-1,0,0,-1,1
2020-07-20,US,Tennessee,Hamblen,660,6,0,36.21990035,-83.26586179,47063.0,1016.4166692333754,0.9090909090909092,654,648,6,0,642,643,64569,12,0,0,12,5
2020-07-20,US,Tennessee,Hamilton,4341,40,0,35.17670231,-85.16652245,47065.0,1180.2481756587747,0.9214466712739,4301,4233,40,0,4193,4144,364286,108,0,0,108,89
2020-07-20,US,Tennessee,Hancock,30,0,0,36.52692871,-83.22375847,47067.0,453.1722054380664,0.0,30,28,0,0,28,25,6549,2,0,0,2,3
2020-07-20,US,Tennessee,Hardeman,556,7,0,35.20772017,-88.99161161,47069.0,2219.560878243513,1.2589928057553956,549,547,7,0,540,530,25220,9,0,0,9,17
2020-07-20,US,Tennessee,Hardin,203,7,0,35.19732531,-88.18593755,47071.0,791.361297364728,3.4482758620689653,196,194,7,0,187,194,25776,9,0,0,9,0
2020-07-20,US,Tennessee,Hawkins,145,2,0,36.44355426,-82.94885298,47073.0,255.3446271968444,1.3793103448275863,143,139,2,0,137,131,56530,6,0,0,6,8
2020-07-20,US,Tennessee,Haywood,192,4,0,35.58332824,-89.28536625,47075.0,1109.5700416088766,2.083333333333333,188,181,4,0,177,179,17335,11,0,0,11,2
2020-07-20,US,Tennessee,Henderson,175,0,0,35.65581134,-88.38600175,47077.0,622.3992602340221,0.0,175,161,0,0,161,153,27847,14,0,0,14,8
2020-07-20,US,Tennessee,Henry,63,0,0,36.33160906,-88.30121797,47079.0,194.77508115628385,0.0,63,62,0,0,62,60,32358,1,0,0,1,2
2020-07-20,US,Tennessee,Hickman,143,0,0,35.80609681,-87.47643507,47081.0,567.9561521963618,0.0,143,142,0,0,142,139,25063,1,0,0,1,3
2020-07-20,US,Tennessee,Houston,30,0,0,36.28872054,-87.71878828,47083.0,365.80904767711263,0.0,30,29,0,0,29,29,8263,1,0,0,1,0
2020-07-20,US,Tennessee,Humphreys,62,2,0,36.03958805,-87.77992872,47085.0,333.6562264557098,3.2258064516129035,60,62,2,0,60,60,18486,0,0,0,0,2
2020-07-20,US,Tennessee,Jackson,72,0,0,36.36380466,-85.67239905,47087.0,610.8942813507551,0.0,72,72,0,0,72,72,11758,0,0,0,0,0
2020-07-20,US,Tennessee,Jefferson,264,1,0,36.04818632,-83.45148924,47089.0,484.44811450591794,0.3787878787878788,263,261,1,0,260,256,54012,3,0,0,3,5
2020-07-20,US,Tennessee,Johnson,52,0,0,36.45523950000001,-81.84886538,47091.0,292.33190915223753,0.0,52,52,0,0,52,51,17778,0,0,0,0,1
2020-07-20,US,Tennessee,Knox,2413,18,0,35.99508821,-83.94635435,47093.0,513.0625774750007,0.7459593866556155,2395,2322,18,0,2304,2196,465289,91,0,0,91,126
2020-07-20,US,Tennessee,Lake,702,0,0,36.34180170000001,-89.48921915,47095.0,10005.70125427594,0.0,702,700,0,0,700,699,7411,2,0,0,2,1
2020-07-20,US,Tennessee,Lauderdale,254,5,0,35.75893438,-89.63015909999999,47097.0,990.910154878477,1.9685039370078738,249,247,5,0,242,244,25825,7,0,0,7,3
2020-07-20,US,Tennessee,Lawrence,302,6,0,35.21675201,-87.39787695,47099.0,684.1556793983053,1.9867549668874167,296,296,6,0,290,288,43734,6,0,0,6,8
2020-07-20,US,Tennessee,Lewis,19,0,0,35.52853208,-87.49022694,47101.0,154.87447016628627,0.0,19,15,0,0,15,15,12086,4,0,0,4,0
2020-07-20,US,Tennessee,Lincoln,143,0,0,35.13738622,-86.58910106,47103.0,416.1089448873887,0.0,143,138,0,0,138,132,34117,5,0,0,5,6
2020-07-20,US,Tennessee,Loudon,408,3,0,35.73939663,-84.31145275,47105.0,754.605311829548,0.7352941176470589,405,398,3,0,395,394,53054,10,0,0,10,4
2020-07-20,US,Tennessee,Macon,703,8,0,36.53157855,-86.00778595,47111.0,2857.4912608731,1.1379800853485065,695,701,8,0,693,699,24265,2,0,0,2,2
2020-07-20,US,Tennessee,Madison,500,2,0,35.61181957,-88.84076036,47113.0,510.2873938602221,0.4,498,486,2,0,484,479,97605,14,0,0,14,7
2020-07-20,US,Tennessee,Marion,132,4,0,35.12997174,-85.62265895,47115.0,456.6368007748989,3.0303030303030303,128,126,4,0,122,121,28575,6,0,0,6,5
2020-07-20,US,Tennessee,Marshall,166,2,0,35.45798777,-86.76420988,47117.0,482.9090909090909,1.2048192771084338,164,161,2,0,159,155,33683,5,0,0,5,6
2020-07-20,US,Tennessee,Maury,665,4,0,35.6187413,-87.07462444,47119.0,689.9270648531441,0.6015037593984962,661,629,4,0,625,606,94340,36,0,0,36,23
2020-07-20,US,Tennessee,McMinn,371,19,0,35.42812616,-84.61520715,47107.0,689.667992712942,5.1212938005390845,352,363,19,0,344,354,53285,8,0,0,8,9
2020-07-20,US,Tennessee,McNairy,162,1,0,35.17468549,-88.5647812,47109.0,630.4973923873277,0.6172839506172839,161,160,1,0,159,153,25832,2,0,0,2,7
2020-07-20,US,Tennessee,Meigs,53,0,0,35.51558739,-84.81482914,47121.0,426.6623732088231,0.0,53,51,0,0,51,47,12306,2,0,0,2,4
2020-07-20,US,Tennessee,Monroe,185,7,0,35.44550387,-84.24902965,47123.0,397.46481899237295,3.783783783783784,178,182,7,0,175,176,46357,3,0,0,3,6
2020-07-20,US,Tennessee,Montgomery,1173,8,0,36.49609412,-87.38550661,47125.0,561.2628174149373,0.6820119352088662,1165,1157,8,0,1149,1133,205950,16,0,0,16,24
2020-07-20,US,Tennessee,Moore,32,0,0,35.27724699,-86.36230578,47127.0,493.2182490752159,0.0,32,28,0,0,28,28,6411,4,0,0,4,0
2020-07-20,US,Tennessee,Morgan,42,1,0,36.13248031,-84.64880098,47129.0,196.23417277951688,2.380952380952381,41,41,1,0,40,40,21579,1,0,0,1,1
2020-07-20,US,Tennessee,Obion,175,3,0,36.35732446,-89.14921589,47131.0,581.9947454188699,1.7142857142857142,172,168,3,0,165,164,30267,7,0,0,7,4
2020-07-20,US,Tennessee,Out of TN,2184,9,0,0.0,0.0,80047.0,0.0,0.4120879120879121,2175,2084,9,0,2075,1975,,100,0,0,100,109
2020-07-20,US,Tennessee,Overton,91,1,0,36.34117832,-85.28989535,47133.0,409.1542646463738,1.0989010989010992,90,91,1,0,90,90,22068,0,0,0,0,1
2020-07-20,US,Tennessee,Perry,49,0,0,35.63708728,-87.86139634,47135.0,606.7360079247153,0.0,49,49,0,0,49,49,8064,0,0,0,0,0
2020-07-20,US,Tennessee,Pickett,10,1,0,36.55606529,-85.07763299999998,47137.0,198.09825673534075,10.0,9,10,1,0,9,10,5082,0,0,0,0,0
2020-07-20,US,Tennessee,Polk,70,0,0,35.12245443,-84.52075859,47139.0,415.87452471482885,0.0,70,67,0,0,67,64,16898,3,0,0,3,3
2020-07-20,US,Tennessee,Putnam,1214,7,0,36.14005459,-85.50646123,47141.0,1512.8668452863108,0.5766062602965404,1207,1212,7,0,1205,1204,78843,2,0,0,2,8
2020-07-20,US,Tennessee,Rhea,401,0,0,35.60536161,-84.93076643,47143.0,1209.0330750444718,0.0,401,394,0,0,394,381,33044,7,0,0,7,13
2020-07-20,US,Tennessee,Roane,125,0,0,35.84923189,-84.52458689,47145.0,234.1613277883931,0.0,125,122,0,0,122,118,53140,3,0,0,3,4
2020-07-20,US,Tennessee,Robertson,1143,14,0,36.52454807,-86.87346725,47147.0,1591.6338267444614,1.2248468941382329,1129,1130,14,0,1116,1105,71012,13,0,0,13,25
2020-07-20,US,Tennessee,Rutherford,4618,41,0,35.84591405,-86.4107263,47149.0,1389.7708292580164,0.887830229536596,4577,4503,41,0,4462,4397,324890,115,0,0,115,106
2020-07-20,US,Tennessee,Scott,36,0,0,36.42325673,-84.50360494,47151.0,163.1321370309951,0.0,36,35,0,0,35,34,22039,1,0,0,1,1
2020-07-20,US,Tennessee,Sequatchie,61,0,0,35.36979721,-85.41022136,47153.0,405.9629974710502,0.0,61,63,0,0,63,61,14876,-2,0,0,-2,2
2020-07-20,US,Tennessee,Sevier,1112,4,0,35.78077323,-83.52244332,47155.0,1131.8066157760813,0.3597122302158273,1108,1087,4,0,1083,1077,97892,25,0,0,25,10
2020-07-20,US,Tennessee,Shelby,16702,245,0,35.1864775,-89.89692423,47157.0,1782.1815985641815,1.4668901927912823,16457,16468,245,0,16223,16224,935764,234,0,0,234,244
2020-07-20,US,Tennessee,Smith,219,2,0,36.25359775,-85.95411046,47159.0,1086.471201071588,0.9132420091324199,217,214,2,0,212,212,19942,5,0,0,5,2
2020-07-20,US,Tennessee,Stewart,47,0,0,36.50235092,-87.83920548,47161.0,342.69048487057967,0.0,47,44,0,0,44,37,13561,3,0,0,3,7
2020-07-20,US,Tennessee,Sullivan,427,6,0,36.51240691,-82.30412917,47163.0,269.6592315659181,1.4051522248243558,421,387,6,0,381,372,157668,40,0,0,40,15
2020-07-20,US,Tennessee,Sumner,2505,61,0,36.46824103,-86.45917204,47165.0,1309.5779551763615,2.435129740518962,2444,2458,60,0,2398,2426,187149,47,1,0,46,32
2020-07-20,US,Tennessee,Tipton,809,8,0,35.501942,-89.73694895,47167.0,1313.3330086527378,0.9888751545117428,801,798,8,0,790,792,61581,11,0,0,11,6
2020-07-20,US,Tennessee,Trousdale,1543,6,0,36.39026213,-86.16087954,47169.0,13674.228996809641,0.38885288399222295,1537,1543,6,0,1537,1543,11012,0,0,0,0,0
2020-07-20,US,Tennessee,Unassigned,1337,1,0,0.0,0.0,90047.0,0.0,0.07479431563201197,1336,1256,1,0,1255,1175,,81,0,0,81,81
2020-07-20,US,Tennessee,Unicoi,69,0,0,36.10890856,-82.43709629,47171.0,385.84130179500085,0.0,69,66,0,0,66,66,17761,3,0,0,3,0
2020-07-20,US,Tennessee,Union,50,0,0,36.28590426,-83.83651902,47173.0,250.35049068696168,0.0,50,46,0,0,46,41,19688,4,0,0,4,5
2020-07-20,US,Tennessee,Van Buren,14,0,0,35.69864497,-85.45221699,47175.0,238.4196185286104,0.0,14,14,0,0,14,14,5765,0,0,0,0,0
2020-07-20,US,Tennessee,Warren,222,3,0,35.6728299,-85.77969117,47177.0,537.8297841412893,1.351351351351351,219,215,3,0,212,215,40878,7,0,0,7,0
2020-07-20,US,Tennessee,Washington,470,0,0,36.29472368,-82.49454720000001,47179.0,363.2850241545894,0.0,470,430,0,0,430,379,128607,40,0,0,40,51
2020-07-20,US,Tennessee,Wayne,150,0,0,35.23868267,-87.78644456,47181.0,899.658129910634,0.0,150,147,0,0,147,143,16558,3,0,0,3,4
2020-07-20,US,Tennessee,Weakley,101,1,0,36.29896232,-88.71990865,47183.0,303.0484877580413,0.99009900990099,100,101,1,0,100,99,33415,0,0,0,0,2
2020-07-20,US,Tennessee,White,124,3,0,35.92929884,-85.45591799,47185.0,453.4649844578534,2.419354838709677,121,123,3,0,120,123,27107,1,0,0,1,0
2020-07-20,US,Tennessee,Williamson,2562,18,0,35.89099229,-86.89281867,47187.0,1074.6103384057851,0.7025761124121779,2544,2517,18,0,2499,2449,231729,45,0,0,45,68
2020-07-20,US,Tennessee,Wilson,1628,19,0,36.15496772,-86.29775884,47189.0,1125.4208230503882,1.1670761670761671,1609,1601,19,0,1582,1553,140625,27,0,0,27,48
2020-07-20,US,Texas,Anderson,2015,4,0,31.81534745,-95.65354823,48001.0,3490.0840045033337,0.19851116625310172,2011,2017,4,0,2013,2017,58057,-2,0,0,-2,0
2020-07-20,US,Texas,Andrews,189,2,0,32.30468633,-102.6376548,48003.0,1010.4250200481157,1.058201058201058,187,189,2,0,187,187,18128,0,0,0,0,2
2020-07-20,US,Texas,Angelina,1000,12,0,31.25457347,-94.60901487,48005.0,1153.203021391916,1.2,988,1000,12,0,988,1000,87092,0,0,0,0,0
2020-07-20,US,Texas,Aransas,92,0,0,28.10556197,-96.9995047,48007.0,391.3228413441089,0.0,92,91,0,0,91,85,23792,1,0,0,1,6
2020-07-20,US,Texas,Archer,12,0,0,33.61569967,-98.68754589,48009.0,140.3016485443704,0.0,12,12,0,0,12,12,8786,0,0,0,0,0
2020-07-20,US,Texas,Armstrong,3,0,0,34.96507426,-101.3574874,48011.0,158.9825119236884,0.0,3,3,0,0,3,3,1892,0,0,0,0,0
2020-07-20,US,Texas,Atascosa,355,2,0,28.89333001,-98.52730485,48013.0,693.9964420464098,0.5633802816901409,353,355,2,0,353,355,50310,0,0,0,0,0
2020-07-20,US,Texas,Austin,160,0,0,29.88548725,-96.27736949,48015.0,532.7650506126798,0.0,160,157,0,0,157,155,29989,3,0,0,3,2
2020-07-20,US,Texas,Bailey,125,1,0,34.06854817,-102.8299707,48017.0,1785.7142857142858,0.8,124,120,1,0,119,120,7027,5,0,0,5,0
2020-07-20,US,Texas,Bandera,48,0,0,29.74619598,-99.24598147,48019.0,207.68431983385258,0.0,48,48,0,0,48,47,22824,0,0,0,0,1
2020-07-20,US,Texas,Bastrop,1034,12,0,30.10370699,-97.31206354,48021.0,1165.4249743583964,1.1605415860735009,1022,1001,12,0,989,952,86976,33,0,0,33,49
2020-07-20,US,Texas,Baylor,1,0,0,33.61640794,-99.21352901,48023.0,28.498147620404676,0.0,1,1,0,0,1,1,3582,0,0,0,0,0
2020-07-20,US,Texas,Bee,232,1,0,28.41761668,-97.74215593,48025.0,712.4213112237062,0.4310344827586207,231,220,1,0,219,218,32587,12,0,0,12,2
2020-07-20,US,Texas,Bell,2640,17,0,31.03736027,-97.4785025,48027.0,727.4250256251997,0.6439393939393939,2623,2640,17,0,2623,2640,355642,0,0,0,0,0
2020-07-20,US,Texas,Bexar,31316,262,0,29.44928723,-98.52019748,48029.0,1563.0225090015044,0.8366330310384468,31054,30835,257,0,30578,28633,1986049,481,5,0,476,2202
2020-07-20,US,Texas,Blanco,76,1,0,30.26640707,-98.3999852,48031.0,636.9960606822563,1.3157894736842106,75,73,1,0,72,68,11702,3,0,0,3,5
2020-07-20,US,Texas,Bosque,75,0,0,31.89978581,-97.63613524,48035.0,401.3914905004014,0.0,75,64,0,0,64,56,18691,11,0,0,11,8
2020-07-20,US,Texas,Bowie,626,17,0,33.44626922,-94.41834132,48037.0,671.3496702236043,2.7156549520766773,609,610,17,0,593,596,94324,16,0,0,16,14
2020-07-20,US,Texas,Brazoria,4767,34,0,29.18757369,-95.44563172,48039.0,1273.6998482354702,0.7132368365848543,4733,4675,32,0,4643,4545,370200,92,2,0,90,130
2020-07-20,US,Texas,Brazos,3397,40,0,30.663644800000004,-96.30205577,48041.0,1482.0405652433785,1.177509567265234,3357,3373,39,0,3334,3313,226758,24,1,0,23,60
2020-07-20,US,Texas,Brewster,161,1,0,29.81008251,-103.2520326,48043.0,1749.4295338476584,0.6211180124223602,160,161,1,0,160,161,9267,0,0,0,0,0
2020-07-20,US,Texas,Briscoe,9,1,0,34.53026962,-101.2084947,48045.0,582.1474773609315,11.111111111111109,8,9,1,0,8,9,1516,0,0,0,0,0
2020-07-20,US,Texas,Brooks,56,0,0,27.03103197,-98.21808402,48047.0,789.5107852812632,0.0,56,56,0,0,56,55,7114,0,0,0,0,1
2020-07-20,US,Texas,Brown,273,13,0,31.77430356,-98.99907113,48049.0,721.0014789773927,4.761904761904762,260,273,13,0,260,273,37924,0,0,0,0,0
2020-07-20,US,Texas,Burleson,196,0,0,30.49273808,-96.62158484,48051.0,1062.7338285528385,0.0,196,184,0,0,184,182,18389,12,0,0,12,2
2020-07-20,US,Texas,Burnet,331,6,0,30.78801353,-98.181887,48053.0,687.3637213165819,1.8126888217522656,325,328,6,0,322,320,47542,3,0,0,3,8
2020-07-20,US,Texas,Caldwell,841,7,0,29.83668859,-97.61814775,48055.0,1926.0718211799194,0.8323424494649228,834,835,7,0,828,820,43247,6,0,0,6,15
2020-07-20,US,Texas,Calhoun,217,3,0,28.47048236,-96.61633945,48057.0,1019.2578675434476,1.3824884792626728,214,217,3,0,214,212,21561,0,0,0,0,5
2020-07-20,US,Texas,Callahan,32,2,0,32.29760619,-99.37326312,48059.0,229.50584522699563,6.25,30,32,2,0,30,32,13994,0,0,0,0,0
2020-07-20,US,Texas,Cameron,5891,96,0,26.14524221,-97.48140372,48061.0,1392.134945635606,1.6296044814123238,5795,5891,96,0,5795,5565,423908,0,0,0,0,326
2020-07-20,US,Texas,Camp,167,2,0,32.97195142,-94.97790104,48063.0,1275.3933099129374,1.1976047904191616,165,164,2,0,162,163,13033,3,0,0,3,1
2020-07-20,US,Texas,Carson,10,0,0,35.40365929,-101.3542669,48065.0,168.74789065136684,0.0,10,10,0,0,10,10,6005,0,0,0,0,0
2020-07-20,US,Texas,Cass,90,3,0,33.07499881,-94.34646905,48067.0,299.7402251382136,3.333333333333333,87,88,3,0,85,84,30119,2,0,0,2,4
2020-07-20,US,Texas,Castro,145,1,0,34.53016752,-102.2617243,48069.0,1925.6308100929612,0.6896551724137931,144,142,1,0,141,142,7665,3,0,0,3,0
2020-07-20,US,Texas,Chambers,698,5,0,29.70972016,-94.67154501,48071.0,1592.262244222917,0.7163323782234957,693,698,5,0,693,698,42454,0,0,0,0,0
2020-07-20,US,Texas,Cherokee,516,2,0,31.837258,-95.16559897,48073.0,980.1314439843485,0.3875968992248062,514,489,2,0,487,489,52592,27,0,0,27,0
2020-07-20,US,Texas,Childress,9,0,0,34.529304100000004,-100.2077916,48075.0,123.18642211880646,0.0,9,9,0,0,9,9,7291,0,0,0,0,0
2020-07-20,US,Texas,Clay,19,0,0,33.78686685,-98.20771198,48077.0,181.45353834399768,0.0,19,19,0,0,19,19,10456,0,0,0,0,0
2020-07-20,US,Texas,Cochran,9,0,0,33.60425307,-102.8284499,48079.0,315.4574132492114,0.0,9,9,0,0,9,9,2836,0,0,0,0,0
2020-07-20,US,Texas,Coke,9,1,0,31.88911733,-100.5297533,48081.0,265.72187776793623,11.111111111111109,8,9,1,0,8,9,3370,0,0,0,0,0
2020-07-20,US,Texas,Coleman,7,0,0,31.76736834,-99.45240766,48083.0,85.62691131498471,0.0,7,7,0,0,7,7,8397,0,0,0,0,0
2020-07-20,US,Texas,Collin,5374,64,0,33.18820114,-96.57264368,48085.0,519.3625390198408,1.1909192407889841,5310,5291,64,0,5227,5154,1005146,83,0,0,83,137
2020-07-20,US,Texas,Collingsworth,6,0,0,34.96489496,-100.2700111,48087.0,205.4794520547945,0.0,6,6,0,0,6,6,2962,0,0,0,0,0
2020-07-20,US,Texas,Colorado,197,0,0,29.622098,-96.5273805,48089.0,916.577490345694,0.0,197,193,0,0,193,189,21217,4,0,0,4,4
2020-07-20,US,Texas,Comal,1300,37,0,29.80811278,-98.27647225,48091.0,832.2183741013642,2.8461538461538463,1263,1300,37,0,1263,1300,148373,0,0,0,0,0
2020-07-20,US,Texas,Comanche,187,2,0,31.94854689,-98.55876441,48093.0,1371.4704803813715,1.0695187165775402,185,178,2,0,176,178,13534,9,0,0,9,0
2020-07-20,US,Texas,Concho,17,0,0,31.32635934,-99.86473038,48095.0,623.6243580337491,0.0,17,17,0,0,17,17,4276,0,0,0,0,0
2020-07-20,US,Texas,Cooke,120,0,0,33.63979567,-97.21240912,48097.0,290.85973289381195,0.0,120,120,0,0,120,120,40574,0,0,0,0,0
2020-07-20,US,Texas,Coryell,436,3,0,31.39078397,-97.79936155,48099.0,574.05432449869,0.6880733944954128,433,436,3,0,433,426,74808,0,0,0,0,10
2020-07-20,US,Texas,Cottle,6,1,0,34.07783319,-100.2785062,48101.0,429.1845493562232,16.666666666666668,5,6,1,0,5,6,1389,0,0,0,0,0
2020-07-20,US,Texas,Crane,65,10,0,31.43052248,-102.5143314,48103.0,1355.0135501355016,15.384615384615385,55,65,10,0,55,65,4794,0,0,0,0,0
2020-07-20,US,Texas,Crockett,103,1,0,30.72367027,-101.4134238,48105.0,2973.4411085450347,0.9708737864077671,102,96,1,0,95,96,3499,7,0,0,7,0
2020-07-20,US,Texas,Crosby,36,2,0,33.61431553,-101.3000364,48107.0,627.5056649816978,5.5555555555555545,34,36,2,0,34,36,5779,0,0,0,0,0
2020-07-20,US,Texas,Culberson,13,1,0,31.44506775,-104.5185739,48109.0,598.8023952095807,7.6923076923076925,12,13,1,0,12,13,2204,0,0,0,0,0
2020-07-20,US,Texas,Dallam,149,1,0,36.27787176,-102.6020725,48111.0,2044.7372032386445,0.6711409395973155,148,146,1,0,145,146,7200,3,0,0,3,0
2020-07-20,US,Texas,Dallas,42292,526,0,32.76670599,-96.7779605,48113.0,1604.6952475340693,1.2437340395346637,41766,40222,523,0,39699,40222,2637772,2070,3,0,2067,0
2020-07-20,US,Texas,Dawson,106,1,0,32.74255572,-101.9477242,48115.0,832.8095537397862,0.9433962264150944,105,106,1,0,105,106,12619,0,0,0,0,0
2020-07-20,US,Texas,DeWitt,306,7,0,29.08101855,-97.3568117,48123.0,1517.857142857143,2.2875816993464047,299,306,7,0,299,306,20187,0,0,0,0,0
2020-07-20,US,Texas,Deaf Smith,447,17,0,34.96522957,-102.6054267,48117.0,2410.223228728567,3.8031319910514543,430,439,17,0,422,439,18760,8,0,0,8,0
2020-07-20,US,Texas,Delta,11,0,0,33.38570922,-95.66921122,48119.0,206.34027386981805,0.0,11,10,0,0,10,9,5349,1,0,0,1,1
2020-07-20,US,Texas,Denton,4968,42,0,33.20521901,-97.11691153,48121.0,559.9595133942812,0.8454106280193237,4926,4887,42,0,4845,4765,859064,81,0,0,81,122
2020-07-20,US,Texas,Dickens,4,0,0,33.61616822,-100.7788855,48125.0,180.91361374943463,0.0,4,4,0,0,4,4,2249,0,0,0,0,0
2020-07-20,US,Texas,Dimmit,56,0,0,28.42270064,-99.75645095,48127.0,553.1410509679969,0.0,56,56,0,0,56,55,10308,0,0,0,0,1
2020-07-20,US,Texas,Donley,35,0,0,34.96517499,-100.8140093,48129.0,1067.7242220866383,0.0,35,35,0,0,35,35,3319,0,0,0,0,0
2020-07-20,US,Texas,Duval,105,0,0,27.68184592,-98.50864568,48131.0,941.1132024737833,0.0,105,105,0,0,105,97,11212,0,0,0,0,8
2020-07-20,US,Texas,Eastland,29,0,0,32.32743996,-98.83243566,48133.0,157.95206971677558,0.0,29,29,0,0,29,29,18322,0,0,0,0,0
2020-07-20,US,Texas,Ector,2403,33,0,31.86898877,-102.5429428,48135.0,1445.648315816704,1.373283395755306,2370,1575,27,0,1548,1575,162124,828,6,0,822,0
2020-07-20,US,Texas,Edwards,14,0,0,29.98202582,-100.304252,48137.0,724.6376811594204,0.0,14,14,0,0,14,13,1928,0,0,0,0,1
2020-07-20,US,Texas,El Paso,11769,184,0,31.76980765,-106.2363275,48141.0,1402.343554510163,1.5634293482878752,11585,11573,179,0,11394,11132,840758,196,5,0,191,441
2020-07-20,US,Texas,Ellis,1972,21,0,32.34894117,-96.79371841,48139.0,1066.9494551632347,1.0649087221095337,1951,1972,21,0,1951,1972,179436,0,0,0,0,0
2020-07-20,US,Texas,Erath,339,2,0,32.23602653,-98.21773417,48143.0,793.9481942948148,0.5899705014749262,337,339,2,0,337,339,42446,0,0,0,0,0
2020-07-20,US,Texas,Falls,68,0,0,31.25350609,-96.93630086,48145.0,393.1317569520726,0.0,68,68,0,0,68,66,17335,0,0,0,0,2
2020-07-20,US,Texas,Fannin,165,8,0,33.59564294,-96.10751083,48147.0,464.6055076871093,4.848484848484849,157,165,8,0,157,165,35286,0,0,0,0,0
2020-07-20,US,Texas,Fayette,247,5,0,29.87788372,-96.92076062,48149.0,974.5127436281861,2.0242914979757085,242,217,4,0,213,206,25349,30,1,0,29,11
2020-07-20,US,Texas,Fisher,22,1,0,32.74281316,-100.4019302,48151.0,574.4125326370757,4.545454545454546,21,22,1,0,21,22,3839,0,0,0,0,0
2020-07-20,US,Texas,Floyd,62,3,0,34.07227468,-101.3031546,48153.0,1085.4341736694678,4.838709677419356,59,61,3,0,58,61,5837,1,0,0,1,0
2020-07-20,US,Texas,Foard,1,0,0,33.97308618,-99.7767797,48155.0,86.5800865800866,0.0,1,1,0,0,1,1,1200,0,0,0,0,0
2020-07-20,US,Texas,Fort Bend,5995,72,0,29.52704478,-95.77219463,48157.0,738.5842836163649,1.201000834028357,5923,5979,71,0,5908,5689,787858,16,1,0,15,290
2020-07-20,US,Texas,Franklin,67,1,0,33.17653242,-95.21917243,48159.0,624.7086247086247,1.492537313432836,66,67,1,0,66,66,10766,0,0,0,0,1
2020-07-20,US,Texas,Freestone,96,0,0,31.70422788,-96.15072516,48161.0,486.8894862301567,0.0,96,95,0,0,95,93,19808,1,0,0,1,2
2020-07-20,US,Texas,Frio,376,1,0,28.86751206,-99.10804207,48163.0,1851.6694573032605,0.26595744680851063,375,376,1,0,375,349,19816,0,0,0,0,27
2020-07-20,US,Texas,Gaines,57,0,0,32.74055318,-102.6353295,48165.0,265.214963707426,0.0,57,57,0,0,57,57,20901,0,0,0,0,0
2020-07-20,US,Texas,Galveston,7354,66,0,29.40167322,-94.90469073,48167.0,2149.4188034687654,0.8974707642099538,7288,7125,65,0,7060,6911,337890,229,1,0,228,214
2020-07-20,US,Texas,Garza,60,1,0,33.17969345,-101.2984114,48169.0,963.2364745545032,1.6666666666666667,59,60,1,0,59,60,6578,0,0,0,0,0
2020-07-20,US,Texas,Gillespie,123,0,0,30.31824095,-98.94676915,48171.0,455.7581147176523,0.0,123,123,0,0,123,120,26804,0,0,0,0,3
2020-07-20,US,Texas,Glasscock,6,0,0,31.86942909,-101.5207776,48173.0,425.83392476934,0.0,6,6,0,0,6,6,1388,0,0,0,0,0
2020-07-20,US,Texas,Goliad,31,0,0,28.65696592,-97.42760647,48175.0,404.80543222773565,0.0,31,31,0,0,31,31,7584,0,0,0,0,0
2020-07-20,US,Texas,Gonzales,433,4,0,29.45634206,-97.49424032,48177.0,2078.0342659691896,0.9237875288683602,429,433,4,0,429,432,20826,0,0,0,0,1
2020-07-20,US,Texas,Gray,140,4,0,35.40081878,-100.8129222,48179.0,639.678333181029,2.8571428571428568,136,139,4,0,135,139,21895,1,0,0,1,0
2020-07-20,US,Texas,Grayson,849,8,0,33.62744998,-96.67753461,48181.0,623.2931019293454,0.9422850412249706,841,848,8,0,840,844,133991,1,0,0,1,4
2020-07-20,US,Texas,Gregg,1008,15,0,32.47940482,-94.81591935,48183.0,813.2639477187462,1.488095238095238,993,1008,15,0,993,1008,123707,0,0,0,0,0
2020-07-20,US,Texas,Grimes,726,2,0,30.54579585,-95.98902499,48185.0,2513.8504155124656,0.27548209366391185,724,722,2,0,720,702,28360,4,0,0,4,20
2020-07-20,US,Texas,Guadalupe,1296,4,0,29.58165339,-97.94786822,48187.0,776.759546171043,0.308641975308642,1292,1296,4,0,1292,1281,163694,0,0,0,0,15
2020-07-20,US,Texas,Hale,934,19,0,34.07044901,-101.8268114,48189.0,2795.904927258576,2.034261241970021,915,934,19,0,915,886,33830,0,0,0,0,48
2020-07-20,US,Texas,Hall,2,1,0,34.5307555,-100.6813852,48191.0,67.47638326585695,50.0,1,2,1,0,1,2,3028,0,0,0,0,0
2020-07-20,US,Texas,Hamilton,45,1,0,31.70470573,-98.11083887,48193.0,531.8520269471693,2.2222222222222223,44,45,1,0,44,41,8484,0,0,0,0,4
2020-07-20,US,Texas,Hansford,43,2,0,36.27743284,-101.3545796,48195.0,796.4437858862751,4.651162790697675,41,43,2,0,41,43,5463,0,0,0,0,0
2020-07-20,US,Texas,Hardeman,6,0,0,34.28944521,-99.74632408,48197.0,152.55530129672007,0.0,6,6,0,0,6,6,3922,0,0,0,0,0
2020-07-20,US,Texas,Hardin,524,5,0,30.33364686,-94.38931817,48199.0,909.6906357418144,0.9541984732824428,519,524,5,0,519,524,57207,0,0,0,0,0
2020-07-20,US,Texas,Harris,57071,545,0,29.86,-95.39,48201.0,1210.8437249712254,0.9549508506947486,56526,55743,536,0,55207,54782,4698619,1328,9,0,1319,961
2020-07-20,US,Texas,Harrison,513,33,0,32.54935988,-94.36934071,48203.0,770.814238276261,6.432748538011697,480,505,33,0,472,504,66726,8,0,0,8,1
2020-07-20,US,Texas,Hartley,70,2,0,35.84008013,-102.6029022,48205.0,1255.3802008608322,2.8571428571428568,68,67,2,0,65,67,5619,3,0,0,3,0
2020-07-20,US,Texas,Haskell,24,0,0,33.17823584,-99.73037358,48207.0,424.17815482502647,0.0,24,24,0,0,24,24,5813,0,0,0,0,0
2020-07-20,US,Texas,Hays,3979,17,0,30.05669873,-98.02944344,48209.0,1728.5645398820984,0.42724302588590096,3962,3865,17,0,3848,3865,222631,114,0,0,114,0
2020-07-20,US,Texas,Hemphill,23,0,0,35.83764858,-100.2703577,48211.0,602.2518984027232,0.0,23,23,0,0,23,23,3825,0,0,0,0,0
2020-07-20,US,Texas,Henderson,380,5,0,32.21128872,-95.85846587,48213.0,459.28665530536523,1.3157894736842106,375,380,5,0,375,380,82299,0,0,0,0,0
2020-07-20,US,Texas,Hidalgo,12787,318,0,26.39418217,-98.18299696,48215.0,1471.9577487000797,2.486900758582936,12469,12263,284,0,11979,10943,865939,524,34,0,490,1320
2020-07-20,US,Texas,Hill,204,2,0,31.99045053,-97.13423143,48217.0,556.6318317007285,0.9803921568627452,202,202,2,0,200,194,36354,2,0,0,2,8
2020-07-20,US,Texas,Hockley,129,3,0,33.60771256,-102.3431676,48219.0,560.3579340602058,2.3255813953488373,126,128,3,0,125,128,22980,1,0,0,1,0
2020-07-20,US,Texas,Hood,288,5,0,32.42990927,-97.83242024,48221.0,467.2063332414062,1.7361111111111112,283,246,5,0,241,246,60537,42,0,0,42,0
2020-07-20,US,Texas,Hopkins,129,1,0,33.14875072,-95.56351139,48223.0,347.858914895912,0.7751937984496124,128,124,1,0,123,124,36810,5,0,0,5,0
2020-07-20,US,Texas,Houston,217,0,0,31.31925973,-95.42226208,48225.0,944.7927551375827,0.0,217,209,0,0,209,203,23169,8,0,0,8,6
2020-07-20,US,Texas,Howard,90,2,0,32.30621324,-101.4356444,48227.0,245.47239799258128,2.2222222222222223,88,90,2,0,88,90,36459,0,0,0,0,0
2020-07-20,US,Texas,Hudspeth,18,0,0,31.45628381,-105.388178,48229.0,368.3995088006549,0.0,18,18,0,0,18,18,4795,0,0,0,0,0
2020-07-20,US,Texas,Hunt,850,8,0,33.12351514,-96.08551032,48231.0,862.1214272673793,0.9411764705882352,842,850,8,0,842,823,96493,0,0,0,0,27
2020-07-20,US,Texas,Hutchinson,91,1,0,35.84006574,-101.3546643,48233.0,434.6164867704651,1.0989010989010992,90,91,1,0,90,91,21198,0,0,0,0,0
2020-07-20,US,Texas,Irion,4,0,0,31.30375559,-100.982439,48235.0,260.4166666666667,0.0,4,4,0,0,4,4,1522,0,0,0,0,0
2020-07-20,US,Texas,Jack,14,0,0,33.23377248,-98.17283469,48237.0,156.6871852266368,0.0,14,14,0,0,14,14,8843,0,0,0,0,0
2020-07-20,US,Texas,Jackson,147,1,0,28.95472367,-96.57749563,48239.0,995.9349593495932,0.6802721088435374,146,147,1,0,146,174,14874,0,0,0,0,-27
2020-07-20,US,Texas,Jasper,93,1,0,30.74685667,-94.02667579,48241.0,261.75800050662843,1.075268817204301,92,92,1,0,91,92,35872,1,0,0,1,0
2020-07-20,US,Texas,Jeff Davis,6,0,0,30.71490589,-104.1399973,48243.0,263.8522427440633,0.0,6,6,0,0,6,6,2252,0,0,0,0,0
2020-07-20,US,Texas,Jefferson,4260,47,0,29.8832777,-94.16434171,48245.0,1693.3993202552026,1.1032863849765258,4213,4260,47,0,4213,4255,255001,0,0,0,0,5
2020-07-20,US,Texas,Jim Hogg,42,0,0,27.04453923,-98.6968187,48247.0,807.6923076923077,0.0,42,42,0,0,42,42,5248,0,0,0,0,0
2020-07-20,US,Texas,Jim Wells,402,0,0,27.73103938,-98.0904705,48249.0,993.0339410108196,0.0,402,400,0,0,400,399,40822,2,0,0,2,1
2020-07-20,US,Texas,Johnson,973,7,0,32.37877812,-97.36615819,48251.0,553.4163363042254,0.7194244604316546,966,973,7,0,966,973,171361,0,0,0,0,0
2020-07-20,US,Texas,Jones,641,0,0,32.73997145,-99.87861576,48253.0,3191.754219987053,0.0,641,641,0,0,641,641,19817,0,0,0,0,0
2020-07-20,US,Texas,Karnes,153,0,0,28.90705334,-97.85960149,48255.0,980.706364976604,0.0,153,153,0,0,153,152,15650,0,0,0,0,1
2020-07-20,US,Texas,Kaufman,1222,5,0,32.599141700000004,-96.28734728,48257.0,897.5131101546777,0.4091653027823241,1217,1222,5,0,1217,1222,128622,0,0,0,0,0
2020-07-20,US,Texas,Kendall,117,0,0,29.94414155,-98.7113588,48259.0,246.67411608441742,0.0,117,117,0,0,117,115,45641,0,0,0,0,2
2020-07-20,US,Texas,Kenedy,3,0,0,26.92601662,-97.66413984,48261.0,742.5742574257425,0.0,3,3,0,0,3,3,442,0,0,0,0,0
2020-07-20,US,Texas,Kent,2,0,0,33.18104136,-100.7780939,48263.0,262.46719160104993,0.0,2,2,0,0,2,2,726,0,0,0,0,0
2020-07-20,US,Texas,Kerr,255,1,0,30.06040006,-99.34930144,48265.0,484.7908745247148,0.392156862745098,254,255,1,0,254,242,52405,0,0,0,0,13
2020-07-20,US,Texas,Kimble,11,0,0,30.48678918,-99.74856473,48267.0,253.63154254092686,0.0,11,11,0,0,11,11,4362,0,0,0,0,0
2020-07-20,US,Texas,Kinney,4,0,0,29.34967888,-100.4186638,48271.0,109.080992637033,0.0,4,4,0,0,4,4,3767,0,0,0,0,0
2020-07-20,US,Texas,Kleberg,268,2,0,27.42435506,-97.69894948,48273.0,873.5332464146022,0.746268656716418,266,265,2,0,263,263,31129,3,0,0,3,2
2020-07-20,US,Texas,Knox,17,0,0,33.60519951,-99.7422906,48275.0,463.97379912663763,0.0,17,17,0,0,17,17,3653,0,0,0,0,0
2020-07-20,US,Texas,La Salle,311,0,0,28.34453111,-99.09908775,48283.0,4135.63829787234,0.0,311,311,0,0,311,311,7531,0,0,0,0,0
2020-07-20,US,Texas,Lamar,470,15,0,33.66981763,-95.57404777,48277.0,942.6582963958364,3.191489361702128,455,465,15,0,450,455,49728,5,0,0,5,10
2020-07-20,US,Texas,Lamb,119,1,0,34.06859623,-102.3516289,48279.0,922.9814628092764,0.8403361344537815,118,118,1,0,117,118,13158,1,0,0,1,0
2020-07-20,US,Texas,Lampasas,48,0,0,31.19531316,-98.24206613,48281.0,224.00597349262642,0.0,48,47,0,0,47,45,21229,1,0,0,1,2
2020-07-20,US,Texas,Lavaca,464,1,0,29.38508402,-96.93186692,48285.0,2302.2725017366283,0.21551724137931036,463,464,1,0,463,464,20110,0,0,0,0,0
2020-07-20,US,Texas,Lee,118,3,0,30.31120597,-96.97045773,48287.0,684.4944602355125,2.5423728813559316,115,119,3,0,116,117,17144,-1,0,0,-1,2
2020-07-20,US,Texas,Leon,119,0,0,31.29872538,-95.9936328,48289.0,683.7508618708342,0.0,119,118,0,0,118,116,17270,1,0,0,1,2
2020-07-20,US,Texas,Liberty,650,3,0,30.15152688,-94.81205615,48291.0,736.8027295707274,0.4615384615384616,647,639,3,0,636,627,86323,11,0,0,11,12
2020-07-20,US,Texas,Limestone,118,1,0,31.5454767,-96.58095444,48293.0,503.4774075180271,0.8474576271186439,117,119,1,0,118,114,23519,-1,0,0,-1,5
2020-07-20,US,Texas,Lipscomb,12,0,0,36.27783108,-100.2733151,48295.0,371.17228580266,0.0,12,12,0,0,12,12,3355,0,0,0,0,0
2020-07-20,US,Texas,Live Oak,101,1,0,28.35101362,-98.1246786,48297.0,827.3941181289424,0.99009900990099,100,101,1,0,100,101,12166,0,0,0,0,0
2020-07-20,US,Texas,Llano,60,0,0,30.70645047,-98.68475262,48299.0,275.29249827942186,0.0,60,60,0,0,60,57,21646,0,0,0,0,3
2020-07-20,US,Texas,Lubbock,4482,65,0,33.61008596,-101.8204789,48303.0,1443.1575591897454,1.4502454261490405,4417,4445,65,0,4380,4309,307412,37,0,0,37,136
2020-07-20,US,Texas,Lynn,55,3,0,33.17657705,-101.8162849,48305.0,924.2144177449167,5.454545454545454,52,55,3,0,52,55,5877,0,0,0,0,0
2020-07-20,US,Texas,Madison,184,0,0,30.96694679,-95.93003775,48313.0,1288.1545785494259,0.0,184,183,0,0,183,175,14422,1,0,0,1,8
2020-07-20,US,Texas,Marion,108,2,0,32.79868409,-94.3566123,48315.0,1096.0016237061093,1.851851851851852,106,71,2,0,69,71,9928,37,0,0,37,0
2020-07-20,US,Texas,Martin,32,1,0,32.30600051,-101.9513518,48317.0,554.4966210362155,3.125,31,32,1,0,31,32,5753,0,0,0,0,0
2020-07-20,US,Texas,Mason,38,0,0,30.71780434,-99.22629416,48319.0,889.0968647636874,0.0,38,38,0,0,38,38,4280,0,0,0,0,0
2020-07-20,US,Texas,Matagorda,475,5,0,28.81955746,-96.01230294,48321.0,1296.2912425292689,1.0526315789473684,470,461,5,0,456,452,36552,14,0,0,14,9
2020-07-20,US,Texas,Maverick,1283,19,0,28.7429195,-100.3157686,48323.0,2184.8710874970197,1.480904130943102,1264,1169,16,0,1153,1061,58485,114,3,0,111,108
2020-07-20,US,Texas,McCulloch,30,0,0,31.1925468,-99.34682807,48307.0,375.75150300601194,0.0,30,30,0,0,30,30,7987,0,0,0,0,0
2020-07-20,US,Texas,McLennan,3413,24,0,31.55255453,-97.20217694,48309.0,1329.9665267727364,0.7031936712569586,3389,3291,24,0,3267,3210,254607,122,0,0,122,81
2020-07-20,US,Texas,McMullen,4,0,0,28.35251708,-98.56769164,48311.0,538.3580080753701,0.0,4,4,0,0,4,1,749,0,0,0,0,3
2020-07-20,US,Texas,Medina,492,4,0,29.3557301,-99.11030298,48325.0,953.7841191066997,0.8130081300813008,488,492,4,0,488,492,50921,0,0,0,0,0
2020-07-20,US,Texas,Menard,15,0,0,30.88990665,-99.8204794,48327.0,701.5902712815715,0.0,15,15,0,0,15,15,2139,0,0,0,0,0
2020-07-20,US,Texas,Midland,1522,28,0,31.86904128,-102.0315682,48329.0,860.7039449873326,1.8396846254927728,1494,1387,25,0,1362,1387,172578,135,3,0,132,0
2020-07-20,US,Texas,Milam,217,2,0,30.78581830000001,-96.97718698,48331.0,874.1892599605205,0.9216589861751152,215,217,2,0,215,217,25131,0,0,0,0,0
2020-07-20,US,Texas,Mills,8,0,0,31.49557106,-98.59272068,48333.0,164.16991586291812,0.0,8,7,0,0,7,7,4921,1,0,0,1,0
2020-07-20,US,Texas,Mitchell,31,0,0,32.30623474,-100.9212058,48335.0,362.7852545348157,0.0,31,31,0,0,31,27,8145,0,0,0,0,4
2020-07-20,US,Texas,Montague,35,1,0,33.67521893,-97.72500958,48337.0,176.6071248360077,2.8571428571428568,34,35,1,0,34,35,19596,0,0,0,0,0
2020-07-20,US,Texas,Montgomery,5067,49,0,30.30079133,-95.50572772,48339.0,834.2237537270062,0.9670416419972372,5018,4721,46,0,4675,4721,590925,346,3,0,343,0
2020-07-20,US,Texas,Moore,942,15,0,35.83769242,-101.8930281,48341.0,4498.567335243552,1.5923566878980893,927,940,15,0,925,940,21485,2,0,0,2,0
2020-07-20,US,Texas,Morris,64,0,0,33.11304005,-94.73255695,48343.0,516.6289958023896,0.0,64,63,0,0,63,63,12339,1,0,0,1,0
2020-07-20,US,Texas,Motley,2,0,0,34.07408766,-100.779722,48345.0,166.66666666666666,0.0,2,2,0,0,2,2,1234,0,0,0,0,0
2020-07-20,US,Texas,Nacogdoches,669,35,0,31.62017125,-94.61803994,48347.0,1026.0106741917673,5.23168908819133,634,665,35,0,630,663,65711,4,0,0,4,2
2020-07-20,US,Texas,Navarro,562,9,0,32.04620681,-96.47428766,48349.0,1121.4654879971263,1.6014234875444842,553,562,9,0,553,562,49565,0,0,0,0,0
2020-07-20,US,Texas,Newton,29,0,0,30.78548982,-93.74408813,48351.0,213.31371827877896,0.0,29,29,0,0,29,28,13746,0,0,0,0,1
2020-07-20,US,Texas,Nolan,90,1,0,32.30365282,-100.4060208,48353.0,611.6623623759684,1.1111111111111112,89,90,1,0,89,86,14751,0,0,0,0,4
2020-07-20,US,Texas,Nueces,8816,103,0,27.736286,-97.5433285,48355.0,2433.382832727012,1.1683303085299457,8713,8579,95,0,8484,8407,362265,237,8,0,229,172
2020-07-20,US,Texas,Ochiltree,62,2,0,36.27829105,-100.8158184,48357.0,630.3375355835708,3.2258064516129035,60,62,2,0,60,62,9947,0,0,0,0,0
2020-07-20,US,Texas,Oldham,9,1,0,35.40425596,-102.6027606,48359.0,426.1363636363636,11.111111111111109,8,7,1,0,6,7,2131,2,0,0,2,0
2020-07-20,US,Texas,Orange,720,7,0,30.11879481,-93.89412775,48361.0,863.3507602283082,0.9722222222222222,713,720,7,0,713,720,83572,0,0,0,0,0
2020-07-20,US,Texas,Palo Pinto,84,2,0,32.75310985,-98.31319001,48363.0,287.77964301620466,2.380952380952381,82,84,2,0,82,84,28875,0,0,0,0,0
2020-07-20,US,Texas,Panola,248,24,0,32.163959600000005,-94.30552481,48365.0,1069.2420453565578,9.677419354838712,224,241,24,0,217,238,23148,7,0,0,7,3
2020-07-20,US,Texas,Parker,697,1,0,32.77757172,-97.80500621,48367.0,487.82877699855817,0.14347202295552364,696,697,1,0,696,697,138371,0,0,0,0,0
2020-07-20,US,Texas,Parmer,261,8,0,34.52993409,-102.7844668,48369.0,2717.334721499219,3.0651340996168583,253,257,8,0,249,257,9864,4,0,0,4,0
2020-07-20,US,Texas,Pecos,166,1,0,30.78097267,-102.7241261,48371.0,1049.1057321620426,0.6024096385542169,165,166,1,0,165,166,15673,0,0,0,0,0
2020-07-20,US,Texas,Polk,414,1,0,30.79472531,-94.8276624,48373.0,806.1846435456546,0.24154589371980675,413,414,1,0,413,414,50031,0,0,0,0,0
2020-07-20,US,Texas,Potter,3159,39,0,35.40133773,-101.893964,48375.0,2690.456926287101,1.2345679012345678,3120,3159,39,0,3120,3159,119648,0,0,0,0,0
2020-07-20,US,Texas,Presidio,28,0,0,29.99954402,-104.2408079,48377.0,417.6610978520287,0.0,28,28,0,0,28,28,6948,0,0,0,0,0
2020-07-20,US,Texas,Rains,25,1,0,32.87109387,-95.79232691,48379.0,199.7762505993288,4.0,24,25,1,0,24,25,12159,0,0,0,0,0
2020-07-20,US,Texas,Randall,1260,7,0,34.96585996,-101.8971322,48381.0,914.946301365884,0.5555555555555556,1253,1260,7,0,1253,1260,136271,0,0,0,0,0
2020-07-20,US,Texas,Reagan,49,1,0,31.36607041,-101.5232659,48383.0,1273.0579371265264,2.0408163265306123,48,47,1,0,46,47,3741,2,0,0,2,0
2020-07-20,US,Texas,Real,8,0,0,29.83321503,-99.82018052,48385.0,231.74971031286208,0.0,8,8,0,0,8,8,3478,0,0,0,0,0
2020-07-20,US,Texas,Red River,130,12,0,33.61886692,-95.04841765,48387.0,1081.2609165765616,9.23076923076923,118,129,12,0,117,129,12175,1,0,0,1,0
2020-07-20,US,Texas,Reeves,90,2,0,31.32323325,-103.6903896,48389.0,563.3450175262892,2.2222222222222223,88,89,2,0,87,89,15695,1,0,0,1,0
2020-07-20,US,Texas,Refugio,89,0,0,28.3238976,-97.15766311,48391.0,1280.944156591825,0.0,89,79,0,0,79,76,7032,10,0,0,10,3
2020-07-20,US,Texas,Roberts,6,0,0,35.83809685,-100.813175,48393.0,702.5761124121782,0.0,6,6,0,0,6,6,903,0,0,0,0,0
2020-07-20,US,Texas,Robertson,155,0,0,31.02539637,-96.51272246,48395.0,907.8130490804732,0.0,155,155,0,0,155,143,17284,0,0,0,0,12
2020-07-20,US,Texas,Rockwall,537,17,0,32.89779518,-96.40771592,48397.0,511.8429204594195,3.165735567970205,520,537,17,0,520,537,100657,0,0,0,0,0
2020-07-20,US,Texas,Runnels,35,0,0,31.8314342,-99.97616148,48399.0,340.99766173031963,0.0,35,35,0,0,35,35,10234,0,0,0,0,0
2020-07-20,US,Texas,Rusk,260,3,0,32.10773545,-94.76176432,48401.0,477.8884681836562,1.1538461538461535,257,271,3,0,268,270,54450,-11,0,0,-11,1
2020-07-20,US,Texas,Sabine,36,1,0,31.34318809,-93.85440451,48403.0,341.49117814456457,2.7777777777777777,35,35,1,0,34,35,10589,1,0,0,1,0
2020-07-20,US,Texas,San Augustine,139,12,0,31.39457611,-94.17000399,48405.0,1687.5075877139734,8.633093525179858,127,139,12,0,127,139,8232,0,0,0,0,0
2020-07-20,US,Texas,San Jacinto,125,2,0,30.57933681,-95.16260304,48407.0,433.14044145673796,1.6,123,130,2,0,128,128,28719,-5,0,0,-5,2
2020-07-20,US,Texas,San Patricio,402,0,0,28.00880118,-97.51763891,48409.0,602.4276936909937,0.0,402,402,0,0,402,402,66893,0,0,0,0,0
2020-07-20,US,Texas,San Saba,11,0,0,31.1577796,-98.81758731,48411.0,181.66804293971924,0.0,11,11,0,0,11,10,6054,0,0,0,0,1
2020-07-20,US,Texas,Schleicher,30,1,0,30.89740592,-100.5384842,48413.0,1074.1138560687432,3.333333333333333,29,30,1,0,29,30,2895,0,0,0,0,0
2020-07-20,US,Texas,Scurry,367,1,0,32.74613808,-100.9162664,48415.0,2197.210082021194,0.2724795640326976,366,367,1,0,366,367,16866,0,0,0,0,0
2020-07-20,US,Texas,Shackelford,13,0,0,32.73587756,-99.35401337,48417.0,398.1623277182237,0.0,13,13,0,0,13,13,3253,0,0,0,0,0
2020-07-20,US,Texas,Shelby,322,14,0,31.79211404,-94.14550696,48419.0,1274.0365593099627,4.3478260869565215,308,321,14,0,307,321,25418,1,0,0,1,0
2020-07-20,US,Texas,Sherman,34,0,0,36.27751473,-101.8933156,48421.0,1125.0827266710787,0.0,34,34,0,0,34,34,3079,0,0,0,0,0
2020-07-20,US,Texas,Smith,1762,10,0,32.37474036,-95.2717568,48423.0,757.0321932021774,0.5675368898978433,1752,1762,10,0,1752,1762,230221,0,0,0,0,0
2020-07-20,US,Texas,Somervell,35,0,0,32.22236802,-97.77403489,48425.0,383.4355828220858,0.0,35,35,0,0,35,35,9016,0,0,0,0,0
2020-07-20,US,Texas,Starr,1362,15,0,26.56150059,-98.73892358,48427.0,2107.2826574660003,1.1013215859030836,1347,1362,15,0,1347,1362,64525,0,0,0,0,0
2020-07-20,US,Texas,Stephens,16,0,0,32.73553157,-98.83631615,48429.0,170.8306641042067,0.0,16,16,0,0,16,16,9433,0,0,0,0,0
2020-07-20,US,Texas,Sterling,1,0,0,31.82781912,-101.0500746,48431.0,77.45933384972889,0.0,1,1,0,0,1,1,1311,0,0,0,0,0
2020-07-20,US,Texas,Stonewall,4,0,0,33.17906744,-100.2538401,48433.0,296.2962962962963,0.0,4,4,0,0,4,4,1362,0,0,0,0,0
2020-07-20,US,Texas,Sutton,39,0,0,30.49856623,-100.5382014,48435.0,1032.8389830508472,0.0,39,39,0,0,39,39,3758,0,0,0,0,0
2020-07-20,US,Texas,Swisher,65,1,0,34.53028891,-101.7349174,48437.0,878.7346221441124,1.5384615384615383,64,64,1,0,63,64,7462,1,0,0,1,0
2020-07-20,US,Texas,Tarrant,22002,299,0,32.77143818,-97.29101614,48439.0,1046.4610240592813,1.3589673666030362,21703,21617,298,0,21319,21195,2084931,385,1,0,384,422
2020-07-20,US,Texas,Taylor,921,11,0,32.30163422,-99.89007449,48441.0,667.2269151078723,1.1943539630836049,910,904,11,0,893,891,137640,17,0,0,17,13
2020-07-20,US,Texas,Terrell,2,0,0,30.22429013,-102.0766732,48443.0,257.73195876288656,0.0,2,2,0,0,2,2,823,0,0,0,0,0
2020-07-20,US,Texas,Terry,64,0,0,33.17402785,-102.3354521,48445.0,518.7646915781795,0.0,64,64,0,0,64,64,12287,0,0,0,0,0
2020-07-20,US,Texas,Throckmorton,2,0,0,33.17751417,-99.21226795,48447.0,133.24450366422386,0.0,2,2,0,0,2,2,1515,0,0,0,0,0
2020-07-20,US,Texas,Titus,1087,6,0,33.21339719,-94.96797273,48449.0,3319.083969465649,0.5519779208831647,1081,1071,6,0,1065,1071,33033,16,0,0,16,0
2020-07-20,US,Texas,Tom Green,1560,13,0,31.40464436,-100.462443,48451.0,1308.724832214765,0.8333333333333334,1547,1497,11,0,1486,1455,118189,63,2,0,61,42
2020-07-20,US,Texas,Travis,17646,203,0,30.33432034,-97.7853562,48453.0,1385.1363550018286,1.150402357474782,17443,17454,203,0,17251,17215,1248743,192,0,0,192,239
2020-07-20,US,Texas,Trinity,102,0,0,31.0879489,-95.1367187,48455.0,696.1982117261621,0.0,102,97,0,0,97,97,14740,5,0,0,5,0
2020-07-20,US,Texas,Tyler,49,0,0,30.77031716,-94.37690895,48457.0,226.09819121447032,0.0,49,49,0,0,49,48,21696,0,0,0,0,1
2020-07-20,US,Texas,Upshur,130,0,0,32.73706798,-94.93999853,48459.0,311.3548727037578,0.0,130,123,0,0,123,121,41260,7,0,0,7,2
2020-07-20,US,Texas,Upton,13,0,0,31.36868194,-102.0423217,48461.0,355.48263604047025,0.0,13,11,0,0,11,11,3671,2,0,0,2,0
2020-07-20,US,Texas,Uvalde,325,4,0,29.35739637,-99.76229172,48463.0,1215.362177929023,1.2307692307692308,321,315,4,0,311,308,26846,10,0,0,10,7
2020-07-20,US,Texas,Val Verde,964,8,0,29.89149232,-101.1525205,48465.0,1966.3437021927589,0.8298755186721992,956,875,8,0,867,875,49208,89,0,0,89,0
2020-07-20,US,Texas,Van Zandt,244,3,0,32.56483801,-95.83766469,48467.0,431.1715850857042,1.2295081967213115,241,244,3,0,241,244,56019,0,0,0,0,0
2020-07-20,US,Texas,Victoria,2188,18,0,28.79780988,-96.96813006,48469.0,2376.091394813431,0.8226691042047533,2170,2188,18,0,2170,2188,92035,0,0,0,0,0
2020-07-20,US,Texas,Walker,2606,28,0,30.73872995,-95.57440968,48471.0,3571.2817420619153,1.0744435917114352,2578,2586,28,0,2558,2568,72480,20,0,0,20,18
2020-07-20,US,Texas,Waller,298,0,0,30.01058447,-95.99011759,48473.0,539.4055678239149,0.0,298,288,0,0,288,286,53126,10,0,0,10,2
2020-07-20,US,Texas,Ward,67,1,0,31.50999644,-103.0927909,48475.0,558.4264044007333,1.492537313432836,66,67,1,0,66,67,11720,0,0,0,0,0
2020-07-20,US,Texas,Washington,388,34,0,30.21498498,-96.40946246,48477.0,1081.3221113650295,8.762886597938143,354,387,34,0,353,379,35108,1,0,0,1,8
2020-07-20,US,Texas,Webb,3950,65,0,27.7610369,-99.33237355,48479.0,1427.7865332620045,1.6455696202531649,3885,3829,62,0,3767,3677,275910,121,3,0,118,152
2020-07-20,US,Texas,Wharton,420,1,0,29.27765923,-96.22319248,48481.0,1010.6843777071904,0.2380952380952381,419,403,1,0,402,395,41619,17,0,0,17,8
2020-07-20,US,Texas,Wheeler,27,0,0,35.40114335,-100.2699514,48483.0,534.0189873417721,0.0,27,26,0,0,26,26,5191,1,0,0,1,0
2020-07-20,US,Texas,Wichita,751,9,0,33.98842886,-98.7041034,48485.0,567.94978446646,1.1984021304926764,742,709,8,0,701,709,132064,42,1,0,41,0
2020-07-20,US,Texas,Wilbarger,23,0,0,34.07945812,-99.24178437,48487.0,180.12373717597302,0.0,23,23,0,0,23,23,12820,0,0,0,0,0
2020-07-20,US,Texas,Willacy,474,3,0,26.47411727,-97.61535848,48489.0,2219.30892405656,0.6329113924050633,471,473,3,0,470,471,21515,1,0,0,1,2
2020-07-20,US,Texas,Williamson,4888,74,0,30.64655664,-97.6004854,48491.0,827.70158716182,1.5139116202945992,4814,4792,72,0,4720,4686,566719,96,2,0,94,106
2020-07-20,US,Texas,Wilson,352,5,0,29.1732598,-98.08693082,48493.0,689.2500489524182,1.4204545454545454,347,352,5,0,347,344,50224,0,0,0,0,8
2020-07-20,US,Texas,Winkler,55,0,0,31.85008651,-103.0485163,48495.0,686.641697877653,0.0,55,55,0,0,55,55,7720,0,0,0,0,0
2020-07-20,US,Texas,Wise,219,5,0,33.21570665,-97.65460265,48497.0,312.92866941015086,2.2831050228310503,214,219,5,0,214,219,68305,0,0,0,0,0
2020-07-20,US,Texas,Wood,174,5,0,32.78722382,-95.38236368,48499.0,382.09007663760735,2.8735632183908044,169,174,5,0,169,174,45129,0,0,0,0,0
2020-07-20,US,Texas,Yoakum,56,0,0,33.17320212,-102.8276433,48501.0,642.7177780328245,0.0,56,56,0,0,56,56,8591,0,0,0,0,0
2020-07-20,US,Texas,Young,71,1,0,33.17659707,-98.68790885,48503.0,394.22543031649076,1.4084507042253518,70,71,1,0,70,71,18045,0,0,0,0,0
2020-07-20,US,Texas,Zapata,113,1,0,27.00156391,-99.16987152,48505.0,796.9532407080894,0.8849557522123894,112,113,1,0,112,113,14190,0,0,0,0,0
2020-07-20,US,Texas,Zavala,95,0,0,28.86617238,-99.76050829,48507.0,802.3648648648648,0.0,95,95,0,0,95,90,11983,0,0,0,0,5
2020-07-20,US,Utah,Bear River,1945,4,0,41.52106798,-113.0832816,0.0,1041.1202346668954,0.20565552699228792,1941,1933,4,0,1929,1898,,12,0,0,12,35
2020-07-20,US,Utah,Central Utah,306,0,0,39.37231946,-111.5758676,0.0,373.38018888644854,0.0,306,306,0,0,306,301,,0,0,0,0,5
2020-07-20,US,Utah,Davis,2360,7,0,40.99001837,-112.1139997,49011.0,663.8892092685685,0.2966101694915254,2353,2325,7,0,2318,2249,351713,35,0,0,35,76
2020-07-20,US,Utah,Salt Lake,16693,138,0,40.66616532,-111.9216011,49035.0,1438.5098027725762,0.8266938237584617,16555,16523,136,0,16387,16176,1152633,170,2,0,168,347
2020-07-20,US,Utah,San Juan,536,19,0,37.62762978,-109.80337140000002,49037.0,3501.437157042069,3.544776119402985,517,533,19,0,514,511,15449,3,0,0,3,22
2020-07-20,US,Utah,Southeast Utah,60,0,0,38.99617072,-110.7013958,0.0,149.146138357901,0.0,60,58,0,0,58,56,,2,0,0,2,2
2020-07-20,US,Utah,Southwest Utah,2497,21,0,37.85447192,-111.4418764,0.0,990.707897890034,0.8410092110532639,2476,2437,21,0,2416,2369,,60,0,0,60,68
2020-07-20,US,Utah,Summit,637,1,0,40.86688146,-110.9535882,49043.0,1511.448570411674,0.15698587127158556,636,635,1,0,634,620,41933,2,0,0,2,15
2020-07-20,US,Utah,Tooele,441,0,0,40.44862644,-113.1295715,49045.0,610.3045987351056,0.0,441,434,0,0,434,417,69907,7,0,0,7,17
2020-07-20,US,Utah,TriCounty,109,0,0,40.12491499,-109.5174415,0.0,192.50468015965527,0.0,109,103,0,0,103,101,,6,0,0,6,2
2020-07-20,US,Utah,Utah,6380,31,0,40.1166722,-111.6657662,49049.0,1002.7741321995804,0.4858934169278997,6349,6287,30,0,6257,6148,622213,93,1,0,92,139
2020-07-20,US,Utah,Wasatch,491,4,0,40.33110236,-111.1691419,49051.0,1440.2628259657974,0.8146639511201629,487,489,4,0,485,481,33240,2,0,0,2,8
2020-07-20,US,Utah,Weber-Morgan,2071,22,0,41.27116049,-111.9145117,0.0,760.4548775965072,1.0622887493964268,2049,2054,21,0,2033,2005,,17,1,0,16,49
2020-07-20,US,Vermont,Addison,71,2,0,44.03217337,-73.14130877,50001.0,193.0554422601081,2.8169014084507036,69,70,2,0,68,70,36973,1,0,0,1,0
2020-07-20,US,Vermont,Bennington,79,1,0,43.03519828,-73.09048868,50003.0,222.7234282492247,1.2658227848101269,78,79,1,0,78,76,35631,0,0,0,0,3
2020-07-20,US,Vermont,Caledonia,25,0,0,44.46548598,-72.10314651,50005.0,83.3527823158737,0.0,25,24,0,0,24,24,30302,1,0,0,1,0
2020-07-20,US,Vermont,Chittenden,688,39,0,44.46322849,-73.08359212,50007.0,420.0911011515868,5.668604651162791,649,683,39,0,644,681,164572,5,0,0,5,2
2020-07-20,US,Vermont,Essex,5,0,0,44.72736416,-71.73579864,50009.0,81.12932013629725,0.0,5,5,0,0,5,5,6250,0,0,0,0,0
2020-07-20,US,Vermont,Franklin,110,6,0,44.85627605,-72.91249563,50011.0,222.66305007894417,5.454545454545454,104,110,6,0,104,110,49421,0,0,0,0,0
2020-07-20,US,Vermont,Grand Isle,13,0,0,44.7975824,-73.29679772,50013.0,179.68210089841045,0.0,13,13,0,0,13,13,7090,0,0,0,0,0
2020-07-20,US,Vermont,Lamoille,42,1,0,44.60353043,-72.64356694,50015.0,165.60208185474332,2.380952380952381,41,42,1,0,41,41,25300,0,0,0,0,1
2020-07-20,US,Vermont,Orange,11,0,0,44.00470222,-72.37640104,50017.0,38.07282292676173,0.0,11,11,0,0,11,10,28999,0,0,0,0,1
2020-07-20,US,Vermont,Orleans,14,0,0,44.82964024,-72.24562697,50019.0,51.78089285053815,0.0,14,14,0,0,14,14,26907,0,0,0,0,0
2020-07-20,US,Vermont,Rutland,80,1,0,43.57723578,-73.03741676,50021.0,137.47830420511764,1.25,79,80,1,0,79,79,58672,0,0,0,0,1
2020-07-20,US,Vermont,Unassigned,10,0,0,0.0,0.0,90050.0,0.0,0.0,10,9,0,0,9,6,,1,0,0,1,3
2020-07-20,US,Vermont,Washington,45,1,0,44.27343241,-72.61604978,50023.0,77.04292146758205,2.2222222222222223,44,45,1,0,44,45,58140,0,0,0,0,0
2020-07-20,US,Vermont,Windham,100,3,0,42.986982,-72.71268875,50025.0,236.84335180711483,3.0,97,100,3,0,97,99,42756,0,0,0,0,1
2020-07-20,US,Vermont,Windsor,67,2,0,43.58010937,-72.58595157,50027.0,121.68101412952672,2.985074626865672,65,65,2,0,63,65,55286,2,0,0,2,0
2020-07-20,US,Virginia,Accomack,1053,15,0,37.76707161,-75.63234615,51001.0,3258.4478277014477,1.4245014245014245,1038,1052,15,0,1037,1051,32412,1,0,0,1,1
2020-07-20,US,Virginia,Albemarle,628,10,0,38.02080697,-78.55481085,51003.0,574.4077563340346,1.5923566878980893,618,616,10,0,606,608,108718,12,0,0,12,8
2020-07-20,US,Virginia,Alexandria,2559,56,0,38.814003,-77.08183073,51510.0,1605.113279975914,2.188354826103947,2503,2547,56,0,2491,2540,160530,12,0,0,12,7
2020-07-20,US,Virginia,Alleghany,55,2,0,37.78636074,-80.00222498,51005.0,370.12113055181686,3.636363636363636,53,55,2,0,53,54,14910,0,0,0,0,1
2020-07-20,US,Virginia,Amelia,60,1,0,37.34081025,-77.98584649,51007.0,456.44731837200464,1.6666666666666667,59,60,1,0,59,59,13013,0,0,0,0,1
2020-07-20,US,Virginia,Amherst,60,0,0,37.60308293,-79.14548696,51009.0,189.84337921215,0.0,60,52,0,0,52,49,31666,8,0,0,8,3
2020-07-20,US,Virginia,Appomattox,54,0,0,37.37569884,-78.81340003,51011.0,339.38784488718494,0.0,54,49,0,0,49,49,15841,5,0,0,5,0
2020-07-20,US,Virginia,Arlington,2737,135,0,38.8767675,-77.10139853,51013.0,1155.622735832327,4.932407745706978,2602,2733,135,0,2598,2726,237521,4,0,0,4,7
2020-07-20,US,Virginia,Augusta,229,2,0,38.16404586,-79.12461614,51015.0,303.07842981550596,0.8733624454148472,227,226,2,0,224,225,75457,3,0,0,3,1
2020-07-20,US,Virginia,Bath,2,0,0,38.05852573,-79.73912095,51017.0,48.22763443453098,0.0,2,2,0,0,2,2,4292,0,0,0,0,0
2020-07-20,US,Virginia,Bedford,191,4,0,37.3080028,-79.5281964,51019.0,241.7813334683596,2.094240837696335,187,181,4,0,177,178,78747,10,0,0,10,3
2020-07-20,US,Virginia,Bland,5,0,0,37.13128068,-81.13599391,51021.0,79.61783439490445,0.0,5,5,0,0,5,5,6293,0,0,0,0,0
2020-07-20,US,Virginia,Botetourt,166,4,0,37.55531756,-79.80982182,51023.0,496.7234208085221,2.409638554216868,162,165,4,0,161,165,33277,1,0,0,1,0
2020-07-20,US,Virginia,Bristol,23,0,0,36.6163024,-82.16359122,51520.0,137.21512945949172,0.0,23,21,0,0,21,18,16482,2,0,0,2,3
2020-07-20,US,Virginia,Brunswick,157,1,0,36.76366949,-77.8593436,51025.0,967.2848253342372,0.6369426751592356,156,154,1,0,153,150,16384,3,0,0,3,4
2020-07-20,US,Virginia,Buchanan,54,0,0,37.26818323,-82.03749726,51027.0,257.09388687868983,0.0,54,53,0,0,53,54,21221,1,0,0,1,-1
2020-07-20,US,Virginia,Buckingham,584,6,0,37.57242268,-78.52518834,51029.0,3405.6449731747143,1.0273972602739727,578,582,6,0,576,579,16999,2,0,0,2,3
2020-07-20,US,Virginia,Buena Vista,29,0,0,37.73484642,-79.35296097,51530.0,447.6690336523618,0.0,29,29,0,0,29,29,6237,0,0,0,0,0
2020-07-20,US,Virginia,Campbell,80,1,0,37.20553386,-79.09678609,51031.0,145.75931493121982,1.25,79,77,1,0,76,74,54973,3,0,0,3,3
2020-07-20,US,Virginia,Caroline,157,4,0,38.02679129,-77.34901405,51033.0,510.9845402766477,2.5477707006369426,153,157,4,0,153,157,30772,0,0,0,0,0
2020-07-20,US,Virginia,Carroll,279,10,0,36.73066666,-80.73455942,51035.0,936.5244536940687,3.584229390681004,269,279,10,0,269,275,29636,0,0,0,0,4
2020-07-20,US,Virginia,Charles City,43,3,0,37.35358063,-77.05634116,51036.0,617.5499066494327,6.9767441860465125,40,43,3,0,40,43,6941,0,0,0,0,0
2020-07-20,US,Virginia,Charlotte,39,0,0,37.01909701,-78.66314092,51037.0,328.28282828282835,0.0,39,39,0,0,39,39,11938,0,0,0,0,0
2020-07-20,US,Virginia,Charlottesville,361,7,0,38.03527919,-78.48569588,51540.0,763.7625354377353,1.9390581717451525,354,343,7,0,336,341,48117,18,0,0,18,2
2020-07-20,US,Virginia,Chesapeake,1758,24,0,36.67670048,-76.30545744,51550.0,718.0345947270613,1.3651877133105803,1734,1685,24,0,1661,1612,242634,73,0,0,73,73
2020-07-20,US,Virginia,Chesterfield,3472,65,0,37.37373208,-77.58680140000001,51041.0,984.1214052074533,1.8721198156682028,3407,3447,65,0,3382,3427,348556,25,0,0,25,20
2020-07-20,US,Virginia,Clarke,64,0,0,39.11271747,-77.99199425,51043.0,437.78644230111496,0.0,64,61,0,0,61,61,14523,3,0,0,3,0
2020-07-20,US,Virginia,Colonial Heights,164,20,0,37.26420587,-77.39609676,51570.0,944.1565918249856,12.19512195121951,144,163,20,0,143,163,17833,1,0,0,1,0
2020-07-20,US,Virginia,Covington,7,0,0,37.7824656,-79.98631446,51580.0,126.39942217407007,0.0,7,7,0,0,7,6,5460,0,0,0,0,1
2020-07-20,US,Virginia,Craig,11,0,0,37.48133648,-80.21072274,51045.0,214.38316117715846,0.0,11,11,0,0,11,11,5064,0,0,0,0,0
2020-07-20,US,Virginia,Culpeper,900,12,0,38.48199985,-77.95630870000002,51047.0,1710.8639863130884,1.3333333333333333,888,895,12,0,883,890,51859,5,0,0,5,5
2020-07-20,US,Virginia,Cumberland,60,0,0,37.51328851,-78.24398086,51049.0,604.1079339508659,0.0,60,60,0,0,60,60,9809,0,0,0,0,0
2020-07-20,US,Virginia,Danville,196,3,0,36.58022376,-79.40395668,51590.0,489.46159224852653,1.5306122448979589,193,188,2,0,186,169,40693,8,1,0,7,19
2020-07-20,US,Virginia,Dickenson,10,0,0,37.12560977,-82.35124171,51051.0,69.8421567257997,0.0,10,10,0,0,10,9,14523,0,0,0,0,1
2020-07-20,US,Virginia,Dinwiddie,168,2,0,37.07544585,-77.63451754,51053.0,588.5650224215246,1.1904761904761905,166,167,2,0,165,166,28529,1,0,0,1,1
2020-07-20,US,Virginia,Emporia,151,15,0,36.69455571,-77.53406129,51595.0,2824.5417134306012,9.933774834437086,136,151,15,0,136,151,5121,0,0,0,0,0
2020-07-20,US,Virginia,Essex,71,0,0,37.93357639,-76.94230311,51057.0,648.2242308043459,0.0,71,69,0,0,69,68,10919,2,0,0,2,1
2020-07-20,US,Virginia,Fairfax,14934,508,0,38.83677558,-77.27565836,51059.0,1301.401616686942,3.401633855631445,14426,14878,508,0,14370,14798,1150795,56,0,0,56,80
2020-07-20,US,Virginia,Fairfax,14934,508,0,38.83677558,-77.27565836,51059.0,1301.401616686942,3.401633855631445,14426,14878,508,0,14370,14798,24574,56,0,0,56,80
2020-07-20,US,Virginia,Fairfax City,73,7,0,38.85157547,-77.29779640000002,51600.0,303.9260585369916,9.58904109589041,66,73,7,0,66,73,24574,0,0,0,0,0
2020-07-20,US,Virginia,Falls Church,55,7,0,38.88485255,-77.17560759,51610.0,376.27420127249087,12.727272727272727,48,54,7,0,47,54,14772,1,0,0,1,0
2020-07-20,US,Virginia,Fauquier,530,8,0,38.73564842,-77.80647472,51061.0,744.1520878380278,1.509433962264151,522,528,8,0,520,522,70675,2,0,0,2,6
2020-07-20,US,Virginia,Floyd,28,1,0,36.9302126,-80.36738849,51063.0,177.7890659724427,3.571428571428572,27,28,1,0,27,27,15795,0,0,0,0,1
2020-07-20,US,Virginia,Fluvanna,146,8,0,37.84157909,-78.27715475,51065.0,535.3868720205354,5.479452054794519,138,145,8,0,137,145,26783,1,0,0,1,0
2020-07-20,US,Virginia,Franklin,117,1,0,36.99536167,-79.88023649,51067.0,208.77199243424573,0.8547008547008547,116,117,1,0,116,117,56195,0,0,0,0,0
2020-07-20,US,Virginia,Franklin,117,1,0,36.99536167,-79.88023649,51067.0,208.77199243424573,0.8547008547008547,116,117,1,0,116,117,8013,0,0,0,0,0
2020-07-20,US,Virginia,Franklin City,93,4,0,36.6831435,-76.93859681,51620.0,1167.3151750972766,4.301075268817204,89,89,4,0,85,87,8013,4,0,0,4,2
2020-07-20,US,Virginia,Frederick,597,7,0,39.20172582,-78.25974949,51069.0,668.4357260421215,1.1725293132328307,590,588,7,0,581,582,88355,9,0,0,9,6
2020-07-20,US,Virginia,Fredericksburg,296,0,0,38.2977863,-77.4922454,51630.0,1019.4241631078661,0.0,296,296,0,0,296,294,29144,0,0,0,0,2
2020-07-20,US,Virginia,Galax,304,16,0,36.66601852,-80.91703124,51640.0,4789.664408381913,5.2631578947368425,288,300,16,0,284,299,6423,4,0,0,4,1
2020-07-20,US,Virginia,Giles,18,0,0,37.31234791,-80.70636931,51071.0,107.65550239234449,0.0,18,18,0,0,18,18,16844,0,0,0,0,0
2020-07-20,US,Virginia,Gloucester,99,1,0,37.40809042,-76.53524337,51073.0,265.07443504337584,1.0101010101010102,98,93,1,0,92,88,37349,6,0,0,6,5
2020-07-20,US,Virginia,Goochland,139,6,0,37.71714806,-77.90381514,51075.0,585.1892392539891,4.316546762589929,133,139,6,0,133,138,23244,0,0,0,0,1
2020-07-20,US,Virginia,Grayson,104,4,0,36.65677234,-81.23215889,51077.0,668.8102893890675,3.8461538461538463,100,103,4,0,99,100,15631,1,0,0,1,3
2020-07-20,US,Virginia,Greene,96,2,0,38.29545894,-78.46525378,51079.0,484.3836722337151,2.083333333333333,94,93,2,0,91,92,19779,3,0,0,3,1
2020-07-20,US,Virginia,Greensville,388,9,0,36.67878901,-77.56351439,51081.0,3422.7240649259,2.31958762886598,379,387,9,0,378,387,11627,1,0,0,1,0
2020-07-20,US,Virginia,Halifax,105,1,0,36.76654925,-78.93512622,51083.0,309.6340420512518,0.9523809523809524,104,102,1,0,101,98,34120,3,0,0,3,4
2020-07-20,US,Virginia,Hampton,723,4,0,37.03513786,-76.35879121,51650.0,537.5065050925582,0.5532503457814661,719,701,4,0,697,645,134313,22,0,0,22,56
2020-07-20,US,Virginia,Hanover,518,30,0,37.7583355,-77.49464673,51085.0,480.671083644192,5.791505791505792,488,514,30,0,484,511,107239,4,0,0,4,3
2020-07-20,US,Virginia,Harrisonburg,1009,29,0,38.43542574,-78.87536254,51660.0,1903.1990342538104,2.874132804757185,980,1006,29,0,977,1004,54033,3,0,0,3,2
2020-07-20,US,Virginia,Henrico,3058,175,0,37.53460572,-77.39326555,51087.0,924.3753362876264,5.722694571615435,2883,3037,175,0,2862,3005,329261,21,0,0,21,32
2020-07-20,US,Virginia,Henry,393,5,0,36.68542395,-79.87634026,51089.0,777.3404276361334,1.272264631043257,388,393,5,0,388,393,50953,0,0,0,0,0
2020-07-20,US,Virginia,Highland,3,0,0,38.35799465,-79.56124594,51091.0,136.98630136986299,0.0,3,3,0,0,3,3,2210,0,0,0,0,0
2020-07-20,US,Virginia,Hopewell,231,5,0,37.29186313,-77.29754684,51670.0,1025.3451107461494,2.1645021645021645,226,228,5,0,223,225,22596,3,0,0,3,3
2020-07-20,US,Virginia,Isle of Wight,277,9,0,36.90579348,-76.70842863,51093.0,746.4496483332886,3.249097472924188,268,265,9,0,256,259,36953,12,0,0,12,6
2020-07-20,US,Virginia,James City,452,16,0,37.31156958,-76.76950618,51095.0,590.6720855167728,3.5398230088495577,436,437,16,0,421,402,76397,15,0,0,15,35
2020-07-20,US,Virginia,King George,108,4,0,38.26818502,-77.15852768,51099.0,402.4444775674466,3.703703703703704,104,108,4,0,104,107,26575,0,0,0,0,1
2020-07-20,US,Virginia,King William,63,2,0,37.70965316,-77.09384941,51101.0,367.3897830650805,3.1746031746031744,61,62,2,0,60,60,16939,1,0,0,1,2
2020-07-20,US,Virginia,King and Queen,32,1,0,37.71044922,-76.88689628,51097.0,455.5160142348754,3.125,31,32,1,0,31,32,7042,0,0,0,0,0
2020-07-20,US,Virginia,Lancaster,23,0,0,37.71889653,-76.46400482,51103.0,216.9197396963124,0.0,23,23,0,0,23,23,10783,0,0,0,0,0
2020-07-20,US,Virginia,Lee,35,0,0,36.70586667,-83.12606515,51105.0,149.425778081373,0.0,35,32,0,0,32,32,23541,3,0,0,3,0
2020-07-20,US,Virginia,Lexington,23,0,0,37.78258621,-79.44262866,51678.0,308.890679559495,0.0,23,23,0,0,23,23,7136,0,0,0,0,0
2020-07-20,US,Virginia,Loudoun,4670,103,0,39.08990083,-77.63481877,51107.0,1129.2795341661467,2.2055674518201287,4567,4647,103,0,4544,4596,406850,23,0,0,23,51
2020-07-20,US,Virginia,Louisa,155,2,0,37.97850256,-77.96274807,51109.0,412.3327392194941,1.2903225806451613,153,151,2,0,149,149,36778,4,0,0,4,2
2020-07-20,US,Virginia,Lunenburg,43,0,0,36.94618528,-78.24133319,51111.0,352.5746146277468,0.0,43,42,0,0,42,42,12086,1,0,0,1,0
2020-07-20,US,Virginia,Lynchburg,251,1,0,37.40021399,-79.19888138,51680.0,305.4717164833025,0.398406374501992,250,236,1,0,235,226,82126,15,0,0,15,10
2020-07-20,US,Virginia,Madison,51,1,0,38.41531222,-78.28220331,51113.0,384.5863811175628,1.96078431372549,50,51,1,0,50,52,13295,0,0,0,0,-1
2020-07-20,US,Virginia,Manassas,1530,20,0,38.7464321,-77.48509905,51683.0,3723.986856516977,1.30718954248366,1510,1527,20,0,1507,1521,41641,3,0,0,3,6
2020-07-20,US,Virginia,Manassas Park,473,7,0,38.77058531,-77.44399307,51685.0,2706.259297402449,1.4799154334038056,466,472,7,0,465,470,17307,1,0,0,1,2
2020-07-20,US,Virginia,Martinsville,132,1,0,36.68212094,-79.86352771,51690.0,1051.4577027242312,0.7575757575757576,131,132,1,0,131,132,12902,0,0,0,0,0
2020-07-20,US,Virginia,Mathews,10,0,0,37.44164146,-76.34098896,51115.0,113.19900384876611,0.0,10,8,0,0,8,7,8802,2,0,0,2,1
2020-07-20,US,Virginia,Mecklenburg,280,30,0,36.67882005,-78.36131056,51117.0,915.4215843332132,10.714285714285714,250,277,30,0,247,273,30650,3,0,0,3,4
2020-07-20,US,Virginia,Middlesex,20,1,0,37.63191998,-76.55064617,51119.0,189.000189000189,5.0,19,18,0,0,18,18,10769,2,1,0,1,0
2020-07-20,US,Virginia,Montgomery,220,3,0,37.17746986,-80.37868691,51121.0,223.2709189628051,1.3636363636363635,217,216,3,0,213,211,98985,4,0,0,4,5
2020-07-20,US,Virginia,Nelson,28,0,0,37.78790447,-78.88498513,51125.0,187.5418620227729,0.0,28,28,0,0,28,28,14836,0,0,0,0,0
2020-07-20,US,Virginia,New Kent,90,1,0,37.50694406,-76.99828634,51127.0,389.7622450305314,1.1111111111111112,89,88,1,0,87,84,22391,2,0,0,2,4
2020-07-20,US,Virginia,Newport News,1206,14,0,37.08166899,-76.51754109,51700.0,672.8971962616823,1.1608623548922057,1192,1151,13,0,1138,1029,178626,55,1,0,54,122
2020-07-20,US,Virginia,Norfolk,2214,20,0,36.89934014,-76.26420872,51710.0,912.0794918061152,0.9033423667570007,2194,2155,19,0,2136,2134,244076,59,1,0,58,21
2020-07-20,US,Virginia,Northampton,279,28,0,37.34062933,-75.87751591,51131.0,2382.578992314261,10.03584229390681,251,278,28,0,250,278,11735,1,0,0,1,0
2020-07-20,US,Virginia,Northumberland,55,1,0,37.89202088,-76.41949732,51133.0,454.733360892931,1.818181818181818,54,52,1,0,51,50,12147,3,0,0,3,2
2020-07-20,US,Virginia,Norton,5,0,0,36.93357076,-82.62750411,51720.0,125.59658377292138,0.0,5,4,0,0,4,4,3968,1,0,0,1,0
2020-07-20,US,Virginia,Nottoway,150,6,0,37.1435975,-78.05065922,51135.0,984.7689075630252,4.0,144,142,6,0,136,143,15420,8,0,0,8,-1
2020-07-20,US,Virginia,Orange,179,3,0,38.24530219,-78.01560400000002,51137.0,483.117864565059,1.675977653631285,176,176,3,0,173,174,36644,3,0,0,3,2
2020-07-20,US,Virginia,Page,317,23,0,38.61807452,-78.48797204,51139.0,1326.2488494686638,7.255520504731861,294,316,23,0,293,314,23933,1,0,0,1,2
2020-07-20,US,Virginia,Patrick,57,1,0,36.6801638,-80.2865648,51141.0,323.71649250340755,1.7543859649122806,56,57,1,0,56,57,17673,0,0,0,0,0
2020-07-20,US,Virginia,Petersburg,370,9,0,37.20530399,-77.39368102,51730.0,1180.3738914056019,2.4324324324324325,361,369,9,0,360,359,31567,1,0,0,1,10
2020-07-20,US,Virginia,Pittsylvania,232,2,0,36.81980341,-79.39731264,51143.0,384.3987142525765,0.8620689655172413,230,217,2,0,215,204,60949,15,0,0,15,13
2020-07-20,US,Virginia,Poquoson,27,0,0,37.14259351,-76.35798148,51735.0,220.03096732132667,0.0,27,26,0,0,26,25,12190,1,0,0,1,1
2020-07-20,US,Virginia,Portsmouth,1009,20,0,36.85914825,-76.35971629,51740.0,1068.8785779359732,1.9821605550049557,989,966,20,0,946,925,94632,43,0,0,43,41
2020-07-20,US,Virginia,Powhatan,103,3,0,37.55016038,-77.91267882,51145.0,347.36274113044647,2.9126213592233015,100,103,3,0,100,102,29189,0,0,0,0,1
2020-07-20,US,Virginia,Prince Edward,241,6,0,37.22554789,-78.43597949,51147.0,1056.924831155162,2.489626556016597,235,239,6,0,233,239,22950,2,0,0,2,0
2020-07-20,US,Virginia,Prince George,291,2,0,37.18497668,-77.22922187,51149.0,758.7411675748964,0.6872852233676976,289,288,2,0,286,283,38082,3,0,0,3,5
2020-07-20,US,Virginia,Prince William,8190,162,0,38.70916224,-77.48713689,51153.0,1741.312043543432,1.978021978021978,8028,8152,162,0,7990,8104,468011,38,0,0,38,48
2020-07-20,US,Virginia,Pulaski,61,2,0,37.06474963,-80.71229738,51155.0,179.2694037088194,3.278688524590164,59,60,2,0,58,59,34066,1,0,0,1,1
2020-07-20,US,Virginia,Radford,21,0,0,37.12222899,-80.56027320000003,51750.0,115.0747986191024,0.0,21,21,0,0,21,20,18339,0,0,0,0,1
2020-07-20,US,Virginia,Rappahannock,34,1,0,38.68295619,-78.15826963,51157.0,461.3297150610583,2.9411764705882355,33,36,1,0,35,35,7252,-2,0,0,-2,1
2020-07-20,US,Virginia,Richmond,313,4,0,37.937575,-76.72920628,51159.0,3468.912778455059,1.2779552715654952,309,311,4,0,307,311,9038,2,0,0,2,0
2020-07-20,US,Virginia,Richmond City,2588,36,0,37.53255773,-77.47966921,51760.0,1123.0884063254005,1.3910355486862442,2552,2563,36,0,2527,2541,228783,25,0,0,25,22
2020-07-20,US,Virginia,Roanoke,363,6,0,37.26865804,-80.06396753,51161.0,385.4075977321472,1.6528925619834711,357,355,6,0,349,350,94073,8,0,0,8,5
2020-07-20,US,Virginia,Roanoke City,659,10,0,37.27791025,-79.96189766,51770.0,664.6964485641953,1.5174506828528074,649,637,10,0,627,621,99920,22,0,0,22,16
2020-07-20,US,Virginia,Rockbridge,47,0,0,37.81204314,-79.44605905,51163.0,208.21335223497098,0.0,47,46,0,0,46,46,22752,1,0,0,1,0
2020-07-20,US,Virginia,Rockingham,829,16,0,38.51006137,-78.87260325,51165.0,1011.6171230536438,1.9300361881785284,813,817,16,0,801,818,81244,12,0,0,12,-1
2020-07-20,US,Virginia,Russell,30,0,0,36.93028320000001,-82.10095486,51167.0,112.84134506883322,0.0,30,29,0,0,29,28,26748,1,0,0,1,1
2020-07-20,US,Virginia,Salem,113,3,0,37.2836193,-80.06219455,51775.0,446.6226631358445,2.6548672566371683,110,111,3,0,108,108,25643,2,0,0,2,3
2020-07-20,US,Virginia,Scott,25,2,0,36.71466456,-82.60171704,51169.0,115.9232124640638,8.0,23,25,2,0,23,25,21534,0,0,0,0,0
2020-07-20,US,Virginia,Shenandoah,650,38,0,38.85905135,-78.56813762,51171.0,1490.2787967718268,5.846153846153847,612,645,38,0,607,644,43497,5,0,0,5,1
2020-07-20,US,Virginia,Smyth,73,1,0,36.84455636,-81.53344948,51173.0,242.49269200106298,1.3698630136986298,72,69,1,0,68,69,30472,4,0,0,4,0
2020-07-20,US,Virginia,Southampton,204,11,0,36.72231125,-77.10642712,51175.0,1157.0529181555216,5.3921568627450975,193,201,11,0,190,200,17586,3,0,0,3,1
2020-07-20,US,Virginia,Spotsylvania,1154,32,0,38.18574462,-77.655399,51177.0,847.1901038798958,2.7729636048526864,1122,1148,32,0,1116,1136,134238,6,0,0,6,12
2020-07-20,US,Virginia,Stafford,1128,6,0,38.41758738,-77.45917053,51179.0,737.8239426485786,0.5319148936170213,1122,1119,6,0,1113,1112,149960,9,0,0,9,7
2020-07-20,US,Virginia,Staunton,117,0,0,38.15965544,-79.05979937,51790.0,469.2764318947537,0.0,117,116,0,0,116,116,24922,1,0,0,1,0
2020-07-20,US,Virginia,Suffolk,757,44,0,36.70155394,-76.63603554,51800.0,821.8612932644287,5.8124174372523125,713,725,44,0,681,701,91185,32,0,0,32,24
2020-07-20,US,Virginia,Surry,26,1,0,37.11781893,-76.88450012,51181.0,404.85829959514166,3.8461538461538463,25,25,1,0,24,22,6474,1,0,0,1,3
2020-07-20,US,Virginia,Sussex,235,7,0,36.92432914,-77.25791182,51183.0,2105.923469844968,2.9787234042553186,228,234,7,0,227,233,11237,1,0,0,1,1
2020-07-20,US,Virginia,Tazewell,45,0,0,37.12191123,-81.56685568,51185.0,110.85109003571868,0.0,45,43,0,0,43,39,40855,2,0,0,2,4
2020-07-20,US,Virginia,Virginia Beach,2720,37,0,36.73285734,-76.04566934,51810.0,604.4793699191508,1.3602941176470589,2683,2610,37,0,2573,2464,450189,110,0,0,110,146
2020-07-20,US,Virginia,Warren,334,8,0,38.90847745,-78.20280433,51187.0,831.5904790359526,2.395209580838323,326,326,8,0,318,326,40003,8,0,0,8,0
2020-07-20,US,Virginia,Washington,112,4,0,36.72341572,-81.95666289,51191.0,208.4108671380722,3.571428571428572,108,111,4,0,107,104,54402,1,0,0,1,7
2020-07-20,US,Virginia,Waynesboro,142,1,0,38.06451466,-78.90293905,51820.0,627.4856385329208,0.7042253521126759,141,142,1,0,141,142,22628,0,0,0,0,0
2020-07-20,US,Virginia,Westmoreland,187,2,0,38.11021557,-76.80213247,51193.0,1038.0238689980572,1.0695187165775402,185,187,2,0,185,185,17830,0,0,0,0,2
2020-07-20,US,Virginia,Williamsburg,94,6,0,37.28131268,-76.70905141,51830.0,628.5943560251437,6.382978723404255,88,94,6,0,88,91,14896,0,0,0,0,3
2020-07-20,US,Virginia,Winchester,377,4,0,39.17054517,-78.17325058,51840.0,1342.688225657098,1.0610079575596818,373,374,4,0,370,371,28108,3,0,0,3,3
2020-07-20,US,Virginia,Wise,54,3,0,36.9746148,-82.62410519,51195.0,144.45068614075916,5.5555555555555545,51,52,3,0,49,52,38012,2,0,0,2,0
2020-07-20,US,Virginia,Wythe,72,1,0,36.91582035,-81.07834059,51197.0,251.0110165946172,1.3888888888888888,71,69,1,0,68,65,28754,3,0,0,3,4
2020-07-20,US,Virginia,York,226,3,0,37.24374789,-76.54412815,51199.0,330.9900410076157,1.327433628318584,223,216,3,0,213,200,67846,10,0,0,10,16
2020-07-20,US,Washington,Adams,307,0,0,46.98299757,-118.5601734,53001.0,1536.305859980984,0.0,307,296,0,0,296,288,19759,11,0,0,11,8
2020-07-20,US,Washington,Asotin,21,2,0,46.18894415,-117.2022851,53003.0,92.99442033477993,9.523809523809524,19,21,2,0,19,21,22610,0,0,0,0,0
2020-07-20,US,Washington,Benton,2884,100,0,46.23946995,-119.5120834,53005.0,1411.0279367875141,3.4674063800277386,2784,2840,99,0,2741,2787,201877,44,1,0,43,53
2020-07-20,US,Washington,Chelan,766,6,0,47.87046092,-120.6173956,53007.0,992.2279792746114,0.783289817232376,760,731,6,0,725,700,77036,35,0,0,35,31
2020-07-20,US,Washington,Clallam,68,0,0,48.04754642,-123.9226319,53009.0,87.93368765436888,0.0,68,68,0,0,68,69,76737,0,0,0,0,-1
2020-07-20,US,Washington,Clark,1201,30,0,45.77568046,-122.4829204,53011.0,245.98507704187068,2.4979184013322238,1171,1193,30,0,1163,1192,481857,8,0,0,8,1
2020-07-20,US,Washington,Columbia,9,0,0,46.29442881,-117.9051983,53013.0,225.84692597239646,0.0,9,9,0,0,9,9,4059,0,0,0,0,0
2020-07-20,US,Washington,Cowlitz,347,2,0,46.19074721,-122.6782231,53015.0,313.7630772291194,0.5763688760806917,345,344,2,0,342,338,108987,3,0,0,3,6
2020-07-20,US,Washington,Douglas,530,4,0,47.7361335,-119.692937,53017.0,1220.3826935918394,0.7547169811320755,526,491,4,0,487,457,42907,39,0,0,39,34
2020-07-20,US,Washington,Ferry,6,0,0,48.471143100000006,-118.5154041,53019.0,78.66789038940605,0.0,6,6,0,0,6,6,7649,0,0,0,0,0
2020-07-20,US,Washington,Franklin,2794,42,0,46.53351425,-118.9018212,53021.0,2934.1958791035686,1.5032211882605584,2752,2753,42,0,2711,2702,94347,41,0,0,41,51
2020-07-20,US,Washington,Garfield,2,0,0,46.43197502,-117.5454032,53023.0,89.88764044943821,0.0,2,2,0,0,2,2,2247,0,0,0,0,0
2020-07-20,US,Washington,Grant,972,8,0,47.20753737,-119.4500749,53025.0,994.546366119939,0.8230452674897121,964,950,8,0,942,925,97331,22,0,0,22,25
2020-07-20,US,Washington,Grays Harbor,66,1,0,47.14003705,-123.7820567,53027.0,87.92848483233637,1.5151515151515151,65,65,1,0,64,66,73901,1,0,0,1,-1
2020-07-20,US,Washington,Island,216,11,0,48.14713305,-122.5216407,53029.0,253.69680882301125,5.092592592592593,205,215,11,0,204,214,84460,1,0,0,1,1
2020-07-20,US,Washington,Jefferson,50,0,0,47.75003077,-123.56097040000002,53031.0,155.1782998665467,0.0,50,50,0,0,50,50,31729,0,0,0,0,0
2020-07-20,US,Washington,King,13319,636,0,47.49137892,-121.8346131,53033.0,591.2245392585701,4.7751332682633825,12683,13153,635,0,12518,12953,2233163,166,1,0,165,200
2020-07-20,US,Washington,Kitsap,399,3,0,47.63479026,-122.6436061,53035.0,146.97594235890858,0.7518796992481203,396,389,2,0,387,362,269805,10,1,0,9,27
2020-07-20,US,Washington,Kittitas,297,0,0,47.12521214,-120.679439,53037.0,619.5890268071348,0.0,297,280,0,0,280,273,47364,17,0,0,17,7
2020-07-20,US,Washington,Klickitat,83,3,0,45.87325839,-120.7913598,53039.0,370.1226309921962,3.614457831325301,80,82,3,0,79,81,22107,1,0,0,1,1
2020-07-20,US,Washington,Lewis,129,3,0,46.57756476,-122.3925769,53041.0,159.83743665357403,2.3255813953488373,126,127,3,0,124,120,79604,2,0,0,2,7
2020-07-20,US,Washington,Lincoln,6,0,0,47.57705241,-118.4194388,53043.0,54.849620623457355,0.0,6,5,0,0,5,5,10740,1,0,0,1,0
2020-07-20,US,Washington,Mason,81,1,0,47.35007586,-123.1863685,53045.0,121.3156002875629,1.2345679012345678,80,77,1,0,76,75,65507,4,0,0,4,2
2020-07-20,US,Washington,Okanogan,454,2,0,48.54855019,-119.7387224,53047.0,1074.7342755012664,0.4405286343612335,452,383,2,0,381,323,42132,71,0,0,71,60
2020-07-20,US,Washington,Pacific,19,1,0,46.55418369,-123.7285716,53049.0,84.55342441368876,5.2631578947368425,18,19,1,0,18,19,22036,0,0,0,0,0
2020-07-20,US,Washington,Pend Oreille,25,0,0,48.53234021,-117.2741804,53051.0,182.16263480034974,0.0,25,23,0,0,23,18,13602,2,0,0,2,5
2020-07-20,US,Washington,Pierce,3834,114,0,47.03892768,-122.1405958,53053.0,423.65577139826286,2.97339593114241,3720,3749,113,0,3636,3643,891299,85,1,0,84,106
2020-07-20,US,Washington,San Juan,24,0,0,48.60182783,-122.96745,53055.0,136.50324195199636,0.0,24,24,0,0,24,24,17128,0,0,0,0,0
2020-07-20,US,Washington,Skagit,707,17,0,48.48171488,-121.766131,53057.0,547.1924461127667,2.4045261669024045,690,686,16,0,670,669,128206,21,1,0,20,17
2020-07-20,US,Washington,Skamania,41,0,0,46.02408726,-121.9164403,53059.0,339.31970537118264,0.0,41,40,0,0,40,40,11924,1,0,0,1,0
2020-07-20,US,Washington,Snohomish,4386,182,0,48.04615983,-121.7170703,53061.0,533.5227708151124,4.149566803465572,4204,4349,181,0,4168,4307,814901,37,1,0,36,42
2020-07-20,US,Washington,Spokane,2742,44,0,47.62113146,-117.4046494,53063.0,524.4855565629555,1.6046681254558717,2698,2663,44,0,2619,2573,514631,79,0,0,79,90
2020-07-20,US,Washington,Stevens,44,1,0,48.40035475,-117.8542701,53065.0,96.23165584060536,2.272727272727273,43,44,1,0,43,43,45260,0,0,0,0,1
2020-07-20,US,Washington,Thurston,469,5,0,46.9291895,-122.8290656,53067.0,161.42577856100448,1.0660980810234542,464,457,5,0,452,444,286419,12,0,0,12,13
2020-07-20,US,Washington,Unassigned,114,0,0,0.0,0.0,90053.0,0.0,0.0,114,115,0,0,115,83,,-1,0,0,-1,32
2020-07-20,US,Washington,Wahkiakum,5,0,0,46.29180039999999,-123.4250831,53069.0,111.40819964349377,0.0,5,5,0,0,5,5,4426,0,0,0,0,0
2020-07-20,US,Washington,Walla Walla,297,3,0,46.23040051,-118.4775539,53071.0,488.80842659644486,1.0101010101010102,294,281,3,0,278,273,60922,16,0,0,16,8
2020-07-20,US,Washington,Whatcom,788,37,0,48.82227976,-121.7490018,53073.0,343.73405104537903,4.695431472081219,751,780,37,0,743,772,225685,8,0,0,8,8
2020-07-20,US,Washington,Whitman,56,0,0,46.90022523,-117.5241763,53075.0,111.76752355101392,0.0,56,56,0,0,56,55,49791,0,0,0,0,1
2020-07-20,US,Washington,Yakima,9185,195,0,46.45738486,-120.7380126,53077.0,3661.2150370904797,2.123026673924877,8990,9125,195,0,8930,9040,251446,60,0,0,60,85
2020-07-20,US,West Virginia,Barbour,25,1,0,39.1307219,-80.00350858,54001.0,152.05887719725078,4.0,24,25,1,0,24,25,16535,0,0,0,0,0
2020-07-20,US,West Virginia,Berkeley,568,10,0,39.46704621,-78.02414609,54003.0,476.6260247879098,1.7605633802816902,558,566,10,0,556,564,117123,2,0,0,2,2
2020-07-20,US,West Virginia,Boone,61,0,0,38.01974191,-81.69888019,54005.0,284.2895092510603,0.0,61,57,0,0,57,57,21951,4,0,0,4,0
2020-07-20,US,West Virginia,Braxton,7,0,0,38.70036159,-80.72011184,54007.0,50.15404456545103,0.0,7,7,0,0,7,7,14089,0,0,0,0,0
2020-07-20,US,West Virginia,Brooke,39,0,0,40.27367263,-80.57915332,54009.0,177.76562286339401,0.0,39,40,0,0,40,38,22203,-1,0,0,-1,2
2020-07-20,US,West Virginia,Cabell,229,1,0,38.42424062,-82.23855912,54011.0,249.06193920278423,0.4366812227074236,228,233,1,0,232,233,93224,-4,0,0,-4,0
2020-07-20,US,West Virginia,Calhoun,5,0,0,38.84315422,-81.11934872,54013.0,70.33338022225348,0.0,5,5,0,0,5,4,7254,0,0,0,0,1
2020-07-20,US,West Virginia,Clay,16,1,0,38.46231092,-81.07652217,54015.0,188.0582980724024,6.25,15,15,1,0,14,15,8632,1,0,0,1,0
2020-07-20,US,West Virginia,Fayette,102,4,0,38.02974928,-81.08286634,54019.0,240.53200018865255,3.92156862745098,98,101,4,0,97,101,43018,1,0,0,1,0
2020-07-20,US,West Virginia,Gilmer,13,0,0,38.9251277,-80.85952723,54021.0,166.17665857088068,0.0,13,13,0,0,13,13,8026,0,0,0,0,0
2020-07-20,US,West Virginia,Grant,24,0,0,39.10314817,-79.19440518,54023.0,207.46887966804985,0.0,24,22,0,0,22,22,11626,2,0,0,2,0
2020-07-20,US,West Virginia,Greenbrier,80,3,0,37.9463652,-80.45335881,54025.0,230.80030004039008,3.75,77,76,3,0,73,76,34786,4,0,0,4,0
2020-07-20,US,West Virginia,Hampshire,50,1,0,39.32103553,-78.60826476,54027.0,215.7497303128371,2.0,49,48,1,0,47,46,23347,2,0,0,2,2
2020-07-20,US,West Virginia,Hancock,62,0,0,40.51943859,-80.57461608,54029.0,215.20305449496703,0.0,62,59,0,0,59,54,29094,3,0,0,3,5
2020-07-20,US,West Virginia,Hardy,49,0,0,39.00683177,-78.85855301,54031.0,355.69105691056916,0.0,49,49,0,0,49,49,13775,0,0,0,0,0
2020-07-20,US,West Virginia,Harrison,141,1,0,39.2853852,-80.37919577,54033.0,209.64672296895444,0.7092198581560284,140,138,1,0,137,136,67554,3,0,0,3,2
2020-07-20,US,West Virginia,Jackson,149,19,0,38.84263974,-81.68148753,54035.0,521.4165733482644,12.751677852348996,130,149,19,0,130,149,28706,0,0,0,0,0
2020-07-20,US,West Virginia,Jefferson,274,4,0,39.30776166,-77.86014147,54037.0,479.4736289504077,1.45985401459854,270,272,4,0,268,268,56811,2,0,0,2,4
2020-07-20,US,West Virginia,Kanawha,536,20,0,38.33860077,-81.52857054,54039.0,300.9139700433406,3.7313432835820897,516,521,20,0,501,498,180454,15,0,0,15,23
2020-07-20,US,West Virginia,Lewis,25,2,0,38.9947249,-80.49988181,54041.0,157.16351291884075,8.0,23,25,2,0,23,25,16024,0,0,0,0,0
2020-07-20,US,West Virginia,Lincoln,21,0,0,38.172154,-82.07017953,54043.0,102.8957812729678,0.0,21,20,0,0,20,20,20599,1,0,0,1,0
2020-07-20,US,West Virginia,Logan,46,1,0,37.8299889,-81.93528571,54045.0,143.66469908491834,2.1739130434782608,45,43,1,0,42,43,32607,3,0,0,3,0
2020-07-20,US,West Virginia,Marion,139,2,0,39.50984542,-80.24244659,54049.0,247.8955628477672,1.4388489208633093,137,135,2,0,133,133,56097,4,0,0,4,2
2020-07-20,US,West Virginia,Marshall,83,0,0,39.86064362,-80.66591062,54051.0,271.85483606825846,0.0,83,81,0,0,81,81,30785,2,0,0,2,0
2020-07-20,US,West Virginia,Mason,28,0,0,38.77071799,-82.02524219,54053.0,105.59662090813092,0.0,28,27,0,0,27,27,26718,1,0,0,1,0
2020-07-20,US,West Virginia,McDowell,12,0,0,37.38002939,-81.65083669,54047.0,68.08896958692692,0.0,12,12,0,0,12,12,18223,0,0,0,0,0
2020-07-20,US,West Virginia,Mercer,72,0,0,37.40481169,-81.11023142,54055.0,122.5365056673134,0.0,72,72,0,0,72,68,59131,0,0,0,0,4
2020-07-20,US,West Virginia,Mineral,73,3,0,39.41561583,-78.94104895,54057.0,271.6986750037219,4.109589041095891,70,73,3,0,70,72,26940,0,0,0,0,1
2020-07-20,US,West Virginia,Mingo,55,2,0,37.73048351,-82.13338365,54059.0,234.801912568306,3.636363636363636,53,53,2,0,51,51,23785,2,0,0,2,2
2020-07-20,US,West Virginia,Monongalia,754,5,0,39.63218457,-80.04766838,54061.0,713.9340226489412,0.6631299734748011,749,727,5,0,722,701,106420,27,0,0,27,26
2020-07-20,US,West Virginia,Monroe,17,0,0,37.56274716,-80.54577965,54063.0,128.06026365348401,0.0,17,17,0,0,17,15,13280,0,0,0,0,2
2020-07-20,US,West Virginia,Morgan,21,0,0,39.55439028,-78.26311676,54065.0,117.42339521359877,0.0,21,21,0,0,21,21,17787,0,0,0,0,0
2020-07-20,US,West Virginia,Nicholas,21,1,0,38.29617706,-80.79759588,54067.0,85.72828216851731,4.761904761904762,20,20,1,0,19,20,24842,1,0,0,1,0
2020-07-20,US,West Virginia,Ohio,178,3,0,40.0955451,-80.62203992,54069.0,429.83748279442665,1.6853932584269662,175,177,3,0,174,173,41755,1,0,0,1,4
2020-07-20,US,West Virginia,Pendleton,20,1,0,38.68314479,-79.35084086,54071.0,286.9852202611565,5.0,19,20,1,0,19,20,6997,0,0,0,0,0
2020-07-20,US,West Virginia,Pleasants,6,0,0,39.37091679,-81.16771771,54073.0,80.42895442359249,0.0,6,5,0,0,5,5,7507,1,0,0,1,0
2020-07-20,US,West Virginia,Pocahontas,38,0,0,38.32758728,-80.00993811,54075.0,460.7736146477507,0.0,38,38,0,0,38,38,8414,0,0,0,0,0
2020-07-20,US,West Virginia,Preston,113,2,0,39.46770987,-79.66712803,54077.0,337.99952141660685,1.7699115044247788,111,115,2,0,113,114,33839,-2,0,0,-2,1
2020-07-20,US,West Virginia,Putnam,116,0,0,38.50782345,-81.9082131,54079.0,205.49158547387069,0.0,116,112,0,0,112,106,56682,4,0,0,4,6
2020-07-20,US,West Virginia,Raleigh,101,0,0,37.76936795,-81.2456041,54081.0,137.67533157944956,0.0,101,95,0,0,95,95,74254,6,0,0,6,0
2020-07-20,US,West Virginia,Randolph,199,0,0,38.769899,-79.87919615,54083.0,693.5006098623453,0.0,199,198,0,0,198,198,28823,1,0,0,1,0
2020-07-20,US,West Virginia,Ritchie,3,0,0,39.18094587,-81.06356878,54085.0,31.400460540087924,0.0,3,3,0,0,3,3,9721,0,0,0,0,0
2020-07-20,US,West Virginia,Roane,12,1,0,38.71622686,-81.35243568,54087.0,87.66803039158388,8.333333333333334,11,12,1,0,11,12,13932,0,0,0,0,0
2020-07-20,US,West Virginia,Summers,2,0,0,37.65390597,-80.86009693,54089.0,15.90710252127575,0.0,2,2,0,0,2,2,12760,0,0,0,0,0
2020-07-20,US,West Virginia,Taylor,30,0,0,39.33602617,-80.0421439,54091.0,179.69451931716083,0.0,30,30,0,0,30,29,16862,0,0,0,0,1
2020-07-20,US,West Virginia,Tucker,7,0,0,39.11240885,-79.57053576,54093.0,102.35414534288635,0.0,7,7,0,0,7,7,6955,0,0,0,0,0
2020-07-20,US,West Virginia,Tyler,10,0,0,39.46811972,-80.88772676,54095.0,116.40088464672331,0.0,10,10,0,0,10,10,8746,0,0,0,0,0
2020-07-20,US,West Virginia,Upshur,33,0,0,38.89285061,-80.23689136,54097.0,136.49900727994705,0.0,33,33,0,0,33,33,24415,0,0,0,0,0
2020-07-20,US,West Virginia,Wayne,153,9,0,38.14901357,-82.42287994,54099.0,388.3051621745089,5.882352941176472,144,151,9,0,142,147,39944,2,0,0,2,4
2020-07-20,US,West Virginia,Webster,2,0,0,38.49370949,-80.4202023,54101.0,24.648755237860488,0.0,2,2,0,0,2,2,8285,0,0,0,0,0
2020-07-20,US,West Virginia,Wetzel,42,0,0,39.6065771,-80.64016540000001,54103.0,278.7919017590441,0.0,42,40,0,0,40,40,15270,2,0,0,2,0
2020-07-20,US,West Virginia,Wirt,6,0,0,39.02775007,-81.37473928,54105.0,103.07507301151009,0.0,6,6,0,0,6,6,5830,0,0,0,0,0
2020-07-20,US,West Virginia,Wood,208,3,0,39.20967886,-81.5162836,54107.0,249.0481093895927,1.4423076923076923,205,205,3,0,202,203,84203,3,0,0,3,2
2020-07-20,US,West Virginia,Wyoming,8,0,0,37.612327,-81.54511071,54109.0,39.22722369324311,0.0,8,7,0,0,7,7,20786,1,0,0,1,0
2020-07-20,US,Wisconsin,Adams,52,2,0,43.96974651,-89.76782777,55001.0,257.1711177052424,3.8461538461538463,50,51,2,0,49,51,20348,1,0,0,1,0
2020-07-20,US,Wisconsin,Ashland,10,0,0,46.31956891,-90.67837132,55003.0,64.25909266161162,0.0,10,10,0,0,10,10,15600,0,0,0,0,0
2020-07-20,US,Wisconsin,Barron,74,1,0,45.42372701,-91.84833627,55005.0,163.55759879763065,1.351351351351351,73,70,1,0,69,69,45164,4,0,0,4,1
2020-07-20,US,Wisconsin,Bayfield,13,1,0,46.52868768,-91.19716729,55007.0,86.45916467145517,7.6923076923076925,12,13,1,0,12,13,15042,0,0,0,0,0
2020-07-20,US,Wisconsin,Brown,3510,46,0,44.4526553,-88.00411844,55009.0,1326.8214499020946,1.3105413105413106,3464,3507,46,0,3461,3462,263378,3,0,0,3,45
2020-07-20,US,Wisconsin,Buffalo,25,2,0,44.37835084,-91.75332578,55011.0,191.8502033612156,8.0,23,22,2,0,20,20,13125,3,0,0,3,2
2020-07-20,US,Wisconsin,Burnett,5,1,0,45.86303537,-92.36711412,55013.0,32.4380433372259,20.0,4,5,1,0,4,5,15392,0,0,0,0,0
2020-07-20,US,Wisconsin,Calumet,188,2,0,44.0816316,-88.21780273,55015.0,375.3319092016211,1.0638297872340423,186,186,2,0,184,184,50159,2,0,0,2,2
2020-07-20,US,Wisconsin,Chippewa,161,0,0,45.06939744,-91.28068855,55017.0,249.0024436264654,0.0,161,154,0,0,154,151,64135,7,0,0,7,3
2020-07-20,US,Wisconsin,Clark,141,7,0,44.73483377,-90.61207486,55019.0,405.4753551503997,4.964539007092198,134,139,7,0,132,132,34709,2,0,0,2,7
2020-07-20,US,Wisconsin,Columbia,159,1,0,43.46492199,-89.33589004,55021.0,276.367934366961,0.6289308176100629,158,154,1,0,153,150,57358,5,0,0,5,4
2020-07-20,US,Wisconsin,Crawford,48,0,0,43.23870316,-90.93073686,55023.0,297.56369722893805,0.0,48,48,0,0,48,47,16291,0,0,0,0,1
2020-07-20,US,Wisconsin,Dane,3549,33,0,43.06601594,-89.41733797,55025.0,649.1736708768143,0.9298393913778528,3516,3494,33,0,3461,3436,542364,55,0,0,55,58
2020-07-20,US,Wisconsin,Dodge,570,6,0,43.41576662,-88.70928178,55027.0,648.9144912851923,1.0526315789473684,564,564,5,0,559,557,87847,6,1,0,5,7
2020-07-20,US,Wisconsin,Door,74,3,0,44.95856458,-87.30002707,55029.0,267.4569900245771,4.0540540540540535,71,73,3,0,70,73,27610,1,0,0,1,0
2020-07-20,US,Wisconsin,Douglas,75,0,0,46.43222285,-91.91595768,55031.0,173.81228273464657,0.0,75,75,0,0,75,74,43208,0,0,0,0,1
2020-07-20,US,Wisconsin,Dunn,68,0,0,44.94562799,-91.8962481,55033.0,149.8853817668841,0.0,68,65,0,0,65,63,45131,3,0,0,3,2
2020-07-20,US,Wisconsin,Eau Claire,402,2,0,44.726614,-91.28609183,55035.0,384.1522848460524,0.4975124378109453,400,397,2,0,395,388,104534,5,0,0,5,9
2020-07-20,US,Wisconsin,Florence,5,0,0,45.84963535,-88.39804137,55037.0,116.41443538998837,0.0,5,5,0,0,5,6,4321,0,0,0,0,-1
2020-07-20,US,Wisconsin,Fond du Lac,441,6,0,43.75354908,-88.48885325,55039.0,426.4866589944199,1.3605442176870748,435,433,6,0,427,427,103066,8,0,0,8,6
2020-07-20,US,Wisconsin,Forest,50,3,0,45.66678019,-88.77084892,55041.0,555.3087516659263,6.0,47,50,3,0,47,50,8991,0,0,0,0,0
2020-07-20,US,Wisconsin,Grant,250,14,0,42.8671731,-90.7063218,55043.0,486.0125585645133,5.6,236,248,14,0,234,243,51554,2,0,0,2,5
2020-07-20,US,Wisconsin,Green,117,1,0,42.6794956,-89.60243287,55045.0,316.55844155844164,0.8547008547008547,116,116,1,0,115,114,36929,1,0,0,1,2
2020-07-20,US,Wisconsin,Green Lake,47,0,0,43.80025981,-89.04679553,55047.0,248.5063184053297,0.0,47,47,0,0,47,46,18918,0,0,0,0,1
2020-07-20,US,Wisconsin,Iowa,50,0,0,43.00050278,-90.13469017,55049.0,211.16648365571416,0.0,50,50,0,0,50,50,23771,0,0,0,0,0
2020-07-20,US,Wisconsin,Iron,28,1,0,46.26302338,-90.24295041,55051.0,492.3509759099701,3.571428571428572,27,26,1,0,25,25,5676,2,0,0,2,1
2020-07-20,US,Wisconsin,Jackson,37,1,0,44.31864893,-90.80566792,55053.0,179.23751392723926,2.702702702702702,36,36,1,0,35,36,20478,1,0,0,1,0
2020-07-20,US,Wisconsin,Jefferson,427,4,0,43.02054068,-88.77529134,55055.0,503.72187946065185,0.936768149882904,423,418,4,0,414,415,85129,9,0,0,9,3
2020-07-20,US,Wisconsin,Juneau,76,1,0,43.92456975,-90.11120239,55057.0,284.7828530745307,1.3157894736842106,75,74,1,0,73,73,26617,2,0,0,2,1
2020-07-20,US,Wisconsin,Kenosha,2027,47,0,42.57639354,-88.04051686,55059.0,1195.439989148448,2.318697582634435,1980,1986,47,0,1939,1933,169290,41,0,0,41,53
2020-07-20,US,Wisconsin,Kewaunee,92,1,0,44.51727459,-87.61468386,55061.0,450.230008808848,1.0869565217391304,91,91,1,0,90,88,20383,1,0,0,1,3
2020-07-20,US,Wisconsin,La Crosse,674,1,0,43.90632465,-91.11451093,55063.0,571.1090021691974,0.14836795252225518,673,667,1,0,666,660,118230,7,0,0,7,7
2020-07-20,US,Wisconsin,Lafayette,86,0,0,42.66005229,-90.1317729,55065.0,516.0516051605159,0.0,86,86,0,0,86,86,16665,0,0,0,0,0
2020-07-20,US,Wisconsin,Langlade,11,1,0,45.26271619,-89.07483625,55067.0,57.32450883318568,9.090909090909092,10,11,1,0,10,11,19268,0,0,0,0,0
2020-07-20,US,Wisconsin,Lincoln,37,0,0,45.33737523,-89.73411273,55069.0,134.09197984996192,0.0,37,35,0,0,35,33,27689,2,0,0,2,2
2020-07-20,US,Wisconsin,Manitowoc,202,1,0,44.11946801,-87.80928853,55071.0,255.75771388055355,0.4950495049504951,201,199,1,0,198,189,79074,3,0,0,3,10
2020-07-20,US,Wisconsin,Marathon,383,3,0,44.89792533,-89.75863384,55073.0,282.25687586593165,0.783289817232376,380,375,2,0,373,363,135428,8,1,0,7,12
2020-07-20,US,Wisconsin,Marinette,177,3,0,45.38553432,-88.03324599999998,55075.0,438.6617100371746,1.6949152542372878,174,159,3,0,156,149,40434,18,0,0,18,10
2020-07-20,US,Wisconsin,Marquette,58,1,0,43.81911946,-89.40073763,55077.0,372.41556440220876,1.7241379310344829,57,57,1,0,56,56,15434,1,0,0,1,1
2020-07-20,US,Wisconsin,Menominee,10,0,0,45.00422544,-88.70950714,55078.0,219.4907813871817,0.0,10,10,0,0,10,10,4658,0,0,0,0,0
2020-07-20,US,Wisconsin,Milwaukee,16275,411,0,43.00486062,-87.96733172,55079.0,1720.9001338654114,2.525345622119816,15864,15985,411,0,15574,15632,948201,290,0,0,290,353
2020-07-20,US,Wisconsin,Monroe,165,1,0,43.94641218,-90.618819,55081.0,356.73361727887914,0.6060606060606061,164,161,1,0,160,159,46051,4,0,0,4,2
2020-07-20,US,Wisconsin,Oconto,121,0,0,45.02715345,-88.26807503,55083.0,319.0087002372792,0.0,121,120,0,0,120,116,37830,1,0,0,1,4
2020-07-20,US,Wisconsin,Oneida,52,0,0,45.70677897,-89.51944105,55085.0,146.08793369855317,0.0,52,51,0,0,51,47,35470,1,0,0,1,4
2020-07-20,US,Wisconsin,Outagamie,814,10,0,44.41578887,-88.46565023,55087.0,433.2437395215158,1.2285012285012284,804,792,10,0,782,780,187365,22,0,0,22,12
2020-07-20,US,Wisconsin,Ozaukee,385,16,0,43.38352225,-87.94625009,55089.0,431.51276044877335,4.155844155844156,369,383,16,0,367,364,89147,2,0,0,2,19
2020-07-20,US,Wisconsin,Pepin,22,0,0,44.58307413,-91.99949611,55091.0,301.90750651845747,0.0,22,22,0,0,22,22,7289,0,0,0,0,0
2020-07-20,US,Wisconsin,Pierce,128,0,0,44.71850291,-92.4224416,55093.0,299.387191841699,0.0,128,128,0,0,128,125,42555,0,0,0,0,3
2020-07-20,US,Wisconsin,Polk,81,2,0,45.46130348,-92.44182875,55095.0,185.00331178768016,2.469135802469136,79,79,2,0,77,79,43598,2,0,0,2,0
2020-07-20,US,Wisconsin,Portage,292,0,0,44.47558711,-89.50152965,55097.0,412.59255072627593,0.0,292,287,0,0,287,279,70942,5,0,0,5,8
2020-07-20,US,Wisconsin,Price,13,0,0,45.68051754,-90.3609888,55099.0,97.3709834469328,0.0,13,12,0,0,12,11,13397,1,0,0,1,1
2020-07-20,US,Wisconsin,Racine,2624,66,0,42.74753117,-88.05941254,55101.0,1336.6545939860732,2.5152439024390243,2558,2589,66,0,2523,2564,196584,35,0,0,35,25
2020-07-20,US,Wisconsin,Richland,18,4,0,43.3762778,-90.43012729,55103.0,104.33572919081844,22.222222222222218,14,18,4,0,14,18,17377,0,0,0,0,0
2020-07-20,US,Wisconsin,Rock,1171,24,0,42.67151616,-89.07147900000002,55105.0,716.8480722847313,2.049530315969257,1147,1171,24,0,1147,1143,163129,0,0,0,0,28
2020-07-20,US,Wisconsin,Rusk,13,1,0,45.47498854,-91.1333012,55107.0,91.69135280011284,7.6923076923076925,12,13,1,0,12,13,14147,0,0,0,0,0
2020-07-20,US,Wisconsin,Sauk,230,3,0,43.42574087,-89.94966132,55111.0,356.91008969305733,1.3043478260869563,227,218,3,0,215,205,64249,12,0,0,12,13
2020-07-20,US,Wisconsin,Sawyer,19,0,0,45.87931905,-91.14504927,55113.0,114.74815799009542,0.0,19,19,0,0,19,19,16489,0,0,0,0,0
2020-07-20,US,Wisconsin,Shawano,113,0,0,44.78902246,-88.76443896,55115.0,276.2903738477713,0.0,113,110,0,0,110,108,40796,3,0,0,3,2
2020-07-20,US,Wisconsin,Sheboygan,398,4,0,43.72099677,-87.94579284,55117.0,345.06675914687014,1.0050251256281406,394,386,4,0,382,374,115456,12,0,0,12,12
2020-07-20,US,Wisconsin,St. Croix,333,2,0,45.03437474,-92.45000068,55109.0,367.1970624235006,0.6006006006006006,331,329,2,0,327,325,89694,4,0,0,4,4
2020-07-20,US,Wisconsin,Taylor,33,0,0,45.21179252,-90.5004405,55119.0,162.21796195251437,0.0,33,32,0,0,32,30,20412,1,0,0,1,2
2020-07-20,US,Wisconsin,Trempealeau,228,1,0,44.30360275,-91.35893614,55121.0,768.9972680360214,0.43859649122807015,227,227,1,0,226,227,29442,1,0,0,1,0
2020-07-20,US,Wisconsin,Vernon,45,0,0,43.59422667,-90.8324691,55123.0,145.9996106677049,0.0,45,45,0,0,45,45,30785,0,0,0,0,0
2020-07-20,US,Wisconsin,Vilas,21,0,0,46.05467334,-89.51719204,55125.0,94.6159044829917,0.0,21,21,0,0,21,20,21938,0,0,0,0,1
2020-07-20,US,Wisconsin,Walworth,942,18,0,42.66858202,-88.54163073,55127.0,906.9203219470868,1.9108280254777068,924,902,18,0,884,897,103718,40,0,0,40,5
2020-07-20,US,Wisconsin,Washburn,7,0,0,45.89838588,-91.79050449,55129.0,44.529262086513995,0.0,7,7,0,0,7,7,15878,0,0,0,0,0
2020-07-20,US,Wisconsin,Washington,570,19,0,43.36863664,-88.22974712,55131.0,419.0128938353647,3.333333333333333,551,570,19,0,551,552,135693,0,0,0,0,18
2020-07-20,US,Wisconsin,Waukesha,2221,40,0,43.01833055,-88.30431188,55133.0,549.483174087947,1.8009905447996395,2181,2185,40,0,2145,2152,403072,36,0,0,36,33
2020-07-20,US,Wisconsin,Waupaca,224,13,0,44.47068056,-88.96534501,55135.0,439.3018238870367,5.803571428571429,211,215,13,0,202,212,51128,9,0,0,9,3
2020-07-20,US,Wisconsin,Waushara,52,0,0,44.11324419,-89.24317107,55137.0,212.73984371803792,0.0,52,52,0,0,52,51,24263,0,0,0,0,1
2020-07-20,US,Wisconsin,Winnebago,864,14,0,44.06886922,-88.64477096,55139.0,502.5973346053389,1.6203703703703705,850,847,14,0,833,833,171020,17,0,0,17,14
2020-07-20,US,Wisconsin,Wood,135,1,0,44.45537896,-90.04158336,55141.0,184.9340401923314,0.7407407407407407,134,133,1,0,132,128,73055,2,0,0,2,5
2020-07-20,US,Wyoming,Albany,67,0,0,41.65498705,-105.7235415,56001.0,172.32510288065845,0.0,67,59,0,0,59,58,38601,8,0,0,8,1
2020-07-20,US,Wyoming,Big Horn,31,0,0,44.52405055,-107.9960365,56003.0,262.93469041560644,0.0,31,31,0,0,31,31,11881,0,0,0,0,0
2020-07-20,US,Wyoming,Campbell,96,0,0,44.24886082,-105.5474404,56005.0,207.15996633650548,0.0,96,93,0,0,93,93,46140,3,0,0,3,0
2020-07-20,US,Wyoming,Carbon,35,0,0,41.69357844,-106.9326084,56007.0,236.48648648648648,0.0,35,33,0,0,33,33,14971,2,0,0,2,0
2020-07-20,US,Wyoming,Converse,29,0,0,42.97272268,-105.5081848,56009.0,209.81044711329758,0.0,29,29,0,0,29,29,13640,0,0,0,0,0
2020-07-20,US,Wyoming,Crook,9,0,0,44.58855102,-104.5697705,56011.0,118.67088607594937,0.0,9,9,0,0,9,9,7450,0,0,0,0,0
2020-07-20,US,Wyoming,Fremont,426,0,0,43.04183996,-108.6296893,56013.0,1085.0462290822954,0.0,426,421,0,0,421,421,39531,5,0,0,5,0
2020-07-20,US,Wyoming,Goshen,11,0,0,42.08798185,-104.3534743,56015.0,83.2639467110741,0.0,11,11,0,0,11,11,13376,0,0,0,0,0
2020-07-20,US,Wyoming,Hot Springs,14,0,0,43.71930657,-108.4423174,56017.0,317.2445048719692,0.0,14,14,0,0,14,13,4555,0,0,0,0,1
2020-07-20,US,Wyoming,Johnson,22,1,0,44.04057166,-106.5845174,56019.0,260.5091770278271,4.545454545454546,21,22,1,0,21,22,8460,0,0,0,0,0
2020-07-20,US,Wyoming,Laramie,383,0,0,41.30702520000001,-104.6887497,56021.0,384.92462311557784,0.0,383,373,0,0,373,372,98976,10,0,0,10,1
2020-07-20,US,Wyoming,Lincoln,60,0,0,42.26376367,-110.6563997,56023.0,302.571860816944,0.0,60,55,0,0,55,55,19434,5,0,0,5,0
2020-07-20,US,Wyoming,Natrona,178,0,0,42.96180148,-106.797885,56025.0,222.89563976057502,0.0,178,175,0,0,175,174,79115,3,0,0,3,1
2020-07-20,US,Wyoming,Niobrara,2,0,0,43.05607708,-104.4758896,56027.0,84.88964346349746,0.0,2,2,0,0,2,2,2388,0,0,0,0,0
2020-07-20,US,Wyoming,Park,89,0,0,44.52157546,-109.5852825,56029.0,304.85716243063644,0.0,89,89,0,0,89,89,29324,0,0,0,0,0
2020-07-20,US,Wyoming,Platte,4,0,0,42.13299116,-104.966331,56031.0,47.658763255093525,0.0,4,4,0,0,4,4,8566,0,0,0,0,0
2020-07-20,US,Wyoming,Sheridan,40,0,0,44.79048913,-106.8862389,56033.0,131.21207151057897,0.0,40,39,0,0,39,39,30233,1,0,0,1,0
2020-07-20,US,Wyoming,Sublette,17,0,0,42.76558279,-109.9130922,56035.0,172.92238836334045,0.0,17,17,0,0,17,17,9813,0,0,0,0,0
2020-07-20,US,Wyoming,Sweetwater,181,0,0,41.65943896,-108.8827882,56037.0,427.4614458115863,0.0,181,173,0,0,173,171,43051,8,0,0,8,2
2020-07-20,US,Wyoming,Teton,223,0,0,43.93522482,-110.5890801,56039.0,950.3920900102285,0.0,223,208,0,0,208,197,23081,15,0,0,15,11
2020-07-20,US,Wyoming,Uinta,222,0,0,41.2878183,-110.54757820000002,56041.0,1097.597152180362,0.0,222,221,0,0,221,221,20299,1,0,0,1,0
2020-07-20,US,Wyoming,Unassigned,0,23,0,0.0,0.0,90056.0,0.0,0.0,-23,0,24,0,-24,0,,0,-1,0,1,0
2020-07-20,US,Wyoming,Washakie,44,0,0,43.90451606,-107.68018700000002,56043.0,563.7411915438821,0.0,44,44,0,0,44,43,7885,0,0,0,0,1
2020-07-20,US,Wyoming,Weston,4,0,0,43.83961191,-104.5674881,56045.0,57.74505557961599,0.0,4,4,0,0,4,4,6967,0,0,0,0,0
