Date,Country/Region,Province/State,Admin2,Confirmed,Deaths,Recovered,Latitude,Longitude,FIPS,Incidence_Rate,Case-Fatality_Ratio,Active Cases,Previous Confirmed,Previous Deaths,Previous Recovered,Previous Active,Prev2 Confirmed,Population,Daily Confirmed,Daily Deaths,Daily Recovered,Daily Active,Previous Daily Confirmed
2020-11-07,US,Alabama,Autauga,2267,30,0,32.53952745,-86.64408227,1001.0,4057.706420376238,1.3233348037053374,2237,2242,30,0,2212,2230,55601,25,0,0,25,12
2020-11-07,US,Alabama,Baldwin,7188,83,0,30.72774991,-87.72207058,1003.0,3219.939614933209,1.1547022815804118,7105,7134,83,0,7051,7097,218022,54,0,0,54,37
2020-11-07,US,Alabama,Barbour,1092,9,0,31.868263,-85.3871286,1005.0,4423.559912501013,0.8241758241758241,1083,1090,9,0,1081,1080,24881,2,0,0,2,10
2020-11-07,US,Alabama,Bibb,924,16,0,32.99642064,-87.12511459999996,1007.0,4126.105206751809,1.7316017316017316,908,917,15,0,902,907,22400,7,1,0,6,10
2020-11-07,US,Alabama,Blount,2286,26,0,33.98210918,-86.56790593,1009.0,3953.239027427109,1.1373578302712162,2260,2253,26,0,2227,2222,57840,33,0,0,33,31
2020-11-07,US,Alabama,Bullock,663,17,0,32.10030533,-85.71265535,1011.0,6563.7065637065625,2.5641025641025643,646,662,17,0,645,661,10138,1,0,0,1,1
2020-11-07,US,Alabama,Butler,1046,41,0,31.75300095,-86.68057478,1013.0,5378.445084327437,3.919694072657744,1005,1044,41,0,1003,1037,19680,2,0,0,2,7
2020-11-07,US,Alabama,Calhoun,5153,67,0,33.77483727,-85.82630386,1015.0,4535.891906166103,1.3002134678827868,5086,5077,67,0,5010,5039,114277,76,0,0,76,38
2020-11-07,US,Alabama,Chambers,1483,48,0,32.91360079,-85.39072749,1017.0,4459.613881036868,3.236682400539447,1435,1469,48,0,1421,1461,33615,14,0,0,14,8
2020-11-07,US,Alabama,Cherokee,836,15,0,34.17805983,-85.60638968,1019.0,3191.3269201404796,1.7942583732057416,821,832,15,0,817,831,26032,4,0,0,4,1
2020-11-07,US,Alabama,Chilton,2001,35,0,32.85044126,-86.7173256,1021.0,4503.916449086162,1.7491254372813594,1966,1992,35,0,1957,1983,44153,9,0,0,9,9
2020-11-07,US,Alabama,Choctaw,407,12,0,32.02227341,-88.26564429999998,1023.0,3232.981174040829,2.9484029484029484,395,403,12,0,391,399,12841,4,0,0,4,4
2020-11-07,US,Alabama,Clarke,1435,18,0,31.68099859,-87.83548597,1025.0,6074.845483024299,1.254355400696864,1417,1436,18,0,1418,1422,23920,-1,0,0,-1,14
2020-11-07,US,Alabama,Clay,812,13,0,33.26984193,-85.85836077,1027.0,6135.247449943333,1.6009852216748768,799,806,13,0,793,799,13275,6,0,0,6,7
2020-11-07,US,Alabama,Cleburne,622,11,0,33.67679204,-85.52005899,1029.0,4171.6968477531855,1.7684887459807077,611,616,10,0,606,614,14987,6,1,0,5,2
2020-11-07,US,Alabama,Coffee,1970,12,0,31.39932826,-85.98901039,1031.0,3763.707920981239,0.6091370558375635,1958,1947,11,0,1936,1920,51909,23,1,0,22,27
2020-11-07,US,Alabama,Colbert,2450,33,0,34.69847452,-87.80168544,1033.0,4435.111601889901,1.3469387755102042,2417,2425,33,0,2392,2390,54762,25,0,0,25,35
2020-11-07,US,Alabama,Conecuh,604,13,0,31.43401703,-86.99320044,1035.0,5005.3865915306205,2.1523178807947017,591,596,13,0,583,592,12277,8,0,0,8,4
2020-11-07,US,Alabama,Coosa,235,3,0,32.93690146,-86.24847739,1037.0,2203.8825846384693,1.2765957446808511,232,233,3,0,230,230,10715,2,0,0,2,3
2020-11-07,US,Alabama,Covington,1941,32,0,31.247785399999998,-86.45050893,1039.0,5239.0078004804445,1.648634724368882,1909,1934,32,0,1902,1912,36986,7,0,0,7,22
2020-11-07,US,Alabama,Crenshaw,641,30,0,31.72941803,-86.31593104,1041.0,4654.3711879175125,4.6801872074883,611,641,30,0,611,634,13824,0,0,0,0,7
2020-11-07,US,Alabama,Cullman,3140,27,0,34.13020303,-86.86888037,1043.0,3748.448094737848,0.8598726114649682,3113,3089,27,0,3062,3001,83442,51,0,0,51,88
2020-11-07,US,Alabama,Dale,2027,55,0,31.43037123,-85.61095742,1045.0,4122.264703489791,2.713369511593488,1972,2000,54,0,1946,1982,48956,27,1,0,26,18
2020-11-07,US,Alabama,Dallas,1981,27,0,32.32688101,-87.10866709999998,1047.0,5325.841488332078,1.3629480060575467,1954,1970,27,0,1943,1952,38310,11,0,0,11,18
2020-11-07,US,Alabama,DeKalb,3857,32,0,34.45946862,-85.80782906,1049.0,5393.42497168347,0.8296603577910293,3825,3820,30,0,3790,3790,71385,37,2,0,35,30
2020-11-07,US,Alabama,Elmore,3438,59,0,32.59785413,-86.14415284,1051.0,4233.520915169501,1.7161140197789413,3379,3403,59,0,3344,3379,81887,35,0,0,35,24
2020-11-07,US,Alabama,Escambia,1823,31,0,31.1256789,-87.15918694,1053.0,4976.3874102585105,1.70049369171695,1792,1817,31,0,1786,1803,36748,6,0,0,6,14
2020-11-07,US,Alabama,Etowah,4853,58,0,34.04567266,-86.04051873,1055.0,4745.374897328587,1.195137028642077,4795,4792,57,0,4735,4745,102501,61,1,0,60,47
2020-11-07,US,Alabama,Fayette,658,15,0,33.72076938,-87.73886638,1057.0,4036.314562630352,2.2796352583586628,643,644,15,0,629,631,16433,14,0,0,14,13
2020-11-07,US,Alabama,Franklin,2245,33,0,34.44235334,-87.84289505,1059.0,7158.344493335884,1.469933184855234,2212,2232,33,0,2199,2219,31363,13,0,0,13,13
2020-11-07,US,Alabama,Geneva,1016,8,0,31.09389027,-85.83572839,1061.0,3867.3822846484723,0.7874015748031497,1008,1012,8,0,1004,1003,26314,4,0,0,4,9
2020-11-07,US,Alabama,Greene,358,17,0,32.85504247,-87.95684022,1063.0,4413.759092590311,4.748603351955309,341,356,17,0,339,354,8233,2,0,0,2,2
2020-11-07,US,Alabama,Hale,823,30,0,32.76039258,-87.63284988,1065.0,5617.3640024571705,3.6452004860267313,793,820,30,0,790,817,14726,3,0,0,3,3
2020-11-07,US,Alabama,Henry,776,6,0,31.51148016,-85.24267944,1067.0,4510.316768381284,0.7731958762886598,770,770,6,0,764,766,17209,6,0,0,6,4
2020-11-07,US,Alabama,Houston,4472,36,0,31.15197924,-85.29939599,1069.0,4223.569634121002,0.8050089445438283,4436,4436,36,0,4400,4408,104722,36,0,0,36,28
2020-11-07,US,Alabama,Jackson,2465,22,0,34.78144169,-85.99750489,1071.0,4774.7259132995005,0.8924949290060852,2443,2439,21,0,2418,2422,51736,26,1,0,25,17
2020-11-07,US,Alabama,Jefferson,25627,403,0,33.55554728,-86.89506300000002,1073.0,3891.292233359096,1.572560190424162,25224,25370,391,0,24979,25159,659300,257,12,0,245,211
2020-11-07,US,Alabama,Lamar,553,7,0,33.77995024,-88.09668032,1075.0,4005.795001810938,1.2658227848101269,546,544,7,0,537,541,13844,9,0,0,9,3
2020-11-07,US,Alabama,Lauderdale,2911,47,0,34.90171875,-87.65624729,1077.0,3139.2552491669267,1.6145654414290622,2864,2874,45,0,2829,2835,92387,37,2,0,35,39
2020-11-07,US,Alabama,Lawrence,995,35,0,34.52041498,-87.31069453,1079.0,3022.1115295832838,3.5175879396984926,960,983,34,0,949,977,32957,12,1,0,11,6
2020-11-07,US,Alabama,Lee,6878,65,0,32.60154883,-85.35132246,1081.0,4180.087758748527,0.9450421634195988,6813,6851,65,0,6786,6812,163941,27,0,0,27,39
2020-11-07,US,Alabama,Limestone,3311,37,0,34.81185586,-86.98310072,1083.0,3347.3184046908964,1.117487163998792,3274,3271,37,0,3234,3231,96174,40,0,0,40,40
2020-11-07,US,Alabama,Lowndes,745,29,0,32.1597283,-86.65158371,1085.0,7659.8807320584,3.8926174496644297,716,743,29,0,714,739,9974,2,0,0,2,4
2020-11-07,US,Alabama,Macon,598,20,0,32.38759944,-85.69267724,1087.0,3309.718839938012,3.3444816053511706,578,596,20,0,576,590,18439,2,0,0,2,6
2020-11-07,US,Alabama,Madison,10284,105,0,34.76327133,-86.55069633,1089.0,2757.77736659614,1.0210035005834306,10179,10150,106,0,10044,10078,366519,134,-1,0,135,72
2020-11-07,US,Alabama,Marengo,1090,24,0,32.24767634,-87.78796182,1091.0,5778.508190637756,2.201834862385321,1066,1080,24,0,1056,1077,19066,10,0,0,10,3
2020-11-07,US,Alabama,Marion,1203,31,0,34.13697363,-87.88704173,1093.0,4049.277996566697,2.57689110556941,1172,1197,31,0,1166,1188,29763,6,0,0,6,9
2020-11-07,US,Alabama,Marshall,4809,53,0,34.36975964,-86.30486727,1095.0,4969.309938619876,1.1021002287377832,4756,4769,53,0,4716,4727,96109,40,0,0,40,42
2020-11-07,US,Alabama,Mobile,17729,327,0,30.78472347,-88.20842409,1097.0,4290.554439631181,1.8444356703705795,17402,17667,325,0,17342,17591,413757,62,2,0,60,76
2020-11-07,US,Alabama,Monroe,691,10,0,31.56729412,-87.36995001,1099.0,3332.851010466406,1.447178002894356,681,688,10,0,678,683,21067,3,0,0,3,5
2020-11-07,US,Alabama,Montgomery,11080,219,0,32.2206831,-86.20969272,1101.0,4892.134613176973,1.9765342960288808,10861,11002,215,0,10787,10937,225763,78,4,0,74,65
2020-11-07,US,Alabama,Morgan,4818,40,0,34.45500589,-86.85475946,1103.0,4025.7689318928133,0.8302200083022001,4778,4753,39,0,4714,4702,119089,65,1,0,64,51
2020-11-07,US,Alabama,Perry,618,6,0,32.64048341,-87.29770589,1105.0,6925.921775187719,0.9708737864077671,612,615,6,0,609,614,9140,3,0,0,3,1
2020-11-07,US,Alabama,Pickens,991,18,0,33.28094866,-88.08818103,1107.0,4972.403411941797,1.8163471241170532,973,979,18,0,961,972,19938,12,0,0,12,7
2020-11-07,US,Alabama,Pike,1425,14,0,31.80396383,-85.9408295,1109.0,4303.315818082986,0.9824561403508772,1411,1419,14,0,1405,1410,33338,6,0,0,6,9
2020-11-07,US,Alabama,Randolph,888,18,0,33.29526734,-85.45708831,1111.0,3908.106680749934,2.0270270270270268,870,883,16,0,867,879,22725,5,2,0,3,4
2020-11-07,US,Alabama,Russell,2022,3,0,32.28725256,-85.18415324,1113.0,3488.5526474698504,0.14836795252225518,2019,2018,3,0,2015,2012,57781,4,0,0,4,6
2020-11-07,US,Alabama,Shelby,8182,71,0,33.26879845,-86.66232561,1117.0,3758.348568226291,0.8677584942556832,8111,8090,70,0,8020,8017,215707,92,1,0,91,73
2020-11-07,US,Alabama,St. Clair,3447,52,0,33.71902176,-86.31029372,1115.0,3850.88032889445,1.508558166521613,3395,3417,52,0,3365,3378,88690,30,0,0,30,39
2020-11-07,US,Alabama,Sumter,506,21,0,32.59117397,-88.19916205,1119.0,4071.779190472359,4.150197628458498,485,502,21,0,481,494,12691,4,0,0,4,8
2020-11-07,US,Alabama,Talladega,2935,40,0,33.37823223,-86.16886178,1121.0,3669.7591837755376,1.3628620102214652,2895,2910,40,0,2870,2892,79828,25,0,0,25,18
2020-11-07,US,Alabama,Tallapoosa,1467,87,0,32.86698258,-85.79833053,1123.0,3634.156613075037,5.930470347648263,1380,1454,87,0,1367,1443,40497,13,0,0,13,11
2020-11-07,US,Alabama,Tuscaloosa,11141,146,0,33.28726072,-87.52556818,1125.0,5321.582957178,1.3104748227268648,10995,11025,146,0,10879,10976,208911,116,0,0,116,49
2020-11-07,US,Alabama,Walker,3129,96,0,33.80270512,-87.30027177,1127.0,4925.930007399128,3.068072866730585,3033,3109,96,0,3013,3083,63711,20,0,0,20,26
2020-11-07,US,Alabama,Washington,806,12,0,31.4092794,-88.20689944,1129.0,4936.910449589612,1.488833746898263,794,801,12,0,789,794,16378,5,0,0,5,7
2020-11-07,US,Alabama,Wilcox,589,12,0,31.98773215,-87.30891118,1131.0,5678.203027089559,2.037351443123939,577,586,12,0,574,585,10627,3,0,0,3,1
2020-11-07,US,Alabama,Winston,1026,14,0,34.15030532,-87.37325922,1133.0,4342.121968767193,1.364522417153996,1012,1019,13,0,1006,1010,23660,7,1,0,6,9
2020-11-07,US,Alaska,Aleutians East,19,0,0,55.32222414,-161.9722021,2013.0,569.3736889421638,0.0,19,19,0,0,19,18,3515,0,0,0,0,1
2020-11-07,US,Alaska,Aleutians West,103,0,0,52.3233,-174.1596,2016.0,1828.1860134895278,0.0,103,102,0,0,102,102,5723,1,0,0,1,0
2020-11-07,US,Alaska,Anchorage,9914,51,0,61.14998174,-149.14269860000005,2020.0,3442.3611111111113,0.5144240468025015,9863,9574,51,0,9523,9253,291538,340,0,0,340,321
2020-11-07,US,Alaska,Bethel,644,1,0,60.90980451,-159.8561831,2050.0,3502.665071249864,0.15527950310559005,643,617,1,0,616,585,18216,27,0,0,27,32
2020-11-07,US,Alaska,Bristol Bay plus Lake and Peninsula,116,0,0,58.62403337,-156.21405890000003,2164.0,2885.5721393034833,0.0,116,116,0,0,116,115,,0,0,0,0,1
2020-11-07,US,Alaska,Denali,33,0,0,63.67264044,-150.0076108,2068.0,1573.6766809728185,0.0,33,33,0,0,33,33,2059,0,0,0,0,0
2020-11-07,US,Alaska,Dillingham,67,0,0,59.79603738,-158.23819419999995,2070.0,1362.8966639544344,0.0,67,63,0,0,63,63,5000,4,0,0,4,0
2020-11-07,US,Alaska,Fairbanks North Star,2505,16,0,64.80726247,-146.5692662,2090.0,2586.500635009138,0.6387225548902196,2489,2476,16,0,2460,2471,98971,29,0,0,29,5
2020-11-07,US,Alaska,Haines,15,0,0,59.09893571,-135.4679843,2100.0,592.8853754940711,0.0,15,15,0,0,15,14,2474,0,0,0,0,1
2020-11-07,US,Alaska,Juneau,652,3,0,58.45031811,-134.200436,2110.0,2039.156814912116,0.4601226993865031,649,642,3,0,639,631,32113,10,0,0,10,11
2020-11-07,US,Alaska,Kenai Peninsula,1305,4,0,60.24429722,-151.53888840000005,2122.0,2222.865708251005,0.3065134099616858,1301,1255,4,0,1251,1216,58533,50,0,0,50,39
2020-11-07,US,Alaska,Ketchikan Gateway,117,0,0,55.57445008,-130.975561,2130.0,841.6660671894107,0.0,117,105,0,0,105,98,13918,12,0,0,12,7
2020-11-07,US,Alaska,Kodiak Island,137,0,0,57.65529415,-153.7493579,2150.0,1054.0083089706109,0.0,137,131,0,0,131,131,13345,6,0,0,6,0
2020-11-07,US,Alaska,Kusilvak,318,0,0,62.15429159999999,-163.39678830000003,2158.0,3824.873707000241,0.0,318,296,0,0,296,284,8303,22,0,0,22,12
2020-11-07,US,Alaska,Matanuska-Susitna,1897,3,0,62.31305045,-149.5741743,2170.0,1751.3409714079971,0.15814443858724303,1894,1823,3,0,1820,1751,107610,74,0,0,74,72
2020-11-07,US,Alaska,Nome,151,0,0,64.90320724,-164.0353804,2180.0,1509.3962415033984,0.0,151,148,0,0,148,146,10008,3,0,0,3,2
2020-11-07,US,Alaska,North Slope,312,0,0,69.31479216,-153.4836093,2185.0,3173.311635475997,0.0,312,305,0,0,305,296,9872,7,0,0,7,9
2020-11-07,US,Alaska,Northwest Arctic,282,0,0,67.04919196,-159.7503946,2188.0,3700.3017976643487,0.0,282,279,0,0,279,278,7671,3,0,0,3,1
2020-11-07,US,Alaska,Petersburg,21,1,0,57.13978948,-132.9540995,2195.0,642.9883649724434,4.761904761904762,20,20,1,0,19,20,3221,1,0,0,1,0
2020-11-07,US,Alaska,Prince of Wales-Hyder,38,1,0,55.76261984,-133.0511621,2198.0,612.6068031597614,2.631578947368421,37,36,1,0,35,36,6422,2,0,0,2,0
2020-11-07,US,Alaska,Sitka,97,0,0,57.24124555,-135.3206587,2220.0,1142.1170375603438,0.0,97,93,0,0,93,89,8647,4,0,0,4,4
2020-11-07,US,Alaska,Skagway,7,0,0,59.56149996,-135.33377480000001,2230.0,591.7159763313608,0.0,7,7,0,0,7,7,1148,0,0,0,0,0
2020-11-07,US,Alaska,Southeast Fairbanks,101,1,0,63.87692095,-143.2127643,2240.0,1465.2546061221524,0.99009900990099,100,97,1,0,96,95,6918,4,0,0,4,2
2020-11-07,US,Alaska,Unassigned,80,0,0,0.0,0.0,90002.0,0.0,0.0,80,79,0,0,79,77,,1,0,0,1,2
2020-11-07,US,Alaska,Valdez-Cordova,192,1,0,61.47502768,-144.7126799,2261.0,2086.502934144751,0.5208333333333334,191,185,1,0,184,183,9164,7,0,0,7,2
2020-11-07,US,Alaska,Wrangell,19,0,0,56.3202004,-132.05837309999998,2275.0,759.3924860111911,0.0,19,19,0,0,19,19,2503,0,0,0,0,0
2020-11-07,US,Alaska,Yakutat,37,0,0,59.890980799999994,-140.36014509999998,2282.0,6390.328151986183,0.0,37,37,0,0,37,37,604,0,0,0,0,0
2020-11-07,US,Alaska,Yukon-Koyukuk,127,2,0,65.50815459,-151.39073869999999,2290.0,2428.2982791587,1.5748031496062993,125,127,2,0,125,126,5327,0,0,0,0,1
2020-11-07,US,Arizona,Apache,4127,183,0,35.39465006,-109.4892383,4001.0,5740.954553674516,4.434213714562636,3944,4111,180,0,3931,4066,71818,16,3,0,13,45
2020-11-07,US,Arizona,Cochise,2381,76,0,31.87934684,-109.7516088,4003.0,1890.8530677721128,3.1919361612767743,2305,2331,76,0,2255,2307,126770,50,0,0,50,24
2020-11-07,US,Arizona,Coconino,5773,151,0,35.83883429,-111.77071780000001,4005.0,4023.669463882461,2.6156244586869906,5622,5668,151,0,5517,5606,142854,105,0,0,105,62
2020-11-07,US,Arizona,Gila,2142,74,0,33.80190085,-110.8132779,4007.0,3965.344885038321,3.454715219421102,2068,2092,73,0,2019,2081,53889,50,1,0,49,11
2020-11-07,US,Arizona,Graham,1408,31,0,32.93166885,-109.8882178,4009.0,3625.408759687927,2.2017045454545454,1377,1364,31,0,1333,1343,38072,44,0,0,44,21
2020-11-07,US,Arizona,Greenlee,109,2,0,33.21498827,-109.2405279,4011.0,1147.610023162771,1.834862385321101,107,107,2,0,105,106,9483,2,0,0,2,1
2020-11-07,US,Arizona,La Paz,639,18,0,33.72854224,-113.98100290000001,4012.0,3027.2882319499718,2.8169014084507036,621,636,18,0,618,635,21098,3,0,0,3,1
2020-11-07,US,Arizona,Maricopa,165702,3699,0,33.34835867,-112.49181540000001,4013.0,3694.2409329439824,2.2323206720498243,162003,164269,3682,0,160587,162958,4410824,1433,17,0,1416,1311
2020-11-07,US,Arizona,Mohave,4722,240,0,35.70471703,-113.7577902,4015.0,2225.458452924626,5.082592121982211,4482,4647,240,0,4407,4596,209550,75,0,0,75,51
2020-11-07,US,Arizona,Navajo,6784,256,0,35.3997715,-110.3218983,4017.0,6115.8991742093685,3.7735849056603774,6528,6739,254,0,6485,6665,110445,45,2,0,43,74
2020-11-07,US,Arizona,Pima,30066,658,0,32.0971334,-111.7890033,4019.0,2870.868221362216,2.1885185924299875,29408,29764,653,0,29111,29456,1039073,302,5,0,297,308
2020-11-07,US,Arizona,Pinal,12768,231,0,32.90525627,-111.3449483,4021.0,2758.924693542845,1.8092105263157892,12537,12524,230,0,12294,12510,447138,244,1,0,243,14
2020-11-07,US,Arizona,Santa Cruz,3110,66,0,31.52508998,-110.8479088,4023.0,6688.459718697578,2.122186495176849,3044,3103,66,0,3037,3085,46511,7,0,0,7,18
2020-11-07,US,Arizona,Yavapai,3276,99,0,34.59933926,-112.5538588,4025.0,1393.4555229924415,3.021978021978022,3177,3138,92,0,3046,3134,231993,138,7,0,131,4
2020-11-07,US,Arizona,Yuma,14377,363,0,32.76895712,-113.90666740000002,4027.0,6724.917792007935,2.5248661055853097,14014,14270,361,0,13909,14219,212128,107,2,0,105,51
2020-11-07,US,Arkansas,Arkansas,772,20,0,34.29145151,-91.37277296,5001.0,4414.96053986046,2.5906735751295336,752,766,20,0,746,760,17769,6,0,0,6,6
2020-11-07,US,Arkansas,Ashley,617,13,0,33.19153461,-91.76984709999999,5003.0,3138.830950806329,2.1069692058346843,604,605,13,0,592,594,20046,12,0,0,12,11
2020-11-07,US,Arkansas,Baxter,906,13,0,36.28784385,-92.33782872,5005.0,2160.6410378708388,1.4348785871964682,893,880,12,0,868,848,41619,26,1,0,25,32
2020-11-07,US,Arkansas,Benton,9430,129,0,36.33644656,-94.25680817,5007.0,3378.2210424122577,1.3679745493107105,9301,9226,129,0,9097,9060,272608,204,0,0,204,166
2020-11-07,US,Arkansas,Boone,1191,38,0,36.3084504,-93.09374925,5009.0,3181.769608890789,3.190596137699412,1153,1165,38,0,1127,1145,37480,26,0,0,26,20
2020-11-07,US,Arkansas,Bradley,383,8,0,33.46755808,-92.15980837,5011.0,3558.4874105732597,2.0887728459530033,375,382,8,0,374,380,10897,1,0,0,1,2
2020-11-07,US,Arkansas,Calhoun,76,0,0,33.55598792,-92.49974403,5013.0,1464.6367315475045,0.0,76,74,0,0,74,71,5277,2,0,0,2,3
2020-11-07,US,Arkansas,Carroll,1093,20,0,36.34038560000001,-93.54270261,5015.0,3851.3037350246655,1.8298261665141808,1073,1087,19,0,1068,1070,28223,6,1,0,5,17
2020-11-07,US,Arkansas,Chicot,1062,23,0,33.26458973,-91.29539209,5017.0,10496.145483297094,2.1657250470809792,1039,1059,23,0,1036,1059,10438,3,0,0,3,0
2020-11-07,US,Arkansas,Clark,595,6,0,34.04613432,-93.17484713,5019.0,2665.770609318997,1.0084033613445378,589,581,6,0,575,564,22061,14,0,0,14,17
2020-11-07,US,Arkansas,Clay,568,15,0,36.36826212,-90.4148172,5021.0,3903.5117861315375,2.640845070422535,553,557,15,0,542,544,14847,11,0,0,11,13
2020-11-07,US,Arkansas,Cleburne,544,18,0,35.53864922,-92.02640019,5023.0,2183.073157028773,3.3088235294117645,526,540,18,0,522,534,24965,4,0,0,4,6
2020-11-07,US,Arkansas,Cleveland,281,13,0,33.89723187,-92.18537045,5025.0,3531.925590749121,4.6263345195729535,268,275,13,0,262,274,8018,6,0,0,6,1
2020-11-07,US,Arkansas,Columbia,798,22,0,33.21230701,-93.22642793,5027.0,3401.969561324978,2.7568922305764407,776,790,22,0,768,777,23537,8,0,0,8,13
2020-11-07,US,Arkansas,Conway,401,4,0,35.26205537,-92.70506566,5029.0,1923.6304326969205,0.9975062344139652,397,390,4,0,386,382,20891,11,0,0,11,8
2020-11-07,US,Arkansas,Craighead,5452,54,0,35.83018283,-90.63235729,5031.0,4941.449443497807,0.9904622157006604,5398,5328,54,0,5274,5193,108558,124,0,0,124,135
2020-11-07,US,Arkansas,Crawford,2357,32,0,35.58928601,-94.2446814,5033.0,3726.0698420728136,1.3576580398812048,2325,2334,31,0,2303,2291,63406,23,1,0,22,43
2020-11-07,US,Arkansas,Crittenden,2688,53,0,35.21247318,-90.30839406,5035.0,5605.254926493588,1.9717261904761905,2635,2658,53,0,2605,2614,48342,30,0,0,30,44
2020-11-07,US,Arkansas,Cross,639,23,0,35.29631396,-90.77185818,5037.0,3891.8326329252704,3.5993740219092327,616,635,23,0,612,629,16676,4,0,0,4,6
2020-11-07,US,Arkansas,Dallas,197,6,0,33.97042763,-92.65167437,5039.0,2810.671993151663,3.045685279187817,191,196,6,0,190,192,7182,1,0,0,1,4
2020-11-07,US,Arkansas,Desha,456,8,0,33.83011025,-91.25500948,5041.0,4013.731185635068,1.7543859649122806,448,454,8,0,446,447,11512,2,0,0,2,7
2020-11-07,US,Arkansas,Drew,472,7,0,33.59035001,-91.71777921,5043.0,2590.702014380592,1.4830508474576272,465,465,7,0,458,464,18328,7,0,0,7,1
2020-11-07,US,Arkansas,Faulkner,3719,44,0,35.14719007,-92.33717519,5045.0,2951.4233336243224,1.1831137402527558,3675,3683,44,0,3639,3648,124806,36,0,0,36,35
2020-11-07,US,Arkansas,Franklin,621,3,0,35.51202821,-93.89299569,5047.0,3505.503810330229,0.4830917874396135,618,602,2,0,600,595,17810,19,1,0,18,7
2020-11-07,US,Arkansas,Fulton,382,11,0,36.38177105,-91.81729127,5049.0,3061.633405466057,2.8795811518324608,371,377,11,0,366,373,12269,5,0,0,5,4
2020-11-07,US,Arkansas,Garland,2818,76,0,34.57692074,-93.14921604,5051.0,2835.409413800737,2.6969481902058194,2742,2789,76,0,2713,2748,99154,29,0,0,29,41
2020-11-07,US,Arkansas,Grant,408,4,0,34.29017991,-92.42320562,5053.0,2233.780454421024,0.9803921568627452,404,404,4,0,400,400,18188,4,0,0,4,4
2020-11-07,US,Arkansas,Greene,1906,23,0,36.11735460000001,-90.55832668,5055.0,4205.184776613348,1.2067156348373558,1883,1858,22,0,1836,1793,45325,48,1,0,47,65
2020-11-07,US,Arkansas,Hempstead,665,5,0,33.73325583,-93.66935133,5057.0,3088.4265279583874,0.7518796992481203,660,651,5,0,646,635,21741,14,0,0,14,16
2020-11-07,US,Arkansas,Hot Spring,2387,38,0,34.31709259,-92.95396325,5059.0,7068.194604838471,1.591956430666108,2349,2379,38,0,2341,2361,33701,8,0,0,8,18
2020-11-07,US,Arkansas,Howard,676,15,0,34.09007427,-93.9934871,5061.0,5120.4362975306785,2.218934911242604,661,668,14,0,654,658,13341,8,1,0,7,10
2020-11-07,US,Arkansas,Independence,1599,66,0,35.74242707,-91.57001641,5063.0,4227.3628552544615,4.127579737335835,1533,1591,66,0,1525,1573,37678,8,0,0,8,18
2020-11-07,US,Arkansas,Izard,796,2,0,36.09604046,-91.90847954,5065.0,5840.487196419399,0.25125628140703515,794,787,2,0,785,691,13593,9,0,0,9,96
2020-11-07,US,Arkansas,Jackson,983,6,0,35.59802983,-91.21494602,5067.0,5879.5382498953295,0.6103763987792472,977,977,6,0,971,968,16811,6,0,0,6,9
2020-11-07,US,Arkansas,Jefferson,4525,102,0,34.26767081,-91.92619839,5069.0,6771.519214653418,2.25414364640884,4423,4460,102,0,4358,4416,68114,65,0,0,65,44
2020-11-07,US,Arkansas,Johnson,1089,11,0,35.56759135,-93.46036368,5071.0,4097.373767777862,1.0101010101010102,1078,1084,11,0,1073,1075,26742,5,0,0,5,9
2020-11-07,US,Arkansas,Lafayette,220,3,0,33.24116713,-93.60677071,5073.0,3321.2560386473438,1.3636363636363635,217,218,3,0,215,214,6682,2,0,0,2,4
2020-11-07,US,Arkansas,Lawrence,943,22,0,36.04188196,-91.10867198,5075.0,5747.897110813116,2.3329798515376456,921,938,22,0,916,926,16434,5,0,0,5,12
2020-11-07,US,Arkansas,Lee,1118,18,0,34.78498904,-90.78383866,5077.0,12622.784238455459,1.6100178890876566,1100,1117,18,0,1099,1116,8985,1,0,0,1,1
2020-11-07,US,Arkansas,Lincoln,2355,18,0,33.95317155,-91.74002806,5079.0,18082.00245700245,0.7643312101910829,2337,2354,18,0,2336,2351,13383,1,0,0,1,3
2020-11-07,US,Arkansas,Little River,515,37,0,33.70375665,-94.23468591,5081.0,4200.995187209397,7.184466019417477,478,512,37,0,475,507,12326,3,0,0,3,5
2020-11-07,US,Arkansas,Logan,647,5,0,35.21413234,-93.71951016,5083.0,3014.0687598993763,0.7727975270479135,642,637,5,0,632,625,21737,10,0,0,10,12
2020-11-07,US,Arkansas,Lonoke,2041,34,0,34.75392199,-91.88742357,5085.0,2784.10563505163,1.6658500734933857,2007,2005,34,0,1971,1951,73657,36,0,0,36,54
2020-11-07,US,Arkansas,Madison,471,6,0,36.01038185,-93.72524943,5087.0,2841.457528957529,1.2738853503184713,465,460,6,0,454,458,16481,11,0,0,11,2
2020-11-07,US,Arkansas,Marion,216,2,0,36.26844485,-92.68451899,5089.0,1293.8780400143764,0.925925925925926,214,210,2,0,208,203,16722,6,0,0,6,7
2020-11-07,US,Arkansas,Miller,1777,22,0,33.31403423,-93.89285258,5091.0,4108.005640705551,1.2380416432189083,1755,1758,22,0,1736,1729,43592,19,0,0,19,29
2020-11-07,US,Arkansas,Mississippi,2599,70,0,35.76271485,-90.05194370000002,5093.0,6393.446655678828,2.693343593689881,2529,2543,70,0,2473,2511,41239,56,0,0,56,32
2020-11-07,US,Arkansas,Monroe,248,2,0,34.6815935,-91.20540287,5095.0,3700.9401581853454,0.8064516129032258,246,246,2,0,244,244,6900,2,0,0,2,2
2020-11-07,US,Arkansas,Montgomery,198,9,0,34.53704874,-93.65824478,5097.0,2203.4275539728465,4.545454545454546,189,196,8,0,188,195,8924,2,1,0,1,1
2020-11-07,US,Arkansas,Nevada,361,14,0,33.66340119,-93.30632432,5099.0,4374.6970431410555,3.878116343490305,347,354,14,0,340,351,8326,7,0,0,7,3
2020-11-07,US,Arkansas,Newton,344,21,0,35.91947491,-93.21612969,5101.0,4436.992132077905,6.104651162790698,323,342,21,0,321,332,7805,2,0,0,2,10
2020-11-07,US,Arkansas,Ouachita,434,9,0,33.58839816,-92.87795984,5103.0,1856.1286459669836,2.0737327188940093,425,426,9,0,417,418,23606,8,0,0,8,8
2020-11-07,US,Arkansas,Perry,175,2,0,34.945915299999996,-92.94372564,5105.0,1673.8402678144428,1.1428571428571428,173,172,2,0,170,168,10352,3,0,0,3,4
2020-11-07,US,Arkansas,Phillips,807,16,0,34.43268455,-90.84800154,5107.0,4538.297154425824,1.982651796778191,791,801,16,0,785,795,18029,6,0,0,6,6
2020-11-07,US,Arkansas,Pike,288,1,0,34.16250414,-93.65789349,5109.0,2687.068482925919,0.3472222222222222,287,288,1,0,287,287,10673,0,0,0,0,1
2020-11-07,US,Arkansas,Poinsett,1324,29,0,35.57433534,-90.66268713,5111.0,5627.337640258415,2.190332326283988,1295,1305,28,0,1277,1281,23974,19,1,0,18,24
2020-11-07,US,Arkansas,Polk,431,5,0,34.48254879,-94.22728802,5113.0,2158.885994790623,1.160092807424594,426,422,5,0,417,410,20049,9,0,0,9,12
2020-11-07,US,Arkansas,Pope,2973,38,0,35.44871474,-93.03212219,5115.0,4640.092396054439,1.2781701984527414,2935,2944,38,0,2906,2924,64000,29,0,0,29,20
2020-11-07,US,Arkansas,Prairie,271,5,0,34.83624419,-91.55162157,5117.0,3361.448772016869,1.845018450184502,266,267,5,0,262,266,8074,4,0,0,4,1
2020-11-07,US,Arkansas,Pulaski,13126,228,0,34.77054088,-92.31355101,5119.0,3349.229799622873,1.737010513484687,12898,12992,228,0,12764,12863,392680,134,0,0,134,129
2020-11-07,US,Arkansas,Randolph,749,26,0,36.3415714,-91.02455531,5121.0,4170.843078293797,3.4712950600801067,723,730,26,0,704,718,17948,19,0,0,19,12
2020-11-07,US,Arkansas,Saline,3351,40,0,34.64916145,-92.67583224,5125.0,2736.917761787695,1.193673530289466,3311,3287,40,0,3247,3229,121421,64,0,0,64,58
2020-11-07,US,Arkansas,Scott,262,2,0,34.85588887,-94.0632176,5127.0,2548.390234412995,0.7633587786259542,260,257,2,0,255,249,10319,5,0,0,5,8
2020-11-07,US,Arkansas,Searcy,227,1,0,35.9109364,-92.69936482,5129.0,2880.3451338662608,0.4405286343612335,226,226,1,0,225,225,7958,1,0,0,1,1
2020-11-07,US,Arkansas,Sebastian,5461,105,0,35.19605503,-94.27162713,5131.0,4272.180368779679,1.9227247756821093,5356,5389,105,0,5284,5297,127753,72,0,0,72,92
2020-11-07,US,Arkansas,Sevier,1497,16,0,33.99780401,-94.2424869,5133.0,8802.257893808432,1.068804275217101,1481,1486,16,0,1470,1478,17139,11,0,0,11,8
2020-11-07,US,Arkansas,Sharp,436,12,0,36.16258158,-91.47819342,5135.0,2499.713335626648,2.7522935779816518,424,420,11,0,409,407,17366,16,1,0,15,13
2020-11-07,US,Arkansas,St. Francis,1841,10,0,35.02201976,-90.74828138,5123.0,7365.767784268224,0.5431830526887561,1831,1830,10,0,1820,1818,25439,11,0,0,11,12
2020-11-07,US,Arkansas,Stone,415,22,0,35.86251946,-92.15684085,5137.0,3318.4071645610106,5.301204819277109,393,413,22,0,391,412,12457,2,0,0,2,1
2020-11-07,US,Arkansas,Unassigned,1755,0,0,0.0,0.0,90005.0,0.0,0.0,1755,1711,0,0,1711,1599,,44,0,0,44,112
2020-11-07,US,Arkansas,Union,1252,53,0,33.16887091,-92.59746952,5139.0,3236.647536321804,4.233226837060703,1199,1244,53,0,1191,1234,39126,8,0,0,8,10
2020-11-07,US,Arkansas,Van Buren,245,3,0,35.58095779,-92.51295036,5141.0,1480.8099123602294,1.2244897959183674,242,242,3,0,239,223,16603,3,0,0,3,19
2020-11-07,US,Arkansas,Washington,12445,161,0,35.976844,-94.21800746,5143.0,5203.041971344596,1.2936922458818805,12284,12325,159,0,12166,12191,236961,120,2,0,118,134
2020-11-07,US,Arkansas,White,1902,38,0,35.25688493,-91.74908296,5145.0,2415.1460896727745,1.9978969505783384,1864,1860,37,0,1823,1798,78727,42,1,0,41,62
2020-11-07,US,Arkansas,Woodruff,152,0,0,35.18902527,-91.2439489,5147.0,2405.0632911392404,0.0,152,150,0,0,150,147,6490,2,0,0,2,3
2020-11-07,US,Arkansas,Yell,1404,32,0,35.00292371,-93.41171338,5149.0,6578.885712946911,2.2792022792022792,1372,1396,32,0,1364,1384,21535,8,0,0,8,12
2020-11-07,US,California,Alameda,24664,475,0,37.64629437,-121.8929271,6001.0,1475.711843688466,1.9258838793383068,24189,24418,471,0,23947,24370,1666753,246,4,0,242,48
2020-11-07,US,California,Alpine,23,0,0,38.59678594,-119.82235940000001,6003.0,2037.2010628875116,0.0,23,22,0,0,22,18,1101,1,0,0,1,4
2020-11-07,US,California,Amador,369,16,0,38.44583082,-120.65696000000001,6005.0,928.2551821292012,4.336043360433604,353,363,16,0,347,362,39383,6,0,0,6,1
2020-11-07,US,California,Butte,3254,54,0,39.66727762,-121.6005252,6007.0,1484.5838694077177,1.6594960049170249,3200,3239,54,0,3185,3218,231256,15,0,0,15,21
2020-11-07,US,California,Calaveras,366,21,0,38.20537103,-120.55291299999999,6009.0,797.2987691972553,5.737704918032787,345,361,21,0,340,361,45602,5,0,0,5,0
2020-11-07,US,California,Colusa,581,6,0,39.17881957,-122.2331726,6011.0,2696.4310576878447,1.032702237521515,575,576,6,0,570,576,21627,5,0,0,5,0
2020-11-07,US,California,Contra Costa,19785,250,0,37.91923498,-121.9289527,6013.0,1715.1759041408689,1.2635835228708618,19535,19685,250,0,19435,19517,1150215,100,0,0,100,168
2020-11-07,US,California,Del Norte,203,1,0,41.74228275,-123.89740630000001,6015.0,729.9007622608946,0.4926108374384237,202,201,1,0,200,198,27828,2,0,0,2,3
2020-11-07,US,California,El Dorado,1487,4,0,38.77965956,-120.5233166,6017.0,771.0935838998564,0.26899798251513113,1483,1469,4,0,1465,1459,190678,18,0,0,18,10
2020-11-07,US,California,Fresno,32278,454,0,36.75733899,-119.6466953,6019.0,3230.704403258529,1.4065307639878557,31824,32056,454,0,31602,31952,994400,222,0,0,222,104
2020-11-07,US,California,Glenn,716,3,0,39.59875897,-122.3938452,6021.0,2521.7483182474552,0.4189944134078212,713,714,3,0,711,710,28047,2,0,0,2,4
2020-11-07,US,California,Humboldt,605,10,0,40.69923009,-123.876044,6023.0,446.30342731524513,1.6528925619834711,595,605,10,0,595,599,136373,0,0,0,0,6
2020-11-07,US,California,Imperial,13398,341,0,33.0393082,-115.36690420000001,6025.0,7393.4276963827515,2.5451559934318557,13057,13398,341,0,13057,13330,181827,0,0,0,0,68
2020-11-07,US,California,Inyo,250,15,0,36.51112084,-117.41119779999998,6027.0,1385.8861355950994,6.0,235,247,15,0,232,247,17987,3,0,0,3,0
2020-11-07,US,California,Kern,35063,429,0,35.34329425,-118.72777959999999,6029.0,3895.0146744841713,1.2235119641787642,34634,34973,428,0,34545,34779,896764,90,1,0,89,194
2020-11-07,US,California,Kings,8883,86,0,36.07409056,-119.8159973,6031.0,5808.160062769714,0.9681413936733084,8797,8846,84,0,8762,8817,151366,37,2,0,35,29
2020-11-07,US,California,Lake,746,17,0,39.10124298,-122.75362439999999,6033.0,1158.6369707700433,2.2788203753351213,729,740,17,0,723,739,64382,6,0,0,6,1
2020-11-07,US,California,Lassen,794,1,0,40.67311306,-120.59350990000002,6035.0,2597.062767801655,0.12594458438287154,793,782,1,0,781,781,30802,12,0,0,12,1
2020-11-07,US,California,Los Angeles,319977,7170,0,34.30828379,-118.22824109999999,6037.0,3187.3054047536302,2.2407860564978113,312807,317656,7157,0,310499,315564,10105518,2321,13,0,2308,2092
2020-11-07,US,California,Madera,5249,76,0,37.21513971,-119.76655890000002,6039.0,3336.363116311885,1.4478948371118308,5173,5249,76,0,5173,5219,157672,0,0,0,0,30
2020-11-07,US,California,Marin,7232,127,0,38.07122463,-122.72106310000001,6041.0,2794.1551467008726,1.7560840707964602,7105,7205,127,0,7078,7197,259666,27,0,0,27,8
2020-11-07,US,California,Mariposa,89,2,0,37.57978556,-119.9073334,6043.0,517.3516247166192,2.247191011235955,87,81,2,0,79,81,17471,8,0,0,8,0
2020-11-07,US,California,Mendocino,1216,21,0,39.4381191,-123.39113130000001,6045.0,1401.7452650751015,1.7269736842105263,1195,1213,21,0,1192,1193,87606,3,0,0,3,20
2020-11-07,US,California,Merced,9982,164,0,37.18922369,-120.72090349999999,6047.0,3594.7853644482857,1.6429573231817272,9818,9916,163,0,9753,9880,274765,66,1,0,65,36
2020-11-07,US,California,Modoc,73,0,0,41.58965602,-120.7244817,6049.0,825.6984504015383,0.0,73,68,0,0,68,64,8777,5,0,0,5,4
2020-11-07,US,California,Mono,335,2,0,37.93899289,-118.8872409,6051.0,2319.302132373304,0.5970149253731343,333,336,2,0,334,268,14250,-1,0,0,-1,68
2020-11-07,US,California,Monterey,12136,99,0,36.21862405,-121.24133970000001,6053.0,2795.9203890697386,0.8157547791694133,12037,11998,99,0,11899,11956,435594,138,0,0,138,42
2020-11-07,US,California,Napa,2189,16,0,38.50735751,-122.33283899999999,6055.0,1589.179927982344,0.7309273640931933,2173,2158,16,0,2142,2133,139417,31,0,0,31,25
2020-11-07,US,California,Nevada,699,9,0,39.30394768,-120.76272809999999,6057.0,700.7167560523282,1.2875536480686696,690,688,9,0,679,681,99696,11,0,0,11,7
2020-11-07,US,California,Orange,61743,1506,0,33.70147516,-117.76459979999998,6059.0,1944.2376653655328,2.4391428987901462,60237,61421,1503,0,59918,61112,3185968,322,3,0,319,309
2020-11-07,US,California,Placer,4692,60,0,39.06167234,-120.72405690000001,6061.0,1177.9207639915746,1.278772378516624,4632,4692,60,0,4632,4640,393149,0,0,0,0,52
2020-11-07,US,California,Plumas,99,0,0,40.00355989,-120.8395236,6063.0,526.3997447758813,0.0,99,94,0,0,94,90,18804,5,0,0,5,4
2020-11-07,US,California,Riverside,70696,1333,0,33.74314981,-115.9933578,6065.0,2861.5536808462584,1.885538078533439,69363,70696,1333,0,69363,70309,2450758,0,0,0,0,387
2020-11-07,US,California,Sacramento,27530,508,0,38.45106826,-121.34253740000001,6067.0,1773.773918242746,1.8452597166727207,27022,27278,506,0,26772,27043,1540975,252,2,0,250,235
2020-11-07,US,California,San Benito,1509,15,0,36.60308176,-121.069975,6069.0,2402.560183416125,0.9940357852882704,1494,1499,15,0,1484,1491,61537,10,0,0,10,8
2020-11-07,US,California,San Bernardino,68242,1093,0,34.84060306,-116.1774685,6071.0,3130.244921642964,1.6016529410040736,67149,67777,1092,0,66685,67196,2171603,465,1,0,464,581
2020-11-07,US,California,San Diego,59656,908,0,33.03484597,-116.73653259999999,6073.0,1787.0012850736746,1.522059809574896,58748,59116,907,0,58209,58636,3343364,540,1,0,539,480
2020-11-07,US,California,San Francisco,12860,151,0,37.75215114,-122.43856720000001,6075.0,1458.7958241685944,1.1741835147744946,12709,12753,151,0,12602,12666,883305,107,0,0,107,87
2020-11-07,US,California,San Joaquin,22635,494,0,37.93433732,-121.2730061,6077.0,2969.8956108262437,2.1824607908106914,22141,22556,494,0,22062,22450,752660,79,0,0,79,106
2020-11-07,US,California,San Luis Obispo,4568,33,0,35.38822029,-120.4039028,6079.0,1613.501418171671,0.7224168126094571,4535,4496,33,0,4463,4422,284010,72,0,0,72,74
2020-11-07,US,California,San Mateo,11810,162,0,37.422880799999994,-122.32755459999998,6081.0,1540.6230065499308,1.371718882303133,11648,11710,162,0,11548,11629,769545,100,0,0,100,81
2020-11-07,US,California,Santa Barbara,10128,131,0,34.65329488,-120.0188492,6083.0,2268.314150759576,1.2934439178515007,9997,10089,130,0,9959,10042,446527,39,1,0,38,47
2020-11-07,US,California,Santa Clara,26137,430,0,37.23104908,-121.6970462,6085.0,1355.7575996497656,1.6451773348127177,25707,25883,430,0,25453,25705,1937570,254,0,0,254,178
2020-11-07,US,California,Santa Cruz,3074,26,0,37.05580291,-122.0066524,6087.0,1125.12947773349,0.8458035133376708,3048,3031,26,0,3005,3007,274255,43,0,0,43,24
2020-11-07,US,California,Shasta,2475,34,0,40.76391419,-122.0396884,6089.0,1374.3891603731677,1.3737373737373737,2441,2452,34,0,2418,2375,180040,23,0,0,23,77
2020-11-07,US,California,Sierra,7,0,0,39.57713498,-120.52007009999998,6091.0,232.94509151414314,0.0,7,7,0,0,7,6,2987,0,0,0,0,1
2020-11-07,US,California,Siskiyou,292,0,0,41.59198861,-122.54074340000001,6093.0,670.66308367211,0.0,292,287,0,0,287,278,43724,5,0,0,5,9
2020-11-07,US,California,Solano,8132,79,0,38.26827353,-121.9357113,6095.0,1816.626195428053,0.971470732907034,8053,8132,79,0,8053,7996,446610,0,0,0,0,136
2020-11-07,US,California,Sonoma,10248,146,0,38.52746429,-122.88625060000001,6097.0,2073.0838943552562,1.4246682279469165,10102,10170,146,0,10024,10116,499942,78,0,0,78,54
2020-11-07,US,California,Stanislaus,18368,407,0,37.55862499,-120.9970722,6099.0,3335.633603312389,2.215810104529617,17961,18286,407,0,17879,18204,549815,82,0,0,82,82
2020-11-07,US,California,Sutter,1992,12,0,39.03417539,-121.6945899,6101.0,2054.2223963865486,0.6024096385542169,1980,1977,12,0,1965,1964,96807,15,0,0,15,13
2020-11-07,US,California,Tehama,1024,17,0,40.12570935,-122.23701709999999,6103.0,1573.3513613176815,1.66015625,1007,1015,17,0,998,997,63916,9,0,0,9,18
2020-11-07,US,California,Trinity,43,0,0,40.64917670000001,-123.114713,6105.0,350.02035002035,0.0,43,41,0,0,41,40,12535,2,0,0,2,1
2020-11-07,US,California,Tulare,18312,297,0,36.22026558,-118.8020203,6107.0,3927.9700554489,1.6218872870249017,18015,18208,297,0,17911,18117,465861,104,0,0,104,91
2020-11-07,US,California,Tuolumne,329,8,0,38.02644018,-119.95250929999999,6109.0,603.9135063695437,2.4316109422492405,321,318,7,0,311,312,54539,11,1,0,10,6
2020-11-07,US,California,Ventura,15222,169,0,34.44465746,-119.09106129999999,6111.0,1799.2780193048275,1.1102351859151232,15053,15113,169,0,14944,14936,850967,109,0,0,109,177
2020-11-07,US,California,Yolo,3463,63,0,38.68278902,-121.90182879999999,6113.0,1570.5215419501135,1.8192318798729423,3400,3423,63,0,3360,3395,220408,40,0,0,40,28
2020-11-07,US,California,Yuba,1434,10,0,39.26255932,-121.35356440000001,6115.0,1822.850460161692,0.6973500697350071,1424,1428,10,0,1418,1411,78041,6,0,0,6,17
2020-11-07,US,Colorado,Adams,17894,272,0,39.87432092,-104.3362578,8001.0,3458.3057123696167,1.5200625908125633,17622,17503,270,0,17233,17104,511868,391,2,0,389,399
2020-11-07,US,Colorado,Alamosa,389,9,0,37.57250606,-105.7885451,8003.0,2396.3531078666915,2.3136246786632397,380,381,9,0,372,374,16683,8,0,0,8,7
2020-11-07,US,Colorado,Arapahoe,15965,390,0,39.64977461,-104.3353617,8005.0,2431.5021550739425,2.4428437206388978,15575,15581,390,0,15191,15182,651215,384,0,0,384,399
2020-11-07,US,Colorado,Archuleta,73,0,0,37.19474156,-107.04768670000001,8007.0,520.3507021170433,0.0,73,71,0,0,71,69,13765,2,0,0,2,2
2020-11-07,US,Colorado,Baca,39,0,0,37.31940883,-102.5603223,8009.0,1089.0812622172577,0.0,39,39,0,0,39,39,3585,0,0,0,0,0
2020-11-07,US,Colorado,Bent,24,0,0,37.95474293,-103.0720195,8011.0,430.33889187735343,0.0,24,23,0,0,23,21,5882,1,0,0,1,2
2020-11-07,US,Colorado,Boulder,6754,96,0,40.09313619,-105.3546767,8013.0,2070.5342800034337,1.4213799230085875,6658,6593,96,0,6497,6425,326078,161,0,0,161,168
2020-11-07,US,Colorado,Broomfield,1242,43,0,39.95998787,-105.0566324,8014.0,1762.577165968921,3.4621578099838968,1199,1209,43,0,1166,1185,69267,33,0,0,33,24
2020-11-07,US,Colorado,Chaffee,461,20,0,38.74745778,-106.19265729999998,8015.0,2264.688543918255,4.338394793926248,441,454,20,0,434,445,20027,7,0,0,7,9
2020-11-07,US,Colorado,Cheyenne,16,0,0,38.82777431,-102.6032558,8017.0,873.8394320043692,0.0,16,16,0,0,16,16,1876,0,0,0,0,0
2020-11-07,US,Colorado,Clear Creek,100,1,0,39.68864463,-105.6463118,8019.0,1030.9278350515463,1.0,99,98,1,0,97,96,9605,2,0,0,2,2
2020-11-07,US,Colorado,Conejos,102,1,0,37.201606,-106.19174879999998,8021.0,1243.1444241316271,0.9803921568627452,101,99,1,0,98,94,8200,3,0,0,3,5
2020-11-07,US,Colorado,Costilla,47,1,0,37.27732493,-105.4276548,8023.0,1209.1587342423466,2.127659574468085,46,47,1,0,46,43,3828,0,0,0,0,4
2020-11-07,US,Colorado,Crowley,202,1,0,38.32608609,-103.7844965,8025.0,3332.7833690810107,0.4950495049504951,201,201,1,0,200,199,5858,1,0,0,1,2
2020-11-07,US,Colorado,Custer,32,0,0,38.10883162,-105.3683478,8027.0,631.4127861089188,0.0,32,32,0,0,32,32,4954,0,0,0,0,0
2020-11-07,US,Colorado,Delta,261,3,0,38.86246243,-107.86313419999999,8029.0,837.5585649188114,1.1494252873563218,258,248,3,0,245,240,30953,13,0,0,13,8
2020-11-07,US,Colorado,Denver,22637,458,0,39.76018276,-104.87256950000001,8031.0,3112.8517032883165,2.0232362945620004,22179,22103,457,0,21646,21546,716492,534,1,0,533,557
2020-11-07,US,Colorado,Dolores,3,0,0,37.75208676,-108.5211585,8033.0,145.98540145985402,0.0,3,3,0,0,3,3,2074,0,0,0,0,0
2020-11-07,US,Colorado,Douglas,5341,69,0,39.33133796,-104.930001,8035.0,1520.9850948586661,1.2918929039505709,5272,5182,68,0,5114,4998,342776,159,1,0,158,184
2020-11-07,US,Colorado,Eagle,1659,10,0,39.62754308,-106.6933637,8037.0,3009.4146244127196,0.6027727546714888,1649,1626,10,0,1616,1605,54993,33,0,0,33,21
2020-11-07,US,Colorado,El Paso,13755,209,0,38.83240149,-104.5251411,8041.0,1909.3479621822785,1.5194474736459467,13546,13304,208,0,13096,12925,713856,451,1,0,450,379
2020-11-07,US,Colorado,Elbert,292,3,0,39.28656773,-104.13587209999999,8039.0,1092.4464065247485,1.0273972602739727,289,282,3,0,279,274,26282,10,0,0,10,8
2020-11-07,US,Colorado,Fremont,1084,2,0,38.47362326,-105.43996670000001,8043.0,2265.9336524592904,0.18450184501845016,1082,1038,2,0,1036,976,48021,46,0,0,46,62
2020-11-07,US,Colorado,Garfield,1383,5,0,39.59921777,-107.902708,8045.0,2302.6589633872227,0.3615328994938539,1378,1347,5,0,1342,1307,59770,36,0,0,36,40
2020-11-07,US,Colorado,Gilpin,44,0,0,39.85646523,-105.5252597,8047.0,704.7893640877783,0.0,44,41,0,0,41,36,6121,3,0,0,3,5
2020-11-07,US,Colorado,Grand,172,1,0,40.10603347,-106.11780420000001,8049.0,1093.1740180500826,0.5813953488372093,171,167,1,0,166,165,15525,5,0,0,5,2
2020-11-07,US,Colorado,Gunnison,344,7,0,38.66611652,-107.0320729,8051.0,1969.9919825907684,2.0348837209302326,337,332,7,0,325,332,17246,12,0,0,12,0
2020-11-07,US,Colorado,Hinsdale,4,0,0,37.82247444,-107.3004345,8053.0,487.8048780487805,0.0,4,4,0,0,4,4,811,0,0,0,0,0
2020-11-07,US,Colorado,Huerfano,49,2,0,37.68473101,-104.9612585,8055.0,710.4538205016672,4.081632653061225,47,49,2,0,47,47,6889,0,0,0,0,2
2020-11-07,US,Colorado,Jackson,9,0,0,40.66593870000001,-106.3408905,8057.0,646.5517241379309,0.0,9,9,0,0,9,9,1399,0,0,0,0,0
2020-11-07,US,Colorado,Jefferson,11268,345,0,39.58635604,-105.2517692,8059.0,1933.1561673823644,3.061767838125665,10923,10944,343,0,10601,10607,580233,324,2,0,322,337
2020-11-07,US,Colorado,Kiowa,6,0,0,38.43260896,-102.7392145,8061.0,426.7425320056898,0.0,6,6,0,0,6,6,1383,0,0,0,0,0
2020-11-07,US,Colorado,Kit Carson,191,3,0,39.30497777,-102.60221990000001,8063.0,2691.278004790757,1.5706806282722514,188,184,3,0,181,184,7163,7,0,0,7,0
2020-11-07,US,Colorado,La Plata,454,2,0,37.28632032,-107.8429014,8067.0,807.5274363671938,0.4405286343612335,452,431,2,0,429,416,56310,23,0,0,23,15
2020-11-07,US,Colorado,Lake,162,0,0,39.20278823,-106.35556969999999,8065.0,1993.3554817275747,0.0,162,160,0,0,160,155,7824,2,0,0,2,5
2020-11-07,US,Colorado,Larimer,5294,60,0,40.66671597,-105.4625784,8069.0,1483.3328196492566,1.1333585190782018,5234,5142,60,0,5082,4975,350518,152,0,0,152,167
2020-11-07,US,Colorado,Las Animas,96,0,0,37.3153406,-104.03764579999999,8071.0,661.7951192609954,0.0,96,96,0,0,96,95,14503,0,0,0,0,1
2020-11-07,US,Colorado,Lincoln,27,0,0,38.98749519,-103.51366490000001,8073.0,473.6011226100684,0.0,27,26,0,0,26,26,5610,1,0,0,1,0
2020-11-07,US,Colorado,Logan,1503,14,0,40.7249637,-103.110817,8075.0,6707.126600919272,0.9314703925482368,1489,1466,14,0,1452,1416,21528,37,0,0,37,50
2020-11-07,US,Colorado,Mesa,2238,26,0,39.01787888,-108.469799,8077.0,1451.2677517670706,1.161751563896336,2212,2115,22,0,2093,2036,153207,123,4,0,119,79
2020-11-07,US,Colorado,Mineral,21,0,0,37.66954283,-106.92816979999999,8079.0,2730.8192457737327,0.0,21,21,0,0,21,21,776,0,0,0,0,0
2020-11-07,US,Colorado,Moffat,96,1,0,40.61810999,-108.2070876,8081.0,722.7282993299707,1.0416666666666667,95,85,1,0,84,83,13188,11,0,0,11,2
2020-11-07,US,Colorado,Montezuma,287,5,0,37.33859579,-108.59588570000001,8083.0,1096.1310774166445,1.7421602787456445,282,267,5,0,262,260,26158,20,0,0,20,7
2020-11-07,US,Colorado,Montrose,533,14,0,38.40214114,-108.26390220000002,8085.0,1246.5503531502875,2.626641651031895,519,524,14,0,510,510,42214,9,0,0,9,14
2020-11-07,US,Colorado,Morgan,1033,50,0,40.26279810000001,-103.8093302,8087.0,3553.736067152883,4.84027105517909,983,1011,50,0,961,973,28558,22,0,0,22,38
2020-11-07,US,Colorado,Otero,218,7,0,37.9014485,-103.7173385,8089.0,1192.6906663748766,3.2110091743119265,211,211,7,0,204,199,18432,7,0,0,7,12
2020-11-07,US,Colorado,Ouray,52,2,0,38.14717457,-107.7675136,8091.0,1050.0807754442646,3.8461538461538463,50,52,2,0,50,49,4833,0,0,0,0,3
2020-11-07,US,Colorado,Park,122,1,0,39.120926000000004,-105.7182065,8093.0,647.3865746882462,0.819672131147541,121,118,1,0,117,114,18556,4,0,0,4,4
2020-11-07,US,Colorado,Phillips,92,1,0,40.59414277,-102.3577703,8095.0,2157.0926143024617,1.0869565217391304,91,84,0,0,84,83,4286,8,1,0,7,1
2020-11-07,US,Colorado,Pitkin,323,2,0,39.21720112,-106.9310027,8097.0,1817.977148646367,0.6191950464396285,321,319,2,0,317,313,17950,4,0,0,4,6
2020-11-07,US,Colorado,Prowers,251,11,0,37.95544985,-102.3926052,8099.0,2062.1097601051592,4.382470119521912,240,240,11,0,229,232,12164,11,0,0,11,8
2020-11-07,US,Colorado,Pueblo,3081,54,0,38.17359144,-104.5127437,8101.0,1829.3117370446012,1.7526777020447906,3027,2964,53,0,2911,2826,167529,117,1,0,116,138
2020-11-07,US,Colorado,Rio Blanco,36,0,0,39.97913541,-108.2179009,8103.0,569.2599620493359,0.0,36,33,0,0,33,31,6336,3,0,0,3,2
2020-11-07,US,Colorado,Rio Grande,143,3,0,37.5836865,-106.3847838,8105.0,1269.1932191355286,2.097902097902098,140,142,3,0,139,137,11250,1,0,0,1,5
2020-11-07,US,Colorado,Routt,278,9,0,40.48596505,-106.9905548,8107.0,1084.3279506981823,3.2374100719424463,269,261,9,0,252,248,25733,17,0,0,17,13
2020-11-07,US,Colorado,Saguache,165,2,0,38.08054629,-106.28246599999999,8109.0,2417.936694021102,1.2121212121212122,163,159,2,0,157,155,6843,6,0,0,6,4
2020-11-07,US,Colorado,San Juan,12,0,0,37.76248981,-107.67632890000002,8111.0,1648.3516483516485,0.0,12,12,0,0,12,11,762,0,0,0,0,1
2020-11-07,US,Colorado,San Miguel,116,0,0,38.00450883,-108.4020725,8113.0,1418.2662917227044,0.0,116,114,0,0,114,114,8191,2,0,0,2,0
2020-11-07,US,Colorado,Sedgwick,59,1,0,40.87595412,-102.3519227,8115.0,2624.5551601423485,1.6949152542372878,58,57,1,0,56,53,2303,2,0,0,2,4
2020-11-07,US,Colorado,Summit,937,4,0,39.63803232,-106.1150762,8117.0,3021.508496984941,0.42689434364994666,933,904,4,0,900,873,31007,33,0,0,33,31
2020-11-07,US,Colorado,Teller,311,4,0,38.88133511,-105.16148929999999,8119.0,1224.9881833937293,1.2861736334405145,307,302,4,0,298,294,25083,9,0,0,9,8
2020-11-07,US,Colorado,Unassigned,23,0,0,0.0,0.0,90008.0,0.0,0.0,23,23,0,0,23,23,,0,0,0,0,0
2020-11-07,US,Colorado,Washington,126,1,0,39.97015535,-103.202587,8121.0,2567.237163814181,0.7936507936507936,125,127,1,0,126,124,4909,-1,0,0,-1,3
2020-11-07,US,Colorado,Weld,7790,163,0,40.55499405,-104.39296209999999,8123.0,2400.6755174241584,2.0924261874197687,7627,7544,163,0,7381,7334,314305,246,0,0,246,210
2020-11-07,US,Colorado,Yuma,246,1,0,40.00346839,-102.4258673,8125.0,2455.334863758859,0.4065040650406504,245,243,1,0,242,239,10020,3,0,0,3,4
2020-11-07,US,Connecticut,Fairfield,26435,1447,0,41.26809896,-73.3881171,9001.0,2802.3007806371447,5.473803669377719,24988,26435,1447,0,24988,26120,943823,0,0,0,0,315
2020-11-07,US,Connecticut,Hartford,19769,1505,0,41.80283011,-72.73103891,9003.0,2216.951509442426,7.612929333805453,18264,19769,1505,0,18264,19511,892697,0,0,0,0,258
2020-11-07,US,Connecticut,Litchfield,2559,146,0,41.7937534,-73.2451475,9005.0,1419.0414400026618,5.705353653771003,2413,2559,146,0,2413,2531,181111,0,0,0,0,28
2020-11-07,US,Connecticut,Middlesex,2231,198,0,41.45949668,-72.53714864,9007.0,1373.4640104410353,8.874943971313312,2033,2231,198,0,2033,2182,162682,0,0,0,0,49
2020-11-07,US,Connecticut,New Haven,19154,1137,0,41.408032500000004,-72.93620426,9009.0,2240.8707971973317,5.9360968988200895,18017,19154,1137,0,18017,18862,857620,0,0,0,0,292
2020-11-07,US,Connecticut,New London,4220,149,0,41.48896435,-72.10430976,9011.0,1591.2158850101432,3.530805687203792,4071,4220,149,0,4071,4141,266784,0,0,0,0,79
2020-11-07,US,Connecticut,Tolland,1940,68,0,41.85853803,-72.3308481,9013.0,1287.146449399885,3.5051546391752577,1872,1940,68,0,1872,1922,150921,0,0,0,0,18
2020-11-07,US,Connecticut,Unassigned,207,0,0,0.0,0.0,90009.0,0.0,0.0,207,207,0,0,207,202,,0,0,0,0,5
2020-11-07,US,Connecticut,Windham,1610,21,0,41.82972709,-71.98182316,9015.0,1378.6371187340515,1.3043478260869563,1589,1610,21,0,1589,1589,117027,0,0,0,0,21
2020-11-07,US,Delaware,Kent,3741,122,0,39.08646628,-75.56884914,10001.0,2069.2974013474495,3.2611601176156118,3619,3717,122,0,3595,3681,178550,24,0,0,24,36
2020-11-07,US,Delaware,New Castle,13964,354,0,39.57992638,-75.64054974,10003.0,2499.1364699607875,2.535090232025208,13610,13818,354,0,13464,13639,559335,146,0,0,146,179
2020-11-07,US,Delaware,Sussex,8461,240,0,38.66143781,-75.39031349,10005.0,3612.338563347209,2.836544143718237,8221,8408,240,0,8168,8342,229286,53,0,0,53,66
2020-11-07,US,Delaware,Unassigned,92,0,0,0.0,0.0,90010.0,0.0,0.0,92,92,0,0,92,91,,0,0,0,0,1
2020-11-07,US,District of Columbia,District of Columbia,17891,654,0,38.90417773,-77.01655992,11001.0,2535.037244119368,3.6554692303392766,17237,17792,652,0,17140,17682,702455,99,2,0,97,110
2020-11-07,US,Florida,Alachua,11082,78,0,29.67866525,-82.35928158,12001.0,4119.044167660932,0.7038440714672441,11004,11047,78,0,10969,10996,269956,35,0,0,35,51
2020-11-07,US,Florida,Baker,1847,26,0,30.33060121,-82.28467476,12003.0,6323.176994180075,1.4076881429344883,1821,1844,26,0,1818,1840,28355,3,0,0,3,4
2020-11-07,US,Florida,Bay,7108,141,0,30.26548745,-85.62122584,12005.0,4068.5727368993453,1.983680360157569,6967,7087,138,0,6949,7060,185287,21,3,0,18,27
2020-11-07,US,Florida,Bradford,1259,15,0,29.95079741,-82.16611613,12007.0,4464.3806957200095,1.1914217633042097,1244,1258,15,0,1243,1254,27732,1,0,0,1,4
2020-11-07,US,Florida,Brevard,12572,391,0,28.29409504,-80.73091022,12009.0,2088.5733176950603,3.110085905186128,12181,12429,385,0,12044,12318,596849,143,6,0,137,111
2020-11-07,US,Florida,Broward,90172,1545,0,26.15184651,-80.48725556,12011.0,4617.626786045316,1.713392183826465,88627,89751,1545,0,88206,89184,1951260,421,0,0,421,567
2020-11-07,US,Florida,Calhoun,754,15,0,30.40666734,-85.19394153,12013.0,5345.622119815668,1.9893899204244032,739,752,15,0,737,746,14587,2,0,0,2,6
2020-11-07,US,Florida,Charlotte,3962,165,0,26.90131002,-81.92949121,12015.0,2097.2950082049647,4.164563351842504,3797,3922,165,0,3757,3884,184998,40,0,0,40,38
2020-11-07,US,Florida,Citrus,3493,142,0,28.84804315,-82.47614748,12017.0,2334.00375525368,4.065273403950759,3351,3440,139,0,3301,3402,147929,53,3,0,50,38
2020-11-07,US,Florida,Clay,6465,127,0,29.98319144,-81.85609986,12019.0,2948.6618138032954,1.9644238205723124,6338,6433,127,0,6306,6395,216072,32,0,0,32,38
2020-11-07,US,Florida,Collier,15173,259,0,26.11091986,-81.34687065,12021.0,3942.0423900109636,1.7069795030646544,14914,15091,259,0,14832,15005,378488,82,0,0,82,86
2020-11-07,US,Florida,Columbia,4377,79,0,30.22509788,-82.62160164,12023.0,6105.7947158440975,1.8048891935115376,4298,4360,79,0,4281,4343,70503,17,0,0,17,17
2020-11-07,US,Florida,DeSoto,1717,30,0,27.18677893,-81.80941373,12027.0,4518.302149943423,1.7472335468841005,1687,1710,30,0,1680,1703,37489,7,0,0,7,7
2020-11-07,US,Florida,Dixie,921,11,0,29.60631086,-83.15724673,12029.0,5473.6716985617495,1.1943539630836049,910,919,11,0,908,918,16700,2,0,0,2,1
2020-11-07,US,Florida,Duval,36520,534,0,30.33225875,-81.66976468,12031.0,3813.083721828652,1.462212486308872,35986,36438,534,0,35904,36282,950181,82,0,0,82,156
2020-11-07,US,Florida,Escambia,14205,279,0,30.67652764,-87.37284571,12033.0,4462.54665175486,1.9640971488912355,13926,14139,274,0,13865,14033,315534,66,5,0,61,106
2020-11-07,US,Florida,Flagler,2262,40,0,29.45933576,-81.31508595,12035.0,1965.572075320861,1.7683465959328029,2222,2254,40,0,2214,2248,112067,8,0,0,8,6
2020-11-07,US,Florida,Franklin,791,4,0,29.83791238,-84.82731662,12037.0,6523.711340206187,0.5056890012642224,787,791,4,0,787,792,11736,0,0,0,0,-1
2020-11-07,US,Florida,Gadsden,3094,56,0,30.57796289,-84.61915825,12039.0,6776.17170389838,1.8099547511312215,3038,3092,56,0,3036,3082,45894,2,0,0,2,10
2020-11-07,US,Florida,Gilchrist,624,19,0,29.72856978,-82.79880657,12041.0,3358.088472715531,3.0448717948717947,605,624,19,0,605,622,18256,0,0,0,0,2
2020-11-07,US,Florida,Glades,626,6,0,26.95635849,-81.18996211,12043.0,4532.618926942292,0.9584664536741214,620,624,6,0,618,623,13724,2,0,0,2,1
2020-11-07,US,Florida,Gulf,981,15,0,29.93543004,-85.24270990000002,12045.0,7192.609428843757,1.529051987767584,966,979,15,0,964,979,16164,2,0,0,2,0
2020-11-07,US,Florida,Hamilton,923,10,0,30.49673973,-82.94998918,12047.0,6397.2830607152755,1.0834236186348862,913,922,10,0,912,919,14310,1,0,0,1,3
2020-11-07,US,Florida,Hardee,1645,17,0,27.49293939,-81.80956574,12049.0,6106.841890336711,1.0334346504559269,1628,1641,17,0,1624,1640,27245,4,0,0,4,1
2020-11-07,US,Florida,Hendry,2288,44,0,26.55386945,-81.16469006,12051.0,5444.767026795488,1.9230769230769231,2244,2281,44,0,2237,2277,41556,7,0,0,7,4
2020-11-07,US,Florida,Hernando,3972,178,0,28.55364461,-82.42700204,12053.0,2048.267326732673,4.481369587109769,3794,3946,177,0,3769,3915,190865,26,1,0,25,31
2020-11-07,US,Florida,Highlands,2913,123,0,27.34254618,-81.34071957,12055.0,2742.3955714971617,4.222451081359424,2790,2870,121,0,2749,2829,105424,43,2,0,41,41
2020-11-07,US,Florida,Hillsborough,50380,836,0,27.9276559,-82.32013172,12057.0,3422.628752798974,1.6593886462882097,49544,50127,830,0,49297,49794,1436888,253,6,0,247,333
2020-11-07,US,Florida,Holmes,980,13,0,30.86747479,-85.81319222,12059.0,4995.6670235000265,1.326530612244898,967,976,13,0,963,962,19477,4,0,0,4,14
2020-11-07,US,Florida,Indian River,4128,126,0,27.69308961,-80.60556721,12061.0,2581.242222819732,3.052325581395349,4002,4080,126,0,3954,4048,157413,48,0,0,48,32
2020-11-07,US,Florida,Jackson,3313,83,0,30.795459700000002,-85.21500423,12063.0,7137.932520360236,2.505282221551464,3230,3299,83,0,3216,3264,48305,14,0,0,14,35
2020-11-07,US,Florida,Jefferson,702,11,0,30.43669112,-83.89442308,12065.0,4927.699003228977,1.566951566951567,691,700,11,0,689,696,14288,2,0,0,2,4
2020-11-07,US,Florida,Lafayette,1290,17,0,29.98484137,-83.18166636,12067.0,15317.026834481121,1.3178294573643408,1273,1290,16,0,1274,1287,8732,0,1,0,-1,3
2020-11-07,US,Florida,Lake,9132,235,0,28.76202069,-81.7125123,12069.0,2487.483588383027,2.573368374945248,8897,9103,236,0,8867,9047,356495,29,-1,0,30,56
2020-11-07,US,Florida,Lee,24655,531,0,26.58410348,-81.88399313,12071.0,3199.550466728179,2.153721354694788,24124,24508,531,0,23977,24328,754610,147,0,0,147,180
2020-11-07,US,Florida,Leon,12864,119,0,30.45955727,-84.27491114,12073.0,4381.740024933409,0.9250621890547264,12745,12825,119,0,12706,12746,292502,39,0,0,39,79
2020-11-07,US,Florida,Levy,1194,12,0,29.31829741,-82.74007147,12075.0,2876.9004650266247,1.0050251256281406,1182,1189,12,0,1177,1183,40770,5,0,0,5,6
2020-11-07,US,Florida,Liberty,549,12,0,30.23766008,-84.8829258,12077.0,6571.702178597079,2.1857923497267757,537,545,11,0,534,543,8457,4,1,0,3,2
2020-11-07,US,Florida,Madison,1106,25,0,30.44396917,-83.47398594,12079.0,5980.6413237441175,2.260397830018084,1081,1100,25,0,1075,1095,18529,6,0,0,6,5
2020-11-07,US,Florida,Manatee,13989,334,0,27.47196942,-82.31831044,12081.0,3469.038048074037,2.387590249481736,13655,13944,330,0,13614,13892,394855,45,4,0,41,52
2020-11-07,US,Florida,Marion,11280,361,0,29.21227113,-82.05803627,12083.0,3085.5164000120362,3.2003546099290783,10919,11205,355,0,10850,11160,359977,75,6,0,69,45
2020-11-07,US,Florida,Martin,5548,169,0,27.0772071,-80.43109784,12085.0,3445.962732919255,3.0461427541456385,5379,5524,168,0,5356,5505,160912,24,1,0,23,19
2020-11-07,US,Florida,Miami-Dade,192646,3682,0,25.6112362,-80.55170587,12086.0,7090.550398610201,1.911277680304808,188964,191838,3671,0,188167,190728,2761581,808,11,0,797,1110
2020-11-07,US,Florida,Monroe,2539,25,0,25.20904673,-81.07812416,12087.0,3420.542113488172,0.9846396218983852,2514,2522,25,0,2497,2477,75027,17,0,0,17,45
2020-11-07,US,Florida,Nassau,2591,52,0,30.61037141,-81.80297522,12089.0,2923.554301833569,2.0069471246622927,2539,2576,52,0,2524,2561,85832,15,0,0,15,15
2020-11-07,US,Florida,Okaloosa,6968,138,0,30.69143028,-86.59267105,12091.0,3306.475339046589,1.9804822043628012,6830,6901,130,0,6771,6823,207269,67,8,0,59,78
2020-11-07,US,Florida,Okeechobee,1802,42,0,27.386336199999995,-80.88944347,12093.0,4273.382659836843,2.3307436182019976,1760,1788,42,0,1746,1784,41537,14,0,0,14,4
2020-11-07,US,Florida,Orange,48596,591,0,28.51367621,-81.31799498,12095.0,3487.454178543645,1.2161494773232364,48005,48322,576,0,47746,48015,1380645,274,15,0,259,307
2020-11-07,US,Florida,Osceola,14935,211,0,28.06312234,-81.14882926,12097.0,3974.7066541406407,1.4127887512554402,14724,14869,211,0,14658,14767,367990,66,0,0,66,102
2020-11-07,US,Florida,Palm Beach,55002,1609,0,26.64676272,-80.46536002,12099.0,3674.712881738677,2.925348169157485,53393,54624,1606,0,53018,54260,1485941,378,3,0,375,364
2020-11-07,US,Florida,Pasco,11671,249,0,28.30810945,-82.40227529,12101.0,2106.8802611080123,2.133493273926827,11422,11558,245,0,11313,11445,539630,113,4,0,109,113
2020-11-07,US,Florida,Pinellas,27372,831,0,27.93130349,-82.72239666,12103.0,2807.3961329072117,3.0359491451117933,26541,27192,831,0,26361,26884,975280,180,0,0,180,308
2020-11-07,US,Florida,Polk,23966,638,0,27.95027105,-81.69732947,12105.0,3306.6722591914477,2.66210464825169,23328,23879,637,0,23242,23763,708009,87,1,0,86,116
2020-11-07,US,Florida,Putnam,2468,51,0,29.60779729,-81.74230285,12107.0,3311.81814522081,2.06645056726094,2417,2461,51,0,2410,2455,74163,7,0,0,7,6
2020-11-07,US,Florida,Santa Rosa,6199,89,0,30.69341450000001,-87.02458128,12113.0,3363.3004725656897,1.4357154379738668,6110,6175,88,0,6087,6142,179349,24,1,0,23,33
2020-11-07,US,Florida,Sarasota,10312,351,0,27.18546175,-82.33174248,12115.0,2377.45018928303,3.4038013964313416,9961,10247,350,0,9897,10186,426718,65,1,0,64,61
2020-11-07,US,Florida,Seminole,10860,250,0,28.7158582,-81.24060348,12117.0,2301.6959641901885,2.3020257826887662,10610,10801,250,0,10551,10725,467832,59,0,0,59,76
2020-11-07,US,Florida,St. Johns,6992,87,0,29.90096506,-81.43589967,12109.0,2641.760367549269,1.244279176201373,6905,6965,86,0,6879,6907,254261,27,1,0,26,58
2020-11-07,US,Florida,St. Lucie,9491,339,0,27.37763908,-80.47106649,12111.0,2890.979814009875,3.5718048677694663,9152,9445,339,0,9106,9392,321128,46,0,0,46,53
2020-11-07,US,Florida,Sumter,3070,88,0,28.70181754,-82.0794267,12119.0,2318.380909228213,2.8664495114006514,2982,3047,88,0,2959,3026,128754,23,0,0,23,21
2020-11-07,US,Florida,Suwannee,3062,81,0,30.19746066,-82.99099670000003,12121.0,6893.75689488259,2.6453298497713917,2981,3059,80,0,2979,3057,44191,3,1,0,2,2
2020-11-07,US,Florida,Taylor,1530,18,0,30.04848048,-83.60445406,12123.0,7093.5138393064135,1.1764705882352942,1512,1525,18,0,1507,1516,21623,5,0,0,5,9
2020-11-07,US,Florida,Unassigned,1789,0,0,0.0,0.0,90012.0,0.0,0.0,1789,1784,0,0,1784,1817,,5,0,0,5,-33
2020-11-07,US,Florida,Union,1175,49,0,30.04412971,-82.37497443,12125.0,7711.491763470501,4.170212765957447,1126,1174,47,0,1127,1172,14940,1,2,0,-1,2
2020-11-07,US,Florida,Volusia,13557,329,0,29.05858895,-81.18263252,12127.0,2450.278699546707,2.426790587888176,13228,13439,329,0,13110,13360,547538,118,0,0,118,79
2020-11-07,US,Florida,Wakulla,1374,11,0,30.16548905,-84.39895211,12129.0,4072.438424375352,0.8005822416302766,1363,1369,11,0,1358,1357,32461,5,0,0,5,12
2020-11-07,US,Florida,Walton,2958,32,0,30.64204028,-86.16935664,12131.0,3993.4657288277454,1.0818120351588911,2926,2721,32,0,2689,2642,71375,237,0,0,237,79
2020-11-07,US,Florida,Washington,1296,24,0,30.61359259,-85.66002461,12133.0,5087.739959957602,1.851851851851852,1272,1285,24,0,1261,1280,24880,11,0,0,11,5
2020-11-07,US,Georgia,Appling,1190,38,0,31.74847232,-82.28909114,13001.0,6472.315892526923,3.1932773109243704,1152,1189,38,0,1151,1186,18507,1,0,0,1,3
2020-11-07,US,Georgia,Atkinson,491,7,0,31.29633502,-82.87545866,13003.0,6013.472137170851,1.4256619144602851,484,491,7,0,484,491,8297,0,0,0,0,0
2020-11-07,US,Georgia,Bacon,643,17,0,31.55456473,-82.45936528,13005.0,5759.584378359013,2.6438569206842923,626,640,16,0,624,638,11185,3,1,0,2,2
2020-11-07,US,Georgia,Baker,97,6,0,31.32669878,-84.44218806,13007.0,3192.890059249506,6.185567010309278,91,97,6,0,91,97,3092,0,0,0,0,0
2020-11-07,US,Georgia,Baldwin,2371,66,0,33.06882326,-83.24701748,13009.0,5281.799955446648,2.7836355967946016,2305,2362,66,0,2296,2355,44823,9,0,0,9,7
2020-11-07,US,Georgia,Banks,594,9,0,34.35607081,-83.49644388,13011.0,3088.281168763648,1.5151515151515151,585,591,9,0,582,589,18988,3,0,0,3,2
2020-11-07,US,Georgia,Barrow,2749,55,0,33.99148694,-83.71436292,13013.0,3302.498798654493,2.0007275372862856,2694,2735,54,0,2681,2726,80809,14,1,0,13,9
2020-11-07,US,Georgia,Bartow,3844,96,0,34.23732119,-84.83887523,13015.0,3567.91475616774,2.4973985431841834,3748,3820,96,0,3724,3803,106408,24,0,0,24,17
2020-11-07,US,Georgia,Ben Hill,899,34,0,31.76095874,-83.22145359,13017.0,5383.233532934131,3.7819799777530587,865,895,34,0,861,893,16787,4,0,0,4,2
2020-11-07,US,Georgia,Berrien,506,15,0,31.27590016,-83.22529920000002,13019.0,2608.650822292107,2.9644268774703564,491,507,14,0,493,505,19252,-1,1,0,-2,2
2020-11-07,US,Georgia,Bibb,6815,204,0,32.80904227,-83.70489165,13021.0,4449.624246697877,2.9933969185619955,6611,6800,203,0,6597,6782,153095,15,1,0,14,18
2020-11-07,US,Georgia,Bleckley,518,27,0,32.43829035,-83.33035166,13023.0,4023.926046764546,5.212355212355212,491,518,27,0,491,517,12838,0,0,0,0,1
2020-11-07,US,Georgia,Brantley,488,13,0,31.19576557,-81.97743999,13025.0,2553.770474645455,2.6639344262295084,475,485,13,0,472,481,18897,3,0,0,3,4
2020-11-07,US,Georgia,Brooks,554,26,0,30.83922642,-83.58303423,13027.0,3584.1366371223394,4.693140794223827,528,554,26,0,528,554,15513,0,0,0,0,0
2020-11-07,US,Georgia,Bryan,1334,16,0,32.00979311,-81.44002948,13029.0,3366.39160168572,1.199400299850075,1318,1330,16,0,1314,1328,38109,4,0,0,4,2
2020-11-07,US,Georgia,Bulloch,3157,33,0,32.39577406,-81.74811421,13031.0,3965.681841021002,1.0452961672473868,3124,3153,33,0,3120,3145,77296,4,0,0,4,8
2020-11-07,US,Georgia,Burke,916,12,0,33.05917989,-81.99928721,13033.0,4092.3915471563237,1.310043668122271,904,913,12,0,901,911,22423,3,0,0,3,2
2020-11-07,US,Georgia,Butts,775,44,0,33.283094500000004,-83.95435040000002,13035.0,3107.956368302855,5.67741935483871,731,774,44,0,730,770,24193,1,0,0,1,4
2020-11-07,US,Georgia,Calhoun,278,10,0,31.53169785,-84.62725131,13037.0,4491.840361932461,3.5971223021582728,268,286,10,0,276,284,6352,-8,0,0,-8,2
2020-11-07,US,Georgia,Camden,1496,18,0,30.92951916,-81.66601818,13039.0,2736.618739252917,1.2032085561497323,1478,1492,18,0,1474,1489,53677,4,0,0,4,3
2020-11-07,US,Georgia,Candler,564,25,0,32.40209349,-82.07702563,13043.0,5220.7720077756185,4.4326241134751765,539,562,25,0,537,563,10836,2,0,0,2,-1
2020-11-07,US,Georgia,Carroll,3550,80,0,33.58138199,-85.07976677,13045.0,2958.53056870458,2.2535211267605635,3470,3536,80,0,3456,3506,118121,14,0,0,14,30
2020-11-07,US,Georgia,Catoosa,1601,25,0,34.89872298,-85.13757014,13047.0,2369.044095886357,1.5615240474703311,1576,1577,25,0,1552,1560,67420,24,0,0,24,17
2020-11-07,US,Georgia,Charlton,656,10,0,30.78371028,-82.13951596,13049.0,4898.446833930705,1.5243902439024388,646,654,10,0,644,653,12968,2,0,0,2,1
2020-11-07,US,Georgia,Chatham,9728,194,0,32.00043026,-81.12489526,13051.0,3361.0890370728675,1.994243421052632,9534,9699,194,0,9505,9668,289195,29,0,0,29,31
2020-11-07,US,Georgia,Chattahoochee,1830,1,0,32.34341231,-84.78809239,13053.0,16778.215824699735,0.0546448087431694,1829,1820,1,0,1819,1818,10684,10,0,0,10,2
2020-11-07,US,Georgia,Chattooga,1020,29,0,34.47197698,-85.34535662,13055.0,4114.728306910323,2.843137254901962,991,1010,29,0,981,1005,24790,10,0,0,10,5
2020-11-07,US,Georgia,Cherokee,7656,104,0,34.24393976,-84.47431861,13057.0,2958.577595035031,1.3584117032392895,7552,7587,104,0,7483,7536,254149,69,0,0,69,51
2020-11-07,US,Georgia,Clarke,6025,50,0,33.95436462,-83.37124007,13059.0,4694.8905564516745,0.8298755186721992,5975,5992,50,0,5942,5951,127330,33,0,0,33,41
2020-11-07,US,Georgia,Clay,124,3,0,31.62221166,-84.97713865,13061.0,4375.441072688779,2.419354838709677,121,124,3,0,121,124,2887,0,0,0,0,0
2020-11-07,US,Georgia,Clayton,8715,183,0,33.54187245,-84.35594188,13063.0,2981.9747071060992,2.099827882960413,8532,8661,183,0,8478,8624,289615,54,0,0,54,37
2020-11-07,US,Georgia,Clinch,468,13,0,30.91395822,-82.70432472,13065.0,7071.622846781505,2.7777777777777777,455,466,13,0,453,466,6648,2,0,0,2,0
2020-11-07,US,Georgia,Cobb,23026,468,0,33.94243204,-84.5761255,13067.0,3029.174850455376,2.032485016937375,22558,22913,467,0,22446,22836,756865,113,1,0,112,77
2020-11-07,US,Georgia,Coffee,2366,65,0,31.54892966,-82.85492059999999,13069.0,5467.612599080258,2.7472527472527477,2301,2350,65,0,2285,2331,43093,16,0,0,16,19
2020-11-07,US,Georgia,Colquitt,2165,40,0,31.18810588,-83.7677946,13071.0,4747.80701754386,1.8475750577367205,2125,2163,40,0,2123,2156,45592,2,0,0,2,7
2020-11-07,US,Georgia,Columbia,4614,68,0,33.54534185,-82.263524,13073.0,2944.216853631456,1.4737754659731253,4546,4593,68,0,4525,4566,154291,21,0,0,21,27
2020-11-07,US,Georgia,Cook,652,16,0,31.16068491,-83.42947229,13075.0,3775.3329473074696,2.4539877300613497,636,647,16,0,631,637,17162,5,0,0,5,10
2020-11-07,US,Georgia,Coweta,3086,63,0,33.35334302,-84.76129976,13077.0,2077.98853941512,2.0414776409591706,3023,3069,63,0,3006,3058,145864,17,0,0,17,11
2020-11-07,US,Georgia,Crawford,202,6,0,32.71391813,-83.98061238,13079.0,1628.5069332473395,2.9702970297029703,196,198,6,0,192,197,12318,4,0,0,4,1
2020-11-07,US,Georgia,Crisp,681,24,0,31.92289565,-83.76811843,13081.0,3043.983550867156,3.524229074889868,657,679,24,0,655,677,22601,2,0,0,2,2
2020-11-07,US,Georgia,Dade,409,6,0,34.854916700000004,-85.50490424,13083.0,2537.850583271283,1.4669926650366751,403,402,6,0,396,396,16226,7,0,0,7,6
2020-11-07,US,Georgia,Dawson,948,11,0,34.44244079,-84.16964071,13085.0,3631.070936111537,1.1603375527426159,937,945,11,0,934,942,25083,3,0,0,3,3
2020-11-07,US,Georgia,DeKalb,22445,408,0,33.76944049,-84.22396017,13089.0,2956.0237956952287,1.8177767877032749,22037,22379,407,0,21972,22261,756558,66,1,0,65,118
2020-11-07,US,Georgia,Decatur,1337,36,0,30.87967778,-84.57619536,13087.0,5063.626723223754,2.6925953627524306,1301,1328,36,0,1292,1323,26575,9,0,0,9,5
2020-11-07,US,Georgia,Dodge,661,29,0,32.17265114,-83.16948926,13091.0,3207.959233195825,4.387291981845689,632,658,29,0,629,656,20705,3,0,0,3,2
2020-11-07,US,Georgia,Dooly,386,18,0,32.15630737,-83.79746561,13093.0,2882.748319641524,4.66321243523316,368,383,18,0,365,383,13706,3,0,0,3,0
2020-11-07,US,Georgia,Dougherty,3342,193,0,31.53328528,-84.21722377,13095.0,3799.6270862704077,5.774985038898863,3149,3334,193,0,3141,3329,91243,8,0,0,8,5
2020-11-07,US,Georgia,Douglas,4355,77,0,33.70291126,-84.77026156,13097.0,2975.885419869758,1.7680826636050515,4278,4333,76,0,4257,4302,145331,22,1,0,21,31
2020-11-07,US,Georgia,Early,569,35,0,31.32155345,-84.90255207,13099.0,5583.905789990185,6.151142355008787,534,566,35,0,531,566,10247,3,0,0,3,0
2020-11-07,US,Georgia,Echols,246,2,0,30.71101099,-82.89687287,13101.0,6140.788816774838,0.8130081300813008,244,246,2,0,244,246,4000,0,0,0,0,0
2020-11-07,US,Georgia,Effingham,1907,29,0,32.36616021,-81.34280942,13103.0,2965.969889262163,1.5207131620346093,1878,1902,29,0,1873,1890,62190,5,0,0,5,12
2020-11-07,US,Georgia,Elbert,810,14,0,34.11302332,-82.83936148,13105.0,4220.068771491091,1.728395061728395,796,798,13,0,785,792,19120,12,1,0,11,6
2020-11-07,US,Georgia,Emanuel,1249,38,0,32.59221302,-82.30239915,13107.0,5515.322794312461,3.0424339471577264,1211,1242,38,0,1204,1241,22612,7,0,0,7,1
2020-11-07,US,Georgia,Evans,492,7,0,32.15328841,-81.8870105,13109.0,4617.983855828797,1.4227642276422765,485,492,7,0,485,491,10721,0,0,0,0,1
2020-11-07,US,Georgia,Fannin,855,29,0,34.86430205,-84.316964,13111.0,3264.854131663357,3.391812865497076,826,850,29,0,821,848,25964,5,0,0,5,2
2020-11-07,US,Georgia,Fayette,2255,58,0,33.41357794,-84.49089434,13113.0,1970.7920748813592,2.5720620842572064,2197,2248,57,0,2191,2239,113459,7,1,0,6,9
2020-11-07,US,Georgia,Floyd,4309,65,0,34.26268279,-85.21577392,13115.0,4374.7081159008285,1.5084706428405663,4244,4282,64,0,4218,4252,97927,27,1,0,26,30
2020-11-07,US,Georgia,Forsyth,5073,55,0,34.22604035,-84.12315129999998,13117.0,2076.9533105153696,1.0841711019120837,5018,5037,55,0,4982,5005,236612,36,0,0,36,32
2020-11-07,US,Georgia,Franklin,1008,18,0,34.37525597,-83.23159927,13119.0,4317.101374791212,1.7857142857142858,990,997,18,0,979,989,23023,11,0,0,11,8
2020-11-07,US,Georgia,Fulton,32552,636,0,33.79216944,-84.46319413,13121.0,3059.5796555623133,1.9537970017203243,31916,32433,635,0,31798,32328,1050114,119,1,0,118,105
2020-11-07,US,Georgia,Gilmer,1088,24,0,34.69316688,-84.45802506,13123.0,3468.3923618859385,2.2058823529411766,1064,1088,24,0,1064,1087,30816,0,0,0,0,1
2020-11-07,US,Georgia,Glascock,54,2,0,33.22879932,-82.61297636,13125.0,1817.5698418041065,3.703703703703704,52,54,2,0,52,54,2995,0,0,0,0,0
2020-11-07,US,Georgia,Glynn,3855,105,0,31.23279254,-81.53811412,13127.0,4519.767387328237,2.723735408560312,3750,3849,105,0,3744,3839,85219,6,0,0,6,10
2020-11-07,US,Georgia,Gordon,2597,50,0,34.50487351,-84.87296253,13129.0,4480.444421441264,1.9252984212552944,2547,2558,48,0,2510,2550,57685,39,2,0,37,8
2020-11-07,US,Georgia,Grady,884,25,0,30.87454847,-84.23418364,13131.0,3588.681849551415,2.828054298642533,859,885,25,0,860,885,24748,-1,0,0,-1,0
2020-11-07,US,Georgia,Greene,597,25,0,33.5769205,-83.17139104,13133.0,3258.0222658808116,4.1876046901172534,572,596,25,0,571,593,17698,1,0,0,1,3
2020-11-07,US,Georgia,Gwinnett,32045,459,0,33.96044201,-84.02137802,13135.0,3422.696929238985,1.4323607427055702,31586,31933,458,0,31475,31787,927781,112,1,0,111,146
2020-11-07,US,Georgia,Habersham,1941,76,0,34.63331566,-83.53094677,13137.0,4282.121426050124,3.9155074703760953,1865,1936,76,0,1860,1930,45388,5,0,0,5,6
2020-11-07,US,Georgia,Hall,11150,184,0,34.32207823,-83.81896936,13139.0,5453.896234121336,1.6502242152466369,10966,11102,184,0,10918,11065,202148,48,0,0,48,37
2020-11-07,US,Georgia,Hancock,422,45,0,33.2721566,-82.99766919,13141.0,4989.94915454653,10.66350710900474,377,420,45,0,375,419,8348,2,0,0,2,1
2020-11-07,US,Georgia,Haralson,728,15,0,33.79602175,-85.21005667,13143.0,2443.609022556391,2.06043956043956,713,719,15,0,704,716,29533,9,0,0,9,3
2020-11-07,US,Georgia,Harris,878,26,0,32.73709786,-84.90538572,13145.0,2491.769780905892,2.9612756264236904,852,877,26,0,851,869,34475,1,0,0,1,8
2020-11-07,US,Georgia,Hart,617,19,0,34.34626973,-82.96567682,13147.0,2354.512497614959,3.079416531604538,598,615,18,0,597,613,26099,2,1,0,1,2
2020-11-07,US,Georgia,Heard,253,6,0,33.29686567,-85.12886832,13149.0,2121.949173865638,2.3715415019762847,247,253,6,0,247,251,11879,0,0,0,0,2
2020-11-07,US,Georgia,Henry,6633,122,0,33.4533428,-84.14814659999998,13151.0,2827.8358294857203,1.8392884064525856,6511,6593,118,0,6475,6568,230220,40,4,0,36,25
2020-11-07,US,Georgia,Houston,3848,97,0,32.45802497,-83.66879087,13153.0,2437.556615546392,2.5207900207900207,3751,3825,97,0,3728,3796,155469,23,0,0,23,29
2020-11-07,US,Georgia,Irwin,370,10,0,31.60213036,-83.27501387,13155.0,3929.4817332200514,2.702702702702702,360,370,10,0,360,366,9398,0,0,0,0,4
2020-11-07,US,Georgia,Jackson,2605,44,0,34.13794553,-83.56814788,13157.0,3569.617824794113,1.6890595009596931,2561,2580,43,0,2537,2552,70422,25,1,0,24,28
2020-11-07,US,Georgia,Jasper,253,4,0,33.31535543,-83.68844964,13159.0,1779.3093747802234,1.5810276679841897,249,252,4,0,248,251,14040,1,0,0,1,1
2020-11-07,US,Georgia,Jeff Davis,818,27,0,31.80405727,-82.63724870000001,13161.0,5411.84254052266,3.3007334963325183,791,816,27,0,789,814,15029,2,0,0,2,2
2020-11-07,US,Georgia,Jefferson,869,35,0,33.05867328,-82.41609057,13163.0,5656.815518812655,4.027617951668584,834,867,35,0,832,861,15430,2,0,0,2,6
2020-11-07,US,Georgia,Jenkins,476,33,0,32.79248718,-81.96040187,13165.0,5486.399262332871,6.932773109243697,443,476,33,0,443,474,8683,0,0,0,0,2
2020-11-07,US,Georgia,Johnson,441,24,0,32.70211082,-82.66166794,13167.0,4573.265581250648,5.442176870748299,417,440,24,0,416,440,9708,1,0,0,1,0
2020-11-07,US,Georgia,Jones,675,17,0,33.02512137,-83.56019163,13169.0,2349.051679136941,2.5185185185185186,658,672,17,0,655,669,28616,3,0,0,3,3
2020-11-07,US,Georgia,Lamar,453,20,0,33.07841647,-84.14263877,13171.0,2374.5871992451644,4.415011037527594,433,449,20,0,429,446,19000,4,0,0,4,3
2020-11-07,US,Georgia,Lanier,323,7,0,31.03828570000001,-83.06472457,13173.0,3098.915859157632,2.1671826625387,316,323,7,0,316,321,10340,0,0,0,0,2
2020-11-07,US,Georgia,Laurens,2099,94,0,32.46325233,-82.92221316,13175.0,4414.672107012157,4.478323010957599,2005,2095,93,0,2002,2079,47325,4,1,0,3,16
2020-11-07,US,Georgia,Lee,764,31,0,31.779330600000005,-84.14324253,13177.0,2547.3459589223794,4.057591623036648,733,761,31,0,730,761,29764,3,0,0,3,0
2020-11-07,US,Georgia,Liberty,1343,26,0,31.82588896,-81.49251135,13179.0,2186.0502970619355,1.9359642591213704,1317,1336,26,0,1310,1335,61497,7,0,0,7,1
2020-11-07,US,Georgia,Lincoln,250,8,0,33.79201475,-82.45024131,13181.0,3156.1671506122966,3.2,242,248,8,0,240,244,7915,2,0,0,2,4
2020-11-07,US,Georgia,Long,287,4,0,31.75218791,-81.74952375,13183.0,1467.3551817577584,1.3937282229965158,283,288,4,0,284,287,18998,-1,0,0,-1,1
2020-11-07,US,Georgia,Lowndes,4629,90,0,30.83568832,-83.27056716,13185.0,3942.728651005911,1.9442644199611148,4539,4604,90,0,4514,4593,116321,25,0,0,25,11
2020-11-07,US,Georgia,Lumpkin,1087,18,0,34.57286511,-84.00425681,13187.0,3234.156501041357,1.655933762649494,1069,1083,17,0,1066,1081,32955,4,1,0,3,2
2020-11-07,US,Georgia,Macon,265,11,0,32.35207048,-84.04234127,13193.0,2046.8062099328024,4.150943396226415,254,265,11,0,254,262,13143,0,0,0,0,3
2020-11-07,US,Georgia,Madison,849,11,0,34.12920917,-83.21218732,13195.0,2841.3654618473897,1.2956419316843346,838,844,11,0,833,837,29650,5,0,0,5,7
2020-11-07,US,Georgia,Marion,208,10,0,32.3483402,-84.52733571,13197.0,2488.335925349922,4.807692307692308,198,207,10,0,197,206,8351,1,0,0,1,1
2020-11-07,US,Georgia,McDuffie,724,17,0,33.47851918,-82.48252774,13189.0,3397.1471471471473,2.348066298342541,707,723,17,0,706,722,21531,1,0,0,1,1
2020-11-07,US,Georgia,McIntosh,325,7,0,31.49683595,-81.40163426,13191.0,2260.3978300180834,2.1538461538461537,318,324,7,0,317,323,14340,1,0,0,1,1
2020-11-07,US,Georgia,Meriwether,606,19,0,33.04163534,-84.68859732,13199.0,2862.947040204091,3.1353135313531357,587,604,16,0,588,603,21068,2,3,0,-1,1
2020-11-07,US,Georgia,Miller,332,2,0,31.16568912,-84.73151117,13201.0,5806.225953130465,0.6024096385542169,330,326,2,0,324,326,5686,6,0,0,6,0
2020-11-07,US,Georgia,Mitchell,863,46,0,31.22483255,-84.19381821,13205.0,3947.308237661803,5.330243337195829,817,856,46,0,810,855,22192,7,0,0,7,1
2020-11-07,US,Georgia,Monroe,801,55,0,33.014289,-83.92097166,13207.0,2904.489085502937,6.866416978776529,746,795,55,0,740,795,27520,6,0,0,6,0
2020-11-07,US,Georgia,Montgomery,370,9,0,32.17201038,-82.53527476,13209.0,4034.0165721761878,2.4324324324324325,361,371,9,0,362,370,9193,-1,0,0,-1,1
2020-11-07,US,Georgia,Morgan,553,6,0,33.59232073,-83.49129491,13211.0,2868.852459016393,1.08499095840868,547,552,6,0,546,550,18853,1,0,0,1,2
2020-11-07,US,Georgia,Murray,1203,11,0,34.78897608,-84.74993177,13213.0,3000.299281723863,0.914380714879468,1192,1184,11,0,1173,1161,39921,19,0,0,19,23
2020-11-07,US,Georgia,Muscogee,6518,178,0,32.50931999,-84.87142262,13215.0,3329.4341800795837,2.730899048787972,6340,6503,178,0,6325,6475,194160,15,0,0,15,28
2020-11-07,US,Georgia,Newton,3018,99,0,33.55514538,-83.84547140000002,13217.0,2700.816151202749,3.280318091451292,2919,3006,99,0,2907,2983,109541,12,0,0,12,23
2020-11-07,US,Georgia,Oconee,907,32,0,33.83749973,-83.43679568,13219.0,2251.7378351539223,3.528114663726571,875,903,32,0,871,903,39272,4,0,0,4,0
2020-11-07,US,Georgia,Oglethorpe,445,13,0,33.878629600000004,-83.08278123,13221.0,2916.311684907268,2.9213483146067416,432,445,13,0,432,442,15054,0,0,0,0,3
2020-11-07,US,Georgia,Out of GA,15151,193,0,0.0,0.0,80013.0,0.0,1.2738433106725628,14958,15031,192,0,14839,14926,,120,1,0,119,105
2020-11-07,US,Georgia,Paulding,3388,68,0,33.91969522,-84.86848792,13223.0,2008.691682427505,2.007083825265644,3320,3367,68,0,3299,3350,164044,21,0,0,21,17
2020-11-07,US,Georgia,Peach,828,26,0,32.56934316,-83.82937,13225.0,3005.881071661948,3.1400966183574885,802,821,26,0,795,820,27297,7,0,0,7,1
2020-11-07,US,Georgia,Pickens,862,12,0,34.46589159,-84.46406611,13227.0,2644.901966800651,1.3921113689095128,850,854,10,0,844,847,31980,8,2,0,6,7
2020-11-07,US,Georgia,Pierce,710,25,0,31.35928155,-82.21598442,13229.0,3647.5725661443616,3.5211267605633805,685,707,25,0,682,704,19389,3,0,0,3,3
2020-11-07,US,Georgia,Pike,402,12,0,33.09310242,-84.38790389,13231.0,2120.02953274971,2.985074626865672,390,401,12,0,389,399,18634,1,0,0,1,2
2020-11-07,US,Georgia,Polk,1802,29,0,34.00267074,-85.18677781,13233.0,4228.756482763476,1.6093229744728081,1773,1793,28,0,1765,1791,42470,9,1,0,8,2
2020-11-07,US,Georgia,Pulaski,346,23,0,32.23334561,-83.47549959999998,13235.0,3106.7612462961306,6.647398843930636,323,345,23,0,322,341,11069,1,0,0,1,4
2020-11-07,US,Georgia,Putnam,849,28,0,33.32056115,-83.37552891,13237.0,3838.3290383832905,3.2979976442873973,821,847,28,0,819,842,21809,2,0,0,2,5
2020-11-07,US,Georgia,Quitman,42,1,0,31.86728114,-85.01773177,13239.0,1826.8812527185733,2.380952380952381,41,41,1,0,40,41,2279,1,0,0,1,0
2020-11-07,US,Georgia,Rabun,454,11,0,34.88389445,-83.40304637,13241.0,2649.238489817354,2.4229074889867843,443,447,11,0,436,445,16867,7,0,0,7,2
2020-11-07,US,Georgia,Randolph,341,30,0,31.76622818,-84.75732369,13243.0,5030.98259073473,8.797653958944279,311,341,30,0,311,341,6833,0,0,0,0,0
2020-11-07,US,Georgia,Richmond,8372,189,0,33.35777107,-82.07026432,13245.0,4133.953525118754,2.25752508361204,8183,8351,188,0,8163,8295,201554,21,1,0,20,56
2020-11-07,US,Georgia,Rockdale,2253,42,0,33.65145002,-84.02202167,13247.0,2478.65692659743,1.8641810918774968,2211,2243,42,0,2201,2233,90594,10,0,0,10,10
2020-11-07,US,Georgia,Schley,114,2,0,32.2654021,-84.31258912,13249.0,2168.5371885105574,1.7543859649122806,112,111,2,0,109,110,5236,3,0,0,3,1
2020-11-07,US,Georgia,Screven,459,11,0,32.74976524,-81.60779441,13251.0,3286.553057425175,2.396514161220044,448,457,11,0,446,457,13938,2,0,0,2,0
2020-11-07,US,Georgia,Seminole,408,11,0,30.93464824,-84.86823924,13253.0,5043.263288009889,2.6960784313725488,397,407,11,0,396,407,8315,1,0,0,1,0
2020-11-07,US,Georgia,Spalding,1694,66,0,33.26310031,-84.28013991,13255.0,2539.6159093294154,3.8961038961038965,1628,1684,66,0,1618,1680,66100,10,0,0,10,4
2020-11-07,US,Georgia,Stephens,1319,43,0,34.55151201,-83.29405315,13257.0,5087.753134040501,3.260045489006824,1276,1311,43,0,1268,1308,26035,8,0,0,8,3
2020-11-07,US,Georgia,Stewart,572,17,0,32.07996777,-84.83208037,13259.0,8639.178371847152,2.9720279720279716,555,572,17,0,555,572,6199,0,0,0,0,0
2020-11-07,US,Georgia,Sumter,976,68,0,32.03650571,-84.19821492,13261.0,3305.785123966942,6.967213114754099,908,976,68,0,908,974,29733,0,0,0,0,2
2020-11-07,US,Georgia,Talbot,189,8,0,32.69642758,-84.53351366,13263.0,3050.847457627119,4.232804232804233,181,184,8,0,176,181,6272,5,0,0,5,3
2020-11-07,US,Georgia,Taliaferro,31,0,0,33.56543317,-82.88136816,13265.0,2016.9160702667525,0.0,31,31,0,0,31,31,1608,0,0,0,0,0
2020-11-07,US,Georgia,Tattnall,971,18,0,32.04785085,-82.05539188,13267.0,3840.069603733291,1.8537590113285276,953,971,17,0,954,968,25391,0,1,0,-1,3
2020-11-07,US,Georgia,Taylor,245,13,0,32.55792548,-84.25077141,13269.0,3054.8628428927677,5.306122448979592,232,245,13,0,232,242,8039,0,0,0,0,3
2020-11-07,US,Georgia,Telfair,506,24,0,31.92829517,-82.93491155,13271.0,3190.416141235813,4.743083003952568,482,506,24,0,482,502,15876,0,0,0,0,4
2020-11-07,US,Georgia,Terrell,344,32,0,31.77527543,-84.44069698,13273.0,4032.3525964130818,9.30232558139535,312,343,32,0,311,342,8611,1,0,0,1,1
2020-11-07,US,Georgia,Thomas,1643,73,0,30.86392347,-83.91847289,13275.0,3696.204809790556,4.443091905051736,1570,1643,72,0,1571,1639,44448,0,1,0,-1,4
2020-11-07,US,Georgia,Tift,2012,66,0,31.45743864,-83.5236119,13277.0,4950.300167306367,3.280318091451292,1946,2006,66,0,1940,2003,40571,6,0,0,6,3
2020-11-07,US,Georgia,Toombs,1544,59,0,32.12059861,-82.32957247,13279.0,5754.752143123369,3.821243523316062,1485,1539,58,0,1481,1538,26887,5,1,0,4,1
2020-11-07,US,Georgia,Towns,482,15,0,34.91369188,-83.74107459999998,13281.0,4004.3200132923494,3.1120331950207474,467,477,14,0,463,473,11852,5,1,0,4,4
2020-11-07,US,Georgia,Treutlen,317,12,0,32.40422134,-82.56904553,13283.0,4593.537168526302,3.785488958990536,305,315,12,0,303,315,6809,2,0,0,2,0
2020-11-07,US,Georgia,Troup,3106,113,0,33.03349196,-85.02812115,13285.0,4442.092617488058,3.6381197681905983,2993,3096,113,0,2983,3090,70034,10,0,0,10,6
2020-11-07,US,Georgia,Turner,344,25,0,31.71612656,-83.62069378,13287.0,4308.077645585473,7.267441860465117,319,341,24,0,317,340,7912,3,1,0,2,1
2020-11-07,US,Georgia,Twiggs,229,11,0,32.67435595,-83.43078662,13289.0,2820.1970443349755,4.80349344978166,218,229,10,0,219,230,8188,0,1,0,-1,-1
2020-11-07,US,Georgia,Unassigned,1984,6,0,0.0,0.0,90013.0,0.0,0.3024193548387097,1978,1976,5,0,1971,1957,,8,1,0,7,19
2020-11-07,US,Georgia,Union,950,29,0,34.82995757,-83.98967069,13291.0,3875.810860430011,3.0526315789473686,921,945,29,0,916,938,24001,5,0,0,5,7
2020-11-07,US,Georgia,Upson,853,70,0,32.87920671,-84.30024826,13293.0,3240.881458966565,8.206330597889801,783,851,70,0,781,848,26215,2,0,0,2,3
2020-11-07,US,Georgia,Walker,2073,46,0,34.73376362,-85.30165174,13295.0,2971.574375367325,2.2190062711046794,2027,2057,46,0,2011,2044,69410,16,0,0,16,13
2020-11-07,US,Georgia,Walton,2449,71,0,33.78017694,-83.73552314,13297.0,2588.986500058144,2.8991425071457737,2378,2439,71,0,2368,2429,93503,10,0,0,10,10
2020-11-07,US,Georgia,Ware,1793,67,0,31.05449097,-82.42224148,13299.0,5017.630268092014,3.7367540435025095,1726,1786,67,0,1719,1783,35680,7,0,0,7,3
2020-11-07,US,Georgia,Warren,171,6,0,33.41146451,-82.67795848,13301.0,3254.6631138180433,3.5087719298245608,165,172,6,0,166,172,5251,-1,0,0,-1,0
2020-11-07,US,Georgia,Washington,867,14,0,32.96711864,-82.79357039,13303.0,4255.423579071366,1.6147635524798154,853,862,14,0,848,818,20386,5,0,0,5,44
2020-11-07,US,Georgia,Wayne,1286,36,0,31.5521809,-81.91894878,13305.0,4297.122999298293,2.7993779160186625,1250,1282,36,0,1246,1282,29808,4,0,0,4,0
2020-11-07,US,Georgia,Webster,44,2,0,32.04066113,-84.54742852,13307.0,1687.7637130801688,4.545454545454546,42,44,2,0,42,44,2611,0,0,0,0,0
2020-11-07,US,Georgia,Wheeler,369,18,0,32.12009104,-82.72574721,13309.0,4697.644812221515,4.878048780487805,351,369,18,0,351,369,7879,0,0,0,0,0
2020-11-07,US,Georgia,White,1053,26,0,34.64624278,-83.74905525,13311.0,3419.0531852717713,2.469135802469136,1027,1047,26,0,1021,1040,29970,6,0,0,6,7
2020-11-07,US,Georgia,Whitfield,6071,67,0,34.80987459,-84.96093476,13313.0,5802.462056046183,1.1036073134574205,6004,6001,67,0,5934,5925,104062,70,0,0,70,76
2020-11-07,US,Georgia,Wilcox,262,25,0,31.97496928,-83.43438555,13315.0,3034.163288940359,9.541984732824428,237,262,25,0,237,262,8812,0,0,0,0,0
2020-11-07,US,Georgia,Wilkes,328,7,0,33.78290391,-82.74286107,13317.0,3354.8123146159355,2.1341463414634148,321,328,7,0,321,324,9876,0,0,0,0,4
2020-11-07,US,Georgia,Wilkinson,382,17,0,32.80291082,-83.17140684,13319.0,4266.249720795176,4.450261780104712,365,379,17,0,362,379,9036,3,0,0,3,0
2020-11-07,US,Georgia,Worth,614,35,0,31.55162306,-83.85090513,13321.0,3032.548031807181,5.700325732899022,579,615,35,0,580,613,20299,-1,0,0,-1,2
2020-11-07,US,Hawaii,Hawaii,1386,31,0,19.60121157,-155.5210167,15001.0,687.7968170787989,2.236652236652237,1355,1375,31,0,1344,1356,200983,11,0,0,11,19
2020-11-07,US,Hawaii,Honolulu,13704,171,0,21.45803166,-157.97121819999995,15003.0,1406.1687135670038,1.2478108581436078,13533,13596,170,0,13426,13510,980080,108,1,0,107,86
2020-11-07,US,Hawaii,Kauai,71,0,0,22.03935037,-159.5966786,15007.0,98.21144509150265,0.0,71,69,0,0,69,68,72133,2,0,0,2,1
2020-11-07,US,Hawaii,Maui,546,17,0,20.86399628,-156.56890969999995,15009.0,326.1317548397116,3.1135531135531136,529,544,17,0,527,537,167207,2,0,0,2,7
2020-11-07,US,Hawaii,Out of HI,112,1,0,0.0,0.0,80015.0,0.0,0.8928571428571429,111,107,1,0,106,101,,5,0,0,5,6
2020-11-07,US,Idaho,Ada,19065,191,0,43.4526575,-116.24155159999998,16001.0,3958.786262918227,1.001835824809861,18874,18618,188,0,18430,18311,469966,447,3,0,444,307
2020-11-07,US,Idaho,Adams,80,2,0,44.89333571,-116.4545247,16003.0,1863.0647414997675,2.5,78,79,2,0,77,75,4250,1,0,0,1,4
2020-11-07,US,Idaho,Bannock,3071,17,0,42.67002716,-112.2233311,16005.0,3497.403425655977,0.5535656138065776,3054,3024,17,0,3007,2948,87138,47,0,0,47,76
2020-11-07,US,Idaho,Bear Lake,109,1,0,42.28269683,-111.32892379999998,16007.0,1779.591836734694,0.9174311926605504,108,93,1,0,92,88,6050,16,0,0,16,5
2020-11-07,US,Idaho,Benewah,201,3,0,47.21754179,-116.6586851,16009.0,2161.7552161755216,1.492537313432836,198,199,3,0,196,195,9226,2,0,0,2,4
2020-11-07,US,Idaho,Bingham,1873,25,0,43.21672879999999,-112.3978437,16011.0,4001.1963000149535,1.3347570742124932,1848,1829,25,0,1804,1783,46236,44,0,0,44,46
2020-11-07,US,Idaho,Blaine,994,7,0,43.4085812,-113.9752658,16013.0,4317.7967942313535,0.7042253521126759,987,979,7,0,972,963,22601,15,0,0,15,16
2020-11-07,US,Idaho,Boise,101,2,0,43.98829931,-115.7309284,16015.0,1289.7458817520112,1.98019801980198,99,100,2,0,98,97,7634,1,0,0,1,3
2020-11-07,US,Idaho,Bonner,588,2,0,48.29996017,-116.6017932,16017.0,1285.554996829839,0.3401360544217687,586,575,2,0,573,558,44727,13,0,0,13,17
2020-11-07,US,Idaho,Bonneville,5250,40,0,43.38713372,-111.6161537,16019.0,4409.4673363457705,0.7619047619047619,5210,5157,40,0,5117,5081,116854,93,0,0,93,76
2020-11-07,US,Idaho,Boundary,251,1,0,48.76684761,-116.4630179,16021.0,2049.816251531237,0.398406374501992,250,244,1,0,243,237,11948,7,0,0,7,7
2020-11-07,US,Idaho,Butte,111,0,0,43.72592209,-113.1735463,16023.0,4274.162495186754,0.0,111,110,0,0,110,107,2611,1,0,0,1,3
2020-11-07,US,Idaho,Camas,50,0,0,43.46665742,-114.8065892,16025.0,4520.795660036167,0.0,50,50,0,0,50,49,1127,0,0,0,0,1
2020-11-07,US,Idaho,Canyon,11301,119,0,43.61970148,-116.70954990000001,16027.0,4916.706185365175,1.0530041589239891,11182,11101,118,0,10983,11001,223499,200,1,0,199,100
2020-11-07,US,Idaho,Caribou,349,5,0,42.77149116,-111.5597683,16029.0,4877.707896575821,1.4326647564469914,344,346,5,0,341,330,7060,3,0,0,3,16
2020-11-07,US,Idaho,Cassia,1639,11,0,42.28347888,-113.6012409,16031.0,6820.640865584686,0.6711409395973155,1628,1607,11,0,1596,1572,23864,32,0,0,32,35
2020-11-07,US,Idaho,Clark,43,0,0,44.28496071,-112.35057040000001,16033.0,5088.757396449704,0.0,43,41,0,0,41,41,852,2,0,0,2,0
2020-11-07,US,Idaho,Clearwater,188,0,0,46.67459924,-115.6622393,16035.0,2147.099132023755,0.0,188,188,0,0,188,180,8758,0,0,0,0,8
2020-11-07,US,Idaho,Custer,103,1,0,44.24186819,-114.2855494,16037.0,2387.02201622248,0.9708737864077671,102,103,1,0,102,103,4280,0,0,0,0,0
2020-11-07,US,Idaho,Elmore,641,4,0,43.3507101,-115.4701578,16039.0,2329.9771000690635,0.62402496099844,637,633,4,0,629,612,27259,8,0,0,8,21
2020-11-07,US,Idaho,Franklin,421,3,0,42.18332217,-111.81496659999999,16041.0,3034.015566445661,0.7125890736342043,418,416,3,0,413,409,13726,5,0,0,5,7
2020-11-07,US,Idaho,Fremont,546,5,0,44.22800938,-111.48099429999999,16043.0,4168.257118864036,0.9157509157509156,541,538,5,0,533,532,13168,8,0,0,8,6
2020-11-07,US,Idaho,Gem,497,6,0,44.06482372,-116.398376,16045.0,2744.0371024734977,1.2072434607645874,491,491,6,0,485,485,17634,6,0,0,6,6
2020-11-07,US,Idaho,Gooding,746,9,0,42.96927962,-114.81083059999999,16047.0,4914.684761842019,1.206434316353887,737,723,9,0,714,711,15196,23,0,0,23,12
2020-11-07,US,Idaho,Idaho,450,1,0,45.84721541,-115.4634436,16049.0,2699.9460010799785,0.2222222222222222,449,450,1,0,449,438,16513,0,0,0,0,12
2020-11-07,US,Idaho,Jefferson,1119,5,0,43.82078483,-112.3131749,16051.0,3746.10826554183,0.4468275245755137,1114,1101,5,0,1096,1084,29439,18,0,0,18,17
2020-11-07,US,Idaho,Jerome,1416,9,0,42.68891267,-114.2655033,16053.0,5800.426019990168,0.6355932203389829,1407,1373,9,0,1364,1341,24015,43,0,0,43,32
2020-11-07,US,Idaho,Kootenai,5055,55,0,47.67282258,-116.7020872,16055.0,3050.7492591899672,1.0880316518298714,5000,4939,55,0,4884,4823,161505,116,0,0,116,116
2020-11-07,US,Idaho,Latah,1114,1,0,46.81587887,-116.71136979999999,16057.0,2777.500747980453,0.08976660682226212,1113,1114,1,0,1113,1081,40134,0,0,0,0,33
2020-11-07,US,Idaho,Lemhi,347,4,0,44.9438088,-113.9309747,16059.0,4322.910178148748,1.1527377521613833,343,335,4,0,331,321,7961,12,0,0,12,14
2020-11-07,US,Idaho,Lewis,111,3,0,46.23315327,-116.434146,16061.0,2892.131318394997,2.702702702702702,108,111,3,0,108,103,3861,0,0,0,0,8
2020-11-07,US,Idaho,Lincoln,279,6,0,43.0012336,-114.1358773,16063.0,5199.403652627656,2.150537634408602,273,275,6,0,269,267,5360,4,0,0,4,8
2020-11-07,US,Idaho,Madison,3002,7,0,43.78141028,-111.65384740000002,16065.0,7522.489788758863,0.2331778814123917,2995,2956,7,0,2949,2925,39304,46,0,0,46,31
2020-11-07,US,Idaho,Minidoka,1358,10,0,42.85518524,-113.6357257,16067.0,6454.679404914681,0.7363770250368189,1348,1340,10,0,1330,1318,20825,18,0,0,18,22
2020-11-07,US,Idaho,Nez Perce,1251,25,0,46.32638236,-116.75009750000001,16069.0,3095.9215996832313,1.9984012789768184,1226,1251,25,0,1226,1180,40408,0,0,0,0,71
2020-11-07,US,Idaho,Oneida,81,0,0,42.19494279999999,-112.5407838,16071.0,1787.6848377841534,0.0,81,76,0,0,76,72,4488,5,0,0,5,4
2020-11-07,US,Idaho,Owyhee,433,5,0,42.58016894,-116.16938710000001,16073.0,3662.353040683414,1.1547344110854505,428,426,5,0,421,423,11693,7,0,0,7,3
2020-11-07,US,Idaho,Payette,1238,11,0,44.00545243,-116.7647695,16075.0,5168.886476556302,0.8885298869143781,1227,1233,11,0,1222,1223,23551,5,0,0,5,10
2020-11-07,US,Idaho,Power,396,2,0,42.69254894,-112.83957420000002,16077.0,5155.5787006900155,0.5050505050505051,394,395,2,0,393,391,7768,1,0,0,1,4
2020-11-07,US,Idaho,Shoshone,316,20,0,47.35364087,-115.89167490000001,16079.0,2453.0352429746936,6.329113924050633,296,312,20,0,292,305,12796,4,0,0,4,7
2020-11-07,US,Idaho,Teton,354,2,0,43.75303583,-111.2056773,16081.0,2915.4999176412452,0.5649717514124294,352,345,2,0,343,343,11640,9,0,0,9,2
2020-11-07,US,Idaho,Twin Falls,5076,54,0,42.35440512,-114.6685381,16083.0,5842.675936370542,1.0638297872340423,5022,4953,54,0,4899,4810,86081,123,0,0,123,143
2020-11-07,US,Idaho,Unassigned,4,0,0,0.0,0.0,90016.0,0.0,0.0,4,3,0,0,3,1,,1,0,0,1,2
2020-11-07,US,Idaho,Valley,165,1,0,44.76728382,-115.5676773,16085.0,1448.3848314606741,0.6060606060606061,164,153,1,0,152,145,11041,12,0,0,12,8
2020-11-07,US,Idaho,Washington,529,8,0,44.45275475,-116.78476880000001,16087.0,5189.327055130469,1.5122873345935728,521,524,8,0,516,517,10161,5,0,0,5,7
2020-11-07,US,Illinois,Adams,2733,29,0,39.98815591,-91.18786813,17001.0,4176.663864904102,1.06110501280644,2704,2640,28,0,2612,2534,65691,93,1,0,92,106
2020-11-07,US,Illinois,Alexander,178,2,0,37.18049267,-89.32910838,17003.0,3089.7413643464674,1.1235955056179776,176,170,2,0,168,160,6060,8,0,0,8,10
2020-11-07,US,Illinois,Bond,644,9,0,38.88829622,-89.43534887,17005.0,3920.6136612687205,1.3975155279503106,635,627,9,0,618,586,16630,17,0,0,17,41
2020-11-07,US,Illinois,Boone,2494,26,0,42.32359279,-88.82345779,17007.0,4657.85148662782,1.0425020048115476,2468,2442,26,0,2416,2349,53577,52,0,0,52,93
2020-11-07,US,Illinois,Brown,171,0,0,39.96209138,-90.75068024,17009.0,2599.5743387047737,0.0,171,161,0,0,161,149,6556,10,0,0,10,12
2020-11-07,US,Illinois,Bureau,1226,19,0,41.40385234,-89.5283051,17011.0,3757.508888071595,1.5497553017944534,1207,1184,19,0,1165,1118,32993,42,0,0,42,66
2020-11-07,US,Illinois,Calhoun,117,0,0,39.16840183,-90.66330078,17013.0,2468.8752901456005,0.0,117,114,0,0,114,94,4802,3,0,0,3,20
2020-11-07,US,Illinois,Carroll,670,17,0,42.06823429,-89.93395545,17015.0,4683.677036001398,2.537313432835821,653,641,17,0,624,620,14312,29,0,0,29,21
2020-11-07,US,Illinois,Cass,564,11,0,39.96991073,-90.24734436,17017.0,4643.1217584588785,1.9503546099290783,553,533,11,0,522,484,12260,31,0,0,31,49
2020-11-07,US,Illinois,Champaign,7744,31,0,40.13919438,-88.20046615,17019.0,3693.088335582696,0.4003099173553719,7713,7572,30,0,7542,7308,209983,172,1,0,171,264
2020-11-07,US,Illinois,Christian,1129,31,0,39.54581621,-89.27780482,17021.0,3494.9232293214463,2.745792736935341,1098,1083,31,0,1052,1050,32661,46,0,0,46,33
2020-11-07,US,Illinois,Clark,472,19,0,39.33425789,-87.78705622,17023.0,3056.7968395829284,4.02542372881356,453,466,18,0,448,355,15596,6,1,0,5,111
2020-11-07,US,Illinois,Clay,422,16,0,38.75388572,-88.48914513,17025.0,3200.8495145631073,3.791469194312796,406,399,15,0,384,376,13253,23,1,0,22,23
2020-11-07,US,Illinois,Clinton,2142,36,0,38.60704876,-89.42385254,17027.0,5702.571748043235,1.680672268907563,2106,2100,36,0,2064,2031,37639,42,0,0,42,69
2020-11-07,US,Illinois,Coles,2451,47,0,39.51949084,-88.22358557,17029.0,4841.864048517414,1.9175846593227253,2404,2386,47,0,2339,2317,50885,65,0,0,65,69
2020-11-07,US,Illinois,Cook,214924,5770,0,41.84144849,-87.81658794,17031.0,4173.092751337658,2.6846699298356627,209154,210266,5742,0,204524,204977,5180493,4658,28,0,4630,5289
2020-11-07,US,Illinois,Crawford,739,6,0,39.0032229,-87.75954624,17033.0,3958.857877537901,0.8119079837618404,733,730,6,0,724,700,18807,9,0,0,9,30
2020-11-07,US,Illinois,Cumberland,410,6,0,39.27432424,-88.2401158,17035.0,3808.285342745681,1.4634146341463414,404,398,6,0,392,345,10808,12,0,0,12,53
2020-11-07,US,Illinois,De Witt,412,9,0,40.17514519,-88.90959682,17039.0,2634.6080061388925,2.184466019417476,403,398,9,0,389,327,15769,14,0,0,14,71
2020-11-07,US,Illinois,DeKalb,3251,43,0,41.89373302,-88.76958483,17037.0,3099.2306738991583,1.3226699477083974,3208,3153,43,0,3110,3027,104143,98,0,0,98,126
2020-11-07,US,Illinois,Douglas,966,10,0,39.76768052,-88.21854195,17041.0,4962.753660416131,1.0351966873706004,956,947,10,0,937,920,19479,19,0,0,19,27
2020-11-07,US,Illinois,DuPage,29541,679,0,41.85116968,-88.08642662,17043.0,3200.8156711137794,2.2985003892894618,28862,28834,675,0,28159,27584,928589,707,4,0,703,1250
2020-11-07,US,Illinois,Edgar,481,14,0,39.6809186,-87.74759563,17045.0,2802.8669657945343,2.9106029106029108,467,464,14,0,450,197,17360,17,0,0,17,267
2020-11-07,US,Illinois,Edwards,135,0,0,38.41353228,-88.05720863,17047.0,2111.0242376856922,0.0,135,129,0,0,129,124,6392,6,0,0,6,5
2020-11-07,US,Illinois,Effingham,1647,5,0,39.05935711,-88.58969584,17049.0,4842.978122794637,0.3035822707953855,1642,1593,5,0,1588,1459,34208,54,0,0,54,134
2020-11-07,US,Illinois,Fayette,938,26,0,39.00072038,-89.02452658,17051.0,4396.325459317585,2.771855010660981,912,906,26,0,880,804,21416,32,0,0,32,102
2020-11-07,US,Illinois,Ford,375,19,0,40.59706922,-88.22350769,17053.0,2893.2952704266645,5.066666666666666,356,359,19,0,340,237,13264,16,0,0,16,122
2020-11-07,US,Illinois,Franklin,1265,12,0,37.99189086,-88.92567818,17055.0,3288.3620577607953,0.9486166007905138,1253,1231,12,0,1219,1193,38701,34,0,0,34,38
2020-11-07,US,Illinois,Fulton,819,4,0,40.47289135,-90.20862357,17057.0,2384.973791496797,0.4884004884004884,815,788,2,0,786,744,34844,31,2,0,29,44
2020-11-07,US,Illinois,Gallatin,132,3,0,37.76430935,-88.22953869,17059.0,2734.0513670256837,2.272727272727273,129,132,3,0,129,129,5058,0,0,0,0,3
2020-11-07,US,Illinois,Greene,485,19,0,39.35907414,-90.388865,17061.0,3739.686945793816,3.9175257731958766,466,457,19,0,438,371,13044,28,0,0,28,86
2020-11-07,US,Illinois,Grundy,1476,8,0,41.28569601,-88.41905692,17063.0,2891.056528381713,0.5420054200542005,1468,1405,8,0,1397,1322,50972,71,0,0,71,83
2020-11-07,US,Illinois,Hamilton,186,2,0,38.08163641,-88.53883373,17065.0,2291.769344504682,1.075268817204301,184,174,2,0,172,159,8163,12,0,0,12,15
2020-11-07,US,Illinois,Hancock,518,4,0,40.40423981,-91.16313899,17067.0,2925.2315337700475,0.7722007722007722,514,482,4,0,478,425,17844,36,0,0,36,57
2020-11-07,US,Illinois,Hardin,68,0,0,37.51810645,-88.26873022,17069.0,1779.6388380005233,0.0,68,66,0,0,66,63,3910,2,0,0,2,3
2020-11-07,US,Illinois,Henderson,169,0,0,40.81908672,-90.92491462,17071.0,2542.8829371050256,0.0,169,162,0,0,162,158,6709,7,0,0,7,4
2020-11-07,US,Illinois,Henry,1304,9,0,41.3533994,-90.13296166,17073.0,2665.9579252959343,0.6901840490797546,1295,1230,9,0,1221,957,49090,74,0,0,74,273
2020-11-07,US,Illinois,Iroquois,820,20,0,40.74717633,-87.82466784,17075.0,3024.2679058788813,2.4390243902439024,800,780,20,0,760,654,27604,40,0,0,40,126
2020-11-07,US,Illinois,Jackson,1818,29,0,37.78595185,-89.38232563,17077.0,3203.5242290748897,1.5951595159515952,1789,1780,28,0,1752,1741,57419,38,1,0,37,39
2020-11-07,US,Illinois,Jasper,415,10,0,39.01054275,-88.15437049,17079.0,4318.418314255983,2.409638554216868,405,408,10,0,398,310,9611,7,0,0,7,98
2020-11-07,US,Illinois,Jefferson,1177,55,0,38.29980057,-88.9240025,17081.0,3123.341471181403,4.672897196261682,1122,1150,52,0,1098,1092,37820,27,3,0,24,58
2020-11-07,US,Illinois,Jersey,724,22,0,39.08869046,-90.35393073,17083.0,3325.219308317641,3.0386740331491717,702,707,22,0,685,533,21847,17,0,0,17,174
2020-11-07,US,Illinois,Jo Daviess,676,11,0,42.36542373,-90.21094405,17085.0,3183.423593124559,1.6272189349112427,665,649,11,0,638,624,21366,27,0,0,27,25
2020-11-07,US,Illinois,Johnson,478,0,0,37.45939802,-88.88165419,17087.0,3849.56108560844,0.0,478,454,0,0,454,425,12456,24,0,0,24,29
2020-11-07,US,Illinois,Kane,21780,379,0,41.93842729,-88.42861412,17089.0,4090.886039334865,1.7401285583103765,21401,21195,373,0,20822,20127,534216,585,6,0,579,1068
2020-11-07,US,Illinois,Kankakee,4784,86,0,41.13746989,-87.86205334,17091.0,4354.553894886312,1.7976588628762542,4698,4552,84,0,4468,4294,110024,232,2,0,230,258
2020-11-07,US,Illinois,Kendall,3801,32,0,41.59081014,-88.42869583,17093.0,2946.7400573687883,0.8418837148118916,3769,3619,32,0,3587,3428,127915,182,0,0,182,191
2020-11-07,US,Illinois,Knox,1727,31,0,40.93148779,-90.21330340000002,17095.0,3474.919012454979,1.795020266357846,1696,1682,29,0,1653,1612,50112,45,2,0,43,70
2020-11-07,US,Illinois,LaSalle,3490,80,0,41.34426129999999,-88.88633881,17099.0,3211.587481250402,2.292263610315186,3410,3356,79,0,3277,3136,109430,134,1,0,133,220
2020-11-07,US,Illinois,Lake,25758,548,0,42.3224907,-88.00367925,17097.0,3698.019482150933,2.127494370680953,25210,25124,546,0,24578,24105,700832,634,2,0,632,1019
2020-11-07,US,Illinois,Lawrence,437,8,0,38.71987914,-87.72884035,17101.0,2787.345324658757,1.8306636155606408,429,418,8,0,410,403,15765,19,0,0,19,15
2020-11-07,US,Illinois,Lee,1103,6,0,41.74583951,-89.29977132,17103.0,3234.9835757860164,0.5439709882139621,1097,1056,6,0,1050,1018,34223,47,0,0,47,38
2020-11-07,US,Illinois,Livingston,1060,12,0,40.89188292,-88.55784752,17105.0,2973.518850987433,1.1320754716981132,1048,964,12,0,952,867,35761,96,0,0,96,97
2020-11-07,US,Illinois,Logan,842,6,0,40.12581572,-89.36638784,17107.0,2942.204207142358,0.7125890736342043,836,805,6,0,799,759,28925,37,0,0,37,46
2020-11-07,US,Illinois,Macon,4322,74,0,39.86064913,-88.96342505,17115.0,4155.409628012961,1.7121702915316983,4248,4210,72,0,4138,4001,104712,112,2,0,110,209
2020-11-07,US,Illinois,Macoupin,1054,12,0,39.26119767,-89.92424028,17117.0,2346.08022080755,1.1385199240986716,1042,1021,12,0,1009,951,45313,33,0,0,33,70
2020-11-07,US,Illinois,Madison,8976,168,0,38.83042506,-89.90422563,17119.0,3413.3690286957253,1.8716577540106951,8808,8763,164,0,8599,8252,264461,213,4,0,209,511
2020-11-07,US,Illinois,Marion,1376,29,0,38.64963204,-88.91899208,17121.0,3698.427630694799,2.107558139534884,1347,1331,27,0,1304,1288,37620,45,2,0,43,43
2020-11-07,US,Illinois,Marshall,205,4,0,41.0327901,-89.34510444,17123.0,1792.2713761147056,1.951219512195122,201,198,4,0,194,187,11534,7,0,0,7,11
2020-11-07,US,Illinois,Mason,400,13,0,40.23917274,-89.91824452,17125.0,2994.236095516132,3.25,387,389,13,0,376,377,13565,11,0,0,11,12
2020-11-07,US,Illinois,Massac,221,2,0,37.22078441,-88.71036614,17127.0,1604.7051989544007,0.9049773755656108,219,204,2,0,202,192,14080,17,0,0,17,12
2020-11-07,US,Illinois,McDonough,1001,25,0,40.45674722,-90.67775541,17109.0,3372.41425779934,2.4975024975024973,976,962,25,0,937,895,29955,39,0,0,39,67
2020-11-07,US,Illinois,McHenry,8895,126,0,42.32451172,-88.45248227,17111.0,2890.107676411912,1.4165261382799326,8769,8532,125,0,8407,7977,308570,363,1,0,362,555
2020-11-07,US,Illinois,McLean,5348,40,0,40.48996987,-88.84621113,17113.0,3118.058268276614,0.7479431563201197,5308,5205,39,0,5166,4778,172828,143,1,0,142,427
2020-11-07,US,Illinois,Menard,218,1,0,40.02742725,-89.80246001,17129.0,1787.4713020662512,0.4587155963302753,217,209,1,0,208,204,12288,9,0,0,9,5
2020-11-07,US,Illinois,Mercer,433,7,0,41.20596782,-90.74290052,17131.0,2804.9491481505474,1.6166281755196306,426,419,7,0,412,401,15601,14,0,0,14,18
2020-11-07,US,Illinois,Monroe,1241,40,0,38.27594376,-90.17761038,17133.0,3582.8738054681407,3.2232070910556003,1201,1180,40,0,1140,1141,34335,61,0,0,61,39
2020-11-07,US,Illinois,Montgomery,767,17,0,39.23198845,-89.47809254,17135.0,2699.3735482508623,2.216427640156453,750,752,17,0,735,740,28601,15,0,0,15,12
2020-11-07,US,Illinois,Morgan,1243,27,0,39.71654544,-90.20255104,17137.0,3693.029888882287,2.1721641190667738,1216,1201,27,0,1174,1132,33976,42,0,0,42,69
2020-11-07,US,Illinois,Moultrie,588,7,0,39.64187451,-88.62099969,17139.0,4054.892766016137,1.1904761904761905,581,565,7,0,558,545,14717,23,0,0,23,20
2020-11-07,US,Illinois,Ogle,1755,8,0,42.04165196,-89.32184679,17141.0,3465.434512173449,0.4558404558404559,1747,1718,8,0,1710,1646,50923,37,0,0,37,72
2020-11-07,US,Illinois,Out of IL,3,0,0,0.0,0.0,80017.0,0.0,0.0,3,1,0,0,1,2,,2,0,0,2,-1
2020-11-07,US,Illinois,Peoria,5729,92,0,40.78702156,-89.76078901,17143.0,3197.3612979199575,1.6058648978879386,5637,5598,92,0,5506,5428,180621,131,0,0,131,170
2020-11-07,US,Illinois,Perry,606,16,0,38.08510853,-89.36856219,17145.0,2897.303499713137,2.64026402640264,590,585,16,0,569,558,21174,21,0,0,21,27
2020-11-07,US,Illinois,Piatt,400,4,0,40.01360584,-88.59319339,17147.0,2447.381302006853,1.0,396,379,4,0,375,329,16396,21,0,0,21,50
2020-11-07,US,Illinois,Pike,601,12,0,39.62265059,-90.8877017,17149.0,3862.2196516933363,1.9966722129783692,589,584,12,0,572,535,15611,17,0,0,17,49
2020-11-07,US,Illinois,Pope,52,1,0,37.41391284,-88.56152109,17151.0,1244.9126167105578,1.9230769230769231,51,50,1,0,49,49,4212,2,0,0,2,1
2020-11-07,US,Illinois,Pulaski,276,1,0,37.22631423,-89.13085001,17153.0,5173.383317713215,0.3623188405797101,275,269,1,0,268,259,5463,7,0,0,7,10
2020-11-07,US,Illinois,Putnam,128,0,0,41.2013541,-89.2869272,17155.0,2230.3537201603067,0.0,128,124,0,0,124,121,5740,4,0,0,4,3
2020-11-07,US,Illinois,Randolph,1534,19,0,38.05095369,-89.82512254,17157.0,4826.631426593669,1.238591916558018,1515,1499,17,0,1482,1469,32106,35,2,0,33,30
2020-11-07,US,Illinois,Richland,407,19,0,38.71240969,-88.08475366,17159.0,2623.606007864372,4.6683046683046685,388,399,19,0,380,370,15763,8,0,0,8,29
2020-11-07,US,Illinois,Rock Island,5366,104,0,41.46613806,-90.57042164,17161.0,3782.0960113899873,1.9381289601192693,5262,5212,101,0,5111,4935,143477,154,3,0,151,277
2020-11-07,US,Illinois,Saline,740,14,0,37.75332999,-88.54119706,17165.0,3150.142607807245,1.891891891891892,726,722,13,0,709,693,23906,18,1,0,17,29
2020-11-07,US,Illinois,Sangamon,5683,69,0,39.75836914,-89.65872023,17167.0,2919.2693350867103,1.2141474573288755,5614,5511,68,0,5443,5234,195348,172,1,0,171,277
2020-11-07,US,Illinois,Schuyler,126,1,0,40.157179799999994,-90.61114163,17169.0,1861.702127659575,0.7936507936507936,125,119,1,0,118,112,6907,7,0,0,7,7
2020-11-07,US,Illinois,Scott,146,0,0,39.642916899999996,-90.47814431,17171.0,2948.8992122803475,0.0,146,126,0,0,126,123,4926,20,0,0,20,3
2020-11-07,US,Illinois,Shelby,893,22,0,39.39133527,-88.80611122,17173.0,4127.761856337247,2.4636058230683093,871,868,22,0,846,822,21741,25,0,0,25,46
2020-11-07,US,Illinois,St. Clair,9099,240,0,38.46996033,-89.93063427,17163.0,3503.8469536286134,2.6376524892845365,8859,8918,239,0,8679,8702,261059,181,1,0,180,216
2020-11-07,US,Illinois,Stark,127,3,0,41.09309773,-89.79745866,17175.0,2377.3867465368776,2.3622047244094486,124,127,3,0,124,108,5427,0,0,0,0,19
2020-11-07,US,Illinois,Stephenson,1582,13,0,42.35129217,-89.662598,17177.0,3555.2159647624608,0.8217446270543616,1569,1504,12,0,1492,1443,44753,78,1,0,77,61
2020-11-07,US,Illinois,Tazewell,3597,64,0,40.50716185,-89.51404662,17179.0,2729.072934606951,1.7792604948568251,3533,3479,63,0,3416,3321,132328,118,1,0,117,158
2020-11-07,US,Illinois,Unassigned,125,0,0,0.0,0.0,90017.0,0.0,0.0,125,105,0,0,105,6327,,20,0,0,20,-6222
2020-11-07,US,Illinois,Union,872,26,0,37.47119609,-89.25548938,17181.0,5236.293760883925,2.9816513761467887,846,858,26,0,832,847,16841,14,0,0,14,11
2020-11-07,US,Illinois,Vermilion,2269,20,0,40.18417171,-87.73384359,17183.0,2995.0632276459255,0.881445570736007,2249,2208,18,0,2190,2128,76806,61,2,0,59,80
2020-11-07,US,Illinois,Wabash,318,6,0,38.44272901,-87.84922065,17185.0,2760.416666666666,1.8867924528301887,312,307,6,0,301,279,11549,11,0,0,11,28
2020-11-07,US,Illinois,Warren,678,11,0,40.84925021,-90.6147432,17187.0,4025.172168131085,1.6224188790560472,667,653,10,0,643,627,17032,25,1,0,24,26
2020-11-07,US,Illinois,Washington,402,2,0,38.35309213,-89.40982703,17189.0,2894.793691942104,0.4975124378109453,400,396,2,0,394,379,13995,6,0,0,6,17
2020-11-07,US,Illinois,Wayne,633,22,0,38.42955355,-88.42586459,17191.0,3903.7927844588335,3.4755134281200637,611,622,21,0,601,572,16332,11,1,0,10,50
2020-11-07,US,Illinois,White,348,6,0,38.08706198,-88.17657461,17193.0,2570.732067666396,1.7241379310344829,342,333,6,0,327,316,13665,15,0,0,15,17
2020-11-07,US,Illinois,Whiteside,2212,54,0,41.75509713,-89.91556058,17195.0,4009.0620752152254,2.4412296564195297,2158,2112,49,0,2063,2051,55626,100,5,0,95,61
2020-11-07,US,Illinois,Will,24010,475,0,41.44619267,-87.97862712,17197.0,3475.967183163637,1.978342357351104,23535,23279,473,0,22806,22323,692310,731,2,0,729,956
2020-11-07,US,Illinois,Williamson,2353,66,0,37.73033511,-88.92994027,17199.0,3533.1921858341966,2.8049298767530813,2287,2295,66,0,2229,2226,67056,58,0,0,58,69
2020-11-07,US,Illinois,Winnebago,13378,212,0,42.33641854,-89.16085327,17201.0,4734.36858570559,1.5846912841979368,13166,13015,207,0,12808,12589,284081,363,5,0,358,426
2020-11-07,US,Illinois,Woodford,954,18,0,40.78579374,-89.20973757,17203.0,2480.563717205336,1.8867924528301887,936,903,18,0,885,873,38463,51,0,0,51,30
2020-11-07,US,Indiana,Adams,869,10,0,40.7457653,-84.93671406,18001.0,2428.934790507868,1.150747986191024,859,822,10,0,812,797,35636,47,0,0,47,25
2020-11-07,US,Indiana,Allen,11106,244,0,41.09194313,-85.06800636,18003.0,2928.0330293515144,2.197010624887448,10862,10789,244,0,10545,10442,375351,317,0,0,317,347
2020-11-07,US,Indiana,Bartholomew,1820,59,0,39.20744865,-85.89558181,18005.0,2172.382100526385,3.241758241758242,1761,1754,59,0,1695,1728,82753,66,0,0,66,26
2020-11-07,US,Indiana,Benton,142,1,0,40.60626947,-87.31093999,18007.0,1623.228166438043,0.7042253521126759,141,135,1,0,134,132,8653,7,0,0,7,3
2020-11-07,US,Indiana,Blackford,314,6,0,40.47388153,-85.32499702,18009.0,2670.5221976526623,1.9108280254777068,308,314,6,0,308,304,11930,0,0,0,0,10
2020-11-07,US,Indiana,Boone,1601,51,0,40.0509304,-86.46841646,18011.0,2359.8602656132543,3.1855090568394755,1550,1556,51,0,1505,1534,66999,45,0,0,45,22
2020-11-07,US,Indiana,Brown,184,3,0,39.19605589,-86.22868909,18013.0,1219.188974291015,1.6304347826086956,181,179,3,0,176,172,15234,5,0,0,5,7
2020-11-07,US,Indiana,Carroll,455,13,0,40.580783200000006,-86.56198812,18015.0,2246.137137779533,2.8571428571428568,442,442,13,0,429,439,20127,13,0,0,13,3
2020-11-07,US,Indiana,Cass,2542,26,0,40.76135835,-86.34830753,18017.0,6744.673512165354,1.022816679779701,2516,2527,26,0,2501,2513,37955,15,0,0,15,14
2020-11-07,US,Indiana,Clark,3627,68,0,38.48015445,-85.70510334,18019.0,3065.882233605518,1.874827681279294,3559,3539,67,0,3472,3486,117360,88,1,0,87,53
2020-11-07,US,Indiana,Clay,644,17,0,39.39561833,-87.11723506,18021.0,2455.6720686367967,2.6397515527950306,627,628,18,0,610,603,26170,16,-1,0,17,25
2020-11-07,US,Indiana,Clinton,1207,17,0,40.30319754,-86.47277257,18023.0,3725.423624185932,1.4084507042253518,1190,1187,17,0,1170,1175,32250,20,0,0,20,12
2020-11-07,US,Indiana,Crawford,196,1,0,38.28814402,-86.44518825,18025.0,1853.0774321641297,0.5102040816326531,195,194,1,0,193,192,10558,2,0,0,2,2
2020-11-07,US,Indiana,Daviess,1104,37,0,38.70186039,-87.07185406,18027.0,3310.2455698479807,3.351449275362319,1067,1089,37,0,1052,1067,33147,15,0,0,15,22
2020-11-07,US,Indiana,DeKalb,1072,14,0,41.39804622,-84.99906934,18033.0,2465.7849338700407,1.3059701492537314,1058,1052,14,0,1038,1023,43226,20,0,0,20,29
2020-11-07,US,Indiana,Dearborn,1323,28,0,39.14647946,-84.97333539,18029.0,2674.99696712362,2.1164021164021163,1295,1268,28,0,1240,1246,49568,55,0,0,55,22
2020-11-07,US,Indiana,Decatur,758,39,0,39.30712658,-85.50087166,18031.0,2854.023118340299,5.145118733509236,719,728,39,0,689,704,26794,30,0,0,30,24
2020-11-07,US,Indiana,Delaware,3672,88,0,40.22787247,-85.39732772,18035.0,3217.242738861874,2.396514161220044,3584,3606,87,0,3519,3546,114772,66,1,0,65,60
2020-11-07,US,Indiana,Dubois,1824,29,0,38.36597551,-86.87924170000002,18037.0,4268.064395357544,1.5899122807017545,1795,1802,29,0,1773,1759,42565,22,0,0,22,43
2020-11-07,US,Indiana,Elkhart,11802,167,0,41.59761169,-85.85875695,18039.0,5719.658235639064,1.4150144043382478,11635,11448,161,0,11287,11186,205560,354,6,0,348,262
2020-11-07,US,Indiana,Fayette,1081,26,0,39.63684962,-85.17797541,18041.0,4679.248549909099,2.40518038852914,1055,1058,26,0,1032,1038,23047,23,0,0,23,20
2020-11-07,US,Indiana,Floyd,2231,72,0,38.32117957,-85.90385377,18043.0,2841.241944932631,3.227252353204841,2159,2186,71,0,2115,2158,77781,45,1,0,44,28
2020-11-07,US,Indiana,Fountain,467,4,0,40.12361933,-87.24217689,18045.0,2856.968065581794,0.8565310492505354,463,457,4,0,453,441,16351,10,0,0,10,16
2020-11-07,US,Indiana,Franklin,448,25,0,39.4142482,-85.06062647,18047.0,1968.538535899464,5.580357142857144,423,433,26,0,407,426,22736,15,-1,0,16,7
2020-11-07,US,Indiana,Fulton,509,13,0,41.0469907,-86.26252745,18049.0,2548.3128066486433,2.5540275049115917,496,498,13,0,485,477,20092,11,0,0,11,21
2020-11-07,US,Indiana,Gibson,1178,12,0,38.30393723,-87.58054938,18051.0,3499.8068867167767,1.0186757215619695,1166,1150,12,0,1138,1111,33452,28,0,0,28,39
2020-11-07,US,Indiana,Grant,1637,43,0,40.51587228,-85.65468702,18053.0,2489.014581337712,2.626756261453879,1594,1609,43,0,1566,1579,65936,28,0,0,28,30
2020-11-07,US,Indiana,Greene,714,46,0,39.03630547,-86.96223202,18055.0,2236.701961030011,6.442577030812325,668,694,44,0,650,676,32006,20,2,0,18,18
2020-11-07,US,Indiana,Hamilton,8187,136,0,40.07306535,-86.05244729,18057.0,2422.110523030316,1.6611701477952852,8051,7922,132,0,7790,7691,330086,265,4,0,261,231
2020-11-07,US,Indiana,Hancock,1586,45,0,39.82304555,-85.77566351,18059.0,2028.9632586224545,2.837326607818411,1541,1549,45,0,1504,1496,76351,37,0,0,37,53
2020-11-07,US,Indiana,Harrison,959,24,0,38.19467379,-86.10948271,18061.0,2367.024558805381,2.5026068821689256,935,948,24,0,924,938,40350,11,0,0,11,10
2020-11-07,US,Indiana,Hendricks,3997,145,0,39.76719009,-86.51037283,18063.0,2346.883055116816,3.627720790592945,3852,3930,144,0,3786,3868,167009,67,1,0,66,62
2020-11-07,US,Indiana,Henry,1731,30,0,39.93029017,-85.39625719,18065.0,3608.3548736763123,1.733102253032929,1701,1712,30,0,1682,1674,48271,19,0,0,19,38
2020-11-07,US,Indiana,Howard,2040,71,0,40.48527731,-86.11351892,18067.0,2471.4091878270983,3.480392156862745,1969,1994,70,0,1924,1946,82366,46,1,0,45,48
2020-11-07,US,Indiana,Huntington,656,6,0,40.82907273,-85.48822092,18069.0,1796.276013143483,0.9146341463414634,650,634,6,0,628,607,36240,22,0,0,22,27
2020-11-07,US,Indiana,Jackson,1445,22,0,38.90915820000001,-86.03851889,18071.0,3266.9394768375123,1.5224913494809689,1423,1413,22,0,1391,1391,44111,32,0,0,32,22
2020-11-07,US,Indiana,Jasper,954,6,0,41.02078733,-87.11553319,18073.0,2842.5004469340324,0.6289308176100629,948,925,6,0,919,909,33370,29,0,0,29,16
2020-11-07,US,Indiana,Jay,535,8,0,40.43781032,-85.00576229,18075.0,2617.929144646702,1.4953271028037385,527,512,7,0,505,491,20764,23,1,0,22,21
2020-11-07,US,Indiana,Jefferson,546,6,0,38.78576239,-85.43633383,18077.0,1689.9839049151913,1.0989010989010992,540,522,6,0,516,514,32208,24,0,0,24,8
2020-11-07,US,Indiana,Jennings,517,13,0,38.99588883,-85.62710784,18079.0,1864.0706688299977,2.514506769825919,504,484,13,0,471,480,27611,33,0,0,33,4
2020-11-07,US,Indiana,Johnson,4052,154,0,39.48994426,-86.10149107,18081.0,2561.8491847224773,3.800592300098717,3898,3957,153,0,3804,3881,156225,95,1,0,94,76
2020-11-07,US,Indiana,Knox,1126,12,0,38.68861576,-87.4194665,18083.0,3077.0071596436574,1.0657193605683837,1114,1095,12,0,1083,1026,36895,31,0,0,31,69
2020-11-07,US,Indiana,Kosciusko,2787,33,0,41.24521668,-85.86312322,18085.0,3507.601691502215,1.1840688912809472,2754,2696,32,0,2664,2600,79344,91,1,0,90,96
2020-11-07,US,Indiana,LaGrange,1001,18,0,41.64232188,-85.42674232,18087.0,2526.8844347957793,1.7982017982017982,983,976,18,0,958,951,39330,25,0,0,25,25
2020-11-07,US,Indiana,LaPorte,3047,73,0,41.54366008,-86.74072188,18091.0,2772.8232382061738,2.3957991467016737,2974,2951,71,0,2880,2877,110007,96,2,0,94,74
2020-11-07,US,Indiana,Lake,18391,391,0,41.41874274,-87.38277575,18089.0,3788.1081704576586,2.126039910825948,18000,17926,389,0,17537,17487,484411,465,2,0,463,439
2020-11-07,US,Indiana,Lawrence,1246,42,0,38.84112637,-86.48361629,18093.0,2746.3081331276176,3.3707865168539324,1204,1219,41,0,1178,1181,45668,27,1,0,26,38
2020-11-07,US,Indiana,Madison,3229,107,0,40.16143691,-85.71964711,18095.0,2492.108451867345,3.3137194177764013,3122,3131,107,0,3024,3080,129641,98,0,0,98,51
2020-11-07,US,Indiana,Marion,30001,803,0,39.78163624,-86.13826325,18097.0,3110.2591588895507,2.6765774474184187,29198,29451,801,0,28650,29049,954670,550,2,0,548,402
2020-11-07,US,Indiana,Marshall,1911,33,0,41.32467367,-86.26185087,18099.0,4131.177309870725,1.7268445839874411,1878,1872,32,0,1840,1796,46248,39,1,0,38,76
2020-11-07,US,Indiana,Martin,242,0,0,38.7099921,-86.80373186,18101.0,2359.8244758654314,0.0,242,236,0,0,236,231,10217,6,0,0,6,5
2020-11-07,US,Indiana,Miami,920,5,0,40.76940965,-86.04525048,18103.0,2590.381799752224,0.5434782608695652,915,895,5,0,890,858,35567,25,0,0,25,37
2020-11-07,US,Indiana,Monroe,3861,42,0,39.16130004,-86.52414358,18105.0,2601.208642399499,1.0878010878010878,3819,3794,42,0,3752,3711,146917,67,0,0,67,83
2020-11-07,US,Indiana,Montgomery,841,22,0,40.04034823,-86.89335024,18107.0,2193.645990922844,2.615933412604043,819,820,22,0,798,794,38346,21,0,0,21,26
2020-11-07,US,Indiana,Morgan,1292,41,0,39.47899078,-86.44573375,18109.0,1832.910099448141,3.173374613003096,1251,1247,41,0,1206,1198,70116,45,0,0,45,49
2020-11-07,US,Indiana,Newton,348,12,0,40.95610449,-87.39635768,18111.0,2488.558352402746,3.4482758620689653,336,333,12,0,321,322,14011,15,0,0,15,11
2020-11-07,US,Indiana,Noble,1572,38,0,41.39672484,-85.41966713,18113.0,3292.5603217158173,2.417302798982188,1534,1544,35,0,1509,1484,47532,28,3,0,25,60
2020-11-07,US,Indiana,Ohio,161,7,0,38.955304999999996,-84.96515993,18115.0,2740.4255319148942,4.3478260869565215,154,159,7,0,152,159,5844,2,0,0,2,0
2020-11-07,US,Indiana,Orange,496,27,0,38.54118920000001,-86.49523093,18117.0,2524.686959177441,5.443548387096773,469,492,26,0,466,486,19489,4,1,0,3,6
2020-11-07,US,Indiana,Owen,322,1,0,39.31145587,-86.83900724,18119.0,1548.1513534304536,0.3105590062111801,321,302,1,0,301,292,20845,20,0,0,20,10
2020-11-07,US,Indiana,Parke,338,6,0,39.77202286,-87.20375833,18121.0,1995.6308673318767,1.7751479289940828,332,322,6,0,316,308,16927,16,0,0,16,14
2020-11-07,US,Indiana,Perry,615,17,0,38.07809328,-86.63741946,18123.0,3208.3050759038038,2.7642276422764227,598,595,16,0,579,578,19102,20,1,0,19,17
2020-11-07,US,Indiana,Pike,403,18,0,38.40112197,-87.23574907,18125.0,3252.8856243441764,4.4665012406947895,385,408,18,0,390,401,12410,-5,0,0,-5,7
2020-11-07,US,Indiana,Porter,4850,61,0,41.45986947,-87.06848888,18127.0,2846.4278797340203,1.2577319587628866,4789,4715,61,0,4654,4561,169594,135,0,0,135,154
2020-11-07,US,Indiana,Posey,922,11,0,38.02097333,-87.86480429,18129.0,3626.0667794077162,1.193058568329718,911,919,11,0,908,902,25540,3,0,0,3,17
2020-11-07,US,Indiana,Pulaski,245,8,0,41.04166107,-86.69890683,18131.0,1983.3238889338627,3.26530612244898,237,234,7,0,227,226,12469,11,1,0,10,8
2020-11-07,US,Indiana,Putnam,898,21,0,39.66437981,-86.84517605,18133.0,2389.823291462636,2.338530066815145,877,891,21,0,870,875,37779,7,0,0,7,16
2020-11-07,US,Indiana,Randolph,658,12,0,40.15734772,-85.01139319,18135.0,2667.747820798703,1.82370820668693,646,634,12,0,622,606,24851,24,0,0,24,28
2020-11-07,US,Indiana,Ripley,691,11,0,39.10235626,-85.26212744,18137.0,2439.627171303488,1.5918958031837915,680,672,11,0,661,649,28523,19,0,0,19,23
2020-11-07,US,Indiana,Rush,360,5,0,39.62002287,-85.4655599,18139.0,2171.1597611724264,1.3888888888888888,355,348,5,0,343,327,16663,12,0,0,12,21
2020-11-07,US,Indiana,Scott,657,17,0,38.68672078,-85.74627859,18143.0,2752.063000041888,2.5875190258751903,640,649,16,0,633,641,23878,8,1,0,7,8
2020-11-07,US,Indiana,Shelby,1207,47,0,39.52305623,-85.79158570000001,18145.0,2698.473026448165,3.8939519469759736,1160,1174,46,0,1128,1139,44593,33,1,0,32,35
2020-11-07,US,Indiana,Spencer,534,6,0,38.01519732,-87.0079644,18147.0,2633.5256694777336,1.1235955056179776,528,527,6,0,521,510,20327,7,0,0,7,17
2020-11-07,US,Indiana,St. Joseph,11793,185,0,41.61756781,-86.29040834,18141.0,4338.43708843157,1.5687272110574069,11608,11522,184,0,11338,11314,270771,271,1,0,270,208
2020-11-07,US,Indiana,Starke,620,12,0,41.27890281,-86.64686895,18149.0,2696.238312676669,1.935483870967742,608,608,11,0,597,587,22935,12,1,0,11,21
2020-11-07,US,Indiana,Steuben,861,10,0,41.64423868,-85.00101094,18151.0,2488.8709024686364,1.1614401858304295,851,845,10,0,835,825,34586,16,0,0,16,20
2020-11-07,US,Indiana,Sullivan,534,14,0,39.08952258,-87.41414469,18153.0,2583.5792733078524,2.621722846441948,520,526,14,0,512,521,20690,8,0,0,8,5
2020-11-07,US,Indiana,Switzerland,153,0,0,38.82767338,-85.03022429,18155.0,1423.1234303785695,0.0,153,134,0,0,134,128,10717,19,0,0,19,6
2020-11-07,US,Indiana,Tippecanoe,5294,22,0,40.38872739,-86.89413959,18157.0,2704.718696993849,0.415564790328674,5272,5137,19,0,5118,5003,193048,157,3,0,154,134
2020-11-07,US,Indiana,Tipton,350,23,0,40.31123252,-86.05234925,18159.0,2310.5360443622917,6.571428571428571,327,335,23,0,312,330,15128,15,0,0,15,5
2020-11-07,US,Indiana,Unassigned,0,244,0,0.0,0.0,90018.0,0.0,0.0,-244,0,241,0,-241,0,,0,3,0,-3,0
2020-11-07,US,Indiana,Union,163,0,0,39.62550777,-84.92497066,18161.0,2310.7456762120787,0.0,163,158,0,0,158,151,7037,5,0,0,5,7
2020-11-07,US,Indiana,Vanderburgh,7241,88,0,38.02658833,-87.58763124,18163.0,3990.6090349460737,1.2153017539013948,7153,7158,88,0,7070,6981,180974,83,0,0,83,177
2020-11-07,US,Indiana,Vermillion,348,2,0,39.8523352,-87.46160542,18165.0,2245.4510259388308,0.5747126436781609,346,342,2,0,340,334,15479,6,0,0,6,8
2020-11-07,US,Indiana,Vigo,3509,56,0,39.42944561,-87.39169027,18167.0,3278.2750051383623,1.5958962667426615,3453,3428,55,0,3373,3357,107386,81,1,0,80,71
2020-11-07,US,Indiana,Wabash,757,13,0,40.84704239,-85.79328272,18169.0,2442.2506129823205,1.717305151915456,744,719,13,0,706,676,31280,38,0,0,38,43
2020-11-07,US,Indiana,Warren,143,1,0,40.34728141,-87.35602659,18171.0,1730.1875378100424,0.6993006993006993,142,138,1,0,137,132,8263,5,0,0,5,6
2020-11-07,US,Indiana,Warrick,2423,67,0,38.08922676,-87.2716085,18173.0,3846.1538461538453,2.7651671481634343,2356,2397,67,0,2330,2323,62567,26,0,0,26,74
2020-11-07,US,Indiana,Washington,471,4,0,38.60219804,-86.1049363,18175.0,1679.9828791553714,0.8492569002123143,467,462,4,0,458,455,27943,9,0,0,9,7
2020-11-07,US,Indiana,Wayne,1976,41,0,39.863344399999995,-85.01044989,18177.0,2999.210734017364,2.074898785425101,1935,1939,39,0,1900,1896,65936,37,2,0,35,43
2020-11-07,US,Indiana,Wells,677,15,0,40.72934187,-85.22132966,18179.0,2392.564320045236,2.2156573116691285,662,643,15,0,628,608,28206,34,0,0,34,35
2020-11-07,US,Indiana,White,789,17,0,40.74911165,-86.86492015,18181.0,3273.5872541697786,2.1546261089987326,772,767,17,0,750,751,24133,22,0,0,22,16
2020-11-07,US,Indiana,Whitley,716,6,0,41.13863784,-85.50791236,18183.0,2108.114474149099,0.8379888268156425,710,692,6,0,686,659,34074,24,0,0,24,33
2020-11-07,US,Iowa,Adair,266,3,0,41.33075609,-94.47105874,19001.0,3719.239373601789,1.1278195488721805,263,261,3,0,258,257,7063,5,0,0,5,4
2020-11-07,US,Iowa,Adams,96,1,0,41.02903567,-94.69932645,19003.0,2665.1860077734586,1.0416666666666667,95,93,1,0,92,93,3645,3,0,0,3,0
2020-11-07,US,Iowa,Allamakee,487,9,0,43.28383218,-91.37860922,19005.0,3558.120844597063,1.8480492813141685,478,480,9,0,471,474,13832,7,0,0,7,6
2020-11-07,US,Iowa,Appanoose,377,3,0,40.74324454,-92.86865906,19007.0,3033.961049412523,0.7957559681697612,374,361,3,0,358,346,12437,16,0,0,16,15
2020-11-07,US,Iowa,Audubon,225,1,0,41.6844628,-94.90581859,19009.0,4093.886462882096,0.4444444444444444,224,220,1,0,219,217,5506,5,0,0,5,3
2020-11-07,US,Iowa,Benton,928,6,0,42.08011739,-92.06463573,19011.0,3618.639110937805,0.646551724137931,922,885,6,0,879,845,25642,43,0,0,43,40
2020-11-07,US,Iowa,Black Hawk,7428,108,0,42.4704581,-92.30524729,19013.0,5660.377358490567,1.4539579967689822,7320,7236,107,0,7129,7053,132408,192,1,0,191,183
2020-11-07,US,Iowa,Boone,895,10,0,42.03657094,-93.9313999,19015.0,3411.6032629412207,1.11731843575419,885,877,10,0,867,859,26346,18,0,0,18,18
2020-11-07,US,Iowa,Bremer,1040,11,0,42.77461496,-92.31795937,19017.0,4149.708722368526,1.0576923076923077,1029,994,10,0,984,942,24947,46,1,0,45,52
2020-11-07,US,Iowa,Buchanan,672,5,0,42.4709188,-91.83510825,19019.0,3173.5537190082646,0.7440476190476191,667,642,5,0,637,621,21199,30,0,0,30,21
2020-11-07,US,Iowa,Buena Vista,2494,13,0,42.73545875,-95.15100162,19021.0,12711.518858307849,0.5212510024057738,2481,2454,13,0,2441,2432,19874,40,0,0,40,22
2020-11-07,US,Iowa,Butler,548,3,0,42.73172833,-92.79015971,19023.0,3795.27668121061,0.5474452554744526,545,531,3,0,528,502,14539,17,0,0,17,29
2020-11-07,US,Iowa,Calhoun,631,5,0,42.38521079,-94.64046046,19025.0,6526.685974348366,0.7923930269413629,626,468,5,0,463,413,9699,163,0,0,163,55
2020-11-07,US,Iowa,Carroll,1433,14,0,42.03617207,-94.86032705,19027.0,7106.372427473345,0.9769713886950454,1419,1399,13,0,1386,1353,20154,34,1,0,33,46
2020-11-07,US,Iowa,Cass,570,10,0,41.33149454,-94.92792482,19029.0,4440.635712059831,1.7543859649122806,560,560,10,0,550,544,12930,10,0,0,10,16
2020-11-07,US,Iowa,Cedar,640,9,0,41.77233777,-91.13246684,19031.0,3435.8726579696145,1.40625,631,626,8,0,618,602,18627,14,1,0,13,24
2020-11-07,US,Iowa,Cerro Gordo,1985,30,0,43.08177563,-93.2612239,19033.0,4676.089517078916,1.5113350125944585,1955,1886,29,0,1857,1826,42647,99,1,0,98,60
2020-11-07,US,Iowa,Cherokee,513,3,0,42.73538914,-95.62389402,19035.0,4566.088117489987,0.5847953216374269,510,506,3,0,503,498,11321,7,0,0,7,8
2020-11-07,US,Iowa,Chickasaw,460,1,0,43.06001295,-92.31773347,19037.0,3854.856280901701,0.21739130434782608,459,447,1,0,446,435,11964,13,0,0,13,12
2020-11-07,US,Iowa,Clarke,393,3,0,41.02868181,-93.78499767,19039.0,4183.076104310803,0.7633587786259542,390,389,3,0,386,386,9423,4,0,0,4,3
2020-11-07,US,Iowa,Clay,697,4,0,43.08247182,-95.15096481,19041.0,4351.898101898102,0.5738880918220947,693,679,4,0,675,660,16134,18,0,0,18,19
2020-11-07,US,Iowa,Clayton,667,4,0,42.84443388,-91.34133693,19043.0,3800.786369593709,0.5997001499250375,663,659,4,0,655,650,17556,8,0,0,8,9
2020-11-07,US,Iowa,Clinton,1917,30,0,41.89981633,-90.53275096,19045.0,4128.884964138792,1.5649452269170578,1887,1845,30,0,1815,1812,46518,72,0,0,72,33
2020-11-07,US,Iowa,Crawford,1492,15,0,42.03718237,-95.3819718,19047.0,8870.392390011892,1.0053619302949062,1477,1484,15,0,1469,1473,17158,8,0,0,8,11
2020-11-07,US,Iowa,Dallas,4294,51,0,41.68560356,-94.04127625,19049.0,4594.8230661401985,1.1877037727061015,4243,4150,51,0,4099,4051,90180,144,0,0,144,99
2020-11-07,US,Iowa,Davis,255,4,0,40.74773536,-92.41005468,19051.0,2833.333333333333,1.568627450980392,251,244,4,0,240,237,9017,11,0,0,11,7
2020-11-07,US,Iowa,Decatur,218,0,0,40.73742757,-93.78645949,19053.0,2770.012706480305,0.0,218,212,0,0,212,207,7890,6,0,0,6,5
2020-11-07,US,Iowa,Delaware,1000,16,0,42.47104597,-91.3664492,19055.0,5878.549174063842,1.6,984,975,16,0,959,964,17069,25,0,0,25,11
2020-11-07,US,Iowa,Des Moines,1943,13,0,40.92012606,-91.18326592,19057.0,4986.270433956938,0.6690684508492023,1930,1891,13,0,1878,1827,39138,52,0,0,52,64
2020-11-07,US,Iowa,Dickinson,936,9,0,43.37787725,-95.1510206,19059.0,5423.571676903465,0.9615384615384616,927,916,9,0,907,898,17153,20,0,0,20,18
2020-11-07,US,Iowa,Dubuque,6649,69,0,42.46815349,-90.88181925,19061.0,6832.732167997451,1.0377500375996391,6580,6457,67,0,6390,6309,96854,192,2,0,190,148
2020-11-07,US,Iowa,Emmet,511,21,0,43.37782951,-94.67858943,19063.0,5549.522154648133,4.109589041095891,490,498,21,0,477,495,9253,13,0,0,13,3
2020-11-07,US,Iowa,Fayette,560,6,0,42.86271799,-91.84412309999999,19065.0,2849.8727735368957,1.0714285714285714,554,544,6,0,538,526,19660,16,0,0,16,18
2020-11-07,US,Iowa,Floyd,560,11,0,43.06000529999999,-92.78940097,19067.0,3580.1048459276312,1.9642857142857144,549,550,11,0,539,534,15761,10,0,0,10,16
2020-11-07,US,Iowa,Franklin,465,19,0,42.73270384,-93.26256925,19069.0,4617.676266137039,4.086021505376344,446,450,19,0,431,438,10124,15,0,0,15,12
2020-11-07,US,Iowa,Fremont,249,2,0,40.74542720000001,-95.60129045,19071.0,3577.586206896552,0.8032128514056225,247,243,2,0,241,239,6993,6,0,0,6,4
2020-11-07,US,Iowa,Greene,262,0,0,42.03614551,-94.39658081,19073.0,2947.794779477948,0.0,262,252,0,0,252,236,8981,10,0,0,10,16
2020-11-07,US,Iowa,Grundy,463,6,0,42.40183723,-92.78829551,19075.0,3785.153695225638,1.2958963282937366,457,444,6,0,438,428,12304,19,0,0,19,16
2020-11-07,US,Iowa,Guthrie,500,15,0,41.68378965,-94.50111014,19077.0,4677.706052951633,3.0,485,489,15,0,474,475,10720,11,0,0,11,14
2020-11-07,US,Iowa,Hamilton,572,6,0,42.38382428,-93.70197703,19079.0,3871.9285182427398,1.048951048951049,566,552,6,0,546,533,14952,20,0,0,20,19
2020-11-07,US,Iowa,Hancock,525,6,0,43.08178477,-93.73454884,19081.0,4938.852304797741,1.1428571428571428,519,497,6,0,491,485,10712,28,0,0,28,12
2020-11-07,US,Iowa,Hardin,668,8,0,42.38353877,-93.23654611,19083.0,3965.333016739879,1.1976047904191616,660,640,7,0,633,627,16868,28,1,0,27,13
2020-11-07,US,Iowa,Harrison,803,21,0,41.68330137,-95.81558439,19085.0,5715.7093031532495,2.61519302615193,782,797,21,0,776,786,14134,6,0,0,6,11
2020-11-07,US,Iowa,Henry,1297,6,0,40.98767962,-91.54436349,19087.0,6499.9498847348905,0.4626060138781804,1291,1263,6,0,1257,1252,20067,34,0,0,34,11
2020-11-07,US,Iowa,Howard,324,9,0,43.35671042,-92.31702714,19089.0,3537.8903690762177,2.7777777777777777,315,321,9,0,312,311,9187,3,0,0,3,10
2020-11-07,US,Iowa,Humboldt,458,3,0,42.7764426,-94.20722537,19091.0,4791.797447164679,0.6550218340611353,455,447,3,0,444,440,9547,11,0,0,11,7
2020-11-07,US,Iowa,Ida,306,3,0,42.38696136,-95.51355387,19093.0,4460.641399416911,0.9803921568627452,303,295,3,0,292,288,6841,11,0,0,11,7
2020-11-07,US,Iowa,Iowa,582,11,0,41.68630265,-92.0643373,19095.0,3596.144340088977,1.8900343642611683,571,558,11,0,547,541,16141,24,0,0,24,17
2020-11-07,US,Iowa,Jackson,961,5,0,42.17178824,-90.57354837,19097.0,4943.669941869438,0.5202913631633714,956,915,5,0,910,881,19432,46,0,0,46,34
2020-11-07,US,Iowa,Jasper,1511,34,0,41.68576082,-93.05567785,19099.0,4063.466451526153,2.2501654533421576,1477,1463,34,0,1429,1436,37147,48,0,0,48,27
2020-11-07,US,Iowa,Jefferson,346,1,0,41.03192394,-91.94849466,19101.0,1891.2271112325773,0.28901734104046245,345,336,1,0,335,323,18381,10,0,0,10,13
2020-11-07,US,Iowa,Johnson,6868,33,0,41.67169354,-91.58754744,19103.0,4544.1312690220975,0.4804892253931276,6835,6720,33,0,6687,6607,151260,148,0,0,148,113
2020-11-07,US,Iowa,Jones,1311,4,0,42.12118609,-91.13139641,19105.0,6339.151878535855,0.3051106025934401,1307,1262,4,0,1258,1159,20744,49,0,0,49,103
2020-11-07,US,Iowa,Keokuk,291,1,0,41.33649833,-92.1785067,19107.0,2840.1327347257466,0.3436426116838488,290,271,1,0,270,261,10225,20,0,0,20,10
2020-11-07,US,Iowa,Kossuth,599,1,0,43.20405458,-94.20691791,19109.0,4043.745358806453,0.1669449081803005,598,572,1,0,571,563,14908,27,0,0,27,9
2020-11-07,US,Iowa,Lee,1282,14,0,40.64181461,-91.48183025,19111.0,3809.0144695011436,1.0920436817472698,1268,1237,13,0,1224,1199,34055,45,1,0,44,38
2020-11-07,US,Iowa,Linn,8375,140,0,42.07923082,-91.59809485,19113.0,3694.211886760827,1.6716417910447758,8235,8014,139,0,7875,7675,225909,361,1,0,360,339
2020-11-07,US,Iowa,Louisa,617,15,0,41.21842119,-91.26102611,19115.0,5591.300407793385,2.4311183144246358,602,611,15,0,596,596,11169,6,0,0,6,15
2020-11-07,US,Iowa,Lucas,245,6,0,41.02958964,-93.32780803,19117.0,2848.837209302325,2.4489795918367347,239,242,6,0,236,238,8645,3,0,0,3,4
2020-11-07,US,Iowa,Lyon,634,8,0,43.38107862,-96.20926845,19119.0,5393.449595916633,1.2618296529968454,626,627,8,0,619,623,11811,7,0,0,7,4
2020-11-07,US,Iowa,Madison,446,4,0,41.33081904,-94.01554631,19121.0,2729.832292814298,0.8968609865470852,442,434,4,0,430,425,16249,12,0,0,12,9
2020-11-07,US,Iowa,Mahaska,898,25,0,41.33521503,-92.64083907,19123.0,4064.2679339217016,2.783964365256125,873,869,25,0,844,848,22000,29,0,0,29,21
2020-11-07,US,Iowa,Marion,1331,13,0,41.33445101,-93.09934783,19125.0,4002.6463777704266,0.9767092411720508,1318,1292,13,0,1279,1267,33407,39,0,0,39,25
2020-11-07,US,Iowa,Marshall,2533,37,0,42.03586837,-92.99908190000001,19127.0,6433.996291498387,1.4607185155941569,2496,2473,37,0,2436,2418,39981,60,0,0,60,55
2020-11-07,US,Iowa,Mills,587,3,0,41.03299766,-95.61920963,19129.0,3885.1015950757833,0.5110732538330494,584,556,3,0,553,536,15063,31,0,0,31,20
2020-11-07,US,Iowa,Mitchell,412,2,0,43.35638371,-92.78887719,19131.0,3891.932741356509,0.4854368932038835,410,397,2,0,395,367,10569,15,0,0,15,30
2020-11-07,US,Iowa,Monona,291,2,0,42.05220391,-95.95743843,19133.0,3377.8293673824724,0.6872852233676976,289,287,2,0,285,283,8679,4,0,0,4,4
2020-11-07,US,Iowa,Monroe,313,12,0,41.02988815,-92.8690667,19135.0,4061.243025820682,3.8338658146964857,301,304,12,0,292,293,7790,9,0,0,9,11
2020-11-07,US,Iowa,Montgomery,261,7,0,41.03018714,-95.15642896,19137.0,2631.844307754361,2.681992337164751,254,246,7,0,239,239,10003,15,0,0,15,7
2020-11-07,US,Iowa,Muscatine,1810,60,0,41.48370744,-91.11216970000001,19139.0,4242.4526532908285,3.3149171270718236,1750,1776,59,0,1717,1715,42929,34,1,0,33,61
2020-11-07,US,Iowa,O'Brien,937,18,0,43.08310673,-95.62474482,19141.0,6813.058968952229,1.92102454642476,919,908,18,0,890,895,13840,29,0,0,29,13
2020-11-07,US,Iowa,Osceola,350,0,0,43.37824276,-95.62422844,19143.0,5874.454514937898,0.0,350,342,0,0,342,334,6040,8,0,0,8,8
2020-11-07,US,Iowa,Page,652,1,0,40.7393172,-95.1497813,19145.0,4315.880055603363,0.15337423312883436,651,602,0,0,602,574,15249,50,1,0,49,28
2020-11-07,US,Iowa,Palo Alto,400,2,0,43.08193849,-94.67824621,19147.0,4501.462975467027,0.5,398,391,2,0,389,378,8929,9,0,0,9,13
2020-11-07,US,Iowa,Plymouth,2059,34,0,42.737633,-96.21366621,19149.0,8178.099058664655,1.651287032540068,2025,2011,33,0,1978,1970,25095,48,1,0,47,41
2020-11-07,US,Iowa,Pocahontas,337,2,0,42.73420133,-94.67862564,19151.0,5091.4035352772335,0.5934718100890207,335,321,2,0,319,312,6740,16,0,0,16,9
2020-11-07,US,Iowa,Polk,22879,297,0,41.68679484,-93.57767461,19153.0,4667.650017035219,1.2981336596879234,22582,22359,297,0,22062,21980,487204,520,0,0,520,379
2020-11-07,US,Iowa,Pottawattamie,3989,49,0,41.33640314,-95.53907776,19155.0,4279.767396948694,1.2283780396089246,3940,3875,48,0,3827,3799,93533,114,1,0,113,76
2020-11-07,US,Iowa,Poweshiek,621,11,0,41.68625425,-92.53155731,19157.0,3356.0311284046693,1.7713365539452497,610,598,11,0,587,584,18699,23,0,0,23,14
2020-11-07,US,Iowa,Ringgold,122,2,0,40.73518949,-94.24368535,19159.0,2492.8483857785045,1.639344262295082,120,118,2,0,116,115,4968,4,0,0,4,3
2020-11-07,US,Iowa,Sac,512,5,0,42.38624071,-95.10547892,19161.0,5266.9478448719265,0.9765625,507,498,5,0,493,488,9719,14,0,0,14,10
2020-11-07,US,Iowa,Scott,6258,51,0,41.63935978,-90.61959493,19163.0,3618.5332739688793,0.8149568552253116,6207,6043,51,0,5992,5877,173283,215,0,0,215,166
2020-11-07,US,Iowa,Shelby,491,2,0,41.6850066,-95.31015553,19165.0,4286.71206565392,0.4073319755600815,489,480,2,0,478,469,11578,11,0,0,11,11
2020-11-07,US,Iowa,Sioux,2870,20,0,43.08221074,-96.17675679999999,19167.0,8234.112752833165,0.6968641114982579,2850,2836,20,0,2816,2813,34909,34,0,0,34,23
2020-11-07,US,Iowa,Story,4753,18,0,42.03621213,-93.46499005,19169.0,4894.096811062945,0.3787081843046497,4735,4658,18,0,4640,4532,98105,95,0,0,95,126
2020-11-07,US,Iowa,Tama,1153,38,0,42.07991767,-92.53266945,19171.0,6841.105968909455,3.2957502168256716,1115,1127,38,0,1089,1116,16904,26,0,0,26,11
2020-11-07,US,Iowa,Taylor,312,2,0,40.73710579,-94.69778563,19173.0,5097.206338833525,0.6410256410256411,310,304,2,0,302,294,6191,8,0,0,8,10
2020-11-07,US,Iowa,Unassigned,270,0,0,0.0,0.0,90019.0,0.0,0.0,270,112,0,0,112,123,,158,0,0,158,-11
2020-11-07,US,Iowa,Union,349,6,0,41.0277278,-94.24234847,19175.0,2851.074258639,1.7191977077363896,343,334,6,0,328,322,12359,15,0,0,15,12
2020-11-07,US,Iowa,Van Buren,234,2,0,40.75326764,-91.95017958,19177.0,3321.9761499148212,0.8547008547008547,232,230,2,0,228,225,7020,4,0,0,4,5
2020-11-07,US,Iowa,Wapello,1822,64,0,41.03064984,-92.40954728,19179.0,5210.32914867454,3.512623490669594,1758,1781,64,0,1717,1749,35205,41,0,0,41,32
2020-11-07,US,Iowa,Warren,1637,9,0,41.33559454,-93.56007641,19181.0,3180.7406831694707,0.5497861942577886,1628,1575,9,0,1566,1554,51056,62,0,0,62,21
2020-11-07,US,Iowa,Washington,848,12,0,41.33577126,-91.71725711,19183.0,3860.6874573184614,1.4150943396226414,836,826,12,0,814,810,22141,22,0,0,22,16
2020-11-07,US,Iowa,Wayne,220,4,0,40.73969028,-93.32752197,19185.0,3415.618692749573,1.818181818181818,216,217,4,0,213,203,6401,3,0,0,3,14
2020-11-07,US,Iowa,Webster,2379,18,0,42.42853483,-94.17987389,19187.0,6626.002673796792,0.7566204287515763,2361,2300,18,0,2282,2254,36277,79,0,0,79,46
2020-11-07,US,Iowa,Winnebago,613,20,0,43.37751174,-93.73407298,19189.0,5920.417230056017,3.2626427406199023,593,596,20,0,576,585,10518,17,0,0,17,11
2020-11-07,US,Iowa,Winneshiek,613,9,0,43.29094334,-91.84422722,19191.0,3066.379870941924,1.4681892332789561,604,594,9,0,585,581,20029,19,0,0,19,13
2020-11-07,US,Iowa,Woodbury,8287,102,0,42.38979414,-96.0459439,19193.0,8037.281658859243,1.2308434898033065,8185,8181,102,0,8079,8124,102539,106,0,0,106,57
2020-11-07,US,Iowa,Worth,204,0,0,43.37750768,-93.26087602,19195.0,2763.853136431378,0.0,204,194,0,0,194,185,7453,10,0,0,10,9
2020-11-07,US,Iowa,Wright,907,1,0,42.73305373,-93.73515113,19197.0,7220.187868173857,0.11025358324145534,906,884,1,0,883,874,12690,23,0,0,23,10
2020-11-07,US,Kansas,Allen,175,1,0,37.88582951,-95.30030847,20001.0,1414.827391058291,0.5714285714285714,174,175,1,0,174,143,12444,0,0,0,0,32
2020-11-07,US,Kansas,Anderson,263,0,0,38.21413251,-95.29272815,20003.0,3346.9076100789007,0.0,263,263,0,0,263,241,7878,0,0,0,0,22
2020-11-07,US,Kansas,Atchison,620,7,0,39.53185661,-95.30870026,20005.0,3857.400609718161,1.1290322580645162,613,620,7,0,613,537,16193,0,0,0,0,83
2020-11-07,US,Kansas,Barber,104,0,0,37.2288586,-98.68460053,20007.0,2349.220691213011,0.0,104,104,0,0,104,69,4472,0,0,0,0,35
2020-11-07,US,Kansas,Barton,934,7,0,38.47889676,-98.75636726,20009.0,3623.104076961869,0.7494646680942184,927,934,7,0,927,934,26111,0,0,0,0,0
2020-11-07,US,Kansas,Bourbon,337,3,0,37.85508555,-94.84865997,20011.0,2318.700977019403,0.8902077151335311,334,337,3,0,334,331,14653,0,0,0,0,6
2020-11-07,US,Kansas,Brown,326,6,0,39.82652589,-95.56421698,20013.0,3408.615641990799,1.8404907975460123,320,326,6,0,320,280,9598,0,0,0,0,46
2020-11-07,US,Kansas,Butler,1188,3,0,37.78134351,-96.83878537,20015.0,1775.4928188190286,0.2525252525252525,1185,1188,3,0,1185,1116,66765,0,0,0,0,72
2020-11-07,US,Kansas,Chase,118,3,0,38.30292938,-96.59563862,20017.0,4456.19335347432,2.5423728813559316,115,118,3,0,115,118,2629,0,0,0,0,0
2020-11-07,US,Kansas,Chautauqua,24,0,0,37.14994405,-96.2454192,20019.0,738.4615384615387,0.0,24,24,0,0,24,24,3309,0,0,0,0,0
2020-11-07,US,Kansas,Cherokee,815,7,0,37.16928494,-94.8462897,20021.0,4087.466773659662,0.8588957055214724,808,772,7,0,765,772,20015,43,0,0,43,0
2020-11-07,US,Kansas,Cheyenne,134,6,0,39.78580976,-101.7318201,20023.0,5043.281896876176,4.477611940298506,128,134,6,0,128,131,2660,0,0,0,0,3
2020-11-07,US,Kansas,Clark,77,4,0,37.23577007,-99.81883015,20025.0,3861.584754262789,5.194805194805196,73,77,4,0,73,69,2005,0,0,0,0,8
2020-11-07,US,Kansas,Clay,173,3,0,39.34948772,-97.16518128,20027.0,2161.959510122469,1.7341040462427746,170,173,3,0,170,168,7997,0,0,0,0,5
2020-11-07,US,Kansas,Cloud,270,1,0,39.48028352,-97.64925343,20029.0,3073.0707944457095,0.3703703703703704,269,270,1,0,269,216,8729,0,0,0,0,54
2020-11-07,US,Kansas,Coffey,198,9,0,38.2365018,-95.73379515,20031.0,2420.833842768065,4.545454545454546,189,198,9,0,189,181,8233,0,0,0,0,17
2020-11-07,US,Kansas,Comanche,23,0,0,37.19114520000001,-99.27113247,20033.0,1352.9411764705885,0.0,23,23,0,0,23,22,1748,0,0,0,0,1
2020-11-07,US,Kansas,Cowley,711,10,0,37.23781842,-96.83776647,20035.0,2036.782399449983,1.4064697609001406,701,711,10,0,701,601,35218,0,0,0,0,110
2020-11-07,US,Kansas,Crawford,1608,14,0,37.50675523,-94.85245778,20037.0,4142.408161162347,0.8706467661691543,1594,1608,14,0,1594,1608,39019,0,0,0,0,0
2020-11-07,US,Kansas,Decatur,154,1,0,39.78468441,-100.45940809999999,20039.0,5447.470817120623,0.6493506493506493,153,154,1,0,153,153,2871,0,0,0,0,1
2020-11-07,US,Kansas,Dickinson,447,5,0,38.86600962,-97.15532383,20041.0,2420.6650059568938,1.1185682326621924,442,447,5,0,442,413,18717,0,0,0,0,34
2020-11-07,US,Kansas,Doniphan,227,1,0,39.79067154,-95.14056866,20043.0,2986.842105263158,0.4405286343612335,226,227,1,0,226,227,7682,0,0,0,0,0
2020-11-07,US,Kansas,Douglas,3278,19,0,38.88503636,-95.2925121,20045.0,2681.193204590255,0.5796217205613179,3259,3278,19,0,3259,3199,121436,0,0,0,0,79
2020-11-07,US,Kansas,Edwards,98,0,0,37.88735543,-99.31263309,20047.0,3502.501786990708,0.0,98,98,0,0,98,90,2849,0,0,0,0,8
2020-11-07,US,Kansas,Elk,20,0,0,37.45338105,-96.24369667,20049.0,790.5138339920949,0.0,20,20,0,0,20,13,2508,0,0,0,0,7
2020-11-07,US,Kansas,Ellis,1586,18,0,38.91458712,-99.31751551,20051.0,5554.582705845271,1.1349306431273645,1568,1586,18,0,1568,1512,28710,0,0,0,0,74
2020-11-07,US,Kansas,Ellsworth,444,3,0,38.69677695,-98.20462799,20053.0,7276.30285152409,0.6756756756756757,441,444,3,0,441,402,6196,0,0,0,0,42
2020-11-07,US,Kansas,Finney,3485,20,0,38.04340344,-100.73819379999999,20055.0,9556.585405983493,0.5738880918220947,3465,3485,20,0,3465,3396,36611,0,0,0,0,89
2020-11-07,US,Kansas,Ford,3886,13,0,37.69200114,-99.88825298,20057.0,11558.939885183974,0.33453422542460115,3873,3886,13,0,3873,3410,33888,0,0,0,0,476
2020-11-07,US,Kansas,Franklin,677,5,0,38.56443815,-95.28644341,20059.0,2650.328844347009,0.7385524372230429,672,677,5,0,672,646,25631,0,0,0,0,31
2020-11-07,US,Kansas,Geary,439,4,0,38.99871131,-96.7577178,20061.0,1386.169876855068,0.9111617312072892,435,439,4,0,435,433,32594,0,0,0,0,6
2020-11-07,US,Kansas,Gove,220,19,0,38.91588178,-100.4829321,20063.0,8345.978755690441,8.636363636363637,201,220,19,0,201,213,2612,0,0,0,0,7
2020-11-07,US,Kansas,Graham,70,1,0,39.34987223,-99.88332493,20065.0,2820.3062046736504,1.4285714285714286,69,70,1,0,69,62,2492,0,0,0,0,8
2020-11-07,US,Kansas,Grant,531,8,0,37.56227336,-101.3079758,20067.0,7426.573426573426,1.5065913370998116,523,512,8,0,504,501,7336,19,0,0,19,11
2020-11-07,US,Kansas,Gray,211,2,0,37.73836671,-100.4369088,20069.0,3523.714094856379,0.9478672985781992,209,211,2,0,209,211,6033,0,0,0,0,0
2020-11-07,US,Kansas,Greeley,51,0,0,38.4808095,-101.8061079,20071.0,4139.61038961039,0.0,51,51,0,0,51,51,1227,0,0,0,0,0
2020-11-07,US,Kansas,Greenwood,142,0,0,37.8774388,-96.23250453,20073.0,2373.7880307589435,0.0,142,142,0,0,142,130,6055,0,0,0,0,12
2020-11-07,US,Kansas,Hamilton,64,0,0,37.99978709,-101.7921066,20075.0,2520.677432059866,0.0,64,64,0,0,64,64,2607,0,0,0,0,0
2020-11-07,US,Kansas,Harper,191,3,0,37.19175361,-98.07578384,20077.0,3513.612950699044,1.5706806282722514,188,191,3,0,188,178,5506,0,0,0,0,13
2020-11-07,US,Kansas,Harvey,784,8,0,38.04293782,-97.42747573,20079.0,2277.150076969996,1.020408163265306,776,784,8,0,776,749,34210,0,0,0,0,35
2020-11-07,US,Kansas,Haskell,184,1,0,37.562039399999996,-100.8710738,20081.0,4637.096774193548,0.5434782608695652,183,184,1,0,183,181,3997,0,0,0,0,3
2020-11-07,US,Kansas,Hodgeman,83,0,0,38.08780079,-99.89829881,20083.0,4626.532887402453,0.0,83,83,0,0,83,59,1818,0,0,0,0,24
2020-11-07,US,Kansas,Jackson,404,4,0,39.41673394,-95.79356799,20085.0,3067.3449244552417,0.99009900990099,400,378,4,0,374,371,13280,26,0,0,26,7
2020-11-07,US,Kansas,Jefferson,355,6,0,39.2347941,-95.38289232,20087.0,1864.202069001733,1.6901408450704225,349,355,6,0,349,342,18975,0,0,0,0,13
2020-11-07,US,Kansas,Jewell,32,1,0,39.78470589,-98.21820662,20089.0,1111.4970475859673,3.125,31,32,1,0,31,31,2841,0,0,0,0,1
2020-11-07,US,Kansas,Johnson,16717,233,0,38.88548175,-94.82250877,20091.0,2775.061794386132,1.3937907519291741,16484,16415,229,0,16186,16034,597555,302,4,0,298,381
2020-11-07,US,Kansas,Kearny,173,6,0,38.00017981,-101.32168100000001,20093.0,4507.55601875977,3.4682080924855487,167,173,6,0,167,162,3943,0,0,0,0,11
2020-11-07,US,Kansas,Kingman,154,3,0,37.55909527,-98.13638678,20095.0,2153.2438478747204,1.9480519480519483,151,154,3,0,151,144,7310,0,0,0,0,10
2020-11-07,US,Kansas,Kiowa,69,0,0,37.55848695,-99.2856537,20097.0,2787.878787878788,0.0,69,69,0,0,69,69,2516,0,0,0,0,0
2020-11-07,US,Kansas,Labette,452,6,0,37.19113093,-95.29849679,20099.0,2304.0065246202466,1.327433628318584,446,452,6,0,446,452,19964,0,0,0,0,0
2020-11-07,US,Kansas,Lane,40,0,0,38.48119447,-100.46607540000001,20101.0,2605.863192182411,0.0,40,40,0,0,40,35,1560,0,0,0,0,5
2020-11-07,US,Kansas,Leavenworth,2749,21,0,39.20183497,-95.03620809,20103.0,3362.362093006189,0.7639141506002183,2728,2749,21,0,2728,2695,81352,0,0,0,0,54
2020-11-07,US,Kansas,Lincoln,23,1,0,39.04549684,-98.20756994,20105.0,776.5023632680621,4.3478260869565215,22,23,1,0,22,23,3023,0,0,0,0,0
2020-11-07,US,Kansas,Linn,145,1,0,38.21267844,-94.84254089,20107.0,1494.3831804596514,0.6896551724137931,144,145,1,0,144,138,9750,0,0,0,0,7
2020-11-07,US,Kansas,Logan,142,0,0,38.91735806,-101.148475,20109.0,5082.319255547602,0.0,142,142,0,0,142,133,2844,0,0,0,0,9
2020-11-07,US,Kansas,Lyon,1542,41,0,38.45576156,-96.15275715,20111.0,4645.277903298689,2.658884565499352,1501,1542,41,0,1501,1518,33406,0,0,0,0,24
2020-11-07,US,Kansas,Marion,183,1,0,38.35855394,-97.09852509999999,20115.0,1539.885560417368,0.5464480874316939,182,183,1,0,182,162,11950,0,0,0,0,21
2020-11-07,US,Kansas,Marshall,113,0,0,39.78359669,-96.52278974,20117.0,1164.1083753991966,0.0,113,113,0,0,113,86,9722,0,0,0,0,27
2020-11-07,US,Kansas,McPherson,674,8,0,38.39184858,-97.64769869,20113.0,2361.432275243501,1.1869436201780414,666,597,8,0,589,597,28537,77,0,0,77,0
2020-11-07,US,Kansas,Meade,154,1,0,37.23859987,-100.36483100000001,20119.0,3818.497396479048,0.6493506493506493,153,154,1,0,153,149,4146,0,0,0,0,5
2020-11-07,US,Kansas,Miami,605,2,0,38.56383358,-94.83832189,20121.0,1767.0940795046295,0.3305785123966942,603,605,2,0,603,580,33680,0,0,0,0,25
2020-11-07,US,Kansas,Mitchell,70,0,0,39.39331582,-98.20906732,20123.0,1170.7643418631876,0.0,70,70,0,0,70,69,6150,0,0,0,0,1
2020-11-07,US,Kansas,Montgomery,706,6,0,37.19236568,-95.74329258,20125.0,2218.102987841277,0.8498583569405099,700,706,6,0,700,706,32120,0,0,0,0,0
2020-11-07,US,Kansas,Morris,85,0,0,38.68827511,-96.65128437,20127.0,1512.455516014235,0.0,85,85,0,0,85,76,5521,0,0,0,0,9
2020-11-07,US,Kansas,Morton,56,2,0,37.19141121,-101.79925190000002,20129.0,2164.6695013529184,3.571428571428572,54,56,2,0,54,56,2667,0,0,0,0,0
2020-11-07,US,Kansas,Nemaha,418,4,0,39.78345387,-96.01392079,20131.0,4085.622128824162,0.9569377990430622,414,418,4,0,414,418,10155,0,0,0,0,0
2020-11-07,US,Kansas,Neosho,349,0,0,37.55862897,-95.30670046,20133.0,2180.2961204473045,0.0,349,349,0,0,349,349,15951,0,0,0,0,0
2020-11-07,US,Kansas,Ness,167,9,0,38.47974157,-99.91547333,20135.0,6072.727272727273,5.389221556886229,158,167,9,0,158,148,2840,0,0,0,0,19
2020-11-07,US,Kansas,Norton,934,20,0,39.78443827,-99.90286639,20137.0,17422.122738295093,2.1413276231263385,914,934,20,0,914,811,5430,0,0,0,0,123
2020-11-07,US,Kansas,Osage,194,5,0,38.65235984,-95.72707998,20139.0,1216.3772023324345,2.5773195876288657,189,194,5,0,189,187,15941,0,0,0,0,7
2020-11-07,US,Kansas,Osborne,26,0,0,39.3503437,-98.76753828,20141.0,760.0116924875767,0.0,26,26,0,0,26,26,3475,0,0,0,0,0
2020-11-07,US,Kansas,Ottawa,128,0,0,39.13237408,-97.65020313,20143.0,2244.039270687237,0.0,128,128,0,0,128,125,5802,0,0,0,0,3
2020-11-07,US,Kansas,Pawnee,440,1,0,38.18108732,-99.23692334,20145.0,6859.993763642033,0.2272727272727273,439,440,1,0,439,440,6562,0,0,0,0,0
2020-11-07,US,Kansas,Phillips,256,9,0,39.78465501,-99.34668865,20147.0,4891.0966755827285,3.515625,247,256,9,0,247,231,5317,0,0,0,0,25
2020-11-07,US,Kansas,Pottawatomie,429,0,0,39.37925655,-96.34564657,20149.0,1759.4225484969033,0.0,429,429,0,0,429,429,24277,0,0,0,0,0
2020-11-07,US,Kansas,Pratt,285,0,0,37.64780729,-98.73922153,20151.0,3109.995635093845,0.0,285,285,0,0,285,259,9378,0,0,0,0,26
2020-11-07,US,Kansas,Rawlins,129,0,0,39.78525843,-101.07616170000001,20153.0,5098.814229249012,0.0,129,129,0,0,129,102,2508,0,0,0,0,27
2020-11-07,US,Kansas,Reno,2834,19,0,37.95230263,-98.08607292,20155.0,4571.115197264428,0.6704304869442484,2815,2718,19,0,2699,2602,62342,116,0,0,116,116
2020-11-07,US,Kansas,Republic,111,1,0,39.82799632,-97.65036709,20157.0,2394.3054357204487,0.9009009009009008,110,111,1,0,110,104,4664,0,0,0,0,7
2020-11-07,US,Kansas,Rice,177,1,0,38.34616184,-98.19992118,20159.0,1855.9295375904373,0.5649717514124294,176,177,1,0,176,177,9531,0,0,0,0,0
2020-11-07,US,Kansas,Riley,2409,12,0,39.28935726,-96.73420026,20161.0,3245.231167151633,0.49813200498132,2397,2409,12,0,2397,2323,73703,0,0,0,0,86
2020-11-07,US,Kansas,Rooks,193,7,0,39.35022773,-99.32484567,20163.0,3922.764227642277,3.6269430051813467,186,193,7,0,186,172,5013,0,0,0,0,21
2020-11-07,US,Kansas,Rush,98,0,0,38.52275276,-99.30863983,20165.0,3227.931488801054,0.0,98,98,0,0,98,98,3093,0,0,0,0,0
2020-11-07,US,Kansas,Russell,268,6,0,38.91462787,-98.76254297,20167.0,3908.984830805134,2.238805970149253,262,243,5,0,238,243,6907,25,1,0,24,0
2020-11-07,US,Kansas,Saline,1352,16,0,38.78369175,-97.65185177,20169.0,2493.3608734139866,1.183431952662722,1336,1352,16,0,1336,1278,54401,0,0,0,0,74
2020-11-07,US,Kansas,Scott,231,1,0,38.48222076,-100.90665390000001,20171.0,4789.550072568941,0.4329004329004329,230,223,1,0,222,223,4897,8,0,0,8,0
2020-11-07,US,Kansas,Sedgwick,14328,137,0,37.6842718,-97.4608198,20173.0,2776.518190379853,0.9561697375767728,14191,13922,137,0,13785,13568,513607,406,0,0,406,354
2020-11-07,US,Kansas,Seward,2341,13,0,37.19324632,-100.85072009999999,20175.0,10924.95799887997,0.5553182400683468,2328,2341,13,0,2328,2239,21780,0,0,0,0,102
2020-11-07,US,Kansas,Shawnee,4252,89,0,39.04100763,-95.75572640000001,20177.0,2403.957597173145,2.0931326434619004,4163,4252,89,0,4163,4118,177499,0,0,0,0,134
2020-11-07,US,Kansas,Sheridan,208,0,0,39.35018161,-100.44182590000001,20179.0,8250.694168980563,0.0,208,208,0,0,208,195,2533,0,0,0,0,13
2020-11-07,US,Kansas,Sherman,276,6,0,39.35147699,-101.71976240000001,20181.0,4664.525942200439,2.1739130434782608,270,276,6,0,270,276,5899,0,0,0,0,0
2020-11-07,US,Kansas,Smith,45,0,0,39.78516566,-98.78566062,20183.0,1255.9307842590008,0.0,45,45,0,0,45,34,3603,0,0,0,0,11
2020-11-07,US,Kansas,Stafford,114,1,0,38.03100851,-98.71762001,20185.0,2743.0221366698747,0.8771929824561403,113,114,1,0,113,104,4178,0,0,0,0,10
2020-11-07,US,Kansas,Stanton,54,2,0,37.56304714,-101.78435340000001,20187.0,2691.9242273180453,3.703703703703704,52,54,2,0,52,53,1987,0,0,0,0,1
2020-11-07,US,Kansas,Stevens,282,1,0,37.1923008,-101.3118967,20189.0,5141.294439380127,0.3546099290780142,281,282,1,0,281,269,5559,0,0,0,0,13
2020-11-07,US,Kansas,Sumner,384,4,0,37.23682549,-97.47721621,20191.0,1681.5554387808722,1.0416666666666667,380,384,4,0,380,346,22996,0,0,0,0,38
2020-11-07,US,Kansas,Thomas,455,2,0,39.35107575,-101.0553705,20193.0,5850.585058505851,0.4395604395604396,453,455,2,0,453,425,7711,0,0,0,0,30
2020-11-07,US,Kansas,Trego,128,3,0,38.91467218,-99.87284448,20195.0,4566.5358544416695,2.34375,125,128,3,0,125,123,2793,0,0,0,0,5
2020-11-07,US,Kansas,Wabaunsee,114,1,0,38.95471985,-96.20350509,20197.0,1644.7843024094648,0.8771929824561403,113,114,1,0,113,106,6899,0,0,0,0,8
2020-11-07,US,Kansas,Wallace,89,0,0,38.91686134,-101.76388759999999,20199.0,5862.977602108037,0.0,89,89,0,0,89,89,1503,0,0,0,0,0
2020-11-07,US,Kansas,Washington,86,0,0,39.78420784,-97.08753229999999,20201.0,1590.825009248983,0.0,86,86,0,0,86,68,5420,0,0,0,0,18
2020-11-07,US,Kansas,Wichita,51,0,0,38.48178252,-101.3471509,20203.0,2406.795658329401,0.0,51,51,0,0,51,47,2105,0,0,0,0,4
2020-11-07,US,Kansas,Wilson,149,4,0,37.55937174,-95.74323255,20205.0,1747.8005865102639,2.684563758389262,145,149,4,0,145,137,8665,0,0,0,0,12
2020-11-07,US,Kansas,Woodson,42,0,0,37.8865336,-95.74006277,20207.0,1338.4321223709371,0.0,42,42,0,0,42,38,3183,0,0,0,0,4
2020-11-07,US,Kansas,Wyandotte,8876,166,0,39.11727348,-94.76378225,20209.0,5365.443785551505,1.8702118071203244,8710,8814,166,0,8648,8758,165324,62,0,0,62,56
2020-11-07,US,Kentucky,Adair,539,22,0,37.10459774,-85.28129668,21001.0,2806.9992709092803,4.081632653061225,517,532,22,0,510,530,19215,7,0,0,7,2
2020-11-07,US,Kentucky,Allen,597,11,0,36.75197631,-86.19457544,21003.0,2800.8444757213233,1.8425460636515916,586,589,11,0,578,582,21122,8,0,0,8,7
2020-11-07,US,Kentucky,Anderson,312,1,0,38.00671029,-84.99171713,21005.0,1371.609443003473,0.3205128205128205,311,298,1,0,297,290,22663,14,0,0,14,8
2020-11-07,US,Kentucky,Ballard,103,1,0,37.05842757,-88.99427697,21007.0,1305.7809330628806,0.9708737864077671,102,98,1,0,97,92,7979,5,0,0,5,6
2020-11-07,US,Kentucky,Barren,1500,15,0,36.96469836,-85.93338945,21009.0,3389.907116545007,1.0,1485,1475,13,0,1462,1449,44176,25,2,0,23,26
2020-11-07,US,Kentucky,Bath,162,1,0,38.14735938,-83.74588932,21011.0,1296.0,0.6172839506172839,161,154,1,0,153,146,12383,8,0,0,8,8
2020-11-07,US,Kentucky,Bell,889,17,0,36.73355174,-83.67766671,21013.0,3415.0276582667493,1.9122609673790776,872,876,17,0,859,861,26569,13,0,0,13,15
2020-11-07,US,Kentucky,Boone,2641,25,0,38.97065142,-84.72615357,21015.0,1977.0775783981253,0.946611132146914,2616,2585,25,0,2560,2518,131533,56,0,0,56,67
2020-11-07,US,Kentucky,Bourbon,372,1,0,38.2054607,-84.21827874,21017.0,1879.927228623408,0.26881720430107525,371,361,1,0,360,353,20184,11,0,0,11,8
2020-11-07,US,Kentucky,Boyd,865,23,0,38.36176608,-82.68652187,21019.0,1851.534740357036,2.658959537572254,842,838,23,0,815,826,47240,27,0,0,27,12
2020-11-07,US,Kentucky,Boyle,543,0,0,37.62680923,-84.8633779,21021.0,1806.3872255489025,0.0,543,531,0,0,531,521,30100,12,0,0,12,10
2020-11-07,US,Kentucky,Bracken,82,1,0,38.69158994,-84.08532444,21023.0,987.5948452366614,1.2195121951219512,81,80,1,0,79,79,8239,2,0,0,2,1
2020-11-07,US,Kentucky,Breathitt,186,2,0,37.52333168,-83.31959161,21025.0,1472.6840855106889,1.075268817204301,184,181,1,0,180,170,12726,5,1,0,4,11
2020-11-07,US,Kentucky,Breckinridge,294,3,0,37.77377239,-86.42885017,21027.0,1435.7571909947744,1.020408163265306,291,284,3,0,281,274,20388,10,0,0,10,10
2020-11-07,US,Kentucky,Bullitt,1863,16,0,37.97162523,-85.68955617,21029.0,2280.963808217836,0.8588298443370908,1847,1830,16,0,1814,1753,81069,33,0,0,33,77
2020-11-07,US,Kentucky,Butler,464,16,0,37.20946153,-86.68748787,21031.0,3602.764189766286,3.4482758620689653,448,457,16,0,441,449,12772,7,0,0,7,8
2020-11-07,US,Kentucky,Caldwell,370,0,0,37.14749129,-87.86948214,21033.0,2902.6437593159176,0.0,370,359,0,0,359,354,12715,11,0,0,11,5
2020-11-07,US,Kentucky,Calloway,1162,10,0,36.62093411,-88.2731593,21035.0,2979.4107843388633,0.8605851979345955,1152,1137,10,0,1127,1129,39135,25,0,0,25,8
2020-11-07,US,Kentucky,Campbell,1700,16,0,38.94384345,-84.37875208,21037.0,1816.5498375790733,0.9411764705882352,1684,1637,16,0,1621,1564,93152,63,0,0,63,73
2020-11-07,US,Kentucky,Carlisle,127,1,0,36.85372876,-88.96692220000001,21039.0,2668.0672268907565,0.7874015748031497,126,125,1,0,124,123,4771,2,0,0,2,2
2020-11-07,US,Kentucky,Carroll,249,6,0,38.66599534,-85.12601074,21041.0,2342.206753833129,2.409638554216868,243,242,6,0,236,242,10737,7,0,0,7,0
2020-11-07,US,Kentucky,Carter,430,4,0,38.31690743,-83.05092385,21043.0,1604.6572377504945,0.9302325581395348,426,424,4,0,420,416,27004,6,0,0,6,8
2020-11-07,US,Kentucky,Casey,343,16,0,37.32533118,-84.92726209,21045.0,2122.6561049569896,4.664723032069972,327,341,16,0,325,335,15888,2,0,0,2,6
2020-11-07,US,Kentucky,Christian,2190,31,0,36.89267803,-87.49055367,21047.0,3108.1023544939753,1.4155251141552512,2159,2145,31,0,2114,2120,71671,45,0,0,45,25
2020-11-07,US,Kentucky,Clark,625,12,0,37.9689263,-84.14615986,21049.0,1723.5198411604115,1.92,613,607,12,0,595,589,36249,18,0,0,18,18
2020-11-07,US,Kentucky,Clay,702,6,0,37.16451126,-83.712575,21051.0,3527.460931611477,0.8547008547008547,696,690,6,0,684,667,20105,12,0,0,12,23
2020-11-07,US,Kentucky,Clinton,268,3,0,36.72581156,-85.13377529,21053.0,2622.8224701507143,1.1194029850746268,265,265,3,0,262,263,10206,3,0,0,3,2
2020-11-07,US,Kentucky,Crittenden,184,1,0,37.35839237,-88.08826090000002,21055.0,2089.484442425619,0.5434782608695652,183,181,1,0,180,179,8915,3,0,0,3,2
2020-11-07,US,Kentucky,Cumberland,161,0,0,36.78926125,-85.39050034,21057.0,2434.2304203205317,0.0,161,160,0,0,160,160,6659,1,0,0,1,0
2020-11-07,US,Kentucky,Daviess,2320,34,0,37.73028906,-87.09019479999998,21059.0,2285.466599678853,1.4655172413793105,2286,2274,33,0,2241,2245,101104,46,1,0,45,29
2020-11-07,US,Kentucky,Edmonson,210,12,0,37.21218923,-86.23955613,21061.0,1728.3950617283954,5.7142857142857135,198,206,12,0,194,200,12274,4,0,0,4,6
2020-11-07,US,Kentucky,Elliott,385,0,0,38.11624059,-83.09771563,21063.0,5121.724092058002,0.0,385,362,0,0,362,351,7508,23,0,0,23,11
2020-11-07,US,Kentucky,Estill,327,0,0,37.69241417,-83.95956369,21065.0,2318.1624840493405,0.0,327,326,0,0,326,323,14198,1,0,0,1,3
2020-11-07,US,Kentucky,Fayette,12292,94,0,38.0368225,-84.45576892,21067.0,3803.782740010893,0.7647250244061178,12198,12079,94,0,11985,11941,323780,213,0,0,213,138
2020-11-07,US,Kentucky,Fleming,225,0,0,38.36758311,-83.69657514,21069.0,1543.1040395034634,0.0,225,221,0,0,221,218,14432,4,0,0,4,3
2020-11-07,US,Kentucky,Floyd,639,4,0,37.56213922,-82.74750924,21071.0,1795.4986091207957,0.6259780907668232,635,605,4,0,601,587,35845,34,0,0,34,18
2020-11-07,US,Kentucky,Franklin,981,14,0,38.2379395,-84.87962551,21073.0,1923.8689180443607,1.4271151885830784,967,964,14,0,950,950,50815,17,0,0,17,14
2020-11-07,US,Kentucky,Fulton,244,3,0,36.55238827,-89.20140068,21075.0,4087.786898978053,1.2295081967213115,241,244,3,0,241,243,6120,0,0,0,0,1
2020-11-07,US,Kentucky,Gallatin,141,8,0,38.75398691,-84.8558382,21077.0,1589.8071935956702,5.673758865248227,133,137,8,0,129,137,8832,4,0,0,4,0
2020-11-07,US,Kentucky,Garrard,381,4,0,37.638866799999995,-84.53289319,21079.0,2156.685157930488,1.0498687664041997,377,381,4,0,377,379,17560,0,0,0,0,2
2020-11-07,US,Kentucky,Grant,346,6,0,38.64962758,-84.62415957,21081.0,1380.1906737404763,1.7341040462427746,340,333,6,0,327,316,25121,13,0,0,13,17
2020-11-07,US,Kentucky,Graves,1067,31,0,36.72292505,-88.65143315,21083.0,2863.199699457951,2.9053420805998127,1036,1042,30,0,1012,1011,37317,25,1,0,24,31
2020-11-07,US,Kentucky,Grayson,633,18,0,37.46231118,-86.34248968,21085.0,2395.2775570439317,2.8436018957345968,615,623,16,0,607,615,26321,10,2,0,8,8
2020-11-07,US,Kentucky,Green,365,8,0,37.26484328,-85.5540745,21087.0,3336.075313042684,2.191780821917808,357,362,8,0,354,354,11049,3,0,0,3,8
2020-11-07,US,Kentucky,Greenup,768,12,0,38.54332505,-82.9215658,21089.0,2188.1588694512507,1.5625,756,754,12,0,742,742,35268,14,0,0,14,12
2020-11-07,US,Kentucky,Hancock,184,5,0,37.83766422,-86.78280584,21091.0,2109.60788809906,2.717391304347826,179,182,5,0,177,177,8758,2,0,0,2,5
2020-11-07,US,Kentucky,Hardin,2635,17,0,37.6976111,-85.96319251,21093.0,2374.7724364173832,0.6451612903225806,2618,2569,17,0,2552,2486,110356,66,0,0,66,83
2020-11-07,US,Kentucky,Harlan,680,14,0,36.85699301,-83.21899516,21095.0,2614.37908496732,2.0588235294117645,666,671,14,0,657,664,26409,9,0,0,9,7
2020-11-07,US,Kentucky,Harrison,308,1,0,38.44188174,-84.32869741,21097.0,1630.8376575240918,0.3246753246753247,307,301,1,0,300,295,18778,7,0,0,7,6
2020-11-07,US,Kentucky,Hart,566,1,0,37.29943898,-85.88461055,21099.0,2973.4699238245344,0.176678445229682,565,553,1,0,552,531,18906,13,0,0,13,22
2020-11-07,US,Kentucky,Henderson,1529,29,0,37.79344553,-87.57392021,21101.0,3381.995133819951,1.896664486592544,1500,1500,29,0,1471,1477,45591,29,0,0,29,23
2020-11-07,US,Kentucky,Henry,346,2,0,38.44942688,-85.11587507,21103.0,2145.6033734342054,0.5780346820809249,344,338,2,0,336,333,16106,8,0,0,8,5
2020-11-07,US,Kentucky,Hickman,130,1,0,36.67948079999999,-88.97875928,21105.0,2968.0365296803648,0.7692307692307693,129,129,1,0,128,128,4421,1,0,0,1,1
2020-11-07,US,Kentucky,Hopkins,1271,43,0,37.30939025,-87.54670406,21107.0,2844.2912769099944,3.3831628638867035,1228,1212,43,0,1169,1182,45068,59,0,0,59,30
2020-11-07,US,Kentucky,Jackson,539,17,0,37.41866422,-83.99825483,21109.0,4043.814239627879,3.1539888682745825,522,536,17,0,519,529,13442,3,0,0,3,7
2020-11-07,US,Kentucky,Jefferson,25967,391,0,38.18664655,-85.65931031,21111.0,3386.600970059614,1.5057573073516386,25576,25650,387,0,25263,25252,770517,317,4,0,313,398
2020-11-07,US,Kentucky,Jessamine,1153,18,0,37.87119786,-84.58252003,21113.0,2130.6476947241986,1.5611448395490026,1135,1128,17,0,1111,1118,53920,25,1,0,24,10
2020-11-07,US,Kentucky,Johnson,471,2,0,37.85106355,-82.8264322,21115.0,2122.7690643591127,0.4246284501061571,469,463,2,0,461,440,22386,8,0,0,8,23
2020-11-07,US,Kentucky,Kenton,3412,51,0,38.93950319,-84.53241199,21117.0,2043.1382411765408,1.4947245017584994,3361,3350,51,0,3299,3243,166051,62,0,0,62,107
2020-11-07,US,Kentucky,Knott,409,8,0,37.35388197,-82.94981134,21119.0,2762.3936242064033,1.9559902200489,401,399,7,0,392,392,15126,10,1,0,9,7
2020-11-07,US,Kentucky,Knox,989,10,0,36.89225732,-83.85403396,21121.0,3175.4695777813454,1.0111223458038423,979,979,10,0,969,962,31304,10,0,0,10,17
2020-11-07,US,Kentucky,Larue,358,1,0,37.54567114,-85.70138352,21123.0,2486.45645228504,0.2793296089385475,357,356,1,0,355,347,14307,2,0,0,2,9
2020-11-07,US,Kentucky,Laurel,1800,11,0,37.10975748,-84.11321779,21125.0,2959.8934438360216,0.6111111111111112,1789,1763,11,0,1752,1722,60669,37,0,0,37,41
2020-11-07,US,Kentucky,Lawrence,192,0,0,38.07136018,-82.72882223,21127.0,1253.5091728145198,0.0,192,188,0,0,188,179,15571,4,0,0,4,9
2020-11-07,US,Kentucky,Lee,204,9,0,37.59645942,-83.71513901,21129.0,2755.6396055653113,4.411764705882354,195,197,7,0,190,189,7033,7,2,0,5,8
2020-11-07,US,Kentucky,Leslie,159,1,0,37.09246661,-83.37999606,21131.0,1609.800546724714,0.6289308176100629,158,157,1,0,156,156,10143,2,0,0,2,1
2020-11-07,US,Kentucky,Letcher,351,2,0,37.12306748,-82.85346474,21133.0,1628.543590219459,0.5698005698005698,349,347,2,0,345,341,21899,4,0,0,4,6
2020-11-07,US,Kentucky,Lewis,379,17,0,38.53184419,-83.37735618,21135.0,2854.990583804143,4.485488126649076,362,366,17,0,349,359,13257,13,0,0,13,7
2020-11-07,US,Kentucky,Lincoln,399,19,0,37.45475628,-84.6565327,21137.0,1625.3207869974335,4.761904761904762,380,397,19,0,378,394,24644,2,0,0,2,3
2020-11-07,US,Kentucky,Livingston,168,2,0,37.21137452,-88.34797529,21139.0,1827.2786599956487,1.1904761904761905,166,162,1,0,161,152,9242,6,1,0,5,10
2020-11-07,US,Kentucky,Logan,887,31,0,36.85949479,-86.877635,21141.0,3272.821194007822,3.4949267192784665,856,878,31,0,847,865,26989,9,0,0,9,13
2020-11-07,US,Kentucky,Lyon,133,5,0,37.02080035,-88.07886257,21143.0,1619.9756394640685,3.7593984962406015,128,130,5,0,125,128,8009,3,0,0,3,2
2020-11-07,US,Kentucky,Madison,2627,14,0,37.71659336,-84.27220275,21151.0,2825.126092894706,0.5329272934906738,2613,2586,14,0,2572,2556,92368,41,0,0,41,30
2020-11-07,US,Kentucky,Magoffin,257,0,0,37.70820545,-83.0657714,21153.0,2113.3130499136582,0.0,257,244,0,0,244,236,12362,13,0,0,13,8
2020-11-07,US,Kentucky,Marion,603,10,0,37.55218078,-85.26898542,21155.0,3128.7293104342853,1.658374792703151,593,592,10,0,582,583,19404,11,0,0,11,9
2020-11-07,US,Kentucky,Marshall,600,8,0,36.88007070000001,-88.32803576,21157.0,1929.260450160772,1.3333333333333333,592,593,8,0,585,579,31191,7,0,0,7,14
2020-11-07,US,Kentucky,Martin,267,5,0,37.79990579,-82.51247478,21159.0,2384.9933005806165,1.8726591760299625,262,257,5,0,252,252,11323,10,0,0,10,5
2020-11-07,US,Kentucky,Mason,220,2,0,38.59471935,-83.82151043,21161.0,1288.8107791446982,0.9090909090909092,218,219,2,0,217,208,17150,1,0,0,1,11
2020-11-07,US,Kentucky,McCracken,1516,12,0,37.05350953,-88.70445755,21145.0,2317.404995566969,0.7915567282321899,1504,1471,12,0,1459,1423,65346,45,0,0,45,48
2020-11-07,US,Kentucky,McCreary,287,1,0,36.73874143,-84.48102924,21147.0,1665.6026928210786,0.3484320557491289,286,286,1,0,285,282,17408,1,0,0,1,4
2020-11-07,US,Kentucky,McLean,251,6,0,37.5301951,-87.26803443,21149.0,2726.186597154339,2.3904382470119523,245,243,6,0,237,243,9252,8,0,0,8,0
2020-11-07,US,Kentucky,Meade,467,4,0,37.96163597,-86.21028219,21163.0,1634.4673106537866,0.8565310492505354,463,463,4,0,459,449,28715,4,0,0,4,14
2020-11-07,US,Kentucky,Menifee,104,1,0,37.94090733,-83.59985712,21165.0,1602.7122823239329,0.9615384615384616,103,103,1,0,102,100,6451,1,0,0,1,3
2020-11-07,US,Kentucky,Mercer,439,6,0,37.81474237,-84.87488475,21167.0,2001.5501755345824,1.366742596810934,433,431,6,0,425,421,21774,8,0,0,8,10
2020-11-07,US,Kentucky,Metcalfe,258,2,0,36.99459295,-85.63123699,21169.0,2561.811140899613,0.7751937984496124,256,245,2,0,243,237,10030,13,0,0,13,8
2020-11-07,US,Kentucky,Monroe,452,5,0,36.71225341,-85.71596443,21171.0,4244.131455399061,1.106194690265487,447,434,5,0,429,409,10718,18,0,0,18,25
2020-11-07,US,Kentucky,Montgomery,666,7,0,38.03253032,-83.9145241,21173.0,2365.308804204993,1.0510510510510511,659,655,7,0,648,644,28203,11,0,0,11,11
2020-11-07,US,Kentucky,Morgan,173,0,0,37.92465657,-83.25558245,21175.0,1299.872266887069,0.0,173,169,0,0,169,165,13345,4,0,0,4,4
2020-11-07,US,Kentucky,Muhlenberg,1034,18,0,37.21425819,-87.14632053,21177.0,3376.6573052054077,1.7408123791102514,1016,1030,18,0,1012,1018,30774,4,0,0,4,12
2020-11-07,US,Kentucky,Nelson,1289,4,0,37.80335779,-85.4657193,21179.0,2788.051824454394,0.3103180760279286,1285,1255,4,0,1251,1198,45851,34,0,0,34,57
2020-11-07,US,Kentucky,Nicholas,129,3,0,38.33342292,-84.01889177,21181.0,1774.6595130004125,2.3255813953488373,126,129,3,0,126,127,7166,0,0,0,0,2
2020-11-07,US,Kentucky,Ohio,664,11,0,37.47751843,-86.85368087,21183.0,2767.3585062932398,1.6566265060240963,653,660,11,0,649,655,24087,4,0,0,4,5
2020-11-07,US,Kentucky,Oldham,1634,26,0,38.39791089,-85.448222,21185.0,2446.144403359332,1.591187270501836,1608,1605,26,0,1579,1570,66470,29,0,0,29,35
2020-11-07,US,Kentucky,Owen,137,3,0,38.51679143,-84.82404619,21187.0,1256.7654343638194,2.18978102189781,134,131,3,0,128,131,10880,6,0,0,6,0
2020-11-07,US,Kentucky,Owsley,109,1,0,37.42823949,-83.68811419,21189.0,2468.8561721404308,0.9174311926605504,108,109,1,0,108,106,4472,0,0,0,0,3
2020-11-07,US,Kentucky,Pendleton,164,0,0,38.69607718,-84.35599463,21191.0,1124.0575736806031,0.0,164,154,0,0,154,150,14529,10,0,0,10,4
2020-11-07,US,Kentucky,Perry,652,9,0,37.25023553,-83.22922731,21193.0,2531.2524264306235,1.3803680981595092,643,632,9,0,623,622,26092,20,0,0,20,10
2020-11-07,US,Kentucky,Pike,1168,5,0,37.47088263,-82.39487445,21195.0,2018.107678485037,0.4280821917808219,1163,1142,5,0,1137,1111,58402,26,0,0,26,31
2020-11-07,US,Kentucky,Powell,208,0,0,37.83218794,-83.82553961,21197.0,1682.9840601990452,0.0,208,197,0,0,197,183,12442,11,0,0,11,14
2020-11-07,US,Kentucky,Pulaski,1076,13,0,37.10466131,-84.57629079,21199.0,1655.9196047953951,1.20817843866171,1063,1067,13,0,1054,1062,64623,9,0,0,9,5
2020-11-07,US,Kentucky,Robertson,48,1,0,38.51923469,-84.05055616,21201.0,2277.0398481973434,2.083333333333333,47,46,1,0,45,43,2135,2,0,0,2,3
2020-11-07,US,Kentucky,Rockcastle,410,2,0,37.36642393,-84.31176452,21203.0,2455.825097334531,0.4878048780487805,408,410,2,0,408,401,16750,0,0,0,0,9
2020-11-07,US,Kentucky,Rowan,460,2,0,38.19484205,-83.42088935,21205.0,1880.6214227309895,0.43478260869565216,458,450,2,0,448,428,24583,10,0,0,10,22
2020-11-07,US,Kentucky,Russell,420,7,0,36.99308373,-85.06070117,21207.0,2343.3576968141488,1.6666666666666667,413,415,7,0,408,410,17821,5,0,0,5,5
2020-11-07,US,Kentucky,Scott,1294,20,0,38.29622293,-84.5816631,21209.0,2270.0161392183004,1.545595054095827,1274,1268,20,0,1248,1255,56031,26,0,0,26,13
2020-11-07,US,Kentucky,Shelby,1652,25,0,38.21476019,-85.194223,21211.0,3369.7780678851177,1.513317191283293,1627,1628,25,0,1603,1613,48518,24,0,0,24,15
2020-11-07,US,Kentucky,Simpson,417,8,0,36.74058474,-86.58047435,21213.0,2245.315528752961,1.9184652278177456,409,411,8,0,403,402,18529,6,0,0,6,9
2020-11-07,US,Kentucky,Spencer,389,1,0,38.03223971,-85.32749335,21215.0,2010.2320293524883,0.2570694087403599,388,382,1,0,381,372,18794,7,0,0,7,10
2020-11-07,US,Kentucky,Taylor,588,7,0,37.3677562,-85.3329931,21217.0,2281.8114789087663,1.1904761904761905,581,575,7,0,568,571,25549,13,0,0,13,4
2020-11-07,US,Kentucky,Todd,320,13,0,36.8381152,-87.17878374,21219.0,2602.895721490158,4.0625,307,318,13,0,305,315,12311,2,0,0,2,3
2020-11-07,US,Kentucky,Trigg,277,0,0,36.80767017,-87.87333656,21221.0,1890.6559279230087,0.0,277,276,0,0,276,275,14643,1,0,0,1,1
2020-11-07,US,Kentucky,Trimble,116,0,0,38.61056487,-85.33775972,21223.0,1369.37787746429,0.0,116,114,0,0,114,112,8515,2,0,0,2,2
2020-11-07,US,Kentucky,Union,548,6,0,37.66166713,-87.94300009,21225.0,3810.5834086642094,1.094890510948905,542,546,6,0,540,542,14505,2,0,0,2,4
2020-11-07,US,Kentucky,Warren,5812,59,0,36.99903045,-86.42672751,21227.0,4373.344570190224,1.015141087405368,5753,5738,58,0,5680,5650,131264,74,1,0,73,88
2020-11-07,US,Kentucky,Washington,315,2,0,37.75599461,-85.17407732,21229.0,2604.38197602315,0.6349206349206349,313,303,2,0,301,293,12084,12,0,0,12,10
2020-11-07,US,Kentucky,Wayne,335,2,0,36.80310688,-84.8251971,21231.0,1647.5679929179166,0.5970149253731343,333,329,2,0,327,320,20468,6,0,0,6,9
2020-11-07,US,Kentucky,Webster,387,5,0,37.52168356,-87.67989953,21233.0,2990.264255910988,1.2919896640826871,382,382,5,0,377,369,13111,5,0,0,5,13
2020-11-07,US,Kentucky,Whitley,983,8,0,36.75700531,-84.14541217,21235.0,2710.677255680565,0.8138351983723296,975,959,8,0,951,952,36242,24,0,0,24,7
2020-11-07,US,Kentucky,Wolfe,104,0,0,37.73941626,-83.49303612,21237.0,1453.122816822691,0.0,104,96,0,0,96,93,7177,8,0,0,8,3
2020-11-07,US,Kentucky,Woodford,469,0,0,38.04178222,-84.7417556,21239.0,1754.3203411386248,0.0,469,461,0,0,461,454,26533,8,0,0,8,7
2020-11-07,US,Louisiana,Acadia,3330,106,0,30.295064899999996,-92.41419698,22001.0,5367.072286243855,3.1831831831831834,3224,3330,106,0,3224,3312,62190,0,0,0,0,18
2020-11-07,US,Louisiana,Allen,1877,64,0,30.65385745,-92.82442028,22003.0,7324.3063955983935,3.40969632392115,1813,1877,64,0,1813,1877,25605,0,0,0,0,0
2020-11-07,US,Louisiana,Ascension,4405,100,0,30.20406249,-90.91328409999998,22005.0,3479.3529430349754,2.2701475595913734,4305,4405,100,0,4305,4382,124672,0,0,0,0,23
2020-11-07,US,Louisiana,Assumption,828,24,0,29.89946234,-91.06461642,22007.0,3782.37631903522,2.898550724637681,804,828,24,0,804,822,22300,0,0,0,0,6
2020-11-07,US,Louisiana,Avoyelles,1788,63,0,31.07796211,-92.00079449,22009.0,4453.965723395775,3.523489932885906,1725,1788,63,0,1725,1785,40462,0,0,0,0,3
2020-11-07,US,Louisiana,Beauregard,1107,41,0,30.64836518,-93.34173616,22011.0,2952.236178894312,3.703703703703704,1066,1107,41,0,1066,1103,37253,0,0,0,0,4
2020-11-07,US,Louisiana,Bienville,642,35,0,32.34569994,-93.05398492,22013.0,4848.576391511216,5.451713395638629,607,642,35,0,607,639,13308,0,0,0,0,3
2020-11-07,US,Louisiana,Bossier,4572,125,0,32.67932307,-93.60460152,22015.0,3598.8948275726348,2.734033245844269,4447,4572,125,0,4447,4550,127185,0,0,0,0,22
2020-11-07,US,Louisiana,Caddo,10679,406,0,32.57991587,-93.88375652,22017.0,4445.80439959368,3.8018541061897184,10273,10679,406,0,10273,10594,242922,0,0,0,0,85
2020-11-07,US,Louisiana,Calcasieu,8643,231,0,30.22931235,-93.35400434,22019.0,4248.510588096502,2.6726830961471717,8412,8643,231,0,8412,8605,203112,0,0,0,0,38
2020-11-07,US,Louisiana,Caldwell,400,3,0,32.0902519,-92.11752148,22021.0,4033.0711837063923,0.75,397,400,3,0,397,392,9960,0,0,0,0,8
2020-11-07,US,Louisiana,Cameron,253,3,0,29.87592238,-93.19310676,22023.0,3628.280510540657,1.1857707509881423,250,253,3,0,250,249,6968,0,0,0,0,4
2020-11-07,US,Louisiana,Catahoula,465,15,0,31.66778967,-91.84526385,22025.0,4897.83020855277,3.2258064516129035,450,465,15,0,450,466,9608,0,0,0,0,-1
2020-11-07,US,Louisiana,Claiborne,621,26,0,32.82308512,-92.99526883,22027.0,3962.986598596043,4.186795491143316,595,621,26,0,595,617,15944,0,0,0,0,4
2020-11-07,US,Louisiana,Concordia,637,16,0,31.44817835,-91.63814433,22029.0,3307.544524637832,2.5117739403453694,621,637,16,0,621,634,19572,0,0,0,0,3
2020-11-07,US,Louisiana,De Soto,1071,35,0,32.05457447,-93.74130302,22031.0,3899.7924480209736,3.2679738562091503,1036,1071,35,0,1036,1069,27436,0,0,0,0,2
2020-11-07,US,Louisiana,East Baton Rouge,16626,461,0,30.53842039,-91.09777565,22033.0,3778.129750783418,2.7727655479369657,16165,16626,461,0,16165,16540,440956,0,0,0,0,86
2020-11-07,US,Louisiana,East Carroll,597,6,0,32.73926954,-91.23425694,22035.0,8701.35548753826,1.0050251256281406,591,597,6,0,591,593,7037,0,0,0,0,4
2020-11-07,US,Louisiana,East Feliciana,1813,79,0,30.84425359,-91.04976723,22037.0,9474.78442644369,4.357418643132928,1734,1813,79,0,1734,1809,19305,0,0,0,0,4
2020-11-07,US,Louisiana,Evangeline,1448,40,0,30.72985248,-92.39915924,22039.0,4335.97843988621,2.7624309392265194,1408,1448,40,0,1408,1447,33443,0,0,0,0,1
2020-11-07,US,Louisiana,Franklin,1393,50,0,32.13675181,-91.67589857,22041.0,6959.7801648763425,3.589375448671931,1343,1393,50,0,1343,1391,20156,0,0,0,0,2
2020-11-07,US,Louisiana,Grant,553,30,0,31.59882456,-92.56124347,22043.0,2469.962928223681,5.4249547920433985,523,553,30,0,523,548,22482,0,0,0,0,5
2020-11-07,US,Louisiana,Iberia,3116,99,0,29.86803617,-91.75871777,22045.0,4462.265501933267,3.1771501925545573,3017,3116,99,0,3017,3114,70941,0,0,0,0,2
2020-11-07,US,Louisiana,Iberville,1527,61,0,30.25734305,-91.3499598,22047.0,4696.871827996678,3.9947609692206942,1466,1527,61,0,1466,1519,32721,0,0,0,0,8
2020-11-07,US,Louisiana,Jackson,903,24,0,32.30251776,-92.55692092,22049.0,5735.518292682928,2.6578073089701,879,903,24,0,879,893,15902,0,0,0,0,10
2020-11-07,US,Louisiana,Jefferson,19077,590,0,29.74075478,-90.11115756,22051.0,4410.938442934336,3.092729464800545,18487,19077,590,0,18487,19015,434051,0,0,0,0,62
2020-11-07,US,Louisiana,Jefferson Davis,1384,45,0,30.26896765,-92.81210004,22053.0,4412.13976026524,3.2514450867052025,1339,1384,45,0,1339,1369,31582,0,0,0,0,15
2020-11-07,US,Louisiana,LaSalle,539,11,0,31.67884782,-92.15907765,22059.0,3619.392962664517,2.0408163265306123,528,539,11,0,528,535,14917,0,0,0,0,4
2020-11-07,US,Louisiana,Lafayette,9671,140,0,30.2049055,-92.06959876,22055.0,3957.199558083392,1.447626925860821,9531,9671,140,0,9531,9630,242782,0,0,0,0,41
2020-11-07,US,Louisiana,Lafourche,3954,131,0,29.52470226,-90.40976986,22057.0,4050.6484725551672,3.3131006575619626,3823,3954,131,0,3823,3953,98115,0,0,0,0,1
2020-11-07,US,Louisiana,Lincoln,1745,52,0,32.6003154,-92.66597409999999,22061.0,3733.2591673441443,2.9799426934097415,1693,1745,52,0,1693,1745,47196,0,0,0,0,0
2020-11-07,US,Louisiana,Livingston,4357,82,0,30.44143993,-90.73061664,22063.0,3094.702000866545,1.8820289189809505,4275,4357,82,0,4275,4316,139567,0,0,0,0,41
2020-11-07,US,Louisiana,Madison,907,10,0,32.36918118,-91.23973355,22065.0,8282.348643959456,1.1025358324145536,897,907,10,0,897,906,11161,0,0,0,0,1
2020-11-07,US,Louisiana,Morehouse,916,29,0,32.81686191,-91.80421614,22067.0,3682.560102918711,3.165938864628821,887,916,29,0,887,914,25398,0,0,0,0,2
2020-11-07,US,Louisiana,Natchitoches,1572,34,0,31.72321584,-93.09816516,22069.0,4119.7127732061435,2.1628498727735366,1538,1572,34,0,1538,1559,38659,0,0,0,0,13
2020-11-07,US,Louisiana,Orleans,13719,600,0,30.06971951,-89.92660315,22071.0,3516.3939468503936,4.373496610540127,13119,13719,600,0,13119,13673,391006,0,0,0,0,46
2020-11-07,US,Louisiana,Ouachita,7297,173,0,32.47645559,-92.15704172,22073.0,4760.5999517220225,2.3708373304097576,7124,7297,173,0,7124,7252,154475,0,0,0,0,45
2020-11-07,US,Louisiana,Plaquemines,913,19,0,29.42245447,-89.60322085,22075.0,3935.853774194939,2.0810514786418404,894,913,19,0,894,911,23410,0,0,0,0,2
2020-11-07,US,Louisiana,Pointe Coupee,1155,42,0,30.71409502,-91.60209535,22077.0,5315.232397606996,3.636363636363636,1113,1155,42,0,1113,1151,21940,0,0,0,0,4
2020-11-07,US,Louisiana,Rapides,4873,163,0,31.19778499,-92.52997303,22079.0,3758.638775762063,3.3449620357069567,4710,4873,163,0,4710,4850,130562,0,0,0,0,23
2020-11-07,US,Louisiana,Red River,476,25,0,32.09530039,-93.34213308,22081.0,5638.474295190713,5.2521008403361344,451,476,25,0,451,466,8477,0,0,0,0,10
2020-11-07,US,Louisiana,Richland,947,20,0,32.41391005,-91.76634876,22083.0,4706.2916211112215,2.1119324181626187,927,947,20,0,927,936,20192,0,0,0,0,11
2020-11-07,US,Louisiana,Sabine,1053,16,0,31.56388699,-93.55433981,22085.0,4408.809244682633,1.5194681861348531,1037,1053,16,0,1037,1044,24032,0,0,0,0,9
2020-11-07,US,Louisiana,St. Bernard,1572,32,0,29.87761636,-89.51887093,22087.0,3327.4066548133087,2.0356234096692107,1540,1572,32,0,1540,1570,46721,0,0,0,0,2
2020-11-07,US,Louisiana,St. Charles,1993,64,0,29.90709658,-90.35555967,22089.0,3753.295668549905,3.2112393376818864,1929,1993,64,0,1929,1995,52879,0,0,0,0,-2
2020-11-07,US,Louisiana,St. Helena,446,4,0,30.82210324,-90.71013176,22091.0,4401.894986182392,0.8968609865470852,442,446,4,0,442,440,10262,0,0,0,0,6
2020-11-07,US,Louisiana,St. James,854,40,0,30.02531716,-90.80212061,22093.0,4048.1607887751234,4.68384074941452,814,854,40,0,814,852,21037,0,0,0,0,2
2020-11-07,US,Louisiana,St. John the Baptist,1695,108,0,30.12597499,-90.4753503,22095.0,3956.859724070313,6.371681415929205,1587,1695,108,0,1587,1690,43184,0,0,0,0,5
2020-11-07,US,Louisiana,St. Landry,3798,138,0,30.59724262,-92.00135806,22097.0,4624.713847352784,3.6334913112164298,3660,3798,138,0,3660,3785,82764,0,0,0,0,13
2020-11-07,US,Louisiana,St. Martin,2295,64,0,30.13112107,-91.61403569,22099.0,4295.2593063951645,2.7886710239651418,2231,2295,64,0,2231,2276,53621,0,0,0,0,19
2020-11-07,US,Louisiana,St. Mary,2054,87,0,29.69262097,-91.44702164,22101.0,4162.276080084299,4.235637779941578,1967,2054,87,0,1967,2046,49774,0,0,0,0,8
2020-11-07,US,Louisiana,St. Tammany,7940,274,0,30.40942847,-89.95642711,22103.0,3048.932681563173,3.45088161209068,7666,7940,274,0,7666,7889,258111,0,0,0,0,51
2020-11-07,US,Louisiana,Tangipahoa,5116,127,0,30.62888673,-90.40664996,22105.0,3796.435091052109,2.4824081313526194,4989,5116,127,0,4989,5108,133777,0,0,0,0,8
2020-11-07,US,Louisiana,Tensas,188,3,0,32.00760749,-91.32915234,22107.0,4337.794185509922,1.5957446808510638,185,188,3,0,185,188,4462,0,0,0,0,0
2020-11-07,US,Louisiana,Terrebonne,3922,126,0,29.37343766,-90.82626855,22109.0,3550.5744108780473,3.212646608873024,3796,3922,126,0,3796,3906,111021,0,0,0,0,16
2020-11-07,US,Louisiana,Unassigned,308,229,0,0.0,0.0,90022.0,0.0,74.35064935064935,79,308,229,0,79,311,,0,0,0,0,-3
2020-11-07,US,Louisiana,Union,1156,53,0,32.83121059,-92.3749373,22111.0,5228.876424823593,4.58477508650519,1103,1156,53,0,1103,1144,22330,0,0,0,0,12
2020-11-07,US,Louisiana,Vermilion,2162,70,0,29.83517605,-92.30292538,22113.0,3632.9418090773133,3.2377428307123037,2092,2162,70,0,2092,2155,59830,0,0,0,0,7
2020-11-07,US,Louisiana,Vernon,1145,56,0,31.10884837,-93.18153838,22115.0,2414.134812034831,4.890829694323143,1089,1145,56,0,1089,1141,48860,0,0,0,0,4
2020-11-07,US,Louisiana,Washington,1778,72,0,30.85288548,-90.03866652,22117.0,3848.984716629866,4.049493813273341,1706,1778,72,0,1706,1770,46582,0,0,0,0,8
2020-11-07,US,Louisiana,Webster,1546,42,0,32.70847669,-93.33121835,22119.0,4032.342201356286,2.7166882276843465,1504,1546,42,0,1504,1540,38798,0,0,0,0,6
2020-11-07,US,Louisiana,West Baton Rouge,1012,42,0,30.46058217,-91.30989571,22121.0,3823.918382769696,4.150197628458498,970,1012,42,0,970,985,26427,0,0,0,0,27
2020-11-07,US,Louisiana,West Carroll,391,14,0,32.78550125,-91.461201,22123.0,3610.341643582641,3.5805626598465468,377,391,14,0,377,389,10982,0,0,0,0,2
2020-11-07,US,Louisiana,West Feliciana,760,25,0,30.87882871,-91.41485379999999,22125.0,4881.808838643371,3.2894736842105265,735,760,25,0,735,762,15460,0,0,0,0,-2
2020-11-07,US,Louisiana,Winn,715,21,0,31.94449367,-92.63789413,22127.0,5142.405063291138,2.937062937062937,694,715,21,0,694,708,14134,0,0,0,0,7
2020-11-07,US,Maine,Androscoggin,951,11,0,44.1664747,-70.20380627,23001.0,878.3028713392501,1.1566771819137749,940,922,11,0,911,907,107679,29,0,0,29,15
2020-11-07,US,Maine,Aroostook,74,1,0,46.65926321,-68.59841248,23003.0,110.35716948773396,1.351351351351351,73,73,1,0,72,73,67111,1,0,0,1,0
2020-11-07,US,Maine,Cumberland,2919,70,0,43.8370751,-70.37226999,23005.0,989.4814629003772,2.3980815347721824,2849,2872,70,0,2802,2814,293557,47,0,0,47,58
2020-11-07,US,Maine,Franklin,124,2,0,44.97330019,-70.44381045,23007.0,410.6096228351932,1.6129032258064515,122,120,2,0,118,113,29897,4,0,0,4,7
2020-11-07,US,Maine,Hancock,94,1,0,44.59816444,-68.38401854,23009.0,170.94949715387273,1.0638297872340423,93,85,1,0,84,85,54811,9,0,0,9,0
2020-11-07,US,Maine,Kennebec,445,11,0,44.40759555,-69.76738544,23011.0,363.85341204559205,2.4719101123595504,434,436,11,0,425,422,122083,9,0,0,9,14
2020-11-07,US,Maine,Knox,134,1,0,44.11486325,-69.10529169,23013.0,336.92044654530827,0.746268656716418,133,125,1,0,124,117,39771,9,0,0,9,8
2020-11-07,US,Maine,Lincoln,77,1,0,44.05996956,-69.54227124,23015.0,222.3248830628862,1.2987012987012987,76,76,1,0,75,75,34342,1,0,0,1,1
2020-11-07,US,Maine,Oxford,191,2,0,44.49952995,-70.75682123,23017.0,329.4523501509272,1.0471204188481675,189,187,2,0,185,186,57618,4,0,0,4,1
2020-11-07,US,Maine,Penobscot,362,6,0,45.40194593,-68.65020455,23019.0,237.9262297236901,1.6574585635359116,356,355,6,0,349,339,151096,7,0,0,7,16
2020-11-07,US,Maine,Piscataquis,17,0,0,45.83839062,-69.2860223,23021.0,101.28090557044979,0.0,17,14,0,0,14,12,16800,3,0,0,3,2
2020-11-07,US,Maine,Sagadahoc,96,0,0,43.95415864,-69.85074999,23023.0,267.7376171352075,0.0,96,95,0,0,95,95,35634,1,0,0,1,0
2020-11-07,US,Maine,Somerset,268,9,0,45.51229767,-69.95995554,23025.0,530.8612629744076,3.3582089552238807,259,262,8,0,254,249,50592,6,1,0,5,13
2020-11-07,US,Maine,Unassigned,5,0,0,0.0,0.0,90023.0,0.0,0.0,5,9,0,0,9,1,,-4,0,0,-4,8
2020-11-07,US,Maine,Waldo,173,15,0,44.4858305,-69.12061935,23027.0,435.6036761928742,8.670520231213873,158,169,15,0,154,166,39694,4,0,0,4,3
2020-11-07,US,Maine,Washington,104,0,0,45.01607142,-67.62813524,23029.0,331.43184932598234,0.0,104,98,0,0,98,90,31490,6,0,0,6,8
2020-11-07,US,Maine,York,1566,21,0,43.47808377,-70.71052375,23031.0,754.1863119518787,1.3409961685823757,1545,1546,21,0,1525,1516,206229,20,0,0,20,30
2020-11-07,US,Maryland,Allegany,1023,26,0,39.62357628,-78.69280486,24001.0,1452.7948193592365,2.541544477028348,997,972,26,0,946,923,70975,51,0,0,51,49
2020-11-07,US,Maryland,Anne Arundel,12970,283,0,39.00670238,-76.60329337,24003.0,2239.164137464307,2.181958365458751,12687,12795,283,0,12512,12653,576031,175,0,0,175,142
2020-11-07,US,Maryland,Baltimore,22267,683,0,39.45784712,-76.62911955,24005.0,2691.298935180149,3.0673193515067134,21584,22046,681,0,21365,21795,828431,221,2,0,219,251
2020-11-07,US,Maryland,Baltimore City,19065,515,0,39.30211911,-76.61151012,24510.0,3212.354041348633,2.7012850773669026,18550,18824,511,0,18313,18610,621342,241,4,0,237,214
2020-11-07,US,Maryland,Calvert,1270,29,0,38.53961642,-76.56820632,24009.0,1372.6019994596056,2.2834645669291342,1241,1265,29,0,1236,1243,92003,5,0,0,5,22
2020-11-07,US,Maryland,Caroline,777,8,0,38.87172293,-75.82904158,24011.0,2325.929473747231,1.0296010296010296,769,774,8,0,766,772,33304,3,0,0,3,2
2020-11-07,US,Maryland,Carroll,2421,130,0,39.56453592,-77.02373735,24013.0,1437.2473240841332,5.3696819496076005,2291,2396,130,0,2266,2364,168429,25,0,0,25,32
2020-11-07,US,Maryland,Cecil,1459,36,0,39.56647682,-75.94627411,24015.0,1418.501774342521,2.4674434544208363,1423,1439,36,0,1403,1427,102826,20,0,0,20,12
2020-11-07,US,Maryland,Charles,3419,102,0,38.51092331,-76.98580666,24017.0,2094.2440446657724,2.983328458613629,3317,3377,102,0,3275,3324,161503,42,0,0,42,53
2020-11-07,US,Maryland,Dorchester,858,12,0,38.45413522,-76.02752426,24019.0,2687.2122521845345,1.3986013986013983,846,848,12,0,836,839,31998,10,0,0,10,9
2020-11-07,US,Maryland,Frederick,5116,140,0,39.47296601,-77.39999394,24021.0,1971.1266167592,2.7365129007036746,4976,5069,140,0,4929,5030,255648,47,0,0,47,39
2020-11-07,US,Maryland,Garrett,174,1,0,39.52786077,-79.27355126,24023.0,599.7104845936444,0.5747126436781609,173,172,1,0,171,168,29163,2,0,0,2,4
2020-11-07,US,Maryland,Harford,3999,83,0,39.55010644,-76.30775940000002,24025.0,1565.527851832713,2.07551887971993,3916,3948,82,0,3866,3873,253956,51,1,0,50,75
2020-11-07,US,Maryland,Howard,6261,128,0,39.25305293,-76.93126208,24027.0,1922.380177469373,2.044401852739179,6133,6195,129,0,6066,6132,323196,66,-1,0,67,63
2020-11-07,US,Maryland,Kent,355,26,0,39.24976208,-76.04741541,24029.0,1827.8241169807434,7.323943661971831,329,354,26,0,328,353,19383,1,0,0,1,1
2020-11-07,US,Maryland,Montgomery,27169,888,0,39.13676329,-77.20358245,24031.0,2585.829475543644,3.2684309323125618,26281,26996,886,0,26110,26777,1052567,173,2,0,171,219
2020-11-07,US,Maryland,Prince George's,34246,869,0,38.83070039,-76.8496441,24033.0,3766.0819485179695,2.5375226303801903,33377,34070,869,0,33201,33821,909308,176,0,0,176,249
2020-11-07,US,Maryland,Queen Anne's,835,26,0,39.06198912,-76.03530977,24035.0,1657.3708342430675,3.1137724550898205,809,826,26,0,800,822,50251,9,0,0,9,4
2020-11-07,US,Maryland,Somerset,489,7,0,38.1163542,-75.75118623,24039.0,1908.9631480324801,1.4314928425357871,482,484,6,0,478,476,25675,5,1,0,4,8
2020-11-07,US,Maryland,St. Mary's,1571,60,0,38.30058422,-76.60629279999998,24037.0,1384.0190291604267,3.819223424570337,1511,1558,60,0,1498,1529,112664,13,0,0,13,29
2020-11-07,US,Maryland,Talbot,670,6,0,38.76618159,-76.10882561,24041.0,1801.9956429359079,0.8955223880597015,664,668,6,0,662,668,36968,2,0,0,2,0
2020-11-07,US,Maryland,Unassigned,0,13,0,0.0,0.0,90024.0,0.0,0.0,-13,0,15,0,-15,0,,0,-2,0,2,0
2020-11-07,US,Maryland,Washington,2557,47,0,39.60835778,-77.82002295,24043.0,1692.8281551019868,1.8380915134923737,2510,2514,47,0,2467,2479,150926,43,0,0,43,35
2020-11-07,US,Maryland,Wicomico,2671,52,0,38.37301947,-75.62705831,24045.0,2577.9613740119103,1.9468363908648447,2619,2647,52,0,2595,2628,103195,24,0,0,24,19
2020-11-07,US,Maryland,Worcester,1273,31,0,38.21274277,-75.33200012,24047.0,2435.151886142781,2.4351924587588374,1242,1268,31,0,1237,1258,51823,5,0,0,5,10
2020-11-07,US,Massachusetts,Barnstable,2123,186,0,41.72980578,-70.28854339,25001.0,996.7604112869149,8.761186999528968,1937,2111,186,0,1925,2089,213413,12,0,0,12,22
2020-11-07,US,Massachusetts,Berkshire,838,52,0,42.37428441,-73.20524838,25003.0,670.7004738122679,6.205250596658711,786,829,52,0,777,818,126348,9,0,0,9,11
2020-11-07,US,Massachusetts,Bristol,13876,773,0,41.79228404,-71.10872211,25005.0,2454.986314990526,5.570769674257711,13103,13657,771,0,12886,13440,564022,219,2,0,217,217
2020-11-07,US,Massachusetts,Dukes and Nantucket,306,2,0,41.40674725,-70.68763497,0.0,1065.0516863318367,0.6535947712418301,304,289,2,0,287,283,26707,17,0,0,17,6
2020-11-07,US,Massachusetts,Essex,26137,1366,0,42.6687626,-70.94687179,25009.0,3312.531525891153,5.226307533381796,24771,25741,1364,0,24377,25365,790638,396,2,0,394,376
2020-11-07,US,Massachusetts,Franklin,504,74,0,42.58119713,-72.58602547,25011.0,718.1533200341977,14.682539682539682,430,500,74,0,426,495,70963,4,0,0,4,5
2020-11-07,US,Massachusetts,Hampden,11188,836,0,42.13440424,-72.63235561,25013.0,2398.943332790133,7.472291741151233,10352,11007,834,0,10173,10812,470406,181,2,0,179,195
2020-11-07,US,Massachusetts,Hampshire,1638,158,0,42.33997957,-72.65898478,25015.0,1018.4667039731394,9.645909645909644,1480,1604,158,0,1446,1580,161355,34,0,0,34,24
2020-11-07,US,Massachusetts,Middlesex,34586,2314,0,42.48607732,-71.39049229,25017.0,2145.934197390456,6.69056843809634,32272,34142,2310,0,31832,33774,1614714,444,4,0,440,368
2020-11-07,US,Massachusetts,Norfolk,12697,1125,0,42.16073095,-71.20530408,25021.0,1796.469880796576,8.860360715129557,11572,12538,1121,0,11417,12394,705388,159,4,0,155,144
2020-11-07,US,Massachusetts,Plymouth,12131,850,0,41.94070556,-70.80802823,25023.0,2327.504499215275,7.006841975105102,11281,12022,848,0,11174,11929,518132,109,2,0,107,93
2020-11-07,US,Massachusetts,Suffolk,30359,1193,0,42.327951399999996,-71.07850442,25025.0,3776.4318509479326,3.92964195131592,29166,30062,1191,0,28871,29726,807252,297,2,0,295,336
2020-11-07,US,Massachusetts,Unassigned,5022,6,0,0.0,0.0,90025.0,0.0,0.11947431302270012,5016,4899,6,0,4893,4804,,123,0,0,123,95
2020-11-07,US,Massachusetts,Worcester,18171,1194,0,42.35026951,-71.90493363,25027.0,2187.637698014259,6.570909691266303,16977,17873,1189,0,16684,17652,830839,298,5,0,293,221
2020-11-07,US,Michigan,Alcona,61,3,0,44.6846864,-83.59507875,26001.0,586.2566074002882,4.918032786885246,58,59,3,0,56,58,10362,2,0,0,2,1
2020-11-07,US,Michigan,Alger,140,1,0,46.41292944,-86.60260122,26003.0,1537.1102327624067,0.7142857142857143,139,135,1,0,134,133,9097,5,0,0,5,2
2020-11-07,US,Michigan,Allegan,1941,8,0,42.59147037,-85.89102866,26005.0,1643.7868920486785,0.4121586810922205,1933,1857,8,0,1849,1800,117327,84,0,0,84,57
2020-11-07,US,Michigan,Alpena,211,14,0,45.03477666,-83.62212411,26007.0,742.8269670832599,6.6350710900473935,197,207,14,0,193,196,28360,4,0,0,4,11
2020-11-07,US,Michigan,Antrim,189,0,0,44.99690221,-85.15503082,26009.0,810.3241296518609,0.0,189,181,0,0,181,172,23365,8,0,0,8,9
2020-11-07,US,Michigan,Arenac,141,5,0,44.0636262,-83.89277559,26011.0,947.3896391856481,3.5460992907801416,136,134,5,0,129,128,15041,7,0,0,7,6
2020-11-07,US,Michigan,Baraga,190,4,0,46.6720582,-88.36363591,26013.0,2314.532829820929,2.1052631578947367,186,173,4,0,169,168,8320,17,0,0,17,5
2020-11-07,US,Michigan,Barry,1039,9,0,42.59513984,-85.30834519,26015.0,1688.0584890333066,0.8662175168431184,1030,981,8,0,973,957,61157,58,1,0,57,24
2020-11-07,US,Michigan,Bay,2084,68,0,43.70639106,-83.98731479,26017.0,2020.828888931986,3.2629558541266794,2016,1938,68,0,1870,1892,103923,146,0,0,146,46
2020-11-07,US,Michigan,Benzie,176,2,0,44.63899297,-86.01608482,26019.0,990.656309805246,1.1363636363636365,174,172,2,0,170,165,17753,4,0,0,4,7
2020-11-07,US,Michigan,Berrien,3541,93,0,41.95447397,-86.41313079999998,26021.0,2308.329150396673,2.6263767297373617,3448,3411,91,0,3320,3332,154141,130,2,0,128,79
2020-11-07,US,Michigan,Branch,1203,15,0,41.91600556,-85.05929476,26023.0,2764.43688673392,1.2468827930174564,1188,1164,14,0,1150,1121,43622,39,1,0,38,43
2020-11-07,US,Michigan,Calhoun,4012,81,0,42.24633834,-85.00493569,26025.0,2990.481443660134,2.0189431704885346,3931,3860,78,0,3782,3731,134487,152,3,0,149,129
2020-11-07,US,Michigan,Cass,1312,25,0,41.91522292,-85.99405727,26027.0,2533.454341823237,1.9054878048780488,1287,1274,25,0,1249,1237,51653,38,0,0,38,37
2020-11-07,US,Michigan,Charlevoix,285,4,0,45.37790017,-85.19614053,26029.0,1090.1579772788127,1.4035087719298245,281,275,4,0,271,265,26244,10,0,0,10,10
2020-11-07,US,Michigan,Cheboygan,240,5,0,45.44787015,-84.50122149,26031.0,949.5173286912486,2.083333333333333,235,229,5,0,224,217,25413,11,0,0,11,12
2020-11-07,US,Michigan,Chippewa,310,0,0,46.29552653,-84.54353449,26033.0,830.0088355779271,0.0,310,281,0,0,281,259,37517,29,0,0,29,22
2020-11-07,US,Michigan,Clare,403,17,0,43.98794227,-84.84819859999998,26035.0,1302.1001615508885,4.218362282878412,386,389,17,0,372,383,30757,14,0,0,14,6
2020-11-07,US,Michigan,Clinton,1577,17,0,42.94400871,-84.60145248,26037.0,1981.2802311702999,1.077996195307546,1560,1536,17,0,1519,1499,79332,41,0,0,41,37
2020-11-07,US,Michigan,Crawford,179,5,0,44.68255561,-84.61006219,26039.0,1275.928433958229,2.793296089385475,174,175,5,0,170,172,13901,4,0,0,4,3
2020-11-07,US,Michigan,Delta,1672,45,0,45.90484910000001,-86.9080745,26041.0,4672.479320366644,2.691387559808613,1627,1644,43,0,1601,1608,35857,28,2,0,26,36
2020-11-07,US,Michigan,Dickinson,939,26,0,46.00999672,-87.86961634,26043.0,3720.4326637346962,2.768903088391906,913,920,24,0,896,886,25383,19,2,0,17,34
2020-11-07,US,Michigan,Eaton,1624,13,0,42.59599185,-84.83740035,26045.0,1472.7754198860955,0.8004926108374384,1611,1556,14,0,1542,1486,109826,68,-1,0,69,70
2020-11-07,US,Michigan,Emmet,489,13,0,45.52625509,-84.89083249,26047.0,1463.4146341463415,2.6584867075664618,476,466,10,0,456,455,33308,23,3,0,20,11
2020-11-07,US,Michigan,Federal Correctional Institution (FCI),197,5,0,0.0,0.0,0.0,0.0,2.538071065989848,192,197,5,0,192,197,,0,0,0,0,0
2020-11-07,US,Michigan,Genesee,8508,357,0,43.02244215,-83.70589709,26049.0,2096.5321465798293,4.19605077574048,8151,8238,352,0,7886,8103,406892,270,5,0,265,135
2020-11-07,US,Michigan,Gladwin,306,3,0,43.98901072,-84.38774817,26051.0,1202.4048096192384,0.9803921568627452,303,292,3,0,289,281,25337,14,0,0,14,11
2020-11-07,US,Michigan,Gogebic,543,16,0,46.40862701,-89.69377193,26053.0,3885.509838998211,2.9465930018416207,527,528,16,0,512,506,15096,15,0,0,15,22
2020-11-07,US,Michigan,Grand Traverse,1081,14,0,44.69565625,-85.55585247,26055.0,1161.2667583361979,1.2950971322849214,1067,971,14,0,957,968,92573,110,0,0,110,3
2020-11-07,US,Michigan,Gratiot,850,18,0,43.29265605,-84.60505416,26057.0,2087.8877944535875,2.117647058823529,832,744,17,0,727,723,40599,106,1,0,105,21
2020-11-07,US,Michigan,Hillsdale,712,29,0,41.88753639,-84.59312019,26059.0,1561.2323210174322,4.073033707865169,683,685,29,0,656,662,45749,27,0,0,27,23
2020-11-07,US,Michigan,Houghton,1113,9,0,46.89988536,-88.68495385,26061.0,3119.0449501177004,0.8086253369272237,1104,1073,9,0,1064,1064,36219,40,0,0,40,9
2020-11-07,US,Michigan,Huron,370,8,0,43.83353985,-83.04078453,26063.0,1194.280365385236,2.1621621621621623,362,357,8,0,349,342,31166,13,0,0,13,15
2020-11-07,US,Michigan,Ingham,5499,73,0,42.59716886,-84.37472069,26065.0,1880.6043651635046,1.3275140934715404,5426,5400,70,0,5330,5305,292735,99,3,0,96,95
2020-11-07,US,Michigan,Ionia,1066,8,0,42.94502238,-85.07413319,26067.0,1647.6807270816266,0.7504690431519699,1058,1014,8,0,1006,996,64210,52,0,0,52,18
2020-11-07,US,Michigan,Iosco,377,17,0,44.35486835,-83.63484895,26069.0,1500.3780793568674,4.509283819628648,360,363,17,0,346,360,25081,14,0,0,14,3
2020-11-07,US,Michigan,Iron,547,28,0,46.20974132,-88.53136251,26071.0,4943.068859569854,5.1188299817184655,519,534,28,0,506,524,11117,13,0,0,13,10
2020-11-07,US,Michigan,Isabella,1365,15,0,43.64060976,-84.84664923,26073.0,1953.572246393405,1.0989010989010992,1350,1320,15,0,1305,1289,70562,45,0,0,45,31
2020-11-07,US,Michigan,Jackson,2493,78,0,42.24807035,-84.42258681,26075.0,1572.7714339789288,3.128760529482552,2415,2375,75,0,2300,2302,158823,118,3,0,115,73
2020-11-07,US,Michigan,Kalamazoo,6126,129,0,42.24542231,-85.53038622,26077.0,2311.122512883584,2.1057786483839367,5997,5938,126,0,5812,5787,264870,188,3,0,185,151
2020-11-07,US,Michigan,Kalkaska,183,4,0,44.68512729,-85.09085699,26079.0,1014.5248918948886,2.1857923497267757,179,175,4,0,171,173,17824,8,0,0,8,2
2020-11-07,US,Michigan,Kent,18987,209,0,43.03197711,-85.54934642,26081.0,2890.152293536087,1.1007531468899774,18778,18540,207,0,18333,18152,653786,447,2,0,445,388
2020-11-07,US,Michigan,Keweenaw,26,1,0,47.63197653,-88.41434263,26083.0,1228.733459357278,3.8461538461538463,25,25,1,0,24,24,2113,1,0,0,1,1
2020-11-07,US,Michigan,Lake,92,1,0,43.99050893,-85.802173,26085.0,776.1748080654687,1.0869565217391304,91,91,1,0,90,90,11881,1,0,0,1,1
2020-11-07,US,Michigan,Lapeer,1188,39,0,43.09052506,-83.22153148,26087.0,1356.0560229205428,3.2828282828282833,1149,1132,39,0,1093,1097,88028,56,0,0,56,35
2020-11-07,US,Michigan,Leelanau,196,2,0,44.94430054,-85.80150326,26089.0,900.6939019346538,1.020408163265306,194,190,2,0,188,182,21764,6,0,0,6,8
2020-11-07,US,Michigan,Lenawee,1404,21,0,41.89475156,-84.06603727,26091.0,1426.0901362098914,1.4957264957264955,1383,1367,21,0,1346,1325,98266,37,0,0,37,42
2020-11-07,US,Michigan,Livingston,2851,35,0,42.60302282,-83.91297209,26093.0,1484.9345035026956,1.227639424763241,2816,2740,36,0,2704,2664,191224,111,-1,0,112,76
2020-11-07,US,Michigan,Luce,109,1,0,46.47227431,-85.54471223,26095.0,1749.8795954406808,0.9174311926605504,108,103,1,0,102,122,6283,6,0,0,6,-19
2020-11-07,US,Michigan,Mackinac,187,0,0,46.07028979,-85.04980537,26097.0,1731.6418186869155,0.0,187,186,0,0,186,183,10787,1,0,0,1,3
2020-11-07,US,Michigan,Macomb,22667,1120,0,42.69158356,-82.92752801,26099.0,2593.5613497915265,4.941103807296951,21547,22085,1110,0,20975,21713,874759,582,10,0,572,372
2020-11-07,US,Michigan,Manistee,187,5,0,44.33352407,-86.05626916,26101.0,761.4626598257187,2.6737967914438503,182,186,5,0,181,184,24528,1,0,0,1,2
2020-11-07,US,Michigan,Marquette,1582,19,0,46.4338914,-87.64043701,26103.0,2371.8496529183344,1.2010113780025284,1563,1518,19,0,1499,1444,66516,64,0,0,64,74
2020-11-07,US,Michigan,Mason,344,5,0,43.99509218,-86.24988902,26105.0,1180.3458687894592,1.4534883720930232,339,336,5,0,331,332,29100,8,0,0,8,4
2020-11-07,US,Michigan,Mecosta,750,4,0,43.64064262,-85.32463223,26107.0,1726.0028076312335,0.5333333333333333,746,732,4,0,728,725,43545,18,0,0,18,7
2020-11-07,US,Michigan,Menominee,905,7,0,45.58038692,-87.55370409,26109.0,3972.783143107989,0.7734806629834254,898,896,7,0,889,875,22983,9,0,0,9,21
2020-11-07,US,Michigan,Michigan Department of Corrections (MDOC),7647,75,0,0.0,0.0,0.0,0.0,0.9807767752059632,7572,7509,75,0,7434,7457,,138,0,0,138,52
2020-11-07,US,Michigan,Midland,1526,14,0,43.64330771,-84.38804374,26111.0,1835.1051036605893,0.9174311926605504,1512,1471,14,0,1457,1380,83209,55,0,0,55,91
2020-11-07,US,Michigan,Missaukee,139,1,0,44.33772443,-85.09256478,26113.0,919.4337875380344,0.7194244604316546,138,138,1,0,137,131,15113,1,0,0,1,7
2020-11-07,US,Michigan,Monroe,2687,45,0,41.92734151,-83.53749864,26115.0,1785.3820598006644,1.6747301823595089,2642,2555,44,0,2511,2492,150439,132,1,0,131,63
2020-11-07,US,Michigan,Montcalm,976,15,0,43.31082541,-85.15252824,26117.0,1527.673428499875,1.536885245901639,961,936,14,0,922,918,63968,40,1,0,39,18
2020-11-07,US,Michigan,Montmorency,50,0,0,45.0275929,-84.12696227,26119.0,536.0205831903945,0.0,50,48,0,0,48,44,9265,2,0,0,2,4
2020-11-07,US,Michigan,Muskegon,3675,91,0,43.29123859,-86.15176712,26121.0,2117.3501722687624,2.4761904761904763,3584,3296,86,0,3210,3159,173588,379,5,0,374,137
2020-11-07,US,Michigan,Newaygo,876,6,0,43.554373999999996,-85.80070107,26123.0,1788.485095957534,0.6849315068493149,870,847,4,0,843,827,48892,29,2,0,27,20
2020-11-07,US,Michigan,Oakland,29849,1255,0,42.66090111,-83.38595416,26125.0,2373.5193831982597,4.204495963013836,28594,29154,1249,0,27905,28831,1259201,695,6,0,689,323
2020-11-07,US,Michigan,Oceana,779,6,0,43.64124435,-86.26726673,26127.0,2943.287867910984,0.7702182284980744,773,766,6,0,760,742,26625,13,0,0,13,24
2020-11-07,US,Michigan,Ogemaw,194,6,0,44.33481032,-84.12725175,26129.0,923.9415154545887,3.0927835051546397,188,184,6,0,178,167,20952,10,0,0,10,17
2020-11-07,US,Michigan,Ontonagon,198,1,0,46.665226200000006,-89.31390481,26131.0,3461.5384615384614,0.5050505050505051,197,187,1,0,186,183,5795,11,0,0,11,4
2020-11-07,US,Michigan,Osceola,260,1,0,43.98992088,-85.32566756,26133.0,1108.2693947144076,0.38461538461538464,259,254,1,0,253,244,23341,6,0,0,6,10
2020-11-07,US,Michigan,Oscoda,75,2,0,44.68192279,-84.12939244,26135.0,910.0837277029486,2.6666666666666665,73,71,2,0,69,67,8276,4,0,0,4,4
2020-11-07,US,Michigan,Otsego,367,12,0,45.02085831,-84.59898295,26137.0,1487.757418517918,3.2697547683923704,355,349,12,0,337,338,24665,18,0,0,18,11
2020-11-07,US,Michigan,Ottawa,7233,87,0,42.95996803,-85.9969107,26139.0,2478.4977555426103,1.2028204064703445,7146,6979,84,0,6895,6730,290494,254,3,0,251,249
2020-11-07,US,Michigan,Out of MI,417,4,0,0.0,0.0,80026.0,0.0,0.9592326139088728,413,385,4,0,381,416,,32,0,0,32,-31
2020-11-07,US,Michigan,Presque Isle,99,1,0,45.34018577,-83.91498656,26141.0,786.2134688691232,1.0101010101010102,98,98,1,0,97,96,12738,1,0,0,1,2
2020-11-07,US,Michigan,Roscommon,268,6,0,44.33473082,-84.61067651,26143.0,1115.7833381905991,2.238805970149253,262,262,6,0,256,251,23884,6,0,0,6,11
2020-11-07,US,Michigan,Saginaw,5022,159,0,43.33433923,-84.05131209999998,26145.0,2635.680884228426,3.166069295101553,4863,4849,159,0,4690,4747,190800,173,0,0,173,102
2020-11-07,US,Michigan,Sanilac,321,8,0,43.42406072,-82.82055898,26151.0,779.6939519067282,2.4922118380062304,313,308,7,0,301,291,41182,13,1,0,12,17
2020-11-07,US,Michigan,Schoolcraft,128,1,0,46.19235734,-86.19972234,26153.0,1581.4183345688166,0.78125,127,126,1,0,125,120,8068,2,0,0,2,6
2020-11-07,US,Michigan,Shiawassee,980,35,0,42.95392800000001,-84.14585902,26155.0,1438.5954610845251,3.571428571428572,945,925,35,0,890,905,68192,55,0,0,55,20
2020-11-07,US,Michigan,St. Clair,2121,68,0,42.92655373,-82.67937954,26147.0,1332.889246392841,3.2060348892032065,2053,2046,68,0,1978,2006,159337,75,0,0,75,40
2020-11-07,US,Michigan,St. Joseph,1651,25,0,41.91441767,-85.52797979,26149.0,2708.1556328324914,1.5142337976983646,1626,1612,25,0,1587,1552,61043,39,0,0,39,60
2020-11-07,US,Michigan,Tuscola,900,37,0,43.46606813,-83.41897025,26157.0,1722.652885443583,4.111111111111111,863,866,37,0,829,842,52516,34,0,0,34,24
2020-11-07,US,Michigan,Unassigned,24,0,0,0.0,0.0,90026.0,0.0,0.0,24,14,0,0,14,18,,10,0,0,10,-4
2020-11-07,US,Michigan,Van Buren,1495,21,0,42.25190229,-86.01939087,26159.0,1975.5011430157115,1.4046822742474916,1474,1446,21,0,1425,1415,75448,49,0,0,49,31
2020-11-07,US,Michigan,Washtenaw,6510,120,0,42.253105,-83.83853204,26161.0,1770.941863596671,1.8433179723502304,6390,6345,119,0,6226,6227,370963,165,1,0,164,118
2020-11-07,US,Michigan,Wayne,45576,3084,0,42.28098405,-83.281255,26163.0,2605.320969072389,6.7667193259610325,42492,44888,3078,0,41810,44421,1753893,688,6,0,682,467
2020-11-07,US,Michigan,Wexford,261,6,0,44.33853602,-85.57712739,26165.0,776.0696976004283,2.2988505747126435,255,247,6,0,241,232,33466,14,0,0,14,15
2020-11-07,US,Minnesota,Aitkin,323,5,0,46.60962049,-93.41168259999999,27001.0,2033.2368122875491,1.547987616099071,318,289,5,0,284,274,15902,34,0,0,34,15
2020-11-07,US,Minnesota,Anoka,11961,174,0,45.27476015,-93.24604565,27003.0,3351.161741673928,1.45472786556308,11787,11561,169,0,11392,11103,353813,400,5,0,395,458
2020-11-07,US,Minnesota,Becker,894,4,0,46.93479392,-95.67158144,27005.0,2597.100775644192,0.44742729306487694,890,860,4,0,856,814,34371,34,0,0,34,46
2020-11-07,US,Minnesota,Beltrami,1207,13,0,47.97373527,-94.93732139,27007.0,2557.853691616513,1.077050538525269,1194,1154,13,0,1141,1116,46847,53,0,0,53,38
2020-11-07,US,Minnesota,Benton,1473,19,0,45.69804958,-93.99514135,27009.0,3602.435862946025,1.2898845892735913,1454,1416,17,0,1399,1327,40545,57,2,0,55,89
2020-11-07,US,Minnesota,Big Stone,209,1,0,45.42712824,-96.41403739,27011.0,4187.537567621719,0.4784688995215311,208,200,1,0,199,195,4989,9,0,0,9,5
2020-11-07,US,Minnesota,Blue Earth,2484,7,0,44.03554215,-94.06699781,27013.0,3671.677530929892,0.2818035426731079,2477,2392,7,0,2385,2335,67427,92,0,0,92,57
2020-11-07,US,Minnesota,Brown,535,4,0,44.24205652,-94.72562874,27015.0,2139.315419065899,0.7476635514018691,531,500,4,0,496,462,25111,35,0,0,35,38
2020-11-07,US,Minnesota,Carlton,767,5,0,46.59180601,-92.67601019,27017.0,2138.217501602966,0.651890482398957,762,740,5,0,735,699,35837,27,0,0,27,41
2020-11-07,US,Minnesota,Carver,2248,9,0,44.82017001,-93.80099179999999,27019.0,2139.1392058160227,0.40035587188612104,2239,2174,9,0,2165,2130,103551,74,0,0,74,44
2020-11-07,US,Minnesota,Cass,643,5,0,46.95043611,-94.32603968,27021.0,2159.2397326975383,0.7776049766718507,638,615,5,0,610,576,29519,28,0,0,28,39
2020-11-07,US,Minnesota,Chippewa,553,3,0,45.02343421,-95.56403693,27023.0,4686.440677966101,0.5424954792043399,550,534,3,0,531,515,11924,19,0,0,19,19
2020-11-07,US,Minnesota,Chisago,1622,2,0,45.5021011,-92.90861945,27025.0,2866.7880308948547,0.12330456226880394,1620,1561,2,0,1559,1505,55922,61,0,0,61,56
2020-11-07,US,Minnesota,Clay,3087,46,0,46.89289518,-96.48761922,27027.0,4806.764037245804,1.4901198574667962,3041,3014,46,0,2968,2934,63955,73,0,0,73,80
2020-11-07,US,Minnesota,Clearwater,208,2,0,47.57992111,-95.37790562,27029.0,2358.811521887049,0.9615384615384616,206,196,1,0,195,187,8810,12,1,0,11,9
2020-11-07,US,Minnesota,Cook,33,0,0,47.90504893,-90.52629546,27031.0,604.0637012630423,0.0,33,32,0,0,32,32,5393,1,0,0,1,0
2020-11-07,US,Minnesota,Cottonwood,365,0,0,44.00715262,-95.18138802,27033.0,3260.0928903179706,0.0,365,344,0,0,344,340,11277,21,0,0,21,4
2020-11-07,US,Minnesota,Crow Wing,1706,22,0,46.48096553,-94.06755609,27035.0,2622.396433786796,1.2895662368112544,1684,1629,22,0,1607,1503,64889,77,0,0,77,126
2020-11-07,US,Minnesota,Dakota,12213,146,0,44.67172617,-93.06299363,27037.0,2846.713797226709,1.1954474740031114,12067,11938,144,0,11794,11664,425423,275,2,0,273,274
2020-11-07,US,Minnesota,Dodge,496,0,0,44.02238415,-92.86244324,27039.0,2369.35129454476,0.0,496,484,0,0,484,473,20822,12,0,0,12,11
2020-11-07,US,Minnesota,Douglas,1069,10,0,45.93348491,-95.45335469,27041.0,2802.758186728193,0.9354536950420954,1059,1021,9,0,1012,993,37964,48,1,0,47,28
2020-11-07,US,Minnesota,Faribault,307,0,0,43.67381499,-93.94787458,27043.0,2248.5900534681023,0.0,307,295,0,0,295,285,13758,12,0,0,12,10
2020-11-07,US,Minnesota,Fillmore,349,0,0,43.67394126,-92.08980382,27045.0,1656.6193572886505,0.0,349,331,0,0,331,325,21058,18,0,0,18,6
2020-11-07,US,Minnesota,Freeborn,888,5,0,43.67385583,-93.34884422,27047.0,2932.5319507281793,0.5630630630630631,883,840,5,0,835,811,30444,48,0,0,48,29
2020-11-07,US,Minnesota,Goodhue,964,17,0,44.40849741,-92.72341949999999,27049.0,2080.276219249029,1.7634854771784232,947,931,17,0,914,888,46403,33,0,0,33,43
2020-11-07,US,Minnesota,Grant,132,5,0,45.93424769,-96.01139609,27051.0,2210.3148024112525,3.787878787878788,127,131,5,0,126,126,6021,1,0,0,1,5
2020-11-07,US,Minnesota,Hennepin,41436,1020,0,45.00761521,-93.47694895,27053.0,3273.3917239341686,2.4616275702287864,40416,40559,1016,0,39543,39724,1259428,877,4,0,873,835
2020-11-07,US,Minnesota,Houston,336,2,0,43.67129565,-91.49143057,27055.0,1806.4516129032252,0.5952380952380952,334,318,2,0,316,303,18578,18,0,0,18,15
2020-11-07,US,Minnesota,Hubbard,596,8,0,47.10778564,-94.91693868,27057.0,2773.253920245684,1.342281879194631,588,581,8,0,573,561,21332,15,0,0,15,20
2020-11-07,US,Minnesota,Isanti,843,8,0,45.56181234,-93.29487636,27059.0,2076.559266922849,0.9489916963226572,835,799,8,0,791,750,39966,44,0,0,44,49
2020-11-07,US,Minnesota,Itasca,1026,17,0,47.51009045,-93.63092229,27061.0,2273.432306669621,1.6569200779727096,1009,992,17,0,975,953,45108,34,0,0,34,39
2020-11-07,US,Minnesota,Jackson,266,1,0,43.67423373,-95.15398258,27063.0,2701.604712573634,0.3759398496240601,265,263,1,0,262,261,9911,3,0,0,3,2
2020-11-07,US,Minnesota,Kanabec,291,10,0,45.9459309,-93.29275192,27065.0,1781.232784476954,3.436426116838488,281,279,10,0,269,267,16207,12,0,0,12,12
2020-11-07,US,Minnesota,Kandiyohi,2180,6,0,45.1526059,-95.00586446,27067.0,5046.413111414616,0.27522935779816515,2174,2131,5,0,2126,2038,42855,49,1,0,48,93
2020-11-07,US,Minnesota,Kittson,100,1,0,48.77754106,-96.78317184,27069.0,2326.663564448581,1.0,99,94,1,0,93,91,4248,6,0,0,6,3
2020-11-07,US,Minnesota,Koochiching,200,5,0,48.24539665,-93.78352843,27071.0,1635.4567012838336,2.5,195,196,5,0,191,197,12440,4,0,0,4,-1
2020-11-07,US,Minnesota,Lac qui Parle,171,3,0,44.9973857,-96.17488219,27073.0,2581.911520459006,1.7543859649122806,168,170,3,0,167,168,6658,1,0,0,1,2
2020-11-07,US,Minnesota,Lake,170,0,0,47.64270764,-91.44557998,27075.0,1597.5942110703882,0.0,170,168,0,0,168,158,10658,2,0,0,2,10
2020-11-07,US,Minnesota,Lake of the Woods,61,1,0,48.77217001,-94.90274472,27077.0,1631.0160427807486,1.639344262295082,60,58,1,0,57,57,3758,3,0,0,3,1
2020-11-07,US,Minnesota,Le Sueur,810,6,0,44.37136597,-93.72844721,27079.0,2804.0294942361616,0.7407407407407407,804,776,6,0,770,754,28494,34,0,0,34,22
2020-11-07,US,Minnesota,Lincoln,226,1,0,44.41311883,-96.26688165,27081.0,4007.802801915233,0.4424778761061947,225,222,1,0,221,219,5673,4,0,0,4,3
2020-11-07,US,Minnesota,Lyon,1214,6,0,44.41327865,-95.83806103,27083.0,4765.643401114862,0.4942339373970346,1208,1176,6,0,1170,1143,25629,38,0,0,38,33
2020-11-07,US,Minnesota,Mahnomen,150,3,0,47.32557075,-95.80921485,27087.0,2713.949701465533,2.0,147,149,3,0,146,146,5519,1,0,0,1,3
2020-11-07,US,Minnesota,Marshall,244,3,0,48.35825983,-96.37017407,27089.0,2613.538988860326,1.2295081967213115,241,233,3,0,230,224,9390,11,0,0,11,9
2020-11-07,US,Minnesota,Martin,701,18,0,43.67429718,-94.55099908,27091.0,3561.4489661128887,2.5677603423680457,683,688,18,0,670,673,19785,13,0,0,13,15
2020-11-07,US,Minnesota,McLeod,807,4,0,44.82367677,-94.27287017,27085.0,2248.3492603014515,0.4956629491945477,803,756,4,0,752,723,35873,51,0,0,51,33
2020-11-07,US,Minnesota,Meeker,494,4,0,45.12328869,-94.52839455,27093.0,2127.293084144346,0.8097165991902834,490,466,4,0,462,423,23141,28,0,0,28,43
2020-11-07,US,Minnesota,Mille Lacs,704,21,0,45.93705297,-93.63236823,27095.0,2679.1490657228755,2.9829545454545454,683,664,21,0,643,606,26139,40,0,0,40,58
2020-11-07,US,Minnesota,Morrison,1101,11,0,46.01265363,-94.27341528,27097.0,3297.789492601689,0.9990917347865576,1090,1074,10,0,1064,1035,33169,27,1,0,26,39
2020-11-07,US,Minnesota,Mower,1677,21,0,43.67142874,-92.75234549,27099.0,4186.0116818930655,1.2522361359570662,1656,1647,21,0,1626,1621,40011,30,0,0,30,26
2020-11-07,US,Minnesota,Murray,344,3,0,44.02216709,-95.76328482,27101.0,4198.1938003417135,0.8720930232558141,341,338,3,0,335,331,8276,6,0,0,6,7
2020-11-07,US,Minnesota,Nicollet,920,20,0,44.35291112,-94.24710352,27103.0,2684.250452237848,2.1739130434782608,900,886,20,0,866,863,34220,34,0,0,34,23
2020-11-07,US,Minnesota,Nobles,2556,22,0,43.67434621,-95.75329576,27105.0,11817.467289287531,0.8607198748043818,2534,2537,22,0,2515,2527,21924,19,0,0,19,10
2020-11-07,US,Minnesota,Norman,198,4,0,47.32628443,-96.45620947,27107.0,3105.8823529411766,2.0202020202020203,194,192,4,0,188,176,6475,6,0,0,6,16
2020-11-07,US,Minnesota,Olmsted,4147,30,0,44.00374114,-92.40209944,27109.0,2619.825260750633,0.7234145165179648,4117,4045,30,0,4015,3930,156277,102,0,0,102,115
2020-11-07,US,Minnesota,Otter Tail,1234,8,0,46.40846929,-95.70835255,27111.0,2100.5685493480405,0.6482982171799028,1226,1202,8,0,1194,1165,58812,32,0,0,32,37
2020-11-07,US,Minnesota,Pennington,269,2,0,48.06642577,-96.0370814,27113.0,1905.2340817338336,0.7434944237918215,267,261,2,0,259,254,14178,8,0,0,8,7
2020-11-07,US,Minnesota,Pine,731,2,0,46.12105238,-92.74070188,27115.0,2471.3479157510396,0.27359781121751026,729,711,2,0,709,688,29483,20,0,0,20,23
2020-11-07,US,Minnesota,Pipestone,426,17,0,44.02301619,-96.25841142,27117.0,4667.981591058514,3.9906103286384975,409,420,17,0,403,411,9047,6,0,0,6,9
2020-11-07,US,Minnesota,Polk,1240,9,0,47.77372465,-96.40134647,27119.0,3953.5773498278277,0.7258064516129032,1231,1200,9,0,1191,1167,31529,40,0,0,40,33
2020-11-07,US,Minnesota,Pope,230,1,0,45.58606667,-95.44451209,27121.0,2044.6261889945768,0.43478260869565216,229,222,0,0,222,195,11097,8,1,0,7,27
2020-11-07,US,Minnesota,Ramsey,17297,399,0,45.01625271,-93.09872295,27123.0,3143.074678233249,2.3067583974099555,16898,16971,392,0,16579,16524,550210,326,7,0,319,447
2020-11-07,US,Minnesota,Red Lake,108,2,0,47.87197525,-96.09561104,27125.0,2663.378545006165,1.851851851851852,106,104,2,0,102,105,3999,4,0,0,4,-1
2020-11-07,US,Minnesota,Redwood,387,12,0,44.40555844,-95.25207021,27127.0,2551.087673038893,3.1007751937984502,375,373,12,0,361,359,15249,14,0,0,14,14
2020-11-07,US,Minnesota,Renville,363,14,0,44.72836381,-94.94553734,27129.0,2495.188342040143,3.8567493112947657,349,346,13,0,333,328,14612,17,1,0,16,18
2020-11-07,US,Minnesota,Rice,2074,14,0,44.3543376,-93.29658715,27131.0,3096.81658006331,0.6750241080038573,2060,1990,13,0,1977,1919,66523,84,1,0,83,71
2020-11-07,US,Minnesota,Rock,425,9,0,43.67482683,-96.25296832,27133.0,4562.533548040796,2.117647058823529,416,421,9,0,412,411,9414,4,0,0,4,10
2020-11-07,US,Minnesota,Roseau,534,1,0,48.77501878,-95.81079919,27135.0,3521.266073194857,0.18726591760299627,533,501,1,0,500,470,15150,33,0,0,33,31
2020-11-07,US,Minnesota,Scott,4481,40,0,44.6490231,-93.53340251,27139.0,3007.1201841450074,0.8926578888640928,4441,4340,39,0,4301,4201,147381,141,1,0,140,139
2020-11-07,US,Minnesota,Sherburne,2626,26,0,45.44447208,-93.77617511,27141.0,2700.590304202061,0.99009900990099,2600,2504,26,0,2478,2320,96036,122,0,0,122,184
2020-11-07,US,Minnesota,Sibley,339,3,0,44.5796592,-94.23164924,27143.0,2280.5247225025228,0.8849557522123894,336,316,3,0,313,308,15028,23,0,0,23,8
2020-11-07,US,Minnesota,St. Louis,4120,77,0,47.604840700000004,-92.46879855,27137.0,2069.623750439544,1.8689320388349515,4043,4022,77,0,3945,3835,199754,98,0,0,98,187
2020-11-07,US,Minnesota,Stearns,7839,59,0,45.55192576,-94.61078221,27145.0,4866.677013813442,0.7526470213037377,7780,7654,58,0,7596,7315,159256,185,1,0,184,339
2020-11-07,US,Minnesota,Steele,1004,4,0,44.02240351,-93.22627088,27147.0,2739.50175993888,0.398406374501992,1000,955,4,0,951,917,36803,49,0,0,49,38
2020-11-07,US,Minnesota,Stevens,231,1,0,45.58613007,-96.00163705,27149.0,2355.9408465068836,0.4329004329004329,230,226,1,0,225,217,9753,5,0,0,5,9
2020-11-07,US,Minnesota,Swift,299,3,0,45.2829032,-95.68264092,27151.0,3226.850852579323,1.0033444816053512,296,283,2,0,281,270,9345,16,1,0,15,13
2020-11-07,US,Minnesota,Todd,1158,10,0,46.06996226,-94.89785296,27153.0,4695.102173207913,0.8635578583765112,1148,1127,9,0,1118,1088,24582,31,1,0,30,39
2020-11-07,US,Minnesota,Traverse,74,0,0,45.77298854,-96.47062949,27155.0,2270.6351641607857,0.0,74,71,0,0,71,68,3308,3,0,0,3,3
2020-11-07,US,Minnesota,Unassigned,247,54,0,0.0,0.0,90027.0,0.0,21.86234817813765,193,349,54,0,295,232,,-102,0,0,-102,117
2020-11-07,US,Minnesota,Wabasha,535,1,0,44.28424356,-92.23121312,27157.0,2473.7596522864937,0.18691588785046728,534,515,1,0,514,497,21645,20,0,0,20,18
2020-11-07,US,Minnesota,Wadena,388,5,0,46.58589171,-94.96968506,27159.0,2835.842713053647,1.2886597938144329,383,376,5,0,371,348,13773,12,0,0,12,28
2020-11-07,US,Minnesota,Waseca,1004,10,0,44.02211116,-93.58720034,27161.0,5394.369224156459,0.99601593625498,994,995,10,0,985,983,18691,9,0,0,9,12
2020-11-07,US,Minnesota,Washington,8115,78,0,45.03864533,-92.88429635,27163.0,3092.135345221765,0.9611829944547134,8037,7930,77,0,7853,7694,259201,185,1,0,184,236
2020-11-07,US,Minnesota,Watonwan,616,4,0,43.97823903,-94.61413846,27165.0,5652.931999632927,0.6493506493506493,612,614,4,0,610,612,10980,2,0,0,2,2
2020-11-07,US,Minnesota,Wilkin,180,4,0,46.35721532,-96.4684375,27167.0,2899.951667472209,2.2222222222222223,176,176,4,0,172,170,6254,4,0,0,4,6
2020-11-07,US,Minnesota,Winona,1653,20,0,43.98772283,-91.78081305,27169.0,3274.304730211553,1.2099213551119177,1633,1606,20,0,1586,1545,50825,47,0,0,47,61
2020-11-07,US,Minnesota,Wright,3641,20,0,45.17297924,-93.96234781,27171.0,2631.2176156442183,0.549299642955232,3621,3514,18,0,3496,3356,136349,127,2,0,125,158
2020-11-07,US,Minnesota,Yellow Medicine,381,7,0,44.71710183,-95.86842453,27173.0,3924.1940467607374,1.837270341207349,374,373,7,0,366,359,9795,8,0,0,8,14
2020-11-07,US,Mississippi,Adams,1173,46,0,31.47669768,-91.35326037,28001.0,3821.7183071058553,3.92156862745098,1127,1155,46,0,1109,1148,31192,18,0,0,18,7
2020-11-07,US,Mississippi,Alcorn,1193,14,0,34.88084463,-88.57996173,28003.0,3228.4252969988897,1.173512154233026,1179,1186,14,0,1172,1182,36925,7,0,0,7,4
2020-11-07,US,Mississippi,Amite,442,14,0,31.17467303,-90.80501621,28005.0,3594.3726112059853,3.1674208144796383,428,441,14,0,427,440,12326,1,0,0,1,1
2020-11-07,US,Mississippi,Attala,856,27,0,33.08658803,-89.57838564,28007.0,4710.02531088368,3.154205607476636,829,844,27,0,817,838,18365,12,0,0,12,6
2020-11-07,US,Mississippi,Benton,412,12,0,34.81681228,-89.18945516,28009.0,4988.497396779271,2.9126213592233015,400,403,12,0,391,396,8271,9,0,0,9,7
2020-11-07,US,Mississippi,Bolivar,2144,81,0,33.79696941,-90.87372121,28011.0,7000.130599451482,3.7779850746268657,2063,2125,81,0,2044,2103,31333,19,0,0,19,22
2020-11-07,US,Mississippi,Calhoun,652,13,0,33.93683395,-89.33686647,28013.0,4540.073811015946,1.9938650306748469,639,649,13,0,636,648,14436,3,0,0,3,1
2020-11-07,US,Mississippi,Carroll,568,13,0,33.44834567,-89.91994479,28015.0,5710.264401327033,2.2887323943661966,555,557,12,0,545,552,9911,11,1,0,10,5
2020-11-07,US,Mississippi,Chickasaw,907,31,0,33.91983202,-88.9481545,28017.0,5303.16318774484,3.417861080485116,876,897,31,0,866,890,17171,10,0,0,10,7
2020-11-07,US,Mississippi,Choctaw,230,7,0,33.34598242,-89.24809382,28019.0,2801.4616321559074,3.0434782608695654,223,229,7,0,222,226,8278,1,0,0,1,3
2020-11-07,US,Mississippi,Claiborne,550,16,0,31.97061673,-90.90702196,28021.0,6119.270137961727,2.9090909090909087,534,550,16,0,534,548,9002,0,0,0,0,2
2020-11-07,US,Mississippi,Clarke,814,53,0,32.04158545,-88.68896219999998,28023.0,5237.758188018789,6.511056511056512,761,812,53,0,759,812,15604,2,0,0,2,0
2020-11-07,US,Mississippi,Clay,756,25,0,33.65358105,-88.77784255,28025.0,3913.853799958584,3.306878306878307,731,754,23,0,731,748,19386,2,2,0,0,6
2020-11-07,US,Mississippi,Coahoma,1308,37,0,34.22772299,-90.60415045,28027.0,5912.131621768215,2.8287461773700304,1271,1306,37,0,1269,1305,22628,2,0,0,2,1
2020-11-07,US,Mississippi,Copiah,1442,38,0,31.86977774,-90.44565118,28029.0,5138.072332086228,2.635228848821082,1404,1432,38,0,1394,1427,28543,10,0,0,10,5
2020-11-07,US,Mississippi,Covington,1051,31,0,31.63225413,-89.55389939,28031.0,5639.622236531444,2.9495718363463372,1020,1046,31,0,1015,1043,18853,5,0,0,5,3
2020-11-07,US,Mississippi,DeSoto,8108,83,0,34.87625235,-89.99091418,28033.0,4384.006055854443,1.0236803157375431,8025,8036,82,0,7954,7916,182001,72,1,0,71,120
2020-11-07,US,Mississippi,Forrest,3271,82,0,31.18961454,-89.25832496,28035.0,4367.331134758401,2.5068786303882606,3189,3256,82,0,3174,3230,75036,15,0,0,15,26
2020-11-07,US,Mississippi,Franklin,261,3,0,31.47786634,-90.89672989,28037.0,3383.8973162193697,1.1494252873563218,258,260,3,0,257,260,7788,1,0,0,1,0
2020-11-07,US,Mississippi,George,1092,21,0,30.86259065,-88.64436789,28039.0,4457.142857142857,1.9230769230769231,1071,1077,21,0,1056,1068,24250,15,0,0,15,9
2020-11-07,US,Mississippi,Greene,511,19,0,31.21444233,-88.63922281,28041.0,3761.224790225232,3.718199608610568,492,507,18,0,489,503,13586,4,1,0,3,4
2020-11-07,US,Mississippi,Grenada,1271,42,0,33.77036166,-89.80245083,28043.0,6122.940553039793,3.3044846577498035,1229,1266,42,0,1224,1262,21055,5,0,0,5,4
2020-11-07,US,Mississippi,Hancock,965,33,0,30.41830223,-89.48851033,28045.0,2025.9489418878063,3.4196891191709846,932,949,33,0,916,933,47334,16,0,0,16,16
2020-11-07,US,Mississippi,Harrison,6051,92,0,30.51359752,-89.12467576,28047.0,2908.0161476355247,1.5204098496116345,5959,5939,91,0,5848,5868,206650,112,1,0,111,71
2020-11-07,US,Mississippi,Hinds,8473,182,0,32.2656285,-90.44435448,28049.0,3654.6756383712905,2.147999527912192,8291,8429,181,0,8248,8362,237085,44,1,0,43,67
2020-11-07,US,Mississippi,Holmes,1168,60,0,33.12345854,-90.08923538,28051.0,6866.549088771311,5.136986301369864,1108,1164,60,0,1104,1160,17622,4,0,0,4,4
2020-11-07,US,Mississippi,Humphreys,484,18,0,33.12825718,-90.52252707,28053.0,6001.984126984127,3.71900826446281,466,481,18,0,463,480,8257,3,0,0,3,1
2020-11-07,US,Mississippi,Issaquena,107,4,0,32.72531359,-90.97392828,28055.0,8063.300678221552,3.7383177570093458,103,107,4,0,103,107,1308,0,0,0,0,0
2020-11-07,US,Mississippi,Itawamba,1264,30,0,34.27993475,-88.3606733,28057.0,5404.018811457888,2.373417721518988,1234,1250,30,0,1220,1239,23517,14,0,0,14,11
2020-11-07,US,Mississippi,Jackson,5316,102,0,30.54020656,-88.64184064,28059.0,3701.5116594832093,1.918735891647856,5214,5248,101,0,5147,5184,143277,68,1,0,67,64
2020-11-07,US,Mississippi,Jasper,734,19,0,32.01922104,-89.11786866,28061.0,4480.2539217481535,2.5885558583106265,715,726,19,0,707,724,16428,8,0,0,8,2
2020-11-07,US,Mississippi,Jefferson,292,11,0,31.73397872,-91.03764977,28063.0,4177.396280400572,3.767123287671233,281,291,11,0,280,288,7106,1,0,0,1,3
2020-11-07,US,Mississippi,Jefferson Davis,464,14,0,31.56884708,-89.82670990000004,28065.0,4169.6621135873465,3.0172413793103448,450,457,13,0,444,454,11234,7,1,0,6,3
2020-11-07,US,Mississippi,Jones,3115,84,0,31.62257767,-89.16896899999998,28067.0,4574.289993832418,2.696629213483146,3031,3104,84,0,3020,3082,68461,11,0,0,11,22
2020-11-07,US,Mississippi,Kemper,345,15,0,32.75462946,-88.64105766,28069.0,3541.367275713406,4.3478260869565215,330,342,15,0,327,341,10027,3,0,0,3,1
2020-11-07,US,Mississippi,Lafayette,2693,43,0,34.35687874,-89.48490961,28071.0,4985.282955996964,1.5967322688451542,2650,2674,43,0,2631,2658,54793,19,0,0,19,16
2020-11-07,US,Mississippi,Lamar,2492,42,0,31.20572971,-89.5077704,28073.0,3934.136368659521,1.6853932584269662,2450,2466,41,0,2425,2451,62447,26,1,0,25,15
2020-11-07,US,Mississippi,Lauderdale,2789,138,0,32.40419769,-88.66229662,28075.0,3762.5632377740308,4.94801003944066,2651,2773,136,0,2637,2749,75317,16,2,0,14,24
2020-11-07,US,Mississippi,Lawrence,595,14,0,31.55147224,-90.10841127,28077.0,4727.474972191324,2.3529411764705883,581,593,14,0,579,589,12455,2,0,0,2,4
2020-11-07,US,Mississippi,Leake,1202,43,0,32.7536828,-89.52402044,28079.0,5275.168963398578,3.577371048252912,1159,1196,43,0,1153,1195,22763,6,0,0,6,1
2020-11-07,US,Mississippi,Lee,4010,85,0,34.291877500000005,-88.68149954,28081.0,4693.5717964324185,2.119700748129676,3925,3959,85,0,3874,3888,85202,51,0,0,51,71
2020-11-07,US,Mississippi,Leflore,1822,88,0,33.55545125,-90.29900733,28083.0,6464.8901820246265,4.829857299670691,1734,1808,88,0,1720,1802,28919,14,0,0,14,6
2020-11-07,US,Mississippi,Lincoln,1521,62,0,31.53288662,-90.45391915,28085.0,4453.488712558194,4.076265614727153,1459,1516,62,0,1454,1504,34205,5,0,0,5,12
2020-11-07,US,Mississippi,Lowndes,1956,62,0,33.47386518,-88.44191529999998,28087.0,3338.168785732571,3.1697341513292434,1894,1947,62,0,1885,1941,58930,9,0,0,9,6
2020-11-07,US,Mississippi,Madison,4034,94,0,32.63389156,-90.03513564,28089.0,3795.9199036434807,2.330193356470005,3940,4005,94,0,3911,3986,105630,29,0,0,29,19
2020-11-07,US,Mississippi,Marion,1003,46,0,31.23132643,-89.8209217,28091.0,4081.715704228218,4.586241276171487,957,997,46,0,951,991,24715,6,0,0,6,6
2020-11-07,US,Mississippi,Marshall,1672,35,0,34.76216286,-89.50299462,28093.0,4737.349124497082,2.0933014354066986,1637,1650,34,0,1616,1639,35451,22,1,0,21,11
2020-11-07,US,Mississippi,Monroe,1653,75,0,33.89236763,-88.4808438,28095.0,4689.095654147282,4.537205081669692,1578,1640,75,0,1565,1629,35564,13,0,0,13,11
2020-11-07,US,Mississippi,Montgomery,609,23,0,33.49419589,-89.61729103,28097.0,6230.179028132992,3.7766830870279136,586,601,23,0,578,600,10023,8,0,0,8,1
2020-11-07,US,Mississippi,Neshoba,1941,111,0,32.75339664,-89.11726492,28099.0,6665.979806305379,5.71870170015456,1830,1938,112,0,1826,1929,29125,3,-1,0,4,9
2020-11-07,US,Mississippi,Newton,907,28,0,32.40021118,-89.11843336,28101.0,4315.348748691597,3.0871003307607503,879,904,28,0,876,901,21443,3,0,0,3,3
2020-11-07,US,Mississippi,Noxubee,623,17,0,33.11009499,-88.56949061,28103.0,5980.608620524145,2.7287319422150884,606,620,17,0,603,615,10535,3,0,0,3,5
2020-11-07,US,Mississippi,Oktibbeha,2141,57,0,33.42491685,-88.87905132,28105.0,4317.663903845766,2.6623073330219524,2084,2132,57,0,2075,2117,49599,9,0,0,9,15
2020-11-07,US,Mississippi,Panola,1821,41,0,34.36398677,-89.95064249,28107.0,5325.807206364062,2.251510159253157,1780,1802,41,0,1761,1789,34178,19,0,0,19,13
2020-11-07,US,Mississippi,Pearl River,1264,62,0,30.77090935,-89.58677275,28109.0,2276.0421355901685,4.905063291139242,1202,1255,62,0,1193,1251,55387,9,0,0,9,4
2020-11-07,US,Mississippi,Perry,555,23,0,31.17161885,-88.99281835,28111.0,4635.429716862942,4.144144144144144,532,553,23,0,530,553,11931,2,0,0,2,0
2020-11-07,US,Mississippi,Pike,1443,56,0,31.17507789,-90.40392572,28113.0,3672.8772144166164,3.8808038808038807,1387,1442,56,0,1386,1442,39563,1,0,0,1,0
2020-11-07,US,Mississippi,Pontotoc,1659,21,0,34.226046000000004,-89.03636807,28115.0,5156.337415304283,1.2658227848101269,1638,1645,21,0,1624,1619,31833,14,0,0,14,26
2020-11-07,US,Mississippi,Prentiss,1178,22,0,34.61810501,-88.51986294,28117.0,4688.370612114941,1.867572156196944,1156,1164,21,0,1143,1157,25315,14,1,0,13,7
2020-11-07,US,Mississippi,Quitman,435,7,0,34.25157572,-90.28908,28119.0,6404.593639575972,1.6091954022988506,428,434,7,0,427,431,7051,1,0,0,1,3
2020-11-07,US,Mississippi,Rankin,4414,89,0,32.26469147,-89.94537876,28121.0,2842.771670176659,2.016311735387404,4325,4373,88,0,4285,4309,153902,41,1,0,40,64
2020-11-07,US,Mississippi,Scott,1328,29,0,32.406704100000006,-89.53789439,28123.0,4721.945669179348,2.183734939759036,1299,1318,29,0,1289,1313,28287,10,0,0,10,5
2020-11-07,US,Mississippi,Sharkey,293,15,0,32.88149103,-90.81595379999999,28125.0,6780.837769034945,5.119453924914676,278,293,15,0,278,293,4377,0,0,0,0,0
2020-11-07,US,Mississippi,Simpson,1296,50,0,31.91282117,-89.91716179,28127.0,4861.580013504389,3.858024691358025,1246,1288,50,0,1238,1286,26758,8,0,0,8,2
2020-11-07,US,Mississippi,Smith,632,16,0,32.01744532,-89.50644846,28129.0,3970.846946468962,2.5316455696202533,616,633,16,0,617,630,16002,-1,0,0,-1,3
2020-11-07,US,Mississippi,Stone,554,14,0,30.79187949,-89.11547539,28131.0,3021.378708551483,2.527075812274368,540,540,14,0,526,531,18717,14,0,0,14,9
2020-11-07,US,Mississippi,Sunflower,1737,53,0,33.60192578,-90.58882684,28133.0,6917.562724014337,3.0512377662636734,1684,1719,53,0,1666,1711,25735,18,0,0,18,8
2020-11-07,US,Mississippi,Tallahatchie,898,26,0,33.95339918,-90.1729398,28135.0,6503.005286407414,2.89532293986637,872,895,26,0,869,892,13987,3,0,0,3,3
2020-11-07,US,Mississippi,Tate,1359,40,0,34.65133709,-89.94485778,28137.0,4798.559372903499,2.943340691685062,1319,1343,40,0,1303,1330,28759,16,0,0,16,13
2020-11-07,US,Mississippi,Tippah,1035,26,0,34.76872156,-88.90988194,28139.0,4701.3399954576425,2.5120772946859904,1009,1021,26,0,995,1009,21995,14,0,0,14,12
2020-11-07,US,Mississippi,Tishomingo,888,41,0,34.74023475,-88.23917219,28141.0,4581.334158798947,4.617117117117117,847,878,41,0,837,872,19454,10,0,0,10,6
2020-11-07,US,Mississippi,Tunica,555,17,0,34.64967704,-90.37481167,28143.0,5762.043189368771,3.063063063063063,538,553,17,0,536,549,9944,2,0,0,2,4
2020-11-07,US,Mississippi,Union,1351,25,0,34.49162015,-89.00776006,28145.0,4688.530279368384,1.850481125092524,1326,1330,25,0,1305,1325,28606,21,0,0,21,5
2020-11-07,US,Mississippi,Walthall,675,27,0,31.14971548,-90.10446654,28147.0,4724.905501889963,4.0,648,673,27,0,646,669,14465,2,0,0,2,4
2020-11-07,US,Mississippi,Warren,1614,56,0,32.35810271,-90.83352619,28149.0,3556.5545051893964,3.4696406443618337,1558,1606,56,0,1550,1600,46176,8,0,0,8,6
2020-11-07,US,Mississippi,Washington,2766,105,0,33.28392041,-90.94196237,28151.0,6299.391924206882,3.7960954446854656,2661,2760,105,0,2655,2751,45063,6,0,0,6,9
2020-11-07,US,Mississippi,Wayne,1064,22,0,31.64135687,-88.69573913,28153.0,5271.763365208343,2.0676691729323307,1042,1061,22,0,1039,1059,20298,3,0,0,3,2
2020-11-07,US,Mississippi,Webster,388,13,0,33.61300486,-89.28392912,28155.0,4004.5412323253167,3.3505154639175267,375,387,13,0,374,388,9788,1,0,0,1,-1
2020-11-07,US,Mississippi,Wilkinson,352,21,0,31.16078225,-91.31018819,28157.0,4078.794901506373,5.965909090909091,331,351,21,0,330,350,8792,1,0,0,1,1
2020-11-07,US,Mississippi,Winston,936,22,0,33.08747908,-89.03391385,28159.0,5213.032581453634,2.3504273504273505,914,923,22,0,901,911,18165,13,0,0,13,12
2020-11-07,US,Mississippi,Yalobusha,601,23,0,34.02824175,-89.70762049999998,28161.0,4963.66038982491,3.826955074875208,578,593,23,0,570,593,12392,8,0,0,8,0
2020-11-07,US,Mississippi,Yazoo,1341,36,0,32.77890365,-90.39656148,28163.0,4516.672280229033,2.684563758389262,1305,1327,36,0,1291,1323,28248,14,0,0,14,4
2020-11-07,US,Missouri,Adair,663,0,0,40.19058551,-92.60078167,29001.0,2616.1070117981303,0.0,663,650,0,0,650,632,25339,13,0,0,13,18
2020-11-07,US,Missouri,Andrew,518,8,0,39.98492163,-94.80163024,29003.0,2924.5709123757906,1.5444015444015444,510,512,8,0,504,501,17607,6,0,0,6,11
2020-11-07,US,Missouri,Atchison,102,1,0,40.43238737,-95.42970639,29005.0,1983.278242271048,0.9803921568627452,101,98,1,0,97,95,5171,4,0,0,4,3
2020-11-07,US,Missouri,Audrain,718,10,0,39.215877,-91.84242683,29007.0,2828.107767449188,1.3927576601671308,708,708,10,0,698,695,25473,10,0,0,10,13
2020-11-07,US,Missouri,Barry,1019,18,0,36.70978521,-93.82919888,29009.0,2847.243566458968,1.766437684003925,1001,997,18,0,979,976,35886,22,0,0,22,21
2020-11-07,US,Missouri,Barton,483,4,0,37.50207671,-94.34757022,29011.0,4109.239407861153,0.8281573498964804,479,479,4,0,475,472,11798,4,0,0,4,7
2020-11-07,US,Missouri,Bates,296,8,0,38.25271289,-94.34113157,29013.0,1830.324016819193,2.702702702702702,288,286,8,0,278,283,16320,10,0,0,10,3
2020-11-07,US,Missouri,Benton,560,7,0,38.29503305,-93.28756116,29015.0,2880.2139587512206,1.25,553,547,7,0,540,531,19278,13,0,0,13,16
2020-11-07,US,Missouri,Bollinger,590,4,0,37.32449052,-90.02725304,29017.0,4862.770955246023,0.6779661016949152,586,585,4,0,581,576,12169,5,0,0,5,9
2020-11-07,US,Missouri,Boone,7291,15,0,38.99186229,-92.30723575,29019.0,4040.163357585765,0.20573309559731176,7276,7081,15,0,7066,6850,180005,210,0,0,210,231
2020-11-07,US,Missouri,Buchanan,3302,45,0,39.65816401,-94.80138942,29021.0,3779.588846664529,1.362810417928528,3257,3261,45,0,3216,3219,88571,41,0,0,41,42
2020-11-07,US,Missouri,Butler,1500,8,0,36.71462476,-90.40421163,29023.0,3531.239700550873,0.5333333333333333,1492,1472,8,0,1464,1456,42639,28,0,0,28,16
2020-11-07,US,Missouri,Caldwell,228,1,0,39.65620858,-93.98308093,29025.0,2527.7161862527714,0.43859649122807015,227,215,1,0,214,203,9108,13,0,0,13,12
2020-11-07,US,Missouri,Callaway,1831,7,0,38.83674754,-91.92186505,29027.0,4092.260241825537,0.3823047515019115,1824,1752,7,0,1745,1666,44889,79,0,0,79,86
2020-11-07,US,Missouri,Camden,1817,37,0,38.02199522,-92.76083747,29029.0,3923.9822913292296,2.036323610346725,1780,1790,37,0,1753,1763,45815,27,0,0,27,27
2020-11-07,US,Missouri,Cape Girardeau,3219,55,0,37.38489388,-89.6843587,29031.0,4081.3480239885375,1.7086051568810192,3164,3139,55,0,3084,3063,78753,80,0,0,80,76
2020-11-07,US,Missouri,Carroll,257,4,0,39.42762566,-93.50626255,29033.0,2961.170641779007,1.5564202334630348,253,247,4,0,243,240,8743,10,0,0,10,7
2020-11-07,US,Missouri,Carter,206,3,0,36.94160441,-90.96051322,29035.0,3443.66432631227,1.4563106796116505,203,202,3,0,199,201,6054,4,0,0,4,1
2020-11-07,US,Missouri,Cass,2425,33,0,38.64789422,-94.353399,29037.0,2292.4938551711098,1.3608247422680413,2392,2387,33,0,2354,2351,104954,38,0,0,38,36
2020-11-07,US,Missouri,Cedar,281,4,0,37.72391475,-93.85445441,29039.0,1958.3246219248726,1.4234875444839858,277,276,4,0,272,274,14165,5,0,0,5,2
2020-11-07,US,Missouri,Chariton,113,0,0,39.51499357,-92.9629191,29041.0,1521.680581739833,0.0,113,105,0,0,105,94,7451,8,0,0,8,11
2020-11-07,US,Missouri,Christian,2730,17,0,36.9711783,-93.18537118,29043.0,3081.4380044020545,0.6227106227106227,2713,2669,17,0,2652,2620,86983,61,0,0,61,49
2020-11-07,US,Missouri,Clark,167,2,0,40.41040752,-91.73661677,29045.0,2456.9663086655883,1.1976047904191616,165,156,2,0,154,153,6842,11,0,0,11,3
2020-11-07,US,Missouri,Clay,3097,51,0,39.31132056,-94.41850862,29047.0,1239.0577240065934,1.6467549241201165,3046,3036,50,0,2986,2978,246365,61,1,0,60,58
2020-11-07,US,Missouri,Clinton,623,33,0,39.6013098,-94.40465394,29049.0,3055.868936086722,5.296950240770466,590,607,29,0,578,594,20470,16,4,0,12,13
2020-11-07,US,Missouri,Cole,4066,26,0,38.50455671,-92.27860244,29051.0,5298.065020522509,0.6394490900147565,4040,3915,26,0,3889,3766,76796,151,0,0,151,149
2020-11-07,US,Missouri,Cooper,816,4,0,38.844478,-92.80896081,29053.0,4607.826528883618,0.4901960784313725,812,786,4,0,782,753,17603,30,0,0,30,33
2020-11-07,US,Missouri,Crawford,795,9,0,37.97663738,-91.30528104,29055.0,3323.578595317725,1.1320754716981132,786,771,9,0,762,752,23957,24,0,0,24,19
2020-11-07,US,Missouri,Dade,181,3,0,37.431814,-93.8503345,29057.0,2393.863245602433,1.6574585635359116,178,169,3,0,166,162,7569,12,0,0,12,7
2020-11-07,US,Missouri,Dallas,437,2,0,37.681135499999996,-93.02127031,29059.0,2589.1693328593437,0.4576659038901602,435,429,2,0,427,428,16762,8,0,0,8,1
2020-11-07,US,Missouri,Daviess,252,4,0,39.96145298,-93.98519678,29061.0,3044.213578158975,1.5873015873015872,248,246,4,0,242,243,8313,6,0,0,6,3
2020-11-07,US,Missouri,DeKalb,403,5,0,39.89201062,-94.40476508,29063.0,3211.923168884993,1.2406947890818858,398,387,4,0,383,381,12630,16,1,0,15,6
2020-11-07,US,Missouri,Dent,307,4,0,37.60663134,-91.50790473,29065.0,1971.3606883708985,1.3029315960912051,303,297,4,0,293,291,15441,10,0,0,10,6
2020-11-07,US,Missouri,Douglas,327,13,0,36.9325593,-92.49905109,29067.0,2480.091012514221,3.9755351681957194,314,319,13,0,306,315,13373,8,0,0,8,4
2020-11-07,US,Missouri,Dunklin,1316,13,0,36.27167174,-90.09122243,29069.0,4517.524286842197,0.9878419452887538,1303,1294,13,0,1281,1257,29423,22,0,0,22,37
2020-11-07,US,Missouri,Franklin,3270,50,0,38.41127108,-91.07522826,29071.0,3145.2287745149897,1.529051987767584,3220,3175,50,0,3125,3137,103670,95,0,0,95,38
2020-11-07,US,Missouri,Gasconade,325,24,0,38.43947277,-91.50847147,29073.0,2209.982320141439,7.384615384615384,301,318,24,0,294,309,14705,7,0,0,7,9
2020-11-07,US,Missouri,Gentry,233,10,0,40.21097916,-94.40944419,29075.0,3545.883427180033,4.291845493562231,223,228,10,0,218,218,6628,5,0,0,5,10
2020-11-07,US,Missouri,Greene,10423,153,0,37.2575872,-93.34230916,29077.0,3556.294057034453,1.4679075122325629,10270,10249,152,0,10097,10106,291923,174,1,0,173,143
2020-11-07,US,Missouri,Grundy,321,11,0,40.11406587,-93.56509276,29079.0,3258.883248730965,3.4267912772585665,310,320,11,0,309,305,9914,1,0,0,1,15
2020-11-07,US,Missouri,Harrison,227,1,0,40.35570088,-93.99222144,29081.0,2717.911877394636,0.4405286343612335,226,210,1,0,209,208,8414,17,0,0,17,2
2020-11-07,US,Missouri,Henry,561,8,0,38.38482826,-93.79293734,29083.0,2570.564516129032,1.42602495543672,553,527,8,0,519,508,21792,34,0,0,34,19
2020-11-07,US,Missouri,Hickory,282,4,0,37.94163617,-93.3203037,29085.0,2954.735959765297,1.4184397163120568,278,269,4,0,265,266,9509,13,0,0,13,3
2020-11-07,US,Missouri,Holt,154,1,0,40.09799248,-95.21638879999999,29087.0,3497.615262321145,0.6493506493506493,153,146,1,0,145,139,4404,8,0,0,8,7
2020-11-07,US,Missouri,Howard,316,2,0,39.1435761,-92.69756691,29089.0,3159.68403159684,0.6329113924050633,314,304,2,0,302,298,10137,12,0,0,12,6
2020-11-07,US,Missouri,Howell,1339,16,0,36.77383887,-91.88683935,29091.0,3337.737118927138,1.1949215832710978,1323,1329,14,0,1315,1318,40076,10,2,0,8,11
2020-11-07,US,Missouri,Iron,133,0,0,37.55487945,-90.7735296,29093.0,1313.58024691358,0.0,133,134,0,0,134,126,10177,-1,0,0,-1,8
2020-11-07,US,Missouri,Jackson,11748,145,0,39.01002188,-94.34724536,29095.0,1671.0976072920623,1.2342526387470207,11603,11493,144,0,11349,11224,700307,255,1,0,254,269
2020-11-07,US,Missouri,Jasper,6039,85,0,37.20351921,-94.34050458,29097.0,4977.416589740208,1.407517800960424,5954,5889,84,0,5805,5809,120636,150,1,0,149,80
2020-11-07,US,Missouri,Jefferson,6825,90,0,38.25926778,-90.53870896,29099.0,3032.241726311861,1.3186813186813189,6735,6641,90,0,6551,6478,224347,184,0,0,184,163
2020-11-07,US,Missouri,Johnson,1805,10,0,38.74719601,-93.80691168,29101.0,3338.7592023972475,0.554016620498615,1795,1763,10,0,1753,1693,53652,42,0,0,42,70
2020-11-07,US,Missouri,Kansas City,16633,227,0,39.0997,-94.5786,0.0,3401.828024943603,1.3647568087536823,16406,16410,227,0,16183,16159,491918,223,0,0,223,251
2020-11-07,US,Missouri,Knox,81,1,0,40.12699751,-92.14780832,29103.0,2045.9712048497088,1.2345679012345678,80,79,1,0,78,73,3947,2,0,0,2,6
2020-11-07,US,Missouri,Laclede,1372,25,0,37.65896829,-92.5888493,29105.0,3840.662878257705,1.8221574344023324,1347,1347,25,0,1322,1319,35713,25,0,0,25,28
2020-11-07,US,Missouri,Lafayette,1052,26,0,39.06986886,-93.78076396,29107.0,3216.338510456157,2.4714828897338403,1026,1025,26,0,999,990,32598,27,0,0,27,35
2020-11-07,US,Missouri,Lawrence,1351,26,0,37.10626634,-93.83293097,29109.0,3522.356928692478,1.924500370096225,1325,1324,26,0,1298,1284,38359,27,0,0,27,40
2020-11-07,US,Missouri,Lewis,274,2,0,40.09673161,-91.72070156,29111.0,2802.7823240589205,0.7299270072992701,272,260,2,0,258,255,9855,14,0,0,14,5
2020-11-07,US,Missouri,Lincoln,1475,5,0,39.05345619,-90.95588181,29113.0,2499.449273888805,0.3389830508474576,1470,1428,5,0,1423,1406,57686,47,0,0,47,22
2020-11-07,US,Missouri,Linn,203,7,0,39.87001769,-93.10704106,29115.0,1703.0201342281878,3.4482758620689653,196,196,7,0,189,185,12037,7,0,0,7,11
2020-11-07,US,Missouri,Livingston,610,9,0,39.78110272,-93.54645978,29117.0,4006.0418992578966,1.475409836065574,601,604,9,0,595,594,15146,6,0,0,6,10
2020-11-07,US,Missouri,Macon,319,1,0,39.83049768,-92.56453089,29121.0,2110.20705166369,0.31347962382445144,318,302,1,0,301,285,15153,17,0,0,17,17
2020-11-07,US,Missouri,Madison,578,3,0,37.47865134,-90.34671429999999,29123.0,4781.601588352085,0.5190311418685121,575,569,3,0,566,560,12188,9,0,0,9,9
2020-11-07,US,Missouri,Maries,248,1,0,38.16193985,-91.92249662,29125.0,2851.558008508681,0.4032258064516129,247,240,1,0,239,236,8769,8,0,0,8,4
2020-11-07,US,Missouri,Marion,1145,14,0,39.80601912,-91.62203062,29127.0,4013.319313003856,1.2227074235807858,1131,1123,14,0,1109,1101,28592,22,0,0,22,22
2020-11-07,US,Missouri,McDonald,1278,14,0,36.62869595,-94.34867205,29119.0,5596.181635065902,1.0954616588419406,1264,1274,13,0,1261,1271,23078,4,1,0,3,3
2020-11-07,US,Missouri,Mercer,43,0,0,40.42212303,-93.56829590000001,29129.0,1188.8305225324855,0.0,43,39,0,0,39,39,3641,4,0,0,4,0
2020-11-07,US,Missouri,Miller,1100,18,0,38.21450288,-92.42610898,29131.0,4293.6882782309995,1.6363636363636365,1082,1067,18,0,1049,1031,25336,33,0,0,33,36
2020-11-07,US,Missouri,Mississippi,511,6,0,36.82516239,-89.29505753,29133.0,3877.086494688923,1.1741682974559686,505,508,6,0,502,500,13336,3,0,0,3,8
2020-11-07,US,Missouri,Moniteau,806,13,0,38.63571781,-92.57976951,29135.0,4996.2806843540775,1.6129032258064515,793,783,12,0,771,770,16121,23,1,0,22,13
2020-11-07,US,Missouri,Monroe,225,2,0,39.49593978,-92.00043978,29137.0,2602.9615918556224,0.8888888888888888,223,216,2,0,214,206,8664,9,0,0,9,10
2020-11-07,US,Missouri,Montgomery,226,2,0,38.94022054,-91.47000721,29139.0,1956.5405592589386,0.8849557522123894,224,220,2,0,218,210,11534,6,0,0,6,10
2020-11-07,US,Missouri,Morgan,819,8,0,38.4181765,-92.88791859,29141.0,3970.524070393174,0.9768009768009768,811,802,8,0,794,791,20358,17,0,0,17,11
2020-11-07,US,Missouri,New Madrid,919,23,0,36.59666326,-89.66070007,29143.0,5381.8224408526585,2.5027203482045697,896,898,23,0,875,874,17296,21,0,0,21,24
2020-11-07,US,Missouri,Newton,2325,22,0,36.90519407,-94.3394104,29145.0,3992.375849989697,0.946236559139785,2303,2295,22,0,2273,2257,58266,30,0,0,30,38
2020-11-07,US,Missouri,Nodaway,1450,11,0,40.36079813,-94.88133008,29147.0,6563.461886655803,0.7586206896551724,1439,1417,11,0,1406,1382,22304,33,0,0,33,35
2020-11-07,US,Missouri,Oregon,280,0,0,36.68710164,-91.4033755,29149.0,2659.321872922405,0.0,280,275,0,0,275,265,10541,5,0,0,5,10
2020-11-07,US,Missouri,Osage,650,3,0,38.46036182,-91.8613635,29151.0,4774.146162320971,0.4615384615384616,647,629,3,0,626,615,13714,21,0,0,21,14
2020-11-07,US,Missouri,Ozark,238,1,0,36.64916339,-92.44459066,29153.0,2594.288205798997,0.4201680672268908,237,234,1,0,233,232,9017,4,0,0,4,2
2020-11-07,US,Missouri,Pemiscot,825,14,0,36.2130572,-89.78742322,29155.0,5219.867130654856,1.6969696969696968,811,807,14,0,793,797,16272,18,0,0,18,10
2020-11-07,US,Missouri,Perry,1016,8,0,37.70660776,-89.82741088,29157.0,5309.364548494983,0.7874015748031497,1008,986,8,0,978,931,19150,30,0,0,30,55
2020-11-07,US,Missouri,Pettis,2111,24,0,38.72798918,-93.28471706,29159.0,4985.94676303172,1.1369019422074846,2087,2045,24,0,2021,1948,42542,66,0,0,66,97
2020-11-07,US,Missouri,Phelps,1028,30,0,37.87736118,-91.79351727,29161.0,2306.328943530837,2.9182879377431905,998,1012,30,0,982,988,44732,16,0,0,16,24
2020-11-07,US,Missouri,Pike,492,8,0,39.34310674,-91.16980779,29163.0,2688.2307944486943,1.6260162601626016,484,445,8,0,437,431,18504,47,0,0,47,14
2020-11-07,US,Missouri,Platte,1168,13,0,39.38154439,-94.77068479,29165.0,1118.5810875519546,1.1130136986301369,1155,1153,13,0,1140,1130,102985,15,0,0,15,23
2020-11-07,US,Missouri,Polk,1135,11,0,37.616229600000004,-93.39828174,29167.0,3530.436405486952,0.9691629955947136,1124,1119,11,0,1108,1112,32201,16,0,0,16,7
2020-11-07,US,Missouri,Pulaski,1154,11,0,37.82462075,-92.20783203,29169.0,2193.6244226053573,0.9532062391681108,1143,1143,11,0,1132,1118,52014,11,0,0,11,25
2020-11-07,US,Missouri,Putnam,67,1,0,40.47942497,-93.02042674,29171.0,1426.7461669505967,1.492537313432836,66,66,1,0,65,65,4757,1,0,0,1,1
2020-11-07,US,Missouri,Ralls,251,0,0,39.52817427,-91.51838643,29173.0,2434.7657386749443,0.0,251,244,0,0,244,235,10212,7,0,0,7,9
2020-11-07,US,Missouri,Randolph,795,3,0,39.44007257,-92.49713740000001,29175.0,3212.38079844836,0.37735849056603776,792,758,3,0,755,740,24763,37,0,0,37,18
2020-11-07,US,Missouri,Ray,391,2,0,39.353746799999996,-93.98905745,29177.0,1698.6706056129983,0.5115089514066496,389,382,2,0,380,365,22883,9,0,0,9,17
2020-11-07,US,Missouri,Reynolds,107,1,0,37.36085952,-90.97009925,29179.0,1706.5390749601277,0.9345794392523364,106,107,1,0,106,100,6254,0,0,0,0,7
2020-11-07,US,Missouri,Ripley,331,5,0,36.65460667,-90.85990261,29181.0,2490.969295605057,1.5105740181268883,326,317,5,0,312,310,13401,14,0,0,14,7
2020-11-07,US,Missouri,Saline,1119,11,0,39.13734288,-93.20259964,29195.0,4916.3042045604325,0.9830205540661304,1108,1095,11,0,1084,1081,22895,24,0,0,24,14
2020-11-07,US,Missouri,Schuyler,79,0,0,40.46921489,-92.52311943,29197.0,1695.2789699570817,0.0,79,73,0,0,73,64,4599,6,0,0,6,9
2020-11-07,US,Missouri,Scotland,97,1,0,40.45214695,-92.14709064,29199.0,1978.7841697266424,1.0309278350515465,96,92,1,0,91,88,4966,5,0,0,5,4
2020-11-07,US,Missouri,Scott,1722,31,0,37.05588075,-89.56474493,29201.0,4498.432601880878,1.8002322880371662,1691,1688,30,0,1658,1645,38458,34,1,0,33,43
2020-11-07,US,Missouri,Shannon,290,6,0,37.15772072,-91.40190382,29203.0,3551.3103110458,2.0689655172413794,284,287,6,0,281,283,8189,3,0,0,3,4
2020-11-07,US,Missouri,Shelby,121,1,0,39.79742518,-92.07634971,29205.0,2040.472175379427,0.8264462809917356,120,119,1,0,118,116,6050,2,0,0,2,3
2020-11-07,US,Missouri,St. Charles,13071,157,0,38.77875681,-90.66662425,29183.0,3251.314604673376,1.201132277561013,12914,12710,157,0,12553,12430,399182,361,0,0,361,280
2020-11-07,US,Missouri,St. Clair,162,1,0,38.03699437,-93.77631447,29185.0,1723.9544535490052,0.6172839506172839,161,152,1,0,151,151,9395,10,0,0,10,1
2020-11-07,US,Missouri,St. Francois,3436,30,0,37.81214171,-90.47598685,29187.0,5111.954176895039,0.8731082654249127,3406,3357,30,0,3327,3285,66692,79,0,0,79,72
2020-11-07,US,Missouri,St. Louis,35219,897,0,38.63770039999999,-90.4458375,29189.0,3542.428372418163,2.5469206962151105,34322,34593,895,0,33698,33920,996945,626,2,0,624,673
2020-11-07,US,Missouri,St. Louis City,9472,225,0,38.63555736,-90.24349225,29510.0,3151.282870222506,2.3754222972972974,9247,9371,225,0,9146,9207,302838,101,0,0,101,164
2020-11-07,US,Missouri,Ste. Genevieve,613,2,0,37.89090059,-90.1949941,29186.0,3425.7292947356655,0.3262642740619902,611,582,2,0,580,547,17888,31,0,0,31,35
2020-11-07,US,Missouri,Stoddard,1027,15,0,36.85571651,-89.9444155,29207.0,3538.329026701121,1.460564751703992,1012,1005,15,0,990,993,29206,22,0,0,22,12
2020-11-07,US,Missouri,Stone,841,13,0,36.75000327,-93.45256475,29209.0,2632.073109664497,1.5457788347205708,828,829,12,0,817,804,31749,12,1,0,11,25
2020-11-07,US,Missouri,Sullivan,426,3,0,40.2099105,-93.11150106,29211.0,6996.222696666119,0.7042253521126759,423,419,3,0,416,406,6221,7,0,0,7,13
2020-11-07,US,Missouri,Taney,2057,36,0,36.65465345,-93.04075153,29213.0,3677.943069660993,1.7501215362177929,2021,2002,36,0,1966,1974,55852,55,0,0,55,28
2020-11-07,US,Missouri,Texas,721,4,0,37.31728859,-91.96564727,29215.0,2838.806205213009,0.5547850208044383,717,706,3,0,703,678,25571,15,1,0,14,28
2020-11-07,US,Missouri,Vernon,441,3,0,37.8457799,-94.34127305,29217.0,2144.6287020376403,0.6802721088435374,438,415,3,0,412,403,20528,26,0,0,26,12
2020-11-07,US,Missouri,Warren,738,2,0,38.76529479,-91.16124662,29219.0,2070.1842968947235,0.27100271002710025,736,724,2,0,722,710,34711,14,0,0,14,14
2020-11-07,US,Missouri,Washington,889,20,0,37.96130078,-90.87948158,29221.0,3594.8241002830573,2.249718785151856,869,820,20,0,800,795,24943,69,0,0,69,25
2020-11-07,US,Missouri,Wayne,358,3,0,37.11303869,-90.46001416,29223.0,2781.014526528393,0.8379888268156425,355,352,3,0,349,346,13122,6,0,0,6,6
2020-11-07,US,Missouri,Webster,1340,23,0,37.2813734,-92.876329,29225.0,3384.522125681957,1.7164179104477613,1317,1322,20,0,1302,1307,39109,18,3,0,15,15
2020-11-07,US,Missouri,Worth,39,0,0,40.47945588,-94.42328751,29227.0,1937.4068554396426,0.0,39,39,0,0,39,38,2040,0,0,0,0,1
2020-11-07,US,Missouri,Wright,644,9,0,37.27029221,-92.46914488,29229.0,3521.242276778392,1.3975155279503106,635,639,9,0,630,635,18378,5,0,0,5,4
2020-11-07,US,Montana,Beaverhead,332,2,0,45.13434354,-112.89846940000001,30001.0,3512.1125568602556,0.6024096385542169,330,323,2,0,321,318,9404,9,0,0,9,5
2020-11-07,US,Montana,Big Horn,1534,40,0,45.42335905,-107.492347,30003.0,11517.381184773632,2.607561929595828,1494,1512,40,0,1472,1491,13338,22,0,0,22,21
2020-11-07,US,Montana,Blaine,404,8,0,48.43175214,-108.9582723,30005.0,6046.998952252658,1.98019801980198,396,398,8,0,390,398,6807,6,0,0,6,0
2020-11-07,US,Montana,Broadwater,111,0,0,46.33277565,-111.49558130000001,30007.0,1779.7017797017795,0.0,111,107,0,0,107,96,6085,4,0,0,4,11
2020-11-07,US,Montana,Carbon,344,1,0,45.22850116,-109.0274047,30009.0,3207.459207459208,0.2906976744186047,343,310,1,0,309,292,10714,34,0,0,34,18
2020-11-07,US,Montana,Carter,86,2,0,45.5197966,-104.53955359999999,30011.0,6869.009584664536,2.3255813953488373,84,84,2,0,82,84,1238,2,0,0,2,0
2020-11-07,US,Montana,Cascade,2844,34,0,47.30797024,-111.3467922,30013.0,3495.3174544650105,1.1954992967651197,2810,2795,16,0,2779,2648,81643,49,18,0,31,147
2020-11-07,US,Montana,Chouteau,160,0,0,47.88084126,-110.4353362,30015.0,2839.396628216504,0.0,160,154,0,0,154,134,5745,6,0,0,6,20
2020-11-07,US,Montana,Custer,406,5,0,46.25319932,-105.57375259999998,30017.0,3560.7788107349597,1.2315270935960592,401,404,5,0,399,400,11586,2,0,0,2,4
2020-11-07,US,Montana,Daniels,57,3,0,48.78420029,-105.54763429999998,30019.0,3372.781065088757,5.2631578947368425,54,55,3,0,52,55,1747,2,0,0,2,0
2020-11-07,US,Montana,Dawson,341,7,0,47.26584855,-104.89444170000002,30021.0,3959.131545338442,2.0527859237536656,334,331,4,0,327,320,8680,10,3,0,7,11
2020-11-07,US,Montana,Deer Lodge,510,6,0,46.05953325,-113.073353,30023.0,5579.868708971554,1.1764705882352942,504,503,6,0,497,502,9131,7,0,0,7,1
2020-11-07,US,Montana,Fallon,110,0,0,46.33478338,-104.41835649999999,30025.0,3865.073787772312,0.0,110,108,0,0,108,98,2920,2,0,0,2,10
2020-11-07,US,Montana,Fergus,303,2,0,47.26331584,-109.2245206,30027.0,2742.081447963801,0.6600660066006601,301,296,2,0,294,277,11113,7,0,0,7,19
2020-11-07,US,Montana,Flathead,4195,27,0,48.29575866,-114.05205690000001,30029.0,4041.1922239562255,0.6436233611442194,4168,3960,27,0,3933,3864,102106,235,0,0,235,96
2020-11-07,US,Montana,Gallatin,4282,10,0,45.54486106,-111.1692571,30031.0,3741.894891378437,0.23353573096683794,4272,4145,10,0,4135,4057,111876,137,0,0,137,88
2020-11-07,US,Montana,Garfield,31,0,0,47.27545948,-107.0002351,30033.0,2464.2289348171703,0.0,31,31,0,0,31,31,1268,0,0,0,0,0
2020-11-07,US,Montana,Glacier,1103,17,0,48.70513576,-112.9934235,30035.0,8020.068348723915,1.5412511332728922,1086,1120,16,0,1104,1101,13747,-17,1,0,-18,19
2020-11-07,US,Montana,Golden Valley,16,0,0,46.3816474,-109.17685220000001,30037.0,1948.84287454324,0.0,16,16,0,0,16,16,826,0,0,0,0,0
2020-11-07,US,Montana,Granite,83,0,0,46.40605220000001,-113.4414186,30039.0,2456.348031962119,0.0,83,83,0,0,83,81,3378,0,0,0,0,2
2020-11-07,US,Montana,Hill,1014,20,0,48.62879827,-110.1129252,30041.0,6151.419558359622,1.9723865877712032,994,1006,20,0,986,980,16347,8,0,0,8,26
2020-11-07,US,Montana,Jefferson,231,0,0,46.14907081,-112.094396,30043.0,1890.189018901891,0.0,231,221,0,0,221,211,12097,10,0,0,10,10
2020-11-07,US,Montana,Judith Basin,21,0,0,47.04581276,-110.26606880000001,30045.0,1046.337817638266,0.0,21,19,0,0,19,19,1952,2,0,0,2,0
2020-11-07,US,Montana,Lake,701,7,0,47.64514965,-114.0898013,30047.0,2301.5299757042485,0.9985734664764622,694,692,7,0,685,676,30250,9,0,0,9,16
2020-11-07,US,Montana,Lewis and Clark,1354,7,0,47.12610041,-112.39469799999999,30049.0,1950.1094596151636,0.51698670605613,1347,1311,7,0,1304,1264,68700,43,0,0,43,47
2020-11-07,US,Montana,Liberty,40,1,0,48.56084317,-111.02430700000001,30051.0,1711.5960633290542,2.5,39,39,1,0,38,39,2430,1,0,0,1,0
2020-11-07,US,Montana,Lincoln,385,6,0,48.54265777,-115.4046155,30053.0,1926.9269269269269,1.5584415584415583,379,370,6,0,364,355,19794,15,0,0,15,15
2020-11-07,US,Montana,Madison,249,1,0,45.30080065,-111.9173017,30057.0,2895.3488372093025,0.4016064257028112,248,239,1,0,238,232,8768,10,0,0,10,7
2020-11-07,US,Montana,McCone,71,0,0,47.64469406,-105.79449939999999,30055.0,4266.826923076923,0.0,71,71,0,0,71,71,1675,0,0,0,0,0
2020-11-07,US,Montana,Meagher,96,5,0,46.59907074,-110.8898557,30059.0,5155.746509129968,5.208333333333333,91,94,5,0,89,94,1866,2,0,0,2,0
2020-11-07,US,Montana,Mineral,17,0,0,47.15283992,-115.00152390000001,30061.0,386.62724584944283,0.0,17,17,0,0,17,17,4316,0,0,0,0,0
2020-11-07,US,Montana,Missoula,2873,27,0,47.03728583,-113.92135079999998,30063.0,2402.1739130434785,0.9397841977027498,2846,2767,26,0,2741,2697,118791,106,1,0,105,70
2020-11-07,US,Montana,Musselshell,150,2,0,46.49684637,-108.39498,30065.0,3237.6429958989856,1.3333333333333333,148,140,2,0,138,138,4651,10,0,0,10,2
2020-11-07,US,Montana,Park,324,0,0,45.48965095,-110.52643940000002,30067.0,1951.1020113212087,0.0,324,313,0,0,313,312,16736,11,0,0,11,1
2020-11-07,US,Montana,Petroleum,5,0,0,47.118246299999996,-108.2508876,30069.0,1026.694045174538,0.0,5,4,0,0,4,4,513,1,0,0,1,0
2020-11-07,US,Montana,Phillips,212,3,0,48.25936577,-107.9128511,30071.0,5361.6590794132535,1.4150943396226414,209,210,3,0,207,202,4074,2,0,0,2,8
2020-11-07,US,Montana,Pondera,198,1,0,48.22773388,-112.22527029999999,30073.0,3349.6870241921843,0.5050505050505051,197,200,1,0,199,200,5972,-2,0,0,-2,0
2020-11-07,US,Montana,Powder River,74,5,0,45.39617714,-105.636738,30075.0,4399.524375743163,6.756756756756758,69,71,5,0,66,71,1716,3,0,0,3,0
2020-11-07,US,Montana,Powell,313,1,0,46.85538891,-112.93591640000001,30077.0,4542.815674891147,0.3194888178913738,312,291,1,0,290,220,6968,22,0,0,22,71
2020-11-07,US,Montana,Prairie,36,0,0,46.86048047,-105.379384,30079.0,3342.6183844011143,0.0,36,36,0,0,36,36,1087,0,0,0,0,0
2020-11-07,US,Montana,Ravalli,660,4,0,46.08520862,-114.11891640000002,30081.0,1506.6429256266265,0.6060606060606061,656,628,4,0,624,609,43172,32,0,0,32,19
2020-11-07,US,Montana,Richland,384,6,0,47.78668011,-104.5610786,30083.0,3554.5681755068035,1.5625,378,376,6,0,370,376,10913,8,0,0,8,0
2020-11-07,US,Montana,Roosevelt,1085,31,0,48.29607488,-105.00792679999999,30085.0,9860.050890585242,2.8571428571428568,1054,1088,31,0,1057,1066,11059,-3,0,0,-3,22
2020-11-07,US,Montana,Rosebud,895,21,0,46.23397237,-106.72928799999998,30087.0,10014.546268322703,2.346368715083799,874,891,21,0,870,885,9063,4,0,0,4,6
2020-11-07,US,Montana,Sanders,118,2,0,47.67657534,-115.1329916,30089.0,974.1599933955257,1.6949152542372878,116,120,2,0,118,119,11844,-2,0,0,-2,1
2020-11-07,US,Montana,Sheridan,132,0,0,48.72085833,-104.50382900000001,30091.0,3989.120580235721,0.0,132,111,0,0,111,111,3424,21,0,0,21,0
2020-11-07,US,Montana,Silver Bow,785,10,0,45.90018933,-112.6620092,30093.0,2248.317342116569,1.2738853503184713,775,786,7,0,779,734,34993,-1,3,0,-4,52
2020-11-07,US,Montana,Stillwater,278,4,0,45.67071407,-109.3950061,30095.0,2883.21924911844,1.4388489208633093,274,268,4,0,264,261,9534,10,0,0,10,7
2020-11-07,US,Montana,Sweet Grass,136,2,0,45.81367654,-109.9425686,30097.0,3639.2828472036404,1.4705882352941178,134,129,2,0,127,125,3710,7,0,0,7,4
2020-11-07,US,Montana,Teton,110,1,0,47.83741052,-112.24106880000001,30099.0,1789.4908085244836,0.9090909090909092,109,109,1,0,108,102,6162,1,0,0,1,7
2020-11-07,US,Montana,Toole,468,8,0,48.65577551,-111.69424140000001,30101.0,9881.756756756757,1.709401709401709,460,463,8,0,455,457,4853,5,0,0,5,6
2020-11-07,US,Montana,Treasure,24,1,0,46.20973220000001,-107.26665159999999,30103.0,3448.2758620689656,4.166666666666667,23,24,1,0,23,24,679,0,0,0,0,0
2020-11-07,US,Montana,Valley,446,5,0,48.36435097,-106.6669635,30105.0,6030.286641427799,1.1210762331838564,441,433,5,0,428,430,7437,13,0,0,13,3
2020-11-07,US,Montana,Wheatland,76,3,0,46.46652491,-109.84646359999999,30107.0,3574.788334901223,3.947368421052632,73,76,3,0,73,74,2236,0,0,0,0,2
2020-11-07,US,Montana,Wibaux,47,0,0,46.95925154,-104.2510927,30109.0,4850.361197110423,0.0,47,47,0,0,47,47,1034,0,0,0,0,0
2020-11-07,US,Montana,Yellowstone,7688,97,0,45.93955949,-108.26914860000001,30111.0,4766.274023558586,1.261706555671176,7591,7552,97,0,7455,7447,160137,136,0,0,136,105
2020-11-07,US,Nebraska,Adams,1050,16,0,40.52449420000001,-98.50117804,31001.0,3347.894015240889,1.5238095238095235,1034,1031,16,0,1015,1010,31511,19,0,0,19,21
2020-11-07,US,Nebraska,Antelope,210,1,0,42.17695516,-98.06662829999999,31003.0,3334.3918704350585,0.4761904761904762,209,204,1,0,203,203,6336,6,0,0,6,1
2020-11-07,US,Nebraska,Arthur,6,0,0,41.56896142,-101.6959559,31005.0,1295.8963282937366,0.0,6,6,0,0,6,6,465,0,0,0,0,0
2020-11-07,US,Nebraska,Banner,5,0,0,41.54634427,-103.7114332,31007.0,671.1409395973154,0.0,5,5,0,0,5,4,730,0,0,0,0,1
2020-11-07,US,Nebraska,Blaine,6,0,0,41.91311716,-99.97677845,31009.0,1290.3225806451612,0.0,6,5,0,0,5,4,476,1,0,0,1,1
2020-11-07,US,Nebraska,Boone,203,0,0,41.70759415,-98.06737183,31011.0,3909.8613251155625,0.0,203,197,0,0,197,186,5239,6,0,0,6,11
2020-11-07,US,Nebraska,Box Butte,338,1,0,42.22079243,-103.08788340000001,31013.0,3134.563665028285,0.2958579881656805,337,325,1,0,324,308,10772,13,0,0,13,17
2020-11-07,US,Nebraska,Boyd,86,1,0,42.899727399999996,-98.76486568,31015.0,4481.500781657113,1.162790697674419,85,85,1,0,84,84,1955,1,0,0,1,1
2020-11-07,US,Nebraska,Brown,96,0,0,42.43018907,-99.92904055,31017.0,3248.730964467005,0.0,96,94,0,0,94,92,2973,2,0,0,2,2
2020-11-07,US,Nebraska,Buffalo,2316,19,0,40.85486962,-99.07500296,31019.0,4663.807164864375,0.8203799654576857,2297,2285,19,0,2266,2195,49615,31,0,0,31,90
2020-11-07,US,Nebraska,Burt,219,1,0,41.85056773,-96.32605633,31021.0,3390.6177426846252,0.45662100456620996,218,206,1,0,205,194,6488,13,0,0,13,12
2020-11-07,US,Nebraska,Butler,347,2,0,41.22703692,-97.13106306,31023.0,4328.842315369261,0.5763688760806917,345,334,2,0,332,332,8058,13,0,0,13,2
2020-11-07,US,Nebraska,Cass,716,5,0,40.90899107,-96.13971217,31025.0,2727.826882048156,0.6983240223463687,711,692,5,0,687,674,26159,24,0,0,24,18
2020-11-07,US,Nebraska,Cedar,199,0,0,42.598885100000004,-97.25311951,31027.0,2368.483694358486,0.0,199,195,0,0,195,185,8446,4,0,0,4,10
2020-11-07,US,Nebraska,Chase,191,1,0,40.523719799999995,-101.69780259999999,31029.0,4867.482161060143,0.5235602094240838,190,188,1,0,187,177,3977,3,0,0,3,11
2020-11-07,US,Nebraska,Cherry,108,4,0,42.54502621,-101.1244332,31031.0,1898.4004218667608,3.703703703703704,104,106,4,0,102,91,5761,2,0,0,2,15
2020-11-07,US,Nebraska,Cheyenne,207,0,0,41.21999357,-102.9941693,31033.0,2323.232323232324,0.0,207,178,0,0,178,145,9310,29,0,0,29,33
2020-11-07,US,Nebraska,Clay,225,1,0,40.52439441,-98.05126296,31035.0,3627.2771239722715,0.4444444444444444,224,221,1,0,220,221,6214,4,0,0,4,0
2020-11-07,US,Nebraska,Colfax,1049,7,0,41.57486951,-97.0868542,31037.0,9795.499112895695,0.667302192564347,1042,1025,7,0,1018,1018,10881,24,0,0,24,7
2020-11-07,US,Nebraska,Cuming,388,3,0,41.91637624,-96.78730772,31039.0,4386.163237621524,0.7731958762886598,385,373,3,0,370,358,8940,15,0,0,15,15
2020-11-07,US,Nebraska,Custer,302,6,0,41.39374521,-99.72805369,31041.0,2802.264080913056,1.9867549668874167,296,284,6,0,278,274,10840,18,0,0,18,10
2020-11-07,US,Nebraska,Dakota,2704,49,0,42.39040144,-96.56656425,31043.0,13502.446819135124,1.8121301775147929,2655,2690,49,0,2641,2671,20083,14,0,0,14,19
2020-11-07,US,Nebraska,Dawes,312,5,0,42.71985036,-103.1313774,31045.0,3632.5532658051,1.6025641025641026,307,311,5,0,306,303,8716,1,0,0,1,8
2020-11-07,US,Nebraska,Dawson,1482,15,0,40.87028216,-99.82014609999999,31047.0,6280.99173553719,1.0121457489878545,1467,1473,15,0,1458,1445,23709,9,0,0,9,28
2020-11-07,US,Nebraska,Deuel,20,0,0,41.11168186,-102.33333309999999,31049.0,1114.8272017837237,0.0,20,19,0,0,19,17,1825,1,0,0,1,2
2020-11-07,US,Nebraska,Dixon,212,3,0,42.49188363,-96.86782408,31051.0,3761.533002129169,1.4150943396226414,209,205,3,0,202,194,5709,7,0,0,7,11
2020-11-07,US,Nebraska,Dodge,2023,23,0,41.58071748,-96.65598179,31053.0,5532.613154656093,1.1369253583786456,2000,1977,23,0,1954,1906,36791,46,0,0,46,71
2020-11-07,US,Nebraska,Douglas,26422,238,0,41.29518299,-96.15085305,31055.0,4624.672035454302,0.9007645144198017,26184,25917,238,0,25679,25328,566880,505,0,0,505,589
2020-11-07,US,Nebraska,Dundy,40,2,0,40.17638677,-101.6876522,31057.0,2362.669816893089,5.0,38,37,2,0,35,34,1770,3,0,0,3,3
2020-11-07,US,Nebraska,Fillmore,179,2,0,40.52458567,-97.59646937,31059.0,3277.187843280849,1.11731843575419,177,176,2,0,174,171,5527,3,0,0,3,5
2020-11-07,US,Nebraska,Franklin,112,1,0,40.17636348,-98.95299073,31061.0,3759.650889560255,0.8928571428571429,111,112,1,0,111,106,3023,0,0,0,0,6
2020-11-07,US,Nebraska,Frontier,53,1,0,40.52993007,-100.3924658,31063.0,2017.5104682146937,1.8867924528301887,52,52,1,0,51,50,2608,1,0,0,1,2
2020-11-07,US,Nebraska,Furnas,146,3,0,40.17642064,-99.91247454,31065.0,3122.3267750213868,2.054794520547945,143,141,3,0,138,136,4715,5,0,0,5,5
2020-11-07,US,Nebraska,Gage,733,5,0,40.26186809,-96.68946704,31067.0,3407.2421326639706,0.6821282401091405,728,728,5,0,723,693,21493,5,0,0,5,35
2020-11-07,US,Nebraska,Garden,55,0,0,41.61703149,-102.3313973,31069.0,2994.011976047904,0.0,55,52,0,0,52,50,1897,3,0,0,3,2
2020-11-07,US,Nebraska,Garfield,55,0,0,41.91428955,-98.99111827,31071.0,2793.2960893854747,0.0,55,53,0,0,53,52,1987,2,0,0,2,1
2020-11-07,US,Nebraska,Gosper,78,0,0,40.51481965,-99.83020279,31073.0,3919.5979899497493,0.0,78,77,0,0,77,71,1996,1,0,0,1,6
2020-11-07,US,Nebraska,Grant,6,0,0,41.91528587,-101.740701,31075.0,963.0818619582665,0.0,6,6,0,0,6,6,660,0,0,0,0,0
2020-11-07,US,Nebraska,Greeley,57,0,0,41.56742671,-98.52150266,31077.0,2419.3548387096776,0.0,57,57,0,0,57,54,2356,0,0,0,0,3
2020-11-07,US,Nebraska,Hall,3090,56,0,40.87257079,-98.50218293,31079.0,5036.428536501881,1.812297734627832,3034,3054,56,0,2998,3016,61607,36,0,0,36,38
2020-11-07,US,Nebraska,Hamilton,303,13,0,40.87349452,-98.02099117,31081.0,3249.6782496782507,4.29042904290429,290,300,13,0,287,286,9280,3,0,0,3,14
2020-11-07,US,Nebraska,Harlan,76,0,0,40.17658508,-99.40438879,31083.0,2248.5207100591715,0.0,76,74,0,0,74,71,3401,2,0,0,2,3
2020-11-07,US,Nebraska,Hayes,29,0,0,40.52451972,-101.0603568,31085.0,3145.336225596529,0.0,29,29,0,0,29,27,916,0,0,0,0,2
2020-11-07,US,Nebraska,Hitchcock,61,1,0,40.17609175,-101.04164770000001,31087.0,2208.54453294714,1.639344262295082,60,61,1,0,60,58,2806,0,0,0,0,3
2020-11-07,US,Nebraska,Holt,378,5,0,42.45522056,-98.78402558,31089.0,3754.842554882289,1.3227513227513228,373,376,5,0,371,370,10178,2,0,0,2,6
2020-11-07,US,Nebraska,Hooker,28,1,0,41.91586243,-101.1354293,31091.0,4105.571847507332,3.571428571428572,27,28,1,0,27,27,682,0,0,0,0,1
2020-11-07,US,Nebraska,Howard,201,6,0,41.2200529,-98.5166499,31093.0,3118.696664080683,2.985074626865672,195,200,6,0,194,194,6468,1,0,0,1,6
2020-11-07,US,Nebraska,Jefferson,140,0,0,40.17584531,-97.142601,31095.0,1986.9429463525405,0.0,140,135,0,0,135,129,7097,5,0,0,5,6
2020-11-07,US,Nebraska,Johnson,145,0,0,40.39257596,-96.26522753,31097.0,2859.3965687241166,0.0,145,143,0,0,143,138,5134,2,0,0,2,5
2020-11-07,US,Nebraska,Kearney,302,0,0,40.50663314,-98.94877182,31099.0,4649.730561970747,0.0,302,297,0,0,297,291,6544,5,0,0,5,6
2020-11-07,US,Nebraska,Keith,153,0,0,41.19930341,-101.66201640000001,31101.0,1904.406273338312,0.0,153,139,0,0,139,136,8021,14,0,0,14,3
2020-11-07,US,Nebraska,Keya Paha,10,0,0,42.87990694,-99.71343729,31103.0,1240.6947890818856,0.0,10,10,0,0,10,10,810,0,0,0,0,0
2020-11-07,US,Nebraska,Kimball,88,0,0,41.19774275,-103.7148131,31105.0,2422.9074889867843,0.0,88,86,0,0,86,77,3618,2,0,0,2,9
2020-11-07,US,Nebraska,Knox,325,1,0,42.63758421,-97.89178836,31107.0,3900.624099855977,0.3076923076923077,324,322,1,0,321,313,8419,3,0,0,3,9
2020-11-07,US,Nebraska,Lancaster,10807,49,0,40.78416049,-96.68777155,31109.0,3386.8187658654297,0.4534098269640048,10758,10580,49,0,10531,10275,317272,227,0,0,227,305
2020-11-07,US,Nebraska,Lincoln,1391,8,0,41.04658298,-100.74753740000001,31111.0,3984.075156097841,0.5751258087706685,1383,1322,8,0,1314,1171,35185,69,0,0,69,151
2020-11-07,US,Nebraska,Logan,17,0,0,41.56650314,-100.4817851,31113.0,2272.7272727272725,0.0,17,15,0,0,15,12,749,2,0,0,2,3
2020-11-07,US,Nebraska,Loup,13,0,0,41.91371961,-99.45440415,31115.0,1957.8313253012047,0.0,13,13,0,0,13,12,618,0,0,0,0,1
2020-11-07,US,Nebraska,Madison,1893,12,0,41.91676024,-97.6005481,31119.0,5393.316048890282,0.6339144215530903,1881,1834,12,0,1822,1773,35392,59,0,0,59,61
2020-11-07,US,Nebraska,McPherson,11,0,0,41.56797682,-101.05993620000001,31117.0,2226.7206477732793,0.0,11,11,0,0,11,11,492,0,0,0,0,0
2020-11-07,US,Nebraska,Merrick,235,1,0,41.16624273,-98.0374887,31121.0,3030.3030303030305,0.425531914893617,234,227,1,0,226,194,7733,8,0,0,8,33
2020-11-07,US,Nebraska,Morrill,170,0,0,41.71711774,-103.0061405,31123.0,3662.2145626884962,0.0,170,167,0,0,167,151,4686,3,0,0,3,16
2020-11-07,US,Nebraska,Nance,149,1,0,41.39750195,-97.99327291,31125.0,4234.157431088377,0.6711409395973155,148,145,1,0,144,139,3532,4,0,0,4,6
2020-11-07,US,Nebraska,Nemaha,218,0,0,40.38514847,-95.85433992,31127.0,3126.79288582903,0.0,218,215,0,0,215,207,6958,3,0,0,3,8
2020-11-07,US,Nebraska,Nuckolls,128,0,0,40.17637905,-98.04743961,31129.0,3085.824493731919,0.0,128,126,0,0,126,123,4195,2,0,0,2,3
2020-11-07,US,Nebraska,Otoe,433,1,0,40.64843556,-96.13374142,31131.0,2704.221833624781,0.2309468822170901,432,423,1,0,422,404,15985,10,0,0,10,19
2020-11-07,US,Nebraska,Pawnee,38,0,0,40.13141096,-96.23705437,31133.0,1454.267125908917,0.0,38,37,0,0,37,37,2632,1,0,0,1,0
2020-11-07,US,Nebraska,Perkins,56,10,0,40.85082525,-101.6502942,31135.0,1937.046004842615,17.857142857142858,46,56,10,0,46,56,2929,0,0,0,0,0
2020-11-07,US,Nebraska,Phelps,361,2,0,40.51156033,-99.41461667,31137.0,3996.01505423954,0.554016620498615,359,358,2,0,356,346,8996,3,0,0,3,12
2020-11-07,US,Nebraska,Pierce,283,11,0,42.26434853,-97.60122773,31139.0,3959.149412423055,3.886925795053004,272,276,11,0,265,273,7142,7,0,0,7,3
2020-11-07,US,Nebraska,Platte,2021,12,0,41.57246836,-97.52144359,31141.0,6038.243202868241,0.5937654626422563,2009,1971,12,0,1959,1925,33363,50,0,0,50,46
2020-11-07,US,Nebraska,Polk,237,6,0,41.18813488,-97.56630712,31143.0,4546.326491463648,2.5316455696202533,231,231,6,0,225,225,5278,6,0,0,6,6
2020-11-07,US,Nebraska,Red Willow,336,1,0,40.17556879999999,-100.476998,31145.0,3133.159268929504,0.2976190476190476,335,328,1,0,327,317,10726,8,0,0,8,11
2020-11-07,US,Nebraska,Richardson,175,2,0,40.1247415,-95.71755036,31147.0,2225.047679593134,1.1428571428571428,173,167,2,0,165,159,7937,8,0,0,8,8
2020-11-07,US,Nebraska,Rock,67,1,0,42.42252217,-99.44832069,31149.0,4937.361827560796,1.492537313432836,66,67,1,0,66,66,1360,0,0,0,0,1
2020-11-07,US,Nebraska,Saline,1077,2,0,40.52418865,-97.14085859,31151.0,7571.709786276715,0.18570102135561745,1075,1060,2,0,1058,1047,14350,17,0,0,17,13
2020-11-07,US,Nebraska,Sarpy,7286,41,0,41.11314181,-96.11156432,31153.0,3892.177183273147,0.5627230304693933,7245,7128,41,0,7087,6927,184459,158,0,0,158,201
2020-11-07,US,Nebraska,Saunders,838,5,0,41.227810299999994,-96.63773905,31155.0,3883.58513300584,0.5966587112171837,833,821,5,0,816,797,21303,17,0,0,17,24
2020-11-07,US,Nebraska,Scotts Bluff,1669,9,0,41.85070896,-103.70809859999999,31157.0,4685.833005783593,0.5392450569203115,1660,1625,9,0,1616,1222,35989,44,0,0,44,403
2020-11-07,US,Nebraska,Seward,536,3,0,40.87241834,-97.139673,31159.0,3101.1339967600093,0.5597014925373134,533,523,3,0,520,494,17318,13,0,0,13,29
2020-11-07,US,Nebraska,Sheridan,176,0,0,42.50284406,-102.4126613,31161.0,3354.9370949294703,0.0,176,175,0,0,175,166,5190,1,0,0,1,9
2020-11-07,US,Nebraska,Sherman,75,3,0,41.22045983,-98.97588642,31163.0,2499.1669443518826,4.0,72,75,3,0,72,73,3038,0,0,0,0,2
2020-11-07,US,Nebraska,Sioux,12,0,0,42.48932059,-103.7576544,31165.0,1029.1595197255574,0.0,12,12,0,0,12,12,1187,0,0,0,0,0
2020-11-07,US,Nebraska,Stanton,110,0,0,41.9169835,-97.19394708,31167.0,1858.108108108108,0.0,110,107,0,0,107,105,5970,3,0,0,3,2
2020-11-07,US,Nebraska,Thayer,96,0,0,40.17626377,-97.59504381,31169.0,1918.8486907855288,0.0,96,92,0,0,92,84,5039,4,0,0,4,8
2020-11-07,US,Nebraska,Thomas,22,0,0,41.91358968,-100.5556632,31171.0,3047.091412742382,0.0,22,22,0,0,22,17,720,0,0,0,0,5
2020-11-07,US,Nebraska,Thurston,394,4,0,42.15725356,-96.54157099,31173.0,5454.042081949059,1.0152284263959392,390,394,4,0,390,384,7303,0,0,0,0,10
2020-11-07,US,Nebraska,Unassigned,683,3,0,0.0,0.0,90031.0,0.0,0.43923865300146414,680,680,2,0,678,666,,3,1,0,2,14
2020-11-07,US,Nebraska,Valley,113,1,0,41.56730777,-98.98197724,31175.0,2717.652717652717,0.8849557522123894,112,111,1,0,110,105,4190,2,0,0,2,6
2020-11-07,US,Nebraska,Washington,685,9,0,41.52815707,-96.22019892,31177.0,3304.5491823049833,1.313868613138686,676,656,9,0,647,620,20667,29,0,0,29,36
2020-11-07,US,Nebraska,Wayne,483,3,0,42.20934475,-97.11926964,31179.0,5146.510388918487,0.6211180124223602,480,463,3,0,460,441,9403,20,0,0,20,22
2020-11-07,US,Nebraska,Webster,133,2,0,40.17642643,-98.50019851,31181.0,3814.166905649556,1.5037593984962403,131,133,2,0,131,130,3533,0,0,0,0,3
2020-11-07,US,Nebraska,Wheeler,5,0,0,41.91482725,-98.52798941,31183.0,638.5696040868455,0.0,5,5,0,0,5,5,805,0,0,0,0,0
2020-11-07,US,Nebraska,York,678,3,0,40.87272618,-97.59710186,31185.0,4956.502668323707,0.4424778761061947,675,666,2,0,664,650,13772,12,1,0,11,16
2020-11-07,US,Nevada,Carson City,875,10,0,39.15509045,-119.7480219,32510.0,1564.8472709063597,1.1428571428571428,865,871,10,0,861,847,55414,4,0,0,4,24
2020-11-07,US,Nevada,Churchill,401,4,0,39.58105744,-118.3394607,32001.0,1609.8598899995984,0.9975062344139652,397,346,4,0,342,313,24440,55,0,0,55,33
2020-11-07,US,Nevada,Clark,88015,1571,0,36.21458855,-115.0130241,32003.0,3882.931908069607,1.784923024484463,86444,86673,1568,0,85105,85641,2231647,1342,3,0,1339,1032
2020-11-07,US,Nevada,Douglas,452,2,0,38.912862,-119.61713329999999,32005.0,924.2408751661383,0.4424778761061947,450,450,2,0,448,445,48467,2,0,0,2,5
2020-11-07,US,Nevada,Elko,1740,15,0,41.14531606,-115.3577619,32007.0,3296.8282238811626,0.8620689655172413,1725,1693,14,0,1679,1659,52460,47,1,0,46,34
2020-11-07,US,Nevada,Eureka,15,0,0,39.98100864,-116.26832040000001,32011.0,739.2804337111877,0.0,15,14,0,0,14,14,2003,1,0,0,1,0
2020-11-07,US,Nevada,Humboldt,194,4,0,41.40692186,-118.11094270000001,32013.0,1152.6350187154655,2.061855670103093,190,193,4,0,189,191,16786,1,0,0,1,2
2020-11-07,US,Nevada,Lander,121,4,0,39.933223299999995,-117.03970749999999,32015.0,2187.2740419378165,3.3057851239669422,117,118,4,0,114,116,5575,3,0,0,3,2
2020-11-07,US,Nevada,Lincoln,50,1,0,37.64268459,-114.8790388,32017.0,964.6922631680493,2.0,49,50,1,0,49,50,5201,0,0,0,0,0
2020-11-07,US,Nevada,Lyon,664,14,0,39.01777974,-119.18704790000001,32019.0,1154.5818118588072,2.108433734939759,650,653,14,0,639,645,55808,11,0,0,11,8
2020-11-07,US,Nevada,Mineral,21,1,0,38.53841696,-118.4344506,32021.0,466.1487236403996,4.761904761904762,20,22,1,0,21,22,4514,-1,0,0,-1,0
2020-11-07,US,Nevada,Nye,866,18,0,38.04264256,-116.47227020000001,32023.0,1861.4448767276401,2.07852193995381,848,827,18,0,809,753,45346,39,0,0,39,74
2020-11-07,US,Nevada,Pershing,27,0,0,40.44003782,-118.40056409999998,32027.0,401.48698884758363,0.0,27,25,0,0,25,25,6666,2,0,0,2,0
2020-11-07,US,Nevada,Storey,25,0,0,39.44875482,-119.5250207,32029.0,606.354596167839,0.0,25,25,0,0,25,24,4029,0,0,0,0,1
2020-11-07,US,Nevada,Washoe,15125,205,0,40.66562265,-119.6631594,32031.0,3207.718034692133,1.3553719008264462,14920,14819,204,0,14615,14486,465735,306,1,0,305,333
2020-11-07,US,Nevada,White Pine,155,1,0,39.44157041,-114.89996599999999,32033.0,1617.9540709812106,0.6451612903225806,154,143,1,0,142,129,9475,12,0,0,12,14
2020-11-07,US,New Hampshire,Belknap,280,6,0,43.51637314,-71.41684235,33001.0,456.747630621666,2.142857142857143,274,274,5,0,269,269,61022,6,1,0,5,5
2020-11-07,US,New Hampshire,Carroll,180,2,0,43.87498583,-71.20430216,33003.0,368.02289920261705,1.1111111111111112,178,178,2,0,176,174,48779,2,0,0,2,4
2020-11-07,US,New Hampshire,Cheshire,241,3,0,42.92015988,-72.25311043,33005.0,316.7510021686272,1.2448132780082988,238,232,3,0,229,225,76493,9,0,0,9,7
2020-11-07,US,New Hampshire,Coos,157,0,0,44.69063265,-71.30633239,33007.0,497.41786268732375,0.0,157,147,0,0,147,144,31589,10,0,0,10,3
2020-11-07,US,New Hampshire,Grafton,302,1,0,43.93779815,-71.82057197,33009.0,335.9811316556527,0.3311258278145696,301,294,1,0,293,282,89786,8,0,0,8,12
2020-11-07,US,New Hampshire,Hillsborough,5908,325,0,42.91537785,-71.7200253,33011.0,1416.7016365925306,5.50101557210562,5583,5841,325,0,5516,5785,415247,67,0,0,67,56
2020-11-07,US,New Hampshire,Merrimack,1051,32,0,43.29662971,-71.6811573,33013.0,694.2288511206082,3.0447193149381535,1019,1030,32,0,998,1009,151132,21,0,0,21,21
2020-11-07,US,New Hampshire,Rockingham,3030,105,0,42.98499744,-71.12883377,33015.0,978.1482330381673,3.4653465346534653,2925,2972,105,0,2867,2916,309176,58,0,0,58,56
2020-11-07,US,New Hampshire,Strafford,912,14,0,43.291833000000004,-71.02336013,33017.0,698.1390613397839,1.5350877192982455,898,882,14,0,868,857,130090,30,0,0,30,25
2020-11-07,US,New Hampshire,Sullivan,118,1,0,43.36094111,-72.22203125,33019.0,273.49001066147497,0.8474576271186439,117,109,1,0,108,103,43144,9,0,0,9,6
2020-11-07,US,New Hampshire,Unassigned,62,0,0,0.0,0.0,90033.0,0.0,0.0,62,53,0,0,53,44,,9,0,0,9,9
2020-11-07,US,New Jersey,Atlantic,5774,270,0,39.47538693,-74.65848483,34001.0,2189.858535290325,4.676134395566332,5504,5649,269,0,5380,5587,265429,125,1,0,124,62
2020-11-07,US,New Jersey,Bergen,26714,2071,0,40.96010917,-74.07164325,34003.0,2865.6879088437913,7.7524893314367,24643,26382,2070,0,24312,26170,936692,332,1,0,331,212
2020-11-07,US,New Jersey,Burlington,9265,520,0,39.87681124,-74.66927768,34005.0,2080.390884452418,5.612520237452779,8745,9126,520,0,8606,9020,445384,139,0,0,139,106
2020-11-07,US,New Jersey,Camden,12899,639,0,39.80343818,-74.96388753,34007.0,2546.8388120938807,4.953872393208776,12260,12662,640,0,12022,12497,507078,237,-1,0,238,165
2020-11-07,US,New Jersey,Cape May,1202,102,0,39.15008829,-74.80170244,34009.0,1305.9681222090635,8.48585690515807,1100,1183,102,0,1081,1177,92560,19,0,0,19,6
2020-11-07,US,New Jersey,Cumberland,4190,162,0,39.37199394,-75.10712559,34011.0,2802.169507848081,3.866348448687351,4028,4159,162,0,3997,4143,150972,31,0,0,31,16
2020-11-07,US,New Jersey,Essex,26970,2153,0,40.78681335,-74.24657979,34013.0,3375.574955411621,7.982944011865035,24817,26608,2152,0,24456,26315,799767,362,1,0,361,293
2020-11-07,US,New Jersey,Gloucester,6079,251,0,39.71581067,-75.13995546,34015.0,2084.447736219123,4.128968580358611,5828,6008,251,0,5757,5937,291408,71,0,0,71,71
2020-11-07,US,New Jersey,Hudson,24801,1538,0,40.73766234,-74.07515667,34017.0,3688.4788761301093,6.201362848272248,23263,24494,1537,0,22957,24306,676061,307,1,0,306,188
2020-11-07,US,New Jersey,Hunterdon,1766,127,0,40.56335249,-74.91284156,34019.0,1419.945164065578,7.191392978482447,1639,1729,127,0,1602,1710,124714,37,0,0,37,19
2020-11-07,US,New Jersey,Mercer,9900,642,0,40.28047017,-74.70479631,34021.0,2694.3907683096104,6.4848484848484835,9258,9774,642,0,9132,9696,369811,126,0,0,126,78
2020-11-07,US,New Jersey,Middlesex,23749,1454,0,40.43629879,-74.41426991,34023.0,2878.4503467618188,6.12236304686513,22295,23539,1453,0,22086,23358,829685,210,1,0,209,181
2020-11-07,US,New Jersey,Monmouth,15128,874,0,40.26549699,-74.22240686,34025.0,2444.751492820725,5.777366472765733,14254,14944,874,0,14070,14827,621354,184,0,0,184,117
2020-11-07,US,New Jersey,Morris,10037,842,0,40.86095313,-74.54553709999998,34027.0,2040.6835486789532,8.388960844873969,9195,9869,841,0,9028,9780,494228,168,1,0,167,89
2020-11-07,US,New Jersey,Ocean,17488,1077,0,39.8895449,-74.28089251,34029.0,2880.171808967927,6.158508691674291,16411,17348,1076,0,16272,17270,601651,140,1,0,139,78
2020-11-07,US,New Jersey,Passaic,22403,1267,0,41.03238628,-74.29954144,34031.0,4464.2963895852345,5.655492567959647,21136,22126,1265,0,20861,21928,503310,277,2,0,275,198
2020-11-07,US,New Jersey,Salem,1230,90,0,39.58719656,-75.34696629999998,34033.0,1971.6277951430634,7.317073170731707,1140,1226,90,0,1136,1218,62607,4,0,0,4,8
2020-11-07,US,New Jersey,Somerset,6890,599,0,40.56465737,-74.61683016,34035.0,2094.6451263779363,8.693759071117562,6291,6813,599,0,6214,6771,331164,77,0,0,77,42
2020-11-07,US,New Jersey,Sussex,1862,198,0,41.13891592,-74.69118243,34037.0,1325.380103638745,10.633727175080557,1664,1845,198,0,1647,1814,140799,17,0,0,17,31
2020-11-07,US,New Jersey,Unassigned,564,0,0,0.0,0.0,90034.0,0.0,0.0,564,563,0,0,563,573,,1,0,0,1,-10
2020-11-07,US,New Jersey,Union,21899,1378,0,40.65835409,-74.30680092,34039.0,3936.25492279016,6.292524772820678,20521,21604,1377,0,20227,21415,558067,295,1,0,294,189
2020-11-07,US,New Jersey,Warren,1772,171,0,40.85951833,-74.99556527,34041.0,1683.3385581426278,9.650112866817157,1601,1729,171,0,1558,1707,105779,43,0,0,43,22
2020-11-07,US,New Mexico,Bernalillo,13493,234,0,35.05163625,-106.6703554,35001.0,1986.8329796899227,1.7342325650337211,13259,13170,227,0,12943,12828,678701,323,7,0,316,342
2020-11-07,US,New Mexico,Catron,10,1,0,33.91514144,-108.4046587,35003.0,283.5270768358378,10.0,9,10,1,0,9,10,3578,0,0,0,0,0
2020-11-07,US,New Mexico,Chaves,2470,21,0,33.36406072,-104.4665365,35005.0,3822.6418014392943,0.8502024291497976,2449,2414,20,0,2394,2376,64689,56,1,0,55,38
2020-11-07,US,New Mexico,Cibola,775,28,0,34.91131525,-107.998876,35006.0,2905.342080599813,3.612903225806452,747,768,28,0,740,758,26746,7,0,0,7,10
2020-11-07,US,New Mexico,Colfax,56,1,0,36.60569702,-104.64726740000002,35007.0,468.97244786868765,1.7857142857142858,55,52,1,0,51,49,12110,4,0,0,4,3
2020-11-07,US,New Mexico,Curry,1886,13,0,34.57421077,-103.34688759999999,35009.0,3852.596314907873,0.6892895015906679,1873,1850,13,0,1837,1799,49437,36,0,0,36,51
2020-11-07,US,New Mexico,De Baca,4,0,0,34.34274529,-104.4117842,35011.0,228.8329519450801,0.0,4,3,0,0,3,3,1781,1,0,0,1,0
2020-11-07,US,New Mexico,Dona Ana,8089,101,0,32.35275771,-106.83293870000001,35013.0,3707.234354591077,1.2486092224007912,7988,7887,100,0,7787,7627,217522,202,1,0,201,260
2020-11-07,US,New Mexico,Eddy,1774,27,0,32.47167456,-104.3053527,35015.0,3034.553540882655,1.5219842164599775,1747,1734,26,0,1708,1705,57900,40,1,0,39,29
2020-11-07,US,New Mexico,Grant,232,4,0,32.73911281,-108.3827845,35017.0,859.3229128083561,1.7241379310344829,228,227,4,0,223,223,27346,5,0,0,5,4
2020-11-07,US,New Mexico,Guadalupe,52,1,0,34.86319296,-104.790669,35019.0,1209.3023255813953,1.9230769230769231,51,52,1,0,51,49,4341,0,0,0,0,3
2020-11-07,US,New Mexico,Harding,1,0,0,35.85751555,-103.82209379999999,35021.0,160.0,0.0,1,1,0,0,1,1,655,0,0,0,0,0
2020-11-07,US,New Mexico,Hidalgo,130,2,0,31.91383467,-108.7151824,35023.0,3096.7127203430205,1.5384615384615383,128,130,2,0,128,129,4240,0,0,0,0,1
2020-11-07,US,New Mexico,Lea,2494,33,0,32.79215361,-103.4123733,35025.0,3509.216265653581,1.3231756214915795,2461,2438,32,0,2406,2400,69611,56,1,0,55,38
2020-11-07,US,New Mexico,Lincoln,427,6,0,33.74526079,-105.4586166,35027.0,2181.6881258941344,1.4051522248243558,421,421,6,0,415,412,19556,6,0,0,6,9
2020-11-07,US,New Mexico,Los Alamos,63,0,0,35.86631386,-106.31349850000001,35028.0,325.2620166245032,0.0,63,62,0,0,62,60,19101,1,0,0,1,2
2020-11-07,US,New Mexico,Luna,1363,15,0,32.18179341,-107.75088259999998,35029.0,5748.871736471382,1.1005135730007336,1348,1338,15,0,1323,1301,23963,25,0,0,25,37
2020-11-07,US,New Mexico,McKinley,4988,262,0,35.58007720000001,-108.262245,35031.0,6989.224711701487,5.2526062550120285,4726,4911,262,0,4649,4886,72290,77,0,0,77,25
2020-11-07,US,New Mexico,Mora,17,0,0,36.01095101,-104.9497716,35033.0,376.02300376023004,0.0,17,17,0,0,17,16,4506,0,0,0,0,1
2020-11-07,US,New Mexico,Otero,693,17,0,32.61348406,-105.7417604,35035.0,1026.818787968588,2.453102453102453,676,645,17,0,628,621,66781,48,0,0,48,24
2020-11-07,US,New Mexico,Quay,124,2,0,35.10403332,-103.54817270000001,35037.0,1502.4839452320368,1.6129032258064515,122,119,2,0,117,117,8253,5,0,0,5,2
2020-11-07,US,New Mexico,Rio Arriba,630,15,0,36.51072137,-106.69316740000001,35039.0,1618.6634464684873,2.380952380952381,615,616,15,0,601,588,39006,14,0,0,14,28
2020-11-07,US,New Mexico,Roosevelt,596,10,0,34.02097406,-103.4799493,35041.0,3221.6216216216217,1.6778523489932886,586,579,10,0,569,553,18743,17,0,0,17,26
2020-11-07,US,New Mexico,San Juan,4096,206,0,36.50838318,-108.32043700000001,35045.0,3304.3450200874486,5.029296875,3890,4025,206,0,3819,3991,125043,71,0,0,71,34
2020-11-07,US,New Mexico,San Miguel,226,0,0,35.48014807,-104.8163562,35047.0,828.5368625581993,0.0,226,221,0,0,221,214,27591,5,0,0,5,7
2020-11-07,US,New Mexico,Sandoval,2410,52,0,35.68862401,-106.86878030000001,35043.0,1642.2711042058495,2.1576763485477177,2358,2340,50,0,2290,2273,145179,70,2,0,68,67
2020-11-07,US,New Mexico,Santa Fe,2308,18,0,35.50708973,-105.9774716,35049.0,1535.0031258729166,0.7798960138648181,2290,2244,18,0,2226,2149,150056,64,0,0,64,95
2020-11-07,US,New Mexico,Sierra,158,2,0,33.13028233,-107.1925893,35051.0,1464.1831155592624,1.2658227848101269,156,151,1,0,150,147,10968,7,1,0,6,4
2020-11-07,US,New Mexico,Socorro,312,16,0,34.00715494,-106.9298354,35053.0,1875.3381018212413,5.128205128205129,296,310,16,0,294,296,16735,2,0,0,2,14
2020-11-07,US,New Mexico,Taos,332,6,0,36.58006022,-105.63101979999999,35055.0,1014.576903095682,1.8072289156626504,326,311,5,0,306,305,32835,21,1,0,20,6
2020-11-07,US,New Mexico,Torrance,131,1,0,34.64048375,-105.8508949,35057.0,847.2931893150508,0.7633587786259542,130,128,1,0,127,123,15591,3,0,0,3,5
2020-11-07,US,New Mexico,Unassigned,2010,0,0,0.0,0.0,90035.0,0.0,0.0,2010,1936,0,0,1936,1883,,74,0,0,74,53
2020-11-07,US,New Mexico,Union,47,2,0,36.48126404,-103.4709624,35059.0,1157.9206701157918,4.25531914893617,45,46,2,0,44,46,4118,1,0,0,1,0
2020-11-07,US,New Mexico,Valencia,1274,8,0,34.71669834,-106.8103733,35061.0,1661.2768620905488,0.6279434850863422,1266,1238,7,0,1231,1172,76456,36,1,0,35,66
2020-11-07,US,New York,Albany,4024,140,0,42.60060306,-73.97723916,36001.0,1317.1590737988781,3.479125248508946,3884,3942,140,0,3802,3877,307117,82,0,0,82,65
2020-11-07,US,New York,Allegany,455,16,0,42.25748406,-78.02750466,36003.0,987.1775400837472,3.5164835164835164,439,414,16,0,398,389,46430,41,0,0,41,25
2020-11-07,US,New York,Bronx,56817,5004,0,40.85209301,-73.86282755,36005.0,4006.255786355589,8.807223190242357,51813,56655,5003,0,51652,56460,1432132,162,1,0,161,195
2020-11-07,US,New York,Broome,3982,104,0,42.15903158,-75.81326086,36007.0,2090.4203939355757,2.6117528879959817,3878,3927,104,0,3823,3884,191659,55,0,0,55,43
2020-11-07,US,New York,Cattaraugus,599,18,0,42.24778241,-78.67923096,36009.0,786.9464114455377,3.005008347245409,581,591,18,0,573,582,76840,8,0,0,8,9
2020-11-07,US,New York,Cayuga,518,2,0,42.91261714,-76.55731592,36011.0,676.4521521103218,0.3861003861003861,516,496,2,0,494,486,77145,22,0,0,22,10
2020-11-07,US,New York,Chautauqua,1103,15,0,42.22769210000001,-79.36691763,36013.0,869.1677895715625,1.3599274705349047,1088,1094,15,0,1079,1081,127939,9,0,0,9,13
2020-11-07,US,New York,Chemung,2096,22,0,42.13891056,-76.7638805,36015.0,2511.5030674846626,1.049618320610687,2074,2046,22,0,2024,1996,84254,50,0,0,50,50
2020-11-07,US,New York,Chenango,455,9,0,42.49430041,-75.60887553,36017.0,963.8401084584912,1.978021978021978,446,449,9,0,440,443,47536,6,0,0,6,6
2020-11-07,US,New York,Clinton,297,5,0,44.74530905,-73.67875352,36019.0,369.0128595390445,1.6835016835016836,292,292,5,0,287,288,80695,5,0,0,5,4
2020-11-07,US,New York,Columbia,789,43,0,42.24819348,-73.63089095,36021.0,1326.9201661593313,5.4499366286438535,746,782,43,0,739,774,59916,7,0,0,7,8
2020-11-07,US,New York,Cortland,633,1,0,42.59509207,-76.07048931,36023.0,1330.362960005044,0.1579778830963665,632,622,1,0,621,613,47823,11,0,0,11,9
2020-11-07,US,New York,Delaware,227,7,0,42.19837623,-74.96709306,36025.0,514.3310297949473,3.0837004405286343,220,222,7,0,215,213,44527,5,0,0,5,9
2020-11-07,US,New York,Dutchess,5739,166,0,41.76486060000001,-73.74356679,36027.0,1950.5944571712128,2.892489980832898,5573,5710,166,0,5544,5669,293718,29,0,0,29,41
2020-11-07,US,New York,Erie,14717,728,0,42.76249024,-78.73063652,36029.0,1601.934033016147,4.946660324794456,13989,14338,728,0,13610,14123,919719,379,0,0,379,215
2020-11-07,US,New York,Essex,216,0,0,44.11630765,-73.77297842,36031.0,585.6039040260267,0.0,216,213,0,0,213,212,37300,3,0,0,3,1
2020-11-07,US,New York,Franklin,127,0,0,44.59040891,-74.29926032,36033.0,253.8882891527728,0.0,127,114,0,0,114,105,50293,13,0,0,13,9
2020-11-07,US,New York,Fulton,372,24,0,43.11363907,-74.41798804,36035.0,696.8510574527472,6.451612903225807,348,372,24,0,348,370,53591,0,0,0,0,2
2020-11-07,US,New York,Genesee,465,5,0,43.0022601,-78.19135193,36037.0,811.8016759776536,1.075268817204301,460,450,5,0,445,441,57511,15,0,0,15,9
2020-11-07,US,New York,Greene,552,18,0,42.275797,-74.12384884,36039.0,1169.7889293888275,3.260869565217391,534,527,18,0,509,523,47491,25,0,0,25,4
2020-11-07,US,New York,Hamilton,19,0,0,43.66146647,-74.49721957,36041.0,430.2536231884058,0.0,19,19,0,0,19,19,4434,0,0,0,0,0
2020-11-07,US,New York,Herkimer,443,10,0,43.42034246,-74.96145307,36043.0,722.4514424566611,2.2573363431151243,433,434,10,0,424,424,61833,9,0,0,9,10
2020-11-07,US,New York,Jefferson,262,0,0,44.04200959,-75.94653457,36045.0,238.54179944279548,0.0,262,260,0,0,260,249,111755,2,0,0,2,11
2020-11-07,US,New York,Kings,78058,7429,0,40.636182500000004,-73.94935552,36047.0,3049.256163221809,9.517282021061263,70629,77709,7425,0,70284,77341,2582830,349,4,0,345,368
2020-11-07,US,New York,Lewis,173,0,0,43.784415700000004,-75.44903992,36049.0,657.8947368421052,0.0,173,171,0,0,171,167,26447,2,0,0,2,4
2020-11-07,US,New York,Livingston,402,8,0,42.72596275,-77.77966158,36051.0,638.9674794163461,1.9900497512437807,394,393,8,0,385,375,63227,9,0,0,9,18
2020-11-07,US,New York,Madison,643,17,0,42.91653905,-75.67266639,36053.0,906.3869976459313,2.6438569206842923,626,627,17,0,610,616,70795,16,0,0,16,11
2020-11-07,US,New York,Monroe,8616,307,0,43.14638895,-77.69322942,36055.0,1161.5460317888294,3.5631383472609097,8309,8398,307,0,8091,8237,742474,218,0,0,218,161
2020-11-07,US,New York,Montgomery,295,4,0,42.90123494,-74.44011632,36057.0,599.3376810710877,1.3559322033898304,291,292,4,0,288,283,49455,3,0,0,3,9
2020-11-07,US,New York,Nassau,51418,2221,0,40.74066522,-73.58941873,36059.0,3789.305812263621,4.319499008129449,49197,51164,2216,0,48948,50918,1358343,254,5,0,249,246
2020-11-07,US,New York,New York,37641,3199,0,40.76727260000001,-73.97152637,36061.0,2311.0985039657253,8.498711511383863,34442,37430,3200,0,34230,37278,,211,-1,0,212,152
2020-11-07,US,New York,Niagara,2313,102,0,43.19898042,-78.74777412,36063.0,1105.212608884705,4.409857328145267,2211,2274,102,0,2172,2231,210433,39,0,0,39,43
2020-11-07,US,New York,Oneida,3039,132,0,43.24375382,-75.43710392,36065.0,1328.983561536006,4.343534057255677,2907,2993,132,0,2861,2946,229577,46,0,0,46,47
2020-11-07,US,New York,Onondaga,6396,212,0,43.00491923,-76.19971155,36067.0,1388.840635097106,3.3145716072545337,6184,6257,212,0,6045,6122,461809,139,0,0,139,135
2020-11-07,US,New York,Ontario,794,36,0,42.85145728,-77.30874425,36069.0,723.2844767118794,4.534005037783375,758,778,36,0,742,758,109864,16,0,0,16,20
2020-11-07,US,New York,Orange,14301,508,0,41.40337468,-74.30240757,36071.0,3715.12443497688,3.552199146912803,13793,14221,508,0,13713,14135,381951,80,0,0,80,86
2020-11-07,US,New York,Orleans,434,54,0,43.2516977,-78.2320066,36073.0,1075.5352894528153,12.442396313364055,380,429,54,0,375,422,40612,5,0,0,5,7
2020-11-07,US,New York,Oswego,734,5,0,43.42778894,-76.14635194,36075.0,626.6862470544038,0.6811989100817438,729,711,5,0,706,689,117898,23,0,0,23,22
2020-11-07,US,New York,Otsego,442,5,0,42.63492579,-75.03151402,36077.0,742.9445480980955,1.1312217194570136,437,440,5,0,435,437,59749,2,0,0,2,3
2020-11-07,US,New York,Putnam,1937,63,0,41.42630093,-73.74965532,36079.0,1970.0976403580146,3.2524522457408365,1874,1921,63,0,1858,1896,98892,16,0,0,16,25
2020-11-07,US,New York,Queens,79043,7302,0,40.71088124,-73.81684712,36081.0,3507.0088710113946,9.238009690927722,71741,78737,7301,0,71436,78440,2278906,306,1,0,305,297
2020-11-07,US,New York,Rensselaer,1184,42,0,42.71348136,-73.51089874,36083.0,745.995942386935,3.5472972972972974,1142,1175,42,0,1133,1161,159442,9,0,0,9,14
2020-11-07,US,New York,Richmond,18269,1100,0,40.58582155,-74.14808598,36085.0,3836.8725361918573,6.021128687941323,17169,18132,1100,0,17032,17941,476179,137,0,0,137,191
2020-11-07,US,New York,Rockland,18854,684,0,41.15027894,-74.02560498,36087.0,5787.181273769219,3.6278773735016436,18170,18756,684,0,18072,18683,325695,98,0,0,98,73
2020-11-07,US,New York,Saratoga,1520,19,0,43.10904162,-73.86653895,36091.0,661.2634482278576,1.25,1501,1503,19,0,1484,1482,230163,17,0,0,17,21
2020-11-07,US,New York,Schenectady,1701,51,0,42.81668777,-74.05278291,36093.0,1095.30647331921,2.998236331569665,1650,1687,51,0,1636,1666,155350,14,0,0,14,21
2020-11-07,US,New York,Schoharie,121,0,0,42.58831742,-74.44339029999998,36095.0,390.3351721023259,0.0,121,120,0,0,120,119,31097,1,0,0,1,1
2020-11-07,US,New York,Schuyler,178,0,0,42.39184015,-76.8773299,36097.0,999.6068961644296,0.0,178,172,0,0,172,166,17912,6,0,0,6,6
2020-11-07,US,New York,Seneca,171,5,0,42.78081007,-76.82497064,36099.0,502.70460959548444,2.9239766081871346,166,167,5,0,162,163,34300,4,0,0,4,4
2020-11-07,US,New York,St. Lawrence,471,5,0,44.4976179,-75.06550039,36089.0,437.16354186003343,1.0615711252653928,466,461,5,0,456,449,108047,10,0,0,10,12
2020-11-07,US,New York,Steuben,1200,57,0,42.2689144,-77.3829924,36101.0,1258.1385839650238,4.75,1143,1176,57,0,1119,1159,95796,24,0,0,24,17
2020-11-07,US,New York,Suffolk,50469,2022,0,40.88320119,-72.8012172,36103.0,3417.91723017931,4.006419782440706,48447,50210,2021,0,48189,50033,1481093,259,1,0,258,177
2020-11-07,US,New York,Sullivan,1891,48,0,41.71579493,-74.76394559,36105.0,2506.893626047301,2.538339502908514,1843,1882,48,0,1834,1862,75498,9,0,0,9,20
2020-11-07,US,New York,Tioga,823,39,0,42.16852837,-76.30835812,36107.0,1707.3626122855426,4.738760631834751,784,792,39,0,753,775,48560,31,0,0,31,17
2020-11-07,US,New York,Tompkins,690,0,0,42.44945765,-76.47229843,36109.0,675.2789195537288,0.0,690,678,0,0,678,675,102793,12,0,0,12,3
2020-11-07,US,New York,Ulster,2607,98,0,41.89027881,-74.26252104,36111.0,1468.1286006318528,3.759110088224012,2509,2599,98,0,2501,2588,178599,8,0,0,8,11
2020-11-07,US,New York,Unassigned,0,26,0,0.0,0.0,90036.0,0.0,0.0,-26,0,25,0,-25,0,,0,1,0,-1,0
2020-11-07,US,New York,Warren,480,35,0,43.56173026,-73.8433699,36113.0,750.6568247216313,7.291666666666668,445,475,35,0,440,474,64265,5,0,0,5,1
2020-11-07,US,New York,Washington,380,14,0,43.31153794,-73.43043448,36115.0,620.8744526501538,3.684210526315789,366,377,14,0,363,361,61197,3,0,0,3,16
2020-11-07,US,New York,Wayne,655,6,0,43.15494365,-77.02976528,36117.0,728.441468893881,0.916030534351145,649,639,6,0,633,622,90064,16,0,0,16,17
2020-11-07,US,New York,Westchester,41954,1476,0,41.16278376,-73.75741653,36119.0,4336.303857547136,3.51813891404872,40478,41720,1472,0,40248,41542,967612,234,4,0,230,178
2020-11-07,US,New York,Wyoming,243,5,0,42.70145109,-78.22199579,36121.0,609.6490127700142,2.05761316872428,238,230,5,0,225,226,40085,13,0,0,13,4
2020-11-07,US,New York,Yates,161,7,0,42.63505484,-77.10369919,36123.0,646.2489463332397,4.3478260869565215,154,156,7,0,149,153,24841,5,0,0,5,3
2020-11-07,US,North Carolina,Alamance,5646,93,0,36.0434701,-79.39976137,37001.0,3330.796594871069,1.6471838469713072,5553,5609,92,0,5517,5551,166436,37,1,0,36,58
2020-11-07,US,North Carolina,Alexander,1120,12,0,35.922379600000006,-81.17751948,37003.0,2986.9056191161962,1.0714285714285714,1108,1084,12,0,1072,1038,37353,36,0,0,36,46
2020-11-07,US,North Carolina,Alleghany,348,1,0,36.49360862,-81.12857041,37005.0,3124.719403789172,0.28735632183908044,347,345,1,0,344,340,11161,3,0,0,3,5
2020-11-07,US,North Carolina,Anson,767,13,0,34.97403241,-80.09953279,37007.0,3137.527611879244,1.6949152542372878,754,755,13,0,742,754,24877,12,0,0,12,1
2020-11-07,US,North Carolina,Ashe,547,3,0,36.43296207,-81.49862729,37009.0,2010.8076315112305,0.5484460694698354,544,533,3,0,530,521,27109,14,0,0,14,12
2020-11-07,US,North Carolina,Avery,680,2,0,36.07569796,-81.92308483,37011.0,3873.0990488124403,0.29411764705882354,678,678,2,0,676,673,17505,2,0,0,2,5
2020-11-07,US,North Carolina,Beaufort,1486,47,0,35.48531943,-76.84325809,37013.0,3162.10580074052,3.1628532974427994,1439,1477,47,0,1430,1462,47079,9,0,0,9,15
2020-11-07,US,North Carolina,Bertie,747,21,0,36.0688473,-76.96545943,37015.0,3942.576661212857,2.8112449799196786,726,747,21,0,726,744,19026,0,0,0,0,3
2020-11-07,US,North Carolina,Bladen,1132,19,0,34.61296243,-78.56180059,37017.0,3459.446244117108,1.6784452296819787,1113,1126,19,0,1107,1128,33190,6,0,0,6,-2
2020-11-07,US,North Carolina,Brunswick,2350,52,0,34.070565,-78.22814204,37019.0,1645.4278112309198,2.2127659574468086,2298,2334,52,0,2282,2311,136744,16,0,0,16,23
2020-11-07,US,North Carolina,Buncombe,4511,108,0,35.61113393,-82.53305,37021.0,1727.088605656397,2.3941476391044114,4403,4475,108,0,4367,4443,259103,36,0,0,36,32
2020-11-07,US,North Carolina,Burke,2976,57,0,35.74989637,-81.70755735,37023.0,3288.942918715809,1.9153225806451613,2919,2937,57,0,2880,2899,90382,39,0,0,39,38
2020-11-07,US,North Carolina,Cabarrus,5345,95,0,35.3877799,-80.55267168,37025.0,2469.358244052981,1.7773620205799814,5250,5281,95,0,5186,5237,211342,64,0,0,64,44
2020-11-07,US,North Carolina,Caldwell,2847,19,0,35.95204977,-81.54799522,37027.0,3464.430869575799,0.6673691605198454,2828,2813,19,0,2794,2795,82029,34,0,0,34,18
2020-11-07,US,North Carolina,Camden,145,3,0,36.33804939,-76.15568396,37029.0,1334.3148983160029,2.0689655172413794,142,145,3,0,142,144,10710,0,0,0,0,1
2020-11-07,US,North Carolina,Carteret,1324,5,0,34.8932941,-76.54120135,37031.0,1905.7763447670318,0.3776435045317221,1319,1293,5,0,1288,1278,69524,31,0,0,31,15
2020-11-07,US,North Carolina,Caswell,675,6,0,36.39312665,-79.33353281,37033.0,2986.197133250752,0.8888888888888888,669,670,6,0,664,661,22698,5,0,0,5,9
2020-11-07,US,North Carolina,Catawba,5092,63,0,35.66211129,-81.2132617,37035.0,3191.45602346585,1.237234878240377,5029,5034,63,0,4971,4936,158652,58,0,0,58,98
2020-11-07,US,North Carolina,Chatham,2061,63,0,35.70394416,-79.25541492,37037.0,2767.5574056667115,3.056768558951965,1998,2038,62,0,1976,2022,73139,23,1,0,22,16
2020-11-07,US,North Carolina,Cherokee,820,15,0,35.1349263,-84.05970864,37039.0,2865.930378862016,1.8292682926829267,805,816,15,0,801,806,28383,4,0,0,4,10
2020-11-07,US,North Carolina,Chowan,548,18,0,36.12908077,-76.60118385,37041.0,3930.2875995123,3.2846715328467155,530,546,18,0,528,546,14029,2,0,0,2,0
2020-11-07,US,North Carolina,Clay,255,3,0,35.05704275,-83.74353633,37043.0,2270.5012910693617,1.1764705882352942,252,254,3,0,251,252,11139,1,0,0,1,2
2020-11-07,US,North Carolina,Cleveland,3544,91,0,35.33553364,-81.55204486,37045.0,3618.283357325901,2.5677200902934536,3453,3498,91,0,3407,3458,97645,46,0,0,46,40
2020-11-07,US,North Carolina,Columbus,1900,66,0,34.26744084,-78.65801424,37047.0,3422.930028104057,3.4736842105263164,1834,1891,64,0,1827,1832,55655,9,2,0,7,59
2020-11-07,US,North Carolina,Craven,2536,64,0,35.11833364,-77.08398081,37049.0,2482.8909623160594,2.5236593059936907,2472,2525,63,0,2462,2502,102912,11,1,0,10,23
2020-11-07,US,North Carolina,Cumberland,7702,105,0,35.04762133,-78.82623165,37051.0,2295.616511032491,1.363282264346923,7597,7649,105,0,7544,7561,332330,53,0,0,53,88
2020-11-07,US,North Carolina,Currituck,243,4,0,36.36123664,-75.95876401,37053.0,875.2656413211829,1.6460905349794241,239,240,4,0,236,238,27072,3,0,0,3,2
2020-11-07,US,North Carolina,Dare,432,3,0,35.66520691,-75.71767334,37055.0,1167.283633710719,0.6944444444444444,429,425,3,0,422,414,36501,7,0,0,7,11
2020-11-07,US,North Carolina,Davidson,4100,47,0,35.79115496,-80.21256572,37057.0,2446.1693584473387,1.146341463414634,4053,4053,47,0,4006,3991,166614,47,0,0,47,62
2020-11-07,US,North Carolina,Davie,854,8,0,35.93099927,-80.54496571,37059.0,1993.184894739299,0.936768149882904,846,843,8,0,835,825,42733,11,0,0,11,18
2020-11-07,US,North Carolina,Duplin,2951,54,0,34.93449805,-77.93140529,37061.0,5023.748318891405,1.8298881735005084,2897,2941,54,0,2887,2922,58856,10,0,0,10,19
2020-11-07,US,North Carolina,Durham,9709,102,0,36.03638492,-78.87608331,37063.0,3020.019409744687,1.0505716345658669,9607,9631,102,0,9529,9511,316739,78,0,0,78,120
2020-11-07,US,North Carolina,Edgecombe,2156,65,0,35.91230639,-77.59436892,37065.0,4188.685110351259,3.0148423005565865,2091,2147,65,0,2082,2134,52005,9,0,0,9,13
2020-11-07,US,North Carolina,Forsyth,9818,129,0,36.12859861,-80.25459052,37067.0,2568.173792490093,1.3139132206151969,9689,9682,128,0,9554,9546,379099,136,1,0,135,136
2020-11-07,US,North Carolina,Franklin,1588,32,0,36.081519,-78.28708884,37069.0,2278.826146229461,2.0151133501259446,1556,1555,32,0,1523,1544,67560,33,0,0,33,11
2020-11-07,US,North Carolina,Gaston,8269,145,0,35.29373559,-81.17477045,37071.0,3682.820481986737,1.7535373080178982,8124,8183,145,0,8038,8102,222846,86,0,0,86,81
2020-11-07,US,North Carolina,Gates,172,3,0,36.44667547,-76.69749701,37073.0,1487.6318975955717,1.7441860465116281,169,172,3,0,169,172,11573,0,0,0,0,0
2020-11-07,US,North Carolina,Graham,256,10,0,35.3506925,-83.83369267,37075.0,3032.8160170595893,3.90625,246,256,10,0,246,254,8484,0,0,0,0,2
2020-11-07,US,North Carolina,Granville,2164,52,0,36.30337451,-78.65184241,37077.0,3580.232615852952,2.4029574861367844,2112,2143,51,0,2092,2130,60115,21,1,0,20,13
2020-11-07,US,North Carolina,Greene,1020,16,0,35.48544173,-77.67578087,37079.0,4841.235939057383,1.568627450980392,1004,997,16,0,981,991,21012,23,0,0,23,6
2020-11-07,US,North Carolina,Guilford,12802,215,0,36.07959451,-79.78824948,37081.0,2383.2128881889294,1.679425089829714,12587,12629,215,0,12414,12444,533670,173,0,0,173,185
2020-11-07,US,North Carolina,Halifax,1574,31,0,36.25669272,-77.6556109,37083.0,3147.370525894821,1.9695044472681067,1543,1560,31,0,1529,1547,50574,14,0,0,14,13
2020-11-07,US,North Carolina,Harnett,3224,75,0,35.36731853,-78.87243571,37085.0,2371.006648232041,2.3263027295285363,3149,3197,75,0,3122,3167,134214,27,0,0,27,30
2020-11-07,US,North Carolina,Haywood,802,36,0,35.55269063,-82.98196486,37087.0,1286.9682430155494,4.488778054862842,766,791,36,0,755,783,61971,11,0,0,11,8
2020-11-07,US,North Carolina,Henderson,2659,67,0,35.33788927,-82.4766782,37089.0,2264.5783830280106,2.5197442647611883,2592,2644,67,0,2577,2630,116748,15,0,0,15,14
2020-11-07,US,North Carolina,Hertford,883,35,0,36.3607755,-76.98104134,37091.0,3729.357604426236,3.963759909399773,848,881,35,0,846,878,23659,2,0,0,2,3
2020-11-07,US,North Carolina,Hoke,1659,27,0,35.01888303,-79.23651674,37093.0,3003.5847485244594,1.6274864376130198,1632,1647,26,0,1621,1630,54764,12,1,0,11,17
2020-11-07,US,North Carolina,Hyde,178,5,0,35.42017674,-76.15180542,37095.0,3605.428397812437,2.808988764044944,173,177,5,0,172,177,5230,1,0,0,1,0
2020-11-07,US,North Carolina,Iredell,4204,34,0,35.80950511,-80.8743128,37097.0,2312.3549277801612,0.8087535680304472,4170,4158,34,0,4124,4117,178435,46,0,0,46,41
2020-11-07,US,North Carolina,Jackson,1178,8,0,35.28814273,-83.14093385,37099.0,2681.0505712595027,0.6791171477079796,1170,1170,8,0,1162,1159,43327,8,0,0,8,11
2020-11-07,US,North Carolina,Johnston,6141,69,0,35.51745004,-78.36622717,37101.0,2933.519315559929,1.1235955056179776,6072,6108,68,0,6040,6024,202675,33,1,0,32,84
2020-11-07,US,North Carolina,Jones,211,15,0,35.02254606,-77.35870791,37103.0,2240.1528824716,7.109004739336492,196,210,15,0,195,208,9637,1,0,0,1,2
2020-11-07,US,North Carolina,Lee,2219,24,0,35.47623147,-79.17569362,37105.0,3591.8354133281537,1.081568273997296,2195,2213,22,0,2191,2204,61452,6,2,0,4,9
2020-11-07,US,North Carolina,Lenoir,1643,42,0,35.24032589999999,-77.64245615,37107.0,2936.602977711845,2.556299452221546,1601,1610,42,0,1568,1586,55976,33,0,0,33,24
2020-11-07,US,North Carolina,Lincoln,2700,16,0,35.48508185,-81.21740317,37109.0,3135.4879167586023,0.5925925925925926,2684,2663,16,0,2647,2638,83770,37,0,0,37,25
2020-11-07,US,North Carolina,Macon,801,7,0,35.14867843,-83.41696617,37113.0,2233.8111439567183,0.8739076154806492,794,789,7,0,782,787,35285,12,0,0,12,2
2020-11-07,US,North Carolina,Madison,334,7,0,35.85402722,-82.71346418,37115.0,1535.2792461503104,2.0958083832335332,327,332,5,0,327,321,21763,2,2,0,0,11
2020-11-07,US,North Carolina,Martin,699,20,0,35.84326734,-77.10860251,37117.0,3114.9732620320856,2.861230329041488,679,695,20,0,675,688,22671,4,0,0,4,7
2020-11-07,US,North Carolina,McDowell,1452,34,0,35.67736232,-82.0482425,37111.0,3173.3543141883033,2.3415977961432506,1418,1440,34,0,1406,1428,45507,12,0,0,12,12
2020-11-07,US,North Carolina,Mecklenburg,36106,405,0,35.24469268,-80.8317671,37119.0,3251.7498892247168,1.121697224837977,35701,35845,403,0,35442,35609,1093901,261,2,0,259,236
2020-11-07,US,North Carolina,Mitchell,320,4,0,36.01059309,-82.1582442,37121.0,2138.4656508954827,1.25,316,312,4,0,308,301,15000,8,0,0,8,11
2020-11-07,US,North Carolina,Montgomery,1244,39,0,35.33155144,-79.90416657,37123.0,4578.073823280462,3.1350482315112536,1205,1243,39,0,1204,1235,27271,1,0,0,1,8
2020-11-07,US,North Carolina,Moore,2397,56,0,35.30885257,-79.48474178,37125.0,2376.09040444092,2.3362536503963294,2341,2382,56,0,2326,2366,98682,15,0,0,15,16
2020-11-07,US,North Carolina,Nash,3739,83,0,35.96575634,-77.98422508,37127.0,3965.089397442152,2.2198448783097087,3656,3697,83,0,3614,3656,94016,42,0,0,42,41
2020-11-07,US,North Carolina,New Hanover,5688,44,0,34.25758282,-77.87075626,37129.0,2425.8656647033986,0.7735583684950773,5644,5648,42,0,5606,5593,232274,40,2,0,38,55
2020-11-07,US,North Carolina,Northampton,622,22,0,36.41736238,-77.39769443,37131.0,3192.526818251809,3.536977491961415,600,615,22,0,593,607,19676,7,0,0,7,8
2020-11-07,US,North Carolina,Onslow,3844,33,0,34.72607366,-77.42908179,37133.0,1942.022249391224,0.858480749219563,3811,3799,33,0,3766,3751,197683,45,0,0,45,48
2020-11-07,US,North Carolina,Orange,3290,59,0,36.06092947,-79.12167935,37135.0,2215.846332067136,1.793313069908815,3231,3260,59,0,3201,3236,146027,30,0,0,30,24
2020-11-07,US,North Carolina,Pamlico,336,3,0,35.15253315,-76.66559823,37137.0,2640.2640264026404,0.8928571428571429,333,338,3,0,335,337,12670,-2,0,0,-2,1
2020-11-07,US,North Carolina,Pasquotank,924,35,0,36.26723798,-76.25134778,37139.0,2320.2089192446765,3.787878787878788,889,916,35,0,881,916,39639,8,0,0,8,0
2020-11-07,US,North Carolina,Pender,1534,17,0,34.52265624,-77.90352133,37141.0,2432.603869330796,1.1082138200782268,1517,1523,17,0,1506,1511,62162,11,0,0,11,12
2020-11-07,US,North Carolina,Perquimans,269,4,0,36.17847453,-76.40603143,37143.0,1998.0687811037656,1.4869888475836432,265,267,4,0,263,266,13422,2,0,0,2,1
2020-11-07,US,North Carolina,Person,761,10,0,36.38989032,-78.97217358,37145.0,1927.0701443403393,1.314060446780552,751,757,10,0,747,745,39507,4,0,0,4,12
2020-11-07,US,North Carolina,Pitt,6624,41,0,35.59535426,-77.37353178,37147.0,3664.892498699804,0.6189613526570048,6583,6549,41,0,6508,6493,179914,75,0,0,75,56
2020-11-07,US,North Carolina,Polk,413,13,0,35.27820615,-82.16812354,37149.0,1992.8585215209412,3.1476997578692494,400,413,13,0,400,413,20611,0,0,0,0,0
2020-11-07,US,North Carolina,Randolph,4225,69,0,35.71015088,-79.80570339,37151.0,2940.8284435534947,1.633136094674556,4156,4192,69,0,4123,4139,143351,33,0,0,33,53
2020-11-07,US,North Carolina,Richmond,1532,35,0,35.00417719,-79.74491009,37153.0,3417.4306810323674,2.284595300261097,1497,1521,35,0,1486,1508,44887,11,0,0,11,13
2020-11-07,US,North Carolina,Robeson,6478,101,0,34.64244496,-79.10250529999998,37155.0,4959.234449760766,1.5591231861685706,6377,6431,101,0,6330,6389,131831,47,0,0,47,42
2020-11-07,US,North Carolina,Rockingham,2345,19,0,36.39593137,-79.77504841,37157.0,2576.639929678057,0.8102345415778252,2326,2315,19,0,2296,2264,90690,30,0,0,30,51
2020-11-07,US,North Carolina,Rowan,4482,121,0,35.64003916,-80.52446628,37159.0,3154.3831991441925,2.699687639446676,4361,4435,121,0,4314,4420,141262,47,0,0,47,15
2020-11-07,US,North Carolina,Rutherford,1870,69,0,35.40114178,-81.92112099,37161.0,2789.837234629787,3.6898395721925135,1801,1852,69,0,1783,1844,66826,18,0,0,18,8
2020-11-07,US,North Carolina,Sampson,3032,31,0,34.98820368,-78.36914061,37163.0,4772.473280760573,1.0224274406332454,3001,3010,31,0,2979,2976,63626,22,0,0,22,34
2020-11-07,US,North Carolina,Scotland,1722,31,0,34.8386299,-79.4757978,37165.0,4945.007609912988,1.8002322880371662,1691,1710,30,0,1680,1705,34810,12,1,0,11,5
2020-11-07,US,North Carolina,Stanly,2551,74,0,35.31647813,-80.25093221,37167.0,4061.713848995319,2.9008232065856525,2477,2533,74,0,2459,2523,62075,18,0,0,18,10
2020-11-07,US,North Carolina,Stokes,794,13,0,36.4017975,-80.23893369,37169.0,1741.571801452041,1.6372795969773302,781,781,13,0,768,767,45467,13,0,0,13,14
2020-11-07,US,North Carolina,Surry,2157,38,0,36.41689489,-80.69102283,37171.0,3004.889737124389,1.7617060732498842,2119,2142,38,0,2104,2093,71948,15,0,0,15,49
2020-11-07,US,North Carolina,Swain,316,5,0,35.48665845,-83.48748932,37173.0,2214.2807091304044,1.5822784810126582,311,310,5,0,305,309,14245,6,0,0,6,1
2020-11-07,US,North Carolina,Transylvania,455,9,0,35.20383864,-82.79638423,37175.0,1323.251417769376,1.978021978021978,446,452,9,0,443,449,34215,3,0,0,3,3
2020-11-07,US,North Carolina,Tyrrell,134,3,0,35.87147226,-76.17055253,37177.0,3336.6533864541834,2.238805970149253,131,134,3,0,131,134,4131,0,0,0,0,0
2020-11-07,US,North Carolina,Union,6365,66,0,34.98960527,-80.52955873,37179.0,2653.6423482129085,1.0369206598586018,6299,6315,66,0,6249,6273,235908,50,0,0,50,42
2020-11-07,US,North Carolina,Vance,1316,47,0,36.36880673,-78.40670845,37181.0,2954.9792298192438,3.571428571428572,1269,1305,47,0,1258,1281,44582,11,0,0,11,24
2020-11-07,US,North Carolina,Wake,22938,280,0,35.78879266,-78.65249174,37183.0,2063.2132265837713,1.2206818379980815,22658,22771,279,0,22492,22560,1092305,167,1,0,166,211
2020-11-07,US,North Carolina,Warren,522,7,0,36.39728256,-78.10652228,37185.0,2645.5830925954087,1.3409961685823757,515,520,7,0,513,508,19807,2,0,0,2,12
2020-11-07,US,North Carolina,Washington,275,8,0,35.83810081,-76.57299037,37187.0,2374.784110535406,2.9090909090909087,267,274,8,0,266,273,11859,1,0,0,1,1
2020-11-07,US,North Carolina,Watauga,1491,6,0,36.23103603,-81.70033724,37189.0,2654.111113088987,0.4024144869215292,1485,1479,6,0,1473,1467,55945,12,0,0,12,12
2020-11-07,US,North Carolina,Wayne,4978,99,0,35.36438125,-78.00027268,37191.0,4042.848673364141,1.9887505022097227,4879,4939,96,0,4843,4899,123248,39,3,0,36,40
2020-11-07,US,North Carolina,Wilkes,2051,42,0,36.2084135,-81.16232895,37193.0,2998.012044670525,2.04778156996587,2009,1998,41,0,1957,1972,68557,53,1,0,52,26
2020-11-07,US,North Carolina,Wilson,3363,70,0,35.70625477,-77.917978,37195.0,4111.196684637107,2.08147487362474,3293,3332,70,0,3262,3290,81455,31,0,0,31,42
2020-11-07,US,North Carolina,Yadkin,1159,11,0,36.16222629,-80.66239436,37197.0,3076.963920673269,0.9490940465918896,1148,1144,11,0,1133,1134,37543,15,0,0,15,10
2020-11-07,US,North Carolina,Yancey,384,2,0,35.90079156,-82.31237181,37199.0,2125.1867839946867,0.5208333333333334,382,374,2,0,372,365,17903,10,0,0,10,9
2020-11-07,US,North Dakota,Adams,114,0,0,46.09686891,-102.5285397,38001.0,5144.404332129964,0.0,114,109,0,0,109,109,2294,5,0,0,5,0
2020-11-07,US,North Dakota,Barnes,490,2,0,46.93579637,-98.06605978,38003.0,4704.752760441671,0.4081632653061225,488,479,2,0,477,467,10542,11,0,0,11,12
2020-11-07,US,North Dakota,Benson,607,12,0,48.0683985,-99.35916363,38005.0,8884.660421545668,1.9769357495881383,595,594,12,0,582,584,6962,13,0,0,13,10
2020-11-07,US,North Dakota,Billings,36,0,0,47.02366884,-103.3762965,38007.0,3879.310344827586,0.0,36,35,0,0,35,35,919,1,0,0,1,0
2020-11-07,US,North Dakota,Bottineau,395,18,0,48.79106111,-100.8378166,38009.0,6287.806431072907,4.556962025316456,377,381,17,0,364,377,6411,14,1,0,13,4
2020-11-07,US,North Dakota,Bowman,157,3,0,46.11285362,-103.5203343,38011.0,5191.798941798942,1.9108280254777068,154,156,2,0,154,154,3076,1,1,0,0,2
2020-11-07,US,North Dakota,Burke,112,1,0,48.79094471,-102.51821170000001,38013.0,5295.508274231678,0.8928571428571429,111,106,1,0,105,103,2100,6,0,0,6,3
2020-11-07,US,North Dakota,Burleigh,8478,90,0,46.97847375,-100.46452140000001,38015.0,8865.789638801163,1.0615711252653928,8388,8325,90,0,8235,8084,95273,153,0,0,153,241
2020-11-07,US,North Dakota,Cass,11406,95,0,46.93201724,-97.24447190000001,38017.0,6269.685526294092,0.8328949675609328,11311,11110,94,0,11016,10870,181516,296,1,0,295,240
2020-11-07,US,North Dakota,Cavalier,209,1,0,48.77286211,-98.46685243,38019.0,5555.555555555556,0.4784688995215311,208,189,1,0,188,184,3829,20,0,0,20,5
2020-11-07,US,North Dakota,Dickey,414,14,0,46.11017712,-98.50490079999999,38021.0,8497.536945812808,3.3816425120772946,400,403,14,0,389,373,4903,11,0,0,11,30
2020-11-07,US,North Dakota,Divide,91,1,0,48.814938700000006,-103.48736109999999,38023.0,4019.434628975265,1.0989010989010992,90,86,1,0,85,86,2283,5,0,0,5,0
2020-11-07,US,North Dakota,Dunn,230,6,0,47.35423935,-102.61604679999999,38025.0,5198.9150090415915,2.608695652173913,224,229,6,0,223,228,4332,1,0,0,1,1
2020-11-07,US,North Dakota,Eddy,288,3,0,47.71701474,-98.90432337,38027.0,12592.916484477482,1.0416666666666667,285,251,3,0,248,245,2313,37,0,0,37,6
2020-11-07,US,North Dakota,Emmons,304,9,0,46.28398398,-100.2389766,38029.0,9379.821042887996,2.9605263157894735,295,300,9,0,291,297,3295,4,0,0,4,3
2020-11-07,US,North Dakota,Foster,254,2,0,47.457108399999996,-98.88279923,38031.0,7912.772585669782,0.7874015748031497,252,247,2,0,245,238,3216,7,0,0,7,9
2020-11-07,US,North Dakota,Golden Valley,128,0,0,46.94022281,-103.8465421,38033.0,7268.597387847813,0.0,128,127,0,0,127,127,1769,1,0,0,1,0
2020-11-07,US,North Dakota,Grand Forks,5601,27,0,47.92093639,-97.45450447,38035.0,8064.678694331254,0.48205677557578996,5574,5504,25,0,5479,5167,70770,97,2,0,95,337
2020-11-07,US,North Dakota,Grant,96,4,0,46.35821257,-101.63900129999999,38037.0,4221.6358839050135,4.166666666666667,92,94,4,0,90,93,2374,2,0,0,2,1
2020-11-07,US,North Dakota,Griggs,141,1,0,47.45785838,-98.23850925,38039.0,6320.03585835948,0.7092198581560284,140,127,1,0,126,123,2232,14,0,0,14,4
2020-11-07,US,North Dakota,Hettinger,150,3,0,46.43375068,-102.4632417,38041.0,6002.400960384153,2.0,147,148,3,0,145,146,2514,2,0,0,2,2
2020-11-07,US,North Dakota,Kidder,131,3,0,46.97830064,-99.77507857,38043.0,5282.258064516129,2.2900763358778624,128,126,3,0,123,121,2450,5,0,0,5,5
2020-11-07,US,North Dakota,LaMoure,250,13,0,46.45681054,-98.53542355,38045.0,6178.942165101335,5.2,237,247,13,0,234,240,4062,3,0,0,3,7
2020-11-07,US,North Dakota,Logan,135,4,0,46.45729487,-99.47719806,38047.0,7297.297297297298,2.962962962962963,131,135,4,0,131,135,1903,0,0,0,0,0
2020-11-07,US,North Dakota,McHenry,297,15,0,48.23104458,-100.6324822,38049.0,5169.712793733683,5.05050505050505,282,277,15,0,262,267,5816,20,0,0,20,10
2020-11-07,US,North Dakota,McIntosh,185,5,0,46.11182017,-99.44145858,38051.0,7408.890668802564,2.702702702702702,180,183,5,0,178,182,2585,2,0,0,2,1
2020-11-07,US,North Dakota,McKenzie,660,4,0,47.74133370000001,-103.395905,38053.0,4392.97124600639,0.6060606060606061,656,650,4,0,646,641,13632,10,0,0,10,9
2020-11-07,US,North Dakota,McLean,737,11,0,47.60766714,-101.3182418,38055.0,7798.941798941799,1.492537313432836,726,727,11,0,716,705,9541,10,0,0,10,22
2020-11-07,US,North Dakota,Mercer,582,4,0,47.31213126,-101.8318399,38057.0,7108.831073653353,0.6872852233676976,578,577,3,0,574,568,8267,5,1,0,4,9
2020-11-07,US,North Dakota,Morton,2872,59,0,46.71681782,-101.2822377,38059.0,9156.995281214133,2.054317548746518,2813,2824,57,0,2767,2764,31095,48,2,0,46,60
2020-11-07,US,North Dakota,Mountrail,694,9,0,48.20197971,-102.3555315,38061.0,6581.318160265529,1.2968299711815563,685,662,9,0,653,639,10218,32,0,0,32,23
2020-11-07,US,North Dakota,Nelson,221,5,0,47.9226426,-98.19038437,38063.0,7676.276484890587,2.262443438914027,216,209,5,0,204,194,2869,12,0,0,12,15
2020-11-07,US,North Dakota,Oliver,100,2,0,47.11530482,-101.3406158,38065.0,5104.645227156712,2.0,98,99,2,0,97,96,1952,1,0,0,1,3
2020-11-07,US,North Dakota,Pembina,367,1,0,48.76623521,-97.5523809,38067.0,5396.2652551095425,0.2724795640326976,366,338,1,0,337,321,6947,29,0,0,29,17
2020-11-07,US,North Dakota,Pierce,210,4,0,48.24977025,-99.96407787,38069.0,5283.018867924528,1.9047619047619049,206,190,4,0,186,180,4081,20,0,0,20,10
2020-11-07,US,North Dakota,Ramsey,722,4,0,48.26886249,-98.72223879,38071.0,6267.905200104176,0.554016620498615,718,702,4,0,698,687,11481,20,0,0,20,15
2020-11-07,US,North Dakota,Ransom,270,4,0,46.45621782,-97.65742504,38073.0,5174.396320429283,1.4814814814814814,266,266,4,0,262,266,5237,4,0,0,4,0
2020-11-07,US,North Dakota,Renville,137,2,0,48.71982533,-101.6603912,38075.0,5887.408680704771,1.45985401459854,135,130,2,0,128,123,2374,7,0,0,7,7
2020-11-07,US,North Dakota,Richland,671,4,0,46.26440649,-96.94852979,38077.0,4147.864251715399,0.5961251862891207,667,640,4,0,636,630,16239,31,0,0,31,10
2020-11-07,US,North Dakota,Rolette,759,10,0,48.77245354,-99.84097493,38079.0,5354.119638826185,1.3175230566534917,749,694,10,0,684,622,14301,65,0,0,65,72
2020-11-07,US,North Dakota,Sargent,167,3,0,46.10830372,-97.63217159,38081.0,4284.248332478194,1.7964071856287425,164,159,3,0,156,156,3870,8,0,0,8,3
2020-11-07,US,North Dakota,Sheridan,63,1,0,47.57700669,-100.3426391,38083.0,4790.874524714829,1.5873015873015872,62,61,1,0,60,61,1349,2,0,0,2,0
2020-11-07,US,North Dakota,Sioux,308,5,0,46.11323337,-101.04401490000001,38085.0,7281.3238770685575,1.6233766233766234,303,297,5,0,292,294,4358,11,0,0,11,3
2020-11-07,US,North Dakota,Slope,16,0,0,46.44737738,-103.4601547,38087.0,2133.333333333333,0.0,16,15,0,0,15,15,763,1,0,0,1,0
2020-11-07,US,North Dakota,Stark,2671,35,0,46.80851182,-102.65763259999999,38089.0,8482.32716186605,1.3103706476974917,2636,2613,35,0,2578,2586,30997,58,0,0,58,27
2020-11-07,US,North Dakota,Steele,71,1,0,47.45611548,-97.72728747,38091.0,3756.613756613757,1.4084507042253518,70,69,1,0,68,69,1903,2,0,0,2,0
2020-11-07,US,North Dakota,Stutsman,1419,13,0,46.97962541,-98.95637318,38093.0,6853.748068006183,0.9161381254404509,1406,1382,10,0,1372,1285,20917,37,3,0,34,97
2020-11-07,US,North Dakota,Towner,147,8,0,48.68565745,-99.24564265,38095.0,6715.3951576062145,5.442176870748299,139,146,8,0,138,142,2192,1,0,0,1,4
2020-11-07,US,North Dakota,Traill,463,8,0,47.45367788,-97.16323288,38097.0,5761.572921851667,1.7278617710583153,455,449,8,0,441,436,8037,14,0,0,14,13
2020-11-07,US,North Dakota,Walsh,899,5,0,48.36876964,-97.72574783,38099.0,8448.454092660464,0.5561735261401557,894,840,5,0,835,800,10667,59,0,0,59,40
2020-11-07,US,North Dakota,Ward,4799,72,0,48.22390169,-101.54367629999999,38101.0,7094.809361186262,1.5003125651177331,4727,4499,69,0,4430,4187,67744,300,3,0,297,312
2020-11-07,US,North Dakota,Wells,236,2,0,47.58614526,-99.65904998,38103.0,6155.451225873761,0.8474576271186439,234,228,2,0,226,226,3957,8,0,0,8,2
2020-11-07,US,North Dakota,Williams,2244,20,0,48.34522353,-103.4793387,38105.0,5969.8315996701185,0.8912655971479501,2224,2168,19,0,2149,2109,35350,76,1,0,75,59
2020-11-07,US,Ohio,Adams,338,6,0,38.84541072,-83.4718964,39001.0,1220.3047151418875,1.7751479289940828,332,324,6,0,318,312,27724,14,0,0,14,12
2020-11-07,US,Ohio,Allen,3022,80,0,40.77285242,-84.10802343,39003.0,2952.5847329288426,2.647253474520185,2942,2949,80,0,2869,2869,102663,73,0,0,73,80
2020-11-07,US,Ohio,Ashland,585,20,0,40.84772277,-82.27280781,39005.0,1093.7850572133723,3.418803418803418,565,576,20,0,556,557,53745,9,0,0,9,19
2020-11-07,US,Ohio,Ashtabula,1085,48,0,41.70860332,-80.74830218,39007.0,1115.7844941948356,4.4239631336405525,1037,1034,48,0,986,993,97493,51,0,0,51,41
2020-11-07,US,Ohio,Athens,1467,4,0,39.33425634,-82.04278644,39009.0,2245.625851485603,0.27266530334015,1463,1452,4,0,1448,1438,65818,15,0,0,15,14
2020-11-07,US,Ohio,Auglaize,1494,19,0,40.55998859,-84.22421429999999,39011.0,3272.297178903101,1.2717536813922357,1475,1460,19,0,1441,1430,45804,34,0,0,34,30
2020-11-07,US,Ohio,Belmont,1005,27,0,40.01625942,-80.9924051,39013.0,1499.865683670119,2.6865671641791047,978,989,27,0,962,965,67505,16,0,0,16,24
2020-11-07,US,Ohio,Brown,574,4,0,38.93416837,-83.86788395,39015.0,1321.60618898508,0.6968641114982579,570,560,4,0,556,529,43602,14,0,0,14,31
2020-11-07,US,Ohio,Butler,10622,134,0,39.44012838,-84.57388716,39017.0,2772.3981687868995,1.2615326680474488,10488,10395,134,0,10261,10205,382378,227,0,0,227,190
2020-11-07,US,Ohio,Carroll,287,9,0,40.578968599999996,-81.09178213,39019.0,1066.359515493795,3.1358885017421603,278,282,9,0,273,277,27081,5,0,0,5,5
2020-11-07,US,Ohio,Champaign,561,4,0,40.13923427,-83.76875242,39021.0,1442.7157001414428,0.7130124777183601,557,541,4,0,537,527,38754,20,0,0,20,14
2020-11-07,US,Ohio,Clark,3350,58,0,39.91592258,-83.78498252,39023.0,2498.452451093725,1.7313432835820894,3292,3259,58,0,3201,3193,134585,91,0,0,91,66
2020-11-07,US,Ohio,Clermont,3420,41,0,39.04847534,-84.15375786,39025.0,1656.7519910089716,1.1988304093567252,3379,3283,41,0,3242,3203,205466,137,0,0,137,80
2020-11-07,US,Ohio,Clinton,690,14,0,39.41485808,-83.80852286,39027.0,1644.1097979412887,2.028985507246377,676,670,14,0,656,659,42057,20,0,0,20,11
2020-11-07,US,Ohio,Columbiana,2436,88,0,40.76932373,-80.78094576,39029.0,2390.977886399105,3.61247947454844,2348,2416,88,0,2328,2379,102665,20,0,0,20,37
2020-11-07,US,Ohio,Coshocton,525,13,0,40.30096166,-81.91729018,39031.0,1434.4262295081967,2.4761904761904763,512,509,13,0,496,495,36629,16,0,0,16,14
2020-11-07,US,Ohio,Crawford,698,9,0,40.85065156,-82.91989099,39033.0,1682.170916277052,1.2893982808022924,689,680,9,0,671,665,41550,18,0,0,18,15
2020-11-07,US,Ohio,Cuyahoga,23887,702,0,41.424119,-81.65918339,39035.0,1934.0572857290908,2.938837024322853,23185,23406,700,0,22706,23023,1243857,481,2,0,479,383
2020-11-07,US,Ohio,Darke,1442,53,0,40.13412966,-84.6194517,39037.0,2821.200086083775,3.675450762829404,1389,1414,53,0,1361,1382,51323,28,0,0,28,32
2020-11-07,US,Ohio,Defiance,773,15,0,41.32398837,-84.49076944,39039.0,2029.5638931919027,1.9404915912031049,758,746,15,0,731,715,38165,27,0,0,27,31
2020-11-07,US,Ohio,Delaware,3558,29,0,40.27942393,-83.00457058,39041.0,1700.951825487506,0.8150646430578977,3529,3483,29,0,3454,3431,204826,75,0,0,75,52
2020-11-07,US,Ohio,Erie,1418,57,0,41.36796058,-82.62904521,39043.0,1909.3528667223225,4.019746121297604,1361,1395,57,0,1338,1358,74615,23,0,0,23,37
2020-11-07,US,Ohio,Fairfield,3491,59,0,39.75107189,-82.63088163,39045.0,2215.467018670593,1.6900601546834717,3432,3413,59,0,3354,3351,155782,78,0,0,78,62
2020-11-07,US,Ohio,Fayette,577,13,0,39.56021306,-83.4562016,39047.0,2022.7870289219986,2.253032928942808,564,570,13,0,557,547,28666,7,0,0,7,23
2020-11-07,US,Ohio,Franklin,37523,643,0,39.96995815,-83.01115755,39049.0,2849.6547576012567,1.7136156490685712,36880,36812,643,0,36169,36228,1310300,711,0,0,711,584
2020-11-07,US,Ohio,Fulton,762,18,0,41.60213491,-84.12571393,39051.0,1808.859136875089,2.3622047244094486,744,744,18,0,726,732,42276,18,0,0,18,12
2020-11-07,US,Ohio,Gallia,394,13,0,38.82708533,-82.31647569,39053.0,1317.8139005953576,3.2994923857868015,381,379,13,0,366,373,29979,15,0,0,15,6
2020-11-07,US,Ohio,Geauga,1131,51,0,41.49952319,-81.17935342,39055.0,1207.7010966481225,4.509283819628648,1080,1101,51,0,1050,1068,94031,30,0,0,30,33
2020-11-07,US,Ohio,Greene,3327,50,0,39.69116283,-83.89032084,39057.0,1969.3731982928546,1.5028554253080857,3277,3220,50,0,3170,3141,167995,107,0,0,107,79
2020-11-07,US,Ohio,Guernsey,525,8,0,40.05026529,-81.49248905,39059.0,1350.4823151125404,1.5238095238095235,517,511,8,0,503,503,39022,14,0,0,14,8
2020-11-07,US,Ohio,Hamilton,21026,352,0,39.19673558,-84.54502924,39061.0,2572.072716774744,1.6741177589650909,20674,20591,352,0,20239,20195,816684,435,0,0,435,396
2020-11-07,US,Ohio,Hancock,1481,32,0,41.00250487,-83.66838948,39063.0,1954.264148951612,2.160702228224173,1449,1438,31,0,1407,1408,75930,43,1,0,42,30
2020-11-07,US,Ohio,Hardin,505,14,0,40.66015414,-83.65929931,39065.0,1610.0749242786544,2.7722772277227716,491,493,14,0,479,475,31480,12,0,0,12,18
2020-11-07,US,Ohio,Harrison,115,3,0,40.29380509,-81.09068544,39067.0,764.6276595744681,2.608695652173913,112,113,3,0,110,106,15174,2,0,0,2,7
2020-11-07,US,Ohio,Henry,664,18,0,41.333964200000004,-84.06830637,39069.0,2458.7128786195667,2.710843373493976,646,659,18,0,641,636,27086,5,0,0,5,23
2020-11-07,US,Ohio,Highland,680,14,0,39.1839264,-83.60331456,39071.0,1575.4963972104447,2.0588235294117645,666,669,14,0,655,643,43058,11,0,0,11,26
2020-11-07,US,Ohio,Hocking,323,9,0,39.49537927,-82.47991446,39073.0,1142.796490234928,2.7863777089783284,314,311,9,0,302,302,28385,12,0,0,12,9
2020-11-07,US,Ohio,Holmes,1102,23,0,40.56163713,-81.92635677,39075.0,2506.824385805277,2.087114337568058,1079,1067,22,0,1045,1042,43892,35,1,0,34,25
2020-11-07,US,Ohio,Huron,880,16,0,41.14651175,-82.59867951,39077.0,1510.3147633268115,1.818181818181818,864,859,16,0,843,839,58504,21,0,0,21,20
2020-11-07,US,Ohio,Jackson,612,10,0,39.01914254,-82.61818559999998,39079.0,1888.1313053404501,1.6339869281045751,602,601,9,0,592,590,32384,11,1,0,10,11
2020-11-07,US,Ohio,Jefferson,645,4,0,40.38614126,-80.76259514,39081.0,987.3708381171068,0.6201550387596899,641,630,4,0,626,602,65767,15,0,0,15,28
2020-11-07,US,Ohio,Knox,615,17,0,40.39830217,-82.42027563,39083.0,986.8104361220757,2.7642276422764227,598,595,17,0,578,579,61893,20,0,0,20,16
2020-11-07,US,Ohio,Lake,3144,60,0,41.69710807,-81.23676539,39085.0,1366.0715449556592,1.9083969465648856,3084,2976,60,0,2916,2834,230514,168,0,0,168,142
2020-11-07,US,Ohio,Lawrence,1244,31,0,38.59743452,-82.53466552,39087.0,2092.0572456821887,2.4919614147909974,1213,1209,31,0,1178,1177,59866,35,0,0,35,32
2020-11-07,US,Ohio,Licking,3452,70,0,40.09136236,-82.48185785,39089.0,1951.8042315477605,2.027809965237544,3382,3361,70,0,3291,3299,175769,91,0,0,91,62
2020-11-07,US,Ohio,Logan,683,6,0,40.38996525,-83.76784341,39091.0,1495.4457873533013,0.8784773060029283,677,659,6,0,653,627,45358,24,0,0,24,32
2020-11-07,US,Ohio,Lorain,3552,93,0,41.29553751,-82.15083537,39093.0,1146.4240413383984,2.6182432432432434,3459,3435,93,0,3342,3384,309461,117,0,0,117,51
2020-11-07,US,Ohio,Lucas,9998,392,0,41.62101218,-83.65468618,39095.0,2334.0835021991466,3.9207841568313664,9606,9863,392,0,9471,9676,429899,135,0,0,135,187
2020-11-07,US,Ohio,Madison,1193,18,0,39.89381073,-83.40178317,39097.0,2667.054168250207,1.5088013411567478,1175,1184,18,0,1166,1173,44413,9,0,0,9,11
2020-11-07,US,Ohio,Mahoning,4568,287,0,41.01631101,-80.77287029,39099.0,1997.5249581298126,6.282837127845885,4281,4472,287,0,4185,4401,229642,96,0,0,96,71
2020-11-07,US,Ohio,Marion,3740,50,0,40.58610662,-83.15736305,39101.0,5745.625489683989,1.3368983957219251,3690,3705,50,0,3655,3668,65256,35,0,0,35,37
2020-11-07,US,Ohio,Medina,2618,46,0,41.11770589,-81.89986209999998,39103.0,1456.4997273930994,1.7570664629488157,2572,2545,46,0,2499,2449,179146,73,0,0,73,96
2020-11-07,US,Ohio,Meigs,265,12,0,39.09224872,-82.0305041,39105.0,1156.8516174095255,4.528301886792453,253,259,12,0,247,257,23106,6,0,0,6,2
2020-11-07,US,Ohio,Mercer,2045,33,0,40.54043046,-84.62912742,39107.0,4966.967842222871,1.6136919315403424,2012,1995,33,0,1962,1943,40959,50,0,0,50,52
2020-11-07,US,Ohio,Miami,2717,61,0,40.0543329,-84.22871271,39109.0,2539.5608812285604,2.2451232977548767,2656,2625,61,0,2564,2570,106222,92,0,0,92,55
2020-11-07,US,Ohio,Monroe,214,19,0,39.72984936,-81.08464734,39111.0,1567.3062838728579,8.878504672897197,195,213,19,0,194,212,13790,1,0,0,1,1
2020-11-07,US,Ohio,Montgomery,13624,193,0,39.75394919,-84.29050975,39113.0,2562.409838871366,1.4166177334116266,13431,13278,193,0,13085,13036,532331,346,0,0,346,242
2020-11-07,US,Ohio,Morgan,123,1,0,39.62081738,-81.85308173,39115.0,847.808105872622,0.8130081300813008,122,119,1,0,118,117,14604,4,0,0,4,2
2020-11-07,US,Ohio,Morrow,555,2,0,40.52363560000001,-82.7892599,39117.0,1570.991847826087,0.3603603603603603,553,544,2,0,542,529,35112,11,0,0,11,15
2020-11-07,US,Ohio,Muskingum,1293,5,0,39.96575964,-81.94363275,39119.0,1499.739024531694,0.3866976024748647,1288,1242,5,0,1237,1200,86183,51,0,0,51,42
2020-11-07,US,Ohio,Noble,316,5,0,39.76818851,-81.45937183,39121.0,2190.7931225734887,1.5822784810126582,311,308,5,0,303,299,14354,8,0,0,8,9
2020-11-07,US,Ohio,Ottawa,756,30,0,41.53781826,-83.0940185,39123.0,1865.515114127082,3.968253968253968,726,730,30,0,700,714,40769,26,0,0,26,16
2020-11-07,US,Ohio,Paulding,369,6,0,41.11676341,-84.5801017,39125.0,1976.2210796915167,1.6260162601626016,363,357,6,0,351,348,18760,12,0,0,12,9
2020-11-07,US,Ohio,Perry,494,11,0,39.73508655,-82.23804971,39127.0,1367.1334477223668,2.2267206477732797,483,486,11,0,475,472,36033,8,0,0,8,14
2020-11-07,US,Ohio,Pickaway,3413,46,0,39.64170392,-83.0243386,39129.0,5838.479566176849,1.3477878699091708,3367,3367,46,0,3321,3333,58086,46,0,0,46,34
2020-11-07,US,Ohio,Pike,463,1,0,39.07634001,-83.06769584,39131.0,1667.1467665274374,0.2159827213822894,462,451,0,0,451,439,28067,12,1,0,11,12
2020-11-07,US,Ohio,Portage,2198,68,0,41.16793482,-81.19735782,39133.0,1352.898452599313,3.0937215650591448,2130,2137,68,0,2069,2092,162927,61,0,0,61,45
2020-11-07,US,Ohio,Preble,928,19,0,39.7420247,-84.64787018,39135.0,2269.947654224353,2.0474137931034484,909,891,18,0,873,870,40997,37,1,0,36,21
2020-11-07,US,Ohio,Putnam,1641,32,0,41.02094889,-84.1336111,39137.0,4846.2833348099575,1.9500304692260817,1609,1610,32,0,1578,1562,33780,31,0,0,31,48
2020-11-07,US,Ohio,Richland,1889,26,0,40.77180308,-82.53799609999999,39139.0,1559.1726232728593,1.3763896241397564,1863,1841,26,0,1815,1793,121099,48,0,0,48,48
2020-11-07,US,Ohio,Ross,1833,52,0,39.33705391,-83.06000914,39141.0,2390.890355568309,2.8368794326241136,1781,1785,52,0,1733,1759,76931,48,0,0,48,26
2020-11-07,US,Ohio,Sandusky,975,24,0,41.35624126,-83.137872,39143.0,1666.1540038962369,2.4615384615384617,951,936,24,0,912,905,58799,39,0,0,39,31
2020-11-07,US,Ohio,Scioto,1209,10,0,38.80270163,-82.98907345,39145.0,1605.2792309530764,0.8271298593879239,1199,1188,9,0,1179,1166,75502,21,1,0,20,22
2020-11-07,US,Ohio,Seneca,910,15,0,41.12351311,-83.12783209,39147.0,1649.2080176882087,1.6483516483516485,895,875,15,0,860,846,55207,35,0,0,35,29
2020-11-07,US,Ohio,Shelby,1229,14,0,40.33163494,-84.20258189,39149.0,2529.327022020992,1.1391375101708707,1215,1200,14,0,1186,1180,48627,29,0,0,29,20
2020-11-07,US,Ohio,Stark,5172,189,0,40.81482476,-81.36437305,39151.0,1395.5521497223467,3.654292343387471,4983,5043,189,0,4854,4892,371574,129,0,0,129,151
2020-11-07,US,Ohio,Summit,8488,280,0,41.12464734,-81.53123079,39153.0,1568.908695354825,3.2987747408105563,8208,8329,280,0,8049,8145,541918,159,0,0,159,184
2020-11-07,US,Ohio,Trumbull,2937,138,0,41.31735028,-80.76109643,39155.0,1483.5281400587955,4.698672114402451,2799,2865,138,0,2727,2764,198627,72,0,0,72,101
2020-11-07,US,Ohio,Tuscarawas,1835,48,0,40.44214695,-81.47226262,39157.0,1994.8470979594947,2.6158038147138964,1787,1800,47,0,1753,1736,92176,35,1,0,34,64
2020-11-07,US,Ohio,Union,1100,3,0,40.30016061,-83.37239023,39159.0,1864.786058181325,0.2727272727272727,1097,1066,3,0,1063,1033,57835,34,0,0,34,33
2020-11-07,US,Ohio,Van Wert,450,5,0,40.8554138,-84.59111700000003,39161.0,1591.5119363395224,1.1111111111111112,445,439,5,0,434,412,28281,11,0,0,11,27
2020-11-07,US,Ohio,Vinton,160,5,0,39.25208988,-82.4831444,39163.0,1222.7741688956821,3.125,155,157,5,0,152,152,13139,3,0,0,3,5
2020-11-07,US,Ohio,Warren,5522,70,0,39.42581994,-84.16557457,39165.0,2353.773625118285,1.2676566461427021,5452,5375,70,0,5305,5264,232173,147,0,0,147,111
2020-11-07,US,Ohio,Washington,604,25,0,39.45690571,-81.49121382,39167.0,1008.1621071255696,4.139072847682119,579,580,25,0,555,540,60155,24,0,0,24,40
2020-11-07,US,Ohio,Wayne,2186,80,0,40.82925852,-81.88844833,39169.0,1889.2057730533234,3.6596523330283617,2106,2135,79,0,2056,2081,115967,51,1,0,50,54
2020-11-07,US,Ohio,Williams,563,6,0,41.56052014,-84.58429552,39171.0,1534.3944184018314,1.0657193605683837,557,545,4,0,541,522,36804,18,2,0,16,23
2020-11-07,US,Ohio,Wood,3062,104,0,41.36224827,-83.62285108,39173.0,2340.674377183393,3.3964728935336383,2958,3026,104,0,2922,2969,130696,36,0,0,36,57
2020-11-07,US,Ohio,Wyandot,382,14,0,40.84339621,-83.30734173,39175.0,1754.547124747382,3.6649214659685865,368,373,14,0,359,365,21935,9,0,0,9,8
2020-11-07,US,Oklahoma,Adair,934,13,0,35.88494195,-94.65859267,40001.0,4208.344597639001,1.39186295503212,921,934,13,0,921,912,22082,0,0,0,0,22
2020-11-07,US,Oklahoma,Alfalfa,143,0,0,36.73090616,-98.32408495,40003.0,2507.891967730621,0.0,143,143,0,0,143,140,5754,0,0,0,0,3
2020-11-07,US,Oklahoma,Atoka,499,1,0,34.37366573,-96.03802487,40005.0,3626.980665794447,0.2004008016032064,498,499,1,0,498,491,13838,0,0,0,0,8
2020-11-07,US,Oklahoma,Beaver,109,1,0,36.7496847,-100.4758872,40007.0,2052.3441913010734,0.9174311926605504,108,109,1,0,108,109,5319,0,0,0,0,0
2020-11-07,US,Oklahoma,Beckham,994,15,0,35.26862449,-99.68128023,40009.0,4547.326044192324,1.5090543259557343,979,994,15,0,979,988,21709,0,0,0,0,6
2020-11-07,US,Oklahoma,Blaine,250,2,0,35.87518314,-98.43307003,40011.0,2651.394633577261,0.8,248,250,2,0,248,233,9485,0,0,0,0,17
2020-11-07,US,Oklahoma,Bryan,1837,16,0,33.96472458,-96.25903472,40013.0,3827.482029378061,0.8709853021230267,1821,1837,16,0,1821,1801,47192,0,0,0,0,36
2020-11-07,US,Oklahoma,Caddo,1243,26,0,35.17364557,-98.37534464,40015.0,4321.674431541617,2.091713596138375,1217,1243,26,0,1217,1230,28977,0,0,0,0,13
2020-11-07,US,Oklahoma,Canadian,4478,24,0,35.5426055,-97.98465569,40017.0,3019.4327943576122,0.5359535506922734,4454,4478,24,0,4454,4411,144447,0,0,0,0,67
2020-11-07,US,Oklahoma,Carter,1020,12,0,34.25103751,-97.28552485,40019.0,2120.0972750514434,1.1764705882352942,1008,1020,12,0,1008,991,48177,0,0,0,0,29
2020-11-07,US,Oklahoma,Cherokee,1514,8,0,35.90692775,-94.99980896,40021.0,3111.5769570668144,0.5284015852047557,1506,1514,8,0,1506,1495,48675,0,0,0,0,19
2020-11-07,US,Oklahoma,Choctaw,522,2,0,34.02807439,-95.54771129,40023.0,3557.7971646673936,0.3831417624521073,520,522,2,0,520,513,14668,0,0,0,0,9
2020-11-07,US,Oklahoma,Cimarron,44,0,0,36.74817177,-102.5173885,40025.0,2058.961160505381,0.0,44,44,0,0,44,43,2153,0,0,0,0,1
2020-11-07,US,Oklahoma,Cleveland,9058,110,0,35.20413532,-97.32519562,40027.0,3189.2794017196334,1.2143961139324355,8948,9058,110,0,8948,9021,281669,0,0,0,0,37
2020-11-07,US,Oklahoma,Coal,136,0,0,34.58840127,-96.29798747,40029.0,2474.977252047316,0.0,136,136,0,0,136,132,5520,0,0,0,0,4
2020-11-07,US,Oklahoma,Comanche,2783,22,0,34.65973764,-98.47195055,40031.0,2304.780991975089,0.7905138339920948,2761,2783,22,0,2761,2759,120422,0,0,0,0,24
2020-11-07,US,Oklahoma,Cotton,118,3,0,34.28845626,-98.37053567,40033.0,2082.597952700318,2.5423728813559316,115,118,3,0,115,117,5776,0,0,0,0,1
2020-11-07,US,Oklahoma,Craig,681,2,0,36.76268118,-95.20916602,40035.0,4815.44336020365,0.2936857562408223,679,681,2,0,679,676,14306,0,0,0,0,5
2020-11-07,US,Oklahoma,Creek,1761,40,0,35.90230551,-96.37086028,40037.0,2462.1794692542153,2.271436683702442,1721,1761,40,0,1721,1731,71604,0,0,0,0,30
2020-11-07,US,Oklahoma,Custer,1185,7,0,35.63853802,-99.00170785,40039.0,4085.7842292176674,0.5907172995780591,1178,1185,7,0,1178,1168,29036,0,0,0,0,17
2020-11-07,US,Oklahoma,Delaware,1403,30,0,36.40823634,-94.80325046,40041.0,3262.1079308981843,2.1382751247327154,1373,1403,30,0,1373,1381,42733,0,0,0,0,22
2020-11-07,US,Oklahoma,Dewey,97,1,0,35.98772922,-99.00730714,40043.0,1983.2345123696591,1.0309278350515465,96,97,1,0,96,95,4894,0,0,0,0,2
2020-11-07,US,Oklahoma,Ellis,37,0,0,36.218019399999996,-99.75324573,40045.0,958.7976159626846,0.0,37,37,0,0,37,33,3952,0,0,0,0,4
2020-11-07,US,Oklahoma,Garfield,2664,30,0,36.3791334,-97.78265517,40047.0,4363.207547169812,1.1261261261261262,2634,2664,30,0,2634,2628,60913,0,0,0,0,36
2020-11-07,US,Oklahoma,Garvin,898,8,0,34.70418038,-97.30811132,40049.0,3240.5903792717686,0.8908685968819601,890,898,8,0,890,863,27811,0,0,0,0,35
2020-11-07,US,Oklahoma,Grady,1773,18,0,35.0167709,-97.88339847,40051.0,3175.484471827202,1.0152284263959392,1755,1773,18,0,1755,1748,55551,0,0,0,0,25
2020-11-07,US,Oklahoma,Grant,130,2,0,36.796296999999996,-97.78638765,40053.0,3000.230786983614,1.5384615384615383,128,130,2,0,128,126,4326,0,0,0,0,4
2020-11-07,US,Oklahoma,Greer,167,8,0,34.93535801,-99.56056120000001,40055.0,2923.669467787114,4.790419161676646,159,167,8,0,159,164,5821,0,0,0,0,3
2020-11-07,US,Oklahoma,Harmon,79,0,0,34.7440135,-99.84741652,40057.0,2977.7610252544287,0.0,79,79,0,0,79,79,2664,0,0,0,0,0
2020-11-07,US,Oklahoma,Harper,87,2,0,36.78836519,-99.6679804,40059.0,2359.002169197397,2.2988505747126435,85,87,2,0,85,83,3797,0,0,0,0,4
2020-11-07,US,Oklahoma,Haskell,453,5,0,35.22257600000001,-95.11513306,40061.0,3587.5504870515556,1.1037527593818983,448,453,5,0,448,440,12668,0,0,0,0,13
2020-11-07,US,Oklahoma,Hughes,444,7,0,35.04912569,-96.24921145,40063.0,3343.6252729874236,1.576576576576577,437,444,7,0,437,441,13335,0,0,0,0,3
2020-11-07,US,Oklahoma,Jackson,1258,17,0,34.58781741,-99.41138784,40065.0,5128.414186710151,1.351351351351351,1241,1258,17,0,1241,1239,24949,0,0,0,0,19
2020-11-07,US,Oklahoma,Jefferson,97,1,0,34.11130184,-97.83182974,40067.0,1616.1279573475504,1.0309278350515465,96,97,1,0,96,94,6123,0,0,0,0,3
2020-11-07,US,Oklahoma,Johnston,352,4,0,34.31440473,-96.66011537,40069.0,3175.4623364907534,1.1363636363636365,348,352,4,0,348,332,10949,0,0,0,0,20
2020-11-07,US,Oklahoma,Kay,1015,17,0,36.81799745,-97.14421435,40071.0,2331.2967981992747,1.6748768472906403,998,1015,17,0,998,984,44161,0,0,0,0,31
2020-11-07,US,Oklahoma,Kingfisher,626,5,0,35.94530008,-97.94193268,40073.0,3970.8214398985087,0.7987220447284346,621,626,5,0,621,618,15816,0,0,0,0,8
2020-11-07,US,Oklahoma,Kiowa,213,3,0,34.91671958,-98.97720696,40075.0,2446.026642168121,1.4084507042253518,210,213,3,0,210,206,8729,0,0,0,0,7
2020-11-07,US,Oklahoma,Latimer,246,3,0,34.87844729,-95.25215049,40077.0,2442.1721433535195,1.2195121951219512,243,246,3,0,243,241,10231,0,0,0,0,5
2020-11-07,US,Oklahoma,Le Flore,1872,25,0,34.89851864,-94.70392124,40079.0,3755.039817062163,1.3354700854700854,1847,1872,25,0,1847,1833,49980,0,0,0,0,39
2020-11-07,US,Oklahoma,Lincoln,905,22,0,35.70270942,-96.8812462,40081.0,2594.833271210253,2.430939226519337,883,905,22,0,883,891,34920,0,0,0,0,14
2020-11-07,US,Oklahoma,Logan,939,2,0,35.91899576,-97.44352845,40083.0,1955.8017954218826,0.21299254526091588,937,939,2,0,937,934,47291,0,0,0,0,5
2020-11-07,US,Oklahoma,Love,313,1,0,33.95273467,-97.23906784,40085.0,3052.7650443772554,0.3194888178913738,312,313,1,0,312,306,10134,0,0,0,0,7
2020-11-07,US,Oklahoma,Major,246,2,0,36.31149996,-98.53467076,40093.0,3224.5379473063317,0.8130081300813008,244,246,2,0,244,229,7644,0,0,0,0,17
2020-11-07,US,Oklahoma,Marshall,346,2,0,34.02311222,-96.76855464,40095.0,2043.5886834800076,0.5780346820809249,344,346,2,0,344,336,16806,0,0,0,0,10
2020-11-07,US,Oklahoma,Mayes,1076,17,0,36.30179091,-95.23175116,40097.0,2618.0048661800492,1.579925650557621,1059,1076,17,0,1059,1060,41107,0,0,0,0,16
2020-11-07,US,Oklahoma,McClain,1543,16,0,35.01123903,-97.44572302,40087.0,3812.323961061423,1.0369410239792611,1527,1543,16,0,1527,1521,39985,0,0,0,0,22
2020-11-07,US,Oklahoma,McCurtain,1777,41,0,34.11664328,-94.77222373,40089.0,5412.40253411306,2.3072594259988746,1736,1777,41,0,1736,1750,32703,0,0,0,0,27
2020-11-07,US,Oklahoma,McIntosh,565,11,0,35.37235506,-95.66599306,40091.0,2883.241477852623,1.9469026548672568,554,565,11,0,554,559,19815,0,0,0,0,6
2020-11-07,US,Oklahoma,Murray,366,3,0,34.48116015,-97.06826283,40099.0,2600.724792155191,0.819672131147541,363,366,3,0,363,355,13953,0,0,0,0,11
2020-11-07,US,Oklahoma,Muskogee,2600,28,0,35.61318461,-95.37802952,40101.0,3823.6981043281316,1.0769230769230769,2572,2600,28,0,2572,2567,68362,0,0,0,0,33
2020-11-07,US,Oklahoma,Noble,239,3,0,36.38953329,-97.22928674,40103.0,2147.1565897044293,1.2552301255230125,236,239,3,0,236,230,11289,0,0,0,0,9
2020-11-07,US,Oklahoma,Nowata,296,4,0,36.79843529,-95.61902331,40105.0,2937.6736800317585,1.351351351351351,292,296,4,0,292,292,10218,0,0,0,0,4
2020-11-07,US,Oklahoma,Okfuskee,639,8,0,35.46485198,-96.32639984,40107.0,5328.1080630367715,1.2519561815336464,631,639,8,0,631,628,12098,0,0,0,0,11
2020-11-07,US,Oklahoma,Oklahoma,26302,248,0,35.55140095,-97.40716948,40109.0,3298.329391523311,0.942894076496084,26054,26302,248,0,26054,25948,792582,0,0,0,0,354
2020-11-07,US,Oklahoma,Okmulgee,1377,14,0,35.64661916,-95.96432828,40111.0,3579.8778109970103,1.0167029774872909,1363,1377,14,0,1363,1365,38335,0,0,0,0,12
2020-11-07,US,Oklahoma,Osage,1485,16,0,36.62888819,-96.39635704,40113.0,3162.063752315653,1.0774410774410774,1469,1485,16,0,1469,1477,47014,0,0,0,0,8
2020-11-07,US,Oklahoma,Ottawa,1354,21,0,36.83532655,-94.81011909,40115.0,4349.92129019822,1.55096011816839,1333,1354,21,0,1333,1340,31175,0,0,0,0,14
2020-11-07,US,Oklahoma,Pawnee,370,5,0,36.31743373,-96.70331759999999,40117.0,2259.4040058622368,1.351351351351351,365,370,5,0,365,364,16390,0,0,0,0,6
2020-11-07,US,Oklahoma,Payne,3106,15,0,36.07695283,-96.97584944,40119.0,3797.8088623691683,0.4829362524146813,3091,3106,15,0,3091,3042,82040,0,0,0,0,64
2020-11-07,US,Oklahoma,Pittsburg,1384,21,0,34.92065823,-95.75134320000001,40121.0,3170.3853026068628,1.5173410404624277,1363,1384,21,0,1363,1365,43877,0,0,0,0,19
2020-11-07,US,Oklahoma,Pontotoc,1026,5,0,34.72959848,-96.68337199,40123.0,2679.970744958729,0.4873294346978557,1021,1026,5,0,1021,993,38247,0,0,0,0,33
2020-11-07,US,Oklahoma,Pottawatomie,2457,18,0,35.20614018,-96.94923008,40125.0,3384.670487106017,0.7326007326007326,2439,2457,18,0,2439,2442,72679,0,0,0,0,15
2020-11-07,US,Oklahoma,Pushmataha,323,6,0,34.41635232,-95.37603505,40127.0,2910.958904109589,1.8575851393188851,317,323,6,0,317,313,11179,0,0,0,0,10
2020-11-07,US,Oklahoma,Roger Mills,97,4,0,35.68711719,-99.69666167,40129.0,2707.228579402735,4.123711340206185,93,97,4,0,93,95,3656,0,0,0,0,2
2020-11-07,US,Oklahoma,Rogers,2773,56,0,36.37004357,-95.60406759,40131.0,2999.167198433901,2.019473494410386,2717,2773,56,0,2717,2727,91984,0,0,0,0,46
2020-11-07,US,Oklahoma,Seminole,911,7,0,35.16478725,-96.61686741,40133.0,3755.462115590733,0.7683863885839737,904,911,7,0,904,900,24578,0,0,0,0,11
2020-11-07,US,Oklahoma,Sequoyah,1411,14,0,35.49447108,-94.75463785,40135.0,3394.356371334408,0.9922041105598866,1397,1411,14,0,1397,1374,41179,0,0,0,0,37
2020-11-07,US,Oklahoma,Stephens,910,9,0,34.48556989,-97.85141892,40137.0,2109.2645388591427,0.989010989010989,901,910,9,0,901,893,43265,0,0,0,0,17
2020-11-07,US,Oklahoma,Texas,1924,10,0,36.74777635,-101.4889765,40139.0,9628.18395636291,0.5197505197505198,1914,1924,10,0,1914,1910,20455,0,0,0,0,14
2020-11-07,US,Oklahoma,Tillman,180,4,0,34.37288446,-98.92426619,40141.0,2482.7586206896553,2.2222222222222223,176,180,4,0,176,174,7348,0,0,0,0,6
2020-11-07,US,Oklahoma,Tulsa,23983,225,0,36.11939621,-95.94013939,40143.0,3680.9034428564423,0.9381645332110244,23758,23983,225,0,23758,23656,648360,0,0,0,0,327
2020-11-07,US,Oklahoma,Unassigned,30,0,0,0.0,0.0,90040.0,0.0,0.0,30,30,0,0,30,26,,0,0,0,0,4
2020-11-07,US,Oklahoma,Wagoner,2069,31,0,35.96024096,-95.51911308,40145.0,2545.2398233463323,1.4983083615273078,2038,2069,31,0,2038,2053,80110,0,0,0,0,16
2020-11-07,US,Oklahoma,Washington,1457,43,0,36.71380786,-95.90514104,40147.0,2827.643759582355,2.9512697323266988,1414,1457,43,0,1414,1439,51843,0,0,0,0,18
2020-11-07,US,Oklahoma,Washita,208,1,0,35.29071824,-98.99180434,40149.0,1905.4598754122394,0.4807692307692308,207,208,1,0,207,203,11127,0,0,0,0,5
2020-11-07,US,Oklahoma,Woods,199,0,0,36.76705782,-98.86573064,40151.0,2263.1638803593773,0.0,199,199,0,0,199,197,8897,0,0,0,0,2
2020-11-07,US,Oklahoma,Woodward,1345,6,0,36.42316318,-99.26283045,40153.0,6654.791944980457,0.4460966542750929,1339,1345,6,0,1339,1330,20222,0,0,0,0,15
2020-11-07,US,Oregon,Baker,181,3,0,44.70915557,-117.6749883,41001.0,1122.55023567353,1.6574585635359116,178,176,3,0,173,172,16006,5,0,0,5,4
2020-11-07,US,Oregon,Benton,510,6,0,44.49167306,-123.4316987,41003.0,548.074753097697,1.1764705882352942,504,501,6,0,495,484,92101,9,0,0,9,17
2020-11-07,US,Oregon,Clackamas,3796,71,0,45.18787398,-122.2179634,41005.0,907.7278825023255,1.8703898840885145,3725,3670,70,0,3600,3657,416075,126,1,0,125,13
2020-11-07,US,Oregon,Clatsop,282,0,0,45.99712889,-123.660711,41007.0,701.0739856801912,0.0,282,278,0,0,278,273,39764,4,0,0,4,5
2020-11-07,US,Oregon,Columbia,304,2,0,45.94464254,-123.08908980000001,41009.0,580.6624135691637,0.6578947368421053,302,301,2,0,299,297,52377,3,0,0,3,4
2020-11-07,US,Oregon,Coos,286,1,0,43.17406868,-124.0594514,41011.0,443.5002403585218,0.34965034965034963,285,282,1,0,281,276,64389,4,0,0,4,6
2020-11-07,US,Oregon,Crook,139,5,0,44.14230227,-120.356297,41013.0,569.5787575807245,3.5971223021582728,134,136,5,0,131,131,23867,3,0,0,3,5
2020-11-07,US,Oregon,Curry,72,2,0,42.45911325,-124.15728200000001,41015.0,314.06761177753543,2.7777777777777777,70,72,2,0,70,66,22813,0,0,0,0,6
2020-11-07,US,Oregon,Deschutes,1440,13,0,43.91570171,-121.2289121,41017.0,728.4058029662303,0.9027777777777778,1427,1408,13,0,1395,1370,191996,32,0,0,32,38
2020-11-07,US,Oregon,Douglas,457,10,0,43.27941273,-123.16729099999999,41019.0,411.78590737069743,2.1881838074398248,447,434,10,0,424,421,110283,23,0,0,23,13
2020-11-07,US,Oregon,Gilliam,17,0,0,45.37160076,-120.20488689999999,41021.0,889.121338912134,0.0,17,17,0,0,17,17,1894,0,0,0,0,0
2020-11-07,US,Oregon,Grant,49,0,0,44.49024544,-119.0068631,41023.0,680.6500902903182,0.0,49,32,0,0,32,25,7176,17,0,0,17,7
2020-11-07,US,Oregon,Harney,46,0,0,43.06422669,-118.96663059999999,41025.0,622.2101988367375,0.0,46,45,0,0,45,40,7329,1,0,0,1,5
2020-11-07,US,Oregon,Hood River,297,1,0,45.51872811,-121.65520359999998,41027.0,1270.2078521939954,0.3367003367003367,296,296,1,0,295,295,23428,1,0,0,1,1
2020-11-07,US,Oregon,Jackson,2274,8,0,42.43201126,-122.72893090000001,41029.0,1029.2200738648708,0.3518029903254178,2266,2197,8,0,2189,2114,219564,77,0,0,77,83
2020-11-07,US,Oregon,Jefferson,633,11,0,44.62806839,-121.17832,41031.0,2567.1181766566633,1.7377567140600316,622,629,11,0,618,622,24192,4,0,0,4,7
2020-11-07,US,Oregon,Josephine,305,4,0,42.3665549,-123.5561938,41033.0,348.6232240218547,1.3114754098360657,301,295,4,0,291,289,87393,10,0,0,10,6
2020-11-07,US,Oregon,Klamath,465,3,0,42.68762984,-121.64964609999998,41035.0,681.4384946803832,0.6451612903225806,462,453,3,0,450,448,67653,12,0,0,12,5
2020-11-07,US,Oregon,Lake,49,0,0,42.79246693,-120.38501629999999,41037.0,622.6966577710001,0.0,49,49,0,0,49,48,7879,0,0,0,0,1
2020-11-07,US,Oregon,Lane,2804,29,0,43.93727035,-122.847753,41039.0,733.9026924596994,1.0342368045649073,2775,2728,28,0,2700,2689,379611,76,1,0,75,39
2020-11-07,US,Oregon,Lincoln,526,13,0,44.64252874,-123.86991200000001,41041.0,1052.800128097354,2.4714828897338403,513,526,13,0,513,523,49388,0,0,0,0,3
2020-11-07,US,Oregon,Linn,980,17,0,44.48899494,-122.53731540000001,41043.0,755.3044724814835,1.7346938775510203,963,969,17,0,952,960,127335,11,0,0,11,9
2020-11-07,US,Oregon,Malheur,2067,38,0,43.1937027,-117.62273950000001,41045.0,6761.309737986981,1.8384131591678758,2029,2052,38,0,2014,2036,30725,15,0,0,15,16
2020-11-07,US,Oregon,Marion,6685,117,0,44.90287942,-122.58151170000001,41047.0,1921.9821860858265,1.75018698578908,6568,6610,116,0,6494,6533,346868,75,1,0,74,77
2020-11-07,US,Oregon,Morrow,571,7,0,45.41846568,-119.584546,41049.0,4921.141084202362,1.2259194395796849,564,569,7,0,562,565,11372,2,0,0,2,4
2020-11-07,US,Oregon,Multnomah,10942,185,0,45.54747959,-122.4169351,41051.0,1346.1195416156634,1.6907329555839885,10757,10705,179,0,10526,10505,811880,237,6,0,231,200
2020-11-07,US,Oregon,Polk,766,15,0,44.90322804,-123.4128888,41053.0,889.8182029389557,1.95822454308094,751,755,15,0,740,740,85234,11,0,0,11,15
2020-11-07,US,Oregon,Sherman,23,0,0,45.41501554,-120.6827834,41055.0,1292.134831460674,0.0,23,23,0,0,23,23,1708,0,0,0,0,0
2020-11-07,US,Oregon,Tillamook,86,0,0,45.46248721,-123.712066,41057.0,318.0943926616364,0.0,86,82,0,0,82,82,26787,4,0,0,4,0
2020-11-07,US,Oregon,Umatilla,3618,45,0,45.59073056,-118.7353826,41059.0,4641.4368184733785,1.243781094527363,3573,3593,45,0,3548,3556,77516,25,0,0,25,37
2020-11-07,US,Oregon,Union,531,2,0,45.30915495,-118.0068979,41061.0,1978.7590832867527,0.3766478342749529,529,521,2,0,519,513,26461,10,0,0,10,8
2020-11-07,US,Oregon,Wallowa,63,2,0,45.57894064,-117.18353799999998,41063.0,874.028856825749,3.1746031746031744,61,62,2,0,60,62,7081,1,0,0,1,0
2020-11-07,US,Oregon,Wasco,379,17,0,45.16292781,-121.16709540000001,41065.0,1420.4332508807431,4.485488126649076,362,375,17,0,358,375,26505,4,0,0,4,0
2020-11-07,US,Oregon,Washington,6795,87,0,45.55972701,-123.0955257,41067.0,1129.503051902286,1.2803532008830023,6708,6663,83,0,6580,6543,597695,132,4,0,128,120
2020-11-07,US,Oregon,Wheeler,1,0,0,44.72698162,-120.02814270000002,41069.0,75.07507507507508,0.0,1,1,0,0,1,1,1366,0,0,0,0,0
2020-11-07,US,Oregon,Yamhill,1148,15,0,45.23330449,-123.3086963,41071.0,1071.8954248366013,1.3066202090592334,1133,1103,15,0,1088,1088,107002,45,0,0,45,15
2020-11-07,US,Pennsylvania,Adams,1318,34,0,39.87140411,-77.21610347,42001.0,1279.4998495277111,2.579666160849772,1284,1288,34,0,1254,1252,102811,30,0,0,30,36
2020-11-07,US,Pennsylvania,Allegheny,17126,433,0,40.46809875,-79.98167747,42003.0,1408.336040195881,2.5283195141889525,16693,16838,433,0,16405,16599,1218452,288,0,0,288,239
2020-11-07,US,Pennsylvania,Armstrong,928,26,0,40.81665618,-79.46290811,42005.0,1433.5367266548235,2.8017241379310347,902,897,24,0,873,876,65263,31,2,0,29,21
2020-11-07,US,Pennsylvania,Beaver,2488,142,0,40.6825484,-80.34921611,42007.0,1517.7302368708404,5.707395498392283,2346,2451,142,0,2309,2438,164742,37,0,0,37,13
2020-11-07,US,Pennsylvania,Bedford,611,9,0,40.00522157,-78.48998442,42009.0,1275.8937520882055,1.4729950900163666,602,581,9,0,572,550,48176,30,0,0,30,31
2020-11-07,US,Pennsylvania,Berks,10278,437,0,40.41570541,-75.92457766,42011.0,2440.379519617061,4.2517999610819235,9841,10165,433,0,9732,10058,420152,113,4,0,109,107
2020-11-07,US,Pennsylvania,Blair,1816,35,0,40.47961444,-78.34917412,42013.0,1490.613893243809,1.9273127753303965,1781,1771,34,0,1737,1733,122492,45,1,0,44,38
2020-11-07,US,Pennsylvania,Bradford,1089,19,0,41.78869215,-76.51570822,42015.0,1805.2815675612949,1.7447199265381084,1070,1054,19,0,1035,1041,60833,35,0,0,35,13
2020-11-07,US,Pennsylvania,Bucks,11193,628,0,40.33682119,-75.10836643,42017.0,1781.558883919334,5.610649513088537,10565,11051,628,0,10423,10895,628195,142,0,0,142,156
2020-11-07,US,Pennsylvania,Butler,2226,32,0,40.91152759,-79.91351055,42019.0,1184.9690981778306,1.4375561545372866,2194,2102,31,0,2071,2036,187888,124,1,0,123,66
2020-11-07,US,Pennsylvania,Cambria,1535,13,0,40.49527404,-78.71377428,42021.0,1179.0278972594322,0.8469055374592834,1522,1456,12,0,1444,1410,131730,79,1,0,78,46
2020-11-07,US,Pennsylvania,Cameron,14,0,0,41.43625568,-78.20376845,42023.0,314.81897908702496,0.0,14,14,0,0,14,14,4492,0,0,0,0,0
2020-11-07,US,Pennsylvania,Carbon,707,32,0,40.91545395,-75.7068525,42025.0,1101.5549531021159,4.526166902404526,675,694,32,0,662,661,64227,13,0,0,13,33
2020-11-07,US,Pennsylvania,Centre,4605,22,0,40.92058903,-77.82200624,42027.0,2835.8530652461736,0.4777415852334419,4583,4500,21,0,4479,4421,162805,105,1,0,104,79
2020-11-07,US,Pennsylvania,Chester,8669,383,0,39.97291773,-75.74768357,42029.0,1651.272693332622,4.418041296574,8286,8669,383,0,8286,8581,522046,0,0,0,0,88
2020-11-07,US,Pennsylvania,Clarion,314,4,0,41.19265812,-79.42413524,42031.0,816.8999427649719,1.2738853503184713,310,298,4,0,294,287,38779,16,0,0,16,11
2020-11-07,US,Pennsylvania,Clearfield,586,7,0,41.00110782,-78.47592663,42033.0,739.3855277269572,1.1945392491467577,579,568,7,0,561,554,79388,18,0,0,18,14
2020-11-07,US,Pennsylvania,Clinton,324,8,0,41.23255967,-77.63785995,42035.0,838.6829571339822,2.469135802469136,316,312,8,0,304,299,38684,12,0,0,12,13
2020-11-07,US,Pennsylvania,Columbia,1129,44,0,41.04821986,-76.40565017,42037.0,1737.885598177452,3.8972542072630647,1085,1121,44,0,1077,1107,65456,8,0,0,8,14
2020-11-07,US,Pennsylvania,Crawford,703,4,0,41.68447709,-80.10760592,42039.0,830.6845171276985,0.5689900426742532,699,687,4,0,683,668,85063,16,0,0,16,19
2020-11-07,US,Pennsylvania,Cumberland,2807,82,0,40.1625372,-77.26130755,42041.0,1107.8659667679676,2.921268257926612,2725,2745,82,0,2663,2693,251423,62,0,0,62,52
2020-11-07,US,Pennsylvania,Dauphin,5415,197,0,40.41377078,-76.77993242,42043.0,1945.748996582812,3.638042474607572,5218,5367,196,0,5171,5268,277097,48,1,0,47,99
2020-11-07,US,Pennsylvania,Delaware,14865,774,0,39.91680171,-75.40243663,42045.0,2622.863464650012,5.20686175580222,14091,14648,772,0,13876,14477,564751,217,2,0,215,171
2020-11-07,US,Pennsylvania,Elk,262,2,0,41.42822061,-78.64524744,42047.0,875.9612169842862,0.7633587786259542,260,250,2,0,248,235,30169,12,0,0,12,15
2020-11-07,US,Pennsylvania,Erie,2542,41,0,41.99253829,-80.03301954,42049.0,942.4308933444064,1.6129032258064515,2501,2493,40,0,2453,2434,272061,49,1,0,48,59
2020-11-07,US,Pennsylvania,Fayette,1168,15,0,39.92041012,-79.64291195,42051.0,903.5072791125824,1.2842465753424657,1153,1154,15,0,1139,1144,130441,14,0,0,14,10
2020-11-07,US,Pennsylvania,Forest,20,1,0,41.51095103,-79.23229292,42053.0,275.9762660411205,5.0,19,20,1,0,19,20,7279,0,0,0,0,0
2020-11-07,US,Pennsylvania,Franklin,2599,64,0,39.92956518,-77.72157791,42055.0,1676.4821611719244,2.4624855713736054,2535,2546,62,0,2484,2500,154835,53,2,0,51,46
2020-11-07,US,Pennsylvania,Fulton,120,4,0,39.92913544,-78.11163677,42057.0,825.8774948382656,3.333333333333333,116,116,4,0,112,114,14523,4,0,0,4,2
2020-11-07,US,Pennsylvania,Greene,330,1,0,39.85746531,-80.22357106,42059.0,910.7719482239947,0.30303030303030304,329,315,1,0,314,307,36506,15,0,0,15,8
2020-11-07,US,Pennsylvania,Huntingdon,1192,29,0,40.42162652,-77.97673273,42061.0,2640.439482544745,2.4328859060402683,1163,1172,24,0,1148,1150,45168,20,5,0,15,22
2020-11-07,US,Pennsylvania,Indiana,1422,19,0,40.65241041,-79.08963285,42063.0,1691.387246797426,1.3361462728551337,1403,1391,19,0,1372,1350,84501,31,0,0,31,41
2020-11-07,US,Pennsylvania,Jefferson,287,4,0,41.12913106,-78.9986361,42065.0,660.9096142774898,1.3937282229965158,283,271,4,0,267,261,43641,16,0,0,16,10
2020-11-07,US,Pennsylvania,Juniata,287,8,0,40.53358749,-77.39975129999998,42067.0,1158.9871986431372,2.787456445993032,279,279,8,0,271,259,24704,8,0,0,8,20
2020-11-07,US,Pennsylvania,Lackawanna,4066,222,0,41.43564672,-75.60379201,42069.0,1939.2008546600919,5.459911460895229,3844,4031,222,0,3809,3987,210793,35,0,0,35,44
2020-11-07,US,Pennsylvania,Lancaster,10705,489,0,40.03904563,-76.24770128,42071.0,1961.614295871173,4.56795889771135,10216,10562,488,0,10074,10372,543557,143,1,0,142,190
2020-11-07,US,Pennsylvania,Lawrence,1239,42,0,40.99206278,-80.33393706,42073.0,1448.9194499017678,3.3898305084745757,1197,1175,40,0,1135,1132,86184,64,2,0,62,43
2020-11-07,US,Pennsylvania,Lebanon,3569,73,0,40.36680311,-76.45651841,42075.0,2517.049501738449,2.0453908657887365,3496,3503,72,0,3431,3448,141314,66,1,0,65,55
2020-11-07,US,Pennsylvania,Lehigh,7439,372,0,40.6154815,-75.59435245,42077.0,2014.2532993247007,5.000672133351257,7067,7290,371,0,6919,7180,368100,149,1,0,148,110
2020-11-07,US,Pennsylvania,Luzerne,6045,214,0,41.17823008,-75.98447579,42079.0,1904.4348601366657,3.5401157981803144,5831,5948,211,0,5737,5861,317646,97,3,0,94,87
2020-11-07,US,Pennsylvania,Lycoming,1082,32,0,41.34310539,-77.06629984,42081.0,954.9951897192384,2.957486136783734,1050,1064,32,0,1032,1043,113664,18,0,0,18,21
2020-11-07,US,Pennsylvania,McKean,191,2,0,41.80938602,-78.56478358,42083.0,470.15384615384613,1.0471204188481675,189,184,2,0,182,182,40968,7,0,0,7,2
2020-11-07,US,Pennsylvania,Mercer,1352,28,0,41.30248872,-80.25816981,42085.0,1235.560754496271,2.0710059171597632,1324,1302,28,0,1274,1264,110683,50,0,0,50,38
2020-11-07,US,Pennsylvania,Mifflin,585,4,0,40.61116939,-77.61070738,42087.0,1267.9353244613985,0.6837606837606838,581,562,4,0,558,528,46222,23,0,0,23,34
2020-11-07,US,Pennsylvania,Monroe,2242,135,0,41.05934058,-75.34031025,42089.0,1316.7245156250915,6.0214094558429965,2107,2211,135,0,2076,2182,169507,31,0,0,31,29
2020-11-07,US,Pennsylvania,Montgomery,15311,898,0,40.21053671,-75.36652296,42091.0,1842.6674208553225,5.8650643328326035,14413,15118,898,0,14220,14901,828604,193,0,0,193,217
2020-11-07,US,Pennsylvania,Montour,333,12,0,41.03023987,-76.66345939,42093.0,1826.6593527153045,3.603603603603604,321,324,11,0,313,316,18240,9,1,0,8,8
2020-11-07,US,Pennsylvania,Northampton,6004,319,0,40.75182733,-75.30471829,42095.0,1966.6868663707685,5.313124583610926,5685,5911,317,0,5594,5826,304807,93,2,0,91,85
2020-11-07,US,Pennsylvania,Northumberland,1719,113,0,40.84785433,-76.70798222,42097.0,1892.2756844225753,6.5735892961023845,1606,1704,113,0,1591,1681,91083,15,0,0,15,23
2020-11-07,US,Pennsylvania,Perry,412,7,0,40.40206612,-77.26297447,42099.0,890.3872752420468,1.699029126213592,405,408,7,0,401,402,46139,4,0,0,4,6
2020-11-07,US,Pennsylvania,Philadelphia,47675,1889,0,40.00338507,-75.1379271,42101.0,3009.663750959557,3.962244362873624,45786,47675,1889,0,45786,46917,1584138,0,0,0,0,758
2020-11-07,US,Pennsylvania,Pike,671,23,0,41.33155042,-75.03208106,42103.0,1202.315038793026,3.4277198211624436,648,663,23,0,640,654,55933,8,0,0,8,9
2020-11-07,US,Pennsylvania,Potter,73,1,0,41.74471626,-77.89559864,42105.0,441.72818588890226,1.3698630136986298,72,70,1,0,69,69,16622,3,0,0,3,1
2020-11-07,US,Pennsylvania,Schuylkill,2421,113,0,40.70497338,-76.2150785,42107.0,1712.6606724722162,4.667492771581991,2308,2366,112,0,2254,2336,142067,55,1,0,54,30
2020-11-07,US,Pennsylvania,Snyder,562,18,0,40.77129231,-77.06840691,42109.0,1392.053898741702,3.2028469750889683,544,549,18,0,531,541,40540,13,0,0,13,8
2020-11-07,US,Pennsylvania,Somerset,559,3,0,39.97172723,-79.02699593,42111.0,761.0930330714665,0.5366726296958855,556,531,3,0,528,514,73952,28,0,0,28,17
2020-11-07,US,Pennsylvania,Sullivan,22,1,0,41.44634738,-76.51246591,42113.0,362.6772172766238,4.545454545454546,21,22,1,0,21,22,6071,0,0,0,0,0
2020-11-07,US,Pennsylvania,Susquehanna,455,29,0,41.82147784,-75.80071959,42115.0,1128.2483634199566,6.373626373626371,426,450,29,0,421,446,40589,5,0,0,5,4
2020-11-07,US,Pennsylvania,Tioga,333,4,0,41.77255149,-77.25433032,42117.0,820.3789017269838,1.2012012012012012,329,308,4,0,304,293,40763,25,0,0,25,15
2020-11-07,US,Pennsylvania,Union,785,11,0,40.96188846,-77.05996014,42119.0,1747.4344990316765,1.4012738853503184,774,770,11,0,759,759,44785,15,0,0,15,11
2020-11-07,US,Pennsylvania,Venango,405,1,0,41.40323442,-79.75845449,42121.0,799.3210704981446,0.2469135802469136,404,388,1,0,387,376,51266,17,0,0,17,12
2020-11-07,US,Pennsylvania,Warren,83,1,0,41.81304978,-79.26969577,42123.0,211.7833175984282,1.2048192771084338,82,82,1,0,81,81,39498,1,0,0,1,1
2020-11-07,US,Pennsylvania,Washington,2454,41,0,40.19208869,-80.24582867,42125.0,1186.2809078384453,1.6707416462917686,2413,2399,41,0,2358,2346,207346,55,0,0,55,53
2020-11-07,US,Pennsylvania,Wayne,313,12,0,41.64938475,-75.29956506,42127.0,609.411810517708,3.8338658146964857,301,308,12,0,296,302,51276,5,0,0,5,6
2020-11-07,US,Pennsylvania,Westmoreland,4975,118,0,40.31377979999999,-79.46615476,42129.0,1425.9140897509021,2.371859296482412,4857,4899,115,0,4784,4817,350611,76,3,0,73,82
2020-11-07,US,Pennsylvania,Wyoming,220,9,0,41.51955538,-76.01074915,42131.0,821.0793461222662,4.090909090909091,211,213,9,0,204,202,27046,7,0,0,7,11
2020-11-07,US,Pennsylvania,York,7218,212,0,39.9210089,-76.73040131,42133.0,1607.3647502104404,2.9371016902188973,7006,7072,211,0,6861,7026,448273,146,1,0,145,46
2020-11-07,US,Puerto Rico,Adjuntas,210,0,0,18.180117000000006,-66.754367,72001.0,651.8503310578452,0.0,210,210,0,0,210,206,,0,0,0,0,4
2020-11-07,US,Puerto Rico,Aguada,484,0,0,18.360255,-67.17513100000001,72003.0,624.4190757644367,0.0,484,484,0,0,484,475,,0,0,0,0,9
2020-11-07,US,Puerto Rico,Aguadilla,690,0,0,18.459681,-67.12081500000001,72005.0,526.6698387176164,0.0,690,690,0,0,690,680,,0,0,0,0,10
2020-11-07,US,Puerto Rico,Aguas Buenas,425,0,0,18.251619,-66.126806,72007.0,854.8797934331275,0.0,425,425,0,0,425,419,,0,0,0,0,6
2020-11-07,US,Puerto Rico,Aibonito,228,0,0,18.131361,-66.264131,72009.0,343.6293436293436,0.0,228,228,0,0,228,224,,0,0,0,0,4
2020-11-07,US,Puerto Rico,Anasco,336,0,0,18.287985,-67.120611,72011.0,519.4627661392296,0.0,336,336,0,0,336,325,,0,0,0,0,11
2020-11-07,US,Puerto Rico,Arecibo,1192,0,0,18.406631,-66.675077,72013.0,665.698880132725,0.0,1192,1192,0,0,1192,1168,,0,0,0,0,24
2020-11-07,US,Puerto Rico,Arroyo,213,0,0,17.998457000000005,-66.056546,72015.0,286.0791826309068,0.0,213,213,0,0,213,213,,0,0,0,0,0
2020-11-07,US,Puerto Rico,Barceloneta,358,0,0,18.445532999999998,-66.56053100000001,72017.0,789.8130238555771,0.0,358,358,0,0,358,344,,0,0,0,0,14
2020-11-07,US,Puerto Rico,Barranquitas,676,0,0,18.201592,-66.30963,72019.0,956.5274754271388,0.0,676,676,0,0,676,657,,0,0,0,0,19
2020-11-07,US,Puerto Rico,Bayamon,5356,0,0,18.34946,-66.168435,72021.0,1471.7753560514332,0.0,5356,5356,0,0,5356,5300,,0,0,0,0,56
2020-11-07,US,Puerto Rico,Cabo Rojo,561,0,0,18.040993,-67.154391,72023.0,388.8681579825992,0.0,561,561,0,0,561,558,,0,0,0,0,3
2020-11-07,US,Puerto Rico,Caguas,2456,0,0,18.211615,-66.050779,72025.0,1006.3474068008928,0.0,2456,2456,0,0,2456,2402,,0,0,0,0,54
2020-11-07,US,Puerto Rico,Camuy,451,0,0,18.418578,-66.860206,72027.0,665.5479393611878,0.0,451,451,0,0,451,428,,0,0,0,0,23
2020-11-07,US,Puerto Rico,Canovanas,999,0,0,18.328802,-65.887612,72029.0,1183.6803223640027,0.0,999,999,0,0,999,988,,0,0,0,0,11
2020-11-07,US,Puerto Rico,Carolina,4393,0,0,18.374986,-65.95683100000001,72031.0,1571.6047566784714,0.0,4393,4393,0,0,4393,4339,,0,0,0,0,54
2020-11-07,US,Puerto Rico,Catano,664,0,0,18.437269,-66.14330600000001,72033.0,1261.549395877754,0.0,664,664,0,0,664,656,,0,0,0,0,8
2020-11-07,US,Puerto Rico,Cayey,563,0,0,18.102851,-66.14914,72035.0,446.80895280450545,0.0,563,563,0,0,563,562,,0,0,0,0,1
2020-11-07,US,Puerto Rico,Ceiba,214,0,0,18.251818,-65.666416,72037.0,594.233731934561,0.0,214,214,0,0,214,211,,0,0,0,0,3
2020-11-07,US,Puerto Rico,Ciales,384,0,0,18.28885,-66.516475,72039.0,1213.9282291555744,0.0,384,384,0,0,384,367,,0,0,0,0,17
2020-11-07,US,Puerto Rico,Cidra,493,0,0,18.173559,-66.161179,72041.0,634.7746090156394,0.0,493,493,0,0,493,468,,0,0,0,0,25
2020-11-07,US,Puerto Rico,Coamo,461,0,0,18.097597,-66.36014,72043.0,414.691943127962,0.0,461,461,0,0,461,449,,0,0,0,0,12
2020-11-07,US,Puerto Rico,Comerio,318,0,0,18.224687,-66.221622,72045.0,736.3557609009531,0.0,318,318,0,0,318,315,,0,0,0,0,3
2020-11-07,US,Puerto Rico,Corozal,963,0,0,18.304264,-66.327738,72047.0,1246.5672284745033,0.0,963,963,0,0,963,947,,0,0,0,0,16
2020-11-07,US,Puerto Rico,Culebra,18,0,0,18.31586,-65.28813000000001,72049.0,990.0990099009905,0.0,18,23,0,0,23,23,,-5,0,0,-5,0
2020-11-07,US,Puerto Rico,Dorado,1225,0,0,18.436115,-66.278669,72051.0,1564.2604480545,0.0,1225,1225,0,0,1225,1211,,0,0,0,0,14
2020-11-07,US,Puerto Rico,Fajardo,781,0,0,18.318373,-65.666866,72053.0,883.9510177601168,0.0,781,781,0,0,781,778,,0,0,0,0,3
2020-11-07,US,Puerto Rico,Florida,418,0,0,18.373715,-66.560488,72054.0,914.8264984227127,0.0,418,418,0,0,418,410,,0,0,0,0,8
2020-11-07,US,Puerto Rico,Guanica,181,0,0,17.982429,-66.91964300000001,72055.0,365.4707366036959,0.0,181,181,0,0,181,180,,0,0,0,0,1
2020-11-07,US,Puerto Rico,Guayama,402,0,0,18.007516,-66.13390799999999,72057.0,324.05978572373346,0.0,402,402,0,0,402,395,,0,0,0,0,7
2020-11-07,US,Puerto Rico,Guayanilla,280,0,0,18.039942,-66.79186,72059.0,417.03350169130255,0.0,280,280,0,0,280,275,,0,0,0,0,5
2020-11-07,US,Puerto Rico,Guaynabo,2490,0,0,18.345114000000002,-66.11452299999999,72061.0,1494.0157673297656,0.0,2490,2490,0,0,2490,2455,,0,0,0,0,35
2020-11-07,US,Puerto Rico,Gurabo,838,0,0,18.266461,-65.97970500000001,72063.0,1095.4616588419406,0.0,838,838,0,0,838,819,,0,0,0,0,19
2020-11-07,US,Puerto Rico,Hatillo,475,0,0,18.410928,-66.79632600000001,72065.0,607.8230400686482,0.0,475,475,0,0,475,468,,0,0,0,0,7
2020-11-07,US,Puerto Rico,Hormigueros,228,0,0,18.134532,-67.113972,72067.0,678.2608695652174,0.0,228,228,0,0,228,227,,0,0,0,0,1
2020-11-07,US,Puerto Rico,Humacao,854,0,0,18.145211,-65.810174,72069.0,699.5518763041767,0.0,854,854,0,0,854,843,,0,0,0,0,11
2020-11-07,US,Puerto Rico,Isabela,431,0,0,18.44981,-67.005093,72071.0,473.3624071355,0.0,431,431,0,0,431,425,,0,0,0,0,6
2020-11-07,US,Puerto Rico,Jayuya,311,0,0,18.211446,-66.58878,72073.0,516.7648119216441,0.0,311,311,0,0,311,308,,0,0,0,0,3
2020-11-07,US,Puerto Rico,Juana Diaz,489,0,0,18.050764,-66.49458100000001,72075.0,281.612576191847,0.0,489,489,0,0,489,483,,0,0,0,0,6
2020-11-07,US,Puerto Rico,Juncos,642,0,0,18.223793,-65.909109,72077.0,910.8960039712088,0.0,642,642,0,0,642,630,,0,0,0,0,12
2020-11-07,US,Puerto Rico,Lajas,228,0,0,18.011661,-67.040585,72079.0,252.39777889954567,0.0,228,228,0,0,228,228,,0,0,0,0,0
2020-11-07,US,Puerto Rico,Lares,507,0,0,18.269035000000002,-66.867236,72081.0,575.5536045263876,0.0,507,507,0,0,507,488,,0,0,0,0,19
2020-11-07,US,Puerto Rico,Las Marias,131,0,0,18.23679,-66.98362,72083.0,597.1055561178017,0.0,131,131,0,0,131,131,,0,0,0,0,0
2020-11-07,US,Puerto Rico,Las Piedras,745,0,0,18.187527,-65.86946800000001,72085.0,1062.7020038784744,0.0,745,745,0,0,745,741,,0,0,0,0,4
2020-11-07,US,Puerto Rico,Loiza,404,0,0,18.425688,-65.89943000000001,72087.0,781.7697937458416,0.0,404,404,0,0,404,402,,0,0,0,0,2
2020-11-07,US,Puerto Rico,Luquillo,352,0,0,18.342114000000002,-65.72509699999999,72089.0,872.0350807255331,0.0,352,352,0,0,352,352,,0,0,0,0,0
2020-11-07,US,Puerto Rico,Manati,816,0,0,18.420473,-66.490461,72091.0,757.1464194228457,0.0,816,816,0,0,816,804,,0,0,0,0,12
2020-11-07,US,Puerto Rico,Maricao,50,0,0,18.171795,-66.942126,72093.0,796.6857871255577,0.0,50,97,0,0,97,97,,-47,0,0,-47,0
2020-11-07,US,Puerto Rico,Maunabo,179,0,0,18.017889,-65.922235,72095.0,539.8773006134968,0.0,179,179,0,0,179,177,,0,0,0,0,2
2020-11-07,US,Puerto Rico,Mayaguez,1069,0,0,18.2013,-67.1452,72097.0,559.0480466995958,0.0,1069,1069,0,0,1069,1053,,0,0,0,0,16
2020-11-07,US,Puerto Rico,Moca,542,0,0,18.377805,-67.080952,72099.0,643.2471515121293,0.0,542,542,0,0,542,522,,0,0,0,0,20
2020-11-07,US,Puerto Rico,Morovis,657,0,0,18.316963,-66.420383,72101.0,1186.752529898804,0.0,657,657,0,0,657,647,,0,0,0,0,10
2020-11-07,US,Puerto Rico,Naguabo,408,0,0,18.230636999999998,-65.753897,72103.0,969.311377245509,0.0,408,408,0,0,408,407,,0,0,0,0,1
2020-11-07,US,Puerto Rico,Naranjito,898,0,0,18.288019,-66.252703,72105.0,1371.620288138938,0.0,898,898,0,0,898,891,,0,0,0,0,7
2020-11-07,US,Puerto Rico,Orocovis,462,0,0,18.215046,-66.433604,72107.0,1045.980446569611,0.0,462,462,0,0,462,445,,0,0,0,0,17
2020-11-07,US,Puerto Rico,Out of PR,804,0,0,0.0,0.0,72888.0,0.0,0.0,804,804,0,0,804,804,,0,0,0,0,0
2020-11-07,US,Puerto Rico,Patillas,218,0,0,18.03174,-66.012242,72109.0,373.50210094931776,0.0,218,218,0,0,218,217,,0,0,0,0,1
2020-11-07,US,Puerto Rico,Penuelas,166,0,0,18.059645,-66.721572,72111.0,288.2793839057738,0.0,166,166,0,0,166,165,,0,0,0,0,1
2020-11-07,US,Puerto Rico,Ponce,1382,0,0,18.059498,-66.613748,72113.0,410.63687795727685,0.0,1382,1382,0,0,1382,1367,,0,0,0,0,15
2020-11-07,US,Puerto Rico,Quebradillas,303,0,0,18.439692,-66.926113,72115.0,763.9183610478799,0.0,303,303,0,0,303,292,,0,0,0,0,11
2020-11-07,US,Puerto Rico,Rincon,250,0,0,18.335442999999998,-67.23174,72117.0,796.0526315789474,0.0,250,250,0,0,250,247,,0,0,0,0,3
2020-11-07,US,Puerto Rico,Rio Grande,929,0,0,18.346329,-65.813742,72119.0,966.7796110783736,0.0,929,929,0,0,929,919,,0,0,0,0,10
2020-11-07,US,Puerto Rico,Sabana Grande,247,0,0,18.08282,-66.943758,72121.0,368.0981595092025,0.0,247,247,0,0,247,247,,0,0,0,0,0
2020-11-07,US,Puerto Rico,Salinas,610,0,0,18.010386999999994,-66.256592,72123.0,482.6565416049939,0.0,610,610,0,0,610,604,,0,0,0,0,6
2020-11-07,US,Puerto Rico,San German,353,0,0,18.111484,-67.03858100000001,72125.0,405.3255270639232,0.0,353,353,0,0,353,350,,0,0,0,0,3
2020-11-07,US,Puerto Rico,San Juan,11143,0,0,18.386933,-66.061128,72127.0,1758.0427292917745,0.0,11143,11143,0,0,11143,11029,,0,0,0,0,114
2020-11-07,US,Puerto Rico,San Lorenzo,783,0,0,18.147987,-65.976392,72129.0,1220.2250474937896,0.0,783,783,0,0,783,766,,0,0,0,0,17
2020-11-07,US,Puerto Rico,San Sebastian,849,0,0,18.328646,-66.971214,72131.0,527.9283525807211,0.0,849,849,0,0,849,819,,0,0,0,0,30
2020-11-07,US,Puerto Rico,Santa Isabel,299,0,0,17.994525,-66.388913,72133.0,309.3580819798917,0.0,299,299,0,0,299,296,,0,0,0,0,3
2020-11-07,US,Puerto Rico,Toa Alta,1928,0,0,18.362406,-66.246616,72135.0,1497.3132071395785,0.0,1928,1928,0,0,1928,1906,,0,0,0,0,22
2020-11-07,US,Puerto Rico,Toa Baja,2162,0,0,18.431445999999998,-66.213553,72137.0,1313.4841366380608,0.0,2162,2162,0,0,2162,2129,,0,0,0,0,33
2020-11-07,US,Puerto Rico,Trujillo Alto,1743,0,0,18.336159,-65.99888399999999,72139.0,1432.3508190588173,0.0,1743,1743,0,0,1743,1699,,0,0,0,0,44
2020-11-07,US,Puerto Rico,Unassigned,2525,862,0,0.0,0.0,72999.0,0.0,100.81871345029242,1663,1460,862,0,598,1386,,1065,0,0,1065,74
2020-11-07,US,Puerto Rico,Utuado,314,0,0,18.271214,-66.702984,72141.0,446.4689734230294,0.0,314,314,0,0,314,293,,0,0,0,0,21
2020-11-07,US,Puerto Rico,Vega Alta,1052,0,0,18.409346,-66.33725,72143.0,1339.1404470476334,0.0,1052,1052,0,0,1052,1043,,0,0,0,0,9
2020-11-07,US,Puerto Rico,Vega Baja,1328,0,0,18.428262,-66.397924,72145.0,1369.3808454292516,0.0,1328,1328,0,0,1328,1300,,0,0,0,0,28
2020-11-07,US,Puerto Rico,Vieques,107,0,0,18.123276,-65.44097099999999,72147.0,258.03677023975916,0.0,107,107,0,0,107,107,,0,0,0,0,0
2020-11-07,US,Puerto Rico,Villalba,298,0,0,18.127951,-66.473115,72149.0,663.5216507498177,0.0,298,298,0,0,298,292,,0,0,0,0,6
2020-11-07,US,Puerto Rico,Yabucoa,509,0,0,18.070399,-65.896289,72151.0,606.2043699428059,0.0,509,509,0,0,509,499,,0,0,0,0,10
2020-11-07,US,Puerto Rico,Yauco,631,0,0,18.080374,-66.858814,72153.0,513.7597221891873,0.0,631,631,0,0,631,624,,0,0,0,0,7
2020-11-07,US,Rhode Island,Bristol,661,20,0,41.71018079,-71.28652315,44001.0,1363.476969409435,3.02571860816944,641,661,20,0,641,661,48649,0,0,0,0,0
2020-11-07,US,Rhode Island,Kent,2908,124,0,41.67106337,-71.57641596,44003.0,1770.0192340466974,4.264099037138927,2784,2908,124,0,2784,2908,163861,0,0,0,0,0
2020-11-07,US,Rhode Island,Newport,797,10,0,41.5642026,-71.26569799,44005.0,970.9802392729222,1.2547051442910917,787,797,10,0,787,797,82542,0,0,0,0,0
2020-11-07,US,Rhode Island,Providence,25309,970,0,41.87064746,-71.57753536,44007.0,3961.147604357904,3.832628709154846,24339,25309,970,0,24339,25309,636084,0,0,0,0,0
2020-11-07,US,Rhode Island,Unassigned,5267,20,0,0.0,0.0,90044.0,0.0,0.37972280235428135,5247,5267,20,0,5247,4637,,0,0,0,0,630
2020-11-07,US,Rhode Island,Washington,1438,80,0,41.45961631,-71.61435303,44009.0,1145.1141530694315,5.563282336578581,1358,1438,80,0,1358,1438,126179,0,0,0,0,0
2020-11-07,US,South Carolina,Abbeville,836,19,0,34.22333378,-82.46170658,45001.0,3408.4886043951565,2.272727272727273,817,826,19,0,807,820,24541,10,0,0,10,6
2020-11-07,US,South Carolina,Aiken,5365,90,0,33.54338026,-81.63645384,45003.0,3139.7771431246783,1.6775396085740912,5275,5330,90,0,5240,5281,169401,35,0,0,35,49
2020-11-07,US,South Carolina,Allendale,438,8,0,32.98837386,-81.35321066,45005.0,5041.436464088398,1.8264840182648399,430,437,7,0,430,428,8903,1,1,0,0,9
2020-11-07,US,South Carolina,Anderson,6427,208,0,34.51828081,-82.63959517,45007.0,3172.918373996584,3.236346662517504,6219,6332,208,0,6124,6237,200482,95,0,0,95,95
2020-11-07,US,South Carolina,Bamberg,699,34,0,33.21927586,-81.05659969,45009.0,4969.429830797668,4.8640915593705305,665,698,34,0,664,701,14275,1,0,0,1,-3
2020-11-07,US,South Carolina,Barnwell,897,25,0,33.26679302,-81.43584352,45011.0,4298.859388478865,2.787068004459309,872,893,25,0,868,893,21112,4,0,0,4,0
2020-11-07,US,South Carolina,Beaufort,6362,93,0,32.39226291,-80.72619758,45013.0,3311.437524073245,1.4618044640050298,6269,6330,93,0,6237,6301,188715,32,0,0,32,29
2020-11-07,US,South Carolina,Berkeley,6440,96,0,33.20222596,-79.94654523,45015.0,2825.713997376123,1.4906832298136643,6344,6385,96,0,6289,6357,221091,55,0,0,55,28
2020-11-07,US,South Carolina,Calhoun,520,18,0,33.66926881,-80.77722168,45017.0,3573.1464302892878,3.4615384615384617,502,518,18,0,500,517,14520,2,0,0,2,1
2020-11-07,US,South Carolina,Charleston,17876,284,0,32.82487866,-79.96512315,45019.0,4345.099488096917,1.5887223092414409,17592,17775,284,0,17491,17712,405905,101,0,0,101,63
2020-11-07,US,South Carolina,Cherokee,1647,56,0,35.05122251,-81.61828622,45021.0,2874.34554973822,3.4001214329083185,1591,1621,53,0,1568,1599,57078,26,3,0,23,22
2020-11-07,US,South Carolina,Chester,1323,30,0,34.69249168,-81.1583216,45023.0,4103.088946780797,2.2675736961451247,1293,1310,30,0,1280,1306,32251,13,0,0,13,4
2020-11-07,US,South Carolina,Chesterfield,1571,49,0,34.64137396,-80.15640140000002,45025.0,3441.4019715224536,3.1190324633991087,1522,1554,49,0,1505,1540,45754,17,0,0,17,14
2020-11-07,US,South Carolina,Clarendon,1252,69,0,33.66610974,-80.21647898,45027.0,3710.1792858201215,5.511182108626199,1183,1240,69,0,1171,1226,33700,12,0,0,12,14
2020-11-07,US,South Carolina,Colleton,1343,48,0,32.87582989,-80.67641292,45029.0,3564.5088515539983,3.5740878629932986,1295,1332,49,0,1283,1327,37660,11,-1,0,12,5
2020-11-07,US,South Carolina,Darlington,2667,67,0,34.33358335,-79.96027485,45031.0,4003.4224984238494,2.512185976752906,2600,2630,67,0,2563,2594,66802,37,0,0,37,36
2020-11-07,US,South Carolina,Dillon,1391,48,0,34.39007791,-79.37741872,45033.0,4563.798024869582,3.450754852624012,1343,1381,48,0,1333,1373,30599,10,0,0,10,8
2020-11-07,US,South Carolina,Dorchester,5049,104,0,33.0794369,-80.40502652,45035.0,3101.179910201525,2.059813824519707,4945,5009,104,0,4905,4992,160647,40,0,0,40,17
2020-11-07,US,South Carolina,Edgefield,998,22,0,33.77221995,-81.96231108,45037.0,3661.041819515774,2.2044088176352705,976,983,22,0,961,972,27052,15,0,0,15,11
2020-11-07,US,South Carolina,Fairfield,901,40,0,34.39287073,-81.1195624,45039.0,4031.861099923927,4.439511653718091,861,895,40,0,855,893,22402,6,0,0,6,2
2020-11-07,US,South Carolina,Florence,5873,204,0,34.02361754,-79.70189312,45041.0,4246.780386570542,3.473522901413247,5669,5817,204,0,5613,5797,138159,56,0,0,56,20
2020-11-07,US,South Carolina,Georgetown,2499,58,0,33.43443342,-79.33202141,45043.0,3986.917677089981,2.32092837134854,2441,2481,58,0,2423,2468,62249,18,0,0,18,13
2020-11-07,US,South Carolina,Greenville,19122,362,0,34.89502264,-82.37295012,45045.0,3652.429031481715,1.8931074155423075,18760,18823,361,0,18462,18664,514213,299,1,0,298,159
2020-11-07,US,South Carolina,Greenwood,2672,77,0,34.15272415,-82.12715789,45047.0,3773.4250328338812,2.881736526946108,2595,2654,77,0,2577,2643,70741,18,0,0,18,11
2020-11-07,US,South Carolina,Hampton,793,31,0,32.77419582,-81.13845571,45049.0,4125.481219436063,3.9092055485498114,762,788,31,0,757,780,19351,5,0,0,5,8
2020-11-07,US,South Carolina,Horry,12985,243,0,33.9212828,-78.99555293,45051.0,3667.2399818120707,1.8713900654601463,12742,12891,238,0,12653,12837,344147,94,5,0,89,54
2020-11-07,US,South Carolina,Jasper,969,23,0,32.43171982,-81.02487495,45053.0,3222.1594120972304,2.3735810113519094,946,960,23,0,937,960,28971,9,0,0,9,0
2020-11-07,US,South Carolina,Kershaw,2627,52,0,34.33988254,-80.58763164,45055.0,3947.34864990759,1.97944423296536,2575,2613,52,0,2561,2604,65592,14,0,0,14,9
2020-11-07,US,South Carolina,Lancaster,2782,62,0,34.68270843,-80.70513032,45057.0,2838.427947598253,2.2286125089863407,2720,2744,62,0,2682,2726,95380,38,0,0,38,18
2020-11-07,US,South Carolina,Laurens,2061,63,0,34.48244419,-82.00490796,45059.0,3053.650008148993,3.056768558951965,1998,2028,63,0,1965,2013,66994,33,0,0,33,15
2020-11-07,US,South Carolina,Lee,826,36,0,34.16393091,-80.25690731,45061.0,4908.485856905159,4.358353510895884,790,811,36,0,775,802,17142,15,0,0,15,9
2020-11-07,US,South Carolina,Lexington,9679,214,0,33.89665987,-81.27146426,45063.0,3239.832635983264,2.2109722078727136,9465,9592,214,0,9378,9522,295032,87,0,0,87,70
2020-11-07,US,South Carolina,Marion,1216,45,0,34.07859748,-79.36400756,45067.0,3966.467690902567,3.700657894736842,1171,1202,45,0,1157,1192,31039,14,0,0,14,10
2020-11-07,US,South Carolina,Marlboro,1214,15,0,34.59905577,-79.67561152,45069.0,4648.135385557853,1.2355848434925865,1199,1189,15,0,1174,1175,26398,25,0,0,25,14
2020-11-07,US,South Carolina,McCormick,291,7,0,33.90161443,-82.30794338,45065.0,3075.134735284793,2.405498281786941,284,289,7,0,282,288,9410,2,0,0,2,1
2020-11-07,US,South Carolina,Newberry,1778,58,0,34.28629098,-81.59935761,45071.0,4625.3902185223715,3.262092238470191,1720,1746,58,0,1688,1748,38520,32,0,0,32,-2
2020-11-07,US,South Carolina,Oconee,2642,34,0,34.75225169,-83.06742317,45073.0,3321.3486536092328,1.286903860711582,2608,2617,34,0,2583,2589,78374,25,0,0,25,28
2020-11-07,US,South Carolina,Orangeburg,3463,131,0,33.4391073,-80.79886287,45075.0,4018.566869741805,3.782847242275484,3332,3440,131,0,3309,3434,86934,23,0,0,23,6
2020-11-07,US,South Carolina,Pickens,4945,68,0,34.88807695,-82.72791551,45077.0,3897.260489896283,1.3751263902932256,4877,4881,68,0,4813,4820,124937,64,0,0,64,61
2020-11-07,US,South Carolina,Richland,18148,278,0,34.01791263,-80.90267209,45079.0,4365.0287786915005,1.5318492395856294,17870,18024,278,0,17746,17951,414576,124,0,0,124,73
2020-11-07,US,South Carolina,Saluda,754,25,0,34.00795823,-81.72713237,45081.0,3682.899428515606,3.3156498673740047,729,748,25,0,723,748,20544,6,0,0,6,0
2020-11-07,US,South Carolina,Spartanburg,9907,246,0,34.92960077,-81.99225984,45083.0,3098.0189815031977,2.483092762693045,9661,9742,246,0,9496,9590,313888,165,0,0,165,152
2020-11-07,US,South Carolina,Sumter,3726,92,0,33.91826534,-80.37942316,45085.0,3491.3465953280047,2.469135802469136,3634,3680,92,0,3588,3665,106512,46,0,0,46,15
2020-11-07,US,South Carolina,Union,835,22,0,34.68835752,-81.61730349,45087.0,3056.8165177917713,2.634730538922156,813,824,21,0,803,815,27410,11,1,0,10,9
2020-11-07,US,South Carolina,Williamsburg,1508,50,0,33.62190129,-79.72767442,45089.0,4965.753424657534,3.3156498673740047,1458,1499,50,0,1449,1494,30606,9,0,0,9,5
2020-11-07,US,South Carolina,York,7425,111,0,34.97281497,-81.18085944,45091.0,2642.546240110471,1.4949494949494953,7314,7310,111,0,7199,7245,274118,115,0,0,115,65
2020-11-07,US,South Dakota,Aurora,239,2,0,43.71757685,-98.56050467,46003.0,8687.749909123955,0.8368200836820083,237,225,2,0,223,220,2801,14,0,0,14,5
2020-11-07,US,South Dakota,Beadle,1612,19,0,44.41464384,-98.27858469,46005.0,8735.706931122311,1.1786600496277917,1593,1563,19,0,1544,1530,18883,49,0,0,49,33
2020-11-07,US,South Dakota,Bennett,249,5,0,43.19486375,-101.6665572,46007.0,7399.702823179792,2.0080321285140563,244,242,5,0,237,241,3468,7,0,0,7,1
2020-11-07,US,South Dakota,Bon Homme,1149,3,0,42.98914167,-97.88592746,46009.0,16649.760904216782,0.2610966057441253,1146,1143,3,0,1140,1132,6980,6,0,0,6,11
2020-11-07,US,South Dakota,Brookings,1729,9,0,44.36974375,-96.79079945,46011.0,4929.155857114349,0.5205320994794679,1720,1675,9,0,1666,1635,35232,54,0,0,54,40
2020-11-07,US,South Dakota,Brown,2501,7,0,45.58994323,-98.35165355,46013.0,6439.403692165091,0.2798880447820872,2494,2444,6,0,2438,2376,39316,57,1,0,56,68
2020-11-07,US,South Dakota,Brule,379,3,0,43.71756379,-99.08118954,46015.0,7154.9933924863135,0.7915567282321899,376,372,3,0,369,357,5229,7,0,0,7,15
2020-11-07,US,South Dakota,Buffalo,302,5,0,44.07657829,-99.20814467,46017.0,15392.456676860349,1.6556291390728477,297,298,5,0,293,291,2036,4,0,0,4,7
2020-11-07,US,South Dakota,Butte,486,4,0,44.90608745,-103.5079318,46019.0,4660.08246236456,0.8230452674897121,482,478,4,0,474,465,10222,8,0,0,8,13
2020-11-07,US,South Dakota,Campbell,85,1,0,45.77074915,-100.0510181,46021.0,6177.325581395349,1.1764705882352942,84,85,1,0,84,84,1377,0,0,0,0,1
2020-11-07,US,South Dakota,Charles Mix,519,1,0,43.20660134,-98.58856175,46023.0,5585.449849332759,0.1926782273603083,518,511,1,0,510,492,9338,8,0,0,8,19
2020-11-07,US,South Dakota,Clark,158,1,0,44.85834507,-97.72925109,46025.0,4229.1220556745175,0.6329113924050633,157,158,1,0,157,155,3739,0,0,0,0,3
2020-11-07,US,South Dakota,Clay,947,8,0,42.91296147,-96.97656917,46027.0,6730.632551528074,0.8447729672650475,939,936,8,0,928,925,14041,11,0,0,11,11
2020-11-07,US,South Dakota,Codington,1928,16,0,44.97788119,-97.18827677,46029.0,6883.501731586276,0.8298755186721992,1912,1883,16,0,1867,1818,28015,45,0,0,45,65
2020-11-07,US,South Dakota,Corson,266,2,0,45.70889983,-101.1970473,46031.0,6510.034263338228,0.7518796992481203,264,262,2,0,260,258,4165,4,0,0,4,4
2020-11-07,US,South Dakota,Custer,374,4,0,43.67741105,-103.45345209999999,46033.0,4168.524297815426,1.0695187165775402,370,367,4,0,363,361,8726,7,0,0,7,6
2020-11-07,US,South Dakota,Davison,1390,12,0,43.67490933,-98.14458906,46035.0,7029.077117572693,0.8633093525179856,1378,1334,11,0,1323,1238,19790,56,1,0,55,96
2020-11-07,US,South Dakota,Day,196,3,0,45.367281,-97.60737498,46037.0,3613.569321533923,1.5306122448979589,193,195,3,0,192,189,5505,1,0,0,1,6
2020-11-07,US,South Dakota,Deuel,221,1,0,44.75994309,-96.66943645,46039.0,5079.292116754769,0.4524886877828054,220,217,1,0,216,212,4337,4,0,0,4,5
2020-11-07,US,South Dakota,Dewey,520,2,0,45.15639647,-100.8709139,46041.0,8825.526137135099,0.38461538461538464,518,490,2,0,488,460,5904,30,0,0,30,30
2020-11-07,US,South Dakota,Douglas,215,5,0,43.38520741,-98.36978007,46043.0,7360.492981855528,2.3255813953488373,210,211,5,0,206,201,2935,4,0,0,4,10
2020-11-07,US,South Dakota,Edmunds,177,1,0,45.41846445,-99.21545423,46045.0,4622.616871245757,0.5649717514124294,176,173,1,0,172,170,3875,4,0,0,4,3
2020-11-07,US,South Dakota,Fall River,250,6,0,43.23929297,-103.5275691,46047.0,3724.1173841799496,2.4,244,248,6,0,242,245,6758,2,0,0,2,3
2020-11-07,US,South Dakota,Faulk,242,3,0,45.07082625,-99.14535601,46049.0,10526.315789473683,1.2396694214876034,239,241,3,0,238,237,2330,1,0,0,1,4
2020-11-07,US,South Dakota,Grant,375,4,0,45.1723937,-96.77002276,46051.0,5317.640385706182,1.0666666666666669,371,362,3,0,359,348,7147,13,1,0,12,14
2020-11-07,US,South Dakota,Gregory,302,10,0,43.19419064,-99.18883902,46053.0,7216.248506571086,3.3112582781456954,292,289,10,0,279,278,4212,13,0,0,13,11
2020-11-07,US,South Dakota,Haakon,108,2,0,44.29299053,-101.539099,46055.0,5687.2037914691955,1.851851851851852,106,108,2,0,106,107,1918,0,0,0,0,1
2020-11-07,US,South Dakota,Hamlin,264,0,0,44.67385954,-97.18829593,46057.0,4282.933160285529,0.0,264,260,0,0,260,247,6111,4,0,0,4,13
2020-11-07,US,South Dakota,Hand,192,1,0,44.54708407,-99.00386459,46059.0,6016.9225947978675,0.5208333333333334,191,186,1,0,185,176,3262,6,0,0,6,10
2020-11-07,US,South Dakota,Hanson,141,1,0,43.6746384,-97.78715148,46061.0,4083.405734144223,0.7092198581560284,140,136,1,0,135,125,3376,5,0,0,5,11
2020-11-07,US,South Dakota,Harding,63,0,0,45.58015551,-103.4958629,46063.0,4853.620955315871,0.0,63,63,0,0,63,63,1249,0,0,0,0,0
2020-11-07,US,South Dakota,Hughes,1047,8,0,44.39091534,-99.99661148,46065.0,5973.981513180417,0.7640878701050621,1039,1016,8,0,1008,982,17650,31,0,0,31,34
2020-11-07,US,South Dakota,Hutchinson,305,2,0,43.33449012,-97.75536441,46067.0,4183.239610478672,0.6557377049180327,303,297,2,0,295,283,7380,8,0,0,8,14
2020-11-07,US,South Dakota,Hyde,66,0,0,44.54747703,-99.48572582,46069.0,5073.020753266718,0.0,66,65,0,0,65,57,1282,1,0,0,1,8
2020-11-07,US,South Dakota,Jackson,153,4,0,43.69318385,-101.6255063,46071.0,4575.358851674641,2.6143790849673203,149,149,4,0,145,147,3307,4,0,0,4,2
2020-11-07,US,South Dakota,Jerauld,185,13,0,44.06637798,-98.62965972,46073.0,9190.263288623944,7.027027027027027,172,177,13,0,164,176,2043,8,0,0,8,1
2020-11-07,US,South Dakota,Jones,42,0,0,43.96278565,-100.6940008,46075.0,4651.1627906976755,0.0,42,40,0,0,40,39,928,2,0,0,2,1
2020-11-07,US,South Dakota,Kingsbury,268,4,0,44.36956169,-97.4913945,46077.0,5426.199635553756,1.492537313432836,264,253,4,0,249,246,4919,15,0,0,15,7
2020-11-07,US,South Dakota,Lake,526,9,0,44.02193107,-97.12926365,46079.0,4110.338360553255,1.7110266159695815,517,507,9,0,498,490,13057,19,0,0,19,17
2020-11-07,US,South Dakota,Lawrence,1295,8,0,44.35919441,-103.79294279999999,46081.0,5010.834236186349,0.6177606177606177,1287,1253,7,0,1246,1202,25741,42,1,0,41,51
2020-11-07,US,South Dakota,Lincoln,3598,30,0,43.27841182,-96.72039050000001,46083.0,5886.009684596257,0.8337965536409117,3568,3541,29,0,3512,3443,58807,57,1,0,56,98
2020-11-07,US,South Dakota,Lyman,326,7,0,43.89522709,-99.85201878,46085.0,8622.057656704575,2.147239263803681,319,321,7,0,314,309,3821,5,0,0,5,12
2020-11-07,US,South Dakota,Marshall,75,3,0,45.75870838,-97.59855639,46091.0,1519.756838905775,4.0,72,74,3,0,71,72,5112,1,0,0,1,2
2020-11-07,US,South Dakota,McCook,361,3,0,43.6742571,-97.36863144,46087.0,6462.585034013606,0.8310249307479224,358,351,3,0,348,332,5546,10,0,0,10,19
2020-11-07,US,South Dakota,McPherson,72,1,0,45.76626028,-99.22118798,46089.0,3026.481715006305,1.3888888888888888,71,72,1,0,71,73,2407,0,0,0,0,-1
2020-11-07,US,South Dakota,Meade,1176,10,0,44.56676791,-102.71627409999999,46093.0,4150.783566285471,0.8503401360544217,1166,1149,10,0,1139,1127,28294,27,0,0,27,22
2020-11-07,US,South Dakota,Mellette,107,1,0,43.58078848,-100.7563186,46095.0,5191.654536632704,0.9345794392523364,106,108,1,0,107,105,2042,-1,0,0,-1,3
2020-11-07,US,South Dakota,Miner,161,2,0,44.02197882,-97.60992207,46097.0,7265.342960288808,1.2422360248447204,159,152,2,0,150,151,2213,9,0,0,9,1
2020-11-07,US,South Dakota,Minnehaha,14116,123,0,43.67441641,-96.7910885,46099.0,7308.915053796844,0.8713516576933975,13993,13821,123,0,13698,13462,192876,295,0,0,295,359
2020-11-07,US,South Dakota,Moody,293,4,0,44.02266214,-96.67081159,46101.0,4455.5961070559615,1.3651877133105803,289,275,4,0,271,263,6579,18,0,0,18,12
2020-11-07,US,South Dakota,Oglala Lakota,1229,11,0,43.33749164,-102.55554980000001,46102.0,8668.970868307822,0.8950366151342555,1218,1208,10,0,1198,1153,14309,21,1,0,20,55
2020-11-07,US,South Dakota,Pennington,5639,51,0,44.0025835,-102.8240777,46103.0,4956.27334651725,0.9044156765383934,5588,5475,51,0,5424,5377,111729,164,0,0,164,98
2020-11-07,US,South Dakota,Perkins,94,0,0,45.49049506,-102.47555859999999,46105.0,3280.9773123909254,0.0,94,88,0,0,88,85,2922,6,0,0,6,3
2020-11-07,US,South Dakota,Potter,173,0,0,45.06583079,-99.95498503,46107.0,8035.2995819786365,0.0,173,160,0,0,160,154,2207,13,0,0,13,6
2020-11-07,US,South Dakota,Roberts,453,8,0,45.62975048,-96.94672673,46109.0,4358.283625168367,1.7660044150110374,445,434,7,0,427,412,10447,19,1,0,18,22
2020-11-07,US,South Dakota,Sanborn,156,1,0,44.02351092,-98.09098159999999,46111.0,6655.290102389078,0.6410256410256411,155,141,1,0,140,132,2429,15,0,0,15,9
2020-11-07,US,South Dakota,Spink,390,3,0,44.93837606,-98.34626602,46115.0,6116.687578419072,0.7692307692307693,387,372,1,0,371,364,6495,18,2,0,16,8
2020-11-07,US,South Dakota,Stanley,124,0,0,44.41381872,-100.7349153,46117.0,4002.5823111684963,0.0,124,117,0,0,117,110,3022,7,0,0,7,7
2020-11-07,US,South Dakota,Sully,59,0,0,44.71571812,-100.1278092,46119.0,4241.552839683681,0.0,59,56,0,0,56,54,1392,3,0,0,3,2
2020-11-07,US,South Dakota,Todd,577,10,0,43.19338568,-100.71955030000001,46121.0,5669.647243785005,1.733102253032929,567,573,8,0,565,561,10283,4,2,0,2,12
2020-11-07,US,South Dakota,Tripp,326,2,0,43.34459388,-99.8854891,46123.0,5991.545671751516,0.6134969325153374,324,312,2,0,310,305,5478,14,0,0,14,7
2020-11-07,US,South Dakota,Turner,603,29,0,43.3109081,-97.14865776,46125.0,7192.270992366412,4.8092868988391375,574,586,27,0,559,574,8424,17,2,0,15,12
2020-11-07,US,South Dakota,Union,887,16,0,42.83112163,-96.6557828,46127.0,5567.411498870199,1.8038331454340475,871,863,16,0,847,843,15619,24,0,0,24,20
2020-11-07,US,South Dakota,Walworth,312,10,0,45.43019636,-100.03075140000001,46129.0,5740.570377184913,3.2051282051282053,302,303,10,0,293,297,5587,9,0,0,9,6
2020-11-07,US,South Dakota,Yankton,1072,7,0,43.00924485,-97.39467635,46135.0,4698.869115455422,0.6529850746268657,1065,1050,7,0,1043,1015,22869,22,0,0,22,35
2020-11-07,US,South Dakota,Ziebach,131,2,0,44.97881876,-101.6654622,46137.0,4753.265602322206,1.5267175572519085,129,125,2,0,123,120,2742,6,0,0,6,5
2020-11-07,US,Tennessee,Anderson,2061,18,0,36.12684348,-84.19965764,47001.0,2677.388344721869,0.8733624454148472,2043,1998,18,0,1980,1959,76482,63,0,0,63,39
2020-11-07,US,Tennessee,Bedford,1972,23,0,35.51123746,-86.45549096,47003.0,3966.769255526725,1.1663286004056794,1949,1926,23,0,1903,1925,49038,46,0,0,46,1
2020-11-07,US,Tennessee,Benton,512,11,0,36.07110411,-88.06849355,47005.0,3168.3168316831684,2.1484375,501,486,10,0,476,482,16184,26,1,0,25,4
2020-11-07,US,Tennessee,Bledsoe,1066,4,0,35.59942968,-85.20611967,47007.0,7076.473712161444,0.37523452157598497,1062,1062,4,0,1058,1057,14755,4,0,0,4,5
2020-11-07,US,Tennessee,Blount,3865,46,0,35.68938198,-83.92847788,47009.0,2904.0935320990625,1.1901681759379044,3819,3799,45,0,3754,3753,131349,66,1,0,65,46
2020-11-07,US,Tennessee,Bradley,3936,24,0,35.15739424,-84.857186,47011.0,3640.736287114975,0.6097560975609756,3912,3894,24,0,3870,3879,106727,42,0,0,42,15
2020-11-07,US,Tennessee,Campbell,1218,15,0,36.40355516,-84.15108559999999,47013.0,3057.075448019678,1.2315270935960592,1203,1192,14,0,1178,1176,39583,26,1,0,25,16
2020-11-07,US,Tennessee,Cannon,483,2,0,35.80990797,-86.05738983,47015.0,3290.639051641913,0.4140786749482402,481,475,2,0,473,469,14462,8,0,0,8,6
2020-11-07,US,Tennessee,Carroll,1282,30,0,35.97366108,-88.45189331,47017.0,4616.991392660352,2.3400936037441498,1252,1247,30,0,1217,1250,28020,35,0,0,35,-3
2020-11-07,US,Tennessee,Carter,1923,38,0,36.28969086,-82.12588974,47019.0,3410.118635952545,1.9760790431617263,1885,1892,37,0,1855,1869,56351,31,1,0,30,23
2020-11-07,US,Tennessee,Cheatham,1210,12,0,36.26136216,-87.08903581,47021.0,2975.385447660265,0.9917355371900828,1198,1168,12,0,1156,1164,40439,42,0,0,42,4
2020-11-07,US,Tennessee,Chester,790,18,0,35.42527478,-88.6095842,47023.0,4567.265999884373,2.278481012658228,772,777,18,0,759,778,17276,13,0,0,13,-1
2020-11-07,US,Tennessee,Claiborne,571,8,0,36.48319149,-83.65947309,47025.0,1786.6641634594323,1.4010507880910683,563,565,8,0,557,565,31756,6,0,0,6,0
2020-11-07,US,Tennessee,Clay,443,17,0,36.55151008,-85.53930419,47027.0,5817.465528562048,3.8374717832957113,426,437,16,0,421,433,7717,6,1,0,5,4
2020-11-07,US,Tennessee,Cocke,1273,21,0,35.9278914,-83.11828725,47029.0,3535.718253527386,1.6496465043205029,1252,1251,20,0,1231,1246,35774,22,1,0,21,5
2020-11-07,US,Tennessee,Coffee,2165,31,0,35.49090731,-86.07311784,47031.0,3830.5024769992933,1.4318706697459584,2134,2143,32,0,2111,2135,55700,22,-1,0,23,8
2020-11-07,US,Tennessee,Crockett,1005,24,0,35.81830662,-89.14916269,47033.0,7062.543921293043,2.388059701492537,981,987,24,0,963,984,14328,18,0,0,18,3
2020-11-07,US,Tennessee,Cumberland,1872,29,0,35.95271721,-84.99840585,47035.0,3093.192333113021,1.5491452991452992,1843,1819,29,0,1790,1786,59673,53,0,0,53,33
2020-11-07,US,Tennessee,Davidson,34875,365,0,36.17007426,-86.78646056,47037.0,5024.17365849161,1.0465949820788532,34510,34332,362,0,33970,34201,692587,543,3,0,540,131
2020-11-07,US,Tennessee,DeKalb,860,18,0,35.97616272,-85.83689361,47041.0,4197.169350902879,2.0930232558139537,842,843,18,0,825,820,20138,17,0,0,17,23
2020-11-07,US,Tennessee,Decatur,719,11,0,35.60048904,-88.11043779,47039.0,6164.794649747063,1.5299026425591098,708,706,11,0,695,706,11706,13,0,0,13,0
2020-11-07,US,Tennessee,Dickson,2004,21,0,36.14669837,-87.35891709,47043.0,3714.6882182842737,1.0479041916167664,1983,1931,21,0,1910,1925,53446,73,0,0,73,6
2020-11-07,US,Tennessee,Dyer,2551,39,0,36.05931946,-89.41542855,47045.0,6865.093247934551,1.528812230497844,2512,2505,39,0,2466,2502,37320,46,0,0,46,3
2020-11-07,US,Tennessee,Fayette,1859,30,0,35.19615831,-89.41399032,47047.0,4519.485571195877,1.6137708445400754,1829,1835,29,0,1806,1827,40507,24,1,0,23,8
2020-11-07,US,Tennessee,Fentress,1009,14,0,36.38128818,-84.92870012,47049.0,5447.281757814609,1.3875123885034688,995,995,14,0,981,985,18217,14,0,0,14,10
2020-11-07,US,Tennessee,Franklin,1468,27,0,35.15634626,-86.09201039,47051.0,3478.013646702047,1.8392370572207084,1441,1433,27,0,1406,1426,41890,35,0,0,35,7
2020-11-07,US,Tennessee,Gibson,2381,52,0,35.99438059,-88.93358327,47053.0,4846.030163026886,2.1839563208735826,2329,2331,52,0,2279,2330,49045,50,0,0,50,1
2020-11-07,US,Tennessee,Giles,1112,38,0,35.20222469,-87.03992678,47055.0,3774.0972033668213,3.41726618705036,1074,1082,38,0,1044,1081,29503,30,0,0,30,1
2020-11-07,US,Tennessee,Grainger,740,5,0,36.27469206,-83.51254721,47057.0,3173.2418524871355,0.6756756756756757,735,727,4,0,723,726,23145,13,1,0,12,1
2020-11-07,US,Tennessee,Greene,2175,60,0,36.17470125,-82.84691273,47059.0,3149.024888155323,2.7586206896551726,2115,2156,59,0,2097,2143,69087,19,1,0,18,13
2020-11-07,US,Tennessee,Grundy,639,14,0,35.38433717,-85.72142731,47061.0,4759.067550458032,2.1909233176838807,625,633,14,0,619,630,13346,6,0,0,6,3
2020-11-07,US,Tennessee,Hamblen,2707,51,0,36.21990035,-83.26586179,47063.0,4168.848369113253,1.8840044329516068,2656,2681,51,0,2630,2648,64569,26,0,0,26,33
2020-11-07,US,Tennessee,Hamilton,13036,117,0,35.17670231,-85.16652245,47065.0,3544.2790181727228,0.8975145750230132,12919,12818,114,0,12704,12719,364286,218,3,0,215,99
2020-11-07,US,Tennessee,Hancock,128,3,0,36.52692871,-83.22375847,47067.0,1933.5347432024166,2.34375,125,128,3,0,125,126,6549,0,0,0,0,2
2020-11-07,US,Tennessee,Hardeman,2029,35,0,35.20772017,-88.99161161,47069.0,8099.8003992015965,1.7249876786594385,1994,2016,35,0,1981,2007,25220,13,0,0,13,9
2020-11-07,US,Tennessee,Hardin,1502,23,0,35.19732531,-88.18593755,47071.0,5855.293934196165,1.5312916111850865,1479,1486,23,0,1463,1480,25776,16,0,0,16,6
2020-11-07,US,Tennessee,Hawkins,1397,30,0,36.44355426,-82.94885298,47073.0,2460.1134082344242,2.1474588403722263,1367,1379,30,0,1349,1372,56530,18,0,0,18,7
2020-11-07,US,Tennessee,Haywood,1392,28,0,35.58332824,-89.28536625,47075.0,8044.382801664356,2.0114942528735638,1364,1378,28,0,1350,1378,17335,14,0,0,14,0
2020-11-07,US,Tennessee,Henderson,1512,29,0,35.65581134,-88.38600175,47077.0,5377.529608421952,1.9179894179894181,1483,1488,29,0,1459,1484,27847,24,0,0,24,4
2020-11-07,US,Tennessee,Henry,988,13,0,36.33160906,-88.30121797,47079.0,3054.567939403308,1.3157894736842106,975,955,13,0,942,936,32358,33,0,0,33,19
2020-11-07,US,Tennessee,Hickman,886,16,0,35.80609681,-87.47643507,47081.0,3518.9451108110247,1.8058690744920995,870,875,16,0,859,868,25063,11,0,0,11,7
2020-11-07,US,Tennessee,Houston,480,18,0,36.28872054,-87.71878828,47083.0,5852.944762833801,3.75,462,467,18,0,449,461,8263,13,0,0,13,6
2020-11-07,US,Tennessee,Humphreys,516,6,0,36.03958805,-87.77992872,47085.0,2776.880852437844,1.162790697674419,510,496,6,0,490,497,18486,20,0,0,20,-1
2020-11-07,US,Tennessee,Jackson,517,7,0,36.36380466,-85.67239905,47087.0,4386.560325810284,1.3539651837524178,510,511,7,0,504,501,11758,6,0,0,6,10
2020-11-07,US,Tennessee,Jefferson,1715,25,0,36.04818632,-83.45148924,47089.0,3147.0777135517023,1.4577259475218658,1690,1689,25,0,1664,1674,54012,26,0,0,26,15
2020-11-07,US,Tennessee,Johnson,1259,14,0,36.45523950000001,-81.84886538,47091.0,7077.805261974365,1.1119936457505957,1245,1255,14,0,1241,1252,17778,4,0,0,4,3
2020-11-07,US,Tennessee,Knox,14389,101,0,35.99508821,-83.94635435,47093.0,3059.451896928216,0.7019250816596011,14288,14213,100,0,14113,14053,465289,176,1,0,175,160
2020-11-07,US,Tennessee,Lake,1026,4,0,36.34180170000001,-89.48921915,47095.0,14623.717217787913,0.3898635477582846,1022,1016,4,0,1012,1014,7411,10,0,0,10,2
2020-11-07,US,Tennessee,Lauderdale,1583,20,0,35.75893438,-89.63015909999999,47097.0,6175.632973120587,1.2634238787113077,1563,1556,20,0,1536,1554,25825,27,0,0,27,2
2020-11-07,US,Tennessee,Lawrence,1937,24,0,35.21675201,-87.39787695,47099.0,4388.111096008337,1.23902942694889,1913,1876,24,0,1852,1864,43734,61,0,0,61,12
2020-11-07,US,Tennessee,Lewis,574,7,0,35.52853208,-87.49022694,47101.0,4678.839256602543,1.2195121951219512,567,551,7,0,544,550,12086,23,0,0,23,1
2020-11-07,US,Tennessee,Lincoln,1079,8,0,35.13738622,-86.58910106,47103.0,3139.731129604842,0.7414272474513438,1071,1057,8,0,1049,1052,34117,22,0,0,22,5
2020-11-07,US,Tennessee,Loudon,1801,13,0,35.73939663,-84.31145275,47105.0,3330.990604424059,0.7218212104386452,1788,1781,13,0,1768,1768,53054,20,0,0,20,13
2020-11-07,US,Tennessee,Macon,1472,26,0,36.53157855,-86.00778595,47111.0,5983.253394033007,1.766304347826087,1446,1451,26,0,1425,1432,24265,21,0,0,21,19
2020-11-07,US,Tennessee,Madison,4197,86,0,35.61181957,-88.84076036,47113.0,4283.352384062704,2.049082678103407,4111,4133,86,0,4047,4092,97605,64,0,0,64,41
2020-11-07,US,Tennessee,Marion,901,14,0,35.12997174,-85.62265895,47115.0,3116.8921022589684,1.5538290788013318,887,881,14,0,867,877,28575,20,0,0,20,4
2020-11-07,US,Tennessee,Marshall,1306,12,0,35.45798777,-86.76420988,47117.0,3799.2727272727284,0.9188361408882084,1294,1274,12,0,1262,1276,33683,32,0,0,32,-2
2020-11-07,US,Tennessee,Maury,4139,42,0,35.618741299999996,-87.07462444,47119.0,4294.147551018291,1.0147378593863252,4097,3954,40,0,3914,3931,94340,185,2,0,183,23
2020-11-07,US,Tennessee,McMinn,1863,44,0,35.42812616,-84.61520715,47107.0,3463.211510577388,2.3617820719269997,1819,1844,41,0,1803,1824,53285,19,3,0,16,20
2020-11-07,US,Tennessee,McNairy,1221,30,0,35.17468549,-88.5647812,47109.0,4752.082198178563,2.457002457002457,1191,1206,30,0,1176,1197,25832,15,0,0,15,9
2020-11-07,US,Tennessee,Meigs,372,8,0,35.51558739,-84.81482914,47121.0,2994.686845918532,2.150537634408602,364,363,8,0,355,359,12306,9,0,0,9,4
2020-11-07,US,Tennessee,Monroe,1636,32,0,35.44550387,-84.24902965,47123.0,3514.8780749812013,1.9559902200489,1604,1606,32,0,1574,1600,46357,30,0,0,30,6
2020-11-07,US,Tennessee,Montgomery,4781,63,0,36.49609412,-87.38550661,47125.0,2287.636428014336,1.3177159590043923,4718,4664,63,0,4601,4621,205950,117,0,0,117,43
2020-11-07,US,Tennessee,Moore,299,2,0,35.27724699,-86.36230578,47127.0,4608.508014796547,0.6688963210702341,297,299,2,0,297,297,6411,0,0,0,0,2
2020-11-07,US,Tennessee,Morgan,484,6,0,36.13248031,-84.64880098,47129.0,2261.36522917348,1.2396694214876034,478,480,6,0,474,472,21579,4,0,0,4,8
2020-11-07,US,Tennessee,Obion,2010,31,0,36.35732446,-89.14921589,47131.0,6684.6253616681615,1.5422885572139304,1979,1953,29,0,1924,1944,30267,57,2,0,55,9
2020-11-07,US,Tennessee,Out of TN,4636,41,0,0.0,0.0,80047.0,0.0,0.8843830888697153,4595,4486,40,0,4446,4489,,150,1,0,149,-3
2020-11-07,US,Tennessee,Overton,1325,28,0,36.34117832,-85.28989535,47133.0,5957.465941279619,2.1132075471698117,1297,1316,26,0,1290,1313,22068,9,2,0,7,3
2020-11-07,US,Tennessee,Perry,378,15,0,35.63708728,-87.86139634,47135.0,4680.534918276375,3.968253968253968,363,373,14,0,359,376,8064,5,1,0,4,-3
2020-11-07,US,Tennessee,Pickett,305,10,0,36.55606529,-85.07763299999998,47137.0,6041.996830427892,3.278688524590164,295,300,10,0,290,299,5082,5,0,0,5,1
2020-11-07,US,Tennessee,Polk,561,13,0,35.12245443,-84.52075859,47139.0,3332.9372623574145,2.3172905525846703,548,557,13,0,544,554,16898,4,0,0,4,3
2020-11-07,US,Tennessee,Putnam,4857,64,0,36.14005459,-85.50646123,47141.0,6052.713564708081,1.3176858142886556,4793,4779,63,0,4716,4743,78843,78,1,0,77,36
2020-11-07,US,Tennessee,Rhea,1249,24,0,35.60536161,-84.93076643,47143.0,3765.791298579914,1.9215372297838271,1225,1237,24,0,1213,1225,33044,12,0,0,12,12
2020-11-07,US,Tennessee,Roane,1663,10,0,35.84923189,-84.52458689,47145.0,3115.2823048967816,0.6013229104028863,1653,1612,10,0,1602,1590,53140,51,0,0,51,22
2020-11-07,US,Tennessee,Robertson,2844,43,0,36.52454807,-86.87346725,47147.0,3960.2857421358253,1.5119549929676512,2801,2790,43,0,2747,2774,71012,54,0,0,54,16
2020-11-07,US,Tennessee,Rutherford,13419,126,0,35.84591405,-86.4107263,47149.0,4038.40077042298,0.9389671361502347,13293,13181,123,0,13058,13111,324890,238,3,0,235,70
2020-11-07,US,Tennessee,Scott,515,5,0,36.42325673,-84.50360494,47151.0,2333.6958491934024,0.9708737864077671,510,489,5,0,484,483,22039,26,0,0,26,6
2020-11-07,US,Tennessee,Sequatchie,400,5,0,35.36979721,-85.41022136,47153.0,2662.052442433116,1.25,395,398,5,0,393,395,14876,2,0,0,2,3
2020-11-07,US,Tennessee,Sevier,3757,26,0,35.78077323,-83.52244332,47155.0,3823.9185750636134,0.6920415224913494,3731,3690,24,0,3666,3662,97892,67,2,0,65,28
2020-11-07,US,Tennessee,Shelby,39328,586,0,35.1864775,-89.89692423,47157.0,4196.481733225491,1.490032546786005,38742,38932,582,0,38350,38875,935764,396,4,0,392,57
2020-11-07,US,Tennessee,Smith,1094,16,0,36.25359775,-85.95411046,47159.0,5427.394949645284,1.4625228519195612,1078,1075,16,0,1059,1068,19942,19,0,0,19,7
2020-11-07,US,Tennessee,Stewart,411,13,0,36.50235092,-87.83920548,47161.0,2996.7189208895365,3.1630170316301705,398,396,13,0,383,391,13561,15,0,0,15,5
2020-11-07,US,Tennessee,Sullivan,4519,64,0,36.51240691,-82.30412917,47163.0,2853.840907368581,1.4162425315335252,4455,4409,61,0,4348,4365,157668,110,3,0,107,44
2020-11-07,US,Tennessee,Sumner,6922,120,0,36.46824103,-86.45917204,47165.0,3618.721998295719,1.7336030049118751,6802,6796,120,0,6676,6770,187149,126,0,0,126,26
2020-11-07,US,Tennessee,Tipton,2679,25,0,35.501942,-89.73694895,47167.0,4349.096576243121,0.9331840238895109,2654,2617,24,0,2593,2612,61581,62,1,0,61,5
2020-11-07,US,Tennessee,Trousdale,1828,10,0,36.39026213,-86.16087954,47169.0,16199.92910315491,0.5470459518599562,1818,1815,10,0,1805,1811,11012,13,0,0,13,4
2020-11-07,US,Tennessee,Unassigned,2709,7,0,0.0,0.0,90047.0,0.0,0.25839793281653745,2702,2336,6,0,2330,2493,,373,1,0,372,-157
2020-11-07,US,Tennessee,Unicoi,561,10,0,36.10890856,-82.43709629,47171.0,3137.057540681093,1.7825311942959,551,544,10,0,534,541,17761,17,0,0,17,3
2020-11-07,US,Tennessee,Union,582,5,0,36.28590426,-83.83651902,47173.0,2914.0797115962346,0.8591065292096219,577,577,5,0,572,573,19688,5,0,0,5,4
2020-11-07,US,Tennessee,Van Buren,233,2,0,35.69864497,-85.45221699,47175.0,3967.9836512261572,0.8583690987124464,231,228,2,0,226,223,5765,5,0,0,5,5
2020-11-07,US,Tennessee,Warren,1692,11,0,35.672829899999996,-85.77969117,47177.0,4099.135111563341,0.6501182033096927,1681,1638,11,0,1627,1603,40878,54,0,0,54,35
2020-11-07,US,Tennessee,Washington,4338,78,0,36.29472368,-82.49454720000001,47179.0,3353.043478260869,1.798063623789765,4260,4282,75,0,4207,4268,128607,56,3,0,53,14
2020-11-07,US,Tennessee,Wayne,1644,7,0,35.23868267,-87.78644456,47181.0,9860.253103820549,0.4257907542579075,1637,1640,7,0,1633,1639,16558,4,0,0,4,1
2020-11-07,US,Tennessee,Weakley,1709,29,0,36.29896232,-88.71990865,47183.0,5127.820451272203,1.696898771211235,1680,1685,27,0,1658,1672,33415,24,2,0,22,13
2020-11-07,US,Tennessee,White,1368,16,0,35.92929884,-85.45591799,47185.0,5002.7427317608335,1.1695906432748535,1352,1343,16,0,1327,1336,27107,25,0,0,25,7
2020-11-07,US,Tennessee,Williamson,8142,61,0,35.89099229,-86.89281867,47187.0,3415.096555542507,0.7492016703512651,8081,7979,59,0,7920,7911,231729,163,2,0,161,68
2020-11-07,US,Tennessee,Wilson,5374,67,0,36.15496772,-86.29775884,47189.0,3714.99478075724,1.2467435802009676,5307,5237,66,0,5171,5214,140625,137,1,0,136,23
2020-11-07,US,Texas,Anderson,3018,41,0,31.81534745,-95.65354823,48001.0,5227.33177448688,1.3585155732273029,2977,3008,41,0,2967,3011,58057,10,0,0,10,-3
2020-11-07,US,Texas,Andrews,741,11,0,32.30468633,-102.63765479999999,48003.0,3961.507618283881,1.484480431848853,730,741,11,0,730,726,18128,0,0,0,0,15
2020-11-07,US,Texas,Angelina,2343,93,0,31.25457347,-94.60901487,48005.0,2701.954679121259,3.969270166453265,2250,2343,93,0,2250,2343,87092,0,0,0,0,0
2020-11-07,US,Texas,Aransas,360,18,0,28.10556197,-96.9995047,48007.0,1531.2632922160785,5.0,342,360,18,0,342,360,23792,0,0,0,0,0
2020-11-07,US,Texas,Archer,171,1,0,33.61569967,-98.68754589,48009.0,1999.298491757278,0.5847953216374269,170,171,1,0,170,171,8786,0,0,0,0,0
2020-11-07,US,Texas,Armstrong,31,1,0,34.96507426,-101.35748740000001,48011.0,1642.819289878113,3.2258064516129035,30,29,1,0,28,29,1892,2,0,0,2,0
2020-11-07,US,Texas,Atascosa,1300,37,0,28.89333001,-98.52730485,48013.0,2541.395421578402,2.8461538461538463,1263,1298,37,0,1261,1294,50310,2,0,0,2,4
2020-11-07,US,Texas,Austin,524,10,0,29.88548725,-96.27736949,48015.0,1744.8055407565264,1.9083969465648856,514,523,10,0,513,523,29989,1,0,0,1,0
2020-11-07,US,Texas,Bailey,359,5,0,34.06854817,-102.8299707,48017.0,5128.571428571428,1.3927576601671308,354,334,5,0,329,334,7027,25,0,0,25,0
2020-11-07,US,Texas,Bandera,197,10,0,29.74619598,-99.24598147,48019.0,852.3710626514363,5.076142131979696,187,197,10,0,187,196,22824,0,0,0,0,1
2020-11-07,US,Texas,Bastrop,2067,33,0,30.10370699,-97.31206354,48021.0,2329.7228452599666,1.5965166908563135,2034,2063,33,0,2030,2059,86976,4,0,0,4,4
2020-11-07,US,Texas,Baylor,46,4,0,33.61640794,-99.21352901,48023.0,1310.9147905386149,8.695652173913043,42,46,4,0,42,46,3582,0,0,0,0,0
2020-11-07,US,Texas,Bee,1884,39,0,28.41761668,-97.74215593,48025.0,5785.3523721787205,2.0700636942675157,1845,1880,39,0,1841,1874,32587,4,0,0,4,6
2020-11-07,US,Texas,Bell,6866,104,0,31.03736027,-97.4785025,48027.0,1891.8561461903867,1.514710166035537,6762,6853,103,0,6750,6770,355642,13,1,0,12,83
2020-11-07,US,Texas,Bexar,67365,1427,0,29.44928723,-98.52019748,48029.0,3362.2752369040218,2.118310695465004,65938,67127,1425,0,65702,66909,1986049,238,2,0,236,218
2020-11-07,US,Texas,Blanco,167,6,0,30.26640707,-98.3999852,48031.0,1399.7150280781161,3.5928143712574854,161,167,6,0,161,166,11702,0,0,0,0,1
2020-11-07,US,Texas,Borden,3,0,0,32.74363984,-101.43165090000001,48033.0,458.7155963302752,0.0,3,3,0,0,3,3,648,0,0,0,0,0
2020-11-07,US,Texas,Bosque,434,13,0,31.89978581,-97.63613524,48035.0,2322.718758362323,2.995391705069125,421,433,12,0,421,425,18691,1,1,0,0,8
2020-11-07,US,Texas,Bowie,2183,85,0,33.44626922,-94.41834132,48037.0,2341.144297281356,3.8937242327072834,2098,2183,85,0,2098,2145,94324,0,0,0,0,38
2020-11-07,US,Texas,Brazoria,12850,188,0,29.18757369,-95.44563172,48039.0,3433.4052967958446,1.4630350194552528,12662,12806,188,0,12618,12731,370200,44,0,0,44,75
2020-11-07,US,Texas,Brazos,8052,80,0,30.663644800000004,-96.30205577,48041.0,3512.920409578948,0.9935419771485344,7972,7974,80,0,7894,7942,226758,78,0,0,78,32
2020-11-07,US,Texas,Brewster,279,5,0,29.81008251,-103.25203259999999,48043.0,3031.6201238726508,1.7921146953405018,274,277,5,0,272,271,9267,2,0,0,2,6
2020-11-07,US,Texas,Briscoe,25,1,0,34.53026962,-101.2084947,48045.0,1617.0763260025876,4.0,24,25,1,0,24,25,1516,0,0,0,0,0
2020-11-07,US,Texas,Brooks,371,25,0,27.03103197,-98.21808402,48047.0,5230.508952488369,6.738544474393531,346,370,25,0,345,366,7114,1,0,0,1,4
2020-11-07,US,Texas,Brown,740,28,0,31.77430356,-98.99907113,48049.0,1954.362983308684,3.783783783783784,712,736,28,0,708,729,37924,4,0,0,4,7
2020-11-07,US,Texas,Burleson,501,6,0,30.49273808,-96.62158484,48051.0,2716.4777964539394,1.1976047904191616,495,496,6,0,490,494,18389,5,0,0,5,2
2020-11-07,US,Texas,Burnet,1139,15,0,30.78801353,-98.181887,48053.0,2365.2787872495073,1.3169446883230904,1124,1137,15,0,1122,1120,47542,2,0,0,2,17
2020-11-07,US,Texas,Caldwell,1758,39,0,29.83668859,-97.61814775,48055.0,4026.2000732869183,2.2184300341296934,1719,1752,38,0,1714,1749,43247,6,1,0,5,3
2020-11-07,US,Texas,Calhoun,941,9,0,28.47048236,-96.61633945,48057.0,4419.9154532644425,0.9564293304994688,932,940,9,0,931,939,21561,1,0,0,1,1
2020-11-07,US,Texas,Callahan,153,6,0,32.29760619,-99.37326312,48059.0,1097.3248224915728,3.92156862745098,147,153,6,0,147,147,13994,0,0,0,0,6
2020-11-07,US,Texas,Cameron,24598,1091,0,26.14524221,-97.48140372,48061.0,5812.89006836609,4.435319944710952,23507,24561,1091,0,23470,24478,423908,37,0,0,37,83
2020-11-07,US,Texas,Camp,412,13,0,32.97195142,-94.97790104,48063.0,3146.479303497785,3.155339805825242,399,412,13,0,399,411,13033,0,0,0,0,1
2020-11-07,US,Texas,Carson,71,1,0,35.40365929,-101.35426690000001,48065.0,1198.1100236247044,1.4084507042253518,70,62,1,0,61,62,6005,9,0,0,9,0
2020-11-07,US,Texas,Cass,591,31,0,33.07499881,-94.34646905,48067.0,1968.2941450742687,5.245346869712352,560,591,30,0,561,581,30119,0,1,0,-1,10
2020-11-07,US,Texas,Castro,349,7,0,34.53016752,-102.2617243,48069.0,4634.794156706507,2.005730659025788,342,339,7,0,332,339,7665,10,0,0,10,0
2020-11-07,US,Texas,Chambers,1627,10,0,29.70972016,-94.67154501,48071.0,3711.476606519607,0.6146281499692686,1617,1627,10,0,1617,1627,42454,0,0,0,0,0
2020-11-07,US,Texas,Cherokee,1670,42,0,31.837258000000002,-95.16559897,48073.0,3172.130836150895,2.51497005988024,1628,1670,42,0,1628,1668,52592,0,0,0,0,2
2020-11-07,US,Texas,Childress,734,0,0,34.529304100000004,-100.2077916,48075.0,10046.537092800438,0.0,734,135,0,0,135,135,7291,599,0,0,599,0
2020-11-07,US,Texas,Clay,138,3,0,33.78686685,-98.20771198,48077.0,1317.9256995511412,2.1739130434782608,135,138,3,0,135,138,10456,0,0,0,0,0
2020-11-07,US,Texas,Cochran,132,3,0,33.60425307,-102.82844990000001,48079.0,4626.7087276551,2.272727272727273,129,131,3,0,128,131,2836,1,0,0,1,0
2020-11-07,US,Texas,Coke,136,8,0,31.88911733,-100.5297533,48081.0,4015.3528196043694,5.882352941176472,128,134,8,0,126,133,3370,2,0,0,2,1
2020-11-07,US,Texas,Coleman,105,5,0,31.76736834,-99.45240766,48083.0,1284.403669724771,4.761904761904762,100,105,4,0,101,102,8397,0,1,0,-1,3
2020-11-07,US,Texas,Collin,19810,199,0,33.18820114,-96.57264368,48085.0,1914.5090989920075,1.0045431600201915,19611,19701,198,0,19503,19480,1005146,109,1,0,108,221
2020-11-07,US,Texas,Collingsworth,22,0,0,34.96489496,-100.27001109999999,48087.0,753.4246575342465,0.0,22,22,0,0,22,22,2962,0,0,0,0,0
2020-11-07,US,Texas,Colorado,513,4,0,29.622097999999998,-96.5273805,48089.0,2386.8236169915785,0.7797270955165692,509,510,4,0,506,510,21217,3,0,0,3,0
2020-11-07,US,Texas,Comal,2928,107,0,29.80811278,-98.27647225,48091.0,1874.411845668304,3.6543715846994536,2821,2927,107,0,2820,2912,148373,1,0,0,1,15
2020-11-07,US,Texas,Comanche,391,5,0,31.94854689,-98.55876441,48093.0,2867.6200953428674,1.278772378516624,386,391,5,0,386,386,13534,0,0,0,0,5
2020-11-07,US,Texas,Concho,145,2,0,31.32635934,-99.86473038,48095.0,5319.1489361702115,1.3793103448275863,143,145,2,0,143,144,4276,0,0,0,0,1
2020-11-07,US,Texas,Cooke,596,9,0,33.63979567,-97.21240912,48097.0,1444.603340039266,1.5100671140939597,587,596,9,0,587,593,40574,0,0,0,0,3
2020-11-07,US,Texas,Coryell,2062,14,0,31.39078397,-97.79936155,48099.0,2714.9082961382996,0.6789524733268671,2048,2051,14,0,2037,2036,74808,11,0,0,11,15
2020-11-07,US,Texas,Cottle,44,3,0,34.07783319,-100.27850620000001,48101.0,3147.353361945637,6.8181818181818175,41,44,3,0,41,42,1389,0,0,0,0,2
2020-11-07,US,Texas,Crane,83,6,0,31.43052248,-102.5143314,48103.0,1730.2480717114865,7.2289156626506035,77,83,6,0,77,83,4794,0,0,0,0,0
2020-11-07,US,Texas,Crockett,168,7,0,30.72367027,-101.4134238,48105.0,4849.8845265588925,4.166666666666667,161,167,7,0,160,167,3499,1,0,0,1,0
2020-11-07,US,Texas,Crosby,149,9,0,33.61431553,-101.30003640000001,48107.0,2597.1762245075824,6.040268456375839,140,133,9,0,124,133,5779,16,0,0,16,0
2020-11-07,US,Texas,Culberson,131,3,0,31.44506775,-104.5185739,48109.0,6034.085674804238,2.2900763358778624,128,130,3,0,127,129,2204,1,0,0,1,1
2020-11-07,US,Texas,Dallam,414,10,0,36.27787176,-102.60207249999999,48111.0,5681.350349938246,2.415458937198068,404,412,10,0,402,412,7200,2,0,0,2,0
2020-11-07,US,Texas,Dallas,100628,1318,0,32.76670599,-96.77796049999999,48113.0,3818.151739545501,1.3097746154151926,99310,99761,1307,0,98454,99160,2637772,867,11,0,856,601
2020-11-07,US,Texas,Dawson,976,23,0,32.74255572,-101.94772420000001,48115.0,7668.133249528599,2.3565573770491803,953,972,22,0,950,958,12619,4,1,0,3,14
2020-11-07,US,Texas,DeWitt,1109,44,0,29.08101855,-97.35681170000001,48123.0,5500.992063492065,3.967538322813345,1065,1110,44,0,1066,1111,20187,-1,0,0,-1,-1
2020-11-07,US,Texas,Deaf Smith,1162,30,0,34.96522957,-102.6054267,48117.0,6265.501995039362,2.5817555938037864,1132,1104,29,0,1075,1104,18760,58,1,0,57,0
2020-11-07,US,Texas,Delta,40,0,0,33.38570922,-95.66921122,48119.0,750.3282686175203,0.0,40,40,0,0,40,40,5349,0,0,0,0,0
2020-11-07,US,Texas,Denton,15737,182,0,33.20521901,-97.11691153,48121.0,1773.7686920865142,1.1565101353498126,15555,15566,181,0,15385,15415,859064,171,1,0,170,151
2020-11-07,US,Texas,Dickens,60,2,0,33.61616822,-100.7788855,48125.0,2713.70420624152,3.333333333333333,58,58,2,0,56,58,2249,2,0,0,2,0
2020-11-07,US,Texas,Dimmit,303,8,0,28.42270064,-99.75645095,48127.0,2992.8881864875543,2.64026402640264,295,301,8,0,293,297,10308,2,0,0,2,4
2020-11-07,US,Texas,Donley,93,1,0,34.96517499,-100.8140093,48129.0,2837.0957901159245,1.075268817204301,92,92,1,0,91,92,3319,1,0,0,1,0
2020-11-07,US,Texas,Duval,524,21,0,27.68184592,-98.50864568,48131.0,4696.603029488214,4.00763358778626,503,520,21,0,499,511,11212,4,0,0,4,9
2020-11-07,US,Texas,Eastland,285,9,0,32.32743996,-98.83243566,48133.0,1552.2875816993467,3.1578947368421053,276,285,8,0,277,279,18322,0,1,0,-1,6
2020-11-07,US,Texas,Ector,7379,123,0,31.86898877,-102.54294279999999,48135.0,4439.2171961762215,1.6668925328635316,7256,7379,123,0,7256,7261,162124,0,0,0,0,118
2020-11-07,US,Texas,Edwards,73,2,0,29.98202582,-100.304252,48137.0,3778.467908902691,2.7397260273972597,71,72,2,0,70,72,1928,1,0,0,1,0
2020-11-07,US,Texas,El Paso,61104,691,0,31.76980765,-106.23632749999999,48141.0,7280.8905221164905,1.1308588635768526,60413,59852,683,0,59169,58429,840758,1252,8,0,1244,1423
2020-11-07,US,Texas,Ellis,5229,88,0,32.34894117,-96.79371841,48139.0,2829.1474143248242,1.6829221648498758,5141,5229,87,0,5142,5190,179436,0,1,0,-1,39
2020-11-07,US,Texas,Erath,1124,18,0,32.23602653,-98.21773417,48143.0,2632.441800552719,1.6014234875444842,1106,1124,18,0,1106,1115,42446,0,0,0,0,9
2020-11-07,US,Texas,Falls,709,7,0,31.25350609,-96.93630086,48145.0,4098.976701162052,0.9873060648801129,702,709,6,0,703,708,17335,0,1,0,-1,1
2020-11-07,US,Texas,Fannin,834,20,0,33.59564294,-96.10751083,48147.0,2348.369657036661,2.3980815347721824,814,839,20,0,819,834,35286,-5,0,0,-5,5
2020-11-07,US,Texas,Fayette,730,23,0,29.87788372,-96.92076062,48149.0,2880.138877929456,3.150684931506849,707,730,23,0,707,724,25349,0,0,0,0,6
2020-11-07,US,Texas,Fisher,128,4,0,32.74281316,-100.40193020000001,48151.0,3342.036553524805,3.125,124,128,4,0,124,125,3839,0,0,0,0,3
2020-11-07,US,Texas,Floyd,160,9,0,34.07227468,-101.3031546,48153.0,2801.120448179271,5.625,151,140,9,0,131,140,5837,20,0,0,20,0
2020-11-07,US,Texas,Foard,22,1,0,33.97308618,-99.7767797,48155.0,1904.7619047619046,4.545454545454546,21,22,1,0,21,22,1200,0,0,0,0,0
2020-11-07,US,Texas,Fort Bend,18135,317,0,29.52704478,-95.77219463,48157.0,2234.232857945417,1.7480011028398126,17818,18090,316,0,17774,18025,787858,45,1,0,44,65
2020-11-07,US,Texas,Franklin,230,8,0,33.17653242,-95.21917243,48159.0,2144.5221445221446,3.4782608695652173,222,230,8,0,222,229,10766,0,0,0,0,1
2020-11-07,US,Texas,Freestone,471,5,0,31.70422788,-96.15072516,48161.0,2388.8015418167065,1.0615711252653928,466,470,5,0,465,471,19808,1,0,0,1,-1
2020-11-07,US,Texas,Frio,1026,9,0,28.86751206,-99.10804207,48163.0,5052.693785088151,0.8771929824561403,1017,1027,9,0,1018,1026,19816,-1,0,0,-1,1
2020-11-07,US,Texas,Gaines,646,12,0,32.74055318,-102.6353295,48165.0,3005.7695886841616,1.8575851393188851,634,642,12,0,630,620,20901,4,0,0,4,22
2020-11-07,US,Texas,Galveston,13023,170,0,29.40167322,-94.90469073,48167.0,3806.3477124794313,1.3053827843046917,12853,12979,170,0,12809,12910,337890,44,0,0,44,69
2020-11-07,US,Texas,Garza,147,10,0,33.17969345,-101.2984114,48169.0,2359.929362658533,6.802721088435375,137,139,10,0,129,139,6578,8,0,0,8,0
2020-11-07,US,Texas,Gillespie,372,10,0,30.31824095,-98.94676915,48171.0,1378.3903957314362,2.6881720430107525,362,369,10,0,359,369,26804,3,0,0,3,0
2020-11-07,US,Texas,Glasscock,14,0,0,31.86942909,-101.5207776,48173.0,993.61249112846,0.0,14,14,0,0,14,14,1388,0,0,0,0,0
2020-11-07,US,Texas,Goliad,168,6,0,28.65696592,-97.42760647,48175.0,2193.784277879342,3.571428571428572,162,168,6,0,162,165,7584,0,0,0,0,3
2020-11-07,US,Texas,Gonzales,1150,20,0,29.45634206,-97.49424032,48177.0,5519.028650957432,1.7391304347826086,1130,1146,20,0,1126,1144,20826,4,0,0,4,2
2020-11-07,US,Texas,Gray,584,11,0,35.40081878,-100.8129222,48179.0,2668.372475555149,1.8835616438356164,573,560,10,0,550,560,21895,24,1,0,23,0
2020-11-07,US,Texas,Grayson,3002,80,0,33.62744998,-96.67753461,48181.0,2203.9174228408656,2.664890073284477,2922,2948,79,0,2869,2919,133991,54,1,0,53,29
2020-11-07,US,Texas,Gregg,2671,91,0,32.47940482,-94.81591935,48183.0,2154.988099560289,3.406963684013478,2580,2671,90,0,2581,2656,123707,0,1,0,-1,15
2020-11-07,US,Texas,Grimes,1233,37,0,30.54579585,-95.98902499,48185.0,4269.390581717452,3.0008110300081103,1196,1229,36,0,1193,1230,28360,4,1,0,3,-1
2020-11-07,US,Texas,Guadalupe,3919,83,0,29.58165339,-97.94786822,48187.0,2348.85853506506,2.1178872161265634,3836,3919,83,0,3836,3917,163694,0,0,0,0,2
2020-11-07,US,Texas,Hale,2967,68,0,34.07044901,-101.82681140000001,48189.0,8881.63802909657,2.291877317155376,2899,2967,68,0,2899,2907,33830,0,0,0,0,60
2020-11-07,US,Texas,Hall,50,1,0,34.5307555,-100.68138520000001,48191.0,1686.9095816464237,2.0,49,47,1,0,46,47,3028,3,0,0,3,0
2020-11-07,US,Texas,Hamilton,226,7,0,31.70470573,-98.11083887,48193.0,2671.079068668006,3.0973451327433628,219,221,7,0,214,215,8484,5,0,0,5,6
2020-11-07,US,Texas,Hansford,215,8,0,36.27743284,-101.3545796,48195.0,3982.2189294313757,3.72093023255814,207,207,8,0,199,207,5463,8,0,0,8,0
2020-11-07,US,Texas,Hardeman,67,3,0,34.28944521,-99.74632408,48197.0,1703.534197813374,4.477611940298506,64,67,3,0,64,65,3922,0,0,0,0,2
2020-11-07,US,Texas,Hardin,1489,36,0,30.33364686,-94.38931817,48199.0,2584.9796882052706,2.4177300201477503,1453,1486,36,0,1450,1476,57207,3,0,0,3,10
2020-11-07,US,Texas,Harris,166545,2865,0,29.85864939,-95.39339521,48201.0,3533.492810277246,1.720255786724309,163680,165967,2854,0,163113,165252,4698619,578,11,0,567,715
2020-11-07,US,Texas,Harrison,1144,39,0,32.54935988,-94.36934071,48203.0,1718.9307769747422,3.4090909090909087,1105,1144,39,0,1105,1128,66726,0,0,0,0,16
2020-11-07,US,Texas,Hartley,195,0,0,35.84008013,-102.6029022,48205.0,3497.1305595408894,0.0,195,191,0,0,191,191,5619,4,0,0,4,0
2020-11-07,US,Texas,Haskell,90,3,0,33.17823584,-99.73037358,48207.0,1590.6680805938495,3.333333333333333,87,90,3,0,87,90,5813,0,0,0,0,0
2020-11-07,US,Texas,Hays,6331,91,0,30.05669873,-98.02944344,48209.0,2750.3247303326366,1.4373716632443532,6240,6331,91,0,6240,6313,222631,0,0,0,0,18
2020-11-07,US,Texas,Hemphill,193,1,0,35.83764858,-100.2703577,48211.0,5053.678973553287,0.5181347150259067,192,187,1,0,186,187,3825,6,0,0,6,0
2020-11-07,US,Texas,Henderson,1396,42,0,32.21128872,-95.85846587,48213.0,1687.2741337007626,3.0085959885386817,1354,1396,40,0,1356,1393,82299,0,2,0,-2,3
2020-11-07,US,Texas,Hidalgo,36686,1978,0,26.39418217,-98.18299696,48215.0,4223.057947040832,5.391702556833669,34708,36686,1978,0,34708,36493,865939,0,0,0,0,193
2020-11-07,US,Texas,Hill,929,16,0,31.99045053,-97.13423143,48217.0,2534.857704166553,1.7222820236813778,913,924,16,0,908,907,36354,5,0,0,5,17
2020-11-07,US,Texas,Hockley,968,27,0,33.60771256,-102.3431676,48219.0,4204.856435428522,2.789256198347108,941,924,26,0,898,924,22980,44,1,0,43,0
2020-11-07,US,Texas,Hood,1273,42,0,32.42990927,-97.83242024,48221.0,2065.116882695521,3.2992930086410057,1231,1273,42,0,1231,1269,60537,0,0,0,0,4
2020-11-07,US,Texas,Hopkins,722,43,0,33.14875072,-95.56351139,48223.0,1946.9312911228562,5.955678670360111,679,722,43,0,679,718,36810,0,0,0,0,4
2020-11-07,US,Texas,Houston,435,14,0,31.31925973,-95.42226208,48225.0,1893.939393939394,3.218390804597701,421,435,14,0,421,435,23169,0,0,0,0,0
2020-11-07,US,Texas,Howard,1265,23,0,32.30621324,-101.4356444,48227.0,3450.2509273401697,1.818181818181818,1242,1248,22,0,1226,1245,36459,17,1,0,16,3
2020-11-07,US,Texas,Hudspeth,122,3,0,31.45628381,-105.388178,48229.0,2496.930004093328,2.459016393442623,119,120,3,0,117,119,4795,2,0,0,2,1
2020-11-07,US,Texas,Hunt,2216,48,0,33.12351514,-96.08551032,48231.0,2247.601273911191,2.166064981949458,2168,2187,48,0,2139,2155,96493,29,0,0,29,32
2020-11-07,US,Texas,Hutchinson,490,10,0,35.84006574,-101.3546643,48233.0,2340.2426210717363,2.0408163265306123,480,406,10,0,396,406,21198,84,0,0,84,0
2020-11-07,US,Texas,Irion,14,0,0,31.30375559,-100.982439,48235.0,911.4583333333336,0.0,14,14,0,0,14,14,1522,0,0,0,0,0
2020-11-07,US,Texas,Jack,162,3,0,33.23377248,-98.17283469,48237.0,1813.094571908226,1.851851851851852,159,162,3,0,159,159,8843,0,0,0,0,3
2020-11-07,US,Texas,Jackson,675,16,0,28.95472367,-96.57749563,48239.0,4573.170731707317,2.3703703703703702,659,676,16,0,660,670,14874,-1,0,0,-1,6
2020-11-07,US,Texas,Jasper,524,34,0,30.74685667,-94.02667579,48241.0,1474.8515297362715,6.4885496183206115,490,524,34,0,490,524,35872,0,0,0,0,0
2020-11-07,US,Texas,Jeff Davis,24,0,0,30.71490589,-104.1399973,48243.0,1055.4089709762534,0.0,24,24,0,0,24,23,2252,0,0,0,0,1
2020-11-07,US,Texas,Jefferson,8786,160,0,29.8832777,-94.16434171,48245.0,3492.536720131973,1.821078989301161,8626,8718,159,0,8559,8659,255001,68,1,0,67,59
2020-11-07,US,Texas,Jim Hogg,186,7,0,27.04453923,-98.69681870000001,48247.0,3576.9230769230767,3.7634408602150535,179,186,7,0,179,185,5248,0,0,0,0,1
2020-11-07,US,Texas,Jim Wells,1787,53,0,27.73103938,-98.0904705,48249.0,4414.307593498344,2.9658645775041967,1734,1782,53,0,1729,1777,40822,5,0,0,5,5
2020-11-07,US,Texas,Johnson,4007,71,0,32.37877812,-97.36615819,48251.0,2279.074264718429,1.7718991764412275,3936,4006,71,0,3935,3972,171361,1,0,0,1,34
2020-11-07,US,Texas,Jones,855,4,0,32.73997145,-99.87861576,48253.0,4257.332071901608,0.4678362573099415,851,613,3,0,610,612,19817,242,1,0,241,1
2020-11-07,US,Texas,Karnes,966,18,0,28.90705334,-97.85960149,48255.0,6191.910774950324,1.8633540372670807,948,965,18,0,947,965,15650,1,0,0,1,0
2020-11-07,US,Texas,Kaufman,3760,66,0,32.599141700000004,-96.28734728,48257.0,2761.5788004759315,1.75531914893617,3694,3760,64,0,3696,3726,128622,0,2,0,-2,34
2020-11-07,US,Texas,Kendall,399,11,0,29.94414155,-98.7113588,48259.0,841.2219856212182,2.7568922305764407,388,396,11,0,385,395,45641,3,0,0,3,1
2020-11-07,US,Texas,Kenedy,11,2,0,26.92601662,-97.66413984,48261.0,2722.772277227723,18.181818181818183,9,11,2,0,9,11,442,0,0,0,0,0
2020-11-07,US,Texas,Kent,12,0,0,33.18104136,-100.7780939,48263.0,1574.803149606299,0.0,12,12,0,0,12,12,726,0,0,0,0,0
2020-11-07,US,Texas,Kerr,741,15,0,30.06040006,-99.34930144,48265.0,1408.7452471482889,2.0242914979757085,726,735,15,0,720,736,52405,6,0,0,6,-1
2020-11-07,US,Texas,Kimble,34,2,0,30.48678918,-99.74856473,48267.0,783.9520405810467,5.882352941176472,32,34,2,0,32,34,4362,0,0,0,0,0
2020-11-07,US,Texas,King,1,0,0,33.61643847,-100.2558057,48269.0,367.6470588235293,0.0,1,1,0,0,1,1,277,0,0,0,0,0
2020-11-07,US,Texas,Kinney,79,1,0,29.34967888,-100.41866379999999,48271.0,2154.3496045814013,1.2658227848101269,78,79,1,0,78,79,3767,0,0,0,0,0
2020-11-07,US,Texas,Kleberg,1047,54,0,27.42435506,-97.69894948,48273.0,3412.64667535854,5.1575931232091685,993,1047,54,0,993,1045,31129,0,0,0,0,2
2020-11-07,US,Texas,Knox,114,9,0,33.60519951,-99.74229059999999,48275.0,3111.353711790393,7.894736842105262,105,114,9,0,105,114,3653,0,0,0,0,0
2020-11-07,US,Texas,La Salle,386,14,0,28.34453111,-99.09908775,48283.0,5132.978723404255,3.6269430051813467,372,382,14,0,368,383,7531,4,0,0,4,-1
2020-11-07,US,Texas,Lamar,2049,51,0,33.66981763,-95.57404777,48277.0,4109.58904109589,2.489019033674964,1998,2049,51,0,1998,2017,49728,0,0,0,0,32
2020-11-07,US,Texas,Lamb,700,28,0,34.06859623,-102.35162890000001,48279.0,5429.302722407508,4.0,672,675,26,0,649,675,13158,25,2,0,23,0
2020-11-07,US,Texas,Lampasas,333,9,0,31.19531316,-98.24206613,48281.0,1554.041441105096,2.702702702702702,324,331,9,0,322,329,21229,2,0,0,2,2
2020-11-07,US,Texas,Lavaca,1208,39,0,29.38508402,-96.93186692,48285.0,5993.847375210877,3.228476821192053,1169,1203,39,0,1164,1194,20110,5,0,0,5,9
2020-11-07,US,Texas,Lee,253,15,0,30.31120597,-96.97045773,48287.0,1467.6025291490225,5.928853754940713,238,250,15,0,235,249,17144,3,0,0,3,1
2020-11-07,US,Texas,Leon,399,13,0,31.29872538,-95.9936328,48289.0,2292.576419213973,3.2581453634085213,386,396,12,0,384,394,17270,3,1,0,2,2
2020-11-07,US,Texas,Liberty,2322,59,0,30.15152688,-94.81205615,48291.0,2632.086058558814,2.5409130060292853,2263,2321,59,0,2262,2320,86323,1,0,0,1,1
2020-11-07,US,Texas,Limestone,698,16,0,31.5454767,-96.58095444,48293.0,2978.1968681998546,2.292263610315186,682,695,16,0,679,695,23519,3,0,0,3,0
2020-11-07,US,Texas,Lipscomb,80,1,0,36.27783108,-100.27331509999999,48295.0,2474.4819053510673,1.25,79,76,1,0,75,76,3355,4,0,0,4,0
2020-11-07,US,Texas,Live Oak,395,10,0,28.35101362,-98.1246786,48297.0,3235.8482837716065,2.5316455696202533,385,394,10,0,384,394,12166,1,0,0,1,0
2020-11-07,US,Texas,Llano,223,3,0,30.70645047,-98.68475262,48299.0,1023.1704519385181,1.345291479820628,220,219,3,0,216,212,21646,4,0,0,4,7
2020-11-07,US,Texas,Lubbock,22184,231,0,33.61008596,-101.82047890000001,48303.0,7143.018137676329,1.0412910205553552,21953,21746,225,0,21521,21319,307412,438,6,0,432,427
2020-11-07,US,Texas,Lynn,232,6,0,33.17657705,-101.8162849,48305.0,3898.5044530331043,2.586206896551724,226,232,6,0,226,229,5877,0,0,0,0,3
2020-11-07,US,Texas,Madison,789,8,0,30.96694679,-95.93003775,48313.0,5523.662839540743,1.0139416983523448,781,790,8,0,782,784,14422,-1,0,0,-1,6
2020-11-07,US,Texas,Marion,175,14,0,32.79868409,-94.35661230000001,48315.0,1775.9285569311953,8.0,161,175,14,0,161,174,9928,0,0,0,0,1
2020-11-07,US,Texas,Martin,110,7,0,32.30600051,-101.9513518,48317.0,1906.082134811991,6.363636363636362,103,104,7,0,97,101,5753,6,0,0,6,3
2020-11-07,US,Texas,Mason,87,2,0,30.71780434,-99.22629416,48319.0,2035.563874590548,2.2988505747126435,85,87,2,0,85,85,4280,0,0,0,0,2
2020-11-07,US,Texas,Matagorda,1132,56,0,28.81955746,-96.01230294,48321.0,3089.266708511858,4.946996466431095,1076,1131,55,0,1076,1130,36552,1,1,0,0,1
2020-11-07,US,Texas,Maverick,4447,160,0,28.7429195,-100.3157686,48323.0,7572.970947856,3.5979311895659998,4287,4418,159,0,4259,4401,58485,29,1,0,28,17
2020-11-07,US,Texas,McCulloch,227,5,0,31.1925468,-99.34682807,48307.0,2843.1863727454906,2.202643171806167,222,227,5,0,222,225,7987,0,0,0,0,2
2020-11-07,US,Texas,McLennan,10917,152,0,31.55255453,-97.20217694,48309.0,4254.100372920588,1.3923238985069155,10765,10784,147,0,10637,10674,254607,133,5,0,128,110
2020-11-07,US,Texas,McMullen,25,1,0,28.35251708,-98.56769164,48311.0,3364.737550471063,4.0,24,25,1,0,24,25,749,0,0,0,0,0
2020-11-07,US,Texas,Medina,1315,49,0,29.355730100000002,-99.11030298,48325.0,2549.2400744416877,3.726235741444867,1266,1304,49,0,1255,1296,50921,11,0,0,11,8
2020-11-07,US,Texas,Menard,84,1,0,30.88990665,-99.82047940000001,48327.0,3928.905519176801,1.1904761904761905,83,84,0,0,84,80,2139,0,1,0,-1,4
2020-11-07,US,Texas,Midland,5843,98,0,31.86904128,-102.03156820000001,48329.0,3304.266196163591,1.6772206058531576,5745,5843,98,0,5745,5843,172578,0,0,0,0,0
2020-11-07,US,Texas,Milam,569,9,0,30.78581830000001,-96.97718698,48331.0,2292.228981186803,1.5817223198594024,560,569,9,0,560,556,25131,0,0,0,0,13
2020-11-07,US,Texas,Mills,94,3,0,31.49557106,-98.59272068,48333.0,1928.9965113892881,3.191489361702128,91,94,2,0,92,87,4921,0,1,0,-1,7
2020-11-07,US,Texas,Mitchell,233,3,0,32.30623474,-100.9212058,48335.0,2726.7407840842598,1.2875536480686696,230,229,3,0,226,223,8145,4,0,0,4,6
2020-11-07,US,Texas,Montague,336,13,0,33.67521893,-97.72500958,48337.0,1695.4283984256735,3.8690476190476186,323,336,13,0,323,323,19596,0,0,0,0,13
2020-11-07,US,Texas,Montgomery,14280,185,0,30.30079133,-95.50572772,48339.0,2351.0391164834514,1.2955182072829132,14095,14280,185,0,14095,14280,590925,0,0,0,0,0
2020-11-07,US,Texas,Moore,1465,24,0,35.83769242,-101.8930281,48341.0,6996.179560649474,1.6382252559726962,1441,1406,23,0,1383,1406,21485,59,1,0,58,0
2020-11-07,US,Texas,Morris,244,5,0,33.11304005,-94.73255695,48343.0,1969.6480464966096,2.0491803278688523,239,244,5,0,239,240,12339,0,0,0,0,4
2020-11-07,US,Texas,Motley,19,0,0,34.07408766,-100.77972199999999,48345.0,1583.333333333333,0.0,19,18,0,0,18,18,1234,1,0,0,1,0
2020-11-07,US,Texas,Nacogdoches,1849,74,0,31.62017125,-94.61803994,48347.0,2835.715600269921,4.002163331530556,1775,1849,74,0,1775,1843,65711,0,0,0,0,6
2020-11-07,US,Texas,Navarro,1508,34,0,32.04620681,-96.47428766,48349.0,3009.199209785884,2.254641909814324,1474,1499,34,0,1465,1488,49565,9,0,0,9,11
2020-11-07,US,Texas,Newton,190,14,0,30.78548982,-93.74408813,48351.0,1397.5726369988965,7.36842105263158,176,190,14,0,176,190,13746,0,0,0,0,0
2020-11-07,US,Texas,Nolan,479,7,0,32.30365282,-100.4060208,48353.0,3255.4030175343214,1.4613778705636744,472,472,7,0,465,466,14751,7,0,0,7,6
2020-11-07,US,Texas,Nueces,21638,452,0,27.736286,-97.5433285,48355.0,5972.497474426847,2.0889176448840003,21186,21638,452,0,21186,21583,362265,0,0,0,0,55
2020-11-07,US,Texas,Ochiltree,360,5,0,36.27829105,-100.8158184,48357.0,3660.024400162668,1.3888888888888888,355,341,5,0,336,341,9947,19,0,0,19,0
2020-11-07,US,Texas,Oldham,31,2,0,35.40425596,-102.6027606,48359.0,1467.8030303030305,6.451612903225807,29,28,2,0,26,28,2131,3,0,0,3,0
2020-11-07,US,Texas,Orange,2325,47,0,30.11879481,-93.89412775,48361.0,2787.903496570579,2.021505376344086,2278,2328,47,0,2281,2296,83572,-3,0,0,-3,32
2020-11-07,US,Texas,Palo Pinto,770,24,0,32.75310985,-98.31319001,48363.0,2637.980060981877,3.116883116883117,746,770,23,0,747,768,28875,0,1,0,-1,2
2020-11-07,US,Texas,Panola,497,32,0,32.163959600000005,-94.30552481,48365.0,2142.795550573424,6.438631790744468,465,497,32,0,465,494,23148,0,0,0,0,3
2020-11-07,US,Texas,Parker,2658,55,0,32.77757172,-97.80500621,48367.0,1860.3283920547601,2.069224981188864,2603,2658,55,0,2603,2631,138371,0,0,0,0,27
2020-11-07,US,Texas,Parmer,631,20,0,34.52993409,-102.78446679999999,48369.0,6569.495054659032,3.169572107765452,611,612,20,0,592,612,9864,19,0,0,19,0
2020-11-07,US,Texas,Pecos,557,10,0,30.78097267,-102.72412609999999,48371.0,3520.1921253870946,1.7953321364452424,547,549,10,0,539,549,15673,8,0,0,8,0
2020-11-07,US,Texas,Polk,931,40,0,30.79472531,-94.82766240000001,48373.0,1812.9417950265808,4.296455424274973,891,931,40,0,891,931,50031,0,0,0,0,0
2020-11-07,US,Texas,Potter,9445,121,0,35.40133773,-101.893964,48375.0,8044.117020823574,1.2811011116993118,9324,9445,121,0,9324,9226,119648,0,0,0,0,219
2020-11-07,US,Texas,Presidio,197,7,0,29.99954402,-104.24080790000001,48377.0,2938.54415274463,3.5532994923857872,190,190,7,0,183,188,6948,7,0,0,7,2
2020-11-07,US,Texas,Rains,103,5,0,32.87109387,-95.79232691,48379.0,823.0781524692345,4.854368932038835,98,103,5,0,98,103,12159,0,0,0,0,0
2020-11-07,US,Texas,Randall,6950,63,0,34.96585996,-101.8971322,48381.0,5046.727614676901,0.9064748201438848,6887,6715,63,0,6652,6508,136271,235,0,0,235,207
2020-11-07,US,Texas,Reagan,104,6,0,31.36607041,-101.52326590000001,48383.0,2702.000519615485,5.769230769230768,98,101,6,0,95,98,3741,3,0,0,3,3
2020-11-07,US,Texas,Real,126,8,0,29.83321503,-99.82018052,48385.0,3650.057937427578,6.349206349206349,118,126,8,0,118,126,3478,0,0,0,0,0
2020-11-07,US,Texas,Red River,209,18,0,33.61886692,-95.04841765,48387.0,1738.334858188472,8.61244019138756,191,209,18,0,191,208,12175,0,0,0,0,1
2020-11-07,US,Texas,Reeves,306,7,0,31.32323325,-103.69038959999999,48389.0,1915.373059589384,2.2875816993464047,299,298,7,0,291,295,15695,8,0,0,8,3
2020-11-07,US,Texas,Refugio,321,16,0,28.323897600000002,-97.15766311,48391.0,4620.034542314334,4.984423676012462,305,321,16,0,305,321,7032,0,0,0,0,0
2020-11-07,US,Texas,Roberts,16,0,0,35.83809685,-100.813175,48393.0,1873.536299765808,0.0,16,15,0,0,15,15,903,1,0,0,1,0
2020-11-07,US,Texas,Robertson,447,4,0,31.02539637,-96.51272246,48395.0,2618.0156963804616,0.8948545861297539,443,446,4,0,442,442,17284,1,0,0,1,4
2020-11-07,US,Texas,Rockwall,2106,34,0,32.89779518,-96.40771592,48397.0,2007.339274650908,1.6144349477682811,2072,2106,34,0,2072,2098,100657,0,0,0,0,8
2020-11-07,US,Texas,Runnels,313,9,0,31.8314342,-99.97616148,48399.0,3049.493374902572,2.8753993610223643,304,313,9,0,304,309,10234,0,0,0,0,4
2020-11-07,US,Texas,Rusk,1061,28,0,32.10773545,-94.76176432,48401.0,1950.1525567033048,2.639019792648445,1033,1061,28,0,1033,1060,54450,0,0,0,0,1
2020-11-07,US,Texas,Sabine,109,9,0,31.34318809,-93.85440451,48403.0,1033.959400493265,8.256880733944952,100,109,9,0,100,109,10589,0,0,0,0,0
2020-11-07,US,Texas,San Augustine,222,15,0,31.39457611,-94.17000399,48405.0,2695.156003399296,6.756756756756758,207,222,15,0,207,222,8232,0,0,0,0,0
2020-11-07,US,Texas,San Jacinto,245,14,0,30.57933681,-95.16260304,48407.0,848.9552652552063,5.7142857142857135,231,245,14,0,231,244,28719,0,0,0,0,1
2020-11-07,US,Texas,San Patricio,1630,82,0,28.00880118,-97.51763891,48409.0,2442.679454518208,5.030674846625767,1548,1592,82,0,1510,1592,66893,38,0,0,38,0
2020-11-07,US,Texas,San Saba,255,5,0,31.1577796,-98.81758731,48411.0,4211.39554087531,1.96078431372549,250,252,4,0,248,247,6054,3,1,0,2,5
2020-11-07,US,Texas,Schleicher,58,2,0,30.89740592,-100.5384842,48413.0,2076.6201217329035,3.4482758620689653,56,56,2,0,54,56,2895,2,0,0,2,0
2020-11-07,US,Texas,Scurry,1239,16,0,32.74613808,-100.91626640000001,48415.0,7417.829132491171,1.29136400322841,1223,1227,16,0,1211,1208,16866,12,0,0,12,19
2020-11-07,US,Texas,Shackelford,42,0,0,32.73587756,-99.35401337,48417.0,1286.3705972434916,0.0,42,42,0,0,42,42,3253,0,0,0,0,0
2020-11-07,US,Texas,Shelby,563,32,0,31.79211404,-94.14550696,48419.0,2227.5856611537547,5.683836589698046,531,563,32,0,531,563,25418,0,0,0,0,0
2020-11-07,US,Texas,Sherman,81,1,0,36.27751473,-101.8933156,48421.0,2680.3441429516874,1.2345679012345678,80,80,1,0,79,80,3079,1,0,0,1,0
2020-11-07,US,Texas,Smith,4788,156,0,32.37474036,-95.27175679999999,48423.0,2057.134018758244,3.2581453634085213,4632,4788,150,0,4638,4773,230221,0,6,0,-6,15
2020-11-07,US,Texas,Somervell,176,5,0,32.22236802,-97.77403489,48425.0,1928.1332164767748,2.8409090909090913,171,176,5,0,171,174,9016,0,0,0,0,2
2020-11-07,US,Texas,Starr,3620,187,0,26.56150059,-98.73892358,48427.0,5600.854052883202,5.165745856353591,3433,3610,186,0,3424,3604,64525,10,1,0,9,6
2020-11-07,US,Texas,Stephens,173,5,0,32.73553157,-98.83631615,48429.0,1847.106555626735,2.8901734104046244,168,173,5,0,168,172,9433,0,0,0,0,1
2020-11-07,US,Texas,Sterling,23,0,0,31.82781912,-101.05007459999999,48431.0,1781.5646785437646,0.0,23,23,0,0,23,23,1311,0,0,0,0,0
2020-11-07,US,Texas,Stonewall,21,1,0,33.17906744,-100.25384009999999,48433.0,1555.5555555555554,4.761904761904762,20,21,1,0,20,21,1362,0,0,0,0,0
2020-11-07,US,Texas,Sutton,126,3,0,30.49856623,-100.5382014,48435.0,3336.8644067796613,2.380952380952381,123,121,3,0,118,120,3758,5,0,0,5,1
2020-11-07,US,Texas,Swisher,191,5,0,34.53028891,-101.73491740000001,48437.0,2582.127889685008,2.6178010471204187,186,167,5,0,162,167,7462,24,0,0,24,0
2020-11-07,US,Texas,Tarrant,73180,876,0,32.77143818,-97.29101614,48439.0,3480.593479713581,1.1970483738726427,72304,72118,871,0,71247,71166,2084931,1062,5,0,1057,952
2020-11-07,US,Texas,Taylor,2565,80,0,32.30163422,-99.89007449,48441.0,1858.237825463292,3.1189083820662766,2485,2476,79,0,2397,2424,137640,89,1,0,88,52
2020-11-07,US,Texas,Terrell,8,0,0,30.22429013,-102.0766732,48443.0,1030.9278350515463,0.0,8,8,0,0,8,7,823,0,0,0,0,1
2020-11-07,US,Texas,Terry,698,11,0,33.17402785,-102.3354521,48445.0,5657.77741752452,1.5759312320916905,687,693,11,0,682,674,12287,5,0,0,5,19
2020-11-07,US,Texas,Throckmorton,20,2,0,33.17751417,-99.21226795,48447.0,1332.4450366422384,10.0,18,20,2,0,18,20,1515,0,0,0,0,0
2020-11-07,US,Texas,Titus,1772,37,0,33.21339719,-94.96797273,48449.0,5410.6870229007645,2.0880361173814896,1735,1772,37,0,1735,1757,33033,0,0,0,0,15
2020-11-07,US,Texas,Tom Green,5759,87,0,31.40464436,-100.46244300000001,48451.0,4831.375838926175,1.5106789373155058,5672,5600,86,0,5514,5386,118189,159,1,0,158,214
2020-11-07,US,Texas,Travis,33016,457,0,30.33432034,-97.78535620000001,48453.0,2591.616337795557,1.3841773685485823,32559,32928,457,0,32471,32748,1248743,88,0,0,88,180
2020-11-07,US,Texas,Trinity,211,8,0,31.0879489,-95.1367187,48455.0,1440.1747321001978,3.791469194312796,203,211,8,0,203,210,14740,0,0,0,0,1
2020-11-07,US,Texas,Tyler,278,4,0,30.77031716,-94.37690895,48457.0,1282.7611664820968,1.4388489208633093,274,278,4,0,274,276,21696,0,0,0,0,2
2020-11-07,US,Texas,Upshur,533,15,0,32.73706798,-94.93999853,48459.0,1276.5549780854076,2.8142589118198877,518,533,15,0,518,530,41260,0,0,0,0,3
2020-11-07,US,Texas,Upton,29,4,0,31.36868194,-102.0423217,48461.0,792.9997265518184,13.79310344827586,25,29,4,0,25,29,3671,0,0,0,0,0
2020-11-07,US,Texas,Uvalde,869,37,0,29.35739637,-99.76229172,48463.0,3249.6914849856025,4.25776754890679,832,866,37,0,829,860,26846,3,0,0,3,6
2020-11-07,US,Texas,Val Verde,2741,129,0,29.89149232,-101.1525205,48465.0,5591.024987251402,4.706311565122218,2612,2741,129,0,2612,2720,49208,0,0,0,0,21
2020-11-07,US,Texas,Van Zandt,760,31,0,32.56483801,-95.83766469,48467.0,1342.993461742357,4.078947368421051,729,760,31,0,729,757,56019,0,0,0,0,3
2020-11-07,US,Texas,Victoria,4422,98,0,28.79780988,-96.96813006,48469.0,4802.137179097346,2.2161917684305745,4324,4399,98,0,4301,4375,92035,23,0,0,23,24
2020-11-07,US,Texas,Walker,3942,65,0,30.73872995,-95.57440968,48471.0,5402.14605802305,1.6489091831557583,3877,3938,64,0,3874,3939,72480,4,1,0,3,-1
2020-11-07,US,Texas,Waller,1025,17,0,30.01058447,-95.99011759,48473.0,1855.3379430184991,1.6585365853658536,1008,1022,17,0,1005,1019,53126,3,0,0,3,3
2020-11-07,US,Texas,Ward,179,4,0,31.50999644,-103.09279090000001,48475.0,1491.91531921987,2.23463687150838,175,179,2,0,177,179,11720,0,2,0,-2,0
2020-11-07,US,Texas,Washington,755,51,0,30.21498498,-96.40946246,48477.0,2104.1190569087566,6.7549668874172175,704,750,50,0,700,744,35108,5,1,0,4,6
2020-11-07,US,Texas,Webb,15809,361,0,27.7610369,-99.33237355,48479.0,5714.399317554185,2.283509393383516,15448,15656,361,0,15295,15656,275910,153,0,0,153,0
2020-11-07,US,Texas,Wharton,1473,60,0,29.27765923,-96.22319248,48481.0,3544.614496101646,4.073319755600815,1413,1463,60,0,1403,1457,41619,10,0,0,10,6
2020-11-07,US,Texas,Wheeler,139,0,0,35.40114335,-100.26995140000001,48483.0,2749.208860759493,0.0,139,128,0,0,128,128,5191,11,0,0,11,0
2020-11-07,US,Texas,Wichita,4644,61,0,33.98842886,-98.70410340000001,48485.0,3512.062315662104,1.313522825150732,4583,4541,58,0,4483,4431,132064,103,3,0,100,110
2020-11-07,US,Texas,Wilbarger,419,5,0,34.07945812,-99.24178437,48487.0,3281.3846033362047,1.1933174224343674,414,419,4,0,415,417,12820,0,1,0,-1,2
2020-11-07,US,Texas,Willacy,1274,58,0,26.47411727,-97.61535848,48489.0,5964.9779941942115,4.552590266875982,1216,1267,58,0,1209,1265,21515,7,0,0,7,2
2020-11-07,US,Texas,Williamson,9848,159,0,30.64655664,-97.60048540000001,48491.0,1667.5951780625214,1.6145410235580828,9689,9848,159,0,9689,9815,566719,0,0,0,0,33
2020-11-07,US,Texas,Wilson,1006,28,0,29.1732598,-98.08693082,48493.0,1969.845310358332,2.7833001988071566,978,1008,28,0,980,1007,50224,-2,0,0,-2,1
2020-11-07,US,Texas,Winkler,170,5,0,31.85008651,-103.04851629999999,48495.0,2122.347066167291,2.9411764705882355,165,161,5,0,156,161,7720,9,0,0,9,0
2020-11-07,US,Texas,Wise,1032,16,0,33.21570665,-97.65460265,48497.0,1474.6227709190673,1.5503875968992251,1016,1033,16,0,1017,1022,68305,-1,0,0,-1,11
2020-11-07,US,Texas,Wood,697,42,0,32.78722382,-95.38236368,48499.0,1530.5562265311053,6.025824964131994,655,697,42,0,655,693,45129,0,0,0,0,4
2020-11-07,US,Texas,Yoakum,438,8,0,33.17320212,-102.82764329999999,48501.0,5026.971192471021,1.8264840182648399,430,409,8,0,401,405,8591,29,0,0,29,4
2020-11-07,US,Texas,Young,673,13,0,33.17659707,-98.68790885,48503.0,3736.8128817323714,1.9316493313521543,660,673,13,0,660,658,18045,0,0,0,0,15
2020-11-07,US,Texas,Zapata,366,9,0,27.00156391,-99.16987152,48505.0,2581.282177868679,2.459016393442623,357,361,9,0,352,361,14190,5,0,0,5,0
2020-11-07,US,Texas,Zavala,483,19,0,28.86617238,-99.76050829,48507.0,4079.391891891892,3.9337474120082816,464,481,19,0,462,478,11983,2,0,0,2,3
2020-11-07,US,Utah,Bear River,6228,20,0,41.52106798,-113.08328159999999,0.0,3333.725872239292,0.3211303789338472,6208,6096,20,0,6076,5960,,132,0,0,132,136
2020-11-07,US,Utah,Central Utah,1640,13,0,39.37231946,-111.5758676,0.0,2001.1225809600508,0.7926829268292683,1627,1588,12,0,1576,1524,,52,1,0,51,64
2020-11-07,US,Utah,Davis,10321,48,0,40.99001837,-112.1139997,49011.0,2903.3900546020745,0.4650712140296483,10273,10047,46,0,10001,9769,351713,274,2,0,272,278
2020-11-07,US,Utah,Salt Lake,55566,329,0,40.66616532,-111.92160109999999,49035.0,4788.36851979039,0.5920886873267825,55237,54332,325,0,54007,53149,1152633,1234,4,0,1230,1183
2020-11-07,US,Utah,San Juan,862,30,0,37.62762978,-109.80337140000002,49037.0,5631.042592108703,3.480278422273782,832,859,30,0,829,853,15449,3,0,0,3,6
2020-11-07,US,Utah,Southeast Utah,684,6,0,38.99617072,-110.70139579999999,0.0,1700.2659772800714,0.8771929824561403,678,670,6,0,664,643,,14,0,0,14,27
2020-11-07,US,Utah,Southwest Utah,7361,60,0,37.85447192,-111.4418764,0.0,2920.544988533657,0.8151066431191414,7301,7219,60,0,7159,7019,,142,0,0,142,200
2020-11-07,US,Utah,Summit,1661,1,0,40.86688146,-110.9535882,49043.0,3941.155534464349,0.060204695966285374,1660,1638,1,0,1637,1592,41933,23,0,0,23,46
2020-11-07,US,Utah,Tooele,1804,7,0,40.44862644,-113.12957150000001,49045.0,2496.574821129548,0.3880266075388025,1797,1753,7,0,1746,1703,69907,51,0,0,51,50
2020-11-07,US,Utah,TriCounty,713,3,0,40.12491499,-109.5174415,0.0,1259.2278619617814,0.4207573632538569,710,676,3,0,673,645,,37,0,0,37,31
2020-11-07,US,Utah,Utah,33675,95,0,40.116672200000004,-111.66576620000001,49049.0,5292.85562724465,0.28210838901262064,33580,32927,93,0,32834,32248,622213,748,2,0,746,679
2020-11-07,US,Utah,Wasatch,1349,9,0,40.33110236,-111.1691419,49051.0,3957.056114517028,0.6671608598962194,1340,1317,9,0,1308,1284,33240,32,0,0,32,33
2020-11-07,US,Utah,Weber-Morgan,8371,37,0,41.27116049,-111.9145117,0.0,3073.765224703217,0.4420021502807311,8334,8157,37,0,8120,7903,,214,0,0,214,254
2020-11-07,US,Vermont,Addison,130,2,0,44.03217337,-73.14130877,50001.0,353.48179568752215,1.5384615384615383,128,129,2,0,127,129,36973,1,0,0,1,0
2020-11-07,US,Vermont,Bennington,145,1,0,43.03519828,-73.09048868,50003.0,408.7961657738935,0.6896551724137931,144,144,1,0,143,144,35631,1,0,0,1,0
2020-11-07,US,Vermont,Caledonia,52,0,0,44.46548598,-72.10314651,50005.0,173.37378721701734,0.0,52,49,0,0,49,48,30302,3,0,0,3,1
2020-11-07,US,Vermont,Chittenden,1089,39,0,44.46322849,-73.08359212,50007.0,664.9407109797647,3.5812672176308538,1050,1085,39,0,1046,1076,164572,4,0,0,4,9
2020-11-07,US,Vermont,Essex,16,0,0,44.72736416,-71.73579864,50009.0,259.6138244361512,0.0,16,15,0,0,15,15,6250,1,0,0,1,0
2020-11-07,US,Vermont,Franklin,144,7,0,44.85627605,-72.91249563,50011.0,291.48617464879965,4.861111111111111,137,144,7,0,137,144,49421,0,0,0,0,0
2020-11-07,US,Vermont,Grand Isle,20,0,0,44.797582399999996,-73.29679772,50013.0,276.43400138217004,0.0,20,19,0,0,19,18,7090,1,0,0,1,1
2020-11-07,US,Vermont,Lamoille,64,1,0,44.60353043,-72.64356694,50015.0,252.3460294929422,1.5625,63,63,1,0,62,63,25300,1,0,0,1,0
2020-11-07,US,Vermont,Orange,44,0,0,44.00470222,-72.37640104,50017.0,152.29129170704692,0.0,44,43,0,0,43,40,28999,1,0,0,1,3
2020-11-07,US,Vermont,Orleans,50,1,0,44.82964024,-72.24562697,50019.0,184.9317601804934,2.0,49,50,0,0,50,49,26907,0,1,0,-1,1
2020-11-07,US,Vermont,Rutland,139,1,0,43.57723578,-73.03741676,50021.0,238.86855355639187,0.7194244604316546,138,139,1,0,138,139,58672,0,0,0,0,0
2020-11-07,US,Vermont,Unassigned,9,0,0,0.0,0.0,90050.0,0.0,0.0,9,9,0,0,9,9,,0,0,0,0,0
2020-11-07,US,Vermont,Washington,154,2,0,44.27343241,-72.61604978,50023.0,263.6579979112808,1.2987012987012987,152,150,2,0,148,145,58140,4,0,0,4,5
2020-11-07,US,Vermont,Windham,157,3,0,42.986982,-72.71268875,50025.0,371.84406233717016,1.9108280254777068,154,156,3,0,153,156,42756,1,0,0,1,0
2020-11-07,US,Vermont,Windsor,134,2,0,43.58010937,-72.58595157,50027.0,243.36202825905343,1.492537313432836,132,131,2,0,129,128,55286,3,0,0,3,3
2020-11-07,US,Virginia,Accomack,1239,19,0,37.76707161,-75.63234615,51001.0,3834.01411065726,1.5334947538337367,1220,1237,19,0,1218,1236,32412,2,0,0,2,1
2020-11-07,US,Virginia,Albemarle,1657,24,0,38.02080697,-78.55481085,51003.0,1515.5949876520624,1.4484007242003616,1633,1645,24,0,1621,1627,108718,12,0,0,12,18
2020-11-07,US,Virginia,Alexandria,4481,76,0,38.814003,-77.08183073,51510.0,2810.6731565346113,1.6960499888417764,4405,4444,76,0,4368,4413,160530,37,0,0,37,31
2020-11-07,US,Virginia,Alleghany,218,4,0,37.78636074,-80.00222498,51005.0,1467.0255720053835,1.834862385321101,214,168,4,0,164,161,14910,50,0,0,50,7
2020-11-07,US,Virginia,Amelia,151,6,0,37.34081025,-77.98584649,51007.0,1148.7257512362116,3.9735099337748334,145,151,6,0,145,151,13013,0,0,0,0,0
2020-11-07,US,Virginia,Amherst,651,6,0,37.60308293,-79.14548696,51009.0,2059.8006644518273,0.9216589861751152,645,642,6,0,636,639,31666,9,0,0,9,3
2020-11-07,US,Virginia,Appomattox,330,6,0,37.37569884,-78.81340003,51011.0,2074.0368298661306,1.818181818181818,324,327,6,0,321,324,15841,3,0,0,3,3
2020-11-07,US,Virginia,Arlington,4970,154,0,38.8767675,-77.10139853,51013.0,2098.4453770868345,3.0985915492957745,4816,4919,154,0,4765,4872,237521,51,0,0,51,47
2020-11-07,US,Virginia,Augusta,788,9,0,38.16404586,-79.12461614,51015.0,1042.9074353476801,1.1421319796954317,779,750,9,0,741,742,75457,38,0,0,38,8
2020-11-07,US,Virginia,Bath,32,0,0,38.05852573,-79.73912095,51017.0,771.6421509524957,0.0,32,31,0,0,31,28,4292,1,0,0,1,3
2020-11-07,US,Virginia,Bedford,1408,18,0,37.3080028,-79.5281964,51019.0,1782.3461650442425,1.2784090909090908,1390,1385,18,0,1367,1370,78747,23,0,0,23,15
2020-11-07,US,Virginia,Bland,90,5,0,37.13128068,-81.13599391,51021.0,1433.1210191082807,5.5555555555555545,85,90,5,0,85,89,6293,0,0,0,0,1
2020-11-07,US,Virginia,Botetourt,544,13,0,37.55531756,-79.80982182,51023.0,1627.816511565277,2.389705882352941,531,521,13,0,508,514,33277,23,0,0,23,7
2020-11-07,US,Virginia,Bristol,360,7,0,36.616302399999995,-82.16359122,51520.0,2147.71506980074,1.9444444444444444,353,350,7,0,343,343,16482,10,0,0,10,7
2020-11-07,US,Virginia,Brunswick,435,5,0,36.76366949,-77.8593436,51025.0,2680.056681658555,1.1494252873563218,430,434,5,0,429,434,16384,1,0,0,1,0
2020-11-07,US,Virginia,Buchanan,290,4,0,37.26818323,-82.03749726,51027.0,1380.6893924966669,1.3793103448275863,286,284,4,0,280,283,21221,6,0,0,6,1
2020-11-07,US,Virginia,Buckingham,811,9,0,37.57242268,-78.52518834,51029.0,4729.414508980639,1.1097410604192357,802,806,9,0,797,803,16999,5,0,0,5,3
2020-11-07,US,Virginia,Buena Vista,139,1,0,37.73484642,-79.35296097,51530.0,2145.7239888854583,0.7194244604316546,138,137,1,0,136,136,6237,2,0,0,2,1
2020-11-07,US,Virginia,Campbell,855,9,0,37.20553386,-79.09678609,51031.0,1557.8026783274122,1.0526315789473684,846,836,9,0,827,828,54973,19,0,0,19,8
2020-11-07,US,Virginia,Caroline,469,6,0,38.02679129,-77.34901405,51033.0,1526.4442636289664,1.279317697228145,463,467,6,0,461,461,30772,2,0,0,2,6
2020-11-07,US,Virginia,Carroll,676,29,0,36.73066666,-80.73455942,51035.0,2269.141687086704,4.289940828402367,647,670,29,0,641,665,29636,6,0,0,6,5
2020-11-07,US,Virginia,Charles City,109,5,0,37.35358063,-77.05634116,51036.0,1565.4172052276315,4.587155963302751,104,107,5,0,102,107,6941,2,0,0,2,0
2020-11-07,US,Virginia,Charlotte,237,1,0,37.01909701,-78.66314092,51037.0,1994.949494949495,0.4219409282700422,236,230,1,0,229,227,11938,7,0,0,7,3
2020-11-07,US,Virginia,Charlottesville,1668,31,0,38.03527919,-78.48569588,51540.0,3528.963737147209,1.8585131894484408,1637,1662,31,0,1631,1640,48117,6,0,0,6,22
2020-11-07,US,Virginia,Chesapeake,5229,80,0,36.67670048,-76.30545744,51550.0,2135.724059060183,1.5299292407726142,5149,5168,80,0,5088,5144,242634,61,0,0,61,24
2020-11-07,US,Virginia,Chesterfield,7558,120,0,37.37373208,-77.58680140000001,51041.0,2142.2781049994046,1.5877216194760517,7438,7481,120,0,7361,7445,348556,77,0,0,77,36
2020-11-07,US,Virginia,Clarke,135,1,0,39.11271747,-77.99199425,51043.0,923.4557767289143,0.7407407407407407,134,132,1,0,131,130,14523,3,0,0,3,2
2020-11-07,US,Virginia,Colonial Heights,335,26,0,37.26420587,-77.39609676,51570.0,1928.6125503742085,7.761194029850746,309,329,26,0,303,322,17833,6,0,0,6,7
2020-11-07,US,Virginia,Covington,76,0,0,37.7824656,-79.98631446,51580.0,1372.3365836041894,0.0,76,62,0,0,62,62,5460,14,0,0,14,0
2020-11-07,US,Virginia,Craig,66,0,0,37.48133648,-80.21072274,51045.0,1286.2989670629504,0.0,66,65,0,0,65,64,5064,1,0,0,1,1
2020-11-07,US,Virginia,Culpeper,1489,18,0,38.48199985,-77.95630870000002,51047.0,2830.529417355765,1.2088650100738751,1471,1479,18,0,1461,1466,51859,10,0,0,10,13
2020-11-07,US,Virginia,Cumberland,131,2,0,37.51328851,-78.24398086,51049.0,1318.9689891260573,1.5267175572519085,129,130,2,0,128,129,9809,1,0,0,1,1
2020-11-07,US,Virginia,Danville,1323,46,0,36.58022376,-79.40395668,51590.0,3303.8657476775547,3.4769463340891917,1277,1313,46,0,1267,1299,40693,10,0,0,10,14
2020-11-07,US,Virginia,Dickenson,177,1,0,37.12560977,-82.35124171,51051.0,1236.2061740466545,0.5649717514124294,176,169,1,0,168,165,14523,8,0,0,8,4
2020-11-07,US,Virginia,Dinwiddie,576,12,0,37.07544585,-77.63451754,51053.0,2017.9372197309413,2.083333333333333,564,567,12,0,555,562,28529,9,0,0,9,5
2020-11-07,US,Virginia,Emporia,303,28,0,36.69455571,-77.53406129,51595.0,5667.789001122334,9.24092409240924,275,303,28,0,275,302,5121,0,0,0,0,1
2020-11-07,US,Virginia,Essex,203,2,0,37.93357639,-76.94230311,51057.0,1853.3735049758054,0.9852216748768472,201,203,2,0,201,203,10919,0,0,0,0,0
2020-11-07,US,Virginia,Fairfax,25095,606,0,38.83677558,-77.27565836,51059.0,2186.867120045454,2.414823670053796,24489,24909,595,0,24314,24726,1150795,186,11,0,175,183
2020-11-07,US,Virginia,Fairfax,25095,606,0,38.83677558,-77.27565836,51059.0,2186.867120045454,2.414823670053796,24489,24909,595,0,24314,24726,24574,186,11,0,175,183
2020-11-07,US,Virginia,Fairfax City,169,8,0,38.85157547,-77.29779640000002,51600.0,703.6096423664598,4.733727810650888,161,166,8,0,158,165,24574,3,0,0,3,1
2020-11-07,US,Virginia,Falls Church,79,7,0,38.88485255,-77.17560759,51610.0,540.4665800095779,8.860759493670884,72,77,6,0,71,78,14772,2,1,0,1,-1
2020-11-07,US,Virginia,Fauquier,1152,27,0,38.73564842,-77.80647472,51061.0,1617.4777456403922,2.34375,1125,1146,27,0,1119,1140,70675,6,0,0,6,6
2020-11-07,US,Virginia,Floyd,267,15,0,36.9302126,-80.36738849,51063.0,1695.3457362372214,5.617977528089888,252,267,15,0,252,264,15795,0,0,0,0,3
2020-11-07,US,Virginia,Fluvanna,446,9,0,37.84157909,-78.27715475,51065.0,1635.4968830216355,2.0179372197309418,437,442,9,0,433,440,26783,4,0,0,4,2
2020-11-07,US,Virginia,Franklin,1112,7,0,36.99536167,-79.88023649,51067.0,1984.2261161271906,0.6294964028776978,1105,1090,7,0,1083,1066,56195,22,0,0,22,24
2020-11-07,US,Virginia,Franklin,1112,7,0,36.99536167,-79.88023649,51067.0,1984.2261161271906,0.6294964028776978,1105,1090,7,0,1083,1066,8013,22,0,0,22,24
2020-11-07,US,Virginia,Franklin City,518,14,0,36.6831435,-76.93859681,51620.0,6501.820007531066,2.702702702702702,504,518,14,0,504,517,8013,0,0,0,0,1
2020-11-07,US,Virginia,Frederick,1309,15,0,39.20172582,-78.25974949,51069.0,1465.6321028293753,1.1459129106187929,1294,1289,15,0,1274,1275,88355,20,0,0,20,14
2020-11-07,US,Virginia,Fredericksburg,617,6,0,38.2977863,-77.4922454,51630.0,2124.9483399917344,0.9724473257698542,611,612,6,0,606,609,29144,5,0,0,5,3
2020-11-07,US,Virginia,Galax,479,30,0,36.66601852,-80.91703124,51640.0,7546.872538207028,6.263048016701461,449,475,30,0,445,475,6423,4,0,0,4,0
2020-11-07,US,Virginia,Giles,166,0,0,37.31234791,-80.70636931,51071.0,992.8229665071773,0.0,166,160,0,0,160,157,16844,6,0,0,6,3
2020-11-07,US,Virginia,Gloucester,367,3,0,37.40809042,-76.53524337,51073.0,982.6496733426152,0.8174386920980926,364,366,3,0,363,362,37349,1,0,0,1,4
2020-11-07,US,Virginia,Goochland,355,7,0,37.71714806,-77.90381514,51075.0,1494.5480570875259,1.971830985915493,348,350,7,0,343,346,23244,5,0,0,5,4
2020-11-07,US,Virginia,Grayson,412,20,0,36.65677234,-81.23215889,51077.0,2649.51768488746,4.854368932038835,392,406,20,0,386,405,15631,6,0,0,6,1
2020-11-07,US,Virginia,Greene,310,3,0,38.29545894,-78.46525378,51079.0,1564.1556082547052,0.967741935483871,307,303,3,0,300,302,19779,7,0,0,7,1
2020-11-07,US,Virginia,Greensville,913,15,0,36.67878901,-77.56351439,51081.0,8053.987297106562,1.642935377875137,898,911,15,0,896,910,11627,2,0,0,2,1
2020-11-07,US,Virginia,Halifax,626,8,0,36.76654925,-78.93512622,51083.0,1846.008669753177,1.2779552715654952,618,614,8,0,606,577,34120,12,0,0,12,37
2020-11-07,US,Virginia,Hampton,2263,34,0,37.03513786,-76.35879121,51650.0,1682.4027953312025,1.502430402121078,2229,2233,33,0,2200,2226,134313,30,1,0,29,7
2020-11-07,US,Virginia,Hanover,1842,46,0,37.7583355,-77.49464673,51085.0,1709.2589499471076,2.49728555917481,1796,1802,45,0,1757,1780,107239,40,1,0,39,22
2020-11-07,US,Virginia,Harrisonburg,3197,35,0,38.43542574,-78.87536254,51660.0,6030.255017353252,1.0947763528307788,3162,3183,35,0,3148,3161,54033,14,0,0,14,22
2020-11-07,US,Virginia,Henrico,6833,241,0,37.53460572,-77.39326555,51087.0,2065.486158552437,3.527001317137421,6592,6762,240,0,6522,6713,329261,71,1,0,70,49
2020-11-07,US,Virginia,Henry,1475,33,0,36.68542395,-79.87634026,51089.0,2917.4990604664044,2.23728813559322,1442,1450,33,0,1417,1438,50953,25,0,0,25,12
2020-11-07,US,Virginia,Highland,13,0,0,38.35799465,-79.56124594,51091.0,593.6073059360732,0.0,13,12,0,0,12,12,2210,1,0,0,1,0
2020-11-07,US,Virginia,Hopewell,540,8,0,37.29186313,-77.29754684,51670.0,2396.9106484974923,1.4814814814814814,532,538,8,0,530,535,22596,2,0,0,2,3
2020-11-07,US,Virginia,Isle of Wight,901,26,0,36.90579348,-76.70842863,51093.0,2427.982430138241,2.8856825749167587,875,898,26,0,872,897,36953,3,0,0,3,1
2020-11-07,US,Virginia,James City,997,22,0,37.31156958,-76.76950618,51095.0,1302.8762594252707,2.2066198595787356,975,990,22,0,968,985,76397,7,0,0,7,5
2020-11-07,US,Virginia,King George,300,5,0,38.26818502,-77.15852768,51099.0,1117.9013265762408,1.6666666666666667,295,298,5,0,293,297,26575,2,0,0,2,1
2020-11-07,US,Virginia,King William,230,5,0,37.70965316,-77.09384941,51101.0,1341.2642873804525,2.1739130434782608,225,225,5,0,220,221,16939,5,0,0,5,4
2020-11-07,US,Virginia,King and Queen,93,2,0,37.71044922,-76.88689628,51097.0,1323.8434163701068,2.150537634408602,91,92,2,0,90,90,7042,1,0,0,1,2
2020-11-07,US,Virginia,Lancaster,210,1,0,37.71889653,-76.46400482,51103.0,1980.5715363576346,0.4761904761904762,209,210,1,0,209,208,10783,0,0,0,0,2
2020-11-07,US,Virginia,Lee,638,11,0,36.70586667,-83.12606515,51105.0,2723.818469026171,1.7241379310344829,627,616,11,0,605,610,23541,22,0,0,22,6
2020-11-07,US,Virginia,Lexington,279,1,0,37.78258621,-79.44262866,51678.0,3746.9782433521364,0.35842293906810035,278,272,1,0,271,271,7136,7,0,0,7,1
2020-11-07,US,Virginia,Loudoun,8313,134,0,39.08990083,-77.63481877,51107.0,2010.2142971141711,1.6119331168050042,8179,8225,134,0,8091,8175,406850,88,0,0,88,50
2020-11-07,US,Virginia,Louisa,423,8,0,37.97850256,-77.96274807,51109.0,1125.269346386103,1.8912529550827424,415,420,8,0,412,420,36778,3,0,0,3,0
2020-11-07,US,Virginia,Lunenburg,157,5,0,36.94618528,-78.24133319,51111.0,1287.3073138734012,3.1847133757961785,152,156,5,0,151,155,12086,1,0,0,1,1
2020-11-07,US,Virginia,Lynchburg,2180,27,0,37.40021399,-79.19888138,51680.0,2653.1009638788823,1.2385321100917428,2153,2153,27,0,2126,2141,82126,27,0,0,27,12
2020-11-07,US,Virginia,Madison,152,3,0,38.41531222,-78.28220331,51113.0,1146.2182339190106,1.973684210526316,149,152,3,0,149,151,13295,0,0,0,0,1
2020-11-07,US,Virginia,Manassas,2088,27,0,38.7464321,-77.48509905,51683.0,5082.146768893756,1.293103448275862,2061,2083,27,0,2056,2073,41641,5,0,0,5,10
2020-11-07,US,Virginia,Manassas Park,667,8,0,38.77058531,-77.44399307,51685.0,3816.2261128275545,1.199400299850075,659,665,8,0,657,664,17307,2,0,0,2,1
2020-11-07,US,Virginia,Martinsville,515,24,0,36.68212094,-79.86352771,51690.0,4102.278158355903,4.660194174757281,491,509,24,0,485,507,12902,6,0,0,6,2
2020-11-07,US,Virginia,Mathews,142,0,0,37.44164146,-76.34098896,51115.0,1607.4258546524786,0.0,142,141,0,0,141,139,8802,1,0,0,1,2
2020-11-07,US,Virginia,Mecklenburg,929,35,0,36.67882005,-78.36131056,51117.0,3037.2380423055547,3.7674919268030136,894,925,35,0,890,919,30650,4,0,0,4,6
2020-11-07,US,Virginia,Middlesex,148,11,0,37.63191998,-76.55064617,51119.0,1398.6013986013986,7.432432432432432,137,148,11,0,137,148,10769,0,0,0,0,0
2020-11-07,US,Virginia,Montgomery,3178,7,0,37.17746986,-80.37868691,51121.0,3225.249911199067,0.22026431718061676,3171,3114,6,0,3108,3061,98985,64,1,0,63,53
2020-11-07,US,Virginia,Nelson,145,2,0,37.78790447,-78.88498513,51125.0,971.1989283322173,1.3793103448275863,143,142,2,0,140,142,14836,3,0,0,3,0
2020-11-07,US,Virginia,New Kent,315,3,0,37.50694406,-76.99828634,51127.0,1364.1678576068598,0.9523809523809524,312,309,3,0,306,307,22391,6,0,0,6,2
2020-11-07,US,Virginia,Newport News,3377,51,0,37.08166899,-76.51754109,51700.0,1884.2237411075464,1.5102161681966242,3326,3357,51,0,3306,3336,178626,20,0,0,20,21
2020-11-07,US,Virginia,Norfolk,5701,85,0,36.89934014,-76.26420872,51710.0,2348.5840933995764,1.490966497105771,5616,5649,85,0,5564,5609,244076,52,0,0,52,40
2020-11-07,US,Virginia,Northampton,325,31,0,37.34062933,-75.87751591,51131.0,2775.4056362083693,9.538461538461537,294,325,31,0,294,324,11735,0,0,0,0,1
2020-11-07,US,Virginia,Northumberland,229,8,0,37.89202088,-76.41949732,51133.0,1893.3443571723853,3.4934497816593884,221,228,8,0,220,228,12147,1,0,0,1,0
2020-11-07,US,Virginia,Norton,61,0,0,36.93357076,-82.62750411,51720.0,1532.2783220296408,0.0,61,59,0,0,59,57,3968,2,0,0,2,2
2020-11-07,US,Virginia,Nottoway,397,21,0,37.1435975,-78.05065922,51135.0,2606.355042016807,5.289672544080606,376,380,21,0,359,377,15420,17,0,0,17,3
2020-11-07,US,Virginia,Orange,457,5,0,38.24530219,-78.01560400000002,51137.0,1233.4349950068824,1.0940919037199124,452,451,5,0,446,446,36644,6,0,0,6,5
2020-11-07,US,Virginia,Page,501,31,0,38.61807452,-78.48797204,51139.0,2096.058907204418,6.187624750499003,470,497,31,0,466,496,23933,4,0,0,4,1
2020-11-07,US,Virginia,Patrick,360,27,0,36.680163799999995,-80.2865648,51141.0,2044.525215810995,7.5,333,352,27,0,325,344,17673,8,0,0,8,8
2020-11-07,US,Virginia,Petersburg,994,30,0,37.20530399,-77.39368102,51730.0,3171.058508262617,3.0181086519114686,964,987,30,0,957,982,31567,7,0,0,7,5
2020-11-07,US,Virginia,Pittsylvania,1431,17,0,36.81980341,-79.39731264,51143.0,2371.0110348941253,1.1879804332634523,1414,1416,17,0,1399,1402,60949,15,0,0,15,14
2020-11-07,US,Virginia,Poquoson,108,2,0,37.14259351,-76.35798148,51735.0,880.1238692853067,1.851851851851852,106,107,2,0,105,104,12190,1,0,0,1,3
2020-11-07,US,Virginia,Portsmouth,2918,70,0,36.85914825,-76.35971629,51740.0,3091.1671857454608,2.3989033584647017,2848,2902,69,0,2833,2888,94632,16,1,0,15,14
2020-11-07,US,Virginia,Powhatan,332,5,0,37.55016038,-77.91267882,51145.0,1119.6546607311482,1.5060240963855422,327,324,5,0,319,325,29189,8,0,0,8,-1
2020-11-07,US,Virginia,Prince Edward,793,13,0,37.22554789,-78.43597949,51147.0,3477.765108323831,1.639344262295082,780,790,13,0,777,789,22950,3,0,0,3,1
2020-11-07,US,Virginia,Prince George,1226,7,0,37.18497668,-77.22922187,51149.0,3196.620864078429,0.5709624796084829,1219,1211,7,0,1204,1183,38082,15,0,0,15,28
2020-11-07,US,Virginia,Prince William,15099,224,0,38.70916224,-77.48713689,51153.0,3210.265023865968,1.483541956420955,14875,15013,224,0,14789,14923,468011,86,0,0,86,90
2020-11-07,US,Virginia,Pulaski,358,7,0,37.06474963,-80.71229738,51155.0,1052.1056807829075,1.9553072625698324,351,343,7,0,336,333,34066,15,0,0,15,10
2020-11-07,US,Virginia,Radford,1005,1,0,37.12222899,-80.56027320000003,51750.0,5507.151076771329,0.09950248756218906,1004,995,1,0,994,987,18339,10,0,0,10,8
2020-11-07,US,Virginia,Rappahannock,70,2,0,38.68295619,-78.15826963,51157.0,949.796472184532,2.8571428571428568,68,69,2,0,67,69,7252,1,0,0,1,0
2020-11-07,US,Virginia,Richmond,367,4,0,37.937575,-76.72920628,51159.0,4067.3833536517786,1.0899182561307903,363,365,4,0,361,363,9038,2,0,0,2,2
2020-11-07,US,Virginia,Richmond City,5665,78,0,37.53255773,-77.47966921,51760.0,2458.3832387300595,1.3768755516328333,5587,5625,78,0,5547,5595,228783,40,0,0,40,30
2020-11-07,US,Virginia,Roanoke,1865,16,0,37.26865804,-80.06396753,51161.0,1980.1244346293506,0.8579088471849866,1849,1848,16,0,1832,1823,94073,17,0,0,17,25
2020-11-07,US,Virginia,Roanoke City,3224,47,0,37.27791025,-79.96189766,51770.0,3251.8685131577613,1.4578163771712158,3177,3176,47,0,3129,3125,99920,48,0,0,48,51
2020-11-07,US,Virginia,Rockbridge,174,3,0,37.81204314,-79.44605905,51163.0,770.8324104018076,1.7241379310344829,171,167,3,0,164,164,22752,7,0,0,7,3
2020-11-07,US,Virginia,Rockingham,1877,27,0,38.51006137,-78.87260325,51165.0,2290.4768877824968,1.4384656366542354,1850,1862,27,0,1835,1845,81244,15,0,0,15,17
2020-11-07,US,Virginia,Russell,623,8,0,36.93028320000001,-82.10095486,51167.0,2343.3385992627686,1.2841091492776886,615,594,8,0,586,558,26748,29,0,0,29,36
2020-11-07,US,Virginia,Salem,667,12,0,37.2836193,-80.06219455,51775.0,2636.259436385913,1.7991004497751124,655,659,12,0,647,650,25643,8,0,0,8,9
2020-11-07,US,Virginia,Scott,521,9,0,36.71466456,-82.60171704,51169.0,2415.83974775109,1.727447216890595,512,512,7,0,505,499,21534,9,2,0,7,13
2020-11-07,US,Virginia,Shenandoah,1088,61,0,38.85905135,-78.56813762,51171.0,2494.4974321349964,5.606617647058823,1027,1067,61,0,1006,1050,43497,21,0,0,21,17
2020-11-07,US,Virginia,Smyth,735,27,0,36.84455636,-81.53344948,51173.0,2441.5360085038533,3.673469387755102,708,708,27,0,681,698,30472,27,0,0,27,10
2020-11-07,US,Virginia,Southampton,942,38,0,36.72231125,-77.10642712,51175.0,5342.862004424026,4.0339702760084934,904,942,38,0,904,941,17586,0,0,0,0,1
2020-11-07,US,Virginia,Spotsylvania,2603,55,0,38.18574462,-77.655399,51177.0,1910.949601732555,2.1129466000768344,2548,2583,55,0,2528,2566,134238,20,0,0,20,17
2020-11-07,US,Virginia,Stafford,2570,22,0,38.41758738,-77.45917053,51179.0,1681.035046637276,0.8560311284046692,2548,2552,21,0,2531,2538,149960,18,1,0,17,14
2020-11-07,US,Virginia,Staunton,468,5,0,38.15965544,-79.05979937,51790.0,1877.105727579015,1.0683760683760684,463,454,5,0,449,449,24922,14,0,0,14,5
2020-11-07,US,Virginia,Suffolk,2404,78,0,36.70155394,-76.63603554,51800.0,2609.9795891779213,3.24459234608985,2326,2395,78,0,2317,2384,91185,9,0,0,9,11
2020-11-07,US,Virginia,Surry,148,5,0,37.11781893,-76.88450012,51181.0,2304.5780130800367,3.3783783783783785,143,146,5,0,141,144,6474,2,0,0,2,2
2020-11-07,US,Virginia,Sussex,646,13,0,36.92432914,-77.25791182,51183.0,5789.049197956805,2.0123839009287927,633,646,13,0,633,646,11237,0,0,0,0,0
2020-11-07,US,Virginia,Tazewell,632,2,0,37.12191123,-81.56685568,51185.0,1556.8419756127605,0.3164556962025317,630,584,2,0,582,577,40855,48,0,0,48,7
2020-11-07,US,Virginia,Virginia Beach,8631,112,0,36.73285734,-76.04566934,51810.0,1918.1108241809527,1.29764801297648,8519,8540,110,0,8430,8467,450189,91,2,0,89,73
2020-11-07,US,Virginia,Warren,655,22,0,38.90847745,-78.20280433,51187.0,1630.8136639776917,3.3587786259541983,633,649,22,0,627,645,40003,6,0,0,6,4
2020-11-07,US,Virginia,Washington,1225,28,0,36.72341572,-81.95666289,51191.0,2279.4938593226652,2.2857142857142856,1197,1188,28,0,1160,1158,54402,37,0,0,37,30
2020-11-07,US,Virginia,Waynesboro,420,4,0,38.06451466,-78.90293905,51820.0,1855.943437914273,0.9523809523809524,416,414,4,0,410,412,22628,6,0,0,6,2
2020-11-07,US,Virginia,Westmoreland,367,5,0,38.11021557,-76.80213247,51193.0,2037.1912295309464,1.3623978201634876,362,365,5,0,360,359,17830,2,0,0,2,6
2020-11-07,US,Virginia,Williamsburg,235,8,0,37.28131268,-76.70905141,51830.0,1571.4858900628594,3.404255319148936,227,235,8,0,227,232,14896,0,0,0,0,3
2020-11-07,US,Virginia,Winchester,685,4,0,39.17054517,-78.17325058,51840.0,2439.6324524538786,0.583941605839416,681,680,4,0,676,668,28108,5,0,0,5,12
2020-11-07,US,Virginia,Wise,854,11,0,36.9746148,-82.62410519,51195.0,2284.4608511890438,1.2880562060889928,843,787,11,0,776,767,38012,67,0,0,67,20
2020-11-07,US,Virginia,Wythe,379,7,0,36.91582035,-81.07834059,51197.0,1321.29410124111,1.8469656992084436,372,368,7,0,361,361,28754,11,0,0,11,7
2020-11-07,US,Virginia,York,697,9,0,37.24374789,-76.54412815,51199.0,1020.796719390744,1.2912482065997128,688,686,9,0,677,670,67846,11,0,0,11,16
2020-11-07,US,Washington,Adams,988,11,0,46.98299757,-118.56017340000001,53001.0,4944.202572186358,1.1133603238866396,977,987,11,0,976,959,19759,1,0,0,1,28
2020-11-07,US,Washington,Asotin,336,9,0,46.18894415,-117.2022851,53003.0,1487.910725356479,2.6785714285714284,327,327,9,0,318,318,22610,9,0,0,9,9
2020-11-07,US,Washington,Benton,5808,137,0,46.23946995,-119.51208340000001,53005.0,2841.6263026566858,2.3588154269972454,5671,5690,137,0,5553,5646,201877,118,0,0,118,44
2020-11-07,US,Washington,Chelan,2094,19,0,47.87046092,-120.6173956,53007.0,2712.435233160622,0.9073543457497611,2075,2060,19,0,2041,2049,77036,34,0,0,34,11
2020-11-07,US,Washington,Clallam,280,1,0,48.04754642,-123.92263190000001,53009.0,362.0798903415189,0.35714285714285715,279,280,1,0,279,275,76737,0,0,0,0,5
2020-11-07,US,Washington,Clark,5069,88,0,45.77568046,-122.48292040000001,53011.0,1038.2167822857973,1.7360426119550207,4981,4942,88,0,4854,4826,481857,127,0,0,127,116
2020-11-07,US,Washington,Columbia,22,1,0,46.29442881,-117.9051983,53013.0,552.0702634880803,4.545454545454546,21,22,1,0,21,22,4059,0,0,0,0,0
2020-11-07,US,Washington,Cowlitz,904,7,0,46.19074721,-122.6782231,53015.0,817.4115902453137,0.7743362831858407,897,896,7,0,889,875,108987,8,0,0,8,21
2020-11-07,US,Washington,Douglas,1255,10,0,47.7361335,-119.69293700000001,53017.0,2889.7741140712433,0.796812749003984,1245,1252,10,0,1242,1250,42907,3,0,0,3,2
2020-11-07,US,Washington,Ferry,36,1,0,48.471143100000006,-118.5154041,53019.0,472.0073423364364,2.7777777777777777,35,36,1,0,35,35,7649,0,0,0,0,1
2020-11-07,US,Washington,Franklin,5102,69,0,46.53351425,-118.9018212,53021.0,5358.005502929996,1.3524108192865545,5033,5060,69,0,4991,5046,94347,42,0,0,42,14
2020-11-07,US,Washington,Garfield,40,0,0,46.43197502,-117.54540320000001,53023.0,1797.752808988764,0.0,40,38,0,0,38,33,2247,2,0,0,2,5
2020-11-07,US,Washington,Grant,3442,29,0,47.20753737,-119.4500749,53025.0,3521.8401154164917,0.8425334108076701,3413,3433,29,0,3404,3417,97331,9,0,0,9,16
2020-11-07,US,Washington,Grays Harbor,782,12,0,47.14003705,-123.7820567,53027.0,1041.8193202861673,1.5345268542199488,770,772,12,0,760,745,73901,10,0,0,10,27
2020-11-07,US,Washington,Island,430,12,0,48.14713305,-122.5216407,53029.0,505.04457311988335,2.7906976744186047,418,427,12,0,415,419,84460,3,0,0,3,8
2020-11-07,US,Washington,Jefferson,91,0,0,47.75003077,-123.56097040000002,53031.0,282.42450575711484,0.0,91,91,0,0,91,90,31729,0,0,0,0,1
2020-11-07,US,Washington,King,30363,822,0,47.49137892,-121.8346131,53033.0,1347.800186613707,2.707242367355005,29541,29832,822,0,29010,29316,2233163,531,0,0,531,516
2020-11-07,US,Washington,Kitsap,1697,23,0,47.63479026,-122.6436061,53035.0,625.1082059726014,1.3553329404832055,1674,1671,23,0,1648,1648,269805,26,0,0,26,23
2020-11-07,US,Washington,Kittitas,780,23,0,47.12521214,-120.67943899999999,53037.0,1627.2035047460101,2.948717948717949,757,779,23,0,756,778,47364,1,0,0,1,1
2020-11-07,US,Washington,Klickitat,219,3,0,45.87325839,-120.7913598,53039.0,976.5886287625418,1.3698630136986298,216,219,3,0,216,215,22107,0,0,0,0,4
2020-11-07,US,Washington,Lewis,786,13,0,46.57756476,-122.39257690000001,53041.0,973.8932186799162,1.653944020356234,773,782,13,0,769,777,79604,4,0,0,4,5
2020-11-07,US,Washington,Lincoln,85,2,0,47.57705241,-118.41943880000001,53043.0,777.0362921656457,2.3529411764705883,83,84,2,0,82,83,10740,1,0,0,1,1
2020-11-07,US,Washington,Mason,562,10,0,47.35007586,-123.1863685,53045.0,841.7205847112389,1.7793594306049825,552,558,10,0,548,550,65507,4,0,0,4,8
2020-11-07,US,Washington,Okanogan,1140,11,0,48.54855019,-119.73872240000001,53047.0,2698.671969320361,0.9649122807017544,1129,1138,11,0,1127,1135,42132,2,0,0,2,3
2020-11-07,US,Washington,Pacific,124,3,0,46.55418369,-123.7285716,53049.0,551.8223488051267,2.419354838709677,121,124,3,0,121,124,22036,0,0,0,0,0
2020-11-07,US,Washington,Pend Oreille,159,1,0,48.53234021,-117.2741804,53051.0,1158.5543573302245,0.6289308176100629,158,158,1,0,157,157,13602,1,0,0,1,1
2020-11-07,US,Washington,Pierce,11404,234,0,47.03892768,-122.14059579999999,53053.0,1260.1383455987975,2.051911609961417,11170,11214,234,0,10980,11046,891299,190,0,0,190,168
2020-11-07,US,Washington,San Juan,37,0,0,48.60182783,-122.96745,53055.0,210.4424980093277,0.0,37,36,0,0,36,36,17128,1,0,0,1,0
2020-11-07,US,Washington,Skagit,1390,26,0,48.48171488,-121.766131,53057.0,1075.8097596842226,1.8705035971223019,1364,1370,26,0,1344,1338,128206,20,0,0,20,32
2020-11-07,US,Washington,Skamania,73,1,0,46.02408726,-121.91644029999999,53059.0,604.1545973682033,1.3698630136986298,72,73,1,0,72,73,11924,0,0,0,0,0
2020-11-07,US,Washington,Snohomish,9939,240,0,48.04615983,-121.7170703,53061.0,1209.0020107458736,2.4147298520977967,9699,9727,240,0,9487,9503,814901,212,0,0,212,224
2020-11-07,US,Washington,Spokane,10735,212,0,47.62113146,-117.4046494,53063.0,2053.374343436662,1.9748486259897533,10523,10499,212,0,10287,10287,514631,236,0,0,236,212
2020-11-07,US,Washington,Stevens,334,6,0,48.40035475,-117.8542701,53065.0,730.4857511536864,1.7964071856287425,328,321,6,0,315,310,45260,13,0,0,13,11
2020-11-07,US,Washington,Thurston,1837,38,0,46.9291895,-122.82906559999999,53067.0,632.2796486493928,2.0685900925421885,1799,1808,38,0,1770,1777,286419,29,0,0,29,31
2020-11-07,US,Washington,Unassigned,451,3,0,0.0,0.0,90053.0,0.0,0.6651884700665188,448,424,3,0,421,375,,27,0,0,27,49
2020-11-07,US,Washington,Wahkiakum,11,0,0,46.29180039999999,-123.4250831,53069.0,245.09803921568627,0.0,11,11,0,0,11,11,4426,0,0,0,0,0
2020-11-07,US,Washington,Walla Walla,1430,10,0,46.23040051,-118.4775539,53071.0,2353.522053982884,0.6993006993006993,1420,1400,10,0,1390,1367,60922,30,0,0,30,33
2020-11-07,US,Washington,Whatcom,1694,51,0,48.82227976,-121.74900179999999,53073.0,738.9409676026297,3.0106257378984647,1643,1682,51,0,1631,1670,225685,12,0,0,12,12
2020-11-07,US,Washington,Whitman,1897,21,0,46.90022523,-117.52417630000001,53075.0,3786.1248602905957,1.1070110701107012,1876,1879,21,0,1858,1866,49791,18,0,0,18,13
2020-11-07,US,Washington,Yakima,12185,280,0,46.45738486,-120.73801259999999,53077.0,4857.039219047088,2.2979072630283137,11905,12139,280,0,11859,12103,251446,46,0,0,46,36
2020-11-07,US,West Virginia,Barbour,214,2,0,39.1307219,-80.00350858,54001.0,1301.6239888084667,0.9345794392523364,212,202,2,0,200,195,16535,12,0,0,12,7
2020-11-07,US,West Virginia,Berkeley,1847,18,0,39.46704621,-78.02414609,54003.0,1549.8737108860375,0.9745533297238764,1829,1837,18,0,1819,1794,117123,10,0,0,10,43
2020-11-07,US,West Virginia,Boone,444,6,0,38.01974191,-81.69888019,54005.0,2069.2547886470616,1.351351351351351,438,443,3,0,440,439,21951,1,3,0,-2,4
2020-11-07,US,West Virginia,Braxton,89,0,0,38.70036159,-80.72011184,54007.0,637.6728523321632,0.0,89,84,0,0,84,82,14089,5,0,0,5,2
2020-11-07,US,West Virginia,Brooke,277,5,0,40.27367263,-80.57915332,54009.0,1262.5917316194905,1.8050541516245489,272,273,5,0,268,263,22203,4,0,0,4,10
2020-11-07,US,West Virginia,Cabell,1779,37,0,38.42424062,-82.23855912,54011.0,1934.8523573875686,2.0798201236649803,1742,1710,35,0,1675,1643,93224,69,2,0,67,67
2020-11-07,US,West Virginia,Calhoun,37,0,0,38.84315422,-81.11934872,54013.0,520.4670136446757,0.0,37,37,0,0,37,37,7254,0,0,0,0,0
2020-11-07,US,West Virginia,Clay,74,3,0,38.46231092,-81.07652217,54015.0,869.7696285848613,4.0540540540540535,71,72,3,0,69,70,8632,2,0,0,2,2
2020-11-07,US,West Virginia,Doddridge,77,1,0,39.27057157,-80.70671527,54017.0,911.4583333333336,1.2987012987012987,76,77,1,0,76,75,8406,0,0,0,0,2
2020-11-07,US,West Virginia,Fayette,833,26,0,38.02974928,-81.08286634,54019.0,1964.344668207329,3.12124849939976,807,833,25,0,808,827,43018,0,1,0,-1,6
2020-11-07,US,West Virginia,Gilmer,115,0,0,38.9251277,-80.85952723,54021.0,1470.024287357791,0.0,115,87,0,0,87,71,8026,28,0,0,28,16
2020-11-07,US,West Virginia,Grant,206,9,0,39.10314817,-79.19440518,54023.0,1780.7745504840939,4.368932038834951,197,203,9,0,194,203,11626,3,0,0,3,0
2020-11-07,US,West Virginia,Greenbrier,246,5,0,37.9463652,-80.45335881,54025.0,709.7109226241994,2.0325203252032518,241,236,5,0,231,231,34786,10,0,0,10,5
2020-11-07,US,West Virginia,Hampshire,175,1,0,39.32103553,-78.60826476,54027.0,755.1240560949298,0.5714285714285714,174,171,1,0,170,165,23347,4,0,0,4,6
2020-11-07,US,West Virginia,Hancock,271,1,0,40.51943859,-80.57461608,54029.0,940.6456091634848,0.3690036900369004,270,261,1,0,260,253,29094,10,0,0,10,8
2020-11-07,US,West Virginia,Hardy,117,1,0,39.00683177,-78.85855301,54031.0,849.3031358885017,0.8547008547008547,116,114,1,0,113,113,13775,3,0,0,3,1
2020-11-07,US,West Virginia,Harrison,731,13,0,39.2853852,-80.37919577,54033.0,1086.8918758177706,1.7783857729138166,718,718,13,0,705,711,67554,13,0,0,13,7
2020-11-07,US,West Virginia,Jackson,455,24,0,38.84263974,-81.68148753,54035.0,1592.2452407614785,5.2747252747252755,431,451,24,0,427,438,28706,4,0,0,4,13
2020-11-07,US,West Virginia,Jefferson,697,10,0,39.30776166,-77.86014147,54037.0,1219.682917439541,1.4347202295552368,687,690,10,0,680,676,56811,7,0,0,7,14
2020-11-07,US,West Virginia,Kanawha,4083,108,0,38.33860077,-81.52857054,54039.0,2292.2233949383576,2.6451138868479056,3975,4029,107,0,3922,3997,180454,54,1,0,53,32
2020-11-07,US,West Virginia,Lewis,138,2,0,38.9947249,-80.49988181,54041.0,867.542591312001,1.4492753623188406,136,135,2,0,133,132,16024,3,0,0,3,3
2020-11-07,US,West Virginia,Lincoln,298,2,0,38.172154,-82.07017953,54043.0,1460.1401342544955,0.6711409395973155,296,291,2,0,289,285,20599,7,0,0,7,6
2020-11-07,US,West Virginia,Logan,834,46,0,37.8299889,-81.93528571,54045.0,2604.703457322215,5.51558752997602,788,832,46,0,786,821,32607,2,0,0,2,11
2020-11-07,US,West Virginia,Marion,451,5,0,39.50984542,-80.24244659,54049.0,804.3230132686548,1.1086474501108647,446,450,5,0,445,445,56097,1,0,0,1,5
2020-11-07,US,West Virginia,Marshall,544,5,0,39.86064362,-80.66591062,54051.0,1781.7955520618384,0.9191176470588236,539,536,4,0,532,494,30785,8,1,0,7,42
2020-11-07,US,West Virginia,Mason,194,6,0,38.77071799,-82.02524219,54053.0,731.6337305777645,3.0927835051546397,188,192,6,0,186,189,26718,2,0,0,2,3
2020-11-07,US,West Virginia,McDowell,167,1,0,37.38002939,-81.65083669,54047.0,947.5714934180664,0.5988023952095808,166,159,1,0,158,153,18223,8,0,0,8,6
2020-11-07,US,West Virginia,Mercer,896,35,0,37.40481169,-81.11023142,54055.0,1524.8987371932333,3.90625,861,871,34,0,837,850,59131,25,1,0,24,21
2020-11-07,US,West Virginia,Mineral,328,4,0,39.41561583,-78.94104895,54057.0,1220.783087687956,1.2195121951219512,324,302,4,0,298,294,26940,26,0,0,26,8
2020-11-07,US,West Virginia,Mingo,727,11,0,37.73048351,-82.13338365,54059.0,3103.6543715846997,1.5130674002751032,716,720,10,0,710,708,23785,7,1,0,6,12
2020-11-07,US,West Virginia,Monongalia,2471,7,0,39.63218457,-80.04766838,54061.0,2339.6962466386394,0.28328611898017,2464,2447,7,0,2440,2434,106420,24,0,0,24,13
2020-11-07,US,West Virginia,Monroe,275,8,0,37.56274716,-80.54577965,54063.0,2071.563088512241,2.9090909090909087,267,275,8,0,267,273,13280,0,0,0,0,2
2020-11-07,US,West Virginia,Morgan,177,0,0,39.55439028,-78.26311676,54065.0,989.7114739431894,0.0,177,171,0,0,171,170,17787,6,0,0,6,1
2020-11-07,US,West Virginia,Nicholas,204,3,0,38.29617706,-80.79759588,54067.0,832.7890267798822,1.4705882352941178,201,204,3,0,201,201,24842,0,0,0,0,3
2020-11-07,US,West Virginia,Ohio,747,9,0,40.0955451,-80.62203992,54069.0,1803.8685373451501,1.2048192771084338,738,735,9,0,726,719,41755,12,0,0,12,16
2020-11-07,US,West Virginia,Pendleton,79,1,0,38.68314479,-79.35084086,54071.0,1133.5916200315685,1.2658227848101269,78,79,1,0,78,79,6997,0,0,0,0,0
2020-11-07,US,West Virginia,Pleasants,45,3,0,39.37091679,-81.16771771,54073.0,603.2171581769437,6.666666666666668,42,43,3,0,40,40,7507,2,0,0,2,3
2020-11-07,US,West Virginia,Pocahontas,76,0,0,38.32758728,-80.00993811,54075.0,921.5472292955014,0.0,76,76,0,0,76,74,8414,0,0,0,0,2
2020-11-07,US,West Virginia,Preston,262,5,0,39.46770987,-79.66712803,54077.0,783.6803062933716,1.9083969465648856,257,252,4,0,248,249,33839,10,1,0,9,3
2020-11-07,US,West Virginia,Putnam,1122,15,0,38.50782345,-81.9082131,54079.0,1987.5996457041626,1.3368983957219251,1107,1092,15,0,1077,1073,56682,30,0,0,30,19
2020-11-07,US,West Virginia,Raleigh,938,11,0,37.76936795,-81.2456041,54081.0,1278.6085249655812,1.1727078891257996,927,927,10,0,917,916,74254,11,1,0,10,11
2020-11-07,US,West Virginia,Randolph,480,2,0,38.769899,-79.87919615,54083.0,1672.76529012023,0.4166666666666667,478,460,2,0,458,452,28823,20,0,0,20,8
2020-11-07,US,West Virginia,Ritchie,69,0,0,39.18094587,-81.06356878,54085.0,722.2105924220223,0.0,69,69,0,0,69,65,9721,0,0,0,0,4
2020-11-07,US,West Virginia,Roane,119,2,0,38.71622686,-81.35243568,54087.0,869.3746347165401,1.680672268907563,117,117,2,0,115,117,13932,2,0,0,2,0
2020-11-07,US,West Virginia,Summers,169,3,0,37.65390597,-80.86009693,54089.0,1344.1501630478008,1.7751479289940828,166,166,2,0,164,160,12760,3,1,0,2,6
2020-11-07,US,West Virginia,Taylor,182,8,0,39.33602617,-80.0421439,54091.0,1090.146750524109,4.395604395604397,174,182,8,0,174,178,16862,0,0,0,0,4
2020-11-07,US,West Virginia,Tucker,70,0,0,39.11240885,-79.57053576,54093.0,1023.541453428864,0.0,70,70,0,0,70,68,6955,0,0,0,0,2
2020-11-07,US,West Virginia,Tyler,80,1,0,39.46811972,-80.88772676,54095.0,931.2070771737863,1.25,79,71,1,0,70,68,8746,9,0,0,9,3
2020-11-07,US,West Virginia,Upshur,298,4,0,38.89285061,-80.23689136,54097.0,1232.6273990734612,1.342281879194631,294,295,4,0,291,293,24415,3,0,0,3,2
2020-11-07,US,West Virginia,Wayne,666,12,0,38.14901357,-82.42287994,54099.0,1690.2695294655093,1.8018018018018016,654,662,11,0,651,651,39944,4,1,0,3,11
2020-11-07,US,West Virginia,Webster,42,0,0,38.49370949,-80.4202023,54101.0,517.6238599950702,0.0,42,39,0,0,39,38,8285,3,0,0,3,1
2020-11-07,US,West Virginia,Wetzel,266,8,0,39.6065771,-80.64016540000001,54103.0,1765.6820444739462,3.0075187969924815,258,264,8,0,256,264,15270,2,0,0,2,0
2020-11-07,US,West Virginia,Wirt,59,0,0,39.02775007,-81.37473928,54105.0,1013.5715512798488,0.0,59,59,0,0,59,59,5830,0,0,0,0,0
2020-11-07,US,West Virginia,Wood,953,9,0,39.20967886,-81.5162836,54107.0,1141.0713858090473,0.9443861490031479,944,911,9,0,902,856,84203,42,0,0,42,55
2020-11-07,US,West Virginia,Wyoming,416,5,0,37.612327,-81.54511071,54109.0,2039.8156320486414,1.2019230769230769,411,405,5,0,400,396,20786,11,0,0,11,9
2020-11-07,US,Wisconsin,Adams,698,6,0,43.96974651,-89.76782777,55001.0,3452.027695351137,0.8595988538681948,692,683,6,0,677,670,20348,15,0,0,15,13
2020-11-07,US,Wisconsin,Ashland,387,5,0,46.31956891,-90.67837132,55003.0,2486.826886004369,1.2919896640826871,382,372,4,0,368,350,15600,15,1,0,14,22
2020-11-07,US,Wisconsin,Barron,1797,11,0,45.42372701,-91.84833627,55005.0,3971.797365396517,0.6121313299944352,1786,1685,11,0,1674,1586,45164,112,0,0,112,99
2020-11-07,US,Wisconsin,Bayfield,379,3,0,46.52868768,-91.19716729,55007.0,2520.6171854216545,0.7915567282321899,376,357,3,0,354,342,15042,22,0,0,22,15
2020-11-07,US,Wisconsin,Brown,17853,111,0,44.452655299999996,-88.00411844,55009.0,6748.644827664417,0.6217442446647622,17742,17509,110,0,17399,17257,263378,344,1,0,343,252
2020-11-07,US,Wisconsin,Buffalo,431,3,0,44.37835084,-91.75332578,55011.0,3307.4975059473572,0.6960556844547564,428,408,3,0,405,387,13125,23,0,0,23,21
2020-11-07,US,Wisconsin,Burnett,389,6,0,45.86303537,-92.36711412,55013.0,2523.679771636175,1.5424164524421593,383,386,6,0,380,373,15392,3,0,0,3,13
2020-11-07,US,Wisconsin,Calumet,3141,18,0,44.0816316,-88.21780273,55015.0,6270.83790852283,0.5730659025787965,3123,3082,18,0,3064,3047,50159,59,0,0,59,35
2020-11-07,US,Wisconsin,Chippewa,2713,29,0,45.06939744,-91.28068855,55017.0,4195.923164960253,1.0689273866568374,2684,2604,26,0,2578,2434,64135,109,3,0,106,170
2020-11-07,US,Wisconsin,Clark,1267,22,0,44.73483377,-90.61207486,55019.0,3643.526772876288,1.7363851617995265,1245,1213,21,0,1192,1155,34709,54,1,0,53,58
2020-11-07,US,Wisconsin,Columbia,2227,9,0,43.46492199,-89.33589004,55021.0,3870.8892442466804,0.4041311180960934,2218,2134,7,0,2127,2081,57358,93,2,0,91,53
2020-11-07,US,Wisconsin,Crawford,487,1,0,43.23870316,-90.93073686,55023.0,3019.031678135268,0.2053388090349076,486,466,1,0,465,450,16291,21,0,0,21,16
2020-11-07,US,Wisconsin,Dane,18274,55,0,43.06601594,-89.41733797,55025.0,3342.631631897127,0.30097406150815365,18219,17807,53,0,17754,17295,542364,467,2,0,465,512
2020-11-07,US,Wisconsin,Dodge,5599,41,0,43.41576662,-88.70928178,55027.0,6374.1618187820895,0.7322736202893374,5558,5458,38,0,5420,5325,87847,141,3,0,138,133
2020-11-07,US,Wisconsin,Door,1142,10,0,44.95856458,-87.30002707,55029.0,4127.511927136042,0.8756567425569177,1132,1100,9,0,1091,1057,27610,42,1,0,41,43
2020-11-07,US,Wisconsin,Douglas,1033,1,0,46.43222285,-91.91595768,55031.0,2393.9745075318656,0.0968054211035818,1032,998,1,0,997,947,43208,35,0,0,35,51
2020-11-07,US,Wisconsin,Dunn,1551,1,0,44.94562799,-91.8962481,55033.0,3418.709222359372,0.06447453255963895,1550,1500,1,0,1499,1439,45131,51,0,0,51,61
2020-11-07,US,Wisconsin,Eau Claire,4897,31,0,44.726614,-91.28609183,55035.0,4679.586415152036,0.6330406371247703,4866,4716,30,0,4686,4556,104534,181,1,0,180,160
2020-11-07,US,Wisconsin,Florence,243,8,0,45.84963535,-88.39804137,55037.0,5657.741559953434,3.2921810699588483,235,239,8,0,231,235,4321,4,0,0,4,4
2020-11-07,US,Wisconsin,Fond du Lac,6035,25,0,43.75354908,-88.48885325,55039.0,5836.387725694613,0.4142502071251036,6010,5815,25,0,5790,5708,103066,220,0,0,220,107
2020-11-07,US,Wisconsin,Forest,570,11,0,45.66678019,-88.77084892,55041.0,6330.5197689915585,1.9298245614035088,559,560,11,0,549,546,8991,10,0,0,10,14
2020-11-07,US,Wisconsin,Grant,2377,43,0,42.8671731,-90.7063218,55043.0,4621.0074068313925,1.809002944888515,2334,2324,41,0,2283,2262,51554,53,2,0,51,62
2020-11-07,US,Wisconsin,Green,1181,5,0,42.6794956,-89.60243287,55045.0,3195.34632034632,0.4233700254022015,1176,1142,5,0,1137,1127,36929,39,0,0,39,15
2020-11-07,US,Wisconsin,Green Lake,899,4,0,43.80025981,-89.04679553,55047.0,4753.344260561518,0.44493882091212456,895,876,4,0,872,866,18918,23,0,0,23,10
2020-11-07,US,Wisconsin,Iowa,728,2,0,43.00050278,-90.13469017,55049.0,3074.584002027198,0.27472527472527475,726,689,2,0,687,683,23771,39,0,0,39,6
2020-11-07,US,Wisconsin,Iron,255,5,0,46.26302338,-90.24295041,55051.0,4483.910673465799,1.96078431372549,250,242,5,0,237,241,5676,13,0,0,13,1
2020-11-07,US,Wisconsin,Jackson,846,2,0,44.31864893,-90.80566792,55053.0,4098.241534660659,0.2364066193853428,844,771,2,0,769,746,20478,75,0,0,75,25
2020-11-07,US,Wisconsin,Jefferson,3468,26,0,43.02054068,-88.77529134,55055.0,4091.118215385342,0.7497116493656286,3442,3373,24,0,3349,3334,85129,95,2,0,93,39
2020-11-07,US,Wisconsin,Juneau,1230,5,0,43.92456975,-90.11120239,55057.0,4608.985648443062,0.4065040650406504,1225,1049,5,0,1044,942,26617,181,0,0,181,107
2020-11-07,US,Wisconsin,Kenosha,6255,96,0,42.57639354,-88.04051686,55059.0,3688.937904353005,1.5347721822541966,6159,6185,94,0,6091,6078,169290,70,2,0,68,107
2020-11-07,US,Wisconsin,Kewaunee,1285,11,0,44.51727459,-87.61468386,55061.0,6288.5387099931495,0.8560311284046692,1274,1266,11,0,1255,1253,20383,19,0,0,19,13
2020-11-07,US,Wisconsin,La Crosse,5391,26,0,43.90632465,-91.11451093,55063.0,4568.02467462039,0.4822852902986459,5365,5174,26,0,5148,5035,118230,217,0,0,217,139
2020-11-07,US,Wisconsin,Lafayette,685,1,0,42.66005229,-90.1317729,55065.0,4110.41104110411,0.145985401459854,684,659,1,0,658,636,16665,26,0,0,26,23
2020-11-07,US,Wisconsin,Langlade,1190,13,0,45.26271619,-89.07483625,55067.0,6201.469591953724,1.092436974789916,1177,1159,12,0,1147,1143,19268,31,1,0,30,16
2020-11-07,US,Wisconsin,Lincoln,1202,14,0,45.33737523,-89.73411273,55069.0,4356.177291342007,1.1647254575707155,1188,1150,14,0,1136,1117,27689,52,0,0,52,33
2020-11-07,US,Wisconsin,Manitowoc,3515,21,0,44.11946801,-87.80928853,55071.0,4450.437446980919,0.5974395448079659,3494,3384,21,0,3363,3292,79074,131,0,0,131,92
2020-11-07,US,Wisconsin,Marathon,6512,71,0,44.89792533,-89.75863384,55073.0,4799.103852843204,1.0902948402948405,6441,6269,71,0,6198,6105,135428,243,0,0,243,164
2020-11-07,US,Wisconsin,Marinette,2189,19,0,45.38553432,-88.03324599999998,55075.0,5425.030978934325,0.8679762448606669,2170,2115,19,0,2096,2057,40434,74,0,0,74,58
2020-11-07,US,Wisconsin,Marquette,808,6,0,43.81911946,-89.40073763,55077.0,5188.134069603185,0.7425742574257426,802,778,5,0,773,767,15434,30,1,0,29,11
2020-11-07,US,Wisconsin,Menominee,402,1,0,45.00422544,-88.70950714,55078.0,8823.529411764706,0.24875621890547264,401,387,1,0,386,377,4658,15,0,0,15,10
2020-11-07,US,Wisconsin,Milwaukee,48590,619,0,43.00486062,-87.96733172,55079.0,5137.851766790805,1.2739246758592302,47971,47640,616,0,47024,46805,948201,950,3,0,947,835
2020-11-07,US,Wisconsin,Monroe,1525,8,0,43.94641218,-90.61881899999999,55081.0,3297.0834324260054,0.5245901639344263,1517,1478,8,0,1470,1421,46051,47,0,0,47,57
2020-11-07,US,Wisconsin,Oconto,2481,19,0,45.02715345,-88.26807503,55083.0,6540.996572633799,0.7658202337767029,2462,2430,19,0,2411,2400,37830,51,0,0,51,30
2020-11-07,US,Wisconsin,Oneida,1573,19,0,45.70677897,-89.51944105,55085.0,4419.1599943812325,1.2078830260648443,1554,1535,18,0,1517,1476,35470,38,1,0,37,59
2020-11-07,US,Wisconsin,Outagamie,10901,86,0,44.41578887,-88.46565023,55087.0,5801.953322511111,0.7889184478488213,10815,10662,85,0,10577,10476,187365,239,1,0,238,186
2020-11-07,US,Wisconsin,Ozaukee,3055,27,0,43.38352225,-87.94625009,55089.0,3424.081774470136,0.8837970540098199,3028,2944,26,0,2918,2877,89147,111,1,0,110,67
2020-11-07,US,Wisconsin,Pepin,243,0,0,44.58307413,-91.99949611,55091.0,3334.705640181145,0.0,243,223,0,0,223,216,7289,20,0,0,20,7
2020-11-07,US,Wisconsin,Pierce,1053,7,0,44.71850291,-92.4224416,55093.0,2462.927445385227,0.6647673314339981,1046,1012,7,0,1005,963,42555,41,0,0,41,49
2020-11-07,US,Wisconsin,Polk,879,3,0,45.46130348,-92.44182875,55095.0,2007.6285316218625,0.3412969283276451,876,854,3,0,851,786,43598,25,0,0,25,68
2020-11-07,US,Wisconsin,Portage,3409,28,0,44.47558711,-89.50152965,55097.0,4816.87673091053,0.8213552361396304,3381,3356,26,0,3330,3281,70942,53,2,0,51,75
2020-11-07,US,Wisconsin,Price,476,3,0,45.68051754,-90.36098879999999,55099.0,3565.2760092876947,0.6302521008403361,473,471,3,0,468,450,13397,5,0,0,5,21
2020-11-07,US,Wisconsin,Racine,9512,126,0,42.74753117,-88.05941254,55101.0,4845.372903199514,1.3246425567703952,9386,9263,123,0,9140,8979,196584,249,3,0,246,284
2020-11-07,US,Wisconsin,Richland,589,10,0,43.3762778,-90.43012729,55103.0,3414.0969162995593,1.6977928692699489,579,576,10,0,566,550,17377,13,0,0,13,26
2020-11-07,US,Wisconsin,Rock,6377,53,0,42.67151616,-89.07147900000002,55105.0,3903.7917651235966,0.8311118080602165,6324,6186,53,0,6133,6091,163129,191,0,0,191,95
2020-11-07,US,Wisconsin,Rusk,378,1,0,45.47498854,-91.1333012,55107.0,2666.1024121878972,0.2645502645502645,377,337,1,0,336,325,14147,41,0,0,41,12
2020-11-07,US,Wisconsin,Sauk,2399,9,0,43.42574087,-89.94966132,55111.0,3722.727413798455,0.3751563151313047,2390,2328,9,0,2319,2227,64249,71,0,0,71,101
2020-11-07,US,Wisconsin,Sawyer,496,4,0,45.87931905,-91.14504927,55113.0,2995.5308612151225,0.8064516129032258,492,479,4,0,475,463,16489,17,0,0,17,16
2020-11-07,US,Wisconsin,Shawano,2946,38,0,44.78902246,-88.76443896,55115.0,7203.1101004914535,1.2898845892735913,2908,2891,38,0,2853,2821,40796,55,0,0,55,70
2020-11-07,US,Wisconsin,Sheboygan,5998,32,0,43.72099677,-87.94579284,55117.0,5200.277440610369,0.5335111703901301,5966,5891,32,0,5859,5757,115456,107,0,0,107,134
2020-11-07,US,Wisconsin,St. Croix,2546,14,0,45.03437474,-92.45000068,55109.0,2807.45862141211,0.5498821681068342,2532,2469,14,0,2455,2383,89694,77,0,0,77,86
2020-11-07,US,Wisconsin,Taylor,671,10,0,45.21179252,-90.5004405,55119.0,3298.4318930344593,1.4903129657228018,661,643,9,0,634,627,20412,28,1,0,27,16
2020-11-07,US,Wisconsin,Trempealeau,1363,6,0,44.30360275,-91.35893614,55121.0,4597.1196330399,0.4402054292002935,1357,1308,6,0,1302,1277,29442,55,0,0,55,31
2020-11-07,US,Wisconsin,Vernon,650,2,0,43.59422667,-90.8324691,55123.0,2108.883265200181,0.3076923076923077,648,622,2,0,620,607,30785,28,0,0,28,15
2020-11-07,US,Wisconsin,Vilas,799,8,0,46.05467334,-89.51719204,55125.0,3599.909889614778,1.0012515644555695,791,754,7,0,747,744,21938,45,1,0,44,10
2020-11-07,US,Wisconsin,Walworth,4085,39,0,42.66858202,-88.54163073,55127.0,3932.876343050795,0.9547123623011016,4046,3991,39,0,3952,3830,103718,94,0,0,94,161
2020-11-07,US,Wisconsin,Washburn,324,2,0,45.89838588,-91.79050449,55129.0,2061.0687022900765,0.6172839506172839,322,315,2,0,313,304,15878,9,0,0,9,11
2020-11-07,US,Wisconsin,Washington,5784,50,0,43.36863664,-88.22974712,55131.0,4251.878206918858,0.8644536652835408,5734,5545,50,0,5495,5456,135693,239,0,0,239,89
2020-11-07,US,Wisconsin,Waukesha,15397,145,0,43.01833055,-88.30431188,55133.0,3809.271693575921,0.9417418977722932,15252,15112,139,0,14973,14675,403072,285,6,0,279,437
2020-11-07,US,Wisconsin,Waupaca,2935,56,0,44.47068056,-88.96534501,55135.0,5756.030594234164,1.9080068143100508,2879,2851,55,0,2796,2779,51128,84,1,0,83,72
2020-11-07,US,Wisconsin,Waushara,1462,5,0,44.11324419,-89.24317107,55137.0,5981.26252914945,0.34199726402188785,1457,1441,5,0,1436,1426,24263,21,0,0,21,15
2020-11-07,US,Wisconsin,Winnebago,10355,79,0,44.06886922,-88.64477096,55139.0,6023.605786849866,0.7629164654756156,10276,10101,77,0,10024,9943,171020,254,2,0,252,158
2020-11-07,US,Wisconsin,Wood,2348,15,0,44.45537896,-90.04158336,55141.0,3216.482417567364,0.6388415672913118,2333,2273,15,0,2258,2208,73055,75,0,0,75,65
2020-11-07,US,Wyoming,Albany,1855,6,0,41.65498705,-105.72354150000001,56001.0,4771.090534979424,0.32345013477088946,1849,1839,6,0,1833,1693,38601,16,0,0,16,146
2020-11-07,US,Wyoming,Big Horn,302,8,0,44.52405055,-107.9960365,56003.0,2561.492790500424,2.6490066225165565,294,298,8,0,290,278,11881,4,0,0,4,20
2020-11-07,US,Wyoming,Campbell,1519,4,0,44.24886082,-105.54744040000001,56005.0,3277.8748840119983,0.2633311389071758,1515,1500,4,0,1496,1411,46140,19,0,0,19,89
2020-11-07,US,Wyoming,Carbon,380,2,0,41.69357844,-106.9326084,56007.0,2567.5675675675675,0.5263157894736842,378,375,2,0,373,354,14971,5,0,0,5,21
2020-11-07,US,Wyoming,Converse,384,4,0,42.97272268,-105.5081848,56009.0,2778.179713500217,1.0416666666666667,380,383,4,0,379,379,13640,1,0,0,1,4
2020-11-07,US,Wyoming,Crook,161,1,0,44.58855102,-104.56977049999999,56011.0,2122.89029535865,0.6211180124223602,160,160,1,0,159,138,7450,1,0,0,1,22
2020-11-07,US,Wyoming,Fremont,1807,18,0,43.04183996,-108.6296893,56013.0,4602.5317745345255,0.9961261759822913,1789,1785,18,0,1767,1691,39531,22,0,0,22,94
2020-11-07,US,Wyoming,Goshen,247,6,0,42.08798185,-104.3534743,56015.0,1869.654076148664,2.42914979757085,241,241,6,0,235,217,13376,6,0,0,6,24
2020-11-07,US,Wyoming,Hot Springs,60,0,0,43.71930657,-108.44231740000001,56017.0,1359.6193065941534,0.0,60,60,0,0,60,58,4555,0,0,0,0,2
2020-11-07,US,Wyoming,Johnson,145,2,0,44.04057166,-106.58451740000001,56019.0,1716.9923031379515,1.3793103448275863,143,144,2,0,142,142,8460,1,0,0,1,2
2020-11-07,US,Wyoming,Laramie,2287,8,0,41.30702520000001,-104.6887497,56021.0,2298.4924623115576,0.34980323567993005,2279,2249,8,0,2241,2147,98976,38,0,0,38,102
2020-11-07,US,Wyoming,Lincoln,415,3,0,42.26376367,-110.6563997,56023.0,2092.788703983863,0.7228915662650602,412,414,3,0,411,396,19434,1,0,0,1,18
2020-11-07,US,Wyoming,Natrona,2067,12,0,42.96180148,-106.79788500000001,56025.0,2588.3443111522947,0.5805515239477503,2055,2026,12,0,2014,1936,79115,41,0,0,41,90
2020-11-07,US,Wyoming,Niobrara,33,0,0,43.05607708,-104.47588959999999,56027.0,1400.6791171477082,0.0,33,29,0,0,29,26,2388,4,0,0,4,3
2020-11-07,US,Wyoming,Park,911,3,0,44.52157546,-109.58528249999999,56029.0,3120.504213194492,0.32930845225027444,908,900,3,0,897,788,29324,11,0,0,11,112
2020-11-07,US,Wyoming,Platte,204,4,0,42.13299116,-104.96633100000001,56031.0,2430.59692600977,1.96078431372549,200,207,4,0,203,190,8566,-3,0,0,-3,17
2020-11-07,US,Wyoming,Sheridan,959,6,0,44.79048913,-106.8862389,56033.0,3145.809414466131,0.6256517205422315,953,957,6,0,951,899,30233,2,0,0,2,58
2020-11-07,US,Wyoming,Sublette,212,1,0,42.76558279,-109.91309220000001,56035.0,2156.4439019428337,0.4716981132075472,211,211,1,0,210,200,9813,1,0,0,1,11
2020-11-07,US,Wyoming,Sweetwater,692,4,0,41.65943896,-108.8827882,56037.0,1634.272488959214,0.5780346820809249,688,681,4,0,677,658,43051,11,0,0,11,23
2020-11-07,US,Wyoming,Teton,932,2,0,43.93522482,-110.5890801,56039.0,3972.0422775315374,0.2145922746781116,930,922,2,0,920,897,23081,10,0,0,10,25
2020-11-07,US,Wyoming,Uinta,544,3,0,41.2878183,-110.54757820000002,56041.0,2689.6074359734994,0.5514705882352942,541,542,3,0,539,529,20299,2,0,0,2,13
2020-11-07,US,Wyoming,Unassigned,0,9,0,0.0,0.0,90056.0,0.0,0.0,-9,,,,,,,,,,,
2020-11-07,US,Wyoming,Washakie,185,7,0,43.90451606,-107.68018700000002,56043.0,2370.275464445868,3.783783783783784,178,188,7,0,181,179,7885,-3,0,0,-3,9
2020-11-07,US,Wyoming,Weston,296,1,0,43.83961191,-104.56748809999999,56045.0,4273.134112891584,0.33783783783783783,295,294,1,0,293,203,6967,2,0,0,2,91
