Date,Country/Region,Province/State,Admin2,Confirmed,Deaths,Recovered,Latitude,Longitude,FIPS,Active Cases,Previous Confirmed,Previous Deaths,Previous Recovered,Previous Active,Prev2 Confirmed,Population,Daily Confirmed,Daily Deaths,Daily Recovered,Daily Active,Previous Daily Confirmed
2020-04-27,US,Alabama,Autauga,39,3,0,32.53952745,-86.64408227,1001.0,36,37,2,0,35,36,55601,2,1,0,1,1
2020-04-27,US,Alabama,Baldwin,168,3,0,30.72774991,-87.72207058,1003.0,165,161,3,0,158,147,218022,7,0,0,7,14
2020-04-27,US,Alabama,Barbour,35,0,0,31.868263,-85.3871286,1005.0,35,33,0,0,33,32,24881,2,0,0,2,1
2020-04-27,US,Alabama,Bibb,42,0,0,32.99642064,-87.12511459999996,1007.0,42,38,0,0,38,34,22400,4,0,0,4,4
2020-04-27,US,Alabama,Blount,34,0,0,33.98210918,-86.56790593,1009.0,34,34,0,0,34,31,57840,0,0,0,0,3
2020-04-27,US,Alabama,Bullock,12,0,0,32.10030533,-85.71265535,1011.0,12,12,0,0,12,12,10138,0,0,0,0,0
2020-04-27,US,Alabama,Butler,34,1,0,31.75300095,-86.68057478,1013.0,33,32,1,0,31,21,19680,2,0,0,2,11
2020-04-27,US,Alabama,Calhoun,90,3,0,33.77483727,-85.82630386,1015.0,87,91,3,0,88,89,114277,-1,0,0,-1,2
2020-04-27,US,Alabama,Chambers,289,18,0,32.91360079,-85.39072749,1017.0,271,285,18,0,267,282,33615,4,0,0,4,3
2020-04-27,US,Alabama,Cherokee,14,0,0,34.17805983,-85.60638968,1019.0,14,14,0,0,14,12,26032,0,0,0,0,2
2020-04-27,US,Alabama,Chilton,51,1,0,32.85044126,-86.7173256,1021.0,50,51,1,0,50,49,44153,0,0,0,0,2
2020-04-27,US,Alabama,Choctaw,39,0,0,32.02227341,-88.26564429999998,1023.0,39,32,0,0,32,25,12841,7,0,0,7,7
2020-04-27,US,Alabama,Clarke,27,1,0,31.68099859,-87.83548597,1025.0,26,25,1,0,24,24,23920,2,0,0,2,1
2020-04-27,US,Alabama,Clay,19,1,0,33.26984193,-85.85836077,1027.0,18,19,1,0,18,19,13275,0,0,0,0,0
2020-04-27,US,Alabama,Cleburne,12,1,0,33.67679204,-85.52005899,1029.0,11,12,1,0,11,12,14987,0,0,0,0,0
2020-04-27,US,Alabama,Coffee,98,0,0,31.39932826,-85.98901039,1031.0,98,95,0,0,95,87,51909,3,0,0,3,8
2020-04-27,US,Alabama,Colbert,23,2,0,34.69847452,-87.80168544,1033.0,21,23,2,0,21,23,54762,0,0,0,0,0
2020-04-27,US,Alabama,Conecuh,9,0,0,31.43401703,-86.99320044,1035.0,9,9,0,0,9,9,12277,0,0,0,0,0
2020-04-27,US,Alabama,Coosa,30,1,0,32.93690146,-86.24847739,1037.0,29,29,1,0,28,29,10715,1,0,0,1,0
2020-04-27,US,Alabama,Covington,34,1,0,31.247785399999998,-86.45050893,1039.0,33,33,1,0,32,31,36986,1,0,0,1,2
2020-04-27,US,Alabama,Crenshaw,12,0,0,31.72941803,-86.31593104,1041.0,12,11,0,0,11,10,13824,1,0,0,1,1
2020-04-27,US,Alabama,Cullman,52,0,0,34.13020303,-86.86888037,1043.0,52,50,0,0,50,47,83442,2,0,0,2,3
2020-04-27,US,Alabama,Dale,25,0,0,31.43037123,-85.61095742,1045.0,25,25,0,0,25,23,48956,0,0,0,0,2
2020-04-27,US,Alabama,Dallas,37,3,0,32.32688101,-87.10866709999998,1047.0,34,33,2,0,31,32,38310,4,1,0,3,1
2020-04-27,US,Alabama,DeKalb,74,2,0,34.45946862,-85.80782906,1049.0,72,70,2,0,68,61,71385,4,0,0,4,9
2020-04-27,US,Alabama,Elmore,79,1,0,32.59785413,-86.14415284,1051.0,78,79,1,0,78,74,81887,0,0,0,0,5
2020-04-27,US,Alabama,Escambia,26,1,0,31.1256789,-87.15918694,1053.0,25,25,1,0,24,22,36748,1,0,0,1,3
2020-04-27,US,Alabama,Etowah,126,8,0,34.04567266,-86.04051873,1055.0,118,125,8,0,117,121,102501,1,0,0,1,4
2020-04-27,US,Alabama,Fayette,5,0,0,33.72076938,-87.73886638,1057.0,5,5,0,0,5,4,16433,0,0,0,0,1
2020-04-27,US,Alabama,Franklin,43,0,0,34.44235334,-87.84289505,1059.0,43,41,0,0,41,32,31363,2,0,0,2,9
2020-04-27,US,Alabama,Geneva,8,0,0,31.09389027,-85.83572839,1061.0,8,8,0,0,8,6,26314,0,0,0,0,2
2020-04-27,US,Alabama,Greene,46,0,0,32.85504247,-87.95684022,1063.0,46,46,0,0,46,44,8233,0,0,0,0,2
2020-04-27,US,Alabama,Hale,41,2,0,32.76039258,-87.63284988,1065.0,39,41,2,0,39,39,14726,0,0,0,0,2
2020-04-27,US,Alabama,Henry,22,1,0,31.51148016,-85.24267944,1067.0,21,22,1,0,21,22,17209,0,0,0,0,0
2020-04-27,US,Alabama,Houston,79,3,0,31.15197924,-85.29939599,1069.0,76,77,3,0,74,76,104722,2,0,0,2,1
2020-04-27,US,Alabama,Jackson,45,2,0,34.78144169,-85.99750489,1071.0,43,45,2,0,43,45,51736,0,0,0,0,0
2020-04-27,US,Alabama,Jefferson,839,36,0,33.55554728,-86.89506300000002,1073.0,803,839,33,0,806,797,659300,0,3,0,-3,42
2020-04-27,US,Alabama,Lamar,10,0,0,33.77995024,-88.09668032,1075.0,10,10,0,0,10,10,13844,0,0,0,0,0
2020-04-27,US,Alabama,Lauderdale,31,2,0,34.90171875,-87.65624729,1077.0,29,31,2,0,29,25,92387,0,0,0,0,6
2020-04-27,US,Alabama,Lawrence,12,0,0,34.52041498,-87.31069453,1079.0,12,12,0,0,12,12,32957,0,0,0,0,0
2020-04-27,US,Alabama,Lee,368,24,0,32.60154883,-85.35132246,1081.0,344,365,24,0,341,351,163941,3,0,0,3,14
2020-04-27,US,Alabama,Limestone,42,0,0,34.81185586,-86.98310072,1083.0,42,41,0,0,41,41,96174,1,0,0,1,0
2020-04-27,US,Alabama,Lowndes,39,1,0,32.1597283,-86.65158371,1085.0,38,38,1,0,37,36,9974,1,0,0,1,2
2020-04-27,US,Alabama,Macon,34,2,0,32.38759944,-85.69267724,1087.0,32,34,2,0,32,29,18439,0,0,0,0,5
2020-04-27,US,Alabama,Madison,214,4,0,34.76327133,-86.55069633,1089.0,210,211,4,0,207,202,366519,3,0,0,3,9
2020-04-27,US,Alabama,Marengo,43,3,0,32.24767634,-87.78796182,1091.0,40,41,3,0,38,39,19066,2,0,0,2,2
2020-04-27,US,Alabama,Marion,75,6,0,34.13697363,-87.88704173,1093.0,69,74,5,0,69,69,29763,1,1,0,0,5
2020-04-27,US,Alabama,Marshall,310,5,0,34.36975964,-86.30486727,1095.0,305,307,5,0,302,267,96109,3,0,0,3,40
2020-04-27,US,Alabama,Mobile,942,43,0,30.78472347,-88.20842409,1097.0,899,917,41,0,876,845,413757,25,2,0,23,72
2020-04-27,US,Alabama,Monroe,11,1,0,31.56729412,-87.36995001,1099.0,10,12,1,0,11,11,21067,-1,0,0,-1,1
2020-04-27,US,Alabama,Montgomery,292,5,0,32.2206831,-86.20969272,1101.0,287,289,4,0,285,274,225763,3,1,0,2,15
2020-04-27,US,Alabama,Morgan,65,0,0,34.45500589,-86.85475946,1103.0,65,64,0,0,64,55,119089,1,0,0,1,9
2020-04-27,US,Alabama,Perry,9,0,0,32.64048341,-87.29770589,1105.0,9,9,0,0,9,9,9140,0,0,0,0,0
2020-04-27,US,Alabama,Pickens,47,1,0,33.28094866,-88.08818103,1107.0,46,48,1,0,47,45,19938,-1,0,0,-1,3
2020-04-27,US,Alabama,Pike,65,0,0,31.80396383,-85.9408295,1109.0,65,62,0,0,62,58,33338,3,0,0,3,4
2020-04-27,US,Alabama,Randolph,61,4,0,33.29526734,-85.45708831,1111.0,57,60,4,0,56,60,22725,1,0,0,1,0
2020-04-27,US,Alabama,Russell,53,0,0,32.28725256,-85.18415324,1113.0,53,53,0,0,53,53,57781,0,0,0,0,0
2020-04-27,US,Alabama,Shelby,318,9,0,33.26879845,-86.66232561,1117.0,309,311,9,0,302,294,215707,7,0,0,7,17
2020-04-27,US,Alabama,St. Clair,68,0,0,33.71902176,-86.31029372,1115.0,68,64,0,0,64,63,88690,4,0,0,4,1
2020-04-27,US,Alabama,Sumter,55,2,0,32.59117397,-88.19916205,1119.0,53,53,2,0,51,51,12691,2,0,0,2,2
2020-04-27,US,Alabama,Talladega,58,2,0,33.37823223,-86.16886178,1121.0,56,57,2,0,55,54,79828,1,0,0,1,3
2020-04-27,US,Alabama,Tallapoosa,275,17,0,32.86698258,-85.79833053,1123.0,258,274,17,0,257,261,40497,1,0,0,1,13
2020-04-27,US,Alabama,Tuscaloosa,195,0,0,33.28726072,-87.52556818,1125.0,195,192,0,0,192,182,208911,3,0,0,3,10
2020-04-27,US,Alabama,Walker,93,0,0,33.80270512,-87.30027177,1127.0,93,92,0,0,92,89,63711,1,0,0,1,3
2020-04-27,US,Alabama,Washington,27,1,0,31.4092794,-88.20689944,1129.0,26,26,1,0,25,19,16378,1,0,0,1,7
2020-04-27,US,Alabama,Wilcox,58,1,0,31.98773215,-87.30891118,1131.0,57,56,1,0,55,53,10627,2,0,0,2,3
2020-04-27,US,Alabama,Winston,11,0,0,34.15030532,-87.37325922,1133.0,11,11,0,0,11,10,23660,0,0,0,0,1
2020-04-27,US,Alaska,Anchorage,171,4,0,61.14998174,-149.14269860000005,2020.0,167,168,4,0,164,168,291538,3,0,0,3,0
2020-04-27,US,Alaska,Bethel,1,0,0,60.90980451,-159.8561831,2050.0,1,1,0,0,1,1,18216,0,0,0,0,0
2020-04-27,US,Alaska,Fairbanks North Star,80,1,0,64.80726247,-146.5692662,2090.0,79,80,1,0,79,79,98971,0,0,0,0,1
2020-04-27,US,Alaska,Juneau,27,0,0,58.45031811,-134.200436,2110.0,27,27,0,0,27,27,32113,0,0,0,0,0
2020-04-27,US,Alaska,Kenai Peninsula,19,0,0,60.24429722,-151.53888840000005,2122.0,19,19,0,0,19,19,58533,0,0,0,0,0
2020-04-27,US,Alaska,Ketchikan Gateway,16,0,0,55.57445008,-130.975561,2130.0,16,16,0,0,16,16,13918,0,0,0,0,0
2020-04-27,US,Alaska,Kodiak Island,1,0,0,57.65529415,-153.7493579,2150.0,1,1,0,0,1,1,13345,0,0,0,0,0
2020-04-27,US,Alaska,Matanuska-Susitna,21,0,0,62.31305045,-149.5741743,2170.0,21,20,0,0,20,20,107610,1,0,0,1,0
2020-04-27,US,Alaska,Nome,1,0,0,64.90320724,-164.0353804,2180.0,1,1,0,0,1,1,10008,0,0,0,0,0
2020-04-27,US,Alaska,Petersburg,3,0,0,57.13978948,-132.9540995,2195.0,3,3,0,0,3,3,3221,0,0,0,0,0
2020-04-27,US,Alaska,Prince of Wales-Hyder,2,0,0,55.76261984,-133.0511621,2198.0,2,2,0,0,2,2,6422,0,0,0,0,0
2020-04-27,US,Alaska,Sitka,1,0,0,57.24124555,-135.3206587,2220.0,1,,,,,,8647,,,,,
2020-04-27,US,Alaska,Southeast Fairbanks,1,0,0,63.87692095,-143.2127643,2240.0,1,1,0,0,1,1,6918,0,0,0,0,0
2020-04-27,US,Alaska,Unassigned,0,4,0,0.0,0.0,90002.0,-4,0,4,0,-4,0,,0,0,0,0,0
2020-04-27,US,Alaska,Yukon-Koyukuk,1,0,0,65.50815459,-151.39073869999999,2290.0,1,1,0,0,1,1,5327,0,0,0,0,0
2020-04-27,US,Arizona,Apache,362,5,0,35.39465006,-109.4892383,4001.0,357,336,5,0,331,314,71818,26,0,0,26,22
2020-04-27,US,Arizona,Cochise,36,0,0,31.87934684,-109.7516088,4003.0,36,36,0,0,36,36,126770,0,0,0,0,0
2020-04-27,US,Arizona,Coconino,425,38,0,35.83883429,-111.77071780000001,4005.0,387,420,38,0,382,402,142854,5,0,0,5,18
2020-04-27,US,Arizona,Gila,11,0,0,33.80190085,-110.8132779,4007.0,11,11,0,0,11,11,53889,0,0,0,0,0
2020-04-27,US,Arizona,Graham,9,0,0,32.93166885,-109.8882178,4009.0,9,7,0,0,7,6,38072,2,0,0,2,1
2020-04-27,US,Arizona,Greenlee,2,0,0,33.21498827,-109.2405279,4011.0,2,2,0,0,2,2,9483,0,0,0,0,0
2020-04-27,US,Arizona,La Paz,7,1,0,33.72854224,-113.98100290000001,4012.0,6,7,1,0,6,7,21098,0,0,0,0,0
2020-04-27,US,Arizona,Maricopa,3457,122,0,33.34835867,-112.49181540000001,4013.0,3335,3359,122,0,3237,3234,4410824,98,0,0,98,125
2020-04-27,US,Arizona,Mohave,96,4,0,35.70471703,-113.7577902,4015.0,92,88,4,0,84,81,209550,8,0,0,8,7
2020-04-27,US,Arizona,Navajo,628,18,0,35.3997715,-110.3218983,4017.0,610,625,18,0,607,612,110445,3,0,0,3,13
2020-04-27,US,Arizona,Pima,1164,76,0,32.0971334,-111.7890033,4019.0,1088,1136,76,0,1060,1090,1039073,28,0,0,28,46
2020-04-27,US,Arizona,Pinal,359,9,0,32.90525627,-111.3449483,4021.0,350,342,9,0,333,332,447138,17,0,0,17,10
2020-04-27,US,Arizona,Santa Cruz,30,0,0,31.52508998,-110.8479088,4023.0,30,30,0,0,30,30,46511,0,0,0,0,0
2020-04-27,US,Arizona,Yavapai,77,1,0,34.59933926,-112.5538588,4025.0,76,76,1,0,75,76,231993,1,0,0,1,0
2020-04-27,US,Arizona,Yuma,62,1,0,32.76895712,-113.90666740000002,4027.0,61,59,1,0,58,53,212128,3,0,0,3,6
2020-04-27,US,Arkansas,Arkansas,2,0,0,34.29145151,-91.37277296,5001.0,2,2,0,0,2,2,17769,0,0,0,0,0
2020-04-27,US,Arkansas,Ashley,13,0,0,33.19153461,-91.76984709999999,5003.0,13,13,0,0,13,13,20046,0,0,0,0,0
2020-04-27,US,Arkansas,Baxter,5,0,0,36.28784385,-92.33782872,5005.0,5,5,0,0,5,5,41619,0,0,0,0,0
2020-04-27,US,Arkansas,Benton,94,0,0,36.33644656,-94.25680817,5007.0,94,93,0,0,93,79,272608,1,0,0,1,14
2020-04-27,US,Arkansas,Boone,5,0,0,36.3084504,-93.09374925,5009.0,5,5,0,0,5,4,37480,0,0,0,0,1
2020-04-27,US,Arkansas,Bradley,8,1,0,33.46755808,-92.15980837,5011.0,7,8,1,0,7,7,10897,0,0,0,0,1
2020-04-27,US,Arkansas,Carroll,4,0,0,36.34038560000001,-93.54270261,5015.0,4,4,0,0,4,4,28223,0,0,0,0,0
2020-04-27,US,Arkansas,Chicot,9,0,0,33.26458973,-91.29539209,5017.0,9,9,0,0,9,8,10438,0,0,0,0,1
2020-04-27,US,Arkansas,Clark,27,0,0,34.04613432,-93.17484713,5019.0,27,28,0,0,28,29,22061,-1,0,0,-1,-1
2020-04-27,US,Arkansas,Clay,2,0,0,36.36826212,-90.4148172,5021.0,2,2,0,0,2,2,14847,0,0,0,0,0
2020-04-27,US,Arkansas,Cleburne,72,4,0,35.53864922,-92.02640019,5023.0,68,72,4,0,68,72,24965,0,0,0,0,0
2020-04-27,US,Arkansas,Cleveland,10,0,0,33.89723187,-92.18537045,5025.0,10,10,0,0,10,9,8018,0,0,0,0,1
2020-04-27,US,Arkansas,Columbia,9,0,0,33.21230701,-93.22642793,5027.0,9,6,0,0,6,6,23537,3,0,0,3,0
2020-04-27,US,Arkansas,Conway,12,1,0,35.26205537,-92.70506566,5029.0,11,11,1,0,10,10,20891,1,0,0,1,1
2020-04-27,US,Arkansas,Craighead,68,0,0,35.83018283,-90.63235729,5031.0,68,62,1,0,61,62,108558,6,-1,0,7,0
2020-04-27,US,Arkansas,Crawford,4,0,0,35.58928601,-94.2446814,5033.0,4,4,0,0,4,4,63406,0,0,0,0,0
2020-04-27,US,Arkansas,Crittenden,174,5,0,35.21247318,-90.30839406,5035.0,169,171,5,0,166,169,48342,3,0,0,3,2
2020-04-27,US,Arkansas,Cross,16,0,0,35.29631396,-90.77185818,5037.0,16,16,0,0,16,11,16676,0,0,0,0,5
2020-04-27,US,Arkansas,Dallas,1,0,0,33.97042763,-92.65167437,5039.0,1,1,0,0,1,1,7182,0,0,0,0,0
2020-04-27,US,Arkansas,Desha,16,0,0,33.83011025,-91.25500948,5041.0,16,16,0,0,16,16,11512,0,0,0,0,0
2020-04-27,US,Arkansas,Drew,13,1,0,33.59035001,-91.71777921,5043.0,12,13,1,0,12,13,18328,0,0,0,0,0
2020-04-27,US,Arkansas,Faulkner,75,2,0,35.14719007,-92.33717519,5045.0,73,73,2,0,71,70,124806,2,0,0,2,3
2020-04-27,US,Arkansas,Franklin,2,0,0,35.51202821,-93.89299569,5047.0,2,1,0,0,1,1,17810,1,0,0,1,0
2020-04-27,US,Arkansas,Fulton,1,0,0,36.38177105,-91.81729127,5049.0,1,1,0,0,1,1,12269,0,0,0,0,0
2020-04-27,US,Arkansas,Garland,114,0,0,34.57692074,-93.14921604,5051.0,114,111,0,0,111,111,99154,3,0,0,3,0
2020-04-27,US,Arkansas,Grant,12,0,0,34.29017991,-92.42320562,5053.0,12,11,0,0,11,11,18188,1,0,0,1,0
2020-04-27,US,Arkansas,Greene,16,0,0,36.11735460000001,-90.55832668,5055.0,16,16,0,0,16,14,45325,0,0,0,0,2
2020-04-27,US,Arkansas,Hempstead,5,1,0,33.73325583,-93.66935133,5057.0,4,5,1,0,4,5,21741,0,0,0,0,0
2020-04-27,US,Arkansas,Hot Spring,10,0,0,34.31709259,-92.95396325,5059.0,10,10,0,0,10,9,33701,0,0,0,0,1
2020-04-27,US,Arkansas,Howard,13,0,0,34.09007427,-93.9934871,5061.0,13,13,0,0,13,13,13341,0,0,0,0,0
2020-04-27,US,Arkansas,Independence,9,0,0,35.74242707,-91.57001641,5063.0,9,9,0,0,9,9,37678,0,0,0,0,0
2020-04-27,US,Arkansas,Izard,5,0,0,36.09604046,-91.90847954,5065.0,5,5,0,0,5,3,13593,0,0,0,0,2
2020-04-27,US,Arkansas,Jackson,1,0,0,35.59802983,-91.21494602,5067.0,1,1,0,0,1,1,16811,0,0,0,0,0
2020-04-27,US,Arkansas,Jefferson,160,9,0,34.26767081,-91.92619839,5069.0,151,153,9,0,144,149,68114,7,0,0,7,4
2020-04-27,US,Arkansas,Johnson,30,0,0,35.56759135,-93.46036368,5071.0,30,29,0,0,29,26,26742,1,0,0,1,3
2020-04-27,US,Arkansas,Lafayette,7,1,0,33.24116713,-93.60677071,5073.0,6,6,1,0,5,6,6682,1,0,0,1,0
2020-04-27,US,Arkansas,Lawrence,43,1,0,36.04188196,-91.10867198,5075.0,42,42,1,0,41,41,16434,1,0,0,1,1
2020-04-27,US,Arkansas,Lee,3,1,0,34.78498904,-90.78383866,5077.0,2,3,1,0,2,3,8985,0,0,0,0,0
2020-04-27,US,Arkansas,Lincoln,754,0,0,33.95317155,-91.74002806,5079.0,754,727,0,0,727,721,13383,27,0,0,27,6
2020-04-27,US,Arkansas,Logan,3,0,0,35.21413234,-93.71951016,5083.0,3,3,0,0,3,3,21737,0,0,0,0,0
2020-04-27,US,Arkansas,Lonoke,39,0,0,34.75392199,-91.88742357,5085.0,39,38,0,0,38,33,73657,1,0,0,1,5
2020-04-27,US,Arkansas,Madison,1,0,0,36.01038185,-93.72524943,5087.0,1,1,0,0,1,1,16481,0,0,0,0,0
2020-04-27,US,Arkansas,Marion,1,0,0,36.26844485,-92.68451899,5089.0,1,1,0,0,1,1,16722,0,0,0,0,0
2020-04-27,US,Arkansas,Miller,33,1,0,33.31403423,-93.89285258,5091.0,32,32,1,0,31,32,43592,1,0,0,1,0
2020-04-27,US,Arkansas,Mississippi,13,0,0,35.76271485,-90.05194370000002,5093.0,13,11,0,0,11,11,41239,2,0,0,2,0
2020-04-27,US,Arkansas,Monroe,4,0,0,34.6815935,-91.20540287,5095.0,4,4,0,0,4,4,6900,0,0,0,0,0
2020-04-27,US,Arkansas,Nevada,1,0,0,33.66340119,-93.30632432,5099.0,1,1,0,0,1,1,8326,0,0,0,0,0
2020-04-27,US,Arkansas,Newton,3,0,0,35.91947491,-93.21612969,5101.0,3,3,0,0,3,3,7805,0,0,0,0,0
2020-04-27,US,Arkansas,Ouachita,6,0,0,33.58839816,-92.87795984,5103.0,6,5,0,0,5,5,23606,1,0,0,1,0
2020-04-27,US,Arkansas,Perry,6,0,0,34.945915299999996,-92.94372564,5105.0,6,6,0,0,6,6,10352,0,0,0,0,0
2020-04-27,US,Arkansas,Phillips,5,1,0,34.43268455,-90.84800154,5107.0,4,4,1,0,3,4,18029,1,0,0,1,0
2020-04-27,US,Arkansas,Pike,3,0,0,34.16250414,-93.65789349,5109.0,3,3,0,0,3,3,10673,0,0,0,0,0
2020-04-27,US,Arkansas,Poinsett,18,0,0,35.57433534,-90.66268713,5111.0,18,16,0,0,16,14,23974,2,0,0,2,2
2020-04-27,US,Arkansas,Polk,8,0,0,34.48254879,-94.22728802,5113.0,8,7,0,0,7,7,20049,1,0,0,1,0
2020-04-27,US,Arkansas,Pope,42,0,0,35.44871474,-93.03212219,5115.0,42,41,0,0,41,37,64000,1,0,0,1,4
2020-04-27,US,Arkansas,Prairie,2,0,0,34.83624419,-91.55162157,5117.0,2,2,0,0,2,2,8074,0,0,0,0,0
2020-04-27,US,Arkansas,Pulaski,484,15,0,34.77054088,-92.31355101,5119.0,469,478,14,0,464,471,392680,6,1,0,5,7
2020-04-27,US,Arkansas,Randolph,16,0,0,36.3415714,-91.02455531,5121.0,16,16,0,0,16,15,17948,0,0,0,0,1
2020-04-27,US,Arkansas,Saline,56,1,0,34.64916145,-92.67583224,5125.0,55,55,1,0,54,54,121421,1,0,0,1,1
2020-04-27,US,Arkansas,Scott,1,0,0,34.85588887,-94.0632176,5127.0,1,1,0,0,1,1,10319,0,0,0,0,0
2020-04-27,US,Arkansas,Searcy,6,0,0,35.9109364,-92.69936482,5129.0,6,6,0,0,6,6,7958,0,0,0,0,0
2020-04-27,US,Arkansas,Sebastian,12,0,0,35.19605503,-94.27162713,5131.0,12,12,0,0,12,12,127753,0,0,0,0,0
2020-04-27,US,Arkansas,Sevier,11,0,0,33.99780401,-94.2424869,5133.0,11,11,0,0,11,11,17139,0,0,0,0,0
2020-04-27,US,Arkansas,Sharp,3,0,0,36.16258158,-91.47819342,5135.0,3,2,0,0,2,2,17366,1,0,0,1,0
2020-04-27,US,Arkansas,St. Francis,81,0,0,35.02201976,-90.74828138,5123.0,81,80,0,0,80,75,25439,1,0,0,1,5
2020-04-27,US,Arkansas,Stone,7,0,0,35.86251946,-92.15684085,5137.0,7,7,0,0,7,7,12457,0,0,0,0,0
2020-04-27,US,Arkansas,Unassigned,203,0,0,0.0,0.0,90005.0,203,216,0,0,216,202,,-13,0,0,-13,14
2020-04-27,US,Arkansas,Union,38,0,0,33.16887091,-92.59746952,5139.0,38,33,0,0,33,32,39126,5,0,0,5,1
2020-04-27,US,Arkansas,Van Buren,27,2,0,35.58095779,-92.51295036,5141.0,25,27,2,0,25,27,16603,0,0,0,0,0
2020-04-27,US,Arkansas,Washington,77,3,0,35.976844,-94.21800746,5143.0,74,77,3,0,74,74,236961,0,0,0,0,3
2020-04-27,US,Arkansas,White,31,1,0,35.25688493,-91.74908296,5145.0,30,31,1,0,30,31,78727,0,0,0,0,0
2020-04-27,US,Arkansas,Woodruff,1,0,0,35.18902527,-91.2439489,5147.0,1,1,0,0,1,1,6490,0,0,0,0,0
2020-04-27,US,Arkansas,Yell,3,0,0,35.00292371,-93.41171338,5149.0,3,3,0,0,3,3,21535,0,0,0,0,0
2020-04-27,US,California,Alameda,1500,52,0,37.64629437,-121.8929271,6001.0,1448,1470,52,0,1418,1439,1666753,30,0,0,30,31
2020-04-27,US,California,Alpine,2,0,0,38.59678594,-119.82235940000001,6003.0,2,2,0,0,2,2,1101,0,0,0,0,0
2020-04-27,US,California,Amador,8,0,0,38.44583082,-120.65696000000001,6005.0,8,8,0,0,8,8,39383,0,0,0,0,0
2020-04-27,US,California,Butte,16,0,0,39.66727762,-121.6005252,6007.0,16,16,0,0,16,16,231256,0,0,0,0,0
2020-04-27,US,California,Calaveras,13,0,0,38.20537103,-120.55291299999999,6009.0,13,13,0,0,13,13,45602,0,0,0,0,0
2020-04-27,US,California,Colusa,3,0,0,39.17881957,-122.2331726,6011.0,3,3,0,0,3,3,21627,0,0,0,0,0
2020-04-27,US,California,Contra Costa,820,25,0,37.91923498,-121.9289527,6013.0,795,817,29,0,788,805,1150215,3,-4,0,7,12
2020-04-27,US,California,Del Norte,3,0,0,41.74228275,-123.89740630000001,6015.0,3,3,0,0,3,2,27828,0,0,0,0,1
2020-04-27,US,California,El Dorado,42,0,0,38.77965956,-120.5233166,6017.0,42,42,0,0,42,42,190678,0,0,0,0,0
2020-04-27,US,California,Fresno,458,7,0,36.75733899,-119.6466953,6019.0,451,458,7,0,451,443,994400,0,0,0,0,15
2020-04-27,US,California,Glenn,5,0,0,39.59875897,-122.3938452,6021.0,5,5,0,0,5,5,28047,0,0,0,0,0
2020-04-27,US,California,Humboldt,53,0,0,40.69923009,-123.876044,6023.0,53,53,0,0,53,53,136373,0,0,0,0,0
2020-04-27,US,California,Imperial,281,8,0,33.0393082,-115.36690420000001,6025.0,273,251,8,0,243,251,181827,30,0,0,30,0
2020-04-27,US,California,Inyo,19,1,0,36.51112084,-117.41119779999998,6027.0,18,19,1,0,18,19,17987,0,0,0,0,0
2020-04-27,US,California,Kern,828,5,0,35.34329425,-118.72777959999999,6029.0,823,809,4,0,805,755,896764,19,1,0,18,54
2020-04-27,US,California,Kings,67,1,0,36.07409056,-119.8159973,6031.0,66,52,1,0,51,47,151366,15,0,0,15,5
2020-04-27,US,California,Lake,6,0,0,39.10124298,-122.75362439999999,6033.0,6,6,0,0,6,6,64382,0,0,0,0,0
2020-04-27,US,California,Los Angeles,20423,944,0,34.30828379,-118.22824109999999,6037.0,19479,19567,916,0,18651,19133,10105518,856,28,0,828,434
2020-04-27,US,California,Madera,41,2,0,37.21513971,-119.76655890000002,6039.0,39,40,2,0,38,39,157672,1,0,0,1,1
2020-04-27,US,California,Marin,224,12,0,38.07122463,-122.72106310000001,6041.0,212,223,12,0,211,212,259666,1,0,0,1,11
2020-04-27,US,California,Mendocino,11,0,0,39.4381191,-123.39113130000001,6045.0,11,11,0,0,11,11,87606,0,0,0,0,0
2020-04-27,US,California,Merced,108,3,0,37.18922369,-120.72090349999999,6047.0,105,103,3,0,100,102,274765,5,0,0,5,1
2020-04-27,US,California,Mono,24,1,0,37.93899289,-118.8872409,6051.0,23,24,1,0,23,24,14250,0,0,0,0,0
2020-04-27,US,California,Monterey,183,4,0,36.21862405,-121.24133970000001,6053.0,179,183,4,0,179,169,435594,0,0,0,0,14
2020-04-27,US,California,Napa,64,2,0,38.50735751,-122.33283899999999,6055.0,62,60,2,0,58,60,139417,4,0,0,4,0
2020-04-27,US,California,Nevada,37,1,0,39.30394768,-120.76272809999999,6057.0,36,37,1,0,36,37,99696,0,0,0,0,0
2020-04-27,US,California,Orange,2126,39,0,33.70147516,-117.76459979999998,6059.0,2087,2074,39,0,2035,1969,3185968,52,0,0,52,105
2020-04-27,US,California,Placer,143,8,0,39.06167234,-120.72405690000001,6061.0,135,141,8,0,133,139,393149,2,0,0,2,2
2020-04-27,US,California,Plumas,4,0,0,40.00355989,-120.8395236,6063.0,4,4,0,0,4,4,18804,0,0,0,0,0
2020-04-27,US,California,Riverside,3643,141,0,33.74314981,-115.9933578,6065.0,3502,3563,118,0,3445,3315,2450758,80,23,0,57,248
2020-04-27,US,California,Sacramento,1045,41,0,38.45106826,-121.34253740000001,6067.0,1004,1037,41,0,996,1019,1540975,8,0,0,8,18
2020-04-27,US,California,San Benito,47,2,0,36.60308176,-121.069975,6069.0,45,47,2,0,45,47,61537,0,0,0,0,0
2020-04-27,US,California,San Bernardino,1772,82,0,34.84060306,-116.1774685,6071.0,1690,1732,82,0,1650,1666,2171603,40,0,0,40,66
2020-04-27,US,California,San Diego,3043,111,0,33.03484597,-116.73653259999999,6073.0,2932,2943,111,0,2832,2943,3343364,100,0,0,100,0
2020-04-27,US,California,San Francisco,1424,23,0,37.75215114,-122.43856720000001,6075.0,1401,1408,22,0,1386,1354,883305,16,1,0,15,54
2020-04-27,US,California,San Joaquin,528,25,0,37.93433732,-121.2730061,6077.0,503,512,25,0,487,505,752660,16,0,0,16,7
2020-04-27,US,California,San Luis Obispo,169,1,0,35.38822029,-120.4039028,6079.0,168,166,1,0,165,165,284010,3,0,0,3,1
2020-04-27,US,California,San Mateo,1080,41,0,37.422880799999994,-122.32755459999998,6081.0,1039,1019,41,0,978,1019,769545,61,0,0,61,0
2020-04-27,US,California,Santa Barbara,471,7,0,34.65329488,-120.0188492,6083.0,464,469,7,0,462,469,446527,2,0,0,2,0
2020-04-27,US,California,Santa Clara,2105,103,0,37.23104908,-121.6970462,6085.0,2002,2084,100,0,1984,2040,1937570,21,3,0,18,44
2020-04-27,US,California,Santa Cruz,124,2,0,37.05580291,-122.0066524,6087.0,122,120,2,0,118,115,274255,4,0,0,4,5
2020-04-27,US,California,Shasta,30,4,0,40.76391419,-122.0396884,6089.0,26,30,4,0,26,30,180040,0,0,0,0,0
2020-04-27,US,California,Siskiyou,5,0,0,41.59198861,-122.54074340000001,6093.0,5,5,0,0,5,5,43724,0,0,0,0,0
2020-04-27,US,California,Solano,199,4,0,38.26827353,-121.9357113,6095.0,195,199,4,0,195,199,446610,0,0,0,0,0
2020-04-27,US,California,Sonoma,220,2,0,38.52746429,-122.88625060000001,6097.0,218,218,2,0,216,217,499942,2,0,0,2,1
2020-04-27,US,California,Stanislaus,294,5,0,37.55862499,-120.9970722,6099.0,289,286,5,0,281,264,549815,8,0,0,8,22
2020-04-27,US,California,Sutter,45,3,0,39.03417539,-121.6945899,6101.0,42,45,3,0,42,44,96807,0,0,0,0,1
2020-04-27,US,California,Tehama,1,1,0,40.12570935,-122.23701709999999,6103.0,0,1,1,0,0,1,63916,0,0,0,0,0
2020-04-27,US,California,Tulare,532,32,0,36.22026558,-118.8020203,6107.0,500,504,32,0,472,491,465861,28,0,0,28,13
2020-04-27,US,California,Tuolumne,3,0,0,38.02644018,-119.95250929999999,6109.0,3,3,0,0,3,3,54539,0,0,0,0,0
2020-04-27,US,California,Unassigned,0,2,0,0.0,0.0,90006.0,-2,0,2,0,-2,0,,0,0,0,0,0
2020-04-27,US,California,Ventura,497,17,0,34.44465746,-119.09106129999999,6111.0,480,496,16,0,480,476,850967,1,1,0,0,20
2020-04-27,US,California,Yolo,161,14,0,38.68278902,-121.90182879999999,6113.0,147,161,13,0,148,157,220408,0,1,0,-1,4
2020-04-27,US,California,Yuba,16,1,0,39.26255932,-121.35356440000001,6115.0,15,16,1,0,15,16,78041,0,0,0,0,0
2020-04-27,US,Colorado,Adams,1391,60,0,39.87432092,-104.3362578,8001.0,1331,1348,58,0,1290,1302,511868,43,2,0,41,46
2020-04-27,US,Colorado,Alamosa,10,2,0,37.57250606,-105.7885451,8003.0,8,10,2,0,8,10,16683,0,0,0,0,0
2020-04-27,US,Colorado,Arapahoe,2252,130,0,39.64977461,-104.3353617,8005.0,2122,2160,127,0,2033,2083,651215,92,3,0,89,77
2020-04-27,US,Colorado,Archuleta,8,0,0,37.19474156,-107.04768670000001,8007.0,8,8,0,0,8,8,13765,0,0,0,0,0
2020-04-27,US,Colorado,Baca,10,0,0,37.31940883,-102.5603223,8009.0,10,10,0,0,10,10,3585,0,0,0,0,0
2020-04-27,US,Colorado,Boulder,515,33,0,40.09313619,-105.3546767,8013.0,482,500,30,0,470,497,326078,15,3,0,12,3
2020-04-27,US,Colorado,Broomfield,141,5,0,39.95998787,-105.0566324,8014.0,136,139,5,0,134,135,69267,2,0,0,2,4
2020-04-27,US,Colorado,Chaffee,66,12,0,38.74745778,-106.19265729999998,8015.0,54,66,13,0,53,66,20027,0,-1,0,1,0
2020-04-27,US,Colorado,Clear Creek,13,1,0,39.68864463,-105.6463118,8019.0,12,13,1,0,12,13,9605,0,0,0,0,0
2020-04-27,US,Colorado,Costilla,3,0,0,37.27732493,-105.4276548,8023.0,3,3,0,0,3,3,3828,0,0,0,0,0
2020-04-27,US,Colorado,Crowley,2,1,0,38.32608609,-103.7844965,8025.0,1,2,1,0,1,2,5858,0,0,0,0,0
2020-04-27,US,Colorado,Custer,2,0,0,38.10883162,-105.3683478,8027.0,2,2,0,0,2,2,4954,0,0,0,0,0
2020-04-27,US,Colorado,Delta,33,1,0,38.86246243,-107.86313419999999,8029.0,32,27,1,0,26,26,30953,6,0,0,6,1
2020-04-27,US,Colorado,Denver,2682,135,0,39.76018276,-104.87256950000001,8031.0,2547,2583,132,0,2451,2487,716492,99,3,0,96,96
2020-04-27,US,Colorado,Douglas,449,19,0,39.33133796,-104.930001,8035.0,430,439,19,0,420,425,342776,10,0,0,10,14
2020-04-27,US,Colorado,Eagle,535,7,0,39.62754308,-106.6933637,8037.0,528,533,7,0,526,512,54993,2,0,0,2,21
2020-04-27,US,Colorado,El Paso,879,68,0,38.83240149,-104.5251411,8041.0,811,867,72,0,795,862,713856,12,-4,0,16,5
2020-04-27,US,Colorado,Elbert,27,1,0,39.28656773,-104.13587209999999,8039.0,26,27,1,0,26,27,26282,0,0,0,0,0
2020-04-27,US,Colorado,Fremont,22,0,0,38.47362326,-105.43996670000001,8043.0,22,22,0,0,22,20,48021,0,0,0,0,2
2020-04-27,US,Colorado,Garfield,88,2,0,39.59921777,-107.902708,8045.0,86,87,2,0,85,83,59770,1,0,0,1,4
2020-04-27,US,Colorado,Gilpin,1,0,0,39.85646523,-105.5252597,8047.0,1,1,0,0,1,1,6121,0,0,0,0,0
2020-04-27,US,Colorado,Grand,5,0,0,40.10603347,-106.11780420000001,8049.0,5,5,0,0,5,5,15525,0,0,0,0,0
2020-04-27,US,Colorado,Gunnison,158,4,0,38.66611652,-107.0320729,8051.0,154,158,4,0,154,151,17246,0,0,0,0,7
2020-04-27,US,Colorado,Hinsdale,3,0,0,37.82247444,-107.3004345,8053.0,3,3,0,0,3,3,811,0,0,0,0,0
2020-04-27,US,Colorado,Huerfano,2,0,0,37.68473101,-104.9612585,8055.0,2,2,0,0,2,2,6889,0,0,0,0,0
2020-04-27,US,Colorado,Jefferson,1276,65,0,39.58635604,-105.2517692,8059.0,1211,1265,61,0,1204,1236,580233,11,4,0,7,29
2020-04-27,US,Colorado,Kit Carson,20,2,0,39.30497777,-102.60221990000001,8063.0,18,20,2,0,18,19,7163,0,0,0,0,1
2020-04-27,US,Colorado,La Plata,59,0,0,37.28632032,-107.8429014,8067.0,59,59,0,0,59,59,56310,0,0,0,0,0
2020-04-27,US,Colorado,Lake,17,0,0,39.20278823,-106.35556969999999,8065.0,17,17,0,0,17,16,7824,0,0,0,0,1
2020-04-27,US,Colorado,Larimer,321,19,0,40.66671597,-105.4625784,8069.0,302,312,18,0,294,303,350518,9,1,0,8,9
2020-04-27,US,Colorado,Las Animas,3,0,0,37.3153406,-104.03764579999999,8071.0,3,3,0,0,3,3,14503,0,0,0,0,0
2020-04-27,US,Colorado,Lincoln,3,0,0,38.98749519,-103.51366490000001,8073.0,3,4,0,0,4,4,5610,-1,0,0,-1,0
2020-04-27,US,Colorado,Logan,259,1,0,40.7249637,-103.110817,8075.0,258,248,1,0,247,213,21528,11,0,0,11,35
2020-04-27,US,Colorado,Mesa,40,0,0,39.01787888,-108.469799,8077.0,40,38,0,0,38,38,153207,2,0,0,2,0
2020-04-27,US,Colorado,Mineral,2,0,0,37.66954283,-106.92816979999999,8079.0,2,2,0,0,2,2,776,0,0,0,0,0
2020-04-27,US,Colorado,Moffat,6,0,0,40.61810999,-108.2070876,8081.0,6,6,0,0,6,6,13188,0,0,0,0,0
2020-04-27,US,Colorado,Montezuma,15,2,0,37.33859579,-108.59588570000001,8083.0,13,15,2,0,13,15,26158,0,0,0,0,0
2020-04-27,US,Colorado,Montrose,92,10,0,38.40214114,-108.26390220000002,8085.0,82,90,9,0,81,87,42214,2,1,0,1,3
2020-04-27,US,Colorado,Morgan,298,15,0,40.26279810000001,-103.8093302,8087.0,283,259,13,0,246,249,28558,39,2,0,37,10
2020-04-27,US,Colorado,Otero,8,1,0,37.9014485,-103.7173385,8089.0,7,8,1,0,7,8,18432,0,0,0,0,0
2020-04-27,US,Colorado,Ouray,5,1,0,38.14717457,-107.7675136,8091.0,4,5,1,0,4,5,4833,0,0,0,0,0
2020-04-27,US,Colorado,Out of CO,0,2,0,0.0,0.0,80008.0,-2,0,2,0,-2,0,,0,0,0,0,0
2020-04-27,US,Colorado,Park,7,0,0,39.120926000000004,-105.7182065,8093.0,7,7,0,0,7,7,18556,0,0,0,0,0
2020-04-27,US,Colorado,Phillips,6,0,0,40.59414277,-102.3577703,8095.0,6,5,0,0,5,5,4286,1,0,0,1,0
2020-04-27,US,Colorado,Pitkin,61,2,0,39.21720112,-106.9310027,8097.0,59,61,3,0,58,59,17950,0,-1,0,1,2
2020-04-27,US,Colorado,Prowers,1,0,0,37.95544985,-102.3926052,8099.0,1,1,0,0,1,1,12164,0,0,0,0,0
2020-04-27,US,Colorado,Pueblo,134,9,0,38.17359144,-104.5127437,8101.0,125,131,9,0,122,121,167529,3,0,0,3,10
2020-04-27,US,Colorado,Rio Blanco,1,0,0,39.97913541,-108.2179009,8103.0,1,1,0,0,1,1,6336,0,0,0,0,0
2020-04-27,US,Colorado,Rio Grande,7,0,0,37.5836865,-106.3847838,8105.0,7,7,0,0,7,7,11250,0,0,0,0,0
2020-04-27,US,Colorado,Routt,54,4,0,40.48596505,-106.9905548,8107.0,50,54,4,0,50,52,25733,0,0,0,0,2
2020-04-27,US,Colorado,Saguache,3,0,0,38.08054629,-106.28246599999999,8109.0,3,3,0,0,3,3,6843,0,0,0,0,0
2020-04-27,US,Colorado,San Miguel,19,0,0,38.00450883,-108.4020725,8113.0,19,19,0,0,19,17,8191,0,0,0,0,2
2020-04-27,US,Colorado,Summit,106,1,0,39.63803232,-106.1150762,8117.0,105,105,1,0,104,97,31007,1,0,0,1,8
2020-04-27,US,Colorado,Teller,27,2,0,38.88133511,-105.16148929999999,8119.0,25,27,2,0,25,27,25083,0,0,0,0,0
2020-04-27,US,Colorado,Unassigned,176,2,0,0.0,0.0,90008.0,174,172,2,0,170,131,,4,0,0,4,41
2020-04-27,US,Colorado,Washington,6,0,0,39.97015535,-103.202587,8121.0,6,6,0,0,6,6,4909,0,0,0,0,0
2020-04-27,US,Colorado,Weld,1544,87,0,40.55499405,-104.39296209999999,8123.0,1457,1469,82,0,1387,1430,314305,75,5,0,70,39
2020-04-27,US,Colorado,Yuma,6,0,0,40.00346839,-102.4258673,8125.0,6,6,0,0,6,6,10020,0,0,0,0,0
2020-04-27,US,Connecticut,Fairfield,10763,727,0,41.26809896,-73.3881171,9001.0,10036,10529,707,0,9822,10373,943823,234,20,0,214,156
2020-04-27,US,Connecticut,Hartford,5157,612,0,41.80283011,-72.73103891,9003.0,4545,4989,579,0,4410,4761,892697,168,33,0,135,228
2020-04-27,US,Connecticut,Litchfield,892,75,0,41.7937534,-73.2451475,9005.0,817,864,74,0,790,834,181111,28,1,0,27,30
2020-04-27,US,Connecticut,Middlesex,609,69,0,41.45949668,-72.53714864,9007.0,540,588,66,0,522,576,162682,21,3,0,18,12
2020-04-27,US,Connecticut,New Haven,6993,456,0,41.408032500000004,-72.93620426,9009.0,6537,6715,429,0,6286,6509,857620,278,27,0,251,206
2020-04-27,US,Connecticut,New London,516,34,0,41.48896435,-72.10430976,9011.0,482,498,31,0,467,473,266784,18,3,0,15,25
2020-04-27,US,Connecticut,Tolland,419,35,0,41.85853803,-72.3308481,9013.0,384,407,35,0,372,384,150921,12,0,0,12,23
2020-04-27,US,Connecticut,Unassigned,484,1,0,0.0,0.0,90009.0,483,522,0,0,522,522,,-38,1,0,-39,0
2020-04-27,US,Connecticut,Windham,164,3,0,41.82972709,-71.98182316,9015.0,161,157,3,0,154,151,117027,7,0,0,7,6
2020-04-27,US,Delaware,Kent,652,23,0,39.08646628,-75.56884914,10001.0,629,625,22,0,603,579,178550,27,1,0,26,46
2020-04-27,US,Delaware,New Castle,1629,57,0,39.57992638,-75.64054974,10003.0,1572,1599,55,0,1544,1504,559335,30,2,0,28,95
2020-04-27,US,Delaware,Sussex,1870,45,0,38.66143781,-75.39031349,10005.0,1825,1801,43,0,1758,1490,229286,69,2,0,67,311
2020-04-27,US,Delaware,Unassigned,11,0,0,0.0,0.0,90010.0,11,9,0,0,9,3,,2,0,0,2,6
2020-04-27,US,District of Columbia,District of Columbia,3892,185,0,38.90417773,-77.01655992,11001.0,3707,3841,178,0,3663,3699,702455,51,7,0,44,142
2020-04-27,US,Florida,Alachua,254,2,0,29.67866525,-82.35928158,12001.0,252,251,2,0,249,245,269956,3,0,0,3,6
2020-04-27,US,Florida,Baker,20,3,0,30.33060121,-82.28467476,12003.0,17,20,3,0,17,20,28355,0,0,0,0,0
2020-04-27,US,Florida,Bay,68,2,0,30.26548745,-85.62122584,12005.0,66,65,2,0,63,63,185287,3,0,0,3,2
2020-04-27,US,Florida,Bradford,44,2,0,29.95079741,-82.16611613,12007.0,42,43,2,0,41,42,27732,1,0,0,1,1
2020-04-27,US,Florida,Brevard,266,8,0,28.29409504,-80.73091022,12009.0,258,252,8,0,244,250,596849,14,0,0,14,2
2020-04-27,US,Florida,Broward,4794,174,0,26.15184651,-80.48725556,12011.0,4620,4729,170,0,4559,4659,1951260,65,4,0,61,70
2020-04-27,US,Florida,Calhoun,6,0,0,30.40666734,-85.19394153,12013.0,6,6,0,0,6,6,14587,0,0,0,0,0
2020-04-27,US,Florida,Charlotte,211,14,0,26.90131002,-81.92949121,12015.0,197,203,14,0,189,202,184998,8,0,0,8,1
2020-04-27,US,Florida,Citrus,97,11,0,28.84804315,-82.47614748,12017.0,86,97,11,0,86,95,147929,0,0,0,0,2
2020-04-27,US,Florida,Clay,271,14,0,29.98319144,-81.85609986,12019.0,257,267,14,0,253,267,216072,4,0,0,4,0
2020-04-27,US,Florida,Collier,562,15,0,26.11091986,-81.34687065,12021.0,547,552,15,0,537,535,378488,10,0,0,10,17
2020-04-27,US,Florida,Columbia,53,0,0,30.22509788,-82.62160164,12023.0,53,49,0,0,49,47,70503,4,0,0,4,2
2020-04-27,US,Florida,DeSoto,25,4,0,27.18677893,-81.80941373,12027.0,21,24,4,0,20,24,37489,1,0,0,1,0
2020-04-27,US,Florida,Dixie,5,0,0,29.60631086,-83.15724673,12029.0,5,6,0,0,6,6,16700,-1,0,0,-1,0
2020-04-27,US,Florida,Duval,990,19,0,30.33225875,-81.66976468,12031.0,971,984,18,0,966,965,950181,6,1,0,5,19
2020-04-27,US,Florida,Escambia,470,11,0,30.67652764,-87.37284571,12033.0,459,457,11,0,446,442,315534,13,0,0,13,15
2020-04-27,US,Florida,Flagler,127,2,0,29.45933576,-81.31508595,12035.0,125,121,2,0,119,116,112067,6,0,0,6,5
2020-04-27,US,Florida,Franklin,2,0,0,29.83791238,-84.82731662,12037.0,2,2,0,0,2,2,11736,0,0,0,0,0
2020-04-27,US,Florida,Gadsden,87,0,0,30.57796289,-84.61915825,12039.0,87,81,0,0,81,80,45894,6,0,0,6,1
2020-04-27,US,Florida,Gilchrist,4,0,0,29.72856978,-82.79880657,12041.0,4,4,0,0,4,4,18256,0,0,0,0,0
2020-04-27,US,Florida,Glades,6,1,0,26.95635849,-81.18996211,12043.0,5,6,1,0,5,5,13724,0,0,0,0,1
2020-04-27,US,Florida,Gulf,1,0,0,29.93543004,-85.24270990000002,12045.0,1,1,0,0,1,1,16164,0,0,0,0,0
2020-04-27,US,Florida,Hamilton,6,0,0,30.49673973,-82.94998918,12047.0,6,6,0,0,6,6,14310,0,0,0,0,0
2020-04-27,US,Florida,Hardee,13,0,0,27.49293939,-81.80956574,12049.0,13,10,0,0,10,10,27245,3,0,0,3,0
2020-04-27,US,Florida,Hendry,68,2,0,26.55386945,-81.16469006,12051.0,66,65,2,0,63,64,41556,3,0,0,3,1
2020-04-27,US,Florida,Hernando,89,4,0,28.55364461,-82.42700204,12053.0,85,89,3,0,86,89,190865,0,1,0,-1,0
2020-04-27,US,Florida,Highlands,80,7,0,27.34254618,-81.34071957,12055.0,73,76,7,0,69,76,105424,4,0,0,4,0
2020-04-27,US,Florida,Hillsborough,1062,21,0,27.9276559,-82.32013172,12057.0,1041,1048,21,0,1027,1041,1436888,14,0,0,14,7
2020-04-27,US,Florida,Holmes,9,0,0,30.86747479,-85.81319222,12059.0,9,9,0,0,9,9,19477,0,0,0,0,0
2020-04-27,US,Florida,Indian River,90,5,0,27.69308961,-80.60556721,12061.0,85,89,5,0,84,89,157413,1,0,0,1,0
2020-04-27,US,Florida,Jackson,13,0,0,30.795459700000002,-85.21500423,12063.0,13,13,0,0,13,13,48305,0,0,0,0,0
2020-04-27,US,Florida,Jefferson,28,2,0,30.43669112,-83.89442308,12065.0,26,27,2,0,25,27,14288,1,0,0,1,0
2020-04-27,US,Florida,Lafayette,1,0,0,29.98484137,-83.18166636,12067.0,1,1,0,0,1,1,8732,0,0,0,0,0
2020-04-27,US,Florida,Lake,223,10,0,28.76202069,-81.7125123,12069.0,213,222,10,0,212,221,356495,1,0,0,1,1
2020-04-27,US,Florida,Lee,971,37,0,26.58410348,-81.88399313,12071.0,934,961,37,0,924,944,754610,10,0,0,10,17
2020-04-27,US,Florida,Leon,212,3,0,30.45955727,-84.27491114,12073.0,209,210,2,0,208,208,292502,2,1,0,1,2
2020-04-27,US,Florida,Levy,13,0,0,29.31829741,-82.74007147,12075.0,13,13,0,0,13,13,40770,0,0,0,0,0
2020-04-27,US,Florida,Liberty,2,0,0,30.23766008,-84.8829258,12077.0,2,2,0,0,2,2,8457,0,0,0,0,0
2020-04-27,US,Florida,Madison,44,2,0,30.44396917,-83.47398594,12079.0,42,43,2,0,41,41,18529,1,0,0,1,2
2020-04-27,US,Florida,Manatee,533,42,0,27.47196942,-82.31831044,12081.0,491,508,42,0,466,497,394855,25,0,0,25,11
2020-04-27,US,Florida,Marion,151,4,0,29.21227113,-82.05803627,12083.0,147,151,4,0,147,150,359977,0,0,0,0,1
2020-04-27,US,Florida,Martin,183,5,0,27.0772071,-80.43109784,12085.0,178,174,5,0,169,169,160912,9,0,0,9,5
2020-04-27,US,Florida,Miami-Dade,11570,302,0,25.6112362,-80.55170587,12086.0,11268,11351,301,0,11050,11005,2761581,219,1,0,218,346
2020-04-27,US,Florida,Monroe,79,3,0,25.20904673,-81.07812416,12087.0,76,78,3,0,75,77,75027,1,0,0,1,1
2020-04-27,US,Florida,Nassau,53,0,0,30.61037141,-81.80297522,12089.0,53,53,0,0,53,50,85832,0,0,0,0,3
2020-04-27,US,Florida,Okaloosa,149,3,0,30.69143028,-86.59267105,12091.0,146,149,3,0,146,149,207269,0,0,0,0,0
2020-04-27,US,Florida,Okeechobee,10,0,0,27.386336199999995,-80.88944347,12093.0,10,9,0,0,9,9,41537,1,0,0,1,0
2020-04-27,US,Florida,Orange,1339,30,0,28.51367621,-81.31799498,12095.0,1309,1322,30,0,1292,1304,1380645,17,0,0,17,18
2020-04-27,US,Florida,Osceola,470,7,0,28.06312234,-81.14882926,12097.0,463,463,7,0,456,463,367990,7,0,0,7,0
2020-04-27,US,Florida,Palm Beach,2763,156,0,26.64676272,-80.46536002,12099.0,2607,2697,155,0,2542,2614,1485941,66,1,0,65,83
2020-04-27,US,Florida,Pasco,237,5,0,28.30810945,-82.40227529,12101.0,232,233,4,0,229,233,539630,4,1,0,3,0
2020-04-27,US,Florida,Pinellas,698,25,0,27.93130349,-82.72239666,12103.0,673,687,24,0,663,677,975280,11,1,0,10,10
2020-04-27,US,Florida,Polk,441,18,0,27.95027105,-81.69732947,12105.0,423,410,18,0,392,400,708009,31,0,0,31,10
2020-04-27,US,Florida,Putnam,87,1,0,29.60779729,-81.74230285,12107.0,86,87,1,0,86,83,74163,0,0,0,0,4
2020-04-27,US,Florida,Santa Rosa,150,6,0,30.69341450000001,-87.02458128,12113.0,144,149,6,0,143,147,179349,1,0,0,1,2
2020-04-27,US,Florida,Sarasota,323,32,0,27.18546175,-82.33174248,12115.0,291,321,32,0,289,318,426718,2,0,0,2,3
2020-04-27,US,Florida,Seminole,367,8,0,28.7158582,-81.24060348,12117.0,359,357,8,0,349,351,467832,10,0,0,10,6
2020-04-27,US,Florida,St. Johns,204,4,0,29.90096506,-81.43589967,12109.0,200,204,4,0,200,203,254261,0,0,0,0,1
2020-04-27,US,Florida,St. Lucie,236,20,0,27.37763908,-80.47106649,12111.0,216,228,19,0,209,225,321128,8,1,0,7,3
2020-04-27,US,Florida,Sumter,173,12,0,28.70181754,-82.0794267,12119.0,161,171,12,0,159,169,128754,2,0,0,2,2
2020-04-27,US,Florida,Suwannee,118,11,0,30.19746066,-82.99099670000003,12121.0,107,116,11,0,105,109,44191,2,0,0,2,7
2020-04-27,US,Florida,Taylor,3,0,0,30.04848048,-83.60445406,12123.0,3,3,0,0,3,3,21623,0,0,0,0,0
2020-04-27,US,Florida,Unassigned,1,0,0,0.0,0.0,90012.0,1,1,0,0,1,1,,0,0,0,0,0
2020-04-27,US,Florida,Union,4,0,0,30.04412971,-82.37497443,12125.0,4,4,0,0,4,4,14940,0,0,0,0,0
2020-04-27,US,Florida,Volusia,440,18,0,29.05858895,-81.18263252,12127.0,422,434,17,0,417,432,547538,6,1,0,5,2
2020-04-27,US,Florida,Wakulla,22,1,0,30.16548905,-84.39895211,12129.0,21,21,1,0,20,20,32461,1,0,0,1,1
2020-04-27,US,Florida,Walton,35,0,0,30.64204028,-86.16935664,12131.0,35,35,0,0,35,35,71375,0,0,0,0,0
2020-04-27,US,Florida,Washington,12,0,0,30.61359259,-85.66002461,12133.0,12,12,0,0,12,12,24880,0,0,0,0,0
2020-04-27,US,Georgia,Appling,60,5,0,31.74847232,-82.28909114,13001.0,55,56,4,0,52,54,18507,4,1,0,3,2
2020-04-27,US,Georgia,Atkinson,7,0,0,31.29633502,-82.87545866,13003.0,7,7,0,0,7,7,8297,0,0,0,0,0
2020-04-27,US,Georgia,Bacon,22,1,0,31.55456473,-82.45936528,13005.0,21,21,1,0,20,21,11185,1,0,0,1,0
2020-04-27,US,Georgia,Baker,21,2,0,31.32669878,-84.44218806,13007.0,19,19,2,0,17,19,3092,2,0,0,2,0
2020-04-27,US,Georgia,Baldwin,193,6,0,33.06882326,-83.24701748,13009.0,187,181,6,0,175,180,44823,12,0,0,12,1
2020-04-27,US,Georgia,Banks,17,0,0,34.35607081,-83.49644388,13011.0,17,18,0,0,18,18,18988,-1,0,0,-1,0
2020-04-27,US,Georgia,Barrow,113,4,0,33.99148694,-83.71436292,13013.0,109,108,3,0,105,111,80809,5,1,0,4,-3
2020-04-27,US,Georgia,Bartow,289,29,0,34.23732119,-84.83887523,13015.0,260,286,28,0,258,283,106408,3,1,0,2,3
2020-04-27,US,Georgia,Ben Hill,24,0,0,31.76095874,-83.22145359,13017.0,24,23,0,0,23,23,16787,1,0,0,1,0
2020-04-27,US,Georgia,Berrien,15,0,0,31.27590016,-83.22529920000002,13019.0,15,16,0,0,16,16,19252,-1,0,0,-1,0
2020-04-27,US,Georgia,Bibb,256,7,0,32.80904227,-83.70489165,13021.0,249,248,6,0,242,247,153095,8,1,0,7,1
2020-04-27,US,Georgia,Bleckley,9,0,0,32.43829035,-83.33035166,13023.0,9,9,0,0,9,9,12838,0,0,0,0,0
2020-04-27,US,Georgia,Brantley,21,2,0,31.19576557,-81.97743999,13025.0,19,21,2,0,19,21,18897,0,0,0,0,0
2020-04-27,US,Georgia,Brooks,52,6,0,30.83922642,-83.58303423,13027.0,46,39,6,0,33,39,15513,13,0,0,13,0
2020-04-27,US,Georgia,Bryan,48,2,0,32.00979311,-81.44002948,13029.0,46,47,2,0,45,47,38109,1,0,0,1,0
2020-04-27,US,Georgia,Bulloch,34,2,0,32.39577406,-81.74811421,13031.0,32,34,2,0,32,34,77296,0,0,0,0,0
2020-04-27,US,Georgia,Burke,77,3,0,33.05917989,-81.99928721,13033.0,74,77,3,0,74,71,22423,0,0,0,0,6
2020-04-27,US,Georgia,Butts,126,3,0,33.283094500000004,-83.95435040000002,13035.0,123,126,3,0,123,125,24193,0,0,0,0,1
2020-04-27,US,Georgia,Calhoun,87,3,0,31.53169785,-84.62725131,13037.0,84,86,3,0,83,86,6352,1,0,0,1,0
2020-04-27,US,Georgia,Camden,30,1,0,30.92951916,-81.66601818,13039.0,29,28,1,0,27,28,53677,2,0,0,2,0
2020-04-27,US,Georgia,Candler,8,0,0,32.40209349,-82.07702563,13043.0,8,8,0,0,8,7,10836,0,0,0,0,1
2020-04-27,US,Georgia,Carroll,329,13,0,33.58138199,-85.07976677,13045.0,316,326,11,0,315,325,118121,3,2,0,1,1
2020-04-27,US,Georgia,Catoosa,46,0,0,34.89872298,-85.13757014,13047.0,46,46,0,0,46,46,67420,0,0,0,0,0
2020-04-27,US,Georgia,Charlton,8,0,0,30.78371028,-82.13951596,13049.0,8,7,0,0,7,7,12968,1,0,0,1,0
2020-04-27,US,Georgia,Chatham,208,7,0,32.00043026,-81.12489526,13051.0,201,206,6,0,200,206,289195,2,1,0,1,0
2020-04-27,US,Georgia,Chattahoochee,9,0,0,32.34341231,-84.78809239,13053.0,9,8,0,0,8,8,10684,1,0,0,1,0
2020-04-27,US,Georgia,Chattooga,14,1,0,34.47197698,-85.34535662,13055.0,13,13,1,0,12,13,24790,1,0,0,1,0
2020-04-27,US,Georgia,Cherokee,393,10,0,34.24393976,-84.47431861,13057.0,383,374,10,0,364,371,254149,19,0,0,19,3
2020-04-27,US,Georgia,Clarke,140,13,0,33.95436462,-83.37124007,13059.0,127,123,13,0,110,127,127330,17,0,0,17,-4
2020-04-27,US,Georgia,Clay,20,2,0,31.62221166,-84.97713865,13061.0,18,20,2,0,18,20,2887,0,0,0,0,0
2020-04-27,US,Georgia,Clayton,649,24,0,33.54187245,-84.35594188,13063.0,625,641,21,0,620,642,289615,8,3,0,5,-1
2020-04-27,US,Georgia,Clinch,7,0,0,30.91395822,-82.70432472,13065.0,7,7,0,0,7,7,6648,0,0,0,0,0
2020-04-27,US,Georgia,Cobb,1483,81,0,33.94243204,-84.5761255,13067.0,1402,1428,75,0,1353,1395,756865,55,6,0,49,33
2020-04-27,US,Georgia,Coffee,109,4,0,31.54892966,-82.85492059999999,13069.0,105,107,4,0,103,103,43093,2,0,0,2,4
2020-04-27,US,Georgia,Colquitt,172,6,0,31.18810588,-83.7677946,13071.0,166,165,6,0,159,166,45592,7,0,0,7,-1
2020-04-27,US,Georgia,Columbia,145,2,0,33.54534185,-82.263524,13073.0,143,143,2,0,141,138,154291,2,0,0,2,5
2020-04-27,US,Georgia,Cook,17,1,0,31.16068491,-83.42947229,13075.0,16,17,1,0,16,16,17162,0,0,0,0,1
2020-04-27,US,Georgia,Coweta,190,4,0,33.35334302,-84.76129976,13077.0,186,188,4,0,184,187,145864,2,0,0,2,1
2020-04-27,US,Georgia,Crawford,14,0,0,32.71391813,-83.98061238,13079.0,14,14,0,0,14,14,12318,0,0,0,0,0
2020-04-27,US,Georgia,Crisp,157,3,0,31.92289565,-83.76811843,13081.0,154,153,2,0,151,151,22601,4,1,0,3,2
2020-04-27,US,Georgia,Dade,17,1,0,34.854916700000004,-85.50490424,13083.0,16,16,1,0,15,16,16226,1,0,0,1,0
2020-04-27,US,Georgia,Dawson,53,1,0,34.44244079,-84.16964071,13085.0,52,51,1,0,50,51,25083,2,0,0,2,0
2020-04-27,US,Georgia,DeKalb,1855,42,0,33.76944049,-84.22396017,13089.0,1813,1800,36,0,1764,1788,756558,55,6,0,49,12
2020-04-27,US,Georgia,Decatur,64,1,0,30.87967778,-84.57619536,13087.0,63,60,1,0,59,60,26575,4,0,0,4,0
2020-04-27,US,Georgia,Dodge,24,1,0,32.17265114,-83.16948926,13091.0,23,23,0,0,23,23,20705,1,1,0,0,0
2020-04-27,US,Georgia,Dooly,119,8,0,32.15630737,-83.79746561,13093.0,111,112,7,0,105,108,13706,7,1,0,6,4
2020-04-27,US,Georgia,Dougherty,1480,114,0,31.53328528,-84.21722377,13095.0,1366,1470,108,0,1362,1470,91243,10,6,0,4,0
2020-04-27,US,Georgia,Douglas,284,11,0,33.70291126,-84.77026156,13097.0,273,278,8,0,270,276,145331,6,3,0,3,2
2020-04-27,US,Georgia,Early,202,15,0,31.32155345,-84.90255207,13099.0,187,198,15,0,183,194,10247,4,0,0,4,4
2020-04-27,US,Georgia,Echols,5,0,0,30.71101099,-82.89687287,13101.0,5,5,0,0,5,5,4000,0,0,0,0,0
2020-04-27,US,Georgia,Effingham,34,1,0,32.36616021,-81.34280942,13103.0,33,34,1,0,33,34,62190,0,0,0,0,0
2020-04-27,US,Georgia,Elbert,19,0,0,34.11302332,-82.83936148,13105.0,19,19,0,0,19,16,19120,0,0,0,0,3
2020-04-27,US,Georgia,Emanuel,20,0,0,32.59221302,-82.30239915,13107.0,20,19,0,0,19,19,22612,1,0,0,1,0
2020-04-27,US,Georgia,Evans,4,0,0,32.15328841,-81.8870105,13109.0,4,4,0,0,4,4,10721,0,0,0,0,0
2020-04-27,US,Georgia,Fannin,24,0,0,34.86430205,-84.316964,13111.0,24,23,0,0,23,21,25964,1,0,0,1,2
2020-04-27,US,Georgia,Fayette,169,8,0,33.41357794,-84.49089434,13113.0,161,161,8,0,153,161,113459,8,0,0,8,0
2020-04-27,US,Georgia,Floyd,134,11,0,34.26268279,-85.21577392,13115.0,123,133,10,0,123,133,97927,1,1,0,0,0
2020-04-27,US,Georgia,Forsyth,271,8,0,34.22604035,-84.12315129999998,13117.0,263,252,8,0,244,249,236612,19,0,0,19,3
2020-04-27,US,Georgia,Franklin,17,0,0,34.37525597,-83.23159927,13119.0,17,17,0,0,17,17,23023,0,0,0,0,0
2020-04-27,US,Georgia,Fulton,2680,103,0,33.79216944,-84.46319413,13121.0,2577,2545,94,0,2451,2543,1050114,135,9,0,126,2
2020-04-27,US,Georgia,Gilmer,54,0,0,34.69316688,-84.45802506,13123.0,54,46,0,0,46,36,30816,8,0,0,8,10
2020-04-27,US,Georgia,Glynn,51,1,0,31.23279254,-81.53811412,13127.0,50,51,1,0,50,51,85219,0,0,0,0,0
2020-04-27,US,Georgia,Gordon,81,12,0,34.50487351,-84.87296253,13129.0,69,81,10,0,71,81,57685,0,2,0,-2,0
2020-04-27,US,Georgia,Grady,54,3,0,30.87454847,-84.23418364,13131.0,51,48,3,0,45,48,24748,6,0,0,6,0
2020-04-27,US,Georgia,Greene,54,1,0,33.5769205,-83.17139104,13133.0,53,53,1,0,52,53,17698,1,0,0,1,0
2020-04-27,US,Georgia,Gwinnett,1545,52,0,33.96044201,-84.02137802,13135.0,1493,1504,47,0,1457,1460,927781,41,5,0,36,44
2020-04-27,US,Georgia,Habersham,193,4,0,34.63331566,-83.53094677,13137.0,189,171,3,0,168,170,45388,22,1,0,21,1
2020-04-27,US,Georgia,Hall,1098,12,0,34.32207823,-83.81896936,13139.0,1086,1033,11,0,1022,1032,202148,65,1,0,64,1
2020-04-27,US,Georgia,Hancock,25,0,0,33.2721566,-82.99766919,13141.0,25,18,0,0,18,17,8348,7,0,0,7,1
2020-04-27,US,Georgia,Haralson,27,1,0,33.79602175,-85.21005667,13143.0,26,26,1,0,25,26,29533,1,0,0,1,0
2020-04-27,US,Georgia,Harris,57,2,0,32.73709786,-84.90538572,13145.0,55,56,2,0,54,55,34475,1,0,0,1,1
2020-04-27,US,Georgia,Hart,9,0,0,34.34626973,-82.96567682,13147.0,9,6,0,0,6,6,26099,3,0,0,3,0
2020-04-27,US,Georgia,Heard,10,1,0,33.29686567,-85.12886832,13149.0,9,9,1,0,8,9,11879,1,0,0,1,0
2020-04-27,US,Georgia,Henry,464,11,0,33.4533428,-84.14814659999998,13151.0,453,451,10,0,441,436,230220,13,1,0,12,15
2020-04-27,US,Georgia,Houston,215,13,0,32.45802497,-83.66879087,13153.0,202,209,13,0,196,206,155469,6,0,0,6,3
2020-04-27,US,Georgia,Irwin,15,1,0,31.60213036,-83.27501387,13155.0,14,15,1,0,14,15,9398,0,0,0,0,0
2020-04-27,US,Georgia,Jackson,77,1,0,34.13794553,-83.56814788,13157.0,76,73,1,0,72,75,70422,4,0,0,4,-2
2020-04-27,US,Georgia,Jasper,20,0,0,33.31535543,-83.68844964,13159.0,20,20,0,0,20,20,14040,0,0,0,0,0
2020-04-27,US,Georgia,Jeff Davis,14,1,0,31.80405727,-82.63724870000001,13161.0,13,11,1,0,10,11,15029,3,0,0,3,0
2020-04-27,US,Georgia,Jefferson,14,1,0,33.05867328,-82.41609057,13163.0,13,14,1,0,13,13,15430,0,0,0,0,1
2020-04-27,US,Georgia,Jenkins,16,1,0,32.79248718,-81.96040187,13165.0,15,16,1,0,15,16,8683,0,0,0,0,0
2020-04-27,US,Georgia,Johnson,39,2,0,32.70211082,-82.66166794,13167.0,37,36,2,0,34,36,9708,3,0,0,3,0
2020-04-27,US,Georgia,Jones,27,0,0,33.02512137,-83.56019163,13169.0,27,26,0,0,26,26,28616,1,0,0,1,0
2020-04-27,US,Georgia,Lamar,34,0,0,33.07841647,-84.14263877,13171.0,34,33,0,0,33,33,19000,1,0,0,1,0
2020-04-27,US,Georgia,Lanier,8,1,0,31.03828570000001,-83.06472457,13173.0,7,8,1,0,7,8,10340,0,0,0,0,0
2020-04-27,US,Georgia,Laurens,54,1,0,32.46325233,-82.92221316,13175.0,53,52,1,0,51,52,47325,2,0,0,2,0
2020-04-27,US,Georgia,Lee,307,19,0,31.779330600000005,-84.14324253,13177.0,288,302,18,0,284,299,29764,5,1,0,4,3
2020-04-27,US,Georgia,Liberty,35,0,0,31.82588896,-81.49251135,13179.0,35,35,0,0,35,35,61497,0,0,0,0,0
2020-04-27,US,Georgia,Lincoln,10,0,0,33.79201475,-82.45024131,13181.0,10,10,0,0,10,10,7915,0,0,0,0,0
2020-04-27,US,Georgia,Long,4,0,0,31.75218791,-81.74952375,13183.0,4,3,0,0,3,3,18998,1,0,0,1,0
2020-04-27,US,Georgia,Lowndes,139,4,0,30.83568832,-83.27056716,13185.0,135,131,4,0,127,131,116321,8,0,0,8,0
2020-04-27,US,Georgia,Lumpkin,32,1,0,34.57286511,-84.00425681,13187.0,31,29,0,0,29,29,32955,3,1,0,2,0
2020-04-27,US,Georgia,Macon,73,3,0,32.35207048,-84.04234127,13193.0,70,70,3,0,67,68,13143,3,0,0,3,2
2020-04-27,US,Georgia,Madison,22,1,0,34.12920917,-83.21218732,13195.0,21,22,1,0,21,23,29650,0,0,0,0,-1
2020-04-27,US,Georgia,Marion,40,1,0,32.3483402,-84.52733571,13197.0,39,38,1,0,37,38,8351,2,0,0,2,0
2020-04-27,US,Georgia,McDuffie,44,4,0,33.47851918,-82.48252774,13189.0,40,43,4,0,39,43,21531,1,0,0,1,0
2020-04-27,US,Georgia,McIntosh,4,0,0,31.49683595,-81.40163426,13191.0,4,4,0,0,4,4,14340,0,0,0,0,0
2020-04-27,US,Georgia,Meriwether,49,0,0,33.04163534,-84.68859732,13199.0,49,49,0,0,49,49,21068,0,0,0,0,0
2020-04-27,US,Georgia,Miller,29,0,0,31.16568912,-84.73151117,13201.0,29,29,0,0,29,28,5686,0,0,0,0,1
2020-04-27,US,Georgia,Mitchell,293,28,0,31.22483255,-84.19381821,13205.0,265,290,26,0,264,288,22192,3,2,0,1,2
2020-04-27,US,Georgia,Monroe,22,1,0,33.014289,-83.92097166,13207.0,21,20,1,0,19,19,27520,2,0,0,2,1
2020-04-27,US,Georgia,Montgomery,2,0,0,32.17201038,-82.53527476,13209.0,2,2,0,0,2,2,9193,0,0,0,0,0
2020-04-27,US,Georgia,Morgan,25,0,0,33.59232073,-83.49129491,13211.0,25,23,0,0,23,25,18853,2,0,0,2,-2
2020-04-27,US,Georgia,Murray,25,0,0,34.78897608,-84.74993177,13213.0,25,24,0,0,24,24,39921,1,0,0,1,0
2020-04-27,US,Georgia,Muscogee,283,4,0,32.50931999,-84.87142262,13215.0,279,275,4,0,271,270,194160,8,0,0,8,5
2020-04-27,US,Georgia,Newton,173,7,0,33.55514538,-83.84547140000002,13217.0,166,167,6,0,161,166,109541,6,1,0,5,1
2020-04-27,US,Georgia,Oconee,57,0,0,33.83749973,-83.43679568,13219.0,57,53,0,0,53,55,39272,4,0,0,4,-2
2020-04-27,US,Georgia,Oglethorpe,48,3,0,33.878629600000004,-83.08278123,13221.0,45,47,3,0,44,48,15054,1,0,0,1,-1
2020-04-27,US,Georgia,Out of GA,1027,13,0,0.0,0.0,80013.0,1014,1022,9,0,1013,991,,5,4,0,1,31
2020-04-27,US,Georgia,Paulding,166,7,0,33.91969522,-84.86848792,13223.0,159,160,7,0,153,159,164044,6,0,0,6,1
2020-04-27,US,Georgia,Peach,39,2,0,32.56934316,-83.82937,13225.0,37,37,2,0,35,37,27297,2,0,0,2,0
2020-04-27,US,Georgia,Pickens,21,2,0,34.46589159,-84.46406611,13227.0,19,21,2,0,19,20,31980,0,0,0,0,1
2020-04-27,US,Georgia,Pierce,54,2,0,31.35928155,-82.21598442,13229.0,52,52,2,0,50,52,19389,2,0,0,2,0
2020-04-27,US,Georgia,Pike,39,2,0,33.09310242,-84.38790389,13231.0,37,39,2,0,37,39,18634,0,0,0,0,0
2020-04-27,US,Georgia,Polk,49,0,0,34.00267074,-85.18677781,13233.0,49,46,0,0,46,45,42470,3,0,0,3,1
2020-04-27,US,Georgia,Pulaski,24,1,0,32.23334561,-83.47549959999998,13235.0,23,20,1,0,19,20,11069,4,0,0,4,0
2020-04-27,US,Georgia,Putnam,37,5,0,33.32056115,-83.37552891,13237.0,32,31,3,0,28,31,21809,6,2,0,4,0
2020-04-27,US,Georgia,Quitman,4,1,0,31.86728114,-85.01773177,13239.0,3,3,1,0,2,3,2279,1,0,0,1,0
2020-04-27,US,Georgia,Rabun,10,0,0,34.88389445,-83.40304637,13241.0,10,9,0,0,9,9,16867,1,0,0,1,0
2020-04-27,US,Georgia,Randolph,156,19,0,31.76622818,-84.75732369,13243.0,137,153,19,0,134,153,6833,3,0,0,3,0
2020-04-27,US,Georgia,Richmond,377,14,0,33.35777107,-82.07026432,13245.0,363,360,14,0,346,355,201554,17,0,0,17,5
2020-04-27,US,Georgia,Rockdale,166,6,0,33.65145002,-84.02202167,13247.0,160,161,6,0,155,162,90594,5,0,0,5,-1
2020-04-27,US,Georgia,Schley,16,1,0,32.2654021,-84.31258912,13249.0,15,16,1,0,15,16,5236,0,0,0,0,0
2020-04-27,US,Georgia,Screven,14,1,0,32.74976524,-81.60779441,13251.0,13,14,1,0,13,14,13938,0,0,0,0,0
2020-04-27,US,Georgia,Seminole,29,2,0,30.93464824,-84.86823924,13253.0,27,27,2,0,25,27,8315,2,0,0,2,0
2020-04-27,US,Georgia,Spalding,197,8,0,33.26310031,-84.28013991,13255.0,189,190,8,0,182,189,66100,7,0,0,7,1
2020-04-27,US,Georgia,Stephens,73,1,0,34.55151201,-83.29405315,13257.0,72,70,1,0,69,56,26035,3,0,0,3,14
2020-04-27,US,Georgia,Stewart,18,0,0,32.07996777,-84.83208037,13259.0,18,17,0,0,17,17,6199,1,0,0,1,0
2020-04-27,US,Georgia,Sumter,362,24,0,32.03650571,-84.19821492,13261.0,338,356,21,0,335,350,29733,6,3,0,3,6
2020-04-27,US,Georgia,Talbot,21,1,0,32.69642758,-84.53351366,13263.0,20,21,1,0,20,21,6272,0,0,0,0,0
2020-04-27,US,Georgia,Tattnall,7,0,0,32.04785085,-82.05539188,13267.0,7,7,0,0,7,6,25391,0,0,0,0,1
2020-04-27,US,Georgia,Taylor,17,2,0,32.55792548,-84.25077141,13269.0,15,16,2,0,14,16,8039,1,0,0,1,0
2020-04-27,US,Georgia,Telfair,25,0,0,31.92829517,-82.93491155,13271.0,25,26,0,0,26,26,15876,-1,0,0,-1,0
2020-04-27,US,Georgia,Terrell,167,18,0,31.77527543,-84.44069698,13273.0,149,165,17,0,148,165,8611,2,1,0,1,0
2020-04-27,US,Georgia,Thomas,162,16,0,30.86392347,-83.91847289,13275.0,146,158,16,0,142,157,44448,4,0,0,4,1
2020-04-27,US,Georgia,Tift,100,5,0,31.45743864,-83.5236119,13277.0,95,102,4,0,98,100,40571,-2,1,0,-3,2
2020-04-27,US,Georgia,Toombs,28,3,0,32.12059861,-82.32957247,13279.0,25,27,3,0,24,27,26887,1,0,0,1,0
2020-04-27,US,Georgia,Towns,20,0,0,34.91369188,-83.74107459999998,13281.0,20,20,0,0,20,20,11852,0,0,0,0,0
2020-04-27,US,Georgia,Treutlen,2,0,0,32.40422134,-82.56904553,13283.0,2,2,0,0,2,2,6809,0,0,0,0,0
2020-04-27,US,Georgia,Troup,138,4,0,33.03349196,-85.02812115,13285.0,134,126,4,0,122,122,70034,12,0,0,12,4
2020-04-27,US,Georgia,Turner,64,8,0,31.71612656,-83.62069378,13287.0,56,63,6,0,57,62,7912,1,2,0,-1,1
2020-04-27,US,Georgia,Twiggs,7,0,0,32.67435595,-83.43078662,13289.0,7,7,0,0,7,8,8188,0,0,0,0,-1
2020-04-27,US,Georgia,Unassigned,633,2,0,0.0,0.0,90013.0,631,622,0,0,622,608,,11,2,0,9,14
2020-04-27,US,Georgia,Union,32,2,0,34.82995757,-83.98967069,13291.0,30,32,2,0,30,28,24001,0,0,0,0,4
2020-04-27,US,Georgia,Upson,203,17,0,32.87920671,-84.30024826,13293.0,186,197,14,0,183,196,26215,6,3,0,3,1
2020-04-27,US,Georgia,Walker,59,0,0,34.73376362,-85.30165174,13295.0,59,59,0,0,59,59,69410,0,0,0,0,0
2020-04-27,US,Georgia,Walton,100,3,0,33.78017694,-83.73552314,13297.0,97,97,3,0,94,97,93503,3,0,0,3,0
2020-04-27,US,Georgia,Ware,112,8,0,31.05449097,-82.42224148,13299.0,104,107,8,0,99,105,35680,5,0,0,5,2
2020-04-27,US,Georgia,Warren,12,0,0,33.41146451,-82.67795848,13301.0,12,12,0,0,12,12,5251,0,0,0,0,0
2020-04-27,US,Georgia,Washington,37,1,0,32.96711864,-82.79357039,13303.0,36,34,1,0,33,34,20386,3,0,0,3,0
2020-04-27,US,Georgia,Wayne,12,0,0,31.5521809,-81.91894878,13305.0,12,11,0,0,11,11,29808,1,0,0,1,0
2020-04-27,US,Georgia,Webster,10,2,0,32.04066113,-84.54742852,13307.0,8,8,1,0,7,7,2611,2,1,0,1,1
2020-04-27,US,Georgia,Wheeler,4,0,0,32.12009104,-82.72574721,13309.0,4,3,0,0,3,3,7879,1,0,0,1,0
2020-04-27,US,Georgia,White,48,0,0,34.64624278,-83.74905525,13311.0,48,38,0,0,38,38,29970,10,0,0,10,0
2020-04-27,US,Georgia,Whitfield,69,4,0,34.80987459,-84.96093476,13313.0,65,63,4,0,59,63,104062,6,0,0,6,0
2020-04-27,US,Georgia,Wilcox,72,7,0,31.97496928,-83.43438555,13315.0,65,68,6,0,62,68,8812,4,1,0,3,0
2020-04-27,US,Georgia,Wilkes,23,0,0,33.78290391,-82.74286107,13317.0,23,23,0,0,23,22,9876,0,0,0,0,1
2020-04-27,US,Georgia,Wilkinson,32,2,0,32.80291082,-83.17140684,13319.0,30,31,2,0,29,30,9036,1,0,0,1,1
2020-04-27,US,Georgia,Worth,143,9,0,31.55162306,-83.85090513,13321.0,134,141,9,0,132,140,20299,2,0,0,2,1
2020-04-27,US,Hawaii,Hawaii,70,0,0,19.60121157,-155.5210167,15001.0,70,70,0,0,70,69,200983,0,0,0,0,1
2020-04-27,US,Hawaii,Honolulu,396,11,0,21.45803166,-157.97121819999995,15003.0,385,396,9,0,387,395,980080,0,2,0,-2,1
2020-04-27,US,Hawaii,Kauai,21,0,0,22.03935037,-159.5966786,15007.0,21,21,0,0,21,21,72133,0,0,0,0,0
2020-04-27,US,Hawaii,Maui,113,5,0,20.86399628,-156.56890969999995,15009.0,108,112,5,0,107,113,167207,1,0,0,1,-1
2020-04-27,US,Hawaii,Out of HI,7,0,0,0.0,0.0,80015.0,7,7,0,0,7,7,,0,0,0,0,0
2020-04-27,US,Idaho,Ada,650,15,0,43.4526575,-116.24155159999998,16001.0,635,650,15,0,635,650,469966,0,0,0,0,0
2020-04-27,US,Idaho,Adams,3,0,0,44.89333571,-116.4545247,16003.0,3,3,0,0,3,3,4250,0,0,0,0,0
2020-04-27,US,Idaho,Bannock,8,0,0,42.67002716,-112.2233311,16005.0,8,8,0,0,8,8,87138,0,0,0,0,0
2020-04-27,US,Idaho,Bingham,3,0,0,43.21672879999999,-112.3978437,16011.0,3,3,0,0,3,3,46236,0,0,0,0,0
2020-04-27,US,Idaho,Blaine,492,5,0,43.4085812,-113.9752658,16013.0,487,492,5,0,487,490,22601,0,0,0,0,2
2020-04-27,US,Idaho,Bonner,4,0,0,48.29996017,-116.6017932,16017.0,4,4,0,0,4,4,44727,0,0,0,0,0
2020-04-27,US,Idaho,Bonneville,28,0,0,43.38713372,-111.6161537,16019.0,28,28,0,0,28,28,116854,0,0,0,0,0
2020-04-27,US,Idaho,Camas,1,0,0,43.46665742,-114.8065892,16025.0,1,1,0,0,1,1,1127,0,0,0,0,0
2020-04-27,US,Idaho,Canyon,233,6,0,43.61970148,-116.70954990000001,16027.0,227,233,6,0,227,231,223499,0,0,0,0,2
2020-04-27,US,Idaho,Caribou,1,0,0,42.77149116,-111.5597683,16029.0,1,1,0,0,1,1,7060,0,0,0,0,0
2020-04-27,US,Idaho,Cassia,12,1,0,42.28347888,-113.6012409,16031.0,11,12,1,0,11,12,23864,0,0,0,0,0
2020-04-27,US,Idaho,Custer,2,0,0,44.24186819,-114.2855494,16037.0,2,2,0,0,2,2,4280,0,0,0,0,0
2020-04-27,US,Idaho,Elmore,29,2,0,43.3507101,-115.4701578,16039.0,27,29,2,0,27,29,27259,0,0,0,0,0
2020-04-27,US,Idaho,Fremont,2,0,0,44.22800938,-111.48099429999999,16043.0,2,2,0,0,2,2,13168,0,0,0,0,0
2020-04-27,US,Idaho,Gem,12,0,0,44.06482372,-116.398376,16045.0,12,12,0,0,12,12,17634,0,0,0,0,0
2020-04-27,US,Idaho,Gooding,9,0,0,42.96927962,-114.81083059999999,16047.0,9,9,0,0,9,9,15196,0,0,0,0,0
2020-04-27,US,Idaho,Idaho,3,0,0,45.84721541,-115.4634436,16049.0,3,3,0,0,3,3,16513,0,0,0,0,0
2020-04-27,US,Idaho,Jefferson,5,0,0,43.82078483,-112.3131749,16051.0,5,5,0,0,5,5,29439,0,0,0,0,0
2020-04-27,US,Idaho,Jerome,46,2,0,42.68891267,-114.2655033,16053.0,44,46,2,0,44,46,24015,0,0,0,0,0
2020-04-27,US,Idaho,Kootenai,61,0,0,47.67282258,-116.7020872,16055.0,61,61,0,0,61,59,161505,0,0,0,0,2
2020-04-27,US,Idaho,Latah,4,0,0,46.81587887,-116.71136979999999,16057.0,4,4,0,0,4,4,40134,0,0,0,0,0
2020-04-27,US,Idaho,Lemhi,1,0,0,44.9438088,-113.9309747,16059.0,1,1,0,0,1,1,7961,0,0,0,0,0
2020-04-27,US,Idaho,Lincoln,22,0,0,43.0012336,-114.1358773,16063.0,22,22,0,0,22,22,5360,0,0,0,0,0
2020-04-27,US,Idaho,Madison,8,0,0,43.78141028,-111.65384740000002,16065.0,8,8,0,0,8,8,39304,0,0,0,0,0
2020-04-27,US,Idaho,Minidoka,10,0,0,42.85518524,-113.6357257,16067.0,10,10,0,0,10,10,20825,0,0,0,0,0
2020-04-27,US,Idaho,Nez Perce,58,13,0,46.32638236,-116.75009750000001,16069.0,45,58,13,0,45,58,40408,0,0,0,0,0
2020-04-27,US,Idaho,Owyhee,8,0,0,42.58016894,-116.16938710000001,16073.0,8,8,0,0,8,8,11693,0,0,0,0,0
2020-04-27,US,Idaho,Payette,13,1,0,44.00545243,-116.7647695,16075.0,12,13,1,0,12,13,23551,0,0,0,0,0
2020-04-27,US,Idaho,Power,2,0,0,42.69254894,-112.83957420000002,16077.0,2,2,0,0,2,2,7768,0,0,0,0,0
2020-04-27,US,Idaho,Teton,8,0,0,43.75303583,-111.2056773,16081.0,8,8,0,0,8,8,11640,0,0,0,0,0
2020-04-27,US,Idaho,Twin Falls,156,11,0,42.35440512,-114.6685381,16083.0,145,156,11,0,145,152,86081,0,0,0,0,4
2020-04-27,US,Idaho,Valley,2,0,0,44.76728382,-115.5676773,16085.0,2,2,0,0,2,2,11041,0,0,0,0,0
2020-04-27,US,Idaho,Washington,1,0,0,44.45275475,-116.78476880000001,16087.0,1,1,0,0,1,1,10161,0,0,0,0,0
2020-04-27,US,Illinois,Adams,33,0,0,39.98815591,-91.18786813,17001.0,33,32,0,0,32,32,65691,1,0,0,1,0
2020-04-27,US,Illinois,Alexander,3,0,0,37.18049267,-89.32910838,17003.0,3,3,0,0,3,2,6060,0,0,0,0,1
2020-04-27,US,Illinois,Bond,5,1,0,38.88829622,-89.43534887,17005.0,4,5,1,0,4,5,16630,0,0,0,0,0
2020-04-27,US,Illinois,Boone,79,9,0,42.32359279,-88.82345779,17007.0,70,76,8,0,68,71,53577,3,1,0,2,5
2020-04-27,US,Illinois,Bureau,10,0,0,41.40385234,-89.5283051,17011.0,10,10,0,0,10,9,32993,0,0,0,0,1
2020-04-27,US,Illinois,Calhoun,1,0,0,39.16840183,-90.66330078,17013.0,1,1,0,0,1,1,4802,0,0,0,0,0
2020-04-27,US,Illinois,Carroll,9,2,0,42.06823429,-89.93395545,17015.0,7,9,2,0,7,9,14312,0,0,0,0,0
2020-04-27,US,Illinois,Cass,25,0,0,39.96991073,-90.24734436,17017.0,25,27,0,0,27,21,12260,-2,0,0,-2,6
2020-04-27,US,Illinois,Champaign,107,6,0,40.13919438,-88.20046615,17019.0,101,105,5,0,100,102,209983,2,1,0,1,3
2020-04-27,US,Illinois,Christian,28,4,0,39.54581621,-89.27780482,17021.0,24,28,4,0,24,28,32661,0,0,0,0,0
2020-04-27,US,Illinois,Clark,4,0,0,39.33425789,-87.78705622,17023.0,4,4,0,0,4,4,15596,0,0,0,0,0
2020-04-27,US,Illinois,Clay,2,0,0,38.75388572,-88.48914513,17025.0,2,2,0,0,2,2,13253,0,0,0,0,0
2020-04-27,US,Illinois,Clinton,85,1,0,38.60704876,-89.42385254,17027.0,84,84,1,0,83,82,37639,1,0,0,1,2
2020-04-27,US,Illinois,Coles,22,1,0,39.51949084,-88.22358557,17029.0,21,22,1,0,21,22,50885,0,0,0,0,0
2020-04-27,US,Illinois,Cook,31953,1347,0,41.84144849,-87.81658794,17031.0,30606,30574,1313,0,29261,29058,5180493,1379,34,0,1345,1516
2020-04-27,US,Illinois,Crawford,10,0,0,39.0032229,-87.75954624,17033.0,10,10,0,0,10,10,18807,0,0,0,0,0
2020-04-27,US,Illinois,Cumberland,3,0,0,39.27432424,-88.2401158,17035.0,3,3,0,0,3,3,10808,0,0,0,0,0
2020-04-27,US,Illinois,De Witt,1,0,0,40.17514519,-88.90959682,17039.0,1,1,0,0,1,1,15769,0,0,0,0,0
2020-04-27,US,Illinois,DeKalb,76,1,0,41.89373302,-88.76958483,17037.0,75,71,1,0,70,71,104143,5,0,0,5,0
2020-04-27,US,Illinois,Douglas,14,0,0,39.76768052,-88.21854195,17041.0,14,13,0,0,13,12,19479,1,0,0,1,1
2020-04-27,US,Illinois,DuPage,2628,133,0,41.85116968,-88.08642662,17043.0,2495,2443,131,0,2312,2311,928589,185,2,0,183,132
2020-04-27,US,Illinois,Effingham,5,1,0,39.05935711,-88.58969584,17049.0,4,5,1,0,4,5,34208,0,0,0,0,0
2020-04-27,US,Illinois,Fayette,16,2,0,39.00072038,-89.02452658,17051.0,14,16,2,0,14,16,21416,0,0,0,0,0
2020-04-27,US,Illinois,Ford,8,1,0,40.59706922,-88.22350769,17053.0,7,8,1,0,7,8,13264,0,0,0,0,0
2020-04-27,US,Illinois,Franklin,8,0,0,37.99189086,-88.92567818,17055.0,8,8,0,0,8,8,38701,0,0,0,0,0
2020-04-27,US,Illinois,Fulton,3,0,0,40.47289135,-90.20862357,17057.0,3,3,0,0,3,2,34844,0,0,0,0,1
2020-04-27,US,Illinois,Gallatin,2,0,0,37.76430935,-88.22953869,17059.0,2,2,0,0,2,2,5058,0,0,0,0,0
2020-04-27,US,Illinois,Greene,2,0,0,39.35907414,-90.388865,17061.0,2,2,0,0,2,2,13044,0,0,0,0,0
2020-04-27,US,Illinois,Grundy,30,0,0,41.28569601,-88.41905692,17063.0,30,30,0,0,30,28,50972,0,0,0,0,2
2020-04-27,US,Illinois,Hamilton,2,0,0,38.08163641,-88.53883373,17065.0,2,2,0,0,2,2,8163,0,0,0,0,0
2020-04-27,US,Illinois,Hancock,5,0,0,40.40423981,-91.16313899,17067.0,5,4,0,0,4,4,17844,1,0,0,1,0
2020-04-27,US,Illinois,Hardin,1,0,0,37.51810645,-88.26873022,17069.0,1,1,0,0,1,1,3910,0,0,0,0,0
2020-04-27,US,Illinois,Henderson,4,0,0,40.81908672,-90.92491462,17071.0,4,4,0,0,4,4,6709,0,0,0,0,0
2020-04-27,US,Illinois,Henry,36,0,0,41.3533994,-90.13296166,17073.0,36,36,0,0,36,36,49090,0,0,0,0,0
2020-04-27,US,Illinois,Iroquois,18,0,0,40.74717633,-87.82466784,17075.0,18,18,0,0,18,16,27604,0,0,0,0,2
2020-04-27,US,Illinois,Jackson,68,7,0,37.78595185,-89.38232563,17077.0,61,67,7,0,60,56,57419,1,0,0,1,11
2020-04-27,US,Illinois,Jasper,42,3,0,39.01054275,-88.15437049,17079.0,39,42,2,0,40,42,9611,0,1,0,-1,0
2020-04-27,US,Illinois,Jefferson,83,8,0,38.29980057,-88.9240025,17081.0,75,83,5,0,78,80,37820,0,3,0,-3,3
2020-04-27,US,Illinois,Jersey,12,1,0,39.08869046,-90.35393073,17083.0,11,12,1,0,11,12,21847,0,0,0,0,0
2020-04-27,US,Illinois,Jo Daviess,11,0,0,42.36542373,-90.21094405,17085.0,11,11,0,0,11,11,21366,0,0,0,0,0
2020-04-27,US,Illinois,Johnson,4,0,0,37.45939802,-88.88165419,17087.0,4,4,0,0,4,3,12456,0,0,0,0,1
2020-04-27,US,Illinois,Kane,1185,39,0,41.93842729,-88.42861412,17089.0,1146,1109,39,0,1070,1049,534216,76,0,0,76,60
2020-04-27,US,Illinois,Kankakee,309,23,0,41.13746989,-87.86205334,17091.0,286,304,23,0,281,299,110024,5,0,0,5,5
2020-04-27,US,Illinois,Kendall,218,5,0,41.59081014,-88.42869583,17093.0,213,208,5,0,203,203,127915,10,0,0,10,5
2020-04-27,US,Illinois,Knox,36,0,0,40.93148779,-90.21330340000002,17095.0,36,36,0,0,36,31,50112,0,0,0,0,5
2020-04-27,US,Illinois,LaSalle,46,1,0,41.34426129999999,-88.88633881,17099.0,45,44,1,0,43,43,109430,2,0,0,2,1
2020-04-27,US,Illinois,Lake,3080,118,0,42.3224907,-88.00367925,17097.0,2962,2990,118,0,2872,2879,700832,90,0,0,90,111
2020-04-27,US,Illinois,Lawrence,3,0,0,38.71987914,-87.72884035,17101.0,3,3,0,0,3,3,15765,0,0,0,0,0
2020-04-27,US,Illinois,Lee,20,0,0,41.74583951,-89.29977132,17103.0,20,19,0,0,19,19,34223,1,0,0,1,0
2020-04-27,US,Illinois,Livingston,20,1,0,40.89188292,-88.55784752,17105.0,19,20,1,0,19,20,35761,0,0,0,0,0
2020-04-27,US,Illinois,Logan,4,0,0,40.12581572,-89.36638784,17107.0,4,4,0,0,4,4,28925,0,0,0,0,0
2020-04-27,US,Illinois,Macon,103,11,0,39.86064913,-88.96342505,17115.0,92,102,11,0,91,100,104712,1,0,0,1,2
2020-04-27,US,Illinois,Macoupin,30,0,0,39.26119767,-89.92424028,17117.0,30,28,0,0,28,28,45313,2,0,0,2,0
2020-04-27,US,Illinois,Madison,306,17,0,38.83042506,-89.90422563,17119.0,289,305,16,0,289,280,264461,1,1,0,0,25
2020-04-27,US,Illinois,Marion,26,0,0,38.64963204,-88.91899208,17121.0,26,26,0,0,26,26,37620,0,0,0,0,0
2020-04-27,US,Illinois,Marshall,4,0,0,41.0327901,-89.34510444,17123.0,4,4,0,0,4,4,11534,0,0,0,0,0
2020-04-27,US,Illinois,Mason,7,0,0,40.23917274,-89.91824452,17125.0,7,6,0,0,6,6,13565,1,0,0,1,0
2020-04-27,US,Illinois,Massac,4,0,0,37.22078441,-88.71036614,17127.0,4,4,0,0,4,3,14080,0,0,0,0,1
2020-04-27,US,Illinois,McDonough,7,0,0,40.45674722,-90.67775541,17109.0,7,6,0,0,6,5,29955,1,0,0,1,1
2020-04-27,US,Illinois,McHenry,538,28,0,42.32451172,-88.45248227,17111.0,510,513,28,0,485,502,308570,25,0,0,25,11
2020-04-27,US,Illinois,McLean,92,3,0,40.48996987,-88.84621113,17113.0,89,88,3,0,85,88,172828,4,0,0,4,0
2020-04-27,US,Illinois,Menard,4,0,0,40.02742725,-89.80246001,17129.0,4,4,0,0,4,4,12288,0,0,0,0,0
2020-04-27,US,Illinois,Mercer,7,0,0,41.20596782,-90.74290052,17131.0,7,7,0,0,7,7,15601,0,0,0,0,0
2020-04-27,US,Illinois,Monroe,64,10,0,38.27594376,-90.17761038,17133.0,54,64,10,0,54,63,34335,0,0,0,0,1
2020-04-27,US,Illinois,Montgomery,23,1,0,39.23198845,-89.47809254,17135.0,22,23,1,0,22,23,28601,0,0,0,0,0
2020-04-27,US,Illinois,Morgan,18,1,0,39.71654544,-90.20255104,17137.0,17,16,1,0,15,15,33976,2,0,0,2,1
2020-04-27,US,Illinois,Moultrie,4,0,0,39.64187451,-88.62099969,17139.0,4,4,0,0,4,4,14717,0,0,0,0,0
2020-04-27,US,Illinois,Ogle,105,1,0,42.04165196,-89.32184679,17141.0,104,87,1,0,86,85,50923,18,0,0,18,2
2020-04-27,US,Illinois,Peoria,68,2,0,40.78702156,-89.76078901,17143.0,66,65,2,0,63,60,180621,3,0,0,3,5
2020-04-27,US,Illinois,Perry,9,0,0,38.08510853,-89.36856219,17145.0,9,8,0,0,8,7,21174,1,0,0,1,1
2020-04-27,US,Illinois,Piatt,7,0,0,40.01360584,-88.59319339,17147.0,7,7,0,0,7,7,16396,0,0,0,0,0
2020-04-27,US,Illinois,Pike,1,0,0,39.62265059,-90.8877017,17149.0,1,1,0,0,1,1,15611,0,0,0,0,0
2020-04-27,US,Illinois,Pulaski,17,0,0,37.22631423,-89.13085001,17153.0,17,15,0,0,15,15,5463,2,0,0,2,0
2020-04-27,US,Illinois,Randolph,109,1,0,38.05095369,-89.82512254,17157.0,108,104,1,0,103,79,32106,5,0,0,5,25
2020-04-27,US,Illinois,Richland,3,0,0,38.71240969,-88.08475366,17159.0,3,3,0,0,3,3,15763,0,0,0,0,0
2020-04-27,US,Illinois,Rock Island,323,8,0,41.46613806,-90.57042164,17161.0,315,304,6,0,298,293,143477,19,2,0,17,11
2020-04-27,US,Illinois,Saline,3,0,0,37.75332999,-88.54119706,17165.0,3,3,0,0,3,3,23906,0,0,0,0,0
2020-04-27,US,Illinois,Sangamon,113,8,0,39.75836914,-89.65872023,17167.0,105,104,6,0,98,95,195348,9,2,0,7,9
2020-04-27,US,Illinois,Schuyler,1,0,0,40.157179799999994,-90.61114163,17169.0,1,1,0,0,1,1,6907,0,0,0,0,0
2020-04-27,US,Illinois,Shelby,10,0,0,39.39133527,-88.80611122,17173.0,10,10,0,0,10,9,21741,0,0,0,0,1
2020-04-27,US,Illinois,St. Clair,403,24,0,38.46996033,-89.93063427,17163.0,379,391,24,0,367,363,261059,12,0,0,12,28
2020-04-27,US,Illinois,Stark,1,0,0,41.09309773,-89.79745866,17175.0,1,1,0,0,1,1,5427,0,0,0,0,0
2020-04-27,US,Illinois,Stephenson,16,0,0,42.35129217,-89.662598,17177.0,16,16,0,0,16,16,44753,0,0,0,0,0
2020-04-27,US,Illinois,Tazewell,37,3,0,40.50716185,-89.51404662,17179.0,34,36,3,0,33,36,132328,1,0,0,1,0
2020-04-27,US,Illinois,Unassigned,338,0,0,0.0,0.0,90017.0,338,307,0,0,307,274,,31,0,0,31,33
2020-04-27,US,Illinois,Union,8,0,0,37.47119609,-89.25548938,17181.0,8,8,0,0,8,7,16841,0,0,0,0,1
2020-04-27,US,Illinois,Vermilion,14,0,0,40.18417171,-87.73384359,17183.0,14,11,0,0,11,11,76806,3,0,0,3,0
2020-04-27,US,Illinois,Wabash,1,0,0,38.44272901,-87.84922065,17185.0,1,1,0,0,1,1,11549,0,0,0,0,0
2020-04-27,US,Illinois,Warren,50,0,0,40.84925021,-90.6147432,17187.0,50,49,0,0,49,44,17032,1,0,0,1,5
2020-04-27,US,Illinois,Washington,8,0,0,38.35309213,-89.40982703,17189.0,8,8,0,0,8,7,13995,0,0,0,0,1
2020-04-27,US,Illinois,Wayne,2,0,0,38.42955355,-88.42586459,17191.0,2,2,0,0,2,2,16332,0,0,0,0,0
2020-04-27,US,Illinois,White,1,0,0,38.08706198,-88.17657461,17193.0,1,1,0,0,1,1,13665,0,0,0,0,0
2020-04-27,US,Illinois,Whiteside,67,5,0,41.75509713,-89.91556058,17195.0,62,62,5,0,57,59,55626,5,0,0,5,3
2020-04-27,US,Illinois,Will,2173,136,0,41.44619267,-87.97862712,17197.0,2037,2126,133,0,1993,2060,692310,47,3,0,44,66
2020-04-27,US,Illinois,Williamson,25,0,0,37.73033511,-88.92994027,17199.0,25,25,0,0,25,22,67056,0,0,0,0,3
2020-04-27,US,Illinois,Winnebago,343,8,0,42.33641854,-89.16085327,17201.0,335,318,8,0,310,302,284081,25,0,0,25,16
2020-04-27,US,Illinois,Woodford,11,1,0,40.78579374,-89.20973757,17203.0,10,11,1,0,10,11,38463,0,0,0,0,0
2020-04-27,US,Indiana,Adams,7,1,0,40.7457653,-84.93671406,18001.0,6,8,1,0,7,7,35636,-1,0,0,-1,1
2020-04-27,US,Indiana,Allen,486,33,0,41.09194313,-85.06800636,18003.0,453,439,27,0,412,427,375351,47,6,0,41,12
2020-04-27,US,Indiana,Bartholomew,232,10,0,39.20744865,-85.89558181,18005.0,222,206,10,0,196,198,82753,26,0,0,26,8
2020-04-27,US,Indiana,Benton,6,0,0,40.60626947,-87.31093999,18007.0,6,6,0,0,6,6,8653,0,0,0,0,0
2020-04-27,US,Indiana,Blackford,7,1,0,40.47388153,-85.32499702,18009.0,6,7,1,0,6,7,11930,0,0,0,0,0
2020-04-27,US,Indiana,Boone,183,20,0,40.0509304,-86.46841646,18011.0,163,182,20,0,162,182,66999,1,0,0,1,0
2020-04-27,US,Indiana,Brown,15,1,0,39.19605589,-86.22868909,18013.0,14,15,1,0,14,15,15234,0,0,0,0,0
2020-04-27,US,Indiana,Carroll,18,1,0,40.580783200000006,-86.56198812,18015.0,17,13,1,0,12,9,20127,5,0,0,5,4
2020-04-27,US,Indiana,Cass,1025,1,0,40.76135835,-86.34830753,18017.0,1024,586,1,0,585,315,37955,439,0,0,439,271
2020-04-27,US,Indiana,Clark,277,13,0,38.48015445,-85.70510334,18019.0,264,227,13,0,214,223,117360,50,0,0,50,4
2020-04-27,US,Indiana,Clay,19,1,0,39.39561833,-87.11723506,18021.0,18,19,1,0,18,19,26170,0,0,0,0,0
2020-04-27,US,Indiana,Clinton,32,1,0,40.30319754,-86.47277257,18023.0,31,31,1,0,30,30,32250,1,0,0,1,1
2020-04-27,US,Indiana,Crawford,16,0,0,38.28814402,-86.44518825,18025.0,16,16,0,0,16,16,10558,0,0,0,0,0
2020-04-27,US,Indiana,Daviess,45,9,0,38.70186039,-87.07185406,18027.0,36,43,9,0,34,43,33147,2,0,0,2,0
2020-04-27,US,Indiana,DeKalb,15,1,0,41.39804622,-84.99906934,18033.0,14,15,1,0,14,15,43226,0,0,0,0,0
2020-04-27,US,Indiana,Dearborn,85,6,0,39.14647946,-84.97333539,18029.0,79,84,5,0,79,84,49568,1,1,0,0,0
2020-04-27,US,Indiana,Decatur,194,27,0,39.30712658,-85.50087166,18031.0,167,194,27,0,167,194,26794,0,0,0,0,0
2020-04-27,US,Indiana,Delaware,147,13,0,40.22787247,-85.39732772,18035.0,134,146,11,0,135,144,114772,1,2,0,-1,2
2020-04-27,US,Indiana,Dubois,18,0,0,38.36597551,-86.87924170000002,18037.0,18,17,0,0,17,17,42565,1,0,0,1,0
2020-04-27,US,Indiana,Elkhart,247,5,0,41.59761169,-85.85875695,18039.0,242,245,4,0,241,238,205560,2,1,0,1,7
2020-04-27,US,Indiana,Fayette,25,4,0,39.63684962,-85.17797541,18041.0,21,25,4,0,21,25,23047,0,0,0,0,0
2020-04-27,US,Indiana,Floyd,164,12,0,38.32117957,-85.90385377,18043.0,152,164,12,0,152,163,77781,0,0,0,0,1
2020-04-27,US,Indiana,Fountain,9,2,0,40.12361933,-87.24217689,18045.0,7,9,2,0,7,9,16351,0,0,0,0,0
2020-04-27,US,Indiana,Franklin,94,7,0,39.4142482,-85.06062647,18047.0,87,94,7,0,87,94,22736,0,0,0,0,0
2020-04-27,US,Indiana,Fulton,23,0,0,41.0469907,-86.26252745,18049.0,23,13,0,0,13,10,20092,10,0,0,10,3
2020-04-27,US,Indiana,Gibson,6,0,0,38.30393723,-87.58054938,18051.0,6,6,0,0,6,6,33452,0,0,0,0,0
2020-04-27,US,Indiana,Grant,117,7,0,40.51587228,-85.65468702,18053.0,110,114,6,0,108,113,65936,3,1,0,2,1
2020-04-27,US,Indiana,Greene,47,5,0,39.03630547,-86.96223202,18055.0,42,47,5,0,42,46,32006,0,0,0,0,1
2020-04-27,US,Indiana,Hamilton,720,52,0,40.07306535,-86.05244729,18057.0,668,704,51,0,653,699,330086,16,1,0,15,5
2020-04-27,US,Indiana,Hancock,183,9,0,39.82304555,-85.77566351,18059.0,174,178,7,0,171,177,76351,5,2,0,3,1
2020-04-27,US,Indiana,Harrison,121,5,0,38.19467379,-86.10948271,18061.0,116,118,5,0,113,115,40350,3,0,0,3,3
2020-04-27,US,Indiana,Hendricks,643,29,0,39.76719009,-86.51037283,18063.0,614,644,29,0,615,611,167009,-1,0,0,-1,33
2020-04-27,US,Indiana,Henry,34,1,0,39.93029017,-85.39625719,18065.0,33,33,1,0,32,32,48271,1,0,0,1,1
2020-04-27,US,Indiana,Howard,152,5,0,40.48527731,-86.11351892,18067.0,147,117,5,0,112,83,82366,35,0,0,35,34
2020-04-27,US,Indiana,Huntington,9,2,0,40.82907273,-85.48822092,18069.0,7,7,2,0,5,6,36240,2,0,0,2,1
2020-04-27,US,Indiana,Jackson,118,0,0,38.90915820000001,-86.03851889,18071.0,118,114,0,0,114,108,44111,4,0,0,4,6
2020-04-27,US,Indiana,Jasper,29,1,0,41.02078733,-87.11553319,18073.0,28,28,1,0,27,34,33370,1,0,0,1,-6
2020-04-27,US,Indiana,Jay,12,0,0,40.43781032,-85.00576229,18075.0,12,11,0,0,11,11,20764,1,0,0,1,0
2020-04-27,US,Indiana,Jefferson,26,0,0,38.78576239,-85.43633383,18077.0,26,22,0,0,22,22,32208,4,0,0,4,0
2020-04-27,US,Indiana,Jennings,72,1,0,38.99588883,-85.62710784,18079.0,71,72,1,0,71,71,27611,0,0,0,0,1
2020-04-27,US,Indiana,Johnson,538,51,0,39.48994426,-86.10149107,18081.0,487,533,51,0,482,530,156225,5,0,0,5,3
2020-04-27,US,Indiana,Knox,20,0,0,38.68861576,-87.4194665,18083.0,20,20,0,0,20,20,36895,0,0,0,0,0
2020-04-27,US,Indiana,Kosciusko,29,1,0,41.24521668,-85.86312322,18085.0,28,29,1,0,28,27,79344,0,0,0,0,2
2020-04-27,US,Indiana,LaGrange,23,2,0,41.64232188,-85.42674232,18087.0,21,22,1,0,21,21,39330,1,1,0,0,1
2020-04-27,US,Indiana,LaPorte,192,5,0,41.54366008,-86.74072188,18091.0,187,188,5,0,183,156,110007,4,0,0,4,32
2020-04-27,US,Indiana,Lake,1586,70,0,41.41874274,-87.38277575,18089.0,1516,1533,69,0,1464,1515,484411,53,1,0,52,18
2020-04-27,US,Indiana,Lawrence,93,11,0,38.84112637,-86.48361629,18093.0,82,92,11,0,81,92,45668,1,0,0,1,0
2020-04-27,US,Indiana,Madison,396,45,0,40.16143691,-85.71964711,18095.0,351,394,45,0,349,395,129641,2,0,0,2,-1
2020-04-27,US,Indiana,Marion,4926,267,0,39.78163624,-86.13826325,18097.0,4659,4796,259,0,4537,4727,954670,130,8,0,122,69
2020-04-27,US,Indiana,Marshall,29,1,0,41.32467367,-86.26185087,18099.0,28,27,1,0,26,26,46248,2,0,0,2,1
2020-04-27,US,Indiana,Martin,7,0,0,38.7099921,-86.80373186,18101.0,7,7,0,0,7,7,10217,0,0,0,0,0
2020-04-27,US,Indiana,Miami,93,0,0,40.76940965,-86.04525048,18103.0,93,65,0,0,65,42,35567,28,0,0,28,23
2020-04-27,US,Indiana,Monroe,120,7,0,39.16130004,-86.52414358,18105.0,113,120,7,0,113,120,146917,0,0,0,0,0
2020-04-27,US,Indiana,Montgomery,35,0,0,40.04034823,-86.89335024,18107.0,35,33,0,0,33,30,38346,2,0,0,2,3
2020-04-27,US,Indiana,Morgan,132,4,0,39.47899078,-86.44573375,18109.0,128,131,4,0,127,133,70116,1,0,0,1,-2
2020-04-27,US,Indiana,Newton,46,5,0,40.95610449,-87.39635768,18111.0,41,46,5,0,41,44,14011,0,0,0,0,2
2020-04-27,US,Indiana,Noble,56,7,0,41.39672484,-85.41966713,18113.0,49,54,7,0,47,51,47532,2,0,0,2,3
2020-04-27,US,Indiana,Ohio,3,0,0,38.955304999999996,-84.96515993,18115.0,3,3,0,0,3,3,5844,0,0,0,0,0
2020-04-27,US,Indiana,Orange,60,8,0,38.54118920000001,-86.49523093,18117.0,52,60,6,0,54,57,19489,0,2,0,-2,3
2020-04-27,US,Indiana,Owen,22,1,0,39.31145587,-86.83900724,18119.0,21,22,1,0,21,22,20845,0,0,0,0,0
2020-04-27,US,Indiana,Parke,12,0,0,39.77202286,-87.20375833,18121.0,12,12,0,0,12,12,16927,0,0,0,0,0
2020-04-27,US,Indiana,Perry,8,0,0,38.07809328,-86.63741946,18123.0,8,6,0,0,6,6,19102,2,0,0,2,0
2020-04-27,US,Indiana,Pike,1,0,0,38.40112197,-87.23574907,18125.0,1,1,0,0,1,1,12410,0,0,0,0,0
2020-04-27,US,Indiana,Porter,215,5,0,41.45986947,-87.06848888,18127.0,210,212,5,0,207,210,169594,3,0,0,3,2
2020-04-27,US,Indiana,Posey,9,0,0,38.02097333,-87.86480429,18129.0,9,9,0,0,9,9,25540,0,0,0,0,0
2020-04-27,US,Indiana,Pulaski,18,0,0,41.04166107,-86.69890683,18131.0,18,13,0,0,13,9,12469,5,0,0,5,4
2020-04-27,US,Indiana,Putnam,58,4,0,39.66437981,-86.84517605,18133.0,54,58,4,0,54,58,37779,0,0,0,0,0
2020-04-27,US,Indiana,Randolph,14,2,0,40.15734772,-85.01139319,18135.0,12,14,2,0,12,14,24851,0,0,0,0,0
2020-04-27,US,Indiana,Ripley,90,5,0,39.10235626,-85.26212744,18137.0,85,89,5,0,84,89,28523,1,0,0,1,0
2020-04-27,US,Indiana,Rush,30,1,0,39.62002287,-85.4655599,18139.0,29,29,1,0,28,28,16663,1,0,0,1,1
2020-04-27,US,Indiana,Scott,38,2,0,38.68672078,-85.74627859,18143.0,36,37,2,0,35,36,23878,1,0,0,1,1
2020-04-27,US,Indiana,Shelby,184,8,0,39.52305623,-85.79158570000001,18145.0,176,180,6,0,174,176,44593,4,2,0,2,4
2020-04-27,US,Indiana,Spencer,5,0,0,38.01519732,-87.0079644,18147.0,5,5,0,0,5,5,20327,0,0,0,0,0
2020-04-27,US,Indiana,St. Joseph,586,15,0,41.61756781,-86.29040834,18141.0,571,576,14,0,562,553,270771,10,1,0,9,23
2020-04-27,US,Indiana,Starke,15,1,0,41.27890281,-86.64686895,18149.0,14,15,1,0,14,13,22935,0,0,0,0,2
2020-04-27,US,Indiana,Steuben,21,1,0,41.64423868,-85.00101094,18151.0,20,21,1,0,20,21,34586,0,0,0,0,0
2020-04-27,US,Indiana,Sullivan,13,0,0,39.08952258,-87.41414469,18153.0,13,13,0,0,13,12,20690,0,0,0,0,1
2020-04-27,US,Indiana,Switzerland,14,0,0,38.82767338,-85.03022429,18155.0,14,14,0,0,14,14,10717,0,0,0,0,0
2020-04-27,US,Indiana,Tippecanoe,90,2,0,40.38872739,-86.89413959,18157.0,88,75,2,0,73,71,193048,15,0,0,15,4
2020-04-27,US,Indiana,Tipton,18,1,0,40.31123252,-86.05234925,18159.0,17,17,1,0,16,17,15128,1,0,0,1,0
2020-04-27,US,Indiana,Union,6,0,0,39.62550777,-84.92497066,18161.0,6,6,0,0,6,7,7037,0,0,0,0,-1
2020-04-27,US,Indiana,Vanderburgh,119,2,0,38.02658833,-87.58763124,18163.0,117,117,1,0,116,113,180974,2,1,0,1,4
2020-04-27,US,Indiana,Vermillion,7,0,0,39.8523352,-87.46160542,18165.0,7,7,0,0,7,7,15479,0,0,0,0,0
2020-04-27,US,Indiana,Vigo,62,5,0,39.42944561,-87.39169027,18167.0,57,62,5,0,57,62,107386,0,0,0,0,0
2020-04-27,US,Indiana,Wabash,22,1,0,40.84704239,-85.79328272,18169.0,21,19,1,0,18,12,31280,3,0,0,3,7
2020-04-27,US,Indiana,Warren,11,1,0,40.34728141,-87.35602659,18171.0,10,11,1,0,10,11,8263,0,0,0,0,0
2020-04-27,US,Indiana,Warrick,83,13,0,38.08922676,-87.2716085,18173.0,70,82,12,0,70,80,62567,1,1,0,0,2
2020-04-27,US,Indiana,Washington,40,0,0,38.60219804,-86.1049363,18175.0,40,40,0,0,40,40,27943,0,0,0,0,0
2020-04-27,US,Indiana,Wayne,33,3,0,39.863344399999995,-85.01044989,18177.0,30,31,3,0,28,31,65936,2,0,0,2,0
2020-04-27,US,Indiana,Wells,5,0,0,40.72934187,-85.22132966,18179.0,5,5,0,0,5,6,28206,0,0,0,0,-1
2020-04-27,US,Indiana,White,34,0,0,40.74911165,-86.86492015,18181.0,34,26,0,0,26,18,24133,8,0,0,8,8
2020-04-27,US,Indiana,Whitley,16,1,0,41.13863784,-85.50791236,18183.0,15,16,1,0,15,16,34074,0,0,0,0,0
2020-04-27,US,Iowa,Adair,1,0,0,41.33075609,-94.47105874,19001.0,1,1,0,0,1,1,7063,0,0,0,0,0
2020-04-27,US,Iowa,Allamakee,72,3,0,43.28383218,-91.37860922,19005.0,69,68,3,0,65,56,13832,4,0,0,4,12
2020-04-27,US,Iowa,Appanoose,2,2,0,40.74324454,-92.86865906,19007.0,0,2,2,0,0,2,12437,0,0,0,0,0
2020-04-27,US,Iowa,Audubon,1,0,0,41.6844628,-94.90581859,19009.0,1,1,0,0,1,1,5506,0,0,0,0,0
2020-04-27,US,Iowa,Benton,27,1,0,42.08011739,-92.06463573,19011.0,26,27,1,0,26,26,25642,0,0,0,0,1
2020-04-27,US,Iowa,Black Hawk,844,11,0,42.4704581,-92.30524729,19013.0,833,714,9,0,705,691,132408,130,2,0,128,23
2020-04-27,US,Iowa,Boone,7,0,0,42.03657094,-93.9313999,19015.0,7,7,0,0,7,6,26346,0,0,0,0,1
2020-04-27,US,Iowa,Bremer,45,3,0,42.77461496,-92.31795937,19017.0,42,41,2,0,39,38,24947,4,1,0,3,3
2020-04-27,US,Iowa,Buchanan,12,0,0,42.4709188,-91.83510825,19019.0,12,12,0,0,12,12,21199,0,0,0,0,0
2020-04-27,US,Iowa,Buena Vista,4,0,0,42.73545875,-95.15100162,19021.0,4,4,0,0,4,3,19874,0,0,0,0,1
2020-04-27,US,Iowa,Butler,8,0,0,42.73172833,-92.79015971,19023.0,8,4,0,0,4,4,14539,4,0,0,4,0
2020-04-27,US,Iowa,Carroll,1,0,0,42.03617207,-94.86032705,19027.0,1,1,0,0,1,1,20154,0,0,0,0,0
2020-04-27,US,Iowa,Cass,1,0,0,41.33149454,-94.92792482,19029.0,1,1,0,0,1,1,12930,0,0,0,0,0
2020-04-27,US,Iowa,Cedar,28,0,0,41.77233777,-91.13246684,19031.0,28,28,0,0,28,28,18627,0,0,0,0,0
2020-04-27,US,Iowa,Cerro Gordo,14,0,0,43.08177563,-93.2612239,19033.0,14,14,0,0,14,14,42647,0,0,0,0,0
2020-04-27,US,Iowa,Cherokee,2,0,0,42.73538914,-95.62389402,19035.0,2,2,0,0,2,2,11321,0,0,0,0,0
2020-04-27,US,Iowa,Chickasaw,4,0,0,43.06001295,-92.31773347,19037.0,4,4,0,0,4,4,11964,0,0,0,0,0
2020-04-27,US,Iowa,Clarke,2,0,0,41.02868181,-93.78499767,19039.0,2,2,0,0,2,2,9423,0,0,0,0,0
2020-04-27,US,Iowa,Clay,3,0,0,43.08247182,-95.15096481,19041.0,3,3,0,0,3,3,16134,0,0,0,0,0
2020-04-27,US,Iowa,Clayton,13,1,0,42.84443388,-91.34133693,19043.0,12,12,1,0,11,11,17556,1,0,0,1,1
2020-04-27,US,Iowa,Clinton,48,1,0,41.89981633,-90.53275096,19045.0,47,47,1,0,46,47,46518,1,0,0,1,0
2020-04-27,US,Iowa,Crawford,14,1,0,42.03718237,-95.3819718,19047.0,13,14,1,0,13,10,17158,0,0,0,0,4
2020-04-27,US,Iowa,Dallas,179,0,0,41.68560356,-94.04127625,19049.0,179,169,0,0,169,130,90180,10,0,0,10,39
2020-04-27,US,Iowa,Delaware,4,0,0,42.47104597,-91.3664492,19055.0,4,4,0,0,4,4,17069,0,0,0,0,0
2020-04-27,US,Iowa,Des Moines,17,1,0,40.92012606,-91.18326592,19057.0,16,16,1,0,15,16,39138,1,0,0,1,0
2020-04-27,US,Iowa,Dickinson,5,0,0,43.37787725,-95.1510206,19059.0,5,5,0,0,5,5,17153,0,0,0,0,0
2020-04-27,US,Iowa,Dubuque,87,2,0,42.46815349,-90.88181925,19061.0,85,80,1,0,79,70,96854,7,1,0,6,10
2020-04-27,US,Iowa,Fayette,16,0,0,42.86271799,-91.84412309999999,19065.0,16,15,0,0,15,12,19660,1,0,0,1,3
2020-04-27,US,Iowa,Franklin,2,0,0,42.73270384,-93.26256925,19069.0,2,2,0,0,2,2,10124,0,0,0,0,0
2020-04-27,US,Iowa,Greene,2,0,0,42.03614551,-94.39658081,19073.0,2,1,0,0,1,1,8981,1,0,0,1,0
2020-04-27,US,Iowa,Grundy,9,0,0,42.40183723,-92.78829551,19075.0,9,8,0,0,8,8,12304,1,0,0,1,0
2020-04-27,US,Iowa,Guthrie,6,0,0,41.68378965,-94.50111014,19077.0,6,6,0,0,6,6,10720,0,0,0,0,0
2020-04-27,US,Iowa,Hamilton,7,0,0,42.38382428,-93.70197703,19079.0,7,7,0,0,7,7,14952,0,0,0,0,0
2020-04-27,US,Iowa,Hancock,3,0,0,43.08178477,-93.73454884,19081.0,3,3,0,0,3,3,10712,0,0,0,0,0
2020-04-27,US,Iowa,Hardin,7,0,0,42.38353877,-93.23654611,19083.0,7,6,0,0,6,5,16868,1,0,0,1,1
2020-04-27,US,Iowa,Harrison,15,0,0,41.68330137,-95.81558439,19085.0,15,15,0,0,15,15,14134,0,0,0,0,0
2020-04-27,US,Iowa,Henry,32,1,0,40.98767962,-91.54436349,19087.0,31,31,1,0,30,31,20067,1,0,0,1,0
2020-04-27,US,Iowa,Howard,6,0,0,43.35671042,-92.31702714,19089.0,6,6,0,0,6,4,9187,0,0,0,0,2
2020-04-27,US,Iowa,Humboldt,4,0,0,42.7764426,-94.20722537,19091.0,4,4,0,0,4,4,9547,0,0,0,0,0
2020-04-27,US,Iowa,Iowa,18,0,0,41.68630265,-92.0643373,19095.0,18,17,0,0,17,16,16141,1,0,0,1,1
2020-04-27,US,Iowa,Jackson,5,0,0,42.17178824,-90.57354837,19097.0,5,5,0,0,5,5,19432,0,0,0,0,0
2020-04-27,US,Iowa,Jasper,91,0,0,41.68576082,-93.05567785,19099.0,91,83,0,0,83,78,37147,8,0,0,8,5
2020-04-27,US,Iowa,Jefferson,6,0,0,41.03192394,-91.94849466,19101.0,6,6,0,0,6,6,18381,0,0,0,0,0
2020-04-27,US,Iowa,Johnson,437,6,0,41.67169354,-91.58754744,19103.0,431,426,6,0,420,418,151260,11,0,0,11,8
2020-04-27,US,Iowa,Jones,19,0,0,42.12118609,-91.13139641,19105.0,19,18,0,0,18,18,20744,1,0,0,1,0
2020-04-27,US,Iowa,Keokuk,2,0,0,41.33649833,-92.1785067,19107.0,2,2,0,0,2,4,10225,0,0,0,0,-2
2020-04-27,US,Iowa,Kossuth,1,0,0,43.20405458,-94.20691791,19109.0,1,1,0,0,1,1,14908,0,0,0,0,0
2020-04-27,US,Iowa,Lee,5,0,0,40.64181461,-91.48183025,19111.0,5,5,0,0,5,4,34055,0,0,0,0,1
2020-04-27,US,Iowa,Linn,613,34,0,42.07923082,-91.59809485,19113.0,579,573,34,0,539,548,225909,40,0,0,40,25
2020-04-27,US,Iowa,Louisa,267,2,0,41.21842119,-91.26102611,19115.0,265,266,2,0,264,261,11169,1,0,0,1,5
2020-04-27,US,Iowa,Lyon,9,0,0,43.38107862,-96.20926845,19119.0,9,7,0,0,7,6,11811,2,0,0,2,1
2020-04-27,US,Iowa,Madison,3,1,0,41.33081904,-94.01554631,19121.0,2,3,1,0,2,3,16249,0,0,0,0,0
2020-04-27,US,Iowa,Mahaska,9,1,0,41.33521503,-92.64083907,19123.0,8,9,1,0,8,8,22000,0,0,0,0,1
2020-04-27,US,Iowa,Marion,7,0,0,41.33445101,-93.09934783,19125.0,7,7,0,0,7,6,33407,0,0,0,0,1
2020-04-27,US,Iowa,Marshall,408,0,0,42.03586837,-92.99908190000001,19127.0,408,380,0,0,380,345,39981,28,0,0,28,35
2020-04-27,US,Iowa,Mills,3,0,0,41.03299766,-95.61920963,19129.0,3,2,0,0,2,2,15063,1,0,0,1,0
2020-04-27,US,Iowa,Mitchell,2,0,0,43.35638371,-92.78887719,19131.0,2,2,0,0,2,2,10569,0,0,0,0,0
2020-04-27,US,Iowa,Monona,7,0,0,42.05220391,-95.95743843,19133.0,7,7,0,0,7,7,8679,0,0,0,0,0
2020-04-27,US,Iowa,Montgomery,1,0,0,41.03018714,-95.15642896,19137.0,1,1,0,0,1,1,10003,0,0,0,0,0
2020-04-27,US,Iowa,Muscatine,311,7,0,41.48370744,-91.11216970000001,19139.0,304,305,7,0,298,295,42929,6,0,0,6,10
2020-04-27,US,Iowa,O'Brien,6,0,0,43.08310673,-95.62474482,19141.0,6,5,0,0,5,4,13840,1,0,0,1,1
2020-04-27,US,Iowa,Osceola,8,0,0,43.37824276,-95.62422844,19143.0,8,7,0,0,7,7,6040,1,0,0,1,0
2020-04-27,US,Iowa,Page,5,0,0,40.7393172,-95.1497813,19145.0,5,5,0,0,5,5,15249,0,0,0,0,0
2020-04-27,US,Iowa,Plymouth,10,0,0,42.737633,-96.21366621,19149.0,10,11,0,0,11,11,25095,-1,0,0,-1,0
2020-04-27,US,Iowa,Pocahontas,1,0,0,42.73420133,-94.67862564,19151.0,1,,,,,,6740,,,,,
2020-04-27,US,Iowa,Polk,756,27,0,41.68679484,-93.57767461,19153.0,729,732,24,0,708,660,487204,24,3,0,21,72
2020-04-27,US,Iowa,Pottawattamie,27,1,0,41.33640314,-95.53907776,19155.0,26,25,1,0,24,20,93533,2,0,0,2,5
2020-04-27,US,Iowa,Poweshiek,50,2,0,41.68625425,-92.53155731,19157.0,48,50,1,0,49,50,18699,0,1,0,-1,0
2020-04-27,US,Iowa,Scott,216,5,0,41.63935978,-90.61959493,19163.0,211,208,5,0,203,206,173283,8,0,0,8,2
2020-04-27,US,Iowa,Shelby,9,0,0,41.6850066,-95.31015553,19165.0,9,9,0,0,9,9,11578,0,0,0,0,0
2020-04-27,US,Iowa,Sioux,7,0,0,43.08221074,-96.17675679999999,19167.0,7,7,0,0,7,7,34909,0,0,0,0,0
2020-04-27,US,Iowa,Story,25,0,0,42.03621213,-93.46499005,19169.0,25,23,0,0,23,22,98105,2,0,0,2,1
2020-04-27,US,Iowa,Tama,259,7,0,42.07991767,-92.53266945,19171.0,252,263,7,0,256,261,16904,-4,0,0,-4,2
2020-04-27,US,Iowa,Taylor,1,0,0,40.73710579,-94.69778563,19173.0,1,1,0,0,1,1,6191,0,0,0,0,0
2020-04-27,US,Iowa,Unassigned,7,0,0,0.0,0.0,90019.0,7,6,0,0,6,5,,1,0,0,1,1
2020-04-27,US,Iowa,Union,1,0,0,41.0277278,-94.24234847,19175.0,1,1,0,0,1,1,12359,0,0,0,0,0
2020-04-27,US,Iowa,Van Buren,8,0,0,40.75326764,-91.95017958,19177.0,8,8,0,0,8,8,7020,0,0,0,0,0
2020-04-27,US,Iowa,Wapello,10,0,0,41.03064984,-92.40954728,19179.0,10,9,0,0,9,7,35205,1,0,0,1,2
2020-04-27,US,Iowa,Warren,20,0,0,41.33559454,-93.56007641,19181.0,20,19,0,0,19,19,51056,1,0,0,1,0
2020-04-27,US,Iowa,Washington,136,6,0,41.33577126,-91.71725711,19183.0,130,132,5,0,127,132,22141,4,1,0,3,0
2020-04-27,US,Iowa,Webster,4,0,0,42.42853483,-94.17987389,19187.0,4,4,0,0,4,4,36277,0,0,0,0,0
2020-04-27,US,Iowa,Winnebago,2,0,0,43.37751174,-93.73407298,19189.0,2,2,0,0,2,2,10518,0,0,0,0,0
2020-04-27,US,Iowa,Winneshiek,24,0,0,43.29094334,-91.84422722,19191.0,24,24,0,0,24,12,20029,0,0,0,0,12
2020-04-27,US,Iowa,Woodbury,495,1,0,42.38979414,-96.0459439,19193.0,494,409,1,0,408,316,102539,86,0,0,86,93
2020-04-27,US,Iowa,Worth,1,0,0,43.37750768,-93.26087602,19195.0,1,1,0,0,1,1,7453,0,0,0,0,0
2020-04-27,US,Iowa,Wright,2,0,0,42.73305373,-93.73515113,19197.0,2,2,0,0,2,2,12690,0,0,0,0,0
2020-04-27,US,Kansas,Atchison,9,0,0,39.53185661,-95.30870026,20005.0,9,9,0,0,9,8,16193,0,0,0,0,1
2020-04-27,US,Kansas,Barber,1,0,0,37.2288586,-98.68460053,20007.0,1,1,0,0,1,1,4472,0,0,0,0,0
2020-04-27,US,Kansas,Barton,9,0,0,38.47889676,-98.75636726,20009.0,9,9,0,0,9,9,26111,0,0,0,0,0
2020-04-27,US,Kansas,Bourbon,6,1,0,37.85508555,-94.84865997,20011.0,5,6,1,0,5,6,14653,0,0,0,0,0
2020-04-27,US,Kansas,Butler,14,0,0,37.78134351,-96.83878537,20015.0,14,13,0,0,13,13,66765,1,0,0,1,0
2020-04-27,US,Kansas,Chase,1,0,0,38.30292938,-96.59563862,20017.0,1,1,0,0,1,1,2629,0,0,0,0,0
2020-04-27,US,Kansas,Chautauqua,3,0,0,37.14994405,-96.2454192,20019.0,3,3,0,0,3,3,3309,0,0,0,0,0
2020-04-27,US,Kansas,Cherokee,7,0,0,37.16928494,-94.8462897,20021.0,7,7,0,0,7,7,20015,0,0,0,0,0
2020-04-27,US,Kansas,Clark,1,0,0,37.23577007,-99.81883015,20025.0,1,1,0,0,1,1,2005,0,0,0,0,0
2020-04-27,US,Kansas,Clay,4,1,0,39.34948772,-97.16518128,20027.0,3,4,0,0,4,4,7997,0,1,0,-1,0
2020-04-27,US,Kansas,Cloud,3,0,0,39.48028352,-97.64925343,20029.0,3,3,0,0,3,3,8729,0,0,0,0,0
2020-04-27,US,Kansas,Coffey,48,7,0,38.2365018,-95.73379515,20031.0,41,48,7,0,41,48,8233,0,0,0,0,0
2020-04-27,US,Kansas,Cowley,3,1,0,37.23781842,-96.83776647,20035.0,2,2,1,0,1,2,35218,1,0,0,1,0
2020-04-27,US,Kansas,Crawford,7,1,0,37.50675523,-94.85245778,20037.0,6,7,1,0,6,6,39019,0,0,0,0,1
2020-04-27,US,Kansas,Dickinson,2,0,0,38.86600962,-97.15532383,20041.0,2,2,0,0,2,1,18717,0,0,0,0,1
2020-04-27,US,Kansas,Doniphan,3,0,0,39.79067154,-95.14056866,20043.0,3,3,0,0,3,3,7682,0,0,0,0,0
2020-04-27,US,Kansas,Douglas,49,0,0,38.88503636,-95.2925121,20045.0,49,48,0,0,48,48,121436,1,0,0,1,0
2020-04-27,US,Kansas,Edwards,2,0,0,37.88735543,-99.31263309,20047.0,2,1,0,0,1,1,2849,1,0,0,1,0
2020-04-27,US,Kansas,Ellis,8,0,0,38.91458712,-99.31751551,20051.0,8,8,0,0,8,8,28710,0,0,0,0,0
2020-04-27,US,Kansas,Finney,238,1,0,38.04340344,-100.73819379999999,20055.0,237,202,1,0,201,162,36611,36,0,0,36,40
2020-04-27,US,Kansas,Ford,516,0,0,37.69200114,-99.88825298,20057.0,516,459,0,0,459,419,33888,57,0,0,57,40
2020-04-27,US,Kansas,Franklin,12,0,0,38.56443815,-95.28644341,20059.0,12,12,0,0,12,12,25631,0,0,0,0,0
2020-04-27,US,Kansas,Geary,10,0,0,38.99871131,-96.7577178,20061.0,10,10,0,0,10,10,32594,0,0,0,0,0
2020-04-27,US,Kansas,Gove,1,0,0,38.91588178,-100.4829321,20063.0,1,1,0,0,1,1,2612,0,0,0,0,0
2020-04-27,US,Kansas,Grant,1,0,0,37.56227336,-101.3079758,20067.0,1,1,0,0,1,1,7336,0,0,0,0,0
2020-04-27,US,Kansas,Gray,3,0,0,37.73836671,-100.4369088,20069.0,3,2,0,0,2,2,6033,1,0,0,1,0
2020-04-27,US,Kansas,Greenwood,3,0,0,37.8774388,-96.23250453,20073.0,3,3,0,0,3,3,6055,0,0,0,0,0
2020-04-27,US,Kansas,Hamilton,2,0,0,37.99978709,-101.7921066,20075.0,2,2,0,0,2,2,2607,0,0,0,0,0
2020-04-27,US,Kansas,Harvey,6,0,0,38.04293782,-97.42747573,20079.0,6,5,0,0,5,5,34210,1,0,0,1,0
2020-04-27,US,Kansas,Haskell,7,0,0,37.562039399999996,-100.8710738,20081.0,7,7,0,0,7,7,3997,0,0,0,0,0
2020-04-27,US,Kansas,Jackson,2,0,0,39.41673394,-95.79356799,20085.0,2,2,0,0,2,1,13280,0,0,0,0,1
2020-04-27,US,Kansas,Jefferson,8,0,0,39.2347941,-95.38289232,20087.0,8,8,0,0,8,8,18975,0,0,0,0,0
2020-04-27,US,Kansas,Jewell,4,0,0,39.78470589,-98.21820662,20089.0,4,4,0,0,4,4,2841,0,0,0,0,0
2020-04-27,US,Kansas,Johnson,440,39,0,38.88548175,-94.82250877,20091.0,401,430,38,0,392,424,597555,10,1,0,9,6
2020-04-27,US,Kansas,Kearny,12,0,0,38.00017981,-101.32168100000001,20093.0,12,11,0,0,11,11,3943,1,0,0,1,0
2020-04-27,US,Kansas,Kiowa,1,0,0,37.55848695,-99.2856537,20097.0,1,1,0,0,1,1,2516,0,0,0,0,0
2020-04-27,US,Kansas,Labette,21,0,0,37.19113093,-95.29849679,20099.0,21,21,0,0,21,21,19964,0,0,0,0,0
2020-04-27,US,Kansas,Leavenworth,184,4,0,39.20183497,-95.03620809,20103.0,180,177,3,0,174,169,81352,7,1,0,6,8
2020-04-27,US,Kansas,Linn,6,0,0,38.21267844,-94.84254089,20107.0,6,6,0,0,6,6,9750,0,0,0,0,0
2020-04-27,US,Kansas,Lyon,177,1,0,38.45576156,-96.15275715,20111.0,176,176,1,0,175,176,33406,1,0,0,1,0
2020-04-27,US,Kansas,Marion,5,1,0,38.35855394,-97.09852509999999,20115.0,4,5,1,0,4,5,11950,0,0,0,0,0
2020-04-27,US,Kansas,McPherson,20,0,0,38.39184858,-97.64769869,20113.0,20,20,0,0,20,20,28537,0,0,0,0,0
2020-04-27,US,Kansas,Meade,2,0,0,37.23859987,-100.36483100000001,20119.0,2,2,0,0,2,1,4146,0,0,0,0,1
2020-04-27,US,Kansas,Miami,5,0,0,38.56383358,-94.83832189,20121.0,5,5,0,0,5,5,33680,0,0,0,0,0
2020-04-27,US,Kansas,Mitchell,2,0,0,39.39331582,-98.20906732,20123.0,2,2,0,0,2,2,6150,0,0,0,0,0
2020-04-27,US,Kansas,Montgomery,16,2,0,37.19236568,-95.74329258,20125.0,14,16,2,0,14,16,32120,0,0,0,0,0
2020-04-27,US,Kansas,Morris,3,0,0,38.68827511,-96.65128437,20127.0,3,3,0,0,3,3,5521,0,0,0,0,0
2020-04-27,US,Kansas,Morton,2,0,0,37.19141121,-101.79925190000002,20129.0,2,2,0,0,2,2,2667,0,0,0,0,0
2020-04-27,US,Kansas,Nemaha,1,0,0,39.78345387,-96.01392079,20131.0,1,,,,,,10155,,,,,
2020-04-27,US,Kansas,Neosho,2,0,0,37.55862897,-95.30670046,20133.0,2,2,0,0,2,2,15951,0,0,0,0,0
2020-04-27,US,Kansas,Osage,5,0,0,38.65235984,-95.72707998,20139.0,5,5,0,0,5,5,15941,0,0,0,0,0
2020-04-27,US,Kansas,Osborne,2,0,0,39.3503437,-98.76753828,20141.0,2,2,0,0,2,2,3475,0,0,0,0,0
2020-04-27,US,Kansas,Ottawa,3,0,0,39.13237408,-97.65020313,20143.0,3,3,0,0,3,3,5802,0,0,0,0,0
2020-04-27,US,Kansas,Phillips,1,0,0,39.78465501,-99.34668865,20147.0,1,1,0,0,1,1,5317,0,0,0,0,0
2020-04-27,US,Kansas,Pottawatomie,9,0,0,39.37925655,-96.34564657,20149.0,9,9,0,0,9,9,24277,0,0,0,0,0
2020-04-27,US,Kansas,Pratt,1,0,0,37.64780729,-98.73922153,20151.0,1,1,0,0,1,1,9378,0,0,0,0,0
2020-04-27,US,Kansas,Reno,27,0,0,37.95230263,-98.08607292,20155.0,27,26,0,0,26,24,62342,1,0,0,1,2
2020-04-27,US,Kansas,Republic,4,0,0,39.82799632,-97.65036709,20157.0,4,4,0,0,4,4,4664,0,0,0,0,0
2020-04-27,US,Kansas,Rice,3,0,0,38.34616184,-98.19992118,20159.0,3,3,0,0,3,3,9531,0,0,0,0,0
2020-04-27,US,Kansas,Riley,45,0,0,39.28935726,-96.73420026,20161.0,45,44,0,0,44,43,73703,1,0,0,1,1
2020-04-27,US,Kansas,Rooks,6,0,0,39.35022773,-99.32484567,20163.0,6,6,0,0,6,5,5013,0,0,0,0,1
2020-04-27,US,Kansas,Saline,20,2,0,38.78369175,-97.65185177,20169.0,18,19,2,0,17,19,54401,1,0,0,1,0
2020-04-27,US,Kansas,Scott,1,0,0,38.48222076,-100.90665390000001,20171.0,1,1,0,0,1,1,4897,0,0,0,0,0
2020-04-27,US,Kansas,Sedgwick,339,6,0,37.6842718,-97.4608198,20173.0,333,338,6,0,332,334,513607,1,0,0,1,4
2020-04-27,US,Kansas,Seward,393,0,0,37.19324632,-100.85072009999999,20175.0,393,336,0,0,336,314,21780,57,0,0,57,22
2020-04-27,US,Kansas,Shawnee,106,5,0,39.04100763,-95.75572640000001,20177.0,101,101,5,0,96,101,177499,5,0,0,5,0
2020-04-27,US,Kansas,Sheridan,2,0,0,39.35018161,-100.44182590000001,20179.0,2,2,0,0,2,2,2533,0,0,0,0,0
2020-04-27,US,Kansas,Sherman,3,0,0,39.35147699,-101.71976240000001,20181.0,3,3,0,0,3,3,5899,0,0,0,0,0
2020-04-27,US,Kansas,Smith,2,0,0,39.78516566,-98.78566062,20183.0,2,2,0,0,2,2,3603,0,0,0,0,0
2020-04-27,US,Kansas,Stafford,1,0,0,38.03100851,-98.71762001,20185.0,1,1,0,0,1,1,4178,0,0,0,0,0
2020-04-27,US,Kansas,Stanton,4,0,0,37.56304714,-101.78435340000001,20187.0,4,4,0,0,4,4,1987,0,0,0,0,0
2020-04-27,US,Kansas,Stevens,7,0,0,37.1923008,-101.3118967,20189.0,7,6,0,0,6,6,5559,1,0,0,1,0
2020-04-27,US,Kansas,Sumner,3,1,0,37.23682549,-97.47721621,20191.0,2,3,1,0,2,3,22996,0,0,0,0,0
2020-04-27,US,Kansas,Wabaunsee,15,0,0,38.95471985,-96.20350509,20197.0,15,13,0,0,13,10,6899,2,0,0,2,3
2020-04-27,US,Kansas,Wilson,1,0,0,37.55937174,-95.74323255,20205.0,1,1,0,0,1,1,8665,0,0,0,0,0
2020-04-27,US,Kansas,Woodson,5,0,0,37.8865336,-95.74006277,20207.0,5,5,0,0,5,5,3183,0,0,0,0,0
2020-04-27,US,Kansas,Wyandotte,573,53,0,39.11727348,-94.76378225,20209.0,520,565,51,0,514,555,165324,8,2,0,6,10
2020-04-27,US,Kentucky,Adair,77,9,0,37.10459774,-85.28129668,21001.0,68,83,9,0,74,83,19215,-6,0,0,-6,0
2020-04-27,US,Kentucky,Allen,8,0,0,36.75197631,-86.19457544,21003.0,8,7,0,0,7,7,21122,1,0,0,1,0
2020-04-27,US,Kentucky,Anderson,8,1,0,38.00671029,-84.99171713,21005.0,7,8,1,0,7,7,22663,0,0,0,0,1
2020-04-27,US,Kentucky,Ballard,7,0,0,37.05842757,-88.99427697,21007.0,7,7,0,0,7,5,7979,0,0,0,0,2
2020-04-27,US,Kentucky,Barren,15,0,0,36.96469836,-85.93338945,21009.0,15,13,0,0,13,13,44176,2,0,0,2,0
2020-04-27,US,Kentucky,Bath,4,0,0,38.14735938,-83.74588932,21011.0,4,4,0,0,4,4,12383,0,0,0,0,0
2020-04-27,US,Kentucky,Boone,116,2,0,38.97065142,-84.72615357,21015.0,114,113,2,0,111,103,131533,3,0,0,3,10
2020-04-27,US,Kentucky,Bourbon,7,1,0,38.2054607,-84.21827874,21017.0,6,7,1,0,6,7,20184,0,0,0,0,0
2020-04-27,US,Kentucky,Boyd,33,3,0,38.36176608,-82.68652187,21019.0,30,33,3,0,30,33,47240,0,0,0,0,0
2020-04-27,US,Kentucky,Boyle,17,0,0,37.62680923,-84.8633779,21021.0,17,17,0,0,17,17,30100,0,0,0,0,0
2020-04-27,US,Kentucky,Bracken,7,0,0,38.69158994,-84.08532444,21023.0,7,7,0,0,7,7,8239,0,0,0,0,0
2020-04-27,US,Kentucky,Breathitt,2,0,0,37.52333168,-83.31959161,21025.0,2,2,0,0,2,2,12726,0,0,0,0,0
2020-04-27,US,Kentucky,Breckinridge,8,0,0,37.77377239,-86.42885017,21027.0,8,8,0,0,8,7,20388,0,0,0,0,1
2020-04-27,US,Kentucky,Bullitt,50,2,0,37.97162523,-85.68955617,21029.0,48,48,2,0,46,43,81069,2,0,0,2,5
2020-04-27,US,Kentucky,Butler,103,3,0,37.20946153,-86.68748787,21031.0,100,104,3,0,101,103,12772,-1,0,0,-1,1
2020-04-27,US,Kentucky,Caldwell,13,0,0,37.14749129,-87.86948214,21033.0,13,13,0,0,13,13,12715,0,0,0,0,0
2020-04-27,US,Kentucky,Calloway,31,1,0,36.62093411,-88.2731593,21035.0,30,31,1,0,30,29,39135,0,0,0,0,2
2020-04-27,US,Kentucky,Campbell,81,7,0,38.94384345,-84.37875208,21037.0,74,79,7,0,72,73,93152,2,0,0,2,6
2020-04-27,US,Kentucky,Carlisle,2,0,0,36.85372876,-88.96692220000001,21039.0,2,1,0,0,1,1,4771,1,0,0,1,0
2020-04-27,US,Kentucky,Carroll,2,0,0,38.66599534,-85.12601074,21041.0,2,2,0,0,2,2,10737,0,0,0,0,0
2020-04-27,US,Kentucky,Carter,4,0,0,38.31690743,-83.05092385,21043.0,4,4,0,0,4,4,27004,0,0,0,0,0
2020-04-27,US,Kentucky,Casey,1,0,0,37.32533118,-84.92726209,21045.0,1,1,0,0,1,1,15888,0,0,0,0,0
2020-04-27,US,Kentucky,Christian,86,3,0,36.89267803,-87.49055367,21047.0,83,85,3,0,82,85,71671,1,0,0,1,0
2020-04-27,US,Kentucky,Clark,19,0,0,37.9689263,-84.14615986,21049.0,19,19,0,0,19,19,36249,0,0,0,0,0
2020-04-27,US,Kentucky,Clay,1,0,0,37.16451126,-83.712575,21051.0,1,1,0,0,1,1,20105,0,0,0,0,0
2020-04-27,US,Kentucky,Clinton,2,0,0,36.72581156,-85.13377529,21053.0,2,2,0,0,2,2,10206,0,0,0,0,0
2020-04-27,US,Kentucky,Crittenden,3,1,0,37.35839237,-88.08826090000002,21055.0,2,3,1,0,2,3,8915,0,0,0,0,0
2020-04-27,US,Kentucky,Cumberland,5,0,0,36.78926125,-85.39050034,21057.0,5,5,0,0,5,4,6659,0,0,0,0,1
2020-04-27,US,Kentucky,Daviess,157,3,0,37.73028906,-87.09019479999998,21059.0,154,154,3,0,151,147,101104,3,0,0,3,7
2020-04-27,US,Kentucky,Edmonson,17,0,0,37.21218923,-86.23955613,21061.0,17,15,0,0,15,13,12274,2,0,0,2,2
2020-04-27,US,Kentucky,Fayette,239,9,0,38.0368225,-84.45576892,21067.0,230,238,8,0,230,235,323780,1,1,0,0,3
2020-04-27,US,Kentucky,Fleming,2,0,0,38.36758311,-83.69657514,21069.0,2,2,0,0,2,2,14432,0,0,0,0,0
2020-04-27,US,Kentucky,Floyd,10,0,0,37.56213922,-82.74750924,21071.0,10,10,0,0,10,6,35845,0,0,0,0,4
2020-04-27,US,Kentucky,Franklin,16,0,0,38.2379395,-84.87962551,21073.0,16,16,0,0,16,15,50815,0,0,0,0,1
2020-04-27,US,Kentucky,Fulton,1,0,0,36.55238827,-89.20140068,21075.0,1,1,0,0,1,1,6120,0,0,0,0,0
2020-04-27,US,Kentucky,Gallatin,1,0,0,38.75398691,-84.8558382,21077.0,1,1,0,0,1,1,8832,0,0,0,0,0
2020-04-27,US,Kentucky,Garrard,2,0,0,37.638866799999995,-84.53289319,21079.0,2,2,0,0,2,2,17560,0,0,0,0,0
2020-04-27,US,Kentucky,Grant,18,3,0,38.64962758,-84.62415957,21081.0,15,18,3,0,15,18,25121,0,0,0,0,0
2020-04-27,US,Kentucky,Graves,119,11,0,36.72292505,-88.65143315,21083.0,108,114,11,0,103,109,37317,5,0,0,5,5
2020-04-27,US,Kentucky,Grayson,60,1,0,37.46231118,-86.34248968,21085.0,59,60,1,0,59,42,26321,0,0,0,0,18
2020-04-27,US,Kentucky,Green,1,0,0,37.26484328,-85.5540745,21087.0,1,1,0,0,1,1,11049,0,0,0,0,0
2020-04-27,US,Kentucky,Greenup,11,0,0,38.54332505,-82.9215658,21089.0,11,11,0,0,11,11,35268,0,0,0,0,0
2020-04-27,US,Kentucky,Hancock,6,0,0,37.83766422,-86.78280584,21091.0,6,6,0,0,6,6,8758,0,0,0,0,0
2020-04-27,US,Kentucky,Hardin,37,0,0,37.6976111,-85.96319251,21093.0,37,35,0,0,35,34,110356,2,0,0,2,1
2020-04-27,US,Kentucky,Harrison,17,0,0,38.44188174,-84.32869741,21097.0,17,18,0,0,18,18,18778,-1,0,0,-1,0
2020-04-27,US,Kentucky,Hart,2,0,0,37.29943898,-85.88461055,21099.0,2,2,0,0,2,2,18906,0,0,0,0,0
2020-04-27,US,Kentucky,Henderson,49,1,0,37.79344553,-87.57392021,21101.0,48,45,1,0,44,45,45591,4,0,0,4,0
2020-04-27,US,Kentucky,Henry,6,0,0,38.44942688,-85.11587507,21103.0,6,6,0,0,6,4,16106,0,0,0,0,2
2020-04-27,US,Kentucky,Hickman,1,0,0,36.67948079999999,-88.97875928,21105.0,1,1,0,0,1,2,4421,0,0,0,0,-1
2020-04-27,US,Kentucky,Hopkins,187,21,0,37.30939025,-87.54670406,21107.0,166,183,19,0,164,174,45068,4,2,0,2,9
2020-04-27,US,Kentucky,Jackson,60,6,0,37.41866422,-83.99825483,21109.0,54,60,6,0,54,58,13442,0,0,0,0,2
2020-04-27,US,Kentucky,Jefferson,1140,83,0,38.18664655,-85.65931031,21111.0,1057,1120,81,0,1039,1121,770517,20,2,0,18,-1
2020-04-27,US,Kentucky,Jessamine,34,0,0,37.87119786,-84.58252003,21113.0,34,34,0,0,34,32,53920,0,0,0,0,2
2020-04-27,US,Kentucky,Johnson,2,0,0,37.85106355,-82.8264322,21115.0,2,2,0,0,2,1,22386,0,0,0,0,1
2020-04-27,US,Kentucky,Kenton,230,16,0,38.93950319,-84.53241199,21117.0,214,227,16,0,211,226,166051,3,0,0,3,1
2020-04-27,US,Kentucky,Knott,3,0,0,37.35388197,-82.94981134,21119.0,3,3,0,0,3,3,15126,0,0,0,0,0
2020-04-27,US,Kentucky,Knox,6,0,0,36.89225732,-83.85403396,21121.0,6,5,0,0,5,5,31304,1,0,0,1,0
2020-04-27,US,Kentucky,Larue,5,0,0,37.54567114,-85.70138352,21123.0,5,5,0,0,5,5,14307,0,0,0,0,0
2020-04-27,US,Kentucky,Laurel,14,2,0,37.10975748,-84.11321779,21125.0,12,14,2,0,12,14,60669,0,0,0,0,0
2020-04-27,US,Kentucky,Lawrence,1,0,0,38.07136018,-82.72882223,21127.0,1,1,0,0,1,1,15571,0,0,0,0,0
2020-04-27,US,Kentucky,Leslie,2,0,0,37.09246661,-83.37999606,21131.0,2,2,0,0,2,2,10143,0,0,0,0,0
2020-04-27,US,Kentucky,Letcher,2,0,0,37.12306748,-82.85346474,21133.0,2,2,0,0,2,1,21899,0,0,0,0,1
2020-04-27,US,Kentucky,Lewis,3,0,0,38.53184419,-83.37735618,21135.0,3,3,0,0,3,3,13257,0,0,0,0,0
2020-04-27,US,Kentucky,Lincoln,4,1,0,37.45475628,-84.6565327,21137.0,3,4,1,0,3,4,24644,0,0,0,0,0
2020-04-27,US,Kentucky,Livingston,4,0,0,37.21137452,-88.34797529,21139.0,4,1,0,0,1,1,9242,3,0,0,3,0
2020-04-27,US,Kentucky,Logan,8,0,0,36.85949479,-86.877635,21141.0,8,8,0,0,8,8,26989,0,0,0,0,0
2020-04-27,US,Kentucky,Lyon,14,3,0,37.02080035,-88.07886257,21143.0,11,14,3,0,11,14,8009,0,0,0,0,0
2020-04-27,US,Kentucky,Madison,29,1,0,37.71659336,-84.27220275,21151.0,28,29,1,0,28,27,92368,0,0,0,0,2
2020-04-27,US,Kentucky,Marion,16,0,0,37.55218078,-85.26898542,21155.0,16,15,0,0,15,14,19404,1,0,0,1,1
2020-04-27,US,Kentucky,Marshall,33,0,0,36.88007070000001,-88.32803576,21157.0,33,31,0,0,31,27,31191,2,0,0,2,4
2020-04-27,US,Kentucky,Martin,3,0,0,37.79990579,-82.51247478,21159.0,3,3,0,0,3,3,11323,0,0,0,0,0
2020-04-27,US,Kentucky,Mason,6,0,0,38.59471935,-83.82151043,21161.0,6,6,0,0,6,6,17150,0,0,0,0,0
2020-04-27,US,Kentucky,McCracken,44,2,0,37.05350953,-88.70445755,21145.0,42,43,2,0,41,34,65346,1,0,0,1,9
2020-04-27,US,Kentucky,McCreary,11,0,0,36.73874143,-84.48102924,21147.0,11,11,0,0,11,11,17408,0,0,0,0,0
2020-04-27,US,Kentucky,McLean,12,1,0,37.5301951,-87.26803443,21149.0,11,12,1,0,11,11,9252,0,0,0,0,1
2020-04-27,US,Kentucky,Meade,9,1,0,37.96163597,-86.21028219,21163.0,8,7,1,0,6,6,28715,2,0,0,2,1
2020-04-27,US,Kentucky,Menifee,3,0,0,37.94090733,-83.59985712,21165.0,3,3,0,0,3,3,6451,0,0,0,0,0
2020-04-27,US,Kentucky,Mercer,11,0,0,37.81474237,-84.87488475,21167.0,11,11,0,0,11,11,21774,0,0,0,0,0
2020-04-27,US,Kentucky,Monroe,4,0,0,36.71225341,-85.71596443,21171.0,4,4,0,0,4,3,10718,0,0,0,0,1
2020-04-27,US,Kentucky,Montgomery,10,0,0,38.03253032,-83.9145241,21173.0,10,10,0,0,10,10,28203,0,0,0,0,0
2020-04-27,US,Kentucky,Morgan,1,0,0,37.92465657,-83.25558245,21175.0,1,1,0,0,1,1,13345,0,0,0,0,0
2020-04-27,US,Kentucky,Muhlenberg,111,4,0,37.21425819,-87.14632053,21177.0,107,111,4,0,107,96,30774,0,0,0,0,15
2020-04-27,US,Kentucky,Nelson,19,0,0,37.80335779,-85.4657193,21179.0,19,19,0,0,19,17,45851,0,0,0,0,2
2020-04-27,US,Kentucky,Nicholas,1,0,0,38.33342292,-84.01889177,21181.0,1,1,0,0,1,1,7166,0,0,0,0,0
2020-04-27,US,Kentucky,Ohio,38,0,0,37.47751843,-86.85368087,21183.0,38,38,0,0,38,38,24087,0,0,0,0,0
2020-04-27,US,Kentucky,Oldham,27,0,0,38.39791089,-85.448222,21185.0,27,27,0,0,27,24,66470,0,0,0,0,3
2020-04-27,US,Kentucky,Owsley,2,0,0,37.42823949,-83.68811419,21189.0,2,3,0,0,3,3,4472,-1,0,0,-1,0
2020-04-27,US,Kentucky,Pendleton,6,0,0,38.69607718,-84.35599463,21191.0,6,5,0,0,5,5,14529,1,0,0,1,0
2020-04-27,US,Kentucky,Perry,6,0,0,37.25023553,-83.22922731,21193.0,6,6,0,0,6,6,26092,0,0,0,0,0
2020-04-27,US,Kentucky,Pike,9,2,0,37.47088263,-82.39487445,21195.0,7,9,2,0,7,8,58402,0,0,0,0,1
2020-04-27,US,Kentucky,Powell,1,0,0,37.83218794,-83.82553961,21197.0,1,1,0,0,1,1,12442,0,0,0,0,0
2020-04-27,US,Kentucky,Pulaski,41,2,0,37.10466131,-84.57629079,21199.0,39,41,2,0,39,41,64623,0,0,0,0,0
2020-04-27,US,Kentucky,Rockcastle,11,0,0,37.36642393,-84.31176452,21203.0,11,11,0,0,11,11,16750,0,0,0,0,0
2020-04-27,US,Kentucky,Rowan,2,0,0,38.19484205,-83.42088935,21205.0,2,2,0,0,2,2,24583,0,0,0,0,0
2020-04-27,US,Kentucky,Russell,16,2,0,36.99308373,-85.06070117,21207.0,14,16,2,0,14,16,17821,0,0,0,0,0
2020-04-27,US,Kentucky,Scott,24,0,0,38.29622293,-84.5816631,21209.0,24,25,0,0,25,23,56031,-1,0,0,-1,2
2020-04-27,US,Kentucky,Shelby,28,3,0,38.21476019,-85.194223,21211.0,25,28,3,0,25,26,48518,0,0,0,0,2
2020-04-27,US,Kentucky,Simpson,24,2,0,36.74058474,-86.58047435,21213.0,22,24,2,0,22,23,18529,0,0,0,0,1
2020-04-27,US,Kentucky,Spencer,10,0,0,38.03223971,-85.32749335,21215.0,10,10,0,0,10,10,18794,0,0,0,0,0
2020-04-27,US,Kentucky,Taylor,6,0,0,37.3677562,-85.3329931,21217.0,6,6,0,0,6,6,25549,0,0,0,0,0
2020-04-27,US,Kentucky,Todd,11,0,0,36.8381152,-87.17878374,21219.0,11,11,0,0,11,10,12311,0,0,0,0,1
2020-04-27,US,Kentucky,Trigg,5,0,0,36.80767017,-87.87333656,21221.0,5,5,0,0,5,5,14643,0,0,0,0,0
2020-04-27,US,Kentucky,Trimble,3,0,0,38.61056487,-85.33775972,21223.0,3,3,0,0,3,2,8515,0,0,0,0,1
2020-04-27,US,Kentucky,Unassigned,58,0,0,0.0,0.0,90021.0,58,58,0,0,58,58,,0,0,0,0,0
2020-04-27,US,Kentucky,Union,8,0,0,37.66166713,-87.94300009,21225.0,8,8,0,0,8,8,14505,0,0,0,0,0
2020-04-27,US,Kentucky,Warren,234,0,0,36.99903045,-86.42672751,21227.0,234,219,0,0,219,184,131264,15,0,0,15,35
2020-04-27,US,Kentucky,Washington,5,0,0,37.75599461,-85.17407732,21229.0,5,5,0,0,5,5,12084,0,0,0,0,0
2020-04-27,US,Kentucky,Wayne,6,0,0,36.80310688,-84.8251971,21231.0,6,6,0,0,6,6,20468,0,0,0,0,0
2020-04-27,US,Kentucky,Webster,19,0,0,37.52168356,-87.67989953,21233.0,19,20,0,0,20,19,13111,-1,0,0,-1,1
2020-04-27,US,Kentucky,Whitley,11,0,0,36.75700531,-84.14541217,21235.0,11,11,0,0,11,10,36242,0,0,0,0,1
2020-04-27,US,Kentucky,Woodford,19,0,0,38.04178222,-84.7417556,21239.0,19,19,0,0,19,19,26533,0,0,0,0,0
2020-04-27,US,Louisiana,Acadia,130,9,0,30.295064899999996,-92.41419698,22001.0,121,130,7,0,123,130,62190,0,2,0,-2,0
2020-04-27,US,Louisiana,Allen,87,9,0,30.65385745,-92.82442028,22003.0,78,82,9,0,73,82,25605,5,0,0,5,0
2020-04-27,US,Louisiana,Ascension,574,35,0,30.20406249,-90.91328409999998,22005.0,539,568,36,0,532,557,124672,6,-1,0,7,11
2020-04-27,US,Louisiana,Assumption,175,3,0,29.89946234,-91.06461642,22007.0,172,173,3,0,170,172,22300,2,0,0,2,1
2020-04-27,US,Louisiana,Avoyelles,69,7,0,31.07796211,-92.00079449,22009.0,62,69,7,0,62,69,40462,0,0,0,0,0
2020-04-27,US,Louisiana,Beauregard,36,3,0,30.64836518,-93.34173616,22011.0,33,35,3,0,32,35,37253,1,0,0,1,0
2020-04-27,US,Louisiana,Bienville,73,13,0,32.34569994,-93.05398492,22013.0,60,72,13,0,59,70,13308,1,0,0,1,2
2020-04-27,US,Louisiana,Bossier,274,13,0,32.67932307,-93.60460152,22015.0,261,270,13,0,257,265,127185,4,0,0,4,5
2020-04-27,US,Louisiana,Caddo,1470,93,0,32.57991587,-93.88375652,22017.0,1377,1448,93,0,1355,1432,242922,22,0,0,22,16
2020-04-27,US,Louisiana,Calcasieu,369,27,0,30.22931235,-93.35400434,22019.0,342,363,27,0,336,360,203112,6,0,0,6,3
2020-04-27,US,Louisiana,Caldwell,17,0,0,32.0902519,-92.11752148,22021.0,17,17,0,0,17,17,9960,0,0,0,0,0
2020-04-27,US,Louisiana,Cameron,3,0,0,29.87592238,-93.19310676,22023.0,3,3,0,0,3,3,6968,0,0,0,0,0
2020-04-27,US,Louisiana,Catahoula,25,2,0,31.66778967,-91.84526385,22025.0,23,25,2,0,23,25,9608,0,0,0,0,0
2020-04-27,US,Louisiana,Claiborne,52,6,0,32.82308512,-92.99526883,22027.0,46,52,6,0,46,52,15944,0,0,0,0,0
2020-04-27,US,Louisiana,Concordia,31,3,0,31.44817835,-91.63814433,22029.0,28,30,3,0,27,30,19572,1,0,0,1,0
2020-04-27,US,Louisiana,De Soto,187,11,0,32.05457447,-93.74130302,22031.0,176,185,10,0,175,184,27436,2,1,0,1,1
2020-04-27,US,Louisiana,East Baton Rouge,1771,124,0,30.53842039,-91.09777565,22033.0,1647,1739,120,0,1619,1720,440956,32,4,0,28,19
2020-04-27,US,Louisiana,East Carroll,6,0,0,32.73926954,-91.23425694,22035.0,6,6,0,0,6,6,7037,0,0,0,0,0
2020-04-27,US,Louisiana,East Feliciana,116,11,0,30.84425359,-91.04976723,22037.0,105,108,11,0,97,107,19305,8,0,0,8,1
2020-04-27,US,Louisiana,Evangeline,45,0,0,30.72985248,-92.39915924,22039.0,45,45,0,0,45,45,33443,0,0,0,0,0
2020-04-27,US,Louisiana,Franklin,119,2,0,32.13675181,-91.67589857,22041.0,117,116,2,0,114,113,20156,3,0,0,3,3
2020-04-27,US,Louisiana,Grant,12,0,0,31.59882456,-92.56124347,22043.0,12,11,0,0,11,11,22482,1,0,0,1,0
2020-04-27,US,Louisiana,Iberia,245,17,0,29.86803617,-91.75871777,22045.0,228,243,16,0,227,240,70941,2,1,0,1,3
2020-04-27,US,Louisiana,Iberville,442,26,0,30.25734305,-91.3499598,22047.0,416,433,26,0,407,433,32721,9,0,0,9,0
2020-04-27,US,Louisiana,Jackson,30,0,0,32.30251776,-92.55692092,22049.0,30,25,0,0,25,25,15902,5,0,0,5,0
2020-04-27,US,Louisiana,Jefferson,6104,331,0,29.74075478,-90.11115756,22051.0,5773,6059,329,0,5730,6007,434051,45,2,0,43,52
2020-04-27,US,Louisiana,Jefferson Davis,61,6,0,30.26896765,-92.81210004,22053.0,55,59,5,0,54,59,31582,2,1,0,1,0
2020-04-27,US,Louisiana,LaSalle,21,0,0,31.67884782,-92.15907765,22059.0,21,19,0,0,19,18,14917,2,0,0,2,1
2020-04-27,US,Louisiana,Lafayette,443,18,0,30.2049055,-92.06959876,22055.0,425,443,17,0,426,442,242782,0,1,0,-1,1
2020-04-27,US,Louisiana,Lafourche,632,39,0,29.52470226,-90.40976986,22057.0,593,624,39,0,585,610,98115,8,0,0,8,14
2020-04-27,US,Louisiana,Lincoln,79,4,0,32.6003154,-92.66597409999999,22061.0,75,72,4,0,68,69,47196,7,0,0,7,3
2020-04-27,US,Louisiana,Livingston,183,11,0,30.44143993,-90.73061664,22063.0,172,182,11,0,171,177,139567,1,0,0,1,5
2020-04-27,US,Louisiana,Madison,7,0,0,32.36918118,-91.23973355,22065.0,7,7,0,0,7,7,11161,0,0,0,0,0
2020-04-27,US,Louisiana,Morehouse,48,4,0,32.81686191,-91.80421614,22067.0,44,46,4,0,42,46,25398,2,0,0,2,0
2020-04-27,US,Louisiana,Natchitoches,77,2,0,31.72321584,-93.09816516,22069.0,75,73,2,0,71,73,38659,4,0,0,4,0
2020-04-27,US,Louisiana,Orleans,6365,406,0,30.06971951,-89.92660315,22071.0,5959,6342,406,0,5936,6297,391006,23,0,0,23,45
2020-04-27,US,Louisiana,Ouachita,645,16,0,32.47645559,-92.15704172,22073.0,629,622,16,0,606,609,154475,23,0,0,23,13
2020-04-27,US,Louisiana,Plaquemines,168,17,0,29.42245447,-89.60322085,22075.0,151,168,15,0,153,168,23410,0,2,0,-2,0
2020-04-27,US,Louisiana,Pointe Coupee,94,12,0,30.71409502,-91.60209535,22077.0,82,89,12,0,77,89,21940,5,0,0,5,0
2020-04-27,US,Louisiana,Rapides,249,9,0,31.19778499,-92.52997303,22079.0,240,247,8,0,239,239,130562,2,1,0,1,8
2020-04-27,US,Louisiana,Red River,22,5,0,32.09530039,-93.34213308,22081.0,17,22,4,0,18,22,8477,0,1,0,-1,0
2020-04-27,US,Louisiana,Richland,52,0,0,32.41391005,-91.76634876,22083.0,52,48,0,0,48,48,20192,4,0,0,4,0
2020-04-27,US,Louisiana,Sabine,13,0,0,31.56388699,-93.55433981,22085.0,13,13,0,0,13,13,24032,0,0,0,0,0
2020-04-27,US,Louisiana,St. Bernard,449,15,0,29.87761636,-89.51887093,22087.0,434,446,15,0,431,443,46721,3,0,0,3,3
2020-04-27,US,Louisiana,St. Charles,549,36,0,29.90709658,-90.35555967,22089.0,513,542,36,0,506,540,52879,7,0,0,7,2
2020-04-27,US,Louisiana,St. Helena,27,1,0,30.82210324,-90.71013176,22091.0,26,27,1,0,26,27,10262,0,0,0,0,0
2020-04-27,US,Louisiana,St. James,239,18,0,30.02531716,-90.80212061,22093.0,221,239,18,0,221,237,21037,0,0,0,0,2
2020-04-27,US,Louisiana,St. John the Baptist,751,64,0,30.12597499,-90.4753503,22095.0,687,749,64,0,685,747,43184,2,0,0,2,2
2020-04-27,US,Louisiana,St. Landry,167,35,0,30.59724262,-92.00135806,22097.0,132,163,34,0,129,163,82764,4,1,0,3,0
2020-04-27,US,Louisiana,St. Martin,223,15,0,30.13112107,-91.61403569,22099.0,208,221,15,0,206,219,53621,2,0,0,2,2
2020-04-27,US,Louisiana,St. Mary,181,20,0,29.69262097,-91.44702164,22101.0,161,179,20,0,159,178,49774,2,0,0,2,1
2020-04-27,US,Louisiana,St. Tammany,1172,100,0,30.40942847,-89.95642711,22103.0,1072,1162,94,0,1068,1138,258111,10,6,0,4,24
2020-04-27,US,Louisiana,Tangipahoa,535,21,0,30.62888673,-90.40664996,22105.0,514,528,21,0,507,526,133777,7,0,0,7,2
2020-04-27,US,Louisiana,Tensas,1,0,0,32.00760749,-91.32915234,22107.0,1,1,0,0,1,1,4462,0,0,0,0,0
2020-04-27,US,Louisiana,Terrebonne,375,26,0,29.37343766,-90.82626855,22109.0,349,371,26,0,345,366,111021,4,0,0,4,5
2020-04-27,US,Louisiana,Unassigned,64,43,0,0.0,0.0,90022.0,21,64,59,0,5,63,,0,-16,0,16,1
2020-04-27,US,Louisiana,Union,103,6,0,32.83121059,-92.3749373,22111.0,97,102,6,0,96,102,22330,1,0,0,1,0
2020-04-27,US,Louisiana,Vermilion,35,1,0,29.83517605,-92.30292538,22113.0,34,34,1,0,33,34,59830,1,0,0,1,0
2020-04-27,US,Louisiana,Vernon,16,2,0,31.10884837,-93.18153838,22115.0,14,16,2,0,14,16,48860,0,0,0,0,0
2020-04-27,US,Louisiana,Washington,253,18,0,30.85288548,-90.03866652,22117.0,235,245,14,0,231,241,46582,8,4,0,4,4
2020-04-27,US,Louisiana,Webster,83,4,0,32.70847669,-93.33121835,22119.0,79,83,4,0,79,82,38798,0,0,0,0,1
2020-04-27,US,Louisiana,West Baton Rouge,94,16,0,30.46058217,-91.30989571,22121.0,78,91,15,0,76,92,26427,3,1,0,2,-1
2020-04-27,US,Louisiana,West Carroll,4,0,0,32.78550125,-91.461201,22123.0,4,4,0,0,4,4,10982,0,0,0,0,0
2020-04-27,US,Louisiana,West Feliciana,104,3,0,30.87882871,-91.41485379999999,22125.0,101,103,3,0,100,97,15460,1,0,0,1,6
2020-04-27,US,Louisiana,Winn,22,2,0,31.94449367,-92.63789413,22127.0,20,20,2,0,18,20,14134,2,0,0,2,0
2020-04-27,US,Maine,Androscoggin,42,2,0,44.1664747,-70.20380627,23001.0,40,42,2,0,40,38,107679,0,0,0,0,4
2020-04-27,US,Maine,Aroostook,4,0,0,46.65926321,-68.59841248,23003.0,4,4,0,0,4,4,67111,0,0,0,0,0
2020-04-27,US,Maine,Cumberland,459,24,0,43.8370751,-70.37226999,23005.0,435,454,24,0,430,426,293557,5,0,0,5,28
2020-04-27,US,Maine,Franklin,27,1,0,44.97330019,-70.44381045,23007.0,26,27,1,0,26,26,29897,0,0,0,0,1
2020-04-27,US,Maine,Hancock,9,0,0,44.59816444,-68.38401854,23009.0,9,9,0,0,9,8,54811,0,0,0,0,1
2020-04-27,US,Maine,Kennebec,102,6,0,44.40759555,-69.76738544,23011.0,96,101,5,0,96,100,122083,1,1,0,0,1
2020-04-27,US,Maine,Knox,14,0,0,44.11486325,-69.10529169,23013.0,14,14,0,0,14,13,39771,0,0,0,0,1
2020-04-27,US,Maine,Lincoln,12,0,0,44.05996956,-69.54227124,23015.0,12,12,0,0,12,12,34342,0,0,0,0,0
2020-04-27,US,Maine,Oxford,15,0,0,44.49952995,-70.75682123,23017.0,15,15,0,0,15,14,57618,0,0,0,0,1
2020-04-27,US,Maine,Penobscot,55,0,0,45.40194593,-68.65020455,23019.0,55,53,0,0,53,50,151096,2,0,0,2,3
2020-04-27,US,Maine,Piscataquis,1,0,0,45.83839062,-69.2860223,23021.0,1,1,0,0,1,1,16800,0,0,0,0,0
2020-04-27,US,Maine,Sagadahoc,18,0,0,43.95415864,-69.85074999,23023.0,18,18,0,0,18,17,35634,0,0,0,0,1
2020-04-27,US,Maine,Somerset,17,0,0,45.51229767,-69.95995554,23025.0,17,17,0,0,17,16,50592,0,0,0,0,1
2020-04-27,US,Maine,Unassigned,2,0,0,0.0,0.0,90023.0,2,2,0,0,2,,,0,0,0,0,
2020-04-27,US,Maine,Waldo,48,11,0,44.4858305,-69.12061935,23027.0,37,48,11,0,37,47,39694,0,0,0,0,1
2020-04-27,US,Maine,Washington,2,0,0,45.01607142,-67.62813524,23029.0,2,2,0,0,2,2,31490,0,0,0,0,0
2020-04-27,US,Maine,York,196,7,0,43.47808377,-70.71052375,23031.0,189,196,7,0,189,191,206229,0,0,0,0,5
2020-04-27,US,Maryland,Allegany,114,4,0,39.62357628,-78.69280486,24001.0,110,113,3,0,110,105,70975,1,1,0,0,8
2020-04-27,US,Maryland,Anne Arundel,1544,74,0,39.00670238,-76.60329337,24003.0,1470,1510,71,0,1439,1430,576031,34,3,0,31,80
2020-04-27,US,Maryland,Baltimore,2548,98,0,39.45784712,-76.62911955,24005.0,2450,2509,81,0,2428,2387,828431,39,17,0,22,122
2020-04-27,US,Maryland,Baltimore City,1933,88,0,39.30211911,-76.61151012,24510.0,1845,1866,79,0,1787,1791,621342,67,9,0,58,75
2020-04-27,US,Maryland,Calvert,138,7,0,38.53961642,-76.56820632,24009.0,131,134,7,0,127,130,92003,4,0,0,4,4
2020-04-27,US,Maryland,Caroline,68,0,0,38.87172293,-75.82904158,24011.0,68,63,0,0,63,61,33304,5,0,0,5,2
2020-04-27,US,Maryland,Carroll,403,37,0,39.56453592,-77.02373735,24013.0,366,391,36,0,355,384,168429,12,1,0,11,7
2020-04-27,US,Maryland,Cecil,163,5,0,39.56647682,-75.94627411,24015.0,158,154,5,0,149,146,102826,9,0,0,9,8
2020-04-27,US,Maryland,Charles,529,37,0,38.51092331,-76.98580666,24017.0,492,504,35,0,469,483,161503,25,2,0,23,21
2020-04-27,US,Maryland,Dorchester,51,2,0,38.45413522,-76.02752426,24019.0,49,46,2,0,44,38,31998,5,0,0,5,8
2020-04-27,US,Maryland,Frederick,865,48,0,39.47296601,-77.39999394,24021.0,817,834,45,0,789,814,255648,31,3,0,28,20
2020-04-27,US,Maryland,Garrett,4,0,0,39.52786077,-79.27355126,24023.0,4,4,0,0,4,4,29163,0,0,0,0,0
2020-04-27,US,Maryland,Harford,352,11,0,39.55010644,-76.30775940000002,24025.0,341,319,11,0,308,302,253956,33,0,0,33,17
2020-04-27,US,Maryland,Howard,778,17,0,39.25305293,-76.93126208,24027.0,761,707,16,0,691,686,323196,71,1,0,70,21
2020-04-27,US,Maryland,Kent,70,4,0,39.24976208,-76.04741541,24029.0,66,68,3,0,65,67,19383,2,1,0,1,1
2020-04-27,US,Maryland,Montgomery,3843,210,0,39.13676329,-77.20358245,24031.0,3633,3645,180,0,3465,3483,1052567,198,30,0,168,162
2020-04-27,US,Maryland,Prince George's,5263,198,0,38.83070039,-76.8496441,24033.0,5065,4987,174,0,4813,4795,909308,276,24,0,252,192
2020-04-27,US,Maryland,Queen Anne's,54,3,0,39.06198912,-76.03530977,24035.0,51,53,3,0,50,52,50251,1,0,0,1,1
2020-04-27,US,Maryland,Somerset,19,0,0,38.1163542,-75.75118623,24039.0,19,16,0,0,16,14,25675,3,0,0,3,2
2020-04-27,US,Maryland,St. Mary's,144,6,0,38.30058422,-76.60629279999998,24037.0,138,133,6,0,127,124,112664,11,0,0,11,9
2020-04-27,US,Maryland,Talbot,34,1,0,38.76618159,-76.10882561,24041.0,33,34,1,0,33,28,36968,0,0,0,0,6
2020-04-27,US,Maryland,Unassigned,0,87,0,0.0,0.0,90024.0,-87,0,145,0,-145,0,,0,-58,0,58,0
2020-04-27,US,Maryland,Washington,181,3,0,39.60835778,-77.82002295,24043.0,178,173,3,0,170,154,150926,8,0,0,8,19
2020-04-27,US,Maryland,Wicomico,336,5,0,38.37301947,-75.62705831,24045.0,331,270,4,0,266,242,103195,66,1,0,65,28
2020-04-27,US,Maryland,Worcester,53,0,0,38.21274277,-75.33200012,24047.0,53,48,0,0,48,46,51823,5,0,0,5,2
2020-04-27,US,Massachusetts,Barnstable,798,39,0,41.72980578,-70.28854339,25001.0,759,772,37,0,735,756,213413,26,2,0,24,16
2020-04-27,US,Massachusetts,Berkshire,428,31,0,42.37428441,-73.20524838,25003.0,397,428,31,0,397,425,126348,0,0,0,0,3
2020-04-27,US,Massachusetts,Bristol,3068,137,0,41.79228404,-71.10872211,25005.0,2931,2923,130,0,2793,2829,564022,145,7,0,138,94
2020-04-27,US,Massachusetts,Dukes and Nantucket,25,1,0,41.40674725,-70.68763497,0.0,24,25,1,0,24,24,26707,0,0,0,0,1
2020-04-27,US,Massachusetts,Essex,7708,359,0,42.6687626,-70.94687179,25009.0,7349,7489,336,0,7153,7212,790638,219,23,0,196,277
2020-04-27,US,Massachusetts,Franklin,231,33,0,42.58119713,-72.58602547,25011.0,198,226,32,0,194,225,70963,5,1,0,4,1
2020-04-27,US,Massachusetts,Hampden,3381,337,0,42.13440424,-72.63235561,25013.0,3044,3295,315,0,2980,3229,470406,86,22,0,64,66
2020-04-27,US,Massachusetts,Hampshire,443,26,0,42.33997957,-72.65898478,25015.0,417,427,20,0,407,412,161355,16,6,0,10,15
2020-04-27,US,Massachusetts,Middlesex,12953,700,0,42.48607732,-71.39049229,25017.0,12253,12648,670,0,11978,12253,1614714,305,30,0,275,395
2020-04-27,US,Massachusetts,Norfolk,5398,429,0,42.16073095,-71.20530408,25021.0,4969,5288,400,0,4888,5172,705388,110,29,0,81,116
2020-04-27,US,Massachusetts,Plymouth,4607,240,0,41.94070556,-70.80802823,25023.0,4367,4495,212,0,4283,4380,518132,112,28,0,84,115
2020-04-27,US,Massachusetts,Suffolk,11883,448,0,42.327951399999996,-71.07850442,25025.0,11435,11543,391,0,11152,11218,807252,340,57,0,283,325
2020-04-27,US,Massachusetts,Unassigned,795,8,0,0.0,0.0,90025.0,787,807,141,0,666,753,,-12,-133,0,121,54
2020-04-27,US,Massachusetts,Worcester,4744,215,0,42.35026951,-71.90493363,25027.0,4529,4572,183,0,4389,4460,830839,172,32,0,140,112
2020-04-27,US,Michigan,Alcona,4,0,0,44.6846864,-83.59507875,26001.0,4,3,0,0,3,4,10362,1,0,0,1,-1
2020-04-27,US,Michigan,Allegan,72,1,0,42.59147037,-85.89102866,26005.0,71,69,1,0,68,65,117327,3,0,0,3,4
2020-04-27,US,Michigan,Alpena,60,2,0,45.03477666,-83.62212411,26007.0,58,60,2,0,58,60,28360,0,0,0,0,0
2020-04-27,US,Michigan,Antrim,9,0,0,44.99690221,-85.15503082,26009.0,9,10,0,0,10,10,23365,-1,0,0,-1,0
2020-04-27,US,Michigan,Arenac,15,1,0,44.0636262,-83.89277559,26011.0,14,16,1,0,15,16,15041,-1,0,0,-1,0
2020-04-27,US,Michigan,Barry,31,1,0,42.59513984,-85.30834519,26015.0,30,29,1,0,28,29,61157,2,0,0,2,0
2020-04-27,US,Michigan,Bay,122,3,0,43.70639106,-83.98731479,26017.0,119,115,2,0,113,114,103923,7,1,0,6,1
2020-04-27,US,Michigan,Benzie,4,0,0,44.63899297,-86.01608482,26019.0,4,4,0,0,4,4,17753,0,0,0,0,0
2020-04-27,US,Michigan,Berrien,217,14,0,41.95447397,-86.41313079999998,26021.0,203,215,14,0,201,213,154141,2,0,0,2,2
2020-04-27,US,Michigan,Branch,50,2,0,41.91600556,-85.05929476,26023.0,48,48,2,0,46,47,43622,2,0,0,2,1
2020-04-27,US,Michigan,Calhoun,203,11,0,42.24633834,-85.00493569,26025.0,192,202,10,0,192,191,134487,1,1,0,0,11
2020-04-27,US,Michigan,Cass,27,2,0,41.91522292,-85.99405727,26027.0,25,26,2,0,24,26,51653,1,0,0,1,0
2020-04-27,US,Michigan,Charlevoix,13,1,0,45.37790017,-85.19614053,26029.0,12,13,1,0,12,13,26244,0,0,0,0,0
2020-04-27,US,Michigan,Cheboygan,17,1,0,45.44787015,-84.50122149,26031.0,16,17,1,0,16,17,25413,0,0,0,0,0
2020-04-27,US,Michigan,Chippewa,2,0,0,46.29552653,-84.54353449,26033.0,2,2,0,0,2,2,37517,0,0,0,0,0
2020-04-27,US,Michigan,Clare,11,1,0,43.98794227,-84.84819859999998,26035.0,10,10,1,0,9,10,30757,1,0,0,1,0
2020-04-27,US,Michigan,Clinton,112,9,0,42.94400871,-84.60145248,26037.0,103,109,9,0,100,106,79332,3,0,0,3,3
2020-04-27,US,Michigan,Crawford,50,3,0,44.68255561,-84.61006219,26039.0,47,46,3,0,43,46,13901,4,0,0,4,0
2020-04-27,US,Michigan,Delta,13,2,0,45.90484910000001,-86.9080745,26041.0,11,12,2,0,10,12,35857,1,0,0,1,0
2020-04-27,US,Michigan,Dickinson,3,2,0,46.00999672,-87.86961634,26043.0,1,3,2,0,1,3,25383,0,0,0,0,0
2020-04-27,US,Michigan,Eaton,116,6,0,42.59599185,-84.83740035,26045.0,110,115,5,0,110,114,109826,1,1,0,0,1
2020-04-27,US,Michigan,Emmet,21,2,0,45.52625509,-84.89083249,26047.0,19,21,2,0,19,21,33308,0,0,0,0,0
2020-04-27,US,Michigan,Federal Correctional Institution (FCI),81,1,0,0.0,0.0,0.0,80,81,1,0,80,74,,0,0,0,0,7
2020-04-27,US,Michigan,Genesee,1483,165,0,43.02244215,-83.70589709,26049.0,1318,1467,161,0,1306,1452,406892,16,4,0,12,15
2020-04-27,US,Michigan,Gladwin,11,1,0,43.98901072,-84.38774817,26051.0,10,11,1,0,10,10,25337,0,0,0,0,1
2020-04-27,US,Michigan,Gogebic,4,1,0,46.40862701,-89.69377193,26053.0,3,4,1,0,3,4,15096,0,0,0,0,0
2020-04-27,US,Michigan,Grand Traverse,19,5,0,44.69565625,-85.55585247,26055.0,14,19,5,0,14,19,92573,0,0,0,0,0
2020-04-27,US,Michigan,Gratiot,10,1,0,43.29265605,-84.60505416,26057.0,9,8,1,0,7,8,40599,2,0,0,2,0
2020-04-27,US,Michigan,Hillsdale,114,16,0,41.88753639,-84.59312019,26059.0,98,113,14,0,99,109,45749,1,2,0,-1,4
2020-04-27,US,Michigan,Houghton,2,0,0,46.89988536,-88.68495385,26061.0,2,2,0,0,2,2,36219,0,0,0,0,0
2020-04-27,US,Michigan,Huron,13,0,0,43.83353985,-83.04078453,26063.0,13,13,0,0,13,11,31166,0,0,0,0,2
2020-04-27,US,Michigan,Ingham,413,10,0,42.59716886,-84.37472069,26065.0,403,406,9,0,397,395,292735,7,1,0,6,11
2020-04-27,US,Michigan,Ionia,47,2,0,42.94502238,-85.07413319,26067.0,45,43,2,0,41,41,64210,4,0,0,4,2
2020-04-27,US,Michigan,Iosco,41,4,0,44.35486835,-83.63484895,26069.0,37,33,4,0,29,29,25081,8,0,0,8,4
2020-04-27,US,Michigan,Isabella,57,7,0,43.64060976,-84.84664923,26073.0,50,55,7,0,48,55,70562,2,0,0,2,0
2020-04-27,US,Michigan,Jackson,341,18,0,42.24807035,-84.42258681,26075.0,323,327,16,0,311,323,158823,14,2,0,12,4
2020-04-27,US,Michigan,Kalamazoo,300,12,0,42.24542231,-85.53038622,26077.0,288,292,11,0,281,280,264870,8,1,0,7,12
2020-04-27,US,Michigan,Kalkaska,17,2,0,44.68512729,-85.09085699,26079.0,15,17,2,0,15,17,17824,0,0,0,0,0
2020-04-27,US,Michigan,Kent,1100,34,0,43.03197711,-85.54934642,26081.0,1066,1031,32,0,999,929,653786,69,2,0,67,102
2020-04-27,US,Michigan,Lake,2,0,0,43.99050893,-85.802173,26085.0,2,2,0,0,2,2,11881,0,0,0,0,0
2020-04-27,US,Michigan,Lapeer,164,24,0,43.09052506,-83.22153148,26087.0,140,165,24,0,141,163,88028,-1,0,0,-1,2
2020-04-27,US,Michigan,Leelanau,9,0,0,44.94430054,-85.80150326,26089.0,9,9,0,0,9,9,21764,0,0,0,0,0
2020-04-27,US,Michigan,Lenawee,84,1,0,41.89475156,-84.06603727,26091.0,83,82,0,0,82,82,98266,2,1,0,1,0
2020-04-27,US,Michigan,Livingston,319,14,0,42.60302282,-83.91297209,26093.0,305,315,14,0,301,315,191224,4,0,0,4,0
2020-04-27,US,Michigan,Luce,1,0,0,46.47227431,-85.54471223,26095.0,1,1,0,0,1,1,6283,0,0,0,0,0
2020-04-27,US,Michigan,Mackinac,5,0,0,46.07028979,-85.04980537,26097.0,5,5,0,0,5,5,10787,0,0,0,0,0
2020-04-27,US,Michigan,Macomb,5245,527,0,42.69158356,-82.92752801,26099.0,4718,5203,520,0,4683,5139,874759,42,7,0,35,64
2020-04-27,US,Michigan,Manistee,11,0,0,44.33352407,-86.05626916,26101.0,11,11,0,0,11,12,24528,0,0,0,0,-1
2020-04-27,US,Michigan,Marquette,42,7,0,46.4338914,-87.64043701,26103.0,35,42,7,0,35,41,66516,0,0,0,0,1
2020-04-27,US,Michigan,Mason,5,0,0,43.99509218,-86.24988902,26105.0,5,5,0,0,5,5,29100,0,0,0,0,0
2020-04-27,US,Michigan,Mecosta,14,1,0,43.64064262,-85.32463223,26107.0,13,14,1,0,13,14,43545,0,0,0,0,0
2020-04-27,US,Michigan,Menominee,3,0,0,45.58038692,-87.55370409,26109.0,3,3,0,0,3,3,22983,0,0,0,0,0
2020-04-27,US,Michigan,Michigan Department of Corrections (MDOC),1048,37,0,0.0,0.0,0.0,1011,1031,32,0,999,1026,,17,5,0,12,5
2020-04-27,US,Michigan,Midland,56,3,0,43.64330771,-84.38804374,26111.0,53,52,3,0,49,51,83209,4,0,0,4,1
2020-04-27,US,Michigan,Missaukee,15,1,0,44.33772443,-85.09256478,26113.0,14,15,1,0,14,15,15113,0,0,0,0,0
2020-04-27,US,Michigan,Monroe,275,12,0,41.92734151,-83.53749864,26115.0,263,273,12,0,261,267,150439,2,0,0,2,6
2020-04-27,US,Michigan,Montcalm,32,1,0,43.31082541,-85.15252824,26117.0,31,32,1,0,31,29,63968,0,0,0,0,3
2020-04-27,US,Michigan,Montmorency,5,0,0,45.0275929,-84.12696227,26119.0,5,5,0,0,5,6,9265,0,0,0,0,-1
2020-04-27,US,Michigan,Muskegon,234,13,0,43.29123859,-86.15176712,26121.0,221,228,13,0,215,213,173588,6,0,0,6,15
2020-04-27,US,Michigan,Newaygo,14,0,0,43.554373999999996,-85.80070107,26123.0,14,15,0,0,15,14,48892,-1,0,0,-1,1
2020-04-27,US,Michigan,Oakland,6913,631,0,42.66090111,-83.38595416,26125.0,6282,6928,620,0,6308,6881,1259201,-15,11,0,-26,47
2020-04-27,US,Michigan,Oceana,7,1,0,43.64124435,-86.26726673,26127.0,6,5,1,0,4,4,26625,2,0,0,2,1
2020-04-27,US,Michigan,Ogemaw,10,0,0,44.33481032,-84.12725175,26129.0,10,9,0,0,9,8,20952,1,0,0,1,1
2020-04-27,US,Michigan,Osceola,8,0,0,43.98992088,-85.32566756,26133.0,8,8,0,0,8,8,23341,0,0,0,0,0
2020-04-27,US,Michigan,Oscoda,4,0,0,44.68192279,-84.12939244,26135.0,4,4,0,0,4,4,8276,0,0,0,0,0
2020-04-27,US,Michigan,Otsego,87,8,0,45.02085831,-84.59898295,26137.0,79,87,8,0,79,84,24665,0,0,0,0,3
2020-04-27,US,Michigan,Ottawa,191,9,0,42.95996803,-85.9969107,26139.0,182,180,9,0,171,173,290494,11,0,0,11,7
2020-04-27,US,Michigan,Out of MI,20,1,0,0.0,0.0,80026.0,19,27,1,0,26,19,,-7,0,0,-7,8
2020-04-27,US,Michigan,Presque Isle,11,0,0,45.34018577,-83.91498656,26141.0,11,10,0,0,10,10,12738,1,0,0,1,0
2020-04-27,US,Michigan,Roscommon,13,0,0,44.33473082,-84.61067651,26143.0,13,13,0,0,13,13,23884,0,0,0,0,0
2020-04-27,US,Michigan,Saginaw,586,47,0,43.33433923,-84.05131209999998,26145.0,539,558,43,0,515,545,190800,28,4,0,24,13
2020-04-27,US,Michigan,Sanilac,34,4,0,43.42406072,-82.82055898,26151.0,30,34,4,0,30,34,41182,0,0,0,0,0
2020-04-27,US,Michigan,Schoolcraft,3,0,0,46.19235734,-86.19972234,26153.0,3,3,0,0,3,3,8068,0,0,0,0,0
2020-04-27,US,Michigan,Shiawassee,166,8,0,42.95392800000001,-84.14585902,26155.0,158,130,7,0,123,130,68192,36,1,0,35,0
2020-04-27,US,Michigan,St. Clair,304,18,0,42.92655373,-82.67937954,26147.0,286,302,18,0,284,297,159337,2,0,0,2,5
2020-04-27,US,Michigan,St. Joseph,29,1,0,41.91441767,-85.52797979,26149.0,28,28,1,0,27,27,61043,1,0,0,1,1
2020-04-27,US,Michigan,Tuscola,90,13,0,43.46606813,-83.41897025,26157.0,77,82,13,0,69,81,52516,8,0,0,8,1
2020-04-27,US,Michigan,Unassigned,5,1,0,0.0,0.0,90026.0,4,3,1,0,2,9,,2,0,0,2,-6
2020-04-27,US,Michigan,Van Buren,36,2,0,42.25190229,-86.01939087,26159.0,34,35,2,0,33,34,75448,1,0,0,1,1
2020-04-27,US,Michigan,Washtenaw,1004,55,0,42.253105,-83.83853204,26161.0,949,1001,50,0,951,1002,370963,3,5,0,-2,-1
2020-04-27,US,Michigan,Wayne,15872,1622,0,42.28098405,-83.281255,26163.0,14250,15748,1580,0,14168,15407,1753893,124,42,0,82,341
2020-04-27,US,Michigan,Wexford,9,2,0,44.33853602,-85.57712739,26165.0,7,8,1,0,7,8,33466,1,1,0,0,0
2020-04-27,US,Minnesota,Aitkin,1,0,0,46.60962049,-93.41168259999999,27001.0,1,1,0,0,1,1,15902,0,0,0,0,0
2020-04-27,US,Minnesota,Anoka,168,5,0,45.27476015,-93.24604565,27003.0,163,165,5,0,160,150,353813,3,0,0,3,15
2020-04-27,US,Minnesota,Becker,2,0,0,46.93479392,-95.67158144,27005.0,2,2,0,0,2,2,34371,0,0,0,0,0
2020-04-27,US,Minnesota,Beltrami,6,0,0,47.97373527,-94.93732139,27007.0,6,6,0,0,6,6,46847,0,0,0,0,0
2020-04-27,US,Minnesota,Benton,4,0,0,45.69804958,-93.99514135,27009.0,4,4,0,0,4,4,40545,0,0,0,0,0
2020-04-27,US,Minnesota,Big Stone,2,0,0,45.42712824,-96.41403739,27011.0,2,2,0,0,2,2,4989,0,0,0,0,0
2020-04-27,US,Minnesota,Blue Earth,30,0,0,44.03554215,-94.06699781,27013.0,30,29,0,0,29,27,67427,1,0,0,1,2
2020-04-27,US,Minnesota,Brown,8,1,0,44.24205652,-94.72562874,27015.0,7,8,1,0,7,8,25111,0,0,0,0,0
2020-04-27,US,Minnesota,Carlton,52,0,0,46.59180601,-92.67601019,27017.0,52,51,0,0,51,47,35837,1,0,0,1,4
2020-04-27,US,Minnesota,Carver,17,0,0,44.82017001,-93.80099179999999,27019.0,17,17,0,0,17,16,103551,0,0,0,0,1
2020-04-27,US,Minnesota,Cass,5,0,0,46.95043611,-94.32603968,27021.0,5,5,0,0,5,5,29519,0,0,0,0,0
2020-04-27,US,Minnesota,Chippewa,2,0,0,45.02343421,-95.56403693,27023.0,2,2,0,0,2,2,11924,0,0,0,0,0
2020-04-27,US,Minnesota,Chisago,7,1,0,45.5021011,-92.90861945,27025.0,6,7,1,0,6,7,55922,0,0,0,0,0
2020-04-27,US,Minnesota,Clay,131,9,0,46.89289518,-96.48761922,27027.0,122,125,9,0,116,113,63955,6,0,0,6,12
2020-04-27,US,Minnesota,Clearwater,2,0,0,47.57992111,-95.37790562,27029.0,2,2,0,0,2,2,8810,0,0,0,0,0
2020-04-27,US,Minnesota,Cottonwood,9,0,0,44.00715262,-95.18138802,27033.0,9,6,0,0,6,6,11277,3,0,0,3,0
2020-04-27,US,Minnesota,Crow Wing,20,0,0,46.48096553,-94.06755609,27035.0,20,20,0,0,20,20,64889,0,0,0,0,0
2020-04-27,US,Minnesota,Dakota,144,7,0,44.67172617,-93.06299363,27037.0,137,143,7,0,136,138,425423,1,0,0,1,5
2020-04-27,US,Minnesota,Dodge,19,0,0,44.02238415,-92.86244324,27039.0,19,19,0,0,19,19,20822,0,0,0,0,0
2020-04-27,US,Minnesota,Douglas,2,0,0,45.93348491,-95.45335469,27041.0,2,2,0,0,2,2,37964,0,0,0,0,0
2020-04-27,US,Minnesota,Faribault,4,0,0,43.67381499,-93.94787458,27043.0,4,4,0,0,4,4,13758,0,0,0,0,0
2020-04-27,US,Minnesota,Fillmore,12,1,0,43.67394126,-92.08980382,27045.0,11,12,1,0,11,12,21058,0,0,0,0,0
2020-04-27,US,Minnesota,Freeborn,33,0,0,43.67385583,-93.34884422,27047.0,33,33,0,0,33,33,30444,0,0,0,0,0
2020-04-27,US,Minnesota,Goodhue,19,0,0,44.40849741,-92.72341949999999,27049.0,19,19,0,0,19,19,46403,0,0,0,0,0
2020-04-27,US,Minnesota,Hennepin,1416,188,0,45.00761521,-93.47694895,27053.0,1228,1332,177,0,1155,1287,1259428,84,11,0,73,45
2020-04-27,US,Minnesota,Houston,1,0,0,43.67129565,-91.49143057,27055.0,1,1,0,0,1,1,18578,0,0,0,0,0
2020-04-27,US,Minnesota,Isanti,6,0,0,45.56181234,-93.29487636,27059.0,6,6,0,0,6,7,39966,0,0,0,0,-1
2020-04-27,US,Minnesota,Itasca,2,0,0,47.51009045,-93.63092229,27061.0,2,2,0,0,2,2,45108,0,0,0,0,0
2020-04-27,US,Minnesota,Jackson,8,0,0,43.67423373,-95.15398258,27063.0,8,7,0,0,7,7,9911,1,0,0,1,0
2020-04-27,US,Minnesota,Kandiyohi,39,0,0,45.1526059,-95.00586446,27067.0,39,35,0,0,35,28,42855,4,0,0,4,7
2020-04-27,US,Minnesota,Kittson,1,0,0,48.77754106,-96.78317184,27069.0,1,1,0,0,1,1,4248,0,0,0,0,0
2020-04-27,US,Minnesota,Koochiching,1,0,0,48.24539665,-93.78352843,27071.0,1,1,0,0,1,1,12440,0,0,0,0,0
2020-04-27,US,Minnesota,Lac qui Parle,1,0,0,44.9973857,-96.17488219,27073.0,1,1,0,0,1,1,6658,0,0,0,0,0
2020-04-27,US,Minnesota,Le Sueur,23,0,0,44.37136597,-93.72844721,27079.0,23,22,0,0,22,22,28494,1,0,0,1,0
2020-04-27,US,Minnesota,Lincoln,2,0,0,44.41311883,-96.26688165,27081.0,2,2,0,0,2,2,5673,0,0,0,0,0
2020-04-27,US,Minnesota,Lyon,6,0,0,44.41327865,-95.83806103,27083.0,6,6,0,0,6,6,25629,0,0,0,0,0
2020-04-27,US,Minnesota,Mahnomen,1,0,0,47.32557075,-95.80921485,27087.0,1,1,0,0,1,1,5519,0,0,0,0,0
2020-04-27,US,Minnesota,Marshall,1,0,0,48.35825983,-96.37017407,27089.0,1,1,0,0,1,1,9390,0,0,0,0,0
2020-04-27,US,Minnesota,Martin,43,4,0,43.67429718,-94.55099908,27091.0,39,43,4,0,39,42,19785,0,0,0,0,1
2020-04-27,US,Minnesota,McLeod,4,0,0,44.82367677,-94.27287017,27085.0,4,3,0,0,3,3,35873,1,0,0,1,0
2020-04-27,US,Minnesota,Meeker,6,0,0,45.12328869,-94.52839455,27093.0,6,6,0,0,6,4,23141,0,0,0,0,2
2020-04-27,US,Minnesota,Mille Lacs,1,1,0,45.93705297,-93.63236823,27095.0,0,1,1,0,0,1,26139,0,0,0,0,0
2020-04-27,US,Minnesota,Morrison,1,0,0,46.01265363,-94.27341528,27097.0,1,1,0,0,1,1,33169,0,0,0,0,0
2020-04-27,US,Minnesota,Mower,28,0,0,43.67142874,-92.75234549,27099.0,28,28,0,0,28,28,40011,0,0,0,0,0
2020-04-27,US,Minnesota,Murray,10,0,0,44.02216709,-95.76328482,27101.0,10,8,0,0,8,8,8276,2,0,0,2,0
2020-04-27,US,Minnesota,Nicollet,9,2,0,44.35291112,-94.24710352,27103.0,7,9,2,0,7,9,34220,0,0,0,0,0
2020-04-27,US,Minnesota,Nobles,399,1,0,43.67434621,-95.75329576,27105.0,398,352,1,0,351,325,21924,47,0,0,47,27
2020-04-27,US,Minnesota,Norman,7,0,0,47.32628443,-96.45620947,27107.0,7,7,0,0,7,7,6475,0,0,0,0,0
2020-04-27,US,Minnesota,Olmsted,246,6,0,44.00374114,-92.40209944,27109.0,240,239,6,0,233,238,156277,7,0,0,7,1
2020-04-27,US,Minnesota,Otter Tail,8,0,0,46.40846929,-95.70835255,27111.0,8,8,0,0,8,8,58812,0,0,0,0,0
2020-04-27,US,Minnesota,Pennington,1,0,0,48.06642577,-96.0370814,27113.0,1,1,0,0,1,1,14178,0,0,0,0,0
2020-04-27,US,Minnesota,Pine,56,0,0,46.12105238,-92.74070188,27115.0,56,52,0,0,52,45,29483,4,0,0,4,7
2020-04-27,US,Minnesota,Pipestone,2,0,0,44.02301619,-96.25841142,27117.0,2,2,0,0,2,2,9047,0,0,0,0,0
2020-04-27,US,Minnesota,Polk,24,0,0,47.77372465,-96.40134647,27119.0,24,23,0,0,23,20,31529,1,0,0,1,3
2020-04-27,US,Minnesota,Ramsey,297,22,0,45.01625271,-93.09872295,27123.0,275,278,20,0,258,261,550210,19,2,0,17,17
2020-04-27,US,Minnesota,Red Lake,1,0,0,47.87197525,-96.09561104,27125.0,1,1,0,0,1,1,3999,0,0,0,0,0
2020-04-27,US,Minnesota,Redwood,1,0,0,44.40555844,-95.25207021,27127.0,1,1,0,0,1,1,15249,0,0,0,0,0
2020-04-27,US,Minnesota,Renville,3,0,0,44.72836381,-94.94553734,27129.0,3,3,0,0,3,3,14612,0,0,0,0,0
2020-04-27,US,Minnesota,Rice,10,1,0,44.3543376,-93.29658715,27131.0,9,9,1,0,8,9,66523,1,0,0,1,0
2020-04-27,US,Minnesota,Rock,6,0,0,43.67482683,-96.25296832,27133.0,6,5,0,0,5,5,9414,1,0,0,1,0
2020-04-27,US,Minnesota,Roseau,1,0,0,48.77501878,-95.81079919,27135.0,1,1,0,0,1,1,15150,0,0,0,0,0
2020-04-27,US,Minnesota,Scott,35,1,0,44.6490231,-93.53340251,27139.0,34,32,1,0,31,32,147381,3,0,0,3,0
2020-04-27,US,Minnesota,Sherburne,16,0,0,45.44447208,-93.77617511,27141.0,16,16,0,0,16,15,96036,0,0,0,0,1
2020-04-27,US,Minnesota,Sibley,1,0,0,44.5796592,-94.23164924,27143.0,1,1,0,0,1,1,15028,0,0,0,0,0
2020-04-27,US,Minnesota,St. Louis,67,10,0,47.604840700000004,-92.46879855,27137.0,57,61,10,0,51,61,199754,6,0,0,6,0
2020-04-27,US,Minnesota,Stearns,55,0,0,45.55192576,-94.61078221,27145.0,55,38,0,0,38,38,159256,17,0,0,17,0
2020-04-27,US,Minnesota,Steele,14,0,0,44.02240351,-93.22627088,27147.0,14,12,0,0,12,12,36803,2,0,0,2,0
2020-04-27,US,Minnesota,Swift,1,0,0,45.2829032,-95.68264092,27151.0,1,1,0,0,1,1,9345,0,0,0,0,0
2020-04-27,US,Minnesota,Todd,3,0,0,46.06996226,-94.89785296,27153.0,3,3,0,0,3,3,24582,0,0,0,0,0
2020-04-27,US,Minnesota,Traverse,2,0,0,45.77298854,-96.47062949,27155.0,2,2,0,0,2,2,3308,0,0,0,0,0
2020-04-27,US,Minnesota,Wabasha,8,0,0,44.28424356,-92.23121312,27157.0,8,8,0,0,8,8,21645,0,0,0,0,0
2020-04-27,US,Minnesota,Waseca,3,0,0,44.02211116,-93.58720034,27161.0,3,3,0,0,3,3,18691,0,0,0,0,0
2020-04-27,US,Minnesota,Washington,114,8,0,45.03864533,-92.88429635,27163.0,106,113,8,0,105,112,259201,1,0,0,1,1
2020-04-27,US,Minnesota,Watonwan,7,0,0,43.97823903,-94.61413846,27165.0,7,7,0,0,7,5,10980,0,0,0,0,2
2020-04-27,US,Minnesota,Wilkin,11,3,0,46.35721532,-96.4684375,27167.0,8,11,3,0,8,11,6254,0,0,0,0,0
2020-04-27,US,Minnesota,Winona,66,14,0,43.98772283,-91.78081305,27169.0,52,66,13,0,53,66,50825,0,1,0,-1,0
2020-04-27,US,Minnesota,Wright,34,1,0,45.17297924,-93.96234781,27171.0,33,33,1,0,32,33,136349,1,0,0,1,0
2020-04-27,US,Minnesota,Yellow Medicine,3,0,0,44.71710183,-95.86842453,27173.0,3,3,0,0,3,3,9795,0,0,0,0,0
2020-04-27,US,Mississippi,Adams,116,7,0,31.47669768,-91.35326037,28001.0,109,113,7,0,106,109,31192,3,0,0,3,4
2020-04-27,US,Mississippi,Alcorn,8,0,0,34.88084463,-88.57996173,28003.0,8,9,0,0,9,9,36925,-1,0,0,-1,0
2020-04-27,US,Mississippi,Amite,26,0,0,31.17467303,-90.80501621,28005.0,26,23,0,0,23,23,12326,3,0,0,3,0
2020-04-27,US,Mississippi,Attala,86,0,0,33.08658803,-89.57838564,28007.0,86,82,0,0,82,80,18365,4,0,0,4,2
2020-04-27,US,Mississippi,Benton,9,0,0,34.81681228,-89.18945516,28009.0,9,9,0,0,9,9,8271,0,0,0,0,0
2020-04-27,US,Mississippi,Bolivar,101,7,0,33.79696941,-90.87372121,28011.0,94,96,7,0,89,94,31333,5,0,0,5,2
2020-04-27,US,Mississippi,Calhoun,50,3,0,33.93683395,-89.33686647,28013.0,47,50,3,0,47,48,14436,0,0,0,0,2
2020-04-27,US,Mississippi,Carroll,20,1,0,33.44834567,-89.91994479,28015.0,19,18,1,0,17,15,9911,2,0,0,2,3
2020-04-27,US,Mississippi,Chickasaw,64,5,0,33.91983202,-88.9481545,28017.0,59,63,5,0,58,56,17171,1,0,0,1,7
2020-04-27,US,Mississippi,Choctaw,13,1,0,33.34598242,-89.24809382,28019.0,12,13,1,0,12,13,8278,0,0,0,0,0
2020-04-27,US,Mississippi,Claiborne,19,0,0,31.97061673,-90.90702196,28021.0,19,19,0,0,19,18,9002,0,0,0,0,1
2020-04-27,US,Mississippi,Clarke,47,3,0,32.04158545,-88.68896219999998,28023.0,44,46,3,0,43,44,15604,1,0,0,1,2
2020-04-27,US,Mississippi,Clay,31,2,0,33.65358105,-88.77784255,28025.0,29,31,2,0,29,32,19386,0,0,0,0,-1
2020-04-27,US,Mississippi,Coahoma,58,2,0,34.22772299,-90.60415045,28027.0,56,56,2,0,54,54,22628,2,0,0,2,2
2020-04-27,US,Mississippi,Copiah,79,1,0,31.86977774,-90.44565118,28029.0,78,71,1,0,70,68,28543,8,0,0,8,3
2020-04-27,US,Mississippi,Covington,51,0,0,31.63225413,-89.55389939,28031.0,51,50,0,0,50,45,18853,1,0,0,1,5
2020-04-27,US,Mississippi,DeSoto,266,4,0,34.87625235,-89.99091418,28033.0,262,261,4,0,257,263,182001,5,0,0,5,-2
2020-04-27,US,Mississippi,Forrest,190,8,0,31.18961454,-89.25832496,28035.0,182,190,7,0,183,181,75036,0,1,0,-1,9
2020-04-27,US,Mississippi,Franklin,17,1,0,31.47786634,-90.89672989,28037.0,16,16,1,0,15,16,7788,1,0,0,1,0
2020-04-27,US,Mississippi,George,11,1,0,30.86259065,-88.64436789,28039.0,10,11,1,0,10,11,24250,0,0,0,0,0
2020-04-27,US,Mississippi,Greene,4,1,0,31.21444233,-88.63922281,28041.0,3,4,1,0,3,4,13586,0,0,0,0,0
2020-04-27,US,Mississippi,Grenada,27,0,0,33.77036166,-89.80245083,28043.0,27,27,0,0,27,27,21055,0,0,0,0,0
2020-04-27,US,Mississippi,Hancock,60,5,0,30.41830223,-89.48851033,28045.0,55,60,5,0,55,59,47334,0,0,0,0,1
2020-04-27,US,Mississippi,Harrison,159,6,0,30.51359752,-89.12467576,28047.0,153,158,6,0,152,158,206650,1,0,0,1,0
2020-04-27,US,Mississippi,Hinds,421,7,0,32.2656285,-90.44435448,28049.0,414,415,7,0,408,412,237085,6,0,0,6,3
2020-04-27,US,Mississippi,Holmes,114,5,0,33.12345854,-90.08923538,28051.0,109,105,5,0,100,100,17622,9,0,0,9,5
2020-04-27,US,Mississippi,Humphreys,18,3,0,33.12825718,-90.52252707,28053.0,15,14,3,0,11,14,8257,4,0,0,4,0
2020-04-27,US,Mississippi,Itawamba,49,2,0,34.27993475,-88.3606733,28057.0,47,37,1,0,36,33,23517,12,1,0,11,4
2020-04-27,US,Mississippi,Jackson,240,6,0,30.54020656,-88.64184064,28059.0,234,238,6,0,232,237,143277,2,0,0,2,1
2020-04-27,US,Mississippi,Jasper,32,1,0,32.01922104,-89.11786866,28061.0,31,31,1,0,30,32,16428,1,0,0,1,-1
2020-04-27,US,Mississippi,Jefferson,12,0,0,31.73397872,-91.03764977,28063.0,12,9,0,0,9,8,7106,3,0,0,3,1
2020-04-27,US,Mississippi,Jefferson Davis,27,1,0,31.56884708,-89.82670990000004,28065.0,26,25,1,0,24,22,11234,2,0,0,2,3
2020-04-27,US,Mississippi,Jones,130,1,0,31.62257767,-89.16896899999998,28067.0,129,118,1,0,117,116,68461,12,0,0,12,2
2020-04-27,US,Mississippi,Kemper,49,1,0,32.75462946,-88.64105766,28069.0,48,43,1,0,42,40,10027,6,0,0,6,3
2020-04-27,US,Mississippi,Lafayette,88,3,0,34.35687874,-89.48490961,28071.0,85,88,3,0,85,87,54793,0,0,0,0,1
2020-04-27,US,Mississippi,Lamar,92,2,0,31.20572971,-89.5077704,28073.0,90,89,2,0,87,85,62447,3,0,0,3,4
2020-04-27,US,Mississippi,Lauderdale,304,19,0,32.40419769,-88.66229662,28075.0,285,295,19,0,276,284,75317,9,0,0,9,11
2020-04-27,US,Mississippi,Lawrence,36,0,0,31.55147224,-90.10841127,28077.0,36,35,0,0,35,30,12455,1,0,0,1,5
2020-04-27,US,Mississippi,Leake,161,1,0,32.7536828,-89.52402044,28079.0,160,158,1,0,157,149,22763,3,0,0,3,9
2020-04-27,US,Mississippi,Lee,70,4,0,34.291877500000005,-88.68149954,28081.0,66,72,5,0,67,72,85202,-2,-1,0,-1,0
2020-04-27,US,Mississippi,Leflore,137,15,0,33.55545125,-90.29900733,28083.0,122,136,15,0,121,131,28919,1,0,0,1,5
2020-04-27,US,Mississippi,Lincoln,136,9,0,31.53288662,-90.45391915,28085.0,127,136,9,0,127,136,34205,0,0,0,0,0
2020-04-27,US,Mississippi,Lowndes,45,2,0,33.47386518,-88.44191529999998,28087.0,43,41,2,0,39,41,58930,4,0,0,4,0
2020-04-27,US,Mississippi,Madison,208,6,0,32.63389156,-90.03513564,28089.0,202,194,5,0,189,186,105630,14,1,0,13,8
2020-04-27,US,Mississippi,Marion,58,5,0,31.23132643,-89.8209217,28091.0,53,58,5,0,53,57,24715,0,0,0,0,1
2020-04-27,US,Mississippi,Marshall,41,2,0,34.76216286,-89.50299462,28093.0,39,41,2,0,39,41,35451,0,0,0,0,0
2020-04-27,US,Mississippi,Monroe,144,9,0,33.89236763,-88.4808438,28095.0,135,134,9,0,125,123,35564,10,0,0,10,11
2020-04-27,US,Mississippi,Montgomery,19,1,0,33.49419589,-89.61729103,28097.0,18,19,1,0,18,18,10023,0,0,0,0,1
2020-04-27,US,Mississippi,Neshoba,156,3,0,32.75339664,-89.11726492,28099.0,153,153,3,0,150,119,29125,3,0,0,3,34
2020-04-27,US,Mississippi,Newton,64,0,0,32.40021118,-89.11843336,28101.0,64,61,0,0,61,58,21443,3,0,0,3,3
2020-04-27,US,Mississippi,Noxubee,52,0,0,33.11009499,-88.56949061,28103.0,52,46,0,0,46,45,10535,6,0,0,6,1
2020-04-27,US,Mississippi,Oktibbeha,46,3,0,33.42491685,-88.87905132,28105.0,43,46,3,0,43,46,49599,0,0,0,0,0
2020-04-27,US,Mississippi,Panola,38,2,0,34.36398677,-89.95064249,28107.0,36,37,2,0,35,36,34178,1,0,0,1,1
2020-04-27,US,Mississippi,Pearl River,153,14,0,30.77090935,-89.58677275,28109.0,139,152,14,0,138,148,55387,1,0,0,1,4
2020-04-27,US,Mississippi,Perry,26,1,0,31.17161885,-88.99281835,28111.0,25,26,1,0,25,25,11931,0,0,0,0,1
2020-04-27,US,Mississippi,Pike,136,5,0,31.17507789,-90.40392572,28113.0,131,136,5,0,131,133,39563,0,0,0,0,3
2020-04-27,US,Mississippi,Pontotoc,18,2,0,34.226046000000004,-89.03636807,28115.0,16,18,2,0,16,18,31833,0,0,0,0,0
2020-04-27,US,Mississippi,Prentiss,32,1,0,34.61810501,-88.51986294,28117.0,31,30,1,0,29,29,25315,2,0,0,2,1
2020-04-27,US,Mississippi,Quitman,14,0,0,34.25157572,-90.28908,28119.0,14,14,0,0,14,14,7051,0,0,0,0,0
2020-04-27,US,Mississippi,Rankin,171,5,0,32.26469147,-89.94537876,28121.0,166,167,5,0,162,162,153902,4,0,0,4,5
2020-04-27,US,Mississippi,Scott,258,0,0,32.406704100000006,-89.53789439,28123.0,258,249,0,0,249,240,28287,9,0,0,9,9
2020-04-27,US,Mississippi,Sharkey,5,0,0,32.88149103,-90.81595379999999,28125.0,5,4,0,0,4,4,4377,1,0,0,1,0
2020-04-27,US,Mississippi,Simpson,40,0,0,31.91282117,-89.91716179,28127.0,40,40,0,0,40,38,26758,0,0,0,0,2
2020-04-27,US,Mississippi,Smith,65,4,0,32.01744532,-89.50644846,28129.0,61,60,4,0,56,58,16002,5,0,0,5,2
2020-04-27,US,Mississippi,Stone,22,0,0,30.79187949,-89.11547539,28131.0,22,22,0,0,22,22,18717,0,0,0,0,0
2020-04-27,US,Mississippi,Sunflower,52,2,0,33.60192578,-90.58882684,28133.0,50,51,2,0,49,51,25735,1,0,0,1,0
2020-04-27,US,Mississippi,Tallahatchie,11,1,0,33.95339918,-90.1729398,28135.0,10,11,1,0,10,11,13987,0,0,0,0,0
2020-04-27,US,Mississippi,Tate,38,0,0,34.65133709,-89.94485778,28137.0,38,38,0,0,38,38,28759,0,0,0,0,0
2020-04-27,US,Mississippi,Tippah,52,7,0,34.76872156,-88.90988194,28139.0,45,52,7,0,45,51,21995,0,0,0,0,1
2020-04-27,US,Mississippi,Tishomingo,8,0,0,34.74023475,-88.23917219,28141.0,8,7,0,0,7,7,19454,1,0,0,1,0
2020-04-27,US,Mississippi,Tunica,35,1,0,34.64967704,-90.37481167,28143.0,34,35,1,0,34,34,9944,0,0,0,0,1
2020-04-27,US,Mississippi,Union,15,1,0,34.49162015,-89.00776006,28145.0,14,15,1,0,14,14,28606,0,0,0,0,1
2020-04-27,US,Mississippi,Walthall,29,0,0,31.14971548,-90.10446654,28147.0,29,28,0,0,28,27,14465,1,0,0,1,1
2020-04-27,US,Mississippi,Warren,50,2,0,32.35810271,-90.83352619,28149.0,48,47,2,0,45,45,46176,3,0,0,3,2
2020-04-27,US,Mississippi,Washington,77,3,0,33.28392041,-90.94196237,28151.0,74,78,3,0,75,77,45063,-1,0,0,-1,1
2020-04-27,US,Mississippi,Wayne,19,0,0,31.64135687,-88.69573913,28153.0,19,19,0,0,19,19,20298,0,0,0,0,0
2020-04-27,US,Mississippi,Webster,16,1,0,33.61300486,-89.28392912,28155.0,15,16,1,0,15,16,9788,0,0,0,0,0
2020-04-27,US,Mississippi,Wilkinson,68,7,0,31.16078225,-91.31018819,28157.0,61,68,7,0,61,68,8792,0,0,0,0,0
2020-04-27,US,Mississippi,Winston,40,0,0,33.08747908,-89.03391385,28159.0,40,38,0,0,38,38,18165,2,0,0,2,0
2020-04-27,US,Mississippi,Yalobusha,19,0,0,34.02824175,-89.70762049999998,28161.0,19,18,0,0,18,17,12392,1,0,0,1,1
2020-04-27,US,Mississippi,Yazoo,126,1,0,32.77890365,-90.39656148,28163.0,125,122,1,0,121,120,28248,4,0,0,4,2
2020-04-27,US,Missouri,Adair,12,0,0,40.19058551,-92.60078167,29001.0,12,12,0,0,12,12,25339,0,0,0,0,0
2020-04-27,US,Missouri,Andrew,2,0,0,39.98492163,-94.80163024,29003.0,2,1,0,0,1,1,17607,1,0,0,1,0
2020-04-27,US,Missouri,Atchison,2,0,0,40.43238737,-95.42970639,29005.0,2,2,0,0,2,2,5171,0,0,0,0,0
2020-04-27,US,Missouri,Audrain,1,0,0,39.215877,-91.84242683,29007.0,1,1,0,0,1,1,25473,0,0,0,0,0
2020-04-27,US,Missouri,Barry,6,0,0,36.70978521,-93.82919888,29009.0,6,6,0,0,6,6,35886,0,0,0,0,0
2020-04-27,US,Missouri,Bates,6,1,0,38.25271289,-94.34113157,29013.0,5,6,1,0,5,6,16320,0,0,0,0,0
2020-04-27,US,Missouri,Benton,4,0,0,38.29503305,-93.28756116,29015.0,4,4,0,0,4,4,19278,0,0,0,0,0
2020-04-27,US,Missouri,Bollinger,4,0,0,37.32449052,-90.02725304,29017.0,4,4,0,0,4,4,12169,0,0,0,0,0
2020-04-27,US,Missouri,Boone,98,1,0,38.99186229,-92.30723575,29019.0,97,98,1,0,97,98,180005,0,0,0,0,0
2020-04-27,US,Missouri,Buchanan,63,1,0,39.65816401,-94.80138942,29021.0,62,57,1,0,56,48,88571,6,0,0,6,9
2020-04-27,US,Missouri,Butler,26,0,0,36.71462476,-90.40421163,29023.0,26,26,0,0,26,25,42639,0,0,0,0,1
2020-04-27,US,Missouri,Caldwell,3,0,0,39.65620858,-93.98308093,29025.0,3,2,0,0,2,2,9108,1,0,0,1,0
2020-04-27,US,Missouri,Callaway,20,1,0,38.83674754,-91.92186505,29027.0,19,21,1,0,20,21,44889,-1,0,0,-1,0
2020-04-27,US,Missouri,Camden,35,1,0,38.02199522,-92.76083747,29029.0,34,35,1,0,34,35,45815,0,0,0,0,0
2020-04-27,US,Missouri,Cape Girardeau,48,1,0,37.38489388,-89.6843587,29031.0,47,47,1,0,46,43,78753,1,0,0,1,4
2020-04-27,US,Missouri,Carroll,3,0,0,39.42762566,-93.50626255,29033.0,3,3,0,0,3,3,8743,0,0,0,0,0
2020-04-27,US,Missouri,Carter,3,1,0,36.94160441,-90.96051322,29035.0,2,3,1,0,2,3,6054,0,0,0,0,0
2020-04-27,US,Missouri,Cass,58,6,0,38.64789422,-94.353399,29037.0,52,58,6,0,52,58,104954,0,0,0,0,0
2020-04-27,US,Missouri,Cedar,5,0,0,37.72391475,-93.85445441,29039.0,5,5,0,0,5,5,14165,0,0,0,0,0
2020-04-27,US,Missouri,Chariton,5,0,0,39.51499357,-92.9629191,29041.0,5,5,0,0,5,5,7451,0,0,0,0,0
2020-04-27,US,Missouri,Christian,19,0,0,36.9711783,-93.18537118,29043.0,19,19,0,0,19,19,86983,0,0,0,0,0
2020-04-27,US,Missouri,Clark,1,0,0,40.41040752,-91.73661677,29045.0,1,1,0,0,1,1,6842,0,0,0,0,0
2020-04-27,US,Missouri,Clay,68,2,0,39.31132056,-94.41850862,29047.0,66,67,2,0,65,65,246365,1,0,0,1,2
2020-04-27,US,Missouri,Clinton,11,0,0,39.6013098,-94.40465394,29049.0,11,11,0,0,11,11,20470,0,0,0,0,0
2020-04-27,US,Missouri,Cole,50,1,0,38.50455671,-92.27860244,29051.0,49,50,1,0,49,50,76796,0,0,0,0,0
2020-04-27,US,Missouri,Cooper,7,0,0,38.844478,-92.80896081,29053.0,7,7,0,0,7,7,17603,0,0,0,0,0
2020-04-27,US,Missouri,Crawford,7,0,0,37.97663738,-91.30528104,29055.0,7,7,0,0,7,7,23957,0,0,0,0,0
2020-04-27,US,Missouri,Dallas,2,0,0,37.681135499999996,-93.02127031,29059.0,2,2,0,0,2,2,16762,0,0,0,0,0
2020-04-27,US,Missouri,Daviess,2,0,0,39.96145298,-93.98519678,29061.0,2,2,0,0,2,2,8313,0,0,0,0,0
2020-04-27,US,Missouri,DeKalb,3,0,0,39.89201062,-94.40476508,29063.0,3,3,0,0,3,3,12630,0,0,0,0,0
2020-04-27,US,Missouri,Dunklin,20,2,0,36.27167174,-90.09122243,29069.0,18,20,2,0,18,19,29423,0,0,0,0,1
2020-04-27,US,Missouri,Franklin,106,8,0,38.41127108,-91.07522826,29071.0,98,106,8,0,98,106,103670,0,0,0,0,0
2020-04-27,US,Missouri,Gasconade,2,0,0,38.43947277,-91.50847147,29073.0,2,2,0,0,2,2,14705,0,0,0,0,0
2020-04-27,US,Missouri,Gentry,1,0,0,40.21097916,-94.40944419,29075.0,1,1,0,0,1,1,6628,0,0,0,0,0
2020-04-27,US,Missouri,Greene,93,8,0,37.2575872,-93.34230916,29077.0,85,93,8,0,85,93,291923,0,0,0,0,0
2020-04-27,US,Missouri,Harrison,6,0,0,40.35570088,-93.99222144,29081.0,6,6,0,0,6,6,8414,0,0,0,0,0
2020-04-27,US,Missouri,Henry,8,1,0,38.38482826,-93.79293734,29083.0,7,8,1,0,7,6,21792,0,0,0,0,2
2020-04-27,US,Missouri,Holt,1,0,0,40.09799248,-95.21638879999999,29087.0,1,1,0,0,1,1,4404,0,0,0,0,0
2020-04-27,US,Missouri,Howard,2,0,0,39.1435761,-92.69756691,29089.0,2,2,0,0,2,2,10137,0,0,0,0,0
2020-04-27,US,Missouri,Howell,5,0,0,36.77383887,-91.88683935,29091.0,5,5,0,0,5,5,40076,0,0,0,0,0
2020-04-27,US,Missouri,Iron,2,0,0,37.55487945,-90.7735296,29093.0,2,2,0,0,2,2,10177,0,0,0,0,0
2020-04-27,US,Missouri,Jackson,309,12,0,39.01002188,-94.34724536,29095.0,297,307,12,0,295,303,700307,2,0,0,2,4
2020-04-27,US,Missouri,Jasper,24,0,0,37.20351921,-94.34050458,29097.0,24,24,0,0,24,24,120636,0,0,0,0,0
2020-04-27,US,Missouri,Jefferson,266,3,0,38.25926778,-90.53870896,29099.0,263,258,3,0,255,253,224347,8,0,0,8,5
2020-04-27,US,Missouri,Johnson,54,0,0,38.74719601,-93.80691168,29101.0,54,53,0,0,53,53,53652,1,0,0,1,0
2020-04-27,US,Missouri,Kansas City,500,15,0,39.0997,-94.5786,0.0,485,493,15,0,478,486,491918,7,0,0,7,7
2020-04-27,US,Missouri,Lafayette,35,1,0,39.06986886,-93.78076396,29107.0,34,35,1,0,34,33,32598,0,0,0,0,2
2020-04-27,US,Missouri,Lewis,6,1,0,40.09673161,-91.72070156,29111.0,5,6,1,0,5,6,9855,0,0,0,0,0
2020-04-27,US,Missouri,Lincoln,68,41,0,39.05345619,-90.95588181,29113.0,27,68,1,0,67,67,57686,0,40,0,-40,1
2020-04-27,US,Missouri,Linn,5,1,0,39.87001769,-93.10704106,29115.0,4,5,1,0,4,5,12037,0,0,0,0,0
2020-04-27,US,Missouri,Livingston,2,0,0,39.78110272,-93.54645978,29117.0,2,2,0,0,2,2,15146,0,0,0,0,0
2020-04-27,US,Missouri,Macon,2,0,0,39.83049768,-92.56453089,29121.0,2,2,0,0,2,2,15153,0,0,0,0,0
2020-04-27,US,Missouri,Madison,1,0,0,37.47865134,-90.34671429999999,29123.0,1,1,0,0,1,1,12188,0,0,0,0,0
2020-04-27,US,Missouri,Maries,2,0,0,38.16193985,-91.92249662,29125.0,2,2,0,0,2,2,8769,0,0,0,0,0
2020-04-27,US,Missouri,Marion,5,0,0,39.80601912,-91.62203062,29127.0,5,5,0,0,5,4,28592,0,0,0,0,1
2020-04-27,US,Missouri,McDonald,4,0,0,36.62869595,-94.34867205,29119.0,4,4,0,0,4,4,23078,0,0,0,0,0
2020-04-27,US,Missouri,Miller,1,0,0,38.21450288,-92.42610898,29131.0,1,1,0,0,1,1,25336,0,0,0,0,0
2020-04-27,US,Missouri,Mississippi,23,0,0,36.82516239,-89.29505753,29133.0,23,23,0,0,23,23,13336,0,0,0,0,0
2020-04-27,US,Missouri,Moniteau,52,0,0,38.63571781,-92.57976951,29135.0,52,59,0,0,59,59,16121,-7,0,0,-7,0
2020-04-27,US,Missouri,Montgomery,7,0,0,38.94022054,-91.47000721,29139.0,7,7,0,0,7,7,11534,0,0,0,0,0
2020-04-27,US,Missouri,Morgan,3,0,0,38.4181765,-92.88791859,29141.0,3,3,0,0,3,3,20358,0,0,0,0,0
2020-04-27,US,Missouri,New Madrid,9,0,0,36.59666326,-89.66070007,29143.0,9,9,0,0,9,9,17296,0,0,0,0,0
2020-04-27,US,Missouri,Newton,10,1,0,36.90519407,-94.3394104,29145.0,9,10,1,0,9,10,58266,0,0,0,0,0
2020-04-27,US,Missouri,Nodaway,3,0,0,40.36079813,-94.88133008,29147.0,3,3,0,0,3,3,22304,0,0,0,0,0
2020-04-27,US,Missouri,Oregon,1,0,0,36.68710164,-91.4033755,29149.0,1,1,0,0,1,1,10541,0,0,0,0,0
2020-04-27,US,Missouri,Osage,5,0,0,38.46036182,-91.8613635,29151.0,5,5,0,0,5,5,13714,0,0,0,0,0
2020-04-27,US,Missouri,Pemiscot,19,1,0,36.2130572,-89.78742322,29155.0,18,18,1,0,17,18,16272,1,0,0,1,0
2020-04-27,US,Missouri,Perry,41,0,0,37.70660776,-89.82741088,29157.0,41,41,0,0,41,39,19150,0,0,0,0,2
2020-04-27,US,Missouri,Pettis,27,0,0,38.72798918,-93.28471706,29159.0,27,27,0,0,27,25,42542,0,0,0,0,2
2020-04-27,US,Missouri,Phelps,2,0,0,37.87736118,-91.79351727,29161.0,2,2,0,0,2,1,44732,0,0,0,0,1
2020-04-27,US,Missouri,Pike,9,0,0,39.34310674,-91.16980779,29163.0,9,8,0,0,8,7,18504,1,0,0,1,1
2020-04-27,US,Missouri,Platte,31,0,0,39.38154439,-94.77068479,29165.0,31,31,0,0,31,31,102985,0,0,0,0,0
2020-04-27,US,Missouri,Polk,1,0,0,37.616229600000004,-93.39828174,29167.0,1,1,0,0,1,1,32201,0,0,0,0,0
2020-04-27,US,Missouri,Pulaski,33,1,0,37.82462075,-92.20783203,29169.0,32,33,1,0,32,33,52014,0,0,0,0,0
2020-04-27,US,Missouri,Ralls,1,0,0,39.52817427,-91.51838643,29173.0,1,1,0,0,1,1,10212,0,0,0,0,0
2020-04-27,US,Missouri,Randolph,8,0,0,39.44007257,-92.49713740000001,29175.0,8,8,0,0,8,8,24763,0,0,0,0,0
2020-04-27,US,Missouri,Ray,11,0,0,39.353746799999996,-93.98905745,29177.0,11,11,0,0,11,10,22883,0,0,0,0,1
2020-04-27,US,Missouri,Reynolds,2,0,0,37.36085952,-90.97009925,29179.0,2,2,0,0,2,2,6254,0,0,0,0,0
2020-04-27,US,Missouri,Ripley,5,0,0,36.65460667,-90.85990261,29181.0,5,5,0,0,5,5,13401,0,0,0,0,0
2020-04-27,US,Missouri,Saline,168,0,0,39.13734288,-93.20259964,29195.0,168,162,0,0,162,143,22895,6,0,0,6,19
2020-04-27,US,Missouri,Scotland,4,0,0,40.45214695,-92.14709064,29199.0,4,4,0,0,4,4,4966,0,0,0,0,0
2020-04-27,US,Missouri,Scott,61,1,0,37.05588075,-89.56474493,29201.0,60,61,1,0,60,60,38458,0,0,0,0,1
2020-04-27,US,Missouri,Shelby,1,0,0,39.79742518,-92.07634971,29205.0,1,1,0,0,1,1,6050,0,0,0,0,0
2020-04-27,US,Missouri,St. Charles,572,32,0,38.77875681,-90.66662425,29183.0,540,526,29,0,497,524,399182,46,3,0,43,2
2020-04-27,US,Missouri,St. Clair,2,0,0,38.03699437,-93.77631447,29185.0,2,2,0,0,2,2,9395,0,0,0,0,0
2020-04-27,US,Missouri,St. Francois,28,1,0,37.81214171,-90.47598685,29187.0,27,28,1,0,27,26,66692,0,0,0,0,2
2020-04-27,US,Missouri,St. Louis,2898,137,0,38.63770039999999,-90.4458375,29189.0,2761,2817,127,0,2690,2720,996945,81,10,0,71,97
2020-04-27,US,Missouri,St. Louis City,1067,57,0,38.63555736,-90.24349225,29510.0,1010,1037,50,0,987,1019,302838,30,7,0,23,18
2020-04-27,US,Missouri,Ste. Genevieve,7,1,0,37.89090059,-90.1949941,29186.0,6,7,1,0,6,7,17888,0,0,0,0,0
2020-04-27,US,Missouri,Stoddard,19,0,0,36.85571651,-89.9444155,29207.0,19,19,0,0,19,19,29206,0,0,0,0,0
2020-04-27,US,Missouri,Stone,3,0,0,36.75000327,-93.45256475,29209.0,3,3,0,0,3,3,31749,0,0,0,0,0
2020-04-27,US,Missouri,Taney,10,1,0,36.65465345,-93.04075153,29213.0,9,10,1,0,9,10,55852,0,0,0,0,0
2020-04-27,US,Missouri,Unassigned,1,0,0,0.0,0.0,90029.0,1,1,0,0,1,1,,0,0,0,0,0
2020-04-27,US,Missouri,Vernon,4,0,0,37.8457799,-94.34127305,29217.0,4,4,0,0,4,4,20528,0,0,0,0,0
2020-04-27,US,Missouri,Warren,22,0,0,38.76529479,-91.16124662,29219.0,22,22,0,0,22,22,34711,0,0,0,0,0
2020-04-27,US,Missouri,Washington,8,1,0,37.96130078,-90.87948158,29221.0,7,8,1,0,7,8,24943,0,0,0,0,0
2020-04-27,US,Missouri,Webster,13,0,0,37.2813734,-92.876329,29225.0,13,13,0,0,13,13,39109,0,0,0,0,0
2020-04-27,US,Missouri,Worth,1,0,0,40.47945588,-94.42328751,29227.0,1,1,0,0,1,1,2040,0,0,0,0,0
2020-04-27,US,Missouri,Wright,9,0,0,37.27029221,-92.46914488,29229.0,9,9,0,0,9,9,18378,0,0,0,0,0
2020-04-27,US,Montana,Beaverhead,1,0,0,45.13434354,-112.89846940000001,30001.0,1,1,0,0,1,1,9404,0,0,0,0,0
2020-04-27,US,Montana,Big Horn,3,0,0,45.42335905,-107.492347,30003.0,3,3,0,0,3,3,13338,0,0,0,0,0
2020-04-27,US,Montana,Broadwater,4,0,0,46.33277565,-111.49558130000001,30007.0,4,4,0,0,4,4,6085,0,0,0,0,0
2020-04-27,US,Montana,Carbon,6,0,0,45.22850116,-109.0274047,30009.0,6,6,0,0,6,6,10714,0,0,0,0,0
2020-04-27,US,Montana,Cascade,14,2,0,47.30797024,-111.3467922,30013.0,12,14,2,0,12,14,81643,0,0,0,0,0
2020-04-27,US,Montana,Deer Lodge,3,0,0,46.05953325,-113.073353,30023.0,3,3,0,0,3,3,9131,0,0,0,0,0
2020-04-27,US,Montana,Flathead,37,2,0,48.29575866,-114.05205690000001,30029.0,35,37,2,0,35,37,102106,0,0,0,0,0
2020-04-27,US,Montana,Gallatin,146,0,0,45.54486106,-111.1692571,30031.0,146,146,0,0,146,146,111876,0,0,0,0,0
2020-04-27,US,Montana,Glacier,6,0,0,48.70513576,-112.9934235,30035.0,6,6,0,0,6,4,13747,0,0,0,0,2
2020-04-27,US,Montana,Golden Valley,3,0,0,46.3816474,-109.17685220000001,30037.0,3,3,0,0,3,3,826,0,0,0,0,0
2020-04-27,US,Montana,Hill,1,0,0,48.62879827,-110.1129252,30041.0,1,1,0,0,1,1,16347,0,0,0,0,0
2020-04-27,US,Montana,Jefferson,2,0,0,46.14907081,-112.094396,30043.0,2,2,0,0,2,2,12097,0,0,0,0,0
2020-04-27,US,Montana,Lake,5,0,0,47.64514965,-114.0898013,30047.0,5,5,0,0,5,5,30250,0,0,0,0,0
2020-04-27,US,Montana,Lewis and Clark,16,0,0,47.12610041,-112.39469799999999,30049.0,16,16,0,0,16,16,68700,0,0,0,0,0
2020-04-27,US,Montana,Liberty,1,0,0,48.56084317,-111.02430700000001,30051.0,1,1,0,0,1,1,2430,0,0,0,0,0
2020-04-27,US,Montana,Lincoln,7,1,0,48.54265777,-115.4046155,30053.0,6,7,1,0,6,7,19794,0,0,0,0,0
2020-04-27,US,Montana,Madison,8,1,0,45.30080065,-111.9173017,30057.0,7,8,1,0,7,8,8768,0,0,0,0,0
2020-04-27,US,Montana,Meagher,1,0,0,46.59907074,-110.8898557,30059.0,1,1,0,0,1,1,1866,0,0,0,0,0
2020-04-27,US,Montana,Missoula,39,1,0,47.03728583,-113.92135079999998,30063.0,38,39,1,0,38,39,118791,0,0,0,0,0
2020-04-27,US,Montana,Musselshell,1,0,0,46.49684637,-108.39498,30065.0,1,1,0,0,1,1,4651,0,0,0,0,0
2020-04-27,US,Montana,Park,7,0,0,45.48965095,-110.52643940000002,30067.0,7,7,0,0,7,7,16736,0,0,0,0,0
2020-04-27,US,Montana,Pondera,2,0,0,48.22773388,-112.22527029999999,30073.0,2,2,0,0,2,2,5972,0,0,0,0,0
2020-04-27,US,Montana,Ravalli,5,0,0,46.08520862,-114.11891640000002,30081.0,5,5,0,0,5,5,43172,0,0,0,0,0
2020-04-27,US,Montana,Richland,3,0,0,47.78668011,-104.5610786,30083.0,3,3,0,0,3,3,10913,0,0,0,0,0
2020-04-27,US,Montana,Roosevelt,7,0,0,48.29607488,-105.00792679999999,30085.0,7,7,0,0,7,7,11059,0,0,0,0,0
2020-04-27,US,Montana,Silver Bow,11,0,0,45.90018933,-112.6620092,30093.0,11,11,0,0,11,11,34993,0,0,0,0,0
2020-04-27,US,Montana,Stillwater,1,0,0,45.67071407,-109.3950061,30095.0,1,1,0,0,1,1,9534,0,0,0,0,0
2020-04-27,US,Montana,Toole,29,6,0,48.65577551,-111.69424140000001,30101.0,23,29,6,0,23,29,4853,0,0,0,0,0
2020-04-27,US,Montana,Wheatland,1,0,0,46.46652491,-109.84646359999999,30107.0,1,1,0,0,1,1,2236,0,0,0,0,0
2020-04-27,US,Montana,Yellowstone,79,1,0,45.93955949,-108.26914860000001,30111.0,78,78,1,0,77,77,160137,1,0,0,1,1
2020-04-27,US,Nebraska,Adams,141,2,0,40.52449420000001,-98.50117804,31001.0,139,129,2,0,127,125,31511,12,0,0,12,4
2020-04-27,US,Nebraska,Antelope,2,0,0,42.17695516,-98.06662829999999,31003.0,2,2,0,0,2,2,6336,0,0,0,0,0
2020-04-27,US,Nebraska,Box Butte,1,0,0,42.22079243,-103.08788340000001,31013.0,1,1,0,0,1,1,10772,0,0,0,0,0
2020-04-27,US,Nebraska,Buffalo,91,1,0,40.85486962,-99.07500296,31019.0,90,86,1,0,85,85,49615,5,0,0,5,1
2020-04-27,US,Nebraska,Burt,2,0,0,41.85056773,-96.32605633,31021.0,2,2,0,0,2,1,6488,0,0,0,0,1
2020-04-27,US,Nebraska,Butler,1,0,0,41.22703692,-97.13106306,31023.0,1,2,0,0,2,1,8058,-1,0,0,-1,1
2020-04-27,US,Nebraska,Cass,4,0,0,40.90899107,-96.13971217,31025.0,4,4,0,0,4,4,26159,0,0,0,0,0
2020-04-27,US,Nebraska,Cedar,2,0,0,42.598885100000004,-97.25311951,31027.0,2,,,,,,8446,,,,,
2020-04-27,US,Nebraska,Cherry,1,0,0,42.54502621,-101.1244332,31031.0,1,1,0,0,1,1,5761,0,0,0,0,0
2020-04-27,US,Nebraska,Cheyenne,6,0,0,41.21999357,-102.9941693,31033.0,6,5,0,0,5,5,9310,1,0,0,1,0
2020-04-27,US,Nebraska,Clay,5,0,0,40.52439441,-98.05126296,31035.0,5,4,0,0,4,5,6214,1,0,0,1,-1
2020-04-27,US,Nebraska,Colfax,22,0,0,41.57486951,-97.0868542,31037.0,22,20,0,0,20,9,10881,2,0,0,2,11
2020-04-27,US,Nebraska,Cuming,4,0,0,41.91637624,-96.78730772,31039.0,4,3,0,0,3,3,8940,1,0,0,1,0
2020-04-27,US,Nebraska,Custer,22,2,0,41.39374521,-99.72805369,31041.0,20,22,2,0,20,21,10840,0,0,0,0,1
2020-04-27,US,Nebraska,Dakota,459,0,0,42.39040144,-96.56656425,31043.0,459,403,0,0,403,332,20083,56,0,0,56,71
2020-04-27,US,Nebraska,Dawson,409,0,0,40.87028216,-99.82014609999999,31047.0,409,367,0,0,367,352,23709,42,0,0,42,15
2020-04-27,US,Nebraska,Dixon,3,0,0,42.49188363,-96.86782408,31051.0,3,2,0,0,2,2,5709,1,0,0,1,0
2020-04-27,US,Nebraska,Dodge,50,0,0,41.58071748,-96.65598179,31053.0,50,45,0,0,45,45,36791,5,0,0,5,0
2020-04-27,US,Nebraska,Douglas,476,10,0,41.29518299,-96.15085305,31055.0,466,419,10,0,409,382,566880,57,0,0,57,37
2020-04-27,US,Nebraska,Fillmore,1,0,0,40.52458567,-97.59646937,31059.0,1,1,0,0,1,1,5527,0,0,0,0,0
2020-04-27,US,Nebraska,Franklin,3,0,0,40.17636348,-98.95299073,31061.0,3,3,0,0,3,3,3023,0,0,0,0,0
2020-04-27,US,Nebraska,Furnas,2,0,0,40.17642064,-99.91247454,31065.0,2,2,0,0,2,2,4715,0,0,0,0,0
2020-04-27,US,Nebraska,Gage,33,3,0,40.26186809,-96.68946704,31067.0,30,29,3,0,26,29,21493,4,0,0,4,0
2020-04-27,US,Nebraska,Gosper,8,0,0,40.51481965,-99.83020279,31073.0,8,8,0,0,8,8,1996,0,0,0,0,0
2020-04-27,US,Nebraska,Greeley,2,0,0,41.56742671,-98.52150266,31077.0,2,1,0,0,1,1,2356,1,0,0,1,0
2020-04-27,US,Nebraska,Hall,908,12,0,40.87257079,-98.50218293,31079.0,896,876,12,0,864,797,61607,32,0,0,32,79
2020-04-27,US,Nebraska,Hamilton,41,2,0,40.87349452,-98.02099117,31081.0,39,46,2,0,44,46,9280,-5,0,0,-5,0
2020-04-27,US,Nebraska,Howard,10,0,0,41.2200529,-98.5166499,31093.0,10,12,0,0,12,11,6468,-2,0,0,-2,1
2020-04-27,US,Nebraska,Jefferson,2,0,0,40.17584531,-97.142601,31095.0,2,1,0,0,1,,7097,1,0,0,1,
2020-04-27,US,Nebraska,Johnson,4,0,0,40.39257596,-96.26522753,31097.0,4,4,0,0,4,2,5134,0,0,0,0,2
2020-04-27,US,Nebraska,Kearney,4,0,0,40.50663314,-98.94877182,31099.0,4,4,0,0,4,4,6544,0,0,0,0,0
2020-04-27,US,Nebraska,Kimball,9,0,0,41.19774275,-103.7148131,31105.0,9,9,0,0,9,9,3618,0,0,0,0,0
2020-04-27,US,Nebraska,Knox,2,0,0,42.63758421,-97.89178836,31107.0,2,2,0,0,2,2,8419,0,0,0,0,0
2020-04-27,US,Nebraska,Lancaster,157,1,0,40.78416049,-96.68777155,31109.0,156,140,1,0,139,120,317272,17,0,0,17,20
2020-04-27,US,Nebraska,Lincoln,20,1,0,41.04658298,-100.74753740000001,31111.0,19,20,1,0,19,20,35185,0,0,0,0,0
2020-04-27,US,Nebraska,Madison,91,2,0,41.91676024,-97.6005481,31119.0,89,65,2,0,63,55,35392,26,0,0,26,10
2020-04-27,US,Nebraska,Merrick,11,0,0,41.16624273,-98.0374887,31121.0,11,10,0,0,10,10,7733,1,0,0,1,0
2020-04-27,US,Nebraska,Morrill,1,0,0,41.71711774,-103.0061405,31123.0,1,1,0,0,1,1,4686,0,0,0,0,0
2020-04-27,US,Nebraska,Nance,1,0,0,41.39750195,-97.99327291,31125.0,1,1,0,0,1,1,3532,0,0,0,0,0
2020-04-27,US,Nebraska,Nemaha,1,0,0,40.38514847,-95.85433992,31127.0,1,1,0,0,1,1,6958,0,0,0,0,0
2020-04-27,US,Nebraska,Otoe,1,0,0,40.64843556,-96.13374142,31131.0,1,1,0,0,1,1,15985,0,0,0,0,0
2020-04-27,US,Nebraska,Phelps,2,0,0,40.51156033,-99.41461667,31137.0,2,1,0,0,1,1,8996,1,0,0,1,0
2020-04-27,US,Nebraska,Pierce,1,0,0,42.26434853,-97.60122773,31139.0,1,1,0,0,1,1,7142,0,0,0,0,0
2020-04-27,US,Nebraska,Platte,38,0,0,41.57246836,-97.52144359,31141.0,38,27,0,0,27,16,33363,11,0,0,11,11
2020-04-27,US,Nebraska,Polk,5,0,0,41.18813488,-97.56630712,31143.0,5,5,0,0,5,5,5278,0,0,0,0,0
2020-04-27,US,Nebraska,Red Willow,2,0,0,40.17556879999999,-100.476998,31145.0,2,1,0,0,1,1,10726,1,0,0,1,0
2020-04-27,US,Nebraska,Saline,87,0,0,40.52418865,-97.14085859,31151.0,87,60,0,0,60,38,14350,27,0,0,27,22
2020-04-27,US,Nebraska,Sarpy,91,0,0,41.11314181,-96.11156432,31153.0,91,87,0,0,87,77,184459,4,0,0,4,10
2020-04-27,US,Nebraska,Saunders,9,0,0,41.227810299999994,-96.63773905,31155.0,9,9,0,0,9,9,21303,0,0,0,0,0
2020-04-27,US,Nebraska,Scotts Bluff,27,0,0,41.85070896,-103.70809859999999,31157.0,27,27,0,0,27,26,35989,0,0,0,0,1
2020-04-27,US,Nebraska,Seward,7,1,0,40.87241834,-97.139673,31159.0,6,6,1,0,5,6,17318,1,0,0,1,0
2020-04-27,US,Nebraska,Sherman,1,0,0,41.22045983,-98.97588642,31163.0,1,1,0,0,1,1,3038,0,0,0,0,0
2020-04-27,US,Nebraska,Stanton,2,0,0,41.9169835,-97.19394708,31167.0,2,2,0,0,2,2,5970,0,0,0,0,0
2020-04-27,US,Nebraska,Thurston,1,0,0,42.15725356,-96.54157099,31173.0,1,1,0,0,1,1,7303,0,0,0,0,0
2020-04-27,US,Nebraska,Unassigned,34,18,0,0.0,0.0,90031.0,16,10,18,0,-8,0,,24,0,0,24,10
2020-04-27,US,Nebraska,Valley,1,0,0,41.56730777,-98.98197724,31175.0,1,,,,,,4190,,,,,
2020-04-27,US,Nebraska,Washington,22,1,0,41.52815707,-96.22019892,31177.0,21,22,1,0,21,22,20667,0,0,0,0,0
2020-04-27,US,Nebraska,Wayne,1,0,0,42.20934475,-97.11926964,31179.0,1,1,0,0,1,1,9403,0,0,0,0,0
2020-04-27,US,Nebraska,Webster,3,0,0,40.17642643,-98.50019851,31181.0,3,3,0,0,3,3,3533,0,0,0,0,0
2020-04-27,US,Nebraska,York,11,0,0,40.87272618,-97.59710186,31185.0,11,10,0,0,10,9,13772,1,0,0,1,1
2020-04-27,US,Nevada,Carson City,39,1,0,39.15509045,-119.7480219,32510.0,38,37,1,0,36,34,55414,2,0,0,2,3
2020-04-27,US,Nevada,Churchill,3,0,0,39.58105744,-118.3394607,32001.0,3,3,0,0,3,3,24440,0,0,0,0,0
2020-04-27,US,Nevada,Clark,3717,174,0,36.21458855,-115.0130241,32003.0,3543,3665,174,0,3491,3570,2231647,52,0,0,52,95
2020-04-27,US,Nevada,Douglas,19,0,0,38.912862,-119.61713329999999,32005.0,19,19,0,0,19,18,48467,0,0,0,0,1
2020-04-27,US,Nevada,Elko,15,1,0,41.14531606,-115.3577619,32007.0,14,12,1,0,11,12,52460,3,0,0,3,0
2020-04-27,US,Nevada,Humboldt,36,2,0,41.40692186,-118.11094270000001,32013.0,34,36,2,0,34,35,16786,0,0,0,0,1
2020-04-27,US,Nevada,Lander,1,0,0,39.933223299999995,-117.03970749999999,32015.0,1,1,0,0,1,1,5575,0,0,0,0,0
2020-04-27,US,Nevada,Lyon,26,0,0,39.01777974,-119.18704790000001,32019.0,26,26,0,0,26,23,55808,0,0,0,0,3
2020-04-27,US,Nevada,Mineral,2,0,0,38.53841696,-118.4344506,32021.0,2,2,0,0,2,2,4514,0,0,0,0,0
2020-04-27,US,Nevada,Nye,35,0,0,38.04264256,-116.47227020000001,32023.0,35,31,0,0,31,31,45346,4,0,0,4,0
2020-04-27,US,Nevada,Unassigned,0,1,0,0.0,0.0,90032.0,-1,95,1,0,94,16,,-95,0,0,-95,79
2020-04-27,US,Nevada,Washoe,804,27,0,40.66562265,-119.6631594,32031.0,777,804,27,0,777,791,465735,0,0,0,0,13
2020-04-27,US,Nevada,White Pine,3,0,0,39.44157041,-114.89996599999999,32033.0,3,3,0,0,3,3,9475,0,0,0,0,0
2020-04-27,US,New Hampshire,Belknap,35,0,0,43.51637314,-71.41684235,33001.0,35,31,0,0,31,31,61022,4,0,0,4,0
2020-04-27,US,New Hampshire,Carroll,31,0,0,43.87498583,-71.20430216,33003.0,31,30,0,0,30,30,48779,1,0,0,1,0
2020-04-27,US,New Hampshire,Cheshire,38,0,0,42.92015988,-72.25311043,33005.0,38,36,0,0,36,36,76493,2,0,0,2,0
2020-04-27,US,New Hampshire,Coos,2,0,0,44.69063265,-71.30633239,33007.0,2,2,0,0,2,2,31589,0,0,0,0,0
2020-04-27,US,New Hampshire,Grafton,48,0,0,43.93779815,-71.82057197,33009.0,48,48,0,0,48,47,89786,0,0,0,0,1
2020-04-27,US,New Hampshire,Hillsborough,859,2,0,42.91537785,-71.7200253,33011.0,857,824,2,0,822,780,415247,35,0,0,35,44
2020-04-27,US,New Hampshire,Merrimack,128,0,0,43.29662971,-71.6811573,33013.0,128,126,0,0,126,129,151132,2,0,0,2,-3
2020-04-27,US,New Hampshire,Rockingham,643,1,0,42.98499744,-71.12883377,33015.0,642,619,1,0,618,593,309176,24,0,0,24,26
2020-04-27,US,New Hampshire,Strafford,132,0,0,43.291833000000004,-71.02336013,33017.0,132,132,0,0,132,129,130090,0,0,0,0,3
2020-04-27,US,New Hampshire,Sullivan,11,0,0,43.36094111,-72.22203125,33019.0,11,11,0,0,11,11,43144,0,0,0,0,0
2020-04-27,US,New Hampshire,Unassigned,11,57,0,0.0,0.0,90033.0,-46,5,57,0,-52,9,,6,0,0,6,-4
2020-04-27,US,New Jersey,Atlantic,749,30,0,39.47538693,-74.65848483,34001.0,719,638,29,0,609,596,265429,111,1,0,110,42
2020-04-27,US,New Jersey,Bergen,15104,960,0,40.96010917,-74.07164325,34003.0,14144,14965,955,0,14010,14738,936692,139,5,0,134,227
2020-04-27,US,New Jersey,Burlington,2407,98,0,39.87681124,-74.66927768,34005.0,2309,2333,94,0,2239,2153,445384,74,4,0,70,180
2020-04-27,US,New Jersey,Camden,3124,122,0,39.80343818,-74.96388753,34007.0,3002,2983,121,0,2862,2870,507078,141,1,0,140,113
2020-04-27,US,New Jersey,Cape May,281,18,0,39.15008829,-74.80170244,34009.0,263,281,18,0,263,261,92560,0,0,0,0,20
2020-04-27,US,New Jersey,Cumberland,595,8,0,39.37199394,-75.10712559,34011.0,587,520,6,0,514,504,150972,75,2,0,73,16
2020-04-27,US,New Jersey,Essex,13047,1028,0,40.78681335,-74.24657979,34013.0,12019,12863,1023,0,11840,12520,799767,184,5,0,179,343
2020-04-27,US,New Jersey,Gloucester,1111,33,0,39.71581067,-75.13995546,34015.0,1078,976,31,0,945,949,291408,135,2,0,133,27
2020-04-27,US,New Jersey,Hudson,13925,673,0,40.73766234,-74.07515667,34017.0,13252,13708,661,0,13047,13367,676061,217,12,0,205,341
2020-04-27,US,New Jersey,Hunterdon,564,23,0,40.56335249,-74.91284156,34019.0,541,536,23,0,513,505,124714,28,0,0,28,31
2020-04-27,US,New Jersey,Mercer,3433,194,0,40.28047017,-74.70479631,34021.0,3239,3355,188,0,3167,3245,369811,78,6,0,72,110
2020-04-27,US,New Jersey,Middlesex,10767,455,0,40.43629879,-74.41426991,34023.0,10312,10642,442,0,10200,10075,829685,125,13,0,112,567
2020-04-27,US,New Jersey,Monmouth,5759,302,0,40.26549699,-74.22240686,34025.0,5457,5671,291,0,5380,5521,621354,88,11,0,77,150
2020-04-27,US,New Jersey,Morris,5030,355,0,40.86095313,-74.54553709999998,34027.0,4675,4976,351,0,4625,4821,494228,54,4,0,50,155
2020-04-27,US,New Jersey,Ocean,6024,330,0,39.8895449,-74.28089251,34029.0,5694,5962,322,0,5640,5811,601651,62,8,0,54,151
2020-04-27,US,New Jersey,Passaic,11349,438,0,41.03238628,-74.29954144,34031.0,10911,11137,426,0,10711,10738,503310,212,12,0,200,399
2020-04-27,US,New Jersey,Salem,212,7,0,39.58719656,-75.34696629999998,34033.0,205,181,6,0,175,177,62607,31,1,0,30,4
2020-04-27,US,New Jersey,Somerset,3204,227,0,40.56465737,-74.61683016,34035.0,2977,3144,223,0,2921,3030,331164,60,4,0,56,114
2020-04-27,US,New Jersey,Sussex,864,93,0,41.13891592,-74.69118243,34037.0,771,855,92,0,763,812,140799,9,1,0,8,43
2020-04-27,US,New Jersey,Unassigned,818,0,0,0.0,0.0,90034.0,818,681,0,0,681,532,,137,0,0,137,149
2020-04-27,US,New Jersey,Union,12011,583,0,40.65835409,-74.30680092,34039.0,11428,11853,571,0,11282,11523,558067,158,12,0,146,330
2020-04-27,US,New Jersey,Warren,810,67,0,40.85951833,-74.99556527,34041.0,743,778,65,0,713,750,105779,32,2,0,30,28
2020-04-27,US,New Mexico,Bernalillo,694,33,0,35.05163625,-106.6703554,35001.0,661,688,33,0,655,670,678701,6,0,0,6,18
2020-04-27,US,New Mexico,Catron,1,1,0,33.91514144,-108.4046587,35003.0,0,1,1,0,0,1,3578,0,0,0,0,0
2020-04-27,US,New Mexico,Chaves,22,1,0,33.36406072,-104.4665365,35005.0,21,22,1,0,21,22,64689,0,0,0,0,0
2020-04-27,US,New Mexico,Cibola,41,2,0,34.91131525,-107.998876,35006.0,39,41,2,0,39,39,26746,0,0,0,0,2
2020-04-27,US,New Mexico,Colfax,5,0,0,36.60569702,-104.64726740000002,35007.0,5,5,0,0,5,5,12110,0,0,0,0,0
2020-04-27,US,New Mexico,Curry,13,0,0,34.57421077,-103.34688759999999,35009.0,13,13,0,0,13,11,49437,0,0,0,0,2
2020-04-27,US,New Mexico,Dona Ana,126,1,0,32.35275771,-106.83293870000001,35013.0,125,116,1,0,115,110,217522,10,0,0,10,6
2020-04-27,US,New Mexico,Eddy,13,1,0,32.47167456,-104.3053527,35015.0,12,13,1,0,12,11,57900,0,0,0,0,2
2020-04-27,US,New Mexico,Grant,14,0,0,32.73911281,-108.3827845,35017.0,14,14,0,0,14,14,27346,0,0,0,0,0
2020-04-27,US,New Mexico,Guadalupe,13,0,0,34.86319296,-104.790669,35019.0,13,13,0,0,13,12,4341,0,0,0,0,1
2020-04-27,US,New Mexico,Harding,1,0,0,35.85751555,-103.82209379999999,35021.0,1,1,0,0,1,1,655,0,0,0,0,0
2020-04-27,US,New Mexico,Lea,10,0,0,32.79215361,-103.4123733,35025.0,10,10,0,0,10,10,69611,0,0,0,0,0
2020-04-27,US,New Mexico,Lincoln,2,0,0,33.74526079,-105.4586166,35027.0,2,2,0,0,2,2,19556,0,0,0,0,0
2020-04-27,US,New Mexico,Los Alamos,6,0,0,35.86631386,-106.31349850000001,35028.0,6,6,0,0,6,6,19101,0,0,0,0,0
2020-04-27,US,New Mexico,Luna,3,0,0,32.18179341,-107.75088259999998,35029.0,3,3,0,0,3,3,23963,0,0,0,0,0
2020-04-27,US,New Mexico,McKinley,778,12,0,35.58007720000001,-108.262245,35031.0,766,720,12,0,708,708,72290,58,0,0,58,12
2020-04-27,US,New Mexico,Otero,4,0,0,32.61348406,-105.7417604,35035.0,4,4,0,0,4,4,66781,0,0,0,0,0
2020-04-27,US,New Mexico,Quay,4,1,0,35.10403332,-103.54817270000001,35037.0,3,4,1,0,3,4,8253,0,0,0,0,0
2020-04-27,US,New Mexico,Rio Arriba,14,0,0,36.51072137,-106.69316740000001,35039.0,14,14,0,0,14,12,39006,0,0,0,0,2
2020-04-27,US,New Mexico,Roosevelt,7,0,0,34.02097406,-103.4799493,35041.0,7,7,0,0,7,6,18743,0,0,0,0,1
2020-04-27,US,New Mexico,San Juan,463,35,0,36.50838318,-108.32043700000001,35045.0,428,442,35,0,407,435,125043,21,0,0,21,7
2020-04-27,US,New Mexico,San Miguel,2,0,0,35.48014807,-104.8163562,35047.0,2,2,0,0,2,2,27591,0,0,0,0,0
2020-04-27,US,New Mexico,Sandoval,378,11,0,35.68862401,-106.86878030000001,35043.0,367,374,11,0,363,365,145179,4,0,0,4,9
2020-04-27,US,New Mexico,Santa Fe,95,0,0,35.50708973,-105.9774716,35049.0,95,95,0,0,95,95,150056,0,0,0,0,0
2020-04-27,US,New Mexico,Socorro,40,1,0,34.00715494,-106.9298354,35053.0,39,40,1,0,39,40,16735,0,0,0,0,0
2020-04-27,US,New Mexico,Taos,17,0,0,36.58006022,-105.63101979999999,35055.0,17,17,0,0,17,17,32835,0,0,0,0,0
2020-04-27,US,New Mexico,Torrance,14,0,0,34.64048375,-105.8508949,35057.0,14,14,0,0,14,13,15591,0,0,0,0,1
2020-04-27,US,New Mexico,Union,3,0,0,36.48126404,-103.4709624,35059.0,3,3,0,0,3,1,4118,0,0,0,0,2
2020-04-27,US,New Mexico,Valencia,42,0,0,34.71669834,-106.8103733,35061.0,42,42,0,0,42,41,76456,0,0,0,0,1
2020-04-27,US,New York,Albany,979,36,0,42.60060306,-73.97723916,36001.0,943,948,32,0,916,899,307117,31,4,0,27,49
2020-04-27,US,New York,Allegany,35,2,0,42.25748406,-78.02750466,36003.0,33,35,2,0,33,35,46430,0,0,0,0,0
2020-04-27,US,New York,Broome,261,19,0,42.15903158,-75.81326086,36007.0,242,257,17,0,240,251,191659,4,2,0,2,6
2020-04-27,US,New York,Cattaraugus,45,0,0,42.24778241,-78.67923096,36009.0,45,45,0,0,45,45,76840,0,0,0,0,0
2020-04-27,US,New York,Cayuga,48,1,0,42.91261714,-76.55731592,36011.0,47,47,1,0,46,47,77145,1,0,0,1,0
2020-04-27,US,New York,Chautauqua,30,3,0,42.22769210000001,-79.36691763,36013.0,27,29,3,0,26,27,127939,1,0,0,1,2
2020-04-27,US,New York,Chemung,108,1,0,42.13891056,-76.7638805,36015.0,107,106,1,0,105,103,84254,2,0,0,2,3
2020-04-27,US,New York,Chenango,95,0,0,42.49430041,-75.60887553,36017.0,95,93,0,0,93,91,47536,2,0,0,2,2
2020-04-27,US,New York,Clinton,59,4,0,44.74530905,-73.67875352,36019.0,55,57,4,0,53,54,80695,2,0,0,2,3
2020-04-27,US,New York,Columbia,146,13,0,42.24819348,-73.63089095,36021.0,133,143,13,0,130,140,59916,3,0,0,3,3
2020-04-27,US,New York,Cortland,28,0,0,42.59509207,-76.07048931,36023.0,28,28,0,0,28,28,47823,0,0,0,0,0
2020-04-27,US,New York,Delaware,58,4,0,42.19837623,-74.96709306,36025.0,54,58,4,0,54,58,44527,0,0,0,0,0
2020-04-27,US,New York,Dutchess,2793,36,0,41.76486060000001,-73.74356679,36027.0,2757,2729,35,0,2694,2660,293718,64,1,0,63,69
2020-04-27,US,New York,Erie,3021,207,0,42.76249024,-78.73063652,36029.0,2814,2954,207,0,2747,2773,919719,67,0,0,67,181
2020-04-27,US,New York,Essex,24,0,0,44.11630765,-73.77297842,36031.0,24,24,0,0,24,24,37300,0,0,0,0,0
2020-04-27,US,New York,Franklin,14,0,0,44.59040891,-74.29926032,36033.0,14,14,0,0,14,14,50293,0,0,0,0,0
2020-04-27,US,New York,Fulton,62,0,0,43.11363907,-74.41798804,36035.0,62,62,0,0,62,61,53591,0,0,0,0,1
2020-04-27,US,New York,Genesee,148,3,0,43.0022601,-78.19135193,36037.0,145,144,3,0,141,141,57511,4,0,0,4,3
2020-04-27,US,New York,Greene,111,5,0,42.275797,-74.12384884,36039.0,106,110,5,0,105,107,47491,1,0,0,1,3
2020-04-27,US,New York,Hamilton,3,0,0,43.66146647,-74.49721957,36041.0,3,3,0,0,3,3,4434,0,0,0,0,0
2020-04-27,US,New York,Herkimer,58,3,0,43.42034246,-74.96145307,36043.0,55,57,3,0,54,56,61833,1,0,0,1,1
2020-04-27,US,New York,Jefferson,60,0,0,44.04200959,-75.94653457,36045.0,60,60,0,0,60,59,111755,0,0,0,0,1
2020-04-27,US,New York,Lewis,9,0,0,43.784415700000004,-75.44903992,36049.0,9,9,0,0,9,9,26447,0,0,0,0,0
2020-04-27,US,New York,Livingston,62,5,0,42.72596275,-77.77966158,36051.0,57,60,5,0,55,58,63227,2,0,0,2,2
2020-04-27,US,New York,Madison,124,5,0,42.91653905,-75.67266639,36053.0,119,123,5,0,118,121,70795,1,0,0,1,2
2020-04-27,US,New York,Monroe,1331,108,0,43.14638895,-77.69322942,36055.0,1223,1316,106,0,1210,1285,742474,15,2,0,13,31
2020-04-27,US,New York,Montgomery,47,1,0,42.90123494,-74.44011632,36057.0,46,47,1,0,46,46,49455,0,0,0,0,1
2020-04-27,US,New York,Nassau,34865,1620,0,40.74066522,-73.58941873,36059.0,33245,34522,1587,0,32935,33798,1358343,343,33,0,310,724
2020-04-27,US,New York,New York City,160489,17515,0,40.76727260000001,-73.97152637,36061.0,142974,158258,17280,0,140978,155113,1628701,2231,235,0,1996,3145
2020-04-27,US,New York,Niagara,378,21,0,43.19898042,-78.74777412,36063.0,357,368,21,0,347,344,210433,10,0,0,10,24
2020-04-27,US,New York,Oneida,397,15,0,43.24375382,-75.43710392,36065.0,382,384,14,0,370,364,229577,13,1,0,12,20
2020-04-27,US,New York,Onondaga,726,26,0,43.00491923,-76.19971155,36067.0,700,692,25,0,667,664,461809,34,1,0,33,28
2020-04-27,US,New York,Ontario,86,9,0,42.85145728,-77.30874425,36069.0,77,84,9,0,75,82,109864,2,0,0,2,2
2020-04-27,US,New York,Orange,8238,299,0,41.40337468,-74.30240757,36071.0,7939,8106,274,0,7832,7973,381951,132,25,0,107,133
2020-04-27,US,New York,Orleans,80,9,0,43.2516977,-78.2320066,36073.0,71,80,7,0,73,75,40612,0,2,0,-2,5
2020-04-27,US,New York,Oswego,61,3,0,43.42778894,-76.14635194,36075.0,58,61,2,0,59,57,117898,0,1,0,-1,4
2020-04-27,US,New York,Otsego,62,4,0,42.63492579,-75.03151402,36077.0,58,60,4,0,56,60,59749,2,0,0,2,0
2020-04-27,US,New York,Putnam,925,7,0,41.42630093,-73.74965532,36079.0,918,904,7,0,897,885,98892,21,0,0,21,19
2020-04-27,US,New York,Rensselaer,246,11,0,42.71348136,-73.51089874,36083.0,235,242,11,0,231,221,159442,4,0,0,4,21
2020-04-27,US,New York,Rockland,11366,481,0,41.15027894,-74.02560498,36087.0,10885,11256,453,0,10803,11091,325695,110,28,0,82,165
2020-04-27,US,New York,Saratoga,336,11,0,43.10904162,-73.86653895,36091.0,325,330,11,0,319,320,230163,6,0,0,6,10
2020-04-27,US,New York,Schenectady,457,22,0,42.81668777,-74.05278291,36093.0,435,449,15,0,434,431,155350,8,7,0,1,18
2020-04-27,US,New York,Schoharie,35,0,0,42.58831742,-74.44339029999998,36095.0,35,35,0,0,35,33,31097,0,0,0,0,2
2020-04-27,US,New York,Schuyler,7,0,0,42.39184015,-76.8773299,36097.0,7,7,0,0,7,7,17912,0,0,0,0,0
2020-04-27,US,New York,Seneca,38,0,0,42.78081007,-76.82497064,36099.0,38,38,0,0,38,36,34300,0,0,0,0,2
2020-04-27,US,New York,St. Lawrence,169,0,0,44.4976179,-75.06550039,36089.0,169,167,0,0,167,156,108047,2,0,0,2,11
2020-04-27,US,New York,Steuben,209,35,0,42.2689144,-77.3829924,36101.0,174,207,33,0,174,204,95796,2,2,0,0,3
2020-04-27,US,New York,Suffolk,32470,1102,0,40.88320119,-72.8012172,36103.0,31368,32059,1070,0,30989,31368,1481093,411,32,0,379,691
2020-04-27,US,New York,Sullivan,748,21,0,41.71579493,-74.76394559,36105.0,727,724,17,0,707,689,75498,24,4,0,20,35
2020-04-27,US,New York,Tioga,71,6,0,42.16852837,-76.30835812,36107.0,65,71,5,0,66,71,48560,0,1,0,-1,0
2020-04-27,US,New York,Tompkins,126,0,0,42.44945765,-76.47229843,36109.0,126,126,0,0,126,126,102793,0,0,0,0,0
2020-04-27,US,New York,Ulster,1219,24,0,41.89027881,-74.26252104,36111.0,1195,1190,23,0,1167,1166,178599,29,1,0,28,24
2020-04-27,US,New York,Warren,147,0,0,43.56173026,-73.8433699,36113.0,147,135,0,0,135,132,64265,12,0,0,12,3
2020-04-27,US,New York,Washington,130,2,0,43.31153794,-73.43043448,36115.0,128,127,2,0,125,113,61197,3,0,0,3,14
2020-04-27,US,New York,Wayne,69,1,0,43.15494365,-77.02976528,36117.0,68,65,0,0,65,65,90064,4,1,0,3,0
2020-04-27,US,New York,Westchester,28007,962,0,41.16278376,-73.75741653,36119.0,27045,27664,946,0,26718,27231,967612,343,16,0,327,433
2020-04-27,US,New York,Wyoming,63,5,0,42.70145109,-78.22199579,36121.0,58,59,5,0,54,57,40085,4,0,0,4,2
2020-04-27,US,New York,Yates,17,1,0,42.63505484,-77.10369919,36123.0,16,17,1,0,16,16,24841,0,0,0,0,1
2020-04-27,US,North Carolina,Alamance,91,1,0,36.0434701,-79.39976137,37001.0,90,90,1,0,89,77,166436,1,0,0,1,13
2020-04-27,US,North Carolina,Alexander,4,0,0,35.922379600000006,-81.17751948,37003.0,4,4,0,0,4,4,37353,0,0,0,0,0
2020-04-27,US,North Carolina,Alleghany,2,0,0,36.49360862,-81.12857041,37005.0,2,2,0,0,2,2,11161,0,0,0,0,0
2020-04-27,US,North Carolina,Anson,22,0,0,34.97403241,-80.09953279,37007.0,22,20,0,0,20,20,24877,2,0,0,2,0
2020-04-27,US,North Carolina,Ashe,4,0,0,36.43296207,-81.49862729,37009.0,4,4,0,0,4,4,27109,0,0,0,0,0
2020-04-27,US,North Carolina,Beaufort,20,0,0,35.48531943,-76.84325809,37013.0,20,20,0,0,20,31,47079,0,0,0,0,-11
2020-04-27,US,North Carolina,Bertie,38,2,0,36.0688473,-76.96545943,37015.0,36,37,2,0,35,40,19026,1,0,0,1,-3
2020-04-27,US,North Carolina,Bladen,10,0,0,34.61296243,-78.56180059,37017.0,10,10,0,0,10,7,33190,0,0,0,0,3
2020-04-27,US,North Carolina,Brunswick,40,2,0,34.070565,-78.22814204,37019.0,38,40,2,0,38,39,136744,0,0,0,0,1
2020-04-27,US,North Carolina,Buncombe,54,3,0,35.61113393,-82.53305,37021.0,51,52,3,0,49,52,259103,2,0,0,2,0
2020-04-27,US,North Carolina,Burke,88,8,0,35.74989637,-81.70755735,37023.0,80,88,8,0,80,86,90382,0,0,0,0,2
2020-04-27,US,North Carolina,Cabarrus,264,9,0,35.3877799,-80.55267168,37025.0,255,261,8,0,253,249,211342,3,1,0,2,12
2020-04-27,US,North Carolina,Caldwell,31,0,0,35.95204977,-81.54799522,37027.0,31,30,0,0,30,30,82029,1,0,0,1,0
2020-04-27,US,North Carolina,Camden,1,0,0,36.33804939,-76.15568396,37029.0,1,,,,,,10710,,,,,
2020-04-27,US,North Carolina,Carteret,28,3,0,34.8932941,-76.54120135,37031.0,25,27,3,0,24,27,69524,1,0,0,1,0
2020-04-27,US,North Carolina,Caswell,18,0,0,36.39312665,-79.33353281,37033.0,18,16,0,0,16,15,22698,2,0,0,2,1
2020-04-27,US,North Carolina,Catawba,53,1,0,35.66211129,-81.2132617,37035.0,52,52,1,0,51,50,158652,1,0,0,1,2
2020-04-27,US,North Carolina,Chatham,262,6,0,35.70394416,-79.25541492,37037.0,256,240,6,0,234,211,73139,22,0,0,22,29
2020-04-27,US,North Carolina,Cherokee,16,1,0,35.1349263,-84.05970864,37039.0,15,16,1,0,15,16,28383,0,0,0,0,0
2020-04-27,US,North Carolina,Chowan,7,0,0,36.12908077,-76.60118385,37041.0,7,7,0,0,7,9,14029,0,0,0,0,-2
2020-04-27,US,North Carolina,Clay,6,0,0,35.05704275,-83.74353633,37043.0,6,6,0,0,6,6,11139,0,0,0,0,0
2020-04-27,US,North Carolina,Cleveland,47,2,0,35.33553364,-81.55204486,37045.0,45,46,2,0,44,46,97645,1,0,0,1,0
2020-04-27,US,North Carolina,Columbus,94,8,0,34.26744084,-78.65801424,37047.0,86,90,7,0,83,87,55655,4,1,0,3,3
2020-04-27,US,North Carolina,Craven,39,4,0,35.11833364,-77.08398081,37049.0,35,39,4,0,35,39,102912,0,0,0,0,0
2020-04-27,US,North Carolina,Cumberland,200,6,0,35.04762133,-78.82623165,37051.0,194,200,6,0,194,199,332330,0,0,0,0,1
2020-04-27,US,North Carolina,Currituck,2,0,0,36.36123664,-75.95876401,37053.0,2,2,0,0,2,2,27072,0,0,0,0,0
2020-04-27,US,North Carolina,Dare,15,1,0,35.66520691,-75.71767334,37055.0,14,15,1,0,14,15,36501,0,0,0,0,0
2020-04-27,US,North Carolina,Davidson,156,4,0,35.79115496,-80.21256572,37057.0,152,156,4,0,152,120,166614,0,0,0,0,36
2020-04-27,US,North Carolina,Davie,29,2,0,35.93099927,-80.54496571,37059.0,27,29,2,0,27,29,42733,0,0,0,0,0
2020-04-27,US,North Carolina,Duplin,72,0,0,34.93449805,-77.93140529,37061.0,72,66,0,0,66,61,58856,6,0,0,6,5
2020-04-27,US,North Carolina,Durham,555,15,0,36.03638492,-78.87608331,37063.0,540,555,15,0,540,546,316739,0,0,0,0,9
2020-04-27,US,North Carolina,Edgecombe,78,3,0,35.91230639,-77.59436892,37065.0,75,78,1,0,77,77,52005,0,2,0,-2,1
2020-04-27,US,North Carolina,Forsyth,156,5,0,36.12859861,-80.25459052,37067.0,151,153,5,0,148,152,379099,3,0,0,3,1
2020-04-27,US,North Carolina,Franklin,100,14,0,36.081519,-78.28708884,37069.0,86,95,14,0,81,92,67560,5,0,0,5,3
2020-04-27,US,North Carolina,Gaston,139,3,0,35.29373559,-81.17477045,37071.0,136,136,3,0,133,132,222846,3,0,0,3,4
2020-04-27,US,North Carolina,Gates,7,0,0,36.44667547,-76.69749701,37073.0,7,7,0,0,7,7,11573,0,0,0,0,0
2020-04-27,US,North Carolina,Granville,240,5,0,36.30337451,-78.65184241,37077.0,235,133,5,0,128,126,60115,107,0,0,107,7
2020-04-27,US,North Carolina,Greene,15,0,0,35.48544173,-77.67578087,37079.0,15,15,0,0,15,16,21012,0,0,0,0,-1
2020-04-27,US,North Carolina,Guilford,314,21,0,36.07959451,-79.78824948,37081.0,293,314,22,0,292,304,533670,0,-1,0,1,10
2020-04-27,US,North Carolina,Halifax,56,1,0,36.25669272,-77.6556109,37083.0,55,53,1,0,52,53,50574,3,0,0,3,0
2020-04-27,US,North Carolina,Harnett,137,5,0,35.36731853,-78.87243571,37085.0,132,128,5,0,123,119,134214,9,0,0,9,9
2020-04-27,US,North Carolina,Haywood,6,0,0,35.55269063,-82.98196486,37087.0,6,5,0,0,5,5,61971,1,0,0,1,0
2020-04-27,US,North Carolina,Henderson,159,14,0,35.33788927,-82.4766782,37089.0,145,158,14,0,144,156,116748,1,0,0,1,2
2020-04-27,US,North Carolina,Hertford,28,1,0,36.3607755,-76.98104134,37091.0,27,27,1,0,26,32,23659,1,0,0,1,-5
2020-04-27,US,North Carolina,Hoke,61,0,0,35.01888303,-79.23651674,37093.0,61,49,0,0,49,46,54764,12,0,0,12,3
2020-04-27,US,North Carolina,Hyde,1,0,0,35.42017674,-76.15180542,37095.0,1,1,0,0,1,1,5230,0,0,0,0,0
2020-04-27,US,North Carolina,Iredell,104,6,0,35.80950511,-80.8743128,37097.0,98,99,5,0,94,98,178435,5,1,0,4,1
2020-04-27,US,North Carolina,Jackson,9,0,0,35.28814273,-83.14093385,37099.0,9,9,0,0,9,5,43327,0,0,0,0,4
2020-04-27,US,North Carolina,Johnston,139,13,0,35.51745004,-78.36622717,37101.0,126,135,11,0,124,130,202675,4,2,0,2,5
2020-04-27,US,North Carolina,Jones,12,2,0,35.02254606,-77.35870791,37103.0,10,14,2,0,12,12,9637,-2,0,0,-2,2
2020-04-27,US,North Carolina,Lee,125,0,0,35.47623147,-79.17569362,37105.0,125,104,0,0,104,101,61452,21,0,0,21,3
2020-04-27,US,North Carolina,Lenoir,45,3,0,35.24032589999999,-77.64245615,37107.0,42,43,3,0,40,47,55976,2,0,0,2,-4
2020-04-27,US,North Carolina,Lincoln,25,0,0,35.48508185,-81.21740317,37109.0,25,25,0,0,25,25,83770,0,0,0,0,0
2020-04-27,US,North Carolina,Macon,2,1,0,35.14867843,-83.41696617,37113.0,1,2,1,0,1,2,35285,0,0,0,0,0
2020-04-27,US,North Carolina,Madison,1,0,0,35.85402722,-82.71346418,37115.0,1,1,0,0,1,1,21763,0,0,0,0,0
2020-04-27,US,North Carolina,Martin,15,0,0,35.84326734,-77.10860251,37117.0,15,15,0,0,15,16,22671,0,0,0,0,-1
2020-04-27,US,North Carolina,McDowell,24,1,0,35.67736232,-82.0482425,37111.0,23,21,1,0,20,21,45507,3,0,0,3,0
2020-04-27,US,North Carolina,Mecklenburg,1492,43,0,35.24469268,-80.8317671,37119.0,1449,1482,41,0,1441,1450,1093901,10,2,0,8,32
2020-04-27,US,North Carolina,Mitchell,5,0,0,36.01059309,-82.1582442,37121.0,5,5,0,0,5,5,15000,0,0,0,0,0
2020-04-27,US,North Carolina,Montgomery,32,1,0,35.33155144,-79.90416657,37123.0,31,21,1,0,20,21,27271,11,0,0,11,0
2020-04-27,US,North Carolina,Moore,116,6,0,35.30885257,-79.48474178,37125.0,110,108,6,0,102,108,98682,8,0,0,8,0
2020-04-27,US,North Carolina,Nash,85,2,0,35.96575634,-77.98422508,37127.0,83,88,1,0,87,80,94016,-3,1,0,-4,8
2020-04-27,US,North Carolina,New Hanover,79,3,0,34.25758282,-77.87075626,37129.0,76,78,3,0,75,76,232274,1,0,0,1,2
2020-04-27,US,North Carolina,Northampton,82,4,0,36.41736238,-77.39769443,37131.0,78,82,3,0,79,83,19676,0,1,0,-1,-1
2020-04-27,US,North Carolina,Onslow,43,1,0,34.72607366,-77.42908179,37133.0,42,42,1,0,41,44,197683,1,0,0,1,-2
2020-04-27,US,North Carolina,Orange,208,13,0,36.06092947,-79.12167935,37135.0,195,208,13,0,195,209,146027,0,0,0,0,-1
2020-04-27,US,North Carolina,Pamlico,7,0,0,35.15253315,-76.66559823,37137.0,7,7,0,0,7,7,12670,0,0,0,0,0
2020-04-27,US,North Carolina,Pasquotank,34,1,0,36.26723798,-76.25134778,37139.0,33,34,1,0,33,34,39639,0,0,0,0,0
2020-04-27,US,North Carolina,Pender,12,1,0,34.52265624,-77.90352133,37141.0,11,12,0,0,12,11,62162,0,1,0,-1,1
2020-04-27,US,North Carolina,Perquimans,11,0,0,36.17847453,-76.40603143,37143.0,11,10,0,0,10,10,13422,1,0,0,1,0
2020-04-27,US,North Carolina,Person,19,0,0,36.38989032,-78.97217358,37145.0,19,19,0,0,19,19,39507,0,0,0,0,0
2020-04-27,US,North Carolina,Pitt,111,2,0,35.59535426,-77.37353178,37147.0,109,111,2,0,109,143,179914,0,0,0,0,-32
2020-04-27,US,North Carolina,Polk,17,0,0,35.27820615,-82.16812354,37149.0,17,12,0,0,12,13,20611,5,0,0,5,-1
2020-04-27,US,North Carolina,Randolph,154,3,0,35.71015088,-79.80570339,37151.0,151,128,3,0,125,118,143351,26,0,0,26,10
2020-04-27,US,North Carolina,Richmond,36,2,0,35.00417719,-79.74491009,37153.0,34,36,2,0,34,36,44887,0,0,0,0,0
2020-04-27,US,North Carolina,Robeson,104,3,0,34.64244496,-79.10250529999998,37155.0,101,97,3,0,94,92,131831,7,0,0,7,5
2020-04-27,US,North Carolina,Rockingham,24,2,0,36.39593137,-79.77504841,37157.0,22,24,2,0,22,23,90690,0,0,0,0,1
2020-04-27,US,North Carolina,Rowan,352,21,0,35.64003916,-80.52446628,37159.0,331,346,20,0,326,342,141262,6,1,0,5,4
2020-04-27,US,North Carolina,Rutherford,121,6,0,35.40114178,-81.92112099,37161.0,115,118,6,0,112,108,66826,3,0,0,3,10
2020-04-27,US,North Carolina,Sampson,39,0,0,34.98820368,-78.36914061,37163.0,39,39,0,0,39,36,63626,0,0,0,0,3
2020-04-27,US,North Carolina,Scotland,23,0,0,34.8386299,-79.4757978,37165.0,23,22,0,0,22,21,34810,1,0,0,1,1
2020-04-27,US,North Carolina,Stanly,29,4,0,35.31647813,-80.25093221,37167.0,25,28,4,0,24,28,62075,1,0,0,1,0
2020-04-27,US,North Carolina,Stokes,11,0,0,36.4017975,-80.23893369,37169.0,11,11,0,0,11,11,45467,0,0,0,0,0
2020-04-27,US,North Carolina,Surry,12,0,0,36.41689489,-80.69102283,37171.0,12,12,0,0,12,12,71948,0,0,0,0,0
2020-04-27,US,North Carolina,Transylvania,7,0,0,35.20383864,-82.79638423,37175.0,7,7,0,0,7,7,34215,0,0,0,0,0
2020-04-27,US,North Carolina,Tyrrell,4,0,0,35.87147226,-76.17055253,37177.0,4,4,0,0,4,5,4131,0,0,0,0,-1
2020-04-27,US,North Carolina,Unassigned,1,0,0,0.0,0.0,90037.0,1,1,0,0,1,1,,0,0,0,0,0
2020-04-27,US,North Carolina,Union,205,9,0,34.98960527,-80.52955873,37179.0,196,201,8,0,193,195,235908,4,1,0,3,6
2020-04-27,US,North Carolina,Vance,80,3,0,36.36880673,-78.40670845,37181.0,77,51,3,0,48,41,44582,29,0,0,29,10
2020-04-27,US,North Carolina,Wake,752,14,0,35.78879266,-78.65249174,37183.0,738,663,13,0,650,651,1092305,89,1,0,88,12
2020-04-27,US,North Carolina,Warren,4,0,0,36.39728256,-78.10652228,37185.0,4,4,0,0,4,4,19807,0,0,0,0,0
2020-04-27,US,North Carolina,Washington,24,2,0,35.83810081,-76.57299037,37187.0,22,24,2,0,22,25,11859,0,0,0,0,-1
2020-04-27,US,North Carolina,Watauga,8,0,0,36.23103603,-81.70033724,37189.0,8,8,0,0,8,8,55945,0,0,0,0,0
2020-04-27,US,North Carolina,Wayne,635,10,0,35.36438125,-78.00027268,37191.0,625,630,8,0,622,618,123248,5,2,0,3,12
2020-04-27,US,North Carolina,Wilkes,21,1,0,36.2084135,-81.16232895,37193.0,20,21,1,0,20,18,68557,0,0,0,0,3
2020-04-27,US,North Carolina,Wilson,151,6,0,35.70625477,-77.917978,37195.0,145,151,6,0,145,148,81455,0,0,0,0,3
2020-04-27,US,North Carolina,Yadkin,12,1,0,36.16222629,-80.66239436,37197.0,11,12,1,0,11,12,37543,0,0,0,0,0
2020-04-27,US,North Dakota,Barnes,4,0,0,46.93579637,-98.06605978,38003.0,4,4,0,0,4,4,10542,0,0,0,0,0
2020-04-27,US,North Dakota,Bowman,1,0,0,46.11285362,-103.5203343,38011.0,1,1,0,0,1,1,3076,0,0,0,0,0
2020-04-27,US,North Dakota,Burke,3,0,0,48.79094471,-102.51821170000001,38013.0,3,3,0,0,3,3,2100,0,0,0,0,0
2020-04-27,US,North Dakota,Burleigh,74,0,0,46.97847375,-100.46452140000001,38015.0,74,74,0,0,74,74,95273,0,0,0,0,0
2020-04-27,US,North Dakota,Cass,431,12,0,46.93201724,-97.24447190000001,38017.0,419,397,10,0,387,357,181516,34,2,0,32,40
2020-04-27,US,North Dakota,Divide,1,0,0,48.814938700000006,-103.48736109999999,38023.0,1,1,0,0,1,1,2283,0,0,0,0,0
2020-04-27,US,North Dakota,Dunn,10,0,0,47.35423935,-102.61604679999999,38025.0,10,10,0,0,10,10,4332,0,0,0,0,0
2020-04-27,US,North Dakota,Eddy,1,0,0,47.71701474,-98.90432337,38027.0,1,1,0,0,1,1,2313,0,0,0,0,0
2020-04-27,US,North Dakota,Emmons,1,1,0,46.28398398,-100.2389766,38029.0,0,1,1,0,0,1,3295,0,0,0,0,0
2020-04-27,US,North Dakota,Foster,1,0,0,47.457108399999996,-98.88279923,38031.0,1,1,0,0,1,1,3216,0,0,0,0,0
2020-04-27,US,North Dakota,Grand Forks,231,0,0,47.92093639,-97.45450447,38035.0,231,195,0,0,195,173,70770,36,0,0,36,22
2020-04-27,US,North Dakota,Grant,1,0,0,46.35821257,-101.63900129999999,38037.0,1,1,0,0,1,1,2374,0,0,0,0,0
2020-04-27,US,North Dakota,McHenry,1,1,0,48.23104458,-100.6324822,38049.0,0,1,1,0,0,1,5816,0,0,0,0,0
2020-04-27,US,North Dakota,McIntosh,1,0,0,46.11182017,-99.44145858,38051.0,1,1,0,0,1,1,2585,0,0,0,0,0
2020-04-27,US,North Dakota,McKenzie,12,0,0,47.74133370000001,-103.395905,38053.0,12,12,0,0,12,12,13632,0,0,0,0,0
2020-04-27,US,North Dakota,McLean,3,0,0,47.60766714,-101.3182418,38055.0,3,3,0,0,3,3,9541,0,0,0,0,0
2020-04-27,US,North Dakota,Morton,24,2,0,46.71681782,-101.2822377,38059.0,22,24,2,0,22,24,31095,0,0,0,0,0
2020-04-27,US,North Dakota,Mountrail,34,0,0,48.20197971,-102.3555315,38061.0,34,33,0,0,33,33,10218,1,0,0,1,0
2020-04-27,US,North Dakota,Nelson,1,0,0,47.9226426,-98.19038437,38063.0,1,1,0,0,1,1,2869,0,0,0,0,0
2020-04-27,US,North Dakota,Oliver,1,0,0,47.11530482,-101.3406158,38065.0,1,1,0,0,1,1,1952,0,0,0,0,0
2020-04-27,US,North Dakota,Pembina,1,0,0,48.76623521,-97.5523809,38067.0,1,1,0,0,1,1,6947,0,0,0,0,0
2020-04-27,US,North Dakota,Pierce,2,0,0,48.24977025,-99.96407787,38069.0,2,2,0,0,2,2,4081,0,0,0,0,0
2020-04-27,US,North Dakota,Ramsey,4,0,0,48.26886249,-98.72223879,38071.0,4,3,0,0,3,3,11481,1,0,0,1,0
2020-04-27,US,North Dakota,Ransom,1,0,0,46.45621782,-97.65742504,38073.0,1,1,0,0,1,,5237,0,0,0,0,
2020-04-27,US,North Dakota,Richland,7,0,0,46.26440649,-96.94852979,38077.0,7,7,0,0,7,7,16239,0,0,0,0,0
2020-04-27,US,North Dakota,Rolette,1,0,0,48.77245354,-99.84097493,38079.0,1,1,0,0,1,1,14301,0,0,0,0,0
2020-04-27,US,North Dakota,Sargent,1,0,0,46.10830372,-97.63217159,38081.0,1,1,0,0,1,1,3870,0,0,0,0,0
2020-04-27,US,North Dakota,Sioux,1,0,0,46.11323337,-101.04401490000001,38085.0,1,1,0,0,1,1,4358,0,0,0,0,0
2020-04-27,US,North Dakota,Slope,3,0,0,46.44737738,-103.4601547,38087.0,3,3,0,0,3,3,763,0,0,0,0,0
2020-04-27,US,North Dakota,Stark,41,2,0,46.80851182,-102.65763259999999,38089.0,39,41,2,0,39,40,30997,0,0,0,0,1
2020-04-27,US,North Dakota,Stutsman,4,0,0,46.97962541,-98.95637318,38093.0,4,4,0,0,4,4,20917,0,0,0,0,0
2020-04-27,US,North Dakota,Walsh,7,0,0,48.36876964,-97.72574783,38099.0,7,4,0,0,4,4,10667,3,0,0,3,0
2020-04-27,US,North Dakota,Ward,21,1,0,48.22390169,-101.54367629999999,38101.0,20,21,1,0,20,21,67744,0,0,0,0,0
2020-04-27,US,North Dakota,Wells,2,0,0,47.58614526,-99.65904998,38103.0,2,2,0,0,2,2,3957,0,0,0,0,0
2020-04-27,US,North Dakota,Williams,10,0,0,48.34522353,-103.4793387,38105.0,10,10,0,0,10,10,35350,0,0,0,0,0
2020-04-27,US,Ohio,Adams,4,0,0,38.84541072,-83.4718964,39001.0,4,4,0,0,4,4,27724,0,0,0,0,0
2020-04-27,US,Ohio,Allen,103,18,0,40.77285242,-84.10802343,39003.0,85,108,18,0,90,108,102663,-5,0,0,-5,0
2020-04-27,US,Ohio,Ashland,6,0,0,40.84772277,-82.27280781,39005.0,6,6,0,0,6,5,53745,0,0,0,0,1
2020-04-27,US,Ohio,Ashtabula,110,11,0,41.70860332,-80.74830218,39007.0,99,110,10,0,100,107,97493,0,1,0,-1,3
2020-04-27,US,Ohio,Athens,3,1,0,39.33425634,-82.04278644,39009.0,2,3,1,0,2,3,65818,0,0,0,0,0
2020-04-27,US,Ohio,Auglaize,31,3,0,40.55998859,-84.22421429999999,39011.0,28,30,3,0,27,30,45804,1,0,0,1,0
2020-04-27,US,Ohio,Belmont,114,7,0,40.01625942,-80.9924051,39013.0,107,106,6,0,100,101,67505,8,1,0,7,5
2020-04-27,US,Ohio,Brown,11,1,0,38.93416837,-83.86788395,39015.0,10,11,1,0,10,11,43602,0,0,0,0,0
2020-04-27,US,Ohio,Butler,234,4,0,39.44012838,-84.57388716,39017.0,230,225,4,0,221,216,382378,9,0,0,9,9
2020-04-27,US,Ohio,Carroll,19,1,0,40.578968599999996,-81.09178213,39019.0,18,20,1,0,19,20,27081,-1,0,0,-1,0
2020-04-27,US,Ohio,Champaign,12,1,0,40.13923427,-83.76875242,39021.0,11,12,1,0,11,12,38754,0,0,0,0,0
2020-04-27,US,Ohio,Clark,43,2,0,39.91592258,-83.78498252,39023.0,41,33,2,0,31,32,134585,10,0,0,10,1
2020-04-27,US,Ohio,Clermont,76,2,0,39.04847534,-84.15375786,39025.0,74,77,2,0,75,77,205466,-1,0,0,-1,0
2020-04-27,US,Ohio,Clinton,28,0,0,39.41485808,-83.80852286,39027.0,28,28,0,0,28,27,42057,0,0,0,0,1
2020-04-27,US,Ohio,Columbiana,228,20,0,40.76932373,-80.78094576,39029.0,208,223,18,0,205,219,102665,5,2,0,3,4
2020-04-27,US,Ohio,Coshocton,16,0,0,40.30096166,-81.91729018,39031.0,16,16,0,0,16,16,36629,0,0,0,0,0
2020-04-27,US,Ohio,Crawford,41,0,0,40.85065156,-82.91989099,39033.0,41,39,0,0,39,39,41550,2,0,0,2,0
2020-04-27,US,Ohio,Cuyahoga,1938,96,0,41.424119,-81.65918339,39035.0,1842,1902,91,0,1811,1867,1243857,36,5,0,31,35
2020-04-27,US,Ohio,Darke,75,13,0,40.13412966,-84.6194517,39037.0,62,75,13,0,62,75,51323,0,0,0,0,0
2020-04-27,US,Ohio,Defiance,19,1,0,41.32398837,-84.49076944,39039.0,18,19,1,0,18,19,38165,0,0,0,0,0
2020-04-27,US,Ohio,Delaware,148,3,0,40.27942393,-83.00457058,39041.0,145,143,3,0,140,138,204826,5,0,0,5,5
2020-04-27,US,Ohio,Erie,49,3,0,41.36796058,-82.62904521,39043.0,46,47,3,0,44,47,74615,2,0,0,2,0
2020-04-27,US,Ohio,Fairfield,116,2,0,39.75107189,-82.63088163,39045.0,114,114,2,0,112,110,155782,2,0,0,2,4
2020-04-27,US,Ohio,Fayette,14,0,0,39.56021306,-83.4562016,39047.0,14,13,0,0,13,13,28666,1,0,0,1,0
2020-04-27,US,Ohio,Franklin,2005,57,0,39.96995815,-83.01115755,39049.0,1948,1942,53,0,1889,1839,1310300,63,4,0,59,103
2020-04-27,US,Ohio,Fulton,19,0,0,41.60213491,-84.12571393,39051.0,19,19,0,0,19,19,42276,0,0,0,0,0
2020-04-27,US,Ohio,Gallia,6,1,0,38.82708533,-82.31647569,39053.0,5,6,1,0,5,6,29979,0,0,0,0,0
2020-04-27,US,Ohio,Geauga,146,13,0,41.49952319,-81.17935342,39055.0,133,137,14,0,123,128,94031,9,-1,0,10,9
2020-04-27,US,Ohio,Greene,45,3,0,39.69116283,-83.89032084,39057.0,42,43,3,0,40,41,167995,2,0,0,2,2
2020-04-27,US,Ohio,Guernsey,15,0,0,40.05026529,-81.49248905,39059.0,15,15,0,0,15,15,39022,0,0,0,0,0
2020-04-27,US,Ohio,Hamilton,1048,56,0,39.19673558,-84.54502924,39061.0,992,1005,56,0,949,975,816684,43,0,0,43,30
2020-04-27,US,Ohio,Hancock,35,1,0,41.00250487,-83.66838948,39063.0,34,34,1,0,33,34,75930,1,0,0,1,0
2020-04-27,US,Ohio,Hardin,22,0,0,40.66015414,-83.65929931,39065.0,22,23,0,0,23,23,31480,-1,0,0,-1,0
2020-04-27,US,Ohio,Harrison,4,0,0,40.29380509,-81.09068544,39067.0,4,4,0,0,4,2,15174,0,0,0,0,2
2020-04-27,US,Ohio,Henry,4,0,0,41.333964200000004,-84.06830637,39069.0,4,4,0,0,4,4,27086,0,0,0,0,0
2020-04-27,US,Ohio,Highland,10,0,0,39.1839264,-83.60331456,39071.0,10,9,0,0,9,8,43058,1,0,0,1,1
2020-04-27,US,Ohio,Hocking,16,1,0,39.49537927,-82.47991446,39073.0,15,14,1,0,13,11,28385,2,0,0,2,3
2020-04-27,US,Ohio,Holmes,5,1,0,40.56163713,-81.92635677,39075.0,4,5,1,0,4,5,43892,0,0,0,0,0
2020-04-27,US,Ohio,Huron,29,1,0,41.14651175,-82.59867951,39077.0,28,28,1,0,27,27,58504,1,0,0,1,1
2020-04-27,US,Ohio,Jackson,4,0,0,39.01914254,-82.61818559999998,39079.0,4,4,0,0,4,4,32384,0,0,0,0,0
2020-04-27,US,Ohio,Jefferson,39,1,0,40.38614126,-80.76259514,39081.0,38,37,1,0,36,35,65767,2,0,0,2,2
2020-04-27,US,Ohio,Knox,15,1,0,40.39830217,-82.42027563,39083.0,14,15,1,0,14,15,61893,0,0,0,0,0
2020-04-27,US,Ohio,Lake,158,7,0,41.69710807,-81.23676539,39085.0,151,157,7,0,150,157,230514,1,0,0,1,0
2020-04-27,US,Ohio,Lawrence,24,0,0,38.59743452,-82.53466552,39087.0,24,23,0,0,23,22,59866,1,0,0,1,1
2020-04-27,US,Ohio,Licking,110,5,0,40.09136236,-82.48185785,39089.0,105,108,4,0,104,108,175769,2,1,0,1,0
2020-04-27,US,Ohio,Logan,18,0,0,40.38996525,-83.76784341,39091.0,18,18,0,0,18,18,45358,0,0,0,0,0
2020-04-27,US,Ohio,Lorain,395,20,0,41.29553751,-82.15083537,39093.0,375,377,19,0,358,374,309461,18,1,0,17,3
2020-04-27,US,Ohio,Lucas,1130,61,0,41.62101218,-83.65468618,39095.0,1069,1104,59,0,1045,1033,429899,26,2,0,24,71
2020-04-27,US,Ohio,Madison,52,3,0,39.89381073,-83.40178317,39097.0,49,51,3,0,48,51,44413,1,0,0,1,0
2020-04-27,US,Ohio,Mahoning,764,65,0,41.01631101,-80.77287029,39099.0,699,737,66,0,671,721,229642,27,-1,0,28,16
2020-04-27,US,Ohio,Marion,2188,4,0,40.58610662,-83.15736305,39101.0,2184,2178,4,0,2174,2172,65256,10,0,0,10,6
2020-04-27,US,Ohio,Medina,159,13,0,41.11770589,-81.89986209999998,39103.0,146,160,13,0,147,153,179146,-1,0,0,-1,7
2020-04-27,US,Ohio,Meigs,2,0,0,39.09224872,-82.0305041,39105.0,2,2,0,0,2,2,23106,0,0,0,0,0
2020-04-27,US,Ohio,Mercer,18,1,0,40.54043046,-84.62912742,39107.0,17,18,1,0,17,18,40959,0,0,0,0,0
2020-04-27,US,Ohio,Miami,136,25,0,40.0543329,-84.22871271,39109.0,111,135,25,0,110,135,106222,1,0,0,1,0
2020-04-27,US,Ohio,Monroe,2,0,0,39.72984936,-81.08464734,39111.0,2,2,0,0,2,2,13790,0,0,0,0,0
2020-04-27,US,Ohio,Montgomery,262,8,0,39.75394919,-84.29050975,39113.0,254,260,8,0,252,256,532331,2,0,0,2,4
2020-04-27,US,Ohio,Morgan,4,0,0,39.62081738,-81.85308173,39115.0,4,4,0,0,4,4,14604,0,0,0,0,0
2020-04-27,US,Ohio,Morrow,34,1,0,40.52363560000001,-82.7892599,39117.0,33,34,0,0,34,26,35112,0,1,0,-1,8
2020-04-27,US,Ohio,Muskingum,11,0,0,39.96575964,-81.94363275,39119.0,11,11,0,0,11,11,86183,0,0,0,0,0
2020-04-27,US,Ohio,Noble,5,0,0,39.76818851,-81.45937183,39121.0,5,5,0,0,5,4,14354,0,0,0,0,1
2020-04-27,US,Ohio,Ottawa,37,0,0,41.53781826,-83.0940185,39123.0,37,37,0,0,37,37,40769,0,0,0,0,0
2020-04-27,US,Ohio,Paulding,8,0,0,41.11676341,-84.5801017,39125.0,8,8,0,0,8,8,18760,0,0,0,0,0
2020-04-27,US,Ohio,Perry,12,0,0,39.73508655,-82.23804971,39127.0,12,13,0,0,13,12,36033,-1,0,0,-1,1
2020-04-27,US,Ohio,Pickaway,1698,5,0,39.64170392,-83.0243386,39129.0,1693,1662,5,0,1657,1662,58086,36,0,0,36,0
2020-04-27,US,Ohio,Pike,3,0,0,39.07634001,-83.06769584,39131.0,3,3,0,0,3,3,28067,0,0,0,0,0
2020-04-27,US,Ohio,Portage,221,33,0,41.16793482,-81.19735782,39133.0,188,220,31,0,189,214,162927,1,2,0,-1,6
2020-04-27,US,Ohio,Preble,25,1,0,39.7420247,-84.64787018,39135.0,24,25,1,0,24,25,40997,0,0,0,0,0
2020-04-27,US,Ohio,Putnam,54,5,0,41.02094889,-84.1336111,39137.0,49,54,5,0,49,51,33780,0,0,0,0,3
2020-04-27,US,Ohio,Richland,76,1,0,40.77180308,-82.53799609999999,39139.0,75,78,1,0,77,77,121099,-2,0,0,-2,1
2020-04-27,US,Ohio,Ross,36,1,0,39.33705391,-83.06000914,39141.0,35,35,1,0,34,35,76931,1,0,0,1,0
2020-04-27,US,Ohio,Sandusky,19,2,0,41.35624126,-83.137872,39143.0,17,20,2,0,18,20,58799,-1,0,0,-1,0
2020-04-27,US,Ohio,Scioto,6,0,0,38.80270163,-82.98907345,39145.0,6,6,0,0,6,6,75502,0,0,0,0,0
2020-04-27,US,Ohio,Seneca,14,1,0,41.12351311,-83.12783209,39147.0,13,13,1,0,12,12,55207,1,0,0,1,1
2020-04-27,US,Ohio,Shelby,30,1,0,40.33163494,-84.20258189,39149.0,29,30,1,0,29,30,48627,0,0,0,0,0
2020-04-27,US,Ohio,Stark,312,35,0,40.81482476,-81.36437305,39151.0,277,310,34,0,276,303,371574,2,1,0,1,7
2020-04-27,US,Ohio,Summit,500,39,0,41.12464734,-81.53123079,39153.0,461,485,38,0,447,475,541918,15,1,0,14,10
2020-04-27,US,Ohio,Trumbull,295,27,0,41.31735028,-80.76109643,39155.0,268,293,24,0,269,287,198627,2,3,0,-1,6
2020-04-27,US,Ohio,Tuscarawas,57,0,0,40.44214695,-81.47226262,39157.0,57,50,0,0,50,48,92176,7,0,0,7,2
2020-04-27,US,Ohio,Union,18,0,0,40.30016061,-83.37239023,39159.0,18,18,0,0,18,18,57835,0,0,0,0,0
2020-04-27,US,Ohio,Van Wert,3,0,0,40.8554138,-84.59111700000003,39161.0,3,3,0,0,3,3,28281,0,0,0,0,0
2020-04-27,US,Ohio,Warren,124,11,0,39.42581994,-84.16557457,39165.0,113,133,11,0,122,131,232173,-9,0,0,-9,2
2020-04-27,US,Ohio,Washington,94,10,0,39.45690571,-81.49121382,39167.0,84,94,10,0,84,93,60155,0,0,0,0,1
2020-04-27,US,Ohio,Wayne,114,22,0,40.82925852,-81.88844833,39169.0,92,104,21,0,83,100,115967,10,1,0,9,4
2020-04-27,US,Ohio,Williams,29,1,0,41.56052014,-84.58429552,39171.0,28,29,1,0,28,27,36804,0,0,0,0,2
2020-04-27,US,Ohio,Wood,139,18,0,41.36224827,-83.62285108,39173.0,121,133,17,0,116,132,130696,6,1,0,5,1
2020-04-27,US,Ohio,Wyandot,24,2,0,40.84339621,-83.30734173,39175.0,22,24,2,0,22,24,21935,0,0,0,0,0
2020-04-27,US,Oklahoma,Adair,55,3,0,35.88494195,-94.65859267,40001.0,52,55,3,0,52,54,22082,0,0,0,0,1
2020-04-27,US,Oklahoma,Alfalfa,1,0,0,36.73090616,-98.32408495,40003.0,1,1,0,0,1,1,5754,0,0,0,0,0
2020-04-27,US,Oklahoma,Atoka,1,0,0,34.37366573,-96.03802487,40005.0,1,1,0,0,1,1,13838,0,0,0,0,0
2020-04-27,US,Oklahoma,Beaver,3,0,0,36.7496847,-100.4758872,40007.0,3,3,0,0,3,2,5319,0,0,0,0,1
2020-04-27,US,Oklahoma,Beckham,5,0,0,35.26862449,-99.68128023,40009.0,5,5,0,0,5,3,21709,0,0,0,0,2
2020-04-27,US,Oklahoma,Bryan,6,1,0,33.96472458,-96.25903472,40013.0,5,6,1,0,5,6,47192,0,0,0,0,0
2020-04-27,US,Oklahoma,Caddo,58,6,0,35.17364557,-98.37534464,40015.0,52,58,6,0,52,53,28977,0,0,0,0,5
2020-04-27,US,Oklahoma,Canadian,91,3,0,35.5426055,-97.98465569,40017.0,88,91,3,0,88,90,144447,0,0,0,0,1
2020-04-27,US,Oklahoma,Carter,2,1,0,34.25103751,-97.28552485,40019.0,1,2,0,0,2,2,48177,0,1,0,-1,0
2020-04-27,US,Oklahoma,Cherokee,26,1,0,35.90692775,-94.99980896,40021.0,25,26,1,0,25,26,48675,0,0,0,0,0
2020-04-27,US,Oklahoma,Choctaw,3,0,0,34.02807439,-95.54771129,40023.0,3,3,0,0,3,3,14668,0,0,0,0,0
2020-04-27,US,Oklahoma,Cimarron,1,0,0,36.74817177,-102.5173885,40025.0,1,1,0,0,1,1,2153,0,0,0,0,0
2020-04-27,US,Oklahoma,Cleveland,404,27,0,35.20413532,-97.32519562,40027.0,377,403,27,0,376,400,281669,1,0,0,1,3
2020-04-27,US,Oklahoma,Comanche,79,1,0,34.65973764,-98.47195055,40031.0,78,79,1,0,78,76,120422,0,0,0,0,3
2020-04-27,US,Oklahoma,Cotton,5,1,0,34.28845626,-98.37053567,40033.0,4,5,1,0,4,5,5776,0,0,0,0,0
2020-04-27,US,Oklahoma,Craig,9,0,0,36.76268118,-95.20916602,40035.0,9,9,0,0,9,9,14306,0,0,0,0,0
2020-04-27,US,Oklahoma,Creek,76,6,0,35.90230551,-96.37086028,40037.0,70,76,6,0,70,73,71604,0,0,0,0,3
2020-04-27,US,Oklahoma,Custer,10,0,0,35.63853802,-99.00170785,40039.0,10,10,0,0,10,10,29036,0,0,0,0,0
2020-04-27,US,Oklahoma,Delaware,90,10,0,36.40823634,-94.80325046,40041.0,80,90,10,0,80,90,42733,0,0,0,0,0
2020-04-27,US,Oklahoma,Dewey,2,0,0,35.98772922,-99.00730714,40043.0,2,2,0,0,2,2,4894,0,0,0,0,0
2020-04-27,US,Oklahoma,Garfield,11,1,0,36.3791334,-97.78265517,40047.0,10,11,1,0,10,11,60913,0,0,0,0,0
2020-04-27,US,Oklahoma,Garvin,13,0,0,34.70418038,-97.30811132,40049.0,13,13,0,0,13,13,27811,0,0,0,0,0
2020-04-27,US,Oklahoma,Grady,34,1,0,35.0167709,-97.88339847,40051.0,33,34,1,0,33,34,55551,0,0,0,0,0
2020-04-27,US,Oklahoma,Grant,2,0,0,36.796296999999996,-97.78638765,40053.0,2,2,0,0,2,2,4326,0,0,0,0,0
2020-04-27,US,Oklahoma,Greer,64,6,0,34.93535801,-99.56056120000001,40055.0,58,64,6,0,58,64,5821,0,0,0,0,0
2020-04-27,US,Oklahoma,Harper,1,0,0,36.78836519,-99.6679804,40059.0,1,1,0,0,1,1,3797,0,0,0,0,0
2020-04-27,US,Oklahoma,Haskell,5,0,0,35.22257600000001,-95.11513306,40061.0,5,5,0,0,5,3,12668,0,0,0,0,2
2020-04-27,US,Oklahoma,Jackson,15,0,0,34.58781741,-99.41138784,40065.0,15,15,0,0,15,14,24949,0,0,0,0,1
2020-04-27,US,Oklahoma,Jefferson,2,0,0,34.11130184,-97.83182974,40067.0,2,2,0,0,2,2,6123,0,0,0,0,0
2020-04-27,US,Oklahoma,Johnston,3,0,0,34.31440473,-96.66011537,40069.0,3,3,0,0,3,4,10949,0,0,0,0,-1
2020-04-27,US,Oklahoma,Kay,47,6,0,36.81799745,-97.14421435,40071.0,41,47,6,0,41,47,44161,0,0,0,0,0
2020-04-27,US,Oklahoma,Kingfisher,8,0,0,35.94530008,-97.94193268,40073.0,8,8,0,0,8,7,15816,0,0,0,0,1
2020-04-27,US,Oklahoma,Kiowa,4,0,0,34.91671958,-98.97720696,40075.0,4,4,0,0,4,4,8729,0,0,0,0,0
2020-04-27,US,Oklahoma,Latimer,5,1,0,34.87844729,-95.25215049,40077.0,4,5,1,0,4,4,10231,0,0,0,0,1
2020-04-27,US,Oklahoma,Le Flore,10,0,0,34.89851864,-94.70392124,40079.0,10,9,0,0,9,9,49980,1,0,0,1,0
2020-04-27,US,Oklahoma,Lincoln,11,0,0,35.70270942,-96.8812462,40081.0,11,10,0,0,10,10,34920,1,0,0,1,0
2020-04-27,US,Oklahoma,Logan,13,0,0,35.91899576,-97.44352845,40083.0,13,13,0,0,13,12,47291,0,0,0,0,1
2020-04-27,US,Oklahoma,Love,2,0,0,33.95273467,-97.23906784,40085.0,2,2,0,0,2,2,10134,0,0,0,0,0
2020-04-27,US,Oklahoma,Major,2,1,0,36.31149996,-98.53467076,40093.0,1,2,1,0,1,2,7644,0,0,0,0,0
2020-04-27,US,Oklahoma,Marshall,2,0,0,34.02311222,-96.76855464,40095.0,2,2,0,0,2,2,16806,0,0,0,0,0
2020-04-27,US,Oklahoma,Mayes,21,3,0,36.30179091,-95.23175116,40097.0,18,21,3,0,18,21,41107,0,0,0,0,0
2020-04-27,US,Oklahoma,McClain,30,0,0,35.01123903,-97.44572302,40087.0,30,30,0,0,30,30,39985,0,0,0,0,0
2020-04-27,US,Oklahoma,McCurtain,8,0,0,34.11664328,-94.77222373,40089.0,8,8,0,0,8,8,32703,0,0,0,0,0
2020-04-27,US,Oklahoma,McIntosh,2,0,0,35.37235506,-95.66599306,40091.0,2,2,0,0,2,2,19815,0,0,0,0,0
2020-04-27,US,Oklahoma,Murray,1,0,0,34.48116015,-97.06826283,40099.0,1,1,0,0,1,1,13953,0,0,0,0,0
2020-04-27,US,Oklahoma,Muskogee,26,4,0,35.61318461,-95.37802952,40101.0,22,26,4,0,22,26,68362,0,0,0,0,0
2020-04-27,US,Oklahoma,Noble,6,0,0,36.38953329,-97.22928674,40103.0,6,6,0,0,6,6,11289,0,0,0,0,0
2020-04-27,US,Oklahoma,Nowata,20,0,0,36.79843529,-95.61902331,40105.0,20,20,0,0,20,19,10218,0,0,0,0,1
2020-04-27,US,Oklahoma,Okfuskee,1,0,0,35.46485198,-96.32639984,40107.0,1,1,0,0,1,1,12098,0,0,0,0,0
2020-04-27,US,Oklahoma,Oklahoma,703,29,0,35.55140095,-97.40716948,40109.0,674,696,29,0,667,694,792582,7,0,0,7,2
2020-04-27,US,Oklahoma,Okmulgee,16,0,0,35.64661916,-95.96432828,40111.0,16,16,0,0,16,16,38335,0,0,0,0,0
2020-04-27,US,Oklahoma,Osage,72,8,0,36.62888819,-96.39635704,40113.0,64,72,8,0,64,71,47014,0,0,0,0,1
2020-04-27,US,Oklahoma,Ottawa,29,1,0,36.83532655,-94.81011909,40115.0,28,29,1,0,28,29,31175,0,0,0,0,0
2020-04-27,US,Oklahoma,Pawnee,29,2,0,36.31743373,-96.70331759999999,40117.0,27,29,2,0,27,28,16390,0,0,0,0,1
2020-04-27,US,Oklahoma,Payne,44,1,0,36.07695283,-96.97584944,40119.0,43,44,1,0,43,43,82040,0,0,0,0,1
2020-04-27,US,Oklahoma,Pittsburg,25,2,0,34.92065823,-95.75134320000001,40121.0,23,25,2,0,23,21,43877,0,0,0,0,4
2020-04-27,US,Oklahoma,Pontotoc,10,1,0,34.72959848,-96.68337199,40123.0,9,10,1,0,9,10,38247,0,0,0,0,0
2020-04-27,US,Oklahoma,Pottawatomie,42,4,0,35.20614018,-96.94923008,40125.0,38,40,4,0,36,40,72679,2,0,0,2,0
2020-04-27,US,Oklahoma,Pushmataha,1,0,0,34.41635232,-95.37603505,40127.0,1,,,,,,11179,,,,,
2020-04-27,US,Oklahoma,Rogers,47,3,0,36.37004357,-95.60406759,40131.0,44,47,3,0,44,46,91984,0,0,0,0,1
2020-04-27,US,Oklahoma,Seminole,8,1,0,35.16478725,-96.61686741,40133.0,7,8,1,0,7,8,24578,0,0,0,0,0
2020-04-27,US,Oklahoma,Sequoyah,12,3,0,35.49447108,-94.75463785,40135.0,9,12,3,0,9,11,41179,0,0,0,0,1
2020-04-27,US,Oklahoma,Stephens,20,1,0,34.48556989,-97.85141892,40137.0,19,20,1,0,19,20,43265,0,0,0,0,0
2020-04-27,US,Oklahoma,Texas,85,1,0,36.74777635,-101.4889765,40139.0,84,73,1,0,72,68,20455,12,0,0,12,5
2020-04-27,US,Oklahoma,Tillman,1,0,0,34.37288446,-98.92426619,40141.0,1,1,0,0,1,1,7348,0,0,0,0,0
2020-04-27,US,Oklahoma,Tulsa,490,28,0,36.11939621,-95.94013939,40143.0,462,491,27,0,464,479,648360,-1,1,0,-2,12
2020-04-27,US,Oklahoma,Wagoner,115,14,0,35.96024096,-95.51911308,40145.0,101,114,14,0,100,114,80110,1,0,0,1,0
2020-04-27,US,Oklahoma,Washington,231,15,0,36.71380786,-95.90514104,40147.0,216,229,15,0,214,222,51843,2,0,0,2,7
2020-04-27,US,Oklahoma,Washita,1,0,0,35.29071824,-98.99180434,40149.0,1,1,0,0,1,1,11127,0,0,0,0,0
2020-04-27,US,Oklahoma,Woods,3,0,0,36.76705782,-98.86573064,40151.0,3,3,0,0,3,3,8897,0,0,0,0,0
2020-04-27,US,Oklahoma,Woodward,1,0,0,36.42316318,-99.26283045,40153.0,1,1,0,0,1,1,20222,0,0,0,0,0
2020-04-27,US,Oregon,Benton,29,5,0,44.49167306,-123.4316987,41003.0,24,29,5,0,24,28,92101,0,0,0,0,1
2020-04-27,US,Oregon,Clackamas,204,6,0,45.18787398,-122.2179634,41005.0,198,204,6,0,198,201,416075,0,0,0,0,3
2020-04-27,US,Oregon,Clatsop,6,0,0,45.99712889,-123.660711,41007.0,6,6,0,0,6,6,39764,0,0,0,0,0
2020-04-27,US,Oregon,Columbia,14,0,0,45.94464254,-123.08908980000001,41009.0,14,14,0,0,14,14,52377,0,0,0,0,0
2020-04-27,US,Oregon,Coos,14,0,0,43.17406868,-124.0594514,41011.0,14,12,0,0,12,8,64389,2,0,0,2,4
2020-04-27,US,Oregon,Crook,1,0,0,44.14230227,-120.356297,41013.0,1,1,0,0,1,1,23867,0,0,0,0,0
2020-04-27,US,Oregon,Curry,4,0,0,42.45911325,-124.15728200000001,41015.0,4,4,0,0,4,4,22813,0,0,0,0,0
2020-04-27,US,Oregon,Deschutes,75,0,0,43.91570171,-121.2289121,41017.0,75,73,0,0,73,71,191996,2,0,0,2,2
2020-04-27,US,Oregon,Douglas,23,0,0,43.27941273,-123.16729099999999,41019.0,23,23,0,0,23,23,110283,0,0,0,0,0
2020-04-27,US,Oregon,Grant,1,0,0,44.49024544,-119.0068631,41023.0,1,1,0,0,1,1,7176,0,0,0,0,0
2020-04-27,US,Oregon,Hood River,5,0,0,45.51872811,-121.65520359999998,41027.0,5,5,0,0,5,5,23428,0,0,0,0,0
2020-04-27,US,Oregon,Jackson,49,0,0,42.43201126,-122.72893090000001,41029.0,49,49,0,0,49,49,219564,0,0,0,0,0
2020-04-27,US,Oregon,Jefferson,6,0,0,44.62806839,-121.17832,41031.0,6,6,0,0,6,5,24192,0,0,0,0,1
2020-04-27,US,Oregon,Josephine,20,1,0,42.3665549,-123.5561938,41033.0,19,20,1,0,19,19,87393,0,0,0,0,1
2020-04-27,US,Oregon,Klamath,36,0,0,42.68762984,-121.64964609999998,41035.0,36,36,0,0,36,36,67653,0,0,0,0,0
2020-04-27,US,Oregon,Lane,50,2,0,43.93727035,-122.847753,41039.0,48,50,2,0,48,50,379611,0,0,0,0,0
2020-04-27,US,Oregon,Lincoln,5,0,0,44.64252874,-123.86991200000001,41041.0,5,5,0,0,5,5,49388,0,0,0,0,0
2020-04-27,US,Oregon,Linn,79,7,0,44.48899494,-122.53731540000001,41043.0,72,74,7,0,67,71,127335,5,0,0,5,3
2020-04-27,US,Oregon,Malheur,7,0,0,43.1937027,-117.62273950000001,41045.0,7,6,0,0,6,6,30725,1,0,0,1,0
2020-04-27,US,Oregon,Marion,447,15,0,44.90287942,-122.58151170000001,41047.0,432,436,15,0,421,432,346868,11,0,0,11,4
2020-04-27,US,Oregon,Morrow,5,0,0,45.41846568,-119.584546,41049.0,5,5,0,0,5,5,11372,0,0,0,0,0
2020-04-27,US,Oregon,Multnomah,664,37,0,45.54747959,-122.4169351,41051.0,627,652,37,0,615,623,811880,12,0,0,12,29
2020-04-27,US,Oregon,Polk,38,1,0,44.90322804,-123.4128888,41053.0,37,38,1,0,37,37,85234,0,0,0,0,1
2020-04-27,US,Oregon,Sherman,1,0,0,45.41501554,-120.6827834,41055.0,1,1,0,0,1,1,1708,0,0,0,0,0
2020-04-27,US,Oregon,Tillamook,6,0,0,45.46248721,-123.712066,41057.0,6,6,0,0,6,6,26787,0,0,0,0,0
2020-04-27,US,Oregon,Umatilla,36,0,0,45.59073056,-118.7353826,41059.0,36,36,0,0,36,35,77516,0,0,0,0,1
2020-04-27,US,Oregon,Union,4,0,0,45.30915495,-118.0068979,41061.0,4,4,0,0,4,4,26461,0,0,0,0,0
2020-04-27,US,Oregon,Wallowa,1,0,0,45.57894064,-117.18353799999998,41063.0,1,1,0,0,1,1,7081,0,0,0,0,0
2020-04-27,US,Oregon,Wasco,12,1,0,45.16292781,-121.16709540000001,41065.0,11,12,2,0,10,12,26505,0,-1,0,1,0
2020-04-27,US,Oregon,Washington,475,11,0,45.55972701,-123.0955257,41067.0,464,466,10,0,456,459,597695,9,1,0,8,7
2020-04-27,US,Oregon,Yamhill,37,6,0,45.23330449,-123.3086963,41071.0,31,36,6,0,30,35,107002,1,0,0,1,1
2020-04-27,US,Pennsylvania,Adams,122,1,0,39.87140411,-77.21610347,42001.0,121,117,1,0,116,113,102811,5,0,0,5,4
2020-04-27,US,Pennsylvania,Allegheny,1224,79,0,40.46809875,-79.98167747,42003.0,1145,1211,73,0,1138,1198,1218452,13,6,0,7,13
2020-04-27,US,Pennsylvania,Armstrong,47,2,0,40.81665618,-79.46290811,42005.0,45,46,2,0,44,46,65263,1,0,0,1,0
2020-04-27,US,Pennsylvania,Beaver,387,46,0,40.6825484,-80.34921611,42007.0,341,366,46,0,320,359,164742,21,0,0,21,7
2020-04-27,US,Pennsylvania,Bedford,21,1,0,40.00522157,-78.48998442,42009.0,20,21,1,0,20,21,48176,0,0,0,0,0
2020-04-27,US,Pennsylvania,Berks,2526,89,0,40.41570541,-75.92457766,42011.0,2437,2491,88,0,2403,2406,420152,35,1,0,34,85
2020-04-27,US,Pennsylvania,Blair,21,0,0,40.47961444,-78.34917412,42013.0,21,21,0,0,21,21,122492,0,0,0,0,0
2020-04-27,US,Pennsylvania,Bradford,28,2,0,41.78869215,-76.51570822,42015.0,26,28,2,0,26,28,60833,0,0,0,0,0
2020-04-27,US,Pennsylvania,Bucks,2585,148,0,40.33682119,-75.10836643,42017.0,2437,2541,141,0,2400,2541,628195,44,7,0,37,0
2020-04-27,US,Pennsylvania,Butler,170,6,0,40.91152759,-79.91351055,42019.0,164,170,6,0,164,168,187888,0,0,0,0,2
2020-04-27,US,Pennsylvania,Cambria,21,1,0,40.49527404,-78.71377428,42021.0,20,21,1,0,20,21,131730,0,0,0,0,0
2020-04-27,US,Pennsylvania,Cameron,1,0,0,41.43625568,-78.20376845,42023.0,1,1,0,0,1,1,4492,0,0,0,0,0
2020-04-27,US,Pennsylvania,Carbon,164,12,0,40.91545395,-75.7068525,42025.0,152,163,12,0,151,162,64227,1,0,0,1,1
2020-04-27,US,Pennsylvania,Centre,87,1,0,40.92058903,-77.82200624,42027.0,86,81,1,0,80,81,162805,6,0,0,6,0
2020-04-27,US,Pennsylvania,Chester,1214,81,0,39.97291773,-75.74768357,42029.0,1133,1177,82,0,1095,1134,522046,37,-1,0,38,43
2020-04-27,US,Pennsylvania,Clarion,22,1,0,41.19265812,-79.42413524,42031.0,21,22,1,0,21,22,38779,0,0,0,0,0
2020-04-27,US,Pennsylvania,Clearfield,11,0,0,41.00110782,-78.47592663,42033.0,11,11,0,0,11,11,79388,0,0,0,0,0
2020-04-27,US,Pennsylvania,Clinton,25,0,0,41.23255967,-77.63785995,42035.0,25,21,0,0,21,18,38684,4,0,0,4,3
2020-04-27,US,Pennsylvania,Columbia,277,7,0,41.04821986,-76.40565017,42037.0,270,269,7,0,262,257,65456,8,0,0,8,12
2020-04-27,US,Pennsylvania,Crawford,19,0,0,41.68447709,-80.10760592,42039.0,19,19,0,0,19,19,85063,0,0,0,0,0
2020-04-27,US,Pennsylvania,Cumberland,282,9,0,40.1625372,-77.26130755,42041.0,273,267,8,0,259,250,251423,15,1,0,14,17
2020-04-27,US,Pennsylvania,Dauphin,529,21,0,40.41377078,-76.77993242,42043.0,508,519,18,0,501,492,277097,10,3,0,7,27
2020-04-27,US,Pennsylvania,Delaware,3361,142,0,39.91680171,-75.40243663,42045.0,3219,3281,141,0,3140,3161,564751,80,1,0,79,120
2020-04-27,US,Pennsylvania,Elk,3,0,0,41.42822061,-78.64524744,42047.0,3,3,0,0,3,2,30169,0,0,0,0,1
2020-04-27,US,Pennsylvania,Erie,82,2,0,41.99253829,-80.03301954,42049.0,80,77,0,0,77,79,272061,5,2,0,3,-2
2020-04-27,US,Pennsylvania,Fayette,79,4,0,39.92041012,-79.64291195,42051.0,75,79,4,0,75,79,130441,0,0,0,0,0
2020-04-27,US,Pennsylvania,Forest,7,0,0,41.51095103,-79.23229292,42053.0,7,7,0,0,7,7,7279,0,0,0,0,0
2020-04-27,US,Pennsylvania,Franklin,227,2,0,39.92956518,-77.72157791,42055.0,225,205,2,0,203,181,154835,22,0,0,22,24
2020-04-27,US,Pennsylvania,Fulton,3,0,0,39.92913544,-78.11163677,42057.0,3,3,0,0,3,3,14523,0,0,0,0,0
2020-04-27,US,Pennsylvania,Greene,25,0,0,39.85746531,-80.22357106,42059.0,25,25,0,0,25,25,36506,0,0,0,0,0
2020-04-27,US,Pennsylvania,Huntingdon,24,0,0,40.42162652,-77.97673273,42061.0,24,22,0,0,22,22,45168,2,0,0,2,0
2020-04-27,US,Pennsylvania,Indiana,63,4,0,40.65241041,-79.08963285,42063.0,59,63,4,0,59,63,84501,0,0,0,0,0
2020-04-27,US,Pennsylvania,Jefferson,4,0,0,41.12913106,-78.9986361,42065.0,4,4,0,0,4,4,43641,0,0,0,0,0
2020-04-27,US,Pennsylvania,Juniata,79,0,0,40.53358749,-77.39975129999998,42067.0,79,78,0,0,78,77,24704,1,0,0,1,1
2020-04-27,US,Pennsylvania,Lackawanna,833,63,0,41.43564672,-75.60379201,42069.0,770,793,63,0,730,772,210793,40,0,0,40,21
2020-04-27,US,Pennsylvania,Lancaster,1633,152,0,40.03904563,-76.24770128,42071.0,1481,1577,140,0,1437,1501,543557,56,12,0,44,76
2020-04-27,US,Pennsylvania,Lawrence,63,5,0,40.99206278,-80.33393706,42073.0,58,61,5,0,56,61,86184,2,0,0,2,0
2020-04-27,US,Pennsylvania,Lebanon,621,7,0,40.36680311,-76.45651841,42075.0,614,612,7,0,605,592,141314,9,0,0,9,20
2020-04-27,US,Pennsylvania,Lehigh,2636,56,0,40.6154815,-75.59435245,42077.0,2580,2601,51,0,2550,2551,368100,35,5,0,30,50
2020-04-27,US,Pennsylvania,Luzerne,2035,71,0,41.17823008,-75.98447579,42079.0,1964,2008,67,0,1941,1962,317646,27,4,0,23,46
2020-04-27,US,Pennsylvania,Lycoming,57,0,0,41.34310539,-77.06629984,42081.0,57,55,0,0,55,53,113664,2,0,0,2,2
2020-04-27,US,Pennsylvania,McKean,5,0,0,41.80938602,-78.56478358,42083.0,5,5,0,0,5,5,40968,0,0,0,0,0
2020-04-27,US,Pennsylvania,Mercer,65,1,0,41.30248872,-80.25816981,42085.0,64,65,1,0,64,64,110683,0,0,0,0,1
2020-04-27,US,Pennsylvania,Mifflin,30,0,0,40.61116939,-77.61070738,42087.0,30,27,0,0,27,26,46222,3,0,0,3,1
2020-04-27,US,Pennsylvania,Monroe,1083,46,0,41.05934058,-75.34031025,42089.0,1037,1065,45,0,1020,1054,169507,18,1,0,17,11
2020-04-27,US,Pennsylvania,Montgomery,3817,232,0,40.21053671,-75.36652296,42091.0,3585,3733,217,0,3516,3627,828604,84,15,0,69,106
2020-04-27,US,Pennsylvania,Montour,48,0,0,41.03023987,-76.66345939,42093.0,48,47,0,0,47,47,18240,1,0,0,1,0
2020-04-27,US,Pennsylvania,Northampton,1834,49,0,40.75182733,-75.30471829,42095.0,1785,1813,49,0,1764,1780,304807,21,0,0,21,33
2020-04-27,US,Pennsylvania,Northumberland,90,0,0,40.84785433,-76.70798222,42097.0,90,90,0,0,90,87,91083,0,0,0,0,3
2020-04-27,US,Pennsylvania,Perry,26,1,0,40.40206612,-77.26297447,42099.0,25,26,1,0,25,26,46139,0,0,0,0,0
2020-04-27,US,Pennsylvania,Philadelphia,12868,484,0,40.00338507,-75.1379271,42101.0,12384,12566,472,0,12094,11877,1584138,302,12,0,290,689
2020-04-27,US,Pennsylvania,Pike,352,12,0,41.33155042,-75.03208106,42103.0,340,349,12,0,337,347,55933,3,0,0,3,2
2020-04-27,US,Pennsylvania,Potter,4,0,0,41.74471626,-77.89559864,42105.0,4,4,0,0,4,4,16622,0,0,0,0,0
2020-04-27,US,Pennsylvania,Schuylkill,324,5,0,40.70497338,-76.2150785,42107.0,319,321,5,0,316,311,142067,3,0,0,3,10
2020-04-27,US,Pennsylvania,Snyder,33,1,0,40.77129231,-77.06840691,42109.0,32,33,1,0,32,32,40540,0,0,0,0,1
2020-04-27,US,Pennsylvania,Somerset,25,0,0,39.97172723,-79.02699593,42111.0,25,25,0,0,25,25,73952,0,0,0,0,0
2020-04-27,US,Pennsylvania,Sullivan,1,0,0,41.44634738,-76.51246591,42113.0,1,1,0,0,1,1,6071,0,0,0,0,0
2020-04-27,US,Pennsylvania,Susquehanna,81,4,0,41.82147784,-75.80071959,42115.0,77,79,4,0,75,77,40589,2,0,0,2,2
2020-04-27,US,Pennsylvania,Tioga,14,1,0,41.77255149,-77.25433032,42117.0,13,14,1,0,13,14,40763,0,0,0,0,0
2020-04-27,US,Pennsylvania,Union,31,0,0,40.96188846,-77.05996014,42119.0,31,31,0,0,31,31,44785,0,0,0,0,0
2020-04-27,US,Pennsylvania,Venango,7,0,0,41.40323442,-79.75845449,42121.0,7,7,0,0,7,7,51266,0,0,0,0,0
2020-04-27,US,Pennsylvania,Warren,1,0,0,41.81304978,-79.26969577,42123.0,1,1,0,0,1,1,39498,0,0,0,0,0
2020-04-27,US,Pennsylvania,Washington,107,2,0,40.19208869,-80.24582867,42125.0,105,101,2,0,99,99,207346,6,0,0,6,2
2020-04-27,US,Pennsylvania,Wayne,93,3,0,41.64938475,-75.29956506,42127.0,90,92,3,0,89,92,51276,1,0,0,1,0
2020-04-27,US,Pennsylvania,Westmoreland,377,19,0,40.31377979999999,-79.46615476,42129.0,358,374,19,0,355,360,350611,3,0,0,3,14
2020-04-27,US,Pennsylvania,Wyoming,18,2,0,41.51955538,-76.01074915,42131.0,16,17,2,0,15,17,27046,1,0,0,1,0
2020-04-27,US,Pennsylvania,York,606,9,0,39.9210089,-76.73040131,42133.0,597,593,8,0,585,578,448273,13,1,0,12,15
2020-04-27,US,Rhode Island,Bristol,115,0,0,41.71018079,-71.28652315,44001.0,115,111,0,0,111,107,48649,4,0,0,4,4
2020-04-27,US,Rhode Island,Kent,565,0,0,41.67106337,-71.57641596,44003.0,565,526,0,0,526,496,163861,39,0,0,39,30
2020-04-27,US,Rhode Island,Newport,138,0,0,41.5642026,-71.26569799,44005.0,138,135,0,0,135,130,82542,3,0,0,3,5
2020-04-27,US,Rhode Island,Providence,5427,0,0,41.87064746,-71.57753536,44007.0,5427,5266,0,0,5266,4916,636084,161,0,0,161,350
2020-04-27,US,Rhode Island,Unassigned,1160,233,0,0.0,0.0,90044.0,927,1109,226,0,883,1198,,51,7,0,44,-89
2020-04-27,US,Rhode Island,Washington,303,0,0,41.45961631,-71.61435303,44009.0,303,292,0,0,292,282,126179,11,0,0,11,10
2020-04-27,US,South Carolina,Abbeville,29,0,0,34.22333378,-82.46170658,45001.0,29,27,0,0,27,24,24541,2,0,0,2,3
2020-04-27,US,South Carolina,Aiken,92,6,0,33.54338026,-81.63645384,45003.0,86,89,6,0,83,89,169401,3,0,0,3,0
2020-04-27,US,South Carolina,Allendale,8,1,0,32.98837386,-81.35321066,45005.0,7,8,1,0,7,8,8903,0,0,0,0,0
2020-04-27,US,South Carolina,Anderson,149,6,0,34.51828081,-82.63959517,45007.0,143,145,6,0,139,138,200482,4,0,0,4,7
2020-04-27,US,South Carolina,Bamberg,8,0,0,33.21927586,-81.05659969,45009.0,8,8,0,0,8,7,14275,0,0,0,0,1
2020-04-27,US,South Carolina,Barnwell,15,0,0,33.26679302,-81.43584352,45011.0,15,15,0,0,15,14,21112,0,0,0,0,1
2020-04-27,US,South Carolina,Beaufort,254,10,0,32.39226291,-80.72619758,45013.0,244,255,10,0,245,253,188715,-1,0,0,-1,2
2020-04-27,US,South Carolina,Berkeley,171,8,0,33.20222596,-79.94654523,45015.0,163,181,8,0,173,181,221091,-10,0,0,-10,0
2020-04-27,US,South Carolina,Calhoun,6,1,0,33.66926881,-80.77722168,45017.0,5,6,1,0,5,6,14520,0,0,0,0,0
2020-04-27,US,South Carolina,Charleston,435,6,0,32.82487866,-79.96512315,45019.0,429,436,6,0,430,424,405905,-1,0,0,-1,12
2020-04-27,US,South Carolina,Cherokee,15,0,0,35.05122251,-81.61828622,45021.0,15,14,0,0,14,14,57078,1,0,0,1,0
2020-04-27,US,South Carolina,Chester,27,0,0,34.69249168,-81.1583216,45023.0,27,27,0,0,27,27,32251,0,0,0,0,0
2020-04-27,US,South Carolina,Chesterfield,46,0,0,34.64137396,-80.15640140000002,45025.0,46,44,0,0,44,44,45754,2,0,0,2,0
2020-04-27,US,South Carolina,Clarendon,185,12,0,33.66610974,-80.21647898,45027.0,173,181,11,0,170,172,33700,4,1,0,3,9
2020-04-27,US,South Carolina,Colleton,26,4,0,32.87582989,-80.67641292,45029.0,22,26,4,0,22,26,37660,0,0,0,0,0
2020-04-27,US,South Carolina,Darlington,107,1,0,34.33358335,-79.96027485,45031.0,106,104,1,0,103,103,66802,3,0,0,3,1
2020-04-27,US,South Carolina,Dillon,44,0,0,34.39007791,-79.37741872,45033.0,44,41,0,0,41,35,30599,3,0,0,3,6
2020-04-27,US,South Carolina,Dorchester,92,2,0,33.0794369,-80.40502652,45035.0,90,90,2,0,88,86,160647,2,0,0,2,4
2020-04-27,US,South Carolina,Edgefield,25,1,0,33.77221995,-81.96231108,45037.0,24,24,1,0,23,23,27052,1,0,0,1,1
2020-04-27,US,South Carolina,Fairfield,33,2,0,34.39287073,-81.1195624,45039.0,31,33,2,0,31,29,22402,0,0,0,0,4
2020-04-27,US,South Carolina,Florence,268,10,0,34.02361754,-79.70189312,45041.0,258,265,9,0,256,242,138159,3,1,0,2,23
2020-04-27,US,South Carolina,Georgetown,39,2,0,33.43443342,-79.33202141,45043.0,37,39,2,0,37,39,62249,0,0,0,0,0
2020-04-27,US,South Carolina,Greenville,649,20,0,34.89502264,-82.37295012,45045.0,629,609,19,0,590,564,514213,40,1,0,39,45
2020-04-27,US,South Carolina,Greenwood,45,0,0,34.15272415,-82.12715789,45047.0,45,44,0,0,44,43,70741,1,0,0,1,1
2020-04-27,US,South Carolina,Hampton,22,0,0,32.77419582,-81.13845571,45049.0,22,21,0,0,21,21,19351,1,0,0,1,0
2020-04-27,US,South Carolina,Horry,209,12,0,33.9212828,-78.99555293,45051.0,197,203,12,0,191,201,344147,6,0,0,6,2
2020-04-27,US,South Carolina,Jasper,19,1,0,32.43171982,-81.02487495,45053.0,18,19,1,0,18,17,28971,0,0,0,0,2
2020-04-27,US,South Carolina,Kershaw,223,10,0,34.33988254,-80.58763164,45055.0,213,218,10,0,208,215,65592,5,0,0,5,3
2020-04-27,US,South Carolina,Lancaster,88,3,0,34.68270843,-80.70513032,45057.0,85,87,3,0,84,85,95380,1,0,0,1,2
2020-04-27,US,South Carolina,Laurens,35,1,0,34.48244419,-82.00490796,45059.0,34,29,1,0,28,22,66994,6,0,0,6,7
2020-04-27,US,South Carolina,Lee,55,6,0,34.16393091,-80.25690731,45061.0,49,51,6,0,45,51,17142,4,0,0,4,0
2020-04-27,US,South Carolina,Lexington,334,12,0,33.89665987,-81.27146426,45063.0,322,329,12,0,317,317,295032,5,0,0,5,12
2020-04-27,US,South Carolina,Marion,33,1,0,34.07859748,-79.36400756,45067.0,32,32,1,0,31,29,31039,1,0,0,1,3
2020-04-27,US,South Carolina,Marlboro,41,0,0,34.59905577,-79.67561152,45069.0,41,40,0,0,40,38,26398,1,0,0,1,2
2020-04-27,US,South Carolina,McCormick,6,1,0,33.90161443,-82.30794338,45065.0,5,6,1,0,5,6,9410,0,0,0,0,0
2020-04-27,US,South Carolina,Newberry,23,1,0,34.28629098,-81.59935761,45071.0,22,23,1,0,22,22,38520,0,0,0,0,1
2020-04-27,US,South Carolina,Oconee,24,0,0,34.75225169,-83.06742317,45073.0,24,22,0,0,22,20,78374,2,0,0,2,2
2020-04-27,US,South Carolina,Orangeburg,60,1,0,33.4391073,-80.79886287,45075.0,59,61,1,0,60,56,86934,-1,0,0,-1,5
2020-04-27,US,South Carolina,Pickens,53,0,0,34.88807695,-82.72791551,45077.0,53,49,0,0,49,44,124937,4,0,0,4,5
2020-04-27,US,South Carolina,Richland,840,19,0,34.01791263,-80.90267209,45079.0,821,837,19,0,818,787,414576,3,0,0,3,50
2020-04-27,US,South Carolina,Saluda,40,0,0,34.00795823,-81.72713237,45081.0,40,35,0,0,35,28,20544,5,0,0,5,7
2020-04-27,US,South Carolina,Spartanburg,255,8,0,34.92960077,-81.99225984,45083.0,247,249,8,0,241,243,313888,6,0,0,6,6
2020-04-27,US,South Carolina,Sumter,215,6,0,33.91826534,-80.37942316,45085.0,209,214,6,0,208,213,106512,1,0,0,1,1
2020-04-27,US,South Carolina,Union,25,0,0,34.68835752,-81.61730349,45087.0,25,25,0,0,25,25,27410,0,0,0,0,0
2020-04-27,US,South Carolina,Williamsburg,59,0,0,33.62190129,-79.72767442,45089.0,59,56,0,0,56,45,30606,3,0,0,3,11
2020-04-27,US,South Carolina,York,186,3,0,34.97281497,-81.18085944,45091.0,183,181,3,0,178,177,274118,5,0,0,5,4
2020-04-27,US,South Dakota,Aurora,1,0,0,43.71757685,-98.56050467,46003.0,1,1,0,0,1,1,2801,0,0,0,0,0
2020-04-27,US,South Dakota,Beadle,21,2,0,44.41464384,-98.27858469,46005.0,19,21,2,0,19,21,18883,0,0,0,0,0
2020-04-27,US,South Dakota,Bon Homme,4,0,0,42.98914167,-97.88592746,46009.0,4,4,0,0,4,4,6980,0,0,0,0,0
2020-04-27,US,South Dakota,Brookings,12,0,0,44.36974375,-96.79079945,46011.0,12,11,0,0,11,11,35232,1,0,0,1,0
2020-04-27,US,South Dakota,Brown,30,0,0,45.58994323,-98.35165355,46013.0,30,30,0,0,30,30,39316,0,0,0,0,0
2020-04-27,US,South Dakota,Charles Mix,4,0,0,43.20660134,-98.58856175,46023.0,4,4,0,0,4,4,9338,0,0,0,0,0
2020-04-27,US,South Dakota,Clark,1,0,0,44.85834507,-97.72925109,46025.0,1,1,0,0,1,1,3739,0,0,0,0,0
2020-04-27,US,South Dakota,Clay,5,0,0,42.91296147,-96.97656917,46027.0,5,5,0,0,5,5,14041,0,0,0,0,0
2020-04-27,US,South Dakota,Codington,14,0,0,44.97788119,-97.18827677,46029.0,14,14,0,0,14,14,28015,0,0,0,0,0
2020-04-27,US,South Dakota,Corson,1,0,0,45.70889983,-101.1970473,46031.0,1,1,0,0,1,1,4165,0,0,0,0,0
2020-04-27,US,South Dakota,Davison,5,0,0,43.67490933,-98.14458906,46035.0,5,5,0,0,5,5,19790,0,0,0,0,0
2020-04-27,US,South Dakota,Deuel,1,0,0,44.75994309,-96.66943645,46039.0,1,1,0,0,1,1,4337,0,0,0,0,0
2020-04-27,US,South Dakota,Fall River,1,0,0,43.23929297,-103.5275691,46047.0,1,1,0,0,1,1,6758,0,0,0,0,0
2020-04-27,US,South Dakota,Faulk,1,0,0,45.07082625,-99.14535601,46049.0,1,1,0,0,1,1,2330,0,0,0,0,0
2020-04-27,US,South Dakota,Hamlin,2,0,0,44.67385954,-97.18829593,46057.0,2,2,0,0,2,2,6111,0,0,0,0,0
2020-04-27,US,South Dakota,Hand,1,0,0,44.54708407,-99.00386459,46059.0,1,1,0,0,1,,3262,0,0,0,0,
2020-04-27,US,South Dakota,Hughes,7,0,0,44.39091534,-99.99661148,46065.0,7,7,0,0,7,7,17650,0,0,0,0,0
2020-04-27,US,South Dakota,Hutchinson,3,0,0,43.33449012,-97.75536441,46067.0,3,3,0,0,3,2,7380,0,0,0,0,1
2020-04-27,US,South Dakota,Hyde,1,0,0,44.54747703,-99.48572582,46069.0,1,1,0,0,1,1,1282,0,0,0,0,0
2020-04-27,US,South Dakota,Jerauld,6,1,0,44.06637798,-98.62965972,46073.0,5,6,1,0,5,6,2043,0,0,0,0,0
2020-04-27,US,South Dakota,Lake,4,0,0,44.02193107,-97.12926365,46079.0,4,4,0,0,4,4,13057,0,0,0,0,0
2020-04-27,US,South Dakota,Lawrence,9,0,0,44.35919441,-103.79294279999999,46081.0,9,9,0,0,9,9,25741,0,0,0,0,0
2020-04-27,US,South Dakota,Lincoln,131,0,0,43.27841182,-96.72039050000001,46083.0,131,128,0,0,128,125,58807,3,0,0,3,3
2020-04-27,US,South Dakota,Lyman,2,0,0,43.89522709,-99.85201878,46085.0,2,2,0,0,2,2,3821,0,0,0,0,0
2020-04-27,US,South Dakota,Marshall,1,0,0,45.75870838,-97.59855639,46091.0,1,1,0,0,1,1,5112,0,0,0,0,0
2020-04-27,US,South Dakota,McCook,4,1,0,43.6742571,-97.36863144,46087.0,3,4,1,0,3,4,5546,0,0,0,0,0
2020-04-27,US,South Dakota,McPherson,1,0,0,45.76626028,-99.22118798,46089.0,1,1,0,0,1,1,2407,0,0,0,0,0
2020-04-27,US,South Dakota,Meade,1,0,0,44.56676791,-102.71627409999999,46093.0,1,1,0,0,1,1,28294,0,0,0,0,0
2020-04-27,US,South Dakota,Miner,1,0,0,44.02197882,-97.60992207,46097.0,1,1,0,0,1,1,2213,0,0,0,0,0
2020-04-27,US,South Dakota,Minnehaha,1880,6,0,43.67441641,-96.7910885,46099.0,1874,1854,6,0,1848,1796,192876,26,0,0,26,58
2020-04-27,US,South Dakota,Moody,3,0,0,44.02266214,-96.67081159,46101.0,3,3,0,0,3,2,6579,0,0,0,0,1
2020-04-27,US,South Dakota,Oglala Lakota,1,0,0,43.33749164,-102.55554980000001,46102.0,1,1,0,0,1,1,14309,0,0,0,0,0
2020-04-27,US,South Dakota,Pennington,12,1,0,44.0025835,-102.8240777,46103.0,11,12,1,0,11,11,111729,0,0,0,0,1
2020-04-27,US,South Dakota,Roberts,4,0,0,45.62975048,-96.94672673,46109.0,4,4,0,0,4,4,10447,0,0,0,0,0
2020-04-27,US,South Dakota,Sanborn,3,0,0,44.02351092,-98.09098159999999,46111.0,3,3,0,0,3,3,2429,0,0,0,0,0
2020-04-27,US,South Dakota,Spink,3,0,0,44.93837606,-98.34626602,46115.0,3,3,0,0,3,3,6495,0,0,0,0,0
2020-04-27,US,South Dakota,Stanley,2,0,0,44.41381872,-100.7349153,46117.0,2,1,0,0,1,1,3022,1,0,0,1,0
2020-04-27,US,South Dakota,Sully,1,0,0,44.71571812,-100.1278092,46119.0,1,1,0,0,1,1,1392,0,0,0,0,0
2020-04-27,US,South Dakota,Todd,1,0,0,43.19338568,-100.71955030000001,46121.0,1,1,0,0,1,1,10283,0,0,0,0,0
2020-04-27,US,South Dakota,Turner,15,0,0,43.3109081,-97.14865776,46125.0,15,15,0,0,15,15,8424,0,0,0,0,0
2020-04-27,US,South Dakota,Union,12,0,0,42.83112163,-96.6557828,46127.0,12,12,0,0,12,12,15619,0,0,0,0,0
2020-04-27,US,South Dakota,Walworth,5,0,0,45.43019636,-100.03075140000001,46129.0,5,5,0,0,5,5,5587,0,0,0,0,0
2020-04-27,US,South Dakota,Yankton,27,0,0,43.00924485,-97.39467635,46135.0,27,26,0,0,26,26,22869,1,0,0,1,0
2020-04-27,US,Tennessee,Anderson,24,1,0,36.12684348,-84.19965764,47001.0,23,25,1,0,24,24,76482,-1,0,0,-1,1
2020-04-27,US,Tennessee,Bedford,165,2,0,35.51123746,-86.45549096,47003.0,163,159,2,0,157,150,49038,6,0,0,6,9
2020-04-27,US,Tennessee,Benton,6,1,0,36.07110411,-88.06849355,47005.0,5,6,1,0,5,6,16184,0,0,0,0,0
2020-04-27,US,Tennessee,Bledsoe,588,0,0,35.59942968,-85.20611967,47007.0,588,588,0,0,588,586,14755,0,0,0,0,2
2020-04-27,US,Tennessee,Blount,54,3,0,35.68938198,-83.92847788,47009.0,51,53,3,0,50,53,131349,1,0,0,1,0
2020-04-27,US,Tennessee,Bradley,45,1,0,35.15739424,-84.857186,47011.0,44,43,1,0,42,41,106727,2,0,0,2,2
2020-04-27,US,Tennessee,Campbell,14,1,0,36.40355516,-84.15108559999999,47013.0,13,14,1,0,13,13,39583,0,0,0,0,1
2020-04-27,US,Tennessee,Cannon,11,0,0,35.80990797,-86.05738983,47015.0,11,10,0,0,10,10,14462,1,0,0,1,0
2020-04-27,US,Tennessee,Carroll,16,1,0,35.97366108,-88.45189331,47017.0,15,16,1,0,15,16,28020,0,0,0,0,0
2020-04-27,US,Tennessee,Carter,12,1,0,36.28969086,-82.12588974,47019.0,11,12,1,0,11,10,56351,0,0,0,0,2
2020-04-27,US,Tennessee,Cheatham,39,0,0,36.26136216,-87.08903581,47021.0,39,36,0,0,36,36,40439,3,0,0,3,0
2020-04-27,US,Tennessee,Chester,10,0,0,35.42527478,-88.6095842,47023.0,10,10,0,0,10,10,17276,0,0,0,0,0
2020-04-27,US,Tennessee,Claiborne,5,0,0,36.48319149,-83.65947309,47025.0,5,5,0,0,5,5,31756,0,0,0,0,0
2020-04-27,US,Tennessee,Clay,5,0,0,36.55151008,-85.53930419,47027.0,5,5,0,0,5,5,7717,0,0,0,0,0
2020-04-27,US,Tennessee,Cocke,14,0,0,35.9278914,-83.11828725,47029.0,14,14,0,0,14,14,35774,0,0,0,0,0
2020-04-27,US,Tennessee,Coffee,33,0,0,35.49090731,-86.07311784,47031.0,33,32,0,0,32,31,55700,1,0,0,1,1
2020-04-27,US,Tennessee,Crockett,6,0,0,35.81830662,-89.14916269,47033.0,6,7,0,0,7,7,14328,-1,0,0,-1,0
2020-04-27,US,Tennessee,Cumberland,68,0,0,35.95271721,-84.99840585,47035.0,68,67,0,0,67,66,59673,1,0,0,1,1
2020-04-27,US,Tennessee,Davidson,2338,25,0,36.17007426,-86.78646056,47037.0,2313,2236,23,0,2213,2136,692587,102,2,0,100,100
2020-04-27,US,Tennessee,DeKalb,14,0,0,35.97616272,-85.83689361,47041.0,14,13,0,0,13,11,20138,1,0,0,1,2
2020-04-27,US,Tennessee,Decatur,4,0,0,35.60048904,-88.11043779,47039.0,4,4,0,0,4,4,11706,0,0,0,0,0
2020-04-27,US,Tennessee,Dickson,70,0,0,36.14669837,-87.35891709,47043.0,70,66,0,0,66,64,53446,4,0,0,4,2
2020-04-27,US,Tennessee,Dyer,32,0,0,36.05931946,-89.41542855,47045.0,32,31,0,0,31,31,37320,1,0,0,1,0
2020-04-27,US,Tennessee,Fayette,52,1,0,35.19615831,-89.41399032,47047.0,51,52,1,0,51,51,40507,0,0,0,0,1
2020-04-27,US,Tennessee,Fentress,4,0,0,36.38128818,-84.92870012,47049.0,4,4,0,0,4,4,18217,0,0,0,0,0
2020-04-27,US,Tennessee,Franklin,29,1,0,35.15634626,-86.09201039,47051.0,28,29,1,0,28,29,41890,0,0,0,0,0
2020-04-27,US,Tennessee,Gibson,41,1,0,35.99438059,-88.93358327,47053.0,40,38,1,0,37,35,49045,3,0,0,3,3
2020-04-27,US,Tennessee,Giles,5,0,0,35.20222469,-87.03992678,47055.0,5,5,0,0,5,5,29503,0,0,0,0,0
2020-04-27,US,Tennessee,Grainger,6,0,0,36.27469206,-83.51254721,47057.0,6,4,0,0,4,4,23145,2,0,0,2,0
2020-04-27,US,Tennessee,Greene,41,2,0,36.17470125,-82.84691273,47059.0,39,41,2,0,39,41,69087,0,0,0,0,0
2020-04-27,US,Tennessee,Grundy,28,1,0,35.38433717,-85.72142731,47061.0,27,28,1,0,27,28,13346,0,0,0,0,0
2020-04-27,US,Tennessee,Hamblen,16,2,0,36.21990035,-83.26586179,47063.0,14,15,2,0,13,14,64569,1,0,0,1,1
2020-04-27,US,Tennessee,Hamilton,146,13,0,35.17670231,-85.16652245,47065.0,133,141,13,0,128,140,364286,5,0,0,5,1
2020-04-27,US,Tennessee,Hardeman,11,0,0,35.20772017,-88.99161161,47069.0,11,11,0,0,11,11,25220,0,0,0,0,0
2020-04-27,US,Tennessee,Hardin,5,0,0,35.19732531,-88.18593755,47071.0,5,5,0,0,5,5,25776,0,0,0,0,0
2020-04-27,US,Tennessee,Hawkins,29,2,0,36.44355426,-82.94885298,47073.0,27,29,2,0,27,29,56530,0,0,0,0,0
2020-04-27,US,Tennessee,Haywood,19,1,0,35.58332824,-89.28536625,47075.0,18,18,1,0,17,17,17335,1,0,0,1,1
2020-04-27,US,Tennessee,Henderson,6,0,0,35.65581134,-88.38600175,47077.0,6,6,0,0,6,5,27847,0,0,0,0,1
2020-04-27,US,Tennessee,Henry,11,0,0,36.33160906,-88.30121797,47079.0,11,11,0,0,11,11,32358,0,0,0,0,0
2020-04-27,US,Tennessee,Hickman,42,0,0,35.80609681,-87.47643507,47081.0,42,41,0,0,41,40,25063,1,0,0,1,1
2020-04-27,US,Tennessee,Houston,4,0,0,36.28872054,-87.71878828,47083.0,4,4,0,0,4,4,8263,0,0,0,0,0
2020-04-27,US,Tennessee,Humphreys,10,1,0,36.03958805,-87.77992872,47085.0,9,9,1,0,8,9,18486,1,0,0,1,0
2020-04-27,US,Tennessee,Jackson,7,0,0,36.36380466,-85.67239905,47087.0,7,7,0,0,7,7,11758,0,0,0,0,0
2020-04-27,US,Tennessee,Jefferson,18,0,0,36.04818632,-83.45148924,47089.0,18,18,0,0,18,17,54012,0,0,0,0,1
2020-04-27,US,Tennessee,Johnson,3,0,0,36.45523950000001,-81.84886538,47091.0,3,2,0,0,2,2,17778,1,0,0,1,0
2020-04-27,US,Tennessee,Knox,214,4,0,35.99508821,-83.94635435,47093.0,210,210,4,0,206,210,465289,4,0,0,4,0
2020-04-27,US,Tennessee,Lake,49,0,0,36.34180170000001,-89.48921915,47095.0,49,48,0,0,48,48,7411,1,0,0,1,0
2020-04-27,US,Tennessee,Lauderdale,17,0,0,35.75893438,-89.63015909999999,47097.0,17,18,0,0,18,16,25825,-1,0,0,-1,2
2020-04-27,US,Tennessee,Lawrence,17,0,0,35.21675201,-87.39787695,47099.0,17,16,0,0,16,16,43734,1,0,0,1,0
2020-04-27,US,Tennessee,Lewis,2,0,0,35.52853208,-87.49022694,47101.0,2,2,0,0,2,2,12086,0,0,0,0,0
2020-04-27,US,Tennessee,Lincoln,12,0,0,35.13738622,-86.58910106,47103.0,12,12,0,0,12,12,34117,0,0,0,0,0
2020-04-27,US,Tennessee,Loudon,27,0,0,35.73939663,-84.31145275,47105.0,27,27,0,0,27,25,53054,0,0,0,0,2
2020-04-27,US,Tennessee,Macon,39,3,0,36.53157855,-86.00778595,47111.0,36,38,3,0,35,37,24265,1,0,0,1,1
2020-04-27,US,Tennessee,Madison,104,1,0,35.61181957,-88.84076036,47113.0,103,101,1,0,100,99,97605,3,0,0,3,2
2020-04-27,US,Tennessee,Marion,28,1,0,35.12997174,-85.62265895,47115.0,27,28,1,0,27,28,28575,0,0,0,0,0
2020-04-27,US,Tennessee,Marshall,22,1,0,35.45798777,-86.76420988,47117.0,21,22,1,0,21,22,33683,0,0,0,0,0
2020-04-27,US,Tennessee,Maury,41,0,0,35.618741299999996,-87.07462444,47119.0,41,40,0,0,40,38,94340,1,0,0,1,2
2020-04-27,US,Tennessee,McMinn,65,0,0,35.42812616,-84.61520715,47107.0,65,14,0,0,14,10,53285,51,0,0,51,4
2020-04-27,US,Tennessee,McNairy,11,0,0,35.17468549,-88.5647812,47109.0,11,11,0,0,11,11,25832,0,0,0,0,0
2020-04-27,US,Tennessee,Meigs,6,0,0,35.51558739,-84.81482914,47121.0,6,6,0,0,6,5,12306,0,0,0,0,1
2020-04-27,US,Tennessee,Monroe,15,1,0,35.44550387,-84.24902965,47123.0,14,13,1,0,12,12,46357,2,0,0,2,1
2020-04-27,US,Tennessee,Montgomery,138,2,0,36.49609412,-87.38550661,47125.0,136,136,2,0,134,134,205950,2,0,0,2,2
2020-04-27,US,Tennessee,Moore,3,0,0,35.27724699,-86.36230578,47127.0,3,3,0,0,3,3,6411,0,0,0,0,0
2020-04-27,US,Tennessee,Morgan,6,0,0,36.13248031,-84.64880098,47129.0,6,6,0,0,6,6,21579,0,0,0,0,0
2020-04-27,US,Tennessee,Obion,12,1,0,36.35732446,-89.14921589,47131.0,11,12,1,0,11,12,30267,0,0,0,0,0
2020-04-27,US,Tennessee,Out of TN,283,3,0,0.0,0.0,80047.0,280,332,2,0,330,307,,-49,1,0,-50,25
2020-04-27,US,Tennessee,Overton,8,0,0,36.34117832,-85.28989535,47133.0,8,7,0,0,7,7,22068,1,0,0,1,0
2020-04-27,US,Tennessee,Perry,8,0,0,35.63708728,-87.86139634,47135.0,8,8,0,0,8,8,8064,0,0,0,0,0
2020-04-27,US,Tennessee,Polk,7,0,0,35.12245443,-84.52075859,47139.0,7,7,0,0,7,6,16898,0,0,0,0,1
2020-04-27,US,Tennessee,Putnam,114,5,0,36.14005459,-85.50646123,47141.0,109,109,5,0,104,106,78843,5,0,0,5,3
2020-04-27,US,Tennessee,Rhea,3,0,0,35.60536161,-84.93076643,47143.0,3,3,0,0,3,3,33044,0,0,0,0,0
2020-04-27,US,Tennessee,Roane,7,0,0,35.84923189,-84.52458689,47145.0,7,7,0,0,7,7,53140,0,0,0,0,0
2020-04-27,US,Tennessee,Robertson,138,0,0,36.52454807,-86.87346725,47147.0,138,136,0,0,136,127,71012,2,0,0,2,9
2020-04-27,US,Tennessee,Rutherford,423,9,0,35.84591405,-86.4107263,47149.0,414,405,9,0,396,387,324890,18,0,0,18,18
2020-04-27,US,Tennessee,Scott,11,0,0,36.42325673,-84.50360494,47151.0,11,11,0,0,11,11,22039,0,0,0,0,0
2020-04-27,US,Tennessee,Sequatchie,5,0,0,35.36979721,-85.41022136,47153.0,5,5,0,0,5,4,14876,0,0,0,0,1
2020-04-27,US,Tennessee,Sevier,46,1,0,35.78077323,-83.52244332,47155.0,45,45,1,0,44,42,97892,1,0,0,1,3
2020-04-27,US,Tennessee,Shelby,2327,44,0,35.1864775,-89.89692423,47157.0,2283,2296,44,0,2252,2086,935764,31,0,0,31,210
2020-04-27,US,Tennessee,Smith,19,1,0,36.25359775,-85.95411046,47159.0,18,19,1,0,18,19,19942,0,0,0,0,0
2020-04-27,US,Tennessee,Stewart,7,0,0,36.50235092,-87.83920548,47161.0,7,7,0,0,7,6,13561,0,0,0,0,1
2020-04-27,US,Tennessee,Sullivan,47,1,0,36.51240691,-82.30412917,47163.0,46,47,1,0,46,48,157668,0,0,0,0,-1
2020-04-27,US,Tennessee,Sumner,603,34,0,36.46824103,-86.45917204,47165.0,569,593,34,0,559,584,187149,10,0,0,10,9
2020-04-27,US,Tennessee,Tipton,95,0,0,35.501942,-89.73694895,47167.0,95,94,0,0,94,91,61581,1,0,0,1,3
2020-04-27,US,Tennessee,Trousdale,48,1,0,36.39026213,-86.16087954,47169.0,47,48,1,0,47,47,11012,0,0,0,0,1
2020-04-27,US,Tennessee,Unassigned,49,0,0,0.0,0.0,90047.0,49,37,0,0,37,48,,12,0,0,12,-11
2020-04-27,US,Tennessee,Unicoi,1,0,0,36.10890856,-82.43709629,47171.0,1,1,0,0,1,1,17761,0,0,0,0,0
2020-04-27,US,Tennessee,Union,3,0,0,36.28590426,-83.83651902,47173.0,3,3,0,0,3,3,19688,0,0,0,0,0
2020-04-27,US,Tennessee,Van Buren,2,0,0,35.69864497,-85.45221699,47175.0,2,2,0,0,2,2,5765,0,0,0,0,0
2020-04-27,US,Tennessee,Warren,7,0,0,35.672829899999996,-85.77969117,47177.0,7,5,0,0,5,5,40878,2,0,0,2,0
2020-04-27,US,Tennessee,Washington,54,0,0,36.29472368,-82.49454720000001,47179.0,54,52,0,0,52,49,128607,2,0,0,2,3
2020-04-27,US,Tennessee,Wayne,2,0,0,35.23868267,-87.78644456,47181.0,2,2,0,0,2,2,16558,0,0,0,0,0
2020-04-27,US,Tennessee,Weakley,18,0,0,36.29896232,-88.71990865,47183.0,18,19,0,0,19,16,33415,-1,0,0,-1,3
2020-04-27,US,Tennessee,White,4,0,0,35.92929884,-85.45591799,47185.0,4,4,0,0,4,4,27107,0,0,0,0,0
2020-04-27,US,Tennessee,Williamson,399,7,0,35.89099229,-86.89281867,47187.0,392,397,7,0,390,381,231729,2,0,0,2,16
2020-04-27,US,Tennessee,Wilson,246,3,0,36.15496772,-86.29775884,47189.0,243,233,3,0,230,199,140625,13,0,0,13,34
2020-04-27,US,Texas,Anderson,23,0,0,31.81534745,-95.65354823,48001.0,23,19,0,0,19,18,58057,4,0,0,4,1
2020-04-27,US,Texas,Andrews,19,0,0,32.30468633,-102.63765479999999,48003.0,19,19,0,0,19,19,18128,0,0,0,0,0
2020-04-27,US,Texas,Angelina,36,0,0,31.25457347,-94.60901487,48005.0,36,36,0,0,36,36,87092,0,0,0,0,0
2020-04-27,US,Texas,Aransas,2,0,0,28.10556197,-96.9995047,48007.0,2,2,0,0,2,2,23792,0,0,0,0,0
2020-04-27,US,Texas,Armstrong,2,0,0,34.96507426,-101.35748740000001,48011.0,2,2,0,0,2,2,1892,0,0,0,0,0
2020-04-27,US,Texas,Atascosa,14,1,0,28.89333001,-98.52730485,48013.0,13,14,1,0,13,14,50310,0,0,0,0,0
2020-04-27,US,Texas,Austin,12,0,0,29.88548725,-96.27736949,48015.0,12,12,0,0,12,12,29989,0,0,0,0,0
2020-04-27,US,Texas,Bandera,6,0,0,29.74619598,-99.24598147,48019.0,6,6,0,0,6,4,22824,0,0,0,0,2
2020-04-27,US,Texas,Bastrop,59,2,0,30.10370699,-97.31206354,48021.0,57,58,2,0,56,57,86976,1,0,0,1,1
2020-04-27,US,Texas,Bee,6,0,0,28.41761668,-97.74215593,48025.0,6,6,0,0,6,6,32587,0,0,0,0,0
2020-04-27,US,Texas,Bell,165,3,0,31.03736027,-97.4785025,48027.0,162,165,3,0,162,165,355642,0,0,0,0,0
2020-04-27,US,Texas,Bexar,1334,43,0,29.44928723,-98.52019748,48029.0,1291,1334,43,0,1291,1334,1986049,0,0,0,0,0
2020-04-27,US,Texas,Blanco,6,0,0,30.26640707,-98.3999852,48031.0,6,6,0,0,6,6,11702,0,0,0,0,0
2020-04-27,US,Texas,Bosque,4,0,0,31.89978581,-97.63613524,48035.0,4,4,0,0,4,3,18691,0,0,0,0,1
2020-04-27,US,Texas,Bowie,68,1,0,33.44626922,-94.41834132,48037.0,67,68,1,0,67,67,94324,0,0,0,0,1
2020-04-27,US,Texas,Brazoria,449,3,0,29.18757369,-95.44563172,48039.0,446,445,3,0,442,417,370200,4,0,0,4,28
2020-04-27,US,Texas,Brazos,182,16,0,30.663644800000004,-96.30205577,48041.0,166,181,16,0,165,181,226758,1,0,0,1,0
2020-04-27,US,Texas,Brooks,1,0,0,27.03103197,-98.21808402,48047.0,1,1,0,0,1,1,7114,0,0,0,0,0
2020-04-27,US,Texas,Brown,28,2,0,31.77430356,-98.99907113,48049.0,26,17,1,0,16,17,37924,11,1,0,10,0
2020-04-27,US,Texas,Burleson,11,0,0,30.49273808,-96.62158484,48051.0,11,11,0,0,11,11,18389,0,0,0,0,0
2020-04-27,US,Texas,Burnet,15,0,0,30.78801353,-98.181887,48053.0,15,14,0,0,14,14,47542,1,0,0,1,0
2020-04-27,US,Texas,Caldwell,11,0,0,29.83668859,-97.61814775,48055.0,11,11,0,0,11,10,43247,0,0,0,0,1
2020-04-27,US,Texas,Calhoun,29,2,0,28.47048236,-96.61633945,48057.0,27,26,2,0,24,26,21561,3,0,0,3,0
2020-04-27,US,Texas,Callahan,1,0,0,32.29760619,-99.37326312,48059.0,1,1,0,0,1,1,13994,0,0,0,0,0
2020-04-27,US,Texas,Cameron,366,14,0,26.14524221,-97.48140372,48061.0,352,366,14,0,352,354,423908,0,0,0,0,12
2020-04-27,US,Texas,Camp,6,0,0,32.97195142,-94.97790104,48063.0,6,6,0,0,6,6,13033,0,0,0,0,0
2020-04-27,US,Texas,Carson,1,0,0,35.40365929,-101.35426690000001,48065.0,1,1,0,0,1,1,6005,0,0,0,0,0
2020-04-27,US,Texas,Cass,13,0,0,33.07499881,-94.34646905,48067.0,13,13,0,0,13,13,30119,0,0,0,0,0
2020-04-27,US,Texas,Castro,13,1,0,34.53016752,-102.2617243,48069.0,12,13,1,0,12,13,7665,0,0,0,0,0
2020-04-27,US,Texas,Chambers,41,0,0,29.70972016,-94.67154501,48071.0,41,41,0,0,41,41,42454,0,0,0,0,0
2020-04-27,US,Texas,Cherokee,12,1,0,31.837258000000002,-95.16559897,48073.0,11,12,1,0,11,12,52592,0,0,0,0,0
2020-04-27,US,Texas,Childress,1,0,0,34.529304100000004,-100.2077916,48075.0,1,1,0,0,1,1,7291,0,0,0,0,0
2020-04-27,US,Texas,Clay,3,0,0,33.78686685,-98.20771198,48077.0,3,3,0,0,3,3,10456,0,0,0,0,0
2020-04-27,US,Texas,Cochran,1,0,0,33.60425307,-102.82844990000001,48079.0,1,1,0,0,1,1,2836,0,0,0,0,0
2020-04-27,US,Texas,Coleman,1,0,0,31.76736834,-99.45240766,48083.0,1,1,0,0,1,1,8397,0,0,0,0,0
2020-04-27,US,Texas,Collin,663,17,0,33.18820114,-96.57264368,48085.0,646,654,16,0,638,639,1005146,9,1,0,8,15
2020-04-27,US,Texas,Colorado,10,0,0,29.622097999999998,-96.5273805,48089.0,10,10,0,0,10,10,21217,0,0,0,0,0
2020-04-27,US,Texas,Comal,48,6,0,29.80811278,-98.27647225,48091.0,42,48,6,0,42,48,148373,0,0,0,0,0
2020-04-27,US,Texas,Comanche,4,0,0,31.94854689,-98.55876441,48093.0,4,4,0,0,4,4,13534,0,0,0,0,0
2020-04-27,US,Texas,Concho,1,0,0,31.32635934,-99.86473038,48095.0,1,1,0,0,1,1,4276,0,0,0,0,0
2020-04-27,US,Texas,Cooke,4,0,0,33.63979567,-97.21240912,48097.0,4,4,0,0,4,4,40574,0,0,0,0,0
2020-04-27,US,Texas,Coryell,105,1,0,31.39078397,-97.79936155,48099.0,104,105,1,0,104,104,74808,0,0,0,0,1
2020-04-27,US,Texas,Cottle,1,0,0,34.07783319,-100.27850620000001,48101.0,1,,,,,,1389,,,,,
2020-04-27,US,Texas,Crane,2,0,0,31.43052248,-102.5143314,48103.0,2,2,0,0,2,2,4794,0,0,0,0,0
2020-04-27,US,Texas,Crosby,2,1,0,33.61431553,-101.30003640000001,48107.0,1,2,1,0,1,2,5779,0,0,0,0,0
2020-04-27,US,Texas,Dallam,8,1,0,36.27787176,-102.60207249999999,48111.0,7,8,1,0,7,8,7200,0,0,0,0,0
2020-04-27,US,Texas,Dallas,3014,82,0,32.76670599,-96.77796049999999,48113.0,2932,3014,82,0,2932,2909,2637772,0,0,0,0,105
2020-04-27,US,Texas,Dawson,21,1,0,32.74255572,-101.94772420000001,48115.0,20,21,1,0,20,18,12619,0,0,0,0,3
2020-04-27,US,Texas,DeWitt,15,1,0,29.08101855,-97.35681170000001,48123.0,14,15,1,0,14,15,20187,0,0,0,0,0
2020-04-27,US,Texas,Deaf Smith,25,0,0,34.96522957,-102.6054267,48117.0,25,21,0,0,21,21,18760,4,0,0,4,0
2020-04-27,US,Texas,Delta,1,0,0,33.38570922,-95.66921122,48119.0,1,1,0,0,1,1,5349,0,0,0,0,0
2020-04-27,US,Texas,Denton,713,20,0,33.20521901,-97.11691153,48121.0,693,702,20,0,682,680,859064,11,0,0,11,22
2020-04-27,US,Texas,Dickens,1,0,0,33.61616822,-100.7788855,48125.0,1,1,0,0,1,1,2249,0,0,0,0,0
2020-04-27,US,Texas,Dimmit,1,0,0,28.42270064,-99.75645095,48127.0,1,1,0,0,1,1,10308,0,0,0,0,0
2020-04-27,US,Texas,Donley,24,0,0,34.96517499,-100.8140093,48129.0,24,24,0,0,24,24,3319,0,0,0,0,0
2020-04-27,US,Texas,Duval,2,0,0,27.68184592,-98.50864568,48131.0,2,2,0,0,2,2,11212,0,0,0,0,0
2020-04-27,US,Texas,Eastland,3,0,0,32.32743996,-98.83243566,48133.0,3,3,0,0,3,3,18322,0,0,0,0,0
2020-04-27,US,Texas,Ector,70,4,0,31.86898877,-102.54294279999999,48135.0,66,67,4,0,63,67,162124,3,0,0,3,0
2020-04-27,US,Texas,El Paso,802,12,0,31.76980765,-106.23632749999999,48141.0,790,780,12,0,768,706,840758,22,0,0,22,74
2020-04-27,US,Texas,Ellis,133,5,0,32.34894117,-96.79371841,48139.0,128,127,5,0,122,127,179436,6,0,0,6,0
2020-04-27,US,Texas,Erath,13,1,0,32.23602653,-98.21773417,48143.0,12,13,1,0,12,13,42446,0,0,0,0,0
2020-04-27,US,Texas,Falls,3,0,0,31.25350609,-96.93630086,48145.0,3,2,0,0,2,1,17335,1,0,0,1,1
2020-04-27,US,Texas,Fannin,16,0,0,33.59564294,-96.10751083,48147.0,16,15,0,0,15,15,35286,1,0,0,1,0
2020-04-27,US,Texas,Fayette,15,1,0,29.87788372,-96.92076062,48149.0,14,15,1,0,14,15,25349,0,0,0,0,0
2020-04-27,US,Texas,Floyd,3,0,0,34.07227468,-101.3031546,48153.0,3,3,0,0,3,3,5837,0,0,0,0,0
2020-04-27,US,Texas,Fort Bend,952,21,0,29.52704478,-95.77219463,48157.0,931,919,21,0,898,905,787858,33,0,0,33,14
2020-04-27,US,Texas,Franklin,1,0,0,33.17653242,-95.21917243,48159.0,1,1,0,0,1,1,10766,0,0,0,0,0
2020-04-27,US,Texas,Freestone,3,0,0,31.70422788,-96.15072516,48161.0,3,3,0,0,3,3,19808,0,0,0,0,0
2020-04-27,US,Texas,Frio,3,0,0,28.86751206,-99.10804207,48163.0,3,3,0,0,3,3,19816,0,0,0,0,0
2020-04-27,US,Texas,Gaines,2,0,0,32.74055318,-102.6353295,48165.0,2,2,0,0,2,2,20901,0,0,0,0,0
2020-04-27,US,Texas,Galveston,541,22,0,29.40167322,-94.90469073,48167.0,519,539,22,0,517,522,337890,2,0,0,2,17
2020-04-27,US,Texas,Gillespie,1,0,0,30.31824095,-98.94676915,48171.0,1,1,0,0,1,1,26804,0,0,0,0,0
2020-04-27,US,Texas,Goliad,7,0,0,28.65696592,-97.42760647,48175.0,7,7,0,0,7,6,7584,0,0,0,0,1
2020-04-27,US,Texas,Gonzales,12,1,0,29.45634206,-97.49424032,48177.0,11,12,0,0,12,8,20826,0,1,0,-1,4
2020-04-27,US,Texas,Gray,37,0,0,35.40081878,-100.8129222,48179.0,37,37,0,0,37,35,21895,0,0,0,0,2
2020-04-27,US,Texas,Grayson,23,0,0,33.62744998,-96.67753461,48181.0,23,22,0,0,22,22,133991,1,0,0,1,0
2020-04-27,US,Texas,Gregg,66,0,0,32.47940482,-94.81591935,48183.0,66,62,0,0,62,59,123707,4,0,0,4,3
2020-04-27,US,Texas,Grimes,15,1,0,30.54579585,-95.98902499,48185.0,14,13,1,0,12,13,28360,2,0,0,2,0
2020-04-27,US,Texas,Guadalupe,69,0,0,29.58165339,-97.94786822,48187.0,69,68,0,0,68,67,163694,1,0,0,1,1
2020-04-27,US,Texas,Hale,19,4,0,34.07044901,-101.82681140000001,48189.0,15,19,4,0,15,19,33830,0,0,0,0,0
2020-04-27,US,Texas,Hamilton,5,0,0,31.70470573,-98.11083887,48193.0,5,5,0,0,5,5,8484,0,0,0,0,0
2020-04-27,US,Texas,Hansford,4,0,0,36.27743284,-101.3545796,48195.0,4,4,0,0,4,4,5463,0,0,0,0,0
2020-04-27,US,Texas,Hardin,92,3,0,30.33364686,-94.38931817,48199.0,89,92,3,0,89,92,57207,0,0,0,0,0
2020-04-27,US,Texas,Harris,5628,84,0,29.86,-95.39,48201.0,5544,5628,84,0,5544,5482,4698619,0,0,0,0,146
2020-04-27,US,Texas,Harrison,86,4,0,32.54935988,-94.36934071,48203.0,82,71,4,0,67,69,66726,15,0,0,15,2
2020-04-27,US,Texas,Hartley,4,0,0,35.84008013,-102.6029022,48205.0,4,4,0,0,4,4,5619,0,0,0,0,0
2020-04-27,US,Texas,Hays,148,1,0,30.05669873,-98.02944344,48209.0,147,148,1,0,147,148,222631,0,0,0,0,0
2020-04-27,US,Texas,Hemphill,1,0,0,35.83764858,-100.2703577,48211.0,1,1,0,0,1,1,3825,0,0,0,0,0
2020-04-27,US,Texas,Henderson,24,0,0,32.21128872,-95.85846587,48213.0,24,24,0,0,24,22,82299,0,0,0,0,2
2020-04-27,US,Texas,Hidalgo,308,4,0,26.39418217,-98.18299696,48215.0,304,303,4,0,299,299,865939,5,0,0,5,4
2020-04-27,US,Texas,Hill,15,1,0,31.99045053,-97.13423143,48217.0,14,15,1,0,14,15,36354,0,0,0,0,0
2020-04-27,US,Texas,Hockley,20,1,0,33.60771256,-102.3431676,48219.0,19,20,1,0,19,20,22980,0,0,0,0,0
2020-04-27,US,Texas,Hood,17,3,0,32.42990927,-97.83242024,48221.0,14,17,3,0,14,17,60537,0,0,0,0,0
2020-04-27,US,Texas,Hopkins,4,0,0,33.14875072,-95.56351139,48223.0,4,4,0,0,4,4,36810,0,0,0,0,0
2020-04-27,US,Texas,Houston,6,0,0,31.31925973,-95.42226208,48225.0,6,6,0,0,6,6,23169,0,0,0,0,0
2020-04-27,US,Texas,Howard,4,1,0,32.30621324,-101.4356444,48227.0,3,4,1,0,3,4,36459,0,0,0,0,0
2020-04-27,US,Texas,Hunt,41,3,0,33.12351514,-96.08551032,48231.0,38,39,3,0,36,38,96493,2,0,0,2,1
2020-04-27,US,Texas,Hutchinson,13,0,0,35.84006574,-101.3546643,48233.0,13,11,0,0,11,11,21198,2,0,0,2,0
2020-04-27,US,Texas,Jack,4,0,0,33.23377248,-98.17283469,48237.0,4,4,0,0,4,4,8843,0,0,0,0,0
2020-04-27,US,Texas,Jackson,6,0,0,28.95472367,-96.57749563,48239.0,6,6,0,0,6,6,14874,0,0,0,0,0
2020-04-27,US,Texas,Jasper,14,1,0,30.74685667,-94.02667579,48241.0,13,14,1,0,13,14,35872,0,0,0,0,0
2020-04-27,US,Texas,Jefferson,268,18,0,29.8832777,-94.16434171,48245.0,250,266,18,0,248,243,255001,2,0,0,2,23
2020-04-27,US,Texas,Jim Hogg,1,0,0,27.04453923,-98.69681870000001,48247.0,1,1,0,0,1,1,5248,0,0,0,0,0
2020-04-27,US,Texas,Jim Wells,3,0,0,27.73103938,-98.0904705,48249.0,3,3,0,0,3,3,40822,0,0,0,0,0
2020-04-27,US,Texas,Johnson,58,2,0,32.37877812,-97.36615819,48251.0,56,57,1,0,56,57,171361,1,1,0,0,0
2020-04-27,US,Texas,Jones,13,0,0,32.73997145,-99.87861576,48253.0,13,13,0,0,13,13,19817,0,0,0,0,0
2020-04-27,US,Texas,Karnes,3,0,0,28.90705334,-97.85960149,48255.0,3,3,0,0,3,3,15650,0,0,0,0,0
2020-04-27,US,Texas,Kaufman,74,0,0,32.599141700000004,-96.28734728,48257.0,74,71,0,0,71,71,128622,3,0,0,3,0
2020-04-27,US,Texas,Kendall,16,0,0,29.94414155,-98.7113588,48259.0,16,16,0,0,16,16,45641,0,0,0,0,0
2020-04-27,US,Texas,Kerr,6,0,0,30.06040006,-99.34930144,48265.0,6,6,0,0,6,5,52405,0,0,0,0,1
2020-04-27,US,Texas,Kleberg,9,1,0,27.42435506,-97.69894948,48273.0,8,8,1,0,7,8,31129,1,0,0,1,0
2020-04-27,US,Texas,Knox,1,0,0,33.60519951,-99.74229059999999,48275.0,1,1,0,0,1,1,3653,0,0,0,0,0
2020-04-27,US,Texas,La Salle,1,0,0,28.34453111,-99.09908775,48283.0,1,1,0,0,1,1,7531,0,0,0,0,0
2020-04-27,US,Texas,Lamar,8,0,0,33.66981763,-95.57404777,48277.0,8,8,0,0,8,8,49728,0,0,0,0,0
2020-04-27,US,Texas,Lamb,3,0,0,34.06859623,-102.35162890000001,48279.0,3,2,0,0,2,2,13158,1,0,0,1,0
2020-04-27,US,Texas,Lampasas,2,0,0,31.19531316,-98.24206613,48281.0,2,2,0,0,2,2,21229,0,0,0,0,0
2020-04-27,US,Texas,Lavaca,5,1,0,29.38508402,-96.93186692,48285.0,4,5,0,0,5,5,20110,0,1,0,-1,0
2020-04-27,US,Texas,Lee,2,0,0,30.31120597,-96.97045773,48287.0,2,2,0,0,2,2,17144,0,0,0,0,0
2020-04-27,US,Texas,Leon,5,0,0,31.29872538,-95.9936328,48289.0,5,5,0,0,5,5,17270,0,0,0,0,0
2020-04-27,US,Texas,Liberty,38,0,0,30.15152688,-94.81205615,48291.0,38,38,0,0,38,38,86323,0,0,0,0,0
2020-04-27,US,Texas,Limestone,12,1,0,31.5454767,-96.58095444,48293.0,11,11,1,0,10,11,23519,1,0,0,1,0
2020-04-27,US,Texas,Live Oak,5,0,0,28.35101362,-98.1246786,48297.0,5,5,0,0,5,5,12166,0,0,0,0,0
2020-04-27,US,Texas,Llano,3,0,0,30.70645047,-98.68475262,48299.0,3,3,0,0,3,3,21646,0,0,0,0,0
2020-04-27,US,Texas,Lubbock,499,40,0,33.61008596,-101.82047890000001,48303.0,459,497,40,0,457,494,307412,2,0,0,2,3
2020-04-27,US,Texas,Lynn,5,1,0,33.17657705,-101.8162849,48305.0,4,5,1,0,4,5,5877,0,0,0,0,0
2020-04-27,US,Texas,Madison,2,0,0,30.96694679,-95.93003775,48313.0,2,2,0,0,2,2,14422,0,0,0,0,0
2020-04-27,US,Texas,Marion,9,0,0,32.79868409,-94.35661230000001,48315.0,9,7,0,0,7,6,9928,2,0,0,2,1
2020-04-27,US,Texas,Martin,2,0,0,32.30600051,-101.9513518,48317.0,2,2,0,0,2,2,5753,0,0,0,0,0
2020-04-27,US,Texas,Mason,5,0,0,30.71780434,-99.22629416,48319.0,5,1,0,0,1,1,4280,4,0,0,4,0
2020-04-27,US,Texas,Matagorda,59,3,0,28.81955746,-96.01230294,48321.0,56,59,3,0,56,59,36552,0,0,0,0,0
2020-04-27,US,Texas,Maverick,16,0,0,28.7429195,-100.3157686,48323.0,16,16,0,0,16,16,58485,0,0,0,0,0
2020-04-27,US,Texas,McCulloch,3,0,0,31.1925468,-99.34682807,48307.0,3,3,0,0,3,3,7987,0,0,0,0,0
2020-04-27,US,Texas,McLennan,82,4,0,31.55255453,-97.20217694,48309.0,78,81,4,0,77,81,254607,1,0,0,1,0
2020-04-27,US,Texas,Medina,19,2,0,29.355730100000002,-99.11030298,48325.0,17,19,2,0,17,19,50921,0,0,0,0,0
2020-04-27,US,Texas,Midland,73,5,0,31.86904128,-102.03156820000001,48329.0,68,71,5,0,66,70,172578,2,0,0,2,1
2020-04-27,US,Texas,Milam,13,1,0,30.78581830000001,-96.97718698,48331.0,12,13,1,0,12,13,25131,0,0,0,0,0
2020-04-27,US,Texas,Mitchell,1,0,0,32.30623474,-100.9212058,48335.0,1,1,0,0,1,1,8145,0,0,0,0,0
2020-04-27,US,Texas,Montague,6,1,0,33.67521893,-97.72500958,48337.0,5,6,1,0,5,6,19596,0,0,0,0,0
2020-04-27,US,Texas,Montgomery,530,10,0,30.30079133,-95.50572772,48339.0,520,506,9,0,497,506,590925,24,1,0,23,0
2020-04-27,US,Texas,Moore,272,3,0,35.83769242,-101.8930281,48341.0,269,252,3,0,249,192,21485,20,0,0,20,60
2020-04-27,US,Texas,Morris,5,0,0,33.11304005,-94.73255695,48343.0,5,5,0,0,5,5,12339,0,0,0,0,0
2020-04-27,US,Texas,Motley,1,0,0,34.07408766,-100.77972199999999,48345.0,1,1,0,0,1,1,1234,0,0,0,0,0
2020-04-27,US,Texas,Nacogdoches,125,7,0,31.62017125,-94.61803994,48347.0,118,125,7,0,118,115,65711,0,0,0,0,10
2020-04-27,US,Texas,Navarro,28,2,0,32.04620681,-96.47428766,48349.0,26,28,2,0,26,28,49565,0,0,0,0,0
2020-04-27,US,Texas,Newton,2,0,0,30.78548982,-93.74408813,48351.0,2,2,0,0,2,2,13746,0,0,0,0,0
2020-04-27,US,Texas,Nolan,1,0,0,32.30365282,-100.4060208,48353.0,1,1,0,0,1,1,14751,0,0,0,0,0
2020-04-27,US,Texas,Nueces,94,3,0,27.736286,-97.5433285,48355.0,91,94,2,0,92,92,362265,0,1,0,-1,2
2020-04-27,US,Texas,Ochiltree,5,1,0,36.27829105,-100.8158184,48357.0,4,5,0,0,5,5,9947,0,1,0,-1,0
2020-04-27,US,Texas,Oldham,3,1,0,35.40425596,-102.6027606,48359.0,2,3,1,0,2,3,2131,0,0,0,0,0
2020-04-27,US,Texas,Orange,64,0,0,30.11879481,-93.89412775,48361.0,64,64,0,0,64,64,83572,0,0,0,0,0
2020-04-27,US,Texas,Palo Pinto,7,1,0,32.75310985,-98.31319001,48363.0,6,7,1,0,6,7,28875,0,0,0,0,0
2020-04-27,US,Texas,Panola,78,5,0,32.163959600000005,-94.30552481,48365.0,73,76,5,0,71,75,23148,2,0,0,2,1
2020-04-27,US,Texas,Parker,24,0,0,32.77757172,-97.80500621,48367.0,24,24,0,0,24,24,138371,0,0,0,0,0
2020-04-27,US,Texas,Parmer,4,0,0,34.52993409,-102.78446679999999,48369.0,4,4,0,0,4,4,9864,0,0,0,0,0
2020-04-27,US,Texas,Pecos,9,0,0,30.78097267,-102.72412609999999,48371.0,9,8,0,0,8,8,15673,1,0,0,1,0
2020-04-27,US,Texas,Polk,18,0,0,30.79472531,-94.82766240000001,48373.0,18,18,0,0,18,18,50031,0,0,0,0,0
2020-04-27,US,Texas,Potter,333,6,0,35.40133773,-101.893964,48375.0,327,326,6,0,320,280,119648,7,0,0,7,46
2020-04-27,US,Texas,Rains,2,0,0,32.87109387,-95.79232691,48379.0,2,2,0,0,2,2,12159,0,0,0,0,0
2020-04-27,US,Texas,Randall,172,3,0,34.96585996,-101.8971322,48381.0,169,164,3,0,161,149,136271,8,0,0,8,15
2020-04-27,US,Texas,Red River,1,0,0,33.61886692,-95.04841765,48387.0,1,1,0,0,1,1,12175,0,0,0,0,0
2020-04-27,US,Texas,Reeves,2,0,0,31.32323325,-103.69038959999999,48389.0,2,2,0,0,2,2,15695,0,0,0,0,0
2020-04-27,US,Texas,Roberts,2,0,0,35.83809685,-100.813175,48393.0,2,2,0,0,2,2,903,0,0,0,0,0
2020-04-27,US,Texas,Robertson,2,0,0,31.02539637,-96.51272246,48395.0,2,2,0,0,2,2,17284,0,0,0,0,0
2020-04-27,US,Texas,Rockwall,56,1,0,32.89779518,-96.40771592,48397.0,55,51,0,0,51,51,100657,5,1,0,4,0
2020-04-27,US,Texas,Rusk,32,1,0,32.10773545,-94.76176432,48401.0,31,32,1,0,31,30,54450,0,0,0,0,2
2020-04-27,US,Texas,Sabine,1,0,0,31.34318809,-93.85440451,48403.0,1,1,0,0,1,1,10589,0,0,0,0,0
2020-04-27,US,Texas,San Augustine,16,1,0,31.39457611,-94.17000399,48405.0,15,16,1,0,15,16,8232,0,0,0,0,0
2020-04-27,US,Texas,San Jacinto,10,0,0,30.57933681,-95.16260304,48407.0,10,10,0,0,10,10,28719,0,0,0,0,0
2020-04-27,US,Texas,San Patricio,12,0,0,28.00880118,-97.51763891,48409.0,12,12,0,0,12,12,66893,0,0,0,0,0
2020-04-27,US,Texas,Scurry,2,0,0,32.74613808,-100.91626640000001,48415.0,2,2,0,0,2,2,16866,0,0,0,0,0
2020-04-27,US,Texas,Shelby,98,0,0,31.79211404,-94.14550696,48419.0,98,97,0,0,97,86,25418,1,0,0,1,11
2020-04-27,US,Texas,Sherman,14,0,0,36.27751473,-101.8933156,48421.0,14,12,0,0,12,11,3079,2,0,0,2,1
2020-04-27,US,Texas,Smith,134,3,0,32.37474036,-95.27175679999999,48423.0,131,132,3,0,129,131,230221,2,0,0,2,1
2020-04-27,US,Texas,Starr,7,0,0,26.56150059,-98.73892358,48427.0,7,7,0,0,7,7,64525,0,0,0,0,0
2020-04-27,US,Texas,Stephens,1,0,0,32.73553157,-98.83631615,48429.0,1,1,0,0,1,1,9433,0,0,0,0,0
2020-04-27,US,Texas,Swisher,9,0,0,34.53028891,-101.73491740000001,48437.0,9,9,0,0,9,7,7462,0,0,0,0,2
2020-04-27,US,Texas,Tarrant,1947,53,0,32.77143818,-97.29101614,48439.0,1894,1947,52,0,1895,1836,2084931,0,1,0,-1,111
2020-04-27,US,Texas,Taylor,222,3,0,32.30163422,-99.89007449,48441.0,219,216,3,0,213,203,137640,6,0,0,6,13
2020-04-27,US,Texas,Terry,10,0,0,33.17402785,-102.3354521,48445.0,10,10,0,0,10,10,12287,0,0,0,0,0
2020-04-27,US,Texas,Titus,15,0,0,33.21339719,-94.96797273,48449.0,15,15,0,0,15,15,33033,0,0,0,0,0
2020-04-27,US,Texas,Tom Green,44,1,0,31.40464436,-100.46244300000001,48451.0,43,43,1,0,42,42,118189,1,0,0,1,1
2020-04-27,US,Texas,Travis,1412,39,0,30.33432034,-97.78535620000001,48453.0,1373,1396,36,0,1360,1379,1248743,16,3,0,13,17
2020-04-27,US,Texas,Trinity,8,0,0,31.0879489,-95.1367187,48455.0,8,8,0,0,8,8,14740,0,0,0,0,0
2020-04-27,US,Texas,Tyler,6,0,0,30.77031716,-94.37690895,48457.0,6,6,0,0,6,6,21696,0,0,0,0,0
2020-04-27,US,Texas,Upshur,13,0,0,32.73706798,-94.93999853,48459.0,13,13,0,0,13,13,41260,0,0,0,0,0
2020-04-27,US,Texas,Uvalde,6,0,0,29.35739637,-99.76229172,48463.0,6,6,0,0,6,6,26846,0,0,0,0,0
2020-04-27,US,Texas,Val Verde,13,0,0,29.89149232,-101.1525205,48465.0,13,12,0,0,12,12,49208,1,0,0,1,0
2020-04-27,US,Texas,Van Zandt,13,1,0,32.56483801,-95.83766469,48467.0,12,13,1,0,12,13,56019,0,0,0,0,0
2020-04-27,US,Texas,Victoria,121,2,0,28.79780988,-96.96813006,48469.0,119,117,2,0,115,114,92035,4,0,0,4,3
2020-04-27,US,Texas,Walker,192,2,0,30.73872995,-95.57440968,48471.0,190,164,2,0,162,164,72480,28,0,0,28,0
2020-04-27,US,Texas,Waller,29,0,0,30.01058447,-95.99011759,48473.0,29,29,0,0,29,28,53126,0,0,0,0,1
2020-04-27,US,Texas,Washington,113,11,0,30.21498498,-96.40946246,48477.0,102,113,11,0,102,103,35108,0,0,0,0,10
2020-04-27,US,Texas,Webb,345,15,0,27.7610369,-99.33237355,48479.0,330,340,13,0,327,338,275910,5,2,0,3,2
2020-04-27,US,Texas,Wharton,37,0,0,29.27765923,-96.22319248,48481.0,37,37,0,0,37,36,41619,0,0,0,0,1
2020-04-27,US,Texas,Wheeler,5,0,0,35.40114335,-100.26995140000001,48483.0,5,5,0,0,5,3,5191,0,0,0,0,2
2020-04-27,US,Texas,Wichita,62,2,0,33.98842886,-98.70410340000001,48485.0,60,62,2,0,60,62,132064,0,0,0,0,0
2020-04-27,US,Texas,Wilbarger,1,0,0,34.07945812,-99.24178437,48487.0,1,1,0,0,1,1,12820,0,0,0,0,0
2020-04-27,US,Texas,Willacy,13,1,0,26.47411727,-97.61535848,48489.0,12,13,1,0,12,13,21515,0,0,0,0,0
2020-04-27,US,Texas,Williamson,262,6,0,30.64655664,-97.60048540000001,48491.0,256,211,6,0,205,206,566719,51,0,0,51,5
2020-04-27,US,Texas,Wilson,29,2,0,29.1732598,-98.08693082,48493.0,27,29,2,0,27,26,50224,0,0,0,0,3
2020-04-27,US,Texas,Winkler,3,0,0,31.85008651,-103.04851629999999,48495.0,3,3,0,0,3,3,7720,0,0,0,0,0
2020-04-27,US,Texas,Wise,15,2,0,33.21570665,-97.65460265,48497.0,13,15,2,0,13,15,68305,0,0,0,0,0
2020-04-27,US,Texas,Wood,7,0,0,32.78722382,-95.38236368,48499.0,7,7,0,0,7,7,45129,0,0,0,0,0
2020-04-27,US,Texas,Yoakum,1,0,0,33.17320212,-102.82764329999999,48501.0,1,1,0,0,1,1,8591,0,0,0,0,0
2020-04-27,US,Texas,Young,4,1,0,33.17659707,-98.68790885,48503.0,3,4,1,0,3,4,18045,0,0,0,0,0
2020-04-27,US,Texas,Zapata,7,0,0,27.00156391,-99.16987152,48505.0,7,7,0,0,7,7,14190,0,0,0,0,0
2020-04-27,US,Texas,Zavala,1,0,0,28.86617238,-99.76050829,48507.0,1,1,0,0,1,1,11983,0,0,0,0,0
2020-04-27,US,Utah,Bear River,60,1,0,41.52106798,-113.08328159999999,0.0,59,60,1,0,59,58,,0,0,0,0,2
2020-04-27,US,Utah,Central Utah,22,0,0,39.37231946,-111.5758676,0.0,22,21,0,0,21,21,,1,0,0,1,0
2020-04-27,US,Utah,Davis,276,2,0,40.99001837,-112.1139997,49011.0,274,275,2,0,273,268,351713,1,0,0,1,7
2020-04-27,US,Utah,Salt Lake,2190,24,0,40.66616532,-111.92160109999999,49035.0,2166,2144,24,0,2120,2051,1152633,46,0,0,46,93
2020-04-27,US,Utah,San Juan,45,2,0,37.62762978,-109.80337140000002,49037.0,43,43,2,0,41,40,15449,2,0,0,2,3
2020-04-27,US,Utah,Southeast Utah,13,0,0,38.99617072,-110.70139579999999,0.0,13,12,0,0,12,11,,1,0,0,1,1
2020-04-27,US,Utah,Southwest Utah,89,2,0,37.85447192,-111.4418764,0.0,87,87,2,0,85,83,,2,0,0,2,4
2020-04-27,US,Utah,Summit,358,0,0,40.86688146,-110.9535882,49043.0,358,357,0,0,357,355,41933,1,0,0,1,2
2020-04-27,US,Utah,Tooele,56,0,0,40.44862644,-113.12957150000001,49045.0,56,54,0,0,54,52,69907,2,0,0,2,2
2020-04-27,US,Utah,TriCounty,11,0,0,40.12491499,-109.5174415,0.0,11,10,0,0,10,9,,1,0,0,1,1
2020-04-27,US,Utah,Utah,828,7,0,40.116672200000004,-111.66576620000001,49049.0,821,777,7,0,770,725,622213,51,0,0,51,52
2020-04-27,US,Utah,Wasatch,140,1,0,40.33110236,-111.1691419,49051.0,139,138,1,0,137,132,33240,2,0,0,2,6
2020-04-27,US,Utah,Weber-Morgan,148,2,0,41.27116049,-111.9145117,0.0,146,145,2,0,143,143,,3,0,0,3,2
2020-04-27,US,Vermont,Addison,61,2,0,44.03217337,-73.14130877,50001.0,59,61,2,0,59,61,36973,0,0,0,0,0
2020-04-27,US,Vermont,Bennington,40,1,0,43.03519828,-73.09048868,50003.0,39,40,1,0,39,39,35631,0,0,0,0,1
2020-04-27,US,Vermont,Caledonia,13,0,0,44.46548598,-72.10314651,50005.0,13,13,0,0,13,13,30302,0,0,0,0,0
2020-04-27,US,Vermont,Chittenden,414,31,0,44.46322849,-73.08359212,50007.0,383,410,30,0,380,405,164572,4,1,0,3,5
2020-04-27,US,Vermont,Essex,2,0,0,44.72736416,-71.73579864,50009.0,2,2,0,0,2,2,6250,0,0,0,0,0
2020-04-27,US,Vermont,Franklin,91,5,0,44.85627605,-72.91249563,50011.0,86,91,5,0,86,90,49421,0,0,0,0,1
2020-04-27,US,Vermont,Grand Isle,3,0,0,44.797582399999996,-73.29679772,50013.0,3,3,0,0,3,3,7090,0,0,0,0,0
2020-04-27,US,Vermont,Lamoille,26,2,0,44.60353043,-72.64356694,50015.0,24,26,2,0,24,26,25300,0,0,0,0,0
2020-04-27,US,Vermont,Orange,7,0,0,44.00470222,-72.37640104,50017.0,7,6,0,0,6,6,28999,1,0,0,1,0
2020-04-27,US,Vermont,Orleans,9,0,0,44.82964024,-72.24562697,50019.0,9,9,0,0,9,9,26907,0,0,0,0,0
2020-04-27,US,Vermont,Rutland,44,1,0,43.57723578,-73.03741676,50021.0,43,44,1,0,43,44,58672,0,0,0,0,0
2020-04-27,US,Vermont,Unassigned,3,0,0,0.0,0.0,90050.0,3,5,0,0,5,5,,-2,0,0,-2,0
2020-04-27,US,Vermont,Washington,32,1,0,44.27343241,-72.61604978,50023.0,31,33,1,0,32,33,58140,-1,0,0,-1,0
2020-04-27,US,Vermont,Windham,70,2,0,42.986982,-72.71268875,50025.0,68,69,2,0,67,68,42756,1,0,0,1,1
2020-04-27,US,Vermont,Windsor,40,2,0,43.58010937,-72.58595157,50027.0,38,39,2,0,37,39,55286,1,0,0,1,0
2020-04-27,US,Virginia,Accomack,195,3,0,37.76707161,-75.63234615,51001.0,192,187,3,0,184,146,32412,8,0,0,8,41
2020-04-27,US,Virginia,Albemarle,77,3,0,38.02080697,-78.55481085,51003.0,74,76,3,0,73,73,108718,1,0,0,1,3
2020-04-27,US,Virginia,Alexandria,627,19,0,38.814003,-77.08183073,51510.0,608,591,19,0,572,575,160530,36,0,0,36,16
2020-04-27,US,Virginia,Alleghany,5,0,0,37.78636074,-80.00222498,51005.0,5,5,0,0,5,5,14910,0,0,0,0,0
2020-04-27,US,Virginia,Amelia,15,1,0,37.34081025,-77.98584649,51007.0,14,15,1,0,14,15,13013,0,0,0,0,0
2020-04-27,US,Virginia,Amherst,9,1,0,37.60308293,-79.14548696,51009.0,8,9,1,0,8,9,31666,0,0,0,0,0
2020-04-27,US,Virginia,Appomattox,17,0,0,37.37569884,-78.81340003,51011.0,17,17,0,0,17,12,15841,0,0,0,0,5
2020-04-27,US,Virginia,Arlington,836,32,0,38.8767675,-77.10139853,51013.0,804,790,32,0,758,764,237521,46,0,0,46,26
2020-04-27,US,Virginia,Augusta,36,1,0,38.16404586,-79.12461614,51015.0,35,36,1,0,35,36,75457,0,0,0,0,0
2020-04-27,US,Virginia,Bedford,25,0,0,37.3080028,-79.5281964,51019.0,25,24,0,0,24,24,78747,1,0,0,1,0
2020-04-27,US,Virginia,Botetourt,27,3,0,37.55531756,-79.80982182,51023.0,24,27,3,0,24,27,33277,0,0,0,0,0
2020-04-27,US,Virginia,Bristol,1,0,0,36.616302399999995,-82.16359122,51520.0,1,1,0,0,1,1,16482,0,0,0,0,0
2020-04-27,US,Virginia,Brunswick,14,0,0,36.76366949,-77.8593436,51025.0,14,14,0,0,14,14,16384,0,0,0,0,0
2020-04-27,US,Virginia,Buchanan,14,0,0,37.26818323,-82.03749726,51027.0,14,13,0,0,13,13,21221,1,0,0,1,0
2020-04-27,US,Virginia,Buckingham,45,0,0,37.57242268,-78.52518834,51029.0,45,35,0,0,35,34,16999,10,0,0,10,1
2020-04-27,US,Virginia,Buena Vista,5,0,0,37.73484642,-79.35296097,51530.0,5,5,0,0,5,5,6237,0,0,0,0,0
2020-04-27,US,Virginia,Campbell,11,0,0,37.20553386,-79.09678609,51031.0,11,11,0,0,11,10,54973,0,0,0,0,1
2020-04-27,US,Virginia,Caroline,21,0,0,38.02679129,-77.34901405,51033.0,21,21,0,0,21,21,30772,0,0,0,0,0
2020-04-27,US,Virginia,Carroll,4,0,0,36.73066666,-80.73455942,51035.0,4,3,0,0,3,3,29636,1,0,0,1,0
2020-04-27,US,Virginia,Charles City,13,1,0,37.35358063,-77.05634116,51036.0,12,13,1,0,12,12,6941,0,0,0,0,1
2020-04-27,US,Virginia,Charlotte,7,0,0,37.01909701,-78.66314092,51037.0,7,7,0,0,7,7,11938,0,0,0,0,0
2020-04-27,US,Virginia,Charlottesville,50,2,0,38.03527919,-78.48569588,51540.0,48,49,2,0,47,48,48117,1,0,0,1,1
2020-04-27,US,Virginia,Chesapeake,214,6,0,36.67670048,-76.30545744,51550.0,208,208,6,0,202,200,242634,6,0,0,6,8
2020-04-27,US,Virginia,Chesterfield,457,18,0,37.37373208,-77.58680140000001,51041.0,439,457,18,0,439,440,348556,0,0,0,0,17
2020-04-27,US,Virginia,Clarke,7,0,0,39.11271747,-77.99199425,51043.0,7,7,0,0,7,7,14523,0,0,0,0,0
2020-04-27,US,Virginia,Colonial Heights,45,3,0,37.26420587,-77.39609676,51570.0,42,45,3,0,42,43,17833,0,0,0,0,2
2020-04-27,US,Virginia,Covington,1,0,0,37.7824656,-79.98631446,51580.0,1,1,0,0,1,1,5460,0,0,0,0,0
2020-04-27,US,Virginia,Craig,2,0,0,37.48133648,-80.21072274,51045.0,2,2,0,0,2,2,5064,0,0,0,0,0
2020-04-27,US,Virginia,Culpeper,113,2,0,38.48199985,-77.95630870000002,51047.0,111,103,1,0,102,95,51859,10,1,0,9,8
2020-04-27,US,Virginia,Cumberland,10,0,0,37.51328851,-78.24398086,51049.0,10,10,0,0,10,10,9809,0,0,0,0,0
2020-04-27,US,Virginia,Danville,33,1,0,36.58022376,-79.40395668,51590.0,32,33,1,0,32,32,40693,0,0,0,0,1
2020-04-27,US,Virginia,Dinwiddie,15,0,0,37.07544585,-77.63451754,51053.0,15,14,0,0,14,12,28529,1,0,0,1,2
2020-04-27,US,Virginia,Emporia,20,2,0,36.69455571,-77.53406129,51595.0,18,18,2,0,16,18,5121,2,0,0,2,0
2020-04-27,US,Virginia,Essex,6,0,0,37.93357639,-76.94230311,51057.0,6,6,0,0,6,4,10919,0,0,0,0,2
2020-04-27,US,Virginia,Fairfax,3002,100,0,38.83677558,-77.27565836,51059.0,2902,2889,95,0,2794,2745,1150795,113,5,0,108,144
2020-04-27,US,Virginia,Fairfax,3002,100,0,38.83677558,-77.27565836,51059.0,2902,2889,95,0,2794,2745,24574,113,5,0,108,144
2020-04-27,US,Virginia,Fairfax City,27,2,0,38.85157547,-77.29779640000002,51600.0,25,26,2,0,24,26,24574,1,0,0,1,0
2020-04-27,US,Virginia,Falls Church,26,2,0,38.88485255,-77.17560759,51610.0,24,26,2,0,24,26,14772,0,0,0,0,0
2020-04-27,US,Virginia,Fauquier,96,2,0,38.73564842,-77.80647472,51061.0,94,87,2,0,85,80,70675,9,0,0,9,7
2020-04-27,US,Virginia,Floyd,1,0,0,36.9302126,-80.36738849,51063.0,1,1,0,0,1,1,15795,0,0,0,0,0
2020-04-27,US,Virginia,Fluvanna,73,5,0,37.84157909,-78.27715475,51065.0,68,72,5,0,67,72,26783,1,0,0,1,0
2020-04-27,US,Virginia,Franklin,19,0,0,36.99536167,-79.88023649,51067.0,19,19,0,0,19,19,56195,0,0,0,0,0
2020-04-27,US,Virginia,Franklin,19,0,0,36.99536167,-79.88023649,51067.0,19,19,0,0,19,19,8013,0,0,0,0,0
2020-04-27,US,Virginia,Franklin City,16,0,0,36.6831435,-76.93859681,51620.0,16,16,0,0,16,16,8013,0,0,0,0,0
2020-04-27,US,Virginia,Frederick,95,0,0,39.20172582,-78.25974949,51069.0,95,93,0,0,93,93,88355,2,0,0,2,0
2020-04-27,US,Virginia,Fredericksburg,24,0,0,38.2977863,-77.4922454,51630.0,24,23,0,0,23,23,29144,1,0,0,1,0
2020-04-27,US,Virginia,Galax,4,0,0,36.66601852,-80.91703124,51640.0,4,4,0,0,4,1,6423,0,0,0,0,3
2020-04-27,US,Virginia,Giles,4,0,0,37.31234791,-80.70636931,51071.0,4,4,0,0,4,4,16844,0,0,0,0,0
2020-04-27,US,Virginia,Gloucester,22,1,0,37.40809042,-76.53524337,51073.0,21,22,1,0,21,22,37349,0,0,0,0,0
2020-04-27,US,Virginia,Goochland,72,3,0,37.71714806,-77.90381514,51075.0,69,70,3,0,67,69,23244,2,0,0,2,1
2020-04-27,US,Virginia,Greene,10,1,0,38.29545894,-78.46525378,51079.0,9,10,1,0,9,10,19779,0,0,0,0,0
2020-04-27,US,Virginia,Greensville,36,6,0,36.67878901,-77.56351439,51081.0,30,30,5,0,25,30,11627,6,1,0,5,0
2020-04-27,US,Virginia,Halifax,17,0,0,36.76654925,-78.93512622,51083.0,17,17,0,0,17,16,34120,0,0,0,0,1
2020-04-27,US,Virginia,Hampton,108,1,0,37.03513786,-76.35879121,51650.0,107,104,1,0,103,101,134313,4,0,0,4,3
2020-04-27,US,Virginia,Hanover,108,7,0,37.7583355,-77.49464673,51085.0,101,105,7,0,98,103,107239,3,0,0,3,2
2020-04-27,US,Virginia,Harrisonburg,383,9,0,38.43542574,-78.87536254,51660.0,374,371,9,0,362,370,54033,12,0,0,12,1
2020-04-27,US,Virginia,Henrico,817,89,0,37.53460572,-77.39326555,51087.0,728,792,89,0,703,764,329261,25,0,0,25,28
2020-04-27,US,Virginia,Henry,15,1,0,36.68542395,-79.87634026,51089.0,14,14,1,0,13,13,50953,1,0,0,1,1
2020-04-27,US,Virginia,Highland,1,0,0,38.35799465,-79.56124594,51091.0,1,1,0,0,1,1,2210,0,0,0,0,0
2020-04-27,US,Virginia,Hopewell,24,0,0,37.29186313,-77.29754684,51670.0,24,22,0,0,22,21,22596,2,0,0,2,1
2020-04-27,US,Virginia,Isle of Wight,93,2,0,36.90579348,-76.70842863,51093.0,91,93,2,0,91,91,36953,0,0,0,0,2
2020-04-27,US,Virginia,James City,154,12,0,37.31156958,-76.76950618,51095.0,142,153,12,0,141,151,76397,1,0,0,1,2
2020-04-27,US,Virginia,King George,28,4,0,38.26818502,-77.15852768,51099.0,24,27,4,0,23,25,26575,1,0,0,1,2
2020-04-27,US,Virginia,King William,5,0,0,37.70965316,-77.09384941,51101.0,5,5,0,0,5,5,16939,0,0,0,0,0
2020-04-27,US,Virginia,King and Queen,2,0,0,37.71044922,-76.88689628,51097.0,2,2,0,0,2,2,7042,0,0,0,0,0
2020-04-27,US,Virginia,Lancaster,1,0,0,37.71889653,-76.46400482,51103.0,1,1,0,0,1,1,10783,0,0,0,0,0
2020-04-27,US,Virginia,Lee,8,0,0,36.70586667,-83.12606515,51105.0,8,8,0,0,8,8,23541,0,0,0,0,0
2020-04-27,US,Virginia,Lexington,3,0,0,37.78258621,-79.44262866,51678.0,3,3,0,0,3,3,7136,0,0,0,0,0
2020-04-27,US,Virginia,Loudoun,628,12,0,39.08990083,-77.63481877,51107.0,616,596,11,0,585,564,406850,32,1,0,31,32
2020-04-27,US,Virginia,Louisa,41,0,0,37.97850256,-77.96274807,51109.0,41,40,0,0,40,39,36778,1,0,0,1,1
2020-04-27,US,Virginia,Lunenburg,4,0,0,36.94618528,-78.24133319,51111.0,4,4,0,0,4,4,12086,0,0,0,0,0
2020-04-27,US,Virginia,Lynchburg,51,1,0,37.40021399,-79.19888138,51680.0,50,50,1,0,49,48,82126,1,0,0,1,2
2020-04-27,US,Virginia,Madison,14,0,0,38.41531222,-78.28220331,51113.0,14,14,0,0,14,14,13295,0,0,0,0,0
2020-04-27,US,Virginia,Manassas,165,2,0,38.7464321,-77.48509905,51683.0,163,158,2,0,156,154,41641,7,0,0,7,4
2020-04-27,US,Virginia,Manassas Park,50,1,0,38.77058531,-77.44399307,51685.0,49,45,1,0,44,44,17307,5,0,0,5,1
2020-04-27,US,Virginia,Mathews,4,0,0,37.44164146,-76.34098896,51115.0,4,4,0,0,4,4,8802,0,0,0,0,0
2020-04-27,US,Virginia,Mecklenburg,98,9,0,36.67882005,-78.36131056,51117.0,89,94,9,0,85,85,30650,4,0,0,4,9
2020-04-27,US,Virginia,Middlesex,4,0,0,37.63191998,-76.55064617,51119.0,4,4,0,0,4,4,10769,0,0,0,0,0
2020-04-27,US,Virginia,Montgomery,54,1,0,37.17746986,-80.37868691,51121.0,53,51,1,0,50,51,98985,3,0,0,3,0
2020-04-27,US,Virginia,Nelson,7,0,0,37.78790447,-78.88498513,51125.0,7,7,0,0,7,7,14836,0,0,0,0,0
2020-04-27,US,Virginia,New Kent,20,1,0,37.50694406,-76.99828634,51127.0,19,20,1,0,19,20,22391,0,0,0,0,0
2020-04-27,US,Virginia,Newport News,112,7,0,37.08166899,-76.51754109,51700.0,105,111,6,0,105,109,178626,1,1,0,0,2
2020-04-27,US,Virginia,Norfolk,184,3,0,36.89934014,-76.26420872,51710.0,181,179,3,0,176,169,244076,5,0,0,5,10
2020-04-27,US,Virginia,Northampton,28,0,0,37.34062933,-75.87751591,51131.0,28,24,0,0,24,20,11735,4,0,0,4,4
2020-04-27,US,Virginia,Northumberland,8,0,0,37.89202088,-76.41949732,51133.0,8,8,0,0,8,8,12147,0,0,0,0,0
2020-04-27,US,Virginia,Norton,2,0,0,36.93357076,-82.62750411,51720.0,2,2,0,0,2,2,3968,0,0,0,0,0
2020-04-27,US,Virginia,Nottoway,11,0,0,37.1435975,-78.05065922,51135.0,11,11,0,0,11,11,15420,0,0,0,0,0
2020-04-27,US,Virginia,Orange,26,0,0,38.24530219,-78.01560400000002,51137.0,26,26,0,0,26,25,36644,0,0,0,0,1
2020-04-27,US,Virginia,Page,87,0,0,38.61807452,-78.48797204,51139.0,87,84,0,0,84,82,23933,3,0,0,3,2
2020-04-27,US,Virginia,Patrick,2,0,0,36.680163799999995,-80.2865648,51141.0,2,2,0,0,2,2,17673,0,0,0,0,0
2020-04-27,US,Virginia,Petersburg,30,2,0,37.20530399,-77.39368102,51730.0,28,27,2,0,25,27,31567,3,0,0,3,0
2020-04-27,US,Virginia,Pittsylvania,11,1,0,36.81980341,-79.39731264,51143.0,10,11,1,0,10,11,60949,0,0,0,0,0
2020-04-27,US,Virginia,Poquoson,6,0,0,37.14259351,-76.35798148,51735.0,6,6,0,0,6,6,12190,0,0,0,0,0
2020-04-27,US,Virginia,Portsmouth,114,5,0,36.85914825,-76.35971629,51740.0,109,108,5,0,103,103,94632,6,0,0,6,5
2020-04-27,US,Virginia,Powhatan,11,0,0,37.55016038,-77.91267882,51145.0,11,11,0,0,11,11,29189,0,0,0,0,0
2020-04-27,US,Virginia,Prince Edward,41,2,0,37.22554789,-78.43597949,51147.0,39,41,2,0,39,37,22950,0,0,0,0,4
2020-04-27,US,Virginia,Prince George,31,0,0,37.18497668,-77.22922187,51149.0,31,30,0,0,30,30,38082,1,0,0,1,0
2020-04-27,US,Virginia,Prince William,1353,20,0,38.70916224,-77.48713689,51153.0,1333,1265,19,0,1246,1184,468011,88,1,0,87,81
2020-04-27,US,Virginia,Pulaski,10,0,0,37.06474963,-80.71229738,51155.0,10,10,0,0,10,10,34066,0,0,0,0,0
2020-04-27,US,Virginia,Radford,3,0,0,37.12222899,-80.56027320000003,51750.0,3,3,0,0,3,3,18339,0,0,0,0,0
2020-04-27,US,Virginia,Rappahannock,2,0,0,38.68295619,-78.15826963,51157.0,2,2,0,0,2,2,7252,0,0,0,0,0
2020-04-27,US,Virginia,Richmond,132,0,0,37.937575,-76.72920628,51159.0,132,89,0,0,89,79,9038,43,0,0,43,10
2020-04-27,US,Virginia,Richmond City,304,14,0,37.53255773,-77.47966921,51760.0,290,301,14,0,287,287,228783,3,0,0,3,14
2020-04-27,US,Virginia,Roanoke,41,0,0,37.26865804,-80.06396753,51161.0,41,39,0,0,39,39,94073,2,0,0,2,0
2020-04-27,US,Virginia,Roanoke City,33,0,0,37.27791025,-79.96189766,51770.0,33,33,0,0,33,33,99920,0,0,0,0,0
2020-04-27,US,Virginia,Rockbridge,5,0,0,37.81204314,-79.44605905,51163.0,5,5,0,0,5,5,22752,0,0,0,0,0
2020-04-27,US,Virginia,Rockingham,193,1,0,38.51006137,-78.87260325,51165.0,192,184,1,0,183,184,81244,9,0,0,9,0
2020-04-27,US,Virginia,Russell,3,0,0,36.93028320000001,-82.10095486,51167.0,3,3,0,0,3,3,26748,0,0,0,0,0
2020-04-27,US,Virginia,Salem,11,0,0,37.2836193,-80.06219455,51775.0,11,9,0,0,9,8,25643,2,0,0,2,1
2020-04-27,US,Virginia,Scott,6,1,0,36.71466456,-82.60171704,51169.0,5,6,1,0,5,5,21534,0,0,0,0,1
2020-04-27,US,Virginia,Shenandoah,78,2,0,38.85905135,-78.56813762,51171.0,76,74,1,0,73,72,43497,4,1,0,3,2
2020-04-27,US,Virginia,Smyth,13,0,0,36.84455636,-81.53344948,51173.0,13,13,0,0,13,13,30472,0,0,0,0,0
2020-04-27,US,Virginia,Southampton,115,1,0,36.72231125,-77.10642712,51175.0,114,115,1,0,114,75,17586,0,0,0,0,40
2020-04-27,US,Virginia,Spotsylvania,119,3,0,38.18574462,-77.655399,51177.0,116,107,3,0,104,101,134238,12,0,0,12,6
2020-04-27,US,Virginia,Stafford,218,2,0,38.41758738,-77.45917053,51179.0,216,213,2,0,211,198,149960,5,0,0,5,15
2020-04-27,US,Virginia,Staunton,10,0,0,38.15965544,-79.05979937,51790.0,10,10,0,0,10,10,24922,0,0,0,0,0
2020-04-27,US,Virginia,Suffolk,147,5,0,36.70155394,-76.63603554,51800.0,142,147,5,0,142,141,91185,0,0,0,0,6
2020-04-27,US,Virginia,Surry,4,1,0,37.11781893,-76.88450012,51181.0,3,4,1,0,3,4,6474,0,0,0,0,0
2020-04-27,US,Virginia,Sussex,30,1,0,36.92432914,-77.25791182,51183.0,29,28,1,0,27,28,11237,2,0,0,2,0
2020-04-27,US,Virginia,Tazewell,5,0,0,37.12191123,-81.56685568,51185.0,5,4,0,0,4,4,40855,1,0,0,1,0
2020-04-27,US,Virginia,Virginia Beach,355,10,0,36.73285734,-76.04566934,51810.0,345,345,10,0,335,335,450189,10,0,0,10,10
2020-04-27,US,Virginia,Warren,44,0,0,38.90847745,-78.20280433,51187.0,44,43,0,0,43,42,40003,1,0,0,1,1
2020-04-27,US,Virginia,Washington,34,3,0,36.72341572,-81.95666289,51191.0,31,34,3,0,31,30,54402,0,0,0,0,4
2020-04-27,US,Virginia,Waynesboro,11,0,0,38.06451466,-78.90293905,51820.0,11,10,0,0,10,10,22628,1,0,0,1,0
2020-04-27,US,Virginia,Westmoreland,20,0,0,38.11021557,-76.80213247,51193.0,20,20,0,0,20,17,17830,0,0,0,0,3
2020-04-27,US,Virginia,Williamsburg,15,1,0,37.28131268,-76.70905141,51830.0,14,15,1,0,14,15,14896,0,0,0,0,0
2020-04-27,US,Virginia,Winchester,33,0,0,39.17054517,-78.17325058,51840.0,33,33,0,0,33,33,28108,0,0,0,0,0
2020-04-27,US,Virginia,Wise,21,1,0,36.9746148,-82.62410519,51195.0,20,20,1,0,19,20,38012,1,0,0,1,0
2020-04-27,US,Virginia,Wythe,11,1,0,36.91582035,-81.07834059,51197.0,10,11,1,0,10,11,28754,0,0,0,0,0
2020-04-27,US,Virginia,York,44,1,0,37.24374789,-76.54412815,51199.0,43,44,1,0,43,44,67846,0,0,0,0,0
2020-04-27,US,Washington,Adams,46,0,0,46.98299757,-118.56017340000001,53001.0,46,46,0,0,46,46,19759,0,0,0,0,0
2020-04-27,US,Washington,Asotin,17,1,0,46.18894415,-117.2022851,53003.0,16,17,1,0,16,17,22610,0,0,0,0,0
2020-04-27,US,Washington,Benton,409,38,0,46.23946995,-119.51208340000001,53005.0,371,405,37,0,368,399,201877,4,1,0,3,6
2020-04-27,US,Washington,Chelan,93,5,0,47.87046092,-120.6173956,53007.0,88,91,5,0,86,90,77036,2,0,0,2,1
2020-04-27,US,Washington,Clallam,15,0,0,48.04754642,-123.92263190000001,53009.0,15,15,0,0,15,15,76737,0,0,0,0,0
2020-04-27,US,Washington,Clark,308,18,0,45.77568046,-122.48292040000001,53011.0,290,297,18,0,279,296,481857,11,0,0,11,1
2020-04-27,US,Washington,Columbia,1,0,0,46.29442881,-117.9051983,53013.0,1,1,0,0,1,1,4059,0,0,0,0,0
2020-04-27,US,Washington,Cowlitz,39,0,0,46.19074721,-122.6782231,53015.0,39,39,0,0,39,39,108987,0,0,0,0,0
2020-04-27,US,Washington,Douglas,75,1,0,47.7361335,-119.69293700000001,53017.0,74,72,1,0,71,70,42907,3,0,0,3,2
2020-04-27,US,Washington,Ferry,1,0,0,48.471143100000006,-118.5154041,53019.0,1,1,0,0,1,1,7649,0,0,0,0,0
2020-04-27,US,Washington,Franklin,256,5,0,46.53351425,-118.9018212,53021.0,251,251,5,0,246,250,94347,5,0,0,5,1
2020-04-27,US,Washington,Grant,152,2,0,47.20753737,-119.4500749,53025.0,150,150,2,0,148,150,97331,2,0,0,2,0
2020-04-27,US,Washington,Grays Harbor,12,0,0,47.14003705,-123.7820567,53027.0,12,12,0,0,12,12,73901,0,0,0,0,0
2020-04-27,US,Washington,Island,164,9,0,48.14713305,-122.5216407,53029.0,155,160,9,0,151,161,84460,4,0,0,4,-1
2020-04-27,US,Washington,Jefferson,28,0,0,47.75003077,-123.56097040000002,53031.0,28,28,0,0,28,28,31729,0,0,0,0,0
2020-04-27,US,Washington,King,5945,416,0,47.49137892,-121.8346131,53033.0,5529,5863,408,0,5455,5739,2233163,82,8,0,74,124
2020-04-27,US,Washington,Kitsap,147,2,0,47.63479026,-122.6436061,53035.0,145,144,2,0,142,144,269805,3,0,0,3,0
2020-04-27,US,Washington,Kittitas,14,0,0,47.12521214,-120.67943899999999,53037.0,14,14,0,0,14,14,47364,0,0,0,0,0
2020-04-27,US,Washington,Klickitat,16,3,0,45.87325839,-120.7913598,53039.0,13,16,3,0,13,16,22107,0,0,0,0,0
2020-04-27,US,Washington,Lewis,29,3,0,46.57756476,-122.39257690000001,53041.0,26,29,3,0,26,29,79604,0,0,0,0,0
2020-04-27,US,Washington,Lincoln,2,0,0,47.57705241,-118.41943880000001,53043.0,2,2,0,0,2,2,10740,0,0,0,0,0
2020-04-27,US,Washington,Mason,23,1,0,47.35007586,-123.1863685,53045.0,22,22,1,0,21,22,65507,1,0,0,1,0
2020-04-27,US,Washington,Okanogan,20,1,0,48.54855019,-119.73872240000001,53047.0,19,19,1,0,18,17,42132,1,0,0,1,2
2020-04-27,US,Washington,Pacific,4,0,0,46.55418369,-123.7285716,53049.0,4,4,0,0,4,4,22036,0,0,0,0,0
2020-04-27,US,Washington,Pend Oreille,2,0,0,48.53234021,-117.2741804,53051.0,2,2,0,0,2,2,13602,0,0,0,0,0
2020-04-27,US,Washington,Pierce,1263,47,0,47.03892768,-122.14059579999999,53053.0,1216,1244,46,0,1198,1235,891299,19,1,0,18,9
2020-04-27,US,Washington,San Juan,14,0,0,48.60182783,-122.96745,53055.0,14,14,0,0,14,14,17128,0,0,0,0,0
2020-04-27,US,Washington,Skagit,305,11,0,48.48171488,-121.766131,53057.0,294,299,11,0,288,287,128206,6,0,0,6,12
2020-04-27,US,Washington,Skamania,3,0,0,46.02408726,-121.91644029999999,53059.0,3,3,0,0,3,3,11924,0,0,0,0,0
2020-04-27,US,Washington,Snohomish,2332,106,0,48.04615983,-121.7170703,53061.0,2226,2311,104,0,2207,2297,814901,21,2,0,19,14
2020-04-27,US,Washington,Spokane,347,20,0,47.62113146,-117.4046494,53063.0,327,347,19,0,328,345,514631,0,1,0,-1,2
2020-04-27,US,Washington,Stevens,9,1,0,48.40035475,-117.8542701,53065.0,8,9,1,0,8,10,45260,0,0,0,0,-1
2020-04-27,US,Washington,Thurston,100,1,0,46.9291895,-122.82906559999999,53067.0,99,100,1,0,99,101,286419,0,0,0,0,-1
2020-04-27,US,Washington,Unassigned,103,0,0,0.0,0.0,90053.0,103,123,0,0,123,137,,-20,0,0,-20,-14
2020-04-27,US,Washington,Wahkiakum,2,0,0,46.29180039999999,-123.4250831,53069.0,2,2,0,0,2,2,4426,0,0,0,0,0
2020-04-27,US,Washington,Walla Walla,55,0,0,46.23040051,-118.4775539,53071.0,55,52,0,0,52,50,60922,3,0,0,3,2
2020-04-27,US,Washington,Whatcom,287,28,0,48.82227976,-121.74900179999999,53073.0,259,288,27,0,261,284,225685,-1,1,0,-2,4
2020-04-27,US,Washington,Whitman,14,0,0,46.90022523,-117.52417630000001,53075.0,14,14,0,0,14,14,49791,0,0,0,0,0
2020-04-27,US,Washington,Yakima,1034,45,0,46.45738486,-120.73801259999999,53077.0,989,1015,44,0,971,976,251446,19,1,0,18,39
2020-04-27,US,West Virginia,Barbour,4,1,0,39.1307219,-80.00350858,54001.0,3,4,1,0,3,4,16535,0,0,0,0,0
2020-04-27,US,West Virginia,Berkeley,133,1,0,39.46704621,-78.02414609,54003.0,132,131,1,0,130,129,117123,2,0,0,2,2
2020-04-27,US,West Virginia,Boone,2,0,0,38.01974191,-81.69888019,54005.0,2,2,0,0,2,2,21951,0,0,0,0,0
2020-04-27,US,West Virginia,Braxton,2,0,0,38.70036159,-80.72011184,54007.0,2,2,0,0,2,1,14089,0,0,0,0,1
2020-04-27,US,West Virginia,Brooke,4,0,0,40.27367263,-80.57915332,54009.0,4,4,0,0,4,3,22203,0,0,0,0,1
2020-04-27,US,West Virginia,Cabell,41,0,0,38.42424062,-82.23855912,54011.0,41,40,0,0,40,38,93224,1,0,0,1,2
2020-04-27,US,West Virginia,Fayette,10,0,0,38.02974928,-81.08286634,54019.0,10,9,0,0,9,9,43018,1,0,0,1,0
2020-04-27,US,West Virginia,Gilmer,2,0,0,38.9251277,-80.85952723,54021.0,2,2,0,0,2,,8026,0,0,0,0,
2020-04-27,US,West Virginia,Grant,1,0,0,39.10314817,-79.19440518,54023.0,1,1,0,0,1,1,11626,0,0,0,0,0
2020-04-27,US,West Virginia,Greenbrier,3,0,0,37.9463652,-80.45335881,54025.0,3,3,0,0,3,3,34786,0,0,0,0,0
2020-04-27,US,West Virginia,Hampshire,7,1,0,39.32103553,-78.60826476,54027.0,6,7,1,0,6,7,23347,0,0,0,0,0
2020-04-27,US,West Virginia,Hancock,8,0,0,40.51943859,-80.57461608,54029.0,8,8,0,0,8,7,29094,0,0,0,0,1
2020-04-27,US,West Virginia,Hardy,3,0,0,39.00683177,-78.85855301,54031.0,3,3,0,0,3,3,13775,0,0,0,0,0
2020-04-27,US,West Virginia,Harrison,30,1,0,39.2853852,-80.37919577,54033.0,29,30,1,0,29,30,67554,0,0,0,0,0
2020-04-27,US,West Virginia,Jackson,127,9,0,38.84263974,-81.68148753,54035.0,118,127,9,0,118,116,28706,0,0,0,0,11
2020-04-27,US,West Virginia,Jefferson,72,0,0,39.30776166,-77.86014147,54037.0,72,71,0,0,71,70,56811,1,0,0,1,1
2020-04-27,US,West Virginia,Kanawha,155,4,0,38.33860077,-81.52857054,54039.0,151,153,4,0,149,147,180454,2,0,0,2,6
2020-04-27,US,West Virginia,Lewis,4,0,0,38.9947249,-80.49988181,54041.0,4,3,0,0,3,3,16024,1,0,0,1,0
2020-04-27,US,West Virginia,Lincoln,1,0,0,38.172154,-82.07017953,54043.0,1,1,0,0,1,1,20599,0,0,0,0,0
2020-04-27,US,West Virginia,Logan,12,1,0,37.8299889,-81.93528571,54045.0,11,12,1,0,11,11,32607,0,0,0,0,1
2020-04-27,US,West Virginia,Marion,45,2,0,39.50984542,-80.24244659,54049.0,43,45,2,0,43,44,56097,0,0,0,0,1
2020-04-27,US,West Virginia,Marshall,11,0,0,39.86064362,-80.66591062,54051.0,11,11,0,0,11,9,30785,0,0,0,0,2
2020-04-27,US,West Virginia,Mason,11,0,0,38.77071799,-82.02524219,54053.0,11,11,0,0,11,11,26718,0,0,0,0,0
2020-04-27,US,West Virginia,McDowell,6,0,0,37.38002939,-81.65083669,54047.0,6,6,0,0,6,6,18223,0,0,0,0,0
2020-04-27,US,West Virginia,Mercer,9,0,0,37.40481169,-81.11023142,54055.0,9,9,0,0,9,9,59131,0,0,0,0,0
2020-04-27,US,West Virginia,Mineral,15,0,0,39.41561583,-78.94104895,54057.0,15,15,0,0,15,12,26940,0,0,0,0,3
2020-04-27,US,West Virginia,Mingo,2,1,0,37.73048351,-82.13338365,54059.0,1,2,1,0,1,2,23785,0,0,0,0,0
2020-04-27,US,West Virginia,Monongalia,102,4,0,39.63218457,-80.04766838,54061.0,98,101,4,0,97,97,106420,1,0,0,1,4
2020-04-27,US,West Virginia,Monroe,5,0,0,37.56274716,-80.54577965,54063.0,5,5,0,0,5,5,13280,0,0,0,0,0
2020-04-27,US,West Virginia,Morgan,9,0,0,39.55439028,-78.26311676,54065.0,9,9,0,0,9,9,17787,0,0,0,0,0
2020-04-27,US,West Virginia,Nicholas,6,0,0,38.29617706,-80.79759588,54067.0,6,6,0,0,6,6,24842,0,0,0,0,0
2020-04-27,US,West Virginia,Ohio,26,1,0,40.0955451,-80.62203992,54069.0,25,26,1,0,25,25,41755,0,0,0,0,1
2020-04-27,US,West Virginia,Pendleton,3,0,0,38.68314479,-79.35084086,54071.0,3,3,0,0,3,3,6997,0,0,0,0,0
2020-04-27,US,West Virginia,Pleasants,2,0,0,39.37091679,-81.16771771,54073.0,2,2,0,0,2,2,7507,0,0,0,0,0
2020-04-27,US,West Virginia,Pocahontas,1,0,0,38.32758728,-80.00993811,54075.0,1,,,,,,8414,,,,,
2020-04-27,US,West Virginia,Preston,13,0,0,39.46770987,-79.66712803,54077.0,13,13,0,0,13,12,33839,0,0,0,0,1
2020-04-27,US,West Virginia,Putnam,18,0,0,38.50782345,-81.9082131,54079.0,18,18,0,0,18,16,56682,0,0,0,0,2
2020-04-27,US,West Virginia,Raleigh,8,0,0,37.76936795,-81.2456041,54081.0,8,9,0,0,9,9,74254,-1,0,0,-1,0
2020-04-27,US,West Virginia,Randolph,4,0,0,38.769899,-79.87919615,54083.0,4,4,0,0,4,4,28823,0,0,0,0,0
2020-04-27,US,West Virginia,Roane,4,0,0,38.71622686,-81.35243568,54087.0,4,4,0,0,4,3,13932,0,0,0,0,1
2020-04-27,US,West Virginia,Summers,1,0,0,37.65390597,-80.86009693,54089.0,1,1,0,0,1,1,12760,0,0,0,0,0
2020-04-27,US,West Virginia,Taylor,6,0,0,39.33602617,-80.0421439,54091.0,6,6,0,0,6,5,16862,0,0,0,0,1
2020-04-27,US,West Virginia,Tucker,4,0,0,39.11240885,-79.57053576,54093.0,4,4,0,0,4,4,6955,0,0,0,0,0
2020-04-27,US,West Virginia,Tyler,3,0,0,39.46811972,-80.88772676,54095.0,3,3,0,0,3,3,8746,0,0,0,0,0
2020-04-27,US,West Virginia,Upshur,4,0,0,38.89285061,-80.23689136,54097.0,4,4,0,0,4,4,24415,0,0,0,0,0
2020-04-27,US,West Virginia,Wayne,82,6,0,38.14901357,-82.42287994,54099.0,76,82,6,0,76,81,39944,0,0,0,0,1
2020-04-27,US,West Virginia,Wetzel,3,0,0,39.6065771,-80.64016540000001,54103.0,3,3,0,0,3,3,15270,0,0,0,0,0
2020-04-27,US,West Virginia,Wirt,3,0,0,39.02775007,-81.37473928,54105.0,3,3,0,0,3,3,5830,0,0,0,0,0
2020-04-27,US,West Virginia,Wood,35,2,0,39.20967886,-81.5162836,54107.0,33,36,2,0,34,36,84203,-1,0,0,-1,0
2020-04-27,US,West Virginia,Wyoming,1,0,0,37.612327,-81.54511071,54109.0,1,1,0,0,1,1,20786,0,0,0,0,0
2020-04-27,US,Wisconsin,Adams,4,1,0,43.96974651,-89.76782777,55001.0,3,4,1,0,3,4,20348,0,0,0,0,0
2020-04-27,US,Wisconsin,Ashland,2,0,0,46.31956891,-90.67837132,55003.0,2,2,0,0,2,2,15600,0,0,0,0,0
2020-04-27,US,Wisconsin,Barron,6,0,0,45.42372701,-91.84833627,55005.0,6,6,0,0,6,6,45164,0,0,0,0,0
2020-04-27,US,Wisconsin,Bayfield,3,1,0,46.52868768,-91.19716729,55007.0,2,3,1,0,2,3,15042,0,0,0,0,0
2020-04-27,US,Wisconsin,Brown,853,2,0,44.452655299999996,-88.00411844,55009.0,851,776,2,0,774,720,263378,77,0,0,77,56
2020-04-27,US,Wisconsin,Buffalo,4,1,0,44.37835084,-91.75332578,55011.0,3,4,1,0,3,4,13125,0,0,0,0,0
2020-04-27,US,Wisconsin,Calumet,9,0,0,44.0816316,-88.21780273,55015.0,9,7,0,0,7,7,50159,2,0,0,2,0
2020-04-27,US,Wisconsin,Chippewa,20,0,0,45.06939744,-91.28068855,55017.0,20,20,0,0,20,20,64135,0,0,0,0,0
2020-04-27,US,Wisconsin,Clark,19,2,0,44.73483377,-90.61207486,55019.0,17,19,1,0,18,19,34709,0,1,0,-1,0
2020-04-27,US,Wisconsin,Columbia,27,1,0,43.46492199,-89.33589004,55021.0,26,27,1,0,26,27,57358,0,0,0,0,0
2020-04-27,US,Wisconsin,Crawford,3,0,0,43.23870316,-90.93073686,55023.0,3,3,0,0,3,3,16291,0,0,0,0,0
2020-04-27,US,Wisconsin,Dane,412,21,0,43.06601594,-89.41733797,55025.0,391,405,21,0,384,401,542364,7,0,0,7,4
2020-04-27,US,Wisconsin,Dodge,30,1,0,43.41576662,-88.70928178,55027.0,29,29,1,0,28,23,87847,1,0,0,1,6
2020-04-27,US,Wisconsin,Door,10,1,0,44.95856458,-87.30002707,55029.0,9,10,1,0,9,10,27610,0,0,0,0,0
2020-04-27,US,Wisconsin,Douglas,9,0,0,46.43222285,-91.91595768,55031.0,9,9,0,0,9,9,43208,0,0,0,0,0
2020-04-27,US,Wisconsin,Dunn,9,0,0,44.94562799,-91.8962481,55033.0,9,9,0,0,9,9,45131,0,0,0,0,0
2020-04-27,US,Wisconsin,Eau Claire,25,0,0,44.726614,-91.28609183,55035.0,25,25,0,0,25,24,104534,0,0,0,0,1
2020-04-27,US,Wisconsin,Florence,2,0,0,45.84963535,-88.39804137,55037.0,2,2,0,0,2,2,4321,0,0,0,0,0
2020-04-27,US,Wisconsin,Fond du Lac,69,3,0,43.75354908,-88.48885325,55039.0,66,69,3,0,66,67,103066,0,0,0,0,2
2020-04-27,US,Wisconsin,Grant,31,4,0,42.8671731,-90.7063218,55043.0,27,30,3,0,27,28,51554,1,1,0,0,2
2020-04-27,US,Wisconsin,Green,11,0,0,42.6794956,-89.60243287,55045.0,11,11,0,0,11,11,36929,0,0,0,0,0
2020-04-27,US,Wisconsin,Green Lake,2,0,0,43.80025981,-89.04679553,55047.0,2,1,0,0,1,1,18918,1,0,0,1,0
2020-04-27,US,Wisconsin,Iowa,7,0,0,43.00050278,-90.13469017,55049.0,7,7,0,0,7,7,23771,0,0,0,0,0
2020-04-27,US,Wisconsin,Iron,2,1,0,46.26302338,-90.24295041,55051.0,1,2,1,0,1,2,5676,0,0,0,0,0
2020-04-27,US,Wisconsin,Jackson,12,1,0,44.31864893,-90.80566792,55053.0,11,12,1,0,11,12,20478,0,0,0,0,0
2020-04-27,US,Wisconsin,Jefferson,39,0,0,43.02054068,-88.77529134,55055.0,39,39,0,0,39,39,85129,0,0,0,0,0
2020-04-27,US,Wisconsin,Juneau,13,1,0,43.92456975,-90.11120239,55057.0,12,12,1,0,11,12,26617,1,0,0,1,0
2020-04-27,US,Wisconsin,Kenosha,340,7,0,42.57639354,-88.04051686,55059.0,333,339,7,0,332,329,169290,1,0,0,1,10
2020-04-27,US,Wisconsin,Kewaunee,10,1,0,44.51727459,-87.61468386,55061.0,9,10,1,0,9,10,20383,0,0,0,0,0
2020-04-27,US,Wisconsin,La Crosse,26,0,0,43.90632465,-91.11451093,55063.0,26,26,0,0,26,26,118230,0,0,0,0,0
2020-04-27,US,Wisconsin,Lafayette,4,0,0,42.66005229,-90.1317729,55065.0,4,4,0,0,4,4,16665,0,0,0,0,0
2020-04-27,US,Wisconsin,Manitowoc,11,1,0,44.11946801,-87.80928853,55071.0,10,10,0,0,10,9,79074,1,1,0,0,1
2020-04-27,US,Wisconsin,Marathon,17,1,0,44.89792533,-89.75863384,55073.0,16,18,1,0,17,18,135428,-1,0,0,-1,0
2020-04-27,US,Wisconsin,Marinette,7,1,0,45.38553432,-88.03324599999998,55075.0,6,7,1,0,6,7,40434,0,0,0,0,0
2020-04-27,US,Wisconsin,Marquette,3,1,0,43.81911946,-89.40073763,55077.0,2,3,1,0,2,3,15434,0,0,0,0,0
2020-04-27,US,Wisconsin,Menominee,1,0,0,45.00422544,-88.70950714,55078.0,1,1,0,0,1,1,4658,0,0,0,0,0
2020-04-27,US,Wisconsin,Milwaukee,2674,167,0,43.00486062,-87.96733172,55079.0,2507,2629,162,0,2467,2525,948201,45,5,0,40,104
2020-04-27,US,Wisconsin,Monroe,14,0,0,43.94641218,-90.61881899999999,55081.0,14,14,0,0,14,14,46051,0,0,0,0,0
2020-04-27,US,Wisconsin,Oconto,8,0,0,45.02715345,-88.26807503,55083.0,8,7,0,0,7,6,37830,1,0,0,1,1
2020-04-27,US,Wisconsin,Oneida,6,0,0,45.70677897,-89.51944105,55085.0,6,6,0,0,6,6,35470,0,0,0,0,0
2020-04-27,US,Wisconsin,Outagamie,47,2,0,44.41578887,-88.46565023,55087.0,45,46,2,0,44,43,187365,1,0,0,1,3
2020-04-27,US,Wisconsin,Ozaukee,86,9,0,43.38352225,-87.94625009,55089.0,77,85,9,0,76,82,89147,1,0,0,1,3
2020-04-27,US,Wisconsin,Pierce,9,0,0,44.71850291,-92.4224416,55093.0,9,9,0,0,9,8,42555,0,0,0,0,1
2020-04-27,US,Wisconsin,Polk,4,0,0,45.46130348,-92.44182875,55095.0,4,4,0,0,4,4,43598,0,0,0,0,0
2020-04-27,US,Wisconsin,Portage,4,0,0,44.47558711,-89.50152965,55097.0,4,4,0,0,4,4,70942,0,0,0,0,0
2020-04-27,US,Wisconsin,Price,1,0,0,45.68051754,-90.36098879999999,55099.0,1,1,0,0,1,1,13397,0,0,0,0,0
2020-04-27,US,Wisconsin,Racine,273,10,0,42.74753117,-88.05941254,55101.0,263,270,10,0,260,255,196584,3,0,0,3,15
2020-04-27,US,Wisconsin,Richland,11,1,0,43.3762778,-90.43012729,55103.0,10,11,1,0,10,10,17377,0,0,0,0,1
2020-04-27,US,Wisconsin,Rock,164,5,0,42.67151616,-89.07147900000002,55105.0,159,151,5,0,146,151,163129,13,0,0,13,0
2020-04-27,US,Wisconsin,Rusk,4,0,0,45.47498854,-91.1333012,55107.0,4,4,0,0,4,4,14147,0,0,0,0,0
2020-04-27,US,Wisconsin,Sauk,42,3,0,43.42574087,-89.94966132,55111.0,39,40,3,0,37,38,64249,2,0,0,2,2
2020-04-27,US,Wisconsin,Sawyer,3,0,0,45.87931905,-91.14504927,55113.0,3,3,0,0,3,2,16489,0,0,0,0,1
2020-04-27,US,Wisconsin,Shawano,8,0,0,44.78902246,-88.76443896,55115.0,8,8,0,0,8,8,40796,0,0,0,0,0
2020-04-27,US,Wisconsin,Sheboygan,46,2,0,43.72099677,-87.94579284,55117.0,44,45,2,0,43,44,115456,1,0,0,1,1
2020-04-27,US,Wisconsin,St. Croix,13,0,0,45.03437474,-92.45000068,55109.0,13,13,0,0,13,13,89694,0,0,0,0,0
2020-04-27,US,Wisconsin,Trempealeau,2,0,0,44.30360275,-91.35893614,55121.0,2,2,0,0,2,2,29442,0,0,0,0,0
2020-04-27,US,Wisconsin,Vernon,1,0,0,43.59422667,-90.8324691,55123.0,1,1,0,0,1,1,30785,0,0,0,0,0
2020-04-27,US,Wisconsin,Vilas,4,0,0,46.05467334,-89.51719204,55125.0,4,4,0,0,4,4,21938,0,0,0,0,0
2020-04-27,US,Wisconsin,Walworth,138,8,0,42.66858202,-88.54163073,55127.0,130,135,8,0,127,132,103718,3,0,0,3,3
2020-04-27,US,Wisconsin,Washburn,1,0,0,45.89838588,-91.79050449,55129.0,1,1,0,0,1,1,15878,0,0,0,0,0
2020-04-27,US,Wisconsin,Washington,94,4,0,43.36863664,-88.22974712,55131.0,90,92,4,0,88,92,135693,2,0,0,2,0
2020-04-27,US,Wisconsin,Waukesha,313,15,0,43.01833055,-88.30431188,55133.0,298,307,14,0,293,299,403072,6,1,0,5,8
2020-04-27,US,Wisconsin,Waupaca,7,1,0,44.47068056,-88.96534501,55135.0,6,7,1,0,6,7,51128,0,0,0,0,0
2020-04-27,US,Wisconsin,Waushara,2,0,0,44.11324419,-89.24317107,55137.0,2,2,0,0,2,2,24263,0,0,0,0,0
2020-04-27,US,Wisconsin,Winnebago,48,1,0,44.06886922,-88.64477096,55139.0,47,48,1,0,47,48,171020,0,0,0,0,0
2020-04-27,US,Wisconsin,Wood,2,0,0,44.45537896,-90.04158336,55141.0,2,2,0,0,2,2,73055,0,0,0,0,0
2020-04-27,US,Wyoming,Albany,7,0,0,41.65498705,-105.72354150000001,56001.0,7,6,0,0,6,6,38601,1,0,0,1,0
2020-04-27,US,Wyoming,Big Horn,2,0,0,44.52405055,-107.9960365,56003.0,2,2,0,0,2,2,11881,0,0,0,0,0
2020-04-27,US,Wyoming,Campbell,23,0,0,44.24886082,-105.54744040000001,56005.0,23,23,0,0,23,23,46140,0,0,0,0,0
2020-04-27,US,Wyoming,Carbon,4,0,0,41.69357844,-106.9326084,56007.0,4,6,0,0,6,4,14971,-2,0,0,-2,2
2020-04-27,US,Wyoming,Converse,17,0,0,42.97272268,-105.5081848,56009.0,17,16,0,0,16,16,13640,1,0,0,1,0
2020-04-27,US,Wyoming,Crook,5,0,0,44.58855102,-104.56977049999999,56011.0,5,5,0,0,5,5,7450,0,0,0,0,0
2020-04-27,US,Wyoming,Fremont,106,0,0,43.04183996,-108.6296893,56013.0,106,91,0,0,91,83,39531,15,0,0,15,8
2020-04-27,US,Wyoming,Goshen,4,0,0,42.08798185,-104.3534743,56015.0,4,4,0,0,4,4,13376,0,0,0,0,0
2020-04-27,US,Wyoming,Hot Springs,3,0,0,43.71930657,-108.44231740000001,56017.0,3,3,0,0,3,3,4555,0,0,0,0,0
2020-04-27,US,Wyoming,Johnson,15,1,0,44.04057166,-106.58451740000001,56019.0,14,15,1,0,14,15,8460,0,0,0,0,0
2020-04-27,US,Wyoming,Laramie,128,0,0,41.30702520000001,-104.6887497,56021.0,128,125,0,0,125,124,98976,3,0,0,3,1
2020-04-27,US,Wyoming,Lincoln,9,0,0,42.26376367,-110.6563997,56023.0,9,9,0,0,9,9,19434,0,0,0,0,0
2020-04-27,US,Wyoming,Natrona,49,0,0,42.96180148,-106.79788500000001,56025.0,49,49,0,0,49,49,79115,0,0,0,0,0
2020-04-27,US,Wyoming,Niobrara,2,0,0,43.05607708,-104.47588959999999,56027.0,2,2,0,0,2,2,2388,0,0,0,0,0
2020-04-27,US,Wyoming,Park,1,0,0,44.52157546,-109.58528249999999,56029.0,1,1,0,0,1,1,29324,0,0,0,0,0
2020-04-27,US,Wyoming,Sheridan,16,0,0,44.79048913,-106.8862389,56033.0,16,16,0,0,16,16,30233,0,0,0,0,0
2020-04-27,US,Wyoming,Sublette,3,0,0,42.76558279,-109.91309220000001,56035.0,3,3,0,0,3,3,9813,0,0,0,0,0
2020-04-27,US,Wyoming,Sweetwater,16,0,0,41.65943896,-108.8827882,56037.0,16,16,0,0,16,16,43051,0,0,0,0,0
2020-04-27,US,Wyoming,Teton,95,0,0,43.93522482,-110.5890801,56039.0,95,95,0,0,95,95,23081,0,0,0,0,0
2020-04-27,US,Wyoming,Uinta,7,0,0,41.2878183,-110.54757820000002,56041.0,7,7,0,0,7,7,20299,0,0,0,0,0
2020-04-27,US,Wyoming,Unassigned,0,6,0,0.0,0.0,90056.0,-6,0,6,0,-6,0,,0,0,0,0,0
2020-04-27,US,Wyoming,Washakie,8,0,0,43.90451606,-107.68018700000002,56043.0,8,8,0,0,8,8,7885,0,0,0,0,0
