Date,Country/Region,Province/State,Admin2,Confirmed,Deaths,Recovered,Latitude,Longitude,FIPS,Incidence_Rate,Case-Fatality_Ratio,Active Cases,Previous Confirmed,Previous Deaths,Previous Recovered,Previous Active,Prev2 Confirmed,Population,Daily Confirmed,Daily Deaths,Daily Recovered,Daily Active,Previous Daily Confirmed
2020-09-03,US,Alabama,Autauga,1349,23,0,32.53952745,-86.64408227,1001.0,2414.5769568096803,1.7049666419570049,1326,1345,23,0,1322,1354,55601,4,0,0,4,-9
2020-09-03,US,Alabama,Baldwin,4495,40,0,30.72774991,-87.72207058,1003.0,2013.5821604235919,0.8898776418242491,4455,4458,38,0,4420,4445,218022,37,2,0,35,13
2020-09-03,US,Alabama,Barbour,614,7,0,31.868263,-85.3871286,1005.0,2487.2397310216315,1.1400651465798046,607,617,7,0,610,629,24881,-3,0,0,-3,-12
2020-09-03,US,Alabama,Bibb,542,6,0,32.99642064,-87.12511459999996,1007.0,2420.291149415021,1.1070110701107012,536,541,7,0,534,538,22400,1,-1,0,2,3
2020-09-03,US,Alabama,Blount,1037,11,0,33.98210918,-86.56790593,1009.0,1793.3109673849133,1.0607521697203472,1026,1036,11,0,1025,1045,57840,1,0,0,1,-9
2020-09-03,US,Alabama,Bullock,541,13,0,32.10030533,-85.71265535,1011.0,5355.9053559053555,2.4029574861367844,528,540,13,0,527,541,10138,1,0,0,1,-1
2020-09-03,US,Alabama,Butler,841,36,0,31.75300095,-86.68057478,1013.0,4324.3521184697665,4.280618311533888,805,839,36,0,803,840,19680,2,0,0,2,-1
2020-09-03,US,Alabama,Calhoun,2447,31,0,33.77483727,-85.82630386,1015.0,2153.954491439637,1.26685737637924,2416,2413,32,0,2381,2411,114277,34,-1,0,35,2
2020-09-03,US,Alabama,Chambers,850,39,0,32.91360079,-85.39072749,1017.0,2556.083478679257,4.588235294117646,811,861,39,0,822,874,33615,-11,0,0,-11,-13
2020-09-03,US,Alabama,Cherokee,354,11,0,34.17805983,-85.60638968,1019.0,1351.3513513513512,3.1073446327683616,343,354,11,0,343,353,26032,0,0,0,0,1
2020-09-03,US,Alabama,Chilton,1102,10,0,32.85044126,-86.7173256,1021.0,2480.4177545691905,0.9074410163339384,1092,1096,10,0,1086,1107,44153,6,0,0,6,-11
2020-09-03,US,Alabama,Choctaw,319,12,0,32.02227341,-88.26564429999998,1023.0,2533.958217491461,3.761755485893417,307,316,12,0,304,316,12841,3,0,0,3,0
2020-09-03,US,Alabama,Clarke,917,13,0,31.68099859,-87.83548597,1025.0,3881.974430615528,1.4176663031624863,904,922,13,0,909,925,23920,-5,0,0,-5,-3
2020-09-03,US,Alabama,Clay,368,6,0,33.26984193,-85.85836077,1027.0,2780.506233471855,1.6304347826086956,362,366,6,0,360,361,13275,2,0,0,2,5
2020-09-03,US,Alabama,Cleburne,222,5,0,33.67679204,-85.52005899,1029.0,1488.933601609658,2.2522522522522523,217,207,5,0,202,206,14987,15,0,0,15,1
2020-09-03,US,Alabama,Coffee,959,5,0,31.39932826,-85.98901039,1031.0,1832.1806579802071,0.5213764337851929,954,959,5,0,954,968,51909,0,0,0,0,-9
2020-09-03,US,Alabama,Colbert,1458,22,0,34.69847452,-87.80168544,1033.0,2639.343965532847,1.5089163237311385,1436,1447,22,0,1425,1441,54762,11,0,0,11,6
2020-09-03,US,Alabama,Conecuh,432,11,0,31.43401703,-86.99320044,1035.0,3580.0116018894505,2.5462962962962963,421,433,11,0,422,437,12277,-1,0,0,-1,-4
2020-09-03,US,Alabama,Coosa,110,3,0,32.93690146,-86.24847739,1037.0,1031.6046140860922,2.727272727272727,107,112,3,0,109,111,10715,-2,0,0,-2,1
2020-09-03,US,Alabama,Covington,800,25,0,31.247785399999998,-86.45050893,1039.0,2159.302545277875,3.125,775,806,25,0,781,816,36986,-6,0,0,-6,-10
2020-09-03,US,Alabama,Crenshaw,394,28,0,31.72941803,-86.31593104,1041.0,2860.8771420273024,7.1065989847715745,366,396,28,0,368,396,13824,-2,0,0,-2,0
2020-09-03,US,Alabama,Cullman,1448,15,0,34.13020303,-86.86888037,1043.0,1728.583707382294,1.0359116022099448,1433,1454,14,0,1440,1463,83442,-6,1,0,-7,-9
2020-09-03,US,Alabama,Dale,1015,41,0,31.43037123,-85.61095742,1045.0,2064.182868299032,4.039408866995074,974,1018,39,0,979,1021,48956,-3,2,0,-5,-3
2020-09-03,US,Alabama,Dallas,1428,25,0,32.32688101,-87.10866709999998,1047.0,3839.1224862888484,1.7507002801120448,1403,1429,25,0,1404,1431,38310,-1,0,0,-1,-2
2020-09-03,US,Alabama,DeKalb,2080,15,0,34.45946862,-85.80782906,1049.0,2908.5620796218873,0.7211538461538461,2065,2071,15,0,2056,2068,71385,9,0,0,9,3
2020-09-03,US,Alabama,Elmore,2054,43,0,32.59785413,-86.14415284,1051.0,2529.276311738847,2.093476144109056,2011,2048,44,0,2004,2048,81887,6,-1,0,7,0
2020-09-03,US,Alabama,Escambia,1234,22,0,31.1256789,-87.15918694,1053.0,3368.5474845085027,1.7828200972447326,1212,1237,22,0,1215,1240,36748,-3,0,0,-3,-3
2020-09-03,US,Alabama,Etowah,2708,42,0,34.04567266,-86.04051873,1055.0,2647.9446161067003,1.55096011816839,2666,2700,42,0,2658,2697,102501,8,0,0,8,3
2020-09-03,US,Alabama,Fayette,300,6,0,33.72076938,-87.73886638,1057.0,1840.2649981597351,2.0,294,296,6,0,290,292,16433,4,0,0,4,4
2020-09-03,US,Alabama,Franklin,1570,27,0,34.44235334,-87.84289505,1059.0,5006.0582870990365,1.7197452229299364,1543,1555,27,0,1528,1543,31363,15,0,0,15,12
2020-09-03,US,Alabama,Geneva,387,3,0,31.09389027,-85.83572839,1061.0,1473.107228502912,0.7751937984496124,384,392,3,0,389,391,26314,-5,0,0,-5,1
2020-09-03,US,Alabama,Greene,278,14,0,32.85504247,-87.95684022,1063.0,3427.4442115645425,5.035971223021583,264,279,15,0,264,278,8233,-1,-1,0,0,1
2020-09-03,US,Alabama,Hale,531,27,0,32.76039258,-87.63284988,1065.0,3624.325984574432,5.084745762711863,504,535,27,0,508,535,14726,-4,0,0,-4,0
2020-09-03,US,Alabama,Henry,338,3,0,31.51148016,-85.24267944,1067.0,1964.545190351642,0.8875739644970414,335,336,3,0,333,333,17209,2,0,0,2,3
2020-09-03,US,Alabama,Houston,1875,15,0,31.15197924,-85.29939599,1069.0,1770.8392361307874,0.8,1860,1867,15,0,1852,1854,104722,8,0,0,8,13
2020-09-03,US,Alabama,Jackson,1294,7,0,34.78144169,-85.99750489,1071.0,2506.488978421725,0.5409582689335394,1287,1288,7,0,1281,1276,51736,6,0,0,6,12
2020-09-03,US,Alabama,Jefferson,16240,305,0,33.55554728,-86.89506300000002,1073.0,2465.9377168514347,1.8780788177339904,15935,16170,299,0,15871,16072,659300,70,6,0,64,98
2020-09-03,US,Alabama,Lamar,276,2,0,33.77995024,-88.09668032,1075.0,1999.2756247736331,0.7246376811594203,274,277,2,0,275,277,13844,-1,0,0,-1,0
2020-09-03,US,Alabama,Lauderdale,1443,24,0,34.90171875,-87.65624729,1077.0,1556.1474835272675,1.6632016632016633,1419,1433,24,0,1409,1424,92387,10,0,0,10,9
2020-09-03,US,Alabama,Lawrence,486,5,0,34.52041498,-87.31069453,1079.0,1476.1268375653021,1.02880658436214,481,469,5,0,464,466,32957,17,0,0,17,3
2020-09-03,US,Alabama,Lee,3384,49,0,32.60154883,-85.35132246,1081.0,2056.617763245858,1.4479905437352243,3335,3371,49,0,3322,3395,163941,13,0,0,13,-24
2020-09-03,US,Alabama,Limestone,1667,15,0,34.81185586,-86.98310072,1083.0,1685.285346004145,0.8998200359928015,1652,1661,15,0,1646,1662,96174,6,0,0,6,-1
2020-09-03,US,Alabama,Lowndes,600,24,0,32.1597283,-86.65158371,1085.0,6169.031462060457,4.0,576,602,24,0,578,604,9974,-2,0,0,-2,-2
2020-09-03,US,Alabama,Macon,401,17,0,32.38759944,-85.69267724,1087.0,2219.3934027009077,4.239401496259352,384,399,17,0,382,399,18439,2,0,0,2,0
2020-09-03,US,Alabama,Madison,6382,55,0,34.76327133,-86.55069633,1089.0,1711.4094859603815,0.8617988091507365,6327,6345,54,0,6291,6329,366519,37,1,0,36,16
2020-09-03,US,Alabama,Marengo,640,17,0,32.24767634,-87.78796182,1091.0,3392.885543126756,2.65625,623,632,17,0,615,632,19066,8,0,0,8,0
2020-09-03,US,Alabama,Marion,717,27,0,34.13697363,-87.88704173,1093.0,2413.410077754216,3.7656903765690375,690,720,27,0,693,720,29763,-3,0,0,-3,0
2020-09-03,US,Alabama,Marshall,3485,41,0,34.36975964,-86.30486727,1095.0,3601.1738690144048,1.1764705882352942,3444,3492,41,0,3451,3493,96109,-7,0,0,-7,-1
2020-09-03,US,Alabama,Mobile,12123,262,0,30.78472347,-88.20842409,1097.0,2933.859296725636,2.161181225769199,11861,12098,261,0,11837,12083,413757,25,1,0,24,15
2020-09-03,US,Alabama,Monroe,435,6,0,31.56729412,-87.36995001,1099.0,2098.1044711329764,1.3793103448275863,429,438,6,0,432,444,21067,-3,0,0,-3,-6
2020-09-03,US,Alabama,Montgomery,7826,161,0,32.2206831,-86.20969272,1101.0,3455.401216852256,2.0572450805008944,7665,7804,161,0,7643,7792,225763,22,0,0,22,12
2020-09-03,US,Alabama,Morgan,2842,22,0,34.45500589,-86.85475946,1103.0,2374.685617359771,0.7741027445460943,2820,2831,22,0,2809,2830,119089,11,0,0,11,1
2020-09-03,US,Alabama,Perry,479,5,0,32.64048341,-87.29770589,1105.0,5368.149725428668,1.0438413361169103,474,480,5,0,475,480,9140,-1,0,0,-1,0
2020-09-03,US,Alabama,Pickens,537,11,0,33.28094866,-88.08818103,1107.0,2694.4305067737077,2.0484171322160147,526,537,11,0,526,534,19938,0,0,0,0,3
2020-09-03,US,Alabama,Pike,837,7,0,31.80396383,-85.9408295,1109.0,2527.6318173582167,0.8363201911589009,830,833,7,0,826,832,33338,4,0,0,4,1
2020-09-03,US,Alabama,Randolph,481,11,0,33.29526734,-85.45708831,1111.0,2116.8911187395474,2.286902286902287,470,479,11,0,468,480,22725,2,0,0,2,-1
2020-09-03,US,Alabama,Russell,1556,2,0,32.28725256,-85.18415324,1113.0,2684.5637583892617,0.12853470437017994,1554,1548,2,0,1546,1553,57781,8,0,0,8,-5
2020-09-03,US,Alabama,Shelby,4169,40,0,33.26879845,-86.66232561,1117.0,1915.003077601492,0.9594627008875029,4129,4158,42,0,4116,4166,215707,11,-2,0,13,-8
2020-09-03,US,Alabama,St. Clair,1667,29,0,33.71902176,-86.31029372,1115.0,1862.3201358477081,1.7396520695860829,1638,1670,29,0,1641,1671,88690,-3,0,0,-3,-1
2020-09-03,US,Alabama,Sumter,401,19,0,32.59117397,-88.19916205,1119.0,3226.8447734771057,4.7381546134663335,382,399,19,0,380,399,12691,2,0,0,2,0
2020-09-03,US,Alabama,Talladega,1276,20,0,33.37823223,-86.16886178,1121.0,1595.4387456550546,1.567398119122257,1256,1290,20,0,1270,1314,79828,-14,0,0,-14,-24
2020-09-03,US,Alabama,Tallapoosa,932,82,0,32.86698258,-85.79833053,1123.0,2308.8166076250404,8.798283261802576,850,934,82,0,852,931,40497,-2,0,0,-2,3
2020-09-03,US,Alabama,Tuscaloosa,5218,91,0,33.28726072,-87.52556818,1125.0,2492.4171861192717,1.7439632042928326,5127,5201,92,0,5109,5187,208911,17,-1,0,18,14
2020-09-03,US,Alabama,Unassigned,10684,113,0,0.0,0.0,90001.0,0.0,1.0576563084986896,10571,10019,103,0,9916,9482,,665,10,0,655,537
2020-09-03,US,Alabama,Walker,1881,74,0,33.80270512,-87.30027177,1127.0,2961.2254215141447,3.934077618288145,1807,1850,74,0,1776,1843,63711,31,0,0,31,7
2020-09-03,US,Alabama,Washington,501,13,0,31.4092794,-88.20689944,1129.0,3068.7247335538405,2.594810379241517,488,500,13,0,487,503,16378,1,0,0,1,-3
2020-09-03,US,Alabama,Wilcox,471,11,0,31.98773215,-87.30891118,1131.0,4540.634339149716,2.335456475583864,460,474,11,0,463,479,10627,-3,0,0,-3,-5
2020-09-03,US,Alabama,Winston,557,11,0,34.15030532,-87.37325922,1133.0,2357.2728426933004,1.9748653500897664,546,556,11,0,545,556,23660,1,0,0,1,0
2020-09-03,US,Alaska,Aleutians East,2,0,0,55.32222414,-161.9722021,2013.0,59.93407252022774,0.0,2,2,0,0,2,2,3515,0,0,0,0,0
2020-09-03,US,Alaska,Aleutians West,6,0,0,52.3233,-174.1596,2016.0,106.49627263045794,0.0,6,6,0,0,6,7,5723,0,0,0,0,-1
2020-09-03,US,Alaska,Anchorage,3105,24,0,61.14998174,-149.14269860000005,2020.0,1078.125,0.7729468599033816,3081,3050,23,0,3027,3018,291538,55,1,0,54,32
2020-09-03,US,Alaska,Bethel,59,1,0,60.90980451,-159.8561831,2050.0,320.89633416730123,1.6949152542372878,58,59,1,0,58,59,18216,0,0,0,0,0
2020-09-03,US,Alaska,Bristol Bay,10,0,0,58.74513976,-156.701064,2060.0,1196.1722488038274,0.0,10,10,0,0,10,10,877,0,0,0,0,0
2020-09-03,US,Alaska,Denali,2,0,0,63.67264044,-150.0076108,2068.0,95.37434430138292,0.0,2,2,0,0,2,2,2059,0,0,0,0,0
2020-09-03,US,Alaska,Dillingham,5,0,0,59.79603738,-158.23819419999995,2070.0,101.70870626525631,0.0,5,5,0,0,5,5,5000,0,0,0,0,0
2020-09-03,US,Alaska,Fairbanks North Star,691,8,0,64.80726247,-146.5692662,2090.0,713.4818118927403,1.1577424023154848,683,666,8,0,658,644,98971,25,0,0,25,22
2020-09-03,US,Alaska,Haines,4,0,0,59.09893571,-135.4679843,2100.0,158.10276679841897,0.0,4,4,0,0,4,5,2474,0,0,0,0,-1
2020-09-03,US,Alaska,Juneau,180,1,0,58.45031811,-134.200436,2110.0,562.957402889848,0.5555555555555556,179,178,1,0,177,177,32113,2,0,0,2,1
2020-09-03,US,Alaska,Kenai Peninsula,418,2,0,60.24429722,-151.53888840000005,2122.0,711.9983647884445,0.4784688995215311,416,416,2,0,414,412,58533,2,0,0,2,4
2020-09-03,US,Alaska,Ketchikan Gateway,47,0,0,55.57445008,-130.975561,2130.0,338.1051722897633,0.0,47,47,0,0,47,47,13918,0,0,0,0,0
2020-09-03,US,Alaska,Kodiak Island,17,0,0,57.65529415,-153.7493579,2150.0,130.789352208032,0.0,17,15,0,0,15,15,13345,2,0,0,2,0
2020-09-03,US,Alaska,Kusilvak,8,0,0,62.15429159999999,-163.39678830000003,2158.0,96.22323791195574,0.0,8,8,0,0,8,8,8303,0,0,0,0,0
2020-09-03,US,Alaska,Matanuska-Susitna,487,2,0,62.31305045,-149.5741743,2170.0,449.6062483266708,0.4106776180698152,485,481,2,0,479,476,107610,6,0,0,6,5
2020-09-03,US,Alaska,Nome,44,0,0,64.90320724,-164.0353804,2180.0,439.8240703718512,0.0,44,41,0,0,41,41,10008,3,0,0,3,0
2020-09-03,US,Alaska,North Slope,42,0,0,69.31479216,-153.4836093,2185.0,427.1765663140765,0.0,42,41,0,0,41,39,9872,1,0,0,1,2
2020-09-03,US,Alaska,Northwest Arctic,69,0,0,67.04919196,-159.7503946,2188.0,905.3929930455321,0.0,69,66,0,0,66,66,7671,3,0,0,3,0
2020-09-03,US,Alaska,Petersburg,7,1,0,57.13978948,-132.9540995,2195.0,214.32945499081444,14.285714285714285,6,7,1,0,6,7,3221,0,0,0,0,0
2020-09-03,US,Alaska,Prince of Wales-Hyder,26,0,0,55.76261984,-133.0511621,2198.0,419.1520232145736,0.0,26,25,0,0,25,25,6422,1,0,0,1,0
2020-09-03,US,Alaska,Sitka,38,0,0,57.24124555,-135.3206587,2220.0,447.42729306487695,0.0,38,38,0,0,38,38,8647,0,0,0,0,0
2020-09-03,US,Alaska,Southeast Fairbanks,19,0,0,63.87692095,-143.2127643,2240.0,275.6419556071377,0.0,19,19,0,0,19,18,6918,0,0,0,0,1
2020-09-03,US,Alaska,Unassigned,1,0,0,0.0,0.0,90002.0,0.0,0.0,1,1,0,0,1,2,,0,0,0,0,-1
2020-09-03,US,Alaska,Valdez-Cordova,74,0,0,61.47502768,-144.7126799,2261.0,804.1730058682895,0.0,74,73,0,0,73,73,9164,1,0,0,1,0
2020-09-03,US,Alaska,Wrangell,12,0,0,56.3202004,-132.05837309999998,2275.0,479.61630695443637,0.0,12,11,0,0,11,11,2503,1,0,0,1,0
2020-09-03,US,Alaska,Yakutat,20,0,0,59.890980799999994,-140.36014509999998,2282.0,3454.231433506045,0.0,20,20,0,0,20,19,604,0,0,0,0,1
2020-09-03,US,Alaska,Yukon-Koyukuk,71,1,0,65.50815459,-151.39073869999999,2290.0,1357.5525812619505,1.4084507042253518,70,71,1,0,70,71,5327,0,0,0,0,0
2020-09-03,US,Arizona,Apache,3355,154,0,35.39465006,-109.4892383,4001.0,4667.046893040466,4.590163934426228,3201,3351,154,0,3197,3341,71818,4,0,0,4,10
2020-09-03,US,Arizona,Cochise,1832,62,0,31.87934684,-109.7516088,4003.0,1454.8688870888327,3.3842794759825328,1770,1830,62,0,1768,1824,126770,2,0,0,2,6
2020-09-03,US,Arizona,Coconino,3355,127,0,35.83883429,-111.77071780000001,4005.0,2338.3701803786,3.7853949329359167,3228,3346,127,0,3219,3334,142854,9,0,0,9,12
2020-09-03,US,Arizona,Gila,1122,48,0,33.80190085,-110.8132779,4007.0,2077.0854159724536,4.2780748663101615,1074,1117,48,0,1069,1113,53889,5,0,0,5,4
2020-09-03,US,Arizona,Graham,744,22,0,32.93166885,-109.8882178,4009.0,1915.698946880552,2.956989247311828,722,735,22,0,713,717,38072,9,0,0,9,18
2020-09-03,US,Arizona,Greenlee,58,1,0,33.21498827,-109.2405279,4011.0,610.6548747104654,1.7241379310344829,57,58,1,0,57,58,9483,0,0,0,0,0
2020-09-03,US,Arizona,La Paz,512,15,0,33.72854224,-113.98100290000001,4012.0,2425.620617775251,2.9296875,497,498,15,0,483,498,21098,14,0,0,14,0
2020-09-03,US,Arizona,Maricopa,135109,3030,0,33.34835867,-112.49181540000001,4013.0,3012.185720203308,2.2426337253624853,132079,134346,2995,0,131351,134004,4410824,763,35,0,728,342
2020-09-03,US,Arizona,Mohave,3675,210,0,35.70471703,-113.7577902,4015.0,1732.0118200969926,5.7142857142857135,3465,3651,206,0,3445,3639,209550,24,4,0,20,12
2020-09-03,US,Arizona,Navajo,5631,222,0,35.3997715,-110.3218983,4017.0,5076.448739677618,3.9424613745338304,5409,5625,220,0,5405,5602,110445,6,2,0,4,23
2020-09-03,US,Arizona,Pima,21443,590,0,32.0971334,-111.7890033,4019.0,2047.4964169051416,2.751480669682414,20853,21294,574,0,20720,21286,1039073,149,16,0,133,8
2020-09-03,US,Arizona,Pinal,9744,187,0,32.90525627,-111.3449483,4021.0,2105.4951608616448,1.9191297208538587,9557,9690,186,0,9504,9616,447138,54,1,0,53,74
2020-09-03,US,Arizona,Santa Cruz,2761,58,0,31.52508998,-110.8479088,4023.0,5937.889801711902,2.1006881564650492,2703,2732,57,0,2675,2732,46511,29,1,0,28,0
2020-09-03,US,Arizona,Unassigned,1,1,0,0.0,0.0,90004.0,0.0,100.0,0,0,1,0,-1,0,,1,0,0,1,0
2020-09-03,US,Arizona,Yavapai,2342,78,0,34.59933926,-112.5538588,4025.0,996.176079013522,3.3304867634500432,2264,2324,77,0,2247,2321,231993,18,1,0,17,3
2020-09-03,US,Arizona,Yuma,12269,325,0,32.76895712,-113.90666740000002,4027.0,5738.889642494632,2.6489526448773333,11944,12264,320,0,11944,12257,212128,5,5,0,0,7
2020-09-03,US,Arkansas,Arkansas,287,3,0,34.29145151,-91.37277296,5001.0,1641.3130504403525,1.0452961672473868,284,286,3,0,283,284,17769,1,0,0,1,2
2020-09-03,US,Arkansas,Ashley,388,7,0,33.19153461,-91.76984709999999,5003.0,1973.8515541537365,1.8041237113402064,381,388,7,0,381,388,20046,0,0,0,0,0
2020-09-03,US,Arkansas,Baxter,144,0,0,36.28784385,-92.33782872,5005.0,343.4131450920538,0.0,144,140,0,0,140,139,41619,4,0,0,4,1
2020-09-03,US,Arkansas,Benton,5503,58,0,36.33644656,-94.25680817,5007.0,1971.405132173346,1.0539705615119026,5445,5453,57,0,5396,5394,272608,50,1,0,49,59
2020-09-03,US,Arkansas,Boone,388,3,0,36.3084504,-93.09374925,5009.0,1036.5462705706348,0.7731958762886598,385,374,3,0,371,369,37480,14,0,0,14,5
2020-09-03,US,Arkansas,Bradley,300,6,0,33.46755808,-92.15980837,5011.0,2787.32695345164,2.0,294,296,6,0,290,295,10897,4,0,0,4,1
2020-09-03,US,Arkansas,Calhoun,23,0,0,33.55598792,-92.49974403,5013.0,443.24532665253423,0.0,23,23,0,0,23,24,5277,0,0,0,0,-1
2020-09-03,US,Arkansas,Carroll,479,7,0,36.34038560000001,-93.54270261,5015.0,1687.8083157152923,1.4613778705636744,472,474,7,0,467,470,28223,5,0,0,5,4
2020-09-03,US,Arkansas,Chicot,964,11,0,33.26458973,-91.29539209,5017.0,9527.574619490018,1.1410788381742738,953,963,11,0,952,962,10438,1,0,0,1,1
2020-09-03,US,Arkansas,Clark,243,4,0,34.04613432,-93.17484713,5019.0,1088.7096774193546,1.6460905349794241,239,239,4,0,235,236,22061,4,0,0,4,3
2020-09-03,US,Arkansas,Clay,190,5,0,36.36826212,-90.4148172,5021.0,1305.75218198062,2.631578947368421,185,185,5,0,180,182,14847,5,0,0,5,3
2020-09-03,US,Arkansas,Cleburne,259,7,0,35.53864922,-92.02640019,5023.0,1039.3675508648018,2.702702702702702,252,257,7,0,250,259,24965,2,0,0,2,-2
2020-09-03,US,Arkansas,Cleveland,139,5,0,33.89723187,-92.18537045,5025.0,1747.1091000502765,3.5971223021582728,134,138,5,0,133,137,8018,1,0,0,1,1
2020-09-03,US,Arkansas,Columbia,311,15,0,33.21230701,-93.22642793,5027.0,1325.8302425715135,4.823151125401928,296,303,15,0,288,297,23537,8,0,0,8,6
2020-09-03,US,Arkansas,Conway,213,3,0,35.26205537,-92.70506566,5029.0,1021.778758514823,1.4084507042253518,210,212,3,0,209,210,20891,1,0,0,1,2
2020-09-03,US,Arkansas,Craighead,1958,16,0,35.83018283,-90.63235729,5031.0,1774.6438023420224,0.8171603677221655,1942,1932,15,0,1917,1881,108558,26,1,0,25,51
2020-09-03,US,Arkansas,Crawford,952,9,0,35.58928601,-94.2446814,5033.0,1504.9717817790915,0.9453781512605042,943,939,9,0,930,931,63406,13,0,0,13,8
2020-09-03,US,Arkansas,Crittenden,1685,35,0,35.21247318,-90.30839406,5035.0,3513.7107705140234,2.0771513353115734,1650,1659,35,0,1624,1648,48342,26,0,0,26,11
2020-09-03,US,Arkansas,Cross,289,5,0,35.29631396,-90.77185818,5037.0,1760.155916925513,1.7301038062283738,284,283,5,0,278,280,16676,6,0,0,6,3
2020-09-03,US,Arkansas,Dallas,132,2,0,33.97042763,-92.65167437,5039.0,1883.2929091168494,1.5151515151515151,130,128,2,0,126,127,7182,4,0,0,4,1
2020-09-03,US,Arkansas,Desha,249,5,0,33.83011025,-91.25500948,5041.0,2191.708476366517,2.0080321285140563,244,244,5,0,239,243,11512,5,0,0,5,1
2020-09-03,US,Arkansas,Drew,309,5,0,33.59035001,-91.71777921,5043.0,1696.0316153466165,1.6181229773462784,304,308,5,0,303,305,18328,1,0,0,1,3
2020-09-03,US,Arkansas,Faulkner,1747,9,0,35.14719007,-92.33717519,5045.0,1386.4309125683496,0.5151688609044076,1738,1719,9,0,1710,1703,124806,28,0,0,28,16
2020-09-03,US,Arkansas,Franklin,178,2,0,35.51202821,-93.89299569,5047.0,1004.798193621225,1.1235955056179776,176,174,2,0,172,168,17810,4,0,0,4,6
2020-09-03,US,Arkansas,Fulton,77,0,0,36.38177105,-91.81729127,5049.0,617.1355293740482,0.0,77,72,0,0,72,71,12269,5,0,0,5,1
2020-09-03,US,Arkansas,Garland,1479,30,0,34.57692074,-93.14921604,5051.0,1488.1371621757596,2.028397565922921,1449,1458,30,0,1428,1434,99154,21,0,0,21,24
2020-09-03,US,Arkansas,Grant,197,1,0,34.29017991,-92.42320562,5053.0,1078.5655625513277,0.5076142131979695,196,193,1,0,192,191,18188,4,0,0,4,2
2020-09-03,US,Arkansas,Greene,652,5,0,36.11735460000001,-90.55832668,5055.0,1438.49972421401,0.7668711656441718,647,648,5,0,643,635,45325,4,0,0,4,13
2020-09-03,US,Arkansas,Hempstead,335,3,0,33.73325583,-93.66935133,5057.0,1555.8238900241504,0.8955223880597015,332,334,3,0,331,330,21741,1,0,0,1,4
2020-09-03,US,Arkansas,Hot Spring,1731,21,0,34.31709259,-92.95396325,5059.0,5125.699564715288,1.2131715771230502,1710,1728,21,0,1707,1719,33701,3,0,0,3,9
2020-09-03,US,Arkansas,Howard,429,5,0,34.09007427,-93.9934871,5061.0,3249.507650356007,1.1655011655011656,424,427,5,0,422,425,13341,2,0,0,2,2
2020-09-03,US,Arkansas,Independence,791,7,0,35.74242707,-91.57001641,5063.0,2091.209517514871,0.8849557522123894,784,788,7,0,781,770,37678,3,0,0,3,18
2020-09-03,US,Arkansas,Izard,108,0,0,36.09604046,-91.90847954,5065.0,792.4279110719789,0.0,108,106,0,0,106,105,13593,2,0,0,2,1
2020-09-03,US,Arkansas,Jackson,191,1,0,35.59802983,-91.21494602,5067.0,1142.4128237334774,0.5235602094240838,190,187,1,0,186,184,16811,4,0,0,4,3
2020-09-03,US,Arkansas,Jefferson,2166,51,0,34.26767081,-91.92619839,5069.0,3241.3504130252604,2.3545706371191137,2115,2129,51,0,2078,2112,68114,37,0,0,37,17
2020-09-03,US,Arkansas,Johnson,770,4,0,35.56759135,-93.46036368,5071.0,2897.1329671156604,0.5194805194805194,766,766,4,0,762,765,26742,4,0,0,4,1
2020-09-03,US,Arkansas,Lafayette,75,2,0,33.24116713,-93.60677071,5073.0,1132.2463768115942,2.6666666666666665,73,72,2,0,70,70,6682,3,0,0,3,2
2020-09-03,US,Arkansas,Lawrence,258,11,0,36.04188196,-91.10867198,5075.0,1572.5953919297815,4.263565891472869,247,253,11,0,242,250,16434,5,0,0,5,3
2020-09-03,US,Arkansas,Lee,1007,11,0,34.78498904,-90.78383866,5077.0,11369.538218358359,1.0923535253227408,996,1006,11,0,995,1004,8985,1,0,0,1,2
2020-09-03,US,Arkansas,Lincoln,1617,13,0,33.95317155,-91.74002806,5079.0,12415.54054054054,0.8039579468150897,1604,1610,13,0,1597,1608,13383,7,0,0,7,2
2020-09-03,US,Arkansas,Little River,296,15,0,33.70375665,-94.23468591,5081.0,2414.5525736193813,5.067567567567568,281,287,15,0,272,284,12326,9,0,0,9,3
2020-09-03,US,Arkansas,Logan,367,1,0,35.21413234,-93.71951016,5083.0,1709.6804248579147,0.2724795640326976,366,365,1,0,364,365,21737,2,0,0,2,0
2020-09-03,US,Arkansas,Lonoke,749,4,0,34.75392199,-91.88742357,5085.0,1021.7026558812697,0.5340453938584779,745,740,4,0,736,728,73657,9,0,0,9,12
2020-09-03,US,Arkansas,Madison,302,2,0,36.01038185,-93.72524943,5087.0,1821.9111969111968,0.6622516556291391,300,299,2,0,297,296,16481,3,0,0,3,3
2020-09-03,US,Arkansas,Marion,48,0,0,36.26844485,-92.68451899,5089.0,287.5284533365281,0.0,48,46,0,0,46,46,16722,2,0,0,2,0
2020-09-03,US,Arkansas,Miller,638,9,0,33.31403423,-93.89285258,5091.0,1474.905795593777,1.4106583072100314,629,621,9,0,612,612,43592,17,0,0,17,9
2020-09-03,US,Arkansas,Mississippi,1388,31,0,35.76271485,-90.05194370000002,5093.0,3414.43014931982,2.23342939481268,1357,1374,22,0,1352,1352,41239,14,9,0,5,22
2020-09-03,US,Arkansas,Monroe,96,0,0,34.6815935,-91.20540287,5095.0,1432.621996716908,0.0,96,96,0,0,96,95,6900,0,0,0,0,1
2020-09-03,US,Arkansas,Montgomery,116,4,0,34.53704874,-93.65824478,5097.0,1290.8969508123748,3.4482758620689653,112,104,3,0,101,104,8924,12,1,0,11,0
2020-09-03,US,Arkansas,Nevada,162,12,0,33.66340119,-93.30632432,5099.0,1963.1604459524967,7.407407407407407,150,162,12,0,150,162,8326,0,0,0,0,0
2020-09-03,US,Arkansas,Newton,134,15,0,35.91947491,-93.21612969,5101.0,1728.363214239649,11.194029850746267,119,121,15,0,106,120,7805,13,0,0,13,1
2020-09-03,US,Arkansas,Ouachita,173,4,0,33.58839816,-92.87795984,5103.0,739.8853819177144,2.3121387283237,169,159,4,0,155,158,23606,14,0,0,14,1
2020-09-03,US,Arkansas,Perry,62,0,0,34.945915299999996,-92.94372564,5105.0,593.0176948828313,0.0,62,63,1,0,62,63,10352,-1,-1,0,0,0
2020-09-03,US,Arkansas,Phillips,409,10,0,34.43268455,-90.84800154,5107.0,2300.078731301316,2.444987775061125,399,407,10,0,397,407,18029,2,0,0,2,0
2020-09-03,US,Arkansas,Pike,179,1,0,34.16250414,-93.65789349,5109.0,1670.087702929651,0.5586592178770949,178,177,1,0,176,177,10673,2,0,0,2,0
2020-09-03,US,Arkansas,Poinsett,503,6,0,35.57433534,-90.66268713,5111.0,2137.878272696362,1.1928429423459244,497,493,6,0,487,489,23974,10,0,0,10,4
2020-09-03,US,Arkansas,Polk,230,4,0,34.48254879,-94.22728802,5113.0,1152.073732718894,1.7391304347826086,226,226,4,0,222,225,20049,4,0,0,4,1
2020-09-03,US,Arkansas,Pope,1806,19,0,35.44871474,-93.03212219,5115.0,2818.7039580471974,1.0520487264673308,1787,1787,18,0,1769,1776,64000,19,1,0,18,11
2020-09-03,US,Arkansas,Prairie,118,1,0,34.83624419,-91.55162157,5117.0,1463.6566608781939,0.8474576271186439,117,115,0,0,115,115,8074,3,1,0,2,0
2020-09-03,US,Arkansas,Pulaski,7276,112,0,34.77054088,-92.31355101,5119.0,1856.5439602358701,1.539307311709731,7164,7182,112,0,7070,7121,392680,94,0,0,94,61
2020-09-03,US,Arkansas,Randolph,312,13,0,36.3415714,-91.02455531,5121.0,1737.3872368860675,4.166666666666667,299,311,12,0,299,311,17948,1,1,0,0,0
2020-09-03,US,Arkansas,Saline,1653,13,0,34.64916145,-92.67583224,5125.0,1350.0820830304565,0.7864488808227466,1640,1617,13,0,1604,1591,121421,36,0,0,36,26
2020-09-03,US,Arkansas,Scott,88,0,0,34.85588887,-94.0632176,5127.0,855.9478649936776,0.0,88,87,0,0,87,86,10319,1,0,0,1,1
2020-09-03,US,Arkansas,Searcy,111,0,0,35.9109364,-92.69936482,5129.0,1408.4507042253522,0.0,111,101,0,0,101,101,7958,10,0,0,10,0
2020-09-03,US,Arkansas,Sebastian,2946,35,0,35.19605503,-94.27162713,5131.0,2304.6774155694807,1.1880515953835709,2911,2910,35,0,2875,2900,127753,36,0,0,36,10
2020-09-03,US,Arkansas,Sevier,1163,13,0,33.99780401,-94.2424869,5133.0,6838.360675016171,1.1177987962166809,1150,1160,13,0,1147,1159,17139,3,0,0,3,1
2020-09-03,US,Arkansas,Sharp,152,5,0,36.16258158,-91.47819342,5135.0,871.4596949891068,3.2894736842105265,147,149,5,0,144,149,17366,3,0,0,3,0
2020-09-03,US,Arkansas,St. Francis,1357,4,0,35.02201976,-90.74828138,5123.0,5429.303032727855,0.2947678703021371,1353,1350,4,0,1346,1348,25439,7,0,0,7,2
2020-09-03,US,Arkansas,Stone,211,3,0,35.86251946,-92.15684085,5137.0,1687.1901487286102,1.4218009478672986,208,202,3,0,199,196,12457,9,0,0,9,6
2020-09-03,US,Arkansas,Unassigned,1029,0,0,0.0,0.0,90005.0,0.0,0.0,1029,956,0,0,956,897,,73,0,0,73,59
2020-09-03,US,Arkansas,Union,707,21,0,33.16887091,-92.59746952,5139.0,1827.7234889612741,2.9702970297029703,686,698,20,0,678,692,39126,9,1,0,8,6
2020-09-03,US,Arkansas,Van Buren,136,2,0,35.58095779,-92.51295036,5141.0,822.0006044122093,1.4705882352941178,134,126,2,0,124,120,16603,10,0,0,10,6
2020-09-03,US,Arkansas,Washington,7203,78,0,35.976844,-94.21800746,5143.0,3011.4512912491064,1.0828821324448146,7125,6991,73,0,6918,6921,236961,212,5,0,207,70
2020-09-03,US,Arkansas,White,551,12,0,35.25688493,-91.74908296,5145.0,699.655886124973,2.177858439201452,539,542,12,0,530,533,78727,9,0,0,9,9
2020-09-03,US,Arkansas,Woodruff,28,0,0,35.18902527,-91.2439489,5147.0,443.0379746835443,0.0,28,27,0,0,27,27,6490,1,0,0,1,0
2020-09-03,US,Arkansas,Yell,1169,25,0,35.00292371,-93.41171338,5149.0,5477.718944754229,2.1385799828913603,1144,1167,25,0,1142,1166,21535,2,0,0,2,1
2020-09-03,US,California,Alameda,18852,295,0,37.64629437,-121.8929271,6001.0,1127.9646317391728,1.5648207086781245,18557,18695,274,0,18421,18445,1666753,157,21,0,136,250
2020-09-03,US,California,Alpine,2,0,0,38.59678594,-119.82235940000001,6003.0,177.14791851195747,0.0,2,2,0,0,2,2,1101,0,0,0,0,0
2020-09-03,US,California,Amador,280,15,0,38.44583082,-120.65696000000001,6005.0,704.3670758703964,5.357142857142857,265,280,15,0,265,280,39383,0,0,0,0,0
2020-09-03,US,California,Butte,2241,23,0,39.66727762,-121.6005252,6007.0,1022.419315102242,1.0263275323516288,2218,2146,23,0,2123,2069,231256,95,0,0,95,77
2020-09-03,US,California,Calaveras,257,2,0,38.20537103,-120.55291299999999,6009.0,559.8518679882366,0.7782101167315175,255,257,2,0,255,236,45602,0,0,0,0,21
2020-09-03,US,California,Colusa,466,6,0,39.17881957,-122.2331726,6011.0,2162.714066923469,1.2875536480686696,460,456,6,0,450,445,21627,10,0,0,10,11
2020-09-03,US,California,Contra Costa,14111,183,0,37.91923498,-121.9289527,6013.0,1223.2927562967805,1.2968606052016158,13928,14035,179,0,13856,13938,1150215,76,4,0,72,97
2020-09-03,US,California,Del Norte,124,1,0,41.74228275,-123.89740630000001,6015.0,445.850711922911,0.8064516129032258,123,123,1,0,122,123,27828,1,0,0,1,0
2020-09-03,US,California,El Dorado,980,2,0,38.77965956,-120.5233166,6017.0,508.18541507858725,0.20408163265306126,978,973,2,0,971,967,190678,7,0,0,7,6
2020-09-03,US,California,Fresno,25785,290,0,36.75733899,-119.6466953,6019.0,2580.820157321432,1.1246848943184022,25495,25542,290,0,25252,25185,994400,243,0,0,243,357
2020-09-03,US,California,Glenn,467,3,0,39.59875897,-122.3938452,6021.0,1644.7715986334658,0.6423982869379015,464,463,3,0,460,453,28047,4,0,0,4,10
2020-09-03,US,California,Humboldt,403,4,0,40.69923009,-123.876044,6023.0,297.2897210050312,0.9925558312655088,399,397,4,0,393,393,136373,6,0,0,6,4
2020-09-03,US,California,Imperial,10773,296,0,33.0393082,-115.36690420000001,6025.0,5944.87211323566,2.7476097651536247,10477,10746,296,0,10450,10719,181827,27,0,0,27,27
2020-09-03,US,California,Inyo,182,14,0,36.51112084,-117.41119779999998,6027.0,1008.9251067132324,7.6923076923076925,168,181,14,0,167,179,17987,1,0,0,1,2
2020-09-03,US,California,Kern,29602,296,0,35.34329425,-118.72777959999999,6029.0,3288.373054047869,0.9999324369975,29306,29459,292,0,29167,29324,896764,143,4,0,139,135
2020-09-03,US,California,Kings,6392,75,0,36.07409056,-119.8159973,6031.0,4179.4167647443455,1.1733416770963705,6317,6392,74,0,6318,6340,151366,0,1,0,-1,52
2020-09-03,US,California,Lake,350,5,0,39.10124298,-122.75362439999999,6033.0,543.5964340073929,1.4285714285714286,345,346,5,0,341,345,64382,4,0,0,4,1
2020-09-03,US,California,Lassen,716,0,0,40.67311306,-120.59350990000002,6035.0,2341.935694894188,0.0,716,716,0,0,716,716,30802,0,0,0,0,0
2020-09-03,US,California,Los Angeles,244999,5932,0,34.30828379,-118.22824109999999,6037.0,2440.446147251942,2.421234372385193,239067,243935,5878,0,238057,242521,10105518,1064,54,0,1010,1414
2020-09-03,US,California,Madera,3889,57,0,37.21513971,-119.76655890000002,6039.0,2471.9215392145024,1.4656724093597326,3832,3876,55,0,3821,3836,157672,13,2,0,11,40
2020-09-03,US,California,Marin,6321,96,0,38.07122463,-122.72106310000001,6041.0,2442.1812337245874,1.5187470336971998,6225,6295,96,0,6199,6164,259666,26,0,0,26,131
2020-09-03,US,California,Mariposa,73,2,0,37.57978556,-119.9073334,6043.0,424.34459105969887,2.7397260273972597,71,73,2,0,71,71,17471,0,0,0,0,2
2020-09-03,US,California,Mendocino,716,17,0,39.4381191,-123.39113130000001,6045.0,825.3697448961948,2.3743016759776543,699,714,17,0,697,704,87606,2,0,0,2,10
2020-09-03,US,California,Merced,8122,119,0,37.18922369,-120.72090349999999,6047.0,2924.949582252953,1.4651563654272346,8003,8081,118,0,7963,8032,274765,41,1,0,40,49
2020-09-03,US,California,Modoc,15,0,0,41.58965602,-120.7244817,6049.0,169.66406515100098,0.0,15,13,0,0,13,12,8777,2,0,0,2,1
2020-09-03,US,California,Mono,162,2,0,37.93899289,-118.8872409,6051.0,1121.5729714760457,1.2345679012345678,160,162,2,0,160,162,14250,0,0,0,0,0
2020-09-03,US,California,Monterey,8149,58,0,36.21862405,-121.24133970000001,6053.0,1877.385897373872,0.7117437722419929,8091,8068,58,0,8010,7980,435594,81,0,0,81,88
2020-09-03,US,California,Napa,1454,13,0,38.50735751,-122.33283899999999,6055.0,1055.581368335463,0.8940852819807428,1441,1446,13,0,1433,1434,139417,8,0,0,8,12
2020-09-03,US,California,Nevada,452,5,0,39.30394768,-120.76272809999999,6057.0,453.11011979349405,1.106194690265487,447,450,5,0,445,447,99696,2,0,0,2,3
2020-09-03,US,California,Orange,49142,1018,0,33.70147516,-117.76459979999998,6059.0,1547.4422582542636,2.0715477595539458,48124,49142,1007,0,48135,48825,3185968,0,11,0,-11,317
2020-09-03,US,California,Placer,3083,34,0,39.06167234,-120.72405690000001,6061.0,773.9833152996644,1.102821926694778,3049,3062,34,0,3028,3027,393149,21,0,0,21,35
2020-09-03,US,California,Plumas,45,0,0,40.00355989,-120.8395236,6063.0,239.2726112617643,0.0,45,42,0,0,42,41,18804,3,0,0,3,1
2020-09-03,US,California,Riverside,53703,1053,0,33.74314981,-115.9933578,6065.0,2173.7300175750624,1.96078431372549,52650,53306,1033,0,52273,53153,2450758,397,20,0,377,153
2020-09-03,US,California,Sacramento,18607,317,0,38.45106826,-121.34253740000001,6067.0,1198.8598364236389,1.7036599129359915,18290,18413,304,0,18109,18052,1540975,194,13,0,181,361
2020-09-03,US,California,San Benito,1146,8,0,36.60308176,-121.069975,6069.0,1824.6083301490253,0.6980802792321117,1138,1123,8,0,1115,1112,61537,23,0,0,23,11
2020-09-03,US,California,San Bernardino,48615,744,0,34.84060306,-116.1774685,6071.0,2229.9589236199504,1.5303918543659365,47871,48245,743,0,47502,47879,2171603,370,1,0,369,366
2020-09-03,US,California,San Diego,39446,700,0,33.03484597,-116.73653259999999,6073.0,1181.6087684560844,1.7745779039699845,38746,39121,695,0,38426,38871,3343364,325,5,0,320,250
2020-09-03,US,California,San Francisco,9696,84,0,37.75215114,-122.43856720000001,6075.0,1099.8821392798359,0.8663366336633663,9612,9617,84,0,9533,9544,883305,79,0,0,79,73
2020-09-03,US,California,San Joaquin,18194,361,0,37.93433732,-121.2730061,6077.0,2387.200386276681,1.9841706056941848,17833,17915,344,0,17571,17807,752660,279,17,0,262,108
2020-09-03,US,California,San Luis Obispo,3035,21,0,35.38822029,-120.4039028,6079.0,1072.0176891749172,0.6919275123558485,3014,3006,21,0,2985,2981,284010,29,0,0,29,25
2020-09-03,US,California,San Mateo,8390,132,0,37.422880799999994,-122.32755459999998,6081.0,1094.4815431798406,1.5733015494636473,8258,8311,132,0,8179,8260,769545,79,0,0,79,51
2020-09-03,US,California,Santa Barbara,8229,97,0,34.65329488,-120.0188492,6083.0,1843.005247492156,1.1787580507959654,8132,8164,95,0,8069,8143,446527,65,2,0,63,21
2020-09-03,US,California,Santa Clara,17993,253,0,37.23104908,-121.6970462,6085.0,933.3185327504393,1.406102373145112,17740,17802,250,0,17552,17349,1937570,191,3,0,188,453
2020-09-03,US,California,Santa Cruz,1878,7,0,37.05580291,-122.0066524,6087.0,687.3757837291784,0.3727369542066027,1871,1755,7,0,1748,1744,274255,123,0,0,123,11
2020-09-03,US,California,Shasta,578,12,0,40.76391419,-122.0396884,6089.0,320.9684584629054,2.0761245674740483,566,575,12,0,563,572,180040,3,0,0,3,3
2020-09-03,US,California,Sierra,6,0,0,39.57713498,-120.52007009999998,6091.0,199.6672212978369,0.0,6,6,0,0,6,6,2987,0,0,0,0,0
2020-09-03,US,California,Siskiyou,140,0,0,41.59198861,-122.54074340000001,6093.0,321.5507935414226,0.0,140,138,0,0,138,137,43724,2,0,0,2,1
2020-09-03,US,California,Solano,5631,47,0,38.26827353,-121.9357113,6095.0,1257.9220494903304,0.834665245959865,5584,5588,47,0,5541,5547,446610,43,0,0,43,41
2020-09-03,US,California,Sonoma,6142,93,0,38.52746429,-122.88625060000001,6097.0,1242.4747540134645,1.5141647671768157,6049,6067,89,0,5978,5917,499942,75,4,0,71,150
2020-09-03,US,California,Stanislaus,15021,273,0,37.55862499,-120.9970722,6099.0,2727.8175280572405,1.8174555622129016,14748,14902,267,0,14635,14786,549815,119,6,0,113,116
2020-09-03,US,California,Sutter,1436,10,0,39.03417539,-121.6945899,6101.0,1480.8551010095805,0.6963788300835655,1426,1436,10,0,1426,1409,96807,0,0,0,0,27
2020-09-03,US,California,Tehama,429,1,0,40.12570935,-122.23701709999999,6103.0,659.1481777395365,0.2331002331002331,428,422,1,0,421,421,63916,7,0,0,7,1
2020-09-03,US,California,Trinity,13,0,0,40.64917670000001,-123.114713,6105.0,105.82010582010582,0.0,13,13,0,0,13,13,12535,0,0,0,0,0
2020-09-03,US,California,Tulare,14442,240,0,36.22026558,-118.8020203,6107.0,3097.8453222364033,1.6618196925633568,14202,14305,234,0,14071,14079,465861,137,6,0,131,226
2020-09-03,US,California,Tuolumne,190,2,0,38.02644018,-119.95250929999999,6109.0,348.76463893681847,1.0526315789473684,188,189,2,0,187,189,54539,1,0,0,1,0
2020-09-03,US,California,Ventura,11031,116,0,34.44465746,-119.09106129999999,6111.0,1303.8914617626824,1.0515819055389355,10915,10899,116,0,10783,10866,850967,132,0,0,132,33
2020-09-03,US,California,Yolo,2478,53,0,38.68278902,-121.90182879999999,6113.0,1123.8095238095239,2.138821630347054,2425,2451,52,0,2399,2438,220408,27,1,0,26,13
2020-09-03,US,California,Yuba,944,6,0,39.26255932,-121.35356440000001,6115.0,1199.9796613616718,0.6355932203389829,938,944,6,0,938,927,78041,0,0,0,0,17
2020-09-03,US,Colorado,Adams,7663,200,0,39.87432092,-104.3362578,8001.0,1480.9990317362458,2.6099438862064464,7463,7623,198,0,7425,7578,511868,40,2,0,38,45
2020-09-03,US,Colorado,Alamosa,238,9,0,37.57250606,-105.7885451,8003.0,1466.1492022423458,3.7815126050420167,229,238,9,0,229,238,16683,0,0,0,0,0
2020-09-03,US,Colorado,Arapahoe,8214,369,0,39.64977461,-104.3353617,8005.0,1251.0090010508839,4.492330168005844,7845,8179,369,0,7810,8141,651215,35,0,0,35,38
2020-09-03,US,Colorado,Archuleta,48,0,0,37.19474156,-107.04768670000001,8007.0,342.14840687148046,0.0,48,48,0,0,48,48,13765,0,0,0,0,0
2020-09-03,US,Colorado,Baca,18,0,0,37.31940883,-102.5603223,8009.0,502.65289025411903,0.0,18,18,0,0,18,16,3585,0,0,0,0,2
2020-09-03,US,Colorado,Bent,11,0,0,37.95474293,-103.0720195,8011.0,197.23865877712032,0.0,11,11,0,0,11,11,5882,0,0,0,0,0
2020-09-03,US,Colorado,Boulder,2347,79,0,40.09313619,-105.3546767,8013.0,719.5060638389191,3.365999147848317,2268,2327,79,0,2248,2315,326078,20,0,0,20,12
2020-09-03,US,Colorado,Broomfield,542,33,0,39.95998787,-105.0566324,8014.0,769.1761867593841,6.088560885608857,509,541,33,0,508,540,69267,1,0,0,1,1
2020-09-03,US,Colorado,Chaffee,316,19,0,38.74745778,-106.19265729999998,8015.0,1552.3678522303005,6.012658227848102,297,316,19,0,297,316,20027,0,0,0,0,0
2020-09-03,US,Colorado,Cheyenne,9,0,0,38.82777431,-102.6032558,8017.0,491.53468050245766,0.0,9,9,0,0,9,9,1876,0,0,0,0,0
2020-09-03,US,Colorado,Clear Creek,36,1,0,39.68864463,-105.6463118,8019.0,371.1340206185567,2.7777777777777777,35,35,1,0,34,35,9605,1,0,0,1,0
2020-09-03,US,Colorado,Conejos,31,0,0,37.201606,-106.19174879999998,8021.0,377.8184034125533,0.0,31,31,0,0,31,31,8200,0,0,0,0,0
2020-09-03,US,Colorado,Costilla,32,1,0,37.27732493,-105.4276548,8023.0,823.2570105479805,3.125,31,32,1,0,31,32,3828,0,0,0,0,0
2020-09-03,US,Colorado,Crowley,73,1,0,38.32608609,-103.7844965,8025.0,1204.4217125886814,1.3698630136986298,72,73,1,0,72,73,5858,0,0,0,0,0
2020-09-03,US,Colorado,Custer,17,0,0,38.10883162,-105.3683478,8027.0,335.43804262036303,0.0,17,17,0,0,17,17,4954,0,0,0,0,0
2020-09-03,US,Colorado,Delta,166,2,0,38.86246243,-107.86313419999999,8029.0,532.7000834349528,1.2048192771084338,164,166,2,0,164,165,30953,0,0,0,0,1
2020-09-03,US,Colorado,Denver,11366,429,0,39.76018276,-104.87256950000001,8031.0,1562.9576560310556,3.7744149216962875,10937,11339,429,0,10910,11307,716492,27,0,0,27,32
2020-09-03,US,Colorado,Dolores,2,0,0,37.75208676,-108.5211585,8033.0,97.32360097323601,0.0,2,2,0,0,2,2,2074,0,0,0,0,0
2020-09-03,US,Colorado,Douglas,2053,60,0,39.33133796,-104.930001,8035.0,584.6437745262763,2.922552362396493,1993,2033,60,0,1973,2023,342776,20,0,0,20,10
2020-09-03,US,Colorado,Eagle,1187,9,0,39.62754308,-106.6933637,8037.0,2153.209860866726,0.7582139848357203,1178,1185,9,0,1176,1184,54993,2,0,0,2,1
2020-09-03,US,Colorado,El Paso,6098,154,0,38.83240149,-104.5251411,8041.0,846.4706560078179,2.525418169891768,5944,6070,153,0,5917,6048,713856,28,1,0,27,22
2020-09-03,US,Colorado,Elbert,125,2,0,39.28656773,-104.13587209999999,8039.0,467.6568521081971,1.6,123,122,2,0,120,121,26282,3,0,0,3,1
2020-09-03,US,Colorado,Fremont,161,0,0,38.47362326,-105.43996670000001,8043.0,336.5454963523485,0.0,161,160,0,0,160,157,48021,1,0,0,1,3
2020-09-03,US,Colorado,Garfield,847,4,0,39.59921777,-107.902708,8045.0,1410.232929854648,0.4722550177095632,843,846,4,0,842,845,59770,1,0,0,1,1
2020-09-03,US,Colorado,Gilpin,18,0,0,39.85646523,-105.5252597,8047.0,288.32292167227297,0.0,18,18,0,0,18,18,6121,0,0,0,0,0
2020-09-03,US,Colorado,Grand,66,1,0,40.10603347,-106.11780420000001,8049.0,419.4737511122409,1.5151515151515151,65,66,1,0,65,66,15525,0,0,0,0,0
2020-09-03,US,Colorado,Gunnison,292,7,0,38.66611652,-107.0320729,8051.0,1672.2024968503038,2.3972602739726026,285,292,7,0,285,291,17246,0,0,0,0,1
2020-09-03,US,Colorado,Hinsdale,3,0,0,37.82247444,-107.3004345,8053.0,365.8536585365854,0.0,3,3,0,0,3,3,811,0,0,0,0,0
2020-09-03,US,Colorado,Huerfano,9,1,0,37.68473101,-104.9612585,8055.0,130.49151805132666,11.111111111111109,8,9,1,0,8,9,6889,0,0,0,0,0
2020-09-03,US,Colorado,Jackson,9,0,0,40.66593870000001,-106.3408905,8057.0,646.5517241379309,0.0,9,9,0,0,9,9,1399,0,0,0,0,0
2020-09-03,US,Colorado,Jefferson,4878,238,0,39.58635604,-105.2517692,8059.0,836.8775101607359,4.8790487904879045,4640,4862,238,0,4624,4834,580233,16,0,0,16,28
2020-09-03,US,Colorado,Kit Carson,78,3,0,39.30497777,-102.60221990000001,8063.0,1099.0559391292095,3.8461538461538463,75,78,3,0,75,75,7163,0,0,0,0,3
2020-09-03,US,Colorado,La Plata,242,2,0,37.28632032,-107.8429014,8067.0,430.444140090002,0.8264462809917356,240,242,2,0,240,241,56310,0,0,0,0,1
2020-09-03,US,Colorado,Lake,81,0,0,39.20278823,-106.35556969999999,8065.0,996.6777408637872,0.0,81,81,0,0,81,80,7824,0,0,0,0,1
2020-09-03,US,Colorado,Larimer,2018,43,0,40.66671597,-105.4625784,8069.0,565.4260729225915,2.1308225966303267,1975,1985,43,0,1942,1976,350518,33,0,0,33,9
2020-09-03,US,Colorado,Las Animas,20,0,0,37.3153406,-104.03764579999999,8071.0,137.87398317937405,0.0,20,20,0,0,20,20,14503,0,0,0,0,0
2020-09-03,US,Colorado,Lincoln,8,0,0,38.98749519,-103.51366490000001,8073.0,140.3262585511314,0.0,8,8,0,0,8,8,5610,0,0,0,0,0
2020-09-03,US,Colorado,Logan,691,5,0,40.7249637,-103.110817,8075.0,3083.582489178455,0.723589001447178,686,691,5,0,686,691,21528,0,0,0,0,0
2020-09-03,US,Colorado,Mesa,426,5,0,39.01787888,-108.469799,8077.0,276.2466766098177,1.1737089201877935,421,419,5,0,414,416,153207,7,0,0,7,3
2020-09-03,US,Colorado,Mineral,19,0,0,37.66954283,-106.92816979999999,8079.0,2470.74122236671,0.0,19,19,0,0,19,19,776,0,0,0,0,0
2020-09-03,US,Colorado,Moffat,34,1,0,40.61810999,-108.2070876,8081.0,255.96627267936455,2.9411764705882355,33,34,1,0,33,34,13188,0,0,0,0,0
2020-09-03,US,Colorado,Montezuma,126,5,0,37.33859579,-108.59588570000001,8083.0,481.2282778902342,3.968253968253968,121,126,5,0,121,126,26158,0,0,0,0,0
2020-09-03,US,Colorado,Montrose,348,13,0,38.40214114,-108.26390220000002,8085.0,813.8827821694185,3.7356321839080464,335,345,13,0,332,344,42214,3,0,0,3,1
2020-09-03,US,Colorado,Morgan,717,48,0,40.26279810000001,-103.8093302,8087.0,2466.629971102243,6.694560669456067,669,716,48,0,668,716,28558,1,0,0,1,0
2020-09-03,US,Colorado,Otero,82,6,0,37.9014485,-103.7173385,8089.0,448.6267644162381,7.317073170731707,76,82,6,0,76,82,18432,0,0,0,0,0
2020-09-03,US,Colorado,Ouray,24,1,0,38.14717457,-107.7675136,8091.0,484.6526655896607,4.166666666666667,23,24,1,0,23,25,4833,0,0,0,0,-1
2020-09-03,US,Colorado,Park,43,1,0,39.120926000000004,-105.7182065,8093.0,228.1772353409393,2.3255813953488373,42,43,1,0,42,43,18556,0,0,0,0,0
2020-09-03,US,Colorado,Phillips,19,0,0,40.59414277,-102.3577703,8095.0,445.48651817116064,0.0,19,19,0,0,19,19,4286,0,0,0,0,0
2020-09-03,US,Colorado,Pitkin,199,2,0,39.21720112,-106.9310027,8097.0,1120.0540327573592,1.0050251256281406,197,199,2,0,197,198,17950,0,0,0,0,1
2020-09-03,US,Colorado,Prowers,87,0,0,37.95544985,-102.3926052,8099.0,714.7551758133421,0.0,87,87,0,0,87,85,12164,0,0,0,0,2
2020-09-03,US,Colorado,Pueblo,895,34,0,38.17359144,-104.5127437,8101.0,531.3969505533653,3.798882681564246,861,886,34,0,852,875,167529,9,0,0,9,11
2020-09-03,US,Colorado,Rio Blanco,24,0,0,39.97913541,-108.2179009,8103.0,379.5066413662239,0.0,24,23,0,0,23,23,6336,1,0,0,1,0
2020-09-03,US,Colorado,Rio Grande,94,2,0,37.5836865,-106.3847838,8105.0,834.2948433478299,2.127659574468085,92,94,2,0,92,94,11250,0,0,0,0,0
2020-09-03,US,Colorado,Routt,135,8,0,40.48596505,-106.9905548,8107.0,526.5621343318512,5.925925925925926,127,134,8,0,126,134,25733,1,0,0,1,0
2020-09-03,US,Colorado,Saguache,111,2,0,38.08054629,-106.28246599999999,8109.0,1626.6119577960142,1.8018018018018016,109,111,2,0,109,111,6843,0,0,0,0,0
2020-09-03,US,Colorado,San Juan,6,0,0,37.76248981,-107.67632890000002,8111.0,824.1758241758242,0.0,6,6,0,0,6,6,762,0,0,0,0,0
2020-09-03,US,Colorado,San Miguel,93,0,0,38.00450883,-108.4020725,8113.0,1137.0583200880305,0.0,93,93,0,0,93,93,8191,0,0,0,0,0
2020-09-03,US,Colorado,Sedgwick,12,1,0,40.87595412,-102.3519227,8115.0,533.8078291814946,8.333333333333334,11,12,1,0,11,12,2303,0,0,0,0,0
2020-09-03,US,Colorado,Summit,365,4,0,39.63803232,-106.1150762,8117.0,1177.0017090709748,1.095890410958904,361,365,4,0,361,364,31007,0,0,0,0,1
2020-09-03,US,Colorado,Teller,163,4,0,38.88133511,-105.16148929999999,8119.0,642.0356073735624,2.4539877300613497,159,162,4,0,158,162,25083,1,0,0,1,0
2020-09-03,US,Colorado,Washington,54,0,0,39.97015535,-103.202587,8121.0,1100.244498777506,0.0,54,53,0,0,53,53,4909,1,0,0,1,0
2020-09-03,US,Colorado,Weld,4113,146,0,40.55499405,-104.39296209999999,8123.0,1267.519692319071,3.549720398735716,3967,4098,146,0,3952,4085,314305,15,0,0,15,13
2020-09-03,US,Colorado,Yuma,65,0,0,40.00346839,-102.4258673,8125.0,648.7673420501047,0.0,65,64,0,0,64,63,10020,1,0,0,1,1
2020-09-03,US,Connecticut,Fairfield,18995,1415,0,41.26809896,-73.3881171,9001.0,2013.6070863704401,7.4493287707291405,17580,18965,1415,0,17550,18939,943823,30,0,0,30,26
2020-09-03,US,Connecticut,Hartford,13598,1426,0,41.80283011,-72.73103891,9003.0,1524.9181357376756,10.486836299455804,12172,13561,1426,0,12135,13529,892697,37,0,0,37,32
2020-09-03,US,Connecticut,Litchfield,1721,139,0,41.7937534,-73.2451475,9005.0,954.3455718032753,8.076699593259733,1582,1717,138,0,1579,1713,181111,4,1,0,3,4
2020-09-03,US,Connecticut,Middlesex,1469,192,0,41.45949668,-72.53714864,9007.0,904.3561772020979,13.070115724982982,1277,1469,192,0,1277,1466,162682,0,0,0,0,3
2020-09-03,US,Connecticut,New Haven,13763,1109,0,41.408032500000004,-72.93620426,9009.0,1610.1652282461566,8.057836227566664,12654,13736,1109,0,12627,13711,857620,27,0,0,27,25
2020-09-03,US,Connecticut,New London,1598,107,0,41.48896435,-72.10430976,9011.0,602.5504702005234,6.6958698372966206,1491,1590,107,0,1483,1587,266784,8,0,0,8,3
2020-09-03,US,Connecticut,Tolland,1158,65,0,41.85853803,-72.3308481,9013.0,768.3070043325084,5.613126079447323,1093,1153,65,0,1088,1147,150921,5,0,0,5,6
2020-09-03,US,Connecticut,Unassigned,97,0,0,0.0,0.0,90009.0,0.0,0.0,97,107,0,0,107,107,,-10,0,0,-10,0
2020-09-03,US,Connecticut,Windham,810,15,0,41.82972709,-71.98182316,9015.0,693.6000411022246,1.851851851851852,795,810,15,0,795,807,117027,0,0,0,0,3
2020-09-03,US,Delaware,Kent,2655,110,0,39.08646628,-75.56884914,10001.0,1468.5871693604593,4.143126177024482,2545,2639,110,0,2529,2639,178550,16,0,0,16,0
2020-09-03,US,Delaware,New Castle,8360,301,0,39.57992638,-75.64054974,10003.0,1496.1888347803051,3.6004784688995217,8059,8285,301,0,7984,8250,559335,75,0,0,75,35
2020-09-03,US,Delaware,Sussex,6346,195,0,38.66143781,-75.39031349,10005.0,2709.3606574874593,3.07280176489127,6151,6335,195,0,6140,6357,229286,11,0,0,11,-22
2020-09-03,US,Delaware,Unassigned,292,0,0,0.0,0.0,90010.0,0.0,0.0,292,290,0,0,290,289,,2,0,0,2,1
2020-09-03,US,District of Columbia,District of Columbia,14135,609,0,38.90417773,-77.01655992,11001.0,2002.83670256706,4.3084541917226735,13526,14077,608,0,13469,14049,702455,58,1,0,57,28
2020-09-03,US,Florida,Alachua,5345,33,0,29.67866525,-82.35928158,12001.0,1986.6712755953506,0.6173994387277829,5312,5303,33,0,5270,5251,269956,42,0,0,42,52
2020-09-03,US,Florida,Baker,1231,6,0,30.33060121,-82.28467476,12003.0,4214.31016775077,0.48740861088545895,1225,1212,6,0,1206,1164,28355,19,0,0,19,48
2020-09-03,US,Florida,Bay,5455,84,0,30.26548745,-85.62122584,12005.0,3122.406342119573,1.53987167736022,5371,5417,82,0,5335,5399,185287,38,2,0,36,18
2020-09-03,US,Florida,Bradford,797,5,0,29.95079741,-82.16611613,12007.0,2826.1409169887597,0.6273525721455459,792,764,5,0,759,753,27732,33,0,0,33,11
2020-09-03,US,Florida,Brevard,7464,223,0,28.29409504,-80.73091022,12009.0,1239.9865767798226,2.987674169346195,7241,7423,218,0,7205,7378,596849,41,5,0,36,45
2020-09-03,US,Florida,Broward,72634,1206,0,26.15184651,-80.48725556,12011.0,3719.52162509,1.660379436627475,71428,72371,1197,0,71174,72245,1951260,263,9,0,254,126
2020-09-03,US,Florida,Calhoun,575,10,0,30.40666734,-85.19394153,12013.0,4076.5685926976253,1.7391304347826086,565,573,10,0,563,571,14587,2,0,0,2,2
2020-09-03,US,Florida,Charlotte,2744,114,0,26.90131002,-81.92949121,12015.0,1452.5435392514953,4.154518950437318,2630,2729,113,0,2616,2713,184998,15,1,0,14,16
2020-09-03,US,Florida,Citrus,2166,61,0,28.84804315,-82.47614748,12017.0,1447.3095144229806,2.816251154201293,2105,2145,60,0,2085,2124,147929,21,1,0,20,21
2020-09-03,US,Florida,Clay,4179,79,0,29.98319144,-81.85609986,12019.0,1906.0259427508072,1.890404402967217,4100,4127,77,0,4050,4155,216072,52,2,0,50,-28
2020-09-03,US,Florida,Collier,11853,180,0,26.11091986,-81.34687065,12021.0,3079.485167653065,1.5186028853454825,11673,11819,180,0,11639,11796,378488,34,0,0,34,23
2020-09-03,US,Florida,Columbia,3387,38,0,30.22509788,-82.62160164,12023.0,4724.771921993137,1.1219368172423974,3349,3381,38,0,3343,3379,70503,6,0,0,6,2
2020-09-03,US,Florida,DeSoto,1503,22,0,27.18677893,-81.80941373,12027.0,3955.159074761191,1.4637391882900863,1481,1501,22,0,1479,1493,37489,2,0,0,2,8
2020-09-03,US,Florida,Dixie,749,4,0,29.60631086,-83.15724673,12029.0,4451.444193510044,0.5340453938584779,745,738,4,0,734,735,16700,11,0,0,11,3
2020-09-03,US,Florida,Duval,27241,267,0,30.33225875,-81.66976468,12031.0,2844.255576843765,0.980140229800668,26974,26807,262,0,26545,26683,950181,434,5,0,429,124
2020-09-03,US,Florida,Escambia,11360,190,0,30.67652764,-87.37284571,12033.0,3568.780708478368,1.6725352112676055,11170,11312,189,0,11123,11256,315534,48,1,0,47,56
2020-09-03,US,Florida,Flagler,1340,15,0,29.45933576,-81.31508595,12035.0,1164.3972506321636,1.1194029850746268,1325,1329,15,0,1314,1323,112067,11,0,0,11,6
2020-09-03,US,Florida,Franklin,560,3,0,29.83791238,-84.82731662,12037.0,4618.556701030928,0.5357142857142857,557,551,3,0,548,549,11736,9,0,0,9,2
2020-09-03,US,Florida,Gadsden,2387,31,0,30.57796289,-84.61915825,12039.0,5227.770477441963,1.2987012987012987,2356,2367,31,0,2336,2361,45894,20,0,0,20,6
2020-09-03,US,Florida,Gilchrist,472,10,0,29.72856978,-82.79880657,12041.0,2540.0925626950807,2.1186440677966103,462,468,10,0,458,468,18256,4,0,0,4,0
2020-09-03,US,Florida,Glades,458,4,0,26.95635849,-81.18996211,12043.0,3316.1972340887696,0.8733624454148472,454,459,3,0,456,458,13724,-1,1,0,-2,1
2020-09-03,US,Florida,Gulf,834,13,0,29.93543004,-85.24270990000002,12045.0,6114.817801891634,1.5587529976019183,821,829,13,0,816,827,16164,5,0,0,5,2
2020-09-03,US,Florida,Hamilton,707,6,0,30.49673973,-82.94998918,12047.0,4900.194067091766,0.8486562942008486,701,703,6,0,697,703,14310,4,0,0,4,0
2020-09-03,US,Florida,Hardee,1121,9,0,27.49293939,-81.80956574,12049.0,4161.562163566841,0.8028545941123997,1112,1108,9,0,1099,1104,27245,13,0,0,13,4
2020-09-03,US,Florida,Hendry,1983,39,0,26.55386945,-81.16469006,12051.0,4718.956736947313,1.966717095310136,1944,1981,39,0,1942,1979,41556,2,0,0,2,2
2020-09-03,US,Florida,Hernando,2721,93,0,28.55364461,-82.42700204,12053.0,1403.155940594059,3.417861080485116,2628,2710,88,0,2622,2685,190865,11,5,0,6,25
2020-09-03,US,Florida,Highlands,1854,69,0,27.34254618,-81.34071957,12055.0,1745.4175727963398,3.72168284789644,1785,1846,69,0,1777,1838,105424,8,0,0,8,8
2020-09-03,US,Florida,Hillsborough,37821,558,0,27.9276559,-82.32013172,12057.0,2569.417269940651,1.4753708257317364,37263,37668,554,0,37114,37458,1436888,153,4,0,149,210
2020-09-03,US,Florida,Holmes,662,5,0,30.86747479,-85.81319222,12059.0,3374.6240505683845,0.7552870090634441,657,654,5,0,649,640,19477,8,0,0,8,14
2020-09-03,US,Florida,Indian River,2871,103,0,27.69308961,-80.60556721,12061.0,1795.238958748898,3.587600139324277,2768,2863,103,0,2760,2858,157413,8,0,0,8,5
2020-09-03,US,Florida,Jackson,2428,66,0,30.795459700000002,-85.21500423,12063.0,5231.1802473391635,2.7182866556836904,2362,2414,66,0,2348,2385,48305,14,0,0,14,29
2020-09-03,US,Florida,Jefferson,506,6,0,30.43669112,-83.89442308,12065.0,3551.874210304647,1.1857707509881423,500,504,6,0,498,502,14288,2,0,0,2,2
2020-09-03,US,Florida,Lafayette,1207,10,0,29.98484137,-83.18166636,12067.0,14331.512704820709,0.8285004142502072,1197,1205,10,0,1195,1204,8732,2,0,0,2,1
2020-09-03,US,Florida,Lake,6622,126,0,28.76202069,-81.7125123,12069.0,1803.7797111555408,1.9027484143763211,6496,6581,121,0,6460,6538,356495,41,5,0,36,43
2020-09-03,US,Florida,Lee,18960,435,0,26.58410348,-81.88399313,12071.0,2460.4938896437343,2.2943037974683542,18525,18878,431,0,18447,18824,754610,82,4,0,78,54
2020-09-03,US,Florida,Leon,6875,38,0,30.45955727,-84.27491114,12073.0,2341.764822093997,0.5527272727272727,6837,6597,36,0,6561,6475,292502,278,2,0,276,122
2020-09-03,US,Florida,Levy,927,6,0,29.31829741,-82.74007147,12075.0,2233.573476616148,0.6472491909385113,921,923,6,0,917,921,40770,4,0,0,4,2
2020-09-03,US,Florida,Liberty,436,7,0,30.23766008,-84.8829258,12077.0,5219.05673928657,1.6055045871559632,429,436,7,0,429,436,8457,0,0,0,0,0
2020-09-03,US,Florida,Madison,887,16,0,30.44396917,-83.47398594,12079.0,4796.409452225166,1.8038331454340475,871,877,16,0,861,877,18529,10,0,0,10,0
2020-09-03,US,Florida,Manatee,10557,265,0,27.47196942,-82.31831044,12081.0,2617.959444815041,2.510182817088188,10292,10532,263,0,10269,10490,394855,25,2,0,23,42
2020-09-03,US,Florida,Marion,8675,200,0,29.21227113,-82.05803627,12083.0,2372.948117917057,2.3054755043227666,8475,8633,192,0,8441,8582,359977,42,8,0,34,51
2020-09-03,US,Florida,Martin,4514,119,0,27.0772071,-80.43109784,12085.0,2803.726708074534,2.6362428001772265,4395,4509,118,0,4391,4533,160912,5,1,0,4,-24
2020-09-03,US,Florida,Miami-Dade,159978,2600,0,25.6112362,-80.55170587,12086.0,5888.168306992426,1.6252234682268811,157378,159400,2554,0,156846,159059,2761581,578,46,0,532,341
2020-09-03,US,Florida,Monroe,1753,16,0,25.20904673,-81.07812416,12087.0,2361.642506870722,0.9127210496292072,1737,1747,16,0,1731,1743,75027,6,0,0,6,4
2020-09-03,US,Florida,Nassau,1765,22,0,30.61037141,-81.80297522,12089.0,1991.5373765867416,1.2464589235127481,1743,1729,22,0,1707,1728,85832,36,0,0,36,1
2020-09-03,US,Florida,Okaloosa,4278,80,0,30.69143028,-86.59267105,12091.0,2030.0088261253309,1.8700327255726976,4198,4245,79,0,4166,4199,207269,33,1,0,32,46
2020-09-03,US,Florida,Okeechobee,1267,19,0,27.386336199999995,-80.88944347,12093.0,3004.64807436919,1.499605367008682,1248,1250,19,0,1231,1248,41537,17,0,0,17,2
2020-09-03,US,Florida,Orange,36668,386,0,28.51367621,-81.31799498,12095.0,2631.4505271799812,1.0526889931275227,36282,36488,383,0,36105,36400,1380645,180,3,0,177,88
2020-09-03,US,Florida,Osceola,11342,132,0,28.06312234,-81.14882926,12097.0,3018.488307416348,1.1638159054840416,11210,11298,131,0,11167,11260,367990,44,1,0,43,38
2020-09-03,US,Florida,Palm Beach,42643,1150,0,26.64676272,-80.46536002,12099.0,2849.001516599077,2.6968083859015546,41493,42518,1134,0,41384,42387,1485941,125,16,0,109,131
2020-09-03,US,Florida,Pasco,8198,183,0,28.30810945,-82.40227529,12101.0,1479.9249747719546,2.2322517687240793,8015,8165,183,0,7982,8135,539630,33,0,0,33,30
2020-09-03,US,Florida,Pinellas,20177,669,0,27.93130349,-82.72239666,12103.0,2069.4443874641543,3.315656440501561,19508,20080,665,0,19415,20026,975280,97,4,0,93,54
2020-09-03,US,Florida,Polk,17418,461,0,27.95027105,-81.69732947,12105.0,2403.2219565466344,2.6466873349408657,16957,17292,455,0,16837,17159,708009,126,6,0,120,133
2020-09-03,US,Florida,Putnam,1818,38,0,29.60779729,-81.74230285,12107.0,2439.580789307712,2.09020902090209,1780,1805,38,0,1767,1790,74163,13,0,0,13,15
2020-09-03,US,Florida,Santa Rosa,4812,58,0,30.69341450000001,-87.02458128,12113.0,2610.7762339064525,1.205320033250208,4754,4763,58,0,4705,4714,179349,49,0,0,49,49
2020-09-03,US,Florida,Sarasota,7305,212,0,27.18546175,-82.33174248,12115.0,1684.1809186106027,2.9021218343600275,7093,7281,211,0,7070,7239,426718,24,1,0,23,42
2020-09-03,US,Florida,Seminole,8240,175,0,28.7158582,-81.24060348,12117.0,1746.4065142658521,2.1237864077669903,8065,8198,173,0,8025,8173,467832,42,2,0,40,25
2020-09-03,US,Florida,St. Johns,4485,60,0,29.90096506,-81.43589967,12109.0,1694.550235763511,1.3377926421404682,4425,4413,60,0,4353,4389,254261,72,0,0,72,24
2020-09-03,US,Florida,St. Lucie,7193,243,0,27.37763908,-80.47106649,12111.0,2191.0038775864537,3.378284443208675,6950,7156,237,0,6919,7120,321128,37,6,0,31,36
2020-09-03,US,Florida,Sumter,1957,55,0,28.70181754,-82.0794267,12119.0,1477.8734330161608,2.8104241185487986,1902,1914,54,0,1860,1881,128754,43,1,0,42,33
2020-09-03,US,Florida,Suwannee,2471,63,0,30.19746066,-82.99099670000003,12121.0,5563.185266902312,2.54957507082153,2408,2464,63,0,2401,2455,44191,7,0,0,7,9
2020-09-03,US,Florida,Taylor,1215,10,0,30.04848048,-83.60445406,12123.0,5633.084519449209,0.8230452674897121,1205,1207,9,0,1198,1208,21623,8,1,0,7,-1
2020-09-03,US,Florida,Unassigned,1083,0,0,0.0,0.0,90012.0,0.0,0.0,1083,1057,0,0,1057,1027,,26,0,0,26,30
2020-09-03,US,Florida,Union,636,5,0,30.04412971,-82.37497443,12125.0,4174.050009844457,0.7861635220125787,631,619,5,0,614,603,14940,17,0,0,17,16
2020-09-03,US,Florida,Volusia,9589,196,0,29.05858895,-81.18263252,12127.0,1733.1063251422415,2.0440087600375434,9393,9483,193,0,9290,9417,547538,106,3,0,103,66
2020-09-03,US,Florida,Wakulla,937,7,0,30.16548905,-84.39895211,12129.0,2777.20145825306,0.7470651013874067,930,928,7,0,921,896,32461,9,0,0,9,32
2020-09-03,US,Florida,Walton,1694,20,0,30.64204028,-86.16935664,12131.0,2286.9949102887767,1.180637544273908,1674,1678,20,0,1658,1662,71375,16,0,0,16,16
2020-09-03,US,Florida,Washington,1023,16,0,30.61359259,-85.66002461,12133.0,4016.0169591332,1.564027370478983,1007,1017,16,0,1001,1009,24880,6,0,0,6,8
2020-09-03,US,Georgia,Appling,906,23,0,31.74847232,-82.28909114,13001.0,4927.662351789405,2.5386313465783665,883,899,23,0,876,892,18507,7,0,0,7,7
2020-09-03,US,Georgia,Atkinson,414,3,0,31.29633502,-82.87545866,13003.0,5070.422535211268,0.7246376811594203,411,410,3,0,407,408,8297,4,0,0,4,2
2020-09-03,US,Georgia,Bacon,527,9,0,31.55456473,-82.45936528,13005.0,4720.530275886779,1.7077798861480076,518,526,9,0,517,523,11185,1,0,0,1,3
2020-09-03,US,Georgia,Baker,71,3,0,31.32669878,-84.44218806,13007.0,2337.063857801185,4.225352112676056,68,71,3,0,68,71,3092,0,0,0,0,0
2020-09-03,US,Georgia,Baldwin,1743,52,0,33.06882326,-83.24701748,13009.0,3882.8246825573615,2.9833620195065977,1691,1715,52,0,1663,1705,44823,28,0,0,28,10
2020-09-03,US,Georgia,Banks,392,6,0,34.35607081,-83.49644388,13011.0,2038.0576063221372,1.5306122448979589,386,389,6,0,383,385,18988,3,0,0,3,4
2020-09-03,US,Georgia,Barrow,1833,39,0,33.99148694,-83.71436292,13013.0,2202.0663142719845,2.127659574468085,1794,1809,39,0,1770,1772,80809,24,0,0,24,37
2020-09-03,US,Georgia,Bartow,2506,73,0,34.23732119,-84.83887523,13015.0,2326.013105867939,2.9130087789305668,2433,2479,72,0,2407,2450,106408,27,1,0,26,29
2020-09-03,US,Georgia,Ben Hill,648,16,0,31.76095874,-83.22145359,13017.0,3880.239520958084,2.469135802469136,632,638,16,0,622,632,16787,10,0,0,10,6
2020-09-03,US,Georgia,Berrien,401,8,0,31.27590016,-83.22529920000002,13019.0,2067.3299994844565,1.9950124688279305,393,388,7,0,381,382,19252,13,1,0,12,6
2020-09-03,US,Georgia,Bibb,5463,131,0,32.80904227,-83.70489165,13021.0,3566.8814761130598,2.3979498444078344,5332,5431,130,0,5301,5430,153095,32,1,0,31,1
2020-09-03,US,Georgia,Bleckley,358,17,0,32.43829035,-83.33035166,13023.0,2781.014526528393,4.748603351955309,341,359,17,0,342,352,12838,-1,0,0,-1,7
2020-09-03,US,Georgia,Brantley,318,8,0,31.19576557,-81.97743999,13025.0,1664.1373174943744,2.5157232704402515,310,310,8,0,302,310,18897,8,0,0,8,0
2020-09-03,US,Georgia,Brooks,483,22,0,30.83922642,-83.58303423,13027.0,3124.7978262275988,4.554865424430641,461,478,22,0,456,478,15513,5,0,0,5,0
2020-09-03,US,Georgia,Bryan,884,9,0,32.00979311,-81.44002948,13029.0,2230.802230802231,1.0180995475113122,875,871,9,0,862,866,38109,13,0,0,13,5
2020-09-03,US,Georgia,Bulloch,2188,22,0,32.39577406,-81.74811421,13031.0,2748.467490704452,1.0054844606946984,2166,2137,22,0,2115,2049,77296,51,0,0,51,88
2020-09-03,US,Georgia,Burke,664,9,0,33.05917989,-81.99928721,13033.0,2966.537104052183,1.355421686746988,655,660,8,0,652,658,22423,4,1,0,3,2
2020-09-03,US,Georgia,Butts,571,40,0,33.283094500000004,-83.95435040000002,13035.0,2289.8620468399104,7.005253940455343,531,569,40,0,529,569,24193,2,0,0,2,0
2020-09-03,US,Georgia,Calhoun,227,7,0,31.53169785,-84.62725131,13037.0,3667.7977056067216,3.0837004405286343,220,227,7,0,220,225,6352,0,0,0,0,2
2020-09-03,US,Georgia,Camden,1057,7,0,30.92951916,-81.66601818,13039.0,1933.5601653678705,0.6622516556291391,1050,1032,7,0,1025,1023,53677,25,0,0,25,9
2020-09-03,US,Georgia,Candler,365,15,0,32.40209349,-82.07702563,13043.0,3378.691104322873,4.109589041095891,350,356,15,0,341,356,10836,9,0,0,9,0
2020-09-03,US,Georgia,Carroll,2372,63,0,33.58138199,-85.07976677,13045.0,1976.7984532302155,2.6559865092748733,2309,2346,62,0,2284,2336,118121,26,1,0,25,10
2020-09-03,US,Georgia,Catoosa,902,17,0,34.89872298,-85.13757014,13047.0,1334.7144125480909,1.88470066518847,885,885,17,0,868,877,67420,17,0,0,17,8
2020-09-03,US,Georgia,Charlton,580,6,0,30.78371028,-82.13951596,13049.0,4330.943847072879,1.0344827586206895,574,574,6,0,568,572,12968,6,0,0,6,2
2020-09-03,US,Georgia,Chatham,7240,129,0,32.00043026,-81.12489526,13051.0,2501.4684034136058,1.7817679558011048,7111,7161,125,0,7036,7129,289195,79,4,0,75,32
2020-09-03,US,Georgia,Chattahoochee,1336,2,0,32.34341231,-84.78809239,13053.0,12249.014394425598,0.1497005988023952,1334,1277,2,0,1275,1192,10684,59,0,0,59,85
2020-09-03,US,Georgia,Chattooga,610,6,0,34.47197698,-85.34535662,13055.0,2460.7688894267617,0.9836065573770492,604,593,6,0,587,584,24790,17,0,0,17,9
2020-09-03,US,Georgia,Cherokee,5056,79,0,34.24393976,-84.47431861,13057.0,1953.8359875257465,1.5625,4977,4962,79,0,4883,4895,254149,94,0,0,94,67
2020-09-03,US,Georgia,Clarke,3322,31,0,33.95436462,-83.37124007,13059.0,2588.618494362235,0.9331727874774232,3291,3149,30,0,3119,3070,127330,173,1,0,172,79
2020-09-03,US,Georgia,Clay,113,2,0,31.62221166,-84.97713865,13061.0,3987.297106563162,1.7699115044247788,111,113,2,0,111,113,2887,0,0,0,0,0
2020-09-03,US,Georgia,Clayton,6596,146,0,33.54187245,-84.35594188,13063.0,2256.9254352348626,2.213462704669497,6450,6561,142,0,6419,6529,289615,35,4,0,31,32
2020-09-03,US,Georgia,Clinch,307,4,0,30.91395822,-82.70432472,13065.0,4638.863705046842,1.3029315960912051,303,300,4,0,296,294,6648,7,0,0,7,6
2020-09-03,US,Georgia,Cobb,17375,397,0,33.94243204,-84.5761255,13067.0,2285.760141868417,2.2848920863309354,16978,17210,395,0,16815,17097,756865,165,2,0,163,113
2020-09-03,US,Georgia,Coffee,1829,38,0,31.54892966,-82.85492059999999,13069.0,4226.654033693065,2.077638053581192,1791,1807,38,0,1769,1797,43093,22,0,0,22,10
2020-09-03,US,Georgia,Colquitt,1790,26,0,31.18810588,-83.7677946,13071.0,3925.438596491228,1.4525139664804467,1764,1784,26,0,1758,1770,45592,6,0,0,6,14
2020-09-03,US,Georgia,Columbia,3240,46,0,33.54534185,-82.263524,13073.0,2067.4604693900988,1.4197530864197532,3194,3210,45,0,3165,3179,154291,30,1,0,29,31
2020-09-03,US,Georgia,Cook,515,11,0,31.16068491,-83.42947229,13075.0,2982.049797336421,2.1359223300970878,504,513,11,0,502,510,17162,2,0,0,2,3
2020-09-03,US,Georgia,Coweta,2297,29,0,33.35334302,-84.76129976,13077.0,1546.7076069463806,1.2625163256421421,2268,2284,26,0,2258,2266,145864,13,3,0,10,18
2020-09-03,US,Georgia,Crawford,153,3,0,32.71391813,-83.98061238,13079.0,1233.4730732021926,1.96078431372549,150,152,3,0,149,153,12318,1,0,0,1,-1
2020-09-03,US,Georgia,Crisp,480,15,0,31.92289565,-83.76811843,13081.0,2145.539066690506,3.125,465,476,15,0,461,474,22601,4,0,0,4,2
2020-09-03,US,Georgia,Dade,211,4,0,34.854916700000004,-85.50490424,13083.0,1309.2578803673368,1.895734597156398,207,208,4,0,204,200,16226,3,0,0,3,8
2020-09-03,US,Georgia,Dawson,703,7,0,34.44244079,-84.16964071,13085.0,2692.661253255707,0.9957325746799432,696,694,7,0,687,680,25083,9,0,0,9,14
2020-09-03,US,Georgia,DeKalb,16837,311,0,33.76944049,-84.22396017,13089.0,2217.44587427581,1.847122408980222,16526,16716,309,0,16407,16650,756558,121,2,0,119,66
2020-09-03,US,Georgia,Decatur,1007,22,0,30.87967778,-84.57619536,13087.0,3813.816088471444,2.184707050645481,985,999,22,0,977,992,26575,8,0,0,8,7
2020-09-03,US,Georgia,Dodge,339,7,0,32.17265114,-83.16948926,13091.0,1645.2317398689636,2.0648967551622417,332,334,7,0,327,331,20705,5,0,0,5,3
2020-09-03,US,Georgia,Dooly,292,14,0,32.15630737,-83.79746561,13093.0,2180.731889469753,4.794520547945205,278,287,14,0,273,285,13706,5,0,0,5,2
2020-09-03,US,Georgia,Dougherty,2993,179,0,31.53328528,-84.21722377,13095.0,3402.8377825276275,5.9806214500501165,2814,3005,179,0,2826,2993,91243,-12,0,0,-12,12
2020-09-03,US,Georgia,Douglas,3216,67,0,33.70291126,-84.77026156,13097.0,2197.576925442283,2.083333333333333,3149,3192,67,0,3125,3179,145331,24,0,0,24,13
2020-09-03,US,Georgia,Early,422,32,0,31.32155345,-84.90255207,13099.0,4141.315014720314,7.582938388625592,390,419,32,0,387,418,10247,3,0,0,3,1
2020-09-03,US,Georgia,Echols,238,2,0,30.71101099,-82.89687287,13101.0,5941.088367448827,0.8403361344537815,236,237,2,0,235,237,4000,1,0,0,1,0
2020-09-03,US,Georgia,Effingham,1117,17,0,32.36616021,-81.34280942,13103.0,1737.2775911409728,1.5219337511190691,1100,1083,17,0,1066,1080,62190,34,0,0,34,3
2020-09-03,US,Georgia,Elbert,498,1,0,34.11302332,-82.83936148,13105.0,2594.560800250078,0.2008032128514056,497,479,1,0,478,480,19120,19,0,0,19,-1
2020-09-03,US,Georgia,Emanuel,790,22,0,32.59221302,-82.30239915,13107.0,3488.474785834143,2.7848101265822787,768,775,22,0,753,771,22612,15,0,0,15,4
2020-09-03,US,Georgia,Evans,376,5,0,32.15328841,-81.8870105,13109.0,3529.190914210625,1.3297872340425532,371,373,5,0,368,373,10721,3,0,0,3,0
2020-09-03,US,Georgia,Fannin,480,8,0,34.86430205,-84.316964,13111.0,1832.9005651443408,1.6666666666666667,472,473,8,0,465,465,25964,7,0,0,7,8
2020-09-03,US,Georgia,Fayette,1606,39,0,33.41357794,-84.49089434,13113.0,1403.5885021106265,2.428393524283935,1567,1595,39,0,1556,1585,113459,11,0,0,11,10
2020-09-03,US,Georgia,Floyd,2417,34,0,34.26268279,-85.21577392,13115.0,2453.8569311051997,1.406702523789822,2383,2343,33,0,2310,2313,97927,74,1,0,73,30
2020-09-03,US,Georgia,Forsyth,3240,35,0,34.22604035,-84.12315129999998,13117.0,1326.4988618312234,1.0802469135802468,3205,3200,33,0,3167,3154,236612,40,2,0,38,46
2020-09-03,US,Georgia,Franklin,582,11,0,34.37525597,-83.23159927,13119.0,2492.612103302069,1.8900343642611683,571,569,11,0,558,563,23023,13,0,0,13,6
2020-09-03,US,Georgia,Fulton,25339,531,0,33.79216944,-84.46319413,13121.0,2381.6259797337625,2.095583882552587,24808,25150,527,0,24623,25063,1050114,189,4,0,185,87
2020-09-03,US,Georgia,Gilmer,758,8,0,34.69316688,-84.45802506,13123.0,2416.398355063917,1.0554089709762533,750,755,8,0,747,751,30816,3,0,0,3,4
2020-09-03,US,Georgia,Glascock,34,2,0,33.22879932,-82.61297636,13125.0,1144.3958263211039,5.882352941176472,32,34,2,0,32,34,2995,0,0,0,0,0
2020-09-03,US,Georgia,Glynn,3119,77,0,31.23279254,-81.53811412,13127.0,3656.8494114336627,2.468739980763065,3042,3077,73,0,3004,3053,85219,42,4,0,38,24
2020-09-03,US,Georgia,Gordon,1561,31,0,34.50487351,-84.87296253,13129.0,2693.097320704587,1.9859064702114029,1530,1549,31,0,1518,1534,57685,12,0,0,12,15
2020-09-03,US,Georgia,Grady,682,15,0,30.87454847,-84.23418364,13131.0,2768.6436893598025,2.1994134897360698,667,671,12,0,659,669,24748,11,3,0,8,2
2020-09-03,US,Georgia,Greene,452,20,0,33.5769205,-83.17139104,13133.0,2466.7103252564943,4.424778761061948,432,446,19,0,427,445,17698,6,1,0,5,1
2020-09-03,US,Georgia,Gwinnett,24763,346,0,33.96044201,-84.02137802,13135.0,2644.913217623498,1.3972458910471268,24417,24608,343,0,24265,24477,927781,155,3,0,152,131
2020-09-03,US,Georgia,Habersham,1376,64,0,34.63331566,-83.53094677,13137.0,3035.6512530885993,4.651162790697675,1312,1371,63,0,1308,1363,45388,5,1,0,4,8
2020-09-03,US,Georgia,Hall,7946,130,0,34.32207823,-83.81896936,13139.0,3886.695917159474,1.636043292222502,7816,7869,128,0,7741,7801,202148,77,2,0,75,68
2020-09-03,US,Georgia,Hancock,366,39,0,33.2721566,-82.99766919,13141.0,4327.775807023767,10.655737704918034,327,360,39,0,321,360,8348,6,0,0,6,0
2020-09-03,US,Georgia,Haralson,345,8,0,33.79602175,-85.21005667,13143.0,1158.0290010741141,2.318840579710145,337,333,8,0,325,333,29533,12,0,0,12,0
2020-09-03,US,Georgia,Harris,736,21,0,32.73709786,-84.90538572,13145.0,2088.7728459530026,2.8532608695652173,715,733,21,0,712,728,34475,3,0,0,3,5
2020-09-03,US,Georgia,Hart,427,11,0,34.34626973,-82.96567682,13147.0,1629.4600267124595,2.5761124121779857,416,423,11,0,412,420,26099,4,0,0,4,3
2020-09-03,US,Georgia,Heard,174,5,0,33.29686567,-85.12886832,13149.0,1459.3642539629288,2.8735632183908044,169,173,5,0,168,172,11879,1,0,0,1,1
2020-09-03,US,Georgia,Henry,4492,83,0,33.4533428,-84.14814659999998,13151.0,1915.066869598953,1.8477292965271597,4409,4467,81,0,4386,4442,230220,25,2,0,23,25
2020-09-03,US,Georgia,Houston,2706,71,0,32.45802497,-83.66879087,13153.0,1714.1445430531535,2.62379896526238,2635,2670,70,0,2600,2647,155469,36,1,0,35,23
2020-09-03,US,Georgia,Irwin,231,4,0,31.60213036,-83.27501387,13155.0,2453.271028037383,1.7316017316017316,227,228,4,0,224,222,9398,3,0,0,3,6
2020-09-03,US,Georgia,Jackson,1586,26,0,34.13794553,-83.56814788,13157.0,2173.287474135687,1.639344262295082,1560,1563,26,0,1537,1523,70422,23,0,0,23,40
2020-09-03,US,Georgia,Jasper,191,4,0,33.31535543,-83.68844964,13159.0,1343.2730853083901,2.094240837696335,187,190,4,0,186,195,14040,1,0,0,1,-5
2020-09-03,US,Georgia,Jeff Davis,655,12,0,31.80405727,-82.63724870000001,13161.0,4333.4435990737675,1.83206106870229,643,651,12,0,639,645,15029,4,0,0,4,6
2020-09-03,US,Georgia,Jefferson,689,19,0,33.05867328,-82.41609057,13163.0,4485.093086837652,2.7576197387518144,670,675,19,0,656,671,15430,14,0,0,14,4
2020-09-03,US,Georgia,Jenkins,338,25,0,32.79248718,-81.96040187,13165.0,3895.8045182111573,7.396449704142013,313,333,25,0,308,322,8683,5,0,0,5,11
2020-09-03,US,Georgia,Johnson,352,13,0,32.70211082,-82.66166794,13167.0,3650.3162916104948,3.6931818181818175,339,347,13,0,334,342,9708,5,0,0,5,5
2020-09-03,US,Georgia,Jones,465,4,0,33.02512137,-83.56019163,13169.0,1618.235601183226,0.8602150537634409,461,459,4,0,455,459,28616,6,0,0,6,0
2020-09-03,US,Georgia,Lamar,325,16,0,33.07841647,-84.14263877,13171.0,1703.6221628138596,4.9230769230769225,309,325,16,0,309,325,19000,0,0,0,0,0
2020-09-03,US,Georgia,Lanier,272,5,0,31.03828570000001,-83.06472457,13173.0,2609.6133550801114,1.8382352941176472,267,271,5,0,266,265,10340,1,0,0,1,6
2020-09-03,US,Georgia,Laurens,1371,49,0,32.46325233,-82.92221316,13175.0,2883.523324780213,3.574033552151714,1322,1350,48,0,1302,1353,47325,21,1,0,20,-3
2020-09-03,US,Georgia,Lee,669,25,0,31.779330600000005,-84.14324253,13177.0,2230.5948252867433,3.7369207772795217,644,668,24,0,644,666,29764,1,1,0,0,2
2020-09-03,US,Georgia,Liberty,940,18,0,31.82588896,-81.49251135,13179.0,1530.0724342801334,1.9148936170212767,922,933,18,0,915,932,61497,7,0,0,7,1
2020-09-03,US,Georgia,Lincoln,199,7,0,33.79201475,-82.45024131,13181.0,2512.309051887388,3.5175879396984926,192,199,7,0,192,196,7915,0,0,0,0,3
2020-09-03,US,Georgia,Long,190,3,0,31.75218791,-81.74952375,13183.0,971.419806738586,1.5789473684210529,187,186,3,0,183,184,18998,4,0,0,4,2
2020-09-03,US,Georgia,Lowndes,3550,71,0,30.83568832,-83.27056716,13185.0,3023.69555218643,2.0,3479,3521,67,0,3454,3496,116321,29,4,0,25,25
2020-09-03,US,Georgia,Lumpkin,757,12,0,34.57286511,-84.00425681,13187.0,2252.3058613507887,1.5852047556142668,745,737,12,0,725,719,32955,20,0,0,20,18
2020-09-03,US,Georgia,Macon,210,10,0,32.35207048,-84.04234127,13193.0,1621.9973739090133,4.761904761904762,200,207,10,0,197,206,13143,3,0,0,3,1
2020-09-03,US,Georgia,Madison,550,8,0,34.12920917,-83.21218732,13195.0,1840.6961178045515,1.4545454545454546,542,548,8,0,540,540,29650,2,0,0,2,8
2020-09-03,US,Georgia,Marion,176,6,0,32.3483402,-84.52733571,13197.0,2105.5150137576265,3.4090909090909087,170,172,6,0,166,171,8351,4,0,0,4,1
2020-09-03,US,Georgia,McDuffie,525,13,0,33.47851918,-82.48252774,13189.0,2463.400900900901,2.4761904761904763,512,524,13,0,511,521,21531,1,0,0,1,3
2020-09-03,US,Georgia,McIntosh,260,5,0,31.49683595,-81.40163426,13191.0,1808.3182640144666,1.9230769230769231,255,251,5,0,246,248,14340,9,0,0,9,3
2020-09-03,US,Georgia,Meriwether,497,9,0,33.04163534,-84.68859732,13199.0,2347.9945197713423,1.8108651911468812,488,492,9,0,483,488,21068,5,0,0,5,4
2020-09-03,US,Georgia,Miller,223,1,0,31.16568912,-84.73151117,13201.0,3899.965022735222,0.4484304932735426,222,217,1,0,216,216,5686,6,0,0,6,1
2020-09-03,US,Georgia,Mitchell,720,45,0,31.22483255,-84.19381821,13205.0,3293.2351461373096,6.25,675,717,45,0,672,714,22192,3,0,0,3,3
2020-09-03,US,Georgia,Monroe,597,43,0,33.014289,-83.92097166,13207.0,2164.769018783088,7.202680067001675,554,593,43,0,550,597,27520,4,0,0,4,-4
2020-09-03,US,Georgia,Montgomery,232,3,0,32.17201038,-82.53527476,13209.0,2529.4374182293936,1.293103448275862,229,223,3,0,220,217,9193,9,0,0,9,6
2020-09-03,US,Georgia,Morgan,425,2,0,33.59232073,-83.49129491,13211.0,2204.8142768209173,0.4705882352941176,423,420,2,0,418,419,18853,5,0,0,5,1
2020-09-03,US,Georgia,Murray,721,3,0,34.78897608,-84.74993177,13213.0,1798.184357541899,0.4160887656033287,718,717,3,0,714,716,39921,4,0,0,4,1
2020-09-03,US,Georgia,Muscogee,5547,145,0,32.50931999,-84.87142262,13215.0,2833.441453958492,2.6140255994231114,5402,5526,141,0,5385,5484,194160,21,4,0,17,42
2020-09-03,US,Georgia,Newton,2360,62,0,33.55514538,-83.84547140000002,13217.0,2111.9702176403207,2.6271186440677967,2298,2342,62,0,2280,2325,109541,18,0,0,18,17
2020-09-03,US,Georgia,Oconee,575,20,0,33.83749973,-83.43679568,13219.0,1427.5074478649453,3.4782608695652173,555,568,20,0,548,560,39272,7,0,0,7,8
2020-09-03,US,Georgia,Oglethorpe,285,11,0,33.878629600000004,-83.08278123,13221.0,1867.7501802215088,3.8596491228070176,274,283,11,0,272,281,15054,2,0,0,2,2
2020-09-03,US,Georgia,Out of GA,16232,133,0,0.0,0.0,80013.0,0.0,0.8193691473632331,16099,16131,130,0,16001,16153,,101,3,0,98,-22
2020-09-03,US,Georgia,Paulding,2377,37,0,33.91969522,-84.86848792,13223.0,1409.2857523996988,1.5565839293226758,2340,2336,34,0,2302,2300,164044,41,3,0,38,36
2020-09-03,US,Georgia,Peach,573,17,0,32.56934316,-83.82937,13225.0,2080.156828577652,2.9668411867364752,556,572,17,0,555,572,27297,1,0,0,1,0
2020-09-03,US,Georgia,Pickens,531,7,0,34.46589159,-84.46406611,13227.0,1629.2841582031851,1.3182674199623352,524,527,7,0,520,525,31980,4,0,0,4,2
2020-09-03,US,Georgia,Pierce,530,13,0,31.35928155,-82.21598442,13229.0,2722.8358592345235,2.452830188679245,517,523,13,0,510,520,19389,7,0,0,7,3
2020-09-03,US,Georgia,Pike,285,8,0,33.09310242,-84.38790389,13231.0,1503.0060120240478,2.8070175438596485,277,283,8,0,275,280,18634,2,0,0,2,3
2020-09-03,US,Georgia,Polk,1254,15,0,34.00267074,-85.18677781,13233.0,2942.7639452749163,1.1961722488038278,1239,1236,15,0,1221,1220,42470,18,0,0,18,16
2020-09-03,US,Georgia,Pulaski,230,8,0,32.23334561,-83.47549959999998,13235.0,2065.18811169974,3.4782608695652173,222,224,7,0,217,223,11069,6,1,0,5,1
2020-09-03,US,Georgia,Putnam,627,20,0,33.32056115,-83.37552891,13237.0,2834.66702834667,3.1897926634768736,607,619,20,0,599,616,21809,8,0,0,8,3
2020-09-03,US,Georgia,Quitman,31,1,0,31.86728114,-85.01773177,13239.0,1348.4123531970422,3.2258064516129035,30,31,1,0,30,31,2279,0,0,0,0,0
2020-09-03,US,Georgia,Rabun,290,6,0,34.88389445,-83.40304637,13241.0,1692.2448503238604,2.0689655172413794,284,287,6,0,281,283,16867,3,0,0,3,4
2020-09-03,US,Georgia,Randolph,318,27,0,31.76622818,-84.75732369,13243.0,4691.649454116258,8.49056603773585,291,317,27,0,290,314,6833,1,0,0,1,3
2020-09-03,US,Georgia,Richmond,6165,135,0,33.35777107,-82.07026432,13245.0,3044.1738512132256,2.18978102189781,6030,6102,133,0,5969,6062,201554,63,2,0,61,40
2020-09-03,US,Georgia,Rockdale,1688,33,0,33.65145002,-84.02202167,13247.0,1857.06741770815,1.954976303317536,1655,1678,33,0,1645,1665,90594,10,0,0,10,13
2020-09-03,US,Georgia,Schley,96,2,0,32.2654021,-84.31258912,13249.0,1826.136579798364,2.083333333333333,94,96,2,0,94,95,5236,0,0,0,0,1
2020-09-03,US,Georgia,Screven,303,9,0,32.74976524,-81.60779441,13251.0,2169.554632679364,2.9702970297029703,294,298,9,0,289,295,13938,5,0,0,5,3
2020-09-03,US,Georgia,Seminole,298,8,0,30.93464824,-84.86823924,13253.0,3683.559950556241,2.684563758389262,290,292,8,0,284,295,8315,6,0,0,6,-3
2020-09-03,US,Georgia,Spalding,1198,53,0,33.26310031,-84.28013991,13255.0,1796.0211684631875,4.424040066777963,1145,1190,53,0,1137,1182,66100,8,0,0,8,8
2020-09-03,US,Georgia,Stephens,875,27,0,34.55151201,-83.29405315,13257.0,3375.1205400192853,3.085714285714286,848,862,27,0,835,853,26035,13,0,0,13,9
2020-09-03,US,Georgia,Stewart,368,11,0,32.07996777,-84.83208037,13259.0,5558.0727986708935,2.989130434782609,357,367,11,0,356,356,6199,1,0,0,1,11
2020-09-03,US,Georgia,Sumter,872,60,0,32.03650571,-84.19821492,13261.0,2953.529332068825,6.8807339449541285,812,862,60,0,802,861,29733,10,0,0,10,1
2020-09-03,US,Georgia,Talbot,155,5,0,32.69642758,-84.53351366,13263.0,2502.0177562550443,3.2258064516129035,150,155,5,0,150,155,6272,0,0,0,0,0
2020-09-03,US,Georgia,Taliaferro,19,0,0,33.56543317,-82.88136816,13265.0,1236.174365647365,0.0,19,19,0,0,19,19,1608,0,0,0,0,0
2020-09-03,US,Georgia,Tattnall,702,7,0,32.04785085,-82.05539188,13267.0,2776.239816499249,0.9971509971509972,695,691,7,0,684,685,25391,11,0,0,11,6
2020-09-03,US,Georgia,Taylor,162,7,0,32.55792548,-84.25077141,13269.0,2019.9501246882794,4.320987654320987,155,163,7,0,156,160,8039,-1,0,0,-1,3
2020-09-03,US,Georgia,Telfair,349,13,0,31.92829517,-82.93491155,13271.0,2200.504413619168,3.7249283667621778,336,349,13,0,336,349,15876,0,0,0,0,0
2020-09-03,US,Georgia,Terrell,321,31,0,31.77527543,-84.44069698,13273.0,3762.747626304068,9.657320872274145,290,320,31,0,289,320,8611,1,0,0,1,0
2020-09-03,US,Georgia,Thomas,1426,54,0,30.86392347,-83.91847289,13275.0,3208.026816044633,3.786816269284712,1372,1422,52,0,1370,1413,44448,4,2,0,2,9
2020-09-03,US,Georgia,Tift,1547,51,0,31.45743864,-83.5236119,13277.0,3806.2198602499748,3.2967032967032965,1496,1530,51,0,1479,1511,40571,17,0,0,17,19
2020-09-03,US,Georgia,Toombs,1116,26,0,32.12059861,-82.32957247,13279.0,4159.522922102125,2.3297491039426523,1090,1090,24,0,1066,1080,26887,26,2,0,24,10
2020-09-03,US,Georgia,Towns,221,6,0,34.91369188,-83.74107459999998,13281.0,1836.0056492481515,2.7149321266968327,215,218,6,0,212,213,11852,3,0,0,3,5
2020-09-03,US,Georgia,Treutlen,222,5,0,32.40422134,-82.56904553,13283.0,3216.925083321257,2.2522522522522523,217,214,5,0,209,215,6809,8,0,0,8,-1
2020-09-03,US,Georgia,Troup,2627,87,0,33.03349196,-85.02812115,13285.0,3757.0435628271503,3.311762466692044,2540,2614,86,0,2528,2602,70034,13,1,0,12,12
2020-09-03,US,Georgia,Turner,281,21,0,31.71612656,-83.62069378,13287.0,3519.0983093299933,7.473309608540926,260,279,21,0,258,279,7912,2,0,0,2,0
2020-09-03,US,Georgia,Twiggs,167,7,0,32.67435595,-83.43078662,13289.0,2056.650246305419,4.1916167664670665,160,165,7,0,158,166,8188,2,0,0,2,-1
2020-09-03,US,Georgia,Unassigned,2419,3,0,0.0,0.0,90013.0,0.0,0.12401818933443573,2416,2508,4,0,2504,2480,,-89,-1,0,-88,28
2020-09-03,US,Georgia,Union,509,12,0,34.82995757,-83.98967069,13291.0,2076.6186610093428,2.357563850687623,497,497,11,0,486,488,24001,12,1,0,11,9
2020-09-03,US,Georgia,Upson,670,58,0,32.87920671,-84.30024826,13293.0,2545.592705167173,8.656716417910447,612,667,57,0,610,664,26215,3,1,0,2,3
2020-09-03,US,Georgia,Walker,1083,23,0,34.73376362,-85.30165174,13295.0,1552.4433422686027,2.123730378578024,1060,1069,22,0,1047,1046,69410,14,1,0,13,23
2020-09-03,US,Georgia,Walton,1550,48,0,33.78017694,-83.73552314,13297.0,1638.5990506697112,3.0967741935483866,1502,1527,48,0,1479,1506,93503,23,0,0,23,21
2020-09-03,US,Georgia,Ware,1353,45,0,31.05449097,-82.42224148,13299.0,3786.309956903789,3.3259423503325944,1308,1349,45,0,1304,1347,35680,4,0,0,4,2
2020-09-03,US,Georgia,Warren,121,5,0,33.41146451,-82.67795848,13301.0,2303.007232584697,4.132231404958676,116,121,5,0,116,120,5251,0,0,0,0,1
2020-09-03,US,Georgia,Washington,619,5,0,32.96711864,-82.79357039,13303.0,3038.1859232354964,0.8077544426494345,614,616,5,0,611,617,20386,3,0,0,3,-1
2020-09-03,US,Georgia,Wayne,984,25,0,31.5521809,-81.91894878,13305.0,3288.0008019514153,2.540650406504065,959,973,25,0,948,967,29808,11,0,0,11,6
2020-09-03,US,Georgia,Webster,40,2,0,32.04066113,-84.54742852,13307.0,1534.3306482546989,5.0,38,38,2,0,36,38,2611,2,0,0,2,0
2020-09-03,US,Georgia,Wheeler,152,7,0,32.12009104,-82.72574721,13309.0,1935.0732017823043,4.605263157894737,145,152,7,0,145,149,7879,0,0,0,0,3
2020-09-03,US,Georgia,White,560,14,0,34.64624278,-83.74905525,13311.0,1818.299889603221,2.5,546,538,13,0,525,529,29970,22,1,0,21,9
2020-09-03,US,Georgia,Whitfield,4064,55,0,34.80987459,-84.96093476,13313.0,3884.23748900868,1.3533464566929134,4009,4030,55,0,3975,4002,104062,34,0,0,34,28
2020-09-03,US,Georgia,Wilcox,225,20,0,31.97496928,-83.43438555,13315.0,2605.6745801968727,8.888888888888891,205,225,20,0,205,224,8812,0,0,0,0,1
2020-09-03,US,Georgia,Wilkes,229,3,0,33.78290391,-82.74286107,13317.0,2342.231768436125,1.310043668122271,226,226,3,0,223,225,9876,3,0,0,3,1
2020-09-03,US,Georgia,Wilkinson,290,17,0,32.80291082,-83.17140684,13319.0,3238.775966048693,5.862068965517241,273,289,17,0,272,291,9036,1,0,0,1,-2
2020-09-03,US,Georgia,Worth,509,29,0,31.55162306,-83.85090513,13321.0,2513.9526843482986,5.697445972495087,480,509,29,0,480,504,20299,0,0,0,0,5
2020-09-03,US,Hawaii,Hawaii,435,3,0,19.60121157,-155.5210167,15001.0,215.8669663991901,0.6896551724137931,432,418,3,0,415,383,200983,17,0,0,17,35
2020-09-03,US,Hawaii,Honolulu,8339,67,0,21.45803166,-157.97121819999995,15003.0,855.6655649763022,0.8034536515169685,8272,8149,63,0,8086,7848,980080,190,4,0,186,301
2020-09-03,US,Hawaii,Kauai,57,0,0,22.03935037,-159.5966786,15007.0,78.84580803120635,0.0,57,57,0,0,57,57,72133,0,0,0,0,0
2020-09-03,US,Hawaii,Maui,346,8,0,20.86399628,-156.56890969999995,15009.0,206.669573579744,2.3121387283237,338,342,8,0,334,340,167207,4,0,0,4,2
2020-09-03,US,Hawaii,Out of HI,25,1,0,0.0,0.0,80015.0,0.0,4.0,24,25,1,0,24,25,,0,0,0,0,0
2020-09-03,US,Idaho,Ada,11411,128,0,43.4526575,-116.24155159999998,16001.0,2369.4576473202137,1.1217246516519148,11283,11374,128,0,11246,11267,469966,37,0,0,37,107
2020-09-03,US,Idaho,Adams,25,0,0,44.89333571,-116.4545247,16003.0,582.2077317186772,0.0,25,25,0,0,25,25,4250,0,0,0,0,0
2020-09-03,US,Idaho,Bannock,642,3,0,42.67002716,-112.2233311,16005.0,731.1406705539357,0.4672897196261682,639,638,3,0,635,624,87138,4,0,0,4,14
2020-09-03,US,Idaho,Bear Lake,31,0,0,42.28269683,-111.32892379999998,16007.0,506.1224489795918,0.0,31,31,0,0,31,30,6050,0,0,0,0,1
2020-09-03,US,Idaho,Benewah,119,2,0,47.21754179,-116.6586851,16009.0,1279.8451279845128,1.680672268907563,117,119,2,0,117,111,9226,0,0,0,0,8
2020-09-03,US,Idaho,Bingham,458,5,0,43.21672879999999,-112.3978437,16011.0,978.4025122300314,1.091703056768559,453,454,5,0,449,451,46236,4,0,0,4,3
2020-09-03,US,Idaho,Blaine,606,6,0,43.4085812,-113.9752658,16013.0,2632.379132096781,0.99009900990099,600,604,6,0,598,606,22601,2,0,0,2,-2
2020-09-03,US,Idaho,Boise,63,1,0,43.98829931,-115.7309284,16015.0,804.4949559443237,1.5873015873015872,62,63,1,0,62,62,7634,0,0,0,0,1
2020-09-03,US,Idaho,Bonner,221,0,0,48.29996017,-116.6017932,16017.0,483.1762828220993,0.0,221,218,0,0,218,215,44727,3,0,0,3,3
2020-09-03,US,Idaho,Bonneville,1884,11,0,43.38713372,-111.6161537,16019.0,1582.3688498429392,0.583864118895966,1873,1831,11,0,1820,1817,116854,53,0,0,53,14
2020-09-03,US,Idaho,Boundary,44,1,0,48.76684761,-116.4630179,16021.0,359.3303389138424,2.272727272727273,43,44,1,0,43,44,11948,0,0,0,0,0
2020-09-03,US,Idaho,Butte,16,0,0,43.72592209,-113.1735463,16023.0,616.0954948016943,0.0,16,13,0,0,13,12,2611,3,0,0,3,1
2020-09-03,US,Idaho,Camas,4,0,0,43.46665742,-114.8065892,16025.0,361.6636528028933,0.0,4,4,0,0,4,4,1127,0,0,0,0,0
2020-09-03,US,Idaho,Canyon,7332,81,0,43.61970148,-116.70954990000001,16027.0,3189.9203390051725,1.104746317512275,7251,7304,81,0,7223,7261,223499,28,0,0,28,43
2020-09-03,US,Idaho,Caribou,41,0,0,42.77149116,-111.5597683,16029.0,573.0258560447239,0.0,41,40,0,0,40,40,7060,1,0,0,1,0
2020-09-03,US,Idaho,Cassia,586,4,0,42.28347888,-113.6012409,16031.0,2438.618393674573,0.6825938566552902,582,584,4,0,580,584,23864,2,0,0,2,0
2020-09-03,US,Idaho,Clark,21,0,0,44.28496071,-112.35057040000001,16033.0,2485.207100591716,0.0,21,21,0,0,21,21,852,0,0,0,0,0
2020-09-03,US,Idaho,Clearwater,22,0,0,46.67459924,-115.6622393,16035.0,251.25628140703517,0.0,22,21,0,0,21,21,8758,1,0,0,1,0
2020-09-03,US,Idaho,Custer,42,0,0,44.24186819,-114.2855494,16037.0,973.3487833140207,0.0,42,40,0,0,40,37,4280,2,0,0,2,3
2020-09-03,US,Idaho,Elmore,293,3,0,43.3507101,-115.4701578,16039.0,1065.0285340409293,1.023890784982935,290,291,3,0,288,288,27259,2,0,0,2,3
2020-09-03,US,Idaho,Franklin,58,0,0,42.18332217,-111.81496659999999,16041.0,417.9878927644854,0.0,58,57,0,0,57,57,13726,1,0,0,1,0
2020-09-03,US,Idaho,Fremont,118,2,0,44.22800938,-111.48099429999999,16043.0,900.8321245896633,1.6949152542372878,116,116,2,0,114,115,13168,2,0,0,2,1
2020-09-03,US,Idaho,Gem,229,2,0,44.06482372,-116.398376,16045.0,1264.3551236749115,0.8733624454148472,227,214,2,0,212,212,17634,15,0,0,15,2
2020-09-03,US,Idaho,Gooding,240,1,0,42.96927962,-114.81083059999999,16047.0,1581.131826866065,0.4166666666666667,239,237,1,0,236,232,15196,3,0,0,3,5
2020-09-03,US,Idaho,Idaho,44,0,0,45.84721541,-115.4634436,16049.0,263.99472010559793,0.0,44,44,0,0,44,43,16513,0,0,0,0,1
2020-09-03,US,Idaho,Jefferson,370,1,0,43.82078483,-112.3131749,16051.0,1238.6595694821065,0.2702702702702703,369,365,1,0,364,362,29439,5,0,0,5,3
2020-09-03,US,Idaho,Jerome,617,6,0,42.68891267,-114.2655033,16053.0,2527.4455185974107,0.9724473257698542,611,612,6,0,606,603,24015,5,0,0,5,9
2020-09-03,US,Idaho,Kootenai,2237,30,0,47.67282258,-116.7020872,16055.0,1350.0546177661636,1.3410818059901657,2207,2220,30,0,2190,2200,161505,17,0,0,17,20
2020-09-03,US,Idaho,Latah,250,0,0,46.81587887,-116.71136979999999,16057.0,623.3170439812508,0.0,250,249,0,0,249,245,40134,1,0,0,1,4
2020-09-03,US,Idaho,Lemhi,70,0,0,44.9438088,-113.9309747,16059.0,872.0568082720818,0.0,70,70,0,0,70,70,7961,0,0,0,0,0
2020-09-03,US,Idaho,Lewis,9,0,0,46.23315327,-116.434146,16061.0,234.49713392391868,0.0,9,9,0,0,9,,3861,0,0,0,0,
2020-09-03,US,Idaho,Lincoln,70,0,0,43.0012336,-114.1358773,16063.0,1304.5098770033544,0.0,70,68,0,0,68,67,5360,2,0,0,2,1
2020-09-03,US,Idaho,Madison,260,0,0,43.78141028,-111.65384740000002,16065.0,651.5147718445387,0.0,260,256,0,0,256,252,39304,4,0,0,4,4
2020-09-03,US,Idaho,Minidoka,564,3,0,42.85518524,-113.6357257,16067.0,2680.735776415229,0.5319148936170213,561,563,3,0,560,556,20825,1,0,0,1,7
2020-09-03,US,Idaho,Nez Perce,317,19,0,46.32638236,-116.75009750000001,16069.0,784.4981191843201,5.993690851735016,298,313,19,0,294,301,40408,4,0,0,4,12
2020-09-03,US,Idaho,Oneida,22,0,0,42.19494279999999,-112.5407838,16071.0,485.5440300154492,0.0,22,22,0,0,22,21,4488,0,0,0,0,1
2020-09-03,US,Idaho,Owyhee,306,5,0,42.58016894,-116.16938710000001,16073.0,2588.175589951789,1.6339869281045751,301,306,5,0,301,305,11693,0,0,0,0,1
2020-09-03,US,Idaho,Payette,713,4,0,44.00545243,-116.7647695,16075.0,2976.9111936871113,0.5610098176718092,709,702,4,0,698,690,23551,11,0,0,11,12
2020-09-03,US,Idaho,Power,131,0,0,42.69254894,-112.83957420000002,16077.0,1705.5070954302826,0.0,131,128,0,0,128,119,7768,3,0,0,3,9
2020-09-03,US,Idaho,Shoshone,198,15,0,47.35364087,-115.89167490000001,16079.0,1537.0284117373078,7.575757575757576,183,197,15,0,182,197,12796,1,0,0,1,0
2020-09-03,US,Idaho,Teton,128,0,0,43.75303583,-111.2056773,16081.0,1054.1920606160436,0.0,128,127,0,0,127,126,11640,1,0,0,1,1
2020-09-03,US,Idaho,Twin Falls,1734,34,0,42.35440512,-114.6685381,16083.0,1995.9022997766986,1.96078431372549,1700,1695,34,0,1661,1689,86081,39,0,0,39,6
2020-09-03,US,Idaho,Unassigned,3,0,0,0.0,0.0,90016.0,0.0,0.0,3,3,0,0,3,3,,0,0,0,0,0
2020-09-03,US,Idaho,Valley,85,1,0,44.76728382,-115.5676773,16085.0,746.1376404494383,1.1764705882352942,84,84,1,0,83,84,11041,1,0,0,1,0
2020-09-03,US,Idaho,Washington,293,4,0,44.45275475,-116.78476880000001,16087.0,2874.239748871885,1.3651877133105803,289,288,4,0,284,284,10161,5,0,0,5,4
2020-09-03,US,Illinois,Adams,795,9,0,39.98815591,-91.18786813,17001.0,1214.946129747077,1.1320754716981132,786,786,9,0,777,786,65691,9,0,0,9,0
2020-09-03,US,Illinois,Alexander,45,1,0,37.18049267,-89.32910838,17003.0,781.1143898628709,2.2222222222222223,44,45,0,0,45,44,6060,0,1,0,-1,1
2020-09-03,US,Illinois,Bond,162,3,0,38.88829622,-89.43534887,17005.0,986.241324729088,1.851851851851852,159,161,3,0,158,154,16630,1,0,0,1,7
2020-09-03,US,Illinois,Boone,886,23,0,42.32359279,-88.82345779,17007.0,1654.7138801733154,2.5959367945823932,863,884,23,0,861,873,53577,2,0,0,2,11
2020-09-03,US,Illinois,Brown,23,0,0,39.96209138,-90.75068024,17009.0,349.65034965034965,0.0,23,23,0,0,23,20,6556,0,0,0,0,3
2020-09-03,US,Illinois,Bureau,407,9,0,41.40385234,-89.5283051,17011.0,1247.3948755669976,2.211302211302211,398,393,9,0,384,378,32993,14,0,0,14,15
2020-09-03,US,Illinois,Calhoun,27,0,0,39.16840183,-90.66330078,17013.0,569.7404515720616,0.0,27,27,0,0,27,26,4802,0,0,0,0,1
2020-09-03,US,Illinois,Carroll,138,4,0,42.06823429,-89.93395545,17015.0,964.697658161482,2.898550724637681,134,138,4,0,134,135,14312,0,0,0,0,3
2020-09-03,US,Illinois,Cass,313,11,0,39.96991073,-90.24734436,17017.0,2576.767926236931,3.514376996805112,302,309,11,0,298,299,12260,4,0,0,4,10
2020-09-03,US,Illinois,Champaign,2657,20,0,40.13919438,-88.20046615,17019.0,1267.1146316688048,0.7527286413248024,2637,2557,20,0,2537,2498,209983,100,0,0,100,59
2020-09-03,US,Illinois,Christian,250,6,0,39.54581621,-89.27780482,17021.0,773.8979692917288,2.4,244,249,6,0,243,244,32661,1,0,0,1,5
2020-09-03,US,Illinois,Clark,119,2,0,39.33425789,-87.78705622,17023.0,770.6754743863739,1.680672268907563,117,119,2,0,117,116,15596,0,0,0,0,3
2020-09-03,US,Illinois,Clay,92,0,0,38.75388572,-88.48914513,17025.0,697.8155339805825,0.0,92,91,0,0,91,84,13253,1,0,0,1,7
2020-09-03,US,Illinois,Clinton,771,17,0,38.60704876,-89.42385254,17027.0,2052.606357488952,2.2049286640726335,754,765,17,0,748,740,37639,6,0,0,6,25
2020-09-03,US,Illinois,Coles,1060,23,0,39.51949084,-88.22358557,17029.0,2093.992611761917,2.1698113207547167,1037,1027,22,0,1005,986,50885,33,1,0,32,41
2020-09-03,US,Illinois,Cook,128012,5080,0,41.84144849,-87.81658794,17031.0,2485.557449536749,3.9683779645658217,122932,127616,5073,0,122543,126992,5180493,396,7,0,389,624
2020-09-03,US,Illinois,Crawford,84,1,0,39.0032229,-87.75954624,17033.0,449.99196442920646,1.1904761904761905,83,81,1,0,80,80,18807,3,0,0,3,1
2020-09-03,US,Illinois,Cumberland,148,3,0,39.27432424,-88.2401158,17035.0,1374.698123722831,2.0270270270270268,145,146,3,0,143,140,10808,2,0,0,2,6
2020-09-03,US,Illinois,De Witt,47,1,0,40.17514519,-88.90959682,17039.0,300.5499424478834,2.127659574468085,46,48,1,0,47,44,15769,-1,0,0,-1,4
2020-09-03,US,Illinois,DeKalb,1156,36,0,41.89373302,-88.76958483,17037.0,1102.0334232628197,3.1141868512110733,1120,1149,36,0,1113,1127,104143,7,0,0,7,22
2020-09-03,US,Illinois,Douglas,232,5,0,39.76768052,-88.21854195,17041.0,1191.8828666837915,2.155172413793104,227,231,5,0,226,223,19479,1,0,0,1,8
2020-09-03,US,Illinois,DuPage,14840,536,0,41.85116968,-88.08642662,17043.0,1607.9382742401572,3.611859838274933,14304,14770,537,0,14233,14679,928589,70,-1,0,71,91
2020-09-03,US,Illinois,Edgar,92,1,0,39.6809186,-87.74759563,17045.0,536.0992949128839,1.0869565217391304,91,92,0,0,92,84,17360,0,1,0,-1,8
2020-09-03,US,Illinois,Edwards,43,0,0,38.41353228,-88.05720863,17047.0,672.4003127443315,0.0,43,42,0,0,42,42,6392,1,0,0,1,0
2020-09-03,US,Illinois,Effingham,586,1,0,39.05935711,-88.58969584,17049.0,1723.1239708303929,0.17064846416382254,585,574,1,0,573,549,34208,12,0,0,12,25
2020-09-03,US,Illinois,Fayette,183,3,0,39.00072038,-89.02452658,17051.0,857.7052868391451,1.639344262295082,180,176,3,0,173,172,21416,7,0,0,7,4
2020-09-03,US,Illinois,Ford,74,3,0,40.59706922,-88.22350769,17053.0,570.9436000308617,4.0540540540540535,71,72,3,0,69,71,13264,2,0,0,2,1
2020-09-03,US,Illinois,Franklin,358,1,0,37.99189086,-88.92567818,17055.0,930.619459824794,0.2793296089385475,357,349,1,0,348,345,38701,9,0,0,9,4
2020-09-03,US,Illinois,Fulton,97,0,0,40.47289135,-90.20862357,17057.0,282.4694234129296,0.0,97,94,0,0,94,89,34844,3,0,0,3,5
2020-09-03,US,Illinois,Gallatin,64,2,0,37.76430935,-88.22953869,17059.0,1325.6006628003313,3.125,62,64,2,0,62,63,5058,0,0,0,0,1
2020-09-03,US,Illinois,Greene,130,1,0,39.35907414,-90.388865,17061.0,1002.3903153674146,0.7692307692307693,129,129,1,0,128,115,13044,1,0,0,1,14
2020-09-03,US,Illinois,Grundy,516,5,0,41.28569601,-88.41905692,17063.0,1010.6945587025502,0.9689922480620154,511,501,5,0,496,483,50972,15,0,0,15,18
2020-09-03,US,Illinois,Hamilton,45,0,0,38.08163641,-88.53883373,17065.0,554.4603252833908,0.0,45,45,0,0,45,45,8163,0,0,0,0,0
2020-09-03,US,Illinois,Hancock,150,2,0,40.40423981,-91.16313899,17067.0,847.0747684662299,1.3333333333333333,148,146,2,0,144,140,17844,4,0,0,4,6
2020-09-03,US,Illinois,Hardin,20,0,0,37.51810645,-88.26873022,17069.0,523.4231876472128,0.0,20,20,0,0,20,19,3910,0,0,0,0,1
2020-09-03,US,Illinois,Henderson,45,0,0,40.81908672,-90.92491462,17071.0,677.0990069214565,0.0,45,45,0,0,45,45,6709,0,0,0,0,0
2020-09-03,US,Illinois,Henry,477,1,0,41.3533994,-90.13296166,17073.0,975.2008668452147,0.20964360587002093,476,472,1,0,471,468,49090,5,0,0,5,4
2020-09-03,US,Illinois,Iroquois,313,19,0,40.74717633,-87.82466784,17075.0,1154.3851884635244,6.070287539936103,294,310,19,0,291,306,27604,3,0,0,3,4
2020-09-03,US,Illinois,Jackson,984,22,0,37.78595185,-89.38232563,17077.0,1733.9207048458152,2.2357723577235773,962,973,22,0,951,951,57419,11,0,0,11,22
2020-09-03,US,Illinois,Jasper,141,7,0,39.01054275,-88.15437049,17079.0,1467.2216441207074,4.964539007092198,134,139,7,0,132,132,9611,2,0,0,2,7
2020-09-03,US,Illinois,Jefferson,470,35,0,38.29980057,-88.9240025,17081.0,1247.2136715847575,7.446808510638298,435,463,35,0,428,462,37820,7,0,0,7,1
2020-09-03,US,Illinois,Jersey,285,6,0,39.08869046,-90.35393073,17083.0,1308.9606393239333,2.1052631578947367,279,285,6,0,279,278,21847,0,0,0,0,7
2020-09-03,US,Illinois,Jo Daviess,183,2,0,42.36542373,-90.21094405,17085.0,861.7847892630092,1.0928961748633879,181,177,2,0,175,177,21366,6,0,0,6,0
2020-09-03,US,Illinois,Johnson,119,0,0,37.45939802,-88.88165419,17087.0,958.3635338648628,0.0,119,119,0,0,119,117,12456,0,0,0,0,2
2020-09-03,US,Illinois,Kane,11395,317,0,41.93842729,-88.42861412,17089.0,2140.295978798016,2.781921895568232,11078,11354,314,0,11040,11285,534216,41,3,0,38,69
2020-09-03,US,Illinois,Kankakee,2290,71,0,41.13746989,-87.86205334,17091.0,2084.4331980120514,3.1004366812227078,2219,2274,71,0,2203,2256,110024,16,0,0,16,18
2020-09-03,US,Illinois,Kendall,1679,24,0,41.59081014,-88.42869583,17093.0,1301.6512907977362,1.4294222751637882,1655,1670,23,0,1647,1660,127915,9,1,0,8,10
2020-09-03,US,Illinois,Knox,468,3,0,40.93148779,-90.21330340000002,17095.0,941.6688464556634,0.6410256410256411,465,460,3,0,457,459,50112,8,0,0,8,1
2020-09-03,US,Illinois,LaSalle,1302,51,0,41.34426129999999,-88.88633881,17099.0,1198.1337824034454,3.91705069124424,1251,1291,50,0,1241,1273,109430,11,1,0,10,18
2020-09-03,US,Illinois,Lake,14767,469,0,42.3224907,-88.00367925,17097.0,2120.065754053996,3.1760005417484933,14298,14697,468,0,14229,14639,700832,70,1,0,69,58
2020-09-03,US,Illinois,Lawrence,142,0,0,38.71987914,-87.72884035,17101.0,905.7277713994133,0.0,142,142,0,0,142,136,15765,0,0,0,0,6
2020-09-03,US,Illinois,Lee,246,1,0,41.74583951,-89.29977132,17103.0,721.4922571562648,0.4065040650406504,245,244,1,0,243,243,34223,2,0,0,2,1
2020-09-03,US,Illinois,Livingston,210,4,0,40.89188292,-88.55784752,17105.0,589.0933572710951,1.9047619047619049,206,207,4,0,203,199,35761,3,0,0,3,8
2020-09-03,US,Illinois,Logan,287,1,0,40.12581572,-89.36638784,17107.0,1002.8653295128939,0.3484320557491289,286,276,1,0,275,265,28925,11,0,0,11,11
2020-09-03,US,Illinois,Macon,1010,28,0,39.86064913,-88.96342505,17115.0,971.0698112663327,2.7722772277227716,982,1007,27,0,980,988,104712,3,1,0,2,19
2020-09-03,US,Illinois,Macoupin,364,5,0,39.26119767,-89.92424028,17117.0,810.2212527267061,1.3736263736263736,359,362,5,0,357,352,45313,2,0,0,2,10
2020-09-03,US,Illinois,Madison,4219,103,0,38.83042506,-89.90422563,17119.0,1604.3899211304886,2.441336809670538,4116,4182,100,0,4082,4102,264461,37,3,0,34,80
2020-09-03,US,Illinois,Marion,293,0,0,38.64963204,-88.91899208,17121.0,787.5285579895178,0.0,293,286,0,0,286,278,37620,7,0,0,7,8
2020-09-03,US,Illinois,Marshall,53,0,0,41.0327901,-89.34510444,17123.0,463.36772162965553,0.0,53,53,0,0,53,53,11534,0,0,0,0,0
2020-09-03,US,Illinois,Mason,88,1,0,40.23917274,-89.91824452,17125.0,658.7319410135489,1.1363636363636365,87,88,1,0,87,87,13565,0,0,0,0,1
2020-09-03,US,Illinois,Massac,67,1,0,37.22078441,-88.71036614,17127.0,486.494336334592,1.492537313432836,66,65,1,0,64,65,14080,2,0,0,2,0
2020-09-03,US,Illinois,McDonough,251,15,0,40.45674722,-90.67775541,17109.0,845.6303483592751,5.9760956175298805,236,231,15,0,216,215,29955,20,0,0,20,16
2020-09-03,US,Illinois,McHenry,3925,115,0,42.32451172,-88.45248227,17111.0,1275.286411457758,2.929936305732484,3810,3907,115,0,3792,3881,308570,18,0,0,18,26
2020-09-03,US,Illinois,McLean,2162,16,0,40.48996987,-88.84621113,17113.0,1260.5164502644052,0.7400555041628122,2146,2063,16,0,2047,1869,172828,99,0,0,99,194
2020-09-03,US,Illinois,Menard,72,0,0,40.02742725,-89.80246001,17129.0,590.3574942604133,0.0,72,72,0,0,72,70,12288,0,0,0,0,2
2020-09-03,US,Illinois,Mercer,106,5,0,41.20596782,-90.74290052,17131.0,686.6619161754228,4.716981132075472,101,103,5,0,98,103,15601,3,0,0,3,0
2020-09-03,US,Illinois,Monroe,477,14,0,38.27594376,-90.17761038,17133.0,1377.1400525449665,2.9350104821802936,463,472,14,0,458,461,34335,5,0,0,5,11
2020-09-03,US,Illinois,Montgomery,258,10,0,39.23198845,-89.47809254,17135.0,908.0030970648272,3.875968992248062,248,254,9,0,245,251,28601,4,1,0,3,3
2020-09-03,US,Illinois,Morgan,544,20,0,39.71654544,-90.20255104,17137.0,1616.2576504842832,3.6764705882352944,524,538,20,0,518,495,33976,6,0,0,6,43
2020-09-03,US,Illinois,Moultrie,174,2,0,39.64187451,-88.62099969,17139.0,1199.9172470864078,1.1494252873563218,172,169,2,0,167,162,14717,5,0,0,5,7
2020-09-03,US,Illinois,Ogle,492,5,0,42.04165196,-89.32184679,17141.0,971.5064273443517,1.0162601626016259,487,489,5,0,484,483,50923,3,0,0,3,6
2020-09-03,US,Illinois,Peoria,2466,41,0,40.78702156,-89.76078901,17143.0,1376.277353930985,1.6626115166261148,2425,2441,40,0,2401,2414,180621,25,1,0,24,27
2020-09-03,US,Illinois,Perry,300,10,0,38.08510853,-89.36856219,17145.0,1434.3086632243258,3.333333333333333,290,298,10,0,288,294,21174,2,0,0,2,4
2020-09-03,US,Illinois,Piatt,84,0,0,40.01360584,-88.59319339,17147.0,513.950073421439,0.0,84,82,0,0,82,80,16396,2,0,0,2,2
2020-09-03,US,Illinois,Pike,75,0,0,39.62265059,-90.8877017,17149.0,481.97416618469254,0.0,75,75,0,0,75,73,15611,0,0,0,0,2
2020-09-03,US,Illinois,Pope,20,1,0,37.41391284,-88.56152109,17151.0,478.8125448886762,5.0,19,19,1,0,18,19,4212,1,0,0,1,0
2020-09-03,US,Illinois,Pulaski,133,1,0,37.22631423,-89.13085001,17153.0,2492.970946579194,0.7518796992481203,132,132,1,0,131,125,5463,1,0,0,1,7
2020-09-03,US,Illinois,Putnam,20,0,0,41.2013541,-89.2869272,17155.0,348.4927687750479,0.0,20,20,0,0,20,20,5740,0,0,0,0,0
2020-09-03,US,Illinois,Randolph,751,7,0,38.05095369,-89.82512254,17157.0,2362.972751872129,0.9320905459387484,744,750,7,0,743,748,32106,1,0,0,1,2
2020-09-03,US,Illinois,Richland,66,3,0,38.71240969,-88.08475366,17159.0,425.4496228969252,4.545454545454546,63,66,3,0,63,65,15763,0,0,0,0,1
2020-09-03,US,Illinois,Rock Island,2274,60,0,41.46613806,-90.57042164,17161.0,1602.7741949125666,2.638522427440633,2214,2269,58,0,2211,2228,143477,5,2,0,3,41
2020-09-03,US,Illinois,Saline,168,3,0,37.75332999,-88.54119706,17165.0,715.1675109616449,1.7857142857142858,165,168,3,0,165,164,23906,0,0,0,0,4
2020-09-03,US,Illinois,Sangamon,1844,39,0,39.75836914,-89.65872023,17167.0,947.2343223473332,2.1149674620390457,1805,1837,39,0,1798,1804,195348,7,0,0,7,33
2020-09-03,US,Illinois,Schuyler,29,0,0,40.157179799999994,-90.61114163,17169.0,428.48699763593385,0.0,29,24,0,0,24,23,6907,5,0,0,5,1
2020-09-03,US,Illinois,Scott,46,0,0,39.642916899999996,-90.47814431,17171.0,929.1052312664107,0.0,46,46,0,0,46,46,4926,0,0,0,0,0
2020-09-03,US,Illinois,Shelby,226,3,0,39.39133527,-88.80611122,17173.0,1044.6519367662013,1.327433628318584,223,221,3,0,218,210,21741,5,0,0,5,11
2020-09-03,US,Illinois,St. Clair,5450,173,0,38.46996033,-89.93063427,17163.0,2098.6884160101044,3.1743119266055047,5277,5413,172,0,5241,5347,261059,37,1,0,36,66
2020-09-03,US,Illinois,Stark,28,0,0,41.09309773,-89.79745866,17175.0,524.1482590789966,0.0,28,28,0,0,28,24,5427,0,0,0,0,4
2020-09-03,US,Illinois,Stephenson,388,6,0,42.35129217,-89.662598,17177.0,871.9493010921839,1.5463917525773196,382,387,6,0,381,381,44753,1,0,0,1,6
2020-09-03,US,Illinois,Tazewell,1158,10,0,40.50716185,-89.51404662,17179.0,878.5839472546147,0.8635578583765112,1148,1139,10,0,1129,1109,132328,19,0,0,19,30
2020-09-03,US,Illinois,Unassigned,1789,209,0,0.0,0.0,90017.0,0.0,11.682504192286196,1580,1776,209,0,1567,1779,,13,0,0,13,-3
2020-09-03,US,Illinois,Union,438,24,0,37.47119609,-89.25548938,17181.0,2630.156728517384,5.479452054794519,414,435,24,0,411,432,16841,3,0,0,3,3
2020-09-03,US,Illinois,Vermilion,368,4,0,40.18417171,-87.73384359,17183.0,485.7572797592334,1.0869565217391304,364,353,4,0,349,344,76806,15,0,0,15,9
2020-09-03,US,Illinois,Wabash,110,1,0,38.44272901,-87.84922065,17185.0,954.8611111111113,0.9090909090909092,109,108,1,0,107,108,11549,2,0,0,2,0
2020-09-03,US,Illinois,Warren,265,1,0,40.84925021,-90.6147432,17187.0,1573.2605081928284,0.37735849056603776,264,264,1,0,263,258,17032,1,0,0,1,6
2020-09-03,US,Illinois,Washington,119,1,0,38.35309213,-89.40982703,17189.0,856.9165406495282,0.8403361344537815,118,116,1,0,115,115,13995,3,0,0,3,1
2020-09-03,US,Illinois,Wayne,118,2,0,38.42955355,-88.42586459,17191.0,727.7212457600987,1.6949152542372878,116,117,2,0,115,112,16332,1,0,0,1,5
2020-09-03,US,Illinois,White,129,0,0,38.08706198,-88.17657461,17193.0,952.9437837039226,0.0,129,128,0,0,128,125,13665,1,0,0,1,3
2020-09-03,US,Illinois,Whiteside,525,19,0,41.75509713,-89.91556058,17195.0,951.51789759855,3.6190476190476186,506,524,19,0,505,511,55626,1,0,0,1,13
2020-09-03,US,Illinois,Will,11737,360,0,41.44619267,-87.97862712,17197.0,1699.1847908701209,3.067223310897163,11377,11676,360,0,11316,11619,692310,61,0,0,61,57
2020-09-03,US,Illinois,Williamson,965,14,0,37.73033511,-88.92994027,17199.0,1449.0142198597534,1.4507772020725391,951,960,14,0,946,927,67056,5,0,0,5,33
2020-09-03,US,Illinois,Winnebago,4342,147,0,42.33641854,-89.16085327,17201.0,1536.5995215378734,3.385536619069553,4195,4326,147,0,4179,4278,284081,16,0,0,16,48
2020-09-03,US,Illinois,Woodford,293,3,0,40.78579374,-89.20973757,17203.0,761.8502821186197,1.023890784982935,290,288,3,0,285,281,38463,5,0,0,5,7
2020-09-03,US,Indiana,Adams,192,2,0,40.7457653,-84.93671406,18001.0,536.6576292031193,1.0416666666666667,190,190,2,0,188,190,35636,2,0,0,2,0
2020-09-03,US,Indiana,Allen,5127,179,0,41.09194313,-85.06800636,18003.0,1351.7040646033868,3.4913204603081724,4948,5062,179,0,4883,5009,375351,65,0,0,65,53
2020-09-03,US,Indiana,Bartholomew,1077,54,0,39.20744865,-85.89558181,18005.0,1285.5250122345697,5.013927576601671,1023,1074,54,0,1020,1070,82753,3,0,0,3,4
2020-09-03,US,Indiana,Benton,84,0,0,40.60626947,-87.31093999,18007.0,960.2194787379973,0.0,84,81,0,0,81,81,8653,3,0,0,3,0
2020-09-03,US,Indiana,Blackford,76,2,0,40.47388153,-85.32499702,18009.0,646.3684300051028,2.631578947368421,74,74,2,0,72,74,11930,2,0,0,2,0
2020-09-03,US,Indiana,Boone,867,46,0,40.0509304,-86.46841646,18011.0,1277.9505623277273,5.30565167243368,821,860,46,0,814,847,66999,7,0,0,7,13
2020-09-03,US,Indiana,Brown,90,2,0,39.19605589,-86.22868909,18013.0,596.342433077127,2.2222222222222223,88,90,2,0,88,90,15234,0,0,0,0,0
2020-09-03,US,Indiana,Carroll,258,13,0,40.580783200000006,-86.56198812,18015.0,1273.6338055980648,5.038759689922482,245,258,13,0,245,257,20127,0,0,0,0,1
2020-09-03,US,Indiana,Cass,1879,9,0,40.76135835,-86.34830753,18017.0,4985.539547348033,0.4789781798829165,1870,1876,9,0,1867,1872,37955,3,0,0,3,4
2020-09-03,US,Indiana,Clark,1816,53,0,38.48015445,-85.70510334,18019.0,1535.0543524200775,2.918502202643172,1763,1785,53,0,1732,1769,117360,31,0,0,31,16
2020-09-03,US,Indiana,Clay,245,5,0,39.39561833,-87.11723506,18021.0,934.2230695900856,2.0408163265306123,240,241,5,0,236,233,26170,4,0,0,4,8
2020-09-03,US,Indiana,Clinton,561,11,0,40.30319754,-86.47277257,18023.0,1731.5349239174054,1.96078431372549,550,555,10,0,545,553,32250,6,1,0,5,2
2020-09-03,US,Indiana,Crawford,69,0,0,38.28814402,-86.44518825,18025.0,652.3588919353314,0.0,69,67,0,0,67,64,10558,2,0,0,2,3
2020-09-03,US,Indiana,Daviess,521,24,0,38.70186039,-87.07185406,18027.0,1562.1720488141284,4.606525911708253,497,510,24,0,486,500,33147,11,0,0,11,10
2020-09-03,US,Indiana,DeKalb,357,7,0,41.39804622,-84.99906934,18033.0,821.1615871190338,1.96078431372549,350,349,7,0,342,345,43226,8,0,0,8,4
2020-09-03,US,Indiana,Dearborn,579,28,0,39.14647946,-84.97333539,18029.0,1170.6902826640787,4.835924006908463,551,577,28,0,549,575,49568,2,0,0,2,2
2020-09-03,US,Indiana,Decatur,417,35,0,39.30712658,-85.50087166,18031.0,1570.0892352874732,8.393285371702637,382,411,35,0,376,404,26794,6,0,0,6,7
2020-09-03,US,Indiana,Delaware,1344,57,0,40.22787247,-85.39732772,18035.0,1177.5528978840844,4.241071428571429,1287,1268,57,0,1211,1230,114772,76,0,0,76,38
2020-09-03,US,Indiana,Dubois,858,17,0,38.36597551,-86.87924170000002,18037.0,2007.675028079371,1.981351981351981,841,854,17,0,837,848,42565,4,0,0,4,6
2020-09-03,US,Indiana,Elkhart,5702,98,0,41.59761169,-85.85875695,18039.0,2763.3868208451063,1.7186951946685374,5604,5631,98,0,5533,5611,205560,71,0,0,71,20
2020-09-03,US,Indiana,Fayette,343,10,0,39.63684962,-85.17797541,18041.0,1484.7199376677345,2.915451895043732,333,337,10,0,327,331,23047,6,0,0,6,6
2020-09-03,US,Indiana,Floyd,1099,57,0,38.32117957,-85.90385377,18043.0,1399.6077532411298,5.186533212010919,1042,1087,57,0,1030,1083,77781,12,0,0,12,4
2020-09-03,US,Indiana,Fountain,98,2,0,40.12361933,-87.24217689,18045.0,599.5350544475713,2.0408163265306123,96,98,2,0,96,96,16351,0,0,0,0,2
2020-09-03,US,Indiana,Franklin,279,25,0,39.4142482,-85.06062647,18047.0,1225.9425257052465,8.960573476702507,254,276,25,0,251,276,22736,3,0,0,3,0
2020-09-03,US,Indiana,Fulton,208,2,0,41.0469907,-86.26252745,18049.0,1041.3537598878543,0.9615384615384616,206,207,2,0,205,207,20092,1,0,0,1,0
2020-09-03,US,Indiana,Gibson,333,4,0,38.30393723,-87.58054938,18051.0,989.3342048189193,1.2012012012012012,329,325,4,0,321,318,33452,8,0,0,8,7
2020-09-03,US,Indiana,Grant,699,31,0,40.51587228,-85.65468702,18053.0,1062.8107467043744,4.434907010014307,668,684,31,0,653,671,65936,15,0,0,15,13
2020-09-03,US,Indiana,Greene,372,35,0,39.03630547,-86.96223202,18055.0,1165.3405175114344,9.408602150537632,337,373,35,0,338,369,32006,-1,0,0,-1,4
2020-09-03,US,Indiana,Hamilton,4056,107,0,40.07306535,-86.05244729,18057.0,1199.9609480164847,2.638067061143984,3949,3998,107,0,3891,3957,330086,58,0,0,58,41
2020-09-03,US,Indiana,Hancock,828,41,0,39.82304555,-85.77566351,18059.0,1059.2569849554804,4.9516908212560375,787,824,41,0,783,819,76351,4,0,0,4,5
2020-09-03,US,Indiana,Harrison,498,24,0,38.19467379,-86.10948271,18061.0,1229.1743798593113,4.819277108433735,474,493,24,0,469,485,40350,5,0,0,5,8
2020-09-03,US,Indiana,Hendricks,2391,113,0,39.76719009,-86.51037283,18063.0,1403.9022729007522,4.726056043496445,2278,2372,113,0,2259,2337,167009,19,0,0,19,35
2020-09-03,US,Indiana,Henry,632,22,0,39.93029017,-85.39625719,18065.0,1317.4351705161346,3.4810126582278484,610,625,22,0,603,622,48271,7,0,0,7,3
2020-09-03,US,Indiana,Howard,1116,62,0,40.48527731,-86.11351892,18067.0,1352.0062027524714,5.5555555555555545,1054,1093,62,0,1031,1086,82366,23,0,0,23,7
2020-09-03,US,Indiana,Huntington,174,3,0,40.82907273,-85.48822092,18069.0,476.4512595837897,1.7241379310344829,171,170,3,0,167,168,36240,4,0,0,4,2
2020-09-03,US,Indiana,Jackson,711,9,0,38.90915820000001,-86.03851889,18071.0,1607.4698740702222,1.2658227848101269,702,705,9,0,696,700,44111,6,0,0,6,5
2020-09-03,US,Indiana,Jasper,332,2,0,41.02078733,-87.11553319,18073.0,989.2139920147786,0.6024096385542169,330,328,2,0,326,324,33370,4,0,0,4,4
2020-09-03,US,Indiana,Jay,135,0,0,40.43781032,-85.00576229,18075.0,660.5989430416911,0.0,135,130,0,0,130,130,20764,5,0,0,5,0
2020-09-03,US,Indiana,Jefferson,212,3,0,38.78576239,-85.43633383,18077.0,656.1842268168873,1.4150943396226414,209,211,3,0,208,211,32208,1,0,0,1,0
2020-09-03,US,Indiana,Jennings,280,12,0,38.99588883,-85.62710784,18079.0,1009.5547142599603,4.285714285714286,268,276,12,0,264,272,27611,4,0,0,4,4
2020-09-03,US,Indiana,Johnson,2059,121,0,39.48994426,-86.10149107,18081.0,1301.7886158301035,5.876639145216124,1938,2052,121,0,1931,2039,156225,7,0,0,7,13
2020-09-03,US,Indiana,Knox,362,4,0,38.68861576,-87.4194665,18083.0,989.233207629666,1.1049723756906078,358,352,3,0,349,349,36895,10,1,0,9,3
2020-09-03,US,Indiana,Kosciusko,1058,17,0,41.24521668,-85.86312322,18085.0,1331.554571083367,1.6068052930056709,1041,1035,17,0,1018,1035,79344,23,0,0,23,0
2020-09-03,US,Indiana,LaGrange,612,11,0,41.64232188,-85.42674232,18087.0,1544.9083657292874,1.7973856209150327,601,603,11,0,592,600,39330,9,0,0,9,3
2020-09-03,US,Indiana,LaPorte,1204,31,0,41.54366008,-86.74072188,18091.0,1095.6610366919044,2.574750830564784,1173,1194,31,0,1163,1189,110007,10,0,0,10,5
2020-09-03,US,Indiana,Lake,9275,298,0,41.41874274,-87.38277575,18089.0,1910.4291925939199,3.212938005390836,8977,9206,298,0,8908,9173,484411,69,0,0,69,33
2020-09-03,US,Indiana,Lawrence,467,27,0,38.84112637,-86.48361629,18093.0,1029.3145250165308,5.781584582441113,440,464,27,0,437,463,45668,3,0,0,3,1
2020-09-03,US,Indiana,Madison,1359,74,0,40.16143691,-85.71964711,18095.0,1048.861996310846,5.445180279617365,1285,1337,72,0,1265,1327,129641,22,2,0,20,10
2020-09-03,US,Indiana,Marion,18837,749,0,39.78163624,-86.13826325,18097.0,1952.8666303124048,3.9762170196952806,18088,18721,749,0,17972,18567,954670,116,0,0,116,154
2020-09-03,US,Indiana,Marshall,910,23,0,41.32467367,-86.26185087,18099.0,1967.227290414631,2.527472527472528,887,901,23,0,878,895,46248,9,0,0,9,6
2020-09-03,US,Indiana,Martin,120,0,0,38.7099921,-86.80373186,18101.0,1170.1608971233545,0.0,120,117,0,0,117,120,10217,3,0,0,3,-3
2020-09-03,US,Indiana,Miami,338,2,0,40.76940965,-86.04525048,18103.0,951.683748169839,0.591715976331361,336,329,2,0,327,319,35567,9,0,0,9,10
2020-09-03,US,Indiana,Monroe,1273,36,0,39.16130004,-86.52414358,18105.0,857.637555497167,2.8279654359780046,1237,1235,36,0,1199,1180,146917,38,0,0,38,55
2020-09-03,US,Indiana,Montgomery,452,21,0,40.04034823,-86.89335024,18107.0,1178.9869059418854,4.6460176991150455,431,446,21,0,425,426,38346,6,0,0,6,20
2020-09-03,US,Indiana,Morgan,602,35,0,39.47899078,-86.44573375,18109.0,854.0339627459604,5.813953488372092,567,599,35,0,564,597,70116,3,0,0,3,2
2020-09-03,US,Indiana,Newton,147,10,0,40.95610449,-87.39635768,18111.0,1051.2013729977116,6.802721088435375,137,146,10,0,136,146,14011,1,0,0,1,0
2020-09-03,US,Indiana,Noble,821,31,0,41.39672484,-85.41966713,18113.0,1719.5878016085792,3.775883069427528,790,810,31,0,779,810,47532,11,0,0,11,0
2020-09-03,US,Indiana,Ohio,74,7,0,38.955304999999996,-84.96515993,18115.0,1259.5744680851064,9.459459459459461,67,74,7,0,67,73,5844,0,0,0,0,1
2020-09-03,US,Indiana,Orange,247,24,0,38.54118920000001,-86.49523093,18117.0,1257.2533849129593,9.7165991902834,223,242,24,0,218,242,19489,5,0,0,5,0
2020-09-03,US,Indiana,Owen,153,1,0,39.31145587,-86.83900724,18119.0,735.6122890523583,0.6535947712418301,152,150,1,0,149,146,20845,3,0,0,3,4
2020-09-03,US,Indiana,Parke,80,2,0,39.77202286,-87.20375833,18121.0,472.33866682411286,2.5,78,80,2,0,78,79,16927,0,0,0,0,1
2020-09-03,US,Indiana,Perry,197,14,0,38.07809328,-86.63741946,18123.0,1027.7009755334134,7.1065989847715745,183,196,14,0,182,196,19102,1,0,0,1,0
2020-09-03,US,Indiana,Pike,109,1,0,38.40112197,-87.23574907,18125.0,879.8127371054968,0.9174311926605504,108,106,1,0,105,102,12410,3,0,0,3,4
2020-09-03,US,Indiana,Porter,1770,41,0,41.45986947,-87.06848888,18127.0,1038.7994530163332,2.3163841807909606,1729,1745,41,0,1704,1733,169594,25,0,0,25,12
2020-09-03,US,Indiana,Posey,223,0,0,38.02097333,-87.86480429,18129.0,877.0204900302828,0.0,223,220,0,0,220,219,25540,3,0,0,3,1
2020-09-03,US,Indiana,Pulaski,103,1,0,41.04166107,-86.69890683,18131.0,833.805553306889,0.9708737864077671,102,100,1,0,99,100,12469,3,0,0,3,0
2020-09-03,US,Indiana,Putnam,438,8,0,39.66437981,-86.84517605,18133.0,1165.637641047477,1.8264840182648399,430,436,8,0,428,435,37779,2,0,0,2,1
2020-09-03,US,Indiana,Randolph,182,7,0,40.15734772,-85.01139319,18135.0,737.8876951145347,3.8461538461538463,175,174,7,0,167,174,24851,8,0,0,8,0
2020-09-03,US,Indiana,Ripley,248,8,0,39.10235626,-85.26212744,18137.0,875.5825448382997,3.2258064516129035,240,246,8,0,238,245,28523,2,0,0,2,1
2020-09-03,US,Indiana,Rush,135,4,0,39.62002287,-85.4655599,18139.0,814.1849104396597,2.962962962962963,131,134,4,0,130,134,16663,1,0,0,1,0
2020-09-03,US,Indiana,Scott,319,10,0,38.68672078,-85.74627859,18143.0,1336.2375905835045,3.134796238244514,309,318,10,0,308,317,23878,1,0,0,1,1
2020-09-03,US,Indiana,Shelby,629,28,0,39.52305623,-85.79158570000001,18145.0,1406.2465067405933,4.4515103338632755,601,625,28,0,597,622,44593,4,0,0,4,3
2020-09-03,US,Indiana,Spencer,165,3,0,38.01519732,-87.0079644,18147.0,813.7298416925581,1.818181818181818,162,161,3,0,158,159,20327,4,0,0,4,2
2020-09-03,US,Indiana,St. Joseph,5293,94,0,41.61756781,-86.29040834,18141.0,1947.201518618528,1.7759304742112223,5199,5216,94,0,5122,5180,270771,77,0,0,77,36
2020-09-03,US,Indiana,Starke,214,7,0,41.27890281,-86.64686895,18149.0,930.6370950206567,3.2710280373831777,207,213,7,0,206,212,22935,1,0,0,1,1
2020-09-03,US,Indiana,Steuben,296,5,0,41.64423868,-85.00101094,18151.0,855.6397063074521,1.6891891891891893,291,290,5,0,285,286,34586,6,0,0,6,4
2020-09-03,US,Indiana,Sullivan,298,9,0,39.08952258,-87.41414469,18153.0,1441.77270308191,3.0201342281879198,289,296,9,0,287,291,20690,2,0,0,2,5
2020-09-03,US,Indiana,Switzerland,64,0,0,38.82767338,-85.03022429,18155.0,595.2934610733885,0.0,64,64,0,0,64,64,10717,0,0,0,0,0
2020-09-03,US,Indiana,Tippecanoe,1634,13,0,40.38872739,-86.89413959,18157.0,834.8149510555251,0.795593635250918,1621,1618,13,0,1605,1589,193048,16,0,0,16,29
2020-09-03,US,Indiana,Tipton,191,21,0,40.31123252,-86.05234925,18159.0,1260.8925270662794,10.99476439790576,170,190,21,0,169,189,15128,1,0,0,1,1
2020-09-03,US,Indiana,Unassigned,0,222,0,0.0,0.0,90018.0,0.0,0.0,-222,0,219,0,-219,0,,0,3,0,-3,0
2020-09-03,US,Indiana,Union,65,0,0,39.62550777,-84.92497066,18161.0,921.462999716473,0.0,65,65,0,0,65,64,7037,0,0,0,0,1
2020-09-03,US,Indiana,Vanderburgh,2649,19,0,38.02658833,-87.58763124,18163.0,1459.898264545249,0.7172517931294828,2630,2621,19,0,2602,2606,180974,28,0,0,28,15
2020-09-03,US,Indiana,Vermillion,101,0,0,39.8523352,-87.46160542,18165.0,651.6969931604077,0.0,101,96,0,0,96,95,15479,5,0,0,5,1
2020-09-03,US,Indiana,Vigo,1403,17,0,39.42944561,-87.39169027,18167.0,1310.7494534651246,1.2116892373485388,1386,1383,17,0,1366,1339,107386,20,0,0,20,44
2020-09-03,US,Indiana,Wabash,218,6,0,40.84704239,-85.79328272,18169.0,703.3165569750937,2.7522935779816518,212,214,6,0,208,210,31280,4,0,0,4,4
2020-09-03,US,Indiana,Warren,38,1,0,40.34728141,-87.35602659,18171.0,459.7701149425288,2.631578947368421,37,38,1,0,37,38,8263,0,0,0,0,0
2020-09-03,US,Indiana,Warrick,798,31,0,38.08922676,-87.2716085,18173.0,1266.706879583479,3.884711779448621,767,790,31,0,759,777,62567,8,0,0,8,13
2020-09-03,US,Indiana,Washington,237,1,0,38.60219804,-86.1049363,18175.0,845.3417035240407,0.4219409282700422,236,234,1,0,233,229,27943,3,0,0,3,5
2020-09-03,US,Indiana,Wayne,585,10,0,39.863344399999995,-85.01044989,18177.0,887.9242304656668,1.709401709401709,575,569,10,0,559,560,65936,16,0,0,16,9
2020-09-03,US,Indiana,Wells,217,2,0,40.72934187,-85.22132966,18179.0,766.8928470455188,0.9216589861751152,215,214,2,0,212,212,28206,3,0,0,3,2
2020-09-03,US,Indiana,White,451,13,0,40.74911165,-86.86492015,18181.0,1871.2140071363367,2.882483370288248,438,444,13,0,431,442,24133,7,0,0,7,2
2020-09-03,US,Indiana,Whitley,219,6,0,41.13863784,-85.50791236,18183.0,644.8003768696268,2.7397260273972597,213,216,6,0,210,213,34074,3,0,0,3,3
2020-09-03,US,Iowa,Adair,49,1,0,41.33075609,-94.47105874,19001.0,685.1230425055927,2.0408163265306123,48,49,1,0,48,49,7063,0,0,0,0,0
2020-09-03,US,Iowa,Adams,23,0,0,41.02903567,-94.69932645,19003.0,638.5341476957246,0.0,23,22,0,0,22,22,3645,1,0,0,1,0
2020-09-03,US,Iowa,Allamakee,185,5,0,43.28383218,-91.37860922,19005.0,1351.6475487689047,2.702702702702702,180,184,5,0,179,183,13832,1,0,0,1,1
2020-09-03,US,Iowa,Appanoose,89,3,0,40.74324454,-92.86865906,19007.0,716.2401416385001,3.3707865168539324,86,87,3,0,84,85,12437,2,0,0,2,2
2020-09-03,US,Iowa,Audubon,39,1,0,41.6844628,-94.90581859,19009.0,709.6069868995635,2.5641025641025643,38,39,1,0,38,38,5506,0,0,0,0,1
2020-09-03,US,Iowa,Benton,215,1,0,42.08011739,-92.06463573,19011.0,838.3700526418405,0.4651162790697674,214,211,1,0,210,205,25642,4,0,0,4,6
2020-09-03,US,Iowa,Black Hawk,3902,76,0,42.4704581,-92.30524729,19013.0,2973.450787941598,1.9477191184008202,3826,3843,76,0,3767,3830,132408,59,0,0,59,13
2020-09-03,US,Iowa,Boone,359,4,0,42.03657094,-93.9313999,19015.0,1368.4531523976518,1.1142061281337048,355,350,4,0,346,348,26346,9,0,0,9,2
2020-09-03,US,Iowa,Bremer,364,7,0,42.77461496,-92.31795937,19017.0,1452.3980528289844,1.9230769230769231,357,356,7,0,349,339,24947,8,0,0,8,17
2020-09-03,US,Iowa,Buchanan,180,1,0,42.4709188,-91.83510825,19019.0,850.0590318772138,0.5555555555555556,179,176,1,0,175,176,21199,4,0,0,4,0
2020-09-03,US,Iowa,Buena Vista,1835,12,0,42.73545875,-95.15100162,19021.0,9352.701325178392,0.6539509536784741,1823,1830,12,0,1818,1827,19874,5,0,0,5,3
2020-09-03,US,Iowa,Butler,217,2,0,42.73172833,-92.79015971,19023.0,1502.874160260406,0.9216589861751152,215,213,2,0,211,211,14539,4,0,0,4,2
2020-09-03,US,Iowa,Calhoun,131,2,0,42.38521079,-94.64046046,19025.0,1354.9855192387254,1.5267175572519085,129,130,2,0,128,130,9699,1,0,0,1,0
2020-09-03,US,Iowa,Carroll,438,3,0,42.03617207,-94.86032705,19027.0,2172.080337217952,0.6849315068493149,435,429,3,0,426,428,20154,9,0,0,9,1
2020-09-03,US,Iowa,Cass,116,2,0,41.33149454,-94.92792482,19029.0,903.7083203490184,1.7241379310344829,114,112,2,0,110,112,12930,4,0,0,4,0
2020-09-03,US,Iowa,Cedar,161,1,0,41.77233777,-91.13246684,19031.0,864.336715520481,0.6211180124223602,160,155,1,0,154,155,18627,6,0,0,6,0
2020-09-03,US,Iowa,Cerro Gordo,860,20,0,43.08177563,-93.2612239,19033.0,2025.9128386336868,2.3255813953488373,840,848,20,0,828,839,42647,12,0,0,12,9
2020-09-03,US,Iowa,Cherokee,145,2,0,42.73538914,-95.62389402,19035.0,1290.609701824655,1.3793103448275863,143,141,2,0,139,140,11321,4,0,0,4,1
2020-09-03,US,Iowa,Chickasaw,115,0,0,43.06001295,-92.31773347,19037.0,963.7140702254253,0.0,115,112,0,0,112,112,11964,3,0,0,3,0
2020-09-03,US,Iowa,Clarke,244,3,0,41.02868181,-93.78499767,19039.0,2597.1261309207025,1.2295081967213115,241,241,3,0,238,240,9423,3,0,0,3,1
2020-09-03,US,Iowa,Clay,241,3,0,43.08247182,-95.15096481,19041.0,1504.7452547452551,1.2448132780082988,238,238,3,0,235,236,16134,3,0,0,3,2
2020-09-03,US,Iowa,Clayton,186,3,0,42.84443388,-91.34133693,19043.0,1059.8894523904496,1.6129032258064515,183,184,3,0,181,183,17556,2,0,0,2,1
2020-09-03,US,Iowa,Clinton,889,13,0,41.89981633,-90.53275096,19045.0,1914.7515561394812,1.4623172103487063,876,857,13,0,844,853,46518,32,0,0,32,4
2020-09-03,US,Iowa,Crawford,855,3,0,42.03718237,-95.3819718,19047.0,5083.234244946491,0.3508771929824561,852,841,3,0,838,836,17158,14,0,0,14,5
2020-09-03,US,Iowa,Dallas,2434,38,0,41.68560356,-94.04127625,19049.0,2604.517778990509,1.561216105176664,2396,2397,38,0,2359,2386,90180,37,0,0,37,11
2020-09-03,US,Iowa,Davis,86,3,0,40.74773536,-92.41005468,19051.0,955.5555555555555,3.4883720930232562,83,86,3,0,83,84,9017,0,0,0,0,2
2020-09-03,US,Iowa,Decatur,48,0,0,40.73742757,-93.78645949,19053.0,609.9110546378652,0.0,48,47,0,0,47,46,7890,1,0,0,1,1
2020-09-03,US,Iowa,Delaware,243,3,0,42.47104597,-91.3664492,19055.0,1428.4874492975134,1.2345679012345678,240,231,3,0,228,226,17069,12,0,0,12,5
2020-09-03,US,Iowa,Des Moines,591,5,0,40.92012606,-91.18326592,19057.0,1516.6679498036801,0.8460236886632826,586,581,5,0,576,576,39138,10,0,0,10,5
2020-09-03,US,Iowa,Dickinson,434,6,0,43.37787725,-95.1510206,19059.0,2514.775756171051,1.3824884792626728,428,431,6,0,425,424,17153,3,0,0,3,7
2020-09-03,US,Iowa,Dubuque,2106,36,0,42.46815349,-90.88181925,19061.0,2164.195209174708,1.709401709401709,2070,2064,36,0,2028,2049,96854,42,0,0,42,15
2020-09-03,US,Iowa,Emmet,225,8,0,43.37782951,-94.67858943,19063.0,2443.527367506516,3.555555555555556,217,223,8,0,215,221,9253,2,0,0,2,2
2020-09-03,US,Iowa,Fayette,150,1,0,42.86271799,-91.84412309999999,19065.0,763.3587786259543,0.6666666666666666,149,144,1,0,143,143,19660,6,0,0,6,1
2020-09-03,US,Iowa,Floyd,227,3,0,43.06000529999999,-92.78940097,19067.0,1451.2210714742362,1.3215859030837005,224,220,3,0,217,219,15761,7,0,0,7,1
2020-09-03,US,Iowa,Franklin,304,17,0,42.73270384,-93.26256925,19069.0,3018.867924528302,5.592105263157895,287,303,17,0,286,297,10124,1,0,0,1,6
2020-09-03,US,Iowa,Fremont,61,0,0,40.74542720000001,-95.60129045,19071.0,876.4367816091954,0.0,61,61,0,0,61,59,6993,0,0,0,0,2
2020-09-03,US,Iowa,Greene,60,0,0,42.03614551,-94.39658081,19073.0,675.0675067506751,0.0,60,58,0,0,58,58,8981,2,0,0,2,0
2020-09-03,US,Iowa,Grundy,135,1,0,42.40183723,-92.78829551,19075.0,1103.662524525834,0.7407407407407407,134,133,1,0,132,132,12304,2,0,0,2,1
2020-09-03,US,Iowa,Guthrie,174,5,0,41.68378965,-94.50111014,19077.0,1627.8417064271682,2.8735632183908044,169,174,5,0,169,173,10720,0,0,0,0,1
2020-09-03,US,Iowa,Hamilton,287,2,0,42.38382428,-93.70197703,19079.0,1942.7333649224936,0.6968641114982579,285,286,2,0,284,282,14952,1,0,0,1,4
2020-09-03,US,Iowa,Hancock,160,2,0,43.08178477,-93.73454884,19081.0,1505.1740357478836,1.25,158,158,2,0,156,156,10712,2,0,0,2,2
2020-09-03,US,Iowa,Hardin,242,1,0,42.38353877,-93.23654611,19083.0,1436.5427994776207,0.4132231404958678,241,232,1,0,231,231,16868,10,0,0,10,1
2020-09-03,US,Iowa,Harrison,151,2,0,41.68330137,-95.81558439,19085.0,1074.809594988967,1.3245033112582782,149,150,2,0,148,148,14134,1,0,0,1,2
2020-09-03,US,Iowa,Henry,306,4,0,40.98767962,-91.54436349,19087.0,1533.5271123584243,1.30718954248366,302,296,4,0,292,294,20067,10,0,0,10,2
2020-09-03,US,Iowa,Howard,142,3,0,43.35671042,-92.31702714,19089.0,1550.5568901506879,2.112676056338028,139,137,2,0,135,136,9187,5,1,0,4,1
2020-09-03,US,Iowa,Humboldt,153,2,0,42.7764426,-94.20722537,19091.0,1600.7532956685502,1.30718954248366,151,152,2,0,150,152,9547,1,0,0,1,0
2020-09-03,US,Iowa,Ida,47,0,0,42.38696136,-95.51355387,19093.0,685.131195335277,0.0,47,45,0,0,45,44,6841,2,0,0,2,1
2020-09-03,US,Iowa,Iowa,121,1,0,41.68630265,-92.0643373,19095.0,747.6520019772615,0.8264462809917356,120,116,1,0,115,116,16141,5,0,0,5,0
2020-09-03,US,Iowa,Jackson,221,1,0,42.17178824,-90.57354837,19097.0,1142.0340552497555,0.4524886877828054,220,219,1,0,218,215,19432,2,0,0,2,4
2020-09-03,US,Iowa,Jasper,602,30,0,41.68576082,-93.05567785,19099.0,1618.932365201022,4.983388704318936,572,592,30,0,562,588,37147,10,0,0,10,4
2020-09-03,US,Iowa,Jefferson,120,0,0,41.03192394,-91.94849466,19101.0,655.9169171904892,0.0,120,120,0,0,120,120,18381,0,0,0,0,0
2020-09-03,US,Iowa,Johnson,4302,26,0,41.67169354,-91.58754744,19103.0,2846.3676061929327,0.604370060437006,4276,4164,26,0,4138,4050,151260,138,0,0,138,114
2020-09-03,US,Iowa,Jones,176,2,0,42.12118609,-91.13139641,19105.0,851.0226778202216,1.1363636363636365,174,176,2,0,174,175,20744,0,0,0,0,1
2020-09-03,US,Iowa,Keokuk,70,1,0,41.33649833,-92.1785067,19107.0,683.1934413429631,1.4285714285714286,69,69,1,0,68,66,10225,1,0,0,1,3
2020-09-03,US,Iowa,Kossuth,123,0,0,43.20405458,-94.20691791,19109.0,830.3517180854654,0.0,123,122,0,0,122,122,14908,1,0,0,1,0
2020-09-03,US,Iowa,Lee,460,6,0,40.64181461,-91.48183025,19111.0,1366.7290608194432,1.3043478260869563,454,447,5,0,442,440,34055,13,1,0,12,7
2020-09-03,US,Iowa,Linn,3056,94,0,42.07923082,-91.59809485,19113.0,1348.0013762317715,3.0759162303664915,2962,3018,94,0,2924,2993,225909,38,0,0,38,25
2020-09-03,US,Iowa,Louisa,399,14,0,41.21842119,-91.26102611,19115.0,3615.76801087449,3.5087719298245608,385,396,14,0,382,397,11169,3,0,0,3,-1
2020-09-03,US,Iowa,Lucas,97,5,0,41.02958964,-93.32780803,19117.0,1127.9069767441858,5.154639175257731,92,97,5,0,92,97,8645,0,0,0,0,0
2020-09-03,US,Iowa,Lyon,160,2,0,43.38107862,-96.20926845,19119.0,1361.122926414292,1.25,158,152,2,0,150,152,11811,8,0,0,8,0
2020-09-03,US,Iowa,Madison,167,2,0,41.33081904,-94.01554631,19121.0,1022.1569347533356,1.1976047904191616,165,167,2,0,165,165,16249,0,0,0,0,2
2020-09-03,US,Iowa,Mahaska,238,18,0,41.33521503,-92.64083907,19123.0,1077.1667798144376,7.563025210084032,220,230,18,0,212,223,22000,8,0,0,8,7
2020-09-03,US,Iowa,Marion,540,2,0,41.33445101,-93.09934783,19125.0,1623.9136318527649,0.3703703703703704,538,511,1,0,510,490,33407,29,1,0,28,21
2020-09-03,US,Iowa,Marshall,1685,32,0,42.03586837,-92.99908190000001,19127.0,4280.017272473266,1.8991097922848663,1653,1667,32,0,1635,1656,39981,18,0,0,18,11
2020-09-03,US,Iowa,Mills,135,1,0,41.03299766,-95.61920963,19129.0,893.5071811503078,0.7407407407407407,134,132,1,0,131,131,15063,3,0,0,3,1
2020-09-03,US,Iowa,Mitchell,125,0,0,43.35638371,-92.78887719,19131.0,1180.8048365766106,0.0,125,114,0,0,114,114,10569,11,0,0,11,0
2020-09-03,US,Iowa,Monona,108,1,0,42.05220391,-95.95743843,19133.0,1253.627394080093,0.925925925925926,107,107,1,0,106,107,8679,1,0,0,1,0
2020-09-03,US,Iowa,Monroe,118,8,0,41.02988815,-92.8690667,19135.0,1531.0756455170624,6.779661016949151,110,114,8,0,106,112,7790,4,0,0,4,2
2020-09-03,US,Iowa,Montgomery,80,5,0,41.03018714,-95.15642896,19137.0,806.6955732580417,6.25,75,82,5,0,77,82,10003,-2,0,0,-2,0
2020-09-03,US,Iowa,Muscatine,983,52,0,41.48370744,-91.11216970000001,19139.0,2304.050253140821,5.289928789420141,931,976,52,0,924,973,42929,7,0,0,7,3
2020-09-03,US,Iowa,O'Brien,213,8,0,43.08310673,-95.62474482,19141.0,1548.7529993455971,3.755868544600939,205,204,8,0,196,204,13840,9,0,0,9,0
2020-09-03,US,Iowa,Osceola,99,0,0,43.37824276,-95.62422844,19143.0,1661.631419939577,0.0,99,99,0,0,99,99,6040,0,0,0,0,0
2020-09-03,US,Iowa,Page,114,0,0,40.7393172,-95.1497813,19145.0,754.6170649367842,0.0,114,114,0,0,114,113,15249,0,0,0,0,1
2020-09-03,US,Iowa,Palo Alto,119,0,0,43.08193849,-94.67824621,19147.0,1339.1852352014405,0.0,119,119,0,0,119,119,8929,0,0,0,0,0
2020-09-03,US,Iowa,Plymouth,798,18,0,42.737633,-96.21366621,19149.0,3169.5595186082537,2.255639097744361,780,772,18,0,754,746,25095,26,0,0,26,26
2020-09-03,US,Iowa,Pocahontas,133,2,0,42.73420133,-94.67862564,19151.0,2009.3669738631213,1.5037593984962403,131,131,2,0,129,131,6740,2,0,0,2,0
2020-09-03,US,Iowa,Polk,13733,227,0,41.68679484,-93.57767461,19153.0,2801.732491977126,1.6529527415713974,13506,13547,227,0,13320,13465,487204,186,0,0,186,82
2020-09-03,US,Iowa,Pottawattamie,1684,34,0,41.33640314,-95.53907776,19155.0,1806.7506383709203,2.0190023752969117,1650,1666,34,0,1632,1648,93533,18,0,0,18,18
2020-09-03,US,Iowa,Poweshiek,187,8,0,41.68625425,-92.53155731,19157.0,1010.5923043666237,4.2780748663101615,179,185,8,0,177,184,18699,2,0,0,2,1
2020-09-03,US,Iowa,Ringgold,31,1,0,40.73518949,-94.24368535,19159.0,633.4286881896202,3.2258064516129035,30,31,1,0,30,31,4968,0,0,0,0,0
2020-09-03,US,Iowa,Sac,123,0,0,42.38624071,-95.10547892,19161.0,1265.3019236704042,0.0,123,121,0,0,121,119,9719,2,0,0,2,2
2020-09-03,US,Iowa,Scott,2300,21,0,41.63935978,-90.61959493,19163.0,1329.9179498447465,0.9130434782608696,2279,2259,21,0,2238,2250,173283,41,0,0,41,9
2020-09-03,US,Iowa,Shelby,220,1,0,41.6850066,-95.31015553,19165.0,1920.7263837960531,0.4545454545454545,219,219,1,0,218,217,11578,1,0,0,1,2
2020-09-03,US,Iowa,Sioux,937,3,0,43.08221074,-96.17675679999999,19167.0,2688.280017214173,0.32017075773745995,934,917,3,0,914,908,34909,20,0,0,20,9
2020-09-03,US,Iowa,Story,2733,16,0,42.03621213,-93.46499005,19169.0,2814.1314085072645,0.5854372484449323,2717,2584,16,0,2568,2534,98105,149,0,0,149,50
2020-09-03,US,Iowa,Tama,645,29,0,42.07991767,-92.53266945,19171.0,3826.984692061232,4.496124031007752,616,629,29,0,600,623,16904,16,0,0,16,6
2020-09-03,US,Iowa,Taylor,114,1,0,40.73710579,-94.69778563,19173.0,1862.4407776507107,0.8771929824561403,113,113,1,0,112,113,6191,1,0,0,1,0
2020-09-03,US,Iowa,Unassigned,21,0,0,0.0,0.0,90019.0,0.0,0.0,21,8,0,0,8,3,,13,0,0,13,5
2020-09-03,US,Iowa,Union,92,3,0,41.0277278,-94.24234847,19175.0,751.5725839392206,3.260869565217391,89,92,3,0,89,93,12359,0,0,0,0,-1
2020-09-03,US,Iowa,Van Buren,106,1,0,40.75326764,-91.95017958,19177.0,1504.8268029528674,0.9433962264150944,105,103,1,0,102,101,7020,3,0,0,3,2
2020-09-03,US,Iowa,Wapello,1105,51,0,41.03064984,-92.40954728,19179.0,3159.9416626154602,4.615384615384615,1054,1095,51,0,1044,1089,35205,10,0,0,10,6
2020-09-03,US,Iowa,Warren,810,6,0,41.33559454,-93.56007641,19181.0,1573.854583608596,0.7407407407407407,804,792,6,0,786,784,51056,18,0,0,18,8
2020-09-03,US,Iowa,Washington,352,11,0,41.33577126,-91.71725711,19183.0,1602.5495105850214,3.125,341,349,11,0,338,346,22141,3,0,0,3,3
2020-09-03,US,Iowa,Wayne,58,2,0,40.73969028,-93.32752197,19185.0,900.4812917248877,3.4482758620689653,56,54,2,0,52,52,6401,4,0,0,4,2
2020-09-03,US,Iowa,Webster,1054,9,0,42.42853483,-94.17987389,19187.0,2935.606060606061,0.8538899430740038,1045,1048,9,0,1039,1038,36277,6,0,0,6,10
2020-09-03,US,Iowa,Winnebago,167,10,0,43.37751174,-93.73407298,19189.0,1612.9032258064515,5.9880239520958085,157,166,10,0,156,164,10518,1,0,0,1,2
2020-09-03,US,Iowa,Winneshiek,229,4,0,43.29094334,-91.84422722,19191.0,1145.515481966885,1.7467248908296944,225,224,4,0,220,224,20029,5,0,0,5,0
2020-09-03,US,Iowa,Woodbury,4220,56,0,42.38979414,-96.0459439,19193.0,4092.83559797104,1.3270142180094786,4164,4177,56,0,4121,4152,102539,43,0,0,43,25
2020-09-03,US,Iowa,Worth,82,0,0,43.37750768,-93.26087602,19195.0,1110.9605744479068,0.0,82,80,0,0,80,80,7453,2,0,0,2,0
2020-09-03,US,Iowa,Wright,522,1,0,42.73305373,-93.73515113,19197.0,4155.3892692246445,0.19157088122605365,521,520,1,0,519,520,12690,2,0,0,2,0
2020-09-03,US,Kansas,Allen,25,0,0,37.88582951,-95.30030847,20001.0,202.118198722613,0.0,25,25,0,0,25,21,12444,0,0,0,0,4
2020-09-03,US,Kansas,Anderson,39,0,0,38.21413251,-95.29272815,20003.0,496.30949350979887,0.0,39,39,0,0,39,34,7878,0,0,0,0,5
2020-09-03,US,Kansas,Atchison,219,1,0,39.53185661,-95.30870026,20005.0,1362.5334411746408,0.45662100456620996,218,219,1,0,218,219,16193,0,0,0,0,0
2020-09-03,US,Kansas,Barber,5,0,0,37.2288586,-98.68460053,20007.0,112.943302462164,0.0,5,5,0,0,5,6,4472,0,0,0,0,-1
2020-09-03,US,Kansas,Barton,306,5,0,38.47889676,-98.75636726,20009.0,1187.0126847433958,1.6339869281045751,301,306,5,0,301,284,26111,0,0,0,0,22
2020-09-03,US,Kansas,Bourbon,85,2,0,37.85508555,-94.84865997,20011.0,584.8355580019265,2.3529411764705883,83,85,2,0,83,82,14653,0,0,0,0,3
2020-09-03,US,Kansas,Brown,77,3,0,39.82652589,-95.56421698,20013.0,805.1024675867837,3.8961038961038965,74,77,3,0,74,76,9598,0,0,0,0,1
2020-09-03,US,Kansas,Butler,422,2,0,37.78134351,-96.83878537,20015.0,630.6885265501935,0.4739336492890995,420,419,2,0,417,416,66765,3,0,0,3,3
2020-09-03,US,Kansas,Chase,76,1,0,38.30292938,-96.59563862,20017.0,2870.0906344410882,1.3157894736842106,75,76,1,0,75,76,2629,0,0,0,0,0
2020-09-03,US,Kansas,Chautauqua,9,0,0,37.14994405,-96.2454192,20019.0,276.9230769230769,0.0,9,9,0,0,9,9,3309,0,0,0,0,0
2020-09-03,US,Kansas,Cherokee,290,1,0,37.16928494,-94.8462897,20021.0,1454.436029891168,0.3448275862068966,289,260,1,0,259,260,20015,30,0,0,30,0
2020-09-03,US,Kansas,Cheyenne,8,0,0,39.78580976,-101.7318201,20023.0,301.09145652992095,0.0,8,8,0,0,8,7,2660,0,0,0,0,1
2020-09-03,US,Kansas,Clark,46,1,0,37.23577007,-99.81883015,20025.0,2306.9207622868607,2.1739130434782608,45,46,1,0,45,46,2005,0,0,0,0,0
2020-09-03,US,Kansas,Clay,40,2,0,39.34948772,-97.16518128,20027.0,499.8750312421894,5.0,38,40,2,0,38,31,7997,0,0,0,0,9
2020-09-03,US,Kansas,Cloud,60,0,0,39.48028352,-97.64925343,20029.0,682.9046209879352,0.0,60,60,0,0,60,59,8729,0,0,0,0,1
2020-09-03,US,Kansas,Coffey,88,8,0,38.2365018,-95.73379515,20031.0,1075.926152341362,9.090909090909092,80,88,8,0,80,81,8233,0,0,0,0,7
2020-09-03,US,Kansas,Comanche,9,0,0,37.19114520000001,-99.27113247,20033.0,529.4117647058823,0.0,9,9,0,0,9,9,1748,0,0,0,0,0
2020-09-03,US,Kansas,Cowley,266,3,0,37.23781842,-96.83776647,20035.0,762.0029792597685,1.1278195488721805,263,266,3,0,263,255,35218,0,0,0,0,11
2020-09-03,US,Kansas,Crawford,689,3,0,37.50675523,-94.85245778,20037.0,1774.9497655726725,0.4354136429608128,686,689,3,0,686,602,39019,0,0,0,0,87
2020-09-03,US,Kansas,Decatur,8,0,0,39.78468441,-100.45940809999999,20039.0,282.98549699327907,0.0,8,8,0,0,8,8,2871,0,0,0,0,0
2020-09-03,US,Kansas,Dickinson,84,1,0,38.86600962,-97.15532383,20041.0,454.8900682335103,1.1904761904761905,83,84,1,0,83,80,18717,0,0,0,0,4
2020-09-03,US,Kansas,Doniphan,78,0,0,39.79067154,-95.14056866,20043.0,1026.3157894736842,0.0,78,73,0,0,73,68,7682,5,0,0,5,5
2020-09-03,US,Kansas,Douglas,1511,9,0,38.88503636,-95.2925121,20045.0,1235.900833476472,0.5956320317670417,1502,1476,8,0,1468,1423,121436,35,1,0,34,53
2020-09-03,US,Kansas,Edwards,25,0,0,37.88735543,-99.31263309,20047.0,893.4953538241601,0.0,25,25,0,0,25,25,2849,0,0,0,0,0
2020-09-03,US,Kansas,Elk,1,0,0,37.45338105,-96.24369667,20049.0,39.52569169960474,0.0,1,1,0,0,1,1,2508,0,0,0,0,0
2020-09-03,US,Kansas,Ellis,467,1,0,38.91458712,-99.31751551,20051.0,1635.554932931741,0.21413276231263384,466,467,1,0,466,419,28710,0,0,0,0,48
2020-09-03,US,Kansas,Ellsworth,25,0,0,38.69677695,-98.20462799,20053.0,409.70173713536553,0.0,25,25,0,0,25,25,6196,0,0,0,0,0
2020-09-03,US,Kansas,Finney,1904,12,0,38.04340344,-100.73819379999999,20055.0,5221.158855951957,0.6302521008403361,1892,1901,12,0,1889,1893,36611,3,0,0,3,8
2020-09-03,US,Kansas,Ford,2367,10,0,37.69200114,-99.88825298,20057.0,7040.661530682054,0.4224757076468103,2357,2367,10,0,2357,2329,33888,0,0,0,0,38
2020-09-03,US,Kansas,Franklin,265,3,0,38.56443815,-95.28644341,20059.0,1037.4256185405575,1.1320754716981132,262,265,3,0,262,262,25631,0,0,0,0,3
2020-09-03,US,Kansas,Geary,234,2,0,38.99871131,-96.7577178,20061.0,738.8695926744554,0.8547008547008547,232,228,2,0,226,221,32594,6,0,0,6,7
2020-09-03,US,Kansas,Gove,11,0,0,38.91588178,-100.4829321,20063.0,417.298937784522,0.0,11,11,0,0,11,11,2612,0,0,0,0,0
2020-09-03,US,Kansas,Graham,25,0,0,39.34987223,-99.88332493,20065.0,1007.252215954875,0.0,25,25,0,0,25,25,2492,0,0,0,0,0
2020-09-03,US,Kansas,Grant,163,3,0,37.56227336,-101.3079758,20067.0,2279.7202797202804,1.8404907975460123,160,160,3,0,157,160,7336,3,0,0,3,0
2020-09-03,US,Kansas,Gray,113,0,0,37.73836671,-100.4369088,20069.0,1887.1075484301932,0.0,113,113,0,0,113,113,6033,0,0,0,0,0
2020-09-03,US,Kansas,Greeley,5,0,0,38.4808095,-101.8061079,20071.0,405.84415584415603,0.0,5,5,0,0,5,5,1227,0,0,0,0,0
2020-09-03,US,Kansas,Greenwood,26,0,0,37.8774388,-96.23250453,20073.0,434.63724506853896,0.0,26,26,0,0,26,25,6055,0,0,0,0,1
2020-09-03,US,Kansas,Hamilton,42,0,0,37.99978709,-101.7921066,20075.0,1654.1945647892871,0.0,42,42,0,0,42,42,2607,0,0,0,0,0
2020-09-03,US,Kansas,Harper,115,1,0,37.19175361,-98.07578384,20077.0,2115.5261221486385,0.8695652173913043,114,115,1,0,114,112,5506,0,0,0,0,3
2020-09-03,US,Kansas,Harvey,299,4,0,38.04293782,-97.42747573,20079.0,868.4539196607512,1.3377926421404682,295,299,4,0,295,296,34210,0,0,0,0,3
2020-09-03,US,Kansas,Haskell,47,0,0,37.562039399999996,-100.8710738,20081.0,1184.475806451613,0.0,47,47,0,0,47,47,3997,0,0,0,0,0
2020-09-03,US,Kansas,Hodgeman,13,0,0,38.08780079,-99.89829881,20083.0,724.6376811594204,0.0,13,13,0,0,13,13,1818,0,0,0,0,0
2020-09-03,US,Kansas,Jackson,216,1,0,39.41673394,-95.79356799,20085.0,1639.9665932731,0.462962962962963,215,211,1,0,210,211,13280,5,0,0,5,0
2020-09-03,US,Kansas,Jefferson,123,0,0,39.2347941,-95.38289232,20087.0,645.9066323583469,0.0,123,123,0,0,123,123,18975,0,0,0,0,0
2020-09-03,US,Kansas,Jewell,14,1,0,39.78470589,-98.21820662,20089.0,486.2799583188608,7.142857142857142,13,14,1,0,13,14,2841,0,0,0,0,0
2020-09-03,US,Kansas,Johnson,8499,118,0,38.88548175,-94.82250877,20091.0,1410.854231649682,1.3883986351335451,8381,8436,118,0,8318,8300,597555,63,0,0,63,136
2020-09-03,US,Kansas,Kearny,74,1,0,38.00017981,-101.32168100000001,20093.0,1928.087545596665,1.351351351351351,73,74,1,0,73,74,3943,0,0,0,0,0
2020-09-03,US,Kansas,Kingman,43,0,0,37.55909527,-98.13638678,20095.0,601.2304250559283,0.0,43,43,0,0,43,41,7310,0,0,0,0,2
2020-09-03,US,Kansas,Kiowa,8,0,0,37.55848695,-99.2856537,20097.0,323.2323232323232,0.0,8,8,0,0,8,8,2516,0,0,0,0,0
2020-09-03,US,Kansas,Labette,193,3,0,37.19113093,-95.29849679,20099.0,983.7903965745744,1.5544041450777202,190,193,3,0,190,187,19964,0,0,0,0,6
2020-09-03,US,Kansas,Lane,7,0,0,38.48119447,-100.46607540000001,20101.0,456.02605863192184,0.0,7,7,0,0,7,7,1560,0,0,0,0,0
2020-09-03,US,Kansas,Leavenworth,1680,9,0,39.20183497,-95.03620809,20103.0,2054.8447858313557,0.5357142857142857,1671,1680,9,0,1671,1669,81352,0,0,0,0,11
2020-09-03,US,Kansas,Lincoln,7,0,0,39.04549684,-98.20756994,20105.0,236.32680621201888,0.0,7,7,0,0,7,7,3023,0,0,0,0,0
2020-09-03,US,Kansas,Linn,56,0,0,38.21267844,-94.84254089,20107.0,577.1410903844172,0.0,56,56,0,0,56,55,9750,0,0,0,0,1
2020-09-03,US,Kansas,Logan,2,0,0,38.91735806,-101.148475,20109.0,71.58196134574086,0.0,2,2,0,0,2,2,2844,0,0,0,0,0
2020-09-03,US,Kansas,Lyon,951,17,0,38.45576156,-96.15275715,20111.0,2864.8892905558064,1.7875920084121977,934,951,17,0,934,931,33406,0,0,0,0,20
2020-09-03,US,Kansas,Marion,67,1,0,38.35855394,-97.09852509999999,20115.0,563.7832379670144,1.492537313432836,66,67,1,0,66,64,11950,0,0,0,0,3
2020-09-03,US,Kansas,Marshall,17,0,0,39.78359669,-96.52278974,20117.0,175.13134851138355,0.0,17,17,0,0,17,17,9722,0,0,0,0,0
2020-09-03,US,Kansas,McPherson,222,1,0,38.39184858,-97.64769869,20113.0,777.8011351692243,0.4504504504504505,221,222,1,0,221,220,28537,0,0,0,0,2
2020-09-03,US,Kansas,Meade,66,0,0,37.23859987,-100.36483100000001,20119.0,1636.4988842053065,0.0,66,66,0,0,66,64,4146,0,0,0,0,2
2020-09-03,US,Kansas,Miami,218,0,0,38.56383358,-94.83832189,20121.0,636.7380319537343,0.0,218,218,0,0,218,200,33680,0,0,0,0,18
2020-09-03,US,Kansas,Mitchell,33,0,0,39.39331582,-98.20906732,20123.0,551.9317611640744,0.0,33,33,0,0,33,32,6150,0,0,0,0,1
2020-09-03,US,Kansas,Montgomery,269,5,0,37.19236568,-95.74329258,20125.0,845.1412234126111,1.858736059479554,264,269,5,0,264,255,32120,0,0,0,0,14
2020-09-03,US,Kansas,Morris,21,0,0,38.68827511,-96.65128437,20127.0,373.6654804270463,0.0,21,21,0,0,21,20,5521,0,0,0,0,1
2020-09-03,US,Kansas,Morton,10,2,0,37.19141121,-101.79925190000002,20129.0,386.54812524159263,20.0,8,10,2,0,8,10,2667,0,0,0,0,0
2020-09-03,US,Kansas,Nemaha,55,1,0,39.78345387,-96.01392079,20131.0,537.5818590558108,1.818181818181818,54,55,1,0,54,55,10155,0,0,0,0,0
2020-09-03,US,Kansas,Neosho,124,0,0,37.55862897,-95.30670046,20133.0,774.6610857749735,0.0,124,104,0,0,104,104,15951,20,0,0,20,0
2020-09-03,US,Kansas,Ness,32,1,0,38.47974157,-99.91547333,20135.0,1163.6363636363635,3.125,31,32,1,0,31,22,2840,0,0,0,0,10
2020-09-03,US,Kansas,Norton,24,0,0,39.78443827,-99.90286639,20137.0,447.6776720761052,0.0,24,24,0,0,24,23,5430,0,0,0,0,1
2020-09-03,US,Kansas,Osage,65,0,0,38.65235984,-95.72707998,20139.0,407.549062637156,0.0,65,65,0,0,65,65,15941,0,0,0,0,0
2020-09-03,US,Kansas,Osborne,4,0,0,39.3503437,-98.76753828,20141.0,116.92487576731949,0.0,4,4,0,0,4,4,3475,0,0,0,0,0
2020-09-03,US,Kansas,Ottawa,46,0,0,39.13237408,-97.65020313,20143.0,806.4516129032259,0.0,46,46,0,0,46,43,5802,0,0,0,0,3
2020-09-03,US,Kansas,Pawnee,240,0,0,38.18108732,-99.23692334,20145.0,3741.814780168381,0.0,240,240,0,0,240,206,6562,0,0,0,0,34
2020-09-03,US,Kansas,Phillips,56,8,0,39.78465501,-99.34668865,20147.0,1069.9273977837215,14.285714285714285,48,56,8,0,48,56,5317,0,0,0,0,0
2020-09-03,US,Kansas,Pottawatomie,170,0,0,39.37925655,-96.34564657,20149.0,697.2070704999385,0.0,170,170,0,0,170,163,24277,0,0,0,0,7
2020-09-03,US,Kansas,Pratt,51,0,0,37.64780729,-98.73922153,20151.0,556.5255347010041,0.0,51,51,0,0,51,42,9378,0,0,0,0,9
2020-09-03,US,Kansas,Rawlins,1,0,0,39.78525843,-101.07616170000001,20153.0,39.52569169960474,0.0,1,1,0,0,1,1,2508,0,0,0,0,0
2020-09-03,US,Kansas,Reno,801,1,0,37.95230263,-98.08607292,20155.0,1291.977160553566,0.12484394506866416,800,766,1,0,765,756,62342,35,0,0,35,10
2020-09-03,US,Kansas,Republic,38,0,0,39.82799632,-97.65036709,20157.0,819.672131147541,0.0,38,38,0,0,38,36,4664,0,0,0,0,2
2020-09-03,US,Kansas,Rice,44,1,0,38.34616184,-98.19992118,20159.0,461.36101499423296,2.272727272727273,43,44,1,0,43,44,9531,0,0,0,0,0
2020-09-03,US,Kansas,Riley,1057,6,0,39.28935726,-96.73420026,20161.0,1423.9142148938465,0.5676442762535477,1051,1057,6,0,1051,934,73703,0,0,0,0,123
2020-09-03,US,Kansas,Rooks,32,0,0,39.35022773,-99.32484567,20163.0,650.4065040650406,0.0,32,32,0,0,32,29,5013,0,0,0,0,3
2020-09-03,US,Kansas,Rush,21,0,0,38.52275276,-99.30863983,20165.0,691.699604743083,0.0,21,21,0,0,21,17,3093,0,0,0,0,4
2020-09-03,US,Kansas,Russell,18,0,0,38.91462787,-98.76254297,20167.0,262.54375729288216,0.0,18,18,0,0,18,18,6907,0,0,0,0,0
2020-09-03,US,Kansas,Saline,508,9,0,38.78369175,-97.65185177,20169.0,936.8545293596933,1.7716535433070866,499,508,9,0,499,481,54401,0,0,0,0,27
2020-09-03,US,Kansas,Scott,97,1,0,38.48222076,-100.90665390000001,20171.0,2011.1963508189926,1.0309278350515465,96,97,1,0,96,96,4897,0,0,0,0,1
2020-09-03,US,Kansas,Sedgwick,7186,55,0,37.6842718,-97.4608198,20173.0,1392.522314075211,0.7653771221820206,7131,6994,50,0,6944,6949,513607,192,5,0,187,45
2020-09-03,US,Kansas,Seward,1451,5,0,37.19324632,-100.85072009999999,20175.0,6771.513907037521,0.3445899379738112,1446,1416,4,0,1412,1416,21780,35,1,0,34,0
2020-09-03,US,Kansas,Shawnee,2263,22,0,39.04100763,-95.75572640000001,20177.0,1279.434628975265,0.972160848431286,2241,2203,22,0,2181,2203,177499,60,0,0,60,0
2020-09-03,US,Kansas,Sheridan,10,0,0,39.35018161,-100.44182590000001,20179.0,396.6679888932963,0.0,10,10,0,0,10,10,2533,0,0,0,0,0
2020-09-03,US,Kansas,Sherman,18,0,0,39.35147699,-101.71976240000001,20181.0,304.2082136217678,0.0,18,18,0,0,18,18,5899,0,0,0,0,0
2020-09-03,US,Kansas,Smith,5,0,0,39.78516566,-98.78566062,20183.0,139.54786491766677,0.0,5,5,0,0,5,4,3603,0,0,0,0,1
2020-09-03,US,Kansas,Stafford,42,1,0,38.03100851,-98.71762001,20185.0,1010.587102983638,2.380952380952381,41,42,1,0,41,31,4178,0,0,0,0,11
2020-09-03,US,Kansas,Stanton,22,2,0,37.56304714,-101.78435340000001,20187.0,1096.7098703888337,9.090909090909092,20,22,2,0,20,21,1987,0,0,0,0,1
2020-09-03,US,Kansas,Stevens,72,0,0,37.1923008,-101.3118967,20189.0,1312.6709206927985,0.0,72,72,0,0,72,68,5559,0,0,0,0,4
2020-09-03,US,Kansas,Sumner,128,3,0,37.23682549,-97.47721621,20191.0,560.5184795936241,2.34375,125,128,3,0,125,121,22996,0,0,0,0,7
2020-09-03,US,Kansas,Thomas,60,0,0,39.35107575,-101.0553705,20193.0,771.5057220007715,0.0,60,54,0,0,54,54,7711,6,0,0,6,0
2020-09-03,US,Kansas,Trego,26,1,0,38.91467218,-99.87284448,20195.0,927.577595433464,3.8461538461538463,25,26,1,0,25,26,2793,0,0,0,0,0
2020-09-03,US,Kansas,Wabaunsee,58,0,0,38.95471985,-96.20350509,20197.0,836.8200836820082,0.0,58,58,0,0,58,56,6899,0,0,0,0,2
2020-09-03,US,Kansas,Wallace,6,0,0,38.91686134,-101.76388759999999,20199.0,395.2569169960474,0.0,6,5,0,0,5,5,1503,1,0,0,1,0
2020-09-03,US,Kansas,Washington,12,0,0,39.78420784,-97.08753229999999,20201.0,221.97558268590458,0.0,12,12,0,0,12,9,5420,0,0,0,0,3
2020-09-03,US,Kansas,Wichita,4,0,0,38.48178252,-101.3471509,20203.0,188.76828692779614,0.0,4,4,0,0,4,4,2105,0,0,0,0,0
2020-09-03,US,Kansas,Wilson,16,0,0,37.55937174,-95.74323255,20205.0,187.68328445747798,0.0,16,16,0,0,16,16,8665,0,0,0,0,0
2020-09-03,US,Kansas,Woodson,12,0,0,37.8865336,-95.74006277,20207.0,382.4091778202677,0.0,12,12,0,0,12,12,3183,0,0,0,0,0
2020-09-03,US,Kansas,Wyandotte,6136,117,0,39.11727348,-94.76378225,20209.0,3709.144104117175,1.9067796610169487,6019,6091,114,0,5977,6057,165324,45,3,0,42,34
2020-09-03,US,Kentucky,Adair,270,19,0,37.10459774,-85.28129668,21001.0,1406.1035308821995,7.037037037037037,251,267,19,0,248,263,19215,3,0,0,3,4
2020-09-03,US,Kentucky,Allen,256,9,0,36.75197631,-86.19457544,21003.0,1201.032136992728,3.515625,247,255,9,0,246,254,21122,1,0,0,1,1
2020-09-03,US,Kentucky,Anderson,118,1,0,38.00671029,-84.99171713,21005.0,518.7497252384929,0.8474576271186439,117,119,1,0,118,118,22663,-1,0,0,-1,1
2020-09-03,US,Kentucky,Ballard,44,1,0,37.05842757,-88.99427697,21007.0,557.8093306288032,2.272727272727273,43,43,1,0,42,43,7979,1,0,0,1,0
2020-09-03,US,Kentucky,Barren,522,9,0,36.96469836,-85.93338945,21009.0,1179.6876765576626,1.7241379310344829,513,512,8,0,504,504,44176,10,1,0,9,8
2020-09-03,US,Kentucky,Bath,68,1,0,38.14735938,-83.74588932,21011.0,544.0,1.4705882352941178,67,68,1,0,67,66,12383,0,0,0,0,2
2020-09-03,US,Kentucky,Bell,420,8,0,36.73355174,-83.67766671,21013.0,1613.3988936693302,1.9047619047619049,412,409,8,0,401,400,26569,11,0,0,11,9
2020-09-03,US,Kentucky,Boone,1323,25,0,38.97065142,-84.72615357,21015.0,990.4103128438924,1.889644746787604,1298,1321,25,0,1296,1307,131533,2,0,0,2,14
2020-09-03,US,Kentucky,Bourbon,123,1,0,38.2054607,-84.21827874,21017.0,621.5888417222559,0.8130081300813008,122,119,1,0,118,116,20184,4,0,0,4,3
2020-09-03,US,Kentucky,Boyd,261,4,0,38.36176608,-82.68652187,21019.0,558.6711759921229,1.5325670498084292,257,254,4,0,250,245,47240,7,0,0,7,9
2020-09-03,US,Kentucky,Boyle,216,0,0,37.62680923,-84.8633779,21021.0,718.5628742514972,0.0,216,216,0,0,216,210,30100,0,0,0,0,6
2020-09-03,US,Kentucky,Bracken,38,0,0,38.69158994,-84.08532444,21023.0,457.6659038901602,0.0,38,37,0,0,37,37,8239,1,0,0,1,0
2020-09-03,US,Kentucky,Breathitt,57,0,0,37.52333168,-83.31959161,21025.0,451.3064133016627,0.0,57,56,0,0,56,56,12726,1,0,0,1,0
2020-09-03,US,Kentucky,Breckinridge,100,2,0,37.77377239,-86.42885017,21027.0,488.3527860526444,2.0,98,100,2,0,98,100,20388,0,0,0,0,0
2020-09-03,US,Kentucky,Bullitt,647,5,0,37.97162523,-85.68955617,21029.0,792.1543660316373,0.7727975270479135,642,643,5,0,638,633,81069,4,0,0,4,10
2020-09-03,US,Kentucky,Butler,326,16,0,37.20946153,-86.68748787,21031.0,2531.2524264306235,4.9079754601227,310,322,16,0,306,322,12772,4,0,0,4,0
2020-09-03,US,Kentucky,Caldwell,85,0,0,37.14749129,-87.86948214,21033.0,666.8235663293324,0.0,85,84,0,0,84,84,12715,1,0,0,1,0
2020-09-03,US,Kentucky,Calloway,433,7,0,36.62093411,-88.2731593,21035.0,1110.2279428732595,1.6166281755196306,426,423,7,0,416,419,39135,10,0,0,10,4
2020-09-03,US,Kentucky,Campbell,722,15,0,38.94384345,-84.37875208,21037.0,771.4994016071123,2.0775623268698062,707,711,15,0,696,711,93152,11,0,0,11,0
2020-09-03,US,Kentucky,Carlisle,61,1,0,36.85372876,-88.96692220000001,21039.0,1281.5126050420167,1.639344262295082,60,61,1,0,60,61,4771,0,0,0,0,0
2020-09-03,US,Kentucky,Carroll,193,4,0,38.66599534,-85.12601074,21041.0,1815.4453955413405,2.0725388601036268,189,191,4,0,187,192,10737,2,0,0,2,-1
2020-09-03,US,Kentucky,Carter,130,3,0,38.31690743,-83.05092385,21043.0,485.1289323431728,2.3076923076923075,127,127,3,0,124,120,27004,3,0,0,3,7
2020-09-03,US,Kentucky,Casey,253,15,0,37.32533118,-84.92726209,21045.0,1565.6909462219196,5.928853754940713,238,249,15,0,234,247,15888,4,0,0,4,2
2020-09-03,US,Kentucky,Christian,881,13,0,36.89267803,-87.49055367,21047.0,1250.3370658946085,1.4755959137343928,868,872,13,0,859,869,71671,9,0,0,9,3
2020-09-03,US,Kentucky,Clark,260,8,0,37.9689263,-84.14615986,21049.0,716.9842539227313,3.0769230769230766,252,259,8,0,251,255,36249,1,0,0,1,4
2020-09-03,US,Kentucky,Clay,225,6,0,37.16451126,-83.712575,21051.0,1130.5964524395758,2.6666666666666665,219,221,6,0,215,221,20105,4,0,0,4,0
2020-09-03,US,Kentucky,Clinton,70,1,0,36.72581156,-85.13377529,21053.0,685.0655705617538,1.4285714285714286,69,71,1,0,70,71,10206,-1,0,0,-1,0
2020-09-03,US,Kentucky,Crittenden,76,1,0,37.35839237,-88.08826090000002,21055.0,863.0479218714513,1.3157894736842106,75,67,1,0,66,60,8915,9,0,0,9,7
2020-09-03,US,Kentucky,Cumberland,91,0,0,36.78926125,-85.39050034,21057.0,1375.8693680072574,0.0,91,89,0,0,89,89,6659,2,0,0,2,0
2020-09-03,US,Kentucky,Daviess,1016,11,0,37.73028906,-87.09019479999998,21059.0,1000.8767522731526,1.0826771653543308,1005,991,11,0,980,978,101104,25,0,0,25,13
2020-09-03,US,Kentucky,Edmonson,118,12,0,37.21218923,-86.23955613,21061.0,971.19341563786,10.169491525423727,106,118,12,0,106,118,12274,0,0,0,0,0
2020-09-03,US,Kentucky,Elliott,29,0,0,38.11624059,-83.09771563,21063.0,385.79220433683645,0.0,29,28,0,0,28,25,7508,1,0,0,1,3
2020-09-03,US,Kentucky,Estill,57,0,0,37.69241417,-83.95956369,21065.0,404.08336877924285,0.0,57,53,0,0,53,45,14198,4,0,0,4,8
2020-09-03,US,Kentucky,Fayette,4394,57,0,38.0368225,-84.45576892,21067.0,1359.7316433133633,1.2972234865725991,4337,4326,57,0,4269,4266,323780,68,0,0,68,60
2020-09-03,US,Kentucky,Fleming,72,0,0,38.36758311,-83.69657514,21069.0,493.79329264110834,0.0,72,72,0,0,72,73,14432,0,0,0,0,-1
2020-09-03,US,Kentucky,Floyd,150,2,0,37.56213922,-82.74750924,21071.0,421.47854674197083,1.3333333333333333,148,150,2,0,148,148,35845,0,0,0,0,2
2020-09-03,US,Kentucky,Franklin,498,11,0,38.2379395,-84.87962551,21073.0,976.6429369888804,2.208835341365462,487,483,11,0,472,481,50815,15,0,0,15,2
2020-09-03,US,Kentucky,Fulton,123,2,0,36.55238827,-89.20140068,21075.0,2060.6466744848385,1.6260162601626016,121,122,2,0,120,120,6120,1,0,0,1,2
2020-09-03,US,Kentucky,Gallatin,92,8,0,38.75398691,-84.8558382,21077.0,1037.3210057503663,8.695652173913043,84,93,8,0,85,95,8832,-1,0,0,-1,-2
2020-09-03,US,Kentucky,Garrard,129,2,0,37.638866799999995,-84.53289319,21079.0,730.2162345748897,1.5503875968992251,127,131,2,0,129,128,17560,-2,0,0,-2,3
2020-09-03,US,Kentucky,Grant,137,6,0,38.64962758,-84.62415957,21081.0,546.4916829550441,4.37956204379562,131,137,6,0,131,136,25121,0,0,0,0,1
2020-09-03,US,Kentucky,Graves,659,29,0,36.72292505,-88.65143315,21083.0,1768.3679493371976,4.400606980273142,630,656,29,0,627,648,37317,3,0,0,3,8
2020-09-03,US,Kentucky,Grayson,274,12,0,37.46231118,-86.34248968,21085.0,1036.8184054187006,4.37956204379562,262,268,12,0,256,261,26321,6,0,0,6,7
2020-09-03,US,Kentucky,Green,189,7,0,37.26484328,-85.5540745,21087.0,1727.4472168905954,3.703703703703704,182,168,7,0,161,162,11049,21,0,0,21,6
2020-09-03,US,Kentucky,Greenup,232,2,0,38.54332505,-82.9215658,21089.0,661.006325146732,0.8620689655172413,230,225,2,0,223,210,35268,7,0,0,7,15
2020-09-03,US,Kentucky,Hancock,63,0,0,37.83766422,-86.78280584,21091.0,722.3113964687,0.0,63,59,0,0,59,59,8758,4,0,0,4,0
2020-09-03,US,Kentucky,Hardin,961,9,0,37.6976111,-85.96319251,21093.0,866.0934768110457,0.9365244536940688,952,945,9,0,936,939,110356,16,0,0,16,6
2020-09-03,US,Kentucky,Harlan,319,8,0,36.85699301,-83.21899516,21095.0,1226.4513648596694,2.5078369905956115,311,315,8,0,307,306,26409,4,0,0,4,9
2020-09-03,US,Kentucky,Harrison,159,0,0,38.44188174,-84.32869741,21097.0,841.8934660595149,0.0,159,158,0,0,158,155,18778,1,0,0,1,3
2020-09-03,US,Kentucky,Hart,138,1,0,37.29943898,-85.88461055,21099.0,724.9802994483846,0.7246376811594203,137,134,1,0,133,131,18906,4,0,0,4,3
2020-09-03,US,Kentucky,Henderson,457,3,0,37.79344553,-87.57392021,21101.0,1010.8383101083832,0.6564551422319475,454,438,3,0,435,430,45591,19,0,0,19,8
2020-09-03,US,Kentucky,Henry,162,2,0,38.44942688,-85.11587507,21103.0,1004.5888627061888,1.2345679012345678,160,164,2,0,162,162,16106,-2,0,0,-2,2
2020-09-03,US,Kentucky,Hickman,69,0,0,36.67948079999999,-88.97875928,21105.0,1575.3424657534247,0.0,69,68,0,0,68,68,4421,1,0,0,1,0
2020-09-03,US,Kentucky,Hopkins,527,36,0,37.30939025,-87.54670406,21107.0,1179.3402855480465,6.83111954459203,491,523,36,0,487,518,45068,4,0,0,4,5
2020-09-03,US,Kentucky,Jackson,269,15,0,37.41866422,-83.99825483,21109.0,2018.1559006677167,5.5762081784386615,254,255,15,0,240,243,13442,14,0,0,14,12
2020-09-03,US,Kentucky,Jefferson,12394,272,0,38.18664655,-85.65931031,21111.0,1616.4182394161382,2.1946102953041797,12122,12192,265,0,11927,11987,770517,202,7,0,195,205
2020-09-03,US,Kentucky,Jessamine,472,0,0,37.87119786,-84.58252003,21113.0,872.2165758107733,0.0,472,471,0,0,471,461,53920,1,0,0,1,10
2020-09-03,US,Kentucky,Johnson,128,1,0,37.85106355,-82.8264322,21115.0,576.8884081485487,0.78125,127,127,1,0,126,124,22386,1,0,0,1,3
2020-09-03,US,Kentucky,Kenton,1776,43,0,38.93950319,-84.53241199,21117.0,1063.485790248985,2.4211711711711708,1733,1756,43,0,1713,1720,166051,20,0,0,20,36
2020-09-03,US,Kentucky,Knott,92,1,0,37.35388197,-82.94981134,21119.0,621.3697149804134,1.0869565217391304,91,92,1,0,91,89,15126,0,0,0,0,3
2020-09-03,US,Kentucky,Knox,372,9,0,36.89225732,-83.85403396,21121.0,1194.4132284475838,2.419354838709677,363,367,9,0,358,361,31304,5,0,0,5,6
2020-09-03,US,Kentucky,Larue,91,1,0,37.54567114,-85.70138352,21123.0,632.0322266981525,1.0989010989010992,90,90,1,0,89,87,14307,1,0,0,1,3
2020-09-03,US,Kentucky,Laurel,594,5,0,37.10975748,-84.11321779,21125.0,976.7648364658872,0.8417508417508418,589,588,5,0,583,584,60669,6,0,0,6,4
2020-09-03,US,Kentucky,Lawrence,46,0,0,38.07136018,-82.72882223,21127.0,300.31990598681205,0.0,46,46,0,0,46,44,15571,0,0,0,0,2
2020-09-03,US,Kentucky,Lee,12,0,0,37.59645942,-83.71513901,21129.0,162.09644738619482,0.0,12,13,0,0,13,12,7033,-1,0,0,-1,1
2020-09-03,US,Kentucky,Leslie,41,0,0,37.09246661,-83.37999606,21131.0,415.10580135668727,0.0,41,41,0,0,41,40,10143,0,0,0,0,1
2020-09-03,US,Kentucky,Letcher,78,2,0,37.12306748,-82.85346474,21133.0,361.8985756043242,2.5641025641025643,76,75,2,0,73,73,21899,3,0,0,3,2
2020-09-03,US,Kentucky,Lewis,180,12,0,38.53184419,-83.37735618,21135.0,1355.9322033898304,6.666666666666668,168,176,10,0,166,167,13257,4,2,0,2,9
2020-09-03,US,Kentucky,Lincoln,142,10,0,37.45475628,-84.6565327,21137.0,578.4349668010917,7.042253521126762,132,141,10,0,131,141,24644,1,0,0,1,0
2020-09-03,US,Kentucky,Livingston,54,1,0,37.21137452,-88.34797529,21139.0,587.3395692843159,1.851851851851852,53,52,1,0,51,48,9242,2,0,0,2,4
2020-09-03,US,Kentucky,Logan,442,26,0,36.85949479,-86.877635,21141.0,1630.8759501143827,5.882352941176472,416,427,26,0,401,423,26989,15,0,0,15,4
2020-09-03,US,Kentucky,Lyon,41,4,0,37.02080035,-88.07886257,21143.0,499.39098660170527,9.75609756097561,37,41,4,0,37,40,8009,0,0,0,0,1
2020-09-03,US,Kentucky,Madison,1174,3,0,37.71659336,-84.27220275,21151.0,1262.542075774033,0.2555366269165247,1171,1107,3,0,1104,1085,92368,67,0,0,67,22
2020-09-03,US,Kentucky,Magoffin,69,0,0,37.70820545,-83.0657714,21153.0,567.3875503659239,0.0,69,68,0,0,68,67,12362,1,0,0,1,1
2020-09-03,US,Kentucky,Marion,176,2,0,37.55218078,-85.26898542,21155.0,913.1946246043688,1.1363636363636365,174,174,2,0,172,172,19404,2,0,0,2,2
2020-09-03,US,Kentucky,Marshall,200,2,0,36.88007070000001,-88.32803576,21157.0,643.0868167202573,1.0,198,199,2,0,197,193,31191,1,0,0,1,6
2020-09-03,US,Kentucky,Martin,59,2,0,37.79990579,-82.51247478,21159.0,527.0209915140688,3.3898305084745757,57,59,2,0,57,58,11323,0,0,0,0,1
2020-09-03,US,Kentucky,Mason,99,2,0,38.59471935,-83.82151043,21161.0,579.9648506151142,2.0202020202020203,97,99,2,0,97,97,17150,0,0,0,0,2
2020-09-03,US,Kentucky,McCracken,536,6,0,37.05350953,-88.70445755,21145.0,819.3463572716989,1.1194029850746268,530,525,6,0,519,516,65346,11,0,0,11,9
2020-09-03,US,Kentucky,McCreary,106,0,0,36.73874143,-84.48102924,21147.0,615.1703325401893,0.0,106,103,0,0,103,98,17408,3,0,0,3,5
2020-09-03,US,Kentucky,McLean,62,1,0,37.5301951,-87.26803443,21149.0,673.4006734006732,1.6129032258064515,61,54,1,0,53,53,9252,8,0,0,8,1
2020-09-03,US,Kentucky,Meade,130,3,0,37.96163597,-86.21028219,21163.0,454.9909001819964,2.3076923076923075,127,128,3,0,125,126,28715,2,0,0,2,2
2020-09-03,US,Kentucky,Menifee,34,0,0,37.94090733,-83.59985712,21165.0,523.9636307597473,0.0,34,34,0,0,34,34,6451,0,0,0,0,0
2020-09-03,US,Kentucky,Mercer,128,1,0,37.81474237,-84.87488475,21167.0,583.5954953722701,0.78125,127,124,1,0,123,122,21774,4,0,0,4,2
2020-09-03,US,Kentucky,Metcalfe,84,2,0,36.99459295,-85.63123699,21169.0,834.0780458742926,2.380952380952381,82,82,2,0,80,82,10030,2,0,0,2,0
2020-09-03,US,Kentucky,Monroe,157,3,0,36.71225341,-85.71596443,21171.0,1474.1784037558689,1.9108280254777068,154,150,3,0,147,144,10718,7,0,0,7,6
2020-09-03,US,Kentucky,Montgomery,203,1,0,38.03253032,-83.9145241,21173.0,720.9574883687892,0.4926108374384237,202,201,1,0,200,199,28203,2,0,0,2,2
2020-09-03,US,Kentucky,Morgan,50,0,0,37.92465657,-83.25558245,21175.0,375.68562626793886,0.0,50,49,0,0,49,47,13345,1,0,0,1,2
2020-09-03,US,Kentucky,Muhlenberg,662,11,0,37.21425819,-87.14632053,21177.0,2161.844425576383,1.661631419939577,651,662,11,0,651,662,30774,0,0,0,0,0
2020-09-03,US,Kentucky,Nelson,374,2,0,37.80335779,-85.4657193,21179.0,808.9459909588388,0.5347593582887701,372,363,2,0,361,334,45851,11,0,0,11,29
2020-09-03,US,Kentucky,Nicholas,25,1,0,38.33342292,-84.01889177,21181.0,343.9262622093824,4.0,24,25,1,0,24,23,7166,0,0,0,0,2
2020-09-03,US,Kentucky,Ohio,387,9,0,37.47751843,-86.85368087,21183.0,1612.9032258064515,2.3255813953488373,378,388,9,0,379,386,24087,-1,0,0,-1,2
2020-09-03,US,Kentucky,Oldham,854,24,0,38.39791089,-85.448222,21185.0,1278.4622524289287,2.8103044496487115,830,842,24,0,818,838,66470,12,0,0,12,4
2020-09-03,US,Kentucky,Owen,84,1,0,38.51679143,-84.82404619,21187.0,770.5715072011743,1.1904761904761905,83,83,1,0,82,80,10880,1,0,0,1,3
2020-09-03,US,Kentucky,Owsley,35,0,0,37.42823949,-83.68811419,21189.0,792.7519818799547,0.0,35,34,0,0,34,34,4472,1,0,0,1,0
2020-09-03,US,Kentucky,Pendleton,66,0,0,38.69607718,-84.35599463,21191.0,452.3646333104866,0.0,66,65,0,0,65,64,14529,1,0,0,1,1
2020-09-03,US,Kentucky,Perry,292,8,0,37.25023553,-83.22922731,21193.0,1133.6283872971505,2.7397260273972597,284,291,8,0,283,289,26092,1,0,0,1,2
2020-09-03,US,Kentucky,Pike,326,3,0,37.47088263,-82.39487445,21195.0,563.2732047826388,0.9202453987730062,323,324,3,0,321,318,58402,2,0,0,2,6
2020-09-03,US,Kentucky,Powell,80,0,0,37.83218794,-83.82553961,21197.0,647.3015616150174,0.0,80,76,0,0,76,75,12442,4,0,0,4,1
2020-09-03,US,Kentucky,Pulaski,578,7,0,37.10466131,-84.57629079,21199.0,889.5181520183444,1.2110726643598615,571,559,7,0,552,547,64623,19,0,0,19,12
2020-09-03,US,Kentucky,Robertson,9,0,0,38.51923469,-84.05055616,21201.0,426.9449715370019,0.0,9,8,0,0,8,6,2135,1,0,0,1,2
2020-09-03,US,Kentucky,Rockcastle,130,0,0,37.36642393,-84.31176452,21203.0,778.6762503743636,0.0,130,129,0,0,129,123,16750,1,0,0,1,6
2020-09-03,US,Kentucky,Rowan,179,0,0,38.19484205,-83.42088935,21205.0,731.8070318887981,0.0,179,175,0,0,175,167,24583,4,0,0,4,8
2020-09-03,US,Kentucky,Russell,194,6,0,36.99308373,-85.06070117,21207.0,1082.408079004631,3.0927835051546397,188,191,6,0,185,186,17821,3,0,0,3,5
2020-09-03,US,Kentucky,Scott,614,5,0,38.29622293,-84.5816631,21209.0,1077.1173952705074,0.8143322475570033,609,604,5,0,599,587,56031,10,0,0,10,17
2020-09-03,US,Kentucky,Shelby,923,23,0,38.21476019,-85.194223,21211.0,1882.7513054830288,2.4918743228602382,900,915,23,0,892,909,48518,8,0,0,8,6
2020-09-03,US,Kentucky,Simpson,225,7,0,36.74058474,-86.58047435,21213.0,1211.501184578936,3.111111111111111,218,219,7,0,212,215,18529,6,0,0,6,4
2020-09-03,US,Kentucky,Spencer,168,0,0,38.03223971,-85.32749335,21215.0,868.172187483851,0.0,168,171,0,0,171,169,18794,-3,0,0,-3,2
2020-09-03,US,Kentucky,Taylor,208,5,0,37.3677562,-85.3329931,21217.0,807.1714075051417,2.4038461538461537,203,207,5,0,202,205,25549,1,0,0,1,2
2020-09-03,US,Kentucky,Todd,155,5,0,36.8381152,-87.17878374,21219.0,1260.7776150967952,3.2258064516129035,150,151,5,0,146,146,12311,4,0,0,4,5
2020-09-03,US,Kentucky,Trigg,96,0,0,36.80767017,-87.87333656,21221.0,655.2453757422703,0.0,96,94,0,0,94,90,14643,2,0,0,2,4
2020-09-03,US,Kentucky,Trimble,47,0,0,38.61056487,-85.33775972,21223.0,554.834140007083,0.0,47,48,0,0,48,46,8515,-1,0,0,-1,2
2020-09-03,US,Kentucky,Union,121,1,0,37.66166713,-87.94300009,21225.0,841.3879424240316,0.8264462809917356,120,103,1,0,102,98,14505,18,0,0,18,5
2020-09-03,US,Kentucky,Warren,3476,28,0,36.99903045,-86.42672751,21227.0,2615.579099446184,0.8055235903337169,3448,3388,28,0,3360,3344,131264,88,0,0,88,44
2020-09-03,US,Kentucky,Washington,127,1,0,37.75599461,-85.17407732,21229.0,1050.0206696982223,0.7874015748031497,126,124,1,0,123,124,12084,3,0,0,3,0
2020-09-03,US,Kentucky,Wayne,99,0,0,36.80310688,-84.8251971,21231.0,486.8932277578321,0.0,99,97,0,0,97,97,20468,2,0,0,2,0
2020-09-03,US,Kentucky,Webster,113,2,0,37.52168356,-87.67989953,21233.0,873.1262556019162,1.7699115044247788,111,109,2,0,107,108,13111,4,0,0,4,1
2020-09-03,US,Kentucky,Whitley,212,2,0,36.75700531,-84.14541217,21235.0,584.6018089565409,0.9433962264150944,210,207,2,0,205,203,36242,5,0,0,5,4
2020-09-03,US,Kentucky,Wolfe,28,0,0,37.73941626,-83.49303612,21237.0,391.2253737599553,0.0,28,27,0,0,27,27,7177,1,0,0,1,0
2020-09-03,US,Kentucky,Woodford,214,0,0,38.04178222,-84.7417556,21239.0,800.4787910525923,0.0,214,215,0,0,215,213,26533,-1,0,0,-1,2
2020-09-03,US,Louisiana,Acadia,2824,93,0,30.295064899999996,-92.41419698,22001.0,4551.535176081877,3.293201133144476,2731,2821,93,0,2728,2817,62190,3,0,0,3,4
2020-09-03,US,Louisiana,Allen,1454,40,0,30.65385745,-92.82442028,22003.0,5673.703515823156,2.751031636863824,1414,1447,40,0,1407,1441,25605,7,0,0,7,6
2020-09-03,US,Louisiana,Ascension,3418,92,0,30.20406249,-90.91328409999998,22005.0,2699.7567217465485,2.6916325336454068,3326,3395,92,0,3303,3377,124672,23,0,0,23,18
2020-09-03,US,Louisiana,Assumption,669,22,0,29.89946234,-91.06461642,22007.0,3056.050431684255,3.2884902840059786,647,670,22,0,648,669,22300,-1,0,0,-1,1
2020-09-03,US,Louisiana,Avoyelles,1305,46,0,31.07796211,-92.00079449,22009.0,3250.7971303308086,3.524904214559387,1259,1303,46,0,1257,1294,40462,2,0,0,2,9
2020-09-03,US,Louisiana,Beauregard,953,31,0,30.64836518,-93.34173616,22011.0,2541.536656265834,3.2528856243441764,922,944,31,0,913,941,37253,9,0,0,9,3
2020-09-03,US,Louisiana,Bienville,425,32,0,32.34569994,-93.05398492,22013.0,3209.7273619817242,7.529411764705883,393,421,32,0,389,418,13308,4,0,0,4,3
2020-09-03,US,Louisiana,Bossier,2749,94,0,32.67932307,-93.60460152,22015.0,2163.9024236651735,3.419425245543834,2655,2732,93,0,2639,2728,127185,17,1,0,16,4
2020-09-03,US,Louisiana,Caddo,7546,326,0,32.57991587,-93.88375652,22017.0,3141.496394731145,4.320169626292075,7220,7482,323,0,7159,7452,242922,64,3,0,61,30
2020-09-03,US,Louisiana,Calcasieu,7438,192,0,30.22931235,-93.35400434,22019.0,3656.1867122829785,2.581339069642377,7246,7442,192,0,7250,7445,203112,-4,0,0,-4,-3
2020-09-03,US,Louisiana,Caldwell,285,3,0,32.0902519,-92.11752148,22021.0,2873.563218390805,1.0526315789473684,282,282,3,0,279,280,9960,3,0,0,3,2
2020-09-03,US,Louisiana,Cameron,209,1,0,29.87592238,-93.19310676,22023.0,2997.275204359673,0.4784688995215311,208,206,1,0,205,208,6968,3,0,0,3,-2
2020-09-03,US,Louisiana,Catahoula,383,6,0,31.66778967,-91.84526385,22025.0,4034.126816937013,1.566579634464752,377,381,6,0,375,375,9608,2,0,0,2,6
2020-09-03,US,Louisiana,Claiborne,392,13,0,32.82308512,-92.99526883,22027.0,2501.595405232929,3.3163265306122454,379,389,13,0,376,380,15944,3,0,0,3,9
2020-09-03,US,Louisiana,Concordia,456,10,0,31.44817835,-91.63814433,22029.0,2367.724180902436,2.1929824561403506,446,450,10,0,440,436,19572,6,0,0,6,14
2020-09-03,US,Louisiana,De Soto,823,33,0,32.05457447,-93.74130302,22031.0,2996.7592761169567,4.0097205346294045,790,820,33,0,787,818,27436,3,0,0,3,2
2020-09-03,US,Louisiana,East Baton Rouge,13990,418,0,30.53842039,-91.09777565,22033.0,3179.119163566704,2.987848463187992,13572,13911,417,0,13494,13826,440956,79,1,0,78,85
2020-09-03,US,Louisiana,East Carroll,529,3,0,32.73926954,-91.23425694,22035.0,7710.246319778458,0.5671077504725898,526,530,3,0,527,529,7037,-1,0,0,-1,1
2020-09-03,US,Louisiana,East Feliciana,1315,46,0,30.84425359,-91.04976723,22037.0,6872.223673896002,3.498098859315589,1269,1181,45,0,1136,1102,19305,134,1,0,133,79
2020-09-03,US,Louisiana,Evangeline,1143,27,0,30.72985248,-92.39915924,22039.0,3422.668064081449,2.3622047244094486,1116,1134,27,0,1107,1118,33443,9,0,0,9,16
2020-09-03,US,Louisiana,Franklin,1101,31,0,32.13675181,-91.67589857,22041.0,5500.874344241819,2.8156221616712083,1070,1093,31,0,1062,1088,20156,8,0,0,8,5
2020-09-03,US,Louisiana,Grant,435,30,0,31.59882456,-92.56124347,22043.0,1942.918397427308,6.896551724137932,405,438,30,0,408,435,22482,-3,0,0,-3,3
2020-09-03,US,Louisiana,Iberia,2752,87,0,29.86803617,-91.75871777,22045.0,3940.999570385221,3.1613372093023258,2665,2738,87,0,2651,2717,70941,14,0,0,14,21
2020-09-03,US,Louisiana,Iberville,1351,55,0,30.25734305,-91.3499598,22047.0,4155.516594383439,4.071058475203554,1296,1339,55,0,1284,1344,32721,12,0,0,12,-5
2020-09-03,US,Louisiana,Jackson,496,21,0,32.30251776,-92.55692092,22049.0,3150.4065040650407,4.233870967741935,475,485,21,0,464,475,15902,11,0,0,11,10
2020-09-03,US,Louisiana,Jefferson,16629,552,0,29.74075478,-90.11115756,22051.0,3844.917721211673,3.319502074688797,16077,16575,549,0,16026,16526,434051,54,3,0,51,49
2020-09-03,US,Louisiana,Jefferson Davis,1168,36,0,30.26896765,-92.81210004,22053.0,3723.5399132874268,3.0821917808219177,1132,1167,36,0,1131,1166,31582,1,0,0,1,1
2020-09-03,US,Louisiana,LaSalle,392,5,0,31.67884782,-92.15907765,22059.0,2632.285791028741,1.2755102040816326,387,395,5,0,390,391,14917,-3,0,0,-3,4
2020-09-03,US,Louisiana,Lafayette,8365,112,0,30.2049055,-92.06959876,22055.0,3422.807807193421,1.338912133891213,8253,8339,111,0,8228,8275,242782,26,1,0,25,64
2020-09-03,US,Louisiana,Lafourche,3312,110,0,29.52470226,-90.40976986,22057.0,3392.955928452886,3.3212560386473435,3202,3298,110,0,3188,3284,98115,14,0,0,14,14
2020-09-03,US,Louisiana,Lincoln,937,40,0,32.6003154,-92.66597409999999,22061.0,2004.6211116340764,4.268943436499466,897,930,40,0,890,912,47196,7,0,0,7,18
2020-09-03,US,Louisiana,Livingston,3448,66,0,30.44143993,-90.73061664,22063.0,2449.054968783073,1.9141531322505803,3382,3429,66,0,3363,3405,139567,19,0,0,19,24
2020-09-03,US,Louisiana,Madison,829,7,0,32.36918118,-91.23973355,22065.0,7570.084923751256,0.8443908323281062,822,831,7,0,824,825,11161,-2,0,0,-2,6
2020-09-03,US,Louisiana,Morehouse,619,17,0,32.81686191,-91.80421614,22067.0,2488.542252954893,2.7463651050080777,602,615,17,0,598,602,25398,4,0,0,4,13
2020-09-03,US,Louisiana,Natchitoches,940,23,0,31.72321584,-93.09816516,22069.0,2463.441480161434,2.4468085106382977,917,924,23,0,901,922,38659,16,0,0,16,2
2020-09-03,US,Louisiana,Orleans,11727,578,0,30.06971951,-89.92660315,22071.0,3005.8132381889764,4.928796793723885,11149,11687,578,0,11109,11573,391006,40,0,0,40,114
2020-09-03,US,Louisiana,Ouachita,5559,129,0,32.47645559,-92.15704172,22073.0,3626.7199029221215,2.320561252023745,5430,5527,129,0,5398,5509,154475,32,0,0,32,18
2020-09-03,US,Louisiana,Plaquemines,619,19,0,29.42245447,-89.60322085,22075.0,2668.448506272363,3.0694668820678515,600,590,19,0,571,538,23410,29,0,0,29,52
2020-09-03,US,Louisiana,Pointe Coupee,964,38,0,30.71409502,-91.60209535,22077.0,4436.263230556834,3.941908713692946,926,963,37,0,926,957,21940,1,1,0,0,6
2020-09-03,US,Louisiana,Rapides,3856,135,0,31.19778499,-92.52997303,22079.0,2974.207083796125,3.50103734439834,3721,3849,135,0,3714,3839,130562,7,0,0,7,10
2020-09-03,US,Louisiana,Red River,324,20,0,32.09530039,-93.34213308,22081.0,3837.953091684434,6.172839506172839,304,322,20,0,302,321,8477,2,0,0,2,1
2020-09-03,US,Louisiana,Richland,708,10,0,32.41391005,-91.76634876,22083.0,3518.53692475897,1.4124293785310735,698,703,10,0,693,696,20192,5,0,0,5,7
2020-09-03,US,Louisiana,Sabine,765,13,0,31.56388699,-93.55433981,22085.0,3202.9810751967852,1.699346405228758,752,758,13,0,745,750,24032,7,0,0,7,8
2020-09-03,US,Louisiana,St. Bernard,1257,27,0,29.87761636,-89.51887093,22087.0,2660.655321310642,2.1479713603818618,1230,1244,27,0,1217,1242,46721,13,0,0,13,2
2020-09-03,US,Louisiana,St. Charles,1662,56,0,29.90709658,-90.35555967,22089.0,3129.9435028248586,3.3694344163658245,1606,1660,56,0,1604,1660,52879,2,0,0,2,0
2020-09-03,US,Louisiana,St. Helena,369,2,0,30.82210324,-90.71013176,22091.0,3641.926569285432,0.5420054200542005,367,373,2,0,371,373,10262,-4,0,0,-4,0
2020-09-03,US,Louisiana,St. James,768,36,0,30.02531716,-90.80212061,22093.0,3640.500568828214,4.6875,732,767,36,0,731,761,21037,1,0,0,1,6
2020-09-03,US,Louisiana,St. John the Baptist,1520,96,0,30.12597499,-90.4753503,22095.0,3548.334383827065,6.315789473684211,1424,1518,96,0,1422,1515,43184,2,0,0,2,3
2020-09-03,US,Louisiana,St. Landry,3139,115,0,30.59724262,-92.00135806,22097.0,3822.268764307632,3.663587129659127,3024,3130,114,0,3016,3110,82764,9,1,0,8,20
2020-09-03,US,Louisiana,St. Martin,1983,57,0,30.13112107,-91.61403569,22099.0,3711.328629447325,2.8744326777609683,1926,1982,57,0,1925,1975,53621,1,0,0,1,7
2020-09-03,US,Louisiana,St. Mary,1774,71,0,29.69262097,-91.44702164,22101.0,3594.877198670665,4.002254791431793,1703,1773,70,0,1703,1768,49774,1,1,0,0,5
2020-09-03,US,Louisiana,St. Tammany,6220,242,0,30.40942847,-89.95642711,22103.0,2388.4585994109493,3.890675241157557,5978,6148,240,0,5908,6087,258111,72,2,0,70,61
2020-09-03,US,Louisiana,Tangipahoa,4098,103,0,30.62888673,-90.40664996,22105.0,3041.0068418943592,2.5134211810639338,3995,4095,102,0,3993,4071,133777,3,1,0,2,24
2020-09-03,US,Louisiana,Tensas,151,1,0,32.00760749,-91.32915234,22107.0,3484.079372404245,0.6622516556291391,150,153,1,0,152,151,4462,-2,0,0,-2,2
2020-09-03,US,Louisiana,Terrebonne,3372,99,0,29.37343766,-90.82626855,22109.0,3052.6611202143745,2.9359430604982206,3273,3366,99,0,3267,3347,111021,6,0,0,6,19
2020-09-03,US,Louisiana,Unassigned,190,163,0,0.0,0.0,90022.0,0.0,85.78947368421052,27,191,163,0,28,186,,-1,0,0,-1,5
2020-09-03,US,Louisiana,Union,852,39,0,32.83121059,-92.3749373,22111.0,3853.8085760810573,4.577464788732393,813,845,39,0,806,829,22330,7,0,0,7,16
2020-09-03,US,Louisiana,Vermilion,1890,47,0,29.83517605,-92.30292538,22113.0,3175.8834501184656,2.486772486772487,1843,1887,46,0,1841,1873,59830,3,1,0,2,14
2020-09-03,US,Louisiana,Vernon,962,40,0,31.10884837,-93.18153838,22115.0,2028.2949250458576,4.158004158004158,922,962,40,0,922,957,48860,0,0,0,0,5
2020-09-03,US,Louisiana,Washington,1486,60,0,30.85288548,-90.03866652,22117.0,3216.8679915140497,4.037685060565276,1426,1480,60,0,1420,1473,46582,6,0,0,6,7
2020-09-03,US,Louisiana,Webster,1050,20,0,32.70847669,-93.33121835,22119.0,2738.6541471048513,1.9047619047619049,1030,1047,20,0,1027,1030,38798,3,0,0,3,17
2020-09-03,US,Louisiana,West Baton Rouge,839,39,0,30.46058217,-91.30989571,22121.0,3170.224825240884,4.64839094159714,800,838,39,0,799,829,26427,1,0,0,1,9
2020-09-03,US,Louisiana,West Carroll,317,9,0,32.78550125,-91.461201,22123.0,2927.0544783010155,2.8391167192429023,308,316,9,0,307,314,10982,1,0,0,1,2
2020-09-03,US,Louisiana,West Feliciana,594,21,0,30.87882871,-91.41485379999999,22125.0,3815.51901336074,3.5353535353535355,573,572,21,0,551,575,15460,22,0,0,22,-3
2020-09-03,US,Louisiana,Winn,556,16,0,31.94449367,-92.63789413,22127.0,3998.8492520138093,2.8776978417266186,540,555,16,0,539,552,14134,1,0,0,1,3
2020-09-03,US,Maine,Androscoggin,620,10,0,44.1664747,-70.20380627,23001.0,572.6054471402052,1.6129032258064515,610,616,10,0,606,615,107679,4,0,0,4,1
2020-09-03,US,Maine,Aroostook,38,1,0,46.65926321,-68.59841248,23003.0,56.66989784505257,2.631578947368421,37,38,1,0,37,38,67111,0,0,0,0,0
2020-09-03,US,Maine,Cumberland,2206,70,0,43.8370751,-70.37226999,23005.0,747.789005535537,3.1731640979147784,2136,2196,70,0,2126,2196,293557,10,0,0,10,0
2020-09-03,US,Maine,Franklin,53,1,0,44.97330019,-70.44381045,23007.0,175.5025000827842,1.8867924528301887,52,53,1,0,52,52,29897,0,0,0,0,1
2020-09-03,US,Maine,Hancock,50,1,0,44.59816444,-68.38401854,23009.0,90.93058359248549,2.0,49,47,1,0,46,47,54811,3,0,0,3,0
2020-09-03,US,Maine,Kennebec,193,11,0,44.40759555,-69.76738544,23011.0,157.8060865725826,5.699481865284973,182,191,11,0,180,192,122083,2,0,0,2,-1
2020-09-03,US,Maine,Knox,31,1,0,44.11486325,-69.10529169,23013.0,77.9442824097355,3.2258064516129035,30,30,1,0,29,29,39771,1,0,0,1,1
2020-09-03,US,Maine,Lincoln,36,1,0,44.05996956,-69.54227124,23015.0,103.94410117225848,2.7777777777777777,35,37,1,0,36,36,34342,-1,0,0,-1,1
2020-09-03,US,Maine,Oxford,70,0,0,44.49952995,-70.75682123,23017.0,120.74169900819321,0.0,70,67,0,0,67,65,57618,3,0,0,3,2
2020-09-03,US,Maine,Penobscot,241,6,0,45.40194593,-68.65020455,23019.0,158.39840155637933,2.489626556016597,235,234,6,0,228,230,151096,7,0,0,7,4
2020-09-03,US,Maine,Piscataquis,8,0,0,45.83839062,-69.2860223,23021.0,47.66160262138814,0.0,8,8,0,0,8,8,16800,0,0,0,0,0
2020-09-03,US,Maine,Sagadahoc,61,0,0,43.95415864,-69.85074999,23023.0,170.12494422132974,0.0,61,61,0,0,61,61,35634,0,0,0,0,0
2020-09-03,US,Maine,Somerset,58,2,0,45.51229767,-69.95995554,23025.0,114.88788527058078,3.4482758620689653,56,54,2,0,52,54,50592,4,0,0,4,0
2020-09-03,US,Maine,Unassigned,1,0,0,0.0,0.0,90023.0,0.0,0.0,1,1,0,0,1,1,,0,0,0,0,0
2020-09-03,US,Maine,Waldo,70,14,0,44.4858305,-69.12061935,23027.0,176.25582273700113,20.0,56,69,14,0,55,69,39694,1,0,0,1,0
2020-09-03,US,Maine,Washington,15,0,0,45.01607142,-67.62813524,23029.0,47.802670575862855,0.0,15,15,0,0,15,15,31490,0,0,0,0,0
2020-09-03,US,Maine,York,867,15,0,43.47808377,-70.71052375,23031.0,417.5475941649289,1.7301038062283738,852,851,15,0,836,841,206229,16,0,0,16,10
2020-09-03,US,Maryland,Allegany,398,20,0,39.62357628,-78.69280486,24001.0,565.2124517155193,5.025125628140704,378,396,20,0,376,395,70975,2,0,0,2,1
2020-09-03,US,Maryland,Anne Arundel,8536,238,0,39.00670238,-76.60329337,24003.0,1473.6703991823686,2.788191190253046,8298,8469,237,0,8232,8400,576031,67,1,0,66,69
2020-09-03,US,Maryland,Baltimore,15825,607,0,39.45784712,-76.62911955,24005.0,1912.6871895282645,3.8357030015797786,15218,15665,605,0,15060,15593,828431,160,2,0,158,72
2020-09-03,US,Maryland,Baltimore City,14626,463,0,39.30211911,-76.61151012,24510.0,2464.405465972468,3.165595514836592,14163,14569,461,0,14108,14535,621342,57,2,0,55,34
2020-09-03,US,Maryland,Calvert,795,28,0,38.53961642,-76.56820632,24009.0,859.227235882194,3.5220125786163523,767,793,28,0,765,791,92003,2,0,0,2,2
2020-09-03,US,Maryland,Caroline,522,3,0,38.87172293,-75.82904158,24011.0,1562.5935460695684,0.5747126436781609,519,520,3,0,517,513,33304,2,0,0,2,7
2020-09-03,US,Maryland,Carroll,1728,123,0,39.56453592,-77.02373735,24013.0,1025.8419562236193,7.1180555555555545,1605,1711,123,0,1588,1700,168429,17,0,0,17,11
2020-09-03,US,Maryland,Cecil,809,31,0,39.56647682,-75.94627411,24015.0,786.5441641145302,3.831891223733004,778,802,31,0,771,795,102826,7,0,0,7,7
2020-09-03,US,Maryland,Charles,2424,94,0,38.51092331,-76.98580666,24017.0,1484.7755379554935,3.877887788778878,2330,2411,94,0,2317,2403,161503,13,0,0,13,8
2020-09-03,US,Maryland,Dorchester,468,7,0,38.45413522,-76.02752426,24019.0,1465.7521375552005,1.4957264957264955,461,461,7,0,454,462,31998,7,0,0,7,-1
2020-09-03,US,Maryland,Frederick,3532,125,0,39.47296601,-77.39999394,24021.0,1360.8325274420433,3.5390713476783686,3407,3513,125,0,3388,3505,255648,19,0,0,19,8
2020-09-03,US,Maryland,Garrett,63,0,0,39.52786077,-79.27355126,24023.0,217.1365547666644,0.0,63,63,0,0,63,63,29163,0,0,0,0,0
2020-09-03,US,Maryland,Harford,2552,71,0,39.55010644,-76.30775940000002,24025.0,999.0565336026716,2.7821316614420057,2481,2523,70,0,2453,2500,253956,29,1,0,28,23
2020-09-03,US,Maryland,Howard,4459,117,0,39.25305293,-76.93126208,24027.0,1369.093309588873,2.623906705539359,4342,4431,117,0,4314,4415,323196,28,0,0,28,16
2020-09-03,US,Maryland,Kent,270,24,0,39.24976208,-76.04741541,24029.0,1390.1760889712698,8.888888888888891,246,267,24,0,243,264,19383,3,0,0,3,3
2020-09-03,US,Maryland,Montgomery,20281,821,0,39.13676329,-77.20358245,24031.0,1930.259030273497,4.048123859770229,19460,20190,821,0,19369,20103,1052567,91,0,0,91,87
2020-09-03,US,Maryland,Prince George's,26565,797,0,38.83070039,-76.8496441,24033.0,2921.3913146755785,3.000188217579522,25768,26428,796,0,25632,26356,909308,137,1,0,136,72
2020-09-03,US,Maryland,Queen Anne's,560,26,0,39.06198912,-76.03530977,24035.0,1111.5301403306803,4.642857142857143,534,558,26,0,532,556,50251,2,0,0,2,2
2020-09-03,US,Maryland,Somerset,201,4,0,38.1163542,-75.75118623,24039.0,784.6658338538414,1.9900497512437807,197,198,4,0,194,196,25675,3,0,0,3,2
2020-09-03,US,Maryland,St. Mary's,1130,56,0,38.30058422,-76.60629279999998,24037.0,995.5070037882124,4.955752212389379,1074,1122,55,0,1067,1121,112664,8,1,0,7,1
2020-09-03,US,Maryland,Talbot,478,4,0,38.76618159,-76.10882561,24041.0,1285.6028616766628,0.8368200836820083,474,475,4,0,471,473,36968,3,0,0,3,2
2020-09-03,US,Maryland,Unassigned,0,12,0,0.0,0.0,90024.0,0.0,0.0,-12,0,10,0,-10,0,,0,2,0,-2,0
2020-09-03,US,Maryland,Washington,1349,34,0,39.60835778,-77.82002295,24043.0,893.0876735364021,2.520385470719051,1315,1337,33,0,1304,1321,150926,12,1,0,11,16
2020-09-03,US,Maryland,Wicomico,1587,47,0,38.37301947,-75.62705831,24045.0,1531.7202173556354,2.9615626969124134,1540,1575,47,0,1528,1568,103195,12,0,0,12,7
2020-09-03,US,Maryland,Worcester,854,26,0,38.21274277,-75.33200012,24047.0,1633.6368505623996,3.0444964871194378,828,842,25,0,817,835,51823,12,1,0,11,7
2020-09-03,US,Massachusetts,Barnstable,1645,166,0,41.72980578,-70.28854339,25001.0,772.3367294239166,10.091185410334347,1479,1635,166,0,1469,1630,213413,10,0,0,10,5
2020-09-03,US,Massachusetts,Berkshire,669,46,0,42.37428441,-73.20524838,25003.0,535.4398770649251,6.8759342301943205,623,665,46,0,619,665,126348,4,0,0,4,0
2020-09-03,US,Massachusetts,Bristol,9252,659,0,41.79228404,-71.10872211,25005.0,1636.8934409262285,7.122784262862082,8593,9211,655,0,8556,9175,564022,41,4,0,37,36
2020-09-03,US,Massachusetts,Dukes and Nantucket,99,1,0,41.40674725,-70.68763497,0.0,344.57554557794714,1.0101010101010102,98,98,1,0,97,98,26707,1,0,0,1,0
2020-09-03,US,Massachusetts,Essex,18186,1243,0,42.6687626,-70.94687179,25009.0,2304.8436442536067,6.834927966567688,16943,18125,1241,0,16884,18056,790638,61,2,0,59,69
2020-09-03,US,Massachusetts,Franklin,392,66,0,42.58119713,-72.58602547,25011.0,558.5636933599317,16.836734693877553,326,392,66,0,326,392,70963,0,0,0,0,0
2020-09-03,US,Massachusetts,Hampden,7698,754,0,42.13440424,-72.63235561,25013.0,1650.6136732050809,9.794751883606132,6944,7686,751,0,6935,7680,470406,12,3,0,9,6
2020-09-03,US,Massachusetts,Hampshire,1180,140,0,42.33997957,-72.65898478,25015.0,733.6939625691724,11.864406779661017,1040,1176,140,0,1036,1173,161355,4,0,0,4,3
2020-09-03,US,Massachusetts,Middlesex,25495,2071,0,42.48607732,-71.39049229,25017.0,1581.871056568255,8.123161404196901,23424,25411,2070,0,23341,25374,1614714,84,1,0,83,37
2020-09-03,US,Massachusetts,Norfolk,9597,1021,0,42.16073095,-71.20530408,25021.0,1357.8578755615295,10.63874127331458,8576,9569,1019,0,8550,9547,705388,28,2,0,26,22
2020-09-03,US,Massachusetts,Plymouth,9153,743,0,41.94070556,-70.80802823,25023.0,1756.132938860557,8.117557085108707,8410,9135,741,0,8394,9118,518132,18,2,0,16,17
2020-09-03,US,Massachusetts,Suffolk,22593,1106,0,42.327951399999996,-71.07850442,25025.0,2810.3997104142645,4.8953215597751525,21487,22508,1104,0,21404,22434,807252,85,2,0,83,74
2020-09-03,US,Massachusetts,Unassigned,2065,5,0,0.0,0.0,90025.0,0.0,0.2421307506053269,2060,10088,5,0,10083,10088,,-8023,0,0,-8023,0
2020-09-03,US,Massachusetts,Worcester,13522,1056,0,42.35026951,-71.90493363,25027.0,1627.9366546997312,7.809495636740127,12466,13483,1055,0,12428,13458,830839,39,1,0,38,25
2020-09-03,US,Michigan,Alcona,37,2,0,44.6846864,-83.59507875,26001.0,355.59827006247,5.405405405405406,35,36,2,0,34,36,10362,1,0,0,1,0
2020-09-03,US,Michigan,Alger,17,0,0,46.41292944,-86.60260122,26003.0,186.649099692578,0.0,17,17,0,0,17,17,9097,0,0,0,0,0
2020-09-03,US,Michigan,Allegan,650,6,0,42.59147037,-85.89102866,26005.0,550.4695929065641,0.9230769230769232,644,648,6,0,642,644,117327,2,0,0,2,4
2020-09-03,US,Michigan,Alpena,132,14,0,45.03477666,-83.62212411,26007.0,464.70691779616266,10.606060606060606,118,133,14,0,119,133,28360,-1,0,0,-1,0
2020-09-03,US,Michigan,Antrim,60,0,0,44.99690221,-85.15503082,26009.0,257.2457554450352,0.0,60,60,0,0,60,60,23365,0,0,0,0,0
2020-09-03,US,Michigan,Arenac,59,3,0,44.0636262,-83.89277559,26011.0,396.4254518578244,5.084745762711863,56,59,3,0,56,59,15041,0,0,0,0,0
2020-09-03,US,Michigan,Baraga,8,0,0,46.6720582,-88.36363591,26013.0,97.45401388719698,0.0,8,8,0,0,8,8,8320,0,0,0,0,0
2020-09-03,US,Michigan,Barry,217,2,0,42.59513984,-85.30834519,26015.0,352.5588952071487,0.9216589861751152,215,216,2,0,214,216,61157,1,0,0,1,0
2020-09-03,US,Michigan,Bay,850,42,0,43.70639106,-83.98731479,26017.0,824.2344316661173,4.941176470588236,808,837,42,0,795,831,103923,13,0,0,13,6
2020-09-03,US,Michigan,Benzie,55,2,0,44.63899297,-86.01608482,26019.0,309.5800968141394,3.636363636363636,53,50,2,0,48,47,17753,5,0,0,5,3
2020-09-03,US,Michigan,Berrien,1634,70,0,41.95447397,-86.41313079999998,26021.0,1065.1821044191367,4.283965728274174,1564,1627,70,0,1557,1624,154141,7,0,0,7,3
2020-09-03,US,Michigan,Branch,501,4,0,41.91600556,-85.05929476,26023.0,1151.2742146747248,0.7984031936127745,497,498,3,0,495,491,43622,3,1,0,2,7
2020-09-03,US,Michigan,Calhoun,1029,44,0,42.24633834,-85.00493569,26025.0,767.0003503305777,4.275996112730806,985,1018,44,0,974,1004,134487,11,0,0,11,14
2020-09-03,US,Michigan,Cass,418,16,0,41.91522292,-85.99405727,26027.0,807.1523741479523,3.827751196172249,402,415,16,0,399,417,51653,3,0,0,3,-2
2020-09-03,US,Michigan,Charlevoix,73,3,0,45.37790017,-85.19614053,26029.0,279.233446811766,4.109589041095891,70,73,3,0,70,73,26244,0,0,0,0,0
2020-09-03,US,Michigan,Cheboygan,80,2,0,45.44787015,-84.50122149,26031.0,316.5057762304162,2.5,78,80,2,0,78,80,25413,0,0,0,0,0
2020-09-03,US,Michigan,Chippewa,65,0,0,46.29552653,-84.54353449,26033.0,174.0341106856944,0.0,65,62,0,0,62,58,37517,3,0,0,3,4
2020-09-03,US,Michigan,Clare,103,4,0,43.98794227,-84.84819859999998,26035.0,332.79483037156706,3.8834951456310685,99,103,4,0,99,101,30757,0,0,0,0,2
2020-09-03,US,Michigan,Clinton,520,13,0,42.94400871,-84.60145248,26037.0,653.3073685533012,2.5,507,505,13,0,492,499,79332,15,0,0,15,6
2020-09-03,US,Michigan,Crawford,113,5,0,44.68255561,-84.61006219,26039.0,805.4743745099437,4.424778761061948,108,113,5,0,108,113,13901,0,0,0,0,0
2020-09-03,US,Michigan,Delta,169,3,0,45.90484910000001,-86.9080745,26041.0,472.2781131231836,1.7751479289940828,166,167,3,0,164,160,35857,2,0,0,2,7
2020-09-03,US,Michigan,Dickinson,67,2,0,46.00999672,-87.86961634,26043.0,265.46218154443517,2.985074626865672,65,66,2,0,64,65,25383,1,0,0,1,1
2020-09-03,US,Michigan,Eaton,523,9,0,42.59599185,-84.83740035,26045.0,474.2989806652882,1.7208413001912046,514,522,9,0,513,518,109826,1,0,0,1,4
2020-09-03,US,Michigan,Emmet,127,3,0,45.52625509,-84.89083249,26047.0,380.06883136316026,2.3622047244094486,124,128,3,0,125,127,33308,-1,0,0,-1,1
2020-09-03,US,Michigan,Federal Correctional Institution (FCI),196,5,0,0.0,0.0,0.0,0.0,2.5510204081632653,191,196,5,0,191,196,,0,0,0,0,0
2020-09-03,US,Michigan,Genesee,4005,305,0,43.02244215,-83.70589709,26049.0,986.907762935145,7.615480649188513,3700,3994,305,0,3689,3980,406892,11,0,0,11,14
2020-09-03,US,Michigan,Gladwin,80,2,0,43.98901072,-84.38774817,26051.0,314.354198593265,2.5,78,79,2,0,77,79,25337,1,0,0,1,0
2020-09-03,US,Michigan,Gogebic,144,1,0,46.40862701,-89.69377193,26053.0,1030.4114490161003,0.6944444444444444,143,144,1,0,143,144,15096,0,0,0,0,0
2020-09-03,US,Michigan,Grand Traverse,370,7,0,44.69565625,-85.55585247,26055.0,397.4733585424544,1.891891891891892,363,364,7,0,357,358,92573,6,0,0,6,6
2020-09-03,US,Michigan,Gratiot,192,15,0,43.29265605,-84.60505416,26057.0,471.61700768833975,7.8125,177,190,15,0,175,189,40599,2,0,0,2,1
2020-09-03,US,Michigan,Hillsdale,305,26,0,41.88753639,-84.59312019,26059.0,668.7863172897709,8.524590163934427,279,303,26,0,277,304,45749,2,0,0,2,-1
2020-09-03,US,Michigan,Houghton,95,1,0,46.89988536,-88.68495385,26061.0,266.22575944400853,1.0526315789473684,94,85,1,0,84,80,36219,10,0,0,10,5
2020-09-03,US,Michigan,Huron,204,4,0,43.83353985,-83.04078453,26063.0,658.4680933475356,1.96078431372549,200,203,4,0,199,203,31166,1,0,0,1,0
2020-09-03,US,Michigan,Ingham,1840,40,0,42.59716886,-84.37472069,26065.0,629.2620534462358,2.1739130434782608,1800,1814,40,0,1774,1796,292735,26,0,0,26,18
2020-09-03,US,Michigan,Ionia,307,7,0,42.94502238,-85.07413319,26067.0,474.5196840657217,2.280130293159609,300,302,7,0,295,300,64210,5,0,0,5,2
2020-09-03,US,Michigan,Iosco,145,12,0,44.35486835,-83.63484895,26069.0,577.0684920603335,8.275862068965518,133,143,12,0,131,143,25081,2,0,0,2,0
2020-09-03,US,Michigan,Iron,36,1,0,46.20974132,-88.53136251,26071.0,325.32080245797937,2.7777777777777777,35,35,1,0,34,35,11117,1,0,0,1,0
2020-09-03,US,Michigan,Isabella,544,10,0,43.64060976,-84.84664923,26073.0,778.5665216395696,1.8382352941176472,534,530,10,0,520,507,70562,14,0,0,14,23
2020-09-03,US,Michigan,Jackson,856,40,0,42.24807035,-84.42258681,26075.0,540.0290202510881,4.672897196261682,816,853,40,0,813,843,158823,3,0,0,3,10
2020-09-03,US,Michigan,Kalamazoo,1995,88,0,42.24542231,-85.53038622,26077.0,752.6427380350557,4.4110275689223055,1907,1979,88,0,1891,1965,264870,16,0,0,16,14
2020-09-03,US,Michigan,Kalkaska,67,4,0,44.68512729,-85.09085699,26079.0,371.43807517463136,5.970149253731344,63,66,4,0,62,65,17824,1,0,0,1,1
2020-09-03,US,Michigan,Kent,8610,169,0,43.03197711,-85.54934642,26081.0,1310.5920496837682,1.9628339140534263,8441,8562,168,0,8394,8531,653786,48,1,0,47,31
2020-09-03,US,Michigan,Keweenaw,2,0,0,47.63197653,-88.41434263,26083.0,94.5179584120983,0.0,2,2,0,0,2,2,2113,0,0,0,0,0
2020-09-03,US,Michigan,Lake,29,0,0,43.99050893,-85.802173,26085.0,244.6637981945499,0.0,29,29,0,0,29,29,11881,0,0,0,0,0
2020-09-03,US,Michigan,Lapeer,546,35,0,43.09052506,-83.22153148,26087.0,623.2378691200474,6.410256410256411,511,544,35,0,509,536,88028,2,0,0,2,8
2020-09-03,US,Michigan,Leelanau,95,1,0,44.94430054,-85.80150326,26089.0,436.5608198152658,1.0526315789473684,94,95,1,0,94,92,21764,0,0,0,0,3
2020-09-03,US,Michigan,Lenawee,660,13,0,41.89475156,-84.06603727,26091.0,670.3842520644788,1.9696969696969695,647,635,13,0,622,600,98266,25,0,0,25,35
2020-09-03,US,Michigan,Livingston,1153,29,0,42.60302282,-83.91297209,26093.0,600.5364723039662,2.515177797051171,1124,1137,29,0,1108,1123,191224,16,0,0,16,14
2020-09-03,US,Michigan,Luce,5,0,0,46.47227431,-85.54471223,26095.0,80.26970621287526,0.0,5,5,0,0,5,5,6283,0,0,0,0,0
2020-09-03,US,Michigan,Mackinac,38,0,0,46.07028979,-85.04980537,26097.0,351.8844337438652,0.0,38,37,0,0,37,37,10787,1,0,0,1,0
2020-09-03,US,Michigan,Macomb,13031,981,0,42.69158356,-82.92752801,26099.0,1491.0088652725715,7.528201979894098,12050,12936,979,0,11957,12883,874759,95,2,0,93,53
2020-09-03,US,Michigan,Manistee,59,1,0,44.33352407,-86.05626916,26101.0,240.2475771642642,1.6949152542372878,58,55,1,0,54,55,24528,4,0,0,4,0
2020-09-03,US,Michigan,Marquette,262,11,0,46.4338914,-87.64043701,26103.0,392.8094873986117,4.198473282442748,251,254,11,0,243,248,66516,8,0,0,8,6
2020-09-03,US,Michigan,Mason,122,0,0,43.99509218,-86.24988902,26105.0,418.611034861378,0.0,122,120,0,0,120,120,29100,2,0,0,2,0
2020-09-03,US,Michigan,Mecosta,94,2,0,43.64064262,-85.32463223,26107.0,216.32568522311462,2.127659574468085,92,92,2,0,90,92,43545,2,0,0,2,0
2020-09-03,US,Michigan,Menominee,258,0,0,45.58038692,-87.55370409,26109.0,1132.5724319578578,0.0,258,256,0,0,256,253,22983,2,0,0,2,3
2020-09-03,US,Michigan,Michigan Department of Corrections (MDOC),5304,70,0,0.0,0.0,0.0,0.0,1.3197586726998491,5234,5304,71,0,5233,5301,,0,-1,0,1,3
2020-09-03,US,Michigan,Midland,438,11,0,43.64330771,-84.38804374,26111.0,526.7208619943241,2.5114155251141552,427,428,11,0,417,425,83209,10,0,0,10,3
2020-09-03,US,Michigan,Missaukee,49,1,0,44.33772443,-85.09256478,26113.0,324.11694668606964,2.0408163265306123,48,48,1,0,47,47,15113,1,0,0,1,1
2020-09-03,US,Michigan,Monroe,1357,28,0,41.92734151,-83.53749864,26115.0,901.6611295681064,2.0633750921149594,1329,1340,28,0,1312,1325,150439,17,0,0,17,15
2020-09-03,US,Michigan,Montcalm,235,4,0,43.31082541,-85.15252824,26117.0,367.8312046080641,1.702127659574468,231,228,4,0,224,230,63968,7,0,0,7,-2
2020-09-03,US,Michigan,Montmorency,12,0,0,45.0275929,-84.12696227,26119.0,128.6449399656947,0.0,12,12,0,0,12,12,9265,0,0,0,0,0
2020-09-03,US,Michigan,Muskegon,1356,68,0,43.29123859,-86.15176712,26121.0,781.259002339168,5.014749262536873,1288,1346,68,0,1278,1346,173588,10,0,0,10,0
2020-09-03,US,Michigan,Newaygo,301,1,0,43.554373999999996,-85.80070107,26123.0,614.5365455287872,0.3322259136212625,300,301,1,0,300,300,48892,0,0,0,0,1
2020-09-03,US,Michigan,Oakland,18351,1169,0,42.66090111,-83.38595416,26125.0,1459.226580490846,6.370225055855267,17182,18247,1165,0,17082,18168,1259201,104,4,0,100,79
2020-09-03,US,Michigan,Oceana,501,6,0,43.64124435,-86.26726673,26127.0,1892.9232629311973,1.1976047904191616,495,501,6,0,495,501,26625,0,0,0,0,0
2020-09-03,US,Michigan,Ogemaw,58,5,0,44.33481032,-84.12725175,26129.0,276.22993761013475,8.620689655172415,53,58,5,0,53,58,20952,0,0,0,0,0
2020-09-03,US,Michigan,Ontonagon,36,0,0,46.665226200000006,-89.31390481,26131.0,629.3706293706292,0.0,36,34,0,0,34,35,5795,2,0,0,2,-1
2020-09-03,US,Michigan,Osceola,80,0,0,43.98992088,-85.32566756,26133.0,341.00596760443307,0.0,80,79,0,0,79,79,23341,1,0,0,1,0
2020-09-03,US,Michigan,Oscoda,32,1,0,44.68192279,-84.12939244,26135.0,388.3023904865913,3.125,31,29,1,0,28,29,8276,3,0,0,3,0
2020-09-03,US,Michigan,Otsego,148,11,0,45.02085831,-84.59898295,26137.0,599.9675693205772,7.432432432432432,137,147,11,0,136,147,24665,1,0,0,1,0
2020-09-03,US,Michigan,Ottawa,2326,63,0,42.95996803,-85.9969107,26139.0,797.0393722372612,2.708512467755804,2263,2280,63,0,2217,2204,290494,46,0,0,46,76
2020-09-03,US,Michigan,Out of MI,121,0,0,0.0,0.0,80026.0,0.0,0.0,121,115,0,0,115,120,,6,0,0,6,-5
2020-09-03,US,Michigan,Presque Isle,21,1,0,45.34018577,-83.91498656,26141.0,166.77255400254128,4.761904761904762,20,21,1,0,20,21,12738,0,0,0,0,0
2020-09-03,US,Michigan,Roscommon,76,4,0,44.33473082,-84.61067651,26143.0,316.41617053166243,5.2631578947368425,72,76,4,0,72,76,23884,0,0,0,0,0
2020-09-03,US,Michigan,Saginaw,2584,132,0,43.33433923,-84.05131209999998,26145.0,1356.1528086113606,5.1083591331269345,2452,2558,132,0,2426,2539,190800,26,0,0,26,19
2020-09-03,US,Michigan,Sanilac,126,7,0,43.42406072,-82.82055898,26151.0,306.04809327179987,5.5555555555555545,119,125,7,0,118,126,41182,1,0,0,1,-1
2020-09-03,US,Michigan,Schoolcraft,15,0,0,46.19235734,-86.19972234,26153.0,185.32246108228318,0.0,15,15,0,0,15,15,8068,0,0,0,0,0
2020-09-03,US,Michigan,Shiawassee,459,30,0,42.95392800000001,-84.14585902,26155.0,673.7911394263234,6.5359477124183005,429,436,30,0,406,435,68192,23,0,0,23,1
2020-09-03,US,Michigan,St. Clair,934,53,0,42.92655373,-82.67937954,26147.0,586.9488713488513,5.674518201284799,881,934,53,0,881,930,159337,0,0,0,0,4
2020-09-03,US,Michigan,St. Joseph,683,11,0,41.91441767,-85.52797979,26149.0,1120.3333114625025,1.6105417276720349,672,684,11,0,673,685,61043,-1,0,0,-1,-1
2020-09-03,US,Michigan,Tuscola,462,29,0,43.46606813,-83.41897025,26157.0,884.2951478610395,6.277056277056277,433,459,29,0,430,455,52516,3,0,0,3,4
2020-09-03,US,Michigan,Unassigned,5,0,0,0.0,0.0,90026.0,0.0,0.0,5,6,0,0,6,16,,-1,0,0,-1,-10
2020-09-03,US,Michigan,Van Buren,647,16,0,42.25190229,-86.01939087,26159.0,854.9493241011139,2.4729520865533234,631,643,16,0,627,637,75448,4,0,0,4,6
2020-09-03,US,Michigan,Washtenaw,2956,114,0,42.253105,-83.83853204,26161.0,804.1327417498865,3.8565629228687417,2842,2944,115,0,2829,2922,370963,12,-1,0,13,22
2020-09-03,US,Michigan,Wayne,31607,2893,0,42.28098405,-83.281255,26163.0,1806.7926072817047,9.153035719935456,28714,31483,2889,0,28594,31357,1753893,124,4,0,120,126
2020-09-03,US,Michigan,Wexford,110,4,0,44.33853602,-85.57712739,26165.0,327.07918289673216,3.636363636363636,106,107,4,0,103,105,33466,3,0,0,3,2
2020-09-03,US,Minnesota,Aitkin,52,1,0,46.60962049,-93.41168259999999,27001.0,327.33224222585926,1.9230769230769231,51,51,1,0,50,51,15902,1,0,0,1,0
2020-09-03,US,Minnesota,Anoka,4871,121,0,45.27476015,-93.24604565,27003.0,1364.7277688900344,2.484089509340998,4750,4816,121,0,4695,4782,353813,55,0,0,55,34
2020-09-03,US,Minnesota,Becker,203,2,0,46.93479392,-95.67158144,27005.0,589.7219882055603,0.9852216748768472,201,201,2,0,199,200,34371,2,0,0,2,1
2020-09-03,US,Minnesota,Beltrami,329,1,0,47.97373527,-94.93732139,27007.0,697.2111553784862,0.30395136778115506,328,327,1,0,326,321,46847,2,0,0,2,6
2020-09-03,US,Minnesota,Benton,414,3,0,45.69804958,-93.99514135,27009.0,1012.4972486487808,0.7246376811594203,411,412,3,0,409,409,40545,2,0,0,2,3
2020-09-03,US,Minnesota,Big Stone,35,0,0,45.42712824,-96.41403739,27011.0,701.2622720897616,0.0,35,35,0,0,35,35,4989,0,0,0,0,0
2020-09-03,US,Minnesota,Blue Earth,1344,5,0,44.03554215,-94.06699781,27013.0,1986.6081326770432,0.3720238095238095,1339,1303,5,0,1298,1278,67427,41,0,0,41,25
2020-09-03,US,Minnesota,Brown,135,2,0,44.24205652,-94.72562874,27015.0,539.827255278311,1.4814814814814814,133,133,2,0,131,131,25111,2,0,0,2,2
2020-09-03,US,Minnesota,Carlton,200,1,0,46.59180601,-92.67601019,27017.0,557.55345543754,0.5,199,196,1,0,195,193,35837,4,0,0,4,3
2020-09-03,US,Minnesota,Carver,1160,5,0,44.82017001,-93.80099179999999,27019.0,1103.8262805812217,0.4310344827586207,1155,1140,4,0,1136,1128,103551,20,1,0,19,12
2020-09-03,US,Minnesota,Cass,105,3,0,46.95043611,-94.32603968,27021.0,352.59746801437257,2.8571428571428568,102,105,3,0,102,105,29519,0,0,0,0,0
2020-09-03,US,Minnesota,Chippewa,148,1,0,45.02343421,-95.56403693,27023.0,1254.2372881355932,0.6756756756756757,147,142,1,0,141,136,11924,6,0,0,6,6
2020-09-03,US,Minnesota,Chisago,327,1,0,45.5021011,-92.90861945,27025.0,577.9529507414412,0.3058103975535168,326,321,1,0,320,319,55922,6,0,0,6,2
2020-09-03,US,Minnesota,Clay,940,40,0,46.89289518,-96.48761922,27027.0,1463.6728846812618,4.25531914893617,900,913,40,0,873,893,63955,27,0,0,27,20
2020-09-03,US,Minnesota,Clearwater,20,0,0,47.57992111,-95.37790562,27029.0,226.80880018144703,0.0,20,19,0,0,19,19,8810,1,0,0,1,0
2020-09-03,US,Minnesota,Cook,6,0,0,47.90504893,-90.52629546,27031.0,109.82976386600771,0.0,6,6,0,0,6,6,5393,0,0,0,0,0
2020-09-03,US,Minnesota,Cottonwood,202,0,0,44.00715262,-95.18138802,27033.0,1804.2157913540548,0.0,202,202,0,0,202,204,11277,0,0,0,0,-2
2020-09-03,US,Minnesota,Crow Wing,320,16,0,46.48096553,-94.06755609,27035.0,491.8914764430097,5.0,304,315,16,0,299,312,64889,5,0,0,5,3
2020-09-03,US,Minnesota,Dakota,6219,113,0,44.67172617,-93.06299363,27037.0,1449.5793912186114,1.8170123814118024,6106,6084,112,0,5972,5973,425423,135,1,0,134,111
2020-09-03,US,Minnesota,Dodge,158,0,0,44.02238415,-92.86244324,27039.0,754.7530333428873,0.0,158,158,0,0,158,156,20822,0,0,0,0,2
2020-09-03,US,Minnesota,Douglas,174,1,0,45.93348491,-95.45335469,27041.0,456.2019873626806,0.5747126436781609,173,173,1,0,172,171,37964,1,0,0,1,2
2020-09-03,US,Minnesota,Faribault,116,0,0,43.67381499,-93.94787458,27043.0,849.6301179228009,0.0,116,116,0,0,116,115,13758,0,0,0,0,1
2020-09-03,US,Minnesota,Fillmore,86,0,0,43.67394126,-92.08980382,27045.0,408.22138890207435,0.0,86,86,0,0,86,86,21058,0,0,0,0,0
2020-09-03,US,Minnesota,Freeborn,411,1,0,43.67385583,-93.34884422,27047.0,1357.2867474654076,0.24330900243309006,410,402,1,0,401,403,30444,9,0,0,9,-1
2020-09-03,US,Minnesota,Goodhue,265,9,0,44.40849741,-92.72341949999999,27049.0,571.8601640051792,3.39622641509434,256,262,9,0,253,261,46403,3,0,0,3,1
2020-09-03,US,Minnesota,Grant,55,4,0,45.93424769,-96.01139609,27051.0,920.9645010046886,7.272727272727272,51,55,4,0,51,55,6021,0,0,0,0,0
2020-09-03,US,Minnesota,Hennepin,23569,885,0,45.00761521,-93.47694895,27053.0,1861.921265117396,3.7549323263608976,22684,23372,883,0,22489,23209,1259428,197,2,0,195,163
2020-09-03,US,Minnesota,Houston,81,0,0,43.67129565,-91.49143057,27055.0,435.483870967742,0.0,81,80,0,0,80,77,18578,1,0,0,1,3
2020-09-03,US,Minnesota,Hubbard,46,0,0,47.10778564,-94.91693868,27057.0,214.04308780419709,0.0,46,46,0,0,46,46,21332,0,0,0,0,0
2020-09-03,US,Minnesota,Isanti,183,0,0,45.56181234,-93.29487636,27059.0,450.78332840673966,0.0,183,179,0,0,179,177,39966,4,0,0,4,2
2020-09-03,US,Minnesota,Itasca,207,13,0,47.51009045,-93.63092229,27061.0,458.6749390649235,6.280193236714977,194,201,12,0,189,201,45108,6,1,0,5,0
2020-09-03,US,Minnesota,Jackson,97,1,0,43.67423373,-95.15398258,27063.0,985.1716433069266,1.0309278350515465,96,97,1,0,96,96,9911,0,0,0,0,1
2020-09-03,US,Minnesota,Kanabec,69,6,0,45.9459309,-93.29275192,27065.0,422.35416539144273,8.695652173913043,63,65,6,0,59,65,16207,4,0,0,4,0
2020-09-03,US,Minnesota,Kandiyohi,834,1,0,45.1526059,-95.00586446,27067.0,1930.6002453760505,0.11990407673860913,833,825,1,0,824,820,42855,9,0,0,9,5
2020-09-03,US,Minnesota,Kittson,8,0,0,48.77754106,-96.78317184,27069.0,186.13308515588642,0.0,8,8,0,0,8,7,4248,0,0,0,0,1
2020-09-03,US,Minnesota,Koochiching,89,3,0,48.24539665,-93.78352843,27071.0,727.7782320713059,3.3707865168539324,86,89,3,0,86,88,12440,0,0,0,0,1
2020-09-03,US,Minnesota,Lac qui Parle,19,0,0,44.9973857,-96.17488219,27073.0,286.8790578287785,0.0,19,18,0,0,18,17,6658,1,0,0,1,1
2020-09-03,US,Minnesota,Lake,34,0,0,47.64270764,-91.44557998,27075.0,319.5188422140776,0.0,34,34,0,0,34,34,10658,0,0,0,0,0
2020-09-03,US,Minnesota,Lake of the Woods,13,1,0,48.77217001,-94.90274472,27077.0,347.5935828877005,7.6923076923076925,12,13,0,0,13,10,3758,0,1,0,-1,3
2020-09-03,US,Minnesota,Le Sueur,399,2,0,44.37136597,-93.72844721,27079.0,1381.2441582718868,0.5012531328320802,397,386,2,0,384,384,28494,13,0,0,13,2
2020-09-03,US,Minnesota,Lincoln,71,0,0,44.41311883,-96.26688165,27081.0,1259.088490867175,0.0,71,70,0,0,70,70,5673,1,0,0,1,0
2020-09-03,US,Minnesota,Lyon,546,3,0,44.41327865,-95.83806103,27083.0,2143.3618591505065,0.5494505494505495,543,540,3,0,537,538,25629,6,0,0,6,2
2020-09-03,US,Minnesota,Mahnomen,36,1,0,47.32557075,-95.80921485,27087.0,651.3479283517279,2.7777777777777777,35,37,1,0,36,37,5519,-1,0,0,-1,0
2020-09-03,US,Minnesota,Marshall,39,0,0,48.35825983,-96.37017407,27089.0,417.7377892030848,0.0,39,38,0,0,38,37,9390,1,0,0,1,1
2020-09-03,US,Minnesota,Martin,247,7,0,43.67429718,-94.55099908,27091.0,1254.8900066046842,2.8340080971659916,240,237,7,0,230,236,19785,10,0,0,10,1
2020-09-03,US,Minnesota,McLeod,370,1,0,44.82367677,-94.27287017,27085.0,1030.8416682918676,0.2702702702702703,369,369,1,0,368,367,35873,1,0,0,1,2
2020-09-03,US,Minnesota,Meeker,117,2,0,45.12328869,-94.52839455,27093.0,503.83257256050285,1.709401709401709,115,112,2,0,110,110,23141,5,0,0,5,2
2020-09-03,US,Minnesota,Mille Lacs,105,3,0,45.93705297,-93.63236823,27095.0,399.58899417741753,2.8571428571428568,102,104,3,0,101,101,26139,1,0,0,1,3
2020-09-03,US,Minnesota,Morrison,124,1,0,46.01265363,-94.27341528,27097.0,371.4131671958305,0.8064516129032258,123,121,1,0,120,119,33169,3,0,0,3,2
2020-09-03,US,Minnesota,Mower,1192,3,0,43.67142874,-92.75234549,27099.0,2975.388148370026,0.2516778523489933,1189,1187,3,0,1184,1185,40011,5,0,0,5,2
2020-09-03,US,Minnesota,Murray,143,2,0,44.02216709,-95.76328482,27101.0,1745.1793995606542,1.3986013986013983,141,143,2,0,141,144,8276,0,0,0,0,-1
2020-09-03,US,Minnesota,Nicollet,449,15,0,44.35291112,-94.24710352,27103.0,1310.0309272334716,3.3407572383073503,434,445,15,0,430,442,34220,4,0,0,4,3
2020-09-03,US,Minnesota,Nobles,1875,13,0,43.67434621,-95.75329576,27105.0,8668.91673216515,0.6933333333333334,1862,1870,13,0,1857,1869,21924,5,0,0,5,1
2020-09-03,US,Minnesota,Norman,46,0,0,47.32628443,-96.45620947,27107.0,721.5686274509802,0.0,46,46,0,0,46,46,6475,0,0,0,0,0
2020-09-03,US,Minnesota,Olmsted,2073,25,0,44.00374114,-92.40209944,27109.0,1309.596760437922,1.2059816690786298,2048,2058,24,0,2034,2045,156277,15,1,0,14,13
2020-09-03,US,Minnesota,Otter Tail,305,4,0,46.40846929,-95.70835255,27111.0,519.1842848874817,1.3114754098360657,301,297,4,0,293,299,58812,8,0,0,8,-2
2020-09-03,US,Minnesota,Pennington,96,1,0,48.06642577,-96.0370814,27113.0,679.9348395778737,1.0416666666666667,95,94,1,0,93,91,14178,2,0,0,2,3
2020-09-03,US,Minnesota,Pine,158,0,0,46.12105238,-92.74070188,27115.0,534.1627506000879,0.0,158,157,0,0,157,157,29483,1,0,0,1,0
2020-09-03,US,Minnesota,Pipestone,189,9,0,44.02301619,-96.25841142,27117.0,2071.0059171597627,4.761904761904762,180,189,9,0,180,187,9047,0,0,0,0,2
2020-09-03,US,Minnesota,Polk,211,4,0,47.77372465,-96.40134647,27119.0,672.7458232368319,1.895734597156398,207,204,4,0,200,204,31529,7,0,0,7,0
2020-09-03,US,Minnesota,Pope,64,0,0,45.58606667,-95.44451209,27121.0,568.9394612854476,0.0,64,64,0,0,64,64,11097,0,0,0,0,0
2020-09-03,US,Minnesota,Ramsey,9396,299,0,45.01625271,-93.09872295,27123.0,1707.3671548060129,3.1822051936994464,9097,9311,299,0,9012,9243,550210,85,0,0,85,68
2020-09-03,US,Minnesota,Red Lake,31,0,0,47.87197525,-96.09561104,27125.0,764.4882860665845,0.0,31,29,0,0,29,29,3999,2,0,0,2,0
2020-09-03,US,Minnesota,Redwood,72,0,0,44.40555844,-95.25207021,27127.0,474.6209624258405,0.0,72,71,0,0,71,66,15249,1,0,0,1,5
2020-09-03,US,Minnesota,Renville,87,6,0,44.72836381,-94.94553734,27129.0,598.0203464393733,6.896551724137932,81,84,6,0,78,84,14612,3,0,0,3,0
2020-09-03,US,Minnesota,Rice,1211,8,0,44.3543376,-93.29658715,27131.0,1808.218359911605,0.6606110652353427,1203,1207,8,0,1199,1199,66523,4,0,0,4,8
2020-09-03,US,Minnesota,Rock,110,0,0,43.67482683,-96.25296832,27133.0,1180.8910359634995,0.0,110,110,0,0,110,107,9414,0,0,0,0,3
2020-09-03,US,Minnesota,Roseau,74,0,0,48.77501878,-95.81079919,27135.0,487.9657105176393,0.0,74,73,0,0,73,74,15150,1,0,0,1,-1
2020-09-03,US,Minnesota,Scott,2105,32,0,44.6490231,-93.53340251,27139.0,1412.6284283921536,1.5201900237529689,2073,2068,32,0,2036,2021,147381,37,0,0,37,47
2020-09-03,US,Minnesota,Sherburne,939,13,0,45.44447208,-93.77617511,27141.0,965.6718566815442,1.384451544195953,926,930,13,0,917,920,96036,9,0,0,9,10
2020-09-03,US,Minnesota,Sibley,143,3,0,44.5796592,-94.23164924,27143.0,961.9912546249581,2.097902097902098,140,140,3,0,137,140,15028,3,0,0,3,0
2020-09-03,US,Minnesota,St. Louis,922,24,0,47.604840700000004,-92.46879855,27137.0,463.1536645401115,2.6030368763557483,898,908,24,0,884,902,199754,14,0,0,14,6
2020-09-03,US,Minnesota,Stearns,3365,22,0,45.55192576,-94.61078221,27145.0,2089.088933726525,0.6537890044576523,3343,3306,22,0,3284,3285,159256,59,0,0,59,21
2020-09-03,US,Minnesota,Steele,449,2,0,44.02240351,-93.22627088,27147.0,1225.1357472236625,0.44543429844098004,447,441,2,0,439,436,36803,8,0,0,8,5
2020-09-03,US,Minnesota,Stevens,57,1,0,45.58613007,-96.00163705,27149.0,581.3360530341663,1.7543859649122806,56,54,1,0,53,52,9753,3,0,0,3,2
2020-09-03,US,Minnesota,Swift,68,1,0,45.2829032,-95.68264092,27151.0,733.8657457371032,1.4705882352941178,67,65,1,0,64,65,9345,3,0,0,3,0
2020-09-03,US,Minnesota,Todd,452,2,0,46.06996226,-94.89785296,27153.0,1832.6305546545573,0.4424778761061947,450,452,2,0,450,451,24582,0,0,0,0,1
2020-09-03,US,Minnesota,Traverse,21,0,0,45.77298854,-96.47062949,27155.0,644.3694384780607,0.0,21,21,0,0,21,21,3308,0,0,0,0,0
2020-09-03,US,Minnesota,Unassigned,207,52,0,0.0,0.0,90027.0,0.0,25.12077294685991,155,157,52,0,105,164,,50,0,0,50,-7
2020-09-03,US,Minnesota,Wabasha,129,0,0,44.28424356,-92.23121312,27157.0,596.4766264391733,0.0,129,125,0,0,125,124,21645,4,0,0,4,1
2020-09-03,US,Minnesota,Wadena,49,0,0,46.58589171,-94.96968506,27159.0,358.1347756175997,0.0,49,49,0,0,49,49,13773,0,0,0,0,0
2020-09-03,US,Minnesota,Waseca,281,3,0,44.02211116,-93.58720034,27161.0,1509.778637438212,1.0676156583629892,278,271,3,0,268,270,18691,10,0,0,10,1
2020-09-03,US,Minnesota,Washington,3124,54,0,45.03864533,-92.88429635,27163.0,1190.367322054565,1.7285531370038412,3070,3071,54,0,3017,3003,259201,53,0,0,53,68
2020-09-03,US,Minnesota,Watonwan,445,4,0,43.97823903,-94.61413846,27165.0,4083.692759475085,0.8988764044943821,441,445,4,0,441,445,10980,0,0,0,0,0
2020-09-03,US,Minnesota,Wilkin,51,3,0,46.35721532,-96.4684375,27167.0,821.6529724504593,5.882352941176472,48,51,3,0,48,51,6254,0,0,0,0,0
2020-09-03,US,Minnesota,Winona,535,17,0,43.98772283,-91.78081305,27169.0,1059.741700340702,3.177570093457944,518,507,17,0,490,481,50825,28,0,0,28,26
2020-09-03,US,Minnesota,Wright,1300,6,0,45.17297924,-93.96234781,27171.0,939.4624829270759,0.4615384615384616,1294,1277,6,0,1271,1262,136349,23,0,0,23,15
2020-09-03,US,Minnesota,Yellow Medicine,101,1,0,44.71710183,-95.86842453,27173.0,1040.271912658358,0.99009900990099,100,94,1,0,93,90,9795,7,0,0,7,4
2020-09-03,US,Mississippi,Adams,800,32,0,31.47669768,-91.35326037,28001.0,2606.457498452416,4.0,768,797,32,0,765,791,31192,3,0,0,3,6
2020-09-03,US,Mississippi,Alcorn,661,6,0,34.88084463,-88.57996173,28003.0,1788.7586934754959,0.907715582450832,655,654,6,0,648,641,36925,7,0,0,7,13
2020-09-03,US,Mississippi,Amite,282,7,0,31.17467303,-90.80501621,28005.0,2293.242254208344,2.482269503546099,275,279,7,0,272,278,12326,3,0,0,3,1
2020-09-03,US,Mississippi,Attala,594,25,0,33.08658803,-89.57838564,28007.0,3268.405414328161,4.2087542087542085,569,592,25,0,567,585,18365,2,0,0,2,7
2020-09-03,US,Mississippi,Benton,197,1,0,34.81681228,-89.18945516,28009.0,2385.276667877467,0.5076142131979695,196,196,1,0,195,194,8271,1,0,0,1,2
2020-09-03,US,Mississippi,Bolivar,1583,55,0,33.79696941,-90.87372121,28011.0,5168.473292412173,3.474415666456096,1528,1556,54,0,1502,1512,31333,27,1,0,26,44
2020-09-03,US,Mississippi,Calhoun,483,11,0,33.93683395,-89.33686647,28013.0,3363.2755379151868,2.2774327122153206,472,482,11,0,471,476,14436,1,0,0,1,6
2020-09-03,US,Mississippi,Carroll,296,12,0,33.44834567,-89.91994479,28015.0,2975.7715894239477,4.0540540540540535,284,294,12,0,282,292,9911,2,0,0,2,2
2020-09-03,US,Mississippi,Chickasaw,603,22,0,33.91983202,-88.9481545,28017.0,3525.697246097176,3.6484245439469314,581,600,22,0,578,598,17171,3,0,0,3,2
2020-09-03,US,Mississippi,Choctaw,159,4,0,33.34598242,-89.24809382,28019.0,1936.6626065773446,2.5157232704402515,155,158,4,0,154,158,8278,1,0,0,1,0
2020-09-03,US,Mississippi,Claiborne,442,16,0,31.97061673,-90.90702196,28021.0,4917.668001780151,3.619909502262444,426,441,16,0,425,440,9002,1,0,0,1,1
2020-09-03,US,Mississippi,Clarke,479,30,0,32.04158545,-88.68896219999998,28023.0,3082.1697445466825,6.263048016701461,449,477,30,0,447,468,15604,2,0,0,2,9
2020-09-03,US,Mississippi,Clay,484,16,0,33.65358105,-88.77784255,28025.0,2505.694760820045,3.3057851239669422,468,483,16,0,467,481,19386,1,0,0,1,2
2020-09-03,US,Mississippi,Coahoma,1022,20,0,34.22772299,-90.60415045,28027.0,4619.417826794432,1.9569471624266144,1002,1013,20,0,993,987,22628,9,0,0,9,26
2020-09-03,US,Mississippi,Copiah,1105,31,0,31.86977774,-90.44565118,28029.0,3937.288437555673,2.805429864253393,1074,1103,31,0,1072,1100,28543,2,0,0,2,3
2020-09-03,US,Mississippi,Covington,726,17,0,31.63225413,-89.55389939,28031.0,3895.685769478429,2.3415977961432506,709,725,17,0,708,719,18853,1,0,0,1,6
2020-09-03,US,Mississippi,DeSoto,4757,48,0,34.87625235,-89.99091418,28033.0,2572.1160344967425,1.0090393104898046,4709,4713,48,0,4665,4671,182001,44,0,0,44,42
2020-09-03,US,Mississippi,Forrest,2203,67,0,31.18961454,-89.25832496,28035.0,2941.3728186709745,3.041307308216069,2136,2165,66,0,2099,2140,75036,38,1,0,37,25
2020-09-03,US,Mississippi,Franklin,179,3,0,31.47786634,-90.89672989,28037.0,2320.757163230909,1.675977653631285,176,178,3,0,175,176,7788,1,0,0,1,2
2020-09-03,US,Mississippi,George,706,13,0,30.86259065,-88.64436789,28039.0,2881.632653061225,1.841359773371105,693,687,13,0,674,687,24250,19,0,0,19,0
2020-09-03,US,Mississippi,Greene,301,14,0,31.21444233,-88.63922281,28041.0,2215.5159723244515,4.651162790697675,287,300,14,0,286,298,13586,1,0,0,1,2
2020-09-03,US,Mississippi,Grenada,970,32,0,33.77036166,-89.80245083,28043.0,4672.897196261682,3.2989690721649483,938,966,32,0,934,952,21055,4,0,0,4,14
2020-09-03,US,Mississippi,Hancock,508,20,0,30.41830223,-89.48851033,28045.0,1066.5099093046692,3.9370078740157477,488,502,20,0,482,501,47334,6,0,0,6,1
2020-09-03,US,Mississippi,Harrison,3408,61,0,30.51359752,-89.12467576,28047.0,1637.8316032295272,1.789906103286385,3347,3375,58,0,3317,3336,206650,33,3,0,30,39
2020-09-03,US,Mississippi,Hinds,6587,141,0,32.2656285,-90.44435448,28049.0,2841.1835748792273,2.1405799301654773,6446,6564,140,0,6424,6547,237085,23,1,0,22,17
2020-09-03,US,Mississippi,Holmes,1052,54,0,33.12345854,-90.08923538,28051.0,6184.597295708407,5.133079847908745,998,1047,54,0,993,1045,17622,5,0,0,5,2
2020-09-03,US,Mississippi,Humphreys,344,15,0,33.12825718,-90.52252707,28053.0,4265.873015873016,4.3604651162790695,329,342,15,0,327,338,8257,2,0,0,2,4
2020-09-03,US,Mississippi,Issaquena,99,3,0,32.72531359,-90.97392828,28055.0,7460.43707611153,3.0303030303030303,96,99,3,0,96,98,1308,0,0,0,0,1
2020-09-03,US,Mississippi,Itawamba,604,17,0,34.27993475,-88.3606733,28057.0,2582.3001282599403,2.8145695364238406,587,592,17,0,575,581,23517,12,0,0,12,11
2020-09-03,US,Mississippi,Jackson,3095,60,0,30.54020656,-88.64184064,28059.0,2155.0373563018306,1.9386106623586432,3035,3073,60,0,3013,3052,143277,22,0,0,22,21
2020-09-03,US,Mississippi,Jasper,493,13,0,32.01922104,-89.11786866,28061.0,3009.2168711469208,2.636916835699797,480,486,13,0,473,484,16428,7,0,0,7,2
2020-09-03,US,Mississippi,Jefferson,222,9,0,31.73397872,-91.03764977,28063.0,3175.9656652360522,4.0540540540540535,213,222,9,0,213,221,7106,0,0,0,0,1
2020-09-03,US,Mississippi,Jefferson Davis,306,9,0,31.56884708,-89.82670990000004,28065.0,2749.820273184759,2.9411764705882355,297,307,9,0,298,305,11234,-1,0,0,-1,2
2020-09-03,US,Mississippi,Jones,2191,74,0,31.62257767,-89.16896899999998,28067.0,3217.421950718083,3.377453217708809,2117,2178,74,0,2104,2169,68461,13,0,0,13,9
2020-09-03,US,Mississippi,Kemper,276,15,0,32.75462946,-88.64105766,28069.0,2833.0938205707253,5.434782608695652,261,275,15,0,260,273,10027,1,0,0,1,2
2020-09-03,US,Mississippi,Lafayette,1590,38,0,34.35687874,-89.48490961,28071.0,2943.4088006071943,2.3899371069182394,1552,1527,38,0,1489,1470,54793,63,0,0,63,57
2020-09-03,US,Mississippi,Lamar,1482,31,0,31.20572971,-89.5077704,28073.0,2339.642896610517,2.091767881241565,1451,1447,31,0,1416,1440,62447,35,0,0,35,7
2020-09-03,US,Mississippi,Lauderdale,1826,109,0,32.40419769,-88.66229662,28075.0,2463.406408094435,5.969331872946332,1717,1817,108,0,1709,1782,75317,9,1,0,8,35
2020-09-03,US,Mississippi,Lawrence,412,11,0,31.55147224,-90.10841127,28077.0,3273.478468139202,2.66990291262136,401,406,11,0,395,404,12455,6,0,0,6,2
2020-09-03,US,Mississippi,Leake,900,31,0,32.7536828,-89.52402044,28079.0,3949.793732993944,3.4444444444444446,869,890,31,0,859,883,22763,10,0,0,10,7
2020-09-03,US,Mississippi,Lee,2271,61,0,34.291877500000005,-88.68149954,28081.0,2658.130062268833,2.686041391457508,2210,2240,60,0,2180,2211,85202,31,1,0,30,29
2020-09-03,US,Mississippi,Leflore,1255,75,0,33.55545125,-90.29900733,28083.0,4453.03906610368,5.9760956175298805,1180,1248,75,0,1173,1244,28919,7,0,0,7,4
2020-09-03,US,Mississippi,Lincoln,986,52,0,31.53288662,-90.45391915,28085.0,2887.008461921354,5.273833671399594,934,981,51,0,930,974,34205,5,1,0,4,7
2020-09-03,US,Mississippi,Lowndes,1304,55,0,33.47386518,-88.44191529999998,28087.0,2225.445857155047,4.217791411042945,1249,1297,55,0,1242,1294,58930,7,0,0,7,3
2020-09-03,US,Mississippi,Madison,3020,83,0,32.63389156,-90.03513564,28089.0,2841.7645287563987,2.7483443708609263,2937,3009,83,0,2926,2994,105630,11,0,0,11,15
2020-09-03,US,Mississippi,Marion,790,26,0,31.23132643,-89.8209217,28091.0,3214.91067431734,3.2911392405063293,764,787,26,0,761,783,24715,3,0,0,3,4
2020-09-03,US,Mississippi,Marshall,982,13,0,34.76216286,-89.50299462,28093.0,2782.342607808693,1.323828920570265,969,971,13,0,958,956,35451,11,0,0,11,15
2020-09-03,US,Mississippi,Monroe,1067,60,0,33.89236763,-88.4808438,28095.0,3026.778622489504,5.623242736644799,1007,1059,60,0,999,1046,35564,8,0,0,8,13
2020-09-03,US,Mississippi,Montgomery,411,18,0,33.49419589,-89.61729103,28097.0,4204.60358056266,4.37956204379562,393,411,18,0,393,412,10023,0,0,0,0,-1
2020-09-03,US,Mississippi,Neshoba,1444,101,0,32.75339664,-89.11726492,28099.0,4959.131808503332,6.9944598337950135,1343,1439,101,0,1338,1435,29125,5,0,0,5,4
2020-09-03,US,Mississippi,Newton,688,18,0,32.40021118,-89.11843336,28101.0,3273.3847178608808,2.6162790697674416,670,679,18,0,661,672,21443,9,0,0,9,7
2020-09-03,US,Mississippi,Noxubee,525,14,0,33.11009499,-88.56949061,28103.0,5039.838725160796,2.6666666666666665,511,523,14,0,509,520,10535,2,0,0,2,3
2020-09-03,US,Mississippi,Oktibbeha,1526,46,0,33.42491685,-88.87905132,28105.0,3077.419484945651,3.0144167758846656,1480,1497,46,0,1451,1459,49599,29,0,0,29,38
2020-09-03,US,Mississippi,Panola,1315,23,0,34.36398677,-89.95064249,28107.0,3845.928872250819,1.7490494296577948,1292,1307,23,0,1284,1295,34178,8,0,0,8,12
2020-09-03,US,Mississippi,Pearl River,771,48,0,30.77090935,-89.58677275,28109.0,1388.313676060142,6.225680933852139,723,758,48,0,710,752,55387,13,0,0,13,6
2020-09-03,US,Mississippi,Perry,333,9,0,31.17161885,-88.99281835,28111.0,2781.257830117765,2.702702702702702,324,321,9,0,312,294,11931,12,0,0,12,27
2020-09-03,US,Mississippi,Pike,1154,45,0,31.17507789,-90.40392572,28113.0,2937.2836489513343,3.89948006932409,1109,1145,45,0,1100,1137,39563,9,0,0,9,8
2020-09-03,US,Mississippi,Pontotoc,1098,13,0,34.226046000000004,-89.03636807,28115.0,3412.6934792068128,1.1839708561020037,1085,1085,13,0,1072,1071,31833,13,0,0,13,14
2020-09-03,US,Mississippi,Prentiss,652,15,0,34.61810501,-88.51986294,28117.0,2594.9215951603915,2.3006134969325154,637,644,15,0,629,639,25315,8,0,0,8,5
2020-09-03,US,Mississippi,Quitman,341,4,0,34.25157572,-90.28908,28119.0,5020.612485276796,1.1730205278592376,337,337,4,0,333,327,7051,4,0,0,4,10
2020-09-03,US,Mississippi,Rankin,2914,66,0,32.26469147,-89.94537876,28121.0,1876.7187691197967,2.264927934111187,2848,2882,65,0,2817,2857,153902,32,1,0,31,25
2020-09-03,US,Mississippi,Scott,1111,22,0,32.406704100000006,-89.53789439,28123.0,3950.36267956194,1.98019801980198,1089,1108,22,0,1086,1099,28287,3,0,0,3,9
2020-09-03,US,Mississippi,Sharkey,246,9,0,32.88149103,-90.81595379999999,28125.0,5693.1265910668835,3.6585365853658534,237,245,9,0,236,251,4377,1,0,0,1,-6
2020-09-03,US,Mississippi,Simpson,944,39,0,31.91282117,-89.91716179,28127.0,3541.1508740340614,4.13135593220339,905,942,39,0,903,938,26758,2,0,0,2,4
2020-09-03,US,Mississippi,Smith,484,13,0,32.01744532,-89.50644846,28129.0,3040.9650665996483,2.6859504132231407,471,479,13,0,466,474,16002,5,0,0,5,5
2020-09-03,US,Mississippi,Stone,325,10,0,30.79187949,-89.11547539,28131.0,1772.4694589877836,3.0769230769230766,315,323,10,0,313,321,18717,2,0,0,2,2
2020-09-03,US,Mississippi,Sunflower,1291,39,0,33.60192578,-90.58882684,28133.0,5141.3779370768625,3.0209140201394264,1252,1278,39,0,1239,1266,25735,13,0,0,13,12
2020-09-03,US,Mississippi,Tallahatchie,653,13,0,33.95339918,-90.1729398,28135.0,4728.800057933232,1.9908116385911176,640,647,13,0,634,636,13987,6,0,0,6,11
2020-09-03,US,Mississippi,Tate,870,35,0,34.65133709,-89.94485778,28137.0,3071.925426362064,4.022988505747127,835,864,35,0,829,859,28759,6,0,0,6,5
2020-09-03,US,Mississippi,Tippah,560,15,0,34.76872156,-88.90988194,28139.0,2543.7201907790145,2.6785714285714284,545,555,15,0,540,551,21995,5,0,0,5,4
2020-09-03,US,Mississippi,Tishomingo,573,30,0,34.74023475,-88.23917219,28141.0,2956.198730846618,5.235602094240837,543,566,30,0,536,561,19454,7,0,0,7,5
2020-09-03,US,Mississippi,Tunica,454,12,0,34.64967704,-90.37481167,28143.0,4713.45514950166,2.643171806167401,442,451,12,0,439,451,9944,3,0,0,3,0
2020-09-03,US,Mississippi,Union,899,23,0,34.49162015,-89.00776006,28145.0,3119.9028283879925,2.5583982202447157,876,894,23,0,871,887,28606,5,0,0,5,7
2020-09-03,US,Mississippi,Walthall,572,24,0,31.14971548,-90.10446654,28147.0,4003.919921601568,4.195804195804196,548,569,24,0,545,564,14465,3,0,0,3,5
2020-09-03,US,Mississippi,Warren,1328,46,0,32.35810271,-90.83352619,28149.0,2926.3348097221306,3.463855421686747,1282,1317,46,0,1271,1314,46176,11,0,0,11,3
2020-09-03,US,Mississippi,Washington,2038,64,0,33.28392041,-90.94196237,28151.0,4641.417477054818,3.1403336604514234,1974,2018,64,0,1954,2007,45063,20,0,0,20,11
2020-09-03,US,Mississippi,Wayne,851,21,0,31.64135687,-88.69573913,28153.0,4216.41975920329,2.4676850763807288,830,850,21,0,829,849,20298,1,0,0,1,1
2020-09-03,US,Mississippi,Webster,310,13,0,33.61300486,-89.28392912,28155.0,3199.5045928372388,4.193548387096774,297,307,13,0,294,306,9788,3,0,0,3,1
2020-09-03,US,Mississippi,Wilkinson,284,17,0,31.16078225,-91.31018819,28157.0,3290.845886442642,5.985915492957746,267,281,17,0,264,277,8792,3,0,0,3,4
2020-09-03,US,Mississippi,Winston,704,19,0,33.08747908,-89.03391385,28159.0,3920.913394597605,2.698863636363636,685,701,19,0,682,696,18165,3,0,0,3,5
2020-09-03,US,Mississippi,Yalobusha,382,13,0,34.02824175,-89.70762049999998,28161.0,3154.9388833828875,3.4031413612565444,369,381,13,0,368,374,12392,1,0,0,1,7
2020-09-03,US,Mississippi,Yazoo,963,21,0,32.77890365,-90.39656148,28163.0,3243.516335466487,2.1806853582554515,942,961,21,0,940,958,28248,2,0,0,2,3
2020-09-03,US,Missouri,Adair,248,0,0,40.19058551,-92.60078167,29001.0,978.5739651974903,0.0,248,242,0,0,242,231,25339,6,0,0,6,11
2020-09-03,US,Missouri,Andrew,136,1,0,39.98492163,-94.80163024,29003.0,767.8410117434507,0.7352941176470589,135,131,1,0,130,125,17607,5,0,0,5,6
2020-09-03,US,Missouri,Atchison,33,0,0,40.43238737,-95.42970639,29005.0,641.6488430876921,0.0,33,33,0,0,33,29,5171,0,0,0,0,4
2020-09-03,US,Missouri,Audrain,308,1,0,39.215877,-91.84242683,29007.0,1213.1715771230502,0.3246753246753247,307,273,1,0,272,268,25473,35,0,0,35,5
2020-09-03,US,Missouri,Barry,362,5,0,36.70978521,-93.82919888,29009.0,1011.4839755232056,1.3812154696132597,357,360,5,0,355,358,35886,2,0,0,2,2
2020-09-03,US,Missouri,Barton,110,0,0,37.50207671,-94.34757022,29011.0,935.8516249787308,0.0,110,108,0,0,108,105,11798,2,0,0,2,3
2020-09-03,US,Missouri,Bates,78,1,0,38.25271289,-94.34113157,29013.0,482.3151125401929,1.2820512820512822,77,77,1,0,76,77,16320,1,0,0,1,0
2020-09-03,US,Missouri,Benton,158,1,0,38.29503305,-93.28756116,29015.0,812.6317955048088,0.6329113924050633,157,156,1,0,155,155,19278,2,0,0,2,1
2020-09-03,US,Missouri,Bollinger,138,1,0,37.32449052,-90.02725304,29017.0,1137.3938844473748,0.7246376811594203,137,133,1,0,132,130,12169,5,0,0,5,3
2020-09-03,US,Missouri,Boone,2994,6,0,38.99186229,-92.30723575,29019.0,1659.065847292797,0.2004008016032064,2988,2817,6,0,2811,2714,180005,177,0,0,177,103
2020-09-03,US,Missouri,Buchanan,1336,11,0,39.65816401,-94.80138942,29021.0,1529.2340094318024,0.8233532934131736,1325,1322,10,0,1312,1302,88571,14,1,0,13,20
2020-09-03,US,Missouri,Butler,386,3,0,36.71462476,-90.40421163,29023.0,908.7056829417579,0.7772020725388601,383,383,3,0,380,379,42639,3,0,0,3,4
2020-09-03,US,Missouri,Caldwell,46,1,0,39.65620858,-93.98308093,29025.0,509.97782705099786,2.1739130434782608,45,44,1,0,43,42,9108,2,0,0,2,2
2020-09-03,US,Missouri,Callaway,362,2,0,38.83674754,-91.92186505,29027.0,809.0651051561138,0.5524861878453039,360,344,2,0,342,338,44889,18,0,0,18,6
2020-09-03,US,Missouri,Camden,563,8,0,38.02199522,-92.76083747,29029.0,1215.8514199330525,1.4209591474245116,555,556,8,0,548,536,45815,7,0,0,7,20
2020-09-03,US,Missouri,Cape Girardeau,1003,8,0,37.38489388,-89.6843587,29031.0,1271.696821391893,0.7976071784646062,995,989,8,0,981,975,78753,14,0,0,14,14
2020-09-03,US,Missouri,Carroll,114,0,0,39.42762566,-93.50626255,29033.0,1313.5153819564466,0.0,114,114,0,0,114,112,8743,0,0,0,0,2
2020-09-03,US,Missouri,Carter,39,1,0,36.94160441,-90.96051322,29035.0,651.9558676028082,2.5641025641025643,38,37,1,0,36,37,6054,2,0,0,2,0
2020-09-03,US,Missouri,Cass,1108,11,0,38.64789422,-94.353399,29037.0,1047.4569861977686,0.9927797833935018,1097,1092,11,0,1081,1080,104954,16,0,0,16,12
2020-09-03,US,Missouri,Cedar,55,0,0,37.72391475,-93.85445441,29039.0,383.3019722628754,0.0,55,54,0,0,54,51,14165,1,0,0,1,3
2020-09-03,US,Missouri,Chariton,31,0,0,39.51499357,-92.9629191,29041.0,417.4521949905737,0.0,31,30,0,0,30,29,7451,1,0,0,1,1
2020-09-03,US,Missouri,Christian,741,1,0,36.9711783,-93.18537118,29043.0,836.3903154805575,0.1349527665317139,740,719,1,0,718,693,86983,22,0,0,22,26
2020-09-03,US,Missouri,Clark,48,0,0,40.41040752,-91.73661677,29045.0,706.1939090775342,0.0,48,48,0,0,48,44,6842,0,0,0,0,4
2020-09-03,US,Missouri,Clay,1443,31,0,39.31132056,-94.41850862,29047.0,577.3200825771761,2.1483021483021485,1412,1412,31,0,1381,1403,246365,31,0,0,31,9
2020-09-03,US,Missouri,Clinton,142,0,0,39.6013098,-94.40465394,29049.0,696.5222936184822,0.0,142,135,0,0,135,129,20470,7,0,0,7,6
2020-09-03,US,Missouri,Cole,916,4,0,38.50455671,-92.27860244,29051.0,1193.5630985731966,0.4366812227074236,912,881,4,0,877,863,76796,35,0,0,35,18
2020-09-03,US,Missouri,Cooper,252,1,0,38.844478,-92.80896081,29053.0,1423.0052515669995,0.3968253968253968,251,244,1,0,243,239,17603,8,0,0,8,5
2020-09-03,US,Missouri,Crawford,209,1,0,37.97663738,-91.30528104,29055.0,873.7458193979933,0.4784688995215311,208,198,1,0,197,193,23957,11,0,0,11,5
2020-09-03,US,Missouri,Dade,32,0,0,37.431814,-93.8503345,29057.0,423.22444121147987,0.0,32,30,0,0,30,30,7569,2,0,0,2,0
2020-09-03,US,Missouri,Dallas,114,1,0,37.681135499999996,-93.02127031,29059.0,675.43547813722,0.8771929824561403,113,108,1,0,107,108,16762,6,0,0,6,0
2020-09-03,US,Missouri,Daviess,33,0,0,39.96145298,-93.98519678,29061.0,398.6470161874849,0.0,33,30,0,0,30,26,8313,3,0,0,3,4
2020-09-03,US,Missouri,DeKalb,73,1,0,39.89201062,-94.40476508,29063.0,581.8123854307803,1.3698630136986298,72,71,1,0,70,67,12630,2,0,0,2,4
2020-09-03,US,Missouri,Dent,44,0,0,37.60663134,-91.50790473,29065.0,282.5402940987607,0.0,44,43,0,0,43,39,15441,1,0,0,1,4
2020-09-03,US,Missouri,Douglas,119,2,0,36.9325593,-92.49905109,29067.0,902.5407660219947,1.680672268907563,117,114,2,0,112,112,13373,5,0,0,5,2
2020-09-03,US,Missouri,Dunklin,544,4,0,36.27167174,-90.09122243,29069.0,1867.4264529195707,0.7352941176470589,540,532,4,0,528,517,29423,12,0,0,12,15
2020-09-03,US,Missouri,Franklin,1092,22,0,38.41127108,-91.07522826,29071.0,1050.3332788288592,2.0146520146520146,1070,1055,22,0,1033,1040,103670,37,0,0,37,15
2020-09-03,US,Missouri,Gasconade,98,3,0,38.43947277,-91.50847147,29073.0,666.3946688426493,3.0612244897959178,95,99,3,0,96,93,14705,-1,0,0,-1,6
2020-09-03,US,Missouri,Gentry,100,9,0,40.21097916,-94.40944419,29075.0,1521.838380763963,9.0,91,100,9,0,91,94,6628,0,0,0,0,6
2020-09-03,US,Missouri,Greene,3471,10,0,37.2575872,-93.34230916,29077.0,1184.2940297387115,0.2881014116969173,3461,3372,10,0,3362,3248,291923,99,0,0,99,124
2020-09-03,US,Missouri,Grundy,66,1,0,40.11406587,-93.56509276,29079.0,670.0507614213197,1.5151515151515151,65,58,1,0,57,52,9914,8,0,0,8,6
2020-09-03,US,Missouri,Harrison,78,1,0,40.35570088,-93.99222144,29081.0,933.9080459770115,1.2820512820512822,77,78,1,0,77,73,8414,0,0,0,0,5
2020-09-03,US,Missouri,Henry,120,3,0,38.38482826,-93.79293734,29083.0,549.8533724340176,2.5,117,118,3,0,115,116,21792,2,0,0,2,2
2020-09-03,US,Missouri,Hickory,66,0,0,37.94163617,-93.3203037,29085.0,691.5339480301759,0.0,66,64,0,0,64,64,9509,2,0,0,2,0
2020-09-03,US,Missouri,Holt,67,0,0,40.09799248,-95.21638879999999,29087.0,1521.6897569838745,0.0,67,67,0,0,67,64,4404,0,0,0,0,3
2020-09-03,US,Missouri,Howard,130,0,0,39.1435761,-92.69756691,29089.0,1299.8700129986998,0.0,130,128,0,0,128,125,10137,2,0,0,2,3
2020-09-03,US,Missouri,Howell,291,3,0,36.77383887,-91.88683935,29091.0,725.3782685644492,1.0309278350515465,288,285,3,0,282,274,40076,6,0,0,6,11
2020-09-03,US,Missouri,Iron,42,0,0,37.55487945,-90.7735296,29093.0,414.8148148148149,0.0,42,51,0,0,51,50,10177,-9,0,0,-9,1
2020-09-03,US,Missouri,Jackson,5773,81,0,39.01002188,-94.34724536,29095.0,821.1820298686647,1.4030833188983198,5692,5707,78,0,5629,5606,700307,66,3,0,63,101
2020-09-03,US,Missouri,Jasper,2494,35,0,37.20351921,-94.34050458,29097.0,2055.5848608730053,1.4033680834001605,2459,2440,35,0,2405,2375,120636,54,0,0,54,65
2020-09-03,US,Missouri,Jefferson,2849,40,0,38.25926778,-90.53870896,29099.0,1265.7665462655666,1.404001404001404,2809,2819,40,0,2779,2770,224347,30,0,0,30,49
2020-09-03,US,Missouri,Johnson,609,3,0,38.74719601,-93.80691168,29101.0,1126.4844067922015,0.4926108374384237,606,599,3,0,596,597,53652,10,0,0,10,2
2020-09-03,US,Missouri,Kansas City,9520,72,0,39.0997,-94.5786,0.0,1947.057223439133,0.7563025210084033,9448,9424,72,0,9352,9316,491918,96,0,0,96,108
2020-09-03,US,Missouri,Knox,39,0,0,40.12699751,-92.14780832,29103.0,985.0972467794898,0.0,39,39,0,0,39,38,3947,0,0,0,0,1
2020-09-03,US,Missouri,Laclede,311,1,0,37.65896829,-92.5888493,29105.0,870.587576631302,0.3215434083601286,310,307,1,0,306,301,35713,4,0,0,4,6
2020-09-03,US,Missouri,Lafayette,257,2,0,39.06986886,-93.78076396,29107.0,785.7404916228447,0.7782101167315175,255,250,2,0,248,245,32598,7,0,0,7,5
2020-09-03,US,Missouri,Lawrence,370,2,0,37.10626634,-93.83293097,29109.0,964.6721418328772,0.5405405405405406,368,363,2,0,361,356,38359,7,0,0,7,7
2020-09-03,US,Missouri,Lewis,60,2,0,40.09673161,-91.72070156,29111.0,613.747954173486,3.333333333333333,58,60,2,0,58,60,9855,0,0,0,0,0
2020-09-03,US,Missouri,Lincoln,598,1,0,39.05345619,-90.95588181,29113.0,1013.3360446003425,0.16722408026755853,597,586,1,0,585,574,57686,12,0,0,12,12
2020-09-03,US,Missouri,Linn,44,1,0,39.87001769,-93.10704106,29115.0,369.1275167785235,2.272727272727273,43,49,1,0,48,49,12037,-5,0,0,-5,0
2020-09-03,US,Missouri,Livingston,77,1,0,39.78110272,-93.54645978,29117.0,505.6806987587837,1.2987012987012987,76,76,1,0,75,74,15146,1,0,0,1,2
2020-09-03,US,Missouri,Macon,81,0,0,39.83049768,-92.56453089,29121.0,535.820599325263,0.0,81,82,0,0,82,80,15153,-1,0,0,-1,2
2020-09-03,US,Missouri,Madison,176,0,0,37.47865134,-90.34671429999999,29123.0,1455.989410986102,0.0,176,170,0,0,170,147,12188,6,0,0,6,23
2020-09-03,US,Missouri,Maries,47,0,0,38.16193985,-91.92249662,29125.0,540.4162354835,0.0,47,46,0,0,46,46,8769,1,0,0,1,0
2020-09-03,US,Missouri,Marion,497,3,0,39.80601912,-91.62203062,29127.0,1742.025937609534,0.6036217303822937,494,489,3,0,486,483,28592,8,0,0,8,6
2020-09-03,US,Missouri,McDonald,993,10,0,36.62869595,-94.34867205,29119.0,4348.206857292989,1.0070493454179257,983,994,10,0,984,992,23078,-1,0,0,-1,2
2020-09-03,US,Missouri,Mercer,22,0,0,40.42212303,-93.56829590000001,29129.0,608.2388719933647,0.0,22,20,0,0,20,20,3641,2,0,0,2,0
2020-09-03,US,Missouri,Miller,274,1,0,38.21450288,-92.42610898,29131.0,1069.51871657754,0.36496350364963503,273,265,1,0,264,252,25336,9,0,0,9,13
2020-09-03,US,Missouri,Mississippi,239,0,0,36.82516239,-89.29505753,29133.0,1813.3535660091047,0.0,239,237,0,0,237,236,13336,2,0,0,2,1
2020-09-03,US,Missouri,Moniteau,196,4,0,38.63571781,-92.57976951,29135.0,1214.9764443342426,2.0408163265306123,192,195,3,0,192,191,16121,1,1,0,0,4
2020-09-03,US,Missouri,Monroe,72,0,0,39.49593978,-92.00043978,29137.0,832.9477093937993,0.0,72,72,0,0,72,70,8664,0,0,0,0,2
2020-09-03,US,Missouri,Montgomery,57,1,0,38.94022054,-91.47000721,29139.0,493.4637693706173,1.7543859649122806,56,55,1,0,54,56,11534,2,0,0,2,-1
2020-09-03,US,Missouri,Morgan,132,0,0,38.4181765,-92.88791859,29141.0,639.937945411354,0.0,132,128,0,0,128,121,20358,4,0,0,4,7
2020-09-03,US,Missouri,New Madrid,425,5,0,36.59666326,-89.66070007,29143.0,2488.873272429141,1.1764705882352942,420,421,5,0,416,413,17296,4,0,0,4,8
2020-09-03,US,Missouri,Newton,1117,13,0,36.90519407,-94.3394104,29145.0,1918.057558898276,1.1638316920322291,1104,1104,13,0,1091,1094,58266,13,0,0,13,10
2020-09-03,US,Missouri,Nodaway,590,6,0,40.36079813,-94.88133008,29147.0,2670.6500090530512,1.0169491525423728,584,567,6,0,561,553,22304,23,0,0,23,14
2020-09-03,US,Missouri,Oregon,57,0,0,36.68710164,-91.4033755,29149.0,541.361952702061,0.0,57,52,0,0,52,49,10541,5,0,0,5,3
2020-09-03,US,Missouri,Osage,87,1,0,38.46036182,-91.8613635,29151.0,639.0011017260374,1.1494252873563218,86,85,1,0,84,82,13714,2,0,0,2,3
2020-09-03,US,Missouri,Ozark,35,0,0,36.64916339,-92.44459066,29153.0,381.512971441029,0.0,35,27,0,0,27,26,9017,8,0,0,8,1
2020-09-03,US,Missouri,Pemiscot,355,9,0,36.2130572,-89.78742322,29155.0,2246.1246440999685,2.5352112676056344,346,346,9,0,337,340,16272,9,0,0,9,6
2020-09-03,US,Missouri,Perry,422,4,0,37.70660776,-89.82741088,29157.0,2205.2675585284287,0.9478672985781992,418,412,4,0,408,395,19150,10,0,0,10,17
2020-09-03,US,Missouri,Pettis,822,8,0,38.72798918,-93.28471706,29159.0,1941.4724013321047,0.97323600973236,814,816,8,0,808,802,42542,6,0,0,6,14
2020-09-03,US,Missouri,Phelps,240,0,0,37.87736118,-91.79351727,29161.0,538.442554909923,0.0,240,224,0,0,224,212,44732,16,0,0,16,12
2020-09-03,US,Missouri,Pike,146,2,0,39.34310674,-91.16980779,29163.0,797.7270243689212,1.3698630136986298,144,148,2,0,146,145,18504,-2,0,0,-2,3
2020-09-03,US,Missouri,Platte,508,10,0,39.38154439,-94.77068479,29165.0,486.5061579421173,1.9685039370078738,498,495,10,0,485,492,102985,13,0,0,13,3
2020-09-03,US,Missouri,Polk,315,0,0,37.616229600000004,-93.39828174,29167.0,979.8127468972597,0.0,315,309,0,0,309,292,32201,6,0,0,6,17
2020-09-03,US,Missouri,Pulaski,402,2,0,37.82462075,-92.20783203,29169.0,764.1568612542058,0.4975124378109453,400,400,2,0,398,389,52014,2,0,0,2,11
2020-09-03,US,Missouri,Putnam,27,1,0,40.47942497,-93.02042674,29171.0,574.9574105621806,3.703703703703704,26,26,1,0,25,24,4757,1,0,0,1,2
2020-09-03,US,Missouri,Ralls,116,0,0,39.52817427,-91.51838643,29173.0,1125.2303812202929,0.0,116,115,0,0,115,115,10212,1,0,0,1,0
2020-09-03,US,Missouri,Randolph,132,1,0,39.44007257,-92.49713740000001,29175.0,533.3764344593502,0.7575757575757576,131,130,1,0,129,128,24763,2,0,0,2,2
2020-09-03,US,Missouri,Ray,128,0,0,39.353746799999996,-93.98905745,29177.0,556.0865409679382,0.0,128,125,0,0,125,124,22883,3,0,0,3,1
2020-09-03,US,Missouri,Reynolds,23,0,0,37.36085952,-90.97009925,29179.0,366.8261562998405,0.0,23,23,0,0,23,22,6254,0,0,0,0,1
2020-09-03,US,Missouri,Ripley,93,0,0,36.65460667,-90.85990261,29181.0,699.8795906080675,0.0,93,92,0,0,92,91,13401,1,0,0,1,1
2020-09-03,US,Missouri,Saline,557,7,0,39.13734288,-93.20259964,29195.0,2447.168402091297,1.2567324955116697,550,551,7,0,544,547,22895,6,0,0,6,4
2020-09-03,US,Missouri,Schuyler,19,0,0,40.46921489,-92.52311943,29197.0,407.725321888412,0.0,19,18,0,0,18,18,4599,1,0,0,1,0
2020-09-03,US,Missouri,Scotland,20,1,0,40.45214695,-92.14709064,29199.0,407.9967360261118,5.0,19,20,1,0,19,18,4966,0,0,0,0,2
2020-09-03,US,Missouri,Scott,655,14,0,37.05588075,-89.56474493,29201.0,1711.0762800417972,2.137404580152672,641,652,14,0,638,632,38458,3,0,0,3,20
2020-09-03,US,Missouri,Shannon,54,1,0,37.15772072,-91.40190382,29203.0,661.2784717119765,1.851851851851852,53,54,1,0,53,53,8189,0,0,0,0,1
2020-09-03,US,Missouri,Shelby,47,0,0,39.79742518,-92.07634971,29205.0,792.5801011804384,0.0,47,46,0,0,46,46,6050,1,0,0,1,0
2020-09-03,US,Missouri,St. Charles,5939,105,0,38.77875681,-90.66662425,29183.0,1477.2823377825089,1.7679744064657352,5834,5861,105,0,5756,5801,399182,78,0,0,78,60
2020-09-03,US,Missouri,St. Clair,27,0,0,38.03699437,-93.77631447,29185.0,287.3257422581675,0.0,27,27,0,0,27,27,9395,0,0,0,0,0
2020-09-03,US,Missouri,St. Francois,1134,5,0,37.81214171,-90.47598685,29187.0,1687.1234099531355,0.4409171075837742,1129,1113,5,0,1108,1099,66692,21,0,0,21,14
2020-09-03,US,Missouri,St. Louis,20039,755,0,38.63770039999999,-90.4458375,29189.0,2015.5802877676133,3.767653076500824,19284,19852,752,0,19100,19665,996945,187,3,0,184,187
2020-09-03,US,Missouri,St. Louis City,6304,188,0,38.63555736,-90.24349225,29510.0,2097.306504844033,2.982233502538071,6116,6271,188,0,6083,6216,302838,33,0,0,33,55
2020-09-03,US,Missouri,Ste. Genevieve,118,1,0,37.89090059,-90.1949941,29186.0,659.4389180730973,0.8474576271186439,117,113,1,0,112,112,17888,5,0,0,5,1
2020-09-03,US,Missouri,Stoddard,303,9,0,36.85571651,-89.9444155,29207.0,1043.9276485788114,2.9702970297029703,294,301,9,0,292,296,29206,2,0,0,2,5
2020-09-03,US,Missouri,Stone,294,2,0,36.75000327,-93.45256475,29209.0,920.1301952929393,0.6802721088435374,292,286,2,0,284,281,31749,8,0,0,8,5
2020-09-03,US,Missouri,Sullivan,176,0,0,40.2099105,-93.11150106,29211.0,2890.458203317458,0.0,176,174,0,0,174,174,6221,2,0,0,2,0
2020-09-03,US,Missouri,Taney,933,14,0,36.65465345,-93.04075153,29213.0,1668.2162780718065,1.5005359056806002,919,929,14,0,915,914,55852,4,0,0,4,15
2020-09-03,US,Missouri,Texas,113,1,0,37.31728859,-91.96564727,29215.0,444.9169225923301,0.8849557522123894,112,107,1,0,106,101,25571,6,0,0,6,6
2020-09-03,US,Missouri,Vernon,93,0,0,37.8457799,-94.34127305,29217.0,452.26863784467247,0.0,93,88,0,0,88,83,20528,5,0,0,5,5
2020-09-03,US,Missouri,Warren,340,0,0,38.76529479,-91.16124662,29219.0,953.7434430138292,0.0,340,337,0,0,337,330,34711,3,0,0,3,7
2020-09-03,US,Missouri,Washington,251,1,0,37.96130078,-90.87948158,29221.0,1014.9615851192883,0.398406374501992,250,246,1,0,245,239,24943,5,0,0,5,7
2020-09-03,US,Missouri,Wayne,92,0,0,37.11303869,-90.46001416,29223.0,714.6741241357881,0.0,92,89,0,0,89,87,13122,3,0,0,3,2
2020-09-03,US,Missouri,Webster,257,1,0,37.2813734,-92.876329,29225.0,649.1210345524348,0.3891050583657588,256,253,1,0,252,224,39109,4,0,0,4,29
2020-09-03,US,Missouri,Worth,13,0,0,40.47945588,-94.42328751,29227.0,645.8022851465474,0.0,13,13,0,0,13,12,2040,0,0,0,0,1
2020-09-03,US,Missouri,Wright,95,0,0,37.27029221,-92.46914488,29229.0,519.437913499918,0.0,95,91,0,0,91,91,18378,4,0,0,4,0
2020-09-03,US,Montana,Beaverhead,71,1,0,45.13434354,-112.89846940000001,30001.0,751.0843118586693,1.4084507042253518,70,71,1,0,70,70,9404,0,0,0,0,1
2020-09-03,US,Montana,Big Horn,692,16,0,45.42335905,-107.492347,30003.0,5195.585254148209,2.3121387283237,676,682,16,0,666,669,13338,10,0,0,10,13
2020-09-03,US,Montana,Blaine,15,0,0,48.43175214,-108.9582723,30005.0,224.51728783116297,0.0,15,15,0,0,15,15,6807,0,0,0,0,0
2020-09-03,US,Montana,Broadwater,16,0,0,46.33277565,-111.49558130000001,30007.0,256.5335898669232,0.0,16,16,0,0,16,16,6085,0,0,0,0,0
2020-09-03,US,Montana,Carbon,91,0,0,45.22850116,-109.0274047,30009.0,848.4848484848485,0.0,91,89,0,0,89,87,10714,2,0,0,2,2
2020-09-03,US,Montana,Cascade,355,5,0,47.30797024,-111.3467922,30013.0,436.3001745200698,1.4084507042253518,350,299,5,0,294,293,81643,56,0,0,56,6
2020-09-03,US,Montana,Chouteau,11,0,0,47.88084126,-110.4353362,30015.0,195.20851818988464,0.0,11,11,0,0,11,11,5745,0,0,0,0,0
2020-09-03,US,Montana,Custer,66,2,0,46.25319932,-105.57375259999998,30017.0,578.8458165234169,3.0303030303030303,64,66,2,0,64,66,11586,0,0,0,0,0
2020-09-03,US,Montana,Daniels,3,0,0,48.78420029,-105.54763429999998,30019.0,177.5147928994083,0.0,3,3,0,0,3,3,1747,0,0,0,0,0
2020-09-03,US,Montana,Dawson,48,0,0,47.26584855,-104.89444170000002,30021.0,557.2971090212469,0.0,48,47,0,0,47,47,8680,1,0,0,1,0
2020-09-03,US,Montana,Deer Lodge,35,0,0,46.05953325,-113.073353,30023.0,382.9321663019694,0.0,35,33,0,0,33,33,9131,2,0,0,2,0
2020-09-03,US,Montana,Fallon,2,0,0,46.33478338,-104.41835649999999,30025.0,70.27406886858749,0.0,2,2,0,0,2,2,2920,0,0,0,0,0
2020-09-03,US,Montana,Fergus,33,0,0,47.26331584,-109.2245206,30027.0,298.6425339366516,0.0,33,32,0,0,32,32,11113,1,0,0,1,0
2020-09-03,US,Montana,Flathead,651,7,0,48.29575866,-114.05205690000001,30029.0,627.1313796890353,1.075268817204301,644,626,7,0,619,611,102106,25,0,0,25,15
2020-09-03,US,Montana,Gallatin,1088,3,0,45.54486106,-111.1692571,30031.0,950.766380621144,0.2757352941176471,1085,1086,3,0,1083,1078,111876,2,0,0,2,8
2020-09-03,US,Montana,Garfield,14,0,0,47.27545948,-107.0002351,30033.0,1112.8775834658188,0.0,14,14,0,0,14,13,1268,0,0,0,0,1
2020-09-03,US,Montana,Glacier,140,1,0,48.70513576,-112.9934235,30035.0,1017.9597178797353,0.7142857142857143,139,138,1,0,137,135,13747,2,0,0,2,3
2020-09-03,US,Montana,Golden Valley,3,0,0,46.3816474,-109.17685220000001,30037.0,365.4080389768576,0.0,3,3,0,0,3,3,826,0,0,0,0,0
2020-09-03,US,Montana,Granite,20,0,0,46.40605220000001,-113.4414186,30039.0,591.8910920390647,0.0,20,20,0,0,20,20,3378,0,0,0,0,0
2020-09-03,US,Montana,Hill,93,2,0,48.62879827,-110.1129252,30041.0,564.1834506187819,2.150537634408602,91,91,2,0,89,88,16347,2,0,0,2,3
2020-09-03,US,Montana,Jefferson,39,0,0,46.14907081,-112.094396,30043.0,319.1228213730464,0.0,39,39,0,0,39,39,12097,0,0,0,0,0
2020-09-03,US,Montana,Judith Basin,6,0,0,47.04581276,-110.26606880000001,30045.0,298.95366218236165,0.0,6,6,0,0,6,6,1952,0,0,0,0,0
2020-09-03,US,Montana,Lake,209,1,0,47.64514965,-114.0898013,30047.0,686.1908201457745,0.4784688995215311,208,204,1,0,203,203,30250,5,0,0,5,1
2020-09-03,US,Montana,Lewis and Clark,199,3,0,47.12610041,-112.39469799999999,30049.0,286.61136075584744,1.5075376884422111,196,199,3,0,196,197,68700,0,0,0,0,2
2020-09-03,US,Montana,Liberty,7,0,0,48.56084317,-111.02430700000001,30051.0,299.5293110825845,0.0,7,7,0,0,7,6,2430,0,0,0,0,1
2020-09-03,US,Montana,Lincoln,91,2,0,48.54265777,-115.4046155,30053.0,455.4554554554555,2.1978021978021984,89,89,2,0,87,89,19794,2,0,0,2,0
2020-09-03,US,Montana,Madison,94,1,0,45.30080065,-111.9173017,30057.0,1093.0232558139535,1.0638297872340423,93,93,1,0,92,93,8768,1,0,0,1,0
2020-09-03,US,Montana,McCone,14,0,0,47.64469406,-105.79449939999999,30055.0,841.3461538461537,0.0,14,14,0,0,14,14,1675,0,0,0,0,0
2020-09-03,US,Montana,Meagher,4,0,0,46.59907074,-110.8898557,30059.0,214.8227712137487,0.0,4,4,0,0,4,4,1866,0,0,0,0,0
2020-09-03,US,Montana,Mineral,2,0,0,47.15283992,-115.00152390000001,30061.0,45.48555833522857,0.0,2,2,0,0,2,2,4316,0,0,0,0,0
2020-09-03,US,Montana,Missoula,436,3,0,47.03728583,-113.92135079999998,30063.0,364.5484949832776,0.6880733944954128,433,436,3,0,433,436,118791,0,0,0,0,0
2020-09-03,US,Montana,Musselshell,15,0,0,46.49684637,-108.39498,30065.0,323.7642995898985,0.0,15,15,0,0,15,13,4651,0,0,0,0,2
2020-09-03,US,Montana,Park,65,0,0,45.48965095,-110.52643940000002,30067.0,391.4247862218475,0.0,65,65,0,0,65,64,16736,0,0,0,0,1
2020-09-03,US,Montana,Phillips,114,0,0,48.25936577,-107.9128511,30071.0,2883.156297420334,0.0,114,114,0,0,114,112,4074,0,0,0,0,2
2020-09-03,US,Montana,Pondera,16,0,0,48.22773388,-112.22527029999999,30073.0,270.68177973270167,0.0,16,16,0,0,16,16,5972,0,0,0,0,0
2020-09-03,US,Montana,Powder River,2,0,0,45.39617714,-105.636738,30075.0,118.90606420927469,0.0,2,2,0,0,2,2,1716,0,0,0,0,0
2020-09-03,US,Montana,Powell,10,0,0,46.85538891,-112.93591640000001,30077.0,145.1378809869376,0.0,10,10,0,0,10,10,6968,0,0,0,0,0
2020-09-03,US,Montana,Prairie,1,0,0,46.86048047,-105.379384,30079.0,92.85051067780873,0.0,1,1,0,0,1,1,1087,0,0,0,0,0
2020-09-03,US,Montana,Ravalli,112,2,0,46.08520862,-114.11891640000002,30081.0,255.6727388942154,1.7857142857142858,110,110,2,0,108,110,43172,2,0,0,2,0
2020-09-03,US,Montana,Richland,60,2,0,47.78668011,-104.5610786,30083.0,555.401277422938,3.333333333333333,58,60,2,0,58,58,10913,0,0,0,0,2
2020-09-03,US,Montana,Roosevelt,48,1,0,48.29607488,-105.00792679999999,30085.0,436.2050163576881,2.083333333333333,47,44,1,0,43,43,11059,4,0,0,4,1
2020-09-03,US,Montana,Rosebud,313,5,0,46.23397237,-106.72928799999998,30087.0,3502.2938346201186,1.597444089456869,308,297,5,0,292,266,9063,16,0,0,16,31
2020-09-03,US,Montana,Sanders,40,0,0,47.67657534,-115.1329916,30089.0,330.2237265747544,0.0,40,39,0,0,39,37,11844,1,0,0,1,2
2020-09-03,US,Montana,Sheridan,5,0,0,48.72085833,-104.50382900000001,30091.0,151.1030522816561,0.0,5,5,0,0,5,5,3424,0,0,0,0,0
2020-09-03,US,Montana,Silver Bow,120,0,0,45.90018933,-112.6620092,30093.0,343.6918229987112,0.0,120,115,0,0,115,115,34993,5,0,0,5,0
2020-09-03,US,Montana,Stillwater,40,2,0,45.67071407,-109.3950061,30095.0,414.8516905206389,5.0,38,38,2,0,36,38,9534,2,0,0,2,0
2020-09-03,US,Montana,Sweet Grass,29,1,0,45.81367654,-109.9425686,30097.0,776.023548300776,3.4482758620689653,28,28,1,0,27,19,3710,1,0,0,1,9
2020-09-03,US,Montana,Teton,18,0,0,47.83741052,-112.24106880000001,30099.0,292.8257686676428,0.0,18,18,0,0,18,18,6162,0,0,0,0,0
2020-09-03,US,Montana,Toole,52,6,0,48.65577551,-111.69424140000001,30101.0,1097.972972972973,11.538461538461537,46,51,6,0,45,50,4853,1,0,0,1,1
2020-09-03,US,Montana,Treasure,3,0,0,46.20973220000001,-107.26665159999999,30103.0,431.0344827586207,0.0,3,3,0,0,3,3,679,0,0,0,0,0
2020-09-03,US,Montana,Valley,49,0,0,48.36435097,-106.6669635,30105.0,662.520281233099,0.0,49,46,0,0,46,46,7437,3,0,0,3,0
2020-09-03,US,Montana,Wheatland,3,0,0,46.46652491,-109.84646359999999,30107.0,141.11006585136406,0.0,3,3,0,0,3,3,2236,0,0,0,0,0
2020-09-03,US,Montana,Wibaux,8,0,0,46.95925154,-104.2510927,30109.0,825.5933952528377,0.0,8,8,0,0,8,5,1034,0,0,0,0,3
2020-09-03,US,Montana,Yellowstone,2200,45,0,45.93955949,-108.26914860000001,30111.0,1363.9181649101054,2.0454545454545454,2155,2166,43,0,2123,2094,160137,34,2,0,32,72
2020-09-03,US,Nebraska,Adams,428,11,0,40.52449420000001,-98.50117804,31001.0,1364.6653700220004,2.5700934579439254,417,419,11,0,408,416,31511,9,0,0,9,3
2020-09-03,US,Nebraska,Antelope,27,1,0,42.17695516,-98.06662829999999,31003.0,428.7075261987934,3.703703703703704,26,27,1,0,26,25,6336,0,0,0,0,2
2020-09-03,US,Nebraska,Arthur,1,0,0,41.56896142,-101.6959559,31005.0,215.98272138228938,0.0,1,1,0,0,1,1,465,0,0,0,0,0
2020-09-03,US,Nebraska,Banner,2,0,0,41.54634427,-103.7114332,31007.0,268.4563758389262,0.0,2,2,0,0,2,2,730,0,0,0,0,0
2020-09-03,US,Nebraska,Boone,29,0,0,41.70759415,-98.06737183,31011.0,558.5516178736518,0.0,29,28,0,0,28,26,5239,1,0,0,1,2
2020-09-03,US,Nebraska,Box Butte,31,0,0,42.22079243,-103.08788340000001,31013.0,287.48956691087824,0.0,31,29,0,0,29,28,10772,2,0,0,2,1
2020-09-03,US,Nebraska,Boyd,10,0,0,42.899727399999996,-98.76486568,31015.0,521.1047420531527,0.0,10,10,0,0,10,10,1955,0,0,0,0,0
2020-09-03,US,Nebraska,Brown,5,0,0,42.43018907,-99.92904055,31017.0,169.20473773265653,0.0,5,5,0,0,5,4,2973,0,0,0,0,1
2020-09-03,US,Nebraska,Buffalo,732,3,0,40.85486962,-99.07500296,31019.0,1474.0530417446994,0.4098360655737705,729,713,3,0,710,697,49615,19,0,0,19,16
2020-09-03,US,Nebraska,Burt,69,0,0,41.85056773,-96.32605633,31021.0,1068.276823037622,0.0,69,69,0,0,69,68,6488,0,0,0,0,1
2020-09-03,US,Nebraska,Butler,96,0,0,41.22703692,-97.13106306,31023.0,1197.6047904191614,0.0,96,94,0,0,94,94,8058,2,0,0,2,0
2020-09-03,US,Nebraska,Cass,268,2,0,40.90899107,-96.13971217,31025.0,1021.030173727522,0.746268656716418,266,263,2,0,261,259,26159,5,0,0,5,4
2020-09-03,US,Nebraska,Cedar,50,0,0,42.598885100000004,-97.25311951,31027.0,595.0964056177099,0.0,50,49,0,0,49,48,8446,1,0,0,1,1
2020-09-03,US,Nebraska,Chase,15,0,0,40.523719799999995,-101.69780259999999,31029.0,382.262996941896,0.0,15,13,0,0,13,13,3977,2,0,0,2,0
2020-09-03,US,Nebraska,Cherry,27,1,0,42.54502621,-101.1244332,31031.0,474.6001054666901,3.703703703703704,26,24,0,0,24,22,5761,3,1,0,2,2
2020-09-03,US,Nebraska,Cheyenne,29,0,0,41.21999357,-102.9941693,31033.0,325.47699214365883,0.0,29,29,0,0,29,29,9310,0,0,0,0,0
2020-09-03,US,Nebraska,Clay,61,0,0,40.52439441,-98.05126296,31035.0,983.3951313880381,0.0,61,59,0,0,59,58,6214,2,0,0,2,1
2020-09-03,US,Nebraska,Colfax,731,5,0,41.57486951,-97.0868542,31037.0,6826.034176860585,0.6839945280437757,726,730,5,0,725,729,10881,1,0,0,1,1
2020-09-03,US,Nebraska,Cuming,93,0,0,41.91637624,-96.78730772,31039.0,1051.3226316979426,0.0,93,87,0,0,87,83,8940,6,0,0,6,4
2020-09-03,US,Nebraska,Custer,77,4,0,41.39374521,-99.72805369,31041.0,714.4845504314743,5.194805194805196,73,76,4,0,72,74,10840,1,0,0,1,2
2020-09-03,US,Nebraska,Dakota,2033,43,0,42.39040144,-96.56656425,31043.0,10151.80265654649,2.115100836202656,1990,2021,42,0,1979,2013,20083,12,1,0,11,8
2020-09-03,US,Nebraska,Dawes,90,0,0,42.71985036,-103.1313774,31045.0,1047.8519035976249,0.0,90,88,0,0,88,85,8716,2,0,0,2,3
2020-09-03,US,Nebraska,Dawson,1016,11,0,40.87028216,-99.82014609999999,31047.0,4305.99703326976,1.0826771653543308,1005,1012,11,0,1001,1009,23709,4,0,0,4,3
2020-09-03,US,Nebraska,Deuel,3,0,0,41.11168186,-102.33333309999999,31049.0,167.22408026755855,0.0,3,3,0,0,3,3,1825,0,0,0,0,0
2020-09-03,US,Nebraska,Dixon,66,2,0,42.49188363,-96.86782408,31051.0,1171.043293115685,3.0303030303030303,64,64,2,0,62,63,5709,2,0,0,2,1
2020-09-03,US,Nebraska,Dodge,926,11,0,41.58071748,-96.65598179,31053.0,2532.476411869273,1.1879049676025921,915,921,11,0,910,918,36791,5,0,0,5,3
2020-09-03,US,Nebraska,Douglas,13783,161,0,41.29518299,-96.15085305,31055.0,2412.453813665379,1.1681056373793803,13622,13671,160,0,13511,13559,566880,112,1,0,111,112
2020-09-03,US,Nebraska,Dundy,9,0,0,40.17638677,-101.6876522,31057.0,531.6007088009451,0.0,9,9,0,0,9,9,1770,0,0,0,0,0
2020-09-03,US,Nebraska,Fillmore,34,1,0,40.52458567,-97.59646937,31059.0,622.482607103625,2.9411764705882355,33,32,1,0,31,31,5527,2,0,0,2,1
2020-09-03,US,Nebraska,Franklin,20,0,0,40.17636348,-98.95299073,31061.0,671.366230278617,0.0,20,20,0,0,20,20,3023,0,0,0,0,0
2020-09-03,US,Nebraska,Frontier,6,0,0,40.52993007,-100.3924658,31063.0,228.39741149600303,0.0,6,7,0,0,7,6,2608,-1,0,0,-1,1
2020-09-03,US,Nebraska,Furnas,27,1,0,40.17642064,-99.91247454,31065.0,577.4165953806672,3.703703703703704,26,28,1,0,27,28,4715,-1,0,0,-1,0
2020-09-03,US,Nebraska,Gage,139,4,0,40.26186809,-96.68946704,31067.0,646.1209501231814,2.8776978417266186,135,137,4,0,133,133,21493,2,0,0,2,4
2020-09-03,US,Nebraska,Garden,8,0,0,41.61703149,-102.3313973,31069.0,435.49265106151336,0.0,8,8,0,0,8,7,1897,0,0,0,0,1
2020-09-03,US,Nebraska,Garfield,6,0,0,41.91428955,-98.99111827,31071.0,304.7232097511427,0.0,6,6,0,0,6,6,1987,0,0,0,0,0
2020-09-03,US,Nebraska,Gosper,24,0,0,40.51481965,-99.83020279,31073.0,1206.0301507537688,0.0,24,24,0,0,24,24,1996,0,0,0,0,0
2020-09-03,US,Nebraska,Greeley,12,0,0,41.56742671,-98.52150266,31077.0,509.3378607809847,0.0,12,12,0,0,12,12,2356,0,0,0,0,0
2020-09-03,US,Nebraska,Hall,1875,46,0,40.87257079,-98.50218293,31079.0,3056.0852770035685,2.453333333333333,1829,1866,46,0,1820,1859,61607,9,0,0,9,7
2020-09-03,US,Nebraska,Hamilton,107,12,0,40.87349452,-98.02099117,31081.0,1147.5761475761474,11.214953271028037,95,105,12,0,93,105,9280,2,0,0,2,0
2020-09-03,US,Nebraska,Harlan,8,0,0,40.17658508,-99.40438879,31083.0,236.6863905325444,0.0,8,7,0,0,7,7,3401,1,0,0,1,0
2020-09-03,US,Nebraska,Hitchcock,2,0,0,40.17609175,-101.04164770000001,31087.0,72.41129616220131,0.0,2,2,0,0,2,2,2806,0,0,0,0,0
2020-09-03,US,Nebraska,Holt,24,0,0,42.45522056,-98.78402558,31089.0,238.40270189728818,0.0,24,22,0,0,22,21,10178,2,0,0,2,1
2020-09-03,US,Nebraska,Hooker,6,0,0,41.91586243,-101.1354293,31091.0,879.7653958944281,0.0,6,4,0,0,4,4,682,2,0,0,2,0
2020-09-03,US,Nebraska,Howard,63,5,0,41.2200529,-98.5166499,31093.0,977.5019394879753,7.936507936507938,58,63,5,0,58,64,6468,0,0,0,0,-1
2020-09-03,US,Nebraska,Jefferson,22,0,0,40.17584531,-97.142601,31095.0,312.23389156968494,0.0,22,22,0,0,22,19,7097,0,0,0,0,3
2020-09-03,US,Nebraska,Johnson,28,0,0,40.39257596,-96.26522753,31097.0,552.1593374087951,0.0,28,27,0,0,27,26,5134,1,0,0,1,1
2020-09-03,US,Nebraska,Kearney,115,0,0,40.50663314,-98.94877182,31099.0,1770.592763664357,0.0,115,114,0,0,114,111,6544,1,0,0,1,3
2020-09-03,US,Nebraska,Keith,47,0,0,41.19930341,-101.66201640000001,31101.0,585.0136918098083,0.0,47,47,0,0,47,47,8021,0,0,0,0,0
2020-09-03,US,Nebraska,Keya Paha,1,0,0,42.87990694,-99.71343729,31103.0,124.06947890818859,0.0,1,1,0,0,1,1,810,0,0,0,0,0
2020-09-03,US,Nebraska,Kimball,15,0,0,41.19774275,-103.7148131,31105.0,412.9955947136564,0.0,15,15,0,0,15,15,3618,0,0,0,0,0
2020-09-03,US,Nebraska,Knox,77,0,0,42.63758421,-97.89178836,31107.0,924.1478636581853,0.0,77,70,0,0,70,69,8419,7,0,0,7,1
2020-09-03,US,Nebraska,Lancaster,4313,21,0,40.78416049,-96.68777155,31109.0,1351.656272524993,0.4869000695571528,4292,4213,21,0,4192,4102,317272,100,0,0,100,111
2020-09-03,US,Nebraska,Lincoln,333,2,0,41.04658298,-100.74753740000001,31111.0,953.77212579481,0.6006006006006006,331,276,2,0,274,272,35185,57,0,0,57,4
2020-09-03,US,Nebraska,Logan,5,0,0,41.56650314,-100.4817851,31113.0,668.4491978609626,0.0,5,3,0,0,3,3,749,2,0,0,2,0
2020-09-03,US,Nebraska,Loup,2,0,0,41.91371961,-99.45440415,31115.0,301.20481927710836,0.0,2,2,0,0,2,2,618,0,0,0,0,0
2020-09-03,US,Nebraska,Madison,629,5,0,41.91676024,-97.6005481,31119.0,1792.0738482577856,0.7949125596184421,624,610,5,0,605,609,35392,19,0,0,19,1
2020-09-03,US,Nebraska,McPherson,6,0,0,41.56797682,-101.05993620000001,31117.0,1214.5748987854256,0.0,6,6,0,0,6,6,492,0,0,0,0,0
2020-09-03,US,Nebraska,Merrick,73,1,0,41.16624273,-98.0374887,31121.0,941.3281753707286,1.3698630136986298,72,71,1,0,70,70,7733,2,0,0,2,1
2020-09-03,US,Nebraska,Morrill,66,0,0,41.71711774,-103.0061405,31123.0,1421.8009478672986,0.0,66,66,0,0,66,66,4686,0,0,0,0,0
2020-09-03,US,Nebraska,Nance,13,0,0,41.39750195,-97.99327291,31125.0,369.4231315714692,0.0,13,12,0,0,12,11,3532,1,0,0,1,1
2020-09-03,US,Nebraska,Nemaha,95,0,0,40.38514847,-95.85433992,31127.0,1362.5932300631093,0.0,95,95,0,0,95,86,6958,0,0,0,0,9
2020-09-03,US,Nebraska,Nuckolls,10,0,0,40.17637905,-98.04743961,31129.0,241.08003857280616,0.0,10,10,0,0,10,11,4195,0,0,0,0,-1
2020-09-03,US,Nebraska,Otoe,125,1,0,40.64843556,-96.13374142,31131.0,780.6645016237821,0.8,124,123,1,0,122,121,15985,2,0,0,2,2
2020-09-03,US,Nebraska,Pawnee,12,0,0,40.13141096,-96.23705437,31133.0,459.24225028702637,0.0,12,12,0,0,12,11,2632,0,0,0,0,1
2020-09-03,US,Nebraska,Perkins,29,7,0,40.85082525,-101.6502942,31135.0,1003.1131096506399,24.13793103448276,22,29,7,0,22,30,2929,0,0,0,0,-1
2020-09-03,US,Nebraska,Phelps,78,0,0,40.51156033,-99.41461667,31137.0,863.4049147664379,0.0,78,75,0,0,75,71,8996,3,0,0,3,4
2020-09-03,US,Nebraska,Pierce,65,4,0,42.26434853,-97.60122773,31139.0,909.3452714045887,6.153846153846153,61,62,3,0,59,60,7142,3,1,0,2,2
2020-09-03,US,Nebraska,Platte,895,3,0,41.57246836,-97.52144359,31141.0,2674.0364505527336,0.33519553072625696,892,879,3,0,876,873,33363,16,0,0,16,6
2020-09-03,US,Nebraska,Polk,34,1,0,41.18813488,-97.56630712,31143.0,652.215614809131,2.9411764705882355,33,33,1,0,32,33,5278,1,0,0,1,0
2020-09-03,US,Nebraska,Red Willow,19,0,0,40.17556879999999,-100.476998,31145.0,177.17269675494217,0.0,19,19,0,0,19,20,10726,0,0,0,0,-1
2020-09-03,US,Nebraska,Richardson,36,1,0,40.1247415,-95.71755036,31147.0,457.72409408773046,2.7777777777777777,35,36,1,0,35,35,7937,0,0,0,0,1
2020-09-03,US,Nebraska,Rock,17,0,0,42.42252217,-99.44832069,31149.0,1252.7634487840826,0.0,17,14,0,0,14,10,1360,3,0,0,3,4
2020-09-03,US,Nebraska,Saline,643,2,0,40.52418865,-97.14085859,31151.0,4520.528683914511,0.3110419906687403,641,641,2,0,639,635,14350,2,0,0,2,6
2020-09-03,US,Nebraska,Sarpy,2907,15,0,41.11314181,-96.11156432,31153.0,1552.9177973888336,0.5159958720330238,2892,2892,15,0,2877,2858,184459,15,0,0,15,34
2020-09-03,US,Nebraska,Saunders,255,2,0,41.227810299999994,-96.63773905,31155.0,1181.7591991843547,0.7843137254901961,253,250,2,0,248,237,21303,5,0,0,5,13
2020-09-03,US,Nebraska,Scotts Bluff,369,6,0,41.85070896,-103.70809859999999,31157.0,1035.9930372283677,1.6260162601626016,363,368,6,0,362,363,35989,1,0,0,1,5
2020-09-03,US,Nebraska,Seward,171,2,0,40.87241834,-97.139673,31159.0,989.3543161305254,1.1695906432748535,169,167,2,0,165,166,17318,4,0,0,4,1
2020-09-03,US,Nebraska,Sheridan,30,0,0,42.50284406,-102.4126613,31161.0,571.864277544796,0.0,30,30,0,0,30,27,5190,0,0,0,0,3
2020-09-03,US,Nebraska,Sherman,18,1,0,41.22045983,-98.97588642,31163.0,599.8000666444517,5.5555555555555545,17,18,1,0,17,17,3038,0,0,0,0,1
2020-09-03,US,Nebraska,Sioux,6,0,0,42.48932059,-103.7576544,31165.0,514.5797598627787,0.0,6,6,0,0,6,6,1187,0,0,0,0,0
2020-09-03,US,Nebraska,Stanton,34,0,0,41.9169835,-97.19394708,31167.0,574.3243243243244,0.0,34,34,0,0,34,33,5970,0,0,0,0,1
2020-09-03,US,Nebraska,Thayer,27,0,0,40.17626377,-97.59504381,31169.0,539.6761942834298,0.0,27,27,0,0,27,27,5039,0,0,0,0,0
2020-09-03,US,Nebraska,Thomas,4,0,0,41.91358968,-100.5556632,31171.0,554.016620498615,0.0,4,3,0,0,3,3,720,1,0,0,1,0
2020-09-03,US,Nebraska,Thurston,231,4,0,42.15725356,-96.54157099,31173.0,3197.674418604651,1.7316017316017316,227,228,4,0,224,224,7303,3,0,0,3,4
2020-09-03,US,Nebraska,Unassigned,156,1,0,0.0,0.0,90031.0,0.0,0.6410256410256411,155,151,0,0,151,137,,5,1,0,4,14
2020-09-03,US,Nebraska,Valley,19,0,0,41.56730777,-98.98197724,31175.0,456.95045695045684,0.0,19,19,0,0,19,19,4190,0,0,0,0,0
2020-09-03,US,Nebraska,Washington,180,1,0,41.52815707,-96.22019892,31177.0,868.3486902407255,0.5555555555555556,179,176,1,0,175,176,20667,4,0,0,4,0
2020-09-03,US,Nebraska,Wayne,57,0,0,42.20934475,-97.11926964,31179.0,607.352157698455,0.0,57,56,0,0,56,54,9403,1,0,0,1,2
2020-09-03,US,Nebraska,Webster,14,0,0,40.17642643,-98.50019851,31181.0,401.491253226269,0.0,14,13,0,0,13,13,3533,1,0,0,1,0
2020-09-03,US,Nebraska,Wheeler,1,0,0,41.91482725,-98.52798941,31183.0,127.7139208173691,0.0,1,1,0,0,1,1,805,0,0,0,0,0
2020-09-03,US,Nebraska,York,119,0,0,40.87272618,-97.59710186,31185.0,869.9466335258426,0.0,119,114,0,0,114,114,13772,5,0,0,5,0
2020-09-03,US,Nevada,Carson City,438,8,0,39.15509045,-119.7480219,32510.0,783.3178338936976,1.8264840182648399,430,434,8,0,426,430,55414,4,0,0,4,4
2020-09-03,US,Nevada,Churchill,113,1,0,39.58105744,-118.3394607,32001.0,453.65129069814117,0.8849557522123894,112,113,1,0,112,113,24440,0,0,0,0,0
2020-09-03,US,Nevada,Clark,60144,1181,0,36.21458855,-115.0130241,32003.0,2653.355185808538,1.9636206437882413,58963,59857,1157,0,58700,59716,2231647,287,24,0,263,141
2020-09-03,US,Nevada,Douglas,256,1,0,38.912862,-119.61713329999999,32005.0,523.4638585011759,0.390625,255,255,1,0,254,252,48467,1,0,0,1,3
2020-09-03,US,Nevada,Elko,824,6,0,41.14531606,-115.3577619,32007.0,1561.2565841828036,0.7281553398058253,818,824,4,0,820,813,52460,0,2,0,-2,11
2020-09-03,US,Nevada,Eureka,7,0,0,39.98100864,-116.26832040000001,32011.0,344.9975357318876,0.0,7,7,0,0,7,6,2003,0,0,0,0,1
2020-09-03,US,Nevada,Humboldt,111,4,0,41.40692186,-118.11094270000001,32013.0,659.4973560691581,3.603603603603604,107,111,4,0,107,111,16786,0,0,0,0,0
2020-09-03,US,Nevada,Lander,63,1,0,39.933223299999995,-117.03970749999999,32015.0,1138.8286334056402,1.5873015873015872,62,63,1,0,62,61,5575,0,0,0,0,2
2020-09-03,US,Nevada,Lincoln,6,0,0,37.64268459,-114.8790388,32017.0,115.76307158016591,0.0,6,6,0,0,6,6,5201,0,0,0,0,0
2020-09-03,US,Nevada,Lyon,345,6,0,39.01777974,-119.18704790000001,32019.0,599.8956703182055,1.7391304347826086,339,336,6,0,330,332,55808,9,0,0,9,4
2020-09-03,US,Nevada,Mineral,12,0,0,38.53841696,-118.4344506,32021.0,266.37069922308547,0.0,12,12,0,0,12,12,4514,0,0,0,0,0
2020-09-03,US,Nevada,Nye,477,14,0,38.04264256,-116.47227020000001,32023.0,1025.2993143176493,2.9350104821802936,463,472,14,0,458,469,45346,5,0,0,5,3
2020-09-03,US,Nevada,Pershing,21,0,0,40.44003782,-118.40056409999998,32027.0,312.2676579925651,0.0,21,21,0,0,21,21,6666,0,0,0,0,0
2020-09-03,US,Nevada,Storey,7,0,0,39.44875482,-119.5250207,32029.0,169.77928692699493,0.0,7,7,0,0,7,7,4029,0,0,0,0,0
2020-09-03,US,Nevada,Washoe,7371,140,0,40.66562265,-119.6631594,32031.0,1563.2455956175681,1.8993352326685657,7231,7326,139,0,7187,7259,465735,45,1,0,44,67
2020-09-03,US,Nevada,White Pine,28,1,0,39.44157041,-114.89996599999999,32033.0,292.2755741127349,3.571428571428572,27,28,1,0,27,25,9475,0,0,0,0,3
2020-09-03,US,New Hampshire,Belknap,126,4,0,43.51637314,-71.41684235,33001.0,205.53643377974976,3.1746031746031744,122,125,4,0,121,125,61022,1,0,0,1,0
2020-09-03,US,New Hampshire,Carroll,106,1,0,43.87498583,-71.20430216,33003.0,216.72459619709667,0.9433962264150944,105,105,1,0,104,105,48779,1,0,0,1,0
2020-09-03,US,New Hampshire,Cheshire,132,3,0,42.92015988,-72.25311043,33005.0,173.4901754616547,2.272727272727273,129,131,3,0,128,129,76493,1,0,0,1,2
2020-09-03,US,New Hampshire,Coos,21,0,0,44.69063265,-71.30633239,33007.0,66.53359946773121,0.0,21,19,0,0,19,19,31589,2,0,0,2,0
2020-09-03,US,New Hampshire,Grafton,114,1,0,43.93779815,-71.82057197,33009.0,126.82731459849144,0.8771929824561403,113,114,1,0,113,114,89786,0,0,0,0,0
2020-09-03,US,New Hampshire,Hillsborough,4074,286,0,42.91537785,-71.7200253,33011.0,976.9198489299202,7.02012763868434,3788,4052,286,0,3766,4048,415247,22,0,0,22,4
2020-09-03,US,New Hampshire,Merrimack,508,23,0,43.29662971,-71.6811573,33013.0,335.55495372908564,4.52755905511811,485,504,23,0,481,504,151132,4,0,0,4,0
2020-09-03,US,New Hampshire,Rockingham,1821,100,0,42.98499744,-71.12883377,33015.0,587.8574034199677,5.491488193300384,1721,1817,100,0,1717,1813,309176,4,0,0,4,4
2020-09-03,US,New Hampshire,Strafford,395,13,0,43.291833000000004,-71.02336013,33017.0,302.3738259092266,3.2911392405063293,382,391,13,0,378,390,130090,4,0,0,4,1
2020-09-03,US,New Hampshire,Sullivan,48,1,0,43.36094111,-72.22203125,33019.0,111.25017382839658,2.083333333333333,47,48,1,0,47,48,43144,0,0,0,0,0
2020-09-03,US,New Hampshire,Unassigned,2,0,0,0.0,0.0,90033.0,0.0,0.0,2,3,0,0,3,2,,-1,0,0,-1,1
2020-09-03,US,New Jersey,Atlantic,3778,252,0,39.47538693,-74.65848483,34001.0,1432.8516706489172,6.670195870831129,3526,3769,252,0,3517,3763,265429,9,0,0,9,6
2020-09-03,US,New Jersey,Bergen,21724,2036,0,40.96010917,-74.07164325,34003.0,2330.39620168161,9.372122997606333,19688,21691,2035,0,19656,21665,936692,33,1,0,32,26
2020-09-03,US,New Jersey,Burlington,6499,482,0,39.87681124,-74.66927768,34005.0,1459.3049496013239,7.41652561932605,6017,6457,481,0,5976,6421,445384,42,1,0,41,36
2020-09-03,US,New Jersey,Camden,9237,592,0,39.80343818,-74.96388753,34007.0,1823.796426646343,6.409007253437263,8645,9198,592,0,8606,9178,507078,39,0,0,39,20
2020-09-03,US,New Jersey,Cape May,913,95,0,39.15008829,-74.80170244,34009.0,991.9707949890808,10.4052573932092,818,913,95,0,818,908,92560,0,0,0,0,5
2020-09-03,US,New Jersey,Cumberland,3598,156,0,39.37199394,-75.10712559,34011.0,2406.254388839474,4.33574207893274,3442,3594,156,0,3438,3587,150972,4,0,0,4,7
2020-09-03,US,New Jersey,Essex,20407,2119,0,40.78681335,-74.24657979,34013.0,2554.1475014862795,10.383691870436614,18288,20392,2117,0,18275,20368,799767,15,2,0,13,24
2020-09-03,US,New Jersey,Gloucester,3731,219,0,39.71581067,-75.13995546,34015.0,1279.3345128859262,5.8697400160814786,3512,3719,220,0,3499,3708,291408,12,-1,0,13,11
2020-09-03,US,New Jersey,Hudson,20206,1508,0,40.73766234,-74.07515667,34017.0,3005.0967368688757,7.463129763436602,18698,20197,1508,0,18689,20163,676061,9,0,0,9,34
2020-09-03,US,New Jersey,Hunterdon,1221,125,0,40.56335249,-74.91284156,34019.0,981.7401162650456,10.237510237510238,1096,1216,125,0,1091,1212,124714,5,0,0,5,4
2020-09-03,US,New Jersey,Mercer,8371,631,0,40.28047017,-74.70479631,34021.0,2278.257082981793,7.5379285628957104,7740,8349,631,0,7718,8342,369811,22,0,0,22,7
2020-09-03,US,New Jersey,Middlesex,18507,1418,0,40.43629879,-74.41426991,34023.0,2243.1041545968665,7.661965742691954,17089,18483,1417,0,17066,18468,829685,24,1,0,23,15
2020-09-03,US,New Jersey,Monmouth,10818,859,0,40.26549699,-74.22240686,34025.0,1748.2364918914984,7.940469587724164,9959,10780,859,0,9921,10763,621354,38,0,0,38,17
2020-09-03,US,New Jersey,Morris,7524,829,0,40.86095313,-74.54553709999998,34027.0,1529.750226189145,11.018075491759703,6695,7514,829,0,6685,7507,494228,10,0,0,10,7
2020-09-03,US,New Jersey,Ocean,11305,1027,0,39.8895449,-74.28089251,34029.0,1861.8676978718213,9.084475895621406,10278,11259,1026,0,10233,11213,601651,46,1,0,45,46
2020-09-03,US,New Jersey,Passaic,18439,1248,0,41.03238628,-74.29954144,34031.0,3674.3811600036665,6.768262920982701,17191,18416,1247,0,17169,18380,503310,23,1,0,22,36
2020-09-03,US,New Jersey,Salem,984,89,0,39.58719656,-75.34696629999998,34033.0,1577.3022361144504,9.044715447154474,895,982,89,0,893,980,62607,2,0,0,2,2
2020-09-03,US,New Jersey,Somerset,5437,566,0,40.56465737,-74.61683016,34035.0,1652.9151744726905,10.410152657715653,4871,5426,566,0,4860,5425,331164,11,0,0,11,1
2020-09-03,US,New Jersey,Sussex,1409,197,0,41.13891592,-74.69118243,34037.0,1002.9326348157848,13.98154719659333,1212,1402,197,0,1205,1402,140799,7,0,0,7,0
2020-09-03,US,New Jersey,Unassigned,305,0,0,0.0,0.0,90034.0,0.0,0.0,305,304,0,0,304,316,,1,0,0,1,-12
2020-09-03,US,New Jersey,Union,17161,1352,0,40.65835409,-74.30680092,34039.0,3084.6189657062846,7.878328768719771,15809,17137,1351,0,15786,17124,558067,24,1,0,23,13
2020-09-03,US,New Jersey,Warren,1399,171,0,40.85951833,-74.99556527,34041.0,1329.001491445562,12.22301644031451,1228,1397,171,0,1226,1397,105779,2,0,0,2,0
2020-09-03,US,New Mexico,Bernalillo,5898,159,0,35.05163625,-106.6703554,35001.0,868.4755735723088,2.695829094608342,5739,5861,159,0,5702,5838,678701,37,0,0,37,23
2020-09-03,US,New Mexico,Catron,9,1,0,33.91514144,-108.4046587,35003.0,255.17436915225403,11.111111111111109,8,8,1,0,7,5,3578,1,0,0,1,3
2020-09-03,US,New Mexico,Chaves,776,6,0,33.36406072,-104.4665365,35005.0,1200.959529521009,0.7731958762886598,770,754,6,0,748,731,64689,22,0,0,22,23
2020-09-03,US,New Mexico,Cibola,399,20,0,34.91131525,-107.998876,35006.0,1495.7825679475166,5.012531328320802,379,398,20,0,378,398,26746,1,0,0,1,0
2020-09-03,US,New Mexico,Colfax,22,1,0,36.60569702,-104.64726740000002,35007.0,184.23917594841305,4.545454545454546,21,20,1,0,19,19,12110,2,0,0,2,1
2020-09-03,US,New Mexico,Curry,694,5,0,34.57421077,-103.34688759999999,35009.0,1417.6573926543285,0.7204610951008645,689,680,5,0,675,675,49437,14,0,0,14,5
2020-09-03,US,New Mexico,Dona Ana,2920,45,0,32.35275771,-106.83293870000001,35013.0,1338.2524805792987,1.5410958904109588,2875,2892,44,0,2848,2859,217522,28,1,0,27,33
2020-09-03,US,New Mexico,Eddy,545,5,0,32.47167456,-104.3053527,35015.0,932.26137529935,0.9174311926605504,540,513,5,0,508,500,57900,32,0,0,32,13
2020-09-03,US,New Mexico,Grant,84,2,0,32.73911281,-108.3827845,35017.0,311.1341580857841,2.380952380952381,82,84,2,0,82,83,27346,0,0,0,0,1
2020-09-03,US,New Mexico,Guadalupe,32,1,0,34.86319296,-104.790669,35019.0,744.1860465116278,3.125,31,32,1,0,31,32,4341,0,0,0,0,0
2020-09-03,US,New Mexico,Harding,2,0,0,35.85751555,-103.82209379999999,35021.0,320.0,0.0,2,2,0,0,2,2,655,0,0,0,0,0
2020-09-03,US,New Mexico,Hidalgo,98,2,0,31.91383467,-108.7151824,35023.0,2334.444973797047,2.0408163265306123,96,98,2,0,96,98,4240,0,0,0,0,0
2020-09-03,US,New Mexico,Lea,1170,15,0,32.79215361,-103.4123733,35025.0,1646.264246517518,1.2820512820512822,1155,1151,15,0,1136,1132,69611,19,0,0,19,19
2020-09-03,US,New Mexico,Lincoln,173,2,0,33.74526079,-105.4586166,35027.0,883.9157980788882,1.1560693641618498,171,171,2,0,169,171,19556,2,0,0,2,0
2020-09-03,US,New Mexico,Los Alamos,27,0,0,35.86631386,-106.31349850000001,35028.0,139.39800712478706,0.0,27,27,0,0,27,27,19101,0,0,0,0,0
2020-09-03,US,New Mexico,Luna,321,5,0,32.18179341,-107.75088259999998,35029.0,1353.9162343413893,1.557632398753894,316,316,5,0,311,316,23963,5,0,0,5,0
2020-09-03,US,New Mexico,McKinley,4229,243,0,35.58007720000001,-108.262245,35031.0,5925.707960261746,5.746039252778433,3986,4223,243,0,3980,4213,72290,6,0,0,6,10
2020-09-03,US,New Mexico,Mora,6,0,0,36.01095101,-104.9497716,35033.0,132.71400132713998,0.0,6,6,0,0,6,6,4506,0,0,0,0,0
2020-09-03,US,New Mexico,Otero,227,12,0,32.61348406,-105.7417604,35035.0,336.346125351904,5.286343612334802,215,224,12,0,212,222,66781,3,0,0,3,2
2020-09-03,US,New Mexico,Quay,63,2,0,35.10403332,-103.54817270000001,35037.0,763.3587786259543,3.1746031746031744,61,62,2,0,60,62,8253,1,0,0,1,0
2020-09-03,US,New Mexico,Rio Arriba,361,13,0,36.51072137,-106.69316740000001,35039.0,927.5198478970219,3.601108033240997,348,359,13,0,346,358,39006,2,0,0,2,1
2020-09-03,US,New Mexico,Roosevelt,205,2,0,34.02097406,-103.4799493,35041.0,1108.1081081081081,0.975609756097561,203,204,2,0,202,201,18743,1,0,0,1,3
2020-09-03,US,New Mexico,San Juan,3201,192,0,36.50838318,-108.32043700000001,35045.0,2582.3262718017395,5.998125585754452,3009,3199,192,0,3007,3194,125043,2,0,0,2,5
2020-09-03,US,New Mexico,San Miguel,85,0,0,35.48014807,-104.8163562,35047.0,311.6178465373758,0.0,85,83,0,0,83,82,27591,2,0,0,2,1
2020-09-03,US,New Mexico,Sandoval,1257,37,0,35.68862401,-106.86878030000001,35043.0,856.5704472974077,2.94351630867144,1220,1255,37,0,1218,1254,145179,2,0,0,2,1
2020-09-03,US,New Mexico,Santa Fe,839,4,0,35.50708973,-105.9774716,35049.0,558.0015695872518,0.4767580452920143,835,828,4,0,824,823,150056,11,0,0,11,5
2020-09-03,US,New Mexico,Sierra,38,1,0,33.13028233,-107.1925893,35051.0,352.14530627374666,2.631578947368421,37,38,1,0,37,38,10968,0,0,0,0,0
2020-09-03,US,New Mexico,Socorro,78,6,0,34.00715494,-106.9298354,35053.0,468.83452545531037,7.6923076923076925,72,78,6,0,72,77,16735,0,0,0,0,1
2020-09-03,US,New Mexico,Taos,118,3,0,36.58006022,-105.63101979999999,35055.0,360.60263423280264,2.5423728813559316,115,116,3,0,113,115,32835,2,0,0,2,1
2020-09-03,US,New Mexico,Torrance,63,1,0,34.64048375,-105.8508949,35057.0,407.4768773041847,1.5873015873015872,62,63,1,0,62,63,15591,0,0,0,0,0
2020-09-03,US,New Mexico,Unassigned,1321,0,0,0.0,0.0,90035.0,0.0,0.0,1321,1321,0,0,1321,1321,,0,0,0,0,0
2020-09-03,US,New Mexico,Union,31,2,0,36.48126404,-103.4709624,35059.0,763.7349100763735,6.451612903225807,29,31,2,0,29,31,4118,0,0,0,0,0
2020-09-03,US,New Mexico,Valencia,520,4,0,34.71669834,-106.8103733,35061.0,678.0721886083873,0.7692307692307693,516,515,4,0,511,514,76456,5,0,0,5,1
2020-09-03,US,New York,Albany,2802,133,0,42.60060306,-73.97723916,36001.0,917.1669296184036,4.7466095645967155,2669,2791,133,0,2658,2786,307117,11,0,0,11,5
2020-09-03,US,New York,Allegany,90,1,0,42.25748406,-78.02750466,36003.0,195.26588704953244,1.1111111111111112,89,89,1,0,88,89,46430,1,0,0,1,0
2020-09-03,US,New York,Bronx,51768,4916,0,40.85209301,-73.86282755,36005.0,3650.242877097631,9.496213877298716,46852,51711,4913,0,46798,51663,1432132,57,3,0,54,48
2020-09-03,US,New York,Broome,1333,69,0,42.15903158,-75.81326086,36007.0,699.7816135399605,5.1762940735183784,1264,1315,69,0,1246,1311,191659,18,0,0,18,4
2020-09-03,US,New York,Cattaraugus,222,6,0,42.24778241,-78.67923096,36009.0,291.6562660115348,2.702702702702702,216,216,6,0,210,206,76840,6,0,0,6,10
2020-09-03,US,New York,Cayuga,181,2,0,42.91261714,-76.55731592,36011.0,236.36648558295028,1.1049723756906078,179,180,2,0,178,180,77145,1,0,0,1,0
2020-09-03,US,New York,Chautauqua,452,9,0,42.22769210000001,-79.36691763,36013.0,356.1775529341308,1.9911504424778759,443,428,9,0,419,405,127939,24,0,0,24,23
2020-09-03,US,New York,Chemung,205,3,0,42.13891056,-76.7638805,36015.0,245.63842024539883,1.4634146341463414,202,205,3,0,202,205,84254,0,0,0,0,0
2020-09-03,US,New York,Chenango,230,7,0,42.49430041,-75.60887553,36017.0,487.2158790009957,3.0434782608695654,223,229,7,0,222,229,47536,1,0,0,1,0
2020-09-03,US,New York,Clinton,152,5,0,44.74530905,-73.67875352,36019.0,188.85506616139654,3.2894736842105265,147,151,5,0,146,151,80695,1,0,0,1,0
2020-09-03,US,New York,Columbia,570,37,0,42.24819348,-73.63089095,36021.0,958.6115268831672,6.491228070175438,533,570,37,0,533,569,59916,0,0,0,0,1
2020-09-03,US,New York,Cortland,102,0,0,42.59509207,-76.07048931,36023.0,214.3712826548412,0.0,102,102,0,0,102,101,47823,0,0,0,0,1
2020-09-03,US,New York,Delaware,121,4,0,42.19837623,-74.96709306,36025.0,274.1588308598618,3.3057851239669422,117,120,4,0,116,115,44527,1,0,0,1,5
2020-09-03,US,New York,Dutchess,4892,153,0,41.76486060000001,-73.74356679,36027.0,1662.7126824327536,3.1275551921504503,4739,4878,153,0,4725,4868,293718,14,0,0,14,10
2020-09-03,US,New York,Erie,10086,678,0,42.76249024,-78.73063652,36029.0,1097.8532755997048,6.722189173111242,9408,10017,678,0,9339,9947,919719,69,0,0,69,70
2020-09-03,US,New York,Essex,141,0,0,44.11630765,-73.77297842,36031.0,382.2692151281009,0.0,141,135,0,0,135,131,37300,6,0,0,6,4
2020-09-03,US,New York,Franklin,59,0,0,44.59040891,-74.29926032,36033.0,117.94810283475272,0.0,59,58,0,0,58,58,50293,1,0,0,1,0
2020-09-03,US,New York,Fulton,312,24,0,43.11363907,-74.41798804,36035.0,584.4557256055299,7.6923076923076925,288,311,24,0,287,311,53591,1,0,0,1,0
2020-09-03,US,New York,Genesee,298,5,0,43.0022601,-78.19135193,36037.0,520.2513966480446,1.6778523489932886,293,297,5,0,292,297,57511,1,0,0,1,0
2020-09-03,US,New York,Greene,310,18,0,42.275797,-74.12384884,36039.0,656.9466813596678,5.806451612903227,292,310,18,0,292,309,47491,0,0,0,0,1
2020-09-03,US,New York,Hamilton,14,0,0,43.66146647,-74.49721957,36041.0,317.0289855072464,0.0,14,14,0,0,14,14,4434,0,0,0,0,0
2020-09-03,US,New York,Herkimer,305,4,0,43.42034246,-74.96145307,36043.0,497.3988486439766,1.3114754098360657,301,303,4,0,299,298,61833,2,0,0,2,5
2020-09-03,US,New York,Jefferson,154,0,0,44.04200959,-75.94653457,36045.0,140.21159203889505,0.0,154,150,0,0,150,150,111755,4,0,0,4,0
2020-09-03,US,New York,Kings,65328,7289,0,40.636182500000004,-73.94935552,36047.0,2551.9716958025365,11.157543472936569,58039,65201,7290,0,57911,65118,2582830,127,-1,0,128,83
2020-09-03,US,New York,Lewis,49,0,0,43.784415700000004,-75.44903992,36049.0,186.3401277760876,0.0,49,49,0,0,49,49,26447,0,0,0,0,0
2020-09-03,US,New York,Livingston,187,8,0,42.72596275,-77.77966158,36051.0,297.23114092252916,4.2780748663101615,179,184,8,0,176,183,63227,3,0,0,3,1
2020-09-03,US,New York,Madison,467,17,0,42.91653905,-75.67266639,36053.0,658.2935115095643,3.6402569593147747,450,461,17,0,444,461,70795,6,0,0,6,0
2020-09-03,US,New York,Monroe,5502,289,0,43.14638895,-77.69322942,36055.0,741.739353168772,5.252635405307161,5213,5468,289,0,5179,5462,742474,34,0,0,34,6
2020-09-03,US,New York,Montgomery,211,4,0,42.90123494,-74.44011632,36057.0,428.67881595254056,1.895734597156398,207,208,4,0,204,207,49455,3,0,0,3,1
2020-09-03,US,New York,Nassau,44924,2198,0,40.74066522,-73.58941873,36059.0,3310.723371389997,4.892707684088684,42726,44845,2198,0,42647,44761,1358343,79,0,0,79,84
2020-09-03,US,New York,New York,32251,3170,0,40.76727260000001,-73.97152637,36061.0,1980.1609375786668,9.829152584415986,29081,32218,3170,0,29048,32165,,33,0,0,33,53
2020-09-03,US,New York,Niagara,1635,101,0,43.19898042,-78.74777412,36063.0,781.2462669807579,6.177370030581041,1534,1632,101,0,1531,1626,210433,3,0,0,3,6
2020-09-03,US,New York,Oneida,2286,120,0,43.24375382,-75.43710392,36065.0,999.6895102570944,5.2493438320209975,2166,2283,120,0,2163,2281,229577,3,0,0,3,2
2020-09-03,US,New York,Onondaga,3937,204,0,43.00491923,-76.19971155,36067.0,854.8883021227807,5.181610363220726,3733,3922,204,0,3718,3912,461809,15,0,0,15,10
2020-09-03,US,New York,Ontario,396,35,0,42.85145728,-77.30874425,36069.0,360.7313007278392,8.838383838383841,361,393,35,0,358,393,109864,3,0,0,3,0
2020-09-03,US,New York,Orange,11478,494,0,41.40337468,-74.30240757,36071.0,2981.7633916974073,4.303885694371842,10984,11460,494,0,10966,11445,381951,18,0,0,18,15
2020-09-03,US,New York,Orleans,306,54,0,43.2516977,-78.2320066,36073.0,758.3267248215703,17.647058823529417,252,306,54,0,252,306,40612,0,0,0,0,0
2020-09-03,US,New York,Oswego,311,3,0,43.42778894,-76.14635194,36075.0,265.53054882005404,0.964630225080386,308,307,3,0,304,304,117898,4,0,0,4,3
2020-09-03,US,New York,Otsego,209,5,0,42.63492579,-75.03151402,36077.0,351.30183382919,2.392344497607656,204,189,5,0,184,179,59749,20,0,0,20,10
2020-09-03,US,New York,Putnam,1518,63,0,41.42630093,-73.74965532,36079.0,1543.9381611065908,4.150197628458498,1455,1510,63,0,1447,1505,98892,8,0,0,8,5
2020-09-03,US,New York,Queens,70413,7230,0,40.71088124,-73.81684712,36081.0,3124.109859627359,10.267990285884707,63183,70344,7228,0,63116,70288,2278906,69,2,0,67,56
2020-09-03,US,New York,Rensselaer,848,40,0,42.71348136,-73.51089874,36083.0,534.294391169021,4.716981132075472,808,844,40,0,804,841,159442,4,0,0,4,3
2020-09-03,US,New York,Richmond,15350,1085,0,40.58582155,-74.14808598,36085.0,3223.821414995075,7.068403908794787,14265,15332,1083,0,14249,15308,476179,18,2,0,16,24
2020-09-03,US,New York,Rockland,14334,674,0,41.15027894,-74.02560498,36087.0,4399.780225851701,4.7021068787498255,13660,14305,674,0,13631,14271,325695,29,0,0,29,34
2020-09-03,US,New York,Saratoga,863,17,0,43.10904162,-73.86653895,36091.0,375.4410235662112,1.969872537659328,846,852,17,0,835,846,230163,11,0,0,11,6
2020-09-03,US,New York,Schenectady,1290,45,0,42.81668777,-74.05278291,36093.0,830.6557028699476,3.4883720930232562,1245,1278,45,0,1233,1271,155350,12,0,0,12,7
2020-09-03,US,New York,Schoharie,70,0,0,42.58831742,-74.44339029999998,36095.0,225.81373592696545,0.0,70,70,0,0,70,70,31097,0,0,0,0,0
2020-09-03,US,New York,Schuyler,27,0,0,42.39184015,-76.8773299,36097.0,151.6257651485371,0.0,27,26,0,0,26,26,17912,1,0,0,1,0
2020-09-03,US,New York,Seneca,101,3,0,42.78081007,-76.82497064,36099.0,296.9190968955785,2.9702970297029703,98,100,3,0,97,100,34300,1,0,0,1,0
2020-09-03,US,New York,St. Lawrence,287,4,0,44.4976179,-75.06550039,36089.0,266.3820308149248,1.3937282229965158,283,279,4,0,275,275,108047,8,0,0,8,4
2020-09-03,US,New York,Steuben,316,42,0,42.2689144,-77.3829924,36101.0,331.3098271107896,13.291139240506327,274,315,42,0,273,315,95796,1,0,0,1,0
2020-09-03,US,New York,Suffolk,45006,2005,0,40.88320119,-72.8012172,36103.0,3047.945924457589,4.454961560680798,43001,44940,2003,0,42937,44885,1481093,66,2,0,64,55
2020-09-03,US,New York,Sullivan,1537,48,0,41.71579493,-74.76394559,36105.0,2037.5967759041255,3.1229668184775536,1489,1534,48,0,1486,1530,75498,3,0,0,3,4
2020-09-03,US,New York,Tioga,210,25,0,42.16852837,-76.30835812,36107.0,435.65753168889916,11.904761904761903,185,209,25,0,184,209,48560,1,0,0,1,0
2020-09-03,US,New York,Tompkins,303,0,0,42.44945765,-76.47229843,36109.0,296.53552554315917,0.0,303,280,0,0,280,270,102793,23,0,0,23,10
2020-09-03,US,New York,Ulster,2190,94,0,41.89027881,-74.26252104,36111.0,1233.2956023719826,4.2922374429223735,2096,2178,94,0,2084,2176,178599,12,0,0,12,2
2020-09-03,US,New York,Unassigned,0,20,0,0.0,0.0,90036.0,0.0,0.0,-20,0,24,0,-24,0,,0,-4,0,4,0
2020-09-03,US,New York,Warren,323,33,0,43.56173026,-73.8433699,36113.0,505.12948830226446,10.216718266253869,290,322,33,0,289,322,64265,1,0,0,1,0
2020-09-03,US,New York,Washington,268,14,0,43.31153794,-73.43043448,36115.0,437.8798771322136,5.223880597014926,254,268,14,0,254,268,61197,0,0,0,0,0
2020-09-03,US,New York,Wayne,283,5,0,43.15494365,-77.02976528,36117.0,314.73119953735625,1.7667844522968197,278,281,5,0,276,280,90064,2,0,0,2,1
2020-09-03,US,New York,Westchester,37106,1452,0,41.16278376,-73.75741653,36119.0,3835.2216937155945,3.91311378213766,35654,37057,1452,0,35605,37021,967612,49,0,0,49,36
2020-09-03,US,New York,Wyoming,126,5,0,42.70145109,-78.22199579,36121.0,316.1143029177852,3.968253968253968,121,126,5,0,121,126,40085,0,0,0,0,0
2020-09-03,US,New York,Yates,62,7,0,42.63505484,-77.10369919,36123.0,248.8660538674588,11.290322580645164,55,62,7,0,55,62,24841,0,0,0,0,0
2020-09-03,US,North Carolina,Alamance,3294,46,0,36.0434701,-79.39976137,37001.0,1943.2596499300919,1.3964784456587735,3248,3259,46,0,3213,3243,166436,35,0,0,35,16
2020-09-03,US,North Carolina,Alexander,427,3,0,35.922379600000006,-81.17751948,37003.0,1138.7577672880498,0.7025761124121779,424,414,3,0,411,409,37353,13,0,0,13,5
2020-09-03,US,North Carolina,Alleghany,205,0,0,36.49360862,-81.12857041,37005.0,1840.7111430367245,0.0,205,202,0,0,202,202,11161,3,0,0,3,0
2020-09-03,US,North Carolina,Anson,458,3,0,34.97403241,-80.09953279,37007.0,1873.5171398183752,0.6550218340611353,455,452,3,0,449,445,24877,6,0,0,6,7
2020-09-03,US,North Carolina,Ashe,210,1,0,36.43296207,-81.49862729,37009.0,771.9736793735983,0.4761904761904762,209,206,1,0,205,206,27109,4,0,0,4,0
2020-09-03,US,North Carolina,Avery,150,0,0,36.07569796,-81.92308483,37011.0,854.3600842968616,0.0,150,146,0,0,146,144,17505,4,0,0,4,2
2020-09-03,US,North Carolina,Beaufort,608,10,0,35.48531943,-76.84325809,37013.0,1293.7821849597822,1.6447368421052633,598,599,10,0,589,593,47079,9,0,0,9,6
2020-09-03,US,North Carolina,Bertie,457,6,0,36.0688473,-76.96545943,37015.0,2411.9913442761385,1.312910284463895,451,448,6,0,442,441,19026,9,0,0,9,7
2020-09-03,US,North Carolina,Bladen,738,10,0,34.61296243,-78.56180059,37017.0,2255.363364097549,1.3550135501355014,728,729,10,0,719,724,33190,9,0,0,9,5
2020-09-03,US,North Carolina,Brunswick,1410,24,0,34.070565,-78.22814204,37019.0,987.2566867385519,1.702127659574468,1386,1402,24,0,1378,1401,136744,8,0,0,8,1
2020-09-03,US,North Carolina,Buncombe,2565,72,0,35.61113393,-82.53305,37021.0,982.0399630921434,2.8070175438596485,2493,2517,72,0,2445,2492,259103,48,0,0,48,25
2020-09-03,US,North Carolina,Burke,1874,30,0,35.74989637,-81.70755735,37023.0,2071.061501906393,1.6008537886873,1844,1864,30,0,1834,1855,90382,10,0,0,10,9
2020-09-03,US,North Carolina,Cabarrus,3308,54,0,35.3877799,-80.55267168,37025.0,1528.2763463661856,1.6324062877871826,3254,3255,54,0,3201,3221,211342,53,0,0,53,34
2020-09-03,US,North Carolina,Caldwell,1453,17,0,35.95204977,-81.54799522,37027.0,1768.113120299837,1.169993117687543,1436,1441,17,0,1424,1436,82029,12,0,0,12,5
2020-09-03,US,North Carolina,Camden,100,3,0,36.33804939,-76.15568396,37029.0,920.2171712524156,3.0,97,99,3,0,96,97,10710,1,0,0,1,2
2020-09-03,US,North Carolina,Carteret,526,5,0,34.8932941,-76.54120135,37031.0,757.1286686914343,0.9505703422053232,521,513,5,0,508,509,69524,13,0,0,13,4
2020-09-03,US,North Carolina,Caswell,249,3,0,36.39312665,-79.33353281,37033.0,1101.5749424880553,1.2048192771084338,246,248,3,0,245,249,22698,1,0,0,1,-1
2020-09-03,US,North Carolina,Catawba,2658,47,0,35.66211129,-81.2132617,37035.0,1665.925002036966,1.7682468021068471,2611,2645,46,0,2599,2638,158652,13,1,0,12,7
2020-09-03,US,North Carolina,Chatham,1514,56,0,35.70394416,-79.25541492,37037.0,2033.033436283067,3.6988110964332894,1458,1506,56,0,1450,1494,73139,8,0,0,8,12
2020-09-03,US,North Carolina,Cherokee,466,5,0,35.1349263,-84.05970864,37039.0,1628.6872640849995,1.072961373390558,461,446,5,0,441,446,28383,20,0,0,20,0
2020-09-03,US,North Carolina,Chowan,231,2,0,36.12908077,-76.60118385,37041.0,1656.745320232375,0.8658008658008658,229,227,2,0,225,223,14029,4,0,0,4,4
2020-09-03,US,North Carolina,Clay,90,1,0,35.05704275,-83.74353633,37043.0,801.35339684801,1.1111111111111112,89,89,1,0,88,89,11139,1,0,0,1,0
2020-09-03,US,North Carolina,Cleveland,1636,44,0,35.33553364,-81.55204486,37045.0,1670.2910757858845,2.6894865525672373,1592,1630,43,0,1587,1624,97645,6,1,0,5,6
2020-09-03,US,North Carolina,Columbus,1158,52,0,34.26744084,-78.65801424,37047.0,2086.18577502342,4.490500863557858,1106,1128,52,0,1076,1124,55655,30,0,0,30,4
2020-09-03,US,North Carolina,Craven,1013,26,0,35.11833364,-77.08398081,37049.0,991.7857037958076,2.566633761105627,987,1000,26,0,974,995,102912,13,0,0,13,5
2020-09-03,US,North Carolina,Cumberland,4238,67,0,35.04762133,-78.82623165,37051.0,1263.1553848033882,1.5809344030202923,4171,4167,67,0,4100,4117,332330,71,0,0,71,50
2020-09-03,US,North Carolina,Currituck,113,0,0,36.36123664,-75.95876401,37053.0,407.0165327954472,0.0,113,112,0,0,112,109,27072,1,0,0,1,3
2020-09-03,US,North Carolina,Dare,245,2,0,35.66520691,-75.71767334,37055.0,662.0011348590883,0.8163265306122449,243,244,2,0,242,242,36501,1,0,0,1,2
2020-09-03,US,North Carolina,Davidson,2236,32,0,35.79115496,-80.21256572,37057.0,1334.0572403629876,1.4311270125223614,2204,2220,32,0,2188,2203,166614,16,0,0,16,17
2020-09-03,US,North Carolina,Davie,493,6,0,35.93099927,-80.54496571,37059.0,1150.632497782757,1.2170385395537526,487,489,6,0,483,484,42733,4,0,0,4,5
2020-09-03,US,North Carolina,Duplin,2086,52,0,34.93449805,-77.93140529,37061.0,3551.182308779217,2.4928092042186,2034,2085,52,0,2033,2085,58856,1,0,0,1,0
2020-09-03,US,North Carolina,Durham,7017,84,0,36.03638492,-78.87608331,37063.0,2182.6631165082367,1.1970927746900384,6933,6968,84,0,6884,6942,316739,49,0,0,49,26
2020-09-03,US,North Carolina,Edgecombe,1023,21,0,35.91230639,-77.59436892,37065.0,1987.4883431768728,2.0527859237536656,1002,996,21,0,975,968,52005,27,0,0,27,28
2020-09-03,US,North Carolina,Forsyth,6287,82,0,36.12859861,-80.25459052,37067.0,1644.5415189840307,1.3042786702719895,6205,6266,80,0,6186,6220,379099,21,2,0,19,46
2020-09-03,US,North Carolina,Franklin,1084,29,0,36.081519,-78.28708884,37069.0,1555.5715003228815,2.675276752767528,1055,1078,29,0,1049,1063,67560,6,0,0,6,15
2020-09-03,US,North Carolina,Gaston,4208,66,0,35.29373559,-81.17477045,37071.0,1874.145433329325,1.5684410646387832,4142,4149,66,0,4083,4126,222846,59,0,0,59,23
2020-09-03,US,North Carolina,Gates,94,3,0,36.44667547,-76.69749701,37073.0,813.0081300813008,3.191489361702128,91,87,3,0,84,87,11573,7,0,0,7,0
2020-09-03,US,North Carolina,Graham,69,0,0,35.3506925,-83.83369267,37075.0,817.4386920980928,0.0,69,61,0,0,61,58,8484,8,0,0,8,3
2020-09-03,US,North Carolina,Granville,1558,46,0,36.30337451,-78.65184241,37077.0,2577.635127310028,2.952503209242619,1512,1551,45,0,1506,1546,60115,7,1,0,6,5
2020-09-03,US,North Carolina,Greene,431,4,0,35.48544173,-77.67578087,37079.0,2045.659499738953,0.9280742459396752,427,422,4,0,418,420,21012,9,0,0,9,2
2020-09-03,US,North Carolina,Guilford,7076,170,0,36.07959451,-79.78824948,37081.0,1317.2640522437794,2.4024872809496887,6906,7013,170,0,6843,6967,533670,63,0,0,63,46
2020-09-03,US,North Carolina,Halifax,878,13,0,36.25669272,-77.6556109,37083.0,1755.6488702259549,1.4806378132118452,865,875,11,0,864,874,50574,3,2,0,1,1
2020-09-03,US,North Carolina,Harnett,1705,46,0,35.36731853,-78.87243571,37085.0,1253.8977466611755,2.697947214076246,1659,1694,46,0,1648,1665,134214,11,0,0,11,29
2020-09-03,US,North Carolina,Haywood,518,28,0,35.55269063,-82.98196486,37087.0,831.2338527207664,5.405405405405406,490,513,28,0,485,512,61971,5,0,0,5,1
2020-09-03,US,North Carolina,Henderson,1717,60,0,35.33788927,-82.4766782,37089.0,1462.3095463178245,3.4944670937682005,1657,1710,60,0,1650,1695,116748,7,0,0,7,15
2020-09-03,US,North Carolina,Hertford,572,18,0,36.3607755,-76.98104134,37091.0,2415.846602187777,3.1468531468531467,554,561,17,0,544,556,23659,11,1,0,10,5
2020-09-03,US,North Carolina,Hoke,887,13,0,35.01888303,-79.23651674,37093.0,1605.894919795778,1.4656144306651635,874,883,13,0,870,880,54764,4,0,0,4,3
2020-09-03,US,North Carolina,Hyde,104,0,0,35.42017674,-76.15180542,37095.0,2106.542434676929,0.0,104,100,0,0,100,96,5230,4,0,0,4,4
2020-09-03,US,North Carolina,Iredell,2423,24,0,35.80950511,-80.8743128,37097.0,1332.7392935326666,0.9905076351630212,2399,2390,24,0,2366,2376,178435,33,0,0,33,14
2020-09-03,US,North Carolina,Jackson,496,7,0,35.28814273,-83.14093385,37099.0,1128.8633984250534,1.4112903225806452,489,492,7,0,485,492,43327,4,0,0,4,0
2020-09-03,US,North Carolina,Johnston,3907,52,0,35.51745004,-78.36622717,37101.0,1866.3507516516272,1.3309444586639363,3855,3883,52,0,3831,3860,202675,24,0,0,24,23
2020-09-03,US,North Carolina,Jones,138,7,0,35.02254606,-77.35870791,37103.0,1465.1236861662594,5.0724637681159415,131,134,7,0,127,134,9637,4,0,0,4,0
2020-09-03,US,North Carolina,Lee,1455,13,0,35.47623147,-79.17569362,37105.0,2355.1692322633903,0.8934707903780069,1442,1451,13,0,1438,1448,61452,4,0,0,4,3
2020-09-03,US,North Carolina,Lenoir,824,18,0,35.24032589999999,-77.64245615,37107.0,1472.7698439650394,2.184466019417476,806,808,17,0,791,805,55976,16,1,0,15,3
2020-09-03,US,North Carolina,Lincoln,1157,13,0,35.48508185,-81.21740317,37109.0,1343.614636922112,1.1235955056179776,1144,1135,13,0,1122,1128,83770,22,0,0,22,7
2020-09-03,US,North Carolina,Macon,548,2,0,35.14867843,-83.41696617,37113.0,1528.250320709465,0.36496350364963503,546,545,2,0,543,545,35285,3,0,0,3,0
2020-09-03,US,North Carolina,Madison,71,1,0,35.85402722,-82.71346418,37115.0,326.3617559181797,1.4084507042253518,70,71,1,0,70,70,21763,0,0,0,0,1
2020-09-03,US,North Carolina,Martin,360,7,0,35.84326734,-77.10860251,37117.0,1604.2780748663101,1.9444444444444444,353,352,7,0,345,350,22671,8,0,0,8,2
2020-09-03,US,North Carolina,McDowell,808,24,0,35.67736232,-82.0482425,37111.0,1765.8886266282016,2.9702970297029703,784,804,24,0,780,804,45507,4,0,0,4,0
2020-09-03,US,North Carolina,Mecklenburg,25856,301,0,35.24469268,-80.8317671,37119.0,2328.622531872661,1.1641398514851484,25555,25703,298,0,25405,25558,1093901,153,3,0,150,145
2020-09-03,US,North Carolina,Mitchell,93,3,0,36.01059309,-82.1582442,37121.0,621.4915797914996,3.2258064516129035,90,94,3,0,91,93,15000,-1,0,0,-1,1
2020-09-03,US,North Carolina,Montgomery,895,18,0,35.33155144,-79.90416657,37123.0,3293.710668678468,2.011173184357542,877,896,18,0,878,893,27271,-1,0,0,-1,3
2020-09-03,US,North Carolina,Moore,1331,21,0,35.30885257,-79.48474178,37125.0,1319.3893735130848,1.5777610818933132,1310,1323,21,0,1302,1310,98682,8,0,0,8,13
2020-09-03,US,North Carolina,Nash,1752,27,0,35.96575634,-77.98422508,37127.0,1857.9397230057905,1.5410958904109588,1725,1723,25,0,1698,1703,94016,29,2,0,27,20
2020-09-03,US,North Carolina,New Hanover,3214,23,0,34.25758282,-77.87075626,37129.0,1370.7335172919695,0.7156191661481021,3191,3154,23,0,3131,3122,232274,60,0,0,60,32
2020-09-03,US,North Carolina,Northampton,346,17,0,36.41736238,-77.39769443,37131.0,1775.9072011497205,4.913294797687861,329,343,17,0,326,340,19676,3,0,0,3,3
2020-09-03,US,North Carolina,Onslow,1527,14,0,34.72607366,-77.42908179,37133.0,771.4536875183137,0.91683038637852,1513,1509,13,0,1496,1501,197683,18,1,0,17,8
2020-09-03,US,North Carolina,Orange,2344,50,0,36.06092947,-79.12167935,37135.0,1578.7063229074054,2.1331058020477816,2294,2323,50,0,2273,2305,146027,21,0,0,21,18
2020-09-03,US,North Carolina,Pamlico,171,2,0,35.15253315,-76.66559823,37137.0,1343.7057991513436,1.1695906432748535,169,169,2,0,167,168,12670,2,0,0,2,1
2020-09-03,US,North Carolina,Pasquotank,580,23,0,36.26723798,-76.25134778,37139.0,1456.408196062676,3.9655172413793114,557,572,23,0,549,564,39639,8,0,0,8,8
2020-09-03,US,North Carolina,Pender,786,4,0,34.52265624,-77.90352133,37141.0,1246.4319695528068,0.5089058524173028,782,773,4,0,769,772,62162,13,0,0,13,1
2020-09-03,US,North Carolina,Perquimans,144,2,0,36.17847453,-76.40603143,37143.0,1069.5981579142835,1.3888888888888888,142,143,2,0,141,141,13422,1,0,0,1,2
2020-09-03,US,North Carolina,Person,343,6,0,36.38989032,-78.97217358,37145.0,868.5743226133199,1.749271137026239,337,336,5,0,331,332,39507,7,1,0,6,4
2020-09-03,US,North Carolina,Pitt,3761,19,0,35.59535426,-77.37353178,37147.0,2080.866649699572,0.5051847912789151,3742,3667,19,0,3648,3617,179914,94,0,0,94,50
2020-09-03,US,North Carolina,Polk,234,7,0,35.27820615,-82.16812354,37149.0,1129.125651418645,2.9914529914529915,227,233,7,0,226,229,20611,1,0,0,1,4
2020-09-03,US,North Carolina,Randolph,2453,44,0,35.71015088,-79.80570339,37151.0,1707.4206324347274,1.7937219730941705,2409,2438,44,0,2394,2431,143351,15,0,0,15,7
2020-09-03,US,North Carolina,Richmond,685,11,0,35.00417719,-79.74491009,37153.0,1528.0287314015482,1.6058394160583942,674,681,11,0,670,673,44887,4,0,0,4,8
2020-09-03,US,North Carolina,Robeson,3674,61,0,34.64244496,-79.10250529999998,37155.0,2812.631578947369,1.6603157321720197,3613,3625,61,0,3564,3607,131831,49,0,0,49,18
2020-09-03,US,North Carolina,Rockingham,886,8,0,36.39593137,-79.77504841,37157.0,973.5193934732448,0.9029345372460496,878,855,8,0,847,846,90690,31,0,0,31,9
2020-09-03,US,North Carolina,Rowan,2867,70,0,35.64003916,-80.52446628,37159.0,2017.7636394347164,2.441576560865016,2797,2853,68,0,2785,2841,141262,14,2,0,12,12
2020-09-03,US,North Carolina,Rutherford,943,20,0,35.40114178,-81.92112099,37161.0,1406.8537498694595,2.1208907741251326,923,943,20,0,923,942,66826,0,0,0,0,1
2020-09-03,US,North Carolina,Sampson,1633,21,0,34.98820368,-78.36914061,37163.0,2570.398702995388,1.2859767299448868,1612,1627,21,0,1606,1623,63626,6,0,0,6,4
2020-09-03,US,North Carolina,Scotland,697,8,0,34.8386299,-79.4757978,37165.0,2001.5506992504959,1.147776183644189,689,684,8,0,676,672,34810,13,0,0,13,12
2020-09-03,US,North Carolina,Stanly,1556,31,0,35.31647813,-80.25093221,37167.0,2477.470305384836,1.9922879177377888,1525,1534,31,0,1503,1528,62075,22,0,0,22,6
2020-09-03,US,North Carolina,Stokes,342,3,0,36.4017975,-80.23893369,37169.0,750.1480555372771,0.8771929824561403,339,337,3,0,334,335,45467,5,0,0,5,2
2020-09-03,US,North Carolina,Surry,1187,17,0,36.41689489,-80.69102283,37171.0,1653.5948622933004,1.4321819713563606,1170,1173,17,0,1156,1167,71948,14,0,0,14,6
2020-09-03,US,North Carolina,Swain,134,3,0,35.48665845,-83.48748932,37173.0,938.9671361502346,2.238805970149253,131,133,3,0,130,131,14245,1,0,0,1,2
2020-09-03,US,North Carolina,Transylvania,260,2,0,35.20383864,-82.79638423,37175.0,756.1436672967864,0.7692307692307693,258,259,2,0,257,261,34215,1,0,0,1,-2
2020-09-03,US,North Carolina,Tyrrell,108,2,0,35.87147226,-76.17055253,37177.0,2689.2430278884462,1.851851851851852,106,108,2,0,106,107,4131,0,0,0,0,1
2020-09-03,US,North Carolina,Union,4068,52,0,34.98960527,-80.52955873,37179.0,1695.9963978837568,1.27826941986234,4016,4036,51,0,3985,3991,235908,32,1,0,31,45
2020-09-03,US,North Carolina,Vance,922,42,0,36.36880673,-78.40670845,37181.0,2070.2818008308072,4.55531453362256,880,919,42,0,877,915,44582,3,0,0,3,4
2020-09-03,US,North Carolina,Wake,15391,202,0,35.78879266,-78.65249174,37183.0,1384.380275976581,1.3124553310376197,15189,15297,202,0,15095,15203,1092305,94,0,0,94,94
2020-09-03,US,North Carolina,Warren,291,7,0,36.39728256,-78.10652228,37185.0,1474.8365516192796,2.405498281786941,284,291,7,0,284,291,19807,0,0,0,0,0
2020-09-03,US,North Carolina,Washington,181,6,0,35.83810081,-76.57299037,37187.0,1563.0397236614856,3.3149171270718236,175,179,6,0,173,180,11859,2,0,0,2,-1
2020-09-03,US,North Carolina,Watauga,471,0,0,36.23103603,-81.70033724,37189.0,838.4214180180501,0.0,471,460,0,0,460,442,55945,11,0,0,11,18
2020-09-03,US,North Carolina,Wayne,2859,56,0,35.36438125,-78.00027268,37191.0,2321.917307582981,1.9587268275620848,2803,2841,55,0,2786,2830,123248,18,1,0,17,11
2020-09-03,US,North Carolina,Wilkes,1061,25,0,36.2084135,-81.16232895,37193.0,1550.8975033619836,2.35626767200754,1036,1051,23,0,1028,1044,68557,10,2,0,8,7
2020-09-03,US,North Carolina,Wilson,1779,38,0,35.70625477,-77.917978,37195.0,2174.790039241574,2.1360314783586283,1741,1754,36,0,1718,1752,81455,25,2,0,23,2
2020-09-03,US,North Carolina,Yadkin,653,7,0,36.16222629,-80.66239436,37197.0,1733.6129768763108,1.0719754977029097,646,646,7,0,639,644,37543,7,0,0,7,2
2020-09-03,US,North Carolina,Yancey,99,0,0,35.90079156,-82.31237181,37199.0,547.8997177486302,0.0,99,94,0,0,94,93,17903,5,0,0,5,1
2020-09-03,US,North Dakota,Adams,5,0,0,46.09686891,-102.5285397,38001.0,225.6317689530686,0.0,5,4,0,0,4,4,2294,1,0,0,1,0
2020-09-03,US,North Dakota,Barnes,124,0,0,46.93579637,-98.06605978,38003.0,1190.5904944791166,0.0,124,117,0,0,117,114,10542,7,0,0,7,3
2020-09-03,US,North Dakota,Benson,242,4,0,48.0683985,-99.35916363,38005.0,3542.154566744731,1.6528925619834711,238,239,4,0,235,233,6962,3,0,0,3,6
2020-09-03,US,North Dakota,Billings,5,0,0,47.02366884,-103.3762965,38007.0,538.7931034482758,0.0,5,4,0,0,4,4,919,1,0,0,1,0
2020-09-03,US,North Dakota,Bottineau,29,0,0,48.79106111,-100.8378166,38009.0,461.6364215218084,0.0,29,28,0,0,28,28,6411,1,0,0,1,0
2020-09-03,US,North Dakota,Bowman,16,0,0,46.11285362,-103.5203343,38011.0,529.1005291005291,0.0,16,16,0,0,16,16,3076,0,0,0,0,0
2020-09-03,US,North Dakota,Burke,24,1,0,48.79094471,-102.51821170000001,38013.0,1134.7517730496456,4.166666666666667,23,24,1,0,23,24,2100,0,0,0,0,0
2020-09-03,US,North Dakota,Burleigh,2118,19,0,46.97847375,-100.46452140000001,38015.0,2214.878798653086,0.8970727101038716,2099,2099,18,0,2081,2038,95273,19,1,0,18,61
2020-09-03,US,North Dakota,Cass,3661,76,0,46.93201724,-97.24447190000001,38017.0,2012.389857247297,2.075935536738596,3585,3604,76,0,3528,3554,181516,57,0,0,57,50
2020-09-03,US,North Dakota,Cavalier,34,0,0,48.77286211,-98.46685243,38019.0,903.7745879851144,0.0,34,34,0,0,34,34,3829,0,0,0,0,0
2020-09-03,US,North Dakota,Dickey,28,0,0,46.11017712,-98.50490079999999,38021.0,574.7126436781608,0.0,28,28,0,0,28,27,4903,0,0,0,0,1
2020-09-03,US,North Dakota,Divide,5,0,0,48.814938700000006,-103.48736109999999,38023.0,220.84805653710248,0.0,5,5,0,0,5,5,2283,0,0,0,0,0
2020-09-03,US,North Dakota,Dunn,51,0,0,47.35423935,-102.61604679999999,38025.0,1152.8028933092226,0.0,51,51,0,0,51,49,4332,0,0,0,0,2
2020-09-03,US,North Dakota,Eddy,41,0,0,47.71701474,-98.90432337,38027.0,1792.741582859641,0.0,41,35,0,0,35,33,2313,6,0,0,6,2
2020-09-03,US,North Dakota,Emmons,27,1,0,46.28398398,-100.2389766,38029.0,833.0762110459732,3.703703703703704,26,27,1,0,26,27,3295,0,0,0,0,0
2020-09-03,US,North Dakota,Foster,39,0,0,47.457108399999996,-98.88279923,38031.0,1214.9532710280373,0.0,39,35,0,0,35,33,3216,4,0,0,4,2
2020-09-03,US,North Dakota,Golden Valley,35,0,0,46.94022281,-103.8465421,38033.0,1987.5070982396371,0.0,35,34,0,0,34,34,1769,1,0,0,1,0
2020-09-03,US,North Dakota,Grand Forks,1611,11,0,47.92093639,-97.45450447,38035.0,2319.621027774978,0.6828057107386716,1600,1531,11,0,1520,1512,70770,80,0,0,80,19
2020-09-03,US,North Dakota,Grant,9,0,0,46.35821257,-101.63900129999999,38037.0,395.77836411609496,0.0,9,9,0,0,9,9,2374,0,0,0,0,0
2020-09-03,US,North Dakota,Griggs,38,1,0,47.45785838,-98.23850925,38039.0,1703.2720753025546,2.631578947368421,37,38,1,0,37,38,2232,0,0,0,0,0
2020-09-03,US,North Dakota,Hettinger,28,0,0,46.43375068,-102.4632417,38041.0,1120.4481792717086,0.0,28,28,0,0,28,25,2514,0,0,0,0,3
2020-09-03,US,North Dakota,Kidder,37,0,0,46.97830064,-99.77507857,38043.0,1491.9354838709678,0.0,37,33,0,0,33,33,2450,4,0,0,4,0
2020-09-03,US,North Dakota,LaMoure,21,0,0,46.45681054,-98.53542355,38045.0,519.0311418685121,0.0,21,20,0,0,20,20,4062,1,0,0,1,0
2020-09-03,US,North Dakota,Logan,12,0,0,46.45729487,-99.47719806,38047.0,648.6486486486486,0.0,12,11,0,0,11,11,1903,1,0,0,1,0
2020-09-03,US,North Dakota,McHenry,44,1,0,48.23104458,-100.6324822,38049.0,765.8833768494342,2.272727272727273,43,44,1,0,43,41,5816,0,0,0,0,3
2020-09-03,US,North Dakota,McIntosh,44,3,0,46.11182017,-99.44145858,38051.0,1762.1145374449338,6.8181818181818175,41,44,3,0,41,44,2585,0,0,0,0,0
2020-09-03,US,North Dakota,McKenzie,126,2,0,47.74133370000001,-103.395905,38053.0,838.6581469648563,1.5873015873015872,124,125,2,0,123,123,13632,1,0,0,1,2
2020-09-03,US,North Dakota,McLean,171,1,0,47.60766714,-101.3182418,38055.0,1809.5238095238092,0.5847953216374269,170,170,1,0,169,169,9541,1,0,0,1,1
2020-09-03,US,North Dakota,Mercer,44,0,0,47.31213126,-101.8318399,38057.0,537.4374007572982,0.0,44,40,0,0,40,38,8267,4,0,0,4,2
2020-09-03,US,North Dakota,Morton,701,7,0,46.71681782,-101.2822377,38059.0,2235.0465501849253,0.9985734664764622,694,676,7,0,669,653,31095,25,0,0,25,23
2020-09-03,US,North Dakota,Mountrail,174,1,0,48.20197971,-102.3555315,38061.0,1650.0711237553344,0.5747126436781609,173,173,1,0,172,173,10218,1,0,0,1,0
2020-09-03,US,North Dakota,Nelson,32,0,0,47.9226426,-98.19038437,38063.0,1111.4970475859673,0.0,32,31,0,0,31,31,2869,1,0,0,1,0
2020-09-03,US,North Dakota,Oliver,10,0,0,47.11530482,-101.3406158,38065.0,510.46452271567125,0.0,10,10,0,0,10,10,1952,0,0,0,0,0
2020-09-03,US,North Dakota,Pembina,37,0,0,48.76623521,-97.5523809,38067.0,544.0376415233054,0.0,37,37,0,0,37,35,6947,0,0,0,0,2
2020-09-03,US,North Dakota,Pierce,27,0,0,48.24977025,-99.96407787,38069.0,679.2452830188679,0.0,27,27,0,0,27,25,4081,0,0,0,0,2
2020-09-03,US,North Dakota,Ramsey,134,2,0,48.26886249,-98.72223879,38071.0,1163.2954249500826,1.492537313432836,132,122,2,0,120,122,11481,12,0,0,12,0
2020-09-03,US,North Dakota,Ransom,45,0,0,46.45621782,-97.65742504,38073.0,862.3993867382138,0.0,45,42,0,0,42,41,5237,3,0,0,3,1
2020-09-03,US,North Dakota,Renville,11,0,0,48.71982533,-101.6603912,38075.0,472.71164589600335,0.0,11,11,0,0,11,11,2374,0,0,0,0,0
2020-09-03,US,North Dakota,Richland,142,1,0,46.26440649,-96.94852979,38077.0,877.7894541633182,0.7042253521126759,141,136,1,0,135,134,16239,6,0,0,6,2
2020-09-03,US,North Dakota,Rolette,127,2,0,48.77245354,-99.84097493,38079.0,895.8803611738149,1.5748031496062993,125,126,2,0,124,120,14301,1,0,0,1,6
2020-09-03,US,North Dakota,Sargent,18,0,0,46.10830372,-97.63217159,38081.0,461.77526936890706,0.0,18,18,0,0,18,16,3870,0,0,0,0,2
2020-09-03,US,North Dakota,Sheridan,9,0,0,47.57700669,-100.3426391,38083.0,684.4106463878327,0.0,9,9,0,0,9,9,1349,0,0,0,0,0
2020-09-03,US,North Dakota,Sioux,123,2,0,46.11323337,-101.04401490000001,38085.0,2907.801418439716,1.6260162601626016,121,122,2,0,120,121,4358,1,0,0,1,1
2020-09-03,US,North Dakota,Slope,7,0,0,46.44737738,-103.4601547,38087.0,933.3333333333336,0.0,7,7,0,0,7,7,763,0,0,0,0,0
2020-09-03,US,North Dakota,Stark,819,6,0,46.80851182,-102.65763259999999,38089.0,2600.908253675887,0.7326007326007326,813,751,6,0,745,740,30997,68,0,0,68,11
2020-09-03,US,North Dakota,Steele,21,0,0,47.45611548,-97.72728747,38091.0,1111.111111111111,0.0,21,21,0,0,21,19,1903,0,0,0,0,2
2020-09-03,US,North Dakota,Stutsman,251,3,0,46.97962541,-98.95637318,38093.0,1212.3261205564145,1.195219123505976,248,221,3,0,218,213,20917,30,0,0,30,8
2020-09-03,US,North Dakota,Towner,10,0,0,48.68565745,-99.24564265,38095.0,456.82960255824577,0.0,10,9,0,0,9,9,2192,1,0,0,1,0
2020-09-03,US,North Dakota,Traill,74,0,0,47.45367788,-97.16323288,38097.0,920.8561473369837,0.0,74,71,0,0,71,70,8037,3,0,0,3,1
2020-09-03,US,North Dakota,Walsh,148,1,0,48.36876964,-97.72574783,38099.0,1390.8467249318674,0.6756756756756757,147,146,1,0,145,144,10667,2,0,0,2,2
2020-09-03,US,North Dakota,Ward,530,1,0,48.22390169,-101.54367629999999,38101.0,783.5484395558908,0.18867924528301888,529,520,1,0,519,509,67744,10,0,0,10,11
2020-09-03,US,North Dakota,Wells,28,0,0,47.58614526,-99.65904998,38103.0,730.3077725612936,0.0,28,29,0,0,29,28,3957,-1,0,0,-1,1
2020-09-03,US,North Dakota,Williams,482,4,0,48.34522353,-103.4793387,38105.0,1282.290031658198,0.8298755186721992,478,475,3,0,472,440,35350,7,1,0,6,35
2020-09-03,US,Ohio,Adams,95,4,0,38.84541072,-83.4718964,39001.0,342.985053072424,4.2105263157894735,91,94,4,0,90,93,27724,1,0,0,1,1
2020-09-03,US,Ohio,Allen,1182,61,0,40.77285242,-84.10802343,39003.0,1154.8494885247826,5.160744500846024,1121,1170,55,0,1115,1162,102663,12,6,0,6,8
2020-09-03,US,Ohio,Ashland,175,4,0,40.84772277,-82.27280781,39005.0,327.20065814075235,2.2857142857142856,171,172,4,0,168,171,53745,3,0,0,3,1
2020-09-03,US,Ohio,Ashtabula,616,46,0,41.70860332,-80.74830218,39007.0,633.4776483170679,7.467532467532468,570,614,46,0,568,612,97493,2,0,0,2,2
2020-09-03,US,Ohio,Athens,404,2,0,39.33425634,-82.04278644,39009.0,618.4272965236428,0.4950495049504951,402,399,2,0,397,396,65818,5,0,0,5,3
2020-09-03,US,Ohio,Auglaize,441,8,0,40.55998859,-84.22421429999999,39011.0,965.9190467846504,1.8140589569161,433,436,8,0,428,427,45804,5,0,0,5,9
2020-09-03,US,Ohio,Belmont,687,26,0,40.01625942,-80.9924051,39013.0,1025.2813180909172,3.7845705967976713,661,685,26,0,659,684,67505,2,0,0,2,1
2020-09-03,US,Ohio,Brown,227,2,0,38.93416837,-83.86788395,39015.0,522.6561060968871,0.8810572687224669,225,221,2,0,219,218,43602,6,0,0,6,3
2020-09-03,US,Ohio,Butler,4477,78,0,39.44012838,-84.57388716,39017.0,1168.5206742288601,1.7422381058744696,4399,4308,75,0,4233,4147,382378,169,3,0,166,161
2020-09-03,US,Ohio,Carroll,126,6,0,40.578968599999996,-81.09178213,39019.0,468.15783607044665,4.761904761904762,120,126,6,0,120,126,27081,0,0,0,0,0
2020-09-03,US,Ohio,Champaign,253,3,0,40.13923427,-83.76875242,39021.0,650.6364922206508,1.1857707509881423,250,250,3,0,247,249,38754,3,0,0,3,1
2020-09-03,US,Ohio,Clark,1467,29,0,39.91592258,-83.78498252,39023.0,1094.0984315685064,1.9768234492160872,1438,1449,28,0,1421,1433,134585,18,1,0,17,16
2020-09-03,US,Ohio,Clermont,1337,15,0,39.04847534,-84.15375786,39025.0,647.6834537950277,1.1219147344801794,1322,1320,15,0,1305,1303,205466,17,0,0,17,17
2020-09-03,US,Ohio,Clinton,255,11,0,39.41485808,-83.80852286,39027.0,607.6057948913458,4.313725490196078,244,251,10,0,241,249,42057,4,1,0,3,2
2020-09-03,US,Ohio,Columbiana,1849,66,0,40.76932373,-80.78094576,39029.0,1814.8268111461184,3.5694970254191456,1783,1843,66,0,1777,1841,102665,6,0,0,6,2
2020-09-03,US,Ohio,Coshocton,217,9,0,40.30096166,-81.91729018,39031.0,592.896174863388,4.147465437788019,208,217,9,0,208,217,36629,0,0,0,0,0
2020-09-03,US,Ohio,Crawford,199,5,0,40.85065156,-82.91989099,39033.0,479.58741022798483,2.512562814070352,194,197,5,0,192,196,41550,2,0,0,2,1
2020-09-03,US,Ohio,Cuyahoga,15965,591,0,41.424119,-81.65918339,39035.0,1292.6371903824233,3.7018477920450983,15374,15925,582,0,15343,15804,1243857,40,9,0,31,121
2020-09-03,US,Ohio,Darke,645,36,0,40.13412966,-84.6194517,39037.0,1261.9098859389978,5.5813953488372094,609,633,36,0,597,622,51323,12,0,0,12,11
2020-09-03,US,Ohio,Defiance,215,7,0,41.32398837,-84.49076944,39039.0,564.4970724919264,3.255813953488372,208,212,7,0,205,213,38165,3,0,0,3,-1
2020-09-03,US,Ohio,Delaware,1725,20,0,40.27942393,-83.00457058,39041.0,824.6604550213458,1.1594202898550725,1705,1688,20,0,1668,1674,204826,37,0,0,37,14
2020-09-03,US,Ohio,Erie,783,37,0,41.36796058,-82.62904521,39043.0,1054.318261384752,4.725415070242656,746,774,37,0,737,774,74615,9,0,0,9,0
2020-09-03,US,Ohio,Fairfield,1762,42,0,39.75107189,-82.63088163,39045.0,1118.204779976392,2.3836549375709417,1720,1753,40,0,1713,1738,155782,9,2,0,7,15
2020-09-03,US,Ohio,Fayette,198,5,0,39.56021306,-83.4562016,39047.0,694.127957931639,2.525252525252525,193,193,5,0,188,192,28666,5,0,0,5,1
2020-09-03,US,Ohio,Franklin,22392,565,0,39.96995815,-83.01115755,39049.0,1700.5428492446588,2.5232225794926757,21827,22161,563,0,21598,22005,1310300,231,2,0,229,156
2020-09-03,US,Ohio,Fulton,193,1,0,41.60213491,-84.12571393,39051.0,458.14936143949103,0.5181347150259067,192,192,1,0,191,187,42276,1,0,0,1,5
2020-09-03,US,Ohio,Gallia,152,4,0,38.82708533,-82.31647569,39053.0,508.39521038196517,2.631578947368421,148,150,4,0,146,147,29979,2,0,0,2,3
2020-09-03,US,Ohio,Geauga,634,46,0,41.49952319,-81.17935342,39055.0,676.9960170423602,7.255520504731861,588,627,46,0,581,623,94031,7,0,0,7,4
2020-09-03,US,Ohio,Greene,1035,20,0,39.69116283,-83.89032084,39057.0,612.6544214707258,1.932367149758454,1015,1020,20,0,1000,992,167995,15,0,0,15,28
2020-09-03,US,Ohio,Guernsey,137,7,0,40.05026529,-81.49248905,39059.0,352.41157556270105,5.109489051094892,130,137,7,0,130,133,39022,0,0,0,0,4
2020-09-03,US,Ohio,Hamilton,11494,289,0,39.19673558,-84.54502924,39061.0,1406.0403218210265,2.5143553158169483,11205,11356,287,0,11069,11285,816684,138,2,0,136,71
2020-09-03,US,Ohio,Hancock,549,7,0,41.00250487,-83.66838948,39063.0,724.4368789834133,1.275045537340619,542,536,7,0,529,527,75930,13,0,0,13,9
2020-09-03,US,Ohio,Hardin,230,13,0,40.66015414,-83.65929931,39065.0,733.3014506615656,5.652173913043479,217,224,13,0,211,223,31480,6,0,0,6,1
2020-09-03,US,Ohio,Harrison,31,1,0,40.29380509,-81.09068544,39067.0,206.1170212765957,3.2258064516129035,30,31,1,0,30,31,15174,0,0,0,0,0
2020-09-03,US,Ohio,Henry,221,3,0,41.333964200000004,-84.06830637,39069.0,818.3366659260905,1.3574660633484164,218,218,3,0,215,216,27086,3,0,0,3,2
2020-09-03,US,Ohio,Highland,193,3,0,39.1839264,-83.60331456,39071.0,447.162948031788,1.5544041450777202,190,192,3,0,189,191,43058,1,0,0,1,1
2020-09-03,US,Ohio,Hocking,143,9,0,39.49537927,-82.47991446,39073.0,505.9439569770733,6.293706293706293,134,143,9,0,134,143,28385,0,0,0,0,0
2020-09-03,US,Ohio,Holmes,351,7,0,40.56163713,-81.92635677,39075.0,798.4531392174704,1.9943019943019944,344,351,7,0,344,351,43892,0,0,0,0,0
2020-09-03,US,Ohio,Huron,483,6,0,41.14651175,-82.59867951,39077.0,828.9568530532385,1.2422360248447204,477,481,6,0,475,479,58504,2,0,0,2,2
2020-09-03,US,Ohio,Jackson,178,1,0,39.01914254,-82.61818559999998,39079.0,549.1623731218955,0.5617977528089888,177,176,1,0,175,173,32384,2,0,0,2,3
2020-09-03,US,Ohio,Jefferson,288,4,0,40.38614126,-80.76259514,39081.0,440.87256027554537,1.3888888888888888,284,275,4,0,271,275,65767,13,0,0,13,0
2020-09-03,US,Ohio,Knox,255,15,0,40.39830217,-82.42027563,39083.0,409.165302782324,5.882352941176472,240,252,14,0,238,248,61893,3,1,0,2,4
2020-09-03,US,Ohio,Lake,1362,44,0,41.69710807,-81.23676539,39085.0,591.7905356964401,3.2305433186490453,1318,1339,44,0,1295,1328,230514,23,0,0,23,11
2020-09-03,US,Ohio,Lawrence,465,14,0,38.59743452,-82.53466552,39087.0,781.9988900660915,3.010752688172043,451,454,14,0,440,445,59866,11,0,0,11,9
2020-09-03,US,Ohio,Licking,1639,57,0,40.09136236,-82.48185785,39089.0,926.7112211780935,3.4777303233679078,1582,1622,57,0,1565,1611,175769,17,0,0,17,11
2020-09-03,US,Ohio,Logan,246,2,0,40.38996525,-83.76784341,39091.0,538.6232264844981,0.8130081300813008,244,243,2,0,241,242,45358,3,0,0,3,1
2020-09-03,US,Ohio,Lorain,2130,83,0,41.29553751,-82.15083537,39093.0,687.4671193836681,3.8967136150234736,2047,2115,81,0,2034,2111,309461,15,2,0,13,4
2020-09-03,US,Ohio,Lucas,6585,348,0,41.62101218,-83.65468618,39095.0,1537.3014464874357,5.284738041002278,6237,6527,343,0,6184,6475,429899,58,5,0,53,52
2020-09-03,US,Ohio,Madison,712,11,0,39.89381073,-83.40178317,39097.0,1591.7372739263599,1.5449438202247192,701,705,11,0,694,704,44413,7,0,0,7,1
2020-09-03,US,Ohio,Mahoning,2874,271,0,41.01631101,-80.77287029,39099.0,1256.7615432716905,9.429366736256089,2603,2868,266,0,2602,2864,229642,6,5,0,1,4
2020-09-03,US,Ohio,Marion,3014,46,0,40.58610662,-83.15736305,39101.0,4630.298188745333,1.5262110152621102,2968,3009,46,0,2963,3006,65256,5,0,0,5,3
2020-09-03,US,Ohio,Medina,1252,38,0,41.11770589,-81.89986209999998,39103.0,696.538448699832,3.0351437699680512,1214,1239,38,0,1201,1219,179146,13,0,0,13,20
2020-09-03,US,Ohio,Meigs,132,4,0,39.09224872,-82.0305041,39105.0,576.24306980399,3.0303030303030303,128,132,4,0,128,127,23106,0,0,0,0,5
2020-09-03,US,Ohio,Mercer,853,17,0,40.54043046,-84.62912742,39107.0,2071.7963664626445,1.9929660023446656,836,837,17,0,820,833,40959,16,0,0,16,4
2020-09-03,US,Ohio,Miami,1099,43,0,40.0543329,-84.22871271,39109.0,1027.2276070924504,3.9126478616924483,1056,1088,43,0,1045,1075,106222,11,0,0,11,13
2020-09-03,US,Ohio,Monroe,105,18,0,39.72984936,-81.08464734,39111.0,769.0054196572434,17.142857142857142,87,105,18,0,87,104,13790,0,0,0,0,1
2020-09-03,US,Ohio,Montgomery,6309,133,0,39.75394919,-84.29050975,39113.0,1186.6003870698362,2.108099540339198,6176,6210,133,0,6077,6092,532331,99,0,0,99,118
2020-09-03,US,Ohio,Morgan,45,0,0,39.62081738,-81.85308173,39115.0,310.1736972704714,0.0,45,44,0,0,44,44,14604,1,0,0,1,0
2020-09-03,US,Ohio,Morrow,235,2,0,40.52363560000001,-82.7892599,39117.0,665.1947463768116,0.851063829787234,233,235,2,0,233,233,35112,0,0,0,0,2
2020-09-03,US,Ohio,Muskingum,311,2,0,39.96575964,-81.94363275,39119.0,360.72609174737573,0.6430868167202572,309,308,2,0,306,301,86183,3,0,0,3,7
2020-09-03,US,Ohio,Noble,23,0,0,39.76818851,-81.45937183,39121.0,159.45646145313367,0.0,23,23,0,0,23,23,14354,0,0,0,0,0
2020-09-03,US,Ohio,Ottawa,454,30,0,41.53781826,-83.0940185,39123.0,1120.2961135101787,6.607929515418503,424,453,29,0,424,451,40769,1,1,0,0,2
2020-09-03,US,Ohio,Paulding,84,0,0,41.11676341,-84.5801017,39125.0,449.87146529562966,0.0,84,83,0,0,83,79,18760,1,0,0,1,4
2020-09-03,US,Ohio,Perry,239,8,0,39.73508655,-82.23804971,39127.0,661.4269109426025,3.3472803347280333,231,235,8,0,227,235,36033,4,0,0,4,0
2020-09-03,US,Ohio,Pickaway,2503,43,0,39.64170392,-83.0243386,39129.0,4281.7797697452825,1.7179384738314023,2460,2500,43,0,2457,2495,58086,3,0,0,3,5
2020-09-03,US,Ohio,Pike,111,0,0,39.07634001,-83.06769584,39131.0,399.6831340918911,0.0,111,108,0,0,108,108,28067,3,0,0,3,0
2020-09-03,US,Ohio,Portage,888,65,0,41.16793482,-81.19735782,39133.0,546.5758989573203,7.31981981981982,823,882,65,0,817,865,162927,6,0,0,6,17
2020-09-03,US,Ohio,Preble,364,5,0,39.7420247,-84.64787018,39135.0,890.367398855242,1.3736263736263736,359,359,4,0,355,352,40997,5,1,0,4,7
2020-09-03,US,Ohio,Putnam,371,17,0,41.02094889,-84.1336111,39137.0,1095.655769173976,4.5822102425876015,354,359,17,0,342,343,33780,12,0,0,12,16
2020-09-03,US,Ohio,Richland,711,17,0,40.77180308,-82.53799609999999,39139.0,586.8563976426698,2.3909985935302394,694,707,17,0,690,703,121099,4,0,0,4,4
2020-09-03,US,Ohio,Ross,764,14,0,39.33705391,-83.06000914,39141.0,996.530404612214,1.8324607329842928,750,727,14,0,713,712,76931,37,0,0,37,15
2020-09-03,US,Ohio,Sandusky,528,18,0,41.35624126,-83.137872,39143.0,902.2864759561161,3.4090909090909087,510,525,17,0,508,520,58799,3,1,0,2,5
2020-09-03,US,Ohio,Scioto,385,3,0,38.80270163,-82.98907345,39145.0,511.1931380619805,0.7792207792207793,382,378,3,0,375,365,75502,7,0,0,7,13
2020-09-03,US,Ohio,Seneca,371,12,0,41.12351311,-83.12783209,39147.0,672.3694225959622,3.2345013477088953,359,368,12,0,356,359,55207,3,0,0,3,9
2020-09-03,US,Ohio,Shelby,390,4,0,40.33163494,-84.20258189,39149.0,802.6342868903065,1.0256410256410255,386,376,4,0,372,374,48627,14,0,0,14,2
2020-09-03,US,Ohio,Stark,2395,155,0,40.81482476,-81.36437305,39151.0,646.238862835464,6.471816283924843,2240,2366,153,0,2213,2354,371574,29,2,0,27,12
2020-09-03,US,Ohio,Summit,4582,235,0,41.12464734,-81.53123079,39153.0,846.9297410598268,5.128764731558272,4347,4542,235,0,4307,4505,541918,40,0,0,40,37
2020-09-03,US,Ohio,Trumbull,1768,125,0,41.31735028,-80.76109643,39155.0,893.0465616697142,7.070135746606335,1643,1758,123,0,1635,1751,198627,10,2,0,8,7
2020-09-03,US,Ohio,Tuscarawas,872,17,0,40.44214695,-81.47226262,39157.0,947.9600378314328,1.9495412844036697,855,868,18,0,850,865,92176,4,-1,0,5,3
2020-09-03,US,Ohio,Union,379,1,0,40.30016061,-83.37239023,39159.0,642.503560046111,0.2638522427440633,378,381,1,0,380,376,57835,-2,0,0,-2,5
2020-09-03,US,Ohio,Van Wert,94,2,0,40.8554138,-84.59111700000003,39161.0,332.44916003536696,2.127659574468085,92,92,2,0,90,91,28281,2,0,0,2,1
2020-09-03,US,Ohio,Vinton,39,2,0,39.25208988,-82.4831444,39163.0,298.0512036683225,5.128205128205129,37,39,2,0,37,39,13139,0,0,0,0,0
2020-09-03,US,Ohio,Warren,2417,42,0,39.42581994,-84.16557457,39165.0,1030.2554965430816,1.7376913529168392,2375,2388,42,0,2346,2367,232173,29,0,0,29,21
2020-09-03,US,Ohio,Washington,228,23,0,39.45690571,-81.49121382,39167.0,380.5645040142879,10.087719298245617,205,227,23,0,204,227,60155,1,0,0,1,0
2020-09-03,US,Ohio,Wayne,789,63,0,40.82925852,-81.88844833,39169.0,681.8771065595023,7.984790874524715,726,770,61,0,709,765,115967,19,2,0,17,5
2020-09-03,US,Ohio,Williams,163,3,0,41.56052014,-84.58429552,39171.0,444.2385261092337,1.8404907975460123,160,162,3,0,159,160,36804,1,0,0,1,2
2020-09-03,US,Ohio,Wood,1382,64,0,41.36224827,-83.62285108,39173.0,1056.437618963896,4.630969609261938,1318,1371,61,0,1310,1351,130696,11,3,0,8,20
2020-09-03,US,Ohio,Wyandot,191,11,0,40.84339621,-83.30734173,39175.0,877.273562373691,5.7591623036649215,180,188,11,0,177,187,21935,3,0,0,3,1
2020-09-03,US,Oklahoma,Adair,483,10,0,35.88494195,-94.65859267,40001.0,2176.263855095972,2.070393374741201,473,469,10,0,459,458,22082,14,0,0,14,11
2020-09-03,US,Oklahoma,Alfalfa,14,0,0,36.73090616,-98.32408495,40003.0,245.5278849526482,0.0,14,14,0,0,14,14,5754,0,0,0,0,0
2020-09-03,US,Oklahoma,Atoka,153,1,0,34.37366573,-96.03802487,40005.0,1112.0802442215438,0.6535947712418301,152,152,1,0,151,113,13838,1,0,0,1,39
2020-09-03,US,Oklahoma,Beaver,44,0,0,36.7496847,-100.4758872,40007.0,828.4692148371304,0.0,44,44,0,0,44,44,5319,0,0,0,0,0
2020-09-03,US,Oklahoma,Beckham,129,1,0,35.26862449,-99.68128023,40009.0,590.1459353126859,0.7751937984496124,128,126,1,0,125,125,21709,3,0,0,3,1
2020-09-03,US,Oklahoma,Blaine,79,1,0,35.87518314,-98.43307003,40011.0,837.8407042104146,1.2658227848101269,78,74,1,0,73,75,9485,5,0,0,5,-1
2020-09-03,US,Oklahoma,Bryan,624,3,0,33.96472458,-96.25903472,40013.0,1300.135430774039,0.4807692307692308,621,613,3,0,610,609,47192,11,0,0,11,4
2020-09-03,US,Oklahoma,Caddo,580,20,0,35.17364557,-98.37534464,40015.0,2016.5496140741254,3.4482758620689653,560,568,20,0,548,571,28977,12,0,0,12,-3
2020-09-03,US,Oklahoma,Canadian,1568,13,0,35.5426055,-97.98465569,40017.0,1057.273475112268,0.8290816326530612,1555,1556,13,0,1543,1547,144447,12,0,0,12,9
2020-09-03,US,Oklahoma,Carter,418,7,0,34.25103751,-97.28552485,40019.0,868.8241774230426,1.6746411483253592,411,417,6,0,411,416,48177,1,1,0,0,1
2020-09-03,US,Oklahoma,Cherokee,722,7,0,35.90692775,-94.99980896,40021.0,1483.856382432127,0.969529085872576,715,700,7,0,693,686,48675,22,0,0,22,14
2020-09-03,US,Oklahoma,Choctaw,253,2,0,34.02807439,-95.54771129,40023.0,1724.3729552889858,0.7905138339920948,251,252,2,0,250,246,14668,1,0,0,1,6
2020-09-03,US,Oklahoma,Cimarron,14,0,0,36.74817177,-102.5173885,40025.0,655.1240056153488,0.0,14,14,0,0,14,14,2153,0,0,0,0,0
2020-09-03,US,Oklahoma,Cleveland,4105,65,0,35.20413532,-97.32519562,40027.0,1445.3512855000104,1.5834348355663823,4040,4019,65,0,3954,3991,281669,86,0,0,86,28
2020-09-03,US,Oklahoma,Coal,60,0,0,34.58840127,-96.29798747,40029.0,1091.901728844404,0.0,60,60,0,0,60,59,5520,0,0,0,0,1
2020-09-03,US,Oklahoma,Comanche,1283,11,0,34.65973764,-98.47195055,40031.0,1062.534679376227,0.857365549493375,1272,1280,11,0,1269,1261,120422,3,0,0,3,19
2020-09-03,US,Oklahoma,Cotton,34,2,0,34.28845626,-98.37053567,40033.0,600.0705965407695,5.882352941176472,32,32,2,0,30,31,5776,2,0,0,2,1
2020-09-03,US,Oklahoma,Craig,144,1,0,36.76268118,-95.20916602,40035.0,1018.2435299109036,0.6944444444444444,143,129,1,0,128,123,14306,15,0,0,15,6
2020-09-03,US,Oklahoma,Creek,846,22,0,35.90230551,-96.37086028,40037.0,1182.8528285003215,2.600472813238771,824,836,22,0,814,828,71604,10,0,0,10,8
2020-09-03,US,Oklahoma,Custer,336,0,0,35.63853802,-99.00170785,40039.0,1158.5008447401992,0.0,336,332,0,0,332,332,29036,4,0,0,4,0
2020-09-03,US,Oklahoma,Delaware,556,22,0,36.40823634,-94.80325046,40041.0,1292.7526796716966,3.956834532374101,534,551,22,0,529,546,42733,5,0,0,5,5
2020-09-03,US,Oklahoma,Dewey,24,1,0,35.98772922,-99.00730714,40043.0,490.6971989368228,4.166666666666667,23,21,1,0,20,21,4894,3,0,0,3,0
2020-09-03,US,Oklahoma,Ellis,6,0,0,36.218019399999996,-99.75324573,40045.0,155.48069448043537,0.0,6,6,0,0,6,6,3952,0,0,0,0,0
2020-09-03,US,Oklahoma,Garfield,1061,12,0,36.3791334,-97.78265517,40047.0,1737.7489517819706,1.1310084825636193,1049,1027,12,0,1015,993,60913,34,0,0,34,34
2020-09-03,US,Oklahoma,Garvin,266,4,0,34.70418038,-97.30811132,40049.0,959.907617913464,1.5037593984962403,262,264,4,0,260,261,27811,2,0,0,2,3
2020-09-03,US,Oklahoma,Grady,547,7,0,35.0167709,-97.88339847,40051.0,979.6897947487197,1.279707495429616,540,542,7,0,535,535,55551,5,0,0,5,7
2020-09-03,US,Oklahoma,Grant,27,0,0,36.796296999999996,-97.78638765,40053.0,623.1248557581353,0.0,27,27,0,0,27,25,4326,0,0,0,0,2
2020-09-03,US,Oklahoma,Greer,88,8,0,34.93535801,-99.56056120000001,40055.0,1540.6162464985996,9.090909090909092,80,88,8,0,80,88,5821,0,0,0,0,0
2020-09-03,US,Oklahoma,Harmon,40,0,0,34.7440135,-99.84741652,40057.0,1507.7271013946474,0.0,40,40,0,0,40,39,2664,0,0,0,0,1
2020-09-03,US,Oklahoma,Harper,18,0,0,36.78836519,-99.6679804,40059.0,488.0694143167028,0.0,18,17,0,0,17,17,3797,1,0,0,1,0
2020-09-03,US,Oklahoma,Haskell,174,4,0,35.22257600000001,-95.11513306,40061.0,1377.9995248277496,2.2988505747126435,170,171,4,0,167,167,12668,3,0,0,3,4
2020-09-03,US,Oklahoma,Hughes,223,4,0,35.04912569,-96.24921145,40063.0,1679.3433240454856,1.7937219730941705,219,221,4,0,217,217,13335,2,0,0,2,4
2020-09-03,US,Oklahoma,Jackson,602,9,0,34.58781741,-99.41138784,40065.0,2454.13779046066,1.495016611295681,593,597,9,0,588,596,24949,5,0,0,5,1
2020-09-03,US,Oklahoma,Jefferson,36,0,0,34.11130184,-97.83182974,40067.0,599.8000666444517,0.0,36,36,0,0,36,36,6123,0,0,0,0,0
2020-09-03,US,Oklahoma,Johnston,99,2,0,34.31440473,-96.66011537,40069.0,893.0987821380245,2.0202020202020203,97,93,1,0,92,94,10949,6,1,0,5,-1
2020-09-03,US,Oklahoma,Kay,340,12,0,36.81799745,-97.14421435,40071.0,780.927006293353,3.5294117647058822,328,327,12,0,315,326,44161,13,0,0,13,1
2020-09-03,US,Oklahoma,Kingfisher,263,2,0,35.94530008,-97.94193268,40073.0,1668.2524579765302,0.7604562737642585,261,264,2,0,262,262,15816,-1,0,0,-1,2
2020-09-03,US,Oklahoma,Kiowa,46,1,0,34.91671958,-98.97720696,40075.0,528.2498851630685,2.1739130434782608,45,45,1,0,44,44,8729,1,0,0,1,1
2020-09-03,US,Oklahoma,Latimer,114,2,0,34.87844729,-95.25215049,40077.0,1131.7383103345578,1.7543859649122806,112,114,2,0,112,113,10231,0,0,0,0,1
2020-09-03,US,Oklahoma,Le Flore,721,9,0,34.89851864,-94.70392124,40079.0,1446.2519808236216,1.2482662968099858,712,694,7,0,687,672,49980,27,2,0,25,22
2020-09-03,US,Oklahoma,Lincoln,314,9,0,35.70270942,-96.8812462,40081.0,900.3067924420105,2.8662420382165603,305,305,8,0,297,303,34920,9,1,0,8,2
2020-09-03,US,Oklahoma,Logan,310,1,0,35.91899576,-97.44352845,40083.0,645.6853637708025,0.3225806451612903,309,308,1,0,307,305,47291,2,0,0,2,3
2020-09-03,US,Oklahoma,Love,114,1,0,33.95273467,-97.23906784,40085.0,1111.869696674144,0.8771929824561403,113,109,0,0,109,108,10134,5,1,0,4,1
2020-09-03,US,Oklahoma,Major,54,1,0,36.31149996,-98.53467076,40093.0,707.8254030672432,1.851851851851852,53,53,1,0,52,52,7644,1,0,0,1,1
2020-09-03,US,Oklahoma,Marshall,133,1,0,34.02311222,-96.76855464,40095.0,785.5413147480953,0.7518796992481203,132,132,1,0,131,131,16806,1,0,0,1,1
2020-09-03,US,Oklahoma,Mayes,426,10,0,36.30179091,-95.23175116,40097.0,1036.4963503649637,2.347417840375587,416,420,9,0,411,417,41107,6,1,0,5,3
2020-09-03,US,Oklahoma,McClain,599,4,0,35.01123903,-97.44572302,40087.0,1479.9624450264364,0.667779632721202,595,588,4,0,584,580,39985,11,0,0,11,8
2020-09-03,US,Oklahoma,McCurtain,1056,30,0,34.11664328,-94.77222373,40089.0,3216.374269005848,2.8409090909090913,1026,1037,30,0,1007,1030,32703,19,0,0,19,7
2020-09-03,US,Oklahoma,McIntosh,241,4,0,35.37235506,-95.66599306,40091.0,1229.84282506634,1.6597510373443984,237,241,4,0,237,239,19815,0,0,0,0,2
2020-09-03,US,Oklahoma,Murray,90,1,0,34.48116015,-97.06826283,40099.0,639.5224898742272,1.1111111111111112,89,89,1,0,88,90,13953,1,0,0,1,-1
2020-09-03,US,Oklahoma,Muskogee,1408,17,0,35.61318461,-95.37802952,40101.0,2070.6795888053884,1.2073863636363635,1391,1381,17,0,1364,1327,68362,27,0,0,27,54
2020-09-03,US,Oklahoma,Noble,113,2,0,36.38953329,-97.22928674,40103.0,1015.1828227472824,1.7699115044247788,111,111,2,0,109,107,11289,2,0,0,2,4
2020-09-03,US,Oklahoma,Nowata,104,1,0,36.79843529,-95.61902331,40105.0,1032.1556173084557,0.9615384615384616,103,101,1,0,100,100,10218,3,0,0,3,1
2020-09-03,US,Oklahoma,Okfuskee,110,3,0,35.46485198,-96.32639984,40107.0,917.2017009922456,2.727272727272727,107,107,3,0,104,103,12098,3,0,0,3,4
2020-09-03,US,Oklahoma,Oklahoma,13791,158,0,35.55140095,-97.40716948,40109.0,1729.4221214545655,1.1456747153940976,13633,13689,156,0,13533,13566,792582,102,2,0,100,123
2020-09-03,US,Oklahoma,Okmulgee,640,5,0,35.64661916,-95.96432828,40111.0,1663.8502534771872,0.78125,635,630,4,0,626,621,38335,10,1,0,9,9
2020-09-03,US,Oklahoma,Osage,657,12,0,36.62888819,-96.39635704,40113.0,1398.9736601154098,1.8264840182648399,645,649,12,0,637,647,47014,8,0,0,8,2
2020-09-03,US,Oklahoma,Ottawa,555,4,0,36.83532655,-94.81011909,40115.0,1783.017958685385,0.7207207207207207,551,544,4,0,540,531,31175,11,0,0,11,13
2020-09-03,US,Oklahoma,Pawnee,223,3,0,36.31743373,-96.70331759999999,40117.0,1361.7489008304835,1.345291479820628,220,218,3,0,215,219,16390,5,0,0,5,-1
2020-09-03,US,Oklahoma,Payne,1319,5,0,36.07695283,-96.97584944,40119.0,1612.784896801331,0.3790750568612585,1314,1239,5,0,1234,1196,82040,80,0,0,80,43
2020-09-03,US,Oklahoma,Pittsburg,602,18,0,34.92065823,-95.75134320000001,40121.0,1379.0259770009616,2.990033222591362,584,599,16,0,583,593,43877,3,2,0,1,6
2020-09-03,US,Oklahoma,Pontotoc,249,3,0,34.72959848,-96.68337199,40123.0,650.4022568174695,1.2048192771084338,246,244,3,0,241,244,38247,5,0,0,5,0
2020-09-03,US,Oklahoma,Pottawatomie,887,9,0,35.20614018,-96.94923008,40125.0,1221.8977297773856,1.0146561443066515,878,877,9,0,868,872,72679,10,0,0,10,5
2020-09-03,US,Oklahoma,Pushmataha,131,1,0,34.41635232,-95.37603505,40127.0,1180.6056236481616,0.7633587786259542,130,127,1,0,126,126,11179,4,0,0,4,1
2020-09-03,US,Oklahoma,Roger Mills,14,1,0,35.68711719,-99.69666167,40129.0,390.73402176946695,7.142857142857142,13,14,1,0,13,13,3656,0,0,0,0,1
2020-09-03,US,Oklahoma,Rogers,1348,42,0,36.37004357,-95.60406759,40131.0,1457.9435209119715,3.115727002967359,1306,1334,41,0,1293,1322,91984,14,1,0,13,12
2020-09-03,US,Oklahoma,Seminole,338,5,0,35.16478725,-96.61686741,40133.0,1393.3547695605573,1.4792899408284024,333,332,5,0,327,327,24578,6,0,0,6,5
2020-09-03,US,Oklahoma,Sequoyah,591,8,0,35.49447108,-94.75463785,40135.0,1421.7325410762824,1.3536379018612519,583,585,8,0,577,583,41179,6,0,0,6,2
2020-09-03,US,Oklahoma,Stephens,256,4,0,34.48556989,-97.85141892,40137.0,593.3755186241107,1.5625,252,252,4,0,248,253,43265,4,0,0,4,-1
2020-09-03,US,Oklahoma,Texas,1189,7,0,36.74777635,-101.4889765,40139.0,5950.057548916579,0.5887300252312868,1182,1181,7,0,1174,1160,20455,8,0,0,8,21
2020-09-03,US,Oklahoma,Tillman,70,1,0,34.37288446,-98.92426619,40141.0,965.5172413793103,1.4285714285714286,69,69,1,0,68,69,7348,1,0,0,1,0
2020-09-03,US,Oklahoma,Tulsa,13742,136,0,36.11939621,-95.94013939,40143.0,2109.117921516625,0.9896667151797408,13606,13557,135,0,13422,13376,648360,185,1,0,184,181
2020-09-03,US,Oklahoma,Unassigned,40,0,0,0.0,0.0,90040.0,0.0,0.0,40,15,0,0,15,60,,25,0,0,25,-45
2020-09-03,US,Oklahoma,Wagoner,1188,23,0,35.96024096,-95.51911308,40145.0,1461.4523490263134,1.9360269360269362,1165,1179,23,0,1156,1164,80110,9,0,0,9,15
2020-09-03,US,Oklahoma,Washington,816,40,0,36.71380786,-95.90514104,40147.0,1583.635763774332,4.901960784313727,776,803,40,0,763,798,51843,13,0,0,13,5
2020-09-03,US,Oklahoma,Washita,43,0,0,35.29071824,-98.99180434,40149.0,393.9171857823378,0.0,43,43,0,0,43,42,11127,0,0,0,0,1
2020-09-03,US,Oklahoma,Woods,26,0,0,36.76705782,-98.86573064,40151.0,295.6897532127829,0.0,26,25,0,0,25,25,8897,1,0,0,1,0
2020-09-03,US,Oklahoma,Woodward,100,0,0,36.42316318,-99.26283045,40153.0,494.78007025876997,0.0,100,99,0,0,99,98,20222,1,0,0,1,1
2020-09-03,US,Oregon,Baker,77,2,0,44.70915557,-117.6749883,41001.0,477.54899528652936,2.5974025974025974,75,75,2,0,73,74,16006,2,0,0,2,1
2020-09-03,US,Oregon,Benton,217,6,0,44.49167306,-123.4316987,41003.0,233.200434161177,2.7649769585253456,211,217,6,0,211,217,92101,0,0,0,0,0
2020-09-03,US,Oregon,Clackamas,2003,56,0,45.18787398,-122.2179634,41005.0,478.9723257777024,2.7958062905641543,1947,1981,56,0,1925,1979,416075,22,0,0,22,2
2020-09-03,US,Oregon,Clatsop,96,0,0,45.99712889,-123.660711,41007.0,238.6634844868735,0.0,96,96,0,0,96,96,39764,0,0,0,0,0
2020-09-03,US,Oregon,Columbia,132,1,0,45.94464254,-123.08908980000001,41009.0,252.12973220766318,0.7575757575757576,131,130,1,0,129,130,52377,2,0,0,2,0
2020-09-03,US,Oregon,Coos,122,0,0,43.17406868,-124.0594514,41011.0,189.18541721587292,0.0,122,118,0,0,118,116,64389,4,0,0,4,2
2020-09-03,US,Oregon,Crook,55,1,0,44.14230227,-120.356297,41013.0,225.37288969021472,1.818181818181818,54,55,1,0,54,55,23867,0,0,0,0,0
2020-09-03,US,Oregon,Curry,21,0,0,42.45911325,-124.15728200000001,41015.0,91.6030534351145,0.0,21,21,0,0,21,20,22813,0,0,0,0,1
2020-09-03,US,Oregon,Deschutes,698,11,0,43.91570171,-121.2289121,41017.0,353.07447949335335,1.5759312320916905,687,694,11,0,683,693,191996,4,0,0,4,1
2020-09-03,US,Oregon,Douglas,180,3,0,43.27941273,-123.16729099999999,41019.0,162.19138583528562,1.6666666666666667,177,179,3,0,176,178,110283,1,0,0,1,1
2020-09-03,US,Oregon,Gilliam,4,0,0,45.37160076,-120.20488689999999,41021.0,209.20502092050208,0.0,4,4,0,0,4,4,1894,0,0,0,0,0
2020-09-03,US,Oregon,Grant,8,0,0,44.49024544,-119.0068631,41023.0,111.12654535352131,0.0,8,8,0,0,8,8,7176,0,0,0,0,0
2020-09-03,US,Oregon,Harney,12,0,0,43.06422669,-118.96663059999999,41025.0,162.31570404436633,0.0,12,12,0,0,12,12,7329,0,0,0,0,0
2020-09-03,US,Oregon,Hood River,236,0,0,45.51872811,-121.65520359999998,41027.0,1009.3234111709862,0.0,236,236,0,0,236,236,23428,0,0,0,0,0
2020-09-03,US,Oregon,Jackson,853,3,0,42.43201126,-122.72893090000001,41029.0,386.0706785429792,0.3516998827667057,850,835,3,0,832,821,219564,18,0,0,18,14
2020-09-03,US,Oregon,Jefferson,467,7,0,44.62806839,-121.17832,41031.0,1893.908670614,1.4989293361884368,460,461,7,0,454,461,24192,6,0,0,6,0
2020-09-03,US,Oregon,Josephine,162,2,0,42.3665549,-123.5561938,41033.0,185.1703681689851,1.2345679012345678,160,161,2,0,159,158,87393,1,0,0,1,3
2020-09-03,US,Oregon,Klamath,235,2,0,42.68762984,-121.64964609999998,41035.0,344.382895161054,0.851063829787234,233,235,2,0,233,235,67653,0,0,0,0,0
2020-09-03,US,Oregon,Lake,29,0,0,42.79246693,-120.38501629999999,41037.0,368.5347566399797,0.0,29,29,0,0,29,30,7879,0,0,0,0,-1
2020-09-03,US,Oregon,Lane,747,6,0,43.93727035,-122.847753,41039.0,195.51544624372158,0.8032128514056225,741,736,6,0,730,726,379611,11,0,0,11,10
2020-09-03,US,Oregon,Lincoln,467,13,0,44.64252874,-123.86991200000001,41041.0,934.7103798887157,2.78372591006424,454,466,13,0,453,466,49388,1,0,0,1,0
2020-09-03,US,Oregon,Linn,393,13,0,44.48899494,-122.53731540000001,41043.0,302.8925078420644,3.307888040712468,380,391,13,0,378,389,127335,2,0,0,2,2
2020-09-03,US,Oregon,Malheur,1219,20,0,43.1937027,-117.62273950000001,41045.0,3987.439076248733,1.6406890894175554,1199,1196,19,0,1177,1189,30725,23,1,0,22,7
2020-09-03,US,Oregon,Marion,3920,81,0,44.90287942,-122.58151170000001,41047.0,1127.026203359228,2.0663265306122454,3839,3887,80,0,3807,3870,346868,33,1,0,32,17
2020-09-03,US,Oregon,Morrow,447,3,0,45.41846568,-119.584546,41049.0,3852.451952081359,0.6711409395973155,444,440,3,0,437,439,11372,7,0,0,7,1
2020-09-03,US,Oregon,Multnomah,6142,120,0,45.54747959,-122.4169351,41051.0,755.608318826851,1.953760989905568,6022,6081,120,0,5961,6053,811880,61,0,0,61,28
2020-09-03,US,Oregon,Polk,437,15,0,44.90322804,-123.4128888,41053.0,507.6377998489865,3.432494279176201,422,436,15,0,421,429,85234,1,0,0,1,7
2020-09-03,US,Oregon,Sherman,18,0,0,45.41501554,-120.6827834,41055.0,1011.2359550561798,0.0,18,18,0,0,18,17,1708,0,0,0,0,1
2020-09-03,US,Oregon,Tillamook,38,0,0,45.46248721,-123.712066,41057.0,140.55333629235093,0.0,38,38,0,0,38,38,26787,0,0,0,0,0
2020-09-03,US,Oregon,Umatilla,2721,38,0,45.59073056,-118.7353826,41059.0,3490.6991661321363,1.3965453877251008,2683,2707,38,0,2669,2694,77516,14,0,0,14,13
2020-09-03,US,Oregon,Union,419,2,0,45.30915495,-118.0068979,41061.0,1561.3937022545185,0.47732696897374705,417,420,2,0,418,420,26461,-1,0,0,-1,0
2020-09-03,US,Oregon,Wallowa,23,1,0,45.57894064,-117.18353799999998,41063.0,319.0899001109878,4.3478260869565215,22,23,1,0,22,22,7081,0,0,0,0,1
2020-09-03,US,Oregon,Wasco,212,3,0,45.16292781,-121.16709540000001,41065.0,794.5431376958252,1.4150943396226414,209,208,3,0,205,207,26505,4,0,0,4,1
2020-09-03,US,Oregon,Washington,3877,47,0,45.55972701,-123.0955257,41067.0,644.456708200907,1.212277534175909,3830,3838,47,0,3791,3822,597695,39,0,0,39,16
2020-09-03,US,Oregon,Yamhill,649,14,0,45.23330449,-123.3086963,41071.0,605.9757236227823,2.157164869029276,635,643,14,0,629,642,107002,6,0,0,6,1
2020-09-03,US,Pennsylvania,Adams,686,23,0,39.87140411,-77.21610347,42001.0,665.9612266889301,3.3527696793002915,663,680,23,0,657,648,102811,6,0,0,6,32
2020-09-03,US,Pennsylvania,Allegheny,10549,324,0,40.46809875,-79.98167747,42003.0,867.4843447405318,3.071381173570954,10225,10444,316,0,10128,10376,1218452,105,8,0,97,68
2020-09-03,US,Pennsylvania,Armstrong,341,10,0,40.81665618,-79.46290811,42005.0,526.7629566694986,2.9325513196480935,331,324,10,0,314,320,65263,17,0,0,17,4
2020-09-03,US,Pennsylvania,Beaver,1653,99,0,40.6825484,-80.34921611,42007.0,1008.363376827773,5.9891107078039925,1554,1630,98,0,1532,1618,164742,23,1,0,22,12
2020-09-03,US,Pennsylvania,Bedford,176,5,0,40.00522157,-78.48998442,42009.0,367.52422318743737,2.8409090909090913,171,172,5,0,167,170,48176,4,0,0,4,2
2020-09-03,US,Pennsylvania,Berks,6174,382,0,40.41570541,-75.92457766,42011.0,1465.937259594837,6.187236799481697,5792,6129,382,0,5747,6095,420152,45,0,0,45,34
2020-09-03,US,Pennsylvania,Blair,472,12,0,40.47961444,-78.34917412,42013.0,387.4282806228402,2.5423728813559316,460,468,11,0,457,465,122492,4,1,0,3,3
2020-09-03,US,Pennsylvania,Bradford,99,3,0,41.78869215,-76.51570822,42015.0,164.1165061419359,3.0303030303030303,96,99,3,0,96,99,60833,0,0,0,0,0
2020-09-03,US,Pennsylvania,Bucks,7899,588,0,40.33682119,-75.10836643,42017.0,1257.2620051888518,7.443980250664642,7311,7856,587,0,7269,7824,628195,43,1,0,42,32
2020-09-03,US,Pennsylvania,Butler,821,19,0,40.91152759,-79.91351055,42019.0,437.04385876190423,2.3142509135200973,802,801,19,0,782,789,187888,20,0,0,20,12
2020-09-03,US,Pennsylvania,Cambria,480,6,0,40.49527404,-78.71377428,42021.0,368.6862480029495,1.25,474,473,5,0,468,467,131730,7,1,0,6,6
2020-09-03,US,Pennsylvania,Cameron,8,0,0,41.43625568,-78.20376845,42023.0,179.89655947830002,0.0,8,8,0,0,8,8,4492,0,0,0,0,0
2020-09-03,US,Pennsylvania,Carbon,425,28,0,40.91545395,-75.7068525,42025.0,662.1794272537471,6.588235294117648,397,425,28,0,397,423,64227,0,0,0,0,2
2020-09-03,US,Pennsylvania,Centre,578,11,0,40.92058903,-77.82200624,42027.0,355.94420666933524,1.9031141868512111,567,538,11,0,527,491,162805,40,0,0,40,47
2020-09-03,US,Pennsylvania,Chester,5748,358,0,39.97291773,-75.74768357,42029.0,1094.8800832017432,6.2282533054975655,5390,5748,358,0,5390,5719,522046,0,0,0,0,29
2020-09-03,US,Pennsylvania,Clarion,98,3,0,41.19265812,-79.42413524,42031.0,254.95603309225243,3.0612244897959178,95,98,3,0,95,98,38779,0,0,0,0,0
2020-09-03,US,Pennsylvania,Clearfield,237,1,0,41.00110782,-78.47592663,42033.0,299.0347612138036,0.4219409282700422,236,235,1,0,234,228,79388,2,0,0,2,7
2020-09-03,US,Pennsylvania,Clinton,147,5,0,41.23255967,-77.63785995,42035.0,380.51356388486226,3.4013605442176873,142,143,5,0,138,137,38684,4,0,0,4,6
2020-09-03,US,Pennsylvania,Columbia,728,35,0,41.04821986,-76.40565017,42037.0,1120.6206514377193,4.807692307692308,693,692,35,0,657,675,65456,36,0,0,36,17
2020-09-03,US,Pennsylvania,Crawford,220,2,0,41.68447709,-80.10760592,42039.0,259.95817036713186,0.9090909090909092,218,218,2,0,216,217,85063,2,0,0,2,1
2020-09-03,US,Pennsylvania,Cumberland,1563,72,0,40.1625372,-77.26130755,42041.0,616.8843983107707,4.606525911708253,1491,1553,72,0,1481,1546,251423,10,0,0,10,7
2020-09-03,US,Pennsylvania,Dauphin,3393,165,0,40.41377078,-76.77993242,42043.0,1219.1923075541056,4.8629531388152065,3228,3372,165,0,3207,3355,277097,21,0,0,21,17
2020-09-03,US,Pennsylvania,Delaware,10516,725,0,39.91680171,-75.40243663,42045.0,1855.501661235084,6.894256371243817,9791,10479,725,0,9754,10429,564751,37,0,0,37,50
2020-09-03,US,Pennsylvania,Elk,64,2,0,41.42822061,-78.64524744,42047.0,213.97525911066532,3.125,62,65,2,0,63,64,30169,-1,0,0,-1,1
2020-09-03,US,Pennsylvania,Erie,1370,35,0,41.99253829,-80.03301954,42049.0,507.9190888598885,2.554744525547445,1335,1369,35,0,1334,1358,272061,1,0,0,1,11
2020-09-03,US,Pennsylvania,Fayette,703,6,0,39.92041012,-79.64291195,42051.0,543.8061791234123,0.8534850640113798,697,699,6,0,693,694,130441,4,0,0,4,5
2020-09-03,US,Pennsylvania,Forest,14,0,0,41.51095103,-79.23229292,42053.0,193.1833862287843,0.0,14,14,0,0,14,14,7279,0,0,0,0,0
2020-09-03,US,Pennsylvania,Franklin,1550,47,0,39.92956518,-77.72157791,42055.0,999.8258367897203,3.032258064516129,1503,1540,47,0,1493,1525,154835,10,0,0,10,15
2020-09-03,US,Pennsylvania,Fulton,36,2,0,39.92913544,-78.11163677,42057.0,247.76324845147968,5.5555555555555545,34,36,2,0,34,34,14523,0,0,0,0,2
2020-09-03,US,Pennsylvania,Greene,145,1,0,39.85746531,-80.22357106,42059.0,400.1876742196341,0.6896551724137931,144,140,1,0,139,140,36506,5,0,0,5,0
2020-09-03,US,Pennsylvania,Huntingdon,377,5,0,40.42162652,-77.97673273,42061.0,835.1054403685981,1.326259946949602,372,373,5,0,368,370,45168,4,0,0,4,3
2020-09-03,US,Pennsylvania,Indiana,445,10,0,40.65241041,-79.08963285,42063.0,529.3019161918809,2.247191011235955,435,440,10,0,430,430,84501,5,0,0,5,10
2020-09-03,US,Pennsylvania,Jefferson,98,1,0,41.12913106,-78.9986361,42065.0,225.67645365572827,1.020408163265306,97,97,1,0,96,97,43641,1,0,0,1,0
2020-09-03,US,Pennsylvania,Juniata,151,6,0,40.53358749,-77.39975129999998,42067.0,609.7807212373299,3.9735099337748334,145,151,6,0,145,151,24704,0,0,0,0,0
2020-09-03,US,Pennsylvania,Lackawanna,2129,214,0,41.43564672,-75.60379201,42069.0,1015.3857893682574,10.05166744950681,1915,2117,214,0,1903,2093,210793,12,0,0,12,24
2020-09-03,US,Pennsylvania,Lancaster,6919,435,0,40.03904563,-76.24770128,42071.0,1267.8570119694205,6.2870356988004055,6484,6867,434,0,6433,6789,543557,52,1,0,51,78
2020-09-03,US,Pennsylvania,Lawrence,468,18,0,40.99206278,-80.33393706,42073.0,547.291608195341,3.8461538461538463,450,466,18,0,448,464,86184,2,0,0,2,2
2020-09-03,US,Pennsylvania,Lebanon,1742,57,0,40.36680311,-76.45651841,42075.0,1228.5514799743287,3.2721010332950637,1685,1739,57,0,1682,1736,141314,3,0,0,3,3
2020-09-03,US,Pennsylvania,Lehigh,5244,344,0,40.6154815,-75.59435245,42077.0,1419.914545188699,6.559877955758963,4900,5223,344,0,4879,5212,368100,21,0,0,21,11
2020-09-03,US,Pennsylvania,Luzerne,3818,188,0,41.17823008,-75.98447579,42079.0,1202.8341267165906,4.9240440020953375,3630,3801,188,0,3613,3788,317646,17,0,0,17,13
2020-09-03,US,Pennsylvania,Lycoming,538,23,0,41.34310539,-77.06629984,42081.0,474.8497338899725,4.275092936802974,515,531,23,0,508,526,113664,7,0,0,7,5
2020-09-03,US,Pennsylvania,McKean,41,2,0,41.80938602,-78.56478358,42083.0,100.92307692307692,4.878048780487805,39,40,2,0,38,40,40968,1,0,0,1,0
2020-09-03,US,Pennsylvania,Mercer,560,13,0,41.30248872,-80.25816981,42085.0,511.77072671443193,2.321428571428572,547,553,13,0,540,549,110683,7,0,0,7,4
2020-09-03,US,Pennsylvania,Mifflin,166,1,0,40.61116939,-77.61070738,42087.0,359.79019463349084,0.6024096385542169,165,163,1,0,162,161,46222,3,0,0,3,2
2020-09-03,US,Pennsylvania,Monroe,1730,129,0,41.05934058,-75.34031025,42089.0,1016.0273916286392,7.456647398843932,1601,1720,129,0,1591,1716,169507,10,0,0,10,4
2020-09-03,US,Pennsylvania,Montgomery,11189,863,0,40.21053671,-75.36652296,42091.0,1346.5877977891846,7.71293234426669,10326,11126,863,0,10263,11093,828604,63,0,0,63,33
2020-09-03,US,Pennsylvania,Montour,139,5,0,41.03023987,-76.66345939,42093.0,762.4794295117938,3.5971223021582728,134,137,5,0,132,133,18240,2,0,0,2,4
2020-09-03,US,Pennsylvania,Northampton,4134,301,0,40.75182733,-75.30471829,42095.0,1354.144487937501,7.281083696178036,3833,4130,301,0,3829,4120,304807,4,0,0,4,10
2020-09-03,US,Pennsylvania,Northumberland,732,38,0,40.84785433,-76.70798222,42097.0,805.7858062811664,5.191256830601093,694,703,35,0,668,692,91083,29,3,0,26,11
2020-09-03,US,Pennsylvania,Perry,178,5,0,40.40206612,-77.26297447,42099.0,384.6818810511757,2.808988764044944,173,178,5,0,173,176,46139,0,0,0,0,2
2020-09-03,US,Pennsylvania,Philadelphia,34311,1759,0,40.00338507,-75.1379271,42101.0,2166.010969253768,5.126635772784239,32552,34144,1758,0,32386,33909,1584138,167,1,0,166,235
2020-09-03,US,Pennsylvania,Pike,543,21,0,41.33155042,-75.03208106,42103.0,972.9613503198407,3.867403314917127,522,544,21,0,523,543,55933,-1,0,0,-1,1
2020-09-03,US,Pennsylvania,Potter,25,0,0,41.74471626,-77.89559864,42105.0,151.27677598935009,0.0,25,25,0,0,25,25,16622,0,0,0,0,0
2020-09-03,US,Pennsylvania,Schuylkill,995,51,0,40.70497338,-76.2150785,42107.0,703.8816064063839,5.125628140703518,944,996,51,0,945,992,142067,-1,0,0,-1,4
2020-09-03,US,Pennsylvania,Snyder,170,3,0,40.77129231,-77.06840691,42109.0,421.08391954820166,1.7647058823529411,167,167,2,0,165,166,40540,3,1,0,2,1
2020-09-03,US,Pennsylvania,Somerset,174,3,0,39.97172723,-79.02699593,42111.0,236.90552371097527,1.7241379310344829,171,172,3,0,169,167,73952,2,0,0,2,5
2020-09-03,US,Pennsylvania,Sullivan,10,0,0,41.44634738,-76.51246591,42113.0,164.85328058028355,0.0,10,10,0,0,10,10,6071,0,0,0,0,0
2020-09-03,US,Pennsylvania,Susquehanna,274,27,0,41.82147784,-75.80071959,42115.0,679.428684784765,9.854014598540148,247,270,27,0,243,269,40589,4,0,0,4,1
2020-09-03,US,Pennsylvania,Tioga,48,3,0,41.77255149,-77.25433032,42117.0,118.252814663349,6.25,45,49,3,0,46,49,40763,-1,0,0,-1,0
2020-09-03,US,Pennsylvania,Union,397,6,0,40.96188846,-77.05996014,42119.0,883.7343899561473,1.5113350125944585,391,390,6,0,384,386,44785,7,0,0,7,4
2020-09-03,US,Pennsylvania,Venango,72,1,0,41.40323442,-79.75845449,42121.0,142.10152364411462,1.3888888888888888,71,70,1,0,69,70,51266,2,0,0,2,0
2020-09-03,US,Pennsylvania,Warren,34,1,0,41.81304978,-79.26969577,42123.0,86.7546120282718,2.9411764705882355,33,31,1,0,30,28,39498,3,0,0,3,3
2020-09-03,US,Pennsylvania,Washington,1108,28,0,40.19208869,-80.24582867,42125.0,535.6150146230633,2.527075812274368,1080,1086,27,0,1059,1066,207346,22,1,0,21,20
2020-09-03,US,Pennsylvania,Wayne,181,10,0,41.64938475,-75.29956506,42127.0,352.4074687019333,5.524861878453039,171,181,10,0,171,178,51276,0,0,0,0,3
2020-09-03,US,Pennsylvania,Westmoreland,1851,49,0,40.31377979999999,-79.46615476,42129.0,530.5260261565669,2.6472177201512697,1802,1837,49,0,1788,1819,350611,14,0,0,14,18
2020-09-03,US,Pennsylvania,Wyoming,68,8,0,41.51955538,-76.01074915,42131.0,253.78816152870044,11.764705882352944,60,67,8,0,59,67,27046,1,0,0,1,0
2020-09-03,US,Pennsylvania,York,3618,127,0,39.9210089,-76.73040131,42133.0,805.6865705543605,3.5102266445550026,3491,3490,127,0,3363,3442,448273,128,0,0,128,48
2020-09-03,US,Puerto Rico,Adjuntas,128,0,0,18.180117000000006,-66.754367,72001.0,656.9830108299542,0.0,128,124,0,0,124,124,,4,0,0,4,0
2020-09-03,US,Puerto Rico,Aguada,227,0,0,18.360255,-67.17513100000001,72003.0,541.0043137348364,0.0,227,227,0,0,227,223,,0,0,0,0,4
2020-09-03,US,Puerto Rico,Aguadilla,329,0,0,18.459681,-67.12081500000001,72005.0,539.7955667853452,0.0,329,328,0,0,328,327,,1,0,0,1,1
2020-09-03,US,Puerto Rico,Aguas Buenas,204,0,0,18.251619,-66.126806,72007.0,711.818276981053,0.0,204,204,0,0,204,202,,0,0,0,0,2
2020-09-03,US,Puerto Rico,Aibonito,125,0,0,18.131361,-66.264131,72009.0,482.6254826254826,0.0,125,124,0,0,124,123,,1,0,0,1,1
2020-09-03,US,Puerto Rico,Anasco,193,0,0,18.287985,-67.120611,72011.0,659.5810122688903,0.0,193,192,0,0,192,193,,1,0,0,1,-1
2020-09-03,US,Puerto Rico,Arecibo,527,0,0,18.406631,-66.675077,72013.0,546.4537536291995,0.0,527,519,0,0,519,511,,8,0,0,8,8
2020-09-03,US,Puerto Rico,Arroyo,129,0,0,17.998457000000005,-66.056546,72015.0,659.0038314176245,0.0,129,129,0,0,129,127,,0,0,0,0,2
2020-09-03,US,Puerto Rico,Barceloneta,129,0,0,18.445532999999998,-66.56053100000001,72017.0,519.825918762089,0.0,129,128,0,0,128,124,,1,0,0,1,4
2020-09-03,US,Puerto Rico,Barranquitas,347,0,0,18.201592,-66.30963,72019.0,1144.5345999076455,0.0,347,347,0,0,347,333,,0,0,0,0,14
2020-09-03,US,Puerto Rico,Bayamon,2670,0,0,18.34946,-66.168435,72021.0,1282.9383612985064,0.0,2670,2650,0,0,2650,2604,,20,0,0,20,46
2020-09-03,US,Puerto Rico,Cabo Rojo,280,0,0,18.040993,-67.154391,72023.0,549.9145668440796,0.0,280,280,0,0,280,280,,0,0,0,0,0
2020-09-03,US,Puerto Rico,Caguas,1134,0,0,18.211615,-66.050779,72025.0,793.6008061976444,0.0,1134,1120,0,0,1120,1098,,14,0,0,14,22
2020-09-03,US,Puerto Rico,Camuy,196,0,0,18.418578,-66.860206,72027.0,557.4675047640718,0.0,196,196,0,0,196,193,,0,0,0,0,3
2020-09-03,US,Puerto Rico,Canovanas,528,0,0,18.328802,-65.887612,72029.0,1108.1262592343858,0.0,528,524,0,0,524,523,,4,0,0,4,1
2020-09-03,US,Puerto Rico,Carolina,1963,0,0,18.374986,-65.95683100000001,72031.0,1110.5328068249962,0.0,1963,1946,0,0,1946,1903,,17,0,0,17,43
2020-09-03,US,Puerto Rico,Catano,311,0,0,18.437269,-66.14330600000001,72033.0,1105.1883439943142,0.0,311,309,0,0,309,306,,2,0,0,2,3
2020-09-03,US,Puerto Rico,Cayey,272,0,0,18.102851,-66.14914,72035.0,565.2652798270954,0.0,272,272,0,0,272,271,,0,0,0,0,1
2020-09-03,US,Puerto Rico,Ceiba,90,0,0,18.251818,-65.666416,72037.0,660.2597021495121,0.0,90,88,0,0,88,88,,2,0,0,2,0
2020-09-03,US,Puerto Rico,Ciales,192,0,0,18.28885,-66.516475,72039.0,1022.255350867852,0.0,192,192,0,0,192,190,,0,0,0,0,2
2020-09-03,US,Puerto Rico,Cidra,241,0,0,18.173559,-66.161179,72041.0,554.2778288868445,0.0,241,240,0,0,240,239,,1,0,0,1,1
2020-09-03,US,Puerto Rico,Coamo,215,0,0,18.097597,-66.36014,72043.0,530.7069510268561,0.0,215,215,0,0,215,213,,0,0,0,0,2
2020-09-03,US,Puerto Rico,Comerio,174,0,0,18.224687,-66.221622,72045.0,837.424198671672,0.0,174,174,0,0,174,174,,0,0,0,0,0
2020-09-03,US,Puerto Rico,Corozal,421,0,0,18.304264,-66.327738,72047.0,1133.4876958699049,0.0,421,421,0,0,421,418,,0,0,0,0,3
2020-09-03,US,Puerto Rico,Culebra,21,0,0,18.31586,-65.28813000000001,72049.0,1155.1155115511556,0.0,21,21,0,0,21,20,,0,0,0,0,1
2020-09-03,US,Puerto Rico,Dorado,537,0,0,18.436115,-66.278669,72051.0,1407.0483427223896,0.0,537,535,0,0,535,523,,2,0,0,2,12
2020-09-03,US,Puerto Rico,Fajardo,364,0,0,18.318373,-65.666866,72053.0,983.969940258968,0.0,364,360,0,0,360,350,,4,0,0,4,10
2020-09-03,US,Puerto Rico,Florida,209,0,0,18.373715,-66.560488,72054.0,1648.2649842271296,0.0,209,209,0,0,209,208,,0,0,0,0,1
2020-09-03,US,Puerto Rico,Guanica,84,0,0,17.982429,-66.91964300000001,72055.0,432.38791372831633,0.0,84,83,0,0,83,82,,1,0,0,1,1
2020-09-03,US,Puerto Rico,Guayama,236,0,0,18.007516,-66.13390799999999,72057.0,520.2592478285791,0.0,236,233,0,0,233,232,,3,0,0,3,1
2020-09-03,US,Puerto Rico,Guayanilla,147,0,0,18.039942,-66.79186,72059.0,681.1547194291275,0.0,147,147,0,0,147,146,,0,0,0,0,1
2020-09-03,US,Puerto Rico,Guaynabo,1314,0,0,18.345114000000002,-66.11452299999999,72061.0,1341.8569502879784,0.0,1314,1310,0,0,1310,1273,,4,0,0,4,37
2020-09-03,US,Puerto Rico,Gurabo,373,0,0,18.266461,-65.97970500000001,72063.0,822.1472811831868,0.0,373,366,0,0,366,359,,7,0,0,7,7
2020-09-03,US,Puerto Rico,Hatillo,198,0,0,18.410928,-66.79632600000001,72065.0,471.95671346506805,0.0,198,197,0,0,197,190,,1,0,0,1,7
2020-09-03,US,Puerto Rico,Hormigueros,128,0,0,18.134532,-67.113972,72067.0,742.0289855072464,0.0,128,128,0,0,128,124,,0,0,0,0,4
2020-09-03,US,Puerto Rico,Humacao,317,0,0,18.145211,-65.810174,72069.0,542.1954640303767,0.0,317,313,0,0,313,300,,4,0,0,4,13
2020-09-03,US,Puerto Rico,Isabela,212,0,0,18.44981,-67.005093,72071.0,464.59643663299073,0.0,212,212,0,0,212,206,,0,0,0,0,6
2020-09-03,US,Puerto Rico,Jayuya,207,0,0,18.211446,-66.58878,72073.0,1243.8408845090735,0.0,207,206,0,0,206,206,,1,0,0,1,0
2020-09-03,US,Puerto Rico,Juana Diaz,272,0,0,18.050764,-66.49458100000001,72075.0,340.4383143296995,0.0,272,272,0,0,272,269,,0,0,0,0,3
2020-09-03,US,Puerto Rico,Juncos,254,0,0,18.223793,-65.909109,72077.0,630.4293869446512,0.0,254,247,0,0,247,242,,7,0,0,7,5
2020-09-03,US,Puerto Rico,Lajas,118,0,0,18.011661,-67.040585,72079.0,458.1990447714829,0.0,118,118,0,0,118,119,,0,0,0,0,-1
2020-09-03,US,Puerto Rico,Lares,251,0,0,18.269035000000002,-66.867236,72081.0,816.180535232335,0.0,251,249,0,0,249,239,,2,0,0,2,10
2020-09-03,US,Puerto Rico,Las Marias,80,0,0,18.23679,-66.98362,72083.0,809.6346523631212,0.0,80,80,0,0,80,80,,0,0,0,0,0
2020-09-03,US,Puerto Rico,Las Piedras,303,0,0,18.187527,-65.86946800000001,72085.0,783.4518422753715,0.0,303,284,0,0,284,277,,19,0,0,19,7
2020-09-03,US,Puerto Rico,Loiza,191,0,0,18.425688,-65.89943000000001,72087.0,635.395874916833,0.0,191,190,0,0,190,186,,1,0,0,1,4
2020-09-03,US,Puerto Rico,Luquillo,178,0,0,18.342114000000002,-65.72509699999999,72089.0,886.9842535379709,0.0,178,178,0,0,178,177,,0,0,0,0,1
2020-09-03,US,Puerto Rico,Manati,372,0,0,18.420473,-66.490461,72091.0,843.2888264230497,0.0,372,367,0,0,367,358,,5,0,0,5,9
2020-09-03,US,Puerto Rico,Maricao,62,0,0,18.171795,-66.942126,72093.0,987.8903760356917,0.0,62,58,0,0,58,57,,4,0,0,4,1
2020-09-03,US,Puerto Rico,Maunabo,90,0,0,18.017889,-65.922235,72095.0,736.1963190184049,0.0,90,90,0,0,90,89,,0,0,0,0,1
2020-09-03,US,Puerto Rico,Mayaguez,663,0,0,18.2013,-67.1452,72097.0,744.2748091603054,0.0,663,656,0,0,656,650,,7,0,0,7,6
2020-09-03,US,Puerto Rico,Moca,258,0,0,18.377805,-67.080952,72099.0,643.2471515121293,0.0,258,258,0,0,258,255,,0,0,0,0,3
2020-09-03,US,Puerto Rico,Morovis,409,0,0,18.316963,-66.420383,72101.0,1254.2164980067466,0.0,409,409,0,0,409,399,,0,0,0,0,10
2020-09-03,US,Puerto Rico,Naguabo,142,0,0,18.230636999999998,-65.753897,72103.0,531.437125748503,0.0,142,140,0,0,140,138,,2,0,0,2,2
2020-09-03,US,Puerto Rico,Naranjito,486,0,0,18.288019,-66.252703,72105.0,1598.5790408525754,0.0,486,480,0,0,480,468,,6,0,0,6,12
2020-09-03,US,Puerto Rico,Orocovis,276,0,0,18.215046,-66.433604,72107.0,1178.3289928702554,0.0,276,276,0,0,276,274,,0,0,0,0,2
2020-09-03,US,Puerto Rico,Out of PR,753,0,0,0.0,0.0,72888.0,0.0,0.0,753,742,0,0,742,741,,11,0,0,11,1
2020-09-03,US,Puerto Rico,Patillas,136,0,0,18.03174,-66.012242,72109.0,705.5039684598225,0.0,136,136,0,0,136,134,,0,0,0,0,2
2020-09-03,US,Puerto Rico,Penuelas,99,0,0,18.059645,-66.721572,72111.0,407.70941438102295,0.0,99,98,0,0,98,98,,1,0,0,1,0
2020-09-03,US,Puerto Rico,Ponce,668,0,0,18.059498,-66.613748,72113.0,401.61849849994286,0.0,668,667,0,0,667,657,,1,0,0,1,10
2020-09-03,US,Puerto Rico,Quebradillas,118,0,0,18.439692,-66.926113,72115.0,455.2644777962114,0.0,118,118,0,0,118,117,,0,0,0,0,1
2020-09-03,US,Puerto Rico,Rincon,129,0,0,18.335442999999998,-67.23174,72117.0,848.6842105263157,0.0,129,129,0,0,129,125,,0,0,0,0,4
2020-09-03,US,Puerto Rico,Rio Grande,445,0,0,18.346329,-65.813742,72119.0,819.4608131997643,0.0,445,441,0,0,441,436,,4,0,0,4,5
2020-09-03,US,Puerto Rico,Sabana Grande,166,0,0,18.08282,-66.943758,72121.0,657.0354245002968,0.0,166,165,0,0,165,165,,1,0,0,1,0
2020-09-03,US,Puerto Rico,Salinas,315,0,0,18.010386999999994,-66.256592,72123.0,1013.5787373704873,0.0,315,314,0,0,314,310,,1,0,0,1,4
2020-09-03,US,Puerto Rico,San German,198,0,0,18.111484,-67.03858100000001,72125.0,557.3225997128943,0.0,198,198,0,0,198,193,,0,0,0,0,5
2020-09-03,US,Puerto Rico,San Juan,5512,0,0,18.386933,-66.061128,72127.0,1394.2923055908288,0.0,5512,5462,0,0,5462,5366,,50,0,0,50,96
2020-09-03,US,Puerto Rico,San Lorenzo,286,0,0,18.147987,-65.976392,72129.0,696.5755760144186,0.0,286,281,0,0,281,269,,5,0,0,5,12
2020-09-03,US,Puerto Rico,San Sebastian,280,0,0,18.328646,-66.971214,72131.0,659.9104407259015,0.0,280,279,0,0,279,276,,1,0,0,1,3
2020-09-03,US,Puerto Rico,Santa Isabel,135,0,0,17.994525,-66.388913,72133.0,580.046403712297,0.0,135,135,0,0,135,133,,0,0,0,0,2
2020-09-03,US,Puerto Rico,Toa Alta,953,0,0,18.362406,-66.246616,72135.0,1286.6902492371667,0.0,953,947,0,0,947,929,,6,0,0,6,18
2020-09-03,US,Puerto Rico,Toa Baja,933,0,0,18.431445999999998,-66.213553,72137.0,1041.1900590342489,0.0,933,920,0,0,920,905,,13,0,0,13,15
2020-09-03,US,Puerto Rico,Trujillo Alto,767,0,0,18.336159,-65.99888399999999,72139.0,1024.82563266615,0.0,767,764,0,0,764,748,,3,0,0,3,16
2020-09-03,US,Puerto Rico,Unassigned,543,448,0,0.0,0.0,72999.0,0.0,82.50460405156537,95,614,443,0,171,595,,-71,5,0,-76,19
2020-09-03,US,Puerto Rico,Utuado,103,0,0,18.271214,-66.702984,72141.0,310.71827204440564,0.0,103,103,0,0,103,101,,0,0,0,0,2
2020-09-03,US,Puerto Rico,Vega Alta,484,0,0,18.409346,-66.33725,72143.0,1211.4840679832796,0.0,484,482,0,0,482,479,,2,0,0,2,3
2020-09-03,US,Puerto Rico,Vega Baja,676,0,0,18.428262,-66.397924,72145.0,1133.049512252355,0.0,676,669,0,0,669,657,,7,0,0,7,12
2020-09-03,US,Puerto Rico,Vieques,87,0,0,18.123276,-65.44097099999999,72147.0,935.3832921191272,0.0,87,87,0,0,87,86,,0,0,0,0,1
2020-09-03,US,Puerto Rico,Villalba,98,0,0,18.127951,-66.473115,72149.0,375.86775591608176,0.0,98,98,0,0,98,97,,0,0,0,0,1
2020-09-03,US,Puerto Rico,Yabucoa,216,0,0,18.070399,-65.896289,72151.0,569.3049735115047,0.0,216,214,0,0,214,204,,2,0,0,2,10
2020-09-03,US,Puerto Rico,Yauco,321,0,0,18.080374,-66.858814,72153.0,763.5040315867087,0.0,321,319,0,0,319,317,,2,0,0,2,2
2020-09-03,US,Rhode Island,Bristol,358,0,0,41.71018079,-71.28652315,44001.0,738.4640772293158,0.0,358,358,0,0,358,349,48649,0,0,0,0,9
2020-09-03,US,Rhode Island,Kent,1706,0,0,41.67106337,-71.57641596,44003.0,1038.3950527110267,0.0,1706,1706,0,0,1706,1664,163861,0,0,0,0,42
2020-09-03,US,Rhode Island,Newport,457,0,0,41.5642026,-71.26569799,44005.0,556.7603128578738,0.0,457,457,0,0,457,434,82542,0,0,0,0,23
2020-09-03,US,Rhode Island,Providence,17107,0,0,41.87064746,-71.57753536,44007.0,2677.440913025037,0.0,17107,17107,0,0,17107,16668,636084,0,0,0,0,439
2020-09-03,US,Rhode Island,Unassigned,1793,1055,0,0.0,0.0,90044.0,0.0,58.83993307306191,738,1728,1051,0,677,2193,,65,4,0,61,-465
2020-09-03,US,Rhode Island,Washington,722,0,0,41.45961631,-71.61435303,44009.0,574.9460490376422,0.0,722,722,0,0,722,694,126179,0,0,0,0,28
2020-09-03,US,South Carolina,Abbeville,450,10,0,34.22333378,-82.46170658,45001.0,1834.7127655237089,2.2222222222222223,440,439,10,0,429,434,24541,11,0,0,11,5
2020-09-03,US,South Carolina,Aiken,2409,67,0,33.54338026,-81.63645384,45003.0,1409.8272391029543,2.78123702781237,2342,2378,65,0,2313,2369,169401,31,2,0,29,9
2020-09-03,US,South Carolina,Allendale,300,6,0,32.98837386,-81.35321066,45005.0,3453.0386740331487,2.0,294,294,6,0,288,296,8903,6,0,0,6,-2
2020-09-03,US,South Carolina,Anderson,3288,126,0,34.51828081,-82.63959517,45007.0,1623.2387760542658,3.832116788321168,3162,3246,125,0,3121,3203,200482,42,1,0,41,43
2020-09-03,US,South Carolina,Bamberg,549,29,0,33.21927586,-81.05659969,45009.0,3903.028579553533,5.2823315118397085,520,548,28,0,520,543,14275,1,1,0,0,5
2020-09-03,US,South Carolina,Barnwell,543,14,0,33.26679302,-81.43584352,45011.0,2602.319562925333,2.5782688766114177,529,541,14,0,527,538,21112,2,0,0,2,3
2020-09-03,US,South Carolina,Beaufort,4849,69,0,32.39226291,-80.72619758,45013.0,2523.917094346301,1.4229738090327904,4780,4810,69,0,4741,4791,188715,39,0,0,39,19
2020-09-03,US,South Carolina,Berkeley,4884,83,0,33.20222596,-79.94654523,45015.0,2142.97937316537,1.699426699426699,4801,4867,83,0,4784,4850,221091,17,0,0,17,17
2020-09-03,US,South Carolina,Calhoun,418,15,0,33.66926881,-80.77722168,45017.0,2872.2600151171578,3.5885167464114827,403,416,15,0,401,417,14520,2,0,0,2,-1
2020-09-03,US,South Carolina,Charleston,14232,242,0,32.82487866,-79.96512315,45019.0,3459.3564508052873,1.7003934794828557,13990,14151,242,0,13909,14105,405905,81,0,0,81,46
2020-09-03,US,South Carolina,Cherokee,819,33,0,35.05122251,-81.61828622,45021.0,1429.3193717277484,4.029304029304028,786,807,33,0,774,793,57078,12,0,0,12,14
2020-09-03,US,South Carolina,Chester,903,18,0,34.69249168,-81.1583216,45023.0,2800.5210271678447,1.9933554817275747,885,892,18,0,874,889,32251,11,0,0,11,3
2020-09-03,US,South Carolina,Chesterfield,1031,28,0,34.64137396,-80.15640140000002,45025.0,2258.488499452355,2.7158098933074686,1003,1010,27,0,983,1006,45754,21,1,0,20,4
2020-09-03,US,South Carolina,Clarendon,990,63,0,33.66610974,-80.21647898,45027.0,2933.767965624537,6.363636363636362,927,985,63,0,922,984,33700,5,0,0,5,1
2020-09-03,US,South Carolina,Colleton,904,39,0,32.87582989,-80.67641292,45029.0,2399.3417734957666,4.3141592920353995,865,897,39,0,858,893,37660,7,0,0,7,4
2020-09-03,US,South Carolina,Darlington,1700,46,0,34.33358335,-79.96027485,45031.0,2551.862859887718,2.7058823529411766,1654,1677,46,0,1631,1661,66802,23,0,0,23,16
2020-09-03,US,South Carolina,Dillon,784,28,0,34.39007791,-79.37741872,45033.0,2572.262869516717,3.571428571428572,756,769,28,0,741,768,30599,15,0,0,15,1
2020-09-03,US,South Carolina,Dorchester,3670,80,0,33.0794369,-80.40502652,45035.0,2254.1751377380856,2.1798365122615806,3590,3643,79,0,3564,3641,160647,27,1,0,26,2
2020-09-03,US,South Carolina,Edgefield,503,13,0,33.77221995,-81.96231108,45037.0,1845.194424064564,2.584493041749503,490,497,13,0,484,494,27052,6,0,0,6,3
2020-09-03,US,South Carolina,Fairfield,664,29,0,34.39287073,-81.1195624,45039.0,2971.316060321296,4.367469879518072,635,648,29,0,619,645,22402,16,0,0,16,3
2020-09-03,US,South Carolina,Florence,4386,158,0,34.02361754,-79.70189312,45041.0,3171.5271199554572,3.602371181030552,4228,4360,157,0,4203,4318,138159,26,1,0,25,42
2020-09-03,US,South Carolina,Georgetown,1760,37,0,33.43443342,-79.33202141,45043.0,2807.9132099553285,2.102272727272727,1723,1749,37,0,1712,1742,62249,11,0,0,11,7
2020-09-03,US,South Carolina,Greenville,12328,266,0,34.89502264,-82.37295012,45045.0,2354.7298975058347,2.157689811810513,12062,12212,264,0,11948,12175,514213,116,2,0,114,37
2020-09-03,US,South Carolina,Greenwood,1907,51,0,34.15272415,-82.12715789,45047.0,2693.08440778975,2.6743576297850025,1856,1877,51,0,1826,1863,70741,30,0,0,30,14
2020-09-03,US,South Carolina,Hampton,553,23,0,32.77419582,-81.13845571,45049.0,2876.911871813547,4.159132007233273,530,545,23,0,522,547,19351,8,0,0,8,-2
2020-09-03,US,South Carolina,Horry,9462,187,0,33.9212828,-78.99555293,45051.0,2672.269904343921,1.9763263580638344,9275,9422,186,0,9236,9404,344147,40,1,0,39,18
2020-09-03,US,South Carolina,Jasper,690,18,0,32.43171982,-81.02487495,45053.0,2294.416918830845,2.608695652173913,672,687,18,0,669,687,28971,3,0,0,3,0
2020-09-03,US,South Carolina,Kershaw,1651,29,0,34.33988254,-80.58763164,45055.0,2480.804195278809,1.756511205330103,1622,1636,29,0,1607,1626,65592,15,0,0,15,10
2020-09-03,US,South Carolina,Lancaster,1699,41,0,34.68270843,-80.70513032,45057.0,1733.4612088315714,2.413184226015303,1658,1685,40,0,1645,1676,95380,14,1,0,13,9
2020-09-03,US,South Carolina,Laurens,1514,54,0,34.48244419,-82.00490796,45059.0,2243.1955906538456,3.5667107001321003,1460,1506,54,0,1452,1499,66994,8,0,0,8,7
2020-09-03,US,South Carolina,Lee,664,32,0,34.16393091,-80.25690731,45061.0,3945.804611362016,4.819277108433735,632,655,32,0,623,652,17142,9,0,0,9,3
2020-09-03,US,South Carolina,Lexington,5906,140,0,33.89665987,-81.27146426,45063.0,1976.9037656903765,2.370470707754825,5766,5853,139,0,5714,5818,295032,53,1,0,52,35
2020-09-03,US,South Carolina,Marion,723,17,0,34.07859748,-79.36400756,45067.0,2358.352089245523,2.351313969571231,706,720,17,0,703,718,31039,3,0,0,3,2
2020-09-03,US,South Carolina,Marlboro,768,5,0,34.59905577,-79.67561152,45069.0,2940.5008040431885,0.6510416666666666,763,740,5,0,735,726,26398,28,0,0,28,14
2020-09-03,US,South Carolina,McCormick,168,5,0,33.90161443,-82.30794338,45065.0,1775.3355172778186,2.9761904761904763,163,163,5,0,158,161,9410,5,0,0,5,2
2020-09-03,US,South Carolina,Newberry,998,15,0,34.28629098,-81.59935761,45071.0,2596.2539021852235,1.503006012024048,983,974,15,0,959,972,38520,24,0,0,24,2
2020-09-03,US,South Carolina,Oconee,1117,19,0,34.75225169,-83.06742317,45073.0,1404.21894249868,1.7009847806624887,1098,1093,19,0,1074,1082,78374,24,0,0,24,11
2020-09-03,US,South Carolina,Orangeburg,2854,103,0,33.4391073,-80.79886287,45075.0,3311.865390194372,3.608969866853539,2751,2845,102,0,2743,2837,86934,9,1,0,8,8
2020-09-03,US,South Carolina,Pickens,2320,35,0,34.88807695,-82.72791551,45077.0,1828.4417263011883,1.5086206896551724,2285,2241,35,0,2206,2212,124937,79,0,0,79,29
2020-09-03,US,South Carolina,Richland,11562,196,0,34.01791263,-80.90267209,45079.0,2780.9379953290254,1.6952084414461166,11366,11440,196,0,11244,11363,414576,122,0,0,122,77
2020-09-03,US,South Carolina,Saluda,589,14,0,34.00795823,-81.72713237,45081.0,2876.9598984027753,2.3769100169779285,575,577,14,0,563,572,20544,12,0,0,12,5
2020-09-03,US,South Carolina,Spartanburg,5227,163,0,34.92960077,-81.99225984,45083.0,1634.5357036759076,3.1184235699253877,5064,5128,163,0,4965,5047,313888,99,0,0,99,81
2020-09-03,US,South Carolina,Sumter,2885,66,0,33.91826534,-80.37942316,45085.0,2703.310501213444,2.2876949740034656,2819,2869,66,0,2803,2865,106512,16,0,0,16,4
2020-09-03,US,South Carolina,Union,469,7,0,34.68835752,-81.61730349,45087.0,1716.9424513105869,1.492537313432836,462,464,7,0,457,460,27410,5,0,0,5,4
2020-09-03,US,South Carolina,Williamsburg,1211,39,0,33.62190129,-79.72767442,45089.0,3987.7502634351945,3.220478943022296,1172,1207,39,0,1168,1202,30606,4,0,0,4,5
2020-09-03,US,South Carolina,York,4395,49,0,34.97281497,-81.18085944,45091.0,1564.173835055289,1.1149032992036405,4346,4340,49,0,4291,4302,274118,55,0,0,55,38
2020-09-03,US,South Dakota,Aurora,42,0,0,43.71757685,-98.56050467,46003.0,1526.7175572519086,0.0,42,42,0,0,42,42,2801,0,0,0,0,0
2020-09-03,US,South Dakota,Beadle,642,9,0,44.41464384,-98.27858469,46005.0,3479.109087953179,1.4018691588785046,633,641,9,0,632,639,18883,1,0,0,1,2
2020-09-03,US,South Dakota,Bennett,29,0,0,43.19486375,-101.6665572,46007.0,861.8127786032692,0.0,29,24,0,0,24,23,3468,5,0,0,5,1
2020-09-03,US,South Dakota,Bon Homme,54,1,0,42.98914167,-97.88592746,46009.0,782.4952905376033,1.851851851851852,53,53,1,0,52,52,6980,1,0,0,1,1
2020-09-03,US,South Dakota,Brookings,402,1,0,44.36974375,-96.79079945,46011.0,1146.0501183111442,0.24875621890547264,401,362,1,0,361,340,35232,40,0,0,40,22
2020-09-03,US,South Dakota,Brown,718,3,0,45.58994323,-98.35165355,46013.0,1848.6572774788226,0.4178272980501393,715,696,3,0,693,695,39316,22,0,0,22,1
2020-09-03,US,South Dakota,Brule,70,0,0,43.71756379,-99.08118954,46015.0,1321.5027373985274,0.0,70,68,0,0,68,67,5229,2,0,0,2,1
2020-09-03,US,South Dakota,Buffalo,110,3,0,44.07657829,-99.20814467,46017.0,5606.523955147808,2.727272727272727,107,110,3,0,107,110,2036,0,0,0,0,0
2020-09-03,US,South Dakota,Butte,52,1,0,44.90608745,-103.5079318,46019.0,498.60964617892415,1.9230769230769231,51,49,1,0,48,47,10222,3,0,0,3,2
2020-09-03,US,South Dakota,Campbell,4,0,0,45.77074915,-100.0510181,46021.0,290.6976744186046,0.0,4,5,0,0,5,5,1377,-1,0,0,-1,0
2020-09-03,US,South Dakota,Charles Mix,122,0,0,43.20660134,-98.58856175,46023.0,1312.9573826947912,0.0,122,122,0,0,122,122,9338,0,0,0,0,0
2020-09-03,US,South Dakota,Clark,21,0,0,44.85834507,-97.72925109,46025.0,562.0985010706638,0.0,21,21,0,0,21,19,3739,0,0,0,0,2
2020-09-03,US,South Dakota,Clay,413,2,0,42.91296147,-96.97656917,46027.0,2935.323383084577,0.4842615012106538,411,381,2,0,379,372,14041,32,0,0,32,9
2020-09-03,US,South Dakota,Codington,372,2,0,44.97788119,-97.18827677,46029.0,1328.1445249741155,0.5376344086021505,370,357,2,0,355,330,28015,15,0,0,15,27
2020-09-03,US,South Dakota,Corson,64,0,0,45.70889983,-101.1970473,46031.0,1566.3240332843855,0.0,64,61,0,0,61,58,4165,3,0,0,3,3
2020-09-03,US,South Dakota,Custer,130,0,0,43.67741105,-103.45345209999999,46033.0,1448.9522960320999,0.0,130,130,0,0,130,117,8726,0,0,0,0,13
2020-09-03,US,South Dakota,Davison,146,2,0,43.67490933,-98.14458906,46035.0,738.3059418457649,1.3698630136986298,144,142,2,0,140,143,19790,4,0,0,4,-1
2020-09-03,US,South Dakota,Day,39,0,0,45.367281,-97.60737498,46037.0,719.0265486725664,0.0,39,38,0,0,38,37,5505,1,0,0,1,1
2020-09-03,US,South Dakota,Deuel,50,0,0,44.75994309,-96.66943645,46039.0,1149.1611123879568,0.0,50,49,0,0,49,48,4337,1,0,0,1,1
2020-09-03,US,South Dakota,Dewey,89,0,0,45.15639647,-100.8709139,46041.0,1510.5227427019684,0.0,89,84,0,0,84,82,5904,5,0,0,5,2
2020-09-03,US,South Dakota,Douglas,32,0,0,43.38520741,-98.36978007,46043.0,1095.51523450873,0.0,32,31,0,0,31,29,2935,1,0,0,1,2
2020-09-03,US,South Dakota,Edmunds,34,0,0,45.41846445,-99.21545423,46045.0,887.9603029511621,0.0,34,32,0,0,32,31,3875,2,0,0,2,1
2020-09-03,US,South Dakota,Fall River,58,1,0,43.23929297,-103.5275691,46047.0,863.9952331297483,1.7241379310344829,57,56,1,0,55,50,6758,2,0,0,2,6
2020-09-03,US,South Dakota,Faulk,34,1,0,45.07082625,-99.14535601,46049.0,1478.9038712483691,2.9411764705882355,33,33,1,0,32,32,2330,1,0,0,1,1
2020-09-03,US,South Dakota,Grant,45,0,0,45.1723937,-96.77002276,46051.0,638.1168462847419,0.0,45,44,0,0,44,42,7147,1,0,0,1,2
2020-09-03,US,South Dakota,Gregory,34,1,0,43.19419064,-99.18883902,46053.0,812.4253285543608,2.9411764705882355,33,32,1,0,31,25,4212,2,0,0,2,7
2020-09-03,US,South Dakota,Haakon,6,0,0,44.29299053,-101.539099,46055.0,315.955766192733,0.0,6,6,0,0,6,6,1918,0,0,0,0,0
2020-09-03,US,South Dakota,Hamlin,63,0,0,44.67385954,-97.18829593,46057.0,1022.0635950681377,0.0,63,60,0,0,60,58,6111,3,0,0,3,2
2020-09-03,US,South Dakota,Hand,15,0,0,44.54708407,-99.00386459,46059.0,470.0720777185835,0.0,15,15,0,0,15,15,3262,0,0,0,0,0
2020-09-03,US,South Dakota,Hanson,24,0,0,43.6746384,-97.78715148,46061.0,695.0477845351868,0.0,24,23,0,0,23,23,3376,1,0,0,1,0
2020-09-03,US,South Dakota,Harding,2,0,0,45.58015551,-103.4958629,46063.0,154.08320493066256,0.0,2,2,0,0,2,2,1249,0,0,0,0,0
2020-09-03,US,South Dakota,Hughes,135,4,0,44.39091534,-99.99661148,46065.0,770.2841492639508,2.962962962962963,131,133,4,0,129,132,17650,2,0,0,2,1
2020-09-03,US,South Dakota,Hutchinson,49,1,0,43.33449012,-97.75536441,46067.0,672.0614456178849,2.0408163265306123,48,46,1,0,45,44,7380,3,0,0,3,2
2020-09-03,US,South Dakota,Hyde,8,0,0,44.54747703,-99.48572582,46069.0,614.9116064565719,0.0,8,7,0,0,7,7,1282,1,0,0,1,0
2020-09-03,US,South Dakota,Jackson,12,1,0,43.69318385,-101.6255063,46071.0,358.85167464114835,8.333333333333334,11,12,1,0,11,12,3307,0,0,0,0,0
2020-09-03,US,South Dakota,Jerauld,43,1,0,44.06637798,-98.62965972,46073.0,2136.1152508693494,2.3255813953488373,42,42,1,0,41,41,2043,1,0,0,1,1
2020-09-03,US,South Dakota,Jones,5,0,0,43.96278565,-100.6940008,46075.0,553.7098560354374,0.0,5,5,0,0,5,3,928,0,0,0,0,2
2020-09-03,US,South Dakota,Kingsbury,24,0,0,44.36956169,-97.4913945,46077.0,485.9283255719782,0.0,24,23,0,0,23,23,4919,1,0,0,1,0
2020-09-03,US,South Dakota,Lake,118,6,0,44.02193107,-97.12926365,46079.0,922.0911151051027,5.084745762711863,112,118,6,0,112,119,13057,0,0,0,0,-1
2020-09-03,US,South Dakota,Lawrence,240,3,0,44.35919441,-103.79294279999999,46081.0,928.6488159727595,1.25,237,233,3,0,230,229,25741,7,0,0,7,4
2020-09-03,US,South Dakota,Lincoln,952,2,0,43.27841182,-96.72039050000001,46083.0,1557.3877764690485,0.21008403361344535,950,935,2,0,933,919,58807,17,0,0,17,16
2020-09-03,US,South Dakota,Lyman,104,3,0,43.89522709,-99.85201878,46085.0,2750.5950806664905,2.8846153846153846,101,104,3,0,101,105,3821,0,0,0,0,-1
2020-09-03,US,South Dakota,Marshall,19,0,0,45.75870838,-97.59855639,46091.0,385.0050658561297,0.0,19,19,0,0,19,19,5112,0,0,0,0,0
2020-09-03,US,South Dakota,McCook,53,1,0,43.6742571,-97.36863144,46087.0,948.8005728607233,1.8867924528301887,52,53,1,0,52,53,5546,0,0,0,0,0
2020-09-03,US,South Dakota,McPherson,10,0,0,45.76626028,-99.22118798,46089.0,420.34468263976464,0.0,10,10,0,0,10,10,2407,0,0,0,0,0
2020-09-03,US,South Dakota,Meade,324,1,0,44.56676791,-102.71627409999999,46093.0,1143.5832274459974,0.308641975308642,323,317,1,0,316,305,28294,7,0,0,7,12
2020-09-03,US,South Dakota,Mellette,25,0,0,43.58078848,-100.7563186,46095.0,1213.0033964095098,0.0,25,25,0,0,25,24,2042,0,0,0,0,1
2020-09-03,US,South Dakota,Miner,17,0,0,44.02197882,-97.60992207,46097.0,767.1480144404331,0.0,17,17,0,0,17,16,2213,0,0,0,0,1
2020-09-03,US,South Dakota,Minnehaha,5457,70,0,43.67441641,-96.7910885,46099.0,2825.4993942029887,1.282756093091442,5387,5389,70,0,5319,5340,192876,68,0,0,68,49
2020-09-03,US,South Dakota,Moody,47,0,0,44.02266214,-96.67081159,46101.0,714.720194647202,0.0,47,47,0,0,47,42,6579,0,0,0,0,5
2020-09-03,US,South Dakota,Oglala Lakota,186,2,0,43.33749164,-102.55554980000001,46102.0,1311.984199760175,1.075268817204301,184,185,2,0,183,176,14309,1,0,0,1,9
2020-09-03,US,South Dakota,Pennington,1536,33,0,44.0025835,-102.8240777,46103.0,1350.0329597890573,2.1484375,1503,1475,33,0,1442,1448,111729,61,0,0,61,27
2020-09-03,US,South Dakota,Perkins,19,0,0,45.49049506,-102.47555859999999,46105.0,663.1762652705063,0.0,19,19,0,0,19,16,2922,0,0,0,0,3
2020-09-03,US,South Dakota,Potter,18,0,0,45.06583079,-99.95498503,46107.0,836.0427310729215,0.0,18,18,0,0,18,16,2207,0,0,0,0,2
2020-09-03,US,South Dakota,Roberts,102,1,0,45.62975048,-96.94672673,46109.0,981.3353857994997,0.9803921568627452,101,100,1,0,99,100,10447,2,0,0,2,0
2020-09-03,US,South Dakota,Sanborn,15,0,0,44.02351092,-98.09098159999999,46111.0,639.9317406143344,0.0,15,16,0,0,16,15,2429,-1,0,0,-1,1
2020-09-03,US,South Dakota,Spink,56,0,0,44.93837606,-98.34626602,46115.0,878.2936010037641,0.0,56,54,0,0,54,54,6495,2,0,0,2,0
2020-09-03,US,South Dakota,Stanley,21,0,0,44.41381872,-100.7349153,46117.0,677.8566817301485,0.0,21,21,0,0,21,21,3022,0,0,0,0,0
2020-09-03,US,South Dakota,Sully,8,0,0,44.71571812,-100.1278092,46119.0,575.1258087706685,0.0,8,8,0,0,8,8,1392,0,0,0,0,0
2020-09-03,US,South Dakota,Todd,83,5,0,43.19338568,-100.71955030000001,46121.0,815.5645082047755,6.024096385542169,78,82,5,0,77,82,10283,1,0,0,1,0
2020-09-03,US,South Dakota,Tripp,25,0,0,43.34459388,-99.8854891,46123.0,459.47436133063775,0.0,25,23,0,0,23,23,5478,2,0,0,2,0
2020-09-03,US,South Dakota,Turner,85,0,0,43.3109081,-97.14865776,46125.0,1013.8358778625957,0.0,85,85,0,0,85,84,8424,0,0,0,0,1
2020-09-03,US,South Dakota,Union,280,5,0,42.83112163,-96.6557828,46127.0,1757.4692442882251,1.7857142857142858,275,273,5,0,268,270,15619,7,0,0,7,3
2020-09-03,US,South Dakota,Walworth,46,0,0,45.43019636,-100.03075140000001,46129.0,846.3661453541858,0.0,46,45,0,0,45,43,5587,1,0,0,1,2
2020-09-03,US,South Dakota,Yankton,247,3,0,43.00924485,-97.39467635,46135.0,1082.6685368633296,1.214574898785425,244,245,3,0,242,240,22869,2,0,0,2,5
2020-09-03,US,South Dakota,Ziebach,52,0,0,44.97881876,-101.6654622,46137.0,1886.7924528301885,0.0,52,50,0,0,50,49,2742,2,0,0,2,1
2020-09-03,US,Tennessee,Anderson,915,8,0,36.12684348,-84.19965764,47001.0,1188.6513029696796,0.8743169398907104,907,888,8,0,880,879,76482,27,0,0,27,9
2020-09-03,US,Tennessee,Bedford,1143,14,0,35.51123746,-86.45549096,47003.0,2299.197393036027,1.2248468941382329,1129,1137,14,0,1123,1127,49038,6,0,0,6,10
2020-09-03,US,Tennessee,Benton,269,6,0,36.07110411,-88.06849355,47005.0,1664.6039603960394,2.2304832713754648,263,261,6,0,255,260,16184,8,0,0,8,1
2020-09-03,US,Tennessee,Bledsoe,794,4,0,35.59942968,-85.20611967,47007.0,5270.844397238449,0.5037783375314862,790,782,4,0,778,777,14755,12,0,0,12,5
2020-09-03,US,Tennessee,Blount,2076,17,0,35.68938198,-83.92847788,47009.0,1559.8701610964176,0.8188824662813102,2059,2032,17,0,2015,2021,131349,44,0,0,44,11
2020-09-03,US,Tennessee,Bradley,2526,16,0,35.15739424,-84.857186,47011.0,2336.509111090556,0.6334125098970704,2510,2524,16,0,2508,2501,106727,2,0,0,2,23
2020-09-03,US,Tennessee,Campbell,347,3,0,36.40355516,-84.15108559999999,47013.0,870.9402138446865,0.8645533141210374,344,333,3,0,330,328,39583,14,0,0,14,5
2020-09-03,US,Tennessee,Cannon,216,0,0,35.80990797,-86.05738983,47015.0,1471.5901348957627,0.0,216,206,0,0,206,202,14462,10,0,0,10,4
2020-09-03,US,Tennessee,Carroll,654,9,0,35.97366108,-88.45189331,47017.0,2355.31386177837,1.3761467889908257,645,666,9,0,657,643,28020,-12,0,0,-12,23
2020-09-03,US,Tennessee,Carter,953,19,0,36.28969086,-82.12588974,47019.0,1689.9859906722704,1.9937040923399791,934,866,19,0,847,845,56351,87,0,0,87,21
2020-09-03,US,Tennessee,Cheatham,719,10,0,36.26136216,-87.08903581,47021.0,1768.0182949320088,1.3908205841446453,709,724,10,0,714,716,40439,-5,0,0,-5,8
2020-09-03,US,Tennessee,Chester,438,5,0,35.42527478,-88.6095842,47023.0,2532.231022720703,1.1415525114155252,433,394,6,0,388,383,17276,44,-1,0,45,11
2020-09-03,US,Tennessee,Claiborne,364,3,0,36.48319149,-83.65947309,47025.0,1138.9592915923527,0.8241758241758241,361,372,3,0,369,368,31756,-8,0,0,-8,4
2020-09-03,US,Tennessee,Clay,128,2,0,36.55151008,-85.53930419,47027.0,1680.8929743926458,1.5625,126,118,2,0,116,116,7717,10,0,0,10,2
2020-09-03,US,Tennessee,Cocke,653,7,0,35.9278914,-83.11828725,47029.0,1813.6873680702145,1.0719754977029097,646,652,7,0,645,644,35774,1,0,0,1,8
2020-09-03,US,Tennessee,Coffee,783,6,0,35.49090731,-86.07311784,47031.0,1385.3503184713377,0.7662835249042146,777,785,6,0,779,772,55700,-2,0,0,-2,13
2020-09-03,US,Tennessee,Crockett,410,14,0,35.81830662,-89.14916269,47033.0,2881.236823612087,3.414634146341464,396,416,14,0,402,408,14328,-6,0,0,-6,8
2020-09-03,US,Tennessee,Cumberland,944,9,0,35.95271721,-84.99840585,47035.0,1559.8149372108396,0.9533898305084746,935,856,8,0,848,831,59673,88,1,0,87,25
2020-09-03,US,Tennessee,Davidson,23778,259,0,36.17007426,-86.78646056,47037.0,3425.514014383183,1.0892421566153587,23519,23703,260,0,23443,23622,692587,75,-1,0,76,81
2020-09-03,US,Tennessee,DeKalb,490,6,0,35.97616272,-85.83689361,47041.0,2391.4104441190825,1.2244897959183674,484,482,6,0,476,474,20138,8,0,0,8,8
2020-09-03,US,Tennessee,Decatur,320,4,0,35.60048904,-88.11043779,47039.0,2743.719454685758,1.25,316,317,4,0,313,305,11706,3,0,0,3,12
2020-09-03,US,Tennessee,Dickson,955,9,0,36.14669837,-87.35891709,47043.0,1770.2231778749908,0.9424083769633508,946,932,9,0,923,920,53446,23,0,0,23,12
2020-09-03,US,Tennessee,Dyer,1013,10,0,36.05931946,-89.41542855,47045.0,2726.1228773648377,0.987166831194472,1003,988,10,0,978,975,37320,25,0,0,25,13
2020-09-03,US,Tennessee,Fayette,973,11,0,35.19615831,-89.41399032,47047.0,2365.4972892811124,1.1305241521068858,962,909,10,0,899,888,40507,64,1,0,63,21
2020-09-03,US,Tennessee,Fentress,269,0,0,36.38128818,-84.92870012,47049.0,1452.2485558494845,0.0,269,247,0,0,247,230,18217,22,0,0,22,17
2020-09-03,US,Tennessee,Franklin,567,4,0,35.15634626,-86.09201039,47051.0,1343.347232752085,0.7054673721340388,563,534,4,0,530,517,41890,33,0,0,33,17
2020-09-03,US,Tennessee,Gibson,1139,16,0,35.99438059,-88.93358327,47053.0,2318.197545437893,1.404741000877963,1123,1160,16,0,1144,1138,49045,-21,0,0,-21,22
2020-09-03,US,Tennessee,Giles,464,15,0,35.20222469,-87.03992678,47055.0,1574.803149606299,3.2327586206896552,449,448,15,0,433,448,29503,16,0,0,16,0
2020-09-03,US,Tennessee,Grainger,283,1,0,36.27469206,-83.51254721,47057.0,1213.5506003430532,0.353356890459364,282,282,1,0,281,278,23145,1,0,0,1,4
2020-09-03,US,Tennessee,Greene,878,18,0,36.17470125,-82.84691273,47059.0,1271.1925755404015,2.050113895216401,860,857,17,0,840,844,69087,21,1,0,20,13
2020-09-03,US,Tennessee,Grundy,153,3,0,35.38433717,-85.72142731,47061.0,1139.4950472927685,1.96078431372549,150,152,3,0,149,152,13346,1,0,0,1,0
2020-09-03,US,Tennessee,Hamblen,1668,22,0,36.21990035,-83.26586179,47063.0,2568.7621276988943,1.3189448441247005,1646,1668,22,0,1646,1665,64569,0,0,0,0,3
2020-09-03,US,Tennessee,Hamilton,8294,77,0,35.17670231,-85.16652245,47065.0,2255.005383301976,0.9283819628647216,8217,8217,77,0,8140,8136,364286,77,0,0,77,81
2020-09-03,US,Tennessee,Hancock,97,2,0,36.52692871,-83.22375847,47067.0,1465.2567975830814,2.061855670103093,95,92,2,0,90,92,6549,5,0,0,5,0
2020-09-03,US,Tennessee,Hardeman,1262,22,0,35.20772017,-88.99161161,47069.0,5037.924151696607,1.7432646592709984,1240,1256,22,0,1234,1241,25220,6,0,0,6,15
2020-09-03,US,Tennessee,Hardin,760,12,0,35.19732531,-88.18593755,47071.0,2962.731950725089,1.5789473684210529,748,731,10,0,721,713,25776,29,2,0,27,18
2020-09-03,US,Tennessee,Hawkins,680,13,0,36.44355426,-82.94885298,47073.0,1197.4782516817525,1.9117647058823528,667,679,13,0,666,673,56530,1,0,0,1,6
2020-09-03,US,Tennessee,Haywood,779,11,0,35.58332824,-89.28536625,47075.0,4501.849283402681,1.4120667522464698,768,752,11,0,741,747,17335,27,0,0,27,5
2020-09-03,US,Tennessee,Henderson,922,9,0,35.65581134,-88.38600175,47077.0,3279.1549596329633,0.9761388286334056,913,901,8,0,893,883,27847,21,1,0,20,18
2020-09-03,US,Tennessee,Henry,493,7,0,36.33160906,-88.30121797,47079.0,1524.1923017467925,1.4198782961460443,486,474,7,0,467,463,32358,19,0,0,19,11
2020-09-03,US,Tennessee,Hickman,396,4,0,35.80609681,-87.47643507,47081.0,1572.801652236079,1.0101010101010102,392,394,4,0,390,379,25063,2,0,0,2,15
2020-09-03,US,Tennessee,Houston,111,0,0,36.28872054,-87.71878828,47083.0,1353.4934764053164,0.0,111,103,0,0,103,96,8263,8,0,0,8,7
2020-09-03,US,Tennessee,Humphreys,168,3,0,36.03958805,-87.77992872,47085.0,904.1007426541812,1.7857142857142858,165,171,3,0,168,172,18486,-3,0,0,-3,-1
2020-09-03,US,Tennessee,Jackson,250,2,0,36.36380466,-85.67239905,47087.0,2121.1606991345666,0.8,248,221,2,0,219,220,11758,29,0,0,29,1
2020-09-03,US,Tennessee,Jefferson,846,7,0,36.04818632,-83.45148924,47089.0,1552.436003303055,0.8274231678486997,839,830,7,0,823,817,54012,16,0,0,16,13
2020-09-03,US,Tennessee,Johnson,428,1,0,36.45523950000001,-81.84886538,47091.0,2406.1164830222624,0.2336448598130841,427,427,1,0,426,416,17778,1,0,0,1,11
2020-09-03,US,Tennessee,Knox,6736,63,0,35.99508821,-83.94635435,47093.0,1432.2376800130976,0.9352731591448932,6673,6629,61,0,6568,6516,465289,107,2,0,105,113
2020-09-03,US,Tennessee,Lake,844,2,0,36.34180170000001,-89.48921915,47095.0,12029.646522234892,0.23696682464454974,842,848,2,0,846,840,7411,-4,0,0,-4,8
2020-09-03,US,Tennessee,Lauderdale,726,12,0,35.75893438,-89.63015909999999,47097.0,2832.2865056762766,1.6528925619834711,714,728,12,0,716,722,25825,-2,0,0,-2,6
2020-09-03,US,Tennessee,Lawrence,765,9,0,35.21675201,-87.39787695,47099.0,1733.043360065244,1.1764705882352942,756,776,9,0,767,768,43734,-11,0,0,-11,8
2020-09-03,US,Tennessee,Lewis,144,1,0,35.52853208,-87.49022694,47101.0,1173.7854581023805,0.6944444444444444,143,134,1,0,133,133,12086,10,0,0,10,1
2020-09-03,US,Tennessee,Lincoln,432,1,0,35.13738622,-86.58910106,47103.0,1257.056392946517,0.2314814814814815,431,424,1,0,423,411,34117,8,0,0,8,13
2020-09-03,US,Tennessee,Loudon,942,4,0,35.73939663,-84.31145275,47105.0,1742.2504993711625,0.4246284501061571,938,973,3,0,970,963,53054,-31,1,0,-32,10
2020-09-03,US,Tennessee,Macon,930,16,0,36.53157855,-86.00778595,47111.0,3780.1804731322654,1.7204301075268815,914,915,15,0,900,907,24265,15,1,0,14,8
2020-09-03,US,Tennessee,Madison,1949,46,0,35.61181957,-88.84076036,47113.0,1989.1002612671455,2.360184710107748,1903,1882,44,0,1838,1839,97605,67,2,0,65,43
2020-09-03,US,Tennessee,Marion,356,7,0,35.12997174,-85.62265895,47115.0,1231.5356142110907,1.9662921348314608,349,342,7,0,335,328,28575,14,0,0,14,14
2020-09-03,US,Tennessee,Marshall,577,4,0,35.45798777,-86.76420988,47117.0,1678.5454545454545,0.6932409012131716,573,568,4,0,564,549,33683,9,0,0,9,19
2020-09-03,US,Tennessee,Maury,1822,16,0,35.618741299999996,-87.07462444,47119.0,1890.2964092668094,0.8781558726673985,1806,1807,15,0,1792,1778,94340,15,1,0,14,29
2020-09-03,US,Tennessee,McMinn,834,23,0,35.42812616,-84.61520715,47107.0,1550.358776071681,2.7577937649880098,811,817,23,0,794,803,53285,17,0,0,17,14
2020-09-03,US,Tennessee,McNairy,582,13,0,35.17468549,-88.5647812,47109.0,2265.120261539659,2.233676975945017,569,583,12,0,571,555,25832,-1,1,0,-2,28
2020-09-03,US,Tennessee,Meigs,169,2,0,35.51558739,-84.81482914,47121.0,1360.4894541941715,1.183431952662722,167,167,2,0,165,163,12306,2,0,0,2,4
2020-09-03,US,Tennessee,Monroe,828,15,0,35.44550387,-84.24902965,47123.0,1778.923622300999,1.8115942028985508,813,784,15,0,769,759,46357,44,0,0,44,25
2020-09-03,US,Tennessee,Montgomery,2536,30,0,36.49609412,-87.38550661,47125.0,1213.437770643036,1.1829652996845426,2506,2504,30,0,2474,2494,205950,32,0,0,32,10
2020-09-03,US,Tennessee,Moore,115,1,0,35.27724699,-86.36230578,47127.0,1772.5030826140567,0.8695652173913043,114,97,1,0,96,94,6411,18,0,0,18,3
2020-09-03,US,Tennessee,Morgan,248,2,0,36.13248031,-84.64880098,47129.0,1158.7160678409568,0.8064516129032258,246,220,2,0,218,214,21579,28,0,0,28,6
2020-09-03,US,Tennessee,Obion,883,8,0,36.35732446,-89.14921589,47131.0,2936.5792011706408,0.9060022650056624,875,837,8,0,829,830,30267,46,0,0,46,7
2020-09-03,US,Tennessee,Out of TN,2518,24,0,0.0,0.0,80047.0,0.0,0.9531374106433678,2494,3010,29,0,2981,3055,,-492,-5,0,-487,-45
2020-09-03,US,Tennessee,Overton,505,2,0,36.34117832,-85.28989535,47133.0,2270.5813587518546,0.3960396039603961,503,450,2,0,448,439,22068,55,0,0,55,11
2020-09-03,US,Tennessee,Perry,114,0,0,35.63708728,-87.86139634,47135.0,1411.5898959881129,0.0,114,113,0,0,113,112,8064,1,0,0,1,1
2020-09-03,US,Tennessee,Pickett,72,1,0,36.55606529,-85.07763299999998,47137.0,1426.3074484944532,1.3888888888888888,71,68,1,0,67,67,5082,4,0,0,4,1
2020-09-03,US,Tennessee,Polk,344,10,0,35.12245443,-84.52075859,47139.0,2043.726235741445,2.9069767441860463,334,335,10,0,325,331,16898,9,0,0,9,4
2020-09-03,US,Tennessee,Putnam,2384,29,0,36.14005459,-85.50646123,47141.0,2970.901613807714,1.2164429530201342,2355,2429,30,0,2399,2387,78843,-45,-1,0,-44,42
2020-09-03,US,Tennessee,Rhea,663,5,0,35.60536161,-84.93076643,47143.0,1998.9748846745251,0.7541478129713424,658,672,5,0,667,661,33044,-9,0,0,-9,11
2020-09-03,US,Tennessee,Roane,662,2,0,35.84923189,-84.52458689,47145.0,1240.1183919673301,0.3021148036253776,660,671,2,0,669,659,53140,-9,0,0,-9,12
2020-09-03,US,Tennessee,Robertson,1942,29,0,36.52454807,-86.87346725,47147.0,2704.245749376854,1.4933058702368691,1913,1908,26,0,1882,1892,71012,34,3,0,31,16
2020-09-03,US,Tennessee,Rutherford,8018,73,0,35.84591405,-86.4107263,47149.0,2412.9888499330395,0.9104514841606386,7945,7930,70,0,7860,7868,324890,88,3,0,85,62
2020-09-03,US,Tennessee,Scott,163,2,0,36.42325673,-84.50360494,47151.0,738.6260648903391,1.2269938650306749,161,160,2,0,158,156,22039,3,0,0,3,4
2020-09-03,US,Tennessee,Sequatchie,167,2,0,35.36979721,-85.41022136,47153.0,1111.406894715826,1.1976047904191616,165,149,1,0,148,144,14876,18,1,0,17,5
2020-09-03,US,Tennessee,Sevier,2283,13,0,35.78077323,-83.52244332,47155.0,2323.6641221374052,0.5694261936049059,2270,2278,12,0,2266,2246,97892,5,1,0,4,32
2020-09-03,US,Tennessee,Shelby,27410,393,0,35.1864775,-89.89692423,47157.0,2924.775333292075,1.4337832907697918,27017,27264,389,0,26875,27173,935764,146,4,0,142,91
2020-09-03,US,Tennessee,Smith,549,8,0,36.25359775,-85.95411046,47159.0,2723.619586247953,1.4571948998178506,541,525,8,0,517,516,19942,24,0,0,24,9
2020-09-03,US,Tennessee,Stewart,102,0,0,36.50235092,-87.83920548,47161.0,743.7112650382793,0.0,102,98,0,0,98,99,13561,4,0,0,4,-1
2020-09-03,US,Tennessee,Sullivan,1800,26,0,36.51240691,-82.30412917,47163.0,1136.736807537828,1.4444444444444444,1774,1730,26,0,1704,1663,157668,70,0,0,70,67
2020-09-03,US,Tennessee,Sumner,4192,86,0,36.46824103,-86.45917204,47165.0,2191.5172806783667,2.0515267175572522,4106,4136,87,0,4049,4117,187149,56,-1,0,57,19
2020-09-03,US,Tennessee,Tipton,1518,15,0,35.501942,-89.73694895,47167.0,2464.325719573369,0.9881422924901184,1503,1481,15,0,1466,1470,61581,37,0,0,37,11
2020-09-03,US,Tennessee,Trousdale,1627,6,0,36.39026213,-86.16087954,47169.0,14418.645870258772,0.3687768899815612,1621,1619,6,0,1613,1618,11012,8,0,0,8,1
2020-09-03,US,Tennessee,Unassigned,3718,10,0,0.0,0.0,90047.0,0.0,0.2689618074233459,3708,3320,7,0,3313,3348,,398,3,0,395,-28
2020-09-03,US,Tennessee,Unicoi,230,1,0,36.10890856,-82.43709629,47171.0,1286.1376726500027,0.43478260869565216,229,232,1,0,231,228,17761,-2,0,0,-2,4
2020-09-03,US,Tennessee,Union,244,1,0,36.28590426,-83.83651902,47173.0,1221.7103945523736,0.4098360655737705,243,229,1,0,228,227,19688,15,0,0,15,2
2020-09-03,US,Tennessee,Van Buren,107,0,0,35.69864497,-85.45221699,47175.0,1822.2070844686648,0.0,107,90,0,0,90,80,5765,17,0,0,17,10
2020-09-03,US,Tennessee,Warren,873,7,0,35.672829899999996,-85.77969117,47177.0,2114.9792862853405,0.8018327605956472,866,879,7,0,872,860,40878,-6,0,0,-6,19
2020-09-03,US,Tennessee,Washington,1766,13,0,36.29472368,-82.49454720000001,47179.0,1365.0241545893718,0.7361268403171007,1753,1812,13,0,1799,1771,128607,-46,0,0,-46,41
2020-09-03,US,Tennessee,Wayne,1499,2,0,35.23868267,-87.78644456,47181.0,8990.583578240268,0.133422281521014,1497,1450,3,0,1447,1439,16558,49,-1,0,50,11
2020-09-03,US,Tennessee,Weakley,924,13,0,36.29896232,-88.71990865,47183.0,2772.443590974556,1.406926406926407,911,868,13,0,855,854,33415,56,0,0,56,14
2020-09-03,US,Tennessee,White,599,7,0,35.92929884,-85.45591799,47185.0,2190.5284329859205,1.1686143572621035,592,586,7,0,579,566,27107,13,0,0,13,20
2020-09-03,US,Tennessee,Williamson,4424,29,0,35.89099229,-86.89281867,47187.0,1855.6112947334866,0.6555153707052441,4395,4465,30,0,4435,4422,231729,-41,-1,0,-40,43
2020-09-03,US,Tennessee,Wilson,2943,31,0,36.15496772,-86.29775884,47189.0,2034.4677409319975,1.053346924906558,2912,2900,31,0,2869,2870,140625,43,0,0,43,30
2020-09-03,US,Texas,Anderson,2519,18,0,31.81534745,-95.65354823,48001.0,4363.038018532952,0.7145692735212386,2501,2527,18,0,2509,2520,58057,-8,0,0,-8,7
2020-09-03,US,Texas,Andrews,377,8,0,32.30468633,-102.63765479999999,48003.0,2015.5038759689926,2.122015915119364,369,374,8,0,366,368,18128,3,0,0,3,6
2020-09-03,US,Texas,Angelina,2013,69,0,31.25457347,-94.60901487,48005.0,2321.397682061927,3.4277198211624436,1944,2013,69,0,1944,2013,87092,0,0,0,0,0
2020-09-03,US,Texas,Aransas,215,18,0,28.10556197,-96.9995047,48007.0,914.5044661846024,8.372093023255816,197,217,18,0,199,212,23792,-2,0,0,-2,5
2020-09-03,US,Texas,Archer,56,1,0,33.61569967,-98.68754589,48009.0,654.7410265403953,1.7857142857142858,55,53,1,0,52,53,8786,3,0,0,3,0
2020-09-03,US,Texas,Armstrong,11,0,0,34.96507426,-101.35748740000001,48011.0,582.9358770535241,0.0,11,11,0,0,11,11,1892,0,0,0,0,0
2020-09-03,US,Texas,Atascosa,576,27,0,28.89333001,-98.52730485,48013.0,1126.0336637147384,4.6875,549,572,27,0,545,569,50310,4,0,0,4,3
2020-09-03,US,Texas,Austin,419,6,0,29.88548725,-96.27736949,48015.0,1395.1784762919553,1.431980906921241,413,419,6,0,413,418,29989,0,0,0,0,1
2020-09-03,US,Texas,Bailey,202,4,0,34.06854817,-102.8299707,48017.0,2885.714285714286,1.98019801980198,198,202,4,0,198,202,7027,0,0,0,0,0
2020-09-03,US,Texas,Bandera,109,6,0,29.74619598,-99.24598147,48019.0,471.61647628937345,5.504587155963303,103,109,5,0,104,109,22824,0,1,0,-1,0
2020-09-03,US,Texas,Bastrop,1616,27,0,30.10370699,-97.31206354,48021.0,1821.399186231304,1.6707920792079207,1589,1608,27,0,1581,1596,86976,8,0,0,8,12
2020-09-03,US,Texas,Baylor,15,0,0,33.61640794,-99.21352901,48023.0,427.4722143060701,0.0,15,15,0,0,15,15,3582,0,0,0,0,0
2020-09-03,US,Texas,Bee,1643,24,0,28.41761668,-97.74215593,48025.0,5045.294027329956,1.4607425441265978,1619,1621,23,0,1598,1614,32587,22,1,0,21,7
2020-09-03,US,Texas,Bell,4942,65,0,31.03736027,-97.4785025,48027.0,1361.7176047877792,1.3152569809793606,4877,4896,65,0,4831,4858,355642,46,0,0,46,38
2020-09-03,US,Texas,Bexar,47070,1136,0,29.44928723,-98.52019748,48029.0,2349.325249032469,2.413426811132356,45934,46913,1119,0,45794,46663,1986049,157,17,0,140,250
2020-09-03,US,Texas,Blanco,129,5,0,30.26640707,-98.3999852,48031.0,1081.2169977369877,3.875968992248062,124,129,5,0,124,127,11702,0,0,0,0,2
2020-09-03,US,Texas,Bosque,232,5,0,31.89978581,-97.63613524,48035.0,1241.6376772812414,2.155172413793104,227,229,5,0,224,222,18691,3,0,0,3,7
2020-09-03,US,Texas,Bowie,968,44,0,33.44626922,-94.41834132,48037.0,1038.125368652475,4.545454545454546,924,969,44,0,925,969,94324,-1,0,0,-1,0
2020-09-03,US,Texas,Brazoria,9591,143,0,29.18757369,-95.44563172,48039.0,2562.629587670735,1.4909811281409655,9448,9592,139,0,9453,9419,370200,-1,4,0,-5,173
2020-09-03,US,Texas,Brazos,4975,57,0,30.663644800000004,-96.30205577,48041.0,2170.489199907509,1.1457286432160805,4918,4872,56,0,4816,4772,226758,103,1,0,102,100
2020-09-03,US,Texas,Brewster,203,2,0,29.81008251,-103.25203259999999,48043.0,2205.8024557209606,0.9852216748768472,201,203,2,0,201,192,9267,0,0,0,0,11
2020-09-03,US,Texas,Briscoe,12,1,0,34.53026962,-101.2084947,48045.0,776.1966364812421,8.333333333333334,11,12,1,0,11,12,1516,0,0,0,0,0
2020-09-03,US,Texas,Brooks,251,16,0,27.03103197,-98.21808402,48047.0,3538.700126885662,6.374501992031872,235,239,16,0,223,218,7114,12,0,0,12,21
2020-09-03,US,Texas,Brown,488,20,0,31.77430356,-98.99907113,48049.0,1288.8231565603212,4.0983606557377055,468,483,20,0,463,480,37924,5,0,0,5,3
2020-09-03,US,Texas,Burleson,293,6,0,30.49273808,-96.62158484,48051.0,1588.6786314590902,2.04778156996587,287,293,6,0,287,292,18389,0,0,0,0,1
2020-09-03,US,Texas,Burnet,669,12,0,30.78801353,-98.181887,48053.0,1389.2638355310974,1.7937219730941705,657,675,12,0,663,670,47542,-6,0,0,-6,5
2020-09-03,US,Texas,Caldwell,1255,34,0,29.83668859,-97.61814775,48055.0,2874.2213264932207,2.7091633466135456,1221,1248,34,0,1214,1236,43247,7,0,0,7,12
2020-09-03,US,Texas,Calhoun,614,7,0,28.47048236,-96.61633945,48057.0,2883.9830906528887,1.1400651465798046,607,611,7,0,604,607,21561,3,0,0,3,4
2020-09-03,US,Texas,Callahan,72,3,0,32.29760619,-99.37326312,48059.0,516.3881517607401,4.166666666666667,69,71,3,0,68,70,13994,1,0,0,1,1
2020-09-03,US,Texas,Cameron,21342,793,0,26.14524221,-97.48140372,48061.0,5043.446615134121,3.71567800581014,20549,21211,775,0,20436,21048,423908,131,18,0,113,163
2020-09-03,US,Texas,Camp,316,8,0,32.97195142,-94.97790104,48063.0,2413.319077440049,2.5316455696202533,308,316,8,0,308,296,13033,0,0,0,0,20
2020-09-03,US,Texas,Carson,17,0,0,35.40365929,-101.35426690000001,48065.0,286.87141410732363,0.0,17,17,0,0,17,17,6005,0,0,0,0,0
2020-09-03,US,Texas,Cass,261,12,0,33.07499881,-94.34646905,48067.0,869.2466529008193,4.597701149425287,249,261,12,0,249,260,30119,0,0,0,0,1
2020-09-03,US,Texas,Castro,231,4,0,34.53016752,-102.2617243,48069.0,3067.7290836653387,1.7316017316017316,227,229,4,0,225,229,7665,2,0,0,2,0
2020-09-03,US,Texas,Chambers,1166,5,0,29.70972016,-94.67154501,48071.0,2659.8535483723795,0.4288164665523156,1161,1155,5,0,1150,1149,42454,11,0,0,11,6
2020-09-03,US,Texas,Cherokee,1432,18,0,31.837258000000002,-95.16559897,48073.0,2720.054705010827,1.2569832402234635,1414,1427,17,0,1410,1424,52592,5,1,0,4,3
2020-09-03,US,Texas,Childress,57,0,0,34.529304100000004,-100.2077916,48075.0,780.1806734191076,0.0,57,57,0,0,57,57,7291,0,0,0,0,0
2020-09-03,US,Texas,Clay,69,1,0,33.78686685,-98.20771198,48077.0,658.9628497755706,1.4492753623188406,68,69,1,0,68,67,10456,0,0,0,0,2
2020-09-03,US,Texas,Cochran,39,1,0,33.60425307,-102.82844990000001,48079.0,1366.9821240799158,2.5641025641025643,38,37,1,0,36,37,2836,2,0,0,2,0
2020-09-03,US,Texas,Coke,49,3,0,31.88911733,-100.5297533,48081.0,1446.7080011809862,6.1224489795918355,46,49,3,0,46,49,3370,0,0,0,0,0
2020-09-03,US,Texas,Coleman,55,2,0,31.76736834,-99.45240766,48083.0,672.782874617737,3.636363636363636,53,54,2,0,52,53,8397,1,0,0,1,1
2020-09-03,US,Texas,Collin,11198,114,0,33.18820114,-96.57264368,48085.0,1082.2146840238515,1.0180389355242008,11084,11119,114,0,11005,11054,1005146,79,0,0,79,65
2020-09-03,US,Texas,Collingsworth,16,0,0,34.96489496,-100.27001109999999,48087.0,547.9452054794519,0.0,16,16,0,0,16,16,2962,0,0,0,0,0
2020-09-03,US,Texas,Colorado,448,4,0,29.622097999999998,-96.5273805,48089.0,2084.3995719536592,0.8928571428571429,444,448,3,0,445,446,21217,0,1,0,-1,2
2020-09-03,US,Texas,Comal,2395,96,0,29.80811278,-98.27647225,48091.0,1533.202312286744,4.008350730688935,2299,2382,96,0,2286,2382,148373,13,0,0,13,0
2020-09-03,US,Texas,Comanche,218,3,0,31.94854689,-98.55876441,48093.0,1598.8265493215988,1.3761467889908257,215,218,3,0,215,216,13534,0,0,0,0,2
2020-09-03,US,Texas,Concho,58,1,0,31.32635934,-99.86473038,48095.0,2127.659574468085,1.7241379310344829,57,58,1,0,57,56,4276,0,0,0,0,2
2020-09-03,US,Texas,Cooke,335,4,0,33.63979567,-97.21240912,48097.0,811.9834209952251,1.1940298507462686,331,331,4,0,327,325,40574,4,0,0,4,6
2020-09-03,US,Texas,Coryell,1436,10,0,31.39078397,-97.79936155,48099.0,1890.69268344064,0.6963788300835655,1426,1432,10,0,1422,1431,74808,4,0,0,4,1
2020-09-03,US,Texas,Cottle,18,2,0,34.07783319,-100.27850620000001,48101.0,1287.5536480686694,11.111111111111109,16,18,2,0,16,18,1389,0,0,0,0,0
2020-09-03,US,Texas,Crane,71,2,0,31.43052248,-102.5143314,48103.0,1480.091723994163,2.8169014084507036,69,71,2,0,69,71,4794,0,0,0,0,0
2020-09-03,US,Texas,Crockett,162,6,0,30.72367027,-101.4134238,48105.0,4676.674364896075,3.703703703703704,156,162,6,0,156,162,3499,0,0,0,0,0
2020-09-03,US,Texas,Crosby,81,1,0,33.61431553,-101.30003640000001,48107.0,1411.8877462088199,1.2345679012345678,80,81,1,0,80,81,5779,0,0,0,0,0
2020-09-03,US,Texas,Culberson,36,2,0,31.44506775,-104.5185739,48109.0,1658.222017503455,5.5555555555555545,34,35,2,0,33,29,2204,1,0,0,1,6
2020-09-03,US,Texas,Dallam,211,8,0,36.27787176,-102.60207249999999,48111.0,2895.56744888157,3.791469194312796,203,210,8,0,202,209,7200,1,0,0,1,1
2020-09-03,US,Texas,Dallas,72610,984,0,32.76670599,-96.77796049999999,48113.0,2755.058212509429,1.3551852361933618,71626,72610,973,0,71637,72252,2637772,0,11,0,-11,358
2020-09-03,US,Texas,Dawson,230,8,0,32.74255572,-101.94772420000001,48115.0,1807.039597737272,3.4782608695652173,222,228,8,0,220,224,12619,2,0,0,2,4
2020-09-03,US,Texas,DeWitt,870,25,0,29.08101855,-97.35681170000001,48123.0,4315.476190476191,2.8735632183908044,845,850,25,0,825,850,20187,20,0,0,20,0
2020-09-03,US,Texas,Deaf Smith,809,20,0,34.96522957,-102.6054267,48117.0,4362.126604119488,2.4721878862793574,789,808,20,0,788,806,18760,1,0,0,1,2
2020-09-03,US,Texas,Delta,17,0,0,33.38570922,-95.66921122,48119.0,318.88951416244606,0.0,17,17,0,0,17,17,5349,0,0,0,0,0
2020-09-03,US,Texas,Denton,10422,135,0,33.20521901,-97.11691153,48121.0,1174.697674838003,1.2953367875647668,10287,10340,134,0,10206,10239,859064,82,1,0,81,101
2020-09-03,US,Texas,Dickens,44,1,0,33.61616822,-100.7788855,48125.0,1990.0497512437807,2.272727272727273,43,39,1,0,38,34,2249,5,0,0,5,5
2020-09-03,US,Texas,Dimmit,186,6,0,28.42270064,-99.75645095,48127.0,1837.2184907151322,3.2258064516129035,180,183,6,0,177,181,10308,3,0,0,3,2
2020-09-03,US,Texas,Donley,55,1,0,34.96517499,-100.8140093,48129.0,1677.8523489932886,1.818181818181818,54,55,1,0,54,55,3319,0,0,0,0,0
2020-09-03,US,Texas,Duval,351,10,0,27.68184592,-98.50864568,48131.0,3146.006991126647,2.849002849002849,341,331,10,0,321,322,11212,20,0,0,20,9
2020-09-03,US,Texas,Eastland,118,3,0,32.32743996,-98.83243566,48133.0,642.7015250544663,2.5423728813559316,115,117,3,0,114,114,18322,1,0,0,1,3
2020-09-03,US,Texas,Ector,4323,73,0,31.86898877,-102.54294279999999,48135.0,2600.72312495864,1.6886421466574135,4250,4302,72,0,4230,4289,162124,21,1,0,20,13
2020-09-03,US,Texas,Edwards,34,1,0,29.98202582,-100.304252,48137.0,1759.8343685300208,2.9411764705882355,33,34,1,0,33,34,1928,0,0,0,0,0
2020-09-03,US,Texas,El Paso,20686,446,0,31.76980765,-106.23632749999999,48141.0,2464.855023247279,2.1560475684037512,20240,20611,439,0,20172,20539,840758,75,7,0,68,72
2020-09-03,US,Texas,Ellis,3843,58,0,32.34894117,-96.79371841,48139.0,2079.252918961618,1.5092375748113454,3785,3828,58,0,3770,3801,179436,15,0,0,15,27
2020-09-03,US,Texas,Erath,706,10,0,32.23602653,-98.21773417,48143.0,1653.4732305962812,1.4164305949008498,696,704,10,0,694,693,42446,2,0,0,2,11
2020-09-03,US,Texas,Falls,172,3,0,31.25350609,-96.93630086,48145.0,994.392091114066,1.7441860465116281,169,169,3,0,166,168,17335,3,0,0,3,1
2020-09-03,US,Texas,Fannin,611,12,0,33.59564294,-96.10751083,48147.0,1720.4482739201444,1.9639934533551555,599,606,12,0,594,593,35286,5,0,0,5,13
2020-09-03,US,Texas,Fayette,474,17,0,29.87788372,-96.92076062,48149.0,1870.117572792551,3.586497890295359,457,469,16,0,453,467,25349,5,1,0,4,2
2020-09-03,US,Texas,Fisher,60,1,0,32.74281316,-100.40193020000001,48151.0,1566.579634464752,1.6666666666666667,59,59,1,0,58,59,3839,1,0,0,1,0
2020-09-03,US,Texas,Floyd,99,8,0,34.07227468,-101.3031546,48153.0,1733.1932773109245,8.080808080808081,91,99,7,0,92,99,5837,0,1,0,-1,0
2020-09-03,US,Texas,Foard,3,0,0,33.97308618,-99.7767797,48155.0,259.7402597402597,0.0,3,3,0,0,3,3,1200,0,0,0,0,0
2020-09-03,US,Texas,Fort Bend,15081,243,0,29.52704478,-95.77219463,48157.0,1857.9799134642867,1.6112989854784163,14838,15036,240,0,14796,14983,787858,45,3,0,42,53
2020-09-03,US,Texas,Franklin,116,6,0,33.17653242,-95.21917243,48159.0,1081.5850815850815,5.172413793103448,110,116,6,0,110,111,10766,0,0,0,0,5
2020-09-03,US,Texas,Freestone,388,1,0,31.70422788,-96.15072516,48161.0,1967.8450068468835,0.25773195876288657,387,386,1,0,385,385,19808,2,0,0,2,1
2020-09-03,US,Texas,Frio,641,7,0,28.86751206,-99.10804207,48163.0,3156.7024524771,1.0920436817472698,634,641,7,0,634,638,19816,0,0,0,0,3
2020-09-03,US,Texas,Gaines,262,7,0,32.74055318,-102.6353295,48165.0,1219.0582542341335,2.6717557251908395,255,258,7,0,251,251,20901,4,0,0,4,7
2020-09-03,US,Texas,Galveston,10715,143,0,29.40167322,-94.90469073,48167.0,3131.768082562935,1.3345776948203454,10572,10646,142,0,10504,10613,337890,69,1,0,68,33
2020-09-03,US,Texas,Garza,102,3,0,33.17969345,-101.2984114,48169.0,1637.5020067426553,2.9411764705882355,99,102,3,0,99,102,6578,0,0,0,0,0
2020-09-03,US,Texas,Gillespie,203,7,0,30.31824095,-98.94676915,48171.0,752.1861568104342,3.4482758620689653,196,202,7,0,195,200,26804,1,0,0,1,2
2020-09-03,US,Texas,Glasscock,6,0,0,31.86942909,-101.5207776,48173.0,425.83392476934,0.0,6,6,0,0,6,6,1388,0,0,0,0,0
2020-09-03,US,Texas,Goliad,121,6,0,28.65696592,-97.42760647,48175.0,1580.0470096630975,4.958677685950414,115,121,6,0,115,121,7584,0,0,0,0,0
2020-09-03,US,Texas,Gonzales,818,13,0,29.45634206,-97.49424032,48177.0,3925.7090752027643,1.5892420537897312,805,817,13,0,804,817,20826,1,0,0,1,0
2020-09-03,US,Texas,Gray,246,4,0,35.40081878,-100.8129222,48179.0,1124.0062140180935,1.6260162601626016,242,244,4,0,240,243,21895,2,0,0,2,1
2020-09-03,US,Texas,Grayson,1532,29,0,33.62744998,-96.67753461,48181.0,1124.7173523624938,1.8929503916449089,1503,1527,28,0,1499,1512,133991,5,1,0,4,15
2020-09-03,US,Texas,Gregg,1936,51,0,32.47940482,-94.81591935,48183.0,1561.9831376820364,2.634297520661157,1885,1926,51,0,1875,1901,123707,10,0,0,10,25
2020-09-03,US,Texas,Grimes,1000,31,0,30.54579585,-95.98902499,48185.0,3462.6038781163434,3.1,969,995,30,0,965,986,28360,5,1,0,4,9
2020-09-03,US,Texas,Guadalupe,1903,74,0,29.58165339,-97.94786822,48187.0,1140.5659076878815,3.8885969521807673,1829,1901,72,0,1829,1901,163694,2,2,0,0,0
2020-09-03,US,Texas,Hale,1667,47,0,34.07044901,-101.82681140000001,48189.0,4990.121535053583,2.8194361127774443,1620,1644,45,0,1599,1644,33830,23,2,0,21,0
2020-09-03,US,Texas,Hall,16,1,0,34.5307555,-100.68138520000001,48191.0,539.8110661268556,6.25,15,16,1,0,15,16,3028,0,0,0,0,0
2020-09-03,US,Texas,Hamilton,105,3,0,31.70470573,-98.11083887,48193.0,1240.9880628767285,2.8571428571428568,102,105,3,0,102,102,8484,0,0,0,0,3
2020-09-03,US,Texas,Hansford,103,3,0,36.27743284,-101.3545796,48195.0,1907.760696425264,2.9126213592233015,100,102,3,0,99,102,5463,1,0,0,1,0
2020-09-03,US,Texas,Hardeman,22,0,0,34.28944521,-99.74632408,48197.0,559.3694380879734,0.0,22,22,0,0,22,22,3922,0,0,0,0,0
2020-09-03,US,Texas,Hardin,1181,21,0,30.33364686,-94.38931817,48199.0,2050.2760320822194,1.7781541066892463,1160,1166,21,0,1145,1254,57207,15,0,0,15,-88
2020-09-03,US,Texas,Harris,108819,2281,0,29.85864939,-95.39339521,48201.0,2308.752313918518,2.0961412988540604,106538,108085,2247,0,105838,107490,4698619,734,34,0,700,595
2020-09-03,US,Texas,Harrison,811,28,0,32.54935988,-94.36934071,48203.0,1218.5776749357656,3.4525277435265105,783,809,28,0,781,805,66726,2,0,0,2,4
2020-09-03,US,Texas,Hartley,104,0,0,35.84008013,-102.6029022,48205.0,1865.1362984218079,0.0,104,102,0,0,102,102,5619,2,0,0,2,0
2020-09-03,US,Texas,Haskell,56,2,0,33.17823584,-99.73037358,48207.0,989.7490279250619,3.571428571428572,54,55,2,0,53,54,5813,1,0,0,1,1
2020-09-03,US,Texas,Hays,5446,58,0,30.05669873,-98.02944344,48209.0,2365.861393364641,1.0650018362100624,5388,5425,56,0,5369,5410,222631,21,2,0,19,15
2020-09-03,US,Texas,Hemphill,60,0,0,35.83764858,-100.2703577,48211.0,1571.0919088766693,0.0,60,58,0,0,58,58,3825,2,0,0,2,0
2020-09-03,US,Texas,Henderson,834,17,0,32.21128872,-95.85846587,48213.0,1008.0133434859856,2.0383693045563547,817,830,16,0,814,825,82299,4,1,0,3,5
2020-09-03,US,Texas,Hidalgo,28178,1233,0,26.39418217,-98.18299696,48215.0,3243.671341430425,4.375754134431117,26945,27908,1208,0,26700,27669,865939,270,25,0,245,239
2020-09-03,US,Texas,Hill,383,11,0,31.99045053,-97.13423143,48217.0,1045.0489781440147,2.8720626631853787,372,378,10,0,368,369,36354,5,1,0,4,9
2020-09-03,US,Texas,Hockley,278,5,0,33.60771256,-102.3431676,48219.0,1207.5930671995136,1.7985611510791366,273,272,5,0,267,269,22980,6,0,0,6,3
2020-09-03,US,Texas,Hood,791,23,0,32.42990927,-97.83242024,48221.0,1283.1951722012234,2.9077117572692788,768,789,22,0,767,779,60537,2,1,0,1,10
2020-09-03,US,Texas,Hopkins,251,8,0,33.14875072,-95.56351139,48223.0,676.8417646424334,3.187250996015936,243,250,7,0,243,246,36810,1,1,0,0,4
2020-09-03,US,Texas,Houston,342,9,0,31.31925973,-95.42226208,48225.0,1489.0282131661445,2.631578947368421,333,341,9,0,332,341,23169,1,0,0,1,0
2020-09-03,US,Texas,Howard,285,8,0,32.30621324,-101.4356444,48227.0,777.3292603098407,2.8070175438596485,277,280,8,0,272,281,36459,5,0,0,5,-1
2020-09-03,US,Texas,Hudspeth,39,2,0,31.45628381,-105.388178,48229.0,798.1989357347524,5.128205128205129,37,39,2,0,37,39,4795,0,0,0,0,0
2020-09-03,US,Texas,Hunt,1441,30,0,33.12351514,-96.08551032,48231.0,1461.5493843438749,2.081887578070784,1411,1429,30,0,1399,1429,96493,12,0,0,12,0
2020-09-03,US,Texas,Hutchinson,150,3,0,35.84006574,-101.3546643,48233.0,716.4008023688988,2.0,147,148,3,0,145,148,21198,2,0,0,2,0
2020-09-03,US,Texas,Irion,10,0,0,31.30375559,-100.982439,48235.0,651.0416666666666,0.0,10,10,0,0,10,10,1522,0,0,0,0,0
2020-09-03,US,Texas,Jack,128,1,0,33.23377248,-98.17283469,48237.0,1432.5685506435364,0.78125,127,127,1,0,126,126,8843,1,0,0,1,1
2020-09-03,US,Texas,Jackson,505,14,0,28.95472367,-96.57749563,48239.0,3421.409214092141,2.7722772277227716,491,503,14,0,489,502,14874,2,0,0,2,1
2020-09-03,US,Texas,Jasper,410,19,0,30.74685667,-94.02667579,48241.0,1153.9868839539529,4.634146341463413,391,406,19,0,387,406,35872,4,0,0,4,0
2020-09-03,US,Texas,Jeff Davis,13,0,0,30.71490589,-104.1399973,48243.0,571.6798592788039,0.0,13,13,0,0,13,8,2252,0,0,0,0,5
2020-09-03,US,Texas,Jefferson,6680,107,0,29.8832777,-94.16434171,48245.0,2655.377337864965,1.6017964071856288,6573,6659,107,0,6552,6642,255001,21,0,0,21,17
2020-09-03,US,Texas,Jim Hogg,79,2,0,27.04453923,-98.69681870000001,48247.0,1519.2307692307693,2.5316455696202533,77,79,2,0,77,79,5248,0,0,0,0,0
2020-09-03,US,Texas,Jim Wells,1088,24,0,27.73103938,-98.0904705,48249.0,2687.6142483078893,2.2058823529411766,1064,1057,24,0,1033,1044,40822,31,0,0,31,13
2020-09-03,US,Texas,Johnson,2564,45,0,32.37877812,-97.36615819,48251.0,1458.3345182775272,1.7550702028081124,2519,2554,45,0,2509,2533,171361,10,0,0,10,21
2020-09-03,US,Texas,Jones,599,0,0,32.73997145,-99.87861576,48253.0,2982.622118209431,0.0,599,598,0,0,598,598,19817,1,0,0,1,0
2020-09-03,US,Texas,Karnes,746,12,0,28.90705334,-97.85960149,48255.0,4781.744759951285,1.6085790884718498,734,747,12,0,735,746,15650,-1,0,0,-1,1
2020-09-03,US,Texas,Kaufman,2833,41,0,32.599141700000004,-96.28734728,48257.0,2080.732112167105,1.4472290857747971,2792,2827,41,0,2786,2817,128622,6,0,0,6,10
2020-09-03,US,Texas,Kendall,197,5,0,29.94414155,-98.7113588,48259.0,415.3401783643608,2.538071065989848,192,195,5,0,190,197,45641,2,0,0,2,-2
2020-09-03,US,Texas,Kenedy,7,1,0,26.92601662,-97.66413984,48261.0,1732.6732673267327,14.285714285714285,6,7,1,0,6,7,442,0,0,0,0,0
2020-09-03,US,Texas,Kent,7,0,0,33.18104136,-100.7780939,48263.0,918.6351706036743,0.0,7,7,0,0,7,7,726,0,0,0,0,0
2020-09-03,US,Texas,Kerr,439,9,0,30.06040006,-99.34930144,48265.0,834.6007604562737,2.050113895216401,430,438,9,0,429,438,52405,1,0,0,1,0
2020-09-03,US,Texas,Kimble,16,1,0,30.48678918,-99.74856473,48267.0,368.9186073322573,6.25,15,16,1,0,15,16,4362,0,0,0,0,0
2020-09-03,US,Texas,Kinney,23,1,0,29.34967888,-100.41866379999999,48271.0,627.2157076629397,4.3478260869565215,22,22,1,0,21,22,3767,1,0,0,1,0
2020-09-03,US,Texas,Kleberg,673,29,0,27.42435506,-97.69894948,48273.0,2193.61147327249,4.3090638930163445,644,642,27,0,615,642,31129,31,2,0,29,0
2020-09-03,US,Texas,Knox,67,8,0,33.60519951,-99.74229059999999,48275.0,1828.6026200873362,11.940298507462687,59,67,8,0,59,67,3653,0,0,0,0,0
2020-09-03,US,Texas,La Salle,365,4,0,28.34453111,-99.09908775,48283.0,4853.723404255319,1.095890410958904,361,365,4,0,361,365,7531,0,0,0,0,0
2020-09-03,US,Texas,Lamar,791,28,0,33.66981763,-95.57404777,48277.0,1586.4738562746945,3.5398230088495577,763,791,28,0,763,791,49728,0,0,0,0,0
2020-09-03,US,Texas,Lamb,292,19,0,34.06859623,-102.35162890000001,48279.0,2264.7948499185604,6.506849315068492,273,290,19,0,271,287,13158,2,0,0,2,3
2020-09-03,US,Texas,Lampasas,158,6,0,31.19531316,-98.24206613,48281.0,737.3529960798953,3.79746835443038,152,155,6,0,149,154,21229,3,0,0,3,1
2020-09-03,US,Texas,Lavaca,688,32,0,29.38508402,-96.93186692,48285.0,3413.7143991267244,4.651162790697675,656,686,32,0,654,687,20110,2,0,0,2,-1
2020-09-03,US,Texas,Lee,197,14,0,30.31120597,-96.97045773,48287.0,1142.7577005626774,7.1065989847715745,183,196,14,0,182,196,17144,1,0,0,1,0
2020-09-03,US,Texas,Leon,204,5,0,31.29872538,-95.9936328,48289.0,1172.144334635716,2.4509803921568634,199,201,5,0,196,192,17270,3,0,0,3,9
2020-09-03,US,Texas,Liberty,1860,43,0,30.15152688,-94.81205615,48291.0,2108.3893492331586,2.3118279569892475,1817,1835,43,0,1792,1829,86323,25,0,0,25,6
2020-09-03,US,Texas,Limestone,467,8,0,31.5454767,-96.58095444,48293.0,1992.5758416179544,1.7130620985010707,459,465,8,0,457,459,23519,2,0,0,2,6
2020-09-03,US,Texas,Lipscomb,25,0,0,36.27783108,-100.27331509999999,48295.0,773.2755954222084,0.0,25,25,0,0,25,25,3355,0,0,0,0,0
2020-09-03,US,Texas,Live Oak,353,7,0,28.35101362,-98.1246786,48297.0,2891.7834029655114,1.9830028328611895,346,349,6,0,343,330,12166,4,1,0,3,19
2020-09-03,US,Texas,Llano,101,1,0,30.70645047,-98.68475262,48299.0,463.4090387703602,0.99009900990099,100,101,1,0,100,101,21646,0,0,0,0,0
2020-09-03,US,Texas,Lubbock,8027,100,0,33.61008596,-101.82047890000001,48303.0,2584.61082722358,1.2457954403886882,7927,7754,97,0,7657,7485,307412,273,3,0,270,269
2020-09-03,US,Texas,Lynn,82,4,0,33.17657705,-101.8162849,48305.0,1377.9196773651486,4.878048780487805,78,82,4,0,78,81,5877,0,0,0,0,1
2020-09-03,US,Texas,Madison,695,5,0,30.96694679,-95.93003775,48313.0,4865.583870064408,0.7194244604316546,690,694,5,0,689,690,14422,1,0,0,1,4
2020-09-03,US,Texas,Marion,143,12,0,32.79868409,-94.35661230000001,48315.0,1451.1873350923486,8.391608391608392,131,142,10,0,132,140,9928,1,2,0,-1,2
2020-09-03,US,Texas,Martin,74,5,0,32.30600051,-101.9513518,48317.0,1282.2734361462485,6.756756756756758,69,73,5,0,68,73,5753,1,0,0,1,0
2020-09-03,US,Texas,Mason,73,1,0,30.71780434,-99.22629416,48319.0,1708.0018717828732,1.3698630136986298,72,73,1,0,72,73,4280,0,0,0,0,0
2020-09-03,US,Texas,Matagorda,939,39,0,28.81955746,-96.01230294,48321.0,2562.5631089157546,4.15335463258786,900,921,39,0,882,913,36552,18,0,0,18,8
2020-09-03,US,Texas,Maverick,3335,84,0,28.7429195,-100.3157686,48323.0,5679.3024760737035,2.5187406296851576,3251,3335,82,0,3253,3293,58485,0,2,0,-2,42
2020-09-03,US,Texas,McCulloch,114,1,0,31.1925468,-99.34682807,48307.0,1427.8557114228454,0.8771929824561403,113,114,1,0,113,109,7987,0,0,0,0,5
2020-09-03,US,Texas,McLennan,6549,83,0,31.55255453,-97.20217694,48309.0,2551.9926117300474,1.2673690639792334,6466,6454,82,0,6372,6355,254607,95,1,0,94,99
2020-09-03,US,Texas,McMullen,16,0,0,28.35251708,-98.56769164,48311.0,2153.4320323014804,0.0,16,16,0,0,16,15,749,0,0,0,0,1
2020-09-03,US,Texas,Medina,1133,37,0,29.355730100000002,-99.11030298,48325.0,2196.417493796526,3.265666372462489,1096,1132,36,0,1096,1121,50921,1,1,0,0,11
2020-09-03,US,Texas,Menard,20,0,0,30.88990665,-99.82047940000001,48327.0,935.4536950420952,0.0,20,20,0,0,20,20,2139,0,0,0,0,0
2020-09-03,US,Texas,Midland,3336,73,0,31.86904128,-102.03156820000001,48329.0,1886.5363735070569,2.1882494004796165,3263,3322,73,0,3249,3272,172578,14,0,0,14,50
2020-09-03,US,Texas,Milam,441,5,0,30.78581830000001,-96.97718698,48331.0,1776.5781734681545,1.1337868480725624,436,440,5,0,435,430,25131,1,0,0,1,10
2020-09-03,US,Texas,Mills,35,0,0,31.49557106,-98.59272068,48333.0,718.2433819002667,0.0,35,35,0,0,35,35,4921,0,0,0,0,0
2020-09-03,US,Texas,Mitchell,75,1,0,32.30623474,-100.9212058,48335.0,877.7062609713283,1.3333333333333333,74,73,1,0,72,73,8145,2,0,0,2,0
2020-09-03,US,Texas,Montague,135,3,0,33.67521893,-97.72500958,48337.0,681.1989100817439,2.2222222222222223,132,134,3,0,131,129,19596,1,0,0,1,5
2020-09-03,US,Texas,Montgomery,9046,132,0,30.30079133,-95.50572772,48339.0,1489.3207176267013,1.459208489940305,8914,8904,130,0,8774,8800,590925,142,2,0,140,104
2020-09-03,US,Texas,Moore,1125,18,0,35.83769242,-101.8930281,48341.0,5372.492836676218,1.6,1107,1123,18,0,1105,1122,21485,2,0,0,2,1
2020-09-03,US,Texas,Morris,158,3,0,33.11304005,-94.73255695,48343.0,1275.4278333871491,1.8987341772151896,155,158,3,0,155,158,12339,0,0,0,0,0
2020-09-03,US,Texas,Motley,7,0,0,34.07408766,-100.77972199999999,48345.0,583.3333333333334,0.0,7,7,0,0,7,6,1234,0,0,0,0,1
2020-09-03,US,Texas,Nacogdoches,1379,50,0,31.62017125,-94.61803994,48347.0,2114.9009263235384,3.625815808556925,1329,1370,50,0,1320,1354,65711,9,0,0,9,16
2020-09-03,US,Texas,Navarro,1110,18,0,32.04620681,-96.47428766,48349.0,2214.9941133039333,1.6216216216216215,1092,1103,17,0,1086,1095,49565,7,1,0,6,8
2020-09-03,US,Texas,Newton,164,8,0,30.78548982,-93.74408813,48351.0,1206.3258550937844,4.878048780487805,156,163,6,0,157,163,13746,1,2,0,-1,0
2020-09-03,US,Texas,Nolan,158,4,0,32.30365282,-100.4060208,48353.0,1073.807258393367,2.5316455696202533,154,154,4,0,150,153,14751,4,0,0,4,1
2020-09-03,US,Texas,Nueces,19050,368,0,27.736286,-97.5433285,48355.0,5258.160499483844,1.9317585301837268,18682,19017,368,0,18649,18992,362265,33,0,0,33,25
2020-09-03,US,Texas,Ochiltree,110,4,0,36.27829105,-100.8158184,48357.0,1118.3407889385926,3.636363636363636,106,110,3,0,107,110,9947,0,1,0,-1,0
2020-09-03,US,Texas,Oldham,15,1,0,35.40425596,-102.6027606,48359.0,710.2272727272727,6.666666666666668,14,16,1,0,15,15,2131,-1,0,0,-1,1
2020-09-03,US,Texas,Orange,1799,36,0,30.11879481,-93.89412775,48361.0,2157.177802292676,2.0011117287381883,1763,1782,35,0,1747,1782,83572,17,1,0,16,0
2020-09-03,US,Texas,Palo Pinto,430,11,0,32.75310985,-98.31319001,48363.0,1473.1576963924765,2.5581395348837206,419,428,11,0,417,430,28875,2,0,0,2,-2
2020-09-03,US,Texas,Panola,326,22,0,32.163959600000005,-94.30552481,48365.0,1405.5359144606366,6.7484662576687136,304,320,21,0,299,318,23148,6,1,0,5,2
2020-09-03,US,Texas,Parker,1666,25,0,32.77757172,-97.80500621,48367.0,1166.0297596550904,1.5006002400960383,1641,1662,25,0,1637,1666,138371,4,0,0,4,-4
2020-09-03,US,Texas,Parmer,390,7,0,34.52993409,-102.78446679999999,48369.0,4060.385216033316,1.794871794871795,383,389,7,0,382,386,9864,1,0,0,1,3
2020-09-03,US,Texas,Pecos,310,4,0,30.78097267,-102.72412609999999,48371.0,1959.1733552423689,1.2903225806451613,306,303,4,0,299,299,15673,7,0,0,7,4
2020-09-03,US,Texas,Polk,778,18,0,30.79472531,-94.82766240000001,48373.0,1515.0039919770995,2.3136246786632397,760,778,18,0,760,778,50031,0,0,0,0,0
2020-09-03,US,Texas,Potter,4143,53,0,35.40133773,-101.893964,48375.0,3528.5099859472807,1.2792662321988897,4090,4114,53,0,4061,4098,119648,29,0,0,29,16
2020-09-03,US,Texas,Presidio,66,5,0,29.99954402,-104.24080790000001,48377.0,984.4868735083533,7.575757575757576,61,66,5,0,61,52,6948,0,0,0,0,14
2020-09-03,US,Texas,Rains,60,3,0,32.87109387,-95.79232691,48379.0,479.4630014383889,5.0,57,60,3,0,57,60,12159,0,0,0,0,0
2020-09-03,US,Texas,Randall,2252,31,0,34.96585996,-101.8971322,48381.0,1635.284976726961,1.3765541740674956,2221,2236,31,0,2205,2187,136271,16,0,0,16,49
2020-09-03,US,Texas,Reagan,86,6,0,31.36607041,-101.52326590000001,48383.0,2234.346583528189,6.9767441860465125,80,86,6,0,80,84,3741,0,0,0,0,2
2020-09-03,US,Texas,Real,105,5,0,29.83321503,-99.82018052,48385.0,3041.7149478563147,4.761904761904762,100,105,5,0,100,105,3478,0,0,0,0,0
2020-09-03,US,Texas,Red River,148,14,0,33.61886692,-95.04841765,48387.0,1230.9739665640855,9.459459459459461,134,146,14,0,132,145,12175,2,0,0,2,1
2020-09-03,US,Texas,Reeves,172,5,0,31.32323325,-103.69038959999999,48389.0,1076.6149223835753,2.9069767441860463,167,172,5,0,167,173,15695,0,0,0,0,-1
2020-09-03,US,Texas,Refugio,273,10,0,28.323897600000002,-97.15766311,48391.0,3929.1882556131263,3.663003663003663,263,272,10,0,262,268,7032,1,0,0,1,4
2020-09-03,US,Texas,Roberts,8,0,0,35.83809685,-100.813175,48393.0,936.768149882904,0.0,8,8,0,0,8,8,903,0,0,0,0,0
2020-09-03,US,Texas,Robertson,252,5,0,31.02539637,-96.51272246,48395.0,1475.9283120534146,1.984126984126984,247,251,5,0,246,251,17284,1,0,0,1,0
2020-09-03,US,Texas,Rockwall,1378,21,0,32.89779518,-96.40771592,48397.0,1313.4442167468906,1.523947750362845,1357,1374,21,0,1353,1360,100657,4,0,0,4,14
2020-09-03,US,Texas,Runnels,208,3,0,31.8314342,-99.97616148,48399.0,2026.5003897116133,1.4423076923076923,205,208,3,0,205,200,10234,0,0,0,0,8
2020-09-03,US,Texas,Rusk,716,5,0,32.10773545,-94.76176432,48401.0,1316.0313200749918,0.6983240223463687,711,714,5,0,709,713,54450,2,0,0,2,1
2020-09-03,US,Texas,Sabine,75,8,0,31.34318809,-93.85440451,48403.0,711.4399544678429,10.666666666666666,67,73,8,0,65,73,10589,2,0,0,2,0
2020-09-03,US,Texas,San Augustine,192,12,0,31.39457611,-94.17000399,48405.0,2330.945732669661,6.25,180,192,12,0,180,192,8232,0,0,0,0,0
2020-09-03,US,Texas,San Jacinto,204,8,0,30.57933681,-95.16260304,48407.0,706.8852004573962,3.92156862745098,196,202,8,0,194,202,28719,2,0,0,2,0
2020-09-03,US,Texas,San Patricio,1326,60,0,28.00880118,-97.51763891,48409.0,1987.1122433688001,4.524886877828054,1266,1313,60,0,1253,1286,66893,13,0,0,13,27
2020-09-03,US,Texas,San Saba,39,0,0,31.1577796,-98.81758731,48411.0,644.0957886044591,0.0,39,38,0,0,38,38,6054,1,0,0,1,0
2020-09-03,US,Texas,Schleicher,51,2,0,30.89740592,-100.5384842,48413.0,1825.993555316864,3.92156862745098,49,38,2,0,36,38,2895,13,0,0,13,0
2020-09-03,US,Texas,Scurry,557,2,0,32.74613808,-100.91626640000001,48415.0,3334.730287972221,0.3590664272890485,555,548,2,0,546,546,16866,9,0,0,9,2
2020-09-03,US,Texas,Shackelford,23,0,0,32.73587756,-99.35401337,48417.0,704.4410413476262,0.0,23,23,0,0,23,24,3253,0,0,0,0,-1
2020-09-03,US,Texas,Shelby,445,20,0,31.79211404,-94.14550696,48419.0,1760.702698425259,4.49438202247191,425,442,19,0,423,438,25418,3,1,0,2,4
2020-09-03,US,Texas,Sherman,55,0,0,36.27751473,-101.8933156,48421.0,1819.9867637326279,0.0,55,54,0,0,54,53,3079,1,0,0,1,1
2020-09-03,US,Texas,Smith,3359,70,0,32.37474036,-95.27175679999999,48423.0,1443.1731764847411,2.0839535576064305,3289,3339,66,0,3273,3315,230221,20,4,0,16,24
2020-09-03,US,Texas,Somervell,121,4,0,32.22236802,-97.77403489,48425.0,1325.5915863277824,3.3057851239669422,117,119,4,0,115,119,9016,2,0,0,2,0
2020-09-03,US,Texas,Starr,2782,140,0,26.56150059,-98.73892358,48427.0,4304.302755558307,5.032350826743349,2642,2782,135,0,2647,2782,64525,0,5,0,-5,0
2020-09-03,US,Texas,Stephens,112,4,0,32.73553157,-98.83631615,48429.0,1195.8146487294466,3.571428571428572,108,113,4,0,109,113,9433,-1,0,0,-1,0
2020-09-03,US,Texas,Sterling,4,0,0,31.82781912,-101.05007459999999,48431.0,309.8373353989156,0.0,4,4,0,0,4,3,1311,0,0,0,0,1
2020-09-03,US,Texas,Stonewall,10,1,0,33.17906744,-100.25384009999999,48433.0,740.7407407407408,10.0,9,10,1,0,9,10,1362,0,0,0,0,0
2020-09-03,US,Texas,Sutton,77,2,0,30.49856623,-100.5382014,48435.0,2039.1949152542368,2.5974025974025974,75,76,2,0,74,76,3758,1,0,0,1,0
2020-09-03,US,Texas,Swisher,94,3,0,34.53028891,-101.73491740000001,48437.0,1270.785453562255,3.191489361702128,91,94,3,0,91,94,7462,0,0,0,0,0
2020-09-03,US,Texas,Tarrant,42297,624,0,32.77143818,-97.29101614,48439.0,2011.733566704637,1.4752819348889992,41673,42070,620,0,41450,41860,2084931,227,4,0,223,210
2020-09-03,US,Texas,Taylor,1339,35,0,32.30163422,-99.89007449,48441.0,970.0508570352232,2.6138909634055265,1304,1322,35,0,1287,1317,137640,17,0,0,17,5
2020-09-03,US,Texas,Terrell,3,0,0,30.22429013,-102.0766732,48443.0,386.59793814432993,0.0,3,3,0,0,3,3,823,0,0,0,0,0
2020-09-03,US,Texas,Terry,207,3,0,33.17402785,-102.3354521,48445.0,1677.8795493231742,1.4492753623188406,204,206,3,0,203,203,12287,1,0,0,1,3
2020-09-03,US,Texas,Throckmorton,5,2,0,33.17751417,-99.21226795,48447.0,333.1112591605596,40.0,3,5,2,0,3,5,1515,0,0,0,0,0
2020-09-03,US,Texas,Titus,1502,25,0,33.21339719,-94.96797273,48449.0,4586.259541984733,1.664447403462051,1477,1502,25,0,1477,1502,33033,0,0,0,0,0
2020-09-03,US,Texas,Tom Green,3285,56,0,31.40464436,-100.46244300000001,48451.0,2755.872483221477,1.704718417047184,3229,3261,55,0,3206,3250,118189,24,1,0,23,11
2020-09-03,US,Texas,Travis,26726,389,0,30.33432034,-97.78535620000001,48453.0,2097.877945357525,1.4555114869415549,26337,26622,388,0,26234,26563,1248743,104,1,0,103,59
2020-09-03,US,Texas,Trinity,180,6,0,31.0879489,-95.1367187,48455.0,1228.5850795167564,3.333333333333333,174,179,6,0,173,178,14740,1,0,0,1,1
2020-09-03,US,Texas,Tyler,191,4,0,30.77031716,-94.37690895,48457.0,881.3215208564046,2.094240837696335,187,185,4,0,181,185,21696,6,0,0,6,0
2020-09-03,US,Texas,Upshur,332,8,0,32.73706798,-94.93999853,48459.0,795.1524441357508,2.409638554216868,324,329,6,0,323,328,41260,3,2,0,1,1
2020-09-03,US,Texas,Upton,20,2,0,31.36868194,-102.0423217,48461.0,546.8963631391852,10.0,18,19,2,0,17,19,3671,1,0,0,1,0
2020-09-03,US,Texas,Uvalde,705,24,0,29.35739637,-99.76229172,48463.0,2636.4010321229566,3.404255319148936,681,704,19,0,685,704,26846,1,5,0,-4,0
2020-09-03,US,Texas,Val Verde,1957,86,0,29.89149232,-101.1525205,48465.0,3991.840897501275,4.394481349003577,1871,1957,86,0,1871,1957,49208,0,0,0,0,0
2020-09-03,US,Texas,Van Zandt,521,18,0,32.56483801,-95.83766469,48467.0,920.6573599575896,3.45489443378119,503,521,18,0,503,520,56019,0,0,0,0,1
2020-09-03,US,Texas,Victoria,3819,82,0,28.79780988,-96.96813006,48469.0,4147.300291038617,2.1471589421314485,3737,3796,80,0,3716,3796,92035,23,2,0,21,0
2020-09-03,US,Texas,Walker,3417,48,0,30.73872995,-95.57440968,48471.0,4682.682161406587,1.404741000877963,3369,3663,48,0,3615,3651,72480,-246,0,0,-246,12
2020-09-03,US,Texas,Waller,685,8,0,30.01058447,-95.99011759,48473.0,1239.9087716757774,1.167883211678832,677,675,8,0,667,674,53126,10,0,0,10,1
2020-09-03,US,Texas,Ward,109,1,0,31.50999644,-103.09279090000001,48475.0,908.4847474579097,0.9174311926605504,108,109,1,0,108,109,11720,0,0,0,0,0
2020-09-03,US,Texas,Washington,575,45,0,30.21498498,-96.40946246,48477.0,1602.4747784404435,7.826086956521738,530,573,45,0,528,565,35108,2,0,0,2,8
2020-09-03,US,Texas,Webb,11642,247,0,27.7610369,-99.33237355,48479.0,4208.174891199052,2.1216285861535815,11395,11389,244,0,11145,11094,275910,253,3,0,250,295
2020-09-03,US,Texas,Wharton,1215,43,0,29.27765923,-96.22319248,48481.0,2923.765521224372,3.539094650205761,1172,1201,43,0,1158,1198,41619,14,0,0,14,3
2020-09-03,US,Texas,Wheeler,42,0,0,35.40114335,-100.26995140000001,48483.0,830.6962025316458,0.0,42,42,0,0,42,42,5191,0,0,0,0,0
2020-09-03,US,Texas,Wichita,1362,16,0,33.98842886,-98.70410340000001,48485.0,1030.0234439990925,1.1747430249632893,1346,1347,16,0,1331,1324,132064,15,0,0,15,23
2020-09-03,US,Texas,Wilbarger,111,2,0,34.07945812,-99.24178437,48487.0,869.2928185449132,1.8018018018018016,109,106,2,0,104,103,12820,5,0,0,5,3
2020-09-03,US,Texas,Willacy,891,43,0,26.47411727,-97.61535848,48489.0,4171.738926865812,4.8260381593714925,848,866,42,0,824,866,21515,25,1,0,24,0
2020-09-03,US,Texas,Williamson,8006,126,0,30.64655664,-97.60048540000001,48491.0,1355.6830824094784,1.5738196352735447,7880,7984,125,0,7859,7969,566719,22,1,0,21,15
2020-09-03,US,Texas,Wilson,541,25,0,29.1732598,-98.08693082,48493.0,1059.3303309183473,4.621072088724584,516,541,25,0,516,540,50224,0,0,0,0,1
2020-09-03,US,Texas,Winkler,96,1,0,31.85008651,-103.04851629999999,48495.0,1198.5018726591761,1.0416666666666667,95,95,1,0,94,95,7720,1,0,0,1,0
2020-09-03,US,Texas,Wise,665,12,0,33.21570665,-97.65460265,48497.0,950.2171925011432,1.8045112781954888,653,665,12,0,653,661,68305,0,0,0,0,4
2020-09-03,US,Texas,Wood,412,16,0,32.78722382,-95.38236368,48499.0,904.7190320384724,3.8834951456310685,396,408,15,0,393,407,45129,4,1,0,3,1
2020-09-03,US,Texas,Yoakum,163,4,0,33.17320212,-102.82764329999999,48501.0,1870.7678182026852,2.4539877300613497,159,155,4,0,151,149,8591,8,0,0,8,6
2020-09-03,US,Texas,Young,226,6,0,33.17659707,-98.68790885,48503.0,1254.8584119933369,2.6548672566371683,220,226,6,0,220,227,18045,0,0,0,0,-1
2020-09-03,US,Texas,Zapata,281,4,0,27.00156391,-99.16987152,48505.0,1981.8040764510893,1.4234875444839858,277,281,4,0,277,281,14190,0,0,0,0,0
2020-09-03,US,Texas,Zavala,266,11,0,28.86617238,-99.76050829,48507.0,2246.621621621621,4.135338345864661,255,264,11,0,253,261,11983,2,0,0,2,3
2020-09-03,US,Utah,Bear River,2645,11,0,41.52106798,-113.08328159999999,0.0,1415.816463081716,0.4158790170132325,2634,2591,11,0,2580,2585,,54,0,0,54,6
2020-09-03,US,Utah,Central Utah,523,3,0,39.37231946,-111.5758676,0.0,638.162871854943,0.5736137667304015,520,513,3,0,510,511,,10,0,0,10,2
2020-09-03,US,Utah,Davis,4035,24,0,40.99001837,-112.1139997,49011.0,1135.0817624570652,0.5947955390334573,4011,3998,24,0,3974,3934,351713,37,0,0,37,64
2020-09-03,US,Utah,Salt Lake,24416,234,0,40.66616532,-111.92160109999999,49035.0,2104.0349454558927,0.9583879423328964,24182,24250,231,0,24019,24105,1152633,166,3,0,163,145
2020-09-03,US,Utah,San Juan,668,28,0,37.62762978,-109.80337140000002,49037.0,4363.731382283773,4.1916167664670665,640,670,28,0,642,667,15449,-2,0,0,-2,3
2020-09-03,US,Utah,Southeast Utah,154,1,0,38.99617072,-110.70139579999999,0.0,382.8084217852794,0.6493506493506493,153,146,1,0,145,145,,8,0,0,8,1
2020-09-03,US,Utah,Southwest Utah,3664,27,0,37.85447192,-111.4418764,0.0,1453.7259663072027,0.7368995633187773,3637,3638,27,0,3611,3610,,26,0,0,26,28
2020-09-03,US,Utah,Summit,856,1,0,40.86688146,-110.9535882,49043.0,2031.0831652627835,0.11682242990654206,855,854,1,0,853,852,41933,2,0,0,2,2
2020-09-03,US,Utah,Tooele,708,0,0,40.44862644,-113.12957150000001,49045.0,979.8087435475163,0.0,708,702,0,0,702,697,69907,6,0,0,6,5
2020-09-03,US,Utah,TriCounty,214,1,0,40.12491499,-109.5174415,0.0,377.9449683868461,0.4672897196261682,213,211,1,0,210,211,,3,0,0,3,0
2020-09-03,US,Utah,Utah,11317,48,0,40.116672200000004,-111.66576620000001,49049.0,1778.7452749377194,0.4241406733233189,11269,11168,47,0,11121,11064,622213,149,1,0,148,104
2020-09-03,US,Utah,Wasatch,648,7,0,40.33110236,-111.1691419,49051.0,1900.7949312135167,1.0802469135802468,641,646,7,0,639,640,33240,2,0,0,2,6
2020-09-03,US,Utah,Weber-Morgan,3478,29,0,41.27116049,-111.9145117,0.0,1277.094188450339,0.8338125359401956,3449,3435,29,0,3406,3382,,43,0,0,43,53
2020-09-03,US,Vermont,Addison,81,2,0,44.03217337,-73.14130877,50001.0,220.24634962068683,2.469135802469136,79,81,2,0,79,81,36973,0,0,0,0,0
2020-09-03,US,Vermont,Bennington,105,1,0,43.03519828,-73.09048868,50003.0,296.02480969833664,0.9523809523809524,104,104,1,0,103,102,35631,1,0,0,1,2
2020-09-03,US,Vermont,Caledonia,33,0,0,44.46548598,-72.10314651,50005.0,110.02567265695328,0.0,33,33,0,0,33,33,30302,0,0,0,0,0
2020-09-03,US,Vermont,Chittenden,800,39,0,44.46322849,-73.08359212,50007.0,488.4780245948685,4.875,761,803,39,0,764,803,164572,-3,0,0,-3,0
2020-09-03,US,Vermont,Essex,6,0,0,44.72736416,-71.73579864,50009.0,97.35518416355671,0.0,6,6,0,0,6,6,6250,0,0,0,0,0
2020-09-03,US,Vermont,Franklin,123,7,0,44.85627605,-72.91249563,50011.0,248.97777417918306,5.691056910569106,116,122,7,0,115,122,49421,1,0,0,1,0
2020-09-03,US,Vermont,Grand Isle,13,0,0,44.797582399999996,-73.29679772,50013.0,179.68210089841045,0.0,13,13,0,0,13,13,7090,0,0,0,0,0
2020-09-03,US,Vermont,Lamoille,45,1,0,44.60353043,-72.64356694,50015.0,177.43080198722495,2.2222222222222223,44,45,1,0,44,45,25300,0,0,0,0,0
2020-09-03,US,Vermont,Orange,20,0,0,44.00470222,-72.37640104,50017.0,69.22331441229406,0.0,20,20,0,0,20,20,28999,0,0,0,0,0
2020-09-03,US,Vermont,Orleans,15,0,0,44.82964024,-72.24562697,50019.0,55.479528054148034,0.0,15,15,0,0,15,15,26907,0,0,0,0,0
2020-09-03,US,Vermont,Rutland,123,1,0,43.57723578,-73.03741676,50021.0,211.37289271536844,0.8130081300813008,122,123,1,0,122,122,58672,0,0,0,0,1
2020-09-03,US,Vermont,Unassigned,8,0,0,0.0,0.0,90050.0,0.0,0.0,8,8,0,0,8,8,,0,0,0,0,0
2020-09-03,US,Vermont,Washington,63,2,0,44.27343241,-72.61604978,50023.0,107.86009005461487,3.1746031746031744,61,62,2,0,60,62,58140,1,0,0,1,0
2020-09-03,US,Vermont,Windham,123,3,0,42.986982,-72.71268875,50025.0,291.3173227227512,2.4390243902439024,120,123,3,0,120,123,42756,0,0,0,0,0
2020-09-03,US,Vermont,Windsor,79,2,0,43.58010937,-72.58595157,50027.0,143.47462860048668,2.5316455696202533,77,79,2,0,77,80,55286,0,0,0,0,-1
2020-09-03,US,Virginia,Accomack,1151,19,0,37.76707161,-75.63234615,51001.0,3561.703181086769,1.6507384882710687,1132,1148,19,0,1129,1148,32412,3,0,0,3,0
2020-09-03,US,Virginia,Albemarle,1060,19,0,38.02080697,-78.55481085,51003.0,969.541754321778,1.7924528301886793,1041,1052,18,0,1034,1042,108718,8,1,0,7,10
2020-09-03,US,Virginia,Alexandria,3436,62,0,38.814003,-77.08183073,51510.0,2155.20485736508,1.80442374854482,3374,3415,62,0,3353,3395,160530,21,0,0,21,20
2020-09-03,US,Virginia,Alleghany,68,4,0,37.78636074,-80.00222498,51005.0,457.6043068640647,5.882352941176472,64,68,4,0,64,65,14910,0,0,0,0,3
2020-09-03,US,Virginia,Amelia,100,3,0,37.34081025,-77.98584649,51007.0,760.7455306200078,3.0,97,100,3,0,97,100,13013,0,0,0,0,0
2020-09-03,US,Virginia,Amherst,313,1,0,37.60308293,-79.14548696,51009.0,990.3496282233824,0.3194888178913738,312,307,1,0,306,298,31666,6,0,0,6,9
2020-09-03,US,Virginia,Appomattox,178,1,0,37.37569884,-78.81340003,51011.0,1118.7228961096098,0.5617977528089888,177,176,1,0,175,172,15841,2,0,0,2,4
2020-09-03,US,Virginia,Arlington,3587,141,0,38.8767675,-77.10139853,51013.0,1514.5117842274594,3.930861444103708,3446,3569,141,0,3428,3560,237521,18,0,0,18,9
2020-09-03,US,Virginia,Augusta,373,4,0,38.16404586,-79.12461614,51015.0,493.6604992191428,1.0723860589812333,369,372,4,0,368,369,75457,1,0,0,1,3
2020-09-03,US,Virginia,Bath,4,0,0,38.05852573,-79.73912095,51017.0,96.45526886906195,0.0,4,4,0,0,4,4,4292,0,0,0,0,0
2020-09-03,US,Virginia,Bedford,576,9,0,37.3080028,-79.5281964,51019.0,729.1416129726448,1.5625,567,559,9,0,550,551,78747,17,0,0,17,8
2020-09-03,US,Virginia,Bland,50,1,0,37.13128068,-81.13599391,51021.0,796.1783439490448,2.0,49,50,0,0,50,47,6293,0,1,0,-1,3
2020-09-03,US,Virginia,Botetourt,255,10,0,37.55531756,-79.80982182,51023.0,763.0389897962237,3.92156862745098,245,251,10,0,241,250,33277,4,0,0,4,1
2020-09-03,US,Virginia,Bristol,120,2,0,36.616302399999995,-82.16359122,51520.0,715.9050232669133,1.6666666666666667,118,125,2,0,123,121,16482,-5,0,0,-5,4
2020-09-03,US,Virginia,Brunswick,302,2,0,36.76366949,-77.8593436,51025.0,1860.6370525537552,0.6622516556291391,300,301,2,0,299,295,16384,1,0,0,1,6
2020-09-03,US,Virginia,Buchanan,99,2,0,37.26818323,-82.03749726,51027.0,471.33879261093125,2.0202020202020203,97,99,1,0,98,99,21221,0,1,0,-1,0
2020-09-03,US,Virginia,Buckingham,651,8,0,37.57242268,-78.52518834,51029.0,3796.3610916724974,1.228878648233487,643,649,8,0,641,648,16999,2,0,0,2,1
2020-09-03,US,Virginia,Buena Vista,75,1,0,37.73484642,-79.35296097,51530.0,1157.764742204384,1.3333333333333333,74,75,1,0,74,75,6237,0,0,0,0,0
2020-09-03,US,Virginia,Campbell,342,3,0,37.20553386,-79.09678609,51031.0,623.1210713309647,0.8771929824561403,339,335,3,0,332,329,54973,7,0,0,7,6
2020-09-03,US,Virginia,Caroline,269,5,0,38.02679129,-77.34901405,51033.0,875.5085435313263,1.858736059479554,264,265,5,0,260,264,30772,4,0,0,4,1
2020-09-03,US,Virginia,Carroll,413,19,0,36.73066666,-80.73455942,51035.0,1386.3247289449835,4.600484261501211,394,411,19,0,392,410,29636,2,0,0,2,1
2020-09-03,US,Virginia,Charles City,69,5,0,37.35358063,-77.05634116,51036.0,990.952175786299,7.246376811594202,64,69,5,0,64,69,6941,0,0,0,0,0
2020-09-03,US,Virginia,Charlotte,77,0,0,37.01909701,-78.66314092,51037.0,648.1481481481483,0.0,77,74,0,0,74,74,11938,3,0,0,3,0
2020-09-03,US,Virginia,Charlottesville,732,22,0,38.03527919,-78.48569588,51540.0,1548.681927812804,3.0054644808743167,710,699,20,0,679,686,48117,33,2,0,31,13
2020-09-03,US,Virginia,Chesapeake,3859,49,0,36.67670048,-76.30545744,51550.0,1576.1635387097433,1.2697590049235554,3810,3826,49,0,3777,3811,242634,33,0,0,33,15
2020-09-03,US,Virginia,Chesterfield,5185,83,0,37.37373208,-77.58680140000001,51041.0,1469.6628703918911,1.6007714561234332,5102,5146,83,0,5063,5106,348556,39,0,0,39,40
2020-09-03,US,Virginia,Clarke,82,0,0,39.11271747,-77.99199425,51043.0,560.9138791983036,0.0,82,82,0,0,82,81,14523,0,0,0,0,1
2020-09-03,US,Virginia,Colonial Heights,230,23,0,37.26420587,-77.39609676,51570.0,1324.1220495106504,10.0,207,229,23,0,206,228,17833,1,0,0,1,1
2020-09-03,US,Virginia,Covington,26,0,0,37.7824656,-79.98631446,51580.0,469.4835680751173,0.0,26,25,0,0,25,25,5460,1,0,0,1,0
2020-09-03,US,Virginia,Craig,22,0,0,37.48133648,-80.21072274,51045.0,428.76632235431686,0.0,22,21,0,0,21,21,5064,1,0,0,1,0
2020-09-03,US,Virginia,Culpeper,1124,14,0,38.48199985,-77.95630870000002,51047.0,2136.679022906568,1.2455516014234875,1110,1122,14,0,1108,1122,51859,2,0,0,2,0
2020-09-03,US,Virginia,Cumberland,99,0,0,37.51328851,-78.24398086,51049.0,996.7780910189286,0.0,99,99,0,0,99,99,9809,0,0,0,0,0
2020-09-03,US,Virginia,Danville,630,16,0,36.58022376,-79.40395668,51590.0,1573.2694036559783,2.5396825396825395,614,616,16,0,600,611,40693,14,0,0,14,5
2020-09-03,US,Virginia,Dickenson,68,1,0,37.12560977,-82.35124171,51051.0,474.9266657354378,1.4705882352941178,67,68,1,0,67,67,14523,0,0,0,0,1
2020-09-03,US,Virginia,Dinwiddie,305,8,0,37.07544585,-77.63451754,51053.0,1068.5257847533633,2.622950819672131,297,298,8,0,290,296,28529,7,0,0,7,2
2020-09-03,US,Virginia,Emporia,235,17,0,36.69455571,-77.53406129,51595.0,4395.809951365507,7.2340425531914905,218,234,17,0,217,233,5121,1,0,0,1,1
2020-09-03,US,Virginia,Essex,136,2,0,37.93357639,-76.94230311,51057.0,1241.6689491463526,1.4705882352941178,134,131,2,0,129,130,10919,5,0,0,5,1
2020-09-03,US,Virginia,Fairfax,18671,562,0,38.83677558,-77.27565836,51059.0,1627.0570232464106,3.0100155321086177,18109,18606,561,0,18045,18508,1150795,65,1,0,64,98
2020-09-03,US,Virginia,Fairfax,18671,562,0,38.83677558,-77.27565836,51059.0,1627.0570232464106,3.0100155321086177,18109,18606,561,0,18045,18508,24574,65,1,0,64,98
2020-09-03,US,Virginia,Fairfax City,121,7,0,38.85157547,-77.29779640000002,51600.0,503.76785045172585,5.785123966942148,114,121,7,0,114,122,24574,0,0,0,0,-1
2020-09-03,US,Virginia,Falls Church,66,7,0,38.88485255,-77.17560759,51610.0,451.5290415269892,10.606060606060606,59,66,7,0,59,66,14772,0,0,0,0,0
2020-09-03,US,Virginia,Fauquier,786,9,0,38.73564842,-77.80647472,51061.0,1103.5915868692257,1.1450381679389312,777,779,9,0,770,770,70675,7,0,0,7,9
2020-09-03,US,Virginia,Floyd,153,2,0,36.9302126,-80.36738849,51063.0,971.4902533494188,1.30718954248366,151,153,2,0,151,152,15795,0,0,0,0,1
2020-09-03,US,Virginia,Fluvanna,229,9,0,37.84157909,-78.27715475,51065.0,839.7506417308397,3.930131004366812,220,227,9,0,218,226,26783,2,0,0,2,1
2020-09-03,US,Virginia,Franklin,194,1,0,36.99536167,-79.88023649,51067.0,346.1689447200313,0.5154639175257731,193,194,1,0,193,194,56195,0,0,0,0,0
2020-09-03,US,Virginia,Franklin,194,1,0,36.99536167,-79.88023649,51067.0,346.1689447200313,0.5154639175257731,193,194,1,0,193,194,8013,0,0,0,0,0
2020-09-03,US,Virginia,Franklin City,315,7,0,36.6831435,-76.93859681,51620.0,3953.8094640391614,2.2222222222222223,308,313,7,0,306,312,8013,2,0,0,2,1
2020-09-03,US,Virginia,Frederick,774,11,0,39.20172582,-78.25974949,51069.0,866.6151624063688,1.421188630490956,763,772,11,0,761,766,88355,2,0,0,2,6
2020-09-03,US,Virginia,Fredericksburg,488,5,0,38.2977863,-77.4922454,51630.0,1680.672268907563,1.024590163934426,483,486,5,0,481,482,29144,2,0,0,2,4
2020-09-03,US,Virginia,Galax,401,28,0,36.66601852,-80.91703124,51640.0,6317.945486056405,6.982543640897756,373,398,28,0,370,397,6423,3,0,0,3,1
2020-09-03,US,Virginia,Giles,52,0,0,37.31234791,-80.70636931,51071.0,311.0047846889952,0.0,52,51,0,0,51,47,16844,1,0,0,1,4
2020-09-03,US,Virginia,Gloucester,207,2,0,37.40809042,-76.53524337,51073.0,554.2465459997859,0.966183574879227,205,206,2,0,204,204,37349,1,0,0,1,2
2020-09-03,US,Virginia,Goochland,224,7,0,37.71714806,-77.90381514,51075.0,943.0387740495937,3.125,217,222,7,0,215,222,23244,2,0,0,2,0
2020-09-03,US,Virginia,Grayson,225,8,0,36.65677234,-81.23215889,51077.0,1446.9453376205786,3.555555555555556,217,225,8,0,217,199,15631,0,0,0,0,26
2020-09-03,US,Virginia,Greene,199,3,0,38.29545894,-78.46525378,51079.0,1004.0869872344721,1.5075376884422111,196,199,3,0,196,199,19779,0,0,0,0,0
2020-09-03,US,Virginia,Greensville,713,11,0,36.67878901,-77.56351439,51081.0,6289.696541990121,1.5427769985974755,702,713,11,0,702,711,11627,0,0,0,0,2
2020-09-03,US,Virginia,Halifax,216,2,0,36.76654925,-78.93512622,51083.0,636.9614579340038,0.925925925925926,214,214,2,0,212,212,34120,2,0,0,2,2
2020-09-03,US,Virginia,Hampton,1589,16,0,37.03513786,-76.35879121,51650.0,1181.3248085644188,1.0069225928256764,1573,1570,16,0,1554,1562,134313,19,0,0,19,8
2020-09-03,US,Virginia,Hanover,832,35,0,37.7583355,-77.49464673,51085.0,772.0431304864243,4.206730769230768,797,816,35,0,781,810,107239,16,0,0,16,6
2020-09-03,US,Virginia,Harrisonburg,1551,33,0,38.43542574,-78.87536254,51660.0,2925.531914893617,2.127659574468085,1518,1496,33,0,1463,1423,54033,55,0,0,55,73
2020-09-03,US,Virginia,Henrico,4707,194,0,37.53460572,-77.39326555,51087.0,1422.8367259338975,4.121521138729552,4513,4670,194,0,4476,4651,329261,37,0,0,37,19
2020-09-03,US,Virginia,Henry,870,16,0,36.68542395,-79.87634026,51089.0,1720.8299543089975,1.839080459770115,854,858,16,0,842,849,50953,12,0,0,12,9
2020-09-03,US,Virginia,Highland,6,0,0,38.35799465,-79.56124594,51091.0,273.97260273972597,0.0,6,6,0,0,6,6,2210,0,0,0,0,0
2020-09-03,US,Virginia,Hopewell,350,5,0,37.29186313,-77.29754684,51670.0,1553.5531981002264,1.4285714285714286,345,350,4,0,346,350,22596,0,1,0,-1,0
2020-09-03,US,Virginia,Isle of Wight,582,11,0,36.90579348,-76.70842863,51093.0,1568.3526907219273,1.8900343642611683,571,566,11,0,555,560,36953,16,0,0,16,6
2020-09-03,US,Virginia,James City,754,18,0,37.31156958,-76.76950618,51095.0,985.3246736275368,2.3872679045092844,736,749,18,0,731,746,76397,5,0,0,5,3
2020-09-03,US,Virginia,King George,205,4,0,38.26818502,-77.15852768,51099.0,763.899239827098,1.951219512195122,201,204,4,0,200,202,26575,1,0,0,1,2
2020-09-03,US,Virginia,King William,117,2,0,37.70965316,-77.09384941,51101.0,682.295311406578,1.709401709401709,115,115,2,0,113,115,16939,2,0,0,2,0
2020-09-03,US,Virginia,King and Queen,53,1,0,37.71044922,-76.88689628,51097.0,754.4483985765124,1.8867924528301887,52,49,1,0,48,49,7042,4,0,0,4,0
2020-09-03,US,Virginia,Lancaster,73,0,0,37.71889653,-76.46400482,51103.0,688.4843912100349,0.0,73,73,0,0,73,72,10783,0,0,0,0,1
2020-09-03,US,Virginia,Lee,217,3,0,36.70586667,-83.12606515,51105.0,926.4398241045128,1.3824884792626728,214,214,3,0,211,210,23541,3,0,0,3,4
2020-09-03,US,Virginia,Lexington,43,0,0,37.78258621,-79.44262866,51678.0,577.491270480795,0.0,43,43,0,0,43,43,7136,0,0,0,0,0
2020-09-03,US,Virginia,Loudoun,6077,118,0,39.08990083,-77.63481877,51107.0,1469.5142888924356,1.9417475728155342,5959,6053,118,0,5935,6008,406850,24,0,0,24,45
2020-09-03,US,Virginia,Louisa,255,3,0,37.97850256,-77.96274807,51109.0,678.353861296587,1.1764705882352942,252,252,3,0,249,251,36778,3,0,0,3,1
2020-09-03,US,Virginia,Lunenburg,97,2,0,36.94618528,-78.24133319,51111.0,795.3427353230568,2.061855670103093,95,97,2,0,95,97,12086,0,0,0,0,0
2020-09-03,US,Virginia,Lynchburg,1025,5,0,37.40021399,-79.19888138,51680.0,1247.4442605393824,0.4878048780487805,1020,1008,5,0,1003,1007,82126,17,0,0,17,1
2020-09-03,US,Virginia,Madison,92,2,0,38.41531222,-78.28220331,51113.0,693.7636678983487,2.1739130434782608,90,91,2,0,89,91,13295,1,0,0,1,0
2020-09-03,US,Virginia,Manassas,1819,24,0,38.7464321,-77.48509905,51683.0,4427.406596081295,1.319406267179769,1795,1813,24,0,1789,1810,41641,6,0,0,6,3
2020-09-03,US,Virginia,Manassas Park,571,7,0,38.77058531,-77.44399307,51685.0,3266.964183545028,1.2259194395796849,564,571,7,0,564,568,17307,0,0,0,0,3
2020-09-03,US,Virginia,Martinsville,330,6,0,36.68212094,-79.86352771,51690.0,2628.644256810578,1.818181818181818,324,329,6,0,323,328,12902,1,0,0,1,1
2020-09-03,US,Virginia,Mathews,23,0,0,37.44164146,-76.34098896,51115.0,260.3577088521621,0.0,23,23,0,0,23,23,8802,0,0,0,0,0
2020-09-03,US,Virginia,Mecklenburg,550,33,0,36.67882005,-78.36131056,51117.0,1798.1495406545264,6.0,517,537,33,0,504,529,30650,13,0,0,13,8
2020-09-03,US,Virginia,Middlesex,55,1,0,37.63191998,-76.55064617,51119.0,519.7505197505197,1.818181818181818,54,55,1,0,54,55,10769,0,0,0,0,0
2020-09-03,US,Virginia,Montgomery,660,4,0,37.17746986,-80.37868691,51121.0,669.8127568884153,0.6060606060606061,656,600,4,0,596,532,98985,60,0,0,60,68
2020-09-03,US,Virginia,Nelson,87,0,0,37.78790447,-78.88498513,51125.0,582.7193569993302,0.0,87,86,0,0,86,86,14836,1,0,0,1,0
2020-09-03,US,Virginia,New Kent,155,1,0,37.50694406,-76.99828634,51127.0,671.257199774804,0.6451612903225806,154,153,1,0,152,151,22391,2,0,0,2,2
2020-09-03,US,Virginia,Newport News,2400,28,0,37.08166899,-76.51754109,51700.0,1339.0988980331986,1.1666666666666667,2372,2364,28,0,2336,2335,178626,36,0,0,36,29
2020-09-03,US,Virginia,Norfolk,4450,59,0,36.89934014,-76.26420872,51710.0,1833.2221041270154,1.3258426966292134,4391,4429,57,0,4372,4406,244076,21,2,0,19,23
2020-09-03,US,Virginia,Northampton,304,29,0,37.34062933,-75.87751591,51131.0,2596.071733561059,9.539473684210526,275,304,29,0,275,304,11735,0,0,0,0,0
2020-09-03,US,Virginia,Northumberland,94,5,0,37.89202088,-76.41949732,51133.0,777.1806531624637,5.319148936170213,89,91,5,0,86,90,12147,3,0,0,3,1
2020-09-03,US,Virginia,Norton,27,0,0,36.93357076,-82.62750411,51720.0,678.2215523737755,0.0,27,27,0,0,27,26,3968,0,0,0,0,1
2020-09-03,US,Virginia,Nottoway,204,15,0,37.1435975,-78.05065922,51135.0,1339.2857142857142,7.352941176470589,189,203,14,0,189,201,15420,1,1,0,0,2
2020-09-03,US,Virginia,Orange,267,4,0,38.24530219,-78.01560400000002,51137.0,720.6283231221829,1.49812734082397,263,265,4,0,261,264,36644,2,0,0,2,1
2020-09-03,US,Virginia,Page,363,26,0,38.61807452,-78.48797204,51139.0,1518.7013639026022,7.1625344352617075,337,362,26,0,336,361,23933,1,0,0,1,1
2020-09-03,US,Virginia,Patrick,239,13,0,36.680163799999995,-80.2865648,51141.0,1357.3375738300772,5.439330543933054,226,237,13,0,224,229,17673,2,0,0,2,8
2020-09-03,US,Virginia,Petersburg,642,23,0,37.20530399,-77.39368102,51730.0,2048.1082115740446,3.582554517133957,619,637,23,0,614,633,31567,5,0,0,5,4
2020-09-03,US,Virginia,Pittsylvania,807,4,0,36.81980341,-79.39731264,51143.0,1337.1110448354707,0.4956629491945477,803,791,4,0,787,780,60949,16,0,0,16,11
2020-09-03,US,Virginia,Poquoson,69,0,0,37.14259351,-76.35798148,51735.0,562.3013609322794,0.0,69,68,0,0,68,68,12190,1,0,0,1,0
2020-09-03,US,Virginia,Portsmouth,2258,42,0,36.85914825,-76.35971629,51740.0,2391.9998305048834,1.8600531443755537,2216,2242,41,0,2201,2234,94632,16,1,0,15,8
2020-09-03,US,Virginia,Powhatan,191,4,0,37.55016038,-77.91267882,51145.0,644.1386753001484,2.094240837696335,187,191,4,0,187,190,29189,0,0,0,0,1
2020-09-03,US,Virginia,Prince Edward,505,12,0,37.22554789,-78.43597949,51147.0,2214.718007192352,2.376237623762376,493,503,12,0,491,493,22950,2,0,0,2,10
2020-09-03,US,Virginia,Prince George,586,2,0,37.18497668,-77.22922187,51149.0,1527.9117670064927,0.3412969283276451,584,573,2,0,571,560,38082,13,0,0,13,13
2020-09-03,US,Virginia,Prince William,11024,188,0,38.70916224,-77.48713689,51153.0,2343.861290356873,1.7053701015965166,10836,10944,187,0,10757,10904,468011,80,1,0,79,40
2020-09-03,US,Virginia,Pulaski,142,3,0,37.06474963,-80.71229738,51155.0,417.3156610926617,2.112676056338028,139,138,3,0,135,137,34066,4,0,0,4,1
2020-09-03,US,Virginia,Radford,527,0,0,37.12222899,-80.56027320000003,51750.0,2887.8294701079512,0.0,527,504,0,0,504,467,18339,23,0,0,23,37
2020-09-03,US,Virginia,Rappahannock,54,2,0,38.68295619,-78.15826963,51157.0,732.7001356852103,3.703703703703704,52,53,2,0,51,53,7252,1,0,0,1,0
2020-09-03,US,Virginia,Richmond,328,4,0,37.937575,-76.72920628,51159.0,3635.154604898592,1.2195121951219512,324,327,4,0,323,328,9038,1,0,0,1,-1
2020-09-03,US,Virginia,Richmond City,4027,49,0,37.53255773,-77.47966921,51760.0,1747.5568053602735,1.2167866898435558,3978,3950,49,0,3901,3920,228783,77,0,0,77,30
2020-09-03,US,Virginia,Roanoke,622,4,0,37.26865804,-80.06396753,51161.0,660.3953878495743,0.6430868167202572,618,610,4,0,606,611,94073,12,0,0,12,-1
2020-09-03,US,Virginia,Roanoke City,1199,15,0,37.27791025,-79.96189766,51770.0,1209.364251636525,1.2510425354462051,1184,1203,15,0,1188,1201,99920,-4,0,0,-4,2
2020-09-03,US,Virginia,Rockbridge,84,1,0,37.81204314,-79.44605905,51163.0,372.12599122845876,1.1904761904761905,83,84,1,0,83,86,22752,0,0,0,0,-2
2020-09-03,US,Virginia,Rockingham,1091,20,0,38.51006137,-78.87260325,51165.0,1331.332064235857,1.8331805682859759,1071,1080,20,0,1060,1069,81244,11,0,0,11,11
2020-09-03,US,Virginia,Russell,191,4,0,36.93028320000001,-82.10095486,51167.0,718.4232302715715,2.094240837696335,187,189,4,0,185,188,26748,2,0,0,2,1
2020-09-03,US,Virginia,Salem,214,4,0,37.2836193,-80.06219455,51775.0,845.8163708944313,1.8691588785046729,210,210,4,0,206,210,25643,4,0,0,4,0
2020-09-03,US,Virginia,Scott,161,4,0,36.71466456,-82.60171704,51169.0,746.5454882685707,2.4844720496894412,157,156,4,0,152,156,21534,5,0,0,5,0
2020-09-03,US,Virginia,Shenandoah,775,50,0,38.85905135,-78.56813762,51171.0,1776.8708730741012,6.451612903225807,725,775,50,0,725,773,43497,0,0,0,0,2
2020-09-03,US,Virginia,Smyth,290,5,0,36.84455636,-81.53344948,51173.0,963.3271326069626,1.7241379310344829,285,282,5,0,277,281,30472,8,0,0,8,1
2020-09-03,US,Virginia,Southampton,371,13,0,36.72231125,-77.10642712,51175.0,2104.248199194601,3.5040431266846364,358,361,13,0,348,359,17586,10,0,0,10,2
2020-09-03,US,Virginia,Spotsylvania,1853,38,0,38.18574462,-77.655399,51177.0,1360.349447564512,2.050728548300054,1815,1836,38,0,1798,1824,134238,17,0,0,17,12
2020-09-03,US,Virginia,Stafford,1737,10,0,38.41758738,-77.45917053,51179.0,1136.1703797700184,0.5757052389176741,1727,1729,11,0,1718,1717,149960,8,-1,0,9,12
2020-09-03,US,Virginia,Staunton,173,0,0,38.15965544,-79.05979937,51790.0,693.8873736563452,0.0,173,173,0,0,173,173,24922,0,0,0,0,0
2020-09-03,US,Virginia,Suffolk,1693,62,0,36.70155394,-76.63603554,51800.0,1838.0596690841187,3.662138216184288,1631,1674,62,0,1612,1660,91185,19,0,0,19,14
2020-09-03,US,Virginia,Surry,82,3,0,37.11781893,-76.88450012,51181.0,1276.8607910308315,3.6585365853658534,79,78,3,0,75,71,6474,4,0,0,4,7
2020-09-03,US,Virginia,Sussex,347,9,0,36.92432914,-77.25791182,51183.0,3109.5976341966125,2.5936599423631126,338,345,9,0,336,342,11237,2,0,0,2,3
2020-09-03,US,Virginia,Tazewell,200,2,0,37.12191123,-81.56685568,51185.0,492.67151126986084,1.0,198,198,2,0,196,196,40855,2,0,0,2,2
2020-09-03,US,Virginia,Virginia Beach,6128,70,0,36.73285734,-76.04566934,51810.0,1361.8564628178515,1.1422976501305484,6058,6081,70,0,6011,6049,450189,47,0,0,47,32
2020-09-03,US,Virginia,Warren,395,6,0,38.90847745,-78.20280433,51187.0,983.4677820934172,1.5189873417721518,389,394,6,0,388,391,40003,1,0,0,1,3
2020-09-03,US,Virginia,Washington,395,9,0,36.72341572,-81.95666289,51191.0,735.0204689244508,2.278481012658228,386,381,9,0,372,375,54402,14,0,0,14,6
2020-09-03,US,Virginia,Waynesboro,220,3,0,38.06451466,-78.90293905,51820.0,972.160848431286,1.3636363636363635,217,218,3,0,215,216,22628,2,0,0,2,2
2020-09-03,US,Virginia,Westmoreland,231,3,0,38.11021557,-76.80213247,51193.0,1282.2647793505412,1.2987012987012987,228,228,3,0,225,224,17830,3,0,0,3,4
2020-09-03,US,Virginia,Williamsburg,155,6,0,37.28131268,-76.70905141,51830.0,1036.5119700414605,3.870967741935484,149,154,6,0,148,155,14896,1,0,0,1,-1
2020-09-03,US,Virginia,Winchester,451,4,0,39.17054517,-78.17325058,51840.0,1606.239760666714,0.8869179600886918,447,447,4,0,443,446,28108,4,0,0,4,1
2020-09-03,US,Virginia,Wise,339,5,0,36.9746148,-82.62410519,51195.0,906.8293074392103,1.4749262536873156,334,334,5,0,329,332,38012,5,0,0,5,2
2020-09-03,US,Virginia,Wythe,178,3,0,36.91582035,-81.07834059,51197.0,620.5550132478037,1.6853932584269662,175,165,3,0,162,164,28754,13,0,0,13,1
2020-09-03,US,Virginia,York,474,6,0,37.24374789,-76.54412815,51199.0,694.2003514938489,1.2658227848101269,468,468,6,0,462,467,67846,6,0,0,6,1
2020-09-03,US,Washington,Adams,664,8,0,46.98299757,-118.56017340000001,53001.0,3322.8244007406292,1.2048192771084338,656,641,8,0,633,635,19759,23,0,0,23,6
2020-09-03,US,Washington,Asotin,56,2,0,46.18894415,-117.2022851,53003.0,247.98512089274644,3.571428571428572,54,52,2,0,50,52,22610,4,0,0,4,0
2020-09-03,US,Washington,Benton,4187,123,0,46.23946995,-119.51208340000001,53005.0,2048.534664122511,2.937664198710294,4064,4182,122,0,4060,4168,201877,5,1,0,4,14
2020-09-03,US,Washington,Chelan,1737,12,0,47.87046092,-120.6173956,53007.0,2250.0,0.690846286701209,1725,1730,12,0,1718,1726,77036,7,0,0,7,4
2020-09-03,US,Washington,Clallam,212,1,0,48.04754642,-123.92263190000001,53009.0,274.14620268715004,0.4716981132075472,211,211,1,0,210,209,76737,1,0,0,1,2
2020-09-03,US,Washington,Clark,2244,56,0,45.77568046,-122.48292040000001,53011.0,459.6090864962181,2.4955436720142603,2188,2223,56,0,2167,2210,481857,21,0,0,21,13
2020-09-03,US,Washington,Columbia,15,1,0,46.29442881,-117.9051983,53013.0,376.4115432873275,6.666666666666668,14,14,1,0,13,13,4059,1,0,0,1,1
2020-09-03,US,Washington,Cowlitz,548,6,0,46.19074721,-122.6782231,53015.0,495.51056576817706,1.094890510948905,542,548,6,0,542,545,108987,0,0,0,0,3
2020-09-03,US,Washington,Douglas,1157,8,0,47.7361335,-119.69293700000001,53017.0,2664.118446199544,0.6914433880726015,1149,1155,8,0,1147,1155,42907,2,0,0,2,0
2020-09-03,US,Washington,Ferry,27,0,0,48.471143100000006,-118.5154041,53019.0,354.00550675232734,0.0,27,25,0,0,25,25,7649,2,0,0,2,0
2020-09-03,US,Washington,Franklin,3988,58,0,46.53351425,-118.9018212,53021.0,4188.107790216546,1.4543630892678034,3930,3973,58,0,3915,3964,94347,15,0,0,15,9
2020-09-03,US,Washington,Garfield,4,0,0,46.43197502,-117.54540320000001,53023.0,179.77528089887642,0.0,4,4,0,0,4,4,2247,0,0,0,0,0
2020-09-03,US,Washington,Grant,2376,17,0,47.20753737,-119.4500749,53025.0,2431.1133394042954,0.7154882154882155,2359,2331,15,0,2316,2309,97331,45,2,0,43,22
2020-09-03,US,Washington,Grays Harbor,255,6,0,47.14003705,-123.7820567,53027.0,339.7236913976633,2.3529411764705883,249,247,7,0,240,243,73901,8,-1,0,9,4
2020-09-03,US,Washington,Island,272,11,0,48.14713305,-122.5216407,53029.0,319.47005555490307,4.044117647058823,261,272,11,0,261,272,84460,0,0,0,0,0
2020-09-03,US,Washington,Jefferson,70,0,0,47.75003077,-123.56097040000002,53031.0,217.2496198131653,0.0,70,70,0,0,70,70,31729,0,0,0,0,0
2020-09-03,US,Washington,King,19892,732,0,47.49137892,-121.8346131,53033.0,882.9971120152771,3.6798713050472553,19160,19797,731,0,19066,19698,2233163,95,1,0,94,99
2020-09-03,US,Washington,Kitsap,1023,11,0,47.63479026,-122.6436061,53035.0,376.83305522096117,1.075268817204301,1012,1017,9,0,1008,1006,269805,6,2,0,4,11
2020-09-03,US,Washington,Kittitas,451,21,0,47.12521214,-120.67943899999999,53037.0,940.8574110775007,4.656319290465632,430,452,21,0,431,452,47364,-1,0,0,-1,0
2020-09-03,US,Washington,Klickitat,177,3,0,45.87325839,-120.7913598,53039.0,789.2976588628762,1.6949152542372878,174,177,3,0,174,177,22107,0,0,0,0,0
2020-09-03,US,Washington,Lewis,353,4,0,46.57756476,-122.39257690000001,53041.0,437.3846134783848,1.13314447592068,349,348,4,0,344,344,79604,5,0,0,5,4
2020-09-03,US,Washington,Lincoln,31,1,0,47.57705241,-118.41943880000001,53043.0,283.3897065545296,3.2258064516129035,30,31,1,0,30,31,10740,0,0,0,0,0
2020-09-03,US,Washington,Mason,323,1,0,47.35007586,-123.1863685,53045.0,483.76467768991137,0.30959752321981426,322,322,1,0,321,320,65507,1,0,0,1,2
2020-09-03,US,Washington,Okanogan,999,7,0,48.54855019,-119.73872240000001,53047.0,2364.888857325474,0.7007007007007007,992,998,7,0,991,997,42132,1,0,0,1,1
2020-09-03,US,Washington,Pacific,60,3,0,46.55418369,-123.7285716,53049.0,267.01081393796454,5.0,57,60,3,0,57,60,22036,0,0,0,0,0
2020-09-03,US,Washington,Pend Oreille,54,0,0,48.53234021,-117.2741804,53051.0,393.4712911687553,0.0,54,54,0,0,54,54,13602,0,0,0,0,0
2020-09-03,US,Washington,Pierce,6931,175,0,47.03892768,-122.14059579999999,53053.0,765.873278967491,2.524888183523301,6756,6873,174,0,6699,6830,891299,58,1,0,57,43
2020-09-03,US,Washington,San Juan,29,0,0,48.60182783,-122.96745,53055.0,164.94141735866228,0.0,29,29,0,0,29,29,17128,0,0,0,0,0
2020-09-03,US,Washington,Skagit,1040,22,0,48.48171488,-121.766131,53057.0,804.9224101234473,2.1153846153846154,1018,1026,22,0,1004,1022,128206,14,0,0,14,4
2020-09-03,US,Washington,Skamania,59,1,0,46.02408726,-121.91644029999999,53059.0,488.2893321195068,1.6949152542372878,58,61,1,0,60,59,11924,-2,0,0,-2,2
2020-09-03,US,Washington,Snohomish,6287,207,0,48.04615983,-121.7170703,53061.0,764.7646283891044,3.292508350564657,6080,6248,207,0,6041,6220,814901,39,0,0,39,28
2020-09-03,US,Washington,Spokane,5436,138,0,47.62113146,-117.4046494,53063.0,1039.789746709054,2.5386313465783665,5298,5395,138,0,5257,5344,514631,41,0,0,41,51
2020-09-03,US,Washington,Stevens,128,1,0,48.40035475,-117.8542701,53065.0,279.9466351726702,0.78125,127,128,1,0,127,126,45260,0,0,0,0,2
2020-09-03,US,Washington,Thurston,939,16,0,46.9291895,-122.82906559999999,53067.0,323.19574854751215,1.703940362087327,923,929,15,0,914,928,286419,10,1,0,9,1
2020-09-03,US,Washington,Unassigned,287,6,0,0.0,0.0,90053.0,0.0,2.0905923344947737,281,285,4,0,281,273,,2,2,0,0,12
2020-09-03,US,Washington,Wahkiakum,6,0,0,46.29180039999999,-123.4250831,53069.0,133.6898395721925,0.0,6,6,0,0,6,6,4426,0,0,0,0,0
2020-09-03,US,Washington,Walla Walla,772,5,0,46.23040051,-118.4775539,53071.0,1270.572745227123,0.6476683937823834,767,774,5,0,769,766,60922,-2,0,0,-2,8
2020-09-03,US,Washington,Whatcom,1118,39,0,48.82227976,-121.74900179999999,53073.0,487.6835901887484,3.4883720930232562,1079,1114,39,0,1075,1106,225685,4,0,0,4,8
2020-09-03,US,Washington,Whitman,655,0,0,46.90022523,-117.52417630000001,53075.0,1307.2808558198947,0.0,655,600,0,0,600,528,49791,55,0,0,55,72
2020-09-03,US,Washington,Yakima,10994,243,0,46.45738486,-120.73801259999999,53077.0,4382.2970188103145,2.2102965253774784,10751,10975,242,0,10733,10963,251446,19,1,0,18,12
2020-09-03,US,West Virginia,Barbour,34,1,0,39.1307219,-80.00350858,54001.0,206.80007298826104,2.9411764705882355,33,34,1,0,33,33,16535,0,0,0,0,1
2020-09-03,US,West Virginia,Berkeley,812,11,0,39.46704621,-78.02414609,54003.0,681.3738241686316,1.354679802955665,801,808,11,0,797,804,117123,4,0,0,4,4
2020-09-03,US,West Virginia,Boone,145,0,0,38.01974191,-81.69888019,54005.0,675.7701449410448,0.0,145,143,0,0,143,143,21951,2,0,0,2,0
2020-09-03,US,West Virginia,Braxton,9,0,0,38.70036159,-80.72011184,54007.0,64.48377158415133,0.0,9,9,0,0,9,9,14089,0,0,0,0,0
2020-09-03,US,West Virginia,Brooke,97,2,0,40.27367263,-80.57915332,54009.0,442.1350107115183,2.061855670103093,95,95,2,0,93,94,22203,2,0,0,2,1
2020-09-03,US,West Virginia,Cabell,560,8,0,38.42424062,-82.23855912,54011.0,609.0597639893415,1.4285714285714286,552,555,8,0,547,544,93224,5,0,0,5,11
2020-09-03,US,West Virginia,Calhoun,12,0,0,38.84315422,-81.11934872,54013.0,168.80011253340837,0.0,12,10,0,0,10,10,7254,2,0,0,2,0
2020-09-03,US,West Virginia,Clay,27,2,0,38.46231092,-81.07652217,54015.0,317.3483779971791,7.407407407407407,25,27,2,0,25,27,8632,0,0,0,0,0
2020-09-03,US,West Virginia,Doddridge,7,0,0,39.27057157,-80.70671527,54017.0,82.85984848484848,0.0,7,6,0,0,6,6,8406,1,0,0,1,0
2020-09-03,US,West Virginia,Fayette,369,10,0,38.02974928,-81.08286634,54019.0,870.1598830354195,2.710027100271003,359,365,10,0,355,360,43018,4,0,0,4,5
2020-09-03,US,West Virginia,Gilmer,20,0,0,38.9251277,-80.85952723,54021.0,255.65639780135498,0.0,20,19,0,0,19,19,8026,1,0,0,1,0
2020-09-03,US,West Virginia,Grant,142,6,0,39.10314817,-79.19440518,54023.0,1227.524204702628,4.225352112676056,136,141,6,0,135,141,11626,1,0,0,1,0
2020-09-03,US,West Virginia,Greenbrier,106,3,0,37.9463652,-80.45335881,54025.0,305.8103975535168,2.830188679245283,103,105,3,0,102,105,34786,1,0,0,1,0
2020-09-03,US,West Virginia,Hampshire,92,1,0,39.32103553,-78.60826476,54027.0,396.97950377562034,1.0869565217391304,91,92,1,0,91,92,23347,0,0,0,0,0
2020-09-03,US,West Virginia,Hancock,123,0,0,40.51943859,-80.57461608,54029.0,426.93509198195073,0.0,123,122,0,0,122,122,29094,1,0,0,1,0
2020-09-03,US,West Virginia,Hardy,75,0,0,39.00683177,-78.85855301,54031.0,544.4250871080138,0.0,75,75,0,0,75,75,13775,0,0,0,0,0
2020-09-03,US,West Virginia,Harrison,280,2,0,39.2853852,-80.37919577,54033.0,416.3197335553705,0.7142857142857143,278,272,2,0,270,269,67554,8,0,0,8,3
2020-09-03,US,West Virginia,Jackson,205,20,0,38.84263974,-81.68148753,54035.0,717.3852183650616,9.75609756097561,185,205,20,0,185,205,28706,0,0,0,0,0
2020-09-03,US,West Virginia,Jefferson,373,4,0,39.30776166,-77.86014147,54037.0,652.7141007244602,1.0723860589812333,369,365,4,0,361,360,56811,8,0,0,8,5
2020-09-03,US,West Virginia,Kanawha,1553,40,0,38.33860077,-81.52857054,54039.0,871.8645438009477,2.5756600128783003,1513,1515,36,0,1479,1491,180454,38,4,0,34,24
2020-09-03,US,West Virginia,Lewis,34,2,0,38.9947249,-80.49988181,54041.0,213.74237756962344,5.882352941176472,32,33,2,0,31,32,16024,1,0,0,1,1
2020-09-03,US,West Virginia,Lincoln,123,2,0,38.172154,-82.07017953,54043.0,602.6752903130972,1.6260162601626016,121,123,1,0,122,119,20599,0,1,0,-1,4
2020-09-03,US,West Virginia,Logan,503,30,0,37.8299889,-81.93528571,54045.0,1570.9422530372592,5.964214711729622,473,501,30,0,471,493,32607,2,0,0,2,8
2020-09-03,US,West Virginia,Marion,221,2,0,39.50984542,-80.24244659,54049.0,394.1361107147953,0.9049773755656108,219,220,2,0,218,220,56097,1,0,0,1,0
2020-09-03,US,West Virginia,Marshall,133,1,0,39.86064362,-80.66591062,54051.0,435.622809603354,0.7518796992481203,132,133,1,0,132,133,30785,0,0,0,0,0
2020-09-03,US,West Virginia,Mason,120,1,0,38.77071799,-82.02524219,54053.0,452.55694674913263,0.8333333333333334,119,109,1,0,108,105,26718,11,0,0,11,4
2020-09-03,US,West Virginia,McDowell,73,1,0,37.38002939,-81.65083669,54047.0,414.2078983204721,1.3698630136986298,72,71,1,0,70,70,18223,2,0,0,2,1
2020-09-03,US,West Virginia,Mercer,323,24,0,37.40481169,-81.11023142,54055.0,549.7123795908642,7.4303405572755405,299,318,23,0,295,311,59131,5,1,0,4,7
2020-09-03,US,West Virginia,Mineral,147,4,0,39.41561583,-78.94104895,54057.0,547.119249665029,2.7210884353741496,143,147,4,0,143,147,26940,0,0,0,0,0
2020-09-03,US,West Virginia,Mingo,262,7,0,37.73048351,-82.13338365,54059.0,1118.5109289617487,2.6717557251908395,255,250,7,0,243,249,23785,12,0,0,12,1
2020-09-03,US,West Virginia,Monongalia,1259,5,0,39.63218457,-80.04766838,54061.0,1192.0993826459116,0.3971405877680699,1254,1209,5,0,1204,1170,106420,50,0,0,50,39
2020-09-03,US,West Virginia,Monroe,127,5,0,37.56274716,-80.54577965,54063.0,956.6854990583804,3.9370078740157477,122,126,5,0,121,124,13280,1,0,0,1,2
2020-09-03,US,West Virginia,Morgan,38,0,0,39.55439028,-78.26311676,54065.0,212.48042943413105,0.0,38,38,0,0,38,38,17787,0,0,0,0,0
2020-09-03,US,West Virginia,Nicholas,53,3,0,38.29617706,-80.79759588,54067.0,216.36185499673417,5.660377358490566,50,53,3,0,50,52,24842,0,0,0,0,1
2020-09-03,US,West Virginia,Ohio,293,6,0,40.0955451,-80.62203992,54069.0,707.5414744874548,2.04778156996587,287,293,6,0,287,293,41755,0,0,0,0,0
2020-09-03,US,West Virginia,Pendleton,45,1,0,38.68314479,-79.35084086,54071.0,645.7167455876022,2.2222222222222223,44,45,1,0,44,45,6997,0,0,0,0,0
2020-09-03,US,West Virginia,Pleasants,15,2,0,39.37091679,-81.16771771,54073.0,201.07238605898124,13.333333333333336,13,15,2,0,13,15,7507,0,0,0,0,0
2020-09-03,US,West Virginia,Pocahontas,45,0,0,38.32758728,-80.00993811,54075.0,545.6529647144416,0.0,45,45,0,0,45,45,8414,0,0,0,0,0
2020-09-03,US,West Virginia,Preston,140,4,0,39.46770987,-79.66712803,54077.0,418.7604690117253,2.8571428571428568,136,140,4,0,136,140,33839,0,0,0,0,0
2020-09-03,US,West Virginia,Putnam,307,0,0,38.50782345,-81.9082131,54079.0,543.8441098317095,0.0,307,294,0,0,294,286,56682,13,0,0,13,8
2020-09-03,US,West Virginia,Raleigh,377,4,0,37.76936795,-81.2456041,54081.0,513.8970297569554,1.0610079575596818,373,372,4,0,368,366,74254,5,0,0,5,6
2020-09-03,US,West Virginia,Randolph,227,1,0,38.769899,-79.87919615,54083.0,791.0785851193589,0.4405286343612335,226,227,0,0,227,226,28823,0,1,0,-1,1
2020-09-03,US,West Virginia,Ritchie,6,0,0,39.18094587,-81.06356878,54085.0,62.80092108017585,0.0,6,5,0,0,5,5,9721,1,0,0,1,0
2020-09-03,US,West Virginia,Roane,33,1,0,38.71622686,-81.35243568,54087.0,241.08708357685563,3.0303030303030303,32,33,1,0,32,33,13932,0,0,0,0,0
2020-09-03,US,West Virginia,Summers,20,0,0,37.65390597,-80.86009693,54089.0,159.0710252127575,0.0,20,20,0,0,20,20,12760,0,0,0,0,0
2020-09-03,US,West Virginia,Taylor,108,6,0,39.33602617,-80.0421439,54091.0,646.9002695417789,5.5555555555555545,102,106,6,0,100,106,16862,2,0,0,2,0
2020-09-03,US,West Virginia,Tucker,11,0,0,39.11240885,-79.57053576,54093.0,160.84222839596433,0.0,11,11,0,0,11,11,6955,0,0,0,0,0
2020-09-03,US,West Virginia,Tyler,15,0,0,39.46811972,-80.88772676,54095.0,174.60132697008495,0.0,15,15,0,0,15,15,8746,0,0,0,0,0
2020-09-03,US,West Virginia,Upshur,45,0,0,38.89285061,-80.23689136,54097.0,186.13500992720054,0.0,45,45,0,0,45,43,24415,0,0,0,0,2
2020-09-03,US,West Virginia,Wayne,269,10,0,38.14901357,-82.42287994,54099.0,682.706461600934,3.717472118959108,259,259,10,0,249,253,39944,10,0,0,10,6
2020-09-03,US,West Virginia,Webster,7,0,0,38.49370949,-80.4202023,54101.0,86.27064333251171,0.0,7,7,0,0,7,7,8285,0,0,0,0,0
2020-09-03,US,West Virginia,Wetzel,45,0,0,39.6065771,-80.64016540000001,54103.0,298.70560902754727,0.0,45,45,0,0,45,45,15270,0,0,0,0,0
2020-09-03,US,West Virginia,Wirt,9,0,0,39.02775007,-81.37473928,54105.0,154.6126095172651,0.0,9,9,0,0,9,9,5830,0,0,0,0,0
2020-09-03,US,West Virginia,Wood,313,5,0,39.20967886,-81.5162836,54107.0,374.7695107641467,1.597444089456869,308,310,5,0,305,310,84203,3,0,0,3,0
2020-09-03,US,West Virginia,Wyoming,68,3,0,37.612327,-81.54511071,54109.0,333.43140139256644,4.411764705882354,65,68,3,0,65,68,20786,0,0,0,0,0
2020-09-03,US,Wisconsin,Adams,124,3,0,43.96974651,-89.76782777,55001.0,613.2542037586549,2.419354838709677,121,121,3,0,118,119,20348,3,0,0,3,2
2020-09-03,US,Wisconsin,Ashland,35,1,0,46.31956891,-90.67837132,55003.0,224.90682431564068,2.8571428571428568,34,35,1,0,34,36,15600,0,0,0,0,-1
2020-09-03,US,Wisconsin,Barron,381,3,0,45.42372701,-91.84833627,55005.0,842.1006100256387,0.7874015748031497,378,375,3,0,372,372,45164,6,0,0,6,3
2020-09-03,US,Wisconsin,Bayfield,47,1,0,46.52868768,-91.19716729,55007.0,312.58313381218414,2.127659574468085,46,47,1,0,46,46,15042,0,0,0,0,1
2020-09-03,US,Wisconsin,Brown,5550,58,0,44.452655299999996,-88.00411844,55009.0,2097.9655404434834,1.045045045045045,5492,5508,58,0,5450,5469,263378,42,0,0,42,39
2020-09-03,US,Wisconsin,Buffalo,77,2,0,44.37835084,-91.75332578,55011.0,590.8986263525437,2.5974025974025974,75,69,2,0,67,67,13125,8,0,0,8,2
2020-09-03,US,Wisconsin,Burnett,44,2,0,45.86303537,-92.36711412,55013.0,285.4547813675879,4.545454545454546,42,43,2,0,41,40,15392,1,0,0,1,3
2020-09-03,US,Wisconsin,Calumet,532,2,0,44.0816316,-88.21780273,55015.0,1062.109445187566,0.3759398496240601,530,520,2,0,518,513,50159,12,0,0,12,7
2020-09-03,US,Wisconsin,Chippewa,364,0,0,45.06939744,-91.28068855,55017.0,562.9620464598347,0.0,364,354,0,0,354,350,64135,10,0,0,10,4
2020-09-03,US,Wisconsin,Clark,248,8,0,44.73483377,-90.61207486,55019.0,713.1765111865186,3.2258064516129035,240,247,8,0,239,246,34709,1,0,0,1,1
2020-09-03,US,Wisconsin,Columbia,369,2,0,43.46492199,-89.33589004,55021.0,641.3821873044568,0.5420054200542005,367,366,2,0,364,361,57358,3,0,0,3,5
2020-09-03,US,Wisconsin,Crawford,111,0,0,43.23870316,-90.93073686,55023.0,688.1160498419192,0.0,111,107,0,0,107,104,16291,4,0,0,4,3
2020-09-03,US,Wisconsin,Dane,5639,40,0,43.06601594,-89.41733797,55025.0,1031.4709298603425,0.7093456286575633,5599,5564,40,0,5524,5520,542364,75,0,0,75,44
2020-09-03,US,Wisconsin,Dodge,1209,5,0,43.41576662,-88.70928178,55027.0,1376.381789410171,0.413564929693962,1204,1200,5,0,1195,1188,87847,9,0,0,9,12
2020-09-03,US,Wisconsin,Door,138,3,0,44.95856458,-87.30002707,55029.0,498.77114355934646,2.1739130434782608,135,134,3,0,131,134,27610,4,0,0,4,0
2020-09-03,US,Wisconsin,Douglas,264,0,0,46.43222285,-91.91595768,55031.0,611.8192352259559,0.0,264,258,0,0,258,257,43208,6,0,0,6,1
2020-09-03,US,Wisconsin,Dunn,183,0,0,44.94562799,-91.8962481,55033.0,403.3680126961737,0.0,183,179,0,0,179,179,45131,4,0,0,4,0
2020-09-03,US,Wisconsin,Eau Claire,860,6,0,44.726614,-91.28609183,55035.0,821.818320814938,0.6976744186046512,854,838,6,0,832,825,104534,22,0,0,22,13
2020-09-03,US,Wisconsin,Florence,28,0,0,45.84963535,-88.39804137,55037.0,651.9208381839347,0.0,28,27,0,0,27,27,4321,1,0,0,1,0
2020-09-03,US,Wisconsin,Fond du Lac,1201,10,0,43.75354908,-88.48885325,55039.0,1161.4750055607672,0.832639467110741,1191,1170,10,0,1160,1157,103066,31,0,0,31,13
2020-09-03,US,Wisconsin,Forest,83,4,0,45.66678019,-88.77084892,55041.0,921.8125277654376,4.819277108433735,79,81,4,0,77,78,8991,2,0,0,2,3
2020-09-03,US,Wisconsin,Grant,436,18,0,42.8671731,-90.7063218,55043.0,847.6059021365112,4.128440366972477,418,435,18,0,417,434,51554,1,0,0,1,1
2020-09-03,US,Wisconsin,Green,272,1,0,42.6794956,-89.60243287,55045.0,735.930735930736,0.36764705882352944,271,269,1,0,268,270,36929,3,0,0,3,-1
2020-09-03,US,Wisconsin,Green Lake,95,0,0,43.80025981,-89.04679553,55047.0,502.3000052873685,0.0,95,94,0,0,94,94,18918,1,0,0,1,0
2020-09-03,US,Wisconsin,Iowa,123,0,0,43.00050278,-90.13469017,55049.0,519.4695497930569,0.0,123,122,0,0,122,121,23771,1,0,0,1,1
2020-09-03,US,Wisconsin,Iron,128,1,0,46.26302338,-90.24295041,55051.0,2250.7473184455775,0.78125,127,126,1,0,125,123,5676,2,0,0,2,3
2020-09-03,US,Wisconsin,Jackson,77,1,0,44.31864893,-90.80566792,55053.0,373.0077992539844,1.2987012987012987,76,76,1,0,75,76,20478,1,0,0,1,0
2020-09-03,US,Wisconsin,Jefferson,946,7,0,43.02054068,-88.77529134,55055.0,1115.9739999292194,0.7399577167019028,939,932,6,0,926,923,85129,14,1,0,13,9
2020-09-03,US,Wisconsin,Juneau,245,1,0,43.92456975,-90.11120239,55057.0,918.0499868850003,0.4081632653061225,244,240,1,0,239,238,26617,5,0,0,5,2
2020-09-03,US,Wisconsin,Kenosha,3013,65,0,42.57639354,-88.04051686,55059.0,1776.9416316251968,2.157318287421175,2948,2991,64,0,2927,2979,169290,22,1,0,21,12
2020-09-03,US,Wisconsin,Kewaunee,196,2,0,44.51727459,-87.61468386,55061.0,959.1856709405893,1.020408163265306,194,191,2,0,189,188,20383,5,0,0,5,3
2020-09-03,US,Wisconsin,La Crosse,1239,2,0,43.90632465,-91.11451093,55063.0,1049.8576464208245,0.16142050040355124,1237,1208,2,0,1206,1202,118230,31,0,0,31,6
2020-09-03,US,Wisconsin,Lafayette,185,0,0,42.66005229,-90.1317729,55065.0,1110.1110111011099,0.0,185,185,0,0,185,185,16665,0,0,0,0,0
2020-09-03,US,Wisconsin,Langlade,84,2,0,45.26271619,-89.07483625,55067.0,437.75079472614516,2.380952380952381,82,84,2,0,82,84,19268,0,0,0,0,0
2020-09-03,US,Wisconsin,Lincoln,85,1,0,45.33737523,-89.73411273,55069.0,308.04914289856123,1.1764705882352942,84,85,1,0,84,84,27689,0,0,0,0,1
2020-09-03,US,Wisconsin,Manitowoc,551,2,0,44.11946801,-87.80928853,55071.0,697.6361403375496,0.3629764065335753,549,541,2,0,539,535,79074,10,0,0,10,6
2020-09-03,US,Wisconsin,Marathon,791,14,0,44.89792533,-89.75863384,55073.0,582.9378297909973,1.7699115044247788,777,788,14,0,774,784,135428,3,0,0,3,4
2020-09-03,US,Wisconsin,Marinette,620,6,0,45.38553432,-88.03324599999998,55075.0,1536.5551425030978,0.967741935483871,614,618,6,0,612,614,40434,2,0,0,2,4
2020-09-03,US,Wisconsin,Marquette,93,1,0,43.81911946,-89.40073763,55077.0,597.1490946449211,1.075268817204301,92,91,1,0,90,90,15434,2,0,0,2,1
2020-09-03,US,Wisconsin,Menominee,29,0,0,45.00422544,-88.70950714,55078.0,636.523266022827,0.0,29,29,0,0,29,29,4658,0,0,0,0,0
2020-09-03,US,Wisconsin,Milwaukee,24380,494,0,43.00486062,-87.96733172,55079.0,2577.913687473962,2.026251025430681,23886,24263,494,0,23769,24189,948201,117,0,0,117,74
2020-09-03,US,Wisconsin,Monroe,292,2,0,43.94641218,-90.61881899999999,55081.0,631.310401487471,0.6849315068493149,290,290,2,0,288,286,46051,2,0,0,2,4
2020-09-03,US,Wisconsin,Oconto,439,2,0,45.02715345,-88.26807503,55083.0,1157.3952016873188,0.4555808656036446,437,436,2,0,434,430,37830,3,0,0,3,6
2020-09-03,US,Wisconsin,Oneida,219,0,0,45.70677897,-89.51944105,55085.0,615.2549515381373,0.0,219,218,0,0,218,216,35470,1,0,0,1,2
2020-09-03,US,Wisconsin,Outagamie,2014,21,0,44.41578887,-88.46565023,55087.0,1071.9322990126939,1.0427010923535254,1993,1974,20,0,1954,1940,187365,40,1,0,39,34
2020-09-03,US,Wisconsin,Ozaukee,941,18,0,43.38352225,-87.94625009,55089.0,1054.68443527869,1.9128586609989373,923,935,18,0,917,926,89147,6,0,0,6,9
2020-09-03,US,Wisconsin,Pepin,48,0,0,44.58307413,-91.99949611,55091.0,658.7072869493619,0.0,48,48,0,0,48,47,7289,0,0,0,0,1
2020-09-03,US,Wisconsin,Pierce,295,6,0,44.71850291,-92.4224416,55093.0,689.9939186976657,2.0338983050847457,289,294,6,0,288,293,42555,1,0,0,1,1
2020-09-03,US,Wisconsin,Polk,179,2,0,45.46130348,-92.44182875,55095.0,408.83447913573764,1.11731843575419,177,176,2,0,174,171,43598,3,0,0,3,5
2020-09-03,US,Wisconsin,Portage,667,1,0,44.47558711,-89.50152965,55097.0,942.4631210083085,0.14992503748125938,666,652,1,0,651,633,70942,15,0,0,15,19
2020-09-03,US,Wisconsin,Price,35,0,0,45.68051754,-90.36098879999999,55099.0,262.15264774174216,0.0,35,36,0,0,36,36,13397,-1,0,0,-1,0
2020-09-03,US,Wisconsin,Racine,4063,91,0,42.74753117,-88.05941254,55101.0,2069.6751582947472,2.239724341619493,3972,4049,91,0,3958,4026,196584,14,0,0,14,23
2020-09-03,US,Wisconsin,Richland,56,4,0,43.3762778,-90.43012729,55103.0,324.6000463714352,7.142857142857142,52,51,4,0,47,51,17377,5,0,0,5,0
2020-09-03,US,Wisconsin,Rock,1735,26,0,42.67151616,-89.07147900000002,55105.0,1062.1105084662756,1.4985590778097984,1709,1718,26,0,1692,1704,163129,17,0,0,17,14
2020-09-03,US,Wisconsin,Rusk,24,1,0,45.47498854,-91.1333012,55107.0,169.27634363097758,4.166666666666667,23,25,1,0,24,24,14147,-1,0,0,-1,1
2020-09-03,US,Wisconsin,Sauk,660,3,0,43.42574087,-89.94966132,55111.0,1024.176779119208,0.4545454545454545,657,654,3,0,651,650,64249,6,0,0,6,4
2020-09-03,US,Wisconsin,Sawyer,163,0,0,45.87931905,-91.14504927,55113.0,984.4184080202923,0.0,163,162,0,0,162,162,16489,1,0,0,1,0
2020-09-03,US,Wisconsin,Shawano,289,0,0,44.78902246,-88.76443896,55115.0,706.6187437345658,0.0,289,287,0,0,287,279,40796,2,0,0,2,8
2020-09-03,US,Wisconsin,Sheboygan,1103,9,0,43.72099677,-87.94579284,55117.0,956.3031038668283,0.8159564823209429,1094,1091,9,0,1082,1069,115456,12,0,0,12,22
2020-09-03,US,Wisconsin,St. Croix,657,7,0,45.03437474,-92.45000068,55109.0,724.4698799166364,1.06544901065449,650,646,7,0,639,645,89694,11,0,0,11,1
2020-09-03,US,Wisconsin,Taylor,116,3,0,45.21179252,-90.5004405,55119.0,570.2207147421718,2.586206896551724,113,113,3,0,110,112,20412,3,0,0,3,1
2020-09-03,US,Wisconsin,Trempealeau,431,2,0,44.30360275,-91.35893614,55121.0,1453.6746601908999,0.4640371229698376,429,426,2,0,424,421,29442,5,0,0,5,5
2020-09-03,US,Wisconsin,Vernon,107,0,0,43.59422667,-90.8324691,55123.0,347.1546298098761,0.0,107,105,0,0,105,103,30785,2,0,0,2,2
2020-09-03,US,Wisconsin,Vilas,120,0,0,46.05467334,-89.51719204,55125.0,540.6623113313808,0.0,120,114,0,0,114,111,21938,6,0,0,6,3
2020-09-03,US,Wisconsin,Walworth,1732,32,0,42.66858202,-88.54163073,55127.0,1667.501059036469,1.8475750577367205,1700,1726,31,0,1695,1712,103718,6,1,0,5,14
2020-09-03,US,Wisconsin,Washburn,70,0,0,45.89838588,-91.79050449,55129.0,445.29262086514007,0.0,70,69,0,0,69,69,15878,1,0,0,1,0
2020-09-03,US,Wisconsin,Washington,1688,29,0,43.36863664,-88.22974712,55131.0,1240.8662540247294,1.7180094786729858,1659,1669,29,0,1640,1656,135693,19,0,0,19,13
2020-09-03,US,Wisconsin,Waukesha,5680,75,0,43.01833055,-88.30431188,55133.0,1405.2518815036194,1.3204225352112675,5605,5650,75,0,5575,5607,403072,30,0,0,30,43
2020-09-03,US,Wisconsin,Waupaca,704,18,0,44.47068056,-88.96534501,55135.0,1380.6628750735438,2.5568181818181817,686,690,18,0,672,684,51128,14,0,0,14,6
2020-09-03,US,Wisconsin,Waushara,168,2,0,44.11324419,-89.24317107,55137.0,687.3133412428917,1.1904761904761905,166,167,2,0,165,164,24263,1,0,0,1,3
2020-09-03,US,Wisconsin,Winnebago,1597,21,0,44.06886922,-88.64477096,55139.0,928.9906751906557,1.3149655604257984,1576,1569,21,0,1548,1555,171020,28,0,0,28,14
2020-09-03,US,Wisconsin,Wood,489,3,0,44.45537896,-90.04158336,55141.0,669.8721900300004,0.6134969325153374,486,478,3,0,475,472,73055,11,0,0,11,6
2020-09-03,US,Wyoming,Albany,157,0,0,41.65498705,-105.72354150000001,56001.0,403.8065843621399,0.0,157,148,0,0,148,141,38601,9,0,0,9,7
2020-09-03,US,Wyoming,Big Horn,48,1,0,44.52405055,-107.9960365,56003.0,407.12468193384217,2.083333333333333,47,46,1,0,45,44,11881,2,0,0,2,2
2020-09-03,US,Wyoming,Campbell,201,1,0,44.24886082,-105.54744040000001,56005.0,433.7411795170584,0.4975124378109453,200,200,1,0,199,196,46140,1,0,0,1,4
2020-09-03,US,Wyoming,Carbon,191,2,0,41.69357844,-106.9326084,56007.0,1290.5405405405404,1.0471204188481675,189,191,2,0,189,191,14971,0,0,0,0,0
2020-09-03,US,Wyoming,Converse,45,0,0,42.97272268,-105.5081848,56009.0,325.56793517580667,0.0,45,45,0,0,45,31,13640,0,0,0,0,14
2020-09-03,US,Wyoming,Crook,14,0,0,44.58855102,-104.56977049999999,56011.0,184.59915611814347,0.0,14,14,0,0,14,14,7450,0,0,0,0,0
2020-09-03,US,Wyoming,Fremont,609,14,0,43.04183996,-108.6296893,56013.0,1551.157637350042,2.2988505747126435,595,610,14,0,596,606,39531,-1,0,0,-1,4
2020-09-03,US,Wyoming,Goshen,62,1,0,42.08798185,-104.3534743,56015.0,469.3058814624177,1.6129032258064515,61,61,1,0,60,61,13376,1,0,0,1,0
2020-09-03,US,Wyoming,Hot Springs,30,0,0,43.71930657,-108.44231740000001,56017.0,679.8096532970767,0.0,30,30,0,0,30,29,4555,0,0,0,0,1
2020-09-03,US,Wyoming,Johnson,27,1,0,44.04057166,-106.58451740000001,56019.0,319.7158081705151,3.703703703703704,26,27,1,0,26,27,8460,0,0,0,0,0
2020-09-03,US,Wyoming,Laramie,580,4,0,41.30702520000001,-104.6887497,56021.0,582.9145728643216,0.6896551724137931,576,577,4,0,573,572,98976,3,0,0,3,5
2020-09-03,US,Wyoming,Lincoln,115,1,0,42.26376367,-110.6563997,56023.0,579.9293998991427,0.8695652173913043,114,114,1,0,113,114,19434,1,0,0,1,0
2020-09-03,US,Wyoming,Natrona,302,1,0,42.96180148,-106.79788500000001,56025.0,378.17125397580713,0.3311258278145696,301,298,1,0,297,248,79115,4,0,0,4,50
2020-09-03,US,Wyoming,Niobrara,3,0,0,43.05607708,-104.47588959999999,56027.0,127.33446519524618,0.0,3,3,0,0,3,3,2388,0,0,0,0,0
2020-09-03,US,Wyoming,Park,171,1,0,44.52157546,-109.58528249999999,56029.0,585.736795231897,0.5847953216374269,170,170,1,0,169,167,29324,1,0,0,1,3
2020-09-03,US,Wyoming,Platte,7,1,0,42.13299116,-104.96633100000001,56031.0,83.40283569641367,14.285714285714285,6,7,1,0,6,7,8566,0,0,0,0,0
2020-09-03,US,Wyoming,Sheridan,157,1,0,44.79048913,-106.8862389,56033.0,515.0073806790225,0.6369426751592356,156,154,1,0,153,150,30233,3,0,0,3,4
2020-09-03,US,Wyoming,Sublette,49,1,0,42.76558279,-109.91309220000001,56035.0,498.4233546943343,2.0408163265306123,48,48,1,0,47,48,9813,1,0,0,1,0
2020-09-03,US,Wyoming,Sweetwater,304,2,0,41.65943896,-108.8827882,56037.0,717.9462957277472,0.6578947368421053,302,304,2,0,302,302,43051,0,0,0,0,2
2020-09-03,US,Wyoming,Teton,435,1,0,43.93522482,-110.5890801,56039.0,1853.9038527105358,0.2298850574712644,434,433,1,0,432,430,23081,2,0,0,2,3
2020-09-03,US,Wyoming,Uinta,305,2,0,41.2878183,-110.54757820000002,56041.0,1507.9600514189651,0.6557377049180327,303,303,2,0,301,301,20299,2,0,0,2,2
2020-09-03,US,Wyoming,Washakie,109,6,0,43.90451606,-107.68018700000002,56043.0,1396.5406790518896,5.504587155963303,103,109,6,0,103,108,7885,0,0,0,0,1
2020-09-03,US,Wyoming,Weston,20,0,0,43.83961191,-104.56748809999999,56045.0,288.72527789808,0.0,20,19,0,0,19,11,6967,1,0,0,1,8
