Date,Country/Region,Province/State,Admin2,Confirmed,Deaths,Recovered,Latitude,Longitude,FIPS,Incidence_Rate,Case-Fatality_Ratio,Incident_Rate,Case_Fatality_Ratio,Active Cases,Previous Confirmed,Previous Deaths,Previous Recovered,Previous Active,Prev2 Confirmed,Population,Daily Confirmed,Daily Deaths,Daily Recovered,Daily Active,Previous Daily Confirmed
2020-12-11,US,Alabama,Autauga,3233,42,0,32.53952745,-86.64408227,1001.0,0.0,0.0,5786.751150011634,1.2991030003093105,3191,3186,42,0,3144,3117,55601,47,0,0,47,69
2020-12-11,US,Alabama,Baldwin,10489,141,0,30.72774991,-87.72207058,1003.0,0.0,0.0,4698.65701461247,1.3442654209171514,10348,10288,141,0,10147,10087,218022,201,0,0,201,201
2020-12-11,US,Alabama,Barbour,1264,30,0,31.868263,-85.3871286,1005.0,0.0,0.0,5120.31110751033,2.373417721518988,1234,1258,30,0,1228,1245,24881,6,0,0,6,13
2020-12-11,US,Alabama,Bibb,1398,40,0,32.99642064,-87.12511459999996,1007.0,0.0,0.0,6242.743592033579,2.861230329041488,1358,1359,40,0,1319,1322,22400,39,0,0,39,37
2020-12-11,US,Alabama,Blount,3663,47,0,33.98210918,-86.56790593,1009.0,0.0,0.0,6334.520803790682,1.2831012831012831,3616,3600,47,0,3553,3496,57840,63,0,0,63,104
2020-12-11,US,Alabama,Bullock,723,20,0,32.10030533,-85.71265535,1011.0,0.0,0.0,7157.707157707157,2.7662517289073305,703,722,20,0,702,722,10138,1,0,0,1,0
2020-12-11,US,Alabama,Butler,1289,44,0,31.75300095,-86.68057478,1013.0,0.0,0.0,6627.930892636775,3.4134988363072147,1245,1287,42,0,1245,1263,19680,2,2,0,0,24
2020-12-11,US,Alabama,Calhoun,7658,129,0,33.77483727,-85.82630386,1015.0,0.0,0.0,6740.900488534837,1.6845129276573518,7529,7534,129,0,7405,7392,114277,124,0,0,124,142
2020-12-11,US,Alabama,Chambers,1982,55,0,32.91360079,-85.39072749,1017.0,0.0,0.0,5960.1852408732775,2.7749747729566097,1927,1977,55,0,1922,1961,33615,5,0,0,5,16
2020-12-11,US,Alabama,Cherokee,1167,24,0,34.17805983,-85.60638968,1019.0,0.0,0.0,4454.878607420979,2.056555269922879,1143,1149,24,0,1125,1134,26032,18,0,0,18,15
2020-12-11,US,Alabama,Chilton,2514,47,0,32.85044126,-86.7173256,1021.0,0.0,0.0,5658.593679661474,1.8695306284805089,2467,2507,47,0,2460,2457,44153,7,0,0,7,50
2020-12-11,US,Alabama,Choctaw,444,20,0,32.02227341,-88.26564429999998,1023.0,0.0,0.0,3526.8885534990864,4.504504504504505,424,444,20,0,424,443,12841,0,0,0,0,1
2020-12-11,US,Alabama,Clarke,1760,24,0,31.68099859,-87.83548597,1025.0,0.0,0.0,7450.681568029802,1.3636363636363635,1736,1755,23,0,1732,1707,23920,5,1,0,4,48
2020-12-11,US,Alabama,Clay,995,28,0,33.26984193,-85.85836077,1027.0,0.0,0.0,7517.944843218738,2.814070351758794,967,991,27,0,964,980,13275,4,1,0,3,11
2020-12-11,US,Alabama,Cleburne,870,14,0,33.67679204,-85.52005899,1029.0,0.0,0.0,5835.010060362173,1.6091954022988506,856,858,14,0,844,844,14987,12,0,0,12,14
2020-12-11,US,Alabama,Coffee,2854,25,0,31.39932826,-85.98901039,1031.0,0.0,0.0,5452.600206335256,0.8759635599159075,2829,2821,25,0,2796,2755,51909,33,0,0,33,66
2020-12-11,US,Alabama,Colbert,3736,53,0,34.69847452,-87.80168544,1033.0,0.0,0.0,6763.092630473741,1.4186295503211992,3683,3686,53,0,3633,3617,54762,50,0,0,50,69
2020-12-11,US,Alabama,Conecuh,773,15,0,31.43401703,-86.99320044,1035.0,0.0,0.0,6405.900389492003,1.9404915912031049,758,770,15,0,755,761,12277,3,0,0,3,9
2020-12-11,US,Alabama,Coosa,426,4,0,32.93690146,-86.24847739,1037.0,0.0,0.0,3995.1233236425023,0.9389671361502347,422,423,4,0,419,415,10715,3,0,0,3,8
2020-12-11,US,Alabama,Covington,2487,38,0,31.247785399999998,-86.45050893,1039.0,0.0,0.0,6712.731787632595,1.527945315641335,2449,2465,38,0,2427,2426,36986,22,0,0,22,39
2020-12-11,US,Alabama,Crenshaw,766,32,0,31.72941803,-86.31593104,1041.0,0.0,0.0,5562.009875108916,4.1775456919060066,734,761,31,0,730,757,13824,5,1,0,4,4
2020-12-11,US,Alabama,Cullman,5541,57,0,34.13020303,-86.86888037,1043.0,0.0,0.0,6614.697736605865,1.028695181375203,5484,5474,57,0,5417,5377,83442,67,0,0,67,97
2020-12-11,US,Alabama,Dale,2713,59,0,31.43037123,-85.61095742,1045.0,0.0,0.0,5517.36760758155,2.1747143383708067,2654,2675,59,0,2616,2589,48956,38,0,0,38,86
2020-12-11,US,Alabama,Dallas,2481,34,0,32.32688101,-87.10866709999998,1047.0,0.0,0.0,6670.0720507581445,1.3704151551793629,2447,2467,34,0,2433,2429,38310,14,0,0,14,38
2020-12-11,US,Alabama,DeKalb,5721,48,0,34.45946862,-85.80782906,1049.0,0.0,0.0,7999.944066113852,0.8390141583639223,5673,5635,48,0,5587,5558,71385,86,0,0,86,77
2020-12-11,US,Alabama,Elmore,4870,72,0,32.59785413,-86.14415284,1051.0,0.0,0.0,5996.872267852085,1.4784394250513346,4798,4803,72,0,4731,4690,81887,67,0,0,67,113
2020-12-11,US,Alabama,Escambia,2234,32,0,31.1256789,-87.15918694,1053.0,0.0,0.0,6098.326645374388,1.4324082363473591,2202,2214,32,0,2182,2186,36748,20,0,0,20,28
2020-12-11,US,Alabama,Etowah,7819,80,0,34.04567266,-86.04051873,1055.0,0.0,0.0,7645.597840966871,1.0231487402481136,7739,7693,74,0,7619,7563,102501,126,6,0,120,130
2020-12-11,US,Alabama,Fayette,1143,16,0,33.72076938,-87.73886638,1057.0,0.0,0.0,7011.40964298859,1.399825021872266,1127,1117,16,0,1101,1099,16433,26,0,0,26,18
2020-12-11,US,Alabama,Franklin,2828,34,0,34.44235334,-87.84289505,1059.0,0.0,0.0,9017.282061093045,1.2022630834512025,2794,2808,34,0,2774,2781,31363,20,0,0,20,27
2020-12-11,US,Alabama,Geneva,1388,15,0,31.09389027,-85.83572839,1061.0,0.0,0.0,5283.3923337520455,1.080691642651297,1373,1374,12,0,1362,1351,26314,14,3,0,11,23
2020-12-11,US,Alabama,Greene,528,19,0,32.85504247,-87.95684022,1063.0,0.0,0.0,6509.678214770065,3.5984848484848486,509,518,18,0,500,499,8233,10,1,0,9,19
2020-12-11,US,Alabama,Hale,1110,33,0,32.76039258,-87.63284988,1065.0,0.0,0.0,7576.274657019999,2.972972972972973,1077,1099,33,0,1066,1078,14726,11,0,0,11,21
2020-12-11,US,Alabama,Henry,961,8,0,31.51148016,-85.24267944,1067.0,0.0,0.0,5585.585585585583,0.8324661810613944,953,956,7,0,949,948,17209,5,1,0,4,8
2020-12-11,US,Alabama,Houston,5970,51,0,31.15197924,-85.29939599,1069.0,0.0,0.0,5638.352127840426,0.8542713567839196,5919,5907,46,0,5861,5839,104722,63,5,0,58,68
2020-12-11,US,Alabama,Jackson,4232,25,0,34.78144169,-85.99750489,1071.0,0.0,0.0,8197.419904699183,0.5907372400756143,4207,4188,24,0,4164,4121,51736,44,1,0,43,67
2020-12-11,US,Alabama,Jefferson,39541,559,0,33.55554728,-86.89506300000002,1073.0,0.0,0.0,6004.042072784642,1.4137224652891935,38982,38794,548,0,38246,38031,659300,747,11,0,736,763
2020-12-11,US,Alabama,Lamar,830,9,0,33.77995024,-88.09668032,1075.0,0.0,0.0,6012.314378848243,1.0843373493975903,821,806,8,0,798,786,13844,24,1,0,23,20
2020-12-11,US,Alabama,Lauderdale,4970,60,0,34.90171875,-87.65624729,1077.0,0.0,0.0,5359.704083943534,1.2072434607645874,4910,4917,60,0,4857,4805,92387,53,0,0,53,112
2020-12-11,US,Alabama,Lawrence,1541,36,0,34.52041498,-87.31069453,1079.0,0.0,0.0,4680.476248329486,2.336145360155743,1505,1525,36,0,1489,1480,32957,16,0,0,16,45
2020-12-11,US,Alabama,Lee,8595,74,0,32.60154883,-85.35132246,1081.0,0.0,0.0,5223.59032952073,0.8609656777196044,8521,8499,72,0,8427,8386,163941,96,2,0,94,113
2020-12-11,US,Alabama,Limestone,5147,49,0,34.81185586,-86.98310072,1083.0,0.0,0.0,5203.4575140271945,0.9520108801243444,5098,5068,49,0,5019,4977,96174,79,0,0,79,91
2020-12-11,US,Alabama,Lowndes,852,30,0,32.1597283,-86.65158371,1085.0,0.0,0.0,8760.024676125848,3.5211267605633805,822,850,30,0,820,847,9974,2,0,0,2,3
2020-12-11,US,Alabama,Macon,831,24,0,32.38759944,-85.69267724,1087.0,0.0,0.0,4599.291565198139,2.888086642599278,807,823,23,0,800,815,18439,8,1,0,7,8
2020-12-11,US,Alabama,Madison,16459,163,0,34.76327133,-86.55069633,1089.0,0.0,0.0,4413.677331466926,0.9903396318123824,16296,16115,163,0,15952,15884,366519,344,0,0,344,231
2020-12-11,US,Alabama,Marengo,1400,25,0,32.24767634,-87.78796182,1091.0,0.0,0.0,7421.9371255897795,1.7857142857142858,1375,1374,24,0,1350,1351,19066,26,1,0,25,23
2020-12-11,US,Alabama,Marion,1648,39,0,34.13697363,-87.88704173,1093.0,0.0,0.0,5547.140597125451,2.3665048543689315,1609,1632,39,0,1593,1597,29763,16,0,0,16,35
2020-12-11,US,Alabama,Marshall,7650,64,0,34.36975964,-86.30486727,1095.0,0.0,0.0,7905.01581003162,0.8366013071895425,7586,7551,64,0,7487,7435,96109,99,0,0,99,116
2020-12-11,US,Alabama,Mobile,21937,387,0,30.78472347,-88.20842409,1097.0,0.0,0.0,5308.9228237457955,1.7641427724848429,21550,21704,386,0,21318,21480,413757,233,1,0,232,224
2020-12-11,US,Alabama,Monroe,908,11,0,31.56729412,-87.36995001,1099.0,0.0,0.0,4379.491631698259,1.2114537444933922,897,895,11,0,884,885,21067,13,0,0,13,10
2020-12-11,US,Alabama,Montgomery,13557,259,0,32.2206831,-86.20969272,1101.0,0.0,0.0,5985.8004468267345,1.9104521649332449,13298,13445,255,0,13190,13306,225763,112,4,0,108,139
2020-12-11,US,Alabama,Morgan,8259,62,0,34.45500589,-86.85475946,1103.0,0.0,0.0,6900.960068182388,0.7506962101949388,8197,8129,62,0,8067,7974,119089,130,0,0,130,155
2020-12-11,US,Alabama,Perry,734,9,0,32.64048341,-87.29770589,1105.0,0.0,0.0,8225.93298218088,1.2261580381471389,725,729,9,0,720,718,9140,5,0,0,5,11
2020-12-11,US,Alabama,Pickens,1383,24,0,33.28094866,-88.08818103,1107.0,0.0,0.0,6939.287506271952,1.735357917570499,1359,1370,23,0,1347,1345,19938,13,1,0,12,25
2020-12-11,US,Alabama,Pike,1723,16,0,31.80396383,-85.9408295,1109.0,0.0,0.0,5203.237301443498,0.9286128845037724,1707,1712,16,0,1696,1697,33338,11,0,0,11,15
2020-12-11,US,Alabama,Randolph,1118,28,0,33.29526734,-85.45708831,1111.0,0.0,0.0,4920.341519232462,2.5044722719141324,1090,1116,27,0,1089,1105,22725,2,1,0,1,11
2020-12-11,US,Alabama,Russell,2446,6,0,32.28725256,-85.18415324,1113.0,0.0,0.0,4220.079018650472,0.2452984464431725,2440,2430,6,0,2424,2409,57781,16,0,0,16,21
2020-12-11,US,Alabama,Shelby,12411,87,0,33.26879845,-86.66232561,1117.0,0.0,0.0,5700.912256203434,0.7009910563210056,12324,12254,86,0,12168,12047,215707,157,1,0,156,207
2020-12-11,US,Alabama,St. Clair,5107,62,0,33.71902176,-86.31029372,1115.0,0.0,0.0,5705.380284207704,1.2140199725866458,5045,5058,60,0,4998,4995,88690,49,2,0,47,63
2020-12-11,US,Alabama,Sumter,643,22,0,32.59117397,-88.19916205,1119.0,0.0,0.0,5174.217429789974,3.421461897356143,621,636,22,0,614,630,12691,7,0,0,7,6
2020-12-11,US,Alabama,Talladega,4241,62,0,33.37823223,-86.16886178,1121.0,0.0,0.0,5302.708244767311,1.4619193586418298,4179,4180,61,0,4119,4110,79828,61,1,0,60,70
2020-12-11,US,Alabama,Tallapoosa,2036,93,0,32.86698258,-85.79833053,1123.0,0.0,0.0,5043.723833824659,4.567779960707269,1943,2018,92,0,1926,2000,40497,18,1,0,17,18
2020-12-11,US,Alabama,Tuscaloosa,15100,193,0,33.28726072,-87.52556818,1125.0,0.0,0.0,7212.629266079148,1.2781456953642385,14907,14931,191,0,14740,14671,208911,169,2,0,167,260
2020-12-11,US,Alabama,Walker,4355,113,0,33.80270512,-87.30027177,1127.0,0.0,0.0,6856.000377827805,2.5947187141216994,4242,4293,113,0,4180,4190,63711,62,0,0,62,103
2020-12-11,US,Alabama,Washington,1003,22,0,31.4092794,-88.20689944,1129.0,0.0,0.0,6143.574666176651,2.1934197407776668,981,992,22,0,970,980,16378,11,0,0,11,12
2020-12-11,US,Alabama,Wilcox,699,18,0,31.98773215,-87.30891118,1131.0,0.0,0.0,6738.648414152127,2.5751072961373387,681,694,18,0,676,681,10627,5,0,0,5,13
2020-12-11,US,Alabama,Winston,1621,25,0,34.15030532,-87.37325922,1133.0,0.0,0.0,6860.214143637056,1.5422578655151142,1596,1613,25,0,1588,1561,23660,8,0,0,8,52
2020-12-11,US,Alaska,Aleutians East,40,0,0,55.32222414,-161.9722021,2013.0,0.0,0.0,1198.6814504045547,0.0,40,41,0,0,41,43,3515,0,0,0,-1,0
2020-12-11,US,Alaska,Aleutians West,156,0,0,52.3233,-174.1596,2016.0,0.0,0.0,2768.9030883919067,0.0,156,150,0,0,150,148,5723,6,0,0,6,2
2020-12-11,US,Alaska,Anchorage,19825,88,0,61.14998174,-149.14269860000005,2020.0,0.0,0.0,6883.680555555556,0.44388398486759145,19737,19549,87,0,19462,19274,291538,276,1,0,275,275
2020-12-11,US,Alaska,Bethel,1874,7,0,60.90980451,-159.8561831,2050.0,0.0,0.0,10192.53780050038,0.37353255069370334,1867,1847,7,0,1840,1833,18216,27,0,0,27,14
2020-12-11,US,Alaska,Bristol Bay plus Lake and Peninsula,152,0,0,58.62403337,-156.21405890000003,2164.0,0.0,0.0,3781.094527363184,0.0,152,152,0,0,152,151,,0,0,0,0,1
2020-12-11,US,Alaska,Denali,53,0,0,63.67264044,-150.0076108,2068.0,0.0,0.0,2527.4201239866475,0.0,53,53,0,0,53,53,2059,0,0,0,0,0
2020-12-11,US,Alaska,Dillingham,108,1,0,59.79603738,-158.23819419999995,2070.0,0.0,0.0,2196.908055329536,0.925925925925926,107,108,1,0,107,106,5000,0,0,0,0,2
2020-12-11,US,Alaska,Fairbanks North Star,4171,19,0,64.80726247,-146.5692662,2090.0,0.0,0.0,4306.704250947351,0.4555262526971949,4152,4080,18,0,4062,3952,98971,91,1,0,90,128
2020-12-11,US,Alaska,Haines,19,0,0,59.09893571,-135.4679843,2100.0,0.0,0.0,750.9881422924901,0.0,19,18,0,0,18,18,2474,1,0,0,1,0
2020-12-11,US,Alaska,Juneau,948,5,0,58.45031811,-134.200436,2110.0,0.0,0.0,2964.9089885531994,0.5274261603375527,943,940,5,0,935,925,32113,8,0,0,8,15
2020-12-11,US,Alaska,Kenai Peninsula,3175,13,0,60.24429722,-151.53888840000005,2122.0,0.0,0.0,5408.121550725625,0.4094488188976378,3162,3129,14,0,3115,3086,58533,46,0,0,47,43
2020-12-11,US,Alaska,Ketchikan Gateway,221,0,0,55.57445008,-130.975561,2130.0,0.0,0.0,1589.8136824688872,0.0,221,219,0,0,219,218,13918,2,0,0,2,1
2020-12-11,US,Alaska,Kodiak Island,637,1,0,57.65529415,-153.7493579,2150.0,0.0,0.0,4900.753962148023,0.15698587127158556,636,605,1,0,604,561,13345,32,0,0,32,44
2020-12-11,US,Alaska,Kusilvak,586,2,0,62.15429159999999,-163.39678830000003,2158.0,0.0,0.0,7048.352177050758,0.3412969283276451,584,549,2,0,547,537,8303,37,0,0,37,12
2020-12-11,US,Alaska,Matanuska-Susitna,5293,10,0,62.31305045,-149.5741743,2170.0,0.0,0.0,4886.582900191106,0.1889287738522577,5283,5213,8,0,5205,5155,107610,80,2,0,78,58
2020-12-11,US,Alaska,Nome,249,0,0,64.90320724,-164.0353804,2180.0,0.0,0.0,2489.004398240704,0.0,249,249,0,0,249,249,10008,0,0,0,0,0
2020-12-11,US,Alaska,North Slope,631,1,0,69.31479216,-153.4836093,2185.0,0.0,0.0,6417.819365337673,0.15847860538827258,630,622,1,0,621,609,9872,9,0,0,9,13
2020-12-11,US,Alaska,Northwest Arctic,382,0,0,67.04919196,-159.7503946,2188.0,0.0,0.0,5012.465555701351,0.0,382,382,0,0,382,379,7671,0,0,0,0,3
2020-12-11,US,Alaska,Petersburg,29,1,0,57.13978948,-132.9540995,2195.0,0.0,0.0,887.9363135333742,3.4482758620689653,28,29,1,0,28,29,3221,0,0,0,0,0
2020-12-11,US,Alaska,Prince of Wales-Hyder,64,1,0,55.76261984,-133.0511621,2198.0,0.0,0.0,1031.758826374335,1.5625,63,64,1,0,63,60,6422,0,0,0,0,4
2020-12-11,US,Alaska,Sitka,229,0,0,57.24124555,-135.3206587,2220.0,0.0,0.0,2696.338160838337,0.0,229,229,0,0,229,228,8647,0,0,0,0,1
2020-12-11,US,Alaska,Skagway,11,0,0,59.56149996,-135.33377480000001,2230.0,0.0,0.0,929.839391377853,0.0,11,11,0,0,11,11,1148,0,0,0,0,0
2020-12-11,US,Alaska,Southeast Fairbanks,357,2,0,63.87692095,-143.2127643,2240.0,0.0,0.0,5179.16727114464,0.5602240896358543,355,351,2,0,349,346,6918,6,0,0,6,5
2020-12-11,US,Alaska,Unassigned,206,0,0,0.0,0.0,90002.0,0.0,0.0,0.0,0.0,206,203,0,0,203,192,,3,0,0,3,11
2020-12-11,US,Alaska,Valdez-Cordova,297,3,0,61.47502768,-144.7126799,2261.0,0.0,0.0,3227.559226255162,1.0101010101010102,294,292,3,0,289,287,9164,5,0,0,5,5
2020-12-11,US,Alaska,Wrangell,23,0,0,56.3202004,-132.05837309999998,2275.0,0.0,0.0,919.2645883293367,0.0,23,23,0,0,23,22,2503,0,0,0,0,1
2020-12-11,US,Alaska,Yakutat,50,1,0,59.890980799999994,-140.36014509999998,2282.0,0.0,0.0,8635.578583765113,2.0,49,50,1,0,49,50,604,0,0,0,0,0
2020-12-11,US,Alaska,Yukon-Koyukuk,189,3,0,65.50815459,-151.39073869999999,2290.0,0.0,0.0,3613.7667304015295,1.5873015873015872,186,187,3,0,184,185,5327,2,0,0,2,2
2020-12-11,US,Arizona,Apache,6272,209,0,35.39465006,-109.4892383,4001.0,0.0,0.0,8724.804206602028,3.3322704081632653,6063,6182,207,0,5975,6039,71818,90,2,0,88,143
2020-12-11,US,Arizona,Cochise,4925,97,0,31.87934684,-109.7516088,4003.0,0.0,0.0,3911.1513476596624,1.9695431472081215,4828,4829,95,0,4734,4747,126770,96,2,0,94,82
2020-12-11,US,Arizona,Coconino,8841,189,0,35.83883429,-111.77071780000001,4005.0,0.0,0.0,6162.006189188436,2.1377672209026133,8652,8680,189,0,8491,8569,142854,161,0,0,161,111
2020-12-11,US,Arizona,Gila,3532,111,0,33.80190085,-110.8132779,4007.0,0.0,0.0,6538.561220333962,3.142695356738392,3421,3464,110,0,3354,3422,53889,68,1,0,67,42
2020-12-11,US,Arizona,Graham,2509,40,0,32.93166885,-109.8882178,4009.0,0.0,0.0,6460.334217370034,1.5942606616181745,2469,2473,39,0,2434,2438,38072,36,1,0,35,35
2020-12-11,US,Arizona,Greenlee,312,3,0,33.21498827,-109.2405279,4011.0,0.0,0.0,3284.9020846494,0.9615384615384616,309,309,3,0,306,304,9483,3,0,0,3,5
2020-12-11,US,Arizona,La Paz,1053,21,0,33.72854224,-113.98100290000001,4012.0,0.0,0.0,4988.629903354178,1.9943019943019944,1032,1045,21,0,1024,1031,21098,8,0,0,8,14
2020-12-11,US,Arizona,Maricopa,245671,4299,0,33.34835867,-112.49181540000001,4013.0,0.0,0.0,5477.108690524442,1.7499012907506382,241372,241880,4244,0,237636,239417,4410824,3791,55,0,3736,2463
2020-12-11,US,Arizona,Mohave,8159,280,0,35.70471703,-113.7577902,4015.0,0.0,0.0,3845.301888482004,3.4317931119009684,7879,7981,278,0,7703,7743,209550,178,2,0,176,238
2020-12-11,US,Arizona,Navajo,9417,288,0,35.3997715,-110.3218983,4017.0,0.0,0.0,8489.596480473116,3.0582988212806628,9129,9313,286,0,9027,9159,110445,104,2,0,102,154
2020-12-11,US,Arizona,Pima,49637,776,0,32.0971334,-111.7890033,4019.0,0.0,0.0,4739.615708898966,1.5633499204222656,48861,48436,762,0,47674,47570,1039073,1201,14,0,1187,866
2020-12-11,US,Arizona,Pinal,20500,292,0,32.90525627,-111.3449483,4021.0,0.0,0.0,4429.6644907290365,1.424390243902439,20208,19941,288,0,19653,19649,447138,559,4,0,555,292
2020-12-11,US,Arizona,Santa Cruz,4758,83,0,31.52508998,-110.8479088,4023.0,0.0,0.0,10232.698180566906,1.744430432955023,4675,4646,81,0,4565,4605,46511,112,2,0,110,41
2020-12-11,US,Arizona,Yavapai,7433,137,0,34.59933926,-112.5538588,4025.0,0.0,0.0,3161.6467956052556,1.843131979012512,7296,7250,134,0,7116,7120,231993,183,3,0,180,130
2020-12-11,US,Arizona,Yuma,21493,420,0,32.76895712,-113.90666740000002,4027.0,0.0,0.0,10053.464429549038,1.954124598706556,21073,21100,417,0,20683,20788,212128,393,3,0,390,312
2020-12-11,US,Arkansas,Arkansas,1076,24,0,34.29145151,-91.37277296,5001.0,0.0,0.0,6153.49422395059,2.2304832713754648,1052,1060,23,0,1037,1054,17769,16,1,0,15,6
2020-12-11,US,Arkansas,Ashley,1029,18,0,33.19153461,-91.76984709999999,5003.0,0.0,0.0,5234.776415526277,1.749271137026239,1011,1004,18,0,986,988,20046,25,0,0,25,16
2020-12-11,US,Arkansas,Baxter,1634,40,0,36.28784385,-92.33782872,5005.0,0.0,0.0,3896.785271391777,2.4479804161566707,1594,1618,38,0,1580,1596,41619,16,2,0,14,22
2020-12-11,US,Arkansas,Benton,13988,200,0,36.33644656,-94.25680817,5007.0,0.0,0.0,5011.087586560197,1.4297969688304262,13788,13775,193,0,13582,13634,272608,213,7,0,206,141
2020-12-11,US,Arkansas,Boone,2124,52,0,36.3084504,-93.09374925,5009.0,0.0,0.0,5674.289378072238,2.4482109227871938,2072,2079,51,0,2028,2062,37480,45,1,0,44,17
2020-12-11,US,Arkansas,Bradley,651,7,0,33.46755808,-92.15980837,5011.0,0.0,0.0,6048.499488990059,1.075268817204301,644,640,7,0,633,625,10897,11,0,0,11,15
2020-12-11,US,Arkansas,Calhoun,174,1,0,33.55598792,-92.49974403,5013.0,0.0,0.0,3353.2472538061284,0.5747126436781609,173,171,1,0,170,167,5277,3,0,0,3,4
2020-12-11,US,Arkansas,Carroll,1721,24,0,36.34038560000001,-93.54270261,5015.0,0.0,0.0,6064.129668780833,1.3945380592678676,1697,1684,23,0,1661,1666,28223,37,1,0,36,18
2020-12-11,US,Arkansas,Chicot,1293,30,0,33.26458973,-91.29539209,5017.0,0.0,0.0,12779.20537655663,2.320185614849188,1263,1287,30,0,1257,1279,10438,6,0,0,6,8
2020-12-11,US,Arkansas,Clark,1041,15,0,34.04613432,-93.17484713,5019.0,0.0,0.0,4663.978494623656,1.4409221902017288,1026,1000,14,0,986,980,22061,41,1,0,40,20
2020-12-11,US,Arkansas,Clay,1100,24,0,36.36826212,-90.4148172,5021.0,0.0,0.0,7559.617895677273,2.1818181818181817,1076,1085,24,0,1061,1071,14847,15,0,0,15,14
2020-12-11,US,Arkansas,Cleburne,869,25,0,35.53864922,-92.02640019,5023.0,0.0,0.0,3487.298848268389,2.87686996547756,844,854,25,0,829,844,24965,15,0,0,15,10
2020-12-11,US,Arkansas,Cleveland,460,16,0,33.89723187,-92.18537045,5025.0,0.0,0.0,5781.799899446958,3.4782608695652173,444,447,15,0,432,439,8018,13,1,0,12,8
2020-12-11,US,Arkansas,Columbia,1303,29,0,33.21230701,-93.22642793,5027.0,0.0,0.0,5554.84503559705,2.225633154259401,1274,1265,28,0,1237,1253,23537,38,1,0,37,12
2020-12-11,US,Arkansas,Conway,887,10,0,35.26205537,-92.70506566,5029.0,0.0,0.0,4255.012952125108,1.1273957158962795,877,859,8,0,851,837,20891,28,2,0,26,22
2020-12-11,US,Arkansas,Craighead,8240,95,0,35.83018283,-90.63235729,5031.0,0.0,0.0,7468.3681978029945,1.1529126213592231,8145,8137,95,0,8042,8047,108558,103,0,0,103,90
2020-12-11,US,Arkansas,Crawford,3591,45,0,35.58928601,-94.2446814,5033.0,0.0,0.0,5676.842088622602,1.2531328320802004,3546,3546,45,0,3501,3498,63406,45,0,0,45,48
2020-12-11,US,Arkansas,Crittenden,3666,61,0,35.21247318,-90.30839406,5035.0,0.0,0.0,7644.666875195496,1.6639388979814511,3605,3605,60,0,3545,3588,48342,61,1,0,60,17
2020-12-11,US,Arkansas,Cross,1061,29,0,35.29631396,-90.77185818,5037.0,0.0,0.0,6462.02570193069,2.7332704995287465,1032,1029,29,0,1000,989,16676,32,0,0,32,40
2020-12-11,US,Arkansas,Dallas,375,7,0,33.97042763,-92.65167437,5039.0,0.0,0.0,5350.263946354687,1.8666666666666667,368,367,6,0,361,363,7182,8,1,0,7,4
2020-12-11,US,Arkansas,Desha,711,10,0,33.83011025,-91.25500948,5041.0,0.0,0.0,6258.25191444415,1.4064697609001406,701,704,10,0,694,691,11512,7,0,0,7,13
2020-12-11,US,Arkansas,Drew,1102,8,0,33.59035001,-91.71777921,5043.0,0.0,0.0,6048.630550524178,0.7259528130671506,1094,1070,8,0,1062,1051,18328,32,0,0,32,19
2020-12-11,US,Arkansas,Faulkner,5824,66,0,35.14719007,-92.33717519,5045.0,0.0,0.0,4621.965446364091,1.1332417582417582,5758,5681,65,0,5616,5587,124806,143,1,0,142,94
2020-12-11,US,Arkansas,Franklin,922,20,0,35.51202821,-93.89299569,5047.0,0.0,0.0,5204.628845611064,2.169197396963124,902,907,18,0,889,898,17810,15,2,0,13,9
2020-12-11,US,Arkansas,Fulton,620,14,0,36.38177105,-91.81729127,5049.0,0.0,0.0,4969.143223531299,2.2580645161290325,606,615,13,0,602,609,12269,5,1,0,4,6
2020-12-11,US,Arkansas,Garland,4484,126,0,34.57692074,-93.14921604,5051.0,0.0,0.0,4511.70184935504,2.809991079393398,4358,4427,124,0,4303,4389,99154,57,2,0,55,38
2020-12-11,US,Arkansas,Grant,733,8,0,34.29017991,-92.42320562,5053.0,0.0,0.0,4013.1398850260052,1.0914051841746248,725,715,7,0,708,706,18188,18,1,0,17,9
2020-12-11,US,Arkansas,Greene,3670,38,0,36.11735460000001,-90.55832668,5055.0,0.0,0.0,8097.07666850524,1.0354223433242506,3632,3628,36,0,3592,3604,45325,42,2,0,40,24
2020-12-11,US,Arkansas,Hempstead,998,9,0,33.73325583,-93.66935133,5057.0,0.0,0.0,4634.961917146573,0.9018036072144288,989,976,9,0,967,966,21741,22,0,0,22,10
2020-12-11,US,Arkansas,Hot Spring,3120,47,0,34.31709259,-92.95396325,5059.0,0.0,0.0,9238.695922537087,1.5064102564102564,3073,3099,47,0,3052,3066,33701,21,0,0,21,33
2020-12-11,US,Arkansas,Howard,914,16,0,34.09007427,-93.9934871,5061.0,0.0,0.0,6923.19345553704,1.7505470459518602,898,896,16,0,880,891,13341,18,0,0,18,5
2020-12-11,US,Arkansas,Independence,2318,76,0,35.74242707,-91.57001641,5063.0,0.0,0.0,6128.222075346994,3.278688524590164,2242,2298,74,0,2224,2282,37678,20,2,0,18,16
2020-12-11,US,Arkansas,Izard,1061,7,0,36.09604046,-91.90847954,5065.0,0.0,0.0,7784.870496734904,0.6597549481621112,1054,1057,7,0,1050,1050,13593,4,0,0,4,7
2020-12-11,US,Arkansas,Jackson,2372,13,0,35.59802983,-91.21494602,5067.0,0.0,0.0,14187.451402595847,0.5480607082630692,2359,2339,12,0,2327,2202,16811,33,1,0,32,137
2020-12-11,US,Arkansas,Jefferson,5631,116,0,34.26767081,-91.92619839,5069.0,0.0,0.0,8426.61319286484,2.0600248623690285,5515,5557,116,0,5441,5519,68114,74,0,0,74,38
2020-12-11,US,Arkansas,Johnson,1444,14,0,35.56759135,-93.46036368,5071.0,0.0,0.0,5433.064940928588,0.969529085872576,1430,1417,13,0,1404,1397,26742,27,1,0,26,20
2020-12-11,US,Arkansas,Lafayette,285,4,0,33.24116713,-93.60677071,5073.0,0.0,0.0,4302.536231884058,1.4035087719298245,281,283,3,0,280,281,6682,2,1,0,1,2
2020-12-11,US,Arkansas,Lawrence,1300,33,0,36.04188196,-91.10867198,5075.0,0.0,0.0,7923.9302694136295,2.5384615384615383,1267,1282,32,0,1250,1279,16434,18,1,0,17,3
2020-12-11,US,Arkansas,Lee,1304,20,0,34.78498904,-90.78383866,5077.0,0.0,0.0,14722.818109969516,1.5337423312883436,1284,1291,20,0,1271,1274,8985,13,0,0,13,17
2020-12-11,US,Arkansas,Lincoln,2645,20,0,33.95317155,-91.74002806,5079.0,0.0,0.0,20308.660933660933,0.7561436672967864,2625,2632,20,0,2612,2624,13383,13,0,0,13,8
2020-12-11,US,Arkansas,Little River,691,37,0,33.70375665,-94.23468591,5081.0,0.0,0.0,5636.675095847949,5.354558610709117,654,688,37,0,651,685,12326,3,0,0,3,3
2020-12-11,US,Arkansas,Logan,1123,8,0,35.21413234,-93.71951016,5083.0,0.0,0.0,5231.5289294698605,0.7123775601068566,1115,1105,8,0,1097,1094,21737,18,0,0,18,11
2020-12-11,US,Arkansas,Lonoke,3179,64,0,34.75392199,-91.88742357,5085.0,0.0,0.0,4336.438909274441,2.0132117017930167,3115,3124,63,0,3061,3085,73657,55,1,0,54,39
2020-12-11,US,Arkansas,Madison,808,9,0,36.01038185,-93.72524943,5087.0,0.0,0.0,4874.517374517374,1.113861386138614,799,787,9,0,778,774,16481,21,0,0,21,13
2020-12-11,US,Arkansas,Marion,514,8,0,36.26844485,-92.68451899,5089.0,0.0,0.0,3078.950521145321,1.5564202334630348,506,503,8,0,495,499,16722,11,0,0,11,4
2020-12-11,US,Arkansas,Miller,2326,22,0,33.31403423,-93.89285258,5091.0,0.0,0.0,5377.164389578566,0.945829750644884,2304,2308,22,0,2286,2289,43592,18,0,0,18,19
2020-12-11,US,Arkansas,Mississippi,3724,87,0,35.76271485,-90.05194370000002,5093.0,0.0,0.0,9160.90625076874,2.3361976369495165,3637,3679,87,0,3592,3650,41239,45,0,0,45,29
2020-12-11,US,Arkansas,Monroe,362,5,0,34.6815935,-91.20540287,5095.0,0.0,0.0,5402.178779286674,1.3812154696132597,357,352,5,0,347,350,6900,10,0,0,10,2
2020-12-11,US,Arkansas,Montgomery,389,12,0,34.53704874,-93.65824478,5097.0,0.0,0.0,4328.95615401736,3.0848329048843186,377,381,11,0,370,373,8924,8,1,0,7,8
2020-12-11,US,Arkansas,Nevada,508,17,0,33.66340119,-93.30632432,5099.0,0.0,0.0,6156.083373727582,3.3464566929133857,491,505,17,0,488,501,8326,3,0,0,3,4
2020-12-11,US,Arkansas,Newton,493,24,0,35.91947491,-93.21612969,5101.0,0.0,0.0,6358.828840448858,4.8681541582150105,469,492,23,0,469,491,7805,1,1,0,0,1
2020-12-11,US,Arkansas,Ouachita,1024,15,0,33.58839816,-92.87795984,5103.0,0.0,0.0,4379.437173894448,1.46484375,1009,1005,14,0,991,985,23606,19,1,0,18,20
2020-12-11,US,Arkansas,Perry,309,4,0,34.945915299999996,-92.94372564,5105.0,0.0,0.0,2955.5236728837876,1.2944983818770226,305,303,4,0,299,299,10352,6,0,0,6,4
2020-12-11,US,Arkansas,Phillips,1047,17,0,34.43268455,-90.84800154,5107.0,0.0,0.0,5887.97660555618,1.6236867239732569,1030,1040,17,0,1023,1030,18029,7,0,0,7,10
2020-12-11,US,Arkansas,Pike,480,4,0,34.16250414,-93.65789349,5109.0,0.0,0.0,4478.447471543198,0.8333333333333334,476,471,4,0,467,469,10673,9,0,0,9,2
2020-12-11,US,Arkansas,Poinsett,1924,51,0,35.57433534,-90.66268713,5111.0,0.0,0.0,8177.490649438966,2.6507276507276507,1873,1890,50,0,1840,1861,23974,34,1,0,33,29
2020-12-11,US,Arkansas,Polk,993,19,0,34.48254879,-94.22728802,5113.0,0.0,0.0,4973.953115608095,1.9133937562940584,974,987,19,0,968,969,20049,6,0,0,6,18
2020-12-11,US,Arkansas,Pope,4255,48,0,35.44871474,-93.03212219,5115.0,0.0,0.0,6640.966412785617,1.1280846063454757,4207,4186,48,0,4138,4158,64000,69,0,0,69,28
2020-12-11,US,Arkansas,Prairie,396,9,0,34.83624419,-91.55162157,5117.0,0.0,0.0,4911.93252294716,2.272727272727273,387,392,9,0,383,390,8074,4,0,0,4,2
2020-12-11,US,Arkansas,Pulaski,19353,313,0,34.77054088,-92.31355101,5119.0,0.0,0.0,4938.110948659262,1.6173203120963158,19040,19073,307,0,18766,18833,392680,280,6,0,274,240
2020-12-11,US,Arkansas,Randolph,1183,35,0,36.3415714,-91.02455531,5121.0,0.0,0.0,6587.593273193007,2.9585798816568047,1148,1167,34,0,1133,1142,17948,16,1,0,15,25
2020-12-11,US,Arkansas,Saline,5976,72,0,34.64916145,-92.67583224,5125.0,0.0,0.0,4880.877512516641,1.2048192771084338,5904,5829,68,0,5761,5747,121421,147,4,0,143,82
2020-12-11,US,Arkansas,Scott,456,3,0,34.85588887,-94.0632176,5127.0,0.0,0.0,4435.366209512693,0.6578947368421053,453,454,3,0,451,448,10319,2,0,0,2,6
2020-12-11,US,Arkansas,Searcy,395,1,0,35.9109364,-92.69936482,5129.0,0.0,0.0,5012.054307828957,0.2531645569620253,394,377,1,0,376,373,7958,18,0,0,18,4
2020-12-11,US,Arkansas,Sebastian,7918,131,0,35.19605503,-94.27162713,5131.0,0.0,0.0,6194.309496428768,1.6544581965142713,7787,7828,129,0,7699,7739,127753,90,2,0,88,89
2020-12-11,US,Arkansas,Sevier,1847,20,0,33.99780401,-94.2424869,5133.0,0.0,0.0,10860.234021285352,1.0828370330265296,1827,1836,20,0,1816,1828,17139,11,0,0,11,8
2020-12-11,US,Arkansas,Sharp,839,22,0,36.16258158,-91.47819342,5135.0,0.0,0.0,4810.228184841188,2.622169249106079,817,822,22,0,800,811,17366,17,0,0,17,11
2020-12-11,US,Arkansas,St. Francis,2313,18,0,35.02201976,-90.74828138,5123.0,0.0,0.0,9254.22101304313,0.7782101167315175,2295,2281,17,0,2264,2240,25439,32,1,0,31,41
2020-12-11,US,Arkansas,Stone,583,25,0,35.86251946,-92.15684085,5137.0,0.0,0.0,4661.762354070046,4.288164665523157,558,573,25,0,548,566,12457,10,0,0,10,7
2020-12-11,US,Arkansas,Unassigned,2898,0,0,0.0,0.0,90005.0,0.0,0.0,0.0,0.0,2898,2858,0,0,2858,2737,,40,0,0,40,121
2020-12-11,US,Arkansas,Union,1798,61,0,33.16887091,-92.59746952,5139.0,0.0,0.0,4648.156765420609,3.3926585094549497,1737,1775,61,0,1714,1749,39126,23,0,0,23,26
2020-12-11,US,Arkansas,Van Buren,525,6,0,35.58095779,-92.51295036,5141.0,0.0,0.0,3173.164097914778,1.1428571428571428,519,507,5,0,502,484,16603,18,1,0,17,23
2020-12-11,US,Arkansas,Washington,17652,192,0,35.976844,-94.21800746,5143.0,0.0,0.0,7379.999749150246,1.087695445275323,17460,17377,192,0,17185,17197,236961,275,0,0,275,180
2020-12-11,US,Arkansas,White,3458,62,0,35.25688493,-91.74908296,5145.0,0.0,0.0,4390.943837060176,1.792943898207056,3396,3399,62,0,3337,3389,78727,59,0,0,59,10
2020-12-11,US,Arkansas,Woodruff,256,1,0,35.18902527,-91.2439489,5147.0,0.0,0.0,4050.632911392405,0.390625,255,250,1,0,249,237,6490,6,0,0,6,13
2020-12-11,US,Arkansas,Yell,1888,36,0,35.00292371,-93.41171338,5149.0,0.0,0.0,8846.820673820346,1.9067796610169487,1852,1864,35,0,1829,1834,21535,24,1,0,23,30
2020-12-11,US,California,Alameda,35686,538,0,37.64629437,-121.8929271,6001.0,0.0,0.0,2135.1870278084093,1.507594014459452,35148,35047,533,0,34514,34373,1666753,639,5,0,634,674
2020-12-11,US,California,Alpine,63,0,0,38.59678594,-119.82235940000001,6003.0,0.0,0.0,5580.159433126662,0.0,63,58,0,0,58,57,1101,5,0,0,5,1
2020-12-11,US,California,Amador,1227,19,0,38.44583082,-120.65696000000001,6005.0,0.0,0.0,3086.637150332059,1.5484922575387123,1208,1203,18,0,1185,1162,39383,24,1,0,23,41
2020-12-11,US,California,Butte,4863,64,0,39.66727762,-121.6005252,6007.0,0.0,0.0,2218.663600777422,1.316060045239564,4799,4757,64,0,4693,4706,231256,106,0,0,106,51
2020-12-11,US,California,Calaveras,684,22,0,38.20537103,-120.55291299999999,6009.0,0.0,0.0,1490.0337653850345,3.2163742690058483,662,670,22,0,648,657,45602,14,0,0,14,13
2020-12-11,US,California,Colusa,909,7,0,39.17881957,-122.2331726,6011.0,0.0,0.0,4218.684735694063,0.77007700770077,902,896,7,0,889,885,21627,13,0,0,13,11
2020-12-11,US,California,Contra Costa,28487,273,0,37.91923498,-121.9289527,6013.0,0.0,0.0,2469.558553513315,0.9583318706778532,28214,28391,270,0,28121,28088,1150215,96,3,0,93,303
2020-12-11,US,California,Del Norte,512,1,0,41.74228275,-123.89740630000001,6015.0,0.0,0.0,1840.9319718107288,0.1953125,511,506,1,0,505,489,27828,6,0,0,6,17
2020-12-11,US,California,El Dorado,3628,8,0,38.77965956,-120.5233166,6017.0,0.0,0.0,1881.3231488827691,0.2205071664829107,3620,3529,8,0,3521,3356,190678,99,0,0,99,173
2020-12-11,US,California,Fresno,42461,542,0,36.75733899,-119.6466953,6019.0,0.0,0.0,4249.920678690142,1.2764654624243423,41919,41954,514,0,41440,41574,994400,507,28,0,479,380
2020-12-11,US,California,Glenn,1134,12,0,39.59875897,-122.3938452,6021.0,0.0,0.0,3993.9421688444336,1.058201058201058,1122,1117,11,0,1106,1101,28047,17,1,0,16,16
2020-12-11,US,California,Humboldt,1231,10,0,40.69923009,-123.876044,6023.0,0.0,0.0,908.0983785538292,0.8123476848090982,1221,1195,10,0,1185,1163,136373,36,0,0,36,32
2020-12-11,US,California,Imperial,18333,373,0,33.0393082,-115.36690420000001,6025.0,0.0,0.0,10116.71219269928,2.034582446953581,17960,17913,371,0,17542,17733,181827,420,2,0,418,180
2020-12-11,US,California,Inyo,376,17,0,36.51112084,-117.41119779999998,6027.0,0.0,0.0,2084.3727479350296,4.5212765957446805,359,357,16,0,341,353,17987,19,1,0,18,4
2020-12-11,US,California,Kern,48401,463,0,35.34329425,-118.72777959999999,6029.0,0.0,0.0,5376.682122456959,0.9565918059544224,47938,47411,463,0,46948,46397,896764,990,0,0,990,1014
2020-12-11,US,California,Kings,12993,97,0,36.07409056,-119.8159973,6031.0,0.0,0.0,8495.488426834052,0.7465558377587932,12896,12716,97,0,12619,12624,151366,277,0,0,277,92
2020-12-11,US,California,Lake,1171,22,0,39.10124298,-122.75362439999999,6033.0,0.0,0.0,1818.718354921877,1.8787361229718191,1149,1161,22,0,1139,1131,64382,10,0,0,10,30
2020-12-11,US,California,Lassen,2972,5,0,40.67311306,-120.59350990000002,6035.0,0.0,0.0,9720.995649756322,0.16823687752355315,2967,2930,5,0,2925,2856,30802,42,0,0,42,74
2020-12-11,US,California,Los Angeles,501635,8199,0,34.30828379,-118.22824109999999,6037.0,0.0,0.0,4996.808979125334,1.6344553310674097,493436,487917,8149,0,479768,475271,10105518,13718,50,0,13668,12646
2020-12-11,US,California,Madera,7612,107,0,37.21513971,-119.76655890000002,6039.0,0.0,0.0,4838.330356518589,1.4056752496058855,7505,7468,107,0,7361,7251,157672,144,0,0,144,217
2020-12-11,US,California,Marin,8312,132,0,38.07122463,-122.72106310000001,6041.0,0.0,0.0,3211.4238909537676,1.5880654475457168,8180,8249,132,0,8117,8192,259666,63,0,0,63,57
2020-12-11,US,California,Mariposa,171,4,0,37.57978556,-119.9073334,6043.0,0.0,0.0,994.0126722083355,2.3391812865497075,167,171,4,0,167,167,17471,0,0,0,0,4
2020-12-11,US,California,Mendocino,1911,24,0,39.4381191,-123.39113130000001,6045.0,0.0,0.0,2202.9072381237825,1.2558869701726845,1887,1873,24,0,1849,1816,87606,38,0,0,38,57
2020-12-11,US,California,Merced,14310,202,0,37.18922369,-120.72090349999999,6047.0,0.0,0.0,5153.414001728608,1.4116002795248082,14108,14058,201,0,13857,13851,274765,252,1,0,251,207
2020-12-11,US,California,Modoc,225,0,0,41.58965602,-120.7244817,6049.0,0.0,0.0,2544.960977265015,0.0,225,212,0,0,212,200,8777,13,0,0,13,12
2020-12-11,US,California,Mono,673,3,0,37.93899289,-118.8872409,6051.0,0.0,0.0,4659.3741345887565,0.4457652303120357,670,656,3,0,653,627,14250,17,0,0,17,29
2020-12-11,US,California,Monterey,18266,148,0,36.21862405,-121.24133970000001,6053.0,0.0,0.0,4208.164290272564,0.8102485492171247,18118,17891,146,0,17745,17752,435594,375,2,0,373,139
2020-12-11,US,California,Napa,3974,23,0,38.50735751,-122.33283899999999,6055.0,0.0,0.0,2885.062144267627,0.5787619526925013,3951,3858,23,0,3835,3778,139417,116,0,0,116,80
2020-12-11,US,California,Nevada,1922,21,0,39.30394768,-120.76272809999999,6057.0,0.0,0.0,1926.720465139592,1.0926118626430799,1901,1895,19,0,1876,1811,99696,27,2,0,25,84
2020-12-11,US,California,Orange,97302,1662,0,33.70147516,-117.76459979999998,6059.0,0.0,0.0,3063.9621222713035,1.7080841092680517,95640,94647,1640,0,93007,93126,3185968,2655,22,0,2633,1521
2020-12-11,US,California,Placer,8906,92,0,39.06167234,-120.72405690000001,6061.0,0.0,0.0,2235.8402225296177,1.0330114529530654,8814,8860,89,0,8771,8544,393149,46,3,0,43,316
2020-12-11,US,California,Plumas,316,0,0,40.00355989,-120.8395236,6063.0,0.0,0.0,1680.2254479715,0.0,316,311,0,0,311,301,18804,5,0,0,5,10
2020-12-11,US,California,Riverside,112950,1573,0,33.74314981,-115.9933578,6065.0,0.0,0.0,4571.863871387135,1.3926516157591855,111377,111053,1551,0,109502,107620,2450758,1897,22,0,1875,3433
2020-12-11,US,California,Sacramento,46479,659,0,38.45106826,-121.34253740000001,6067.0,0.0,0.0,2994.6690136579946,1.4178446179995268,45820,45336,646,0,44690,44688,1540975,1143,13,0,1130,648
2020-12-11,US,California,San Benito,2348,19,0,36.60308176,-121.069975,6069.0,0.0,0.0,3738.3772767800283,0.8091993185689949,2329,2314,19,0,2295,2264,61537,34,0,0,34,50
2020-12-11,US,California,San Bernardino,120186,1209,0,34.84060306,-116.1774685,6071.0,0.0,0.0,5512.90431336393,1.0059407917727523,118977,115641,1209,0,114432,111518,2171603,4545,0,0,4545,4123
2020-12-11,US,California,San Diego,99601,1114,0,33.03484597,-116.73653259999999,6073.0,0.0,0.0,2983.5576470870164,1.1184626660374897,98487,99599,1114,0,98485,97549,3343364,2,0,0,2,2050
2020-12-11,US,California,San Francisco,17945,167,0,37.75215114,-122.43856720000001,6075.0,0.0,0.0,2035.621389168384,0.9306213429924771,17778,17628,165,0,17463,17384,883305,317,2,0,315,244
2020-12-11,US,California,San Joaquin,31228,535,0,37.93433732,-121.2730061,6077.0,0.0,0.0,4097.366915612191,1.713206097092353,30693,30579,532,0,30047,30225,752660,649,3,0,646,354
2020-12-11,US,California,San Luis Obispo,7267,45,0,35.38822029,-120.4039028,6079.0,0.0,0.0,2566.837742087026,0.6192376496490987,7222,7105,45,0,7060,6965,284010,162,0,0,162,140
2020-12-11,US,California,San Mateo,17176,179,0,37.422880799999994,-122.32755459999998,6081.0,0.0,0.0,2240.6215715920075,1.0421518397764322,16997,16884,177,0,16707,16666,769545,292,2,0,290,218
2020-12-11,US,California,Santa Barbara,12808,140,0,34.65329488,-120.0188492,6083.0,0.0,0.0,2868.539459214914,1.0930668332292317,12668,12636,139,0,12497,12516,446527,172,1,0,171,120
2020-12-11,US,California,Santa Clara,45178,526,0,37.23104908,-121.6970462,6085.0,0.0,0.0,2343.4371518145585,1.164283500818983,44652,44039,519,0,43520,43001,1937570,1139,7,0,1132,1038
2020-12-11,US,California,Santa Cruz,5645,50,0,37.05580291,-122.0066524,6087.0,0.0,0.0,2066.1535139250327,0.8857395925597874,5595,5527,47,0,5480,5374,274255,118,3,0,115,153
2020-12-11,US,California,Shasta,6853,58,0,40.76391419,-122.0396884,6089.0,0.0,0.0,3805.530875166593,0.8463446665693857,6795,6375,58,0,6317,6135,180040,478,0,0,478,240
2020-12-11,US,California,Sierra,25,0,0,39.57713498,-120.52007009999998,6091.0,0.0,0.0,831.9467554076538,0.0,25,25,0,0,25,25,2987,0,0,0,0,0
2020-12-11,US,California,Siskiyou,900,7,0,41.59198861,-122.54074340000001,6093.0,0.0,0.0,2067.11224419486,0.7777777777777778,893,863,7,0,856,851,43724,37,0,0,37,12
2020-12-11,US,California,Solano,12733,91,0,38.26827353,-121.9357113,6095.0,0.0,0.0,2844.454174420241,0.7146783947223749,12642,12533,91,0,12442,12123,446610,200,0,0,200,410
2020-12-11,US,California,Sonoma,14282,162,0,38.52746429,-122.88625060000001,6097.0,0.0,0.0,2889.128042465044,1.1342949166783365,14120,13994,162,0,13832,13719,499942,288,0,0,288,275
2020-12-11,US,California,Stanislaus,25936,463,0,37.55862499,-120.9970722,6099.0,0.0,0.0,4709.984382377511,1.7851634793337443,25473,25675,458,0,25217,25271,549815,261,5,0,256,404
2020-12-11,US,California,Sutter,4574,31,0,39.03417539,-121.6945899,6101.0,0.0,0.0,4716.874117004053,0.6777437691298644,4543,4502,30,0,4472,4435,96807,72,1,0,71,67
2020-12-11,US,California,Tehama,2240,30,0,40.12570935,-122.23701709999999,6103.0,0.0,0.0,3441.706102882429,1.3392857142857142,2210,2148,30,0,2118,2112,63916,92,0,0,92,36
2020-12-11,US,California,Trinity,220,1,0,40.64917670000001,-123.114713,6105.0,0.0,0.0,1790.8017908017907,0.4545454545454545,219,217,1,0,216,217,12535,3,0,0,3,0
2020-12-11,US,California,Tulare,24624,326,0,36.22026558,-118.8020203,6107.0,0.0,0.0,5281.909930393934,1.3239116309291747,24298,24239,323,0,23916,23662,465861,385,3,0,382,577
2020-12-11,US,California,Tuolumne,1517,16,0,38.02644018,-119.95250929999999,6109.0,0.0,0.0,2784.6103014060723,1.054713249835201,1501,1458,15,0,1443,1321,54539,59,1,0,58,137
2020-12-11,US,California,Ventura,24075,197,0,34.44465746,-119.09106129999999,6111.0,0.0,0.0,2845.724498407813,0.818276220145379,23878,23830,197,0,23633,23665,850967,245,0,0,245,165
2020-12-11,US,California,Yolo,5979,89,0,38.68278902,-121.90182879999999,6113.0,0.0,0.0,2711.56462585034,1.4885432346546246,5890,5774,89,0,5685,5639,220408,205,0,0,205,135
2020-12-11,US,California,Yuba,2780,10,0,39.26255932,-121.35356440000001,6115.0,0.0,0.0,3533.8384095184833,0.3597122302158273,2770,2700,10,0,2690,2650,78041,80,0,0,80,50
2020-12-11,US,Colorado,Adams,34484,412,0,39.87432092,-104.3362578,8001.0,0.0,0.0,6664.592275922314,1.194756988748405,34072,34021,407,0,33614,33551,511868,463,5,0,458,470
2020-12-11,US,Colorado,Alamosa,784,20,0,37.57250606,-105.7885451,8003.0,0.0,0.0,4829.667960327727,2.5510204081632653,764,753,18,0,735,731,16683,31,2,0,29,22
2020-12-11,US,Colorado,Arapahoe,32306,493,0,39.64977461,-104.3353617,8005.0,0.0,0.0,4920.269879224478,1.526032315978456,31813,31763,485,0,31278,31320,651215,543,8,0,535,443
2020-12-11,US,Colorado,Archuleta,406,0,0,37.19474156,-107.04768670000001,8007.0,0.0,0.0,2894.0052747879395,0.0,406,383,0,0,383,374,13765,23,0,0,23,9
2020-12-11,US,Colorado,Baca,151,0,0,37.31940883,-102.5603223,8009.0,0.0,0.0,4216.699246020666,0.0,151,145,0,0,145,143,3585,6,0,0,6,2
2020-12-11,US,Colorado,Bent,598,2,0,37.95474293,-103.0720195,8011.0,0.0,0.0,10722.610722610723,0.33444816053511706,596,578,2,0,576,415,5882,20,0,0,20,163
2020-12-11,US,Colorado,Boulder,12727,141,0,40.09313619,-105.3546767,8013.0,0.0,0.0,3901.6419575960467,1.107880883161782,12586,12576,140,0,12436,12476,326078,151,1,0,150,100
2020-12-11,US,Colorado,Broomfield,2411,56,0,39.95998787,-105.0566324,8014.0,0.0,0.0,3421.556801248847,2.3226876814599757,2355,2374,56,0,2318,2351,69267,37,0,0,37,23
2020-12-11,US,Colorado,Chaffee,800,22,0,38.74745778,-106.19265729999998,8015.0,0.0,0.0,3930.045195519749,2.75,778,788,22,0,766,757,20027,12,0,0,12,31
2020-12-11,US,Colorado,Cheyenne,84,3,0,38.82777431,-102.6032558,8017.0,0.0,0.0,4587.657018022938,3.571428571428572,81,82,3,0,79,80,1876,2,0,0,2,2
2020-12-11,US,Colorado,Clear Creek,228,2,0,39.68864463,-105.6463118,8019.0,0.0,0.0,2350.5154639175257,0.8771929824561403,226,224,2,0,222,220,9605,4,0,0,4,4
2020-12-11,US,Colorado,Conejos,244,4,0,37.201606,-106.19174879999998,8021.0,0.0,0.0,2973.7964655697747,1.639344262295082,240,235,3,0,232,227,8200,9,1,0,8,8
2020-12-11,US,Colorado,Costilla,111,2,0,37.27732493,-105.4276548,8023.0,0.0,0.0,2855.672755338307,1.8018018018018016,109,105,2,0,103,96,3828,6,0,0,6,9
2020-12-11,US,Colorado,Crowley,1421,10,0,38.32608609,-103.7844965,8025.0,0.0,0.0,23444.976076555024,0.7037297677691766,1411,1378,9,0,1369,1361,5858,43,1,0,42,17
2020-12-11,US,Colorado,Custer,113,0,0,38.10883162,-105.3683478,8027.0,0.0,0.0,2229.676400947119,0.0,113,109,0,0,109,105,4954,4,0,0,4,4
2020-12-11,US,Colorado,Delta,1005,16,0,38.86246243,-107.86313419999999,8029.0,0.0,0.0,3225.081830434504,1.592039800995025,989,954,14,0,940,920,30953,51,2,0,49,34
2020-12-11,US,Colorado,Denver,41760,593,0,39.76018276,-104.87256950000001,8031.0,0.0,0.0,5742.487393617535,1.4200191570881229,41167,41309,587,0,40722,40762,716492,451,6,0,445,547
2020-12-11,US,Colorado,Dolores,40,0,0,37.75208676,-108.5211585,8033.0,0.0,0.0,1946.4720194647198,0.0,40,38,0,0,38,36,2074,2,0,0,2,2
2020-12-11,US,Colorado,Douglas,13164,142,0,39.33133796,-104.930001,8035.0,0.0,0.0,3748.782585418363,1.0786994834396841,13022,12947,139,0,12808,12741,342776,217,3,0,214,206
2020-12-11,US,Colorado,Eagle,2782,12,0,39.62754308,-106.6933637,8037.0,0.0,0.0,5046.528924120666,0.4313443565780015,2770,2752,12,0,2740,2720,54993,30,0,0,30,32
2020-12-11,US,Colorado,El Paso,34280,413,0,38.83240149,-104.5251411,8041.0,0.0,0.0,4758.447702188913,1.204784130688448,33867,33618,393,0,33225,33019,713856,662,20,0,642,599
2020-12-11,US,Colorado,Elbert,790,5,0,39.28656773,-104.13587209999999,8039.0,0.0,0.0,2955.591305323805,0.6329113924050633,785,775,5,0,770,759,26282,15,0,0,15,16
2020-12-11,US,Colorado,Fremont,3621,10,0,38.47362326,-105.43996670000001,8043.0,0.0,0.0,7569.138150881079,0.27616680475006905,3611,3570,10,0,3560,3438,48021,51,0,0,51,132
2020-12-11,US,Colorado,Garfield,2868,16,0,39.59921777,-107.902708,8045.0,0.0,0.0,4775.14526897654,0.5578800557880056,2852,2762,14,0,2748,2682,59770,106,2,0,104,80
2020-12-11,US,Colorado,Gilpin,105,1,0,39.85646523,-105.5252597,8047.0,0.0,0.0,1681.8837097549256,0.9523809523809524,104,103,1,0,102,101,6121,2,0,0,2,2
2020-12-11,US,Colorado,Grand,517,5,0,40.10603347,-106.11780420000001,8049.0,0.0,0.0,3285.877717045888,0.9671179883945842,512,507,5,0,502,498,15525,10,0,0,10,9
2020-12-11,US,Colorado,Gunnison,533,7,0,38.66611652,-107.0320729,8051.0,0.0,0.0,3052.3422288397664,1.3133208255159474,526,518,7,0,511,513,17246,15,0,0,15,5
2020-12-11,US,Colorado,Hinsdale,12,0,0,37.82247444,-107.3004345,8053.0,0.0,0.0,1463.4146341463415,0.0,12,11,0,0,11,10,811,1,0,0,1,1
2020-12-11,US,Colorado,Huerfano,227,11,0,37.68473101,-104.9612585,8055.0,0.0,0.0,3291.2860664056834,4.845814977973569,216,225,11,0,214,220,6889,2,0,0,2,5
2020-12-11,US,Colorado,Jackson,24,0,0,40.66593870000001,-106.3408905,8057.0,0.0,0.0,1724.1379310344828,0.0,24,22,0,0,22,22,1399,2,0,0,2,0
2020-12-11,US,Colorado,Jefferson,25137,543,0,39.58635604,-105.2517692,8059.0,0.0,0.0,4312.544069887335,2.1601623105382504,24594,24779,538,0,24241,24443,580233,358,5,0,353,336
2020-12-11,US,Colorado,Kiowa,50,0,0,38.43260896,-102.7392145,8061.0,0.0,0.0,3556.1877667140825,0.0,50,47,0,0,47,42,1383,3,0,0,3,5
2020-12-11,US,Colorado,Kit Carson,379,8,0,39.30497777,-102.60221990000001,8063.0,0.0,0.0,5340.284627307313,2.1108179419525066,371,368,8,0,360,358,7163,11,0,0,11,10
2020-12-11,US,Colorado,La Plata,1833,10,0,37.28632032,-107.8429014,8067.0,0.0,0.0,3260.3475569627008,0.5455537370430987,1823,1783,9,0,1774,1710,56310,50,1,0,49,73
2020-12-11,US,Colorado,Lake,350,0,0,39.20278823,-106.35556969999999,8065.0,0.0,0.0,4306.6322136089575,0.0,350,346,0,0,346,340,7824,4,0,0,4,6
2020-12-11,US,Colorado,Larimer,12731,92,0,40.66671597,-105.4625784,8069.0,0.0,0.0,3567.1156265498075,0.7226455109575053,12639,12520,89,0,12431,12256,350518,211,3,0,208,264
2020-12-11,US,Colorado,Las Animas,360,3,0,37.3153406,-104.03764579999999,8071.0,0.0,0.0,2481.731697228733,0.8333333333333334,357,352,3,0,349,314,14503,8,0,0,8,38
2020-12-11,US,Colorado,Lincoln,657,1,0,38.98749519,-103.51366490000001,8073.0,0.0,0.0,11524.293983511665,0.15220700152207,656,649,1,0,648,574,5610,8,0,0,8,75
2020-12-11,US,Colorado,Logan,2709,45,0,40.7249637,-103.110817,8075.0,0.0,0.0,12088.89285554911,1.6611295681063123,2664,2690,43,0,2647,2668,21528,19,2,0,17,22
2020-12-11,US,Colorado,Mesa,7281,90,0,39.01787888,-108.469799,8077.0,0.0,0.0,4721.483691070618,1.236093943139679,7191,7113,86,0,7027,7029,153207,168,4,0,164,84
2020-12-11,US,Colorado,Mineral,37,1,0,37.66954283,-106.92816979999999,8079.0,0.0,0.0,4811.443433029909,2.702702702702702,36,37,1,0,36,37,776,0,0,0,0,0
2020-12-11,US,Colorado,Moffat,414,15,0,40.61810999,-108.2070876,8081.0,0.0,0.0,3116.7657908604992,3.6231884057971016,399,403,15,0,388,384,13188,11,0,0,11,19
2020-12-11,US,Colorado,Montezuma,962,11,0,37.33859579,-108.59588570000001,8083.0,0.0,0.0,3674.139708971471,1.1434511434511434,951,913,11,0,902,895,26158,49,0,0,49,18
2020-12-11,US,Colorado,Montrose,1532,22,0,38.40214114,-108.26390220000002,8085.0,0.0,0.0,3582.9552364469805,1.4360313315926894,1510,1470,21,0,1449,1436,42214,62,1,0,61,34
2020-12-11,US,Colorado,Morgan,1871,63,0,40.26279810000001,-103.8093302,8087.0,0.0,0.0,6436.631347185908,3.3671833244254414,1808,1848,62,0,1786,1833,28558,23,1,0,22,15
2020-12-11,US,Colorado,Otero,1219,18,0,37.9014485,-103.7173385,8089.0,0.0,0.0,6669.219827114564,1.4766201804758001,1201,1159,16,0,1143,1094,18432,60,2,0,58,65
2020-12-11,US,Colorado,Ouray,133,3,0,38.14717457,-107.7675136,8091.0,0.0,0.0,2685.7835218093696,2.255639097744361,130,135,2,0,133,133,4833,0,1,0,-3,2
2020-12-11,US,Colorado,Park,301,4,0,39.120926000000004,-105.7182065,8093.0,0.0,0.0,1597.2406473865747,1.32890365448505,297,290,4,0,286,286,18556,11,0,0,11,4
2020-12-11,US,Colorado,Phillips,205,3,0,40.59414277,-102.3577703,8095.0,0.0,0.0,4806.565064478312,1.4634146341463414,202,202,3,0,199,202,4286,3,0,0,3,0
2020-12-11,US,Colorado,Pitkin,653,2,0,39.21720112,-106.9310027,8097.0,0.0,0.0,3675.353182867113,0.30627871362940273,651,636,2,0,634,619,17950,17,0,0,17,17
2020-12-11,US,Colorado,Prowers,851,16,0,37.95544985,-102.3926052,8099.0,0.0,0.0,6991.455800197174,1.8801410105757927,835,831,16,0,815,813,12164,20,0,0,20,18
2020-12-11,US,Colorado,Pueblo,11189,211,0,38.17359144,-104.5127437,8101.0,0.0,0.0,6643.352491331401,1.8857806774510681,10978,10946,204,0,10742,10650,167529,243,7,0,236,296
2020-12-11,US,Colorado,Rio Blanco,209,2,0,39.97913541,-108.2179009,8103.0,0.0,0.0,3304.8703352308667,0.9569377990430622,207,207,2,0,205,204,6336,2,0,0,2,3
2020-12-11,US,Colorado,Rio Grande,292,5,0,37.5836865,-106.3847838,8105.0,0.0,0.0,2591.639300612408,1.7123287671232876,287,282,5,0,277,278,11250,10,0,0,10,4
2020-12-11,US,Colorado,Routt,850,16,0,40.48596505,-106.9905548,8107.0,0.0,0.0,3315.391216163507,1.8823529411764703,834,823,16,0,807,818,25733,27,0,0,27,5
2020-12-11,US,Colorado,Saguache,237,4,0,38.08054629,-106.28246599999999,8109.0,0.0,0.0,3473.0363423212193,1.6877637130801688,233,235,4,0,231,232,6843,2,0,0,2,3
2020-12-11,US,Colorado,San Juan,26,0,0,37.76248981,-107.67632890000002,8111.0,0.0,0.0,3571.4285714285716,0.0,26,25,0,0,25,26,762,1,0,0,1,0
2020-12-11,US,Colorado,San Miguel,269,0,0,38.00450883,-108.4020725,8113.0,0.0,0.0,3288.9106247707546,0.0,269,264,0,0,264,251,8191,5,0,0,5,13
2020-12-11,US,Colorado,Sedgwick,116,2,0,40.87595412,-102.3519227,8115.0,0.0,0.0,5160.142348754448,1.7241379310344829,114,116,2,0,114,116,2303,0,0,0,0,0
2020-12-11,US,Colorado,Summit,1789,5,0,39.63803232,-106.1150762,8117.0,0.0,0.0,5768.920705556093,0.27948574622694244,1784,1776,5,0,1771,1752,31007,13,0,0,13,24
2020-12-11,US,Colorado,Teller,823,6,0,38.88133511,-105.16148929999999,8119.0,0.0,0.0,3241.688986922956,0.7290400972053463,817,784,5,0,779,777,25083,39,1,0,38,7
2020-12-11,US,Colorado,Unassigned,26,0,0,0.0,0.0,90008.0,0.0,0.0,0.0,0.0,26,25,0,0,25,25,,1,0,0,1,0
2020-12-11,US,Colorado,Washington,300,9,0,39.97015535,-103.202587,8121.0,0.0,0.0,6112.469437652811,3.0,291,299,9,0,290,293,4909,1,0,0,1,6
2020-12-11,US,Colorado,Weld,16859,235,0,40.55499405,-104.39296209999999,8123.0,0.0,0.0,5195.5055902764925,1.3939142297882436,16624,16611,227,0,16384,16416,314305,248,8,0,240,195
2020-12-11,US,Colorado,Yuma,427,3,0,40.00346839,-102.4258673,8125.0,0.0,0.0,4261.9023854676125,0.7025761124121779,424,406,3,0,403,394,10020,21,0,0,21,12
2020-12-11,US,Connecticut,Fairfield,46615,1588,0,41.26809896,-73.3881171,9001.0,0.0,0.0,4941.526419118613,3.4066287675640887,45027,45509,1581,0,43928,44980,943823,1106,7,0,1099,529
2020-12-11,US,Connecticut,Hartford,35878,1686,0,41.80283011,-72.73103891,9003.0,0.0,0.0,4023.460279011349,4.69925859858409,34192,35245,1674,0,33571,34516,892697,633,12,0,621,729
2020-12-11,US,Connecticut,Litchfield,5796,186,0,41.7937534,-73.2451475,9005.0,0.0,0.0,3214.054000099816,3.209109730848861,5610,5710,186,0,5524,5569,181111,86,0,0,86,141
2020-12-11,US,Connecticut,Middlesex,4733,216,0,41.45949668,-72.53714864,9007.0,0.0,0.0,2913.7629589499866,4.563701669131629,4517,4620,215,0,4405,4534,162682,113,1,0,112,86
2020-12-11,US,Connecticut,New Haven,37836,1360,0,41.408032500000004,-72.93620426,9009.0,0.0,0.0,4426.521221820939,3.594460302357543,36476,36354,1351,0,35003,35720,857620,1482,9,0,1473,634
2020-12-11,US,Connecticut,New London,7684,195,0,41.48896435,-72.10430976,9011.0,0.0,0.0,2897.370346070601,2.5377407600208226,7489,7485,190,0,7295,7335,266784,199,5,0,194,150
2020-12-11,US,Connecticut,Tolland,3737,89,0,41.85853803,-72.3308481,9013.0,0.0,0.0,2479.4156089728704,2.3815895103023816,3648,3667,89,0,3578,3588,150921,70,0,0,70,79
2020-12-11,US,Connecticut,Unassigned,1055,1,0,0.0,0.0,90009.0,0.0,0.0,0.0,0.0947867298578199,1054,1023,1,0,1022,1016,,32,0,0,32,7
2020-12-11,US,Connecticut,Windham,3427,42,0,41.82972709,-71.98182316,9015.0,0.0,0.0,2934.527581305338,1.225561715786402,3385,3366,40,0,3326,3290,117027,61,2,0,59,76
2020-12-11,US,Delaware,Kent,6706,139,0,39.08646628,-75.56884914,10001.0,0.0,0.0,3709.358025510825,2.072770653146436,6567,6536,139,0,6397,6431,178550,170,0,0,170,105
2020-12-11,US,Delaware,New Castle,25107,398,0,39.57992638,-75.64054974,10003.0,0.0,0.0,4493.398693161379,1.5852152786075595,24709,24705,398,0,24307,24250,559335,402,0,0,402,455
2020-12-11,US,Delaware,Sussex,11912,270,0,38.66143781,-75.39031349,10005.0,0.0,0.0,5085.70818657274,2.2666218938885163,11642,11702,269,0,11433,11618,229286,210,1,0,209,84
2020-12-11,US,Delaware,Unassigned,93,0,0,0.0,0.0,90010.0,0.0,0.0,0.0,0.0,93,93,0,0,93,94,,0,0,0,0,0
2020-12-11,US,District of Columbia,District of Columbia,24357,709,0,38.90417773,-77.01655992,11001.0,0.0,0.0,3451.2269942996727,2.9108675124194283,23648,24098,708,0,23390,23854,702455,259,1,0,258,244
2020-12-11,US,Florida,Alachua,13869,106,0,29.67866525,-82.35928158,12001.0,0.0,0.0,5154.93805822861,0.7642944696805826,13763,13782,106,0,13676,13649,269956,87,0,0,87,133
2020-12-11,US,Florida,Baker,2164,34,0,30.33060121,-82.28467476,12003.0,0.0,0.0,7408.421773365286,1.5711645101663585,2130,2145,34,0,2111,2135,28355,19,0,0,19,10
2020-12-11,US,Florida,Bay,9529,180,0,30.26548745,-85.62122584,12005.0,0.0,0.0,5454.3373114679025,1.8889705110714659,9349,9392,180,0,9212,9344,185287,137,0,0,137,48
2020-12-11,US,Florida,Bradford,1533,22,0,29.95079741,-82.16611613,12007.0,0.0,0.0,5435.977447608241,1.4350945857795172,1511,1521,22,0,1499,1501,27732,12,0,0,12,20
2020-12-11,US,Florida,Brevard,17444,473,0,28.29409504,-80.73091022,12009.0,0.0,0.0,2897.953623438803,2.7115340518229765,16971,17233,465,0,16768,17077,596849,211,8,0,203,156
2020-12-11,US,Florida,Broward,118512,1728,0,26.15184651,-80.48725556,12011.0,0.0,0.0,6068.892623739104,1.4580801944106927,116784,117525,1721,0,115804,116428,1951260,987,7,0,980,1097
2020-12-11,US,Florida,Calhoun,977,23,0,30.40666734,-85.19394153,12013.0,0.0,0.0,6926.621765331442,2.3541453428863868,954,965,22,0,943,949,14587,12,1,0,11,16
2020-12-11,US,Florida,Charlotte,5923,208,0,26.90131002,-81.92949121,12015.0,0.0,0.0,3135.3554602720874,3.5117339186223195,5715,5840,207,0,5633,5746,184998,83,1,0,82,94
2020-12-11,US,Florida,Citrus,5427,203,0,28.84804315,-82.47614748,12017.0,0.0,0.0,3626.2921213174127,3.7405564768748847,5224,5350,188,0,5162,5304,147929,77,15,0,62,46
2020-12-11,US,Florida,Clay,8961,165,0,29.98319144,-81.85609986,12019.0,0.0,0.0,4087.077882983964,1.841312353531972,8796,8870,162,0,8708,8810,216072,91,3,0,88,60
2020-12-11,US,Florida,Collier,19684,306,0,26.11091986,-81.34687065,12021.0,0.0,0.0,5114.029025570146,1.5545620808778704,19378,19496,303,0,19193,19351,378488,188,3,0,185,145
2020-12-11,US,Florida,Columbia,5055,103,0,30.22509788,-82.62160164,12023.0,0.0,0.0,7051.58608375415,2.0375865479723045,4952,5031,103,0,4928,5004,70503,24,0,0,24,27
2020-12-11,US,Florida,DeSoto,2577,43,0,27.18677893,-81.80941373,12027.0,0.0,0.0,6781.400489460803,1.6686069072564995,2534,2565,41,0,2524,2551,37489,12,2,0,10,14
2020-12-11,US,Florida,Dixie,996,11,0,29.60631086,-83.15724673,12029.0,0.0,0.0,5919.410436229645,1.104417670682731,985,993,11,0,982,992,16700,3,0,0,3,1
2020-12-11,US,Florida,Duval,49320,676,0,30.33225875,-81.66976468,12031.0,0.0,0.0,5149.542419512297,1.3706407137064072,48644,48732,664,0,48068,48250,950181,588,12,0,576,482
2020-12-11,US,Florida,Escambia,18427,328,0,30.67652764,-87.37284571,12033.0,0.0,0.0,5788.901594641802,1.7799967439083952,18099,18238,328,0,17910,17965,315534,189,0,0,189,273
2020-12-11,US,Florida,Flagler,2995,46,0,29.45933576,-81.31508595,12035.0,0.0,0.0,2602.514750480097,1.535893155258765,2949,2968,46,0,2922,2945,112067,27,0,0,27,23
2020-12-11,US,Florida,Franklin,843,4,0,29.83791238,-84.82731662,12037.0,0.0,0.0,6952.577319587629,0.4744958481613286,839,842,4,0,838,843,11736,1,0,0,1,0
2020-12-11,US,Florida,Gadsden,3487,58,0,30.57796289,-84.61915825,12039.0,0.0,0.0,7636.881296539641,1.6633209062231145,3429,3463,58,0,3405,3444,45894,24,0,0,24,19
2020-12-11,US,Florida,Gilchrist,848,20,0,29.72856978,-82.79880657,12041.0,0.0,0.0,4563.556129587772,2.358490566037736,828,840,20,0,820,836,18256,8,0,0,8,4
2020-12-11,US,Florida,Glades,713,11,0,26.95635849,-81.18996211,12043.0,0.0,0.0,5162.551589312867,1.5427769985974755,702,712,11,0,701,711,13724,1,0,0,1,1
2020-12-11,US,Florida,Gulf,1129,24,0,29.93543004,-85.24270990000002,12045.0,0.0,0.0,8277.732971625486,2.1257750221434897,1105,1125,24,0,1101,1113,16164,4,0,0,4,12
2020-12-11,US,Florida,Hamilton,1044,12,0,30.49673973,-82.94998918,12047.0,0.0,0.0,7235.930135846964,1.1494252873563218,1032,1042,12,0,1030,1038,14310,2,0,0,2,4
2020-12-11,US,Florida,Hardee,1851,20,0,27.49293939,-81.80956574,12049.0,0.0,0.0,6871.5892638378455,1.0804970286331712,1831,1838,20,0,1818,1826,27245,13,0,0,13,12
2020-12-11,US,Florida,Hendry,2714,45,0,26.55386945,-81.16469006,12051.0,0.0,0.0,6458.521726714576,1.658069270449521,2669,2695,45,0,2650,2667,41556,19,0,0,19,28
2020-12-11,US,Florida,Hernando,5777,240,0,28.55364461,-82.42700204,12053.0,0.0,0.0,2979.0635313531347,4.154405400727022,5537,5692,238,0,5454,5602,190865,85,2,0,83,90
2020-12-11,US,Florida,Highlands,4233,180,0,27.34254618,-81.34071957,12055.0,0.0,0.0,3985.0876945236814,4.2523033309709435,4053,4178,180,0,3998,4133,105424,55,0,0,55,45
2020-12-11,US,Florida,Hillsborough,64281,984,0,27.9276559,-82.32013172,12057.0,0.0,0.0,4367.010695884693,1.5307789237877445,63297,63339,977,0,62362,62439,1436888,942,7,0,935,900
2020-12-11,US,Florida,Holmes,1305,17,0,30.86747479,-85.81319222,12059.0,0.0,0.0,6652.39333231381,1.3026819923371646,1288,1293,17,0,1276,1276,19477,12,0,0,12,17
2020-12-11,US,Florida,Indian River,5456,144,0,27.69308961,-80.60556721,12061.0,0.0,0.0,3411.6418526415837,2.6392961876832843,5312,5417,143,0,5274,5372,157413,39,1,0,38,45
2020-12-11,US,Florida,Jackson,4104,102,0,30.795459700000002,-85.21500423,12063.0,0.0,0.0,8842.159693196018,2.4853801169590644,4002,4082,102,0,3980,4053,48305,22,0,0,22,29
2020-12-11,US,Florida,Jefferson,826,12,0,30.43669112,-83.89442308,12065.0,0.0,0.0,5798.118770181103,1.452784503631961,814,816,12,0,804,815,14288,10,0,0,10,1
2020-12-11,US,Florida,Lafayette,1381,20,0,29.98484137,-83.18166636,12067.0,0.0,0.0,16397.530277843744,1.448225923244026,1361,1381,20,0,1361,1371,8732,0,0,0,0,10
2020-12-11,US,Florida,Lake,11985,267,0,28.76202069,-81.7125123,12069.0,0.0,0.0,3264.617915765504,2.2277847309136423,11718,11798,265,0,11533,11638,356495,187,2,0,185,160
2020-12-11,US,Florida,Lee,33829,610,0,26.58410348,-81.88399313,12071.0,0.0,0.0,4390.086908900733,1.8031866150344384,33219,33431,610,0,32821,33132,754610,398,0,0,398,299
2020-12-11,US,Florida,Leon,16612,154,0,30.45955727,-84.27491114,12073.0,0.0,0.0,5658.385050854617,0.9270406934745968,16458,16462,153,0,16309,16290,292502,150,1,0,149,172
2020-12-11,US,Florida,Levy,1558,16,0,29.31829741,-82.74007147,12075.0,0.0,0.0,3753.945497915813,1.0269576379974326,1542,1542,16,0,1526,1524,40770,16,0,0,16,18
2020-12-11,US,Florida,Liberty,642,14,0,30.23766008,-84.8829258,12077.0,0.0,0.0,7684.9413454632495,2.1806853582554515,628,638,14,0,624,632,8457,4,0,0,4,6
2020-12-11,US,Florida,Madison,1392,28,0,30.44396917,-83.47398594,12079.0,0.0,0.0,7527.172443627319,2.0114942528735638,1364,1378,28,0,1350,1365,18529,14,0,0,14,13
2020-12-11,US,Florida,Manatee,18512,394,0,27.47196942,-82.31831044,12081.0,0.0,0.0,4590.666405457616,2.1283491789109767,18118,18351,393,0,17958,18182,394855,161,1,0,160,169
2020-12-11,US,Florida,Marion,14598,413,0,29.21227113,-82.05803627,12083.0,0.0,0.0,3993.117766611321,2.8291546787231128,14185,14424,413,0,14011,14246,359977,174,0,0,174,178
2020-12-11,US,Florida,Martin,6761,186,0,27.0772071,-80.43109784,12085.0,0.0,0.0,4199.378881987577,2.7510723265789085,6575,6710,185,0,6525,6649,160912,51,1,0,50,61
2020-12-11,US,Florida,Miami-Dade,253403,3959,0,25.6112362,-80.55170587,12086.0,0.0,0.0,9326.779391521344,1.562333516177788,249444,251283,3943,0,247340,249043,2761581,2120,16,0,2104,2240
2020-12-11,US,Florida,Monroe,3770,28,0,25.20904673,-81.07812416,12087.0,0.0,0.0,5078.945950315245,0.7427055702917772,3742,3730,28,0,3702,3663,75027,40,0,0,40,67
2020-12-11,US,Florida,Nassau,3629,62,0,30.61037141,-81.80297522,12089.0,0.0,0.0,4094.7813822284907,1.7084596307522733,3567,3582,61,0,3521,3543,85832,47,1,0,46,39
2020-12-11,US,Florida,Okaloosa,10472,183,0,30.69143028,-86.59267105,12091.0,0.0,0.0,4969.203465915022,1.7475171886936594,10289,10326,176,0,10150,10204,207269,146,7,0,139,122
2020-12-11,US,Florida,Okeechobee,2147,45,0,27.386336199999995,-80.88944347,12093.0,0.0,0.0,5091.538607474862,2.0959478341872377,2102,2137,45,0,2092,2128,41537,10,0,0,10,9
2020-12-11,US,Florida,Orange,62522,678,0,28.51367621,-81.31799498,12095.0,0.0,0.0,4486.8427473640995,1.0844182847637631,61844,61697,677,0,61020,61055,1380645,825,1,0,824,642
2020-12-11,US,Florida,Osceola,21056,266,0,28.06312234,-81.14882926,12097.0,0.0,0.0,5603.710968167749,1.2632978723404256,20790,20818,266,0,20552,20545,367990,238,0,0,238,273
2020-12-11,US,Florida,Palm Beach,71691,1766,0,26.64676272,-80.46536002,12099.0,0.0,0.0,4789.713850491392,2.463349653373505,69925,70966,1756,0,69210,70314,1485941,725,10,0,715,652
2020-12-11,US,Florida,Pasco,17315,312,0,28.30810945,-82.40227529,12101.0,0.0,0.0,3125.7502974111244,1.8019058619693904,17003,16988,311,0,16677,16716,539630,327,1,0,326,272
2020-12-11,US,Florida,Pinellas,36962,943,0,27.93130349,-82.72239666,12103.0,0.0,0.0,3790.9899117534837,2.551268870732103,36019,36426,942,0,35484,35883,975280,536,1,0,535,543
2020-12-11,US,Florida,Polk,30628,721,0,27.95027105,-81.69732947,12105.0,0.0,0.0,4225.8515377833455,2.354055112968525,29907,30365,717,0,29648,29938,708009,263,4,0,259,427
2020-12-11,US,Florida,Putnam,3148,62,0,29.60779729,-81.74230285,12107.0,0.0,0.0,4224.31260986836,1.9695044472681067,3086,3094,62,0,3032,3047,74163,54,0,0,54,47
2020-12-11,US,Florida,Santa Rosa,8619,110,0,30.69341450000001,-87.02458128,12113.0,0.0,0.0,4676.284364098029,1.2762501450284256,8509,8481,109,0,8372,8298,179349,138,1,0,137,183
2020-12-11,US,Florida,Sarasota,15527,427,0,27.18546175,-82.33174248,12115.0,0.0,0.0,3579.7778402829326,2.750048302956141,15100,15342,421,0,14921,15168,426718,185,6,0,179,174
2020-12-11,US,Florida,Seminole,14982,294,0,28.7158582,-81.24060348,12117.0,0.0,0.0,3175.3231063993926,1.9623548257909489,14688,14765,291,0,14474,14603,467832,217,3,0,214,162
2020-12-11,US,Florida,St. Johns,10080,104,0,29.90096506,-81.43589967,12109.0,0.0,0.0,3808.487486398259,1.031746031746032,9976,9942,103,0,9839,9852,254261,138,1,0,137,90
2020-12-11,US,Florida,St. Lucie,11869,377,0,27.37763908,-80.47106649,12111.0,0.0,0.0,3615.323929246993,3.176341730558598,11492,11738,377,0,11361,11624,321128,131,0,0,131,114
2020-12-11,US,Florida,Sumter,3947,102,0,28.70181754,-82.0794267,12119.0,0.0,0.0,2980.6675728741884,2.5842411958449456,3845,3893,101,0,3792,3844,128754,54,1,0,53,49
2020-12-11,US,Florida,Suwannee,3496,87,0,30.19746066,-82.99099670000003,12121.0,0.0,0.0,7870.86025620821,2.488558352402746,3409,3478,87,0,3391,3459,44191,18,0,0,18,19
2020-12-11,US,Florida,Taylor,1744,23,0,30.04848048,-83.60445406,12123.0,0.0,0.0,8085.6785200982895,1.3188073394495412,1721,1723,22,0,1701,1713,21623,21,1,0,20,10
2020-12-11,US,Florida,Unassigned,3088,0,0,0.0,0.0,90012.0,0.0,0.0,0.0,0.0,3088,3025,0,0,3025,3008,,63,0,0,63,17
2020-12-11,US,Florida,Union,1293,61,0,30.04412971,-82.37497443,12125.0,0.0,0.0,8485.922425674346,4.717710750193349,1232,1285,61,0,1224,1279,14940,8,0,0,8,6
2020-12-11,US,Florida,Volusia,18239,389,0,29.05858895,-81.18263252,12127.0,0.0,0.0,3296.49872398262,2.132792368002632,17850,18042,388,0,17654,17875,547538,197,1,0,196,167
2020-12-11,US,Florida,Wakulla,1774,18,0,30.16548905,-84.39895211,12129.0,0.0,0.0,5258.010018079965,1.0146561443066515,1756,1762,18,0,1744,1752,32461,12,0,0,12,10
2020-12-11,US,Florida,Walton,4086,40,0,30.64204028,-86.16935664,12131.0,0.0,0.0,5516.328927650498,0.9789525208027412,4046,4054,39,0,4015,4000,71375,32,1,0,31,54
2020-12-11,US,Florida,Washington,1635,27,0,30.61359259,-85.66002461,12133.0,0.0,0.0,6418.5608291131775,1.6513761467889911,1608,1620,27,0,1593,1610,24880,15,0,0,15,10
2020-12-11,US,Georgia,Appling,1406,42,0,31.74847232,-82.28909114,13001.0,0.0,0.0,7647.12281083433,2.9871977240398286,1364,1391,42,0,1349,1378,18507,15,0,0,15,13
2020-12-11,US,Georgia,Atkinson,639,9,0,31.29633502,-82.87545866,13003.0,0.0,0.0,7826.086956521741,1.4084507042253518,630,631,9,0,622,629,8297,8,0,0,8,2
2020-12-11,US,Georgia,Bacon,805,24,0,31.55456473,-82.45936528,13005.0,0.0,0.0,7210.677176639198,2.9813664596273286,781,793,24,0,769,779,11185,12,0,0,12,14
2020-12-11,US,Georgia,Baker,138,6,0,31.32669878,-84.44218806,13007.0,0.0,0.0,4542.462146148781,4.3478260869565215,132,133,6,0,127,130,3092,5,0,0,5,3
2020-12-11,US,Georgia,Baldwin,2813,74,0,33.06882326,-83.24701748,13009.0,0.0,0.0,6266.429048785921,2.6306434411660153,2739,2800,73,0,2727,2787,44823,13,1,0,12,13
2020-12-11,US,Georgia,Banks,947,13,0,34.35607081,-83.49644388,13011.0,0.0,0.0,4923.572839762921,1.372756071805702,934,931,13,0,918,913,18988,16,0,0,16,18
2020-12-11,US,Georgia,Barrow,4040,60,0,33.99148694,-83.71436292,13013.0,0.0,0.0,4853.435848149928,1.4851485148514851,3980,3975,60,0,3915,3902,80809,65,0,0,65,73
2020-12-11,US,Georgia,Bartow,6044,111,0,34.23732119,-84.83887523,13015.0,0.0,0.0,5609.905511518684,1.8365320979483784,5933,5966,111,0,5855,5836,106408,78,0,0,78,130
2020-12-11,US,Georgia,Ben Hill,1177,40,0,31.76095874,-83.22145359,13017.0,0.0,0.0,7047.904191616766,3.398470688190314,1137,1169,40,0,1129,1144,16787,8,0,0,8,25
2020-12-11,US,Georgia,Berrien,824,29,0,31.27590016,-83.22529920000002,13019.0,0.0,0.0,4248.079599938134,3.5194174757281558,795,817,29,0,788,809,19252,7,0,0,7,8
2020-12-11,US,Georgia,Bibb,8437,247,0,32.80904227,-83.70489165,13021.0,0.0,0.0,5508.654404899484,2.9275808936825887,8190,8355,244,0,8111,8255,153095,82,3,0,79,100
2020-12-11,US,Georgia,Bleckley,760,33,0,32.43829035,-83.33035166,13023.0,0.0,0.0,5903.829721121729,4.342105263157896,727,751,33,0,718,748,12838,9,0,0,9,3
2020-12-11,US,Georgia,Brantley,872,19,0,31.19576557,-81.97743999,13025.0,0.0,0.0,4563.29478256319,2.1788990825688077,853,868,19,0,849,850,18897,4,0,0,4,18
2020-12-11,US,Georgia,Brooks,814,30,0,30.83922642,-83.58303423,13027.0,0.0,0.0,5266.222423497445,3.6855036855036856,784,800,30,0,770,784,15513,14,0,0,14,16
2020-12-11,US,Georgia,Bryan,1618,18,0,32.00979311,-81.44002948,13029.0,0.0,0.0,4083.074671309965,1.112484548825711,1600,1610,18,0,1592,1595,38109,8,0,0,8,15
2020-12-11,US,Georgia,Bulloch,3930,56,0,32.39577406,-81.74811421,13031.0,0.0,0.0,4936.689779921616,1.4249363867684484,3874,3901,56,0,3845,3887,77296,29,0,0,29,14
2020-12-11,US,Georgia,Burke,1355,16,0,33.05917989,-81.99928721,13033.0,0.0,0.0,6053.701469865522,1.1808118081180812,1339,1349,16,0,1333,1334,22423,6,0,0,6,15
2020-12-11,US,Georgia,Butts,1260,47,0,33.283094500000004,-83.95435040000002,13035.0,0.0,0.0,5052.935514918189,3.73015873015873,1213,1241,47,0,1194,1223,24193,19,0,0,19,18
2020-12-11,US,Georgia,Calhoun,343,11,0,31.53169785,-84.62725131,13037.0,0.0,0.0,5542.090806269187,3.206997084548105,332,343,11,0,332,332,6352,0,0,0,0,11
2020-12-11,US,Georgia,Camden,2056,21,0,30.92951916,-81.66601818,13039.0,0.0,0.0,3761.021475871657,1.0214007782101169,2035,2030,21,0,2009,1989,53677,26,0,0,26,41
2020-12-11,US,Georgia,Candler,625,35,0,32.40209349,-82.07702563,13043.0,0.0,0.0,5785.429973155606,5.6,590,624,35,0,589,621,10836,1,0,0,1,3
2020-12-11,US,Georgia,Carroll,6425,103,0,33.58138199,-85.07976677,13045.0,0.0,0.0,5354.523634908994,1.603112840466926,6322,6347,103,0,6244,6181,118121,78,0,0,78,166
2020-12-11,US,Georgia,Catoosa,2544,35,0,34.89872298,-85.13757014,13047.0,0.0,0.0,3764.4273453684523,1.3757861635220126,2509,2496,35,0,2461,2444,67420,48,0,0,48,52
2020-12-11,US,Georgia,Charlton,870,19,0,30.78371028,-82.13951596,13049.0,0.0,0.0,6496.415770609319,2.183908045977012,851,859,19,0,840,851,12968,11,0,0,11,8
2020-12-11,US,Georgia,Chatham,11708,220,0,32.00043026,-81.12489526,13051.0,0.0,0.0,4045.1922744705107,1.8790570550051249,11488,11622,215,0,11407,11535,289195,86,5,0,81,87
2020-12-11,US,Georgia,Chattahoochee,2129,3,0,32.34341231,-84.78809239,13053.0,0.0,0.0,19519.574585128816,0.14091122592766558,2126,2117,3,0,2114,2102,10684,12,0,0,12,15
2020-12-11,US,Georgia,Chattooga,1438,38,0,34.47197698,-85.34535662,13055.0,0.0,0.0,5800.960103271613,2.642559109874826,1400,1421,38,0,1383,1376,24790,17,0,0,17,45
2020-12-11,US,Georgia,Cherokee,12284,119,0,34.24393976,-84.47431861,13057.0,0.0,0.0,4747.0176564015555,0.9687398241615108,12165,12122,119,0,12003,11947,254149,162,0,0,162,175
2020-12-11,US,Georgia,Clarke,8738,58,0,33.95436462,-83.37124007,13059.0,0.0,0.0,6808.954968012406,0.6637674525062943,8680,8646,57,0,8589,8571,127330,92,1,0,91,75
2020-12-11,US,Georgia,Clay,157,3,0,31.62221166,-84.97713865,13061.0,0.0,0.0,5539.8729710656335,1.9108280254777068,154,157,3,0,154,151,2887,0,0,0,0,6
2020-12-11,US,Georgia,Clayton,11808,212,0,33.54187245,-84.35594188,13063.0,0.0,0.0,4040.2934413664734,1.7953929539295392,11596,11677,212,0,11465,11458,289615,131,0,0,131,219
2020-12-11,US,Georgia,Clinch,550,14,0,30.91395822,-82.70432472,13065.0,0.0,0.0,8310.667875491084,2.5454545454545454,536,548,13,0,535,544,6648,2,1,0,1,4
2020-12-11,US,Georgia,Cobb,34198,532,0,33.94243204,-84.5761255,13067.0,0.0,0.0,4498.902177359199,1.5556465290367858,33666,33719,530,0,33189,33230,756865,479,2,0,477,489
2020-12-11,US,Georgia,Coffee,3349,81,0,31.54892966,-82.85492059999999,13069.0,0.0,0.0,7739.2369375823255,2.418632427590325,3268,3305,81,0,3224,3274,43093,44,0,0,44,31
2020-12-11,US,Georgia,Colquitt,2786,51,0,31.18810588,-83.7677946,13071.0,0.0,0.0,6109.649122807016,1.8305814788226848,2735,2776,51,0,2725,2751,45592,10,0,0,10,25
2020-12-11,US,Georgia,Columbia,7582,89,0,33.54534185,-82.263524,13073.0,0.0,0.0,4838.11274040609,1.1738327618042732,7493,7464,88,0,7376,7323,154291,118,1,0,117,141
2020-12-11,US,Georgia,Cook,1006,20,0,31.16068491,-83.42947229,13075.0,0.0,0.0,5825.13028372901,1.9880715705765408,986,995,20,0,975,988,17162,11,0,0,11,7
2020-12-11,US,Georgia,Coweta,6392,77,0,33.35334302,-84.76129976,13077.0,0.0,0.0,4304.116248846871,1.2046307884856071,6315,6281,76,0,6205,6156,145864,111,1,0,110,125
2020-12-11,US,Georgia,Crawford,292,8,0,32.71391813,-83.98061238,13079.0,0.0,0.0,2354.0793292486296,2.7397260273972597,284,289,8,0,281,284,12318,3,0,0,3,5
2020-12-11,US,Georgia,Crisp,1067,36,0,31.92289565,-83.76811843,13081.0,0.0,0.0,4769.3545503307705,3.373945641986879,1031,1029,36,0,993,1010,22601,38,0,0,38,19
2020-12-11,US,Georgia,Dade,628,8,0,34.854916700000004,-85.50490424,13083.0,0.0,0.0,3896.748572846861,1.2738853503184713,620,615,8,0,607,608,16226,13,0,0,13,7
2020-12-11,US,Georgia,Dawson,1353,11,0,34.44244079,-84.16964071,13085.0,0.0,0.0,5182.319595526275,0.8130081300813008,1342,1330,11,0,1319,1310,25083,23,0,0,23,20
2020-12-11,US,Georgia,DeKalb,31061,491,0,33.76944049,-84.22396017,13089.0,0.0,0.0,4090.757635022922,1.5807604391358938,30570,30736,488,0,30248,30346,756558,325,3,0,322,390
2020-12-11,US,Georgia,Decatur,1718,47,0,30.87967778,-84.57619536,13087.0,0.0,0.0,6506.589910619603,2.735739231664726,1671,1711,47,0,1664,1694,26575,7,0,0,7,17
2020-12-11,US,Georgia,Dodge,1145,56,0,32.17265114,-83.16948926,13091.0,0.0,0.0,5556.903664159185,4.890829694323143,1089,1142,56,0,1086,1138,20705,3,0,0,3,4
2020-12-11,US,Georgia,Dooly,554,21,0,32.15630737,-83.79746561,13093.0,0.0,0.0,4137.415982076176,3.790613718411553,533,541,21,0,520,532,13706,13,0,0,13,9
2020-12-11,US,Georgia,Dougherty,4093,206,0,31.53328528,-84.21722377,13095.0,0.0,0.0,4653.463095183955,5.0329831419496704,3887,4053,205,0,3848,3997,91243,40,1,0,39,56
2020-12-11,US,Georgia,Douglas,6602,102,0,33.70291126,-84.77026156,13097.0,0.0,0.0,4511.31929781404,1.5449863677673432,6500,6511,101,0,6410,6421,145331,91,1,0,90,90
2020-12-11,US,Georgia,Early,730,38,0,31.32155345,-84.90255207,13099.0,0.0,0.0,7163.88616290481,5.205479452054795,692,727,38,0,689,716,10247,3,0,0,3,11
2020-12-11,US,Georgia,Echols,319,3,0,30.71101099,-82.89687287,13101.0,0.0,0.0,7963.055416874688,0.9404388714733544,316,317,3,0,314,311,4000,2,0,0,2,6
2020-12-11,US,Georgia,Effingham,2314,34,0,32.36616021,-81.34280942,13103.0,0.0,0.0,3598.9797188005473,1.4693171996542782,2280,2313,34,0,2279,2294,62190,1,0,0,1,19
2020-12-11,US,Georgia,Elbert,1348,31,0,34.11302332,-82.83936148,13105.0,0.0,0.0,7023.0280295925795,2.2997032640949557,1317,1333,30,0,1303,1309,19120,15,1,0,14,24
2020-12-11,US,Georgia,Emanuel,1514,48,0,32.59221302,-82.30239915,13107.0,0.0,0.0,6685.50737437075,3.170409511228533,1466,1502,48,0,1454,1493,22612,12,0,0,12,9
2020-12-11,US,Georgia,Evans,573,13,0,32.15328841,-81.8870105,13109.0,0.0,0.0,5378.261685751832,2.2687609075043635,560,573,13,0,560,570,10721,0,0,0,0,3
2020-12-11,US,Georgia,Fannin,1161,38,0,34.86430205,-84.316964,13111.0,0.0,0.0,4433.328241942874,3.2730404823428083,1123,1146,38,0,1108,1134,25964,15,0,0,15,12
2020-12-11,US,Georgia,Fayette,3819,65,0,33.41357794,-84.49089434,13113.0,0.0,0.0,3337.6740283689182,1.7020162346163916,3754,3783,65,0,3718,3706,113459,36,0,0,36,77
2020-12-11,US,Georgia,Floyd,6343,99,0,34.26268279,-85.21577392,13115.0,0.0,0.0,6439.724664460192,1.5607756582058965,6244,6286,98,0,6188,6172,97927,57,1,0,56,114
2020-12-11,US,Georgia,Forsyth,8128,67,0,34.22604035,-84.12315129999998,13117.0,0.0,0.0,3327.710724988946,0.8243110236220472,8061,8003,66,0,7937,7860,236612,125,1,0,124,143
2020-12-11,US,Georgia,Franklin,1410,25,0,34.37525597,-83.23159927,13119.0,0.0,0.0,6038.802518309135,1.7730496453900708,1385,1384,25,0,1359,1364,23023,26,0,0,26,20
2020-12-11,US,Georgia,Fulton,45902,745,0,33.79216944,-84.46319413,13121.0,0.0,0.0,4314.353199484556,1.6230229619624417,45157,45471,738,0,44733,44901,1050114,431,7,0,424,570
2020-12-11,US,Georgia,Gilmer,1460,33,0,34.69316688,-84.45802506,13123.0,0.0,0.0,4654.276515030763,2.2602739726027403,1427,1436,33,0,1403,1410,30816,24,0,0,24,26
2020-12-11,US,Georgia,Glascock,89,2,0,33.22879932,-82.61297636,13125.0,0.0,0.0,2995.6243688993604,2.247191011235955,87,88,2,0,86,87,2995,1,0,0,1,1
2020-12-11,US,Georgia,Glynn,4551,128,0,31.23279254,-81.53811412,13127.0,0.0,0.0,5335.787647141584,2.812568666227203,4423,4534,127,0,4407,4497,85219,17,1,0,16,37
2020-12-11,US,Georgia,Gordon,3958,60,0,34.50487351,-84.87296253,13129.0,0.0,0.0,6828.494039300934,1.5159171298635674,3898,3905,60,0,3845,3841,57685,53,0,0,53,64
2020-12-11,US,Georgia,Grady,1093,31,0,30.87454847,-84.23418364,13131.0,0.0,0.0,4437.137173710064,2.8362305580969807,1062,1087,31,0,1056,1074,24748,6,0,0,6,13
2020-12-11,US,Georgia,Greene,814,28,0,33.5769205,-83.17139104,13133.0,0.0,0.0,4442.261514953067,3.43980343980344,786,807,28,0,779,798,17698,7,0,0,7,9
2020-12-11,US,Georgia,Gwinnett,45489,560,0,33.96044201,-84.02137802,13135.0,0.0,0.0,4858.638184245661,1.2310668513266945,44929,45002,557,0,44445,44287,927781,487,3,0,484,715
2020-12-11,US,Georgia,Habersham,2748,84,0,34.63331566,-83.53094677,13137.0,0.0,0.0,6062.477938581011,3.056768558951965,2664,2710,84,0,2626,2658,45388,38,0,0,38,52
2020-12-11,US,Georgia,Hall,14589,209,0,34.32207823,-83.81896936,13139.0,0.0,0.0,7136.044139874096,1.4325861950784835,14380,14408,209,0,14199,14103,202148,181,0,0,181,305
2020-12-11,US,Georgia,Hancock,547,46,0,33.2721566,-82.99766919,13141.0,0.0,0.0,6468.014662409838,8.409506398537477,501,544,46,0,498,540,8348,3,0,0,3,4
2020-12-11,US,Georgia,Haralson,1526,30,0,33.79602175,-85.21005667,13143.0,0.0,0.0,5122.1804511278215,1.965923984272608,1496,1511,30,0,1481,1471,29533,15,0,0,15,40
2020-12-11,US,Georgia,Harris,1142,28,0,32.73709786,-84.90538572,13145.0,0.0,0.0,3241.0035191281645,2.4518388791593697,1114,1133,28,0,1105,1118,34475,9,0,0,9,15
2020-12-11,US,Georgia,Hart,1049,30,0,34.34626973,-82.96567682,13147.0,0.0,0.0,4003.052852509063,2.8598665395614877,1019,1026,29,0,997,1008,26099,23,1,0,22,18
2020-12-11,US,Georgia,Heard,488,8,0,33.29686567,-85.12886832,13149.0,0.0,0.0,4092.929631804076,1.639344262295082,480,476,8,0,468,453,11879,12,0,0,12,23
2020-12-11,US,Georgia,Henry,10158,146,0,33.4533428,-84.14814659999998,13151.0,0.0,0.0,4330.6432015552455,1.4372908052766291,10012,10038,145,0,9893,9867,230220,120,1,0,119,171
2020-12-11,US,Georgia,Houston,5667,112,0,32.45802497,-83.66879087,13153.0,0.0,0.0,3589.821554132381,1.976354332098112,5555,5583,112,0,5471,5482,155469,84,0,0,84,101
2020-12-11,US,Georgia,Irwin,495,15,0,31.60213036,-83.27501387,13155.0,0.0,0.0,5257.009345794392,3.0303030303030303,480,492,15,0,477,483,9398,3,0,0,3,9
2020-12-11,US,Georgia,Jackson,4101,61,0,34.13794553,-83.56814788,13157.0,0.0,0.0,5619.578771393727,1.4874420872957814,4040,4012,60,0,3952,3922,70422,89,1,0,88,90
2020-12-11,US,Georgia,Jasper,602,7,0,33.31535543,-83.68844964,13159.0,0.0,0.0,4233.771713903931,1.162790697674419,595,593,7,0,586,583,14040,9,0,0,9,10
2020-12-11,US,Georgia,Jeff Davis,1042,34,0,31.80405727,-82.63724870000001,13161.0,0.0,0.0,6893.814091961627,3.2629558541266794,1008,1033,34,0,999,1019,15029,9,0,0,9,14
2020-12-11,US,Georgia,Jefferson,1096,40,0,33.05867328,-82.41609057,13163.0,0.0,0.0,7134.487696914464,3.6496350364963503,1056,1080,40,0,1040,1066,15430,16,0,0,16,14
2020-12-11,US,Georgia,Jenkins,509,34,0,32.79248718,-81.96040187,13165.0,0.0,0.0,5866.758875057631,6.679764243614931,475,507,34,0,473,505,8683,2,0,0,2,2
2020-12-11,US,Georgia,Johnson,554,32,0,32.70211082,-82.66166794,13167.0,0.0,0.0,5745.100072591517,5.776173285198556,522,548,32,0,516,544,9708,6,0,0,6,4
2020-12-11,US,Georgia,Jones,889,24,0,33.02512137,-83.56019163,13169.0,0.0,0.0,3093.7880633373934,2.6996625421822267,865,878,24,0,854,867,28616,11,0,0,11,11
2020-12-11,US,Georgia,Lamar,825,29,0,33.07841647,-84.14263877,13171.0,0.0,0.0,4324.579336373644,3.515151515151515,796,810,29,0,781,792,19000,15,0,0,15,18
2020-12-11,US,Georgia,Lanier,422,10,0,31.03828570000001,-83.06472457,13173.0,0.0,0.0,4048.7383670728204,2.3696682464454977,412,421,10,0,411,420,10340,1,0,0,1,1
2020-12-11,US,Georgia,Laurens,2883,120,0,32.46325233,-82.92221316,13175.0,0.0,0.0,6063.601564800404,4.162330905306972,2763,2856,119,0,2737,2828,47325,27,1,0,26,28
2020-12-11,US,Georgia,Lee,1155,33,0,31.779330600000005,-84.14324253,13177.0,0.0,0.0,3851.026940517471,2.8571428571428568,1122,1133,33,0,1100,1112,29764,22,0,0,22,21
2020-12-11,US,Georgia,Liberty,1689,30,0,31.82588896,-81.49251135,13179.0,0.0,0.0,2749.247171807601,1.7761989342806397,1659,1678,30,0,1648,1664,61497,11,0,0,11,14
2020-12-11,US,Georgia,Lincoln,360,11,0,33.79201475,-82.45024131,13181.0,0.0,0.0,4544.880696881707,3.055555555555556,349,355,11,0,344,349,7915,5,0,0,5,6
2020-12-11,US,Georgia,Long,369,5,0,31.75218791,-81.74952375,13183.0,0.0,0.0,1886.5995194028326,1.3550135501355014,364,366,5,0,361,358,18998,3,0,0,3,8
2020-12-11,US,Georgia,Lowndes,7073,131,0,30.83568832,-83.27056716,13185.0,0.0,0.0,6024.393983271722,1.8521136717093167,6942,6998,130,0,6868,6914,116321,75,1,0,74,84
2020-12-11,US,Georgia,Lumpkin,1483,20,0,34.57286511,-84.00425681,13187.0,0.0,0.0,4412.37726867004,1.3486176668914365,1463,1449,20,0,1429,1411,32955,34,0,0,34,38
2020-12-11,US,Georgia,Macon,383,16,0,32.35207048,-84.04234127,13193.0,0.0,0.0,2958.2142581292965,4.1775456919060066,367,380,16,0,364,374,13143,3,0,0,3,6
2020-12-11,US,Georgia,Madison,1393,21,0,34.12920917,-83.21218732,13195.0,0.0,0.0,4661.981258366801,1.5075376884422111,1372,1374,21,0,1353,1351,29650,19,0,0,19,23
2020-12-11,US,Georgia,Marion,259,10,0,32.3483402,-84.52733571,13197.0,0.0,0.0,3098.4567532001433,3.8610038610038613,249,258,10,0,248,258,8351,1,0,0,1,0
2020-12-11,US,Georgia,McDuffie,1077,23,0,33.47851918,-82.48252774,13189.0,0.0,0.0,5053.490990990991,2.1355617455896008,1054,1063,23,0,1040,1046,21531,14,0,0,14,17
2020-12-11,US,Georgia,McIntosh,430,9,0,31.49683595,-81.40163426,13191.0,0.0,0.0,2990.6802058700787,2.0930232558139537,421,431,9,0,422,417,14340,0,0,0,-1,14
2020-12-11,US,Georgia,Meriwether,875,19,0,33.04163534,-84.68859732,13199.0,0.0,0.0,4133.793168611518,2.1714285714285717,856,859,19,0,840,852,21068,16,0,0,16,7
2020-12-11,US,Georgia,Miller,440,3,0,31.16568912,-84.73151117,13201.0,0.0,0.0,7694.998251136762,0.6818181818181818,437,436,3,0,433,428,5686,4,0,0,4,8
2020-12-11,US,Georgia,Mitchell,1096,52,0,31.22483255,-84.19381821,13205.0,0.0,0.0,5013.03572245346,4.744525547445256,1044,1079,52,0,1027,1072,22192,17,0,0,17,7
2020-12-11,US,Georgia,Monroe,1194,62,0,33.014289,-83.92097166,13207.0,0.0,0.0,4329.538037566176,5.192629815745394,1132,1180,62,0,1118,1155,27520,14,0,0,14,25
2020-12-11,US,Georgia,Montgomery,449,10,0,32.17201038,-82.53527476,13209.0,0.0,0.0,4895.333624073266,2.2271714922049,439,446,10,0,436,444,9193,3,0,0,3,2
2020-12-11,US,Georgia,Morgan,902,8,0,33.59232073,-83.49129491,13211.0,0.0,0.0,4679.394065158745,0.8869179600886918,894,896,8,0,888,887,18853,6,0,0,6,9
2020-12-11,US,Georgia,Murray,2241,31,0,34.78897608,-84.74993177,13213.0,0.0,0.0,5589.086193136473,1.383311021865239,2210,2199,30,0,2169,2151,39921,42,1,0,41,48
2020-12-11,US,Georgia,Muscogee,7994,200,0,32.50931999,-84.87142262,13215.0,0.0,0.0,4083.383988271892,2.501876407305479,7794,7919,200,0,7719,7832,194160,75,0,0,75,87
2020-12-11,US,Georgia,Newton,4522,112,0,33.55514538,-83.84547140000002,13217.0,0.0,0.0,4046.749713631157,2.476780185758514,4410,4443,111,0,4332,4372,109541,79,1,0,78,71
2020-12-11,US,Georgia,Oconee,1592,37,0,33.83749973,-83.43679568,13219.0,0.0,0.0,3952.333664349553,2.3241206030150754,1555,1569,37,0,1532,1553,39272,23,0,0,23,16
2020-12-11,US,Georgia,Oglethorpe,633,14,0,33.878629600000004,-83.08278123,13221.0,0.0,0.0,4148.371452913036,2.2116903633491307,619,624,14,0,610,618,15054,9,0,0,9,6
2020-12-11,US,Georgia,Out of GA,20361,293,0,0.0,0.0,80013.0,0.0,0.0,0.0,1.4390255881341782,20068,20083,292,0,19791,19963,,278,1,0,277,120
2020-12-11,US,Georgia,Paulding,6158,90,0,33.91969522,-84.86848792,13223.0,0.0,0.0,3650.980926915164,1.461513478402079,6068,6041,89,0,5952,5924,164044,117,1,0,116,117
2020-12-11,US,Georgia,Peach,1228,29,0,32.56934316,-83.82937,13225.0,0.0,0.0,4457.9975314020185,2.3615635179153096,1199,1225,29,0,1196,1200,27297,3,0,0,3,25
2020-12-11,US,Georgia,Pickens,1335,18,0,34.46589159,-84.46406611,13227.0,0.0,0.0,4096.222883618177,1.348314606741573,1317,1307,18,0,1289,1281,31980,28,0,0,28,26
2020-12-11,US,Georgia,Pierce,1290,31,0,31.35928155,-82.21598442,13229.0,0.0,0.0,6627.27973285384,2.4031007751937983,1259,1282,31,0,1251,1268,19389,8,0,0,8,14
2020-12-11,US,Georgia,Pike,936,17,0,33.09310242,-84.38790389,13231.0,0.0,0.0,4936.188165805294,1.816239316239316,919,923,17,0,906,909,18634,13,0,0,13,14
2020-12-11,US,Georgia,Polk,2757,37,0,34.00267074,-85.18677781,13233.0,0.0,0.0,6469.856616525472,1.342038447587958,2720,2724,37,0,2687,2671,42470,33,0,0,33,53
2020-12-11,US,Georgia,Pulaski,493,29,0,32.23334561,-83.47549959999998,13235.0,0.0,0.0,4426.6858220346585,5.882352941176472,464,488,29,0,459,483,11069,5,0,0,5,5
2020-12-11,US,Georgia,Putnam,1076,31,0,33.32056115,-83.37552891,13237.0,0.0,0.0,4864.596048645962,2.8810408921933086,1045,1066,31,0,1035,1062,21809,10,0,0,10,4
2020-12-11,US,Georgia,Quitman,88,1,0,31.86728114,-85.01773177,13239.0,0.0,0.0,3827.75119617225,1.1363636363636365,87,87,1,0,86,86,2279,1,0,0,1,1
2020-12-11,US,Georgia,Rabun,766,13,0,34.88389445,-83.40304637,13241.0,0.0,0.0,4469.860535683025,1.6971279373368149,753,747,12,0,735,710,16867,19,1,0,18,37
2020-12-11,US,Georgia,Randolph,373,31,0,31.76622818,-84.75732369,13243.0,0.0,0.0,5503.098259073473,8.310991957104557,342,372,31,0,341,372,6833,1,0,0,1,0
2020-12-11,US,Georgia,Richmond,11841,233,0,33.35777107,-82.07026432,13245.0,0.0,0.0,5846.887684057712,1.967739211215269,11608,11679,231,0,11448,11501,201554,162,2,0,160,178
2020-12-11,US,Georgia,Rockdale,3173,65,0,33.65145002,-84.02202167,13247.0,0.0,0.0,3490.8026755852843,2.048534509927513,3108,3127,63,0,3064,3068,90594,46,2,0,44,59
2020-12-11,US,Georgia,Schley,186,2,0,32.2654021,-84.31258912,13249.0,0.0,0.0,3538.1396233593305,1.075268817204301,184,183,2,0,181,183,5236,3,0,0,3,0
2020-12-11,US,Georgia,Screven,512,15,0,32.74976524,-81.60779441,13251.0,0.0,0.0,3666.046111986253,2.9296875,497,510,15,0,495,507,13938,2,0,0,2,3
2020-12-11,US,Georgia,Seminole,581,12,0,30.93464824,-84.86823924,13253.0,0.0,0.0,7181.705809641533,2.0654044750430294,569,579,12,0,567,572,8315,2,0,0,2,7
2020-12-11,US,Georgia,Spalding,2711,89,0,33.26310031,-84.28013991,13255.0,0.0,0.0,4064.284964694242,3.2829214312061965,2622,2679,88,0,2591,2640,66100,32,1,0,31,39
2020-12-11,US,Georgia,Stephens,1759,48,0,34.55151201,-83.29405315,13257.0,0.0,0.0,6784.956605593055,2.7288231949971573,1711,1741,48,0,1693,1711,26035,18,0,0,18,30
2020-12-11,US,Georgia,Stewart,636,17,0,32.07996777,-84.83208037,13259.0,0.0,0.0,9605.799728137745,2.672955974842768,619,636,17,0,619,636,6199,0,0,0,0,0
2020-12-11,US,Georgia,Sumter,1414,72,0,32.03650571,-84.19821492,13261.0,0.0,0.0,4789.32393984555,5.091937765205092,1342,1406,72,0,1334,1370,29733,8,0,0,8,36
2020-12-11,US,Georgia,Talbot,249,8,0,32.69642758,-84.53351366,13263.0,0.0,0.0,4019.3704600484252,3.21285140562249,241,248,8,0,240,247,6272,1,0,0,1,1
2020-12-11,US,Georgia,Taliaferro,44,0,0,33.56543317,-82.88136816,13265.0,0.0,0.0,2862.7195836044243,0.0,44,43,0,0,43,43,1608,1,0,0,1,0
2020-12-11,US,Georgia,Tattnall,1238,33,0,32.04785085,-82.05539188,13267.0,0.0,0.0,4895.989875820612,2.665589660743134,1205,1229,33,0,1196,1213,25391,9,0,0,9,16
2020-12-11,US,Georgia,Taylor,440,13,0,32.55792548,-84.25077141,13269.0,0.0,0.0,5486.284289276808,2.9545454545454546,427,439,13,0,426,432,8039,1,0,0,1,7
2020-12-11,US,Georgia,Telfair,685,31,0,31.92829517,-82.93491155,13271.0,0.0,0.0,4319.041614123581,4.525547445255475,654,677,31,0,646,673,15876,8,0,0,8,4
2020-12-11,US,Georgia,Terrell,483,34,0,31.77527543,-84.44069698,13273.0,0.0,0.0,5661.704372289298,7.0393374741200825,449,476,34,0,442,466,8611,7,0,0,7,10
2020-12-11,US,Georgia,Thomas,2183,83,0,30.86392347,-83.91847289,13275.0,0.0,0.0,4911.025623720501,3.8021071919377,2100,2165,83,0,2082,2121,44448,18,0,0,18,44
2020-12-11,US,Georgia,Tift,2909,79,0,31.45743864,-83.5236119,13277.0,0.0,0.0,7157.267985434504,2.7157098659333103,2830,2876,79,0,2797,2839,40571,33,0,0,33,37
2020-12-11,US,Georgia,Toombs,1814,70,0,32.12059861,-82.32957247,13279.0,0.0,0.0,6761.088333954529,3.858875413450937,1744,1793,70,0,1723,1782,26887,21,0,0,21,11
2020-12-11,US,Georgia,Towns,651,34,0,34.91369188,-83.74107459999998,13281.0,0.0,0.0,5408.324333305641,5.222734254992321,617,640,33,0,607,628,11852,11,1,0,10,12
2020-12-11,US,Georgia,Treutlen,395,15,0,32.40422134,-82.56904553,13283.0,0.0,0.0,5723.808143747283,3.79746835443038,380,394,15,0,379,392,6809,1,0,0,1,2
2020-12-11,US,Georgia,Troup,4260,126,0,33.03349196,-85.02812115,13285.0,0.0,0.0,6092.503074854838,2.9577464788732395,4134,4236,126,0,4110,4197,70034,24,0,0,24,39
2020-12-11,US,Georgia,Turner,503,25,0,31.71612656,-83.62069378,13287.0,0.0,0.0,6299.3112085159655,4.970178926441352,478,492,25,0,467,482,7912,11,0,0,11,10
2020-12-11,US,Georgia,Twiggs,286,19,0,32.67435595,-83.43078662,13289.0,0.0,0.0,3522.167487684729,6.643356643356642,267,281,19,0,262,277,8188,5,0,0,5,4
2020-12-11,US,Georgia,Unassigned,2936,2,0,0.0,0.0,90013.0,0.0,0.0,0.0,0.0681198910081744,2934,2943,1,0,2942,2962,,0,1,0,-8,0
2020-12-11,US,Georgia,Union,1208,40,0,34.82995757,-83.98967069,13291.0,0.0,0.0,4928.3994941046885,3.3112582781456954,1168,1193,40,0,1153,1179,24001,15,0,0,15,14
2020-12-11,US,Georgia,Upson,1665,80,0,32.87920671,-84.30024826,13293.0,0.0,0.0,6325.987841945289,4.804804804804805,1585,1653,80,0,1573,1630,26215,12,0,0,12,23
2020-12-11,US,Georgia,Walker,3141,56,0,34.73376362,-85.30165174,13295.0,0.0,0.0,4502.515732285948,1.7828716969118117,3085,3092,56,0,3036,3009,69410,49,0,0,49,83
2020-12-11,US,Georgia,Walton,3937,85,0,33.78017694,-83.73552314,13297.0,0.0,0.0,4162.041588701067,2.159004318008636,3852,3885,82,0,3803,3779,93503,52,3,0,49,106
2020-12-11,US,Georgia,Ware,2741,81,0,31.05449097,-82.42224148,13299.0,0.0,0.0,7670.565847652096,2.9551258664720903,2660,2728,81,0,2647,2711,35680,13,0,0,13,17
2020-12-11,US,Georgia,Warren,235,8,0,33.41146451,-82.67795848,13301.0,0.0,0.0,4472.782641796726,3.404255319148936,227,233,8,0,225,231,5251,2,0,0,2,2
2020-12-11,US,Georgia,Washington,1206,40,0,32.96711864,-82.79357039,13303.0,0.0,0.0,5919.3089231373315,3.316749585406302,1166,1192,39,0,1153,1181,20386,14,1,0,13,11
2020-12-11,US,Georgia,Wayne,1766,49,0,31.5521809,-81.91894878,13305.0,0.0,0.0,5901.025829518495,2.774631936579841,1717,1757,49,0,1708,1741,29808,9,0,0,9,16
2020-12-11,US,Georgia,Webster,66,2,0,32.04066113,-84.54742852,13307.0,0.0,0.0,2531.645569620253,3.0303030303030303,64,65,2,0,63,63,2611,1,0,0,1,2
2020-12-11,US,Georgia,Wheeler,431,19,0,32.12009104,-82.72574721,13309.0,0.0,0.0,5486.950986632718,4.408352668213457,412,428,19,0,409,426,7879,3,0,0,3,2
2020-12-11,US,Georgia,White,1556,28,0,34.64624278,-83.74905525,13311.0,0.0,0.0,5052.276121826093,1.7994858611825193,1528,1527,28,0,1499,1485,29970,29,0,0,29,42
2020-12-11,US,Georgia,Whitfield,9258,98,0,34.80987459,-84.96093476,13313.0,0.0,0.0,8848.491799518293,1.058543961978829,9160,9085,97,0,8988,8928,104062,173,1,0,172,157
2020-12-11,US,Georgia,Wilcox,431,28,0,31.97496928,-83.43438555,13315.0,0.0,0.0,4991.31441806601,6.4965197215777275,403,430,28,0,402,421,8812,1,0,0,1,9
2020-12-11,US,Georgia,Wilkes,511,10,0,33.78290391,-82.74286107,13317.0,0.0,0.0,5226.552112099826,1.9569471624266144,501,504,10,0,494,500,9876,7,0,0,7,4
2020-12-11,US,Georgia,Wilkinson,499,18,0,32.80291082,-83.17140684,13319.0,0.0,0.0,5572.928300201028,3.607214428857716,481,495,18,0,477,487,9036,4,0,0,4,8
2020-12-11,US,Georgia,Worth,856,39,0,31.55162306,-83.85090513,13321.0,0.0,0.0,4227.786832617177,4.55607476635514,817,840,39,0,801,819,20299,16,0,0,16,21
2020-12-11,US,Hawaii,Hawaii,1708,43,0,19.60121157,-155.5210167,15001.0,0.0,0.0,847.5879968041762,2.5175644028103044,1665,1706,43,0,1663,1682,200983,2,0,0,2,24
2020-12-11,US,Hawaii,Honolulu,16183,206,0,21.45803166,-157.97121819999995,15003.0,0.0,0.0,1660.5391339502935,1.272940740283013,15977,16114,205,0,15909,16035,980080,69,1,0,68,79
2020-12-11,US,Hawaii,Kauai,126,1,0,22.03935037,-159.5966786,15007.0,0.0,0.0,174.29073354266666,0.7936507936507936,125,124,1,0,123,122,72133,2,0,0,2,2
2020-12-11,US,Hawaii,Maui,1012,17,0,20.86399628,-156.56890969999995,15009.0,0.0,0.0,604.4786371754362,1.6798418972332017,995,957,17,0,940,946,167207,55,0,0,55,11
2020-12-11,US,Hawaii,Out of HI,286,2,0,0.0,0.0,80015.0,0.0,0.0,0.0,0.6993006993006993,284,278,2,0,276,271,,8,0,0,8,7
2020-12-11,US,Idaho,Ada,30695,274,0,43.4526575,-116.24155159999998,16001.0,0.0,0.0,6373.718559678729,0.8926535266330021,30421,30205,273,0,29932,29642,469966,490,1,0,489,563
2020-12-11,US,Idaho,Adams,133,3,0,44.89333571,-116.4545247,16003.0,0.0,0.0,3097.345132743363,2.255639097744361,130,126,3,0,123,124,4250,7,0,0,7,2
2020-12-11,US,Idaho,Bannock,5483,43,0,42.67002716,-112.2233311,16005.0,0.0,0.0,6244.305758017493,0.7842422031734452,5440,5419,42,0,5377,5327,87138,64,1,0,63,92
2020-12-11,US,Idaho,Bear Lake,229,2,0,42.28269683,-111.32892379999998,16007.0,0.0,0.0,3738.7755102040815,0.8733624454148472,227,226,2,0,224,221,6050,3,0,0,3,5
2020-12-11,US,Idaho,Benewah,323,4,0,47.21754179,-116.6586851,16009.0,0.0,0.0,3473.865347386535,1.238390092879257,319,323,4,0,319,313,9226,0,0,0,0,10
2020-12-11,US,Idaho,Bingham,3203,33,0,43.21672879999999,-112.3978437,16011.0,0.0,0.0,6842.40883553011,1.0302841086481425,3170,3172,31,0,3141,3135,46236,31,2,0,29,37
2020-12-11,US,Idaho,Blaine,1464,9,0,43.4085812,-113.9752658,16013.0,0.0,0.0,6359.410972590245,0.6147540983606558,1455,1446,9,0,1437,1439,22601,18,0,0,18,7
2020-12-11,US,Idaho,Boise,195,2,0,43.98829931,-115.7309284,16015.0,0.0,0.0,2490.1034350657637,1.0256410256410255,193,190,2,0,188,176,7634,5,0,0,5,14
2020-12-11,US,Idaho,Bonner,1368,10,0,48.29996017,-116.6017932,16017.0,0.0,0.0,2990.883053849013,0.7309941520467836,1358,1314,9,0,1305,1287,44727,54,1,0,53,27
2020-12-11,US,Idaho,Bonneville,9090,89,0,43.38713372,-111.6161537,16019.0,0.0,0.0,7634.677730930102,0.9790979097909792,9001,8982,88,0,8894,8876,116854,108,1,0,107,106
2020-12-11,US,Idaho,Boundary,429,5,0,48.76684761,-116.4630179,16021.0,0.0,0.0,3503.4708044099634,1.1655011655011656,424,422,5,0,417,418,11948,7,0,0,7,4
2020-12-11,US,Idaho,Butte,142,0,0,43.72592209,-113.1735463,16023.0,0.0,0.0,5467.847516365036,0.0,142,142,0,0,142,139,2611,0,0,0,0,3
2020-12-11,US,Idaho,Camas,56,0,0,43.46665742,-114.8065892,16025.0,0.0,0.0,5063.291139240508,0.0,56,56,0,0,56,56,1127,0,0,0,0,0
2020-12-11,US,Idaho,Canyon,17825,172,0,43.61970148,-116.70954990000001,16027.0,0.0,0.0,7755.091386083907,0.964936886395512,17653,17569,170,0,17399,17291,223499,256,2,0,254,278
2020-12-11,US,Idaho,Caribou,469,11,0,42.77149116,-111.5597683,16029.0,0.0,0.0,6554.856743535989,2.345415778251599,458,469,11,0,458,467,7060,0,0,0,0,2
2020-12-11,US,Idaho,Cassia,2330,20,0,42.28347888,-113.6012409,16031.0,0.0,0.0,9696.213066999584,0.8583690987124464,2310,2309,20,0,2289,2294,23864,21,0,0,21,15
2020-12-11,US,Idaho,Clark,52,0,0,44.28496071,-112.35057040000001,16033.0,0.0,0.0,6153.846153846153,0.0,52,52,0,0,52,52,852,0,0,0,0,0
2020-12-11,US,Idaho,Clearwater,731,3,0,46.67459924,-115.6622393,16035.0,0.0,0.0,8348.560986751942,0.4103967168262654,728,725,3,0,722,697,8758,6,0,0,6,28
2020-12-11,US,Idaho,Custer,178,1,0,44.24186819,-114.2855494,16037.0,0.0,0.0,4125.144843568944,0.5617977528089888,177,178,1,0,177,174,4280,0,0,0,0,4
2020-12-11,US,Idaho,Elmore,1067,7,0,43.3507101,-115.4701578,16039.0,0.0,0.0,3878.448620551779,0.6560449859418932,1060,1049,7,0,1042,1021,27259,18,0,0,18,28
2020-12-11,US,Idaho,Franklin,802,7,0,42.18332217,-111.81496659999999,16041.0,0.0,0.0,5779.763620639954,0.8728179551122195,795,794,7,0,787,785,13726,8,0,0,8,9
2020-12-11,US,Idaho,Fremont,821,12,0,44.22800938,-111.48099429999999,16043.0,0.0,0.0,6267.654019390793,1.4616321559074301,809,814,11,0,803,806,13168,7,1,0,6,8
2020-12-11,US,Idaho,Gem,1226,10,0,44.06482372,-116.398376,16045.0,0.0,0.0,6768.992932862191,0.8156606851549756,1216,1190,9,0,1181,1154,17634,36,1,0,35,36
2020-12-11,US,Idaho,Gooding,1066,14,0,42.96927962,-114.81083059999999,16047.0,0.0,0.0,7022.8605309967725,1.3133208255159474,1052,1061,14,0,1047,1058,15196,5,0,0,5,3
2020-12-11,US,Idaho,Idaho,876,15,0,45.84721541,-115.4634436,16049.0,0.0,0.0,5255.894882102358,1.7123287671232876,861,869,14,0,855,857,16513,7,1,0,6,12
2020-12-11,US,Idaho,Jefferson,1842,11,0,43.82078483,-112.3131749,16051.0,0.0,0.0,6166.516018881189,0.5971769815418024,1831,1828,11,0,1817,1810,29439,14,0,0,14,18
2020-12-11,US,Idaho,Jerome,2073,15,0,42.68891267,-114.2655033,16053.0,0.0,0.0,8491.725380960184,0.723589001447178,2058,2061,15,0,2046,2054,24015,12,0,0,12,7
2020-12-11,US,Idaho,Kootenai,9797,100,0,47.67282258,-116.7020872,16055.0,0.0,0.0,5912.599503913771,1.0207206287639072,9697,9626,99,0,9527,9346,161505,171,1,0,170,280
2020-12-11,US,Idaho,Latah,1955,3,0,46.81587887,-116.71136979999999,16057.0,0.0,0.0,4874.339283933379,0.1534526854219949,1952,1928,3,0,1925,1909,40134,27,0,0,27,19
2020-12-11,US,Idaho,Lemhi,443,8,0,44.9438088,-113.9309747,16059.0,0.0,0.0,5518.873800921889,1.8058690744920995,435,442,8,0,434,442,7961,1,0,0,1,0
2020-12-11,US,Idaho,Lewis,294,4,0,46.23315327,-116.434146,16061.0,0.0,0.0,7660.239708181344,1.3605442176870748,290,286,4,0,282,279,3861,8,0,0,8,7
2020-12-11,US,Idaho,Lincoln,400,8,0,43.0012336,-114.1358773,16063.0,0.0,0.0,7454.342154304883,2.0,392,400,8,0,392,392,5360,0,0,0,0,8
2020-12-11,US,Idaho,Madison,4862,10,0,43.78141028,-111.65384740000002,16065.0,0.0,0.0,12183.326233492871,0.2056766762649116,4852,4825,10,0,4815,4758,39304,37,0,0,37,67
2020-12-11,US,Idaho,Minidoka,1870,21,0,42.85518524,-113.6357257,16067.0,0.0,0.0,8888.255145206522,1.1229946524064172,1849,1858,21,0,1837,1848,20825,12,0,0,12,10
2020-12-11,US,Idaho,Nez Perce,2667,40,0,46.32638236,-116.75009750000001,16069.0,0.0,0.0,6600.178182538111,1.4998125234345707,2627,2625,40,0,2585,2610,40408,42,0,0,42,15
2020-12-11,US,Idaho,Oneida,210,0,0,42.19494279999999,-112.5407838,16071.0,0.0,0.0,4634.738468329288,0.0,210,207,0,0,207,201,4488,3,0,0,3,6
2020-12-11,US,Idaho,Owyhee,797,17,0,42.58016894,-116.16938710000001,16073.0,0.0,0.0,6741.097860103188,2.132998745294856,780,790,16,0,774,782,11693,7,1,0,6,8
2020-12-11,US,Idaho,Payette,1823,19,0,44.00545243,-116.7647695,16075.0,0.0,0.0,7611.373220324829,1.0422380691168405,1804,1804,18,0,1786,1791,23551,19,1,0,18,13
2020-12-11,US,Idaho,Power,500,4,0,42.69254894,-112.83957420000002,16077.0,0.0,0.0,6509.569066527795,0.8,496,499,4,0,495,494,7768,1,0,0,1,5
2020-12-11,US,Idaho,Shoshone,643,23,0,47.35364087,-115.89167490000001,16079.0,0.0,0.0,4991.460953268126,3.576982892690513,620,630,23,0,607,618,12796,13,0,0,13,12
2020-12-11,US,Idaho,Teton,620,2,0,43.75303583,-111.2056773,16081.0,0.0,0.0,5106.242793608962,0.3225806451612903,618,616,2,0,614,614,11640,4,0,0,4,2
2020-12-11,US,Idaho,Twin Falls,7382,105,0,42.35440512,-114.6685381,16083.0,0.0,0.0,8496.972766408066,1.4223787591438637,7277,7347,104,0,7243,7307,86081,35,1,0,34,40
2020-12-11,US,Idaho,Unassigned,6,0,0,0.0,0.0,90016.0,0.0,0.0,0.0,0.0,6,6,0,0,6,9,,0,0,0,0,0
2020-12-11,US,Idaho,Valley,317,1,0,44.76728382,-115.5676773,16085.0,0.0,0.0,2782.6544943820227,0.3154574132492113,316,314,1,0,313,303,11041,3,0,0,3,11
2020-12-11,US,Idaho,Washington,856,14,0,44.45275475,-116.78476880000001,16087.0,0.0,0.0,8397.0963311752,1.6355140186915889,842,834,14,0,820,827,10161,22,0,0,22,7
2020-12-11,US,Illinois,Adams,5326,63,0,39.98815591,-91.18786813,17001.0,0.0,0.0,8139.374952242683,1.1828764551257978,5263,5261,61,0,5200,5214,65691,65,2,0,63,47
2020-12-11,US,Illinois,Alexander,299,5,0,37.18049267,-89.32910838,17003.0,0.0,0.0,5190.0711681999655,1.6722408026755853,294,291,5,0,286,284,6060,8,0,0,8,7
2020-12-11,US,Illinois,Bond,1293,14,0,38.88829622,-89.43534887,17005.0,0.0,0.0,7871.66686959698,1.082753286929621,1279,1272,14,0,1258,1252,16630,21,0,0,21,20
2020-12-11,US,Illinois,Boone,4411,52,0,42.32359279,-88.82345779,17007.0,0.0,0.0,8238.08456596444,1.178871004307413,4359,4367,48,0,4319,4308,53577,44,4,0,40,59
2020-12-11,US,Illinois,Brown,379,8,0,39.96209138,-90.75068024,17009.0,0.0,0.0,5761.629674673153,2.1108179419525066,371,372,8,0,364,367,6556,7,0,0,7,5
2020-12-11,US,Illinois,Bureau,2455,60,0,41.40385234,-89.5283051,17011.0,0.0,0.0,7524.212332965551,2.4439918533604894,2395,2427,59,0,2368,2392,32993,28,1,0,27,35
2020-12-11,US,Illinois,Calhoun,324,1,0,39.16840183,-90.66330078,17013.0,0.0,0.0,6836.885418864739,0.308641975308642,323,321,1,0,320,313,4802,3,0,0,3,8
2020-12-11,US,Illinois,Carroll,1208,28,0,42.06823429,-89.93395545,17015.0,0.0,0.0,8444.599790283119,2.3178807947019866,1180,1200,27,0,1173,1188,14312,8,1,0,7,12
2020-12-11,US,Illinois,Cass,1277,26,0,39.96991073,-90.24734436,17017.0,0.0,0.0,10512.883839631184,2.0360219263899766,1251,1246,24,0,1222,1208,12260,31,2,0,29,38
2020-12-11,US,Illinois,Champaign,12235,73,0,40.13919438,-88.20046615,17019.0,0.0,0.0,5834.831583917135,0.5966489579076422,12162,12151,72,0,12079,12026,209983,84,1,0,83,125
2020-12-11,US,Illinois,Christian,2204,51,0,39.54581621,-89.27780482,17021.0,0.0,0.0,6822.684497275879,2.3139745916515433,2153,2130,50,0,2080,2100,32661,74,1,0,73,30
2020-12-11,US,Illinois,Clark,940,22,0,39.33425789,-87.78705622,17023.0,0.0,0.0,6087.68862120329,2.3404255319148937,918,912,21,0,891,896,15596,28,1,0,27,16
2020-12-11,US,Illinois,Clay,1065,26,0,38.75388572,-88.48914513,17025.0,0.0,0.0,8077.973300970872,2.4413145539906105,1039,1056,25,0,1031,1030,13253,9,1,0,8,26
2020-12-11,US,Illinois,Clinton,3854,67,0,38.60704876,-89.42385254,17027.0,0.0,0.0,10260.369522389648,1.7384535547483135,3787,3796,66,0,3730,3751,37639,58,1,0,57,45
2020-12-11,US,Illinois,Coles,3731,66,0,39.51949084,-88.22358557,17029.0,0.0,0.0,7370.458900456332,1.7689627445725007,3665,3613,66,0,3547,3588,50885,118,0,0,118,25
2020-12-11,US,Illinois,Cook,346004,7282,0,41.84144849,-87.81658794,17031.0,0.0,0.0,6718.2203212942,2.1045999468214243,338722,342654,7203,0,335451,338093,5180493,3350,79,0,3271,4561
2020-12-11,US,Illinois,Crawford,1326,18,0,39.0032229,-87.75954624,17033.0,0.0,0.0,7103.444581346762,1.3574660633484164,1308,1304,17,0,1287,1276,18807,22,1,0,21,28
2020-12-11,US,Illinois,Cumberland,776,21,0,39.27432424,-88.2401158,17035.0,0.0,0.0,7207.876648708899,2.706185567010309,755,750,21,0,729,746,10808,26,0,0,26,4
2020-12-11,US,Illinois,De Witt,745,19,0,40.17514519,-88.90959682,17039.0,0.0,0.0,4764.036321780279,2.5503355704697985,726,726,19,0,707,714,15769,19,0,0,19,12
2020-12-11,US,Illinois,DeKalb,5788,58,0,41.89373302,-88.76958483,17037.0,0.0,0.0,5517.79364519481,1.0020732550103664,5730,5728,56,0,5672,5651,104143,60,2,0,58,77
2020-12-11,US,Illinois,Douglas,1574,19,0,39.76768052,-88.21854195,17041.0,0.0,0.0,8086.308759311584,1.2071156289707752,1555,1556,19,0,1537,1543,19479,18,0,0,18,13
2020-12-11,US,Illinois,DuPage,53456,890,0,41.85116968,-88.08642662,17043.0,0.0,0.0,5792.0450396079395,1.66492068243041,52566,52882,875,0,52007,52300,928589,574,15,0,559,582
2020-12-11,US,Illinois,Edgar,1057,22,0,39.6809186,-87.74759563,17045.0,0.0,0.0,6159.314725249113,2.0813623462630084,1035,1046,22,0,1024,1019,17360,11,0,0,11,27
2020-12-11,US,Illinois,Edwards,294,4,0,38.41353228,-88.05720863,17047.0,0.0,0.0,4597.341673182174,1.3605442176870748,290,286,4,0,282,280,6392,8,0,0,8,6
2020-12-11,US,Illinois,Effingham,3336,41,0,39.05935711,-88.58969584,17049.0,0.0,0.0,9809.456598447425,1.229016786570743,3295,3267,39,0,3228,3234,34208,69,2,0,67,33
2020-12-11,US,Illinois,Fayette,2223,40,0,39.00072038,-89.02452658,17051.0,0.0,0.0,10419.010123734532,1.7993702204228517,2183,2176,40,0,2136,2098,21416,47,0,0,47,78
2020-12-11,US,Illinois,Ford,966,27,0,40.59706922,-88.22350769,17053.0,0.0,0.0,7453.1286166190885,2.7950310559006213,939,935,27,0,908,907,13264,31,0,0,31,28
2020-12-11,US,Illinois,Franklin,2527,37,0,37.99189086,-88.92567818,17055.0,0.0,0.0,6568.925628428085,1.4641867827463395,2490,2485,37,0,2448,2429,38701,42,0,0,42,56
2020-12-11,US,Illinois,Fulton,1826,19,0,40.47289135,-90.20862357,17057.0,0.0,0.0,5317.414094350612,1.0405257393209202,1807,1805,19,0,1786,1776,34844,21,0,0,21,29
2020-12-11,US,Illinois,Gallatin,240,4,0,37.76430935,-88.22953869,17059.0,0.0,0.0,4971.0024855012425,1.6666666666666667,236,231,3,0,228,229,5058,9,1,0,8,2
2020-12-11,US,Illinois,Greene,977,37,0,39.35907414,-90.388865,17061.0,0.0,0.0,7533.3487547228015,3.787103377686796,940,972,37,0,935,961,13044,5,0,0,5,11
2020-12-11,US,Illinois,Grundy,3349,32,0,41.28569601,-88.41905692,17063.0,0.0,0.0,6559.721079641165,0.955509107196178,3317,3308,29,0,3279,3259,50972,41,3,0,38,49
2020-12-11,US,Illinois,Hamilton,460,8,0,38.08163641,-88.53883373,17065.0,0.0,0.0,5667.8166584524415,1.7391304347826086,452,453,7,0,446,449,8163,7,1,0,6,4
2020-12-11,US,Illinois,Hancock,1122,17,0,40.40423981,-91.16313899,17067.0,0.0,0.0,6336.1192681274,1.5151515151515151,1105,1107,17,0,1090,1094,17844,15,0,0,15,13
2020-12-11,US,Illinois,Hardin,172,4,0,37.51810645,-88.26873022,17069.0,0.0,0.0,4501.439413766029,2.3255813953488373,168,170,4,0,166,168,3910,2,0,0,2,2
2020-12-11,US,Illinois,Henderson,348,5,0,40.81908672,-90.92491462,17071.0,0.0,0.0,5236.232320192597,1.4367816091954022,343,344,5,0,339,343,6709,4,0,0,4,1
2020-12-11,US,Illinois,Henry,3216,34,0,41.3533994,-90.13296166,17073.0,0.0,0.0,6574.939177723713,1.0572139303482586,3182,3147,32,0,3115,3100,49090,69,2,0,67,47
2020-12-11,US,Illinois,Iroquois,2030,41,0,40.74717633,-87.82466784,17075.0,0.0,0.0,7486.907132846502,2.019704433497537,1989,1996,39,0,1957,1961,27604,34,2,0,32,35
2020-12-11,US,Illinois,Jackson,3123,44,0,37.78595185,-89.38232563,17077.0,0.0,0.0,5503.083700440528,1.4089016970861352,3079,3085,44,0,3041,3044,57419,38,0,0,38,41
2020-12-11,US,Illinois,Jasper,777,13,0,39.01054275,-88.15437049,17079.0,0.0,0.0,8085.327783558791,1.6731016731016732,764,759,13,0,746,746,9611,18,0,0,18,13
2020-12-11,US,Illinois,Jefferson,2312,66,0,38.29980057,-88.9240025,17081.0,0.0,0.0,6135.229805753105,2.8546712802768166,2246,2267,65,0,2202,2230,37820,45,1,0,44,37
2020-12-11,US,Illinois,Jersey,1591,28,0,39.08869046,-90.35393073,17083.0,0.0,0.0,7307.2153584715015,1.7598994343180392,1563,1581,27,0,1554,1555,21847,10,1,0,9,26
2020-12-11,US,Illinois,Jo Daviess,1215,23,0,42.36542373,-90.21094405,17085.0,0.0,0.0,5721.6858959265355,1.8930041152263373,1192,1204,23,0,1181,1196,21366,11,0,0,11,8
2020-12-11,US,Illinois,Johnson,854,12,0,37.45939802,-88.88165419,17087.0,0.0,0.0,6877.667713618426,1.4051522248243558,842,830,12,0,818,818,12456,24,0,0,24,12
2020-12-11,US,Illinois,Kane,36193,525,0,41.93842729,-88.42861412,17089.0,0.0,0.0,6798.045841214268,1.4505567374906752,35668,35872,517,0,35355,35489,534216,321,8,0,313,383
2020-12-11,US,Illinois,Kankakee,9707,131,0,41.13746989,-87.86205334,17091.0,0.0,0.0,8835.630154193444,1.3495415679406613,9576,9650,131,0,9519,9562,110024,57,0,0,57,88
2020-12-11,US,Illinois,Kendall,7241,64,0,41.59081014,-88.42869583,17093.0,0.0,0.0,5613.613458407628,0.8838558210191962,7177,7191,62,0,7129,7130,127915,50,2,0,48,61
2020-12-11,US,Illinois,Knox,3359,94,0,40.93148779,-90.21330340000002,17095.0,0.0,0.0,6758.687297531136,2.7984519202143496,3265,3308,94,0,3214,3241,50112,51,0,0,51,67
2020-12-11,US,Illinois,LaSalle,7274,169,0,41.34426129999999,-88.88633881,17099.0,0.0,0.0,6693.721300462874,2.323343414902392,7105,7157,167,0,6990,7041,109430,117,2,0,115,116
2020-12-11,US,Illinois,Lake,42410,706,0,42.3224907,-88.00367925,17097.0,0.0,0.0,6088.710545773005,1.6647017212921482,41704,42110,700,0,41410,41667,700832,300,6,0,294,443
2020-12-11,US,Illinois,Lawrence,1380,19,0,38.71987914,-87.72884035,17101.0,0.0,0.0,8802.143130501341,1.3768115942028984,1361,1338,18,0,1320,1319,15765,42,1,0,41,19
2020-12-11,US,Illinois,Lee,2299,52,0,41.74583951,-89.29977132,17103.0,0.0,0.0,6742.726419521351,2.2618529795563287,2247,2282,48,0,2234,2246,34223,17,4,0,13,36
2020-12-11,US,Illinois,Livingston,2698,49,0,40.89188292,-88.55784752,17105.0,0.0,0.0,7568.447037701975,1.8161601186063752,2649,2636,48,0,2588,2593,35761,62,1,0,61,43
2020-12-11,US,Illinois,Logan,2291,36,0,40.12581572,-89.36638784,17107.0,0.0,0.0,8005.451114683066,1.571366215626364,2255,2101,34,0,2067,2060,28925,190,2,0,188,41
2020-12-11,US,Illinois,Macon,7231,157,0,39.86064913,-88.96342505,17115.0,0.0,0.0,6952.282975511735,2.1712073018946203,7074,7180,156,0,7024,7119,104712,51,1,0,50,61
2020-12-11,US,Illinois,Macoupin,2725,41,0,39.26119767,-89.92424028,17117.0,0.0,0.0,6065.529982638116,1.5045871559633028,2684,2679,37,0,2642,2642,45313,46,4,0,42,37
2020-12-11,US,Illinois,Madison,17273,316,0,38.83042506,-89.90422563,17119.0,0.0,0.0,6568.529771909676,1.829444798240028,16957,17020,313,0,16707,16760,264461,253,3,0,250,260
2020-12-11,US,Illinois,Marion,2986,81,0,38.64963204,-88.91899208,17121.0,0.0,0.0,8025.802983469965,2.712659075686537,2905,2945,80,0,2865,2890,37620,41,1,0,40,55
2020-12-11,US,Illinois,Marshall,486,7,0,41.0327901,-89.34510444,17123.0,0.0,0.0,4248.994579471936,1.4403292181069958,479,474,7,0,467,469,11534,12,0,0,12,5
2020-12-11,US,Illinois,Mason,846,30,0,40.23917274,-89.91824452,17125.0,0.0,0.0,6332.809342016618,3.5460992907801416,816,834,30,0,804,824,13565,12,0,0,12,10
2020-12-11,US,Illinois,Massac,744,14,0,37.22078441,-88.71036614,17127.0,0.0,0.0,5402.26546616323,1.8817204301075268,730,740,13,0,727,724,14080,4,1,0,3,16
2020-12-11,US,Illinois,McDonough,1748,45,0,40.45674722,-90.67775541,17109.0,0.0,0.0,5889.091031601644,2.574370709382151,1703,1733,45,0,1688,1718,29955,15,0,0,15,15
2020-12-11,US,Illinois,McHenry,16227,182,0,42.32451172,-88.45248227,17111.0,0.0,0.0,5272.375184388545,1.121587477660689,16045,16086,179,0,15907,15901,308570,141,3,0,138,185
2020-12-11,US,Illinois,McLean,9883,70,0,40.48996987,-88.84621113,17113.0,0.0,0.0,5762.111044386271,0.7082869574015987,9813,9725,65,0,9660,9587,172828,158,5,0,153,138
2020-12-11,US,Illinois,Menard,598,3,0,40.02742725,-89.80246001,17129.0,0.0,0.0,4903.246966218432,0.5016722408026756,595,582,2,0,580,567,12288,16,1,0,15,15
2020-12-11,US,Illinois,Mercer,910,19,0,41.20596782,-90.74290052,17131.0,0.0,0.0,5894.9277709399485,2.087912087912088,891,905,18,0,887,877,15601,5,1,0,4,28
2020-12-11,US,Illinois,Monroe,2477,54,0,38.27594376,-90.17761038,17133.0,0.0,0.0,7151.312180616103,2.1800565199838515,2423,2444,53,0,2391,2400,34335,33,1,0,32,44
2020-12-11,US,Illinois,Montgomery,1425,19,0,39.23198845,-89.47809254,17135.0,0.0,0.0,5015.133384951079,1.3333333333333333,1406,1404,19,0,1385,1362,28601,21,0,0,21,42
2020-12-11,US,Illinois,Morgan,2603,64,0,39.71654544,-90.20255104,17137.0,0.0,0.0,7733.6740150929945,2.4587014982712256,2539,2539,62,0,2477,2526,33976,64,2,0,62,13
2020-12-11,US,Illinois,Moultrie,1066,17,0,39.64187451,-88.62099969,17139.0,0.0,0.0,7351.217157437418,1.594746716697936,1049,1048,17,0,1031,1038,14717,18,0,0,18,10
2020-12-11,US,Illinois,Ogle,3401,51,0,42.04165196,-89.32184679,17141.0,0.0,0.0,6715.636909345813,1.4995589532490443,3350,3356,50,0,3306,3289,50923,45,1,0,44,67
2020-12-11,US,Illinois,Out of IL,14,0,0,0.0,0.0,80017.0,0.0,0.0,0.0,0.0,14,19,0,0,19,13,,0,0,0,-5,6
2020-12-11,US,Illinois,Peoria,10949,158,0,40.78702156,-89.76078901,17143.0,0.0,0.0,6110.649127408904,1.4430541601972784,10791,10809,153,0,10656,10630,180621,140,5,0,135,179
2020-12-11,US,Illinois,Perry,1390,38,0,38.08510853,-89.36856219,17145.0,0.0,0.0,6645.6301396060435,2.733812949640288,1352,1354,36,0,1318,1326,21174,36,2,0,34,28
2020-12-11,US,Illinois,Piatt,888,5,0,40.01360584,-88.59319339,17147.0,0.0,0.0,5433.186490455213,0.5630630630630631,883,882,5,0,877,873,16396,6,0,0,6,9
2020-12-11,US,Illinois,Pike,1156,34,0,39.62265059,-90.8877017,17149.0,0.0,0.0,7428.82848146006,2.9411764705882355,1122,1143,34,0,1109,1135,15611,13,0,0,13,8
2020-12-11,US,Illinois,Pope,138,1,0,37.41391284,-88.56152109,17151.0,0.0,0.0,3303.806559731865,0.7246376811594203,137,133,1,0,132,130,4212,5,0,0,5,3
2020-12-11,US,Illinois,Pulaski,489,2,0,37.22631423,-89.13085001,17153.0,0.0,0.0,9165.88566073102,0.40899795501022496,487,482,2,0,480,474,5463,7,0,0,7,8
2020-12-11,US,Illinois,Putnam,286,0,0,41.2013541,-89.2869272,17155.0,0.0,0.0,4983.446593483185,0.0,286,283,0,0,283,277,5740,3,0,0,3,6
2020-12-11,US,Illinois,Randolph,2734,29,0,38.05095369,-89.82512254,17157.0,0.0,0.0,8602.353533446605,1.0607168983174835,2705,2696,29,0,2667,2645,32106,38,0,0,38,51
2020-12-11,US,Illinois,Richland,1036,22,0,38.71240969,-88.08475366,17159.0,0.0,0.0,6678.269838200218,2.123552123552124,1014,1020,22,0,998,990,15763,16,0,0,16,30
2020-12-11,US,Illinois,Rock Island,9762,192,0,41.46613806,-90.57042164,17161.0,0.0,0.0,6880.510857843656,1.9668100799016597,9570,9666,187,0,9479,9512,143477,96,5,0,91,154
2020-12-11,US,Illinois,Saline,1334,32,0,37.75332999,-88.54119706,17165.0,0.0,0.0,5678.770592993062,2.39880059970015,1302,1309,32,0,1277,1277,23906,25,0,0,25,32
2020-12-11,US,Illinois,Sangamon,11673,138,0,39.75836914,-89.65872023,17167.0,0.0,0.0,5996.23982904578,1.1822153687997945,11535,11551,136,0,11415,11434,195348,122,2,0,120,117
2020-12-11,US,Illinois,Schuyler,469,2,0,40.157179799999994,-90.61114163,17169.0,0.0,0.0,6929.669030732863,0.4264392324093816,467,457,2,0,455,449,6907,12,0,0,12,8
2020-12-11,US,Illinois,Scott,274,0,0,39.642916899999996,-90.47814431,17171.0,0.0,0.0,5534.235507978186,0.0,274,271,0,0,271,268,4926,3,0,0,3,3
2020-12-11,US,Illinois,Shelby,1597,31,0,39.39133527,-88.80611122,17173.0,0.0,0.0,7381.898862900989,1.941139636819036,1566,1573,30,0,1543,1561,21741,24,1,0,23,12
2020-12-11,US,Illinois,St. Clair,15973,304,0,38.46996033,-89.93063427,17163.0,0.0,0.0,6150.889920904478,1.9032116696926065,15669,15741,297,0,15444,15499,261059,232,7,0,225,242
2020-12-11,US,Illinois,Stark,362,7,0,41.09309773,-89.79745866,17175.0,0.0,0.0,6776.48820666417,1.9337016574585637,355,356,7,0,349,346,5427,6,0,0,6,10
2020-12-11,US,Illinois,Stephenson,2813,45,0,42.35129217,-89.662598,17177.0,0.0,0.0,6321.6324329183335,1.5997156061144686,2768,2774,44,0,2730,2737,44753,39,1,0,38,37
2020-12-11,US,Illinois,Tazewell,8383,142,0,40.50716185,-89.51404662,17179.0,0.0,0.0,6360.249766697268,1.693904330192055,8241,8260,139,0,8121,8118,132328,123,3,0,120,142
2020-12-11,US,Illinois,Unassigned,267,0,0,0.0,0.0,90017.0,0.0,0.0,0.0,0.0,267,276,0,0,276,312,,0,0,0,-9,0
2020-12-11,US,Illinois,Union,1391,29,0,37.47119609,-89.25548938,17181.0,0.0,0.0,8352.849336455894,2.0848310567936736,1362,1371,29,0,1342,1353,16841,20,0,0,20,18
2020-12-11,US,Illinois,Vermilion,4827,71,0,40.18417171,-87.73384359,17183.0,0.0,0.0,6371.604319015813,1.4708928941371453,4756,4731,68,0,4663,4660,76806,96,3,0,93,71
2020-12-11,US,Illinois,Wabash,800,9,0,38.44272901,-87.84922065,17185.0,0.0,0.0,6944.444444444444,1.125,791,784,9,0,775,766,11549,16,0,0,16,18
2020-12-11,US,Illinois,Warren,1287,26,0,40.84925021,-90.6147432,17187.0,0.0,0.0,7640.702920921396,2.0202020202020203,1261,1273,26,0,1247,1247,17032,14,0,0,14,26
2020-12-11,US,Illinois,Washington,934,6,0,38.35309213,-89.40982703,17189.0,0.0,0.0,6725.7146971988195,0.6423982869379015,928,910,5,0,905,880,13995,24,1,0,23,30
2020-12-11,US,Illinois,Wayne,1092,36,0,38.42955355,-88.42586459,17191.0,0.0,0.0,6734.505087881591,3.2967032967032965,1056,1077,36,0,1041,1053,16332,15,0,0,15,24
2020-12-11,US,Illinois,White,802,13,0,38.08706198,-88.17657461,17193.0,0.0,0.0,5924.503213415084,1.6209476309226931,789,770,13,0,757,745,13665,32,0,0,32,25
2020-12-11,US,Illinois,Whiteside,4219,149,0,41.75509713,-89.91556058,17195.0,0.0,0.0,7646.579066606252,3.531642569329225,4070,4174,146,0,4028,4141,55626,45,3,0,42,33
2020-12-11,US,Illinois,Will,45363,659,0,41.44619267,-87.97862712,17197.0,0.0,0.0,6567.276107032572,1.4527257897405377,44704,44883,650,0,44233,44069,692310,480,9,0,471,814
2020-12-11,US,Illinois,Williamson,4311,97,0,37.73033511,-88.92994027,17199.0,0.0,0.0,6473.2645614667335,2.25005799118534,4214,4230,96,0,4134,4169,67056,81,1,0,80,61
2020-12-11,US,Illinois,Winnebago,21555,314,0,42.33641854,-89.16085327,17201.0,0.0,0.0,7628.144331356256,1.456738575736488,21241,21295,311,0,20984,21038,284081,260,3,0,257,257
2020-12-11,US,Illinois,Woodford,2217,34,0,40.78579374,-89.20973757,17203.0,0.0,0.0,5764.580462310511,1.5336039693279206,2183,2170,32,0,2138,2126,38463,47,2,0,45,44
2020-12-11,US,Indiana,Adams,2222,28,0,40.7457653,-84.93671406,18001.0,0.0,0.0,6210.6940212986,1.26012601260126,2194,2176,28,0,2148,2143,35636,46,0,0,46,33
2020-12-11,US,Indiana,Allen,23418,381,0,41.09194313,-85.06800636,18003.0,0.0,0.0,6174.021022992414,1.6269536254163464,23037,22955,379,0,22576,22738,375351,463,2,0,461,217
2020-12-11,US,Indiana,Bartholomew,4413,70,0,39.20744865,-85.89558181,18005.0,0.0,0.0,5267.429785507108,1.5862225243598458,4343,4321,69,0,4252,4253,82753,92,1,0,91,68
2020-12-11,US,Indiana,Benton,582,3,0,40.60626947,-87.31093999,18007.0,0.0,0.0,6652.949245541839,0.5154639175257731,579,548,3,0,545,535,8653,34,0,0,34,13
2020-12-11,US,Indiana,Blackford,749,19,0,40.47388153,-85.32499702,18009.0,0.0,0.0,6370.130974655554,2.5367156208277706,730,731,19,0,712,712,11930,18,0,0,18,19
2020-12-11,US,Indiana,Boone,3362,56,0,40.0509304,-86.46841646,18011.0,0.0,0.0,4955.559158645697,1.6656751933372993,3306,3283,56,0,3227,3218,66999,79,0,0,79,65
2020-12-11,US,Indiana,Brown,498,8,0,39.19605589,-86.22868909,18013.0,0.0,0.0,3299.761463026769,1.606425702811245,490,493,8,0,485,485,15234,5,0,0,5,8
2020-12-11,US,Indiana,Carroll,979,14,0,40.580783200000006,-86.56198812,18015.0,0.0,0.0,4832.897270079478,1.4300306435137895,965,961,14,0,947,935,20127,18,0,0,18,26
2020-12-11,US,Indiana,Cass,3568,34,0,40.76135835,-86.34830753,18017.0,0.0,0.0,9466.953222425642,0.9529147982062779,3534,3508,34,0,3474,3463,37955,60,0,0,60,45
2020-12-11,US,Indiana,Clark,6584,92,0,38.48015445,-85.70510334,18019.0,0.0,0.0,5565.417321769708,1.3973268529769138,6492,6481,92,0,6389,6373,117360,103,0,0,103,108
2020-12-11,US,Indiana,Clay,1558,27,0,39.39561833,-87.11723506,18021.0,0.0,0.0,5940.89609151573,1.7329910141206677,1531,1546,27,0,1519,1525,26170,12,0,0,12,21
2020-12-11,US,Indiana,Clinton,2480,27,0,40.30319754,-86.47277257,18023.0,0.0,0.0,7654.557239420969,1.0887096774193548,2453,2394,27,0,2367,2346,32250,86,0,0,86,48
2020-12-11,US,Indiana,Crawford,451,6,0,38.28814402,-86.44518825,18025.0,0.0,0.0,4263.968989316441,1.3303769401330376,445,443,6,0,437,422,10558,8,0,0,8,21
2020-12-11,US,Indiana,Daviess,1958,58,0,38.70186039,-87.07185406,18027.0,0.0,0.0,5870.8884291325585,2.96220633299285,1900,1938,58,0,1880,1909,33147,20,0,0,20,29
2020-12-11,US,Indiana,DeKalb,2424,39,0,41.39804622,-84.99906934,18033.0,0.0,0.0,5575.618171362851,1.6089108910891092,2385,2376,39,0,2337,2365,43226,48,0,0,48,11
2020-12-11,US,Indiana,Dearborn,2975,37,0,39.14647946,-84.97333539,18029.0,0.0,0.0,6015.204820251526,1.2436974789915969,2938,2914,37,0,2877,2875,49568,61,0,0,61,39
2020-12-11,US,Indiana,Decatur,1703,48,0,39.30712658,-85.50087166,18031.0,0.0,0.0,6412.139011257954,2.818555490311216,1655,1682,46,0,1636,1631,26794,21,2,0,19,51
2020-12-11,US,Indiana,Delaware,6270,115,0,40.22787247,-85.39732772,18035.0,0.0,0.0,5493.494545932448,1.8341307814992025,6155,6197,115,0,6082,6082,114772,73,0,0,73,115
2020-12-11,US,Indiana,Dubois,3175,34,0,38.36597551,-86.87924170000002,18037.0,0.0,0.0,7429.333582927742,1.0708661417322836,3141,3129,34,0,3095,3066,42565,46,0,0,46,63
2020-12-11,US,Indiana,Elkhart,20366,272,0,41.59761169,-85.85875695,18039.0,0.0,0.0,9870.069448146514,1.335559265442404,20094,20133,272,0,19861,19910,205560,233,0,0,233,223
2020-12-11,US,Indiana,Fayette,1852,41,0,39.63684962,-85.17797541,18041.0,0.0,0.0,8016.621937494589,2.2138228941684663,1811,1815,41,0,1774,1794,23047,37,0,0,37,21
2020-12-11,US,Indiana,Floyd,4083,81,0,38.32117957,-85.90385377,18043.0,0.0,0.0,5199.816611904944,1.9838354151359292,4002,4024,81,0,3943,3948,77781,59,0,0,59,76
2020-12-11,US,Indiana,Fountain,1178,13,0,40.12361933,-87.24217689,18045.0,0.0,0.0,7206.656062645296,1.1035653650254669,1165,1149,12,0,1137,1119,16351,29,1,0,28,30
2020-12-11,US,Indiana,Franklin,938,28,0,39.4142482,-85.06062647,18047.0,0.0,0.0,4121.627559539503,2.985074626865672,910,922,28,0,894,910,22736,16,0,0,16,12
2020-12-11,US,Indiana,Fulton,1132,22,0,41.0469907,-86.26252745,18049.0,0.0,0.0,5667.367577851207,1.9434628975265016,1110,1110,22,0,1088,1076,20092,22,0,0,22,34
2020-12-11,US,Indiana,Gibson,2506,44,0,38.30393723,-87.58054938,18051.0,0.0,0.0,7445.259811640273,1.7557861133280128,2462,2456,42,0,2414,2433,33452,50,2,0,48,23
2020-12-11,US,Indiana,Grant,3893,61,0,40.51587228,-85.65468702,18053.0,0.0,0.0,5919.202055679728,1.5669149755972258,3832,3806,60,0,3746,3708,65936,87,1,0,86,98
2020-12-11,US,Indiana,Greene,1474,54,0,39.03630547,-86.96223202,18055.0,0.0,0.0,4617.505168849069,3.663500678426052,1420,1448,54,0,1394,1404,32006,26,0,0,26,44
2020-12-11,US,Indiana,Hamilton,18261,206,0,40.07306535,-86.05244729,18057.0,0.0,0.0,5402.486901313862,1.1280871803296644,18055,17903,205,0,17698,17505,330086,358,1,0,357,398
2020-12-11,US,Indiana,Hancock,3835,71,0,39.82304555,-85.77566351,18059.0,0.0,0.0,4906.099682734623,1.8513689700130376,3764,3743,71,0,3672,3664,76351,92,0,0,92,79
2020-12-11,US,Indiana,Harrison,1977,28,0,38.19467379,-86.10948271,18061.0,0.0,0.0,4879.674194742688,1.4162873039959534,1949,1939,28,0,1911,1903,40350,38,0,0,38,36
2020-12-11,US,Indiana,Hendricks,8632,178,0,39.76719009,-86.51037283,18063.0,0.0,0.0,5068.374914127684,2.0620945319740502,8454,8394,175,0,8219,8248,167009,238,3,0,235,146
2020-12-11,US,Indiana,Henry,3228,42,0,39.93029017,-85.39625719,18065.0,0.0,0.0,6728.925206370383,1.3011152416356877,3186,3169,42,0,3127,3095,48271,59,0,0,59,74
2020-12-11,US,Indiana,Howard,5105,89,0,40.48527731,-86.11351892,18067.0,0.0,0.0,6184.5803450281055,1.7433888344760042,5016,4987,88,0,4899,4842,82366,118,1,0,117,145
2020-12-11,US,Indiana,Huntington,1826,17,0,40.82907273,-85.48822092,18069.0,0.0,0.0,5000.0,0.9309967141292442,1809,1789,16,0,1773,1738,36240,37,1,0,36,51
2020-12-11,US,Indiana,Jackson,3086,41,0,38.90915820000001,-86.03851889,18071.0,0.0,0.0,6977.007076484821,1.3285806869734285,3045,3027,41,0,2986,2981,44111,59,0,0,59,46
2020-12-11,US,Indiana,Jasper,2002,22,0,41.02078733,-87.11553319,18073.0,0.0,0.0,5965.079554257792,1.0989010989010992,1980,1958,22,0,1936,1928,33370,44,0,0,44,30
2020-12-11,US,Indiana,Jay,1318,19,0,40.43781032,-85.00576229,18075.0,0.0,0.0,6449.40301428851,1.4415781487101669,1299,1297,19,0,1278,1282,20764,21,0,0,21,15
2020-12-11,US,Indiana,Jefferson,1633,23,0,38.78576239,-85.43633383,18077.0,0.0,0.0,5054.475671660271,1.4084507042253518,1610,1594,22,0,1572,1554,32208,39,1,0,38,40
2020-12-11,US,Indiana,Jennings,1337,23,0,38.99588883,-85.62710784,18079.0,0.0,0.0,4820.62376059131,1.7202692595362752,1314,1296,23,0,1273,1244,27611,41,0,0,41,52
2020-12-11,US,Indiana,Johnson,9212,192,0,39.48994426,-86.10149107,18081.0,0.0,0.0,5824.22376349049,2.0842379504993485,9020,8996,188,0,8808,8771,156225,216,4,0,212,225
2020-12-11,US,Indiana,Knox,2425,30,0,38.68861576,-87.4194665,18083.0,0.0,0.0,6626.769415751216,1.2371134020618555,2395,2374,29,0,2345,2337,36895,51,1,0,50,37
2020-12-11,US,Indiana,Kosciusko,5772,57,0,41.24521668,-85.86312322,18085.0,0.0,0.0,7264.397905759162,0.9875259875259876,5715,5677,54,0,5623,5628,79344,95,3,0,92,49
2020-12-11,US,Indiana,LaGrange,1776,40,0,41.64232188,-85.42674232,18087.0,0.0,0.0,4483.263492704599,2.2522522522522523,1736,1750,39,0,1711,1726,39330,26,1,0,25,24
2020-12-11,US,Indiana,LaPorte,5910,113,0,41.54366008,-86.74072188,18091.0,0.0,0.0,5378.203261502621,1.9120135363790187,5797,5817,112,0,5705,5782,110007,93,1,0,92,35
2020-12-11,US,Indiana,Lake,33850,519,0,41.41874274,-87.38277575,18089.0,0.0,0.0,6972.2941422430395,1.533234859675037,33331,33496,515,0,32981,33076,484411,354,4,0,350,420
2020-12-11,US,Indiana,Lawrence,2425,55,0,38.84112637,-86.48361629,18093.0,0.0,0.0,5344.94159135993,2.268041237113402,2370,2376,55,0,2321,2319,45668,49,0,0,49,57
2020-12-11,US,Indiana,Madison,6887,137,0,40.16143691,-85.71964711,18095.0,0.0,0.0,5315.314620009416,1.9892551183388996,6750,6757,136,0,6621,6618,129641,130,1,0,129,139
2020-12-11,US,Indiana,Marion,56247,950,0,39.78163624,-86.13826325,18097.0,0.0,0.0,5831.2305226512635,1.6889789677671698,55297,55217,939,0,54278,54204,954670,1030,11,0,1019,1013
2020-12-11,US,Indiana,Marshall,3865,57,0,41.32467367,-86.26185087,18099.0,0.0,0.0,8355.311513684119,1.4747736093143595,3808,3789,57,0,3732,3729,46248,76,0,0,76,60
2020-12-11,US,Indiana,Martin,463,8,0,38.7099921,-86.80373186,18101.0,0.0,0.0,4514.870794734276,1.7278617710583153,455,449,8,0,441,438,10217,14,0,0,14,11
2020-12-11,US,Indiana,Miami,2196,22,0,40.76940965,-86.04525048,18103.0,0.0,0.0,6183.128730712918,1.0018214936247722,2174,2165,22,0,2143,2135,35567,31,0,0,31,30
2020-12-11,US,Indiana,Monroe,6739,65,0,39.16130004,-86.52414358,18105.0,0.0,0.0,4540.156705809433,0.9645347974476924,6674,6649,65,0,6584,6586,146917,90,0,0,90,63
2020-12-11,US,Indiana,Montgomery,2111,33,0,40.04034823,-86.89335024,18107.0,0.0,0.0,5506.286191246283,1.5632401705352914,2078,2025,33,0,1992,1982,38346,86,0,0,86,43
2020-12-11,US,Indiana,Morgan,3193,53,0,39.47899078,-86.44573375,18109.0,0.0,0.0,4529.784789116033,1.659880989664892,3140,3119,52,0,3067,3011,70116,74,1,0,73,108
2020-12-11,US,Indiana,Newton,694,17,0,40.95610449,-87.39635768,18111.0,0.0,0.0,4962.814645308925,2.44956772334294,677,683,17,0,666,674,14011,11,0,0,11,9
2020-12-11,US,Indiana,Noble,3304,51,0,41.39672484,-85.41966713,18113.0,0.0,0.0,6920.241286863272,1.5435835351089588,3253,3259,51,0,3208,3240,47532,45,0,0,45,19
2020-12-11,US,Indiana,Ohio,285,7,0,38.955304999999996,-84.96515993,18115.0,0.0,0.0,4851.063829787234,2.456140350877193,278,279,7,0,272,274,5844,6,0,0,6,5
2020-12-11,US,Indiana,Orange,915,28,0,38.54118920000001,-86.49523093,18117.0,0.0,0.0,4657.436628321288,3.0601092896174866,887,892,28,0,864,870,19489,23,0,0,23,22
2020-12-11,US,Indiana,Owen,948,15,0,39.31145587,-86.83900724,18119.0,0.0,0.0,4557.911438049906,1.5822784810126582,933,931,14,0,917,882,20845,17,1,0,16,49
2020-12-11,US,Indiana,Parke,958,7,0,39.77202286,-87.20375833,18121.0,0.0,0.0,5656.255535218753,0.7306889352818372,951,909,7,0,902,888,16927,49,0,0,49,21
2020-12-11,US,Indiana,Perry,987,21,0,38.07809328,-86.63741946,18123.0,0.0,0.0,5148.9383901090305,2.127659574468085,966,976,21,0,955,958,19102,11,0,0,11,18
2020-12-11,US,Indiana,Pike,681,21,0,38.40112197,-87.23574907,18125.0,0.0,0.0,5496.811687787554,3.0837004405286343,660,665,21,0,644,661,12410,16,0,0,16,4
2020-12-11,US,Indiana,Porter,10419,111,0,41.45986947,-87.06848888,18127.0,0.0,0.0,6114.83135648428,1.0653613590555715,10308,10306,109,0,10197,10198,169594,113,2,0,111,108
2020-12-11,US,Indiana,Posey,1523,22,0,38.02097333,-87.86480429,18129.0,0.0,0.0,5989.695992448972,1.4445173998686802,1501,1507,22,0,1485,1494,25540,16,0,0,16,13
2020-12-11,US,Indiana,Pulaski,610,24,0,41.04166107,-86.69890683,18131.0,0.0,0.0,4938.071723467982,3.9344262295081966,586,597,24,0,573,584,12469,13,0,0,13,13
2020-12-11,US,Indiana,Putnam,1791,33,0,39.66437981,-86.84517605,18133.0,0.0,0.0,4766.340217159889,1.8425460636515916,1758,1756,33,0,1723,1711,37779,35,0,0,35,45
2020-12-11,US,Indiana,Randolph,1610,28,0,40.15734772,-85.01139319,18135.0,0.0,0.0,6527.468072167038,1.7391304347826086,1582,1600,28,0,1572,1562,24851,10,0,0,10,38
2020-12-11,US,Indiana,Ripley,1967,30,0,39.10235626,-85.26212744,18137.0,0.0,0.0,6944.640587487643,1.525165226232842,1937,1925,28,0,1897,1895,28523,42,2,0,40,30
2020-12-11,US,Indiana,Rush,795,9,0,39.62002287,-85.4655599,18139.0,0.0,0.0,4794.644472589108,1.1320754716981132,786,769,8,0,761,745,16663,26,1,0,25,24
2020-12-11,US,Indiana,Scott,1560,30,0,38.68672078,-85.74627859,18143.0,0.0,0.0,6534.578812884849,1.9230769230769231,1530,1526,29,0,1497,1477,23878,34,1,0,33,49
2020-12-11,US,Indiana,Shelby,2666,66,0,39.52305623,-85.79158570000001,18145.0,0.0,0.0,5960.338930000671,2.4756189047261814,2600,2587,65,0,2522,2511,44593,79,1,0,78,76
2020-12-11,US,Indiana,Spencer,1092,10,0,38.01519732,-87.0079644,18147.0,0.0,0.0,5385.412043201657,0.9157509157509156,1082,1072,9,0,1063,1058,20327,20,1,0,19,14
2020-12-11,US,Indiana,St. Joseph,21095,278,0,41.61756781,-86.29040834,18141.0,0.0,0.0,7760.479130031711,1.3178478312396302,20817,20817,276,0,20541,20607,270771,278,2,0,276,210
2020-12-11,US,Indiana,Starke,1254,29,0,41.27890281,-86.64686895,18149.0,0.0,0.0,5453.359425962166,2.3125996810207337,1225,1232,28,0,1204,1201,22935,22,1,0,21,31
2020-12-11,US,Indiana,Steuben,1972,16,0,41.64423868,-85.00101094,18151.0,0.0,0.0,5700.410475805053,0.8113590263691683,1956,1940,16,0,1924,1920,34586,32,0,0,32,20
2020-12-11,US,Indiana,Sullivan,1340,21,0,39.08952258,-87.41414469,18153.0,0.0,0.0,6483.139000435434,1.5671641791044777,1319,1325,21,0,1304,1306,20690,15,0,0,15,19
2020-12-11,US,Indiana,Switzerland,363,5,0,38.82767338,-85.03022429,18155.0,0.0,0.0,3376.430099525625,1.3774104683195592,358,345,5,0,340,330,10717,18,0,0,18,15
2020-12-11,US,Indiana,Tippecanoe,11863,47,0,40.38872739,-86.89413959,18157.0,0.0,0.0,6060.838289089163,0.3961898339374526,11816,11635,42,0,11593,11438,193048,228,5,0,223,197
2020-12-11,US,Indiana,Tipton,807,29,0,40.31123252,-86.05234925,18159.0,0.0,0.0,5327.4359651439145,3.5935563816604708,778,781,29,0,752,755,15128,26,0,0,26,26
2020-12-11,US,Indiana,Unassigned,0,300,0,0.0,0.0,90018.0,0.0,0.0,0.0,0.0,-300,0,301,0,-301,0,,0,0,0,1,0
2020-12-11,US,Indiana,Union,360,2,0,39.62550777,-84.92497066,18161.0,0.0,0.0,5103.4873830450815,0.5555555555555556,358,333,2,0,331,327,7037,27,0,0,27,6
2020-12-11,US,Indiana,Vanderburgh,12261,154,0,38.02658833,-87.58763124,18163.0,0.0,0.0,6757.196157640356,1.2560150069325504,12107,12115,151,0,11964,12027,180974,146,3,0,143,88
2020-12-11,US,Indiana,Vermillion,898,18,0,39.8523352,-87.46160542,18165.0,0.0,0.0,5794.296038198478,2.0044543429844097,880,879,18,0,861,863,15479,19,0,0,19,16
2020-12-11,US,Indiana,Vigo,7669,123,0,39.42944561,-87.39169027,18167.0,0.0,0.0,7164.745230665743,1.6038596948754726,7546,7584,122,0,7462,7473,107386,85,1,0,84,111
2020-12-11,US,Indiana,Wabash,2219,28,0,40.84704239,-85.79328272,18169.0,0.0,0.0,7158.9882565492335,1.2618296529968454,2191,2181,28,0,2153,2160,31280,38,0,0,38,21
2020-12-11,US,Indiana,Warren,357,6,0,40.34728141,-87.35602659,18171.0,0.0,0.0,4319.4192377495465,1.680672268907563,351,350,5,0,345,339,8263,7,1,0,6,11
2020-12-11,US,Indiana,Warrick,4138,77,0,38.08922676,-87.2716085,18173.0,0.0,0.0,6568.4624908727255,1.860802319961334,4061,4062,77,0,3985,4029,62567,76,0,0,76,33
2020-12-11,US,Indiana,Washington,1068,10,0,38.60219804,-86.1049363,18175.0,0.0,0.0,3809.3879298045367,0.9363295880149812,1058,1043,10,0,1033,1023,27943,25,0,0,25,20
2020-12-11,US,Indiana,Wayne,4222,115,0,39.863344399999995,-85.01044989,18177.0,0.0,0.0,6408.232651326573,2.7238275698720984,4107,4144,112,0,4032,4060,65936,78,3,0,75,84
2020-12-11,US,Indiana,Wells,1629,42,0,40.72934187,-85.22132966,18179.0,0.0,0.0,5756.997455470739,2.5782688766114177,1587,1614,39,0,1575,1599,28206,15,3,0,12,15
2020-12-11,US,Indiana,White,1778,24,0,40.74911165,-86.86492015,18181.0,0.0,0.0,7376.981163388929,1.3498312710911136,1754,1751,24,0,1727,1723,24133,27,0,0,27,28
2020-12-11,US,Indiana,Whitley,1935,17,0,41.13863784,-85.50791236,18183.0,0.0,0.0,5697.208809327523,0.8785529715762274,1918,1874,17,0,1857,1851,34074,61,0,0,61,23
2020-12-11,US,Iowa,Adair,506,16,0,41.33075609,-94.47105874,19001.0,0.0,0.0,7074.944071588367,3.1620553359683794,490,503,11,0,492,499,7063,3,5,0,-2,4
2020-12-11,US,Iowa,Adams,208,2,0,41.02903567,-94.69932645,19003.0,0.0,0.0,5774.569683509161,0.9615384615384616,206,206,2,0,204,200,3645,2,0,0,2,6
2020-12-11,US,Iowa,Allamakee,995,17,0,43.28383218,-91.37860922,19005.0,0.0,0.0,7269.671951486812,1.7085427135678393,978,990,14,0,976,971,13832,5,3,0,2,19
2020-12-11,US,Iowa,Appanoose,868,33,0,40.74324454,-92.86865906,19007.0,0.0,0.0,6985.353291485594,3.80184331797235,835,862,14,0,848,858,12437,6,19,0,-13,4
2020-12-11,US,Iowa,Audubon,326,6,0,41.6844628,-94.90581859,19009.0,0.0,0.0,5931.586608442502,1.8404907975460123,320,323,3,0,320,321,5506,3,3,0,0,2
2020-12-11,US,Iowa,Benton,1852,28,0,42.08011739,-92.06463573,19011.0,0.0,0.0,7221.680639500876,1.5118790496760257,1824,1847,25,0,1822,1826,25642,5,3,0,2,21
2020-12-11,US,Iowa,Black Hawk,11747,183,0,42.4704581,-92.30524729,19013.0,0.0,0.0,8951.595696040478,1.5578445560568657,11564,11726,156,0,11570,11637,132408,21,27,0,-6,89
2020-12-11,US,Iowa,Boone,1605,14,0,42.03657094,-93.9313999,19015.0,0.0,0.0,6118.014789967218,0.8722741433021807,1591,1586,12,0,1574,1568,26346,19,2,0,17,18
2020-12-11,US,Iowa,Bremer,2118,32,0,42.77461496,-92.31795937,19017.0,0.0,0.0,8451.041417285132,1.5108593012275733,2086,2108,14,0,2094,2094,24947,10,18,0,-8,14
2020-12-11,US,Iowa,Buchanan,1315,15,0,42.4709188,-91.83510825,19019.0,0.0,0.0,6210.153482880754,1.1406844106463878,1300,1309,10,0,1299,1304,21199,6,5,0,1,5
2020-12-11,US,Iowa,Buena Vista,3341,18,0,42.73545875,-95.15100162,19021.0,0.0,0.0,17028.54230377166,0.5387608500448967,3323,3313,14,0,3299,3279,19874,28,4,0,24,34
2020-12-11,US,Iowa,Butler,1147,12,0,42.73172833,-92.79015971,19023.0,0.0,0.0,7943.763418519288,1.0462074978204008,1135,1143,12,0,1131,1131,14539,4,0,0,4,12
2020-12-11,US,Iowa,Calhoun,1129,8,0,42.38521079,-94.64046046,19025.0,0.0,0.0,11677.699627637568,0.70859167404783,1121,1127,7,0,1120,1124,9699,2,1,0,1,3
2020-12-11,US,Iowa,Carroll,2135,22,0,42.03617207,-94.86032705,19027.0,0.0,0.0,10587.651872055541,1.0304449648711944,2113,2127,26,0,2101,2104,20154,8,0,0,12,23
2020-12-11,US,Iowa,Cass,906,35,0,41.33149454,-94.92792482,19029.0,0.0,0.0,7058.273605484576,3.8631346578366452,871,904,26,0,878,896,12930,2,9,0,-7,8
2020-12-11,US,Iowa,Cedar,1232,15,0,41.77233777,-91.13246684,19031.0,0.0,0.0,6614.054866591508,1.2175324675324677,1217,1232,15,0,1217,1216,18627,0,0,0,0,16
2020-12-11,US,Iowa,Cerro Gordo,3970,49,0,43.08177563,-93.2612239,19033.0,0.0,0.0,9352.179034157833,1.2342569269521408,3921,3951,52,0,3899,3913,42647,19,0,0,22,38
2020-12-11,US,Iowa,Cherokee,1078,14,0,42.73538914,-95.62389402,19035.0,0.0,0.0,9595.015576323987,1.2987012987012987,1064,1070,4,0,1066,1053,11321,8,10,0,-2,17
2020-12-11,US,Iowa,Chickasaw,957,9,0,43.06001295,-92.31773347,19037.0,0.0,0.0,8019.777088745495,0.9404388714733544,948,954,6,0,948,945,11964,3,3,0,0,9
2020-12-11,US,Iowa,Clarke,544,6,0,41.02868181,-93.78499767,19039.0,0.0,0.0,5790.313996806812,1.1029411764705883,538,543,4,0,539,540,9423,1,2,0,-1,3
2020-12-11,US,Iowa,Clay,1380,10,0,43.08247182,-95.15096481,19041.0,0.0,0.0,8616.383616383617,0.7246376811594203,1370,1370,7,0,1363,1344,16134,10,3,0,7,26
2020-12-11,US,Iowa,Clayton,1245,24,0,42.84443388,-91.34133693,19043.0,0.0,0.0,7094.421334548977,1.9277108433734942,1221,1240,11,0,1229,1228,17556,5,13,0,-8,12
2020-12-11,US,Iowa,Clinton,3704,48,0,41.89981633,-90.53275096,19045.0,0.0,0.0,7977.772512869113,1.2958963282937366,3656,3683,48,0,3635,3654,46518,21,0,0,21,29
2020-12-11,US,Iowa,Crawford,1910,16,0,42.03718237,-95.3819718,19047.0,0.0,0.0,11355.529131985733,0.837696335078534,1894,1904,16,0,1888,1890,17158,6,0,0,6,14
2020-12-11,US,Iowa,Dallas,7057,60,0,41.68560356,-94.04127625,19049.0,0.0,0.0,7551.389468502884,0.8502196400736857,6997,7032,60,0,6972,6959,90180,25,0,0,25,73
2020-12-11,US,Iowa,Davis,525,12,0,40.74773536,-92.41005468,19051.0,0.0,0.0,5833.333333333332,2.2857142857142856,513,522,11,0,511,516,9017,3,1,0,2,6
2020-12-11,US,Iowa,Decatur,373,2,0,40.73742757,-93.78645949,19053.0,0.0,0.0,4739.517153748412,0.5361930294906166,371,368,1,0,367,363,7890,5,1,0,4,5
2020-12-11,US,Iowa,Delaware,1531,26,0,42.47104597,-91.3664492,19055.0,0.0,0.0,9000.058785491741,1.6982364467668192,1505,1527,22,0,1505,1519,17069,4,4,0,0,8
2020-12-11,US,Iowa,Des Moines,3229,26,0,40.92012606,-91.18326592,19057.0,0.0,0.0,8286.498832345318,0.8052028491793125,3203,3212,23,0,3189,3180,39138,17,3,0,14,32
2020-12-11,US,Iowa,Dickinson,1554,12,0,43.37787725,-95.1510206,19059.0,0.0,0.0,9004.519643064086,0.7722007722007722,1542,1547,12,0,1535,1533,17153,7,0,0,7,14
2020-12-11,US,Iowa,Dubuque,9891,123,0,42.46815349,-90.88181925,19061.0,0.0,0.0,10164.318525141043,1.2435547467394599,9768,9866,101,0,9765,9804,96854,25,22,0,3,62
2020-12-11,US,Iowa,Emmet,865,23,0,43.37782951,-94.67858943,19063.0,0.0,0.0,9394.005212858383,2.658959537572254,842,859,26,0,833,849,9253,6,0,0,9,10
2020-12-11,US,Iowa,Fayette,1173,14,0,42.86271799,-91.84412309999999,19065.0,0.0,0.0,5969.465648854962,1.1935208866155158,1159,1169,12,0,1157,1157,19660,4,2,0,2,12
2020-12-11,US,Iowa,Floyd,1188,23,0,43.06000529999999,-92.78940097,19067.0,0.0,0.0,7594.93670886076,1.9360269360269362,1165,1184,24,0,1160,1171,15761,4,0,0,5,13
2020-12-11,US,Iowa,Franklin,805,17,0,42.73270384,-93.26256925,19069.0,0.0,0.0,7994.041708043694,2.111801242236025,788,802,21,0,781,792,10124,3,0,0,7,10
2020-12-11,US,Iowa,Fremont,419,5,0,40.74542720000001,-95.60129045,19071.0,0.0,0.0,6020.114942528737,1.1933174224343674,414,419,3,0,416,411,6993,0,2,0,-2,8
2020-12-11,US,Iowa,Greene,577,6,0,42.03614551,-94.39658081,19073.0,0.0,0.0,6491.8991899189905,1.0398613518197577,571,577,2,0,575,572,8981,0,4,0,-4,5
2020-12-11,US,Iowa,Grundy,931,14,0,42.40183723,-92.78829551,19075.0,0.0,0.0,7611.183780248529,1.5037593984962403,917,921,14,0,907,914,12304,10,0,0,10,7
2020-12-11,US,Iowa,Guthrie,841,22,0,41.68378965,-94.50111014,19077.0,0.0,0.0,7867.901581064646,2.615933412604043,819,831,15,0,816,827,10720,10,7,0,3,4
2020-12-11,US,Iowa,Hamilton,1292,17,0,42.38382428,-93.70197703,19079.0,0.0,0.0,8745.684695051783,1.3157894736842106,1275,1287,15,0,1272,1268,14952,5,2,0,3,19
2020-12-11,US,Iowa,Hancock,1007,21,0,43.08178477,-93.73454884,19081.0,0.0,0.0,9473.189087488241,2.0854021847070507,986,998,8,0,990,974,10712,9,13,0,-4,24
2020-12-11,US,Iowa,Hardin,1303,20,0,42.38353877,-93.23654611,19083.0,0.0,0.0,7734.773833550991,1.5349194167306217,1283,1297,12,0,1285,1283,16868,6,8,0,-2,14
2020-12-11,US,Iowa,Harrison,1214,49,0,41.68330137,-95.81558439,19085.0,0.0,0.0,8641.184425937789,4.0362438220757815,1165,1213,33,0,1180,1194,14134,1,16,0,-15,19
2020-12-11,US,Iowa,Henry,2275,19,0,40.98767962,-91.54436349,19087.0,0.0,0.0,11401.222812468677,0.8351648351648352,2256,2262,8,0,2254,2136,20067,13,11,0,2,126
2020-12-11,US,Iowa,Howard,618,15,0,43.35671042,-92.31702714,19089.0,0.0,0.0,6748.198296571304,2.4271844660194173,603,613,9,0,604,608,9187,5,6,0,-1,5
2020-12-11,US,Iowa,Humboldt,852,12,0,42.7764426,-94.20722537,19091.0,0.0,0.0,8913.998744507218,1.4084507042253518,840,849,6,0,843,845,9547,3,6,0,-3,4
2020-12-11,US,Iowa,Ida,616,17,0,42.38696136,-95.51355387,19093.0,0.0,0.0,8979.591836734693,2.75974025974026,599,612,16,0,596,597,6841,4,1,0,3,15
2020-12-11,US,Iowa,Iowa,1050,19,0,41.68630265,-92.0643373,19095.0,0.0,0.0,6487.889273356403,1.809523809523809,1031,1043,14,0,1029,1039,16141,7,5,0,2,4
2020-12-11,US,Iowa,Jackson,1609,23,0,42.17178824,-90.57354837,19097.0,0.0,0.0,8277.174751787643,1.4294592914853947,1586,1599,17,0,1582,1588,19432,10,6,0,4,11
2020-12-11,US,Iowa,Jasper,2480,48,0,41.68576082,-93.05567785,19099.0,0.0,0.0,6669.355923087264,1.935483870967742,2432,2456,47,0,2409,2426,37147,24,1,0,23,30
2020-12-11,US,Iowa,Jefferson,837,12,0,41.03192394,-91.94849466,19101.0,0.0,0.0,4575.020497403662,1.4336917562724014,825,835,6,0,829,825,18381,2,6,0,-4,10
2020-12-11,US,Iowa,Johnson,10267,42,0,41.67169354,-91.58754744,19103.0,0.0,0.0,6793.0395659653295,0.4090776273497614,10225,10255,41,0,10214,10175,151260,12,1,0,11,80
2020-12-11,US,Iowa,Jones,2456,30,0,42.12118609,-91.13139641,19105.0,0.0,0.0,11875.634640491273,1.221498371335505,2426,2457,19,0,2438,2428,20744,0,11,0,-12,29
2020-12-11,US,Iowa,Keokuk,712,16,0,41.33649833,-92.1785067,19107.0,0.0,0.0,6949.053289088425,2.247191011235955,696,707,10,0,697,699,10225,5,6,0,-1,8
2020-12-11,US,Iowa,Kossuth,1351,22,0,43.20405458,-94.20691791,19109.0,0.0,0.0,9120.36724498751,1.6284233900814211,1329,1344,9,0,1335,1327,14908,7,13,0,-6,17
2020-12-11,US,Iowa,Lee,2522,20,0,40.64181461,-91.48183025,19111.0,0.0,0.0,7493.240633449208,0.7930214115781126,2502,2484,21,0,2463,2428,34055,38,0,0,39,56
2020-12-11,US,Iowa,Linn,15369,214,0,42.07923082,-91.59809485,19113.0,0.0,0.0,6779.264774642047,1.3924132994989915,15155,15347,173,0,15174,15258,225909,22,41,0,-19,89
2020-12-11,US,Iowa,Louisa,953,22,0,41.21842119,-91.26102611,19115.0,0.0,0.0,8636.157680108745,2.308499475341028,931,950,22,0,928,936,11169,3,0,0,3,14
2020-12-11,US,Iowa,Lucas,390,6,0,41.02958964,-93.32780803,19117.0,0.0,0.0,4534.883720930233,1.5384615384615383,384,388,6,0,382,382,8645,2,0,0,2,6
2020-12-11,US,Iowa,Lyon,1133,21,0,43.38107862,-96.20926845,19119.0,0.0,0.0,9638.451722671203,1.8534863195057367,1112,1131,10,0,1121,1128,11811,2,11,0,-9,3
2020-12-11,US,Iowa,Madison,819,8,0,41.33081904,-94.01554631,19121.0,0.0,0.0,5012.853470437018,0.9768009768009768,811,811,5,0,806,801,16249,8,3,0,5,10
2020-12-11,US,Iowa,Mahaska,1437,31,0,41.33521503,-92.64083907,19123.0,0.0,0.0,6503.733876442634,2.1572720946416144,1406,1431,29,0,1402,1405,22000,6,2,0,4,26
2020-12-11,US,Iowa,Marion,2280,32,0,41.33445101,-93.09934783,19125.0,0.0,0.0,6856.524223378342,1.4035087719298245,2248,2267,25,0,2242,2251,33407,13,7,0,6,16
2020-12-11,US,Iowa,Marshall,3732,53,0,42.03586837,-92.99908190000001,19127.0,0.0,0.0,9479.53973938886,1.420150053590568,3679,3722,51,0,3671,3698,39981,10,2,0,8,24
2020-12-11,US,Iowa,Mills,1169,11,0,41.03299766,-95.61920963,19129.0,0.0,0.0,7737.110331590443,0.9409751924721984,1158,1163,10,0,1153,1151,15063,6,1,0,5,12
2020-12-11,US,Iowa,Mitchell,898,19,0,43.35638371,-92.78887719,19131.0,0.0,0.0,8482.90194596637,2.115812917594655,879,895,11,0,884,886,10569,3,8,0,-5,9
2020-12-11,US,Iowa,Monona,498,12,0,42.05220391,-95.95743843,19133.0,0.0,0.0,5780.615206035984,2.409638554216868,486,495,9,0,486,484,8679,3,3,0,0,11
2020-12-11,US,Iowa,Monroe,493,15,0,41.02988815,-92.8690667,19135.0,0.0,0.0,6396.782146100947,3.042596348884381,478,486,13,0,473,483,7790,7,2,0,5,3
2020-12-11,US,Iowa,Montgomery,590,13,0,41.03018714,-95.15642896,19137.0,0.0,0.0,5949.379852778058,2.2033898305084745,577,584,11,0,573,569,10003,6,2,0,4,15
2020-12-11,US,Iowa,Muscatine,3269,63,0,41.48370744,-91.11216970000001,19139.0,0.0,0.0,7662.197637352335,1.9271948608137044,3206,3260,74,0,3186,3236,42929,9,0,0,20,24
2020-12-11,US,Iowa,O'Brien,1438,43,0,43.08310673,-95.62474482,19141.0,0.0,0.0,10455.900530793282,2.9902642559109878,1395,1433,32,0,1401,1428,13840,5,11,0,-6,5
2020-12-11,US,Iowa,Osceola,585,5,0,43.37824276,-95.62422844,19143.0,0.0,0.0,9818.731117824771,0.8547008547008547,580,584,2,0,582,580,6040,1,3,0,-2,4
2020-12-11,US,Iowa,Page,1267,9,0,40.7393172,-95.1497813,19145.0,0.0,0.0,8386.840537499174,0.7103393843725335,1258,1261,5,0,1256,1240,15249,6,4,0,2,21
2020-12-11,US,Iowa,Palo Alto,727,2,0,43.08193849,-94.67824621,19147.0,0.0,0.0,8181.408957911322,0.2751031636863824,725,724,5,0,719,714,8929,3,0,0,6,10
2020-12-11,US,Iowa,Plymouth,3080,40,0,42.737633,-96.21366621,19149.0,0.0,0.0,12233.387615680978,1.2987012987012987,3040,3067,45,0,3022,3048,25095,13,0,0,18,19
2020-12-11,US,Iowa,Pocahontas,633,4,0,42.73420133,-94.67862564,19151.0,0.0,0.0,9563.378153799667,0.631911532385466,629,631,4,0,627,624,6740,2,0,0,2,7
2020-12-11,US,Iowa,Polk,37132,368,0,41.68679484,-93.57767461,19153.0,0.0,0.0,7575.470100640402,0.991058924916514,36764,36942,357,0,36585,36654,487204,190,11,0,179,288
2020-12-11,US,Iowa,Pottawattamie,7312,72,0,41.33640314,-95.53907776,19155.0,0.0,0.0,7844.988520052357,0.9846827133479212,7240,7293,82,0,7211,7209,93533,19,0,0,29,84
2020-12-11,US,Iowa,Poweshiek,1093,21,0,41.68625425,-92.53155731,19157.0,0.0,0.0,5906.830955469088,1.9213174748398905,1072,1093,14,0,1079,1079,18699,0,7,0,-7,14
2020-12-11,US,Iowa,Ringgold,302,5,0,40.73518949,-94.24368535,19159.0,0.0,0.0,6170.821413976298,1.6556291390728477,297,299,2,0,297,290,4968,3,3,0,0,9
2020-12-11,US,Iowa,Sac,963,9,0,42.38624071,-95.10547892,19161.0,0.0,0.0,9906.38823166341,0.9345794392523364,954,956,9,0,947,950,9719,7,0,0,7,6
2020-12-11,US,Iowa,Scott,12739,116,0,41.63935978,-90.61959493,19163.0,0.0,0.0,7366.010766553139,0.9105895282204256,12623,12690,100,0,12590,12550,173283,49,16,0,33,140
2020-12-11,US,Iowa,Shelby,847,19,0,41.6850066,-95.31015553,19165.0,0.0,0.0,7394.7965776148085,2.2432113341204247,828,844,15,0,829,841,11578,3,4,0,-1,3
2020-12-11,US,Iowa,Sioux,4038,38,0,43.08221074,-96.17675679999999,19167.0,0.0,0.0,11585.138430641227,0.941059930658742,4000,4010,29,0,3981,3981,34909,28,9,0,19,29
2020-12-11,US,Iowa,Story,7341,22,0,42.03621213,-93.46499005,19169.0,0.0,0.0,7558.923772357054,0.29968669118648683,7319,7314,25,0,7289,7266,98105,27,0,0,30,48
2020-12-11,US,Iowa,Tama,1618,55,0,42.07991767,-92.53266945,19171.0,0.0,0.0,9600.094932953602,3.3992583436341164,1563,1618,42,0,1576,1603,16904,0,13,0,-13,15
2020-12-11,US,Iowa,Taylor,492,8,0,40.73710579,-94.69778563,19173.0,0.0,0.0,8037.902303545175,1.6260162601626016,484,490,3,0,487,486,6191,2,5,0,-3,4
2020-12-11,US,Iowa,Unassigned,593,0,0,0.0,0.0,90019.0,0.0,0.0,0.0,0.0,593,626,0,0,626,717,,0,0,0,-33,0
2020-12-11,US,Iowa,Union,928,9,0,41.0277278,-94.24234847,19175.0,0.0,0.0,7581.079977126054,0.9698275862068966,919,926,8,0,918,919,12359,2,1,0,1,7
2020-12-11,US,Iowa,Van Buren,417,11,0,40.75326764,-91.95017958,19177.0,0.0,0.0,5919.931856899489,2.6378896882494005,406,414,5,0,409,410,7020,3,6,0,-3,4
2020-12-11,US,Iowa,Wapello,2822,87,0,41.03064984,-92.40954728,19179.0,0.0,0.0,8070.004861448711,3.082919914953933,2735,2813,72,0,2741,2792,35205,9,15,0,-6,21
2020-12-11,US,Iowa,Warren,3231,24,0,41.33559454,-93.56007641,19181.0,0.0,0.0,6277.931061283178,0.7428040854224698,3207,3203,17,0,3186,3172,51056,28,7,0,21,31
2020-12-11,US,Iowa,Washington,1606,23,0,41.33577126,-91.71725711,19183.0,0.0,0.0,7311.632142044163,1.432129514321295,1583,1598,16,0,1582,1587,22141,8,7,0,1,11
2020-12-11,US,Iowa,Wayne,332,21,0,40.73969028,-93.32752197,19185.0,0.0,0.0,5154.479118149357,6.325301204819278,311,329,7,0,322,325,6401,3,14,0,-11,4
2020-12-11,US,Iowa,Webster,4026,47,0,42.42853483,-94.17987389,19187.0,0.0,0.0,11213.235294117649,1.167411823149528,3979,3994,42,0,3952,3956,36277,32,5,0,27,38
2020-12-11,US,Iowa,Winnebago,1020,26,0,43.37751174,-93.73407298,19189.0,0.0,0.0,9851.265211512458,2.5490196078431366,994,1010,25,0,985,1002,10518,10,1,0,9,8
2020-12-11,US,Iowa,Winneshiek,1184,15,0,43.29094334,-91.84422722,19191.0,0.0,0.0,5922.6651993397045,1.266891891891892,1169,1176,14,0,1162,1164,20029,8,1,0,7,12
2020-12-11,US,Iowa,Woodbury,11364,143,0,42.38979414,-96.0459439,19193.0,0.0,0.0,11021.560126858509,1.2583597324885605,11221,11312,142,0,11170,11226,102539,52,1,0,51,86
2020-12-11,US,Iowa,Worth,419,2,0,43.37750768,-93.26087602,19195.0,0.0,0.0,5676.737569435036,0.47732696897374705,417,415,1,0,414,414,7453,4,1,0,3,1
2020-12-11,US,Iowa,Wright,1395,10,0,42.73305373,-93.73515113,19197.0,0.0,0.0,11104.919598790002,0.7168458781362007,1385,1390,8,0,1382,1383,12690,5,2,0,3,7
2020-12-11,US,Kansas,Allen,478,1,0,37.88582951,-95.30030847,20001.0,0.0,0.0,3864.4999595763597,0.20920502092050208,477,466,1,0,465,466,12444,12,0,0,12,0
2020-12-11,US,Kansas,Anderson,443,0,0,38.21413251,-95.29272815,20003.0,0.0,0.0,5637.566810893357,0.0,443,437,0,0,437,437,7878,6,0,0,6,0
2020-12-11,US,Kansas,Atchison,1040,9,0,39.53185661,-95.30870026,20005.0,0.0,0.0,6470.478442107883,0.8653846153846154,1031,1012,9,0,1003,1012,16193,28,0,0,28,0
2020-12-11,US,Kansas,Barber,233,2,0,37.2288586,-98.68460053,20007.0,0.0,0.0,5263.157894736842,0.8583690987124464,231,227,2,0,225,227,4472,6,0,0,6,0
2020-12-11,US,Kansas,Barton,1900,13,0,38.47889676,-98.75636726,20009.0,0.0,0.0,7370.340199387098,0.6842105263157895,1887,1859,13,0,1846,1859,26111,41,0,0,41,0
2020-12-11,US,Kansas,Bourbon,722,3,0,37.85508555,-94.84865997,20011.0,0.0,0.0,4967.662033851659,0.4155124653739612,719,695,3,0,692,695,14653,27,0,0,27,0
2020-12-11,US,Kansas,Brown,901,13,0,39.82652589,-95.56421698,20013.0,0.0,0.0,9420.744458385612,1.4428412874583796,888,882,12,0,870,882,9598,19,1,0,18,0
2020-12-11,US,Kansas,Butler,4213,16,0,37.78134351,-96.83878537,20015.0,0.0,0.0,6296.423607478591,0.3797768810823641,4197,4033,14,0,4019,4033,66765,180,2,0,178,0
2020-12-11,US,Kansas,Chase,187,3,0,38.30292938,-96.59563862,20017.0,0.0,0.0,7061.933534743202,1.60427807486631,184,187,3,0,184,187,2629,0,0,0,0,0
2020-12-11,US,Kansas,Chautauqua,115,3,0,37.14994405,-96.2454192,20019.0,0.0,0.0,3538.4615384615386,2.608695652173913,112,108,1,0,107,108,3309,7,2,0,5,0
2020-12-11,US,Kansas,Cherokee,1409,11,0,37.16928494,-94.8462897,20021.0,0.0,0.0,7066.5529866091565,0.7806955287437899,1398,1374,10,0,1364,1338,20015,35,1,0,34,36
2020-12-11,US,Kansas,Cheyenne,231,10,0,39.78580976,-101.7318201,20023.0,0.0,0.0,8694.015807301468,4.329004329004329,221,229,9,0,220,229,2660,2,1,0,1,0
2020-12-11,US,Kansas,Clark,167,5,0,37.23577007,-99.81883015,20025.0,0.0,0.0,8375.125376128386,2.9940119760479043,162,164,5,0,159,164,2005,3,0,0,3,0
2020-12-11,US,Kansas,Clay,523,14,0,39.34948772,-97.16518128,20027.0,0.0,0.0,6535.8660334916285,2.676864244741874,509,500,14,0,486,500,7997,23,0,0,23,0
2020-12-11,US,Kansas,Cloud,738,18,0,39.48028352,-97.64925343,20029.0,0.0,0.0,8399.726838151604,2.4390243902439024,720,727,17,0,710,727,8729,11,1,0,10,0
2020-12-11,US,Kansas,Coffey,383,10,0,38.2365018,-95.73379515,20031.0,0.0,0.0,4682.724049394791,2.610966057441253,373,369,10,0,359,369,8233,14,0,0,14,0
2020-12-11,US,Kansas,Comanche,124,2,0,37.19114520000001,-99.27113247,20033.0,0.0,0.0,7294.117647058823,1.6129032258064515,122,105,1,0,104,105,1748,19,1,0,18,0
2020-12-11,US,Kansas,Cowley,2009,10,0,37.23781842,-96.83776647,20035.0,0.0,0.0,5755.127764409304,0.4977600796416127,1999,1927,10,0,1917,1927,35218,82,0,0,82,0
2020-12-11,US,Kansas,Crawford,2815,23,0,37.50675523,-94.85245778,20037.0,0.0,0.0,7251.790406512443,0.8170515097690941,2792,2756,19,0,2737,2756,39019,59,4,0,55,0
2020-12-11,US,Kansas,Decatur,219,1,0,39.78468441,-100.45940809999999,20039.0,0.0,0.0,7746.7279801910145,0.45662100456620996,218,216,1,0,215,216,2871,3,0,0,3,0
2020-12-11,US,Kansas,Dickinson,929,13,0,38.86600962,-97.15532383,20041.0,0.0,0.0,5030.867540344417,1.3993541442411197,916,866,13,0,853,866,18717,63,0,0,63,0
2020-12-11,US,Kansas,Doniphan,587,5,0,39.79067154,-95.14056866,20043.0,0.0,0.0,7723.684210526316,0.8517887563884157,582,587,5,0,582,587,7682,0,0,0,0,0
2020-12-11,US,Kansas,Douglas,5512,29,0,38.88503636,-95.2925121,20045.0,0.0,0.0,4508.461544753352,0.5261248185776488,5483,5462,29,0,5433,5392,121436,50,0,0,50,70
2020-12-11,US,Kansas,Edwards,217,0,0,37.88735543,-99.31263309,20047.0,0.0,0.0,7755.53967119371,0.0,217,205,0,0,205,205,2849,12,0,0,12,0
2020-12-11,US,Kansas,Elk,71,0,0,37.45338105,-96.24369667,20049.0,0.0,0.0,2806.3241106719374,0.0,71,66,0,0,66,66,2508,5,0,0,5,0
2020-12-11,US,Kansas,Ellis,2845,28,0,38.91458712,-99.31751551,20051.0,0.0,0.0,9963.92673274262,0.9841827768014059,2817,2778,28,0,2750,2778,28710,67,0,0,67,0
2020-12-11,US,Kansas,Ellsworth,894,4,0,38.69677695,-98.20462799,20053.0,0.0,0.0,14650.93411996067,0.44742729306487694,890,860,4,0,856,860,6196,34,0,0,34,0
2020-12-11,US,Kansas,Finney,5159,32,0,38.04340344,-100.73819379999999,20055.0,0.0,0.0,14147.037047193353,0.6202752471409188,5127,5132,32,0,5100,5093,36611,27,0,0,27,39
2020-12-11,US,Kansas,Ford,4894,13,0,37.69200114,-99.88825298,20057.0,0.0,0.0,14557.24441536036,0.2656313853698406,4881,4864,13,0,4851,4864,33888,30,0,0,30,0
2020-12-11,US,Kansas,Franklin,1363,17,0,38.56443815,-95.28644341,20059.0,0.0,0.0,5335.891011587848,1.247248716067498,1346,1310,17,0,1293,1310,25631,53,0,0,53,0
2020-12-11,US,Kansas,Geary,1365,6,0,38.99871131,-96.7577178,20061.0,0.0,0.0,4310.072623934323,0.4395604395604396,1359,1301,6,0,1295,1301,32594,64,0,0,64,0
2020-12-11,US,Kansas,Gove,314,20,0,38.91588178,-100.4829321,20063.0,0.0,0.0,11911.987860394538,6.369426751592357,294,313,20,0,293,313,2612,1,0,0,1,0
2020-12-11,US,Kansas,Graham,189,2,0,39.34987223,-99.88332493,20065.0,0.0,0.0,7614.8267526188565,1.058201058201058,187,184,2,0,182,184,2492,5,0,0,5,0
2020-12-11,US,Kansas,Grant,863,12,0,37.56227336,-101.3079758,20067.0,0.0,0.0,12069.930069930071,1.3904982618771726,851,845,12,0,833,845,7336,18,0,0,18,0
2020-12-11,US,Kansas,Gray,448,4,0,37.73836671,-100.4369088,20069.0,0.0,0.0,7481.629926519706,0.8928571428571429,444,448,4,0,444,448,6033,0,0,0,0,0
2020-12-11,US,Kansas,Greeley,89,0,0,38.4808095,-101.8061079,20071.0,0.0,0.0,7224.025974025974,0.0,89,89,0,0,89,89,1227,0,0,0,0,0
2020-12-11,US,Kansas,Greenwood,350,2,0,37.8774388,-96.23250453,20073.0,0.0,0.0,5850.885991307255,0.5714285714285714,348,331,2,0,329,298,6055,19,0,0,19,33
2020-12-11,US,Kansas,Hamilton,172,0,0,37.99978709,-101.7921066,20075.0,0.0,0.0,6774.32059866089,0.0,172,168,0,0,168,168,2607,4,0,0,4,0
2020-12-11,US,Kansas,Harper,363,15,0,37.19175361,-98.07578384,20077.0,0.0,0.0,6677.704194260486,4.132231404958676,348,358,15,0,343,358,5506,5,0,0,5,0
2020-12-11,US,Kansas,Harvey,2161,19,0,38.04293782,-97.42747573,20079.0,0.0,0.0,6276.685352464492,0.8792225821378992,2142,2095,19,0,2076,2095,34210,66,0,0,66,0
2020-12-11,US,Kansas,Haskell,317,1,0,37.562039399999996,-100.8710738,20081.0,0.0,0.0,7988.91129032258,0.3154574132492113,316,309,1,0,308,309,3997,8,0,0,8,0
2020-12-11,US,Kansas,Hodgeman,151,4,0,38.08780079,-99.89829881,20083.0,0.0,0.0,8416.945373467113,2.6490066225165565,147,151,4,0,147,151,1818,0,0,0,0,0
2020-12-11,US,Kansas,Jackson,853,10,0,39.41673394,-95.79356799,20085.0,0.0,0.0,6476.349555842382,1.172332942555686,843,837,10,0,827,824,13280,16,0,0,16,13
2020-12-11,US,Kansas,Jefferson,906,9,0,39.2347941,-95.38289232,20087.0,0.0,0.0,4757.6537310297745,0.9933774834437086,897,871,9,0,862,871,18975,35,0,0,35,0
2020-12-11,US,Kansas,Jewell,122,1,0,39.78470589,-98.21820662,20089.0,0.0,0.0,4237.582493921501,0.819672131147541,121,114,1,0,113,114,2841,8,0,0,8,0
2020-12-11,US,Kansas,Johnson,32163,338,0,38.88548175,-94.82250877,20091.0,0.0,0.0,5339.1345631896365,1.0508969934396668,31825,31155,327,0,30828,31155,597555,1008,11,0,997,0
2020-12-11,US,Kansas,Kearny,444,8,0,38.00017981,-101.32168100000001,20093.0,0.0,0.0,11568.52527357999,1.8018018018018016,436,437,8,0,429,437,3943,7,0,0,7,0
2020-12-11,US,Kansas,Kingman,473,5,0,37.55909527,-98.13638678,20095.0,0.0,0.0,6613.534675615212,1.0570824524312896,468,457,5,0,452,457,7310,16,0,0,16,0
2020-12-11,US,Kansas,Kiowa,123,0,0,37.55848695,-99.2856537,20097.0,0.0,0.0,4969.69696969697,0.0,123,122,0,0,122,122,2516,1,0,0,1,0
2020-12-11,US,Kansas,Labette,1246,6,0,37.19113093,-95.29849679,20099.0,0.0,0.0,6351.31002140891,0.4815409309791333,1240,1154,6,0,1148,1154,19964,92,0,0,92,0
2020-12-11,US,Kansas,Lane,106,3,0,38.48119447,-100.46607540000001,20101.0,0.0,0.0,6905.537459283388,2.830188679245283,103,106,3,0,103,106,1560,0,0,0,0,0
2020-12-11,US,Kansas,Leavenworth,4347,35,0,39.20183497,-95.03620809,20103.0,0.0,0.0,5316.910883338634,0.8051529790660226,4312,4269,34,0,4235,4269,81352,78,1,0,77,0
2020-12-11,US,Kansas,Lincoln,146,1,0,39.04549684,-98.20756994,20105.0,0.0,0.0,4929.101958136394,0.6849315068493149,145,129,1,0,128,129,3023,17,0,0,17,0
2020-12-11,US,Kansas,Linn,391,2,0,38.21267844,-94.84254089,20107.0,0.0,0.0,4029.681541791199,0.5115089514066496,389,371,2,0,369,371,9750,20,0,0,20,0
2020-12-11,US,Kansas,Logan,258,0,0,38.91735806,-101.148475,20109.0,0.0,0.0,9234.073013600573,0.0,258,254,0,0,254,254,2844,4,0,0,4,0
2020-12-11,US,Kansas,Lyon,3012,51,0,38.45576156,-96.15275715,20111.0,0.0,0.0,9073.655671034794,1.6932270916334662,2961,2967,51,0,2916,2967,33406,45,0,0,45,0
2020-12-11,US,Kansas,Marion,535,1,0,38.35855394,-97.09852509999999,20115.0,0.0,0.0,4501.851228542579,0.18691588785046728,534,489,1,0,488,489,11950,46,0,0,46,0
2020-12-11,US,Kansas,Marshall,724,17,0,39.78359669,-96.52278974,20117.0,0.0,0.0,7458.5350777789245,2.348066298342541,707,507,0,0,507,507,9722,217,17,0,200,0
2020-12-11,US,Kansas,McPherson,1814,10,0,38.39184858,-97.64769869,20113.0,0.0,0.0,6355.546212598977,0.5512679162072768,1804,1779,10,0,1769,1779,28537,35,0,0,35,0
2020-12-11,US,Kansas,Meade,351,4,0,37.23859987,-100.36483100000001,20119.0,0.0,0.0,8703.198611455493,1.1396011396011396,347,341,4,0,337,341,4146,10,0,0,10,0
2020-12-11,US,Kansas,Miami,1339,7,0,38.56383358,-94.83832189,20121.0,0.0,0.0,3910.9735081928907,0.5227781926811053,1332,1296,7,0,1289,1296,33680,43,0,0,43,0
2020-12-11,US,Kansas,Mitchell,316,0,0,39.39331582,-98.20906732,20123.0,0.0,0.0,5285.164743268105,0.0,316,294,0,0,294,294,6150,22,0,0,22,0
2020-12-11,US,Kansas,Montgomery,1480,6,0,37.19236568,-95.74329258,20125.0,0.0,0.0,4649.847623236671,0.40540540540540543,1474,1402,6,0,1396,1402,32120,78,0,0,78,0
2020-12-11,US,Kansas,Morris,264,3,0,38.68827511,-96.65128437,20127.0,0.0,0.0,4697.508896797152,1.1363636363636365,261,257,3,0,254,257,5521,7,0,0,7,0
2020-12-11,US,Kansas,Morton,181,6,0,37.19141121,-101.79925190000002,20129.0,0.0,0.0,6996.521066872826,3.3149171270718236,175,181,6,0,175,181,2667,0,0,0,0,0
2020-12-11,US,Kansas,Nemaha,1219,34,0,39.78345387,-96.01392079,20131.0,0.0,0.0,11914.768839800608,2.7891714520098443,1185,1196,34,0,1162,1196,10155,23,0,0,23,0
2020-12-11,US,Kansas,Neosho,877,3,0,37.55862897,-95.30670046,20133.0,0.0,0.0,5478.853001811707,0.34207525655644244,874,864,3,0,861,864,15951,13,0,0,13,0
2020-12-11,US,Kansas,Ness,297,13,0,38.47974157,-99.91547333,20135.0,0.0,0.0,10800.0,4.377104377104377,284,296,13,0,283,296,2840,1,0,0,1,0
2020-12-11,US,Kansas,Norton,1132,24,0,39.78443827,-99.90286639,20137.0,0.0,0.0,21115.46353292296,2.120141342756184,1108,1127,24,0,1103,1127,5430,5,0,0,5,0
2020-12-11,US,Kansas,Osage,657,6,0,38.65235984,-95.72707998,20139.0,0.0,0.0,4119.380525424792,0.9132420091324199,651,638,6,0,632,638,15941,19,0,0,19,0
2020-12-11,US,Kansas,Osborne,121,0,0,39.3503437,-98.76753828,20141.0,0.0,0.0,3536.9774919614147,0.0,121,114,0,0,114,114,3475,7,0,0,7,0
2020-12-11,US,Kansas,Ottawa,329,0,0,39.13237408,-97.65020313,20143.0,0.0,0.0,5767.882187938289,0.0,329,304,0,0,304,304,5802,25,0,0,25,0
2020-12-11,US,Kansas,Pawnee,847,1,0,38.18108732,-99.23692334,20145.0,0.0,0.0,13205.487995010913,0.1180637544273908,846,834,1,0,833,834,6562,13,0,0,13,0
2020-12-11,US,Kansas,Phillips,519,12,0,39.78465501,-99.34668865,20147.0,0.0,0.0,9915.93427588842,2.3121387283237,507,507,12,0,495,507,5317,12,0,0,12,0
2020-12-11,US,Kansas,Pottawatomie,799,3,0,39.37925655,-96.34564657,20149.0,0.0,0.0,3276.873231349711,0.37546933667083854,796,776,3,0,773,776,24277,23,0,0,23,0
2020-12-11,US,Kansas,Pratt,600,15,0,37.64780729,-98.73922153,20151.0,0.0,0.0,6547.359231776517,2.5,585,584,15,0,569,584,9378,16,0,0,16,0
2020-12-11,US,Kansas,Rawlins,268,3,0,39.78525843,-101.07616170000001,20153.0,0.0,0.0,10592.885375494072,1.1194029850746268,265,268,3,0,265,268,2508,0,0,0,0,0
2020-12-11,US,Kansas,Reno,6138,72,0,37.95230263,-98.08607292,20155.0,0.0,0.0,9900.319365140811,1.1730205278592376,6066,5931,70,0,5861,5931,62342,207,2,0,205,0
2020-12-11,US,Kansas,Republic,461,8,0,39.82799632,-97.65036709,20157.0,0.0,0.0,9943.917169974116,1.735357917570499,453,461,7,0,454,422,4664,0,1,0,-1,39
2020-12-11,US,Kansas,Rice,608,1,0,38.34616184,-98.19992118,20159.0,0.0,0.0,6375.170389011219,0.16447368421052633,607,573,1,0,572,573,9531,35,0,0,35,0
2020-12-11,US,Kansas,Riley,4176,16,0,39.28935726,-96.73420026,20161.0,0.0,0.0,5625.606207565471,0.3831417624521073,4160,4176,16,0,4160,4176,73703,0,0,0,0,0
2020-12-11,US,Kansas,Rooks,410,8,0,39.35022773,-99.32484567,20163.0,0.0,0.0,8333.333333333334,1.951219512195122,402,402,8,0,394,402,5013,8,0,0,8,0
2020-12-11,US,Kansas,Rush,301,0,0,38.52275276,-99.30863983,20165.0,0.0,0.0,9914.361001317524,0.0,301,298,0,0,298,298,3093,3,0,0,3,0
2020-12-11,US,Kansas,Russell,659,17,0,38.91462787,-98.76254297,20167.0,0.0,0.0,9612.018669778296,2.579666160849772,642,651,17,0,634,623,6907,8,0,0,8,28
2020-12-11,US,Kansas,Saline,3257,43,0,38.78369175,-97.65185177,20169.0,0.0,0.0,6006.565358512836,1.3202333435677005,3214,3087,42,0,3045,3087,54401,170,1,0,169,0
2020-12-11,US,Kansas,Scott,512,8,0,38.48222076,-100.90665390000001,20171.0,0.0,0.0,10615.79929504458,1.5625,504,503,7,0,496,503,4897,9,1,0,8,0
2020-12-11,US,Kansas,Sedgwick,32709,199,0,37.6842718,-97.4608198,20173.0,0.0,0.0,6338.437569035079,0.6083952428995077,32510,31748,199,0,31549,31748,513607,961,0,0,961,0
2020-12-11,US,Kansas,Seward,3315,14,0,37.19324632,-100.85072009999999,20175.0,0.0,0.0,15470.412544334516,0.4223227752639517,3301,3181,13,0,3168,3181,21780,134,1,0,133,0
2020-12-11,US,Kansas,Shawnee,9623,171,0,39.04100763,-95.75572640000001,20177.0,0.0,0.0,5440.565371024735,1.7769926218435002,9452,9281,168,0,9113,9281,177499,342,3,0,339,0
2020-12-11,US,Kansas,Sheridan,349,0,0,39.35018161,-100.44182590000001,20179.0,0.0,0.0,13843.71281237604,0.0,349,337,0,0,337,337,2533,12,0,0,12,0
2020-12-11,US,Kansas,Sherman,503,7,0,39.35147699,-101.71976240000001,20181.0,0.0,0.0,8500.929525097177,1.3916500994035783,496,500,7,0,493,500,5899,3,0,0,3,0
2020-12-11,US,Kansas,Smith,181,1,0,39.78516566,-98.78566062,20183.0,0.0,0.0,5051.632710019537,0.5524861878453039,180,173,1,0,172,173,3603,8,0,0,8,0
2020-12-11,US,Kansas,Stafford,242,5,0,38.03100851,-98.71762001,20185.0,0.0,0.0,5822.906641000963,2.066115702479338,237,232,5,0,227,232,4178,10,0,0,10,0
2020-12-11,US,Kansas,Stanton,154,2,0,37.56304714,-101.78435340000001,20187.0,0.0,0.0,7676.9690927218335,1.2987012987012987,152,154,2,0,152,154,1987,0,0,0,0,0
2020-12-11,US,Kansas,Stevens,481,5,0,37.1923008,-101.3118967,20189.0,0.0,0.0,8769.3710118505,1.0395010395010396,476,469,5,0,464,469,5559,12,0,0,12,0
2020-12-11,US,Kansas,Sumner,1060,6,0,37.23682549,-97.47721621,20191.0,0.0,0.0,4641.7936591347,0.5660377358490566,1054,1019,6,0,1013,1019,22996,41,0,0,41,0
2020-12-11,US,Kansas,Thomas,824,6,0,39.35107575,-101.0553705,20193.0,0.0,0.0,10595.345248810596,0.7281553398058253,818,818,6,0,812,812,7711,6,0,0,6,6
2020-12-11,US,Kansas,Trego,260,3,0,38.91467218,-99.87284448,20195.0,0.0,0.0,9275.775954334642,1.1538461538461535,257,255,3,0,252,255,2793,5,0,0,5,0
2020-12-11,US,Kansas,Unassigned,0,250,0,0.0,0.0,90020.0,0.0,0.0,0.0,0.0,-250,0,171,0,-171,0,,0,79,0,-79,0
2020-12-11,US,Kansas,Wabaunsee,348,2,0,38.95471985,-96.20350509,20197.0,0.0,0.0,5020.92050209205,0.5747126436781609,346,343,2,0,341,343,6899,5,0,0,5,0
2020-12-11,US,Kansas,Wallace,151,0,0,38.91686134,-101.76388759999999,20199.0,0.0,0.0,9947.29907773386,0.0,151,148,0,0,148,148,1503,3,0,0,3,0
2020-12-11,US,Kansas,Washington,366,8,0,39.78420784,-97.08753229999999,20201.0,0.0,0.0,6770.255271920089,2.1857923497267757,358,352,7,0,345,352,5420,14,1,0,13,0
2020-12-11,US,Kansas,Wichita,171,2,0,38.48178252,-101.3471509,20203.0,0.0,0.0,8069.844266163283,1.1695906432748535,169,169,2,0,167,169,2105,2,0,0,2,0
2020-12-11,US,Kansas,Wilson,454,4,0,37.55937174,-95.74323255,20205.0,0.0,0.0,5325.513196480939,0.8810572687224669,450,428,4,0,424,428,8665,26,0,0,26,0
2020-12-11,US,Kansas,Woodson,87,0,0,37.8865336,-95.74006277,20207.0,0.0,0.0,2772.466539196941,0.0,87,86,0,0,86,86,3183,1,0,0,1,0
2020-12-11,US,Kansas,Wyandotte,13156,184,0,39.11727348,-94.76378225,20209.0,0.0,0.0,7952.6564266241085,1.3986013986013983,12972,12778,184,0,12594,12778,165324,378,0,0,378,0
2020-12-11,US,Kentucky,Adair,917,32,0,37.10459774,-85.28129668,21001.0,0.0,0.0,4775.54421414436,3.489640130861505,885,892,25,0,867,853,19215,25,7,0,18,39
2020-12-11,US,Kentucky,Allen,878,15,0,36.75197631,-86.19457544,21003.0,0.0,0.0,4119.164907342247,1.7084282460136675,863,857,15,0,842,841,21122,21,0,0,21,16
2020-12-11,US,Kentucky,Anderson,690,1,0,38.00671029,-84.99171713,21005.0,0.0,0.0,3033.3670374115272,0.14492753623188406,689,658,1,0,657,649,22663,32,0,0,32,9
2020-12-11,US,Kentucky,Ballard,194,2,0,37.05842757,-88.99427697,21007.0,0.0,0.0,2459.4320486815423,1.0309278350515465,192,188,2,0,186,183,7979,6,0,0,6,5
2020-12-11,US,Kentucky,Barren,2262,35,0,36.96469836,-85.93338945,21009.0,0.0,0.0,5111.979931749871,1.5473032714412025,2227,2243,35,0,2208,2214,44176,19,0,0,19,29
2020-12-11,US,Kentucky,Bath,381,1,0,38.14735938,-83.74588932,21011.0,0.0,0.0,3048.0,0.2624671916010499,380,376,1,0,375,372,12383,5,0,0,5,4
2020-12-11,US,Kentucky,Bell,1475,20,0,36.73355174,-83.67766671,21013.0,0.0,0.0,5666.103257529196,1.3559322033898304,1455,1455,20,0,1435,1435,26569,20,0,0,20,20
2020-12-11,US,Kentucky,Boone,5950,33,0,38.97065142,-84.72615357,21015.0,0.0,0.0,4454.2262746947545,0.5546218487394958,5917,5804,33,0,5771,5689,131533,146,0,0,146,115
2020-12-11,US,Kentucky,Bourbon,688,1,0,38.2054607,-84.21827874,21017.0,0.0,0.0,3476.854659389529,0.14534883720930233,687,670,1,0,669,654,20184,18,0,0,18,16
2020-12-11,US,Kentucky,Boyd,2464,28,0,38.36176608,-82.68652187,21019.0,0.0,0.0,5274.198381780042,1.1363636363636365,2436,2392,28,0,2364,2273,47240,72,0,0,72,119
2020-12-11,US,Kentucky,Boyle,1424,0,0,37.62680923,-84.8633779,21021.0,0.0,0.0,4737.192282102462,0.0,1424,1375,0,0,1375,1338,30100,49,0,0,49,37
2020-12-11,US,Kentucky,Bracken,209,3,0,38.69158994,-84.08532444,21023.0,0.0,0.0,2517.162471395881,1.4354066985645932,206,206,3,0,203,206,8239,3,0,0,3,0
2020-12-11,US,Kentucky,Breathitt,444,3,0,37.52333168,-83.31959161,21025.0,0.0,0.0,3515.439429928741,0.6756756756756757,441,432,3,0,429,425,12726,12,0,0,12,7
2020-12-11,US,Kentucky,Breckinridge,505,4,0,37.77377239,-86.42885017,21027.0,0.0,0.0,2466.181569565855,0.7920792079207921,501,498,4,0,494,493,20388,7,0,0,7,5
2020-12-11,US,Kentucky,Bullitt,3496,25,0,37.97162523,-85.68955617,21029.0,0.0,0.0,4280.327146285323,0.7151029748283753,3471,3449,25,0,3424,3392,81069,47,0,0,47,57
2020-12-11,US,Kentucky,Butler,674,16,0,37.20946153,-86.68748787,21031.0,0.0,0.0,5233.325568755338,2.373887240356083,658,666,16,0,650,653,12772,8,0,0,8,13
2020-12-11,US,Kentucky,Caldwell,777,11,0,37.14749129,-87.86948214,21033.0,0.0,0.0,6095.551894563427,1.4157014157014156,766,761,11,0,750,752,12715,16,0,0,16,9
2020-12-11,US,Kentucky,Calloway,2034,17,0,36.62093411,-88.2731593,21035.0,0.0,0.0,5215.250891002795,0.8357915437561455,2017,2002,17,0,1985,1961,39135,32,0,0,32,41
2020-12-11,US,Kentucky,Campbell,3591,21,0,38.94384345,-84.37875208,21037.0,0.0,0.0,3837.1943922037954,0.5847953216374269,3570,3507,21,0,3486,3445,93152,84,0,0,84,62
2020-12-11,US,Kentucky,Carlisle,247,1,0,36.85372876,-88.96692220000001,21039.0,0.0,0.0,5189.0756302521,0.4048582995951417,246,245,1,0,244,232,4771,2,0,0,2,13
2020-12-11,US,Kentucky,Carroll,428,6,0,38.66599534,-85.12601074,21041.0,0.0,0.0,4025.961809801524,1.4018691588785046,422,414,6,0,408,403,10737,14,0,0,14,11
2020-12-11,US,Kentucky,Carter,954,5,0,38.31690743,-83.05092385,21043.0,0.0,0.0,3560.100011195283,0.5241090146750524,949,942,5,0,937,911,27004,12,0,0,12,31
2020-12-11,US,Kentucky,Casey,636,19,0,37.32533118,-84.92726209,21045.0,0.0,0.0,3935.8871217278297,2.9874213836477987,617,620,17,0,603,593,15888,16,2,0,14,27
2020-12-11,US,Kentucky,Christian,3444,44,0,36.89267803,-87.49055367,21047.0,0.0,0.0,4887.8102780261415,1.2775842044134726,3400,3403,44,0,3359,3350,71671,41,0,0,41,53
2020-12-11,US,Kentucky,Clark,1191,13,0,37.9689263,-84.14615986,21049.0,0.0,0.0,3284.33940931528,1.09151973131822,1178,1161,13,0,1148,1144,36249,30,0,0,30,17
2020-12-11,US,Kentucky,Clay,1219,8,0,37.16451126,-83.712575,21051.0,0.0,0.0,6125.320335661525,0.6562756357670222,1211,1210,8,0,1202,1194,20105,9,0,0,9,16
2020-12-11,US,Kentucky,Clinton,518,9,0,36.72581156,-85.13377529,21053.0,0.0,0.0,5069.485222156978,1.7374517374517375,509,491,5,0,486,469,10206,27,4,0,23,22
2020-12-11,US,Kentucky,Crittenden,293,3,0,37.35839237,-88.08826090000002,21055.0,0.0,0.0,3327.276856688621,1.023890784982935,290,292,3,0,289,277,8915,1,0,0,1,15
2020-12-11,US,Kentucky,Cumberland,292,2,0,36.78926125,-85.39050034,21057.0,0.0,0.0,4414.8775325068045,0.6849315068493149,290,277,1,0,276,248,6659,15,1,0,14,29
2020-12-11,US,Kentucky,Daviess,4465,55,0,37.73028906,-87.09019479999998,21059.0,0.0,0.0,4398.5380894681375,1.2318029115341544,4410,4404,55,0,4349,4323,101104,61,0,0,61,81
2020-12-11,US,Kentucky,Edmonson,462,13,0,37.21218923,-86.23955613,21061.0,0.0,0.0,3802.469135802469,2.813852813852814,449,461,13,0,448,454,12274,1,0,0,1,7
2020-12-11,US,Kentucky,Elliott,712,1,0,38.11624059,-83.09771563,21063.0,0.0,0.0,9471.863775442327,0.1404494382022472,711,706,1,0,705,686,7508,6,0,0,6,20
2020-12-11,US,Kentucky,Estill,543,0,0,37.69241417,-83.95956369,21065.0,0.0,0.0,3849.425776265419,0.0,543,531,0,0,531,531,14198,12,0,0,12,0
2020-12-11,US,Kentucky,Fayette,20271,125,0,38.0368225,-84.45576892,21067.0,0.0,0.0,6272.899440510967,0.6166444674658379,20146,20026,124,0,19902,19669,323780,245,1,0,244,357
2020-12-11,US,Kentucky,Fleming,490,1,0,38.36758311,-83.69657514,21069.0,0.0,0.0,3360.537686029765,0.20408163265306126,489,458,1,0,457,436,14432,32,0,0,32,22
2020-12-11,US,Kentucky,Floyd,1474,9,0,37.56213922,-82.74750924,21071.0,0.0,0.0,4141.7291859844345,0.6105834464043419,1465,1465,9,0,1456,1440,35845,9,0,0,9,25
2020-12-11,US,Kentucky,Franklin,1753,17,0,38.2379395,-84.87962551,21073.0,0.0,0.0,3437.861583416681,0.9697661152310324,1736,1737,17,0,1720,1691,50815,16,0,0,16,46
2020-12-11,US,Kentucky,Fulton,326,4,0,36.55238827,-89.20140068,21075.0,0.0,0.0,5461.551348634612,1.2269938650306749,322,323,4,0,319,322,6120,3,0,0,3,1
2020-12-11,US,Kentucky,Gallatin,372,9,0,38.75398691,-84.8558382,21077.0,0.0,0.0,4194.38493629496,2.419354838709677,363,357,9,0,348,325,8832,15,0,0,15,32
2020-12-11,US,Kentucky,Garrard,777,4,0,37.638866799999995,-84.53289319,21079.0,0.0,0.0,4398.279180346428,0.5148005148005148,773,762,4,0,758,749,17560,15,0,0,15,13
2020-12-11,US,Kentucky,Grant,954,6,0,38.64962758,-84.62415957,21081.0,0.0,0.0,3805.496828752642,0.6289308176100629,948,917,6,0,911,903,25121,37,0,0,37,14
2020-12-11,US,Kentucky,Graves,2166,40,0,36.72292505,-88.65143315,21083.0,0.0,0.0,5812.268555788118,1.8467220683287164,2126,2148,40,0,2108,2113,37317,18,0,0,18,35
2020-12-11,US,Kentucky,Grayson,1083,25,0,37.46231118,-86.34248968,21085.0,0.0,0.0,4098.081507549097,2.308402585410896,1058,1064,25,0,1039,1057,26321,19,0,0,19,7
2020-12-11,US,Kentucky,Green,581,10,0,37.26484328,-85.5540745,21087.0,0.0,0.0,5310.300703774792,1.721170395869191,571,567,10,0,557,550,11049,14,0,0,14,17
2020-12-11,US,Kentucky,Greenup,1801,17,0,38.54332505,-82.9215658,21089.0,0.0,0.0,5131.346515470968,0.9439200444197668,1784,1773,17,0,1756,1736,35268,28,0,0,28,37
2020-12-11,US,Kentucky,Hancock,357,9,0,37.83766422,-86.78280584,21091.0,0.0,0.0,4093.097913322632,2.5210084033613445,348,352,9,0,343,351,8758,5,0,0,5,1
2020-12-11,US,Kentucky,Hardin,5030,34,0,37.6976111,-85.96319251,21093.0,0.0,0.0,4533.246814109843,0.6759443339960238,4996,4928,34,0,4894,4835,110356,102,0,0,102,93
2020-12-11,US,Kentucky,Harlan,1156,16,0,36.85699301,-83.21899516,21095.0,0.0,0.0,4444.444444444444,1.3840830449826989,1140,1103,16,0,1087,1065,26409,53,0,0,53,38
2020-12-11,US,Kentucky,Harrison,574,1,0,38.44188174,-84.32869741,21097.0,0.0,0.0,3039.288361749444,0.17421602787456447,573,562,1,0,561,555,18778,12,0,0,12,7
2020-12-11,US,Kentucky,Hart,1090,5,0,37.29943898,-85.88461055,21099.0,0.0,0.0,5726.293669556081,0.4587155963302753,1085,1076,5,0,1071,1050,18906,14,0,0,14,26
2020-12-11,US,Kentucky,Henderson,2442,39,0,37.79344553,-87.57392021,21101.0,0.0,0.0,5401.459854014599,1.597051597051597,2403,2416,39,0,2377,2383,45591,26,0,0,26,33
2020-12-11,US,Kentucky,Henry,642,3,0,38.44942688,-85.11587507,21103.0,0.0,0.0,3981.148455909711,0.4672897196261682,639,618,3,0,615,605,16106,24,0,0,24,13
2020-12-11,US,Kentucky,Hickman,201,3,0,36.67948079999999,-88.97875928,21105.0,0.0,0.0,4589.04109589041,1.492537313432836,198,200,3,0,197,194,4421,1,0,0,1,6
2020-12-11,US,Kentucky,Hopkins,2160,55,0,37.30939025,-87.54670406,21107.0,0.0,0.0,4833.728684599203,2.5462962962962963,2105,2117,55,0,2062,2094,45068,43,0,0,43,23
2020-12-11,US,Kentucky,Jackson,726,18,0,37.41866422,-83.99825483,21109.0,0.0,0.0,5446.7702003151035,2.479338842975207,708,715,17,0,698,706,13442,11,1,0,10,9
2020-12-11,US,Kentucky,Jefferson,43503,480,0,38.18664655,-85.65931031,21111.0,0.0,0.0,5673.635845515593,1.1033721812288808,43023,43006,479,0,42527,42348,770517,497,1,0,496,658
2020-12-11,US,Kentucky,Jessamine,2217,38,0,37.87119786,-84.58252003,21113.0,0.0,0.0,4096.830823246789,1.7140279657194406,2179,2179,38,0,2141,2132,53920,38,0,0,38,47
2020-12-11,US,Kentucky,Johnson,957,11,0,37.85106355,-82.8264322,21115.0,0.0,0.0,4313.142239048134,1.1494252873563218,946,943,11,0,932,922,22386,14,0,0,14,21
2020-12-11,US,Kentucky,Kenton,6805,62,0,38.93950319,-84.53241199,21117.0,0.0,0.0,4074.899100588031,0.911094783247612,6743,6644,62,0,6582,6511,166051,161,0,0,161,133
2020-12-11,US,Kentucky,Knott,642,9,0,37.35388197,-82.94981134,21119.0,0.0,0.0,4336.07996758071,1.4018691588785046,633,635,9,0,626,622,15126,7,0,0,7,13
2020-12-11,US,Kentucky,Knox,1445,10,0,36.89225732,-83.85403396,21121.0,0.0,0.0,4639.58901910419,0.6920415224913494,1435,1420,10,0,1410,1385,31304,25,0,0,25,35
2020-12-11,US,Kentucky,Larue,691,1,0,37.54567114,-85.70138352,21123.0,0.0,0.0,4799.277677455202,0.1447178002894356,690,686,1,0,685,673,14307,5,0,0,5,13
2020-12-11,US,Kentucky,Laurel,2907,12,0,37.10975748,-84.11321779,21125.0,0.0,0.0,4780.227911795176,0.41279669762641896,2895,2868,12,0,2856,2832,60669,39,0,0,39,36
2020-12-11,US,Kentucky,Lawrence,541,2,0,38.07136018,-82.72882223,21127.0,0.0,0.0,3532.023242149246,0.3696857670979667,539,530,2,0,528,515,15571,11,0,0,11,15
2020-12-11,US,Kentucky,Lee,988,17,0,37.59645942,-83.71513901,21129.0,0.0,0.0,13345.940834796704,1.720647773279352,971,988,17,0,971,984,7033,0,0,0,0,4
2020-12-11,US,Kentucky,Leslie,373,1,0,37.09246661,-83.37999606,21131.0,0.0,0.0,3776.4503391718126,0.2680965147453083,372,362,1,0,361,357,10143,11,0,0,11,5
2020-12-11,US,Kentucky,Letcher,671,2,0,37.12306748,-82.85346474,21133.0,0.0,0.0,3113.255695262841,0.29806259314456035,669,659,2,0,657,645,21899,12,0,0,12,14
2020-12-11,US,Kentucky,Lewis,632,22,0,38.53184419,-83.37735618,21135.0,0.0,0.0,4760.8286252354055,3.4810126582278484,610,628,22,0,606,621,13257,4,0,0,4,7
2020-12-11,US,Kentucky,Lincoln,1055,20,0,37.45475628,-84.6565327,21137.0,0.0,0.0,4297.527394191209,1.895734597156398,1035,1027,20,0,1007,980,24644,28,0,0,28,47
2020-12-11,US,Kentucky,Livingston,395,4,0,37.21137452,-88.34797529,21139.0,0.0,0.0,4296.280182727866,1.0126582278481011,391,393,4,0,389,380,9242,2,0,0,2,13
2020-12-11,US,Kentucky,Logan,1391,36,0,36.85949479,-86.877635,21141.0,0.0,0.0,5132.462548889381,2.5880661394680087,1355,1377,36,0,1341,1362,26989,14,0,0,14,15
2020-12-11,US,Kentucky,Lyon,243,5,0,37.02080035,-88.07886257,21143.0,0.0,0.0,2959.8051157125456,2.05761316872428,238,241,5,0,236,233,8009,2,0,0,2,8
2020-12-11,US,Kentucky,Madison,4767,20,0,37.71659336,-84.27220275,21151.0,0.0,0.0,5126.523062363556,0.4195510803440319,4747,4714,21,0,4693,4634,92368,53,0,0,54,80
2020-12-11,US,Kentucky,Magoffin,629,1,0,37.70820545,-83.0657714,21153.0,0.0,0.0,5172.272017103856,0.1589825119236884,628,611,1,0,610,597,12362,18,0,0,18,14
2020-12-11,US,Kentucky,Marion,1292,14,0,37.55218078,-85.26898542,21155.0,0.0,0.0,6703.678721527524,1.08359133126935,1278,1276,14,0,1262,1257,19404,16,0,0,16,19
2020-12-11,US,Kentucky,Marshall,1187,18,0,36.88007070000001,-88.32803576,21157.0,0.0,0.0,3816.7202572347273,1.516427969671441,1169,1169,18,0,1151,1134,31191,18,0,0,18,35
2020-12-11,US,Kentucky,Martin,544,10,0,37.79990579,-82.51247478,21159.0,0.0,0.0,4859.312192943278,1.8382352941176472,534,532,10,0,522,525,11323,12,0,0,12,7
2020-12-11,US,Kentucky,Mason,699,4,0,38.59471935,-83.82151043,21161.0,0.0,0.0,4094.9033391915636,0.5722460658082976,695,671,4,0,667,663,17150,28,0,0,28,8
2020-12-11,US,Kentucky,McCracken,3644,31,0,37.05350953,-88.70445755,21145.0,0.0,0.0,5570.332324436699,0.8507135016465422,3613,3600,31,0,3569,3498,65346,44,0,0,44,102
2020-12-11,US,Kentucky,McCreary,578,1,0,36.73874143,-84.48102924,21147.0,0.0,0.0,3354.4193604549932,0.17301038062283736,577,542,1,0,541,506,17408,36,0,0,36,36
2020-12-11,US,Kentucky,McLean,457,19,0,37.5301951,-87.26803443,21149.0,0.0,0.0,4963.614641033996,4.157549234135668,438,452,19,0,433,445,9252,5,0,0,5,7
2020-12-11,US,Kentucky,Meade,876,4,0,37.96163597,-86.21028219,21163.0,0.0,0.0,3065.9386812263756,0.45662100456620996,872,853,4,0,849,841,28715,23,0,0,23,12
2020-12-11,US,Kentucky,Menifee,145,1,0,37.94090733,-83.59985712,21165.0,0.0,0.0,2234.5507782400987,0.6896551724137931,144,144,1,0,143,143,6451,1,0,0,1,1
2020-12-11,US,Kentucky,Mercer,939,6,0,37.81474237,-84.87488475,21167.0,0.0,0.0,4281.220079332513,0.6389776357827476,933,895,6,0,889,865,21774,44,0,0,44,30
2020-12-11,US,Kentucky,Metcalfe,498,6,0,36.99459295,-85.63123699,21169.0,0.0,0.0,4944.891271969021,1.2048192771084338,492,488,6,0,482,475,10030,10,0,0,10,13
2020-12-11,US,Kentucky,Monroe,816,18,0,36.71225341,-85.71596443,21171.0,0.0,0.0,7661.971830985915,2.2058823529411766,798,811,18,0,793,799,10718,5,0,0,5,12
2020-12-11,US,Kentucky,Montgomery,1168,12,0,38.03253032,-83.9145241,21173.0,0.0,0.0,4148.169194161311,1.0273972602739727,1156,1138,12,0,1126,1115,28203,30,0,0,30,23
2020-12-11,US,Kentucky,Morgan,405,0,0,37.92465657,-83.25558245,21175.0,0.0,0.0,3043.053572770306,0.0,405,398,0,0,398,393,13345,7,0,0,7,5
2020-12-11,US,Kentucky,Muhlenberg,1590,20,0,37.21425819,-87.14632053,21177.0,0.0,0.0,5192.345372607929,1.2578616352201255,1570,1581,20,0,1561,1557,30774,9,0,0,9,24
2020-12-11,US,Kentucky,Nelson,2460,11,0,37.80335779,-85.4657193,21179.0,0.0,0.0,5320.8746998896895,0.4471544715447153,2449,2417,11,0,2406,2386,45851,43,0,0,43,31
2020-12-11,US,Kentucky,Nicholas,200,3,0,38.33342292,-84.01889177,21181.0,0.0,0.0,2751.410097675059,1.5,197,194,3,0,191,193,7166,6,0,0,6,1
2020-12-11,US,Kentucky,Ohio,1272,19,0,37.47751843,-86.85368087,21183.0,0.0,0.0,5301.325331332833,1.4937106918238994,1253,1255,19,0,1236,1220,24087,17,0,0,17,35
2020-12-11,US,Kentucky,Oldham,3025,38,0,38.39791089,-85.448222,21185.0,0.0,0.0,4528.510905851884,1.256198347107438,2987,3002,38,0,2964,2963,66470,23,0,0,23,39
2020-12-11,US,Kentucky,Owen,297,3,0,38.51679143,-84.82404619,21187.0,0.0,0.0,2724.52068617558,1.0101010101010102,294,287,3,0,284,282,10880,10,0,0,10,5
2020-12-11,US,Kentucky,Owsley,260,4,0,37.42823949,-83.68811419,21189.0,0.0,0.0,5889.0147225368055,1.5384615384615383,256,258,4,0,254,257,4472,2,0,0,2,1
2020-12-11,US,Kentucky,Pendleton,506,1,0,38.69607718,-84.35599463,21191.0,0.0,0.0,3468.1288553803965,0.1976284584980237,505,498,1,0,497,477,14529,8,0,0,8,21
2020-12-11,US,Kentucky,Perry,1304,11,0,37.25023553,-83.22922731,21193.0,0.0,0.0,5062.504852861247,0.8435582822085892,1293,1282,11,0,1271,1230,26092,22,0,0,22,52
2020-12-11,US,Kentucky,Pike,2202,27,0,37.47088263,-82.39487445,21195.0,0.0,0.0,3804.685880157578,1.2261580381471389,2175,2196,27,0,2169,2143,58402,6,0,0,6,53
2020-12-11,US,Kentucky,Powell,587,0,0,37.83218794,-83.82553961,21197.0,0.0,0.0,4749.57520835019,0.0,587,576,0,0,576,565,12442,11,0,0,11,11
2020-12-11,US,Kentucky,Pulaski,2361,15,0,37.10466131,-84.57629079,21199.0,0.0,0.0,3633.4815863586696,0.6353240152477764,2346,2220,13,0,2207,2085,64623,141,2,0,139,135
2020-12-11,US,Kentucky,Robertson,112,3,0,38.51923469,-84.05055616,21201.0,0.0,0.0,5313.092979127135,2.6785714285714284,109,105,3,0,102,104,2135,7,0,0,7,1
2020-12-11,US,Kentucky,Rockcastle,689,7,0,37.36642393,-84.31176452,21203.0,0.0,0.0,4126.984126984127,1.0159651669085632,682,669,7,0,662,642,16750,20,0,0,20,27
2020-12-11,US,Kentucky,Rowan,992,2,0,38.19484205,-83.42088935,21205.0,0.0,0.0,4055.6009811937847,0.20161290322580644,990,979,2,0,977,960,24583,13,0,0,13,19
2020-12-11,US,Kentucky,Russell,736,11,0,36.99308373,-85.06070117,21207.0,0.0,0.0,4106.4553925124155,1.4945652173913044,725,708,9,0,699,647,17821,28,2,0,26,61
2020-12-11,US,Kentucky,Scott,2073,22,0,38.29622293,-84.5816631,21209.0,0.0,0.0,3636.586906182022,1.0612638687891944,2051,2049,22,0,2027,2006,56031,24,0,0,24,43
2020-12-11,US,Kentucky,Shelby,2577,27,0,38.21476019,-85.194223,21211.0,0.0,0.0,5256.609007832898,1.0477299185098952,2550,2515,27,0,2488,2456,48518,62,0,0,62,59
2020-12-11,US,Kentucky,Simpson,942,9,0,36.74058474,-86.58047435,21213.0,0.0,0.0,5072.151626103812,0.9554140127388536,933,912,9,0,903,892,18529,30,0,0,30,20
2020-12-11,US,Kentucky,Spencer,812,2,0,38.03223971,-85.32749335,21215.0,0.0,0.0,4196.165572838613,0.24630541871921185,810,772,2,0,770,739,18794,40,0,0,40,33
2020-12-11,US,Kentucky,Taylor,1290,8,0,37.3677562,-85.3329931,21217.0,0.0,0.0,5006.014979238621,0.6201550387596899,1282,1247,8,0,1239,1182,25549,43,0,0,43,65
2020-12-11,US,Kentucky,Todd,506,13,0,36.8381152,-87.17878374,21219.0,0.0,0.0,4115.828859606312,2.569169960474308,493,490,13,0,477,484,12311,16,0,0,16,6
2020-12-11,US,Kentucky,Trigg,492,2,0,36.80767017,-87.87333656,21221.0,0.0,0.0,3358.1325506791345,0.4065040650406504,490,488,2,0,486,482,14643,4,0,0,4,6
2020-12-11,US,Kentucky,Trimble,280,0,0,38.61056487,-85.33775972,21223.0,0.0,0.0,3305.3948766379413,0.0,280,251,0,0,251,233,8515,29,0,0,29,18
2020-12-11,US,Kentucky,Union,811,7,0,37.66166713,-87.94300009,21225.0,0.0,0.0,5639.385300048675,0.8631319358816276,804,802,7,0,795,789,14505,9,0,0,9,13
2020-12-11,US,Kentucky,Warren,8440,81,0,36.99903045,-86.42672751,21227.0,0.0,0.0,6350.830724777269,0.9597156398104264,8359,8339,81,0,8258,8231,131264,101,0,0,101,108
2020-12-11,US,Kentucky,Washington,726,4,0,37.75599461,-85.17407732,21229.0,0.0,0.0,6002.48036378669,0.5509641873278237,722,713,4,0,709,699,12084,13,0,0,13,14
2020-12-11,US,Kentucky,Wayne,706,5,0,36.80310688,-84.8251971,21231.0,0.0,0.0,3472.1880686568634,0.7082152974504249,701,677,3,0,674,637,20468,29,2,0,27,40
2020-12-11,US,Kentucky,Webster,632,9,0,37.52168356,-87.67989953,21233.0,0.0,0.0,4883.32560655231,1.4240506329113924,623,626,9,0,617,623,13111,6,0,0,6,3
2020-12-11,US,Kentucky,Whitley,2001,8,0,36.75700531,-84.14541217,21235.0,0.0,0.0,5517.868960953011,0.39980009995002497,1993,1952,8,0,1944,1900,36242,49,0,0,49,52
2020-12-11,US,Kentucky,Wolfe,231,1,0,37.73941626,-83.49303612,21237.0,0.0,0.0,3227.6093335196306,0.4329004329004329,230,219,1,0,218,217,7177,12,0,0,12,2
2020-12-11,US,Kentucky,Woodford,1024,1,0,38.04178222,-84.7417556,21239.0,0.0,0.0,3830.328420737637,0.09765625,1023,1018,1,0,1017,990,26533,6,0,0,6,28
2020-12-11,US,Louisiana,Acadia,4452,123,0,30.295064899999996,-92.41419698,22001.0,0.0,0.0,7175.437182689983,2.762803234501348,4329,4414,120,0,4294,4368,62190,38,3,0,35,46
2020-12-11,US,Louisiana,Allen,2206,69,0,30.65385745,-92.82442028,22003.0,0.0,0.0,8608.108635423576,3.1278331822302814,2137,2207,69,0,2138,2195,25605,0,0,0,-1,12
2020-12-11,US,Louisiana,Ascension,6605,111,0,30.20406249,-90.91328409999998,22005.0,0.0,0.0,5217.054753404316,1.6805450416351249,6494,6550,110,0,6440,6500,124672,55,1,0,54,50
2020-12-11,US,Louisiana,Assumption,1133,26,0,29.89946234,-91.06461642,22007.0,0.0,0.0,5175.6429582933615,2.294792586054722,1107,1129,25,0,1104,1124,22300,4,1,0,3,5
2020-12-11,US,Louisiana,Avoyelles,2325,73,0,31.07796211,-92.00079449,22009.0,0.0,0.0,5791.650059784774,3.1397849462365586,2252,2295,72,0,2223,2272,40462,30,1,0,29,23
2020-12-11,US,Louisiana,Beauregard,1558,50,0,30.64836518,-93.34173616,22011.0,0.0,0.0,4154.999066591994,3.2092426187419774,1508,1545,50,0,1495,1530,37253,13,0,0,13,15
2020-12-11,US,Louisiana,Bienville,993,37,0,32.34569994,-93.05398492,22013.0,0.0,0.0,7499.433577524355,3.726082578046325,956,928,37,0,891,907,13308,65,0,0,65,21
2020-12-11,US,Louisiana,Bossier,7237,163,0,32.67932307,-93.60460152,22015.0,0.0,0.0,5696.675823959572,2.2523144949564737,7074,7145,163,0,6982,7062,127185,92,0,0,92,83
2020-12-11,US,Louisiana,Caddo,15070,471,0,32.57991587,-93.88375652,22017.0,0.0,0.0,6273.833907844997,3.1254147312541467,14599,14879,469,0,14410,14744,242922,191,2,0,189,135
2020-12-11,US,Louisiana,Calcasieu,11677,259,0,30.22931235,-93.35400434,22019.0,0.0,0.0,5739.8887119290575,2.218035454311895,11418,11532,260,0,11272,11447,203112,145,0,0,146,85
2020-12-11,US,Louisiana,Caldwell,748,14,0,32.0902519,-92.11752148,22021.0,0.0,0.0,7541.843113530955,1.8716577540106951,734,730,12,0,718,717,9960,18,2,0,16,13
2020-12-11,US,Louisiana,Cameron,332,3,0,29.87592238,-93.19310676,22023.0,0.0,0.0,4761.221855729242,0.9036144578313252,329,332,3,0,329,326,6968,0,0,0,0,6
2020-12-11,US,Louisiana,Catahoula,710,19,0,31.66778967,-91.84526385,22025.0,0.0,0.0,7478.407415209605,2.676056338028169,691,700,19,0,681,694,9608,10,0,0,10,6
2020-12-11,US,Louisiana,Claiborne,834,32,0,32.82308512,-92.99526883,22027.0,0.0,0.0,5322.271857051691,3.836930455635492,802,819,32,0,787,813,15944,15,0,0,15,6
2020-12-11,US,Louisiana,Concordia,1164,33,0,31.44817835,-91.63814433,22029.0,0.0,0.0,6043.927514408848,2.8350515463917527,1131,1146,32,0,1114,1127,19572,18,1,0,17,19
2020-12-11,US,Louisiana,De Soto,1472,43,0,32.05457447,-93.74130302,22031.0,0.0,0.0,5359.938826785129,2.921195652173913,1429,1452,42,0,1410,1436,27436,20,1,0,19,16
2020-12-11,US,Louisiana,East Baton Rouge,22061,537,0,30.53842039,-91.09777565,22033.0,0.0,0.0,5013.191412969624,2.434159829563483,21524,21866,537,0,21329,21750,440956,195,0,0,195,116
2020-12-11,US,Louisiana,East Carroll,889,12,0,32.73926954,-91.23425694,22035.0,0.0,0.0,12957.294854977405,1.3498312710911136,877,882,11,0,871,874,7037,7,1,0,6,8
2020-12-11,US,Louisiana,East Feliciana,2276,89,0,30.84425359,-91.04976723,22037.0,0.0,0.0,11894.434282727983,3.910369068541301,2187,2267,89,0,2178,2260,19305,9,0,0,9,7
2020-12-11,US,Louisiana,Evangeline,2232,50,0,30.72985248,-92.39915924,22039.0,0.0,0.0,6683.635274741729,2.2401433691756267,2182,2197,49,0,2148,2172,33443,35,1,0,34,25
2020-12-11,US,Louisiana,Franklin,1848,72,0,32.13675181,-91.67589857,22041.0,0.0,0.0,9233.075193604796,3.8961038961038965,1776,1837,69,0,1768,1825,20156,11,3,0,8,12
2020-12-11,US,Louisiana,Grant,1159,35,0,31.59882456,-92.56124347,22043.0,0.0,0.0,5176.649247398276,3.019844693701467,1124,1072,32,0,1040,1062,22482,87,3,0,84,10
2020-12-11,US,Louisiana,Iberia,4111,113,0,29.86803617,-91.75871777,22045.0,0.0,0.0,5887.154518115423,2.748722938457796,3998,4070,111,0,3959,4043,70941,41,2,0,39,27
2020-12-11,US,Louisiana,Iberville,2291,66,0,30.25734305,-91.3499598,22047.0,0.0,0.0,7046.845682999599,2.880838061981668,2225,2276,66,0,2210,2260,32721,15,0,0,15,16
2020-12-11,US,Louisiana,Jackson,1251,34,0,32.30251776,-92.55692092,22049.0,0.0,0.0,7945.884146341464,2.7178257394084735,1217,1244,34,0,1210,1237,15902,7,0,0,7,7
2020-12-11,US,Louisiana,Jefferson,26277,641,0,29.74075478,-90.11115756,22051.0,0.0,0.0,6075.705271530406,2.4393956692164247,25636,25991,641,0,25350,25767,434051,286,0,0,286,224
2020-12-11,US,Louisiana,Jefferson Davis,1973,56,0,30.26896765,-92.81210004,22053.0,0.0,0.0,6289.849528181587,2.8383172833248858,1917,1953,56,0,1897,1931,31582,20,0,0,20,22
2020-12-11,US,Louisiana,LaSalle,1021,22,0,31.67884782,-92.15907765,22059.0,0.0,0.0,6856.030083266183,2.1547502448579823,999,1004,22,0,982,990,14917,17,0,0,17,14
2020-12-11,US,Louisiana,Lafayette,13855,165,0,30.2049055,-92.06959876,22055.0,0.0,0.0,5669.217234747739,1.1909058101768315,13690,13688,164,0,13524,13555,242782,167,1,0,166,133
2020-12-11,US,Louisiana,Lafourche,5323,150,0,29.52470226,-90.40976986,22057.0,0.0,0.0,5453.111234044297,2.817959797106895,5173,5277,148,0,5129,5244,98115,46,2,0,44,33
2020-12-11,US,Louisiana,Lincoln,2886,63,0,32.6003154,-92.66597409999999,22061.0,0.0,0.0,6174.318599974327,2.1829521829521834,2823,2860,61,0,2799,2830,47196,26,2,0,24,30
2020-12-11,US,Louisiana,Livingston,7119,106,0,30.44143993,-90.73061664,22063.0,0.0,0.0,5056.502993841848,1.4889731703890996,7013,7022,104,0,6918,6961,139567,97,2,0,95,61
2020-12-11,US,Louisiana,Madison,1151,16,0,32.36918118,-91.23973355,22065.0,0.0,0.0,10510.45566614921,1.3900955690703736,1135,1148,15,0,1133,1144,11161,3,1,0,2,4
2020-12-11,US,Louisiana,Morehouse,1676,37,0,32.81686191,-91.80421614,22067.0,0.0,0.0,6737.959314947335,2.2076372315035804,1639,1657,37,0,1620,1632,25398,19,0,0,19,25
2020-12-11,US,Louisiana,Natchitoches,2416,54,0,31.72321584,-93.09816516,22069.0,0.0,0.0,6331.568740500024,2.2350993377483444,2362,2398,53,0,2345,2345,38659,18,1,0,17,53
2020-12-11,US,Louisiana,Orleans,17667,653,0,30.06971951,-89.92660315,22071.0,0.0,0.0,4528.328001968504,3.696156676289127,17014,17520,653,0,16867,17374,391006,147,0,0,147,146
2020-12-11,US,Louisiana,Ouachita,11426,227,0,32.47645559,-92.15704172,22073.0,0.0,0.0,7454.380573985998,1.9866970068265357,11199,11295,221,0,11074,11171,154475,131,6,0,125,124
2020-12-11,US,Louisiana,Plaquemines,1413,20,0,29.42245447,-89.60322085,22075.0,0.0,0.0,6091.3049101176875,1.4154281670205238,1393,1394,20,0,1374,1376,23410,19,0,0,19,18
2020-12-11,US,Louisiana,Pointe Coupee,1625,52,0,30.71409502,-91.60209535,22077.0,0.0,0.0,7478.1408191440405,3.2,1573,1604,51,0,1553,1588,21940,21,1,0,20,16
2020-12-11,US,Louisiana,Rapides,7007,199,0,31.19778499,-92.52997303,22079.0,0.0,0.0,5404.634086140935,2.8400171257314115,6808,6923,198,0,6725,6891,130562,84,1,0,83,32
2020-12-11,US,Louisiana,Red River,609,26,0,32.09530039,-93.34213308,22081.0,0.0,0.0,7213.930348258706,4.269293924466338,583,611,26,0,585,602,8477,0,0,0,-2,9
2020-12-11,US,Louisiana,Richland,1517,33,0,32.41391005,-91.76634876,22083.0,0.0,0.0,7539.0120266375125,2.1753460777851017,1484,1507,33,0,1474,1496,20192,10,0,0,10,11
2020-12-11,US,Louisiana,Sabine,1759,33,0,31.56388699,-93.55433981,22085.0,0.0,0.0,7364.763021269469,1.8760659465605456,1726,1734,32,0,1702,1709,24032,25,1,0,24,25
2020-12-11,US,Louisiana,St. Bernard,2014,36,0,29.87761636,-89.51887093,22087.0,0.0,0.0,4262.975192617052,1.7874875868917577,1978,1997,36,0,1961,1989,46721,17,0,0,17,8
2020-12-11,US,Louisiana,St. Charles,2964,71,0,29.90709658,-90.35555967,22089.0,0.0,0.0,5581.920903954802,2.395411605937922,2893,2936,71,0,2865,2909,52879,28,0,0,28,27
2020-12-11,US,Louisiana,St. Helena,593,4,0,30.82210324,-90.71013176,22091.0,0.0,0.0,5852.743782076589,0.6745362563237775,589,587,4,0,583,584,10262,6,0,0,6,3
2020-12-11,US,Louisiana,St. James,1121,40,0,30.02531716,-90.80212061,22093.0,0.0,0.0,5313.803564656807,3.5682426404995535,1081,1117,40,0,1077,1105,21037,4,0,0,4,12
2020-12-11,US,Louisiana,St. John the Baptist,2198,116,0,30.12597499,-90.4753503,22095.0,0.0,0.0,5131.078273455189,5.277525022747953,2082,2180,116,0,2064,2161,43184,18,0,0,18,19
2020-12-11,US,Louisiana,St. Landry,5646,173,0,30.59724262,-92.00135806,22097.0,0.0,0.0,6874.96955822902,3.0641161884520014,5473,5561,173,0,5388,5517,82764,85,0,0,85,44
2020-12-11,US,Louisiana,St. Martin,3131,75,0,30.13112107,-91.61403569,22099.0,0.0,0.0,5859.894068986169,2.395400830405621,3056,3105,75,0,3030,3084,53621,26,0,0,26,21
2020-12-11,US,Louisiana,St. Mary,2562,97,0,29.69262097,-91.44702164,22101.0,0.0,0.0,5191.6997649347495,3.7861046057767367,2465,2544,97,0,2447,2518,49774,18,0,0,18,26
2020-12-11,US,Louisiana,St. Tammany,12029,305,0,30.40942847,-89.95642711,22103.0,0.0,0.0,4619.094612912269,2.535539113808297,11724,11920,302,0,11618,11780,258111,109,3,0,106,140
2020-12-11,US,Louisiana,Tangipahoa,7717,153,0,30.62888673,-90.40664996,22105.0,0.0,0.0,5726.561688359876,1.9826357392769207,7564,7616,152,0,7464,7459,133777,101,1,0,100,157
2020-12-11,US,Louisiana,Tensas,234,3,0,32.00760749,-91.32915234,22107.0,0.0,0.0,5399.1693585602225,1.2820512820512822,231,231,3,0,228,231,4462,3,0,0,3,0
2020-12-11,US,Louisiana,Terrebonne,4999,141,0,29.37343766,-90.82626855,22109.0,0.0,0.0,4525.579163686731,2.8205641128225647,4858,4966,141,0,4825,4929,111021,33,0,0,33,37
2020-12-11,US,Louisiana,Unassigned,410,0,0,0.0,0.0,90022.0,0.0,0.0,0.0,0.0,410,399,0,0,399,389,,11,0,0,11,10
2020-12-11,US,Louisiana,Union,1546,61,0,32.83121059,-92.3749373,22111.0,0.0,0.0,6992.94373077619,3.945666235446313,1485,1534,61,0,1473,1525,22330,12,0,0,12,9
2020-12-11,US,Louisiana,Vermilion,2904,79,0,29.83517605,-92.30292538,22113.0,0.0,0.0,4879.77012653123,2.720385674931129,2825,2886,79,0,2807,2869,59830,18,0,0,18,17
2020-12-11,US,Louisiana,Vernon,1675,66,0,31.10884837,-93.18153838,22115.0,0.0,0.0,3531.594594024753,3.9402985074626864,1609,1649,66,0,1583,1620,48860,26,0,0,26,29
2020-12-11,US,Louisiana,Washington,2541,80,0,30.85288548,-90.03866652,22117.0,0.0,0.0,5500.714378490713,3.1483667847304213,2461,2501,80,0,2421,2480,46582,40,0,0,40,21
2020-12-11,US,Louisiana,Webster,2296,60,0,32.70847669,-93.33121835,22119.0,0.0,0.0,5988.523735002607,2.6132404181184667,2236,2264,60,0,2204,2231,38798,32,0,0,32,33
2020-12-11,US,Louisiana,West Baton Rouge,1546,46,0,30.46058217,-91.30989571,22121.0,0.0,0.0,5841.677687511809,2.9754204398447617,1500,1521,46,0,1475,1508,26427,25,0,0,25,13
2020-12-11,US,Louisiana,West Carroll,763,23,0,32.78550125,-91.461201,22123.0,0.0,0.0,7045.2446906740515,3.0144167758846656,740,759,23,0,736,747,10982,4,0,0,4,12
2020-12-11,US,Louisiana,West Feliciana,852,25,0,30.87882871,-91.41485379999999,22125.0,0.0,0.0,5472.764645426516,2.9342723004694835,827,859,25,0,834,849,15460,0,0,0,-7,10
2020-12-11,US,Louisiana,Winn,1096,26,0,31.94449367,-92.63789413,22127.0,0.0,0.0,7882.623705408516,2.372262773722628,1070,1097,26,0,1071,1079,14134,0,0,0,-1,18
2020-12-11,US,Maine,Androscoggin,1898,36,0,44.1664747,-70.20380627,23001.0,0.0,0.0,1752.9115139872733,1.8967334035827184,1862,1875,36,0,1839,1813,107679,23,0,0,23,62
2020-12-11,US,Maine,Aroostook,250,2,0,46.65926321,-68.59841248,23003.0,0.0,0.0,372.8282752963985,0.8,248,238,2,0,236,228,67111,12,0,0,12,10
2020-12-11,US,Maine,Cumberland,4651,76,0,43.8370751,-70.37226999,23005.0,0.0,0.0,1576.594136330817,1.6340571920017202,4575,4573,76,0,4497,4457,293557,78,0,0,78,116
2020-12-11,US,Maine,Franklin,296,4,0,44.97330019,-70.44381045,23007.0,0.0,0.0,980.1649061227192,1.351351351351351,292,290,4,0,286,281,29897,6,0,0,6,9
2020-12-11,US,Maine,Hancock,375,8,0,44.59816444,-68.38401854,23009.0,0.0,0.0,681.9793769436412,2.1333333333333333,367,344,6,0,338,338,54811,31,2,0,29,6
2020-12-11,US,Maine,Kennebec,1156,19,0,44.40759555,-69.76738544,23011.0,0.0,0.0,945.2012232015828,1.643598615916955,1137,1135,19,0,1116,1099,122083,21,0,0,21,36
2020-12-11,US,Maine,Knox,234,4,0,44.11486325,-69.10529169,23013.0,0.0,0.0,588.3536156089713,1.709401709401709,230,232,4,0,228,230,39771,2,0,0,2,2
2020-12-11,US,Maine,Lincoln,189,2,0,44.05996956,-69.54227124,23015.0,0.0,0.0,545.706531154357,1.058201058201058,187,188,2,0,186,186,34342,1,0,0,1,2
2020-12-11,US,Maine,Oxford,591,6,0,44.49952995,-70.75682123,23017.0,0.0,0.0,1019.4049159120308,1.0152284263959392,585,579,5,0,574,529,57618,12,1,0,11,50
2020-12-11,US,Maine,Penobscot,1216,15,0,45.40194593,-68.65020455,23019.0,0.0,0.0,799.2218103425612,1.2335526315789471,1201,1197,14,0,1183,1176,151096,19,1,0,18,21
2020-12-11,US,Maine,Piscataquis,66,1,0,45.83839062,-69.2860223,23021.0,0.0,0.0,393.2082216264522,1.5151515151515151,65,66,1,0,65,62,16800,0,0,0,0,4
2020-12-11,US,Maine,Sagadahoc,196,0,0,43.95415864,-69.85074999,23023.0,0.0,0.0,546.6309683177153,0.0,196,192,0,0,192,191,35634,4,0,0,4,1
2020-12-11,US,Maine,Somerset,541,20,0,45.51229767,-69.95995554,23025.0,0.0,0.0,1071.6266539893827,3.696857670979667,521,535,20,0,515,528,50592,6,0,0,6,7
2020-12-11,US,Maine,Unassigned,1,0,0,0.0,0.0,90023.0,0.0,0.0,0.0,0.0,1,1,0,0,1,18,,0,0,0,0,0
2020-12-11,US,Maine,Waldo,278,17,0,44.4858305,-69.12061935,23027.0,0.0,0.0,699.9874102983762,6.115107913669065,261,276,17,0,259,271,39694,2,0,0,2,5
2020-12-11,US,Maine,Washington,208,2,0,45.01607142,-67.62813524,23029.0,0.0,0.0,662.8636986519647,0.9615384615384616,206,201,2,0,199,199,31490,7,0,0,7,2
2020-12-11,US,Maine,York,3060,38,0,43.47808377,-70.71052375,23031.0,0.0,0.0,1473.6973911703376,1.2418300653594772,3022,2939,38,0,2901,2848,206229,121,0,0,121,91
2020-12-11,US,Maryland,Allegany,4441,113,0,39.62357628,-78.69280486,24001.0,0.0,0.0,6306.805271529198,2.5444719657734742,4328,4378,109,0,4269,4321,70975,63,4,0,59,57
2020-12-11,US,Maryland,Anne Arundel,19547,311,0,39.00670238,-76.60329337,24003.0,0.0,0.0,3374.629251735913,1.5910369877730601,19236,19255,310,0,18945,18914,576031,292,1,0,291,341
2020-12-11,US,Maryland,Baltimore,33125,806,0,39.45784712,-76.62911955,24005.0,0.0,0.0,4003.6501202605846,2.433207547169811,32319,32853,801,0,32052,32387,828431,272,5,0,267,466
2020-12-11,US,Maryland,Baltimore City,27464,620,0,39.30211911,-76.61151012,24510.0,0.0,0.0,4627.542165832618,2.257500728226041,26844,27197,611,0,26586,26897,621342,267,9,0,258,300
2020-12-11,US,Maryland,Calvert,1822,41,0,38.53961642,-76.56820632,24009.0,0.0,0.0,1969.1975141853552,2.2502744237102084,1781,1812,40,0,1772,1801,92003,10,1,0,9,11
2020-12-11,US,Maryland,Caroline,1130,10,0,38.87172293,-75.82904158,24011.0,0.0,0.0,3382.625875591212,0.8849557522123894,1120,1104,10,0,1094,1090,33304,26,0,0,26,14
2020-12-11,US,Maryland,Carroll,3934,151,0,39.56453592,-77.02373735,24013.0,0.0,0.0,2335.452694319281,3.838332486019319,3783,3882,148,0,3734,3843,168429,52,3,0,49,39
2020-12-11,US,Maryland,Cecil,2674,55,0,39.56647682,-75.94627411,24015.0,0.0,0.0,2599.776384230227,2.056843679880329,2619,2644,54,0,2590,2598,102826,30,1,0,29,46
2020-12-11,US,Maryland,Charles,4994,112,0,38.51092331,-76.98580666,24017.0,0.0,0.0,3058.9806256393294,2.2426912294753705,4882,4945,109,0,4836,4886,161503,49,3,0,46,59
2020-12-11,US,Maryland,Dorchester,1135,17,0,38.45413522,-76.02752426,24019.0,0.0,0.0,3554.7621284725483,1.497797356828194,1118,1129,17,0,1112,1098,31998,6,0,0,6,31
2020-12-11,US,Maryland,Frederick,8363,156,0,39.47296601,-77.39999394,24021.0,0.0,0.0,3222.152442524861,1.865359320817888,8207,8226,155,0,8071,8074,255648,137,1,0,136,152
2020-12-11,US,Maryland,Garrett,1116,15,0,39.52786077,-79.27355126,24023.0,0.0,0.0,3846.41897015234,1.3440860215053765,1101,1095,15,0,1080,1058,29163,21,0,0,21,37
2020-12-11,US,Maryland,Harford,6978,118,0,39.55010644,-76.30775940000002,24025.0,0.0,0.0,2731.746274090691,1.6910289481226712,6860,6904,116,0,6788,6769,253956,74,2,0,72,135
2020-12-11,US,Maryland,Howard,9388,163,0,39.25305293,-76.93126208,24027.0,0.0,0.0,2882.4956246737697,1.7362590541116318,9225,9280,163,0,9117,9124,323196,108,0,0,108,156
2020-12-11,US,Maryland,Kent,533,25,0,39.24976208,-76.04741541,24029.0,0.0,0.0,2744.3105756358773,4.690431519699811,508,523,25,0,498,515,19383,10,0,0,10,8
2020-12-11,US,Maryland,Montgomery,38190,1012,0,39.13676329,-77.20358245,24031.0,0.0,0.0,3634.761223122373,2.6499083529719822,37178,37738,1002,0,36736,37194,1052567,452,10,0,442,544
2020-12-11,US,Maryland,Prince George's,46335,974,0,38.83070039,-76.8496441,24033.0,0.0,0.0,5095.526691718161,2.102082658897162,45361,45871,974,0,44897,45345,909308,464,0,0,464,526
2020-12-11,US,Maryland,Queen Anne's,1315,27,0,39.06198912,-76.03530977,24035.0,0.0,0.0,2610.110954526508,2.053231939163498,1288,1277,27,0,1250,1250,50251,38,0,0,38,27
2020-12-11,US,Maryland,Somerset,1391,9,0,38.1163542,-75.75118623,24039.0,0.0,0.0,5430.199875078076,0.6470165348670022,1382,1380,10,0,1370,1372,25675,11,0,0,12,8
2020-12-11,US,Maryland,St. Mary's,2608,73,0,38.30058422,-76.60629279999998,24037.0,0.0,0.0,2297.5949255572195,2.799079754601227,2535,2572,70,0,2502,2539,112664,36,3,0,33,33
2020-12-11,US,Maryland,Talbot,931,7,0,38.76618159,-76.10882561,24041.0,0.0,0.0,2503.9670799601945,0.7518796992481203,924,922,7,0,915,910,36968,9,0,0,9,12
2020-12-11,US,Maryland,Unassigned,0,55,0,0.0,0.0,90024.0,0.0,0.0,0.0,0.0,-55,0,49,0,-49,0,,0,6,0,-6,0
2020-12-11,US,Maryland,Washington,5572,92,0,39.60835778,-77.82002295,24043.0,0.0,0.0,3688.8691749035083,1.6511127063890882,5480,5425,90,0,5335,5288,150926,147,2,0,145,137
2020-12-11,US,Maryland,Wicomico,3824,62,0,38.37301947,-75.62705831,24045.0,0.0,0.0,3690.7990618575604,1.6213389121338913,3762,3796,61,0,3735,3747,103195,28,1,0,27,49
2020-12-11,US,Maryland,Worcester,1661,40,0,38.21274277,-75.33200012,24047.0,0.0,0.0,3177.366286632489,2.4081878386514153,1621,1647,39,0,1608,1633,51823,14,1,0,13,14
2020-12-11,US,Massachusetts,Barnstable,3821,202,0,41.72980578,-70.28854339,25001.0,0.0,0.0,1793.9809380722104,5.286574195236849,3619,3739,202,0,3537,3671,213413,82,0,0,82,68
2020-12-11,US,Massachusetts,Berkshire,2198,95,0,42.37428441,-73.20524838,25003.0,0.0,0.0,1759.1881162760917,4.322111010009099,2103,2158,91,0,2067,2076,126348,40,4,0,36,82
2020-12-11,US,Massachusetts,Bristol,25281,933,0,41.79228404,-71.10872211,25005.0,0.0,0.0,4472.795404242972,3.690518571259049,24348,24598,921,0,23677,24157,564022,683,12,0,671,441
2020-12-11,US,Massachusetts,Dukes and Nantucket,879,2,0,41.40674725,-70.68763497,0.0,0.0,0.0,3059.4131774041966,0.22753128555176336,877,840,2,0,838,816,26707,39,0,0,39,24
2020-12-11,US,Massachusetts,Essex,44163,1516,0,42.6687626,-70.94687179,25009.0,0.0,0.0,5597.097210006158,3.4327378121957293,42647,43110,1510,0,41600,42222,790638,1053,6,0,1047,888
2020-12-11,US,Massachusetts,Franklin,895,80,0,42.58119713,-72.58602547,25011.0,0.0,0.0,1275.2921060131089,8.938547486033519,815,857,80,0,777,840,70963,38,0,0,38,17
2020-12-11,US,Massachusetts,Hampden,19931,961,0,42.13440424,-72.63235561,25013.0,0.0,0.0,4273.627061658934,4.821634639506296,18970,19605,957,0,18648,19242,470406,326,4,0,322,363
2020-12-11,US,Massachusetts,Hampshire,2829,171,0,42.33997957,-72.65898478,25015.0,0.0,0.0,1759.0001865323636,6.0445387062566285,2658,2774,170,0,2604,2701,161355,55,1,0,54,73
2020-12-11,US,Massachusetts,Middlesex,56850,2514,0,42.48607732,-71.39049229,25017.0,0.0,0.0,3527.333577795853,4.422163588390501,54336,55765,2507,0,53258,54680,1614714,1085,7,0,1078,1085
2020-12-11,US,Massachusetts,Norfolk,19866,1208,0,42.16073095,-71.20530408,25021.0,0.0,0.0,2810.795514838527,6.080740964461894,18658,19500,1204,0,18296,19114,705388,366,4,0,362,386
2020-12-11,US,Massachusetts,Plymouth,17857,928,0,41.94070556,-70.80802823,25023.0,0.0,0.0,3426.1188560289484,5.196841574732598,16929,17550,925,0,16625,17150,518132,307,3,0,304,400
2020-12-11,US,Massachusetts,Suffolk,43396,1294,0,42.327951399999996,-71.07850442,25025.0,0.0,0.0,5398.136849162901,2.981841644391188,42102,42667,1291,0,41376,42036,807252,729,3,0,726,631
2020-12-11,US,Massachusetts,Unassigned,11278,6,0,0.0,0.0,90025.0,0.0,0.0,0.0,0.053200922149317265,11272,11102,6,0,11096,10832,,176,0,0,176,270
2020-12-11,US,Massachusetts,Worcester,31192,1347,0,42.35026951,-71.90493363,25027.0,0.0,0.0,3755.2581077794707,4.318414978199538,29845,30516,1343,0,29173,29875,830839,676,4,0,672,641
2020-12-11,US,Michigan,Alcona,294,8,0,44.6846864,-83.59507875,26001.0,0.0,0.0,2825.564632388275,2.7210884353741496,286,293,8,0,285,290,10362,1,0,0,1,3
2020-12-11,US,Michigan,Alger,262,2,0,46.41292944,-86.60260122,26003.0,0.0,0.0,2876.592007026789,0.7633587786259542,260,258,2,0,256,258,9097,4,0,0,4,0
2020-12-11,US,Michigan,Allegan,4892,43,0,42.59147037,-85.89102866,26005.0,0.0,0.0,4142.91884384448,0.8789860997547015,4849,4857,42,0,4815,4758,117327,35,1,0,34,99
2020-12-11,US,Michigan,Alpena,939,19,0,45.03477666,-83.62212411,26007.0,0.0,0.0,3305.7560288681566,2.0234291799787005,920,919,19,0,900,903,28360,20,0,0,20,16
2020-12-11,US,Michigan,Antrim,529,8,0,44.99690221,-85.15503082,26009.0,0.0,0.0,2268.0500771737265,1.5122873345935728,521,524,8,0,516,520,23365,5,0,0,5,4
2020-12-11,US,Michigan,Arenac,537,22,0,44.0636262,-83.89277559,26011.0,0.0,0.0,3608.143519451725,4.0968342644320295,515,531,22,0,509,527,15041,6,0,0,6,4
2020-12-11,US,Michigan,Baraga,545,26,0,46.6720582,-88.36363591,26013.0,0.0,0.0,6639.0546960652955,4.770642201834862,519,533,25,0,508,530,8320,12,1,0,11,3
2020-12-11,US,Michigan,Barry,2617,20,0,42.59513984,-85.30834519,26015.0,0.0,0.0,4251.82778229082,0.7642338555598013,2597,2594,20,0,2574,2566,61157,23,0,0,23,28
2020-12-11,US,Michigan,Bay,5377,133,0,43.70639106,-83.98731479,26017.0,0.0,0.0,5214.010045963189,2.4734982332155475,5244,5325,133,0,5192,5241,103923,52,0,0,52,84
2020-12-11,US,Michigan,Benzie,563,12,0,44.63899297,-86.01608482,26019.0,0.0,0.0,3168.9744455701903,2.131438721136768,551,554,12,0,542,546,17753,9,0,0,9,8
2020-12-11,US,Michigan,Berrien,8131,142,0,41.95447397,-86.41313079999998,26021.0,0.0,0.0,5300.486959015911,1.7464026564998156,7989,8025,135,0,7890,7940,154141,106,7,0,99,85
2020-12-11,US,Michigan,Branch,2702,47,0,41.91600556,-85.05929476,26023.0,0.0,0.0,6209.067720660891,1.7394522575869726,2655,2663,47,0,2616,2628,43622,39,0,0,39,35
2020-12-11,US,Michigan,Calhoun,6987,146,0,42.24633834,-85.00493569,26025.0,0.0,0.0,5207.99946332337,2.0895949620724203,6841,6912,145,0,6767,6833,134487,75,1,0,74,79
2020-12-11,US,Michigan,Cass,2705,35,0,41.91522292,-85.99405727,26027.0,0.0,0.0,5223.318593469405,1.2939001848428835,2670,2659,34,0,2625,2606,51653,46,1,0,45,53
2020-12-11,US,Michigan,Charlevoix,760,7,0,45.37790017,-85.19614053,26029.0,0.0,0.0,2907.087939410167,0.9210526315789472,753,744,7,0,737,741,26244,16,0,0,16,3
2020-12-11,US,Michigan,Cheboygan,632,25,0,45.44787015,-84.50122149,26031.0,0.0,0.0,2500.395632220288,3.9556962025316458,607,621,24,0,597,609,25413,11,1,0,10,12
2020-12-11,US,Michigan,Chippewa,1064,9,0,46.29552653,-84.54353449,26033.0,0.0,0.0,2848.804519531982,0.8458646616541353,1055,1046,9,0,1037,1021,37517,18,0,0,18,25
2020-12-11,US,Michigan,Clare,982,27,0,43.98794227,-84.84819859999998,26035.0,0.0,0.0,3172.8594507269786,2.74949083503055,955,963,27,0,936,941,30757,19,0,0,19,22
2020-12-11,US,Michigan,Clinton,3311,29,0,42.94400871,-84.60145248,26037.0,0.0,0.0,4159.80903323073,0.8758683177287828,3282,3285,29,0,3256,3232,79332,26,0,0,26,53
2020-12-11,US,Michigan,Crawford,414,5,0,44.68255561,-84.61006219,26039.0,0.0,0.0,2951.0300092665198,1.207729468599034,409,410,5,0,405,407,13901,4,0,0,4,3
2020-12-11,US,Michigan,Delta,2738,65,0,45.90484910000001,-86.9080745,26041.0,0.0,0.0,7651.464341605187,2.3739956172388603,2673,2723,65,0,2658,2697,35857,15,0,0,15,26
2020-12-11,US,Michigan,Dickinson,1975,60,0,46.00999672,-87.86961634,26043.0,0.0,0.0,7825.191172391934,3.0379746835443036,1915,1956,60,0,1896,1946,25383,19,0,0,19,10
2020-12-11,US,Michigan,Eaton,3945,64,0,42.59599185,-84.83740035,26045.0,0.0,0.0,3577.647186853847,1.6223067173637515,3881,3900,62,0,3838,3810,109826,45,2,0,43,90
2020-12-11,US,Michigan,Emmet,1117,29,0,45.52625509,-84.89083249,26047.0,0.0,0.0,3342.8101152177173,2.5962399283795876,1088,1107,29,0,1078,1096,33308,10,0,0,10,11
2020-12-11,US,Michigan,Federal Correctional Institution (FCI),235,5,0,0.0,0.0,0.0,0.0,0.0,0.0,2.127659574468085,230,235,5,0,230,221,,0,0,0,0,14
2020-12-11,US,Michigan,Genesee,18242,491,0,43.02244215,-83.70589709,26049.0,0.0,0.0,4495.173885508842,2.6915908343383395,17751,17978,483,0,17495,17646,406892,264,8,0,256,332
2020-12-11,US,Michigan,Gladwin,1021,14,0,43.98901072,-84.38774817,26051.0,0.0,0.0,4011.945459546544,1.3712047012732616,1007,1009,14,0,995,992,25337,12,0,0,12,17
2020-12-11,US,Michigan,Gogebic,938,25,0,46.40862701,-89.69377193,26053.0,0.0,0.0,6711.985688729876,2.6652452025586357,913,922,25,0,897,913,15096,16,0,0,16,9
2020-12-11,US,Michigan,Grand Traverse,2430,28,0,44.69565625,-85.55585247,26055.0,0.0,0.0,2610.433138535579,1.1522633744855968,2402,2399,28,0,2371,2363,92573,31,0,0,31,36
2020-12-11,US,Michigan,Gratiot,2027,45,0,43.29265605,-84.60505416,26057.0,0.0,0.0,4978.998305126379,2.220029600394672,1982,1971,44,0,1927,1927,40599,56,1,0,55,44
2020-12-11,US,Michigan,Hillsdale,2115,49,0,41.88753639,-84.59312019,26059.0,0.0,0.0,4637.649380550378,2.316784869976359,2066,2076,49,0,2027,2032,45749,39,0,0,39,44
2020-12-11,US,Michigan,Houghton,1833,16,0,46.89988536,-88.68495385,26061.0,0.0,0.0,5136.755969061765,0.872885979268958,1817,1815,16,0,1799,1783,36219,18,0,0,18,32
2020-12-11,US,Michigan,Huron,1212,24,0,43.83353985,-83.04078453,26063.0,0.0,0.0,3912.0751428294757,1.98019801980198,1188,1164,23,0,1141,1125,31166,48,1,0,47,39
2020-12-11,US,Michigan,Ingham,10783,141,0,42.59716886,-84.37472069,26065.0,0.0,0.0,3687.680827342804,1.3076138365946397,10642,10654,140,0,10514,10476,292735,129,1,0,128,178
2020-12-11,US,Michigan,Ionia,2953,34,0,42.94502238,-85.07413319,26067.0,0.0,0.0,4564.353834026308,1.1513714866237723,2919,2921,33,0,2888,2890,64210,32,1,0,31,31
2020-12-11,US,Michigan,Iosco,951,35,0,44.35486835,-83.63484895,26069.0,0.0,0.0,3784.773351375016,3.6803364879074665,916,944,34,0,910,935,25081,7,1,0,6,9
2020-12-11,US,Michigan,Iron,768,36,0,46.20974132,-88.53136251,26071.0,0.0,0.0,6940.1771191035605,4.6875,732,766,36,0,730,763,11117,2,0,0,2,3
2020-12-11,US,Michigan,Isabella,2930,32,0,43.64060976,-84.84664923,26073.0,0.0,0.0,4193.382184566064,1.0921501706484642,2898,2893,31,0,2862,2843,70562,37,1,0,36,50
2020-12-11,US,Michigan,Jackson,6522,117,0,42.24807035,-84.42258681,26075.0,0.0,0.0,4114.566904296259,1.7939282428702852,6405,6392,117,0,6275,6280,158823,130,0,0,130,112
2020-12-11,US,Michigan,Kalamazoo,10809,192,0,42.24542231,-85.53038622,26077.0,0.0,0.0,4077.8523084816607,1.7762975298362476,10617,10732,190,0,10542,10619,264870,77,2,0,75,113
2020-12-11,US,Michigan,Kalkaska,427,9,0,44.68512729,-85.09085699,26079.0,0.0,0.0,2367.22474775474,2.107728337236534,418,422,9,0,413,419,17824,5,0,0,5,3
2020-12-11,US,Michigan,Kent,38720,439,0,43.03197711,-85.54934642,26081.0,0.0,0.0,5893.8587878926255,1.1337809917355373,38281,38367,441,0,37926,37816,653786,353,0,0,355,551
2020-12-11,US,Michigan,Keweenaw,82,2,0,47.63197653,-88.41434263,26083.0,0.0,0.0,3875.2362948960304,2.4390243902439024,80,80,2,0,78,79,2113,2,0,0,2,1
2020-12-11,US,Michigan,Lake,255,6,0,43.99050893,-85.802173,26085.0,0.0,0.0,2151.3540875727663,2.3529411764705883,249,249,6,0,243,244,11881,6,0,0,6,5
2020-12-11,US,Michigan,Lapeer,3286,71,0,43.09052506,-83.22153148,26087.0,0.0,0.0,3750.841827707832,2.160681679853926,3215,3220,68,0,3152,3178,88028,66,3,0,63,42
2020-12-11,US,Michigan,Leelanau,492,3,0,44.94430054,-85.80150326,26089.0,0.0,0.0,2260.9255089380085,0.6097560975609756,489,485,3,0,482,472,21764,7,0,0,7,13
2020-12-11,US,Michigan,Lenawee,3325,44,0,41.89475156,-84.06603727,26091.0,0.0,0.0,3377.3146032036243,1.3233082706766917,3281,3277,44,0,3233,3220,98266,48,0,0,48,57
2020-12-11,US,Michigan,Livingston,6848,56,0,42.60302282,-83.91297209,26093.0,0.0,0.0,3566.759551029975,0.8177570093457944,6792,6760,56,0,6704,6620,191224,88,0,0,88,140
2020-12-11,US,Michigan,Luce,181,0,0,46.47227431,-85.54471223,26095.0,0.0,0.0,2905.7633649060845,0.0,181,178,0,0,178,178,6283,3,0,0,3,0
2020-12-11,US,Michigan,Mackinac,349,1,0,46.07028979,-85.04980537,26097.0,0.0,0.0,3231.780720437077,0.28653295128939826,348,345,1,0,344,339,10787,4,0,0,4,6
2020-12-11,US,Michigan,Macomb,44256,1392,0,42.69158356,-82.92752801,26099.0,0.0,0.0,5063.7777869313895,3.1453362255965294,42864,43848,1389,0,42459,43311,874759,408,3,0,405,537
2020-12-11,US,Michigan,Manistee,485,10,0,44.33352407,-86.05626916,26101.0,0.0,0.0,1974.916524146917,2.061855670103093,475,474,10,0,464,466,24528,11,0,0,11,8
2020-12-11,US,Michigan,Marquette,3260,41,0,46.4338914,-87.64043701,26103.0,0.0,0.0,4887.629499692649,1.2576687116564418,3219,3237,41,0,3196,3198,66516,23,0,0,23,39
2020-12-11,US,Michigan,Mason,770,13,0,43.99509218,-86.24988902,26105.0,0.0,0.0,2642.053252813615,1.6883116883116882,757,758,13,0,745,748,29100,12,0,0,12,10
2020-12-11,US,Michigan,Mecosta,1473,11,0,43.64064262,-85.32463223,26107.0,0.0,0.0,3389.869514187743,0.7467752885268161,1462,1454,11,0,1443,1434,43545,19,0,0,19,20
2020-12-11,US,Michigan,Menominee,1487,21,0,45.58038692,-87.55370409,26109.0,0.0,0.0,6527.655838454785,1.4122394082044385,1466,1480,21,0,1459,1468,22983,7,0,0,7,12
2020-12-11,US,Michigan,Michigan Department of Corrections (MDOC),17139,102,0,0.0,0.0,0.0,0.0,0.0,0.0,0.5951339051286539,17037,16576,99,0,16477,16508,,563,3,0,560,68
2020-12-11,US,Michigan,Midland,3479,31,0,43.64330771,-84.38804374,26111.0,0.0,0.0,4183.702919813363,0.8910606496119574,3448,3451,31,0,3420,3401,83209,28,0,0,28,50
2020-12-11,US,Michigan,Missaukee,368,7,0,44.33772443,-85.09256478,26113.0,0.0,0.0,2434.184415928033,1.9021739130434785,361,361,7,0,354,352,15113,7,0,0,7,9
2020-12-11,US,Michigan,Monroe,6548,115,0,41.92734151,-83.53749864,26115.0,0.0,0.0,4350.8305647840525,1.7562614538790466,6433,6458,114,0,6344,6375,150439,90,1,0,89,83
2020-12-11,US,Michigan,Montcalm,2523,38,0,43.31082541,-85.15252824,26117.0,0.0,0.0,3949.098422238918,1.5061434799841458,2485,2475,39,0,2436,2433,63968,48,0,0,49,42
2020-12-11,US,Michigan,Montmorency,248,5,0,45.0275929,-84.12696227,26119.0,0.0,0.0,2658.662092624357,2.0161290322580645,243,240,3,0,237,240,9265,8,2,0,6,0
2020-12-11,US,Michigan,Muskegon,8519,209,0,43.29123859,-86.15176712,26121.0,0.0,0.0,4908.2193517163505,2.4533395938490434,8310,8421,208,0,8213,8318,173588,98,1,0,97,103
2020-12-11,US,Michigan,Newaygo,1971,26,0,43.554373999999996,-85.80070107,26123.0,0.0,0.0,4024.0914659044506,1.3191273465246067,1945,1943,24,0,1919,1928,48892,28,2,0,26,15
2020-12-11,US,Michigan,Oakland,54042,1463,0,42.66090111,-83.38595416,26125.0,0.0,0.0,4297.287497296404,2.7071536952740463,52579,53510,1462,0,52048,52856,1259201,532,1,0,531,654
2020-12-11,US,Michigan,Oceana,1453,31,0,43.64124435,-86.26726673,26127.0,0.0,0.0,5489.855291495071,2.13351686166552,1422,1435,29,0,1406,1418,26625,18,2,0,16,17
2020-12-11,US,Michigan,Ogemaw,740,22,0,44.33481032,-84.12725175,26129.0,0.0,0.0,3524.312997094823,2.972972972972973,718,728,22,0,706,716,20952,12,0,0,12,12
2020-12-11,US,Michigan,Ontonagon,296,15,0,46.665226200000006,-89.31390481,26131.0,0.0,0.0,5174.825174825175,5.067567567567568,281,296,16,0,280,296,5795,0,0,0,1,0
2020-12-11,US,Michigan,Osceola,694,13,0,43.98992088,-85.32566756,26133.0,0.0,0.0,2958.2267689684572,1.873198847262248,681,677,13,0,664,667,23341,17,0,0,17,10
2020-12-11,US,Michigan,Oscoda,258,11,0,44.68192279,-84.12939244,26135.0,0.0,0.0,3130.6880232981434,4.263565891472869,247,253,11,0,242,251,8276,5,0,0,5,2
2020-12-11,US,Michigan,Otsego,886,19,0,45.02085831,-84.59898295,26137.0,0.0,0.0,3591.6977460677795,2.144469525959368,867,867,19,0,848,859,24665,19,0,0,19,8
2020-12-11,US,Michigan,Ottawa,16388,207,0,42.95996803,-85.9969107,26139.0,0.0,0.0,5615.5981221944285,1.2631193556260678,16181,16217,205,0,16012,15995,290494,171,2,0,169,222
2020-12-11,US,Michigan,Out of MI,1260,9,0,0.0,0.0,80026.0,0.0,0.0,0.0,0.7142857142857143,1251,1242,9,0,1233,1218,,18,0,0,18,24
2020-12-11,US,Michigan,Presque Isle,408,4,0,45.34018577,-83.91498656,26141.0,0.0,0.0,3240.1524777636605,0.9803921568627452,404,379,4,0,375,372,12738,29,0,0,29,7
2020-12-11,US,Michigan,Roscommon,804,24,0,44.33473082,-84.61067651,26143.0,0.0,0.0,3347.3500145717967,2.985074626865672,780,796,23,0,773,788,23884,8,1,0,7,8
2020-12-11,US,Michigan,Saginaw,10589,305,0,43.33433923,-84.05131209999998,26145.0,0.0,0.0,5557.3924498396655,2.8803475304561337,10284,10404,301,0,10103,10177,190800,185,4,0,181,227
2020-12-11,US,Michigan,Sanilac,1211,34,0,43.42406072,-82.82055898,26151.0,0.0,0.0,2941.4622297789647,2.8075970272502064,1177,1187,33,0,1154,1171,41182,24,1,0,23,16
2020-12-11,US,Michigan,Schoolcraft,203,3,0,46.19235734,-86.19972234,26153.0,0.0,0.0,2508.030639980232,1.477832512315271,200,201,3,0,198,201,8068,2,0,0,2,0
2020-12-11,US,Michigan,Shiawassee,2491,50,0,42.95392800000001,-84.14585902,26155.0,0.0,0.0,3656.6747893485217,2.007226013649137,2441,2467,50,0,2417,2436,68192,24,0,0,24,31
2020-12-11,US,Michigan,St. Clair,5910,116,0,42.92655373,-82.67937954,26147.0,0.0,0.0,3713.991252325173,1.962774957698816,5794,5821,113,0,5708,5692,159337,89,3,0,86,129
2020-12-11,US,Michigan,St. Joseph,3071,41,0,41.91441767,-85.52797979,26149.0,0.0,0.0,5037.399120792599,1.3350700097688049,3030,3021,41,0,2980,2983,61043,50,0,0,50,38
2020-12-11,US,Michigan,Tuscola,2129,69,0,43.46606813,-83.41897025,26157.0,0.0,0.0,4075.0311034548763,3.240958196336308,2060,2083,68,0,2015,2055,52516,46,1,0,45,28
2020-12-11,US,Michigan,Unassigned,20,0,0,0.0,0.0,90026.0,0.0,0.0,0.0,0.0,20,15,0,0,15,16,,5,0,0,5,0
2020-12-11,US,Michigan,Van Buren,3525,59,0,42.25190229,-86.01939087,26159.0,0.0,0.0,4657.954200087213,1.673758865248227,3466,3468,58,0,3410,3412,75448,57,1,0,56,56
2020-12-11,US,Michigan,Washtenaw,11772,151,0,42.253105,-83.83853204,26161.0,0.0,0.0,3202.385194817207,1.2827047230716957,11621,11640,150,0,11490,11470,370963,132,1,0,131,170
2020-12-11,US,Michigan,Wayne,75084,3384,0,42.28098405,-83.281255,26163.0,0.0,0.0,4292.1256723238375,4.506952213520856,71700,74378,3377,0,71001,73376,1753893,706,7,0,699,1002
2020-12-11,US,Michigan,Wexford,834,16,0,44.33853602,-85.57712739,26165.0,0.0,0.0,2479.8548957806784,1.9184652278177456,818,803,16,0,787,794,33466,31,0,0,31,9
2020-12-11,US,Minnesota,Aitkin,884,31,0,46.60962049,-93.41168259999999,27001.0,0.0,0.0,5564.648117839607,3.5067873303167416,853,871,30,0,841,863,15902,13,1,0,12,8
2020-12-11,US,Minnesota,Anoka,26078,254,0,45.27476015,-93.24604565,27003.0,0.0,0.0,7306.378722462394,0.9740010737019709,25824,25815,250,0,25565,25626,353813,263,4,0,259,189
2020-12-11,US,Minnesota,Becker,2442,26,0,46.93479392,-95.67158144,27005.0,0.0,0.0,7094.09406501467,1.0647010647010646,2416,2416,24,0,2392,2390,34371,26,2,0,24,26
2020-12-11,US,Minnesota,Beltrami,2561,24,0,47.97373527,-94.93732139,27007.0,0.0,0.0,5427.227261168094,0.93713393205779,2537,2523,23,0,2500,2472,46847,38,1,0,37,51
2020-12-11,US,Minnesota,Benton,3516,62,0,45.69804958,-93.99514135,27009.0,0.0,0.0,8598.889676930226,1.7633674630261662,3454,3496,61,0,3435,3507,40545,20,1,0,19,0
2020-12-11,US,Minnesota,Big Stone,389,2,0,45.42712824,-96.41403739,27011.0,0.0,0.0,7794.029252654778,0.5141388174807198,387,380,2,0,378,366,4989,9,0,0,9,14
2020-12-11,US,Minnesota,Blue Earth,4609,22,0,44.03554215,-94.06699781,27013.0,0.0,0.0,6812.706014515246,0.47732696897374705,4587,4590,19,0,4571,4558,67427,19,3,0,16,32
2020-12-11,US,Minnesota,Brown,1778,22,0,44.24205652,-94.72562874,27015.0,0.0,0.0,7109.7248880358275,1.2373453318335208,1756,1760,21,0,1739,1730,25111,18,1,0,17,30
2020-12-11,US,Minnesota,Carlton,2274,26,0,46.59180601,-92.67601019,27017.0,0.0,0.0,6339.382788324831,1.1433597185576077,2248,2247,26,0,2221,2228,35837,27,0,0,27,19
2020-12-11,US,Minnesota,Carver,5725,19,0,44.82017001,-93.80099179999999,27019.0,0.0,0.0,5447.763324420253,0.3318777292576419,5706,5665,16,0,5649,5616,103551,60,3,0,57,49
2020-12-11,US,Minnesota,Cass,1705,13,0,46.95043611,-94.32603968,27021.0,0.0,0.0,5725.511266328621,0.7624633431085044,1692,1687,13,0,1674,1665,29519,18,0,0,18,22
2020-12-11,US,Minnesota,Chippewa,1093,17,0,45.02343421,-95.56403693,27023.0,0.0,0.0,9262.71186440678,1.555352241537054,1076,1083,16,0,1067,1063,11924,10,1,0,9,20
2020-12-11,US,Minnesota,Chisago,3659,22,0,45.5021011,-92.90861945,27025.0,0.0,0.0,6467.063751568604,0.6012571740912818,3637,3629,20,0,3609,3596,55922,30,2,0,28,33
2020-12-11,US,Minnesota,Clay,5691,68,0,46.89289518,-96.48761922,27027.0,0.0,0.0,8861.449347575597,1.1948690915480584,5623,5655,67,0,5588,5623,63955,36,1,0,35,32
2020-12-11,US,Minnesota,Clearwater,605,10,0,47.57992111,-95.37790562,27029.0,0.0,0.0,6860.966205488773,1.6528925619834711,595,600,10,0,590,597,8810,5,0,0,5,3
2020-12-11,US,Minnesota,Cook,94,0,0,47.90504893,-90.52629546,27031.0,0.0,0.0,1720.6663005674536,0.0,94,93,0,0,93,93,5393,1,0,0,1,0
2020-12-11,US,Minnesota,Cottonwood,1106,5,0,44.00715262,-95.18138802,27033.0,0.0,0.0,9878.528045730618,0.4520795660036167,1101,1090,5,0,1085,1067,11277,16,0,0,16,23
2020-12-11,US,Minnesota,Crow Wing,4162,46,0,46.48096553,-94.06755609,27035.0,0.0,0.0,6397.6635154868945,1.1052378664103797,4116,4118,44,0,4074,4083,64889,44,2,0,42,35
2020-12-11,US,Minnesota,Dakota,26493,228,0,44.67172617,-93.06299363,27037.0,0.0,0.0,6175.222191920675,0.8606046880308006,26265,26208,224,0,25984,25988,425423,285,4,0,281,220
2020-12-11,US,Minnesota,Dodge,1026,1,0,44.02238415,-92.86244324,27039.0,0.0,0.0,4901.1177987962155,0.09746588693957113,1025,1017,1,0,1016,1008,20822,9,0,0,9,9
2020-12-11,US,Minnesota,Douglas,3115,48,0,45.93348491,-95.45335469,27041.0,0.0,0.0,8167.064313992816,1.5409309791332264,3067,3081,46,0,3035,3052,37964,34,2,0,32,29
2020-12-11,US,Minnesota,Faribault,729,4,0,43.67381499,-93.94787458,27043.0,0.0,0.0,5339.485827290705,0.5486968449931413,725,715,4,0,711,708,13758,14,0,0,14,7
2020-12-11,US,Minnesota,Fillmore,892,0,0,43.67394126,-92.08980382,27045.0,0.0,0.0,4234.110219775003,0.0,892,869,0,0,869,844,21058,23,0,0,23,25
2020-12-11,US,Minnesota,Freeborn,1759,12,0,43.67385583,-93.34884422,27047.0,0.0,0.0,5808.92308708431,0.6822057987492893,1747,1749,12,0,1737,1733,30444,10,0,0,10,16
2020-12-11,US,Minnesota,Goodhue,2557,35,0,44.40849741,-92.72341949999999,27049.0,0.0,0.0,5517.911091929219,1.3687915526007042,2522,2540,35,0,2505,2492,46403,17,0,0,17,48
2020-12-11,US,Minnesota,Grant,335,6,0,45.93424769,-96.01139609,27051.0,0.0,0.0,5609.5110515740125,1.791044776119403,329,332,6,0,326,330,6021,3,0,0,3,2
2020-12-11,US,Minnesota,Hennepin,77579,1216,0,45.00761521,-93.47694895,27053.0,0.0,0.0,6128.643125569285,1.5674344861367122,76363,76902,1200,0,75702,76278,1259428,677,16,0,661,624
2020-12-11,US,Minnesota,Houston,951,5,0,43.67129565,-91.49143057,27055.0,0.0,0.0,5112.903225806452,0.5257623554153522,946,927,4,0,923,905,18578,24,1,0,23,22
2020-12-11,US,Minnesota,Hubbard,1273,33,0,47.10778564,-94.91693868,27057.0,0.0,0.0,5923.409799450933,2.592301649646504,1240,1260,33,0,1227,1254,21332,13,0,0,13,6
2020-12-11,US,Minnesota,Isanti,2327,23,0,45.56181234,-93.29487636,27059.0,0.0,0.0,5732.091831707558,0.9883970777825526,2304,2288,22,0,2266,2250,39966,39,1,0,38,38
2020-12-11,US,Minnesota,Itasca,2357,29,0,47.51009045,-93.63092229,27061.0,0.0,0.0,5222.690006647463,1.2303775986423422,2328,2333,27,0,2306,2298,45108,24,2,0,22,35
2020-12-11,US,Minnesota,Jackson,666,2,0,43.67423373,-95.15398258,27063.0,0.0,0.0,6764.168190127971,0.3003003003003003,664,649,2,0,647,628,9911,17,0,0,17,21
2020-12-11,US,Minnesota,Kanabec,811,17,0,45.9459309,-93.29275192,27065.0,0.0,0.0,4964.191712064639,2.096177558569667,794,796,17,0,779,788,16207,15,0,0,15,8
2020-12-11,US,Minnesota,Kandiyohi,4919,42,0,45.1526059,-95.00586446,27067.0,0.0,0.0,11386.837658279126,0.8538320796909941,4877,4892,39,0,4853,4809,42855,27,3,0,24,83
2020-12-11,US,Minnesota,Kittson,316,12,0,48.77754106,-96.78317184,27069.0,0.0,0.0,7352.256863657513,3.79746835443038,304,306,12,0,294,295,4248,10,0,0,10,11
2020-12-11,US,Minnesota,Koochiching,482,6,0,48.24539665,-93.78352843,27071.0,0.0,0.0,3941.450650094039,1.2448132780082988,476,471,6,0,465,467,12440,11,0,0,11,4
2020-12-11,US,Minnesota,Lac qui Parle,491,5,0,44.9973857,-96.17488219,27073.0,0.0,0.0,7413.558810206855,1.0183299389002036,486,477,4,0,473,465,6658,14,1,0,13,12
2020-12-11,US,Minnesota,Lake,486,10,0,47.64270764,-91.44557998,27075.0,0.0,0.0,4567.2399210600515,2.05761316872428,476,481,10,0,471,480,10658,5,0,0,5,1
2020-12-11,US,Minnesota,Lake of the Woods,132,1,0,48.77217001,-94.90274472,27077.0,0.0,0.0,3529.4117647058824,0.7575757575757576,131,127,1,0,126,124,3758,5,0,0,5,3
2020-12-11,US,Minnesota,Le Sueur,1736,12,0,44.37136597,-93.72844721,27079.0,0.0,0.0,6009.623706165403,0.6912442396313364,1724,1730,12,0,1718,1719,28494,6,0,0,6,11
2020-12-11,US,Minnesota,Lincoln,420,1,0,44.41311883,-96.26688165,27081.0,0.0,0.0,7448.129100904415,0.2380952380952381,419,418,1,0,417,412,5673,2,0,0,2,6
2020-12-11,US,Minnesota,Lyon,2568,20,0,44.41327865,-95.83806103,27083.0,0.0,0.0,10080.86676611447,0.778816199376947,2548,2535,20,0,2515,2489,25629,33,0,0,33,46
2020-12-11,US,Minnesota,Mahnomen,352,6,0,47.32557075,-95.80921485,27087.0,0.0,0.0,6368.735299439118,1.7045454545454546,346,347,6,0,341,345,5519,5,0,0,5,2
2020-12-11,US,Minnesota,Marshall,607,11,0,48.35825983,-96.37017407,27089.0,0.0,0.0,6501.71379605827,1.812191103789127,596,595,11,0,584,585,9390,12,0,0,12,10
2020-12-11,US,Minnesota,Martin,1402,23,0,43.67429718,-94.55099908,27091.0,0.0,0.0,7122.897932225777,1.6405135520684735,1379,1383,23,0,1360,1365,19785,19,0,0,19,18
2020-12-11,US,Minnesota,McLeod,2740,29,0,44.82367677,-94.27287017,27085.0,0.0,0.0,7633.800462485721,1.0583941605839415,2711,2696,28,0,2668,2660,35873,44,1,0,43,36
2020-12-11,US,Minnesota,Meeker,1704,21,0,45.12328869,-94.52839455,27093.0,0.0,0.0,7337.8692619068115,1.2323943661971828,1683,1682,20,0,1662,1656,23141,22,1,0,21,26
2020-12-11,US,Minnesota,Mille Lacs,1837,37,0,45.93705297,-93.63236823,27095.0,0.0,0.0,6990.9045933706275,2.014153511159499,1800,1824,37,0,1787,1801,26139,13,0,0,13,23
2020-12-11,US,Minnesota,Morrison,2692,36,0,46.01265363,-94.27341528,27097.0,0.0,0.0,8063.260049122387,1.337295690936107,2656,2669,35,0,2634,2648,33169,23,1,0,22,21
2020-12-11,US,Minnesota,Mower,3027,23,0,43.67142874,-92.75234549,27099.0,0.0,0.0,7555.788527781939,0.7598282127518996,3004,3006,23,0,2983,2981,40011,21,0,0,21,25
2020-12-11,US,Minnesota,Murray,683,5,0,44.02216709,-95.76328482,27101.0,0.0,0.0,8335.36734195753,0.7320644216691069,678,675,5,0,670,666,8276,8,0,0,8,9
2020-12-11,US,Minnesota,Nicollet,1876,29,0,44.35291112,-94.24710352,27103.0,0.0,0.0,5473.536791737177,1.5458422174840083,1847,1867,27,0,1840,1848,34220,9,2,0,7,19
2020-12-11,US,Minnesota,Nobles,3348,40,0,43.67434621,-95.75329576,27105.0,0.0,0.0,15479.217716954092,1.1947431302270013,3308,3319,39,0,3280,3302,21924,29,1,0,28,17
2020-12-11,US,Minnesota,Norman,393,7,0,47.32628443,-96.45620947,27107.0,0.0,0.0,6164.7058823529405,1.7811704834605595,386,393,8,0,385,391,6475,0,0,0,1,2
2020-12-11,US,Minnesota,Olmsted,7888,42,0,44.00374114,-92.40209944,27109.0,0.0,0.0,4983.1641323368685,0.5324543610547667,7846,7799,41,0,7758,7714,156277,89,1,0,88,85
2020-12-11,US,Minnesota,Otter Tail,3764,35,0,46.40846929,-95.70835255,27111.0,0.0,0.0,6407.244748578627,0.9298618490967056,3729,3734,34,0,3700,3695,58812,30,1,0,29,39
2020-12-11,US,Minnesota,Pennington,819,9,0,48.06642577,-96.0370814,27113.0,0.0,0.0,5800.694100148737,1.0989010989010992,810,811,9,0,802,799,14178,8,0,0,8,12
2020-12-11,US,Minnesota,Pine,1808,10,0,46.12105238,-92.74070188,27115.0,0.0,0.0,6112.444639778221,0.5530973451327433,1798,1776,10,0,1766,1758,29483,32,0,0,32,18
2020-12-11,US,Minnesota,Pipestone,819,18,0,44.02301619,-96.25841142,27117.0,0.0,0.0,8974.358974358975,2.1978021978021984,801,818,18,0,800,810,9047,1,0,0,1,8
2020-12-11,US,Minnesota,Polk,2955,38,0,47.77372465,-96.40134647,27119.0,0.0,0.0,9421.629894146155,1.2859560067681894,2917,2964,35,0,2929,2942,31529,0,3,0,-12,22
2020-12-11,US,Minnesota,Pope,627,3,0,45.58606667,-95.44451209,27121.0,0.0,0.0,5573.8287847808715,0.4784688995215311,624,621,3,0,618,615,11097,6,0,0,6,6
2020-12-11,US,Minnesota,Ramsey,32975,576,0,45.01625271,-93.09872295,27123.0,0.0,0.0,5991.957421214164,1.7467778620166794,32399,32625,566,0,32059,32324,550210,350,10,0,340,301
2020-12-11,US,Minnesota,Red Lake,269,3,0,47.87197525,-96.09561104,27125.0,0.0,0.0,6633.78545006165,1.1152416356877324,266,269,3,0,266,268,3999,0,0,0,0,1
2020-12-11,US,Minnesota,Redwood,1172,21,0,44.40555844,-95.25207021,27127.0,0.0,0.0,7725.774555042848,1.7918088737201363,1151,1169,21,0,1148,1153,15249,3,0,0,3,16
2020-12-11,US,Minnesota,Renville,1148,32,0,44.72836381,-94.94553734,27129.0,0.0,0.0,7891.119054165521,2.787456445993032,1116,1137,32,0,1105,1120,14612,11,0,0,11,17
2020-12-11,US,Minnesota,Rice,4765,45,0,44.3543376,-93.29658715,27131.0,0.0,0.0,7114.913695275638,0.9443861490031479,4720,4707,42,0,4665,4674,66523,58,3,0,55,33
2020-12-11,US,Minnesota,Rock,932,10,0,43.67482683,-96.25296832,27133.0,0.0,0.0,10005.367686527106,1.072961373390558,922,926,10,0,916,916,9414,6,0,0,6,10
2020-12-11,US,Minnesota,Roseau,1476,8,0,48.77501878,-95.81079919,27135.0,0.0,0.0,9732.93768545994,0.5420054200542005,1468,1464,8,0,1456,1434,15150,12,0,0,12,30
2020-12-11,US,Minnesota,Scott,9898,66,0,44.6490231,-93.53340251,27139.0,0.0,0.0,6642.3734841926525,0.6668013740149525,9832,9805,64,0,9741,9727,147381,93,2,0,91,78
2020-12-11,US,Minnesota,Sherburne,6873,48,0,45.44447208,-93.77617511,27141.0,0.0,0.0,7068.224356732964,0.6983849847228285,6825,6804,48,0,6756,6740,96036,69,0,0,69,64
2020-12-11,US,Minnesota,Sibley,911,4,0,44.5796592,-94.23164924,27143.0,0.0,0.0,6128.489741002353,0.4390779363336992,907,906,4,0,902,901,15028,5,0,0,5,5
2020-12-11,US,Minnesota,St. Louis,10834,149,0,47.604840700000004,-92.46879855,27137.0,0.0,0.0,5442.306726277188,1.3752999815395976,10685,10717,147,0,10570,10621,199754,117,2,0,115,96
2020-12-11,US,Minnesota,Stearns,15746,141,0,45.55192576,-94.61078221,27145.0,0.0,0.0,9775.570386465932,0.8954655150514417,15605,15611,139,0,15472,15469,159256,135,2,0,133,142
2020-12-11,US,Minnesota,Steele,2305,9,0,44.02240351,-93.22627088,27147.0,0.0,0.0,6289.393980736173,0.3904555314533623,2296,2283,9,0,2274,2269,36803,22,0,0,22,14
2020-12-11,US,Minnesota,Stevens,598,5,0,45.58613007,-96.00163705,27149.0,0.0,0.0,6098.929117797044,0.8361204013377926,593,597,5,0,592,585,9753,1,0,0,1,12
2020-12-11,US,Minnesota,Swift,725,13,0,45.2829032,-95.68264092,27151.0,0.0,0.0,7824.303906755883,1.7931034482758617,712,717,13,0,704,705,9345,8,0,0,8,12
2020-12-11,US,Minnesota,Todd,2077,16,0,46.06996226,-94.89785296,27153.0,0.0,0.0,8421.180668180345,0.7703418391911411,2061,2059,15,0,2044,2035,24582,18,1,0,17,24
2020-12-11,US,Minnesota,Traverse,170,2,0,45.77298854,-96.47062949,27155.0,0.0,0.0,5216.3240257747775,1.1764705882352942,168,169,2,0,167,169,3308,1,0,0,1,0
2020-12-11,US,Minnesota,Unassigned,530,59,0,0.0,0.0,90027.0,0.0,0.0,0.0,11.132075471698112,471,415,59,0,356,408,,115,0,0,115,7
2020-12-11,US,Minnesota,Wabasha,1301,2,0,44.28424356,-92.23121312,27157.0,0.0,0.0,6015.6286123826685,0.15372790161414296,1299,1269,2,0,1267,1244,21645,32,0,0,32,25
2020-12-11,US,Minnesota,Wadena,987,9,0,46.58589171,-94.96968506,27159.0,0.0,0.0,7213.857623154509,0.9118541033434652,978,969,8,0,961,954,13773,18,1,0,17,15
2020-12-11,US,Minnesota,Waseca,1536,11,0,44.02211116,-93.58720034,27161.0,0.0,0.0,8252.740167633785,0.7161458333333334,1525,1530,11,0,1519,1507,18691,6,0,0,6,23
2020-12-11,US,Minnesota,Washington,16452,144,0,45.03864533,-92.88429635,27163.0,0.0,0.0,6268.86145404664,0.8752735229759301,16308,16277,139,0,16138,16123,259201,175,5,0,170,154
2020-12-11,US,Minnesota,Watonwan,974,4,0,43.97823903,-94.61413846,27165.0,0.0,0.0,8938.239882536478,0.4106776180698152,970,968,4,0,964,965,10980,6,0,0,6,3
2020-12-11,US,Minnesota,Wilkin,513,5,0,46.35721532,-96.4684375,27167.0,0.0,0.0,8264.862252295796,0.9746588693957114,508,501,5,0,496,490,6254,12,0,0,12,11
2020-12-11,US,Minnesota,Winona,3248,38,0,43.98772283,-91.78081305,27169.0,0.0,0.0,6433.721575152525,1.1699507389162562,3210,3222,36,0,3186,3194,50825,26,2,0,24,28
2020-12-11,US,Minnesota,Wright,9643,59,0,45.17297924,-93.96234781,27171.0,0.0,0.0,6968.643632973688,0.611842787514259,9584,9529,55,0,9474,9421,136349,114,4,0,110,108
2020-12-11,US,Minnesota,Yellow Medicine,778,13,0,44.71710183,-95.86842453,27173.0,0.0,0.0,8013.183644041611,1.6709511568123394,765,773,13,0,760,763,9795,5,0,0,5,10
2020-12-11,US,Mississippi,Adams,1572,52,0,31.47669768,-91.35326037,28001.0,0.0,0.0,5121.688984458997,3.307888040712468,1520,1557,52,0,1505,1550,31192,15,0,0,15,7
2020-12-11,US,Mississippi,Alcorn,1745,34,0,34.88084463,-88.57996173,28003.0,0.0,0.0,4722.214705166021,1.9484240687679084,1711,1713,32,0,1681,1693,36925,32,2,0,30,20
2020-12-11,US,Mississippi,Amite,724,16,0,31.17467303,-90.80501621,28005.0,0.0,0.0,5887.614865414329,2.209944751381216,708,689,16,0,673,675,12326,35,0,0,35,14
2020-12-11,US,Mississippi,Attala,1375,38,0,33.08658803,-89.57838564,28007.0,0.0,0.0,7565.753273907781,2.763636363636364,1337,1347,38,0,1309,1338,18365,28,0,0,28,9
2020-12-11,US,Mississippi,Benton,546,19,0,34.81681228,-89.18945516,28009.0,0.0,0.0,6610.969851071558,3.47985347985348,527,543,19,0,524,540,8271,3,0,0,3,3
2020-12-11,US,Mississippi,Bolivar,2753,89,0,33.79696941,-90.87372121,28011.0,0.0,0.0,8988.507248269558,3.232836905194333,2664,2726,89,0,2637,2703,31333,27,0,0,27,23
2020-12-11,US,Mississippi,Calhoun,897,15,0,33.93683395,-89.33686647,28013.0,0.0,0.0,6246.0831418424905,1.6722408026755853,882,884,14,0,870,873,14436,13,1,0,12,11
2020-12-11,US,Mississippi,Carroll,836,17,0,33.44834567,-89.91994479,28015.0,0.0,0.0,8404.54408364331,2.0334928229665072,819,829,15,0,814,819,9911,7,2,0,5,10
2020-12-11,US,Mississippi,Chickasaw,1246,33,0,33.91983202,-88.9481545,28017.0,0.0,0.0,7285.2715897795715,2.648475120385233,1213,1233,33,0,1200,1222,17171,13,0,0,13,11
2020-12-11,US,Mississippi,Choctaw,408,8,0,33.34598242,-89.24809382,28019.0,0.0,0.0,4969.549330085262,1.96078431372549,400,404,7,0,397,401,8278,4,1,0,3,3
2020-12-11,US,Mississippi,Claiborne,606,16,0,31.97061673,-90.90702196,28021.0,0.0,0.0,6742.3230974632825,2.64026402640264,590,603,16,0,587,601,9002,3,0,0,3,2
2020-12-11,US,Mississippi,Clarke,1029,55,0,32.04158545,-88.68896219999998,28023.0,0.0,0.0,6621.195547262081,5.344995140913508,974,1025,55,0,970,1008,15604,4,0,0,4,17
2020-12-11,US,Mississippi,Clay,1059,27,0,33.65358105,-88.77784255,28025.0,0.0,0.0,5482.501553116587,2.54957507082153,1032,1043,27,0,1016,1023,19386,16,0,0,16,20
2020-12-11,US,Mississippi,Coahoma,1702,47,0,34.22772299,-90.60415045,28027.0,0.0,0.0,7693.003073585247,2.7614571092831963,1655,1689,46,0,1643,1672,22628,13,1,0,12,17
2020-12-11,US,Mississippi,Copiah,1894,42,0,31.86977774,-90.44565118,28029.0,0.0,0.0,6748.619276679137,2.2175290390707496,1852,1871,42,0,1829,1845,28543,23,0,0,23,26
2020-12-11,US,Mississippi,Covington,1537,58,0,31.63225413,-89.55389939,28031.0,0.0,0.0,8247.477999570723,3.7735849056603774,1479,1506,54,0,1452,1480,18853,31,4,0,27,26
2020-12-11,US,Mississippi,DeSoto,11694,111,0,34.87625235,-89.99091418,28033.0,0.0,0.0,6322.9608802617,0.9492047203694202,11583,11503,110,0,11393,11375,182001,191,1,0,190,128
2020-12-11,US,Mississippi,Forrest,4369,91,0,31.18961454,-89.25832496,28035.0,0.0,0.0,5833.344459724689,2.0828564888990617,4278,4319,90,0,4229,4257,75036,50,1,0,49,62
2020-12-11,US,Mississippi,Franklin,436,6,0,31.47786634,-90.89672989,28037.0,0.0,0.0,5652.793984182549,1.3761467889908257,430,426,6,0,420,423,7788,10,0,0,10,3
2020-12-11,US,Mississippi,George,1455,29,0,30.86259065,-88.64436789,28039.0,0.0,0.0,5938.775510204082,1.9931271477663235,1426,1451,29,0,1422,1443,24250,4,0,0,4,8
2020-12-11,US,Mississippi,Greene,824,24,0,31.21444233,-88.63922281,28041.0,0.0,0.0,6065.066980715443,2.9126213592233015,800,817,24,0,793,809,13586,7,0,0,7,8
2020-12-11,US,Mississippi,Grenada,1607,49,0,33.77036166,-89.80245083,28043.0,0.0,0.0,7741.593602466519,3.049159925326696,1558,1587,49,0,1538,1558,21055,20,0,0,20,29
2020-12-11,US,Mississippi,Hancock,1454,45,0,30.41830223,-89.48851033,28045.0,0.0,0.0,3052.5697010413173,3.094910591471802,1409,1445,45,0,1400,1410,47334,9,0,0,9,35
2020-12-11,US,Mississippi,Harrison,8433,119,0,30.51359752,-89.12467576,28047.0,0.0,0.0,4052.7681660899652,1.4111229692873235,8314,8332,118,0,8214,8140,206650,101,1,0,100,192
2020-12-11,US,Mississippi,Hinds,11535,217,0,32.2656285,-90.44435448,28049.0,0.0,0.0,4975.4140786749485,1.8812310359774598,11318,11374,217,0,11157,11193,237085,161,0,0,161,181
2020-12-11,US,Mississippi,Holmes,1434,62,0,33.12345854,-90.08923538,28051.0,0.0,0.0,8430.335097001764,4.3235704323570445,1372,1430,61,0,1369,1422,17622,4,1,0,3,8
2020-12-11,US,Mississippi,Humphreys,610,21,0,33.12825718,-90.52252707,28053.0,0.0,0.0,7564.484126984127,3.442622950819672,589,597,21,0,576,596,8257,13,0,0,13,1
2020-12-11,US,Mississippi,Issaquena,132,4,0,32.72531359,-90.97392828,28055.0,0.0,0.0,9947.249434815372,3.0303030303030303,128,131,4,0,127,131,1308,1,0,0,1,0
2020-12-11,US,Mississippi,Itawamba,1811,43,0,34.27993475,-88.3606733,28057.0,0.0,0.0,7742.62505344164,2.374378796245169,1768,1788,42,0,1746,1765,23517,23,1,0,22,23
2020-12-11,US,Mississippi,Jackson,7274,139,0,30.54020656,-88.64184064,28059.0,0.0,0.0,5064.860009608889,1.91091558977179,7135,7196,137,0,7059,7123,143277,78,2,0,76,73
2020-12-11,US,Mississippi,Jasper,1015,24,0,32.01922104,-89.11786866,28061.0,0.0,0.0,6195.446499420131,2.3645320197044337,991,994,24,0,970,970,16428,21,0,0,21,24
2020-12-11,US,Mississippi,Jefferson,407,12,0,31.73397872,-91.03764977,28063.0,0.0,0.0,5822.603719599428,2.9484029484029484,395,403,12,0,391,398,7106,4,0,0,4,5
2020-12-11,US,Mississippi,Jefferson Davis,641,18,0,31.56884708,-89.82670990000004,28065.0,0.0,0.0,5760.244428468727,2.8081123244929795,623,633,18,0,615,629,11234,8,0,0,8,4
2020-12-11,US,Mississippi,Jones,4211,90,0,31.62257767,-89.16896899999998,28067.0,0.0,0.0,6183.735205145526,2.1372595582996907,4121,4161,90,0,4071,4103,68461,50,0,0,50,58
2020-12-11,US,Mississippi,Kemper,578,19,0,32.75462946,-88.64105766,28069.0,0.0,0.0,5933.073290905359,3.28719723183391,559,574,19,0,555,569,10027,4,0,0,4,5
2020-12-11,US,Mississippi,Lafayette,3613,64,0,34.35687874,-89.48490961,28071.0,0.0,0.0,6688.387419241378,1.7713811237199004,3549,3593,63,0,3530,3573,54793,20,1,0,19,20
2020-12-11,US,Mississippi,Lamar,3361,51,0,31.20572971,-89.5077704,28073.0,0.0,0.0,5306.032237184852,1.517405534067242,3310,3322,51,0,3271,3277,62447,39,0,0,39,45
2020-12-11,US,Mississippi,Lauderdale,4088,154,0,32.40419769,-88.66229662,28075.0,0.0,0.0,5515.008431703204,3.767123287671233,3934,4060,153,0,3907,4008,75317,28,1,0,27,52
2020-12-11,US,Mississippi,Lawrence,810,14,0,31.55147224,-90.10841127,28077.0,0.0,0.0,6435.722231050374,1.728395061728395,796,804,14,0,790,788,12455,6,0,0,6,16
2020-12-11,US,Mississippi,Leake,1575,45,0,32.7536828,-89.52402044,28079.0,0.0,0.0,6912.139032739401,2.8571428571428568,1530,1542,45,0,1497,1521,22763,33,0,0,33,21
2020-12-11,US,Mississippi,Lee,6079,103,0,34.291877500000005,-88.68149954,28081.0,0.0,0.0,7115.2675687064,1.6943576246093108,5976,6006,100,0,5906,5925,85202,73,3,0,70,81
2020-12-11,US,Mississippi,Leflore,2291,95,0,33.55545125,-90.29900733,28083.0,0.0,0.0,8129.013944576519,4.146660846791794,2196,2270,95,0,2175,2248,28919,21,0,0,21,22
2020-12-11,US,Mississippi,Lincoln,2162,71,0,31.53288662,-90.45391915,28085.0,0.0,0.0,6330.337012853922,3.2839962997224785,2091,2145,71,0,2074,2132,34205,17,0,0,17,13
2020-12-11,US,Mississippi,Lowndes,3055,71,0,33.47386518,-88.44191529999998,28087.0,0.0,0.0,5213.755439883949,2.3240589198036012,2984,3002,71,0,2931,2944,58930,53,0,0,53,58
2020-12-11,US,Mississippi,Madison,5726,121,0,32.63389156,-90.03513564,28089.0,0.0,0.0,5388.060825052695,2.113168005588544,5605,5639,119,0,5520,5532,105630,87,2,0,85,107
2020-12-11,US,Mississippi,Marion,1420,52,0,31.23132643,-89.8209217,28091.0,0.0,0.0,5778.700199405852,3.661971830985916,1368,1409,52,0,1357,1358,24715,11,0,0,11,51
2020-12-11,US,Mississippi,Marshall,2456,56,0,34.76216286,-89.50299462,28093.0,0.0,0.0,6958.689862299541,2.280130293159609,2400,2423,54,0,2369,2410,35451,33,2,0,31,13
2020-12-11,US,Mississippi,Monroe,2387,80,0,33.89236763,-88.4808438,28095.0,0.0,0.0,6771.247021445592,3.3514872224549643,2307,2359,79,0,2280,2325,35564,28,1,0,27,34
2020-12-11,US,Mississippi,Montgomery,863,28,0,33.49419589,-89.61729103,28097.0,0.0,0.0,8828.644501278772,3.2444959443800694,835,859,27,0,832,849,10023,4,1,0,3,10
2020-12-11,US,Mississippi,Neshoba,2521,128,0,32.75339664,-89.11726492,28099.0,0.0,0.0,8657.874854042173,5.077350257834193,2393,2504,128,0,2376,2472,29125,17,0,0,17,32
2020-12-11,US,Mississippi,Newton,1288,30,0,32.40021118,-89.11843336,28101.0,0.0,0.0,6128.080692739557,2.329192546583851,1258,1267,30,0,1237,1242,21443,21,0,0,21,25
2020-12-11,US,Mississippi,Noxubee,788,17,0,33.11009499,-88.56949061,28103.0,0.0,0.0,7564.557934146107,2.1573604060913705,771,786,17,0,769,779,10535,2,0,0,2,7
2020-12-11,US,Mississippi,Oktibbeha,2797,64,0,33.42491685,-88.87905132,28105.0,0.0,0.0,5640.591284005889,2.288165892027172,2733,2750,64,0,2686,2724,49599,47,0,0,47,26
2020-12-11,US,Mississippi,Panola,2623,62,0,34.36398677,-89.95064249,28107.0,0.0,0.0,7671.385119326158,2.3637056805184904,2561,2594,60,0,2534,2576,34178,29,2,0,27,18
2020-12-11,US,Mississippi,Pearl River,1924,73,0,30.77090935,-89.58677275,28109.0,0.0,0.0,3464.4818582875664,3.7941787941787934,1851,1871,73,0,1798,1827,55387,53,0,0,53,44
2020-12-11,US,Mississippi,Perry,731,27,0,31.17161885,-88.99281835,28111.0,0.0,0.0,6105.403825273532,3.693570451436389,704,727,27,0,700,721,11931,4,0,0,4,6
2020-12-11,US,Mississippi,Pike,1850,62,0,31.17507789,-90.40392572,28113.0,0.0,0.0,4708.816941559764,3.3513513513513518,1788,1820,61,0,1759,1795,39563,30,1,0,29,25
2020-12-11,US,Mississippi,Pontotoc,2445,32,0,34.226046000000004,-89.03636807,28115.0,0.0,0.0,7599.3037856654455,1.30879345603272,2413,2417,32,0,2385,2386,31833,28,0,0,28,31
2020-12-11,US,Mississippi,Prentiss,1709,38,0,34.61810501,-88.51986294,28117.0,0.0,0.0,6801.719334553849,2.223522527794032,1671,1690,38,0,1652,1667,25315,19,0,0,19,23
2020-12-11,US,Mississippi,Quitman,535,7,0,34.25157572,-90.28908,28119.0,0.0,0.0,7876.914016489988,1.308411214953271,528,533,7,0,526,529,7051,2,0,0,2,4
2020-12-11,US,Mississippi,Rankin,7036,122,0,32.26469147,-89.94537876,28121.0,0.0,0.0,4531.432141224052,1.7339397384877768,6914,6886,118,0,6768,6785,153902,150,4,0,146,101
2020-12-11,US,Mississippi,Scott,1803,30,0,32.406704100000006,-89.53789439,28123.0,0.0,0.0,6410.894609586118,1.6638935108153081,1773,1774,30,0,1744,1749,28287,29,0,0,29,25
2020-12-11,US,Mississippi,Sharkey,348,17,0,32.88149103,-90.81595379999999,28125.0,0.0,0.0,8053.6912751677855,4.885057471264369,331,344,17,0,327,342,4377,4,0,0,4,2
2020-12-11,US,Mississippi,Simpson,1660,54,0,31.91282117,-89.91716179,28127.0,0.0,0.0,6227.023782729387,3.2530120481927716,1606,1643,54,0,1589,1625,26758,17,0,0,17,18
2020-12-11,US,Mississippi,Smith,836,16,0,32.01744532,-89.50644846,28129.0,0.0,0.0,5252.576024126665,1.9138755980861244,820,827,16,0,811,818,16002,9,0,0,9,9
2020-12-11,US,Mississippi,Stone,942,15,0,30.79187949,-89.11547539,28131.0,0.0,0.0,5137.434554973822,1.5923566878980893,927,925,15,0,910,911,18717,17,0,0,17,14
2020-12-11,US,Mississippi,Sunflower,2074,57,0,33.60192578,-90.58882684,28133.0,0.0,0.0,8259.657506969335,2.7483124397299905,2017,2050,57,0,1993,2042,25735,24,0,0,24,8
2020-12-11,US,Mississippi,Tallahatchie,1062,28,0,33.95339918,-90.1729398,28135.0,0.0,0.0,7690.636541386052,2.6365348399246704,1034,1054,28,0,1026,1047,13987,8,0,0,8,7
2020-12-11,US,Mississippi,Tate,2011,52,0,34.65133709,-89.94485778,28137.0,0.0,0.0,7100.73796829208,2.5857782197911487,1959,1991,52,0,1939,1970,28759,20,0,0,20,21
2020-12-11,US,Mississippi,Tippah,1513,34,0,34.76872156,-88.90988194,28139.0,0.0,0.0,6872.586872586872,2.247191011235955,1479,1482,34,0,1448,1455,21995,31,0,0,31,27
2020-12-11,US,Mississippi,Tishomingo,1271,47,0,34.74023475,-88.23917219,28141.0,0.0,0.0,6557.292472785431,3.697875688434304,1224,1254,47,0,1207,1233,19454,17,0,0,17,21
2020-12-11,US,Mississippi,Tunica,662,19,0,34.64967704,-90.37481167,28143.0,0.0,0.0,6872.923588039867,2.8700906344410875,643,657,19,0,638,653,9944,5,0,0,5,4
2020-12-11,US,Mississippi,Union,2108,27,0,34.49162015,-89.00776006,28145.0,0.0,0.0,7315.634218289086,1.2808349146110056,2081,2042,27,0,2015,2009,28606,66,0,0,66,33
2020-12-11,US,Mississippi,Walthall,856,32,0,31.14971548,-90.10446654,28147.0,0.0,0.0,5991.880162396752,3.7383177570093458,824,850,32,0,818,841,14465,6,0,0,6,9
2020-12-11,US,Mississippi,Warren,2070,64,0,32.35810271,-90.83352619,28149.0,0.0,0.0,4561.3803133469955,3.0917874396135265,2006,2025,62,0,1963,2004,46176,45,2,0,43,21
2020-12-11,US,Mississippi,Washington,3592,108,0,33.28392041,-90.94196237,28151.0,0.0,0.0,8180.5552392448035,3.0066815144766146,3484,3564,108,0,3456,3523,45063,28,0,0,28,41
2020-12-11,US,Mississippi,Wayne,1405,25,0,31.64135687,-88.69573913,28153.0,0.0,0.0,6961.304067779814,1.7793594306049825,1380,1374,24,0,1350,1352,20298,31,1,0,30,22
2020-12-11,US,Mississippi,Webster,556,15,0,33.61300486,-89.28392912,28155.0,0.0,0.0,5738.46630199195,2.6978417266187047,541,536,15,0,521,526,9788,20,0,0,20,10
2020-12-11,US,Mississippi,Wilkinson,474,22,0,31.16078225,-91.31018819,28157.0,0.0,0.0,5492.468134414832,4.641350210970463,452,467,22,0,445,461,8792,7,0,0,7,6
2020-12-11,US,Mississippi,Winston,1481,35,0,33.08747908,-89.03391385,28159.0,0.0,0.0,8248.398774714564,2.363268062120189,1446,1457,33,0,1424,1440,18165,24,2,0,22,17
2020-12-11,US,Mississippi,Yalobusha,818,29,0,34.02824175,-89.70762049999998,28161.0,0.0,0.0,6755.8638916418895,3.5452322738386317,789,812,29,0,783,807,12392,6,0,0,6,5
2020-12-11,US,Mississippi,Yazoo,1758,42,0,32.77890365,-90.39656148,28163.0,0.0,0.0,5921.185584371842,2.389078498293516,1716,1726,42,0,1684,1714,28248,32,0,0,32,12
2020-12-11,US,Missouri,Adair,1242,3,0,40.19058551,-92.60078167,29001.0,0.0,0.0,4900.7615515132375,0.24154589371980675,1239,1242,3,0,1239,1209,25339,0,0,0,0,33
2020-12-11,US,Missouri,Andrew,926,13,0,39.98492163,-94.80163024,29003.0,0.0,0.0,5228.093947606143,1.4038876889848813,913,926,13,0,913,919,17607,0,0,0,0,7
2020-12-11,US,Missouri,Atchison,245,4,0,40.43238737,-95.42970639,29005.0,0.0,0.0,4763.756562317713,1.6326530612244898,241,245,4,0,241,236,5171,0,0,0,0,9
2020-12-11,US,Missouri,Audrain,1300,16,0,39.215877,-91.84242683,29007.0,0.0,0.0,5120.529383960927,1.2307692307692308,1284,1300,16,0,1284,1271,25473,0,0,0,0,29
2020-12-11,US,Missouri,Barry,1588,32,0,36.70978521,-93.82919888,29009.0,0.0,0.0,4437.1175500852205,2.0151133501259446,1556,1588,32,0,1556,1569,35886,0,0,0,0,19
2020-12-11,US,Missouri,Barton,679,6,0,37.50207671,-94.34757022,29011.0,0.0,0.0,5776.756848732346,0.8836524300441826,673,679,6,0,673,675,11798,0,0,0,0,4
2020-12-11,US,Missouri,Bates,646,9,0,38.25271289,-94.34113157,29013.0,0.0,0.0,3994.558496166213,1.3931888544891642,637,646,9,0,637,628,16320,0,0,0,0,18
2020-12-11,US,Missouri,Benton,987,11,0,38.29503305,-93.28756116,29015.0,0.0,0.0,5076.377102299028,1.1144883485309016,976,987,11,0,976,944,19278,0,0,0,0,43
2020-12-11,US,Missouri,Bollinger,890,10,0,37.32449052,-90.02725304,29017.0,0.0,0.0,7335.3663562185775,1.1235955056179776,880,890,10,0,880,880,12169,0,0,0,0,10
2020-12-11,US,Missouri,Boone,11450,28,0,38.99186229,-92.30723575,29019.0,0.0,0.0,6344.79089896544,0.2445414847161572,11422,11450,28,0,11422,11348,180005,0,0,0,0,102
2020-12-11,US,Missouri,Buchanan,5374,70,0,39.65816401,-94.80138942,29021.0,0.0,0.0,6151.275124765351,1.3025679196129512,5304,5374,70,0,5304,5312,88571,0,0,0,0,62
2020-12-11,US,Missouri,Butler,2468,10,0,36.71462476,-90.40421163,29023.0,0.0,0.0,5810.06638730637,0.4051863857374392,2458,2468,10,0,2458,2427,42639,0,0,0,0,41
2020-12-11,US,Missouri,Caldwell,445,3,0,39.65620858,-93.98308093,29025.0,0.0,0.0,4933.481152993348,0.6741573033707865,442,445,3,0,442,447,9108,0,0,0,0,0
2020-12-11,US,Missouri,Callaway,3229,13,0,38.83674754,-91.92186505,29027.0,0.0,0.0,7216.771338533402,0.40260142458965625,3216,3229,13,0,3216,3189,44889,0,0,0,0,40
2020-12-11,US,Missouri,Camden,2730,51,0,38.02199522,-92.76083747,29029.0,0.0,0.0,5895.691609977324,1.868131868131868,2679,2730,51,0,2679,2699,45815,0,0,0,0,31
2020-12-11,US,Missouri,Cape Girardeau,5620,89,0,37.38489388,-89.6843587,29031.0,0.0,0.0,7125.559457848893,1.5836298932384343,5531,5620,89,0,5531,5553,78753,0,0,0,0,67
2020-12-11,US,Missouri,Carroll,518,8,0,39.42762566,-93.50626255,29033.0,0.0,0.0,5968.429542574029,1.5444015444015444,510,518,8,0,510,508,8743,0,0,0,0,10
2020-12-11,US,Missouri,Carter,334,6,0,36.94160441,-90.96051322,29035.0,0.0,0.0,5583.416917418925,1.7964071856287425,328,334,6,0,328,326,6054,0,0,0,0,8
2020-12-11,US,Missouri,Cass,4460,41,0,38.64789422,-94.353399,29037.0,0.0,0.0,4216.297976933258,0.9192825112107624,4419,4460,41,0,4419,4381,104954,0,0,0,0,79
2020-12-11,US,Missouri,Cedar,460,8,0,37.72391475,-93.85445441,29039.0,0.0,0.0,3205.798313471322,1.7391304347826086,452,460,8,0,452,459,14165,0,0,0,0,1
2020-12-11,US,Missouri,Chariton,273,0,0,39.51499357,-92.9629191,29041.0,0.0,0.0,3676.272555884729,0.0,273,273,0,0,273,269,7451,0,0,0,0,4
2020-12-11,US,Missouri,Christian,4388,28,0,36.9711783,-93.18537118,29043.0,0.0,0.0,4952.875444438174,0.6381039197812215,4360,4388,28,0,4360,4339,86983,0,0,0,0,49
2020-12-11,US,Missouri,Clark,335,4,0,40.41040752,-91.73661677,29045.0,0.0,0.0,4928.6449904369565,1.1940298507462686,331,335,4,0,331,328,6842,0,0,0,0,7
2020-12-11,US,Missouri,Clay,5254,80,0,39.31132056,-94.41850862,29047.0,0.0,0.0,2102.0372237425386,1.5226494099733536,5174,5254,80,0,5174,5173,246365,0,0,0,0,81
2020-12-11,US,Missouri,Clinton,1037,48,0,39.6013098,-94.40465394,29049.0,0.0,0.0,5086.574778044833,4.628736740597878,989,1037,48,0,989,1015,20470,0,0,0,0,22
2020-12-11,US,Missouri,Cole,6833,65,0,38.50455671,-92.27860244,29051.0,0.0,0.0,8903.511629422112,0.951265915410508,6768,6833,65,0,6768,6766,76796,0,0,0,0,67
2020-12-11,US,Missouri,Cooper,1288,10,0,38.844478,-92.80896081,29053.0,0.0,0.0,7273.137952453555,0.7763975155279503,1278,1288,10,0,1278,1271,17603,0,0,0,0,17
2020-12-11,US,Missouri,Crawford,1348,14,0,37.97663738,-91.30528104,29055.0,0.0,0.0,5635.451505016722,1.0385756676557865,1334,1348,14,0,1334,1330,23957,0,0,0,0,18
2020-12-11,US,Missouri,Dade,317,8,0,37.431814,-93.8503345,29057.0,0.0,0.0,4192.567120751223,2.5236593059936907,309,317,8,0,309,310,7569,0,0,0,0,7
2020-12-11,US,Missouri,Dallas,635,13,0,37.681135499999996,-93.02127031,29059.0,0.0,0.0,3762.294110676621,2.047244094488189,622,635,13,0,622,630,16762,0,0,0,0,5
2020-12-11,US,Missouri,Daviess,385,8,0,39.96145298,-93.98519678,29061.0,0.0,0.0,4650.881855520657,2.0779220779220777,377,385,8,0,377,383,8313,0,0,0,0,2
2020-12-11,US,Missouri,DeKalb,666,16,0,39.89201062,-94.40476508,29063.0,0.0,0.0,5308.041762971228,2.4024024024024024,650,666,16,0,650,659,12630,0,0,0,0,7
2020-12-11,US,Missouri,Dent,596,5,0,37.60663134,-91.50790473,29065.0,0.0,0.0,3827.136710974122,0.8389261744966443,591,596,5,0,591,586,15441,0,0,0,0,10
2020-12-11,US,Missouri,Douglas,482,17,0,36.9325593,-92.49905109,29067.0,0.0,0.0,3655.669321198332,3.5269709543568464,465,482,17,0,465,477,13373,0,0,0,0,5
2020-12-11,US,Missouri,Dunklin,1827,14,0,36.27167174,-90.09122243,29069.0,0.0,0.0,6271.669355669217,0.7662835249042146,1813,1827,14,0,1813,1800,29423,0,0,0,0,27
2020-12-11,US,Missouri,Franklin,5458,95,0,38.41127108,-91.07522826,29071.0,0.0,0.0,5249.742706820432,1.7405643092707952,5363,5458,95,0,5363,5380,103670,0,0,0,0,78
2020-12-11,US,Missouri,Gasconade,553,27,0,38.43947277,-91.50847147,29073.0,0.0,0.0,3760.369917040664,4.8824593128390585,526,553,27,0,526,540,14705,0,0,0,0,13
2020-12-11,US,Missouri,Gentry,495,14,0,40.21097916,-94.40944419,29075.0,0.0,0.0,7533.0999847816165,2.8282828282828283,481,495,14,0,481,488,6628,0,0,0,0,7
2020-12-11,US,Missouri,Greene,15647,228,0,37.2575872,-93.34230916,29077.0,0.0,0.0,5338.70604532458,1.4571483351441168,15419,15647,228,0,15419,15524,291923,0,0,0,0,123
2020-12-11,US,Missouri,Grundy,577,14,0,40.11406587,-93.56509276,29079.0,0.0,0.0,5857.868020304569,2.4263431542461005,563,577,14,0,563,567,9914,0,0,0,0,10
2020-12-11,US,Missouri,Harrison,495,7,0,40.35570088,-93.99222144,29081.0,0.0,0.0,5926.7241379310335,1.414141414141414,488,495,7,0,488,478,8414,0,0,0,0,17
2020-12-11,US,Missouri,Henry,1230,16,0,38.38482826,-93.79293734,29083.0,0.0,0.0,5635.997067448679,1.3008130081300813,1214,1230,16,0,1214,1214,21792,0,0,0,0,16
2020-12-11,US,Missouri,Hickory,395,6,0,37.94163617,-93.3203037,29085.0,0.0,0.0,4138.72590108969,1.5189873417721518,389,395,6,0,389,390,9509,0,0,0,0,5
2020-12-11,US,Missouri,Holt,299,5,0,40.09799248,-95.21638879999999,29087.0,0.0,0.0,6790.8244378832605,1.6722408026755853,294,299,5,0,294,293,4404,0,0,0,0,6
2020-12-11,US,Missouri,Howard,558,2,0,39.1435761,-92.69756691,29089.0,0.0,0.0,5579.44205579442,0.35842293906810035,556,558,2,0,556,546,10137,0,0,0,0,12
2020-12-11,US,Missouri,Howell,1702,33,0,36.77383887,-91.88683935,29091.0,0.0,0.0,4242.590423012688,1.9388954171562869,1669,1702,33,0,1669,1691,40076,0,0,0,0,11
2020-12-11,US,Missouri,Iron,271,1,0,37.55487945,-90.7735296,29093.0,0.0,0.0,2676.543209876543,0.3690036900369004,270,271,1,0,270,269,10177,0,0,0,0,2
2020-12-11,US,Missouri,Jackson,19924,196,0,39.01002188,-94.34724536,29095.0,0.0,0.0,2834.095056834104,0.9837382051796828,19728,19784,196,0,19588,19522,700307,140,0,0,140,262
2020-12-11,US,Missouri,Jasper,8929,130,0,37.20351921,-94.34050458,29097.0,0.0,0.0,7359.389423710932,1.4559301153544633,8799,8929,130,0,8799,8879,120636,0,0,0,0,50
2020-12-11,US,Missouri,Jefferson,12667,113,0,38.25926778,-90.53870896,29099.0,0.0,0.0,5627.751787134411,0.8920817873213863,12554,12667,113,0,12554,12498,224347,0,0,0,0,169
2020-12-11,US,Missouri,Johnson,2806,21,0,38.74719601,-93.80691168,29101.0,0.0,0.0,5190.337020457992,0.7483962936564504,2785,2806,21,0,2785,2764,53652,0,0,0,0,42
2020-12-11,US,Missouri,Kansas City,25983,313,0,39.0997,-94.5786,0.0,0.0,0.0,5314.116369392751,1.2046337990224378,25670,25983,313,0,25670,25728,491918,0,0,0,0,255
2020-12-11,US,Missouri,Knox,141,1,0,40.12699751,-92.14780832,29103.0,0.0,0.0,3561.505430664309,0.7092198581560284,140,141,1,0,140,137,3947,0,0,0,0,4
2020-12-11,US,Missouri,Laclede,2104,37,0,37.65896829,-92.5888493,29105.0,0.0,0.0,5889.762897852924,1.7585551330798483,2067,2104,37,0,2067,2075,35713,0,0,0,0,29
2020-12-11,US,Missouri,Lafayette,1723,31,0,39.06986886,-93.78076396,29107.0,0.0,0.0,5267.824385471445,1.7991874637260592,1692,1723,31,0,1692,1704,32598,0,0,0,0,19
2020-12-11,US,Missouri,Lawrence,2069,41,0,37.10626634,-93.83293097,29109.0,0.0,0.0,5394.3423282492495,1.9816336394393428,2028,2069,41,0,2028,2052,38359,0,0,0,0,17
2020-12-11,US,Missouri,Lewis,475,2,0,40.09673161,-91.72070156,29111.0,0.0,0.0,4858.8379705400985,0.42105263157894735,473,475,2,0,473,474,9855,0,0,0,0,1
2020-12-11,US,Missouri,Lincoln,2860,13,0,39.05345619,-90.95588181,29113.0,0.0,0.0,4846.389778523376,0.4545454545454545,2847,2860,13,0,2847,2809,57686,0,0,0,0,51
2020-12-11,US,Missouri,Linn,364,11,0,39.87001769,-93.10704106,29115.0,0.0,0.0,3053.691275167785,3.021978021978022,353,364,11,0,353,359,12037,0,0,0,0,5
2020-12-11,US,Missouri,Livingston,857,17,0,39.78110272,-93.54645978,29117.0,0.0,0.0,5628.1605043672425,1.9836639439906647,840,857,17,0,840,854,15146,0,0,0,0,3
2020-12-11,US,Missouri,Macon,759,4,0,39.83049768,-92.56453089,29121.0,0.0,0.0,5020.8374677515385,0.5270092226613966,755,759,4,0,755,748,15153,0,0,0,0,11
2020-12-11,US,Missouri,Madison,1004,10,0,37.47865134,-90.34671429999999,29123.0,0.0,0.0,8305.757776307082,0.99601593625498,994,1004,10,0,994,993,12188,0,0,0,0,11
2020-12-11,US,Missouri,Maries,408,4,0,38.16193985,-91.92249662,29125.0,0.0,0.0,4691.272852707831,0.9803921568627452,404,408,4,0,404,402,8769,0,0,0,0,6
2020-12-11,US,Missouri,Marion,2063,20,0,39.80601912,-91.62203062,29127.0,0.0,0.0,7230.984928145812,0.9694619486185168,2043,2063,20,0,2043,2017,28592,0,0,0,0,46
2020-12-11,US,Missouri,McDonald,1486,16,0,36.62869595,-94.34867205,29119.0,0.0,0.0,6506.984279896659,1.0767160161507403,1470,1486,16,0,1470,1480,23078,0,0,0,0,6
2020-12-11,US,Missouri,Mercer,98,1,0,40.42212303,-93.56829590000001,29129.0,0.0,0.0,2709.4277025158967,1.020408163265306,97,98,1,0,97,96,3641,0,0,0,0,2
2020-12-11,US,Missouri,Miller,1711,28,0,38.21450288,-92.42610898,29131.0,0.0,0.0,6678.636949139312,1.6364699006428989,1683,1711,28,0,1683,1691,25336,0,0,0,0,20
2020-12-11,US,Missouri,Mississippi,1001,7,0,36.82516239,-89.29505753,29133.0,0.0,0.0,7594.840667678301,0.6993006993006993,994,1001,7,0,994,992,13336,0,0,0,0,9
2020-12-11,US,Missouri,Moniteau,1344,15,0,38.63571781,-92.57976951,29135.0,0.0,0.0,8331.267046863377,1.1160714285714286,1329,1344,15,0,1329,1333,16121,0,0,0,0,11
2020-12-11,US,Missouri,Monroe,436,5,0,39.49593978,-92.00043978,29137.0,0.0,0.0,5043.961129106895,1.1467889908256879,431,436,5,0,431,431,8664,0,0,0,0,5
2020-12-11,US,Missouri,Montgomery,391,6,0,38.94022054,-91.47000721,29139.0,0.0,0.0,3384.988312700199,1.5345268542199488,385,391,6,0,385,384,11534,0,0,0,0,7
2020-12-11,US,Missouri,Morgan,1242,13,0,38.4181765,-92.88791859,29141.0,0.0,0.0,6021.2343045522875,1.0466988727858293,1229,1242,13,0,1229,1220,20358,0,0,0,0,22
2020-12-11,US,Missouri,New Madrid,1450,25,0,36.59666326,-89.66070007,29143.0,0.0,0.0,8491.449988287655,1.7241379310344829,1425,1450,25,0,1425,1435,17296,0,0,0,0,15
2020-12-11,US,Missouri,Newton,3126,39,0,36.90519407,-94.3394104,29145.0,0.0,0.0,5367.813723470019,1.2476007677543186,3087,3126,39,0,3087,3114,58266,0,0,0,0,12
2020-12-11,US,Missouri,Nodaway,2161,17,0,40.36079813,-94.88133008,29147.0,0.0,0.0,9781.821473836682,0.7866728366496992,2144,2161,17,0,2144,2133,22304,0,0,0,0,28
2020-12-11,US,Missouri,Oregon,418,2,0,36.68710164,-91.4033755,29149.0,0.0,0.0,3969.987653148448,0.4784688995215311,416,418,2,0,416,410,10541,0,0,0,0,8
2020-12-11,US,Missouri,Osage,1039,6,0,38.46036182,-91.8613635,29151.0,0.0,0.0,7631.289019463827,0.5774783445620789,1033,1039,6,0,1033,1030,13714,0,0,0,0,9
2020-12-11,US,Missouri,Ozark,320,4,0,36.64916339,-92.44459066,29153.0,0.0,0.0,3488.118596032265,1.25,316,320,4,0,316,316,9017,0,0,0,0,4
2020-12-11,US,Missouri,Pemiscot,1183,19,0,36.2130572,-89.78742322,29155.0,0.0,0.0,7484.973109775387,1.606086221470837,1164,1183,19,0,1164,1169,16272,0,0,0,0,14
2020-12-11,US,Missouri,Perry,1661,15,0,37.70660776,-89.82741088,29157.0,0.0,0.0,8679.974916387959,0.9030704394942806,1646,1661,15,0,1646,1644,19150,0,0,0,0,17
2020-12-11,US,Missouri,Pettis,3275,38,0,38.72798918,-93.28471706,29159.0,0.0,0.0,7735.185053969154,1.1603053435114503,3237,3275,38,0,3237,3148,42542,0,0,0,0,127
2020-12-11,US,Missouri,Phelps,2062,54,0,37.87736118,-91.79351727,29161.0,0.0,0.0,4626.118950934422,2.6188166828322017,2008,2062,54,0,2008,2021,44732,0,0,0,0,41
2020-12-11,US,Missouri,Pike,1078,11,0,39.34310674,-91.16980779,29163.0,0.0,0.0,5890.066659381489,1.020408163265306,1067,1078,11,0,1067,1051,18504,0,0,0,0,27
2020-12-11,US,Missouri,Platte,1931,17,0,39.38154439,-94.77068479,29165.0,0.0,0.0,1849.2980137524185,0.8803728638011393,1914,1931,17,0,1914,1908,102985,0,0,0,0,23
2020-12-11,US,Missouri,Polk,1586,15,0,37.616229600000004,-93.39828174,29167.0,0.0,0.0,4933.279417711282,0.9457755359394704,1571,1586,15,0,1571,1560,32201,0,0,0,0,26
2020-12-11,US,Missouri,Pulaski,2048,24,0,37.82462075,-92.20783203,29169.0,0.0,0.0,3893.018039424411,1.171875,2024,2048,24,0,2024,2001,52014,0,0,0,0,47
2020-12-11,US,Missouri,Putnam,177,1,0,40.47942497,-93.02042674,29171.0,0.0,0.0,3769.165247018739,0.5649717514124294,176,177,1,0,176,175,4757,0,0,0,0,2
2020-12-11,US,Missouri,Ralls,557,2,0,39.52817427,-91.51838643,29173.0,0.0,0.0,5403.04588223882,0.3590664272890485,555,557,2,0,555,545,10212,0,0,0,0,12
2020-12-11,US,Missouri,Randolph,1376,10,0,39.44007257,-92.49713740000001,29175.0,0.0,0.0,5560.0452561823195,0.7267441860465116,1366,1376,10,0,1366,1363,24763,0,0,0,0,13
2020-12-11,US,Missouri,Ray,837,6,0,39.353746799999996,-93.98905745,29177.0,0.0,0.0,3636.284646798158,0.7168458781362007,831,837,6,0,831,816,22883,0,0,0,0,21
2020-12-11,US,Missouri,Reynolds,196,2,0,37.36085952,-90.97009925,29179.0,0.0,0.0,3125.996810207337,1.020408163265306,194,196,2,0,194,196,6254,0,0,0,0,0
2020-12-11,US,Missouri,Ripley,586,8,0,36.65460667,-90.85990261,29181.0,0.0,0.0,4409.993979530404,1.3651877133105803,578,586,8,0,578,584,13401,0,0,0,0,2
2020-12-11,US,Missouri,Saline,1726,14,0,39.13734288,-93.20259964,29195.0,0.0,0.0,7583.146610430122,0.8111239860950173,1712,1726,14,0,1712,1698,22895,0,0,0,0,28
2020-12-11,US,Missouri,Schuyler,145,1,0,40.46921489,-92.52311943,29197.0,0.0,0.0,3111.587982832618,0.6896551724137931,144,145,1,0,144,144,4599,0,0,0,0,1
2020-12-11,US,Missouri,Scotland,205,1,0,40.45214695,-92.14709064,29199.0,0.0,0.0,4181.966544267646,0.4878048780487805,204,205,1,0,204,202,4966,0,0,0,0,3
2020-12-11,US,Missouri,Scott,3004,44,0,37.05588075,-89.56474493,29201.0,0.0,0.0,7847.439916405435,1.4647137150466043,2960,3004,44,0,2960,2969,38458,0,0,0,0,35
2020-12-11,US,Missouri,Shannon,366,9,0,37.15772072,-91.40190382,29203.0,0.0,0.0,4481.998530492285,2.459016393442623,357,366,9,0,357,362,8189,0,0,0,0,4
2020-12-11,US,Missouri,Shelby,256,1,0,39.79742518,-92.07634971,29205.0,0.0,0.0,4317.032040472175,0.390625,255,256,1,0,255,255,6050,0,0,0,0,1
2020-12-11,US,Missouri,St. Charles,22809,229,0,38.77875681,-90.66662425,29183.0,0.0,0.0,5673.570103128684,1.0039896532070671,22580,22809,229,0,22580,22553,399182,0,0,0,0,256
2020-12-11,US,Missouri,St. Clair,386,3,0,38.03699437,-93.77631447,29185.0,0.0,0.0,4107.693944876024,0.7772020725388601,383,386,3,0,383,381,9395,0,0,0,0,5
2020-12-11,US,Missouri,St. Francois,5533,51,0,37.81214171,-90.47598685,29187.0,0.0,0.0,8231.793498475043,0.9217422736309416,5482,5533,51,0,5482,5477,66692,0,0,0,0,56
2020-12-11,US,Missouri,St. Louis,58921,1147,0,38.63770039999999,-90.4458375,29189.0,0.0,0.0,5926.4437414818885,1.9466743605845116,57774,58197,1143,0,57054,57538,996945,724,4,0,720,659
2020-12-11,US,Missouri,St. Louis City,14602,270,0,38.63555736,-90.24349225,29510.0,0.0,0.0,4858.005961886512,1.8490617723599507,14332,14472,267,0,14205,14365,302838,130,3,0,127,107
2020-12-11,US,Missouri,Ste. Genevieve,1207,2,0,37.89090059,-90.1949941,29186.0,0.0,0.0,6745.27774673075,0.16570008285004142,1205,1207,2,0,1205,1187,17888,0,0,0,0,20
2020-12-11,US,Missouri,Stoddard,1830,25,0,36.85571651,-89.9444155,29207.0,0.0,0.0,6304.909560723514,1.3661202185792352,1805,1830,25,0,1805,1820,29206,0,0,0,0,10
2020-12-11,US,Missouri,Stone,1358,20,0,36.75000327,-93.45256475,29209.0,0.0,0.0,4250.125187781672,1.4727540500736378,1338,1358,20,0,1338,1342,31749,0,0,0,0,16
2020-12-11,US,Missouri,Sullivan,585,8,0,40.2099105,-93.11150106,29211.0,0.0,0.0,9607.488914435868,1.3675213675213675,577,585,8,0,577,587,6221,0,0,0,0,0
2020-12-11,US,Missouri,Taney,3284,46,0,36.65465345,-93.04075153,29213.0,0.0,0.0,5871.8352167071935,1.4007308160779537,3238,3284,46,0,3238,3248,55852,0,0,0,0,36
2020-12-11,US,Missouri,Texas,1086,10,0,37.31728859,-91.96564727,29215.0,0.0,0.0,4275.927238365226,0.9208103130755064,1076,1086,10,0,1076,1070,25571,0,0,0,0,16
2020-12-11,US,Missouri,Vernon,786,13,0,37.8457799,-94.34127305,29217.0,0.0,0.0,3822.3994553323932,1.653944020356234,773,786,13,0,773,777,20528,0,0,0,0,9
2020-12-11,US,Missouri,Warren,1350,3,0,38.76529479,-91.16124662,29219.0,0.0,0.0,3786.922494319616,0.2222222222222222,1347,1350,3,0,1347,1334,34711,0,0,0,0,16
2020-12-11,US,Missouri,Washington,1587,27,0,37.96130078,-90.87948158,29221.0,0.0,0.0,6417.3069146785265,1.7013232514177694,1560,1587,27,0,1560,1564,24943,0,0,0,0,23
2020-12-11,US,Missouri,Wayne,562,3,0,37.11303869,-90.46001416,29223.0,0.0,0.0,4365.726714829488,0.5338078291814946,559,562,3,0,559,555,13122,0,0,0,0,7
2020-12-11,US,Missouri,Webster,2027,29,0,37.2813734,-92.876329,29225.0,0.0,0.0,5119.721155789049,1.4306857424765664,1998,2027,29,0,1998,2007,39109,0,0,0,0,20
2020-12-11,US,Missouri,Worth,97,0,0,40.47945588,-94.42328751,29227.0,0.0,0.0,4818.678589170392,0.0,97,97,0,0,97,93,2040,0,0,0,0,4
2020-12-11,US,Missouri,Wright,853,16,0,37.27029221,-92.46914488,29229.0,0.0,0.0,4664.005686478211,1.875732708089097,837,853,16,0,837,851,18378,0,0,0,0,2
2020-12-11,US,Montana,Beaverhead,653,3,0,45.13434354,-112.89846940000001,30001.0,0.0,0.0,6907.859938643816,0.4594180704441042,650,634,3,0,631,625,9404,19,0,0,19,9
2020-12-11,US,Montana,Big Horn,1953,56,0,45.42335905,-107.492347,30003.0,0.0,0.0,14663.263007733312,2.867383512544803,1897,1944,55,0,1889,1932,13338,9,1,0,8,12
2020-12-11,US,Montana,Blaine,570,20,0,48.43175214,-108.9582723,30005.0,0.0,0.0,8531.656937584194,3.5087719298245608,550,557,19,0,538,554,6807,13,1,0,12,3
2020-12-11,US,Montana,Broadwater,244,1,0,46.33277565,-111.49558130000001,30007.0,0.0,0.0,3912.1372454705793,0.4098360655737705,243,233,1,0,232,229,6085,11,0,0,11,4
2020-12-11,US,Montana,Carbon,642,7,0,45.22850116,-109.0274047,30009.0,0.0,0.0,5986.013986013985,1.0903426791277258,635,638,7,0,631,630,10714,4,0,0,4,8
2020-12-11,US,Montana,Carter,127,4,0,45.5197966,-104.53955359999999,30011.0,0.0,0.0,10143.769968051118,3.1496062992125986,123,126,4,0,122,123,1238,1,0,0,1,3
2020-12-11,US,Montana,Cascade,5835,80,0,47.30797024,-111.3467922,30013.0,0.0,0.0,7171.300051618612,1.3710368466152527,5755,5770,80,0,5690,5717,81643,65,0,0,65,53
2020-12-11,US,Montana,Chouteau,309,3,0,47.88084126,-110.4353362,30015.0,0.0,0.0,5483.584738243123,0.9708737864077671,306,307,3,0,304,303,5745,2,0,0,2,4
2020-12-11,US,Montana,Custer,866,8,0,46.25319932,-105.57375259999998,30017.0,0.0,0.0,7595.158744079987,0.9237875288683602,858,848,8,0,840,844,11586,18,0,0,18,4
2020-12-11,US,Montana,Daniels,135,5,0,48.78420029,-105.54763429999998,30019.0,0.0,0.0,7988.165680473373,3.703703703703704,130,133,5,0,128,132,1747,2,0,0,2,1
2020-12-11,US,Montana,Dawson,812,16,0,47.26584855,-104.89444170000002,30021.0,0.0,0.0,9427.609427609428,1.9704433497536944,796,789,16,0,773,776,8680,23,0,0,23,13
2020-12-11,US,Montana,Deer Lodge,796,10,0,46.05953325,-113.073353,30023.0,0.0,0.0,8708.971553610503,1.256281407035176,786,791,10,0,781,785,9131,5,0,0,5,6
2020-12-11,US,Montana,Fallon,262,1,0,46.33478338,-104.41835649999999,30025.0,0.0,0.0,9205.90302178496,0.3816793893129771,261,260,1,0,259,260,2920,2,0,0,2,0
2020-12-11,US,Montana,Fergus,784,12,0,47.26331584,-109.2245206,30027.0,0.0,0.0,7095.0226244343885,1.5306122448979589,772,770,10,0,760,760,11113,14,2,0,12,10
2020-12-11,US,Montana,Flathead,7799,44,0,48.29575866,-114.05205690000001,30029.0,0.0,0.0,7513.053195383696,0.5641748942172073,7755,7715,44,0,7671,7635,102106,84,0,0,84,80
2020-12-11,US,Montana,Gallatin,8346,30,0,45.54486106,-111.1692571,30031.0,0.0,0.0,7293.286960169181,0.35945363048166784,8316,8274,25,0,8249,8167,111876,72,5,0,67,107
2020-12-11,US,Montana,Garfield,66,2,0,47.27545948,-107.0002351,30033.0,0.0,0.0,5246.4228934817165,3.0303030303030303,64,66,2,0,64,66,1268,0,0,0,0,0
2020-12-11,US,Montana,Glacier,1214,22,0,48.70513576,-112.9934235,30035.0,0.0,0.0,8827.164982185706,1.812191103789127,1192,1209,22,0,1187,1208,13747,5,0,0,5,1
2020-12-11,US,Montana,Golden Valley,26,0,0,46.3816474,-109.17685220000001,30037.0,0.0,0.0,3166.869671132765,0.0,26,25,0,0,25,25,826,1,0,0,1,0
2020-12-11,US,Montana,Granite,147,1,0,46.40605220000001,-113.4414186,30039.0,0.0,0.0,4350.3995264871255,0.6802721088435374,146,145,1,0,144,145,3378,2,0,0,2,0
2020-12-11,US,Montana,Hill,1470,29,0,48.62879827,-110.1129252,30041.0,0.0,0.0,8917.738413006551,1.9727891156462585,1441,1456,29,0,1427,1447,16347,14,0,0,14,9
2020-12-11,US,Montana,Jefferson,620,1,0,46.14907081,-112.094396,30043.0,0.0,0.0,5073.2345961868905,0.16129032258064516,619,597,1,0,596,588,12097,23,0,0,23,9
2020-12-11,US,Montana,Judith Basin,71,0,0,47.04581276,-110.26606880000001,30045.0,0.0,0.0,3537.6183358246144,0.0,71,71,0,0,71,70,1952,0,0,0,0,1
2020-12-11,US,Montana,Lake,1257,16,0,47.64514965,-114.0898013,30047.0,0.0,0.0,4126.9945498719535,1.2728719172633254,1241,1221,15,0,1206,1201,30250,36,1,0,35,20
2020-12-11,US,Montana,Lewis and Clark,3789,24,0,47.12610041,-112.39469799999999,30049.0,0.0,0.0,5457.137919115105,0.6334125098970704,3765,3631,24,0,3607,3602,68700,158,0,0,158,29
2020-12-11,US,Montana,Liberty,98,1,0,48.56084317,-111.02430700000001,30051.0,0.0,0.0,4193.410355156183,1.020408163265306,97,99,1,0,98,99,2430,0,0,0,-1,0
2020-12-11,US,Montana,Lincoln,886,9,0,48.54265777,-115.4046155,30053.0,0.0,0.0,4434.4344344344345,1.015801354401806,877,874,9,0,865,857,19794,12,0,0,12,17
2020-12-11,US,Montana,Madison,457,3,0,45.30080065,-111.9173017,30057.0,0.0,0.0,5313.953488372093,0.6564551422319475,454,450,3,0,447,443,8768,7,0,0,7,7
2020-12-11,US,Montana,McCone,125,0,0,47.64469406,-105.79449939999999,30055.0,0.0,0.0,7512.01923076923,0.0,125,124,0,0,124,122,1675,1,0,0,1,2
2020-12-11,US,Montana,Meagher,110,7,0,46.59907074,-110.8898557,30059.0,0.0,0.0,5907.626208378088,6.363636363636362,103,110,7,0,103,110,1866,0,0,0,0,0
2020-12-11,US,Montana,Mineral,102,0,0,47.15283992,-115.00152390000001,30061.0,0.0,0.0,2319.763475096657,0.0,102,98,0,0,98,95,4316,4,0,0,4,3
2020-12-11,US,Montana,Missoula,5541,45,0,47.03728583,-113.92135079999998,30063.0,0.0,0.0,4632.9431438127085,0.8121277747698972,5496,5445,45,0,5400,5404,118791,96,0,0,96,41
2020-12-11,US,Montana,Musselshell,248,6,0,46.49684637,-108.39498,30065.0,0.0,0.0,5352.9030865529885,2.419354838709677,242,245,6,0,239,245,4651,3,0,0,3,0
2020-12-11,US,Montana,Park,765,4,0,45.48965095,-110.52643940000002,30067.0,0.0,0.0,4606.768637841744,0.5228758169934641,761,747,4,0,743,746,16736,18,0,0,18,1
2020-12-11,US,Montana,Petroleum,10,1,0,47.118246299999996,-108.2508876,30069.0,0.0,0.0,2053.388090349076,10.0,9,10,1,0,9,10,513,0,0,0,0,0
2020-12-11,US,Montana,Phillips,360,9,0,48.25936577,-107.9128511,30071.0,0.0,0.0,9104.704097116844,2.5,351,356,9,0,347,345,4074,4,0,0,4,11
2020-12-11,US,Montana,Pondera,355,3,0,48.22773388,-112.22527029999999,30073.0,0.0,0.0,6005.75198781932,0.8450704225352113,352,352,3,0,349,350,5972,3,0,0,3,2
2020-12-11,US,Montana,Powder River,91,5,0,45.39617714,-105.636738,30075.0,0.0,0.0,5410.225921521997,5.494505494505495,86,91,5,0,86,90,1716,0,0,0,0,1
2020-12-11,US,Montana,Powell,748,4,0,46.85538891,-112.93591640000001,30077.0,0.0,0.0,10856.313497822932,0.5347593582887701,744,748,4,0,744,732,6968,0,0,0,0,16
2020-12-11,US,Montana,Prairie,119,2,0,46.86048047,-105.379384,30079.0,0.0,0.0,11049.210770659238,1.680672268907563,117,119,2,0,117,116,1087,0,0,0,0,3
2020-12-11,US,Montana,Ravalli,1846,15,0,46.08520862,-114.11891640000002,30081.0,0.0,0.0,4214.0346071314425,0.8125677139761647,1831,1819,15,0,1804,1806,43172,27,0,0,27,13
2020-12-11,US,Montana,Richland,737,9,0,47.78668011,-104.5610786,30083.0,0.0,0.0,6822.1790243450905,1.2211668928086838,728,730,9,0,721,729,10913,7,0,0,7,1
2020-12-11,US,Montana,Roosevelt,1306,42,0,48.29607488,-105.00792679999999,30085.0,0.0,0.0,11868.411486732097,3.2159264931087286,1264,1303,42,0,1261,1294,11059,3,0,0,3,9
2020-12-11,US,Montana,Rosebud,976,26,0,46.23397237,-106.72928799999998,30087.0,0.0,0.0,10920.890679198836,2.6639344262295084,950,955,26,0,929,940,9063,21,0,0,21,15
2020-12-11,US,Montana,Sanders,315,3,0,47.67657534,-115.1329916,30089.0,0.0,0.0,2600.5118467761913,0.9523809523809524,312,315,3,0,312,309,11844,0,0,0,0,6
2020-12-11,US,Montana,Sheridan,329,3,0,48.72085833,-104.50382900000001,30091.0,0.0,0.0,9942.58084013297,0.9118541033434652,326,325,3,0,322,316,3424,4,0,0,4,9
2020-12-11,US,Montana,Silver Bow,2589,31,0,45.90018933,-112.6620092,30093.0,0.0,0.0,7415.151081197194,1.1973735032831208,2558,2562,31,0,2531,2523,34993,27,0,0,27,39
2020-12-11,US,Montana,Stillwater,492,8,0,45.67071407,-109.3950061,30095.0,0.0,0.0,5102.675793403858,1.6260162601626016,484,478,8,0,470,478,9534,14,0,0,14,0
2020-12-11,US,Montana,Sweet Grass,291,5,0,45.81367654,-109.9425686,30097.0,0.0,0.0,7786.994915707787,1.718213058419244,286,287,5,0,282,285,3710,4,0,0,4,2
2020-12-11,US,Montana,Teton,272,3,0,47.83741052,-112.24106880000001,30099.0,0.0,0.0,4424.922726533267,1.1029411764705883,269,266,3,0,263,261,6162,6,0,0,6,5
2020-12-11,US,Montana,Toole,652,8,0,48.65577551,-111.69424140000001,30101.0,0.0,0.0,13766.891891891892,1.2269938650306749,644,649,8,0,641,636,4853,3,0,0,3,13
2020-12-11,US,Montana,Treasure,37,1,0,46.20973220000001,-107.26665159999999,30103.0,0.0,0.0,5316.091954022989,2.702702702702702,36,36,1,0,35,36,679,1,0,0,1,0
2020-12-11,US,Montana,Valley,610,7,0,48.36435097,-106.6669635,30105.0,0.0,0.0,8247.701460248783,1.147540983606557,603,607,7,0,600,598,7437,3,0,0,3,9
2020-12-11,US,Montana,Wheatland,115,6,0,46.46652491,-109.84646359999999,30107.0,0.0,0.0,5409.219190968955,5.217391304347826,109,114,6,0,108,114,2236,1,0,0,1,0
2020-12-11,US,Montana,Wibaux,96,4,0,46.95925154,-104.2510927,30109.0,0.0,0.0,9907.120743034056,4.166666666666667,92,95,4,0,91,93,1034,1,0,0,1,2
2020-12-11,US,Montana,Yellowstone,12399,140,0,45.93955949,-108.26914860000001,30111.0,0.0,0.0,7686.918784872908,1.1291233163964836,12259,12273,126,0,12147,12127,160137,126,14,0,112,146
2020-12-11,US,Nebraska,Adams,2034,26,0,40.52449420000001,-98.50117804,31001.0,0.0,0.0,6485.348978095208,1.27826941986234,2008,2032,26,0,2006,1999,31511,2,0,0,2,33
2020-12-11,US,Nebraska,Antelope,376,3,0,42.17695516,-98.06662829999999,31003.0,0.0,0.0,5970.1492537313425,0.7978723404255319,373,376,4,0,372,373,6336,0,0,0,1,3
2020-12-11,US,Nebraska,Arthur,16,0,0,41.56896142,-101.6959559,31005.0,0.0,0.0,3455.72354211663,0.0,16,16,0,0,16,16,465,0,0,0,0,0
2020-12-11,US,Nebraska,Banner,20,0,0,41.54634427,-103.7114332,31007.0,0.0,0.0,2684.5637583892617,0.0,20,18,0,0,18,17,730,2,0,0,2,1
2020-12-11,US,Nebraska,Blaine,15,0,0,41.91311716,-99.97677845,31009.0,0.0,0.0,3225.8064516129034,0.0,15,14,0,0,14,15,476,1,0,0,1,0
2020-12-11,US,Nebraska,Boone,381,2,0,41.70759415,-98.06737183,31011.0,0.0,0.0,7338.212634822804,0.5249343832020997,379,373,2,0,371,367,5239,8,0,0,8,6
2020-12-11,US,Nebraska,Box Butte,718,8,0,42.22079243,-103.08788340000001,31013.0,0.0,0.0,6658.6293239358265,1.1142061281337048,710,709,8,0,701,698,10772,9,0,0,9,11
2020-12-11,US,Nebraska,Boyd,154,2,0,42.899727399999996,-98.76486568,31015.0,0.0,0.0,8025.013027618551,1.2987012987012987,152,147,2,0,145,145,1955,7,0,0,7,2
2020-12-11,US,Nebraska,Brown,188,1,0,42.43018907,-99.92904055,31017.0,0.0,0.0,6362.098138747884,0.5319148936170213,187,188,1,0,187,186,2973,0,0,0,0,2
2020-12-11,US,Nebraska,Buffalo,3959,45,0,40.85486962,-99.07500296,31019.0,0.0,0.0,7972.371574135603,1.1366506693609495,3914,3957,44,0,3913,3916,49615,2,1,0,1,41
2020-12-11,US,Nebraska,Burt,492,3,0,41.85056773,-96.32605633,31021.0,0.0,0.0,7617.278216442173,0.6097560975609756,489,490,3,0,487,485,6488,2,0,0,2,5
2020-12-11,US,Nebraska,Butler,674,7,0,41.22703692,-97.13106306,31023.0,0.0,0.0,8408.183632734532,1.0385756676557865,667,675,7,0,668,672,8058,0,0,0,-1,3
2020-12-11,US,Nebraska,Cass,1392,7,0,40.90899107,-96.13971217,31025.0,0.0,0.0,5303.261200853399,0.5028735632183908,1385,1372,7,0,1365,1342,26159,20,0,0,20,30
2020-12-11,US,Nebraska,Cedar,497,8,0,42.598885100000004,-97.25311951,31027.0,0.0,0.0,5915.258271840038,1.6096579476861168,489,470,4,0,466,445,8446,27,4,0,23,25
2020-12-11,US,Nebraska,Chase,294,3,0,40.523719799999995,-101.69780259999999,31029.0,0.0,0.0,7492.354740061162,1.020408163265306,291,292,3,0,289,286,3977,2,0,0,2,6
2020-12-11,US,Nebraska,Cherry,223,4,0,42.54502621,-101.1244332,31031.0,0.0,0.0,3919.845315521181,1.7937219730941705,219,219,4,0,215,212,5761,4,0,0,4,7
2020-12-11,US,Nebraska,Cheyenne,633,9,0,41.21999357,-102.9941693,31033.0,0.0,0.0,7104.377104377105,1.4218009478672986,624,623,9,0,614,609,9310,10,0,0,10,14
2020-12-11,US,Nebraska,Clay,477,4,0,40.52439441,-98.05126296,31035.0,0.0,0.0,7689.827502821216,0.8385744234800838,473,477,4,0,473,470,6214,0,0,0,0,7
2020-12-11,US,Nebraska,Colfax,1372,14,0,41.57486951,-97.0868542,31037.0,0.0,0.0,12811.65374918293,1.020408163265306,1358,1372,14,0,1358,1374,10881,0,0,0,0,0
2020-12-11,US,Nebraska,Cuming,671,7,0,41.91637624,-96.78730772,31039.0,0.0,0.0,7585.349310422791,1.0432190760059612,664,662,7,0,655,656,8940,9,0,0,9,6
2020-12-11,US,Nebraska,Custer,572,14,0,41.39374521,-99.72805369,31041.0,0.0,0.0,5307.599517490953,2.4475524475524475,558,557,14,0,543,550,10840,15,0,0,15,7
2020-12-11,US,Nebraska,Dakota,3329,51,0,42.39040144,-96.56656425,31043.0,0.0,0.0,16623.389593528413,1.5319915890657856,3278,3310,51,0,3259,3299,20083,19,0,0,19,11
2020-12-11,US,Nebraska,Dawes,500,18,0,42.71985036,-103.1313774,31045.0,0.0,0.0,5821.39946443125,3.6,482,497,18,0,479,495,8716,3,0,0,3,2
2020-12-11,US,Nebraska,Dawson,2228,21,0,40.87028216,-99.82014609999999,31047.0,0.0,0.0,9442.678533587625,0.9425493716337524,2207,2226,21,0,2205,2202,23709,2,0,0,2,24
2020-12-11,US,Nebraska,Deuel,56,0,0,41.11168186,-102.33333309999999,31049.0,0.0,0.0,3121.5161649944257,0.0,56,56,0,0,56,55,1825,0,0,0,0,1
2020-12-11,US,Nebraska,Dixon,443,4,0,42.49188363,-96.86782408,31051.0,0.0,0.0,7860.1845280340685,0.9029345372460496,439,435,4,0,431,428,5709,8,0,0,8,7
2020-12-11,US,Nebraska,Dodge,3288,41,0,41.58071748,-96.65598179,31053.0,0.0,0.0,8992.205661151374,1.2469586374695865,3247,3250,41,0,3209,3219,36791,38,0,0,38,31
2020-12-11,US,Nebraska,Douglas,46370,416,0,41.29518299,-96.15085305,31055.0,0.0,0.0,8116.192653244114,0.8971317662281647,45954,46012,412,0,45600,45478,566880,358,4,0,354,534
2020-12-11,US,Nebraska,Dundy,84,4,0,40.17638677,-101.6876522,31057.0,0.0,0.0,4961.606615475487,4.761904761904762,80,82,4,0,78,80,1770,2,0,0,2,2
2020-12-11,US,Nebraska,Fillmore,376,6,0,40.52458567,-97.59646937,31059.0,0.0,0.0,6883.925302087147,1.5957446808510638,370,376,6,0,370,373,5527,0,0,0,0,3
2020-12-11,US,Nebraska,Franklin,182,2,0,40.17636348,-98.95299073,31061.0,0.0,0.0,6109.432695535415,1.0989010989010992,180,183,2,0,181,182,3023,0,0,0,-1,1
2020-12-11,US,Nebraska,Frontier,130,1,0,40.52993007,-100.3924658,31063.0,0.0,0.0,4948.610582413399,0.7692307692307693,129,127,1,0,126,126,2608,3,0,0,3,1
2020-12-11,US,Nebraska,Furnas,323,4,0,40.17642064,-99.91247454,31065.0,0.0,0.0,6907.613344739093,1.238390092879257,319,328,4,0,324,316,4715,0,0,0,-5,12
2020-12-11,US,Nebraska,Gage,1622,10,0,40.26186809,-96.68946704,31067.0,0.0,0.0,7539.627202156836,0.6165228113440198,1612,1618,10,0,1608,1568,21493,4,0,0,4,50
2020-12-11,US,Nebraska,Garden,84,0,0,41.61703149,-102.3313973,31069.0,0.0,0.0,4572.67283614589,0.0,84,86,0,0,86,86,1897,0,0,0,-2,0
2020-12-11,US,Nebraska,Garfield,114,4,0,41.91428955,-98.99111827,31071.0,0.0,0.0,5789.740985271711,3.5087719298245608,110,113,4,0,109,110,1987,1,0,0,1,3
2020-12-11,US,Nebraska,Gosper,132,1,0,40.51481965,-99.83020279,31073.0,0.0,0.0,6633.165829145729,0.7575757575757576,131,129,1,0,128,125,1996,3,0,0,3,4
2020-12-11,US,Nebraska,Grant,21,2,0,41.91528587,-101.740701,31075.0,0.0,0.0,3370.7865168539324,9.523809523809524,19,21,2,0,19,21,660,0,0,0,0,0
2020-12-11,US,Nebraska,Greeley,163,0,0,41.56742671,-98.52150266,31077.0,0.0,0.0,6918.505942275043,0.0,163,159,0,0,159,146,2356,4,0,0,4,13
2020-12-11,US,Nebraska,Hall,5255,85,0,40.87257079,-98.50218293,31079.0,0.0,0.0,8565.18833634867,1.6175071360608944,5170,5232,85,0,5147,5179,61607,23,0,0,23,53
2020-12-11,US,Nebraska,Hamilton,626,13,0,40.87349452,-98.02099117,31081.0,0.0,0.0,6713.856713856714,2.07667731629393,613,618,13,0,605,608,9280,8,0,0,8,10
2020-12-11,US,Nebraska,Harlan,162,0,0,40.17658508,-99.40438879,31083.0,0.0,0.0,4792.899408284024,0.0,162,160,0,0,160,159,3401,2,0,0,2,1
2020-12-11,US,Nebraska,Hayes,48,0,0,40.52451972,-101.0603568,31085.0,0.0,0.0,5206.073752711497,0.0,48,47,0,0,47,48,916,1,0,0,1,0
2020-12-11,US,Nebraska,Hitchcock,141,2,0,40.17609175,-101.04164770000001,31087.0,0.0,0.0,5104.9963794351925,1.4184397163120568,139,139,2,0,137,136,2806,2,0,0,2,3
2020-12-11,US,Nebraska,Holt,576,10,0,42.45522056,-98.78402558,31089.0,0.0,0.0,5721.664845534916,1.7361111111111112,566,569,10,0,559,567,10178,7,0,0,7,2
2020-12-11,US,Nebraska,Hooker,47,1,0,41.91586243,-101.1354293,31091.0,0.0,0.0,6891.49560117302,2.127659574468085,46,48,1,0,47,47,682,0,0,0,-1,1
2020-12-11,US,Nebraska,Howard,405,8,0,41.2200529,-98.5166499,31093.0,0.0,0.0,6283.941039565555,1.9753086419753083,397,403,8,0,395,401,6468,2,0,0,2,2
2020-12-11,US,Nebraska,Jefferson,486,0,0,40.17584531,-97.142601,31095.0,0.0,0.0,6897.530513766676,0.0,486,477,0,0,477,458,7097,9,0,0,9,19
2020-12-11,US,Nebraska,Johnson,383,5,0,40.39257596,-96.26522753,31097.0,0.0,0.0,7552.750936698876,1.3054830287206267,378,379,5,0,374,351,5134,4,0,0,4,28
2020-12-11,US,Nebraska,Kearney,535,3,0,40.50663314,-98.94877182,31099.0,0.0,0.0,8237.10546574288,0.5607476635514018,532,537,2,0,535,533,6544,0,1,0,-3,4
2020-12-11,US,Nebraska,Keith,484,1,0,41.19930341,-101.66201640000001,31101.0,0.0,0.0,6024.39631565845,0.2066115702479339,483,470,1,0,469,468,8021,14,0,0,14,2
2020-12-11,US,Nebraska,Keya Paha,31,0,0,42.87990694,-99.71343729,31103.0,0.0,0.0,3846.1538461538453,0.0,31,30,0,0,30,28,810,1,0,0,1,2
2020-12-11,US,Nebraska,Kimball,254,4,0,41.19774275,-103.7148131,31105.0,0.0,0.0,6993.392070484581,1.5748031496062993,250,244,4,0,240,221,3618,10,0,0,10,23
2020-12-11,US,Nebraska,Knox,586,3,0,42.63758421,-97.89178836,31107.0,0.0,0.0,7033.1253000480065,0.5119453924914675,583,546,3,0,543,513,8419,40,0,0,40,33
2020-12-11,US,Nebraska,Lancaster,19439,103,0,40.78416049,-96.68777155,31109.0,0.0,0.0,6092.011658152872,0.5298626472555172,19336,19324,93,0,19231,19035,317272,115,10,0,105,289
2020-12-11,US,Nebraska,Lincoln,2653,23,0,41.04658298,-100.74753740000001,31111.0,0.0,0.0,7598.671020221114,0.8669430833019224,2630,2625,23,0,2602,2610,35185,28,0,0,28,15
2020-12-11,US,Nebraska,Logan,53,0,0,41.56650314,-100.4817851,31113.0,0.0,0.0,7085.561497326204,0.0,53,53,0,0,53,53,749,0,0,0,0,0
2020-12-11,US,Nebraska,Loup,33,0,0,41.91371961,-99.45440415,31115.0,0.0,0.0,4969.879518072289,0.0,33,33,0,0,33,33,618,0,0,0,0,0
2020-12-11,US,Nebraska,Madison,3502,31,0,41.91676024,-97.6005481,31119.0,0.0,0.0,9977.49223624605,0.8852084523129641,3471,3488,30,0,3458,3439,35392,14,1,0,13,49
2020-12-11,US,Nebraska,McPherson,18,0,0,41.56797682,-101.05993620000001,31117.0,0.0,0.0,3643.724696356275,0.0,18,17,0,0,17,17,492,1,0,0,1,0
2020-12-11,US,Nebraska,Merrick,512,8,0,41.16624273,-98.0374887,31121.0,0.0,0.0,6602.192134107027,1.5625,504,509,8,0,501,503,7733,3,0,0,3,6
2020-12-11,US,Nebraska,Morrill,382,7,0,41.71711774,-103.0061405,31123.0,0.0,0.0,8229.211546747092,1.8324607329842928,375,382,7,0,375,375,4686,0,0,0,0,7
2020-12-11,US,Nebraska,Nance,330,4,0,41.39750195,-97.99327291,31125.0,0.0,0.0,9377.66410912191,1.2121212121212122,326,328,4,0,324,327,3532,2,0,0,2,1
2020-12-11,US,Nebraska,Nemaha,413,2,0,40.38514847,-95.85433992,31127.0,0.0,0.0,5923.694779116466,0.4842615012106538,411,413,2,0,411,404,6958,0,0,0,0,9
2020-12-11,US,Nebraska,Nuckolls,268,1,0,40.17637905,-98.04743961,31129.0,0.0,0.0,6460.9450337512035,0.373134328358209,267,263,1,0,262,264,4195,5,0,0,5,0
2020-12-11,US,Nebraska,Otoe,874,1,0,40.64843556,-96.13374142,31131.0,0.0,0.0,5458.406195353485,0.11441647597254005,873,867,1,0,866,855,15985,7,0,0,7,12
2020-12-11,US,Nebraska,Pawnee,136,0,0,40.13141096,-96.23705437,31133.0,0.0,0.0,5204.745503252966,0.0,136,139,0,0,139,139,2632,0,0,0,-3,0
2020-12-11,US,Nebraska,Perkins,191,11,0,40.85082525,-101.6502942,31135.0,0.0,0.0,6606.7104808024915,5.7591623036649215,180,187,11,0,176,187,2929,4,0,0,4,0
2020-12-11,US,Nebraska,Phelps,640,6,0,40.51156033,-99.41461667,31137.0,0.0,0.0,7084.348018596414,0.9375,634,635,6,0,629,624,8996,5,0,0,5,11
2020-12-11,US,Nebraska,Pierce,483,17,0,42.26434853,-97.60122773,31139.0,0.0,0.0,6757.134862898713,3.519668737060041,466,472,18,0,454,465,7142,11,0,0,12,7
2020-12-11,US,Nebraska,Platte,3351,34,0,41.57246836,-97.52144359,31141.0,0.0,0.0,10011.951000896324,1.014622500746046,3317,3348,34,0,3314,3313,33363,3,0,0,3,35
2020-12-11,US,Nebraska,Polk,329,9,0,41.18813488,-97.56630712,31143.0,0.0,0.0,6311.145213888356,2.735562310030395,320,329,9,0,320,327,5278,0,0,0,0,2
2020-12-11,US,Nebraska,Red Willow,791,6,0,40.17556879999999,-100.476998,31145.0,0.0,0.0,7375.9791122715405,0.7585335018963337,785,778,6,0,772,774,10726,13,0,0,13,4
2020-12-11,US,Nebraska,Richardson,431,10,0,40.1247415,-95.71755036,31147.0,0.0,0.0,5479.974570883662,2.320185614849188,421,430,9,0,421,425,7937,1,1,0,0,5
2020-12-11,US,Nebraska,Rock,91,2,0,42.42252217,-99.44832069,31149.0,0.0,0.0,6705.969049373618,2.1978021978021984,89,89,2,0,87,90,1360,2,0,0,2,0
2020-12-11,US,Nebraska,Saline,1627,3,0,40.52418865,-97.14085859,31151.0,0.0,0.0,11438.413948256468,0.18438844499078055,1624,1627,3,0,1624,1614,14350,0,0,0,0,13
2020-12-11,US,Nebraska,Sarpy,13541,64,0,41.11314181,-96.11156432,31153.0,0.0,0.0,7233.594734930233,0.472638652979839,13477,13422,64,0,13358,13257,184459,119,0,0,119,165
2020-12-11,US,Nebraska,Saunders,1531,9,0,41.227810299999994,-96.63773905,31155.0,0.0,0.0,7095.189544906851,0.5878510777269759,1522,1520,9,0,1511,1504,21303,11,0,0,11,16
2020-12-11,US,Nebraska,Scotts Bluff,2893,35,0,41.85070896,-103.70809859999999,31157.0,0.0,0.0,8122.297714638666,1.2098167991704114,2858,2891,34,0,2857,2867,35989,2,1,0,1,24
2020-12-11,US,Nebraska,Seward,968,17,0,40.87241834,-97.139673,31159.0,0.0,0.0,5600.555426984493,1.756198347107438,951,963,15,0,948,953,17318,5,2,0,3,10
2020-12-11,US,Nebraska,Sheridan,332,9,0,42.50284406,-102.4126613,31161.0,0.0,0.0,6328.6313381624095,2.710843373493976,323,318,9,0,309,315,5190,14,0,0,14,3
2020-12-11,US,Nebraska,Sherman,144,4,0,41.22045983,-98.97588642,31163.0,0.0,0.0,4798.400533155615,2.7777777777777777,140,144,4,0,140,143,3038,0,0,0,0,1
2020-12-11,US,Nebraska,Sioux,23,0,0,42.48932059,-103.7576544,31165.0,0.0,0.0,1972.5557461406518,0.0,23,23,0,0,23,23,1187,0,0,0,0,0
2020-12-11,US,Nebraska,Stanton,267,0,0,41.9169835,-97.19394708,31167.0,0.0,0.0,4510.135135135135,0.0,267,268,0,0,268,264,5970,0,0,0,-1,4
2020-12-11,US,Nebraska,Thayer,307,2,0,40.17626377,-97.59504381,31169.0,0.0,0.0,6136.318209074554,0.6514657980456026,305,298,2,0,296,295,5039,9,0,0,9,3
2020-12-11,US,Nebraska,Thomas,42,0,0,41.91358968,-100.5556632,31171.0,0.0,0.0,5817.174515235457,0.0,42,41,0,0,41,41,720,1,0,0,1,0
2020-12-11,US,Nebraska,Thurston,612,7,0,42.15725356,-96.54157099,31173.0,0.0,0.0,8471.760797342193,1.1437908496732023,605,609,7,0,602,589,7303,3,0,0,3,20
2020-12-11,US,Nebraska,Unassigned,1158,0,0,0.0,0.0,90031.0,0.0,0.0,0.0,0.0,1158,1131,9,0,1122,1135,,27,0,0,36,0
2020-12-11,US,Nebraska,Valley,223,3,0,41.56730777,-98.98197724,31175.0,0.0,0.0,5363.155363155363,1.345291479820628,220,222,3,0,219,221,4190,1,0,0,1,1
2020-12-11,US,Nebraska,Washington,1422,14,0,41.52815707,-96.22019892,31177.0,0.0,0.0,6859.954652901733,0.9845288326300984,1408,1414,14,0,1400,1389,20667,8,0,0,8,25
2020-12-11,US,Nebraska,Wayne,806,5,0,42.20934475,-97.11926964,31179.0,0.0,0.0,8588.172615876398,0.6203473945409429,801,800,5,0,795,787,9403,6,0,0,6,13
2020-12-11,US,Nebraska,Webster,261,3,0,40.17642643,-98.50019851,31181.0,0.0,0.0,7484.944078004015,1.1494252873563218,258,261,3,0,258,258,3533,0,0,0,0,3
2020-12-11,US,Nebraska,Wheeler,20,0,0,41.91482725,-98.52798941,31183.0,0.0,0.0,2554.278416347382,0.0,20,20,0,0,20,20,805,0,0,0,0,0
2020-12-11,US,Nebraska,York,1158,6,0,40.87272618,-97.59710186,31185.0,0.0,0.0,8465.531106075006,0.5181347150259067,1152,1147,6,0,1141,1131,13772,11,0,0,11,16
2020-12-11,US,Nevada,Carson City,3571,32,0,39.15509045,-119.7480219,32510.0,0.0,0.0,6386.3652621789815,0.8961075329039485,3539,3383,29,0,3354,3319,55414,188,3,0,185,64
2020-12-11,US,Nevada,Churchill,1093,23,0,39.58105744,-118.3394607,32001.0,0.0,0.0,4387.972218876711,2.104300091491308,1070,1044,23,0,1021,1044,24440,49,0,0,49,0
2020-12-11,US,Nevada,Clark,137100,1962,0,36.21458855,-115.0130241,32003.0,0.0,0.0,6048.400438520062,1.4310722100656454,135138,135296,1935,0,133361,133642,2231647,1804,27,0,1777,1654
2020-12-11,US,Nevada,Douglas,1473,10,0,38.912862,-119.61713329999999,32005.0,0.0,0.0,3011.9619670790307,0.6788866259334692,1463,1429,8,0,1421,1406,48467,44,2,0,42,23
2020-12-11,US,Nevada,Elko,3353,28,0,41.14531606,-115.3577619,32007.0,0.0,0.0,6353.0258819962855,0.8350730688935282,3325,3298,26,0,3272,3298,52460,55,2,0,53,0
2020-12-11,US,Nevada,Esmeralda,26,0,0,37.78436681,-117.63199990000001,32009.0,0.0,0.0,2978.2359679266888,0.0,26,26,0,0,26,25,826,0,0,0,0,1
2020-12-11,US,Nevada,Eureka,25,0,0,39.98100864,-116.26832040000001,32011.0,0.0,0.0,0.0,0.0,25,25,0,0,25,25,2003,0,0,0,0,0
2020-12-11,US,Nevada,Humboldt,516,7,0,41.40692186,-118.11094270000001,32013.0,0.0,0.0,3065.771493078249,1.3565891472868217,509,516,7,0,509,516,16786,0,0,0,0,0
2020-12-11,US,Nevada,Lander,299,4,0,39.933223299999995,-117.03970749999999,32015.0,0.0,0.0,5404.916847433115,1.3377926421404682,295,297,4,0,293,290,5575,2,0,0,2,7
2020-12-11,US,Nevada,Lincoln,251,1,0,37.64268459,-114.8790388,32017.0,0.0,0.0,4842.755161103608,0.398406374501992,250,247,1,0,246,247,5201,4,0,0,4,0
2020-12-11,US,Nevada,Lyon,1670,24,0,39.01777974,-119.18704790000001,32019.0,0.0,0.0,2903.842809946096,1.4371257485029942,1646,1649,22,0,1627,1632,55808,21,2,0,19,17
2020-12-11,US,Nevada,Mineral,159,4,0,38.53841696,-118.4344506,32021.0,0.0,0.0,3529.4117647058824,2.5157232704402515,155,159,4,0,155,159,4514,0,0,0,0,0
2020-12-11,US,Nevada,Nye,1578,33,0,38.04264256,-116.47227020000001,32023.0,0.0,0.0,3391.8706876168776,2.091254752851711,1545,1562,31,0,1531,1558,45346,16,2,0,14,4
2020-12-11,US,Nevada,Pershing,297,1,0,40.44003782,-118.40056409999998,32027.0,0.0,0.0,4416.35687732342,0.3367003367003367,296,297,1,0,296,106,6666,0,0,0,0,191
2020-12-11,US,Nevada,Storey,64,2,0,39.44875482,-119.5250207,32029.0,0.0,0.0,1552.2677661896673,3.125,62,63,2,0,61,63,4029,1,0,0,1,0
2020-12-11,US,Nevada,Washoe,29526,345,0,40.66562265,-119.6631594,32031.0,0.0,0.0,6261.889764781483,1.1684616947774842,29181,28927,338,0,28589,28643,465735,599,7,0,592,284
2020-12-11,US,Nevada,White Pine,309,3,0,39.44157041,-114.89996599999999,32033.0,0.0,0.0,3225.4697286012524,0.9708737864077671,306,309,3,0,306,361,9475,0,0,0,0,0
2020-12-11,US,New Hampshire,Belknap,1138,35,0,43.51637314,-71.41684235,33001.0,0.0,0.0,1856.352870169486,3.075571177504393,1103,1088,34,0,1054,1061,61022,50,1,0,49,27
2020-12-11,US,New Hampshire,Carroll,573,2,0,43.87498583,-71.20430216,33003.0,0.0,0.0,1171.5395624616642,0.34904013961605584,571,560,2,0,558,545,48779,13,0,0,13,15
2020-12-11,US,New Hampshire,Cheshire,847,4,0,42.92015988,-72.25311043,33005.0,0.0,0.0,1113.2286258789509,0.4722550177095632,843,778,4,0,774,760,76493,69,0,0,69,18
2020-12-11,US,New Hampshire,Coos,396,11,0,44.69063265,-71.30633239,33007.0,0.0,0.0,1254.6335899629312,2.7777777777777777,385,385,11,0,374,375,31589,11,0,0,11,10
2020-12-11,US,New Hampshire,Grafton,793,2,0,43.93779815,-71.82057197,33009.0,0.0,0.0,882.2286006719622,0.2522068095838588,791,753,2,0,751,733,89786,40,0,0,40,20
2020-12-11,US,New Hampshire,Hillsborough,12554,357,0,42.91537785,-71.7200253,33011.0,0.0,0.0,3010.3710808704523,2.8437151505496256,12197,12082,355,0,11727,11839,415247,472,2,0,470,243
2020-12-11,US,New Hampshire,Merrimack,2975,39,0,43.29662971,-71.6811573,33013.0,0.0,0.0,1965.1102113071447,1.3109243697478992,2936,2797,39,0,2758,2723,151132,178,0,0,178,74
2020-12-11,US,New Hampshire,Rockingham,7221,115,0,42.98499744,-71.12883377,33015.0,0.0,0.0,2331.091878141454,1.5925772053732168,7106,6973,115,0,6858,6758,309176,248,0,0,248,215
2020-12-11,US,New Hampshire,Strafford,2121,19,0,43.291833000000004,-71.02336013,33017.0,0.0,0.0,1623.6326196290368,0.8958038661008958,2102,2060,17,0,2043,2021,130090,61,2,0,59,39
2020-12-11,US,New Hampshire,Sullivan,306,5,0,43.36094111,-72.22203125,33019.0,0.0,0.0,709.2198581560284,1.6339869281045751,301,294,5,0,289,289,43144,12,0,0,12,5
2020-12-11,US,New Hampshire,Unassigned,536,1,0,0.0,0.0,90033.0,0.0,0.0,0.0,0.1865671641791045,535,503,0,0,503,488,,33,1,0,32,15
2020-12-11,US,New Jersey,Atlantic,9368,316,0,39.47538693,-74.65848483,34001.0,0.0,0.0,3552.926005992339,3.3731853116994017,9052,9270,316,0,8954,9167,265429,98,0,0,98,103
2020-12-11,US,New Jersey,Bergen,39588,2193,0,40.96010917,-74.07164325,34003.0,0.0,0.0,4246.7190587447785,5.539557441648984,37395,39303,2187,0,37116,38879,936692,285,6,0,279,424
2020-12-11,US,New Jersey,Burlington,16422,563,0,39.87681124,-74.66927768,34005.0,0.0,0.0,3687.4451273046525,3.4283278528802827,15859,16264,562,0,15702,15997,445384,158,1,0,157,267
2020-12-11,US,New Jersey,Camden,22973,728,0,39.80343818,-74.96388753,34007.0,0.0,0.0,4535.896428423344,3.1689374483088844,22245,22740,720,0,22020,22443,507078,233,8,0,225,297
2020-12-11,US,New Jersey,Cape May,1908,123,0,39.15008829,-74.80170244,34009.0,0.0,0.0,2073.0342572170493,6.446540880503144,1785,1893,122,0,1771,1862,92560,15,1,0,14,31
2020-12-11,US,New Jersey,Cumberland,6032,190,0,39.37199394,-75.10712559,34011.0,0.0,0.0,4034.054050439051,3.1498673740053054,5842,5909,188,0,5721,5801,150972,123,2,0,121,108
2020-12-11,US,New Jersey,Essex,40145,2291,0,40.78681335,-74.24657979,34013.0,0.0,0.0,5024.562720986263,5.706812803586997,37854,39782,2288,0,37494,39350,799767,363,3,0,360,432
2020-12-11,US,New Jersey,Gloucester,11134,317,0,39.71581067,-75.13995546,34015.0,0.0,0.0,3817.772840115761,2.8471349021016708,10817,10959,316,0,10643,10761,291408,175,1,0,174,198
2020-12-11,US,New Jersey,Hudson,36348,1623,0,40.73766234,-74.07515667,34017.0,0.0,0.0,5405.783242190928,4.4651700231099385,34725,36049,1622,0,34427,35508,676061,299,1,0,298,541
2020-12-11,US,New Jersey,Hunterdon,2935,133,0,40.56335249,-74.91284156,34019.0,0.0,0.0,2359.874890448738,4.531516183986373,2802,2893,133,0,2760,2848,124714,42,0,0,42,45
2020-12-11,US,New Jersey,Mercer,15755,682,0,40.28047017,-74.70479631,34021.0,0.0,0.0,4287.891571183627,4.328784512853063,15073,15621,678,0,14943,15440,369811,134,4,0,130,181
2020-12-11,US,New Jersey,Middlesex,35674,1538,0,40.43629879,-74.41426991,34023.0,0.0,0.0,4323.796272280144,4.311263104782194,34136,35313,1534,0,33779,34867,829685,361,4,0,357,446
2020-12-11,US,New Jersey,Monmouth,24558,935,0,40.26549699,-74.22240686,34025.0,0.0,0.0,3968.6810656194702,3.8073132991285936,23623,24281,932,0,23349,23867,621354,277,3,0,274,414
2020-12-11,US,New Jersey,Morris,16164,892,0,40.86095313,-74.54553709999998,34027.0,0.0,0.0,3286.401203631225,5.518436030685474,15272,15970,890,0,15080,15763,494228,194,2,0,192,207
2020-12-11,US,New Jersey,Ocean,25418,1200,0,39.8895449,-74.28089251,34029.0,0.0,0.0,4186.196651437945,4.721063813045873,24218,25148,1191,0,23957,24790,601651,270,9,0,261,358
2020-12-11,US,New Jersey,Passaic,34480,1360,0,41.03238628,-74.29954144,34031.0,0.0,0.0,6870.9074460071815,3.94431554524362,33120,34219,1358,0,32861,33780,503310,261,2,0,259,439
2020-12-11,US,New Jersey,Salem,2064,100,0,39.58719656,-75.34696629999998,34033.0,0.0,0.0,3308.487617215677,4.844961240310077,1964,2047,99,0,1948,1986,62607,17,1,0,16,61
2020-12-11,US,New Jersey,Somerset,10411,628,0,40.56465737,-74.61683016,34035.0,0.0,0.0,3165.072628551625,6.032081452310058,9783,10336,626,0,9710,10219,331164,75,2,0,73,117
2020-12-11,US,New Jersey,Sussex,3219,202,0,41.13891592,-74.69118243,34037.0,0.0,0.0,2291.2989009737485,6.275240757999378,3017,3156,202,0,2954,3123,140799,63,0,0,63,33
2020-12-11,US,New Jersey,Unassigned,917,0,0,0.0,0.0,90034.0,0.0,0.0,0.0,0.0,917,945,0,0,945,893,,0,0,0,-28,52
2020-12-11,US,New Jersey,Union,31755,1474,0,40.65835409,-74.30680092,34039.0,0.0,0.0,5707.830269564889,4.641788694693749,30281,31557,1470,0,30087,31239,558067,198,4,0,194,318
2020-12-11,US,New Jersey,Warren,2988,174,0,40.85951833,-74.99556527,34041.0,0.0,0.0,2838.496394881586,5.823293172690763,2814,2951,174,0,2777,2903,105779,37,0,0,37,48
2020-12-11,US,New Mexico,Bernalillo,33137,412,0,35.05163625,-106.6703554,35001.0,0.0,0.0,4879.395571628621,1.2433231734918668,32725,32581,408,0,32173,31963,678701,556,4,0,552,618
2020-12-11,US,New Mexico,Catron,51,1,0,33.91514144,-108.4046587,35003.0,0.0,0.0,1445.9880918627732,1.96078431372549,50,51,1,0,50,51,3578,0,0,0,0,0
2020-12-11,US,New Mexico,Chaves,5677,60,0,33.36406072,-104.4665365,35005.0,0.0,0.0,8785.885630271609,1.0568962480183195,5617,5587,58,0,5529,5537,64689,90,2,0,88,50
2020-12-11,US,New Mexico,Cibola,1873,52,0,34.91131525,-107.998876,35006.0,0.0,0.0,7021.555763823805,2.776294714361986,1821,1854,51,0,1803,1841,26746,19,1,0,18,13
2020-12-11,US,New Mexico,Colfax,358,8,0,36.60569702,-104.64726740000002,35007.0,0.0,0.0,2998.0738631605395,2.23463687150838,350,355,7,0,348,351,12110,3,1,0,2,4
2020-12-11,US,New Mexico,Curry,3570,32,0,34.57421077,-103.34688759999999,35009.0,0.0,0.0,7292.560362789558,0.8963585434173671,3538,3517,32,0,3485,3494,49437,53,0,0,53,23
2020-12-11,US,New Mexico,De Baca,70,0,0,34.34274529,-104.4117842,35011.0,0.0,0.0,4004.5766590389007,0.0,70,69,0,0,69,69,1781,1,0,0,1,0
2020-12-11,US,New Mexico,Dona Ana,15203,226,0,32.35275771,-106.83293870000001,35013.0,0.0,0.0,6967.6207062489975,1.4865487074919423,14977,15106,223,0,14883,14998,217522,97,3,0,94,108
2020-12-11,US,New Mexico,Eddy,3538,56,0,32.47167456,-104.3053527,35015.0,0.0,0.0,6052.001368457066,1.5828151498021483,3482,3466,54,0,3412,3392,57900,72,2,0,70,74
2020-12-11,US,New Mexico,Grant,623,7,0,32.73911281,-108.3827845,35017.0,0.0,0.0,2307.5783391362324,1.1235955056179776,616,599,7,0,592,590,27346,24,0,0,24,9
2020-12-11,US,New Mexico,Guadalupe,201,2,0,34.86319296,-104.790669,35019.0,0.0,0.0,4674.418604651163,0.9950248756218906,199,199,2,0,197,186,4341,2,0,0,2,13
2020-12-11,US,New Mexico,Harding,7,0,0,35.85751555,-103.82209379999999,35021.0,0.0,0.0,1120.0,0.0,7,7,0,0,7,7,655,0,0,0,0,0
2020-12-11,US,New Mexico,Hidalgo,208,4,0,31.91383467,-108.7151824,35023.0,0.0,0.0,4954.740352548833,1.9230769230769231,204,205,4,0,201,204,4240,3,0,0,3,1
2020-12-11,US,New Mexico,Lea,5214,63,0,32.79215361,-103.4123733,35025.0,0.0,0.0,7336.4288729421705,1.2082853855005753,5151,5097,55,0,5042,5031,69611,117,8,0,109,66
2020-12-11,US,New Mexico,Lincoln,915,9,0,33.74526079,-105.4586166,35027.0,0.0,0.0,4675.045984058859,0.9836065573770492,906,907,8,0,899,897,19556,8,1,0,7,10
2020-12-11,US,New Mexico,Los Alamos,196,0,0,35.86631386,-106.31349850000001,35028.0,0.0,0.0,1011.9262739428984,0.0,196,194,0,0,194,189,19101,2,0,0,2,5
2020-12-11,US,New Mexico,Luna,2143,34,0,32.18179341,-107.75088259999998,35029.0,0.0,0.0,9038.76165169345,1.5865608959402706,2109,2118,34,0,2084,2100,23963,25,0,0,25,18
2020-12-11,US,New Mexico,McKinley,8217,305,0,35.58007720000001,-108.262245,35031.0,0.0,0.0,11513.724830804153,3.7118169648290134,7912,8128,302,0,7826,7987,72290,89,3,0,86,141
2020-12-11,US,New Mexico,Mora,62,0,0,36.01095101,-104.9497716,35033.0,0.0,0.0,1371.37801371378,0.0,62,62,0,0,62,60,4506,0,0,0,0,2
2020-12-11,US,New Mexico,Otero,1803,32,0,32.61348406,-105.7417604,35035.0,0.0,0.0,2671.5068899096163,1.7748197448696617,1771,1768,31,0,1737,1743,66781,35,1,0,34,25
2020-12-11,US,New Mexico,Quay,300,5,0,35.10403332,-103.54817270000001,35037.0,0.0,0.0,3635.0418029807342,1.6666666666666667,295,292,5,0,287,287,8253,8,0,0,8,5
2020-12-11,US,New Mexico,Rio Arriba,1693,28,0,36.51072137,-106.69316740000001,35039.0,0.0,0.0,4349.836849001824,1.6538688718251624,1665,1678,27,0,1651,1614,39006,15,1,0,14,64
2020-12-11,US,New Mexico,Roosevelt,1163,17,0,34.02097406,-103.4799493,35041.0,0.0,0.0,6286.486486486487,1.4617368873602752,1146,1135,17,0,1118,1128,18743,28,0,0,28,7
2020-12-11,US,New Mexico,San Juan,7596,260,0,36.50838318,-108.32043700000001,35045.0,0.0,0.0,6127.882024556705,3.422854133754608,7336,7390,256,0,7134,7211,125043,206,4,0,202,179
2020-12-11,US,New Mexico,San Miguel,560,2,0,35.48014807,-104.8163562,35047.0,0.0,0.0,2053.011694834476,0.35714285714285715,558,549,2,0,547,538,27591,11,0,0,11,11
2020-12-11,US,New Mexico,Sandoval,6446,98,0,35.68862401,-106.86878030000001,35043.0,0.0,0.0,4392.564123531496,1.5203226807322368,6348,6321,95,0,6226,6196,145179,125,3,0,122,125
2020-12-11,US,New Mexico,Santa Fe,6193,45,0,35.50708973,-105.9774716,35049.0,0.0,0.0,4118.836377179798,0.7266268367511707,6148,6108,44,0,6064,6037,150056,85,1,0,84,71
2020-12-11,US,New Mexico,Sierra,437,12,0,33.13028233,-107.1925893,35051.0,0.0,0.0,4049.6710221480853,2.7459954233409607,425,433,11,0,422,430,10968,4,1,0,3,3
2020-12-11,US,New Mexico,Socorro,755,33,0,34.00715494,-106.9298354,35053.0,0.0,0.0,4538.077778445633,4.370860927152318,722,744,32,0,712,729,16735,11,1,0,10,15
2020-12-11,US,New Mexico,Taos,976,33,0,36.58006022,-105.63101979999999,35055.0,0.0,0.0,2982.611618739113,3.3811475409836067,943,965,29,0,936,951,32835,11,4,0,7,14
2020-12-11,US,New Mexico,Torrance,395,2,0,34.64048375,-105.8508949,35057.0,0.0,0.0,2554.815341827825,0.5063291139240507,393,389,2,0,387,388,15591,6,0,0,6,1
2020-12-11,US,New Mexico,Unassigned,2919,0,0,0.0,0.0,90035.0,0.0,0.0,0.0,0.0,2919,2911,0,0,2911,2882,,8,0,0,8,29
2020-12-11,US,New Mexico,Union,167,7,0,36.48126404,-103.4709624,35059.0,0.0,0.0,4114.313870411432,4.1916167664670665,160,155,7,0,148,152,4118,12,0,0,12,3
2020-12-11,US,New Mexico,Valencia,3899,44,0,34.71669834,-106.8103733,35061.0,0.0,0.0,5084.23742958481,1.128494485765581,3855,3791,42,0,3749,3717,76456,108,2,0,106,74
2020-12-11,US,New York,Albany,7555,161,0,42.60060306,-73.97723916,36001.0,0.0,0.0,2472.9465215085793,2.131039046988749,7394,7392,159,0,7233,7176,307117,163,2,0,161,216
2020-12-11,US,New York,Allegany,1350,64,0,42.25748406,-78.02750466,36003.0,0.0,0.0,2928.9883057429865,4.7407407407407405,1286,1306,63,0,1243,1286,46430,44,1,0,43,20
2020-12-11,US,New York,Bronx,70085,5038,0,40.85209301,-73.86282755,36005.0,0.0,0.0,4941.8032769546335,7.188414068630947,65047,69540,5034,0,64506,69004,1432132,545,4,0,541,536
2020-12-11,US,New York,Broome,6306,170,0,42.15903158,-75.81326086,36007.0,0.0,0.0,3310.4447524253496,2.6958452267681574,6136,6238,167,0,6071,6160,191659,68,3,0,65,78
2020-12-11,US,New York,Cattaraugus,1684,28,0,42.24778241,-78.67923096,36009.0,0.0,0.0,2212.383567402814,1.66270783847981,1656,1594,28,0,1566,1514,76840,90,0,0,90,80
2020-12-11,US,New York,Cayuga,1421,12,0,42.91261714,-76.55731592,36011.0,0.0,0.0,1855.6727956539908,0.8444757213230121,1409,1324,11,0,1313,1282,77145,97,1,0,96,42
2020-12-11,US,New York,Chautauqua,2220,16,0,42.22769210000001,-79.36691763,36013.0,0.0,0.0,1749.3676272428547,0.7207207207207207,2204,2099,16,0,2083,2027,127939,121,0,0,121,72
2020-12-11,US,New York,Chemung,3651,64,0,42.13891056,-76.7638805,36015.0,0.0,0.0,4374.760352760736,1.7529443987948508,3587,3595,63,0,3532,3531,84254,56,1,0,55,64
2020-12-11,US,New York,Chenango,815,10,0,42.49430041,-75.60887553,36017.0,0.0,0.0,1726.4388755904847,1.2269938650306749,805,781,10,0,771,767,47536,34,0,0,34,14
2020-12-11,US,New York,Clinton,597,5,0,44.74530905,-73.67875352,36019.0,0.0,0.0,741.7531216996956,0.8375209380234506,592,586,5,0,581,574,80695,11,0,0,11,12
2020-12-11,US,New York,Columbia,1175,58,0,42.24819348,-73.63089095,36021.0,0.0,0.0,1976.0851650661773,4.9361702127659575,1117,1157,58,0,1099,1139,59916,18,0,0,18,18
2020-12-11,US,New York,Cortland,1375,4,0,42.59509207,-76.07048931,36023.0,0.0,0.0,2889.808957356928,0.2909090909090909,1371,1335,4,0,1331,1291,47823,40,0,0,40,44
2020-12-11,US,New York,Delaware,488,9,0,42.19837623,-74.96709306,36025.0,0.0,0.0,1105.6984252860539,1.8442622950819672,479,477,9,0,468,470,44527,11,0,0,11,7
2020-12-11,US,New York,Dutchess,8794,204,0,41.76486060000001,-73.74356679,36027.0,0.0,0.0,2988.9401736127643,2.3197634750966567,8590,8629,202,0,8427,8456,293718,165,2,0,163,173
2020-12-11,US,New York,Erie,32015,935,0,42.76249024,-78.73063652,36029.0,0.0,0.0,3484.807913773999,2.9205060128064972,31080,31282,919,0,30363,30719,919719,733,16,0,717,563
2020-12-11,US,New York,Essex,355,14,0,44.11630765,-73.77297842,36031.0,0.0,0.0,962.4508607835164,3.943661971830986,341,348,14,0,334,334,37300,7,0,0,7,14
2020-12-11,US,New York,Franklin,421,9,0,44.59040891,-74.29926032,36033.0,0.0,0.0,841.6296829395067,2.1377672209026133,412,398,9,0,389,375,50293,23,0,0,23,23
2020-12-11,US,New York,Fulton,773,28,0,43.11363907,-74.41798804,36035.0,0.0,0.0,1448.0265252983158,3.622250970245796,745,742,28,0,714,720,53591,31,0,0,31,22
2020-12-11,US,New York,Genesee,1487,18,0,43.0022601,-78.19135193,36037.0,0.0,0.0,2596.019553072625,1.21049092131809,1469,1452,18,0,1434,1393,57511,35,0,0,35,59
2020-12-11,US,New York,Greene,843,18,0,42.275797,-74.12384884,36039.0,0.0,0.0,1786.471136729677,2.1352313167259784,825,832,18,0,814,825,47491,11,0,0,11,7
2020-12-11,US,New York,Hamilton,68,1,0,43.66146647,-74.49721957,36041.0,0.0,0.0,1539.855072463768,1.4705882352941178,67,65,1,0,64,63,4434,3,0,0,3,2
2020-12-11,US,New York,Herkimer,1062,13,0,43.42034246,-74.96145307,36043.0,0.0,0.0,1731.9264828193545,1.2241054613935969,1049,1020,13,0,1007,986,61833,42,0,0,42,34
2020-12-11,US,New York,Jefferson,922,5,0,44.04200959,-75.94653457,36045.0,0.0,0.0,839.4486224666315,0.5422993492407809,917,878,4,0,874,861,111755,44,1,0,43,17
2020-12-11,US,New York,Kings,98914,7549,0,40.636182500000004,-73.94935552,36047.0,0.0,0.0,3863.974533410055,7.631882241138767,91365,98045,7542,0,90503,97093,2582830,869,7,0,862,952
2020-12-11,US,New York,Lewis,540,9,0,43.784415700000004,-75.44903992,36049.0,0.0,0.0,2053.5442652874967,1.6666666666666667,531,521,9,0,512,510,26447,19,0,0,19,11
2020-12-11,US,New York,Livingston,1049,16,0,42.72596275,-77.77966158,36051.0,0.0,0.0,1667.3554375814606,1.5252621544327931,1033,1017,16,0,1001,971,63227,32,0,0,32,46
2020-12-11,US,New York,Madison,1463,18,0,42.91653905,-75.67266639,36053.0,0.0,0.0,2062.2771035085493,1.2303485987696514,1445,1381,18,0,1363,1325,70795,82,0,0,82,56
2020-12-11,US,New York,Monroe,21833,353,0,43.14638895,-77.69322942,36055.0,0.0,0.0,2943.3651940628497,1.6168185773828607,21480,21267,344,0,20923,20648,742474,566,9,0,557,619
2020-12-11,US,New York,Montgomery,717,20,0,42.90123494,-74.44011632,36057.0,0.0,0.0,1456.6953129761691,2.7894002789400285,697,683,20,0,663,671,49455,34,0,0,34,12
2020-12-11,US,New York,Nassau,68737,2293,0,40.74066522,-73.58941873,36059.0,0.0,0.0,5065.648481418267,3.3359035163012636,66444,67978,2292,0,65686,67203,1358343,759,1,0,758,775
2020-12-11,US,New York,New York,50979,3240,0,40.76727260000001,-73.97152637,36061.0,0.0,0.0,3130.030834294219,6.355558171011594,47739,50419,3236,0,47183,49907,,560,4,0,556,512
2020-12-11,US,New York,Niagara,5537,128,0,43.19898042,-78.74777412,36063.0,0.0,0.0,2645.7251255489027,2.3117211486364457,5409,5378,127,0,5251,5266,210433,159,1,0,158,112
2020-12-11,US,New York,Oneida,7331,185,0,43.24375382,-75.43710392,36065.0,0.0,0.0,3205.915922876097,2.5235302141590505,7146,7066,182,0,6884,6799,229577,265,3,0,262,267
2020-12-11,US,New York,Onondaga,14397,262,0,43.00491923,-76.19971155,36067.0,0.0,0.0,3126.194281346628,1.8198235743557685,14135,13945,259,0,13686,13598,461809,452,3,0,449,347
2020-12-11,US,New York,Ontario,1920,37,0,42.85145728,-77.30874425,36069.0,0.0,0.0,1749.0002459531595,1.9270833333333333,1883,1851,37,0,1814,1764,109864,69,0,0,69,87
2020-12-11,US,New York,Orange,19146,517,0,41.40337468,-74.30240757,36071.0,0.0,0.0,4973.762144749831,2.700302935338974,18629,18923,517,0,18406,18720,381951,223,0,0,223,203
2020-12-11,US,New York,Orleans,816,59,0,43.2516977,-78.2320066,36073.0,0.0,0.0,2022.2045995241876,7.230392156862745,757,788,59,0,729,756,40612,28,0,0,28,32
2020-12-11,US,New York,Oswego,2272,18,0,43.42778894,-76.14635194,36075.0,0.0,0.0,1939.8244595471467,0.7922535211267606,2254,2204,18,0,2186,2159,117898,68,0,0,68,45
2020-12-11,US,New York,Otsego,840,8,0,42.63492579,-75.03151402,36077.0,0.0,0.0,1411.9308153900458,0.9523809523809524,832,821,8,0,813,804,59749,19,0,0,19,17
2020-12-11,US,New York,Out of NY,0,136,0,0.0,0.0,80036.0,0.0,0.0,0.0,0.0,-136,0,135,0,-135,0,,0,1,0,-1,0
2020-12-11,US,New York,Putnam,3608,66,0,41.42630093,-73.74965532,36079.0,0.0,0.0,3669.650122050448,1.8292682926829267,3542,3560,66,0,3494,3489,98892,48,0,0,48,71
2020-12-11,US,New York,Queens,100265,7400,0,40.71088124,-73.81684712,36081.0,0.0,0.0,4448.59436574975,7.380441829152745,92865,99316,7389,0,91927,98294,2278906,949,11,0,938,1022
2020-12-11,US,New York,Rensselaer,2411,64,0,42.71348136,-73.51089874,36083.0,0.0,0.0,1519.0846428166387,2.6545002073828288,2347,2351,63,0,2288,2269,159442,60,1,0,59,82
2020-12-11,US,New York,Richmond,27448,1178,0,40.58582155,-74.14808598,36085.0,0.0,0.0,5764.6547360771865,4.291751675896241,26270,27024,1174,0,25850,26676,476179,424,4,0,420,348
2020-12-11,US,New York,Rockland,23680,692,0,41.15027894,-74.02560498,36087.0,0.0,0.0,7268.508144842214,2.9222972972972974,22988,23505,692,0,22813,23308,325695,175,0,0,175,197
2020-12-11,US,New York,Saratoga,3183,24,0,43.10904162,-73.86653895,36091.0,0.0,0.0,1384.737865598204,0.7540056550424128,3159,3065,23,0,3042,2965,230163,118,1,0,117,100
2020-12-11,US,New York,Schenectady,3490,62,0,42.81668777,-74.05278291,36093.0,0.0,0.0,2247.27783179544,1.7765042979942691,3428,3371,62,0,3309,3272,155350,119,0,0,119,99
2020-12-11,US,New York,Schoharie,293,2,0,42.58831742,-74.44339029999998,36095.0,0.0,0.0,945.1917803800122,0.6825938566552902,291,279,2,0,277,275,31097,14,0,0,14,4
2020-12-11,US,New York,Schuyler,372,5,0,42.39184015,-76.8773299,36097.0,0.0,0.0,2089.0660976020667,1.3440860215053765,367,370,4,0,366,364,17912,2,1,0,1,6
2020-12-11,US,New York,Seneca,459,7,0,42.78081007,-76.82497064,36099.0,0.0,0.0,1349.3650047036688,1.5250544662309369,452,444,5,0,439,408,34300,15,2,0,13,36
2020-12-11,US,New York,St. Lawrence,1270,23,0,44.4976179,-75.06550039,36089.0,0.0,0.0,1178.763690365695,1.811023622047244,1247,1206,22,0,1184,1182,108047,64,1,0,63,24
2020-12-11,US,New York,Steuben,2295,98,0,42.2689144,-77.3829924,36101.0,0.0,0.0,2406.190041833108,4.270152505446623,2197,2238,98,0,2140,2195,95796,57,0,0,57,43
2020-12-11,US,New York,Suffolk,72118,2101,0,40.88320119,-72.8012172,36103.0,0.0,0.0,4884.0546633789345,2.91328101167531,70017,71043,2097,0,68946,69996,1481093,1075,4,0,1071,1047
2020-12-11,US,New York,Sullivan,2407,48,0,41.71579493,-74.76394559,36105.0,0.0,0.0,3190.9534415102344,1.994183631076028,2359,2376,48,0,2328,2347,75498,31,0,0,31,29
2020-12-11,US,New York,Tioga,1329,52,0,42.16852837,-76.30835812,36107.0,0.0,0.0,2757.0898076883173,3.9127163280662147,1277,1312,52,0,1260,1295,48560,17,0,0,17,17
2020-12-11,US,New York,Tompkins,1477,5,0,42.44945765,-76.47229843,36109.0,0.0,0.0,1445.4883538853005,0.33852403520649965,1472,1451,5,0,1446,1424,102793,26,0,0,26,27
2020-12-11,US,New York,Ulster,4176,111,0,41.89027881,-74.26252104,36111.0,0.0,0.0,2351.7088746599993,2.6580459770114944,4065,4103,108,0,3995,4029,178599,73,3,0,70,74
2020-12-11,US,New York,Unassigned,0,45,0,0.0,0.0,90036.0,0.0,0.0,0.0,0.0,-45,0,46,0,-46,0,,0,0,0,1,0
2020-12-11,US,New York,Warren,724,35,0,43.56173026,-73.8433699,36113.0,0.0,0.0,1132.240710621794,4.834254143646409,689,710,35,0,675,686,64265,14,0,0,14,24
2020-12-11,US,New York,Washington,538,14,0,43.31153794,-73.43043448,36115.0,0.0,0.0,879.0275145415332,2.6022304832713754,524,518,14,0,504,506,61197,20,0,0,20,12
2020-12-11,US,New York,Wayne,1579,23,0,43.15494365,-77.02976528,36117.0,0.0,0.0,1756.0443960052496,1.4566181127295756,1556,1532,22,0,1510,1487,90064,47,1,0,46,45
2020-12-11,US,New York,Westchester,57606,1553,0,41.16278376,-73.75741653,36119.0,0.0,0.0,5954.071602656729,2.6958997326667355,56053,56995,1550,0,55445,56372,967612,611,3,0,608,623
2020-12-11,US,New York,Wyoming,804,10,0,42.70145109,-78.22199579,36121.0,0.0,0.0,2017.1103138563433,1.243781094527363,794,771,10,0,761,740,40085,33,0,0,33,31
2020-12-11,US,New York,Yates,352,7,0,42.63505484,-77.10369919,36123.0,0.0,0.0,1412.9169509894434,1.9886363636363635,345,345,7,0,338,338,24841,7,0,0,7,7
2020-12-11,US,North Carolina,Alamance,8320,112,0,36.0434701,-79.39976137,37001.0,0.0,0.0,4908.293954893251,1.3461538461538465,8208,8187,112,0,8075,8094,166436,133,0,0,133,93
2020-12-11,US,North Carolina,Alexander,1974,19,0,35.922379600000006,-81.17751948,37003.0,0.0,0.0,5264.421153692296,0.9625126646403244,1955,1940,19,0,1921,1923,37353,34,0,0,34,17
2020-12-11,US,North Carolina,Alleghany,458,1,0,36.49360862,-81.12857041,37005.0,0.0,0.0,4112.418065906438,0.2183406113537118,457,455,1,0,454,445,11161,3,0,0,3,10
2020-12-11,US,North Carolina,Anson,1073,18,0,34.97403241,-80.09953279,37007.0,0.0,0.0,4389.266137609425,1.6775396085740912,1055,1051,18,0,1033,1047,24877,22,0,0,22,4
2020-12-11,US,North Carolina,Ashe,956,3,0,36.43296207,-81.49862729,37009.0,0.0,0.0,3514.318273719811,0.3138075313807531,953,941,3,0,938,935,27109,15,0,0,15,6
2020-12-11,US,North Carolina,Avery,1137,11,0,36.07569796,-81.92308483,37011.0,0.0,0.0,6476.049438970213,0.9674582233948988,1126,1114,11,0,1103,1105,17505,23,0,0,23,9
2020-12-11,US,North Carolina,Beaufort,1967,56,0,35.48531943,-76.84325809,37013.0,0.0,0.0,4185.640720091927,2.846975088967972,1911,1941,56,0,1885,1904,47079,26,0,0,26,37
2020-12-11,US,North Carolina,Bertie,1015,26,0,36.0688473,-76.96545943,37015.0,0.0,0.0,5357.048609278514,2.5615763546798034,989,1001,26,0,975,995,19026,14,0,0,14,6
2020-12-11,US,North Carolina,Bladen,1522,21,0,34.61296243,-78.56180059,37017.0,0.0,0.0,4651.304932461341,1.3797634691195797,1501,1474,21,0,1453,1463,33190,48,0,0,48,11
2020-12-11,US,North Carolina,Brunswick,3525,66,0,34.070565,-78.22814204,37019.0,0.0,0.0,2468.14171684638,1.8723404255319152,3459,3482,66,0,3416,3425,136744,43,0,0,43,57
2020-12-11,US,North Carolina,Buncombe,6622,133,0,35.61113393,-82.53305,37021.0,0.0,0.0,2535.309409589151,2.0084566596194504,6489,6496,133,0,6363,6438,259103,126,0,0,126,58
2020-12-11,US,North Carolina,Burke,4899,70,0,35.74989637,-81.70755735,37023.0,0.0,0.0,5414.157042603746,1.4288630332720964,4829,4813,69,0,4744,4750,90382,86,1,0,85,63
2020-12-11,US,North Carolina,Cabarrus,8399,111,0,35.3877799,-80.55267168,37025.0,0.0,0.0,3880.288099495041,1.3215859030837005,8288,8241,111,0,8130,8112,211342,158,0,0,158,129
2020-12-11,US,North Carolina,Caldwell,4252,25,0,35.95204977,-81.54799522,37027.0,0.0,0.0,5174.134196500279,0.5879586077140171,4227,4161,25,0,4136,4115,82029,91,0,0,91,46
2020-12-11,US,North Carolina,Camden,222,4,0,36.33804939,-76.15568396,37029.0,0.0,0.0,2042.8821201803626,1.8018018018018016,218,219,4,0,215,214,10710,3,0,0,3,5
2020-12-11,US,North Carolina,Carteret,2109,16,0,34.8932941,-76.54120135,37031.0,0.0,0.0,3035.7117153426507,0.7586533902323376,2093,2065,16,0,2049,2024,69524,44,0,0,44,41
2020-12-11,US,North Carolina,Caswell,937,8,0,36.39312665,-79.33353281,37033.0,0.0,0.0,4145.2840205273405,0.8537886872998933,929,924,8,0,916,908,22698,13,0,0,13,16
2020-12-11,US,North Carolina,Catawba,8431,105,0,35.66211129,-81.2132617,37035.0,0.0,0.0,5284.203796905064,1.2454038666824814,8326,8197,105,0,8092,8119,158652,234,0,0,234,78
2020-12-11,US,North Carolina,Chatham,2531,65,0,35.70394416,-79.25541492,37037.0,0.0,0.0,3398.6840338391303,2.568154879494271,2466,2509,65,0,2444,2497,73139,22,0,0,22,12
2020-12-11,US,North Carolina,Cherokee,1036,15,0,35.1349263,-84.05970864,37039.0,0.0,0.0,3620.85838109884,1.447876447876448,1021,1030,15,0,1015,1026,28383,6,0,0,6,4
2020-12-11,US,North Carolina,Chowan,699,19,0,36.12908077,-76.60118385,37041.0,0.0,0.0,5013.268306677186,2.718168812589413,680,691,19,0,672,689,14029,8,0,0,8,2
2020-12-11,US,North Carolina,Clay,304,5,0,35.05704275,-83.74353633,37043.0,0.0,0.0,2706.793696019945,1.6447368421052633,299,304,5,0,299,303,11139,0,0,0,0,1
2020-12-11,US,North Carolina,Cleveland,5093,116,0,35.33553364,-81.55204486,37045.0,0.0,0.0,5199.750885683074,2.2776359709405067,4977,4972,116,0,4856,4891,97645,121,0,0,121,81
2020-12-11,US,North Carolina,Columbus,2982,74,0,34.26744084,-78.65801424,37047.0,0.0,0.0,5372.198602003315,2.481556002682763,2908,2946,74,0,2872,2932,55655,36,0,0,36,14
2020-12-11,US,North Carolina,Craven,3828,76,0,35.11833364,-77.08398081,37049.0,0.0,0.0,3747.833834284651,1.9853709508881925,3752,3762,75,0,3687,3659,102912,66,1,0,65,103
2020-12-11,US,North Carolina,Cumberland,10882,125,0,35.04762133,-78.82623165,37051.0,0.0,0.0,3243.430131531493,1.1486859033265944,10757,10726,124,0,10602,10545,332330,156,1,0,155,181
2020-12-11,US,North Carolina,Currituck,456,6,0,36.36123664,-75.95876401,37053.0,0.0,0.0,1642.4737960595035,1.3157894736842106,450,445,6,0,439,431,27072,11,0,0,11,14
2020-12-11,US,North Carolina,Dare,764,4,0,35.66520691,-75.71767334,37055.0,0.0,0.0,2064.3627225809937,0.5235602094240838,760,752,4,0,748,744,36501,12,0,0,12,8
2020-12-11,US,North Carolina,Davidson,6395,58,0,35.79115496,-80.21256572,37057.0,0.0,0.0,3815.4275725050566,0.9069585613760752,6337,6260,58,0,6202,6164,166614,135,0,0,135,96
2020-12-11,US,North Carolina,Davie,1545,13,0,35.93099927,-80.54496571,37059.0,0.0,0.0,3605.937543761378,0.8414239482200647,1532,1488,13,0,1475,1470,42733,57,0,0,57,18
2020-12-11,US,North Carolina,Duplin,3688,63,0,34.93449805,-77.93140529,37061.0,0.0,0.0,6278.408607276008,1.70824295010846,3625,3645,63,0,3582,3587,58856,43,0,0,43,58
2020-12-11,US,North Carolina,Durham,12416,127,0,36.03638492,-78.87608331,37063.0,0.0,0.0,3862.0415069924848,1.0228737113402062,12289,12268,127,0,12141,12118,316739,148,0,0,148,150
2020-12-11,US,North Carolina,Edgecombe,2820,76,0,35.91230639,-77.59436892,37065.0,0.0,0.0,5478.70686975443,2.695035460992908,2744,2788,75,0,2713,2754,52005,32,1,0,31,34
2020-12-11,US,North Carolina,Forsyth,16015,178,0,36.12859861,-80.25459052,37067.0,0.0,0.0,4189.173282412798,1.11145800811739,15837,15686,178,0,15508,15480,379099,329,0,0,329,206
2020-12-11,US,North Carolina,Franklin,2367,36,0,36.081519,-78.28708884,37069.0,0.0,0.0,3396.713783454115,1.520912547528517,2331,2321,35,0,2286,2306,67560,46,1,0,45,15
2020-12-11,US,North Carolina,Gaston,12030,193,0,35.29373559,-81.17477045,37071.0,0.0,0.0,5357.8825007014675,1.604322527015794,11837,11771,193,0,11578,11645,222846,259,0,0,259,126
2020-12-11,US,North Carolina,Gates,278,10,0,36.44667547,-76.69749701,37073.0,0.0,0.0,2404.428299602145,3.5971223021582728,268,264,10,0,254,262,11573,14,0,0,14,2
2020-12-11,US,North Carolina,Graham,304,11,0,35.3506925,-83.83369267,37075.0,0.0,0.0,3601.469020258264,3.6184210526315783,293,298,11,0,287,296,8484,6,0,0,6,2
2020-12-11,US,North Carolina,Granville,2923,60,0,36.30337451,-78.65184241,37077.0,0.0,0.0,4835.961153483448,2.0526855969893947,2863,2847,59,0,2788,2794,60115,76,1,0,75,53
2020-12-11,US,North Carolina,Greene,1322,28,0,35.48544173,-77.67578087,37079.0,0.0,0.0,6274.621481797903,2.118003025718608,1294,1301,28,0,1273,1295,21012,21,0,0,21,6
2020-12-11,US,North Carolina,Guilford,19595,276,0,36.07959451,-79.78824948,37081.0,0.0,0.0,3647.793824719737,1.4085225822914007,19319,19321,272,0,19049,19009,533670,274,4,0,270,312
2020-12-11,US,North Carolina,Halifax,2263,40,0,36.25669272,-77.6556109,37083.0,0.0,0.0,4525.094981003799,1.7675651789659743,2223,2232,38,0,2194,2184,50574,31,2,0,29,48
2020-12-11,US,North Carolina,Harnett,4710,83,0,35.36731853,-78.87243571,37085.0,0.0,0.0,3463.846561157852,1.7622080679405516,4627,4652,83,0,4569,4590,134214,58,0,0,58,62
2020-12-11,US,North Carolina,Haywood,1522,45,0,35.55269063,-82.98196486,37087.0,0.0,0.0,2442.351204326267,2.9566360052562417,1477,1507,44,0,1463,1481,61971,15,1,0,14,26
2020-12-11,US,North Carolina,Henderson,3650,85,0,35.33788927,-82.4766782,37089.0,0.0,0.0,3108.578825894036,2.3287671232876708,3565,3559,84,0,3475,3508,116748,91,1,0,90,51
2020-12-11,US,North Carolina,Hertford,1116,42,0,36.3607755,-76.98104134,37091.0,0.0,0.0,4713.434979093635,3.7634408602150535,1074,1105,42,0,1063,1078,23659,11,0,0,11,27
2020-12-11,US,North Carolina,Hoke,2260,34,0,35.01888303,-79.23651674,37093.0,0.0,0.0,4091.6826592316334,1.5044247787610618,2226,2210,34,0,2176,2181,54764,50,0,0,50,29
2020-12-11,US,North Carolina,Hyde,197,5,0,35.42017674,-76.15180542,37095.0,0.0,0.0,3990.277496455337,2.538071065989848,192,196,5,0,191,192,5230,1,0,0,1,4
2020-12-11,US,North Carolina,Iredell,6982,61,0,35.80950511,-80.8743128,37097.0,0.0,0.0,3840.357303939364,0.8736751647092523,6921,6806,58,0,6748,6652,178435,176,3,0,173,154
2020-12-11,US,North Carolina,Jackson,1680,10,0,35.28814273,-83.14093385,37099.0,0.0,0.0,3823.569575310665,0.5952380952380952,1670,1669,10,0,1659,1613,43327,11,0,0,11,56
2020-12-11,US,North Carolina,Johnston,8940,83,0,35.51745004,-78.36622717,37101.0,0.0,0.0,4270.585031933849,0.9284116331096196,8857,8759,83,0,8676,8629,202675,181,0,0,181,130
2020-12-11,US,North Carolina,Jones,317,15,0,35.02254606,-77.35870791,37103.0,0.0,0.0,3365.5377428601764,4.731861198738169,302,315,15,0,300,312,9637,2,0,0,2,3
2020-12-11,US,North Carolina,Lee,2800,35,0,35.47623147,-79.17569362,37105.0,0.0,0.0,4532.284433221645,1.25,2765,2773,35,0,2738,2735,61452,27,0,0,27,38
2020-12-11,US,North Carolina,Lenoir,2601,58,0,35.24032589999999,-77.64245615,37107.0,0.0,0.0,4648.876655525568,2.2299115724721257,2543,2548,58,0,2490,2503,55976,53,0,0,53,45
2020-12-11,US,North Carolina,Lincoln,4138,20,0,35.48508185,-81.21740317,37109.0,0.0,0.0,4805.425555387814,0.4833252779120348,4118,4045,20,0,4025,4002,83770,93,0,0,93,43
2020-12-11,US,North Carolina,Macon,1032,9,0,35.14867843,-83.41696617,37113.0,0.0,0.0,2878.0188521389928,0.8720930232558141,1023,1024,9,0,1015,1017,35285,8,0,0,8,7
2020-12-11,US,North Carolina,Madison,638,17,0,35.85402722,-82.71346418,37115.0,0.0,0.0,2932.659158814067,2.664576802507837,621,617,17,0,600,611,21763,21,0,0,21,6
2020-12-11,US,North Carolina,Martin,966,21,0,35.84326734,-77.10860251,37117.0,0.0,0.0,4304.812834224599,2.1739130434782608,945,953,21,0,932,946,22671,13,0,0,13,7
2020-12-11,US,North Carolina,McDowell,2324,36,0,35.67736232,-82.0482425,37111.0,0.0,0.0,5079.115307282105,1.5490533562822721,2288,2264,36,0,2228,2235,45507,60,0,0,60,29
2020-12-11,US,North Carolina,Mecklenburg,49955,481,0,35.24469268,-80.8317671,37119.0,0.0,0.0,4499.007525514339,0.9628665799219296,49474,49234,479,0,48755,48637,1093901,721,2,0,719,597
2020-12-11,US,North Carolina,Mitchell,661,6,0,36.01059309,-82.1582442,37121.0,0.0,0.0,4417.268110130981,0.907715582450832,655,642,6,0,636,631,15000,19,0,0,19,11
2020-12-11,US,North Carolina,Montgomery,1570,43,0,35.33155144,-79.90416657,37123.0,0.0,0.0,5777.7941338829005,2.738853503184713,1527,1544,43,0,1501,1529,27271,26,0,0,26,15
2020-12-11,US,North Carolina,Moore,3635,69,0,35.30885257,-79.48474178,37125.0,0.0,0.0,3603.2910388580485,1.8982118294360384,3566,3567,69,0,3498,3492,98682,68,0,0,68,75
2020-12-11,US,North Carolina,Nash,4976,113,0,35.96575634,-77.98422508,37127.0,0.0,0.0,5276.888163057541,2.2709003215434085,4863,4909,113,0,4796,4847,94016,67,0,0,67,62
2020-12-11,US,North Carolina,New Hanover,7987,66,0,34.25758282,-77.87075626,37129.0,0.0,0.0,3406.362353021457,0.8263428070614749,7921,7799,62,0,7737,7719,232274,188,4,0,184,80
2020-12-11,US,North Carolina,Northampton,906,27,0,36.41736238,-77.39769443,37131.0,0.0,0.0,4650.2078735307705,2.9801324503311264,879,901,27,0,874,890,19676,5,0,0,5,11
2020-12-11,US,North Carolina,Onslow,6708,47,0,34.72607366,-77.42908179,37133.0,0.0,0.0,3388.9399711020624,0.7006559332140727,6661,6486,47,0,6439,6308,197683,222,0,0,222,178
2020-12-11,US,North Carolina,Orange,4316,62,0,36.06092947,-79.12167935,37135.0,0.0,0.0,2906.867103100838,1.4365152919369786,4254,4253,62,0,4191,4215,146027,63,0,0,63,38
2020-12-11,US,North Carolina,Pamlico,458,4,0,35.15253315,-76.66559823,37137.0,0.0,0.0,3598.931321703599,0.8733624454148472,454,451,4,0,447,441,12670,7,0,0,7,10
2020-12-11,US,North Carolina,Pasquotank,1266,35,0,36.26723798,-76.25134778,37139.0,0.0,0.0,3178.987545198875,2.764612954186414,1231,1245,35,0,1210,1215,39639,21,0,0,21,30
2020-12-11,US,North Carolina,Pender,2162,18,0,34.52265624,-77.90352133,37141.0,0.0,0.0,3428.4808119251506,0.8325624421831638,2144,2107,18,0,2089,2065,62162,55,0,0,55,42
2020-12-11,US,North Carolina,Perquimans,397,4,0,36.17847453,-76.40603143,37143.0,0.0,0.0,2948.822699249796,1.0075566750629723,393,389,4,0,385,381,13422,8,0,0,8,8
2020-12-11,US,North Carolina,Person,1208,14,0,36.38989032,-78.97217358,37145.0,0.0,0.0,3059.0022790579887,1.1589403973509933,1194,1183,14,0,1169,1152,39507,25,0,0,25,31
2020-12-11,US,North Carolina,Pitt,9208,59,0,35.59535426,-77.37353178,37147.0,0.0,0.0,5094.554669086322,0.6407471763683753,9149,9038,58,0,8980,8884,179914,170,1,0,169,154
2020-12-11,US,North Carolina,Polk,546,13,0,35.27820615,-82.16812354,37149.0,0.0,0.0,2634.626519976838,2.380952380952381,533,536,13,0,523,534,20611,10,0,0,10,2
2020-12-11,US,North Carolina,Randolph,6377,101,0,35.71015088,-79.80570339,37151.0,0.0,0.0,4438.736801074709,1.5838168417751293,6276,6255,100,0,6155,6156,143351,122,1,0,121,99
2020-12-11,US,North Carolina,Richmond,2204,40,0,35.00417719,-79.74491009,37153.0,0.0,0.0,4916.460327020454,1.8148820326678765,2164,2152,40,0,2112,2126,44887,52,0,0,52,26
2020-12-11,US,North Carolina,Robeson,8144,114,0,34.64244496,-79.10250529999998,37155.0,0.0,0.0,6234.641148325359,1.399803536345776,8030,8018,114,0,7904,7937,131831,126,0,0,126,81
2020-12-11,US,North Carolina,Rockingham,3566,23,0,36.39593137,-79.77504841,37157.0,0.0,0.0,3918.250741676739,0.6449803701626472,3543,3502,23,0,3479,3450,90690,64,0,0,64,52
2020-12-11,US,North Carolina,Rowan,6798,148,0,35.64003916,-80.52446628,37159.0,0.0,0.0,4784.358988795676,2.1771109149749925,6650,6685,145,0,6540,6564,141262,113,3,0,110,121
2020-12-11,US,North Carolina,Rutherford,3099,80,0,35.40114178,-81.92112099,37161.0,0.0,0.0,4623.371973324979,2.5814778960955147,3019,3017,80,0,2937,2941,66826,82,0,0,82,76
2020-12-11,US,North Carolina,Sampson,4129,53,0,34.98820368,-78.36914061,37163.0,0.0,0.0,6499.189372117549,1.2836037781545169,4076,4061,52,0,4009,4022,63626,68,1,0,67,39
2020-12-11,US,North Carolina,Scotland,2186,45,0,34.8386299,-79.4757978,37165.0,0.0,0.0,6277.460299227522,2.058554437328454,2141,2154,45,0,2109,2132,34810,32,0,0,32,22
2020-12-11,US,North Carolina,Stanly,3436,78,0,35.31647813,-80.25093221,37167.0,0.0,0.0,5470.814890297105,2.270081490104773,3358,3371,78,0,3293,3348,62075,65,0,0,65,23
2020-12-11,US,North Carolina,Stokes,1432,22,0,36.4017975,-80.23893369,37169.0,0.0,0.0,3140.9708056414643,1.5363128491620113,1410,1395,22,0,1373,1376,45467,37,0,0,37,19
2020-12-11,US,North Carolina,Surry,3322,50,0,36.41689489,-80.69102283,37171.0,0.0,0.0,4627.83667442152,1.5051173991571345,3272,3250,49,0,3201,3187,71948,72,1,0,71,63
2020-12-11,US,North Carolina,Swain,471,5,0,35.48665845,-83.48748932,37173.0,0.0,0.0,3300.399411393736,1.0615711252653928,466,461,5,0,456,459,14245,10,0,0,10,2
2020-12-11,US,North Carolina,Transylvania,656,9,0,35.20383864,-82.79638423,37175.0,0.0,0.0,1907.8086374872767,1.3719512195121952,647,628,9,0,619,622,34215,28,0,0,28,6
2020-12-11,US,North Carolina,Tyrrell,157,3,0,35.87147226,-76.17055253,37177.0,0.0,0.0,3909.3625498007973,1.9108280254777068,154,155,3,0,152,153,4131,2,0,0,2,2
2020-12-11,US,North Carolina,Unassigned,22,0,0,0.0,0.0,90037.0,0.0,0.0,0.0,0.0,22,62,0,0,62,125,,0,0,0,-40,0
2020-12-11,US,North Carolina,Union,9348,81,0,34.98960527,-80.52955873,37179.0,0.0,0.0,3897.289657673885,0.8664955070603337,9267,9186,81,0,9105,9040,235908,162,0,0,162,146
2020-12-11,US,North Carolina,Vance,2096,61,0,36.36880673,-78.40670845,37181.0,0.0,0.0,4706.410688222746,2.9103053435114505,2035,2072,60,0,2012,2033,44582,24,1,0,23,39
2020-12-11,US,North Carolina,Wake,33744,322,0,35.78879266,-78.65249174,37183.0,0.0,0.0,3035.184720457005,0.9542437174016122,33422,33082,319,0,32763,32821,1092305,662,3,0,659,261
2020-12-11,US,North Carolina,Warren,901,8,0,36.39728256,-78.10652228,37185.0,0.0,0.0,4566.418326491308,0.8879023307436182,893,891,8,0,883,881,19807,10,0,0,10,10
2020-12-11,US,North Carolina,Washington,360,8,0,35.83810081,-76.57299037,37187.0,0.0,0.0,3108.8082901554412,2.2222222222222223,352,353,8,0,345,345,11859,7,0,0,7,8
2020-12-11,US,North Carolina,Watauga,2241,8,0,36.23103603,-81.70033724,37189.0,0.0,0.0,3989.177065347028,0.35698348951361003,2233,2213,8,0,2205,2202,55945,28,0,0,28,11
2020-12-11,US,North Carolina,Wayne,6438,124,0,35.36438125,-78.00027268,37191.0,0.0,0.0,5228.577693675841,1.926063995029512,6314,6369,121,0,6248,6305,123248,69,3,0,66,64
2020-12-11,US,North Carolina,Wilkes,3105,58,0,36.2084135,-81.16232895,37193.0,0.0,0.0,4538.677425013156,1.8679549114331724,3047,3056,58,0,2998,3036,68557,49,0,0,49,20
2020-12-11,US,North Carolina,Wilson,4576,89,0,35.70625477,-77.917978,37195.0,0.0,0.0,5594.063642253762,1.94493006993007,4487,4534,89,0,4445,4465,81455,42,0,0,42,69
2020-12-11,US,North Carolina,Yadkin,1866,20,0,36.16222629,-80.66239436,37197.0,0.0,0.0,4953.938460721586,1.0718113612004287,1846,1829,19,0,1810,1782,37543,37,1,0,36,47
2020-12-11,US,North Carolina,Yancey,763,3,0,35.90079156,-82.31237181,37199.0,0.0,0.0,4222.701865072777,0.3931847968545216,760,717,3,0,714,697,17903,46,0,0,46,20
2020-12-11,US,North Dakota,Adams,188,0,0,46.09686891,-102.5285397,38001.0,0.0,0.0,8483.75451263538,0.0,188,188,0,0,188,187,2294,0,0,0,0,1
2020-12-11,US,North Dakota,Barnes,1170,21,0,46.93579637,-98.06605978,38003.0,0.0,0.0,11233.797407585214,1.794871794871795,1149,1166,19,0,1147,1153,10542,4,2,0,2,13
2020-12-11,US,North Dakota,Benson,885,15,0,48.0683985,-99.35916363,38005.0,0.0,0.0,12953.747072599532,1.6949152542372878,870,861,15,0,846,857,6962,24,0,0,24,4
2020-12-11,US,North Dakota,Billings,45,0,0,47.02366884,-103.3762965,38007.0,0.0,0.0,4849.137931034483,0.0,45,41,0,0,41,41,919,4,0,0,4,0
2020-12-11,US,North Dakota,Bottineau,582,19,0,48.79106111,-100.8378166,38009.0,0.0,0.0,9264.565425023879,3.2646048109965635,563,581,19,0,562,578,6411,1,0,0,1,3
2020-12-11,US,North Dakota,Bowman,277,3,0,46.11285362,-103.5203343,38011.0,0.0,0.0,9160.05291005291,1.083032490974729,274,275,3,0,272,274,3076,2,0,0,2,1
2020-12-11,US,North Dakota,Burke,192,1,0,48.79094471,-102.51821170000001,38013.0,0.0,0.0,9078.014184397165,0.5208333333333334,191,191,1,0,190,190,2100,1,0,0,1,1
2020-12-11,US,North Dakota,Burleigh,13022,144,0,46.97847375,-100.46452140000001,38015.0,0.0,0.0,13617.635371133374,1.1058209184457073,12878,12952,143,0,12809,12872,95273,70,1,0,69,80
2020-12-11,US,North Dakota,Cass,18590,146,0,46.93201724,-97.24447190000001,38017.0,0.0,0.0,10218.608971927684,0.78536847767617,18444,18497,141,0,18356,18364,181516,93,5,0,88,133
2020-12-11,US,North Dakota,Cavalier,399,4,0,48.77286211,-98.46685243,38019.0,0.0,0.0,10606.060606060606,1.0025062656641603,395,398,4,0,394,395,3829,1,0,0,1,3
2020-12-11,US,North Dakota,Dickey,601,32,0,46.11017712,-98.50490079999999,38021.0,0.0,0.0,12335.796387520524,5.324459234608986,569,597,32,0,565,590,4903,4,0,0,4,7
2020-12-11,US,North Dakota,Divide,130,2,0,48.814938700000006,-103.48736109999999,38023.0,0.0,0.0,5742.049469964664,1.5384615384615383,128,130,2,0,128,129,2283,0,0,0,0,1
2020-12-11,US,North Dakota,Dunn,338,6,0,47.35423935,-102.61604679999999,38025.0,0.0,0.0,7640.144665461121,1.7751479289940828,332,334,6,0,328,332,4332,4,0,0,4,2
2020-12-11,US,North Dakota,Eddy,385,5,0,47.71701474,-98.90432337,38027.0,0.0,0.0,16834.28071709663,1.2987012987012987,380,385,5,0,380,384,2313,0,0,0,0,1
2020-12-11,US,North Dakota,Emmons,356,10,0,46.28398398,-100.2389766,38029.0,0.0,0.0,10984.264116013575,2.808988764044944,346,355,10,0,345,354,3295,1,0,0,1,1
2020-12-11,US,North Dakota,Foster,519,19,0,47.457108399999996,-98.88279923,38031.0,0.0,0.0,16168.22429906542,3.6608863198458574,500,517,19,0,498,519,3216,2,0,0,2,0
2020-12-11,US,North Dakota,Golden Valley,185,0,0,46.94022281,-103.8465421,38033.0,0.0,0.0,10505.394662123794,0.0,185,183,0,0,183,181,1769,2,0,0,2,2
2020-12-11,US,North Dakota,Grand Forks,8896,54,0,47.92093639,-97.45450447,38035.0,0.0,0.0,12809.030827489883,0.6070143884892086,8842,8855,53,0,8802,8820,70770,41,1,0,40,35
2020-12-11,US,North Dakota,Grant,164,7,0,46.35821257,-101.63900129999999,38037.0,0.0,0.0,7211.961301671065,4.2682926829268295,157,164,7,0,157,162,2374,0,0,0,0,2
2020-12-11,US,North Dakota,Griggs,282,2,0,47.45785838,-98.23850925,38039.0,0.0,0.0,12640.07171671896,0.7092198581560284,280,282,2,0,280,281,2232,0,0,0,0,1
2020-12-11,US,North Dakota,Hettinger,257,3,0,46.43375068,-102.4632417,38041.0,0.0,0.0,10284.113645458183,1.1673151750972763,254,255,3,0,252,255,2514,2,0,0,2,0
2020-12-11,US,North Dakota,Kidder,238,7,0,46.97830064,-99.77507857,38043.0,0.0,0.0,9596.774193548386,2.9411764705882355,231,236,7,0,229,235,2450,2,0,0,2,1
2020-12-11,US,North Dakota,LaMoure,434,16,0,46.45681054,-98.53542355,38045.0,0.0,0.0,10726.643598615918,3.6866359447004617,418,433,16,0,417,430,4062,1,0,0,1,3
2020-12-11,US,North Dakota,Logan,195,6,0,46.45729487,-99.47719806,38047.0,0.0,0.0,10540.54054054054,3.0769230769230766,189,194,6,0,188,189,1903,1,0,0,1,5
2020-12-11,US,North Dakota,McHenry,504,18,0,48.23104458,-100.6324822,38049.0,0.0,0.0,8772.84595300261,3.571428571428572,486,504,17,0,487,501,5816,0,1,0,-1,3
2020-12-11,US,North Dakota,McIntosh,294,7,0,46.11182017,-99.44145858,38051.0,0.0,0.0,11774.128954745696,2.380952380952381,287,294,7,0,287,292,2585,0,0,0,0,2
2020-12-11,US,North Dakota,McKenzie,963,10,0,47.74133370000001,-103.395905,38053.0,0.0,0.0,6409.7444089456885,1.038421599169263,953,959,10,0,949,950,13632,4,0,0,4,9
2020-12-11,US,North Dakota,McLean,1089,18,0,47.60766714,-101.3182418,38055.0,0.0,0.0,11523.809523809525,1.6528925619834711,1071,1086,18,0,1068,1073,9541,3,0,0,3,13
2020-12-11,US,North Dakota,Mercer,953,8,0,47.31213126,-101.8318399,38057.0,0.0,0.0,11640.405520947845,0.8394543546694648,945,952,8,0,944,941,8267,1,0,0,1,11
2020-12-11,US,North Dakota,Morton,4403,78,0,46.71681782,-101.2822377,38059.0,0.0,0.0,14038.387960719298,1.771519418578242,4325,4378,75,0,4303,4350,31095,25,3,0,22,28
2020-12-11,US,North Dakota,Mountrail,1123,15,0,48.20197971,-102.3555315,38061.0,0.0,0.0,10649.596965386441,1.3357079252003559,1108,1122,15,0,1107,1116,10218,1,0,0,1,6
2020-12-11,US,North Dakota,Nelson,383,10,0,47.9226426,-98.19038437,38063.0,0.0,0.0,13303.230288294546,2.610966057441253,373,381,10,0,371,378,2869,2,0,0,2,3
2020-12-11,US,North Dakota,Oliver,139,2,0,47.11530482,-101.3406158,38065.0,0.0,0.0,7095.456865747829,1.4388489208633093,137,138,2,0,136,138,1952,1,0,0,1,0
2020-12-11,US,North Dakota,Pembina,683,9,0,48.76623521,-97.5523809,38067.0,0.0,0.0,10042.640788119395,1.3177159590043923,674,680,9,0,671,676,6947,3,0,0,3,4
2020-12-11,US,North Dakota,Pierce,451,19,0,48.24977025,-99.96407787,38069.0,0.0,0.0,11345.911949685536,4.212860310421286,432,450,15,0,435,449,4081,1,4,0,-3,1
2020-12-11,US,North Dakota,Ramsey,1319,13,0,48.26886249,-98.72223879,38071.0,0.0,0.0,11450.646757531034,0.9855951478392722,1306,1311,13,0,1298,1299,11481,8,0,0,8,12
2020-12-11,US,North Dakota,Ransom,501,10,0,46.45621782,-97.65742504,38073.0,0.0,0.0,9601.37983901878,1.996007984031936,491,499,9,0,490,495,5237,2,1,0,1,4
2020-12-11,US,North Dakota,Renville,265,10,0,48.71982533,-101.6603912,38075.0,0.0,0.0,11388.05328749463,3.7735849056603774,255,265,10,0,255,265,2374,0,0,0,0,0
2020-12-11,US,North Dakota,Richland,1373,13,0,46.26440649,-96.94852979,38077.0,0.0,0.0,8487.358595536873,0.946831755280408,1360,1351,13,0,1338,1336,16239,22,0,0,22,15
2020-12-11,US,North Dakota,Rolette,1671,19,0,48.77245354,-99.84097493,38079.0,0.0,0.0,11787.52821670429,1.1370436864153202,1652,1666,19,0,1647,1619,14301,5,0,0,5,47
2020-12-11,US,North Dakota,Sargent,388,5,0,46.10830372,-97.63217159,38081.0,0.0,0.0,9953.82247306311,1.2886597938144329,383,382,5,0,377,379,3870,6,0,0,6,3
2020-12-11,US,North Dakota,Sheridan,93,2,0,47.57700669,-100.3426391,38083.0,0.0,0.0,7072.243346007605,2.150537634408602,91,93,2,0,91,91,1349,0,0,0,0,2
2020-12-11,US,North Dakota,Sioux,556,9,0,46.11323337,-101.04401490000001,38085.0,0.0,0.0,13144.20803782506,1.6187050359712232,547,549,9,0,540,550,4358,7,0,0,7,0
2020-12-11,US,North Dakota,Slope,23,0,0,46.44737738,-103.4601547,38087.0,0.0,0.0,3066.666666666666,0.0,23,23,0,0,23,22,763,0,0,0,0,1
2020-12-11,US,North Dakota,Stark,3871,40,0,46.80851182,-102.65763259999999,38089.0,0.0,0.0,12293.181746006541,1.033324722293981,3831,3808,40,0,3768,3801,30997,63,0,0,63,7
2020-12-11,US,North Dakota,Steele,150,1,0,47.45611548,-97.72728747,38091.0,0.0,0.0,7936.507936507935,0.6666666666666666,149,149,1,0,148,149,1903,1,0,0,1,0
2020-12-11,US,North Dakota,Stutsman,2847,63,0,46.97962541,-98.95637318,38093.0,0.0,0.0,13750.965996908808,2.212855637513172,2784,2825,62,0,2763,2813,20917,22,1,0,21,12
2020-12-11,US,North Dakota,Towner,236,10,0,48.68565745,-99.24564265,38095.0,0.0,0.0,10781.1786203746,4.2372881355932215,226,233,9,0,224,227,2192,3,1,0,2,6
2020-12-11,US,North Dakota,Traill,849,15,0,47.45367788,-97.16323288,38097.0,0.0,0.0,10564.95769039323,1.7667844522968197,834,832,15,0,817,820,8037,17,0,0,17,12
2020-12-11,US,North Dakota,Walsh,1535,18,0,48.36876964,-97.72574783,38099.0,0.0,0.0,14425.335964664975,1.1726384364820848,1517,1528,18,0,1510,1522,10667,7,0,0,7,6
2020-12-11,US,North Dakota,Ward,8098,156,0,48.22390169,-101.54367629999999,38101.0,0.0,0.0,11972.028799101136,1.9264015806371944,7942,8081,150,0,7931,8046,67744,17,6,0,11,35
2020-12-11,US,North Dakota,Wells,376,4,0,47.58614526,-99.65904998,38103.0,0.0,0.0,9806.99008868023,1.0638297872340423,372,376,4,0,372,373,3957,0,0,0,0,3
2020-12-11,US,North Dakota,Williams,3748,26,0,48.34522353,-103.4793387,38105.0,0.0,0.0,9971.002154885738,0.6937033084311632,3722,3722,25,0,3697,3706,35350,26,1,0,25,16
2020-12-11,US,Ohio,Adams,1056,13,0,38.84541072,-83.4718964,39001.0,0.0,0.0,3812.549642573471,1.231060606060606,1043,1032,13,0,1019,1013,27724,24,0,0,24,19
2020-12-11,US,Ohio,Allen,6666,102,0,40.77285242,-84.10802343,39003.0,0.0,0.0,6512.882140868189,1.53015301530153,6564,6583,102,0,6481,6433,102663,83,0,0,83,150
2020-12-11,US,Ohio,Ashland,1868,36,0,40.84772277,-82.27280781,39005.0,0.0,0.0,3492.633310896717,1.9271948608137044,1832,1838,36,0,1802,1799,53745,30,0,0,30,39
2020-12-11,US,Ohio,Ashtabula,3108,62,0,41.70860332,-80.74830218,39007.0,0.0,0.0,3196.182680145206,1.9948519948519952,3046,3080,62,0,3018,3066,97493,28,0,0,28,14
2020-12-11,US,Ohio,Athens,2565,6,0,39.33425634,-82.04278644,39009.0,0.0,0.0,3926.401028671147,0.23391812865497075,2559,2502,6,0,2496,2473,65818,63,0,0,63,29
2020-12-11,US,Ohio,Auglaize,3014,46,0,40.55998859,-84.22421429999999,39011.0,0.0,0.0,6601.541966006656,1.5262110152621102,2968,2981,44,0,2937,2931,45804,33,2,0,31,50
2020-12-11,US,Ohio,Belmont,2445,31,0,40.01625942,-80.9924051,39013.0,0.0,0.0,3648.9269617646173,1.2678936605316973,2414,2400,30,0,2370,2312,67505,45,1,0,44,88
2020-12-11,US,Ohio,Brown,1669,7,0,38.93416837,-83.86788395,39015.0,0.0,0.0,3842.788727205747,0.4194128220491312,1662,1618,7,0,1611,1565,43602,51,0,0,51,53
2020-12-11,US,Ohio,Butler,20738,169,0,39.44012838,-84.57388716,39017.0,0.0,0.0,5412.727661862429,0.8149291156331372,20569,20306,169,0,20137,19919,382378,432,0,0,432,387
2020-12-11,US,Ohio,Carroll,782,12,0,40.578968599999996,-81.09178213,39019.0,0.0,0.0,2905.5510143419788,1.5345268542199488,770,755,12,0,743,735,27081,27,0,0,27,20
2020-12-11,US,Ohio,Champaign,1444,12,0,40.13923427,-83.76875242,39021.0,0.0,0.0,3713.5142085637135,0.8310249307479224,1432,1411,8,0,1403,1372,38754,33,4,0,29,39
2020-12-11,US,Ohio,Clark,7081,148,0,39.91592258,-83.78498252,39023.0,0.0,0.0,5281.057255580498,2.0901002683236833,6933,6951,147,0,6804,6803,134585,130,1,0,129,148
2020-12-11,US,Ohio,Clermont,8621,58,0,39.04847534,-84.15375786,39025.0,0.0,0.0,4176.2745364001,0.6727757800719174,8563,8464,57,0,8407,8294,205466,157,1,0,156,170
2020-12-11,US,Ohio,Clinton,1699,22,0,39.41485808,-83.80852286,39027.0,0.0,0.0,4048.322531452535,1.2948793407886992,1677,1661,21,0,1640,1610,42057,38,1,0,37,51
2020-12-11,US,Ohio,Columbiana,4915,110,0,40.76932373,-80.78094576,39029.0,0.0,0.0,4824.161047476026,2.2380467955239065,4805,4837,109,0,4728,4732,102665,78,1,0,77,105
2020-12-11,US,Ohio,Coshocton,1242,15,0,40.30096166,-81.91729018,39031.0,0.0,0.0,3393.44262295082,1.207729468599034,1227,1222,15,0,1207,1152,36629,20,0,0,20,70
2020-12-11,US,Ohio,Crawford,1921,27,0,40.85065156,-82.91989099,39033.0,0.0,0.0,4629.585000240999,1.4055179593961478,1894,1876,26,0,1850,1803,41550,45,1,0,44,73
2020-12-11,US,Ohio,Cuyahoga,53832,822,0,41.424119,-81.65918339,39035.0,0.0,0.0,4358.612291429164,1.5269728042799822,53010,52712,802,0,51910,51476,1243857,1120,20,0,1100,1236
2020-12-11,US,Ohio,Darke,3389,71,0,40.13412966,-84.6194517,39037.0,0.0,0.0,6630.407137127541,2.095013278253172,3318,3314,69,0,3245,3231,51323,75,2,0,73,83
2020-12-11,US,Ohio,Defiance,2069,51,0,41.32398837,-84.49076944,39039.0,0.0,0.0,5432.299734817654,2.4649589173513773,2018,2006,46,0,1960,1963,38165,63,5,0,58,43
2020-12-11,US,Ohio,Delaware,8434,49,0,40.27942393,-83.00457058,39041.0,0.0,0.0,4031.992045014509,0.5809817405738676,8385,8287,43,0,8244,8086,204826,147,6,0,141,201
2020-12-11,US,Ohio,Erie,3494,79,0,41.36796058,-82.62904521,39043.0,0.0,0.0,4704.710096140899,2.2610188895249,3415,3412,79,0,3333,3339,74615,82,0,0,82,73
2020-12-11,US,Ohio,Fairfield,7564,70,0,39.75107189,-82.63088163,39045.0,0.0,0.0,4800.284310863467,0.9254362771020624,7494,7437,70,0,7367,7268,155782,127,0,0,127,169
2020-12-11,US,Ohio,Fayette,1304,22,0,39.56021306,-83.4562016,39047.0,0.0,0.0,4571.428571428572,1.6871165644171784,1282,1278,22,0,1256,1250,28666,26,0,0,26,28
2020-12-11,US,Ohio,Franklin,67043,691,0,39.96995815,-83.01115755,39049.0,0.0,0.0,5091.527967216402,1.0306818012320451,66352,66184,690,0,65494,65094,1310300,859,1,0,858,1090
2020-12-11,US,Ohio,Fulton,2001,32,0,41.60213491,-84.12571393,39051.0,0.0,0.0,4750.0356074633255,1.5992003998001,1969,1927,32,0,1895,1886,42276,74,0,0,74,41
2020-12-11,US,Ohio,Gallia,1230,15,0,38.82708533,-82.31647569,39053.0,0.0,0.0,4113.987557696167,1.2195121951219512,1215,1195,15,0,1180,1166,29979,35,0,0,35,29
2020-12-11,US,Ohio,Geauga,3152,51,0,41.49952319,-81.17935342,39055.0,0.0,0.0,3365.7593781033434,1.618020304568528,3101,3090,51,0,3039,3049,94031,62,0,0,62,41
2020-12-11,US,Ohio,Greene,7445,87,0,39.69116283,-83.89032084,39057.0,0.0,0.0,4406.968278115511,1.1685695097380793,7358,7287,85,0,7202,7124,167995,158,2,0,156,163
2020-12-11,US,Ohio,Guernsey,1456,15,0,40.05026529,-81.49248905,39059.0,0.0,0.0,3745.337620578778,1.03021978021978,1441,1426,15,0,1411,1379,39022,30,0,0,30,47
2020-12-11,US,Ohio,Hamilton,41545,390,0,39.19673558,-84.54502924,39061.0,0.0,0.0,5082.12503654555,0.9387411240823204,41155,40751,390,0,40361,39864,816684,794,0,0,794,887
2020-12-11,US,Ohio,Hancock,3496,65,0,41.00250487,-83.66838948,39063.0,0.0,0.0,4613.171819537363,1.859267734553776,3431,3428,61,0,3367,3339,75930,68,4,0,64,89
2020-12-11,US,Ohio,Hardin,1408,30,0,40.66015414,-83.65929931,39065.0,0.0,0.0,4489.080184919496,2.1306818181818183,1378,1390,30,0,1360,1363,31480,18,0,0,18,27
2020-12-11,US,Ohio,Harrison,418,3,0,40.29380509,-81.09068544,39067.0,0.0,0.0,2779.255319148936,0.7177033492822966,415,404,3,0,401,384,15174,14,0,0,14,20
2020-12-11,US,Ohio,Henry,1385,35,0,41.333964200000004,-84.06830637,39069.0,0.0,0.0,5128.489965192921,2.527075812274368,1350,1361,30,0,1331,1341,27086,24,5,0,19,20
2020-12-11,US,Ohio,Highland,1583,18,0,39.1839264,-83.60331456,39071.0,0.0,0.0,3667.662936447256,1.137081490840177,1565,1555,18,0,1537,1502,43058,28,0,0,28,53
2020-12-11,US,Ohio,Hocking,1020,18,0,39.49537927,-82.47991446,39073.0,0.0,0.0,3608.831021794509,1.7647058823529411,1002,993,18,0,975,970,28385,27,0,0,27,23
2020-12-11,US,Ohio,Holmes,1722,46,0,40.56163713,-81.92635677,39075.0,0.0,0.0,3917.1974522292985,2.671312427409988,1676,1702,45,0,1657,1675,43892,20,1,0,19,27
2020-12-11,US,Ohio,Huron,2511,33,0,41.14651175,-82.59867951,39077.0,0.0,0.0,4309.545875810936,1.3142174432497014,2478,2468,31,0,2437,2395,58504,43,2,0,41,73
2020-12-11,US,Ohio,Jackson,1617,13,0,39.01914254,-82.61818559999998,39079.0,0.0,0.0,4988.739086169129,0.8039579468150897,1604,1602,13,0,1589,1563,32384,15,0,0,15,39
2020-12-11,US,Ohio,Jefferson,2390,32,0,40.38614126,-80.76259514,39081.0,0.0,0.0,3658.629927286645,1.338912133891213,2358,2301,29,0,2272,2180,65767,89,3,0,86,121
2020-12-11,US,Ohio,Knox,1980,20,0,40.39830217,-82.42027563,39083.0,0.0,0.0,3177.0482333686336,1.0101010101010102,1960,1937,20,0,1917,1875,61893,43,0,0,43,62
2020-12-11,US,Ohio,Lake,9860,90,0,41.69710807,-81.23676539,39085.0,0.0,0.0,4284.18111745,0.9127789046653144,9770,9734,87,0,9647,9517,230514,126,3,0,123,217
2020-12-11,US,Ohio,Lawrence,2733,42,0,38.59743452,-82.53466552,39087.0,0.0,0.0,4596.135411936834,1.5367727771679474,2691,2670,41,0,2629,2596,59866,63,1,0,62,74
2020-12-11,US,Ohio,Licking,8127,95,0,40.09136236,-82.48185785,39089.0,0.0,0.0,4595.108050344336,1.1689430294081458,8032,8005,94,0,7911,7829,175769,122,1,0,121,176
2020-12-11,US,Ohio,Logan,1937,21,0,40.38996525,-83.76784341,39091.0,0.0,0.0,4241.110527237694,1.0841507485802788,1916,1897,21,0,1876,1861,45358,40,0,0,40,36
2020-12-11,US,Ohio,Lorain,10874,122,0,41.29553751,-82.15083537,39093.0,0.0,0.0,3509.632608534275,1.1219422475629943,10752,10684,122,0,10562,10432,309461,190,0,0,190,252
2020-12-11,US,Ohio,Lucas,20510,474,0,41.62101218,-83.65468618,39095.0,0.0,0.0,4788.162895589568,2.311067771818625,20036,20006,465,0,19541,19575,429899,504,9,0,495,431
2020-12-11,US,Ohio,Madison,2304,19,0,39.89381073,-83.40178317,39097.0,0.0,0.0,5150.790279671815,0.8246527777777778,2285,2269,19,0,2250,2232,44413,35,0,0,35,37
2020-12-11,US,Ohio,Mahoning,11297,311,0,41.01631101,-80.77287029,39099.0,0.0,0.0,4940.026149735661,2.7529432592723735,10986,11096,310,0,10786,10822,229642,201,1,0,200,274
2020-12-11,US,Ohio,Marion,5726,74,0,40.58610662,-83.15736305,39101.0,0.0,0.0,8796.644800516184,1.2923506811037373,5652,5683,71,0,5612,5617,65256,43,3,0,40,66
2020-12-11,US,Ohio,Medina,6983,70,0,41.11770589,-81.89986209999998,39103.0,0.0,0.0,3884.926507404894,1.0024344837462411,6913,6872,67,0,6805,6725,179146,111,3,0,108,147
2020-12-11,US,Ohio,Meigs,634,13,0,39.09224872,-82.0305041,39105.0,0.0,0.0,2767.7129261797704,2.050473186119874,621,620,13,0,607,601,23106,14,0,0,14,19
2020-12-11,US,Ohio,Mercer,3485,70,0,40.54043046,-84.62912742,39107.0,0.0,0.0,8464.490430389586,2.008608321377332,3415,3444,70,0,3374,3421,40959,41,0,0,41,23
2020-12-11,US,Ohio,Miami,6032,69,0,40.0543329,-84.22871271,39109.0,0.0,0.0,5638.068176507426,1.1438992042440321,5963,5915,69,0,5846,5830,106222,117,0,0,117,85
2020-12-11,US,Ohio,Monroe,514,22,0,39.72984936,-81.08464734,39111.0,0.0,0.0,3764.4646257506956,4.280155642023346,492,499,22,0,477,490,13790,15,0,0,15,9
2020-12-11,US,Ohio,Montgomery,28134,300,0,39.75394919,-84.29050975,39113.0,0.0,0.0,5291.459072725118,1.0663254425250586,27834,27505,297,0,27208,26925,532331,629,3,0,626,580
2020-12-11,US,Ohio,Morgan,495,16,0,39.62081738,-81.85308173,39115.0,0.0,0.0,3411.910669975186,3.2323232323232323,479,481,16,0,465,460,14604,14,0,0,14,21
2020-12-11,US,Ohio,Morrow,1352,2,0,40.52363560000001,-82.7892599,39117.0,0.0,0.0,3826.992753623189,0.14792899408284024,1350,1325,2,0,1323,1278,35112,27,0,0,27,47
2020-12-11,US,Ohio,Muskingum,3958,18,0,39.96575964,-81.94363275,39119.0,0.0,0.0,4590.848460244737,0.4547751389590702,3940,3815,18,0,3797,3705,86183,143,0,0,143,110
2020-12-11,US,Ohio,Noble,807,30,0,39.76818851,-81.45937183,39121.0,0.0,0.0,5594.841930116472,3.717472118959108,777,796,30,0,766,781,14354,11,0,0,11,15
2020-12-11,US,Ohio,Ottawa,1703,32,0,41.53781826,-83.0940185,39123.0,0.0,0.0,4202.3442319555825,1.8790369935408104,1671,1679,32,0,1647,1639,40769,24,0,0,24,40
2020-12-11,US,Ohio,Paulding,937,16,0,41.11676341,-84.5801017,39125.0,0.0,0.0,5018.209083119109,1.7075773745997866,921,925,16,0,909,902,18760,12,0,0,12,23
2020-12-11,US,Ohio,Perry,1340,14,0,39.73508655,-82.23804971,39127.0,0.0,0.0,3708.4186638622905,1.044776119402985,1326,1320,14,0,1306,1289,36033,20,0,0,20,31
2020-12-11,US,Ohio,Pickaway,4911,50,0,39.64170392,-83.0243386,39129.0,0.0,0.0,8401.046923379576,1.018122581958868,4861,4881,50,0,4831,4817,58086,30,0,0,30,64
2020-12-11,US,Ohio,Pike,1123,5,0,39.07634001,-83.06769584,39131.0,0.0,0.0,4043.641077344088,0.4452359750667854,1118,1101,5,0,1096,1081,28067,22,0,0,22,20
2020-12-11,US,Ohio,Portage,5526,87,0,41.16793482,-81.19735782,39133.0,0.0,0.0,3401.327046889811,1.5743756786102063,5439,5396,87,0,5309,5271,162927,130,0,0,130,125
2020-12-11,US,Ohio,Preble,2187,25,0,39.7420247,-84.64787018,39135.0,0.0,0.0,5349.5425859791585,1.1431184270690444,2162,2149,25,0,2124,2118,40997,38,0,0,38,31
2020-12-11,US,Ohio,Putnam,2815,58,0,41.02094889,-84.1336111,39137.0,0.0,0.0,8313.39889548448,2.060390763765542,2757,2805,57,0,2748,2749,33780,10,1,0,9,56
2020-12-11,US,Ohio,Richland,5455,48,0,40.77180308,-82.53799609999999,39139.0,0.0,0.0,4502.533965036235,0.8799266727772685,5407,5357,46,0,5311,5192,121099,98,2,0,96,165
2020-12-11,US,Ohio,Ross,3311,66,0,39.33705391,-83.06000914,39141.0,0.0,0.0,4318.733206375708,1.9933554817275747,3245,3232,66,0,3166,3160,76931,79,0,0,79,72
2020-12-11,US,Ohio,Sandusky,2552,38,0,41.35624126,-83.137872,39143.0,0.0,0.0,4361.051300454561,1.4890282131661443,2514,2474,38,0,2436,2409,58799,78,0,0,78,65
2020-12-11,US,Ohio,Scioto,3150,30,0,38.80270163,-82.98907345,39145.0,0.0,0.0,4182.489311416204,0.9523809523809524,3120,2993,30,0,2963,2863,75502,157,0,0,157,130
2020-12-11,US,Ohio,Seneca,2627,23,0,41.12351311,-83.12783209,39147.0,0.0,0.0,4760.955453260357,0.8755234107346783,2604,2556,22,0,2534,2494,55207,71,1,0,70,62
2020-12-11,US,Ohio,Shelby,2629,18,0,40.33163494,-84.20258189,39149.0,0.0,0.0,5410.578308293888,0.6846709775580069,2611,2593,18,0,2575,2565,48627,36,0,0,36,28
2020-12-11,US,Ohio,Stark,15080,249,0,40.81482476,-81.36437305,39151.0,0.0,0.0,4069.011295014112,1.6511936339522546,14831,14664,245,0,14419,14234,371574,416,4,0,412,430
2020-12-11,US,Ohio,Summit,20931,444,0,41.12464734,-81.53123079,39153.0,0.0,0.0,3868.8534286606787,2.1212555539630213,20487,20545,423,0,20122,19957,541918,386,21,0,365,588
2020-12-11,US,Ohio,Trumbull,8426,174,0,41.31735028,-80.76109643,39155.0,0.0,0.0,4256.1144392698025,2.065036790885354,8252,8256,172,0,8084,8080,198627,170,2,0,168,176
2020-12-11,US,Ohio,Tuscarawas,4864,97,0,40.44214695,-81.47226262,39157.0,0.0,0.0,5287.703697261571,1.994243421052632,4767,4765,92,0,4673,4638,92176,99,5,0,94,127
2020-12-11,US,Ohio,Union,2767,16,0,40.30016061,-83.37239023,39159.0,0.0,0.0,4690.7845663524795,0.5782435851102277,2751,2741,16,0,2725,2652,57835,26,0,0,26,89
2020-12-11,US,Ohio,Van Wert,1346,31,0,40.8554138,-84.59111700000003,39161.0,0.0,0.0,4760.389036251106,2.303120356612184,1315,1316,30,0,1286,1295,28281,30,1,0,29,21
2020-12-11,US,Ohio,Vinton,381,7,0,39.25208988,-82.4831444,39163.0,0.0,0.0,2911.730989682843,1.837270341207349,374,371,6,0,365,363,13139,10,1,0,9,8
2020-12-11,US,Ohio,Warren,11970,95,0,39.42581994,-84.16557457,39165.0,0.0,0.0,5102.258292768178,0.7936507936507936,11875,11705,92,0,11613,11480,232173,265,3,0,262,225
2020-12-11,US,Ohio,Washington,2133,33,0,39.45690571,-81.49121382,39167.0,0.0,0.0,3560.281083607351,1.5471167369901546,2100,2075,33,0,2042,2029,60155,58,0,0,58,46
2020-12-11,US,Ohio,Wayne,4647,124,0,40.82925852,-81.88844833,39169.0,0.0,0.0,4016.074669432201,2.668388207445664,4523,4581,124,0,4457,4468,115967,66,0,0,66,113
2020-12-11,US,Ohio,Williams,1678,14,0,41.56052014,-84.58429552,39171.0,0.0,0.0,4573.203968167448,0.834326579261025,1664,1646,14,0,1632,1601,36804,32,0,0,32,45
2020-12-11,US,Ohio,Wood,6537,117,0,41.36224827,-83.62285108,39173.0,0.0,0.0,4997.056957429079,1.7898118402937129,6420,6375,117,0,6258,6252,130696,162,0,0,162,123
2020-12-11,US,Ohio,Wyandot,1099,23,0,40.84339621,-83.30734173,39175.0,0.0,0.0,5047.767775124014,2.092811646951774,1076,1069,23,0,1046,1043,21935,30,0,0,30,26
2020-12-11,US,Oklahoma,Adair,1438,13,0,35.88494195,-94.65859267,40001.0,0.0,0.0,6479.228620347842,0.9040333796940194,1425,1394,13,0,1381,1379,22082,44,0,0,44,15
2020-12-11,US,Oklahoma,Alfalfa,573,1,0,36.73090616,-98.32408495,40003.0,0.0,0.0,10049.105576990529,0.17452006980802792,572,573,1,0,572,571,5754,0,0,0,0,2
2020-12-11,US,Oklahoma,Atoka,959,1,0,34.37366573,-96.03802487,40005.0,0.0,0.0,6970.489896787324,0.10427528675703858,958,954,1,0,953,941,13838,5,0,0,5,13
2020-12-11,US,Oklahoma,Beaver,259,2,0,36.7496847,-100.4758872,40007.0,0.0,0.0,4876.671060064018,0.7722007722007722,257,251,2,0,249,244,5319,8,0,0,8,7
2020-12-11,US,Oklahoma,Beckham,1546,18,0,35.26862449,-99.68128023,40009.0,0.0,0.0,7072.601674367535,1.1642949547218628,1528,1519,18,0,1501,1516,21709,27,0,0,27,3
2020-12-11,US,Oklahoma,Blaine,511,2,0,35.87518314,-98.43307003,40011.0,0.0,0.0,5419.450631031923,0.3913894324853229,509,498,2,0,496,495,9485,13,0,0,13,3
2020-12-11,US,Oklahoma,Bryan,3159,25,0,33.96472458,-96.25903472,40013.0,0.0,0.0,6581.935618293573,0.7913896802785692,3134,3120,25,0,3095,3087,47192,39,0,0,39,33
2020-12-11,US,Oklahoma,Caddo,2311,37,0,35.17364557,-98.37534464,40015.0,0.0,0.0,8034.907169181559,1.6010385114668977,2274,2271,37,0,2234,2248,28977,40,0,0,40,23
2020-12-11,US,Oklahoma,Canadian,8305,40,0,35.5426055,-97.98465569,40017.0,0.0,0.0,5599.908297708792,0.481637567730283,8265,8162,39,0,8123,8105,144447,143,1,0,142,57
2020-12-11,US,Oklahoma,Carter,1995,16,0,34.25103751,-97.28552485,40019.0,0.0,0.0,4146.660846791794,0.8020050125313283,1979,1942,16,0,1926,1927,48177,53,0,0,53,15
2020-12-11,US,Oklahoma,Cherokee,2713,13,0,35.90692775,-94.99980896,40021.0,0.0,0.0,5575.7650492221055,0.4791743457427202,2700,2664,13,0,2651,2630,48675,49,0,0,49,34
2020-12-11,US,Oklahoma,Choctaw,795,6,0,34.02807439,-95.54771129,40023.0,0.0,0.0,5418.484187568157,0.7547169811320755,789,790,6,0,784,785,14668,5,0,0,5,5
2020-12-11,US,Oklahoma,Cimarron,84,0,0,36.74817177,-102.5173885,40025.0,0.0,0.0,3930.744033692092,0.0,84,83,0,0,83,82,2153,1,0,0,1,1
2020-12-11,US,Oklahoma,Cleveland,15112,135,0,35.20413532,-97.32519562,40027.0,0.0,0.0,5320.86446442781,0.8933298041291688,14977,14863,135,0,14728,14683,281669,249,0,0,249,180
2020-12-11,US,Oklahoma,Coal,347,2,0,34.58840127,-96.29798747,40029.0,0.0,0.0,6314.831665150135,0.5763688760806917,345,342,2,0,340,339,5520,5,0,0,5,3
2020-12-11,US,Oklahoma,Comanche,5565,43,0,34.65973764,-98.47195055,40031.0,0.0,0.0,4608.733819741778,0.7726864330637916,5522,5490,42,0,5448,5443,120422,75,1,0,74,47
2020-12-11,US,Oklahoma,Cotton,329,7,0,34.28845626,-98.37053567,40033.0,0.0,0.0,5806.5654782915635,2.127659574468085,322,320,7,0,313,316,5776,9,0,0,9,4
2020-12-11,US,Oklahoma,Craig,1127,4,0,36.76268118,-95.20916602,40035.0,0.0,0.0,7969.169848677698,0.354924578527063,1123,1105,4,0,1101,1099,14306,22,0,0,22,6
2020-12-11,US,Oklahoma,Creek,3118,54,0,35.90230551,-96.37086028,40037.0,0.0,0.0,4359.497776907805,1.731879409878127,3064,3071,54,0,3017,3032,71604,47,0,0,47,39
2020-12-11,US,Oklahoma,Custer,2381,18,0,35.63853802,-99.00170785,40039.0,0.0,0.0,8209.495569423852,0.7559848803023941,2363,2344,18,0,2326,2331,29036,37,0,0,37,13
2020-12-11,US,Oklahoma,Delaware,2232,39,0,36.40823634,-94.80325046,40041.0,0.0,0.0,5189.611476667676,1.7473118279569892,2193,2202,39,0,2163,2169,42733,30,0,0,30,33
2020-12-11,US,Oklahoma,Dewey,320,1,0,35.98772922,-99.00730714,40043.0,0.0,0.0,6542.629319157637,0.3125,319,312,1,0,311,304,4894,8,0,0,8,8
2020-12-11,US,Oklahoma,Ellis,256,0,0,36.218019399999996,-99.75324573,40045.0,0.0,0.0,6633.842964498575,0.0,256,254,0,0,254,255,3952,2,0,0,2,0
2020-12-11,US,Oklahoma,Garfield,4471,37,0,36.3791334,-97.78265517,40047.0,0.0,0.0,7322.785639412998,0.8275553567434578,4434,4428,37,0,4391,4396,60913,43,0,0,43,32
2020-12-11,US,Oklahoma,Garvin,1787,18,0,34.70418038,-97.30811132,40049.0,0.0,0.0,6448.702681245714,1.0072747621712368,1769,1767,18,0,1749,1756,27811,20,0,0,20,11
2020-12-11,US,Oklahoma,Grady,3178,25,0,35.0167709,-97.88339847,40051.0,0.0,0.0,5691.872335852706,0.7866582756450597,3153,3148,25,0,3123,3124,55551,30,0,0,30,24
2020-12-11,US,Oklahoma,Grant,253,5,0,36.796296999999996,-97.78638765,40053.0,0.0,0.0,5838.910685437341,1.9762845849802368,248,249,5,0,244,248,4326,4,0,0,4,1
2020-12-11,US,Oklahoma,Greer,310,8,0,34.93535801,-99.56056120000001,40055.0,0.0,0.0,5427.170868347339,2.5806451612903225,302,305,8,0,297,305,5821,5,0,0,5,0
2020-12-11,US,Oklahoma,Harmon,165,0,0,34.7440135,-99.84741652,40057.0,0.0,0.0,6219.374293252921,0.0,165,163,0,0,163,154,2664,2,0,0,2,9
2020-12-11,US,Oklahoma,Harper,299,2,0,36.78836519,-99.6679804,40059.0,0.0,0.0,8107.3752711496745,0.6688963210702341,297,291,2,0,289,285,3797,8,0,0,8,6
2020-12-11,US,Oklahoma,Haskell,696,7,0,35.22257600000001,-95.11513306,40061.0,0.0,0.0,5511.998099310998,1.0057471264367817,689,691,7,0,684,680,12668,5,0,0,5,11
2020-12-11,US,Oklahoma,Hughes,654,8,0,35.04912569,-96.24921145,40063.0,0.0,0.0,4925.069658859854,1.2232415902140672,646,646,8,0,638,642,13335,8,0,0,8,4
2020-12-11,US,Oklahoma,Jackson,2072,35,0,34.58781741,-99.41138784,40065.0,0.0,0.0,8446.799836934366,1.6891891891891893,2037,2061,35,0,2026,2051,24949,11,0,0,11,10
2020-12-11,US,Oklahoma,Jefferson,300,2,0,34.11130184,-97.83182974,40067.0,0.0,0.0,4998.333888703765,0.6666666666666666,298,284,2,0,282,279,6123,16,0,0,16,5
2020-12-11,US,Oklahoma,Johnston,613,5,0,34.31440473,-96.66011537,40069.0,0.0,0.0,5529.99548940009,0.8156606851549756,608,603,5,0,598,594,10949,10,0,0,10,9
2020-12-11,US,Oklahoma,Kay,2288,27,0,36.81799745,-97.14421435,40071.0,0.0,0.0,5255.179383527035,1.18006993006993,2261,2235,26,0,2209,2189,44161,53,1,0,52,46
2020-12-11,US,Oklahoma,Kingfisher,1072,7,0,35.94530008,-97.94193268,40073.0,0.0,0.0,6799.873136695212,0.6529850746268657,1065,1064,7,0,1057,1053,15816,8,0,0,8,11
2020-12-11,US,Oklahoma,Kiowa,447,8,0,34.91671958,-98.97720696,40075.0,0.0,0.0,5133.210840606339,1.7897091722595078,439,445,8,0,437,444,8729,2,0,0,2,1
2020-12-11,US,Oklahoma,Latimer,360,4,0,34.87844729,-95.25215049,40077.0,0.0,0.0,3573.910453688077,1.1111111111111112,356,352,4,0,348,349,10231,8,0,0,8,3
2020-12-11,US,Oklahoma,Le Flore,2818,28,0,34.89851864,-94.70392124,40079.0,0.0,0.0,5652.618698974987,0.9936124911284601,2790,2773,28,0,2745,2740,49980,45,0,0,45,33
2020-12-11,US,Oklahoma,Lincoln,1651,28,0,35.70270942,-96.8812462,40081.0,0.0,0.0,4733.778708031081,1.6959418534221684,1623,1596,28,0,1568,1576,34920,55,0,0,55,20
2020-12-11,US,Oklahoma,Logan,1908,5,0,35.91899576,-97.44352845,40083.0,0.0,0.0,3974.0892712086816,0.2620545073375262,1903,1868,5,0,1863,1848,47291,40,0,0,40,20
2020-12-11,US,Oklahoma,Love,691,1,0,33.95273467,-97.23906784,40085.0,0.0,0.0,6739.490880717839,0.1447178002894356,690,679,1,0,678,672,10134,12,0,0,12,7
2020-12-11,US,Oklahoma,Major,611,4,0,36.31149996,-98.53467076,40093.0,0.0,0.0,8008.913356927514,0.6546644844517185,607,609,4,0,605,608,7644,2,0,0,2,1
2020-12-11,US,Oklahoma,Marshall,891,4,0,34.02311222,-96.76855464,40095.0,0.0,0.0,5262.536176244758,0.4489337822671156,887,883,4,0,879,875,16806,8,0,0,8,8
2020-12-11,US,Oklahoma,Mayes,1893,21,0,36.30179091,-95.23175116,40097.0,0.0,0.0,4605.839416058394,1.109350237717908,1872,1866,21,0,1845,1849,41107,27,0,0,27,17
2020-12-11,US,Oklahoma,McClain,2899,20,0,35.01123903,-97.44572302,40087.0,0.0,0.0,7162.622918416761,0.6898930665746811,2879,2856,20,0,2836,2828,39985,43,0,0,43,28
2020-12-11,US,Oklahoma,McCurtain,2454,48,0,34.11664328,-94.77222373,40089.0,0.0,0.0,7474.415204678363,1.9559902200489,2406,2434,48,0,2386,2419,32703,20,0,0,20,15
2020-12-11,US,Oklahoma,McIntosh,982,14,0,35.37235506,-95.66599306,40091.0,0.0,0.0,5011.2267809757095,1.4256619144602851,968,972,14,0,958,957,19815,10,0,0,10,15
2020-12-11,US,Oklahoma,Murray,831,6,0,34.48116015,-97.06826283,40099.0,0.0,0.0,5904.924323172031,0.7220216606498195,825,808,6,0,802,794,13953,23,0,0,23,14
2020-12-11,US,Oklahoma,Muskogee,5082,41,0,35.61318461,-95.37802952,40101.0,0.0,0.0,7473.859140844449,0.8067689885871704,5041,5019,37,0,4982,4954,68362,63,4,0,59,65
2020-12-11,US,Oklahoma,Noble,712,4,0,36.38953329,-97.22928674,40103.0,0.0,0.0,6396.5501751864185,0.5617977528089888,708,693,4,0,689,683,11289,19,0,0,19,10
2020-12-11,US,Oklahoma,Nowata,487,6,0,36.79843529,-95.61902331,40105.0,0.0,0.0,4833.267169511711,1.2320328542094456,481,477,6,0,471,476,10218,10,0,0,10,1
2020-12-11,US,Oklahoma,Okfuskee,1152,15,0,35.46485198,-96.32639984,40107.0,0.0,0.0,9605.603268573335,1.3020833333333333,1137,1132,15,0,1117,1120,12098,20,0,0,20,12
2020-12-11,US,Oklahoma,Oklahoma,47460,358,0,35.55140095,-97.40716948,40109.0,0.0,0.0,5951.589724039858,0.7543194268857986,47102,46425,353,0,46072,45918,792582,1035,5,0,1030,507
2020-12-11,US,Oklahoma,Okmulgee,2049,25,0,35.64661916,-95.96432828,40111.0,0.0,0.0,5326.920577148057,1.2201073694485114,2024,2009,25,0,1984,1985,38335,40,0,0,40,24
2020-12-11,US,Oklahoma,Osage,2320,21,0,36.62888819,-96.39635704,40113.0,0.0,0.0,4940.059195536912,0.9051724137931034,2299,2290,20,0,2270,2260,47014,30,1,0,29,30
2020-12-11,US,Oklahoma,Ottawa,2046,25,0,36.83532655,-94.81011909,40115.0,0.0,0.0,6573.071609856394,1.2218963831867058,2021,2021,25,0,1996,1996,31175,25,0,0,25,25
2020-12-11,US,Oklahoma,Pawnee,736,9,0,36.31743373,-96.70331759999999,40117.0,0.0,0.0,4494.38202247191,1.2228260869565215,727,723,9,0,714,709,16390,13,0,0,13,14
2020-12-11,US,Oklahoma,Payne,4843,24,0,36.07695283,-96.97584944,40119.0,0.0,0.0,5921.696175291011,0.4955606029320669,4819,4780,23,0,4757,4707,82040,63,1,0,62,73
2020-12-11,US,Oklahoma,Pittsburg,2188,22,0,34.92065823,-95.75134320000001,40121.0,0.0,0.0,5012.1409263755895,1.0054844606946984,2166,2150,22,0,2128,2128,43877,38,0,0,38,22
2020-12-11,US,Oklahoma,Pontotoc,2330,16,0,34.72959848,-96.68337199,40123.0,0.0,0.0,6086.0934071674865,0.6866952789699571,2314,2299,16,0,2283,2273,38247,31,0,0,31,26
2020-12-11,US,Oklahoma,Pottawatomie,4256,25,0,35.20614018,-96.94923008,40125.0,0.0,0.0,5862.9050033061485,0.5874060150375939,4231,4109,25,0,4084,4096,72679,147,0,0,147,13
2020-12-11,US,Oklahoma,Pushmataha,459,6,0,34.41635232,-95.37603505,40127.0,0.0,0.0,4136.6258111031,1.30718954248366,453,451,6,0,445,450,11179,8,0,0,8,1
2020-12-11,US,Oklahoma,Roger Mills,208,6,0,35.68711719,-99.69666167,40129.0,0.0,0.0,5805.191180574937,2.8846153846153846,202,208,6,0,202,205,3656,0,0,0,0,3
2020-12-11,US,Oklahoma,Rogers,4902,72,0,36.37004357,-95.60406759,40131.0,0.0,0.0,5301.809450675434,1.4687882496940023,4830,4832,69,0,4763,4768,91984,70,3,0,67,64
2020-12-11,US,Oklahoma,Seminole,1397,15,0,35.16478725,-96.61686741,40133.0,0.0,0.0,5758.9248907576875,1.0737294201861132,1382,1380,15,0,1365,1368,24578,17,0,0,17,12
2020-12-11,US,Oklahoma,Sequoyah,1988,15,0,35.49447108,-94.75463785,40135.0,0.0,0.0,4782.4099689672585,0.7545271629778671,1973,1957,14,0,1943,1950,41179,31,1,0,30,7
2020-12-11,US,Oklahoma,Stephens,2126,19,0,34.48556989,-97.85141892,40137.0,0.0,0.0,4927.798252323668,0.8936970837253058,2107,2061,19,0,2042,1994,43265,65,0,0,65,67
2020-12-11,US,Oklahoma,Texas,2628,13,0,36.74777635,-101.4889765,40139.0,0.0,0.0,13151.178501726465,0.4946727549467275,2615,2610,13,0,2597,2582,20455,18,0,0,18,28
2020-12-11,US,Oklahoma,Tillman,412,8,0,34.37288446,-98.92426619,40141.0,0.0,0.0,5682.758620689655,1.9417475728155342,404,408,8,0,400,399,7348,4,0,0,4,9
2020-12-11,US,Oklahoma,Tulsa,38522,303,0,36.11939621,-95.94013939,40143.0,0.0,0.0,5912.344678552134,0.7865635221431909,38219,37922,295,0,37627,37459,648360,600,8,0,592,463
2020-12-11,US,Oklahoma,Unassigned,75,0,0,0.0,0.0,90040.0,0.0,0.0,0.0,0.0,75,60,0,0,60,68,,15,0,0,15,0
2020-12-11,US,Oklahoma,Wagoner,3247,40,0,35.96024096,-95.51911308,40145.0,0.0,0.0,3994.390384922929,1.2319063751154913,3207,3200,39,0,3161,3144,80110,47,1,0,46,56
2020-12-11,US,Oklahoma,Washington,2370,51,0,36.71380786,-95.90514104,40147.0,0.0,0.0,4599.530343315155,2.151898734177215,2319,2340,51,0,2289,2324,51843,30,0,0,30,16
2020-12-11,US,Oklahoma,Washita,545,3,0,35.29071824,-98.99180434,40149.0,0.0,0.0,4992.671308171492,0.5504587155963303,542,539,3,0,536,533,11127,6,0,0,6,6
2020-12-11,US,Oklahoma,Woods,683,3,0,36.76705782,-98.86573064,40151.0,0.0,0.0,7767.542363243491,0.43923865300146414,680,680,3,0,677,674,8897,3,0,0,3,6
2020-12-11,US,Oklahoma,Woodward,2101,8,0,36.42316318,-99.26283045,40153.0,0.0,0.0,10395.329276136757,0.3807710613993336,2093,2078,8,0,2070,2074,20222,23,0,0,23,4
2020-12-11,US,Oregon,Baker,356,4,0,44.70915557,-117.6749883,41001.0,0.0,0.0,2207.888861324733,1.1235955056179776,352,350,4,0,346,339,16006,6,0,0,6,11
2020-12-11,US,Oregon,Benton,1010,8,0,44.49167306,-123.4316987,41003.0,0.0,0.0,1085.4029424091648,0.7920792079207921,1002,979,8,0,971,948,92101,31,0,0,31,31
2020-12-11,US,Oregon,Clackamas,7934,94,0,45.18787398,-122.2179634,41005.0,0.0,0.0,1897.2373603196656,1.1847743887068314,7840,7748,94,0,7654,7644,416075,186,0,0,186,104
2020-12-11,US,Oregon,Clatsop,443,1,0,45.99712889,-123.660711,41007.0,0.0,0.0,1101.332537788385,0.2257336343115124,442,441,1,0,440,428,39764,2,0,0,2,13
2020-12-11,US,Oregon,Columbia,647,7,0,45.94464254,-123.08908980000001,41009.0,0.0,0.0,1235.817702563319,1.0819165378670788,640,639,7,0,632,613,52377,8,0,0,8,26
2020-12-11,US,Oregon,Coos,564,4,0,43.17406868,-124.0594514,41011.0,0.0,0.0,874.5948795881343,0.7092198581560284,560,558,4,0,554,548,64389,6,0,0,6,10
2020-12-11,US,Oregon,Crook,333,6,0,44.14230227,-120.356297,41013.0,0.0,0.0,1364.5304048516634,1.8018018018018016,327,315,6,0,309,309,23867,18,0,0,18,6
2020-12-11,US,Oregon,Curry,187,2,0,42.45911325,-124.15728200000001,41015.0,0.0,0.0,815.7033805888768,1.0695187165775402,185,180,2,0,178,178,22813,7,0,0,7,2
2020-12-11,US,Oregon,Deschutes,3122,17,0,43.91570171,-121.2289121,41017.0,0.0,0.0,1579.224247819841,0.5445227418321589,3105,3015,16,0,2999,2969,191996,107,1,0,106,46
2020-12-11,US,Oregon,Douglas,1168,28,0,43.27941273,-123.16729099999999,41019.0,0.0,0.0,1052.4418814200758,2.3972602739726026,1140,1152,27,0,1125,1132,110283,16,1,0,15,20
2020-12-11,US,Oregon,Gilliam,25,1,0,45.37160076,-120.20488689999999,41021.0,0.0,0.0,1307.531380753138,4.0,24,25,1,0,24,25,1894,0,0,0,0,0
2020-12-11,US,Oregon,Grant,158,1,0,44.49024544,-119.0068631,41023.0,0.0,0.0,2194.7492707320457,0.6329113924050633,157,155,1,0,154,154,7176,3,0,0,3,1
2020-12-11,US,Oregon,Harney,117,1,0,43.06422669,-118.96663059999999,41025.0,0.0,0.0,1582.578114432571,0.8547008547008547,116,117,1,0,116,115,7329,0,0,0,0,2
2020-12-11,US,Oregon,Hood River,542,4,0,45.51872811,-121.65520359999998,41027.0,0.0,0.0,2318.022410401163,0.7380073800738007,538,522,3,0,519,514,23428,20,1,0,19,8
2020-12-11,US,Oregon,Jackson,4704,48,0,42.43201126,-122.72893090000001,41029.0,0.0,0.0,2129.0462741690203,1.020408163265306,4656,4624,45,0,4579,4566,219564,80,3,0,77,58
2020-12-11,US,Oregon,Jefferson,1107,12,0,44.62806839,-121.17832,41031.0,0.0,0.0,4489.4151999351125,1.084010840108401,1095,1086,11,0,1075,1035,24192,21,1,0,20,51
2020-12-11,US,Oregon,Josephine,768,9,0,42.3665549,-123.5561938,41033.0,0.0,0.0,877.84470835667,1.171875,759,732,8,0,724,718,87393,36,1,0,35,14
2020-12-11,US,Oregon,Klamath,1313,11,0,42.68762984,-121.64964609999998,41035.0,0.0,0.0,1924.1478355168674,0.8377760853008378,1302,1273,11,0,1262,1235,67653,40,0,0,40,38
2020-12-11,US,Oregon,Lake,169,1,0,42.79246693,-120.38501629999999,41037.0,0.0,0.0,2147.6680645571228,0.591715976331361,168,162,1,0,161,160,7879,7,0,0,7,2
2020-12-11,US,Oregon,Lane,5378,66,0,43.93727035,-122.847753,41039.0,0.0,0.0,1407.606519275415,1.2272220156191893,5312,5295,65,0,5230,5183,379611,83,1,0,82,112
2020-12-11,US,Oregon,Lincoln,752,16,0,44.64252874,-123.86991200000001,41041.0,0.0,0.0,1505.1439093711222,2.127659574468085,736,741,16,0,725,734,49388,11,0,0,11,7
2020-12-11,US,Oregon,Linn,2007,27,0,44.48899494,-122.53731540000001,41043.0,0.0,0.0,1546.8327308880994,1.345291479820628,1980,1949,27,0,1922,1895,127335,58,0,0,58,54
2020-12-11,US,Oregon,Malheur,2605,45,0,43.1937027,-117.62273950000001,41045.0,0.0,0.0,8521.147492721859,1.727447216890595,2560,2586,45,0,2541,2569,30725,19,0,0,19,17
2020-12-11,US,Oregon,Marion,11114,176,0,44.90287942,-122.58151170000001,41047.0,0.0,0.0,3195.349291871036,1.5835882670505668,10938,10938,174,0,10764,10787,346868,176,2,0,174,151
2020-12-11,US,Oregon,Morrow,741,7,0,45.41846568,-119.584546,41049.0,0.0,0.0,6386.279410497285,0.9446693657219972,734,728,7,0,721,714,11372,13,0,0,13,14
2020-12-11,US,Oregon,Multnomah,20852,302,0,45.54747959,-122.4169351,41051.0,0.0,0.0,2565.279170331732,1.448302321120276,20550,20575,298,0,20277,20185,811880,277,4,0,273,390
2020-12-11,US,Oregon,Polk,1548,24,0,44.90322804,-123.4128888,41053.0,0.0,0.0,1798.222686879247,1.5503875968992251,1524,1525,24,0,1501,1495,85234,23,0,0,23,30
2020-12-11,US,Oregon,Sherman,26,0,0,45.41501554,-120.6827834,41055.0,0.0,0.0,1460.6741573033707,0.0,26,25,0,0,25,24,1708,1,0,0,1,1
2020-12-11,US,Oregon,Tillamook,184,0,0,45.46248721,-123.712066,41057.0,0.0,0.0,680.574049415594,0.0,184,179,0,0,179,172,26787,5,0,0,5,7
2020-12-11,US,Oregon,Umatilla,4810,52,0,45.59073056,-118.7353826,41059.0,0.0,0.0,6170.622193713918,1.0810810810810811,4758,4772,52,0,4720,4741,77516,38,0,0,38,31
2020-12-11,US,Oregon,Union,883,9,0,45.30915495,-118.0068979,41061.0,0.0,0.0,3290.478852245203,1.0192525481313703,874,872,9,0,863,870,26461,11,0,0,11,2
2020-12-11,US,Oregon,Wallowa,73,3,0,45.57894064,-117.18353799999998,41063.0,0.0,0.0,1012.7635960044397,4.109589041095891,70,73,3,0,70,72,7081,0,0,0,0,1
2020-12-11,US,Oregon,Wasco,679,19,0,45.16292781,-121.16709540000001,41065.0,0.0,0.0,2544.7867476201186,2.7982326951399115,660,661,19,0,642,649,26505,18,0,0,18,12
2020-12-11,US,Oregon,Washington,12970,114,0,45.55972701,-123.0955257,41067.0,0.0,0.0,2155.9462226891314,0.8789514263685428,12856,12767,114,0,12653,12522,597695,203,0,0,203,245
2020-12-11,US,Oregon,Wheeler,10,0,0,44.72698162,-120.02814270000002,41069.0,0.0,0.0,750.7507507507507,0.0,10,10,0,0,10,10,1366,0,0,0,0,0
2020-12-11,US,Oregon,Yamhill,2121,19,0,45.23330449,-123.3086963,41071.0,0.0,0.0,1980.3921568627447,0.8958038661008958,2102,2069,19,0,2050,2035,107002,52,0,0,52,34
2020-12-11,US,Pennsylvania,Adams,2792,53,0,39.87140411,-77.21610347,42001.0,0.0,0.0,2710.4427768447417,1.898280802292264,2739,2726,53,0,2673,2633,102811,66,0,0,66,93
2020-12-11,US,Pennsylvania,Allegheny,38029,657,0,40.46809875,-79.98167747,42003.0,0.0,0.0,3127.269138888775,1.727628914775566,37372,36707,635,0,36072,35541,1218452,1322,22,0,1300,1166
2020-12-11,US,Pennsylvania,Armstrong,2343,51,0,40.81665618,-79.46290811,42005.0,0.0,0.0,3619.3712829226847,2.1766965428937257,2292,2286,50,0,2236,2221,65263,57,1,0,56,65
2020-12-11,US,Pennsylvania,Beaver,5725,187,0,40.6825484,-80.34921611,42007.0,0.0,0.0,3492.3655973012706,3.2663755458515285,5538,5513,183,0,5330,5306,164742,212,4,0,208,207
2020-12-11,US,Pennsylvania,Bedford,2233,62,0,40.00522157,-78.48998442,42009.0,0.0,0.0,4662.963581690611,2.7765338110165696,2171,2147,58,0,2089,2061,48176,86,4,0,82,86
2020-12-11,US,Pennsylvania,Berks,17441,486,0,40.41570541,-75.92457766,42011.0,0.0,0.0,4141.142167896592,2.786537469181813,16955,17153,482,0,16671,16748,420152,288,4,0,284,405
2020-12-11,US,Pennsylvania,Blair,5808,100,0,40.47961444,-78.34917412,42013.0,0.0,0.0,4767.337825969185,1.7217630853994488,5708,5598,97,0,5501,5423,122492,210,3,0,207,175
2020-12-11,US,Pennsylvania,Bradford,2352,46,0,41.78869215,-76.51570822,42015.0,0.0,0.0,3899.010327735689,1.95578231292517,2306,2288,46,0,2242,2254,60833,64,0,0,64,34
2020-12-11,US,Pennsylvania,Bucks,23071,766,0,40.33682119,-75.10836643,42017.0,0.0,0.0,3672.1473251945813,3.3201855142819983,22305,22509,753,0,21756,21923,628195,562,13,0,549,586
2020-12-11,US,Pennsylvania,Butler,6150,117,0,40.91152759,-79.91351055,42019.0,0.0,0.0,3273.8364572298547,1.902439024390244,6033,5905,110,0,5795,5702,187888,245,7,0,238,203
2020-12-11,US,Pennsylvania,Cambria,6709,133,0,40.49527404,-78.71377428,42021.0,0.0,0.0,5153.1584121912265,1.9824116857952008,6576,6404,122,0,6282,6278,131730,305,11,0,294,126
2020-12-11,US,Pennsylvania,Cameron,58,1,0,41.43625568,-78.20376845,42023.0,0.0,0.0,1304.250056217675,1.7241379310344829,57,47,1,0,46,42,4492,11,0,0,11,5
2020-12-11,US,Pennsylvania,Carbon,1875,73,0,40.91545395,-75.7068525,42025.0,0.0,0.0,2921.3798261194734,3.8933333333333335,1802,1823,72,0,1751,1777,64227,52,1,0,51,46
2020-12-11,US,Pennsylvania,Centre,7456,96,0,40.92058903,-77.82200624,42027.0,0.0,0.0,4591.557101949073,1.2875536480686696,7360,7154,90,0,7064,7076,162805,302,6,0,296,78
2020-12-11,US,Pennsylvania,Chester,15043,440,0,39.97291773,-75.74768357,42029.0,0.0,0.0,2865.393370146803,2.9249484810210733,14603,14794,430,0,14364,14461,522046,249,10,0,239,333
2020-12-11,US,Pennsylvania,Clarion,1495,14,0,41.19265812,-79.42413524,42031.0,0.0,0.0,3889.380300744055,0.9364548494983278,1481,1449,14,0,1435,1411,38779,46,0,0,46,38
2020-12-11,US,Pennsylvania,Clearfield,2618,25,0,41.00110782,-78.47592663,42033.0,0.0,0.0,3303.261623872311,0.9549274255156608,2593,2490,25,0,2465,2420,79388,128,0,0,128,70
2020-12-11,US,Pennsylvania,Clinton,1203,15,0,41.23255967,-77.63785995,42035.0,0.0,0.0,3113.9987575067303,1.2468827930174564,1188,1089,14,0,1075,1035,38684,114,1,0,113,54
2020-12-11,US,Pennsylvania,Columbia,1929,54,0,41.04821986,-76.40565017,42037.0,0.0,0.0,2969.3368634936273,2.7993779160186625,1875,1771,53,0,1718,1724,65456,158,1,0,157,47
2020-12-11,US,Pennsylvania,Crawford,3401,41,0,41.68447709,-80.10760592,42039.0,0.0,0.0,4018.716988266434,1.2055277859453102,3360,2803,37,0,2766,2731,85063,598,4,0,594,72
2020-12-11,US,Pennsylvania,Cumberland,7182,207,0,40.1625372,-77.26130755,42041.0,0.0,0.0,2834.589730433753,2.8822055137844615,6975,7046,202,0,6844,6784,251423,136,5,0,131,262
2020-12-11,US,Pennsylvania,Dauphin,10133,235,0,40.41377078,-76.77993242,42043.0,0.0,0.0,3641.0479376497938,2.319155235369585,9898,9895,233,0,9662,9633,277097,238,2,0,236,262
2020-12-11,US,Pennsylvania,Delaware,23810,839,0,39.91680171,-75.40243663,42045.0,0.0,0.0,4201.169128376507,3.523729525409492,22971,23408,832,0,22576,23010,564751,402,7,0,395,398
2020-12-11,US,Pennsylvania,Elk,801,10,0,41.42822061,-78.64524744,42047.0,0.0,0.0,2678.034102306921,1.2484394506866416,791,767,10,0,757,746,30169,34,0,0,34,21
2020-12-11,US,Pennsylvania,Erie,7901,116,0,41.99253829,-80.03301954,42049.0,0.0,0.0,2929.2472416656788,1.4681685862549043,7785,7667,111,0,7556,7441,272061,234,5,0,229,226
2020-12-11,US,Pennsylvania,Fayette,3884,34,0,39.92041012,-79.64291195,42051.0,0.0,0.0,3004.471123350402,0.8753861997940268,3850,3542,30,0,3512,3275,130441,342,4,0,338,267
2020-12-11,US,Pennsylvania,Forest,150,2,0,41.51095103,-79.23229292,42053.0,0.0,0.0,2069.8219953084035,1.3333333333333333,148,143,2,0,141,141,7279,7,0,0,7,2
2020-12-11,US,Pennsylvania,Franklin,6229,158,0,39.92956518,-77.72157791,42055.0,0.0,0.0,4018.0097660407537,2.5365227163268584,6071,6042,152,0,5890,5899,154835,187,6,0,181,143
2020-12-11,US,Pennsylvania,Fulton,477,7,0,39.92913544,-78.11163677,42057.0,0.0,0.0,3282.8630419821056,1.4675052410901468,470,467,7,0,460,446,14523,10,0,0,10,21
2020-12-11,US,Pennsylvania,Greene,1030,6,0,39.85746531,-80.22357106,42059.0,0.0,0.0,2842.7124444567107,0.5825242718446602,1024,975,6,0,969,949,36506,55,0,0,55,26
2020-12-11,US,Pennsylvania,Huntingdon,2163,67,0,40.42162652,-77.97673273,42061.0,0.0,0.0,4791.334396597555,3.0975496994914464,2096,2076,67,0,2009,2035,45168,87,0,0,87,41
2020-12-11,US,Pennsylvania,Indiana,3217,72,0,40.65241041,-79.08963285,42063.0,0.0,0.0,3826.436549189395,2.23811004041032,3145,3130,72,0,3058,3094,84501,87,0,0,87,36
2020-12-11,US,Pennsylvania,Jefferson,1331,11,0,41.12913106,-78.9986361,42065.0,0.0,0.0,3065.0546919976973,0.8264462809917356,1320,1278,9,0,1269,1243,43641,53,2,0,51,35
2020-12-11,US,Pennsylvania,Juniata,972,25,0,40.53358749,-77.39975129999998,42067.0,0.0,0.0,3925.21100028268,2.57201646090535,947,899,21,0,878,849,24704,73,4,0,69,50
2020-12-11,US,Pennsylvania,Lackawanna,6358,244,0,41.43564672,-75.60379201,42069.0,0.0,0.0,3032.326373322396,3.8376848065429376,6114,6175,238,0,5937,6034,210793,183,6,0,177,141
2020-12-11,US,Pennsylvania,Lancaster,21192,582,0,40.03904563,-76.24770128,42071.0,0.0,0.0,3883.2816588605233,2.7463193657984144,20610,20714,577,0,20137,20233,543557,478,5,0,473,481
2020-12-11,US,Pennsylvania,Lawrence,3036,87,0,40.99206278,-80.33393706,42073.0,0.0,0.0,3550.3788941902885,2.865612648221344,2949,2931,87,0,2844,2862,86184,105,0,0,105,69
2020-12-11,US,Pennsylvania,Lebanon,6613,128,0,40.36680311,-76.45651841,42075.0,0.0,0.0,4663.840951245829,1.935581430515651,6485,6514,128,0,6386,6385,141314,99,0,0,99,129
2020-12-11,US,Pennsylvania,Lehigh,14678,422,0,40.6154815,-75.59435245,42077.0,0.0,0.0,3974.352725835188,2.875051096879684,14256,14384,416,0,13968,14013,368100,294,6,0,288,371
2020-12-11,US,Pennsylvania,Luzerne,12478,348,0,41.17823008,-75.98447579,42079.0,0.0,0.0,3931.106399468208,2.788908478922904,12130,12222,343,0,11879,11931,317646,256,5,0,251,291
2020-12-11,US,Pennsylvania,Lycoming,3532,59,0,41.34310539,-77.06629984,42081.0,0.0,0.0,3117.4149815973665,1.6704416761041905,3473,3284,53,0,3231,3057,113664,248,6,0,242,227
2020-12-11,US,Pennsylvania,McKean,979,6,0,41.80938602,-78.56478358,42083.0,0.0,0.0,2409.846153846154,0.6128702757916241,973,954,5,0,949,894,40968,25,1,0,24,60
2020-12-11,US,Pennsylvania,Mercer,4164,68,0,41.30248872,-80.25816981,42085.0,0.0,0.0,3805.3809036408834,1.6330451488952933,4096,4010,66,0,3944,3910,110683,154,2,0,152,100
2020-12-11,US,Pennsylvania,Mifflin,2633,71,0,40.61116939,-77.61070738,42087.0,0.0,0.0,5706.792665481817,2.6965438663121915,2562,2656,63,0,2593,2441,46222,0,8,0,-31,215
2020-12-11,US,Pennsylvania,Monroe,4475,170,0,41.05934058,-75.34031025,42089.0,0.0,0.0,2628.163339617433,3.798882681564246,4305,4399,168,0,4231,4264,169507,76,2,0,74,135
2020-12-11,US,Pennsylvania,Montgomery,27434,1000,0,40.21053671,-75.36652296,42091.0,0.0,0.0,3301.661421445033,3.6451119049354817,26434,26818,991,0,25827,26123,828604,616,9,0,607,695
2020-12-11,US,Pennsylvania,Montour,1285,16,0,41.03023987,-76.66345939,42093.0,0.0,0.0,3614.920460778936,1.245136186770428,1269,1285,16,0,1269,1119,18240,0,0,0,0,166
2020-12-11,US,Pennsylvania,Northampton,11908,357,0,40.75182733,-75.30471829,42095.0,0.0,0.0,3900.617455819971,2.9979845482028886,11551,11639,352,0,11287,11226,304807,269,5,0,264,413
2020-12-11,US,Pennsylvania,Northumberland,3523,162,0,40.84785433,-76.70798222,42097.0,0.0,0.0,3878.119392798565,4.598353675844451,3361,3339,158,0,3181,3272,91083,184,4,0,180,67
2020-12-11,US,Pennsylvania,Perry,1018,16,0,40.40206612,-77.26297447,42099.0,0.0,0.0,2200.0345781466112,1.5717092337917484,1002,954,15,0,939,920,46139,64,1,0,63,34
2020-12-11,US,Pennsylvania,Philadelphia,79646,2127,0,40.00338507,-75.1379271,42101.0,0.0,0.0,5027.953416023595,2.6705672601260577,77519,78565,2117,0,76448,77601,1584138,1081,10,0,1071,964
2020-12-11,US,Pennsylvania,Pike,1034,29,0,41.33155042,-75.03208106,42103.0,0.0,0.0,1852.7477646974505,2.8046421663442938,1005,1018,29,0,989,1007,55933,16,0,0,16,11
2020-12-11,US,Pennsylvania,Potter,389,9,0,41.74471626,-77.89559864,42105.0,0.0,0.0,2353.866634394288,2.3136246786632397,380,383,9,0,374,372,16622,6,0,0,6,11
2020-12-11,US,Pennsylvania,Schuylkill,5349,203,0,40.70497338,-76.2150785,42107.0,0.0,0.0,3783.9826257967297,3.795101888203402,5146,5080,201,0,4879,4957,142067,269,2,0,267,123
2020-12-11,US,Pennsylvania,Snyder,1356,30,0,40.77129231,-77.06840691,42109.0,0.0,0.0,3358.7634994550676,2.2123893805309733,1326,1306,30,0,1276,1272,40540,50,0,0,50,34
2020-12-11,US,Pennsylvania,Somerset,2937,31,0,39.97172723,-79.02699593,42111.0,0.0,0.0,3998.8018571214616,1.055498808307797,2906,2719,31,0,2688,2642,73952,218,0,0,218,77
2020-12-11,US,Pennsylvania,Sullivan,104,2,0,41.44634738,-76.51246591,42113.0,0.0,0.0,1714.4741180349488,1.9230769230769231,102,98,1,0,97,92,6071,6,1,0,5,6
2020-12-11,US,Pennsylvania,Susquehanna,760,36,0,41.82147784,-75.80071959,42115.0,0.0,0.0,1884.5467169212461,4.7368421052631575,724,744,36,0,708,731,40589,16,0,0,16,13
2020-12-11,US,Pennsylvania,Tioga,1488,38,0,41.77255149,-77.25433032,42117.0,0.0,0.0,3665.837254563819,2.553763440860215,1450,1443,35,0,1408,1336,40763,45,3,0,42,107
2020-12-11,US,Pennsylvania,Union,2100,19,0,40.96188846,-77.05996014,42119.0,0.0,0.0,4674.665538810854,0.9047619047619048,2081,2039,19,0,2020,1984,44785,61,0,0,61,55
2020-12-11,US,Pennsylvania,Venango,1495,17,0,41.40323442,-79.75845449,42121.0,0.0,0.0,2950.580247888213,1.1371237458193981,1478,1448,16,0,1432,1416,51266,47,1,0,46,32
2020-12-11,US,Pennsylvania,Warren,718,3,0,41.81304978,-79.26969577,42123.0,0.0,0.0,1832.0532775382105,0.4178272980501393,715,685,2,0,683,630,39498,33,1,0,32,55
2020-12-11,US,Pennsylvania,Washington,6224,88,0,40.19208869,-80.24582867,42125.0,0.0,0.0,3008.7254973050067,1.4138817480719794,6136,5930,85,0,5845,5789,207346,294,3,0,291,141
2020-12-11,US,Pennsylvania,Wayne,854,13,0,41.64938475,-75.29956506,42127.0,0.0,0.0,1662.7402114444812,1.5222482435597189,841,772,13,0,759,746,51276,82,0,0,82,26
2020-12-11,US,Pennsylvania,Westmoreland,13026,280,0,40.31377979999999,-79.46615476,42129.0,0.0,0.0,3733.458680019146,2.149547059726701,12746,12369,273,0,12096,11864,350611,657,7,0,650,505
2020-12-11,US,Pennsylvania,Wyoming,573,29,0,41.51955538,-76.01074915,42131.0,0.0,0.0,2138.5384787639027,5.0610820244328085,544,555,29,0,526,539,27046,18,0,0,18,16
2020-12-11,US,Pennsylvania,York,15879,287,0,39.9210089,-76.73040131,42133.0,0.0,0.0,3536.0688374330266,1.8074186031865984,15592,15531,280,0,15251,14950,448273,348,7,0,341,581
2020-12-11,US,Puerto Rico,Adjuntas,208,0,0,18.180117000000006,-66.754367,72001.0,0.0,0.0,1197.9496630766573,0.0,208,183,0,0,183,180,,25,0,0,25,3
2020-12-11,US,Puerto Rico,Aguada,528,0,0,18.360255,-67.17513100000001,72003.0,0.0,0.0,1438.9273450700387,0.0,528,508,0,0,508,503,,20,0,0,20,5
2020-12-11,US,Puerto Rico,Aguadilla,610,0,0,18.459681,-67.12081500000001,72005.0,0.0,0.0,1213.5680891276234,0.0,610,604,0,0,604,576,,6,0,0,6,28
2020-12-11,US,Puerto Rico,Aguas Buenas,391,0,0,18.251619,-66.126806,72007.0,0.0,0.0,1575.7233819617954,0.0,391,383,0,0,383,377,,8,0,0,8,6
2020-12-11,US,Puerto Rico,Aibonito,237,0,0,18.131361,-66.264131,72009.0,0.0,0.0,1072.0101320788854,0.0,237,226,0,0,226,225,,11,0,0,11,1
2020-12-11,US,Puerto Rico,Anasco,363,0,0,18.287985,-67.120611,72011.0,0.0,0.0,1387.5616375520813,0.0,363,347,0,0,347,344,,16,0,0,16,3
2020-12-11,US,Puerto Rico,Arecibo,1338,0,0,18.406631,-66.675077,72013.0,0.0,0.0,1632.3841592855576,0.0,1338,1253,0,0,1253,1242,,85,0,0,85,11
2020-12-11,US,Puerto Rico,Arroyo,103,0,0,17.998457000000005,-66.056546,72015.0,0.0,0.0,597.5171133542174,0.0,103,101,0,0,101,101,,2,0,0,2,0
2020-12-11,US,Puerto Rico,Barceloneta,362,0,0,18.445532999999998,-66.56053100000001,72017.0,0.0,0.0,1525.6880347283686,0.0,362,342,0,0,342,339,,20,0,0,20,3
2020-12-11,US,Puerto Rico,Barranquitas,526,0,0,18.201592,-66.30963,72019.0,0.0,0.0,1897.204688908927,0.0,526,508,0,0,508,506,,18,0,0,18,2
2020-12-11,US,Puerto Rico,Bayamon,4614,0,0,18.34946,-66.168435,72021.0,0.0,0.0,2725.8387536997325,0.0,4614,4496,0,0,4496,4466,,118,0,0,118,30
2020-12-11,US,Puerto Rico,Cabo Rojo,322,0,0,18.040993,-67.154391,72023.0,0.0,0.0,677.6807324002947,0.0,322,317,0,0,317,310,,5,0,0,5,7
2020-12-11,US,Puerto Rico,Caguas,2649,0,0,18.211615,-66.050779,72025.0,0.0,0.0,2125.9008394459343,0.0,2649,2586,0,0,2586,2561,,63,0,0,63,25
2020-12-11,US,Puerto Rico,Camuy,564,0,0,18.418578,-66.860206,72027.0,0.0,0.0,1848.9378442171521,0.0,564,538,0,0,538,530,,26,0,0,26,8
2020-12-11,US,Puerto Rico,Canovanas,825,0,0,18.328802,-65.887612,72029.0,0.0,0.0,1846.7117338944352,0.0,825,814,0,0,814,811,,11,0,0,11,3
2020-12-11,US,Puerto Rico,Carolina,4084,0,0,18.374986,-65.95683100000001,72031.0,0.0,0.0,2778.533717955696,0.0,4084,4014,0,0,4014,3995,,70,0,0,70,19
2020-12-11,US,Puerto Rico,Catano,552,0,0,18.437269,-66.14330600000001,72033.0,0.0,0.0,2387.439989619826,0.0,552,541,0,0,541,537,,11,0,0,11,4
2020-12-11,US,Puerto Rico,Cayey,532,0,0,18.102851,-66.14914,72035.0,0.0,0.0,1254.4507062180196,0.0,532,513,0,0,513,508,,19,0,0,19,5
2020-12-11,US,Puerto Rico,Ceiba,133,0,0,18.251818,-65.666416,72037.0,0.0,0.0,1219.7358767424796,0.0,133,133,0,0,133,133,,0,0,0,0,0
2020-12-11,US,Puerto Rico,Ciales,401,0,0,18.28885,-66.516475,72039.0,0.0,0.0,2536.6902834008097,0.0,401,386,0,0,386,384,,15,0,0,15,2
2020-12-11,US,Puerto Rico,Cidra,520,0,0,18.173559,-66.161179,72041.0,0.0,0.0,1357.4542511812465,0.0,520,496,0,0,496,490,,24,0,0,24,6
2020-12-11,US,Puerto Rico,Coamo,310,0,0,18.097597,-66.36014,72043.0,0.0,0.0,808.6393989983305,0.0,310,302,0,0,302,299,,8,0,0,8,3
2020-12-11,US,Puerto Rico,Comerio,308,0,0,18.224687,-66.221622,72045.0,0.0,0.0,1651.6516516516517,0.0,308,306,0,0,306,302,,2,0,0,2,4
2020-12-11,US,Puerto Rico,Corozal,747,0,0,18.304264,-66.327738,72047.0,0.0,0.0,2313.1948100207474,0.0,747,724,0,0,724,718,,23,0,0,23,6
2020-12-11,US,Puerto Rico,Culebra,20,0,0,18.31586,-65.28813000000001,72049.0,0.0,0.0,1166.8611435239204,0.0,20,20,0,0,20,20,,0,0,0,0,0
2020-12-11,US,Puerto Rico,Dorado,972,0,0,18.436115,-66.278669,72051.0,0.0,0.0,2689.4662571594586,0.0,972,938,0,0,938,918,,34,0,0,34,20
2020-12-11,US,Puerto Rico,Fajardo,422,0,0,18.318373,-65.666866,72053.0,0.0,0.0,1432.7425816527466,0.0,422,417,0,0,417,417,,5,0,0,5,0
2020-12-11,US,Puerto Rico,Florida,239,0,0,18.373715,-66.560488,72054.0,0.0,0.0,2111.8671025890253,0.0,239,229,0,0,229,229,,10,0,0,10,0
2020-12-11,US,Puerto Rico,Guanica,104,0,0,17.982429,-66.91964300000001,72055.0,0.0,0.0,676.0709874536826,0.0,104,104,0,0,104,103,,0,0,0,0,1
2020-12-11,US,Puerto Rico,Guayama,330,0,0,18.007516,-66.13390799999999,72057.0,0.0,0.0,836.1839604713035,0.0,330,328,0,0,328,317,,2,0,0,2,11
2020-12-11,US,Puerto Rico,Guayanilla,139,0,0,18.039942,-66.79186,72059.0,0.0,0.0,788.7419849060885,0.0,139,137,0,0,137,136,,2,0,0,2,1
2020-12-11,US,Puerto Rico,Guaynabo,2167,0,0,18.345114000000002,-66.11452299999999,72061.0,0.0,0.0,2588.142556850755,0.0,2167,2135,0,0,2135,2124,,32,0,0,32,11
2020-12-11,US,Puerto Rico,Gurabo,848,0,0,18.266461,-65.97970500000001,72063.0,0.0,0.0,1800.6922472554306,0.0,848,824,0,0,824,817,,24,0,0,24,7
2020-12-11,US,Puerto Rico,Hatillo,535,0,0,18.410928,-66.79632600000001,72065.0,0.0,0.0,1364.1695139986741,0.0,535,504,0,0,504,499,,31,0,0,31,5
2020-12-11,US,Puerto Rico,Hormigueros,194,0,0,18.134532,-67.113972,72067.0,0.0,0.0,1250.1611032349526,0.0,194,193,0,0,193,189,,1,0,0,1,4
2020-12-11,US,Puerto Rico,Humacao,617,0,0,18.145211,-65.810174,72069.0,0.0,0.0,1218.0917221092532,0.0,617,610,0,0,610,609,,7,0,0,7,1
2020-12-11,US,Puerto Rico,Isabela,476,0,0,18.44981,-67.005093,72071.0,0.0,0.0,1177.54743586572,0.0,476,471,0,0,471,467,,5,0,0,5,4
2020-12-11,US,Puerto Rico,Jayuya,135,0,0,18.211446,-66.58878,72073.0,0.0,0.0,971.8522784536748,0.0,135,134,0,0,134,134,,1,0,0,1,0
2020-12-11,US,Puerto Rico,Juana Diaz,442,0,0,18.050764,-66.49458100000001,72075.0,0.0,0.0,989.2790796571097,0.0,442,437,0,0,437,427,,5,0,0,5,10
2020-12-11,US,Puerto Rico,Juncos,667,0,0,18.223793,-65.909109,72077.0,0.0,0.0,1748.1326169571485,0.0,667,657,0,0,657,653,,10,0,0,10,4
2020-12-11,US,Puerto Rico,Lajas,108,0,0,18.011661,-67.040585,72079.0,0.0,0.0,490.6860517946389,0.0,108,107,0,0,107,107,,1,0,0,1,0
2020-12-11,US,Puerto Rico,Lares,324,0,0,18.269035000000002,-66.867236,72081.0,0.0,0.0,1334.6515076618882,0.0,324,317,0,0,317,314,,7,0,0,7,3
2020-12-11,US,Puerto Rico,Las Marias,96,0,0,18.23679,-66.98362,72083.0,0.0,0.0,1211.0508389050085,0.0,96,92,0,0,92,91,,4,0,0,4,1
2020-12-11,US,Puerto Rico,Las Piedras,545,0,0,18.187527,-65.86946800000001,72085.0,0.0,0.0,1472.694355122004,0.0,545,538,0,0,538,536,,7,0,0,7,2
2020-12-11,US,Puerto Rico,Loiza,419,0,0,18.425688,-65.89943000000001,72087.0,0.0,0.0,1706.5124424713886,0.0,419,400,0,0,400,400,,19,0,0,19,0
2020-12-11,US,Puerto Rico,Luquillo,243,0,0,18.342114000000002,-65.72509699999999,72089.0,0.0,0.0,1375.6014718369659,0.0,243,241,0,0,241,236,,2,0,0,2,5
2020-12-11,US,Puerto Rico,Manati,629,0,0,18.420473,-66.490461,72091.0,0.0,0.0,1686.9150105935046,0.0,629,606,0,0,606,605,,23,0,0,23,1
2020-12-11,US,Puerto Rico,Maricao,53,0,0,18.171795,-66.942126,72093.0,0.0,0.0,976.0589318600368,0.0,53,53,0,0,53,53,,0,0,0,0,0
2020-12-11,US,Puerto Rico,Maunabo,120,0,0,18.017889,-65.922235,72095.0,0.0,0.0,1162.6780350741208,0.0,120,116,0,0,116,116,,4,0,0,4,0
2020-12-11,US,Puerto Rico,Mayaguez,813,0,0,18.2013,-67.1452,72097.0,0.0,0.0,1136.5860478121067,0.0,813,793,0,0,793,787,,20,0,0,20,6
2020-12-11,US,Puerto Rico,Moca,610,0,0,18.377805,-67.080952,72099.0,0.0,0.0,1748.3018543463932,0.0,610,588,0,0,588,575,,22,0,0,22,13
2020-12-11,US,Puerto Rico,Morovis,670,0,0,18.316963,-66.420383,72101.0,0.0,0.0,2208.6698533047634,0.0,670,643,0,0,643,638,,27,0,0,27,5
2020-12-11,US,Puerto Rico,Naguabo,375,0,0,18.230636999999998,-65.753897,72103.0,0.0,0.0,1455.6888319552813,0.0,375,368,0,0,368,368,,7,0,0,7,0
2020-12-11,US,Puerto Rico,Naranjito,684,0,0,18.288019,-66.252703,72105.0,0.0,0.0,2501.005521225639,0.0,684,667,0,0,667,663,,17,0,0,17,4
2020-12-11,US,Puerto Rico,Orocovis,363,0,0,18.215046,-66.433604,72107.0,0.0,0.0,1795.2522255192878,0.0,363,355,0,0,355,354,,8,0,0,8,1
2020-12-11,US,Puerto Rico,Out of PR,188,0,0,0.0,0.0,72888.0,0.0,0.0,0.0,0.0,188,187,0,0,187,187,,1,0,0,1,0
2020-12-11,US,Puerto Rico,Patillas,140,0,0,18.03174,-66.012242,72109.0,0.0,0.0,863.6111282462524,0.0,140,134,0,0,134,130,,6,0,0,6,4
2020-12-11,US,Puerto Rico,Penuelas,239,0,0,18.059645,-66.721572,72111.0,0.0,0.0,1241.622941451504,0.0,239,236,0,0,236,226,,3,0,0,3,10
2020-12-11,US,Puerto Rico,Ponce,1166,0,0,18.059498,-66.613748,72113.0,0.0,0.0,884.1303902760823,0.0,1166,1154,0,0,1154,1142,,12,0,0,12,12
2020-12-11,US,Puerto Rico,Quebradillas,354,0,0,18.439692,-66.926113,72115.0,0.0,0.0,1544.6374029147394,0.0,354,339,0,0,339,337,,15,0,0,15,2
2020-12-11,US,Puerto Rico,Rincon,183,0,0,18.335442999999998,-67.23174,72117.0,0.0,0.0,1340.0702987697716,0.0,183,183,0,0,183,182,,0,0,0,0,1
2020-12-11,US,Puerto Rico,Rio Grande,760,0,0,18.346329,-65.813742,72119.0,0.0,0.0,1582.5091098386258,0.0,760,750,0,0,750,733,,10,0,0,10,17
2020-12-11,US,Puerto Rico,Sabana Grande,135,0,0,18.08282,-66.943758,72121.0,0.0,0.0,621.7759764185704,0.0,135,133,0,0,133,127,,2,0,0,2,6
2020-12-11,US,Puerto Rico,Salinas,324,0,0,18.010386999999994,-66.256592,72123.0,0.0,0.0,1194.3379534060746,0.0,324,319,0,0,319,297,,5,0,0,5,22
2020-12-11,US,Puerto Rico,San German,207,0,0,18.111484,-67.03858100000001,72125.0,0.0,0.0,684.8182088860952,0.0,207,205,0,0,205,206,,2,0,0,2,0
2020-12-11,US,Puerto Rico,San Juan,9476,0,0,18.386933,-66.061128,72127.0,0.0,0.0,2975.7474697039643,0.0,9476,9312,0,0,9312,9266,,164,0,0,164,46
2020-12-11,US,Puerto Rico,San Lorenzo,714,0,0,18.147987,-65.976392,72129.0,0.0,0.0,1983.9395370807752,0.0,714,695,0,0,695,694,,19,0,0,19,1
2020-12-11,US,Puerto Rico,San Sebastian,640,0,0,18.328646,-66.971214,72131.0,0.0,0.0,1801.3960819635215,0.0,640,618,0,0,618,613,,22,0,0,22,5
2020-12-11,US,Puerto Rico,Santa Isabel,176,0,0,17.994525,-66.388913,72133.0,0.0,0.0,829.8363902117026,0.0,176,168,0,0,168,165,,8,0,0,8,3
2020-12-11,US,Puerto Rico,Toa Alta,1811,0,0,18.362406,-66.246616,72135.0,0.0,0.0,2514.404720583131,0.0,1811,1775,0,0,1775,1765,,36,0,0,36,10
2020-12-11,US,Puerto Rico,Toa Baja,1860,0,0,18.431445999999998,-66.213553,72137.0,0.0,0.0,2504.3422062446984,0.0,1860,1813,0,0,1813,1806,,47,0,0,47,7
2020-12-11,US,Puerto Rico,Trujillo Alto,1476,0,0,18.336159,-65.99888399999999,72139.0,0.0,0.0,2318.057605930207,0.0,1476,1449,0,0,1449,1442,,27,0,0,27,7
2020-12-11,US,Puerto Rico,Unassigned,1768,1249,0,0.0,0.0,72999.0,0.0,0.0,0.0,70.6447963800905,519,1681,1238,0,443,1667,,87,11,0,76,14
2020-12-11,US,Puerto Rico,Utuado,382,0,0,18.271214,-66.702984,72141.0,0.0,0.0,1394.4150392407373,0.0,382,360,0,0,360,356,,22,0,0,22,4
2020-12-11,US,Puerto Rico,Vega Alta,888,0,0,18.409346,-66.33725,72143.0,0.0,0.0,2462.494107207232,0.0,888,861,0,0,861,859,,27,0,0,27,2
2020-12-11,US,Puerto Rico,Vega Baja,1376,0,0,18.428262,-66.397924,72145.0,0.0,0.0,2750.734662055455,0.0,1376,1307,0,0,1307,1302,,69,0,0,69,5
2020-12-11,US,Puerto Rico,Vieques,53,0,0,18.123276,-65.44097099999999,72147.0,0.0,0.0,632.0057238254233,0.0,53,52,0,0,52,51,,1,0,0,1,1
2020-12-11,US,Puerto Rico,Villalba,390,0,0,18.127951,-66.473115,72149.0,0.0,0.0,1824.8175182481752,0.0,390,385,0,0,385,378,,5,0,0,5,7
2020-12-11,US,Puerto Rico,Yabucoa,333,0,0,18.070399,-65.896289,72151.0,0.0,0.0,1031.5346013258163,0.0,333,328,0,0,328,328,,5,0,0,5,0
2020-12-11,US,Puerto Rico,Yauco,377,0,0,18.080374,-66.858814,72153.0,0.0,0.0,1122.8592702903945,0.0,377,371,0,0,371,364,,6,0,0,6,7
2020-12-11,US,Rhode Island,Bristol,1584,53,0,41.71018079,-71.28652315,44001.0,0.0,0.0,3267.394129416861,3.345959595959596,1531,1584,53,0,1531,1584,48649,0,0,0,0,0
2020-12-11,US,Rhode Island,Kent,7342,153,0,41.67106337,-71.57641596,44003.0,0.0,0.0,4468.872495313223,2.083900844456551,7189,7342,153,0,7189,7342,163861,0,0,0,0,0
2020-12-11,US,Rhode Island,Newport,1648,11,0,41.5642026,-71.26569799,44005.0,0.0,0.0,2007.748349211764,0.6674757281553398,1637,1648,11,0,1637,1648,82542,0,0,0,0,0
2020-12-11,US,Rhode Island,Providence,46213,1114,0,41.87064746,-71.57753536,44007.0,0.0,0.0,7232.862390461569,2.4105771103369182,45099,46213,1114,0,45099,46213,636084,0,0,0,0,0
2020-12-11,US,Rhode Island,Unassigned,10887,82,0,0.0,0.0,90044.0,0.0,0.0,0.0,0.7531918802241205,10805,9316,71,0,9245,8368,,1571,11,0,1560,948
2020-12-11,US,Rhode Island,Washington,3144,96,0,41.45961631,-71.61435303,44009.0,0.0,0.0,2503.643183066963,3.053435114503817,3048,3144,96,0,3048,3144,126179,0,0,0,0,0
2020-12-11,US,South Carolina,Abbeville,1079,23,0,34.22333378,-82.46170658,45001.0,0.0,0.0,4399.233497777959,2.131603336422613,1056,1066,23,0,1043,1058,24541,13,0,0,13,8
2020-12-11,US,South Carolina,Aiken,7331,110,0,33.54338026,-81.63645384,45003.0,0.0,0.0,4290.345989980804,1.5004774246351111,7221,7171,109,0,7062,7122,169401,160,1,0,159,49
2020-12-11,US,South Carolina,Allendale,465,9,0,32.98837386,-81.35321066,45005.0,0.0,0.0,5352.209944751381,1.935483870967742,456,464,9,0,455,464,8903,1,0,0,1,0
2020-12-11,US,South Carolina,Anderson,9314,246,0,34.51828081,-82.63959517,45007.0,0.0,0.0,4598.189160635472,2.641185312432897,9068,9173,241,0,8932,9051,200482,141,5,0,136,122
2020-12-11,US,South Carolina,Bamberg,812,38,0,33.21927586,-81.05659969,45009.0,0.0,0.0,5772.78544006825,4.679802955665025,774,805,38,0,767,800,14275,7,0,0,7,5
2020-12-11,US,South Carolina,Barnwell,1084,26,0,33.26679302,-81.43584352,45011.0,0.0,0.0,5195.0541550848275,2.3985239852398523,1058,1065,26,0,1039,1060,21112,19,0,0,19,5
2020-12-11,US,South Carolina,Beaufort,7870,95,0,32.39226291,-80.72619758,45013.0,0.0,0.0,4096.35544081365,1.2071156289707752,7775,7766,95,0,7671,7697,188715,104,0,0,104,69
2020-12-11,US,South Carolina,Berkeley,7783,109,0,33.20222596,-79.94654523,45015.0,0.0,0.0,3414.9894474500566,1.4004882436078634,7674,7725,106,0,7619,7659,221091,58,3,0,55,66
2020-12-11,US,South Carolina,Calhoun,611,19,0,33.66926881,-80.77722168,45017.0,0.0,0.0,4198.447055589912,3.1096563011456633,592,601,19,0,582,594,14520,10,0,0,10,7
2020-12-11,US,South Carolina,Charleston,21356,302,0,32.82487866,-79.96512315,45019.0,0.0,0.0,5190.97922733261,1.4141224948492228,21054,21236,302,0,20934,21102,405905,120,0,0,120,134
2020-12-11,US,South Carolina,Cherokee,2456,71,0,35.05122251,-81.61828622,45021.0,0.0,0.0,4286.212914485166,2.8908794788273617,2385,2404,70,0,2334,2390,57078,52,1,0,51,14
2020-12-11,US,South Carolina,Chester,1793,38,0,34.69249168,-81.1583216,45023.0,0.0,0.0,5560.72447587148,2.1193530395984386,1755,1764,38,0,1726,1760,32251,29,0,0,29,4
2020-12-11,US,South Carolina,Chesterfield,1937,57,0,34.64137396,-80.15640140000002,45025.0,0.0,0.0,4243.15443592552,2.9426948890036138,1880,1922,57,0,1865,1912,45754,15,0,0,15,10
2020-12-11,US,South Carolina,Clarendon,1494,71,0,33.66610974,-80.21647898,45027.0,0.0,0.0,4427.3225663061185,4.7523427041499335,1423,1477,70,0,1407,1470,33700,17,1,0,16,7
2020-12-11,US,South Carolina,Colleton,1591,51,0,32.87582989,-80.67641292,45029.0,0.0,0.0,4222.73535578735,3.2055311125078565,1540,1585,51,0,1534,1574,37660,6,0,0,6,11
2020-12-11,US,South Carolina,Darlington,3481,80,0,34.33358335,-79.96027485,45031.0,0.0,0.0,5225.314479570086,2.298190175237001,3401,3440,80,0,3360,3407,66802,41,0,0,41,33
2020-12-11,US,South Carolina,Dillon,1773,54,0,34.39007791,-79.37741872,45033.0,0.0,0.0,5817.119984251452,3.045685279187817,1719,1730,54,0,1676,1699,30599,43,0,0,43,31
2020-12-11,US,South Carolina,Dorchester,6586,117,0,33.0794369,-80.40502652,45035.0,0.0,0.0,4045.2309147528704,1.7764955967203158,6469,6515,115,0,6400,6437,160647,71,2,0,69,78
2020-12-11,US,South Carolina,Edgefield,1302,25,0,33.77221995,-81.96231108,45037.0,0.0,0.0,4776.228906823184,1.9201228878648235,1277,1286,25,0,1261,1278,27052,16,0,0,16,8
2020-12-11,US,South Carolina,Fairfield,1140,47,0,34.39287073,-81.1195624,45039.0,0.0,0.0,5101.355886696201,4.1228070175438605,1093,1128,46,0,1082,1123,22402,12,1,0,11,5
2020-12-11,US,South Carolina,Florence,7736,224,0,34.02361754,-79.70189312,45041.0,0.0,0.0,5593.9201550331545,2.8955532574974145,7512,7598,224,0,7374,7511,138159,138,0,0,138,87
2020-12-11,US,South Carolina,Georgetown,3063,70,0,33.43443342,-79.33202141,45043.0,0.0,0.0,4886.726228462029,2.285341168788769,2993,2987,70,0,2917,2970,62249,76,0,0,76,17
2020-12-11,US,South Carolina,Greenville,27935,434,0,34.89502264,-82.37295012,45045.0,0.0,0.0,5335.770578100706,1.5536065867191695,27501,27396,428,0,26968,27081,514213,539,6,0,533,315
2020-12-11,US,South Carolina,Greenwood,3454,86,0,34.15272415,-82.12715789,45047.0,0.0,0.0,4877.773227323439,2.4898668210770123,3368,3387,86,0,3301,3364,70741,67,0,0,67,23
2020-12-11,US,South Carolina,Hampton,923,35,0,32.77419582,-81.13845571,45049.0,0.0,0.0,4801.789616064925,3.791982665222102,888,907,35,0,872,904,19351,16,0,0,16,3
2020-12-11,US,South Carolina,Horry,16559,283,0,33.9212828,-78.99555293,45051.0,0.0,0.0,4676.613543228809,1.7090404009903983,16276,16416,279,0,16137,16277,344147,143,4,0,139,139
2020-12-11,US,South Carolina,Jasper,1145,24,0,32.43171982,-81.02487495,45053.0,0.0,0.0,3807.401988494663,2.096069868995633,1121,1124,24,0,1100,1120,28971,21,0,0,21,4
2020-12-11,US,South Carolina,Kershaw,3228,70,0,34.33988254,-80.58763164,45055.0,0.0,0.0,4850.415470841911,2.168525402726146,3158,3202,70,0,3132,3186,65592,26,0,0,26,16
2020-12-11,US,South Carolina,Lancaster,3977,72,0,34.68270843,-80.70513032,45057.0,0.0,0.0,4057.6664081949148,1.8104098566758864,3905,3906,70,0,3836,3874,95380,71,2,0,69,32
2020-12-11,US,South Carolina,Laurens,2820,71,0,34.48244419,-82.00490796,45059.0,0.0,0.0,4178.211073740979,2.517730496453901,2749,2759,72,0,2687,2750,66994,61,0,0,62,9
2020-12-11,US,South Carolina,Lee,944,40,0,34.16393091,-80.25690731,45061.0,0.0,0.0,5609.698122177323,4.2372881355932215,904,939,40,0,899,936,17142,5,0,0,5,3
2020-12-11,US,South Carolina,Lexington,12846,243,0,33.89665987,-81.27146426,45063.0,0.0,0.0,4299.916317991632,1.8916394208313871,12603,12690,242,0,12448,12554,295032,156,1,0,155,136
2020-12-11,US,South Carolina,Marion,1470,49,0,34.07859748,-79.36400756,45067.0,0.0,0.0,4794.989725022017,3.333333333333333,1421,1447,49,0,1398,1441,31039,23,0,0,23,6
2020-12-11,US,South Carolina,Marlboro,1616,20,0,34.59905577,-79.67561152,45069.0,0.0,0.0,6187.30377517421,1.2376237623762376,1596,1597,20,0,1577,1587,26398,19,0,0,19,10
2020-12-11,US,South Carolina,McCormick,376,8,0,33.90161443,-82.30794338,45065.0,0.0,0.0,3973.369967240833,2.127659574468085,368,373,8,0,365,372,9410,3,0,0,3,1
2020-12-11,US,South Carolina,Newberry,2343,69,0,34.28629098,-81.59935761,45071.0,0.0,0.0,6095.213319458897,2.9449423815621,2274,2326,68,0,2258,2298,38520,17,1,0,16,28
2020-12-11,US,South Carolina,Oconee,3985,46,0,34.75225169,-83.06742317,45073.0,0.0,0.0,5009.6799336233125,1.1543287327478042,3939,3924,45,0,3879,3876,78374,61,1,0,60,48
2020-12-11,US,South Carolina,Orangeburg,4228,140,0,33.4391073,-80.79886287,45075.0,0.0,0.0,4906.29532927183,3.3112582781456954,4088,4170,139,0,4031,4120,86934,58,1,0,57,50
2020-12-11,US,South Carolina,Pickens,7703,105,0,34.88807695,-82.72791551,45077.0,0.0,0.0,6070.899404180196,1.3631052836557185,7598,7572,100,0,7472,7457,124937,131,5,0,126,115
2020-12-11,US,South Carolina,Richland,22375,313,0,34.01791263,-80.90267209,45079.0,0.0,0.0,5381.723546573857,1.398882681564246,22062,22183,312,0,21871,22004,414576,192,1,0,191,179
2020-12-11,US,South Carolina,Saluda,855,27,0,34.00795823,-81.72713237,45081.0,0.0,0.0,4176.232110584672,3.1578947368421053,828,847,27,0,820,835,20544,8,0,0,8,12
2020-12-11,US,South Carolina,Spartanburg,14927,314,0,34.92960077,-81.99225984,45083.0,0.0,0.0,4667.823694044436,2.1035707107925234,14613,14560,306,0,14254,14391,313888,367,8,0,359,169
2020-12-11,US,South Carolina,Sumter,4662,105,0,33.91826534,-80.37942316,45085.0,0.0,0.0,4368.399846328277,2.2522522522522523,4557,4573,104,0,4469,4538,106512,89,1,0,88,35
2020-12-11,US,South Carolina,Union,1245,33,0,34.68835752,-81.61730349,45087.0,0.0,0.0,4557.768340899107,2.6506024096385543,1212,1221,33,0,1188,1220,27410,24,0,0,24,1
2020-12-11,US,South Carolina,Williamsburg,1806,54,0,33.62190129,-79.72767442,45089.0,0.0,0.0,5947.049525816649,2.990033222591362,1752,1771,53,0,1718,1758,30606,35,1,0,34,13
2020-12-11,US,South Carolina,York,11747,150,0,34.97281497,-81.18085944,45091.0,0.0,0.0,4180.73948586905,1.2769217672597257,11597,11488,149,0,11339,11363,274118,259,1,0,258,125
2020-12-11,US,South Dakota,Aurora,387,7,0,43.71757685,-98.56050467,46003.0,0.0,0.0,14067.61177753544,1.8087855297157625,380,387,7,0,380,381,2801,0,0,0,0,6
2020-12-11,US,South Dakota,Beadle,2410,32,0,44.41464384,-98.27858469,46005.0,0.0,0.0,13060.207012409905,1.3278008298755186,2378,2404,32,0,2372,2396,18883,6,0,0,6,8
2020-12-11,US,South Dakota,Bennett,336,5,0,43.19486375,-101.6665572,46007.0,0.0,0.0,9985.1411589896,1.488095238095238,331,335,5,0,330,334,3468,1,0,0,1,1
2020-12-11,US,South Dakota,Bon Homme,1417,21,0,42.98914167,-97.88592746,46009.0,0.0,0.0,20533.25604984785,1.4820042342978124,1396,1414,21,0,1393,1412,6980,3,0,0,3,2
2020-12-11,US,South Dakota,Brookings,2685,23,0,44.36974375,-96.79079945,46011.0,0.0,0.0,7654.588476779656,0.8566108007448789,2662,2659,23,0,2636,2642,35232,26,0,0,26,17
2020-12-11,US,South Dakota,Brown,4021,35,0,45.58994323,-98.35165355,46013.0,0.0,0.0,10352.995700198255,0.8704302412335241,3986,3993,34,0,3959,3962,39316,28,1,0,27,31
2020-12-11,US,South Dakota,Brule,607,5,0,43.71756379,-99.08118954,46015.0,0.0,0.0,11459.31659429866,0.8237232289950577,602,605,5,0,600,602,5229,2,0,0,2,3
2020-12-11,US,South Dakota,Buffalo,401,10,0,44.07657829,-99.20814467,46017.0,0.0,0.0,20438.328236493373,2.4937655860349133,391,397,10,0,387,394,2036,4,0,0,4,3
2020-12-11,US,South Dakota,Butte,798,15,0,44.90608745,-103.5079318,46019.0,0.0,0.0,7651.740339438105,1.8796992481203008,783,791,15,0,776,786,10222,7,0,0,7,5
2020-12-11,US,South Dakota,Campbell,107,1,0,45.77074915,-100.0510181,46021.0,0.0,0.0,7776.162790697675,0.9345794392523364,106,107,1,0,106,107,1377,0,0,0,0,0
2020-12-11,US,South Dakota,Charles Mix,1017,10,0,43.20660134,-98.58856175,46023.0,0.0,0.0,10944.898837709858,0.983284169124877,1007,998,7,0,991,987,9338,19,3,0,16,11
2020-12-11,US,South Dakota,Clark,286,1,0,44.85834507,-97.72925109,46025.0,0.0,0.0,7655.246252676658,0.34965034965034963,285,285,1,0,284,284,3739,1,0,0,1,1
2020-12-11,US,South Dakota,Clay,1495,11,0,42.91296147,-96.97656917,46027.0,0.0,0.0,10625.44420753376,0.7357859531772575,1484,1481,11,0,1470,1468,14041,14,0,0,14,13
2020-12-11,US,South Dakota,Codington,3071,58,0,44.97788119,-97.18827677,46029.0,0.0,0.0,10964.332892998678,1.8886356235753825,3013,3031,57,0,2974,2988,28015,40,1,0,39,43
2020-12-11,US,South Dakota,Corson,426,5,0,45.70889983,-101.1970473,46031.0,0.0,0.0,10425.844346549193,1.1737089201877935,421,425,5,0,420,423,4165,1,0,0,1,2
2020-12-11,US,South Dakota,Custer,626,8,0,43.67741105,-103.45345209999999,46033.0,0.0,0.0,6977.26259473919,1.2779552715654952,618,620,7,0,613,612,8726,6,1,0,5,8
2020-12-11,US,South Dakota,Davison,2550,49,0,43.67490933,-98.14458906,46035.0,0.0,0.0,12895.069532237674,1.9215686274509804,2501,2538,48,0,2490,2530,19790,12,1,0,11,8
2020-12-11,US,South Dakota,Day,452,13,0,45.367281,-97.60737498,46037.0,0.0,0.0,8333.333333333334,2.8761061946902653,439,448,12,0,436,441,5505,4,1,0,3,7
2020-12-11,US,South Dakota,Deuel,367,5,0,44.75994309,-96.66943645,46039.0,0.0,0.0,8434.842564927603,1.3623978201634876,362,365,5,0,360,359,4337,2,0,0,2,6
2020-12-11,US,South Dakota,Dewey,1149,7,0,45.15639647,-100.8709139,46041.0,0.0,0.0,19501.0183299389,0.6092254134029591,1142,1125,7,0,1118,1121,5904,24,0,0,24,4
2020-12-11,US,South Dakota,Douglas,332,6,0,43.38520741,-98.36978007,46043.0,0.0,0.0,11365.970558028072,1.8072289156626504,326,329,5,0,324,328,2935,3,1,0,2,1
2020-12-11,US,South Dakota,Edmunds,294,3,0,45.41846445,-99.21545423,46045.0,0.0,0.0,7678.244972577697,1.020408163265306,291,288,3,0,285,284,3875,6,0,0,6,4
2020-12-11,US,South Dakota,Fall River,390,10,0,43.23929297,-103.5275691,46047.0,0.0,0.0,5809.623119320721,2.5641025641025643,380,383,10,0,373,382,6758,7,0,0,7,1
2020-12-11,US,South Dakota,Faulk,296,10,0,45.07082625,-99.14535601,46049.0,0.0,0.0,12875.163114397563,3.3783783783783785,286,294,10,0,284,289,2330,2,0,0,2,5
2020-12-11,US,South Dakota,Grant,761,20,0,45.1723937,-96.77002276,46051.0,0.0,0.0,10791.26488939308,2.628120893561104,741,751,18,0,733,739,7147,10,2,0,8,12
2020-12-11,US,South Dakota,Gregory,459,23,0,43.19419064,-99.18883902,46053.0,0.0,0.0,10967.741935483871,5.010893246187363,436,455,23,0,432,453,4212,4,0,0,4,2
2020-12-11,US,South Dakota,Haakon,186,3,0,44.29299053,-101.539099,46055.0,0.0,0.0,9794.628751974724,1.6129032258064515,183,183,3,0,180,181,1918,3,0,0,3,2
2020-12-11,US,South Dakota,Hamlin,547,27,0,44.67385954,-97.18829593,46057.0,0.0,0.0,8874.107722258273,4.936014625228519,520,541,26,0,515,533,6111,6,1,0,5,8
2020-12-11,US,South Dakota,Hand,299,1,0,44.54708407,-99.00386459,46059.0,0.0,0.0,9370.103415857098,0.33444816053511706,298,298,1,0,297,297,3262,1,0,0,1,1
2020-12-11,US,South Dakota,Hanson,287,3,0,43.6746384,-97.78715148,46061.0,0.0,0.0,8311.613090066608,1.0452961672473868,284,286,3,0,283,286,3376,1,0,0,1,0
2020-12-11,US,South Dakota,Harding,86,0,0,45.58015551,-103.4958629,46063.0,0.0,0.0,6625.57781201849,0.0,86,86,0,0,86,85,1249,0,0,0,0,1
2020-12-11,US,South Dakota,Hughes,1823,24,0,44.39091534,-99.99661148,46065.0,0.0,0.0,10401.688919319868,1.3165112452002194,1799,1805,22,0,1783,1786,17650,18,2,0,16,19
2020-12-11,US,South Dakota,Hutchinson,638,14,0,43.33449012,-97.75536441,46067.0,0.0,0.0,8750.514332738992,2.19435736677116,624,632,13,0,619,628,7380,6,1,0,5,4
2020-12-11,US,South Dakota,Hyde,128,0,0,44.54747703,-99.48572582,46069.0,0.0,0.0,9838.58570330515,0.0,128,128,0,0,128,126,1282,0,0,0,0,2
2020-12-11,US,South Dakota,Jackson,235,8,0,43.69318385,-101.6255063,46071.0,0.0,0.0,7027.511961722488,3.404255319148936,227,232,8,0,224,229,3307,3,0,0,3,3
2020-12-11,US,South Dakota,Jerauld,248,15,0,44.06637798,-98.62965972,46073.0,0.0,0.0,12319.920516641829,6.048387096774193,233,248,15,0,233,248,2043,0,0,0,0,0
2020-12-11,US,South Dakota,Jones,63,0,0,43.96278565,-100.6940008,46075.0,0.0,0.0,6976.744186046512,0.0,63,63,0,0,63,63,928,0,0,0,0,0
2020-12-11,US,South Dakota,Kingsbury,479,13,0,44.36956169,-97.4913945,46077.0,0.0,0.0,9698.319497874063,2.7139874739039667,466,473,13,0,460,469,4919,6,0,0,6,4
2020-12-11,US,South Dakota,Lake,929,12,0,44.02193107,-97.12926365,46079.0,0.0,0.0,7259.513948581699,1.2917115177610334,917,924,12,0,912,923,13057,5,0,0,5,1
2020-12-11,US,South Dakota,Lawrence,2301,25,0,44.35919441,-103.79294279999999,46081.0,0.0,0.0,8903.420523138833,1.086484137331595,2276,2275,25,0,2250,2260,25741,26,0,0,26,15
2020-12-11,US,South Dakota,Lincoln,5995,54,0,43.27841182,-96.72039050000001,46083.0,0.0,0.0,9807.289621777254,0.9007506255212676,5941,5925,54,0,5871,5886,58807,70,0,0,70,39
2020-12-11,US,South Dakota,Lyman,493,9,0,43.89522709,-99.85201878,46085.0,0.0,0.0,13038.878603544035,1.8255578093306288,484,487,9,0,478,485,3821,6,0,0,6,2
2020-12-11,US,South Dakota,Marshall,220,3,0,45.75870838,-97.59855639,46091.0,0.0,0.0,4457.953394123607,1.3636363636363635,217,220,3,0,217,219,5112,0,0,0,0,1
2020-12-11,US,South Dakota,McCook,627,20,0,43.6742571,-97.36863144,46087.0,0.0,0.0,11224.489795918369,3.1897926634768736,607,621,20,0,601,618,5546,6,0,0,6,3
2020-12-11,US,South Dakota,McPherson,161,1,0,45.76626028,-99.22118798,46089.0,0.0,0.0,6767.54939050021,0.6211180124223602,160,159,1,0,158,157,2407,2,0,0,2,2
2020-12-11,US,South Dakota,Meade,1994,18,0,44.56676791,-102.71627409999999,46093.0,0.0,0.0,7037.978257800368,0.9027081243731192,1976,1967,17,0,1950,1951,28294,27,1,0,26,16
2020-12-11,US,South Dakota,Mellette,204,1,0,43.58078848,-100.7563186,46095.0,0.0,0.0,9898.1077147016,0.4901960784313725,203,205,1,0,204,204,2042,0,0,0,-1,1
2020-12-11,US,South Dakota,Miner,212,6,0,44.02197882,-97.60992207,46097.0,0.0,0.0,9566.787003610107,2.830188679245283,206,211,5,0,206,210,2213,1,1,0,0,1
2020-12-11,US,South Dakota,Minnehaha,22743,221,0,43.67441641,-96.7910885,46099.0,0.0,0.0,11775.761906241265,0.9717275645253484,22522,22451,215,0,22236,22291,192876,292,6,0,286,160
2020-12-11,US,South Dakota,Moody,479,13,0,44.02266214,-96.67081159,46101.0,0.0,0.0,7284.063260340634,2.7139874739039667,466,472,13,0,459,465,6579,7,0,0,7,7
2020-12-11,US,South Dakota,Oglala Lakota,1775,29,0,43.33749164,-102.55554980000001,46102.0,0.0,0.0,12520.279325668334,1.6338028169014085,1746,1763,29,0,1734,1757,14309,12,0,0,12,6
2020-12-11,US,South Dakota,Pennington,9817,107,0,44.0025835,-102.8240777,46103.0,0.0,0.0,8628.43331136014,1.089946012019965,9710,9703,98,0,9605,9608,111729,114,9,0,105,95
2020-12-11,US,South Dakota,Perkins,232,3,0,45.49049506,-102.47555859999999,46105.0,0.0,0.0,8097.731239092495,1.293103448275862,229,230,2,0,228,229,2922,2,1,0,1,1
2020-12-11,US,South Dakota,Potter,289,2,0,45.06583079,-99.95498503,46107.0,0.0,0.0,13423.130515559686,0.6920415224913494,287,289,2,0,287,288,2207,0,0,0,0,1
2020-12-11,US,South Dakota,Roberts,836,23,0,45.62975048,-96.94672673,46109.0,0.0,0.0,8043.1017894939405,2.751196172248804,813,821,23,0,798,808,10447,15,0,0,15,13
2020-12-11,US,South Dakota,Sanborn,296,3,0,44.02351092,-98.09098159999999,46111.0,0.0,0.0,12627.986348122871,1.0135135135135136,293,294,3,0,291,292,2429,2,0,0,2,2
2020-12-11,US,South Dakota,Spink,641,20,0,44.93837606,-98.34626602,46115.0,0.0,0.0,10053.32496863237,3.1201248049922,621,637,20,0,617,626,6495,4,0,0,4,11
2020-12-11,US,South Dakota,Stanley,246,2,0,44.41381872,-100.7349153,46117.0,0.0,0.0,7940.6068431245985,0.8130081300813008,244,245,2,0,243,244,3022,1,0,0,1,1
2020-12-11,US,South Dakota,Sully,101,3,0,44.71571812,-100.1278092,46119.0,0.0,0.0,7260.9633357296925,2.9702970297029703,98,100,3,0,97,99,1392,1,0,0,1,1
2020-12-11,US,South Dakota,Todd,1070,15,0,43.19338568,-100.71955030000001,46121.0,0.0,0.0,10513.90390095313,1.4018691588785046,1055,1053,15,0,1038,1045,10283,17,0,0,17,8
2020-12-11,US,South Dakota,Tripp,580,10,0,43.34459388,-99.8854891,46123.0,0.0,0.0,10659.805182870796,1.7241379310344829,570,578,10,0,568,570,5478,2,0,0,2,8
2020-12-11,US,South Dakota,Turner,880,47,0,43.3109081,-97.14865776,46125.0,0.0,0.0,10496.18320610687,5.340909090909091,833,876,47,0,829,862,8424,4,0,0,4,14
2020-12-11,US,South Dakota,Union,1391,25,0,42.83112163,-96.6557828,46127.0,0.0,0.0,8730.856138589003,1.7972681524083394,1366,1375,25,0,1350,1358,15619,16,0,0,16,17
2020-12-11,US,South Dakota,Walworth,564,13,0,45.43019636,-100.03075140000001,46129.0,0.0,0.0,10377.184912603496,2.3049645390070923,551,558,13,0,545,553,5587,6,0,0,6,5
2020-12-11,US,South Dakota,Yankton,2176,17,0,43.00924485,-97.39467635,46135.0,0.0,0.0,9538.002980625932,0.78125,2159,2149,17,0,2132,2124,22869,27,0,0,27,25
2020-12-11,US,South Dakota,Ziebach,261,7,0,44.97881876,-101.6654622,46137.0,0.0,0.0,9470.246734397679,2.681992337164751,254,256,7,0,249,256,2742,5,0,0,5,0
2020-12-11,US,Tennessee,Anderson,3804,39,0,36.12684348,-84.19965764,47001.0,0.0,0.0,4941.671646444439,1.025236593059937,3765,3741,38,0,3703,3675,76482,63,1,0,62,66
2020-12-11,US,Tennessee,Bedford,3449,46,0,35.51123746,-86.45549096,47003.0,0.0,0.0,6937.823104620523,1.3337199188170483,3403,3375,45,0,3330,3303,49038,74,1,0,73,72
2020-12-11,US,Tennessee,Benton,976,20,0,36.07110411,-88.06849355,47005.0,0.0,0.0,6039.60396039604,2.0491803278688523,956,967,19,0,948,963,16184,9,1,0,8,4
2020-12-11,US,Tennessee,Bledsoe,1321,6,0,35.59942968,-85.20611967,47007.0,0.0,0.0,8769.251194901752,0.4542013626040878,1315,1305,5,0,1300,1292,14755,16,1,0,15,13
2020-12-11,US,Tennessee,Blount,7015,68,0,35.68938198,-83.92847788,47009.0,0.0,0.0,5270.948545323395,0.9693513898788312,6947,6924,68,0,6856,6821,131349,91,0,0,91,103
2020-12-11,US,Tennessee,Bradley,6607,45,0,35.15739424,-84.857186,47011.0,0.0,0.0,6111.368051059107,0.6810958074769184,6562,6473,43,0,6430,6335,106727,134,2,0,132,138
2020-12-11,US,Tennessee,Campbell,1899,26,0,36.40355516,-84.15108559999999,47013.0,0.0,0.0,4766.326991616887,1.369141653501843,1873,1858,26,0,1832,1817,39583,41,0,0,41,41
2020-12-11,US,Tennessee,Cannon,979,5,0,35.80990797,-86.05738983,47015.0,0.0,0.0,6669.846028069219,0.5107252298263534,974,950,4,0,946,930,14462,29,1,0,28,20
2020-12-11,US,Tennessee,Carroll,2134,38,0,35.97366108,-88.45189331,47017.0,0.0,0.0,7685.381928188137,1.7806935332708531,2096,2105,37,0,2068,2057,28020,29,1,0,28,48
2020-12-11,US,Tennessee,Carter,3361,74,0,36.28969086,-82.12588974,47019.0,0.0,0.0,5960.1709492649525,2.2017256768818805,3287,3304,72,0,3232,3262,56351,57,2,0,55,42
2020-12-11,US,Tennessee,Cheatham,1974,18,0,36.26136216,-87.08903581,47021.0,0.0,0.0,4854.058573290384,0.9118541033434652,1956,1937,18,0,1919,1879,40439,37,0,0,37,58
2020-12-11,US,Tennessee,Chester,1167,25,0,35.42527478,-88.6095842,47023.0,0.0,0.0,6746.834711221599,2.1422450728363325,1142,1157,25,0,1132,1142,17276,10,0,0,10,15
2020-12-11,US,Tennessee,Claiborne,1166,11,0,36.48319149,-83.65947309,47025.0,0.0,0.0,3648.424543946932,0.9433962264150944,1155,1132,11,0,1121,1093,31756,34,0,0,34,39
2020-12-11,US,Tennessee,Clay,647,19,0,36.55151008,-85.53930419,47027.0,0.0,0.0,8496.38870650033,2.9366306027820714,628,629,19,0,610,614,7717,18,0,0,18,15
2020-12-11,US,Tennessee,Cocke,1971,31,0,35.9278914,-83.11828725,47029.0,0.0,0.0,5474.39173425175,1.5728056823947234,1940,1924,30,0,1894,1896,35774,47,1,0,46,28
2020-12-11,US,Tennessee,Coffee,3533,46,0,35.49090731,-86.07311784,47031.0,0.0,0.0,6250.884642604387,1.3020096235493914,3487,3460,46,0,3414,3376,55700,73,0,0,73,84
2020-12-11,US,Tennessee,Crockett,1285,29,0,35.81830662,-89.14916269,47033.0,0.0,0.0,9030.217849613493,2.2568093385214008,1256,1274,29,0,1245,1255,14328,11,0,0,11,19
2020-12-11,US,Tennessee,Cumberland,3076,43,0,35.95271721,-84.99840585,47035.0,0.0,0.0,5082.617316589557,1.3979193758127435,3033,3041,42,0,2999,2989,59673,35,1,0,34,52
2020-12-11,US,Tennessee,Davidson,48599,461,0,36.17007426,-86.78646056,47037.0,0.0,0.0,7001.285035957956,0.948579188872199,48138,48146,456,0,47690,47595,692587,453,5,0,448,551
2020-12-11,US,Tennessee,DeKalb,1493,25,0,35.97616272,-85.83689361,47041.0,0.0,0.0,7286.481210346509,1.6744809109176155,1468,1470,25,0,1445,1437,20138,23,0,0,23,33
2020-12-11,US,Tennessee,Decatur,1035,15,0,35.60048904,-88.11043779,47039.0,0.0,0.0,8874.217611249249,1.4492753623188406,1020,1026,14,0,1012,1013,11706,9,1,0,8,13
2020-12-11,US,Tennessee,Dickson,3420,41,0,36.14669837,-87.35891709,47043.0,0.0,0.0,6339.437977311485,1.1988304093567252,3379,3382,41,0,3341,3322,53446,38,0,0,38,60
2020-12-11,US,Tennessee,Dyer,3570,61,0,36.05931946,-89.41542855,47045.0,0.0,0.0,9607.36295379316,1.7086834733893557,3509,3531,59,0,3472,3496,37320,39,2,0,37,35
2020-12-11,US,Tennessee,Fayette,2592,40,0,35.19615831,-89.41399032,47047.0,0.0,0.0,6301.5097367077515,1.5432098765432098,2552,2551,40,0,2511,2528,40507,41,0,0,41,23
2020-12-11,US,Tennessee,Fentress,1412,27,0,36.38128818,-84.92870012,47049.0,0.0,0.0,7622.9552448307495,1.9121813031161472,1385,1384,27,0,1357,1379,18217,28,0,0,28,5
2020-12-11,US,Tennessee,Franklin,2587,41,0,35.15634626,-86.09201039,47051.0,0.0,0.0,6129.169825625474,1.5848473134905297,2546,2536,41,0,2495,2514,41890,51,0,0,51,22
2020-12-11,US,Tennessee,Gibson,3841,76,0,35.99438059,-88.93358327,47053.0,0.0,0.0,7817.556428469666,1.978651392866441,3765,3798,75,0,3723,3757,49045,43,1,0,42,41
2020-12-11,US,Tennessee,Giles,1791,52,0,35.20222469,-87.03992678,47055.0,0.0,0.0,6078.604398588108,2.9034059184812957,1739,1752,51,0,1701,1718,29503,39,1,0,38,34
2020-12-11,US,Tennessee,Grainger,1276,21,0,36.27469206,-83.51254721,47057.0,0.0,0.0,5471.698113207547,1.64576802507837,1255,1242,21,0,1221,1214,23145,34,0,0,34,28
2020-12-11,US,Tennessee,Greene,3891,79,0,36.17470125,-82.84691273,47059.0,0.0,0.0,5633.496937844764,2.0303263942431253,3812,3815,77,0,3738,3738,69087,76,2,0,74,77
2020-12-11,US,Tennessee,Grundy,906,14,0,35.38433717,-85.72142731,47061.0,0.0,0.0,6747.598123184628,1.5452538631346575,892,898,14,0,884,881,13346,8,0,0,8,17
2020-12-11,US,Tennessee,Hamblen,4244,65,0,36.21990035,-83.26586179,47063.0,0.0,0.0,6535.867188221887,1.5315739868049008,4179,4168,64,0,4104,4118,64569,76,1,0,75,50
2020-12-11,US,Tennessee,Hamilton,20322,206,0,35.17670231,-85.16652245,47065.0,0.0,0.0,5525.225391784755,1.0136797559295343,20116,20052,204,0,19848,19729,364286,270,2,0,268,323
2020-12-11,US,Tennessee,Hancock,241,4,0,36.52692871,-83.22375847,47067.0,0.0,0.0,3640.4833836858006,1.6597510373443984,237,239,4,0,235,235,6549,2,0,0,2,4
2020-12-11,US,Tennessee,Hardeman,2449,40,0,35.20772017,-88.99161161,47069.0,0.0,0.0,9776.447105788424,1.6333197223356473,2409,2420,40,0,2380,2407,25220,29,0,0,29,13
2020-12-11,US,Tennessee,Hardin,2047,30,0,35.19732531,-88.18593755,47071.0,0.0,0.0,7979.884609387182,1.4655593551538837,2017,2025,30,0,1995,2009,25776,22,0,0,22,16
2020-12-11,US,Tennessee,Hawkins,2498,41,0,36.44355426,-82.94885298,47073.0,0.0,0.0,4398.971577501497,1.6413130504403524,2457,2451,39,0,2412,2375,56530,47,2,0,45,76
2020-12-11,US,Tennessee,Haywood,1822,30,0,35.58332824,-89.28536625,47075.0,0.0,0.0,10529.357374017569,1.6465422612513718,1792,1797,30,0,1767,1789,17335,25,0,0,25,8
2020-12-11,US,Tennessee,Henderson,2223,37,0,35.65581134,-88.38600175,47077.0,0.0,0.0,7906.24888857275,1.664417453891138,2186,2194,36,0,2158,2152,27847,29,1,0,28,42
2020-12-11,US,Tennessee,Henry,1846,24,0,36.33160906,-88.30121797,47079.0,0.0,0.0,5707.219044674602,1.3001083423618636,1822,1818,24,0,1794,1785,32358,28,0,0,28,33
2020-12-11,US,Tennessee,Hickman,1411,20,0,35.80609681,-87.47643507,47081.0,0.0,0.0,5604.098816427038,1.4174344436569808,1391,1400,19,0,1381,1371,25063,11,1,0,10,29
2020-12-11,US,Tennessee,Houston,652,21,0,36.28872054,-87.71878828,47083.0,0.0,0.0,7950.249969515913,3.220858895705521,631,637,21,0,616,627,8263,15,0,0,15,10
2020-12-11,US,Tennessee,Humphreys,867,8,0,36.03958805,-87.77992872,47085.0,0.0,0.0,4665.80561834033,0.9227220299884659,859,858,8,0,850,844,18486,9,0,0,9,14
2020-12-11,US,Tennessee,Jackson,793,17,0,36.36380466,-85.67239905,47087.0,0.0,0.0,6728.321737654845,2.1437578814628,776,789,17,0,772,785,11758,4,0,0,4,4
2020-12-11,US,Tennessee,Jefferson,2810,39,0,36.04818632,-83.45148924,47089.0,0.0,0.0,5156.436370309203,1.387900355871886,2771,2757,38,0,2719,2720,54012,53,1,0,52,37
2020-12-11,US,Tennessee,Johnson,1578,25,0,36.45523950000001,-81.84886538,47091.0,0.0,0.0,8871.149089273667,1.5842839036755387,1553,1564,25,0,1539,1550,17778,14,0,0,14,14
2020-12-11,US,Tennessee,Knox,23316,200,0,35.99508821,-83.94635435,47093.0,0.0,0.0,4957.54954679118,0.8577800651912849,23116,22903,194,0,22709,22491,465289,413,6,0,407,412
2020-12-11,US,Tennessee,Lake,1274,9,0,36.34180170000001,-89.48921915,47095.0,0.0,0.0,18158.494868871152,0.706436420722135,1265,1268,8,0,1260,1260,7411,6,1,0,5,8
2020-12-11,US,Tennessee,Lauderdale,2256,25,0,35.75893438,-89.63015909999999,47097.0,0.0,0.0,8801.154761440332,1.1081560283687943,2231,2225,25,0,2200,2211,25825,31,0,0,31,14
2020-12-11,US,Tennessee,Lawrence,3291,41,0,35.21675201,-87.39787695,47099.0,0.0,0.0,7455.48457251597,1.24582193862048,3250,3227,39,0,3188,3182,43734,64,2,0,62,45
2020-12-11,US,Tennessee,Lewis,914,16,0,35.52853208,-87.49022694,47101.0,0.0,0.0,7450.277143788719,1.7505470459518602,898,903,16,0,887,881,12086,11,0,0,11,22
2020-12-11,US,Tennessee,Lincoln,2220,25,0,35.13738622,-86.58910106,47103.0,0.0,0.0,6459.873130419601,1.1261261261261262,2195,2148,24,0,2124,2091,34117,72,1,0,71,57
2020-12-11,US,Tennessee,Loudon,2783,22,0,35.73939663,-84.31145275,47105.0,0.0,0.0,5147.2220167196865,0.7905138339920948,2761,2731,21,0,2710,2689,53054,52,1,0,51,42
2020-12-11,US,Tennessee,Macon,2065,32,0,36.53157855,-86.00778595,47111.0,0.0,0.0,8393.626534428095,1.5496368038740918,2033,2028,32,0,1996,2017,24265,37,0,0,37,11
2020-12-11,US,Tennessee,Madison,6189,125,0,35.61181957,-88.84076036,47113.0,0.0,0.0,6316.337361201829,2.019712392955243,6064,6129,125,0,6004,6078,97605,60,0,0,60,51
2020-12-11,US,Tennessee,Marion,1410,22,0,35.12997174,-85.62265895,47115.0,0.0,0.0,4877.711281004601,1.5602836879432624,1388,1369,22,0,1347,1326,28575,41,0,0,41,43
2020-12-11,US,Tennessee,Marshall,2091,22,0,35.45798777,-86.76420988,47117.0,0.0,0.0,6082.909090909091,1.052128168340507,2069,2049,22,0,2027,2008,33683,42,0,0,42,41
2020-12-11,US,Tennessee,Maury,7110,83,0,35.618741299999996,-87.07462444,47119.0,0.0,0.0,7376.513430234368,1.1673699015471168,7027,7000,82,0,6918,6897,94340,110,1,0,109,103
2020-12-11,US,Tennessee,McMinn,3215,60,0,35.42812616,-84.61520715,47107.0,0.0,0.0,5976.5029557199705,1.8662519440124417,3155,3179,59,0,3120,3109,53285,36,1,0,35,70
2020-12-11,US,Tennessee,McNairy,1554,34,0,35.17468549,-88.5647812,47109.0,0.0,0.0,6048.104615863625,2.1879021879021883,1520,1534,34,0,1500,1519,25832,20,0,0,20,15
2020-12-11,US,Tennessee,Meigs,647,13,0,35.51558739,-84.81482914,47121.0,0.0,0.0,5208.501046530349,2.009273570324575,634,635,13,0,622,602,12306,12,0,0,12,33
2020-12-11,US,Tennessee,Monroe,2707,47,0,35.44550387,-84.24902965,47123.0,0.0,0.0,5815.877108174886,1.736239379386775,2660,2648,47,0,2601,2594,46357,59,0,0,59,54
2020-12-11,US,Tennessee,Montgomery,8107,97,0,36.49609412,-87.38550661,47125.0,0.0,0.0,3879.077289669989,1.196496854570125,8010,7929,97,0,7832,7811,205950,178,0,0,178,118
2020-12-11,US,Tennessee,Moore,471,4,0,35.27724699,-86.36230578,47127.0,0.0,0.0,7259.556103575833,0.8492569002123143,467,459,4,0,455,449,6411,12,0,0,12,10
2020-12-11,US,Tennessee,Morgan,972,8,0,36.13248031,-84.64880098,47129.0,0.0,0.0,4541.419427183105,0.8230452674897121,964,938,8,0,930,920,21579,34,0,0,34,18
2020-12-11,US,Tennessee,Obion,3019,60,0,36.35732446,-89.14921589,47131.0,0.0,0.0,10040.24077954039,1.9874130506790328,2959,2991,60,0,2931,2966,30267,28,0,0,28,25
2020-12-11,US,Tennessee,Out of TN,10781,56,0,0.0,0.0,80047.0,0.0,0.0,0.0,0.5194323346628328,10725,10472,57,0,10415,10355,,309,0,0,310,117
2020-12-11,US,Tennessee,Overton,1677,38,0,36.34117832,-85.28989535,47133.0,0.0,0.0,7540.128591340317,2.2659511031604054,1639,1661,37,0,1624,1652,22068,16,1,0,15,9
2020-12-11,US,Tennessee,Perry,593,22,0,35.63708728,-87.86139634,47135.0,0.0,0.0,7342.743932639921,3.7099494097807764,571,577,22,0,555,568,8064,16,0,0,16,9
2020-12-11,US,Tennessee,Pickett,438,16,0,36.55606529,-85.07763299999998,47137.0,0.0,0.0,8676.703645007923,3.6529680365296797,422,435,16,0,419,432,5082,3,0,0,3,3
2020-12-11,US,Tennessee,Polk,839,15,0,35.12245443,-84.52075859,47139.0,0.0,0.0,4984.553231939163,1.7878426698450536,824,821,15,0,806,792,16898,18,0,0,18,29
2020-12-11,US,Tennessee,Putnam,6728,87,0,36.14005459,-85.50646123,47141.0,0.0,0.0,8384.323010779488,1.293103448275862,6641,6634,86,0,6548,6558,78843,94,1,0,93,76
2020-12-11,US,Tennessee,Rhea,2154,39,0,35.60536161,-84.93076643,47143.0,0.0,0.0,6494.407091386016,1.8105849582172704,2115,2103,37,0,2066,2052,33044,51,2,0,49,51
2020-12-11,US,Tennessee,Roane,2982,39,0,35.84923189,-84.52458689,47145.0,0.0,0.0,5586.1526357199045,1.3078470824949695,2943,2898,36,0,2862,2855,53140,84,3,0,81,43
2020-12-11,US,Tennessee,Robertson,4640,62,0,36.52454807,-86.87346725,47147.0,0.0,0.0,6461.225683372091,1.3362068965517242,4578,4557,57,0,4500,4475,71012,83,5,0,78,82
2020-12-11,US,Tennessee,Rutherford,21504,191,0,35.84591405,-86.4107263,47149.0,0.0,0.0,6471.553034292851,0.8882068452380952,21313,21014,189,0,20825,20721,324890,490,2,0,488,293
2020-12-11,US,Tennessee,Scott,1415,10,0,36.42325673,-84.50360494,47151.0,0.0,0.0,6411.99927496828,0.7067137809187279,1405,1376,9,0,1367,1342,22039,39,1,0,38,34
2020-12-11,US,Tennessee,Sequatchie,697,5,0,35.36979721,-85.41022136,47153.0,0.0,0.0,4638.626380939704,0.7173601147776184,692,678,5,0,673,651,14876,19,0,0,19,27
2020-12-11,US,Tennessee,Sevier,6126,44,0,35.78077323,-83.52244332,47155.0,0.0,0.0,6235.114503816794,0.7182500816193275,6082,5964,42,0,5922,5862,97892,162,2,0,160,102
2020-12-11,US,Tennessee,Shelby,53864,730,0,35.1864775,-89.89692423,47157.0,0.0,0.0,5747.540990603587,1.355265112134264,53134,52963,725,0,52238,52722,935764,901,5,0,896,241
2020-12-11,US,Tennessee,Smith,1605,20,0,36.25359775,-85.95411046,47159.0,0.0,0.0,7962.494418812323,1.2461059190031152,1585,1585,19,0,1566,1569,19942,20,1,0,19,16
2020-12-11,US,Tennessee,Stewart,686,18,0,36.50235092,-87.83920548,47161.0,0.0,0.0,5001.822821728036,2.623906705539359,668,677,18,0,659,670,13561,9,0,0,9,7
2020-12-11,US,Tennessee,Sullivan,7997,128,0,36.51240691,-82.30412917,47163.0,0.0,0.0,5050.269027711117,1.6006002250844067,7869,7888,126,0,7762,7730,157668,109,2,0,107,158
2020-12-11,US,Tennessee,Sumner,11986,156,0,36.46824103,-86.45917204,47165.0,0.0,0.0,6266.10833163428,1.3015184381778742,11830,11785,152,0,11633,11558,187149,201,4,0,197,227
2020-12-11,US,Tennessee,Tipton,4231,42,0,35.501942,-89.73694895,47167.0,0.0,0.0,6868.617997045407,0.9926731269203498,4189,4181,42,0,4139,4120,61581,50,0,0,50,61
2020-12-11,US,Tennessee,Trousdale,1968,12,0,36.39026213,-86.16087954,47169.0,0.0,0.0,17440.623892236796,0.6097560975609756,1956,1960,12,0,1948,1950,11012,8,0,0,8,10
2020-12-11,US,Tennessee,Unassigned,7115,38,0,0.0,0.0,90047.0,0.0,0.0,0.0,0.534082923401265,7077,6807,35,0,6772,6622,,308,3,0,305,185
2020-12-11,US,Tennessee,Unicoi,1073,30,0,36.10890856,-82.43709629,47171.0,0.0,0.0,6000.111838058491,2.795899347623485,1043,1068,30,0,1038,1048,17761,5,0,0,5,20
2020-12-11,US,Tennessee,Union,880,6,0,36.28590426,-83.83651902,47173.0,0.0,0.0,4406.168636090527,0.6818181818181818,874,862,6,0,856,847,19688,18,0,0,18,15
2020-12-11,US,Tennessee,Van Buren,429,4,0,35.69864497,-85.45221699,47175.0,0.0,0.0,7305.858310626703,0.9324009324009324,425,423,4,0,419,423,5765,6,0,0,6,0
2020-12-11,US,Tennessee,Warren,2946,21,0,35.672829899999996,-85.77969117,47177.0,0.0,0.0,7137.146594956029,0.7128309572301426,2925,2874,21,0,2853,2799,40878,72,0,0,72,75
2020-12-11,US,Tennessee,Washington,7577,129,0,36.29472368,-82.49454720000001,47179.0,0.0,0.0,5856.618357487922,1.702520786590999,7448,7457,128,0,7329,7327,128607,120,1,0,119,130
2020-12-11,US,Tennessee,Wayne,2086,14,0,35.23868267,-87.78644456,47181.0,0.0,0.0,12511.245726623883,0.6711409395973155,2072,2068,13,0,2055,2051,16558,18,1,0,17,17
2020-12-11,US,Tennessee,Weakley,2436,38,0,36.29896232,-88.71990865,47183.0,0.0,0.0,7309.169467114738,1.5599343185550083,2398,2414,38,0,2376,2396,33415,22,0,0,22,18
2020-12-11,US,Tennessee,White,2123,28,0,35.92929884,-85.45591799,47185.0,0.0,0.0,7763.759371000183,1.31888836552049,2095,2087,24,0,2063,2061,27107,36,4,0,32,26
2020-12-11,US,Tennessee,Williamson,13339,96,0,35.89099229,-86.89281867,47187.0,0.0,0.0,5594.9364964850765,0.7196941299947522,13243,13169,91,0,13078,12996,231729,170,5,0,165,173
2020-12-11,US,Tennessee,Wilson,9156,99,0,36.15496772,-86.29775884,47189.0,0.0,0.0,6329.455194010659,1.0812581913499344,9057,8966,99,0,8867,8870,140625,190,0,0,190,96
2020-12-11,US,Texas,Anderson,3244,54,0,31.81534745,-95.65354823,48001.0,0.0,0.0,5618.7754395080965,1.6646115906288532,3190,3246,51,0,3195,3250,58057,0,3,0,-5,0
2020-12-11,US,Texas,Andrews,1155,18,0,32.30468633,-102.63765479999999,48003.0,0.0,0.0,6174.819566960706,1.5584415584415583,1137,1155,16,0,1139,1155,18128,0,2,0,-2,0
2020-12-11,US,Texas,Angelina,2887,110,0,31.25457347,-94.60901487,48005.0,0.0,0.0,3329.2971227584612,3.8101835815725664,2777,2887,108,0,2779,2808,87092,0,2,0,-2,79
2020-12-11,US,Texas,Aransas,474,21,0,28.10556197,-96.9995047,48007.0,0.0,0.0,2016.163334751169,4.4303797468354436,453,469,21,0,448,466,23792,5,0,0,5,3
2020-12-11,US,Texas,Archer,342,2,0,33.61569967,-98.68754589,48009.0,0.0,0.0,3998.596983514556,0.5847953216374269,340,334,2,0,332,327,8786,8,0,0,8,7
2020-12-11,US,Texas,Armstrong,63,3,0,34.96507426,-101.35748740000001,48011.0,0.0,0.0,3338.632750397456,4.761904761904762,60,63,3,0,60,62,1892,0,0,0,0,1
2020-12-11,US,Texas,Atascosa,1751,50,0,28.89333001,-98.52730485,48013.0,0.0,0.0,3423.064140910601,2.8555111364934325,1701,1748,49,0,1699,1749,50310,3,1,0,2,0
2020-12-11,US,Texas,Austin,709,13,0,29.88548725,-96.27736949,48015.0,0.0,0.0,2360.8151305274373,1.833568406205924,696,699,13,0,686,702,29989,10,0,0,10,0
2020-12-11,US,Texas,Bailey,523,9,0,34.06854817,-102.8299707,48017.0,0.0,0.0,7471.428571428572,1.7208413001912046,514,512,9,0,503,512,7027,11,0,0,11,0
2020-12-11,US,Texas,Bandera,314,11,0,29.74619598,-99.24598147,48019.0,0.0,0.0,1358.6015922464521,3.5031847133757963,303,310,11,0,299,309,22824,4,0,0,4,1
2020-12-11,US,Texas,Bastrop,2580,39,0,30.10370699,-97.31206354,48021.0,0.0,0.0,2907.9269186118604,1.5116279069767442,2541,2579,39,0,2540,2563,86976,1,0,0,1,16
2020-12-11,US,Texas,Baylor,69,5,0,33.61640794,-99.21352901,48023.0,0.0,0.0,1966.3721858079223,7.246376811594202,64,65,5,0,60,64,3582,4,0,0,4,1
2020-12-11,US,Texas,Bee,2108,40,0,28.41761668,-97.74215593,48025.0,0.0,0.0,6473.207431291264,1.8975332068311197,2068,2118,40,0,2078,2112,32587,0,0,0,-10,6
2020-12-11,US,Texas,Bell,10093,137,0,31.03736027,-97.4785025,48027.0,0.0,0.0,2781.02302410422,1.3573763994847914,9956,9899,132,0,9767,9780,355642,194,5,0,189,119
2020-12-11,US,Texas,Bexar,92484,1568,0,29.44928723,-98.52019748,48029.0,0.0,0.0,4615.997372668768,1.6954283984256735,90916,91394,1561,0,89833,90220,1986049,1090,7,0,1083,1174
2020-12-11,US,Texas,Blanco,197,7,0,30.26640707,-98.3999852,48031.0,0.0,0.0,1651.1608415053222,3.5532994923857872,190,195,7,0,188,192,11702,2,0,0,2,3
2020-12-11,US,Texas,Borden,10,0,0,32.74363984,-101.43165090000001,48033.0,0.0,0.0,1529.051987767584,0.0,10,10,0,0,10,10,648,0,0,0,0,0
2020-12-11,US,Texas,Bosque,580,16,0,31.89978581,-97.63613524,48035.0,0.0,0.0,3104.094193203104,2.7586206896551726,564,579,16,0,563,568,18691,1,0,0,1,11
2020-12-11,US,Texas,Bowie,2661,109,0,33.44626922,-94.41834132,48037.0,0.0,0.0,2853.772320231648,4.096204434423148,2552,2628,108,0,2520,2620,94324,33,1,0,32,8
2020-12-11,US,Texas,Brazoria,16534,210,0,29.18757369,-95.44563172,48039.0,0.0,0.0,4417.7372122352135,1.2701100762066049,16324,16230,209,0,16021,16126,370200,304,1,0,303,104
2020-12-11,US,Texas,Brazos,12261,123,0,30.663644800000004,-96.30205577,48041.0,0.0,0.0,5349.219714586125,1.003180817225349,12138,12118,122,0,11996,11941,226758,143,1,0,142,177
2020-12-11,US,Texas,Brewster,731,6,0,29.81008251,-103.25203259999999,48043.0,0.0,0.0,7943.0620449853295,0.8207934336525308,725,731,6,0,725,730,9267,0,0,0,0,1
2020-12-11,US,Texas,Briscoe,44,2,0,34.53026962,-101.2084947,48045.0,0.0,0.0,2846.054333764553,4.545454545454546,42,44,1,0,43,44,1516,0,1,0,-1,0
2020-12-11,US,Texas,Brooks,425,26,0,27.03103197,-98.21808402,48047.0,0.0,0.0,5991.822924009587,6.117647058823528,399,425,25,0,400,424,7114,0,1,0,-1,1
2020-12-11,US,Texas,Brown,1088,37,0,31.77430356,-98.99907113,48049.0,0.0,0.0,2873.44179167547,3.4007352941176467,1051,1062,37,0,1025,1048,37924,26,0,0,26,14
2020-12-11,US,Texas,Burleson,729,13,0,30.49273808,-96.62158484,48051.0,0.0,0.0,3952.7191888521393,1.7832647462277091,716,727,13,0,714,723,18389,2,0,0,2,4
2020-12-11,US,Texas,Burnet,1625,20,0,30.78801353,-98.181887,48053.0,0.0,0.0,3374.5197798774793,1.2307692307692308,1605,1622,19,0,1603,1593,47542,3,1,0,2,29
2020-12-11,US,Texas,Caldwell,2025,40,0,29.83668859,-97.61814775,48055.0,0.0,0.0,4637.6877977281065,1.9753086419753083,1985,2024,39,0,1985,2011,43247,1,1,0,0,13
2020-12-11,US,Texas,Calhoun,1047,10,0,28.47048236,-96.61633945,48057.0,0.0,0.0,4917.801784875528,0.9551098376313276,1037,1047,10,0,1037,1044,21561,0,0,0,0,3
2020-12-11,US,Texas,Callahan,277,10,0,32.29760619,-99.37326312,48059.0,0.0,0.0,1986.659972746181,3.610108303249097,267,276,10,0,266,273,13994,1,0,0,1,3
2020-12-11,US,Texas,Cameron,27178,1143,0,26.14524221,-97.48140372,48061.0,0.0,0.0,6422.584205140809,4.205607476635514,26035,27021,1140,0,25881,26937,423908,157,3,0,154,84
2020-12-11,US,Texas,Camp,500,16,0,32.97195142,-94.97790104,48063.0,0.0,0.0,3818.5428440507103,3.2,484,494,16,0,478,491,13033,6,0,0,6,3
2020-12-11,US,Texas,Carson,145,4,0,35.40365929,-101.35426690000001,48065.0,0.0,0.0,2446.8444144448194,2.7586206896551726,141,139,3,0,136,138,6005,6,1,0,5,1
2020-12-11,US,Texas,Cass,811,41,0,33.07499881,-94.34646905,48067.0,0.0,0.0,2700.9924731899027,5.055487053020962,770,803,39,0,764,799,30119,8,2,0,6,4
2020-12-11,US,Texas,Castro,523,11,0,34.53016752,-102.2617243,48069.0,0.0,0.0,6945.551128818061,2.103250478011472,512,517,10,0,507,514,7665,6,1,0,5,3
2020-12-11,US,Texas,Chambers,2308,11,0,29.70972016,-94.67154501,48071.0,0.0,0.0,5264.958824737094,0.4766031195840554,2297,2244,11,0,2233,2244,42454,64,0,0,64,0
2020-12-11,US,Texas,Cherokee,1812,68,0,31.837258000000002,-95.16559897,48073.0,0.0,0.0,3441.856931200851,3.752759381898455,1744,1792,67,0,1725,1786,52592,20,1,0,19,6
2020-12-11,US,Texas,Childress,1029,3,0,34.529304100000004,-100.2077916,48075.0,0.0,0.0,14084.314262250206,0.2915451895043732,1026,1018,3,0,1015,1020,7291,11,0,0,11,0
2020-12-11,US,Texas,Clay,450,8,0,33.78686685,-98.20771198,48077.0,0.0,0.0,4297.583802884156,1.7777777777777777,442,440,8,0,432,432,10456,10,0,0,10,8
2020-12-11,US,Texas,Cochran,167,5,0,33.60425307,-102.82844990000001,48079.0,0.0,0.0,5853.487556957589,2.9940119760479043,162,166,5,0,161,166,2836,1,0,0,1,0
2020-12-11,US,Texas,Coke,196,9,0,31.88911733,-100.5297533,48081.0,0.0,0.0,5786.832004723945,4.591836734693878,187,200,9,0,191,201,3370,0,0,0,-4,0
2020-12-11,US,Texas,Coleman,201,10,0,31.76736834,-99.45240766,48083.0,0.0,0.0,2458.7155963302757,4.975124378109452,191,195,9,0,186,193,8397,6,1,0,5,2
2020-12-11,US,Texas,Collin,31269,295,0,33.18820114,-96.57264368,48085.0,0.0,0.0,3021.9477544866772,0.9434263967507756,30974,30763,291,0,30472,30232,1005146,506,4,0,502,531
2020-12-11,US,Texas,Collingsworth,131,3,0,34.96489496,-100.27001109999999,48087.0,0.0,0.0,4486.301369863014,2.2900763358778624,128,131,2,0,129,130,2962,0,1,0,-1,1
2020-12-11,US,Texas,Colorado,747,10,0,29.622097999999998,-96.5273805,48089.0,0.0,0.0,3475.5501791280876,1.3386880856760377,737,744,10,0,734,740,21217,3,0,0,3,4
2020-12-11,US,Texas,Comal,3585,119,0,29.80811278,-98.27647225,48091.0,0.0,0.0,2295.0022085795317,3.319386331938633,3466,3537,118,0,3419,3514,148373,48,1,0,47,23
2020-12-11,US,Texas,Comanche,644,14,0,31.94854689,-98.55876441,48093.0,0.0,0.0,4723.138980564723,2.1739130434782608,630,635,11,0,624,611,13534,9,3,0,6,24
2020-12-11,US,Texas,Concho,129,3,0,31.32635934,-99.86473038,48095.0,0.0,0.0,4732.208363903155,2.3255813953488373,126,131,3,0,128,130,4276,0,0,0,-2,1
2020-12-11,US,Texas,Cooke,1396,20,0,33.63979567,-97.21240912,48097.0,0.0,0.0,3383.6682259980125,1.4326647564469914,1376,1374,19,0,1355,1330,40574,22,1,0,21,44
2020-12-11,US,Texas,Coryell,2746,20,0,31.39078397,-97.79936155,48099.0,0.0,0.0,3615.488933654593,0.7283321194464676,2726,2743,19,0,2724,2699,74808,3,1,0,2,44
2020-12-11,US,Texas,Cottle,75,5,0,34.07783319,-100.27850620000001,48101.0,0.0,0.0,5364.806866952788,6.666666666666668,70,70,5,0,65,70,1389,5,0,0,5,0
2020-12-11,US,Texas,Crane,235,9,0,31.43052248,-102.5143314,48103.0,0.0,0.0,4898.895142797582,3.8297872340425534,226,246,9,0,237,243,4794,0,0,0,-11,3
2020-12-11,US,Texas,Crockett,298,8,0,30.72367027,-101.4134238,48105.0,0.0,0.0,8602.771362586605,2.684563758389262,290,298,8,0,290,299,3499,0,0,0,0,0
2020-12-11,US,Texas,Crosby,194,16,0,33.61431553,-101.30003640000001,48107.0,0.0,0.0,3381.5583057347044,8.24742268041237,178,193,16,0,177,192,5779,1,0,0,1,1
2020-12-11,US,Texas,Culberson,236,3,0,31.44506775,-104.5185739,48109.0,0.0,0.0,10870.566559189314,1.2711864406779658,233,235,3,0,232,233,2204,1,0,0,1,2
2020-12-11,US,Texas,Dallam,437,15,0,36.27787176,-102.60207249999999,48111.0,0.0,0.0,5996.9809249348145,3.432494279176201,422,436,15,0,421,436,7200,1,0,0,1,0
2020-12-11,US,Texas,Dallas,156225,1751,0,32.76670599,-96.77796049999999,48113.0,0.0,0.0,5927.681713941406,1.1208193310929748,154474,154376,1742,0,152634,152288,2637772,1849,9,0,1840,2088
2020-12-11,US,Texas,Dawson,1283,39,0,32.74255572,-101.94772420000001,48115.0,0.0,0.0,10080.138277812697,3.03975058456742,1244,1283,38,0,1245,1281,12619,0,1,0,-1,2
2020-12-11,US,Texas,DeWitt,1308,46,0,29.08101855,-97.35681170000001,48123.0,0.0,0.0,6488.095238095239,3.516819571865444,1262,1308,46,0,1262,1308,20187,0,0,0,0,0
2020-12-11,US,Texas,Deaf Smith,1643,45,0,34.96522957,-102.6054267,48117.0,0.0,0.0,8859.053165102987,2.7388922702373706,1598,1629,44,0,1585,1628,18760,14,1,0,13,1
2020-12-11,US,Texas,Delta,66,2,0,33.38570922,-95.66921122,48119.0,0.0,0.0,1238.0416432189086,3.0303030303030303,64,66,2,0,64,66,5349,0,0,0,0,0
2020-12-11,US,Texas,Denton,29463,256,0,33.20521901,-97.11691153,48121.0,0.0,0.0,3320.8710030466395,0.8688863998913892,29207,28577,250,0,28327,27897,859064,886,6,0,880,680
2020-12-11,US,Texas,Dickens,72,6,0,33.61616822,-100.7788855,48125.0,0.0,0.0,3256.4450474898235,8.333333333333334,66,72,5,0,67,72,2249,0,1,0,-1,0
2020-12-11,US,Texas,Dimmit,417,9,0,28.42270064,-99.75645095,48127.0,0.0,0.0,4118.925325958119,2.1582733812949644,408,415,9,0,406,415,10308,2,0,0,2,0
2020-12-11,US,Texas,Donley,123,4,0,34.96517499,-100.8140093,48129.0,0.0,0.0,3752.287980475901,3.2520325203252027,119,122,3,0,119,122,3319,1,1,0,0,0
2020-12-11,US,Texas,Duval,674,24,0,27.68184592,-98.50864568,48131.0,0.0,0.0,6041.050461593618,3.560830860534125,650,667,24,0,643,666,11212,7,0,0,7,1
2020-12-11,US,Texas,Eastland,445,11,0,32.32743996,-98.83243566,48133.0,0.0,0.0,2423.747276688453,2.4719101123595504,434,436,11,0,425,433,18322,9,0,0,9,3
2020-12-11,US,Texas,Ector,10611,163,0,31.86898877,-102.54294279999999,48135.0,0.0,0.0,6383.59312489848,1.5361417397040806,10448,10448,156,0,10292,10275,162124,163,7,0,156,173
2020-12-11,US,Texas,Edwards,132,2,0,29.98202582,-100.304252,48137.0,0.0,0.0,6832.298136645964,1.5151515151515151,130,130,2,0,128,129,1928,2,0,0,2,1
2020-12-11,US,Texas,El Paso,91868,1317,0,31.76980765,-106.23632749999999,48141.0,0.0,0.0,10946.596793758148,1.4335786127922672,90551,91468,1302,0,90166,91150,840758,400,15,0,385,318
2020-12-11,US,Texas,Ellis,8567,137,0,32.34894117,-96.79371841,48139.0,0.0,0.0,4635.170376462186,1.5991595657756508,8430,8436,132,0,8304,8349,179436,131,5,0,126,87
2020-12-11,US,Texas,Erath,1669,22,0,32.23602653,-98.21773417,48143.0,0.0,0.0,3908.8481896107546,1.3181545835829838,1647,1655,22,0,1633,1593,42446,14,0,0,14,62
2020-12-11,US,Texas,Falls,872,15,0,31.25350609,-96.93630086,48145.0,0.0,0.0,5041.336647973637,1.720183486238532,857,854,15,0,839,843,17335,18,0,0,18,11
2020-12-11,US,Texas,Fannin,1198,44,0,33.59564294,-96.10751083,48147.0,0.0,0.0,3373.317564903981,3.6727879799666114,1154,1173,44,0,1129,1153,35286,25,0,0,25,20
2020-12-11,US,Texas,Fayette,965,30,0,29.87788372,-96.92076062,48149.0,0.0,0.0,3807.3068728793487,3.1088082901554404,935,953,30,0,923,930,25349,12,0,0,12,23
2020-12-11,US,Texas,Fisher,190,5,0,32.74281316,-100.40193020000001,48151.0,0.0,0.0,4960.835509138381,2.631578947368421,185,190,5,0,185,182,3839,0,0,0,0,8
2020-12-11,US,Texas,Floyd,213,16,0,34.07227468,-101.3031546,48153.0,0.0,0.0,3728.991596638656,7.511737089201878,197,212,16,0,196,211,5837,1,0,0,1,1
2020-12-11,US,Texas,Foard,35,4,0,33.97308618,-99.7767797,48155.0,0.0,0.0,3030.3030303030305,11.428571428571427,31,35,4,0,31,35,1200,0,0,0,0,0
2020-12-11,US,Texas,Fort Bend,26451,350,0,29.52704478,-95.77219463,48157.0,0.0,0.0,3258.7644513655487,1.3232013912517486,26101,26230,349,0,25881,25156,787858,221,1,0,220,1074
2020-12-11,US,Texas,Franklin,260,11,0,33.17653242,-95.21917243,48159.0,0.0,0.0,2424.242424242424,4.230769230769232,249,259,11,0,248,258,10766,1,0,0,1,1
2020-12-11,US,Texas,Freestone,552,17,0,31.70422788,-96.15072516,48161.0,0.0,0.0,2799.614545823401,3.079710144927536,535,548,16,0,532,548,19808,4,1,0,3,0
2020-12-11,US,Texas,Frio,1257,10,0,28.86751206,-99.10804207,48163.0,0.0,0.0,6190.2885846547815,0.7955449482895783,1247,1254,10,0,1244,1245,19816,3,0,0,3,9
2020-12-11,US,Texas,Gaines,1072,22,0,32.74055318,-102.6353295,48165.0,0.0,0.0,4987.902475339662,2.0522388059701493,1050,1072,20,0,1052,1053,20901,0,2,0,-2,19
2020-12-11,US,Texas,Galveston,16126,194,0,29.40167322,-94.90469073,48167.0,0.0,0.0,4713.289043342033,1.203026168919757,15932,16005,193,0,15812,15857,337890,121,1,0,120,148
2020-12-11,US,Texas,Garza,172,15,0,33.17969345,-101.2984114,48169.0,0.0,0.0,2761.277893722909,8.720930232558139,157,172,15,0,157,171,6578,0,0,0,0,1
2020-12-11,US,Texas,Gillespie,813,13,0,30.31824095,-98.94676915,48171.0,0.0,0.0,3012.4499777678966,1.5990159901599017,800,803,12,0,791,794,26804,10,1,0,9,9
2020-12-11,US,Texas,Glasscock,29,1,0,31.86942909,-101.5207776,48173.0,0.0,0.0,2058.1973030518093,3.4482758620689653,28,29,1,0,28,30,1388,0,0,0,0,0
2020-12-11,US,Texas,Goliad,192,6,0,28.65696592,-97.42760647,48175.0,0.0,0.0,2507.1820318621053,3.125,186,183,6,0,177,183,7584,9,0,0,9,0
2020-12-11,US,Texas,Gonzales,1363,24,0,29.45634206,-97.49424032,48177.0,0.0,0.0,6541.248740221721,1.760821716801174,1339,1350,24,0,1326,1350,20826,13,0,0,13,0
2020-12-11,US,Texas,Gray,1426,25,0,35.40081878,-100.8129222,48179.0,0.0,0.0,6515.58073654391,1.753155680224404,1401,1417,24,0,1393,1419,21895,9,1,0,8,0
2020-12-11,US,Texas,Grayson,5148,132,0,33.62744998,-96.67753461,48181.0,0.0,0.0,3779.402695797727,2.5641025641025643,5016,5055,128,0,4927,5031,133991,93,4,0,89,24
2020-12-11,US,Texas,Gregg,3549,126,0,32.47940482,-94.81591935,48183.0,0.0,0.0,2863.366815926419,3.5502958579881656,3423,3531,125,0,3406,3520,123707,18,1,0,17,11
2020-12-11,US,Texas,Grimes,1498,41,0,30.54579585,-95.98902499,48185.0,0.0,0.0,5186.980609418282,2.7369826435247,1457,1494,41,0,1453,1472,28360,4,0,0,4,22
2020-12-11,US,Texas,Guadalupe,4852,92,0,29.58165339,-97.94786822,48187.0,0.0,0.0,2908.053486128009,1.8961253091508656,4760,4843,90,0,4753,4835,163694,9,2,0,7,8
2020-12-11,US,Texas,Hale,4621,108,0,34.07044901,-101.82681140000001,48189.0,0.0,0.0,13832.844399209724,2.3371564596407706,4513,4597,108,0,4489,4597,33830,24,0,0,24,0
2020-12-11,US,Texas,Hall,156,3,0,34.5307555,-100.68138520000001,48191.0,0.0,0.0,5263.157894736842,1.9230769230769231,153,153,3,0,150,153,3028,3,0,0,3,0
2020-12-11,US,Texas,Hamilton,334,12,0,31.70470573,-98.11083887,48193.0,0.0,0.0,3947.523933341213,3.5928143712574854,322,335,10,0,325,329,8484,0,2,0,-3,6
2020-12-11,US,Texas,Hansford,264,11,0,36.27743284,-101.3545796,48195.0,0.0,0.0,4889.79440637155,4.166666666666667,253,261,10,0,251,259,5463,3,1,0,2,2
2020-12-11,US,Texas,Hardeman,124,5,0,34.28944521,-99.74632408,48197.0,0.0,0.0,3152.8095601322148,4.032258064516129,119,124,4,0,120,124,3922,0,1,0,-1,0
2020-12-11,US,Texas,Hardin,1723,43,0,30.33364686,-94.38931817,48199.0,0.0,0.0,2991.2155827922643,2.4956471271038887,1680,1711,43,0,1668,1708,57207,12,0,0,12,3
2020-12-11,US,Texas,Harris,204850,3128,0,29.85864939,-95.39339521,48201.0,0.0,0.0,4346.188730885309,1.5269709543568464,201722,202861,3110,0,199751,201496,4698619,1989,18,0,1971,1365
2020-12-11,US,Texas,Harrison,1301,51,0,32.54935988,-94.36934071,48203.0,0.0,0.0,1954.832990248373,3.9200614911606455,1250,1299,50,0,1249,1287,66726,2,1,0,1,12
2020-12-11,US,Texas,Hartley,263,0,0,35.84008013,-102.6029022,48205.0,0.0,0.0,4716.642754662841,0.0,263,263,0,0,263,264,5619,0,0,0,0,0
2020-12-11,US,Texas,Haskell,109,5,0,33.17823584,-99.73037358,48207.0,0.0,0.0,1926.4757864969959,4.587155963302751,104,107,5,0,102,107,5813,2,0,0,2,0
2020-12-11,US,Texas,Hays,8091,107,0,30.05669873,-98.02944344,48209.0,0.0,0.0,3514.907185771816,1.3224570510443705,7984,8049,107,0,7942,7946,222631,42,0,0,42,103
2020-12-11,US,Texas,Hemphill,285,1,0,35.83764858,-100.2703577,48211.0,0.0,0.0,7462.686567164178,0.3508771929824561,284,283,1,0,282,280,3825,2,0,0,2,3
2020-12-11,US,Texas,Henderson,2061,61,0,32.21128872,-95.85846587,48213.0,0.0,0.0,2491.025780485152,2.9597282872392037,2000,2042,61,0,1981,2030,82299,19,0,0,19,12
2020-12-11,US,Texas,Hidalgo,47109,2121,0,26.39418217,-98.18299696,48215.0,0.0,0.0,5422.887118441546,4.502324396612113,44988,46449,2110,0,44339,46449,865939,660,11,0,649,0
2020-12-11,US,Texas,Hill,1395,23,0,31.99045053,-97.13423143,48217.0,0.0,0.0,3806.379437365276,1.6487455197132617,1372,1277,23,0,1254,1269,36354,118,0,0,118,8
2020-12-11,US,Texas,Hockley,1480,65,0,33.60771256,-102.3431676,48219.0,0.0,0.0,6428.912731853526,4.391891891891892,1415,1474,64,0,1410,1473,22980,6,1,0,5,1
2020-12-11,US,Texas,Hood,2012,56,0,32.42990927,-97.83242024,48221.0,0.0,0.0,3263.955355839268,2.7833001988071566,1956,1986,55,0,1931,1941,60537,26,1,0,25,45
2020-12-11,US,Texas,Hopkins,943,61,0,33.14875072,-95.56351139,48223.0,0.0,0.0,2542.875633696473,6.4687168610816554,882,936,60,0,876,931,36810,7,1,0,6,5
2020-12-11,US,Texas,Houston,581,18,0,31.31925973,-95.42226208,48225.0,0.0,0.0,2529.606408916754,3.0981067125645443,563,583,17,0,566,603,23169,0,1,0,-3,0
2020-12-11,US,Texas,Howard,2220,46,0,32.30621324,-101.4356444,48227.0,0.0,0.0,6054.985817150338,2.072072072072072,2174,2249,46,0,2203,2313,36459,0,0,0,-29,0
2020-12-11,US,Texas,Hudspeth,297,5,0,31.45628381,-105.388178,48229.0,0.0,0.0,6078.591895210807,1.6835016835016836,292,291,4,0,287,283,4795,6,1,0,5,8
2020-12-11,US,Texas,Hunt,3037,67,0,33.12351514,-96.08551032,48231.0,0.0,0.0,3080.309146601213,2.206124464932499,2970,2961,67,0,2894,2961,96493,76,0,0,76,0
2020-12-11,US,Texas,Hutchinson,766,31,0,35.84006574,-101.3546643,48233.0,0.0,0.0,3658.420097430509,4.046997389033941,735,754,29,0,725,754,21198,12,2,0,10,0
2020-12-11,US,Texas,Irion,29,0,0,31.30375559,-100.982439,48235.0,0.0,0.0,1888.020833333333,0.0,29,31,0,0,31,31,1522,0,0,0,-2,0
2020-12-11,US,Texas,Jack,296,5,0,33.23377248,-98.17283469,48237.0,0.0,0.0,3312.8147733631786,1.6891891891891893,291,296,5,0,291,295,8843,0,0,0,0,1
2020-12-11,US,Texas,Jackson,890,17,0,28.95472367,-96.57749563,48239.0,0.0,0.0,6029.810298102981,1.9101123595505616,873,884,17,0,867,884,14874,6,0,0,6,0
2020-12-11,US,Texas,Jasper,569,39,0,30.74685667,-94.02667579,48241.0,0.0,0.0,1601.508626755608,6.854130052724078,530,569,39,0,530,568,35872,0,0,0,0,1
2020-12-11,US,Texas,Jeff Davis,75,1,0,30.71490589,-104.1399973,48243.0,0.0,0.0,3298.153034300792,1.3333333333333333,74,75,1,0,74,74,2252,0,0,0,0,1
2020-12-11,US,Texas,Jefferson,11553,195,0,29.8832777,-94.16434171,48245.0,0.0,0.0,4592.451255142806,1.6878732796676188,11358,11386,195,0,11191,11315,255001,167,0,0,167,71
2020-12-11,US,Texas,Jim Hogg,249,9,0,27.04453923,-98.69681870000001,48247.0,0.0,0.0,4788.461538461538,3.614457831325301,240,242,9,0,233,241,5248,7,0,0,7,1
2020-12-11,US,Texas,Jim Wells,2186,58,0,27.73103938,-98.0904705,48249.0,0.0,0.0,5399.930833456845,2.6532479414455628,2128,2180,58,0,2122,2165,40822,6,0,0,6,15
2020-12-11,US,Texas,Johnson,7112,126,0,32.37877812,-97.36615819,48251.0,0.0,0.0,4045.1150912596613,1.7716535433070866,6986,7002,124,0,6878,6875,171361,110,2,0,108,127
2020-12-11,US,Texas,Jones,1684,17,0,32.73997145,-99.87861576,48253.0,0.0,0.0,8385.201414131356,1.0095011876484559,1667,1686,16,0,1670,1682,19817,0,1,0,-3,4
2020-12-11,US,Texas,Karnes,1049,19,0,28.90705334,-97.85960149,48255.0,0.0,0.0,6723.927953336324,1.8112488083889415,1030,1043,19,0,1024,1043,15650,6,0,0,6,0
2020-12-11,US,Texas,Kaufman,6075,96,0,32.599141700000004,-96.28734728,48257.0,0.0,0.0,4461.859365130661,1.5802469135802468,5979,6008,96,0,5912,5931,128622,67,0,0,67,77
2020-12-11,US,Texas,Kendall,646,21,0,29.94414155,-98.7113588,48259.0,0.0,0.0,1361.9784529105434,3.2507739938080493,625,633,20,0,613,631,45641,13,1,0,12,2
2020-12-11,US,Texas,Kenedy,13,2,0,26.92601662,-97.66413984,48261.0,0.0,0.0,3217.8217821782177,15.384615384615385,11,13,2,0,11,13,442,0,0,0,0,0
2020-12-11,US,Texas,Kent,26,1,0,33.18104136,-100.7780939,48263.0,0.0,0.0,3412.073490813649,3.8461538461538463,25,26,1,0,25,26,726,0,0,0,0,0
2020-12-11,US,Texas,Kerr,1197,28,0,30.06040006,-99.34930144,48265.0,0.0,0.0,2275.665399239544,2.3391812865497075,1169,1116,27,0,1089,1112,52405,81,1,0,80,4
2020-12-11,US,Texas,Kimble,138,5,0,30.48678918,-99.74856473,48267.0,0.0,0.0,3181.9229882407194,3.6231884057971016,133,139,5,0,134,134,4362,0,0,0,-1,5
2020-12-11,US,Texas,King,2,0,0,33.61643847,-100.2558057,48269.0,0.0,0.0,735.2941176470587,0.0,2,2,0,0,2,2,277,0,0,0,0,0
2020-12-11,US,Texas,Kinney,100,3,0,29.34967888,-100.41866379999999,48271.0,0.0,0.0,2727.024815925825,3.0,97,100,3,0,97,100,3767,0,0,0,0,0
2020-12-11,US,Texas,Kleberg,1282,55,0,27.42435506,-97.69894948,48273.0,0.0,0.0,4178.617992177316,4.290171606864274,1227,1277,55,0,1222,1274,31129,5,0,0,5,3
2020-12-11,US,Texas,Knox,130,10,0,33.60519951,-99.74229059999999,48275.0,0.0,0.0,3548.0349344978167,7.6923076923076925,120,129,10,0,119,128,3653,1,0,0,1,1
2020-12-11,US,Texas,La Salle,442,14,0,28.34453111,-99.09908775,48283.0,0.0,0.0,5877.6595744680835,3.1674208144796383,428,438,14,0,424,437,7531,4,0,0,4,1
2020-12-11,US,Texas,Lamar,1598,76,0,33.66981763,-95.57404777,48277.0,0.0,0.0,3205.0382077458435,4.755944931163955,1522,1594,75,0,1519,1573,49728,4,1,0,3,21
2020-12-11,US,Texas,Lamb,1202,56,0,34.06859623,-102.35162890000001,48279.0,0.0,0.0,9322.888389048321,4.658901830282862,1146,1172,55,0,1117,1160,13158,30,1,0,29,12
2020-12-11,US,Texas,Lampasas,481,11,0,31.19531316,-98.24206613,48281.0,0.0,0.0,2244.726526040695,2.286902286902287,470,480,11,0,469,465,21229,1,0,0,1,15
2020-12-11,US,Texas,Lavaca,1454,46,0,29.38508402,-96.93186692,48285.0,0.0,0.0,7214.4487446660705,3.1636863823933976,1408,1450,44,0,1406,1452,20110,4,2,0,2,0
2020-12-11,US,Texas,Lee,331,21,0,30.31120597,-96.97045773,48287.0,0.0,0.0,1920.0649689657168,6.3444108761329305,310,330,21,0,309,327,17144,1,0,0,1,3
2020-12-11,US,Texas,Leon,485,18,0,31.29872538,-95.9936328,48289.0,0.0,0.0,2786.715697540795,3.7113402061855667,467,479,18,0,461,476,17270,6,0,0,6,3
2020-12-11,US,Texas,Liberty,2730,73,0,30.15152688,-94.81205615,48291.0,0.0,0.0,3094.571464197055,2.673992673992674,2657,2701,72,0,2629,2690,86323,29,1,0,28,11
2020-12-11,US,Texas,Limestone,873,20,0,31.5454767,-96.58095444,48293.0,0.0,0.0,3724.8794640952337,2.290950744558992,853,873,20,0,853,858,23519,0,0,0,0,15
2020-12-11,US,Texas,Lipscomb,176,5,0,36.27783108,-100.27331509999999,48295.0,0.0,0.0,5443.860191772348,2.8409090909090913,171,173,5,0,168,173,3355,3,0,0,3,0
2020-12-11,US,Texas,Live Oak,537,10,0,28.35101362,-98.1246786,48297.0,0.0,0.0,4399.11526173507,1.86219739292365,527,519,10,0,509,503,12166,18,0,0,18,16
2020-12-11,US,Texas,Llano,371,5,0,30.70645047,-98.68475262,48299.0,0.0,0.0,1702.2252810277587,1.3477088948787062,366,371,5,0,366,363,21646,0,0,0,0,8
2020-12-11,US,Texas,Loving,1,0,0,31.84947612,-103.5818571,48301.0,0.0,0.0,591.7159763313608,0.0,1,1,0,0,1,1,152,0,0,0,0,0
2020-12-11,US,Texas,Lubbock,35684,446,0,33.61008596,-101.82047890000001,48303.0,0.0,0.0,11489.878255717733,1.24985988117924,35238,35423,436,0,34987,35078,307412,261,10,0,251,345
2020-12-11,US,Texas,Lynn,425,11,0,33.17657705,-101.8162849,48305.0,0.0,0.0,7141.656864392539,2.588235294117647,414,425,11,0,414,421,5877,0,0,0,0,4
2020-12-11,US,Texas,Madison,889,15,0,30.96694679,-95.93003775,48313.0,0.0,0.0,6223.746849621954,1.687289088863892,874,887,15,0,872,879,14422,2,0,0,2,8
2020-12-11,US,Texas,Marion,191,17,0,32.79868409,-94.35661230000001,48315.0,0.0,0.0,1938.2991678506191,8.900523560209422,174,191,17,0,174,191,9928,0,0,0,0,0
2020-12-11,US,Texas,Martin,269,10,0,32.30600051,-101.9513518,48317.0,0.0,0.0,4661.237220585687,3.717472118959108,259,266,9,0,257,261,5753,3,1,0,2,5
2020-12-11,US,Texas,Mason,142,2,0,30.71780434,-99.22629416,48319.0,0.0,0.0,3322.4145999064112,1.4084507042253518,140,142,2,0,140,142,4280,0,0,0,0,0
2020-12-11,US,Texas,Matagorda,1414,63,0,28.81955746,-96.01230294,48321.0,0.0,0.0,3858.854351445024,4.455445544554456,1351,1403,63,0,1340,1392,36552,11,0,0,11,11
2020-12-11,US,Texas,Maverick,5374,179,0,28.7429195,-100.3157686,48323.0,0.0,0.0,9151.595654098976,3.3308522515816894,5195,5261,179,0,5082,5261,58485,113,0,0,113,0
2020-12-11,US,Texas,McCulloch,283,8,0,31.1925468,-99.34682807,48307.0,0.0,0.0,3544.589178356713,2.826855123674912,275,278,8,0,270,277,7987,5,0,0,5,1
2020-12-11,US,Texas,McLennan,15990,221,0,31.55255453,-97.20217694,48309.0,0.0,0.0,6230.930197215371,1.3821138211382114,15769,15880,220,0,15660,15440,254607,110,1,0,109,440
2020-12-11,US,Texas,McMullen,32,1,0,28.35251708,-98.56769164,48311.0,0.0,0.0,4306.864064602961,3.125,31,31,1,0,30,31,749,1,0,0,1,0
2020-12-11,US,Texas,Medina,1712,52,0,29.355730100000002,-99.11030298,48325.0,0.0,0.0,3318.858560794045,3.037383177570093,1660,1695,51,0,1644,1689,50921,17,1,0,16,6
2020-12-11,US,Texas,Menard,119,3,0,30.88990665,-99.82047940000001,48327.0,0.0,0.0,5565.949485500468,2.5210084033613445,116,119,3,0,116,119,2139,0,0,0,0,0
2020-12-11,US,Texas,Midland,8564,155,0,31.86904128,-102.03156820000001,48329.0,0.0,0.0,4843.014838943178,1.809901914992994,8409,8564,155,0,8409,8564,172578,0,0,0,0,0
2020-12-11,US,Texas,Milam,721,10,0,30.78581830000001,-96.97718698,48331.0,0.0,0.0,2904.564315352697,1.3869625520110958,711,716,10,0,706,715,25131,5,0,0,5,1
2020-12-11,US,Texas,Mills,184,8,0,31.49557106,-98.59272068,48333.0,0.0,0.0,3775.9080648471167,4.3478260869565215,176,182,8,0,174,177,4921,2,0,0,2,5
2020-12-11,US,Texas,Mitchell,395,7,0,32.30623474,-100.9212058,48335.0,0.0,0.0,4622.586307782329,1.7721518987341771,388,395,7,0,388,389,8145,0,0,0,0,6
2020-12-11,US,Texas,Montague,890,27,0,33.67521893,-97.72500958,48337.0,0.0,0.0,4490.866888687052,3.0337078651685387,863,873,27,0,846,868,19596,17,0,0,17,5
2020-12-11,US,Texas,Montgomery,20619,226,0,30.30079133,-95.50572772,48339.0,0.0,0.0,3394.6831612585634,1.0960764343566614,20393,20252,222,0,20030,20014,590925,367,4,0,363,238
2020-12-11,US,Texas,Moore,1745,39,0,35.83769242,-101.8930281,48341.0,0.0,0.0,8333.333333333334,2.2349570200573066,1706,1738,39,0,1699,1737,21485,7,0,0,7,1
2020-12-11,US,Texas,Morris,299,8,0,33.11304005,-94.73255695,48343.0,0.0,0.0,2413.626089764288,2.6755852842809364,291,299,8,0,291,298,12339,0,0,0,0,1
2020-12-11,US,Texas,Motley,27,2,0,34.07408766,-100.77972199999999,48345.0,0.0,0.0,2250.0,7.407407407407407,25,27,2,0,25,27,1234,0,0,0,0,0
2020-12-11,US,Texas,Nacogdoches,2116,89,0,31.62017125,-94.61803994,48347.0,0.0,0.0,3245.1996810011656,4.206049149338375,2027,2103,89,0,2014,2088,65711,13,0,0,13,15
2020-12-11,US,Texas,Navarro,2040,41,0,32.04620681,-96.47428766,48349.0,0.0,0.0,4070.799992018039,2.0098039215686274,1999,2026,41,0,1985,2003,49565,14,0,0,14,23
2020-12-11,US,Texas,Newton,201,16,0,30.78548982,-93.74408813,48351.0,0.0,0.0,1478.4847370356754,7.960199004975125,185,201,16,0,185,201,13746,0,0,0,0,0
2020-12-11,US,Texas,Nolan,923,12,0,32.30365282,-100.4060208,48353.0,0.0,0.0,6272.937338589098,1.3001083423618636,911,923,12,0,911,905,14751,0,0,0,0,18
2020-12-11,US,Texas,Nueces,25981,510,0,27.736286,-97.5433285,48355.0,0.0,0.0,7171.24766073962,1.962972941765136,25471,25858,507,0,25351,25742,362265,123,3,0,120,116
2020-12-11,US,Texas,Ochiltree,730,9,0,36.27829105,-100.8158184,48357.0,0.0,0.0,7421.716144774298,1.2328767123287672,721,690,9,0,681,689,9947,40,0,0,40,1
2020-12-11,US,Texas,Oldham,60,2,0,35.40425596,-102.6027606,48359.0,0.0,0.0,2840.909090909091,3.333333333333333,58,60,2,0,58,60,2131,0,0,0,0,0
2020-12-11,US,Texas,Orange,2855,59,0,30.11879481,-93.89412775,48361.0,0.0,0.0,3423.4255839608613,2.0665499124343256,2796,2849,58,0,2791,2835,83572,6,1,0,5,14
2020-12-11,US,Texas,Palo Pinto,1304,41,0,32.75310985,-98.31319001,48363.0,0.0,0.0,4467.436363013464,3.1441717791411037,1263,1270,40,0,1230,1253,28875,34,1,0,33,17
2020-12-11,US,Texas,Panola,594,37,0,32.163959600000005,-94.30552481,48365.0,0.0,0.0,2561.007157023368,6.228956228956228,557,578,36,0,542,572,23148,16,1,0,15,6
2020-12-11,US,Texas,Parker,5034,75,0,32.77757172,-97.80500621,48367.0,0.0,0.0,3523.2856003023558,1.4898688915375446,4959,4936,74,0,4862,4875,138371,98,1,0,97,61
2020-12-11,US,Texas,Parmer,781,28,0,34.52993409,-102.78446679999999,48369.0,0.0,0.0,8131.181676210306,3.585147247119078,753,780,28,0,752,780,9864,1,0,0,1,0
2020-12-11,US,Texas,Pecos,899,20,0,30.78097267,-102.72412609999999,48371.0,0.0,0.0,5681.60273020287,2.2246941045606228,879,886,20,0,866,894,15673,13,0,0,13,0
2020-12-11,US,Texas,Polk,1066,45,0,30.79472531,-94.82766240000001,48373.0,0.0,0.0,2075.8280918349465,4.221388367729832,1021,1066,43,0,1023,1047,50031,0,2,0,-2,19
2020-12-11,US,Texas,Potter,14174,259,0,35.40133773,-101.893964,48375.0,0.0,0.0,12071.711450836774,1.827289403132496,13915,14068,257,0,13811,14013,119648,106,2,0,104,55
2020-12-11,US,Texas,Presidio,476,12,0,29.99954402,-104.24080790000001,48377.0,0.0,0.0,7100.238663484487,2.5210084033613445,464,477,11,0,466,477,6948,0,1,0,-2,0
2020-12-11,US,Texas,Rains,203,10,0,32.87109387,-95.79232691,48379.0,0.0,0.0,1622.1831548665493,4.9261083743842375,193,203,10,0,193,196,12159,0,0,0,0,7
2020-12-11,US,Texas,Randall,12475,134,0,34.96585996,-101.8971322,48381.0,0.0,0.0,9058.694531380479,1.0741482965931863,12341,12443,133,0,12310,12329,136271,32,1,0,31,114
2020-12-11,US,Texas,Reagan,226,6,0,31.36607041,-101.52326590000001,48383.0,0.0,0.0,5871.654975318264,2.6548672566371683,220,226,6,0,220,226,3741,0,0,0,0,0
2020-12-11,US,Texas,Real,148,10,0,29.83321503,-99.82018052,48385.0,0.0,0.0,4287.369640787949,6.756756756756758,138,147,10,0,137,147,3478,1,0,0,1,0
2020-12-11,US,Texas,Red River,250,19,0,33.61886692,-95.04841765,48387.0,0.0,0.0,2079.347916493388,7.6,231,250,18,0,232,249,12175,0,1,0,-1,1
2020-12-11,US,Texas,Reeves,742,20,0,31.32323325,-103.69038959999999,48389.0,0.0,0.0,4644.466700050075,2.6954177897574123,722,768,17,0,751,762,15695,0,3,0,-29,6
2020-12-11,US,Texas,Refugio,375,16,0,28.323897600000002,-97.15766311,48391.0,0.0,0.0,5397.2366148531955,4.266666666666667,359,373,16,0,357,371,7032,2,0,0,2,2
2020-12-11,US,Texas,Roberts,31,1,0,35.83809685,-100.813175,48393.0,0.0,0.0,3629.976580796253,3.2258064516129035,30,31,1,0,30,31,903,0,0,0,0,0
2020-12-11,US,Texas,Robertson,578,9,0,31.02539637,-96.51272246,48395.0,0.0,0.0,3385.2641443129905,1.5570934256055364,569,571,9,0,562,562,17284,7,0,0,7,9
2020-12-11,US,Texas,Rockwall,3844,42,0,32.89779518,-96.40771592,48397.0,0.0,0.0,3663.918410141543,1.0926118626430799,3802,3792,42,0,3750,3732,100657,52,0,0,52,60
2020-12-11,US,Texas,Runnels,452,13,0,31.8314342,-99.97616148,48399.0,0.0,0.0,4403.741231488699,2.8761061946902653,439,441,12,0,429,439,10234,11,1,0,10,2
2020-12-11,US,Texas,Rusk,1346,39,0,32.10773545,-94.76176432,48401.0,0.0,0.0,2473.991839135389,2.897473997028232,1307,1344,38,0,1306,1326,54450,2,1,0,1,18
2020-12-11,US,Texas,Sabine,134,11,0,31.34318809,-93.85440451,48403.0,0.0,0.0,1271.106051982546,8.208955223880597,123,134,11,0,123,133,10589,0,0,0,0,1
2020-12-11,US,Texas,San Augustine,275,19,0,31.39457611,-94.17000399,48405.0,0.0,0.0,3338.594148354984,6.909090909090909,256,275,19,0,256,272,8232,0,0,0,0,3
2020-12-11,US,Texas,San Jacinto,267,16,0,30.57933681,-95.16260304,48407.0,0.0,0.0,925.1879829515924,5.992509363295881,251,266,16,0,250,266,28719,1,0,0,1,0
2020-12-11,US,Texas,San Patricio,1985,89,0,28.00880118,-97.51763891,48409.0,0.0,0.0,2974.674059643339,4.483627204030227,1896,1985,87,0,1898,1985,66893,0,2,0,-2,0
2020-12-11,US,Texas,San Saba,323,11,0,31.1577796,-98.81758731,48411.0,0.0,0.0,5334.434351775391,3.4055727554179565,312,320,11,0,309,318,6054,3,0,0,3,2
2020-12-11,US,Texas,Schleicher,137,5,0,30.89740592,-100.5384842,48413.0,0.0,0.0,4905.119942713927,3.6496350364963503,132,135,5,0,130,137,2895,2,0,0,2,0
2020-12-11,US,Texas,Scurry,1751,26,0,32.74613808,-100.91626640000001,48415.0,0.0,0.0,10483.14674010657,1.4848657909765848,1725,1735,26,0,1709,1725,16866,16,0,0,16,10
2020-12-11,US,Texas,Shackelford,64,0,0,32.73587756,-99.35401337,48417.0,0.0,0.0,1960.1837672281772,0.0,64,64,0,0,64,63,3253,0,0,0,0,1
2020-12-11,US,Texas,Shelby,621,38,0,31.79211404,-94.14550696,48419.0,0.0,0.0,2457.070507240643,6.119162640901772,583,620,37,0,583,617,25418,1,1,0,0,3
2020-12-11,US,Texas,Sherman,92,3,0,36.27751473,-101.8933156,48421.0,0.0,0.0,3044.341495698213,3.260869565217391,89,91,3,0,88,91,3079,1,0,0,1,0
2020-12-11,US,Texas,Smith,6520,218,0,32.37474036,-95.27175679999999,48423.0,0.0,0.0,2801.276901065946,3.3435582822085887,6302,6477,215,0,6262,6430,230221,43,3,0,40,47
2020-12-11,US,Texas,Somervell,325,5,0,32.22236802,-97.77403489,48425.0,0.0,0.0,3560.4732690622263,1.5384615384615383,320,322,5,0,317,318,9016,3,0,0,3,4
2020-12-11,US,Texas,Starr,4346,193,0,26.56150059,-98.73892358,48427.0,0.0,0.0,6724.119257964198,4.440865163368615,4153,4309,192,0,4117,4257,64525,37,1,0,36,52
2020-12-11,US,Texas,Stephens,356,9,0,32.73553157,-98.83631615,48429.0,0.0,0.0,3800.9822763186,2.5280898876404496,347,356,9,0,347,354,9433,0,0,0,0,2
2020-12-11,US,Texas,Sterling,44,1,0,31.82781912,-101.05007459999999,48431.0,0.0,0.0,3408.2106893880714,2.272727272727273,43,44,1,0,43,42,1311,0,0,0,0,2
2020-12-11,US,Texas,Stonewall,32,3,0,33.17906744,-100.25384009999999,48433.0,0.0,0.0,2370.3703703703704,9.375,29,31,3,0,28,31,1362,1,0,0,1,0
2020-12-11,US,Texas,Sutton,239,5,0,30.49856623,-100.5382014,48435.0,0.0,0.0,6329.449152542373,2.092050209205021,234,239,5,0,234,240,3758,0,0,0,0,0
2020-12-11,US,Texas,Swisher,315,11,0,34.53028891,-101.73491740000001,48437.0,0.0,0.0,4258.483168852237,3.492063492063492,304,315,11,0,304,312,7462,0,0,0,0,3
2020-12-11,US,Texas,Tarrant,116931,1158,0,32.77143818,-97.29101614,48439.0,0.0,0.0,5561.482319983448,0.9903276291146059,115773,115476,1144,0,114332,114261,2084931,1455,14,0,1441,1215
2020-12-11,US,Texas,Taylor,4097,143,0,32.30163422,-99.89007449,48441.0,0.0,0.0,2968.1093064027705,3.4903587991213083,3954,4023,142,0,3881,3934,137640,74,1,0,73,89
2020-12-11,US,Texas,Terrell,37,1,0,30.22429013,-102.0766732,48443.0,0.0,0.0,4768.0412371134025,2.702702702702702,36,36,1,0,35,33,823,1,0,0,1,3
2020-12-11,US,Texas,Terry,1140,32,0,33.17402785,-102.3354521,48445.0,0.0,0.0,9240.496068736322,2.8070175438596485,1108,1140,30,0,1110,1094,12287,0,2,0,-2,46
2020-12-11,US,Texas,Throckmorton,26,2,0,33.17751417,-99.21226795,48447.0,0.0,0.0,1732.17854763491,7.6923076923076925,24,26,2,0,24,26,1515,0,0,0,0,0
2020-12-11,US,Texas,Titus,1902,42,0,33.21339719,-94.96797273,48449.0,0.0,0.0,5807.633587786258,2.2082018927444795,1860,1890,42,0,1848,1884,33033,12,0,0,12,6
2020-12-11,US,Texas,Tom Green,10451,148,0,31.40464436,-100.46244300000001,48451.0,0.0,0.0,8689.597315436242,1.4161324275188978,10303,10358,146,0,10212,10268,118189,93,2,0,91,90
2020-12-11,US,Texas,Travis,41901,504,0,30.33432034,-97.78535620000001,48453.0,0.0,0.0,3289.0512530279743,1.2028352545285317,41397,41519,502,0,41017,41092,1248743,382,2,0,380,427
2020-12-11,US,Texas,Trinity,240,9,0,31.0879489,-95.1367187,48455.0,0.0,0.0,1638.1134393556754,3.75,231,237,9,0,228,236,14740,3,0,0,3,1
2020-12-11,US,Texas,Tyler,344,7,0,30.77031716,-94.37690895,48457.0,0.0,0.0,1587.3015873015872,2.0348837209302326,337,344,7,0,337,344,21696,0,0,0,0,0
2020-12-11,US,Texas,Upshur,651,25,0,32.73706798,-94.93999853,48459.0,0.0,0.0,1559.1694010011254,3.840245775729647,626,648,24,0,624,647,41260,3,1,0,2,1
2020-12-11,US,Texas,Upton,71,6,0,31.36868194,-102.0423217,48461.0,0.0,0.0,1941.4820891441072,8.450704225352112,65,85,6,0,79,85,3671,0,0,0,-14,0
2020-12-11,US,Texas,Uvalde,1274,39,0,29.35739637,-99.76229172,48463.0,0.0,0.0,4764.21973748177,3.0612244897959178,1235,1274,39,0,1235,1262,26846,0,0,0,0,12
2020-12-11,US,Texas,Val Verde,3568,143,0,29.89149232,-101.1525205,48465.0,0.0,0.0,7277.919428862825,4.007847533632288,3425,3568,143,0,3425,3568,49208,0,0,0,0,0
2020-12-11,US,Texas,Van Zandt,1313,46,0,32.56483801,-95.83766469,48467.0,0.0,0.0,2320.1979148259406,3.5034272658035035,1267,1306,45,0,1261,1298,56019,7,1,0,6,8
2020-12-11,US,Texas,Victoria,5309,109,0,28.79780988,-96.96813006,48469.0,0.0,0.0,5765.388123886886,2.0531173478997933,5200,5247,107,0,5140,5247,92035,62,2,0,60,0
2020-12-11,US,Texas,Walker,4639,74,0,30.73872995,-95.57440968,48471.0,0.0,0.0,6357.320031245289,1.595171373140763,4565,4594,74,0,4520,4589,72480,45,0,0,45,5
2020-12-11,US,Texas,Waller,1367,21,0,30.01058447,-95.99011759,48473.0,0.0,0.0,2474.3872859573544,1.5362106803218727,1346,1343,21,0,1322,1332,53126,24,0,0,24,11
2020-12-11,US,Texas,Ward,458,7,0,31.50999644,-103.09279090000001,48475.0,0.0,0.0,3817.302883813969,1.5283842794759823,451,450,7,0,443,460,11720,8,0,0,8,0
2020-12-11,US,Texas,Washington,1038,55,0,30.21498498,-96.40946246,48477.0,0.0,0.0,2892.8153391672704,5.298651252408479,983,1035,55,0,980,1028,35108,3,0,0,3,7
2020-12-11,US,Texas,Webb,22540,405,0,27.7610369,-99.33237355,48479.0,0.0,0.0,8147.419863221665,1.7968056787932565,22135,22417,399,0,22018,21587,275910,123,6,0,117,830
2020-12-11,US,Texas,Wharton,1813,71,0,29.27765923,-96.22319248,48481.0,0.0,0.0,4362.7875637693705,3.9161610590182017,1742,1808,71,0,1737,1800,41619,5,0,0,5,8
2020-12-11,US,Texas,Wheeler,281,6,0,35.40114335,-100.26995140000001,48483.0,0.0,0.0,5557.753164556962,2.1352313167259784,275,279,6,0,273,279,5191,2,0,0,2,0
2020-12-11,US,Texas,Wichita,8451,167,0,33.98842886,-98.70410340000001,48485.0,0.0,0.0,6391.1366558269665,1.9760975032540529,8284,8310,161,0,8149,8143,132064,141,6,0,135,167
2020-12-11,US,Texas,Wilbarger,862,21,0,34.07945812,-99.24178437,48487.0,0.0,0.0,6750.724410682122,2.4361948955916475,841,821,16,0,805,821,12820,41,5,0,36,0
2020-12-11,US,Texas,Willacy,1459,61,0,26.47411727,-97.61535848,48489.0,0.0,0.0,6831.1639666635465,4.180945853324195,1398,1446,61,0,1385,1433,21515,13,0,0,13,13
2020-12-11,US,Texas,Williamson,15462,184,0,30.64655664,-97.60048540000001,48491.0,0.0,0.0,2618.2328029247265,1.190014228430992,15278,15228,183,0,15045,15003,566719,234,1,0,233,225
2020-12-11,US,Texas,Wilson,1344,29,0,29.1732598,-98.08693082,48493.0,0.0,0.0,2631.6820050910515,2.157738095238096,1315,1336,29,0,1307,1335,50224,8,0,0,8,1
2020-12-11,US,Texas,Winkler,345,6,0,31.85008651,-103.04851629999999,48495.0,0.0,0.0,4307.116104868915,1.7391304347826086,339,351,6,0,345,338,7720,0,0,0,-6,13
2020-12-11,US,Texas,Wise,2495,53,0,33.21570665,-97.65460265,48497.0,0.0,0.0,3565.100594421582,2.1242484969939883,2442,2448,51,0,2397,2405,68305,47,2,0,45,43
2020-12-11,US,Texas,Wood,1033,56,0,32.78722382,-95.38236368,48499.0,0.0,0.0,2268.385340038209,5.4211035818005815,977,1032,56,0,976,1027,45129,1,0,0,1,5
2020-12-11,US,Texas,Yoakum,673,14,0,33.17320212,-102.82764329999999,48501.0,0.0,0.0,7724.090439573052,2.0802377414561666,659,673,14,0,659,635,8591,0,0,0,0,38
2020-12-11,US,Texas,Young,1076,24,0,33.17659707,-98.68790885,48503.0,0.0,0.0,5974.4586340921705,2.2304832713754648,1052,1068,24,0,1044,1048,18045,8,0,0,8,20
2020-12-11,US,Texas,Zapata,620,9,0,27.00156391,-99.16987152,48505.0,0.0,0.0,4372.663798575359,1.4516129032258065,611,617,9,0,608,606,14190,3,0,0,3,11
2020-12-11,US,Texas,Zavala,725,24,0,28.86617238,-99.76050829,48507.0,0.0,0.0,6123.310810810811,3.310344827586207,701,724,24,0,700,725,11983,1,0,0,1,0
2020-12-11,US,Utah,Bear River,12075,38,0,41.52106798,-113.08328159999999,0.0,0.0,0.0,6463.509940155661,0.3146997929606625,12037,11961,38,0,11923,11745,,114,0,0,114,216
2020-12-11,US,Utah,Central Utah,4140,25,0,39.37231946,-111.5758676,0.0,0.0,0.0,5051.614320228421,0.6038647342995169,4115,4046,24,0,4022,3955,,94,1,0,93,91
2020-12-11,US,Utah,Davis,19664,72,0,40.99001837,-112.1139997,49011.0,0.0,0.0,5531.65991993946,0.3661513425549227,19592,19442,72,0,19370,19111,351713,222,0,0,222,331
2020-12-11,US,Utah,Salt Lake,91795,464,0,40.66616532,-111.92160109999999,49035.0,0.0,0.0,7910.382037111881,0.5054741543657062,91331,91056,459,0,90597,89832,1152633,739,5,0,734,1224
2020-12-11,US,Utah,San Juan,1224,32,0,37.62762978,-109.80337140000002,49037.0,0.0,0.0,7995.819179513979,2.6143790849673203,1192,1213,32,0,1181,1190,15449,11,0,0,11,23
2020-12-11,US,Utah,Southeast Utah,1676,9,0,38.99617072,-110.70139579999999,0.0,0.0,0.0,4166.148798130702,0.5369928400954654,1667,1655,9,0,1646,1628,,21,0,0,21,27
2020-12-11,US,Utah,Southwest Utah,14860,108,0,37.85447192,-111.4418764,0.0,0.0,0.0,5895.8427563660025,0.7267833109017496,14752,14694,107,0,14587,14416,,166,1,0,165,278
2020-12-11,US,Utah,Summit,2563,5,0,40.86688146,-110.9535882,49043.0,0.0,0.0,6081.385692252937,0.19508388607101051,2558,2540,5,0,2535,2514,41933,23,0,0,23,26
2020-12-11,US,Utah,Tooele,3582,10,0,40.44862644,-113.12957150000001,49045.0,0.0,0.0,4957.167965236165,0.2791736460078169,3572,3522,10,0,3512,3453,69907,60,0,0,60,69
2020-12-11,US,Utah,TriCounty,1858,10,0,40.12491499,-109.5174415,0.0,0.0,0.0,3281.4100526297198,0.5382131324004306,1848,1836,9,0,1827,1793,,22,1,0,21,43
2020-12-11,US,Utah,Utah,56088,169,0,40.116672200000004,-111.66576620000001,49049.0,0.0,0.0,8815.610584139507,0.30131222364855226,55919,55631,168,0,55463,54905,622213,457,1,0,456,726
2020-12-11,US,Utah,Wasatch,2666,13,0,40.33110236,-111.1691419,49051.0,0.0,0.0,7820.245812677833,0.4876219054763691,2653,2631,13,0,2618,2599,33240,35,0,0,35,32
2020-12-11,US,Utah,Weber-Morgan,15938,70,0,41.27116049,-111.9145117,0.0,0.0,0.0,5852.307986061387,0.4392019073911407,15868,15719,70,0,15649,15404,,219,0,0,219,315
2020-12-11,US,Vermont,Addison,219,3,0,44.03217337,-73.14130877,50001.0,0.0,0.0,595.4808711966717,1.3698630136986298,216,216,3,0,213,213,36973,3,0,0,3,3
2020-12-11,US,Vermont,Bennington,283,1,0,43.03519828,-73.09048868,50003.0,0.0,0.0,797.8573442345644,0.353356890459364,282,271,1,0,270,256,35631,12,0,0,12,15
2020-12-11,US,Vermont,Caledonia,176,2,0,44.46548598,-72.10314651,50005.0,0.0,0.0,586.8035875037508,1.1363636363636365,174,176,2,0,174,173,30302,0,0,0,0,3
2020-12-11,US,Vermont,Chittenden,1950,51,0,44.46322849,-73.08359212,50007.0,0.0,0.0,1190.665184949992,2.6153846153846154,1899,1898,49,0,1849,1842,164572,52,2,0,50,56
2020-12-11,US,Vermont,Essex,71,0,0,44.72736416,-71.73579864,50009.0,0.0,0.0,1152.036345935421,0.0,71,71,0,0,71,70,6250,0,0,0,0,1
2020-12-11,US,Vermont,Franklin,365,13,0,44.85627605,-72.91249563,50011.0,0.0,0.0,738.8364843528602,3.5616438356164384,352,349,13,0,336,344,49421,16,0,0,16,5
2020-12-11,US,Vermont,Grand Isle,50,0,0,44.797582399999996,-73.29679772,50013.0,0.0,0.0,691.0850034554251,0.0,50,50,0,0,50,48,7090,0,0,0,0,2
2020-12-11,US,Vermont,Lamoille,192,1,0,44.60353043,-72.64356694,50015.0,0.0,0.0,757.0380884788266,0.5208333333333334,191,187,1,0,186,184,25300,5,0,0,5,3
2020-12-11,US,Vermont,Orange,270,0,0,44.00470222,-72.37640104,50017.0,0.0,0.0,934.5147445659699,0.0,270,269,0,0,269,260,28999,1,0,0,1,9
2020-12-11,US,Vermont,Orleans,228,3,0,44.82964024,-72.24562697,50019.0,0.0,0.0,843.2888264230497,1.3157894736842106,225,217,3,0,214,211,26907,11,0,0,11,6
2020-12-11,US,Vermont,Rutland,307,8,0,43.57723578,-73.03741676,50021.0,0.0,0.0,527.5729923871389,2.6058631921824102,299,301,6,0,295,295,58672,6,2,0,4,6
2020-12-11,US,Vermont,Unassigned,8,0,0,0.0,0.0,90050.0,0.0,0.0,0.0,0.0,8,8,0,0,8,8,,0,0,0,0,0
2020-12-11,US,Vermont,Washington,814,4,0,44.27343241,-72.61604978,50023.0,0.0,0.0,1393.6208461024842,0.4914004914004914,810,807,4,0,803,801,58140,7,0,0,7,6
2020-12-11,US,Vermont,Windham,323,5,0,42.986982,-72.71268875,50025.0,0.0,0.0,765.0040263369807,1.547987616099071,318,314,5,0,309,309,42756,9,0,0,9,5
2020-12-11,US,Vermont,Windsor,285,2,0,43.58010937,-72.58595157,50027.0,0.0,0.0,517.5983436853002,0.7017543859649122,283,279,2,0,277,271,55286,6,0,0,6,8
2020-12-11,US,Virginia,Accomack,1466,21,0,37.76707161,-75.63234615,51001.0,0.0,0.0,4536.452531253868,1.4324693042291952,1445,1448,21,0,1427,1438,32412,18,0,0,18,10
2020-12-11,US,Virginia,Albemarle,2212,28,0,38.02080697,-78.55481085,51003.0,0.0,0.0,2023.2324156224274,1.2658227848101269,2184,2203,28,0,2175,2161,108718,9,0,0,9,42
2020-12-11,US,Virginia,Alexandria,6089,82,0,38.814003,-77.08183073,51510.0,0.0,0.0,3819.278922146674,1.3466907538183608,6007,6012,82,0,5930,5950,160530,77,0,0,77,62
2020-12-11,US,Virginia,Alleghany,470,18,0,37.78636074,-80.00222498,51005.0,0.0,0.0,3162.8532974428003,3.8297872340425534,452,454,18,0,436,430,14910,16,0,0,16,24
2020-12-11,US,Virginia,Amelia,291,7,0,37.34081025,-77.98584649,51007.0,0.0,0.0,2213.7694941042223,2.405498281786941,284,287,7,0,280,282,13013,4,0,0,4,5
2020-12-11,US,Virginia,Amherst,1031,7,0,37.60308293,-79.14548696,51009.0,0.0,0.0,3262.142066128777,0.6789524733268671,1024,1010,7,0,1003,982,31666,21,0,0,21,28
2020-12-11,US,Virginia,Appomattox,484,6,0,37.37569884,-78.81340003,51011.0,0.0,0.0,3041.920683803658,1.2396694214876034,478,472,6,0,466,467,15841,12,0,0,12,5
2020-12-11,US,Virginia,Arlington,7206,164,0,38.8767675,-77.10139853,51013.0,0.0,0.0,3042.534685570972,2.2758812101026917,7042,7097,164,0,6933,7062,237521,109,0,0,109,35
2020-12-11,US,Virginia,Augusta,1933,16,0,38.16404586,-79.12461614,51015.0,0.0,0.0,2558.2995844252096,0.8277289187790998,1917,1906,14,0,1892,1694,75457,27,2,0,25,212
2020-12-11,US,Virginia,Bath,97,0,0,38.05852573,-79.73912095,51017.0,0.0,0.0,2339.040270074753,0.0,97,89,0,0,89,85,4292,8,0,0,8,4
2020-12-11,US,Virginia,Bedford,2249,25,0,37.3080028,-79.5281964,51019.0,0.0,0.0,2846.943554818537,1.1116051578479325,2224,2202,24,0,2178,2162,78747,47,1,0,46,40
2020-12-11,US,Virginia,Bland,338,5,0,37.13128068,-81.13599391,51021.0,0.0,0.0,5382.165605095542,1.4792899408284024,333,338,5,0,333,317,6293,0,0,0,0,21
2020-12-11,US,Virginia,Botetourt,953,14,0,37.55531756,-79.80982182,51023.0,0.0,0.0,2851.671205003142,1.4690451206715636,939,942,14,0,928,922,33277,11,0,0,11,20
2020-12-11,US,Virginia,Bristol,644,7,0,36.616302399999995,-82.16359122,51520.0,0.0,0.0,3842.023624865768,1.0869565217391304,637,634,7,0,627,625,16482,10,0,0,10,9
2020-12-11,US,Virginia,Brunswick,518,8,0,36.76366949,-77.8593436,51025.0,0.0,0.0,3191.423818618693,1.5444015444015444,510,516,8,0,508,512,16384,2,0,0,2,4
2020-12-11,US,Virginia,Buchanan,570,24,0,37.26818323,-82.03749726,51027.0,0.0,0.0,2713.768805941725,4.2105263157894735,546,558,24,0,534,555,21221,12,0,0,12,3
2020-12-11,US,Virginia,Buckingham,1097,10,0,37.57242268,-78.52518834,51029.0,0.0,0.0,6397.24749241894,0.911577028258888,1087,1084,10,0,1074,1052,16999,13,0,0,13,32
2020-12-11,US,Virginia,Buena Vista,396,1,0,37.73484642,-79.35296097,51530.0,0.0,0.0,6112.997838839148,0.2525252525252525,395,372,1,0,371,358,6237,24,0,0,24,14
2020-12-11,US,Virginia,Campbell,1448,15,0,37.20553386,-79.09678609,51031.0,0.0,0.0,2638.243600255079,1.0359116022099448,1433,1410,14,0,1396,1379,54973,38,1,0,37,31
2020-12-11,US,Virginia,Caroline,768,8,0,38.02679129,-77.34901405,51033.0,0.0,0.0,2499.593165174939,1.0416666666666667,760,755,8,0,747,745,30772,13,0,0,13,10
2020-12-11,US,Virginia,Carroll,1162,31,0,36.73066666,-80.73455942,51035.0,0.0,0.0,3900.506864489275,2.667814113597246,1131,1147,31,0,1116,1139,29636,15,0,0,15,8
2020-12-11,US,Virginia,Charles City,154,7,0,37.35358063,-77.05634116,51036.0,0.0,0.0,2211.690363349131,4.545454545454546,147,153,7,0,146,151,6941,1,0,0,1,2
2020-12-11,US,Virginia,Charlotte,306,5,0,37.01909701,-78.66314092,51037.0,0.0,0.0,2575.757575757576,1.6339869281045751,301,301,5,0,296,298,11938,5,0,0,5,3
2020-12-11,US,Virginia,Charlottesville,1977,31,0,38.03527919,-78.48569588,51540.0,0.0,0.0,4182.710616510811,1.5680323722812342,1946,1965,31,0,1934,1958,48117,12,0,0,12,7
2020-12-11,US,Virginia,Chesapeake,7289,88,0,36.67670048,-76.30545744,51550.0,0.0,0.0,2977.1070312659544,1.207298669227603,7201,7227,87,0,7140,7135,242634,62,1,0,61,92
2020-12-11,US,Virginia,Chesterfield,10590,146,0,37.37373208,-77.58680140000001,51041.0,0.0,0.0,3001.6836639248077,1.3786591123701606,10444,10445,143,0,10302,10350,348556,145,3,0,142,95
2020-12-11,US,Virginia,Clarke,260,4,0,39.11271747,-77.99199425,51043.0,0.0,0.0,1778.5074218482794,1.5384615384615383,256,258,4,0,254,243,14523,2,0,0,2,15
2020-12-11,US,Virginia,Colonial Heights,491,26,0,37.26420587,-77.39609676,51570.0,0.0,0.0,2826.71272308578,5.295315682281059,465,486,26,0,460,479,17833,5,0,0,5,7
2020-12-11,US,Virginia,Covington,251,3,0,37.7824656,-79.98631446,51580.0,0.0,0.0,4532.322137955941,1.195219123505976,248,238,3,0,235,215,5460,13,0,0,13,23
2020-12-11,US,Virginia,Craig,107,1,0,37.48133648,-80.21072274,51045.0,0.0,0.0,2085.363476905087,0.9345794392523364,106,106,1,0,105,104,5064,1,0,0,1,2
2020-12-11,US,Virginia,Culpeper,2493,19,0,38.48199985,-77.95630870000002,51047.0,0.0,0.0,4739.093242087254,0.7621339751303651,2474,2469,19,0,2450,2412,51859,24,0,0,24,57
2020-12-11,US,Virginia,Cumberland,174,4,0,37.51328851,-78.24398086,51049.0,0.0,0.0,1751.913008457511,2.2988505747126435,170,174,4,0,170,174,9809,0,0,0,0,0
2020-12-11,US,Virginia,Danville,1927,55,0,36.58022376,-79.40395668,51590.0,0.0,0.0,4812.206572769953,2.8541774779449924,1872,1891,54,0,1837,1871,40693,36,1,0,35,20
2020-12-11,US,Virginia,Dickenson,463,3,0,37.12560977,-82.35124171,51051.0,0.0,0.0,3233.691856404526,0.6479481641468683,460,446,3,0,443,430,14523,17,0,0,17,16
2020-12-11,US,Virginia,Dinwiddie,733,14,0,37.07544585,-77.63451754,51053.0,0.0,0.0,2567.965246636771,1.9099590723055933,719,730,14,0,716,725,28529,3,0,0,3,5
2020-12-11,US,Virginia,Emporia,353,29,0,36.69455571,-77.53406129,51595.0,0.0,0.0,6603.067714178826,8.215297450424929,324,351,29,0,322,351,5121,2,0,0,2,0
2020-12-11,US,Virginia,Essex,268,2,0,37.93357639,-76.94230311,51057.0,0.0,0.0,2446.818223317813,0.746268656716418,266,268,2,0,266,263,10919,0,0,0,0,5
2020-12-11,US,Virginia,Fairfax,35748,633,0,38.83677558,-77.27565836,51059.0,0.0,0.0,3115.207244765288,1.7707284323598522,35115,35428,632,0,34796,34996,1150795,320,1,0,319,432
2020-12-11,US,Virginia,Fairfax,35748,633,0,38.83677558,-77.27565836,51059.0,0.0,0.0,3115.207244765288,1.7707284323598522,35115,35428,632,0,34796,34996,24574,320,1,0,319,432
2020-12-11,US,Virginia,Fairfax City,235,10,0,38.85157547,-77.29779640000002,51600.0,0.0,0.0,978.3921062492194,4.25531914893617,225,234,10,0,224,232,24574,1,0,0,1,2
2020-12-11,US,Virginia,Falls Church,136,6,0,38.88485255,-77.17560759,51610.0,0.0,0.0,930.4234795101593,4.411764705882354,130,134,6,0,128,128,14772,2,0,0,2,6
2020-12-11,US,Virginia,Fauquier,1814,28,0,38.73564842,-77.80647472,51061.0,0.0,0.0,2546.965825166381,1.5435501653803751,1786,1769,28,0,1741,1746,70675,45,0,0,45,23
2020-12-11,US,Virginia,Floyd,405,17,0,36.9302126,-80.36738849,51063.0,0.0,0.0,2571.5918471014033,4.197530864197532,388,402,17,0,385,400,15795,3,0,0,3,2
2020-12-11,US,Virginia,Fluvanna,593,9,0,37.84157909,-78.27715475,51065.0,0.0,0.0,2174.5507884121744,1.5177065767284992,584,589,9,0,580,566,26783,4,0,0,4,23
2020-12-11,US,Virginia,Franklin,1880,19,0,36.99536167,-79.88023649,51067.0,0.0,0.0,3354.626886977624,1.0106382978723405,1861,1854,19,0,1835,1817,56195,26,0,0,26,37
2020-12-11,US,Virginia,Franklin,1880,19,0,36.99536167,-79.88023649,51067.0,0.0,0.0,3354.626886977624,1.0106382978723405,1861,1854,19,0,1835,1817,8013,26,0,0,26,37
2020-12-11,US,Virginia,Franklin City,592,17,0,36.6831435,-76.93859681,51620.0,0.0,0.0,7430.6514371783605,2.871621621621621,575,587,17,0,570,580,8013,5,0,0,5,7
2020-12-11,US,Virginia,Frederick,2776,20,0,39.20172582,-78.25974949,51069.0,0.0,0.0,3108.170143204237,0.7204610951008645,2756,2726,19,0,2707,2651,88355,50,1,0,49,75
2020-12-11,US,Virginia,Fredericksburg,815,6,0,38.2977863,-77.4922454,51630.0,0.0,0.0,2806.8604490976722,0.7361963190184049,809,800,6,0,794,795,29144,15,0,0,15,5
2020-12-11,US,Virginia,Galax,646,30,0,36.66601852,-80.91703124,51640.0,0.0,0.0,10178.036867811563,4.643962848297214,616,643,30,0,613,636,6423,3,0,0,3,7
2020-12-11,US,Virginia,Giles,405,1,0,37.31234791,-80.70636931,51071.0,0.0,0.0,2422.2488038277506,0.2469135802469136,404,390,1,0,389,377,16844,15,0,0,15,13
2020-12-11,US,Virginia,Gloucester,583,5,0,37.40809042,-76.53524337,51073.0,0.0,0.0,1560.9938952554353,0.8576329331046312,578,579,5,0,574,564,37349,4,0,0,4,15
2020-12-11,US,Virginia,Goochland,501,7,0,37.71714806,-77.90381514,51075.0,0.0,0.0,2109.2072580305644,1.3972055888223551,494,497,7,0,490,495,23244,4,0,0,4,2
2020-12-11,US,Virginia,Grayson,620,22,0,36.65677234,-81.23215889,51077.0,0.0,0.0,3987.138263665595,3.548387096774193,598,612,22,0,590,603,15631,8,0,0,8,9
2020-12-11,US,Virginia,Greene,412,4,0,38.29545894,-78.46525378,51079.0,0.0,0.0,2078.813260003028,0.9708737864077671,408,408,4,0,404,403,19779,4,0,0,4,5
2020-12-11,US,Virginia,Greensville,946,16,0,36.67878901,-77.56351439,51081.0,0.0,0.0,8345.095271700777,1.6913319238900637,930,947,16,0,931,947,11627,0,0,0,-1,0
2020-12-11,US,Virginia,Halifax,914,24,0,36.76654925,-78.93512622,51083.0,0.0,0.0,2695.290613665183,2.62582056892779,890,906,23,0,883,898,34120,8,1,0,7,8
2020-12-11,US,Virginia,Hampton,3231,38,0,37.03513786,-76.35879121,51650.0,0.0,0.0,2402.051892052636,1.176106468585577,3193,3171,38,0,3133,3139,134313,60,0,0,60,32
2020-12-11,US,Virginia,Hanover,2902,59,0,37.7583355,-77.49464673,51085.0,0.0,0.0,2692.871592153369,2.033080634045486,2843,2864,59,0,2805,2820,107239,38,0,0,38,44
2020-12-11,US,Virginia,Harrisonburg,3754,40,0,38.43542574,-78.87536254,51660.0,0.0,0.0,7080.881243398219,1.0655301012253595,3714,3727,39,0,3688,3680,54033,27,1,0,26,47
2020-12-11,US,Virginia,Henrico,9720,268,0,37.53460572,-77.39326555,51087.0,0.0,0.0,2938.1714416990612,2.757201646090535,9452,9597,266,0,9331,9440,329261,123,2,0,121,157
2020-12-11,US,Virginia,Henry,2144,43,0,36.68542395,-79.87634026,51089.0,0.0,0.0,4240.757956366082,2.005597014925373,2101,2117,43,0,2074,2088,50953,27,0,0,27,29
2020-12-11,US,Virginia,Highland,31,0,0,38.35799465,-79.56124594,51091.0,0.0,0.0,1415.5251141552512,0.0,31,30,0,0,30,27,2210,1,0,0,1,3
2020-12-11,US,Virginia,Hopewell,694,9,0,37.29186313,-77.29754684,51670.0,0.0,0.0,3080.4740556615916,1.2968299711815563,685,692,9,0,683,688,22596,2,0,0,2,4
2020-12-11,US,Virginia,Isle of Wight,1161,27,0,36.90579348,-76.70842863,51093.0,0.0,0.0,3128.6210892236377,2.3255813953488373,1134,1136,27,0,1109,1125,36953,25,0,0,25,11
2020-12-11,US,Virginia,James City,1314,23,0,37.31156958,-76.76950618,51095.0,0.0,0.0,1717.1307972766358,1.7503805175038052,1291,1304,22,0,1282,1294,76397,10,1,0,9,10
2020-12-11,US,Virginia,King George,529,7,0,38.26818502,-77.15852768,51099.0,0.0,0.0,1971.2326725294377,1.3232514177693762,522,522,7,0,515,503,26575,7,0,0,7,19
2020-12-11,US,Virginia,King William,309,5,0,37.70965316,-77.09384941,51101.0,0.0,0.0,1801.959412176347,1.6181229773462784,304,308,5,0,303,302,16939,1,0,0,1,6
2020-12-11,US,Virginia,King and Queen,113,2,0,37.71044922,-76.88689628,51097.0,0.0,0.0,1608.540925266904,1.7699115044247788,111,113,2,0,111,110,7042,0,0,0,0,3
2020-12-11,US,Virginia,Lancaster,255,2,0,37.71889653,-76.46400482,51103.0,0.0,0.0,2404.979722719985,0.7843137254901961,253,255,2,0,253,248,10783,0,0,0,0,7
2020-12-11,US,Virginia,Lee,1103,15,0,36.70586667,-83.12606515,51105.0,0.0,0.0,4709.046663535841,1.3599274705349047,1088,1094,15,0,1079,1066,23541,9,0,0,9,28
2020-12-11,US,Virginia,Lexington,425,3,0,37.78258621,-79.44262866,51678.0,0.0,0.0,5707.7625570776245,0.7058823529411765,422,419,3,0,416,411,7136,6,0,0,6,8
2020-12-11,US,Virginia,Loudoun,11545,151,0,39.08990083,-77.63481877,51107.0,0.0,0.0,2791.7627884257313,1.3079255088783024,11394,11420,151,0,11269,11270,406850,125,0,0,125,150
2020-12-11,US,Virginia,Louisa,647,9,0,37.97850256,-77.96274807,51109.0,0.0,0.0,1721.1566598387913,1.3910355486862442,638,641,9,0,632,624,36778,6,0,0,6,17
2020-12-11,US,Virginia,Lunenburg,203,3,0,36.94618528,-78.24133319,51111.0,0.0,0.0,1664.4801574286648,1.477832512315271,200,195,3,0,192,193,12086,8,0,0,8,2
2020-12-11,US,Virginia,Lynchburg,3273,41,0,37.40021399,-79.19888138,51680.0,0.0,0.0,3983.3025021906337,1.2526733883287504,3232,3202,41,0,3161,3158,82126,71,0,0,71,44
2020-12-11,US,Virginia,Madison,224,4,0,38.41531222,-78.28220331,51113.0,0.0,0.0,1689.1637131438051,1.7857142857142858,220,216,4,0,212,216,13295,8,0,0,8,0
2020-12-11,US,Virginia,Manassas,2493,28,0,38.7464321,-77.48509905,51683.0,0.0,0.0,6067.907995618839,1.1231448054552748,2465,2466,28,0,2438,2440,41641,27,0,0,27,26
2020-12-11,US,Virginia,Manassas Park,797,8,0,38.77058531,-77.44399307,51685.0,0.0,0.0,4560.018308730976,1.0037641154328734,789,784,8,0,776,776,17307,13,0,0,13,8
2020-12-11,US,Virginia,Martinsville,808,27,0,36.68212094,-79.86352771,51690.0,0.0,0.0,6436.195634857416,3.341584158415841,781,800,27,0,773,785,12902,8,0,0,8,15
2020-12-11,US,Virginia,Mathews,186,1,0,37.44164146,-76.34098896,51115.0,0.0,0.0,2105.5014715870498,0.5376344086021505,185,184,1,0,183,174,8802,2,0,0,2,10
2020-12-11,US,Virginia,Mecklenburg,1087,37,0,36.67882005,-78.36131056,51117.0,0.0,0.0,3553.797364893582,3.4038638454461823,1050,1077,37,0,1040,1071,30650,10,0,0,10,6
2020-12-11,US,Virginia,Middlesex,191,11,0,37.63191998,-76.55064617,51119.0,0.0,0.0,1804.951804951805,5.7591623036649215,180,191,11,0,180,186,10769,0,0,0,0,5
2020-12-11,US,Virginia,Montgomery,4367,28,0,37.17746986,-80.37868691,51121.0,0.0,0.0,4431.9277414116805,0.6411724295855278,4339,4297,26,0,4271,4260,98985,70,2,0,68,37
2020-12-11,US,Virginia,Nelson,228,3,0,37.78790447,-78.88498513,51125.0,0.0,0.0,1527.1265907568657,1.3157894736842106,225,219,3,0,216,216,14836,9,0,0,9,3
2020-12-11,US,Virginia,New Kent,455,4,0,37.50694406,-76.99828634,51127.0,0.0,0.0,1970.4646832099088,0.8791208791208791,451,448,4,0,444,443,22391,7,0,0,7,5
2020-12-11,US,Virginia,Newport News,4449,58,0,37.08166899,-76.51754109,51700.0,0.0,0.0,2482.3545822290416,1.3036637446617216,4391,4408,56,0,4352,4369,178626,41,2,0,39,39
2020-12-11,US,Virginia,Norfolk,7250,99,0,36.89934014,-76.26420872,51710.0,0.0,0.0,2986.710169645137,1.3655172413793104,7151,7176,99,0,7077,7106,244076,74,0,0,74,70
2020-12-11,US,Virginia,Northampton,365,31,0,37.34062933,-75.87751591,51131.0,0.0,0.0,3116.994022203245,8.493150684931509,334,362,31,0,331,360,11735,3,0,0,3,2
2020-12-11,US,Virginia,Northumberland,300,9,0,37.89202088,-76.41949732,51133.0,0.0,0.0,2480.3637866887148,3.0,291,300,9,0,291,297,12147,0,0,0,0,3
2020-12-11,US,Virginia,Norton,105,0,0,36.93357076,-82.62750411,51720.0,0.0,0.0,2637.528259231349,0.0,105,105,0,0,105,104,3968,0,0,0,0,1
2020-12-11,US,Virginia,Nottoway,801,24,0,37.1435975,-78.05065922,51135.0,0.0,0.0,5258.665966386555,2.9962546816479403,777,797,24,0,773,794,15420,4,0,0,4,3
2020-12-11,US,Virginia,Orange,699,7,0,38.24530219,-78.01560400000002,51137.0,0.0,0.0,1886.5887560389733,1.0014306151645207,692,686,7,0,679,679,36644,13,0,0,13,7
2020-12-11,US,Virginia,Page,721,33,0,38.61807452,-78.48797204,51139.0,0.0,0.0,3016.483976236298,4.576976421636616,688,705,33,0,672,672,23933,16,0,0,16,33
2020-12-11,US,Virginia,Patrick,560,28,0,36.680163799999995,-80.2865648,51141.0,0.0,0.0,3180.3725579282145,5.0,532,552,28,0,524,545,17673,8,0,0,8,7
2020-12-11,US,Virginia,Petersburg,1203,31,0,37.20530399,-77.39368102,51730.0,0.0,0.0,3837.810246921457,2.57689110556941,1172,1200,31,0,1169,1195,31567,3,0,0,3,5
2020-12-11,US,Virginia,Pittsylvania,2112,29,0,36.81980341,-79.39731264,51143.0,0.0,0.0,3499.3538125062128,1.3731060606060606,2083,2069,28,0,2041,2022,60949,43,1,0,42,47
2020-12-11,US,Virginia,Poquoson,222,3,0,37.14259351,-76.35798148,51735.0,0.0,0.0,1809.1435090864638,1.351351351351351,219,221,3,0,218,216,12190,1,0,0,1,5
2020-12-11,US,Virginia,Portsmouth,3509,73,0,36.85914825,-76.35971629,51740.0,0.0,0.0,3717.239772029068,2.080364776289541,3436,3480,73,0,3407,3435,94632,29,0,0,29,45
2020-12-11,US,Virginia,Powhatan,609,6,0,37.55016038,-77.91267882,51145.0,0.0,0.0,2053.824362606232,0.9852216748768472,603,592,6,0,586,580,29189,17,0,0,17,12
2020-12-11,US,Virginia,Prince Edward,923,16,0,37.22554789,-78.43597949,51147.0,0.0,0.0,4047.890535917902,1.733477789815818,907,918,16,0,902,917,22950,5,0,0,5,1
2020-12-11,US,Virginia,Prince George,1564,7,0,37.18497668,-77.22922187,51149.0,0.0,0.0,4077.907855969546,0.4475703324808184,1557,1562,7,0,1555,1554,38082,2,0,0,2,8
2020-12-11,US,Virginia,Prince William,20543,240,0,38.70916224,-77.48713689,51153.0,0.0,0.0,4367.737888951492,1.1682811663340311,20303,20293,239,0,20054,20080,468011,250,1,0,249,213
2020-12-11,US,Virginia,Pulaski,998,19,0,37.06474963,-80.71229738,51155.0,0.0,0.0,2932.964998383637,1.9038076152304608,979,963,18,0,945,932,34066,35,1,0,34,31
2020-12-11,US,Virginia,Radford,1299,7,0,37.12222899,-80.56027320000003,51750.0,0.0,0.0,7118.198257438763,0.5388760585065435,1292,1285,7,0,1278,1278,18339,14,0,0,14,7
2020-12-11,US,Virginia,Rappahannock,114,2,0,38.68295619,-78.15826963,51157.0,0.0,0.0,1546.8113975576666,1.7543859649122806,112,112,2,0,110,112,7252,2,0,0,2,0
2020-12-11,US,Virginia,Richmond,533,5,0,37.937575,-76.72920628,51159.0,0.0,0.0,5907.126232960212,0.9380863039399624,528,485,5,0,480,473,9038,48,0,0,48,12
2020-12-11,US,Virginia,Richmond City,7484,86,0,37.53255773,-77.47966921,51760.0,0.0,0.0,3247.7564269471777,1.1491181186531267,7398,7406,84,0,7322,7315,228783,78,2,0,76,91
2020-12-11,US,Virginia,Roanoke,3572,38,0,37.26865804,-80.06396753,51161.0,0.0,0.0,3792.495699997877,1.0638297872340423,3534,3525,38,0,3487,3480,94073,47,0,0,47,45
2020-12-11,US,Virginia,Roanoke City,4558,79,0,37.27791025,-79.96189766,51770.0,0.0,0.0,4597.399715562368,1.7332163229486617,4479,4523,79,0,4444,4471,99920,35,0,0,35,52
2020-12-11,US,Virginia,Rockbridge,357,3,0,37.81204314,-79.44605905,51163.0,0.0,0.0,1581.53546272095,0.8403361344537815,354,350,3,0,347,341,22752,7,0,0,7,9
2020-12-11,US,Virginia,Rockingham,2777,36,0,38.51006137,-78.87260325,51165.0,0.0,0.0,3388.7343193244496,1.296362981634858,2741,2743,36,0,2707,2667,81244,34,0,0,34,76
2020-12-11,US,Virginia,Russell,1062,10,0,36.93028320000001,-82.10095486,51167.0,0.0,0.0,3994.583615436696,0.9416195856873822,1052,1043,10,0,1033,1012,26748,19,0,0,19,31
2020-12-11,US,Virginia,Salem,1015,25,0,37.2836193,-80.06219455,51775.0,0.0,0.0,4011.6991423263903,2.4630541871921183,990,1011,25,0,986,997,25643,4,0,0,4,14
2020-12-11,US,Virginia,Scott,960,20,0,36.71466456,-82.60171704,51169.0,0.0,0.0,4451.45135862005,2.083333333333333,940,948,20,0,928,924,21534,12,0,0,12,24
2020-12-11,US,Virginia,Shenandoah,1659,67,0,38.85905135,-78.56813762,51171.0,0.0,0.0,3803.650036683786,4.038577456298976,1592,1639,67,0,1572,1606,43497,20,0,0,20,33
2020-12-11,US,Virginia,Smyth,1294,37,0,36.84455636,-81.53344948,51173.0,0.0,0.0,4298.432102046239,2.85935085007728,1257,1264,36,0,1228,1228,30472,30,1,0,29,36
2020-12-11,US,Virginia,Southampton,1036,40,0,36.72231125,-77.10642712,51175.0,0.0,0.0,5876.013839260394,3.8610038610038613,996,1031,40,0,991,1029,17586,5,0,0,5,2
2020-12-11,US,Virginia,Spotsylvania,3652,58,0,38.18574462,-77.655399,51177.0,0.0,0.0,2681.055684028925,1.588170865279299,3594,3610,58,0,3552,3574,134238,42,0,0,42,36
2020-12-11,US,Virginia,Stafford,3925,22,0,38.41758738,-77.45917053,51179.0,0.0,0.0,2567.339516751481,0.5605095541401274,3903,3876,22,0,3854,3811,149960,49,0,0,49,65
2020-12-11,US,Virginia,Staunton,1041,18,0,38.15965544,-79.05979937,51790.0,0.0,0.0,4175.356970961014,1.7291066282420748,1023,1021,16,0,1005,1039,24922,20,2,0,18,0
2020-12-11,US,Virginia,Suffolk,3120,83,0,36.70155394,-76.63603554,51800.0,0.0,0.0,3387.3279193989665,2.66025641025641,3037,3075,83,0,2992,3022,91185,45,0,0,45,53
2020-12-11,US,Virginia,Surry,191,5,0,37.11781893,-76.88450012,51181.0,0.0,0.0,2974.151354718156,2.6178010471204187,186,190,5,0,185,189,6474,1,0,0,1,1
2020-12-11,US,Virginia,Sussex,651,13,0,36.92432914,-77.25791182,51183.0,0.0,0.0,5833.856080293933,1.996927803379416,638,656,13,0,643,660,11237,0,0,0,-5,0
2020-12-11,US,Virginia,Tazewell,1404,8,0,37.12191123,-81.56685568,51185.0,0.0,0.0,3458.554009114423,0.5698005698005698,1396,1364,8,0,1356,1326,40855,40,0,0,40,38
2020-12-11,US,Virginia,Virginia Beach,12702,125,0,36.73285734,-76.04566934,51810.0,0.0,0.0,2822.8297634974465,0.9840969925995906,12577,12555,124,0,12431,12376,450189,147,1,0,146,179
2020-12-11,US,Virginia,Warren,1030,29,0,38.90847745,-78.20280433,51187.0,0.0,0.0,2564.4856090030867,2.8155339805825244,1001,1020,29,0,991,993,40003,10,0,0,10,27
2020-12-11,US,Virginia,Washington,2221,34,0,36.72341572,-81.95666289,51191.0,0.0,0.0,4132.861927800521,1.5308419630796941,2187,2179,34,0,2145,2116,54402,42,0,0,42,63
2020-12-11,US,Virginia,Waynesboro,831,9,0,38.06451466,-78.90293905,51820.0,0.0,0.0,3672.116659301812,1.083032490974729,822,810,7,0,803,791,22628,21,2,0,19,19
2020-12-11,US,Virginia,Westmoreland,532,8,0,38.11021557,-76.80213247,51193.0,0.0,0.0,2953.094643352761,1.5037593984962403,524,530,8,0,522,515,17830,2,0,0,2,15
2020-12-11,US,Virginia,Williamsburg,319,8,0,37.28131268,-76.70905141,51830.0,0.0,0.0,2133.2085060853283,2.5078369905956115,311,318,8,0,310,314,14896,1,0,0,1,4
2020-12-11,US,Virginia,Winchester,1263,6,0,39.17054517,-78.17325058,51840.0,0.0,0.0,4498.183631312772,0.4750593824228028,1257,1253,5,0,1248,1234,28108,10,1,0,9,19
2020-12-11,US,Virginia,Wise,1462,51,0,36.9746148,-82.62410519,51195.0,0.0,0.0,3910.868576625739,3.4883720930232562,1411,1443,50,0,1393,1410,38012,19,1,0,18,33
2020-12-11,US,Virginia,Wythe,927,12,0,36.91582035,-81.07834059,51197.0,0.0,0.0,3231.766838655697,1.2944983818770226,915,913,10,0,903,882,28754,14,2,0,12,31
2020-12-11,US,Virginia,York,1046,9,0,37.24374789,-76.54412815,51199.0,0.0,0.0,1531.9273579379028,0.8604206500956023,1037,1038,9,0,1029,1023,67846,8,0,0,8,15
2020-12-11,US,Washington,Adams,1467,13,0,46.98299757,-118.56017340000001,53001.0,0.0,0.0,7341.2400540459375,0.8861622358554874,1454,1458,13,0,1445,1442,19759,9,0,0,9,16
2020-12-11,US,Washington,Asotin,798,15,0,46.18894415,-117.2022851,53003.0,0.0,0.0,3533.787972721637,1.8796992481203008,783,791,15,0,776,769,22610,7,0,0,7,22
2020-12-11,US,Washington,Benton,9562,143,0,46.23946995,-119.51208340000001,53005.0,0.0,0.0,4678.311071970254,1.4955030328383183,9419,9423,143,0,9280,9261,201877,139,0,0,139,162
2020-12-11,US,Washington,Chelan,2604,22,0,47.87046092,-120.6173956,53007.0,0.0,0.0,3373.056994818653,0.8448540706605223,2582,2578,22,0,2556,2568,77036,26,0,0,26,10
2020-12-11,US,Washington,Clallam,576,4,0,48.04754642,-123.92263190000001,53009.0,0.0,0.0,744.8500601311247,0.6944444444444444,572,573,4,0,569,562,76737,3,0,0,3,11
2020-12-11,US,Washington,Clark,10773,129,0,45.77568046,-122.48292040000001,53011.0,0.0,0.0,2206.4922855720843,1.1974380395433026,10644,10525,127,0,10398,10332,481857,248,2,0,246,193
2020-12-11,US,Washington,Columbia,59,3,0,46.29442881,-117.9051983,53013.0,0.0,0.0,1480.5520702634878,5.084745762711863,56,58,3,0,55,55,4059,1,0,0,1,3
2020-12-11,US,Washington,Cowlitz,1815,15,0,46.19074721,-122.6782231,53015.0,0.0,0.0,1641.1526950168634,0.8264462809917356,1800,1744,14,0,1730,1716,108987,71,1,0,70,28
2020-12-11,US,Washington,Douglas,1422,10,0,47.7361335,-119.69293700000001,53017.0,0.0,0.0,3274.309792995464,0.7032348804500703,1412,1412,10,0,1402,1403,42907,10,0,0,10,9
2020-12-11,US,Washington,Ferry,136,1,0,48.471143100000006,-118.5154041,53019.0,0.0,0.0,1783.1388488265372,0.7352941176470589,135,132,1,0,131,128,7649,4,0,0,4,4
2020-12-11,US,Washington,Franklin,7478,75,0,46.53351425,-118.9018212,53021.0,0.0,0.0,7853.227195396022,1.0029419630917358,7403,7399,74,0,7325,7308,94347,79,1,0,78,91
2020-12-11,US,Washington,Garfield,60,0,0,46.43197502,-117.54540320000001,53023.0,0.0,0.0,2696.629213483146,0.0,60,60,0,0,60,60,2247,0,0,0,0,0
2020-12-11,US,Washington,Grant,4562,38,0,47.20753737,-119.4500749,53025.0,0.0,0.0,4667.819467324241,0.8329679964927663,4524,4529,38,0,4491,4475,97331,33,0,0,33,54
2020-12-11,US,Washington,Grays Harbor,1360,17,0,47.14003705,-123.7820567,53027.0,0.0,0.0,1811.859687454204,1.25,1343,1331,19,0,1312,1321,73901,29,0,0,31,10
2020-12-11,US,Washington,Island,767,16,0,48.14713305,-122.5216407,53029.0,0.0,0.0,900.8585757743041,2.0860495436766624,751,759,16,0,743,750,84460,8,0,0,8,9
2020-12-11,US,Washington,Jefferson,191,1,0,47.75003077,-123.56097040000002,53031.0,0.0,0.0,592.7811054902082,0.5235602094240838,190,188,1,0,187,186,31729,3,0,0,3,2
2020-12-11,US,Washington,King,52398,912,0,47.49137892,-121.8346131,53033.0,0.0,0.0,2325.924124038633,1.7405244474979962,51486,51596,894,0,50702,50841,2233163,802,18,0,784,755
2020-12-11,US,Washington,Kitsap,3029,30,0,47.63479026,-122.6436061,53035.0,0.0,0.0,1115.7647353512136,0.9904258831297458,2999,2988,32,0,2956,2956,269805,41,0,0,43,32
2020-12-11,US,Washington,Kittitas,1318,23,0,47.12521214,-120.67943899999999,53037.0,0.0,0.0,2749.5566913528737,1.7450682852807284,1295,1307,23,0,1284,1277,47364,11,0,0,11,30
2020-12-11,US,Washington,Klickitat,326,3,0,45.87325839,-120.7913598,53039.0,0.0,0.0,1453.7346711259756,0.9202453987730062,323,315,3,0,312,306,22107,11,0,0,11,9
2020-12-11,US,Washington,Lewis,1602,17,0,46.57756476,-122.39257690000001,53041.0,0.0,0.0,1984.9579342560125,1.0611735330836454,1585,1562,17,0,1545,1525,79604,40,0,0,40,37
2020-12-11,US,Washington,Lincoln,203,4,0,47.57705241,-118.41943880000001,53043.0,0.0,0.0,1855.7454977603072,1.9704433497536944,199,200,4,0,196,199,10740,3,0,0,3,1
2020-12-11,US,Washington,Mason,1140,12,0,47.35007586,-123.1863685,53045.0,0.0,0.0,1707.4047447879223,1.0526315789473684,1128,1120,12,0,1108,1094,65507,20,0,0,20,26
2020-12-11,US,Washington,Okanogan,1315,14,0,48.54855019,-119.73872240000001,53047.0,0.0,0.0,3112.9417891721705,1.064638783269962,1301,1302,14,0,1288,1297,42132,13,0,0,13,5
2020-12-11,US,Washington,Pacific,292,3,0,46.55418369,-123.7285716,53049.0,0.0,0.0,1299.4526278314272,1.0273972602739727,289,284,3,0,281,283,22036,8,0,0,8,1
2020-12-11,US,Washington,Pend Oreille,317,3,0,48.53234021,-117.2741804,53051.0,0.0,0.0,2309.822209268435,0.946372239747634,314,305,3,0,302,301,13602,12,0,0,12,4
2020-12-11,US,Washington,Pierce,20280,285,0,47.03892768,-122.14059579999999,53053.0,0.0,0.0,2240.9335012928464,1.4053254437869822,19995,19925,283,0,19642,19664,891299,355,2,0,353,261
2020-12-11,US,Washington,San Juan,67,0,0,48.60182783,-122.96745,53055.0,0.0,0.0,381.0715504493232,0.0,67,67,0,0,67,66,17128,0,0,0,0,1
2020-12-11,US,Washington,Skagit,2462,31,0,48.48171488,-121.766131,53057.0,0.0,0.0,1905.499013196084,1.2591389114541025,2431,2399,30,0,2369,2337,128206,63,1,0,62,62
2020-12-11,US,Washington,Skamania,142,1,0,46.02408726,-121.91644029999999,53059.0,0.0,0.0,1175.204833236779,0.7042253521126759,141,139,1,0,138,138,11924,3,0,0,3,1
2020-12-11,US,Washington,Snohomish,17587,306,0,48.04615983,-121.7170703,53061.0,0.0,0.0,2139.3216986605976,1.7399215329504747,17281,17210,302,0,16908,16963,814901,377,4,0,373,247
2020-12-11,US,Washington,Spokane,20544,276,0,47.62113146,-117.4046494,53063.0,0.0,0.0,3929.624826414791,1.3434579439252337,20268,20194,270,0,19924,20024,514631,350,6,0,344,170
2020-12-11,US,Washington,Stevens,877,10,0,48.40035475,-117.8542701,53065.0,0.0,0.0,1918.0718675502485,1.1402508551881414,867,853,10,0,843,844,45260,24,0,0,24,9
2020-12-11,US,Washington,Thurston,3580,47,0,46.9291895,-122.82906559999999,53067.0,0.0,0.0,1232.2053033014845,1.3128491620111729,3533,3519,46,0,3473,3472,286419,61,1,0,60,47
2020-12-11,US,Washington,Unassigned,1177,3,0,0.0,0.0,90053.0,0.0,0.0,0.0,0.2548853016142736,1174,1191,4,0,1187,1156,,0,0,0,-13,35
2020-12-11,US,Washington,Wahkiakum,43,0,0,46.29180039999999,-123.4250831,53069.0,0.0,0.0,958.1105169340464,0.0,43,41,0,0,41,42,4426,2,0,0,2,0
2020-12-11,US,Washington,Walla Walla,2601,26,0,46.23040051,-118.4775539,53071.0,0.0,0.0,4280.776826859777,0.9996155324875048,2575,2569,27,0,2542,2511,60922,32,0,0,33,58
2020-12-11,US,Washington,Whatcom,2834,52,0,48.82227976,-121.74900179999999,53073.0,0.0,0.0,1236.2211937342693,1.834862385321101,2782,2802,51,0,2751,2763,225685,32,1,0,31,39
2020-12-11,US,Washington,Whitman,2519,25,0,46.90022523,-117.52417630000001,53075.0,0.0,0.0,5027.542711160786,0.9924573243350536,2494,2510,25,0,2485,2497,49791,9,0,0,9,13
2020-12-11,US,Washington,Yakima,15271,294,0,46.45738486,-120.73801259999999,53077.0,0.0,0.0,6087.143694219784,1.925217732957894,14977,15055,296,0,14759,14971,251446,216,0,0,218,84
2020-12-11,US,West Virginia,Barbour,541,5,0,39.1307219,-80.00350858,54001.0,0.0,0.0,3290.554102548507,0.9242144177449167,536,543,5,0,538,540,16535,0,0,0,-2,3
2020-12-11,US,West Virginia,Berkeley,4276,36,0,39.46704621,-78.02414609,54003.0,0.0,0.0,3588.121271114617,0.8419083255378859,4240,4224,36,0,4188,4122,117123,52,0,0,52,102
2020-12-11,US,West Virginia,Boone,780,17,0,38.01974191,-81.69888019,54005.0,0.0,0.0,3635.177331407,2.1794871794871797,763,767,17,0,750,753,21951,13,0,0,13,14
2020-12-11,US,West Virginia,Braxton,161,1,0,38.70036159,-80.72011184,54007.0,0.0,0.0,1153.5430250053735,0.6211180124223602,160,159,1,0,158,154,14089,2,0,0,2,5
2020-12-11,US,West Virginia,Brooke,935,14,0,40.27367263,-80.57915332,54009.0,0.0,0.0,4261.816855827522,1.497326203208556,921,918,14,0,904,891,22203,17,0,0,17,27
2020-12-11,US,West Virginia,Cabell,3719,69,0,38.42424062,-82.23855912,54011.0,0.0,0.0,4044.8093969220727,1.8553374563054583,3650,3661,68,0,3593,3581,93224,58,1,0,57,80
2020-12-11,US,West Virginia,Calhoun,100,0,0,38.84315422,-81.11934872,54013.0,0.0,0.0,1406.6676044450696,0.0,100,95,0,0,95,92,7254,5,0,0,5,3
2020-12-11,US,West Virginia,Clay,186,3,0,38.46231092,-81.07652217,54015.0,0.0,0.0,2186.1777150916787,1.6129032258064515,183,183,3,0,180,170,8632,3,0,0,3,13
2020-12-11,US,West Virginia,Doddridge,158,3,0,39.27057157,-80.70671527,54017.0,0.0,0.0,1870.2651515151513,1.8987341772151896,155,154,3,0,151,152,8406,4,0,0,4,2
2020-12-11,US,West Virginia,Fayette,1328,39,0,38.02974928,-81.08286634,54019.0,0.0,0.0,3131.6323161816717,2.9367469879518078,1289,1303,39,0,1264,1284,43018,25,0,0,25,19
2020-12-11,US,West Virginia,Gilmer,234,0,0,38.9251277,-80.85952723,54021.0,0.0,0.0,2991.1798542758534,0.0,234,231,0,0,231,228,8026,3,0,0,3,3
2020-12-11,US,West Virginia,Grant,551,10,0,39.10314817,-79.19440518,54023.0,0.0,0.0,4763.13969571231,1.8148820326678765,541,537,10,0,527,520,11626,14,0,0,14,17
2020-12-11,US,West Virginia,Greenbrier,792,14,0,37.9463652,-80.45335881,54025.0,0.0,0.0,2284.9229703998612,1.7676767676767675,778,772,14,0,758,721,34786,20,0,0,20,51
2020-12-11,US,West Virginia,Hampshire,564,6,0,39.32103553,-78.60826476,54027.0,0.0,0.0,2433.6569579288025,1.0638297872340423,558,547,4,0,543,516,23347,17,2,0,15,31
2020-12-11,US,West Virginia,Hancock,1188,12,0,40.51943859,-80.57461608,54029.0,0.0,0.0,4123.568205484207,1.0101010101010102,1176,1139,12,0,1127,1085,29094,49,0,0,49,54
2020-12-11,US,West Virginia,Hardy,471,2,0,39.00683177,-78.85855301,54031.0,0.0,0.0,3418.989547038328,0.4246284501061571,469,456,2,0,454,441,13775,15,0,0,15,15
2020-12-11,US,West Virginia,Harrison,1871,25,0,39.2853852,-80.37919577,54033.0,0.0,0.0,2781.907933864637,1.3361838588989845,1846,1835,25,0,1810,1794,67554,36,0,0,36,41
2020-12-11,US,West Virginia,Jackson,850,27,0,38.84263974,-81.68148753,54035.0,0.0,0.0,2974.5240761478162,3.1764705882352944,823,842,27,0,815,834,28706,8,0,0,8,8
2020-12-11,US,West Virginia,Jefferson,1746,18,0,39.30776166,-77.86014147,54037.0,0.0,0.0,3055.331956742379,1.0309278350515465,1728,1724,17,0,1707,1677,56811,22,1,0,21,47
2020-12-11,US,West Virginia,Kanawha,6788,164,0,38.33860077,-81.52857054,54039.0,0.0,0.0,3810.8284116682757,2.4160282852091925,6624,6705,163,0,6542,6599,180454,83,1,0,82,106
2020-12-11,US,West Virginia,Lewis,316,3,0,38.9947249,-80.49988181,54041.0,0.0,0.0,1986.5468032941476,0.9493670886075948,313,301,3,0,298,298,16024,15,0,0,15,3
2020-12-11,US,West Virginia,Lincoln,521,6,0,38.172154,-82.07017953,54043.0,0.0,0.0,2552.795335391249,1.151631477927063,515,514,6,0,508,507,20599,7,0,0,7,7
2020-12-11,US,West Virginia,Logan,1192,53,0,37.8299889,-81.93528571,54045.0,0.0,0.0,3722.789593678753,4.446308724832215,1139,1180,53,0,1127,1169,32607,12,0,0,12,11
2020-12-11,US,West Virginia,Marion,1163,8,0,39.50984542,-80.24244659,54049.0,0.0,0.0,2074.118989870167,0.6878761822871883,1155,1141,8,0,1133,1127,56097,22,0,0,22,14
2020-12-11,US,West Virginia,Marshall,1614,36,0,39.86064362,-80.66591062,54051.0,0.0,0.0,5286.430185712882,2.2304832713754648,1578,1600,35,0,1565,1570,30785,14,1,0,13,30
2020-12-11,US,West Virginia,Mason,741,9,0,38.77071799,-82.02524219,54053.0,0.0,0.0,2794.5391461758936,1.214574898785425,732,721,9,0,712,705,26718,20,0,0,20,16
2020-12-11,US,West Virginia,McDowell,718,2,0,37.38002939,-81.65083669,54047.0,0.0,0.0,4073.9900136177935,0.2785515320334262,716,708,2,0,706,700,18223,10,0,0,10,8
2020-12-11,US,West Virginia,Mercer,1670,45,0,37.40481169,-81.11023142,54055.0,0.0,0.0,2842.166173116852,2.6946107784431144,1625,1652,45,0,1607,1617,59131,18,0,0,18,35
2020-12-11,US,West Virginia,Mineral,1763,42,0,39.41561583,-78.94104895,54057.0,0.0,0.0,6561.709096322763,2.3823028927963703,1721,1748,38,0,1710,1733,26940,15,4,0,11,15
2020-12-11,US,West Virginia,Mingo,1093,18,0,37.73048351,-82.13338365,54059.0,0.0,0.0,4666.154371584699,1.6468435498627634,1075,1082,18,0,1064,1075,23785,11,0,0,11,7
2020-12-11,US,West Virginia,Monongalia,3897,7,0,39.63218457,-80.04766838,54061.0,0.0,0.0,3689.9215998182026,0.1796253528355145,3890,3851,7,0,3844,3796,106420,46,0,0,46,55
2020-12-11,US,West Virginia,Monroe,452,10,0,37.56274716,-80.54577965,54063.0,0.0,0.0,3404.8964218455744,2.2123893805309733,442,444,10,0,434,438,13280,8,0,0,8,6
2020-12-11,US,West Virginia,Morgan,419,2,0,39.55439028,-78.26311676,54065.0,0.0,0.0,2342.8763140237083,0.47732696897374705,417,409,2,0,407,387,17787,10,0,0,10,22
2020-12-11,US,West Virginia,Nicholas,473,6,0,38.29617706,-80.79759588,54067.0,0.0,0.0,1930.9274983670805,1.2684989429175475,467,463,5,0,458,455,24842,10,1,0,9,8
2020-12-11,US,West Virginia,Ohio,1924,27,0,40.0955451,-80.62203992,54069.0,0.0,0.0,4646.108521890319,1.4033264033264032,1897,1901,23,0,1878,1873,41755,23,4,0,19,28
2020-12-11,US,West Virginia,Pendleton,161,1,0,38.68314479,-79.35084086,54071.0,0.0,0.0,2310.231023102311,0.6211180124223602,160,153,1,0,152,147,6997,8,0,0,8,6
2020-12-11,US,West Virginia,Pleasants,154,4,0,39.37091679,-81.16771771,54073.0,0.0,0.0,2064.343163538874,2.5974025974025974,150,141,4,0,137,139,7507,13,0,0,13,2
2020-12-11,US,West Virginia,Pocahontas,289,2,0,38.32758728,-80.00993811,54075.0,0.0,0.0,3504.3045956105248,0.6920415224913494,287,289,2,0,287,281,8414,0,0,0,0,8
2020-12-11,US,West Virginia,Preston,962,17,0,39.46770987,-79.66712803,54077.0,0.0,0.0,2877.4826513519984,1.7671517671517671,945,940,16,0,924,903,33839,22,1,0,21,37
2020-12-11,US,West Virginia,Putnam,2395,46,0,38.50782345,-81.9082131,54079.0,0.0,0.0,4242.6926483613815,1.9206680584551148,2349,2379,46,0,2333,2353,56682,16,0,0,16,26
2020-12-11,US,West Virginia,Raleigh,1954,19,0,37.76936795,-81.2456041,54081.0,0.0,0.0,2663.540573329153,0.9723643807574208,1935,1946,19,0,1927,1894,74254,8,0,0,8,52
2020-12-11,US,West Virginia,Randolph,867,3,0,38.769899,-79.87919615,54083.0,0.0,0.0,3021.432305279665,0.3460207612456747,864,852,3,0,849,837,28823,15,0,0,15,15
2020-12-11,US,West Virginia,Ritchie,234,5,0,39.18094587,-81.06356878,54085.0,0.0,0.0,2449.235922126858,2.1367521367521367,229,227,5,0,222,219,9721,7,0,0,7,8
2020-12-11,US,West Virginia,Roane,231,4,0,38.71622686,-81.35243568,54087.0,0.0,0.0,1687.6095850379895,1.7316017316017316,227,227,4,0,223,223,13932,4,0,0,4,4
2020-12-11,US,West Virginia,Summers,317,11,0,37.65390597,-80.86009693,54089.0,0.0,0.0,2521.275749622206,3.470031545741325,306,311,11,0,300,307,12760,6,0,0,6,4
2020-12-11,US,West Virginia,Taylor,458,9,0,39.33602617,-80.0421439,54091.0,0.0,0.0,2743.336328241989,1.965065502183406,449,454,9,0,445,447,16862,4,0,0,4,7
2020-12-11,US,West Virginia,Tucker,219,0,0,39.11240885,-79.57053576,54093.0,0.0,0.0,3202.222547156017,0.0,219,211,0,0,211,207,6955,8,0,0,8,4
2020-12-11,US,West Virginia,Tyler,205,2,0,39.46811972,-80.88772676,54095.0,0.0,0.0,2386.218135257828,0.975609756097561,203,197,2,0,195,194,8746,8,0,0,8,3
2020-12-11,US,West Virginia,Upshur,605,4,0,38.89285061,-80.23689136,54097.0,0.0,0.0,2502.481800132363,0.6611570247933884,601,591,4,0,587,587,24415,14,0,0,14,4
2020-12-11,US,West Virginia,Wayne,1279,17,0,38.14901357,-82.42287994,54099.0,0.0,0.0,3246.02812039998,1.3291634089132134,1262,1259,17,0,1242,1238,39944,20,0,0,20,21
2020-12-11,US,West Virginia,Webster,101,0,0,38.49370949,-80.4202023,54101.0,0.0,0.0,1244.7621395119547,0.0,101,99,0,0,99,94,8285,2,0,0,2,5
2020-12-11,US,West Virginia,Wetzel,500,14,0,39.6065771,-80.64016540000001,54103.0,0.0,0.0,3318.9512114171916,2.8,486,493,14,0,479,489,15270,7,0,0,7,4
2020-12-11,US,West Virginia,Wirt,157,1,0,39.02775007,-81.37473928,54105.0,0.0,0.0,2697.131077134513,0.6369426751592356,156,152,1,0,151,144,5830,5,0,0,5,8
2020-12-11,US,West Virginia,Wood,3417,27,0,39.20967886,-81.5162836,54107.0,0.0,0.0,4091.333604731914,0.7901668129938543,3390,3340,27,0,3313,3248,84203,77,0,0,77,92
2020-12-11,US,West Virginia,Wyoming,937,13,0,37.612327,-81.54511071,54109.0,0.0,0.0,4594.488575071099,1.3874066168623265,924,924,12,0,912,907,20786,13,1,0,12,17
2020-12-11,US,Wisconsin,Adams,1265,11,0,43.96974651,-89.76782777,55001.0,0.0,0.0,6256.1819980217615,0.8695652173913043,1254,1261,11,0,1250,1237,20348,4,0,0,4,24
2020-12-11,US,Wisconsin,Ashland,885,12,0,46.31956891,-90.67837132,55003.0,0.0,0.0,5686.929700552628,1.3559322033898304,873,857,12,0,845,843,15600,28,0,0,28,14
2020-12-11,US,Wisconsin,Barron,4040,49,0,45.42372701,-91.84833627,55005.0,0.0,0.0,8929.360799221997,1.2128712871287128,3991,4005,46,0,3959,3979,45164,35,3,0,32,26
2020-12-11,US,Wisconsin,Bayfield,821,16,0,46.52868768,-91.19716729,55007.0,0.0,0.0,5460.22878425113,1.94884287454324,805,808,16,0,792,792,15042,13,0,0,13,16
2020-12-11,US,Wisconsin,Brown,25336,159,0,44.452655299999996,-88.00411844,55009.0,0.0,0.0,9577.307195076772,0.6275655194190085,25177,25162,159,0,25003,24945,263378,174,0,0,174,217
2020-12-11,US,Wisconsin,Buffalo,916,6,0,44.37835084,-91.75332578,55011.0,0.0,0.0,7029.3914511549365,0.6550218340611353,910,908,5,0,903,900,13125,8,1,0,7,8
2020-12-11,US,Wisconsin,Burnett,982,15,0,45.86303537,-92.36711412,55013.0,0.0,0.0,6370.831711431167,1.5274949083503055,967,964,15,0,949,952,15392,18,0,0,18,12
2020-12-11,US,Wisconsin,Calumet,4589,31,0,44.0816316,-88.21780273,55015.0,0.0,0.0,9161.692187905528,0.6755284375680977,4558,4557,30,0,4527,4538,50159,32,1,0,31,19
2020-12-11,US,Wisconsin,Chippewa,5454,59,0,45.06939744,-91.28068855,55017.0,0.0,0.0,8435.151102725107,1.0817748441510815,5395,5393,60,0,5333,5356,64135,61,0,0,62,37
2020-12-11,US,Wisconsin,Clark,2699,48,0,44.73483377,-90.61207486,55019.0,0.0,0.0,7761.545982630701,1.7784364579473884,2651,2666,47,0,2619,2612,34709,33,1,0,32,54
2020-12-11,US,Wisconsin,Columbia,4068,20,0,43.46492199,-89.33589004,55021.0,0.0,0.0,7070.84752833206,0.4916420845624385,4048,4006,16,0,3990,3960,57358,62,4,0,58,46
2020-12-11,US,Wisconsin,Crawford,1481,10,0,43.23870316,-90.93073686,55023.0,0.0,0.0,9181.079908251191,0.6752194463200539,1471,1480,10,0,1470,1461,16291,1,0,0,1,19
2020-12-11,US,Wisconsin,Dane,31028,116,0,43.06601594,-89.41733797,55025.0,0.0,0.0,5675.55949844063,0.3738558721155086,30912,30847,112,0,30735,30571,542364,181,4,0,177,276
2020-12-11,US,Wisconsin,Dodge,9994,94,0,43.41576662,-88.70928178,55027.0,0.0,0.0,11377.634080533704,0.940564338603162,9900,9870,93,0,9777,9702,87847,124,1,0,123,168
2020-12-11,US,Wisconsin,Door,1904,12,0,44.95856458,-87.30002707,55029.0,0.0,0.0,6881.5960676593895,0.6302521008403361,1892,1888,12,0,1876,1855,27610,16,0,0,16,33
2020-12-11,US,Wisconsin,Douglas,2806,22,0,46.43222285,-91.91595768,55031.0,0.0,0.0,6502.896871378911,0.7840342124019958,2784,2757,15,0,2742,2718,43208,49,7,0,42,39
2020-12-11,US,Wisconsin,Dunn,3285,17,0,44.94562799,-91.8962481,55033.0,0.0,0.0,7240.786457414918,0.517503805175038,3268,3244,16,0,3228,3213,45131,41,1,0,40,31
2020-12-11,US,Wisconsin,Eau Claire,8547,74,0,44.726614,-91.28609183,55035.0,0.0,0.0,8167.536265122412,0.8658008658008658,8473,8505,73,0,8432,8447,104534,42,1,0,41,58
2020-12-11,US,Wisconsin,Florence,396,12,0,45.84963535,-88.39804137,55037.0,0.0,0.0,9220.023282887078,3.0303030303030303,384,395,12,0,383,391,4321,1,0,0,1,4
2020-12-11,US,Wisconsin,Fond du Lac,10058,66,0,43.75354908,-88.48885325,55039.0,0.0,0.0,9726.990512847791,0.6561940743686617,9992,9957,63,0,9894,9855,103066,101,3,0,98,102
2020-12-11,US,Wisconsin,Forest,830,22,0,45.66678019,-88.77084892,55041.0,0.0,0.0,9218.125277654377,2.6506024096385543,808,821,22,0,799,814,8991,9,0,0,9,7
2020-12-11,US,Wisconsin,Grant,4169,72,0,42.8671731,-90.7063218,55043.0,0.0,0.0,8104.745426621824,1.7270328615975057,4097,4133,71,0,4062,4065,51554,36,1,0,35,68
2020-12-11,US,Wisconsin,Green,2005,9,0,42.6794956,-89.60243287,55045.0,0.0,0.0,5424.7835497835495,0.4488778054862843,1996,1967,8,0,1959,1954,36929,38,1,0,37,13
2020-12-11,US,Wisconsin,Green Lake,1562,11,0,43.80025981,-89.04679553,55047.0,0.0,0.0,8258.86956061968,0.7042253521126759,1551,1546,10,0,1536,1527,18918,16,1,0,15,19
2020-12-11,US,Wisconsin,Iowa,1513,6,0,43.00050278,-90.13469017,55049.0,0.0,0.0,6389.897795421911,0.3965631196298744,1507,1489,6,0,1483,1463,23771,24,0,0,24,26
2020-12-11,US,Wisconsin,Iron,477,16,0,46.26302338,-90.24295041,55051.0,0.0,0.0,8387.550553894847,3.3542976939203357,461,461,16,0,445,459,5676,16,0,0,16,2
2020-12-11,US,Wisconsin,Jackson,2053,6,0,44.31864893,-90.80566792,55053.0,0.0,0.0,9945.259894395194,0.2922552362396493,2047,2041,6,0,2035,2029,20478,12,0,0,12,12
2020-12-11,US,Wisconsin,Jefferson,6458,48,0,43.02054068,-88.77529134,55055.0,0.0,0.0,7618.351048142599,0.7432641684732115,6410,6400,48,0,6352,6327,85129,58,0,0,58,73
2020-12-11,US,Wisconsin,Juneau,2158,7,0,43.92456975,-90.11120239,55057.0,0.0,0.0,8086.334170195226,0.3243744207599629,2151,2124,7,0,2117,2090,26617,34,0,0,34,34
2020-12-11,US,Wisconsin,Kenosha,11906,180,0,42.57639354,-88.04051686,55059.0,0.0,0.0,7021.661820819646,1.5118427683520914,11726,11812,178,0,11634,11765,169290,94,2,0,92,47
2020-12-11,US,Wisconsin,Kewaunee,1908,22,0,44.51727459,-87.61468386,55061.0,0.0,0.0,9337.378878340021,1.1530398322851152,1886,1894,22,0,1872,1867,20383,14,0,0,14,27
2020-12-11,US,Wisconsin,La Crosse,9378,42,0,43.90632465,-91.11451093,55063.0,0.0,0.0,7946.3801518438195,0.44785668586052463,9336,9307,42,0,9265,9257,118230,71,0,0,71,50
2020-12-11,US,Wisconsin,Lafayette,1228,5,0,42.66005229,-90.1317729,55065.0,0.0,0.0,7368.7368736873705,0.4071661237785016,1223,1217,5,0,1212,1209,16665,11,0,0,11,8
2020-12-11,US,Wisconsin,Langlade,1743,39,0,45.26271619,-89.07483625,55067.0,0.0,0.0,9083.328990567512,2.2375215146299485,1704,1734,39,0,1695,1714,19268,9,0,0,9,20
2020-12-11,US,Wisconsin,Lincoln,2267,50,0,45.33737523,-89.73411273,55069.0,0.0,0.0,8215.851846482803,2.205558006175562,2217,2246,50,0,2196,2225,27689,21,0,0,21,21
2020-12-11,US,Wisconsin,Manitowoc,6178,42,0,44.11946801,-87.80928853,55071.0,0.0,0.0,7822.134437396336,0.6798316607316284,6136,6129,42,0,6087,6075,79074,49,0,0,49,54
2020-12-11,US,Wisconsin,Marathon,11747,162,0,44.89792533,-89.75863384,55073.0,0.0,0.0,8657.105798425846,1.3790755086405042,11585,11631,159,0,11472,11517,135428,116,3,0,113,114
2020-12-11,US,Wisconsin,Marinette,3547,36,0,45.38553432,-88.03324599999998,55075.0,0.0,0.0,8790.582403965303,1.0149422046800112,3511,3517,36,0,3481,3483,40434,30,0,0,30,34
2020-12-11,US,Wisconsin,Marquette,1232,17,0,43.81911946,-89.40073763,55077.0,0.0,0.0,7910.6202645434705,1.37987012987013,1215,1226,17,0,1209,1223,15434,6,0,0,6,3
2020-12-11,US,Wisconsin,Menominee,638,8,0,45.00422544,-88.70950714,55078.0,0.0,0.0,14003.511852502195,1.2539184952978055,630,616,8,0,608,603,4658,22,0,0,22,13
2020-12-11,US,Wisconsin,Milwaukee,81590,824,0,43.00486062,-87.96733172,55079.0,0.0,0.0,8627.234526702237,1.0099276872165706,80766,80863,820,0,80043,80067,948201,727,4,0,723,796
2020-12-11,US,Wisconsin,Monroe,3029,20,0,43.94641218,-90.61881899999999,55081.0,0.0,0.0,6548.7644044710605,0.6602839220864972,3009,2986,19,0,2967,2950,46051,43,1,0,42,36
2020-12-11,US,Wisconsin,Oconto,3714,37,0,45.02715345,-88.26807503,55083.0,0.0,0.0,9791.721592407066,0.996230479267636,3677,3675,37,0,3638,3608,37830,39,0,0,39,67
2020-12-11,US,Wisconsin,Oneida,2647,48,0,45.70677897,-89.51944105,55085.0,0.0,0.0,7436.4377019244275,1.813373630525123,2599,2602,47,0,2555,2575,35470,45,1,0,44,27
2020-12-11,US,Wisconsin,Outagamie,15839,139,0,44.41578887,-88.46565023,55087.0,0.0,0.0,8430.156744817308,0.8775806553444031,15700,15713,139,0,15574,15580,187365,126,0,0,126,133
2020-12-11,US,Wisconsin,Ozaukee,6112,48,0,43.38352225,-87.94625009,55089.0,0.0,0.0,6850.405173669876,0.7853403141361257,6064,6038,48,0,5990,5961,89147,74,0,0,74,77
2020-12-11,US,Wisconsin,Pepin,579,5,0,44.58307413,-91.99949611,55091.0,0.0,0.0,7945.656648826678,0.8635578583765112,574,552,5,0,547,538,7289,27,0,0,27,14
2020-12-11,US,Wisconsin,Pierce,3081,26,0,44.71850291,-92.4224416,55093.0,0.0,0.0,7206.343266127146,0.8438818565400844,3055,3046,25,0,3021,2963,42555,35,1,0,34,83
2020-12-11,US,Wisconsin,Polk,2637,19,0,45.46130348,-92.44182875,55095.0,0.0,0.0,6022.885594865587,0.7205157375805842,2618,2588,19,0,2569,2546,43598,49,0,0,49,42
2020-12-11,US,Wisconsin,Portage,5363,46,0,44.47558711,-89.50152965,55097.0,0.0,0.0,7577.855649126774,0.8577288830878241,5317,5325,45,0,5280,5262,70942,38,1,0,37,63
2020-12-11,US,Wisconsin,Price,905,4,0,45.68051754,-90.36098879999999,55099.0,0.0,0.0,6778.518463036477,0.4419889502762431,901,892,4,0,888,884,13397,13,0,0,13,8
2020-12-11,US,Wisconsin,Racine,17078,220,0,42.74753117,-88.05941254,55101.0,0.0,0.0,8699.461568633444,1.2882070500058556,16858,16952,220,0,16732,16732,196584,126,0,0,126,220
2020-12-11,US,Wisconsin,Richland,992,13,0,43.3762778,-90.43012729,55103.0,0.0,0.0,5750.0579642939965,1.310483870967742,979,986,13,0,973,966,17377,6,0,0,6,20
2020-12-11,US,Wisconsin,Rock,11053,104,0,42.67151616,-89.07147900000002,55105.0,0.0,0.0,6766.286714742217,0.9409210169184836,10949,10910,103,0,10807,10809,163129,143,1,0,142,101
2020-12-11,US,Wisconsin,Rusk,1034,11,0,45.47498854,-91.1333012,55107.0,0.0,0.0,7292.989138101284,1.0638297872340423,1023,1025,11,0,1014,1014,14147,9,0,0,9,11
2020-12-11,US,Wisconsin,Sauk,4146,24,0,43.42574087,-89.94966132,55111.0,0.0,0.0,6433.692312467025,0.5788712011577424,4122,4088,24,0,4064,4042,64249,58,0,0,58,46
2020-12-11,US,Wisconsin,Sawyer,1029,8,0,45.87931905,-91.14504927,55113.0,0.0,0.0,6214.518661674115,0.7774538386783285,1021,1019,8,0,1011,1001,16489,10,0,0,10,18
2020-12-11,US,Wisconsin,Shawano,4157,59,0,44.78902246,-88.76443896,55115.0,0.0,0.0,10164.06269101934,1.4192927592013471,4098,4130,59,0,4071,4101,40796,27,0,0,27,29
2020-12-11,US,Wisconsin,Sheboygan,10378,80,0,43.72099677,-87.94579284,55117.0,0.0,0.0,8997.74579504075,0.7708614376565812,10298,10309,77,0,10232,10226,115456,69,3,0,66,83
2020-12-11,US,Wisconsin,St. Croix,5427,22,0,45.03437474,-92.45000068,55109.0,0.0,0.0,5984.319693010025,0.4053805048829924,5405,5237,22,0,5215,5153,89694,190,0,0,190,84
2020-12-11,US,Wisconsin,Taylor,1599,17,0,45.21179252,-90.5004405,55119.0,0.0,0.0,7860.1976109718335,1.0631644777986242,1582,1581,17,0,1564,1560,20412,18,0,0,18,21
2020-12-11,US,Wisconsin,Trempealeau,2768,24,0,44.30360275,-91.35893614,55121.0,0.0,0.0,9335.89665756012,0.8670520231213873,2744,2742,24,0,2718,2711,29442,26,0,0,26,31
2020-12-11,US,Wisconsin,Vernon,1345,15,0,43.59422667,-90.8324691,55123.0,0.0,0.0,4363.7661410680685,1.1152416356877324,1330,1335,15,0,1320,1314,30785,10,0,0,10,21
2020-12-11,US,Wisconsin,Vilas,1452,21,0,46.05467334,-89.51719204,55125.0,0.0,0.0,6542.0139671097095,1.4462809917355373,1431,1440,21,0,1419,1419,21938,12,0,0,12,21
2020-12-11,US,Wisconsin,Walworth,8135,66,0,42.66858202,-88.54163073,55127.0,0.0,0.0,7832.056071167251,0.8113091579594346,8069,7996,66,0,7930,7939,103718,139,0,0,139,57
2020-12-11,US,Wisconsin,Washburn,921,8,0,45.89838588,-91.79050449,55129.0,0.0,0.0,5858.778625954198,0.8686210640608035,913,907,8,0,899,892,15878,14,0,0,14,15
2020-12-11,US,Wisconsin,Washington,11337,91,0,43.36863664,-88.22974712,55131.0,0.0,0.0,8333.945925283386,0.8026814854017817,11246,11216,90,0,11126,11092,135693,121,1,0,120,124
2020-12-11,US,Wisconsin,Waukesha,32217,292,0,43.01833055,-88.30431188,55133.0,0.0,0.0,7970.59856802854,0.9063537883725984,31925,31864,286,0,31578,31473,403072,353,6,0,347,391
2020-12-11,US,Wisconsin,Waupaca,4417,124,0,44.47068056,-88.96534501,55135.0,0.0,0.0,8662.482839772505,2.8073352954493997,4293,4395,123,0,4272,4370,51128,22,1,0,21,25
2020-12-11,US,Wisconsin,Waushara,1928,13,0,44.11324419,-89.24317107,55137.0,0.0,0.0,7887.738820930328,0.6742738589211619,1915,1920,13,0,1907,1912,24263,8,0,0,8,8
2020-12-11,US,Wisconsin,Winnebago,15700,149,0,44.06886922,-88.64477096,55139.0,0.0,0.0,9132.845084842384,0.9490445859872612,15551,15567,146,0,15421,15471,171020,133,3,0,130,96
2020-12-11,US,Wisconsin,Wood,5207,40,0,44.45537896,-90.04158336,55141.0,0.0,0.0,7132.974424307183,0.7681966583445362,5167,5149,40,0,5109,5056,73055,58,0,0,58,93
2020-12-11,US,Wyoming,Albany,3295,9,0,41.65498705,-105.72354150000001,56001.0,0.0,0.0,8474.794238683127,0.2731411229135053,3286,3280,9,0,3271,3268,38601,15,0,0,15,12
2020-12-11,US,Wyoming,Big Horn,603,15,0,44.52405055,-107.9960365,56003.0,0.0,0.0,5114.503816793893,2.487562189054726,588,588,15,0,573,585,11881,15,0,0,15,3
2020-12-11,US,Wyoming,Campbell,3410,20,0,44.24886082,-105.54744040000001,56005.0,0.0,0.0,7358.4946375779555,0.5865102639296188,3390,3378,18,0,3360,3354,46140,32,2,0,30,24
2020-12-11,US,Wyoming,Carbon,836,12,0,41.69357844,-106.9326084,56007.0,0.0,0.0,5648.648648648647,1.4354066985645932,824,813,11,0,802,801,14971,23,1,0,22,12
2020-12-11,US,Wyoming,Converse,710,7,0,42.97272268,-105.5081848,56009.0,0.0,0.0,5136.7385327738375,0.9859154929577464,703,701,7,0,694,697,13640,9,0,0,9,4
2020-12-11,US,Wyoming,Crook,347,6,0,44.58855102,-104.56977049999999,56011.0,0.0,0.0,4575.4219409282705,1.7291066282420748,341,343,6,0,337,341,7450,4,0,0,4,2
2020-12-11,US,Wyoming,Fremont,3688,51,0,43.04183996,-108.6296893,56013.0,0.0,0.0,9393.545757876773,1.3828633405639914,3637,3655,45,0,3610,3633,39531,33,6,0,27,22
2020-12-11,US,Wyoming,Goshen,881,12,0,42.08798185,-104.3534743,56015.0,0.0,0.0,6668.685186586935,1.362088535754824,869,876,10,0,866,864,13376,5,2,0,3,12
2020-12-11,US,Wyoming,Hot Springs,184,1,0,43.71930657,-108.44231740000001,56017.0,0.0,0.0,4169.499206888738,0.5434782608695652,183,177,1,0,176,175,4555,7,0,0,7,2
2020-12-11,US,Wyoming,Johnson,407,5,0,44.04057166,-106.58451740000001,56019.0,0.0,0.0,4819.419775014801,1.2285012285012284,402,399,5,0,394,389,8460,8,0,0,8,10
2020-12-11,US,Wyoming,Laramie,6298,41,0,41.30702520000001,-104.6887497,56021.0,0.0,0.0,6329.64824120603,0.6510003175611305,6257,6201,35,0,6166,6151,98976,97,6,0,91,50
2020-12-11,US,Wyoming,Lincoln,758,10,0,42.26376367,-110.6563997,56023.0,0.0,0.0,3822.491174987393,1.3192612137203166,748,736,8,0,728,731,19434,22,2,0,20,5
2020-12-11,US,Wyoming,Natrona,5861,62,0,42.96180148,-106.79788500000001,56025.0,0.0,0.0,7339.277217060282,1.0578399590513563,5799,5766,61,0,5705,5730,79115,95,1,0,94,36
2020-12-11,US,Wyoming,Niobrara,135,1,0,43.05607708,-104.47588959999999,56027.0,0.0,0.0,5730.050933786079,0.7407407407407407,134,134,1,0,133,134,2388,1,0,0,1,0
2020-12-11,US,Wyoming,Park,1595,7,0,44.52157546,-109.58528249999999,56029.0,0.0,0.0,5463.451394122078,0.4388714733542321,1588,1574,7,0,1567,1552,29324,21,0,0,21,22
2020-12-11,US,Wyoming,Platte,378,8,0,42.13299116,-104.96633100000001,56031.0,0.0,0.0,4503.753127606338,2.1164021164021163,370,373,8,0,365,375,8566,5,0,0,5,0
2020-12-11,US,Wyoming,Sheridan,2290,13,0,44.79048913,-106.8862389,56033.0,0.0,0.0,7511.891093980646,0.5676855895196506,2277,2267,13,0,2254,2237,30233,23,0,0,23,30
2020-12-11,US,Wyoming,Sublette,536,5,0,42.76558279,-109.91309220000001,56035.0,0.0,0.0,5452.141186044146,0.9328358208955224,531,534,4,0,530,526,9813,2,1,0,1,8
2020-12-11,US,Wyoming,Sweetwater,2376,14,0,41.65943896,-108.8827882,56037.0,0.0,0.0,5611.3171008194995,0.5892255892255892,2362,2281,13,0,2268,2245,43051,95,1,0,94,36
2020-12-11,US,Wyoming,Teton,1868,2,0,43.93522482,-110.5890801,56039.0,0.0,0.0,7961.131946812137,0.10706638115631692,1866,1852,2,0,1850,1834,23081,16,0,0,16,18
2020-12-11,US,Wyoming,Uinta,1281,7,0,41.2878183,-110.54757820000002,56041.0,0.0,0.0,6333.432215959656,0.5464480874316939,1274,1271,7,0,1264,1250,20299,10,0,0,10,21
2020-12-11,US,Wyoming,Washakie,620,11,0,43.90451606,-107.68018700000002,56043.0,0.0,0.0,7943.625880845611,1.7741935483870968,609,596,11,0,585,586,7885,24,0,0,24,10
2020-12-11,US,Wyoming,Weston,428,2,0,43.83961191,-104.56748809999999,56045.0,0.0,0.0,6178.720947018914,0.4672897196261682,426,428,2,0,426,427,6967,0,0,0,0,1
