Date,Country/Region,Province/State,Admin2,Confirmed,Deaths,Recovered,Latitude,Longitude,FIPS,Incidence_Rate,Case-Fatality_Ratio,Incident_Rate,Case_Fatality_Ratio,Active Cases,Previous Confirmed,Previous Deaths,Previous Recovered,Previous Active,Prev2 Confirmed,Population,Daily Confirmed,Daily Deaths,Daily Recovered,Daily Active,Previous Daily Confirmed
2020-12-04,US,Alabama,Autauga,2945,42,0,32.53952745,-86.64408227,1001.0,0.0,0.0,5271.2595535985965,1.4261460101867571,2903,2893,42,0,2851,2873,55601,52,0,0,52,20
2020-12-04,US,Alabama,Baldwin,9501,138,0,30.72774991,-87.72207058,1003.0,0.0,0.0,4256.0721037118,1.4524786864540575,9363,9341,137,0,9204,9163,218022,160,1,0,159,178
2020-12-04,US,Alabama,Barbour,1217,29,0,31.868263,-85.3871286,1005.0,0.0,0.0,4929.919792594993,2.38290879211175,1188,1214,29,0,1185,1206,24881,3,0,0,3,8
2020-12-04,US,Alabama,Bibb,1270,38,0,32.99642064,-87.12511459999996,1007.0,0.0,0.0,5671.161918370993,2.9921259842519685,1232,1252,38,0,1214,1239,22400,18,0,0,18,13
2020-12-04,US,Alabama,Blount,3231,46,0,33.98210918,-86.56790593,1009.0,0.0,0.0,5587.452011206032,1.4237078303930673,3185,3158,45,0,3113,3100,57840,73,1,0,72,58
2020-12-04,US,Alabama,Bullock,711,20,0,32.10030533,-85.71265535,1011.0,0.0,0.0,7038.907038907038,2.8129395218002813,691,709,19,0,690,709,10138,2,1,0,1,0
2020-12-04,US,Alabama,Butler,1211,42,0,31.75300095,-86.68057478,1013.0,0.0,0.0,6226.8613739201965,3.4682080924855487,1169,1200,42,0,1158,1188,19680,11,0,0,11,12
2020-12-04,US,Alabama,Calhoun,6939,126,0,33.77483727,-85.82630386,1015.0,0.0,0.0,6108.005809603451,1.8158236057068744,6813,6809,121,0,6688,6695,114277,130,5,0,125,114
2020-12-04,US,Alabama,Chambers,1891,54,0,32.91360079,-85.39072749,1017.0,0.0,0.0,5686.533950802911,2.8556319407720783,1837,1875,51,0,1824,1859,33615,16,3,0,13,16
2020-12-04,US,Alabama,Cherokee,1082,24,0,34.17805983,-85.60638968,1019.0,0.0,0.0,4130.401588028707,2.2181146025878005,1058,1067,24,0,1043,1055,26032,15,0,0,15,12
2020-12-04,US,Alabama,Chilton,2354,45,0,32.85044126,-86.7173256,1021.0,0.0,0.0,5298.460430359233,1.911639762107052,2309,2336,41,0,2295,2308,44153,18,4,0,14,28
2020-12-04,US,Alabama,Choctaw,436,20,0,32.02227341,-88.26564429999998,1023.0,0.0,0.0,3463.3410119945984,4.587155963302751,416,435,19,0,416,435,12841,1,1,0,0,0
2020-12-04,US,Alabama,Clarke,1654,22,0,31.68099859,-87.83548597,1025.0,0.0,0.0,7001.947337228008,1.3301088270858523,1632,1641,20,0,1621,1618,23920,13,2,0,11,23
2020-12-04,US,Alabama,Clay,955,27,0,33.26984193,-85.85836077,1027.0,0.0,0.0,7215.715904797885,2.8272251308900525,928,948,25,0,923,935,13275,7,2,0,5,13
2020-12-04,US,Alabama,Cleburne,809,14,0,33.67679204,-85.52005899,1029.0,0.0,0.0,5425.888665325285,1.73053152039555,795,807,14,0,793,799,14987,2,0,0,2,8
2020-12-04,US,Alabama,Coffee,2600,23,0,31.39932826,-85.98901039,1031.0,0.0,0.0,4967.3302510412295,0.8846153846153846,2577,2577,17,0,2560,2541,51909,23,6,0,17,36
2020-12-04,US,Alabama,Colbert,3479,48,0,34.69847452,-87.80168544,1033.0,0.0,0.0,6297.858474683659,1.3797068123023857,3431,3415,46,0,3369,3364,54762,64,2,0,62,51
2020-12-04,US,Alabama,Conecuh,732,15,0,31.43401703,-86.99320044,1035.0,0.0,0.0,6066.130769868236,2.0491803278688523,717,729,14,0,715,724,12277,3,1,0,2,5
2020-12-04,US,Alabama,Coosa,385,4,0,32.93690146,-86.24847739,1037.0,0.0,0.0,3610.6161493013215,1.0389610389610389,381,382,4,0,378,372,10715,3,0,0,3,10
2020-12-04,US,Alabama,Covington,2348,34,0,31.247785399999998,-86.45050893,1039.0,0.0,0.0,6337.552970390564,1.4480408858603069,2314,2324,34,0,2290,2279,36986,24,0,0,24,45
2020-12-04,US,Alabama,Crenshaw,738,30,0,31.72941803,-86.31593104,1041.0,0.0,0.0,5358.698809178042,4.0650406504065035,708,733,30,0,703,729,13824,5,0,0,5,4
2020-12-04,US,Alabama,Cullman,4906,50,0,34.13020303,-86.86888037,1043.0,0.0,0.0,5856.6517047082425,1.019160211985324,4856,4802,46,0,4756,4720,83442,104,4,0,100,82
2020-12-04,US,Alabama,Dale,2473,55,0,31.43037123,-85.61095742,1045.0,0.0,0.0,5029.28495891971,2.2240194096239385,2418,2444,54,0,2390,2420,48956,29,1,0,28,24
2020-12-04,US,Alabama,Dallas,2368,32,0,32.32688101,-87.10866709999998,1047.0,0.0,0.0,6366.2759436498545,1.351351351351351,2336,2349,32,0,2317,2329,38310,19,0,0,19,20
2020-12-04,US,Alabama,DeKalb,5218,43,0,34.45946862,-85.80782906,1049.0,0.0,0.0,7296.575447820676,0.8240705251054044,5175,5129,40,0,5089,5047,71385,89,3,0,86,82
2020-12-04,US,Alabama,Elmore,4400,70,0,32.59785413,-86.14415284,1051.0,0.0,0.0,5418.118681426936,1.5909090909090908,4330,4325,67,0,4258,4275,81887,75,3,0,72,50
2020-12-04,US,Alabama,Escambia,2088,32,0,31.1256789,-87.15918694,1053.0,0.0,0.0,5699.77888788797,1.5325670498084292,2056,2069,32,0,2037,2061,36748,19,0,0,19,8
2020-12-04,US,Alabama,Etowah,7048,70,0,34.04567266,-86.04051873,1055.0,0.0,0.0,6891.696327296905,0.9931895573212258,6978,6921,70,0,6851,6774,102501,127,0,0,127,147
2020-12-04,US,Alabama,Fayette,1022,16,0,33.72076938,-87.73886638,1057.0,0.0,0.0,6269.169427064164,1.5655577299412915,1006,999,16,0,983,963,16433,23,0,0,23,36
2020-12-04,US,Alabama,Franklin,2655,34,0,34.44235334,-87.84289505,1059.0,0.0,0.0,8465.659077864932,1.28060263653484,2621,2626,34,0,2592,2597,31363,29,0,0,29,29
2020-12-04,US,Alabama,Geneva,1292,9,0,31.09389027,-85.83572839,1061.0,0.0,0.0,4917.970385596284,0.6965944272445821,1283,1281,8,0,1273,1263,26314,11,1,0,10,18
2020-12-04,US,Alabama,Greene,458,18,0,32.85504247,-87.95684022,1063.0,0.0,0.0,5646.652693872519,3.930131004366812,440,445,18,0,427,442,8233,13,0,0,13,3
2020-12-04,US,Alabama,Hale,1021,32,0,32.76039258,-87.63284988,1065.0,0.0,0.0,6968.807589925603,3.134182174338884,989,1014,32,0,982,997,14726,7,0,0,7,17
2020-12-04,US,Alabama,Henry,909,7,0,31.51148016,-85.24267944,1067.0,0.0,0.0,5283.3478639930245,0.77007700770077,902,899,6,0,893,894,17209,10,1,0,9,5
2020-12-04,US,Alabama,Houston,5591,40,0,31.15197924,-85.29939599,1069.0,0.0,0.0,5280.406490243857,0.7154355213736362,5551,5527,39,0,5488,5482,104722,64,1,0,63,45
2020-12-04,US,Alabama,Jackson,3735,23,0,34.78144169,-85.99750489,1071.0,0.0,0.0,7234.7266881028945,0.6157965194109772,3712,3616,23,0,3593,3507,51736,119,0,0,119,109
2020-12-04,US,Alabama,Jefferson,35310,515,0,33.55554728,-86.89506300000002,1073.0,0.0,0.0,5361.592412686217,1.45851033701501,34795,34716,513,0,34203,34214,659300,594,2,0,592,502
2020-12-04,US,Alabama,Lamar,734,8,0,33.77995024,-88.09668032,1075.0,0.0,0.0,5316.914161535677,1.0899182561307903,726,725,8,0,717,713,13844,9,0,0,9,12
2020-12-04,US,Alabama,Lauderdale,4522,57,0,34.90171875,-87.65624729,1077.0,0.0,0.0,4876.575828489469,1.2605042016806722,4465,4433,57,0,4376,4360,92387,89,0,0,89,73
2020-12-04,US,Alabama,Lawrence,1399,36,0,34.52041498,-87.31069453,1079.0,0.0,0.0,4249.179929534686,2.573266619013581,1363,1373,36,0,1337,1353,32957,26,0,0,26,20
2020-12-04,US,Alabama,Lee,8071,67,0,32.60154883,-85.35132246,1081.0,0.0,0.0,4905.130604951927,0.8301325734109776,8004,8015,66,0,7949,7925,163941,56,1,0,55,90
2020-12-04,US,Alabama,Limestone,4624,46,0,34.81185586,-86.98310072,1083.0,0.0,0.0,4674.720719809938,0.9948096885813148,4578,4550,46,0,4504,4475,96174,74,0,0,74,75
2020-12-04,US,Alabama,Lowndes,829,30,0,32.1597283,-86.65158371,1085.0,0.0,0.0,8523.545136746865,3.618817852834741,799,826,29,0,797,821,9974,3,1,0,2,5
2020-12-04,US,Alabama,Macon,775,22,0,32.38759944,-85.69267724,1087.0,0.0,0.0,4289.351339384547,2.838709677419355,753,771,22,0,749,765,18439,4,0,0,4,6
2020-12-04,US,Alabama,Madison,14521,153,0,34.76327133,-86.55069633,1089.0,0.0,0.0,3893.9794963382487,1.0536464430824324,14368,14215,153,0,14062,13925,366519,306,0,0,306,290
2020-12-04,US,Alabama,Marengo,1278,24,0,32.24767634,-87.78796182,1091.0,0.0,0.0,6775.168318931242,1.8779342723004693,1254,1267,24,0,1243,1252,19066,11,0,0,11,15
2020-12-04,US,Alabama,Marion,1502,36,0,34.13697363,-87.88704173,1093.0,0.0,0.0,5055.707024807298,2.396804260985353,1466,1482,36,0,1446,1461,29763,20,0,0,20,21
2020-12-04,US,Alabama,Marshall,6953,58,0,34.36975964,-86.30486727,1095.0,0.0,0.0,7184.781036228739,0.8341722997267367,6895,6750,58,0,6692,6657,96109,203,0,0,203,93
2020-12-04,US,Alabama,Mobile,20626,372,0,30.78472347,-88.20842409,1097.0,0.0,0.0,4991.650734493357,1.8035489188402989,20254,20452,370,0,20082,20299,413757,174,2,0,172,153
2020-12-04,US,Alabama,Monroe,853,11,0,31.56729412,-87.36995001,1099.0,0.0,0.0,4114.214054888343,1.2895662368112544,842,846,11,0,835,838,21067,7,0,0,7,8
2020-12-04,US,Alabama,Montgomery,12844,246,0,32.2206831,-86.20969272,1101.0,0.0,0.0,5670.990701412008,1.9152911865462472,12598,12731,243,0,12488,12659,225763,113,3,0,110,72
2020-12-04,US,Alabama,Morgan,7405,55,0,34.45500589,-86.85475946,1103.0,0.0,0.0,6187.384587103836,0.7427413909520594,7350,7228,55,0,7173,7108,119089,177,0,0,177,120
2020-12-04,US,Alabama,Perry,703,7,0,32.64048341,-87.29770589,1105.0,0.0,0.0,7878.516194105122,0.9957325746799432,696,698,7,0,691,692,9140,5,0,0,5,6
2020-12-04,US,Alabama,Pickens,1297,20,0,33.28094866,-88.08818103,1107.0,0.0,0.0,6507.777220270948,1.5420200462606013,1277,1297,20,0,1277,1277,19938,0,0,0,0,20
2020-12-04,US,Alabama,Pike,1652,15,0,31.80396383,-85.9408295,1109.0,0.0,0.0,4988.826478226732,0.9079903147699758,1637,1638,14,0,1624,1622,33338,14,1,0,13,16
2020-12-04,US,Alabama,Randolph,1080,22,0,33.29526734,-85.45708831,1111.0,0.0,0.0,4753.102719831001,2.0370370370370368,1058,1070,22,0,1048,1059,22725,10,0,0,10,11
2020-12-04,US,Alabama,Russell,2343,3,0,32.28725256,-85.18415324,1113.0,0.0,0.0,4042.373319991029,0.12804097311139565,2340,2315,3,0,2312,2281,57781,28,0,0,28,34
2020-12-04,US,Alabama,Shelby,11278,78,0,33.26879845,-86.66232561,1117.0,0.0,0.0,5180.476063609889,0.6916119879411243,11200,11102,78,0,11024,10958,215707,176,0,0,176,144
2020-12-04,US,Alabama,St. Clair,4665,57,0,33.71902176,-86.31029372,1115.0,0.0,0.0,5211.591741889356,1.2218649517684887,4608,4603,57,0,4546,4518,88690,62,0,0,62,85
2020-12-04,US,Alabama,Sumter,601,22,0,32.59117397,-88.19916205,1119.0,0.0,0.0,4836.243662991873,3.6605657237936766,579,595,22,0,573,589,12691,6,0,0,6,6
2020-12-04,US,Alabama,Talladega,3861,57,0,33.37823223,-86.16886178,1121.0,0.0,0.0,4827.577583835555,1.4763014763014763,3804,3811,57,0,3754,3744,79828,50,0,0,50,67
2020-12-04,US,Alabama,Tallapoosa,1926,92,0,32.86698258,-85.79833053,1123.0,0.0,0.0,4771.224019619986,4.7767393561786085,1834,1902,91,0,1811,1891,40497,24,1,0,23,11
2020-12-04,US,Alabama,Tuscaloosa,13897,173,0,33.28726072,-87.52556818,1125.0,0.0,0.0,6638.007212629266,1.2448729941714038,13724,13755,173,0,13582,13591,208911,142,0,0,142,164
2020-12-04,US,Alabama,Walker,3914,112,0,33.80270512,-87.30027177,1127.0,0.0,0.0,6161.741786180948,2.86152273888605,3802,3861,112,0,3749,3818,63711,53,0,0,53,43
2020-12-04,US,Alabama,Washington,942,22,0,31.4092794,-88.20689944,1129.0,0.0,0.0,5769.937522969496,2.335456475583864,920,939,21,0,918,933,16378,3,1,0,2,6
2020-12-04,US,Alabama,Wilcox,659,18,0,31.98773215,-87.30891118,1131.0,0.0,0.0,6353.031909765738,2.731411229135053,641,655,18,0,637,649,10627,4,0,0,4,6
2020-12-04,US,Alabama,Winston,1463,25,0,34.15030532,-87.37325922,1133.0,0.0,0.0,6191.544288797663,1.7088174982911826,1438,1447,25,0,1422,1419,23660,16,0,0,16,28
2020-12-04,US,Alaska,Aleutians East,42,0,0,55.32222414,-161.9722021,2013.0,0.0,0.0,1258.6155229247827,0.0,42,42,0,0,42,40,3515,0,0,0,0,2
2020-12-04,US,Alaska,Aleutians West,111,0,0,52.3233,-174.1596,2016.0,0.0,0.0,1970.1810436634719,0.0,111,111,0,0,111,111,5723,0,0,0,0,0
2020-12-04,US,Alaska,Anchorage,17859,79,0,61.14998174,-149.14269860000005,2020.0,0.0,0.0,6201.041666666668,0.4423539951845008,17780,17600,74,0,17526,17278,291538,259,5,0,254,322
2020-12-04,US,Alaska,Bethel,1641,7,0,60.90980451,-159.8561831,2050.0,0.0,0.0,8925.269226585446,0.42656916514320536,1634,1627,7,0,1620,1607,18216,14,0,0,14,20
2020-12-04,US,Alaska,Bristol Bay plus Lake and Peninsula,147,0,0,58.62403337,-156.21405890000003,2164.0,0.0,0.0,3656.716417910448,0.0,147,145,0,0,145,145,,2,0,0,2,0
2020-12-04,US,Alaska,Denali,45,0,0,63.67264044,-150.0076108,2068.0,0.0,0.0,2145.922746781116,0.0,45,45,0,0,45,44,2059,0,0,0,0,1
2020-12-04,US,Alaska,Dillingham,103,1,0,59.79603738,-158.23819419999995,2070.0,0.0,0.0,2095.19934906428,0.9708737864077671,102,102,1,0,101,102,5000,1,0,0,1,0
2020-12-04,US,Alaska,Fairbanks North Star,3577,17,0,64.80726247,-146.5692662,2090.0,0.0,0.0,3693.37835186734,0.4752585965893207,3560,3537,17,0,3520,3507,98971,40,0,0,40,30
2020-12-04,US,Alaska,Haines,17,0,0,59.09893571,-135.4679843,2100.0,0.0,0.0,671.9367588932806,0.0,17,17,0,0,17,17,2474,0,0,0,0,0
2020-12-04,US,Alaska,Juneau,903,5,0,58.45031811,-134.200436,2110.0,0.0,0.0,2824.1696378307374,0.5537098560354374,898,872,5,0,867,868,32113,31,0,0,31,4
2020-12-04,US,Alaska,Kenai Peninsula,2860,11,0,60.24429722,-151.53888840000005,2122.0,0.0,0.0,4871.567759078831,0.38461538461538464,2849,2805,9,0,2796,2736,58533,55,2,0,53,69
2020-12-04,US,Alaska,Ketchikan Gateway,209,0,0,55.57445008,-130.975561,2130.0,0.0,0.0,1503.4889576289474,0.0,209,207,0,0,207,199,13918,2,0,0,2,8
2020-12-04,US,Alaska,Kodiak Island,414,1,0,57.65529415,-153.7493579,2150.0,0.0,0.0,3185.105400830897,0.24154589371980675,413,379,0,0,379,320,13345,35,1,0,34,59
2020-12-04,US,Alaska,Kusilvak,433,2,0,62.15429159999999,-163.39678830000003,2158.0,0.0,0.0,5208.082751984604,0.4618937644341801,431,429,2,0,427,426,8303,4,0,0,4,3
2020-12-04,US,Alaska,Matanuska-Susitna,4494,8,0,62.31305045,-149.5741743,2170.0,0.0,0.0,4148.933223778355,0.1780151312861593,4486,4232,6,0,4226,4036,107610,262,2,0,260,196
2020-12-04,US,Alaska,Nome,245,0,0,64.90320724,-164.0353804,2180.0,0.0,0.0,2449.0203918432626,0.0,245,244,0,0,244,238,10008,1,0,0,1,6
2020-12-04,US,Alaska,North Slope,536,1,0,69.31479216,-153.4836093,2185.0,0.0,0.0,5451.586655817738,0.1865671641791045,535,518,0,0,518,505,9872,18,1,0,17,13
2020-12-04,US,Alaska,Northwest Arctic,369,0,0,67.04919196,-159.7503946,2188.0,0.0,0.0,4841.884267156541,0.0,369,364,0,0,364,361,7671,5,0,0,5,3
2020-12-04,US,Alaska,Petersburg,26,1,0,57.13978948,-132.9540995,2195.0,0.0,0.0,796.0808328230252,3.8461538461538463,25,26,1,0,25,25,3221,0,0,0,0,1
2020-12-04,US,Alaska,Prince of Wales-Hyder,56,1,0,55.76261984,-133.0511621,2198.0,0.0,0.0,902.7889730775432,1.7857142857142858,55,56,1,0,55,54,6422,0,0,0,0,2
2020-12-04,US,Alaska,Sitka,218,0,0,57.24124555,-135.3206587,2220.0,0.0,0.0,2566.819733898505,0.0,218,214,0,0,214,207,8647,4,0,0,4,7
2020-12-04,US,Alaska,Skagway,11,0,0,59.56149996,-135.33377480000001,2230.0,0.0,0.0,929.839391377853,0.0,11,11,0,0,11,11,1148,0,0,0,0,0
2020-12-04,US,Alaska,Southeast Fairbanks,315,2,0,63.87692095,-143.2127643,2240.0,0.0,0.0,4569.853474539388,0.6349206349206349,313,305,2,0,303,298,6918,10,0,0,10,7
2020-12-04,US,Alaska,Unassigned,170,0,0,0.0,0.0,90002.0,0.0,0.0,0.0,0.0,170,167,0,0,167,164,,3,0,0,3,3
2020-12-04,US,Alaska,Valdez-Cordova,271,3,0,61.47502768,-144.7126799,2261.0,0.0,0.0,2945.0119539230604,1.1070110701107012,268,264,2,0,262,260,9164,7,1,0,6,4
2020-12-04,US,Alaska,Wrangell,22,0,0,56.3202004,-132.05837309999998,2275.0,0.0,0.0,879.2965627498003,0.0,22,21,0,0,21,21,2503,1,0,0,1,0
2020-12-04,US,Alaska,Yakutat,50,0,0,59.890980799999994,-140.36014509999998,2282.0,0.0,0.0,8635.578583765113,0.0,50,49,0,0,49,49,604,1,0,0,1,0
2020-12-04,US,Alaska,Yukon-Koyukuk,181,3,0,65.50815459,-151.39073869999999,2290.0,0.0,0.0,3460.803059273422,1.6574585635359116,178,174,3,0,171,173,5327,7,0,0,7,1
2020-12-04,US,Arizona,Apache,5702,199,0,35.39465006,-109.4892383,4001.0,0.0,0.0,7931.893110019892,3.4900035075412137,5503,5630,198,0,5432,5548,71818,72,1,0,71,82
2020-12-04,US,Arizona,Cochise,4106,88,0,31.87934684,-109.7516088,4003.0,0.0,0.0,3260.748717460015,2.143205065757428,4018,3954,86,0,3868,3863,126770,152,2,0,150,91
2020-12-04,US,Arizona,Coconino,7897,179,0,35.83883429,-111.77071780000001,4005.0,0.0,0.0,5504.056427555826,2.2666835507154617,7718,7744,177,0,7567,7644,142854,153,2,0,151,100
2020-12-04,US,Arizona,Gila,3226,97,0,33.80190085,-110.8132779,4007.0,0.0,0.0,5972.0833796142015,3.0068195908245507,3129,3167,97,0,3070,3117,53889,59,0,0,59,50
2020-12-04,US,Arizona,Graham,2314,37,0,32.93166885,-109.8882178,4009.0,0.0,0.0,5958.2357030666635,1.5989628349178908,2277,2281,35,0,2246,2256,38072,33,2,0,31,25
2020-12-04,US,Arizona,Greenlee,277,3,0,33.21498827,-109.2405279,4011.0,0.0,0.0,2916.4034533586023,1.083032490974729,274,265,3,0,262,248,9483,12,0,0,12,17
2020-12-04,US,Arizona,La Paz,958,20,0,33.72854224,-113.98100290000001,4012.0,0.0,0.0,4538.563577790411,2.0876826722338206,938,921,20,0,901,902,21098,37,0,0,37,19
2020-12-04,US,Arizona,Maricopa,222218,4119,0,33.34835867,-112.49181540000001,4013.0,0.0,0.0,4954.236108417194,1.8535852181191443,218099,218935,4080,0,214855,215386,4410824,3283,39,0,3244,3549
2020-12-04,US,Arizona,Mohave,6940,266,0,35.70471703,-113.7577902,4015.0,0.0,0.0,3270.7923895164977,3.8328530259366,6674,6792,266,0,6526,6608,209550,148,0,0,148,184
2020-12-04,US,Arizona,Navajo,8519,276,0,35.3997715,-110.3218983,4017.0,0.0,0.0,7680.0331758681605,3.239816879915483,8243,8423,273,0,8150,8323,110445,96,3,0,93,100
2020-12-04,US,Arizona,Pima,42698,722,0,32.0971334,-111.7890033,4019.0,0.0,0.0,4077.0415524420905,1.6909457117429387,41976,41882,717,0,41165,41313,1039073,816,5,0,811,569
2020-12-04,US,Arizona,Pinal,18046,269,0,32.90525627,-111.3449483,4021.0,0.0,0.0,3899.4012390095695,1.4906350437770144,17777,17702,268,0,17434,17372,447138,344,1,0,343,330
2020-12-04,US,Arizona,Santa Cruz,4226,75,0,31.52508998,-110.8479088,4023.0,0.0,0.0,9088.56294894404,1.7747278750591575,4151,4118,73,0,4045,4067,46511,108,2,0,106,51
2020-12-04,US,Arizona,Yavapai,6212,128,0,34.59933926,-112.5538588,4025.0,0.0,0.0,2642.2911199111863,2.0605280103026398,6084,5971,127,0,5844,5814,231993,241,1,0,240,157
2020-12-04,US,Arizona,Yuma,18762,407,0,32.76895712,-113.90666740000002,4027.0,0.0,0.0,8776.024734899689,2.1692783285364032,18355,18636,401,0,18235,18518,212128,126,6,0,120,118
2020-12-04,US,Arkansas,Arkansas,1023,23,0,34.29145151,-91.37277296,5001.0,0.0,0.0,5850.394601395402,2.2482893450635384,1000,998,23,0,975,987,17769,25,0,0,25,11
2020-12-04,US,Arkansas,Ashley,933,15,0,33.19153461,-91.76984709999999,5003.0,0.0,0.0,4746.400773261434,1.6077170418006432,918,916,15,0,901,886,20046,17,0,0,17,30
2020-12-04,US,Arkansas,Baxter,1510,30,0,36.28784385,-92.33782872,5005.0,0.0,0.0,3601.068396451397,1.9867549668874167,1480,1472,30,0,1442,1446,41619,38,0,0,38,26
2020-12-04,US,Arkansas,Benton,13008,169,0,36.33644656,-94.25680817,5007.0,0.0,0.0,4660.010532311628,1.29920049200492,12839,12760,164,0,12596,12496,272608,248,5,0,243,264
2020-12-04,US,Arkansas,Boone,1941,44,0,36.3084504,-93.09374925,5009.0,0.0,0.0,5185.402863859799,2.2668727460072127,1897,1905,44,0,1861,1862,37480,36,0,0,36,43
2020-12-04,US,Arkansas,Bradley,571,7,0,33.46755808,-92.15980837,5011.0,0.0,0.0,5305.212301402955,1.2259194395796849,564,547,7,0,540,527,10897,24,0,0,24,20
2020-12-04,US,Arkansas,Calhoun,158,1,0,33.55598792,-92.49974403,5013.0,0.0,0.0,3044.902678743496,0.6329113924050633,157,155,1,0,154,155,5277,3,0,0,3,0
2020-12-04,US,Arkansas,Carroll,1558,23,0,36.34038560000001,-93.54270261,5015.0,0.0,0.0,5489.781536293164,1.4762516046213094,1535,1540,23,0,1517,1503,28223,18,0,0,18,37
2020-12-04,US,Arkansas,Chicot,1239,28,0,33.26458973,-91.29539209,5017.0,0.0,0.0,12245.503063846609,2.2598870056497176,1211,1222,28,0,1194,1205,10438,17,0,0,17,17
2020-12-04,US,Arkansas,Clark,902,12,0,34.04613432,-93.17484713,5019.0,0.0,0.0,4041.218637992832,1.3303769401330376,890,861,12,0,849,851,22061,41,0,0,41,10
2020-12-04,US,Arkansas,Clay,1000,22,0,36.36826212,-90.4148172,5021.0,0.0,0.0,6872.379905161159,2.2,978,966,22,0,944,943,14847,34,0,0,34,23
2020-12-04,US,Arkansas,Cleburne,794,25,0,35.53864922,-92.02640019,5023.0,0.0,0.0,3186.323688751555,3.1486146095717884,769,788,24,0,764,770,24965,6,1,0,5,18
2020-12-04,US,Arkansas,Cleveland,407,15,0,33.89723187,-92.18537045,5025.0,0.0,0.0,5115.635997988939,3.6855036855036856,392,400,15,0,385,388,8018,7,0,0,7,12
2020-12-04,US,Arkansas,Columbia,1174,26,0,33.21230701,-93.22642793,5027.0,0.0,0.0,5004.902587713689,2.2146507666098807,1148,1159,25,0,1134,1141,23537,15,1,0,14,18
2020-12-04,US,Arkansas,Conway,755,8,0,35.26205537,-92.70506566,5029.0,0.0,0.0,3621.797946848316,1.0596026490066226,747,725,8,0,717,711,20891,30,0,0,30,14
2020-12-04,US,Arkansas,Craighead,7613,83,0,35.83018283,-90.63235729,5031.0,0.0,0.0,6900.08338469347,1.090240378300276,7530,7470,82,0,7388,7363,108558,143,1,0,142,107
2020-12-04,US,Arkansas,Crawford,3267,40,0,35.58928601,-94.2446814,5033.0,0.0,0.0,5164.645809949887,1.2243648607284972,3227,3237,39,0,3198,3163,63406,30,1,0,29,74
2020-12-04,US,Arkansas,Crittenden,3462,57,0,35.21247318,-90.30839406,5035.0,0.0,0.0,7219.268063809822,1.6464471403812826,3405,3404,57,0,3347,3352,48342,58,0,0,58,52
2020-12-04,US,Arkansas,Cross,927,27,0,35.29631396,-90.77185818,5037.0,0.0,0.0,5645.898044947926,2.9126213592233015,900,902,27,0,875,887,16676,25,0,0,25,15
2020-12-04,US,Arkansas,Dallas,333,6,0,33.97042763,-92.65167437,5039.0,0.0,0.0,4751.034384362962,1.8018018018018016,327,324,6,0,318,317,7182,9,0,0,9,7
2020-12-04,US,Arkansas,Desha,629,8,0,33.83011025,-91.25500948,5041.0,0.0,0.0,5536.4844643957385,1.2718600953895072,621,610,8,0,602,585,11512,19,0,0,19,25
2020-12-04,US,Arkansas,Drew,913,8,0,33.59035001,-91.71777921,5043.0,0.0,0.0,5011.251989681103,0.8762322015334063,905,875,8,0,867,798,18328,38,0,0,38,77
2020-12-04,US,Arkansas,Faulkner,5208,59,0,35.14719007,-92.33717519,5045.0,0.0,0.0,4133.103716460198,1.1328725038402458,5149,5107,59,0,5048,4998,124806,101,0,0,101,109
2020-12-04,US,Arkansas,Franklin,857,14,0,35.51202821,-93.89299569,5047.0,0.0,0.0,4837.708156929156,1.633605600933489,843,832,14,0,818,812,17810,25,0,0,25,20
2020-12-04,US,Arkansas,Fulton,575,13,0,36.38177105,-91.81729127,5049.0,0.0,0.0,4608.479602468542,2.260869565217391,562,568,12,0,556,563,12269,7,1,0,6,5
2020-12-04,US,Arkansas,Garland,4078,106,0,34.57692074,-93.14921604,5051.0,0.0,0.0,4103.193608757772,2.5993133889161357,3972,4005,105,0,3900,3949,99154,73,1,0,72,56
2020-12-04,US,Arkansas,Grant,665,6,0,34.29017991,-92.42320562,5053.0,0.0,0.0,3640.843142622502,0.9022556390977444,659,649,6,0,643,641,18188,16,0,0,16,8
2020-12-04,US,Arkansas,Greene,3258,29,0,36.11735460000001,-90.55832668,5055.0,0.0,0.0,7188.086045228903,0.8901166359729895,3229,3188,29,0,3159,3096,45325,70,0,0,70,92
2020-12-04,US,Arkansas,Hempstead,914,8,0,33.73325583,-93.66935133,5057.0,0.0,0.0,4244.844882036039,0.8752735229759301,906,899,8,0,891,890,21741,15,0,0,15,9
2020-12-04,US,Arkansas,Hot Spring,3004,42,0,34.31709259,-92.95396325,5059.0,0.0,0.0,8895.20594592994,1.3981358189081226,2962,2985,42,0,2943,2971,33701,19,0,0,19,14
2020-12-04,US,Arkansas,Howard,856,15,0,34.09007427,-93.9934871,5061.0,0.0,0.0,6483.866080896833,1.7523364485981308,841,844,15,0,829,841,13341,12,0,0,12,3
2020-12-04,US,Arkansas,Independence,2196,71,0,35.74242707,-91.57001641,5063.0,0.0,0.0,5805.6840713813635,3.2331511839708567,2125,2180,71,0,2109,2147,37678,16,0,0,16,33
2020-12-04,US,Arkansas,Izard,1024,6,0,36.09604046,-91.90847954,5065.0,0.0,0.0,7513.390564238022,0.5859375,1018,1017,6,0,1011,1013,13593,7,0,0,7,4
2020-12-04,US,Arkansas,Jackson,1971,10,0,35.59802983,-91.21494602,5067.0,0.0,0.0,11788.98259465279,0.5073566717402334,1961,1949,10,0,1939,1868,16811,22,0,0,22,81
2020-12-04,US,Arkansas,Jefferson,5372,112,0,34.26767081,-91.92619839,5069.0,0.0,0.0,8039.02789416976,2.084884586746091,5260,5338,111,0,5227,5263,68114,34,1,0,33,75
2020-12-04,US,Arkansas,Johnson,1326,13,0,35.56759135,-93.46036368,5071.0,0.0,0.0,4989.08871999398,0.9803921568627452,1313,1297,13,0,1284,1285,26742,29,0,0,29,12
2020-12-04,US,Arkansas,Lafayette,272,3,0,33.24116713,-93.60677071,5073.0,0.0,0.0,4106.280193236715,1.1029411764705883,269,271,3,0,268,271,6682,1,0,0,1,0
2020-12-04,US,Arkansas,Lawrence,1235,31,0,36.04188196,-91.10867198,5075.0,0.0,0.0,7527.733755942948,2.5101214574898787,1204,1210,31,0,1179,1207,16434,25,0,0,25,3
2020-12-04,US,Arkansas,Lee,1229,18,0,34.78498904,-90.78383866,5077.0,0.0,0.0,13876.030258552557,1.4646053702196908,1211,1215,18,0,1197,1209,8985,14,0,0,14,6
2020-12-04,US,Arkansas,Lincoln,2552,19,0,33.95317155,-91.74002806,5079.0,0.0,0.0,19594.5945945946,0.7445141065830722,2533,2540,19,0,2521,2519,13383,12,0,0,12,21
2020-12-04,US,Arkansas,Little River,666,37,0,33.70375665,-94.23468591,5081.0,0.0,0.0,5432.743290643609,5.5555555555555545,629,660,37,0,623,656,12326,6,0,0,6,4
2020-12-04,US,Arkansas,Logan,1040,6,0,35.21413234,-93.71951016,5083.0,0.0,0.0,4844.870958725426,0.5769230769230769,1034,1012,6,0,1006,983,21737,28,0,0,28,29
2020-12-04,US,Arkansas,Lonoke,2910,58,0,34.75392199,-91.88742357,5085.0,0.0,0.0,3969.49897011281,1.9931271477663235,2852,2852,56,0,2796,2800,73657,58,2,0,56,52
2020-12-04,US,Arkansas,Madison,730,8,0,36.01038185,-93.72524943,5087.0,0.0,0.0,4403.95752895753,1.095890410958904,722,690,8,0,682,665,16481,40,0,0,40,25
2020-12-04,US,Arkansas,Marion,478,6,0,36.26844485,-92.68451899,5089.0,0.0,0.0,2863.304181142925,1.2552301255230125,472,473,6,0,467,464,16722,5,0,0,5,9
2020-12-04,US,Arkansas,Miller,2230,22,0,33.31403423,-93.89285258,5091.0,0.0,0.0,5155.23499086853,0.9865470852017936,2208,2209,22,0,2187,2190,43592,21,0,0,21,19
2020-12-04,US,Arkansas,Mississippi,3437,82,0,35.76271485,-90.05194370000002,5093.0,0.0,0.0,8454.896558510245,2.38580157113762,3355,3358,82,0,3276,3316,41239,79,0,0,79,42
2020-12-04,US,Arkansas,Monroe,327,4,0,34.6815935,-91.20540287,5095.0,0.0,0.0,4879.868676316968,1.2232415902140672,323,325,4,0,321,315,6900,2,0,0,2,10
2020-12-04,US,Arkansas,Montgomery,334,10,0,34.53704874,-93.65824478,5097.0,0.0,0.0,3716.892944580458,2.9940119760479043,324,324,10,0,314,321,8924,10,0,0,10,3
2020-12-04,US,Arkansas,Nevada,485,14,0,33.66340119,-93.30632432,5099.0,0.0,0.0,5877.363063499758,2.88659793814433,471,479,14,0,465,471,8326,6,0,0,6,8
2020-12-04,US,Arkansas,Newton,467,23,0,35.91947491,-93.21612969,5101.0,0.0,0.0,6023.474783954598,4.925053533190578,444,462,23,0,439,454,7805,5,0,0,5,8
2020-12-04,US,Arkansas,Ouachita,880,14,0,33.58839816,-92.87795984,5103.0,0.0,0.0,3763.578821315542,1.5909090909090908,866,836,14,0,822,815,23606,44,0,0,44,21
2020-12-04,US,Arkansas,Perry,281,4,0,34.945915299999996,-92.94372564,5105.0,0.0,0.0,2687.709230033477,1.4234875444839858,277,271,4,0,267,265,10352,10,0,0,10,6
2020-12-04,US,Arkansas,Phillips,995,17,0,34.43268455,-90.84800154,5107.0,0.0,0.0,5595.546057811271,1.7085427135678393,978,980,17,0,963,968,18029,15,0,0,15,12
2020-12-04,US,Arkansas,Pike,427,3,0,34.16250414,-93.65789349,5109.0,0.0,0.0,3983.952229893637,0.7025761124121779,424,403,3,0,400,397,10673,24,0,0,24,6
2020-12-04,US,Arkansas,Poinsett,1754,44,0,35.57433534,-90.66268713,5111.0,0.0,0.0,7454.947296837809,2.508551881413911,1710,1724,44,0,1680,1706,23974,30,0,0,30,18
2020-12-04,US,Arkansas,Polk,901,13,0,34.48254879,-94.22728802,5113.0,0.0,0.0,4513.1236225205375,1.4428412874583796,888,868,12,0,856,849,20049,33,1,0,32,19
2020-12-04,US,Arkansas,Pope,3931,45,0,35.44871474,-93.03212219,5115.0,0.0,0.0,6135.285304032963,1.1447468837445942,3886,3868,43,0,3825,3779,64000,63,2,0,61,89
2020-12-04,US,Arkansas,Prairie,376,8,0,34.83624419,-91.55162157,5117.0,0.0,0.0,4663.855122798314,2.127659574468085,368,373,8,0,365,366,8074,3,0,0,3,7
2020-12-04,US,Arkansas,Pulaski,17792,292,0,34.77054088,-92.31355101,5119.0,0.0,0.0,4539.806231516849,1.641187050359712,17500,17578,284,0,17294,17354,392680,214,8,0,206,224
2020-12-04,US,Arkansas,Randolph,1069,31,0,36.3415714,-91.02455531,5121.0,0.0,0.0,5952.77870586925,2.899906454630496,1038,1050,31,0,1019,1032,17948,19,0,0,19,18
2020-12-04,US,Arkansas,Saline,5330,60,0,34.64916145,-92.67583224,5125.0,0.0,0.0,4353.259227194394,1.125703564727955,5270,5200,59,0,5141,5117,121421,130,1,0,129,83
2020-12-04,US,Arkansas,Scott,411,3,0,34.85588887,-94.0632176,5127.0,0.0,0.0,3997.665596731836,0.7299270072992701,408,407,3,0,404,396,10319,4,0,0,4,11
2020-12-04,US,Arkansas,Searcy,341,1,0,35.9109364,-92.69936482,5129.0,0.0,0.0,4326.862073340946,0.2932551319648094,340,334,1,0,333,309,7958,7,0,0,7,25
2020-12-04,US,Arkansas,Sebastian,7361,121,0,35.19605503,-94.27162713,5131.0,0.0,0.0,5758.564309574659,1.6437983969569352,7240,7300,119,0,7181,7189,127753,61,2,0,59,111
2020-12-04,US,Arkansas,Sevier,1782,18,0,33.99780401,-94.2424869,5133.0,0.0,0.0,10478.038454753925,1.0101010101010102,1764,1761,18,0,1743,1751,17139,21,0,0,21,10
2020-12-04,US,Arkansas,Sharp,776,20,0,36.16258158,-91.47819342,5135.0,0.0,0.0,4449.0310744180715,2.5773195876288657,756,765,18,0,747,739,17366,11,2,0,9,26
2020-12-04,US,Arkansas,St. Francis,2150,15,0,35.02201976,-90.74828138,5123.0,0.0,0.0,8602.064495478915,0.6976744186046512,2135,2090,15,0,2075,2082,25439,60,0,0,60,8
2020-12-04,US,Arkansas,Stone,528,25,0,35.86251946,-92.15684085,5137.0,0.0,0.0,4221.973452742684,4.7348484848484835,503,505,25,0,480,495,12457,23,0,0,23,10
2020-12-04,US,Arkansas,Unassigned,2575,0,0,0.0,0.0,90005.0,0.0,0.0,0.0,0.0,2575,2584,0,0,2584,2499,,0,0,0,-9,85
2020-12-04,US,Arkansas,Union,1654,59,0,33.16887091,-92.59746952,5139.0,0.0,0.0,4275.890595108836,3.567110036275696,1595,1627,59,0,1568,1606,39126,27,0,0,27,21
2020-12-04,US,Arkansas,Van Buren,443,5,0,35.58095779,-92.51295036,5141.0,0.0,0.0,2677.5460864309453,1.1286681715575622,438,422,4,0,418,407,16603,21,1,0,20,15
2020-12-04,US,Arkansas,Washington,16396,179,0,35.976844,-94.21800746,5143.0,0.0,0.0,6854.887598406268,1.0917296901683338,16217,16112,179,0,15933,15866,236961,284,0,0,284,246
2020-12-04,US,Arkansas,White,3199,52,0,35.25688493,-91.74908296,5145.0,0.0,0.0,4062.0674767945347,1.6255079712410128,3147,3171,52,0,3119,3133,78727,28,0,0,28,38
2020-12-04,US,Arkansas,Woodruff,216,1,0,35.18902527,-91.2439489,5147.0,0.0,0.0,3417.721518987342,0.462962962962963,215,211,1,0,210,206,6490,5,0,0,5,5
2020-12-04,US,Arkansas,Yell,1756,34,0,35.00292371,-93.41171338,5149.0,0.0,0.0,8228.2929572185,1.9362186788154896,1722,1696,34,0,1662,1681,21535,60,0,0,60,15
2020-12-04,US,California,Alameda,31204,522,0,37.64629437,-121.8929271,6001.0,0.0,0.0,1867.017206067746,1.6728624535315986,30682,30980,522,0,30458,30330,1666753,224,0,0,224,650
2020-12-04,US,California,Alpine,57,0,0,38.59678594,-119.82235940000001,6003.0,0.0,0.0,5048.715677590788,0.0,57,52,0,0,52,51,1101,5,0,0,5,1
2020-12-04,US,California,Amador,832,16,0,38.44583082,-120.65696000000001,6005.0,0.0,0.0,2092.976454014892,1.9230769230769231,816,740,16,0,724,666,39383,92,0,0,92,74
2020-12-04,US,California,Butte,4305,60,0,39.66727762,-121.6005252,6007.0,0.0,0.0,1964.0852974186307,1.3937282229965158,4245,4244,60,0,4184,4195,231256,61,0,0,61,49
2020-12-04,US,California,Calaveras,572,22,0,38.20537103,-120.55291299999999,6009.0,0.0,0.0,1246.0516283629233,3.8461538461538463,550,553,22,0,531,544,45602,19,0,0,19,9
2020-12-04,US,California,Colusa,774,6,0,39.17881957,-122.2331726,6011.0,0.0,0.0,3592.1473987097966,0.7751937984496124,768,756,6,0,750,747,21627,18,0,0,18,9
2020-12-04,US,California,Contra Costa,25588,262,0,37.91923498,-121.9289527,6013.0,0.0,0.0,2218.2421549232527,1.0239174613099888,25326,25264,261,0,25003,24914,1150215,324,1,0,323,350
2020-12-04,US,California,Del Norte,388,1,0,41.74228275,-123.89740630000001,6015.0,0.0,0.0,1395.0812598878185,0.25773195876288657,387,384,1,0,383,357,27828,4,0,0,4,27
2020-12-04,US,California,El Dorado,2740,5,0,38.77965956,-120.5233166,6017.0,0.0,0.0,1420.84493603605,0.18248175182481752,2735,2638,4,0,2634,2581,190678,102,1,0,101,57
2020-12-04,US,California,Fresno,39680,506,0,36.75733899,-119.6466953,6019.0,0.0,0.0,3971.5704418272026,1.2752016129032258,39174,39324,488,0,38836,39004,994400,356,18,0,338,320
2020-12-04,US,California,Glenn,1002,11,0,39.59875897,-122.3938452,6021.0,0.0,0.0,3529.0388476032826,1.0978043912175648,991,996,11,0,985,989,28047,6,0,0,6,7
2020-12-04,US,California,Humboldt,1014,9,0,40.69923009,-123.876044,6023.0,0.0,0.0,748.0192980126587,0.8875739644970414,1005,993,9,0,984,949,136373,21,0,0,21,44
2020-12-04,US,California,Imperial,16555,360,0,33.0393082,-115.36690420000001,6025.0,0.0,0.0,9135.557211047653,2.1745696164300816,16195,16507,358,0,16149,16429,181827,48,2,0,46,78
2020-12-04,US,California,Inyo,321,16,0,36.51112084,-117.41119779999998,6027.0,0.0,0.0,1779.4777981041073,4.984423676012462,305,314,16,0,298,308,17987,7,0,0,7,6
2020-12-04,US,California,Kern,43355,452,0,35.34329425,-118.72777959999999,6029.0,0.0,0.0,4816.141266071393,1.042555645254296,42903,42937,451,0,42486,42614,896764,418,1,0,417,323
2020-12-04,US,California,Kings,11682,89,0,36.07409056,-119.8159973,6031.0,0.0,0.0,7638.289525304041,0.7618558466016093,11593,11555,89,0,11466,11434,151366,127,0,0,127,121
2020-12-04,US,California,Lake,995,21,0,39.10124298,-122.75362439999999,6033.0,0.0,0.0,1545.3670052495886,2.1105527638190957,974,972,21,0,951,971,64382,23,0,0,23,1
2020-12-04,US,California,Lassen,2352,3,0,40.67311306,-120.59350990000002,6035.0,0.0,0.0,7693.062506132863,0.12755102040816327,2349,2220,3,0,2217,2182,30802,132,0,0,132,38
2020-12-04,US,California,Los Angeles,430583,7842,0,34.30828379,-118.22824109999999,6037.0,0.0,0.0,4289.0567856284415,1.821251651830193,422741,421881,7782,0,414099,414185,10105518,8702,60,0,8642,7696
2020-12-04,US,California,Madera,6537,90,0,37.21513971,-119.76655890000002,6039.0,0.0,0.0,4155.0401393276425,1.3767783386874712,6447,6482,90,0,6392,6427,157672,55,0,0,55,55
2020-12-04,US,California,Marin,7891,130,0,38.07122463,-122.72106310000001,6041.0,0.0,0.0,3048.7663526848155,1.6474464579901154,7761,7873,129,0,7744,7840,259666,18,1,0,17,33
2020-12-04,US,California,Mariposa,149,3,0,37.57978556,-119.9073334,6043.0,0.0,0.0,866.1280009300704,2.0134228187919465,146,148,3,0,145,144,17471,1,0,0,1,4
2020-12-04,US,California,Mendocino,1671,23,0,39.4381191,-123.39113130000001,6045.0,0.0,0.0,1926.246988437907,1.3764213046080191,1648,1657,23,0,1634,1632,87606,14,0,0,14,25
2020-12-04,US,California,Merced,12622,186,0,37.18922369,-120.72090349999999,6047.0,0.0,0.0,4545.520023048113,1.4736174932657264,12436,12427,185,0,12242,12281,274765,195,1,0,194,146
2020-12-04,US,California,Modoc,163,0,0,41.58965602,-120.7244817,6049.0,0.0,0.0,1843.6828413075445,0.0,163,162,0,0,162,156,8777,1,0,0,1,6
2020-12-04,US,California,Mono,577,3,0,37.93899289,-118.8872409,6051.0,0.0,0.0,3994.7382996399892,0.5199306759098787,574,577,3,0,574,550,14250,0,0,0,0,27
2020-12-04,US,California,Monterey,16218,128,0,36.21862405,-121.24133970000001,6053.0,0.0,0.0,3736.3412054987652,0.7892465162165495,16090,16064,124,0,15940,15835,435594,154,4,0,150,229
2020-12-04,US,California,Napa,3360,18,0,38.50735751,-122.33283899999999,6055.0,0.0,0.0,2439.3077012428853,0.5357142857142857,3342,3298,18,0,3280,3124,139417,62,0,0,62,174
2020-12-04,US,California,Nevada,1517,15,0,39.30394768,-120.76272809999999,6057.0,0.0,0.0,1520.7257781564829,0.988793671720501,1502,1455,10,0,1445,1414,99696,62,5,0,57,41
2020-12-04,US,California,Orange,82887,1603,0,33.70147516,-117.76459979999998,6059.0,0.0,0.0,2610.045306660721,1.9339582805506288,81284,81653,1586,0,80067,80551,3185968,1234,17,0,1217,1102
2020-12-04,US,California,Placer,7270,74,0,39.06167234,-120.72405690000001,6061.0,0.0,0.0,1825.1244574208758,1.0178817056396148,7196,6941,72,0,6869,6794,393149,329,2,0,327,147
2020-12-04,US,California,Plumas,254,0,0,40.00355989,-120.8395236,6063.0,0.0,0.0,1350.5609613441804,0.0,254,239,0,0,239,230,18804,15,0,0,15,9
2020-12-04,US,California,Riverside,92489,1472,0,33.74314981,-115.9933578,6065.0,0.0,0.0,3743.666379820493,1.5915406156407792,91017,90089,1457,0,88632,88530,2450758,2400,15,0,2385,1559
2020-12-04,US,California,Sacramento,40305,603,0,38.45106826,-121.34253740000001,6067.0,0.0,0.0,2596.874601335775,1.4960922962411611,39702,39367,591,0,38776,38999,1540975,938,12,0,926,368
2020-12-04,US,California,San Benito,2051,18,0,36.60308176,-121.069975,6069.0,0.0,0.0,3265.507578652401,0.8776206728425159,2033,2007,17,0,1990,1968,61537,44,1,0,43,39
2020-12-04,US,California,San Bernardino,100787,1154,0,34.84060306,-116.1774685,6071.0,0.0,0.0,4623.076623159189,1.144988937065296,99633,99104,1154,0,97950,96657,2171603,1683,0,0,1683,2447
2020-12-04,US,California,San Diego,88181,1047,0,33.03484597,-116.73653259999999,6073.0,0.0,0.0,2641.470435816711,1.1873306040983886,87134,86142,1040,0,85102,84638,3343364,2039,7,0,2032,1504
2020-12-04,US,California,San Francisco,16236,162,0,37.75215114,-122.43856720000001,6075.0,0.0,0.0,1841.7580871851706,0.9977827050997784,16074,16058,161,0,15897,15797,883305,178,1,0,177,261
2020-12-04,US,California,San Joaquin,27239,522,0,37.93433732,-121.2730061,6077.0,0.0,0.0,3573.9777576008864,1.9163699107896768,26717,26784,519,0,26265,26432,752660,455,3,0,452,352
2020-12-04,US,California,San Luis Obispo,6459,38,0,35.38822029,-120.4039028,6079.0,0.0,0.0,2281.437316105697,0.5883263663105744,6421,6378,38,0,6340,6345,284010,81,0,0,81,33
2020-12-04,US,California,San Mateo,15217,176,0,37.422880799999994,-122.32755459999998,6081.0,0.0,0.0,1985.0686105563327,1.1566011697443648,15041,15040,170,0,14870,14812,769545,177,6,0,171,228
2020-12-04,US,California,Santa Barbara,11845,138,0,34.65329488,-120.0188492,6083.0,0.0,0.0,2652.861484572194,1.1650485436893203,11707,11720,138,0,11582,11631,446527,125,0,0,125,89
2020-12-04,US,California,Santa Clara,37517,503,0,37.23104908,-121.6970462,6085.0,0.0,0.0,1946.051875351428,1.3407255377562173,37014,36673,495,0,36178,35945,1937570,844,8,0,836,728
2020-12-04,US,California,Santa Cruz,4850,37,0,37.05580291,-122.0066524,6087.0,0.0,0.0,1775.1717524422338,0.7628865979381443,4813,4766,33,0,4733,4638,274255,84,4,0,80,128
2020-12-04,US,California,Shasta,5490,53,0,40.76391419,-122.0396884,6089.0,0.0,0.0,3048.645046645935,0.965391621129326,5437,5365,52,0,5313,5187,180040,125,1,0,124,178
2020-12-04,US,California,Sierra,23,0,0,39.57713498,-120.52007009999998,6091.0,0.0,0.0,765.3910149750418,0.0,23,23,0,0,23,23,2987,0,0,0,0,0
2020-12-04,US,California,Siskiyou,752,4,0,41.59198861,-122.54074340000001,6093.0,0.0,0.0,1727.1871195939273,0.5319148936170213,748,752,4,0,748,737,43724,0,0,0,0,15
2020-12-04,US,California,Solano,11413,85,0,38.26827353,-121.9357113,6095.0,0.0,0.0,2549.576336500292,0.7447647419609218,11328,11119,81,0,11038,10957,446610,294,4,0,290,162
2020-12-04,US,California,Sonoma,12923,160,0,38.52746429,-122.88625060000001,6097.0,0.0,0.0,2614.2138140859656,1.2381026077536177,12763,12795,160,0,12635,12662,499942,128,0,0,128,133
2020-12-04,US,California,Stanislaus,23274,436,0,37.55862499,-120.9970722,6099.0,0.0,0.0,4226.56448625286,1.8733350519893444,22838,22876,433,0,22443,22624,549815,398,3,0,395,252
2020-12-04,US,California,Sutter,3810,19,0,39.03417539,-121.6945899,6101.0,0.0,0.0,3929.009703932104,0.4986876640419948,3791,3733,19,0,3714,3637,96807,77,0,0,77,96
2020-12-04,US,California,Tehama,1832,26,0,40.12570935,-122.23701709999999,6103.0,0.0,0.0,2814.823919857415,1.4192139737991267,1806,1800,26,0,1774,1773,63916,32,0,0,32,27
2020-12-04,US,California,Trinity,177,0,0,40.64917670000001,-123.114713,6105.0,0.0,0.0,1440.7814407814408,0.0,177,170,0,0,170,168,12535,7,0,0,7,2
2020-12-04,US,California,Tulare,22088,315,0,36.22026558,-118.8020203,6107.0,0.0,0.0,4737.93155224745,1.4261137269105395,21773,21789,314,0,21475,21645,465861,299,1,0,298,144
2020-12-04,US,California,Tuolumne,1155,11,0,38.02644018,-119.95250929999999,6109.0,0.0,0.0,2120.1218840632914,0.9523809523809524,1144,1128,11,0,1117,1104,54539,27,0,0,27,24
2020-12-04,US,California,Ventura,21555,187,0,34.44465746,-119.09106129999999,6111.0,0.0,0.0,2547.8542705370887,0.867548132683832,21368,21208,185,0,21023,20604,850967,347,2,0,345,604
2020-12-04,US,California,Yolo,5167,81,0,38.68278902,-121.90182879999999,6113.0,0.0,0.0,2343.310657596372,1.5676407973679118,5086,5068,81,0,4987,5020,220408,99,0,0,99,48
2020-12-04,US,California,Yuba,2357,11,0,39.26255932,-121.35356440000001,6115.0,0.0,0.0,2996.1356587176488,0.4666949512091642,2346,2310,11,0,2299,2221,78041,47,0,0,47,89
2020-12-04,US,Colorado,Adams,31535,368,0,39.87432092,-104.3362578,8001.0,0.0,0.0,6094.650197807972,1.1669573489773268,31167,31038,367,0,30671,30538,511868,497,1,0,496,500
2020-12-04,US,Colorado,Alamosa,673,14,0,37.57250606,-105.7885451,8003.0,0.0,0.0,4145.875685332348,2.0802377414561666,659,653,14,0,639,631,16683,20,0,0,20,22
2020-12-04,US,Colorado,Arapahoe,29191,455,0,39.64977461,-104.3353617,8005.0,0.0,0.0,4445.849007752174,1.5586995991915316,28736,28683,452,0,28231,28064,651215,508,3,0,505,619
2020-12-04,US,Colorado,Archuleta,295,0,0,37.19474156,-107.04768670000001,8007.0,0.0,0.0,2102.7870838976405,0.0,295,280,0,0,280,259,13765,15,0,0,15,21
2020-12-04,US,Colorado,Baca,126,0,0,37.31940883,-102.5603223,8009.0,0.0,0.0,3518.570231778833,0.0,126,123,0,0,123,108,3585,3,0,0,3,15
2020-12-04,US,Colorado,Bent,348,1,0,37.95474293,-103.0720195,8011.0,0.0,0.0,6239.913932221623,0.28735632183908044,347,242,1,0,241,203,5882,106,0,0,106,39
2020-12-04,US,Colorado,Boulder,11775,124,0,40.09313619,-105.3546767,8013.0,0.0,0.0,3609.7928852591695,1.0530785562632696,11651,11626,123,0,11503,11454,326078,149,1,0,148,172
2020-12-04,US,Colorado,Broomfield,2200,51,0,39.95998787,-105.0566324,8014.0,0.0,0.0,3122.1173632299724,2.3181818181818183,2149,2164,51,0,2113,2109,69267,36,0,0,36,55
2020-12-04,US,Colorado,Chaffee,713,21,0,38.74745778,-106.19265729999998,8015.0,0.0,0.0,3502.652780506976,2.945301542776998,692,700,21,0,679,668,20027,13,0,0,13,32
2020-12-04,US,Colorado,Cheyenne,71,1,0,38.82777431,-102.6032558,8017.0,0.0,0.0,3877.662479519389,1.4084507042253518,70,69,1,0,68,69,1876,2,0,0,2,0
2020-12-04,US,Colorado,Clear Creek,200,2,0,39.68864463,-105.6463118,8019.0,0.0,0.0,2061.855670103093,1.0,198,199,2,0,197,198,9605,1,0,0,1,1
2020-12-04,US,Colorado,Conejos,203,3,0,37.201606,-106.19174879999998,8021.0,0.0,0.0,2474.101157830591,1.477832512315271,200,197,3,0,194,181,8200,6,0,0,6,16
2020-12-04,US,Colorado,Costilla,90,2,0,37.27732493,-105.4276548,8023.0,0.0,0.0,2315.4103421661953,2.2222222222222223,88,90,2,0,88,84,3828,0,0,0,0,6
2020-12-04,US,Colorado,Crowley,1310,5,0,38.32608609,-103.7844965,8025.0,0.0,0.0,21613.595116317443,0.3816793893129771,1305,1299,5,0,1294,1242,5858,11,0,0,11,57
2020-12-04,US,Colorado,Custer,88,0,0,38.10883162,-105.3683478,8027.0,0.0,0.0,1736.3851617995263,0.0,88,85,0,0,85,78,4954,3,0,0,3,7
2020-12-04,US,Colorado,Delta,767,11,0,38.86246243,-107.86313419999999,8029.0,0.0,0.0,2461.331108401258,1.434159061277705,756,714,11,0,703,690,30953,53,0,0,53,24
2020-12-04,US,Colorado,Denver,38770,546,0,39.76018276,-104.87256950000001,8031.0,0.0,0.0,5331.327496421259,1.4083053907660563,38224,38219,546,0,37673,37510,716492,551,0,0,551,709
2020-12-04,US,Colorado,Dolores,29,0,0,37.75208676,-108.5211585,8033.0,0.0,0.0,1411.1922141119219,0.0,29,25,0,0,25,21,2074,4,0,0,4,4
2020-12-04,US,Colorado,Douglas,11714,122,0,39.33133796,-104.930001,8035.0,0.0,0.0,3335.8583413545052,1.0414888168004095,11592,11456,122,0,11334,11188,342776,258,0,0,258,268
2020-12-04,US,Colorado,Eagle,2498,12,0,39.62754308,-106.6933637,8037.0,0.0,0.0,4531.354871478586,0.4803843074459568,2486,2477,12,0,2465,2438,54993,21,0,0,21,39
2020-12-04,US,Colorado,El Paso,30174,324,0,38.83240149,-104.5251411,8041.0,0.0,0.0,4188.488942994407,1.0737721216941738,29850,29420,317,0,29103,28394,713856,754,7,0,747,1026
2020-12-04,US,Colorado,Elbert,676,5,0,39.28656773,-104.13587209999999,8039.0,0.0,0.0,2529.0882562011293,0.7396449704142012,671,650,5,0,645,633,26282,26,0,0,26,17
2020-12-04,US,Colorado,Fremont,3143,7,0,38.47362326,-105.43996670000001,8043.0,0.0,0.0,6569.953385313239,0.22271714922049002,3136,3076,7,0,3069,2998,48021,67,0,0,67,78
2020-12-04,US,Colorado,Garfield,2416,10,0,39.59921777,-107.902708,8045.0,0.0,0.0,4022.5770466692206,0.4139072847682119,2406,2361,10,0,2351,2321,59770,55,0,0,55,40
2020-12-04,US,Colorado,Gilpin,91,1,0,39.85646523,-105.5252597,8047.0,0.0,0.0,1457.6325484542688,1.0989010989010992,90,89,1,0,88,87,6121,2,0,0,2,2
2020-12-04,US,Colorado,Grand,452,3,0,40.10603347,-106.11780420000001,8049.0,0.0,0.0,2872.759628829287,0.6637168141592921,449,439,3,0,436,421,15525,13,0,0,13,18
2020-12-04,US,Colorado,Gunnison,493,7,0,38.66611652,-107.0320729,8051.0,0.0,0.0,2823.273393654793,1.4198782961460443,486,491,7,0,484,477,17246,2,0,0,2,14
2020-12-04,US,Colorado,Hinsdale,10,0,0,37.82247444,-107.3004345,8053.0,0.0,0.0,1219.5121951219512,0.0,10,9,0,0,9,9,811,1,0,0,1,0
2020-12-04,US,Colorado,Huerfano,196,7,0,37.68473101,-104.9612585,8055.0,0.0,0.0,2841.815282006669,3.571428571428572,189,184,7,0,177,182,6889,12,0,0,12,2
2020-12-04,US,Colorado,Jackson,22,0,0,40.66593870000001,-106.3408905,8057.0,0.0,0.0,1580.4597701149426,0.0,22,22,0,0,22,22,1399,0,0,0,0,0
2020-12-04,US,Colorado,Jefferson,22352,493,0,39.58635604,-105.2517692,8059.0,0.0,0.0,3834.744999408113,2.2056191839656405,21859,21922,490,0,21432,21476,580233,430,3,0,427,446
2020-12-04,US,Colorado,Kiowa,30,0,0,38.43260896,-102.7392145,8061.0,0.0,0.0,2133.7126600284496,0.0,30,26,0,0,26,26,1383,4,0,0,4,0
2020-12-04,US,Colorado,Kit Carson,329,8,0,39.30497777,-102.60221990000001,8063.0,0.0,0.0,4635.761589403974,2.4316109422492405,321,324,8,0,316,312,7163,5,0,0,5,12
2020-12-04,US,Colorado,La Plata,1561,5,0,37.28632032,-107.8429014,8067.0,0.0,0.0,2776.542573059889,0.3203074951953876,1556,1499,5,0,1494,1412,56310,62,0,0,62,87
2020-12-04,US,Colorado,Lake,314,0,0,39.20278823,-106.35556969999999,8065.0,0.0,0.0,3863.664328780608,0.0,314,304,0,0,304,291,7824,10,0,0,10,13
2020-12-04,US,Colorado,Larimer,11164,79,0,40.66671597,-105.4625784,8069.0,0.0,0.0,3128.0558365251795,0.7076316732353995,11085,10932,79,0,10853,10627,350518,232,0,0,232,305
2020-12-04,US,Colorado,Las Animas,288,1,0,37.3153406,-104.03764579999999,8071.0,0.0,0.0,1985.3853577829864,0.3472222222222222,287,280,1,0,279,274,14503,8,0,0,8,6
2020-12-04,US,Colorado,Lincoln,552,0,0,38.98749519,-103.51366490000001,8073.0,0.0,0.0,9682.511840028064,0.0,552,508,0,0,508,388,5610,44,0,0,44,120
2020-12-04,US,Colorado,Logan,2486,40,0,40.7249637,-103.110817,8075.0,0.0,0.0,11093.75697264492,1.6090104585679808,2446,2432,40,0,2392,2355,21528,54,0,0,54,77
2020-12-04,US,Colorado,Mesa,6471,73,0,39.01787888,-108.469799,8077.0,0.0,0.0,4196.225925685753,1.128110029361768,6398,6304,72,0,6232,6172,153207,167,1,0,166,132
2020-12-04,US,Colorado,Mineral,36,0,0,37.66954283,-106.92816979999999,8079.0,0.0,0.0,4681.404421326398,0.0,36,36,0,0,36,36,776,0,0,0,0,0
2020-12-04,US,Colorado,Moffat,345,12,0,40.61810999,-108.2070876,8081.0,0.0,0.0,2597.3048257170817,3.4782608695652173,333,331,11,0,320,324,13188,14,1,0,13,7
2020-12-04,US,Colorado,Montezuma,817,8,0,37.33859579,-108.59588570000001,8083.0,0.0,0.0,3120.345262193026,0.9791921664626684,809,791,8,0,783,741,26158,26,0,0,26,50
2020-12-04,US,Colorado,Montrose,1285,15,0,38.40214114,-108.26390220000002,8085.0,0.0,0.0,3005.2855605968475,1.1673151750972763,1270,1225,15,0,1210,1159,42214,60,0,0,60,66
2020-12-04,US,Colorado,Morgan,1737,58,0,40.26279810000001,-103.8093302,8087.0,0.0,0.0,5975.643319113802,3.3390903857225096,1679,1720,58,0,1662,1691,28558,17,0,0,17,29
2020-12-04,US,Colorado,Otero,878,12,0,37.9014485,-103.7173385,8089.0,0.0,0.0,4803.5890141153295,1.366742596810934,866,830,12,0,818,769,18432,48,0,0,48,61
2020-12-04,US,Colorado,Ouray,124,2,0,38.14717457,-107.7675136,8091.0,0.0,0.0,2504.0387722132473,1.6129032258064515,122,119,2,0,117,118,4833,5,0,0,5,1
2020-12-04,US,Colorado,Park,266,4,0,39.120926000000004,-105.7182065,8093.0,0.0,0.0,1411.5149907137177,1.5037593984962403,262,258,4,0,254,240,18556,8,0,0,8,18
2020-12-04,US,Colorado,Phillips,200,3,0,40.59414277,-102.3577703,8095.0,0.0,0.0,4689.331770222743,1.5,197,199,3,0,196,190,4286,1,0,0,1,9
2020-12-04,US,Colorado,Pitkin,569,2,0,39.21720112,-106.9310027,8097.0,0.0,0.0,3202.5665559745594,0.351493848857645,567,556,2,0,554,530,17950,13,0,0,13,26
2020-12-04,US,Colorado,Prowers,715,14,0,37.95544985,-102.3926052,8099.0,0.0,0.0,5874.137364442983,1.958041958041958,701,695,14,0,681,672,12164,20,0,0,20,23
2020-12-04,US,Colorado,Pueblo,9540,150,0,38.17359144,-104.5127437,8101.0,0.0,0.0,5664.275875172185,1.572327044025157,9390,9335,149,0,9186,9048,167529,205,1,0,204,287
2020-12-04,US,Colorado,Rio Blanco,168,2,0,39.97913541,-108.2179009,8103.0,0.0,0.0,2656.5464895635673,1.1904761904761905,166,168,2,0,166,149,6336,0,0,0,0,19
2020-12-04,US,Colorado,Rio Grande,255,5,0,37.5836865,-106.3847838,8105.0,0.0,0.0,2263.246649507411,1.96078431372549,250,251,5,0,246,244,11250,4,0,0,4,7
2020-12-04,US,Colorado,Routt,725,16,0,40.48596505,-106.9905548,8107.0,0.0,0.0,2827.8336843747556,2.2068965517241383,709,718,16,0,702,708,25733,7,0,0,7,10
2020-12-04,US,Colorado,Saguache,229,4,0,38.08054629,-106.28246599999999,8109.0,0.0,0.0,3355.803048065651,1.7467248908296944,225,228,4,0,224,224,6843,1,0,0,1,4
2020-12-04,US,Colorado,San Juan,19,0,0,37.76248981,-107.67632890000002,8111.0,0.0,0.0,2609.8901098901097,0.0,19,19,0,0,19,19,762,0,0,0,0,0
2020-12-04,US,Colorado,San Miguel,227,0,0,38.00450883,-108.4020725,8113.0,0.0,0.0,2775.4004156987407,0.0,227,222,0,0,222,216,8191,5,0,0,5,6
2020-12-04,US,Colorado,Sedgwick,114,2,0,40.87595412,-102.3519227,8115.0,0.0,0.0,5071.174377224199,1.7543859649122806,112,113,2,0,111,112,2303,1,0,0,1,1
2020-12-04,US,Colorado,Summit,1646,4,0,39.63803232,-106.1150762,8117.0,0.0,0.0,5307.794008577602,0.24301336573511545,1642,1621,4,0,1617,1582,31007,25,0,0,25,39
2020-12-04,US,Colorado,Teller,694,4,0,38.88133511,-105.16148929999999,8119.0,0.0,0.0,2733.574917283756,0.5763688760806917,690,680,4,0,676,654,25083,14,0,0,14,26
2020-12-04,US,Colorado,Unassigned,25,0,0,0.0,0.0,90008.0,0.0,0.0,0.0,0.0,25,25,0,0,25,25,,0,0,0,0,0
2020-12-04,US,Colorado,Washington,288,9,0,39.97015535,-103.202587,8121.0,0.0,0.0,5867.9706601467005,3.125,279,258,9,0,249,257,4909,30,0,0,30,1
2020-12-04,US,Colorado,Weld,15145,208,0,40.55499405,-104.39296209999999,8123.0,0.0,0.0,4667.295341641705,1.3733905579399142,14937,14850,208,0,14642,14509,314305,295,0,0,295,341
2020-12-04,US,Colorado,Yuma,359,3,0,40.00346839,-102.4258673,8125.0,0.0,0.0,3583.1919353228864,0.8356545961002786,356,350,3,0,347,345,10020,9,0,0,9,5
2020-12-04,US,Connecticut,Fairfield,41535,1545,0,41.26809896,-73.3881171,9001.0,0.0,0.0,4403.00975690425,3.7197544239797766,39990,41062,1534,0,39528,39773,943823,473,11,0,462,1289
2020-12-04,US,Connecticut,Hartford,30879,1630,0,41.80283011,-72.73103891,9003.0,0.0,0.0,3462.858296326201,5.278668350659023,29249,30549,1622,0,28927,29575,892697,330,8,0,322,974
2020-12-04,US,Connecticut,Litchfield,4931,174,0,41.7937534,-73.2451475,9005.0,0.0,0.0,2734.385830657728,3.5286960048671667,4757,4857,170,0,4687,4669,181111,74,4,0,70,188
2020-12-04,US,Connecticut,Middlesex,4007,210,0,41.45949668,-72.53714864,9007.0,0.0,0.0,2466.817700509739,5.240828550037435,3797,3973,209,0,3764,3799,162682,34,1,0,33,174
2020-12-04,US,Connecticut,New Haven,32843,1291,0,41.408032500000004,-72.93620426,9009.0,0.0,0.0,3842.37859415015,3.930822397466736,31552,32377,1283,0,31094,30819,857620,466,8,0,458,1558
2020-12-04,US,Connecticut,New London,6648,180,0,41.48896435,-72.10430976,9011.0,0.0,0.0,2506.730616954368,2.7075812274368234,6468,6557,179,0,6378,6250,266784,91,1,0,90,307
2020-12-04,US,Connecticut,Tolland,3225,81,0,41.85853803,-72.3308481,9013.0,0.0,0.0,2139.715102739499,2.511627906976744,3144,3199,80,0,3119,3126,150921,26,1,0,25,73
2020-12-04,US,Connecticut,Unassigned,810,1,0,0.0,0.0,90009.0,0.0,0.0,0.0,0.12345679012345677,809,801,1,0,800,733,,9,0,0,9,68
2020-12-04,US,Connecticut,Windham,2837,34,0,41.82972709,-71.98182316,9015.0,0.0,0.0,2429.3127365518662,1.198449065914699,2803,2802,33,0,2769,2682,117027,35,1,0,34,120
2020-12-04,US,Delaware,Kent,5651,133,0,39.08646628,-75.56884914,10001.0,0.0,0.0,3125.7951390041253,2.3535657405768893,5518,5405,132,0,5273,5283,178550,246,1,0,245,122
2020-12-04,US,Delaware,New Castle,21753,385,0,39.57992638,-75.64054974,10003.0,0.0,0.0,3893.1334596861225,1.769870822415299,21368,21211,383,0,20828,20700,559335,542,2,0,540,511
2020-12-04,US,Delaware,Sussex,10899,264,0,38.66143781,-75.39031349,10005.0,0.0,0.0,4653.2180595581185,2.42224057252959,10635,10746,264,0,10482,10620,229286,153,0,0,153,126
2020-12-04,US,Delaware,Unassigned,95,0,0,0.0,0.0,90010.0,0.0,0.0,0.0,0.0,95,94,0,0,94,95,,1,0,0,1,0
2020-12-04,US,District of Columbia,District of Columbia,22480,693,0,38.90417773,-77.01655992,11001.0,0.0,0.0,3185.268416958437,3.0827402135231314,21787,22164,692,0,21472,21842,702455,316,1,0,315,322
2020-12-04,US,Florida,Alachua,13190,103,0,29.67866525,-82.35928158,12001.0,0.0,0.0,4902.562043985534,0.7808946171341926,13087,13118,102,0,13016,13017,269956,72,1,0,71,101
2020-12-04,US,Florida,Baker,2091,33,0,30.33060121,-82.28467476,12003.0,0.0,0.0,7158.507360492982,1.5781922525107603,2058,2080,33,0,2047,2063,28355,11,0,0,11,17
2020-12-04,US,Florida,Bay,8969,163,0,30.26548745,-85.62122584,12005.0,0.0,0.0,5133.796972038579,1.8173709443639199,8806,8897,159,0,8738,8731,185287,72,4,0,68,166
2020-12-04,US,Florida,Bradford,1450,18,0,29.95079741,-82.16611613,12007.0,0.0,0.0,5141.661643204142,1.2413793103448276,1432,1437,18,0,1419,1427,27732,13,0,0,13,10
2020-12-04,US,Florida,Brevard,16376,452,0,28.29409504,-80.73091022,12009.0,0.0,0.0,2720.527891391529,2.7601367855398142,15924,16208,451,0,15757,15953,596849,168,1,0,167,255
2020-12-04,US,Florida,Broward,111629,1691,0,26.15184651,-80.48725556,12011.0,0.0,0.0,5716.420402114321,1.5148393338648558,109938,110517,1687,0,108830,109360,1951260,1112,4,0,1108,1157
2020-12-04,US,Florida,Calhoun,905,22,0,30.40666734,-85.19394153,12013.0,0.0,0.0,6416.164480680612,2.430939226519337,883,902,22,0,880,885,14587,3,0,0,3,17
2020-12-04,US,Florida,Charlotte,5354,197,0,26.90131002,-81.92949121,12015.0,0.0,0.0,2834.1538298660744,3.679491968621592,5157,5293,197,0,5096,5220,184998,61,0,0,61,73
2020-12-04,US,Florida,Citrus,5015,177,0,28.84804315,-82.47614748,12017.0,0.0,0.0,3350.995944058748,3.5294117647058822,4838,4945,176,0,4769,4899,147929,70,1,0,69,46
2020-12-04,US,Florida,Clay,8391,154,0,29.98319144,-81.85609986,12019.0,0.0,0.0,3827.103059493186,1.8352997258967945,8237,8306,154,0,8152,8195,216072,85,0,0,85,111
2020-12-04,US,Florida,Collier,18548,289,0,26.11091986,-81.34687065,12021.0,0.0,0.0,4818.8889639440695,1.5581194737977142,18259,18334,285,0,18049,18132,378488,214,4,0,210,202
2020-12-04,US,Florida,Columbia,4902,100,0,30.22509788,-82.62160164,12023.0,0.0,0.0,6838.155288340819,2.0399836801305593,4802,4866,97,0,4769,4843,70503,36,3,0,33,23
2020-12-04,US,Florida,DeSoto,2473,35,0,27.18677893,-81.80941373,12027.0,0.0,0.0,6507.723480961025,1.4152850788515972,2438,2450,34,0,2416,2432,37489,23,1,0,22,18
2020-12-04,US,Florida,Dixie,979,11,0,29.60631086,-83.15724673,12029.0,0.0,0.0,5818.3763223582555,1.1235955056179776,968,974,11,0,963,968,16700,5,0,0,5,6
2020-12-04,US,Florida,Duval,46112,635,0,30.33225875,-81.66976468,12031.0,0.0,0.0,4814.592458405334,1.3770818875780708,45477,45575,634,0,44941,44969,950181,537,1,0,536,606
2020-12-04,US,Florida,Escambia,17335,313,0,30.67652764,-87.37284571,12033.0,0.0,0.0,5445.846265974692,1.8055956158061728,17022,17177,310,0,16867,17007,315534,158,3,0,155,170
2020-12-04,US,Florida,Flagler,2838,43,0,29.45933576,-81.31508595,12035.0,0.0,0.0,2466.0891024582684,1.5151515151515151,2795,2812,43,0,2769,2786,112067,26,0,0,26,26
2020-12-04,US,Florida,Franklin,834,4,0,29.83791238,-84.82731662,12037.0,0.0,0.0,6878.350515463919,0.4796163069544365,830,833,4,0,829,832,11736,1,0,0,1,1
2020-12-04,US,Florida,Gadsden,3394,57,0,30.57796289,-84.61915825,12039.0,0.0,0.0,7433.201927288654,1.679434295816146,3337,3379,57,0,3322,3353,45894,15,0,0,15,26
2020-12-04,US,Florida,Gilchrist,807,20,0,29.72856978,-82.79880657,12041.0,0.0,0.0,4342.912495963836,2.4783147459727384,787,794,20,0,774,782,18256,13,0,0,13,12
2020-12-04,US,Florida,Glades,685,10,0,26.95635849,-81.18996211,12043.0,0.0,0.0,4959.814640503946,1.45985401459854,675,683,10,0,673,679,13724,2,0,0,2,4
2020-12-04,US,Florida,Gulf,1093,21,0,29.93543004,-85.24270990000002,12045.0,0.0,0.0,8013.784001759659,1.9213174748398905,1072,1088,20,0,1068,1079,16164,5,1,0,4,9
2020-12-04,US,Florida,Hamilton,1017,11,0,30.49673973,-82.94998918,12047.0,0.0,0.0,7048.794011644026,1.0816125860373649,1006,1006,11,0,995,999,14310,11,0,0,11,7
2020-12-04,US,Florida,Hardee,1799,18,0,27.49293939,-81.80956574,12049.0,0.0,0.0,6678.54623751717,1.0005558643690942,1781,1791,18,0,1773,1778,27245,8,0,0,8,13
2020-12-04,US,Florida,Hendry,2576,45,0,26.55386945,-81.16469006,12051.0,0.0,0.0,6130.122316881633,1.7468944099378882,2531,2561,45,0,2516,2540,41556,15,0,0,15,21
2020-12-04,US,Florida,Hernando,5249,228,0,28.55364461,-82.42700204,12053.0,0.0,0.0,2706.786303630363,4.343684511335494,5021,5170,224,0,4946,5110,190865,79,4,0,75,60
2020-12-04,US,Florida,Highlands,3949,160,0,27.34254618,-81.34071957,12055.0,0.0,0.0,3717.7206013876726,4.051658647758926,3789,3893,149,0,3744,3847,105424,56,11,0,45,46
2020-12-04,US,Florida,Hillsborough,60241,955,0,27.9276559,-82.32013172,12057.0,0.0,0.0,4092.5482075697296,1.5852990488205707,59286,59809,947,0,58862,59270,1436888,432,8,0,424,539
2020-12-04,US,Florida,Holmes,1233,15,0,30.86747479,-85.81319222,12059.0,0.0,0.0,6285.3647346689095,1.2165450121654502,1218,1214,15,0,1199,1199,19477,19,0,0,19,15
2020-12-04,US,Florida,Indian River,5167,139,0,27.69308961,-80.60556721,12061.0,0.0,0.0,3230.92988500716,2.6901490226437006,5028,5124,139,0,4985,5081,157413,43,0,0,43,43
2020-12-04,US,Florida,Jackson,3980,97,0,30.795459700000002,-85.21500423,12063.0,0.0,0.0,8574.998922738829,2.437185929648241,3883,3959,95,0,3864,3932,48305,21,2,0,19,27
2020-12-04,US,Florida,Jefferson,799,12,0,30.43669112,-83.89442308,12065.0,0.0,0.0,5608.5918854415295,1.5018773466833542,787,792,11,0,781,789,14288,7,1,0,6,3
2020-12-04,US,Florida,Lafayette,1354,21,0,29.98484137,-83.18166636,12067.0,0.0,0.0,16076.941344098788,1.55096011816839,1333,1345,20,0,1325,1332,8732,9,1,0,8,13
2020-12-04,US,Florida,Lake,10982,258,0,28.76202069,-81.7125123,12069.0,0.0,0.0,2991.4087568574682,2.349298852668002,10724,10899,258,0,10641,10809,356495,83,0,0,83,90
2020-12-04,US,Florida,Lee,31571,594,0,26.58410348,-81.88399313,12071.0,0.0,0.0,4097.059735756453,1.8814735041652149,30977,31243,596,0,30647,30856,754610,328,0,0,330,387
2020-12-04,US,Florida,Leon,15630,148,0,30.45955727,-84.27491114,12073.0,0.0,0.0,5323.895879175154,0.946896992962252,15482,15505,147,0,15358,15362,292502,125,1,0,124,143
2020-12-04,US,Florida,Levy,1460,14,0,29.31829741,-82.74007147,12075.0,0.0,0.0,3517.817989061032,0.9589041095890408,1446,1452,14,0,1438,1431,40770,8,0,0,8,21
2020-12-04,US,Florida,Liberty,622,14,0,30.23766008,-84.8829258,12077.0,0.0,0.0,7445.535073018914,2.2508038585209005,608,616,14,0,602,611,8457,6,0,0,6,5
2020-12-04,US,Florida,Madison,1308,27,0,30.44396917,-83.47398594,12079.0,0.0,0.0,7072.94652030498,2.0642201834862384,1281,1296,27,0,1269,1276,18529,12,0,0,12,20
2020-12-04,US,Florida,Manatee,17450,387,0,27.47196942,-82.31831044,12081.0,0.0,0.0,4327.308166337262,2.2177650429799427,17063,17324,383,0,16941,17164,394855,126,4,0,122,160
2020-12-04,US,Florida,Marion,13644,389,0,29.21227113,-82.05803627,12083.0,0.0,0.0,3732.161858312431,2.8510700674289065,13255,13462,384,0,13078,13280,359977,182,5,0,177,182
2020-12-04,US,Florida,Martin,6447,179,0,27.0772071,-80.43109784,12085.0,0.0,0.0,4004.347826086957,2.77648518690864,6268,6412,178,0,6234,6355,160912,35,1,0,34,57
2020-12-04,US,Florida,Miami-Dade,238813,3888,0,25.6112362,-80.55170587,12086.0,0.0,0.0,8789.778206364514,1.6280520742170652,234925,236308,3868,0,232440,234054,2761581,2505,20,0,2485,2254
2020-12-04,US,Florida,Monroe,3515,28,0,25.20904673,-81.07812416,12087.0,0.0,0.0,4735.409818397371,0.7965860597439545,3487,3480,28,0,3452,3426,75027,35,0,0,35,54
2020-12-04,US,Florida,Nassau,3376,57,0,30.61037141,-81.80297522,12089.0,0.0,0.0,3809.3088857545836,1.6883886255924172,3319,3342,57,0,3285,3291,85832,34,0,0,34,51
2020-12-04,US,Florida,Okaloosa,9605,160,0,30.69143028,-86.59267105,12091.0,0.0,0.0,4557.7921400032255,1.6657990629880268,9445,9431,160,0,9271,9231,207269,174,0,0,174,200
2020-12-04,US,Florida,Okeechobee,2084,44,0,27.386336199999995,-80.88944347,12093.0,0.0,0.0,4942.1362170366165,2.111324376199616,2040,2068,44,0,2024,2061,41537,16,0,0,16,7
2020-12-04,US,Florida,Orange,60392,651,0,28.51367621,-81.31799498,12095.0,0.0,0.0,4333.984952477732,1.077957345343754,59741,59791,652,0,59139,59218,1380645,601,0,0,602,573
2020-12-04,US,Florida,Osceola,19255,245,0,28.06312234,-81.14882926,12097.0,0.0,0.0,5124.404193202413,1.2723967800571279,19010,19066,245,0,18821,18817,367990,189,0,0,189,249
2020-12-04,US,Florida,Palm Beach,67736,1719,0,26.64676272,-80.46536002,12099.0,0.0,0.0,4525.478196382878,2.537793787646156,66017,67106,1709,0,65397,66427,1485941,630,10,0,620,679
2020-12-04,US,Florida,Pasco,15700,285,0,28.30810945,-82.40227529,12101.0,0.0,0.0,2834.206160517161,1.8152866242038217,15415,15480,285,0,15195,15248,539630,220,0,0,220,232
2020-12-04,US,Florida,Pinellas,34152,922,0,27.93130349,-82.72239666,12103.0,0.0,0.0,3502.7836011634918,2.6996954790349026,33230,33857,915,0,32942,33493,975280,295,7,0,288,364
2020-12-04,US,Florida,Polk,28640,697,0,27.95027105,-81.69732947,12105.0,0.0,0.0,3951.5602730219093,2.4336592178770955,27943,28399,691,0,27708,28101,708009,241,6,0,235,298
2020-12-04,US,Florida,Putnam,2885,60,0,29.60779729,-81.74230285,12107.0,0.0,0.0,3871.3919566296754,2.079722703639515,2825,2855,60,0,2795,2814,74163,30,0,0,30,41
2020-12-04,US,Florida,Santa Rosa,7884,104,0,30.69341450000001,-87.02458128,12113.0,0.0,0.0,4277.506198694612,1.3191273465246067,7780,7769,103,0,7666,7660,179349,115,1,0,114,109
2020-12-04,US,Florida,Sarasota,14384,399,0,27.18546175,-82.33174248,12115.0,0.0,0.0,3316.2571298144985,2.7739154616240267,13985,14257,391,0,13866,14093,426718,127,8,0,119,164
2020-12-04,US,Florida,Seminole,13427,282,0,28.7158582,-81.24060348,12117.0,0.0,0.0,2845.752459593155,2.1002457734415736,13145,13323,280,0,13043,13194,467832,104,2,0,102,129
2020-12-04,US,Florida,St. Johns,9339,99,0,29.90096506,-81.43589967,12109.0,0.0,0.0,3528.518317011244,1.060070671378092,9240,9217,99,0,9118,9085,254261,122,0,0,122,132
2020-12-04,US,Florida,St. Lucie,11145,372,0,27.37763908,-80.47106649,12111.0,0.0,0.0,3394.791910983043,3.3378196500672948,10773,11051,370,0,10681,10962,321128,94,2,0,92,89
2020-12-04,US,Florida,Sumter,3644,101,0,28.70181754,-82.0794267,12119.0,0.0,0.0,2751.8501736897747,2.7716794731064764,3543,3602,98,0,3504,3535,128754,42,3,0,39,67
2020-12-04,US,Florida,Suwannee,3366,87,0,30.19746066,-82.99099670000003,12121.0,0.0,0.0,7578.179525857216,2.584670231729055,3279,3337,87,0,3250,3315,44191,29,0,0,29,22
2020-12-04,US,Florida,Taylor,1675,21,0,30.04848048,-83.60445406,12123.0,0.0,0.0,7765.774954796237,1.2537313432835822,1654,1669,21,0,1648,1660,21623,6,0,0,6,9
2020-12-04,US,Florida,Unassigned,2905,0,0,0.0,0.0,90012.0,0.0,0.0,0.0,0.0,2905,2869,0,0,2869,2851,,36,0,0,36,18
2020-12-04,US,Florida,Union,1249,61,0,30.04412971,-82.37497443,12125.0,0.0,0.0,8197.151670276302,4.883907125700562,1188,1242,61,0,1181,1240,14940,7,0,0,7,2
2020-12-04,US,Florida,Volusia,17080,373,0,29.05858895,-81.18263252,12127.0,0.0,0.0,3087.022216438574,2.18384074941452,16707,16921,371,0,16550,16773,547538,159,2,0,157,148
2020-12-04,US,Florida,Wakulla,1691,15,0,30.16548905,-84.39895211,12129.0,0.0,0.0,5012.003912386259,0.8870490833826138,1676,1683,15,0,1668,1667,32461,8,0,0,8,16
2020-12-04,US,Florida,Walton,3848,38,0,30.64204028,-86.16935664,12131.0,0.0,0.0,5195.0155931471145,0.9875259875259876,3810,3801,38,0,3763,3759,71375,47,0,0,47,42
2020-12-04,US,Florida,Washington,1569,27,0,30.61359259,-85.66002461,12133.0,0.0,0.0,6159.462960782004,1.7208413001912046,1542,1565,27,0,1538,1552,24880,4,0,0,4,13
2020-12-04,US,Georgia,Appling,1360,41,0,31.74847232,-82.28909114,13001.0,0.0,0.0,7396.932448602197,3.0147058823529416,1319,1346,41,0,1305,1343,18507,14,0,0,14,3
2020-12-04,US,Georgia,Atkinson,613,9,0,31.29633502,-82.87545866,13003.0,0.0,0.0,7507.654623392529,1.4681892332789561,604,607,9,0,598,606,8297,6,0,0,6,1
2020-12-04,US,Georgia,Bacon,770,24,0,31.55456473,-82.45936528,13005.0,0.0,0.0,6897.169473307058,3.116883116883117,746,764,24,0,740,756,11185,6,0,0,6,8
2020-12-04,US,Georgia,Baker,128,6,0,31.32669878,-84.44218806,13007.0,0.0,0.0,4213.2982225148135,4.6875,122,127,6,0,121,127,3092,1,0,0,1,0
2020-12-04,US,Georgia,Baldwin,2729,72,0,33.06882326,-83.24701748,13009.0,0.0,0.0,6079.304967698819,2.6383290582631003,2657,2722,72,0,2650,2698,44823,7,0,0,7,24
2020-12-04,US,Georgia,Banks,848,13,0,34.35607081,-83.49644388,13011.0,0.0,0.0,4408.859311635645,1.5330188679245282,835,832,13,0,819,814,18988,16,0,0,16,18
2020-12-04,US,Georgia,Barrow,3673,58,0,33.99148694,-83.71436292,13013.0,0.0,0.0,4412.542047092744,1.5790906615845357,3615,3613,58,0,3555,3573,80809,60,0,0,60,40
2020-12-04,US,Georgia,Bartow,5489,109,0,34.23732119,-84.83887523,13015.0,0.0,0.0,5094.766934600605,1.9857897613408635,5380,5404,108,0,5296,5350,106408,85,1,0,84,54
2020-12-04,US,Georgia,Ben Hill,1077,40,0,31.76095874,-83.22145359,13017.0,0.0,0.0,6449.101796407185,3.7140204271123487,1037,1056,40,0,1016,1037,16787,21,0,0,21,19
2020-12-04,US,Georgia,Berrien,771,29,0,31.27590016,-83.22529920000002,13019.0,0.0,0.0,3974.841470330464,3.761348897535668,742,765,29,0,736,755,19252,6,0,0,6,10
2020-12-04,US,Georgia,Bibb,7917,242,0,32.80904227,-83.70489165,13021.0,0.0,0.0,5169.137954674554,3.0567134015409883,7675,7862,239,0,7623,7803,153095,55,3,0,52,59
2020-12-04,US,Georgia,Bleckley,729,33,0,32.43829035,-83.33035166,13023.0,0.0,0.0,5663.015614075973,4.526748971193416,696,719,33,0,686,717,12838,10,0,0,10,2
2020-12-04,US,Georgia,Brantley,825,19,0,31.19576557,-81.97743999,13025.0,0.0,0.0,4317.33738029201,2.303030303030303,806,818,20,0,798,806,18897,7,0,0,8,12
2020-12-04,US,Georgia,Brooks,742,30,0,30.83922642,-83.58303423,13027.0,0.0,0.0,4800.414051885877,4.043126684636119,712,732,30,0,702,711,15513,10,0,0,10,21
2020-12-04,US,Georgia,Bryan,1557,18,0,32.00979311,-81.44002948,13029.0,0.0,0.0,3929.1392232568705,1.1560693641618498,1539,1548,18,0,1530,1524,38109,9,0,0,9,24
2020-12-04,US,Georgia,Bulloch,3818,56,0,32.39577406,-81.74811421,13031.0,0.0,0.0,4796.000401969652,1.466736511262441,3762,3801,56,0,3745,3787,77296,17,0,0,17,14
2020-12-04,US,Georgia,Burke,1277,16,0,33.05917989,-81.99928721,13033.0,0.0,0.0,5705.222713666622,1.2529365700861397,1261,1265,15,0,1250,1258,22423,12,1,0,11,7
2020-12-04,US,Georgia,Butts,1142,46,0,33.283094500000004,-83.95435040000002,13035.0,0.0,0.0,4579.724093679821,4.028021015761821,1096,1129,46,0,1083,1112,24193,13,0,0,13,17
2020-12-04,US,Georgia,Calhoun,322,11,0,31.53169785,-84.62725131,13037.0,0.0,0.0,5202.779124252706,3.4161490683229814,311,309,11,0,298,304,6352,13,0,0,13,5
2020-12-04,US,Georgia,Camden,1919,20,0,30.92951916,-81.66601818,13039.0,0.0,0.0,3510.408663520286,1.0422094841063054,1899,1913,20,0,1893,1883,53677,6,0,0,6,30
2020-12-04,US,Georgia,Candler,618,35,0,32.40209349,-82.07702563,13043.0,0.0,0.0,5720.633157456262,5.663430420711974,583,617,35,0,582,616,10836,1,0,0,1,1
2020-12-04,US,Georgia,Carroll,5914,97,0,33.58138199,-85.07976677,13045.0,0.0,0.0,4928.661910794052,1.640175853905986,5817,5829,97,0,5732,5774,118121,85,0,0,85,55
2020-12-04,US,Georgia,Catoosa,2233,30,0,34.89872298,-85.13757014,13047.0,0.0,0.0,3304.2320213080793,1.343484102104792,2203,2206,30,0,2176,2177,67420,27,0,0,27,29
2020-12-04,US,Georgia,Charlton,824,18,0,30.78371028,-82.13951596,13049.0,0.0,0.0,6152.927120669056,2.184466019417476,806,821,18,0,803,809,12968,3,0,0,3,12
2020-12-04,US,Georgia,Chatham,11213,211,0,32.00043026,-81.12489526,13051.0,0.0,0.0,3874.1664651211,1.881744403816998,11002,11154,211,0,10943,11072,289195,59,0,0,59,82
2020-12-04,US,Georgia,Chattahoochee,2039,3,0,32.34341231,-84.78809239,13053.0,0.0,0.0,18694.41642981572,0.14713094654242276,2036,2040,3,0,2037,2029,10684,0,0,0,-1,11
2020-12-04,US,Georgia,Chattooga,1303,35,0,34.47197698,-85.34535662,13055.0,0.0,0.0,5256.363709709952,2.6861089792785875,1268,1296,33,0,1263,1280,24790,7,2,0,5,16
2020-12-04,US,Georgia,Cherokee,11379,118,0,34.24393976,-84.47431861,13057.0,0.0,0.0,4397.290289172363,1.0369979787327532,11261,11209,118,0,11091,11013,254149,170,0,0,170,196
2020-12-04,US,Georgia,Clarke,8276,56,0,33.95436462,-83.37124007,13059.0,0.0,0.0,6448.94842243885,0.6766553890768487,8220,8196,56,0,8140,8121,127330,80,0,0,80,75
2020-12-04,US,Georgia,Clay,150,3,0,31.62221166,-84.97713865,13061.0,0.0,0.0,5292.87226534933,2.0,147,150,3,0,147,150,2887,0,0,0,0,0
2020-12-04,US,Georgia,Clayton,10953,207,0,33.54187245,-84.35594188,13063.0,0.0,0.0,3747.741705901675,1.8898931799506984,10746,10778,206,0,10572,10683,289615,175,1,0,174,95
2020-12-04,US,Georgia,Clinch,541,13,0,30.91395822,-82.70432472,13065.0,0.0,0.0,8174.675128437594,2.4029574861367844,528,541,13,0,528,540,6648,0,0,0,0,1
2020-12-04,US,Georgia,Cobb,31690,520,0,33.94243204,-84.5761255,13067.0,0.0,0.0,4168.963389686914,1.640896181760808,31170,31222,517,0,30705,30827,756865,468,3,0,465,395
2020-12-04,US,Georgia,Coffee,3120,81,0,31.54892966,-82.85492059999999,13069.0,0.0,0.0,7210.038592193748,2.5961538461538463,3039,3060,81,0,2979,3041,43093,60,0,0,60,19
2020-12-04,US,Georgia,Colquitt,2663,48,0,31.18810588,-83.7677946,13071.0,0.0,0.0,5839.912280701757,1.80247840781074,2615,2647,48,0,2599,2617,45592,16,0,0,16,30
2020-12-04,US,Georgia,Columbia,6932,80,0,33.54534185,-82.263524,13073.0,0.0,0.0,4423.34443636178,1.154068090017311,6852,6791,78,0,6713,6671,154291,141,2,0,139,120
2020-12-04,US,Georgia,Cook,957,20,0,31.16068491,-83.42947229,13075.0,0.0,0.0,5541.401273885352,2.089864158829676,937,940,20,0,920,925,17162,17,0,0,17,15
2020-12-04,US,Georgia,Coweta,5749,74,0,33.35334302,-84.76129976,13077.0,0.0,0.0,3871.1458564800787,1.287180379196382,5675,5654,73,0,5581,5578,145864,95,1,0,94,76
2020-12-04,US,Georgia,Crawford,267,7,0,32.71391813,-83.98061238,13079.0,0.0,0.0,2152.531441470493,2.621722846441948,260,265,7,0,258,261,12318,2,0,0,2,4
2020-12-04,US,Georgia,Crisp,970,36,0,31.92289565,-83.76811843,13081.0,0.0,0.0,4335.776863937064,3.7113402061855667,934,957,36,0,921,949,22601,13,0,0,13,8
2020-12-04,US,Georgia,Dade,574,8,0,34.854916700000004,-85.50490424,13083.0,0.0,0.0,3561.677835691239,1.3937282229965158,566,556,8,0,548,527,16226,18,0,0,18,29
2020-12-04,US,Georgia,Dawson,1237,11,0,34.44244079,-84.16964071,13085.0,0.0,0.0,4738.011337521067,0.889248181083266,1226,1211,11,0,1200,1192,25083,26,0,0,26,19
2020-12-04,US,Georgia,DeKalb,28943,471,0,33.76944049,-84.22396017,13089.0,0.0,0.0,3811.8154029319226,1.627336488961061,28472,28509,469,0,28040,28195,756558,434,2,0,432,314
2020-12-04,US,Georgia,Decatur,1643,46,0,30.87967778,-84.57619536,13087.0,0.0,0.0,6222.542039084987,2.799756542909312,1597,1630,46,0,1584,1620,26575,13,0,0,13,10
2020-12-04,US,Georgia,Dodge,1087,53,0,32.17265114,-83.16948926,13091.0,0.0,0.0,5275.418587721427,4.8758049678012885,1034,1080,53,0,1027,1075,20705,7,0,0,7,5
2020-12-04,US,Georgia,Dooly,504,19,0,32.15630737,-83.79746561,13093.0,0.0,0.0,3764.002987303958,3.7698412698412698,485,499,19,0,480,493,13706,5,0,0,5,6
2020-12-04,US,Georgia,Dougherty,3880,205,0,31.53328528,-84.21722377,13095.0,0.0,0.0,4411.296557369594,5.283505154639175,3675,3849,205,0,3644,3819,91243,31,0,0,31,30
2020-12-04,US,Georgia,Douglas,6049,93,0,33.70291126,-84.77026156,13097.0,0.0,0.0,4133.439932214044,1.5374442056538271,5956,5967,92,0,5875,5875,145331,82,1,0,81,92
2020-12-04,US,Georgia,Early,706,38,0,31.32155345,-84.90255207,13099.0,0.0,0.0,6928.361138370952,5.382436260623231,668,704,37,0,667,702,10247,2,1,0,1,2
2020-12-04,US,Georgia,Echols,303,3,0,30.71101099,-82.89687287,13101.0,0.0,0.0,7563.654518222666,0.99009900990099,300,298,3,0,295,294,4000,5,0,0,5,4
2020-12-04,US,Georgia,Effingham,2253,33,0,32.36616021,-81.34280942,13103.0,0.0,0.0,3504.106009705114,1.4647137150466043,2220,2247,33,0,2214,2230,62190,6,0,0,6,17
2020-12-04,US,Georgia,Elbert,1259,28,0,34.11302332,-82.83936148,13105.0,0.0,0.0,6559.341460873188,2.223987291501192,1231,1247,27,0,1220,1226,19120,12,1,0,11,21
2020-12-04,US,Georgia,Emanuel,1456,48,0,32.59221302,-82.30239915,13107.0,0.0,0.0,6429.39150401837,3.2967032967032965,1408,1454,47,0,1407,1449,22612,2,1,0,1,5
2020-12-04,US,Georgia,Evans,560,13,0,32.15328841,-81.8870105,13109.0,0.0,0.0,5256.241787122208,2.321428571428572,547,559,13,0,546,556,10721,1,0,0,1,3
2020-12-04,US,Georgia,Fannin,1074,38,0,34.86430205,-84.316964,13111.0,0.0,0.0,4101.115014510463,3.538175046554935,1036,1058,38,0,1020,1045,25964,16,0,0,16,13
2020-12-04,US,Georgia,Fayette,3503,63,0,33.41357794,-84.49089434,13113.0,0.0,0.0,3061.500948252506,1.7984584641735657,3440,3464,63,0,3401,3400,113459,39,0,0,39,64
2020-12-04,US,Georgia,Floyd,5881,90,0,34.26268279,-85.21577392,13115.0,0.0,0.0,5970.679607707771,1.53035198095562,5791,5793,88,0,5705,5705,97927,88,2,0,86,88
2020-12-04,US,Georgia,Forsyth,7400,65,0,34.22604035,-84.12315129999998,13117.0,0.0,0.0,3029.6578943058807,0.8783783783783784,7335,7287,64,0,7223,7169,236612,113,1,0,112,118
2020-12-04,US,Georgia,Franklin,1315,23,0,34.37525597,-83.23159927,13119.0,0.0,0.0,5631.9328450897265,1.7490494296577948,1292,1290,23,0,1267,1280,23023,25,0,0,25,10
2020-12-04,US,Georgia,Fulton,42719,717,0,33.79216944,-84.46319413,13121.0,0.0,0.0,4015.181350023545,1.6784100751422084,42002,42130,714,0,41416,41629,1050114,589,3,0,586,501
2020-12-04,US,Georgia,Gilmer,1341,33,0,34.69316688,-84.45802506,13123.0,0.0,0.0,4274.921100449488,2.460850111856823,1308,1320,33,0,1287,1312,30816,21,0,0,21,8
2020-12-04,US,Georgia,Glascock,85,2,0,33.22879932,-82.61297636,13125.0,0.0,0.0,2860.98956580276,2.3529411764705883,83,85,2,0,83,84,2995,0,0,0,0,1
2020-12-04,US,Georgia,Glynn,4403,123,0,31.23279254,-81.53811412,13127.0,0.0,0.0,5162.266097641045,2.7935498523733817,4280,4387,121,0,4266,4366,85219,16,2,0,14,21
2020-12-04,US,Georgia,Gordon,3652,60,0,34.50487351,-84.87296253,13129.0,0.0,0.0,6300.571053948208,1.642935377875137,3592,3607,60,0,3547,3572,57685,45,0,0,45,35
2020-12-04,US,Georgia,Grady,1047,31,0,30.87454847,-84.23418364,13131.0,0.0,0.0,4250.395810498112,2.960840496657116,1016,1040,31,0,1009,1035,24748,7,0,0,7,5
2020-12-04,US,Georgia,Greene,773,28,0,33.5769205,-83.17139104,13133.0,0.0,0.0,4218.511242086881,3.622250970245796,745,757,28,0,729,744,17698,16,0,0,16,13
2020-12-04,US,Georgia,Gwinnett,42016,547,0,33.96044201,-84.02137802,13135.0,0.0,0.0,4487.6902536715625,1.301884996191927,41469,41349,541,0,40808,40884,927781,667,6,0,661,465
2020-12-04,US,Georgia,Habersham,2498,84,0,34.63331566,-83.53094677,13137.0,0.0,0.0,5510.942463819272,3.362690152121697,2414,2463,83,0,2380,2432,45388,35,1,0,34,31
2020-12-04,US,Georgia,Hall,13384,207,0,34.32207823,-83.81896936,13139.0,0.0,0.0,6546.632035648427,1.546622833233712,13177,13209,204,0,13005,13042,202148,175,3,0,172,167
2020-12-04,US,Georgia,Hancock,536,47,0,33.2721566,-82.99766919,13141.0,0.0,0.0,6337.944897717867,8.76865671641791,489,534,47,0,487,533,8348,2,0,0,2,1
2020-12-04,US,Georgia,Haralson,1397,27,0,33.79602175,-85.21005667,13143.0,0.0,0.0,4689.178302900107,1.932712956335004,1370,1382,27,0,1355,1370,29533,15,0,0,15,12
2020-12-04,US,Georgia,Harris,1082,28,0,32.73709786,-84.90538572,13145.0,0.0,0.0,3070.7231240776478,2.587800369685767,1054,1073,28,0,1045,1063,34475,9,0,0,9,10
2020-12-04,US,Georgia,Hart,933,29,0,34.34626973,-82.96567682,13147.0,0.0,0.0,3560.3892386949046,3.1082529474812435,904,902,29,0,873,877,26099,31,0,0,31,25
2020-12-04,US,Georgia,Heard,426,8,0,33.29686567,-85.12886832,13149.0,0.0,0.0,3572.9262769437223,1.8779342723004693,418,420,7,0,413,411,11879,6,1,0,5,9
2020-12-04,US,Georgia,Henry,9273,140,0,33.4533428,-84.14814659999998,13151.0,0.0,0.0,3953.342627290982,1.5097595168769546,9133,9145,140,0,9005,9017,230220,128,0,0,128,128
2020-12-04,US,Georgia,Houston,5121,109,0,32.45802497,-83.66879087,13153.0,0.0,0.0,3243.952034358906,2.128490529193517,5012,5081,108,0,4973,4989,155469,40,1,0,39,92
2020-12-04,US,Georgia,Irwin,461,14,0,31.60213036,-83.27501387,13155.0,0.0,0.0,4895.921835174172,3.0368763557483733,447,455,13,0,442,453,9398,6,1,0,5,2
2020-12-04,US,Georgia,Jackson,3661,60,0,34.13794553,-83.56814788,13157.0,0.0,0.0,5016.6490812173715,1.6388964763725755,3601,3584,58,0,3526,3532,70422,77,2,0,75,52
2020-12-04,US,Georgia,Jasper,533,7,0,33.31535543,-83.68844964,13159.0,0.0,0.0,3748.5055207820533,1.3133208255159474,526,520,7,0,513,511,14040,13,0,0,13,9
2020-12-04,US,Georgia,Jeff Davis,993,34,0,31.80405727,-82.63724870000001,13161.0,0.0,0.0,6569.632815084353,3.4239677744209467,959,982,33,0,949,977,15029,11,1,0,10,5
2020-12-04,US,Georgia,Jefferson,1032,40,0,33.05867328,-82.41609057,13163.0,0.0,0.0,6717.875276656685,3.875968992248062,992,1026,40,0,986,1014,15430,6,0,0,6,12
2020-12-04,US,Georgia,Jenkins,502,34,0,32.79248718,-81.96040187,13165.0,0.0,0.0,5786.076532964499,6.772908366533865,468,502,34,0,468,501,8683,0,0,0,0,1
2020-12-04,US,Georgia,Johnson,534,31,0,32.70211082,-82.66166794,13167.0,0.0,0.0,5537.695737840921,5.805243445692883,503,532,31,0,501,530,9708,2,0,0,2,2
2020-12-04,US,Georgia,Jones,832,21,0,33.02512137,-83.56019163,13169.0,0.0,0.0,2895.423699321385,2.5240384615384617,811,825,21,0,804,820,28616,7,0,0,7,5
2020-12-04,US,Georgia,Lamar,755,27,0,33.07841647,-84.14263877,13171.0,0.0,0.0,3957.645332075274,3.5761589403973506,728,742,26,0,716,734,19000,13,1,0,12,8
2020-12-04,US,Georgia,Lanier,415,10,0,31.03828570000001,-83.06472457,13173.0,0.0,0.0,3981.579199846493,2.409638554216868,405,413,10,0,403,407,10340,2,0,0,2,6
2020-12-04,US,Georgia,Laurens,2728,116,0,32.46325233,-82.92221316,13175.0,0.0,0.0,5737.60148067135,4.252199413489737,2612,2700,116,0,2584,2673,47325,28,0,0,28,27
2020-12-04,US,Georgia,Lee,1038,33,0,31.779330600000005,-84.14324253,13177.0,0.0,0.0,3460.9229127767408,3.1791907514450872,1005,1025,33,0,992,1010,29764,13,0,0,13,15
2020-12-04,US,Georgia,Liberty,1610,30,0,31.82588896,-81.49251135,13179.0,0.0,0.0,2620.6559778627816,1.8633540372670807,1580,1594,29,0,1565,1580,61497,16,1,0,15,14
2020-12-04,US,Georgia,Lincoln,336,11,0,33.79201475,-82.45024131,13181.0,0.0,0.0,4241.888650422928,3.273809523809524,325,330,10,0,320,328,7915,6,1,0,5,2
2020-12-04,US,Georgia,Long,348,5,0,31.75218791,-81.74952375,13183.0,0.0,0.0,1779.232067079094,1.4367816091954022,343,347,5,0,342,345,18998,1,0,0,1,2
2020-12-04,US,Georgia,Lowndes,6675,128,0,30.83568832,-83.27056716,13185.0,0.0,0.0,5685.3993833364575,1.9176029962546817,6547,6607,128,0,6479,6509,116321,68,0,0,68,98
2020-12-04,US,Georgia,Lumpkin,1358,20,0,34.57286511,-84.00425681,13187.0,0.0,0.0,4040.4641475751264,1.4727540500736378,1338,1342,20,0,1322,1320,32955,16,0,0,16,22
2020-12-04,US,Georgia,Macon,355,16,0,32.35207048,-84.04234127,13193.0,0.0,0.0,2741.9479416080944,4.507042253521127,339,349,16,0,333,343,13143,6,0,0,6,6
2020-12-04,US,Georgia,Madison,1253,19,0,34.12920917,-83.21218732,13195.0,0.0,0.0,4193.440428380188,1.5163607342378291,1234,1225,19,0,1206,1204,29650,28,0,0,28,21
2020-12-04,US,Georgia,Marion,254,10,0,32.3483402,-84.52733571,13197.0,0.0,0.0,3038.640985763848,3.9370078740157477,244,253,10,0,243,251,8351,1,0,0,1,2
2020-12-04,US,Georgia,McDuffie,973,22,0,33.47851918,-82.48252774,13189.0,0.0,0.0,4565.503003003003,2.261048304213772,951,960,22,0,938,953,21531,13,0,0,13,7
2020-12-04,US,Georgia,McIntosh,402,10,0,31.49683595,-81.40163426,13191.0,0.0,0.0,2795.9382389762136,2.487562189054726,392,396,9,0,387,391,14340,6,1,0,5,5
2020-12-04,US,Georgia,Meriwether,823,19,0,33.04163534,-84.68859732,13199.0,0.0,0.0,3888.127746019748,2.3086269744835968,804,819,19,0,800,811,21068,4,0,0,4,8
2020-12-04,US,Georgia,Miller,423,3,0,31.16568912,-84.73151117,13201.0,0.0,0.0,7397.691500524659,0.7092198581560284,420,422,3,0,419,418,5686,1,0,0,1,4
2020-12-04,US,Georgia,Mitchell,1023,50,0,31.22483255,-84.19381821,13205.0,0.0,0.0,4679.138270136761,4.887585532746823,973,1021,50,0,971,1013,22192,2,0,0,2,8
2020-12-04,US,Georgia,Monroe,1105,62,0,33.014289,-83.92097166,13207.0,0.0,0.0,4006.8170280658496,5.610859728506787,1043,1095,61,0,1034,1080,27520,10,1,0,9,15
2020-12-04,US,Georgia,Montgomery,437,10,0,32.17201038,-82.53527476,13209.0,0.0,0.0,4764.50065416485,2.2883295194508007,427,436,10,0,426,433,9193,1,0,0,1,3
2020-12-04,US,Georgia,Morgan,862,8,0,33.59232073,-83.49129491,13211.0,0.0,0.0,4471.882133222661,0.9280742459396752,854,853,8,0,845,844,18853,9,0,0,9,9
2020-12-04,US,Georgia,Murray,2022,24,0,34.78897608,-84.74993177,13213.0,0.0,0.0,5042.897047086991,1.1869436201780414,1998,1987,24,0,1963,1937,39921,35,0,0,35,50
2020-12-04,US,Georgia,Muscogee,7576,196,0,32.50931999,-84.87142262,13215.0,0.0,0.0,3869.8670371713597,2.587117212249208,7380,7512,194,0,7318,7465,194160,64,2,0,62,47
2020-12-04,US,Georgia,Newton,4116,110,0,33.55514538,-83.84547140000002,13217.0,0.0,0.0,3683.419243986255,2.672497570456754,4006,4023,110,0,3913,3976,109541,93,0,0,93,47
2020-12-04,US,Georgia,Oconee,1468,35,0,33.83749973,-83.43679568,13219.0,0.0,0.0,3644.488579940417,2.384196185286104,1433,1456,35,0,1421,1438,39272,12,0,0,12,18
2020-12-04,US,Georgia,Oglethorpe,590,14,0,33.878629600000004,-83.08278123,13221.0,0.0,0.0,3866.570548528737,2.3728813559322037,576,587,14,0,573,577,15054,3,0,0,3,10
2020-12-04,US,Georgia,Out of GA,19467,282,0,0.0,0.0,80013.0,0.0,0.0,0.0,1.4486053321004777,19185,19317,271,0,19046,19016,,150,11,0,139,301
2020-12-04,US,Georgia,Paulding,5582,86,0,33.91969522,-84.86848792,13223.0,0.0,0.0,3309.479625534337,1.5406664278036546,5496,5477,86,0,5391,5384,164044,105,0,0,105,93
2020-12-04,US,Georgia,Peach,1132,28,0,32.56934316,-83.82937,13225.0,0.0,0.0,4109.489581064401,2.4734982332155475,1104,1121,28,0,1093,1100,27297,11,0,0,11,21
2020-12-04,US,Georgia,Pickens,1217,18,0,34.46589159,-84.46406611,13227.0,0.0,0.0,3734.1597373508025,1.4790468364831553,1199,1183,18,0,1165,1164,31980,34,0,0,34,19
2020-12-04,US,Georgia,Pierce,1235,30,0,31.35928155,-82.21598442,13229.0,0.0,0.0,6344.721294631389,2.42914979757085,1205,1231,29,0,1202,1221,19389,4,1,0,3,10
2020-12-04,US,Georgia,Pike,853,17,0,33.09310242,-84.38790389,13231.0,0.0,0.0,4498.470625461449,1.9929660023446656,836,840,17,0,823,835,18634,13,0,0,13,5
2020-12-04,US,Georgia,Polk,2556,35,0,34.00267074,-85.18677781,13233.0,0.0,0.0,5998.169572665618,1.3693270735524257,2521,2543,35,0,2508,2521,42470,13,0,0,13,22
2020-12-04,US,Georgia,Pulaski,463,27,0,32.23334561,-83.47549959999998,13235.0,0.0,0.0,4157.313459639041,5.8315334773218135,436,462,27,0,435,458,11069,1,0,0,1,4
2020-12-04,US,Georgia,Putnam,1033,31,0,33.32056115,-83.37552891,13237.0,0.0,0.0,4670.19304670193,3.000968054211036,1002,1024,30,0,994,1011,21809,9,1,0,8,13
2020-12-04,US,Georgia,Quitman,85,1,0,31.86728114,-85.01773177,13239.0,0.0,0.0,3697.259678120922,1.1764705882352942,84,84,1,0,83,80,2279,1,0,0,1,4
2020-12-04,US,Georgia,Rabun,647,12,0,34.88389445,-83.40304637,13241.0,0.0,0.0,3775.4566143432335,1.854714064914992,635,627,12,0,615,617,16867,20,0,0,20,10
2020-12-04,US,Georgia,Randolph,370,30,0,31.76622818,-84.75732369,13243.0,0.0,0.0,5458.837415166716,8.108108108108109,340,370,30,0,340,370,6833,0,0,0,0,0
2020-12-04,US,Georgia,Richmond,10941,222,0,33.35777107,-82.07026432,13245.0,0.0,0.0,5402.48274227476,2.029064984919112,10719,10770,222,0,10548,10583,201554,171,0,0,171,187
2020-12-04,US,Georgia,Rockdale,2908,61,0,33.65145002,-84.02202167,13247.0,0.0,0.0,3199.26069353987,2.0976616231086656,2847,2863,59,0,2804,2832,90594,45,2,0,43,31
2020-12-04,US,Georgia,Schley,176,2,0,32.2654021,-84.31258912,13249.0,0.0,0.0,3347.9170629636674,1.1363636363636365,174,174,2,0,172,172,5236,2,0,0,2,2
2020-12-04,US,Georgia,Screven,504,15,0,32.74976524,-81.60779441,13251.0,0.0,0.0,3608.764141486468,2.9761904761904763,489,503,15,0,488,501,13938,1,0,0,1,2
2020-12-04,US,Georgia,Seminole,559,12,0,30.93464824,-84.86823924,13253.0,0.0,0.0,6909.765142150804,2.146690518783542,547,551,12,0,539,549,8315,8,0,0,8,2
2020-12-04,US,Georgia,Spalding,2534,84,0,33.26310031,-84.28013991,13255.0,0.0,0.0,3798.929583377059,3.3149171270718236,2450,2516,82,0,2434,2501,66100,18,2,0,16,15
2020-12-04,US,Georgia,Stephens,1635,47,0,34.55151201,-83.29405315,13257.0,0.0,0.0,6306.653809064609,2.8746177370030583,1588,1607,47,0,1560,1593,26035,28,0,0,28,14
2020-12-04,US,Georgia,Stewart,632,17,0,32.07996777,-84.83208037,13259.0,0.0,0.0,9545.38589336958,2.6898734177215187,615,632,17,0,615,625,6199,0,0,0,0,7
2020-12-04,US,Georgia,Sumter,1320,71,0,32.03650571,-84.19821492,13261.0,0.0,0.0,4470.938897168406,5.378787878787879,1249,1294,71,0,1223,1286,29733,26,0,0,26,8
2020-12-04,US,Georgia,Talbot,236,8,0,32.69642758,-84.53351366,13263.0,0.0,0.0,3809.523809523809,3.3898305084745757,228,234,8,0,226,232,6272,2,0,0,2,2
2020-12-04,US,Georgia,Taliaferro,42,0,0,33.56543317,-82.88136816,13265.0,0.0,0.0,2732.5959661678594,0.0,42,42,0,0,42,42,1608,0,0,0,0,0
2020-12-04,US,Georgia,Tattnall,1172,29,0,32.04785085,-82.05539188,13267.0,0.0,0.0,4634.975875978803,2.474402730375427,1143,1164,28,0,1136,1154,25391,8,1,0,7,10
2020-12-04,US,Georgia,Taylor,414,13,0,32.55792548,-84.25077141,13269.0,0.0,0.0,5162.094763092269,3.1400966183574885,401,410,13,0,397,396,8039,4,0,0,4,14
2020-12-04,US,Georgia,Telfair,663,30,0,31.92829517,-82.93491155,13271.0,0.0,0.0,4180.327868852459,4.524886877828054,633,660,29,0,631,653,15876,3,1,0,2,7
2020-12-04,US,Georgia,Terrell,418,33,0,31.77527543,-84.44069698,13273.0,0.0,0.0,4899.77728285078,7.894736842105262,385,413,33,0,380,407,8611,5,0,0,5,6
2020-12-04,US,Georgia,Thomas,2011,82,0,30.86392347,-83.91847289,13275.0,0.0,0.0,4524.082697802074,4.077573346593734,1929,1997,81,0,1916,1978,44448,14,1,0,13,19
2020-12-04,US,Georgia,Tift,2716,77,0,31.45743864,-83.5236119,13277.0,0.0,0.0,6682.413148312174,2.8350515463917527,2639,2675,76,0,2599,2632,40571,41,1,0,40,43
2020-12-04,US,Georgia,Toombs,1746,69,0,32.12059861,-82.32957247,13279.0,0.0,0.0,6507.640700708162,3.951890034364261,1677,1739,69,0,1670,1722,26887,7,0,0,7,17
2020-12-04,US,Georgia,Towns,603,32,0,34.91369188,-83.74107459999998,13281.0,0.0,0.0,5009.553875550387,5.306799336650083,571,596,31,0,565,590,11852,7,1,0,6,6
2020-12-04,US,Georgia,Treutlen,389,15,0,32.40422134,-82.56904553,13283.0,0.0,0.0,5636.864222576438,3.8560411311053984,374,388,15,0,373,385,6809,1,0,0,1,3
2020-12-04,US,Georgia,Troup,4049,125,0,33.03349196,-85.02812115,13285.0,0.0,0.0,5790.738251194188,3.0871820202519142,3924,4031,125,0,3906,4009,70034,18,0,0,18,22
2020-12-04,US,Georgia,Turner,472,25,0,31.71612656,-83.62069378,13287.0,0.0,0.0,5911.08328115216,5.296610169491525,447,464,25,0,439,461,7912,8,0,0,8,3
2020-12-04,US,Georgia,Twiggs,269,18,0,32.67435595,-83.43078662,13289.0,0.0,0.0,3312.807881773399,6.691449814126393,251,266,18,0,248,263,8188,3,0,0,3,3
2020-12-04,US,Georgia,Unassigned,2829,1,0,0.0,0.0,90013.0,0.0,0.0,0.0,0.03534817956875221,2828,2710,1,0,2709,2647,,119,0,0,119,63
2020-12-04,US,Georgia,Union,1134,38,0,34.82995757,-83.98967069,13291.0,0.0,0.0,4626.494227081718,3.3509700176366843,1096,1123,36,0,1087,1115,24001,11,2,0,9,8
2020-12-04,US,Georgia,Upson,1586,79,0,32.87920671,-84.30024826,13293.0,0.0,0.0,6025.835866261396,4.981084489281209,1507,1573,79,0,1494,1561,26215,13,0,0,13,12
2020-12-04,US,Georgia,Walker,2807,54,0,34.73376362,-85.30165174,13295.0,0.0,0.0,4023.7381918263786,1.923762023512647,2753,2768,54,0,2714,2735,69410,39,0,0,39,33
2020-12-04,US,Georgia,Walton,3538,82,0,33.78017694,-83.73552314,13297.0,0.0,0.0,3740.234478238348,2.3176936122102885,3456,3479,82,0,3397,3430,93503,59,0,0,59,49
2020-12-04,US,Georgia,Ware,2654,82,0,31.05449097,-82.42224148,13299.0,0.0,0.0,7427.10024066715,3.0896759608138664,2572,2645,82,0,2563,2635,35680,9,0,0,9,10
2020-12-04,US,Georgia,Warren,220,8,0,33.41146451,-82.67795848,13301.0,0.0,0.0,4187.2858774267215,3.636363636363636,212,219,8,0,211,218,5251,1,0,0,1,1
2020-12-04,US,Georgia,Washington,1145,35,0,32.96711864,-82.79357039,13303.0,0.0,0.0,5619.907725532542,3.056768558951965,1110,1140,35,0,1105,1131,20386,5,0,0,5,9
2020-12-04,US,Georgia,Wayne,1704,49,0,31.5521809,-81.91894878,13305.0,0.0,0.0,5693.855047281719,2.875586854460094,1655,1688,49,0,1639,1680,29808,16,0,0,16,8
2020-12-04,US,Georgia,Webster,62,2,0,32.04066113,-84.54742852,13307.0,0.0,0.0,2378.212504794784,3.2258064516129035,60,62,2,0,60,62,2611,0,0,0,0,0
2020-12-04,US,Georgia,Wheeler,426,19,0,32.12009104,-82.72574721,13309.0,0.0,0.0,5423.297262889879,4.460093896713615,407,426,19,0,407,424,7879,0,0,0,0,2
2020-12-04,US,Georgia,White,1394,28,0,34.64624278,-83.74905525,13311.0,0.0,0.0,4526.267939476589,2.008608321377332,1366,1377,28,0,1349,1356,29970,17,0,0,17,21
2020-12-04,US,Georgia,Whitfield,8371,89,0,34.80987459,-84.96093476,13313.0,0.0,0.0,8000.726382994992,1.0631943614860828,8282,8187,87,0,8100,8045,104062,184,2,0,182,142
2020-12-04,US,Georgia,Wilcox,402,28,0,31.97496928,-83.43438555,13315.0,0.0,0.0,4655.471916618413,6.965174129353233,374,394,28,0,366,391,8812,8,0,0,8,3
2020-12-04,US,Georgia,Wilkes,482,10,0,33.78290391,-82.74286107,13317.0,0.0,0.0,4929.937608673416,2.074688796680498,472,471,9,0,462,468,9876,11,1,0,10,3
2020-12-04,US,Georgia,Wilkinson,464,18,0,32.80291082,-83.17140684,13319.0,0.0,0.0,5182.041545677909,3.8793103448275854,446,461,18,0,443,446,9036,3,0,0,3,15
2020-12-04,US,Georgia,Worth,784,38,0,31.55162306,-83.85090513,13321.0,0.0,0.0,3872.1785943596574,4.846938775510204,746,776,38,0,738,765,20299,8,0,0,8,11
2020-12-04,US,Hawaii,Hawaii,1641,41,0,19.60121157,-155.5210167,15001.0,0.0,0.0,814.3395215197037,2.4984765386959173,1600,1626,34,0,1592,1619,200983,15,7,0,8,7
2020-12-04,US,Hawaii,Honolulu,15724,195,0,21.45803166,-157.97121819999995,15003.0,0.0,0.0,1613.4411012936057,1.240142457389977,15529,15650,192,0,15458,15534,980080,74,3,0,71,116
2020-12-04,US,Hawaii,Kauai,120,1,0,22.03935037,-159.5966786,15007.0,0.0,0.0,165.99117480253966,0.8333333333333334,119,117,1,0,116,115,72133,3,0,0,3,2
2020-12-04,US,Hawaii,Maui,888,17,0,20.86399628,-156.56890969999995,15009.0,0.0,0.0,530.4120847942562,1.9144144144144144,871,863,17,0,846,849,167207,25,0,0,25,14
2020-12-04,US,Hawaii,Out of HI,232,2,0,0.0,0.0,80015.0,0.0,0.0,0.0,0.8620689655172413,230,228,2,0,226,225,,4,0,0,4,3
2020-12-04,US,Idaho,Ada,27410,264,0,43.4526575,-116.24155159999998,16001.0,0.0,0.0,5691.598818074408,0.9631521342575702,27146,26922,254,0,26668,26524,469966,488,10,0,478,398
2020-12-04,US,Idaho,Adams,119,2,0,44.89333571,-116.4545247,16003.0,0.0,0.0,2771.308802980904,1.680672268907563,117,117,2,0,115,115,4250,2,0,0,2,2
2020-12-04,US,Idaho,Bannock,4888,36,0,42.67002716,-112.2233311,16005.0,0.0,0.0,5566.690962099126,0.7364975450081833,4852,4822,34,0,4788,4677,87138,66,2,0,64,145
2020-12-04,US,Idaho,Bear Lake,206,1,0,42.28269683,-111.32892379999998,16007.0,0.0,0.0,3363.2653061224487,0.4854368932038835,205,200,1,0,199,197,6050,6,0,0,6,3
2020-12-04,US,Idaho,Benewah,292,3,0,47.21754179,-116.6586851,16009.0,0.0,0.0,3140.4603140460313,1.0273972602739727,289,289,3,0,286,288,9226,3,0,0,3,1
2020-12-04,US,Idaho,Bingham,2971,30,0,43.21672879999999,-112.3978437,16011.0,0.0,0.0,6346.798829334985,1.0097610232245036,2941,2935,30,0,2905,2872,46236,36,0,0,36,63
2020-12-04,US,Idaho,Blaine,1374,7,0,43.4085812,-113.9752658,16013.0,0.0,0.0,5968.463576734286,0.5094614264919942,1367,1345,7,0,1338,1321,22601,29,0,0,29,24
2020-12-04,US,Idaho,Boise,154,2,0,43.98829931,-115.7309284,16015.0,0.0,0.0,1966.5432256416807,1.2987012987012987,152,151,2,0,149,145,7634,3,0,0,3,6
2020-12-04,US,Idaho,Bonner,1128,8,0,48.29996017,-116.6017932,16017.0,0.0,0.0,2466.166728612344,0.7092198581560284,1120,1072,7,0,1065,1028,44727,56,1,0,55,44
2020-12-04,US,Idaho,Bonneville,8144,75,0,43.38713372,-111.6161537,16019.0,0.0,0.0,6840.1337118476085,0.9209233791748528,8069,8014,75,0,7939,7900,116854,130,0,0,130,114
2020-12-04,US,Idaho,Boundary,387,4,0,48.76684761,-116.4630179,16021.0,0.0,0.0,3160.473662719477,1.0335917312661498,383,384,4,0,380,363,11948,3,0,0,3,21
2020-12-04,US,Idaho,Butte,132,0,0,43.72592209,-113.1735463,16023.0,0.0,0.0,5082.787832113978,0.0,132,127,0,0,127,125,2611,5,0,0,5,2
2020-12-04,US,Idaho,Camas,54,0,0,43.46665742,-114.8065892,16025.0,0.0,0.0,4882.45931283906,0.0,54,54,0,0,54,54,1127,0,0,0,0,0
2020-12-04,US,Idaho,Canyon,16375,153,0,43.61970148,-116.70954990000001,16027.0,0.0,0.0,7124.24243742631,0.934351145038168,16222,16097,149,0,15948,15869,223499,278,4,0,274,228
2020-12-04,US,Idaho,Caribou,458,10,0,42.77149116,-111.5597683,16029.0,0.0,0.0,6401.118099231308,2.183406113537118,448,454,10,0,444,450,7060,4,0,0,4,4
2020-12-04,US,Idaho,Cassia,2230,18,0,42.28347888,-113.6012409,16031.0,0.0,0.0,9280.06658343737,0.8071748878923767,2212,2202,18,0,2184,2172,23864,28,0,0,28,30
2020-12-04,US,Idaho,Clark,50,0,0,44.28496071,-112.35057040000001,16033.0,0.0,0.0,5917.15976331361,0.0,50,50,0,0,50,49,852,0,0,0,0,1
2020-12-04,US,Idaho,Clearwater,592,0,0,46.67459924,-115.6622393,16035.0,0.0,0.0,6761.078117862037,0.0,592,578,0,0,578,571,8758,14,0,0,14,7
2020-12-04,US,Idaho,Custer,161,1,0,44.24186819,-114.2855494,16037.0,0.0,0.0,3731.170336037079,0.6211180124223602,160,156,1,0,155,153,4280,5,0,0,5,3
2020-12-04,US,Idaho,Elmore,963,7,0,43.3507101,-115.4701578,16039.0,0.0,0.0,3500.418014612337,0.726895119418484,956,939,7,0,932,935,27259,24,0,0,24,4
2020-12-04,US,Idaho,Franklin,741,7,0,42.18332217,-111.81496659999999,16041.0,0.0,0.0,5340.155664456615,0.9446693657219972,734,722,7,0,715,713,13726,19,0,0,19,9
2020-12-04,US,Idaho,Fremont,756,10,0,44.22800938,-111.48099429999999,16043.0,0.0,0.0,5771.4329338117395,1.3227513227513228,746,747,10,0,737,737,13168,9,0,0,9,10
2020-12-04,US,Idaho,Gem,1077,6,0,44.06482372,-116.398376,16045.0,0.0,0.0,5946.333922261484,0.5571030640668524,1071,1045,6,0,1039,1023,17634,32,0,0,32,22
2020-12-04,US,Idaho,Gooding,1012,10,0,42.96927962,-114.81083059999999,16047.0,0.0,0.0,6667.105869951907,0.9881422924901184,1002,1000,10,0,990,974,15196,12,0,0,12,26
2020-12-04,US,Idaho,Idaho,799,12,0,45.84721541,-115.4634436,16049.0,0.0,0.0,4793.904121917562,1.5018773466833542,787,790,12,0,778,782,16513,9,0,0,9,8
2020-12-04,US,Idaho,Jefferson,1674,11,0,43.82078483,-112.3131749,16051.0,0.0,0.0,5604.097619764992,0.6571087216248507,1663,1633,11,0,1622,1601,29439,41,0,0,41,32
2020-12-04,US,Idaho,Jerome,1979,14,0,42.68891267,-114.2655033,16053.0,0.0,0.0,8106.668851384566,0.7074279939363315,1965,1945,14,0,1931,1925,24015,34,0,0,34,20
2020-12-04,US,Idaho,Kootenai,8240,86,0,47.67282258,-116.7020872,16055.0,0.0,0.0,4972.932521409562,1.0436893203883495,8154,7969,86,0,7883,7815,161505,271,0,0,271,154
2020-12-04,US,Idaho,Latah,1820,3,0,46.81587887,-116.71136979999999,16057.0,0.0,0.0,4537.748080183505,0.16483516483516486,1817,1789,3,0,1786,1750,40134,31,0,0,31,39
2020-12-04,US,Idaho,Lemhi,436,8,0,44.9438088,-113.9309747,16059.0,0.0,0.0,5431.6681200946805,1.834862385321101,428,436,8,0,428,433,7961,0,0,0,0,3
2020-12-04,US,Idaho,Lewis,239,4,0,46.23315327,-116.434146,16061.0,0.0,0.0,6227.201667535174,1.6736401673640169,235,221,4,0,217,212,3861,18,0,0,18,9
2020-12-04,US,Idaho,Lincoln,370,8,0,43.0012336,-114.1358773,16063.0,0.0,0.0,6895.266492732017,2.1621621621621623,362,367,8,0,359,362,5360,3,0,0,3,5
2020-12-04,US,Idaho,Madison,4438,8,0,43.78141028,-111.65384740000002,16065.0,0.0,0.0,11120.855990177162,0.18026137899954936,4430,4386,8,0,4378,4322,39304,52,0,0,52,64
2020-12-04,US,Idaho,Minidoka,1798,18,0,42.85518524,-113.6357257,16067.0,0.0,0.0,8546.033556727982,1.0011123470522802,1780,1782,18,0,1764,1765,20825,16,0,0,16,17
2020-12-04,US,Idaho,Nez Perce,2481,37,0,46.32638236,-116.75009750000001,16069.0,0.0,0.0,6139.873292417343,1.4913341394598951,2444,2437,37,0,2400,2382,40408,44,0,0,44,55
2020-12-04,US,Idaho,Oneida,166,0,0,42.19494279999999,-112.5407838,16071.0,0.0,0.0,3663.6504082983893,0.0,166,161,0,0,161,153,4488,5,0,0,5,8
2020-12-04,US,Idaho,Owyhee,734,13,0,42.58016894,-116.16938710000001,16073.0,0.0,0.0,6208.238179818996,1.7711171662125342,721,723,12,0,711,709,11693,11,1,0,10,14
2020-12-04,US,Idaho,Payette,1728,15,0,44.00545243,-116.7647695,16075.0,0.0,0.0,7214.730073900882,0.8680555555555556,1713,1694,15,0,1679,1685,23551,34,0,0,34,9
2020-12-04,US,Idaho,Power,479,4,0,42.69254894,-112.83957420000002,16077.0,0.0,0.0,6236.167165733628,0.8350730688935282,475,478,4,0,474,475,7768,1,0,0,1,3
2020-12-04,US,Idaho,Shoshone,542,23,0,47.35364087,-115.89167490000001,16079.0,0.0,0.0,4207.421207886974,4.243542435424353,519,534,23,0,511,524,12796,8,0,0,8,10
2020-12-04,US,Idaho,Teton,583,2,0,43.75303583,-111.2056773,16081.0,0.0,0.0,4801.5154010871365,0.3430531732418525,581,578,2,0,576,570,11640,5,0,0,5,8
2020-12-04,US,Idaho,Twin Falls,7092,99,0,42.35440512,-114.6685381,16083.0,0.0,0.0,8163.171343723383,1.3959390862944163,6993,7035,99,0,6936,6963,86081,57,0,0,57,72
2020-12-04,US,Idaho,Unassigned,16,0,0,0.0,0.0,90016.0,0.0,0.0,0.0,0.0,16,12,0,0,12,7,,4,0,0,4,5
2020-12-04,US,Idaho,Valley,277,1,0,44.76728382,-115.5676773,16085.0,0.0,0.0,2431.5308988764045,0.36101083032490977,276,270,1,0,269,257,11041,7,0,0,7,13
2020-12-04,US,Idaho,Washington,801,12,0,44.45275475,-116.78476880000001,16087.0,0.0,0.0,7857.563272513244,1.49812734082397,789,793,12,0,781,787,10161,8,0,0,8,6
2020-12-04,US,Illinois,Adams,4995,56,0,39.98815591,-91.18786813,17001.0,0.0,0.0,7633.5294567127685,1.1211211211211212,4939,4941,55,0,4886,4886,65691,54,1,0,53,55
2020-12-04,US,Illinois,Alexander,270,4,0,37.18049267,-89.32910838,17003.0,0.0,0.0,4686.686339177226,1.4814814814814814,266,268,4,0,264,266,6060,2,0,0,2,2
2020-12-04,US,Illinois,Bond,1175,11,0,38.88829622,-89.43534887,17005.0,0.0,0.0,7153.2935589918425,0.9361702127659576,1164,1143,11,0,1132,1108,16630,32,0,0,32,35
2020-12-04,US,Illinois,Boone,4113,37,0,42.32359279,-88.82345779,17007.0,0.0,0.0,7681.532944867772,0.899586676391928,4076,4081,35,0,4046,4027,53577,32,2,0,30,54
2020-12-04,US,Illinois,Brown,343,6,0,39.96209138,-90.75068024,17009.0,0.0,0.0,5214.350866524779,1.749271137026239,337,337,6,0,331,336,6556,6,0,0,6,1
2020-12-04,US,Illinois,Bureau,2263,55,0,41.40385234,-89.5283051,17011.0,0.0,0.0,6935.760696334437,2.430402121078215,2208,2224,55,0,2169,2192,32993,39,0,0,39,32
2020-12-04,US,Illinois,Calhoun,280,1,0,39.16840183,-90.66330078,17013.0,0.0,0.0,5908.4194977843445,0.35714285714285715,279,278,1,0,277,266,4802,2,0,0,2,12
2020-12-04,US,Illinois,Carroll,1125,27,0,42.06823429,-89.93395545,17015.0,0.0,0.0,7864.383082838169,2.4,1098,1109,27,0,1082,1090,14312,16,0,0,16,19
2020-12-04,US,Illinois,Cass,1093,23,0,39.96991073,-90.24734436,17017.0,0.0,0.0,8998.106528360911,2.104300091491308,1070,1070,23,0,1047,1030,12260,23,0,0,23,40
2020-12-04,US,Illinois,Champaign,11436,63,0,40.13919438,-88.20046615,17019.0,0.0,0.0,5453.791090615149,0.5508919202518363,11373,11336,60,0,11276,11181,209983,100,3,0,97,155
2020-12-04,US,Illinois,Christian,1984,46,0,39.54581621,-89.27780482,17021.0,0.0,0.0,6141.654284299158,2.318548387096774,1938,1969,43,0,1926,1940,32661,15,3,0,12,29
2020-12-04,US,Illinois,Clark,845,20,0,39.33425789,-87.78705622,17023.0,0.0,0.0,5472.4434945923185,2.366863905325444,825,838,20,0,818,823,15596,7,0,0,7,15
2020-12-04,US,Illinois,Clay,967,22,0,38.75388572,-88.48914513,17025.0,0.0,0.0,7334.6480582524255,2.2750775594622543,945,936,22,0,914,909,13253,31,0,0,31,27
2020-12-04,US,Illinois,Clinton,3557,63,0,38.60704876,-89.42385254,17027.0,0.0,0.0,9469.67680102231,1.7711554680910881,3494,3491,63,0,3428,3453,37639,66,0,0,66,38
2020-12-04,US,Illinois,Coles,3489,62,0,39.51949084,-88.22358557,17029.0,0.0,0.0,6892.396436261631,1.77701347090857,3427,3454,61,0,3393,3415,50885,35,1,0,34,39
2020-12-04,US,Illinois,Cook,322122,6852,0,41.84144849,-87.81658794,17031.0,0.0,0.0,6254.5131453276,2.1271443738707694,315270,318324,6823,0,311501,314134,5180493,3798,29,0,3769,4190
2020-12-04,US,Illinois,Crawford,1199,16,0,39.0032229,-87.75954624,17033.0,0.0,0.0,6423.099587507366,1.3344453711426187,1183,1180,14,0,1166,1160,18807,19,2,0,17,20
2020-12-04,US,Illinois,Cumberland,699,19,0,39.27432424,-88.2401158,17035.0,0.0,0.0,6492.662084339588,2.718168812589413,680,683,19,0,664,667,10808,16,0,0,16,16
2020-12-04,US,Illinois,De Witt,665,18,0,40.17514519,-88.90959682,17039.0,0.0,0.0,4252.461951656222,2.7067669172932325,647,655,18,0,637,644,15769,10,0,0,10,11
2020-12-04,US,Illinois,DeKalb,5378,49,0,41.89373302,-88.76958483,17037.0,0.0,0.0,5126.934040058343,0.9111193752324284,5329,5280,49,0,5231,5201,104143,98,0,0,98,79
2020-12-04,US,Illinois,Douglas,1470,19,0,39.76768052,-88.21854195,17041.0,0.0,0.0,7552.016439763678,1.2925170068027212,1451,1447,18,0,1429,1406,19479,23,1,0,22,41
2020-12-04,US,Illinois,DuPage,49311,832,0,41.85116968,-88.08642662,17043.0,0.0,0.0,5342.927509505147,1.6872503092616251,48479,48499,821,0,47678,47742,928589,812,11,0,801,757
2020-12-04,US,Illinois,Edgar,914,17,0,39.6809186,-87.74759563,17045.0,0.0,0.0,5326.02995163452,1.8599562363238507,897,885,17,0,868,867,17360,29,0,0,29,18
2020-12-04,US,Illinois,Edwards,252,4,0,38.41353228,-88.05720863,17047.0,0.0,0.0,3940.578577013292,1.5873015873015872,248,242,3,0,239,234,6392,10,1,0,9,8
2020-12-04,US,Illinois,Effingham,3040,29,0,39.05935711,-88.58969584,17049.0,0.0,0.0,8939.073159256646,0.9539473684210528,3011,2985,27,0,2958,2933,34208,55,2,0,53,52
2020-12-04,US,Illinois,Fayette,1955,37,0,39.00072038,-89.02452658,17051.0,0.0,0.0,9162.91713535808,1.8925831202046035,1918,1912,36,0,1876,1860,21416,43,1,0,42,52
2020-12-04,US,Illinois,Ford,830,25,0,40.59706922,-88.22350769,17053.0,0.0,0.0,6403.8268652110155,3.0120481927710845,805,820,24,0,796,805,13264,10,1,0,9,15
2020-12-04,US,Illinois,Franklin,2243,30,0,37.99189086,-88.92567818,17055.0,0.0,0.0,5830.668850243053,1.3374944271065536,2213,2204,27,0,2177,2145,38701,39,3,0,36,59
2020-12-04,US,Illinois,Fulton,1642,15,0,40.47289135,-90.20862357,17057.0,0.0,0.0,4781.595806639488,0.9135200974421436,1627,1614,14,0,1600,1571,34844,28,1,0,27,43
2020-12-04,US,Illinois,Gallatin,216,3,0,37.76430935,-88.22953869,17059.0,0.0,0.0,4473.9022369511185,1.3888888888888888,213,213,3,0,210,202,5058,3,0,0,3,11
2020-12-04,US,Illinois,Greene,915,34,0,39.35907414,-90.388865,17061.0,0.0,0.0,7055.2856812398795,3.7158469945355193,881,894,32,0,862,872,13044,21,2,0,19,22
2020-12-04,US,Illinois,Grundy,3034,25,0,41.28569601,-88.41905692,17063.0,0.0,0.0,5942.727308340189,0.8239947264337508,3009,2985,24,0,2961,2927,50972,49,1,0,48,58
2020-12-04,US,Illinois,Hamilton,422,4,0,38.08163641,-88.53883373,17065.0,0.0,0.0,5199.605717102021,0.9478672985781992,418,411,4,0,407,405,8163,11,0,0,11,6
2020-12-04,US,Illinois,Hancock,1022,16,0,40.40423981,-91.16313899,17067.0,0.0,0.0,5771.40275581658,1.5655577299412915,1006,1010,16,0,994,994,17844,12,0,0,12,16
2020-12-04,US,Illinois,Hardin,162,2,0,37.51810645,-88.26873022,17069.0,0.0,0.0,4239.727819942424,1.2345679012345678,160,161,2,0,159,160,3910,1,0,0,1,1
2020-12-04,US,Illinois,Henderson,314,1,0,40.81908672,-90.92491462,17071.0,0.0,0.0,4724.646403851941,0.3184713375796178,313,306,1,0,305,303,6709,8,0,0,8,3
2020-12-04,US,Illinois,Henry,2907,22,0,41.3533994,-90.13296166,17073.0,0.0,0.0,5943.2052828491405,0.7567939456484348,2885,2861,22,0,2839,2809,49090,46,0,0,46,52
2020-12-04,US,Illinois,Iroquois,1869,34,0,40.74717633,-87.82466784,17075.0,0.0,0.0,6893.1179464483275,1.819154628143392,1835,1836,33,0,1803,1782,27604,33,1,0,32,54
2020-12-04,US,Illinois,Jackson,2885,38,0,37.78595185,-89.38232563,17077.0,0.0,0.0,5083.700440528634,1.317157712305026,2847,2842,37,0,2805,2788,57419,43,1,0,42,54
2020-12-04,US,Illinois,Jasper,710,12,0,39.01054275,-88.15437049,17079.0,0.0,0.0,7388.137356919876,1.6901408450704225,698,695,12,0,683,685,9611,15,0,0,15,10
2020-12-04,US,Illinois,Jefferson,2063,63,0,38.29980057,-88.9240025,17081.0,0.0,0.0,5474.471924424159,3.0538051381483275,2000,2026,63,0,1963,1991,37820,37,0,0,37,35
2020-12-04,US,Illinois,Jersey,1410,24,0,39.08869046,-90.35393073,17083.0,0.0,0.0,6475.910531392091,1.702127659574468,1386,1384,24,0,1360,1361,21847,26,0,0,26,23
2020-12-04,US,Illinois,Jo Daviess,1149,20,0,42.36542373,-90.21094405,17085.0,0.0,0.0,5410.878267012008,1.7406440382941688,1129,1138,20,0,1118,1123,21366,11,0,0,11,15
2020-12-04,US,Illinois,Johnson,786,8,0,37.45939802,-88.88165419,17087.0,0.0,0.0,6330.031408552791,1.0178117048346056,778,775,7,0,768,751,12456,11,1,0,10,24
2020-12-04,US,Illinois,Kane,33695,492,0,41.93842729,-88.42861412,17089.0,0.0,0.0,6328.852391891105,1.4601572933669684,33203,33273,488,0,32785,32910,534216,422,4,0,418,363
2020-12-04,US,Illinois,Kankakee,9226,117,0,41.13746989,-87.86205334,17091.0,0.0,0.0,8397.808159327156,1.2681552135269891,9109,9105,114,0,8991,8975,110024,121,3,0,118,130
2020-12-04,US,Illinois,Kendall,6757,56,0,41.59081014,-88.42869583,17093.0,0.0,0.0,5238.390572912629,0.8287701642740861,6701,6658,54,0,6604,6580,127915,99,2,0,97,78
2020-12-04,US,Illinois,Knox,3048,75,0,40.93148779,-90.21330340000002,17095.0,0.0,0.0,6132.920179480472,2.4606299212598426,2973,2993,74,0,2919,2933,50112,55,1,0,54,60
2020-12-04,US,Illinois,LaSalle,6587,149,0,41.34426129999999,-88.88633881,17099.0,0.0,0.0,6061.526286245387,2.2620312737209654,6438,6471,144,0,6327,6358,109430,116,5,0,111,113
2020-12-04,US,Illinois,Lake,39563,669,0,42.3224907,-88.00367925,17097.0,0.0,0.0,5679.973009252945,1.6909738897454694,38894,39051,663,0,38388,38638,700832,512,6,0,506,413
2020-12-04,US,Illinois,Lawrence,1211,14,0,38.71987914,-87.72884035,17101.0,0.0,0.0,7724.19951524429,1.1560693641618498,1197,1183,14,0,1169,1147,15765,28,0,0,28,36
2020-12-04,US,Illinois,Lee,2133,38,0,41.74583951,-89.29977132,17103.0,0.0,0.0,6255.865790708586,1.7815283638068449,2095,2113,38,0,2075,2059,34223,20,0,0,20,54
2020-12-04,US,Illinois,Livingston,2419,38,0,40.89188292,-88.55784752,17105.0,0.0,0.0,6785.794434470377,1.5708970649028524,2381,2387,38,0,2349,2348,35761,32,0,0,32,39
2020-12-04,US,Illinois,Logan,1928,24,0,40.12581572,-89.36638784,17107.0,0.0,0.0,6737.018659584875,1.2448132780082988,1904,1886,22,0,1864,1798,28925,42,2,0,40,88
2020-12-04,US,Illinois,Macon,6874,145,0,39.86064913,-88.96342505,17115.0,0.0,0.0,6609.04344816314,2.1093977305789933,6729,6817,141,0,6676,6738,104712,57,4,0,53,79
2020-12-04,US,Illinois,Macoupin,2467,25,0,39.26119767,-89.92424028,17117.0,0.0,0.0,5491.252281529626,1.0133765707336846,2442,2414,23,0,2391,2385,45313,53,2,0,51,29
2020-12-04,US,Illinois,Madison,15643,271,0,38.83042506,-89.90422563,17119.0,0.0,0.0,5948.6777758341395,1.7324042702806368,15372,15363,270,0,15093,15129,264461,280,1,0,279,234
2020-12-04,US,Illinois,Marion,2700,66,0,38.64963204,-88.91899208,17121.0,0.0,0.0,7257.089100927295,2.4444444444444446,2634,2655,66,0,2589,2613,37620,45,0,0,45,42
2020-12-04,US,Illinois,Marshall,441,7,0,41.0327901,-89.34510444,17123.0,0.0,0.0,3855.5691554467558,1.5873015873015872,434,435,7,0,428,427,11534,6,0,0,6,8
2020-12-04,US,Illinois,Mason,785,26,0,40.23917274,-89.91824452,17125.0,0.0,0.0,5876.188337450408,3.3121019108280256,759,777,23,0,754,759,13565,8,3,0,5,18
2020-12-04,US,Illinois,Massac,661,7,0,37.22078441,-88.71036614,17127.0,0.0,0.0,4799.593377868137,1.059001512859304,654,647,5,0,642,626,14080,14,2,0,12,21
2020-12-04,US,Illinois,McDonough,1651,44,0,40.45674722,-90.67775541,17109.0,0.0,0.0,5562.293645980729,2.6650514839491217,1607,1643,44,0,1599,1625,29955,8,0,0,8,18
2020-12-04,US,Illinois,McHenry,15160,170,0,42.32451172,-88.45248227,17111.0,0.0,0.0,4925.692228713277,1.121372031662269,14990,14996,167,0,14829,14817,308570,164,3,0,161,179
2020-12-04,US,Illinois,McLean,9099,59,0,40.48996987,-88.84621113,17113.0,0.0,0.0,5305.013497204359,0.6484229036157819,9040,8961,59,0,8902,8791,172828,138,0,0,138,170
2020-12-04,US,Illinois,Menard,531,2,0,40.02742725,-89.80246001,17129.0,0.0,0.0,4353.8865201705485,0.3766478342749529,529,516,2,0,514,502,12288,15,0,0,15,14
2020-12-04,US,Illinois,Mercer,806,12,0,41.20596782,-90.74290052,17131.0,0.0,0.0,5221.221739975384,1.488833746898263,794,800,12,0,788,781,15601,6,0,0,6,19
2020-12-04,US,Illinois,Monroe,2241,48,0,38.27594376,-90.17761038,17133.0,0.0,0.0,6469.959869503708,2.14190093708166,2193,2191,48,0,2143,2167,34335,50,0,0,50,24
2020-12-04,US,Illinois,Montgomery,1278,20,0,39.23198845,-89.47809254,17135.0,0.0,0.0,4497.782783135074,1.5649452269170578,1258,1240,20,0,1220,1212,28601,38,0,0,38,28
2020-12-04,US,Illinois,Morgan,2374,50,0,39.71654544,-90.20255104,17137.0,0.0,0.0,7053.3008497236915,2.1061499578770007,2324,2330,50,0,2280,2270,33976,44,0,0,44,60
2020-12-04,US,Illinois,Moultrie,981,11,0,39.64187451,-88.62099969,17139.0,0.0,0.0,6765.050686159575,1.1213047910295617,970,969,11,0,958,948,14717,12,0,0,12,21
2020-12-04,US,Illinois,Ogle,3097,46,0,42.04165196,-89.32184679,17141.0,0.0,0.0,6115.356515214345,1.4853083629318695,3051,3038,45,0,2993,2969,50923,59,1,0,58,69
2020-12-04,US,Illinois,Out of IL,11,0,0,0.0,0.0,80017.0,0.0,0.0,0.0,0.0,11,10,0,0,10,10,,1,0,0,1,0
2020-12-04,US,Illinois,Peoria,9949,142,0,40.78702156,-89.76078901,17143.0,0.0,0.0,5552.548010648569,1.427279123530003,9807,9785,139,0,9646,9593,180621,164,3,0,161,192
2020-12-04,US,Illinois,Perry,1208,33,0,38.08510853,-89.36856219,17145.0,0.0,0.0,5775.4828839166175,2.7317880794701987,1175,1184,31,0,1153,1161,21174,24,2,0,22,23
2020-12-04,US,Illinois,Piatt,833,5,0,40.01360584,-88.59319339,17147.0,0.0,0.0,5096.671561429272,0.6002400960384153,828,829,5,0,824,820,16396,4,0,0,4,9
2020-12-04,US,Illinois,Pike,1076,30,0,39.62265059,-90.8877017,17149.0,0.0,0.0,6914.722704196389,2.7881040892193307,1046,1063,31,0,1032,1051,15611,13,0,0,14,12
2020-12-04,US,Illinois,Pope,121,1,0,37.41391284,-88.56152109,17151.0,0.0,0.0,2896.815896576489,0.8264462809917356,120,111,1,0,110,109,4212,10,0,0,10,2
2020-12-04,US,Illinois,Pulaski,456,2,0,37.22631423,-89.13085001,17153.0,0.0,0.0,8547.328959700093,0.43859649122807015,454,451,2,0,449,443,5463,5,0,0,5,8
2020-12-04,US,Illinois,Putnam,257,0,0,41.2013541,-89.2869272,17155.0,0.0,0.0,4478.132078759366,0.0,257,256,0,0,256,252,5740,1,0,0,1,4
2020-12-04,US,Illinois,Randolph,2456,28,0,38.05095369,-89.82512254,17157.0,0.0,0.0,7727.644578692341,1.1400651465798046,2428,2414,26,0,2388,2378,32106,42,2,0,40,36
2020-12-04,US,Illinois,Richland,883,19,0,38.71240969,-88.08475366,17159.0,0.0,0.0,5692.0002578482545,2.1517553793884483,864,868,19,0,849,850,15763,15,0,0,15,18
2020-12-04,US,Illinois,Rock Island,9110,158,0,41.46613806,-90.57042164,17161.0,0.0,0.0,6420.964342855532,1.7343578485181117,8952,8981,152,0,8829,8864,143477,129,6,0,123,117
2020-12-04,US,Illinois,Saline,1197,29,0,37.75332999,-88.54119706,17165.0,0.0,0.0,5095.568515601722,2.4227234753550544,1168,1179,29,0,1150,1150,23906,18,0,0,18,29
2020-12-04,US,Illinois,Sangamon,10792,110,0,39.75836914,-89.65872023,17167.0,0.0,0.0,5543.683734692198,1.0192735359525575,10682,10669,107,0,10562,10553,195348,123,3,0,120,116
2020-12-04,US,Illinois,Schuyler,354,1,0,40.157179799999994,-90.61114163,17169.0,0.0,0.0,5230.4964539007115,0.2824858757062147,353,343,1,0,342,296,6907,11,0,0,11,47
2020-12-04,US,Illinois,Scott,257,0,0,39.642916899999996,-90.47814431,17171.0,0.0,0.0,5190.870531205817,0.0,257,251,0,0,251,244,4926,6,0,0,6,7
2020-12-04,US,Illinois,Shelby,1496,27,0,39.39133527,-88.80611122,17173.0,0.0,0.0,6915.0411389479505,1.804812834224599,1469,1463,26,0,1437,1439,21741,33,1,0,32,24
2020-12-04,US,Illinois,St. Clair,14442,274,0,38.46996033,-89.93063427,17163.0,0.0,0.0,5561.3317622051245,1.8972441490098324,14168,14160,269,0,13891,14020,261059,282,5,0,277,140
2020-12-04,US,Illinois,Stark,312,5,0,41.09309773,-89.79745866,17175.0,0.0,0.0,5840.509172594534,1.6025641025641026,307,304,5,0,299,283,5427,8,0,0,8,21
2020-12-04,US,Illinois,Stephenson,2614,41,0,42.35129217,-89.662598,17177.0,0.0,0.0,5874.421322306621,1.568477429227238,2573,2582,38,0,2544,2537,44753,32,3,0,29,45
2020-12-04,US,Illinois,Tazewell,7543,122,0,40.50716185,-89.51404662,17179.0,0.0,0.0,5722.9349863053185,1.617393609969508,7421,7415,118,0,7297,7251,132328,128,4,0,124,164
2020-12-04,US,Illinois,Unassigned,193,0,0,0.0,0.0,90017.0,0.0,0.0,0.0,0.0,193,213,0,0,213,203,,0,0,0,-20,10
2020-12-04,US,Illinois,Union,1274,28,0,37.47119609,-89.25548938,17181.0,0.0,0.0,7650.273224043716,2.1978021978021984,1246,1256,28,0,1228,1240,16841,18,0,0,18,16
2020-12-04,US,Illinois,Vermilion,4310,60,0,40.18417171,-87.73384359,17183.0,0.0,0.0,5689.168140658412,1.3921113689095128,4250,4218,59,0,4159,4146,76806,92,1,0,91,72
2020-12-04,US,Illinois,Wabash,659,9,0,38.44272901,-87.84922065,17185.0,0.0,0.0,5720.4861111111095,1.3657056145675266,650,646,9,0,637,632,11549,13,0,0,13,14
2020-12-04,US,Illinois,Warren,1177,23,0,40.84925021,-90.6147432,17187.0,0.0,0.0,6987.651389218713,1.954120645709431,1154,1148,22,0,1126,1125,17032,29,1,0,28,23
2020-12-04,US,Illinois,Washington,810,3,0,38.35309213,-89.40982703,17189.0,0.0,0.0,5832.793259883343,0.3703703703703704,807,780,2,0,778,756,13995,30,1,0,29,24
2020-12-04,US,Illinois,Wayne,989,35,0,38.42955355,-88.42586459,17191.0,0.0,0.0,6099.290780141844,3.5389282103134483,954,968,33,0,935,952,16332,21,2,0,19,16
2020-12-04,US,Illinois,White,681,10,0,38.08706198,-88.17657461,17193.0,0.0,0.0,5030.656718623033,1.4684287812041117,671,664,10,0,654,651,13665,17,0,0,17,13
2020-12-04,US,Illinois,Whiteside,3986,133,0,41.75509713,-89.91556058,17195.0,0.0,0.0,7224.2863615768,3.336678374310085,3853,3953,131,0,3822,3829,55626,33,2,0,31,124
2020-12-04,US,Illinois,Will,41826,600,0,41.44619267,-87.97862712,17197.0,0.0,0.0,6055.218800624834,1.4345144168698896,41226,41204,590,0,40614,40611,692310,622,10,0,612,593
2020-12-04,US,Illinois,Williamson,3936,88,0,37.73033511,-88.92994027,17199.0,0.0,0.0,5910.1761340600915,2.2357723577235773,3848,3859,88,0,3771,3785,67056,77,0,0,77,74
2020-12-04,US,Illinois,Winnebago,20052,290,0,42.33641854,-89.16085327,17201.0,0.0,0.0,7096.2444969777625,1.4462397765808896,19762,19765,284,0,19481,19547,284081,287,6,0,281,218
2020-12-04,US,Illinois,Woodford,1953,31,0,40.78579374,-89.20973757,17203.0,0.0,0.0,5078.135156920357,1.5873015873015872,1922,1916,31,0,1885,1873,38463,37,0,0,37,43
2020-12-04,US,Indiana,Adams,1959,24,0,40.7457653,-84.93671406,18001.0,0.0,0.0,5475.584872963077,1.2251148545176107,1935,1927,24,0,1903,1874,35636,32,0,0,32,53
2020-12-04,US,Indiana,Allen,21054,342,0,41.09194313,-85.06800636,18003.0,0.0,0.0,5550.766018365458,1.6243944143630664,20712,20668,338,0,20330,20256,375351,386,4,0,382,412
2020-12-04,US,Indiana,Bartholomew,3915,66,0,39.20744865,-85.89558181,18005.0,0.0,0.0,4673.008749209229,1.685823754789272,3849,3800,65,0,3735,3675,82753,115,1,0,114,125
2020-12-04,US,Indiana,Benton,465,3,0,40.60626947,-87.31093999,18007.0,0.0,0.0,5315.500685871056,0.6451612903225806,462,448,3,0,445,442,8653,17,0,0,17,6
2020-12-04,US,Indiana,Blackford,673,17,0,40.47388153,-85.32499702,18009.0,0.0,0.0,5723.762544650451,2.5260029717682015,656,661,16,0,645,627,11930,12,1,0,11,34
2020-12-04,US,Indiana,Boone,2897,56,0,40.0509304,-86.46841646,18011.0,0.0,0.0,4270.15314770868,1.9330341732827063,2841,2820,56,0,2764,2746,66999,77,0,0,77,74
2020-12-04,US,Indiana,Brown,434,6,0,39.19605589,-86.22868909,18013.0,0.0,0.0,2875.69573283859,1.3824884792626728,428,422,6,0,416,399,15234,12,0,0,12,23
2020-12-04,US,Indiana,Carroll,839,13,0,40.580783200000006,-86.56198812,18015.0,0.0,0.0,4141.7781507627005,1.5494636471990464,826,813,13,0,800,793,20127,26,0,0,26,20
2020-12-04,US,Indiana,Cass,3300,32,0,40.76135835,-86.34830753,18017.0,0.0,0.0,8755.870413117886,0.9696969696969696,3268,3232,32,0,3200,3191,37955,68,0,0,68,41
2020-12-04,US,Indiana,Clark,5854,87,0,38.48015445,-85.70510334,18019.0,0.0,0.0,4948.352521512738,1.4861633071404168,5767,5759,86,0,5673,5648,117360,95,1,0,94,111
2020-12-04,US,Indiana,Clay,1431,26,0,39.39561833,-87.11723506,18021.0,0.0,0.0,5456.625357483317,1.816911250873515,1405,1404,26,0,1378,1380,26170,27,0,0,27,24
2020-12-04,US,Indiana,Clinton,2127,25,0,40.30319754,-86.47277257,18023.0,0.0,0.0,6565.0174388098385,1.1753643629525152,2102,2040,25,0,2015,2022,32250,87,0,0,87,18
2020-12-04,US,Indiana,Crawford,372,2,0,38.28814402,-86.44518825,18025.0,0.0,0.0,3517.065330433961,0.5376344086021505,370,361,1,0,360,342,10558,11,1,0,10,19
2020-12-04,US,Indiana,Daviess,1799,51,0,38.70186039,-87.07185406,18027.0,0.0,0.0,5394.141105214237,2.8349082823791,1748,1767,47,0,1720,1742,33147,32,4,0,28,25
2020-12-04,US,Indiana,DeKalb,2157,38,0,41.39804622,-84.99906934,18033.0,0.0,0.0,4961.472110408281,1.7617060732498842,2119,2108,38,0,2070,2044,43226,49,0,0,49,64
2020-12-04,US,Indiana,Dearborn,2588,33,0,39.14647946,-84.97333539,18029.0,0.0,0.0,5232.722714222168,1.2751159196290571,2555,2528,32,0,2496,2497,49568,60,1,0,59,31
2020-12-04,US,Indiana,Decatur,1496,46,0,39.30712658,-85.50087166,18031.0,0.0,0.0,5632.7421966188485,3.074866310160428,1450,1452,46,0,1406,1418,26794,44,0,0,44,34
2020-12-04,US,Indiana,Delaware,5659,108,0,40.22787247,-85.39732772,18035.0,0.0,0.0,4958.163578218776,1.9084643930022973,5551,5535,108,0,5427,5434,114772,124,0,0,124,101
2020-12-04,US,Indiana,Dubois,2848,34,0,38.36597551,-86.87924170000002,18037.0,0.0,0.0,6664.1707225758155,1.1938202247191012,2814,2719,34,0,2685,2629,42565,129,0,0,129,90
2020-12-04,US,Indiana,Elkhart,19020,249,0,41.59761169,-85.85875695,18039.0,0.0,0.0,9217.751198259191,1.3091482649842272,18771,18813,246,0,18567,18510,205560,207,3,0,204,303
2020-12-04,US,Indiana,Fayette,1679,39,0,39.63684962,-85.17797541,18041.0,0.0,0.0,7267.769024326898,2.322811197141156,1640,1658,39,0,1619,1638,23047,21,0,0,21,20
2020-12-04,US,Indiana,Floyd,3670,80,0,38.32117957,-85.90385377,18043.0,0.0,0.0,4673.849367056368,2.1798365122615806,3590,3602,79,0,3523,3488,77781,68,1,0,67,114
2020-12-04,US,Indiana,Fountain,998,8,0,40.12361933,-87.24217689,18045.0,0.0,0.0,6105.469227945675,0.8016032064128257,990,958,8,0,950,922,16351,40,0,0,40,36
2020-12-04,US,Indiana,Franklin,816,28,0,39.4142482,-85.06062647,18047.0,0.0,0.0,3585.5523332454522,3.431372549019608,788,802,28,0,774,795,22736,14,0,0,14,7
2020-12-04,US,Indiana,Fulton,992,19,0,41.0469907,-86.26252745,18049.0,0.0,0.0,4966.456393311305,1.9153225806451613,973,964,19,0,945,942,20092,28,0,0,28,22
2020-12-04,US,Indiana,Gibson,2265,33,0,38.30393723,-87.58054938,18051.0,0.0,0.0,6729.255176921477,1.456953642384106,2232,2203,33,0,2170,2170,33452,62,0,0,62,33
2020-12-04,US,Indiana,Grant,3345,54,0,40.51587228,-85.65468702,18053.0,0.0,0.0,5085.982757834238,1.6143497757847534,3291,3267,53,0,3214,3156,65936,78,1,0,77,111
2020-12-04,US,Indiana,Greene,1236,54,0,39.03630547,-86.96223202,18055.0,0.0,0.0,3871.937848505733,4.368932038834951,1182,1210,54,0,1156,1179,32006,26,0,0,26,31
2020-12-04,US,Indiana,Hamilton,15894,184,0,40.07306535,-86.05244729,18057.0,0.0,0.0,4702.213833277615,1.1576695608405687,15710,15457,182,0,15275,14971,330086,437,2,0,435,486
2020-12-04,US,Indiana,Hancock,3304,65,0,39.82304555,-85.77566351,18059.0,0.0,0.0,4226.793572817522,1.9673123486682809,3239,3206,63,0,3143,3077,76351,98,2,0,96,129
2020-12-04,US,Indiana,Harrison,1697,26,0,38.19467379,-86.10948271,18061.0,0.0,0.0,4188.572133777613,1.5321154979375369,1671,1670,25,0,1645,1620,40350,27,1,0,26,50
2020-12-04,US,Indiana,Hendricks,7565,165,0,39.76719009,-86.51037283,18063.0,0.0,0.0,4441.873983477286,2.181097157964309,7400,7353,165,0,7188,7143,167009,212,0,0,212,210
2020-12-04,US,Indiana,Henry,2875,41,0,39.93029017,-85.39625719,18065.0,0.0,0.0,5993.079296256149,1.4260869565217391,2834,2807,41,0,2766,2721,48271,68,0,0,68,86
2020-12-04,US,Indiana,Howard,4305,80,0,40.48527731,-86.11351892,18067.0,0.0,0.0,5215.40027137042,1.858304297328688,4225,4176,80,0,4096,4005,82366,129,0,0,129,171
2020-12-04,US,Indiana,Huntington,1582,12,0,40.82907273,-85.48822092,18069.0,0.0,0.0,4331.872946330777,0.7585335018963337,1570,1533,11,0,1522,1472,36240,49,1,0,48,61
2020-12-04,US,Indiana,Jackson,2718,38,0,38.90915820000001,-86.03851889,18071.0,0.0,0.0,6145.011417331736,1.398086828550405,2680,2666,38,0,2628,2552,44111,52,0,0,52,114
2020-12-04,US,Indiana,Jasper,1743,17,0,41.02078733,-87.11553319,18073.0,0.0,0.0,5193.373458077588,0.9753298909925416,1726,1677,17,0,1660,1650,33370,66,0,0,66,27
2020-12-04,US,Indiana,Jay,1188,17,0,40.43781032,-85.00576229,18075.0,0.0,0.0,5813.2706987668835,1.4309764309764308,1171,1155,16,0,1139,1133,20764,33,1,0,32,22
2020-12-04,US,Indiana,Jefferson,1411,19,0,38.78576239,-85.43633383,18077.0,0.0,0.0,4367.339358672774,1.3465627214741318,1392,1397,19,0,1378,1376,32208,14,0,0,14,21
2020-12-04,US,Indiana,Jennings,1096,17,0,38.99588883,-85.62710784,18079.0,0.0,0.0,3951.6855958175593,1.551094890510949,1079,1063,15,0,1048,1024,27611,33,2,0,31,39
2020-12-04,US,Indiana,Johnson,7969,178,0,39.48994426,-86.10149107,18081.0,0.0,0.0,5038.345546163233,2.2336554147320866,7791,7732,177,0,7555,7484,156225,237,1,0,236,248
2020-12-04,US,Indiana,Knox,2175,24,0,38.68861576,-87.4194665,18083.0,0.0,0.0,5943.597311034596,1.1034482758620692,2151,2121,22,0,2099,2077,36895,54,2,0,52,44
2020-12-04,US,Indiana,Kosciusko,5214,49,0,41.24521668,-85.86312322,18085.0,0.0,0.0,6562.12243254128,0.9397775220560032,5165,5129,48,0,5081,5018,79344,85,1,0,84,111
2020-12-04,US,Indiana,LaGrange,1625,34,0,41.64232188,-85.42674232,18087.0,0.0,0.0,4102.085121421721,2.0923076923076924,1591,1595,34,0,1561,1565,39330,30,0,0,30,30
2020-12-04,US,Indiana,LaPorte,5377,106,0,41.54366008,-86.74072188,18091.0,0.0,0.0,4893.163948747816,1.9713594941417147,5271,5291,105,0,5186,5171,110007,86,1,0,85,120
2020-12-04,US,Indiana,Lake,31027,490,0,41.41874274,-87.38277575,18089.0,0.0,0.0,6390.823348637365,1.5792696683533696,30537,30537,484,0,30053,30007,484411,490,6,0,484,530
2020-12-04,US,Indiana,Lawrence,2101,52,0,38.84112637,-86.48361629,18093.0,0.0,0.0,4630.813312761738,2.475011899095669,2049,2059,51,0,2008,2005,45668,42,1,0,41,54
2020-12-04,US,Indiana,Madison,5960,126,0,40.16143691,-85.71964711,18095.0,0.0,0.0,4599.865708618574,2.114093959731544,5834,5858,125,0,5733,5732,129641,102,1,0,101,126
2020-12-04,US,Indiana,Marion,49899,902,0,39.78163624,-86.13826325,18097.0,0.0,0.0,5173.121621593602,1.8076514559410009,48997,48740,894,0,47846,47763,954670,1159,8,0,1151,977
2020-12-04,US,Indiana,Marshall,3472,52,0,41.32467367,-86.26185087,18099.0,0.0,0.0,7505.728738812747,1.4976958525345625,3420,3431,50,0,3381,3339,46248,41,2,0,39,92
2020-12-04,US,Indiana,Martin,413,6,0,38.7099921,-86.80373186,18101.0,0.0,0.0,4027.303754266211,1.452784503631961,407,400,6,0,394,389,10217,13,0,0,13,11
2020-12-04,US,Indiana,Miami,1973,18,0,40.76940965,-86.04525048,18103.0,0.0,0.0,5555.242707512107,0.912316269640142,1955,1912,18,0,1894,1881,35567,61,0,0,61,31
2020-12-04,US,Indiana,Monroe,6139,55,0,39.16130004,-86.52414358,18105.0,0.0,0.0,4135.928478552324,0.8959113862192539,6084,6048,54,0,5994,5914,146917,91,1,0,90,134
2020-12-04,US,Indiana,Montgomery,1780,29,0,40.04034823,-86.89335024,18107.0,0.0,0.0,4642.913036673795,1.6292134831460674,1751,1714,29,0,1685,1670,38346,66,0,0,66,44
2020-12-04,US,Indiana,Morgan,2674,46,0,39.47899078,-86.44573375,18109.0,0.0,0.0,3793.499694987871,1.7202692595362752,2628,2592,46,0,2546,2518,70116,82,0,0,82,74
2020-12-04,US,Indiana,Newton,640,15,0,40.95610449,-87.39635768,18111.0,0.0,0.0,4576.659038901602,2.34375,625,625,13,0,612,621,14011,15,2,0,13,4
2020-12-04,US,Indiana,Noble,2981,50,0,41.39672484,-85.41966713,18113.0,0.0,0.0,6243.716487935657,1.677289500167729,2931,2924,50,0,2874,2847,47532,57,0,0,57,77
2020-12-04,US,Indiana,Ohio,254,7,0,38.955304999999996,-84.96515993,18115.0,0.0,0.0,4323.404255319149,2.755905511811024,247,250,7,0,243,247,5844,4,0,0,4,3
2020-12-04,US,Indiana,Orange,801,28,0,38.54118920000001,-86.49523093,18117.0,0.0,0.0,4077.165835284536,3.495630461922597,773,770,28,0,742,744,19489,31,0,0,31,26
2020-12-04,US,Indiana,Owen,744,11,0,39.31145587,-86.83900724,18119.0,0.0,0.0,3577.0950526467627,1.478494623655914,733,722,10,0,712,714,20845,22,1,0,21,8
2020-12-04,US,Indiana,Parke,749,6,0,39.77202286,-87.20375833,18121.0,0.0,0.0,4422.270768140756,0.8010680907877169,743,705,6,0,699,679,16927,44,0,0,44,26
2020-12-04,US,Indiana,Perry,903,21,0,38.07809328,-86.63741946,18123.0,0.0,0.0,4710.730867546559,2.3255813953488373,882,892,21,0,871,880,19102,11,0,0,11,12
2020-12-04,US,Indiana,Pike,610,21,0,38.40112197,-87.23574907,18125.0,0.0,0.0,4923.7226571959,3.442622950819672,589,593,21,0,572,574,12410,17,0,0,17,19
2020-12-04,US,Indiana,Porter,9512,97,0,41.45986947,-87.06848888,18127.0,0.0,0.0,5582.519998356702,1.0197645079899076,9415,9321,92,0,9229,9153,169594,191,5,0,186,168
2020-12-04,US,Indiana,Posey,1384,22,0,38.02097333,-87.86480429,18129.0,0.0,0.0,5443.032996421127,1.5895953757225434,1362,1357,22,0,1335,1336,25540,27,0,0,27,21
2020-12-04,US,Indiana,Pulaski,517,21,0,41.04166107,-86.69890683,18131.0,0.0,0.0,4185.2181656277835,4.061895551257253,496,497,20,0,477,480,12469,20,1,0,19,17
2020-12-04,US,Indiana,Putnam,1522,31,0,39.66437981,-86.84517605,18133.0,0.0,0.0,4050.457738982329,2.0367936925098555,1491,1478,31,0,1447,1425,37779,44,0,0,44,53
2020-12-04,US,Indiana,Randolph,1457,25,0,40.15734772,-85.01139319,18135.0,0.0,0.0,5907.155888911414,1.7158544955387782,1432,1437,24,0,1413,1395,24851,20,1,0,19,42
2020-12-04,US,Indiana,Ripley,1713,25,0,39.10235626,-85.26212744,18137.0,0.0,0.0,6047.874593983901,1.4594279042615297,1688,1670,22,0,1648,1645,28523,43,3,0,40,25
2020-12-04,US,Indiana,Rush,668,8,0,39.62002287,-85.4655599,18139.0,0.0,0.0,4028.707556842169,1.1976047904191616,660,648,8,0,640,627,16663,20,0,0,20,21
2020-12-04,US,Indiana,Scott,1340,27,0,38.68672078,-85.74627859,18143.0,0.0,0.0,5613.035646965191,2.014925373134328,1313,1297,25,0,1272,1240,23878,43,2,0,41,57
2020-12-04,US,Indiana,Shelby,2235,62,0,39.52305623,-85.79158570000001,18145.0,0.0,0.0,4996.75825527063,2.7740492170022373,2173,2166,61,0,2105,2128,44593,69,1,0,68,38
2020-12-04,US,Indiana,Spencer,991,8,0,38.01519732,-87.0079644,18147.0,0.0,0.0,4887.310746165606,0.8072653884964682,983,967,8,0,959,957,20327,24,0,0,24,10
2020-12-04,US,Indiana,St. Joseph,19435,249,0,41.61756781,-86.29040834,18141.0,0.0,0.0,7149.794353740997,1.2811937226652943,19186,19177,245,0,18932,18319,270771,258,4,0,254,858
2020-12-04,US,Indiana,Starke,1076,28,0,41.27890281,-86.64686895,18149.0,0.0,0.0,4679.278103935638,2.6022304832713754,1048,1043,28,0,1015,1008,22935,33,0,0,33,35
2020-12-04,US,Indiana,Steuben,1723,16,0,41.64423868,-85.00101094,18151.0,0.0,0.0,4980.632479620744,0.9286128845037724,1707,1686,16,0,1670,1630,34586,37,0,0,37,56
2020-12-04,US,Indiana,Sullivan,1160,18,0,39.08952258,-87.41414469,18153.0,0.0,0.0,5612.269582466497,1.5517241379310345,1142,1114,18,0,1096,1090,20690,46,0,0,46,24
2020-12-04,US,Indiana,Switzerland,282,5,0,38.82767338,-85.03022429,18155.0,0.0,0.0,2623.011812854619,1.7730496453900708,277,282,5,0,277,276,10717,0,0,0,0,6
2020-12-04,US,Indiana,Tippecanoe,10410,36,0,40.38872739,-86.89413959,18157.0,0.0,0.0,5318.496720004905,0.345821325648415,10374,10123,35,0,10088,9911,193048,287,1,0,286,212
2020-12-04,US,Indiana,Tipton,689,27,0,40.31123252,-86.05234925,18159.0,0.0,0.0,4548.455241616055,3.918722786647315,662,683,27,0,656,665,15128,6,0,0,6,18
2020-12-04,US,Indiana,Unassigned,0,290,0,0.0,0.0,90018.0,0.0,0.0,0.0,0.0,-290,0,285,0,-285,0,,0,5,0,-5,0
2020-12-04,US,Indiana,Union,312,2,0,39.62550777,-84.92497066,18161.0,0.0,0.0,4423.02239863907,0.6410256410256411,310,303,2,0,301,297,7037,9,0,0,9,6
2020-12-04,US,Indiana,Vanderburgh,11174,138,0,38.02658833,-87.58763124,18163.0,0.0,0.0,6158.136356371692,1.2350098442813675,11036,10956,137,0,10819,10862,180974,218,1,0,217,94
2020-12-04,US,Indiana,Vermillion,770,13,0,39.8523352,-87.46160542,18165.0,0.0,0.0,4968.383017163505,1.6883116883116882,757,749,11,0,738,728,15479,21,2,0,19,21
2020-12-04,US,Indiana,Vigo,6855,108,0,39.42944561,-87.39169027,18167.0,0.0,0.0,6404.267643266878,1.5754923413566742,6747,6736,106,0,6630,6580,107386,119,2,0,117,156
2020-12-04,US,Indiana,Wabash,2018,25,0,40.84704239,-85.79328272,18169.0,0.0,0.0,6510.517486127243,1.2388503468780971,1993,1952,24,0,1928,1906,31280,66,1,0,65,46
2020-12-04,US,Indiana,Warren,301,3,0,40.34728141,-87.35602659,18171.0,0.0,0.0,3641.8632788868717,0.9966777408637874,298,289,3,0,286,276,8263,12,0,0,12,13
2020-12-04,US,Indiana,Warrick,3727,76,0,38.08922676,-87.2716085,18173.0,0.0,0.0,5916.060827327851,2.039173598068152,3651,3643,74,0,3569,3605,62567,84,2,0,82,38
2020-12-04,US,Indiana,Washington,916,9,0,38.60219804,-86.1049363,18175.0,0.0,0.0,3267.2278499072613,0.982532751091703,907,901,9,0,892,878,27943,15,0,0,15,23
2020-12-04,US,Indiana,Wayne,3702,96,0,39.863344399999995,-85.01044989,18177.0,0.0,0.0,5618.966668690426,2.593192868719611,3606,3628,93,0,3535,3551,65936,74,3,0,71,77
2020-12-04,US,Indiana,Wells,1471,36,0,40.72934187,-85.22132966,18179.0,0.0,0.0,5198.614645179528,2.4473147518694764,1435,1450,35,0,1415,1425,28206,21,1,0,20,25
2020-12-04,US,Indiana,White,1562,24,0,40.74911165,-86.86492015,18181.0,0.0,0.0,6480.789975935607,1.536491677336748,1538,1512,24,0,1488,1470,24133,50,0,0,50,42
2020-12-04,US,Indiana,Whitley,1661,17,0,41.13863784,-85.50791236,18183.0,0.0,0.0,4890.472264750913,1.0234798314268514,1644,1624,17,0,1607,1565,34074,37,0,0,37,59
2020-12-04,US,Iowa,Adair,472,10,0,41.33075609,-94.47105874,19001.0,0.0,0.0,6599.5525727069335,2.1186440677966103,462,453,9,0,444,448,7063,19,1,0,18,5
2020-12-04,US,Iowa,Adams,188,2,0,41.02903567,-94.69932645,19003.0,0.0,0.0,5219.322598556358,1.0638297872340423,186,181,2,0,179,179,3645,7,0,0,7,2
2020-12-04,US,Iowa,Allamakee,912,13,0,43.28383218,-91.37860922,19005.0,0.0,0.0,6663.257105282385,1.4254385964912282,899,884,13,0,871,870,13832,28,0,0,28,14
2020-12-04,US,Iowa,Appanoose,834,14,0,40.74324454,-92.86865906,19007.0,0.0,0.0,6711.733462095605,1.6786570743405276,820,816,13,0,803,807,12437,18,1,0,17,9
2020-12-04,US,Iowa,Audubon,312,2,0,41.6844628,-94.90581859,19009.0,0.0,0.0,5676.855895196508,0.6410256410256411,310,311,2,0,309,305,5506,1,0,0,1,6
2020-12-04,US,Iowa,Benton,1769,23,0,42.08011739,-92.06463573,19011.0,0.0,0.0,6898.03080522519,1.3001695873374788,1746,1754,23,0,1731,1740,25642,15,0,0,15,14
2020-12-04,US,Iowa,Black Hawk,11350,149,0,42.4704581,-92.30524729,19013.0,0.0,0.0,8649.068796293473,1.3127753303964758,11201,11288,147,0,11141,11194,132408,62,2,0,60,94
2020-12-04,US,Iowa,Boone,1480,12,0,42.03657094,-93.9313999,19015.0,0.0,0.0,5641.533887321796,0.8108108108108109,1468,1449,12,0,1437,1424,26346,31,0,0,31,25
2020-12-04,US,Iowa,Bremer,2041,13,0,42.77461496,-92.31795937,19017.0,0.0,0.0,8143.803367648233,0.6369426751592356,2028,2027,13,0,2014,2002,24947,14,0,0,14,25
2020-12-04,US,Iowa,Buchanan,1251,10,0,42.4709188,-91.83510825,19019.0,0.0,0.0,5907.910271546634,0.7993605115907274,1241,1234,10,0,1224,1220,21199,17,0,0,17,14
2020-12-04,US,Iowa,Buena Vista,3188,14,0,42.73545875,-95.15100162,19021.0,0.0,0.0,16248.725790010192,0.4391468005018821,3174,3166,14,0,3152,3131,19874,22,0,0,22,35
2020-12-04,US,Iowa,Butler,1085,11,0,42.73172833,-92.79015971,19023.0,0.0,0.0,7514.37080130203,1.0138248847926268,1074,1074,8,0,1066,1057,14539,11,3,0,8,17
2020-12-04,US,Iowa,Calhoun,1102,7,0,42.38521079,-94.64046046,19025.0,0.0,0.0,11398.427803061646,0.6352087114337568,1095,1098,7,0,1091,1090,9699,4,0,0,4,8
2020-12-04,US,Iowa,Carroll,2064,26,0,42.03617207,-94.86032705,19027.0,0.0,0.0,10235.556657575004,1.2596899224806202,2038,2043,25,0,2018,2036,20154,21,1,0,20,7
2020-12-04,US,Iowa,Cass,861,26,0,41.33149454,-94.92792482,19029.0,0.0,0.0,6707.697101900903,3.0197444831591174,835,847,25,0,822,835,12930,14,1,0,13,12
2020-12-04,US,Iowa,Cedar,1160,14,0,41.77233777,-91.13246684,19031.0,0.0,0.0,6227.5191925699255,1.206896551724138,1146,1146,14,0,1132,1125,18627,14,0,0,14,21
2020-12-04,US,Iowa,Cerro Gordo,3755,52,0,43.08177563,-93.2612239,19033.0,0.0,0.0,8845.700824499409,1.384820239680426,3703,3732,52,0,3680,3676,42647,23,0,0,23,56
2020-12-04,US,Iowa,Cherokee,978,4,0,42.73538914,-95.62389402,19035.0,0.0,0.0,8704.939919893191,0.40899795501022496,974,967,4,0,963,947,11321,11,0,0,11,20
2020-12-04,US,Iowa,Chickasaw,924,6,0,43.06001295,-92.31773347,19037.0,0.0,0.0,7743.233051202547,0.6493506493506493,918,919,5,0,914,908,11964,5,1,0,4,11
2020-12-04,US,Iowa,Clarke,514,4,0,41.02868181,-93.78499767,19039.0,0.0,0.0,5470.9952102182015,0.7782101167315175,510,506,4,0,502,500,9423,8,0,0,8,6
2020-12-04,US,Iowa,Clay,1280,6,0,43.08247182,-95.15096481,19041.0,0.0,0.0,7992.007992007992,0.46875,1274,1250,5,0,1245,1225,16134,30,1,0,29,25
2020-12-04,US,Iowa,Clayton,1176,10,0,42.84443388,-91.34133693,19043.0,0.0,0.0,6701.236537694455,0.8503401360544217,1166,1155,10,0,1145,1139,17556,21,0,0,21,16
2020-12-04,US,Iowa,Clinton,3510,46,0,41.89981633,-90.53275096,19045.0,0.0,0.0,7559.930216028774,1.3105413105413106,3464,3456,45,0,3411,3414,46518,54,1,0,53,42
2020-12-04,US,Iowa,Crawford,1843,16,0,42.03718237,-95.3819718,19047.0,0.0,0.0,10957.19381688466,0.8681497558328811,1827,1831,16,0,1815,1810,17158,12,0,0,12,21
2020-12-04,US,Iowa,Dallas,6698,60,0,41.68560356,-94.04127625,19049.0,0.0,0.0,7167.239146950874,0.8957897879964168,6638,6612,60,0,6552,6571,90180,86,0,0,86,41
2020-12-04,US,Iowa,Davis,500,11,0,40.74773536,-92.41005468,19051.0,0.0,0.0,5555.555555555556,2.2,489,483,9,0,474,481,9017,17,2,0,15,2
2020-12-04,US,Iowa,Decatur,346,0,0,40.73742757,-93.78645949,19053.0,0.0,0.0,4396.442185514613,0.0,346,341,0,0,341,329,7890,5,0,0,5,12
2020-12-04,US,Iowa,Delaware,1490,22,0,42.47104597,-91.3664492,19055.0,0.0,0.0,8759.038269355124,1.4765100671140938,1468,1476,21,0,1455,1470,17069,14,1,0,13,6
2020-12-04,US,Iowa,Des Moines,3063,23,0,40.92012606,-91.18326592,19057.0,0.0,0.0,7860.497343906381,0.7508978126020242,3040,3006,23,0,2983,2986,39138,57,0,0,57,20
2020-12-04,US,Iowa,Dickinson,1463,12,0,43.37787725,-95.1510206,19059.0,0.0,0.0,8477.227952254027,0.8202323991797676,1451,1458,12,0,1446,1438,17153,5,0,0,5,20
2020-12-04,US,Iowa,Dubuque,9547,100,0,42.46815349,-90.88181925,19061.0,0.0,0.0,9810.81275498145,1.0474494605635278,9447,9479,99,0,9380,9415,96854,68,1,0,67,64
2020-12-04,US,Iowa,Emmet,794,26,0,43.37782951,-94.67858943,19063.0,0.0,0.0,8622.936576889659,3.2745591939546603,768,790,26,0,764,786,9253,4,0,0,4,4
2020-12-04,US,Iowa,Fayette,1118,12,0,42.86271799,-91.84412309999999,19065.0,0.0,0.0,5689.567430025446,1.073345259391771,1106,1098,12,0,1086,1087,19660,20,0,0,20,11
2020-12-04,US,Iowa,Floyd,1129,23,0,43.06000529999999,-92.78940097,19067.0,0.0,0.0,7217.747091164812,2.0372010628875112,1106,1119,21,0,1098,1102,15761,10,2,0,8,17
2020-12-04,US,Iowa,Franklin,768,21,0,42.73270384,-93.26256925,19069.0,0.0,0.0,7626.613704071499,2.734375,747,764,21,0,743,760,10124,4,0,0,4,4
2020-12-04,US,Iowa,Fremont,388,3,0,40.74542720000001,-95.60129045,19071.0,0.0,0.0,5574.71264367816,0.7731958762886598,385,382,3,0,379,374,6993,6,0,0,6,8
2020-12-04,US,Iowa,Greene,547,2,0,42.03614551,-94.39658081,19073.0,0.0,0.0,6154.365436543653,0.3656307129798903,545,542,2,0,540,540,8981,5,0,0,5,2
2020-12-04,US,Iowa,Grundy,900,14,0,42.40183723,-92.78829551,19075.0,0.0,0.0,7357.750163505559,1.5555555555555556,886,895,14,0,881,889,12304,5,0,0,5,6
2020-12-04,US,Iowa,Guthrie,801,15,0,41.68378965,-94.50111014,19077.0,0.0,0.0,7493.685096828514,1.8726591760299625,786,783,15,0,768,771,10720,18,0,0,18,12
2020-12-04,US,Iowa,Hamilton,1207,15,0,42.38382428,-93.70197703,19079.0,0.0,0.0,8170.31070195627,1.2427506213753108,1192,1195,14,0,1181,1177,14952,12,1,0,11,18
2020-12-04,US,Iowa,Hancock,930,8,0,43.08178477,-93.73454884,19081.0,0.0,0.0,8748.824082784571,0.8602150537634409,922,913,8,0,905,900,10712,17,0,0,17,13
2020-12-04,US,Iowa,Hardin,1245,12,0,42.38353877,-93.23654611,19083.0,0.0,0.0,7390.478451858008,0.9638554216867471,1233,1228,12,0,1216,1210,16868,17,0,0,17,18
2020-12-04,US,Iowa,Harrison,1149,32,0,41.68330137,-95.81558439,19085.0,0.0,0.0,8178.518043988896,2.7850304612706696,1117,1134,32,0,1102,1108,14134,15,0,0,15,26
2020-12-04,US,Iowa,Henry,1971,8,0,40.98767962,-91.54436349,19087.0,0.0,0.0,9877.718753132205,0.4058853373921867,1963,1936,7,0,1929,1913,20067,35,1,0,34,23
2020-12-04,US,Iowa,Howard,588,9,0,43.35671042,-92.31702714,19089.0,0.0,0.0,6420.615854990173,1.5306122448979589,579,585,9,0,576,580,9187,3,0,0,3,5
2020-12-04,US,Iowa,Humboldt,828,6,0,42.7764426,-94.20722537,19091.0,0.0,0.0,8662.900188323918,0.7246376811594203,822,812,5,0,807,801,9547,16,1,0,15,11
2020-12-04,US,Iowa,Ida,560,16,0,42.38696136,-95.51355387,19093.0,0.0,0.0,8163.265306122449,2.8571428571428568,544,549,15,0,534,530,6841,11,1,0,10,19
2020-12-04,US,Iowa,Iowa,1020,14,0,41.68630265,-92.0643373,19095.0,0.0,0.0,6302.5210084033615,1.3725490196078431,1006,1014,14,0,1000,1002,16141,6,0,0,6,12
2020-12-04,US,Iowa,Jackson,1527,17,0,42.17178824,-90.57354837,19097.0,0.0,0.0,7855.342353001698,1.1132940406024885,1510,1511,17,0,1494,1488,19432,16,0,0,16,23
2020-12-04,US,Iowa,Jasper,2333,46,0,41.68576082,-93.05567785,19099.0,0.0,0.0,6274.03522925911,1.9717102443206167,2287,2315,46,0,2269,2297,37147,18,0,0,18,18
2020-12-04,US,Iowa,Jefferson,776,6,0,41.03192394,-91.94849466,19101.0,0.0,0.0,4241.596064498497,0.7731958762886598,770,763,5,0,758,751,18381,13,1,0,12,12
2020-12-04,US,Iowa,Johnson,9938,40,0,41.67169354,-91.58754744,19103.0,0.0,0.0,6575.360592827842,0.4024954719259408,9898,9859,39,0,9820,9793,151260,79,1,0,78,66
2020-12-04,US,Iowa,Jones,2384,19,0,42.12118609,-91.13139641,19105.0,0.0,0.0,11527.488999564817,0.7969798657718121,2365,2371,18,0,2353,2359,20744,13,1,0,12,12
2020-12-04,US,Iowa,Keokuk,671,8,0,41.33649833,-92.1785067,19107.0,0.0,0.0,6548.8971305875475,1.1922503725782414,663,656,7,0,649,647,10225,15,1,0,14,9
2020-12-04,US,Iowa,Kossuth,1200,9,0,43.20405458,-94.20691791,19109.0,0.0,0.0,8100.992371565518,0.75,1191,1176,8,0,1168,1160,14908,24,1,0,23,16
2020-12-04,US,Iowa,Lee,2316,21,0,40.64181461,-91.48183025,19111.0,0.0,0.0,6881.183706212674,0.9067357512953368,2295,2287,19,0,2268,2256,34055,29,2,0,27,31
2020-12-04,US,Iowa,Linn,14908,170,0,42.07923082,-91.59809485,19113.0,0.0,0.0,6575.91770839766,1.1403273410249528,14738,14787,169,0,14618,14655,225909,121,1,0,120,132
2020-12-04,US,Iowa,Louisa,908,22,0,41.21842119,-91.26102611,19115.0,0.0,0.0,8228.364295423651,2.4229074889867843,886,901,22,0,879,893,11169,7,0,0,7,8
2020-12-04,US,Iowa,Lucas,353,6,0,41.02958964,-93.32780803,19117.0,0.0,0.0,4104.6511627906975,1.69971671388102,347,341,6,0,335,337,8645,12,0,0,12,4
2020-12-04,US,Iowa,Lyon,1082,10,0,43.38107862,-96.20926845,19119.0,0.0,0.0,9204.593789876648,0.9242144177449167,1072,1076,9,0,1067,1061,11811,6,1,0,5,15
2020-12-04,US,Iowa,Madison,758,5,0,41.33081904,-94.01554631,19121.0,0.0,0.0,4639.490757742687,0.6596306068601583,753,726,5,0,721,717,16249,32,0,0,32,9
2020-12-04,US,Iowa,Mahaska,1360,28,0,41.33521503,-92.64083907,19123.0,0.0,0.0,6155.238741796788,2.0588235294117645,1332,1339,28,0,1311,1333,22000,21,0,0,21,6
2020-12-04,US,Iowa,Marion,2153,24,0,41.33445101,-93.09934783,19125.0,0.0,0.0,6474.603795146302,1.114723641430562,2129,2119,22,0,2097,2102,33407,34,2,0,32,17
2020-12-04,US,Iowa,Marshall,3635,51,0,42.03586837,-92.99908190000001,19127.0,0.0,0.0,9233.15298839188,1.4030261348005502,3584,3609,50,0,3559,3576,39981,26,1,0,25,33
2020-12-04,US,Iowa,Mills,1122,10,0,41.03299766,-95.61920963,19129.0,0.0,0.0,7426.037461115891,0.8912655971479501,1112,1112,9,0,1103,1085,15063,10,1,0,9,27
2020-12-04,US,Iowa,Mitchell,846,10,0,43.35638371,-92.78887719,19131.0,0.0,0.0,7991.6871339505005,1.182033096926714,836,842,9,0,833,836,10569,4,1,0,3,6
2020-12-04,US,Iowa,Monona,464,8,0,42.05220391,-95.95743843,19133.0,0.0,0.0,5385.954730121881,1.7241379310344829,456,456,7,0,449,451,8679,8,1,0,7,5
2020-12-04,US,Iowa,Monroe,469,13,0,41.02988815,-92.8690667,19135.0,0.0,0.0,6085.37693006358,2.771855010660981,456,451,13,0,438,451,7790,18,0,0,18,0
2020-12-04,US,Iowa,Montgomery,531,11,0,41.03018714,-95.15642896,19137.0,0.0,0.0,5354.441867500252,2.071563088512241,520,514,11,0,503,493,10003,17,0,0,17,21
2020-12-04,US,Iowa,Muscatine,3116,72,0,41.48370744,-91.11216970000001,19139.0,0.0,0.0,7303.581473842116,2.310654685494223,3044,3051,72,0,2979,2982,42929,65,0,0,65,69
2020-12-04,US,Iowa,O'Brien,1368,32,0,43.08310673,-95.62474482,19141.0,0.0,0.0,9946.920671853411,2.3391812865497075,1336,1353,32,0,1321,1342,13840,15,0,0,15,11
2020-12-04,US,Iowa,Osceola,551,2,0,43.37824276,-95.62422844,19143.0,0.0,0.0,9248.069822087951,0.3629764065335753,549,546,1,0,545,541,6040,5,1,0,4,5
2020-12-04,US,Iowa,Page,1199,5,0,40.7393172,-95.1497813,19145.0,0.0,0.0,7936.7180777123185,0.4170141784820684,1194,1192,5,0,1187,1166,15249,7,0,0,7,26
2020-12-04,US,Iowa,Palo Alto,679,5,0,43.08193849,-94.67824621,19147.0,0.0,0.0,7641.233400855278,0.7363770250368189,674,674,4,0,670,673,8929,5,1,0,4,1
2020-12-04,US,Iowa,Plymouth,2938,45,0,42.737633,-96.21366621,19149.0,0.0,0.0,11669.380784048933,1.5316541865214433,2893,2870,44,0,2826,2844,25095,68,1,0,67,26
2020-12-04,US,Iowa,Pocahontas,606,4,0,42.73420133,-94.67862564,19151.0,0.0,0.0,9155.461550083091,0.6600660066006601,602,602,4,0,598,598,6740,4,0,0,4,4
2020-12-04,US,Iowa,Polk,35388,352,0,41.68679484,-93.57767461,19153.0,0.0,0.0,7219.668639487842,0.9946874646772916,35036,34873,347,0,34526,34631,487204,515,5,0,510,242
2020-12-04,US,Iowa,Pottawattamie,6926,76,0,41.33640314,-95.53907776,19155.0,0.0,0.0,7430.8520910670995,1.0973144672249495,6850,6824,74,0,6750,6648,93533,102,2,0,100,176
2020-12-04,US,Iowa,Poweshiek,1043,14,0,41.68625425,-92.53155731,19157.0,0.0,0.0,5636.619109381755,1.342281879194631,1029,1037,14,0,1023,1020,18699,6,0,0,6,17
2020-12-04,US,Iowa,Ringgold,251,2,0,40.73518949,-94.24368535,19159.0,0.0,0.0,5128.729055986922,0.796812749003984,249,243,2,0,241,238,4968,8,0,0,8,5
2020-12-04,US,Iowa,Sac,918,9,0,42.38624071,-95.10547892,19161.0,0.0,0.0,9443.472893735212,0.9803921568627452,909,906,8,0,898,897,9719,12,1,0,11,9
2020-12-04,US,Iowa,Scott,11967,95,0,41.63935978,-90.61959493,19163.0,0.0,0.0,6919.6209155617735,0.7938497534887607,11872,11846,92,0,11754,11661,173283,121,3,0,118,185
2020-12-04,US,Iowa,Shelby,815,14,0,41.6850066,-95.31015553,19165.0,0.0,0.0,7115.4181945171995,1.7177914110429449,801,805,11,0,794,795,11578,10,3,0,7,10
2020-12-04,US,Iowa,Sioux,3869,29,0,43.08221074,-96.17675679999999,19167.0,0.0,0.0,11100.272557739205,0.7495476867407599,3840,3838,29,0,3809,3805,34909,31,0,0,31,33
2020-12-04,US,Iowa,Story,7076,25,0,42.03621213,-93.46499005,19169.0,0.0,0.0,7286.057024001978,0.35330695308083665,7051,7019,24,0,6995,6983,98105,57,1,0,56,36
2020-12-04,US,Iowa,Tama,1580,42,0,42.07991767,-92.53266945,19171.0,0.0,0.0,9374.629168149992,2.6582278481012658,1538,1574,42,0,1532,1566,16904,6,0,0,6,8
2020-12-04,US,Iowa,Taylor,482,3,0,40.73710579,-94.69778563,19173.0,0.0,0.0,7874.530305505635,0.6224066390041494,479,483,3,0,480,477,6191,0,0,0,-1,6
2020-12-04,US,Iowa,Unassigned,723,0,0,0.0,0.0,90019.0,0.0,0.0,0.0,0.0,723,709,0,0,709,705,,14,0,0,14,4
2020-12-04,US,Iowa,Union,866,8,0,41.0277278,-94.24234847,19175.0,0.0,0.0,7074.585409688752,0.9237875288683602,858,843,7,0,836,816,12359,23,1,0,22,27
2020-12-04,US,Iowa,Van Buren,384,5,0,40.75326764,-91.95017958,19177.0,0.0,0.0,5451.44804088586,1.3020833333333333,379,381,5,0,376,375,7020,3,0,0,3,6
2020-12-04,US,Iowa,Wapello,2698,72,0,41.03064984,-92.40954728,19179.0,0.0,0.0,7715.405073064714,2.6686434395848777,2626,2650,72,0,2578,2637,35205,48,0,0,48,13
2020-12-04,US,Iowa,Warren,3006,17,0,41.33559454,-93.56007641,19181.0,0.0,0.0,5840.749232503012,0.5655355954757152,2989,2941,15,0,2926,2917,51056,65,2,0,63,24
2020-12-04,US,Iowa,Washington,1521,16,0,41.33577126,-91.71725711,19183.0,0.0,0.0,6924.6528568176645,1.051939513477975,1505,1502,16,0,1486,1497,22141,19,0,0,19,5
2020-12-04,US,Iowa,Wayne,309,7,0,40.73969028,-93.32752197,19185.0,0.0,0.0,4797.3917093619,2.26537216828479,302,308,7,0,301,307,6401,1,0,0,1,1
2020-12-04,US,Iowa,Webster,3817,39,0,42.42853483,-94.17987389,19187.0,0.0,0.0,10631.127450980392,1.021744825779408,3778,3783,39,0,3744,3716,36277,34,0,0,34,67
2020-12-04,US,Iowa,Winnebago,966,25,0,43.37751174,-93.73407298,19189.0,0.0,0.0,9329.72764149121,2.5879917184265007,941,963,25,0,938,948,10518,3,0,0,3,15
2020-12-04,US,Iowa,Winneshiek,1097,14,0,43.29094334,-91.84422722,19191.0,0.0,0.0,5487.469361212546,1.276207839562443,1083,1055,13,0,1042,1027,20029,42,1,0,41,28
2020-12-04,US,Iowa,Woodbury,10820,140,0,42.38979414,-96.0459439,19193.0,0.0,0.0,10493.952883897313,1.2939001848428835,10680,10763,137,0,10626,10622,102539,57,3,0,54,141
2020-12-04,US,Iowa,Worth,390,1,0,43.37750768,-93.26087602,19195.0,0.0,0.0,5283.836878471751,0.2564102564102564,389,388,1,0,387,382,7453,2,0,0,2,6
2020-12-04,US,Iowa,Wright,1329,7,0,42.73305373,-93.73515113,19197.0,0.0,0.0,10579.525553255851,0.526711813393529,1322,1310,7,0,1303,1300,12690,19,0,0,19,10
2020-12-04,US,Kansas,Allen,433,1,0,37.88582951,-95.30030847,20001.0,0.0,0.0,3500.6872018756567,0.2309468822170901,432,402,1,0,401,402,12444,31,0,0,31,0
2020-12-04,US,Kansas,Anderson,417,0,0,38.21413251,-95.29272815,20003.0,0.0,0.0,5306.6938152201565,0.0,417,402,0,0,402,402,7878,15,0,0,15,0
2020-12-04,US,Kansas,Atchison,933,9,0,39.53185661,-95.30870026,20005.0,0.0,0.0,5804.765756237168,0.964630225080386,924,908,9,0,899,908,16193,25,0,0,25,0
2020-12-04,US,Kansas,Barber,206,2,0,37.2288586,-98.68460053,20007.0,0.0,0.0,4653.2640614411575,0.9708737864077671,204,201,2,0,199,201,4472,5,0,0,5,0
2020-12-04,US,Kansas,Barton,1782,13,0,38.47889676,-98.75636726,20009.0,0.0,0.0,6912.603281740952,0.7295173961840629,1769,1742,13,0,1729,1742,26111,40,0,0,40,0
2020-12-04,US,Kansas,Bourbon,641,3,0,37.85508555,-94.84865997,20011.0,0.0,0.0,4410.348149167469,0.4680187207488299,638,609,3,0,606,609,14653,32,0,0,32,0
2020-12-04,US,Kansas,Brown,822,11,0,39.82652589,-95.56421698,20013.0,0.0,0.0,8594.730238393977,1.338199513381995,811,795,11,0,784,795,9598,27,0,0,27,0
2020-12-04,US,Kansas,Butler,3732,13,0,37.78134351,-96.83878537,20015.0,0.0,0.0,5577.558249017351,0.3483386923901393,3719,3559,11,0,3548,3559,66765,173,2,0,171,0
2020-12-04,US,Kansas,Chase,170,3,0,38.30292938,-96.59563862,20017.0,0.0,0.0,6419.939577039275,1.7647058823529411,167,170,3,0,167,170,2629,0,0,0,0,0
2020-12-04,US,Kansas,Chautauqua,102,1,0,37.14994405,-96.2454192,20019.0,0.0,0.0,3138.4615384615386,0.9803921568627452,101,94,1,0,93,94,3309,8,0,0,8,0
2020-12-04,US,Kansas,Cherokee,1240,9,0,37.16928494,-94.8462897,20021.0,0.0,0.0,6218.967851948442,0.7258064516129032,1231,1206,9,0,1197,1206,20015,34,0,0,34,0
2020-12-04,US,Kansas,Cheyenne,223,9,0,39.78580976,-101.7318201,20023.0,0.0,0.0,8392.924350771547,4.035874439461884,214,218,9,0,209,218,2660,5,0,0,5,0
2020-12-04,US,Kansas,Clark,148,5,0,37.23577007,-99.81883015,20025.0,0.0,0.0,7422.266800401204,3.3783783783783785,143,145,5,0,140,145,2005,3,0,0,3,0
2020-12-04,US,Kansas,Clay,478,14,0,39.34948772,-97.16518128,20027.0,0.0,0.0,5973.506623344164,2.928870292887029,464,462,12,0,450,462,7997,16,2,0,14,0
2020-12-04,US,Kansas,Cloud,680,11,0,39.48028352,-97.64925343,20029.0,0.0,0.0,7739.585704529933,1.6176470588235294,669,641,11,0,630,641,8729,39,0,0,39,0
2020-12-04,US,Kansas,Coffey,329,10,0,38.2365018,-95.73379515,20031.0,0.0,0.0,4022.496637730773,3.0395136778115504,319,323,10,0,313,323,8233,6,0,0,6,0
2020-12-04,US,Kansas,Comanche,90,1,0,37.19114520000001,-99.27113247,20033.0,0.0,0.0,5294.117647058823,1.1111111111111112,89,85,0,0,85,85,1748,5,1,0,4,0
2020-12-04,US,Kansas,Cowley,1783,10,0,37.23781842,-96.83776647,20035.0,0.0,0.0,5107.711699323937,0.5608524957936063,1773,1684,10,0,1674,1684,35218,99,0,0,99,0
2020-12-04,US,Kansas,Crawford,2601,18,0,37.50675523,-94.85245778,20037.0,0.0,0.0,6700.499768148798,0.6920415224913494,2583,2507,18,0,2489,2507,39019,94,0,0,94,0
2020-12-04,US,Kansas,Decatur,204,1,0,39.78468441,-100.45940809999999,20039.0,0.0,0.0,7216.130173328617,0.4901960784313725,203,201,1,0,200,201,2871,3,0,0,3,0
2020-12-04,US,Kansas,Dickinson,804,11,0,38.86600962,-97.15532383,20041.0,0.0,0.0,4353.947795949312,1.3681592039800996,793,771,10,0,761,771,18717,33,1,0,32,0
2020-12-04,US,Kansas,Doniphan,547,2,0,39.79067154,-95.14056866,20043.0,0.0,0.0,7197.368421052632,0.3656307129798903,545,534,2,0,532,534,7682,13,0,0,13,0
2020-12-04,US,Kansas,Douglas,5113,27,0,38.88503636,-95.2925121,20045.0,0.0,0.0,4182.105202888949,0.528065714844514,5086,5033,27,0,5006,4968,121436,80,0,0,80,65
2020-12-04,US,Kansas,Edwards,195,0,0,37.88735543,-99.31263309,20047.0,0.0,0.0,6969.263759828448,0.0,195,186,0,0,186,186,2849,9,0,0,9,0
2020-12-04,US,Kansas,Elk,63,0,0,37.45338105,-96.24369667,20049.0,0.0,0.0,2490.118577075099,0.0,63,62,0,0,62,62,2508,1,0,0,1,0
2020-12-04,US,Kansas,Ellis,2630,28,0,38.91458712,-99.31751551,20051.0,0.0,0.0,9210.941056981754,1.064638783269962,2602,2484,28,0,2456,2484,28710,146,0,0,146,0
2020-12-04,US,Kansas,Ellsworth,780,4,0,38.69677695,-98.20462799,20053.0,0.0,0.0,12782.694198623401,0.5128205128205128,776,728,4,0,724,728,6196,52,0,0,52,0
2020-12-04,US,Kansas,Finney,4901,28,0,38.04340344,-100.73819379999999,20055.0,0.0,0.0,13439.548084569611,0.5713119771475209,4873,4846,28,0,4818,4846,36611,55,0,0,55,0
2020-12-04,US,Kansas,Ford,4747,13,0,37.69200114,-99.88825298,20057.0,0.0,0.0,14119.991671376303,0.2738571729513377,4734,4693,13,0,4680,4693,33888,54,0,0,54,0
2020-12-04,US,Kansas,Franklin,1178,17,0,38.56443815,-95.28644341,20059.0,0.0,0.0,4611.650485436892,1.4431239388794568,1161,1144,17,0,1127,1142,25631,34,0,0,34,2
2020-12-04,US,Kansas,Geary,1134,5,0,38.99871131,-96.7577178,20061.0,0.0,0.0,3580.675718345437,0.4409171075837742,1129,1044,5,0,1039,1044,32594,90,0,0,90,0
2020-12-04,US,Kansas,Gove,309,20,0,38.91588178,-100.4829321,20063.0,0.0,0.0,11722.306525037937,6.472491909385114,289,308,20,0,288,308,2612,1,0,0,1,0
2020-12-04,US,Kansas,Graham,178,2,0,39.34987223,-99.88332493,20065.0,0.0,0.0,7171.635777598711,1.1235955056179776,176,163,2,0,161,163,2492,15,0,0,15,0
2020-12-04,US,Kansas,Grant,791,12,0,37.56227336,-101.3079758,20067.0,0.0,0.0,11062.937062937062,1.5170670037926677,779,791,12,0,779,771,7336,0,0,0,0,20
2020-12-04,US,Kansas,Gray,448,4,0,37.73836671,-100.4369088,20069.0,0.0,0.0,7481.629926519706,0.8928571428571429,444,448,4,0,444,448,6033,0,0,0,0,0
2020-12-04,US,Kansas,Greeley,89,0,0,38.4808095,-101.8061079,20071.0,0.0,0.0,7224.025974025974,0.0,89,88,0,0,88,88,1227,1,0,0,1,0
2020-12-04,US,Kansas,Greenwood,253,2,0,37.8774388,-96.23250453,20073.0,0.0,0.0,4229.354730859244,0.7905138339920948,251,227,2,0,225,227,6055,26,0,0,26,0
2020-12-04,US,Kansas,Hamilton,165,0,0,37.99978709,-101.7921066,20075.0,0.0,0.0,6498.621504529342,0.0,165,161,0,0,161,161,2607,4,0,0,4,0
2020-12-04,US,Kansas,Harper,349,14,0,37.19175361,-98.07578384,20077.0,0.0,0.0,6420.161883738043,4.011461318051576,335,334,13,0,321,334,5506,15,1,0,14,0
2020-12-04,US,Kansas,Harvey,1975,17,0,38.04293782,-97.42747573,20079.0,0.0,0.0,5736.443114815998,0.8607594936708861,1958,1911,17,0,1894,1911,34210,64,0,0,64,0
2020-12-04,US,Kansas,Haskell,293,1,0,37.562039399999996,-100.8710738,20081.0,0.0,0.0,7384.072580645161,0.3412969283276451,292,284,1,0,283,284,3997,9,0,0,9,0
2020-12-04,US,Kansas,Hodgeman,145,4,0,38.08780079,-99.89829881,20083.0,0.0,0.0,8082.497212931996,2.7586206896551726,141,143,4,0,139,143,1818,2,0,0,2,0
2020-12-04,US,Kansas,Jackson,762,9,0,39.41673394,-95.79356799,20085.0,0.0,0.0,5785.43770404677,1.1811023622047243,753,735,9,0,726,735,13280,27,0,0,27,0
2020-12-04,US,Kansas,Jefferson,800,8,0,39.2347941,-95.38289232,20087.0,0.0,0.0,4201.018747046159,1.0,792,758,8,0,750,758,18975,42,0,0,42,0
2020-12-04,US,Kansas,Jewell,93,1,0,39.78470589,-98.21820662,20089.0,0.0,0.0,3230.2882945467177,1.075268817204301,92,93,1,0,92,93,2841,0,0,0,0,0
2020-12-04,US,Kansas,Johnson,29272,299,0,38.88548175,-94.82250877,20091.0,0.0,0.0,4859.22168123891,1.021453949166439,28973,28078,294,0,27784,28078,597555,1194,5,0,1189,0
2020-12-04,US,Kansas,Kearny,415,8,0,38.00017981,-101.32168100000001,20093.0,0.0,0.0,10812.923397602919,1.9277108433734942,407,400,8,0,392,400,3943,15,0,0,15,0
2020-12-04,US,Kansas,Kingman,418,5,0,37.55909527,-98.13638678,20095.0,0.0,0.0,5844.519015659957,1.1961722488038278,413,402,4,0,398,402,7310,16,1,0,15,0
2020-12-04,US,Kansas,Kiowa,114,0,0,37.55848695,-99.2856537,20097.0,0.0,0.0,4606.060606060606,0.0,114,111,0,0,111,111,2516,3,0,0,3,0
2020-12-04,US,Kansas,Labette,999,6,0,37.19113093,-95.29849679,20099.0,0.0,0.0,5092.262208176166,0.6006006006006006,993,948,6,0,942,948,19964,51,0,0,51,0
2020-12-04,US,Kansas,Lane,85,0,0,38.48119447,-100.46607540000001,20101.0,0.0,0.0,5537.459283387622,0.0,85,83,0,0,83,83,1560,2,0,0,2,0
2020-12-04,US,Kansas,Leavenworth,4001,32,0,39.20183497,-95.03620809,20103.0,0.0,0.0,4893.710707209079,0.7998000499875031,3969,3895,32,0,3863,3895,81352,106,0,0,106,0
2020-12-04,US,Kansas,Lincoln,109,1,0,39.04549684,-98.20756994,20105.0,0.0,0.0,3679.9459824442943,0.9174311926605504,108,96,1,0,95,96,3023,13,0,0,13,0
2020-12-04,US,Kansas,Linn,337,1,0,38.21267844,-94.84254089,20107.0,0.0,0.0,3473.152633206225,0.2967359050445104,336,324,1,0,323,324,9750,13,0,0,13,0
2020-12-04,US,Kansas,Logan,247,0,0,38.91735806,-101.148475,20109.0,0.0,0.0,8840.372226198999,0.0,247,241,0,0,241,241,2844,6,0,0,6,0
2020-12-04,US,Kansas,Lyon,2812,50,0,38.45576156,-96.15275715,20111.0,0.0,0.0,8471.155294472059,1.7780938833570412,2762,2725,50,0,2675,2725,33406,87,0,0,87,0
2020-12-04,US,Kansas,Marion,449,1,0,38.35855394,-97.09852509999999,20115.0,0.0,0.0,3778.189161898351,0.22271714922049002,448,435,1,0,434,435,11950,14,0,0,14,0
2020-12-04,US,Kansas,Marshall,486,0,0,39.78359669,-96.52278974,20117.0,0.0,0.0,5006.696198619553,0.0,486,469,0,0,469,469,9722,17,0,0,17,0
2020-12-04,US,Kansas,McPherson,1590,10,0,38.39184858,-97.64769869,20113.0,0.0,0.0,5570.737859995796,0.6289308176100629,1580,1590,10,0,1580,1522,28537,0,0,0,0,68
2020-12-04,US,Kansas,Meade,324,2,0,37.23859987,-100.36483100000001,20119.0,0.0,0.0,8033.7217951896855,0.6172839506172839,322,320,2,0,318,320,4146,4,0,0,4,0
2020-12-04,US,Kansas,Miami,1143,3,0,38.56383358,-94.83832189,20121.0,0.0,0.0,3338.493442766597,0.2624671916010499,1140,1091,3,0,1088,1091,33680,52,0,0,52,0
2020-12-04,US,Kansas,Mitchell,277,0,0,39.39331582,-98.20906732,20123.0,0.0,0.0,4632.881752801472,0.0,277,252,0,0,252,252,6150,25,0,0,25,0
2020-12-04,US,Kansas,Montgomery,1269,6,0,37.19236568,-95.74329258,20125.0,0.0,0.0,3986.9301580319843,0.4728132387706856,1263,1225,6,0,1219,1225,32120,44,0,0,44,0
2020-12-04,US,Kansas,Morris,220,1,0,38.68827511,-96.65128437,20127.0,0.0,0.0,3914.590747330961,0.4545454545454545,219,191,1,0,190,191,5521,29,0,0,29,0
2020-12-04,US,Kansas,Morton,181,6,0,37.19141121,-101.79925190000002,20129.0,0.0,0.0,6996.521066872826,3.3149171270718236,175,164,6,0,158,164,2667,17,0,0,17,0
2020-12-04,US,Kansas,Nemaha,1154,24,0,39.78345387,-96.01392079,20131.0,0.0,0.0,11279.44482455283,2.079722703639515,1130,1107,24,0,1083,1107,10155,47,0,0,47,0
2020-12-04,US,Kansas,Neosho,779,1,0,37.55862897,-95.30670046,20133.0,0.0,0.0,4866.620853376648,0.12836970474967907,778,779,1,0,778,730,15951,0,0,0,0,49
2020-12-04,US,Kansas,Ness,290,13,0,38.47974157,-99.91547333,20135.0,0.0,0.0,10545.454545454546,4.482758620689656,277,281,13,0,268,281,2840,9,0,0,9,0
2020-12-04,US,Kansas,Norton,1122,24,0,39.78443827,-99.90286639,20137.0,0.0,0.0,20928.93116955792,2.1390374331550803,1098,1107,24,0,1083,1107,5430,15,0,0,15,0
2020-12-04,US,Kansas,Osage,579,6,0,38.65235984,-95.72707998,20139.0,0.0,0.0,3630.321650260205,1.0362694300518134,573,553,6,0,547,553,15941,26,0,0,26,0
2020-12-04,US,Kansas,Osborne,104,0,0,39.3503437,-98.76753828,20141.0,0.0,0.0,3040.046769950307,0.0,104,98,0,0,98,98,3475,6,0,0,6,0
2020-12-04,US,Kansas,Ottawa,279,0,0,39.13237408,-97.65020313,20143.0,0.0,0.0,4891.304347826087,0.0,279,264,0,0,264,264,5802,15,0,0,15,0
2020-12-04,US,Kansas,Pawnee,742,1,0,38.18108732,-99.23692334,20145.0,0.0,0.0,11568.444028687249,0.1347708894878706,741,717,1,0,716,717,6562,25,0,0,25,0
2020-12-04,US,Kansas,Phillips,484,10,0,39.78465501,-99.34668865,20147.0,0.0,0.0,9247.229652273596,2.066115702479338,474,467,10,0,457,467,5317,17,0,0,17,0
2020-12-04,US,Kansas,Pottawatomie,725,3,0,39.37925655,-96.34564657,20149.0,0.0,0.0,2973.3830947791494,0.4137931034482759,722,703,2,0,701,703,24277,22,1,0,21,0
2020-12-04,US,Kansas,Pratt,545,12,0,37.64780729,-98.73922153,20151.0,0.0,0.0,5947.184635530336,2.201834862385321,533,529,12,0,517,529,9378,16,0,0,16,0
2020-12-04,US,Kansas,Rawlins,248,3,0,39.78525843,-101.07616170000001,20153.0,0.0,0.0,9802.371541501976,1.2096774193548387,245,248,3,0,245,248,2508,0,0,0,0,0
2020-12-04,US,Kansas,Reno,5541,58,0,37.95230263,-98.08607292,20155.0,0.0,0.0,8937.385076937966,1.0467424652589783,5483,5316,57,0,5259,5316,62342,225,1,0,224,0
2020-12-04,US,Kansas,Republic,386,5,0,39.82799632,-97.65036709,20157.0,0.0,0.0,8326.143226919758,1.2953367875647668,381,386,5,0,381,367,4664,0,0,0,0,19
2020-12-04,US,Kansas,Rice,531,1,0,38.34616184,-98.19992118,20159.0,0.0,0.0,5567.788612771312,0.18832391713747645,530,493,1,0,492,493,9531,38,0,0,38,0
2020-12-04,US,Kansas,Riley,3905,16,0,39.28935726,-96.73420026,20161.0,0.0,0.0,5260.534540359952,0.4097311139564661,3889,3780,16,0,3764,3780,73703,125,0,0,125,0
2020-12-04,US,Kansas,Rooks,396,8,0,39.35022773,-99.32484567,20163.0,0.0,0.0,8048.780487804878,2.0202020202020203,388,380,8,0,372,380,5013,16,0,0,16,0
2020-12-04,US,Kansas,Rush,323,0,0,38.52275276,-99.30863983,20165.0,0.0,0.0,10638.998682476944,0.0,323,323,0,0,323,323,3093,0,0,0,0,0
2020-12-04,US,Kansas,Russell,610,15,0,38.91462787,-98.76254297,20167.0,0.0,0.0,8897.316219369895,2.459016393442623,595,575,15,0,560,575,6907,35,0,0,35,0
2020-12-04,US,Kansas,Saline,2786,31,0,38.78369175,-97.65185177,20169.0,0.0,0.0,5137.946296842726,1.1127063890882989,2755,2619,29,0,2590,2619,54401,167,2,0,165,0
2020-12-04,US,Kansas,Scott,476,5,0,38.48222076,-100.90665390000001,20171.0,0.0,0.0,9869.375907111757,1.050420168067227,471,468,5,0,463,468,4897,8,0,0,8,0
2020-12-04,US,Kansas,Sedgwick,29764,172,0,37.6842718,-97.4608198,20173.0,0.0,0.0,5767.747586436762,0.5778793172960623,29592,28617,172,0,28445,28617,513607,1147,0,0,1147,0
2020-12-04,US,Kansas,Seward,3071,13,0,37.19324632,-100.85072009999999,20175.0,0.0,0.0,14331.715512413664,0.4233148811462065,3058,3071,13,0,3058,3006,21780,0,0,0,0,65
2020-12-04,US,Kansas,Shawnee,8568,148,0,39.04100763,-95.75572640000001,20177.0,0.0,0.0,4844.098939929329,1.727357609710551,8420,8179,143,0,8036,8179,177499,389,5,0,384,0
2020-12-04,US,Kansas,Sheridan,330,0,0,39.35018161,-100.44182590000001,20179.0,0.0,0.0,13090.04363347878,0.0,330,325,0,0,325,325,2533,5,0,0,5,0
2020-12-04,US,Kansas,Sherman,480,7,0,39.35147699,-101.71976240000001,20181.0,0.0,0.0,8112.219029913807,1.4583333333333333,473,463,7,0,456,463,5899,17,0,0,17,0
2020-12-04,US,Kansas,Smith,161,1,0,39.78516566,-98.78566062,20183.0,0.0,0.0,4493.441250348869,0.6211180124223602,160,157,1,0,156,157,3603,4,0,0,4,0
2020-12-04,US,Kansas,Stafford,225,3,0,38.03100851,-98.71762001,20185.0,0.0,0.0,5413.85948026949,1.3333333333333333,222,219,3,0,216,219,4178,6,0,0,6,0
2020-12-04,US,Kansas,Stanton,152,2,0,37.56304714,-101.78435340000001,20187.0,0.0,0.0,7577.268195413759,1.3157894736842106,150,150,2,0,148,150,1987,2,0,0,2,0
2020-12-04,US,Kansas,Stevens,461,4,0,37.1923008,-101.3118967,20189.0,0.0,0.0,8404.740200546947,0.8676789587852495,457,449,4,0,445,449,5559,12,0,0,12,0
2020-12-04,US,Kansas,Sumner,914,6,0,37.23682549,-97.47721621,20191.0,0.0,0.0,4002.452268348222,0.6564551422319475,908,858,6,0,852,858,22996,56,0,0,56,0
2020-12-04,US,Kansas,Thomas,751,6,0,39.35107575,-101.0553705,20193.0,0.0,0.0,9656.679953709656,0.7989347536617842,745,751,6,0,745,740,7711,0,0,0,0,11
2020-12-04,US,Kansas,Trego,238,3,0,38.91467218,-99.87284448,20195.0,0.0,0.0,8490.90260435248,1.2605042016806722,235,234,3,0,231,232,2793,4,0,0,4,2
2020-12-04,US,Kansas,Unassigned,0,182,0,0.0,0.0,90020.0,0.0,0.0,0.0,0.0,-182,0,99,0,-99,0,,0,83,0,-83,0
2020-12-04,US,Kansas,Wabaunsee,330,2,0,38.95471985,-96.20350509,20197.0,0.0,0.0,4761.217717501082,0.6060606060606061,328,315,2,0,313,315,6899,15,0,0,15,0
2020-12-04,US,Kansas,Wallace,140,0,0,38.91686134,-101.76388759999999,20199.0,0.0,0.0,9222.661396574442,0.0,140,138,0,0,138,138,1503,2,0,0,2,0
2020-12-04,US,Kansas,Washington,346,7,0,39.78420784,-97.08753229999999,20201.0,0.0,0.0,6400.2959674435815,2.0231213872832368,339,327,6,0,321,327,5420,19,1,0,18,0
2020-12-04,US,Kansas,Wichita,162,2,0,38.48178252,-101.3471509,20203.0,0.0,0.0,7645.115620575743,1.2345679012345678,160,156,2,0,154,156,2105,6,0,0,6,0
2020-12-04,US,Kansas,Wilson,370,4,0,37.55937174,-95.74323255,20205.0,0.0,0.0,4340.175953079179,1.0810810810810811,366,340,4,0,336,340,8665,30,0,0,30,0
2020-12-04,US,Kansas,Woodson,78,0,0,37.8865336,-95.74006277,20207.0,0.0,0.0,2485.65965583174,0.0,78,70,0,0,70,70,3183,8,0,0,8,0
2020-12-04,US,Kansas,Wyandotte,12096,184,0,39.11727348,-94.76378225,20209.0,0.0,0.0,7311.898155704259,1.5211640211640212,11912,11781,183,0,11598,11781,165324,315,1,0,314,0
2020-12-04,US,Kentucky,Adair,800,23,0,37.10459774,-85.28129668,21001.0,0.0,0.0,4166.232684095407,2.875,777,785,23,0,762,776,19215,15,0,0,15,9
2020-12-04,US,Kentucky,Allen,781,14,0,36.75197631,-86.19457544,21003.0,0.0,0.0,3664.086324184847,1.792573623559539,767,761,14,0,747,744,21122,20,0,0,20,17
2020-12-04,US,Kentucky,Anderson,580,1,0,38.00671029,-84.99171713,21005.0,0.0,0.0,2549.7867850705593,0.1724137931034483,579,561,1,0,560,549,22663,19,0,0,19,12
2020-12-04,US,Kentucky,Ballard,170,2,0,37.05842757,-88.99427697,21007.0,0.0,0.0,2155.172413793104,1.1764705882352942,168,166,2,0,164,160,7979,4,0,0,4,6
2020-12-04,US,Kentucky,Barren,2119,31,0,36.96469836,-85.93338945,21009.0,0.0,0.0,4788.808786639246,1.4629542236904198,2088,2096,31,0,2065,2064,44176,23,0,0,23,32
2020-12-04,US,Kentucky,Bath,316,1,0,38.14735938,-83.74588932,21011.0,0.0,0.0,2528.0,0.3164556962025317,315,294,1,0,293,293,12383,22,0,0,22,1
2020-12-04,US,Kentucky,Bell,1340,20,0,36.73355174,-83.67766671,21013.0,0.0,0.0,5147.5107559926255,1.492537313432836,1320,1312,20,0,1292,1290,26569,28,0,0,28,22
2020-12-04,US,Kentucky,Boone,5173,33,0,38.97065142,-84.72615357,21015.0,0.0,0.0,3872.556725881675,0.6379277015271603,5140,5056,32,0,5024,4947,131533,117,1,0,116,109
2020-12-04,US,Kentucky,Bourbon,600,1,0,38.2054607,-84.21827874,21017.0,0.0,0.0,3032.1406913280766,0.16666666666666666,599,582,1,0,581,569,20184,18,0,0,18,13
2020-12-04,US,Kentucky,Boyd,1976,25,0,38.36176608,-82.68652187,21019.0,0.0,0.0,4229.633117856072,1.2651821862348178,1951,1890,25,0,1865,1851,47240,86,0,0,86,39
2020-12-04,US,Kentucky,Boyle,1152,0,0,37.62680923,-84.8633779,21021.0,0.0,0.0,3832.335329341317,0.0,1152,1098,0,0,1098,1073,30100,54,0,0,54,25
2020-12-04,US,Kentucky,Bracken,188,3,0,38.69158994,-84.08532444,21023.0,0.0,0.0,2264.2418402986873,1.5957446808510638,185,176,3,0,173,170,8239,12,0,0,12,6
2020-12-04,US,Kentucky,Breathitt,384,3,0,37.52333168,-83.31959161,21025.0,0.0,0.0,3040.380047505939,0.78125,381,374,3,0,371,374,12726,10,0,0,10,0
2020-12-04,US,Kentucky,Breckinridge,457,4,0,37.77377239,-86.42885017,21027.0,0.0,0.0,2231.772232260585,0.8752735229759301,453,452,4,0,448,450,20388,5,0,0,5,2
2020-12-04,US,Kentucky,Bullitt,3145,22,0,37.97162523,-85.68955617,21029.0,0.0,0.0,3850.580341838484,0.699523052464229,3123,3094,22,0,3072,3024,81069,51,0,0,51,70
2020-12-04,US,Kentucky,Butler,608,16,0,37.20946153,-86.68748787,21031.0,0.0,0.0,4720.863421073064,2.631578947368421,592,600,16,0,584,592,12772,8,0,0,8,8
2020-12-04,US,Kentucky,Caldwell,641,8,0,37.14749129,-87.86948214,21033.0,0.0,0.0,5028.634188436495,1.24804992199688,633,616,7,0,609,610,12715,25,1,0,24,6
2020-12-04,US,Kentucky,Calloway,1876,17,0,36.62093411,-88.2731593,21035.0,0.0,0.0,4810.133073510936,0.9061833688699359,1859,1848,17,0,1831,1803,39135,28,0,0,28,45
2020-12-04,US,Kentucky,Campbell,3131,21,0,38.94384345,-84.37875208,21037.0,0.0,0.0,3345.657377329458,0.6707122325135739,3110,3085,21,0,3064,3028,93152,46,0,0,46,57
2020-12-04,US,Kentucky,Carlisle,218,1,0,36.85372876,-88.96692220000001,21039.0,0.0,0.0,4579.831932773111,0.4587155963302753,217,214,1,0,213,209,4771,4,0,0,4,5
2020-12-04,US,Kentucky,Carroll,374,6,0,38.66599534,-85.12601074,21041.0,0.0,0.0,3518.013357163014,1.60427807486631,368,367,6,0,361,354,10737,7,0,0,7,13
2020-12-04,US,Kentucky,Carter,841,5,0,38.31690743,-83.05092385,21043.0,0.0,0.0,3138.411016158525,0.5945303210463734,836,831,5,0,826,810,27004,10,0,0,10,21
2020-12-04,US,Kentucky,Casey,539,16,0,37.32533118,-84.92726209,21045.0,0.0,0.0,3335.6024506466993,2.9684601113172535,523,532,16,0,516,527,15888,7,0,0,7,5
2020-12-04,US,Kentucky,Christian,3190,43,0,36.89267803,-87.49055367,21047.0,0.0,0.0,4527.327173897617,1.3479623824451408,3147,3151,42,0,3109,3098,71671,39,1,0,38,53
2020-12-04,US,Kentucky,Clark,1049,12,0,37.9689263,-84.14615986,21049.0,0.0,0.0,2892.755701403635,1.1439466158245948,1037,1012,12,0,1000,973,36249,37,0,0,37,39
2020-12-04,US,Kentucky,Clay,1143,8,0,37.16451126,-83.712575,21051.0,0.0,0.0,5743.4299783930455,0.6999125109361329,1135,1122,8,0,1114,1095,20105,21,0,0,21,27
2020-12-04,US,Kentucky,Clinton,434,4,0,36.72581156,-85.13377529,21053.0,0.0,0.0,4247.406537482873,0.9216589861751152,430,424,4,0,420,417,10206,10,0,0,10,7
2020-12-04,US,Kentucky,Crittenden,260,3,0,37.35839237,-88.08826090000002,21055.0,0.0,0.0,2952.5323642970698,1.1538461538461535,257,254,2,0,252,254,8915,6,1,0,5,0
2020-12-04,US,Kentucky,Cumberland,243,0,0,36.78926125,-85.39050034,21057.0,0.0,0.0,3674.024795887511,0.0,243,237,0,0,237,231,6659,6,0,0,6,6
2020-12-04,US,Kentucky,Daviess,3948,54,0,37.73028906,-87.09019479999998,21059.0,0.0,0.0,3889.233679108668,1.3677811550151977,3894,3848,54,0,3794,3766,101104,100,0,0,100,82
2020-12-04,US,Kentucky,Edmonson,408,13,0,37.21218923,-86.23955613,21061.0,0.0,0.0,3358.0246913580245,3.1862745098039214,395,398,13,0,385,390,12274,10,0,0,10,8
2020-12-04,US,Kentucky,Elliott,660,1,0,38.11624059,-83.09771563,21063.0,0.0,0.0,8780.098443528002,0.15151515151515152,659,650,0,0,650,647,7508,10,1,0,9,3
2020-12-04,US,Kentucky,Estill,493,0,0,37.69241417,-83.95956369,21065.0,0.0,0.0,3494.9666808450306,0.0,493,490,0,0,490,489,14198,3,0,0,3,1
2020-12-04,US,Kentucky,Fayette,18595,119,0,38.0368225,-84.45576892,21067.0,0.0,0.0,5754.258058127445,0.6399569776821726,18476,18244,119,0,18125,17873,323780,351,0,0,351,371
2020-12-04,US,Kentucky,Fleming,390,0,0,38.36758311,-83.69657514,21069.0,0.0,0.0,2674.7136684726693,0.0,390,383,0,0,383,367,14432,7,0,0,7,16
2020-12-04,US,Kentucky,Floyd,1346,8,0,37.56213922,-82.74750924,21071.0,0.0,0.0,3782.067492764617,0.5943536404160475,1338,1326,8,0,1318,1309,35845,20,0,0,20,17
2020-12-04,US,Kentucky,Franklin,1554,17,0,38.2379395,-84.87962551,21073.0,0.0,0.0,3047.596634700241,1.0939510939510941,1537,1512,16,0,1496,1479,50815,42,1,0,41,33
2020-12-04,US,Kentucky,Fulton,312,4,0,36.55238827,-89.20140068,21075.0,0.0,0.0,5227.006198693249,1.2820512820512822,308,308,4,0,304,303,6120,4,0,0,4,5
2020-12-04,US,Kentucky,Gallatin,278,9,0,38.75398691,-84.8558382,21077.0,0.0,0.0,3134.5134738978472,3.2374100719424463,269,273,9,0,264,269,8832,5,0,0,5,4
2020-12-04,US,Kentucky,Garrard,676,4,0,37.638866799999995,-84.53289319,21079.0,0.0,0.0,3826.55949281105,0.591715976331361,672,663,4,0,659,644,17560,13,0,0,13,19
2020-12-04,US,Kentucky,Grant,753,6,0,38.64962758,-84.62415957,21081.0,0.0,0.0,3003.7097610594756,0.796812749003984,747,739,6,0,733,725,25121,14,0,0,14,14
2020-12-04,US,Kentucky,Graves,2014,39,0,36.72292505,-88.65143315,21083.0,0.0,0.0,5404.3900606450925,1.936444885799404,1975,1975,39,0,1936,1915,37317,39,0,0,39,60
2020-12-04,US,Kentucky,Grayson,999,25,0,37.46231118,-86.34248968,21085.0,0.0,0.0,3780.2247701214665,2.5025025025025025,974,985,25,0,960,963,26321,14,0,0,14,22
2020-12-04,US,Kentucky,Green,531,10,0,37.26484328,-85.5540745,21087.0,0.0,0.0,4853.304085549767,1.8832391713747645,521,517,10,0,507,512,11049,14,0,0,14,5
2020-12-04,US,Kentucky,Greenup,1590,16,0,38.54332505,-82.9215658,21089.0,0.0,0.0,4530.172659410792,1.0062893081761006,1574,1562,13,0,1549,1503,35268,28,3,0,25,59
2020-12-04,US,Kentucky,Hancock,328,9,0,37.83766422,-86.78280584,21091.0,0.0,0.0,3760.605365741802,2.7439024390243905,319,320,9,0,311,313,8758,8,0,0,8,7
2020-12-04,US,Kentucky,Hardin,4678,32,0,37.6976111,-85.96319251,21093.0,0.0,0.0,4216.00966131329,0.6840530141085934,4646,4611,32,0,4579,4465,110356,67,0,0,67,146
2020-12-04,US,Kentucky,Harlan,980,15,0,36.85699301,-83.21899516,21095.0,0.0,0.0,3767.781622452903,1.5306122448979589,965,967,15,0,952,944,26409,13,0,0,13,23
2020-12-04,US,Kentucky,Harrison,511,1,0,38.44188174,-84.32869741,21097.0,0.0,0.0,2705.7079318013343,0.19569471624266144,510,508,1,0,507,501,18778,3,0,0,3,7
2020-12-04,US,Kentucky,Hart,940,4,0,37.29943898,-85.88461055,21099.0,0.0,0.0,4938.2716049382725,0.425531914893617,936,915,4,0,911,865,18906,25,0,0,25,50
2020-12-04,US,Kentucky,Henderson,2242,38,0,37.79344553,-87.57392021,21101.0,0.0,0.0,4959.0798495907975,1.6949152542372878,2204,2197,38,0,2159,2167,45591,45,0,0,45,30
2020-12-04,US,Kentucky,Henry,550,3,0,38.44942688,-85.11587507,21103.0,0.0,0.0,3410.641200545703,0.5454545454545454,547,536,3,0,533,524,16106,14,0,0,14,12
2020-12-04,US,Kentucky,Hickman,182,3,0,36.67948079999999,-88.97875928,21105.0,0.0,0.0,4155.251141552511,1.6483516483516485,179,175,3,0,172,170,4421,7,0,0,7,5
2020-12-04,US,Kentucky,Hopkins,1987,50,0,37.30939025,-87.54670406,21107.0,0.0,0.0,4446.582822360471,2.5163563160543534,1937,1948,49,0,1899,1915,45068,39,1,0,38,33
2020-12-04,US,Kentucky,Jackson,687,17,0,37.41866422,-83.99825483,21109.0,0.0,0.0,5154.1751069097445,2.4745269286754,670,677,17,0,660,670,13442,10,0,0,10,7
2020-12-04,US,Kentucky,Jefferson,39814,465,0,38.18664655,-85.65931031,21111.0,0.0,0.0,5192.51862063209,1.167930878585422,39349,39246,463,0,38783,38587,770517,568,2,0,566,659
2020-12-04,US,Kentucky,Jessamine,1962,34,0,37.87119786,-84.58252003,21113.0,0.0,0.0,3625.612122332071,1.7329255861365953,1928,1925,34,0,1891,1891,53920,37,0,0,37,34
2020-12-04,US,Kentucky,Johnson,846,7,0,37.85106355,-82.8264322,21115.0,0.0,0.0,3812.871822606816,0.8274231678486997,839,820,4,0,816,813,22386,26,3,0,23,7
2020-12-04,US,Kentucky,Kenton,5943,62,0,38.93950319,-84.53241199,21117.0,0.0,0.0,3558.7252541946614,1.0432441527847889,5881,5835,62,0,5773,5705,166051,108,0,0,108,130
2020-12-04,US,Kentucky,Knott,588,9,0,37.35388197,-82.94981134,21119.0,0.0,0.0,3971.3629609617733,1.5306122448979589,579,583,9,0,574,578,15126,5,0,0,5,5
2020-12-04,US,Kentucky,Knox,1300,10,0,36.89225732,-83.85403396,21121.0,0.0,0.0,4174.024723069513,0.7692307692307693,1290,1260,10,0,1250,1241,31304,40,0,0,40,19
2020-12-04,US,Kentucky,Larue,602,1,0,37.54567114,-85.70138352,21123.0,0.0,0.0,4181.13626892624,0.16611295681063126,601,595,1,0,594,588,14307,7,0,0,7,7
2020-12-04,US,Kentucky,Laurel,2694,11,0,37.10975748,-84.11321779,21125.0,0.0,0.0,4429.973854274579,0.4083147735708983,2683,2643,11,0,2632,2600,60669,51,0,0,51,43
2020-12-04,US,Kentucky,Lawrence,464,2,0,38.07136018,-82.72882223,21127.0,0.0,0.0,3029.313834301757,0.4310344827586207,462,448,1,0,447,434,15571,16,1,0,15,14
2020-12-04,US,Kentucky,Lee,957,15,0,37.59645942,-83.71513901,21129.0,0.0,0.0,12927.191679049034,1.567398119122257,942,955,15,0,940,949,7033,2,0,0,2,6
2020-12-04,US,Kentucky,Leslie,323,1,0,37.09246661,-83.37999606,21131.0,0.0,0.0,3270.223752151463,0.30959752321981426,322,314,1,0,313,305,10143,9,0,0,9,9
2020-12-04,US,Kentucky,Letcher,565,2,0,37.12306748,-82.85346474,21133.0,0.0,0.0,2621.4448104672197,0.3539823008849557,563,547,2,0,545,541,21899,18,0,0,18,6
2020-12-04,US,Kentucky,Lewis,569,21,0,38.53184419,-83.37735618,21135.0,0.0,0.0,4286.252354048965,3.690685413005272,548,545,20,0,525,516,13257,24,1,0,23,29
2020-12-04,US,Kentucky,Lincoln,823,20,0,37.45475628,-84.6565327,21137.0,0.0,0.0,3352.478716037313,2.4301336573511545,803,808,20,0,788,778,24644,15,0,0,15,30
2020-12-04,US,Kentucky,Livingston,323,3,0,37.21137452,-88.34797529,21139.0,0.0,0.0,3513.160757015445,0.9287925696594428,320,316,3,0,313,314,9242,7,0,0,7,2
2020-12-04,US,Kentucky,Logan,1293,35,0,36.85949479,-86.877635,21141.0,0.0,0.0,4770.865618773521,2.7068832173240525,1258,1279,35,0,1244,1265,26989,14,0,0,14,14
2020-12-04,US,Kentucky,Lyon,216,5,0,37.02080035,-88.07886257,21143.0,0.0,0.0,2630.937880633374,2.314814814814815,211,211,5,0,206,211,8009,5,0,0,5,0
2020-12-04,US,Kentucky,Madison,4267,21,0,37.71659336,-84.27220275,21151.0,0.0,0.0,4588.813490057751,0.492149050855402,4246,4200,19,0,4181,4120,92368,67,2,0,65,80
2020-12-04,US,Kentucky,Magoffin,553,1,0,37.70820545,-83.0657714,21153.0,0.0,0.0,4547.323410903709,0.18083182640144665,552,544,1,0,543,541,12362,9,0,0,9,3
2020-12-04,US,Kentucky,Marion,1160,14,0,37.55218078,-85.26898542,21155.0,0.0,0.0,6018.782753074249,1.206896551724138,1146,1122,13,0,1109,1097,19404,38,1,0,37,25
2020-12-04,US,Kentucky,Marshall,1076,15,0,36.88007070000001,-88.32803576,21157.0,0.0,0.0,3459.807073954984,1.3940520446096654,1061,1049,14,0,1035,1034,31191,27,1,0,26,15
2020-12-04,US,Kentucky,Martin,465,9,0,37.79990579,-82.51247478,21159.0,0.0,0.0,4153.640017865117,1.935483870967742,456,457,8,0,449,449,11323,8,1,0,7,8
2020-12-04,US,Kentucky,Mason,530,3,0,38.59471935,-83.82151043,21161.0,0.0,0.0,3104.862331575864,0.5660377358490566,527,515,3,0,512,474,17150,15,0,0,15,41
2020-12-04,US,Kentucky,McCracken,3192,30,0,37.05350953,-88.70445755,21145.0,0.0,0.0,4879.390993304594,0.9398496240601504,3162,3145,29,0,3116,3042,65346,47,1,0,46,103
2020-12-04,US,Kentucky,McCreary,458,1,0,36.73874143,-84.48102924,21147.0,0.0,0.0,2658.000116069874,0.2183406113537118,457,451,1,0,450,427,17408,7,0,0,7,24
2020-12-04,US,Kentucky,McLean,419,18,0,37.5301951,-87.26803443,21149.0,0.0,0.0,4550.885196046486,4.295942720763724,401,411,18,0,393,404,9252,8,0,0,8,7
2020-12-04,US,Kentucky,Meade,725,4,0,37.96163597,-86.21028219,21163.0,0.0,0.0,2537.4492510149803,0.5517241379310345,721,716,4,0,712,687,28715,9,0,0,9,29
2020-12-04,US,Kentucky,Menifee,137,1,0,37.94090733,-83.59985712,21165.0,0.0,0.0,2111.2652180613345,0.7299270072992701,136,136,1,0,135,136,6451,1,0,0,1,0
2020-12-04,US,Kentucky,Mercer,788,6,0,37.81474237,-84.87488475,21167.0,0.0,0.0,3592.759768385538,0.7614213197969543,782,781,6,0,775,752,21774,7,0,0,7,29
2020-12-04,US,Kentucky,Metcalfe,436,5,0,36.99459295,-85.63123699,21169.0,0.0,0.0,4329.262238109423,1.1467889908256879,431,413,5,0,408,401,10030,23,0,0,23,12
2020-12-04,US,Kentucky,Monroe,751,18,0,36.71225341,-85.71596443,21171.0,0.0,0.0,7051.643192488263,2.396804260985353,733,743,17,0,726,734,10718,8,1,0,7,9
2020-12-04,US,Kentucky,Montgomery,1018,11,0,38.03253032,-83.9145241,21173.0,0.0,0.0,3615.441986007032,1.080550098231827,1007,1005,11,0,994,985,28203,13,0,0,13,20
2020-12-04,US,Kentucky,Morgan,354,0,0,37.92465657,-83.25558245,21175.0,0.0,0.0,2659.854233977008,0.0,354,350,0,0,350,345,13345,4,0,0,4,5
2020-12-04,US,Kentucky,Muhlenberg,1470,20,0,37.21425819,-87.14632053,21177.0,0.0,0.0,4800.470250146953,1.3605442176870748,1450,1450,19,0,1431,1423,30774,20,1,0,19,27
2020-12-04,US,Kentucky,Nelson,2296,6,0,37.80335779,-85.4657193,21179.0,0.0,0.0,4966.149719897043,0.2613240418118467,2290,2273,6,0,2267,2225,45851,23,0,0,23,48
2020-12-04,US,Kentucky,Nicholas,180,3,0,38.33342292,-84.01889177,21181.0,0.0,0.0,2476.269087907553,1.6666666666666667,177,178,3,0,175,178,7166,2,0,0,2,0
2020-12-04,US,Kentucky,Ohio,1116,18,0,37.47751843,-86.85368087,21183.0,0.0,0.0,4651.1627906976755,1.6129032258064515,1098,1070,18,0,1052,1022,24087,46,0,0,46,48
2020-12-04,US,Kentucky,Oldham,2705,35,0,38.39791089,-85.448222,21185.0,0.0,0.0,4049.461818290693,1.2939001848428835,2670,2652,35,0,2617,2608,66470,53,0,0,53,44
2020-12-04,US,Kentucky,Owen,227,3,0,38.51679143,-84.82404619,21187.0,0.0,0.0,2082.377763507935,1.3215859030837005,224,214,3,0,211,206,10880,13,0,0,13,8
2020-12-04,US,Kentucky,Owsley,250,1,0,37.42823949,-83.68811419,21189.0,0.0,0.0,5662.5141562853905,0.4,249,243,1,0,242,240,4472,7,0,0,7,3
2020-12-04,US,Kentucky,Pendleton,429,1,0,38.69607718,-84.35599463,21191.0,0.0,0.0,2940.3701165181633,0.2331002331002331,428,412,1,0,411,405,14529,17,0,0,17,7
2020-12-04,US,Kentucky,Perry,1121,11,0,37.25023553,-83.22922731,21193.0,0.0,0.0,4352.045966301732,0.9812667261373772,1110,1105,11,0,1094,1040,26092,16,0,0,16,65
2020-12-04,US,Kentucky,Pike,2013,22,0,37.47088263,-82.39487445,21195.0,0.0,0.0,3478.125647936969,1.0928961748633879,1991,1963,22,0,1941,1942,58402,50,0,0,50,21
2020-12-04,US,Kentucky,Powell,528,0,0,37.83218794,-83.82553961,21197.0,0.0,0.0,4272.190306659115,0.0,528,520,0,0,520,507,12442,8,0,0,8,13
2020-12-04,US,Kentucky,Pulaski,1774,13,0,37.10466131,-84.57629079,21199.0,0.0,0.0,2730.1128056756797,0.7328072153325818,1761,1724,13,0,1711,1700,64623,50,0,0,50,24
2020-12-04,US,Kentucky,Robertson,93,3,0,38.51923469,-84.05055616,21201.0,0.0,0.0,4411.764705882353,3.2258064516129035,90,91,3,0,88,88,2135,2,0,0,2,3
2020-12-04,US,Kentucky,Rockcastle,583,7,0,37.36642393,-84.31176452,21203.0,0.0,0.0,3492.0634920634916,1.2006861063464838,576,570,7,0,563,550,16750,13,0,0,13,20
2020-12-04,US,Kentucky,Rowan,898,2,0,38.19484205,-83.42088935,21205.0,0.0,0.0,3671.300081766149,0.22271714922049002,896,891,2,0,889,865,24583,7,0,0,7,26
2020-12-04,US,Kentucky,Russell,600,7,0,36.99308373,-85.06070117,21207.0,0.0,0.0,3347.653852591641,1.1666666666666667,593,592,7,0,585,587,17821,8,0,0,8,5
2020-12-04,US,Kentucky,Scott,1864,21,0,38.29622293,-84.5816631,21209.0,0.0,0.0,3269.9459687039507,1.1266094420600858,1843,1829,21,0,1808,1811,56031,35,0,0,35,18
2020-12-04,US,Kentucky,Shelby,2367,27,0,38.21476019,-85.194223,21211.0,0.0,0.0,4828.247389033942,1.1406844106463878,2340,2339,27,0,2312,2294,48518,28,0,0,28,45
2020-12-04,US,Kentucky,Simpson,781,8,0,36.74058474,-86.58047435,21213.0,0.0,0.0,4205.255222916218,1.0243277848911652,773,756,8,0,748,736,18529,25,0,0,25,20
2020-12-04,US,Kentucky,Spencer,688,2,0,38.03223971,-85.32749335,21215.0,0.0,0.0,3555.371815410056,0.2906976744186047,686,674,2,0,672,660,18794,14,0,0,14,14
2020-12-04,US,Kentucky,Taylor,1059,7,0,37.3677562,-85.3329931,21217.0,0.0,0.0,4109.58904109589,0.6610009442870632,1052,1025,7,0,1018,1003,25549,34,0,0,34,22
2020-12-04,US,Kentucky,Todd,458,13,0,36.8381152,-87.17878374,21219.0,0.0,0.0,3725.394501382788,2.838427947598253,445,453,13,0,440,448,12311,5,0,0,5,5
2020-12-04,US,Kentucky,Trigg,432,2,0,36.80767017,-87.87333656,21221.0,0.0,0.0,2948.6041908402162,0.462962962962963,430,426,2,0,424,427,14643,6,0,0,6,0
2020-12-04,US,Kentucky,Trimble,202,0,0,38.61056487,-85.33775972,21223.0,0.0,0.0,2384.6063038602288,0.0,202,199,0,0,199,190,8515,3,0,0,3,9
2020-12-04,US,Kentucky,Union,756,7,0,37.66166713,-87.94300009,21225.0,0.0,0.0,5256.936235310479,0.925925925925926,749,750,7,0,743,743,14505,6,0,0,6,7
2020-12-04,US,Kentucky,Warren,7738,78,0,36.99903045,-86.42672751,21227.0,0.0,0.0,5822.598121839634,1.0080124063065392,7660,7637,78,0,7559,7541,131264,101,0,0,101,96
2020-12-04,US,Kentucky,Washington,629,3,0,37.75599461,-85.17407732,21229.0,0.0,0.0,5200.496072757338,0.4769475357710652,626,592,3,0,589,581,12084,37,0,0,37,11
2020-12-04,US,Kentucky,Wayne,600,2,0,36.80310688,-84.8251971,21231.0,0.0,0.0,2950.8680470171644,0.3333333333333333,598,591,2,0,589,578,20468,9,0,0,9,13
2020-12-04,US,Kentucky,Webster,595,7,0,37.52168356,-87.67989953,21233.0,0.0,0.0,4597.434708700355,1.1764705882352942,588,587,7,0,580,579,13111,8,0,0,8,8
2020-12-04,US,Kentucky,Whitley,1684,8,0,36.75700531,-84.14541217,21235.0,0.0,0.0,4643.723803220825,0.4750593824228028,1676,1646,8,0,1638,1601,36242,38,0,0,38,45
2020-12-04,US,Kentucky,Wolfe,202,1,0,37.73941626,-83.49303612,21237.0,0.0,0.0,2822.4116249825347,0.4950495049504951,201,202,1,0,201,196,7177,0,0,0,0,6
2020-12-04,US,Kentucky,Woodford,883,1,0,38.04178222,-84.7417556,21239.0,0.0,0.0,3302.910151866537,0.1132502831257078,882,861,1,0,860,824,26533,22,0,0,22,37
2020-12-04,US,Louisiana,Acadia,4197,118,0,30.295064899999996,-92.41419698,22001.0,0.0,0.0,6764.445160770409,2.811532046700024,4079,4129,118,0,4011,4079,62190,68,0,0,68,50
2020-12-04,US,Louisiana,Allen,2150,68,0,30.65385745,-92.82442028,22003.0,0.0,0.0,8389.589105240566,3.1627906976744184,2082,2137,68,0,2069,2127,25605,13,0,0,13,10
2020-12-04,US,Louisiana,Ascension,6074,109,0,30.20406249,-90.91328409999998,22005.0,0.0,0.0,4797.636725537896,1.7945340796838989,5965,5927,108,0,5819,5896,124672,147,1,0,146,31
2020-12-04,US,Louisiana,Assumption,1067,25,0,29.89946234,-91.06461642,22007.0,0.0,0.0,4874.1491937325845,2.343017806935333,1042,1046,25,0,1021,1037,22300,21,0,0,21,9
2020-12-04,US,Louisiana,Avoyelles,2220,70,0,31.07796211,-92.00079449,22009.0,0.0,0.0,5530.0916699880445,3.1531531531531534,2150,2196,70,0,2126,2171,40462,24,0,0,24,25
2020-12-04,US,Louisiana,Beauregard,1461,50,0,30.64836518,-93.34173616,22011.0,0.0,0.0,3896.311704936396,3.4223134839151266,1411,1442,50,0,1392,1418,37253,19,0,0,19,24
2020-12-04,US,Louisiana,Bienville,853,37,0,32.34569994,-93.05398492,22013.0,0.0,0.0,6442.1116229892,4.337631887456038,816,830,37,0,793,810,13308,23,0,0,23,20
2020-12-04,US,Louisiana,Bossier,6734,158,0,32.67932307,-93.60460152,22015.0,0.0,0.0,5300.734420138698,2.3463023463023465,6576,6596,158,0,6438,6528,127185,138,0,0,138,68
2020-12-04,US,Louisiana,Caddo,14271,449,0,32.57991587,-93.88375652,22017.0,0.0,0.0,5941.199980016985,3.1462406278466815,13822,14090,448,0,13642,13926,242922,181,1,0,180,164
2020-12-04,US,Louisiana,Calcasieu,10939,252,0,30.22931235,-93.35400434,22019.0,0.0,0.0,5377.121060186005,2.303684066185209,10687,10856,252,0,10604,10764,203112,83,0,0,83,92
2020-12-04,US,Louisiana,Caldwell,682,11,0,32.0902519,-92.11752148,22021.0,0.0,0.0,6876.3863682194,1.6129032258064515,671,674,10,0,664,656,9960,8,1,0,7,18
2020-12-04,US,Louisiana,Cameron,305,3,0,29.87592238,-93.19310676,22023.0,0.0,0.0,4374.014054209092,0.9836065573770492,302,304,3,0,301,304,6968,1,0,0,1,0
2020-12-04,US,Louisiana,Catahoula,660,18,0,31.66778967,-91.84526385,22025.0,0.0,0.0,6951.759005687802,2.727272727272727,642,655,18,0,637,643,9608,5,0,0,5,12
2020-12-04,US,Louisiana,Claiborne,773,32,0,32.82308512,-92.99526883,22027.0,0.0,0.0,4932.992980216975,4.139715394566624,741,769,32,0,737,766,15944,4,0,0,4,3
2020-12-04,US,Louisiana,Concordia,1063,31,0,31.44817835,-91.63814433,22029.0,0.0,0.0,5519.497377849317,2.9162746942615243,1032,1052,30,0,1022,1036,19572,11,1,0,10,16
2020-12-04,US,Louisiana,De Soto,1366,39,0,32.05457447,-93.74130302,22031.0,0.0,0.0,4973.964971051961,2.8550512445095166,1327,1341,39,0,1302,1320,27436,25,0,0,25,21
2020-12-04,US,Louisiana,East Baton Rouge,20941,522,0,30.53842039,-91.09777565,22033.0,0.0,0.0,4758.6800860793655,2.4927176352609712,20419,20746,520,0,20226,20565,440956,195,2,0,193,181
2020-12-04,US,Louisiana,East Carroll,849,11,0,32.73926954,-91.23425694,22035.0,0.0,0.0,12374.289462177525,1.2956419316843346,838,820,10,0,810,764,7037,29,1,0,28,56
2020-12-04,US,Louisiana,East Feliciana,2206,85,0,30.84425359,-91.04976723,22037.0,0.0,0.0,11528.612490201202,3.85312783318223,2121,2185,85,0,2100,2171,19305,21,0,0,21,14
2020-12-04,US,Louisiana,Evangeline,2067,46,0,30.72985248,-92.39915924,22039.0,0.0,0.0,6189.549333732594,2.2254475084663765,2021,2028,45,0,1983,1994,33443,39,1,0,38,34
2020-12-04,US,Louisiana,Franklin,1778,65,0,32.13675181,-91.67589857,22041.0,0.0,0.0,8883.337496877342,3.655793025871766,1713,1760,65,0,1695,1749,20156,18,0,0,18,11
2020-12-04,US,Louisiana,Grant,944,32,0,31.59882456,-92.56124347,22043.0,0.0,0.0,4216.356246370986,3.3898305084745757,912,916,32,0,884,903,22482,28,0,0,28,13
2020-12-04,US,Louisiana,Iberia,3862,110,0,29.86803617,-91.75871777,22045.0,0.0,0.0,5530.57425175426,2.8482651475919214,3752,3832,110,0,3722,3773,70941,30,0,0,30,59
2020-12-04,US,Louisiana,Iberville,2133,66,0,30.25734305,-91.3499598,22047.0,0.0,0.0,6560.856325551353,3.094233473980309,2067,2113,65,0,2048,2089,32721,20,1,0,19,24
2020-12-04,US,Louisiana,Jackson,1195,33,0,32.30251776,-92.55692092,22049.0,0.0,0.0,7590.193089430893,2.7615062761506275,1162,1182,33,0,1149,1171,15902,13,0,0,13,11
2020-12-04,US,Louisiana,Jefferson,24588,631,0,29.74075478,-90.11115756,22051.0,0.0,0.0,5685.178719655577,2.5662925004067025,23957,24328,631,0,23697,24084,434051,260,0,0,260,244
2020-12-04,US,Louisiana,Jefferson Davis,1829,52,0,30.26896765,-92.81210004,22053.0,0.0,0.0,5830.782963529712,2.8430836522689997,1777,1802,51,0,1751,1787,31582,27,1,0,26,15
2020-12-04,US,Louisiana,LaSalle,950,21,0,31.67884782,-92.15907765,22059.0,0.0,0.0,6379.264034380875,2.2105263157894743,929,935,20,0,915,922,14917,15,1,0,14,13
2020-12-04,US,Louisiana,Lafayette,12877,157,0,30.2049055,-92.06959876,22055.0,0.0,0.0,5269.037194647899,1.2192280810747844,12720,12674,156,0,12518,12509,242782,203,1,0,202,165
2020-12-04,US,Louisiana,Lafourche,5001,142,0,29.52470226,-90.40976986,22057.0,0.0,0.0,5123.240518778044,2.8394321135772844,4859,4934,141,0,4793,4882,98115,67,1,0,66,52
2020-12-04,US,Louisiana,Lincoln,2697,61,0,32.6003154,-92.66597409999999,22061.0,0.0,0.0,5769.97133199264,2.2617723396366336,2636,2638,61,0,2577,2607,47196,59,0,0,59,31
2020-12-04,US,Louisiana,Livingston,6445,96,0,30.44143993,-90.73061664,22063.0,0.0,0.0,4577.772411196897,1.4895267649340571,6349,6356,95,0,6261,6310,139567,89,1,0,88,46
2020-12-04,US,Louisiana,Madison,1118,15,0,32.36918118,-91.23973355,22065.0,0.0,0.0,10209.113322984202,1.3416815742397137,1103,1098,15,0,1083,1074,11161,20,0,0,20,24
2020-12-04,US,Louisiana,Morehouse,1528,35,0,32.81686191,-91.80421614,22067.0,0.0,0.0,6142.960521025971,2.2905759162303663,1493,1491,35,0,1456,1455,25398,37,0,0,37,36
2020-12-04,US,Louisiana,Natchitoches,2163,51,0,31.72321584,-93.09816516,22069.0,0.0,0.0,5668.536086797002,2.3578363384188625,2112,2144,49,0,2095,2123,38659,19,2,0,17,21
2020-12-04,US,Louisiana,Orleans,16733,649,0,30.06971951,-89.92660315,22071.0,0.0,0.0,4288.929215879265,3.8785633179943817,16084,16580,649,0,15931,16421,391006,153,0,0,153,159
2020-12-04,US,Louisiana,Ouachita,10648,217,0,32.47645559,-92.15704172,22073.0,0.0,0.0,6946.80941290066,2.03794139744553,10431,10482,217,0,10265,10324,154475,166,0,0,166,158
2020-12-04,US,Louisiana,Plaquemines,1278,20,0,29.42245447,-89.60322085,22075.0,0.0,0.0,5509.333103418546,1.5649452269170578,1258,1258,20,0,1238,1222,23410,20,0,0,20,36
2020-12-04,US,Louisiana,Pointe Coupee,1484,49,0,30.71409502,-91.60209535,22077.0,0.0,0.0,6829.268292682928,3.30188679245283,1435,1441,49,0,1392,1419,21940,43,0,0,43,22
2020-12-04,US,Louisiana,Rapides,6562,194,0,31.19778499,-92.52997303,22079.0,0.0,0.0,5061.397013451808,2.9564157269125273,6368,6528,193,0,6335,6454,130562,34,1,0,33,74
2020-12-04,US,Louisiana,Red River,582,26,0,32.09530039,-93.34213308,22081.0,0.0,0.0,6894.1009239516725,4.4673539518900345,556,573,26,0,547,573,8477,9,0,0,9,0
2020-12-04,US,Louisiana,Richland,1449,32,0,32.41391005,-91.76634876,22083.0,0.0,0.0,7201.073451943147,2.2084195997239475,1417,1436,32,0,1404,1424,20192,13,0,0,13,12
2020-12-04,US,Louisiana,Sabine,1619,21,0,31.56388699,-93.55433981,22085.0,0.0,0.0,6778.596549991626,1.2970969734403952,1598,1600,21,0,1579,1557,24032,19,0,0,19,43
2020-12-04,US,Louisiana,St. Bernard,1921,34,0,29.87761636,-89.51887093,22087.0,0.0,0.0,4066.124798916264,1.7699115044247788,1887,1910,34,0,1876,1885,46721,11,0,0,11,25
2020-12-04,US,Louisiana,St. Charles,2812,70,0,29.90709658,-90.35555967,22089.0,0.0,0.0,5295.668549905838,2.4893314366998576,2742,2758,70,0,2688,2709,52879,54,0,0,54,49
2020-12-04,US,Louisiana,St. Helena,556,4,0,30.82210324,-90.71013176,22091.0,0.0,0.0,5487.564153178048,0.7194244604316546,552,549,4,0,545,527,10262,7,0,0,7,22
2020-12-04,US,Louisiana,St. James,1035,40,0,30.02531716,-90.80212061,22093.0,0.0,0.0,4906.143344709898,3.864734299516908,995,1014,40,0,974,1011,21037,21,0,0,21,3
2020-12-04,US,Louisiana,St. John the Baptist,2094,116,0,30.12597499,-90.4753503,22095.0,0.0,0.0,4888.297499824917,5.539637058261699,1978,2076,116,0,1960,2042,43184,18,0,0,18,34
2020-12-04,US,Louisiana,St. Landry,5332,165,0,30.59724262,-92.00135806,22097.0,0.0,0.0,6492.6209147143345,3.094523630907727,5167,5265,165,0,5100,5215,82764,67,0,0,67,50
2020-12-04,US,Louisiana,St. Martin,2879,73,0,30.13112107,-91.61403569,22099.0,0.0,0.0,5388.257752989837,2.5356026398054885,2806,2845,73,0,2772,2812,53621,34,0,0,34,33
2020-12-04,US,Louisiana,St. Mary,2441,96,0,29.69262097,-91.44702164,22101.0,0.0,0.0,4946.502391180999,3.932814420319541,2345,2426,96,0,2330,2409,49774,15,0,0,15,17
2020-12-04,US,Louisiana,St. Tammany,11128,298,0,30.40942847,-89.95642711,22103.0,0.0,0.0,4273.113712901132,2.677929547088425,10830,10983,296,0,10687,10878,258111,145,2,0,143,105
2020-12-04,US,Louisiana,Tangipahoa,7052,145,0,30.62888673,-90.40664996,22105.0,0.0,0.0,5233.084492200834,2.0561542824730568,6907,6982,145,0,6837,6911,133777,70,0,0,70,71
2020-12-04,US,Louisiana,Tensas,221,3,0,32.00760749,-91.32915234,22107.0,0.0,0.0,5099.215505306876,1.3574660633484164,218,221,3,0,218,220,4462,0,0,0,0,1
2020-12-04,US,Louisiana,Terrebonne,4743,139,0,29.37343766,-90.82626855,22109.0,0.0,0.0,4293.823159305094,2.9306346194391737,4604,4685,139,0,4546,4637,111021,58,0,0,58,48
2020-12-04,US,Louisiana,Unassigned,404,0,0,0.0,0.0,90022.0,0.0,0.0,0.0,0.0,404,401,0,0,401,392,,3,0,0,3,9
2020-12-04,US,Louisiana,Union,1471,59,0,32.83121059,-92.3749373,22111.0,0.0,0.0,6653.700018092998,4.010876954452753,1412,1446,59,0,1387,1432,22330,25,0,0,25,14
2020-12-04,US,Louisiana,Vermilion,2741,76,0,29.83517605,-92.30292538,22113.0,0.0,0.0,4605.871183478685,2.7727106895293687,2665,2704,76,0,2628,2662,59830,37,0,0,37,42
2020-12-04,US,Louisiana,Vernon,1508,66,0,31.10884837,-93.18153838,22115.0,0.0,0.0,3179.489341963777,4.3766578249336865,1442,1490,66,0,1424,1468,48860,18,0,0,18,22
2020-12-04,US,Louisiana,Washington,2367,80,0,30.85288548,-90.03866652,22117.0,0.0,0.0,5124.042083387453,3.3798056611744824,2287,2354,79,0,2275,2343,46582,13,1,0,12,11
2020-12-04,US,Louisiana,Webster,2138,59,0,32.70847669,-93.33121835,22119.0,0.0,0.0,5576.42149191445,2.7595884003741813,2079,2097,56,0,2041,2069,38798,41,3,0,38,28
2020-12-04,US,Louisiana,West Baton Rouge,1425,44,0,30.46058217,-91.30989571,22121.0,0.0,0.0,5384.4700547893435,3.0877192982456134,1381,1419,43,0,1376,1403,26427,6,1,0,5,16
2020-12-04,US,Louisiana,West Carroll,718,21,0,32.78550125,-91.461201,22123.0,0.0,0.0,6629.732225300091,2.9247910863509747,697,697,21,0,676,682,10982,21,0,0,21,15
2020-12-04,US,Louisiana,West Feliciana,820,25,0,30.87882871,-91.41485379999999,22125.0,0.0,0.0,5267.2147995889,3.0487804878048776,795,812,25,0,787,813,15460,8,0,0,8,0
2020-12-04,US,Louisiana,Winn,1030,26,0,31.94449367,-92.63789413,22127.0,0.0,0.0,7407.940161104718,2.5242718446601944,1004,1020,26,0,994,1008,14134,10,0,0,10,12
2020-12-04,US,Maine,Androscoggin,1659,29,0,44.1664747,-70.20380627,23001.0,0.0,0.0,1532.1813496864527,1.7480409885473176,1630,1643,27,0,1616,1609,107679,16,2,0,14,34
2020-12-04,US,Maine,Aroostook,173,1,0,46.65926321,-68.59841248,23003.0,0.0,0.0,257.99716650510777,0.5780346820809249,172,160,1,0,159,151,67111,13,0,0,13,9
2020-12-04,US,Maine,Cumberland,4004,71,0,43.8370751,-70.37226999,23005.0,0.0,0.0,1357.2743328033953,1.7732267732267732,3933,3965,71,0,3894,3905,293557,39,0,0,39,60
2020-12-04,US,Maine,Franklin,249,4,0,44.97330019,-70.44381045,23007.0,0.0,0.0,824.5306135964768,1.606425702811245,245,239,4,0,235,229,29897,10,0,0,10,10
2020-12-04,US,Maine,Hancock,307,3,0,44.59816444,-68.38401854,23009.0,0.0,0.0,558.3137832578609,0.977198697068404,304,287,3,0,284,277,54811,20,0,0,20,10
2020-12-04,US,Maine,Kennebec,927,18,0,44.40759555,-69.76738544,23011.0,0.0,0.0,757.9598044185706,1.9417475728155342,909,876,18,0,858,839,122083,51,0,0,51,37
2020-12-04,US,Maine,Knox,219,4,0,44.11486325,-69.10529169,23013.0,0.0,0.0,550.6386402494217,1.8264840182648399,215,213,4,0,209,213,39771,6,0,0,6,0
2020-12-04,US,Maine,Lincoln,173,2,0,44.05996956,-69.54227124,23015.0,0.0,0.0,499.5091528555754,1.1560693641618498,171,168,2,0,166,161,34342,5,0,0,5,7
2020-12-04,US,Maine,Oxford,436,5,0,44.49952995,-70.75682123,23017.0,0.0,0.0,752.0482966796033,1.1467889908256879,431,418,4,0,414,366,57618,18,1,0,17,52
2020-12-04,US,Maine,Penobscot,1044,14,0,45.40194593,-68.65020455,23019.0,0.0,0.0,686.1739884848962,1.3409961685823757,1030,997,14,0,983,944,151096,47,0,0,47,53
2020-12-04,US,Maine,Piscataquis,57,1,0,45.83839062,-69.2860223,23021.0,0.0,0.0,339.5889186773905,1.7543859649122806,56,52,1,0,51,49,16800,5,0,0,5,3
2020-12-04,US,Maine,Sagadahoc,170,0,0,43.95415864,-69.85074999,23023.0,0.0,0.0,474.1186970102632,0.0,170,165,0,0,165,158,35634,5,0,0,5,7
2020-12-04,US,Maine,Somerset,479,20,0,45.51229767,-69.95995554,23025.0,0.0,0.0,948.8154662863484,4.175365344467641,459,470,20,0,450,464,50592,9,0,0,9,6
2020-12-04,US,Maine,Unassigned,11,0,0,0.0,0.0,90023.0,0.0,0.0,0.0,0.0,11,1,0,0,1,11,,10,0,0,10,0
2020-12-04,US,Maine,Waldo,244,16,0,44.4858305,-69.12061935,23027.0,0.0,0.0,614.3774392546896,6.557377049180328,228,239,16,0,223,232,39694,5,0,0,5,7
2020-12-04,US,Maine,Washington,198,2,0,45.01607142,-67.62813524,23029.0,0.0,0.0,630.9952516013894,1.0101010101010102,196,199,2,0,197,196,31490,0,0,0,-1,3
2020-12-04,US,Maine,York,2494,34,0,43.47808377,-70.71052375,23031.0,0.0,0.0,1201.111533849288,1.36327185244587,2460,2462,33,0,2429,2404,206229,32,1,0,31,58
2020-12-04,US,Maryland,Allegany,3900,87,0,39.62357628,-78.69280486,24001.0,0.0,0.0,5538.513974096794,2.230769230769231,3813,3597,84,0,3513,3466,70975,303,3,0,300,131
2020-12-04,US,Maryland,Anne Arundel,17627,300,0,39.00670238,-76.60329337,24003.0,0.0,0.0,3043.156996999485,1.7019345322516597,17327,17318,300,0,17018,17166,576031,309,0,0,309,152
2020-12-04,US,Maryland,Baltimore,30671,763,0,39.45784712,-76.62911955,24005.0,0.0,0.0,3707.047632860752,2.487691956571354,29908,30187,756,0,29431,29897,828431,484,7,0,477,290
2020-12-04,US,Maryland,Baltimore City,25686,591,0,39.30211911,-76.61151012,24510.0,0.0,0.0,4327.9583480766305,2.300864284045784,25095,25270,581,0,24689,25006,621342,416,10,0,406,264
2020-12-04,US,Maryland,Calvert,1687,39,0,38.53961642,-76.56820632,24009.0,0.0,0.0,1823.2910024317755,2.311796087729697,1648,1660,39,0,1621,1635,92003,27,0,0,27,25
2020-12-04,US,Maryland,Caroline,1030,10,0,38.87172293,-75.82904158,24011.0,0.0,0.0,3083.27845297252,0.9708737864077671,1020,1003,10,0,993,990,33304,27,0,0,27,13
2020-12-04,US,Maryland,Carroll,3517,142,0,39.56453592,-77.02373735,24013.0,0.0,0.0,2087.8970833555954,4.037531987489338,3375,3442,142,0,3300,3415,168429,75,0,0,75,27
2020-12-04,US,Maryland,Cecil,2288,50,0,39.56647682,-75.94627411,24015.0,0.0,0.0,2224.490788002528,2.185314685314685,2238,2242,49,0,2193,2199,102826,46,1,0,45,43
2020-12-04,US,Maryland,Charles,4593,105,0,38.51092331,-76.98580666,24017.0,0.0,0.0,2813.355629467649,2.286087524493795,4488,4522,105,0,4417,4502,161503,71,0,0,71,20
2020-12-04,US,Maryland,Dorchester,1045,17,0,38.45413522,-76.02752426,24019.0,0.0,0.0,3272.8867174042407,1.6267942583732058,1028,1034,17,0,1017,1030,31998,11,0,0,11,4
2020-12-04,US,Maryland,Frederick,7425,152,0,39.47296601,-77.39999394,24021.0,0.0,0.0,2860.753543674171,2.0471380471380467,7273,7249,152,0,7097,7123,255648,176,0,0,176,126
2020-12-04,US,Maryland,Garrett,915,8,0,39.52786077,-79.27355126,24023.0,0.0,0.0,3153.6499620872682,0.8743169398907104,907,874,8,0,866,817,29163,41,0,0,41,57
2020-12-04,US,Maryland,Harford,6405,108,0,39.55010644,-76.30775940000002,24025.0,0.0,0.0,2507.428329829589,1.6861826697892273,6297,6294,106,0,6188,6234,253956,111,2,0,109,60
2020-12-04,US,Maryland,Howard,8561,153,0,39.25305293,-76.93126208,24027.0,0.0,0.0,2628.5731830882128,1.7871743955145427,8408,8410,150,0,8260,8343,323196,151,3,0,148,67
2020-12-04,US,Maryland,Kent,486,25,0,39.24976208,-76.04741541,24029.0,0.0,0.0,2502.316960148285,5.1440329218107,461,472,25,0,447,467,19383,14,0,0,14,5
2020-12-04,US,Maryland,Montgomery,35056,977,0,39.13676329,-77.20358245,24031.0,0.0,0.0,3336.4804775537555,2.786969420356002,34079,34425,970,0,33455,34159,1052567,631,7,0,624,266
2020-12-04,US,Maryland,Prince George's,43000,948,0,38.83070039,-76.8496441,24033.0,0.0,0.0,4728.7719379277205,2.204651162790697,42052,42458,943,0,41515,42190,909308,542,5,0,537,268
2020-12-04,US,Maryland,Queen Anne's,1159,27,0,39.06198912,-76.03530977,24035.0,0.0,0.0,2300.47041543439,2.3295944779982745,1132,1135,27,0,1108,1111,50251,24,0,0,24,24
2020-12-04,US,Maryland,Somerset,1127,9,0,38.1163542,-75.75118623,24039.0,0.0,0.0,4399.5940037476585,0.7985803016858918,1118,1117,9,0,1108,1102,25675,10,0,0,10,15
2020-12-04,US,Maryland,St. Mary's,2295,65,0,38.30058422,-76.60629279999998,24037.0,0.0,0.0,2021.8482953043783,2.832244008714597,2230,2240,64,0,2176,2210,112664,55,1,0,54,30
2020-12-04,US,Maryland,Talbot,848,7,0,38.76618159,-76.10882561,24041.0,0.0,0.0,2280.734783895,0.8254716981132075,841,836,7,0,829,830,36968,12,0,0,12,6
2020-12-04,US,Maryland,Unassigned,0,27,0,0.0,0.0,90024.0,0.0,0.0,0.0,0.0,-27,0,43,0,-43,0,,0,0,0,16,0
2020-12-04,US,Maryland,Washington,4764,81,0,39.60835778,-77.82002295,24043.0,0.0,0.0,3153.94342233315,1.7002518891687657,4683,4570,79,0,4491,4469,150926,194,2,0,192,101
2020-12-04,US,Maryland,Wicomico,3570,60,0,38.37301947,-75.62705831,24045.0,0.0,0.0,3445.646613711165,1.680672268907563,3510,3530,59,0,3471,3490,103195,40,1,0,39,40
2020-12-04,US,Maryland,Worcester,1536,39,0,38.21274277,-75.33200012,24047.0,0.0,0.0,2938.2508225571964,2.5390625,1497,1514,39,0,1475,1504,51823,22,0,0,22,10
2020-12-04,US,Massachusetts,Barnstable,3372,197,0,41.72980578,-70.28854339,25001.0,0.0,0.0,1583.1729189163811,5.8422301304863575,3175,3289,195,0,3094,3204,213413,83,2,0,81,85
2020-12-04,US,Massachusetts,Berkshire,1803,66,0,42.37428441,-73.20524838,25003.0,0.0,0.0,1443.0464848252018,3.6605657237936766,1737,1780,66,0,1714,1728,126348,23,0,0,23,52
2020-12-04,US,Massachusetts,Bristol,21819,877,0,41.79228404,-71.10872211,25005.0,0.0,0.0,3860.2872878912,4.01943260461066,20942,21368,873,0,20495,20551,564022,451,4,0,447,817
2020-12-04,US,Massachusetts,Dukes and Nantucket,676,2,0,41.40674725,-70.68763497,0.0,0.0,0.0,2352.859280916084,0.2958579881656805,674,642,2,0,640,605,26707,34,0,0,34,37
2020-12-04,US,Massachusetts,Essex,38467,1482,0,42.6687626,-70.94687179,25009.0,0.0,0.0,4875.201829072003,3.852652923284893,36985,37476,1475,0,36001,36106,790638,991,7,0,984,1370
2020-12-04,US,Massachusetts,Franklin,716,76,0,42.58119713,-72.58602547,25011.0,0.0,0.0,1020.2336848104873,10.614525139664805,640,699,76,0,623,676,70963,17,0,0,17,23
2020-12-04,US,Massachusetts,Hampden,17551,922,0,42.13440424,-72.63235561,25013.0,0.0,0.0,3763.3048296209886,5.253261922397583,16629,17163,920,0,16243,16735,470406,388,2,0,386,428
2020-12-04,US,Massachusetts,Hampshire,2492,165,0,42.33997957,-72.65898478,25015.0,0.0,0.0,1549.462165018964,6.6211878009630825,2327,2450,165,0,2285,2390,161355,42,0,0,42,60
2020-12-04,US,Massachusetts,Middlesex,50108,2450,0,42.48607732,-71.39049229,25017.0,0.0,0.0,3109.017254462527,4.8894388121657215,47658,48896,2443,0,46453,47671,1614714,1212,7,0,1205,1225
2020-12-04,US,Massachusetts,Norfolk,17480,1192,0,42.16073095,-71.20530408,25021.0,0.0,0.0,2473.2057585511657,6.8192219679633865,16288,17069,1191,0,15878,16695,705388,411,1,0,410,374
2020-12-04,US,Massachusetts,Plymouth,15788,910,0,41.94070556,-70.80802823,25023.0,0.0,0.0,3029.151845157924,5.763871294654168,14878,15545,906,0,14639,15150,518132,243,4,0,239,395
2020-12-04,US,Massachusetts,Suffolk,39360,1266,0,42.327951399999996,-71.07850442,25025.0,0.0,0.0,4896.088726681071,3.2164634146341466,38094,38648,1261,0,37387,37821,807252,712,5,0,707,827
2020-12-04,US,Massachusetts,Unassigned,9631,6,0,0.0,0.0,90025.0,0.0,0.0,0.0,0.062298826705430375,9625,9330,6,0,9324,9094,,301,0,0,301,236
2020-12-04,US,Massachusetts,Worcester,27135,1299,0,42.35026951,-71.90493363,25027.0,0.0,0.0,3266.8289546869696,4.787175234936429,25836,26552,1295,0,25257,25806,830839,583,4,0,579,746
2020-12-04,US,Michigan,Alcona,251,6,0,44.6846864,-83.59507875,26001.0,0.0,0.0,2412.3017779913503,2.3904382470119523,245,225,6,0,219,204,10362,26,0,0,26,21
2020-12-04,US,Michigan,Alger,246,2,0,46.41292944,-86.60260122,26003.0,0.0,0.0,2700.922266139657,0.8130081300813008,244,240,2,0,238,238,9097,6,0,0,6,2
2020-12-04,US,Michigan,Allegan,4429,39,0,42.59147037,-85.89102866,26005.0,0.0,0.0,3750.81511843565,0.8805599458116956,4390,4325,38,0,4287,4214,117327,104,1,0,103,111
2020-12-04,US,Michigan,Alpena,789,17,0,45.03477666,-83.62212411,26007.0,0.0,0.0,2777.6799859179723,2.1546261089987326,772,749,17,0,732,732,28360,40,0,0,40,17
2020-12-04,US,Michigan,Antrim,483,6,0,44.99690221,-85.15503082,26009.0,0.0,0.0,2070.828331332533,1.2422360248447204,477,476,6,0,470,465,23365,7,0,0,7,11
2020-12-04,US,Michigan,Arenac,482,17,0,44.0636262,-83.89277559,26011.0,0.0,0.0,3238.594369414769,3.5269709543568464,465,477,17,0,460,464,15041,5,0,0,5,13
2020-12-04,US,Michigan,Baraga,503,24,0,46.6720582,-88.36363591,26013.0,0.0,0.0,6127.42112315751,4.7713717693836974,479,494,24,0,470,500,8320,9,0,0,9,0
2020-12-04,US,Michigan,Barry,2410,15,0,42.59513984,-85.30834519,26015.0,0.0,0.0,3915.515840779854,0.6224066390041494,2395,2358,14,0,2344,2292,61157,52,1,0,51,66
2020-12-04,US,Michigan,Bay,4898,111,0,43.70639106,-83.98731479,26017.0,0.0,0.0,4749.529701530168,2.2662311147407106,4787,4773,111,0,4662,4643,103923,125,0,0,125,130
2020-12-04,US,Michigan,Benzie,491,8,0,44.63899297,-86.01608482,26019.0,0.0,0.0,2763.7059551953166,1.6293279022403258,483,467,8,0,459,449,17753,24,0,0,24,18
2020-12-04,US,Michigan,Berrien,7370,123,0,41.95447397,-86.41313079999998,26021.0,0.0,0.0,4804.401535843965,1.6689280868385346,7247,7149,121,0,7028,7024,154141,221,2,0,219,125
2020-12-04,US,Michigan,Branch,2475,39,0,41.91600556,-85.05929476,26023.0,0.0,0.0,5687.4324976446,1.5757575757575757,2436,2426,38,0,2388,2382,43622,49,1,0,48,44
2020-12-04,US,Michigan,Calhoun,6436,129,0,42.24633834,-85.00493569,26025.0,0.0,0.0,4797.29276455549,2.004350528278434,6307,6339,130,0,6209,6202,134487,97,0,0,98,137
2020-12-04,US,Michigan,Cass,2407,30,0,41.91522292,-85.99405727,26027.0,0.0,0.0,4647.884604244307,1.2463647694225175,2377,2342,30,0,2312,2318,51653,65,0,0,65,24
2020-12-04,US,Michigan,Charlevoix,660,7,0,45.37790017,-85.19614053,26029.0,0.0,0.0,2524.576368435145,1.0606060606060606,653,649,7,0,642,634,26244,11,0,0,11,15
2020-12-04,US,Michigan,Cheboygan,556,21,0,45.44787015,-84.50122149,26031.0,0.0,0.0,2199.7151448013924,3.776978417266187,535,535,21,0,514,525,25413,21,0,0,21,10
2020-12-04,US,Michigan,Chippewa,915,7,0,46.29552653,-84.54353449,26033.0,0.0,0.0,2449.8647888832365,0.7650273224043715,908,925,6,0,919,885,37517,0,1,0,-11,40
2020-12-04,US,Michigan,Clare,868,26,0,43.98794227,-84.84819859999998,26035.0,0.0,0.0,2804.5234248788374,2.995391705069125,842,843,26,0,817,809,30757,25,0,0,25,34
2020-12-04,US,Michigan,Clinton,3070,24,0,42.94400871,-84.60145248,26037.0,0.0,0.0,3857.026195112758,0.7817589576547231,3046,3026,24,0,3002,2939,79332,44,0,0,44,87
2020-12-04,US,Michigan,Crawford,379,5,0,44.68255561,-84.61006219,26039.0,0.0,0.0,2701.546795922732,1.3192612137203166,374,375,5,0,370,370,13901,4,0,0,4,5
2020-12-04,US,Michigan,Delta,2613,63,0,45.90484910000001,-86.9080745,26041.0,0.0,0.0,7302.146210596915,2.4110218140068884,2550,2588,63,0,2525,2554,35857,25,0,0,25,34
2020-12-04,US,Michigan,Dickinson,1861,54,0,46.00999672,-87.86961634,26043.0,0.0,0.0,7373.509251555133,2.901665771090812,1807,1831,54,0,1777,1807,25383,30,0,0,30,24
2020-12-04,US,Michigan,Eaton,3531,51,0,42.59599185,-84.83740035,26045.0,0.0,0.0,3202.198280552835,1.4443500424808835,3480,3433,48,0,3385,3342,109826,98,3,0,95,91
2020-12-04,US,Michigan,Emmet,1026,28,0,45.52625509,-84.89083249,26047.0,0.0,0.0,3070.4773305401764,2.729044834307992,998,1014,28,0,986,1005,33308,12,0,0,12,9
2020-12-04,US,Michigan,Federal Correctional Institution (FCI),203,5,0,0.0,0.0,0.0,0.0,0.0,0.0,2.4630541871921183,198,200,5,0,195,200,,3,0,0,3,0
2020-12-04,US,Michigan,Genesee,16325,450,0,43.02244215,-83.70589709,26049.0,0.0,0.0,4022.788821452245,2.7565084226646253,15875,15934,448,0,15486,15647,406892,391,2,0,389,287
2020-12-04,US,Michigan,Gladwin,914,14,0,43.98901072,-84.38774817,26051.0,0.0,0.0,3591.4967189280524,1.5317286652078774,900,891,14,0,877,869,25337,23,0,0,23,22
2020-12-04,US,Michigan,Gogebic,861,25,0,46.40862701,-89.69377193,26053.0,0.0,0.0,6161.001788908766,2.9036004645760745,836,841,24,0,817,814,15096,20,1,0,19,27
2020-12-04,US,Michigan,Grand Traverse,2124,23,0,44.69565625,-85.55585247,26055.0,0.0,0.0,2281.7119284977657,1.0828625235404896,2101,2055,20,0,2035,1997,92573,69,3,0,66,58
2020-12-04,US,Michigan,Gratiot,1795,37,0,43.29265605,-84.60505416,26057.0,0.0,0.0,4409.1277541696345,2.0612813370473537,1758,2109,36,0,2073,1775,40599,0,1,0,-315,334
2020-12-04,US,Michigan,Hillsdale,1881,41,0,41.88753639,-84.59312019,26059.0,0.0,0.0,4124.547746957571,2.179691653375864,1840,1819,41,0,1778,1762,45749,62,0,0,62,57
2020-12-04,US,Michigan,Houghton,1661,16,0,46.89988536,-88.68495385,26061.0,0.0,0.0,4654.747225647349,0.963275135460566,1645,1630,15,0,1615,1584,36219,31,1,0,30,46
2020-12-04,US,Michigan,Huron,960,16,0,43.83353985,-83.04078453,26063.0,0.0,0.0,3098.6733804589912,1.6666666666666667,944,902,15,0,887,873,31166,58,1,0,57,29
2020-12-04,US,Michigan,Ingham,9831,124,0,42.59716886,-84.37472069,26065.0,0.0,0.0,3362.106112733665,1.2613162445326007,9707,9633,123,0,9510,9495,292735,198,1,0,197,138
2020-12-04,US,Michigan,Ionia,2711,22,0,42.94502238,-85.07413319,26067.0,0.0,0.0,4190.302486977758,0.8115086683880487,2689,2634,22,0,2612,2557,64210,77,0,0,77,77
2020-12-04,US,Michigan,Iosco,851,27,0,44.35486835,-83.63484895,26069.0,0.0,0.0,3386.795080988578,3.1727379553466513,824,833,27,0,806,824,25081,18,0,0,18,9
2020-12-04,US,Michigan,Iron,746,34,0,46.20974132,-88.53136251,26071.0,0.0,0.0,6741.369962045906,4.5576407506702425,712,741,34,0,707,739,11117,5,0,0,5,2
2020-12-04,US,Michigan,Isabella,2693,25,0,43.64060976,-84.84664923,26073.0,0.0,0.0,3854.190519807648,0.9283327144448571,2668,2664,25,0,2639,2597,70562,29,0,0,29,67
2020-12-04,US,Michigan,Jackson,5790,103,0,42.24807035,-84.42258681,26075.0,0.0,0.0,3652.766386978739,1.778929188255613,5687,5737,103,0,5634,5515,158823,53,0,0,53,222
2020-12-04,US,Michigan,Kalamazoo,10125,174,0,42.24542231,-85.53038622,26077.0,0.0,0.0,3819.803369726785,1.7185185185185186,9951,10028,172,0,9856,9863,264870,97,2,0,95,165
2020-12-04,US,Michigan,Kalkaska,393,7,0,44.68512729,-85.09085699,26079.0,0.0,0.0,2178.7337842332854,1.7811704834605595,386,385,7,0,378,378,17824,8,0,0,8,7
2020-12-04,US,Michigan,Kent,35826,381,0,43.03197711,-85.54934642,26081.0,0.0,0.0,5453.341553074411,1.063473455032658,35445,35134,376,0,34758,34538,653786,692,5,0,687,596
2020-12-04,US,Michigan,Keweenaw,74,2,0,47.63197653,-88.41434263,26083.0,0.0,0.0,3497.1644612476366,2.702702702702702,72,71,2,0,69,71,2113,3,0,0,3,0
2020-12-04,US,Michigan,Lake,220,6,0,43.99050893,-85.802173,26085.0,0.0,0.0,1856.0701932000336,2.727272727272727,214,217,6,0,211,212,11881,3,0,0,3,5
2020-12-04,US,Michigan,Lapeer,2889,63,0,43.09052506,-83.22153148,26087.0,0.0,0.0,3297.681692102229,2.1806853582554515,2826,2815,61,0,2754,2735,88028,74,2,0,72,80
2020-12-04,US,Michigan,Leelanau,416,3,0,44.94430054,-85.80150326,26089.0,0.0,0.0,1911.676853085796,0.7211538461538461,413,405,3,0,402,391,21764,11,0,0,11,14
2020-12-04,US,Michigan,Lenawee,2964,28,0,41.89475156,-84.06603727,26091.0,0.0,0.0,3010.6347319986603,0.9446693657219972,2936,2870,28,0,2842,2777,98266,94,0,0,94,93
2020-12-04,US,Michigan,Livingston,6181,52,0,42.60302282,-83.91297209,26093.0,0.0,0.0,3219.354670694549,0.8412878175052578,6129,6076,50,0,6026,5931,191224,105,2,0,103,145
2020-12-04,US,Michigan,Luce,176,0,0,46.47227431,-85.54471223,26095.0,0.0,0.0,2825.4936586932095,0.0,176,170,0,0,170,171,6283,6,0,0,6,0
2020-12-04,US,Michigan,Mackinac,315,1,0,46.07028979,-85.04980537,26097.0,0.0,0.0,2916.9367534030935,0.31746031746031744,314,312,1,0,311,305,10787,3,0,0,3,7
2020-12-04,US,Michigan,Macomb,40660,1319,0,42.69158356,-82.92752801,26099.0,0.0,0.0,4652.322957714892,3.2439744220363997,39341,39814,1313,0,38501,39244,874759,846,6,0,840,570
2020-12-04,US,Michigan,Manistee,424,9,0,44.33352407,-86.05626916,26101.0,0.0,0.0,1726.5249613160681,2.1226415094339623,415,403,8,0,395,398,24528,21,1,0,20,5
2020-12-04,US,Michigan,Marquette,3088,32,0,46.4338914,-87.64043701,26103.0,0.0,0.0,4629.754569034018,1.0362694300518134,3056,3050,31,0,3019,2974,66516,38,1,0,37,76
2020-12-04,US,Michigan,Mason,668,12,0,43.99509218,-86.24988902,26105.0,0.0,0.0,2292.066977765578,1.7964071856287425,656,647,12,0,635,637,29100,21,0,0,21,10
2020-12-04,US,Michigan,Mecosta,1344,11,0,43.64064262,-85.32463223,26107.0,0.0,0.0,3092.9970312751707,0.8184523809523809,1333,1316,11,0,1305,1296,43545,28,0,0,28,20
2020-12-04,US,Michigan,Menominee,1407,19,0,45.58038692,-87.55370409,26109.0,0.0,0.0,6176.4705882352955,1.3503909026297083,1388,1388,19,0,1369,1380,22983,19,0,0,19,8
2020-12-04,US,Michigan,Michigan Department of Corrections (MDOC),15083,95,0,0.0,0.0,0.0,0.0,0.0,0.0,0.629848173440297,14988,13584,93,0,13491,13216,,1499,2,0,1497,368
2020-12-04,US,Michigan,Midland,3224,30,0,43.64330771,-84.38804374,26111.0,0.0,0.0,3877.050363172832,0.9305210918114144,3194,3171,28,0,3143,3136,83209,53,2,0,51,35
2020-12-04,US,Michigan,Missaukee,317,4,0,44.33772443,-85.09256478,26113.0,0.0,0.0,2096.83820611192,1.2618296529968454,313,310,5,0,305,304,15113,7,0,0,8,6
2020-12-04,US,Michigan,Monroe,5859,90,0,41.92734151,-83.53749864,26115.0,0.0,0.0,3893.0232558139533,1.5360983102918586,5769,5711,90,0,5621,5625,150439,148,0,0,148,86
2020-12-04,US,Michigan,Montcalm,2230,31,0,43.31082541,-85.15252824,26117.0,0.0,0.0,3490.4833458552466,1.390134529147982,2199,2172,28,0,2144,2146,63968,58,3,0,55,26
2020-12-04,US,Michigan,Montmorency,210,2,0,45.0275929,-84.12696227,26119.0,0.0,0.0,2251.286449399657,0.9523809523809524,208,204,2,0,202,197,9265,6,0,0,6,7
2020-12-04,US,Michigan,Muskegon,7949,192,0,43.29123859,-86.15176712,26121.0,0.0,0.0,4579.814018874665,2.41539816329098,7757,7863,188,0,7675,7682,173588,86,4,0,82,181
2020-12-04,US,Michigan,Newaygo,1807,18,0,43.554373999999996,-85.80070107,26123.0,0.0,0.0,3689.260922825643,0.9961261759822913,1789,1759,18,0,1741,1718,48892,48,0,0,48,41
2020-12-04,US,Michigan,Oakland,50014,1398,0,42.66090111,-83.38595416,26125.0,0.0,0.0,3976.990801409687,2.7952173391450392,48616,49136,1395,0,47741,48402,1259201,878,3,0,875,734
2020-12-04,US,Michigan,Oceana,1324,24,0,43.64124435,-86.26726673,26127.0,0.0,0.0,5002.4558884648795,1.8126888217522656,1300,1278,24,0,1254,1246,26625,46,0,0,46,32
2020-12-04,US,Michigan,Ogemaw,623,17,0,44.33481032,-84.12725175,26129.0,0.0,0.0,2967.0905367433447,2.7287319422150884,606,600,17,0,583,567,20952,23,0,0,23,33
2020-12-04,US,Michigan,Ontonagon,291,14,0,46.665226200000006,-89.31390481,26131.0,0.0,0.0,5087.4125874125875,4.810996563573883,277,288,14,0,274,283,5795,3,0,0,3,5
2020-12-04,US,Michigan,Osceola,611,10,0,43.98992088,-85.32566756,26133.0,0.0,0.0,2604.4330775788576,1.6366612111292962,601,600,10,0,590,580,23341,11,0,0,11,20
2020-12-04,US,Michigan,Oscoda,222,10,0,44.68192279,-84.12939244,26135.0,0.0,0.0,2693.847834000728,4.504504504504505,212,208,10,0,198,200,8276,14,0,0,14,8
2020-12-04,US,Michigan,Otsego,815,18,0,45.02085831,-84.59898295,26137.0,0.0,0.0,3303.875466191017,2.208588957055215,797,805,19,0,786,786,24665,10,0,0,11,19
2020-12-04,US,Michigan,Ottawa,15090,173,0,42.95996803,-85.9969107,26139.0,0.0,0.0,5170.818627283007,1.1464546056991385,14917,14694,169,0,14525,14377,290494,396,4,0,392,317
2020-12-04,US,Michigan,Out of MI,1149,7,0,0.0,0.0,80026.0,0.0,0.0,0.0,0.6092254134029591,1142,1116,7,0,1109,1090,,33,0,0,33,26
2020-12-04,US,Michigan,Presque Isle,324,4,0,45.34018577,-83.91498656,26141.0,0.0,0.0,2573.062261753494,1.2345679012345678,320,295,4,0,291,295,12738,29,0,0,29,0
2020-12-04,US,Michigan,Roscommon,718,19,0,44.33473082,-84.61067651,26143.0,0.0,0.0,2989.3001373912325,2.6462395543175488,699,704,19,0,685,693,23884,14,0,0,14,11
2020-12-04,US,Michigan,Saginaw,9425,267,0,43.33433923,-84.05131209999998,26145.0,0.0,0.0,4946.4938936385715,2.8328912466843503,9158,9240,260,0,8980,8897,190800,185,7,0,178,343
2020-12-04,US,Michigan,Sanilac,978,21,0,43.42406072,-82.82055898,26151.0,0.0,0.0,2375.516152538256,2.147239263803681,957,933,19,0,914,908,41182,45,2,0,43,25
2020-12-04,US,Michigan,Schoolcraft,186,2,0,46.19235734,-86.19972234,26153.0,0.0,0.0,2297.998517420311,1.075268817204301,184,184,2,0,182,175,8068,2,0,0,2,9
2020-12-04,US,Michigan,Shiawassee,2271,48,0,42.95392800000001,-84.14585902,26155.0,0.0,0.0,3333.7247878805674,2.1136063408190227,2223,2194,45,0,2149,2122,68192,77,3,0,74,72
2020-12-04,US,Michigan,St. Clair,5129,104,0,42.92655373,-82.67937954,26147.0,0.0,0.0,3223.191393092353,2.027685708715149,5025,4979,103,0,4876,4864,159337,150,1,0,149,115
2020-12-04,US,Michigan,St. Joseph,2776,37,0,41.91441767,-85.52797979,26149.0,0.0,0.0,4553.506987730464,1.3328530259365994,2739,2731,37,0,2694,2692,61043,45,0,0,45,39
2020-12-04,US,Michigan,Tuscola,1911,60,0,43.46606813,-83.41897025,26157.0,0.0,0.0,3657.766293425208,3.1397174254317117,1851,1855,60,0,1795,1823,52516,56,0,0,56,32
2020-12-04,US,Michigan,Unassigned,12,0,0,0.0,0.0,90026.0,0.0,0.0,0.0,0.0,12,46,0,0,46,41,,0,0,0,-34,5
2020-12-04,US,Michigan,Van Buren,3154,50,0,42.25190229,-86.01939087,26159.0,0.0,0.0,4167.712779312076,1.5852885225110969,3104,3054,49,0,3005,3007,75448,100,1,0,99,47
2020-12-04,US,Michigan,Washtenaw,10787,141,0,42.253105,-83.83853204,26161.0,0.0,0.0,2934.4316255940544,1.3071289515157134,10646,10642,140,0,10502,10511,370963,145,1,0,144,131
2020-12-04,US,Michigan,Wayne,69382,3280,0,42.28098405,-83.281255,26163.0,0.0,0.0,3966.1747295984837,4.7274509238707445,66102,67996,3268,0,64728,67054,1753893,1386,12,0,1374,942
2020-12-04,US,Michigan,Wexford,732,18,0,44.33853602,-85.57712739,26165.0,0.0,0.0,2176.5632898218905,2.459016393442623,714,708,16,0,692,703,33466,24,2,0,22,5
2020-12-04,US,Minnesota,Aitkin,810,30,0,46.60962049,-93.41168259999999,27001.0,0.0,0.0,5098.829157748962,3.703703703703704,780,799,30,0,769,795,15902,11,0,0,11,4
2020-12-04,US,Minnesota,Anoka,23888,238,0,45.27476015,-93.24604565,27003.0,0.0,0.0,6692.797565847905,0.9963161419959812,23650,23541,236,0,23305,23196,353813,347,2,0,345,345
2020-12-04,US,Minnesota,Becker,2247,21,0,46.93479392,-95.67158144,27005.0,0.0,0.0,6527.612352206374,0.9345794392523364,2226,2215,21,0,2194,2176,34371,32,0,0,32,39
2020-12-04,US,Minnesota,Beltrami,2345,18,0,47.97373527,-94.93732139,27007.0,0.0,0.0,4969.483767059422,0.767590618336887,2327,2307,18,0,2289,2275,46847,38,0,0,38,32
2020-12-04,US,Minnesota,Benton,3263,56,0,45.69804958,-93.99514135,27009.0,0.0,0.0,7980.1413583115245,1.7162120747778118,3207,3227,53,0,3174,3172,40545,36,3,0,33,55
2020-12-04,US,Minnesota,Big Stone,348,2,0,45.42712824,-96.41403739,27011.0,0.0,0.0,6972.550591063915,0.5747126436781609,346,339,2,0,337,333,4989,9,0,0,9,6
2020-12-04,US,Minnesota,Blue Earth,4362,17,0,44.03554215,-94.06699781,27013.0,0.0,0.0,6447.607644893797,0.3897294818890417,4345,4312,17,0,4295,4266,67427,50,0,0,50,46
2020-12-04,US,Minnesota,Brown,1589,15,0,44.24205652,-94.72562874,27015.0,0.0,0.0,6353.9667306461915,0.9439899307740718,1574,1561,15,0,1546,1510,25111,28,0,0,28,51
2020-12-04,US,Minnesota,Carlton,2056,18,0,46.59180601,-92.67601019,27017.0,0.0,0.0,5731.649521897913,0.8754863813229572,2038,2014,17,0,1997,1984,35837,42,1,0,41,30
2020-12-04,US,Minnesota,Carver,5192,15,0,44.82017001,-93.80099179999999,27019.0,0.0,0.0,4940.574179980778,0.2889060092449923,5177,5097,15,0,5082,5013,103551,95,0,0,95,84
2020-12-04,US,Minnesota,Cass,1547,12,0,46.95043611,-94.32603968,27021.0,0.0,0.0,5194.936028745089,0.7756948933419522,1535,1535,11,0,1524,1499,29519,12,1,0,11,36
2020-12-04,US,Minnesota,Chippewa,999,9,0,45.02343421,-95.56403693,27023.0,0.0,0.0,8466.101694915254,0.9009009009009008,990,980,8,0,972,950,11924,19,1,0,18,30
2020-12-04,US,Minnesota,Chisago,3381,17,0,45.5021011,-92.90861945,27025.0,0.0,0.0,5975.715371427562,0.5028098195800059,3364,3345,16,0,3329,3269,55922,36,1,0,35,76
2020-12-04,US,Minnesota,Clay,5355,62,0,46.89289518,-96.48761922,27027.0,0.0,0.0,8338.26414624272,1.157796451914099,5293,5299,60,0,5239,5213,63955,56,2,0,54,86
2020-12-04,US,Minnesota,Clearwater,565,10,0,47.57992111,-95.37790562,27029.0,0.0,0.0,6407.348605125879,1.7699115044247788,555,554,10,0,544,538,8810,11,0,0,11,16
2020-12-04,US,Minnesota,Cook,83,0,0,47.90504893,-90.52629546,27031.0,0.0,0.0,1519.311733479773,0.0,83,80,0,0,80,79,5393,3,0,0,3,1
2020-12-04,US,Minnesota,Cottonwood,967,4,0,44.00715262,-95.18138802,27033.0,0.0,0.0,8637.013219006789,0.4136504653567735,963,945,4,0,941,928,11277,22,0,0,22,17
2020-12-04,US,Minnesota,Crow Wing,3895,40,0,46.48096553,-94.06755609,27035.0,0.0,0.0,5987.241564829759,1.0269576379974326,3855,3833,39,0,3794,3762,64889,62,1,0,61,71
2020-12-04,US,Minnesota,Dakota,23961,202,0,44.67172617,-93.06299363,27037.0,0.0,0.0,5585.041291685023,0.8430366011435249,23759,23564,198,0,23366,23102,425423,397,4,0,393,462
2020-12-04,US,Minnesota,Dodge,940,1,0,44.02238415,-92.86244324,27039.0,0.0,0.0,4490.302856596923,0.10638297872340426,939,931,1,0,930,911,20822,9,0,0,9,20
2020-12-04,US,Minnesota,Douglas,2882,41,0,45.93348491,-95.45335469,27041.0,0.0,0.0,7556.173147007157,1.4226231783483692,2841,2830,40,0,2790,2784,37964,52,1,0,51,46
2020-12-04,US,Minnesota,Faribault,622,3,0,43.67381499,-93.94787458,27043.0,0.0,0.0,4555.775287482605,0.482315112540193,619,609,3,0,606,590,13758,13,0,0,13,19
2020-12-04,US,Minnesota,Fillmore,778,0,0,43.67394126,-92.08980382,27045.0,0.0,0.0,3692.979541462952,0.0,778,769,0,0,769,748,21058,9,0,0,9,21
2020-12-04,US,Minnesota,Freeborn,1651,7,0,43.67385583,-93.34884422,27047.0,0.0,0.0,5452.263795779531,0.4239854633555421,1644,1622,7,0,1615,1596,30444,29,0,0,29,26
2020-12-04,US,Minnesota,Goodhue,2263,33,0,44.40849741,-92.72341949999999,27049.0,0.0,0.0,4883.4700043159255,1.458241272646929,2230,2229,32,0,2197,2169,46403,34,1,0,33,60
2020-12-04,US,Minnesota,Grant,306,6,0,45.93424769,-96.01139609,27051.0,0.0,0.0,5123.9115874079025,1.96078431372549,300,298,6,0,292,295,6021,8,0,0,8,3
2020-12-04,US,Minnesota,Hennepin,71192,1153,0,45.00761521,-93.47694895,27053.0,0.0,0.0,5624.07818347141,1.6195639959546015,70039,70069,1145,0,68924,68898,1259428,1123,8,0,1115,1171
2020-12-04,US,Minnesota,Houston,813,4,0,43.67129565,-91.49143057,27055.0,0.0,0.0,4370.967741935484,0.4920049200492005,809,800,4,0,796,769,18578,13,0,0,13,31
2020-12-04,US,Minnesota,Hubbard,1213,29,0,47.10778564,-94.91693868,27057.0,0.0,0.0,5644.223163184589,2.390766694146744,1184,1197,29,0,1168,1177,21332,16,0,0,16,20
2020-12-04,US,Minnesota,Isanti,2069,19,0,45.56181234,-93.29487636,27059.0,0.0,0.0,5096.561237560351,0.918318028032866,2050,2039,17,0,2022,1995,39966,30,2,0,28,44
2020-12-04,US,Minnesota,Itasca,2106,24,0,47.51009045,-93.63092229,27061.0,0.0,0.0,4666.518945269222,1.1396011396011396,2082,2063,24,0,2039,2022,45108,43,0,0,43,41
2020-12-04,US,Minnesota,Jackson,546,1,0,43.67423373,-95.15398258,27063.0,0.0,0.0,5545.39914686167,0.18315018315018314,545,532,1,0,531,518,9911,14,0,0,14,14
2020-12-04,US,Minnesota,Kanabec,709,14,0,45.9459309,-93.29275192,27065.0,0.0,0.0,4339.842076268593,1.9746121297602257,695,686,14,0,672,677,16207,23,0,0,23,9
2020-12-04,US,Minnesota,Kandiyohi,4504,30,0,45.1526059,-95.00586446,27067.0,0.0,0.0,10426.167272390563,0.6660746003552398,4474,4408,28,0,4380,4320,42855,96,2,0,94,88
2020-12-04,US,Minnesota,Kittson,258,9,0,48.77754106,-96.78317184,27069.0,0.0,0.0,6002.791996277338,3.4883720930232562,249,251,8,0,243,240,4248,7,1,0,6,11
2020-12-04,US,Minnesota,Koochiching,428,6,0,48.24539665,-93.78352843,27071.0,0.0,0.0,3499.877340747404,1.4018691588785046,422,421,6,0,415,410,12440,7,0,0,7,11
2020-12-04,US,Minnesota,Lac qui Parle,425,4,0,44.9973857,-96.17488219,27073.0,0.0,0.0,6417.031556696361,0.9411764705882352,421,412,4,0,408,398,6658,13,0,0,13,14
2020-12-04,US,Minnesota,Lake,457,8,0,47.64270764,-91.44557998,27075.0,0.0,0.0,4294.709143877455,1.7505470459518602,449,451,8,0,443,443,10658,6,0,0,6,8
2020-12-04,US,Minnesota,Lake of the Woods,109,1,0,48.77217001,-94.90274472,27077.0,0.0,0.0,2914.438502673797,0.9174311926605504,108,107,1,0,106,102,3758,2,0,0,2,5
2020-12-04,US,Minnesota,Le Sueur,1606,12,0,44.37136597,-93.72844721,27079.0,0.0,0.0,5559.594281164537,0.7471980074719801,1594,1570,12,0,1558,1535,28494,36,0,0,36,35
2020-12-04,US,Minnesota,Lincoln,390,1,0,44.41311883,-96.26688165,27081.0,0.0,0.0,6916.1198794112415,0.2564102564102564,389,381,1,0,380,372,5673,9,0,0,9,9
2020-12-04,US,Minnesota,Lyon,2363,12,0,44.41327865,-95.83806103,27083.0,0.0,0.0,9276.124676140378,0.5078290308929327,2351,2328,12,0,2316,2287,25629,35,0,0,35,41
2020-12-04,US,Minnesota,Mahnomen,325,5,0,47.32557075,-95.80921485,27087.0,0.0,0.0,5880.224353175321,1.5384615384615383,320,322,5,0,317,316,5519,3,0,0,3,6
2020-12-04,US,Minnesota,Marshall,550,10,0,48.35825983,-96.37017407,27089.0,0.0,0.0,5891.173950299914,1.818181818181818,540,545,9,0,536,528,9390,5,1,0,4,17
2020-12-04,US,Minnesota,Martin,1273,22,0,43.67429718,-94.55099908,27091.0,0.0,0.0,6467.510034039527,1.7282010997643362,1251,1247,21,0,1226,1212,19785,26,1,0,25,35
2020-12-04,US,Minnesota,McLeod,2401,21,0,44.82367677,-94.27287017,27085.0,0.0,0.0,6689.326609645334,0.8746355685131195,2380,2337,21,0,2316,2265,35873,64,0,0,64,72
2020-12-04,US,Minnesota,Meeker,1490,12,0,45.12328869,-94.52839455,27093.0,0.0,0.0,6416.329342864525,0.8053691275167785,1478,1448,12,0,1436,1390,23141,42,0,0,42,58
2020-12-04,US,Minnesota,Mille Lacs,1660,34,0,45.93705297,-93.63236823,27095.0,0.0,0.0,6317.311717471554,2.048192771084337,1626,1646,32,0,1614,1612,26139,14,2,0,12,34
2020-12-04,US,Minnesota,Morrison,2515,31,0,46.01265363,-94.27341528,27097.0,0.0,0.0,7533.097705625112,1.2326043737574552,2484,2467,31,0,2436,2417,33169,48,0,0,48,50
2020-12-04,US,Minnesota,Mower,2791,23,0,43.67142874,-92.75234549,27099.0,0.0,0.0,6966.701612500624,0.8240773916159083,2768,2748,23,0,2725,2706,40011,43,0,0,43,42
2020-12-04,US,Minnesota,Murray,626,5,0,44.02216709,-95.76328482,27101.0,0.0,0.0,7639.736392482303,0.7987220447284346,621,612,4,0,608,606,8276,14,1,0,13,6
2020-12-04,US,Minnesota,Nicollet,1749,26,0,44.35291112,-94.24710352,27103.0,0.0,0.0,5102.993522786952,1.486563750714694,1723,1721,26,0,1695,1694,34220,28,0,0,28,27
2020-12-04,US,Minnesota,Nobles,3171,34,0,43.67434621,-95.75329576,27105.0,0.0,0.0,14660.8719774377,1.0722169662567014,3137,3160,32,0,3128,3137,21924,11,2,0,9,23
2020-12-04,US,Minnesota,Norman,375,8,0,47.32628443,-96.45620947,27107.0,0.0,0.0,5882.352941176468,2.1333333333333333,367,371,8,0,363,363,6475,4,0,0,4,8
2020-12-04,US,Minnesota,Olmsted,7232,37,0,44.00374114,-92.40209944,27109.0,0.0,0.0,4568.742774475182,0.5116150442477876,7195,7146,37,0,7109,7025,156277,86,0,0,86,121
2020-12-04,US,Minnesota,Otter Tail,3464,26,0,46.40846929,-95.70835255,27111.0,0.0,0.0,5896.571681476185,0.7505773672055427,3438,3389,25,0,3364,3327,58812,75,1,0,74,62
2020-12-04,US,Minnesota,Pennington,733,9,0,48.06642577,-96.0370814,27113.0,0.0,0.0,5191.585806360224,1.2278308321964528,724,705,8,0,697,675,14178,28,1,0,27,30
2020-12-04,US,Minnesota,Pine,1483,8,0,46.12105238,-92.74070188,27115.0,0.0,0.0,5013.692146455255,0.5394470667565745,1475,1449,8,0,1441,1429,29483,34,0,0,34,20
2020-12-04,US,Minnesota,Pipestone,777,18,0,44.02301619,-96.25841142,27117.0,0.0,0.0,8514.135437212359,2.3166023166023164,759,765,18,0,747,747,9047,12,0,0,12,18
2020-12-04,US,Minnesota,Polk,2752,29,0,47.77372465,-96.40134647,27119.0,0.0,0.0,8774.391021553372,1.0537790697674418,2723,2715,27,0,2688,2662,31529,37,2,0,35,53
2020-12-04,US,Minnesota,Pope,581,1,0,45.58606667,-95.44451209,27121.0,0.0,0.0,5164.903546981954,0.1721170395869191,580,572,1,0,571,564,11097,9,0,0,9,8
2020-12-04,US,Minnesota,Ramsey,29902,526,0,45.01625271,-93.09872295,27123.0,0.0,0.0,5433.556051831567,1.7590796602233965,29376,29459,521,0,28938,28948,550210,443,5,0,438,511
2020-12-04,US,Minnesota,Red Lake,236,3,0,47.87197525,-96.09561104,27125.0,0.0,0.0,5819.975339087548,1.2711864406779658,233,230,3,0,227,228,3999,6,0,0,6,2
2020-12-04,US,Minnesota,Redwood,1066,20,0,44.40555844,-95.25207021,27127.0,0.0,0.0,7027.0270270270275,1.876172607879925,1046,1046,20,0,1026,1017,15249,20,0,0,20,29
2020-12-04,US,Minnesota,Renville,986,30,0,44.72836381,-94.94553734,27129.0,0.0,0.0,6777.563926312895,3.042596348884381,956,955,30,0,925,927,14612,31,0,0,31,28
2020-12-04,US,Minnesota,Rice,4384,39,0,44.3543376,-93.29658715,27131.0,0.0,0.0,6546.019231917819,0.8895985401459854,4345,4323,38,0,4285,4277,66523,61,1,0,60,46
2020-12-04,US,Minnesota,Rock,847,10,0,43.67482683,-96.25296832,27133.0,0.0,0.0,9092.860976918948,1.180637544273908,837,824,9,0,815,801,9414,23,1,0,22,23
2020-12-04,US,Minnesota,Roseau,1335,7,0,48.77501878,-95.81079919,27135.0,0.0,0.0,8803.16518298714,0.5243445692883895,1328,1303,5,0,1298,1247,15150,32,2,0,30,56
2020-12-04,US,Minnesota,Scott,9094,61,0,44.6490231,-93.53340251,27139.0,0.0,0.0,6102.823243609618,0.670771937541236,9033,8964,60,0,8904,8810,147381,130,1,0,129,154
2020-12-04,US,Minnesota,Sherburne,6272,47,0,45.44447208,-93.77617511,27141.0,0.0,0.0,6450.153232275448,0.7493622448979592,6225,6187,46,0,6141,6082,96036,85,1,0,84,105
2020-12-04,US,Minnesota,Sibley,848,4,0,44.5796592,-94.23164924,27143.0,0.0,0.0,5704.675412041709,0.4716981132075472,844,840,4,0,836,819,15028,8,0,0,8,21
2020-12-04,US,Minnesota,St. Louis,9771,126,0,47.604840700000004,-92.46879855,27137.0,0.0,0.0,4908.323705229316,1.289530242554498,9645,9549,121,0,9428,9280,199754,222,5,0,217,269
2020-12-04,US,Minnesota,Stearns,14679,126,0,45.55192576,-94.61078221,27145.0,0.0,0.0,9113.146049976718,0.8583690987124464,14553,14564,125,0,14439,14314,159256,115,1,0,114,250
2020-12-04,US,Minnesota,Steele,2147,8,0,44.02240351,-93.22627088,27147.0,0.0,0.0,5858.277169909138,0.3726129482999535,2139,2103,8,0,2095,2056,36803,44,0,0,44,47
2020-12-04,US,Minnesota,Stevens,544,4,0,45.58613007,-96.00163705,27149.0,0.0,0.0,5548.189699133094,0.7352941176470589,540,540,3,0,537,533,9753,4,1,0,3,7
2020-12-04,US,Minnesota,Swift,656,10,0,45.2829032,-95.68264092,27151.0,0.0,0.0,7079.646017699115,1.5243902439024388,646,636,10,0,626,614,9345,20,0,0,20,22
2020-12-04,US,Minnesota,Todd,1917,14,0,46.06996226,-94.89785296,27153.0,0.0,0.0,7772.46188777165,0.7303077725612936,1903,1903,14,0,1889,1874,24582,14,0,0,14,29
2020-12-04,US,Minnesota,Traverse,159,2,0,45.77298854,-96.47062949,27155.0,0.0,0.0,4878.797177048175,1.2578616352201255,157,153,1,0,152,152,3308,6,1,0,5,1
2020-12-04,US,Minnesota,Unassigned,416,59,0,0.0,0.0,90027.0,0.0,0.0,0.0,14.182692307692307,357,381,59,0,322,382,,35,0,0,35,0
2020-12-04,US,Minnesota,Wabasha,1143,1,0,44.28424356,-92.23121312,27157.0,0.0,0.0,5285.060341240117,0.08748906386701663,1142,1130,1,0,1129,1104,21645,13,0,0,13,26
2020-12-04,US,Minnesota,Wadena,879,7,0,46.58589171,-94.96968506,27159.0,0.0,0.0,6424.499342201432,0.7963594994311718,872,863,7,0,856,853,13773,16,0,0,16,10
2020-12-04,US,Minnesota,Waseca,1453,11,0,44.02211116,-93.58720034,27161.0,0.0,0.0,7806.791317429615,0.7570543702684102,1442,1434,11,0,1423,1418,18691,19,0,0,19,16
2020-12-04,US,Minnesota,Washington,15094,125,0,45.03864533,-92.88429635,27163.0,0.0,0.0,5751.409846060053,0.8281436332317477,14969,14864,125,0,14739,14590,259201,230,0,0,230,274
2020-12-04,US,Minnesota,Watonwan,918,4,0,43.97823903,-94.61413846,27165.0,0.0,0.0,8424.336973478941,0.4357298474945534,914,894,4,0,890,882,10980,24,0,0,24,12
2020-12-04,US,Minnesota,Wilkin,432,5,0,46.35721532,-96.4684375,27167.0,0.0,0.0,6959.884001933301,1.1574074074074074,427,417,5,0,412,411,6254,15,0,0,15,6
2020-12-04,US,Minnesota,Winona,3006,32,0,43.98772283,-91.78081305,27169.0,0.0,0.0,5954.3617779890665,1.0645375914836992,2974,2978,32,0,2946,2920,50825,28,0,0,28,58
2020-12-04,US,Minnesota,Wright,8642,48,0,45.17297924,-93.96234781,27171.0,0.0,0.0,6245.257521119839,0.55542698449433,8594,8475,48,0,8427,8271,136349,167,0,0,167,204
2020-12-04,US,Minnesota,Yellow Medicine,716,12,0,44.71710183,-95.86842453,27173.0,0.0,0.0,7374.600885776084,1.675977653631285,704,696,12,0,684,676,9795,20,0,0,20,20
2020-12-04,US,Mississippi,Adams,1488,52,0,31.47669768,-91.35326037,28001.0,0.0,0.0,4848.010947121494,3.4946236559139785,1436,1483,52,0,1431,1472,31192,5,0,0,5,11
2020-12-04,US,Mississippi,Alcorn,1615,29,0,34.88084463,-88.57996173,28003.0,0.0,0.0,4370.416474981734,1.795665634674923,1586,1604,28,0,1576,1593,36925,11,1,0,10,11
2020-12-04,US,Mississippi,Amite,618,15,0,31.17467303,-90.80501621,28005.0,0.0,0.0,5025.616003903391,2.4271844660194173,603,593,15,0,578,576,12326,25,0,0,25,17
2020-12-04,US,Mississippi,Attala,1268,36,0,33.08658803,-89.57838564,28007.0,0.0,0.0,6977.000110047321,2.8391167192429023,1232,1247,35,0,1212,1228,18365,21,1,0,20,19
2020-12-04,US,Mississippi,Benton,510,18,0,34.81681228,-89.18945516,28009.0,0.0,0.0,6175.081729022884,3.5294117647058822,492,505,18,0,487,504,8271,5,0,0,5,1
2020-12-04,US,Mississippi,Bolivar,2546,86,0,33.79696941,-90.87372121,28011.0,0.0,0.0,8312.655086848636,3.3778476040848386,2460,2501,85,0,2416,2480,31333,45,1,0,44,21
2020-12-04,US,Mississippi,Calhoun,824,13,0,33.93683395,-89.33686647,28013.0,0.0,0.0,5737.761994290092,1.577669902912621,811,815,13,0,802,795,14436,9,0,0,9,20
2020-12-04,US,Mississippi,Carroll,781,15,0,33.44834567,-89.91994479,28015.0,0.0,0.0,7851.61355182467,1.9206145966709347,766,763,15,0,748,755,9911,18,0,0,18,8
2020-12-04,US,Mississippi,Chickasaw,1126,32,0,33.91983202,-88.9481545,28017.0,0.0,0.0,6583.640297023913,2.841918294849023,1094,1121,32,0,1089,1107,17171,5,0,0,5,14
2020-12-04,US,Mississippi,Choctaw,375,7,0,33.34598242,-89.24809382,28019.0,0.0,0.0,4567.600487210719,1.8666666666666667,368,369,7,0,362,363,8278,6,0,0,6,6
2020-12-04,US,Mississippi,Claiborne,597,16,0,31.97061673,-90.90702196,28021.0,0.0,0.0,6642.1895861148205,2.680067001675042,581,593,16,0,577,592,9002,4,0,0,4,1
2020-12-04,US,Mississippi,Clarke,969,54,0,32.04158545,-88.68896219999998,28023.0,0.0,0.0,6235.120005147674,5.572755417956658,915,956,53,0,903,948,15604,13,1,0,12,8
2020-12-04,US,Mississippi,Clay,985,27,0,33.65358105,-88.77784255,28025.0,0.0,0.0,5099.399461586248,2.7411167512690358,958,971,27,0,944,961,19386,14,0,0,14,10
2020-12-04,US,Mississippi,Coahoma,1600,44,0,34.22772299,-90.60415045,28027.0,0.0,0.0,7231.965286566625,2.75,1556,1578,44,0,1534,1559,22628,22,0,0,22,19
2020-12-04,US,Mississippi,Copiah,1761,41,0,31.86977774,-90.44565118,28029.0,0.0,0.0,6274.719401389632,2.328222600795003,1720,1725,40,0,1685,1708,28543,36,1,0,35,17
2020-12-04,US,Mississippi,Covington,1376,42,0,31.63225413,-89.55389939,28031.0,0.0,0.0,7383.558703584459,3.052325581395349,1334,1355,41,0,1314,1300,18853,21,1,0,20,55
2020-12-04,US,Mississippi,DeSoto,10863,104,0,34.87625235,-89.99091418,28033.0,0.0,0.0,5873.638108626888,0.9573782564669059,10759,10708,104,0,10604,10563,182001,155,0,0,155,145
2020-12-04,US,Mississippi,Forrest,4055,87,0,31.18961454,-89.25832496,28035.0,0.0,0.0,5414.102033459284,2.1454993834771887,3968,4001,87,0,3914,3947,75036,54,0,0,54,54
2020-12-04,US,Mississippi,Franklin,386,6,0,31.47786634,-90.89672989,28037.0,0.0,0.0,5004.537793335926,1.5544041450777202,380,372,6,0,366,363,7788,14,0,0,14,9
2020-12-04,US,Mississippi,George,1383,26,0,30.86259065,-88.64436789,28039.0,0.0,0.0,5644.897959183673,1.8799710773680405,1357,1317,25,0,1292,1295,24250,66,1,0,65,22
2020-12-04,US,Mississippi,Greene,660,23,0,31.21444233,-88.63922281,28041.0,0.0,0.0,4857.941999116738,3.484848484848485,637,630,22,0,608,624,13586,30,1,0,29,6
2020-12-04,US,Mississippi,Grenada,1495,45,0,33.77036166,-89.80245083,28043.0,0.0,0.0,7202.042585990944,3.0100334448160537,1450,1471,45,0,1426,1454,21055,24,0,0,24,17
2020-12-04,US,Mississippi,Hancock,1328,42,0,30.41830223,-89.48851033,28045.0,0.0,0.0,2788.041652670473,3.1626506024096384,1286,1309,42,0,1267,1276,47334,19,0,0,19,33
2020-12-04,US,Mississippi,Harrison,7624,114,0,30.51359752,-89.12467576,28047.0,0.0,0.0,3663.9753940791998,1.4952780692549843,7510,7555,113,0,7442,7397,206650,69,1,0,68,158
2020-12-04,US,Mississippi,Hinds,10705,207,0,32.2656285,-90.44435448,28049.0,0.0,0.0,4617.4085576259495,1.933675852405418,10498,10519,205,0,10314,10414,237085,186,2,0,184,105
2020-12-04,US,Mississippi,Holmes,1368,61,0,33.12345854,-90.08923538,28051.0,0.0,0.0,8042.328042328042,4.45906432748538,1307,1357,61,0,1296,1344,17622,11,0,0,11,13
2020-12-04,US,Mississippi,Humphreys,561,19,0,33.12825718,-90.52252707,28053.0,0.0,0.0,6956.845238095239,3.3868092691622103,542,557,19,0,538,552,8257,4,0,0,4,5
2020-12-04,US,Mississippi,Issaquena,125,4,0,32.72531359,-90.97392828,28055.0,0.0,0.0,9419.743782969104,3.2,121,123,4,0,119,121,1308,2,0,0,2,2
2020-12-04,US,Mississippi,Itawamba,1666,37,0,34.27993475,-88.3606733,28057.0,0.0,0.0,7122.702009405729,2.2208883553421366,1629,1626,37,0,1589,1599,23517,40,0,0,40,27
2020-12-04,US,Mississippi,Jackson,6774,131,0,30.54020656,-88.64184064,28059.0,0.0,0.0,4716.711809883232,1.9338647770888693,6643,6708,128,0,6580,6655,143277,66,3,0,63,53
2020-12-04,US,Mississippi,Jasper,900,23,0,32.01922104,-89.11786866,28061.0,0.0,0.0,5493.499359091741,2.555555555555556,877,885,23,0,862,870,16428,15,0,0,15,15
2020-12-04,US,Mississippi,Jefferson,390,12,0,31.73397872,-91.03764977,28063.0,0.0,0.0,5579.399141630901,3.0769230769230766,378,387,12,0,375,383,7106,3,0,0,3,4
2020-12-04,US,Mississippi,Jefferson Davis,608,18,0,31.56884708,-89.82670990000004,28065.0,0.0,0.0,5463.695183321352,2.9605263157894735,590,602,17,0,585,596,11234,6,1,0,5,6
2020-12-04,US,Mississippi,Jones,3885,89,0,31.62257767,-89.16896899999998,28067.0,0.0,0.0,5705.013363094364,2.2908622908622913,3796,3821,89,0,3732,3761,68461,64,0,0,64,60
2020-12-04,US,Mississippi,Kemper,500,19,0,32.75462946,-88.64105766,28069.0,0.0,0.0,5132.4163416136325,3.8,481,493,18,0,475,480,10027,7,1,0,6,13
2020-12-04,US,Mississippi,Lafayette,3473,58,0,34.35687874,-89.48490961,28071.0,0.0,0.0,6429.219348747663,1.6700259141952205,3415,3440,57,0,3383,3410,54793,33,1,0,32,30
2020-12-04,US,Mississippi,Lamar,3103,50,0,31.20572971,-89.5077704,28073.0,0.0,0.0,4898.725983928769,1.6113438607798904,3053,3075,50,0,3025,3019,62447,28,0,0,28,56
2020-12-04,US,Mississippi,Lauderdale,3754,149,0,32.40419769,-88.66229662,28075.0,0.0,0.0,5064.41821247892,3.9690996270644647,3605,3727,147,0,3580,3663,75317,27,2,0,25,64
2020-12-04,US,Mississippi,Lawrence,768,14,0,31.55147224,-90.10841127,28077.0,0.0,0.0,6102.01811536628,1.8229166666666667,754,752,14,0,738,746,12455,16,0,0,16,6
2020-12-04,US,Mississippi,Leake,1462,44,0,32.7536828,-89.52402044,28079.0,0.0,0.0,6416.2204862634935,3.0095759233926134,1418,1433,44,0,1389,1418,22763,29,0,0,29,15
2020-12-04,US,Mississippi,Lee,5577,98,0,34.291877500000005,-88.68149954,28081.0,0.0,0.0,6527.693244065734,1.7572171418325264,5479,5476,97,0,5379,5403,85202,101,1,0,100,73
2020-12-04,US,Mississippi,Leflore,2164,92,0,33.55545125,-90.29900733,28083.0,0.0,0.0,7678.387680516624,4.251386321626617,2072,2139,91,0,2048,2111,28919,25,1,0,24,28
2020-12-04,US,Mississippi,Lincoln,2032,67,0,31.53288662,-90.45391915,28085.0,0.0,0.0,5949.696951951512,3.2972440944881893,1965,2008,67,0,1941,2005,34205,24,0,0,24,3
2020-12-04,US,Mississippi,Lowndes,2651,68,0,33.47386518,-88.44191529999998,28087.0,0.0,0.0,4524.276815427937,2.5650697849867976,2583,2611,67,0,2544,2528,58930,40,1,0,39,83
2020-12-04,US,Mississippi,Madison,5311,112,0,32.63389156,-90.03513564,28089.0,0.0,0.0,4997.5534477567,2.1088307286763315,5199,5202,110,0,5092,5120,105630,109,2,0,107,82
2020-12-04,US,Mississippi,Marion,1265,48,0,31.23132643,-89.8209217,28091.0,0.0,0.0,5147.926586090424,3.794466403162055,1217,1242,48,0,1194,1214,24715,23,0,0,23,28
2020-12-04,US,Mississippi,Marshall,2294,51,0,34.76216286,-89.50299462,28093.0,0.0,0.0,6499.688332294441,2.223190932868352,2243,2271,51,0,2220,2250,35451,23,0,0,23,21
2020-12-04,US,Mississippi,Monroe,2162,78,0,33.89236763,-88.4808438,28095.0,0.0,0.0,6132.985362532622,3.6077705827937097,2084,2122,78,0,2044,2097,35564,40,0,0,40,25
2020-12-04,US,Mississippi,Montgomery,807,26,0,33.49419589,-89.61729103,28097.0,0.0,0.0,8255.754475703325,3.2218091697645597,781,788,26,0,762,784,10023,19,0,0,19,4
2020-12-04,US,Mississippi,Neshoba,2333,124,0,32.75339664,-89.11726492,28099.0,0.0,0.0,8012.226114430936,5.31504500642949,2209,2311,122,0,2189,2280,29125,22,2,0,20,31
2020-12-04,US,Mississippi,Newton,1149,29,0,32.40021118,-89.11843336,28101.0,0.0,0.0,5466.742791892663,2.5239338555265447,1120,1121,29,0,1092,1105,21443,28,0,0,28,16
2020-12-04,US,Mississippi,Noxubee,748,17,0,33.11009499,-88.56949061,28103.0,0.0,0.0,7180.570221752904,2.272727272727273,731,742,17,0,725,733,10535,6,0,0,6,9
2020-12-04,US,Mississippi,Oktibbeha,2627,63,0,33.42491685,-88.87905132,28105.0,0.0,0.0,5297.759493415613,2.3981728207080315,2564,2599,62,0,2537,2552,49599,28,1,0,27,47
2020-12-04,US,Mississippi,Panola,2437,54,0,34.36398677,-89.95064249,28107.0,0.0,0.0,7127.398221806271,2.2158391464915876,2383,2402,53,0,2349,2373,34178,35,1,0,34,29
2020-12-04,US,Mississippi,Pearl River,1681,70,0,30.77090935,-89.58677275,28109.0,0.0,0.0,3026.9199603853426,4.164187983343248,1611,1638,70,0,1568,1589,55387,43,0,0,43,49
2020-12-04,US,Mississippi,Perry,701,27,0,31.17161885,-88.99281835,28111.0,0.0,0.0,5854.840056794455,3.8516405135520686,674,693,26,0,667,687,11931,8,1,0,7,6
2020-12-04,US,Mississippi,Pike,1708,60,0,31.17507789,-90.40392572,28113.0,0.0,0.0,4347.383424964366,3.5128805620608903,1648,1683,60,0,1623,1667,39563,25,0,0,25,16
2020-12-04,US,Mississippi,Pontotoc,2136,31,0,34.226046000000004,-89.03636807,28115.0,0.0,0.0,6638.900975943308,1.4513108614232209,2105,2112,31,0,2081,2081,31833,24,0,0,24,31
2020-12-04,US,Mississippi,Prentiss,1590,34,0,34.61810501,-88.51986294,28117.0,0.0,0.0,6328.106344026109,2.1383647798742142,1556,1567,32,0,1535,1549,25315,23,2,0,21,18
2020-12-04,US,Mississippi,Quitman,510,7,0,34.25157572,-90.28908,28119.0,0.0,0.0,7508.833922261484,1.3725490196078431,503,511,7,0,504,510,7051,0,0,0,-1,1
2020-12-04,US,Mississippi,Rankin,6303,114,0,32.26469147,-89.94537876,28121.0,0.0,0.0,4059.354290240933,1.808662541646835,6189,6130,112,0,6018,6057,153902,173,2,0,171,73
2020-12-04,US,Mississippi,Scott,1660,30,0,32.406704100000006,-89.53789439,28123.0,0.0,0.0,5902.432086474186,1.8072289156626504,1630,1627,30,0,1597,1613,28287,33,0,0,33,14
2020-12-04,US,Mississippi,Sharkey,335,17,0,32.88149103,-90.81595379999999,28125.0,0.0,0.0,7752.834991900023,5.074626865671642,318,331,17,0,314,329,4377,4,0,0,4,2
2020-12-04,US,Mississippi,Simpson,1569,54,0,31.91282117,-89.91716179,28127.0,0.0,0.0,5885.662840423139,3.4416826003824093,1515,1551,53,0,1498,1540,26758,18,1,0,17,11
2020-12-04,US,Mississippi,Smith,765,16,0,32.01744532,-89.50644846,28129.0,0.0,0.0,4806.484041216386,2.0915032679738563,749,757,16,0,741,742,16002,8,0,0,8,15
2020-12-04,US,Mississippi,Stone,851,15,0,30.79187949,-89.11547539,28131.0,0.0,0.0,4641.143106457242,1.7626321974148058,836,831,15,0,816,820,18717,20,0,0,20,11
2020-12-04,US,Mississippi,Sunflower,1981,56,0,33.60192578,-90.58882684,28133.0,0.0,0.0,7889.287136598965,2.826855123674912,1925,1955,55,0,1900,1941,25735,26,1,0,25,14
2020-12-04,US,Mississippi,Tallahatchie,1012,27,0,33.95339918,-90.1729398,28135.0,0.0,0.0,7328.553841697444,2.6679841897233203,985,1007,27,0,980,994,13987,5,0,0,5,13
2020-12-04,US,Mississippi,Tate,1872,51,0,34.65133709,-89.94485778,28137.0,0.0,0.0,6609.936089827336,2.7243589743589745,1821,1840,51,0,1789,1804,28759,32,0,0,32,36
2020-12-04,US,Mississippi,Tippah,1352,30,0,34.76872156,-88.90988194,28139.0,0.0,0.0,6141.2673177379065,2.218934911242604,1322,1325,30,0,1295,1300,21995,27,0,0,27,25
2020-12-04,US,Mississippi,Tishomingo,1164,44,0,34.74023475,-88.23917219,28141.0,0.0,0.0,6005.262343290511,3.7800687285223367,1120,1148,44,0,1104,1140,19454,16,0,0,16,8
2020-12-04,US,Mississippi,Tunica,640,19,0,34.64967704,-90.37481167,28143.0,0.0,0.0,6644.518272425249,2.96875,621,635,19,0,616,630,9944,5,0,0,5,5
2020-12-04,US,Mississippi,Union,1796,26,0,34.49162015,-89.00776006,28145.0,0.0,0.0,6232.864827346868,1.447661469933185,1770,1768,26,0,1742,1729,28606,28,0,0,28,39
2020-12-04,US,Mississippi,Walthall,804,30,0,31.14971548,-90.10446654,28147.0,0.0,0.0,5627.8874422511535,3.7313432835820897,774,799,30,0,769,793,14465,5,0,0,5,6
2020-12-04,US,Mississippi,Warren,1895,59,0,32.35810271,-90.83352619,28149.0,0.0,0.0,4175.756373812829,3.1134564643799467,1836,1849,58,0,1791,1830,46176,46,1,0,45,19
2020-12-04,US,Mississippi,Washington,3421,108,0,33.28392041,-90.94196237,28151.0,0.0,0.0,7791.113439158259,3.1569716457176265,3313,3367,108,0,3259,3321,45063,54,0,0,54,46
2020-12-04,US,Mississippi,Wayne,1274,24,0,31.64135687,-88.69573913,28153.0,0.0,0.0,6312.242976762622,1.8838304552590264,1250,1249,24,0,1225,1230,20298,25,0,0,25,19
2020-12-04,US,Mississippi,Webster,495,14,0,33.61300486,-89.28392912,28155.0,0.0,0.0,5108.886365982043,2.8282828282828283,481,479,14,0,465,477,9788,16,0,0,16,2
2020-12-04,US,Mississippi,Wilkinson,425,22,0,31.16078225,-91.31018819,28157.0,0.0,0.0,4924.68134414832,5.176470588235294,403,413,22,0,391,407,8792,12,0,0,12,6
2020-12-04,US,Mississippi,Winston,1343,26,0,33.08747908,-89.03391385,28159.0,0.0,0.0,7479.810637705375,1.9359642591213704,1317,1317,26,0,1291,1287,18165,26,0,0,26,30
2020-12-04,US,Mississippi,Yalobusha,757,28,0,34.02824175,-89.70762049999998,28161.0,0.0,0.0,6252.06475057813,3.6988110964332894,729,744,28,0,716,742,12392,13,0,0,13,2
2020-12-04,US,Mississippi,Yazoo,1644,41,0,32.77890365,-90.39656148,28163.0,0.0,0.0,5537.217918491076,2.4939172749391734,1603,1629,40,0,1589,1613,28248,15,1,0,14,16
2020-12-04,US,Missouri,Adair,1140,3,0,40.19058551,-92.60078167,29001.0,0.0,0.0,4498.2835496981415,0.2631578947368421,1137,1122,3,0,1119,1110,25339,18,0,0,18,12
2020-12-04,US,Missouri,Andrew,870,11,0,39.98492163,-94.80163024,29003.0,0.0,0.0,4911.924119241193,1.264367816091954,859,851,10,0,841,836,17607,19,1,0,18,15
2020-12-04,US,Missouri,Atchison,224,3,0,40.43238737,-95.42970639,29005.0,0.0,0.0,4355.434571261911,1.3392857142857142,221,220,3,0,217,214,5171,4,0,0,4,6
2020-12-04,US,Missouri,Audrain,1164,15,0,39.215877,-91.84242683,29007.0,0.0,0.0,4584.843233023476,1.2886597938144329,1149,1144,15,0,1129,1125,25473,20,0,0,20,19
2020-12-04,US,Missouri,Barry,1519,29,0,36.70978521,-93.82919888,29009.0,0.0,0.0,4244.320880717539,1.9091507570770243,1490,1500,29,0,1471,1480,35886,19,0,0,19,20
2020-12-04,US,Missouri,Barton,650,5,0,37.50207671,-94.34757022,29011.0,0.0,0.0,5530.0323294197715,0.7692307692307693,645,644,5,0,639,638,11798,6,0,0,6,6
2020-12-04,US,Missouri,Bates,581,9,0,38.25271289,-94.34113157,29013.0,0.0,0.0,3592.6292357160523,1.5490533562822721,572,563,9,0,554,557,16320,18,0,0,18,6
2020-12-04,US,Missouri,Benton,812,11,0,38.29503305,-93.28756116,29015.0,0.0,0.0,4176.310240189271,1.354679802955665,801,791,9,0,782,785,19278,21,2,0,19,6
2020-12-04,US,Missouri,Bollinger,844,8,0,37.32449052,-90.02725304,29017.0,0.0,0.0,6956.2350614027855,0.9478672985781992,836,834,8,0,826,812,12169,10,0,0,10,22
2020-12-04,US,Missouri,Boone,10834,25,0,38.99186229,-92.30723575,29019.0,0.0,0.0,6003.446689903193,0.23075503045966406,10809,10692,25,0,10667,10577,180005,142,0,0,142,115
2020-12-04,US,Missouri,Buchanan,4995,66,0,39.65816401,-94.80138942,29021.0,0.0,0.0,5717.45799185019,1.3213213213213213,4929,4911,63,0,4848,4843,88571,84,3,0,81,68
2020-12-04,US,Missouri,Butler,2299,9,0,36.71462476,-90.40421163,29023.0,0.0,0.0,5412.213381044306,0.39147455415398,2290,2247,9,0,2238,2232,42639,52,0,0,52,15
2020-12-04,US,Missouri,Caldwell,417,3,0,39.65620858,-93.98308093,29025.0,0.0,0.0,4623.059866962306,0.7194244604316546,414,409,3,0,406,405,9108,8,0,0,8,4
2020-12-04,US,Missouri,Callaway,3019,11,0,38.83674754,-91.92186505,29027.0,0.0,0.0,6747.424178083723,0.364359059291156,3008,2960,11,0,2949,2925,44889,59,0,0,59,35
2020-12-04,US,Missouri,Camden,2579,49,0,38.02199522,-92.76083747,29029.0,0.0,0.0,5569.592916531692,1.8999612252811169,2530,2547,49,0,2498,2520,45815,32,0,0,32,27
2020-12-04,US,Missouri,Cape Girardeau,5311,65,0,37.38489388,-89.6843587,29031.0,0.0,0.0,6733.7804769814,1.2238749764639427,5246,5253,65,0,5188,5177,78753,58,0,0,58,76
2020-12-04,US,Missouri,Carroll,460,6,0,39.42762566,-93.50626255,29033.0,0.0,0.0,5300.149786841802,1.3043478260869563,454,450,6,0,444,442,8743,10,0,0,10,8
2020-12-04,US,Missouri,Carter,312,6,0,36.94160441,-90.96051322,29035.0,0.0,0.0,5215.646940822468,1.9230769230769231,306,303,6,0,297,300,6054,9,0,0,9,3
2020-12-04,US,Missouri,Cass,4060,40,0,38.64789422,-94.353399,29037.0,0.0,0.0,3838.154660616374,0.9852216748768472,4020,3989,40,0,3949,3921,104954,71,0,0,71,68
2020-12-04,US,Missouri,Cedar,452,7,0,37.72391475,-93.85445441,29039.0,0.0,0.0,3150.0452993239946,1.5486725663716814,445,450,7,0,443,447,14165,2,0,0,2,3
2020-12-04,US,Missouri,Chariton,258,0,0,39.51499357,-92.9629191,29041.0,0.0,0.0,3474.279558308645,0.0,258,254,0,0,254,249,7451,4,0,0,4,5
2020-12-04,US,Missouri,Christian,4053,24,0,36.9711783,-93.18537118,29043.0,0.0,0.0,4574.750268073819,0.5921539600296077,4029,3985,24,0,3961,3915,86983,68,0,0,68,70
2020-12-04,US,Missouri,Clark,312,4,0,40.41040752,-91.73661677,29045.0,0.0,0.0,4590.260409003972,1.2820512820512822,308,309,4,0,305,303,6842,3,0,0,3,6
2020-12-04,US,Missouri,Clay,4886,76,0,39.31132056,-94.41850862,29047.0,0.0,0.0,1954.8065997727526,1.5554645927138764,4810,4837,76,0,4761,4752,246365,49,0,0,49,85
2020-12-04,US,Missouri,Clinton,951,47,0,39.6013098,-94.40465394,29049.0,0.0,0.0,4664.73733261392,4.942166140904312,904,933,47,0,886,913,20470,18,0,0,18,20
2020-12-04,US,Missouri,Cole,6529,60,0,38.50455671,-92.27860244,29051.0,0.0,0.0,8507.394618541925,0.9189768724153776,6469,6420,60,0,6360,6338,76796,109,0,0,109,82
2020-12-04,US,Missouri,Cooper,1227,8,0,38.844478,-92.80896081,29053.0,0.0,0.0,6928.680332034559,0.6519967400162999,1219,1208,8,0,1200,1187,17603,19,0,0,19,21
2020-12-04,US,Missouri,Crawford,1262,14,0,37.97663738,-91.30528104,29055.0,0.0,0.0,5275.919732441472,1.109350237717908,1248,1239,14,0,1225,1228,23957,23,0,0,23,11
2020-12-04,US,Missouri,Dade,299,8,0,37.431814,-93.8503345,29057.0,0.0,0.0,3954.5033725697663,2.6755852842809364,291,296,8,0,288,295,7569,3,0,0,3,1
2020-12-04,US,Missouri,Dallas,618,10,0,37.681135499999996,-93.02127031,29059.0,0.0,0.0,3661.5712762175613,1.6181229773462784,608,613,10,0,603,610,16762,5,0,0,5,3
2020-12-04,US,Missouri,Daviess,362,8,0,39.96145298,-93.98519678,29061.0,0.0,0.0,4373.036965450592,2.209944751381216,354,353,8,0,345,346,8313,9,0,0,9,7
2020-12-04,US,Missouri,DeKalb,624,15,0,39.89201062,-94.40476508,29063.0,0.0,0.0,4973.300390531601,2.4038461538461537,609,621,15,0,606,610,12630,3,0,0,3,11
2020-12-04,US,Missouri,Dent,547,4,0,37.60663134,-91.50790473,29065.0,0.0,0.0,3512.489565273229,0.7312614259597806,543,539,4,0,535,531,15441,8,0,0,8,8
2020-12-04,US,Missouri,Douglas,455,15,0,36.9325593,-92.49905109,29067.0,0.0,0.0,3450.891164201744,3.2967032967032965,440,452,15,0,437,450,13373,3,0,0,3,2
2020-12-04,US,Missouri,Dunklin,1745,14,0,36.27167174,-90.09122243,29069.0,0.0,0.0,5990.182280045313,0.8022922636103151,1731,1738,14,0,1724,1726,29423,7,0,0,7,12
2020-12-04,US,Missouri,Franklin,5102,86,0,38.41127108,-91.07522826,29071.0,0.0,0.0,4907.32636317293,1.6856134849078792,5016,5040,86,0,4954,4970,103670,62,0,0,62,70
2020-12-04,US,Missouri,Gasconade,510,25,0,38.43947277,-91.50847147,29073.0,0.0,0.0,3467.9722562219513,4.901960784313727,485,502,25,0,477,495,14705,8,0,0,8,7
2020-12-04,US,Missouri,Gentry,454,13,0,40.21097916,-94.40944419,29075.0,0.0,0.0,6909.146248668391,2.8634361233480177,441,440,13,0,427,428,6628,14,0,0,14,12
2020-12-04,US,Missouri,Greene,14628,190,0,37.2575872,-93.34230916,29077.0,0.0,0.0,4991.026524637819,1.2988788624555647,14438,14449,190,0,14259,14317,291923,179,0,0,179,132
2020-12-04,US,Missouri,Grundy,537,14,0,40.11406587,-93.56509276,29079.0,0.0,0.0,5451.7766497461935,2.60707635009311,523,533,14,0,519,515,9914,4,0,0,4,18
2020-12-04,US,Missouri,Harrison,431,3,0,40.35570088,-93.99222144,29081.0,0.0,0.0,5160.44061302682,0.6960556844547564,428,415,3,0,412,408,8414,16,0,0,16,7
2020-12-04,US,Missouri,Henry,1153,12,0,38.38482826,-93.79293734,29083.0,0.0,0.0,5283.174486803519,1.0407632263660018,1141,1138,12,0,1126,1119,21792,15,0,0,15,19
2020-12-04,US,Missouri,Hickory,380,6,0,37.94163617,-93.3203037,29085.0,0.0,0.0,3981.559094719195,1.5789473684210529,374,379,6,0,373,376,9509,1,0,0,1,3
2020-12-04,US,Missouri,Holt,278,4,0,40.09799248,-95.21638879999999,29087.0,0.0,0.0,6313.876902112196,1.4388489208633093,274,277,4,0,273,270,4404,1,0,0,1,7
2020-12-04,US,Missouri,Howard,529,2,0,39.1435761,-92.69756691,29089.0,0.0,0.0,5289.471052894712,0.3780718336483932,527,524,2,0,522,516,10137,5,0,0,5,8
2020-12-04,US,Missouri,Howell,1635,31,0,36.77383887,-91.88683935,29091.0,0.0,0.0,4075.578931624997,1.8960244648318043,1604,1616,31,0,1585,1607,40076,19,0,0,19,9
2020-12-04,US,Missouri,Iron,250,1,0,37.55487945,-90.7735296,29093.0,0.0,0.0,2469.1358024691363,0.4,249,247,1,0,246,242,10177,3,0,0,3,5
2020-12-04,US,Missouri,Jackson,18369,186,0,39.01002188,-94.34724536,29095.0,0.0,0.0,2612.9036387766337,1.0125755348685286,18183,18081,185,0,17896,17812,700307,288,1,0,287,269
2020-12-04,US,Missouri,Jasper,8569,121,0,37.20351921,-94.34050458,29097.0,0.0,0.0,7062.673084531189,1.4120667522464698,8448,8499,119,0,8380,8433,120636,70,2,0,68,66
2020-12-04,US,Missouri,Jefferson,11788,108,0,38.25926778,-90.53870896,29099.0,0.0,0.0,5237.225709855563,0.9161859518154056,11680,11667,108,0,11559,11460,224347,121,0,0,121,207
2020-12-04,US,Missouri,Johnson,2635,16,0,38.74719601,-93.80691168,29101.0,0.0,0.0,4874.03351707299,0.6072106261859582,2619,2617,16,0,2601,2582,53652,18,0,0,18,35
2020-12-04,US,Missouri,Kansas City,24453,302,0,39.0997,-94.5786,0.0,0.0,0.0,5001.19645848289,1.2350222876538666,24151,24115,301,0,23814,23796,491918,338,1,0,337,319
2020-12-04,US,Missouri,Knox,136,1,0,40.12699751,-92.14780832,29103.0,0.0,0.0,3435.210911846426,0.7352941176470589,135,136,1,0,135,135,3947,0,0,0,0,1
2020-12-04,US,Missouri,Laclede,1952,32,0,37.65896829,-92.5888493,29105.0,0.0,0.0,5464.266718920583,1.639344262295082,1920,1903,32,0,1871,1870,35713,49,0,0,49,33
2020-12-04,US,Missouri,Lafayette,1617,30,0,39.06986886,-93.78076396,29107.0,0.0,0.0,4943.744649627002,1.855287569573284,1587,1601,30,0,1571,1581,32598,16,0,0,16,20
2020-12-04,US,Missouri,Lawrence,1997,39,0,37.10626634,-93.83293097,29109.0,0.0,0.0,5206.622343892583,1.9529293940911367,1958,1978,39,0,1939,1963,38359,19,0,0,19,15
2020-12-04,US,Missouri,Lewis,441,2,0,40.09673161,-91.72070156,29111.0,0.0,0.0,4511.047463175123,0.453514739229025,439,436,2,0,434,433,9855,5,0,0,5,3
2020-12-04,US,Missouri,Lincoln,2634,13,0,39.05345619,-90.95588181,29113.0,0.0,0.0,4463.4233135071945,0.4935459377372817,2621,2587,13,0,2574,2540,57686,47,0,0,47,47
2020-12-04,US,Missouri,Linn,338,11,0,39.87001769,-93.10704106,29115.0,0.0,0.0,2835.570469798657,3.2544378698224854,327,334,11,0,323,329,12037,4,0,0,4,5
2020-12-04,US,Missouri,Livingston,809,16,0,39.78110272,-93.54645978,29117.0,0.0,0.0,5312.93097786826,1.9777503090234856,793,804,16,0,788,792,15146,5,0,0,5,12
2020-12-04,US,Missouri,Macon,709,3,0,39.83049768,-92.56453089,29121.0,0.0,0.0,4690.084011377919,0.4231311706629055,706,701,3,0,698,699,15153,8,0,0,8,2
2020-12-04,US,Missouri,Madison,936,9,0,37.47865134,-90.34671429999999,29123.0,0.0,0.0,7743.216412971542,0.9615384615384616,927,925,9,0,916,912,12188,11,0,0,11,13
2020-12-04,US,Missouri,Maries,386,4,0,38.16193985,-91.92249662,29125.0,0.0,0.0,4438.312061630448,1.0362694300518134,382,379,4,0,375,376,8769,7,0,0,7,3
2020-12-04,US,Missouri,Marion,1894,18,0,39.80601912,-91.62203062,29127.0,0.0,0.0,6638.626007711179,0.9503695881731784,1876,1846,18,0,1828,1832,28592,48,0,0,48,14
2020-12-04,US,Missouri,McDonald,1430,16,0,36.62869595,-94.34867205,29119.0,0.0,0.0,6261.768183211455,1.1188811188811192,1414,1426,16,0,1410,1417,23078,4,0,0,4,9
2020-12-04,US,Missouri,Mercer,90,1,0,40.42212303,-93.56829590000001,29129.0,0.0,0.0,2488.2499308819465,1.1111111111111112,89,89,1,0,88,88,3641,1,0,0,1,1
2020-12-04,US,Missouri,Miller,1602,26,0,38.21450288,-92.42610898,29131.0,0.0,0.0,6253.1714742964205,1.6229712858926342,1576,1576,26,0,1550,1546,25336,26,0,0,26,30
2020-12-04,US,Missouri,Mississippi,924,7,0,36.82516239,-89.29505753,29133.0,0.0,0.0,7010.62215477997,0.7575757575757576,917,915,7,0,908,903,13336,9,0,0,9,12
2020-12-04,US,Missouri,Moniteau,1295,15,0,38.63571781,-92.57976951,29135.0,0.0,0.0,8027.522935779814,1.1583011583011582,1280,1274,15,0,1259,1264,16121,21,0,0,21,10
2020-12-04,US,Missouri,Monroe,410,3,0,39.49593978,-92.00043978,29137.0,0.0,0.0,4743.174456270245,0.7317073170731707,407,407,3,0,404,401,8664,3,0,0,3,6
2020-12-04,US,Missouri,Montgomery,360,6,0,38.94022054,-91.47000721,29139.0,0.0,0.0,3116.6132802354773,1.6666666666666667,354,358,6,0,352,354,11534,2,0,0,2,4
2020-12-04,US,Missouri,Morgan,1129,13,0,38.4181765,-92.88791859,29141.0,0.0,0.0,5473.408639162263,1.1514614703277235,1116,1104,13,0,1091,1089,20358,25,0,0,25,15
2020-12-04,US,Missouri,New Madrid,1399,24,0,36.59666326,-89.66070007,29143.0,0.0,0.0,8192.785195596158,1.7155110793423871,1375,1388,24,0,1364,1384,17296,11,0,0,11,4
2020-12-04,US,Missouri,Newton,3042,38,0,36.90519407,-94.3394104,29145.0,0.0,0.0,5223.573047599423,1.2491781722550954,3004,3027,38,0,2989,3012,58266,15,0,0,15,15
2020-12-04,US,Missouri,Nodaway,2076,13,0,40.36079813,-94.88133008,29147.0,0.0,0.0,9397.06681151548,0.6262042389210021,2063,2076,13,0,2063,2037,22304,0,0,0,0,39
2020-12-04,US,Missouri,Oregon,396,1,0,36.68710164,-91.4033755,29149.0,0.0,0.0,3761.040934561687,0.2525252525252525,395,394,1,0,393,387,10541,2,0,0,2,7
2020-12-04,US,Missouri,Osage,985,4,0,38.46036182,-91.8613635,29151.0,0.0,0.0,7234.667645978699,0.4060913705583756,981,973,4,0,969,958,13714,12,0,0,12,15
2020-12-04,US,Missouri,Ozark,306,3,0,36.64916339,-92.44459066,29153.0,0.0,0.0,3335.513407455853,0.9803921568627452,303,303,3,0,300,298,9017,3,0,0,3,5
2020-12-04,US,Missouri,Pemiscot,1132,19,0,36.2130572,-89.78742322,29155.0,0.0,0.0,7162.2904144258155,1.6784452296819787,1113,1125,19,0,1106,1109,16272,7,0,0,7,16
2020-12-04,US,Missouri,Perry,1608,12,0,37.70660776,-89.82741088,29157.0,0.0,0.0,8403.010033444816,0.746268656716418,1596,1596,12,0,1584,1570,19150,12,0,0,12,26
2020-12-04,US,Missouri,Pettis,2782,36,0,38.72798918,-93.28471706,29159.0,0.0,0.0,6570.77399088311,1.2940330697340043,2746,2705,36,0,2669,2700,42542,77,0,0,77,5
2020-12-04,US,Missouri,Phelps,1919,51,0,37.87736118,-91.79351727,29161.0,0.0,0.0,4305.296928633927,2.6576341844710787,1868,1884,50,0,1834,1834,44732,35,1,0,34,50
2020-12-04,US,Missouri,Pike,1004,10,0,39.34310674,-91.16980779,29163.0,0.0,0.0,5485.739263468474,0.99601593625498,994,976,9,0,967,958,18504,28,1,0,27,18
2020-12-04,US,Missouri,Platte,1788,17,0,39.38154439,-94.77068479,29165.0,0.0,0.0,1712.3484456702868,0.9507829977628636,1771,1771,17,0,1754,1741,102985,17,0,0,17,30
2020-12-04,US,Missouri,Polk,1466,12,0,37.616229600000004,-93.39828174,29167.0,0.0,0.0,4560.017418893278,0.8185538881309686,1454,1429,12,0,1417,1415,32201,37,0,0,37,14
2020-12-04,US,Missouri,Pulaski,1768,24,0,37.82462075,-92.20783203,29169.0,0.0,0.0,3360.769479346855,1.3574660633484164,1744,1710,23,0,1687,1673,52014,58,1,0,57,37
2020-12-04,US,Missouri,Putnam,167,1,0,40.47942497,-93.02042674,29171.0,0.0,0.0,3556.2180579216356,0.5988023952095808,166,168,1,0,167,167,4757,0,0,0,-1,1
2020-12-04,US,Missouri,Ralls,514,2,0,39.52817427,-91.51838643,29173.0,0.0,0.0,4985.934620234746,0.3891050583657588,512,506,2,0,504,496,10212,8,0,0,8,10
2020-12-04,US,Missouri,Randolph,1278,9,0,39.44007257,-92.49713740000001,29175.0,0.0,0.0,5164.053660901891,0.7042253521126759,1269,1256,9,0,1247,1239,24763,22,0,0,22,17
2020-12-04,US,Missouri,Ray,758,6,0,39.353746799999996,-93.98905745,29177.0,0.0,0.0,3293.0749847945085,0.7915567282321899,752,737,6,0,731,728,22883,21,0,0,21,9
2020-12-04,US,Missouri,Reynolds,185,2,0,37.36085952,-90.97009925,29179.0,0.0,0.0,2950.558213716109,1.0810810810810811,183,185,2,0,183,184,6254,0,0,0,0,1
2020-12-04,US,Missouri,Ripley,565,8,0,36.65460667,-90.85990261,29181.0,0.0,0.0,4251.956652618905,1.4159292035398232,557,558,8,0,550,550,13401,7,0,0,7,8
2020-12-04,US,Missouri,Saline,1628,12,0,39.13734288,-93.20259964,29195.0,0.0,0.0,7152.585563024471,0.7371007371007371,1616,1618,12,0,1606,1610,22895,10,0,0,10,8
2020-12-04,US,Missouri,Schuyler,140,1,0,40.46921489,-92.52311943,29197.0,0.0,0.0,3004.291845493562,0.7142857142857143,139,138,1,0,137,134,4599,2,0,0,2,4
2020-12-04,US,Missouri,Scotland,195,1,0,40.45214695,-92.14709064,29199.0,0.0,0.0,3977.9681762545893,0.5128205128205128,194,194,1,0,193,192,4966,1,0,0,1,2
2020-12-04,US,Missouri,Scott,2816,42,0,37.05588075,-89.56474493,29201.0,0.0,0.0,7356.321839080459,1.4914772727272727,2774,2780,42,0,2738,2739,38458,36,0,0,36,41
2020-12-04,US,Missouri,Shannon,351,9,0,37.15772072,-91.40190382,29203.0,0.0,0.0,4298.310066127848,2.5641025641025643,342,341,9,0,332,340,8189,10,0,0,10,1
2020-12-04,US,Missouri,Shelby,229,1,0,39.79742518,-92.07634971,29205.0,0.0,0.0,3861.7200674536257,0.4366812227074236,228,224,1,0,223,220,6050,5,0,0,5,4
2020-12-04,US,Missouri,St. Charles,21310,219,0,38.77875681,-90.66662425,29183.0,0.0,0.0,5300.7049365457615,1.027686532144533,21091,21069,219,0,20850,20741,399182,241,0,0,241,328
2020-12-04,US,Missouri,St. Clair,366,1,0,38.03699437,-93.77631447,29185.0,0.0,0.0,3894.8600617218262,0.27322404371584696,365,358,1,0,357,345,9395,8,0,0,8,13
2020-12-04,US,Missouri,St. Francois,5282,47,0,37.81214171,-90.47598685,29187.0,0.0,0.0,7858.364948300231,0.8898144642180992,5235,5248,47,0,5201,5194,66692,34,0,0,34,54
2020-12-04,US,Missouri,St. Louis,54376,1084,0,38.63770039999999,-90.4458375,29189.0,0.0,0.0,5469.294561986713,1.993526555833456,53292,53688,1035,0,52653,52993,996945,688,49,0,639,695
2020-12-04,US,Missouri,St. Louis City,13600,255,0,38.63555736,-90.24349225,29510.0,0.0,0.0,4524.646012988394,1.875,13345,13489,246,0,13243,13282,302838,111,9,0,102,207
2020-12-04,US,Missouri,Ste. Genevieve,1137,2,0,37.89090059,-90.1949941,29186.0,0.0,0.0,6354.085168212809,0.1759014951627089,1135,1126,2,0,1124,1104,17888,11,0,0,11,22
2020-12-04,US,Missouri,Stoddard,1712,24,0,36.85571651,-89.9444155,29207.0,0.0,0.0,5898.363479758828,1.4018691588785046,1688,1695,23,0,1672,1678,29206,17,1,0,16,17
2020-12-04,US,Missouri,Stone,1265,19,0,36.75000327,-93.45256475,29209.0,0.0,0.0,3959.0635953930896,1.5019762845849802,1246,1239,19,0,1220,1226,31749,26,0,0,26,13
2020-12-04,US,Missouri,Sullivan,574,6,0,40.2099105,-93.11150106,29211.0,0.0,0.0,9426.835276728529,1.0452961672473868,568,573,6,0,567,572,6221,1,0,0,1,1
2020-12-04,US,Missouri,Taney,3042,39,0,36.65465345,-93.04075153,29213.0,0.0,0.0,5439.136032041196,1.2820512820512822,3003,2970,39,0,2931,2941,55852,72,0,0,72,29
2020-12-04,US,Missouri,Texas,1001,10,0,37.31728859,-91.96564727,29215.0,0.0,0.0,3941.255216946216,0.999000999000999,991,993,9,0,984,973,25571,8,1,0,7,20
2020-12-04,US,Missouri,Vernon,725,10,0,37.8457799,-94.34127305,29217.0,0.0,0.0,3525.7501337353497,1.3793103448275863,715,706,9,0,697,689,20528,19,1,0,18,17
2020-12-04,US,Missouri,Warren,1285,3,0,38.76529479,-91.16124662,29219.0,0.0,0.0,3604.589189037561,0.2334630350194553,1282,1270,3,0,1267,1256,34711,15,0,0,15,14
2020-12-04,US,Missouri,Washington,1522,22,0,37.96130078,-90.87948158,29221.0,0.0,0.0,6154.468257177517,1.445466491458607,1500,1517,22,0,1495,1490,24943,5,0,0,5,27
2020-12-04,US,Missouri,Wayne,520,3,0,37.11303869,-90.46001416,29223.0,0.0,0.0,4039.4624407674974,0.5769230769230769,517,512,3,0,509,509,13122,8,0,0,8,3
2020-12-04,US,Missouri,Webster,1912,26,0,37.2813734,-92.876329,29225.0,0.0,0.0,4829.258436047687,1.3598326359832635,1886,1855,25,0,1830,1850,39109,57,1,0,56,5
2020-12-04,US,Missouri,Worth,80,0,0,40.47945588,-94.42328751,29227.0,0.0,0.0,3974.167908594138,0.0,80,76,0,0,76,75,2040,4,0,0,4,1
2020-12-04,US,Missouri,Wright,806,15,0,37.27029221,-92.46914488,29229.0,0.0,0.0,4407.020613483513,1.8610421836228288,791,794,15,0,779,784,18378,12,0,0,12,10
2020-12-04,US,Montana,Beaverhead,594,3,0,45.13434354,-112.89846940000001,30001.0,0.0,0.0,6283.719454141542,0.5050505050505051,591,592,3,0,589,578,9404,2,0,0,2,14
2020-12-04,US,Montana,Big Horn,1862,50,0,45.42335905,-107.492347,30003.0,0.0,0.0,13980.028530670472,2.6852846401718584,1812,1835,50,0,1785,1817,13338,27,0,0,27,18
2020-12-04,US,Montana,Blaine,539,18,0,48.43175214,-108.9582723,30005.0,0.0,0.0,8067.654542733124,3.339517625231911,521,539,18,0,521,535,6807,0,0,0,0,4
2020-12-04,US,Montana,Broadwater,213,1,0,46.33277565,-111.49558130000001,30007.0,0.0,0.0,3415.103415103415,0.4694835680751174,212,207,1,0,206,199,6085,6,0,0,6,8
2020-12-04,US,Montana,Carbon,613,6,0,45.22850116,-109.0274047,30009.0,0.0,0.0,5715.617715617716,0.9787928221859706,607,605,6,0,599,599,10714,8,0,0,8,6
2020-12-04,US,Montana,Carter,123,4,0,45.5197966,-104.53955359999999,30011.0,0.0,0.0,9824.281150159744,3.2520325203252027,119,120,4,0,116,121,1238,3,0,0,3,0
2020-12-04,US,Montana,Cascade,5386,75,0,47.30797024,-111.3467922,30013.0,0.0,0.0,6619.472506943933,1.3924990716672856,5311,5272,75,0,5197,5237,81643,114,0,0,114,35
2020-12-04,US,Montana,Chouteau,290,3,0,47.88084126,-110.4353362,30015.0,0.0,0.0,5146.406388642414,1.0344827586206895,287,290,3,0,287,287,5745,0,0,0,0,3
2020-12-04,US,Montana,Custer,787,6,0,46.25319932,-105.57375259999998,30017.0,0.0,0.0,6902.297842483775,0.7623888182973316,781,764,6,0,758,755,11586,23,0,0,23,9
2020-12-04,US,Montana,Daniels,126,4,0,48.78420029,-105.54763429999998,30019.0,0.0,0.0,7455.621301775148,3.1746031746031744,122,124,4,0,120,123,1747,2,0,0,2,1
2020-12-04,US,Montana,Dawson,708,14,0,47.26584855,-104.89444170000002,30021.0,0.0,0.0,8220.132358063394,1.9774011299435028,694,676,14,0,662,670,8680,32,0,0,32,6
2020-12-04,US,Montana,Deer Lodge,757,10,0,46.05953325,-113.073353,30023.0,0.0,0.0,8282.275711159738,1.3210039630118893,747,751,10,0,741,741,9131,6,0,0,6,10
2020-12-04,US,Montana,Fallon,252,1,0,46.33478338,-104.41835649999999,30025.0,0.0,0.0,8854.532677442025,0.3968253968253968,251,251,1,0,250,249,2920,1,0,0,1,2
2020-12-04,US,Montana,Fergus,682,3,0,47.26331584,-109.2245206,30027.0,0.0,0.0,6171.945701357466,0.4398826979472141,679,674,3,0,671,650,11113,8,0,0,8,24
2020-12-04,US,Montana,Flathead,7263,39,0,48.29575866,-114.05205690000001,30029.0,0.0,0.0,6996.705392751864,0.53696819496076,7224,7097,39,0,7058,6986,102106,166,0,0,166,111
2020-12-04,US,Montana,Gallatin,7795,24,0,45.54486106,-111.1692571,30031.0,0.0,0.0,6811.786706747996,0.3078896728672226,7771,7622,24,0,7598,7587,111876,173,0,0,173,35
2020-12-04,US,Montana,Garfield,65,2,0,47.27545948,-107.0002351,30033.0,0.0,0.0,5166.931637519873,3.0769230769230766,63,65,2,0,63,65,1268,0,0,0,0,0
2020-12-04,US,Montana,Glacier,1190,21,0,48.70513576,-112.9934235,30035.0,0.0,0.0,8652.65760197775,1.7647058823529411,1169,1182,21,0,1161,1181,13747,8,0,0,8,1
2020-12-04,US,Montana,Golden Valley,24,0,0,46.3816474,-109.17685220000001,30037.0,0.0,0.0,2923.2643118148603,0.0,24,24,0,0,24,24,826,0,0,0,0,0
2020-12-04,US,Montana,Granite,136,1,0,46.40605220000001,-113.4414186,30039.0,0.0,0.0,4024.859425865641,0.7352941176470589,135,134,1,0,133,127,3378,2,0,0,2,7
2020-12-04,US,Montana,Hill,1402,28,0,48.62879827,-110.1129252,30041.0,0.0,0.0,8505.217180296044,1.9971469329529243,1374,1389,28,0,1361,1369,16347,13,0,0,13,20
2020-12-04,US,Montana,Jefferson,540,1,0,46.14907081,-112.094396,30043.0,0.0,0.0,4418.623680549873,0.1851851851851852,539,521,1,0,520,518,12097,19,0,0,19,3
2020-12-04,US,Montana,Judith Basin,66,0,0,47.04581276,-110.26606880000001,30045.0,0.0,0.0,3288.490284005979,0.0,66,66,0,0,66,65,1952,0,0,0,0,1
2020-12-04,US,Montana,Lake,1140,14,0,47.64514965,-114.0898013,30047.0,0.0,0.0,3742.859018976952,1.2280701754385963,1126,1127,13,0,1114,1101,30250,13,1,0,12,26
2020-12-04,US,Montana,Lewis and Clark,3272,18,0,47.12610041,-112.39469799999999,30049.0,0.0,0.0,4712.5244843876035,0.5501222493887531,3254,3093,18,0,3075,3070,68700,179,0,0,179,23
2020-12-04,US,Montana,Liberty,96,1,0,48.56084317,-111.02430700000001,30051.0,0.0,0.0,4107.830551989729,1.0416666666666667,95,94,1,0,93,94,2430,2,0,0,2,0
2020-12-04,US,Montana,Lincoln,811,9,0,48.54265777,-115.4046155,30053.0,0.0,0.0,4059.059059059058,1.1097410604192357,802,790,9,0,781,770,19794,21,0,0,21,20
2020-12-04,US,Montana,Madison,427,3,0,45.30080065,-111.9173017,30057.0,0.0,0.0,4965.116279069767,0.7025761124121779,424,425,3,0,422,413,8768,2,0,0,2,12
2020-12-04,US,Montana,McCone,111,0,0,47.64469406,-105.79449939999999,30055.0,0.0,0.0,6670.673076923077,0.0,111,111,0,0,111,108,1675,0,0,0,0,3
2020-12-04,US,Montana,Meagher,110,7,0,46.59907074,-110.8898557,30059.0,0.0,0.0,5907.626208378088,6.363636363636362,103,110,7,0,103,110,1866,0,0,0,0,0
2020-12-04,US,Montana,Mineral,82,0,0,47.15283992,-115.00152390000001,30061.0,0.0,0.0,1864.9078917443712,0.0,82,79,0,0,79,76,4316,3,0,0,3,3
2020-12-04,US,Montana,Missoula,5062,43,0,47.03728583,-113.92135079999998,30063.0,0.0,0.0,4232.441471571907,0.8494666139865665,5019,4927,43,0,4884,4848,118791,135,0,0,135,79
2020-12-04,US,Montana,Musselshell,228,6,0,46.49684637,-108.39498,30065.0,0.0,0.0,4921.2173537664585,2.631578947368421,222,228,6,0,222,224,4651,0,0,0,0,4
2020-12-04,US,Montana,Park,701,3,0,45.48965095,-110.52643940000002,30067.0,0.0,0.0,4221.3657714079245,0.42796005706134094,698,673,3,0,670,670,16736,28,0,0,28,3
2020-12-04,US,Montana,Petroleum,8,1,0,47.118246299999996,-108.2508876,30069.0,0.0,0.0,1642.7104722792608,12.5,7,8,1,0,7,8,513,0,0,0,0,0
2020-12-04,US,Montana,Phillips,321,7,0,48.25936577,-107.9128511,30071.0,0.0,0.0,8118.361153262519,2.1806853582554515,314,310,6,0,304,286,4074,11,1,0,10,24
2020-12-04,US,Montana,Pondera,328,3,0,48.22773388,-112.22527029999999,30073.0,0.0,0.0,5548.9764845203845,0.9146341463414634,325,319,3,0,316,313,5972,9,0,0,9,6
2020-12-04,US,Montana,Powder River,90,5,0,45.39617714,-105.636738,30075.0,0.0,0.0,5350.772889417361,5.5555555555555545,85,90,5,0,85,90,1716,0,0,0,0,0
2020-12-04,US,Montana,Powell,724,3,0,46.85538891,-112.93591640000001,30077.0,0.0,0.0,10507.982583454279,0.4143646408839779,721,720,3,0,717,719,6968,4,0,0,4,1
2020-12-04,US,Montana,Prairie,115,2,0,46.86048047,-105.379384,30079.0,0.0,0.0,10677.808727948004,1.7391304347826086,113,101,1,0,100,101,1087,14,1,0,13,0
2020-12-04,US,Montana,Ravalli,1679,15,0,46.08520862,-114.11891640000002,30081.0,0.0,0.0,3832.808291101675,0.8933889219773675,1664,1620,15,0,1605,1585,43172,59,0,0,59,35
2020-12-04,US,Montana,Richland,716,9,0,47.78668011,-104.5610786,30083.0,0.0,0.0,6627.788577247061,1.2569832402234635,707,715,9,0,706,712,10913,1,0,0,1,3
2020-12-04,US,Montana,Roosevelt,1264,42,0,48.29607488,-105.00792679999999,30085.0,0.0,0.0,11486.73209741912,3.3227848101265822,1222,1265,41,0,1224,1256,11059,0,1,0,-2,9
2020-12-04,US,Montana,Rosebud,902,25,0,46.23397237,-106.72928799999998,30087.0,0.0,0.0,10092.872328521877,2.7716186252771617,877,897,25,0,872,886,9063,5,0,0,5,11
2020-12-04,US,Montana,Sanders,266,3,0,47.67657534,-115.1329916,30089.0,0.0,0.0,2195.987781722117,1.1278195488721805,263,266,3,0,263,261,11844,0,0,0,0,5
2020-12-04,US,Montana,Sheridan,304,3,0,48.72085833,-104.50382900000001,30091.0,0.0,0.0,9187.06557872469,0.986842105263158,301,301,3,0,298,285,3424,3,0,0,3,16
2020-12-04,US,Montana,Silver Bow,2387,31,0,45.90018933,-112.6620092,30093.0,0.0,0.0,6836.6031791493615,1.2987012987012987,2356,2299,30,0,2269,2262,34993,88,1,0,87,37
2020-12-04,US,Montana,Stillwater,458,7,0,45.67071407,-109.3950061,30095.0,0.0,0.0,4750.051856461315,1.5283842794759823,451,452,7,0,445,447,9534,6,0,0,6,5
2020-12-04,US,Montana,Sweet Grass,275,5,0,45.81367654,-109.9425686,30097.0,0.0,0.0,7358.843992507358,1.818181818181818,270,265,5,0,260,265,3710,10,0,0,10,0
2020-12-04,US,Montana,Teton,233,3,0,47.83741052,-112.24106880000001,30099.0,0.0,0.0,3790.466894420042,1.2875536480686696,230,223,3,0,220,215,6162,10,0,0,10,8
2020-12-04,US,Montana,Toole,629,8,0,48.65577551,-111.69424140000001,30101.0,0.0,0.0,13281.25,1.2718600953895072,621,617,8,0,609,600,4853,12,0,0,12,17
2020-12-04,US,Montana,Treasure,35,1,0,46.20973220000001,-107.26665159999999,30103.0,0.0,0.0,5028.735632183908,2.8571428571428568,34,32,1,0,31,30,679,3,0,0,3,2
2020-12-04,US,Montana,Valley,585,7,0,48.36435097,-106.6669635,30105.0,0.0,0.0,7909.6809085992445,1.1965811965811963,578,584,7,0,577,567,7437,1,0,0,1,17
2020-12-04,US,Montana,Wheatland,109,6,0,46.46652491,-109.84646359999999,30107.0,0.0,0.0,5126.999059266228,5.504587155963303,103,109,6,0,103,106,2236,0,0,0,0,3
2020-12-04,US,Montana,Wibaux,89,3,0,46.95925154,-104.2510927,30109.0,0.0,0.0,9184.726522187822,3.3707865168539324,86,89,3,0,86,89,1034,0,0,0,0,0
2020-12-04,US,Montana,Yellowstone,11466,120,0,45.93955949,-108.26914860000001,30111.0,0.0,0.0,7108.493490390578,1.0465724751439036,11346,11383,120,0,11263,11290,160137,83,0,0,83,93
2020-12-04,US,Nebraska,Adams,1872,25,0,40.52449420000001,-98.50117804,31001.0,0.0,0.0,5968.8167586008985,1.3354700854700854,1847,1829,25,0,1804,1780,31511,43,0,0,43,49
2020-12-04,US,Nebraska,Antelope,357,4,0,42.17695516,-98.06662829999999,31003.0,0.0,0.0,5668.466179739599,1.1204481792717087,353,351,4,0,347,342,6336,6,0,0,6,9
2020-12-04,US,Nebraska,Arthur,16,0,0,41.56896142,-101.6959559,31005.0,0.0,0.0,3455.72354211663,0.0,16,16,0,0,16,16,465,0,0,0,0,0
2020-12-04,US,Nebraska,Banner,16,0,0,41.54634427,-103.7114332,31007.0,0.0,0.0,2147.651006711409,0.0,16,16,0,0,16,16,730,0,0,0,0,0
2020-12-04,US,Nebraska,Blaine,15,0,0,41.91311716,-99.97677845,31009.0,0.0,0.0,3225.8064516129034,0.0,15,15,0,0,15,15,476,0,0,0,0,0
2020-12-04,US,Nebraska,Boone,348,1,0,41.70759415,-98.06737183,31011.0,0.0,0.0,6702.619414483821,0.28735632183908044,347,344,1,0,343,338,5239,4,0,0,4,6
2020-12-04,US,Nebraska,Box Butte,663,8,0,42.22079243,-103.08788340000001,31013.0,0.0,0.0,6148.567189093944,1.2066365007541475,655,659,8,0,651,650,10772,4,0,0,4,9
2020-12-04,US,Nebraska,Boyd,141,2,0,42.899727399999996,-98.76486568,31015.0,0.0,0.0,7347.576862949453,1.4184397163120568,139,141,2,0,139,138,1955,0,0,0,0,3
2020-12-04,US,Nebraska,Brown,176,1,0,42.43018907,-99.92904055,31017.0,0.0,0.0,5956.006768189509,0.5681818181818182,175,174,1,0,173,169,2973,2,0,0,2,5
2020-12-04,US,Nebraska,Buffalo,3799,41,0,40.85486962,-99.07500296,31019.0,0.0,0.0,7650.174187961899,1.0792313766780732,3758,3748,41,0,3707,3700,49615,51,0,0,51,48
2020-12-04,US,Nebraska,Burt,456,2,0,41.85056773,-96.32605633,31021.0,0.0,0.0,7059.916395726893,0.43859649122807015,454,451,1,0,450,447,6488,5,1,0,4,4
2020-12-04,US,Nebraska,Butler,642,7,0,41.22703692,-97.13106306,31023.0,0.0,0.0,8008.982035928145,1.0903426791277258,635,637,7,0,630,629,8058,5,0,0,5,8
2020-12-04,US,Nebraska,Cass,1265,7,0,40.90899107,-96.13971217,31025.0,0.0,0.0,4819.414812557147,0.5533596837944664,1258,1254,7,0,1247,1228,26159,11,0,0,11,26
2020-12-04,US,Nebraska,Cedar,420,3,0,42.598885100000004,-97.25311951,31027.0,0.0,0.0,4998.809807188764,0.7142857142857143,417,415,3,0,412,405,8446,5,0,0,5,10
2020-12-04,US,Nebraska,Chase,280,3,0,40.523719799999995,-101.69780259999999,31029.0,0.0,0.0,7135.575942915392,1.0714285714285714,277,278,3,0,275,275,3977,2,0,0,2,3
2020-12-04,US,Nebraska,Cherry,198,4,0,42.54502621,-101.1244332,31031.0,0.0,0.0,3480.4007734223937,2.0202020202020203,194,197,4,0,193,192,5761,1,0,0,1,5
2020-12-04,US,Nebraska,Cheyenne,581,8,0,41.21999357,-102.9941693,31033.0,0.0,0.0,6520.763187429853,1.3769363166953528,573,576,8,0,568,549,9310,5,0,0,5,27
2020-12-04,US,Nebraska,Clay,426,4,0,40.52439441,-98.05126296,31035.0,0.0,0.0,6867.644688054167,0.9389671361502347,422,416,4,0,412,414,6214,10,0,0,10,2
2020-12-04,US,Nebraska,Colfax,1349,13,0,41.57486951,-97.0868542,31037.0,0.0,0.0,12596.881128023158,0.9636767976278724,1336,1338,13,0,1325,1323,10881,11,0,0,11,15
2020-12-04,US,Nebraska,Cuming,629,5,0,41.91637624,-96.78730772,31039.0,0.0,0.0,7110.558444494687,0.7949125596184421,624,624,5,0,619,621,8940,5,0,0,5,3
2020-12-04,US,Nebraska,Custer,507,13,0,41.39374521,-99.72805369,31041.0,0.0,0.0,4704.463208685162,2.5641025641025643,494,498,13,0,485,488,10840,9,0,0,9,10
2020-12-04,US,Nebraska,Dakota,3226,51,0,42.39040144,-96.56656425,31043.0,0.0,0.0,16109.0582243084,1.5809051456912586,3175,3209,51,0,3158,3191,20083,17,0,0,17,18
2020-12-04,US,Nebraska,Dawes,472,18,0,42.71985036,-103.1313774,31045.0,0.0,0.0,5495.4010944231,3.8135593220338975,454,469,16,0,453,467,8716,3,2,0,1,2
2020-12-04,US,Nebraska,Dawson,2106,19,0,40.87028216,-99.82014609999999,31047.0,0.0,0.0,8925.619834710744,0.9021842355175688,2087,2079,19,0,2060,2010,23709,27,0,0,27,69
2020-12-04,US,Nebraska,Deuel,50,0,0,41.11168186,-102.33333309999999,31049.0,0.0,0.0,2787.068004459309,0.0,50,47,0,0,47,46,1825,3,0,0,3,1
2020-12-04,US,Nebraska,Dixon,419,4,0,42.49188363,-96.86782408,31051.0,0.0,0.0,7434.3506032647265,0.9546539379474941,415,414,4,0,410,412,5709,5,0,0,5,2
2020-12-04,US,Nebraska,Dodge,3035,37,0,41.58071748,-96.65598179,31053.0,0.0,0.0,8300.287159852318,1.2191103789126854,2998,3006,37,0,2969,2979,36791,29,0,0,29,27
2020-12-04,US,Nebraska,Douglas,42896,384,0,41.29518299,-96.15085305,31055.0,0.0,0.0,7508.1345709199795,0.8951883625512869,42512,42448,370,0,42078,41855,566880,448,14,0,434,593
2020-12-04,US,Nebraska,Dundy,75,4,0,40.17638677,-101.6876522,31057.0,0.0,0.0,4430.0059066745425,5.333333333333333,71,72,4,0,68,71,1770,3,0,0,3,1
2020-12-04,US,Nebraska,Fillmore,358,4,0,40.52458567,-97.59646937,31059.0,0.0,0.0,6554.375686561699,1.11731843575419,354,354,4,0,350,348,5527,4,0,0,4,6
2020-12-04,US,Nebraska,Franklin,176,2,0,40.17636348,-98.95299073,31061.0,0.0,0.0,5908.022826451827,1.1363636363636365,174,175,2,0,173,173,3023,1,0,0,1,2
2020-12-04,US,Nebraska,Frontier,118,1,0,40.52993007,-100.3924658,31063.0,0.0,0.0,4491.8157594213935,0.8474576271186439,117,117,1,0,116,116,2608,1,0,0,1,1
2020-12-04,US,Nebraska,Furnas,292,3,0,40.17642064,-99.91247454,31065.0,0.0,0.0,6244.6535500427735,1.0273972602739727,289,285,3,0,282,280,4715,7,0,0,7,5
2020-12-04,US,Nebraska,Gage,1479,9,0,40.26186809,-96.68946704,31067.0,0.0,0.0,6874.912843397015,0.6085192697768763,1470,1426,9,0,1417,1400,21493,53,0,0,53,26
2020-12-04,US,Nebraska,Garden,82,0,0,41.61703149,-102.3313973,31069.0,0.0,0.0,4463.799673380512,0.0,82,82,0,0,82,82,1897,0,0,0,0,0
2020-12-04,US,Nebraska,Garfield,110,4,0,41.91428955,-98.99111827,31071.0,0.0,0.0,5586.5921787709485,3.636363636363636,106,110,4,0,106,109,1987,0,0,0,0,1
2020-12-04,US,Nebraska,Gosper,114,1,0,40.51481965,-99.83020279,31073.0,0.0,0.0,5728.6432160804015,0.8771929824561403,113,112,1,0,111,109,1996,2,0,0,2,3
2020-12-04,US,Nebraska,Grant,20,2,0,41.91528587,-101.740701,31075.0,0.0,0.0,3210.2728731942216,10.0,18,20,2,0,18,20,660,0,0,0,0,0
2020-12-04,US,Nebraska,Greeley,136,0,0,41.56742671,-98.52150266,31077.0,0.0,0.0,5772.495755517827,0.0,136,129,0,0,129,128,2356,7,0,0,7,1
2020-12-04,US,Nebraska,Hall,5011,80,0,40.87257079,-98.50218293,31079.0,0.0,0.0,8167.489772301273,1.5964877270005986,4931,4944,78,0,4866,4889,61607,67,2,0,65,55
2020-12-04,US,Nebraska,Hamilton,585,13,0,40.87349452,-98.02099117,31081.0,0.0,0.0,6274.131274131274,2.2222222222222223,572,582,13,0,569,568,9280,3,0,0,3,14
2020-12-04,US,Nebraska,Harlan,155,0,0,40.17658508,-99.40438879,31083.0,0.0,0.0,4585.798816568047,0.0,155,152,0,0,152,142,3401,3,0,0,3,10
2020-12-04,US,Nebraska,Hayes,45,0,0,40.52451972,-101.0603568,31085.0,0.0,0.0,4880.694143167028,0.0,45,44,0,0,44,43,916,1,0,0,1,1
2020-12-04,US,Nebraska,Hitchcock,121,1,0,40.17609175,-101.04164770000001,31087.0,0.0,0.0,4380.883417813178,0.8264462809917356,120,117,1,0,116,115,2806,4,0,0,4,2
2020-12-04,US,Nebraska,Holt,543,9,0,42.45522056,-98.78402558,31089.0,0.0,0.0,5393.861130426145,1.6574585635359116,534,540,8,0,532,535,10178,3,1,0,2,5
2020-12-04,US,Nebraska,Hooker,46,1,0,41.91586243,-101.1354293,31091.0,0.0,0.0,6744.868035190617,2.1739130434782608,45,46,1,0,45,46,682,0,0,0,0,0
2020-12-04,US,Nebraska,Howard,387,7,0,41.2200529,-98.5166499,31093.0,0.0,0.0,6004.654771140419,1.8087855297157625,380,370,7,0,363,362,6468,17,0,0,17,8
2020-12-04,US,Nebraska,Jefferson,425,0,0,40.17584531,-97.142601,31095.0,0.0,0.0,6031.791087141641,0.0,425,412,0,0,412,382,7097,13,0,0,13,30
2020-12-04,US,Nebraska,Johnson,339,2,0,40.39257596,-96.26522753,31097.0,0.0,0.0,6685.071977913625,0.5899705014749262,337,337,2,0,335,325,5134,2,0,0,2,12
2020-12-04,US,Nebraska,Kearney,517,1,0,40.50663314,-98.94877182,31099.0,0.0,0.0,7959.96920708237,0.1934235976789168,516,508,1,0,507,500,6544,9,0,0,9,8
2020-12-04,US,Nebraska,Keith,430,1,0,41.19930341,-101.66201640000001,31101.0,0.0,0.0,5352.252925068459,0.2325581395348837,429,418,1,0,417,409,8021,12,0,0,12,9
2020-12-04,US,Nebraska,Keya Paha,24,0,0,42.87990694,-99.71343729,31103.0,0.0,0.0,2977.667493796526,0.0,24,23,0,0,23,22,810,1,0,0,1,1
2020-12-04,US,Nebraska,Kimball,193,3,0,41.19774275,-103.7148131,31105.0,0.0,0.0,5313.876651982378,1.5544041450777202,190,189,3,0,186,180,3618,4,0,0,4,9
2020-12-04,US,Nebraska,Knox,470,2,0,42.63758421,-97.89178836,31107.0,0.0,0.0,5640.902544407105,0.425531914893617,468,466,2,0,464,459,8419,4,0,0,4,7
2020-12-04,US,Nebraska,Lancaster,18023,83,0,40.78416049,-96.68777155,31109.0,0.0,0.0,5648.249710113134,0.4605226654829939,17940,17796,78,0,17718,17336,317272,227,5,0,222,460
2020-12-04,US,Nebraska,Lincoln,2457,18,0,41.04658298,-100.74753740000001,31111.0,0.0,0.0,7037.291630864409,0.7326007326007326,2439,2425,18,0,2407,2409,35185,32,0,0,32,16
2020-12-04,US,Nebraska,Logan,50,0,0,41.56650314,-100.4817851,31113.0,0.0,0.0,6684.491978609625,0.0,50,49,0,0,49,49,749,1,0,0,1,0
2020-12-04,US,Nebraska,Loup,32,0,0,41.91371961,-99.45440415,31115.0,0.0,0.0,4819.277108433735,0.0,32,32,0,0,32,32,618,0,0,0,0,0
2020-12-04,US,Nebraska,Madison,3317,28,0,41.91676024,-97.6005481,31119.0,0.0,0.0,9450.411692640815,0.8441362677117877,3289,3272,27,0,3245,3251,35392,45,1,0,44,21
2020-12-04,US,Nebraska,McPherson,16,0,0,41.56797682,-101.05993620000001,31117.0,0.0,0.0,3238.866396761133,0.0,16,16,0,0,16,16,492,0,0,0,0,0
2020-12-04,US,Nebraska,Merrick,486,6,0,41.16624273,-98.0374887,31121.0,0.0,0.0,6266.9245647969055,1.2345679012345678,480,476,6,0,470,469,7733,10,0,0,10,7
2020-12-04,US,Nebraska,Morrill,359,4,0,41.71711774,-103.0061405,31123.0,0.0,0.0,7733.735458853942,1.1142061281337048,355,358,4,0,354,354,4686,1,0,0,1,4
2020-12-04,US,Nebraska,Nance,314,2,0,41.39750195,-97.99327291,31125.0,0.0,0.0,8922.989485649332,0.6369426751592356,312,307,2,0,305,303,3532,7,0,0,7,4
2020-12-04,US,Nebraska,Nemaha,354,0,0,40.38514847,-95.85433992,31127.0,0.0,0.0,5077.452667814114,0.0,354,351,0,0,351,348,6958,3,0,0,3,3
2020-12-04,US,Nebraska,Nuckolls,246,1,0,40.17637905,-98.04743961,31129.0,0.0,0.0,5930.568948891031,0.4065040650406504,245,235,1,0,234,225,4195,11,0,0,11,10
2020-12-04,US,Nebraska,Otoe,802,1,0,40.64843556,-96.13374142,31131.0,0.0,0.0,5008.743442418186,0.12468827930174566,801,787,1,0,786,784,15985,15,0,0,15,3
2020-12-04,US,Nebraska,Pawnee,115,0,0,40.13141096,-96.23705437,31133.0,0.0,0.0,4401.071565250671,0.0,115,111,0,0,111,103,2632,4,0,0,4,8
2020-12-04,US,Nebraska,Perkins,161,10,0,40.85082525,-101.6502942,31135.0,0.0,0.0,5569.007263922518,6.211180124223603,151,160,10,0,150,149,2929,1,0,0,1,11
2020-12-04,US,Nebraska,Phelps,602,5,0,40.51156033,-99.41461667,31137.0,0.0,0.0,6663.714854992251,0.8305647840531561,597,591,4,0,587,576,8996,11,1,0,10,15
2020-12-04,US,Nebraska,Pierce,453,13,0,42.26434853,-97.60122773,31139.0,0.0,0.0,6337.437045327364,2.8697571743929364,440,450,13,0,437,445,7142,3,0,0,3,5
2020-12-04,US,Nebraska,Platte,3234,28,0,41.57246836,-97.52144359,31141.0,0.0,0.0,9662.384224678815,0.8658008658008658,3206,3207,28,0,3179,3199,33363,27,0,0,27,8
2020-12-04,US,Nebraska,Polk,321,8,0,41.18813488,-97.56630712,31143.0,0.0,0.0,6157.682716286207,2.4922118380062304,313,319,8,0,311,316,5278,2,0,0,2,3
2020-12-04,US,Nebraska,Red Willow,701,6,0,40.17556879999999,-100.476998,31145.0,0.0,0.0,6536.740022379709,0.8559201141226819,695,672,6,0,666,660,10726,29,0,0,29,12
2020-12-04,US,Nebraska,Richardson,392,3,0,40.1247415,-95.71755036,31147.0,0.0,0.0,4984.10680228862,0.7653061224489796,389,387,3,0,384,384,7937,5,0,0,5,3
2020-12-04,US,Nebraska,Rock,84,2,0,42.42252217,-99.44832069,31149.0,0.0,0.0,6190.125276344878,2.380952380952381,82,82,2,0,80,80,1360,2,0,0,2,2
2020-12-04,US,Nebraska,Saline,1556,3,0,40.52418865,-97.14085859,31151.0,0.0,0.0,10939.2575928009,0.1928020565552699,1553,1546,3,0,1543,1525,14350,10,0,0,10,21
2020-12-04,US,Nebraska,Sarpy,12312,60,0,41.11314181,-96.11156432,31153.0,0.0,0.0,6577.0636124703515,0.4873294346978557,12252,12200,60,0,12140,12001,184459,112,0,0,112,199
2020-12-04,US,Nebraska,Saunders,1387,8,0,41.227810299999994,-96.63773905,31155.0,0.0,0.0,6427.843173602743,0.5767844268204758,1379,1371,8,0,1363,1343,21303,16,0,0,16,28
2020-12-04,US,Nebraska,Scotts Bluff,2764,28,0,41.85070896,-103.70809859999999,31157.0,0.0,0.0,7760.121286989725,1.0130246020260492,2736,2735,28,0,2707,2707,35989,29,0,0,29,28
2020-12-04,US,Nebraska,Seward,912,9,0,40.87241834,-97.139673,31159.0,0.0,0.0,5276.556352696135,0.986842105263158,903,908,9,0,899,900,17318,4,0,0,4,8
2020-12-04,US,Nebraska,Sheridan,284,8,0,42.50284406,-102.4126613,31161.0,0.0,0.0,5413.648494090736,2.8169014084507036,276,283,7,0,276,282,5190,1,1,0,0,1
2020-12-04,US,Nebraska,Sherman,136,4,0,41.22045983,-98.97588642,31163.0,0.0,0.0,4531.82272575808,2.9411764705882355,132,133,4,0,129,131,3038,3,0,0,3,2
2020-12-04,US,Nebraska,Sioux,23,0,0,42.48932059,-103.7576544,31165.0,0.0,0.0,1972.5557461406518,0.0,23,23,0,0,23,22,1187,0,0,0,0,1
2020-12-04,US,Nebraska,Stanton,252,0,0,41.9169835,-97.19394708,31167.0,0.0,0.0,4256.756756756758,0.0,252,251,0,0,251,235,5970,1,0,0,1,16
2020-12-04,US,Nebraska,Thayer,284,2,0,40.17626377,-97.59504381,31169.0,0.0,0.0,5676.594043573858,0.7042253521126759,282,279,2,0,277,269,5039,5,0,0,5,10
2020-12-04,US,Nebraska,Thomas,34,0,0,41.91358968,-100.5556632,31171.0,0.0,0.0,4709.141274238227,0.0,34,34,0,0,34,32,720,0,0,0,0,2
2020-12-04,US,Nebraska,Thurston,575,5,0,42.15725356,-96.54157099,31173.0,0.0,0.0,7959.579180509413,0.8695652173913043,570,561,5,0,556,551,7303,14,0,0,14,10
2020-12-04,US,Nebraska,Unassigned,1071,1,0,0.0,0.0,90031.0,0.0,0.0,0.0,0.09337068160597572,1070,1063,2,0,1061,1051,,8,0,0,9,12
2020-12-04,US,Nebraska,Valley,206,1,0,41.56730777,-98.98197724,31175.0,0.0,0.0,4954.304954304955,0.4854368932038835,205,199,1,0,198,195,4190,7,0,0,7,4
2020-12-04,US,Nebraska,Washington,1299,12,0,41.52815707,-96.22019892,31177.0,0.0,0.0,6266.583047903902,0.9237875288683602,1287,1281,12,0,1269,1262,20667,18,0,0,18,19
2020-12-04,US,Nebraska,Wayne,766,5,0,42.20934475,-97.11926964,31179.0,0.0,0.0,8161.9605753862525,0.6527415143603134,761,762,5,0,757,751,9403,4,0,0,4,11
2020-12-04,US,Nebraska,Webster,242,3,0,40.17642643,-98.50019851,31181.0,0.0,0.0,6940.06309148265,1.2396694214876034,239,241,3,0,238,238,3533,1,0,0,1,3
2020-12-04,US,Nebraska,Wheeler,14,0,0,41.91482725,-98.52798941,31183.0,0.0,0.0,1787.994891443167,0.0,14,14,0,0,14,14,805,0,0,0,0,0
2020-12-04,US,Nebraska,York,1078,5,0,40.87272618,-97.59710186,31185.0,0.0,0.0,7880.693033116458,0.463821892393321,1073,1064,5,0,1059,1025,13772,14,0,0,14,39
2020-12-04,US,Nevada,Carson City,2745,26,0,39.15509045,-119.7480219,32510.0,0.0,0.0,4909.149438443379,0.9471766848816028,2719,2688,26,0,2662,2584,55414,57,0,0,57,104
2020-12-04,US,Nevada,Churchill,900,21,0,39.58105744,-118.3394607,32001.0,0.0,0.0,3613.151872817054,2.333333333333333,879,900,21,0,879,883,24440,0,0,0,0,17
2020-12-04,US,Nevada,Clark,123691,1828,0,36.21458855,-115.0130241,32003.0,0.0,0.0,5456.839523274872,1.47787632083175,121863,121863,1817,0,120046,120009,2231647,1828,11,0,1817,1854
2020-12-04,US,Nevada,Douglas,1121,5,0,38.912862,-119.61713329999999,32005.0,0.0,0.0,2292.199161639914,0.44603033006244425,1116,1080,5,0,1075,1052,48467,41,0,0,41,28
2020-12-04,US,Nevada,Elko,3041,19,0,41.14531606,-115.3577619,32007.0,0.0,0.0,5761.870476334836,0.6247944755014798,3022,2967,19,0,2948,2899,52460,74,0,0,74,68
2020-12-04,US,Nevada,Esmeralda,12,0,0,37.78436681,-117.63199990000001,32009.0,0.0,0.0,1374.5704467353949,0.0,12,11,0,0,11,10,826,1,0,0,1,1
2020-12-04,US,Nevada,Eureka,23,0,0,39.98100864,-116.26832040000001,32011.0,0.0,0.0,1133.563331690488,0.0,23,22,0,0,22,22,2003,1,0,0,1,0
2020-12-04,US,Nevada,Humboldt,472,6,0,41.40692186,-118.11094270000001,32013.0,0.0,0.0,2804.349117699483,1.2711864406779658,466,326,6,0,320,326,16786,146,0,0,146,0
2020-12-04,US,Nevada,Lander,248,4,0,39.933223299999995,-117.03970749999999,32015.0,0.0,0.0,4483.007953723789,1.6129032258064515,244,238,4,0,234,236,5575,10,0,0,10,2
2020-12-04,US,Nevada,Lincoln,231,1,0,37.64268459,-114.8790388,32017.0,0.0,0.0,4456.878255836388,0.4329004329004329,230,206,1,0,205,206,5201,25,0,0,25,0
2020-12-04,US,Nevada,Lyon,1424,21,0,39.01777974,-119.18704790000001,32019.0,0.0,0.0,2476.091114588767,1.4747191011235956,1403,1378,21,0,1357,1343,55808,46,0,0,46,35
2020-12-04,US,Nevada,Mineral,114,4,0,38.53841696,-118.4344506,32021.0,0.0,0.0,2530.521642619312,3.5087719298245608,110,114,4,0,110,114,4514,0,0,0,0,0
2020-12-04,US,Nevada,Nye,1414,29,0,38.04264256,-116.47227020000001,32023.0,0.0,0.0,3039.3568772435137,2.0509193776520513,1385,1369,28,0,1341,1353,45346,45,1,0,44,16
2020-12-04,US,Nevada,Pershing,101,0,0,40.44003782,-118.40056409999998,32027.0,0.0,0.0,1501.8587360594793,0.0,101,101,0,0,101,92,6666,0,0,0,0,9
2020-12-04,US,Nevada,Storey,59,2,0,39.44875482,-119.5250207,32029.0,0.0,0.0,1430.9968469561,3.3898305084745757,57,59,2,0,57,59,4029,0,0,0,0,0
2020-12-04,US,Nevada,Washoe,26498,304,0,40.66562265,-119.6631594,32031.0,0.0,0.0,5619.709916249398,1.1472563967091856,26194,25870,295,0,25575,25469,465735,628,9,0,619,401
2020-12-04,US,Nevada,White Pine,340,2,0,39.44157041,-114.89996599999999,32033.0,0.0,0.0,3549.060542797495,0.5882352941176471,338,340,1,0,339,340,9475,0,1,0,-1,0
2020-12-04,US,New Hampshire,Belknap,867,20,0,43.51637314,-71.41684235,33001.0,0.0,0.0,1414.2864133892306,2.306805074971165,847,840,16,0,824,816,61022,27,4,0,23,24
2020-12-04,US,New Hampshire,Carroll,460,2,0,43.87498583,-71.20430216,33003.0,0.0,0.0,940.5029646289104,0.43478260869565216,458,440,2,0,438,423,48779,20,0,0,20,17
2020-12-04,US,New Hampshire,Cheshire,647,4,0,42.92015988,-72.25311043,33005.0,0.0,0.0,850.3647236643228,0.6182380216383307,643,620,4,0,616,604,76493,27,0,0,27,16
2020-12-04,US,New Hampshire,Coos,337,8,0,44.69063265,-71.30633239,33007.0,0.0,0.0,1067.70585812502,2.373887240356083,329,331,8,0,323,325,31589,6,0,0,6,6
2020-12-04,US,New Hampshire,Grafton,628,2,0,43.93779815,-71.82057197,33009.0,0.0,0.0,698.6627505951984,0.3184713375796178,626,616,2,0,614,591,89786,12,0,0,12,25
2020-12-04,US,New Hampshire,Hillsborough,10307,343,0,42.91537785,-71.7200253,33011.0,0.0,0.0,2471.554463161681,3.327835451634811,9964,9983,341,0,9642,9773,415247,324,2,0,322,210
2020-12-04,US,New Hampshire,Merrimack,2253,35,0,43.29662971,-71.6811573,33013.0,0.0,0.0,1488.1994306134447,1.5534842432312472,2218,2153,34,0,2119,2059,151132,100,1,0,99,94
2020-12-04,US,New Hampshire,Rockingham,5705,113,0,42.98499744,-71.12883377,33015.0,0.0,0.0,1841.694940423348,1.980718667835232,5592,5527,113,0,5414,5365,309176,178,0,0,178,162
2020-12-04,US,New Hampshire,Strafford,1776,16,0,43.291833000000004,-71.02336013,33017.0,0.0,0.0,1359.5339615564214,0.9009009009009008,1760,1724,15,0,1709,1683,130090,52,1,0,51,41
2020-12-04,US,New Hampshire,Sullivan,259,5,0,43.36094111,-72.22203125,33019.0,0.0,0.0,600.2873962823901,1.9305019305019304,254,249,5,0,244,240,43144,10,0,0,10,9
2020-12-04,US,New Hampshire,Unassigned,536,4,0,0.0,0.0,90033.0,0.0,0.0,0.0,0.746268656716418,532,510,4,0,506,489,,26,0,0,26,21
2020-12-04,US,New Jersey,Atlantic,8474,305,0,39.47538693,-74.65848483,34001.0,0.0,0.0,3213.8658171198854,3.599244748642908,8169,8339,302,0,8037,8218,265429,135,3,0,132,121
2020-12-04,US,New Jersey,Bergen,36840,2159,0,40.96010917,-74.07164325,34003.0,0.0,0.0,3951.9331647003546,5.860477741585234,34681,36226,2153,0,34073,35726,936692,614,6,0,608,500
2020-12-04,US,New Jersey,Burlington,14647,549,0,39.87681124,-74.66927768,34005.0,0.0,0.0,3288.8813043253717,3.748207824127808,14098,14374,548,0,13826,14203,445384,273,1,0,272,171
2020-12-04,US,New Jersey,Camden,20727,693,0,39.80343818,-74.96388753,34007.0,0.0,0.0,4092.4356972067503,3.3434650455927053,20034,20231,688,0,19543,19842,507078,496,5,0,491,389
2020-12-04,US,New Jersey,Cape May,1747,115,0,39.15008829,-74.80170244,34009.0,0.0,0.0,1898.1084105650864,6.582713222667429,1632,1728,115,0,1613,1703,92560,19,0,0,19,25
2020-12-04,US,New Jersey,Cumberland,5392,182,0,39.37199394,-75.10712559,34011.0,0.0,0.0,3606.0377055648814,3.3753709198813056,5210,5305,182,0,5123,5220,150972,87,0,0,87,85
2020-12-04,US,New Jersey,Essex,37134,2254,0,40.78681335,-74.24657979,34013.0,0.0,0.0,4647.7048718670785,6.0699089782948255,34880,36554,2250,0,34304,36082,799767,580,4,0,576,472
2020-12-04,US,New Jersey,Gloucester,9848,298,0,39.71581067,-75.13995546,34015.0,0.0,0.0,3376.812190538891,3.0259951259138917,9550,9547,295,0,9252,9331,291408,301,3,0,298,216
2020-12-04,US,New Jersey,Hudson,33429,1600,0,40.73766234,-74.07515667,34017.0,0.0,0.0,4971.660834246741,4.786263423973197,31829,32898,1596,0,31302,32465,676061,531,4,0,527,433
2020-12-04,US,New Jersey,Hunterdon,2653,132,0,40.56335249,-74.91284156,34019.0,0.0,0.0,2133.133929935435,4.9754994346023365,2521,2611,132,0,2479,2577,124714,42,0,0,42,34
2020-12-04,US,New Jersey,Mercer,14531,668,0,40.28047017,-74.70479631,34021.0,0.0,0.0,3954.7668943744393,4.597068336659556,13863,14347,665,0,13682,14170,369811,184,3,0,181,177
2020-12-04,US,New Jersey,Middlesex,32468,1510,0,40.43629879,-74.41426991,34023.0,0.0,0.0,3935.219413813749,4.6507330294443765,30958,32028,1508,0,30520,31578,829685,440,2,0,438,450
2020-12-04,US,New Jersey,Monmouth,22030,913,0,40.26549699,-74.22240686,34025.0,0.0,0.0,3560.1451207588952,4.144348615524286,21117,21621,912,0,20709,21267,621354,409,1,0,408,354
2020-12-04,US,New Jersey,Morris,14456,868,0,40.86095313,-74.54553709999998,34027.0,0.0,0.0,2939.137329849851,6.004427227448809,13588,14258,865,0,13393,14118,494228,198,3,0,195,140
2020-12-04,US,New Jersey,Ocean,23240,1150,0,39.8895449,-74.28089251,34029.0,0.0,0.0,3827.4927287519813,4.9483648881239235,22090,22918,1145,0,21773,22545,601651,322,5,0,317,373
2020-12-04,US,New Jersey,Passaic,31802,1333,0,41.03238628,-74.29954144,34031.0,0.0,0.0,6337.256339846877,4.191560279227722,30469,31340,1329,0,30011,31047,503310,462,4,0,458,293
2020-12-04,US,New Jersey,Salem,1773,94,0,39.58719656,-75.34696629999998,34033.0,0.0,0.0,2842.029333974513,5.3017484489565705,1679,1726,94,0,1632,1698,62607,47,0,0,47,28
2020-12-04,US,New Jersey,Somerset,9606,613,0,40.56465737,-74.61683016,34035.0,0.0,0.0,2920.3426827266253,6.38142827399542,8993,9482,613,0,8869,9360,331164,124,0,0,124,122
2020-12-04,US,New Jersey,Sussex,2808,200,0,41.13891592,-74.69118243,34037.0,0.0,0.0,1998.7472239621886,7.1225071225071215,2608,2734,200,0,2534,2687,140799,74,0,0,74,47
2020-12-04,US,New Jersey,Unassigned,806,0,0,0.0,0.0,90034.0,0.0,0.0,0.0,0.0,806,821,0,0,821,830,,0,0,0,-15,0
2020-12-04,US,New Jersey,Union,29579,1446,0,40.65835409,-74.30680092,34039.0,0.0,0.0,5316.703244952287,4.888603401061563,28133,29295,1444,0,27851,28969,558067,284,2,0,282,326
2020-12-04,US,New Jersey,Warren,2672,173,0,40.85951833,-74.99556527,34041.0,0.0,0.0,2538.30735178166,6.474550898203592,2499,2616,173,0,2443,2570,105779,56,0,0,56,46
2020-12-04,US,New Mexico,Bernalillo,29458,366,0,35.05163625,-106.6703554,35001.0,0.0,0.0,4337.665894590213,1.2424468735148346,29092,28707,358,0,28349,27678,678701,751,8,0,743,1029
2020-12-04,US,New Mexico,Catron,41,1,0,33.91514144,-108.4046587,35003.0,0.0,0.0,1162.461015026935,2.4390243902439024,40,38,1,0,37,37,3578,3,0,0,3,1
2020-12-04,US,New Mexico,Chaves,5152,48,0,33.36406072,-104.4665365,35005.0,0.0,0.0,7973.380793933297,0.9316770186335404,5104,5053,46,0,5007,4844,64689,99,2,0,97,209
2020-12-04,US,New Mexico,Cibola,1752,49,0,34.91131525,-107.998876,35006.0,0.0,0.0,6567.9475164011255,2.7968036529680367,1703,1722,48,0,1674,1692,26746,30,1,0,29,30
2020-12-04,US,New Mexico,Colfax,268,5,0,36.60569702,-104.64726740000002,35007.0,0.0,0.0,2244.368143371577,1.8656716417910448,263,263,5,0,258,246,12110,5,0,0,5,17
2020-12-04,US,New Mexico,Curry,3359,28,0,34.57421077,-103.34688759999999,35009.0,0.0,0.0,6861.543489806757,0.8335814230425722,3331,3311,27,0,3284,3243,49437,48,1,0,47,68
2020-12-04,US,New Mexico,De Baca,53,0,0,34.34274529,-104.4117842,35011.0,0.0,0.0,3032.0366132723107,0.0,53,49,0,0,49,44,1781,4,0,0,4,5
2020-12-04,US,New Mexico,Dona Ana,14318,209,0,32.35275771,-106.83293870000001,35013.0,0.0,0.0,6562.020211278903,1.4597010755692137,14109,14095,205,0,13890,13684,217522,223,4,0,219,411
2020-12-04,US,New Mexico,Eddy,3191,48,0,32.47167456,-104.3053527,35015.0,0.0,0.0,5458.4331166609645,1.5042306486994672,3143,3146,48,0,3098,3029,57900,45,0,0,45,117
2020-12-04,US,New Mexico,Grant,540,7,0,32.73911281,-108.3827845,35017.0,0.0,0.0,2000.148159122898,1.2962962962962965,533,534,7,0,527,513,27346,6,0,0,6,21
2020-12-04,US,New Mexico,Guadalupe,152,2,0,34.86319296,-104.790669,35019.0,0.0,0.0,3534.8837209302324,1.3157894736842106,150,149,2,0,147,139,4341,3,0,0,3,10
2020-12-04,US,New Mexico,Harding,6,0,0,35.85751555,-103.82209379999999,35021.0,0.0,0.0,960.0,0.0,6,6,0,0,6,6,655,0,0,0,0,0
2020-12-04,US,New Mexico,Hidalgo,191,4,0,31.91383467,-108.7151824,35023.0,0.0,0.0,4549.785612196284,2.094240837696335,187,190,4,0,186,187,4240,1,0,0,1,3
2020-12-04,US,New Mexico,Lea,4665,53,0,32.79215361,-103.4123733,35025.0,0.0,0.0,6563.951034191642,1.1361200428724545,4612,4565,51,0,4514,4399,69611,100,2,0,98,166
2020-12-04,US,New Mexico,Lincoln,846,8,0,33.74526079,-105.4586166,35027.0,0.0,0.0,4322.501532801963,0.9456264775413712,838,831,8,0,823,790,19556,15,0,0,15,41
2020-12-04,US,New Mexico,Los Alamos,170,0,0,35.86631386,-106.31349850000001,35028.0,0.0,0.0,877.6911559708811,0.0,170,162,0,0,162,155,19101,8,0,0,8,7
2020-12-04,US,New Mexico,Luna,2021,30,0,32.18179341,-107.75088259999998,35029.0,0.0,0.0,8524.189126492049,1.4844136566056407,1991,1990,30,0,1960,1976,23963,31,0,0,31,14
2020-12-04,US,New Mexico,McKinley,7457,293,0,35.58007720000001,-108.262245,35031.0,0.0,0.0,10448.806871523251,3.929194045862948,7164,7382,288,0,7094,7225,72290,75,5,0,70,157
2020-12-04,US,New Mexico,Mora,42,0,0,36.01095101,-104.9497716,35033.0,0.0,0.0,928.99800928998,0.0,42,41,0,0,41,36,4506,1,0,0,1,5
2020-12-04,US,New Mexico,Otero,1587,29,0,32.61348406,-105.7417604,35035.0,0.0,0.0,2351.459475477849,1.8273471959672336,1558,1549,28,0,1521,1493,66781,38,1,0,37,56
2020-12-04,US,New Mexico,Quay,267,5,0,35.10403332,-103.54817270000001,35037.0,0.0,0.0,3235.187204652853,1.8726591760299625,262,263,5,0,258,254,8253,4,0,0,4,9
2020-12-04,US,New Mexico,Rio Arriba,1442,25,0,36.51072137,-106.69316740000001,35039.0,0.0,0.0,3704.9407774723163,1.7337031900138695,1417,1405,25,0,1380,1364,39006,37,0,0,37,41
2020-12-04,US,New Mexico,Roosevelt,1081,16,0,34.02097406,-103.4799493,35041.0,0.0,0.0,5843.243243243243,1.4801110083256244,1065,1063,16,0,1047,1015,18743,18,0,0,18,48
2020-12-04,US,New Mexico,San Juan,6499,247,0,36.50838318,-108.32043700000001,35045.0,0.0,0.0,5242.904854870198,3.800584705339283,6252,6416,246,0,6170,6155,125043,83,1,0,82,261
2020-12-04,US,New Mexico,San Miguel,470,2,0,35.48014807,-104.8163562,35047.0,0.0,0.0,1723.063386736078,0.425531914893617,468,460,2,0,458,439,27591,10,0,0,10,21
2020-12-04,US,New Mexico,Sandoval,5706,89,0,35.68862401,-106.86878030000001,35043.0,0.0,0.0,3888.2983073023133,1.5597616543988784,5617,5588,88,0,5500,5394,145179,118,1,0,117,194
2020-12-04,US,New Mexico,Santa Fe,5606,40,0,35.50708973,-105.9774716,35049.0,0.0,0.0,3728.434802271911,0.7135212272565109,5566,5511,38,0,5473,5341,150056,95,2,0,93,170
2020-12-04,US,New Mexico,Sierra,373,8,0,33.13028233,-107.1925893,35051.0,0.0,0.0,3456.5841905291445,2.1447721179624666,365,367,7,0,360,345,10968,6,1,0,5,22
2020-12-04,US,New Mexico,Socorro,674,28,0,34.00715494,-106.9298354,35053.0,0.0,0.0,4051.211155857426,4.154302670623147,646,654,27,0,627,640,16735,20,1,0,19,14
2020-12-04,US,New Mexico,Taos,893,26,0,36.58006022,-105.63101979999999,35055.0,0.0,0.0,2728.967392965193,2.9115341545352744,867,873,26,0,847,851,32835,20,0,0,20,22
2020-12-04,US,New Mexico,Torrance,348,2,0,34.64048375,-105.8508949,35057.0,0.0,0.0,2250.8246555850205,0.5747126436781609,346,331,2,0,329,324,15591,17,0,0,17,7
2020-12-04,US,New Mexico,Unassigned,2747,0,0,0.0,0.0,90035.0,0.0,0.0,0.0,0.0,2747,2678,0,0,2678,4180,,69,0,0,69,0
2020-12-04,US,New Mexico,Union,142,5,0,36.48126404,-103.4709624,35059.0,0.0,0.0,3498.3986203498407,3.5211267605633805,137,134,5,0,129,113,4118,8,0,0,8,21
2020-12-04,US,New Mexico,Valencia,3418,33,0,34.71669834,-106.8103733,35061.0,0.0,0.0,4457.0206551220535,0.9654768870684612,3385,3336,30,0,3306,3132,76456,82,3,0,79,204
2020-12-04,US,New York,Albany,6406,153,0,42.60060306,-73.97723916,36001.0,0.0,0.0,2096.8491617185914,2.3883858882297844,6253,6258,152,0,6106,6138,307117,148,1,0,147,120
2020-12-04,US,New York,Allegany,1127,57,0,42.25748406,-78.02750466,36003.0,0.0,0.0,2445.162830053589,5.057675244010649,1070,1095,57,0,1038,1069,46430,32,0,0,32,26
2020-12-04,US,New York,Bronx,66128,5026,0,40.85209301,-73.86282755,36005.0,0.0,0.0,4662.7890004773635,7.60041132349383,61102,65530,5024,0,60506,65005,1432132,598,2,0,596,525
2020-12-04,US,New York,Broome,5768,159,0,42.15903158,-75.81326086,36007.0,0.0,0.0,3028.0122632396788,2.7565880721220526,5609,5657,156,0,5501,5551,191659,111,3,0,108,106
2020-12-04,US,New York,Cattaraugus,1291,27,0,42.24778241,-78.67923096,36009.0,0.0,0.0,1696.0731505445565,2.09140201394268,1264,1252,27,0,1225,1199,76840,39,0,0,39,53
2020-12-04,US,New York,Cayuga,1017,9,0,42.91261714,-76.55731592,36011.0,0.0,0.0,1328.0923526953616,0.8849557522123894,1008,983,9,0,974,930,77145,34,0,0,34,53
2020-12-04,US,New York,Chautauqua,1777,16,0,42.22769210000001,-79.36691763,36013.0,0.0,0.0,1400.2821052299787,0.9003939223410242,1761,1692,16,0,1676,1631,127939,85,0,0,85,61
2020-12-04,US,New York,Chemung,3310,53,0,42.13891056,-76.7638805,36015.0,0.0,0.0,3966.161809815951,1.6012084592145015,3257,3212,52,0,3160,3140,84254,98,1,0,97,72
2020-12-04,US,New York,Chenango,682,10,0,42.49430041,-75.60887553,36017.0,0.0,0.0,1444.7009977333869,1.4662756598240467,672,665,10,0,655,652,47536,17,0,0,17,13
2020-12-04,US,New York,Clinton,524,5,0,44.74530905,-73.67875352,36019.0,0.0,0.0,651.0529912406039,0.9541984732824428,519,495,5,0,490,488,80695,29,0,0,29,7
2020-12-04,US,New York,Columbia,1073,58,0,42.24819348,-73.63089095,36021.0,0.0,0.0,1804.544154992348,5.405405405405406,1015,1061,58,0,1003,1044,59916,12,0,0,12,17
2020-12-04,US,New York,Cortland,1140,4,0,42.59509207,-76.07048931,36023.0,0.0,0.0,2395.9143355541078,0.3508771929824561,1136,1116,4,0,1112,1091,47823,24,0,0,24,25
2020-12-04,US,New York,Delaware,401,9,0,42.19837623,-74.96709306,36025.0,0.0,0.0,908.5759601223517,2.244389027431421,392,393,9,0,384,385,44527,8,0,0,8,8
2020-12-04,US,New York,Dutchess,7798,193,0,41.76486060000001,-73.74356679,36027.0,0.0,0.0,2650.4156781706083,2.4749935880995126,7605,7635,192,0,7443,7512,293718,163,1,0,162,123
2020-12-04,US,New York,Erie,27903,859,0,42.76249024,-78.73063652,36029.0,0.0,0.0,3037.219903733746,3.0785220227215717,27044,27110,853,0,26257,26518,919719,793,6,0,787,592
2020-12-04,US,New York,Essex,305,14,0,44.11630765,-73.77297842,36031.0,0.0,0.0,826.8944015182324,4.590163934426228,291,302,14,0,288,296,37300,3,0,0,3,6
2020-12-04,US,New York,Franklin,293,8,0,44.59040891,-74.29926032,36033.0,0.0,0.0,585.7422733997041,2.7303754266211606,285,283,7,0,276,276,50293,10,1,0,9,7
2020-12-04,US,New York,Fulton,553,28,0,43.11363907,-74.41798804,36035.0,0.0,0.0,1035.910308525186,5.063291139240507,525,544,28,0,516,527,53591,9,0,0,9,17
2020-12-04,US,New York,Genesee,1202,13,0,43.0022601,-78.19135193,36037.0,0.0,0.0,2098.463687150838,1.08153078202995,1189,1158,12,0,1146,1114,57511,44,1,0,43,44
2020-12-04,US,New York,Greene,758,18,0,42.275797,-74.12384884,36039.0,0.0,0.0,1606.3405950665424,2.3746701846965697,740,734,18,0,716,720,47491,24,0,0,24,14
2020-12-04,US,New York,Hamilton,56,1,0,43.66146647,-74.49721957,36041.0,0.0,0.0,1268.1159420289855,1.7857142857142858,55,56,1,0,55,49,4434,0,0,0,0,7
2020-12-04,US,New York,Herkimer,822,12,0,43.42034246,-74.96145307,36043.0,0.0,0.0,1340.5306674929468,1.45985401459854,810,789,12,0,777,755,61833,33,0,0,33,34
2020-12-04,US,New York,Jefferson,694,4,0,44.04200959,-75.94653457,36045.0,0.0,0.0,631.8626290583973,0.5763688760806917,690,653,4,0,649,611,111755,41,0,0,41,42
2020-12-04,US,New York,Kings,92595,7519,0,40.636182500000004,-73.94935552,36047.0,0.0,0.0,3617.1292427877142,8.120308871969327,85076,91647,7512,0,84135,90592,2582830,948,7,0,941,1055
2020-12-04,US,New York,Lewis,450,9,0,43.784415700000004,-75.44903992,36049.0,0.0,0.0,1711.2868877395804,2.0,441,430,9,0,421,404,26447,20,0,0,20,26
2020-12-04,US,New York,Livingston,815,12,0,42.72596275,-77.77966158,36051.0,0.0,0.0,1295.419143592841,1.4723926380368098,803,789,12,0,777,764,63227,26,0,0,26,25
2020-12-04,US,New York,Madison,1080,18,0,42.91653905,-75.67266639,36053.0,0.0,0.0,1522.3918467458875,1.6666666666666667,1062,1043,18,0,1025,992,70795,37,0,0,37,51
2020-12-04,US,New York,Monroe,17910,313,0,43.14638895,-77.69322942,36055.0,0.0,0.0,2414.49505911536,1.7476270240089335,17597,17127,313,0,16814,16588,742474,783,0,0,783,539
2020-12-04,US,New York,Montgomery,559,20,0,42.90123494,-74.44011632,36057.0,0.0,0.0,1135.6941143008064,3.5778175313059037,539,534,18,0,516,522,49455,25,2,0,23,12
2020-12-04,US,New York,Nassau,63661,2266,0,40.74066522,-73.58941873,36059.0,0.0,0.0,4691.567103242332,3.5594791159422567,61395,62745,2264,0,60481,61988,1358343,916,2,0,914,757
2020-12-04,US,New York,New York,47451,3232,0,40.76727260000001,-73.97152637,36061.0,0.0,0.0,2913.4171544772357,6.811236854860804,44219,46858,3229,0,43629,46328,,593,3,0,590,530
2020-12-04,US,New York,Niagara,4479,115,0,43.19898042,-78.74777412,36063.0,0.0,0.0,2140.18472771059,2.5675373967403443,4364,4296,112,0,4184,4142,210433,183,3,0,180,154
2020-12-04,US,New York,Oneida,5760,162,0,43.24375382,-75.43710392,36065.0,0.0,0.0,2518.902703010001,2.8125,5598,5477,158,0,5319,5266,229577,283,4,0,279,211
2020-12-04,US,New York,Onondaga,11933,233,0,43.00491923,-76.19971155,36067.0,0.0,0.0,2591.156238057187,1.9525685075002093,11700,11657,231,0,11426,11281,461809,276,2,0,274,376
2020-12-04,US,New York,Ontario,1521,37,0,42.85145728,-77.30874425,36069.0,0.0,0.0,1385.5361323410184,2.4326101249178174,1484,1447,37,0,1410,1390,109864,74,0,0,74,57
2020-12-04,US,New York,Orange,17716,517,0,41.40337468,-74.30240757,36071.0,0.0,0.0,4602.275679326648,2.9182659742605552,17199,17496,517,0,16979,17283,381951,220,0,0,220,213
2020-12-04,US,New York,Orleans,672,58,0,43.2516977,-78.2320066,36073.0,0.0,0.0,1665.3449643140366,8.630952380952381,614,652,58,0,594,645,40612,20,0,0,20,7
2020-12-04,US,New York,Oswego,1883,11,0,43.42778894,-76.14635194,36075.0,0.0,0.0,1607.6978245278506,0.5841741901221456,1872,1799,10,0,1789,1742,117898,84,1,0,83,57
2020-12-04,US,New York,Otsego,688,8,0,42.63492579,-75.03151402,36077.0,0.0,0.0,1156.4385726051805,1.162790697674419,680,674,8,0,666,660,59749,14,0,0,14,14
2020-12-04,US,New York,Out of NY,0,131,0,0.0,0.0,80036.0,0.0,0.0,0.0,0.0,-131,0,131,0,-131,0,,0,0,0,0,0
2020-12-04,US,New York,Putnam,3107,64,0,41.42630093,-73.74965532,36079.0,0.0,0.0,3160.089503661513,2.059864821371097,3043,3038,64,0,2974,2973,98892,69,0,0,69,65
2020-12-04,US,New York,Queens,93723,7366,0,40.71088124,-73.81684712,36081.0,0.0,0.0,4158.336505671608,7.859330153750948,86357,92813,7365,0,85448,91955,2278906,910,1,0,909,858
2020-12-04,US,New York,Rensselaer,1968,56,0,42.71348136,-73.51089874,36083.0,0.0,0.0,1239.9662285620675,2.845528455284553,1912,1891,55,0,1836,1837,159442,77,1,0,76,54
2020-12-04,US,New York,Richmond,24753,1147,0,40.58582155,-74.14808598,36085.0,0.0,0.0,5198.648305236032,4.633781763826606,23606,24205,1144,0,23061,23866,476179,548,3,0,545,339
2020-12-04,US,New York,Rockland,22421,692,0,41.15027894,-74.02560498,36087.0,0.0,0.0,6882.061702512976,3.086392221577985,21729,22221,692,0,21529,22048,325695,200,0,0,200,173
2020-12-04,US,New York,Saratoga,2581,21,0,43.10904162,-73.86653895,36091.0,0.0,0.0,1122.8427367605923,0.8136381247578458,2560,2488,21,0,2467,2413,230163,93,0,0,93,75
2020-12-04,US,New York,Schenectady,2819,60,0,42.81668777,-74.05278291,36093.0,0.0,0.0,1815.2080824731647,2.1284143313231643,2759,2699,60,0,2639,2615,155350,120,0,0,120,84
2020-12-04,US,New York,Schoharie,220,2,0,42.58831742,-74.44339029999998,36095.0,0.0,0.0,709.7003129133197,0.9090909090909092,218,217,2,0,215,212,31097,3,0,0,3,5
2020-12-04,US,New York,Schuyler,338,4,0,42.39184015,-76.8773299,36097.0,0.0,0.0,1898.1299488965008,1.183431952662722,334,326,3,0,323,323,17912,12,1,0,11,3
2020-12-04,US,New York,Seneca,359,5,0,42.78081007,-76.82497064,36099.0,0.0,0.0,1055.3857008466603,1.3927576601671308,354,347,5,0,342,323,34300,12,0,0,12,24
2020-12-04,US,New York,St. Lawrence,1064,17,0,44.4976179,-75.06550039,36089.0,0.0,0.0,987.5626508260627,1.5977443609022557,1047,981,16,0,965,913,108047,83,1,0,82,68
2020-12-04,US,New York,Steuben,1957,91,0,42.2689144,-77.3829924,36101.0,0.0,0.0,2051.8143406829595,4.649974450689832,1866,1898,89,0,1809,1865,95796,59,2,0,57,33
2020-12-04,US,New York,Suffolk,64929,2064,0,40.88320119,-72.8012172,36103.0,0.0,0.0,4397.193283764536,3.178856905234949,62865,63758,2062,0,61696,62647,1481093,1171,2,0,1169,1111
2020-12-04,US,New York,Sullivan,2261,48,0,41.71579493,-74.76394559,36105.0,0.0,0.0,2997.401633259094,2.1229544449358695,2213,2238,48,0,2190,2220,75498,23,0,0,23,18
2020-12-04,US,New York,Tioga,1208,51,0,42.16852837,-76.30835812,36107.0,0.0,0.0,2506.068087048524,4.2218543046357615,1157,1193,51,0,1142,1171,48560,15,0,0,15,22
2020-12-04,US,New York,Tompkins,1241,4,0,42.44945765,-76.47229843,36109.0,0.0,0.0,1214.5233900959092,0.32232070910556004,1237,1209,4,0,1205,1154,102793,32,0,0,32,55
2020-12-04,US,New York,Ulster,3697,98,0,41.89027881,-74.26252104,36111.0,0.0,0.0,2081.960658433433,2.6507979442791454,3599,3606,98,0,3508,3499,178599,91,0,0,91,107
2020-12-04,US,New York,Unassigned,0,33,0,0.0,0.0,90036.0,0.0,0.0,0.0,0.0,-33,0,31,0,-31,0,,0,2,0,-2,0
2020-12-04,US,New York,Warren,631,35,0,43.56173026,-73.8433699,36113.0,0.0,0.0,986.800950831978,5.54675118858954,596,614,35,0,579,603,64265,17,0,0,17,11
2020-12-04,US,New York,Washington,470,14,0,43.31153794,-73.43043448,36115.0,0.0,0.0,767.9236651199268,2.9787234042553186,456,464,14,0,450,461,61197,6,0,0,6,3
2020-12-04,US,New York,Wayne,1300,18,0,43.15494365,-77.02976528,36117.0,0.0,0.0,1445.7616939878556,1.3846153846153846,1282,1243,18,0,1225,1206,90064,57,0,0,57,37
2020-12-04,US,New York,Westchester,53186,1527,0,41.16278376,-73.75741653,36119.0,0.0,0.0,5497.2268905825895,2.8710562930094388,51659,52418,1525,0,50893,51790,967612,768,2,0,766,628
2020-12-04,US,New York,Wyoming,642,9,0,42.70145109,-78.22199579,36121.0,0.0,0.0,1610.677638676334,1.4018691588785046,633,605,9,0,596,584,40085,37,0,0,37,21
2020-12-04,US,New York,Yates,288,7,0,42.63505484,-77.10369919,36123.0,0.0,0.0,1156.0229599004535,2.430555555555556,281,277,7,0,270,272,24841,11,0,0,11,5
2020-12-04,US,North Carolina,Alamance,7517,104,0,36.0434701,-79.39976137,37001.0,0.0,0.0,4434.572795544779,1.3835306638286549,7413,7405,104,0,7301,7312,166436,112,0,0,112,93
2020-12-04,US,North Carolina,Alexander,1731,18,0,35.922379600000006,-81.17751948,37003.0,0.0,0.0,4616.369309544763,1.0398613518197577,1713,1700,18,0,1682,1679,37353,31,0,0,31,21
2020-12-04,US,North Carolina,Alleghany,413,1,0,36.49360862,-81.12857041,37005.0,0.0,0.0,3708.35952231301,0.2421307506053269,412,409,1,0,408,403,11161,4,0,0,4,6
2020-12-04,US,North Carolina,Anson,978,16,0,34.97403241,-80.09953279,37007.0,0.0,0.0,4000.654503804303,1.6359918200408998,962,968,14,0,954,953,24877,10,2,0,8,15
2020-12-04,US,North Carolina,Ashe,817,3,0,36.43296207,-81.49862729,37009.0,0.0,0.0,3003.3452192772857,0.3671970624235006,814,805,3,0,802,802,27109,12,0,0,12,3
2020-12-04,US,North Carolina,Avery,1008,8,0,36.07569796,-81.92308483,37011.0,0.0,0.0,5741.29976647491,0.7936507936507936,1000,984,8,0,976,979,17505,24,0,0,24,5
2020-12-04,US,North Carolina,Beaufort,1799,55,0,35.48531943,-76.84325809,37013.0,0.0,0.0,3828.148274247777,3.057254030016676,1744,1791,54,0,1737,1740,47079,8,1,0,7,51
2020-12-04,US,North Carolina,Bertie,937,25,0,36.0688473,-76.96545943,37015.0,0.0,0.0,4945.373937826569,2.6680896478121663,912,925,25,0,900,912,19026,12,0,0,12,13
2020-12-04,US,North Carolina,Bladen,1414,20,0,34.61296243,-78.56180059,37017.0,0.0,0.0,4321.251757227554,1.4144271570014144,1394,1390,20,0,1370,1372,33190,24,0,0,24,18
2020-12-04,US,North Carolina,Brunswick,3227,63,0,34.070565,-78.22814204,37019.0,0.0,0.0,2259.4874667413533,1.9522776572668112,3164,3145,63,0,3082,3092,136744,82,0,0,82,53
2020-12-04,US,North Carolina,Buncombe,5934,133,0,35.61113393,-82.53305,37021.0,0.0,0.0,2271.9006397617068,2.241321199865184,5801,5855,133,0,5722,5749,259103,79,0,0,79,106
2020-12-04,US,North Carolina,Burke,4282,65,0,35.74989637,-81.70755735,37023.0,0.0,0.0,4732.276067856551,1.5179822512844463,4217,4186,65,0,4121,4097,90382,96,0,0,96,89
2020-12-04,US,North Carolina,Cabarrus,7409,109,0,35.3877799,-80.55267168,37025.0,0.0,0.0,3422.9139813262,1.4711836955054662,7300,7334,107,0,7227,7211,211342,75,2,0,73,123
2020-12-04,US,North Carolina,Caldwell,3750,25,0,35.95204977,-81.54799522,37027.0,0.0,0.0,4563.2651074496835,0.6666666666666666,3725,3697,24,0,3673,3650,82029,53,1,0,52,47
2020-12-04,US,North Carolina,Camden,192,4,0,36.33804939,-76.15568396,37029.0,0.0,0.0,1766.8169688046378,2.083333333333333,188,191,4,0,187,189,10710,1,0,0,1,2
2020-12-04,US,North Carolina,Carteret,1874,14,0,34.8932941,-76.54120135,37031.0,0.0,0.0,2697.450808227657,0.7470651013874067,1860,1843,14,0,1829,1799,69524,31,0,0,31,44
2020-12-04,US,North Carolina,Caswell,870,8,0,36.39312665,-79.33353281,37033.0,0.0,0.0,3848.876305078747,0.9195402298850576,862,863,8,0,855,859,22698,7,0,0,7,4
2020-12-04,US,North Carolina,Catawba,7381,101,0,35.66211129,-81.2132617,37035.0,0.0,0.0,4626.107012804683,1.3683782685272998,7280,7255,97,0,7158,7160,158652,126,4,0,122,95
2020-12-04,US,North Carolina,Chatham,2423,65,0,35.70394416,-79.25541492,37037.0,0.0,0.0,3253.6591916207867,2.682624845233182,2358,2409,65,0,2344,2393,73139,14,0,0,14,16
2020-12-04,US,North Carolina,Cherokee,975,15,0,35.1349263,-84.05970864,37039.0,0.0,0.0,3407.661121207885,1.5384615384615383,960,960,15,0,945,956,28383,15,0,0,15,4
2020-12-04,US,North Carolina,Chowan,664,18,0,36.12908077,-76.60118385,37041.0,0.0,0.0,4762.246288460159,2.710843373493976,646,655,18,0,637,646,14029,9,0,0,9,9
2020-12-04,US,North Carolina,Clay,293,5,0,35.05704275,-83.74353633,37043.0,0.0,0.0,2608.8505030718547,1.706484641638225,288,285,5,0,280,284,11139,8,0,0,8,1
2020-12-04,US,North Carolina,Cleveland,4540,112,0,35.33553364,-81.55204486,37045.0,0.0,0.0,4635.159831337356,2.466960352422908,4428,4498,111,0,4387,4424,97645,42,1,0,41,74
2020-12-04,US,North Carolina,Columbus,2833,73,0,34.26744084,-78.65801424,37047.0,0.0,0.0,5103.768826115153,2.5767737380868336,2760,2824,73,0,2751,2788,55655,9,0,0,9,36
2020-12-04,US,North Carolina,Craven,3347,74,0,35.11833364,-77.08398081,37049.0,0.0,0.0,3276.90696012297,2.2109351658201373,3273,3290,72,0,3218,3224,102912,57,2,0,55,66
2020-12-04,US,North Carolina,Cumberland,9916,119,0,35.04762133,-78.82623165,37051.0,0.0,0.0,2955.509390210099,1.2000806776926178,9797,9792,115,0,9677,9652,332330,124,4,0,120,140
2020-12-04,US,North Carolina,Currituck,382,5,0,36.36123664,-75.95876401,37053.0,0.0,0.0,1375.9319958217773,1.3089005235602094,377,343,5,0,338,336,27072,39,0,0,39,7
2020-12-04,US,North Carolina,Dare,695,4,0,35.66520691,-75.71767334,37055.0,0.0,0.0,1877.921586641088,0.5755395683453237,691,678,4,0,674,660,36501,17,0,0,17,18
2020-12-04,US,North Carolina,Davidson,5681,55,0,35.79115496,-80.21256572,37057.0,0.0,0.0,3389.436128131544,0.9681394120753388,5626,5553,55,0,5498,5468,166614,128,0,0,128,85
2020-12-04,US,North Carolina,Davie,1339,13,0,35.93099927,-80.54496571,37059.0,0.0,0.0,3125.145871259861,0.9708737864077671,1326,1312,13,0,1299,1293,42733,27,0,0,27,19
2020-12-04,US,North Carolina,Duplin,3479,63,0,34.93449805,-77.93140529,37061.0,0.0,0.0,5922.609421017688,1.8108651911468812,3416,3443,63,0,3380,3409,58856,36,0,0,36,34
2020-12-04,US,North Carolina,Durham,11686,123,0,36.03638492,-78.87608331,37063.0,0.0,0.0,3634.972378440253,1.052541502652747,11563,11575,123,0,11452,11494,316739,111,0,0,111,81
2020-12-04,US,North Carolina,Edgecombe,2637,72,0,35.91230639,-77.59436892,37065.0,0.0,0.0,5123.173764376748,2.7303754266211606,2565,2612,72,0,2540,2581,52005,25,0,0,25,31
2020-12-04,US,North Carolina,Forsyth,14180,169,0,36.12859861,-80.25459052,37067.0,0.0,0.0,3709.1774676624073,1.1918194640338504,14011,13892,168,0,13724,13703,379099,288,1,0,287,189
2020-12-04,US,North Carolina,Franklin,2127,33,0,36.081519,-78.28708884,37069.0,0.0,0.0,3052.3068092128865,1.5514809590973202,2094,2101,33,0,2068,2075,67560,26,0,0,26,26
2020-12-04,US,North Carolina,Gaston,10809,188,0,35.29373559,-81.17477045,37071.0,0.0,0.0,4814.077468834761,1.7392913312979923,10621,10669,188,0,10481,10501,222846,140,0,0,140,168
2020-12-04,US,North Carolina,Gates,243,7,0,36.44667547,-76.69749701,37073.0,0.0,0.0,2101.712506486767,2.8806584362139915,236,224,7,0,217,220,11573,19,0,0,19,4
2020-12-04,US,North Carolina,Graham,279,11,0,35.3506925,-83.83369267,37075.0,0.0,0.0,3305.295581092288,3.942652329749104,268,278,11,0,267,276,8484,1,0,0,1,2
2020-12-04,US,North Carolina,Granville,2622,59,0,36.30337451,-78.65184241,37077.0,0.0,0.0,4337.971311814436,2.250190694126621,2563,2583,59,0,2524,2554,60115,39,0,0,39,29
2020-12-04,US,North Carolina,Greene,1244,27,0,35.48544173,-77.67578087,37079.0,0.0,0.0,5904.409321752338,2.170418006430868,1217,1230,27,0,1203,1212,21012,14,0,0,14,18
2020-12-04,US,North Carolina,Guilford,17597,259,0,36.07959451,-79.78824948,37081.0,0.0,0.0,3275.847304597765,1.4718417912144115,17338,17422,256,0,17166,17149,533670,175,3,0,172,273
2020-12-04,US,North Carolina,Halifax,2093,37,0,36.25669272,-77.6556109,37083.0,0.0,0.0,4185.162967406519,1.767797419971333,2056,2066,37,0,2029,2025,50574,27,0,0,27,41
2020-12-04,US,North Carolina,Harnett,4247,79,0,35.36731853,-78.87243571,37085.0,0.0,0.0,3123.3452962287456,1.8601365669884624,4168,4175,78,0,4097,4112,134214,72,1,0,71,63
2020-12-04,US,North Carolina,Haywood,1315,41,0,35.55269063,-82.98196486,37087.0,0.0,0.0,2110.178602949436,3.1178707224334596,1274,1286,40,0,1246,1247,61971,29,1,0,28,39
2020-12-04,US,North Carolina,Henderson,3311,73,0,35.33788927,-82.4766782,37089.0,0.0,0.0,2819.864244530179,2.2047719722138326,3238,3278,73,0,3205,3239,116748,33,0,0,33,39
2020-12-04,US,North Carolina,Hertford,1019,42,0,36.3607755,-76.98104134,37091.0,0.0,0.0,4303.7546986527,4.1216879293424915,977,1005,41,0,964,994,23659,14,1,0,13,11
2020-12-04,US,North Carolina,Hoke,2081,33,0,35.01888303,-79.23651674,37093.0,0.0,0.0,3767.606908788066,1.5857760691975011,2048,2053,33,0,2020,1997,54764,28,0,0,28,56
2020-12-04,US,North Carolina,Hyde,189,5,0,35.42017674,-76.15180542,37095.0,0.0,0.0,3828.235770710958,2.6455026455026456,184,188,5,0,183,186,5230,1,0,0,1,2
2020-12-04,US,North Carolina,Iredell,6002,52,0,35.80950511,-80.8743128,37097.0,0.0,0.0,3301.3211885196306,0.8663778740419861,5950,5876,51,0,5825,5776,178435,126,1,0,125,100
2020-12-04,US,North Carolina,Jackson,1455,10,0,35.28814273,-83.14093385,37099.0,0.0,0.0,3311.484364331558,0.6872852233676976,1445,1438,10,0,1428,1430,43327,17,0,0,17,8
2020-12-04,US,North Carolina,Johnston,8060,78,0,35.51745004,-78.36622717,37101.0,0.0,0.0,3850.214245792709,0.967741935483871,7982,7963,78,0,7885,7833,202675,97,0,0,97,130
2020-12-04,US,North Carolina,Jones,286,15,0,35.02254606,-77.35870791,37103.0,0.0,0.0,3036.415755388045,5.244755244755245,271,282,15,0,267,275,9637,4,0,0,4,7
2020-12-04,US,North Carolina,Lee,2590,32,0,35.47623147,-79.17569362,37105.0,0.0,0.0,4192.363100730022,1.2355212355212355,2558,2558,31,0,2527,2536,61452,32,1,0,31,22
2020-12-04,US,North Carolina,Lenoir,2324,53,0,35.24032589999999,-77.64245615,37107.0,0.0,0.0,4153.782909435377,2.280550774526678,2271,2258,52,0,2206,2206,55976,66,1,0,65,52
2020-12-04,US,North Carolina,Lincoln,3702,20,0,35.48508185,-81.21740317,37109.0,0.0,0.0,4299.102321422351,0.5402485143165856,3682,3636,20,0,3616,3572,83770,66,0,0,66,64
2020-12-04,US,North Carolina,Macon,969,9,0,35.14867843,-83.41696617,37113.0,0.0,0.0,2702.325840816555,0.9287925696594428,960,957,9,0,948,955,35285,12,0,0,12,2
2020-12-04,US,North Carolina,Madison,564,17,0,35.85402722,-82.71346418,37115.0,0.0,0.0,2592.5074695472304,3.0141843971631204,547,555,17,0,538,545,21763,9,0,0,9,10
2020-12-04,US,North Carolina,Martin,889,21,0,35.84326734,-77.10860251,37117.0,0.0,0.0,3961.675579322638,2.3622047244094486,868,869,21,0,848,863,22671,20,0,0,20,6
2020-12-04,US,North Carolina,McDowell,2004,34,0,35.67736232,-82.0482425,37111.0,0.0,0.0,4379.7534749541055,1.6966067864271457,1970,1958,34,0,1924,1935,45507,46,0,0,46,23
2020-12-04,US,North Carolina,Mecklenburg,45627,465,0,35.24469268,-80.8317671,37119.0,0.0,0.0,4109.2226276977835,1.019133407850615,45162,44976,458,0,44518,44428,1093901,651,7,0,644,548
2020-12-04,US,North Carolina,Mitchell,575,6,0,36.01059309,-82.1582442,37121.0,0.0,0.0,3842.555466452821,1.0434782608695652,569,547,6,0,541,541,15000,28,0,0,28,6
2020-12-04,US,North Carolina,Montgomery,1446,42,0,35.33155144,-79.90416657,37123.0,0.0,0.0,5321.458801015714,2.904564315352697,1404,1440,42,0,1398,1425,27271,6,0,0,6,15
2020-12-04,US,North Carolina,Moore,3163,65,0,35.30885257,-79.48474178,37125.0,0.0,0.0,3135.408406026963,2.0550110654441984,3098,3089,65,0,3024,3015,98682,74,0,0,74,74
2020-12-04,US,North Carolina,Nash,4615,111,0,35.96575634,-77.98422508,37127.0,0.0,0.0,4894.059258945046,2.405200433369448,4504,4558,111,0,4447,4513,94016,57,0,0,57,45
2020-12-04,US,North Carolina,New Hanover,7339,60,0,34.25758282,-77.87075626,37129.0,0.0,0.0,3129.9979102071447,0.8175500749420902,7279,7261,60,0,7201,7161,232274,78,0,0,78,100
2020-12-04,US,North Carolina,Northampton,858,25,0,36.41736238,-77.39769443,37131.0,0.0,0.0,4403.839244469536,2.9137529137529135,833,851,25,0,826,844,19676,7,0,0,7,7
2020-12-04,US,North Carolina,Onslow,5767,45,0,34.72607366,-77.42908179,37133.0,0.0,0.0,2913.53858278855,0.7803017166637767,5722,5678,44,0,5634,5577,197683,89,1,0,88,101
2020-12-04,US,North Carolina,Orange,4045,62,0,36.06092947,-79.12167935,37135.0,0.0,0.0,2724.346022252755,1.5327564894932015,3983,3993,62,0,3931,3969,146027,52,0,0,52,24
2020-12-04,US,North Carolina,Pamlico,425,3,0,35.15253315,-76.66559823,37137.0,0.0,0.0,3339.619676253339,0.7058823529411765,422,419,3,0,416,411,12670,6,0,0,6,8
2020-12-04,US,North Carolina,Pasquotank,1147,35,0,36.26723798,-76.25134778,37139.0,0.0,0.0,2880.1727601446364,3.051438535309503,1112,1129,35,0,1094,1123,39639,18,0,0,18,6
2020-12-04,US,North Carolina,Pender,1966,17,0,34.52265624,-77.90352133,37141.0,0.0,0.0,3117.665715191881,0.8646998982706002,1949,1948,17,0,1931,1918,62162,18,0,0,18,30
2020-12-04,US,North Carolina,Perquimans,361,4,0,36.17847453,-76.40603143,37143.0,0.0,0.0,2681.423159771225,1.10803324099723,357,357,4,0,353,354,13422,4,0,0,4,3
2020-12-04,US,North Carolina,Person,1059,13,0,36.38989032,-78.97217358,37145.0,0.0,0.0,2681.6915674854395,1.2275731822474032,1046,1034,13,0,1021,1020,39507,25,0,0,25,14
2020-12-04,US,North Carolina,Pitt,8383,49,0,35.59535426,-77.37353178,37147.0,0.0,0.0,4638.1029312500705,0.5845162829535966,8334,8247,48,0,8199,8057,179914,136,1,0,135,190
2020-12-04,US,North Carolina,Polk,500,13,0,35.27820615,-82.16812354,37149.0,0.0,0.0,2412.6616483304383,2.6,487,495,13,0,482,485,20611,5,0,0,5,10
2020-12-04,US,North Carolina,Randolph,5732,91,0,35.71015088,-79.80570339,37151.0,0.0,0.0,3989.781926260032,1.5875785066294488,5641,5646,88,0,5558,5582,143351,86,3,0,83,64
2020-12-04,US,North Carolina,Richmond,1972,39,0,35.00417719,-79.74491009,37153.0,0.0,0.0,4398.938187334092,1.977687626774848,1933,1936,39,0,1897,1895,44887,36,0,0,36,41
2020-12-04,US,North Carolina,Robeson,7607,114,0,34.64244496,-79.10250529999998,37155.0,0.0,0.0,5823.5406698564575,1.4986196923885895,7493,7555,113,0,7442,7484,131831,52,1,0,51,71
2020-12-04,US,North Carolina,Rockingham,3214,23,0,36.39593137,-79.77504841,37157.0,0.0,0.0,3531.4800571365786,0.7156191661481021,3191,3188,22,0,3166,3157,90690,26,1,0,25,31
2020-12-04,US,North Carolina,Rowan,6093,136,0,35.64003916,-80.52446628,37159.0,0.0,0.0,4288.187602049435,2.2320695880518633,5957,5928,131,0,5797,5865,141262,165,5,0,160,63
2020-12-04,US,North Carolina,Rutherford,2670,77,0,35.40114178,-81.92112099,37161.0,0.0,0.0,3983.3504900863813,2.8838951310861423,2593,2589,74,0,2515,2538,66826,81,3,0,78,51
2020-12-04,US,North Carolina,Sampson,3817,48,0,34.98820368,-78.36914061,37163.0,0.0,0.0,6008.090538477279,1.2575320932669636,3769,3771,47,0,3724,3732,63626,46,1,0,45,39
2020-12-04,US,North Carolina,Scotland,2053,43,0,34.8386299,-79.4757978,37165.0,0.0,0.0,5895.528817161072,2.0944958597174868,2010,2039,42,0,1997,2001,34810,14,1,0,13,38
2020-12-04,US,North Carolina,Stanly,3128,78,0,35.31647813,-80.25093221,37167.0,0.0,0.0,4980.415883832755,2.493606138107417,3050,3104,78,0,3026,3046,62075,24,0,0,24,58
2020-12-04,US,North Carolina,Stokes,1263,19,0,36.4017975,-80.23893369,37169.0,0.0,0.0,2770.2836086069624,1.5043547110055424,1244,1234,18,0,1216,1208,45467,29,1,0,28,26
2020-12-04,US,North Carolina,Surry,2969,49,0,36.41689489,-80.69102283,37171.0,0.0,0.0,4136.076786982991,1.6503873358033008,2920,2931,49,0,2882,2894,71948,38,0,0,38,37
2020-12-04,US,North Carolina,Swain,423,5,0,35.48665845,-83.48748932,37173.0,0.0,0.0,2964.0529745638005,1.182033096926714,418,416,5,0,411,403,14245,7,0,0,7,13
2020-12-04,US,North Carolina,Transylvania,586,9,0,35.20383864,-82.79638423,37175.0,0.0,0.0,1704.2314962919877,1.5358361774744027,577,574,9,0,565,569,34215,12,0,0,12,5
2020-12-04,US,North Carolina,Tyrrell,142,3,0,35.87147226,-76.17055253,37177.0,0.0,0.0,3535.8565737051795,2.112676056338028,139,141,3,0,138,141,4131,1,0,0,1,0
2020-12-04,US,North Carolina,Unassigned,12,0,0,0.0,0.0,90037.0,0.0,0.0,0.0,0.0,12,160,0,0,160,14,,0,0,0,-148,146
2020-12-04,US,North Carolina,Union,8376,76,0,34.98960527,-80.52955873,37179.0,0.0,0.0,3492.0515803034277,0.9073543457497611,8300,8202,76,0,8126,8092,235908,174,0,0,174,110
2020-12-04,US,North Carolina,Vance,1891,58,0,36.36880673,-78.40670845,37181.0,0.0,0.0,4246.098574155159,3.0671602326811214,1833,1844,58,0,1786,1818,44582,47,0,0,47,26
2020-12-04,US,North Carolina,Wake,30295,299,0,35.78879266,-78.65249174,37183.0,0.0,0.0,2724.956173134333,0.9869615448093744,29996,30008,297,0,29711,29426,1092305,287,2,0,285,582
2020-12-04,US,North Carolina,Warren,724,8,0,36.39728256,-78.10652228,37185.0,0.0,0.0,3669.3527950940147,1.1049723756906078,716,715,8,0,707,708,19807,9,0,0,9,7
2020-12-04,US,North Carolina,Washington,331,8,0,35.83810081,-76.57299037,37187.0,0.0,0.0,2858.3765112262518,2.416918429003021,323,329,8,0,321,321,11859,2,0,0,2,8
2020-12-04,US,North Carolina,Watauga,1987,8,0,36.23103603,-81.70033724,37189.0,0.0,0.0,3537.034729515638,0.4026170105686965,1979,1956,8,0,1948,1936,55945,31,0,0,31,20
2020-12-04,US,North Carolina,Wayne,6001,117,0,35.36438125,-78.00027268,37191.0,0.0,0.0,4873.671130746928,1.9496750541576404,5884,5969,117,0,5852,5887,123248,32,0,0,32,82
2020-12-04,US,North Carolina,Wilkes,2858,51,0,36.2084135,-81.16232895,37193.0,0.0,0.0,4177.629655615974,1.7844646606018195,2807,2801,51,0,2750,2768,68557,57,0,0,57,33
2020-12-04,US,North Carolina,Wilson,4242,82,0,35.70625477,-77.917978,37195.0,0.0,0.0,5185.755675358492,1.9330504479019333,4160,4191,82,0,4109,4119,81455,51,0,0,51,72
2020-12-04,US,North Carolina,Yadkin,1655,17,0,36.16222629,-80.66239436,37197.0,0.0,0.0,4393.766426845778,1.027190332326284,1638,1626,14,0,1612,1595,37543,29,3,0,26,31
2020-12-04,US,North Carolina,Yancey,593,2,0,35.90079156,-82.31237181,37199.0,0.0,0.0,3281.863965908462,0.3372681281618887,591,581,2,0,579,572,17903,12,0,0,12,9
2020-12-04,US,North Dakota,Adams,182,0,0,46.09686891,-102.5285397,38001.0,0.0,0.0,8212.996389891698,0.0,182,183,0,0,183,177,2294,0,0,0,-1,6
2020-12-04,US,North Dakota,Barnes,1093,18,0,46.93579637,-98.06605978,38003.0,0.0,0.0,10494.479116658666,1.6468435498627634,1075,1080,18,0,1062,1047,10542,13,0,0,13,33
2020-12-04,US,North Dakota,Benson,818,14,0,48.0683985,-99.35916363,38005.0,0.0,0.0,11973.067915690866,1.7114914425427872,804,786,14,0,772,780,6962,32,0,0,32,6
2020-12-04,US,North Dakota,Billings,41,0,0,47.02366884,-103.3762965,38007.0,0.0,0.0,4418.103448275861,0.0,41,41,0,0,41,41,919,0,0,0,0,0
2020-12-04,US,North Dakota,Bottineau,565,19,0,48.79106111,-100.8378166,38009.0,0.0,0.0,8993.950971028335,3.3628318584070795,546,563,19,0,544,558,6411,2,0,0,2,5
2020-12-04,US,North Dakota,Bowman,190,3,0,46.11285362,-103.5203343,38011.0,0.0,0.0,6283.068783068783,1.5789473684210529,187,190,3,0,187,189,3076,0,0,0,0,1
2020-12-04,US,North Dakota,Burke,182,1,0,48.79094471,-102.51821170000001,38013.0,0.0,0.0,8605.200945626477,0.5494505494505495,181,181,1,0,180,179,2100,1,0,0,1,2
2020-12-04,US,North Dakota,Burleigh,12372,128,0,46.97847375,-100.46452140000001,38015.0,0.0,0.0,12937.90391734465,1.0345942450695118,12244,12240,127,0,12113,12144,95273,132,1,0,131,96
2020-12-04,US,North Dakota,Cass,17501,133,0,46.93201724,-97.24447190000001,38017.0,0.0,0.0,9620.004067654996,0.7599565739100623,17368,17287,132,0,17155,17057,181516,214,1,0,213,230
2020-12-04,US,North Dakota,Cavalier,381,2,0,48.77286211,-98.46685243,38019.0,0.0,0.0,10127.591706539077,0.5249343832020997,379,378,2,0,376,376,3829,3,0,0,3,2
2020-12-04,US,North Dakota,Dickey,559,29,0,46.11017712,-98.50490079999999,38021.0,0.0,0.0,11473.727422003283,5.18783542039356,530,553,29,0,524,547,4903,6,0,0,6,6
2020-12-04,US,North Dakota,Divide,127,2,0,48.814938700000006,-103.48736109999999,38023.0,0.0,0.0,5609.540636042404,1.5748031496062993,125,127,2,0,125,127,2283,0,0,0,0,0
2020-12-04,US,North Dakota,Dunn,324,6,0,47.35423935,-102.61604679999999,38025.0,0.0,0.0,7323.688969258589,1.851851851851852,318,311,6,0,305,309,4332,13,0,0,13,2
2020-12-04,US,North Dakota,Eddy,376,4,0,47.71701474,-98.90432337,38027.0,0.0,0.0,16440.752076956713,1.0638297872340423,372,371,4,0,367,367,2313,5,0,0,5,4
2020-12-04,US,North Dakota,Emmons,353,10,0,46.28398398,-100.2389766,38029.0,0.0,0.0,10891.700092564024,2.8328611898016995,343,352,9,0,343,349,3295,1,1,0,0,3
2020-12-04,US,North Dakota,Foster,503,17,0,47.457108399999996,-98.88279923,38031.0,0.0,0.0,15669.781931464175,3.37972166998012,486,501,16,0,485,498,3216,2,1,0,1,3
2020-12-04,US,North Dakota,Golden Valley,170,0,0,46.94022281,-103.8465421,38033.0,0.0,0.0,9653.605905735378,0.0,170,163,0,0,163,161,1769,7,0,0,7,2
2020-12-04,US,North Dakota,Grand Forks,8313,48,0,47.92093639,-97.45450447,38035.0,0.0,0.0,11969.590070697326,0.5774088776614941,8265,8270,48,0,8222,8196,70770,43,0,0,43,74
2020-12-04,US,North Dakota,Grant,157,6,0,46.35821257,-101.63900129999999,38037.0,0.0,0.0,6904.133685136325,3.8216560509554136,151,157,6,0,151,157,2374,0,0,0,0,0
2020-12-04,US,North Dakota,Griggs,264,2,0,47.45785838,-98.23850925,38039.0,0.0,0.0,11833.258628417749,0.7575757575757576,262,262,2,0,260,259,2232,2,0,0,2,3
2020-12-04,US,North Dakota,Hettinger,249,3,0,46.43375068,-102.4632417,38041.0,0.0,0.0,9963.985594237694,1.2048192771084338,246,247,3,0,244,243,2514,2,0,0,2,4
2020-12-04,US,North Dakota,Kidder,222,6,0,46.97830064,-99.77507857,38043.0,0.0,0.0,8951.612903225807,2.702702702702702,216,221,6,0,215,220,2450,1,0,0,1,1
2020-12-04,US,North Dakota,LaMoure,387,15,0,46.45681054,-98.53542355,38045.0,0.0,0.0,9565.002471576867,3.875968992248062,372,386,15,0,371,385,4062,1,0,0,1,1
2020-12-04,US,North Dakota,Logan,166,6,0,46.45729487,-99.47719806,38047.0,0.0,0.0,8972.972972972972,3.614457831325301,160,163,6,0,157,160,1903,3,0,0,3,3
2020-12-04,US,North Dakota,McHenry,474,17,0,48.23104458,-100.6324822,38049.0,0.0,0.0,8250.652741514361,3.586497890295359,457,470,17,0,453,462,5816,4,0,0,4,8
2020-12-04,US,North Dakota,McIntosh,246,7,0,46.11182017,-99.44145858,38051.0,0.0,0.0,9851.822186623951,2.845528455284553,239,244,7,0,237,243,2585,2,0,0,2,1
2020-12-04,US,North Dakota,McKenzie,920,7,0,47.74133370000001,-103.395905,38053.0,0.0,0.0,6123.535676251329,0.7608695652173914,913,913,7,0,906,898,13632,7,0,0,7,15
2020-12-04,US,North Dakota,McLean,1042,16,0,47.60766714,-101.3182418,38055.0,0.0,0.0,11026.455026455027,1.5355086372360844,1026,1027,16,0,1011,1006,9541,15,0,0,15,21
2020-12-04,US,North Dakota,Mercer,916,6,0,47.31213126,-101.8318399,38057.0,0.0,0.0,11188.46952485648,0.6550218340611353,910,903,5,0,898,883,8267,13,1,0,12,20
2020-12-04,US,North Dakota,Morton,4182,69,0,46.71681782,-101.2822377,38059.0,0.0,0.0,13333.7584491774,1.6499282639885222,4113,4142,69,0,4073,4095,31095,40,0,0,40,47
2020-12-04,US,North Dakota,Mountrail,1087,14,0,48.20197971,-102.3555315,38061.0,0.0,0.0,10308.202939781888,1.2879484820607177,1073,1083,14,0,1069,1067,10218,4,0,0,4,16
2020-12-04,US,North Dakota,Nelson,363,10,0,47.9226426,-98.19038437,38063.0,0.0,0.0,12608.544633553318,2.7548209366391183,353,361,10,0,351,360,2869,2,0,0,2,1
2020-12-04,US,North Dakota,Oliver,131,2,0,47.11530482,-101.3406158,38065.0,0.0,0.0,6687.085247575295,1.5267175572519085,129,127,2,0,125,127,1952,4,0,0,4,0
2020-12-04,US,North Dakota,Pembina,651,7,0,48.76623521,-97.5523809,38067.0,0.0,0.0,9572.12174680194,1.075268817204301,644,650,7,0,643,639,6947,1,0,0,1,11
2020-12-04,US,North Dakota,Pierce,438,7,0,48.24977025,-99.96407787,38069.0,0.0,0.0,11018.8679245283,1.5981735159817352,431,435,7,0,428,429,4081,3,0,0,3,6
2020-12-04,US,North Dakota,Ramsey,1225,9,0,48.26886249,-98.72223879,38071.0,0.0,0.0,10634.603698237694,0.7346938775510204,1216,1213,9,0,1204,1192,11481,12,0,0,12,21
2020-12-04,US,North Dakota,Ransom,475,9,0,46.45621782,-97.65742504,38073.0,0.0,0.0,9103.104637792258,1.8947368421052633,466,468,9,0,459,458,5237,7,0,0,7,10
2020-12-04,US,North Dakota,Renville,260,8,0,48.71982533,-101.6603912,38075.0,0.0,0.0,11173.184357541899,3.0769230769230766,252,260,5,0,255,257,2374,0,3,0,-3,3
2020-12-04,US,North Dakota,Richland,1239,11,0,46.26440649,-96.94852979,38077.0,0.0,0.0,7659.02206836867,0.8878127522195319,1228,1218,11,0,1207,1177,16239,21,0,0,21,41
2020-12-04,US,North Dakota,Rolette,1533,17,0,48.77245354,-99.84097493,38079.0,0.0,0.0,10814.051918735893,1.1089367253750817,1516,1519,17,0,1502,1450,14301,14,0,0,14,69
2020-12-04,US,North Dakota,Sargent,346,5,0,46.10830372,-97.63217159,38081.0,0.0,0.0,8876.34684453566,1.4450867052023122,341,334,4,0,330,320,3870,12,1,0,11,14
2020-12-04,US,North Dakota,Sheridan,82,1,0,47.57700669,-100.3426391,38083.0,0.0,0.0,6235.741444866922,1.2195121951219512,81,81,1,0,80,78,1349,1,0,0,1,3
2020-12-04,US,North Dakota,Sioux,535,7,0,46.11323337,-101.04401490000001,38085.0,0.0,0.0,12647.75413711584,1.308411214953271,528,523,7,0,516,514,4358,12,0,0,12,9
2020-12-04,US,North Dakota,Slope,19,0,0,46.44737738,-103.4601547,38087.0,0.0,0.0,2533.333333333333,0.0,19,19,0,0,19,19,763,0,0,0,0,0
2020-12-04,US,North Dakota,Stark,3712,40,0,46.80851182,-102.65763259999999,38089.0,0.0,0.0,11788.243513607926,1.0775862068965518,3672,3646,40,0,3606,3636,30997,66,0,0,66,10
2020-12-04,US,North Dakota,Steele,139,1,0,47.45611548,-97.72728747,38091.0,0.0,0.0,7354.497354497354,0.7194244604316546,138,139,1,0,138,136,1903,0,0,0,0,3
2020-12-04,US,North Dakota,Stutsman,2681,45,0,46.97962541,-98.95637318,38093.0,0.0,0.0,12949.188562596599,1.6784781797836628,2636,2663,45,0,2618,2644,20917,18,0,0,18,19
2020-12-04,US,North Dakota,Towner,220,9,0,48.68565745,-99.24564265,38095.0,0.0,0.0,10050.251256281406,4.090909090909091,211,219,9,0,210,216,2192,1,0,0,1,3
2020-12-04,US,North Dakota,Traill,770,10,0,47.45367788,-97.16323288,38097.0,0.0,0.0,9581.881533101043,1.2987012987012987,760,763,10,0,753,754,8037,7,0,0,7,9
2020-12-04,US,North Dakota,Unassigned,0,6,0,0.0,0.0,90038.0,0.0,0.0,0.0,0.0,-6,0,6,0,-6,0,,0,0,0,0,0
2020-12-04,US,North Dakota,Walsh,1496,16,0,48.36876964,-97.72574783,38099.0,0.0,0.0,14058.829057419416,1.0695187165775402,1480,1485,16,0,1469,1467,10667,11,0,0,11,18
2020-12-04,US,North Dakota,Ward,7842,141,0,48.22390169,-101.54367629999999,38101.0,0.0,0.0,11593.56011886282,1.7980107115531752,7701,7775,138,0,7637,7697,67744,67,3,0,64,78
2020-12-04,US,North Dakota,Wells,313,3,0,47.58614526,-99.65904998,38103.0,0.0,0.0,8163.797600417321,0.9584664536741214,310,311,3,0,308,307,3957,2,0,0,2,4
2020-12-04,US,North Dakota,Williams,3117,23,0,48.34522353,-103.4793387,38105.0,0.0,0.0,8292.319561573864,0.7378889958293231,3094,3101,23,0,3078,3078,35350,16,0,0,16,23
2020-12-04,US,Ohio,Adams,930,13,0,38.84541072,-83.4718964,39001.0,0.0,0.0,3357.6431511300457,1.3978494623655917,917,915,13,0,902,903,27724,15,0,0,15,12
2020-12-04,US,Ohio,Allen,5792,97,0,40.77285242,-84.10802343,39003.0,0.0,0.0,5658.95789977626,1.674723756906077,5695,5699,95,0,5604,5594,102663,93,2,0,91,105
2020-12-04,US,Ohio,Ashland,1390,33,0,40.84772277,-82.27280781,39005.0,0.0,0.0,2598.908084660833,2.3741007194244603,1357,1351,33,0,1318,1328,53745,39,0,0,39,23
2020-12-04,US,Ohio,Ashtabula,2767,57,0,41.70860332,-80.74830218,39007.0,0.0,0.0,2845.507553398258,2.0599927719551863,2710,2719,57,0,2662,2692,97493,48,0,0,48,27
2020-12-04,US,Ohio,Athens,2256,4,0,39.33425634,-82.04278644,39009.0,0.0,0.0,3453.395992468658,0.1773049645390071,2252,2213,4,0,2209,2170,65818,43,0,0,43,43
2020-12-04,US,Ohio,Auglaize,2696,42,0,40.55998859,-84.22421429999999,39011.0,0.0,0.0,5905.028911862624,1.5578635014836797,2654,2658,41,0,2617,2619,45804,38,1,0,37,39
2020-12-04,US,Ohio,Belmont,2033,30,0,40.01625942,-80.9924051,39013.0,0.0,0.0,3034.0566516431372,1.4756517461878995,2003,1987,29,0,1958,1959,67505,46,1,0,45,28
2020-12-04,US,Ohio,Brown,1308,5,0,38.93416837,-83.86788395,39015.0,0.0,0.0,3011.604347025235,0.382262996941896,1303,1267,5,0,1262,1223,43602,41,0,0,41,44
2020-12-04,US,Ohio,Butler,17918,160,0,39.44012838,-84.57388716,39017.0,0.0,0.0,4676.692749795111,0.8929568032146445,17758,17529,154,0,17375,17186,382378,389,6,0,383,343
2020-12-04,US,Ohio,Carroll,640,12,0,40.578968599999996,-81.09178213,39019.0,0.0,0.0,2377.944564167348,1.875,628,614,12,0,602,597,27081,26,0,0,26,17
2020-12-04,US,Ohio,Champaign,1242,8,0,40.13923427,-83.76875242,39021.0,0.0,0.0,3194.033689083194,0.644122383252818,1234,1215,8,0,1207,1174,38754,27,0,0,27,41
2020-12-04,US,Ohio,Clark,6171,143,0,39.91592258,-83.78498252,39023.0,0.0,0.0,4602.373156925188,2.3172905525846703,6028,6038,142,0,5896,5907,134585,133,1,0,132,131
2020-12-04,US,Ohio,Clermont,7315,56,0,39.04847534,-84.15375786,39025.0,0.0,0.0,3543.608425213634,0.7655502392344498,7259,7121,56,0,7065,6934,205466,194,0,0,194,187
2020-12-04,US,Ohio,Clinton,1291,19,0,39.41485808,-83.80852286,39027.0,0.0,0.0,3076.153259626382,1.4717273431448492,1272,1256,19,0,1237,1235,42057,35,0,0,35,21
2020-12-04,US,Ohio,Columbiana,4233,104,0,40.76932373,-80.78094576,39029.0,0.0,0.0,4154.765760725538,2.4568863690054337,4129,4131,103,0,4028,4012,102665,102,1,0,101,119
2020-12-04,US,Ohio,Coshocton,1040,15,0,40.30096166,-81.91729018,39031.0,0.0,0.0,2841.530054644809,1.4423076923076923,1025,1028,15,0,1013,1005,36629,12,0,0,12,23
2020-12-04,US,Ohio,Crawford,1613,20,0,40.85065156,-82.91989099,39033.0,0.0,0.0,3887.309008531354,1.239925604463732,1593,1586,20,0,1566,1539,41550,27,0,0,27,47
2020-12-04,US,Ohio,Cuyahoga,44501,780,0,41.424119,-81.65918339,39035.0,0.0,0.0,3603.109778215359,1.7527696006831308,43721,43640,768,0,42872,42980,1243857,861,12,0,849,660
2020-12-04,US,Ohio,Darke,2859,63,0,40.13412966,-84.6194517,39037.0,0.0,0.0,5593.488936278442,2.203567681007345,2796,2754,63,0,2691,2720,51323,105,0,0,105,34
2020-12-04,US,Ohio,Defiance,1709,37,0,41.32398837,-84.49076944,39039.0,0.0,0.0,4487.095334366057,2.1650087770626096,1672,1677,33,0,1644,1653,38165,32,4,0,28,24
2020-12-04,US,Ohio,Delaware,6828,43,0,40.27942393,-83.00457058,39041.0,0.0,0.0,3264.221209788839,0.6297598125366141,6785,6681,42,0,6639,6519,204826,147,1,0,146,162
2020-12-04,US,Ohio,Erie,2733,70,0,41.36796058,-82.62904521,39043.0,0.0,0.0,3680.0150809253223,2.5612879619465794,2663,2666,70,0,2596,2612,74615,67,0,0,67,54
2020-12-04,US,Ohio,Fairfield,6507,67,0,39.75107189,-82.63088163,39045.0,0.0,0.0,4129.488367370253,1.0296603657599508,6440,6342,65,0,6277,6208,155782,165,2,0,163,134
2020-12-04,US,Ohio,Fayette,1099,17,0,39.56021306,-83.4562016,39047.0,0.0,0.0,3852.760736196319,1.5468607825295724,1082,1081,17,0,1064,1062,28666,18,0,0,18,19
2020-12-04,US,Ohio,Franklin,58099,678,0,39.96995815,-83.01115755,39049.0,0.0,0.0,4412.282913463087,1.1669736140036833,57421,57040,674,0,56366,56123,1310300,1059,4,0,1055,917
2020-12-04,US,Ohio,Fulton,1643,31,0,41.60213491,-84.12571393,39051.0,0.0,0.0,3900.2041494563928,1.8867924528301887,1612,1597,30,0,1567,1546,42276,46,1,0,45,51
2020-12-04,US,Ohio,Gallia,978,15,0,38.82708533,-82.31647569,39053.0,0.0,0.0,3271.121814168172,1.5337423312883436,963,956,15,0,941,924,29979,22,0,0,22,32
2020-12-04,US,Ohio,Geauga,2631,51,0,41.49952319,-81.17935342,39055.0,0.0,0.0,2809.426689019637,1.9384264538198404,2580,2572,51,0,2521,2556,94031,59,0,0,59,16
2020-12-04,US,Ohio,Greene,6380,79,0,39.69116283,-83.89032084,39057.0,0.0,0.0,3776.5557574717204,1.238244514106583,6301,6239,77,0,6162,6139,167995,141,2,0,139,100
2020-12-04,US,Ohio,Guernsey,1203,15,0,40.05026529,-81.49248905,39059.0,0.0,0.0,3094.533762057878,1.2468827930174564,1188,1171,15,0,1156,1109,39022,32,0,0,32,62
2020-12-04,US,Ohio,Hamilton,35572,381,0,39.19673558,-84.54502924,39061.0,0.0,0.0,4351.458702611585,1.0710671314517035,35191,34945,379,0,34566,34402,816684,627,2,0,625,543
2020-12-04,US,Ohio,Hancock,2942,51,0,41.00250487,-83.66838948,39063.0,0.0,0.0,3882.1371547708586,1.733514615907546,2891,2845,46,0,2799,2799,75930,97,5,0,92,46
2020-12-04,US,Ohio,Hardin,1255,26,0,40.66015414,-83.65929931,39065.0,0.0,0.0,4001.275306870716,2.0717131474103585,1229,1221,26,0,1195,1185,31480,34,0,0,34,36
2020-12-04,US,Ohio,Harrison,314,3,0,40.29380509,-81.09068544,39067.0,0.0,0.0,2087.7659574468084,0.9554140127388536,311,305,3,0,302,291,15174,9,0,0,9,14
2020-12-04,US,Ohio,Henry,1173,29,0,41.333964200000004,-84.06830637,39069.0,0.0,0.0,4343.47922683848,2.4722932651321403,1144,1146,29,0,1117,1135,27086,27,0,0,27,11
2020-12-04,US,Ohio,Highland,1267,18,0,39.1839264,-83.60331456,39071.0,0.0,0.0,2935.520493037697,1.4206787687450668,1249,1244,18,0,1226,1208,43058,23,0,0,23,36
2020-12-04,US,Ohio,Hocking,834,18,0,39.49537927,-82.47991446,39073.0,0.0,0.0,2950.7500707613926,2.1582733812949644,816,807,18,0,789,792,28385,27,0,0,27,15
2020-12-04,US,Ohio,Holmes,1550,41,0,40.56163713,-81.92635677,39075.0,0.0,0.0,3525.9326660600545,2.6451612903225805,1509,1532,39,0,1493,1517,43892,18,2,0,16,15
2020-12-04,US,Ohio,Huron,1899,22,0,41.14651175,-82.59867951,39077.0,0.0,0.0,3259.1906085881988,1.1585044760400212,1877,1854,22,0,1832,1809,58504,45,0,0,45,45
2020-12-04,US,Ohio,Jackson,1314,13,0,39.01914254,-82.61818559999998,39079.0,0.0,0.0,4053.928979113319,0.9893455098934549,1301,1259,13,0,1246,1190,32384,55,0,0,55,69
2020-12-04,US,Ohio,Jefferson,1770,16,0,40.38614126,-80.76259514,39081.0,0.0,0.0,2709.5292766934563,0.9039548022598871,1754,1723,16,0,1707,1648,65767,47,0,0,47,75
2020-12-04,US,Ohio,Knox,1652,20,0,40.39830217,-82.42027563,39083.0,0.0,0.0,2650.749334103527,1.2106537530266344,1632,1595,20,0,1575,1548,61893,57,0,0,57,47
2020-12-04,US,Ohio,Lake,8558,81,0,41.69710807,-81.23676539,39085.0,0.0,0.0,3718.460649405385,0.9464828230895068,8477,8408,80,0,8328,8333,230514,150,1,0,149,75
2020-12-04,US,Ohio,Lawrence,2320,41,0,38.59743452,-82.53466552,39087.0,0.0,0.0,3901.585860114693,1.7672413793103448,2279,2233,41,0,2192,2191,59866,87,0,0,87,42
2020-12-04,US,Ohio,Licking,6696,79,0,40.09136236,-82.48185785,39089.0,0.0,0.0,3786.0026461308807,1.1798088410991636,6617,6586,77,0,6509,6457,175769,110,2,0,108,129
2020-12-04,US,Ohio,Logan,1585,21,0,40.38996525,-83.76784341,39091.0,0.0,0.0,3470.397617796462,1.3249211356466877,1564,1538,21,0,1517,1499,45358,47,0,0,47,39
2020-12-04,US,Ohio,Lorain,8368,114,0,41.29553751,-82.15083537,39093.0,0.0,0.0,2700.809791081001,1.3623326959847035,8254,8213,106,0,8107,8020,309461,155,8,0,147,193
2020-12-04,US,Ohio,Lucas,17277,446,0,41.62101218,-83.65468618,39095.0,0.0,0.0,4033.402747298925,2.5814666898188343,16831,17023,438,0,16585,16765,429899,254,8,0,246,258
2020-12-04,US,Ohio,Madison,1963,19,0,39.89381073,-83.40178317,39097.0,0.0,0.0,4388.455433591917,0.9679062659195108,1944,1910,19,0,1891,1868,44413,53,0,0,53,42
2020-12-04,US,Ohio,Mahoning,9296,305,0,41.01631101,-80.77287029,39099.0,0.0,0.0,4065.0157641801093,3.2809810671256456,8991,9092,303,0,8789,8821,229642,204,2,0,202,271
2020-12-04,US,Ohio,Marion,5277,69,0,40.58610662,-83.15736305,39101.0,0.0,0.0,8106.862489054122,1.3075611142694712,5208,5230,67,0,5163,5161,65256,47,2,0,45,69
2020-12-04,US,Ohio,Medina,5830,61,0,41.11770589,-81.89986209999998,39103.0,0.0,0.0,3243.4657794888344,1.04631217838765,5769,5658,58,0,5600,5533,179146,172,3,0,169,125
2020-12-04,US,Ohio,Meigs,506,12,0,39.09224872,-82.0305041,39105.0,0.0,0.0,2208.931767581962,2.3715415019762847,494,496,12,0,484,478,23106,10,0,0,10,18
2020-12-04,US,Ohio,Mercer,3225,60,0,40.54043046,-84.62912742,39107.0,0.0,0.0,7832.993296415039,1.8604651162790695,3165,3198,59,0,3139,3169,40959,27,1,0,26,29
2020-12-04,US,Ohio,Miami,5258,69,0,40.0543329,-84.22871271,39109.0,0.0,0.0,4914.615794442317,1.3122860403195131,5189,5131,68,0,5063,5022,106222,127,1,0,126,109
2020-12-04,US,Ohio,Monroe,428,22,0,39.72984936,-81.08464734,39111.0,0.0,0.0,3134.6125677457158,5.140186915887852,406,410,22,0,388,398,13790,18,0,0,18,12
2020-12-04,US,Ohio,Montgomery,24352,275,0,39.75394919,-84.29050975,39113.0,0.0,0.0,4580.138314459447,1.1292706964520367,24077,23828,265,0,23563,23277,532331,524,10,0,514,551
2020-12-04,US,Ohio,Morgan,391,15,0,39.62081738,-81.85308173,39115.0,0.0,0.0,2695.064791838985,3.836317135549872,376,370,14,0,356,345,14604,21,1,0,20,25
2020-12-04,US,Ohio,Morrow,1157,2,0,40.52363560000001,-82.7892599,39117.0,0.0,0.0,3275.022644927536,0.17286084701815038,1155,1126,2,0,1124,1102,35112,31,0,0,31,24
2020-12-04,US,Ohio,Muskingum,3253,15,0,39.96575964,-81.94363275,39119.0,0.0,0.0,3773.125326219336,0.4611128189363664,3238,3145,12,0,3133,3078,86183,108,3,0,105,67
2020-12-04,US,Ohio,Noble,708,29,0,39.76818851,-81.45937183,39121.0,0.0,0.0,4908.485856905159,4.096045197740113,679,698,28,0,670,684,14354,10,1,0,9,14
2020-12-04,US,Ohio,Ottawa,1464,32,0,41.53781826,-83.0940185,39123.0,0.0,0.0,3612.5848241826034,2.1857923497267757,1432,1437,32,0,1405,1405,40769,27,0,0,27,32
2020-12-04,US,Ohio,Paulding,804,15,0,41.11676341,-84.5801017,39125.0,0.0,0.0,4305.912596401028,1.8656716417910448,789,782,15,0,767,762,18760,22,0,0,22,20
2020-12-04,US,Ohio,Perry,1084,13,0,39.73508655,-82.23804971,39127.0,0.0,0.0,2999.9446504677035,1.1992619926199262,1071,1045,13,0,1032,1020,36033,39,0,0,39,25
2020-12-04,US,Ohio,Pickaway,4452,50,0,39.64170392,-83.0243386,39129.0,0.0,0.0,7615.854388695964,1.1230907457322552,4402,4403,50,0,4353,4367,58086,49,0,0,49,36
2020-12-04,US,Ohio,Pike,965,3,0,39.07634001,-83.06769584,39131.0,0.0,0.0,3474.7227423304053,0.31088082901554404,962,935,2,0,933,906,28067,30,1,0,29,29
2020-12-04,US,Ohio,Portage,4505,77,0,41.16793482,-81.19735782,39133.0,0.0,0.0,2772.887865768838,1.7092119866814652,4428,4416,76,0,4340,4256,162927,89,1,0,88,160
2020-12-04,US,Ohio,Preble,1830,21,0,39.7420247,-84.64787018,39135.0,0.0,0.0,4476.297637101903,1.147540983606557,1809,1800,21,0,1779,1773,40997,30,0,0,30,27
2020-12-04,US,Ohio,Putnam,2497,56,0,41.02094889,-84.1336111,39137.0,0.0,0.0,7374.265379049643,2.2426912294753705,2441,2464,55,0,2409,2420,33780,33,1,0,32,44
2020-12-04,US,Ohio,Richland,4231,43,0,40.77180308,-82.53799609999999,39139.0,0.0,0.0,3492.2495336513857,1.0163082013708342,4188,4096,43,0,4053,3976,121099,135,0,0,135,120
2020-12-04,US,Ohio,Ross,2830,66,0,39.33705391,-83.06000914,39141.0,0.0,0.0,3691.336446403882,2.3321554770318023,2764,2787,66,0,2721,2725,76931,43,0,0,43,62
2020-12-04,US,Ohio,Sandusky,1936,33,0,41.35624126,-83.137872,39143.0,0.0,0.0,3308.3837451724257,1.7045454545454546,1903,1892,33,0,1859,1842,58799,44,0,0,44,50
2020-12-04,US,Ohio,Scioto,2528,23,0,38.80270163,-82.98907345,39145.0,0.0,0.0,3356.613644209576,0.9098101265822784,2505,2400,23,0,2377,2301,75502,128,0,0,128,99
2020-12-04,US,Ohio,Seneca,2128,21,0,41.12351311,-83.12783209,39147.0,0.0,0.0,3856.6095182862737,0.986842105263158,2107,2096,21,0,2075,2067,55207,32,0,0,32,29
2020-12-04,US,Ohio,Shelby,2282,18,0,40.33163494,-84.20258189,39149.0,0.0,0.0,4696.43959662482,0.7887817703768624,2264,2223,17,0,2206,2174,48627,59,1,0,58,49
2020-12-04,US,Ohio,Stark,11918,233,0,40.81482476,-81.36437305,39151.0,0.0,0.0,3215.8140990701722,1.955026011075684,11685,11437,231,0,11206,11126,371574,481,2,0,479,311
2020-12-04,US,Ohio,Summit,17017,393,0,41.12464734,-81.53123079,39153.0,0.0,0.0,3145.3957668300022,2.3094552506317214,16624,16486,374,0,16112,16220,541918,531,19,0,512,266
2020-12-04,US,Ohio,Trumbull,6980,159,0,41.31735028,-80.76109643,39155.0,0.0,0.0,3525.7154979946863,2.2779369627507164,6821,6752,155,0,6597,6497,198627,228,4,0,224,255
2020-12-04,US,Ohio,Tuscarawas,4154,80,0,40.44214695,-81.47226262,39157.0,0.0,0.0,4515.855501320839,1.9258545979778527,4074,4059,80,0,3979,3995,92176,95,0,0,95,64
2020-12-04,US,Ohio,Union,2385,14,0,40.30016061,-83.37239023,39159.0,0.0,0.0,4043.195226147691,0.5870020964360587,2371,2322,13,0,2309,2261,57835,63,1,0,62,61
2020-12-04,US,Ohio,Van Wert,1159,18,0,40.8554138,-84.59111700000003,39161.0,0.0,0.0,4099.027409372237,1.5530629853321833,1141,1141,18,0,1123,1108,28281,18,0,0,18,33
2020-12-04,US,Ohio,Vinton,317,6,0,39.25208988,-82.4831444,39163.0,0.0,0.0,2422.6213221245707,1.892744479495268,311,299,6,0,293,284,13139,18,0,0,18,15
2020-12-04,US,Ohio,Warren,10193,86,0,39.42581994,-84.16557457,39165.0,0.0,0.0,4344.80524462707,0.8437162758756009,10107,9943,81,0,9862,9704,232173,250,5,0,245,239
2020-12-04,US,Ohio,Washington,1752,29,0,39.45690571,-81.49121382,39167.0,0.0,0.0,2924.3377676887385,1.6552511415525115,1723,1641,29,0,1612,1547,60155,111,0,0,111,94
2020-12-04,US,Ohio,Wayne,3953,110,0,40.82925852,-81.88844833,39169.0,0.0,0.0,3416.299369112436,2.7826966860612194,3843,3838,108,0,3730,3738,115967,115,2,0,113,100
2020-12-04,US,Ohio,Williams,1375,12,0,41.56052014,-84.58429552,39171.0,0.0,0.0,3747.410879755805,0.8727272727272727,1363,1329,12,0,1317,1282,36804,46,0,0,46,47
2020-12-04,US,Ohio,Wood,5523,114,0,41.36224827,-83.62285108,39173.0,0.0,0.0,4221.928342646598,2.064095600217273,5409,5434,113,0,5321,5367,130696,89,1,0,88,67
2020-12-04,US,Ohio,Wyandot,906,20,0,40.84339621,-83.30734173,39175.0,0.0,0.0,4161.30810214955,2.207505518763797,886,880,19,0,861,852,21935,26,1,0,25,28
2020-12-04,US,Oklahoma,Adair,1294,13,0,35.88494195,-94.65859267,40001.0,0.0,0.0,5830.4046138595995,1.0046367851622875,1281,1272,13,0,1259,1251,22082,22,0,0,22,21
2020-12-04,US,Oklahoma,Alfalfa,406,1,0,36.73090616,-98.32408495,40003.0,0.0,0.0,7120.308663626797,0.24630541871921185,405,402,1,0,401,400,5754,4,0,0,4,2
2020-12-04,US,Oklahoma,Atoka,905,1,0,34.37366573,-96.03802487,40005.0,0.0,0.0,6577.990987062073,0.11049723756906077,904,896,1,0,895,885,13838,9,0,0,9,11
2020-12-04,US,Oklahoma,Beaver,226,2,0,36.7496847,-100.4758872,40007.0,0.0,0.0,4255.31914893617,0.8849557522123894,224,222,2,0,220,216,5319,4,0,0,4,6
2020-12-04,US,Oklahoma,Beckham,1434,17,0,35.26862449,-99.68128023,40009.0,0.0,0.0,6560.22690882474,1.185495118549512,1417,1415,17,0,1398,1415,21709,19,0,0,19,0
2020-12-04,US,Oklahoma,Blaine,447,2,0,35.87518314,-98.43307003,40011.0,0.0,0.0,4740.693604836144,0.44742729306487694,445,433,2,0,431,426,9485,14,0,0,14,7
2020-12-04,US,Oklahoma,Bryan,2952,24,0,33.96472458,-96.25903472,40013.0,0.0,0.0,6150.640691738723,0.8130081300813008,2928,2909,23,0,2886,2880,47192,43,1,0,42,29
2020-12-04,US,Oklahoma,Caddo,2091,34,0,35.17364557,-98.37534464,40015.0,0.0,0.0,7270.009039705166,1.6260162601626016,2057,2030,33,0,1997,1994,28977,61,1,0,60,36
2020-12-04,US,Oklahoma,Canadian,7479,34,0,35.5426055,-97.98465569,40017.0,0.0,0.0,5042.951734926436,0.454606230779516,7445,7320,34,0,7286,7258,144447,159,0,0,159,62
2020-12-04,US,Oklahoma,Carter,1810,15,0,34.25103751,-97.28552485,40019.0,0.0,0.0,3762.133399846189,0.8287292817679558,1795,1786,15,0,1771,1778,48177,24,0,0,24,8
2020-12-04,US,Oklahoma,Cherokee,2453,11,0,35.90692775,-94.99980896,40021.0,0.0,0.0,5041.41233532688,0.4484304932735426,2442,2406,11,0,2395,2375,48675,47,0,0,47,31
2020-12-04,US,Oklahoma,Choctaw,740,4,0,34.02807439,-95.54771129,40023.0,0.0,0.0,5043.620501635769,0.5405405405405406,736,733,4,0,729,727,14668,7,0,0,7,6
2020-12-04,US,Oklahoma,Cimarron,82,0,0,36.74817177,-102.5173885,40025.0,0.0,0.0,3837.1548900327557,0.0,82,78,0,0,78,78,2153,4,0,0,4,0
2020-12-04,US,Oklahoma,Cleveland,13814,131,0,35.20413532,-97.32519562,40027.0,0.0,0.0,4863.8447400480245,0.9483133053424062,13683,13392,131,0,13261,13287,281669,422,0,0,422,105
2020-12-04,US,Oklahoma,Coal,330,2,0,34.58840127,-96.29798747,40029.0,0.0,0.0,6005.459508644222,0.6060606060606061,328,329,2,0,327,325,5520,1,0,0,1,4
2020-12-04,US,Oklahoma,Comanche,5171,35,0,34.65973764,-98.47195055,40031.0,0.0,0.0,4282.437121632477,0.6768516727905628,5136,5043,35,0,5008,4989,120422,128,0,0,128,54
2020-12-04,US,Oklahoma,Cotton,279,4,0,34.28845626,-98.37053567,40033.0,0.0,0.0,4924.108718672786,1.4336917562724014,275,270,4,0,266,267,5776,9,0,0,9,3
2020-12-04,US,Oklahoma,Craig,1000,3,0,36.76268118,-95.20916602,40035.0,0.0,0.0,7071.135624381274,0.3,997,969,3,0,966,964,14306,31,0,0,31,5
2020-12-04,US,Oklahoma,Creek,2856,52,0,35.90230551,-96.37086028,40037.0,0.0,0.0,3993.176924582646,1.8207282913165264,2804,2778,52,0,2726,2755,71604,78,0,0,78,23
2020-12-04,US,Oklahoma,Custer,2198,17,0,35.63853802,-99.00170785,40039.0,0.0,0.0,7578.526359342138,0.7734303912647862,2181,2146,17,0,2129,2083,29036,52,0,0,52,63
2020-12-04,US,Oklahoma,Delaware,2030,39,0,36.40823634,-94.80325046,40041.0,0.0,0.0,4719.942337650259,1.9211822660098523,1991,1993,39,0,1954,1966,42733,37,0,0,37,27
2020-12-04,US,Oklahoma,Dewey,268,1,0,35.98772922,-99.00730714,40043.0,0.0,0.0,5479.45205479452,0.373134328358209,267,250,1,0,249,241,4894,18,0,0,18,9
2020-12-04,US,Oklahoma,Ellis,233,0,0,36.218019399999996,-99.75324573,40045.0,0.0,0.0,6037.833635656905,0.0,233,225,0,0,225,222,3952,8,0,0,8,3
2020-12-04,US,Oklahoma,Garfield,4168,37,0,36.3791334,-97.78265517,40047.0,0.0,0.0,6826.519916142559,0.8877159309021113,4131,4086,37,0,4049,4077,60913,82,0,0,82,9
2020-12-04,US,Oklahoma,Garvin,1671,17,0,34.70418038,-97.30811132,40049.0,0.0,0.0,6030.096351629317,1.017354877318971,1654,1644,16,0,1628,1636,27811,27,1,0,26,8
2020-12-04,US,Oklahoma,Grady,2916,23,0,35.0167709,-97.88339847,40051.0,0.0,0.0,5222.62420747215,0.7887517146776406,2893,2832,23,0,2809,2803,55551,84,0,0,84,29
2020-12-04,US,Oklahoma,Grant,227,5,0,36.796296999999996,-97.78638765,40053.0,0.0,0.0,5238.864528040618,2.202643171806167,222,214,5,0,209,214,4326,13,0,0,13,0
2020-12-04,US,Oklahoma,Greer,287,8,0,34.93535801,-99.56056120000001,40055.0,0.0,0.0,5024.509803921569,2.787456445993032,279,284,8,0,276,279,5821,3,0,0,3,5
2020-12-04,US,Oklahoma,Harmon,132,0,0,34.7440135,-99.84741652,40057.0,0.0,0.0,4975.499434602337,0.0,132,122,0,0,122,108,2664,10,0,0,10,14
2020-12-04,US,Oklahoma,Harper,261,2,0,36.78836519,-99.6679804,40059.0,0.0,0.0,7077.006507592191,0.7662835249042146,259,240,2,0,238,240,3797,21,0,0,21,0
2020-12-04,US,Oklahoma,Haskell,658,7,0,35.22257600000001,-95.11513306,40061.0,0.0,0.0,5211.055674348619,1.0638297872340423,651,655,7,0,648,653,12668,3,0,0,3,2
2020-12-04,US,Oklahoma,Hughes,623,8,0,35.04912569,-96.24921145,40063.0,0.0,0.0,4691.6183447548765,1.2841091492776886,615,614,8,0,606,611,13335,9,0,0,9,3
2020-12-04,US,Oklahoma,Jackson,1966,35,0,34.58781741,-99.41138784,40065.0,0.0,0.0,8014.6759070525895,1.780264496439471,1931,1946,34,0,1912,1938,24949,20,1,0,19,8
2020-12-04,US,Oklahoma,Jefferson,246,2,0,34.11130184,-97.83182974,40067.0,0.0,0.0,4098.633788737086,0.8130081300813008,244,236,2,0,234,230,6123,10,0,0,10,6
2020-12-04,US,Oklahoma,Johnston,559,5,0,34.31440473,-96.66011537,40069.0,0.0,0.0,5042.850699142986,0.8944543828264758,554,552,5,0,547,548,10949,7,0,0,7,4
2020-12-04,US,Oklahoma,Kay,2032,26,0,36.81799745,-97.14421435,40071.0,0.0,0.0,4667.187284670862,1.279527559055118,2006,1970,26,0,1944,1944,44161,62,0,0,62,26
2020-12-04,US,Oklahoma,Kingfisher,962,7,0,35.94530008,-97.94193268,40073.0,0.0,0.0,6102.124960355217,0.7276507276507277,955,942,7,0,935,932,15816,20,0,0,20,10
2020-12-04,US,Oklahoma,Kiowa,408,7,0,34.91671958,-98.97720696,40075.0,0.0,0.0,4685.346807533303,1.7156862745098038,401,398,6,0,392,391,8729,10,1,0,9,7
2020-12-04,US,Oklahoma,Latimer,319,4,0,34.87844729,-95.25215049,40077.0,0.0,0.0,3166.881763129157,1.2539184952978055,315,318,4,0,314,315,10231,1,0,0,1,3
2020-12-04,US,Oklahoma,Le Flore,2590,27,0,34.89851864,-94.70392124,40079.0,0.0,0.0,5195.274105871262,1.0424710424710424,2563,2541,26,0,2515,2505,49980,49,1,0,48,36
2020-12-04,US,Oklahoma,Lincoln,1459,26,0,35.70270942,-96.8812462,40081.0,0.0,0.0,4183.272643862718,1.7820424948594928,1433,1412,26,0,1386,1397,34920,47,0,0,47,15
2020-12-04,US,Oklahoma,Logan,1673,4,0,35.91899576,-97.44352845,40083.0,0.0,0.0,3484.6181083501697,0.2390914524805738,1669,1613,3,0,1610,1603,47291,60,1,0,59,10
2020-12-04,US,Oklahoma,Love,643,1,0,33.95273467,-97.23906784,40085.0,0.0,0.0,6271.3352189603065,0.15552099533437014,642,626,1,0,625,618,10134,17,0,0,17,8
2020-12-04,US,Oklahoma,Major,551,4,0,36.31149996,-98.53467076,40093.0,0.0,0.0,7222.440686852798,0.7259528130671506,547,536,4,0,532,534,7644,15,0,0,15,2
2020-12-04,US,Oklahoma,Marshall,816,4,0,34.02311222,-96.76855464,40095.0,0.0,0.0,4819.56175063493,0.4901960784313725,812,794,4,0,790,787,16806,22,0,0,22,7
2020-12-04,US,Oklahoma,Mayes,1726,21,0,36.30179091,-95.23175116,40097.0,0.0,0.0,4199.513381995133,1.216685979142526,1705,1694,19,0,1675,1662,41107,32,2,0,30,32
2020-12-04,US,Oklahoma,McClain,2628,17,0,35.01123903,-97.44572302,40087.0,0.0,0.0,6493.057271334684,0.6468797564687976,2611,2549,17,0,2532,2531,39985,79,0,0,79,18
2020-12-04,US,Oklahoma,McCurtain,2351,46,0,34.11664328,-94.77222373,40089.0,0.0,0.0,7160.696881091618,1.9566142067205443,2305,2343,45,0,2298,2330,32703,8,1,0,7,13
2020-12-04,US,Oklahoma,McIntosh,875,13,0,35.37235506,-95.66599306,40091.0,0.0,0.0,4465.196978975301,1.4857142857142858,862,855,13,0,842,847,19815,20,0,0,20,8
2020-12-04,US,Oklahoma,Murray,694,6,0,34.48116015,-97.06826283,40099.0,0.0,0.0,4931.428977474598,0.8645533141210374,688,674,6,0,668,672,13953,20,0,0,20,2
2020-12-04,US,Oklahoma,Muskogee,4495,34,0,35.61318461,-95.37802952,40101.0,0.0,0.0,6610.585761136521,0.7563959955506118,4461,4397,34,0,4363,4369,68362,98,0,0,98,28
2020-12-04,US,Oklahoma,Noble,590,4,0,36.38953329,-97.22928674,40103.0,0.0,0.0,5300.512083370766,0.6779661016949152,586,574,4,0,570,563,11289,16,0,0,16,11
2020-12-04,US,Oklahoma,Nowata,453,5,0,36.79843529,-95.61902331,40105.0,0.0,0.0,4495.831679237793,1.1037527593818983,448,438,5,0,433,436,10218,15,0,0,15,2
2020-12-04,US,Oklahoma,Okfuskee,1074,14,0,35.46485198,-96.32639984,40107.0,0.0,0.0,8955.223880597017,1.303538175046555,1060,1061,13,0,1048,1059,12098,13,1,0,12,2
2020-12-04,US,Oklahoma,Oklahoma,42872,320,0,35.55140095,-97.40716948,40109.0,0.0,0.0,5376.244303603809,0.7464079119238664,42552,41709,315,0,41394,41494,792582,1163,5,0,1158,215
2020-12-04,US,Oklahoma,Okmulgee,1882,22,0,35.64661916,-95.96432828,40111.0,0.0,0.0,4892.759651631353,1.1689691817215728,1860,1868,22,0,1846,1855,38335,14,0,0,14,13
2020-12-04,US,Oklahoma,Osage,2132,19,0,36.62888819,-96.39635704,40113.0,0.0,0.0,4539.74405382961,0.8911819887429644,2113,2087,18,0,2069,2057,47014,45,1,0,44,30
2020-12-04,US,Oklahoma,Ottawa,1864,24,0,36.83532655,-94.81011909,40115.0,0.0,0.0,5988.370225206412,1.2875536480686696,1840,1823,24,0,1799,1790,31175,41,0,0,41,33
2020-12-04,US,Oklahoma,Pawnee,633,9,0,36.31743373,-96.70331759999999,40117.0,0.0,0.0,3865.412799218369,1.4218009478672986,624,625,9,0,616,610,16390,8,0,0,8,15
2020-12-04,US,Oklahoma,Payne,4468,21,0,36.07695283,-96.97584944,40119.0,0.0,0.0,5463.171280446053,0.4700089525514772,4447,4373,21,0,4352,4326,82040,95,0,0,95,47
2020-12-04,US,Oklahoma,Pittsburg,1988,21,0,34.92065823,-95.75134320000001,40121.0,0.0,0.0,4553.992761258991,1.056338028169014,1967,1959,21,0,1938,1946,43877,29,0,0,29,13
2020-12-04,US,Oklahoma,Pontotoc,2105,15,0,34.72959848,-96.68337199,40123.0,0.0,0.0,5498.380524501097,0.7125890736342043,2090,2075,14,0,2061,2065,38247,30,1,0,29,10
2020-12-04,US,Oklahoma,Pottawatomie,3871,23,0,35.20614018,-96.94923008,40125.0,0.0,0.0,5332.5435309676,0.5941617153190389,3848,3737,23,0,3714,3721,72679,134,0,0,134,16
2020-12-04,US,Oklahoma,Pushmataha,431,6,0,34.41635232,-95.37603505,40127.0,0.0,0.0,3884.282624369142,1.3921113689095128,425,430,6,0,424,428,11179,1,0,0,1,2
2020-12-04,US,Oklahoma,Roger Mills,187,5,0,35.68711719,-99.69666167,40129.0,0.0,0.0,5219.090147920737,2.6737967914438503,182,179,5,0,174,172,3656,8,0,0,8,7
2020-12-04,US,Oklahoma,Rogers,4399,68,0,36.37004357,-95.60406759,40131.0,0.0,0.0,4757.784531522079,1.5458058649693112,4331,4272,66,0,4206,4218,91984,127,2,0,125,54
2020-12-04,US,Oklahoma,Seminole,1301,12,0,35.16478725,-96.61686741,40133.0,0.0,0.0,5363.179157391376,0.9223674096848578,1289,1282,12,0,1270,1280,24578,19,0,0,19,2
2020-12-04,US,Oklahoma,Sequoyah,1881,14,0,35.49447108,-94.75463785,40135.0,0.0,0.0,4525.006615506748,0.7442849548112705,1867,1853,14,0,1839,1837,41179,28,0,0,28,16
2020-12-04,US,Oklahoma,Stephens,1868,19,0,34.48556989,-97.85141892,40137.0,0.0,0.0,4329.786987460307,1.0171306209850106,1849,1834,19,0,1815,1795,43265,34,0,0,34,39
2020-12-04,US,Oklahoma,Texas,2511,13,0,36.74777635,-101.4889765,40139.0,0.0,0.0,12565.680828704399,0.5177220230983672,2498,2467,13,0,2454,2446,20455,44,0,0,44,21
2020-12-04,US,Oklahoma,Tillman,375,7,0,34.37288446,-98.92426619,40141.0,0.0,0.0,5172.4137931034475,1.8666666666666667,368,362,7,0,355,355,7348,13,0,0,13,7
2020-12-04,US,Oklahoma,Tulsa,35243,284,0,36.11939621,-95.94013939,40143.0,0.0,0.0,5409.084769903247,0.8058337825951253,34959,34519,282,0,34237,34288,648360,724,2,0,722,231
2020-12-04,US,Oklahoma,Unassigned,71,0,0,0.0,0.0,90040.0,0.0,0.0,0.0,0.0,71,84,0,0,84,65,,0,0,0,-13,19
2020-12-04,US,Oklahoma,Wagoner,2977,37,0,35.96024096,-95.51911308,40145.0,0.0,0.0,3662.2421237805847,1.2428619415518978,2940,2939,37,0,2902,2904,80110,38,0,0,38,35
2020-12-04,US,Oklahoma,Washington,2165,49,0,36.71380786,-95.90514104,40147.0,0.0,0.0,4201.680672268908,2.2632794457274827,2116,2114,48,0,2066,2101,51843,51,1,0,50,13
2020-12-04,US,Oklahoma,Washita,497,2,0,35.29071824,-98.99180434,40149.0,0.0,0.0,4552.949798460974,0.4024144869215292,495,466,2,0,464,454,11127,31,0,0,31,12
2020-12-04,US,Oklahoma,Woods,587,1,0,36.76705782,-98.86573064,40151.0,0.0,0.0,6675.764812919368,0.17035775127768313,586,572,1,0,571,563,8897,15,0,0,15,9
2020-12-04,US,Oklahoma,Woodward,2016,8,0,36.42316318,-99.26283045,40153.0,0.0,0.0,9974.766216416805,0.3968253968253968,2008,1962,7,0,1955,1957,20222,54,1,0,53,5
2020-12-04,US,Oregon,Baker,316,4,0,44.70915557,-117.6749883,41001.0,0.0,0.0,1959.8114611758872,1.2658227848101269,312,301,4,0,297,291,16006,15,0,0,15,10
2020-12-04,US,Oregon,Benton,877,7,0,44.49167306,-123.4316987,41003.0,0.0,0.0,942.4736440523143,0.7981755986316991,870,855,7,0,848,845,92101,22,0,0,22,10
2020-12-04,US,Oregon,Clackamas,7012,83,0,45.18787398,-122.2179634,41005.0,0.0,0.0,1676.76183142948,1.183685111237878,6929,6841,83,0,6758,6727,416075,171,0,0,171,114
2020-12-04,US,Oregon,Clatsop,397,0,0,45.99712889,-123.660711,41007.0,0.0,0.0,986.9729514717584,0.0,397,382,0,0,382,373,39764,15,0,0,15,9
2020-12-04,US,Oregon,Columbia,552,4,0,45.94464254,-123.08908980000001,41009.0,0.0,0.0,1054.3606983229554,0.7246376811594203,548,544,4,0,540,539,52377,8,0,0,8,5
2020-12-04,US,Oregon,Coos,487,3,0,43.17406868,-124.0594514,41011.0,0.0,0.0,755.1909687223781,0.6160164271047228,484,458,3,0,455,453,64389,29,0,0,29,5
2020-12-04,US,Oregon,Crook,268,6,0,44.14230227,-120.356297,41013.0,0.0,0.0,1098.1806261268644,2.238805970149253,262,248,6,0,242,244,23867,20,0,0,20,4
2020-12-04,US,Oregon,Curry,159,2,0,42.45911325,-124.15728200000001,41015.0,0.0,0.0,693.5659760087241,1.2578616352201255,157,153,2,0,151,146,22813,6,0,0,6,7
2020-12-04,US,Oregon,Deschutes,2685,15,0,43.91570171,-121.2289121,41017.0,0.0,0.0,1358.173320114117,0.5586592178770949,2670,2558,15,0,2543,2517,191996,127,0,0,127,41
2020-12-04,US,Oregon,Douglas,1026,20,0,43.27941273,-123.16729099999999,41019.0,0.0,0.0,924.4908992611279,1.9493177387914231,1006,998,19,0,979,981,110283,28,1,0,27,17
2020-12-04,US,Oregon,Gilliam,24,0,0,45.37160076,-120.20488689999999,41021.0,0.0,0.0,1255.2301255230125,0.0,24,23,0,0,23,23,1894,1,0,0,1,0
2020-12-04,US,Oregon,Grant,142,1,0,44.49024544,-119.0068631,41023.0,0.0,0.0,1972.4961800250035,0.7042253521126759,141,139,1,0,138,138,7176,3,0,0,3,1
2020-12-04,US,Oregon,Harney,108,1,0,43.06422669,-118.96663059999999,41025.0,0.0,0.0,1460.8413363992966,0.925925925925926,107,105,1,0,104,104,7329,3,0,0,3,1
2020-12-04,US,Oregon,Hood River,460,3,0,45.51872811,-121.65520359999998,41027.0,0.0,0.0,1967.3252929603968,0.6521739130434783,457,434,3,0,431,430,23428,26,0,0,26,4
2020-12-04,US,Oregon,Jackson,4201,41,0,42.43201126,-122.72893090000001,41029.0,0.0,0.0,1901.3867767398074,0.9759581052130444,4160,4028,38,0,3990,4017,219564,173,3,0,170,11
2020-12-04,US,Oregon,Jefferson,912,11,0,44.62806839,-121.17832,41031.0,0.0,0.0,3698.596804282585,1.2061403508771928,901,878,11,0,867,874,24192,34,0,0,34,4
2020-12-04,US,Oregon,Josephine,616,5,0,42.3665549,-123.5561938,41033.0,0.0,0.0,704.1046098277458,0.8116883116883117,611,579,5,0,574,578,87393,37,0,0,37,1
2020-12-04,US,Oregon,Klamath,1043,7,0,42.68762984,-121.64964609999998,41035.0,0.0,0.0,1528.4738708637415,0.6711409395973155,1036,947,5,0,942,926,67653,96,2,0,94,21
2020-12-04,US,Oregon,Lake,145,1,0,42.79246693,-120.38501629999999,41037.0,0.0,0.0,1842.6737831998985,0.6896551724137931,144,145,1,0,144,143,7879,0,0,0,0,2
2020-12-04,US,Oregon,Lane,4706,52,0,43.93727035,-122.847753,41039.0,0.0,0.0,1231.7211379156013,1.1049723756906078,4654,4586,50,0,4536,4507,379611,120,2,0,118,79
2020-12-04,US,Oregon,Lincoln,678,16,0,44.64252874,-123.86991200000001,41041.0,0.0,0.0,1357.0313438213045,2.359882005899705,662,670,15,0,655,665,49388,8,1,0,7,5
2020-12-04,US,Oregon,Linn,1704,24,0,44.48899494,-122.53731540000001,41043.0,0.0,0.0,1313.3049194984162,1.4084507042253518,1680,1641,24,0,1617,1600,127335,63,0,0,63,41
2020-12-04,US,Oregon,Malheur,2508,45,0,43.1937027,-117.62273950000001,41045.0,0.0,0.0,8203.853325046612,1.7942583732057416,2463,2472,45,0,2427,2459,30725,36,0,0,36,13
2020-12-04,US,Oregon,Marion,9933,158,0,44.90287942,-122.58151170000001,41047.0,0.0,0.0,2855.8038974406154,1.5906574046108932,9775,9745,153,0,9592,9634,346868,188,5,0,183,111
2020-12-04,US,Oregon,Morrow,693,7,0,45.41846568,-119.584546,41049.0,0.0,0.0,5972.593294837541,1.0101010101010102,686,675,7,0,668,671,11372,18,0,0,18,4
2020-12-04,US,Oregon,Multnomah,18813,263,0,45.54747959,-122.4169351,41051.0,0.0,0.0,2314.434923817901,1.3979694891830117,18550,18432,251,0,18181,18149,811880,381,12,0,369,283
2020-12-04,US,Oregon,Polk,1387,20,0,44.90322804,-123.4128888,41053.0,0.0,0.0,1611.1982343033048,1.4419610670511895,1367,1343,19,0,1324,1332,85234,44,1,0,43,11
2020-12-04,US,Oregon,Sherman,24,0,0,45.41501554,-120.6827834,41055.0,0.0,0.0,1348.314606741573,0.0,24,23,0,0,23,23,1708,1,0,0,1,0
2020-12-04,US,Oregon,Tillamook,152,0,0,45.46248721,-123.712066,41057.0,0.0,0.0,562.2133451694037,0.0,152,148,0,0,148,147,26787,4,0,0,4,1
2020-12-04,US,Oregon,Umatilla,4574,50,0,45.59073056,-118.7353826,41059.0,0.0,0.0,5867.8640153944825,1.0931351114997814,4524,4502,50,0,4452,4468,77516,72,0,0,72,34
2020-12-04,US,Oregon,Union,836,8,0,45.30915495,-118.0068979,41061.0,0.0,0.0,3115.3344512763183,0.9569377990430622,828,815,8,0,807,809,26461,21,0,0,21,6
2020-12-04,US,Oregon,Wallowa,72,3,0,45.57894064,-117.18353799999998,41063.0,0.0,0.0,998.8901220865704,4.166666666666667,69,72,3,0,69,72,7081,0,0,0,0,0
2020-12-04,US,Oregon,Wasco,575,19,0,45.16292781,-121.16709540000001,41065.0,0.0,0.0,2155.0108687504685,3.3043478260869565,556,554,19,0,535,543,26505,21,0,0,21,11
2020-12-04,US,Oregon,Washington,11493,107,0,45.55972701,-123.0955257,41067.0,0.0,0.0,1910.4309897738,0.9310014791612286,11386,11175,104,0,11071,10929,597695,318,3,0,315,246
2020-12-04,US,Oregon,Wheeler,6,0,0,44.72698162,-120.02814270000002,41069.0,0.0,0.0,450.4504504504504,0.0,6,6,0,0,6,6,1366,0,0,0,0,0
2020-12-04,US,Oregon,Yamhill,1853,17,0,45.23330449,-123.3086963,41071.0,0.0,0.0,1730.1587301587301,0.9174311926605504,1836,1818,17,0,1801,1797,107002,35,0,0,35,21
2020-12-04,US,Pennsylvania,Adams,2292,49,0,39.87140411,-77.21610347,42001.0,0.0,0.0,2225.048296750769,2.137870855148342,2243,2227,49,0,2178,2096,102811,65,0,0,65,131
2020-12-04,US,Pennsylvania,Allegheny,31454,560,0,40.46809875,-79.98167747,42003.0,0.0,0.0,2586.581911031253,1.7803776944108858,30894,30543,551,0,29992,29515,1218452,911,9,0,902,1028
2020-12-04,US,Pennsylvania,Armstrong,1984,46,0,40.81665618,-79.46290811,42005.0,0.0,0.0,3064.8026569861745,2.318548387096774,1938,1900,46,0,1854,1870,65263,84,0,0,84,30
2020-12-04,US,Pennsylvania,Beaver,4554,163,0,40.6825484,-80.34921611,42007.0,0.0,0.0,2778.0319528576397,3.5792709705753185,4391,4422,160,0,4262,4218,164742,132,3,0,129,204
2020-12-04,US,Pennsylvania,Bedford,1737,44,0,40.00522157,-78.48998442,42009.0,0.0,0.0,3627.213498162379,2.533103051237766,1693,1683,40,0,1643,1635,48176,54,4,0,50,48
2020-12-04,US,Pennsylvania,Berks,15136,470,0,40.41570541,-75.92457766,42011.0,0.0,0.0,3593.8494268266045,3.1051797040169133,14666,14810,467,0,14343,14347,420152,326,3,0,323,463
2020-12-04,US,Pennsylvania,Blair,4725,78,0,40.47961444,-78.34917412,42013.0,0.0,0.0,3878.386919370593,1.6507936507936507,4647,4607,73,0,4534,4509,122492,118,5,0,113,98
2020-12-04,US,Pennsylvania,Bradford,2049,43,0,41.78869215,-76.51570822,42015.0,0.0,0.0,3396.714354392189,2.09858467545144,2006,2008,42,0,1966,1970,60833,41,1,0,40,38
2020-12-04,US,Pennsylvania,Bucks,19654,716,0,40.33682119,-75.10836643,42017.0,0.0,0.0,3128.27287631114,3.6430243207489568,18938,18925,711,0,18214,18296,628195,729,5,0,724,629
2020-12-04,US,Pennsylvania,Butler,5087,85,0,40.91152759,-79.91351055,42019.0,0.0,0.0,2707.9684647037843,1.6709258895223118,5002,4894,82,0,4812,4750,187888,193,3,0,190,144
2020-12-04,US,Pennsylvania,Cambria,5209,89,0,40.49527404,-78.71377428,42021.0,0.0,0.0,4001.013887182008,1.7085813015933962,5120,4934,76,0,4858,4795,131730,275,13,0,262,139
2020-12-04,US,Pennsylvania,Cameron,32,0,0,41.43625568,-78.20376845,42023.0,0.0,0.0,719.5862379132001,0.0,32,30,0,0,30,29,4492,2,0,0,2,1
2020-12-04,US,Pennsylvania,Carbon,1550,57,0,40.91545395,-75.7068525,42025.0,0.0,0.0,2415.007322925431,3.6774193548387095,1493,1458,57,0,1401,1421,64227,92,0,0,92,37
2020-12-04,US,Pennsylvania,Centre,6657,73,0,40.92058903,-77.82200624,42027.0,0.0,0.0,4099.516580964991,1.096590055580592,6584,6538,68,0,6470,6473,162805,119,5,0,114,65
2020-12-04,US,Pennsylvania,Chester,13248,416,0,39.97291773,-75.74768357,42029.0,0.0,0.0,2523.48144437312,3.1400966183574885,12832,12841,413,0,12428,12263,522046,407,3,0,404,578
2020-12-04,US,Pennsylvania,Clarion,1144,11,0,41.19265812,-79.42413524,42031.0,0.0,0.0,2976.2214475258857,0.9615384615384616,1133,1098,11,0,1087,1070,38779,46,0,0,46,28
2020-12-04,US,Pennsylvania,Clearfield,2047,19,0,41.00110782,-78.47592663,42033.0,0.0,0.0,2582.8023468550878,0.9281875915974596,2028,1933,19,0,1914,1867,79388,114,0,0,114,66
2020-12-04,US,Pennsylvania,Clinton,850,12,0,41.23255967,-77.63785995,42035.0,0.0,0.0,2200.2484986539653,1.4117647058823528,838,822,11,0,811,792,38684,28,1,0,27,30
2020-12-04,US,Pennsylvania,Columbia,1584,51,0,41.04821986,-76.40565017,42037.0,0.0,0.0,2438.273505326027,3.2196969696969697,1533,1546,51,0,1495,1508,65456,38,0,0,38,38
2020-12-04,US,Pennsylvania,Crawford,2284,27,0,41.68447709,-80.10760592,42039.0,0.0,0.0,2698.8384596296787,1.1821366024518392,2257,2221,25,0,2196,2126,85063,63,2,0,61,95
2020-12-04,US,Pennsylvania,Cumberland,5973,161,0,40.1625372,-77.26130755,42041.0,0.0,0.0,2357.4219520858824,2.695462916457392,5812,5725,155,0,5570,5421,251423,248,6,0,242,304
2020-12-04,US,Pennsylvania,Dauphin,8618,224,0,40.41377078,-76.77993242,42043.0,0.0,0.0,3096.669409519977,2.599210953817591,8394,8464,222,0,8242,8119,277097,154,2,0,152,345
2020-12-04,US,Pennsylvania,Delaware,21560,812,0,39.91680171,-75.40243663,42045.0,0.0,0.0,3804.1665857957782,3.7662337662337664,20748,21211,808,0,20403,20762,564751,349,4,0,345,449
2020-12-04,US,Pennsylvania,Elk,613,8,0,41.42822061,-78.64524744,42047.0,0.0,0.0,2049.4817786693416,1.3050570962479608,605,593,7,0,586,582,30169,20,1,0,19,11
2020-12-04,US,Pennsylvania,Erie,6275,81,0,41.99253829,-80.03301954,42049.0,0.0,0.0,2326.417724522482,1.290836653386454,6194,6053,74,0,5979,5798,272061,222,7,0,215,255
2020-12-04,US,Pennsylvania,Fayette,2567,26,0,39.92041012,-79.64291195,42051.0,0.0,0.0,1985.7047820907528,1.0128554733151538,2541,2464,22,0,2442,2376,130441,103,4,0,99,88
2020-12-04,US,Pennsylvania,Forest,106,1,0,41.51095103,-79.23229292,42053.0,0.0,0.0,1462.6742100179385,0.9433962264150944,105,107,1,0,106,102,7279,0,0,0,-1,5
2020-12-04,US,Pennsylvania,Franklin,5232,128,0,39.92956518,-77.72157791,42055.0,0.0,0.0,3374.895985860528,2.4464831804281344,5104,5043,125,0,4918,4801,154835,189,3,0,186,242
2020-12-04,US,Pennsylvania,Fulton,356,7,0,39.92913544,-78.11163677,42057.0,0.0,0.0,2450.1032346868546,1.9662921348314608,349,340,7,0,333,314,14523,16,0,0,16,26
2020-12-04,US,Pennsylvania,Greene,841,5,0,39.85746531,-80.22357106,42059.0,0.0,0.0,2321.088510473877,0.5945303210463734,836,797,5,0,792,784,36506,44,0,0,44,13
2020-12-04,US,Pennsylvania,Huntingdon,1874,62,0,40.42162652,-77.97673273,42061.0,0.0,0.0,4151.1607301080985,3.308431163287086,1812,1826,61,0,1765,1787,45168,48,1,0,47,39
2020-12-04,US,Pennsylvania,Indiana,2797,51,0,40.65241041,-79.08963285,42063.0,0.0,0.0,3326.870695704923,1.823382195209153,2746,2709,48,0,2661,2657,84501,88,3,0,85,52
2020-12-04,US,Pennsylvania,Jefferson,984,7,0,41.12913106,-78.9986361,42065.0,0.0,0.0,2265.9758203799656,0.7113821138211383,977,938,7,0,931,885,43641,46,0,0,46,53
2020-12-04,US,Pennsylvania,Juniata,789,17,0,40.53358749,-77.39975129999998,42067.0,0.0,0.0,3186.2052255381013,2.1546261089987326,772,773,15,0,758,757,24704,16,2,0,14,16
2020-12-04,US,Pennsylvania,Lackawanna,5588,233,0,41.43564672,-75.60379201,42069.0,0.0,0.0,2665.089615307573,4.1696492483894065,5355,5470,233,0,5237,5365,210793,118,0,0,118,105
2020-12-04,US,Pennsylvania,Lancaster,18478,545,0,40.03904563,-76.24770128,42071.0,0.0,0.0,3385.9606687629644,2.9494534040480573,17933,17758,540,0,17218,17380,543557,720,5,0,715,378
2020-12-04,US,Pennsylvania,Lawrence,2503,75,0,40.99206278,-80.33393706,42073.0,0.0,0.0,2927.074562634484,2.9964043148222133,2428,2441,71,0,2370,2330,86184,62,4,0,58,111
2020-12-04,US,Pennsylvania,Lebanon,5891,119,0,40.36680311,-76.45651841,42075.0,0.0,0.0,4154.647972749008,2.0200305550840265,5772,5754,114,0,5640,5550,141314,137,5,0,132,204
2020-12-04,US,Pennsylvania,Lehigh,12554,395,0,40.6154815,-75.59435245,42077.0,0.0,0.0,3399.2385965482317,3.146407519515692,12159,12070,392,0,11678,11868,368100,484,3,0,481,202
2020-12-04,US,Pennsylvania,Luzerne,10758,309,0,41.17823008,-75.98447579,42079.0,0.0,0.0,3389.2324607692717,2.8722810931399887,10449,10460,304,0,10156,10098,317646,298,5,0,293,362
2020-12-04,US,Pennsylvania,Lycoming,2600,47,0,41.34310539,-77.06629984,42081.0,0.0,0.0,2294.812840360463,1.807692307692308,2553,2510,44,0,2466,2315,113664,90,3,0,87,195
2020-12-04,US,Pennsylvania,McKean,562,4,0,41.80938602,-78.56478358,42083.0,0.0,0.0,1383.3846153846155,0.7117437722419929,558,535,4,0,531,525,40968,27,0,0,27,10
2020-12-04,US,Pennsylvania,Mercer,3285,57,0,41.30248872,-80.25816981,42085.0,0.0,0.0,3002.083637958766,1.735159817351598,3228,3209,53,0,3156,3059,110683,76,4,0,72,150
2020-12-04,US,Pennsylvania,Mifflin,2054,47,0,40.61116939,-77.61070738,42087.0,0.0,0.0,4451.861805886689,2.2882181110029207,2007,2000,45,0,1955,1861,46222,54,2,0,52,139
2020-12-04,US,Pennsylvania,Monroe,3802,158,0,41.05934058,-75.34031025,42089.0,0.0,0.0,2232.911065301784,4.1557075223566535,3644,3663,155,0,3508,3557,169507,139,3,0,136,106
2020-12-04,US,Pennsylvania,Montgomery,23916,955,0,40.21053671,-75.36652296,42091.0,0.0,0.0,2878.2727475132842,3.9931426659976585,22961,23307,954,0,22353,22618,828604,609,1,0,608,689
2020-12-04,US,Pennsylvania,Montour,781,16,0,41.03023987,-76.66345939,42093.0,0.0,0.0,4284.147010422381,2.0486555697823303,765,664,15,0,649,525,18240,117,1,0,116,139
2020-12-04,US,Pennsylvania,Northampton,10036,343,0,40.75182733,-75.30471829,42095.0,0.0,0.0,3287.419951848273,3.417696293343962,9693,9632,340,0,9292,9444,304807,404,3,0,401,188
2020-12-04,US,Pennsylvania,Northumberland,2940,139,0,40.84785433,-76.70798222,42097.0,0.0,0.0,3236.352828506324,4.727891156462585,2801,2861,136,0,2725,2771,91083,79,3,0,76,90
2020-12-04,US,Pennsylvania,Perry,778,14,0,40.40206612,-77.26297447,42099.0,0.0,0.0,1681.3623789764868,1.7994858611825193,764,753,14,0,739,711,46139,25,0,0,25,42
2020-12-04,US,Pennsylvania,Philadelphia,72314,2033,0,40.00338507,-75.1379271,42101.0,0.0,0.0,4565.093329562442,2.811350499211771,70281,70476,2005,0,68471,69630,1584138,1838,28,0,1810,846
2020-12-04,US,Pennsylvania,Pike,923,27,0,41.33155042,-75.03208106,42103.0,0.0,0.0,1653.85511297461,2.9252437703141934,896,900,27,0,873,883,55933,23,0,0,23,17
2020-12-04,US,Pennsylvania,Potter,321,6,0,41.74471626,-77.89559864,42105.0,0.0,0.0,1942.393803703256,1.8691588785046729,315,307,6,0,301,278,16622,14,0,0,14,29
2020-12-04,US,Pennsylvania,Schuylkill,4487,189,0,40.70497338,-76.2150785,42107.0,0.0,0.0,3174.187706477833,4.212168486739468,4298,4345,184,0,4161,4253,142067,142,5,0,137,92
2020-12-04,US,Pennsylvania,Snyder,1156,23,0,40.77129231,-77.06840691,42109.0,0.0,0.0,2863.3706529277715,1.9896193771626296,1133,1125,22,0,1103,1076,40540,31,1,0,30,49
2020-12-04,US,Pennsylvania,Somerset,2212,21,0,39.97172723,-79.02699593,42111.0,0.0,0.0,3011.6955083257317,0.9493670886075948,2191,2106,20,0,2086,2038,73952,106,1,0,105,68
2020-12-04,US,Pennsylvania,Sullivan,77,1,0,41.44634738,-76.51246591,42113.0,0.0,0.0,1269.3702604681832,1.2987012987012987,76,75,1,0,74,73,6071,2,0,0,2,2
2020-12-04,US,Pennsylvania,Susquehanna,654,36,0,41.82147784,-75.80071959,42115.0,0.0,0.0,1621.7020432453878,5.504587155963303,618,642,35,0,607,636,40589,12,1,0,11,6
2020-12-04,US,Pennsylvania,Tioga,1163,28,0,41.77255149,-77.25433032,42117.0,0.0,0.0,2865.1671552807275,2.407566638005159,1135,1131,25,0,1106,1069,40763,32,3,0,29,62
2020-12-04,US,Pennsylvania,Union,1829,19,0,40.96188846,-77.05996014,42119.0,0.0,0.0,4071.411081183358,1.038819026790596,1810,1781,17,0,1764,1739,44785,48,2,0,46,42
2020-12-04,US,Pennsylvania,Venango,1126,11,0,41.40323442,-79.75845449,42121.0,0.0,0.0,2222.3099392121258,0.9769094138543516,1115,1095,9,0,1086,1050,51266,31,2,0,29,45
2020-12-04,US,Pennsylvania,Warren,382,1,0,41.81304978,-79.26969577,42123.0,0.0,0.0,974.7135821999948,0.2617801047120419,381,369,1,0,368,333,39498,13,0,0,13,36
2020-12-04,US,Pennsylvania,Washington,5115,75,0,40.19208869,-80.24582867,42125.0,0.0,0.0,2472.627075629033,1.4662756598240467,5040,4987,73,0,4914,4802,207346,128,2,0,126,185
2020-12-04,US,Pennsylvania,Wayne,640,12,0,41.64938475,-75.29956506,42127.0,0.0,0.0,1246.0816572886042,1.875,628,605,12,0,593,585,51276,35,0,0,35,20
2020-12-04,US,Pennsylvania,Westmoreland,10455,229,0,40.31377979999999,-79.46615476,42129.0,0.0,0.0,2996.569207707675,2.190339550454328,10226,10043,225,0,9818,9643,350611,412,4,0,408,400
2020-12-04,US,Pennsylvania,Wyoming,502,26,0,41.51955538,-76.01074915,42131.0,0.0,0.0,1873.553780697171,5.179282868525896,476,489,26,0,463,480,27046,13,0,0,13,9
2020-12-04,US,Pennsylvania,York,12777,260,0,39.9210089,-76.73040131,42133.0,0.0,0.0,2845.2894726293707,2.034906472567896,12517,12388,260,0,12128,11711,448273,389,0,0,389,677
2020-12-04,US,Puerto Rico,Adjuntas,163,0,0,18.180117000000006,-66.754367,72001.0,0.0,0.0,938.7778609687266,0.0,163,162,0,0,162,159,,1,0,0,1,3
2020-12-04,US,Puerto Rico,Aguada,461,0,0,18.360255,-67.17513100000001,72003.0,0.0,0.0,1256.3361857524392,0.0,461,459,0,0,459,459,,2,0,0,2,0
2020-12-04,US,Puerto Rico,Aguadilla,516,0,0,18.459681,-67.12081500000001,72005.0,0.0,0.0,1026.5592360489406,0.0,516,511,0,0,511,506,,5,0,0,5,5
2020-12-04,US,Puerto Rico,Aguas Buenas,343,0,0,18.251619,-66.126806,72007.0,0.0,0.0,1382.2841944063834,0.0,343,340,0,0,340,338,,3,0,0,3,2
2020-12-04,US,Puerto Rico,Aibonito,184,0,0,18.131361,-66.264131,72009.0,0.0,0.0,832.2779084494299,0.0,184,184,0,0,184,183,,0,0,0,0,1
2020-12-04,US,Puerto Rico,Anasco,320,0,0,18.287985,-67.120611,72011.0,0.0,0.0,1223.1948320018348,0.0,320,320,0,0,320,319,,0,0,0,0,1
2020-12-04,US,Puerto Rico,Arecibo,1110,0,0,18.406631,-66.675077,72013.0,0.0,0.0,1354.2200424566286,0.0,1110,1096,0,0,1096,1093,,14,0,0,14,3
2020-12-04,US,Puerto Rico,Arroyo,89,0,0,17.998457000000005,-66.056546,72015.0,0.0,0.0,516.3011950342267,0.0,89,88,0,0,88,88,,1,0,0,1,0
2020-12-04,US,Puerto Rico,Barceloneta,305,0,0,18.445532999999998,-66.56053100000001,72017.0,0.0,0.0,1285.4553883761114,0.0,305,300,0,0,300,298,,5,0,0,5,2
2020-12-04,US,Puerto Rico,Barranquitas,463,0,0,18.201592,-66.30963,72019.0,0.0,0.0,1669.9729486023443,0.0,463,462,0,0,462,462,,1,0,0,1,0
2020-12-04,US,Puerto Rico,Bayamon,4203,0,0,18.34946,-66.168435,72021.0,0.0,0.0,2483.029970047676,0.0,4203,4165,0,0,4165,4146,,38,0,0,38,19
2020-12-04,US,Puerto Rico,Cabo Rojo,282,0,0,18.040993,-67.154391,72023.0,0.0,0.0,593.4967904872145,0.0,282,278,0,0,278,278,,4,0,0,4,0
2020-12-04,US,Puerto Rico,Caguas,2318,0,0,18.211615,-66.050779,72025.0,0.0,0.0,1860.263550711844,0.0,2318,2291,0,0,2291,2266,,27,0,0,27,25
2020-12-04,US,Puerto Rico,Camuy,489,0,0,18.418578,-66.860206,72027.0,0.0,0.0,1603.068450039339,0.0,489,477,0,0,477,470,,12,0,0,12,7
2020-12-04,US,Puerto Rico,Canovanas,770,0,0,18.328802,-65.887612,72029.0,0.0,0.0,1723.5976183014734,0.0,770,764,0,0,764,742,,6,0,0,6,22
2020-12-04,US,Puerto Rico,Carolina,3639,0,0,18.374986,-65.95683100000001,72031.0,0.0,0.0,2475.779676699505,0.0,3639,3617,0,0,3617,3604,,22,0,0,22,13
2020-12-04,US,Puerto Rico,Catano,500,0,0,18.437269,-66.14330600000001,72033.0,0.0,0.0,2162.536222481727,0.0,500,498,0,0,498,496,,2,0,0,2,2
2020-12-04,US,Puerto Rico,Cayey,441,0,0,18.102851,-66.14914,72035.0,0.0,0.0,1039.8736117333583,0.0,441,435,0,0,435,435,,6,0,0,6,0
2020-12-04,US,Puerto Rico,Ceiba,111,0,0,18.251818,-65.666416,72037.0,0.0,0.0,1017.9750550256787,0.0,111,108,0,0,108,107,,3,0,0,3,1
2020-12-04,US,Puerto Rico,Ciales,363,0,0,18.28885,-66.516475,72039.0,0.0,0.0,2296.3056680161944,0.0,363,361,0,0,361,361,,2,0,0,2,0
2020-12-04,US,Puerto Rico,Cidra,414,0,0,18.173559,-66.161179,72041.0,0.0,0.0,1080.7424230558383,0.0,414,405,0,0,405,404,,9,0,0,9,1
2020-12-04,US,Puerto Rico,Coamo,271,0,0,18.097597,-66.36014,72043.0,0.0,0.0,706.9073455759599,0.0,271,270,0,0,270,270,,1,0,0,1,0
2020-12-04,US,Puerto Rico,Comerio,270,0,0,18.224687,-66.221622,72045.0,0.0,0.0,1447.876447876448,0.0,270,258,0,0,258,243,,12,0,0,12,15
2020-12-04,US,Puerto Rico,Corozal,658,0,0,18.304264,-66.327738,72047.0,0.0,0.0,2037.593286470752,0.0,658,648,0,0,648,644,,10,0,0,10,4
2020-12-04,US,Puerto Rico,Culebra,20,0,0,18.31586,-65.28813000000001,72049.0,0.0,0.0,1166.8611435239204,0.0,20,20,0,0,20,20,,0,0,0,0,0
2020-12-04,US,Puerto Rico,Dorado,851,0,0,18.436115,-66.278669,72051.0,0.0,0.0,2354.666445311419,0.0,851,847,0,0,847,837,,4,0,0,4,10
2020-12-04,US,Puerto Rico,Fajardo,405,0,0,18.318373,-65.666866,72053.0,0.0,0.0,1375.025463434508,0.0,405,400,0,0,400,391,,5,0,0,5,9
2020-12-04,US,Puerto Rico,Florida,215,0,0,18.373715,-66.560488,72054.0,0.0,0.0,1899.7967659273652,0.0,215,215,0,0,215,214,,0,0,0,0,1
2020-12-04,US,Puerto Rico,Guanica,98,0,0,17.982429,-66.91964300000001,72055.0,0.0,0.0,637.0668920236625,0.0,98,98,0,0,98,97,,0,0,0,0,1
2020-12-04,US,Puerto Rico,Guayama,296,0,0,18.007516,-66.13390799999999,72057.0,0.0,0.0,750.0316736348664,0.0,296,291,0,0,291,289,,5,0,0,5,2
2020-12-04,US,Puerto Rico,Guayanilla,128,0,0,18.039942,-66.79186,72059.0,0.0,0.0,726.3235544458946,0.0,128,126,0,0,126,126,,2,0,0,2,0
2020-12-04,US,Puerto Rico,Guaynabo,1998,0,0,18.345114000000002,-66.11452299999999,72061.0,0.0,0.0,2386.298490349704,0.0,1998,1987,0,0,1987,1977,,11,0,0,11,10
2020-12-04,US,Puerto Rico,Gurabo,767,0,0,18.266461,-65.97970500000001,72063.0,0.0,0.0,1628.6921623171172,0.0,767,762,0,0,762,760,,5,0,0,5,2
2020-12-04,US,Puerto Rico,Hatillo,429,0,0,18.410928,-66.79632600000001,72065.0,0.0,0.0,1093.8854607578153,0.0,429,425,0,0,425,421,,4,0,0,4,4
2020-12-04,US,Puerto Rico,Hormigueros,177,0,0,18.134532,-67.113972,72067.0,0.0,0.0,1140.6109034669416,0.0,177,173,0,0,173,172,,4,0,0,4,1
2020-12-04,US,Puerto Rico,Humacao,579,0,0,18.145211,-65.810174,72069.0,0.0,0.0,1143.0714863877756,0.0,579,575,0,0,575,564,,4,0,0,4,11
2020-12-04,US,Puerto Rico,Isabela,417,0,0,18.44981,-67.005093,72071.0,0.0,0.0,1031.5909259579942,0.0,417,416,0,0,416,416,,1,0,0,1,0
2020-12-04,US,Puerto Rico,Jayuya,131,0,0,18.211446,-66.58878,72073.0,0.0,0.0,943.0566553883807,0.0,131,130,0,0,130,130,,1,0,0,1,0
2020-12-04,US,Puerto Rico,Juana Diaz,393,0,0,18.050764,-66.49458100000001,72075.0,0.0,0.0,879.607869468878,0.0,393,391,0,0,391,389,,2,0,0,2,2
2020-12-04,US,Puerto Rico,Juncos,597,0,0,18.223793,-65.909109,72077.0,0.0,0.0,1564.6704232734894,0.0,597,580,0,0,580,568,,17,0,0,17,12
2020-12-04,US,Puerto Rico,Lajas,97,0,0,18.011661,-67.040585,72079.0,0.0,0.0,440.70876874148115,0.0,97,96,0,0,96,95,,1,0,0,1,1
2020-12-04,US,Puerto Rico,Lares,284,0,0,18.269035000000002,-66.867236,72081.0,0.0,0.0,1169.8797165925191,0.0,284,283,0,0,283,282,,1,0,0,1,1
2020-12-04,US,Puerto Rico,Las Marias,90,0,0,18.23679,-66.98362,72083.0,0.0,0.0,1135.3601614734453,0.0,90,88,0,0,88,85,,2,0,0,2,3
2020-12-04,US,Puerto Rico,Las Piedras,521,0,0,18.187527,-65.86946800000001,72085.0,0.0,0.0,1407.8417596670902,0.0,521,518,0,0,518,514,,3,0,0,3,4
2020-12-04,US,Puerto Rico,Loiza,358,0,0,18.425688,-65.89943000000001,72087.0,0.0,0.0,1458.070296908728,0.0,358,355,0,0,355,350,,3,0,0,3,5
2020-12-04,US,Puerto Rico,Luquillo,228,0,0,18.342114000000002,-65.72509699999999,72089.0,0.0,0.0,1290.6878007359185,0.0,228,225,0,0,225,218,,3,0,0,3,7
2020-12-04,US,Puerto Rico,Manati,569,0,0,18.420473,-66.490461,72091.0,0.0,0.0,1526.001019121946,0.0,569,563,0,0,563,558,,6,0,0,6,5
2020-12-04,US,Puerto Rico,Maricao,52,0,0,18.171795,-66.942126,72093.0,0.0,0.0,957.6427255985268,0.0,52,52,0,0,52,52,,0,0,0,0,0
2020-12-04,US,Puerto Rico,Maunabo,108,0,0,18.017889,-65.922235,72095.0,0.0,0.0,1046.4102315667087,0.0,108,108,0,0,108,107,,0,0,0,0,1
2020-12-04,US,Puerto Rico,Mayaguez,742,0,0,18.2013,-67.1452,72097.0,0.0,0.0,1037.326995666154,0.0,742,733,0,0,733,727,,9,0,0,9,6
2020-12-04,US,Puerto Rico,Moca,521,0,0,18.377805,-67.080952,72099.0,0.0,0.0,1493.2217477286404,0.0,521,518,0,0,518,516,,3,0,0,3,2
2020-12-04,US,Puerto Rico,Morovis,600,0,0,18.316963,-66.420383,72101.0,0.0,0.0,1977.9133014669528,0.0,600,583,0,0,583,577,,17,0,0,17,6
2020-12-04,US,Puerto Rico,Naguabo,343,0,0,18.230636999999998,-65.753897,72103.0,0.0,0.0,1331.4700516284304,0.0,343,342,0,0,342,336,,1,0,0,1,6
2020-12-04,US,Puerto Rico,Naranjito,603,0,0,18.288019,-66.252703,72105.0,0.0,0.0,2204.8338147647078,0.0,603,598,0,0,598,585,,5,0,0,5,13
2020-12-04,US,Puerto Rico,Orocovis,334,0,0,18.215046,-66.433604,72107.0,0.0,0.0,1651.8298714144412,0.0,334,329,0,0,329,327,,5,0,0,5,2
2020-12-04,US,Puerto Rico,Out of PR,183,0,0,0.0,0.0,72888.0,0.0,0.0,0.0,0.0,183,183,0,0,183,182,,0,0,0,0,1
2020-12-04,US,Puerto Rico,Patillas,123,0,0,18.03174,-66.012242,72109.0,0.0,0.0,758.7440626734932,0.0,123,123,0,0,123,121,,0,0,0,0,2
2020-12-04,US,Puerto Rico,Penuelas,189,0,0,18.059645,-66.721572,72111.0,0.0,0.0,981.8691880097667,0.0,189,186,0,0,186,184,,3,0,0,3,2
2020-12-04,US,Puerto Rico,Ponce,1029,0,0,18.059498,-66.613748,72113.0,0.0,0.0,780.2488607153418,0.0,1029,1025,0,0,1025,1014,,4,0,0,4,11
2020-12-04,US,Puerto Rico,Quebradillas,300,0,0,18.439692,-66.926113,72115.0,0.0,0.0,1309.01474823283,0.0,300,295,0,0,295,295,,5,0,0,5,0
2020-12-04,US,Puerto Rico,Rincon,170,0,0,18.335442999999998,-67.23174,72117.0,0.0,0.0,1244.8740480374927,0.0,170,170,0,0,170,170,,0,0,0,0,0
2020-12-04,US,Puerto Rico,Rio Grande,681,0,0,18.346329,-65.813742,72119.0,0.0,0.0,1418.0114523685581,0.0,681,673,0,0,673,655,,8,0,0,8,18
2020-12-04,US,Puerto Rico,Sabana Grande,122,0,0,18.08282,-66.943758,72121.0,0.0,0.0,561.9012527634488,0.0,122,122,0,0,122,118,,0,0,0,0,4
2020-12-04,US,Puerto Rico,Salinas,275,0,0,18.010386999999994,-66.256592,72123.0,0.0,0.0,1013.7127690946623,0.0,275,274,0,0,274,271,,1,0,0,1,3
2020-12-04,US,Puerto Rico,San German,197,0,0,18.111484,-67.03858100000001,72125.0,0.0,0.0,651.7352036258974,0.0,197,197,0,0,197,195,,0,0,0,0,2
2020-12-04,US,Puerto Rico,San Juan,8795,0,0,18.386933,-66.061128,72127.0,0.0,0.0,2761.8930979365086,0.0,8795,8742,0,0,8742,8705,,53,0,0,53,37
2020-12-04,US,Puerto Rico,San Lorenzo,655,0,0,18.147987,-65.976392,72129.0,0.0,0.0,1820.0005557253603,0.0,655,651,0,0,651,646,,4,0,0,4,5
2020-12-04,US,Puerto Rico,San Sebastian,563,0,0,18.328646,-66.971214,72131.0,0.0,0.0,1584.6656158522856,0.0,563,557,0,0,557,554,,6,0,0,6,3
2020-12-04,US,Puerto Rico,Santa Isabel,147,0,0,17.994525,-66.388913,72133.0,0.0,0.0,693.1019850063652,0.0,147,142,0,0,142,142,,5,0,0,5,0
2020-12-04,US,Puerto Rico,Toa Alta,1624,0,0,18.362406,-66.246616,72135.0,0.0,0.0,2254.772648385977,0.0,1624,1600,0,0,1600,1588,,24,0,0,24,12
2020-12-04,US,Puerto Rico,Toa Baja,1676,0,0,18.431445999999998,-66.213553,72137.0,0.0,0.0,2256.600826702212,0.0,1676,1665,0,0,1665,1653,,11,0,0,11,12
2020-12-04,US,Puerto Rico,Trujillo Alto,1378,0,0,18.336159,-65.99888399999999,72139.0,0.0,0.0,2164.1486320947324,0.0,1378,1375,0,0,1375,1368,,3,0,0,3,7
2020-12-04,US,Puerto Rico,Unassigned,1487,1173,0,0.0,0.0,72999.0,0.0,0.0,0.0,78.8836583725622,314,1478,1155,0,323,1476,,9,18,0,-9,2
2020-12-04,US,Puerto Rico,Utuado,297,0,0,18.271214,-66.702984,72141.0,0.0,0.0,1084.139441503924,0.0,297,294,0,0,294,292,,3,0,0,3,2
2020-12-04,US,Puerto Rico,Vega Alta,798,0,0,18.409346,-66.33725,72143.0,0.0,0.0,2212.9170017470396,0.0,798,789,0,0,789,781,,9,0,0,9,8
2020-12-04,US,Puerto Rico,Vega Baja,1240,0,0,18.428262,-66.397924,72145.0,0.0,0.0,2478.8597245267183,0.0,1240,1217,0,0,1217,1211,,23,0,0,23,6
2020-12-04,US,Puerto Rico,Vieques,28,0,0,18.123276,-65.44097099999999,72147.0,0.0,0.0,333.889816360601,0.0,28,28,0,0,28,28,,0,0,0,0,0
2020-12-04,US,Puerto Rico,Villalba,363,0,0,18.127951,-66.473115,72149.0,0.0,0.0,1698.4839977540707,0.0,363,361,0,0,361,358,,2,0,0,2,3
2020-12-04,US,Puerto Rico,Yabucoa,317,0,0,18.070399,-65.896289,72151.0,0.0,0.0,981.9713772380893,0.0,317,314,0,0,314,313,,3,0,0,3,1
2020-12-04,US,Puerto Rico,Yauco,326,0,0,18.080374,-66.858814,72153.0,0.0,0.0,970.9605361131796,0.0,326,320,0,0,320,317,,6,0,0,6,3
2020-12-04,US,Rhode Island,Bristol,1369,48,0,41.71018079,-71.28652315,44001.0,0.0,0.0,2823.9031333154558,3.506208911614317,1321,1369,48,0,1321,1369,48649,0,0,0,0,0
2020-12-04,US,Rhode Island,Kent,6109,145,0,41.67106337,-71.57641596,44003.0,0.0,0.0,3718.379470698512,2.37354722540514,5964,6109,145,0,5964,6109,163861,0,0,0,0,0
2020-12-04,US,Rhode Island,Newport,1380,10,0,41.5642026,-71.26569799,44005.0,0.0,0.0,1681.2455836846082,0.7246376811594203,1370,1380,10,0,1370,1380,82542,0,0,0,0,0
2020-12-04,US,Rhode Island,Providence,40206,1060,0,41.87064746,-71.57753536,44007.0,0.0,0.0,6292.698272583424,2.636422424513754,39146,40206,1060,0,39146,40206,636084,0,0,0,0,0
2020-12-04,US,Rhode Island,Unassigned,10432,59,0,0.0,0.0,90044.0,0.0,0.0,0.0,0.5655674846625767,10373,9017,46,0,8971,7300,,1415,13,0,1402,1717
2020-12-04,US,Rhode Island,Washington,2641,91,0,41.45961631,-71.61435303,44009.0,0.0,0.0,2103.0921267429544,3.445664521014767,2550,2641,91,0,2550,2641,126179,0,0,0,0,0
2020-12-04,US,South Carolina,Abbeville,1002,22,0,34.22333378,-82.46170658,45001.0,0.0,0.0,4085.293757899458,2.1956087824351296,980,989,22,0,967,978,24541,13,0,0,13,11
2020-12-04,US,South Carolina,Aiken,6665,101,0,33.54338026,-81.63645384,45003.0,0.0,0.0,3900.5805515239476,1.5153788447111778,6564,6574,100,0,6474,6492,169401,91,1,0,90,82
2020-12-04,US,South Carolina,Allendale,449,9,0,32.98837386,-81.35321066,45005.0,0.0,0.0,5168.04788213628,2.0044543429844097,440,449,9,0,440,449,8903,0,0,0,0,0
2020-12-04,US,South Carolina,Anderson,8489,235,0,34.51828081,-82.63959517,45007.0,0.0,0.0,4190.898409344484,2.768288373188833,8254,8366,233,0,8133,8277,200482,123,2,0,121,89
2020-12-04,US,South Carolina,Bamberg,764,37,0,33.21927586,-81.05659969,45009.0,0.0,0.0,5431.5370396701255,4.842931937172775,727,757,37,0,720,753,14275,7,0,0,7,4
2020-12-04,US,South Carolina,Barnwell,1001,26,0,33.26679302,-81.43584352,45011.0,0.0,0.0,4797.277868302502,2.5974025974025974,975,995,26,0,969,989,21112,6,0,0,6,6
2020-12-04,US,South Carolina,Beaufort,7372,94,0,32.39226291,-80.72619758,45013.0,0.0,0.0,3837.145147354285,1.2750949538795442,7278,7298,94,0,7204,7249,188715,74,0,0,74,49
2020-12-04,US,South Carolina,Berkeley,7356,105,0,33.20222596,-79.94654523,45015.0,0.0,0.0,3227.632323710988,1.4274061990212072,7251,7299,105,0,7194,7244,221091,57,0,0,57,55
2020-12-04,US,South Carolina,Calhoun,573,18,0,33.66926881,-80.77722168,45017.0,0.0,0.0,3937.3325087610797,3.141361256544503,555,568,18,0,550,562,14520,5,0,0,5,6
2020-12-04,US,South Carolina,Charleston,20459,299,0,32.82487866,-79.96512315,45019.0,0.0,0.0,4972.946432477893,1.4614595043746028,20160,20312,298,0,20014,20130,405905,147,1,0,146,182
2020-12-04,US,South Carolina,Cherokee,2211,69,0,35.05122251,-81.61828622,45021.0,0.0,0.0,3858.6387434554968,3.120759837177748,2142,2163,68,0,2095,2160,57078,48,1,0,47,3
2020-12-04,US,South Carolina,Chester,1649,37,0,34.69249168,-81.1583216,45023.0,0.0,0.0,5114.129760575611,2.243784111582777,1612,1629,35,0,1594,1611,32251,20,2,0,18,18
2020-12-04,US,South Carolina,Chesterfield,1814,54,0,34.64137396,-80.15640140000002,45025.0,0.0,0.0,3973.7130339539976,2.9768467475192946,1760,1800,54,0,1746,1783,45754,14,0,0,14,17
2020-12-04,US,South Carolina,Clarendon,1408,70,0,33.66610974,-80.21647898,45027.0,0.0,0.0,4172.469995554897,4.971590909090909,1338,1404,70,0,1334,1400,33700,4,0,0,4,4
2020-12-04,US,South Carolina,Colleton,1516,51,0,32.87582989,-80.67641292,45029.0,0.0,0.0,4023.674921039361,3.3641160949868074,1465,1502,50,0,1452,1496,37660,14,1,0,13,6
2020-12-04,US,South Carolina,Darlington,3135,76,0,34.33358335,-79.96027485,45031.0,0.0,0.0,4705.935332792938,2.4242424242424243,3059,3093,76,0,3017,3039,66802,42,0,0,42,54
2020-12-04,US,South Carolina,Dillon,1584,53,0,34.39007791,-79.37741872,45033.0,0.0,0.0,5197.020899635815,3.345959595959596,1531,1574,52,0,1522,1566,30599,10,1,0,9,8
2020-12-04,US,South Carolina,Dorchester,6094,113,0,33.0794369,-80.40502652,45035.0,0.0,0.0,3743.036318631033,1.8542829012143087,5981,6007,113,0,5894,5946,160647,87,0,0,87,61
2020-12-04,US,South Carolina,Edgefield,1216,24,0,33.77221995,-81.96231108,45037.0,0.0,0.0,4460.7483492296415,1.973684210526316,1192,1197,24,0,1173,1190,27052,19,0,0,19,7
2020-12-04,US,South Carolina,Fairfield,1071,45,0,34.39287073,-81.1195624,45039.0,0.0,0.0,4792.589609343536,4.201680672268908,1026,1064,45,0,1019,1060,22402,7,0,0,7,4
2020-12-04,US,South Carolina,Florence,6976,221,0,34.02361754,-79.70189312,45041.0,0.0,0.0,5044.362332149854,3.1680045871559632,6755,6902,220,0,6682,6820,138159,74,1,0,73,82
2020-12-04,US,South Carolina,Georgetown,2839,68,0,33.43443342,-79.33202141,45043.0,0.0,0.0,4529.355456285896,2.395209580838323,2771,2808,68,0,2740,2795,62249,31,0,0,31,13
2020-12-04,US,South Carolina,Greenville,25160,419,0,34.89502264,-82.37295012,45045.0,0.0,0.0,4805.72714319004,1.6653418124006358,24741,24728,416,0,24312,24523,514213,432,3,0,429,205
2020-12-04,US,South Carolina,Greenwood,3208,86,0,34.15272415,-82.12715789,45047.0,0.0,0.0,4530.3695753484635,2.6807980049875306,3122,3150,86,0,3064,3116,70741,58,0,0,58,34
2020-12-04,US,South Carolina,Hampton,875,35,0,32.77419582,-81.13845571,45049.0,0.0,0.0,4552.075746540422,4.0,840,863,35,0,828,861,19351,12,0,0,12,2
2020-12-04,US,South Carolina,Horry,15464,273,0,33.9212828,-78.99555293,45051.0,0.0,0.0,4367.362270215007,1.7653905845835491,15191,15319,272,0,15047,15136,344147,145,1,0,144,183
2020-12-04,US,South Carolina,Jasper,1092,23,0,32.43171982,-81.02487495,45053.0,0.0,0.0,3631.164167193163,2.1062271062271063,1069,1081,23,0,1058,1077,28971,11,0,0,11,4
2020-12-04,US,South Carolina,Kershaw,3033,65,0,34.33988254,-80.58763164,45055.0,0.0,0.0,4557.407101320791,2.143092647543686,2968,3014,65,0,2949,2993,65592,19,0,0,19,21
2020-12-04,US,South Carolina,Lancaster,3637,67,0,34.68270843,-80.70513032,45057.0,0.0,0.0,3710.770109782476,1.8421776189166896,3570,3604,65,0,3539,3584,95380,33,2,0,31,20
2020-12-04,US,South Carolina,Laurens,2611,68,0,34.48244419,-82.00490796,45059.0,0.0,0.0,3868.549331041738,2.6043661432401377,2543,2575,67,0,2508,2527,66994,36,1,0,35,48
2020-12-04,US,South Carolina,Lee,892,40,0,34.16393091,-80.25690731,45061.0,0.0,0.0,5300.689327311624,4.484304932735426,852,887,38,0,849,885,17142,5,2,0,3,2
2020-12-04,US,South Carolina,Lexington,11894,232,0,33.89665987,-81.27146426,45063.0,0.0,0.0,3981.255230125523,1.9505633092315453,11662,11722,231,0,11491,11619,295032,172,1,0,171,103
2020-12-04,US,South Carolina,Marion,1355,49,0,34.07859748,-79.36400756,45067.0,0.0,0.0,4419.8714812277785,3.616236162361624,1306,1345,49,0,1296,1330,31039,10,0,0,10,15
2020-12-04,US,South Carolina,Marlboro,1481,19,0,34.59905577,-79.67561152,45069.0,0.0,0.0,5670.418868213493,1.2829169480081026,1462,1467,19,0,1448,1448,26398,14,0,0,14,19
2020-12-04,US,South Carolina,McCormick,351,8,0,33.90161443,-82.30794338,45065.0,0.0,0.0,3709.183134312586,2.2792022792022792,343,346,8,0,338,343,9410,5,0,0,5,3
2020-12-04,US,South Carolina,Newberry,2179,67,0,34.28629098,-81.59935761,45071.0,0.0,0.0,5668.5744016649305,3.0748049564020192,2112,2164,66,0,2098,2141,38520,15,1,0,14,23
2020-12-04,US,South Carolina,Oconee,3601,43,0,34.75225169,-83.06742317,45073.0,0.0,0.0,4526.940386694491,1.1941127464593169,3558,3528,43,0,3485,3466,78374,73,0,0,73,62
2020-12-04,US,South Carolina,Orangeburg,3937,136,0,33.4391073,-80.79886287,45075.0,0.0,0.0,4568.610385842761,3.4544069088138176,3801,3892,134,0,3758,3861,86934,45,2,0,43,31
2020-12-04,US,South Carolina,Pickens,6913,93,0,34.88807695,-82.72791551,45077.0,0.0,0.0,5448.283471517291,1.345291479820628,6820,6736,92,0,6644,6633,124937,177,1,0,176,103
2020-12-04,US,South Carolina,Richland,21090,304,0,34.01791263,-80.90267209,45079.0,0.0,0.0,5072.65026132928,1.4414414414414414,20786,20890,303,0,20587,20683,414576,200,1,0,199,207
2020-12-04,US,South Carolina,Saluda,817,26,0,34.00795823,-81.72713237,45081.0,0.0,0.0,3990.6217945586873,3.182374541003672,791,812,26,0,786,808,20544,5,0,0,5,4
2020-12-04,US,South Carolina,Spartanburg,13247,293,0,34.92960077,-81.99225984,45083.0,0.0,0.0,4142.470722516691,2.211821544500641,12954,12920,292,0,12628,12759,313888,327,1,0,326,161
2020-12-04,US,South Carolina,Sumter,4332,103,0,33.91826534,-80.37942316,45085.0,0.0,0.0,4059.1823539884367,2.3776546629732227,4229,4298,101,0,4197,4245,106512,34,2,0,32,53
2020-12-04,US,South Carolina,Union,1128,28,0,34.68835752,-81.61730349,45087.0,0.0,0.0,4129.447942597745,2.482269503546099,1100,1095,28,0,1067,1086,27410,33,0,0,33,9
2020-12-04,US,South Carolina,Williamsburg,1686,52,0,33.62190129,-79.72767442,45089.0,0.0,0.0,5551.8967334035815,3.084223013048636,1634,1676,52,0,1624,1662,30606,10,0,0,10,14
2020-12-04,US,South Carolina,York,10387,140,0,34.97281497,-81.18085944,45091.0,0.0,0.0,3696.7175482865273,1.3478386444594204,10247,10201,138,0,10063,10060,274118,186,2,0,184,141
2020-12-04,US,South Dakota,Aurora,375,5,0,43.71757685,-98.56050467,46003.0,0.0,0.0,13631.406761177754,1.3333333333333333,370,371,5,0,366,368,2801,4,0,0,4,3
2020-12-04,US,South Dakota,Beadle,2351,32,0,44.41464384,-98.27858469,46005.0,0.0,0.0,12740.475803392404,1.361122926414292,2319,2342,32,0,2310,2325,18883,9,0,0,9,17
2020-12-04,US,South Dakota,Bennett,323,5,0,43.19486375,-101.6665572,46007.0,0.0,0.0,9598.811292719167,1.547987616099071,318,319,5,0,314,315,3468,4,0,0,4,4
2020-12-04,US,South Dakota,Bon Homme,1391,20,0,42.98914167,-97.88592746,46009.0,0.0,0.0,20156.499058107518,1.4378145219266714,1371,1377,20,0,1357,1372,6980,14,0,0,14,5
2020-12-04,US,South Dakota,Brookings,2546,18,0,44.36974375,-96.79079945,46011.0,0.0,0.0,7258.317415970579,0.7069913589945012,2528,2515,18,0,2497,2483,35232,31,0,0,31,32
2020-12-04,US,South Dakota,Brown,3792,29,0,45.58994323,-98.35165355,46013.0,0.0,0.0,9763.382167409049,0.7647679324894515,3763,3748,26,0,3722,3729,39316,44,3,0,41,19
2020-12-04,US,South Dakota,Brule,585,5,0,43.71756379,-99.08118954,46015.0,0.0,0.0,11043.987162544836,0.8547008547008547,580,582,5,0,577,578,5229,3,0,0,3,4
2020-12-04,US,South Dakota,Buffalo,385,9,0,44.07657829,-99.20814467,46017.0,0.0,0.0,19622.833843017328,2.3376623376623376,376,385,9,0,376,383,2036,0,0,0,0,2
2020-12-04,US,South Dakota,Butte,757,14,0,44.90608745,-103.5079318,46019.0,0.0,0.0,7258.605810720107,1.8494055482166447,743,751,14,0,737,740,10222,6,0,0,6,11
2020-12-04,US,South Dakota,Campbell,107,1,0,45.77074915,-100.0510181,46021.0,0.0,0.0,7776.162790697675,0.9345794392523364,106,107,1,0,106,105,1377,0,0,0,0,2
2020-12-04,US,South Dakota,Charles Mix,936,6,0,43.20660134,-98.58856175,46023.0,0.0,0.0,10073.181231166594,0.6410256410256411,930,922,5,0,917,911,9338,14,1,0,13,11
2020-12-04,US,South Dakota,Clark,268,1,0,44.85834507,-97.72925109,46025.0,0.0,0.0,7173.447537473234,0.373134328358209,267,264,1,0,263,262,3739,4,0,0,4,2
2020-12-04,US,South Dakota,Clay,1413,11,0,42.91296147,-96.97656917,46027.0,0.0,0.0,10042.643923240938,0.7784854918612879,1402,1391,11,0,1380,1381,14041,22,0,0,22,10
2020-12-04,US,South Dakota,Codington,2827,55,0,44.97788119,-97.18827677,46029.0,0.0,0.0,10093.184333607054,1.9455252918287935,2772,2779,53,0,2726,2745,28015,48,2,0,46,34
2020-12-04,US,South Dakota,Corson,409,5,0,45.70889983,-101.1970473,46031.0,0.0,0.0,10009.789525208029,1.2224938875305624,404,402,5,0,397,398,4165,7,0,0,7,4
2020-12-04,US,South Dakota,Custer,578,7,0,43.67741105,-103.45345209999999,46033.0,0.0,0.0,6442.2648238965685,1.2110726643598615,571,571,7,0,564,562,8726,7,0,0,7,9
2020-12-04,US,South Dakota,Davison,2468,40,0,43.67490933,-98.14458906,46035.0,0.0,0.0,12480.404551201009,1.6207455429497568,2428,2448,40,0,2408,2435,19790,20,0,0,20,13
2020-12-04,US,South Dakota,Day,402,11,0,45.367281,-97.60737498,46037.0,0.0,0.0,7411.504424778761,2.736318407960199,391,396,11,0,385,388,5505,6,0,0,6,8
2020-12-04,US,South Dakota,Deuel,335,2,0,44.75994309,-96.66943645,46039.0,0.0,0.0,7699.379452999309,0.5970149253731343,333,332,2,0,330,326,4337,3,0,0,3,6
2020-12-04,US,South Dakota,Dewey,1086,5,0,45.15639647,-100.8709139,46041.0,0.0,0.0,18431.77189409369,0.4604051565377532,1081,1026,3,0,1023,890,5904,60,2,0,58,136
2020-12-04,US,South Dakota,Douglas,316,5,0,43.38520741,-98.36978007,46043.0,0.0,0.0,10818.212940773708,1.5822784810126582,311,312,5,0,307,305,2935,4,0,0,4,7
2020-12-04,US,South Dakota,Edmunds,271,3,0,45.41846445,-99.21545423,46045.0,0.0,0.0,7077.565944110734,1.1070110701107012,268,268,2,0,266,261,3875,3,1,0,2,7
2020-12-04,US,South Dakota,Fall River,373,10,0,43.23929297,-103.5275691,46047.0,0.0,0.0,5556.383137196484,2.680965147453083,363,368,10,0,358,367,6758,5,0,0,5,1
2020-12-04,US,South Dakota,Faulk,285,10,0,45.07082625,-99.14535601,46049.0,0.0,0.0,12396.694214876035,3.5087719298245608,275,283,10,0,273,281,2330,2,0,0,2,2
2020-12-04,US,South Dakota,Grant,666,15,0,45.1723937,-96.77002276,46051.0,0.0,0.0,9444.129325014179,2.2522522522522523,651,652,13,0,639,632,7147,14,2,0,12,20
2020-12-04,US,South Dakota,Gregory,451,22,0,43.19419064,-99.18883902,46053.0,0.0,0.0,10776.58303464755,4.878048780487805,429,447,21,0,426,446,4212,4,1,0,3,1
2020-12-04,US,South Dakota,Haakon,164,3,0,44.29299053,-101.539099,46055.0,0.0,0.0,8636.124275934702,1.8292682926829267,161,161,3,0,158,155,1918,3,0,0,3,6
2020-12-04,US,South Dakota,Hamlin,510,17,0,44.67385954,-97.18829593,46057.0,0.0,0.0,8273.84815055159,3.333333333333333,493,503,17,0,486,491,6111,7,0,0,7,12
2020-12-04,US,South Dakota,Hand,291,1,0,44.54708407,-99.00386459,46059.0,0.0,0.0,9119.39830774052,0.3436426116838488,290,290,1,0,289,290,3262,1,0,0,1,0
2020-12-04,US,South Dakota,Hanson,279,3,0,43.6746384,-97.78715148,46061.0,0.0,0.0,8079.930495221545,1.075268817204301,276,275,3,0,272,271,3376,4,0,0,4,4
2020-12-04,US,South Dakota,Harding,78,0,0,45.58015551,-103.4958629,46063.0,0.0,0.0,6009.2449922958385,0.0,78,77,0,0,77,77,1249,1,0,0,1,0
2020-12-04,US,South Dakota,Hughes,1721,21,0,44.39091534,-99.99661148,46065.0,0.0,0.0,9819.696450987105,1.220220801859384,1700,1709,19,0,1690,1687,17650,12,2,0,10,22
2020-12-04,US,South Dakota,Hutchinson,604,11,0,43.33449012,-97.75536441,46067.0,0.0,0.0,8284.18598271842,1.8211920529801324,593,600,11,0,589,586,7380,4,0,0,4,14
2020-12-04,US,South Dakota,Hyde,126,0,0,44.54747703,-99.48572582,46069.0,0.0,0.0,9684.857801691009,0.0,126,125,0,0,125,125,1282,1,0,0,1,0
2020-12-04,US,South Dakota,Jackson,213,8,0,43.69318385,-101.6255063,46071.0,0.0,0.0,6369.617224880383,3.755868544600939,205,213,8,0,205,213,3307,0,0,0,0,0
2020-12-04,US,South Dakota,Jerauld,244,13,0,44.06637798,-98.62965972,46073.0,0.0,0.0,12121.212121212122,5.327868852459017,231,243,13,0,230,238,2043,1,0,0,1,5
2020-12-04,US,South Dakota,Jones,63,0,0,43.96278565,-100.6940008,46075.0,0.0,0.0,6976.744186046512,0.0,63,63,1,0,62,63,928,0,0,0,1,0
2020-12-04,US,South Dakota,Kingsbury,459,12,0,44.36956169,-97.4913945,46077.0,0.0,0.0,9293.379226564082,2.6143790849673203,447,456,12,0,444,450,4919,3,0,0,3,6
2020-12-04,US,South Dakota,Lake,889,11,0,44.02193107,-97.12926365,46079.0,0.0,0.0,6946.940689224037,1.2373453318335208,878,881,11,0,870,872,13057,8,0,0,8,9
2020-12-04,US,South Dakota,Lawrence,2152,23,0,44.35919441,-103.79294279999999,46081.0,0.0,0.0,8326.884383222412,1.0687732342007434,2129,2127,22,0,2105,2097,25741,25,1,0,24,30
2020-12-04,US,South Dakota,Lincoln,5653,55,0,43.27841182,-96.72039050000001,46083.0,0.0,0.0,9247.807878549927,0.9729347249248188,5598,5598,53,0,5545,5523,58807,55,2,0,53,75
2020-12-04,US,South Dakota,Lyman,473,8,0,43.89522709,-99.85201878,46085.0,0.0,0.0,12509.918011108171,1.6913319238900637,465,470,8,0,462,461,3821,3,0,0,3,9
2020-12-04,US,South Dakota,Marshall,205,3,0,45.75870838,-97.59855639,46091.0,0.0,0.0,4154.002026342452,1.4634146341463414,202,198,3,0,195,194,5112,7,0,0,7,4
2020-12-04,US,South Dakota,McCook,606,17,0,43.6742571,-97.36863144,46087.0,0.0,0.0,10848.549946294308,2.8052805280528053,589,607,17,0,590,604,5546,0,0,0,-1,3
2020-12-04,US,South Dakota,McPherson,155,1,0,45.76626028,-99.22118798,46089.0,0.0,0.0,6515.342580916353,0.6451612903225806,154,153,1,0,152,153,2407,2,0,0,2,0
2020-12-04,US,South Dakota,Meade,1853,14,0,44.56676791,-102.71627409999999,46093.0,0.0,0.0,6540.307779189609,0.7555315704263357,1839,1832,14,0,1818,1809,28294,21,0,0,21,23
2020-12-04,US,South Dakota,Mellette,188,1,0,43.58078848,-100.7563186,46095.0,0.0,0.0,9121.785540999517,0.5319148936170213,187,186,1,0,185,183,2042,2,0,0,2,3
2020-12-04,US,South Dakota,Miner,202,5,0,44.02197882,-97.60992207,46097.0,0.0,0.0,9115.523465703973,2.4752475247524752,197,201,5,0,196,193,2213,1,0,0,1,8
2020-12-04,US,South Dakota,Minnehaha,21369,202,0,43.67441641,-96.7910885,46099.0,0.0,0.0,11064.33874926217,0.9452945856146756,21167,21173,195,0,20978,20947,192876,196,7,0,189,226
2020-12-04,US,South Dakota,Moody,433,12,0,44.02266214,-96.67081159,46101.0,0.0,0.0,6584.5498783455005,2.771362586605081,421,428,12,0,416,427,6579,5,0,0,5,1
2020-12-04,US,South Dakota,Oglala Lakota,1699,26,0,43.33749164,-102.55554980000001,46102.0,0.0,0.0,11984.199760174932,1.5303119482048264,1673,1691,25,0,1666,1677,14309,8,1,0,7,14
2020-12-04,US,South Dakota,Pennington,9153,80,0,44.0025835,-102.8240777,46103.0,0.0,0.0,8044.825313117995,0.8740303725554464,9073,9036,79,0,8957,8912,111729,117,1,0,116,124
2020-12-04,US,South Dakota,Perkins,214,2,0,45.49049506,-102.47555859999999,46105.0,0.0,0.0,7469.458987783595,0.9345794392523364,212,210,2,0,208,207,2922,4,0,0,4,3
2020-12-04,US,South Dakota,Potter,285,2,0,45.06583079,-99.95498503,46107.0,0.0,0.0,13237.343241987925,0.7017543859649122,283,282,2,0,280,275,2207,3,0,0,3,7
2020-12-04,US,South Dakota,Roberts,763,20,0,45.62975048,-96.94672673,46109.0,0.0,0.0,7340.773523186453,2.6212319790301444,743,750,20,0,730,737,10447,13,0,0,13,13
2020-12-04,US,South Dakota,Sanborn,286,2,0,44.02351092,-98.09098159999999,46111.0,0.0,0.0,12201.36518771331,0.6993006993006993,284,285,2,0,283,277,2429,1,0,0,1,8
2020-12-04,US,South Dakota,Spink,598,16,0,44.93837606,-98.34626602,46115.0,0.0,0.0,9378.92095357591,2.6755852842809364,582,587,15,0,572,574,6495,11,1,0,10,13
2020-12-04,US,South Dakota,Stanley,236,1,0,44.41381872,-100.7349153,46117.0,0.0,0.0,7617.817947062621,0.42372881355932196,235,235,1,0,234,232,3022,1,0,0,1,3
2020-12-04,US,South Dakota,Sully,96,3,0,44.71571812,-100.1278092,46119.0,0.0,0.0,6901.509705248022,3.125,93,95,3,0,92,93,1392,1,0,0,1,2
2020-12-04,US,South Dakota,Todd,1012,14,0,43.19338568,-100.71955030000001,46121.0,0.0,0.0,9943.991353050997,1.383399209486166,998,1002,14,0,988,995,10283,10,0,0,10,7
2020-12-04,US,South Dakota,Tripp,548,8,0,43.34459388,-99.8854891,46123.0,0.0,0.0,10071.67800036758,1.45985401459854,540,544,5,0,539,520,5478,4,3,0,1,24
2020-12-04,US,South Dakota,Turner,820,46,0,43.3109081,-97.14865776,46125.0,0.0,0.0,9780.534351145036,5.609756097560974,774,814,45,0,769,802,8424,6,1,0,5,12
2020-12-04,US,South Dakota,Union,1295,25,0,42.83112163,-96.6557828,46127.0,0.0,0.0,8128.29525483304,1.9305019305019304,1270,1281,25,0,1256,1269,15619,14,0,0,14,12
2020-12-04,US,South Dakota,Walworth,527,13,0,45.43019636,-100.03075140000001,46129.0,0.0,0.0,9696.412143514259,2.4667931688804554,514,517,13,0,504,505,5587,10,0,0,10,12
2020-12-04,US,South Dakota,Yankton,2003,12,0,43.00924485,-97.39467635,46135.0,0.0,0.0,8779.696677478742,0.5991013479780329,1991,1863,11,0,1852,1822,22869,140,1,0,139,41
2020-12-04,US,South Dakota,Ziebach,237,7,0,44.97881876,-101.6654622,46137.0,0.0,0.0,8599.419448476052,2.9535864978902957,230,229,7,0,222,209,2742,8,0,0,8,20
2020-12-04,US,Tennessee,Anderson,3272,32,0,36.12684348,-84.19965764,47001.0,0.0,0.0,4250.565096521084,0.9779951100244498,3240,3239,31,0,3208,3197,76482,33,1,0,32,42
2020-12-04,US,Tennessee,Bedford,2981,34,0,35.51123746,-86.45549096,47003.0,0.0,0.0,5996.419447629392,1.1405568601140557,2947,2957,34,0,2923,2949,49038,24,0,0,24,8
2020-12-04,US,Tennessee,Benton,888,16,0,36.07110411,-88.06849355,47005.0,0.0,0.0,5495.049504950495,1.8018018018018016,872,880,16,0,864,871,16184,8,0,0,8,9
2020-12-04,US,Tennessee,Bledsoe,1227,5,0,35.59942968,-85.20611967,47007.0,0.0,0.0,8145.246946362187,0.40749796251018733,1222,1224,5,0,1219,1211,14755,3,0,0,3,13
2020-12-04,US,Tennessee,Blount,6176,65,0,35.68938198,-83.92847788,47009.0,0.0,0.0,4640.538591007455,1.0524611398963728,6111,6089,63,0,6026,5986,131349,87,2,0,85,103
2020-12-04,US,Tennessee,Bradley,5775,38,0,35.15739424,-84.857186,47011.0,0.0,0.0,5341.781518823421,0.658008658008658,5737,5716,37,0,5679,5643,106727,59,1,0,58,73
2020-12-04,US,Tennessee,Campbell,1685,24,0,36.40355516,-84.15108559999999,47013.0,0.0,0.0,4229.205361176648,1.42433234421365,1661,1653,24,0,1629,1637,39583,32,0,0,32,16
2020-12-04,US,Tennessee,Cannon,825,4,0,35.80990797,-86.05738983,47015.0,0.0,0.0,5620.65676522687,0.4848484848484849,821,810,4,0,806,803,14462,15,0,0,15,7
2020-12-04,US,Tennessee,Carroll,1873,36,0,35.97366108,-88.45189331,47017.0,0.0,0.0,6745.4172218820895,1.9220501868659905,1837,1853,36,0,1817,1838,28020,20,0,0,20,15
2020-12-04,US,Tennessee,Carter,3007,63,0,36.28969086,-82.12588974,47019.0,0.0,0.0,5332.411200368853,2.0951114067176593,2944,2983,61,0,2922,2952,56351,24,2,0,22,31
2020-12-04,US,Tennessee,Cheatham,1720,17,0,36.26136216,-87.08903581,47021.0,0.0,0.0,4229.473528905502,0.9883720930232558,1703,1696,17,0,1679,1694,40439,24,0,0,24,2
2020-12-04,US,Tennessee,Chester,1069,23,0,35.42527478,-88.6095842,47023.0,0.0,0.0,6180.2624732612585,2.15154349859682,1046,1063,22,0,1041,1055,17276,6,1,0,5,8
2020-12-04,US,Tennessee,Claiborne,995,10,0,36.48319149,-83.65947309,47025.0,0.0,0.0,3113.3639976219533,1.0050251256281406,985,964,10,0,954,963,31756,31,0,0,31,1
2020-12-04,US,Tennessee,Clay,578,19,0,36.55151008,-85.53930419,47027.0,0.0,0.0,7590.282337491792,3.28719723183391,559,571,19,0,552,571,7717,7,0,0,7,0
2020-12-04,US,Tennessee,Cocke,1744,30,0,35.9278914,-83.11828725,47029.0,0.0,0.0,4843.9062326408175,1.720183486238532,1714,1720,30,0,1690,1692,35774,24,0,0,24,28
2020-12-04,US,Tennessee,Coffee,3079,43,0,35.49090731,-86.07311784,47031.0,0.0,0.0,5447.629157820241,1.3965573238064306,3036,3060,43,0,3017,3026,55700,19,0,0,19,34
2020-12-04,US,Tennessee,Crockett,1193,29,0,35.81830662,-89.14916269,47033.0,0.0,0.0,8383.696416022487,2.4308466051969826,1164,1184,28,0,1156,1182,14328,9,1,0,8,2
2020-12-04,US,Tennessee,Cumberland,2741,38,0,35.95271721,-84.99840585,47035.0,0.0,0.0,4529.081295439524,1.3863553447646844,2703,2729,37,0,2692,2717,59673,12,1,0,11,12
2020-12-04,US,Tennessee,Davidson,45276,434,0,36.17007426,-86.78646056,47037.0,0.0,0.0,6522.565922920892,0.95856524427953,44842,44813,429,0,44384,44374,692587,463,5,0,458,439
2020-12-04,US,Tennessee,DeKalb,1267,25,0,35.97616272,-85.83689361,47041.0,0.0,0.0,6183.504148365056,1.9731649565903708,1242,1246,24,0,1222,1239,20138,21,1,0,20,7
2020-12-04,US,Tennessee,Decatur,983,13,0,35.60048904,-88.11043779,47039.0,0.0,0.0,8428.363199862812,1.3224821973550356,970,974,13,0,961,972,11706,9,0,0,9,2
2020-12-04,US,Tennessee,Dickson,3078,39,0,36.14669837,-87.35891709,47043.0,0.0,0.0,5705.494179580337,1.267056530214425,3039,3050,37,0,3013,3038,53446,28,2,0,26,12
2020-12-04,US,Tennessee,Dyer,3335,52,0,36.05931946,-89.41542855,47045.0,0.0,0.0,8974.945504453834,1.5592203898050974,3283,3326,52,0,3274,3293,37320,9,0,0,9,33
2020-12-04,US,Tennessee,Fayette,2388,40,0,35.19615831,-89.41399032,47047.0,0.0,0.0,5805.557581503903,1.6750418760469012,2348,2369,40,0,2329,2352,40507,19,0,0,19,17
2020-12-04,US,Tennessee,Fentress,1275,24,0,36.38128818,-84.92870012,47049.0,0.0,0.0,6883.334233115586,1.8823529411764703,1251,1268,24,0,1244,1261,18217,7,0,0,7,7
2020-12-04,US,Tennessee,Franklin,2283,40,0,35.15634626,-86.09201039,47051.0,0.0,0.0,5408.927217589083,1.7520805957074026,2243,2245,38,0,2207,2231,41890,38,2,0,36,14
2020-12-04,US,Tennessee,Gibson,3446,72,0,35.99438059,-88.93358327,47053.0,0.0,0.0,7013.616103230009,2.089378990133488,3374,3393,72,0,3321,3370,49045,53,0,0,53,23
2020-12-04,US,Tennessee,Giles,1589,51,0,35.20222469,-87.03992678,47055.0,0.0,0.0,5393.0219929405375,3.2095657646318436,1538,1576,49,0,1527,1557,29503,13,2,0,11,19
2020-12-04,US,Tennessee,Grainger,1099,18,0,36.27469206,-83.51254721,47057.0,0.0,0.0,4712.692967409948,1.637852593266606,1081,1088,18,0,1070,1085,23145,11,0,0,11,3
2020-12-04,US,Tennessee,Greene,3380,74,0,36.17470125,-82.84691273,47059.0,0.0,0.0,4893.657067570111,2.189349112426036,3306,3355,74,0,3281,3330,69087,25,0,0,25,25
2020-12-04,US,Tennessee,Grundy,815,14,0,35.38433717,-85.72142731,47061.0,0.0,0.0,6069.8592388471,1.7177914110429449,801,806,14,0,792,803,13346,9,0,0,9,3
2020-12-04,US,Tennessee,Hamblen,3752,63,0,36.21990035,-83.26586179,47063.0,0.0,0.0,5778.174762066097,1.6791044776119404,3689,3724,62,0,3662,3697,64569,28,1,0,27,27
2020-12-04,US,Tennessee,Hamilton,18414,169,0,35.17670231,-85.16652245,47065.0,0.0,0.0,5006.470837728791,0.9177799500380146,18245,18210,162,0,18048,17857,364286,204,7,0,197,353
2020-12-04,US,Tennessee,Hancock,200,4,0,36.52692871,-83.22375847,47067.0,0.0,0.0,3021.1480362537764,2.0,196,196,4,0,192,189,6549,4,0,0,4,7
2020-12-04,US,Tennessee,Hardeman,2309,38,0,35.20772017,-88.99161161,47069.0,0.0,0.0,9217.56487025948,1.645734084019056,2271,2295,38,0,2257,2292,25220,14,0,0,14,3
2020-12-04,US,Tennessee,Hardin,1865,29,0,35.19732531,-88.18593755,47071.0,0.0,0.0,7270.388273818806,1.554959785522788,1836,1860,27,0,1833,1848,25776,5,2,0,3,12
2020-12-04,US,Tennessee,Hawkins,2159,36,0,36.44355426,-82.94885298,47073.0,0.0,0.0,3801.993449089565,1.667438628994905,2123,2130,35,0,2095,2088,56530,29,1,0,28,42
2020-12-04,US,Tennessee,Haywood,1695,30,0,35.58332824,-89.28536625,47075.0,0.0,0.0,9795.423023578363,1.7699115044247788,1665,1688,30,0,1658,1685,17335,7,0,0,7,3
2020-12-04,US,Tennessee,Henderson,1983,34,0,35.65581134,-88.38600175,47077.0,0.0,0.0,7052.672760251806,1.7145738779626831,1949,1959,34,0,1925,1943,27847,24,0,0,24,16
2020-12-04,US,Tennessee,Henry,1653,22,0,36.33160906,-88.30121797,47079.0,0.0,0.0,5110.527129386303,1.3309134906231097,1631,1633,21,0,1612,1626,32358,20,1,0,19,7
2020-12-04,US,Tennessee,Hickman,1258,19,0,35.80609681,-87.47643507,47081.0,0.0,0.0,4996.4254507903715,1.5103338632750398,1239,1246,19,0,1227,1240,25063,12,0,0,12,6
2020-12-04,US,Tennessee,Houston,607,20,0,36.28872054,-87.71878828,47083.0,0.0,0.0,7401.536398000244,3.2948929159802307,587,605,20,0,585,603,8263,2,0,0,2,2
2020-12-04,US,Tennessee,Humphreys,770,9,0,36.03958805,-87.77992872,47085.0,0.0,0.0,4143.795070498331,1.1688311688311688,761,764,8,0,756,760,18486,6,1,0,5,4
2020-12-04,US,Tennessee,Jackson,728,11,0,36.36380466,-85.67239905,47087.0,0.0,0.0,6176.819955879859,1.510989010989011,717,725,10,0,715,720,11758,3,1,0,2,5
2020-12-04,US,Tennessee,Jefferson,2495,35,0,36.04818632,-83.45148924,47089.0,0.0,0.0,4578.4016882282785,1.4028056112224452,2460,2454,35,0,2419,2425,54012,41,0,0,41,29
2020-12-04,US,Tennessee,Johnson,1479,23,0,36.45523950000001,-81.84886538,47091.0,0.0,0.0,8314.594108387677,1.5551048005409058,1456,1475,23,0,1452,1460,17778,4,0,0,4,15
2020-12-04,US,Tennessee,Knox,20582,164,0,35.99508821,-83.94635435,47093.0,0.0,0.0,4376.2345501825375,0.796812749003984,20418,20269,159,0,20110,19960,465289,313,5,0,308,309
2020-12-04,US,Tennessee,Lake,1207,7,0,36.34180170000001,-89.48921915,47095.0,0.0,0.0,17203.534777651083,0.579950289975145,1200,1193,6,0,1187,1189,7411,14,1,0,13,4
2020-12-04,US,Tennessee,Lauderdale,2144,23,0,35.75893438,-89.63015909999999,47097.0,0.0,0.0,8364.218000234074,1.0727611940298507,2121,2131,23,0,2108,2115,25825,13,0,0,13,16
2020-12-04,US,Tennessee,Lawrence,2937,38,0,35.21675201,-87.39787695,47099.0,0.0,0.0,6653.527252956368,1.2938372488934289,2899,2902,37,0,2865,2885,43734,35,1,0,34,17
2020-12-04,US,Tennessee,Lewis,819,16,0,35.52853208,-87.49022694,47101.0,0.0,0.0,6675.904792957288,1.953601953601953,803,815,16,0,799,807,12086,4,0,0,4,8
2020-12-04,US,Tennessee,Lincoln,1786,20,0,35.13738622,-86.58910106,47103.0,0.0,0.0,5196.997031950184,1.1198208286674132,1766,1775,20,0,1755,1751,34117,11,0,0,11,24
2020-12-04,US,Tennessee,Loudon,2469,21,0,35.73939663,-84.31145275,47105.0,0.0,0.0,4566.471850262632,0.8505467800729041,2448,2443,20,0,2423,2409,53054,26,1,0,25,34
2020-12-04,US,Tennessee,Macon,1936,30,0,36.53157855,-86.00778595,47111.0,0.0,0.0,7869.278920412975,1.5495867768595042,1906,1908,29,0,1879,1884,24265,28,1,0,27,24
2020-12-04,US,Tennessee,Madison,5671,116,0,35.61181957,-88.84076036,47113.0,0.0,0.0,5787.679621162639,2.045494621759831,5555,5602,114,0,5488,5555,97605,69,2,0,67,47
2020-12-04,US,Tennessee,Marion,1212,19,0,35.12997174,-85.62265895,47115.0,0.0,0.0,4192.756079842253,1.5676567656765676,1193,1187,19,0,1168,1166,28575,25,0,0,25,21
2020-12-04,US,Tennessee,Marshall,1861,22,0,35.45798777,-86.76420988,47117.0,0.0,0.0,5413.818181818182,1.1821601289629229,1839,1853,22,0,1831,1842,33683,8,0,0,8,11
2020-12-04,US,Tennessee,Maury,6396,75,0,35.618741299999996,-87.07462444,47119.0,0.0,0.0,6635.7496342867835,1.1726078799249529,6321,6364,72,0,6292,6320,94340,32,3,0,29,44
2020-12-04,US,Tennessee,McMinn,2842,57,0,35.42812616,-84.61520715,47107.0,0.0,0.0,5283.117076253858,2.0056298381421533,2785,2810,56,0,2754,2770,53285,32,1,0,31,40
2020-12-04,US,Tennessee,McNairy,1444,34,0,35.17468549,-88.5647812,47109.0,0.0,0.0,5619.989102514207,2.3545706371191137,1410,1437,34,0,1403,1427,25832,7,0,0,7,10
2020-12-04,US,Tennessee,Meigs,539,12,0,35.51558739,-84.81482914,47121.0,0.0,0.0,4339.075833199163,2.2263450834879412,527,525,12,0,513,522,12306,14,0,0,14,3
2020-12-04,US,Tennessee,Monroe,2350,46,0,35.44550387,-84.24902965,47123.0,0.0,0.0,5048.877430443657,1.9574468085106385,2304,2341,46,0,2295,2312,46357,9,0,0,9,29
2020-12-04,US,Tennessee,Montgomery,7238,87,0,36.49609412,-87.38550661,47125.0,0.0,0.0,3463.2738895561097,1.2019894998618403,7151,7172,86,0,7086,7069,205950,66,1,0,65,103
2020-12-04,US,Tennessee,Moore,421,2,0,35.27724699,-86.36230578,47127.0,0.0,0.0,6488.902589395808,0.4750593824228028,419,420,2,0,418,413,6411,1,0,0,1,7
2020-12-04,US,Tennessee,Morgan,809,7,0,36.13248031,-84.64880098,47129.0,0.0,0.0,3779.8439471102174,0.865265760197775,802,799,6,0,793,788,21579,10,1,0,9,11
2020-12-04,US,Tennessee,Obion,2798,55,0,36.35732446,-89.14921589,47131.0,0.0,0.0,9305.264558182846,1.965689778413152,2743,2780,53,0,2727,2775,30267,18,2,0,16,5
2020-12-04,US,Tennessee,Out of TN,9193,54,0,0.0,0.0,80047.0,0.0,0.0,0.0,0.587403459153704,9139,9002,54,0,8948,8643,,191,0,0,191,359
2020-12-04,US,Tennessee,Overton,1582,37,0,36.34117832,-85.28989535,47133.0,0.0,0.0,7112.989523852345,2.3388116308470295,1545,1577,36,0,1541,1571,22068,5,1,0,4,6
2020-12-04,US,Tennessee,Perry,515,22,0,35.63708728,-87.86139634,47135.0,0.0,0.0,6376.919266963841,4.271844660194175,493,509,22,0,487,508,8064,6,0,0,6,1
2020-12-04,US,Tennessee,Pickett,407,14,0,36.55606529,-85.07763299999998,47137.0,0.0,0.0,8062.599049128366,3.43980343980344,393,398,14,0,384,398,5082,9,0,0,9,0
2020-12-04,US,Tennessee,Polk,715,15,0,35.12245443,-84.52075859,47139.0,0.0,0.0,4247.861216730038,2.097902097902098,700,709,15,0,694,705,16898,6,0,0,6,4
2020-12-04,US,Tennessee,Putnam,6162,85,0,36.14005459,-85.50646123,47141.0,0.0,0.0,7678.983114212723,1.379422265498215,6077,6142,84,0,6058,6098,78843,20,1,0,19,44
2020-12-04,US,Tennessee,Rhea,1888,36,0,35.60536161,-84.93076643,47143.0,0.0,0.0,5692.405101456266,1.9067796610169487,1852,1878,36,0,1842,1859,33044,10,0,0,10,19
2020-12-04,US,Tennessee,Roane,2578,33,0,35.84923189,-84.52458689,47145.0,0.0,0.0,4829.3432243078205,1.2800620636152056,2545,2557,31,0,2526,2533,53140,21,2,0,19,24
2020-12-04,US,Tennessee,Robertson,4109,57,0,36.52454807,-86.87346725,47147.0,0.0,0.0,5721.805244175846,1.3871988318325628,4052,4043,56,0,3987,4002,71012,66,1,0,65,41
2020-12-04,US,Tennessee,Rutherford,19202,173,0,35.84591405,-86.4107263,47149.0,0.0,0.0,5778.774245000526,0.9009478179356316,19029,18968,169,0,18799,18788,324890,234,4,0,230,180
2020-12-04,US,Tennessee,Scott,1177,8,0,36.42325673,-84.50360494,47151.0,0.0,0.0,5333.514591263368,0.6796941376380629,1169,1173,7,0,1166,1171,22039,4,1,0,3,2
2020-12-04,US,Tennessee,Sequatchie,596,5,0,35.36979721,-85.41022136,47153.0,0.0,0.0,3966.458139225343,0.8389261744966443,591,584,5,0,579,566,14876,12,0,0,12,18
2020-12-04,US,Tennessee,Sevier,5317,38,0,35.78077323,-83.52244332,47155.0,0.0,0.0,5411.704834605598,0.7146887342486364,5279,5287,35,0,5252,5238,97892,30,3,0,27,49
2020-12-04,US,Tennessee,Shelby,50255,694,0,35.1864775,-89.89692423,47157.0,0.0,0.0,5362.443793308763,1.3809571186946572,49561,49731,687,0,49044,49412,935764,524,7,0,517,319
2020-12-04,US,Tennessee,Smith,1518,20,0,36.25359775,-85.95411046,47159.0,0.0,0.0,7530.882571811279,1.3175230566534917,1498,1509,20,0,1489,1496,19942,9,0,0,9,13
2020-12-04,US,Tennessee,Stewart,636,18,0,36.50235092,-87.83920548,47161.0,0.0,0.0,4637.2584761210355,2.830188679245283,618,633,17,0,616,624,13561,3,1,0,2,9
2020-12-04,US,Tennessee,Sullivan,7128,114,0,36.51240691,-82.30412917,47163.0,0.0,0.0,4501.477757849799,1.5993265993265993,7014,6979,111,0,6868,6913,157668,149,3,0,146,66
2020-12-04,US,Tennessee,Sumner,10700,144,0,36.46824103,-86.45917204,47165.0,0.0,0.0,5593.806036082664,1.3457943925233644,10556,10566,142,0,10424,10404,187149,134,2,0,132,162
2020-12-04,US,Tennessee,Tipton,3899,39,0,35.501942,-89.73694895,47167.0,0.0,0.0,6329.648208574815,1.000256476019492,3860,3858,39,0,3819,3839,61581,41,0,0,41,19
2020-12-04,US,Tennessee,Trousdale,1929,12,0,36.39026213,-86.16087954,47169.0,0.0,0.0,17095.001772421132,0.6220839813374806,1917,1926,12,0,1914,1922,11012,3,0,0,3,4
2020-12-04,US,Tennessee,Unassigned,5377,29,0,0.0,0.0,90047.0,0.0,0.0,0.0,0.5393342012274502,5348,5190,25,0,5165,5269,,187,4,0,183,0
2020-12-04,US,Tennessee,Unicoi,969,28,0,36.10890856,-82.43709629,47171.0,0.0,0.0,5418.553933903708,2.8895768833849327,941,960,26,0,934,935,17761,9,2,0,7,25
2020-12-04,US,Tennessee,Union,771,5,0,36.28590426,-83.83651902,47173.0,0.0,0.0,3860.404566392949,0.6485084306095981,766,766,5,0,761,759,19688,5,0,0,5,7
2020-12-04,US,Tennessee,Van Buren,389,3,0,35.69864497,-85.45221699,47175.0,0.0,0.0,6624.659400544959,0.7712082262210797,386,387,2,0,385,386,5765,2,1,0,1,1
2020-12-04,US,Tennessee,Warren,2539,19,0,35.672829899999996,-85.77969117,47177.0,0.0,0.0,6151.1253240303295,0.7483261126427727,2520,2519,19,0,2500,2507,40878,20,0,0,20,12
2020-12-04,US,Tennessee,Washington,6651,118,0,36.29472368,-82.49454720000001,47179.0,0.0,0.0,5140.869565217391,1.7741692978499477,6533,6572,116,0,6456,6469,128607,79,2,0,77,103
2020-12-04,US,Tennessee,Wayne,1986,11,0,35.23868267,-87.78644456,47181.0,0.0,0.0,11911.473640016791,0.553877139979859,1975,1976,10,0,1966,1972,16558,10,1,0,9,4
2020-12-04,US,Tennessee,Weakley,2278,36,0,36.29896232,-88.71990865,47183.0,0.0,0.0,6835.093614978397,1.5803336259877083,2242,2271,36,0,2235,2247,33415,7,0,0,7,24
2020-12-04,US,Tennessee,White,1909,19,0,35.92929884,-85.45591799,47185.0,0.0,0.0,6981.166575242275,0.995285489785228,1890,1886,19,0,1867,1873,27107,23,0,0,23,13
2020-12-04,US,Tennessee,Williamson,12236,87,0,35.89099229,-86.89281867,47187.0,0.0,0.0,5132.291998724896,0.7110166721150702,12149,12090,86,0,12004,11951,231729,146,1,0,145,139
2020-12-04,US,Tennessee,Wilson,8127,88,0,36.15496772,-86.29775884,47189.0,0.0,0.0,5618.117339637902,1.0828103851359665,8039,8016,84,0,7932,7943,140625,111,4,0,107,73
2020-12-04,US,Texas,Anderson,3217,49,0,31.81534745,-95.65354823,48001.0,0.0,0.0,5572.0100458993675,1.5231582219459123,3168,3211,49,0,3162,3198,58057,6,0,0,6,13
2020-12-04,US,Texas,Andrews,1097,14,0,32.30468633,-102.63765479999999,48003.0,0.0,0.0,5864.74204758086,1.276207839562443,1083,1097,14,0,1083,1087,18128,0,0,0,0,10
2020-12-04,US,Texas,Angelina,2715,104,0,31.25457347,-94.60901487,48005.0,0.0,0.0,3130.946203079053,3.830570902394107,2611,2660,103,0,2557,2641,87092,55,1,0,54,19
2020-12-04,US,Texas,Aransas,449,20,0,28.10556197,-96.9995047,48007.0,0.0,0.0,1909.8256061250531,4.4543429844098,429,446,19,0,427,439,23792,3,1,0,2,7
2020-12-04,US,Texas,Archer,294,2,0,33.61569967,-98.68754589,48009.0,0.0,0.0,3437.3903893370752,0.6802721088435374,292,295,2,0,293,276,8786,0,0,0,-1,19
2020-12-04,US,Texas,Armstrong,56,3,0,34.96507426,-101.35748740000001,48011.0,0.0,0.0,2967.67355590885,5.357142857142857,53,55,3,0,52,55,1892,1,0,0,1,0
2020-12-04,US,Texas,Atascosa,1670,43,0,28.89333001,-98.52730485,48013.0,0.0,0.0,3264.7156569507165,2.5748502994011977,1627,1641,42,0,1599,1647,50310,29,1,0,28,0
2020-12-04,US,Texas,Austin,662,12,0,29.88548725,-96.27736949,48015.0,0.0,0.0,2204.3153969099626,1.8126888217522656,650,657,12,0,645,643,29989,5,0,0,5,14
2020-12-04,US,Texas,Bailey,496,8,0,34.06854817,-102.8299707,48017.0,0.0,0.0,7085.7142857142835,1.6129032258064515,488,492,8,0,484,486,7027,4,0,0,4,6
2020-12-04,US,Texas,Bandera,281,11,0,29.74619598,-99.24598147,48019.0,0.0,0.0,1215.8186223606785,3.9145907473309607,270,280,11,0,269,279,22824,1,0,0,1,1
2020-12-04,US,Texas,Bastrop,2427,38,0,30.10370699,-97.31206354,48021.0,0.0,0.0,2735.480089717435,1.5657189946435932,2389,2409,37,0,2372,2399,86976,18,1,0,17,10
2020-12-04,US,Texas,Baylor,57,5,0,33.61640794,-99.21352901,48023.0,0.0,0.0,1624.3944143630665,8.771929824561402,52,57,5,0,52,57,3582,0,0,0,0,0
2020-12-04,US,Texas,Bee,2059,40,0,28.41761668,-97.74215593,48025.0,0.0,0.0,6322.739137110396,1.9426906265177268,2019,2047,40,0,2007,2056,32587,12,0,0,12,0
2020-12-04,US,Texas,Bell,9087,124,0,31.03736027,-97.4785025,48027.0,0.0,0.0,2503.830002975829,1.364586772312094,8963,8922,123,0,8799,8858,355642,165,1,0,164,64
2020-12-04,US,Texas,Bexar,85201,1525,0,29.44928723,-98.52019748,48029.0,0.0,0.0,4252.493319371477,1.7898850952453609,83676,83885,1516,0,82369,82125,1986049,1316,9,0,1307,1760
2020-12-04,US,Texas,Blanco,190,6,0,30.26640707,-98.3999852,48031.0,0.0,0.0,1592.4901517056408,3.1578947368421053,184,186,6,0,180,184,11702,4,0,0,4,2
2020-12-04,US,Texas,Borden,5,0,0,32.74363984,-101.43165090000001,48033.0,0.0,0.0,764.525993883792,0.0,5,5,0,0,5,5,648,0,0,0,0,0
2020-12-04,US,Texas,Bosque,552,16,0,31.89978581,-97.63613524,48035.0,0.0,0.0,2954.2413700829547,2.898550724637681,536,543,16,0,527,542,18691,9,0,0,9,1
2020-12-04,US,Texas,Bowie,2561,106,0,33.44626922,-94.41834132,48037.0,0.0,0.0,2746.527963965896,4.139008199921904,2455,2542,106,0,2436,2511,94324,19,0,0,19,31
2020-12-04,US,Texas,Brazoria,15418,206,0,29.18757369,-95.44563172,48039.0,0.0,0.0,4119.551974007653,1.336100661564405,15212,15089,206,0,14883,14876,370200,329,0,0,329,213
2020-12-04,US,Texas,Brazos,11531,113,0,30.663644800000004,-96.30205577,48041.0,0.0,0.0,5030.735872187635,0.9799670453559968,11418,11404,111,0,11293,11283,226758,127,2,0,125,121
2020-12-04,US,Texas,Brewster,716,6,0,29.81008251,-103.25203259999999,48043.0,0.0,0.0,7780.071715744864,0.8379888268156425,710,714,6,0,708,713,9267,2,0,0,2,1
2020-12-04,US,Texas,Briscoe,41,1,0,34.53026962,-101.2084947,48045.0,0.0,0.0,2652.0051746442427,2.4390243902439024,40,40,1,0,39,40,1516,1,0,0,1,0
2020-12-04,US,Texas,Brooks,415,25,0,27.03103197,-98.21808402,48047.0,0.0,0.0,5850.838855209362,6.024096385542169,390,414,25,0,389,411,7114,1,0,0,1,3
2020-12-04,US,Texas,Brown,967,35,0,31.77430356,-98.99907113,48049.0,0.0,0.0,2553.8770335939153,3.619441571871768,932,953,35,0,918,946,37924,14,0,0,14,7
2020-12-04,US,Texas,Burleson,681,9,0,30.49273808,-96.62158484,48051.0,0.0,0.0,3692.4578430840975,1.3215859030837005,672,677,9,0,668,675,18389,4,0,0,4,2
2020-12-04,US,Texas,Burnet,1512,19,0,30.78801353,-98.181887,48053.0,0.0,0.0,3139.860865953691,1.2566137566137563,1493,1498,19,0,1479,1461,47542,14,0,0,14,37
2020-12-04,US,Texas,Caldwell,1902,39,0,29.83668859,-97.61814775,48055.0,0.0,0.0,4355.991205569806,2.050473186119874,1863,1895,39,0,1856,1885,43247,7,0,0,7,10
2020-12-04,US,Texas,Calhoun,1024,10,0,28.47048236,-96.61633945,48057.0,0.0,0.0,4809.769844997652,0.9765625,1014,1012,10,0,1002,1007,21561,12,0,0,12,5
2020-12-04,US,Texas,Callahan,253,9,0,32.29760619,-99.37326312,48059.0,0.0,0.0,1814.5305888259345,3.5573122529644268,244,251,9,0,242,244,13994,2,0,0,2,7
2020-12-04,US,Texas,Cameron,26466,1129,0,26.14524221,-97.48140372,48061.0,0.0,0.0,6254.327528635537,4.265850525202147,25337,26342,1127,0,25215,26290,423908,124,2,0,122,52
2020-12-04,US,Texas,Camp,474,15,0,32.97195142,-94.97790104,48063.0,0.0,0.0,3619.978616160073,3.1645569620253164,459,472,15,0,457,464,13033,2,0,0,2,8
2020-12-04,US,Texas,Carson,114,3,0,35.40365929,-101.35426690000001,48065.0,0.0,0.0,1923.7259534255825,2.631578947368421,111,111,3,0,108,106,6005,3,0,0,3,5
2020-12-04,US,Texas,Cass,782,36,0,33.07499881,-94.34646905,48067.0,0.0,0.0,2604.409511756477,4.603580562659847,746,773,36,0,737,770,30119,9,0,0,9,3
2020-12-04,US,Texas,Castro,496,8,0,34.53016752,-102.2617243,48069.0,0.0,0.0,6586.9853917662695,1.6129032258064515,488,494,8,0,486,476,7665,2,0,0,2,18
2020-12-04,US,Texas,Chambers,2107,10,0,29.70972016,-94.67154501,48071.0,0.0,0.0,4806.4420466729025,0.4746084480303749,2097,2107,10,0,2097,2075,42454,0,0,0,0,32
2020-12-04,US,Texas,Cherokee,1766,61,0,31.837258000000002,-95.16559897,48073.0,0.0,0.0,3354.4808722410053,3.4541336353340877,1705,1763,59,0,1704,1757,52592,3,2,0,1,6
2020-12-04,US,Texas,Childress,885,2,0,34.529304100000004,-100.2077916,48075.0,0.0,0.0,12113.331508349302,0.2259887005649717,883,859,1,0,858,841,7291,26,1,0,25,18
2020-12-04,US,Texas,Clay,392,7,0,33.78686685,-98.20771198,48077.0,0.0,0.0,3743.673001623532,1.7857142857142858,385,380,7,0,373,350,10456,12,0,0,12,30
2020-12-04,US,Texas,Cochran,159,5,0,33.60425307,-102.82844990000001,48079.0,0.0,0.0,5573.080967402734,3.1446540880503147,154,159,5,0,154,159,2836,0,0,0,0,0
2020-12-04,US,Texas,Coke,206,9,0,31.88911733,-100.5297533,48081.0,0.0,0.0,6082.078535577207,4.368932038834951,197,206,9,0,197,206,3370,0,0,0,0,0
2020-12-04,US,Texas,Coleman,192,6,0,31.76736834,-99.45240766,48083.0,0.0,0.0,2348.6238532110087,3.125,186,190,6,0,184,187,8397,2,0,0,2,3
2020-12-04,US,Texas,Collin,28105,272,0,33.18820114,-96.57264368,48085.0,0.0,0.0,2716.167502633537,0.9677993239637076,27833,27848,266,0,27582,27553,1005146,257,6,0,251,295
2020-12-04,US,Texas,Collingsworth,54,1,0,34.96489496,-100.27001109999999,48087.0,0.0,0.0,1849.3150684931506,1.851851851851852,53,50,1,0,49,42,2962,4,0,0,4,8
2020-12-04,US,Texas,Colorado,692,6,0,29.622097999999998,-96.5273805,48089.0,0.0,0.0,3219.6529102498494,0.8670520231213873,686,689,5,0,684,682,21217,3,1,0,2,7
2020-12-04,US,Texas,Comal,3318,117,0,29.80811278,-98.27647225,48091.0,0.0,0.0,2124.0773578987128,3.5262206148282096,3201,3251,116,0,3135,3251,148373,67,1,0,66,0
2020-12-04,US,Texas,Comanche,560,8,0,31.94854689,-98.55876441,48093.0,0.0,0.0,4107.077374404107,1.4285714285714286,552,561,6,0,555,546,13534,0,2,0,-3,15
2020-12-04,US,Texas,Concho,129,2,0,31.32635934,-99.86473038,48095.0,0.0,0.0,4732.208363903155,1.5503875968992251,127,130,2,0,128,130,4276,0,0,0,-1,0
2020-12-04,US,Texas,Cooke,1172,14,0,33.63979567,-97.21240912,48097.0,0.0,0.0,2840.7300579295634,1.1945392491467577,1158,1153,14,0,1139,1094,40574,19,0,0,19,59
2020-12-04,US,Texas,Coryell,2618,17,0,31.39078397,-97.79936155,48099.0,0.0,0.0,3446.9592237100237,0.6493506493506493,2601,2579,17,0,2562,2565,74808,39,0,0,39,14
2020-12-04,US,Texas,Cottle,68,4,0,34.07783319,-100.27850620000001,48101.0,0.0,0.0,4864.0915593705295,5.882352941176472,64,65,4,0,61,63,1389,3,0,0,3,2
2020-12-04,US,Texas,Crane,254,8,0,31.43052248,-102.5143314,48103.0,0.0,0.0,5294.976026683344,3.1496062992125986,246,257,8,0,249,256,4794,0,0,0,-3,1
2020-12-04,US,Texas,Crockett,300,7,0,30.72367027,-101.4134238,48105.0,0.0,0.0,8660.508083140878,2.333333333333333,293,299,7,0,292,299,3499,1,0,0,1,0
2020-12-04,US,Texas,Crosby,182,16,0,33.61431553,-101.30003640000001,48107.0,0.0,0.0,3172.389750740805,8.791208791208794,166,182,16,0,166,180,5779,0,0,0,0,2
2020-12-04,US,Texas,Culberson,230,3,0,31.44506775,-104.5185739,48109.0,0.0,0.0,10594.196222938737,1.3043478260869563,227,226,3,0,223,225,2204,4,0,0,4,1
2020-12-04,US,Texas,Dallam,435,15,0,36.27787176,-102.60207249999999,48111.0,0.0,0.0,5969.534787978592,3.4482758620689653,420,430,15,0,415,430,7200,5,0,0,5,0
2020-12-04,US,Texas,Dallas,144645,1640,0,32.76670599,-96.77796049999999,48113.0,0.0,0.0,5488.299065534035,1.1338103633032597,143005,143739,1621,0,142118,141617,2637772,906,19,0,887,2122
2020-12-04,US,Texas,Dawson,1250,37,0,32.74255572,-101.94772420000001,48115.0,0.0,0.0,9820.867379006912,2.96,1213,1221,37,0,1184,1221,12619,29,0,0,29,0
2020-12-04,US,Texas,DeWitt,1257,45,0,29.08101855,-97.35681170000001,48123.0,0.0,0.0,6235.119047619048,3.5799522673031032,1212,1256,45,0,1211,1243,20187,1,0,0,1,13
2020-12-04,US,Texas,Deaf Smith,1551,40,0,34.96522957,-102.6054267,48117.0,0.0,0.0,8362.989323843416,2.5789813023855577,1511,1540,40,0,1500,1306,18760,11,0,0,11,234
2020-12-04,US,Texas,Delta,57,2,0,33.38570922,-95.66921122,48119.0,0.0,0.0,1069.2177827799662,3.5087719298245608,55,55,2,0,53,51,5349,2,0,0,2,4
2020-12-04,US,Texas,Denton,25645,236,0,33.20521901,-97.11691153,48121.0,0.0,0.0,2890.5317473825157,0.9202573601091832,25409,25094,227,0,24867,24623,859064,551,9,0,542,471
2020-12-04,US,Texas,Dickens,69,4,0,33.61616822,-100.7788855,48125.0,0.0,0.0,3120.7598371777476,5.797101449275362,65,69,4,0,65,67,2249,0,0,0,0,2
2020-12-04,US,Texas,Dimmit,388,8,0,28.42270064,-99.75645095,48127.0,0.0,0.0,3832.4772817068347,2.061855670103093,380,387,8,0,379,385,10308,1,0,0,1,2
2020-12-04,US,Texas,Donley,118,2,0,34.96517499,-100.8140093,48129.0,0.0,0.0,3599.755948749237,1.6949152542372878,116,115,2,0,113,114,3319,3,0,0,3,1
2020-12-04,US,Texas,Duval,646,24,0,27.68184592,-98.50864568,48131.0,0.0,0.0,5790.086940933943,3.7151702786377703,622,645,24,0,621,641,11212,1,0,0,1,4
2020-12-04,US,Texas,Eastland,407,9,0,32.32743996,-98.83243566,48133.0,0.0,0.0,2216.7755991285408,2.211302211302211,398,400,9,0,391,390,18322,7,0,0,7,10
2020-12-04,US,Texas,Ector,9754,151,0,31.86898877,-102.54294279999999,48135.0,0.0,0.0,5868.020671026272,1.5480828378101292,9603,9466,151,0,9315,9329,162124,288,0,0,288,137
2020-12-04,US,Texas,Edwards,119,2,0,29.98202582,-100.304252,48137.0,0.0,0.0,6159.420289855072,1.680672268907563,117,118,2,0,116,117,1928,1,0,0,1,1
2020-12-04,US,Texas,El Paso,89100,1186,0,31.76980765,-106.23632749999999,48141.0,0.0,0.0,10616.773787650225,1.3310886644219977,87914,88491,1142,0,87349,87799,840758,609,44,0,565,692
2020-12-04,US,Texas,Ellis,7817,121,0,32.34894117,-96.79371841,48139.0,0.0,0.0,4229.3833118717075,1.5479084047588594,7696,7755,118,0,7637,7460,179436,62,3,0,59,295
2020-12-04,US,Texas,Erath,1499,22,0,32.23602653,-98.21773417,48143.0,0.0,0.0,3510.703077427514,1.467645096731154,1477,1514,21,0,1493,1446,42446,0,1,0,-16,68
2020-12-04,US,Texas,Falls,828,15,0,31.25350609,-96.93630086,48145.0,0.0,0.0,4786.957275828178,1.8115942028985508,813,825,15,0,810,820,17335,3,0,0,3,5
2020-12-04,US,Texas,Fannin,1078,41,0,33.59564294,-96.10751083,48147.0,0.0,0.0,3035.4226502224474,3.803339517625232,1037,1072,40,0,1032,1036,35286,6,1,0,5,36
2020-12-04,US,Texas,Fayette,881,29,0,29.87788372,-96.92076062,48149.0,0.0,0.0,3475.8936321313026,3.2917139614074915,852,862,29,0,833,862,25349,19,0,0,19,0
2020-12-04,US,Texas,Fisher,169,4,0,32.74281316,-100.40193020000001,48151.0,0.0,0.0,4412.5326370757175,2.366863905325444,165,172,4,0,168,163,3839,0,0,0,-3,9
2020-12-04,US,Texas,Floyd,198,16,0,34.07227468,-101.3031546,48153.0,0.0,0.0,3466.386554621849,8.080808080808081,182,196,16,0,180,190,5837,2,0,0,2,6
2020-12-04,US,Texas,Foard,35,4,0,33.97308618,-99.7767797,48155.0,0.0,0.0,3030.3030303030305,11.428571428571427,31,35,3,0,32,35,1200,0,1,0,-1,0
2020-12-04,US,Texas,Fort Bend,22104,341,0,29.52704478,-95.77219463,48157.0,0.0,0.0,2723.2138457141173,1.5427072023163229,21763,21502,339,0,21163,20739,787858,602,2,0,600,763
2020-12-04,US,Texas,Franklin,256,10,0,33.17653242,-95.21917243,48159.0,0.0,0.0,2386.946386946387,3.90625,246,256,10,0,246,253,10766,0,0,0,0,3
2020-12-04,US,Texas,Freestone,541,14,0,31.70422788,-96.15072516,48161.0,0.0,0.0,2743.825125526196,2.587800369685767,527,527,13,0,514,522,19808,14,1,0,13,5
2020-12-04,US,Texas,Frio,1216,9,0,28.86751206,-99.10804207,48163.0,0.0,0.0,5988.377819363735,0.7401315789473685,1207,1195,9,0,1186,1187,19816,21,0,0,21,8
2020-12-04,US,Texas,Gaines,1025,18,0,32.74055318,-102.6353295,48165.0,0.0,0.0,4769.216452633538,1.7560975609756098,1007,996,18,0,978,996,20901,29,0,0,29,0
2020-12-04,US,Texas,Galveston,15240,186,0,29.40167322,-94.90469073,48167.0,0.0,0.0,4454.329965306498,1.220472440944882,15054,15113,185,0,14928,14976,337890,127,1,0,126,137
2020-12-04,US,Texas,Garza,165,15,0,33.17969345,-101.2984114,48169.0,0.0,0.0,2648.9003050248834,9.090909090909092,150,163,14,0,149,163,6578,2,1,0,1,0
2020-12-04,US,Texas,Gillespie,774,11,0,30.31824095,-98.94676915,48171.0,0.0,0.0,2867.941307247665,1.421188630490956,763,760,11,0,749,752,26804,14,0,0,14,8
2020-12-04,US,Texas,Glasscock,33,1,0,31.86942909,-101.5207776,48173.0,0.0,0.0,2342.08658623137,3.0303030303030303,32,44,1,0,43,44,1388,0,0,0,-11,0
2020-12-04,US,Texas,Goliad,183,6,0,28.65696592,-97.42760647,48175.0,0.0,0.0,2389.657874118569,3.278688524590164,177,182,6,0,176,182,7584,1,0,0,1,0
2020-12-04,US,Texas,Gonzales,1315,24,0,29.45634206,-97.49424032,48177.0,0.0,0.0,6310.889283486106,1.8250950570342208,1291,1296,24,0,1272,1294,20826,19,0,0,19,2
2020-12-04,US,Texas,Gray,1356,22,0,35.40081878,-100.8129222,48179.0,0.0,0.0,6195.741569953395,1.6224188790560472,1334,1318,22,0,1296,1313,21895,38,0,0,38,5
2020-12-04,US,Texas,Grayson,4717,113,0,33.62744998,-96.67753461,48181.0,0.0,0.0,3462.9841717322997,2.3955904176383296,4604,4670,112,0,4558,4588,133991,47,1,0,46,82
2020-12-04,US,Texas,Gregg,3416,115,0,32.47940482,-94.81591935,48183.0,0.0,0.0,2756.061156157973,3.3665105386416863,3301,3356,112,0,3244,3336,123707,60,3,0,57,20
2020-12-04,US,Texas,Grimes,1429,41,0,30.54579585,-95.98902499,48185.0,0.0,0.0,4948.060941828255,2.869139258222533,1388,1405,40,0,1365,1390,28360,24,1,0,23,15
2020-12-04,US,Texas,Guadalupe,4651,87,0,29.58165339,-97.94786822,48187.0,0.0,0.0,2787.583834291297,1.870565469791443,4564,4542,87,0,4455,4542,163694,109,0,0,109,0
2020-12-04,US,Texas,Hale,4416,97,0,34.07044901,-101.82681140000001,48189.0,0.0,0.0,13219.182182841403,2.1965579710144927,4319,4363,96,0,4267,4287,33830,53,1,0,52,76
2020-12-04,US,Texas,Hall,115,3,0,34.5307555,-100.68138520000001,48191.0,0.0,0.0,3879.892037786775,2.608695652173913,112,97,3,0,94,89,3028,18,0,0,18,8
2020-12-04,US,Texas,Hamilton,313,8,0,31.70470573,-98.11083887,48193.0,0.0,0.0,3699.3263207658665,2.5559105431309903,305,307,8,0,299,301,8484,6,0,0,6,6
2020-12-04,US,Texas,Hansford,255,9,0,36.27743284,-101.3545796,48195.0,0.0,0.0,4723.096869790702,3.5294117647058822,246,255,9,0,246,242,5463,0,0,0,0,13
2020-12-04,US,Texas,Hardeman,118,4,0,34.28944521,-99.74632408,48197.0,0.0,0.0,3000.2542588354945,3.3898305084745757,114,108,4,0,104,100,3922,10,0,0,10,8
2020-12-04,US,Texas,Hardin,1625,42,0,30.33364686,-94.38931817,48199.0,0.0,0.0,2821.0826012985663,2.5846153846153848,1583,1625,42,0,1583,1625,57207,0,0,0,0,0
2020-12-04,US,Texas,Harris,195558,3046,0,29.85864939,-95.39339521,48201.0,0.0,0.0,4149.045525186572,1.557594166436556,192512,194899,3032,0,191867,193089,4698619,659,14,0,645,1810
2020-12-04,US,Texas,Harrison,1259,46,0,32.54935988,-94.36934071,48203.0,0.0,0.0,1891.7253917930068,3.653693407466243,1213,1256,46,0,1210,1245,66726,3,0,0,3,11
2020-12-04,US,Texas,Hartley,252,0,0,35.84008013,-102.6029022,48205.0,0.0,0.0,4519.368723098994,0.0,252,209,0,0,209,209,5619,43,0,0,43,0
2020-12-04,US,Texas,Haskell,104,5,0,33.17823584,-99.73037358,48207.0,0.0,0.0,1838.1053375751148,4.807692307692308,99,103,5,0,98,97,5813,1,0,0,1,6
2020-12-04,US,Texas,Hays,7644,106,0,30.05669873,-98.02944344,48209.0,0.0,0.0,3320.7206189642516,1.3867085295656725,7538,7592,105,0,7487,7526,222631,52,1,0,51,66
2020-12-04,US,Texas,Hemphill,257,1,0,35.83764858,-100.2703577,48211.0,0.0,0.0,6729.510343021733,0.3891050583657588,256,252,1,0,251,249,3825,5,0,0,5,3
2020-12-04,US,Texas,Henderson,1909,55,0,32.21128872,-95.85846587,48213.0,0.0,0.0,2307.311118363006,2.8810895756940806,1854,1892,55,0,1837,1875,82299,17,0,0,17,17
2020-12-04,US,Texas,Hidalgo,45387,2090,0,26.39418217,-98.18299696,48215.0,0.0,0.0,5224.661479647339,4.604842796395444,43297,44879,2082,0,42797,44153,865939,508,8,0,500,726
2020-12-04,US,Texas,Hill,1252,20,0,31.99045053,-97.13423143,48217.0,0.0,0.0,3416.191437692706,1.597444089456869,1232,1238,20,0,1218,1235,36354,14,0,0,14,3
2020-12-04,US,Texas,Hockley,1398,57,0,33.60771256,-102.3431676,48219.0,0.0,0.0,6072.716215629208,4.07725321888412,1341,1389,57,0,1332,1377,22980,9,0,0,9,12
2020-12-04,US,Texas,Hood,1810,53,0,32.42990927,-97.83242024,48221.0,0.0,0.0,2936.2620248852263,2.9281767955801103,1757,1872,53,0,1819,1744,60537,0,0,0,-62,128
2020-12-04,US,Texas,Hopkins,893,56,0,33.14875072,-95.56351139,48223.0,0.0,0.0,2408.0465969151114,6.270996640537514,837,888,54,0,834,844,36810,5,2,0,3,44
2020-12-04,US,Texas,Houston,580,16,0,31.31925973,-95.42226208,48225.0,0.0,0.0,2525.252525252525,2.7586206896551726,564,580,16,0,564,576,23169,0,0,0,0,4
2020-12-04,US,Texas,Howard,2159,43,0,32.30621324,-101.4356444,48227.0,0.0,0.0,5888.610080733145,1.9916628068550253,2116,2134,37,0,2097,2124,36459,25,6,0,19,10
2020-12-04,US,Texas,Hudspeth,267,4,0,31.45628381,-105.388178,48229.0,0.0,0.0,5464.592713876382,1.49812734082397,263,270,4,0,266,270,4795,0,0,0,-3,0
2020-12-04,US,Texas,Hunt,2881,62,0,33.12351514,-96.08551032,48231.0,0.0,0.0,2922.0845081850816,2.1520305449496697,2819,2849,62,0,2787,2780,96493,32,0,0,32,69
2020-12-04,US,Texas,Hutchinson,702,29,0,35.84006574,-101.3546643,48233.0,0.0,0.0,3352.755755086446,4.131054131054132,673,693,28,0,665,676,21198,9,1,0,8,17
2020-12-04,US,Texas,Irion,34,0,0,31.30375559,-100.982439,48235.0,0.0,0.0,2213.5416666666665,0.0,34,34,0,0,34,34,1522,0,0,0,0,0
2020-12-04,US,Texas,Jack,277,4,0,33.23377248,-98.17283469,48237.0,0.0,0.0,3100.1678791270288,1.444043321299639,273,278,4,0,274,272,8843,0,0,0,-1,6
2020-12-04,US,Texas,Jackson,848,16,0,28.95472367,-96.57749563,48239.0,0.0,0.0,5745.257452574528,1.8867924528301887,832,837,16,0,821,834,14874,11,0,0,11,3
2020-12-04,US,Texas,Jasper,559,37,0,30.74685667,-94.02667579,48241.0,0.0,0.0,1573.3626051957556,6.6189624329159225,522,559,36,0,523,559,35872,0,1,0,-1,0
2020-12-04,US,Texas,Jeff Davis,73,0,0,30.71490589,-104.1399973,48243.0,0.0,0.0,3210.2022867194373,0.0,73,74,0,0,74,74,2252,0,0,0,-1,0
2020-12-04,US,Texas,Jefferson,10866,183,0,29.8832777,-94.16434171,48245.0,0.0,0.0,4319.36080138334,1.6841524019878518,10683,10779,183,0,10596,10677,255001,87,0,0,87,102
2020-12-04,US,Texas,Jim Hogg,230,8,0,27.04453923,-98.69681870000001,48247.0,0.0,0.0,4423.076923076923,3.4782608695652173,222,227,8,0,219,223,5248,3,0,0,3,4
2020-12-04,US,Texas,Jim Wells,2118,56,0,27.73103938,-98.0904705,48249.0,0.0,0.0,5231.954942937602,2.644003777148253,2062,2113,56,0,2057,2092,40822,5,0,0,5,21
2020-12-04,US,Texas,Johnson,6213,113,0,32.37877812,-97.36615819,48251.0,0.0,0.0,3533.787972721637,1.818767101239337,6100,6171,112,0,6059,5917,171361,42,1,0,41,254
2020-12-04,US,Texas,Jones,1649,11,0,32.73997145,-99.87861576,48253.0,0.0,0.0,8210.924662650003,0.6670709520921769,1638,1640,11,0,1629,1629,19817,9,0,0,9,11
2020-12-04,US,Texas,Karnes,1026,18,0,28.90705334,-97.85960149,48255.0,0.0,0.0,6576.501506313697,1.7543859649122806,1008,1021,18,0,1003,1018,15650,5,0,0,5,3
2020-12-04,US,Texas,Kaufman,5579,87,0,32.599141700000004,-96.28734728,48257.0,0.0,0.0,4097.565991450857,1.5594192507617852,5492,5539,85,0,5454,5279,128622,40,2,0,38,260
2020-12-04,US,Texas,Kendall,601,17,0,29.94414155,-98.7113588,48259.0,0.0,0.0,1267.1037928780756,2.8286189683860234,584,593,15,0,578,598,45641,8,2,0,6,0
2020-12-04,US,Texas,Kenedy,13,2,0,26.92601662,-97.66413984,48261.0,0.0,0.0,3217.8217821782177,15.384615384615385,11,13,2,0,11,13,442,0,0,0,0,0
2020-12-04,US,Texas,Kent,26,1,0,33.18104136,-100.7780939,48263.0,0.0,0.0,3412.073490813649,3.8461538461538463,25,26,1,0,25,26,726,0,0,0,0,0
2020-12-04,US,Texas,Kerr,1087,24,0,30.06040006,-99.34930144,48265.0,0.0,0.0,2066.539923954373,2.2079116835326587,1063,1077,24,0,1053,1072,52405,10,0,0,10,5
2020-12-04,US,Texas,Kimble,132,4,0,30.48678918,-99.74856473,48267.0,0.0,0.0,3043.578510491123,3.0303030303030303,128,134,4,0,130,124,4362,0,0,0,-2,10
2020-12-04,US,Texas,King,2,0,0,33.61643847,-100.2558057,48269.0,0.0,0.0,735.2941176470587,0.0,2,2,0,0,2,2,277,0,0,0,0,0
2020-12-04,US,Texas,Kinney,96,2,0,29.34967888,-100.41866379999999,48271.0,0.0,0.0,2617.943823288792,2.083333333333333,94,96,2,0,94,95,3767,0,0,0,0,1
2020-12-04,US,Texas,Kleberg,1227,55,0,27.42435506,-97.69894948,48273.0,0.0,0.0,3999.3481095176007,4.4824775876120615,1172,1222,55,0,1167,1220,31129,5,0,0,5,2
2020-12-04,US,Texas,Knox,125,9,0,33.60519951,-99.74229059999999,48275.0,0.0,0.0,3411.572052401746,7.2,116,150,9,0,141,123,3653,0,0,0,-25,27
2020-12-04,US,Texas,La Salle,417,14,0,28.34453111,-99.09908775,48283.0,0.0,0.0,5545.212765957447,3.357314148681055,403,419,14,0,405,402,7531,0,0,0,-2,17
2020-12-04,US,Texas,Lamar,2787,75,0,33.66981763,-95.57404777,48277.0,0.0,0.0,5589.763132032332,2.6910656620021527,2712,2787,69,0,2718,2787,49728,0,6,0,-6,0
2020-12-04,US,Texas,Lamb,1088,50,0,34.06859623,-102.35162890000001,48279.0,0.0,0.0,8438.687659970527,4.595588235294118,1038,1060,50,0,1010,1039,13158,28,0,0,28,21
2020-12-04,US,Texas,Lampasas,439,11,0,31.19531316,-98.24206613,48281.0,0.0,0.0,2048.7212992346467,2.5056947608200457,428,412,11,0,401,403,21229,27,0,0,27,9
2020-12-04,US,Texas,Lavaca,1439,44,0,29.38508402,-96.93186692,48285.0,0.0,0.0,7140.021831894413,3.0576789437109104,1395,1431,44,0,1387,1426,20110,8,0,0,8,5
2020-12-04,US,Texas,Lee,318,19,0,30.31120597,-96.97045773,48287.0,0.0,0.0,1844.654562329601,5.9748427672955975,299,301,19,0,282,300,17144,17,0,0,17,1
2020-12-04,US,Texas,Leon,457,16,0,31.29872538,-95.9936328,48289.0,0.0,0.0,2625.833141806481,3.5010940919037203,441,453,16,0,437,451,17270,4,0,0,4,2
2020-12-04,US,Texas,Liberty,2605,69,0,30.15152688,-94.81205615,48291.0,0.0,0.0,2952.8786315873,2.648752399232245,2536,2601,69,0,2532,2592,86323,4,0,0,4,9
2020-12-04,US,Texas,Limestone,831,18,0,31.5454767,-96.58095444,48293.0,0.0,0.0,3545.675641080343,2.166064981949458,813,815,18,0,797,800,23519,16,0,0,16,15
2020-12-04,US,Texas,Lipscomb,151,1,0,36.27783108,-100.27331509999999,48295.0,0.0,0.0,4670.584596350139,0.6622516556291391,150,143,1,0,142,137,3355,8,0,0,8,6
2020-12-04,US,Texas,Live Oak,502,10,0,28.35101362,-98.1246786,48297.0,0.0,0.0,4112.394527729991,1.99203187250996,492,457,10,0,447,452,12166,45,0,0,45,5
2020-12-04,US,Texas,Llano,345,4,0,30.70645047,-98.68475262,48299.0,0.0,0.0,1582.9318651066758,1.1594202898550725,341,335,4,0,331,322,21646,10,0,0,10,13
2020-12-04,US,Texas,Loving,1,0,0,31.84947612,-103.5818571,48301.0,0.0,0.0,591.7159763313608,0.0,1,1,0,0,1,1,152,0,0,0,0,0
2020-12-04,US,Texas,Lubbock,33864,394,0,33.61008596,-101.82047890000001,48303.0,0.0,0.0,10903.857113878075,1.1634774391684384,33470,33271,381,0,32890,33045,307412,593,13,0,580,226
2020-12-04,US,Texas,Lynn,400,10,0,33.17657705,-101.8162849,48305.0,0.0,0.0,6721.559401781215,2.5,390,395,10,0,385,395,5877,5,0,0,5,0
2020-12-04,US,Texas,Madison,874,15,0,30.96694679,-95.93003775,48313.0,0.0,0.0,6118.734248109773,1.7162471395881007,859,870,15,0,855,869,14422,4,0,0,4,1
2020-12-04,US,Texas,Marion,186,17,0,32.79868409,-94.35661230000001,48315.0,0.0,0.0,1887.5583519382992,9.13978494623656,169,186,17,0,169,186,9928,0,0,0,0,0
2020-12-04,US,Texas,Martin,246,8,0,32.30600051,-101.9513518,48317.0,0.0,0.0,4262.692774215907,3.2520325203252027,238,258,8,0,250,254,5753,0,0,0,-12,4
2020-12-04,US,Texas,Mason,137,2,0,30.71780434,-99.22629416,48319.0,0.0,0.0,3205.4281703322413,1.45985401459854,135,133,2,0,131,133,4280,4,0,0,4,0
2020-12-04,US,Texas,Matagorda,1343,60,0,28.81955746,-96.01230294,48321.0,0.0,0.0,3665.092923614333,4.467609828741623,1283,1322,60,0,1262,1314,36552,21,0,0,21,8
2020-12-04,US,Texas,Maverick,5059,174,0,28.7429195,-100.3157686,48323.0,0.0,0.0,8615.169783045536,3.4394149041312514,4885,5012,174,0,4838,4922,58485,47,0,0,47,90
2020-12-04,US,Texas,McCulloch,282,6,0,31.1925468,-99.34682807,48307.0,0.0,0.0,3532.064128256513,2.127659574468085,276,279,6,0,273,279,7987,3,0,0,3,0
2020-12-04,US,Texas,McLennan,14813,205,0,31.55255453,-97.20217694,48309.0,0.0,0.0,5772.280738671126,1.3839195301424423,14608,14672,201,0,14471,14531,254607,141,4,0,137,141
2020-12-04,US,Texas,McMullen,30,1,0,28.35251708,-98.56769164,48311.0,0.0,0.0,4037.6850605652758,3.333333333333333,29,30,1,0,29,30,749,0,0,0,0,0
2020-12-04,US,Texas,Medina,1588,50,0,29.355730100000002,-99.11030298,48325.0,0.0,0.0,3078.473945409429,3.1486146095717884,1538,1579,49,0,1530,1557,50921,9,1,0,8,22
2020-12-04,US,Texas,Menard,116,3,0,30.88990665,-99.82047940000001,48327.0,0.0,0.0,5425.631431244154,2.586206896551724,113,114,3,0,111,113,2139,2,0,0,2,1
2020-12-04,US,Texas,Midland,8109,150,0,31.86904128,-102.03156820000001,48329.0,0.0,0.0,4585.708469055375,1.8497965223825377,7959,8109,150,0,7959,7980,172578,0,0,0,0,129
2020-12-04,US,Texas,Milam,684,9,0,30.78581830000001,-96.97718698,48331.0,0.0,0.0,2755.509003746525,1.3157894736842106,675,673,9,0,664,668,25131,11,0,0,11,5
2020-12-04,US,Texas,Mills,168,6,0,31.49557106,-98.59272068,48333.0,0.0,0.0,3447.568233121281,3.571428571428572,162,167,5,0,162,153,4921,1,1,0,0,14
2020-12-04,US,Texas,Mitchell,364,7,0,32.30623474,-100.9212058,48335.0,0.0,0.0,4259.801053247513,1.9230769230769231,357,362,7,0,355,356,8145,2,0,0,2,6
2020-12-04,US,Texas,Montague,791,20,0,33.67521893,-97.72500958,48337.0,0.0,0.0,3991.3210212937734,2.528445006321113,771,765,19,0,746,715,19596,26,1,0,25,50
2020-12-04,US,Texas,Montgomery,18934,216,0,30.30079133,-95.50572772,48339.0,0.0,0.0,3117.26713105726,1.140804901235872,18718,18648,215,0,18433,18430,590925,286,1,0,285,218
2020-12-04,US,Texas,Moore,1688,33,0,35.83769242,-101.8930281,48341.0,0.0,0.0,8061.127029608405,1.954976303317536,1655,1667,32,0,1635,1641,21485,21,1,0,20,26
2020-12-04,US,Texas,Morris,290,8,0,33.11304005,-94.73255695,48343.0,0.0,0.0,2340.975137229577,2.7586206896551726,282,290,8,0,282,286,12339,0,0,0,0,4
2020-12-04,US,Texas,Motley,26,2,0,34.07408766,-100.77972199999999,48345.0,0.0,0.0,2166.6666666666665,7.6923076923076925,24,26,1,0,25,22,1234,0,1,0,-1,4
2020-12-04,US,Texas,Nacogdoches,2032,89,0,31.62017125,-94.61803994,48347.0,0.0,0.0,3116.3732286362797,4.37992125984252,1943,2019,89,0,1930,1993,65711,13,0,0,13,26
2020-12-04,US,Texas,Navarro,1897,41,0,32.04620681,-96.47428766,48349.0,0.0,0.0,3785.444894538343,2.161307327358988,1856,1897,39,0,1858,1877,49565,0,2,0,-2,20
2020-12-04,US,Texas,Newton,201,16,0,30.78548982,-93.74408813,48351.0,0.0,0.0,1478.4847370356754,7.960199004975125,185,201,16,0,185,201,13746,0,0,0,0,0
2020-12-04,US,Texas,Nolan,844,11,0,32.30365282,-100.4060208,48353.0,0.0,0.0,5736.0337093924145,1.3033175355450235,833,827,11,0,816,790,14751,17,0,0,17,37
2020-12-04,US,Texas,Nueces,25117,498,0,27.736286,-97.5433285,48355.0,0.0,0.0,6932.76731052681,1.9827208663455032,24619,24959,496,0,24463,24820,362265,158,2,0,156,139
2020-12-04,US,Texas,Ochiltree,615,6,0,36.27829105,-100.8158184,48357.0,0.0,0.0,6252.541683611225,0.975609756097561,609,602,6,0,596,576,9947,13,0,0,13,26
2020-12-04,US,Texas,Oldham,55,2,0,35.40425596,-102.6027606,48359.0,0.0,0.0,2604.1666666666665,3.636363636363636,53,55,2,0,53,49,2131,0,0,0,0,6
2020-12-04,US,Texas,Orange,2563,52,0,30.11879481,-93.89412775,48361.0,0.0,0.0,3073.2888867571587,2.0288724151385096,2511,2563,51,0,2512,2563,83572,0,1,0,-1,0
2020-12-04,US,Texas,Palo Pinto,1170,35,0,32.75310985,-98.31319001,48363.0,0.0,0.0,4008.3593134399935,2.9914529914529915,1135,1159,35,0,1124,1125,28875,11,0,0,11,34
2020-12-04,US,Texas,Panola,554,36,0,32.163959600000005,-94.30552481,48365.0,0.0,0.0,2388.548762611021,6.498194945848375,518,553,36,0,517,549,23148,1,0,0,1,4
2020-12-04,US,Texas,Parker,4487,73,0,32.77757172,-97.80500621,48367.0,0.0,0.0,3140.441495541651,1.6269222197459328,4414,4441,73,0,4368,4255,138371,46,0,0,46,186
2020-12-04,US,Texas,Parmer,755,25,0,34.52993409,-102.78446679999999,48369.0,0.0,0.0,7860.489328474753,3.3112582781456954,730,750,25,0,725,722,9864,5,0,0,5,28
2020-12-04,US,Texas,Pecos,852,19,0,30.78097267,-102.72412609999999,48371.0,0.0,0.0,5384.56676989193,2.2300469483568075,833,813,17,0,796,814,15673,39,2,0,37,0
2020-12-04,US,Texas,Polk,1033,42,0,30.79472531,-94.82766240000001,48373.0,0.0,0.0,2011.566997059568,4.065827686350437,991,1013,42,0,971,1005,50031,20,0,0,20,8
2020-12-04,US,Texas,Potter,13512,226,0,35.40133773,-101.893964,48375.0,0.0,0.0,11507.899331431248,1.6725873297809355,13286,13326,218,0,13108,13062,119648,186,8,0,178,264
2020-12-04,US,Texas,Presidio,467,9,0,29.99954402,-104.24080790000001,48377.0,0.0,0.0,6965.99045346062,1.9271948608137044,458,467,9,0,458,467,6948,0,0,0,0,0
2020-12-04,US,Texas,Rains,185,9,0,32.87109387,-95.79232691,48379.0,0.0,0.0,1478.3442544350323,4.864864864864865,176,182,9,0,173,168,12159,3,0,0,3,14
2020-12-04,US,Texas,Randall,11640,122,0,34.96585996,-101.8971322,48381.0,0.0,0.0,8452.361069761026,1.0481099656357389,11518,11334,118,0,11216,11050,136271,306,4,0,302,284
2020-12-04,US,Texas,Reagan,230,6,0,31.36607041,-101.52326590000001,48383.0,0.0,0.0,5975.578072226553,2.608695652173913,224,229,6,0,223,227,3741,1,0,0,1,2
2020-12-04,US,Texas,Real,144,10,0,29.83321503,-99.82018052,48385.0,0.0,0.0,4171.4947856315175,6.9444444444444455,134,143,10,0,133,143,3478,1,0,0,1,0
2020-12-04,US,Texas,Red River,234,18,0,33.61886692,-95.04841765,48387.0,0.0,0.0,1946.269649837811,7.6923076923076925,216,230,18,0,212,228,12175,4,0,0,4,2
2020-12-04,US,Texas,Reeves,728,14,0,31.32323325,-103.69038959999999,48389.0,0.0,0.0,4556.835252879318,1.9230769230769231,714,724,14,0,710,716,15695,4,0,0,4,8
2020-12-04,US,Texas,Refugio,363,16,0,28.323897600000002,-97.15766311,48391.0,0.0,0.0,5224.525043177893,4.40771349862259,347,363,16,0,347,360,7032,0,0,0,0,3
2020-12-04,US,Texas,Roberts,29,1,0,35.83809685,-100.813175,48393.0,0.0,0.0,3395.7845433255266,3.4482758620689653,28,29,1,0,28,29,903,0,0,0,0,0
2020-12-04,US,Texas,Robertson,540,8,0,31.02539637,-96.51272246,48395.0,0.0,0.0,3162.7035258287456,1.4814814814814814,532,535,8,0,527,519,17284,5,0,0,5,16
2020-12-04,US,Texas,Rockwall,3493,39,0,32.89779518,-96.40771592,48397.0,0.0,0.0,3329.361864366392,1.116518751789293,3454,3444,39,0,3405,3274,100657,49,0,0,49,170
2020-12-04,US,Texas,Runnels,400,11,0,31.8314342,-99.97616148,48399.0,0.0,0.0,3897.116134060796,2.75,389,402,11,0,391,390,10234,0,0,0,-2,12
2020-12-04,US,Texas,Rusk,1248,36,0,32.10773545,-94.76176432,48401.0,0.0,0.0,2293.86464728155,2.8846153846153846,1212,1245,35,0,1210,1245,54450,3,1,0,2,0
2020-12-04,US,Texas,Sabine,122,10,0,31.34318809,-93.85440451,48403.0,0.0,0.0,1157.2756592676913,8.196721311475411,112,122,10,0,112,122,10589,0,0,0,0,0
2020-12-04,US,Texas,San Augustine,268,18,0,31.39457611,-94.17000399,48405.0,0.0,0.0,3253.611751851402,6.7164179104477615,250,265,18,0,247,262,8232,3,0,0,3,3
2020-12-04,US,Texas,San Jacinto,261,15,0,30.57933681,-95.16260304,48407.0,0.0,0.0,904.3972417616687,5.747126436781608,246,258,15,0,243,257,28719,3,0,0,3,1
2020-12-04,US,Texas,San Patricio,1883,86,0,28.00880118,-97.51763891,48409.0,0.0,0.0,2821.8192716918925,4.567180031864047,1797,1883,85,0,1798,1883,66893,0,1,0,-1,0
2020-12-04,US,Texas,San Saba,312,9,0,31.1577796,-98.81758731,48411.0,0.0,0.0,5152.766308835673,2.8846153846153846,303,310,9,0,301,312,6054,2,0,0,2,0
2020-12-04,US,Texas,Schleicher,136,4,0,30.89740592,-100.5384842,48413.0,0.0,0.0,4869.316147511636,2.9411764705882355,132,134,4,0,130,132,2895,2,0,0,2,2
2020-12-04,US,Texas,Scurry,1687,24,0,32.74613808,-100.91626640000001,48415.0,0.0,0.0,10099.982039154644,1.4226437462951986,1663,1663,22,0,1641,1643,16866,24,2,0,22,20
2020-12-04,US,Texas,Shackelford,59,0,0,32.73587756,-99.35401337,48417.0,0.0,0.0,1807.0444104134765,0.0,59,58,0,0,58,55,3253,1,0,0,1,3
2020-12-04,US,Texas,Shelby,606,36,0,31.79211404,-94.14550696,48419.0,0.0,0.0,2397.7209780802405,5.9405940594059405,570,605,36,0,569,602,25418,1,0,0,1,3
2020-12-04,US,Texas,Sherman,91,2,0,36.27751473,-101.8933156,48421.0,0.0,0.0,3011.250827266711,2.1978021978021984,89,90,2,0,88,89,3079,1,0,0,1,1
2020-12-04,US,Texas,Smith,6113,207,0,32.37474036,-95.27175679999999,48423.0,0.0,0.0,2626.411916597566,3.3862260755766402,5906,6085,204,0,5881,6066,230221,28,3,0,25,19
2020-12-04,US,Texas,Somervell,298,5,0,32.22236802,-97.77403489,48425.0,0.0,0.0,3264.6801051709026,1.6778523489932886,293,295,5,0,290,284,9016,3,0,0,3,11
2020-12-04,US,Texas,Starr,4120,191,0,26.56150059,-98.73892358,48427.0,0.0,0.0,6374.452678972042,4.635922330097087,3929,4118,190,0,3928,4107,64525,2,1,0,1,11
2020-12-04,US,Texas,Stephens,342,7,0,32.73553157,-98.83631615,48429.0,0.0,0.0,3651.505445227418,2.046783625730994,335,337,7,0,330,328,9433,5,0,0,5,9
2020-12-04,US,Texas,Sterling,41,1,0,31.82781912,-101.05007459999999,48431.0,0.0,0.0,3175.832687838885,2.4390243902439024,40,39,1,0,38,39,1311,2,0,0,2,0
2020-12-04,US,Texas,Stonewall,30,2,0,33.17906744,-100.25384009999999,48433.0,0.0,0.0,2222.222222222222,6.666666666666668,28,29,2,0,27,26,1362,1,0,0,1,3
2020-12-04,US,Texas,Sutton,230,4,0,30.49856623,-100.5382014,48435.0,0.0,0.0,6091.101694915255,1.7391304347826086,226,228,4,0,224,228,3758,2,0,0,2,0
2020-12-04,US,Texas,Swisher,298,10,0,34.53028891,-101.73491740000001,48437.0,0.0,0.0,4028.6602676760854,3.355704697986577,288,292,9,0,283,289,7462,6,1,0,5,3
2020-12-04,US,Texas,Tarrant,107178,1077,0,32.77143818,-97.29101614,48439.0,0.0,0.0,5097.609291729192,1.004870402507977,106101,105675,1067,0,104608,103781,2084931,1503,10,0,1493,1894
2020-12-04,US,Texas,Taylor,3671,130,0,32.30163422,-99.89007449,48441.0,0.0,0.0,2659.489690945709,3.5412694088804137,3541,3613,128,0,3485,3551,137640,58,2,0,56,62
2020-12-04,US,Texas,Terrell,26,1,0,30.22429013,-102.0766732,48443.0,0.0,0.0,3350.5154639175257,3.8461538461538463,25,26,1,0,25,26,823,0,0,0,0,0
2020-12-04,US,Texas,Terry,992,28,0,33.17402785,-102.3354521,48445.0,0.0,0.0,8040.852719461782,2.8225806451612905,964,970,27,0,943,970,12287,22,1,0,21,0
2020-12-04,US,Texas,Throckmorton,25,2,0,33.17751417,-99.21226795,48447.0,0.0,0.0,1665.5562958027979,8.0,23,25,2,0,23,24,1515,0,0,0,0,1
2020-12-04,US,Texas,Titus,1828,41,0,33.21339719,-94.96797273,48449.0,0.0,0.0,5581.679389312977,2.2428884026258205,1787,1826,41,0,1785,1811,33033,2,0,0,2,15
2020-12-04,US,Texas,Tom Green,9621,127,0,31.40464436,-100.46244300000001,48451.0,0.0,0.0,8071.3087248322145,1.3200291030038458,9494,9621,124,0,9497,9501,118189,0,3,0,-3,120
2020-12-04,US,Texas,Travis,39566,493,0,30.33432034,-97.78535620000001,48453.0,0.0,0.0,3105.763630397958,1.2460193095081635,39073,39267,492,0,38775,39037,1248743,299,1,0,298,230
2020-12-04,US,Texas,Trinity,232,9,0,31.0879489,-95.1367187,48455.0,0.0,0.0,1583.5096580438196,3.8793103448275854,223,230,9,0,221,229,14740,2,0,0,2,1
2020-12-04,US,Texas,Tyler,325,5,0,30.77031716,-94.37690895,48457.0,0.0,0.0,1499.6308600959765,1.5384615384615383,320,318,5,0,313,318,21696,7,0,0,7,0
2020-12-04,US,Texas,Upshur,631,22,0,32.73706798,-94.93999853,48459.0,0.0,0.0,1511.2686513543936,3.4865293185419968,609,629,22,0,607,619,41260,2,0,0,2,10
2020-12-04,US,Texas,Upton,84,6,0,31.36868194,-102.0423217,48461.0,0.0,0.0,2296.9647251845777,7.142857142857142,78,84,6,0,78,84,3671,0,0,0,0,0
2020-12-04,US,Texas,Uvalde,1191,38,0,29.35739637,-99.76229172,48463.0,0.0,0.0,4453.834935118358,3.190596137699412,1153,1182,38,0,1144,1167,26846,9,0,0,9,15
2020-12-04,US,Texas,Val Verde,3300,143,0,29.89149232,-101.1525205,48465.0,0.0,0.0,6731.259561448241,4.333333333333333,3157,3300,143,0,3157,3300,49208,0,0,0,0,0
2020-12-04,US,Texas,Van Zandt,1167,36,0,32.56483801,-95.83766469,48467.0,0.0,0.0,2062.201802438593,3.0848329048843186,1131,1155,35,0,1120,1150,56019,12,1,0,11,5
2020-12-04,US,Texas,Victoria,5152,104,0,28.79780988,-96.96813006,48469.0,0.0,0.0,5594.891620694149,2.018633540372671,5048,5127,104,0,5023,4943,92035,25,0,0,25,184
2020-12-04,US,Texas,Walker,4513,71,0,30.73872995,-95.57440968,48471.0,0.0,0.0,6184.6486960573375,1.573232882783071,4442,4489,71,0,4418,4497,72480,24,0,0,24,0
2020-12-04,US,Texas,Waller,1266,19,0,30.01058447,-95.99011759,48473.0,0.0,0.0,2291.568620352605,1.500789889415482,1247,1255,19,0,1236,1245,53126,11,0,0,11,10
2020-12-04,US,Texas,Ward,439,5,0,31.50999644,-103.09279090000001,48475.0,0.0,0.0,3658.943157192865,1.1389521640091116,434,433,5,0,428,432,11720,6,0,0,6,1
2020-12-04,US,Texas,Washington,985,54,0,30.21498498,-96.40946246,48477.0,0.0,0.0,2745.1089682849342,5.4822335025380715,931,976,54,0,922,966,35108,9,0,0,9,10
2020-12-04,US,Texas,Webb,20731,386,0,27.7610369,-99.33237355,48479.0,0.0,0.0,7493.52977748218,1.8619458781534897,20345,20280,382,0,19898,20280,275910,451,4,0,447,0
2020-12-04,US,Texas,Wharton,1722,69,0,29.27765923,-96.22319248,48481.0,0.0,0.0,4143.80594859948,4.006968641114983,1653,1715,69,0,1646,1703,41619,7,0,0,7,12
2020-12-04,US,Texas,Wheeler,256,6,0,35.40114335,-100.26995140000001,48483.0,0.0,0.0,5063.291139240508,2.34375,250,252,6,0,246,244,5191,4,0,0,4,8
2020-12-04,US,Texas,Wichita,7612,141,0,33.98842886,-98.70410340000001,48485.0,0.0,0.0,5756.636164259246,1.8523384130320544,7471,7469,136,0,7333,7299,132064,143,5,0,138,170
2020-12-04,US,Texas,Wilbarger,791,16,0,34.07945812,-99.24178437,48487.0,0.0,0.0,6194.6902654867245,2.02275600505689,775,786,16,0,770,749,12820,5,0,0,5,37
2020-12-04,US,Texas,Willacy,1388,61,0,26.47411727,-97.61535848,48489.0,0.0,0.0,6498.735836688828,4.394812680115273,1327,1387,60,0,1327,1378,21515,1,1,0,0,9
2020-12-04,US,Texas,Williamson,14012,175,0,30.64655664,-97.60048540000001,48491.0,0.0,0.0,2372.699394294481,1.2489294890094205,13837,13834,171,0,13663,13674,566719,178,4,0,174,160
2020-12-04,US,Texas,Wilson,1264,29,0,29.1732598,-98.08693082,48493.0,0.0,0.0,2475.0342666927745,2.2943037974683542,1235,1240,29,0,1211,1233,50224,24,0,0,24,7
2020-12-04,US,Texas,Winkler,318,6,0,31.85008651,-103.04851629999999,48495.0,0.0,0.0,3970.037453183521,1.8867924528301887,312,310,6,0,304,300,7720,8,0,0,8,10
2020-12-04,US,Texas,Wise,2179,48,0,33.21570665,-97.65460265,48497.0,0.0,0.0,3113.568815729309,2.202845341899954,2131,2128,46,0,2082,1982,68305,51,2,0,49,146
2020-12-04,US,Texas,Wood,934,53,0,32.78722382,-95.38236368,48499.0,0.0,0.0,2050.9892619512943,5.674518201284799,881,928,52,0,876,927,45129,6,1,0,5,1
2020-12-04,US,Texas,Yoakum,625,11,0,33.17320212,-102.82764329999999,48501.0,0.0,0.0,7173.189486973488,1.76,614,623,11,0,612,623,8591,2,0,0,2,0
2020-12-04,US,Texas,Young,977,23,0,33.17659707,-98.68790885,48503.0,0.0,0.0,5424.764019988896,2.3541453428863868,954,975,21,0,954,920,18045,2,2,0,0,55
2020-12-04,US,Texas,Zapata,548,9,0,27.00156391,-99.16987152,48505.0,0.0,0.0,3864.8705832569294,1.6423357664233578,539,546,9,0,537,544,14190,2,0,0,2,2
2020-12-04,US,Texas,Zavala,704,24,0,28.86617238,-99.76050829,48507.0,0.0,0.0,5945.945945945946,3.4090909090909087,680,696,24,0,672,695,11983,8,0,0,8,1
2020-12-04,US,Utah,Bear River,11040,34,0,41.52106798,-113.08328159999999,0.0,0.0,0.0,5909.494802428031,0.3079710144927536,11006,10807,34,0,10773,10587,,233,0,0,233,220
2020-12-04,US,Utah,Central Utah,3544,19,0,39.37231946,-111.5758676,0.0,0.0,0.0,4324.377089586841,0.536117381489842,3525,3445,19,0,3426,3382,,99,0,0,99,63
2020-12-04,US,Utah,Davis,17846,69,0,40.99001837,-112.1139997,49011.0,0.0,0.0,5020.240181613082,0.3866412641488289,17777,17507,68,0,17439,17132,351713,339,1,0,338,375
2020-12-04,US,Utah,Salt Lake,85082,421,0,40.66616532,-111.92160109999999,49035.0,0.0,0.0,7331.8930713170985,0.4948167650031734,84661,84141,415,0,83726,82813,1152633,941,6,0,935,1328
2020-12-04,US,Utah,San Juan,1124,31,0,37.62762978,-109.80337140000002,49037.0,0.0,0.0,7342.565978573295,2.7580071174377223,1093,1103,31,0,1072,1071,15449,21,0,0,21,32
2020-12-04,US,Utah,Southeast Utah,1516,9,0,38.99617072,-110.70139579999999,0.0,0.0,0.0,3768.425762509634,0.5936675461741425,1507,1477,9,0,1468,1442,,39,0,0,39,35
2020-12-04,US,Utah,Southwest Utah,13211,95,0,37.85447192,-111.4418764,0.0,0.0,0.0,5241.5867196737045,0.71909772159564,13116,12875,95,0,12780,12552,,336,0,0,336,323
2020-12-04,US,Utah,Summit,2381,5,0,40.86688146,-110.9535882,49043.0,0.0,0.0,5649.543243563887,0.20999580008399832,2376,2331,5,0,2326,2290,41933,50,0,0,50,41
2020-12-04,US,Utah,Tooele,3175,9,0,40.44862644,-113.12957150000001,49045.0,0.0,0.0,4393.916328761815,0.28346456692913385,3166,3133,9,0,3124,3063,69907,42,0,0,42,70
2020-12-04,US,Utah,TriCounty,1652,8,0,40.12491499,-109.5174415,0.0,0.0,0.0,2917.593868107803,0.4842615012106538,1644,1624,8,0,1616,1590,,28,0,0,28,34
2020-12-04,US,Utah,Utah,51958,148,0,40.116672200000004,-111.66576620000001,49049.0,0.0,0.0,8166.479366900595,0.2848454520959237,51810,51382,147,0,51235,50313,622213,576,1,0,575,1069
2020-12-04,US,Utah,Wasatch,2413,13,0,40.33110236,-111.1691419,49051.0,0.0,0.0,7078.114458361444,0.5387484459179445,2400,2373,13,0,2360,2323,33240,40,0,0,40,50
2020-12-04,US,Utah,Weber-Morgan,14228,64,0,41.27116049,-111.9145117,0.0,0.0,0.0,5224.4094632752785,0.4498172617374192,14164,13967,64,0,13903,13662,,261,0,0,261,305
2020-12-04,US,Vermont,Addison,195,2,0,44.03217337,-73.14130877,50001.0,0.0,0.0,530.2226935312831,1.0256410256410255,193,189,2,0,187,177,36973,6,0,0,6,12
2020-12-04,US,Vermont,Bennington,231,1,0,43.03519828,-73.09048868,50003.0,0.0,0.0,651.2545813363406,0.4329004329004329,230,224,1,0,223,222,35631,7,0,0,7,2
2020-12-04,US,Vermont,Caledonia,151,2,0,44.46548598,-72.10314651,50005.0,0.0,0.0,503.4508051878772,1.3245033112582782,149,146,2,0,144,145,30302,5,0,0,5,1
2020-12-04,US,Vermont,Chittenden,1688,43,0,44.46322849,-73.08359212,50007.0,0.0,0.0,1030.6886318951726,2.5473933649289098,1645,1646,41,0,1605,1583,164572,42,2,0,40,63
2020-12-04,US,Vermont,Essex,62,0,0,44.72736416,-71.73579864,50009.0,0.0,0.0,1006.003569690086,0.0,62,58,0,0,58,57,6250,4,0,0,4,1
2020-12-04,US,Vermont,Franklin,296,11,0,44.85627605,-72.91249563,50011.0,0.0,0.0,599.166025666977,3.716216216216216,285,288,11,0,277,275,49421,8,0,0,8,13
2020-12-04,US,Vermont,Grand Isle,46,0,0,44.797582399999996,-73.29679772,50013.0,0.0,0.0,635.798203178991,0.0,46,42,0,0,42,40,7090,4,0,0,4,2
2020-12-04,US,Vermont,Lamoille,174,1,0,44.60353043,-72.64356694,50015.0,0.0,0.0,686.0657676839364,0.5747126436781609,173,170,1,0,169,166,25300,4,0,0,4,4
2020-12-04,US,Vermont,Orange,237,0,0,44.00470222,-72.37640104,50017.0,0.0,0.0,820.2962757856848,0.0,237,232,0,0,232,223,28999,5,0,0,5,9
2020-12-04,US,Vermont,Orleans,168,2,0,44.82964024,-72.24562697,50019.0,0.0,0.0,621.3707142064577,1.1904761904761905,166,165,2,0,163,148,26907,3,0,0,3,17
2020-12-04,US,Vermont,Rutland,268,6,0,43.57723578,-73.03741676,50021.0,0.0,0.0,460.552319087144,2.238805970149253,262,266,6,0,260,257,58672,2,0,0,2,9
2020-12-04,US,Vermont,Unassigned,8,0,0,0.0,0.0,90050.0,0.0,0.0,0.0,0.0,8,8,0,0,8,8,,0,0,0,0,0
2020-12-04,US,Vermont,Washington,736,2,0,44.27343241,-72.61604978,50023.0,0.0,0.0,1260.079782225342,0.2717391304347826,734,721,2,0,719,692,58140,15,0,0,15,29
2020-12-04,US,Vermont,Windham,276,5,0,42.986982,-72.71268875,50025.0,0.0,0.0,653.6876509876367,1.8115942028985508,271,266,5,0,261,250,42756,10,0,0,10,16
2020-12-04,US,Vermont,Windsor,227,2,0,43.58010937,-72.58595157,50027.0,0.0,0.0,412.2625404089935,0.8810572687224669,225,221,2,0,219,218,55286,6,0,0,6,3
2020-12-04,US,Virginia,Accomack,1367,21,0,37.76707161,-75.63234615,51001.0,0.0,0.0,4230.102735487065,1.5362106803218727,1346,1363,21,0,1342,1359,32412,4,0,0,4,4
2020-12-04,US,Virginia,Albemarle,1979,27,0,38.02080697,-78.55481085,51003.0,0.0,0.0,1810.116162078112,1.3643254168772108,1952,1939,27,0,1912,1932,108718,40,0,0,40,7
2020-12-04,US,Virginia,Alexandria,5513,81,0,38.814003,-77.08183073,51510.0,0.0,0.0,3457.9873046139946,1.4692544893887176,5432,5479,79,0,5400,5447,160530,34,2,0,32,32
2020-12-04,US,Virginia,Alleghany,355,15,0,37.78636074,-80.00222498,51005.0,0.0,0.0,2388.963660834455,4.225352112676056,340,344,11,0,333,343,14910,11,4,0,7,1
2020-12-04,US,Virginia,Amelia,244,7,0,37.34081025,-77.98584649,51007.0,0.0,0.0,1856.2190947128186,2.8688524590163933,237,235,7,0,228,233,13013,9,0,0,9,2
2020-12-04,US,Virginia,Amherst,867,7,0,37.60308293,-79.14548696,51009.0,0.0,0.0,2743.236829615568,0.8073817762399077,860,841,7,0,834,833,31666,26,0,0,26,8
2020-12-04,US,Virginia,Appomattox,425,6,0,37.37569884,-78.81340003,51011.0,0.0,0.0,2671.108038463956,1.4117647058823528,419,414,6,0,408,410,15841,11,0,0,11,4
2020-12-04,US,Virginia,Arlington,6535,157,0,38.8767675,-77.10139853,51013.0,0.0,0.0,2759.223448543755,2.4024483550114772,6378,6472,157,0,6315,6417,237521,63,0,0,63,55
2020-12-04,US,Virginia,Augusta,1339,12,0,38.16404586,-79.12461614,51015.0,0.0,0.0,1772.1485481352074,0.8961911874533234,1327,1294,12,0,1282,1262,75457,45,0,0,45,32
2020-12-04,US,Virginia,Bath,67,0,0,38.05852573,-79.73912095,51017.0,0.0,0.0,1615.625753556788,0.0,67,67,0,0,67,66,4292,0,0,0,0,1
2020-12-04,US,Virginia,Bedford,1956,21,0,37.3080028,-79.5281964,51019.0,0.0,0.0,2476.043394052939,1.0736196319018405,1935,1908,21,0,1887,1893,78747,48,0,0,48,15
2020-12-04,US,Virginia,Bland,216,5,0,37.13128068,-81.13599391,51021.0,0.0,0.0,3439.490445859873,2.314814814814815,211,214,5,0,209,204,6293,2,0,0,2,10
2020-12-04,US,Virginia,Botetourt,818,13,0,37.55531756,-79.80982182,51023.0,0.0,0.0,2447.7093868757293,1.5892420537897312,805,802,13,0,789,794,33277,16,0,0,16,8
2020-12-04,US,Virginia,Bristol,581,7,0,36.616302399999995,-82.16359122,51520.0,0.0,0.0,3466.1734876506384,1.2048192771084338,574,568,7,0,561,555,16482,13,0,0,13,13
2020-12-04,US,Virginia,Brunswick,486,7,0,36.76366949,-77.8593436,51025.0,0.0,0.0,2994.270223646109,1.4403292181069958,479,482,7,0,475,474,16384,4,0,0,4,8
2020-12-04,US,Virginia,Buchanan,458,6,0,37.26818323,-82.03749726,51027.0,0.0,0.0,2180.5370405637022,1.310043668122271,452,457,6,0,451,449,21221,1,0,0,1,8
2020-12-04,US,Virginia,Buckingham,914,10,0,37.57242268,-78.52518834,51029.0,0.0,0.0,5330.067646372755,1.0940919037199124,904,907,10,0,897,905,16999,7,0,0,7,2
2020-12-04,US,Virginia,Buena Vista,299,1,0,37.73484642,-79.35296097,51530.0,0.0,0.0,4615.622105588144,0.33444816053511706,298,281,1,0,280,275,6237,18,0,0,18,6
2020-12-04,US,Virginia,Campbell,1258,13,0,37.20553386,-79.09678609,51031.0,0.0,0.0,2292.065227293432,1.0333863275039743,1245,1230,13,0,1217,1224,54973,28,0,0,28,6
2020-12-04,US,Virginia,Caroline,686,7,0,38.02679129,-77.34901405,51033.0,0.0,0.0,2232.7095199349064,1.020408163265306,679,676,7,0,669,649,30772,10,0,0,10,27
2020-12-04,US,Virginia,Carroll,1023,30,0,36.73066666,-80.73455942,51035.0,0.0,0.0,3433.922996878252,2.9325513196480935,993,1002,30,0,972,992,29636,21,0,0,21,10
2020-12-04,US,Virginia,Charles City,146,7,0,37.35358063,-77.05634116,51036.0,0.0,0.0,2096.7973574608645,4.794520547945205,139,145,7,0,138,145,6941,1,0,0,1,0
2020-12-04,US,Virginia,Charlotte,288,5,0,37.01909701,-78.66314092,51037.0,0.0,0.0,2424.242424242424,1.7361111111111112,283,287,5,0,282,286,11938,1,0,0,1,1
2020-12-04,US,Virginia,Charlottesville,1890,31,0,38.03527919,-78.48569588,51540.0,0.0,0.0,3998.645961156011,1.6402116402116402,1859,1872,31,0,1841,1864,48117,18,0,0,18,8
2020-12-04,US,Virginia,Chesapeake,6841,81,0,36.67670048,-76.30545744,51550.0,0.0,0.0,2794.1266567280004,1.1840374214296157,6760,6790,81,0,6709,6739,242634,51,0,0,51,51
2020-12-04,US,Virginia,Chesterfield,9732,135,0,37.37373208,-77.58680140000001,51041.0,0.0,0.0,2758.487763674809,1.3871763255240444,9597,9631,135,0,9496,9563,348556,101,0,0,101,68
2020-12-04,US,Virginia,Clarke,213,4,0,39.11271747,-77.99199425,51043.0,0.0,0.0,1457.0080032833982,1.8779342723004693,209,213,4,0,209,210,14523,0,0,0,0,3
2020-12-04,US,Virginia,Colonial Heights,447,26,0,37.26420587,-77.39609676,51570.0,0.0,0.0,2573.4024179620033,5.8165548098434,421,438,26,0,412,429,17833,9,0,0,9,9
2020-12-04,US,Virginia,Covington,179,2,0,37.7824656,-79.98631446,51580.0,0.0,0.0,3232.213795594077,1.11731843575419,177,175,2,0,173,170,5460,4,0,0,4,5
2020-12-04,US,Virginia,Craig,94,1,0,37.48133648,-80.21072274,51045.0,0.0,0.0,1832.0015591502633,1.0638297872340423,93,92,1,0,91,90,5064,2,0,0,2,2
2020-12-04,US,Virginia,Culpeper,2294,19,0,38.48199985,-77.95630870000002,51047.0,0.0,0.0,4360.802205113582,0.8282476024411508,2275,2264,20,0,2244,2256,51859,30,0,0,31,8
2020-12-04,US,Virginia,Cumberland,163,4,0,37.51328851,-78.24398086,51049.0,0.0,0.0,1641.1598872331854,2.4539877300613497,159,162,4,0,158,162,9809,1,0,0,1,0
2020-12-04,US,Virginia,Danville,1684,51,0,36.58022376,-79.40395668,51590.0,0.0,0.0,4205.374088502647,3.0285035629453683,1633,1677,51,0,1626,1671,40693,7,0,0,7,6
2020-12-04,US,Virginia,Dickenson,315,1,0,37.12560977,-82.35124171,51051.0,0.0,0.0,2200.0279368626902,0.31746031746031744,314,305,1,0,304,294,14523,10,0,0,10,11
2020-12-04,US,Virginia,Dinwiddie,691,14,0,37.07544585,-77.63451754,51053.0,0.0,0.0,2420.8239910313896,2.0260492040520983,677,687,14,0,673,682,28529,4,0,0,4,5
2020-12-04,US,Virginia,Emporia,341,28,0,36.69455571,-77.53406129,51595.0,0.0,0.0,6378.600823045267,8.21114369501466,313,338,28,0,310,338,5121,3,0,0,3,0
2020-12-04,US,Virginia,Essex,259,2,0,37.93357639,-76.94230311,51057.0,0.0,0.0,2364.6489546243038,0.7722007722007722,257,258,2,0,256,257,10919,1,0,0,1,1
2020-12-04,US,Virginia,Fairfax,32246,625,0,38.83677558,-77.27565836,51059.0,0.0,0.0,2810.0305699536048,1.9382248961111457,31621,31915,624,0,31291,31661,1150795,331,1,0,330,254
2020-12-04,US,Virginia,Fairfax,32246,625,0,38.83677558,-77.27565836,51059.0,0.0,0.0,2810.0305699536048,1.9382248961111457,31621,31915,624,0,31291,31661,24574,331,1,0,330,254
2020-12-04,US,Virginia,Fairfax City,214,9,0,38.85157547,-77.29779640000002,51600.0,0.0,0.0,890.9613222865231,4.205607476635514,205,213,9,0,204,212,24574,1,0,0,1,1
2020-12-04,US,Virginia,Falls Church,117,6,0,38.88485255,-77.17560759,51610.0,0.0,0.0,800.4378463432989,5.128205128205129,111,112,6,0,106,109,14772,5,0,0,5,3
2020-12-04,US,Virginia,Fauquier,1599,28,0,38.73564842,-77.80647472,51061.0,0.0,0.0,2245.0928084018983,1.7510944340212633,1571,1559,28,0,1531,1540,70675,40,0,0,40,19
2020-12-04,US,Virginia,Floyd,371,16,0,36.9302126,-80.36738849,51063.0,0.0,0.0,2355.705124134866,4.31266846361186,355,363,16,0,347,355,15795,8,0,0,8,8
2020-12-04,US,Virginia,Fluvanna,511,9,0,37.84157909,-78.27715475,51065.0,0.0,0.0,1873.8540520718732,1.761252446183953,502,505,9,0,496,504,26783,6,0,0,6,1
2020-12-04,US,Virginia,Franklin,1710,17,0,36.99536167,-79.88023649,51067.0,0.0,0.0,3051.2829663466687,0.9941520467836256,1693,1675,17,0,1658,1655,56195,35,0,0,35,20
2020-12-04,US,Virginia,Franklin,1710,17,0,36.99536167,-79.88023649,51067.0,0.0,0.0,3051.2829663466687,0.9941520467836256,1693,1675,17,0,1658,1655,8013,35,0,0,35,20
2020-12-04,US,Virginia,Franklin City,554,17,0,36.6831435,-76.93859681,51620.0,0.0,0.0,6953.683946278398,3.068592057761733,537,551,17,0,534,551,8013,3,0,0,3,0
2020-12-04,US,Virginia,Frederick,2337,19,0,39.20172582,-78.25974949,51069.0,0.0,0.0,2616.640354707601,0.8130081300813008,2318,2319,19,0,2300,2286,88355,18,0,0,18,33
2020-12-04,US,Virginia,Fredericksburg,723,6,0,38.2977863,-77.4922454,51630.0,0.0,0.0,2490.012398401984,0.8298755186721992,717,717,6,0,711,711,29144,6,0,0,6,6
2020-12-04,US,Virginia,Galax,579,30,0,36.66601852,-80.91703124,51640.0,0.0,0.0,9122.420040964233,5.181347150259066,549,575,30,0,545,574,6423,4,0,0,4,1
2020-12-04,US,Virginia,Giles,321,1,0,37.31234791,-80.70636931,51071.0,0.0,0.0,1919.8564593301435,0.3115264797507788,320,317,2,0,315,307,16844,4,0,0,5,10
2020-12-04,US,Virginia,Gloucester,543,5,0,37.40809042,-76.53524337,51073.0,0.0,0.0,1453.893113419728,0.9208103130755064,538,524,3,0,521,521,37349,19,2,0,17,3
2020-12-04,US,Virginia,Goochland,470,7,0,37.71714806,-77.90381514,51075.0,0.0,0.0,1978.697427693344,1.4893617021276595,463,463,7,0,456,457,23244,7,0,0,7,6
2020-12-04,US,Virginia,Grayson,544,22,0,36.65677234,-81.23215889,51077.0,0.0,0.0,3498.3922829581993,4.044117647058823,522,542,22,0,520,537,15631,2,0,0,2,5
2020-12-04,US,Virginia,Greene,380,4,0,38.29545894,-78.46525378,51079.0,0.0,0.0,1917.3520359251224,1.0526315789473684,376,375,4,0,371,373,19779,5,0,0,5,2
2020-12-04,US,Virginia,Greensville,944,16,0,36.67878901,-77.56351439,51081.0,0.0,0.0,8327.452364149613,1.6949152542372878,928,938,16,0,922,937,11627,6,0,0,6,1
2020-12-04,US,Virginia,Halifax,848,18,0,36.76654925,-78.93512622,51083.0,0.0,0.0,2500.663501518681,2.1226415094339623,830,838,18,0,820,834,34120,10,0,0,10,4
2020-12-04,US,Virginia,Hampton,2882,35,0,37.03513786,-76.35879121,51650.0,0.0,0.0,2142.5916288751764,1.2144344205412907,2847,2867,35,0,2832,2846,134313,15,0,0,15,21
2020-12-04,US,Virginia,Hanover,2583,56,0,37.7583355,-77.49464673,51085.0,0.0,0.0,2396.859863036579,2.168021680216802,2527,2534,54,0,2480,2494,107239,49,2,0,47,40
2020-12-04,US,Virginia,Harrisonburg,3529,38,0,38.43542574,-78.87536254,51660.0,0.0,0.0,6656.48106232081,1.0767922924341171,3491,3498,38,0,3460,3493,54033,31,0,0,31,5
2020-12-04,US,Virginia,Henrico,8710,260,0,37.53460572,-77.39326555,51087.0,0.0,0.0,2632.867619053377,2.985074626865672,8450,8615,260,0,8355,8549,329261,95,0,0,95,66
2020-12-04,US,Virginia,Henry,1997,41,0,36.68542395,-79.87634026,51089.0,0.0,0.0,3949.997033051803,2.053079619429144,1956,1967,41,0,1926,1943,50953,30,0,0,30,24
2020-12-04,US,Virginia,Highland,23,0,0,38.35799465,-79.56124594,51091.0,0.0,0.0,1050.2283105022834,0.0,23,22,0,0,22,17,2210,1,0,0,1,5
2020-12-04,US,Virginia,Hopewell,644,9,0,37.29186313,-77.29754684,51670.0,0.0,0.0,2858.5378845044165,1.3975155279503106,635,630,9,0,621,630,22596,14,0,0,14,0
2020-12-04,US,Virginia,Isle of Wight,1062,27,0,36.90579348,-76.70842863,51093.0,0.0,0.0,2861.8394459565066,2.5423728813559316,1035,1051,28,0,1023,1050,36953,11,0,0,12,1
2020-12-04,US,Virginia,James City,1240,22,0,37.31156958,-76.76950618,51095.0,0.0,0.0,1620.4278452230049,1.7741935483870968,1218,1234,22,0,1212,1229,76397,6,0,0,6,5
2020-12-04,US,Virginia,King George,439,6,0,38.26818502,-77.15852768,51099.0,0.0,0.0,1635.8622745565658,1.366742596810934,433,436,6,0,430,433,26575,3,0,0,3,3
2020-12-04,US,Virginia,King William,298,5,0,37.70965316,-77.09384941,51101.0,0.0,0.0,1737.8119897364124,1.6778523489932886,293,293,5,0,288,292,16939,5,0,0,5,1
2020-12-04,US,Virginia,King and Queen,106,2,0,37.71044922,-76.88689628,51097.0,0.0,0.0,1508.8967971530249,1.8867924528301887,104,105,2,0,103,105,7042,1,0,0,1,0
2020-12-04,US,Virginia,Lancaster,245,1,0,37.71889653,-76.46400482,51103.0,0.0,0.0,2310.66679241724,0.4081632653061225,244,244,1,0,243,244,10783,1,0,0,1,0
2020-12-04,US,Virginia,Lee,991,15,0,36.70586667,-83.12606515,51105.0,0.0,0.0,4230.884173675448,1.5136226034308782,976,982,15,0,967,971,23541,9,0,0,9,11
2020-12-04,US,Virginia,Lexington,374,3,0,37.78258621,-79.44262866,51678.0,0.0,0.0,5022.83105022831,0.8021390374331551,371,366,3,0,363,365,7136,8,0,0,8,1
2020-12-04,US,Virginia,Loudoun,10469,150,0,39.08990083,-77.63481877,51107.0,0.0,0.0,2531.5690456499765,1.4328016047377974,10319,10376,150,0,10226,10302,406850,93,0,0,93,74
2020-12-04,US,Virginia,Louisa,552,8,0,37.97850256,-77.96274807,51109.0,0.0,0.0,1468.4365938655524,1.4492753623188406,544,547,8,0,539,545,36778,5,0,0,5,2
2020-12-04,US,Virginia,Lunenburg,177,3,0,36.94618528,-78.24133319,51111.0,0.0,0.0,1451.295506723516,1.6949152542372878,174,174,3,0,171,174,12086,3,0,0,3,0
2020-12-04,US,Virginia,Lynchburg,2861,36,0,37.40021399,-79.19888138,51680.0,0.0,0.0,3481.8907603933403,1.258301293254107,2825,2802,36,0,2766,2789,82126,59,0,0,59,13
2020-12-04,US,Virginia,Madison,195,4,0,38.41531222,-78.28220331,51113.0,0.0,0.0,1470.4773395671518,2.051282051282051,191,194,4,0,190,192,13295,1,0,0,1,2
2020-12-04,US,Virginia,Manassas,2355,28,0,38.7464321,-77.48509905,51683.0,0.0,0.0,5732.018985031034,1.18895966029724,2327,2344,28,0,2316,2331,41641,11,0,0,11,13
2020-12-04,US,Virginia,Manassas Park,748,8,0,38.77058531,-77.44399307,51685.0,0.0,0.0,4279.6658656596865,1.0695187165775402,740,740,8,0,732,734,17307,8,0,0,8,6
2020-12-04,US,Virginia,Martinsville,748,25,0,36.68212094,-79.86352771,51690.0,0.0,0.0,5958.260315437311,3.3422459893048133,723,734,25,0,709,725,12902,14,0,0,14,9
2020-12-04,US,Virginia,Mathews,170,1,0,37.44164146,-76.34098896,51115.0,0.0,0.0,1924.3830654290243,0.5882352941176471,169,165,1,0,164,163,8802,5,0,0,5,2
2020-12-04,US,Virginia,Mecklenburg,1028,37,0,36.67882005,-78.36131056,51117.0,0.0,0.0,3360.904959623369,3.599221789883269,991,1017,37,0,980,1016,30650,11,0,0,11,1
2020-12-04,US,Virginia,Middlesex,180,11,0,37.63191998,-76.55064617,51119.0,0.0,0.0,1701.0017010017013,6.111111111111112,169,177,11,0,166,173,10769,3,0,0,3,4
2020-12-04,US,Virginia,Montgomery,4040,17,0,37.17746986,-80.37868691,51121.0,0.0,0.0,4100.065966407876,0.4207920792079208,4023,3993,16,0,3977,3950,98985,47,1,0,46,43
2020-12-04,US,Virginia,Nelson,198,3,0,37.78790447,-78.88498513,51125.0,0.0,0.0,1326.1888814467516,1.5151515151515151,195,192,3,0,189,190,14836,6,0,0,6,2
2020-12-04,US,Virginia,New Kent,418,4,0,37.50694406,-76.99828634,51127.0,0.0,0.0,1810.2290935862452,0.9569377990430622,414,413,4,0,409,405,22391,5,0,0,5,8
2020-12-04,US,Virginia,Newport News,4179,55,0,37.08166899,-76.51754109,51700.0,0.0,0.0,2331.705956200307,1.316104331179708,4124,4144,55,0,4089,4123,178626,35,0,0,35,21
2020-12-04,US,Virginia,Norfolk,6728,92,0,36.89934014,-76.26420872,51710.0,0.0,0.0,2771.6670374306877,1.3674197384066586,6636,6654,92,0,6562,6617,244076,74,0,0,74,37
2020-12-04,US,Virginia,Northampton,350,31,0,37.34062933,-75.87751591,51131.0,0.0,0.0,2988.8983774551666,8.857142857142858,319,351,31,0,320,351,11735,0,0,0,-1,0
2020-12-04,US,Virginia,Northumberland,294,8,0,37.89202088,-76.41949732,51133.0,0.0,0.0,2430.75651095494,2.7210884353741496,286,294,8,0,286,294,12147,0,0,0,0,0
2020-12-04,US,Virginia,Norton,91,0,0,36.93357076,-82.62750411,51720.0,0.0,0.0,2285.857824667169,0.0,91,89,0,0,89,86,3968,2,0,0,2,3
2020-12-04,US,Virginia,Nottoway,551,23,0,37.1435975,-78.05065922,51135.0,0.0,0.0,3617.384453781513,4.174228675136116,528,524,23,0,501,518,15420,27,0,0,27,6
2020-12-04,US,Virginia,Orange,624,7,0,38.24530219,-78.01560400000002,51137.0,0.0,0.0,1684.1650697686969,1.1217948717948718,617,620,7,0,613,614,36644,4,0,0,4,6
2020-12-04,US,Virginia,Page,610,33,0,38.61807452,-78.48797204,51139.0,0.0,0.0,2552.087691406577,5.409836065573771,577,605,33,0,572,601,23933,5,0,0,5,4
2020-12-04,US,Virginia,Patrick,500,28,0,36.680163799999995,-80.2865648,51141.0,0.0,0.0,2839.618355293049,5.6,472,482,28,0,454,475,17673,18,0,0,18,7
2020-12-04,US,Virginia,Petersburg,1142,31,0,37.20530399,-77.39368102,51730.0,0.0,0.0,3643.208064824858,2.714535901926445,1111,1136,31,0,1105,1132,31567,6,0,0,6,4
2020-12-04,US,Virginia,Pittsylvania,1855,24,0,36.81980341,-79.39731264,51143.0,0.0,0.0,3073.532823010902,1.293800539083558,1831,1838,24,0,1814,1816,60949,17,0,0,17,22
2020-12-04,US,Virginia,Poquoson,159,2,0,37.14259351,-76.35798148,51735.0,0.0,0.0,1295.737918670035,1.2578616352201255,157,156,2,0,154,152,12190,3,0,0,3,4
2020-12-04,US,Virginia,Portsmouth,3256,71,0,36.85914825,-76.35971629,51740.0,0.0,0.0,3449.2256191868473,2.1805896805896805,3185,3246,71,0,3175,3234,94632,10,0,0,10,12
2020-12-04,US,Virginia,Powhatan,501,6,0,37.55016038,-77.91267882,51145.0,0.0,0.0,1689.5993524888709,1.1976047904191616,495,494,6,0,488,488,29189,7,0,0,7,6
2020-12-04,US,Virginia,Prince Edward,893,16,0,37.22554789,-78.43597949,51147.0,0.0,0.0,3916.3231295500404,1.7917133258678613,877,886,16,0,870,884,22950,7,0,0,7,2
2020-12-04,US,Virginia,Prince George,1490,7,0,37.18497668,-77.22922187,51149.0,0.0,0.0,3884.963366620603,0.4697986577181208,1483,1476,7,0,1469,1462,38082,14,0,0,14,14
2020-12-04,US,Virginia,Prince William,18968,235,0,38.70916224,-77.48713689,51153.0,0.0,0.0,4032.870188270063,1.2389287220582033,18733,18852,235,0,18617,18662,468011,116,0,0,116,190
2020-12-04,US,Virginia,Pulaski,772,15,0,37.06474963,-80.71229738,51155.0,0.0,0.0,2268.7865518558788,1.9430051813471505,757,745,14,0,731,725,34066,27,1,0,26,20
2020-12-04,US,Virginia,Radford,1211,6,0,37.12222899,-80.56027320000003,51750.0,0.0,0.0,6635.9800537015735,0.495458298926507,1205,1193,4,0,1189,1176,18339,18,2,0,16,17
2020-12-04,US,Virginia,Rappahannock,100,2,0,38.68295619,-78.15826963,51157.0,0.0,0.0,1356.85210312076,2.0,98,98,2,0,96,96,7252,2,0,0,2,2
2020-12-04,US,Virginia,Richmond,475,6,0,37.937575,-76.72920628,51159.0,0.0,0.0,5264.3245040452175,1.263157894736842,469,465,6,0,459,448,9038,10,0,0,10,17
2020-12-04,US,Virginia,Richmond City,6896,82,0,37.53255773,-77.47966921,51760.0,0.0,0.0,2992.587963686229,1.1890951276102089,6814,6840,82,0,6758,6803,228783,56,0,0,56,37
2020-12-04,US,Virginia,Roanoke,3074,35,0,37.26865804,-80.06396753,51161.0,0.0,0.0,3263.754698150469,1.1385816525699417,3039,3036,35,0,3001,3018,94073,38,0,0,38,18
2020-12-04,US,Virginia,Roanoke City,4234,78,0,37.27791025,-79.96189766,51770.0,0.0,0.0,4270.5990337189705,1.8422295701464335,4156,4175,77,0,4098,4151,99920,59,1,0,58,24
2020-12-04,US,Virginia,Rockbridge,305,2,0,37.81204314,-79.44605905,51163.0,0.0,0.0,1351.1717538652372,0.6557377049180327,303,293,2,0,291,288,22752,12,0,0,12,5
2020-12-04,US,Virginia,Rockingham,2417,36,0,38.51006137,-78.87260325,51165.0,0.0,0.0,2949.4313467076677,1.4894497310715764,2381,2357,36,0,2321,2343,81244,60,0,0,60,14
2020-12-04,US,Virginia,Russell,883,9,0,36.93028320000001,-82.10095486,51167.0,0.0,0.0,3321.2969231926577,1.0192525481313703,874,862,9,0,853,852,26748,21,0,0,21,10
2020-12-04,US,Virginia,Salem,912,23,0,37.2836193,-80.06219455,51775.0,0.0,0.0,3604.600608671594,2.521929824561404,889,898,23,0,875,901,25643,14,0,0,14,0
2020-12-04,US,Virginia,Scott,824,15,0,36.71466456,-82.60171704,51169.0,0.0,0.0,3820.829082815543,1.8203883495145632,809,809,15,0,794,797,21534,15,0,0,15,12
2020-12-04,US,Virginia,Shenandoah,1476,63,0,38.85905135,-78.56813762,51171.0,0.0,0.0,3384.0792369772557,4.2682926829268295,1413,1462,63,0,1399,1437,43497,14,0,0,14,25
2020-12-04,US,Virginia,Smyth,1095,35,0,36.84455636,-81.53344948,51173.0,0.0,0.0,3637.3903800159446,3.1963470319634704,1060,1082,35,0,1047,1067,30472,13,0,0,13,15
2020-12-04,US,Virginia,Southampton,998,40,0,36.72231125,-77.10642712,51175.0,0.0,0.0,5660.4843741137765,4.008016032064128,958,997,40,0,957,996,17586,1,0,0,1,1
2020-12-04,US,Virginia,Spotsylvania,3292,58,0,38.18574462,-77.655399,51177.0,0.0,0.0,2416.767610028264,1.7618469015795868,3234,3248,58,0,3190,3218,134238,44,0,0,44,30
2020-12-04,US,Virginia,Stafford,3458,22,0,38.41758738,-77.45917053,51179.0,0.0,0.0,2261.8751717010505,0.6362058993637941,3436,3388,22,0,3366,3366,149960,70,0,0,70,22
2020-12-04,US,Virginia,Staunton,1024,13,0,38.15965544,-79.05979937,51790.0,0.0,0.0,4107.171506497672,1.26953125,1011,1006,13,0,993,987,24922,18,0,0,18,19
2020-12-04,US,Virginia,Suffolk,2836,80,0,36.70155394,-76.63603554,51800.0,0.0,0.0,3078.994224171625,2.8208744710860367,2756,2812,80,0,2732,2803,91185,24,0,0,24,9
2020-12-04,US,Virginia,Surry,181,5,0,37.11781893,-76.88450012,51181.0,0.0,0.0,2818.4366241046405,2.7624309392265194,176,178,5,0,173,177,6474,3,0,0,3,1
2020-12-04,US,Virginia,Sussex,672,13,0,36.92432914,-77.25791182,51183.0,0.0,0.0,6022.044986109867,1.934523809523809,659,671,13,0,658,671,11237,1,0,0,1,0
2020-12-04,US,Virginia,Tazewell,1137,7,0,37.12191123,-81.56685568,51185.0,0.0,0.0,2800.837541569159,0.6156552330694811,1130,1130,7,0,1123,1122,40855,7,0,0,7,8
2020-12-04,US,Virginia,Virginia Beach,11318,116,0,36.73285734,-76.04566934,51810.0,0.0,0.0,2515.2564370385844,1.0249160629086411,11202,11149,116,0,11033,11070,450189,169,0,0,169,79
2020-12-04,US,Virginia,Warren,930,27,0,38.90847745,-78.20280433,51187.0,0.0,0.0,2315.506423662982,2.9032258064516134,903,925,27,0,898,895,40003,5,0,0,5,30
2020-12-04,US,Virginia,Washington,1874,34,0,36.72341572,-81.95666289,51191.0,0.0,0.0,3487.160401935244,1.8143009605122733,1840,1827,34,0,1793,1806,54402,47,0,0,47,21
2020-12-04,US,Virginia,Waynesboro,678,7,0,38.06451466,-78.90293905,51820.0,0.0,0.0,2996.0229783473264,1.0324483775811208,671,672,7,0,665,653,22628,6,0,0,6,19
2020-12-04,US,Virginia,Westmoreland,455,8,0,38.11021557,-76.80213247,51193.0,0.0,0.0,2525.6730502359146,1.7582417582417582,447,450,8,0,442,445,17830,5,0,0,5,5
2020-12-04,US,Virginia,Williamsburg,301,8,0,37.28131268,-76.70905141,51830.0,0.0,0.0,2012.8393740805136,2.6578073089701,293,298,8,0,290,295,14896,3,0,0,3,3
2020-12-04,US,Virginia,Winchester,1125,4,0,39.17054517,-78.17325058,51840.0,0.0,0.0,4006.6956335921363,0.3555555555555556,1121,1112,4,0,1108,1095,28108,13,0,0,13,17
2020-12-04,US,Virginia,Wise,1303,50,0,36.9746148,-82.62410519,51195.0,0.0,0.0,3485.5415563223924,3.837298541826554,1253,1283,50,0,1233,1266,38012,20,0,0,20,17
2020-12-04,US,Virginia,Wythe,729,9,0,36.91582035,-81.07834059,51197.0,0.0,0.0,2541.486543020499,1.2345679012345678,720,716,9,0,707,708,28754,13,0,0,13,8
2020-12-04,US,Virginia,York,968,9,0,37.24374789,-76.54412815,51199.0,0.0,0.0,1417.6918570591681,0.9297520661157024,959,957,9,0,948,950,67846,11,0,0,11,7
2020-12-04,US,Washington,Adams,1379,12,0,46.98299757,-118.56017340000001,53001.0,0.0,0.0,6900.865735875495,0.8701957940536621,1367,1369,12,0,1357,1358,19759,10,0,0,10,11
2020-12-04,US,Washington,Asotin,721,13,0,46.18894415,-117.2022851,53003.0,0.0,0.0,3192.80843149411,1.8030513176144245,708,720,13,0,707,709,22610,1,0,0,1,11
2020-12-04,US,Washington,Benton,8528,147,0,46.23946995,-119.51208340000001,53005.0,0.0,0.0,4172.415480209404,1.723733583489681,8381,8458,147,0,8311,8386,201877,70,0,0,70,72
2020-12-04,US,Washington,Chelan,2512,24,0,47.87046092,-120.6173956,53007.0,0.0,0.0,3253.886010362695,0.9554140127388536,2488,2445,24,0,2421,2420,77036,67,0,0,67,25
2020-12-04,US,Washington,Clallam,512,4,0,48.04754642,-123.92263190000001,53009.0,0.0,0.0,662.0889423387774,0.78125,508,506,5,0,501,497,76737,6,0,0,7,9
2020-12-04,US,Washington,Clark,9429,128,0,45.77568046,-122.48292040000001,53011.0,0.0,0.0,1931.2183941946705,1.357514052391558,9301,9322,123,0,9199,9187,481857,107,5,0,102,135
2020-12-04,US,Washington,Columbia,49,3,0,46.29442881,-117.9051983,53013.0,0.0,0.0,1229.6110414052698,6.1224489795918355,46,46,3,0,43,45,4059,3,0,0,3,1
2020-12-04,US,Washington,Cowlitz,1536,14,0,46.19074721,-122.6782231,53015.0,0.0,0.0,1388.8763303283206,0.9114583333333334,1522,1518,14,0,1504,1501,108987,18,0,0,18,17
2020-12-04,US,Washington,Douglas,1393,12,0,47.7361335,-119.69293700000001,53017.0,0.0,0.0,3207.534136176288,0.8614501076812635,1381,1369,12,0,1357,1363,42907,24,0,0,24,6
2020-12-04,US,Washington,Ferry,100,1,0,48.471143100000006,-118.5154041,53019.0,0.0,0.0,1311.131506490101,1.0,99,98,1,0,97,87,7649,2,0,0,2,11
2020-12-04,US,Washington,Franklin,6779,75,0,46.53351425,-118.9018212,53021.0,0.0,0.0,7119.153136880133,1.1063578698923144,6704,6757,75,0,6682,6681,94347,22,0,0,22,76
2020-12-04,US,Washington,Garfield,59,0,0,46.43197502,-117.54540320000001,53023.0,0.0,0.0,2651.685393258427,0.0,59,59,0,0,59,59,2247,0,0,0,0,0
2020-12-04,US,Washington,Grant,4296,40,0,47.20753737,-119.4500749,53025.0,0.0,0.0,4395.6493712461515,0.931098696461825,4256,4270,40,0,4230,4226,97331,26,0,0,26,44
2020-12-04,US,Washington,Grays Harbor,1104,20,0,47.14003705,-123.7820567,53027.0,0.0,0.0,1470.8037462863538,1.8115942028985508,1084,1063,20,0,1043,1041,73901,41,0,0,41,22
2020-12-04,US,Washington,Island,689,18,0,48.14713305,-122.5216407,53029.0,0.0,0.0,809.2458392548831,2.6124818577648767,671,673,18,0,655,676,84460,16,0,0,16,0
2020-12-04,US,Washington,Jefferson,171,1,0,47.75003077,-123.56097040000002,53031.0,0.0,0.0,530.7097855435895,0.5847953216374269,170,170,1,0,169,169,31729,1,0,0,1,1
2020-12-04,US,Washington,King,46490,914,0,47.49137892,-121.8346131,53033.0,0.0,0.0,2063.6706081635957,1.96601419660142,45576,46070,905,0,45165,45757,2233163,420,9,0,411,313
2020-12-04,US,Washington,Kitsap,2681,31,0,47.63479026,-122.6436061,53035.0,0.0,0.0,987.5751916396842,1.1562849682954122,2650,2624,30,0,2594,2584,269805,57,1,0,56,40
2020-12-04,US,Washington,Kittitas,1185,23,0,47.12521214,-120.67943899999999,53037.0,0.0,0.0,2472.097632210285,1.940928270042194,1162,1169,23,0,1146,1137,47364,16,0,0,16,32
2020-12-04,US,Washington,Klickitat,288,3,0,45.87325839,-120.7913598,53039.0,0.0,0.0,1284.2809364548496,1.0416666666666667,285,281,3,0,278,278,22107,7,0,0,7,3
2020-12-04,US,Washington,Lewis,1331,18,0,46.57756476,-122.39257690000001,53041.0,0.0,0.0,1649.1754122938532,1.3523666416228401,1313,1281,18,0,1263,1250,79604,50,0,0,50,31
2020-12-04,US,Washington,Lincoln,179,4,0,47.57705241,-118.41943880000001,53043.0,0.0,0.0,1636.3470152664775,2.23463687150838,175,178,4,0,174,175,10740,1,0,0,1,3
2020-12-04,US,Washington,Mason,937,13,0,47.35007586,-123.1863685,53045.0,0.0,0.0,1403.366882338845,1.3874066168623265,924,881,14,0,867,816,65507,56,0,0,57,65
2020-12-04,US,Washington,Okanogan,1255,13,0,48.54855019,-119.73872240000001,53047.0,0.0,0.0,2970.906422365836,1.0358565737051793,1242,1252,13,0,1239,1247,42132,3,0,0,3,5
2020-12-04,US,Washington,Pacific,267,3,0,46.55418369,-123.7285716,53049.0,0.0,0.0,1188.198122023942,1.1235955056179776,264,265,3,0,262,261,22036,2,0,0,2,4
2020-12-04,US,Washington,Pend Oreille,280,3,0,48.53234021,-117.2741804,53051.0,0.0,0.0,2040.2215097639173,1.0714285714285714,277,273,3,0,270,245,13602,7,0,0,7,28
2020-12-04,US,Washington,Pierce,18093,292,0,47.03892768,-122.14059579999999,53053.0,0.0,0.0,1999.270702114964,1.6138838224727796,17801,17912,289,0,17623,17690,891299,181,3,0,178,222
2020-12-04,US,Washington,San Juan,62,0,0,48.60182783,-122.96745,53055.0,0.0,0.0,352.63337504265724,0.0,62,62,0,0,62,62,17128,0,0,0,0,0
2020-12-04,US,Washington,Skagit,2162,31,0,48.48171488,-121.766131,53057.0,0.0,0.0,1673.309856429705,1.433857539315449,2131,2142,31,0,2111,2111,128206,20,0,0,20,31
2020-12-04,US,Washington,Skamania,112,1,0,46.02408726,-121.91644029999999,53059.0,0.0,0.0,926.922121989572,0.8928571428571429,111,110,1,0,109,108,11924,2,0,0,2,2
2020-12-04,US,Washington,Snohomish,15432,304,0,48.04615983,-121.7170703,53061.0,0.0,0.0,1877.1827175601486,1.9699326075686885,15128,15281,303,0,14978,15125,814901,151,1,0,150,156
2020-12-04,US,Washington,Spokane,18193,271,0,47.62113146,-117.4046494,53063.0,0.0,0.0,3479.9291504558173,1.4895839058978728,17922,17877,265,0,17612,17460,514631,316,6,0,310,417
2020-12-04,US,Washington,Stevens,772,10,0,48.40035475,-117.8542701,53065.0,0.0,0.0,1688.4281433851672,1.2953367875647668,762,763,10,0,753,741,45260,9,0,0,9,22
2020-12-04,US,Washington,Thurston,3186,53,0,46.9291895,-122.82906559999999,53067.0,0.0,0.0,1096.5938816532205,1.6635279347143754,3133,3138,53,0,3085,3105,286419,48,0,0,48,33
2020-12-04,US,Washington,Unassigned,594,3,0,0.0,0.0,90053.0,0.0,0.0,0.0,0.5050505050505051,591,652,3,0,649,516,,0,0,0,-58,136
2020-12-04,US,Washington,Wahkiakum,36,0,0,46.29180039999999,-123.4250831,53069.0,0.0,0.0,802.1390374331551,0.0,36,35,0,0,35,35,4426,1,0,0,1,0
2020-12-04,US,Washington,Walla Walla,2340,30,0,46.23040051,-118.4775539,53071.0,0.0,0.0,3851.2179065174455,1.2820512820512822,2310,2314,29,0,2285,2289,60922,26,1,0,25,25
2020-12-04,US,Washington,Whatcom,2595,56,0,48.82227976,-121.74900179999999,53073.0,0.0,0.0,1131.9668305364955,2.157996146435453,2539,2556,56,0,2500,2545,225685,39,0,0,39,11
2020-12-04,US,Washington,Whitman,2427,24,0,46.90022523,-117.52417630000001,53075.0,0.0,0.0,4843.924636755549,0.9888751545117428,2403,2400,24,0,2376,2383,49791,27,0,0,27,17
2020-12-04,US,Washington,Yakima,14136,313,0,46.45738486,-120.73801259999999,53077.0,0.0,0.0,5634.723545379535,2.214204867006225,13823,14078,312,0,13766,14017,251446,58,1,0,57,61
2020-12-04,US,West Virginia,Barbour,482,4,0,39.1307219,-80.00350858,54001.0,0.0,0.0,2931.695152362995,0.8298755186721992,478,473,4,0,469,456,16535,9,0,0,9,17
2020-12-04,US,West Virginia,Berkeley,3617,27,0,39.46704621,-78.02414609,54003.0,0.0,0.0,3035.134386721603,0.7464749792645841,3590,3551,27,0,3524,3453,117123,66,0,0,66,98
2020-12-04,US,West Virginia,Boone,703,15,0,38.01974191,-81.69888019,54005.0,0.0,0.0,3276.3200820245147,2.1337126600284493,688,690,15,0,675,682,21951,13,0,0,13,8
2020-12-04,US,West Virginia,Braxton,134,0,0,38.70036159,-80.72011184,54007.0,0.0,0.0,960.0917102529196,0.0,134,132,0,0,132,124,14089,2,0,0,2,8
2020-12-04,US,West Virginia,Brooke,753,13,0,40.27367263,-80.57915332,54009.0,0.0,0.0,3432.2439491316827,1.7264276228419655,740,737,11,0,726,709,22203,16,2,0,14,28
2020-12-04,US,West Virginia,Cabell,3177,61,0,38.42424062,-82.23855912,54011.0,0.0,0.0,3455.3265539181043,1.9200503619767075,3116,3119,61,0,3058,3056,93224,58,0,0,58,63
2020-12-04,US,West Virginia,Calhoun,89,0,0,38.84315422,-81.11934872,54013.0,0.0,0.0,1251.934167956112,0.0,89,82,0,0,82,82,7254,7,0,0,7,0
2020-12-04,US,West Virginia,Clay,147,3,0,38.46231092,-81.07652217,54015.0,0.0,0.0,1727.7856135401971,2.0408163265306123,144,132,3,0,129,123,8632,15,0,0,15,9
2020-12-04,US,West Virginia,Doddridge,130,3,0,39.27057157,-80.70671527,54017.0,0.0,0.0,1538.8257575757575,2.3076923076923075,127,130,3,0,127,129,8406,0,0,0,0,1
2020-12-04,US,West Virginia,Fayette,1226,35,0,38.02974928,-81.08286634,54019.0,0.0,0.0,2891.10031599302,2.8548123980424145,1191,1203,35,0,1168,1190,43018,23,0,0,23,13
2020-12-04,US,West Virginia,Gilmer,215,0,0,38.9251277,-80.85952723,54021.0,0.0,0.0,2748.306276364566,0.0,215,214,0,0,214,214,8026,1,0,0,1,0
2020-12-04,US,West Virginia,Grant,440,9,0,39.10314817,-79.19440518,54023.0,0.0,0.0,3803.59612724758,2.0454545454545454,431,418,9,0,409,407,11626,22,0,0,22,11
2020-12-04,US,West Virginia,Greenbrier,592,10,0,37.9463652,-80.45335881,54025.0,0.0,0.0,1707.9222202988865,1.6891891891891893,582,571,9,0,562,552,34786,21,1,0,20,19
2020-12-04,US,West Virginia,Hampshire,394,4,0,39.32103553,-78.60826476,54027.0,0.0,0.0,1700.1078748651566,1.0152284263959392,390,381,4,0,377,372,23347,13,0,0,13,9
2020-12-04,US,West Virginia,Hancock,851,6,0,40.51943859,-80.57461608,54029.0,0.0,0.0,2953.8354737938216,0.7050528789659224,845,825,5,0,820,787,29094,26,1,0,25,38
2020-12-04,US,West Virginia,Hardy,347,1,0,39.00683177,-78.85855301,54031.0,0.0,0.0,2518.8734030197447,0.2881844380403458,346,339,1,0,338,300,13775,8,0,0,8,39
2020-12-04,US,West Virginia,Harrison,1581,24,0,39.2853852,-80.37919577,54033.0,0.0,0.0,2350.7196383965743,1.5180265654648957,1557,1563,24,0,1539,1527,67554,18,0,0,18,36
2020-12-04,US,West Virginia,Jackson,733,27,0,38.84263974,-81.68148753,54035.0,0.0,0.0,2565.089585666293,3.683492496589359,706,724,27,0,697,713,28706,9,0,0,9,11
2020-12-04,US,West Virginia,Jefferson,1486,16,0,39.30776166,-77.86014147,54037.0,0.0,0.0,2600.35698036608,1.0767160161507403,1470,1471,17,0,1454,1442,56811,15,0,0,16,29
2020-12-04,US,West Virginia,Kanawha,6023,149,0,38.33860077,-81.52857054,54039.0,0.0,0.0,3381.352316363881,2.473850240743815,5874,5931,148,0,5783,5862,180454,92,1,0,91,69
2020-12-04,US,West Virginia,Lewis,262,3,0,38.9947249,-80.49988181,54041.0,0.0,0.0,1647.0736153894507,1.1450381679389312,259,259,2,0,257,252,16024,3,1,0,2,7
2020-12-04,US,West Virginia,Lincoln,455,5,0,38.172154,-82.07017953,54043.0,0.0,0.0,2229.4085942476363,1.0989010989010992,450,447,5,0,442,444,20599,8,0,0,8,3
2020-12-04,US,West Virginia,Logan,1114,51,0,37.8299889,-81.93528571,54045.0,0.0,0.0,3479.1842343608478,4.578096947935369,1063,1100,51,0,1049,1088,32607,14,0,0,14,12
2020-12-04,US,West Virginia,Marion,989,8,0,39.50984542,-80.24244659,54049.0,0.0,0.0,1763.8036809815949,0.8088978766430738,981,969,8,0,961,943,56097,20,0,0,20,26
2020-12-04,US,West Virginia,Marshall,1396,32,0,39.86064362,-80.66591062,54051.0,0.0,0.0,4572.401821099866,2.292263610315186,1364,1329,31,0,1298,1298,30785,67,1,0,66,31
2020-12-04,US,West Virginia,Mason,580,8,0,38.77071799,-82.02524219,54053.0,0.0,0.0,2187.358575954141,1.3793103448275863,572,558,8,0,550,535,26718,22,0,0,22,23
2020-12-04,US,West Virginia,McDowell,663,2,0,37.38002939,-81.65083669,54047.0,0.0,0.0,3761.9155696777116,0.3016591251885369,661,641,2,0,639,640,18223,22,0,0,22,1
2020-12-04,US,West Virginia,Mercer,1423,39,0,37.40481169,-81.11023142,54055.0,0.0,0.0,2421.797882841485,2.740688685874912,1384,1401,39,0,1362,1383,59131,22,0,0,22,18
2020-12-04,US,West Virginia,Mineral,1491,22,0,39.41561583,-78.94104895,54057.0,0.0,0.0,5549.35238945958,1.4755197853789404,1469,1415,23,0,1392,1385,26940,76,0,0,77,30
2020-12-04,US,West Virginia,Mingo,1023,16,0,37.73048351,-82.13338365,54059.0,0.0,0.0,4367.315573770492,1.564027370478983,1007,1008,15,0,993,998,23785,15,1,0,14,10
2020-12-04,US,West Virginia,Monongalia,3490,7,0,39.63218457,-80.04766838,54061.0,0.0,0.0,3304.5487255236158,0.2005730659025788,3483,3459,7,0,3452,3400,106420,31,0,0,31,59
2020-12-04,US,West Virginia,Monroe,404,10,0,37.56274716,-80.54577965,54063.0,0.0,0.0,3043.3145009416194,2.4752475247524752,394,390,10,0,380,390,13280,14,0,0,14,0
2020-12-04,US,West Virginia,Morgan,326,2,0,39.55439028,-78.26311676,54065.0,0.0,0.0,1822.858420934914,0.6134969325153374,324,310,2,0,308,305,17787,16,0,0,16,5
2020-12-04,US,West Virginia,Nicholas,399,5,0,38.29617706,-80.79759588,54067.0,0.0,0.0,1628.8373612018286,1.2531328320802004,394,389,5,0,384,385,24842,10,0,0,10,4
2020-12-04,US,West Virginia,Ohio,1708,18,0,40.0955451,-80.62203992,54069.0,0.0,0.0,4124.50798097124,1.053864168618267,1690,1693,16,0,1677,1651,41755,15,2,0,13,42
2020-12-04,US,West Virginia,Pendleton,121,1,0,38.68314479,-79.35084086,54071.0,0.0,0.0,1736.2605825799972,0.8264462809917356,120,115,1,0,114,111,6997,6,0,0,6,4
2020-12-04,US,West Virginia,Pleasants,118,4,0,39.37091679,-81.16771771,54073.0,0.0,0.0,1581.769436997319,3.3898305084745757,114,111,4,0,107,104,7507,7,0,0,7,7
2020-12-04,US,West Virginia,Pocahontas,239,2,0,38.32758728,-80.00993811,54075.0,0.0,0.0,2898.023523705589,0.8368200836820083,237,235,2,0,233,225,8414,4,0,0,4,10
2020-12-04,US,West Virginia,Preston,751,12,0,39.46770987,-79.66712803,54077.0,0.0,0.0,2246.3508016271835,1.5978695073235685,739,706,12,0,694,686,33839,45,0,0,45,20
2020-12-04,US,West Virginia,Putnam,2135,34,0,38.50782345,-81.9082131,54079.0,0.0,0.0,3782.108060230292,1.5925058548009368,2101,2095,32,0,2063,2050,56682,40,2,0,38,45
2020-12-04,US,West Virginia,Raleigh,1742,17,0,37.76936795,-81.2456041,54081.0,0.0,0.0,2374.558689221793,0.9758897818599312,1725,1703,17,0,1686,1674,74254,39,0,0,39,29
2020-12-04,US,West Virginia,Randolph,777,2,0,38.769899,-79.87919615,54083.0,0.0,0.0,2707.7888133821225,0.2574002574002574,775,762,2,0,760,751,28823,15,0,0,15,11
2020-12-04,US,West Virginia,Ritchie,195,4,0,39.18094587,-81.06356878,54085.0,0.0,0.0,2041.0299351057154,2.051282051282051,191,186,4,0,182,185,9721,9,0,0,9,1
2020-12-04,US,West Virginia,Roane,209,3,0,38.71622686,-81.35243568,54087.0,0.0,0.0,1526.8848626534188,1.4354066985645932,206,194,3,0,191,191,13932,15,0,0,15,3
2020-12-04,US,West Virginia,Summers,290,10,0,37.65390597,-80.86009693,54089.0,0.0,0.0,2306.5298655849842,3.4482758620689653,280,282,10,0,272,280,12760,8,0,0,8,2
2020-12-04,US,West Virginia,Taylor,382,9,0,39.33602617,-80.0421439,54091.0,0.0,0.0,2288.1102126385144,2.356020942408377,373,375,9,0,366,366,16862,7,0,0,7,9
2020-12-04,US,West Virginia,Tucker,168,0,0,39.11240885,-79.57053576,54093.0,0.0,0.0,2456.499488229273,0.0,168,159,0,0,159,148,6955,9,0,0,9,11
2020-12-04,US,West Virginia,Tyler,164,1,0,39.46811972,-80.88772676,54095.0,0.0,0.0,1908.9745082062625,0.6097560975609756,163,156,1,0,155,149,8746,8,0,0,8,7
2020-12-04,US,West Virginia,Upshur,551,4,0,38.89285061,-80.23689136,54097.0,0.0,0.0,2279.119788219722,0.7259528130671506,547,534,4,0,530,527,24415,17,0,0,17,7
2020-12-04,US,West Virginia,Wayne,1113,16,0,38.14901357,-82.42287994,54099.0,0.0,0.0,2824.72970915182,1.4375561545372866,1097,1096,16,0,1080,1076,39944,17,0,0,17,20
2020-12-04,US,West Virginia,Webster,70,0,0,38.49370949,-80.4202023,54101.0,0.0,0.0,862.7064333251171,0.0,70,70,0,0,70,69,8285,0,0,0,0,1
2020-12-04,US,West Virginia,Wetzel,454,14,0,39.6065771,-80.64016540000001,54103.0,0.0,0.0,3013.6076999668103,3.0837004405286343,440,445,14,0,431,425,15270,9,0,0,9,20
2020-12-04,US,West Virginia,Wirt,129,1,0,39.02775007,-81.37473928,54105.0,0.0,0.0,2216.114069747466,0.7751937984496124,128,127,1,0,126,120,5830,2,0,0,2,7
2020-12-04,US,West Virginia,Wood,2910,19,0,39.20967886,-81.5162836,54107.0,0.0,0.0,3484.2788380947827,0.6529209621993127,2891,2823,19,0,2804,2708,84203,87,0,0,87,115
2020-12-04,US,West Virginia,Wyoming,811,11,0,37.612327,-81.54511071,54109.0,0.0,0.0,3976.659801902521,1.3563501849568431,800,797,11,0,786,783,20786,14,0,0,14,14
2020-12-04,US,Wisconsin,Adams,1185,10,0,43.96974651,-89.76782777,55001.0,0.0,0.0,5860.53412462908,0.8438818565400844,1175,1163,10,0,1153,1144,20348,22,0,0,22,19
2020-12-04,US,Wisconsin,Ashland,793,10,0,46.31956891,-90.67837132,55003.0,0.0,0.0,5095.746048065801,1.261034047919294,783,767,9,0,758,725,15600,26,1,0,25,42
2020-12-04,US,Wisconsin,Barron,3827,42,0,45.42372701,-91.84833627,55005.0,0.0,0.0,8458.580143223411,1.0974653775803502,3785,3794,41,0,3753,3758,45164,33,1,0,32,36
2020-12-04,US,Wisconsin,Bayfield,743,16,0,46.52868768,-91.19716729,55007.0,0.0,0.0,4941.4737962224,2.1534320323014806,727,725,16,0,709,716,15042,18,0,0,18,9
2020-12-04,US,Wisconsin,Brown,24180,156,0,44.452655299999996,-88.00411844,55009.0,0.0,0.0,9140.325543769988,0.6451612903225806,24024,23986,154,0,23832,23724,263378,194,2,0,192,262
2020-12-04,US,Wisconsin,Buffalo,860,5,0,44.37835084,-91.75332578,55011.0,0.0,0.0,6599.646995625815,0.5813953488372093,855,854,5,0,849,843,13125,6,0,0,6,11
2020-12-04,US,Wisconsin,Burnett,887,15,0,45.86303537,-92.36711412,55013.0,0.0,0.0,5754.5088880238745,1.6910935738444195,872,878,13,0,865,872,15392,9,2,0,7,6
2020-12-04,US,Wisconsin,Calumet,4398,28,0,44.0816316,-88.21780273,55015.0,0.0,0.0,8780.370939727285,0.6366530241018645,4370,4356,27,0,4329,4312,50159,42,1,0,41,44
2020-12-04,US,Wisconsin,Chippewa,5128,55,0,45.06939744,-91.28068855,55017.0,0.0,0.0,7930.959819357234,1.0725429017160686,5073,5065,55,0,5010,4979,64135,63,0,0,63,86
2020-12-04,US,Wisconsin,Clark,2489,47,0,44.73483377,-90.61207486,55019.0,0.0,0.0,7157.646517513083,1.888308557653676,2442,2429,45,0,2384,2407,34709,60,2,0,58,22
2020-12-04,US,Wisconsin,Columbia,3808,13,0,43.46492199,-89.33589004,55021.0,0.0,0.0,6618.925119933255,0.34138655462184875,3795,3779,13,0,3766,3733,57358,29,0,0,29,46
2020-12-04,US,Wisconsin,Crawford,1404,9,0,43.23870316,-90.93073686,55023.0,0.0,0.0,8703.738143946439,0.6410256410256411,1395,1378,8,0,1370,1346,16291,26,1,0,25,32
2020-12-04,US,Wisconsin,Dane,29493,105,0,43.06601594,-89.41733797,55025.0,0.0,0.0,5394.781368038852,0.3560166819245245,29388,29068,105,0,28963,28618,542364,425,0,0,425,450
2020-12-04,US,Wisconsin,Dodge,9205,82,0,43.41576662,-88.70928178,55027.0,0.0,0.0,10479.399811017884,0.8908202064095601,9123,9060,79,0,8981,8880,87847,145,3,0,142,180
2020-12-04,US,Wisconsin,Door,1767,11,0,44.95856458,-87.30002707,55029.0,0.0,0.0,6386.439207749024,0.6225240520656479,1756,1757,11,0,1746,1733,27610,10,0,0,10,24
2020-12-04,US,Wisconsin,Douglas,2386,6,0,46.43222285,-91.91595768,55031.0,0.0,0.0,5529.54808806489,0.2514668901927913,2380,2323,6,0,2317,2267,43208,63,0,0,63,56
2020-12-04,US,Wisconsin,Dunn,3081,14,0,44.94562799,-91.8962481,55033.0,0.0,0.0,6791.130312114266,0.4543979227523531,3067,3021,14,0,3007,2986,45131,60,0,0,60,35
2020-12-04,US,Wisconsin,Eau Claire,8195,67,0,44.726614,-91.28609183,55035.0,0.0,0.0,7831.1641152074635,0.8175716900549115,8128,8111,67,0,8044,8052,104534,84,0,0,84,59
2020-12-04,US,Wisconsin,Florence,364,12,0,45.84963535,-88.39804137,55037.0,0.0,0.0,8474.970896391154,3.2967032967032965,352,357,12,0,345,352,4321,7,0,0,7,5
2020-12-04,US,Wisconsin,Fond du Lac,9409,58,0,43.75354908,-88.48885325,55039.0,0.0,0.0,9099.349148477315,0.6164310766287597,9351,9185,57,0,9128,9038,103066,224,1,0,223,147
2020-12-04,US,Wisconsin,Forest,792,21,0,45.66678019,-88.77084892,55041.0,0.0,0.0,8796.090626388272,2.6515151515151514,771,784,20,0,764,778,8991,8,1,0,7,6
2020-12-04,US,Wisconsin,Grant,3902,66,0,42.8671731,-90.7063218,55043.0,0.0,0.0,7585.6840140749255,1.691440287032291,3836,3868,66,0,3802,3809,51554,34,0,0,34,59
2020-12-04,US,Wisconsin,Green,1839,6,0,42.6794956,-89.60243287,55045.0,0.0,0.0,4975.649350649352,0.3262642740619902,1833,1797,6,0,1791,1768,36929,42,0,0,42,29
2020-12-04,US,Wisconsin,Green Lake,1502,8,0,43.80025981,-89.04679553,55047.0,0.0,0.0,7941.627452017131,0.5326231691078562,1494,1488,8,0,1480,1447,18918,14,0,0,14,41
2020-12-04,US,Wisconsin,Iowa,1390,6,0,43.00050278,-90.13469017,55049.0,0.0,0.0,5870.428245628854,0.4316546762589928,1384,1379,6,0,1373,1361,23771,11,0,0,11,18
2020-12-04,US,Wisconsin,Iron,438,15,0,46.26302338,-90.24295041,55051.0,0.0,0.0,7701.775980305961,3.4246575342465757,423,433,14,0,419,428,5676,5,1,0,4,5
2020-12-04,US,Wisconsin,Jackson,1823,5,0,44.31864893,-90.80566792,55053.0,0.0,0.0,8831.08075376641,0.27427317608337903,1818,1798,5,0,1793,1775,20478,25,0,0,25,23
2020-12-04,US,Wisconsin,Jefferson,6032,42,0,43.02054068,-88.77529134,55055.0,0.0,0.0,7115.808845214642,0.6962864721485411,5990,5917,42,0,5875,5820,85129,115,0,0,115,97
2020-12-04,US,Wisconsin,Juneau,2023,7,0,43.92456975,-90.11120239,55057.0,0.0,0.0,7580.469891707573,0.3460207612456747,2016,1981,7,0,1974,1947,26617,42,0,0,42,34
2020-12-04,US,Wisconsin,Kenosha,11036,162,0,42.57639354,-88.04051686,55059.0,0.0,0.0,6508.572136281338,1.4679231605654222,10874,10939,159,0,10780,10799,169290,97,3,0,94,140
2020-12-04,US,Wisconsin,Kewaunee,1807,21,0,44.51727459,-87.61468386,55061.0,0.0,0.0,8843.104629539004,1.162147205312673,1786,1793,21,0,1772,1771,20383,14,0,0,14,22
2020-12-04,US,Wisconsin,La Crosse,8884,39,0,43.90632465,-91.11451093,55063.0,0.0,0.0,7527.79284164859,0.4389914452949122,8845,8725,38,0,8687,8511,118230,159,1,0,158,214
2020-12-04,US,Wisconsin,Lafayette,1178,4,0,42.66005229,-90.1317729,55065.0,0.0,0.0,7068.706870687069,0.3395585738539898,1174,1157,4,0,1153,1139,16665,21,0,0,21,18
2020-12-04,US,Wisconsin,Langlade,1681,36,0,45.26271619,-89.07483625,55067.0,0.0,0.0,8760.227213507738,2.1415823914336705,1645,1662,36,0,1626,1649,19268,19,0,0,19,13
2020-12-04,US,Wisconsin,Lincoln,2131,47,0,45.33737523,-89.73411273,55069.0,0.0,0.0,7722.973217845106,2.2055373064289068,2084,2112,45,0,2067,2084,27689,19,2,0,17,28
2020-12-04,US,Wisconsin,Manitowoc,5787,41,0,44.11946801,-87.80928853,55071.0,0.0,0.0,7327.0786644889295,0.7084845343010195,5746,5719,41,0,5678,5669,79074,68,0,0,68,50
2020-12-04,US,Wisconsin,Marathon,10993,149,0,44.89792533,-89.75863384,55073.0,0.0,0.0,8101.435604162368,1.355407986900755,10844,10876,149,0,10727,10741,135428,117,0,0,117,135
2020-12-04,US,Wisconsin,Marinette,3318,30,0,45.38553432,-88.03324599999998,55075.0,0.0,0.0,8223.048327137547,0.9041591320072332,3288,3281,29,0,3252,3265,40434,37,1,0,36,16
2020-12-04,US,Wisconsin,Marquette,1179,15,0,43.81911946,-89.40073763,55077.0,0.0,0.0,7570.309490175934,1.272264631043257,1164,1172,15,0,1157,1164,15434,7,0,0,7,8
2020-12-04,US,Wisconsin,Menominee,591,8,0,45.00422544,-88.70950714,55078.0,0.0,0.0,12971.905179982441,1.3536379018612519,583,580,8,0,572,572,4658,11,0,0,11,8
2020-12-04,US,Wisconsin,Milwaukee,76570,784,0,43.00486062,-87.96733172,55079.0,0.0,0.0,8096.4253917096485,1.0238996996212617,75786,75665,780,0,74885,74800,948201,905,4,0,901,865
2020-12-04,US,Wisconsin,Monroe,2798,15,0,43.94641218,-90.61881899999999,55081.0,0.0,0.0,6049.33734028063,0.536097212294496,2783,2745,14,0,2731,2713,46051,53,1,0,52,32
2020-12-04,US,Wisconsin,Oconto,3468,33,0,45.02715345,-88.26807503,55083.0,0.0,0.0,9143.158449775905,0.9515570934256056,3435,3423,33,0,3390,3389,37830,45,0,0,45,34
2020-12-04,US,Wisconsin,Oneida,2483,39,0,45.70677897,-89.51944105,55085.0,0.0,0.0,6975.698834105914,1.5706806282722514,2444,2430,36,0,2394,2406,35470,53,3,0,50,24
2020-12-04,US,Wisconsin,Outagamie,15055,134,0,44.41578887,-88.46565023,55087.0,0.0,0.0,8012.880219283073,0.8900697442710063,14921,14917,133,0,14784,14743,187365,138,1,0,137,174
2020-12-04,US,Wisconsin,Ozaukee,5639,44,0,43.38352225,-87.94625009,55089.0,0.0,0.0,6320.260925118525,0.7802801915233197,5595,5560,41,0,5519,5509,89147,79,3,0,76,51
2020-12-04,US,Wisconsin,Pepin,518,2,0,44.58307413,-91.99949611,55091.0,0.0,0.0,7108.549471661863,0.3861003861003861,516,516,2,0,514,502,7289,2,0,0,2,14
2020-12-04,US,Wisconsin,Pierce,2728,23,0,44.71850291,-92.4224416,55093.0,0.0,0.0,6380.689526126211,0.843108504398827,2705,2684,23,0,2661,2604,42555,44,0,0,44,80
2020-12-04,US,Wisconsin,Polk,2340,17,0,45.46130348,-92.44182875,55095.0,0.0,0.0,5344.54011831076,0.7264957264957265,2323,2306,16,0,2290,2255,43598,34,1,0,33,51
2020-12-04,US,Wisconsin,Portage,5075,40,0,44.47558711,-89.50152965,55097.0,0.0,0.0,7170.915051150172,0.7881773399014779,5035,5047,40,0,5007,4989,70942,28,0,0,28,58
2020-12-04,US,Wisconsin,Price,835,5,0,45.68051754,-90.36098879999999,55099.0,0.0,0.0,6254.2131675529945,0.5988023952095808,830,821,5,0,816,791,13397,14,0,0,14,30
2020-12-04,US,Wisconsin,Racine,16074,194,0,42.74753117,-88.05941254,55101.0,0.0,0.0,8188.028179775968,1.2069180042304342,15880,15906,185,0,15721,15697,196584,168,9,0,159,209
2020-12-04,US,Wisconsin,Richland,942,13,0,43.3762778,-90.43012729,55103.0,0.0,0.0,5460.236494319499,1.3800424628450103,929,917,13,0,904,911,17377,25,0,0,25,6
2020-12-04,US,Wisconsin,Rock,10348,100,0,42.67151616,-89.07147900000002,55105.0,0.0,0.0,6334.708669515286,0.9663703131039816,10248,10141,93,0,10048,9999,163129,207,7,0,200,142
2020-12-04,US,Wisconsin,Rusk,954,7,0,45.47498854,-91.1333012,55107.0,0.0,0.0,6728.734659331359,0.7337526205450734,947,943,7,0,936,930,14147,11,0,0,11,13
2020-12-04,US,Wisconsin,Sauk,3855,19,0,43.42574087,-89.94966132,55111.0,0.0,0.0,5982.123459855374,0.4928664072632945,3836,3817,19,0,3798,3757,64249,38,0,0,38,60
2020-12-04,US,Wisconsin,Sawyer,954,8,0,45.87931905,-91.14504927,55113.0,0.0,0.0,5761.565406450054,0.8385744234800838,946,942,7,0,935,932,16489,12,1,0,11,10
2020-12-04,US,Wisconsin,Shawano,3968,54,0,44.78902246,-88.76443896,55115.0,0.0,0.0,9701.948702902271,1.3608870967741935,3914,3927,54,0,3873,3903,40796,41,0,0,41,24
2020-12-04,US,Wisconsin,Sheboygan,9814,65,0,43.72099677,-87.94579284,55117.0,0.0,0.0,8508.756719264782,0.6623191359282657,9749,9685,64,0,9621,9573,115456,129,1,0,128,112
2020-12-04,US,Wisconsin,St. Croix,4844,22,0,45.03437474,-92.45000068,55109.0,0.0,0.0,5341.449160298609,0.4541701073492981,4822,4790,21,0,4769,4685,89694,54,1,0,53,105
2020-12-04,US,Wisconsin,Taylor,1406,14,0,45.21179252,-90.5004405,55119.0,0.0,0.0,6911.468318340461,0.9957325746799432,1392,1372,14,0,1358,1348,20412,34,0,0,34,24
2020-12-04,US,Wisconsin,Trempealeau,2586,22,0,44.30360275,-91.35893614,55121.0,0.0,0.0,8722.047961145401,0.8507347254447022,2564,2548,22,0,2526,2492,29442,38,0,0,38,56
2020-12-04,US,Wisconsin,Vernon,1239,12,0,43.59422667,-90.8324691,55123.0,0.0,0.0,4019.855947050808,0.9685230024213076,1227,1207,12,0,1195,1178,30785,32,0,0,32,29
2020-12-04,US,Wisconsin,Vilas,1364,13,0,46.05467334,-89.51719204,55125.0,0.0,0.0,6145.528272133363,0.9530791788856304,1351,1339,13,0,1326,1323,21938,25,0,0,25,16
2020-12-04,US,Wisconsin,Walworth,7425,58,0,42.66858202,-88.54163073,55127.0,0.0,0.0,7148.496168213504,0.7811447811447811,7367,7246,57,0,7189,7179,103718,179,1,0,178,67
2020-12-04,US,Wisconsin,Washburn,798,6,0,45.89838588,-91.79050449,55129.0,0.0,0.0,5076.335877862595,0.7518796992481203,792,788,6,0,782,776,15878,10,0,0,10,12
2020-12-04,US,Wisconsin,Washington,10462,80,0,43.36863664,-88.22974712,55131.0,0.0,0.0,7690.724377729097,0.7646721468170522,10382,10329,79,0,10250,10156,135693,133,1,0,132,173
2020-12-04,US,Wisconsin,Waukesha,29812,233,0,43.01833055,-88.30431188,55133.0,0.0,0.0,7375.5931498918835,0.7815644706829464,29579,29460,226,0,29234,29119,403072,352,7,0,345,341
2020-12-04,US,Wisconsin,Waupaca,4280,121,0,44.47068056,-88.96534501,55135.0,0.0,0.0,8393.802706413022,2.8271028037383177,4159,4266,120,0,4146,4226,51128,14,1,0,13,40
2020-12-04,US,Wisconsin,Waushara,1867,10,0,44.11324419,-89.24317107,55137.0,0.0,0.0,7638.178619645705,0.5356186395286556,1857,1853,10,0,1843,1837,24263,14,0,0,14,16
2020-12-04,US,Wisconsin,Winnebago,14962,127,0,44.06886922,-88.64477096,55139.0,0.0,0.0,8703.543194866992,0.8488170030744553,14835,14750,125,0,14625,14604,171020,212,2,0,210,146
2020-12-04,US,Wisconsin,Wood,4816,39,0,44.45537896,-90.04158336,55141.0,0.0,0.0,6597.350648639022,0.8098006644518272,4777,4677,37,0,4640,4622,73055,139,2,0,137,55
2020-12-04,US,Wyoming,Albany,3120,9,0,41.65498705,-105.72354150000001,56001.0,0.0,0.0,8024.691358024691,0.28846153846153844,3111,3120,9,0,3111,3120,38601,0,0,0,0,0
2020-12-04,US,Wyoming,Big Horn,552,13,0,44.52405055,-107.9960365,56003.0,0.0,0.0,4681.933842239186,2.355072463768116,539,536,13,0,523,525,11881,16,0,0,16,11
2020-12-04,US,Wyoming,Campbell,3220,17,0,44.24886082,-105.54744040000001,56005.0,0.0,0.0,6948.490537536954,0.5279503105590062,3203,3171,17,0,3154,3137,46140,49,0,0,49,34
2020-12-04,US,Wyoming,Carbon,759,9,0,41.69357844,-106.9326084,56007.0,0.0,0.0,5128.378378378378,1.1857707509881423,750,739,9,0,730,725,14971,20,0,0,20,14
2020-12-04,US,Wyoming,Converse,669,7,0,42.97272268,-105.5081848,56009.0,0.0,0.0,4840.109969613661,1.0463378176382658,662,660,7,0,653,649,13640,9,0,0,9,11
2020-12-04,US,Wyoming,Crook,321,6,0,44.58855102,-104.56977049999999,56011.0,0.0,0.0,4232.5949367088615,1.8691588785046729,315,317,6,0,311,313,7450,4,0,0,4,4
2020-12-04,US,Wyoming,Fremont,3495,38,0,43.04183996,-108.6296893,56013.0,0.0,0.0,8901.963780851227,1.0872675250357653,3457,3461,38,0,3423,3415,39531,34,0,0,34,46
2020-12-04,US,Wyoming,Goshen,804,9,0,42.08798185,-104.3534743,56015.0,0.0,0.0,6085.8375596094165,1.1194029850746268,795,782,9,0,773,771,13376,22,0,0,22,11
2020-12-04,US,Wyoming,Hot Springs,165,1,0,43.71930657,-108.44231740000001,56017.0,0.0,0.0,3738.9530931339227,0.6060606060606061,164,162,1,0,161,161,4555,3,0,0,3,1
2020-12-04,US,Wyoming,Johnson,368,5,0,44.04057166,-106.58451740000001,56019.0,0.0,0.0,4357.608052101836,1.358695652173913,363,349,5,0,344,342,8460,19,0,0,19,7
2020-12-04,US,Wyoming,Laramie,5682,28,0,41.30702520000001,-104.6887497,56021.0,0.0,0.0,5710.552763819095,0.492784230904611,5654,5555,28,0,5527,5457,98976,127,0,0,127,98
2020-12-04,US,Wyoming,Lincoln,689,6,0,42.26376367,-110.6563997,56023.0,0.0,0.0,3474.533535047907,0.8708272859216255,683,677,6,0,671,676,19434,12,0,0,12,1
2020-12-04,US,Wyoming,Natrona,5394,55,0,42.96180148,-106.79788500000001,56025.0,0.0,0.0,6754.4892183625925,1.0196514645902854,5339,5291,55,0,5236,5204,79115,103,0,0,103,87
2020-12-04,US,Wyoming,Niobrara,125,0,0,43.05607708,-104.47588959999999,56027.0,0.0,0.0,5305.602716468591,0.0,125,124,0,0,124,124,2388,1,0,0,1,0
2020-12-04,US,Wyoming,Park,1426,6,0,44.52157546,-109.58528249999999,56029.0,0.0,0.0,4884.565321641433,0.4207573632538569,1420,1403,6,0,1397,1363,29324,23,0,0,23,40
2020-12-04,US,Wyoming,Platte,352,8,0,42.13299116,-104.96633100000001,56031.0,0.0,0.0,4193.971166448231,2.272727272727273,344,344,8,0,336,341,8566,8,0,0,8,3
2020-12-04,US,Wyoming,Sheridan,2134,11,0,44.79048913,-106.8862389,56033.0,0.0,0.0,7000.164015089388,0.5154639175257731,2123,2094,11,0,2083,2075,30233,40,0,0,40,19
2020-12-04,US,Wyoming,Sublette,489,2,0,42.76558279,-109.91309220000001,56035.0,0.0,0.0,4974.0616417454985,0.40899795501022496,487,479,2,0,477,458,9813,10,0,0,10,21
2020-12-04,US,Wyoming,Sweetwater,2077,10,0,41.65943896,-108.8827882,56037.0,0.0,0.0,4905.179132324115,0.4814636494944632,2067,2024,10,0,2014,1934,43051,53,0,0,53,90
2020-12-04,US,Wyoming,Teton,1724,2,0,43.93522482,-110.5890801,56039.0,0.0,0.0,7347.425843845892,0.1160092807424594,1722,1693,2,0,1691,1678,23081,31,0,0,31,15
2020-12-04,US,Wyoming,Uinta,1175,5,0,41.2878183,-110.54757820000002,56041.0,0.0,0.0,5809.354296450114,0.425531914893617,1170,1149,5,0,1144,1121,20299,26,0,0,26,28
2020-12-04,US,Wyoming,Unassigned,0,9,0,0.0,0.0,90056.0,0.0,0.0,0.0,0.0,-9,0,9,0,-9,0,,0,0,0,0,0
2020-12-04,US,Wyoming,Washakie,518,8,0,43.90451606,-107.68018700000002,56043.0,0.0,0.0,6636.77130044843,1.5444015444015444,510,497,8,0,489,487,7885,21,0,0,21,10
2020-12-04,US,Wyoming,Weston,419,2,0,43.83961191,-104.56748809999999,56045.0,0.0,0.0,6048.794571964775,0.47732696897374705,417,419,2,0,417,415,6967,0,0,0,0,4
