Date,Country/Region,Province/State,Admin2,Confirmed,Deaths,Recovered,Latitude,Longitude,FIPS,Incidence_Rate,Case-Fatality_Ratio,Active Cases,Previous Confirmed,Previous Deaths,Previous Recovered,Previous Active,Prev2 Confirmed,Population,Daily Confirmed,Daily Deaths,Daily Recovered,Daily Active,Previous Daily Confirmed
2020-09-26,US,Alabama,Autauga,1764,25,0,32.53952745,-86.64408227,1001.0,3157.3860280298554,1.4172335600907031,1739,1757,25,0,1732,1738,55601,7,0,0,7,19
2020-09-26,US,Alabama,Baldwin,5477,50,0,30.72774991,-87.72207058,1003.0,2453.479308707455,0.912908526565638,5427,5456,50,0,5406,5165,218022,21,0,0,21,291
2020-09-26,US,Alabama,Barbour,882,7,0,31.868263,-85.3871286,1005.0,3572.875313943125,0.7936507936507936,875,873,7,0,866,857,24881,9,0,0,9,16
2020-09-26,US,Alabama,Bibb,654,10,0,32.99642064,-87.12511459999996,1007.0,2920.4251138697864,1.529051987767584,644,652,10,0,642,642,22400,2,0,0,2,10
2020-09-26,US,Alabama,Blount,1611,15,0,33.98210918,-86.56790593,1009.0,2785.9440390135924,0.931098696461825,1596,1608,15,0,1593,1594,57840,3,0,0,3,14
2020-09-26,US,Alabama,Bullock,604,14,0,32.10030533,-85.71265535,1011.0,5979.60597960598,2.3178807947019866,590,599,14,0,585,598,10138,5,0,0,5,1
2020-09-26,US,Alabama,Butler,912,39,0,31.75300095,-86.68057478,1013.0,4689.428218839984,4.276315789473684,873,916,39,0,877,913,19680,-4,0,0,-4,3
2020-09-26,US,Alabama,Calhoun,3515,44,0,33.77483727,-85.82630386,1015.0,3094.0539588926545,1.2517780938833571,3471,3499,42,0,3457,3466,114277,16,2,0,14,33
2020-09-26,US,Alabama,Chambers,1164,42,0,32.91360079,-85.39072749,1017.0,3500.3307872737114,3.608247422680413,1122,1161,42,0,1119,1151,33615,3,0,0,3,10
2020-09-26,US,Alabama,Cherokee,608,13,0,34.17805983,-85.60638968,1019.0,2320.9650328294397,2.138157894736842,595,603,13,0,590,591,26032,5,0,0,5,12
2020-09-26,US,Alabama,Chilton,1585,30,0,32.85044126,-86.7173256,1021.0,3567.570000900333,1.892744479495268,1555,1564,31,0,1533,1535,44153,21,-1,0,22,29
2020-09-26,US,Alabama,Choctaw,347,12,0,32.02227341,-88.26564429999998,1023.0,2756.3746127571694,3.4582132564841497,335,349,12,0,337,346,12841,-2,0,0,-2,3
2020-09-26,US,Alabama,Clarke,1091,16,0,31.68099859,-87.83548597,1025.0,4618.575903818474,1.4665444546287811,1075,1089,16,0,1073,1077,23920,2,0,0,2,12
2020-09-26,US,Alabama,Clay,585,8,0,33.26984193,-85.85836077,1027.0,4420.0982244049865,1.3675213675213675,577,579,7,0,572,570,13275,6,1,0,5,9
2020-09-26,US,Alabama,Cleburne,380,5,0,33.67679204,-85.52005899,1029.0,2548.625083836351,1.3157894736842106,375,364,6,0,358,339,14987,16,-1,0,17,25
2020-09-26,US,Alabama,Coffee,1348,6,0,31.39932826,-85.98901039,1031.0,2575.3696840013754,0.4451038575667656,1342,1320,6,0,1314,1307,51909,28,0,0,28,13
2020-09-26,US,Alabama,Colbert,1646,26,0,34.69847452,-87.80168544,1033.0,2979.6708966166443,1.5795868772782502,1620,1641,26,0,1615,1636,54762,5,0,0,5,5
2020-09-26,US,Alabama,Conecuh,535,11,0,31.43401703,-86.99320044,1035.0,4433.5791828955,2.05607476635514,524,535,11,0,524,531,12277,0,0,0,0,4
2020-09-26,US,Alabama,Coosa,171,3,0,32.93690146,-86.24847739,1037.0,1603.6762637156526,1.7543859649122806,168,168,3,0,165,167,10715,3,0,0,3,1
2020-09-26,US,Alabama,Covington,1401,27,0,31.247785399999998,-86.45050893,1039.0,3781.478582417879,1.9271948608137044,1374,1385,27,0,1358,1344,36986,16,0,0,16,41
2020-09-26,US,Alabama,Crenshaw,537,32,0,31.72941803,-86.31593104,1041.0,3899.215800174266,5.95903165735568,505,536,32,0,504,531,13824,1,0,0,1,5
2020-09-26,US,Alabama,Cullman,1899,20,0,34.13020303,-86.86888037,1043.0,2266.9754560213923,1.05318588730911,1879,1890,20,0,1870,1885,83442,9,0,0,9,5
2020-09-26,US,Alabama,Dale,1386,44,0,31.43037123,-85.61095742,1045.0,2818.6772960221265,3.1746031746031744,1342,1358,44,0,1314,1354,48956,28,0,0,28,4
2020-09-26,US,Alabama,Dallas,1790,26,0,32.32688101,-87.10866709999998,1047.0,4812.345413485321,1.4525139664804467,1764,1783,26,0,1757,1774,38310,7,0,0,7,9
2020-09-26,US,Alabama,DeKalb,2416,21,0,34.45946862,-85.80782906,1049.0,3378.406723253115,0.8692052980132451,2395,2406,20,0,2386,2391,71385,10,1,0,9,15
2020-09-26,US,Alabama,Elmore,2667,48,0,32.59785413,-86.14415284,1051.0,3284.118755310372,1.7997750281214848,2619,2659,47,0,2612,2632,81887,8,1,0,7,27
2020-09-26,US,Alabama,Escambia,1608,24,0,31.1256789,-87.15918694,1053.0,4389.484890672345,1.492537313432836,1584,1603,24,0,1579,1584,36748,5,0,0,5,19
2020-09-26,US,Alabama,Etowah,3490,45,0,34.04567266,-86.04051873,1055.0,3412.60218250088,1.2893982808022924,3445,3439,45,0,3394,3420,102501,51,0,0,51,19
2020-09-26,US,Alabama,Fayette,457,8,0,33.72076938,-87.73886638,1057.0,2803.337013863329,1.7505470459518602,449,450,8,0,442,443,16433,7,0,0,7,7
2020-09-26,US,Alabama,Franklin,1771,29,0,34.44235334,-87.84289505,1059.0,5646.96129073401,1.6374929418407682,1742,1767,29,0,1738,1755,31363,4,0,0,4,12
2020-09-26,US,Alabama,Geneva,625,4,0,31.09389027,-85.83572839,1061.0,2379.0491416390696,0.64,621,607,4,0,603,599,26314,18,0,0,18,8
2020-09-26,US,Alabama,Greene,303,15,0,32.85504247,-87.95684022,1063.0,3735.667611885094,4.950495049504951,288,303,15,0,288,303,8233,0,0,0,0,0
2020-09-26,US,Alabama,Hale,635,28,0,32.76039258,-87.63284988,1065.0,4334.175141628558,4.409448818897638,607,634,28,0,606,628,14726,1,0,0,1,6
2020-09-26,US,Alabama,Henry,505,5,0,31.51148016,-85.24267944,1067.0,2935.193257773903,0.99009900990099,500,493,5,0,488,486,17209,12,0,0,12,7
2020-09-26,US,Alabama,Houston,2903,21,0,31.15197924,-85.29939599,1069.0,2741.73136132676,0.7233895969686531,2882,2802,21,0,2781,2781,104722,101,0,0,101,21
2020-09-26,US,Alabama,Jackson,1575,11,0,34.78144169,-85.99750489,1071.0,3050.7883624530277,0.6984126984126984,1564,1560,11,0,1549,1546,51736,15,0,0,15,14
2020-09-26,US,Alabama,Jefferson,19676,351,0,33.55554728,-86.89506300000002,1073.0,2987.6718298502974,1.7838991664972554,19325,19572,348,0,19224,19441,659300,104,3,0,101,131
2020-09-26,US,Alabama,Lamar,367,2,0,33.77995024,-88.09668032,1075.0,2658.4570807678383,0.5449591280653951,365,366,2,0,364,363,13844,1,0,0,1,3
2020-09-26,US,Alabama,Lauderdale,1713,33,0,34.90171875,-87.65624729,1077.0,1847.3185303411015,1.926444833625219,1680,1698,33,0,1665,1682,92387,15,0,0,15,16
2020-09-26,US,Alabama,Lawrence,620,23,0,34.52041498,-87.31069453,1079.0,1883.1247722026487,3.7096774193548394,597,616,23,0,593,609,32957,4,0,0,4,7
2020-09-26,US,Alabama,Lee,5897,60,0,32.60154883,-85.35132246,1081.0,3583.887396530977,1.0174665083940988,5837,5887,59,0,5828,5829,163941,10,1,0,9,58
2020-09-26,US,Alabama,Limestone,2101,20,0,34.81185586,-86.98310072,1083.0,2124.045897993227,0.951927653498334,2081,2088,20,0,2068,2061,96174,13,0,0,13,27
2020-09-26,US,Alabama,Lowndes,653,27,0,32.1597283,-86.65158371,1085.0,6713.962574542465,4.134762633996937,626,653,27,0,626,653,9974,0,0,0,0,0
2020-09-26,US,Alabama,Macon,480,18,0,32.38759944,-85.69267724,1087.0,2656.630506973655,3.75,462,481,19,0,462,480,18439,-1,-1,0,0,1
2020-09-26,US,Alabama,Madison,7881,78,0,34.76327133,-86.55069633,1089.0,2113.384230469096,0.9897221164826798,7803,7820,78,0,7742,7754,366519,61,0,0,61,66
2020-09-26,US,Alabama,Marengo,720,20,0,32.24767634,-87.78796182,1091.0,3816.9962360176005,2.7777777777777777,700,716,20,0,696,708,19066,4,0,0,4,8
2020-09-26,US,Alabama,Marion,964,29,0,34.13697363,-87.88704173,1093.0,3244.807970648625,3.0082987551867215,935,957,29,0,928,957,29763,7,0,0,7,0
2020-09-26,US,Alabama,Marshall,3943,43,0,34.36975964,-86.30486727,1095.0,4074.4414822162976,1.0905401978189195,3900,3933,43,0,3890,3909,96109,10,0,0,10,24
2020-09-26,US,Alabama,Mobile,13373,292,0,30.78472347,-88.20842409,1097.0,3236.368916531546,2.1835040753757573,13081,13320,292,0,13028,13271,413757,53,0,0,53,49
2020-09-26,US,Alabama,Monroe,589,8,0,31.56729412,-87.36995001,1099.0,2840.881686200743,1.3582342954159592,581,584,8,0,576,581,21067,5,0,0,5,3
2020-09-26,US,Alabama,Montgomery,8834,184,0,32.2206831,-86.20969272,1101.0,3900.4618387008472,2.0828616708172967,8650,8811,183,0,8628,8778,225763,23,1,0,22,33
2020-09-26,US,Alabama,Morgan,3292,28,0,34.45500589,-86.85475946,1103.0,2750.691432916385,0.8505467800729041,3264,3273,28,0,3245,3254,119089,19,0,0,19,19
2020-09-26,US,Alabama,Perry,541,6,0,32.64048341,-87.29770589,1105.0,6062.983301580186,1.1090573012939002,535,541,6,0,535,540,9140,0,0,0,0,1
2020-09-26,US,Alabama,Pickens,662,14,0,33.28094866,-88.08818103,1107.0,3321.625689914701,2.114803625377644,648,656,14,0,642,651,19938,6,0,0,6,5
2020-09-26,US,Alabama,Pike,1198,10,0,31.80396383,-85.9408295,1109.0,3617.80515793924,0.8347245409015025,1188,1194,10,0,1184,1187,33338,4,0,0,4,7
2020-09-26,US,Alabama,Randolph,647,13,0,33.29526734,-85.45708831,1111.0,2847.46061086172,2.009273570324575,634,642,13,0,629,637,22725,5,0,0,5,5
2020-09-26,US,Alabama,Russell,1760,3,0,32.28725256,-85.18415324,1113.0,3036.524559617673,0.17045454545454544,1757,1757,3,0,1754,1744,57781,3,0,0,3,13
2020-09-26,US,Alabama,Shelby,5978,49,0,33.26879845,-86.66232561,1117.0,2745.955480427373,0.819672131147541,5929,5923,49,0,5874,5849,215707,55,0,0,55,74
2020-09-26,US,Alabama,St. Clair,2322,35,0,33.71902176,-86.31029372,1115.0,2594.065600142997,1.5073212747631353,2287,2308,35,0,2273,2278,88690,14,0,0,14,30
2020-09-26,US,Alabama,Sumter,438,19,0,32.59117397,-88.19916205,1119.0,3524.5835680373384,4.337899543378995,419,435,19,0,416,434,12691,3,0,0,3,1
2020-09-26,US,Alabama,Talladega,2166,29,0,33.37823223,-86.16886178,1121.0,2708.2447673110105,1.3388734995383196,2137,2146,28,0,2118,2127,79828,20,1,0,19,19
2020-09-26,US,Alabama,Tallapoosa,1160,85,0,32.86698258,-85.79833053,1123.0,2873.6344043401787,7.327586206896553,1075,1156,85,0,1071,1146,40497,4,0,0,4,10
2020-09-26,US,Alabama,Tuscaloosa,8621,118,0,33.28726072,-87.52556818,1125.0,4117.885887607175,1.3687507249739008,8503,8586,117,0,8469,7496,208911,35,1,0,34,1090
2020-09-26,US,Alabama,Walker,2316,84,0,33.80270512,-87.30027177,1127.0,3646.0383180365548,3.6269430051813467,2232,2306,83,0,2223,2284,63711,10,1,0,9,22
2020-09-26,US,Alabama,Washington,557,13,0,31.4092794,-88.20689944,1129.0,3411.735881416146,2.3339317773788157,544,556,13,0,543,556,16378,1,0,0,1,0
2020-09-26,US,Alabama,Wilcox,531,11,0,31.98773215,-87.30891118,1131.0,5119.059095729297,2.071563088512241,520,531,11,0,520,531,10627,0,0,0,0,0
2020-09-26,US,Alabama,Winston,744,12,0,34.15030532,-87.37325922,1133.0,3148.673240509544,1.6129032258064515,732,738,12,0,726,737,23660,6,0,0,6,1
2020-09-26,US,Alaska,Aleutians East,2,0,0,55.32222414,-161.9722021,2013.0,59.93407252022774,0.0,2,2,0,0,2,2,3515,0,0,0,0,0
2020-09-26,US,Alaska,Aleutians West,8,0,0,52.3233,-174.1596,2016.0,141.9950301739439,0.0,8,8,0,0,8,8,5723,0,0,0,0,0
2020-09-26,US,Alaska,Anchorage,4131,31,0,61.14998174,-149.14269860000005,2020.0,1434.375,0.7504236262406198,4100,4065,31,0,4034,3996,291538,66,0,0,66,69
2020-09-26,US,Alaska,Bethel,107,1,0,60.90980451,-159.8561831,2050.0,581.9645382356141,0.9345794392523364,106,105,1,0,104,102,18216,2,0,0,2,3
2020-09-26,US,Alaska,Bristol Bay,10,0,0,58.74513976,-156.701064,2060.0,1196.1722488038274,0.0,10,10,0,0,10,10,877,0,0,0,0,0
2020-09-26,US,Alaska,Denali,6,0,0,63.67264044,-150.0076108,2068.0,286.12303290414883,0.0,6,3,0,0,3,3,2059,3,0,0,3,0
2020-09-26,US,Alaska,Dillingham,8,0,0,59.79603738,-158.23819419999995,2070.0,162.73393002441009,0.0,8,8,0,0,8,8,5000,0,0,0,0,0
2020-09-26,US,Alaska,Fairbanks North Star,1065,11,0,64.80726247,-146.5692662,2090.0,1099.6499705727472,1.0328638497652582,1054,1044,11,0,1033,1013,98971,21,0,0,21,31
2020-09-26,US,Alaska,Haines,5,0,0,59.09893571,-135.4679843,2100.0,197.6284584980237,0.0,5,5,0,0,5,5,2474,0,0,0,0,0
2020-09-26,US,Alaska,Juneau,287,1,0,58.45031811,-134.200436,2110.0,897.604303496591,0.3484320557491289,286,284,1,0,283,280,32113,3,0,0,3,4
2020-09-26,US,Alaska,Kenai Peninsula,447,3,0,60.24429722,-151.53888840000005,2122.0,761.3953805273558,0.6711409395973155,444,443,3,0,440,442,58533,4,0,0,4,1
2020-09-26,US,Alaska,Ketchikan Gateway,49,0,0,55.57445008,-130.975561,2130.0,352.49262642975333,0.0,49,49,0,0,49,49,13918,0,0,0,0,0
2020-09-26,US,Alaska,Kodiak Island,22,0,0,57.65529415,-153.7493579,2150.0,169.2568087398061,0.0,22,21,0,0,21,21,13345,1,0,0,1,0
2020-09-26,US,Alaska,Kusilvak,12,0,0,62.15429159999999,-163.39678830000003,2158.0,144.3348568679336,0.0,12,12,0,0,12,12,8303,0,0,0,0,0
2020-09-26,US,Alaska,Matanuska-Susitna,595,2,0,62.31305045,-149.5741743,2170.0,549.3135888180066,0.33613445378151263,593,593,2,0,591,591,107610,2,0,0,2,2
2020-09-26,US,Alaska,Nome,66,0,0,64.90320724,-164.0353804,2180.0,659.7361055577769,0.0,66,64,0,0,64,61,10008,2,0,0,2,3
2020-09-26,US,Alaska,North Slope,120,0,0,69.31479216,-153.4836093,2185.0,1220.5044751830758,0.0,120,115,0,0,115,112,9872,5,0,0,5,3
2020-09-26,US,Alaska,Northwest Arctic,106,0,0,67.04919196,-159.7503946,2188.0,1390.8935835192233,0.0,106,105,0,0,105,102,7671,1,0,0,1,3
2020-09-26,US,Alaska,Petersburg,7,1,0,57.13978948,-132.9540995,2195.0,214.32945499081444,14.285714285714285,6,7,1,0,6,7,3221,0,0,0,0,0
2020-09-26,US,Alaska,Prince of Wales-Hyder,31,0,0,55.76261984,-133.0511621,2198.0,499.7581815250685,0.0,31,31,0,0,31,31,6422,0,0,0,0,0
2020-09-26,US,Alaska,Sitka,45,0,0,57.24124555,-135.3206587,2220.0,529.848110208407,0.0,45,45,0,0,45,45,8647,0,0,0,0,0
2020-09-26,US,Alaska,Southeast Fairbanks,26,0,0,63.87692095,-143.2127643,2240.0,377.1942550413463,0.0,26,25,0,0,25,24,6918,1,0,0,1,1
2020-09-26,US,Alaska,Unassigned,19,0,0,0.0,0.0,90002.0,0.0,0.0,19,18,0,0,18,17,,1,0,0,1,1
2020-09-26,US,Alaska,Valdez-Cordova,76,0,0,61.47502768,-144.7126799,2261.0,825.9074114322972,0.0,76,76,0,0,76,76,9164,0,0,0,0,0
2020-09-26,US,Alaska,Wrangell,13,0,0,56.3202004,-132.05837309999998,2275.0,519.5843325339728,0.0,13,13,0,0,13,13,2503,0,0,0,0,0
2020-09-26,US,Alaska,Yakutat,24,0,0,59.890980799999994,-140.36014509999998,2282.0,4145.077720207254,0.0,24,23,0,0,23,23,604,1,0,0,1,0
2020-09-26,US,Alaska,Yukon-Koyukuk,80,2,0,65.50815459,-151.39073869999999,2290.0,1529.6367112810708,2.5,78,80,2,0,78,79,5327,0,0,0,0,1
2020-09-26,US,Arizona,Apache,3525,165,0,35.39465006,-109.4892383,4001.0,4903.52914991584,4.680851063829787,3360,3507,164,0,3343,3495,71818,18,1,0,17,12
2020-09-26,US,Arizona,Cochise,1901,71,0,31.87934684,-109.7516088,4003.0,1509.6647130763488,3.734876380852183,1830,1893,71,0,1822,1889,126770,8,0,0,8,4
2020-09-26,US,Arizona,Coconino,4040,144,0,35.83883429,-111.77071780000001,4005.0,2815.8019459700567,3.5643564356435644,3896,3985,134,0,3851,3918,142854,55,10,0,45,67
2020-09-26,US,Arizona,Gila,1304,56,0,33.80190085,-110.8132779,4007.0,2414.0101447665593,4.294478527607362,1248,1287,56,0,1231,1268,53889,17,0,0,17,19
2020-09-26,US,Arizona,Graham,818,25,0,32.93166885,-109.8882178,4009.0,2106.2388958982415,3.056234718826406,793,815,25,0,790,811,38072,3,0,0,3,4
2020-09-26,US,Arizona,Greenlee,59,1,0,33.21498827,-109.2405279,4011.0,621.1834070330598,1.6949152542372878,58,59,1,0,58,59,9483,0,0,0,0,0
2020-09-26,US,Arizona,La Paz,544,15,0,33.72854224,-113.98100290000001,4012.0,2577.2219063862044,2.7573529411764706,529,545,15,0,530,538,21098,-1,0,0,-1,7
2020-09-26,US,Arizona,Maricopa,140963,3363,0,33.34835867,-112.49181540000001,4013.0,3142.6976417338506,2.38573242623951,137600,140753,3343,0,137410,140584,4410824,210,20,0,190,169
2020-09-26,US,Arizona,Mohave,3978,227,0,35.70471703,-113.7577902,4015.0,1874.8144273049893,5.706385118149824,3751,3957,222,0,3735,3947,209550,21,5,0,16,10
2020-09-26,US,Arizona,Navajo,5785,235,0,35.3997715,-110.3218983,4017.0,5215.282535790271,4.062229904926534,5550,5781,234,0,5547,5770,110445,4,1,0,3,11
2020-09-26,US,Arizona,Pima,25329,622,0,32.0971334,-111.7890033,4019.0,2418.553222207263,2.455683208969955,24707,25265,622,0,24643,25140,1039073,64,0,0,64,125
2020-09-26,US,Arizona,Pinal,10538,207,0,32.90525627,-111.3449483,4021.0,2277.0636294293945,1.9643196052381855,10331,10504,209,0,10295,10462,447138,34,-2,0,36,42
2020-09-26,US,Arizona,Santa Cruz,2833,63,0,31.52508998,-110.8479088,4023.0,6092.735171405222,2.2237910342393223,2770,2834,63,0,2771,2830,46511,-1,0,0,-1,4
2020-09-26,US,Arizona,Unassigned,2,1,0,0.0,0.0,90004.0,0.0,50.0,1,0,1,0,-1,3,,2,0,0,2,-3
2020-09-26,US,Arizona,Yavapai,2528,82,0,34.59933926,-112.5538588,4025.0,1075.2916856303086,3.2436708860759493,2446,2518,82,0,2436,2506,231993,10,0,0,10,12
2020-09-26,US,Arizona,Yuma,12679,345,0,32.76895712,-113.90666740000002,4027.0,5930.6693110432325,2.7210347819228646,12334,12664,345,0,12319,12632,212128,15,0,0,15,32
2020-09-26,US,Arkansas,Arkansas,404,7,0,34.29145151,-91.37277296,5001.0,2310.4197643829348,1.7326732673267329,397,391,6,0,385,376,17769,13,1,0,12,15
2020-09-26,US,Arkansas,Ashley,431,10,0,33.19153461,-91.76984709999999,5003.0,2192.603143918197,2.320185614849188,421,431,10,0,421,429,20046,0,0,0,0,2
2020-09-26,US,Arkansas,Baxter,337,2,0,36.28784385,-92.33782872,5005.0,803.6821520557093,0.5934718100890207,335,331,2,0,329,317,41619,6,0,0,6,14
2020-09-26,US,Arkansas,Benton,6528,86,0,36.33644656,-94.25680817,5007.0,2338.603071565982,1.3174019607843137,6442,6500,84,0,6416,6458,272608,28,2,0,26,42
2020-09-26,US,Arkansas,Boone,711,10,0,36.3084504,-93.09374925,5009.0,1899.444325710622,1.4064697609001406,701,706,10,0,696,688,37480,5,0,0,5,18
2020-09-26,US,Arkansas,Bradley,342,8,0,33.46755808,-92.15980837,5011.0,3177.5527269348686,2.3391812865497075,334,342,8,0,334,340,10897,0,0,0,0,2
2020-09-26,US,Arkansas,Calhoun,36,0,0,33.55598792,-92.49974403,5013.0,693.7752938909233,0.0,36,35,0,0,35,34,5277,1,0,0,1,1
2020-09-26,US,Arkansas,Carroll,652,9,0,36.34038560000001,-93.54270261,5015.0,2297.392529950669,1.3803680981595092,643,650,9,0,641,639,28223,2,0,0,2,11
2020-09-26,US,Arkansas,Chicot,1005,20,0,33.26458973,-91.29539209,5017.0,9932.793042103183,1.9900497512437807,985,1004,19,0,985,1004,10438,1,1,0,0,0
2020-09-26,US,Arkansas,Clark,338,4,0,34.04613432,-93.17484713,5019.0,1514.336917562724,1.183431952662722,334,332,4,0,328,329,22061,6,0,0,6,3
2020-09-26,US,Arkansas,Clay,294,8,0,36.36826212,-90.4148172,5021.0,2020.47969211738,2.7210884353741496,286,286,8,0,278,284,14847,8,0,0,8,2
2020-09-26,US,Arkansas,Cleburne,328,8,0,35.53864922,-92.02640019,5023.0,1316.2646976202898,2.4390243902439024,320,324,8,0,316,320,24965,4,0,0,4,4
2020-09-26,US,Arkansas,Cleveland,184,10,0,33.89723187,-92.18537045,5025.0,2312.7199597787835,5.434782608695652,174,184,10,0,174,179,8018,0,0,0,0,5
2020-09-26,US,Arkansas,Columbia,443,18,0,33.21230701,-93.22642793,5027.0,1888.5620497079765,4.063205417607223,425,434,18,0,416,412,23537,9,0,0,9,22
2020-09-26,US,Arkansas,Conway,264,3,0,35.26205537,-92.70506566,5029.0,1266.4300105535833,1.1363636363636365,261,263,3,0,260,257,20891,1,0,0,1,6
2020-09-26,US,Arkansas,Craighead,2934,22,0,35.83018283,-90.63235729,5031.0,2659.2466374216,0.7498295841854125,2912,2876,22,0,2854,2814,108558,58,0,0,58,62
2020-09-26,US,Arkansas,Crawford,1383,15,0,35.58928601,-94.2446814,5033.0,2186.31930063076,1.084598698481562,1368,1361,15,0,1346,1316,63406,22,0,0,22,45
2020-09-26,US,Arkansas,Crittenden,1944,46,0,35.21247318,-90.30839406,5035.0,4053.800437910541,2.366255144032922,1898,1923,46,0,1877,1917,48342,21,0,0,21,6
2020-09-26,US,Arkansas,Cross,432,11,0,35.29631396,-90.77185818,5037.0,2631.098118033985,2.5462962962962963,421,430,11,0,419,428,16676,2,0,0,2,2
2020-09-26,US,Arkansas,Dallas,162,4,0,33.97042763,-92.65167437,5039.0,2311.314024825225,2.469135802469136,158,162,3,0,159,161,7182,0,1,0,-1,1
2020-09-26,US,Arkansas,Desha,294,5,0,33.83011025,-91.25500948,5041.0,2587.800369685767,1.7006802721088434,289,290,5,0,285,288,11512,4,0,0,4,2
2020-09-26,US,Arkansas,Drew,357,7,0,33.59035001,-91.71777921,5043.0,1959.4928371480325,1.96078431372549,350,355,6,0,349,353,18328,2,1,0,1,2
2020-09-26,US,Arkansas,Faulkner,2452,19,0,35.14719007,-92.33717519,5045.0,1945.923639162904,0.7748776508972267,2433,2432,19,0,2413,2391,124806,20,0,0,20,41
2020-09-26,US,Arkansas,Franklin,279,2,0,35.51202821,-93.89299569,5047.0,1574.9364944961897,0.7168458781362007,277,273,2,0,271,267,17810,6,0,0,6,6
2020-09-26,US,Arkansas,Fulton,157,3,0,36.38177105,-91.81729127,5049.0,1258.31530015228,1.9108280254777068,154,153,3,0,150,139,12269,4,0,0,4,14
2020-09-26,US,Arkansas,Garland,1884,51,0,34.57692074,-93.14921604,5051.0,1895.639224840521,2.707006369426752,1833,1865,51,0,1814,1827,99154,19,0,0,19,38
2020-09-26,US,Arkansas,Grant,263,2,0,34.29017991,-92.42320562,5053.0,1439.9124007664932,0.7604562737642585,261,256,2,0,254,255,18188,7,0,0,7,1
2020-09-26,US,Arkansas,Greene,870,10,0,36.11735460000001,-90.55832668,5055.0,1919.4704908990625,1.1494252873563218,860,859,10,0,849,836,45325,11,0,0,11,23
2020-09-26,US,Arkansas,Hempstead,366,4,0,33.73325583,-93.66935133,5057.0,1699.7956529816088,1.0928961748633879,362,363,4,0,359,362,21741,3,0,0,3,1
2020-09-26,US,Arkansas,Hot Spring,1904,26,0,34.31709259,-92.95396325,5059.0,5637.973409138018,1.365546218487395,1878,1884,26,0,1858,1875,33701,20,0,0,20,9
2020-09-26,US,Arkansas,Howard,469,9,0,34.09007427,-93.9934871,5061.0,3552.4920466595972,1.9189765458422172,460,468,9,0,459,465,13341,1,0,0,1,3
2020-09-26,US,Arkansas,Independence,1091,19,0,35.74242707,-91.57001641,5063.0,2884.3357567746198,1.7415215398716777,1072,1076,19,0,1057,1064,37678,15,0,0,15,12
2020-09-26,US,Arkansas,Izard,242,0,0,36.09604046,-91.90847954,5065.0,1775.6255044390634,0.0,242,238,0,0,238,223,13593,4,0,0,4,15
2020-09-26,US,Arkansas,Jackson,322,1,0,35.59802983,-91.21494602,5067.0,1925.9525091213586,0.3105590062111801,321,321,1,0,320,313,16811,1,0,0,1,8
2020-09-26,US,Arkansas,Jefferson,3140,71,0,34.26767081,-91.92619839,5069.0,4698.910571052316,2.2611464968152872,3069,3107,68,0,3039,3074,68114,33,3,0,30,33
2020-09-26,US,Arkansas,Johnson,847,5,0,35.56759135,-93.46036368,5071.0,3186.846263827225,0.5903187721369539,842,837,5,0,832,834,26742,10,0,0,10,3
2020-09-26,US,Arkansas,Lafayette,104,2,0,33.24116713,-93.60677071,5073.0,1570.048309178744,1.9230769230769231,102,104,2,0,102,102,6682,0,0,0,0,2
2020-09-26,US,Arkansas,Lawrence,437,12,0,36.04188196,-91.10867198,5075.0,2663.6596367182738,2.7459954233409607,425,424,12,0,412,410,16434,13,0,0,13,14
2020-09-26,US,Arkansas,Lee,1056,18,0,34.78498904,-90.78383866,5077.0,11922.77294795077,1.7045454545454546,1038,1054,18,0,1036,1053,8985,2,0,0,2,1
2020-09-26,US,Arkansas,Lincoln,2011,15,0,33.95317155,-91.74002806,5079.0,15440.724815724818,0.7458975634012929,1996,1961,15,0,1946,1948,13383,50,0,0,50,13
2020-09-26,US,Arkansas,Little River,355,25,0,33.70375665,-94.23468591,5081.0,2895.831633901624,7.042253521126762,330,354,25,0,329,353,12326,1,0,0,1,1
2020-09-26,US,Arkansas,Logan,406,1,0,35.21413234,-93.71951016,5083.0,1891.3630858101185,0.24630541871921185,405,403,1,0,402,401,21737,3,0,0,3,2
2020-09-26,US,Arkansas,Lonoke,1171,11,0,34.75392199,-91.88742357,5085.0,1597.3482109972854,0.9393680614859096,1160,1153,11,0,1142,1121,73657,18,0,0,18,32
2020-09-26,US,Arkansas,Madison,351,3,0,36.01038185,-93.72524943,5087.0,2117.519305019305,0.8547008547008547,348,346,3,0,343,340,16481,5,0,0,5,6
2020-09-26,US,Arkansas,Marion,95,0,0,36.26844485,-92.68451899,5089.0,569.0667305618788,0.0,95,89,0,0,89,85,16722,6,0,0,6,4
2020-09-26,US,Arkansas,Miller,822,11,0,33.31403423,-93.89285258,5091.0,1900.2704764546781,1.338199513381995,811,818,11,0,807,810,43592,4,0,0,4,8
2020-09-26,US,Arkansas,Mississippi,1668,50,0,35.76271485,-90.05194370000002,5093.0,4103.220092986642,2.9976019184652283,1618,1657,50,0,1607,1648,41239,11,0,0,11,9
2020-09-26,US,Arkansas,Monroe,131,0,0,34.6815935,-91.20540287,5095.0,1954.932099686614,0.0,131,128,0,0,128,124,6900,3,0,0,3,4
2020-09-26,US,Arkansas,Montgomery,150,4,0,34.53704874,-93.65824478,5097.0,1669.2632984642776,2.6666666666666665,146,145,4,0,141,142,8924,5,0,0,5,3
2020-09-26,US,Arkansas,Nevada,220,13,0,33.66340119,-93.30632432,5099.0,2666.020358700921,5.909090909090909,207,220,13,0,207,216,8326,0,0,0,0,4
2020-09-26,US,Arkansas,Newton,239,18,0,35.91947491,-93.21612969,5101.0,3082.677673158777,7.531380753138075,221,236,18,0,218,228,7805,3,0,0,3,8
2020-09-26,US,Arkansas,Ouachita,258,6,0,33.58839816,-92.87795984,5103.0,1103.4128817038747,2.3255813953488373,252,255,6,0,249,254,23606,3,0,0,3,1
2020-09-26,US,Arkansas,Perry,88,0,0,34.945915299999996,-92.94372564,5105.0,841.7025346724057,0.0,88,88,0,0,88,86,10352,0,0,0,0,2
2020-09-26,US,Arkansas,Phillips,490,12,0,34.43268455,-90.84800154,5107.0,2755.595546057811,2.4489795918367347,478,485,11,0,474,472,18029,5,1,0,4,13
2020-09-26,US,Arkansas,Pike,227,3,0,34.16250414,-93.65789349,5109.0,2117.9324500839707,1.3215859030837005,224,226,3,0,223,225,10673,1,0,0,1,1
2020-09-26,US,Arkansas,Poinsett,651,12,0,35.57433534,-90.66268713,5111.0,2766.9160149608974,1.8433179723502304,639,645,11,0,634,637,23974,6,1,0,5,8
2020-09-26,US,Arkansas,Polk,259,4,0,34.48254879,-94.22728802,5113.0,1297.335203366059,1.5444015444015444,255,258,4,0,254,257,20049,1,0,0,1,1
2020-09-26,US,Arkansas,Pope,2107,31,0,35.44871474,-93.03212219,5115.0,3288.4879510550627,1.4712861888941624,2076,2096,30,0,2066,2079,64000,11,1,0,10,17
2020-09-26,US,Arkansas,Prairie,150,1,0,34.83624419,-91.55162157,5117.0,1860.5805011163488,0.6666666666666666,149,146,1,0,145,146,8074,4,0,0,4,0
2020-09-26,US,Arkansas,Pulaski,9135,148,0,34.77054088,-92.31355101,5119.0,2330.886349196629,1.6201423097974823,8987,9059,147,0,8912,8981,392680,76,1,0,75,78
2020-09-26,US,Arkansas,Randolph,414,22,0,36.3415714,-91.02455531,5121.0,2305.3792181757435,5.3140096618357475,392,411,22,0,389,409,17948,3,0,0,3,2
2020-09-26,US,Arkansas,Saline,2044,23,0,34.64916145,-92.67583224,5125.0,1669.4299925676062,1.125244618395303,2021,2030,23,0,2007,2020,121421,14,0,0,14,10
2020-09-26,US,Arkansas,Scott,100,1,0,34.85588887,-94.0632176,5127.0,972.6680284019064,1.0,99,100,1,0,99,97,10319,0,0,0,0,3
2020-09-26,US,Arkansas,Searcy,141,1,0,35.9109364,-92.69936482,5129.0,1789.1130567186906,0.7092198581560284,140,141,1,0,140,141,7958,0,0,0,0,0
2020-09-26,US,Arkansas,Sebastian,3677,60,0,35.19605503,-94.27162713,5131.0,2876.5440791069177,1.6317650258362797,3617,3638,59,0,3579,3590,127753,39,1,0,38,48
2020-09-26,US,Arkansas,Sevier,1202,16,0,33.99780401,-94.2424869,5133.0,7067.678014935027,1.3311148086522462,1186,1201,16,0,1185,1199,17139,1,0,0,1,2
2020-09-26,US,Arkansas,Sharp,218,6,0,36.16258158,-91.47819342,5135.0,1249.856667813324,2.7522935779816518,212,216,6,0,210,214,17366,2,0,0,2,2
2020-09-26,US,Arkansas,St. Francis,1503,6,0,35.02201976,-90.74828138,5123.0,6013.44322637433,0.3992015968063872,1497,1498,6,0,1492,1492,25439,5,0,0,5,6
2020-09-26,US,Arkansas,Stone,345,9,0,35.86251946,-92.15684085,5137.0,2758.675835598913,2.608695652173913,336,342,9,0,333,335,12457,3,0,0,3,7
2020-09-26,US,Arkansas,Unassigned,1857,0,0,0.0,0.0,90005.0,0.0,0.0,1857,1766,0,0,1766,1778,,91,0,0,91,-12
2020-09-26,US,Arkansas,Union,891,36,0,33.16887091,-92.59746952,5139.0,2303.396928804095,4.040404040404041,855,880,34,0,846,874,39126,11,2,0,9,6
2020-09-26,US,Arkansas,Van Buren,173,3,0,35.58095779,-92.51295036,5141.0,1045.6331217890602,1.7341040462427746,170,173,3,0,170,173,16603,0,0,0,0,0
2020-09-26,US,Arkansas,Washington,9379,115,0,35.976844,-94.21800746,5143.0,3921.1997307545976,1.2261435121015034,9264,9328,114,0,9214,9250,236961,51,1,0,50,78
2020-09-26,US,Arkansas,White,837,23,0,35.25688493,-91.74908296,5145.0,1062.816654603634,2.7479091995221028,814,828,21,0,807,795,78727,9,2,0,7,33
2020-09-26,US,Arkansas,Woodruff,52,0,0,35.18902527,-91.2439489,5147.0,822.7848101265822,0.0,52,52,0,0,52,49,6490,0,0,0,0,3
2020-09-26,US,Arkansas,Yell,1252,29,0,35.00292371,-93.41171338,5149.0,5866.641675647814,2.31629392971246,1223,1250,29,0,1221,1247,21535,2,0,0,2,3
2020-09-26,US,California,Alameda,21136,406,0,37.64629437,-121.8929271,6001.0,1264.6223454508358,1.920893262679788,20730,21028,404,0,20624,20951,1666753,108,2,0,106,77
2020-09-26,US,California,Alpine,2,0,0,38.59678594,-119.82235940000001,6003.0,177.14791851195747,0.0,2,2,0,0,2,2,1101,0,0,0,0,0
2020-09-26,US,California,Amador,296,16,0,38.44583082,-120.65696000000001,6005.0,744.6166230629906,5.405405405405406,280,296,16,0,280,296,39383,0,0,0,0,0
2020-09-26,US,California,Butte,2819,44,0,39.66727762,-121.6005252,6007.0,1286.122288832316,1.5608371763036537,2775,2803,43,0,2760,2790,231256,16,1,0,15,13
2020-09-26,US,California,Calaveras,317,14,0,38.20537103,-120.55291299999999,6009.0,690.5565842500816,4.416403785488959,303,314,14,0,300,314,45602,3,0,0,3,0
2020-09-26,US,California,Colusa,529,6,0,39.17881957,-122.2331726,6011.0,2455.098157516128,1.1342155009451795,523,527,6,0,521,524,21627,2,0,0,2,3
2020-09-26,US,California,Contra Costa,16469,205,0,37.91923498,-121.9289527,6013.0,1427.709475122364,1.2447628878498995,16264,16327,204,0,16123,16238,1150215,142,1,0,141,89
2020-09-26,US,California,Del Norte,139,1,0,41.74228275,-123.89740630000001,6015.0,499.78426578455344,0.7194244604316546,138,139,1,0,138,138,27828,0,0,0,0,1
2020-09-26,US,California,El Dorado,1109,4,0,38.77965956,-120.5233166,6017.0,575.0792095124012,0.3606853020739405,1105,1098,4,0,1094,1088,190678,11,0,0,11,10
2020-09-26,US,California,Fresno,28199,382,0,36.75733899,-119.6466953,6019.0,2822.437371196706,1.3546579665945602,27817,28106,382,0,27724,28019,994400,93,0,0,93,87
2020-09-26,US,California,Glenn,578,3,0,39.59875897,-122.3938452,6021.0,2035.71302785898,0.5190311418685121,575,574,3,0,571,571,28047,4,0,0,4,3
2020-09-26,US,California,Humboldt,501,7,0,40.69923009,-123.876044,6023.0,369.58349931394685,1.3972055888223551,494,501,7,0,494,496,136373,0,0,0,0,5
2020-09-26,US,California,Imperial,11835,317,0,33.0393082,-115.36690420000001,6025.0,6530.916314874597,2.6784959864807774,11518,11781,317,0,11464,11741,181827,54,0,0,54,40
2020-09-26,US,California,Inyo,187,15,0,36.51112084,-117.41119779999998,6027.0,1036.6428294251343,8.021390374331549,172,187,15,0,172,187,17987,0,0,0,0,0
2020-09-26,US,California,Kern,31865,367,0,35.34329425,-118.72777959999999,6029.0,3539.761075847421,1.1517338772948376,31498,31785,361,0,31424,31712,896764,80,6,0,74,73
2020-09-26,US,California,Kings,7631,77,0,36.07409056,-119.8159973,6031.0,4989.53838106447,1.0090420652601229,7554,7631,77,0,7554,7569,151366,0,0,0,0,62
2020-09-26,US,California,Lake,539,11,0,39.10124298,-122.75362439999999,6033.0,837.1385083713852,2.0408163265306123,528,534,11,0,523,530,64382,5,0,0,5,4
2020-09-26,US,California,Lassen,740,0,0,40.67311306,-120.59350990000002,6035.0,2420.43633271187,0.0,740,737,0,0,737,736,30802,3,0,0,3,1
2020-09-26,US,California,Los Angeles,266988,6504,0,34.30828379,-118.22824109999999,6037.0,2659.479573232958,2.436064542226617,260484,265775,6488,0,259287,264414,10105518,1213,16,0,1197,1361
2020-09-26,US,California,Madera,4481,65,0,37.21513971,-119.76655890000002,6039.0,2848.2078727745397,1.4505690694041509,4416,4481,65,0,4416,4458,157672,0,0,0,0,23
2020-09-26,US,California,Marin,6694,117,0,38.07122463,-122.72106310000001,6041.0,2586.2934944711888,1.7478338810875411,6577,6672,117,0,6555,6641,259666,22,0,0,22,31
2020-09-26,US,California,Mariposa,75,2,0,37.57978556,-119.9073334,6043.0,435.97047026681395,2.6666666666666665,73,75,2,0,73,75,17471,0,0,0,0,0
2020-09-26,US,California,Mendocino,908,18,0,39.4381191,-123.39113130000001,6045.0,1046.697944644895,1.9823788546255507,890,899,18,0,881,894,87606,9,0,0,9,5
2020-09-26,US,California,Merced,8872,142,0,37.18922369,-120.72090349999999,6047.0,3195.044655718813,1.600541027953111,8730,8846,140,0,8706,8828,274765,26,2,0,24,18
2020-09-26,US,California,Modoc,27,0,0,41.58965602,-120.7244817,6049.0,305.3953172718018,0.0,27,27,0,0,27,25,8777,0,0,0,0,2
2020-09-26,US,California,Mono,165,2,0,37.93899289,-118.8872409,6051.0,1142.3428413181944,1.2121212121212122,163,165,2,0,163,165,14250,0,0,0,0,0
2020-09-26,US,California,Monterey,9807,71,0,36.21862405,-121.24133970000001,6053.0,2259.35985955891,0.7239726725808097,9736,9772,70,0,9702,9701,435594,35,1,0,34,71
2020-09-26,US,California,Napa,1669,13,0,38.50735751,-122.33283899999999,6055.0,1211.6680218376116,0.7789095266626722,1656,1661,13,0,1648,1653,139417,8,0,0,8,8
2020-09-26,US,California,Nevada,533,7,0,39.30394768,-120.76272809999999,6057.0,534.3090571901158,1.3133208255159474,526,531,7,0,524,528,99696,2,0,0,2,3
2020-09-26,US,California,Orange,53069,1214,0,33.70147516,-117.76459979999998,6059.0,1671.1003460033276,2.287587857317832,51855,52904,1204,0,51700,52622,3185968,165,10,0,155,282
2020-09-26,US,California,Placer,3567,45,0,39.06167234,-120.72405690000001,6061.0,895.4909132902701,1.2615643397813288,3522,3542,44,0,3498,3535,393149,25,1,0,24,7
2020-09-26,US,California,Plumas,50,0,0,40.00355989,-120.8395236,6063.0,265.85845695751584,0.0,50,50,0,0,50,50,18804,0,0,0,0,0
2020-09-26,US,California,Riverside,58178,1189,0,33.74314981,-115.9933578,6065.0,2354.864066485708,2.043727869641445,56989,58178,1189,0,56989,57883,2450758,0,0,0,0,295
2020-09-26,US,California,Sacramento,22183,406,0,38.45106826,-121.34253740000001,6067.0,1429.26359710784,1.8302303565793625,21777,22026,402,0,21624,21872,1540975,157,4,0,153,154
2020-09-26,US,California,San Benito,1340,11,0,36.60308176,-121.069975,6069.0,2133.4861801044453,0.8208955223880597,1329,1331,11,0,1320,1321,61537,9,0,0,9,10
2020-09-26,US,California,San Bernardino,54386,925,0,34.84060306,-116.1774685,6071.0,2494.673372827206,1.7008053543191262,53461,53669,922,0,52747,53359,2171603,717,3,0,714,310
2020-09-26,US,California,San Diego,46331,775,0,33.03484597,-116.73653259999999,6073.0,1387.8496134294696,1.6727461095163063,45556,46001,775,0,45226,45596,3343364,330,0,0,330,405
2020-09-26,US,California,San Francisco,11076,101,0,37.75215114,-122.43856720000001,6075.0,1256.4247704892184,0.9118815456843626,10975,11038,99,0,10939,10946,883305,38,2,0,36,92
2020-09-26,US,California,San Joaquin,20194,441,0,37.93433732,-121.2730061,6077.0,2649.616609897291,2.1838169753392096,19753,20194,441,0,19753,20126,752660,0,0,0,0,68
2020-09-26,US,California,San Luis Obispo,3544,29,0,35.38822029,-120.4039028,6079.0,1251.805828809195,0.8182844243792325,3515,3510,29,0,3481,3479,284010,34,0,0,34,31
2020-09-26,US,California,San Mateo,9843,150,0,37.422880799999994,-122.32755459999998,6081.0,1284.026439751987,1.5239256324291377,9693,9785,150,0,9635,9714,769545,58,0,0,58,71
2020-09-26,US,California,Santa Barbara,9037,113,0,34.65329488,-120.0188492,6083.0,2023.9686986980926,1.250414960717052,8924,9003,113,0,8890,8973,446527,34,0,0,34,30
2020-09-26,US,California,Santa Clara,21030,311,0,37.23104908,-121.6970462,6085.0,1090.8513724082552,1.4788397527341892,20719,20882,306,0,20576,20756,1937570,148,5,0,143,126
2020-09-26,US,California,Santa Cruz,2330,9,0,37.05580291,-122.0066524,6087.0,852.8144707609082,0.3862660944206008,2321,2319,9,0,2310,2294,274255,11,0,0,11,25
2020-09-26,US,California,Shasta,806,17,0,40.76391419,-122.0396884,6089.0,447.5788538427366,2.109181141439206,789,777,17,0,760,759,180040,29,0,0,29,18
2020-09-26,US,California,Sierra,6,0,0,39.57713498,-120.52007009999998,6091.0,199.6672212978369,0.0,6,6,0,0,6,6,2987,0,0,0,0,0
2020-09-26,US,California,Siskiyou,165,0,0,41.59198861,-122.54074340000001,6093.0,378.9705781023909,0.0,165,165,0,0,165,163,43724,0,0,0,0,2
2020-09-26,US,California,Solano,6309,63,0,38.26827353,-121.9357113,6095.0,1409.3820298764865,0.9985734664764622,6246,6309,63,0,6246,6278,446610,0,0,0,0,31
2020-09-26,US,California,Sonoma,7369,122,0,38.52746429,-122.88625060000001,6097.0,1490.6864966338685,1.6555842040982494,7247,7320,120,0,7200,7262,499942,49,2,0,47,58
2020-09-26,US,California,Stanislaus,16452,351,0,37.55862499,-120.9970722,6099.0,2987.687502270004,2.133479212253829,16101,16452,348,0,16104,16436,549815,0,3,0,-3,16
2020-09-26,US,California,Sutter,1705,11,0,39.03417539,-121.6945899,6101.0,1758.2576234131855,0.6451612903225806,1694,1696,11,0,1685,1689,96807,9,0,0,9,7
2020-09-26,US,California,Tehama,546,5,0,40.12570935,-122.23701709999999,6103.0,838.9158625775923,0.9157509157509156,541,540,4,0,536,533,63916,6,1,0,5,7
2020-09-26,US,California,Trinity,16,0,0,40.64917670000001,-123.114713,6105.0,130.24013024013024,0.0,16,16,0,0,16,15,12535,0,0,0,0,1
2020-09-26,US,California,Tulare,15970,263,0,36.22026558,-118.8020203,6107.0,3425.605165220563,1.6468378209142143,15707,15897,259,0,15638,15829,465861,73,4,0,69,68
2020-09-26,US,California,Tuolumne,227,4,0,38.02644018,-119.95250929999999,6109.0,416.6819633613569,1.7621145374449338,223,227,4,0,223,227,54539,0,0,0,0,0
2020-09-26,US,California,Ventura,12664,150,0,34.44465746,-119.09106129999999,6111.0,1496.916097521767,1.1844598862918507,12514,12617,147,0,12470,12591,850967,47,3,0,44,26
2020-09-26,US,California,Yolo,2795,55,0,38.68278902,-121.90182879999999,6113.0,1267.5736961451248,1.9677996422182469,2740,2789,55,0,2734,2782,220408,6,0,0,6,7
2020-09-26,US,California,Yuba,1153,7,0,39.26255932,-121.35356440000001,6115.0,1465.6531245233132,0.6071118820468343,1146,1143,7,0,1136,1136,78041,10,0,0,10,7
2020-09-26,US,Colorado,Adams,8972,225,0,39.87432092,-104.3362578,8001.0,1733.9845116452561,2.507802050824788,8747,8872,225,0,8647,8773,511868,100,0,0,100,99
2020-09-26,US,Colorado,Alamosa,242,9,0,37.57250606,-105.7885451,8003.0,1490.7903653052426,3.71900826446281,233,242,9,0,233,242,16683,0,0,0,0,0
2020-09-26,US,Colorado,Arapahoe,9185,371,0,39.64977461,-104.3353617,8005.0,1398.8942871502766,4.039194338595537,8814,9141,370,0,8771,9071,651215,44,1,0,43,70
2020-09-26,US,Colorado,Archuleta,54,0,0,37.19474156,-107.04768670000001,8007.0,384.9169577304157,0.0,54,54,0,0,54,55,13765,0,0,0,0,-1
2020-09-26,US,Colorado,Baca,18,0,0,37.31940883,-102.5603223,8009.0,502.65289025411903,0.0,18,18,0,0,18,18,3585,0,0,0,0,0
2020-09-26,US,Colorado,Bent,11,0,0,37.95474293,-103.0720195,8011.0,197.23865877712032,0.0,11,11,0,0,11,11,5882,0,0,0,0,0
2020-09-26,US,Colorado,Boulder,4252,79,0,40.09313619,-105.3546767,8013.0,1303.5107726642875,1.8579492003762932,4173,4191,79,0,4112,4059,326078,61,0,0,61,132
2020-09-26,US,Colorado,Broomfield,636,33,0,39.95998787,-105.0566324,8014.0,902.5757468246647,5.188679245283018,603,626,33,0,593,619,69267,10,0,0,10,7
2020-09-26,US,Colorado,Chaffee,332,19,0,38.74745778,-106.19265729999998,8015.0,1630.9687561406954,5.7228915662650595,313,332,19,0,313,327,20027,0,0,0,0,5
2020-09-26,US,Colorado,Cheyenne,14,0,0,38.82777431,-102.6032558,8017.0,764.6095030038231,0.0,14,14,0,0,14,14,1876,0,0,0,0,0
2020-09-26,US,Colorado,Clear Creek,37,1,0,39.68864463,-105.6463118,8019.0,381.4432989690722,2.702702702702702,36,37,1,0,36,37,9605,0,0,0,0,0
2020-09-26,US,Colorado,Conejos,33,0,0,37.201606,-106.19174879999998,8021.0,402.19378427787933,0.0,33,33,0,0,33,33,8200,0,0,0,0,0
2020-09-26,US,Colorado,Costilla,32,1,0,37.27732493,-105.4276548,8023.0,823.2570105479805,3.125,31,32,1,0,31,32,3828,0,0,0,0,0
2020-09-26,US,Colorado,Crowley,73,1,0,38.32608609,-103.7844965,8025.0,1204.4217125886814,1.3698630136986298,72,73,1,0,72,73,5858,0,0,0,0,0
2020-09-26,US,Colorado,Custer,17,0,0,38.10883162,-105.3683478,8027.0,335.43804262036303,0.0,17,17,0,0,17,17,4954,0,0,0,0,0
2020-09-26,US,Colorado,Delta,188,3,0,38.86246243,-107.86313419999999,8029.0,603.2988896733201,1.5957446808510638,185,187,3,0,184,187,30953,1,0,0,1,0
2020-09-26,US,Colorado,Denver,13011,435,0,39.76018276,-104.87256950000001,8031.0,1789.164355324658,3.343324878948582,12576,12910,434,0,12476,12785,716492,101,1,0,100,125
2020-09-26,US,Colorado,Dolores,3,0,0,37.75208676,-108.5211585,8033.0,145.98540145985402,0.0,3,3,0,0,3,3,2074,0,0,0,0,0
2020-09-26,US,Colorado,Douglas,2550,60,0,39.33133796,-104.930001,8035.0,726.1771188709228,2.3529411764705883,2490,2511,60,0,2451,2484,342776,39,0,0,39,27
2020-09-26,US,Colorado,Eagle,1250,10,0,39.62754308,-106.6933637,8037.0,2267.491428882399,0.8,1240,1247,10,0,1237,1246,54993,3,0,0,3,1
2020-09-26,US,Colorado,El Paso,6845,172,0,38.83240149,-104.5251411,8041.0,950.1626173128096,2.5127830533235938,6673,6800,170,0,6630,6760,713856,45,2,0,43,40
2020-09-26,US,Colorado,Elbert,157,3,0,39.28656773,-104.13587209999999,8039.0,587.3770062478958,1.9108280254777068,154,156,3,0,153,155,26282,1,0,0,1,1
2020-09-26,US,Colorado,Fremont,175,1,0,38.47362326,-105.43996670000001,8043.0,365.810322122118,0.5714285714285714,174,173,1,0,172,171,48021,2,0,0,2,2
2020-09-26,US,Colorado,Garfield,944,5,0,39.59921777,-107.902708,8045.0,1571.7354023409534,0.5296610169491526,939,942,5,0,937,939,59770,2,0,0,2,3
2020-09-26,US,Colorado,Gilpin,18,0,0,39.85646523,-105.5252597,8047.0,288.32292167227297,0.0,18,18,0,0,18,18,6121,0,0,0,0,0
2020-09-26,US,Colorado,Grand,74,1,0,40.10603347,-106.11780420000001,8049.0,470.3190542773612,1.351351351351351,73,72,1,0,71,72,15525,2,0,0,2,0
2020-09-26,US,Colorado,Gunnison,296,7,0,38.66611652,-107.0320729,8051.0,1695.1093803688007,2.3648648648648654,289,296,7,0,289,296,17246,0,0,0,0,0
2020-09-26,US,Colorado,Hinsdale,3,0,0,37.82247444,-107.3004345,8053.0,365.8536585365854,0.0,3,3,0,0,3,3,811,0,0,0,0,0
2020-09-26,US,Colorado,Huerfano,23,1,0,37.68473101,-104.9612585,8055.0,333.47832390894587,4.3478260869565215,22,20,1,0,19,19,6889,3,0,0,3,1
2020-09-26,US,Colorado,Jackson,9,0,0,40.66593870000001,-106.3408905,8057.0,646.5517241379309,0.0,9,9,0,0,9,9,1399,0,0,0,0,0
2020-09-26,US,Colorado,Jefferson,5654,248,0,39.58635604,-105.2517692,8059.0,970.0093157951624,4.386275203395826,5406,5598,248,0,5350,5551,580233,56,0,0,56,47
2020-09-26,US,Colorado,Kiowa,1,0,0,38.43260896,-102.7392145,8061.0,71.12375533428165,0.0,1,1,0,0,1,1,1383,0,0,0,0,0
2020-09-26,US,Colorado,Kit Carson,79,3,0,39.30497777,-102.60221990000001,8063.0,1113.1463998872764,3.79746835443038,76,79,3,0,76,79,7163,0,0,0,0,0
2020-09-26,US,Colorado,La Plata,260,2,0,37.28632032,-107.8429014,8067.0,462.4606463776882,0.7692307692307693,258,259,2,0,257,259,56310,1,0,0,1,0
2020-09-26,US,Colorado,Lake,94,0,0,39.20278823,-106.35556969999999,8065.0,1156.6383659406915,0.0,94,93,0,0,93,92,7824,1,0,0,1,1
2020-09-26,US,Colorado,Larimer,2515,52,0,40.66671597,-105.4625784,8069.0,704.6811562935173,2.0675944333996026,2463,2489,51,0,2438,2449,350518,26,1,0,25,40
2020-09-26,US,Colorado,Las Animas,24,0,0,37.3153406,-104.03764579999999,8071.0,165.44877981524888,0.0,24,23,0,0,23,23,14503,1,0,0,1,0
2020-09-26,US,Colorado,Lincoln,11,0,0,38.98749519,-103.51366490000001,8073.0,192.94860550780564,0.0,11,10,0,0,10,9,5610,1,0,0,1,1
2020-09-26,US,Colorado,Logan,864,6,0,40.7249637,-103.110817,8075.0,3855.5937346601813,0.6944444444444444,858,856,5,0,851,853,21528,8,1,0,7,3
2020-09-26,US,Colorado,Mesa,607,7,0,39.01787888,-108.469799,8077.0,393.6190908501394,1.1532125205930808,600,592,7,0,585,558,153207,15,0,0,15,34
2020-09-26,US,Colorado,Mineral,20,0,0,37.66954283,-106.92816979999999,8079.0,2600.780234070221,0.0,20,20,0,0,20,20,776,0,0,0,0,0
2020-09-26,US,Colorado,Moffat,41,1,0,40.61810999,-108.2070876,8081.0,308.66521117217496,2.4390243902439024,40,41,1,0,40,41,13188,0,0,0,0,0
2020-09-26,US,Colorado,Montezuma,138,5,0,37.33859579,-108.59588570000001,8083.0,527.0595424512088,3.6231884057971016,133,136,5,0,131,132,26158,2,0,0,2,4
2020-09-26,US,Colorado,Montrose,380,13,0,38.40214114,-108.26390220000002,8085.0,888.7225782309745,3.421052631578948,367,380,13,0,367,373,42214,0,0,0,0,7
2020-09-26,US,Colorado,Morgan,746,48,0,40.26279810000001,-103.8093302,8087.0,2566.396036879042,6.434316353887398,698,743,48,0,695,739,28558,3,0,0,3,4
2020-09-26,US,Colorado,Otero,96,6,0,37.9014485,-103.7173385,8089.0,525.2215778531568,6.25,90,95,6,0,89,93,18432,1,0,0,1,2
2020-09-26,US,Colorado,Ouray,25,1,0,38.14717457,-107.7675136,8091.0,504.8465266558966,4.0,24,25,1,0,24,25,4833,0,0,0,0,0
2020-09-26,US,Colorado,Park,56,1,0,39.120926000000004,-105.7182065,8093.0,297.161050676572,1.7857142857142858,55,56,1,0,55,55,18556,0,0,0,0,1
2020-09-26,US,Colorado,Phillips,34,0,0,40.59414277,-102.3577703,8095.0,797.1864009378662,0.0,34,34,0,0,34,34,4286,0,0,0,0,0
2020-09-26,US,Colorado,Pitkin,223,2,0,39.21720112,-106.9310027,8097.0,1255.1359261552316,0.8968609865470852,221,222,2,0,220,221,17950,1,0,0,1,1
2020-09-26,US,Colorado,Prowers,94,0,0,37.95544985,-102.3926052,8099.0,772.2642129477489,0.0,94,94,0,0,94,94,12164,0,0,0,0,0
2020-09-26,US,Colorado,Pueblo,1079,37,0,38.17359144,-104.5127437,8101.0,640.6450387118225,3.429101019462465,1042,1072,37,0,1035,1060,167529,7,0,0,7,12
2020-09-26,US,Colorado,Rio Blanco,26,0,0,39.97913541,-108.2179009,8103.0,411.13219481340917,0.0,26,25,0,0,25,25,6336,1,0,0,1,0
2020-09-26,US,Colorado,Rio Grande,96,2,0,37.5836865,-106.3847838,8105.0,852.0457974616136,2.083333333333333,94,96,2,0,94,96,11250,0,0,0,0,0
2020-09-26,US,Colorado,Routt,153,8,0,40.48596505,-106.9905548,8107.0,596.7704189094312,5.2287581699346415,145,152,8,0,144,151,25733,1,0,0,1,1
2020-09-26,US,Colorado,Saguache,111,2,0,38.08054629,-106.28246599999999,8109.0,1626.6119577960142,1.8018018018018016,109,111,2,0,109,111,6843,0,0,0,0,0
2020-09-26,US,Colorado,San Juan,6,0,0,37.76248981,-107.67632890000002,8111.0,824.1758241758242,0.0,6,6,0,0,6,6,762,0,0,0,0,0
2020-09-26,US,Colorado,San Miguel,97,0,0,38.00450883,-108.4020725,8113.0,1185.964054285365,0.0,97,96,0,0,96,96,8191,1,0,0,1,0
2020-09-26,US,Colorado,Sedgwick,15,1,0,40.87595412,-102.3519227,8115.0,667.2597864768683,6.666666666666668,14,15,1,0,14,14,2303,0,0,0,0,1
2020-09-26,US,Colorado,Summit,458,4,0,39.63803232,-106.1150762,8117.0,1476.8952952178256,0.8733624454148472,454,451,4,0,447,447,31007,7,0,0,7,4
2020-09-26,US,Colorado,Teller,176,4,0,38.88133511,-105.16148929999999,8119.0,693.2409012131717,2.272727272727273,172,176,4,0,172,174,25083,0,0,0,0,2
2020-09-26,US,Colorado,Washington,61,0,0,39.97015535,-103.202587,8121.0,1242.8687856560714,0.0,61,60,0,0,60,60,4909,1,0,0,1,0
2020-09-26,US,Colorado,Weld,4682,149,0,40.55499405,-104.39296209999999,8123.0,1442.870702513467,3.182400683468603,4533,4655,149,0,4506,4624,314305,27,0,0,27,31
2020-09-26,US,Colorado,Yuma,113,1,0,40.00346839,-102.4258673,8125.0,1127.8570715640285,0.8849557522123894,112,104,1,0,103,103,10020,9,0,0,9,1
2020-09-26,US,Connecticut,Fairfield,20015,1422,0,41.26809896,-73.3881171,9001.0,2121.734447681198,7.1046714963777164,18593,20015,1422,0,18593,19985,943823,0,0,0,0,30
2020-09-26,US,Connecticut,Hartford,14539,1434,0,41.80283011,-72.73103891,9003.0,1630.4445341587045,9.86312676250086,13105,14539,1434,0,13105,14506,892697,0,0,0,0,33
2020-09-26,US,Connecticut,Litchfield,1857,141,0,41.7937534,-73.2451475,9005.0,1029.7616076924355,7.592891760904684,1716,1857,141,0,1716,1856,181111,0,0,0,0,1
2020-09-26,US,Connecticut,Middlesex,1566,193,0,41.45949668,-72.53714864,9007.0,964.0720037430127,12.324393358876117,1373,1566,193,0,1373,1564,162682,0,0,0,0,2
2020-09-26,US,Connecticut,New Haven,14340,1115,0,41.408032500000004,-72.93620426,9009.0,1677.6697938712412,7.775453277545327,13225,14340,1115,0,13225,14319,857620,0,0,0,0,21
2020-09-26,US,Connecticut,New London,1843,114,0,41.48896435,-72.10430976,9011.0,694.9314872212544,6.185567010309278,1729,1843,114,0,1729,1830,266784,0,0,0,0,13
2020-09-26,US,Connecticut,Tolland,1337,67,0,41.85853803,-72.3308481,9013.0,887.069486003941,5.011219147344802,1270,1337,67,0,1270,1334,150921,0,0,0,0,3
2020-09-26,US,Connecticut,Unassigned,132,0,0,0.0,0.0,90009.0,0.0,0.0,132,132,0,0,132,130,,0,0,0,0,2
2020-09-26,US,Connecticut,Windham,958,15,0,41.82972709,-71.98182316,9015.0,820.3319004641127,1.5657620041753653,943,958,15,0,943,948,117027,0,0,0,0,10
2020-09-26,US,Delaware,Kent,2911,116,0,39.08646628,-75.56884914,10001.0,1610.1910546170611,3.984884919271728,2795,2905,116,0,2789,2903,178550,6,0,0,6,2
2020-09-26,US,Delaware,New Castle,10029,311,0,39.57992638,-75.64054974,10003.0,1794.889691867426,3.101007079469538,9718,9975,310,0,9665,9865,559335,54,1,0,53,110
2020-09-26,US,Delaware,Sussex,6727,206,0,38.66143781,-75.39031349,10005.0,2872.024762514676,3.0622863089044148,6521,6718,205,0,6513,6691,229286,9,1,0,8,27
2020-09-26,US,Delaware,Unassigned,489,0,0,0.0,0.0,90010.0,0.0,0.0,489,487,0,0,487,488,,2,0,0,2,-1
2020-09-26,US,District of Columbia,District of Columbia,15215,624,0,38.90417773,-77.01655992,11001.0,2155.8656122785865,4.101215905356556,14591,15163,623,0,14540,15106,702455,52,1,0,51,57
2020-09-26,US,Florida,Alachua,8060,55,0,29.67866525,-82.35928158,12001.0,2995.8036447705385,0.6823821339950372,8005,7960,53,0,7907,7862,269956,100,2,0,98,98
2020-09-26,US,Florida,Baker,1467,12,0,30.33060121,-82.28467476,12003.0,5022.252653200959,0.8179959100204499,1455,1449,11,0,1438,1435,28355,18,1,0,17,14
2020-09-26,US,Florida,Bay,6040,104,0,30.26548745,-85.62122584,12005.0,3457.2565181305627,1.7218543046357615,5936,5999,102,0,5897,5968,185287,41,2,0,39,31
2020-09-26,US,Florida,Bradford,1090,8,0,29.95079741,-82.16611613,12007.0,3865.111166270699,0.7339449541284404,1082,1081,8,0,1073,1067,27732,9,0,0,9,14
2020-09-26,US,Florida,Brevard,8800,293,0,28.29409504,-80.73091022,12009.0,1461.9348708015061,3.3295454545454546,8507,8728,291,0,8437,8636,596849,72,2,0,70,92
2020-09-26,US,Florida,Broward,76700,1379,0,26.15184651,-80.48725556,12011.0,3927.7378176116276,1.7979139504563233,75321,76520,1364,0,75156,76329,1951260,180,15,0,165,191
2020-09-26,US,Florida,Calhoun,614,11,0,30.40666734,-85.19394153,12013.0,4353.06628855016,1.7915309446254069,603,612,11,0,601,610,14587,2,0,0,2,2
2020-09-26,US,Florida,Charlotte,3030,135,0,26.90131002,-81.92949121,12015.0,1603.9383833571542,4.455445544554456,2895,3013,135,0,2878,3001,184998,17,0,0,17,12
2020-09-26,US,Florida,Citrus,2737,102,0,28.84804315,-82.47614748,12017.0,1828.8486338761304,3.7267080745341614,2635,2722,100,0,2622,2702,147929,15,2,0,13,20
2020-09-26,US,Florida,Clay,5001,100,0,29.98319144,-81.85609986,12019.0,2280.9370039954024,1.9996000799840032,4901,4966,98,0,4868,4920,216072,35,2,0,33,46
2020-09-26,US,Florida,Collier,12656,216,0,26.11091986,-81.34687065,12021.0,3288.109700651075,1.706700379266751,12440,12617,211,0,12406,12588,378488,39,5,0,34,29
2020-09-26,US,Florida,Columbia,3774,54,0,30.22509788,-82.62160164,12023.0,5264.626286862149,1.4308426073131957,3720,3757,54,0,3703,3733,70503,17,0,0,17,24
2020-09-26,US,Florida,DeSoto,1561,25,0,27.18677893,-81.80941373,12027.0,4107.786637193758,1.601537475976938,1536,1556,25,0,1531,1555,37489,5,0,0,5,1
2020-09-26,US,Florida,Dixie,831,7,0,29.60631086,-83.15724673,12029.0,4938.7852133602755,0.8423586040914561,824,831,7,0,824,831,16700,0,0,0,0,0
2020-09-26,US,Florida,Duval,30114,378,0,30.33225875,-81.66976468,12031.0,3144.227907972289,1.2552301255230125,29736,29965,371,0,29594,29845,950181,149,7,0,142,120
2020-09-26,US,Florida,Escambia,12219,228,0,30.67652764,-87.37284571,12033.0,3838.6383342339054,1.8659464767984288,11991,12181,228,0,11953,12142,315534,38,0,0,38,39
2020-09-26,US,Florida,Flagler,1722,23,0,29.45933576,-81.31508595,12035.0,1496.3373623795417,1.335656213704994,1699,1715,23,0,1692,1704,112067,7,0,0,7,11
2020-09-26,US,Florida,Franklin,614,3,0,29.83791238,-84.82731662,12037.0,5063.917525773196,0.488599348534202,611,614,3,0,611,611,11736,0,0,0,0,3
2020-09-26,US,Florida,Gadsden,2790,46,0,30.57796289,-84.61915825,12039.0,6110.381077529565,1.6487455197132617,2744,2770,46,0,2724,2750,45894,20,0,0,20,20
2020-09-26,US,Florida,Gilchrist,510,12,0,29.72856978,-82.79880657,12041.0,2744.5915402001942,2.3529411764705883,498,507,12,0,495,506,18256,3,0,0,3,1
2020-09-26,US,Florida,Glades,538,4,0,26.95635849,-81.18996211,12043.0,3895.4456592571137,0.7434944237918215,534,523,4,0,519,517,13724,15,0,0,15,6
2020-09-26,US,Florida,Gulf,875,14,0,29.93543004,-85.24270990000002,12045.0,6415.426350905492,1.6,861,875,14,0,861,873,16164,0,0,0,0,2
2020-09-26,US,Florida,Hamilton,849,8,0,30.49673973,-82.94998918,12047.0,5884.3914610479615,0.9422850412249706,841,849,8,0,841,841,14310,0,0,0,0,8
2020-09-26,US,Florida,Hardee,1354,11,0,27.49293939,-81.80956574,12049.0,5026.5434161190915,0.8124076809453471,1343,1331,11,0,1320,1322,27245,23,0,0,23,9
2020-09-26,US,Florida,Hendry,2069,42,0,26.55386945,-81.16469006,12051.0,4923.611441625815,2.0299661672305462,2027,2063,42,0,2021,2056,41556,6,0,0,6,7
2020-09-26,US,Florida,Hernando,3120,120,0,28.55364461,-82.42700204,12053.0,1608.9108910891089,3.8461538461538463,3000,3107,119,0,2988,3084,190865,13,1,0,12,23
2020-09-26,US,Florida,Highlands,2148,86,0,27.34254618,-81.34071957,12055.0,2022.199000197701,4.0037243947858485,2062,2127,82,0,2045,2121,105424,21,4,0,17,6
2020-09-26,US,Florida,Hillsborough,41722,628,0,27.9276559,-82.32013172,12057.0,2834.4366181873525,1.5052010929485644,41094,41506,625,0,40881,41351,1436888,216,3,0,213,155
2020-09-26,US,Florida,Holmes,752,7,0,30.86747479,-85.81319222,12059.0,3833.4097976245093,0.9308510638297872,745,744,7,0,737,741,19477,8,0,0,8,3
2020-09-26,US,Florida,Indian River,3197,116,0,27.69308961,-80.60556721,12061.0,1999.0870606479366,3.628401626524867,3081,3169,115,0,3054,3145,157413,28,1,0,27,24
2020-09-26,US,Florida,Jackson,2801,77,0,30.795459700000002,-85.21500423,12063.0,6034.81708105313,2.749018207782935,2724,2791,77,0,2714,2773,48305,10,0,0,10,18
2020-09-26,US,Florida,Jefferson,555,9,0,30.43669112,-83.89442308,12065.0,3895.8304085357295,1.6216216216216215,546,555,8,0,547,552,14288,0,1,0,-1,3
2020-09-26,US,Florida,Lafayette,1233,12,0,29.98484137,-83.18166636,12067.0,14640.227974352883,0.97323600973236,1221,1234,12,0,1222,1234,8732,-1,0,0,-1,0
2020-09-26,US,Florida,Lake,7444,189,0,28.76202069,-81.7125123,12069.0,2027.6859211479687,2.53895754970446,7255,7420,188,0,7232,7394,356495,24,1,0,23,26
2020-09-26,US,Florida,Lee,20326,465,0,26.58410348,-81.88399313,12071.0,2637.763649836421,2.287710321755388,19861,20244,466,0,19778,20191,754610,82,-1,0,83,53
2020-09-26,US,Florida,Leon,10437,68,0,30.45955727,-84.27491114,12073.0,3555.054465192008,0.6515282169205711,10369,10366,66,0,10300,10278,292502,71,2,0,69,88
2020-09-26,US,Florida,Levy,1033,9,0,29.31829741,-82.74007147,12075.0,2488.9767004794835,0.8712487899322362,1024,1022,9,0,1013,1017,40770,11,0,0,11,5
2020-09-26,US,Florida,Liberty,516,8,0,30.23766008,-84.8829258,12077.0,6176.681829063921,1.5503875968992251,508,510,8,0,502,505,8457,6,0,0,6,5
2020-09-26,US,Florida,Madison,1013,18,0,30.44396917,-83.47398594,12079.0,5477.748337208674,1.7769002961500493,995,1013,18,0,995,1010,18529,0,0,0,0,3
2020-09-26,US,Florida,Manatee,11436,291,0,27.47196942,-82.31831044,12081.0,2835.936744425956,2.5445960125918154,11145,11393,291,0,11102,11352,394855,43,0,0,43,41
2020-09-26,US,Florida,Marion,9668,282,0,29.21227113,-82.05803627,12083.0,2644.572035045777,2.916839056681837,9386,9626,274,0,9352,9590,359977,42,8,0,34,36
2020-09-26,US,Florida,Martin,4880,142,0,27.0772071,-80.43109784,12085.0,3031.055900621119,2.9098360655737703,4738,4860,142,0,4718,4832,160912,20,0,0,20,28
2020-09-26,US,Florida,Miami-Dade,169144,3231,0,25.6112362,-80.55170587,12086.0,6225.533136543317,1.9102066877926498,165913,168775,3202,0,165573,168272,2761581,369,29,0,340,503
2020-09-26,US,Florida,Monroe,1834,22,0,25.20904673,-81.07812416,12087.0,2470.765748774048,1.1995637949836424,1812,1828,22,0,1806,1817,75027,6,0,0,6,11
2020-09-26,US,Florida,Nassau,2080,43,0,30.61037141,-81.80297522,12089.0,2346.967559943583,2.0673076923076925,2037,2075,42,0,2033,2062,85832,5,1,0,4,13
2020-09-26,US,Florida,Okaloosa,4918,109,0,30.69143028,-86.59267105,12091.0,2333.703461169793,2.2163481089873933,4809,4884,109,0,4775,4836,207269,34,0,0,34,48
2020-09-26,US,Florida,Okeechobee,1537,26,0,27.386336199999995,-80.88944347,12093.0,3644.944033390249,1.6916070266753416,1511,1521,25,0,1496,1504,41537,16,1,0,15,17
2020-09-26,US,Florida,Orange,39875,445,0,28.51367621,-81.31799498,12095.0,2861.5983901849518,1.115987460815047,39430,39717,444,0,39273,39560,1380645,158,1,0,157,157
2020-09-26,US,Florida,Osceola,12395,145,0,28.06312234,-81.14882926,12097.0,3298.727082562655,1.1698265429608714,12250,12354,145,0,12209,12288,367990,41,0,0,41,66
2020-09-26,US,Florida,Palm Beach,46183,1342,0,26.64676272,-80.46536002,12099.0,3085.5107999225,2.9058311499902563,44841,46023,1337,0,44686,45866,1485941,160,5,0,155,157
2020-09-26,US,Florida,Pasco,9162,208,0,28.30810945,-82.40227529,12101.0,1653.948843481416,2.2702466710325258,8954,9101,208,0,8893,9040,539630,61,0,0,61,61
2020-09-26,US,Florida,Pinellas,21964,744,0,27.93130349,-82.72239666,12103.0,2252.727190675654,3.3873611364050262,21220,21845,742,0,21103,21765,975280,119,2,0,117,80
2020-09-26,US,Florida,Polk,19765,529,0,27.95027105,-81.69732947,12105.0,2727.045698194065,2.676448267138882,19236,19647,526,0,19121,19551,708009,118,3,0,115,96
2020-09-26,US,Florida,Putnam,2120,39,0,29.60779729,-81.74230285,12107.0,2844.835683901182,1.8396226415094337,2081,2107,38,0,2069,2102,74163,13,1,0,12,5
2020-09-26,US,Florida,Santa Rosa,5296,76,0,30.69341450000001,-87.02458128,12113.0,2873.3730122129205,1.4350453172205435,5220,5279,76,0,5203,5259,179349,17,0,0,17,20
2020-09-26,US,Florida,Sarasota,8107,254,0,27.18546175,-82.33174248,12115.0,1869.083464363608,3.1330948562970278,7853,8065,254,0,7811,8009,426718,42,0,0,42,56
2020-09-26,US,Florida,Seminole,8972,208,0,28.7158582,-81.24060348,12117.0,1901.548452183644,2.31832367365136,8764,8946,207,0,8739,8909,467832,26,1,0,25,37
2020-09-26,US,Florida,St. Johns,5279,70,0,29.90096506,-81.43589967,12109.0,1994.5441905452785,1.3260087137715475,5209,5235,69,0,5166,5196,254261,44,1,0,43,39
2020-09-26,US,Florida,St. Lucie,7993,275,0,27.37763908,-80.47106649,12111.0,2434.685665723415,3.4405104466408107,7718,7952,275,0,7677,7910,321128,41,0,0,41,42
2020-09-26,US,Florida,Sumter,2217,67,0,28.70181754,-82.0794267,12119.0,1674.218396012687,3.0221019395579614,2150,2210,66,0,2144,2205,128754,7,1,0,6,5
2020-09-26,US,Florida,Suwannee,2685,69,0,30.19746066,-82.99099670000003,12121.0,6044.982776864716,2.569832402234637,2616,2674,69,0,2605,2662,44191,11,0,0,11,12
2020-09-26,US,Florida,Taylor,1321,13,0,30.04848048,-83.60445406,12123.0,6124.530576290046,0.9841029523088568,1308,1317,12,0,1305,1310,21623,4,1,0,3,7
2020-09-26,US,Florida,Unassigned,1669,0,0,0.0,0.0,90012.0,0.0,0.0,1669,1654,0,0,1654,1645,,15,0,0,15,9
2020-09-26,US,Florida,Union,935,14,0,30.04412971,-82.37497443,12125.0,6136.37855220844,1.497326203208556,921,926,13,0,913,914,14940,9,1,0,8,12
2020-09-26,US,Florida,Volusia,10789,239,0,29.05858895,-81.18263252,12127.0,1949.9931319177854,2.215219204745574,10550,10738,239,0,10499,10689,547538,51,0,0,51,49
2020-09-26,US,Florida,Wakulla,1122,10,0,30.16548905,-84.39895211,12129.0,3325.5283203414447,0.8912655971479501,1112,1118,10,0,1108,1106,32461,4,0,0,4,12
2020-09-26,US,Florida,Walton,1952,25,0,30.64204028,-86.16935664,12131.0,2635.309365338661,1.2807377049180328,1927,1937,25,0,1912,1921,71375,15,0,0,15,16
2020-09-26,US,Florida,Washington,1072,22,0,30.61359259,-85.66002461,12133.0,4208.377497742708,2.0522388059701493,1050,1068,21,0,1047,1068,24880,4,1,0,3,0
2020-09-26,US,Georgia,Appling,1022,28,0,31.74847232,-82.28909114,13001.0,5558.577178287827,2.7397260273972597,994,1021,26,0,995,1016,18507,1,2,0,-1,5
2020-09-26,US,Georgia,Atkinson,441,3,0,31.29633502,-82.87545866,13003.0,5401.102265768524,0.6802721088435374,438,441,3,0,438,441,8297,0,0,0,0,0
2020-09-26,US,Georgia,Bacon,597,14,0,31.55456473,-82.45936528,13005.0,5347.545682551057,2.345058626465661,583,595,14,0,581,594,11185,2,0,0,2,1
2020-09-26,US,Georgia,Baker,84,4,0,31.32669878,-84.44218806,13007.0,2764.976958525345,4.761904761904762,80,83,4,0,79,81,3092,1,0,0,1,2
2020-09-26,US,Georgia,Baldwin,2104,56,0,33.06882326,-83.24701748,13009.0,4687.0126977055015,2.661596958174905,2048,2087,56,0,2031,2085,44823,17,0,0,17,2
2020-09-26,US,Georgia,Banks,481,7,0,34.35607081,-83.49644388,13011.0,2500.779868982011,1.4553014553014554,474,478,7,0,471,472,18988,3,0,0,3,6
2020-09-26,US,Georgia,Barrow,2168,48,0,33.99148694,-83.71436292,13013.0,2604.517059106199,2.2140221402214024,2120,2158,46,0,2112,2139,80809,10,2,0,8,19
2020-09-26,US,Georgia,Bartow,2905,85,0,34.23732119,-84.83887523,13015.0,2696.355974679315,2.9259896729776247,2820,2888,84,0,2804,2859,106408,17,1,0,16,29
2020-09-26,US,Georgia,Ben Hill,768,23,0,31.76095874,-83.22145359,13017.0,4598.802395209581,2.9947916666666665,745,760,23,0,737,754,16787,8,0,0,8,6
2020-09-26,US,Georgia,Berrien,449,12,0,31.27590016,-83.22529920000002,13019.0,2314.790947053668,2.67260579064588,437,446,12,0,434,446,19252,3,0,0,3,0
2020-09-26,US,Georgia,Bibb,6039,168,0,32.80904227,-83.70489165,13021.0,3942.961236362212,2.7819175360158965,5871,6024,168,0,5856,6005,153095,15,0,0,15,19
2020-09-26,US,Georgia,Bleckley,432,20,0,32.43829035,-83.33035166,13023.0,3355.8611046376136,4.62962962962963,412,431,20,0,411,427,12838,1,0,0,1,4
2020-09-26,US,Georgia,Brantley,343,10,0,31.19576557,-81.97743999,13025.0,1794.9657229577685,2.915451895043732,333,343,10,0,333,343,18897,0,0,0,0,0
2020-09-26,US,Georgia,Brooks,519,25,0,30.83922642,-83.58303423,13027.0,3357.702012033383,4.816955684007708,494,515,25,0,490,517,15513,4,0,0,4,-2
2020-09-26,US,Georgia,Bryan,1145,11,0,32.00979311,-81.44002948,13029.0,2889.444065914654,0.960698689956332,1134,1141,11,0,1130,1137,38109,4,0,0,4,4
2020-09-26,US,Georgia,Bulloch,2875,28,0,32.39577406,-81.74811421,13031.0,3611.446085820521,0.9739130434782608,2847,2859,27,0,2832,2845,77296,16,1,0,15,14
2020-09-26,US,Georgia,Burke,800,10,0,33.05917989,-81.99928721,13033.0,3574.141089219497,1.25,790,795,10,0,785,786,22423,5,0,0,5,9
2020-09-26,US,Georgia,Butts,649,42,0,33.283094500000004,-83.95435040000002,13035.0,2602.6628168110365,6.471494607087827,607,642,42,0,600,633,24193,7,0,0,7,9
2020-09-26,US,Georgia,Calhoun,243,8,0,31.53169785,-84.62725131,13037.0,3926.3208919049935,3.2921810699588483,235,239,8,0,231,237,6352,4,0,0,4,2
2020-09-26,US,Georgia,Camden,1289,8,0,30.92951916,-81.66601818,13039.0,2357.955584824205,0.6206361520558572,1281,1277,8,0,1269,1264,53677,12,0,0,12,13
2020-09-26,US,Georgia,Candler,455,19,0,32.40209349,-82.07702563,13043.0,4211.793020457279,4.175824175824176,436,446,18,0,428,444,10836,9,1,0,8,2
2020-09-26,US,Georgia,Carroll,2755,67,0,33.58138199,-85.07976677,13045.0,2295.986399093273,2.4319419237749544,2688,2734,66,0,2668,2709,118121,21,1,0,20,25
2020-09-26,US,Georgia,Catoosa,1179,18,0,34.89872298,-85.13757014,13047.0,1744.5989937851434,1.5267175572519085,1161,1171,18,0,1153,1155,67420,8,0,0,8,16
2020-09-26,US,Georgia,Charlton,626,7,0,30.78371028,-82.13951596,13049.0,4674.432497013142,1.1182108626198084,619,625,7,0,618,624,12968,1,0,0,1,1
2020-09-26,US,Georgia,Chatham,8407,157,0,32.00043026,-81.12489526,13051.0,2904.6747054555503,1.8674913762340903,8250,8377,154,0,8223,8326,289195,30,3,0,27,51
2020-09-26,US,Georgia,Chattahoochee,1633,1,0,32.34341231,-84.78809239,13053.0,14972.036306958833,0.0612369871402327,1632,1632,1,0,1631,1629,10684,1,0,0,1,3
2020-09-26,US,Georgia,Chattooga,762,21,0,34.47197698,-85.34535662,13055.0,3073.9440881035944,2.755905511811024,741,757,18,0,739,752,24790,5,3,0,2,5
2020-09-26,US,Georgia,Cherokee,5994,92,0,34.24393976,-84.47431861,13057.0,2316.3158443887114,1.5348682015348682,5902,5959,92,0,5867,5912,254149,35,0,0,35,47
2020-09-26,US,Georgia,Clarke,5020,44,0,33.95436462,-83.37124007,13059.0,3911.759434587123,0.8764940239043825,4976,4997,43,0,4954,4975,127330,23,1,0,22,22
2020-09-26,US,Georgia,Clay,121,2,0,31.62221166,-84.97713865,13061.0,4269.583627381792,1.6528925619834711,119,120,2,0,118,120,2887,1,0,0,1,0
2020-09-26,US,Georgia,Clayton,7094,162,0,33.54187245,-84.35594188,13063.0,2427.3239899266396,2.2836199605300256,6932,7061,161,0,6900,7049,289615,33,1,0,32,12
2020-09-26,US,Georgia,Clinch,377,6,0,30.91395822,-82.70432472,13065.0,5696.585071018435,1.5915119363395225,371,376,6,0,370,372,6648,1,0,0,1,4
2020-09-26,US,Georgia,Cobb,19513,426,0,33.94243204,-84.5761255,13067.0,2567.0237495412034,2.1831599446522834,19087,19430,425,0,19005,19354,756865,83,1,0,82,76
2020-09-26,US,Georgia,Coffee,2043,49,0,31.54892966,-82.85492059999999,13069.0,4721.1887320037895,2.398433675966716,1994,2036,48,0,1988,2026,43093,7,1,0,6,10
2020-09-26,US,Georgia,Colquitt,1875,33,0,31.18810588,-83.7677946,13071.0,4111.8421052631575,1.76,1842,1877,33,0,1844,1871,45592,-2,0,0,-2,6
2020-09-26,US,Georgia,Columbia,3724,59,0,33.54534185,-82.263524,13073.0,2376.3033296323238,1.5843179377013965,3665,3704,59,0,3645,3681,154291,20,0,0,20,23
2020-09-26,US,Georgia,Cook,549,13,0,31.16068491,-83.42947229,13075.0,3178.9229878401848,2.3679417122040074,536,548,13,0,535,546,17162,1,0,0,1,2
2020-09-26,US,Georgia,Coweta,2601,45,0,33.35334302,-84.76129976,13077.0,1751.4090055148172,1.7301038062283738,2556,2578,44,0,2534,2568,145864,23,1,0,22,10
2020-09-26,US,Georgia,Crawford,167,5,0,32.71391813,-83.98061238,13079.0,1346.3398903579491,2.9940119760479043,162,166,5,0,161,166,12318,1,0,0,1,0
2020-09-26,US,Georgia,Crisp,550,17,0,31.92289565,-83.76811843,13081.0,2458.4301805828713,3.0909090909090913,533,545,17,0,528,539,22601,5,0,0,5,6
2020-09-26,US,Georgia,Dade,282,5,0,34.854916700000004,-85.50490424,13083.0,1749.813849590469,1.7730496453900708,277,282,5,0,277,279,16226,0,0,0,0,3
2020-09-26,US,Georgia,Dawson,812,7,0,34.44244079,-84.16964071,13085.0,3110.157806036464,0.8620689655172413,805,810,7,0,803,802,25083,2,0,0,2,8
2020-09-26,US,Georgia,DeKalb,18600,360,0,33.76944049,-84.22396017,13089.0,2449.634332810481,1.935483870967742,18240,18521,358,0,18163,18418,756558,79,2,0,77,103
2020-09-26,US,Georgia,Decatur,1146,29,0,30.87967778,-84.57619536,13087.0,4340.2514770489315,2.5305410122164047,1117,1133,29,0,1104,1124,26575,13,0,0,13,9
2020-09-26,US,Georgia,Dodge,422,12,0,32.17265114,-83.16948926,13091.0,2048.0465906333416,2.8436018957345968,410,417,12,0,405,418,20705,5,0,0,5,-1
2020-09-26,US,Georgia,Dooly,338,14,0,32.15630737,-83.79746561,13093.0,2524.2718446601943,4.142011834319527,324,338,14,0,324,335,13706,0,0,0,0,3
2020-09-26,US,Georgia,Dougherty,3141,187,0,31.53328528,-84.21722377,13095.0,3571.1037336850245,5.953517987901943,2954,3137,187,0,2950,3129,91243,4,0,0,4,8
2020-09-26,US,Georgia,Douglas,3543,71,0,33.70291126,-84.77026156,13097.0,2421.0245792419173,2.0039514535704206,3472,3520,71,0,3449,3499,145331,23,0,0,23,21
2020-09-26,US,Georgia,Early,492,32,0,31.32155345,-84.90255207,13099.0,4828.263002944063,6.5040650406504055,460,486,32,0,454,481,10247,6,0,0,6,5
2020-09-26,US,Georgia,Echols,240,2,0,30.71101099,-82.89687287,13101.0,5991.013479780329,0.8333333333333334,238,240,2,0,238,239,4000,0,0,0,0,1
2020-09-26,US,Georgia,Effingham,1431,23,0,32.36616021,-81.34280942,13103.0,2225.643896976484,1.607267645003494,1408,1423,23,0,1400,1416,62190,8,0,0,8,7
2020-09-26,US,Georgia,Elbert,645,3,0,34.11302332,-82.83936148,13105.0,3360.4251328540167,0.4651162790697674,642,644,3,0,641,635,19120,1,0,0,1,9
2020-09-26,US,Georgia,Emanuel,1038,30,0,32.59221302,-82.30239915,13107.0,4583.590921133975,2.8901734104046244,1008,1031,30,0,1001,1018,22612,7,0,0,7,13
2020-09-26,US,Georgia,Evans,423,6,0,32.15328841,-81.8870105,13109.0,3970.339778486953,1.4184397163120568,417,421,6,0,415,420,10721,2,0,0,2,1
2020-09-26,US,Georgia,Fannin,648,22,0,34.86430205,-84.316964,13111.0,2474.41576294486,3.3950617283950617,626,641,21,0,620,631,25964,7,1,0,6,10
2020-09-26,US,Georgia,Fayette,1840,50,0,33.41357794,-84.49089434,13113.0,1608.0964158677164,2.717391304347826,1790,1808,49,0,1759,1789,113459,32,1,0,31,19
2020-09-26,US,Georgia,Floyd,3152,45,0,34.26268279,-85.21577392,13115.0,3200.064975938598,1.427664974619289,3107,3129,45,0,3084,3100,97927,23,0,0,23,29
2020-09-26,US,Georgia,Forsyth,3979,45,0,34.22604035,-84.12315129999998,13117.0,1629.0552380328513,1.1309374214626788,3934,3926,45,0,3881,3868,236612,53,0,0,53,58
2020-09-26,US,Georgia,Franklin,752,13,0,34.37525597,-83.23159927,13119.0,3220.6946764315385,1.7287234042553192,739,747,12,0,735,736,23023,5,1,0,4,11
2020-09-26,US,Georgia,Fulton,27480,572,0,33.79216944,-84.46319413,13121.0,2582.8596993994947,2.081513828238719,26908,27389,571,0,26818,27305,1050114,91,1,0,90,84
2020-09-26,US,Georgia,Gilmer,811,13,0,34.69316688,-84.45802506,13123.0,2585.3549682807866,1.6029593094944512,798,810,12,0,798,807,30816,1,1,0,0,3
2020-09-26,US,Georgia,Glascock,38,2,0,33.22879932,-82.61297636,13125.0,1279.0306294177044,5.2631578947368425,36,38,2,0,36,38,2995,0,0,0,0,0
2020-09-26,US,Georgia,Glynn,3452,95,0,31.23279254,-81.53811412,13127.0,4047.2728978098767,2.752027809965237,3357,3446,94,0,3352,3433,85219,6,1,0,5,13
2020-09-26,US,Georgia,Gordon,1845,36,0,34.50487351,-84.87296253,13129.0,3183.0650587443715,1.951219512195122,1809,1841,36,0,1805,1815,57685,4,0,0,4,26
2020-09-26,US,Georgia,Grady,771,22,0,30.87454847,-84.23418364,13131.0,3129.9476312264037,2.8534370946822314,749,768,22,0,746,765,24748,3,0,0,3,3
2020-09-26,US,Georgia,Greene,501,23,0,33.5769205,-83.17139104,13133.0,2734.119187950229,4.590818363273453,478,499,23,0,476,498,17698,2,0,0,2,1
2020-09-26,US,Georgia,Gwinnett,27296,402,0,33.96044201,-84.02137802,13135.0,2915.4606141522027,1.4727432590855802,26894,27187,401,0,26786,27051,927781,109,1,0,108,136
2020-09-26,US,Georgia,Habersham,1640,67,0,34.63331566,-83.53094677,13137.0,3618.072714436993,4.085365853658536,1573,1633,67,0,1566,1601,45388,7,0,0,7,32
2020-09-26,US,Georgia,Hall,9225,152,0,34.32207823,-83.81896936,13139.0,4512.304283387382,1.6476964769647695,9073,9147,151,0,8996,9035,202148,78,1,0,77,112
2020-09-26,US,Georgia,Hancock,391,42,0,33.2721566,-82.99766919,13141.0,4623.388908596429,10.74168797953964,349,387,42,0,345,386,8348,4,0,0,4,1
2020-09-26,US,Georgia,Haralson,469,8,0,33.79602175,-85.21005667,13143.0,1574.248120300752,1.7057569296375266,461,460,8,0,452,455,29533,9,0,0,9,5
2020-09-26,US,Georgia,Harris,790,21,0,32.73709786,-84.90538572,13145.0,2242.025201498468,2.6582278481012658,769,786,21,0,765,783,34475,4,0,0,4,3
2020-09-26,US,Georgia,Hart,507,13,0,34.34626973,-82.96567682,13147.0,1934.745277618775,2.5641025641025643,494,505,13,0,492,497,26099,2,0,0,2,8
2020-09-26,US,Georgia,Heard,194,5,0,33.29686567,-85.12886832,13149.0,1627.1072716598171,2.5773195876288657,189,192,5,0,187,190,11879,2,0,0,2,2
2020-09-26,US,Georgia,Henry,5181,100,0,33.4533428,-84.14814659999998,13151.0,2208.807090692826,1.9301293186643504,5081,5156,100,0,5056,5115,230220,25,0,0,25,41
2020-09-26,US,Georgia,Houston,3126,80,0,32.45802497,-83.66879087,13153.0,1980.1980198019805,2.5591810620601407,3046,3109,80,0,3029,3102,155469,17,0,0,17,7
2020-09-26,US,Georgia,Irwin,293,4,0,31.60213036,-83.27501387,13155.0,3111.724723874257,1.3651877133105803,289,294,4,0,290,291,9398,-1,0,0,-1,3
2020-09-26,US,Georgia,Jackson,1981,32,0,34.13794553,-83.56814788,13157.0,2714.553900544007,1.6153457849570925,1949,1961,31,0,1930,1941,70422,20,1,0,19,20
2020-09-26,US,Georgia,Jasper,220,4,0,33.31535543,-83.68844964,13159.0,1547.225543287151,1.818181818181818,216,216,4,0,212,211,14040,4,0,0,4,5
2020-09-26,US,Georgia,Jeff Davis,716,20,0,31.80405727,-82.63724870000001,13161.0,4737.016209063844,2.793296089385475,696,713,20,0,693,711,15029,3,0,0,3,2
2020-09-26,US,Georgia,Jefferson,790,28,0,33.05867328,-82.41609057,13163.0,5142.5595625569595,3.5443037974683542,762,787,26,0,761,785,15430,3,2,0,1,2
2020-09-26,US,Georgia,Jenkins,415,29,0,32.79248718,-81.96040187,13165.0,4783.310281235593,6.987951807228916,386,412,29,0,383,404,8683,3,0,0,3,8
2020-09-26,US,Georgia,Johnson,415,22,0,32.70211082,-82.66166794,13167.0,4303.6399460748735,5.301204819277109,393,414,22,0,392,414,9708,1,0,0,1,0
2020-09-26,US,Georgia,Jones,548,8,0,33.02512137,-83.56019163,13169.0,1907.081955803028,1.45985401459854,540,545,8,0,537,542,28616,3,0,0,3,3
2020-09-26,US,Georgia,Lamar,364,18,0,33.07841647,-84.14263877,13171.0,1908.0568223515231,4.945054945054945,346,362,18,0,344,355,19000,2,0,0,2,7
2020-09-26,US,Georgia,Lanier,295,5,0,31.03828570000001,-83.06472457,13173.0,2830.279190252327,1.6949152542372878,290,295,5,0,290,295,10340,0,0,0,0,0
2020-09-26,US,Georgia,Laurens,1644,69,0,32.46325233,-82.92221316,13175.0,3457.7041181171917,4.197080291970803,1575,1632,67,0,1565,1621,47325,12,2,0,10,11
2020-09-26,US,Georgia,Lee,699,25,0,31.779330600000005,-84.14324253,13177.0,2330.621499066417,3.57653791130186,674,697,25,0,672,693,29764,2,0,0,2,4
2020-09-26,US,Georgia,Liberty,1105,22,0,31.82588896,-81.49251135,13179.0,1798.6489785952633,1.9909502262443441,1083,1103,22,0,1081,1100,61497,2,0,0,2,3
2020-09-26,US,Georgia,Lincoln,213,7,0,33.79201475,-82.45024131,13181.0,2689.0544123216764,3.286384976525821,206,213,7,0,206,213,7915,0,0,0,0,0
2020-09-26,US,Georgia,Long,251,3,0,31.75218791,-81.74952375,13183.0,1283.2966920599213,1.195219123505976,248,246,3,0,243,245,18998,5,0,0,5,1
2020-09-26,US,Georgia,Lowndes,3890,82,0,30.83568832,-83.27056716,13185.0,3313.288929015553,2.107969151670951,3808,3872,81,0,3791,3864,116321,18,1,0,17,8
2020-09-26,US,Georgia,Lumpkin,907,14,0,34.57286511,-84.00425681,13187.0,2698.601606664683,1.5435501653803751,893,905,14,0,891,901,32955,2,0,0,2,4
2020-09-26,US,Georgia,Macon,233,10,0,32.35207048,-84.04234127,13193.0,1799.6447053371435,4.291845493562231,223,229,10,0,219,228,13143,4,0,0,4,1
2020-09-26,US,Georgia,Madison,689,8,0,34.12920917,-83.21218732,13195.0,2305.890227576975,1.161103047895501,681,687,8,0,679,682,29650,2,0,0,2,5
2020-09-26,US,Georgia,Marion,190,8,0,32.3483402,-84.52733571,13197.0,2272.999162579256,4.2105263157894735,182,190,8,0,182,189,8351,0,0,0,0,1
2020-09-26,US,Georgia,McDuffie,600,14,0,33.47851918,-82.48252774,13189.0,2815.315315315316,2.333333333333333,586,595,14,0,581,585,21531,5,0,0,5,10
2020-09-26,US,Georgia,McIntosh,288,7,0,31.49683595,-81.40163426,13191.0,2003.060230908332,2.430555555555556,281,287,7,0,280,286,14340,1,0,0,1,1
2020-09-26,US,Georgia,Meriwether,544,13,0,33.04163534,-84.68859732,13199.0,2570.038267113904,2.389705882352941,531,544,13,0,531,542,21068,0,0,0,0,2
2020-09-26,US,Georgia,Miller,256,1,0,31.16568912,-84.73151117,13201.0,4477.089891570479,0.390625,255,254,1,0,253,253,5686,2,0,0,2,1
2020-09-26,US,Georgia,Mitchell,799,45,0,31.22483255,-84.19381821,13205.0,3654.57622467182,5.632040050062578,754,793,45,0,748,790,22192,6,0,0,6,3
2020-09-26,US,Georgia,Monroe,684,50,0,33.014289,-83.92097166,13207.0,2480.237870766553,7.309941520467835,634,676,50,0,626,675,27520,8,0,0,8,1
2020-09-26,US,Georgia,Montgomery,305,5,0,32.17201038,-82.53527476,13209.0,3325.337985172264,1.639344262295082,300,304,5,0,299,296,9193,1,0,0,1,8
2020-09-26,US,Georgia,Morgan,481,2,0,33.59232073,-83.49129491,13211.0,2495.3309815314387,0.4158004158004158,479,478,2,0,476,476,18853,3,0,0,3,2
2020-09-26,US,Georgia,Murray,822,6,0,34.78897608,-84.74993177,13213.0,2050.079808459697,0.7299270072992701,816,818,6,0,812,809,39921,4,0,0,4,9
2020-09-26,US,Georgia,Muscogee,5991,169,0,32.50931999,-84.87142262,13215.0,3060.239363739918,2.8208980136871973,5822,5973,168,0,5805,5944,194160,18,1,0,17,29
2020-09-26,US,Georgia,Newton,2579,87,0,33.55514538,-83.84547140000002,13217.0,2307.9538946162656,3.3734005428460643,2492,2575,86,0,2489,2563,109541,4,1,0,3,12
2020-09-26,US,Georgia,Oconee,740,26,0,33.83749973,-83.43679568,13219.0,1837.1400198609729,3.5135135135135136,714,736,26,0,710,730,39272,4,0,0,4,6
2020-09-26,US,Georgia,Oglethorpe,330,11,0,33.878629600000004,-83.08278123,13221.0,2162.6581034143783,3.333333333333333,319,329,11,0,318,326,15054,1,0,0,1,3
2020-09-26,US,Georgia,Out of GA,16320,156,0,0.0,0.0,80013.0,0.0,0.9558823529411764,16164,16425,157,0,16268,17364,,-105,-1,0,-104,-939
2020-09-26,US,Georgia,Paulding,2770,53,0,33.91969522,-84.86848792,13223.0,1642.289244487659,1.9133574007220215,2717,2760,53,0,2707,2751,164044,10,0,0,10,9
2020-09-26,US,Georgia,Peach,666,24,0,32.56934316,-83.82937,13225.0,2417.773905467219,3.603603603603604,642,665,24,0,641,664,27297,1,0,0,1,1
2020-09-26,US,Georgia,Pickens,618,10,0,34.46589159,-84.46406611,13227.0,1896.2290202816728,1.6181229773462784,608,615,10,0,605,613,31980,3,0,0,3,2
2020-09-26,US,Georgia,Pierce,603,20,0,31.35928155,-82.21598442,13229.0,3097.867968147958,3.316749585406302,583,602,20,0,582,604,19389,1,0,0,1,-2
2020-09-26,US,Georgia,Pike,324,10,0,33.09310242,-84.38790389,13231.0,1708.680518932602,3.08641975308642,314,323,10,0,313,320,18634,1,0,0,1,3
2020-09-26,US,Georgia,Polk,1474,17,0,34.00267074,-85.18677781,13233.0,3459.038321638937,1.153324287652646,1457,1468,17,0,1451,1453,42470,6,0,0,6,15
2020-09-26,US,Georgia,Pulaski,312,22,0,32.23334561,-83.47549959999998,13235.0,2801.472568914429,7.05128205128205,290,312,22,0,290,312,11069,0,0,0,0,0
2020-09-26,US,Georgia,Putnam,684,25,0,33.32056115,-83.37552891,13237.0,3092.3640309236407,3.6549707602339176,659,683,24,0,659,679,21809,1,1,0,0,4
2020-09-26,US,Georgia,Quitman,32,1,0,31.86728114,-85.01773177,13239.0,1391.9095258808175,3.125,31,32,1,0,31,32,2279,0,0,0,0,0
2020-09-26,US,Georgia,Rabun,338,9,0,34.88389445,-83.40304637,13241.0,1972.3405496878104,2.662721893491124,329,335,9,0,326,329,16867,3,0,0,3,6
2020-09-26,US,Georgia,Randolph,331,29,0,31.76622818,-84.75732369,13243.0,4883.446444378873,8.761329305135952,302,331,29,0,302,331,6833,0,0,0,0,0
2020-09-26,US,Georgia,Richmond,7062,162,0,33.35777107,-82.07026432,13245.0,3487.097443190235,2.293967714528462,6900,7027,161,0,6866,6983,201554,35,1,0,34,44
2020-09-26,US,Georgia,Rockdale,1846,36,0,33.65145002,-84.02202167,13247.0,2030.8924485125851,1.9501625135427951,1810,1842,36,0,1806,1833,90594,4,0,0,4,9
2020-09-26,US,Georgia,Schley,105,2,0,32.2654021,-84.31258912,13249.0,1997.3368841544607,1.9047619047619049,103,105,2,0,103,104,5236,0,0,0,0,1
2020-09-26,US,Georgia,Screven,412,10,0,32.74976524,-81.60779441,13251.0,2950.0214807389366,2.4271844660194173,402,406,10,0,396,405,13938,6,0,0,6,1
2020-09-26,US,Georgia,Seminole,355,9,0,30.93464824,-84.86823924,13253.0,4388.1334981458585,2.5352112676056344,346,354,9,0,345,353,8315,1,0,0,1,1
2020-09-26,US,Georgia,Spalding,1332,61,0,33.26310031,-84.28013991,13255.0,1996.9116831326928,4.57957957957958,1271,1327,61,0,1266,1314,66100,5,0,0,5,13
2020-09-26,US,Georgia,Stephens,1057,38,0,34.55151201,-83.29405315,13257.0,4077.1456123432977,3.5950804162724688,1019,1050,38,0,1012,1039,26035,7,0,0,7,11
2020-09-26,US,Georgia,Stewart,521,14,0,32.07996777,-84.83208037,13259.0,7868.901978553091,2.687140115163148,507,520,14,0,506,505,6199,1,0,0,1,15
2020-09-26,US,Georgia,Sumter,929,62,0,32.03650571,-84.19821492,13261.0,3146.5926026283696,6.67384284176534,867,928,62,0,866,928,29733,1,0,0,1,0
2020-09-26,US,Georgia,Talbot,166,6,0,32.69642758,-84.53351366,13263.0,2679.5803066989506,3.614457831325301,160,166,5,0,161,163,6272,0,1,0,-1,3
2020-09-26,US,Georgia,Taliaferro,22,0,0,33.56543317,-82.88136816,13265.0,1431.3597918022122,0.0,22,22,0,0,22,21,1608,0,0,0,0,1
2020-09-26,US,Georgia,Tattnall,832,11,0,32.04785085,-82.05539188,13267.0,3290.3583010361463,1.3221153846153846,821,826,11,0,815,810,25391,6,0,0,6,16
2020-09-26,US,Georgia,Taylor,208,10,0,32.55792548,-84.25077141,13269.0,2593.516209476309,4.807692307692308,198,208,10,0,198,207,8039,0,0,0,0,1
2020-09-26,US,Georgia,Telfair,383,18,0,31.92829517,-82.93491155,13271.0,2414.8802017654475,4.699738903394255,365,383,18,0,365,383,15876,0,0,0,0,0
2020-09-26,US,Georgia,Terrell,329,31,0,31.77527543,-84.44069698,13273.0,3856.523268081116,9.422492401215807,298,328,31,0,297,327,8611,1,0,0,1,1
2020-09-26,US,Georgia,Thomas,1488,63,0,30.86392347,-83.91847289,13275.0,3347.5062428291826,4.233870967741935,1425,1486,63,0,1423,1480,44448,2,0,0,2,6
2020-09-26,US,Georgia,Tift,1771,57,0,31.45743864,-83.5236119,13277.0,4357.346717842732,3.218520609824957,1714,1754,56,0,1698,1747,40571,17,1,0,16,7
2020-09-26,US,Georgia,Toombs,1326,49,0,32.12059861,-82.32957247,13279.0,4942.228848304138,3.695324283559578,1277,1312,48,0,1264,1293,26887,14,1,0,13,19
2020-09-26,US,Georgia,Towns,329,9,0,34.91369188,-83.74107459999998,13281.0,2733.239179197474,2.735562310030395,320,322,9,0,313,316,11852,7,0,0,7,6
2020-09-26,US,Georgia,Treutlen,257,8,0,32.40422134,-82.56904553,13283.0,3724.0979568178523,3.1128404669260696,249,256,8,0,248,253,6809,1,0,0,1,3
2020-09-26,US,Georgia,Troup,2800,96,0,33.03349196,-85.02812115,13285.0,4004.462114928063,3.4285714285714284,2704,2796,96,0,2700,2785,70034,4,0,0,4,11
2020-09-26,US,Georgia,Turner,301,22,0,31.71612656,-83.62069378,13287.0,3769.567939887289,7.308970099667773,279,296,22,0,274,295,7912,5,0,0,5,1
2020-09-26,US,Georgia,Twiggs,187,7,0,32.67435595,-83.43078662,13289.0,2302.9556650246304,3.7433155080213902,180,187,7,0,180,187,8188,0,0,0,0,0
2020-09-26,US,Georgia,Unassigned,2235,6,0,0.0,0.0,90013.0,0.0,0.2684563758389262,2229,2223,7,0,2216,2235,,12,-1,0,13,-12
2020-09-26,US,Georgia,Union,757,20,0,34.82995757,-83.98967069,13291.0,3088.4092856268608,2.6420079260237785,737,737,20,0,717,707,24001,20,0,0,20,30
2020-09-26,US,Georgia,Upson,786,62,0,32.87920671,-84.30024826,13293.0,2986.322188449848,7.888040712468192,724,783,62,0,721,780,26215,3,0,0,3,3
2020-09-26,US,Georgia,Walker,1527,34,0,34.73376362,-85.30165174,13295.0,2188.90210862803,2.226588081204977,1493,1521,33,0,1488,1506,69410,6,1,0,5,15
2020-09-26,US,Georgia,Walton,1802,53,0,33.78017694,-83.73552314,13297.0,1905.003541488271,2.9411764705882355,1749,1781,53,0,1728,1771,93503,21,0,0,21,10
2020-09-26,US,Georgia,Ware,1485,59,0,31.05449097,-82.42224148,13299.0,4155.706050260255,3.973063973063973,1426,1480,59,0,1421,1479,35680,5,0,0,5,1
2020-09-26,US,Georgia,Warren,145,5,0,33.41146451,-82.67795848,13301.0,2759.8020555767034,3.4482758620689653,140,142,5,0,137,141,5251,3,0,0,3,1
2020-09-26,US,Georgia,Washington,670,8,0,32.96711864,-82.79357039,13303.0,3288.5049572985176,1.1940298507462686,662,666,8,0,658,664,20386,4,0,0,4,2
2020-09-26,US,Georgia,Wayne,1123,29,0,31.5521809,-81.91894878,13305.0,3752.4643298693486,2.5823686553873557,1094,1118,29,0,1089,1110,29808,5,0,0,5,8
2020-09-26,US,Georgia,Webster,44,2,0,32.04066113,-84.54742852,13307.0,1687.7637130801688,4.545454545454546,42,44,2,0,42,43,2611,0,0,0,0,1
2020-09-26,US,Georgia,Wheeler,331,11,0,32.12009104,-82.72574721,13309.0,4213.8765117759385,3.323262839879154,320,329,11,0,318,326,7879,2,0,0,2,3
2020-09-26,US,Georgia,White,831,19,0,34.64624278,-83.74905525,13311.0,2698.227157607637,2.2864019253910954,812,828,19,0,809,795,29970,3,0,0,3,33
2020-09-26,US,Georgia,Whitfield,4551,60,0,34.80987459,-84.96093476,13313.0,4349.696066062622,1.3183915622940012,4491,4530,61,0,4469,4517,104062,21,-1,0,22,13
2020-09-26,US,Georgia,Wilcox,248,20,0,31.97496928,-83.43438555,13315.0,2872.0324261725536,8.064516129032258,228,248,20,0,228,247,8812,0,0,0,0,1
2020-09-26,US,Georgia,Wilkes,266,5,0,33.78290391,-82.74286107,13317.0,2720.6709624629234,1.8796992481203008,261,264,5,0,259,263,9876,2,0,0,2,1
2020-09-26,US,Georgia,Wilkinson,335,18,0,32.80291082,-83.17140684,13319.0,3741.34465043556,5.373134328358209,317,336,18,0,318,334,9036,-1,0,0,-1,2
2020-09-26,US,Georgia,Worth,531,30,0,31.55162306,-83.85090513,13321.0,2622.610757149207,5.649717514124294,501,528,30,0,498,525,20299,3,0,0,3,3
2020-09-26,US,Hawaii,Hawaii,693,15,0,19.60121157,-155.5210167,15001.0,343.89840853939944,2.1645021645021645,678,691,15,0,676,677,200983,2,0,0,2,14
2020-09-26,US,Hawaii,Honolulu,10848,106,0,21.45803166,-157.97121819999995,15003.0,1113.1142881476108,0.9771386430678466,10742,10724,102,0,10622,10627,980080,124,4,0,120,97
2020-09-26,US,Hawaii,Kauai,59,0,0,22.03935037,-159.5966786,15007.0,81.61232761124867,0.0,59,58,0,0,58,57,72133,1,0,0,1,1
2020-09-26,US,Hawaii,Maui,388,9,0,20.86399628,-156.56890969999995,15009.0,231.7566316443372,2.31958762886598,379,388,9,0,379,388,167207,0,0,0,0,0
2020-09-26,US,Hawaii,Out of HI,30,1,0,0.0,0.0,80015.0,0.0,3.333333333333333,29,30,1,0,29,30,,0,0,0,0,0
2020-09-26,US,Idaho,Ada,12831,147,0,43.4526575,-116.24155159999998,16001.0,2664.3161048782463,1.1456628477905073,12684,12693,147,0,12546,12588,469966,138,0,0,138,105
2020-09-26,US,Idaho,Adams,28,2,0,44.89333571,-116.4545247,16003.0,652.0726595249182,7.142857142857142,26,28,2,0,26,28,4250,0,0,0,0,0
2020-09-26,US,Idaho,Bannock,997,4,0,42.67002716,-112.2233311,16005.0,1135.4318513119533,0.4012036108324975,993,972,4,0,968,961,87138,25,0,0,25,11
2020-09-26,US,Idaho,Bear Lake,42,1,0,42.28269683,-111.32892379999998,16007.0,685.7142857142858,2.380952380952381,41,42,1,0,41,41,6050,0,0,0,0,1
2020-09-26,US,Idaho,Benewah,142,3,0,47.21754179,-116.6586851,16009.0,1527.2101527210152,2.112676056338028,139,141,3,0,138,141,9226,1,0,0,1,0
2020-09-26,US,Idaho,Bingham,896,10,0,43.21672879999999,-112.3978437,16011.0,1914.080023926,1.1160714285714286,886,881,10,0,871,873,46236,15,0,0,15,8
2020-09-26,US,Idaho,Blaine,664,6,0,43.4085812,-113.9752658,16013.0,2884.323009426176,0.9036144578313252,658,648,6,0,642,643,22601,16,0,0,16,5
2020-09-26,US,Idaho,Boise,70,2,0,43.98829931,-115.7309284,16015.0,893.8832843825819,2.8571428571428568,68,67,1,0,66,67,7634,3,1,0,2,0
2020-09-26,US,Idaho,Bonner,321,0,0,48.29996017,-116.6017932,16017.0,701.8080850040446,0.0,321,320,0,0,320,314,44727,1,0,0,1,6
2020-09-26,US,Idaho,Bonneville,2694,16,0,43.38713372,-111.6161537,16019.0,2262.686667450572,0.5939123979213066,2678,2638,16,0,2622,2595,116854,56,0,0,56,43
2020-09-26,US,Idaho,Boundary,57,1,0,48.76684761,-116.4630179,16021.0,465.4961208656594,1.7543859649122806,56,57,1,0,56,57,11948,0,0,0,0,0
2020-09-26,US,Idaho,Butte,28,0,0,43.72592209,-113.1735463,16023.0,1078.167115902965,0.0,28,27,0,0,27,27,2611,1,0,0,1,0
2020-09-26,US,Idaho,Camas,31,0,0,43.46665742,-114.8065892,16025.0,2802.893309222424,0.0,31,27,0,0,27,25,1127,4,0,0,4,2
2020-09-26,US,Idaho,Canyon,8143,101,0,43.61970148,-116.70954990000001,16027.0,3542.7606820129736,1.2403291170330346,8042,8087,101,0,7986,8048,223499,56,0,0,56,39
2020-09-26,US,Idaho,Caribou,116,0,0,42.77149116,-111.5597683,16029.0,1621.2438853948288,0.0,116,105,0,0,105,103,7060,11,0,0,11,2
2020-09-26,US,Idaho,Cassia,724,5,0,42.28347888,-113.6012409,16031.0,3012.9005409904285,0.6906077348066298,719,705,5,0,700,662,23864,19,0,0,19,43
2020-09-26,US,Idaho,Clark,32,0,0,44.28496071,-112.35057040000001,16033.0,3786.982248520711,0.0,32,32,0,0,32,32,852,0,0,0,0,0
2020-09-26,US,Idaho,Clearwater,44,0,0,46.67459924,-115.6622393,16035.0,502.51256281407035,0.0,44,44,0,0,44,39,8758,0,0,0,0,5
2020-09-26,US,Idaho,Custer,65,1,0,44.24186819,-114.2855494,16037.0,1506.3731170336034,1.5384615384615383,64,64,1,0,63,63,4280,1,0,0,1,1
2020-09-26,US,Idaho,Elmore,342,3,0,43.3507101,-115.4701578,16039.0,1243.1391079931666,0.8771929824561403,339,338,3,0,335,338,27259,4,0,0,4,0
2020-09-26,US,Idaho,Franklin,115,0,0,42.18332217,-111.81496659999999,16041.0,828.7690977226866,0.0,115,109,0,0,109,104,13726,6,0,0,6,5
2020-09-26,US,Idaho,Fremont,197,3,0,44.22800938,-111.48099429999999,16043.0,1503.9315978318955,1.5228426395939083,194,188,3,0,185,177,13168,9,0,0,9,11
2020-09-26,US,Idaho,Gem,323,2,0,44.06482372,-116.398376,16045.0,1783.3480565371024,0.6191950464396285,321,307,2,0,305,304,17634,16,0,0,16,3
2020-09-26,US,Idaho,Gooding,283,1,0,42.96927962,-114.81083059999999,16047.0,1864.417945846235,0.353356890459364,282,280,1,0,279,275,15196,3,0,0,3,5
2020-09-26,US,Idaho,Idaho,198,0,0,45.84721541,-115.4634436,16049.0,1187.9762404751905,0.0,198,198,0,0,198,189,16513,0,0,0,0,9
2020-09-26,US,Idaho,Jefferson,558,2,0,43.82078483,-112.3131749,16051.0,1868.0325399216626,0.35842293906810035,556,549,2,0,547,535,29439,9,0,0,9,14
2020-09-26,US,Idaho,Jerome,756,7,0,42.68891267,-114.2655033,16053.0,3096.8376208422087,0.925925925925926,749,753,7,0,746,748,24015,3,0,0,3,5
2020-09-26,US,Idaho,Kootenai,2655,34,0,47.67282258,-116.7020872,16055.0,1602.3223112066,1.28060263653484,2621,2634,34,0,2600,2586,161505,21,0,0,21,48
2020-09-26,US,Idaho,Latah,413,0,0,46.81587887,-116.71136979999999,16057.0,1029.719756657026,0.0,413,409,0,0,409,376,40134,4,0,0,4,33
2020-09-26,US,Idaho,Lemhi,92,0,0,44.9438088,-113.9309747,16059.0,1146.1318051575931,0.0,92,85,0,0,85,85,7961,7,0,0,7,0
2020-09-26,US,Idaho,Lewis,15,0,0,46.23315327,-116.434146,16061.0,390.8285565398645,0.0,15,15,0,0,15,14,3861,0,0,0,0,1
2020-09-26,US,Idaho,Lincoln,91,0,0,43.0012336,-114.1358773,16063.0,1695.8628401043607,0.0,91,88,0,0,88,88,5360,3,0,0,3,0
2020-09-26,US,Idaho,Madison,703,1,0,43.78141028,-111.65384740000002,16065.0,1761.59571002581,0.1422475106685633,702,654,1,0,653,605,39304,49,0,0,49,49
2020-09-26,US,Idaho,Minidoka,685,8,0,42.85518524,-113.6357257,16067.0,3255.858168163886,1.167883211678832,677,675,8,0,667,659,20825,10,0,0,10,16
2020-09-26,US,Idaho,Nez Perce,435,24,0,46.32638236,-116.75009750000001,16069.0,1076.5195010888933,5.517241379310344,411,435,24,0,411,431,40408,0,0,0,0,4
2020-09-26,US,Idaho,Oneida,24,0,0,42.19494279999999,-112.5407838,16071.0,529.6843963804898,0.0,24,24,0,0,24,24,4488,0,0,0,0,0
2020-09-26,US,Idaho,Owyhee,330,5,0,42.58016894,-116.16938710000001,16073.0,2791.1697538695757,1.5151515151515151,325,326,5,0,321,326,11693,4,0,0,4,0
2020-09-26,US,Idaho,Payette,871,8,0,44.00545243,-116.7647695,16075.0,3636.5913740553633,0.9184845005740528,863,864,7,0,857,858,23551,7,1,0,6,6
2020-09-26,US,Idaho,Power,230,1,0,42.69254894,-112.83957420000002,16077.0,2994.401770602786,0.43478260869565216,229,227,1,0,226,222,7768,3,0,0,3,5
2020-09-26,US,Idaho,Shoshone,215,18,0,47.35364087,-115.89167490000001,16079.0,1668.9954975935416,8.372093023255816,197,215,18,0,197,215,12796,0,0,0,0,0
2020-09-26,US,Idaho,Teton,165,0,0,43.75303583,-111.2056773,16081.0,1358.9194531378685,0.0,165,162,0,0,162,160,11640,3,0,0,3,2
2020-09-26,US,Idaho,Twin Falls,2225,37,0,42.35440512,-114.6685381,16083.0,2561.062639563526,1.6629213483146068,2188,2196,37,0,2159,2162,86081,29,0,0,29,34
2020-09-26,US,Idaho,Valley,91,1,0,44.76728382,-115.5676773,16085.0,798.8061797752811,1.0989010989010992,90,91,1,0,90,89,11041,0,0,0,0,2
2020-09-26,US,Idaho,Washington,359,6,0,44.45275475,-116.78476880000001,16087.0,3521.6794192662346,1.6713091922005572,353,356,6,0,350,356,10161,3,0,0,3,0
2020-09-26,US,Illinois,Adams,1112,10,0,39.98815591,-91.18786813,17001.0,1699.39634752044,0.8992805755395683,1102,1082,10,0,1072,1055,65691,30,0,0,30,27
2020-09-26,US,Illinois,Alexander,80,1,0,37.18049267,-89.32910838,17003.0,1388.6478042006595,1.25,79,76,1,0,75,74,6060,4,0,0,4,2
2020-09-26,US,Illinois,Bond,322,5,0,38.88829622,-89.43534887,17005.0,1960.3068306343603,1.5527950310559009,317,313,5,0,308,304,16630,9,0,0,9,9
2020-09-26,US,Illinois,Boone,1113,23,0,42.32359279,-88.82345779,17007.0,2078.664276109368,2.0664869721473496,1090,1095,23,0,1072,1082,53577,18,0,0,18,13
2020-09-26,US,Illinois,Brown,59,0,0,39.96209138,-90.75068024,17009.0,896.9291577987228,0.0,59,56,0,0,56,45,6556,3,0,0,3,11
2020-09-26,US,Illinois,Bureau,637,11,0,41.40385234,-89.5283051,17011.0,1952.310898614687,1.7268445839874411,626,625,11,0,614,612,32993,12,0,0,12,13
2020-09-26,US,Illinois,Calhoun,59,0,0,39.16840183,-90.66330078,17013.0,1244.9883941759865,0.0,59,58,0,0,58,47,4802,1,0,0,1,11
2020-09-26,US,Illinois,Carroll,227,4,0,42.06823429,-89.93395545,17015.0,1586.857742048235,1.7621145374449338,223,228,4,0,224,218,14312,-1,0,0,-1,10
2020-09-26,US,Illinois,Cass,395,11,0,39.96991073,-90.24734436,17017.0,3251.8317279986827,2.7848101265822787,384,393,11,0,382,393,12260,2,0,0,2,0
2020-09-26,US,Illinois,Champaign,4645,20,0,40.13919438,-88.20046615,17019.0,2215.185345917049,0.4305705059203445,4625,4583,20,0,4563,4538,209983,62,0,0,62,45
2020-09-26,US,Illinois,Christian,537,11,0,39.54581621,-89.27780482,17021.0,1662.332838038633,2.0484171322160147,526,521,11,0,510,463,32661,16,0,0,16,58
2020-09-26,US,Illinois,Clark,172,2,0,39.33425789,-87.78705622,17023.0,1113.9174923903893,1.162790697674419,170,158,2,0,156,156,15596,14,0,0,14,2
2020-09-26,US,Illinois,Clay,151,0,0,38.75388572,-88.48914513,17025.0,1145.3276699029127,0.0,151,149,0,0,149,142,13253,2,0,0,2,7
2020-09-26,US,Illinois,Clinton,1153,20,0,38.60704876,-89.42385254,17027.0,3069.591608540546,1.7346053772766696,1133,1129,20,0,1109,1101,37639,24,0,0,24,28
2020-09-26,US,Illinois,Coles,1450,30,0,39.51949084,-88.22358557,17029.0,2864.423855712056,2.0689655172413794,1420,1437,30,0,1407,1417,50885,13,0,0,13,20
2020-09-26,US,Illinois,Cook,143084,5203,0,41.84144849,-87.81658794,17031.0,2778.2044035677613,3.6363255150820497,137881,142215,5194,0,137021,141430,5180493,869,9,0,860,785
2020-09-26,US,Illinois,Crawford,440,3,0,39.0032229,-87.75954624,17033.0,2357.100766057749,0.6818181818181818,437,429,3,0,426,420,18807,11,0,0,11,9
2020-09-26,US,Illinois,Cumberland,215,5,0,39.27432424,-88.2401158,17035.0,1997.0276797324912,2.3255813953488373,210,211,5,0,206,204,10808,4,0,0,4,7
2020-09-26,US,Illinois,De Witt,116,1,0,40.17514519,-88.90959682,17039.0,741.7828366798824,0.8620689655172413,115,112,1,0,111,105,15769,4,0,0,4,7
2020-09-26,US,Illinois,DeKalb,1567,38,0,41.89373302,-88.76958483,17037.0,1493.846344509376,2.4250159540523293,1529,1551,38,0,1513,1526,104143,16,0,0,16,25
2020-09-26,US,Illinois,Douglas,308,7,0,39.76768052,-88.21854195,17041.0,1582.327254045723,2.272727272727273,301,303,7,0,296,293,19479,5,0,0,5,10
2020-09-26,US,Illinois,DuPage,17393,560,0,41.85116968,-88.08642662,17043.0,1884.560000260044,3.2196860806071412,16833,17253,557,0,16696,17091,928589,140,3,0,137,162
2020-09-26,US,Illinois,Edgar,113,8,0,39.6809186,-87.74759563,17045.0,658.4697861429987,7.079646017699115,105,113,8,0,105,112,17360,0,0,0,0,1
2020-09-26,US,Illinois,Edwards,63,0,0,38.41353228,-88.05720863,17047.0,985.1446442533228,0.0,63,64,0,0,64,64,6392,-1,0,0,-1,0
2020-09-26,US,Illinois,Effingham,865,3,0,39.05935711,-88.58969584,17049.0,2543.5191719595387,0.3468208092485549,862,858,1,0,857,848,34208,7,2,0,5,10
2020-09-26,US,Illinois,Fayette,406,3,0,39.00072038,-89.02452658,17051.0,1902.887139107612,0.7389162561576355,403,402,3,0,399,389,21416,4,0,0,4,13
2020-09-26,US,Illinois,Ford,104,5,0,40.59706922,-88.22350769,17053.0,802.407221664995,4.807692307692308,99,100,5,0,95,100,13264,4,0,0,4,0
2020-09-26,US,Illinois,Franklin,530,3,0,37.99189086,-88.92567818,17055.0,1377.7327198523487,0.5660377358490566,527,520,3,0,517,514,38701,10,0,0,10,6
2020-09-26,US,Illinois,Fulton,174,0,0,40.47289135,-90.20862357,17057.0,506.697728596389,0.0,174,162,0,0,162,157,34844,12,0,0,12,5
2020-09-26,US,Illinois,Gallatin,72,2,0,37.76430935,-88.22953869,17059.0,1491.3007456503726,2.7777777777777777,70,71,2,0,69,71,5058,1,0,0,1,0
2020-09-26,US,Illinois,Greene,226,11,0,39.35907414,-90.388865,17061.0,1742.6170097925824,4.867256637168142,215,219,10,0,209,218,13044,7,1,0,6,1
2020-09-26,US,Illinois,Grundy,667,5,0,41.28569601,-88.41905692,17063.0,1306.459826850002,0.7496251874062968,662,659,5,0,654,654,50972,8,0,0,8,5
2020-09-26,US,Illinois,Hamilton,68,1,0,38.08163641,-88.53883373,17065.0,837.8511582060128,1.4705882352941178,67,68,0,0,68,67,8163,0,1,0,-1,1
2020-09-26,US,Illinois,Hancock,215,3,0,40.40423981,-91.16313899,17067.0,1214.140501468263,1.3953488372093024,212,206,3,0,203,201,17844,9,0,0,9,5
2020-09-26,US,Illinois,Hardin,39,0,0,37.51810645,-88.26873022,17069.0,1020.6752159120648,0.0,39,39,0,0,39,37,3910,0,0,0,0,2
2020-09-26,US,Illinois,Henderson,66,0,0,40.81908672,-90.92491462,17071.0,993.0785434848027,0.0,66,66,0,0,66,66,6709,0,0,0,0,0
2020-09-26,US,Illinois,Henry,664,5,0,41.3533994,-90.13296166,17073.0,1357.512317788727,0.7530120481927711,659,656,5,0,651,647,49090,8,0,0,8,9
2020-09-26,US,Illinois,Iroquois,364,19,0,40.74717633,-87.82466784,17075.0,1342.4798996828204,5.21978021978022,345,361,19,0,342,359,27604,3,0,0,3,2
2020-09-26,US,Illinois,Jackson,1259,24,0,37.78595185,-89.38232563,17077.0,2218.502202643172,1.9062748212867355,1235,1257,24,0,1233,1250,57419,2,0,0,2,7
2020-09-26,US,Illinois,Jasper,211,9,0,39.01054275,-88.15437049,17079.0,2195.629552549428,4.265402843601897,202,206,9,0,197,203,9611,5,0,0,5,3
2020-09-26,US,Illinois,Jefferson,600,38,0,38.29980057,-88.9240025,17081.0,1592.1876658528818,6.333333333333332,562,587,38,0,549,584,37820,13,0,0,13,3
2020-09-26,US,Illinois,Jersey,390,15,0,39.08869046,-90.35393073,17083.0,1791.2092959169613,3.8461538461538463,375,389,15,0,374,387,21847,1,0,0,1,2
2020-09-26,US,Illinois,Jo Daviess,259,2,0,42.36542373,-90.21094405,17085.0,1219.6844831645867,0.7722007722007722,257,257,2,0,255,253,21366,2,0,0,2,4
2020-09-26,US,Illinois,Johnson,153,0,0,37.45939802,-88.88165419,17087.0,1232.1816863976806,0.0,153,153,0,0,153,149,12456,0,0,0,0,4
2020-09-26,US,Illinois,Kane,13065,326,0,41.93842729,-88.42861412,17089.0,2453.9681406753907,2.4952162265595095,12739,12974,326,0,12648,12889,534216,91,0,0,91,85
2020-09-26,US,Illinois,Kankakee,2731,77,0,41.13746989,-87.86205334,17091.0,2485.8458793759437,2.819480043939949,2654,2709,77,0,2632,2694,110024,22,0,0,22,15
2020-09-26,US,Illinois,Kendall,1997,25,0,41.59081014,-88.42869583,17093.0,1548.1820296146989,1.2518778167250877,1972,1975,25,0,1950,1966,127915,22,0,0,22,9
2020-09-26,US,Illinois,Knox,648,3,0,40.93148779,-90.21330340000002,17095.0,1303.8491720155334,0.462962962962963,645,640,3,0,637,631,50112,8,0,0,8,9
2020-09-26,US,Illinois,LaSalle,1701,57,0,41.34426129999999,-88.88633881,17099.0,1565.3038124948237,3.3509700176366843,1644,1682,56,0,1626,1658,109430,19,1,0,18,24
2020-09-26,US,Illinois,Lake,16794,487,0,42.3224907,-88.00367925,17097.0,2411.0776917168555,2.8998451828033818,16307,16733,487,0,16246,16636,700832,61,0,0,61,97
2020-09-26,US,Illinois,Lawrence,254,2,0,38.71987914,-87.72884035,17101.0,1620.1046051792318,0.7874015748031497,252,252,2,0,250,252,15765,2,0,0,2,0
2020-09-26,US,Illinois,Lee,368,1,0,41.74583951,-89.29977132,17103.0,1079.3054903801033,0.2717391304347826,367,360,1,0,359,353,34223,8,0,0,8,7
2020-09-26,US,Illinois,Livingston,388,6,0,40.89188292,-88.55784752,17105.0,1088.4201077199282,1.5463917525773196,382,371,6,0,365,355,35761,17,0,0,17,16
2020-09-26,US,Illinois,Logan,461,1,0,40.12581572,-89.36638784,17107.0,1610.874274931861,0.2169197396963124,460,459,1,0,458,448,28925,2,0,0,2,11
2020-09-26,US,Illinois,Macon,1503,44,0,39.86064913,-88.96342505,17115.0,1445.0672537953446,2.9274783765801735,1459,1487,44,0,1443,1454,104712,16,0,0,16,33
2020-09-26,US,Illinois,Macoupin,540,7,0,39.26119767,-89.92424028,17117.0,1201.9765837154432,1.2962962962962965,533,535,7,0,528,523,45313,5,0,0,5,12
2020-09-26,US,Illinois,Madison,5666,136,0,38.83042506,-89.90422563,17119.0,2154.651171634356,2.400282386163078,5530,5565,136,0,5429,5511,264461,101,0,0,101,54
2020-09-26,US,Illinois,Marion,548,0,0,38.64963204,-88.91899208,17121.0,1472.9203064104288,0.0,548,532,0,0,532,527,37620,16,0,0,16,5
2020-09-26,US,Illinois,Marshall,101,0,0,41.0327901,-89.34510444,17123.0,883.0215072565134,0.0,101,101,0,0,101,99,11534,0,0,0,0,2
2020-09-26,US,Illinois,Mason,145,1,0,40.23917274,-89.91824452,17125.0,1085.4105846245977,0.6896551724137931,144,140,1,0,139,134,13565,5,0,0,5,6
2020-09-26,US,Illinois,Massac,109,2,0,37.22078441,-88.71036614,17127.0,791.4609352309034,1.834862385321101,107,107,2,0,105,106,14080,2,0,0,2,1
2020-09-26,US,Illinois,McDonough,480,15,0,40.45674722,-90.67775541,17109.0,1617.1417020416413,3.125,465,475,15,0,460,460,29955,5,0,0,5,15
2020-09-26,US,Illinois,McHenry,4567,118,0,42.32451172,-88.45248227,17111.0,1483.881029586645,2.583753010729144,4449,4536,118,0,4418,4506,308570,31,0,0,31,30
2020-09-26,US,Illinois,McLean,3260,23,0,40.48996987,-88.84621113,17113.0,1900.6862293533584,0.7055214723926381,3237,3245,22,0,3223,3223,172828,15,1,0,14,22
2020-09-26,US,Illinois,Menard,125,1,0,40.02742725,-89.80246001,17129.0,1024.9262053132177,0.8,124,124,1,0,123,120,12288,1,0,0,1,4
2020-09-26,US,Illinois,Mercer,137,5,0,41.20596782,-90.74290052,17131.0,887.4781369437068,3.6496350364963503,132,137,5,0,132,133,15601,0,0,0,0,4
2020-09-26,US,Illinois,Monroe,673,15,0,38.27594376,-90.17761038,17133.0,1943.0089210959381,2.2288261515601784,658,652,15,0,637,642,34335,21,0,0,21,10
2020-09-26,US,Illinois,Montgomery,371,13,0,39.23198845,-89.47809254,17135.0,1305.6943760118252,3.5040431266846364,358,362,13,0,349,348,28601,9,0,0,9,14
2020-09-26,US,Illinois,Morgan,655,23,0,39.71654544,-90.20255104,17137.0,1946.0455166676568,3.5114503816793894,632,647,23,0,624,640,33976,8,0,0,8,7
2020-09-26,US,Illinois,Moultrie,214,3,0,39.64187451,-88.62099969,17139.0,1475.7602923936279,1.4018691588785046,211,213,3,0,210,208,14717,1,0,0,1,5
2020-09-26,US,Illinois,Ogle,695,6,0,42.04165196,-89.32184679,17141.0,1372.3515589518788,0.8633093525179856,689,674,6,0,668,662,50923,21,0,0,21,12
2020-09-26,US,Illinois,Out of IL,3,0,0,0.0,0.0,80017.0,0.0,0.0,3,4,0,0,4,3,,-1,0,0,-1,1
2020-09-26,US,Illinois,Peoria,3459,49,0,40.78702156,-89.76078901,17143.0,1930.4717628739968,1.4165943914426136,3410,3413,49,0,3364,3352,180621,46,0,0,46,61
2020-09-26,US,Illinois,Perry,347,15,0,38.08510853,-89.36856219,17145.0,1659.0170204628037,4.322766570605188,332,345,15,0,330,342,21174,2,0,0,2,3
2020-09-26,US,Illinois,Piatt,137,0,0,40.01360584,-88.59319339,17147.0,838.228095937347,0.0,137,137,0,0,137,132,16396,0,0,0,0,5
2020-09-26,US,Illinois,Pike,127,1,0,39.62265059,-90.8877017,17149.0,816.1429214060793,0.7874015748031497,126,123,1,0,122,121,15611,4,0,0,4,2
2020-09-26,US,Illinois,Pope,29,1,0,37.41391284,-88.56152109,17151.0,694.2781900885803,3.4482758620689653,28,27,1,0,26,26,4212,2,0,0,2,1
2020-09-26,US,Illinois,Pulaski,174,1,0,37.22631423,-89.13085001,17153.0,3261.480787253983,0.5747126436781609,173,173,1,0,172,167,5463,1,0,0,1,6
2020-09-26,US,Illinois,Putnam,57,0,0,41.2013541,-89.2869272,17155.0,993.2043910088864,0.0,57,57,0,0,57,55,5740,0,0,0,0,2
2020-09-26,US,Illinois,Randolph,937,11,0,38.05095369,-89.82512254,17157.0,2948.209678434334,1.1739594450373532,926,933,11,0,922,928,32106,4,0,0,4,5
2020-09-26,US,Illinois,Richland,205,5,0,38.71240969,-88.08475366,17159.0,1321.4723135434795,2.4390243902439024,200,204,5,0,199,176,15763,1,0,0,1,28
2020-09-26,US,Illinois,Rock Island,2971,76,0,41.46613806,-90.57042164,17161.0,2094.0378773461894,2.5580612588354095,2895,2935,75,0,2860,2901,143477,36,1,0,35,34
2020-09-26,US,Illinois,Saline,334,4,0,37.75332999,-88.54119706,17165.0,1421.8211229832702,1.1976047904191616,330,319,4,0,315,307,23906,15,0,0,15,12
2020-09-26,US,Illinois,Sangamon,2401,45,0,39.75836914,-89.65872023,17167.0,1233.3566203665653,1.874219075385256,2356,2367,44,0,2323,2311,195348,34,1,0,33,56
2020-09-26,US,Illinois,Schuyler,49,0,0,40.157179799999994,-90.61114163,17169.0,723.9952718676124,0.0,49,49,0,0,49,48,6907,0,0,0,0,1
2020-09-26,US,Illinois,Scott,78,0,0,39.642916899999996,-90.47814431,17171.0,1575.4393051908703,0.0,78,77,0,0,77,76,4926,1,0,0,1,1
2020-09-26,US,Illinois,Shelby,385,4,0,39.39133527,-88.80611122,17173.0,1779.6061754645466,1.0389610389610389,381,372,4,0,368,366,21741,13,0,0,13,6
2020-09-26,US,Illinois,St. Clair,6574,190,0,38.46996033,-89.93063427,17163.0,2531.518834284482,2.8901734104046244,6384,6487,189,0,6298,6421,261059,87,1,0,86,66
2020-09-26,US,Illinois,Stark,55,2,0,41.09309773,-89.79745866,17175.0,1029.5769374766003,3.636363636363636,53,55,2,0,53,54,5427,0,0,0,0,1
2020-09-26,US,Illinois,Stephenson,517,6,0,42.35129217,-89.662598,17177.0,1161.8499707852036,1.1605415860735009,511,510,6,0,504,498,44753,7,0,0,7,12
2020-09-26,US,Illinois,Tazewell,1749,23,0,40.50716185,-89.51404662,17179.0,1326.9804177446645,1.315037164093768,1726,1698,22,0,1676,1678,132328,51,1,0,50,20
2020-09-26,US,Illinois,Unassigned,2538,244,0,0.0,0.0,90017.0,0.0,9.613869188337274,2294,2538,244,0,2294,2244,,0,0,0,0,294
2020-09-26,US,Illinois,Union,514,24,0,37.47119609,-89.25548938,17181.0,3086.5309553834145,4.669260700389105,490,514,24,0,490,507,16841,0,0,0,0,7
2020-09-26,US,Illinois,Vermilion,745,4,0,40.18417171,-87.73384359,17183.0,983.3944929908392,0.5369127516778524,741,718,4,0,714,673,76806,27,0,0,27,45
2020-09-26,US,Illinois,Wabash,151,3,0,38.44272901,-87.84922065,17185.0,1310.763888888889,1.9867549668874167,148,150,1,0,149,149,11549,1,2,0,-1,1
2020-09-26,US,Illinois,Warren,330,2,0,40.84925021,-90.6147432,17187.0,1959.1545951080504,0.6060606060606061,328,327,2,0,325,319,17032,3,0,0,3,8
2020-09-26,US,Illinois,Washington,210,1,0,38.35309213,-89.40982703,17189.0,1512.205659969756,0.4761904761904762,209,204,1,0,203,203,13995,6,0,0,6,1
2020-09-26,US,Illinois,Wayne,278,5,0,38.42955355,-88.42586459,17191.0,1714.4619179771814,1.7985611510791366,273,269,5,0,264,264,16332,9,0,0,9,5
2020-09-26,US,Illinois,White,167,0,0,38.08706198,-88.17657461,17193.0,1233.6559060353104,0.0,167,167,0,0,167,164,13665,0,0,0,0,3
2020-09-26,US,Illinois,Whiteside,738,20,0,41.75509713,-89.91556058,17195.0,1337.5623017671046,2.710027100271003,718,726,20,0,706,713,55626,12,0,0,12,13
2020-09-26,US,Illinois,Will,13917,378,0,41.44619267,-87.97862712,17197.0,2014.786975763779,2.7161026083207593,13539,13803,378,0,13425,13720,692310,114,0,0,114,83
2020-09-26,US,Illinois,Williamson,1390,45,0,37.73033511,-88.92994027,17199.0,2087.1811042539453,3.2374100719424463,1345,1383,44,0,1339,1371,67056,7,1,0,6,12
2020-09-26,US,Illinois,Winnebago,5848,149,0,42.33641854,-89.16085327,17201.0,2069.561032232493,2.547879616963064,5699,5750,149,0,5601,5634,284081,98,0,0,98,116
2020-09-26,US,Illinois,Woodford,420,6,0,40.78579374,-89.20973757,17203.0,1092.072076757066,1.4285714285714286,414,421,6,0,415,412,38463,-1,0,0,-1,9
2020-09-26,US,Indiana,Adams,266,3,0,40.7457653,-84.93671406,18001.0,743.4944237918214,1.1278195488721805,263,261,3,0,258,255,35636,5,0,0,5,6
2020-09-26,US,Indiana,Allen,6244,203,0,41.09194313,-85.06800636,18003.0,1646.1946907321137,3.251121076233184,6041,6178,202,0,5976,6113,375351,66,1,0,65,65
2020-09-26,US,Indiana,Bartholomew,1170,57,0,39.20744865,-85.89558181,18005.0,1396.5313503383902,4.871794871794871,1113,1164,57,0,1107,1155,82753,6,0,0,6,9
2020-09-26,US,Indiana,Benton,87,0,0,40.60626947,-87.31093999,18007.0,994.5130315500688,0.0,87,88,0,0,88,88,8653,-1,0,0,-1,0
2020-09-26,US,Indiana,Blackford,119,3,0,40.47388153,-85.32499702,18009.0,1012.0768838237796,2.5210084033613445,116,119,3,0,116,114,11930,0,0,0,0,5
2020-09-26,US,Indiana,Boone,981,46,0,40.0509304,-86.46841646,18011.0,1445.9855843638986,4.689092762487258,935,968,46,0,922,960,66999,13,0,0,13,8
2020-09-26,US,Indiana,Brown,104,3,0,39.19605589,-86.22868909,18013.0,689.1068115557913,2.8846153846153846,101,104,3,0,101,104,15234,0,0,0,0,0
2020-09-26,US,Indiana,Carroll,275,13,0,40.580783200000006,-86.56198812,18015.0,1357.555412943674,4.727272727272728,262,274,13,0,261,273,20127,1,0,0,1,1
2020-09-26,US,Indiana,Cass,1950,9,0,40.76135835,-86.34830753,18017.0,5173.923425933296,0.4615384615384616,1941,1941,9,0,1932,1939,37955,9,0,0,9,2
2020-09-26,US,Indiana,Clark,2227,57,0,38.48015445,-85.70510334,18019.0,1882.4702879072208,2.5594970812752584,2170,2214,57,0,2157,2187,117360,13,0,0,13,27
2020-09-26,US,Indiana,Clay,301,5,0,39.39561833,-87.11723506,18021.0,1147.759771210677,1.6611295681063123,296,300,5,0,295,299,26170,1,0,0,1,1
2020-09-26,US,Indiana,Clinton,602,14,0,40.30319754,-86.47277257,18023.0,1858.0820395691226,2.3255813953488373,588,599,14,0,585,595,32250,3,0,0,3,4
2020-09-26,US,Indiana,Crawford,107,0,0,38.28814402,-86.44518825,18025.0,1011.6290063344992,0.0,107,105,0,0,105,104,10558,2,0,0,2,1
2020-09-26,US,Indiana,Daviess,672,28,0,38.70186039,-87.07185406,18027.0,2014.932085994423,4.166666666666667,644,663,28,0,635,658,33147,9,0,0,9,5
2020-09-26,US,Indiana,DeKalb,483,11,0,41.39804622,-84.99906934,18033.0,1110.9833237492812,2.2774327122153206,472,476,11,0,465,468,43226,7,0,0,7,8
2020-09-26,US,Indiana,Dearborn,664,28,0,39.14647946,-84.97333539,18029.0,1342.553277528408,4.216867469879518,636,660,28,0,632,647,49568,4,0,0,4,13
2020-09-26,US,Indiana,Decatur,458,39,0,39.30712658,-85.50087166,18031.0,1724.4625174140592,8.515283842794759,419,458,39,0,419,458,26794,0,0,0,0,0
2020-09-26,US,Indiana,Delaware,1960,62,0,40.22787247,-85.39732772,18035.0,1717.2646427476236,3.1632653061224483,1898,1942,62,0,1880,1918,114772,18,0,0,18,24
2020-09-26,US,Indiana,Dubois,979,19,0,38.36597551,-86.87924170000002,18037.0,2290.8086858854363,1.9407558733401429,960,969,19,0,950,964,42565,10,0,0,10,5
2020-09-26,US,Indiana,Elkhart,6623,111,0,41.59761169,-85.85875695,18039.0,3209.735341013177,1.675977653631285,6512,6528,110,0,6418,6477,205560,95,1,0,94,51
2020-09-26,US,Indiana,Fayette,422,13,0,39.63684962,-85.17797541,18041.0,1826.6816725824606,3.080568720379147,409,421,13,0,408,419,23047,1,0,0,1,2
2020-09-26,US,Indiana,Floyd,1370,63,0,38.32117957,-85.90385377,18043.0,1744.7339599093245,4.598540145985401,1307,1358,62,0,1296,1351,77781,12,1,0,11,7
2020-09-26,US,Indiana,Fountain,127,2,0,40.12361933,-87.24217689,18045.0,776.9484889269546,1.5748031496062993,125,123,2,0,121,120,16351,4,0,0,4,3
2020-09-26,US,Indiana,Franklin,309,25,0,39.4142482,-85.06062647,18047.0,1357.7643026628,8.090614886731393,284,307,25,0,282,303,22736,2,0,0,2,4
2020-09-26,US,Indiana,Fulton,241,2,0,41.0469907,-86.26252745,18049.0,1206.568539100831,0.8298755186721992,239,238,2,0,236,235,20092,3,0,0,3,3
2020-09-26,US,Indiana,Gibson,522,5,0,38.30393723,-87.58054938,18051.0,1550.848212959387,0.9578544061302682,517,511,4,0,507,496,33452,11,1,0,10,15
2020-09-26,US,Indiana,Grant,925,34,0,40.51587228,-85.65468702,18053.0,1406.4376834070765,3.6756756756756763,891,919,34,0,885,903,65936,6,0,0,6,16
2020-09-26,US,Indiana,Greene,426,35,0,39.03630547,-86.96223202,18055.0,1334.5028506985775,8.215962441314554,391,424,35,0,389,422,32006,2,0,0,2,2
2020-09-26,US,Indiana,Hamilton,4893,109,0,40.07306535,-86.05244729,18057.0,1447.5860253068688,2.2276721847537297,4784,4848,109,0,4739,4803,330086,45,0,0,45,45
2020-09-26,US,Indiana,Hancock,930,43,0,39.82304555,-85.77566351,18059.0,1189.7451642615906,4.623655913978495,887,921,43,0,878,917,76351,9,0,0,9,4
2020-09-26,US,Indiana,Harrison,582,24,0,38.19467379,-86.10948271,18061.0,1436.5049981488337,4.123711340206185,558,576,24,0,552,566,40350,6,0,0,6,10
2020-09-26,US,Indiana,Hendricks,2741,123,0,39.76719009,-86.51037283,18063.0,1609.408670021314,4.487413352790952,2618,2715,123,0,2592,2694,167009,26,0,0,26,21
2020-09-26,US,Indiana,Henry,803,26,0,39.93029017,-85.39625719,18065.0,1673.893104310848,3.2378580323785804,777,798,26,0,772,793,48271,5,0,0,5,5
2020-09-26,US,Indiana,Howard,1313,63,0,40.48527731,-86.11351892,18067.0,1590.666795890677,4.798172124904799,1250,1305,63,0,1242,1292,82366,8,0,0,8,13
2020-09-26,US,Indiana,Huntington,236,3,0,40.82907273,-85.48822092,18069.0,646.2212486308872,1.2711864406779658,233,236,3,0,233,225,36240,0,0,0,0,11
2020-09-26,US,Indiana,Jackson,758,9,0,38.90915820000001,-86.03851889,18071.0,1713.7301892337953,1.1873350923482848,749,749,9,0,740,746,44111,9,0,0,9,3
2020-09-26,US,Indiana,Jasper,396,2,0,41.02078733,-87.11553319,18073.0,1179.9058458971456,0.5050505050505051,394,394,2,0,392,390,33370,2,0,0,2,4
2020-09-26,US,Indiana,Jay,185,0,0,40.43781032,-85.00576229,18075.0,905.2652182423177,0.0,185,180,0,0,180,176,20764,5,0,0,5,4
2020-09-26,US,Indiana,Jefferson,248,3,0,38.78576239,-85.43633383,18077.0,767.6117370310759,1.2096774193548387,245,248,3,0,245,247,32208,0,0,0,0,1
2020-09-26,US,Indiana,Jennings,314,12,0,38.99588883,-85.62710784,18079.0,1132.143500991527,3.8216560509554136,302,313,12,0,301,312,27611,1,0,0,1,1
2020-09-26,US,Indiana,Johnson,2328,124,0,39.48994426,-86.10149107,18081.0,1471.8620192581259,5.326460481099656,2204,2305,123,0,2182,2291,156225,23,1,0,22,14
2020-09-26,US,Indiana,Knox,517,9,0,38.68861576,-87.4194665,18083.0,1412.7999125539707,1.7408123791102514,508,515,9,0,506,513,36895,2,0,0,2,2
2020-09-26,US,Indiana,Kosciusko,1218,17,0,41.24521668,-85.86312322,18085.0,1532.9238824003219,1.3957307060755335,1201,1216,17,0,1199,1211,79344,2,0,0,2,5
2020-09-26,US,Indiana,LaGrange,638,11,0,41.64232188,-85.42674232,18087.0,1610.5417276720352,1.7241379310344829,627,634,11,0,623,634,39330,4,0,0,4,0
2020-09-26,US,Indiana,LaPorte,1444,40,0,41.54366008,-86.74072188,18091.0,1314.065230052417,2.770083102493075,1404,1423,40,0,1383,1405,110007,21,0,0,21,18
2020-09-26,US,Indiana,Lake,10566,323,0,41.41874274,-87.38277575,18089.0,2176.344458107532,3.0569752034828697,10243,10493,323,0,10170,10397,484411,73,0,0,73,96
2020-09-26,US,Indiana,Lawrence,512,29,0,38.84112637,-86.48361629,18093.0,1128.4990081551687,5.6640625,483,511,29,0,482,510,45668,1,0,0,1,1
2020-09-26,US,Indiana,Madison,1670,75,0,40.16143691,-85.71964711,18095.0,1288.8885458713119,4.491017964071856,1595,1643,75,0,1568,1619,129641,27,0,0,27,24
2020-09-26,US,Indiana,Marion,21322,766,0,39.78163624,-86.13826325,18097.0,2210.4911764888834,3.5925335334396404,20556,21196,765,0,20431,21067,954670,126,1,0,125,129
2020-09-26,US,Indiana,Marshall,1007,24,0,41.32467367,-86.26185087,18099.0,2176.920748843443,2.383316782522344,983,1008,24,0,984,997,46248,-1,0,0,-1,11
2020-09-26,US,Indiana,Martin,166,0,0,38.7099921,-86.80373186,18101.0,1618.7225743539734,0.0,166,164,0,0,164,164,10217,2,0,0,2,0
2020-09-26,US,Indiana,Miami,436,3,0,40.76940965,-86.04525048,18103.0,1227.6157224912715,0.6880733944954128,433,435,3,0,432,431,35567,1,0,0,1,4
2020-09-26,US,Indiana,Monroe,2598,36,0,39.16130004,-86.52414358,18105.0,1750.3082240232834,1.3856812933025404,2562,2560,36,0,2524,2531,146917,38,0,0,38,29
2020-09-26,US,Indiana,Montgomery,511,21,0,40.04034823,-86.89335024,18107.0,1332.8812144608482,4.109589041095891,490,508,21,0,487,507,38346,3,0,0,3,1
2020-09-26,US,Indiana,Morgan,724,38,0,39.47899078,-86.44573375,18109.0,1027.1106130034473,5.248618784530387,686,716,38,0,678,709,70116,8,0,0,8,7
2020-09-26,US,Indiana,Newton,173,11,0,40.95610449,-87.39635768,18111.0,1237.1281464530894,6.3583815028901745,162,173,11,0,162,172,14011,0,0,0,0,1
2020-09-26,US,Indiana,Noble,915,32,0,41.39672484,-85.41966713,18113.0,1916.471179624665,3.4972677595628414,883,908,32,0,876,900,47532,7,0,0,7,8
2020-09-26,US,Indiana,Ohio,78,7,0,38.955304999999996,-84.96515993,18115.0,1327.659574468085,8.974358974358974,71,78,7,0,71,78,5844,0,0,0,0,0
2020-09-26,US,Indiana,Orange,288,24,0,38.54118920000001,-86.49523093,18117.0,1465.9472666191587,8.333333333333334,264,288,24,0,264,288,19489,0,0,0,0,0
2020-09-26,US,Indiana,Owen,169,1,0,39.31145587,-86.83900724,18119.0,812.5390643780951,0.591715976331361,168,168,1,0,167,168,20845,1,0,0,1,0
2020-09-26,US,Indiana,Parke,100,2,0,39.77202286,-87.20375833,18121.0,590.4233335301411,2.0,98,96,2,0,94,97,16927,4,0,0,4,-1
2020-09-26,US,Indiana,Perry,219,13,0,38.07809328,-86.63741946,18123.0,1142.4696123950127,5.936073059360732,206,221,13,0,208,216,19102,-2,0,0,-2,5
2020-09-26,US,Indiana,Pike,151,1,0,38.40112197,-87.23574907,18125.0,1218.8231495681653,0.6622516556291391,150,147,1,0,146,143,12410,4,0,0,4,4
2020-09-26,US,Indiana,Porter,2154,47,0,41.45986947,-87.06848888,18127.0,1264.1661140097071,2.1819870009285047,2107,2136,47,0,2089,2105,169594,18,0,0,18,31
2020-09-26,US,Indiana,Posey,335,0,0,38.02097333,-87.86480429,18129.0,1317.4971487002006,0.0,335,324,0,0,324,316,25540,11,0,0,11,8
2020-09-26,US,Indiana,Pulaski,113,1,0,41.04166107,-86.69890683,18131.0,914.7575487735772,0.8849557522123894,112,113,1,0,112,116,12469,0,0,0,0,-3
2020-09-26,US,Indiana,Putnam,579,12,0,39.66437981,-86.84517605,18133.0,1540.877155631254,2.0725388601036268,567,564,12,0,552,542,37779,15,0,0,15,22
2020-09-26,US,Indiana,Randolph,216,7,0,40.15734772,-85.01139319,18135.0,875.7348469491182,3.2407407407407414,209,216,7,0,209,211,24851,0,0,0,0,5
2020-09-26,US,Indiana,Ripley,298,8,0,39.10235626,-85.26212744,18137.0,1052.1112837169892,2.684563758389262,290,296,8,0,288,287,28523,2,0,0,2,9
2020-09-26,US,Indiana,Rush,155,4,0,39.62002287,-85.4655599,18139.0,934.8048971714612,2.5806451612903225,151,155,4,0,151,154,16663,0,0,0,0,1
2020-09-26,US,Indiana,Scott,377,11,0,38.68672078,-85.74627859,18143.0,1579.1898797805054,2.9177718832891246,366,373,11,0,362,367,23878,4,0,0,4,6
2020-09-26,US,Indiana,Shelby,674,29,0,39.52305623,-85.79158570000001,18145.0,1506.8523776520826,4.302670623145399,645,672,29,0,643,668,44593,2,0,0,2,4
2020-09-26,US,Indiana,Spencer,246,3,0,38.01519732,-87.0079644,18147.0,1213.19721852345,1.2195121951219512,243,241,3,0,238,228,20327,5,0,0,5,13
2020-09-26,US,Indiana,St. Joseph,6488,109,0,41.61756781,-86.29040834,18141.0,2386.820981068772,1.6800246609124538,6379,6392,106,0,6286,6312,270771,96,3,0,93,80
2020-09-26,US,Indiana,Starke,264,7,0,41.27890281,-86.64686895,18149.0,1148.075668623614,2.6515151515151514,257,263,7,0,256,259,22935,1,0,0,1,4
2020-09-26,US,Indiana,Steuben,385,7,0,41.64423868,-85.00101094,18151.0,1112.909753136382,1.818181818181818,378,380,7,0,373,378,34586,5,0,0,5,2
2020-09-26,US,Indiana,Sullivan,337,12,0,39.08952258,-87.41414469,18153.0,1630.4610769751803,3.560830860534125,325,337,12,0,325,333,20690,0,0,0,0,4
2020-09-26,US,Indiana,Switzerland,69,0,0,38.82767338,-85.03022429,18155.0,641.800762719747,0.0,69,69,0,0,69,69,10717,0,0,0,0,0
2020-09-26,US,Indiana,Tippecanoe,2483,13,0,40.38872739,-86.89413959,18157.0,1268.571311793677,0.5235602094240838,2470,2391,13,0,2378,2347,193048,92,0,0,92,44
2020-09-26,US,Indiana,Tipton,227,22,0,40.31123252,-86.05234925,18159.0,1498.5476630578296,9.691629955947137,205,226,22,0,204,221,15128,1,0,0,1,5
2020-09-26,US,Indiana,Unassigned,0,226,0,0.0,0.0,90018.0,0.0,0.0,-226,0,226,0,-226,0,,0,0,0,0,0
2020-09-26,US,Indiana,Union,79,0,0,39.62550777,-84.92497066,18161.0,1119.9319535015593,0.0,79,78,0,0,78,78,7037,1,0,0,1,0
2020-09-26,US,Indiana,Vanderburgh,3652,31,0,38.02658833,-87.58763124,18163.0,2012.6645761114567,0.8488499452354874,3621,3609,30,0,3579,3536,180974,43,1,0,42,73
2020-09-26,US,Indiana,Vermillion,130,0,0,39.8523352,-87.46160542,18165.0,838.8179119886438,0.0,130,128,0,0,128,127,15479,2,0,0,2,1
2020-09-26,US,Indiana,Vigo,1835,27,0,39.42944561,-87.39169027,18167.0,1714.3444384237368,1.4713896457765667,1808,1825,26,0,1799,1803,107386,10,1,0,9,22
2020-09-26,US,Indiana,Wabash,268,8,0,40.84704239,-85.79328272,18169.0,864.6276938959868,2.985074626865672,260,264,8,0,256,263,31280,4,0,0,4,1
2020-09-26,US,Indiana,Warren,40,1,0,40.34728141,-87.35602659,18171.0,483.96854204476716,2.5,39,39,1,0,38,39,8263,1,0,0,1,0
2020-09-26,US,Indiana,Warrick,1330,39,0,38.08922676,-87.2716085,18173.0,2111.1781326391315,2.9323308270676693,1291,1280,38,0,1242,1234,62567,50,1,0,49,46
2020-09-26,US,Indiana,Washington,266,1,0,38.60219804,-86.1049363,18175.0,948.7801398202313,0.3759398496240601,265,265,1,0,264,263,27943,1,0,0,1,2
2020-09-26,US,Indiana,Wayne,761,14,0,39.863344399999995,-85.01044989,18177.0,1155.0604092040555,1.8396846254927728,747,754,14,0,740,751,65936,7,0,0,7,3
2020-09-26,US,Indiana,Wells,263,4,0,40.72934187,-85.22132966,18179.0,929.4599943454904,1.520912547528517,259,261,4,0,257,251,28206,2,0,0,2,10
2020-09-26,US,Indiana,White,486,14,0,40.74911165,-86.86492015,18181.0,2016.430171769977,2.8806584362139915,472,485,14,0,471,483,24133,1,0,0,1,2
2020-09-26,US,Indiana,Whitley,276,6,0,41.13863784,-85.50791236,18183.0,812.6251324932283,2.1739130434782608,270,270,7,0,263,261,34074,6,-1,0,7,9
2020-09-26,US,Iowa,Adair,72,1,0,41.33075609,-94.47105874,19001.0,1006.7114093959732,1.3888888888888888,71,71,1,0,70,69,7063,1,0,0,1,2
2020-09-26,US,Iowa,Adams,33,0,0,41.02903567,-94.69932645,19003.0,916.1576901721266,0.0,33,33,0,0,33,33,3645,0,0,0,0,0
2020-09-26,US,Iowa,Allamakee,261,6,0,43.28383218,-91.37860922,19005.0,1906.9189742091035,2.2988505747126435,255,259,6,0,253,256,13832,2,0,0,2,3
2020-09-26,US,Iowa,Appanoose,136,3,0,40.74324454,-92.86865906,19007.0,1094.479317559955,2.2058823529411766,133,136,3,0,133,133,12437,0,0,0,0,3
2020-09-26,US,Iowa,Audubon,82,1,0,41.6844628,-94.90581859,19009.0,1491.9941775836971,1.2195121951219512,81,82,1,0,81,81,5506,0,0,0,0,1
2020-09-26,US,Iowa,Benton,310,1,0,42.08011739,-92.06463573,19011.0,1208.8126340417234,0.3225806451612903,309,309,1,0,308,306,25642,1,0,0,1,3
2020-09-26,US,Iowa,Black Hawk,4489,90,0,42.4704581,-92.30524729,19013.0,3420.763861371049,2.0049008687903767,4399,4472,90,0,4382,4436,132408,17,0,0,17,36
2020-09-26,US,Iowa,Boone,507,8,0,42.03657094,-93.9313999,19015.0,1932.6065411298318,1.5779092702169626,499,505,8,0,497,500,26346,2,0,0,2,5
2020-09-26,US,Iowa,Bremer,492,7,0,42.77461496,-92.31795937,19017.0,1963.131434043572,1.4227642276422765,485,488,7,0,481,483,24947,4,0,0,4,5
2020-09-26,US,Iowa,Buchanan,279,1,0,42.4709188,-91.83510825,19019.0,1317.5914994096813,0.35842293906810035,278,274,1,0,273,265,21199,5,0,0,5,9
2020-09-26,US,Iowa,Buena Vista,1991,12,0,42.73545875,-95.15100162,19021.0,10147.808358817532,0.6027122049221497,1979,1984,12,0,1972,1972,19874,7,0,0,7,12
2020-09-26,US,Iowa,Butler,270,2,0,42.73172833,-92.79015971,19023.0,1869.9355911074174,0.7407407407407407,268,270,2,0,268,267,14539,0,0,0,0,3
2020-09-26,US,Iowa,Calhoun,183,3,0,42.38521079,-94.64046046,19025.0,1892.842366570128,1.639344262295082,180,182,3,0,179,179,9699,1,0,0,1,3
2020-09-26,US,Iowa,Carroll,662,5,0,42.03617207,-94.86032705,19027.0,3282.915943466402,0.7552870090634441,657,660,5,0,655,653,20154,2,0,0,2,7
2020-09-26,US,Iowa,Cass,168,2,0,41.33149454,-94.92792482,19029.0,1308.8189467123716,1.1904761904761905,166,163,2,0,161,160,12930,5,0,0,5,3
2020-09-26,US,Iowa,Cedar,246,1,0,41.77233777,-91.13246684,19031.0,1320.6635529070704,0.4065040650406504,245,241,1,0,240,238,18627,5,0,0,5,3
2020-09-26,US,Iowa,Cerro Gordo,1057,21,0,43.08177563,-93.2612239,19033.0,2489.9882214369845,1.9867549668874167,1036,1051,21,0,1030,1018,42647,6,0,0,6,33
2020-09-26,US,Iowa,Cherokee,249,2,0,42.73538914,-95.62389402,19035.0,2216.2883845126835,0.8032128514056225,247,246,2,0,244,235,11321,3,0,0,3,11
2020-09-26,US,Iowa,Chickasaw,250,0,0,43.06001295,-92.31773347,19037.0,2095.0305874465766,0.0,250,246,0,0,246,247,11964,4,0,0,4,-1
2020-09-26,US,Iowa,Clarke,265,3,0,41.02868181,-93.78499767,19039.0,2820.64928153273,1.1320754716981132,262,265,3,0,262,264,9423,0,0,0,0,1
2020-09-26,US,Iowa,Clay,326,4,0,43.08247182,-95.15096481,19041.0,2035.464535464536,1.2269938650306749,322,319,4,0,315,316,16134,7,0,0,7,3
2020-09-26,US,Iowa,Clayton,252,3,0,42.84443388,-91.34133693,19043.0,1435.979258077383,1.1904761904761905,249,252,3,0,249,244,17556,0,0,0,0,8
2020-09-26,US,Iowa,Clinton,1121,21,0,41.89981633,-90.53275096,19045.0,2414.439251329988,1.8733273862622657,1100,1112,21,0,1091,1099,46518,9,0,0,9,13
2020-09-26,US,Iowa,Crawford,1088,5,0,42.03718237,-95.3819718,19047.0,6468.489892984542,0.4595588235294117,1083,1077,5,0,1072,1065,17158,11,0,0,11,12
2020-09-26,US,Iowa,Dallas,2785,38,0,41.68560356,-94.04127625,19049.0,2980.107647694563,1.3644524236983842,2747,2771,38,0,2733,2751,90180,14,0,0,14,20
2020-09-26,US,Iowa,Davis,124,4,0,40.74773536,-92.41005468,19051.0,1377.7777777777774,3.2258064516129035,120,124,4,0,120,124,9017,0,0,0,0,0
2020-09-26,US,Iowa,Decatur,67,0,0,40.73742757,-93.78645949,19053.0,851.3341804320203,0.0,67,67,0,0,67,67,7890,0,0,0,0,0
2020-09-26,US,Iowa,Delaware,402,3,0,42.47104597,-91.3664492,19055.0,2363.176767973664,0.746268656716418,399,397,3,0,394,383,17069,5,0,0,5,14
2020-09-26,US,Iowa,Des Moines,784,8,0,40.92012606,-91.18326592,19057.0,2011.958836964611,1.020408163265306,776,774,8,0,766,764,39138,10,0,0,10,10
2020-09-26,US,Iowa,Dickinson,527,6,0,43.37787725,-95.1510206,19059.0,3053.6562753505627,1.1385199240986716,521,510,6,0,504,508,17153,17,0,0,17,2
2020-09-26,US,Iowa,Dubuque,3257,41,0,42.46815349,-90.88181925,19061.0,3347.0008529354327,1.2588271415412955,3216,3173,41,0,3132,3101,96854,84,0,0,84,72
2020-09-26,US,Iowa,Emmet,265,10,0,43.37782951,-94.67858943,19063.0,2877.9322328410085,3.7735849056603774,255,261,10,0,251,260,9253,4,0,0,4,1
2020-09-26,US,Iowa,Fayette,222,2,0,42.86271799,-91.84412309999999,19065.0,1129.7709923664122,0.9009009009009008,220,217,2,0,215,211,19660,5,0,0,5,6
2020-09-26,US,Iowa,Floyd,349,3,0,43.06000529999999,-92.78940097,19067.0,2231.172484337041,0.8595988538681948,346,342,3,0,339,336,15761,7,0,0,7,6
2020-09-26,US,Iowa,Franklin,348,18,0,42.73270384,-93.26256925,19069.0,3455.809334657399,5.172413793103448,330,347,18,0,329,346,10124,1,0,0,1,1
2020-09-26,US,Iowa,Fremont,118,0,0,40.74542720000001,-95.60129045,19071.0,1695.4022988505747,0.0,118,115,0,0,115,110,6993,3,0,0,3,5
2020-09-26,US,Iowa,Greene,101,0,0,42.03614551,-94.39658081,19073.0,1136.3636363636365,0.0,101,100,0,0,100,99,8981,1,0,0,1,1
2020-09-26,US,Iowa,Grundy,220,3,0,42.40183723,-92.78829551,19075.0,1798.5611510791364,1.3636363636363635,217,219,3,0,216,219,12304,1,0,0,1,0
2020-09-26,US,Iowa,Guthrie,245,6,0,41.68378965,-94.50111014,19077.0,2292.0759659463,2.4489795918367347,239,244,6,0,238,241,10720,1,0,0,1,3
2020-09-26,US,Iowa,Hamilton,322,3,0,42.38382428,-93.70197703,19079.0,2179.6520679618225,0.9316770186335404,319,322,3,0,319,322,14952,0,0,0,0,0
2020-09-26,US,Iowa,Hancock,184,2,0,43.08178477,-93.73454884,19081.0,1730.950141110066,1.0869565217391304,182,184,2,0,182,177,10712,0,0,0,0,7
2020-09-26,US,Iowa,Hardin,299,1,0,42.38353877,-93.23654611,19083.0,1774.9020539000353,0.33444816053511706,298,299,1,0,298,295,16868,0,0,0,0,4
2020-09-26,US,Iowa,Harrison,222,3,0,41.68330137,-95.81558439,19085.0,1580.183642963912,1.351351351351351,219,214,3,0,211,207,14134,8,0,0,8,7
2020-09-26,US,Iowa,Henry,743,4,0,40.98767962,-91.54436349,19087.0,3723.564197654606,0.5383580080753702,739,730,5,0,725,685,20067,13,-1,0,14,45
2020-09-26,US,Iowa,Howard,188,6,0,43.35671042,-92.31702714,19089.0,2052.849967241756,3.191489361702128,182,187,6,0,181,186,9187,1,0,0,1,1
2020-09-26,US,Iowa,Humboldt,190,3,0,42.7764426,-94.20722537,19091.0,1987.8635697844736,1.5789473684210529,187,188,3,0,185,184,9547,2,0,0,2,4
2020-09-26,US,Iowa,Ida,122,1,0,42.38696136,-95.51355387,19093.0,1778.4256559766766,0.819672131147541,121,120,1,0,119,115,6841,2,0,0,2,5
2020-09-26,US,Iowa,Iowa,209,1,0,41.68630265,-92.0643373,19095.0,1291.3989125061792,0.4784688995215311,208,204,1,0,203,198,16141,5,0,0,5,6
2020-09-26,US,Iowa,Jackson,349,3,0,42.17178824,-90.57354837,19097.0,1795.3598436133545,0.8595988538681948,346,337,3,0,334,330,19432,12,0,0,12,7
2020-09-26,US,Iowa,Jasper,838,32,0,41.68576082,-93.05567785,19099.0,2253.596880462552,3.8186157517899764,806,833,32,0,801,817,37147,5,0,0,5,16
2020-09-26,US,Iowa,Jefferson,138,1,0,41.03192394,-91.94849466,19101.0,754.3044547690625,0.7246376811594203,137,138,1,0,137,137,18381,0,0,0,0,1
2020-09-26,US,Iowa,Johnson,5126,27,0,41.67169354,-91.58754744,19103.0,3391.557496360989,0.5267264923917284,5099,5100,27,0,5073,5086,151260,26,0,0,26,14
2020-09-26,US,Iowa,Jones,274,3,0,42.12118609,-91.13139641,19105.0,1324.8875779701175,1.094890510948905,271,269,3,0,266,264,20744,5,0,0,5,5
2020-09-26,US,Iowa,Keokuk,109,1,0,41.33649833,-92.1785067,19107.0,1063.8297872340424,0.9174311926605504,108,107,1,0,106,105,10225,2,0,0,2,2
2020-09-26,US,Iowa,Kossuth,270,0,0,43.20405458,-94.20691791,19109.0,1822.7232836022413,0.0,270,265,0,0,265,254,14908,5,0,0,5,11
2020-09-26,US,Iowa,Lee,637,7,0,40.64181461,-91.48183025,19111.0,1892.6226342217071,1.0989010989010992,630,624,7,0,617,620,34055,13,0,0,13,4
2020-09-26,US,Iowa,Linn,4010,111,0,42.07923082,-91.59809485,19113.0,1768.8107063774228,2.768079800498753,3899,3973,111,0,3862,3941,225909,37,0,0,37,32
2020-09-26,US,Iowa,Louisa,429,15,0,41.21842119,-91.26102611,19115.0,3887.630267331219,3.4965034965034967,414,428,15,0,413,428,11169,1,0,0,1,0
2020-09-26,US,Iowa,Lucas,156,6,0,41.02958964,-93.32780803,19117.0,1813.9534883720928,3.8461538461538463,150,156,6,0,150,153,8645,0,0,0,0,3
2020-09-26,US,Iowa,Lyon,326,4,0,43.38107862,-96.20926845,19119.0,2773.2879625691194,1.2269938650306749,322,318,4,0,314,307,11811,8,0,0,8,11
2020-09-26,US,Iowa,Madison,219,2,0,41.33081904,-94.01554631,19121.0,1340.4333455747335,0.9132420091324199,217,212,2,0,210,212,16249,7,0,0,7,0
2020-09-26,US,Iowa,Mahaska,412,19,0,41.33521503,-92.64083907,19123.0,1864.6752658972614,4.611650485436893,393,406,19,0,387,391,22000,6,0,0,6,15
2020-09-26,US,Iowa,Marion,763,7,0,41.33445101,-93.09934783,19125.0,2294.529816858629,0.9174311926605504,756,756,7,0,749,753,33407,7,0,0,7,3
2020-09-26,US,Iowa,Marshall,1784,34,0,42.03586837,-92.99908190000001,19127.0,4531.484162666057,1.9058295964125558,1750,1777,34,0,1743,1770,39981,7,0,0,7,7
2020-09-26,US,Iowa,Mills,180,1,0,41.03299766,-95.61920963,19129.0,1191.3429082004104,0.5555555555555556,179,178,1,0,177,177,15063,2,0,0,2,1
2020-09-26,US,Iowa,Mitchell,190,0,0,43.35638371,-92.78887719,19131.0,1794.8233515964484,0.0,190,189,0,0,189,188,10569,1,0,0,1,1
2020-09-26,US,Iowa,Monona,153,1,0,42.05220391,-95.95743843,19133.0,1775.9721416134644,0.6535947712418301,152,150,1,0,149,145,8679,3,0,0,3,5
2020-09-26,US,Iowa,Monroe,159,11,0,41.02988815,-92.8690667,19135.0,2063.0595562475673,6.918238993710692,148,157,10,0,147,157,7790,2,1,0,1,0
2020-09-26,US,Iowa,Montgomery,96,5,0,41.03018714,-95.15642896,19137.0,968.03468790965,5.208333333333333,91,92,5,0,87,90,10003,4,0,0,4,2
2020-09-26,US,Iowa,Muscatine,1108,55,0,41.48370744,-91.11216970000001,19139.0,2597.0373148321773,4.9638989169675085,1053,1100,54,0,1046,1091,42929,8,1,0,7,9
2020-09-26,US,Iowa,O'Brien,375,9,0,43.08310673,-95.62474482,19141.0,2726.677815749291,2.4,366,360,9,0,351,347,13840,15,0,0,15,13
2020-09-26,US,Iowa,Osceola,161,0,0,43.37824276,-95.62422844,19143.0,2702.2490768714333,0.0,161,157,0,0,157,151,6040,4,0,0,4,6
2020-09-26,US,Iowa,Page,170,0,0,40.7393172,-95.1497813,19145.0,1125.3061494671344,0.0,170,154,0,0,154,153,15249,16,0,0,16,1
2020-09-26,US,Iowa,Palo Alto,202,0,0,43.08193849,-94.67824621,19147.0,2273.2388026108483,0.0,202,188,0,0,188,183,8929,14,0,0,14,5
2020-09-26,US,Iowa,Plymouth,1141,21,0,42.737633,-96.21366621,19149.0,4531.914048536362,1.8404907975460123,1120,1122,20,0,1102,1104,25095,19,1,0,18,18
2020-09-26,US,Iowa,Pocahontas,159,2,0,42.73420133,-94.67862564,19151.0,2402.175555219822,1.2578616352201255,157,157,2,0,155,156,6740,2,0,0,2,1
2020-09-26,US,Iowa,Polk,15872,262,0,41.68679484,-93.57767461,19153.0,3238.1197198471527,1.6507056451612905,15610,15779,262,0,15517,15697,487204,93,0,0,93,82
2020-09-26,US,Iowa,Pottawattamie,2113,38,0,41.33640314,-95.53907776,19155.0,2267.0214363882155,1.7983909133932796,2075,2089,38,0,2051,2068,93533,24,0,0,24,21
2020-09-26,US,Iowa,Poweshiek,295,8,0,41.68625425,-92.53155731,19157.0,1594.2498919152615,2.7118644067796613,287,292,8,0,284,278,18699,3,0,0,3,14
2020-09-26,US,Iowa,Ringgold,50,2,0,40.73518949,-94.24368535,19159.0,1021.6591744993872,4.0,48,50,2,0,48,49,4968,0,0,0,0,1
2020-09-26,US,Iowa,Sac,250,0,0,42.38624071,-95.10547892,19161.0,2571.7518773788706,0.0,250,248,0,0,248,244,9719,2,0,0,2,4
2020-09-26,US,Iowa,Scott,3011,28,0,41.63935978,-90.61959493,19163.0,1741.0360639054486,0.9299236134174692,2983,2971,28,0,2943,2926,173283,40,0,0,40,45
2020-09-26,US,Iowa,Shelby,267,1,0,41.6850066,-95.31015553,19165.0,2331.063383970665,0.3745318352059925,266,265,1,0,264,258,11578,2,0,0,2,7
2020-09-26,US,Iowa,Sioux,1618,3,0,43.08221074,-96.17675679999999,19167.0,4642.088652990962,0.18541409147095175,1615,1565,3,0,1562,1504,34909,53,0,0,53,61
2020-09-26,US,Iowa,Story,3444,17,0,42.03621213,-93.46499005,19169.0,3546.23804277315,0.4936120789779326,3427,3429,17,0,3412,3405,98105,15,0,0,15,24
2020-09-26,US,Iowa,Tama,713,31,0,42.07991767,-92.53266945,19171.0,4230.449744867688,4.3478260869565215,682,708,31,0,677,704,16904,5,0,0,5,4
2020-09-26,US,Iowa,Taylor,130,1,0,40.73710579,-94.69778563,19173.0,2123.8359745139687,0.7692307692307693,129,127,1,0,126,127,6191,3,0,0,3,0
2020-09-26,US,Iowa,Unassigned,17,0,0,0.0,0.0,90019.0,0.0,0.0,17,7,0,0,7,4,,10,0,0,10,3
2020-09-26,US,Iowa,Union,135,3,0,41.0277278,-94.24234847,19175.0,1102.851074258639,2.2222222222222223,132,131,3,0,128,128,12359,4,0,0,4,3
2020-09-26,US,Iowa,Van Buren,114,1,0,40.75326764,-91.95017958,19177.0,1618.3986371379895,0.8771929824561403,113,114,1,0,113,113,7020,0,0,0,0,1
2020-09-26,US,Iowa,Wapello,1333,57,0,41.03064984,-92.40954728,19179.0,3811.9477251279695,4.276069017254313,1276,1328,57,0,1271,1314,35205,5,0,0,5,14
2020-09-26,US,Iowa,Warren,956,6,0,41.33559454,-93.56007641,19181.0,1857.5370147281697,0.6276150627615062,950,951,6,0,945,948,51056,5,0,0,5,3
2020-09-26,US,Iowa,Washington,459,11,0,41.33577126,-91.71725711,19183.0,2089.688140223082,2.396514161220044,448,456,11,0,445,453,22141,3,0,0,3,3
2020-09-26,US,Iowa,Wayne,86,2,0,40.73969028,-93.32752197,19185.0,1335.196398074833,2.3255813953488373,84,86,2,0,84,85,6401,0,0,0,0,1
2020-09-26,US,Iowa,Webster,1255,14,0,42.42853483,-94.17987389,19187.0,3495.432263814617,1.1155378486055776,1241,1251,14,0,1237,1216,36277,4,0,0,4,35
2020-09-26,US,Iowa,Winnebago,303,13,0,43.37751174,-93.73407298,19189.0,2926.405254008113,4.29042904290429,290,301,13,0,288,289,10518,2,0,0,2,12
2020-09-26,US,Iowa,Winneshiek,335,6,0,43.29094334,-91.84422722,19191.0,1675.7540893402027,1.791044776119403,329,330,6,0,324,324,20029,5,0,0,5,6
2020-09-26,US,Iowa,Woodbury,5447,64,0,42.38979414,-96.0459439,19193.0,5282.861493400061,1.174958692858454,5383,5356,64,0,5292,5263,102539,91,0,0,91,93
2020-09-26,US,Iowa,Worth,108,0,0,43.37750768,-93.26087602,19195.0,1463.2163663460235,0.0,108,107,0,0,107,104,7453,1,0,0,1,3
2020-09-26,US,Iowa,Wright,581,1,0,42.73305373,-93.73515113,19197.0,4625.059703868811,0.1721170395869191,580,581,1,0,580,572,12690,0,0,0,0,9
2020-09-26,US,Kansas,Allen,34,0,0,37.88582951,-95.30030847,20001.0,274.8807502627537,0.0,34,34,0,0,34,33,12444,0,0,0,0,1
2020-09-26,US,Kansas,Anderson,70,0,0,38.21413251,-95.29272815,20003.0,890.8119114278443,0.0,70,70,0,0,70,69,7878,0,0,0,0,1
2020-09-26,US,Kansas,Atchison,331,2,0,39.53185661,-95.30870026,20005.0,2059.354196478567,0.6042296072507553,329,331,2,0,329,307,16193,0,0,0,0,24
2020-09-26,US,Kansas,Barber,5,0,0,37.2288586,-98.68460053,20007.0,112.943302462164,0.0,5,5,0,0,5,6,4472,0,0,0,0,-1
2020-09-26,US,Kansas,Barton,498,7,0,38.47889676,-98.75636726,20009.0,1931.8049575235655,1.4056224899598393,491,498,7,0,491,447,26111,0,0,0,0,51
2020-09-26,US,Kansas,Bourbon,150,2,0,37.85508555,-94.84865997,20011.0,1032.0627494151643,1.3333333333333333,148,150,2,0,148,148,14653,0,0,0,0,2
2020-09-26,US,Kansas,Brown,120,3,0,39.82652589,-95.56421698,20013.0,1254.7051442910915,2.5,117,120,3,0,117,113,9598,0,0,0,0,7
2020-09-26,US,Kansas,Butler,529,3,0,37.78134351,-96.83878537,20015.0,790.6024420498869,0.5671077504725898,526,529,3,0,526,521,66765,0,0,0,0,8
2020-09-26,US,Kansas,Chase,81,1,0,38.30292938,-96.59563862,20017.0,3058.912386706949,1.2345679012345678,80,81,1,0,80,81,2629,0,0,0,0,0
2020-09-26,US,Kansas,Chautauqua,13,0,0,37.14994405,-96.2454192,20019.0,400.0,0.0,13,13,0,0,13,13,3309,0,0,0,0,0
2020-09-26,US,Kansas,Cherokee,494,7,0,37.16928494,-94.8462897,20021.0,2477.556547469783,1.4170040485829958,487,494,7,0,487,474,20015,0,0,0,0,20
2020-09-26,US,Kansas,Cheyenne,58,2,0,39.78580976,-101.7318201,20023.0,2182.913059841927,3.4482758620689653,56,58,2,0,56,58,2660,0,0,0,0,0
2020-09-26,US,Kansas,Clark,48,1,0,37.23577007,-99.81883015,20025.0,2407.221664994985,2.083333333333333,47,48,1,0,47,48,2005,0,0,0,0,0
2020-09-26,US,Kansas,Clay,48,2,0,39.34948772,-97.16518128,20027.0,599.8500374906272,4.166666666666667,46,48,2,0,46,47,7997,0,0,0,0,1
2020-09-26,US,Kansas,Cloud,67,0,0,39.48028352,-97.64925343,20029.0,762.5768267698611,0.0,67,67,0,0,67,64,8729,0,0,0,0,3
2020-09-26,US,Kansas,Coffey,115,8,0,38.2365018,-95.73379515,20031.0,1406.039858173371,6.956521739130435,107,115,8,0,107,115,8233,0,0,0,0,0
2020-09-26,US,Kansas,Comanche,11,0,0,37.19114520000001,-99.27113247,20033.0,647.0588235294118,0.0,11,11,0,0,11,11,1748,0,0,0,0,0
2020-09-26,US,Kansas,Cowley,358,5,0,37.23781842,-96.83776647,20035.0,1025.5528818608914,1.3966480446927374,353,358,5,0,353,346,35218,0,0,0,0,12
2020-09-26,US,Kansas,Crawford,1041,8,0,37.50675523,-94.85245778,20037.0,2681.7455819465195,0.7684918347742555,1033,1041,8,0,1033,978,39019,0,0,0,0,63
2020-09-26,US,Kansas,Decatur,21,0,0,39.78468441,-100.45940809999999,20039.0,742.8369296073578,0.0,21,21,0,0,21,21,2871,0,0,0,0,0
2020-09-26,US,Kansas,Dickinson,188,1,0,38.86600962,-97.15532383,20041.0,1018.0872955702373,0.5319148936170213,187,188,1,0,187,161,18717,0,0,0,0,27
2020-09-26,US,Kansas,Doniphan,110,0,0,39.79067154,-95.14056866,20043.0,1447.3684210526314,0.0,110,110,0,0,110,105,7682,0,0,0,0,5
2020-09-26,US,Kansas,Douglas,2177,10,0,38.88503636,-95.2925121,20045.0,1780.6460056110388,0.4593477262287552,2167,2177,10,0,2167,2152,121436,0,0,0,0,25
2020-09-26,US,Kansas,Edwards,47,0,0,37.88735543,-99.31263309,20047.0,1679.771265189421,0.0,47,47,0,0,47,47,2849,0,0,0,0,0
2020-09-26,US,Kansas,Elk,1,0,0,37.45338105,-96.24369667,20049.0,39.52569169960474,0.0,1,1,0,0,1,1,2508,0,0,0,0,0
2020-09-26,US,Kansas,Ellis,974,3,0,38.91458712,-99.31751551,20051.0,3411.2002241445725,0.3080082135523614,971,974,3,0,971,926,28710,0,0,0,0,48
2020-09-26,US,Kansas,Ellsworth,32,0,0,38.69677695,-98.20462799,20053.0,524.4182235332678,0.0,32,32,0,0,32,32,6196,0,0,0,0,0
2020-09-26,US,Kansas,Finney,2134,12,0,38.04340344,-100.73819379999999,20055.0,5851.866070694052,0.5623242736644799,2122,2134,12,0,2122,2108,36611,0,0,0,0,26
2020-09-26,US,Kansas,Ford,2760,10,0,37.69200114,-99.88825298,20057.0,8209.643356435348,0.3623188405797101,2750,2760,10,0,2750,2718,33888,0,0,0,0,42
2020-09-26,US,Kansas,Franklin,347,3,0,38.56443815,-95.28644341,20059.0,1358.4403382398998,0.8645533141210374,344,347,3,0,344,328,25631,0,0,0,0,19
2020-09-26,US,Kansas,Geary,302,2,0,38.99871131,-96.7577178,20061.0,953.5838332807073,0.6622516556291391,300,302,2,0,300,295,32594,0,0,0,0,7
2020-09-26,US,Kansas,Gove,33,0,0,38.91588178,-100.4829321,20063.0,1251.896813353566,0.0,33,33,0,0,33,33,2612,0,0,0,0,0
2020-09-26,US,Kansas,Graham,37,1,0,39.34987223,-99.88332493,20065.0,1490.7332796132152,2.702702702702702,36,37,1,0,36,37,2492,0,0,0,0,0
2020-09-26,US,Kansas,Grant,272,5,0,37.56227336,-101.3079758,20067.0,3804.1958041958037,1.8382352941176472,267,268,5,0,263,268,7336,4,0,0,4,0
2020-09-26,US,Kansas,Gray,136,0,0,37.73836671,-100.4369088,20069.0,2271.2090848363396,0.0,136,136,0,0,136,122,6033,0,0,0,0,14
2020-09-26,US,Kansas,Greeley,7,0,0,38.4808095,-101.8061079,20071.0,568.1818181818181,0.0,7,7,0,0,7,7,1227,0,0,0,0,0
2020-09-26,US,Kansas,Greenwood,47,0,0,37.8774388,-96.23250453,20073.0,785.6904045469742,0.0,47,47,0,0,47,47,6055,0,0,0,0,0
2020-09-26,US,Kansas,Hamilton,44,0,0,37.99978709,-101.7921066,20075.0,1732.965734541158,0.0,44,44,0,0,44,43,2607,0,0,0,0,1
2020-09-26,US,Kansas,Harper,120,2,0,37.19175361,-98.07578384,20077.0,2207.5055187637968,1.6666666666666667,118,120,2,0,118,120,5506,0,0,0,0,0
2020-09-26,US,Kansas,Harvey,352,7,0,38.04293782,-97.42747573,20079.0,1022.3939121089779,1.9886363636363635,345,352,7,0,345,346,34210,0,0,0,0,6
2020-09-26,US,Kansas,Haskell,103,1,0,37.562039399999996,-100.8710738,20081.0,2595.766129032258,0.9708737864077671,102,103,1,0,102,103,3997,0,0,0,0,0
2020-09-26,US,Kansas,Hodgeman,22,0,0,38.08780079,-99.89829881,20083.0,1226.3099219620958,0.0,22,22,0,0,22,22,1818,0,0,0,0,0
2020-09-26,US,Kansas,Jackson,237,2,0,39.41673394,-95.79356799,20085.0,1799.4077898413184,0.8438818565400844,235,237,2,0,235,237,13280,0,0,0,0,0
2020-09-26,US,Kansas,Jefferson,187,4,0,39.2347941,-95.38289232,20087.0,981.9881321220396,2.1390374331550803,183,187,4,0,183,187,18975,0,0,0,0,0
2020-09-26,US,Kansas,Jewell,17,1,0,39.78470589,-98.21820662,20089.0,590.4828065300452,5.882352941176472,16,17,1,0,16,16,2841,0,0,0,0,1
2020-09-26,US,Kansas,Johnson,10873,146,0,38.88548175,-94.82250877,20091.0,1804.9438828952807,1.3427756828842086,10727,10773,146,0,10627,10556,597555,100,0,0,100,217
2020-09-26,US,Kansas,Kearny,95,1,0,38.00017981,-101.32168100000001,20093.0,2475.247524752476,1.0526315789473684,94,95,1,0,94,95,3943,0,0,0,0,0
2020-09-26,US,Kansas,Kingman,85,1,0,37.55909527,-98.13638678,20095.0,1188.4787472035796,1.1764705882352942,84,85,1,0,84,78,7310,0,0,0,0,7
2020-09-26,US,Kansas,Kiowa,24,0,0,37.55848695,-99.2856537,20097.0,969.6969696969696,0.0,24,24,0,0,24,24,2516,0,0,0,0,0
2020-09-26,US,Kansas,Labette,237,4,0,37.19113093,-95.29849679,20099.0,1208.0742175553066,1.6877637130801688,233,237,4,0,233,233,19964,0,0,0,0,4
2020-09-26,US,Kansas,Lane,13,0,0,38.48119447,-100.46607540000001,20101.0,846.9055374592834,0.0,13,13,0,0,13,13,1560,0,0,0,0,0
2020-09-26,US,Kansas,Leavenworth,2039,11,0,39.20183497,-95.03620809,20103.0,2493.9455466131753,0.5394801373222168,2028,2039,11,0,2028,1965,81352,0,0,0,0,74
2020-09-26,US,Kansas,Lincoln,12,0,0,39.04549684,-98.20756994,20105.0,405.1316677920324,0.0,12,12,0,0,12,12,3023,0,0,0,0,0
2020-09-26,US,Kansas,Linn,71,0,0,38.21267844,-94.84254089,20107.0,731.7324538802433,0.0,71,71,0,0,71,70,9750,0,0,0,0,1
2020-09-26,US,Kansas,Logan,7,0,0,38.91735806,-101.148475,20109.0,250.53686471009303,0.0,7,7,0,0,7,7,2844,0,0,0,0,0
2020-09-26,US,Kansas,Lyon,1112,33,0,38.45576156,-96.15275715,20111.0,3349.902093688809,2.967625899280576,1079,1112,33,0,1079,1105,33406,0,0,0,0,7
2020-09-26,US,Kansas,Marion,76,1,0,38.35855394,-97.09852509999999,20115.0,639.5153147088522,1.3157894736842106,75,76,1,0,75,72,11950,0,0,0,0,4
2020-09-26,US,Kansas,Marshall,23,0,0,39.78359669,-96.52278974,20117.0,236.94241269187182,0.0,23,23,0,0,23,20,9722,0,0,0,0,3
2020-09-26,US,Kansas,McPherson,277,1,0,38.39184858,-97.64769869,20113.0,970.4996146030412,0.36101083032490977,276,277,1,0,276,277,28537,0,0,0,0,0
2020-09-26,US,Kansas,Meade,114,1,0,37.23859987,-100.36483100000001,20119.0,2826.6798909000745,0.8771929824561403,113,114,1,0,113,108,4146,0,0,0,0,6
2020-09-26,US,Kansas,Miami,357,1,0,38.56383358,-94.83832189,20121.0,1042.7315477407485,0.2801120448179272,356,357,1,0,356,357,33680,0,0,0,0,0
2020-09-26,US,Kansas,Mitchell,45,0,0,39.39331582,-98.20906732,20123.0,752.6342197691922,0.0,45,45,0,0,45,45,6150,0,0,0,0,0
2020-09-26,US,Kansas,Montgomery,407,6,0,37.19236568,-95.74329258,20125.0,1278.7080963900846,1.4742014742014742,401,407,6,0,401,386,32120,0,0,0,0,21
2020-09-26,US,Kansas,Morris,33,0,0,38.68827511,-96.65128437,20127.0,587.1886120996443,0.0,33,33,0,0,33,29,5521,0,0,0,0,4
2020-09-26,US,Kansas,Morton,15,2,0,37.19141121,-101.79925190000002,20129.0,579.8221878623889,13.333333333333336,13,15,2,0,13,15,2667,0,0,0,0,0
2020-09-26,US,Kansas,Nemaha,100,1,0,39.78345387,-96.01392079,20131.0,977.421561919656,1.0,99,100,1,0,99,100,10155,0,0,0,0,0
2020-09-26,US,Kansas,Neosho,173,0,0,37.55862897,-95.30670046,20133.0,1080.7771599925034,0.0,173,173,0,0,173,166,15951,0,0,0,0,7
2020-09-26,US,Kansas,Ness,82,7,0,38.47974157,-99.91547333,20135.0,2981.818181818182,8.536585365853659,75,82,7,0,75,70,2840,0,0,0,0,12
2020-09-26,US,Kansas,Norton,31,0,0,39.78443827,-99.90286639,20137.0,578.2503264316359,0.0,31,31,0,0,31,30,5430,0,0,0,0,1
2020-09-26,US,Kansas,Osage,104,0,0,38.65235984,-95.72707998,20139.0,652.0785002194498,0.0,104,104,0,0,104,96,15941,0,0,0,0,8
2020-09-26,US,Kansas,Osborne,6,0,0,39.3503437,-98.76753828,20141.0,175.38731365097922,0.0,6,6,0,0,6,5,3475,0,0,0,0,1
2020-09-26,US,Kansas,Ottawa,53,0,0,39.13237408,-97.65020313,20143.0,929.172510518934,0.0,53,53,0,0,53,52,5802,0,0,0,0,1
2020-09-26,US,Kansas,Pawnee,414,1,0,38.18108732,-99.23692334,20145.0,6454.630495790459,0.24154589371980675,413,414,1,0,413,414,6562,0,0,0,0,0
2020-09-26,US,Kansas,Phillips,116,8,0,39.78465501,-99.34668865,20147.0,2216.278181123424,6.896551724137932,108,116,8,0,108,113,5317,0,0,0,0,3
2020-09-26,US,Kansas,Pottawatomie,245,0,0,39.37925655,-96.34564657,20149.0,1004.7984251322642,0.0,245,245,0,0,245,245,24277,0,0,0,0,0
2020-09-26,US,Kansas,Pratt,72,0,0,37.64780729,-98.73922153,20151.0,785.6831078131821,0.0,72,72,0,0,72,69,9378,0,0,0,0,3
2020-09-26,US,Kansas,Rawlins,22,0,0,39.78525843,-101.07616170000001,20153.0,869.5652173913044,0.0,22,22,0,0,22,8,2508,0,0,0,0,14
2020-09-26,US,Kansas,Reno,1056,3,0,37.95230263,-98.08607292,20155.0,1703.2807509919676,0.2840909090909091,1053,1046,3,0,1043,1020,62342,10,0,0,10,26
2020-09-26,US,Kansas,Republic,48,1,0,39.82799632,-97.65036709,20157.0,1035.3753235547886,2.083333333333333,47,48,1,0,47,48,4664,0,0,0,0,0
2020-09-26,US,Kansas,Rice,77,1,0,38.34616184,-98.19992118,20159.0,807.3817762399077,1.2987012987012987,76,77,1,0,76,73,9531,0,0,0,0,4
2020-09-26,US,Kansas,Riley,1807,8,0,39.28935726,-96.73420026,20161.0,2434.260157344541,0.4427227448810183,1799,1807,8,0,1799,1734,73703,0,0,0,0,73
2020-09-26,US,Kansas,Rooks,70,0,0,39.35022773,-99.32484567,20163.0,1422.7642276422766,0.0,70,70,0,0,70,61,5013,0,0,0,0,9
2020-09-26,US,Kansas,Rush,42,0,0,38.52275276,-99.30863983,20165.0,1383.399209486166,0.0,42,42,0,0,42,42,3093,0,0,0,0,0
2020-09-26,US,Kansas,Russell,83,0,0,38.91462787,-98.76254297,20167.0,1210.6184364060678,0.0,83,83,0,0,83,83,6907,0,0,0,0,0
2020-09-26,US,Kansas,Saline,724,11,0,38.78369175,-97.65185177,20169.0,1335.2021245205076,1.5193370165745856,713,724,11,0,713,697,54401,0,0,0,0,27
2020-09-26,US,Kansas,Scott,108,1,0,38.48222076,-100.90665390000001,20171.0,2239.270163798465,0.925925925925926,107,108,1,0,107,108,4897,0,0,0,0,0
2020-09-26,US,Kansas,Sedgwick,8394,86,0,37.6842718,-97.4608198,20173.0,1626.6117874126526,1.0245413390517035,8308,8321,86,0,8235,8254,513607,73,0,0,73,67
2020-09-26,US,Kansas,Seward,1708,5,0,37.19324632,-100.85072009999999,20175.0,7970.87922344596,0.2927400468384075,1703,1708,5,0,1703,1695,21780,0,0,0,0,13
2020-09-26,US,Kansas,Shawnee,2681,32,0,39.04100763,-95.75572640000001,20177.0,1515.7597173144877,1.1935844834017155,2649,2681,32,0,2649,2644,177499,0,0,0,0,37
2020-09-26,US,Kansas,Sheridan,15,0,0,39.35018161,-100.44182590000001,20179.0,595.0019833399442,0.0,15,15,0,0,15,13,2533,0,0,0,0,2
2020-09-26,US,Kansas,Sherman,31,0,0,39.35147699,-101.71976240000001,20181.0,523.9141456819334,0.0,31,31,0,0,31,30,5899,0,0,0,0,1
2020-09-26,US,Kansas,Smith,7,0,0,39.78516566,-98.78566062,20183.0,195.36701088473347,0.0,7,7,0,0,7,6,3603,0,0,0,0,1
2020-09-26,US,Kansas,Stafford,56,1,0,38.03100851,-98.71762001,20185.0,1347.4494706448509,1.7857142857142858,55,56,1,0,55,56,4178,0,0,0,0,0
2020-09-26,US,Kansas,Stanton,48,2,0,37.56304714,-101.78435340000001,20187.0,2392.8215353938185,4.166666666666667,46,48,2,0,46,48,1987,0,0,0,0,0
2020-09-26,US,Kansas,Stevens,144,1,0,37.1923008,-101.3118967,20189.0,2625.341841385597,0.6944444444444444,143,144,1,0,143,137,5559,0,0,0,0,7
2020-09-26,US,Kansas,Sumner,195,3,0,37.23682549,-97.47721621,20191.0,853.9148712559117,1.5384615384615383,192,195,3,0,192,183,22996,0,0,0,0,12
2020-09-26,US,Kansas,Thomas,126,0,0,39.35107575,-101.0553705,20193.0,1620.1620162016202,0.0,126,126,0,0,126,126,7711,0,0,0,0,0
2020-09-26,US,Kansas,Trego,57,3,0,38.91467218,-99.87284448,20195.0,2033.5354976810559,5.2631578947368425,54,57,3,0,54,53,2793,0,0,0,0,4
2020-09-26,US,Kansas,Wabaunsee,67,1,0,38.95471985,-96.20350509,20197.0,966.6714759774924,1.492537313432836,66,67,1,0,66,67,6899,0,0,0,0,0
2020-09-26,US,Kansas,Wallace,17,0,0,38.91686134,-101.76388759999999,20199.0,1119.8945981554677,0.0,17,17,0,0,17,17,1503,0,0,0,0,0
2020-09-26,US,Kansas,Washington,17,0,0,39.78420784,-97.08753229999999,20201.0,314.46540880503153,0.0,17,17,0,0,17,17,5420,0,0,0,0,0
2020-09-26,US,Kansas,Wichita,6,0,0,38.48178252,-101.3471509,20203.0,283.15243039169417,0.0,6,6,0,0,6,6,2105,0,0,0,0,0
2020-09-26,US,Kansas,Wilson,59,2,0,37.55937174,-95.74323255,20205.0,692.0821114369502,3.3898305084745757,57,59,2,0,57,59,8665,0,0,0,0,0
2020-09-26,US,Kansas,Woodson,15,0,0,37.8865336,-95.74006277,20207.0,478.0114722753346,0.0,15,15,0,0,15,15,3183,0,0,0,0,0
2020-09-26,US,Kansas,Wyandotte,6884,134,0,39.11727348,-94.76378225,20209.0,4161.30182737005,1.946542707728065,6750,6843,134,0,6709,6804,165324,41,0,0,41,39
2020-09-26,US,Kentucky,Adair,309,19,0,37.10459774,-85.28129668,21001.0,1609.207374231851,6.148867313915857,290,308,19,0,289,307,19215,1,0,0,1,1
2020-09-26,US,Kentucky,Allen,336,9,0,36.75197631,-86.19457544,21003.0,1576.3546798029556,2.6785714285714284,327,328,9,0,319,321,21122,8,0,0,8,7
2020-09-26,US,Kentucky,Anderson,160,1,0,38.00671029,-84.99171713,21005.0,703.3894579504988,0.625,159,155,1,0,154,152,22663,5,0,0,5,3
2020-09-26,US,Kentucky,Ballard,56,1,0,37.05842757,-88.99427697,21007.0,709.9391480730224,1.7857142857142858,55,56,1,0,55,55,7979,0,0,0,0,1
2020-09-26,US,Kentucky,Barren,754,13,0,36.96469836,-85.93338945,21009.0,1703.9933105832902,1.7241379310344829,741,747,13,0,734,739,44176,7,0,0,7,8
2020-09-26,US,Kentucky,Bath,88,1,0,38.14735938,-83.74588932,21011.0,704.0,1.1363636363636365,87,87,1,0,86,87,12383,1,0,0,1,0
2020-09-26,US,Kentucky,Bell,492,13,0,36.73355174,-83.67766671,21013.0,1889.9815611555007,2.6422764227642275,479,490,13,0,477,482,26569,2,0,0,2,8
2020-09-26,US,Kentucky,Boone,1567,25,0,38.97065142,-84.72615357,21015.0,1173.071020579274,1.5954052329291641,1542,1550,25,0,1525,1542,131533,17,0,0,17,8
2020-09-26,US,Kentucky,Bourbon,191,1,0,38.2054607,-84.21827874,21017.0,965.2314534061047,0.5235602094240838,190,186,1,0,185,180,20184,5,0,0,5,6
2020-09-26,US,Kentucky,Boyd,439,8,0,38.36176608,-82.68652187,21019.0,939.6806370135707,1.8223234624145783,431,426,6,0,420,419,47240,13,2,0,11,7
2020-09-26,US,Kentucky,Boyle,282,0,0,37.62680923,-84.8633779,21021.0,938.12375249501,0.0,282,276,0,0,276,273,30100,6,0,0,6,3
2020-09-26,US,Kentucky,Bracken,41,0,0,38.69158994,-84.08532444,21023.0,493.7974226183307,0.0,41,40,0,0,40,40,8239,1,0,0,1,0
2020-09-26,US,Kentucky,Breathitt,87,0,0,37.52333168,-83.31959161,21025.0,688.8361045130641,0.0,87,87,0,0,87,84,12726,0,0,0,0,3
2020-09-26,US,Kentucky,Breckinridge,136,2,0,37.77377239,-86.42885017,21027.0,664.1597890315966,1.4705882352941178,134,135,2,0,133,133,20388,1,0,0,1,2
2020-09-26,US,Kentucky,Bullitt,880,9,0,37.97162523,-85.68955617,21029.0,1077.427885792644,1.0227272727272727,871,860,9,0,851,852,81069,20,0,0,20,8
2020-09-26,US,Kentucky,Butler,340,16,0,37.20946153,-86.68748787,21031.0,2639.956518363227,4.705882352941177,324,336,16,0,320,337,12772,4,0,0,4,-1
2020-09-26,US,Kentucky,Caldwell,156,0,0,37.14749129,-87.86948214,21033.0,1223.8173687926574,0.0,156,152,0,0,152,149,12715,4,0,0,4,3
2020-09-26,US,Kentucky,Calloway,580,8,0,36.62093411,-88.2731593,21035.0,1487.1413553498624,1.3793103448275863,572,568,8,0,560,559,39135,12,0,0,12,9
2020-09-26,US,Kentucky,Campbell,870,16,0,38.94384345,-84.37875208,21037.0,929.6460933492904,1.839080459770115,854,864,17,0,847,851,93152,6,-1,0,7,13
2020-09-26,US,Kentucky,Carlisle,79,1,0,36.85372876,-88.96692220000001,21039.0,1659.6638655462186,1.2658227848101269,78,79,1,0,78,77,4771,0,0,0,0,2
2020-09-26,US,Kentucky,Carroll,199,5,0,38.66599534,-85.12601074,21041.0,1871.884112501176,2.512562814070352,194,199,5,0,194,196,10737,0,0,0,0,3
2020-09-26,US,Kentucky,Carter,181,3,0,38.31690743,-83.05092385,21043.0,675.4487442624172,1.6574585635359116,178,173,3,0,170,172,27004,8,0,0,8,1
2020-09-26,US,Kentucky,Casey,271,15,0,37.32533118,-84.92726209,21045.0,1677.0839779689338,5.535055350553505,256,269,15,0,254,269,15888,2,0,0,2,0
2020-09-26,US,Kentucky,Christian,1298,21,0,36.89267803,-87.49055367,21047.0,1842.153815585927,1.6178736517719567,1277,1278,20,0,1258,1254,71671,20,1,0,19,24
2020-09-26,US,Kentucky,Clark,313,8,0,37.9689263,-84.14615986,21049.0,863.138736453134,2.5559105431309903,305,309,8,0,301,309,36249,4,0,0,4,0
2020-09-26,US,Kentucky,Clay,324,6,0,37.16451126,-83.712575,21051.0,1628.0588915129892,1.851851851851852,318,317,6,0,311,306,20105,7,0,0,7,11
2020-09-26,US,Kentucky,Clinton,119,2,0,36.72581156,-85.13377529,21053.0,1164.6114699549814,1.680672268907563,117,114,2,0,112,111,10206,5,0,0,5,3
2020-09-26,US,Kentucky,Crittenden,121,1,0,37.35839237,-88.08826090000002,21055.0,1374.0631387690214,0.8264462809917356,120,121,1,0,120,121,8915,0,0,0,0,0
2020-09-26,US,Kentucky,Cumberland,102,0,0,36.78926125,-85.39050034,21057.0,1542.1832476564862,0.0,102,101,0,0,101,101,6659,1,0,0,1,0
2020-09-26,US,Kentucky,Daviess,1372,14,0,37.73028906,-87.09019479999998,21059.0,1351.577661534218,1.020408163265306,1358,1359,14,0,1345,1329,101104,13,0,0,13,30
2020-09-26,US,Kentucky,Edmonson,135,12,0,37.21218923,-86.23955613,21061.0,1111.111111111111,8.888888888888891,123,134,12,0,122,132,12274,1,0,0,1,2
2020-09-26,US,Kentucky,Elliott,39,0,0,38.11624059,-83.09771563,21063.0,518.8239989357456,0.0,39,39,0,0,39,39,7508,0,0,0,0,0
2020-09-26,US,Kentucky,Estill,154,0,0,37.69241417,-83.95956369,21065.0,1091.7340138947966,0.0,154,152,0,0,152,151,14198,2,0,0,2,1
2020-09-26,US,Kentucky,Fayette,5993,72,0,38.0368225,-84.45576892,21067.0,1854.5452294895279,1.2014016352411143,5921,5885,72,0,5813,5803,323780,108,0,0,108,82
2020-09-26,US,Kentucky,Fleming,84,0,0,38.36758311,-83.69657514,21069.0,576.0921747479598,0.0,84,84,0,0,84,83,14432,0,0,0,0,1
2020-09-26,US,Kentucky,Floyd,180,2,0,37.56213922,-82.74750924,21071.0,505.774256090365,1.1111111111111112,178,179,2,0,177,179,35845,1,0,0,1,0
2020-09-26,US,Kentucky,Franklin,653,12,0,38.2379395,-84.87962551,21073.0,1280.6181483006806,1.8376722817764168,641,635,11,0,624,628,50815,18,1,0,17,7
2020-09-26,US,Kentucky,Fulton,145,3,0,36.55238827,-89.20140068,21075.0,2429.217624392696,2.0689655172413794,142,145,3,0,142,143,6120,0,0,0,0,2
2020-09-26,US,Kentucky,Gallatin,99,8,0,38.75398691,-84.8558382,21077.0,1116.2476040139813,8.080808080808081,91,99,8,0,91,98,8832,0,0,0,0,1
2020-09-26,US,Kentucky,Garrard,157,3,0,37.638866799999995,-84.53289319,21079.0,888.7127816144008,1.9108280254777068,154,154,3,0,151,152,17560,3,0,0,3,2
2020-09-26,US,Kentucky,Grant,163,6,0,38.64962758,-84.62415957,21081.0,650.2054330049065,3.6809815950920246,157,161,6,0,155,159,25121,2,0,0,2,2
2020-09-26,US,Kentucky,Graves,731,29,0,36.72292505,-88.65143315,21083.0,1961.5735522996843,3.967168262653898,702,729,29,0,700,727,37317,2,0,0,2,2
2020-09-26,US,Kentucky,Grayson,400,14,0,37.46231118,-86.34248968,21085.0,1513.6035115601474,3.5,386,392,14,0,378,385,26321,8,0,0,8,7
2020-09-26,US,Kentucky,Green,265,8,0,37.26484328,-85.5540745,21087.0,2422.0820765926333,3.018867924528302,257,262,8,0,254,260,11049,3,0,0,3,2
2020-09-26,US,Kentucky,Greenup,404,4,0,38.54332505,-82.9215658,21089.0,1151.062738617585,0.99009900990099,400,396,4,0,392,383,35268,8,0,0,8,13
2020-09-26,US,Kentucky,Hancock,81,0,0,37.83766422,-86.78280584,21091.0,928.6860811740428,0.0,81,80,0,0,80,79,8758,1,0,0,1,1
2020-09-26,US,Kentucky,Hardin,1299,11,0,37.6976111,-85.96319251,21093.0,1170.7132428486455,0.8468052347959969,1288,1287,11,0,1276,1268,110356,12,0,0,12,19
2020-09-26,US,Kentucky,Harlan,390,10,0,36.85699301,-83.21899516,21095.0,1499.4232987312573,2.5641025641025643,380,382,10,0,372,373,26409,8,0,0,8,9
2020-09-26,US,Kentucky,Harrison,177,0,0,38.44188174,-84.32869741,21097.0,937.2021603304034,0.0,177,176,0,0,176,172,18778,1,0,0,1,4
2020-09-26,US,Kentucky,Hart,172,1,0,37.29943898,-85.88461055,21099.0,903.5986340950881,0.5813953488372093,171,172,1,0,171,171,18906,0,0,0,0,1
2020-09-26,US,Kentucky,Henderson,742,3,0,37.79344553,-87.57392021,21101.0,1641.229816412298,0.4043126684636119,739,707,3,0,704,690,45591,35,0,0,35,17
2020-09-26,US,Kentucky,Henry,195,2,0,38.44942688,-85.11587507,21103.0,1209.227334738931,1.0256410256410255,193,194,2,0,192,188,16106,1,0,0,1,6
2020-09-26,US,Kentucky,Hickman,77,0,0,36.67948079999999,-88.97875928,21105.0,1757.9908675799084,0.0,77,77,0,0,77,77,4421,0,0,0,0,0
2020-09-26,US,Kentucky,Hopkins,628,39,0,37.30939025,-87.54670406,21107.0,1405.361858300139,6.210191082802549,589,626,39,0,587,618,45068,2,0,0,2,8
2020-09-26,US,Kentucky,Jackson,367,17,0,37.41866422,-83.99825483,21109.0,2753.3948533273315,4.632152588555858,350,364,17,0,347,361,13442,3,0,0,3,3
2020-09-26,US,Kentucky,Jefferson,15418,304,0,38.18664655,-85.65931031,21111.0,2010.8065527931274,1.9717213646387342,15114,15184,304,0,14880,14990,770517,234,0,0,234,194
2020-09-26,US,Kentucky,Jessamine,599,0,0,37.87119786,-84.58252003,21113.0,1106.901968031045,0.0,599,589,0,0,589,582,53920,10,0,0,10,7
2020-09-26,US,Kentucky,Johnson,155,1,0,37.85106355,-82.8264322,21115.0,698.5758067423833,0.6451612903225806,154,150,1,0,149,147,22386,5,0,0,5,3
2020-09-26,US,Kentucky,Kenton,2021,46,0,38.93950319,-84.53241199,21117.0,1210.1941340614858,2.2761009401286487,1975,2005,45,0,1960,1990,166051,16,1,0,15,15
2020-09-26,US,Kentucky,Knott,201,1,0,37.35388197,-82.94981134,21119.0,1357.5577468593813,0.4975124378109453,200,198,1,0,197,183,15126,3,0,0,3,15
2020-09-26,US,Kentucky,Knox,492,9,0,36.89225732,-83.85403396,21121.0,1579.7078182693854,1.8292682926829267,483,477,9,0,468,465,31304,15,0,0,15,12
2020-09-26,US,Kentucky,Larue,122,1,0,37.54567114,-85.70138352,21123.0,847.3399083206001,0.819672131147541,121,114,1,0,113,113,14307,8,0,0,8,1
2020-09-26,US,Kentucky,Laurel,878,6,0,37.10975748,-84.11321779,21125.0,1443.7702464933484,0.683371298405467,872,851,6,0,845,825,60669,27,0,0,27,26
2020-09-26,US,Kentucky,Lawrence,56,0,0,38.07136018,-82.72882223,21127.0,365.6068420709016,0.0,56,56,0,0,56,56,15571,0,0,0,0,0
2020-09-26,US,Kentucky,Lee,17,0,0,37.59645942,-83.71513901,21129.0,229.6366337971093,0.0,17,17,0,0,17,17,7033,0,0,0,0,0
2020-09-26,US,Kentucky,Leslie,72,0,0,37.09246661,-83.37999606,21131.0,728.9662853093045,0.0,72,70,0,0,70,66,10143,2,0,0,2,4
2020-09-26,US,Kentucky,Letcher,145,2,0,37.12306748,-82.85346474,21133.0,672.7601725977823,1.3793103448275863,143,137,2,0,135,132,21899,8,0,0,8,5
2020-09-26,US,Kentucky,Lewis,221,14,0,38.53184419,-83.37735618,21135.0,1664.7834274952918,6.334841628959277,207,221,14,0,207,220,13257,0,0,0,0,1
2020-09-26,US,Kentucky,Lincoln,192,13,0,37.45475628,-84.6565327,21137.0,782.1092508859831,6.770833333333332,179,188,13,0,175,186,24644,4,0,0,4,2
2020-09-26,US,Kentucky,Livingston,87,1,0,37.21137452,-88.34797529,21139.0,946.2693060691755,1.1494252873563218,86,87,1,0,86,86,9242,0,0,0,0,1
2020-09-26,US,Kentucky,Logan,551,28,0,36.85949479,-86.877635,21141.0,2033.0602907534494,5.081669691470053,523,548,28,0,520,539,26989,3,0,0,3,9
2020-09-26,US,Kentucky,Lyon,70,4,0,37.02080035,-88.07886257,21143.0,852.6187576126674,5.7142857142857135,66,70,4,0,66,69,8009,0,0,0,0,1
2020-09-26,US,Kentucky,Madison,1730,7,0,37.71659336,-84.27220275,21151.0,1860.4751201780894,0.4046242774566474,1723,1724,7,0,1717,1696,92368,6,0,0,6,28
2020-09-26,US,Kentucky,Magoffin,84,0,0,37.70820545,-83.0657714,21153.0,690.73267001069,0.0,84,83,0,0,83,81,12362,1,0,0,1,2
2020-09-26,US,Kentucky,Marion,225,8,0,37.55218078,-85.26898542,21155.0,1167.4363098635395,3.555555555555556,217,223,8,0,215,219,19404,2,0,0,2,4
2020-09-26,US,Kentucky,Marshall,299,4,0,36.88007070000001,-88.32803576,21157.0,961.4147909967844,1.3377926421404682,295,297,4,0,293,290,31191,2,0,0,2,7
2020-09-26,US,Kentucky,Martin,78,3,0,37.79990579,-82.51247478,21159.0,696.7396158999553,3.8461538461538463,75,77,3,0,74,76,11323,1,0,0,1,1
2020-09-26,US,Kentucky,Mason,123,2,0,38.59471935,-83.82151043,21161.0,720.5623901581723,1.6260162601626016,121,122,2,0,120,122,17150,1,0,0,1,0
2020-09-26,US,Kentucky,McCracken,725,10,0,37.05350953,-88.70445755,21145.0,1108.2576660857867,1.3793103448275863,715,714,10,0,704,701,65346,11,0,0,11,13
2020-09-26,US,Kentucky,McCreary,162,0,0,36.73874143,-84.48102924,21147.0,940.1659799199118,0.0,162,153,0,0,153,147,17408,9,0,0,9,6
2020-09-26,US,Kentucky,McLean,76,1,0,37.5301951,-87.26803443,21149.0,825.458889975019,1.3157894736842106,75,77,1,0,76,74,9252,-1,0,0,-1,3
2020-09-26,US,Kentucky,Meade,215,3,0,37.96163597,-86.21028219,21163.0,752.484950300994,1.3953488372093024,212,212,3,0,209,208,28715,3,0,0,3,4
2020-09-26,US,Kentucky,Menifee,46,0,0,37.94090733,-83.59985712,21165.0,708.8919710278932,0.0,46,45,0,0,45,44,6451,1,0,0,1,1
2020-09-26,US,Kentucky,Mercer,235,2,0,37.81474237,-84.87488475,21167.0,1071.444854785027,0.851063829787234,233,218,2,0,216,205,21774,17,0,0,17,13
2020-09-26,US,Kentucky,Metcalfe,112,2,0,36.99459295,-85.63123699,21169.0,1112.1040611657234,1.7857142857142858,110,111,2,0,109,110,10030,1,0,0,1,1
2020-09-26,US,Kentucky,Monroe,205,4,0,36.71225341,-85.71596443,21171.0,1924.8826291079813,1.951219512195122,201,203,4,0,199,202,10718,2,0,0,2,1
2020-09-26,US,Kentucky,Montgomery,281,3,0,38.03253032,-83.9145241,21173.0,997.9756366090137,1.0676156583629892,278,277,3,0,274,272,28203,4,0,0,4,5
2020-09-26,US,Kentucky,Morgan,57,0,0,37.92465657,-83.25558245,21175.0,428.2816139454504,0.0,57,55,0,0,55,54,13345,2,0,0,2,1
2020-09-26,US,Kentucky,Muhlenberg,768,12,0,37.21425819,-87.14632053,21177.0,2508.000783750245,1.5625,756,767,12,0,755,762,30774,1,0,0,1,5
2020-09-26,US,Kentucky,Nelson,501,4,0,37.80335779,-85.4657193,21179.0,1083.6415547336321,0.7984031936127745,497,496,4,0,492,491,45851,5,0,0,5,5
2020-09-26,US,Kentucky,Nicholas,32,1,0,38.33342292,-84.01889177,21181.0,440.22561562800934,3.125,31,32,1,0,31,31,7166,0,0,0,0,1
2020-09-26,US,Kentucky,Ohio,454,9,0,37.47751843,-86.85368087,21183.0,1892.1397015920647,1.9823788546255507,445,448,9,0,439,444,24087,6,0,0,6,4
2020-09-26,US,Kentucky,Oldham,1117,25,0,38.39791089,-85.448222,21185.0,1672.1807212682825,2.2381378692927485,1092,1109,25,0,1084,1094,66470,8,0,0,8,15
2020-09-26,US,Kentucky,Owen,101,2,0,38.51679143,-84.82404619,21187.0,926.5205027061736,1.98019801980198,99,99,2,0,97,98,10880,2,0,0,2,1
2020-09-26,US,Kentucky,Owsley,37,1,0,37.42823949,-83.68811419,21189.0,838.0520951302377,2.702702702702702,36,37,1,0,36,37,4472,0,0,0,0,0
2020-09-26,US,Kentucky,Pendleton,101,0,0,38.69607718,-84.35599463,21191.0,692.2549691569568,0.0,101,99,0,0,99,95,14529,2,0,0,2,4
2020-09-26,US,Kentucky,Perry,334,9,0,37.25023553,-83.22922731,21193.0,1296.6845251960553,2.6946107784431144,325,331,9,0,322,330,26092,3,0,0,3,1
2020-09-26,US,Kentucky,Pike,442,3,0,37.47088263,-82.39487445,21195.0,763.7017070979335,0.6787330316742082,439,417,3,0,414,400,58402,25,0,0,25,17
2020-09-26,US,Kentucky,Powell,94,0,0,37.83218794,-83.82553961,21197.0,760.5793348976456,0.0,94,93,0,0,93,93,12442,1,0,0,1,0
2020-09-26,US,Kentucky,Pulaski,784,10,0,37.10466131,-84.57629079,21199.0,1206.5436525646746,1.2755102040816326,774,776,10,0,766,768,64623,8,0,0,8,8
2020-09-26,US,Kentucky,Robertson,12,0,0,38.51923469,-84.05055616,21201.0,569.2599620493359,0.0,12,12,0,0,12,12,2135,0,0,0,0,0
2020-09-26,US,Kentucky,Rockcastle,170,1,0,37.36642393,-84.31176452,21203.0,1018.2689427972447,0.5882352941176471,169,170,1,0,169,168,16750,0,0,0,0,2
2020-09-26,US,Kentucky,Rowan,221,1,0,38.19484205,-83.42088935,21205.0,903.5159443990187,0.4524886877828054,220,218,1,0,217,214,24583,3,0,0,3,4
2020-09-26,US,Kentucky,Russell,249,6,0,36.99308373,-85.06070117,21207.0,1389.2763488255316,2.409638554216868,243,248,6,0,242,248,17821,1,0,0,1,0
2020-09-26,US,Kentucky,Scott,759,11,0,38.29622293,-84.5816631,21209.0,1331.4855097887869,1.4492753623188406,748,746,10,0,736,735,56031,13,1,0,12,11
2020-09-26,US,Kentucky,Shelby,1058,24,0,38.21476019,-85.194223,21211.0,2158.126631853786,2.268431001890359,1034,1055,25,0,1030,1044,48518,3,-1,0,4,11
2020-09-26,US,Kentucky,Simpson,276,8,0,36.74058474,-86.58047435,21213.0,1486.1081197501614,2.898550724637681,268,274,8,0,266,273,18529,2,0,0,2,1
2020-09-26,US,Kentucky,Spencer,211,0,0,38.03223971,-85.32749335,21215.0,1090.3829259469794,0.0,211,208,0,0,208,205,18794,3,0,0,3,3
2020-09-26,US,Kentucky,Taylor,296,7,0,37.3677562,-85.3329931,21217.0,1148.6670029880866,2.3648648648648654,289,294,7,0,287,289,25549,2,0,0,2,5
2020-09-26,US,Kentucky,Todd,188,8,0,36.8381152,-87.17878374,21219.0,1529.2012363754675,4.25531914893617,180,184,8,0,176,181,12311,4,0,0,4,3
2020-09-26,US,Kentucky,Trigg,173,0,0,36.80767017,-87.87333656,21221.0,1180.8067708688827,0.0,173,172,0,0,172,169,14643,1,0,0,1,3
2020-09-26,US,Kentucky,Trimble,65,0,0,38.61056487,-85.33775972,21223.0,767.3238106480935,0.0,65,63,0,0,63,61,8515,2,0,0,2,2
2020-09-26,US,Kentucky,Union,327,3,0,37.66166713,-87.94300009,21225.0,2273.833530352549,0.9174311926605504,324,318,2,0,316,310,14505,9,1,0,8,8
2020-09-26,US,Kentucky,Warren,4310,50,0,36.99903045,-86.42672751,21227.0,3243.137490970383,1.160092807424594,4260,4275,50,0,4225,4250,131264,35,0,0,35,25
2020-09-26,US,Kentucky,Washington,145,1,0,37.75599461,-85.17407732,21229.0,1198.8424968995453,0.6896551724137931,144,144,1,0,143,143,12084,1,0,0,1,1
2020-09-26,US,Kentucky,Wayne,150,0,0,36.80310688,-84.8251971,21231.0,737.7170117542911,0.0,150,147,0,0,147,141,20468,3,0,0,3,6
2020-09-26,US,Kentucky,Webster,163,3,0,37.52168356,-87.67989953,21233.0,1259.4653067532065,1.8404907975460123,160,161,3,0,158,157,13111,2,0,0,2,4
2020-09-26,US,Kentucky,Whitley,365,2,0,36.75700531,-84.14541217,21235.0,1006.5078314581956,0.547945205479452,363,337,2,0,335,323,36242,28,0,0,28,14
2020-09-26,US,Kentucky,Wolfe,38,0,0,37.73941626,-83.49303612,21237.0,530.9487215313678,0.0,38,32,0,0,32,32,7177,6,0,0,6,0
2020-09-26,US,Kentucky,Woodford,272,0,0,38.04178222,-84.7417556,21239.0,1017.4309867584352,0.0,272,270,0,0,270,267,26533,2,0,0,2,3
2020-09-26,US,Louisiana,Acadia,2946,96,0,30.295064899999996,-92.41419698,22001.0,4748.166653235555,3.2586558044806515,2850,2946,96,0,2850,2935,62190,0,0,0,0,11
2020-09-26,US,Louisiana,Allen,1580,49,0,30.65385745,-92.82442028,22003.0,6165.372458734928,3.1012658227848102,1531,1580,49,0,1531,1551,25605,0,0,0,0,29
2020-09-26,US,Louisiana,Ascension,3736,97,0,30.20406249,-90.91328409999998,22005.0,2950.933619790844,2.596359743040685,3639,3736,97,0,3639,3717,124672,0,0,0,0,19
2020-09-26,US,Louisiana,Assumption,758,24,0,29.89946234,-91.06461642,22007.0,3462.6102051071216,3.16622691292876,734,758,24,0,734,755,22300,0,0,0,0,3
2020-09-26,US,Louisiana,Avoyelles,1514,54,0,31.07796211,-92.00079449,22009.0,3771.4228776404943,3.5667107001321003,1460,1514,54,0,1460,1497,40462,0,0,0,0,17
2020-09-26,US,Louisiana,Beauregard,995,37,0,30.64836518,-93.34173616,22011.0,2653.545616982692,3.7185929648241207,958,995,37,0,958,989,37253,0,0,0,0,6
2020-09-26,US,Louisiana,Bienville,478,32,0,32.34569994,-93.05398492,22013.0,3609.999244770032,6.694560669456067,446,478,32,0,446,474,13308,0,0,0,0,4
2020-09-26,US,Louisiana,Bossier,3241,106,0,32.67932307,-93.60460152,22015.0,2551.185069151993,3.2705954952175254,3135,3241,106,0,3135,3212,127185,0,0,0,0,29
2020-09-26,US,Louisiana,Caddo,8457,353,0,32.57991587,-93.88375652,22017.0,3520.75735624719,4.174056994205984,8104,8457,353,0,8104,8403,242922,0,0,0,0,54
2020-09-26,US,Louisiana,Calcasieu,7831,210,0,30.22931235,-93.35400434,22019.0,3849.3678601624097,2.681649853147746,7621,7831,210,0,7621,7812,203112,0,0,0,0,19
2020-09-26,US,Louisiana,Caldwell,300,3,0,32.0902519,-92.11752148,22021.0,3024.8033877797943,1.0,297,300,3,0,297,300,9960,0,0,0,0,0
2020-09-26,US,Louisiana,Cameron,226,2,0,29.87592238,-93.19310676,22023.0,3241.072709020508,0.8849557522123894,224,226,2,0,224,226,6968,0,0,0,0,0
2020-09-26,US,Louisiana,Catahoula,433,10,0,31.66778967,-91.84526385,22025.0,4560.775226458816,2.3094688221709005,423,433,10,0,423,432,9608,0,0,0,0,1
2020-09-26,US,Louisiana,Claiborne,508,23,0,32.82308512,-92.99526883,22027.0,3241.8634333120613,4.52755905511811,485,508,23,0,485,507,15944,0,0,0,0,1
2020-09-26,US,Louisiana,Concordia,510,13,0,31.44817835,-91.63814433,22029.0,2648.112570746145,2.5490196078431366,497,510,13,0,497,511,19572,0,0,0,0,-1
2020-09-26,US,Louisiana,De Soto,895,35,0,32.05457447,-93.74130302,22031.0,3258.9301969923167,3.910614525139665,860,895,35,0,860,894,27436,0,0,0,0,1
2020-09-26,US,Louisiana,East Baton Rouge,15042,441,0,30.53842039,-91.09777565,22033.0,3418.178017038624,2.9317909852413244,14601,15042,441,0,14601,15018,440956,0,0,0,0,24
2020-09-26,US,Louisiana,East Carroll,543,4,0,32.73926954,-91.23425694,22035.0,7914.2982072584155,0.7366482504604052,539,543,4,0,539,541,7037,0,0,0,0,2
2020-09-26,US,Louisiana,East Feliciana,1739,67,0,30.84425359,-91.04976723,22037.0,9088.058531486804,3.8527889591719378,1672,1739,67,0,1672,1731,19305,0,0,0,0,8
2020-09-26,US,Louisiana,Evangeline,1314,32,0,30.72985248,-92.39915924,22039.0,3934.7207665818237,2.43531202435312,1282,1314,32,0,1282,1304,33443,0,0,0,0,10
2020-09-26,US,Louisiana,Franklin,1202,38,0,32.13675181,-91.67589857,22041.0,6005.495878091429,3.1613976705490847,1164,1202,38,0,1164,1197,20156,0,0,0,0,5
2020-09-26,US,Louisiana,Grant,490,30,0,31.59882456,-92.56124347,22043.0,2188.5747465273125,6.1224489795918355,460,490,30,0,460,487,22482,0,0,0,0,3
2020-09-26,US,Louisiana,Iberia,2918,89,0,29.86803617,-91.75871777,22045.0,4178.71974795933,3.0500342700479783,2829,2918,89,0,2829,2906,70941,0,0,0,0,12
2020-09-26,US,Louisiana,Iberville,1407,58,0,30.25734305,-91.3499598,22047.0,4327.765986896743,4.122245913290691,1349,1407,58,0,1349,1407,32721,0,0,0,0,0
2020-09-26,US,Louisiana,Jackson,640,22,0,32.30251776,-92.55692092,22049.0,4065.040650406504,3.4375,618,640,22,0,618,633,15902,0,0,0,0,7
2020-09-26,US,Louisiana,Jefferson,17459,568,0,29.74075478,-90.11115756,22051.0,4036.8283417303865,3.2533363881092847,16891,17459,568,0,16891,17432,434051,0,0,0,0,27
2020-09-26,US,Louisiana,Jefferson Davis,1239,39,0,30.26896765,-92.81210004,22053.0,3949.8852333588375,3.1476997578692494,1200,1239,39,0,1200,1226,31582,0,0,0,0,13
2020-09-26,US,Louisiana,LaSalle,425,7,0,31.67884782,-92.15907765,22059.0,2853.8812785388127,1.6470588235294117,418,425,7,0,418,423,14917,0,0,0,0,2
2020-09-26,US,Louisiana,Lafayette,8938,130,0,30.2049055,-92.06959876,22055.0,3657.269119031057,1.4544640859252629,8808,8938,130,0,8808,8895,242782,0,0,0,0,43
2020-09-26,US,Louisiana,Lafourche,3625,121,0,29.52470226,-90.40976986,22057.0,3713.6066547831256,3.337931034482758,3504,3625,121,0,3504,3618,98115,0,0,0,0,7
2020-09-26,US,Louisiana,Lincoln,1269,48,0,32.6003154,-92.66597409999999,22061.0,2714.9030850198965,3.7825059101654848,1221,1269,48,0,1221,1217,47196,0,0,0,0,52
2020-09-26,US,Louisiana,Livingston,3758,74,0,30.44143993,-90.73061664,22063.0,2669.242625489207,1.9691325172964345,3684,3758,74,0,3684,3746,139567,0,0,0,0,12
2020-09-26,US,Louisiana,Madison,870,8,0,32.36918118,-91.23973355,22065.0,7944.479956168388,0.9195402298850576,862,870,8,0,862,867,11161,0,0,0,0,3
2020-09-26,US,Louisiana,Morehouse,776,22,0,32.81686191,-91.80421614,22067.0,3119.7234059660686,2.8350515463917527,754,776,22,0,754,774,25398,0,0,0,0,2
2020-09-26,US,Louisiana,Natchitoches,1129,26,0,31.72321584,-93.09816516,22069.0,2958.7504586194245,2.3029229406554474,1103,1129,26,0,1103,1110,38659,0,0,0,0,19
2020-09-26,US,Louisiana,Orleans,12524,587,0,30.06971951,-89.92660315,22071.0,3210.096784776903,4.687000958160332,11937,12524,587,0,11937,12514,391006,0,0,0,0,10
2020-09-26,US,Louisiana,Ouachita,6193,142,0,32.47645559,-92.15704172,22073.0,4040.3447308502796,2.2929113515259165,6051,6193,142,0,6051,6163,154475,0,0,0,0,30
2020-09-26,US,Louisiana,Plaquemines,676,19,0,29.42245447,-89.60322085,22075.0,2914.169935767556,2.8106508875739644,657,676,19,0,657,670,23410,0,0,0,0,6
2020-09-26,US,Louisiana,Pointe Coupee,1055,40,0,30.71409502,-91.60209535,22077.0,4855.0391164289,3.791469194312796,1015,1055,40,0,1015,1056,21940,0,0,0,0,-1
2020-09-26,US,Louisiana,Rapides,4182,148,0,31.19778499,-92.52997303,22079.0,3225.6571640133284,3.5389765662362507,4034,4182,148,0,4034,4154,130562,0,0,0,0,28
2020-09-26,US,Louisiana,Red River,356,22,0,32.09530039,-93.34213308,22081.0,4217.010187159441,6.179775280898878,334,356,22,0,334,357,8477,0,0,0,0,-1
2020-09-26,US,Louisiana,Richland,752,10,0,32.41391005,-91.76634876,22083.0,3737.2030613259117,1.3297872340425532,742,752,10,0,742,751,20192,0,0,0,0,1
2020-09-26,US,Louisiana,Sabine,848,13,0,31.56388699,-93.55433981,22085.0,3550.4940545972204,1.5330188679245282,835,848,13,0,835,847,24032,0,0,0,0,1
2020-09-26,US,Louisiana,St. Bernard,1401,29,0,29.87761636,-89.51887093,22087.0,2965.4559309118617,2.0699500356887937,1372,1401,29,0,1372,1394,46721,0,0,0,0,7
2020-09-26,US,Louisiana,St. Charles,1791,59,0,29.90709658,-90.35555967,22089.0,3372.8813559322034,3.2942490228922385,1732,1791,59,0,1732,1784,52879,0,0,0,0,7
2020-09-26,US,Louisiana,St. Helena,413,4,0,30.82210324,-90.71013176,22091.0,4076.194236083695,0.9685230024213076,409,413,4,0,409,410,10262,0,0,0,0,3
2020-09-26,US,Louisiana,St. James,805,40,0,30.02531716,-90.80212061,22093.0,3815.8892681076977,4.9689440993788825,765,805,40,0,765,807,21037,0,0,0,0,-2
2020-09-26,US,Louisiana,St. John the Baptist,1581,100,0,30.12597499,-90.4753503,22095.0,3690.734645283283,6.325110689437065,1481,1581,100,0,1481,1578,43184,0,0,0,0,3
2020-09-26,US,Louisiana,St. Landry,3299,124,0,30.59724262,-92.00135806,22097.0,4017.096098582632,3.7587147620491064,3175,3299,124,0,3175,3279,82764,0,0,0,0,20
2020-09-26,US,Louisiana,St. Martin,2094,61,0,30.13112107,-91.61403569,22099.0,3919.0731972076137,2.9130850047755485,2033,2094,61,0,2033,2091,53621,0,0,0,0,3
2020-09-26,US,Louisiana,St. Mary,1911,77,0,29.69262097,-91.44702164,22101.0,3872.4973656480506,4.029304029304028,1834,1911,77,0,1834,1902,49774,0,0,0,0,9
2020-09-26,US,Louisiana,St. Tammany,6907,252,0,30.40942847,-89.95642711,22103.0,2652.264235712448,3.6484725640654414,6655,6907,252,0,6655,6886,258111,0,0,0,0,21
2020-09-26,US,Louisiana,Tangipahoa,4441,118,0,30.62888673,-90.40664996,22105.0,3295.5371851763903,2.6570592208961945,4323,4441,118,0,4323,4435,133777,0,0,0,0,6
2020-09-26,US,Louisiana,Tensas,161,2,0,32.00760749,-91.32915234,22107.0,3714.81310567605,1.2422360248447204,159,161,2,0,159,159,4462,0,0,0,0,2
2020-09-26,US,Louisiana,Terrebonne,3623,113,0,29.37343766,-90.82626855,22109.0,3279.890640135433,3.1189621860336736,3510,3623,113,0,3510,3613,111021,0,0,0,0,10
2020-09-26,US,Louisiana,Unassigned,196,182,0,0.0,0.0,90022.0,0.0,92.85714285714286,14,196,182,0,14,194,,0,0,0,0,2
2020-09-26,US,Louisiana,Union,963,42,0,32.83121059,-92.3749373,22111.0,4355.88927085218,4.361370716510903,921,963,42,0,921,954,22330,0,0,0,0,9
2020-09-26,US,Louisiana,Vermilion,2038,61,0,29.83517605,-92.30292538,22113.0,3424.576968963721,2.9931305201177625,1977,2038,61,0,1977,2027,59830,0,0,0,0,11
2020-09-26,US,Louisiana,Vernon,1049,49,0,31.10884837,-93.18153838,22115.0,2211.727002466845,4.671115347950429,1000,1049,49,0,1000,1044,48860,0,0,0,0,5
2020-09-26,US,Louisiana,Washington,1624,65,0,30.85288548,-90.03866652,22117.0,3515.6080876304277,4.002463054187191,1559,1624,65,0,1559,1612,46582,0,0,0,0,12
2020-09-26,US,Louisiana,Webster,1232,23,0,32.70847669,-93.33121835,22119.0,3213.3541992696923,1.8668831168831168,1209,1232,23,0,1209,1222,38798,0,0,0,0,10
2020-09-26,US,Louisiana,West Baton Rouge,903,41,0,30.46058217,-91.30989571,22121.0,3412.053655771774,4.5404208194905875,862,903,41,0,862,900,26427,0,0,0,0,3
2020-09-26,US,Louisiana,West Carroll,345,10,0,32.78550125,-91.461201,22123.0,3185.595567867036,2.898550724637681,335,345,10,0,335,342,10982,0,0,0,0,3
2020-09-26,US,Louisiana,West Feliciana,752,25,0,30.87882871,-91.41485379999999,22125.0,4830.421377183968,3.3244680851063837,727,752,25,0,727,711,15460,0,0,0,0,41
2020-09-26,US,Louisiana,Winn,622,18,0,31.94449367,-92.63789413,22127.0,4473.532796317607,2.893890675241157,604,622,18,0,604,619,14134,0,0,0,0,3
2020-09-26,US,Maine,Androscoggin,706,10,0,44.1664747,-70.20380627,23001.0,652.0313640015885,1.4164305949008498,696,705,10,0,695,698,107679,1,0,0,1,7
2020-09-26,US,Maine,Aroostook,43,1,0,46.65926321,-68.59841248,23003.0,64.12646335098054,2.3255813953488373,42,43,1,0,42,44,67111,0,0,0,0,-1
2020-09-26,US,Maine,Cumberland,2306,70,0,43.8370751,-70.37226999,23005.0,781.6869658952621,3.035559410234172,2236,2302,70,0,2232,2301,293557,4,0,0,4,1
2020-09-26,US,Maine,Franklin,62,1,0,44.97330019,-70.44381045,23007.0,205.3048114175966,1.6129032258064515,61,61,1,0,60,60,29897,1,0,0,1,1
2020-09-26,US,Maine,Hancock,54,1,0,44.59816444,-68.38401854,23009.0,98.20503027988434,1.851851851851852,53,53,1,0,52,53,54811,1,0,0,1,0
2020-09-26,US,Maine,Kennebec,214,11,0,44.40759555,-69.76738544,23011.0,174.97669702866673,5.140186915887852,203,211,11,0,200,209,122083,3,0,0,3,2
2020-09-26,US,Maine,Knox,36,1,0,44.11486325,-69.10529169,23013.0,90.51594086291864,2.7777777777777777,35,36,1,0,35,36,39771,0,0,0,0,0
2020-09-26,US,Maine,Lincoln,42,1,0,44.05996956,-69.54227124,23015.0,121.26811803430157,2.380952380952381,41,42,1,0,41,42,34342,0,0,0,0,0
2020-09-26,US,Maine,Oxford,140,1,0,44.49952995,-70.75682123,23017.0,241.48339801638642,0.7142857142857143,139,139,1,0,138,137,57618,1,0,0,1,2
2020-09-26,US,Maine,Penobscot,253,6,0,45.40194593,-68.65020455,23019.0,166.28545889528615,2.3715415019762847,247,253,6,0,247,253,151096,0,0,0,0,0
2020-09-26,US,Maine,Piscataquis,9,0,0,45.83839062,-69.2860223,23021.0,53.61930294906166,0.0,9,9,0,0,9,9,16800,0,0,0,0,0
2020-09-26,US,Maine,Sagadahoc,66,0,0,43.95415864,-69.85074999,23023.0,184.06961178045518,0.0,66,66,0,0,66,65,35634,0,0,0,0,1
2020-09-26,US,Maine,Somerset,85,8,0,45.51229767,-69.95995554,23025.0,168.37017668964424,9.411764705882351,77,84,8,0,76,85,50592,1,0,0,1,-1
2020-09-26,US,Maine,Waldo,73,14,0,44.4858305,-69.12061935,23027.0,183.809643711444,19.17808219178082,59,73,14,0,59,73,39694,0,0,0,0,0
2020-09-26,US,Maine,Washington,16,0,0,45.01607142,-67.62813524,23029.0,50.989515280920365,0.0,16,16,0,0,16,16,31490,0,0,0,0,0
2020-09-26,US,Maine,York,1153,15,0,43.47808377,-70.71052375,23031.0,555.285324189346,1.3009540329575022,1138,1141,15,0,1126,1133,206229,12,0,0,12,8
2020-09-26,US,Maryland,Allegany,461,22,0,39.62357628,-78.69280486,24001.0,654.6807543740059,4.772234273318872,439,460,22,0,438,459,70975,1,0,0,1,1
2020-09-26,US,Maryland,Anne Arundel,9933,247,0,39.00670238,-76.60329337,24003.0,1714.850992862988,2.4866606261955098,9686,9873,246,0,9627,9812,576031,60,1,0,59,61
2020-09-26,US,Maryland,Baltimore,17782,622,0,39.45784712,-76.62911955,24005.0,2149.2198170105275,3.4979192441795077,17160,17720,622,0,17098,17655,828431,62,0,0,62,65
2020-09-26,US,Maryland,Baltimore City,15484,487,0,39.30211911,-76.61151012,24510.0,2608.974034945829,3.1451821234823045,14997,15431,486,0,14945,15374,621342,53,1,0,52,57
2020-09-26,US,Maryland,Calvert,939,28,0,38.53961642,-76.56820632,24009.0,1014.860848419346,2.981895633652822,911,933,28,0,905,928,92003,6,0,0,6,5
2020-09-26,US,Maryland,Caroline,644,7,0,38.87172293,-75.82904158,24011.0,1927.797401664372,1.0869565217391304,637,640,6,0,634,640,33304,4,1,0,3,0
2020-09-26,US,Maryland,Carroll,1944,126,0,39.56453592,-77.02373735,24013.0,1154.0722007515715,6.481481481481483,1818,1937,125,0,1812,1925,168429,7,1,0,6,12
2020-09-26,US,Maryland,Cecil,1056,35,0,39.56647682,-75.94627411,24015.0,1026.6880560011666,3.3143939393939394,1021,1038,35,0,1003,1034,102826,18,0,0,18,4
2020-09-26,US,Maryland,Charles,2753,101,0,38.51092331,-76.98580666,24017.0,1686.2982904255255,3.668725027243008,2652,2745,101,0,2644,2737,161503,8,0,0,8,8
2020-09-26,US,Maryland,Dorchester,592,10,0,38.45413522,-76.02752426,24019.0,1854.1138150270913,1.6891891891891893,582,587,10,0,577,582,31998,5,0,0,5,5
2020-09-26,US,Maryland,Frederick,4019,131,0,39.47296601,-77.39999394,24021.0,1548.467136973265,3.25951729285892,3888,3995,131,0,3864,3975,255648,24,0,0,24,20
2020-09-26,US,Maryland,Garrett,72,1,0,39.52786077,-79.27355126,24023.0,248.1560625904736,1.3888888888888888,71,72,1,0,71,72,29163,0,0,0,0,0
2020-09-26,US,Maryland,Harford,3008,76,0,39.55010644,-76.30775940000002,24025.0,1177.5713374125532,2.526595744680851,2932,2986,76,0,2910,2963,253956,22,0,0,22,23
2020-09-26,US,Maryland,Howard,5034,122,0,39.25305293,-76.93126208,24027.0,1545.6415609935827,2.4235200635677394,4912,5013,123,0,4890,4997,323196,21,-1,0,22,16
2020-09-26,US,Maryland,Kent,303,24,0,39.24976208,-76.04741541,24029.0,1560.0864998455359,7.920792079207921,279,300,24,0,276,300,19383,3,0,0,3,0
2020-09-26,US,Maryland,Montgomery,22275,844,0,39.13676329,-77.20358245,24031.0,2120.0394408235366,3.789001122334456,21431,22185,842,0,21343,22078,1052567,90,2,0,88,107
2020-09-26,US,Maryland,Prince George's,29130,827,0,38.83070039,-76.8496441,24033.0,3203.468059344988,2.8389975969790595,28303,28995,825,0,28170,28887,909308,135,2,0,133,108
2020-09-26,US,Maryland,Queen Anne's,654,26,0,39.06198912,-76.03530977,24035.0,1298.1084138861872,3.9755351681957194,628,652,26,0,626,650,50251,2,0,0,2,2
2020-09-26,US,Maryland,Somerset,272,4,0,38.1163542,-75.75118623,24039.0,1061.8363522798252,1.4705882352941178,268,263,4,0,259,252,25675,9,0,0,9,11
2020-09-26,US,Maryland,St. Mary's,1288,57,0,38.30058422,-76.60629279999998,24037.0,1134.7017883886886,4.425465838509316,1231,1274,57,0,1217,1262,112664,14,0,0,14,12
2020-09-26,US,Maryland,Talbot,555,6,0,38.76618159,-76.10882561,24041.0,1492.6978833275061,1.0810810810810811,549,551,6,0,545,549,36968,4,0,0,4,2
2020-09-26,US,Maryland,Unassigned,0,11,0,0.0,0.0,90024.0,0.0,0.0,-11,0,10,0,-10,0,,0,1,0,-1,0
2020-09-26,US,Maryland,Washington,1770,37,0,39.60835778,-77.82002295,24043.0,1171.8051758038782,2.0903954802259888,1733,1720,37,0,1683,1705,150926,50,0,0,50,15
2020-09-26,US,Maryland,Wicomico,1959,48,0,38.37301947,-75.62705831,24045.0,1890.7623855070506,2.4502297090352214,1911,1949,48,0,1901,1936,103195,10,0,0,10,13
2020-09-26,US,Maryland,Worcester,1045,26,0,38.21274277,-75.33200012,24047.0,1999.0052796694467,2.4880382775119623,1019,1040,26,0,1014,1028,51823,5,0,0,5,12
2020-09-26,US,Massachusetts,Barnstable,1750,174,0,41.72980578,-70.28854339,25001.0,821.6348185360815,9.942857142857145,1576,1736,174,0,1562,1728,213413,14,0,0,14,8
2020-09-26,US,Massachusetts,Berkshire,707,49,0,42.37428441,-73.20524838,25003.0,565.8535023690613,6.9306930693069315,658,707,49,0,658,705,126348,0,0,0,0,2
2020-09-26,US,Massachusetts,Bristol,9981,696,0,41.79228404,-71.10872211,25005.0,1765.8704532949291,6.973249173429516,9285,9926,695,0,9231,9895,564022,55,1,0,54,31
2020-09-26,US,Massachusetts,Dukes and Nantucket,157,1,0,41.40674725,-70.68763497,0.0,546.448087431694,0.6369426751592356,156,154,1,0,153,151,26707,3,0,0,3,3
2020-09-26,US,Massachusetts,Essex,19637,1280,0,42.6687626,-70.94687179,25009.0,2488.739395260534,6.518307277078984,18357,19525,1275,0,18250,19422,790638,112,5,0,107,103
2020-09-26,US,Massachusetts,Franklin,408,68,0,42.58119713,-72.58602547,25011.0,581.3622114562553,16.666666666666668,340,406,68,0,338,405,70963,2,0,0,2,1
2020-09-26,US,Massachusetts,Hampden,8147,775,0,42.13440424,-72.63235561,25013.0,1746.8887497534158,9.51270406284522,7372,8117,774,0,7343,8098,470406,30,1,0,29,19
2020-09-26,US,Massachusetts,Hampshire,1222,143,0,42.33997957,-72.65898478,25015.0,759.8084934402783,11.702127659574465,1079,1214,143,0,1071,1211,161355,8,0,0,8,3
2020-09-26,US,Massachusetts,Middlesex,27201,2143,0,42.48607732,-71.39049229,25017.0,1687.7220870646445,7.878386824013822,25058,27103,2139,0,24964,27014,1614714,98,4,0,94,89
2020-09-26,US,Massachusetts,Norfolk,10212,1058,0,42.16073095,-71.20530408,25021.0,1444.8728378904175,10.360360360360358,9154,10170,1054,0,9116,10142,705388,42,4,0,38,28
2020-09-26,US,Massachusetts,Plymouth,9639,767,0,41.94070556,-70.80802823,25023.0,1849.3789356142154,7.957256976864821,8872,9621,766,0,8855,9592,518132,18,1,0,17,29
2020-09-26,US,Massachusetts,Suffolk,24177,1134,0,42.327951399999996,-71.07850442,25025.0,3007.4374274636243,4.690408239235636,23043,24089,1133,0,22956,23988,807252,88,1,0,87,101
2020-09-26,US,Massachusetts,Unassigned,2511,5,0,0.0,0.0,90025.0,0.0,0.19912385503783356,2506,2461,5,0,2456,2424,,50,0,0,50,37
2020-09-26,US,Massachusetts,Worcester,14301,1098,0,42.35026951,-71.90493363,25027.0,1721.721794029053,7.677784770295783,13203,14252,1097,0,13155,14218,830839,49,1,0,48,34
2020-09-26,US,Michigan,Alcona,43,2,0,44.6846864,-83.59507875,26001.0,413.2628543969246,4.651162790697675,41,42,2,0,40,41,10362,1,0,0,1,1
2020-09-26,US,Michigan,Alger,18,0,0,46.41292944,-86.60260122,26003.0,197.6284584980237,0.0,18,17,0,0,17,17,9097,1,0,0,1,0
2020-09-26,US,Michigan,Allegan,765,7,0,42.59147037,-85.89102866,26005.0,647.860367036187,0.915032679738562,758,755,7,0,748,752,117327,10,0,0,10,3
2020-09-26,US,Michigan,Alpena,148,14,0,45.03477666,-83.62212411,26007.0,521.0350290441824,9.459459459459461,134,148,14,0,134,153,28360,0,0,0,0,-5
2020-09-26,US,Michigan,Antrim,70,0,0,44.99690221,-85.15503082,26009.0,300.1200480192077,0.0,70,70,0,0,70,70,23365,0,0,0,0,0
2020-09-26,US,Michigan,Arenac,70,3,0,44.0636262,-83.89277559,26011.0,470.3352818652154,4.285714285714286,67,69,3,0,66,69,15041,1,0,0,1,0
2020-09-26,US,Michigan,Baraga,30,0,0,46.6720582,-88.36363591,26013.0,365.4525520769887,0.0,30,26,0,0,26,25,8320,4,0,0,4,1
2020-09-26,US,Michigan,Barry,306,4,0,42.59513984,-85.30834519,26015.0,497.1567831031682,1.30718954248366,302,292,4,0,288,289,61157,14,0,0,14,3
2020-09-26,US,Michigan,Bay,1006,50,0,43.70639106,-83.98731479,26017.0,975.5056920660164,4.970178926441352,956,1000,50,0,950,992,103923,6,0,0,6,8
2020-09-26,US,Michigan,Benzie,79,2,0,44.63899297,-86.01608482,26019.0,444.6695936057638,2.5316455696202533,77,79,2,0,77,79,17753,0,0,0,0,0
2020-09-26,US,Michigan,Berrien,1877,74,0,41.95447397,-86.41313079999998,26021.0,1223.5904589930965,3.9424613745338304,1803,1863,74,0,1789,1845,154141,14,0,0,14,18
2020-09-26,US,Michigan,Branch,619,5,0,41.91600556,-85.05929476,26023.0,1422.4326125422253,0.8077544426494345,614,610,5,0,605,598,43622,9,0,0,9,12
2020-09-26,US,Michigan,Calhoun,1357,45,0,42.24633834,-85.00493569,26025.0,1011.4863706497514,3.316138540899042,1312,1332,45,0,1287,1287,134487,25,0,0,25,45
2020-09-26,US,Michigan,Cass,579,16,0,41.91522292,-85.99405727,26027.0,1118.0412072527854,2.763385146804836,563,572,16,0,556,557,51653,7,0,0,7,15
2020-09-26,US,Michigan,Charlevoix,107,3,0,45.37790017,-85.19614053,26029.0,409.2873809432736,2.803738317757009,104,107,3,0,104,104,26244,0,0,0,0,3
2020-09-26,US,Michigan,Cheboygan,91,2,0,45.44787015,-84.50122149,26031.0,360.02532046209836,2.1978021978021984,89,90,2,0,88,90,25413,1,0,0,1,0
2020-09-26,US,Michigan,Chippewa,78,0,0,46.29552653,-84.54353449,26033.0,208.84093282283328,0.0,78,77,0,0,77,77,37517,1,0,0,1,0
2020-09-26,US,Michigan,Clare,112,4,0,43.98794227,-84.84819859999998,26035.0,361.87399030694667,3.571428571428572,108,112,4,0,108,111,30757,0,0,0,0,1
2020-09-26,US,Michigan,Clinton,677,14,0,42.94400871,-84.60145248,26037.0,850.5559394434323,2.06794682422452,663,669,13,0,656,661,79332,8,1,0,7,8
2020-09-26,US,Michigan,Crawford,124,5,0,44.68255561,-84.61006219,26039.0,883.8833844179914,4.032258064516129,119,123,5,0,118,123,13901,1,0,0,1,0
2020-09-26,US,Michigan,Delta,414,7,0,45.90484910000001,-86.9080745,26041.0,1156.9416498993965,1.6908212560386473,407,377,7,0,370,347,35857,37,0,0,37,30
2020-09-26,US,Michigan,Dickinson,131,2,0,46.00999672,-87.86961634,26043.0,519.0379967510598,1.5267175572519085,129,128,2,0,126,123,25383,3,0,0,3,5
2020-09-26,US,Michigan,Eaton,664,10,0,42.59599185,-84.83740035,26045.0,602.1692603475169,1.5060240963855422,654,647,11,0,636,639,109826,17,-1,0,18,8
2020-09-26,US,Michigan,Emmet,157,4,0,45.52625509,-84.89083249,26047.0,469.8488702678438,2.5477707006369426,153,156,4,0,152,155,33308,1,0,0,1,1
2020-09-26,US,Michigan,Federal Correctional Institution (FCI),195,5,0,0.0,0.0,0.0,0.0,2.5641025641025643,190,195,5,0,190,195,,0,0,0,0,0
2020-09-26,US,Michigan,Genesee,4554,308,0,43.02244215,-83.70589709,26049.0,1122.1917484161424,6.763285024154589,4246,4497,308,0,4189,4451,406892,57,0,0,57,46
2020-09-26,US,Michigan,Gladwin,96,2,0,43.98901072,-84.38774817,26051.0,377.225038311918,2.083333333333333,94,93,2,0,91,92,25337,3,0,0,3,1
2020-09-26,US,Michigan,Gogebic,160,2,0,46.40862701,-89.69377193,26053.0,1144.9016100178892,1.25,158,158,1,0,157,156,15096,2,1,0,1,2
2020-09-26,US,Michigan,Grand Traverse,482,8,0,44.69565625,-85.55585247,26055.0,517.7896184255758,1.6597510373443984,474,477,7,0,470,478,92573,5,1,0,4,-1
2020-09-26,US,Michigan,Gratiot,270,15,0,43.29265605,-84.60505416,26057.0,663.2114170617277,5.5555555555555545,255,267,15,0,252,263,40599,3,0,0,3,4
2020-09-26,US,Michigan,Hillsdale,348,27,0,41.88753639,-84.59312019,26059.0,763.074224317509,7.758620689655173,321,344,27,0,317,335,45749,4,0,0,4,9
2020-09-26,US,Michigan,Houghton,475,1,0,46.89988536,-88.68495385,26061.0,1331.1287972200425,0.21052631578947367,474,442,1,0,441,415,36219,33,0,0,33,27
2020-09-26,US,Michigan,Huron,225,5,0,43.83353985,-83.04078453,26063.0,726.251573545076,2.2222222222222223,220,225,5,0,220,223,31166,0,0,0,0,2
2020-09-26,US,Michigan,Ingham,3506,47,0,42.59716886,-84.37472069,26065.0,1199.0178040122294,1.340559041642898,3459,3462,47,0,3415,3406,292735,44,0,0,44,56
2020-09-26,US,Michigan,Ionia,368,7,0,42.94502238,-85.07413319,26067.0,568.8053541895297,1.9021739130434785,361,364,7,0,357,355,64210,4,0,0,4,9
2020-09-26,US,Michigan,Iosco,219,12,0,44.35486835,-83.63484895,26069.0,871.5724121462966,5.479452054794519,207,215,12,0,203,213,25081,4,0,0,4,2
2020-09-26,US,Michigan,Iron,164,2,0,46.20974132,-88.53136251,26071.0,1482.0169889752397,1.2195121951219512,162,145,1,0,144,125,11117,19,1,0,18,20
2020-09-26,US,Michigan,Isabella,700,13,0,43.64060976,-84.84664923,26073.0,1001.8319212273873,1.8571428571428568,687,693,13,0,680,690,70562,7,0,0,7,3
2020-09-26,US,Michigan,Jackson,1079,45,0,42.24807035,-84.42258681,26075.0,680.7141505267806,4.170528266913808,1034,1071,44,0,1027,1058,158823,8,1,0,7,13
2020-09-26,US,Michigan,Kalamazoo,2888,93,0,42.24542231,-85.53038622,26077.0,1089.5399636316993,3.2202216066481992,2795,2833,93,0,2740,2763,264870,55,0,0,55,70
2020-09-26,US,Michigan,Kalkaska,85,4,0,44.68512729,-85.09085699,26079.0,471.22740880363676,4.705882352941177,81,83,4,0,79,84,17824,2,0,0,2,-1
2020-09-26,US,Michigan,Kent,9843,175,0,43.03197711,-85.54934642,26081.0,1498.276137634998,1.7779132378339937,9668,9752,175,0,9577,9667,653786,91,0,0,91,85
2020-09-26,US,Michigan,Keweenaw,10,0,0,47.63197653,-88.41434263,26083.0,472.5897920604915,0.0,10,9,0,0,9,8,2113,1,0,0,1,1
2020-09-26,US,Michigan,Lake,32,0,0,43.99050893,-85.802173,26085.0,269.97384628364125,0.0,32,32,0,0,32,32,11881,0,0,0,0,0
2020-09-26,US,Michigan,Lapeer,613,36,0,43.09052506,-83.22153148,26087.0,699.7157761366101,5.8727569331158245,577,606,36,0,570,601,88028,7,0,0,7,5
2020-09-26,US,Michigan,Leelanau,112,1,0,44.94430054,-85.80150326,26089.0,514.682229676945,0.8928571428571429,111,112,1,0,111,112,21764,0,0,0,0,0
2020-09-26,US,Michigan,Lenawee,797,18,0,41.89475156,-84.06603727,26091.0,809.5397710536206,2.258469259723965,779,794,18,0,776,788,98266,3,0,0,3,6
2020-09-26,US,Michigan,Livingston,1377,30,0,42.60302282,-83.91297209,26093.0,717.206177244199,2.178649237472767,1347,1361,30,0,1331,1346,191224,16,0,0,16,15
2020-09-26,US,Michigan,Luce,13,0,0,46.47227431,-85.54471223,26095.0,208.7012361534757,0.0,13,13,0,0,13,13,6283,0,0,0,0,0
2020-09-26,US,Michigan,Mackinac,59,0,0,46.07028979,-85.04980537,26097.0,546.3468839707382,0.0,59,57,0,0,57,57,10787,2,0,0,2,0
2020-09-26,US,Michigan,Macomb,14478,1021,0,42.69158356,-82.92752801,26099.0,1656.5748101769848,7.052079016438736,13457,14400,1020,0,13380,14327,874759,78,1,0,77,73
2020-09-26,US,Michigan,Manistee,76,2,0,44.33352407,-86.05626916,26101.0,309.4714553302386,2.631578947368421,74,75,2,0,73,71,24528,1,0,0,1,4
2020-09-26,US,Michigan,Marquette,362,12,0,46.4338914,-87.64043701,26103.0,542.7367726652574,3.3149171270718236,350,354,12,0,342,349,66516,8,0,0,8,5
2020-09-26,US,Michigan,Mason,134,0,0,43.99509218,-86.24988902,26105.0,459.7858907493824,0.0,134,134,0,0,134,135,29100,0,0,0,0,-1
2020-09-26,US,Michigan,Mecosta,206,3,0,43.64064262,-85.32463223,26107.0,474.07543782937887,1.4563106796116505,203,205,3,0,202,201,43545,1,0,0,1,4
2020-09-26,US,Michigan,Menominee,375,1,0,45.58038692,-87.55370409,26109.0,1646.1808604038627,0.26666666666666666,374,369,1,0,368,358,22983,6,0,0,6,11
2020-09-26,US,Michigan,Michigan Department of Corrections (MDOC),5593,73,0,0.0,0.0,0.0,0.0,1.3052029322367245,5520,5593,73,0,5520,5591,,0,0,0,0,2
2020-09-26,US,Michigan,Midland,605,11,0,43.64330771,-84.38804374,26111.0,727.5482226177305,1.818181818181818,594,599,11,0,588,590,83209,6,0,0,6,9
2020-09-26,US,Michigan,Missaukee,63,1,0,44.33772443,-85.09256478,26113.0,416.7217885963752,1.5873015873015872,62,62,1,0,61,59,15113,1,0,0,1,3
2020-09-26,US,Michigan,Monroe,1513,28,0,41.92734151,-83.53749864,26115.0,1005.3156146179402,1.8506278916060803,1485,1506,28,0,1478,1504,150439,7,0,0,7,2
2020-09-26,US,Michigan,Montcalm,315,6,0,43.31082541,-85.15252824,26117.0,493.05033809166036,1.9047619047619049,309,312,5,0,307,308,63968,3,1,0,2,4
2020-09-26,US,Michigan,Montmorency,14,0,0,45.0275929,-84.12696227,26119.0,150.08576329331046,0.0,14,14,0,0,14,14,9265,0,0,0,0,0
2020-09-26,US,Michigan,Muskegon,1517,69,0,43.29123859,-86.15176712,26121.0,874.0191051242755,4.548450889914305,1448,1502,69,0,1433,1485,173588,15,0,0,15,17
2020-09-26,US,Michigan,Newaygo,361,2,0,43.554373999999996,-85.80070107,26123.0,737.0355247039607,0.554016620498615,359,362,1,0,361,354,48892,-1,1,0,-2,8
2020-09-26,US,Michigan,Oakland,20543,1200,0,42.66090111,-83.38595416,26125.0,1633.529052532475,5.841405831670156,19343,20442,1196,0,19246,20346,1259201,101,4,0,97,96
2020-09-26,US,Michigan,Oceana,518,6,0,43.64124435,-86.26726673,26127.0,1957.1541920126956,1.1583011583011582,512,516,6,0,510,515,26625,2,0,0,2,1
2020-09-26,US,Michigan,Ogemaw,67,5,0,44.33481032,-84.12725175,26129.0,319.09320379101774,7.462686567164179,62,65,5,0,60,65,20952,2,0,0,2,0
2020-09-26,US,Michigan,Ontonagon,42,0,0,46.665226200000006,-89.31390481,26131.0,734.2657342657343,0.0,42,42,0,0,42,42,5795,0,0,0,0,0
2020-09-26,US,Michigan,Osceola,93,0,0,43.98992088,-85.32566756,26133.0,396.4194373401535,0.0,93,93,0,0,93,93,23341,0,0,0,0,0
2020-09-26,US,Michigan,Oscoda,30,1,0,44.68192279,-84.12939244,26135.0,364.0334910811795,3.333333333333333,29,31,1,0,30,30,8276,-1,0,0,-1,1
2020-09-26,US,Michigan,Otsego,176,11,0,45.02085831,-84.59898295,26137.0,713.4749473001459,6.25,165,174,11,0,163,174,24665,2,0,0,2,0
2020-09-26,US,Michigan,Ottawa,3398,66,0,42.95996803,-85.9969107,26139.0,1164.3765205770485,1.9423190111830488,3332,3370,66,0,3304,3337,290494,28,0,0,28,33
2020-09-26,US,Michigan,Out of MI,186,2,0,0.0,0.0,80026.0,0.0,1.075268817204301,184,195,2,0,193,191,,-9,0,0,-9,4
2020-09-26,US,Michigan,Presque Isle,27,1,0,45.34018577,-83.91498656,26141.0,214.42185514612453,3.703703703703704,26,26,1,0,25,26,12738,1,0,0,1,0
2020-09-26,US,Michigan,Roscommon,100,4,0,44.33473082,-84.61067651,26143.0,416.33706648902944,4.0,96,97,4,0,93,94,23884,3,0,0,3,3
2020-09-26,US,Michigan,Saginaw,2932,139,0,43.33433923,-84.05131209999998,26145.0,1538.7925831457078,4.740791268758526,2793,2921,139,0,2782,2902,190800,11,0,0,11,19
2020-09-26,US,Michigan,Sanilac,147,7,0,43.42406072,-82.82055898,26151.0,357.0561088170998,4.761904761904762,140,146,7,0,139,146,41182,1,0,0,1,0
2020-09-26,US,Michigan,Schoolcraft,27,0,0,46.19235734,-86.19972234,26153.0,333.5804299481097,0.0,27,25,0,0,25,24,8068,2,0,0,2,1
2020-09-26,US,Michigan,Shiawassee,513,32,0,42.95392800000001,-84.14585902,26155.0,753.060685241185,6.237816764132552,481,510,31,0,479,504,68192,3,1,0,2,6
2020-09-26,US,Michigan,St. Clair,1008,56,0,42.92655373,-82.67937954,26147.0,633.4523151173897,5.5555555555555545,952,998,56,0,942,992,159337,10,0,0,10,6
2020-09-26,US,Michigan,St. Joseph,769,11,0,41.91441767,-85.52797979,26149.0,1261.400170592481,1.4304291287386215,758,763,11,0,752,758,61043,6,0,0,6,5
2020-09-26,US,Michigan,Tuscola,509,31,0,43.46606813,-83.41897025,26157.0,974.2559096564264,6.090373280943027,478,510,31,0,479,502,52516,-1,0,0,-1,8
2020-09-26,US,Michigan,Unassigned,17,0,0,0.0,0.0,90026.0,0.0,0.0,17,8,0,0,8,7,,9,0,0,9,1
2020-09-26,US,Michigan,Van Buren,763,17,0,42.25190229,-86.01939087,26159.0,1008.2323559337713,2.2280471821756227,746,753,17,0,736,749,75448,10,0,0,10,4
2020-09-26,US,Michigan,Washtenaw,3560,116,0,42.253105,-83.83853204,26161.0,968.4413263293626,3.2584269662921344,3444,3517,115,0,3402,3482,370963,43,1,0,42,35
2020-09-26,US,Michigan,Wayne,35021,2977,0,42.28098405,-83.281255,26163.0,2001.9515898254374,8.500613917363868,32044,34903,2973,0,31930,34759,1753893,118,4,0,114,144
2020-09-26,US,Michigan,Wexford,123,4,0,44.33853602,-85.57712739,26165.0,365.73399542089135,3.2520325203252027,119,124,4,0,120,123,33466,-1,0,0,-1,1
2020-09-26,US,Minnesota,Aitkin,80,1,0,46.60962049,-93.41168259999999,27001.0,503.5880649628604,1.25,79,76,1,0,75,75,15902,4,0,0,4,1
2020-09-26,US,Minnesota,Anoka,6092,133,0,45.27476015,-93.24604565,27003.0,1706.8202767559208,2.1831910702560737,5959,6006,133,0,5873,5935,353813,86,0,0,86,71
2020-09-26,US,Minnesota,Becker,280,2,0,46.93479392,-95.67158144,27005.0,813.4096389042212,0.7142857142857143,278,272,2,0,270,264,34371,8,0,0,8,8
2020-09-26,US,Minnesota,Beltrami,421,5,0,47.97373527,-94.93732139,27007.0,892.1759769432907,1.187648456057007,416,413,5,0,408,405,46847,8,0,0,8,8
2020-09-26,US,Minnesota,Benton,552,3,0,45.69804958,-93.99514135,27009.0,1349.9963315317075,0.5434782608695652,549,536,3,0,533,530,40545,16,0,0,16,6
2020-09-26,US,Minnesota,Big Stone,82,0,0,45.42712824,-96.41403739,27011.0,1642.9573231817276,0.0,82,81,0,0,81,76,4989,1,0,0,1,5
2020-09-26,US,Minnesota,Blue Earth,1699,6,0,44.03554215,-94.06699781,27013.0,2511.344655817185,0.3531489111241907,1693,1676,6,0,1670,1647,67427,23,0,0,23,29
2020-09-26,US,Minnesota,Brown,191,2,0,44.24205652,-94.72562874,27015.0,763.7555982085732,1.0471204188481675,189,184,2,0,182,182,25111,7,0,0,7,2
2020-09-26,US,Minnesota,Carlton,270,1,0,46.59180601,-92.67601019,27017.0,752.6971648406793,0.3703703703703704,269,263,1,0,262,256,35837,7,0,0,7,7
2020-09-26,US,Minnesota,Carver,1419,7,0,44.82017001,-93.80099179999999,27019.0,1350.2840449523735,0.4933051444679352,1412,1396,7,0,1389,1389,103551,23,0,0,23,7
2020-09-26,US,Minnesota,Cass,180,4,0,46.95043611,-94.32603968,27021.0,604.4528023103528,2.2222222222222223,176,165,4,0,161,159,29519,15,0,0,15,6
2020-09-26,US,Minnesota,Chippewa,214,1,0,45.02343421,-95.56403693,27023.0,1813.5593220338985,0.4672897196261682,213,208,1,0,207,206,11924,6,0,0,6,2
2020-09-26,US,Minnesota,Chisago,494,1,0,45.5021011,-92.90861945,27025.0,873.1154668693332,0.20242914979757085,493,484,1,0,483,471,55922,10,0,0,10,13
2020-09-26,US,Minnesota,Clay,1389,40,0,46.89289518,-96.48761922,27027.0,2162.810251938588,2.879769618430525,1349,1371,40,0,1331,1340,63955,18,0,0,18,31
2020-09-26,US,Minnesota,Clearwater,27,0,0,47.57992111,-95.37790562,27029.0,306.1918802449535,0.0,27,27,0,0,27,27,8810,0,0,0,0,0
2020-09-26,US,Minnesota,Cook,6,0,0,47.90504893,-90.52629546,27031.0,109.82976386600771,0.0,6,6,0,0,6,6,5393,0,0,0,0,0
2020-09-26,US,Minnesota,Cottonwood,225,0,0,44.00715262,-95.18138802,27033.0,2009.6463022508042,0.0,225,224,0,0,224,224,11277,1,0,0,1,0
2020-09-26,US,Minnesota,Crow Wing,516,18,0,46.48096553,-94.06755609,27035.0,793.1750057643532,3.4883720930232562,498,494,18,0,476,481,64889,22,0,0,22,13
2020-09-26,US,Minnesota,Dakota,7524,126,0,44.67172617,-93.06299363,27037.0,1753.7603054395938,1.6746411483253592,7398,7428,125,0,7303,7354,425423,96,1,0,95,74
2020-09-26,US,Minnesota,Dodge,239,0,0,44.02238415,-92.86244324,27039.0,1141.6833858794305,0.0,239,232,0,0,232,218,20822,7,0,0,7,14
2020-09-26,US,Minnesota,Douglas,310,2,0,45.93348491,-95.45335469,27041.0,812.7736556461549,0.6451612903225806,308,297,2,0,295,286,37964,13,0,0,13,11
2020-09-26,US,Minnesota,Faribault,145,0,0,43.67381499,-93.94787458,27043.0,1062.037647403501,0.0,145,141,0,0,141,136,13758,4,0,0,4,5
2020-09-26,US,Minnesota,Fillmore,120,0,0,43.67394126,-92.08980382,27045.0,569.6112403284757,0.0,120,116,0,0,116,111,21058,4,0,0,4,5
2020-09-26,US,Minnesota,Freeborn,542,4,0,43.67385583,-93.34884422,27047.0,1789.901258214722,0.7380073800738007,538,540,4,0,536,532,30444,2,0,0,2,8
2020-09-26,US,Minnesota,Goodhue,365,9,0,44.40849741,-92.72341949999999,27049.0,787.6564523090202,2.4657534246575343,356,360,9,0,351,351,46403,5,0,0,5,9
2020-09-26,US,Minnesota,Grant,61,4,0,45.93424769,-96.01139609,27051.0,1021.4333556597456,6.557377049180328,57,61,4,0,57,59,6021,0,0,0,0,2
2020-09-26,US,Minnesota,Hennepin,26960,930,0,45.00761521,-93.47694895,27053.0,2129.805986998388,3.449554896142433,26030,26706,928,0,25778,26447,1259428,254,2,0,252,259
2020-09-26,US,Minnesota,Houston,128,0,0,43.67129565,-91.49143057,27055.0,688.1720430107525,0.0,128,125,0,0,125,121,18578,3,0,0,3,4
2020-09-26,US,Minnesota,Hubbard,103,1,0,47.10778564,-94.91693868,27057.0,479.270392257224,0.9708737864077671,102,97,1,0,96,94,21332,6,0,0,6,3
2020-09-26,US,Minnesota,Isanti,297,1,0,45.56181234,-93.29487636,27059.0,731.5991723322494,0.3367003367003367,296,289,0,0,289,279,39966,8,1,0,7,10
2020-09-26,US,Minnesota,Itasca,328,14,0,47.51009045,-93.63092229,27061.0,726.7892754265456,4.2682926829268295,314,313,14,0,299,303,45108,15,0,0,15,10
2020-09-26,US,Minnesota,Jackson,148,1,0,43.67423373,-95.15398258,27063.0,1503.1484866951043,0.6756756756756757,147,145,1,0,144,141,9911,3,0,0,3,4
2020-09-26,US,Minnesota,Kanabec,125,8,0,45.9459309,-93.29275192,27065.0,765.1343575931934,6.4,117,119,8,0,111,117,16207,6,0,0,6,2
2020-09-26,US,Minnesota,Kandiyohi,1011,2,0,45.1526059,-95.00586446,27067.0,2340.3319521285216,0.19782393669634027,1009,982,2,0,980,972,42855,29,0,0,29,10
2020-09-26,US,Minnesota,Kittson,12,0,0,48.77754106,-96.78317184,27069.0,279.1996277338297,0.0,12,12,0,0,12,12,4248,0,0,0,0,0
2020-09-26,US,Minnesota,Koochiching,122,3,0,48.24539665,-93.78352843,27071.0,997.6285877831384,2.459016393442623,119,121,3,0,118,121,12440,1,0,0,1,0
2020-09-26,US,Minnesota,Lac qui Parle,58,1,0,44.9973857,-96.17488219,27073.0,875.7360712667978,1.7241379310344829,57,53,1,0,52,50,6658,5,0,0,5,3
2020-09-26,US,Minnesota,Lake,59,0,0,47.64270764,-91.44557998,27075.0,554.4591673714876,0.0,59,58,0,0,58,58,10658,1,0,0,1,0
2020-09-26,US,Minnesota,Lake of the Woods,22,1,0,48.77217001,-94.90274472,27077.0,588.2352941176471,4.545454545454546,21,21,1,0,20,21,3758,1,0,0,1,0
2020-09-26,US,Minnesota,Le Sueur,467,4,0,44.37136597,-93.72844721,27079.0,1616.644165195417,0.8565310492505354,463,460,4,0,456,452,28494,7,0,0,7,8
2020-09-26,US,Minnesota,Lincoln,111,0,0,44.41311883,-96.26688165,27081.0,1968.4341195247384,0.0,111,111,0,0,111,108,5673,0,0,0,0,3
2020-09-26,US,Minnesota,Lyon,695,4,0,44.41327865,-95.83806103,27083.0,2728.2719635706994,0.5755395683453237,691,678,4,0,674,667,25629,17,0,0,17,11
2020-09-26,US,Minnesota,Mahnomen,48,1,0,47.32557075,-95.80921485,27087.0,868.4639044689708,2.083333333333333,47,46,1,0,45,46,5519,2,0,0,2,0
2020-09-26,US,Minnesota,Marshall,52,1,0,48.35825983,-96.37017407,27089.0,556.9837189374465,1.9230769230769231,51,51,1,0,50,50,9390,1,0,0,1,1
2020-09-26,US,Minnesota,Martin,408,10,0,43.67429718,-94.55099908,27091.0,2072.8547477518673,2.4509803921568634,398,394,10,0,384,372,19785,14,0,0,14,22
2020-09-26,US,Minnesota,McLeod,488,2,0,44.82367677,-94.27287017,27085.0,1359.5965787200846,0.4098360655737705,486,478,2,0,476,475,35873,10,0,0,10,3
2020-09-26,US,Minnesota,Meeker,202,2,0,45.12328869,-94.52839455,27093.0,869.8647833950563,0.99009900990099,200,198,2,0,196,194,23141,4,0,0,4,4
2020-09-26,US,Minnesota,Mille Lacs,164,3,0,45.93705297,-93.63236823,27095.0,624.1199528104428,1.8292682926829267,161,158,3,0,155,154,26139,6,0,0,6,4
2020-09-26,US,Minnesota,Morrison,249,2,0,46.01265363,-94.27341528,27097.0,745.821601869047,0.8032128514056225,247,233,1,0,232,222,33169,16,1,0,15,11
2020-09-26,US,Minnesota,Mower,1328,5,0,43.67142874,-92.75234549,27099.0,3314.8619639558683,0.3765060240963856,1323,1322,5,0,1317,1312,40011,6,0,0,6,10
2020-09-26,US,Minnesota,Murray,164,2,0,44.02216709,-95.76328482,27101.0,2001.4644862094215,1.2195121951219512,162,163,2,0,161,158,8276,1,0,0,1,5
2020-09-26,US,Minnesota,Nicollet,540,16,0,44.35291112,-94.24710352,27103.0,1575.538308922215,2.962962962962963,524,529,16,0,513,521,34220,11,0,0,11,8
2020-09-26,US,Minnesota,Nobles,1971,16,0,43.67434621,-95.75329576,27105.0,9112.765268852005,0.8117706747843734,1955,1961,16,0,1945,1954,21924,10,0,0,10,7
2020-09-26,US,Minnesota,Norman,54,0,0,47.32628443,-96.45620947,27107.0,847.0588235294118,0.0,54,54,0,0,54,53,6475,0,0,0,0,1
2020-09-26,US,Minnesota,Olmsted,2446,28,0,44.00374114,-92.40209944,27109.0,1545.2357337342776,1.144726083401472,2418,2388,28,0,2360,2367,156277,58,0,0,58,21
2020-09-26,US,Minnesota,Otter Tail,441,4,0,46.40846929,-95.70835255,27111.0,750.6894086405882,0.90702947845805,437,430,4,0,426,422,58812,11,0,0,11,8
2020-09-26,US,Minnesota,Pennington,119,1,0,48.06642577,-96.0370814,27113.0,842.835894893406,0.8403361344537815,118,117,1,0,116,116,14178,2,0,0,2,1
2020-09-26,US,Minnesota,Pine,328,0,0,46.12105238,-92.74070188,27115.0,1108.8948240305622,0.0,328,319,0,0,319,309,29483,9,0,0,9,10
2020-09-26,US,Minnesota,Pipestone,225,10,0,44.02301619,-96.25841142,27117.0,2465.483234714004,4.4444444444444455,215,220,10,0,210,217,9047,5,0,0,5,3
2020-09-26,US,Minnesota,Polk,305,4,0,47.77372465,-96.40134647,27119.0,972.4524933044256,1.3114754098360657,301,305,4,0,301,298,31529,0,0,0,0,7
2020-09-26,US,Minnesota,Pope,94,0,0,45.58606667,-95.44451209,27121.0,835.6298337630011,0.0,94,92,0,0,92,92,11097,2,0,0,2,0
2020-09-26,US,Minnesota,Ramsey,10911,320,0,45.01625271,-93.09872295,27123.0,1982.661028745041,2.932820089817615,10591,10775,319,0,10456,10697,550210,136,1,0,135,78
2020-09-26,US,Minnesota,Red Lake,45,1,0,47.87197525,-96.09561104,27125.0,1109.7410604192357,2.2222222222222223,44,44,1,0,43,42,3999,1,0,0,1,2
2020-09-26,US,Minnesota,Redwood,167,3,0,44.40555844,-95.25207021,27127.0,1100.856954515491,1.7964071856287425,164,158,1,0,157,154,15249,9,2,0,7,4
2020-09-26,US,Minnesota,Renville,151,8,0,44.72836381,-94.94553734,27129.0,1037.9433599120157,5.298013245033113,143,147,8,0,139,142,14612,4,0,0,4,5
2020-09-26,US,Minnesota,Rice,1335,8,0,44.3543376,-93.29658715,27131.0,1993.3703637340973,0.599250936329588,1327,1328,8,0,1320,1322,66523,7,0,0,7,6
2020-09-26,US,Minnesota,Rock,173,0,0,43.67482683,-96.25296832,27133.0,1857.2195383789588,0.0,173,166,0,0,166,164,9414,7,0,0,7,2
2020-09-26,US,Minnesota,Roseau,123,0,0,48.77501878,-95.81079919,27135.0,811.0781404549948,0.0,123,118,0,0,118,117,15150,5,0,0,5,1
2020-09-26,US,Minnesota,Scott,2574,33,0,44.6490231,-93.53340251,27139.0,1727.3660687322586,1.2820512820512822,2541,2532,33,0,2499,2500,147381,42,0,0,42,32
2020-09-26,US,Minnesota,Sherburne,1150,14,0,45.44447208,-93.77617511,27141.0,1182.6652131882595,1.2173913043478262,1136,1137,14,0,1123,1125,96036,13,0,0,13,12
2020-09-26,US,Minnesota,Sibley,192,3,0,44.5796592,-94.23164924,27143.0,1291.624621594349,1.5625,189,191,3,0,188,186,15028,1,0,0,1,5
2020-09-26,US,Minnesota,St. Louis,1602,41,0,47.604840700000004,-92.46879855,27137.0,804.7420505349878,2.5593008739076155,1561,1555,39,0,1516,1480,199754,47,2,0,45,75
2020-09-26,US,Minnesota,Stearns,4010,24,0,45.55192576,-94.61078221,27145.0,2489.523513891045,0.5985037406483791,3986,3950,24,0,3926,3909,159256,60,0,0,60,41
2020-09-26,US,Minnesota,Steele,547,2,0,44.02240351,-93.22627088,27147.0,1492.5373134328354,0.3656307129798903,545,540,2,0,538,533,36803,7,0,0,7,7
2020-09-26,US,Minnesota,Stevens,103,1,0,45.58613007,-96.00163705,27149.0,1050.484446710862,0.9708737864077671,102,97,1,0,96,94,9753,6,0,0,6,3
2020-09-26,US,Minnesota,Swift,138,1,0,45.2829032,-95.68264092,27151.0,1489.3157781135333,0.7246376811594203,137,137,1,0,136,127,9345,1,0,0,1,10
2020-09-26,US,Minnesota,Todd,495,2,0,46.06996226,-94.89785296,27153.0,2006.9737268893928,0.404040404040404,493,488,2,0,486,487,24582,7,0,0,7,1
2020-09-26,US,Minnesota,Traverse,31,0,0,45.77298854,-96.47062949,27155.0,951.2120282295184,0.0,31,29,0,0,29,29,3308,2,0,0,2,0
2020-09-26,US,Minnesota,Unassigned,170,52,0,0.0,0.0,90027.0,0.0,30.588235294117645,118,155,52,0,103,150,,15,0,0,15,5
2020-09-26,US,Minnesota,Wabasha,196,0,0,44.28424356,-92.23121312,27157.0,906.2745642021547,0.0,196,188,0,0,188,183,21645,8,0,0,8,5
2020-09-26,US,Minnesota,Wadena,69,0,0,46.58589171,-94.96968506,27159.0,504.3122350533548,0.0,69,68,0,0,68,67,13773,1,0,0,1,1
2020-09-26,US,Minnesota,Waseca,669,8,0,44.02211116,-93.58720034,27161.0,3594.455190199871,1.195814648729447,661,614,8,0,606,612,18691,55,0,0,55,2
2020-09-26,US,Minnesota,Washington,3799,55,0,45.03864533,-92.88429635,27163.0,1447.5689681451001,1.4477494077388786,3744,3735,55,0,3680,3689,259201,64,0,0,64,46
2020-09-26,US,Minnesota,Watonwan,528,4,0,43.97823903,-94.61413846,27165.0,4845.370285399651,0.7575757575757576,524,520,4,0,516,516,10980,8,0,0,8,4
2020-09-26,US,Minnesota,Wilkin,65,3,0,46.35721532,-96.4684375,27167.0,1047.2047688094087,4.615384615384615,62,63,3,0,60,61,6254,2,0,0,2,2
2020-09-26,US,Minnesota,Winona,887,18,0,43.98772283,-91.78081305,27169.0,1756.9923143966407,2.0293122886133035,869,870,18,0,852,863,50825,17,0,0,17,7
2020-09-26,US,Minnesota,Wright,1632,7,0,45.17297924,-93.96234781,27171.0,1179.386747797683,0.42892156862745096,1625,1603,7,0,1596,1573,136349,29,0,0,29,30
2020-09-26,US,Minnesota,Yellow Medicine,182,2,0,44.71710183,-95.86842453,27173.0,1874.5493871665467,1.0989010989010992,180,176,2,0,174,175,9795,6,0,0,6,1
2020-09-26,US,Mississippi,Adams,941,37,0,31.47669768,-91.35326037,28001.0,3065.845632554654,3.931987247608927,904,938,37,0,901,930,31192,3,0,0,3,8
2020-09-26,US,Mississippi,Alcorn,820,11,0,34.88084463,-88.57996173,28003.0,2219.034990393202,1.3414634146341464,809,803,11,0,792,791,36925,17,0,0,17,12
2020-09-26,US,Mississippi,Amite,332,10,0,31.17467303,-90.80501621,28005.0,2699.8454907701066,3.0120481927710845,322,329,10,0,319,325,12326,3,0,0,3,4
2020-09-26,US,Mississippi,Attala,667,25,0,33.08658803,-89.57838564,28007.0,3670.078133597447,3.748125937031484,642,659,25,0,634,654,18365,8,0,0,8,5
2020-09-26,US,Mississippi,Benton,227,3,0,34.81681228,-89.18945516,28009.0,2748.5167695846953,1.3215859030837005,224,226,3,0,223,225,8271,1,0,0,1,1
2020-09-26,US,Mississippi,Bolivar,1845,66,0,33.79696941,-90.87372121,28011.0,6023.899699621262,3.5772357723577235,1779,1840,66,0,1774,1823,31333,5,0,0,5,17
2020-09-26,US,Mississippi,Calhoun,521,12,0,33.93683395,-89.33686647,28013.0,3627.88106677808,2.3032629558541267,509,515,12,0,503,513,14436,6,0,0,6,2
2020-09-26,US,Mississippi,Carroll,319,12,0,33.44834567,-89.91994479,28015.0,3206.997084548105,3.761755485893417,307,316,12,0,304,315,9911,3,0,0,3,1
2020-09-26,US,Mississippi,Chickasaw,684,24,0,33.91983202,-88.9481545,28017.0,3999.298368707244,3.5087719298245608,660,679,24,0,655,670,17171,5,0,0,5,9
2020-09-26,US,Mississippi,Choctaw,186,6,0,33.34598242,-89.24809382,28019.0,2265.5298416565165,3.2258064516129035,180,185,6,0,179,181,8278,1,0,0,1,4
2020-09-26,US,Mississippi,Claiborne,465,16,0,31.97061673,-90.90702196,28021.0,5173.564753004005,3.4408602150537635,449,463,16,0,447,462,9002,2,0,0,2,1
2020-09-26,US,Mississippi,Clarke,600,46,0,32.04158545,-88.68896219999998,28023.0,3860.755421144071,7.666666666666668,554,587,46,0,541,581,15604,13,0,0,13,6
2020-09-26,US,Mississippi,Clay,595,18,0,33.65358105,-88.77784255,28025.0,3080.3478981155517,3.0252100840336134,577,592,18,0,574,589,19386,3,0,0,3,3
2020-09-26,US,Mississippi,Coahoma,1163,29,0,34.22772299,-90.60415045,28027.0,5256.734767673115,2.493551160791057,1134,1155,28,0,1127,1150,22628,8,1,0,7,5
2020-09-26,US,Mississippi,Copiah,1191,33,0,31.86977774,-90.44565118,28029.0,4243.719935863175,2.7707808564231735,1158,1184,33,0,1151,1171,28543,7,0,0,7,13
2020-09-26,US,Mississippi,Covington,827,22,0,31.63225413,-89.55389939,28031.0,4437.647563854905,2.660217654171705,805,820,22,0,798,819,18853,7,0,0,7,1
2020-09-26,US,Mississippi,DeSoto,5594,60,0,34.87625235,-89.99091418,28033.0,3024.683013868988,1.0725777618877368,5534,5565,59,0,5506,5521,182001,29,1,0,28,44
2020-09-26,US,Mississippi,Forrest,2489,73,0,31.18961454,-89.25832496,28035.0,3323.2305699827757,2.932904781036561,2416,2478,72,0,2406,2455,75036,11,1,0,10,23
2020-09-26,US,Mississippi,Franklin,193,3,0,31.47786634,-90.89672989,28037.0,2502.268896667963,1.5544041450777202,190,192,3,0,189,192,7788,1,0,0,1,0
2020-09-26,US,Mississippi,George,780,13,0,30.86259065,-88.64436789,28039.0,3183.673469387755,1.6666666666666667,767,771,13,0,758,765,24250,9,0,0,9,6
2020-09-26,US,Mississippi,Greene,388,17,0,31.21444233,-88.63922281,28041.0,2855.8810540262034,4.3814432989690735,371,375,17,0,358,366,13586,13,0,0,13,9
2020-09-26,US,Mississippi,Grenada,1090,36,0,33.77036166,-89.80245083,28043.0,5250.987571056942,3.3027522935779823,1054,1083,36,0,1047,1077,21055,7,0,0,7,6
2020-09-26,US,Mississippi,Hancock,587,22,0,30.41830223,-89.48851033,28045.0,1232.3647967752772,3.7478705281090288,565,582,22,0,560,577,47334,5,0,0,5,5
2020-09-26,US,Mississippi,Harrison,3883,74,0,30.51359752,-89.12467576,28047.0,1866.1091887735488,1.9057429822302343,3809,3853,74,0,3779,3829,206650,30,0,0,30,24
2020-09-26,US,Mississippi,Hinds,7143,160,0,32.2656285,-90.44435448,28049.0,3081.0041407867493,2.2399552008959818,6983,7110,159,0,6951,7063,237085,33,1,0,32,47
2020-09-26,US,Mississippi,Holmes,1098,59,0,33.12345854,-90.08923538,28051.0,6455.026455026455,5.373406193078325,1039,1096,59,0,1037,1095,17622,2,0,0,2,1
2020-09-26,US,Mississippi,Humphreys,377,15,0,33.12825718,-90.52252707,28053.0,4675.099206349207,3.9787798408488064,362,377,15,0,362,376,8257,0,0,0,0,1
2020-09-26,US,Mississippi,Issaquena,105,3,0,32.72531359,-90.97392828,28055.0,7912.584777694045,2.8571428571428568,102,104,3,0,101,104,1308,1,0,0,1,0
2020-09-26,US,Mississippi,Itawamba,826,21,0,34.27993475,-88.3606733,28057.0,3531.423685335613,2.5423728813559316,805,815,21,0,794,794,23517,11,0,0,11,21
2020-09-26,US,Mississippi,Jackson,3505,70,0,30.54020656,-88.64184064,28059.0,2440.518880076871,1.9971469329529243,3435,3486,70,0,3416,3456,143277,19,0,0,19,30
2020-09-26,US,Mississippi,Jasper,575,15,0,32.01922104,-89.11786866,28061.0,3509.735701641946,2.608695652173913,560,573,15,0,558,568,16428,2,0,0,2,5
2020-09-26,US,Mississippi,Jefferson,243,9,0,31.73397872,-91.03764977,28063.0,3476.3948497854076,3.703703703703704,234,243,9,0,234,244,7106,0,0,0,0,-1
2020-09-26,US,Mississippi,Jefferson Davis,342,11,0,31.56884708,-89.82670990000004,28065.0,3073.3285406182604,3.2163742690058483,331,341,11,0,330,339,11234,1,0,0,1,2
2020-09-26,US,Mississippi,Jones,2487,79,0,31.62257767,-89.16896899999998,28067.0,3652.089635525273,3.176517893043828,2408,2475,79,0,2396,2468,68461,12,0,0,12,7
2020-09-26,US,Mississippi,Kemper,290,15,0,32.75462946,-88.64105766,28069.0,2976.8014781359066,5.172413793103448,275,289,15,0,274,288,10027,1,0,0,1,1
2020-09-26,US,Mississippi,Lafayette,2191,39,0,34.35687874,-89.48490961,28071.0,4055.9803032266414,1.7800091282519397,2152,2173,39,0,2134,2154,54793,18,0,0,18,19
2020-09-26,US,Mississippi,Lamar,1716,35,0,31.20572971,-89.5077704,28073.0,2709.060196075336,2.03962703962704,1681,1700,35,0,1665,1675,62447,16,0,0,16,25
2020-09-26,US,Mississippi,Lauderdale,2059,125,0,32.40419769,-88.66229662,28075.0,2777.7403035413154,6.070908207867897,1934,2049,125,0,1924,2044,75317,10,0,0,10,5
2020-09-26,US,Mississippi,Lawrence,433,13,0,31.55147224,-90.10841127,28077.0,3440.3305259812487,3.0023094688221708,420,433,13,0,420,431,12455,0,0,0,0,2
2020-09-26,US,Mississippi,Leake,960,38,0,32.7536828,-89.52402044,28079.0,4213.11331519354,3.9583333333333335,922,953,38,0,915,953,22763,7,0,0,7,0
2020-09-26,US,Mississippi,Lee,2736,70,0,34.291877500000005,-88.68149954,28081.0,3202.3971159698494,2.5584795321637426,2666,2714,68,0,2646,2683,85202,22,2,0,20,31
2020-09-26,US,Mississippi,Leflore,1410,81,0,33.55545125,-90.29900733,28083.0,5003.016002554731,5.74468085106383,1329,1404,81,0,1323,1395,28919,6,0,0,6,9
2020-09-26,US,Mississippi,Lincoln,1102,53,0,31.53288662,-90.45391915,28085.0,3226.6565162650427,4.809437386569873,1049,1090,53,0,1037,1083,34205,12,0,0,12,7
2020-09-26,US,Mississippi,Lowndes,1580,58,0,33.47386518,-88.44191529999998,28087.0,2696.4758085160847,3.6708860759493667,1522,1569,58,0,1511,1526,58930,11,0,0,11,43
2020-09-26,US,Mississippi,Madison,3310,89,0,32.63389156,-90.03513564,28089.0,3114.649202047576,2.688821752265861,3221,3297,88,0,3209,3265,105630,13,1,0,12,32
2020-09-26,US,Mississippi,Marion,865,35,0,31.23132643,-89.8209217,28091.0,3520.123713018353,4.0462427745664735,830,859,35,0,824,857,24715,6,0,0,6,2
2020-09-26,US,Mississippi,Marshall,1106,17,0,34.76216286,-89.50299462,28093.0,3133.677112257041,1.5370705244122966,1089,1095,17,0,1078,1092,35451,11,0,0,11,3
2020-09-26,US,Mississippi,Monroe,1235,68,0,33.89236763,-88.4808438,28095.0,3503.347327811188,5.506072874493927,1167,1228,68,0,1160,1221,35564,7,0,0,7,7
2020-09-26,US,Mississippi,Montgomery,464,20,0,33.49419589,-89.61729103,28097.0,4746.803069053708,4.310344827586206,444,461,20,0,441,459,10023,3,0,0,3,2
2020-09-26,US,Mississippi,Neshoba,1579,104,0,32.75339664,-89.11726492,28099.0,5422.762552373102,6.586447118429387,1475,1566,104,0,1462,1559,29125,13,0,0,13,7
2020-09-26,US,Mississippi,Newton,772,24,0,32.40021118,-89.11843336,28101.0,3673.042154343896,3.1088082901554404,748,770,24,0,746,767,21443,2,0,0,2,3
2020-09-26,US,Mississippi,Noxubee,551,16,0,33.11009499,-88.56949061,28103.0,5289.430738216377,2.9038112522686026,535,548,16,0,532,548,10535,3,0,0,3,0
2020-09-26,US,Mississippi,Oktibbeha,1799,52,0,33.42491685,-88.87905132,28105.0,3627.9670074818,2.8904947192884936,1747,1778,50,0,1728,1773,49599,21,2,0,19,5
2020-09-26,US,Mississippi,Panola,1499,30,0,34.36398677,-89.95064249,28107.0,4384.066448291998,2.0013342228152102,1469,1471,29,0,1442,1463,34178,28,1,0,27,8
2020-09-26,US,Mississippi,Pearl River,892,53,0,30.77090935,-89.58677275,28109.0,1606.1942918879984,5.941704035874438,839,883,53,0,830,873,55387,9,0,0,9,10
2020-09-26,US,Mississippi,Perry,424,19,0,31.17161885,-88.99281835,28111.0,3541.301261170968,4.481132075471698,405,423,19,0,404,419,11931,1,0,0,1,4
2020-09-26,US,Mississippi,Pike,1240,51,0,31.17507789,-90.40392572,28113.0,3156.1800040724897,4.112903225806451,1189,1234,51,0,1183,1230,39563,6,0,0,6,4
2020-09-26,US,Mississippi,Pontotoc,1278,16,0,34.226046000000004,-89.03636807,28115.0,3972.151426617766,1.2519561815336464,1262,1266,16,0,1250,1259,31833,12,0,0,12,7
2020-09-26,US,Mississippi,Prentiss,862,17,0,34.61810501,-88.51986294,28117.0,3430.709225503463,1.9721577726218096,845,855,17,0,838,844,25315,7,0,0,7,11
2020-09-26,US,Mississippi,Quitman,377,5,0,34.25157572,-90.28908,28119.0,5550.6478209658435,1.326259946949602,372,373,5,0,368,372,7051,4,0,0,4,1
2020-09-26,US,Mississippi,Rankin,3306,79,0,32.26469147,-89.94537876,28121.0,2129.1805939293235,2.3895946763460376,3227,3293,77,0,3216,3256,153902,13,2,0,11,37
2020-09-26,US,Mississippi,Scott,1176,27,0,32.406704100000006,-89.53789439,28123.0,4181.482008249182,2.295918367346939,1149,1174,27,0,1147,1173,28287,2,0,0,2,1
2020-09-26,US,Mississippi,Sharkey,266,13,0,32.88149103,-90.81595379999999,28125.0,6155.982411478824,4.887218045112782,253,266,13,0,253,265,4377,0,0,0,0,1
2020-09-26,US,Mississippi,Simpson,1046,46,0,31.91282117,-89.91716179,28127.0,3923.775226948759,4.397705544933078,1000,1033,46,0,987,1025,26758,13,0,0,13,8
2020-09-26,US,Mississippi,Smith,534,15,0,32.01744532,-89.50644846,28129.0,3355.114350339281,2.808988764044944,519,532,15,0,517,531,16002,2,0,0,2,1
2020-09-26,US,Mississippi,Stone,374,12,0,30.79187949,-89.11547539,28131.0,2039.7033158813265,3.2085561497326203,362,371,12,0,359,370,18717,3,0,0,3,1
2020-09-26,US,Mississippi,Sunflower,1471,46,0,33.60192578,-90.58882684,28133.0,5858.223815213061,3.127124405166553,1425,1465,46,0,1419,1445,25735,6,0,0,6,20
2020-09-26,US,Mississippi,Tallahatchie,773,21,0,33.95339918,-90.1729398,28135.0,5597.798537185893,2.7166882276843465,752,770,21,0,749,763,13987,3,0,0,3,7
2020-09-26,US,Mississippi,Tate,1004,37,0,34.65133709,-89.94485778,28137.0,3545.07256099714,3.6852589641434266,967,987,37,0,950,976,28759,17,0,0,17,11
2020-09-26,US,Mississippi,Tippah,671,17,0,34.76872156,-88.90988194,28139.0,3047.921871451283,2.5335320417287632,654,669,17,0,652,665,21995,2,0,0,2,4
2020-09-26,US,Mississippi,Tishomingo,690,38,0,34.74023475,-88.23917219,28141.0,3559.820461228912,5.507246376811594,652,682,38,0,644,672,19454,8,0,0,8,10
2020-09-26,US,Mississippi,Tunica,497,15,0,34.64967704,-90.37481167,28143.0,5159.883720930233,3.0181086519114686,482,486,15,0,471,483,9944,11,0,0,11,3
2020-09-26,US,Mississippi,Union,998,24,0,34.49162015,-89.00776006,28145.0,3463.473885129273,2.404809619238477,974,997,24,0,973,993,28606,1,0,0,1,4
2020-09-26,US,Mississippi,Walthall,601,26,0,31.14971548,-90.10446654,28147.0,4206.915861682766,4.3261231281198,575,600,26,0,574,598,14465,1,0,0,1,2
2020-09-26,US,Mississippi,Warren,1407,50,0,32.35810271,-90.83352619,28149.0,3100.4164738546974,3.5536602700781805,1357,1405,50,0,1355,1402,46176,2,0,0,2,3
2020-09-26,US,Mississippi,Washington,2259,77,0,33.28392041,-90.94196237,28151.0,5144.731148511693,3.408587870739265,2182,2238,72,0,2166,2219,45063,21,5,0,16,19
2020-09-26,US,Mississippi,Wayne,904,21,0,31.64135687,-88.69573913,28153.0,4479.016994500323,2.3230088495575223,883,900,21,0,879,894,20298,4,0,0,4,6
2020-09-26,US,Mississippi,Webster,338,13,0,33.61300486,-89.28392912,28155.0,3488.4921044483435,3.8461538461538463,325,338,13,0,325,336,9788,0,0,0,0,2
2020-09-26,US,Mississippi,Wilkinson,305,18,0,31.16078225,-91.31018819,28157.0,3534.1830822711468,5.9016393442622945,287,305,18,0,287,303,8792,0,0,0,0,2
2020-09-26,US,Mississippi,Winston,742,19,0,33.08747908,-89.03391385,28159.0,4132.553606237817,2.5606469002695422,723,738,19,0,719,737,18165,4,0,0,4,1
2020-09-26,US,Mississippi,Yalobusha,435,14,0,34.02824175,-89.70762049999998,28161.0,3592.6660059464807,3.218390804597701,421,433,14,0,419,428,12392,2,0,0,2,5
2020-09-26,US,Mississippi,Yazoo,1062,30,0,32.77890365,-90.39656148,28163.0,3576.961940047154,2.824858757062147,1032,1059,30,0,1029,1055,28248,3,0,0,3,4
2020-09-26,US,Missouri,Adair,338,0,0,40.19058551,-92.60078167,29001.0,1333.70161385787,0.0,338,331,0,0,331,330,25339,7,0,0,7,1
2020-09-26,US,Missouri,Andrew,250,2,0,39.98492163,-94.80163024,29003.0,1411.4724480578134,0.8,248,244,2,0,242,241,17607,6,0,0,6,3
2020-09-26,US,Missouri,Atchison,52,0,0,40.43238737,-95.42970639,29005.0,1011.0830254715147,0.0,52,51,0,0,51,51,5171,1,0,0,1,0
2020-09-26,US,Missouri,Audrain,424,4,0,39.215877,-91.84242683,29007.0,1670.0803529226407,0.9433962264150944,420,420,2,0,418,416,25473,4,2,0,2,4
2020-09-26,US,Missouri,Barry,478,6,0,36.70978521,-93.82919888,29009.0,1335.605912431194,1.2552301255230125,472,473,6,0,467,461,35886,5,0,0,5,12
2020-09-26,US,Missouri,Barton,183,0,0,37.50207671,-94.34757022,29011.0,1556.9167942827976,0.0,183,180,0,0,180,178,11798,3,0,0,3,2
2020-09-26,US,Missouri,Bates,116,2,0,38.25271289,-94.34113157,29013.0,717.2891417264408,1.7241379310344829,114,113,2,0,111,104,16320,3,0,0,3,9
2020-09-26,US,Missouri,Benton,317,3,0,38.29503305,-93.28756116,29015.0,1630.4068302216735,0.946372239747634,314,304,3,0,301,289,19278,13,0,0,13,15
2020-09-26,US,Missouri,Bollinger,348,1,0,37.32449052,-90.02725304,29017.0,2868.210665128163,0.28735632183908044,347,344,1,0,343,333,12169,4,0,0,4,11
2020-09-26,US,Missouri,Boone,4655,10,0,38.99186229,-92.30723575,29019.0,2579.4761252999233,0.21482277121374865,4645,4628,8,0,4620,4548,180005,27,2,0,25,80
2020-09-26,US,Missouri,Buchanan,1971,16,0,39.65816401,-94.80138942,29021.0,2256.078018405751,0.8117706747843734,1955,1919,16,0,1903,1867,88571,52,0,0,52,52
2020-09-26,US,Missouri,Butler,646,7,0,36.71462476,-90.40421163,29023.0,1520.7872310372434,1.08359133126935,639,640,6,0,634,617,42639,6,1,0,5,23
2020-09-26,US,Missouri,Caldwell,93,1,0,39.65620858,-93.98308093,29025.0,1031.0421286031042,1.075268817204301,92,89,1,0,88,82,9108,4,0,0,4,7
2020-09-26,US,Missouri,Callaway,652,3,0,38.83674754,-91.92186505,29027.0,1457.2111838723376,0.4601226993865031,649,638,2,0,636,618,44889,14,1,0,13,20
2020-09-26,US,Missouri,Camden,989,11,0,38.02199522,-92.76083747,29029.0,2135.8384623690745,1.1122345803842264,978,939,11,0,928,902,45815,50,0,0,50,37
2020-09-26,US,Missouri,Cape Girardeau,1726,15,0,37.38489388,-89.6843587,29031.0,2188.3835630333074,0.8690614136732329,1711,1678,12,0,1666,1620,78753,48,3,0,45,58
2020-09-26,US,Missouri,Carroll,134,2,0,39.42762566,-93.50626255,29033.0,1543.956677036525,1.492537313432836,132,132,1,0,131,138,8743,2,1,0,1,-6
2020-09-26,US,Missouri,Carter,104,1,0,36.94160441,-90.96051322,29035.0,1738.5489802741558,0.9615384615384616,103,100,1,0,99,93,6054,4,0,0,4,7
2020-09-26,US,Missouri,Cass,1502,24,0,38.64789422,-94.353399,29037.0,1419.9281527698995,1.5978695073235685,1478,1489,22,0,1467,1457,104954,13,2,0,11,32
2020-09-26,US,Missouri,Cedar,107,0,0,37.72391475,-93.85445441,29039.0,745.6965642205032,0.0,107,103,0,0,103,102,14165,4,0,0,4,1
2020-09-26,US,Missouri,Chariton,47,0,0,39.51499357,-92.9629191,29041.0,632.9113924050632,0.0,47,47,0,0,47,47,7451,0,0,0,0,0
2020-09-26,US,Missouri,Christian,1417,6,0,36.9711783,-93.18537118,29043.0,1599.4130594277328,0.4234297812279464,1411,1372,5,0,1367,1344,86983,45,1,0,44,28
2020-09-26,US,Missouri,Clark,65,0,0,40.41040752,-91.73661677,29045.0,956.3042518758276,0.0,65,64,0,0,64,61,6842,1,0,0,1,3
2020-09-26,US,Missouri,Clay,1817,41,0,39.31132056,-94.41850862,29047.0,726.9512058508168,2.2564667033571824,1776,1799,41,0,1758,1773,246365,18,0,0,18,26
2020-09-26,US,Missouri,Clinton,236,0,0,39.6013098,-94.40465394,29049.0,1157.6004316476185,0.0,236,231,0,0,231,221,20470,5,0,0,5,10
2020-09-26,US,Missouri,Cole,1535,14,0,38.50455671,-92.27860244,29051.0,2000.130301648316,0.9120521172638436,1521,1509,11,0,1498,1481,76796,26,3,0,23,28
2020-09-26,US,Missouri,Cooper,426,2,0,38.844478,-92.80896081,29053.0,2405.556496696595,0.4694835680751174,424,419,2,0,417,410,17603,7,0,0,7,9
2020-09-26,US,Missouri,Crawford,397,4,0,37.97663738,-91.30528104,29055.0,1659.6989966555184,1.0075566750629723,393,391,4,0,387,388,23957,6,0,0,6,3
2020-09-26,US,Missouri,Dade,62,0,0,37.431814,-93.8503345,29057.0,819.9973548472424,0.0,62,61,0,0,61,56,7569,1,0,0,1,5
2020-09-26,US,Missouri,Dallas,189,1,0,37.681135499999996,-93.02127031,29059.0,1119.8009242801281,0.5291005291005291,188,190,1,0,189,185,16762,-1,0,0,-1,5
2020-09-26,US,Missouri,Daviess,114,1,0,39.96145298,-93.98519678,29061.0,1377.144237738585,0.8771929824561403,113,112,1,0,111,106,8313,2,0,0,2,6
2020-09-26,US,Missouri,DeKalb,133,2,0,39.89201062,-94.40476508,29063.0,1060.0143460588188,1.5037593984962403,131,131,2,0,129,127,12630,2,0,0,2,4
2020-09-26,US,Missouri,Dent,146,2,0,37.60663134,-91.50790473,29065.0,937.5200667822513,1.3698630136986298,144,142,1,0,141,139,15441,4,1,0,3,3
2020-09-26,US,Missouri,Douglas,193,3,0,36.9325593,-92.49905109,29067.0,1463.7846037163442,1.5544041450777202,190,188,3,0,185,178,13373,5,0,0,5,10
2020-09-26,US,Missouri,Dunklin,784,8,0,36.27167174,-90.09122243,29069.0,2691.291064501733,1.020408163265306,776,779,7,0,772,769,29423,5,1,0,4,10
2020-09-26,US,Missouri,Franklin,1711,29,0,38.41127108,-91.07522826,29071.0,1645.7145055642654,1.6949152542372878,1682,1681,29,0,1652,1642,103670,30,0,0,30,39
2020-09-26,US,Missouri,Gasconade,166,21,0,38.43947277,-91.50847147,29073.0,1128.7909696722427,12.650602409638553,145,160,18,0,142,157,14705,6,3,0,3,3
2020-09-26,US,Missouri,Gentry,118,9,0,40.21097916,-94.40944419,29075.0,1795.7692893014762,7.627118644067798,109,118,9,0,109,118,6628,0,0,0,0,0
2020-09-26,US,Missouri,Greene,6107,56,0,37.2575872,-93.34230916,29077.0,2083.6887466477415,0.9169805141640741,6051,5934,54,0,5880,5807,291923,173,2,0,171,127
2020-09-26,US,Missouri,Grundy,191,4,0,40.11406587,-93.56509276,29079.0,1939.0862944162438,2.094240837696335,187,183,3,0,180,179,9914,8,1,0,7,4
2020-09-26,US,Missouri,Harrison,107,1,0,40.35570088,-93.99222144,29081.0,1281.1302681992338,0.9345794392523364,106,107,1,0,106,106,8414,0,0,0,0,1
2020-09-26,US,Missouri,Henry,196,5,0,38.38482826,-93.79293734,29083.0,898.0938416422287,2.5510204081632653,191,191,4,0,187,184,21792,5,1,0,4,7
2020-09-26,US,Missouri,Hickory,101,3,0,37.94163617,-93.3203037,29085.0,1058.2564962279966,2.9702970297029703,98,90,2,0,88,89,9509,11,1,0,10,1
2020-09-26,US,Missouri,Holt,78,1,0,40.09799248,-95.21638879999999,29087.0,1771.5194185782418,1.2820512820512822,77,75,1,0,74,75,4404,3,0,0,3,0
2020-09-26,US,Missouri,Howard,173,2,0,39.1435761,-92.69756691,29089.0,1729.8270172982702,1.1560693641618498,171,172,2,0,170,169,10137,1,0,0,1,3
2020-09-26,US,Missouri,Howell,613,3,0,36.77383887,-91.88683935,29091.0,1528.0305107560391,0.4893964110929853,610,602,3,0,599,578,40076,11,0,0,11,24
2020-09-26,US,Missouri,Iron,57,0,0,37.55487945,-90.7735296,29093.0,562.9629629629627,0.0,57,55,0,0,55,59,10177,2,0,0,2,-4
2020-09-26,US,Missouri,Jackson,7470,99,0,39.01002188,-94.34724536,29095.0,1062.5722783854021,1.3253012048192772,7371,7064,92,0,6972,7064,700307,406,7,0,399,0
2020-09-26,US,Missouri,Jasper,3793,53,0,37.20351921,-94.34050458,29097.0,3126.2363180799157,1.397310835750066,3740,3751,51,0,3700,3685,120636,42,2,0,40,66
2020-09-26,US,Missouri,Jefferson,4191,59,0,38.25926778,-90.53870896,29099.0,1861.9963479813928,1.4077785731329038,4132,4133,57,0,4076,4054,224347,58,2,0,56,79
2020-09-26,US,Missouri,Johnson,1101,4,0,38.74719601,-93.80691168,29101.0,2036.5506270578226,0.3633060853769301,1097,1081,4,0,1077,1065,53652,20,0,0,20,16
2020-09-26,US,Missouri,Kansas City,11085,125,0,39.0997,-94.5786,0.0,2267.1354329645787,1.1276499774470004,10960,11034,123,0,10911,10909,491918,51,2,0,49,125
2020-09-26,US,Missouri,Knox,50,1,0,40.12699751,-92.14780832,29103.0,1262.945188178833,2.0,49,50,1,0,49,50,3947,0,0,0,0,0
2020-09-26,US,Missouri,Laclede,626,4,0,37.65896829,-92.5888493,29105.0,1752.3724211292445,0.6389776357827476,622,604,4,0,600,595,35713,22,0,0,22,9
2020-09-26,US,Missouri,Lafayette,509,2,0,39.06986886,-93.78076396,29107.0,1556.1942032530267,0.3929273084479371,507,497,2,0,495,489,32598,12,0,0,12,8
2020-09-26,US,Missouri,Lawrence,619,4,0,37.10626634,-93.83293097,29109.0,1613.870421066354,0.6462035541195477,615,611,2,0,609,584,38359,8,2,0,6,27
2020-09-26,US,Missouri,Lewis,90,2,0,40.09673161,-91.72070156,29111.0,920.6219312602292,2.2222222222222223,88,87,2,0,85,82,9855,3,0,0,3,5
2020-09-26,US,Missouri,Lincoln,762,3,0,39.05345619,-90.95588181,29113.0,1291.2409130191652,0.3937007874015748,759,748,3,0,745,738,57686,14,0,0,14,10
2020-09-26,US,Missouri,Linn,85,2,0,39.87001769,-93.10704106,29115.0,713.0872483221477,2.3529411764705883,83,84,1,0,83,72,12037,1,1,0,0,12
2020-09-26,US,Missouri,Livingston,402,1,0,39.78110272,-93.54645978,29117.0,2640.0472844289748,0.24875621890547264,401,396,1,0,395,396,15146,6,0,0,6,0
2020-09-26,US,Missouri,Macon,150,0,0,39.83049768,-92.56453089,29121.0,992.2603691208573,0.0,150,150,0,0,150,153,15153,0,0,0,0,-3
2020-09-26,US,Missouri,Madison,304,1,0,37.47865134,-90.34671429999999,29123.0,2514.890800794176,0.32894736842105265,303,296,0,0,296,288,12188,8,1,0,7,8
2020-09-26,US,Missouri,Maries,83,0,0,38.16193985,-91.92249662,29125.0,954.3520754283086,0.0,83,81,0,0,81,75,8769,2,0,0,2,6
2020-09-26,US,Missouri,Marion,655,14,0,39.80601912,-91.62203062,29127.0,2295.828951980372,2.137404580152672,641,651,14,0,637,649,28592,4,0,0,4,2
2020-09-26,US,Missouri,McDonald,1095,11,0,36.62869595,-94.34867205,29119.0,4794.85046196961,1.0045662100456618,1084,1061,11,0,1050,1051,23078,34,0,0,34,10
2020-09-26,US,Missouri,Mercer,28,0,0,40.42212303,-93.56829590000001,29129.0,774.1222007188278,0.0,28,28,0,0,28,28,3641,0,0,0,0,0
2020-09-26,US,Missouri,Miller,503,1,0,38.21450288,-92.42610898,29131.0,1963.38654904563,0.1988071570576541,502,488,1,0,487,475,25336,15,0,0,15,13
2020-09-26,US,Missouri,Mississippi,298,3,0,36.82516239,-89.29505753,29133.0,2261.001517450683,1.0067114093959733,295,294,3,0,291,292,13336,4,0,0,4,2
2020-09-26,US,Missouri,Moniteau,313,4,0,38.63571781,-92.57976951,29135.0,1940.242995288867,1.2779552715654952,309,307,4,0,303,295,16121,6,0,0,6,12
2020-09-26,US,Missouri,Monroe,88,1,0,39.49593978,-92.00043978,29137.0,1018.047200370199,1.1363636363636365,87,89,1,0,88,87,8664,-1,0,0,-1,2
2020-09-26,US,Missouri,Montgomery,84,1,0,38.94022054,-91.47000721,29139.0,727.209765388278,1.1904761904761905,83,83,1,0,82,82,11534,1,0,0,1,1
2020-09-26,US,Missouri,Morgan,346,1,0,38.4181765,-92.88791859,29141.0,1677.4130993358222,0.28901734104046245,345,332,1,0,331,320,20358,14,0,0,14,12
2020-09-26,US,Missouri,New Madrid,529,16,0,36.59666326,-89.66070007,29143.0,3097.915202623565,3.0245746691871456,513,524,16,0,508,516,17296,5,0,0,5,8
2020-09-26,US,Missouri,Newton,1469,15,0,36.90519407,-94.3394104,29145.0,2522.4946768322,1.0211027910142954,1454,1454,14,0,1440,1431,58266,15,1,0,14,23
2020-09-26,US,Missouri,Nodaway,755,10,0,40.36079813,-94.88133008,29147.0,3417.5267065000903,1.3245033112582782,745,749,9,0,740,738,22304,6,1,0,5,11
2020-09-26,US,Missouri,Oregon,120,0,0,36.68710164,-91.4033755,29149.0,1139.709374109602,0.0,120,116,0,0,116,110,10541,4,0,0,4,6
2020-09-26,US,Missouri,Osage,153,2,0,38.46036182,-91.8613635,29151.0,1123.760558207859,1.30718954248366,151,150,2,0,148,145,13714,3,0,0,3,5
2020-09-26,US,Missouri,Ozark,125,0,0,36.64916339,-92.44459066,29153.0,1362.5463265751034,0.0,125,124,0,0,124,121,9017,1,0,0,1,3
2020-09-26,US,Missouri,Pemiscot,524,10,0,36.2130572,-89.78742322,29155.0,3315.406516925024,1.9083969465648856,514,512,9,0,503,499,16272,12,1,0,11,13
2020-09-26,US,Missouri,Perry,621,7,0,37.70660776,-89.82741088,29157.0,3245.1923076923076,1.1272141706924317,614,616,7,0,609,614,19150,5,0,0,5,2
2020-09-26,US,Missouri,Pettis,1124,12,0,38.72798918,-93.28471706,29159.0,2654.7627482935354,1.0676156583629892,1112,1100,12,0,1088,1077,42542,24,0,0,24,23
2020-09-26,US,Missouri,Phelps,476,8,0,37.87736118,-91.79351727,29161.0,1067.911067238014,1.680672268907563,468,466,8,0,458,451,44732,10,0,0,10,15
2020-09-26,US,Missouri,Pike,240,4,0,39.34310674,-91.16980779,29163.0,1311.3320948530215,1.6666666666666667,236,239,4,0,235,234,18504,1,0,0,1,5
2020-09-26,US,Missouri,Platte,697,10,0,39.38154439,-94.77068479,29165.0,667.5094332394798,1.4347202295552368,687,688,10,0,678,669,102985,9,0,0,9,19
2020-09-26,US,Missouri,Polk,576,3,0,37.616229600000004,-93.39828174,29167.0,1791.6575943264174,0.5208333333333334,573,544,3,0,541,537,32201,32,0,0,32,7
2020-09-26,US,Missouri,Pulaski,660,5,0,37.82462075,-92.20783203,29169.0,1254.5858916113825,0.7575757575757576,655,648,5,0,643,632,52014,12,0,0,12,16
2020-09-26,US,Missouri,Putnam,33,1,0,40.47942497,-93.02042674,29171.0,702.725724020443,3.0303030303030303,32,33,1,0,32,33,4757,0,0,0,0,0
2020-09-26,US,Missouri,Ralls,150,0,0,39.52817427,-91.51838643,29173.0,1455.0392860607235,0.0,150,148,0,0,148,145,10212,2,0,0,2,3
2020-09-26,US,Missouri,Randolph,258,3,0,39.44007257,-92.49713740000001,29175.0,1042.5084855341845,1.162790697674419,255,244,3,0,241,231,24763,14,0,0,14,13
2020-09-26,US,Missouri,Ray,166,0,0,39.353746799999996,-93.98905745,29177.0,721.1747328177948,0.0,166,168,0,0,168,161,22883,-2,0,0,-2,7
2020-09-26,US,Missouri,Reynolds,39,0,0,37.36085952,-90.97009925,29179.0,622.0095693779904,0.0,39,38,0,0,38,39,6254,1,0,0,1,-1
2020-09-26,US,Missouri,Ripley,162,0,0,36.65460667,-90.85990261,29181.0,1219.1450933172787,0.0,162,161,0,0,161,157,13401,1,0,0,1,4
2020-09-26,US,Missouri,Saline,718,9,0,39.13734288,-93.20259964,29195.0,3154.5186942577216,1.2534818941504178,709,711,9,0,702,704,22895,7,0,0,7,7
2020-09-26,US,Missouri,Schuyler,22,0,0,40.46921489,-92.52311943,29197.0,472.1030042918455,0.0,22,22,0,0,22,22,4599,0,0,0,0,0
2020-09-26,US,Missouri,Scotland,31,1,0,40.45214695,-92.14709064,29199.0,632.3949408404733,3.2258064516129035,30,31,1,0,30,31,4966,0,0,0,0,0
2020-09-26,US,Missouri,Scott,872,17,0,37.05588075,-89.56474493,29201.0,2277.951933124347,1.9495412844036697,855,851,17,0,834,846,38458,21,0,0,21,5
2020-09-26,US,Missouri,Shannon,104,1,0,37.15772072,-91.40190382,29203.0,1273.5733529267695,0.9615384615384616,103,94,1,0,93,93,8189,10,0,0,10,1
2020-09-26,US,Missouri,Shelby,67,1,0,39.79742518,-92.07634971,29205.0,1129.8482293423272,1.492537313432836,66,67,1,0,66,63,6050,0,0,0,0,4
2020-09-26,US,Missouri,St. Charles,7605,120,0,38.77875681,-90.66662425,29183.0,1891.6875195884802,1.5779092702169626,7485,7545,115,0,7430,7459,399182,60,5,0,55,86
2020-09-26,US,Missouri,St. Clair,70,0,0,38.03699437,-93.77631447,29185.0,744.9185910396934,0.0,70,66,0,0,66,64,9395,4,0,0,4,2
2020-09-26,US,Missouri,St. Francois,2074,11,0,37.81214171,-90.47598685,29187.0,3085.620769173548,0.5303760848601736,2063,2046,8,0,2038,1973,66692,28,3,0,25,73
2020-09-26,US,Missouri,St. Louis,23912,801,0,38.63770039999999,-90.4458375,29189.0,2405.137773396835,3.349782535965206,23111,23688,796,0,22892,23427,996945,224,5,0,219,261
2020-09-26,US,Missouri,St. Louis City,7031,197,0,38.63555736,-90.24349225,29510.0,2339.175449803045,2.8018774000853366,6834,7003,196,0,6807,6964,302838,28,1,0,27,39
2020-09-26,US,Missouri,Ste. Genevieve,198,1,0,37.89090059,-90.1949941,29186.0,1106.5161506650277,0.5050505050505051,197,192,1,0,191,192,17888,6,0,0,6,0
2020-09-26,US,Missouri,Stoddard,495,13,0,36.85571651,-89.9444155,29207.0,1705.4263565891476,2.6262626262626263,482,490,12,0,478,484,29206,5,1,0,4,6
2020-09-26,US,Missouri,Stone,455,4,0,36.75000327,-93.45256475,29209.0,1424.0110165247872,0.8791208791208791,451,447,4,0,443,430,31749,8,0,0,8,17
2020-09-26,US,Missouri,Sullivan,192,0,0,40.2099105,-93.11150106,29211.0,3153.227130891772,0.0,192,190,0,0,190,185,6221,2,0,0,2,5
2020-09-26,US,Missouri,Taney,1193,31,0,36.65465345,-93.04075153,29213.0,2133.099699613789,2.5984911986588437,1162,1184,31,0,1153,1172,55852,9,0,0,9,12
2020-09-26,US,Missouri,Texas,319,2,0,37.31728859,-91.96564727,29215.0,1256.004409796047,0.6269592476489029,317,312,2,0,310,305,25571,7,0,0,7,7
2020-09-26,US,Missouri,Vernon,181,1,0,37.8457799,-94.34127305,29217.0,880.2217575256527,0.5524861878453039,180,169,1,0,168,169,20528,12,0,0,12,0
2020-09-26,US,Missouri,Warren,473,1,0,38.76529479,-91.16124662,29219.0,1326.8254368986509,0.21141649048625796,472,467,1,0,466,464,34711,6,0,0,6,3
2020-09-26,US,Missouri,Washington,414,10,0,37.96130078,-90.87948158,29221.0,1674.0800646987466,2.415458937198068,404,384,10,0,374,376,24943,30,0,0,30,8
2020-09-26,US,Missouri,Wayne,217,0,0,37.11303869,-90.46001416,29223.0,1685.6987493202828,0.0,217,212,0,0,212,205,13122,5,0,0,5,7
2020-09-26,US,Missouri,Webster,639,5,0,37.2813734,-92.876329,29225.0,1613.9624166498286,0.7824726134585289,634,620,3,0,617,607,39109,19,2,0,17,13
2020-09-26,US,Missouri,Worth,20,0,0,40.47945588,-94.42328751,29227.0,993.5419771485347,0.0,20,20,0,0,20,20,2040,0,0,0,0,0
2020-09-26,US,Missouri,Wright,333,0,0,37.27029221,-92.46914488,29229.0,1820.766581004976,0.0,333,305,0,0,305,293,18378,28,0,0,28,12
2020-09-26,US,Montana,Beaverhead,85,1,0,45.13434354,-112.89846940000001,30001.0,899.1854437744632,1.1764705882352942,84,85,1,0,84,81,9404,0,0,0,0,4
2020-09-26,US,Montana,Big Horn,900,22,0,45.42335905,-107.492347,30003.0,6757.2640588632785,2.4444444444444446,878,881,22,0,859,873,13338,19,0,0,19,8
2020-09-26,US,Montana,Blaine,21,0,0,48.43175214,-108.9582723,30005.0,314.3242029636282,0.0,21,21,0,0,21,21,6807,0,0,0,0,0
2020-09-26,US,Montana,Broadwater,17,0,0,46.33277565,-111.49558130000001,30007.0,272.5669392336059,0.0,17,17,0,0,17,17,6085,0,0,0,0,0
2020-09-26,US,Montana,Carbon,116,0,0,45.22850116,-109.0274047,30009.0,1081.5850815850815,0.0,116,115,0,0,115,115,10714,1,0,0,1,0
2020-09-26,US,Montana,Carter,4,0,0,45.5197966,-104.53955359999999,30011.0,319.4888178913738,0.0,4,3,0,0,3,3,1238,1,0,0,1,0
2020-09-26,US,Montana,Cascade,669,5,0,47.30797024,-111.3467922,30013.0,822.2107514195117,0.7473841554559043,664,658,5,0,653,643,81643,11,0,0,11,15
2020-09-26,US,Montana,Chouteau,29,0,0,47.88084126,-110.4353362,30015.0,514.6406388642414,0.0,29,28,0,0,28,28,5745,1,0,0,1,0
2020-09-26,US,Montana,Custer,116,2,0,46.25319932,-105.57375259999998,30017.0,1017.3653744957028,1.7241379310344829,114,112,2,0,110,111,11586,4,0,0,4,1
2020-09-26,US,Montana,Daniels,5,0,0,48.78420029,-105.54763429999998,30019.0,295.8579881656805,0.0,5,5,0,0,5,5,1747,0,0,0,0,0
2020-09-26,US,Montana,Dawson,77,1,0,47.26584855,-104.89444170000002,30021.0,893.9974457215835,1.2987012987012987,76,77,1,0,76,76,8680,0,0,0,0,1
2020-09-26,US,Montana,Deer Lodge,116,0,0,46.05953325,-113.073353,30023.0,1269.1466083150985,0.0,116,114,0,0,114,114,9131,2,0,0,2,0
2020-09-26,US,Montana,Fallon,5,0,0,46.33478338,-104.41835649999999,30025.0,175.68517217146874,0.0,5,5,0,0,5,5,2920,0,0,0,0,0
2020-09-26,US,Montana,Fergus,63,1,0,47.26331584,-109.2245206,30027.0,570.1357466063348,1.5873015873015872,62,64,1,0,63,63,11113,-1,0,0,-1,1
2020-09-26,US,Montana,Flathead,988,17,0,48.29575866,-114.05205690000001,30029.0,951.7754272392732,1.720647773279352,971,956,16,0,940,934,102106,32,1,0,31,22
2020-09-26,US,Montana,Gallatin,1336,4,0,45.54486106,-111.1692571,30031.0,1167.4851879686107,0.2994011976047904,1332,1313,4,0,1309,1282,111876,23,0,0,23,31
2020-09-26,US,Montana,Garfield,17,0,0,47.27545948,-107.0002351,30033.0,1351.3513513513512,0.0,17,17,0,0,17,17,1268,0,0,0,0,0
2020-09-26,US,Montana,Glacier,274,1,0,48.70513576,-112.9934235,30035.0,1992.292590707482,0.36496350364963503,273,250,1,0,249,227,13747,24,0,0,24,23
2020-09-26,US,Montana,Golden Valley,4,0,0,46.3816474,-109.17685220000001,30037.0,487.21071863580994,0.0,4,4,0,0,4,3,826,0,0,0,0,1
2020-09-26,US,Montana,Granite,22,0,0,46.40605220000001,-113.4414186,30039.0,651.0802012429713,0.0,22,22,0,0,22,22,3378,0,0,0,0,0
2020-09-26,US,Montana,Hill,152,3,0,48.62879827,-110.1129252,30041.0,922.10628488231,1.973684210526316,149,147,3,0,144,146,16347,5,0,0,5,1
2020-09-26,US,Montana,Jefferson,74,0,0,46.14907081,-112.094396,30043.0,605.5150969642417,0.0,74,74,0,0,74,68,12097,0,0,0,0,6
2020-09-26,US,Montana,Judith Basin,7,0,0,47.04581276,-110.26606880000001,30045.0,348.7792725460887,0.0,7,6,0,0,6,6,1952,1,0,0,1,0
2020-09-26,US,Montana,Lake,276,1,0,47.64514965,-114.0898013,30047.0,906.1658677523146,0.3623188405797101,275,274,1,0,273,265,30250,2,0,0,2,9
2020-09-26,US,Montana,Lewis and Clark,274,3,0,47.12610041,-112.39469799999999,30049.0,394.6307178246342,1.094890510948905,271,248,3,0,245,241,68700,26,0,0,26,7
2020-09-26,US,Montana,Liberty,18,0,0,48.56084317,-111.02430700000001,30051.0,770.2182284980745,0.0,18,18,0,0,18,18,2430,0,0,0,0,0
2020-09-26,US,Montana,Lincoln,110,3,0,48.54265777,-115.4046155,30053.0,550.5505505505505,2.727272727272727,107,109,3,0,106,107,19794,1,0,0,1,2
2020-09-26,US,Montana,Madison,100,1,0,45.30080065,-111.9173017,30057.0,1162.7906976744189,1.0,99,100,1,0,99,101,8768,0,0,0,0,-1
2020-09-26,US,Montana,McCone,19,0,0,47.64469406,-105.79449939999999,30055.0,1141.826923076923,0.0,19,19,0,0,19,19,1675,0,0,0,0,0
2020-09-26,US,Montana,Meagher,25,2,0,46.59907074,-110.8898557,30059.0,1342.6423200859292,8.0,23,25,2,0,23,25,1866,0,0,0,0,0
2020-09-26,US,Montana,Mineral,2,0,0,47.15283992,-115.00152390000001,30061.0,45.48555833522857,0.0,2,2,0,0,2,2,4316,0,0,0,0,0
2020-09-26,US,Montana,Missoula,739,3,0,47.03728583,-113.92135079999998,30063.0,617.8929765886288,0.4059539918809202,736,706,3,0,703,628,118791,33,0,0,33,78
2020-09-26,US,Montana,Musselshell,35,1,0,46.49684637,-108.39498,30065.0,755.4500323764299,2.8571428571428568,34,35,1,0,34,35,4651,0,0,0,0,0
2020-09-26,US,Montana,Park,98,0,0,45.48965095,-110.52643940000002,30067.0,590.1481392267855,0.0,98,95,0,0,95,93,16736,3,0,0,3,2
2020-09-26,US,Montana,Phillips,121,0,0,48.25936577,-107.9128511,30071.0,3060.192210419828,0.0,121,121,0,0,121,119,4074,0,0,0,0,2
2020-09-26,US,Montana,Pondera,28,0,0,48.22773388,-112.22527029999999,30073.0,473.69311453222804,0.0,28,24,0,0,24,23,5972,4,0,0,4,1
2020-09-26,US,Montana,Powder River,9,0,0,45.39617714,-105.636738,30075.0,535.077288941736,0.0,9,8,0,0,8,7,1716,1,0,0,1,1
2020-09-26,US,Montana,Powell,12,0,0,46.85538891,-112.93591640000001,30077.0,174.1654571843251,0.0,12,12,0,0,12,12,6968,0,0,0,0,0
2020-09-26,US,Montana,Prairie,2,0,0,46.86048047,-105.379384,30079.0,185.70102135561746,0.0,2,1,0,0,1,1,1087,1,0,0,1,0
2020-09-26,US,Montana,Ravalli,140,2,0,46.08520862,-114.11891640000002,30081.0,319.59092361776925,1.4285714285714286,138,135,2,0,133,132,43172,5,0,0,5,3
2020-09-26,US,Montana,Richland,78,2,0,47.78668011,-104.5610786,30083.0,722.0216606498195,2.5641025641025643,76,78,2,0,76,78,10913,0,0,0,0,0
2020-09-26,US,Montana,Roosevelt,336,4,0,48.29607488,-105.00792679999999,30085.0,3053.435114503817,1.1904761904761905,332,287,4,0,283,269,11059,49,0,0,49,18
2020-09-26,US,Montana,Rosebud,632,18,0,46.23397237,-106.72928799999998,30087.0,7071.724292268101,2.848101265822785,614,630,18,0,612,630,9063,2,0,0,2,0
2020-09-26,US,Montana,Sanders,46,1,0,47.67657534,-115.1329916,30089.0,379.7572855609677,2.1739130434782608,45,46,1,0,45,46,11844,0,0,0,0,0
2020-09-26,US,Montana,Sheridan,13,0,0,48.72085833,-104.50382900000001,30091.0,392.86793593230584,0.0,13,13,0,0,13,13,3424,0,0,0,0,0
2020-09-26,US,Montana,Silver Bow,255,0,0,45.90018933,-112.6620092,30093.0,730.3451238722612,0.0,255,249,0,0,249,242,34993,6,0,0,6,7
2020-09-26,US,Montana,Stillwater,69,2,0,45.67071407,-109.3950061,30095.0,715.6191661481021,2.898550724637681,67,62,2,0,60,56,9534,7,0,0,7,6
2020-09-26,US,Montana,Sweet Grass,43,1,0,45.81367654,-109.9425686,30097.0,1150.6556061011506,2.3255813953488373,42,43,1,0,42,42,3710,0,0,0,0,1
2020-09-26,US,Montana,Teton,21,0,0,47.83741052,-112.24106880000001,30099.0,341.6300634455833,0.0,21,21,0,0,21,21,6162,0,0,0,0,0
2020-09-26,US,Montana,Toole,76,6,0,48.65577551,-111.69424140000001,30101.0,1604.7297297297296,7.894736842105262,70,76,6,0,70,74,4853,0,0,0,0,2
2020-09-26,US,Montana,Treasure,3,0,0,46.20973220000001,-107.26665159999999,30103.0,431.0344827586207,0.0,3,3,0,0,3,3,679,0,0,0,0,0
2020-09-26,US,Montana,Valley,83,0,0,48.36435097,-106.6669635,30105.0,1122.228231476474,0.0,83,79,0,0,79,70,7437,4,0,0,4,9
2020-09-26,US,Montana,Wheatland,17,1,0,46.46652491,-109.84646359999999,30107.0,799.6237064910629,5.882352941176472,16,16,1,0,15,11,2236,1,0,0,1,5
2020-09-26,US,Montana,Wibaux,9,0,0,46.95925154,-104.2510927,30109.0,928.7925696594427,0.0,9,9,0,0,9,9,1034,0,0,0,0,0
2020-09-26,US,Montana,Yellowstone,3121,63,0,45.93955949,-108.26914860000001,30111.0,1934.903905765654,2.018583787247677,3058,3046,63,0,2983,2990,160137,75,0,0,75,56
2020-09-26,US,Nebraska,Adams,543,12,0,40.52449420000001,-98.50117804,31001.0,1731.3394764531454,2.209944751381216,531,542,12,0,530,534,31511,1,0,0,1,8
2020-09-26,US,Nebraska,Antelope,68,1,0,42.17695516,-98.06662829999999,31003.0,1079.7078437599241,1.4705882352941178,67,67,1,0,66,67,6336,1,0,0,1,0
2020-09-26,US,Nebraska,Arthur,1,0,0,41.56896142,-101.6959559,31005.0,215.98272138228938,0.0,1,1,0,0,1,1,465,0,0,0,0,0
2020-09-26,US,Nebraska,Banner,2,0,0,41.54634427,-103.7114332,31007.0,268.4563758389262,0.0,2,2,0,0,2,2,730,0,0,0,0,0
2020-09-26,US,Nebraska,Blaine,1,0,0,41.91311716,-99.97677845,31009.0,215.05376344086025,0.0,1,1,0,0,1,,476,0,0,0,0,
2020-09-26,US,Nebraska,Boone,78,0,0,41.70759415,-98.06737183,31011.0,1502.3112480739599,0.0,78,78,0,0,78,75,5239,0,0,0,0,3
2020-09-26,US,Nebraska,Box Butte,78,1,0,42.22079243,-103.08788340000001,31013.0,723.3608457757581,1.2820512820512822,77,76,1,0,75,72,10772,2,0,0,2,4
2020-09-26,US,Nebraska,Boyd,22,0,0,42.899727399999996,-98.76486568,31015.0,1146.430432516936,0.0,22,21,0,0,21,20,1955,1,0,0,1,1
2020-09-26,US,Nebraska,Brown,34,0,0,42.43018907,-99.92904055,31017.0,1150.5922165820646,0.0,34,33,0,0,33,27,2973,1,0,0,1,6
2020-09-26,US,Nebraska,Buffalo,1046,4,0,40.85486962,-99.07500296,31019.0,2106.3654121105938,0.3824091778202677,1042,1043,4,0,1039,1024,49615,3,0,0,3,19
2020-09-26,US,Nebraska,Burt,76,0,0,41.85056773,-96.32605633,31021.0,1176.6527326211487,0.0,76,75,0,0,75,75,6488,1,0,0,1,0
2020-09-26,US,Nebraska,Butler,113,1,0,41.22703692,-97.13106306,31023.0,1409.680638722555,0.8849557522123894,112,113,1,0,112,111,8058,0,0,0,0,2
2020-09-26,US,Nebraska,Cass,329,2,0,40.90899107,-96.13971217,31025.0,1253.4288326729657,0.6079027355623101,327,325,2,0,323,323,26159,4,0,0,4,2
2020-09-26,US,Nebraska,Cedar,83,0,0,42.598885100000004,-97.25311951,31027.0,987.8600333253987,0.0,83,80,0,0,80,80,8446,3,0,0,3,0
2020-09-26,US,Nebraska,Chase,23,0,0,40.523719799999995,-101.69780259999999,31029.0,586.1365953109073,0.0,23,23,0,0,23,23,3977,0,0,0,0,0
2020-09-26,US,Nebraska,Cherry,47,4,0,42.54502621,-101.1244332,31031.0,826.1557391457197,8.51063829787234,43,47,4,0,43,47,5761,0,0,0,0,0
2020-09-26,US,Nebraska,Cheyenne,36,0,0,41.21999357,-102.9941693,31033.0,404.040404040404,0.0,36,36,0,0,36,37,9310,0,0,0,0,-1
2020-09-26,US,Nebraska,Clay,72,0,0,40.52439441,-98.05126296,31035.0,1160.7286796711267,0.0,72,72,0,0,72,71,6214,0,0,0,0,1
2020-09-26,US,Nebraska,Colfax,781,5,0,41.57486951,-97.0868542,31037.0,7292.931179381829,0.6402048655569782,776,771,5,0,766,768,10881,10,0,0,10,3
2020-09-26,US,Nebraska,Cuming,143,0,0,41.91637624,-96.78730772,31039.0,1616.5498530409225,0.0,143,135,0,0,135,126,8940,8,0,0,8,9
2020-09-26,US,Nebraska,Custer,84,4,0,41.39374521,-99.72805369,31041.0,779.4376913797902,4.761904761904762,80,84,4,0,80,83,10840,0,0,0,0,1
2020-09-26,US,Nebraska,Dakota,2208,43,0,42.39040144,-96.56656425,31043.0,11025.66663337661,1.947463768115942,2165,2192,43,0,2149,2183,20083,16,0,0,16,9
2020-09-26,US,Nebraska,Dawes,123,0,0,42.71985036,-103.1313774,31045.0,1432.0642682500873,0.0,123,121,0,0,121,121,8716,2,0,0,2,0
2020-09-26,US,Nebraska,Dawson,1079,12,0,40.87028216,-99.82014609999999,31047.0,4573.002754820936,1.1121408711770158,1067,1075,12,0,1063,1072,23709,4,0,0,4,3
2020-09-26,US,Nebraska,Deuel,4,0,0,41.11168186,-102.33333309999999,31049.0,222.9654403567447,0.0,4,4,0,0,4,4,1825,0,0,0,0,0
2020-09-26,US,Nebraska,Dixon,88,2,0,42.49188363,-96.86782408,31051.0,1561.39105748758,2.272727272727273,86,87,2,0,85,86,5709,1,0,0,1,1
2020-09-26,US,Nebraska,Dodge,1168,12,0,41.58071748,-96.65598179,31053.0,3194.3115000683715,1.0273972602739727,1156,1153,12,0,1141,1146,36791,15,0,0,15,7
2020-09-26,US,Nebraska,Douglas,15850,192,0,41.29518299,-96.15085305,31055.0,2774.243121714885,1.2113564668769716,15658,15687,192,0,15495,15615,566880,163,0,0,163,72
2020-09-26,US,Nebraska,Dundy,11,1,0,40.17638677,-101.6876522,31057.0,649.7341996455996,9.090909090909092,10,11,1,0,10,11,1770,0,0,0,0,0
2020-09-26,US,Nebraska,Fillmore,55,1,0,40.52458567,-97.59646937,31059.0,1006.9571585499817,1.818181818181818,54,55,1,0,54,55,5527,0,0,0,0,0
2020-09-26,US,Nebraska,Franklin,28,0,0,40.17636348,-98.95299073,31061.0,939.9127223900638,0.0,28,28,0,0,28,24,3023,0,0,0,0,4
2020-09-26,US,Nebraska,Frontier,7,0,0,40.52993007,-100.3924658,31063.0,266.46364674533686,0.0,7,7,0,0,7,7,2608,0,0,0,0,0
2020-09-26,US,Nebraska,Furnas,39,2,0,40.17642064,-99.91247454,31065.0,834.0461933276305,5.128205128205129,37,39,1,0,38,39,4715,0,1,0,-1,0
2020-09-26,US,Nebraska,Gage,246,5,0,40.26186809,-96.68946704,31067.0,1143.4946311532565,2.0325203252032518,241,239,5,0,234,220,21493,7,0,0,7,19
2020-09-26,US,Nebraska,Garden,10,0,0,41.61703149,-102.3313973,31069.0,544.3658138268917,0.0,10,10,0,0,10,9,1897,0,0,0,0,1
2020-09-26,US,Nebraska,Garfield,10,0,0,41.91428955,-98.99111827,31071.0,507.87201625190454,0.0,10,10,0,0,10,8,1987,0,0,0,0,2
2020-09-26,US,Nebraska,Gosper,34,0,0,40.51481965,-99.83020279,31073.0,1708.5427135678394,0.0,34,34,0,0,34,34,1996,0,0,0,0,0
2020-09-26,US,Nebraska,Grant,1,0,0,41.91528587,-101.740701,31075.0,160.5136436597111,0.0,1,1,0,0,1,1,660,0,0,0,0,0
2020-09-26,US,Nebraska,Greeley,27,0,0,41.56742671,-98.52150266,31077.0,1146.0101867572155,0.0,27,27,0,0,27,25,2356,0,0,0,0,2
2020-09-26,US,Nebraska,Hall,2007,47,0,40.87257079,-98.50218293,31079.0,3271.233680504621,2.341803687095167,1960,2003,47,0,1956,1989,61607,4,0,0,4,14
2020-09-26,US,Nebraska,Hamilton,128,12,0,40.87349452,-98.02099117,31081.0,1372.8013728013727,9.375,116,128,12,0,116,128,9280,0,0,0,0,0
2020-09-26,US,Nebraska,Harlan,22,0,0,40.17658508,-99.40438879,31083.0,650.887573964497,0.0,22,21,0,0,21,20,3401,1,0,0,1,1
2020-09-26,US,Nebraska,Hitchcock,4,0,0,40.17609175,-101.04164770000001,31087.0,144.82259232440262,0.0,4,4,0,0,4,4,2806,0,0,0,0,0
2020-09-26,US,Nebraska,Holt,74,1,0,42.45522056,-98.78402558,31089.0,735.0749975166385,1.351351351351351,73,70,1,0,69,65,10178,4,0,0,4,5
2020-09-26,US,Nebraska,Hooker,7,0,0,41.91586243,-101.1354293,31091.0,1026.392961876833,0.0,7,7,0,0,7,7,682,0,0,0,0,0
2020-09-26,US,Nebraska,Howard,95,5,0,41.2200529,-98.5166499,31093.0,1474.0108611326611,5.2631578947368425,90,95,5,0,90,94,6468,0,0,0,0,1
2020-09-26,US,Nebraska,Jefferson,29,0,0,40.17584531,-97.142601,31095.0,411.58103888731193,0.0,29,29,0,0,29,28,7097,0,0,0,0,1
2020-09-26,US,Nebraska,Johnson,49,0,0,40.39257596,-96.26522753,31097.0,966.2788404653917,0.0,49,46,0,0,46,45,5134,3,0,0,3,1
2020-09-26,US,Nebraska,Kearney,140,0,0,40.50663314,-98.94877182,31099.0,2155.504234026174,0.0,140,140,0,0,140,139,6544,0,0,0,0,1
2020-09-26,US,Nebraska,Keith,64,0,0,41.19930341,-101.66201640000001,31101.0,796.6143888473987,0.0,64,64,0,0,64,64,8021,0,0,0,0,0
2020-09-26,US,Nebraska,Keya Paha,5,0,0,42.87990694,-99.71343729,31103.0,620.3473945409428,0.0,5,5,0,0,5,5,810,0,0,0,0,0
2020-09-26,US,Nebraska,Kimball,15,0,0,41.19774275,-103.7148131,31105.0,412.9955947136564,0.0,15,15,0,0,15,15,3618,0,0,0,0,0
2020-09-26,US,Nebraska,Knox,163,0,0,42.63758421,-97.89178836,31107.0,1956.313010081613,0.0,163,161,0,0,161,157,8419,2,0,0,2,4
2020-09-26,US,Nebraska,Lancaster,6172,24,0,40.78416049,-96.68777155,31109.0,1934.2505249302703,0.38885288399222295,6148,6103,24,0,6079,6010,317272,69,0,0,69,93
2020-09-26,US,Nebraska,Lincoln,369,2,0,41.04658298,-100.74753740000001,31111.0,1056.8826258807355,0.5420054200542005,367,368,2,0,366,363,35185,1,0,0,1,5
2020-09-26,US,Nebraska,Logan,6,0,0,41.56650314,-100.4817851,31113.0,802.1390374331551,0.0,6,6,0,0,6,6,749,0,0,0,0,0
2020-09-26,US,Nebraska,Loup,3,0,0,41.91371961,-99.45440415,31115.0,451.8072289156627,0.0,3,3,0,0,3,3,618,0,0,0,0,0
2020-09-26,US,Nebraska,Madison,824,5,0,41.91676024,-97.6005481,31119.0,2347.6452320578933,0.6067961165048543,819,817,5,0,812,805,35392,7,0,0,7,12
2020-09-26,US,Nebraska,McPherson,6,0,0,41.56797682,-101.05993620000001,31117.0,1214.5748987854256,0.0,6,6,0,0,6,6,492,0,0,0,0,0
2020-09-26,US,Nebraska,Merrick,80,1,0,41.16624273,-98.0374887,31121.0,1031.5925209542231,1.25,79,80,1,0,79,81,7733,0,0,0,0,-1
2020-09-26,US,Nebraska,Morrill,78,0,0,41.71711774,-103.0061405,31123.0,1680.3102111158985,0.0,78,78,0,0,78,76,4686,0,0,0,0,2
2020-09-26,US,Nebraska,Nance,47,0,0,41.39750195,-97.99327291,31125.0,1335.6067064506965,0.0,47,46,0,0,46,40,3532,1,0,0,1,6
2020-09-26,US,Nebraska,Nemaha,122,0,0,40.38514847,-95.85433992,31127.0,1749.8565691336773,0.0,122,122,0,0,122,121,6958,0,0,0,0,1
2020-09-26,US,Nebraska,Nuckolls,16,0,0,40.17637905,-98.04743961,31129.0,385.7280617164899,0.0,16,16,0,0,16,15,4195,0,0,0,0,1
2020-09-26,US,Nebraska,Otoe,150,1,0,40.64843556,-96.13374142,31131.0,936.7974019485383,0.6666666666666666,149,146,1,0,145,144,15985,4,0,0,4,2
2020-09-26,US,Nebraska,Pawnee,19,0,0,40.13141096,-96.23705437,31133.0,727.1335629544585,0.0,19,19,0,0,19,17,2632,0,0,0,0,2
2020-09-26,US,Nebraska,Perkins,33,10,0,40.85082525,-101.6502942,31135.0,1141.4735385679696,30.303030303030305,23,33,10,0,23,34,2929,0,0,0,0,-1
2020-09-26,US,Nebraska,Phelps,107,0,0,40.51156033,-99.41461667,31137.0,1184.414434359088,0.0,107,106,0,0,106,106,8996,1,0,0,1,0
2020-09-26,US,Nebraska,Pierce,105,8,0,42.26434853,-97.60122773,31139.0,1468.9423614997202,7.6190476190476195,97,103,8,0,95,103,7142,2,0,0,2,0
2020-09-26,US,Nebraska,Platte,1076,3,0,41.57246836,-97.52144359,31141.0,3214.8192411114433,0.2788104089219331,1073,1069,3,0,1066,1056,33363,7,0,0,7,13
2020-09-26,US,Nebraska,Polk,57,1,0,41.18813488,-97.56630712,31143.0,1093.4202954153081,1.7543859649122806,56,57,1,0,56,55,5278,0,0,0,0,2
2020-09-26,US,Nebraska,Red Willow,33,0,0,40.17556879999999,-100.476998,31145.0,307.7209996270049,0.0,33,33,0,0,33,31,10726,0,0,0,0,2
2020-09-26,US,Nebraska,Richardson,53,1,0,40.1247415,-95.71755036,31147.0,673.8715829624922,1.8867924528301887,52,53,1,0,52,53,7937,0,0,0,0,0
2020-09-26,US,Nebraska,Rock,42,1,0,42.42252217,-99.44832069,31149.0,3095.062638172439,2.380952380952381,41,42,1,0,41,39,1360,0,0,0,0,3
2020-09-26,US,Nebraska,Saline,734,2,0,40.52418865,-97.14085859,31151.0,5160.292463442071,0.2724795640326976,732,723,2,0,721,714,14350,11,0,0,11,9
2020-09-26,US,Nebraska,Sarpy,3598,16,0,41.11314181,-96.11156432,31153.0,1922.0496164447961,0.4446914952751528,3582,3547,16,0,3531,3520,184459,51,0,0,51,27
2020-09-26,US,Nebraska,Saunders,466,3,0,41.227810299999994,-96.63773905,31155.0,2159.6070071368986,0.6437768240343348,463,456,3,0,453,446,21303,10,0,0,10,10
2020-09-26,US,Nebraska,Scotts Bluff,414,8,0,41.85070896,-103.70809859999999,31157.0,1162.3336515245098,1.932367149758454,406,411,8,0,403,407,35989,3,0,0,3,4
2020-09-26,US,Nebraska,Seward,232,3,0,40.87241834,-97.139673,31159.0,1342.2818791946308,1.293103448275862,229,223,3,0,220,218,17318,9,0,0,9,5
2020-09-26,US,Nebraska,Sheridan,48,0,0,42.50284406,-102.4126613,31161.0,914.9828440716736,0.0,48,48,0,0,48,48,5190,0,0,0,0,0
2020-09-26,US,Nebraska,Sherman,24,1,0,41.22045983,-98.97588642,31163.0,799.7334221926027,4.166666666666667,23,24,1,0,23,23,3038,0,0,0,0,1
2020-09-26,US,Nebraska,Sioux,7,0,0,42.48932059,-103.7576544,31165.0,600.3430531732419,0.0,7,7,0,0,7,7,1187,0,0,0,0,0
2020-09-26,US,Nebraska,Stanton,39,0,0,41.9169835,-97.19394708,31167.0,658.7837837837837,0.0,39,39,0,0,39,39,5970,0,0,0,0,0
2020-09-26,US,Nebraska,Thayer,31,0,0,40.17626377,-97.59504381,31169.0,619.6282230661603,0.0,31,31,0,0,31,29,5039,0,0,0,0,2
2020-09-26,US,Nebraska,Thomas,4,0,0,41.91358968,-100.5556632,31171.0,554.016620498615,0.0,4,4,0,0,4,6,720,0,0,0,0,-2
2020-09-26,US,Nebraska,Thurston,257,4,0,42.15725356,-96.54157099,31173.0,3557.5858250276856,1.5564202334630348,253,256,4,0,252,252,7303,1,0,0,1,4
2020-09-26,US,Nebraska,Unassigned,269,0,0,0.0,0.0,90031.0,0.0,0.0,269,277,0,0,277,266,,-8,0,0,-8,11
2020-09-26,US,Nebraska,Valley,38,0,0,41.56730777,-98.98197724,31175.0,913.900913900914,0.0,38,37,0,0,37,30,4190,1,0,0,1,7
2020-09-26,US,Nebraska,Washington,263,4,0,41.52815707,-96.22019892,31177.0,1268.7539196295045,1.520912547528517,259,262,4,0,258,260,20667,1,0,0,1,2
2020-09-26,US,Nebraska,Wayne,142,0,0,42.20934475,-97.11926964,31179.0,1513.0527437400103,0.0,142,139,0,0,139,137,9403,3,0,0,3,2
2020-09-26,US,Nebraska,Webster,16,0,0,40.17642643,-98.50019851,31181.0,458.8471465443074,0.0,16,16,0,0,16,17,3533,0,0,0,0,-1
2020-09-26,US,Nebraska,Wheeler,1,0,0,41.91482725,-98.52798941,31183.0,127.7139208173691,0.0,1,1,0,0,1,1,805,0,0,0,0,0
2020-09-26,US,Nebraska,York,165,2,0,40.87272618,-97.59710186,31185.0,1206.2285254770086,1.2121212121212122,163,162,2,0,160,161,13772,3,0,0,3,1
2020-09-26,US,Nevada,Carson City,536,8,0,39.15509045,-119.7480219,32510.0,958.58072823521,1.492537313432836,528,536,8,0,528,536,55414,0,0,0,0,0
2020-09-26,US,Nevada,Churchill,141,3,0,39.58105744,-118.3394607,32001.0,566.0604600746718,2.127659574468085,138,140,3,0,137,139,24440,1,0,0,1,1
2020-09-26,US,Nevada,Clark,66009,1377,0,36.21458855,-115.0130241,32003.0,2912.099668462952,2.086079171022133,64632,65583,1368,0,64215,65175,2231647,426,9,0,417,408
2020-09-26,US,Nevada,Douglas,298,1,0,38.912862,-119.61713329999999,32005.0,609.3446477865249,0.3355704697986577,297,298,1,0,297,296,48467,0,0,0,0,2
2020-09-26,US,Nevada,Elko,949,10,0,41.14531606,-115.3577619,32007.0,1798.0976922202433,1.053740779768177,939,945,10,0,935,939,52460,4,0,0,4,6
2020-09-26,US,Nevada,Eureka,10,0,0,39.98100864,-116.26832040000001,32011.0,492.8536224741252,0.0,10,10,0,0,10,10,2003,0,0,0,0,0
2020-09-26,US,Nevada,Humboldt,121,4,0,41.40692186,-118.11094270000001,32013.0,718.9115322916048,3.3057851239669422,117,121,4,0,117,121,16786,0,0,0,0,0
2020-09-26,US,Nevada,Lander,70,1,0,39.933223299999995,-117.03970749999999,32015.0,1265.3651482284888,1.4285714285714286,69,70,1,0,69,70,5575,0,0,0,0,0
2020-09-26,US,Nevada,Lincoln,7,0,0,37.64268459,-114.8790388,32017.0,135.05691684352692,0.0,7,7,0,0,7,7,5201,0,0,0,0,0
2020-09-26,US,Nevada,Lyon,434,7,0,39.01777974,-119.18704790000001,32019.0,754.6513649800037,1.6129032258064515,427,428,7,0,421,423,55808,6,0,0,6,5
2020-09-26,US,Nevada,Mineral,13,0,0,38.53841696,-118.4344506,32021.0,288.56825749167587,0.0,13,13,0,0,13,13,4514,0,0,0,0,0
2020-09-26,US,Nevada,Nye,503,15,0,38.04264256,-116.47227020000001,32023.0,1081.1856501085485,2.982107355864811,488,501,15,0,486,500,45346,2,0,0,2,1
2020-09-26,US,Nevada,Pershing,21,0,0,40.44003782,-118.40056409999998,32027.0,312.2676579925651,0.0,21,21,0,0,21,21,6666,0,0,0,0,0
2020-09-26,US,Nevada,Storey,10,0,0,39.44875482,-119.5250207,32029.0,242.5418384671356,0.0,10,10,0,0,10,9,4029,0,0,0,0,1
2020-09-26,US,Nevada,Washoe,9172,155,0,40.66562265,-119.6631594,32031.0,1945.2026323435528,1.6899258613170518,9017,9010,155,0,8855,8878,465735,162,0,0,162,132
2020-09-26,US,Nevada,White Pine,61,1,0,39.44157041,-114.89996599999999,32033.0,636.7432150313152,1.639344262295082,60,60,1,0,59,60,9475,1,0,0,1,0
2020-09-26,US,New Hampshire,Belknap,147,4,0,43.51637314,-71.41684235,33001.0,239.79250607637474,2.7210884353741496,143,147,4,0,143,146,61022,0,0,0,0,1
2020-09-26,US,New Hampshire,Carroll,123,2,0,43.87498583,-71.20430216,33003.0,251.4823144551216,1.6260162601626016,121,123,2,0,121,122,48779,0,0,0,0,1
2020-09-26,US,New Hampshire,Cheshire,143,3,0,42.92015988,-72.25311043,33005.0,187.9476900834593,2.097902097902098,140,143,3,0,140,143,76493,0,0,0,0,0
2020-09-26,US,New Hampshire,Coos,22,0,0,44.69063265,-71.30633239,33007.0,69.70186610905174,0.0,22,22,0,0,22,22,31589,0,0,0,0,0
2020-09-26,US,New Hampshire,Grafton,138,1,0,43.93779815,-71.82057197,33009.0,153.52780188238438,0.7246376811594203,137,138,1,0,137,138,89786,0,0,0,0,0
2020-09-26,US,New Hampshire,Hillsborough,4366,289,0,42.91537785,-71.7200253,33011.0,1046.9396319165517,6.619331195602382,4077,4345,288,0,4057,4326,415247,21,1,0,20,19
2020-09-26,US,New Hampshire,Merrimack,573,23,0,43.29662971,-71.6811573,33013.0,378.49013481646864,4.013961605584642,550,569,23,0,546,566,151132,4,0,0,4,3
2020-09-26,US,New Hampshire,Rockingham,2010,103,0,42.98499744,-71.12883377,33015.0,648.8706100352197,5.124378109452738,1907,2003,103,0,1900,2000,309176,7,0,0,7,3
2020-09-26,US,New Hampshire,Strafford,542,13,0,43.291833000000004,-71.02336013,33017.0,414.90281934886286,2.3985239852398523,529,538,13,0,525,526,130090,4,0,0,4,12
2020-09-26,US,New Hampshire,Sullivan,54,1,0,43.36094111,-72.22203125,33019.0,125.15644555694618,1.851851851851852,53,53,1,0,52,53,43144,1,0,0,1,0
2020-09-26,US,New Hampshire,Unassigned,3,0,0,0.0,0.0,90033.0,0.0,0.0,3,4,0,0,4,2,,-1,0,0,-1,2
2020-09-26,US,New Jersey,Atlantic,4055,256,0,39.47538693,-74.65848483,34001.0,1537.9072325255054,6.313193588162763,3799,4033,256,0,3777,4002,265429,22,0,0,22,31
2020-09-26,US,New Jersey,Bergen,22363,2045,0,40.96010917,-74.07164325,34003.0,2398.9435766067872,9.144569154406833,20318,22331,2044,0,20287,22304,936692,32,1,0,31,27
2020-09-26,US,New Jersey,Burlington,7098,496,0,39.87681124,-74.66927768,34005.0,1593.8062059194024,6.987883910960834,6602,7064,496,0,6568,7036,445384,34,0,0,34,28
2020-09-26,US,New Jersey,Camden,9860,609,0,39.80343818,-74.96388753,34007.0,1946.804456721115,6.1764705882352935,9251,9823,608,0,9215,9799,507078,37,1,0,36,24
2020-09-26,US,New Jersey,Cape May,1020,96,0,39.15008829,-74.80170244,34009.0,1108.22586077641,9.411764705882351,924,1017,95,0,922,1013,92560,3,1,0,2,4
2020-09-26,US,New Jersey,Cumberland,3778,159,0,39.37199394,-75.10712559,34011.0,2526.633985835334,4.20857596611964,3619,3772,159,0,3613,3767,150972,6,0,0,6,5
2020-09-26,US,New Jersey,Essex,21024,2129,0,40.78681335,-74.24657979,34013.0,2631.371444663475,10.12652207001522,18895,20954,2129,0,18825,20927,799767,70,0,0,70,27
2020-09-26,US,New Jersey,Gloucester,4489,227,0,39.71581067,-75.13995546,34015.0,1539.2475551715152,5.056805524615728,4262,4459,227,0,4232,4428,291408,30,0,0,30,31
2020-09-26,US,New Jersey,Hudson,20621,1515,0,40.73766234,-74.07515667,34017.0,3066.816777737953,7.346879394791718,19106,20596,1514,0,19082,20568,676061,25,1,0,24,28
2020-09-26,US,New Jersey,Hunterdon,1311,125,0,40.56335249,-74.91284156,34019.0,1054.1042525990786,9.534706331045005,1186,1307,125,0,1182,1302,124714,4,0,0,4,5
2020-09-26,US,New Jersey,Mercer,8628,635,0,40.28047017,-74.70479631,34021.0,2348.202378684375,7.359758924432081,7993,8615,635,0,7980,8609,369811,13,0,0,13,6
2020-09-26,US,New Jersey,Middlesex,19379,1425,0,40.43629879,-74.41426991,34023.0,2348.793181603322,7.353320604778367,17954,19319,1425,0,17894,19260,829685,60,0,0,60,59
2020-09-26,US,New Jersey,Monmouth,11778,867,0,40.26549699,-74.22240686,34025.0,1903.376724117034,7.361181864493122,10911,11726,867,0,10859,11682,621354,52,0,0,52,44
2020-09-26,US,New Jersey,Morris,7847,831,0,40.86095313,-74.54553709999998,34027.0,1595.4213217578708,10.590034408054034,7016,7821,831,0,6990,7810,494228,26,0,0,26,11
2020-09-26,US,New Jersey,Ocean,12903,1048,0,39.8895449,-74.28089251,34029.0,2125.0489965183647,8.122142137487407,11855,12663,1047,0,11616,12548,601651,240,1,0,239,115
2020-09-26,US,New Jersey,Passaic,18982,1254,0,41.03238628,-74.29954144,34031.0,3782.5859959428167,6.606258560741756,17728,18951,1253,0,17698,18909,503310,31,1,0,30,42
2020-09-26,US,New Jersey,Salem,1062,89,0,39.58719656,-75.34696629999998,34033.0,1702.332291416206,8.380414312617702,973,1052,89,0,963,1052,62607,10,0,0,10,0
2020-09-26,US,New Jersey,Somerset,5786,573,0,40.56465737,-74.61683016,34035.0,1759.015486389367,9.903214656066368,5213,5777,573,0,5204,5740,331164,9,0,0,9,37
2020-09-26,US,New Jersey,Sussex,1490,198,0,41.13891592,-74.69118243,34037.0,1060.5888047377714,13.288590604026847,1292,1480,198,0,1282,1471,140799,10,0,0,10,9
2020-09-26,US,New Jersey,Unassigned,336,0,0,0.0,0.0,90034.0,0.0,0.0,336,340,0,0,340,9,,-4,0,0,-4,331
2020-09-26,US,New Jersey,Union,17602,1355,0,40.65835409,-74.30680092,34039.0,3163.8868967054377,7.697988864901715,16247,17565,1355,0,16210,17543,558067,37,0,0,37,22
2020-09-26,US,New Jersey,Warren,1438,171,0,40.85951833,-74.99556527,34041.0,1366.0501391699206,11.891515994436718,1267,1435,171,0,1264,1437,105779,3,0,0,3,-2
2020-09-26,US,New Mexico,Bernalillo,6422,177,0,35.05163625,-106.6703554,35001.0,945.6341358903642,2.756150731859234,6245,6381,177,0,6204,6327,678701,41,0,0,41,54
2020-09-26,US,New Mexico,Catron,9,1,0,33.91514144,-108.4046587,35003.0,255.17436915225403,11.111111111111109,8,9,1,0,8,9,3578,0,0,0,0,0
2020-09-26,US,New Mexico,Chaves,1150,12,0,33.36406072,-104.4665365,35005.0,1779.7724986458252,1.0434782608695652,1138,1116,11,0,1105,1082,64689,34,1,0,33,34
2020-09-26,US,New Mexico,Cibola,422,21,0,34.91131525,-107.998876,35006.0,1582.0056232427364,4.976303317535544,401,415,21,0,394,415,26746,7,0,0,7,0
2020-09-26,US,New Mexico,Colfax,30,1,0,36.60569702,-104.64726740000002,35007.0,251.23523992965409,3.333333333333333,29,30,1,0,29,29,12110,0,0,0,0,1
2020-09-26,US,New Mexico,Curry,787,6,0,34.57421077,-103.34688759999999,35009.0,1607.6316542059894,0.7623888182973316,781,779,5,0,774,769,49437,8,1,0,7,10
2020-09-26,US,New Mexico,De Baca,1,0,0,34.34274529,-104.4117842,35011.0,57.20823798627003,0.0,1,1,0,0,1,1,1781,0,0,0,0,0
2020-09-26,US,New Mexico,Dona Ana,3324,55,0,32.35275771,-106.83293870000001,35013.0,1523.407960769037,1.654632972322503,3269,3285,55,0,3230,3227,217522,39,0,0,39,58
2020-09-26,US,New Mexico,Eddy,795,7,0,32.47167456,-104.3053527,35015.0,1359.9042080054735,0.8805031446540881,788,785,7,0,778,758,57900,10,0,0,10,27
2020-09-26,US,New Mexico,Grant,120,2,0,32.73911281,-108.3827845,35017.0,444.47736869397727,1.6666666666666667,118,120,2,0,118,119,27346,0,0,0,0,1
2020-09-26,US,New Mexico,Guadalupe,34,1,0,34.86319296,-104.790669,35019.0,790.6976744186046,2.9411764705882355,33,34,1,0,33,34,4341,0,0,0,0,0
2020-09-26,US,New Mexico,Harding,2,0,0,35.85751555,-103.82209379999999,35021.0,320.0,0.0,2,2,0,0,2,2,655,0,0,0,0,0
2020-09-26,US,New Mexico,Hidalgo,99,2,0,31.91383467,-108.7151824,35023.0,2358.265840876608,2.0202020202020203,97,99,2,0,97,99,4240,0,0,0,0,0
2020-09-26,US,New Mexico,Lea,1394,22,0,32.79215361,-103.4123733,35025.0,1961.4464612354016,1.5781922525107603,1372,1382,22,0,1360,1365,69611,12,0,0,12,17
2020-09-26,US,New Mexico,Lincoln,211,3,0,33.74526079,-105.4586166,35027.0,1078.0707132638465,1.4218009478672986,208,208,3,0,205,199,19556,3,0,0,3,9
2020-09-26,US,New Mexico,Los Alamos,33,0,0,35.86631386,-106.31349850000001,35028.0,170.37534204140638,0.0,33,33,0,0,33,32,19101,0,0,0,0,1
2020-09-26,US,New Mexico,Luna,419,6,0,32.18179341,-107.75088259999998,35029.0,1767.2613775359564,1.431980906921241,413,418,6,0,412,416,23963,1,0,0,1,2
2020-09-26,US,New Mexico,McKinley,4317,257,0,35.58007720000001,-108.262245,35031.0,6049.014250283744,5.953208246467455,4060,4316,256,0,4060,4311,72290,1,1,0,0,5
2020-09-26,US,New Mexico,Mora,7,0,0,36.01095101,-104.9497716,35033.0,154.83300154833,0.0,7,7,0,0,7,7,4506,0,0,0,0,0
2020-09-26,US,New Mexico,Otero,262,13,0,32.61348406,-105.7417604,35035.0,388.2056600977923,4.961832061068702,249,260,13,0,247,254,66781,2,0,0,2,6
2020-09-26,US,New Mexico,Quay,74,2,0,35.10403332,-103.54817270000001,35037.0,896.6436447352478,2.702702702702702,72,74,2,0,72,74,8253,0,0,0,0,0
2020-09-26,US,New Mexico,Rio Arriba,395,13,0,36.51072137,-106.69316740000001,35039.0,1014.8762878651628,3.2911392405063293,382,391,13,0,378,390,39006,4,0,0,4,1
2020-09-26,US,New Mexico,Roosevelt,282,4,0,34.02097406,-103.4799493,35041.0,1524.3243243243246,1.4184397163120568,278,281,4,0,277,280,18743,1,0,0,1,1
2020-09-26,US,New Mexico,San Juan,3321,199,0,36.50838318,-108.32043700000001,35045.0,2679.1332548121136,5.992171032821441,3122,3307,198,0,3109,3295,125043,14,1,0,13,12
2020-09-26,US,New Mexico,San Miguel,100,0,0,35.48014807,-104.8163562,35047.0,366.6092312204422,0.0,100,98,0,0,98,105,27591,2,0,0,2,-7
2020-09-26,US,New Mexico,Sandoval,1343,42,0,35.68862401,-106.86878030000001,35043.0,915.1743124267452,3.1273268801191363,1301,1339,41,0,1298,1329,145179,4,1,0,3,10
2020-09-26,US,New Mexico,Santa Fe,993,6,0,35.50708973,-105.9774716,35049.0,660.4237885579752,0.6042296072507553,987,979,6,0,973,970,150056,14,0,0,14,9
2020-09-26,US,New Mexico,Sierra,46,1,0,33.13028233,-107.1925893,35051.0,426.28116022611437,2.1739130434782608,45,45,1,0,44,44,10968,1,0,0,1,1
2020-09-26,US,New Mexico,Socorro,103,6,0,34.00715494,-106.9298354,35053.0,619.1020015627818,5.825242718446603,97,102,6,0,96,101,16735,1,0,0,1,1
2020-09-26,US,New Mexico,Taos,141,4,0,36.58006022,-105.63101979999999,35055.0,430.88958836292517,2.8368794326241136,137,139,4,0,135,138,32835,2,0,0,2,1
2020-09-26,US,New Mexico,Torrance,72,1,0,34.64048375,-105.8508949,35057.0,465.6878597762111,1.3888888888888888,71,71,1,0,70,66,15591,1,0,0,1,5
2020-09-26,US,New Mexico,Unassigned,1377,0,0,0.0,0.0,90035.0,0.0,0.0,1377,1374,0,0,1374,1374,,3,0,0,3,0
2020-09-26,US,New Mexico,Union,31,2,0,36.48126404,-103.4709624,35059.0,763.7349100763735,6.451612903225807,29,31,2,0,29,31,4118,0,0,0,0,0
2020-09-26,US,New Mexico,Valencia,576,4,0,34.71669834,-106.8103733,35061.0,751.095347381598,0.6944444444444444,572,576,4,0,572,572,76456,0,0,0,0,4
2020-09-26,US,New York,Albany,3082,134,0,42.60060306,-73.97723916,36001.0,1008.8181574175304,4.3478260869565215,2948,3063,134,0,2929,3053,307117,19,0,0,19,10
2020-09-26,US,New York,Allegany,106,1,0,42.25748406,-78.02750466,36003.0,229.9798225250049,0.9433962264150944,105,103,1,0,102,101,46430,3,0,0,3,2
2020-09-26,US,New York,Bronx,52872,4946,0,40.85209301,-73.86282755,36005.0,3728.087648700084,9.354667877137237,47926,52815,4946,0,47869,52756,1432132,57,0,0,57,59
2020-09-26,US,New York,Broome,1550,82,0,42.15903158,-75.81326086,36007.0,813.6995506278612,5.290322580645161,1468,1513,82,0,1431,1496,191659,37,0,0,37,17
2020-09-26,US,New York,Cattaraugus,259,6,0,42.24778241,-78.67923096,36009.0,340.265643680124,2.3166023166023164,253,258,6,0,252,258,76840,1,0,0,1,0
2020-09-26,US,New York,Cayuga,211,2,0,42.91261714,-76.55731592,36011.0,275.5432511491851,0.9478672985781992,209,208,2,0,206,205,77145,3,0,0,3,3
2020-09-26,US,New York,Chautauqua,568,9,0,42.22769210000001,-79.36691763,36013.0,447.58595147474836,1.5845070422535212,559,561,9,0,552,554,127939,7,0,0,7,7
2020-09-26,US,New York,Chemung,440,3,0,42.13891056,-76.7638805,36015.0,527.2239263803681,0.6818181818181818,437,415,3,0,412,387,84254,25,0,0,25,28
2020-09-26,US,New York,Chenango,249,7,0,42.49430041,-75.60887553,36017.0,527.4641472662953,2.8112449799196786,242,248,7,0,241,248,47536,1,0,0,1,0
2020-09-26,US,New York,Clinton,159,5,0,44.74530905,-73.67875352,36019.0,197.55233894514512,3.1446540880503147,154,158,5,0,153,157,80695,1,0,0,1,1
2020-09-26,US,New York,Columbia,591,37,0,42.24819348,-73.63089095,36021.0,993.9287936630733,6.260575296108291,554,588,37,0,551,586,59916,3,0,0,3,2
2020-09-26,US,New York,Cortland,171,0,0,42.59509207,-76.07048931,36023.0,359.38715033311615,0.0,171,169,0,0,169,167,47823,2,0,0,2,2
2020-09-26,US,New York,Delaware,133,4,0,42.19837623,-74.96709306,36025.0,301.3481363996828,3.0075187969924815,129,133,4,0,129,133,44527,0,0,0,0,0
2020-09-26,US,New York,Dutchess,5115,156,0,41.76486060000001,-73.74356679,36027.0,1738.5068214725134,3.0498533724340176,4959,5108,156,0,4952,5105,293718,7,0,0,7,3
2020-09-26,US,New York,Erie,11308,693,0,42.76249024,-78.73063652,36029.0,1230.8670276106943,6.128404669260701,10615,11251,693,0,10558,11201,919719,57,0,0,57,50
2020-09-26,US,New York,Essex,167,0,0,44.11630765,-73.77297842,36031.0,452.75857394604856,0.0,167,164,0,0,164,164,37300,3,0,0,3,0
2020-09-26,US,New York,Franklin,66,0,0,44.59040891,-74.29926032,36033.0,131.94194554396066,0.0,66,66,0,0,66,66,50293,0,0,0,0,0
2020-09-26,US,New York,Fulton,334,24,0,43.11363907,-74.41798804,36035.0,625.6673472828427,7.185628742514971,310,333,24,0,309,333,53591,1,0,0,1,0
2020-09-26,US,New York,Genesee,319,5,0,43.0022601,-78.19135193,36037.0,556.913407821229,1.567398119122257,314,317,5,0,312,317,57511,2,0,0,2,0
2020-09-26,US,New York,Greene,323,18,0,42.275797,-74.12384884,36039.0,684.4960583199119,5.572755417956658,305,323,18,0,305,321,47491,0,0,0,0,2
2020-09-26,US,New York,Hamilton,15,0,0,43.66146647,-74.49721957,36041.0,339.67391304347825,0.0,15,15,0,0,15,15,4434,0,0,0,0,0
2020-09-26,US,New York,Herkimer,334,10,0,43.42034246,-74.96145307,36043.0,544.6925096625841,2.9940119760479043,324,331,10,0,321,329,61833,3,0,0,3,2
2020-09-26,US,New York,Jefferson,167,0,0,44.04200959,-75.94653457,36045.0,152.0476355226979,0.0,167,167,0,0,167,165,111755,0,0,0,0,2
2020-09-26,US,New York,Kings,68095,7323,0,40.636182500000004,-73.94935552,36047.0,2660.061728901447,10.754093545781627,60772,67892,7323,0,60569,67717,2582830,203,0,0,203,175
2020-09-26,US,New York,Lewis,50,0,0,43.784415700000004,-75.44903992,36049.0,190.14298752661998,0.0,50,50,0,0,50,50,26447,0,0,0,0,0
2020-09-26,US,New York,Livingston,207,8,0,42.72596275,-77.77966158,36051.0,329.0205677591633,3.864734299516908,199,206,8,0,198,205,63227,1,0,0,1,1
2020-09-26,US,New York,Madison,493,17,0,42.91653905,-75.67266639,36053.0,694.9436855978912,3.4482758620689653,476,492,17,0,475,492,70795,1,0,0,1,0
2020-09-26,US,New York,Monroe,6002,289,0,43.14638895,-77.69322942,36055.0,809.1456920608814,4.815061646117961,5713,5985,289,0,5696,5970,742474,17,0,0,17,15
2020-09-26,US,New York,Montgomery,232,4,0,42.90123494,-74.44011632,36057.0,471.34353223217727,1.7241379310344829,228,232,4,0,228,232,49455,0,0,0,0,0
2020-09-26,US,New York,Nassau,46576,2201,0,40.74066522,-73.58941873,36059.0,3432.4693203156553,4.725609756097562,44375,46505,2201,0,44304,46434,1358343,71,0,0,71,71
2020-09-26,US,New York,New York,33335,3176,0,40.76727260000001,-73.97152637,36061.0,2046.716841468012,9.527523623818807,30159,33287,3175,0,30112,33237,,48,1,0,47,50
2020-09-26,US,New York,Niagara,1773,101,0,43.19898042,-78.74777412,36063.0,847.1863188727118,5.696559503666103,1672,1766,101,0,1665,1756,210433,7,0,0,7,10
2020-09-26,US,New York,Oneida,2407,123,0,43.24375382,-75.43710392,36065.0,1052.6039594001863,5.1100955546323235,2284,2400,123,0,2277,2388,229577,7,0,0,7,12
2020-09-26,US,New York,Onondaga,4342,205,0,43.00491923,-76.19971155,36067.0,942.8308376472224,4.721326577614003,4137,4321,205,0,4116,4300,461809,21,0,0,21,21
2020-09-26,US,New York,Ontario,471,35,0,42.85145728,-77.30874425,36069.0,429.05162283538453,7.4309978768577505,436,469,35,0,434,467,109864,2,0,0,2,2
2020-09-26,US,New York,Orange,12014,498,0,41.40337468,-74.30240757,36071.0,3121.0058710448384,4.1451639753620775,11516,11955,498,0,11457,11890,381951,59,0,0,59,65
2020-09-26,US,New York,Orleans,332,54,0,43.2516977,-78.2320066,36073.0,822.7597145122917,16.265060240963855,278,330,54,0,276,327,40612,2,0,0,2,3
2020-09-26,US,New York,Oswego,483,3,0,43.42778894,-76.14635194,36075.0,412.3834568491514,0.6211180124223602,480,479,3,0,476,470,117898,4,0,0,4,9
2020-09-26,US,New York,Otsego,338,5,0,42.63492579,-75.03151402,36077.0,568.1340661926613,1.4792899408284024,333,335,5,0,330,335,59749,3,0,0,3,0
2020-09-26,US,New York,Putnam,1597,63,0,41.42630093,-73.74965532,36079.0,1624.2880390561431,3.944896681277395,1534,1594,63,0,1531,1589,98892,3,0,0,3,5
2020-09-26,US,New York,Queens,72142,7247,0,40.71088124,-73.81684712,36081.0,3200.8227670066167,10.045465886723406,64895,72051,7246,0,64805,71978,2278906,91,1,0,90,73
2020-09-26,US,New York,Rensselaer,908,42,0,42.71348136,-73.51089874,36083.0,572.0982396007912,4.625550660792952,866,905,42,0,863,903,159442,3,0,0,3,2
2020-09-26,US,New York,Richmond,15867,1086,0,40.58582155,-74.14808598,36085.0,3332.4022405033784,6.844394025335602,14781,15837,1086,0,14751,15823,476179,30,0,0,30,14
2020-09-26,US,New York,Rockland,15100,675,0,41.15027894,-74.02560498,36087.0,4634.901730874892,4.470198675496689,14425,15045,675,0,14370,14998,325695,55,0,0,55,47
2020-09-26,US,New York,Saratoga,1036,17,0,43.10904162,-73.86653895,36091.0,450.7032449763555,1.640926640926641,1019,1031,17,0,1014,1017,230163,5,0,0,5,14
2020-09-26,US,New York,Schenectady,1399,48,0,42.81668777,-74.05278291,36093.0,900.8428901667106,3.4310221586847747,1351,1398,48,0,1350,1395,155350,1,0,0,1,3
2020-09-26,US,New York,Schoharie,84,0,0,42.58831742,-74.44339029999998,36095.0,270.97648311235844,0.0,84,83,0,0,83,83,31097,1,0,0,1,0
2020-09-26,US,New York,Schuyler,41,0,0,42.39184015,-76.8773299,36097.0,230.24653226259326,0.0,41,41,0,0,41,40,17912,0,0,0,0,1
2020-09-26,US,New York,Seneca,106,3,0,42.78081007,-76.82497064,36099.0,311.618062088429,2.830188679245283,103,106,3,0,103,105,34300,0,0,0,0,1
2020-09-26,US,New York,St. Lawrence,322,4,0,44.4976179,-75.06550039,36089.0,298.86764432894006,1.2422360248447204,318,322,4,0,318,322,108047,0,0,0,0,0
2020-09-26,US,New York,Steuben,404,42,0,42.2689144,-77.3829924,36101.0,423.5733232682247,10.396039603960396,362,387,42,0,345,376,95796,17,0,0,17,11
2020-09-26,US,New York,Suffolk,46345,2011,0,40.88320119,-72.8012172,36103.0,3138.6271579119884,4.339195166684648,44334,46293,2011,0,44282,46241,1481093,52,0,0,52,52
2020-09-26,US,New York,Sullivan,1583,48,0,41.71579493,-74.76394559,36105.0,2098.5788524764025,3.0322173089071383,1535,1581,48,0,1533,1580,75498,2,0,0,2,1
2020-09-26,US,New York,Tioga,234,25,0,42.16852837,-76.30835812,36107.0,485.446963881916,10.683760683760683,209,229,25,0,204,229,48560,5,0,0,5,0
2020-09-26,US,New York,Tompkins,409,0,0,42.44945765,-76.47229843,36109.0,400.2740262282247,0.0,409,408,0,0,408,406,102793,1,0,0,1,2
2020-09-26,US,New York,Ulster,2256,95,0,41.89027881,-74.26252104,36111.0,1270.4634150462066,4.210992907801418,2161,2255,95,0,2160,2254,178599,1,0,0,1,1
2020-09-26,US,New York,Unassigned,0,17,0,0.0,0.0,90036.0,0.0,0.0,-17,0,16,0,-16,0,,0,1,0,-1,0
2020-09-26,US,New York,Warren,377,33,0,43.56173026,-73.8433699,36113.0,589.578381083448,8.753315649867375,344,371,33,0,338,369,64265,6,0,0,6,2
2020-09-26,US,New York,Washington,296,14,0,43.31153794,-73.43043448,36115.0,483.6285210116986,4.729729729729731,282,294,14,0,280,294,61197,2,0,0,2,0
2020-09-26,US,New York,Wayne,316,5,0,43.15494365,-77.02976528,36117.0,351.431304077048,1.5822784810126582,311,315,5,0,310,314,90064,1,0,0,1,1
2020-09-26,US,New York,Westchester,38051,1454,0,41.16278376,-73.75741653,36119.0,3932.8955065911737,3.821187353814617,36597,38001,1454,0,36547,37948,967612,50,0,0,50,53
2020-09-26,US,New York,Wyoming,136,5,0,42.70145109,-78.22199579,36121.0,341.20273965729194,3.6764705882352944,131,135,5,0,130,134,40085,1,0,0,1,1
2020-09-26,US,New York,Yates,62,7,0,42.63505484,-77.10369919,36123.0,248.8660538674588,11.290322580645164,55,62,7,0,55,62,24841,0,0,0,0,0
2020-09-26,US,North Carolina,Alamance,3916,54,0,36.0434701,-79.39976137,37001.0,2310.201818192544,1.3789581205311543,3862,3881,54,0,3827,3837,166436,35,0,0,35,44
2020-09-26,US,North Carolina,Alexander,522,7,0,35.922379600000006,-81.17751948,37003.0,1392.1113689095125,1.3409961685823757,515,516,7,0,509,504,37353,6,0,0,6,12
2020-09-26,US,North Carolina,Alleghany,229,0,0,36.49360862,-81.12857041,37005.0,2056.209032953219,0.0,229,226,0,0,226,224,11161,3,0,0,3,2
2020-09-26,US,North Carolina,Anson,597,4,0,34.97403241,-80.09953279,37007.0,2442.117319806921,0.6700167504187605,593,577,4,0,573,563,24877,20,0,0,20,14
2020-09-26,US,North Carolina,Ashe,268,1,0,36.43296207,-81.49862729,37009.0,985.1854574863066,0.373134328358209,267,266,1,0,265,254,27109,2,0,0,2,12
2020-09-26,US,North Carolina,Avery,355,0,0,36.07569796,-81.92308483,37011.0,2021.9855328359051,0.0,355,348,0,0,348,331,17505,7,0,0,7,17
2020-09-26,US,North Carolina,Beaufort,944,23,0,35.48531943,-76.84325809,37013.0,2008.7670766480828,2.4364406779661016,921,918,23,0,895,875,47079,26,0,0,26,43
2020-09-26,US,North Carolina,Bertie,583,8,0,36.0688473,-76.96545943,37015.0,3077.0042750831267,1.37221269296741,575,577,8,0,569,560,19026,6,0,0,6,17
2020-09-26,US,North Carolina,Bladen,896,15,0,34.61296243,-78.56180059,37017.0,2738.218935272905,1.6741071428571428,881,893,15,0,878,837,33190,3,0,0,3,56
2020-09-26,US,North Carolina,Brunswick,1636,27,0,34.070565,-78.22814204,37019.0,1145.4978294356533,1.6503667481662592,1609,1622,26,0,1596,1576,136744,14,1,0,13,46
2020-09-26,US,North Carolina,Buncombe,3101,82,0,35.61113393,-82.53305,37021.0,1187.2537721437568,2.644308287649145,3019,3081,82,0,2999,2954,259103,20,0,0,20,127
2020-09-26,US,North Carolina,Burke,2110,38,0,35.74989637,-81.70755735,37023.0,2331.878211858319,1.800947867298578,2072,2104,38,0,2066,2049,90382,6,0,0,6,55
2020-09-26,US,North Carolina,Cabarrus,3999,69,0,35.3877799,-80.55267168,37025.0,1847.514240966861,1.7254313578394598,3930,3966,68,0,3898,3883,211342,33,1,0,32,83
2020-09-26,US,North Carolina,Caldwell,1657,18,0,35.95204977,-81.54799522,37027.0,2016.3547421451,1.0863005431502717,1639,1653,18,0,1635,1603,82029,4,0,0,4,50
2020-09-26,US,North Carolina,Camden,114,3,0,36.33804939,-76.15568396,37029.0,1049.0475752277537,2.631578947368421,111,113,3,0,110,111,10710,1,0,0,1,2
2020-09-26,US,North Carolina,Carteret,694,5,0,34.8932941,-76.54120135,37031.0,998.9492320757704,0.7204610951008645,689,677,5,0,672,628,69524,17,0,0,17,49
2020-09-26,US,North Carolina,Caswell,352,4,0,36.39312665,-79.33353281,37033.0,1557.246505043355,1.1363636363636365,348,349,4,0,345,329,22698,3,0,0,3,20
2020-09-26,US,North Carolina,Catawba,3152,52,0,35.66211129,-81.2132617,37035.0,1975.5438699851456,1.6497461928934007,3100,3129,52,0,3077,3032,158652,23,0,0,23,97
2020-09-26,US,North Carolina,Chatham,1669,57,0,35.70394416,-79.25541492,37037.0,2241.1709413186522,3.41521869382864,1612,1654,57,0,1597,1636,73139,15,0,0,15,18
2020-09-26,US,North Carolina,Cherokee,619,12,0,35.1349263,-84.05970864,37039.0,2163.427932336083,1.9386106623586432,607,614,12,0,602,599,28383,5,0,0,5,15
2020-09-26,US,North Carolina,Chowan,349,3,0,36.12908077,-76.60118385,37041.0,2503.048124506921,0.8595988538681948,346,346,3,0,343,335,14029,3,0,0,3,11
2020-09-26,US,North Carolina,Clay,117,2,0,35.05704275,-83.74353633,37043.0,1041.759415902413,1.709401709401709,115,116,2,0,114,114,11139,1,0,0,1,2
2020-09-26,US,North Carolina,Cleveland,2202,62,0,35.33553364,-81.55204486,37045.0,2248.154614230145,2.8156221616712083,2140,2176,61,0,2115,2118,97645,26,1,0,25,58
2020-09-26,US,North Carolina,Columbus,1368,57,0,34.26744084,-78.65801424,37047.0,2464.509620234921,4.166666666666667,1311,1357,56,0,1301,1338,55655,11,1,0,10,19
2020-09-26,US,North Carolina,Craven,1629,34,0,35.11833364,-77.08398081,37049.0,1594.885401266901,2.0871700429711484,1595,1591,34,0,1557,1317,102912,38,0,0,38,274
2020-09-26,US,North Carolina,Cumberland,5446,76,0,35.04762133,-78.82623165,37051.0,1623.205338753953,1.395519647447668,5370,5389,76,0,5313,5300,332330,57,0,0,57,89
2020-09-26,US,North Carolina,Currituck,182,3,0,36.36123664,-75.95876401,37053.0,655.5487519360299,1.6483516483516485,179,182,3,0,179,177,27072,0,0,0,0,5
2020-09-26,US,North Carolina,Dare,271,3,0,35.66520691,-75.71767334,37055.0,732.2543165176038,1.1070110701107012,268,271,3,0,268,268,36501,0,0,0,0,3
2020-09-26,US,North Carolina,Davidson,2743,34,0,35.79115496,-80.21256572,37057.0,1636.546963468549,1.2395187750637988,2709,2714,34,0,2680,2683,166614,29,0,0,29,31
2020-09-26,US,North Carolina,Davie,559,6,0,35.93099927,-80.54496571,37059.0,1304.6725481958642,1.073345259391771,553,553,6,0,547,542,42733,6,0,0,6,11
2020-09-26,US,North Carolina,Duplin,2377,53,0,34.93449805,-77.93140529,37061.0,4046.577348019271,2.2297013041649136,2324,2372,53,0,2319,2154,58856,5,0,0,5,218
2020-09-26,US,North Carolina,Durham,7708,94,0,36.03638492,-78.87608331,37063.0,2397.601154630966,1.2195121951219512,7614,7666,93,0,7573,7636,316739,42,1,0,41,30
2020-09-26,US,North Carolina,Edgecombe,1349,47,0,35.91230639,-77.59436892,37065.0,2620.842399751321,3.484062268346924,1302,1342,47,0,1295,1313,52005,7,0,0,7,29
2020-09-26,US,North Carolina,Forsyth,6992,101,0,36.12859861,-80.25459052,37067.0,1828.9540799644253,1.444508009153318,6891,6956,98,0,6858,6909,379099,36,3,0,33,47
2020-09-26,US,North Carolina,Franklin,1207,31,0,36.081519,-78.28708884,37069.0,1732.0800746215111,2.568351284175642,1176,1207,31,0,1176,1202,67560,0,0,0,0,5
2020-09-26,US,North Carolina,Gaston,5125,82,0,35.29373559,-81.17477045,37071.0,2282.5559281874507,1.6,5043,5087,81,0,5006,4990,222846,38,1,0,37,97
2020-09-26,US,North Carolina,Gates,139,3,0,36.44667547,-76.69749701,37073.0,1202.2141498010726,2.1582733812949644,136,138,3,0,135,129,11573,1,0,0,1,9
2020-09-26,US,North Carolina,Graham,154,3,0,35.3506925,-83.83369267,37075.0,1824.4283852624094,1.9480519480519483,151,143,3,0,140,134,8484,11,0,0,11,9
2020-09-26,US,North Carolina,Granville,1723,50,0,36.30337451,-78.65184241,37077.0,2850.619592012309,2.9019152640742885,1673,1715,49,0,1666,1709,60115,8,1,0,7,6
2020-09-26,US,North Carolina,Greene,601,5,0,35.48544173,-77.67578087,37079.0,2852.532156248517,0.8319467554076541,596,593,5,0,588,581,21012,8,0,0,8,12
2020-09-26,US,North Carolina,Guilford,8541,180,0,36.07959451,-79.78824948,37081.0,1589.9876017826623,2.107481559536354,8361,8437,180,0,8257,8331,533670,104,0,0,104,106
2020-09-26,US,North Carolina,Halifax,1022,19,0,36.25669272,-77.6556109,37083.0,2043.5912817436515,1.859099804305284,1003,1006,19,0,987,997,50574,16,0,0,16,9
2020-09-26,US,North Carolina,Harnett,2226,53,0,35.36731853,-78.87243571,37085.0,1637.0535976937106,2.380952380952381,2173,2210,52,0,2158,2128,134214,16,1,0,15,82
2020-09-26,US,North Carolina,Haywood,607,31,0,35.55269063,-82.98196486,37087.0,974.0520243272301,5.107084019769356,576,603,31,0,572,590,61971,4,0,0,4,13
2020-09-26,US,North Carolina,Henderson,2005,64,0,35.33788927,-82.4766782,37089.0,1707.5891906623401,3.1920199501246884,1941,1994,64,0,1930,1945,116748,11,0,0,11,49
2020-09-26,US,North Carolina,Hertford,747,30,0,36.3607755,-76.98104134,37091.0,3154.9605101997718,4.016064257028113,717,744,29,0,715,732,23659,3,1,0,2,12
2020-09-26,US,North Carolina,Hoke,1153,17,0,35.01888303,-79.23651674,37093.0,2087.482347829236,1.4744145706851692,1136,1138,17,0,1121,1106,54764,15,0,0,15,32
2020-09-26,US,North Carolina,Hyde,125,5,0,35.42017674,-76.15180542,37095.0,2531.901964755925,4.0,120,126,5,0,121,125,5230,-1,0,0,-1,1
2020-09-26,US,North Carolina,Iredell,3068,32,0,35.80950511,-80.8743128,37097.0,1687.5130633752462,1.0430247718383312,3036,3045,30,0,3015,2726,178435,23,2,0,21,319
2020-09-26,US,North Carolina,Jackson,648,7,0,35.28814273,-83.14093385,37099.0,1474.805407619828,1.0802469135802468,641,638,7,0,631,537,43327,10,0,0,10,101
2020-09-26,US,North Carolina,Johnston,4480,56,0,35.51745004,-78.36622717,37101.0,2140.0694567185283,1.25,4424,4460,56,0,4404,4280,202675,20,0,0,20,180
2020-09-26,US,North Carolina,Jones,157,11,0,35.02254606,-77.35870791,37103.0,1666.8436139717596,7.0063694267515935,146,157,11,0,146,149,9637,0,0,0,0,8
2020-09-26,US,North Carolina,Lee,1635,14,0,35.47623147,-79.17569362,37105.0,2646.530374399068,0.8562691131498471,1621,1631,14,0,1617,1601,61452,4,0,0,4,30
2020-09-26,US,North Carolina,Lenoir,1005,32,0,35.24032589999999,-77.64245615,37107.0,1796.2787538651266,3.18407960199005,973,996,31,0,965,953,55976,9,1,0,8,43
2020-09-26,US,North Carolina,Lincoln,1599,14,0,35.48508185,-81.21740317,37109.0,1856.9056218137048,0.8755472170106317,1585,1575,14,0,1561,1535,83770,24,0,0,24,40
2020-09-26,US,North Carolina,Macon,596,2,0,35.14867843,-83.41696617,37113.0,1662.1116626694186,0.3355704697986577,594,593,2,0,591,592,35285,3,0,0,3,1
2020-09-26,US,North Carolina,Madison,103,1,0,35.85402722,-82.71346418,37115.0,473.4543783038382,0.9708737864077671,102,99,1,0,98,94,21763,4,0,0,4,5
2020-09-26,US,North Carolina,Martin,456,10,0,35.84326734,-77.10860251,37117.0,2032.0855614973261,2.1929824561403506,446,453,10,0,443,429,22671,3,0,0,3,24
2020-09-26,US,North Carolina,McDowell,979,26,0,35.67736232,-82.0482425,37111.0,2139.6101057784767,2.6557711950970377,953,972,26,0,946,898,45507,7,0,0,7,74
2020-09-26,US,North Carolina,Mecklenburg,28579,352,0,35.24469268,-80.8317671,37119.0,2573.859194708724,1.231673606494279,28227,28416,347,0,28069,27884,1093901,163,5,0,158,532
2020-09-26,US,North Carolina,Mitchell,151,3,0,36.01059309,-82.1582442,37121.0,1009.0884790163057,1.9867549668874167,148,150,3,0,147,105,15000,1,0,0,1,45
2020-09-26,US,North Carolina,Montgomery,1047,30,0,35.33155144,-79.90416657,37123.0,3853.089463805984,2.8653295128939833,1017,1042,30,0,1012,1029,27271,5,0,0,5,13
2020-09-26,US,North Carolina,Moore,1651,29,0,35.30885257,-79.48474178,37125.0,1636.59793814433,1.756511205330103,1622,1630,27,0,1603,1563,98682,21,2,0,19,67
2020-09-26,US,North Carolina,Nash,2332,39,0,35.96575634,-77.98422508,37127.0,2473.0110924940077,1.6723842195540308,2293,2295,39,0,2256,2252,94016,37,0,0,37,43
2020-09-26,US,North Carolina,New Hanover,4268,30,0,34.25758282,-77.87075626,37129.0,1820.2522252029016,0.7029053420805998,4238,4231,30,0,4201,3966,232274,37,0,0,37,265
2020-09-26,US,North Carolina,Northampton,450,17,0,36.41736238,-77.39769443,37131.0,2309.705897449059,3.7777777777777777,433,449,17,0,432,414,19676,1,0,0,1,35
2020-09-26,US,North Carolina,Onslow,2180,25,0,34.72607366,-77.42908179,37133.0,1101.3549697379988,1.1467889908256879,2155,2151,25,0,2126,1909,197683,29,0,0,29,242
2020-09-26,US,North Carolina,Orange,2653,55,0,36.06092947,-79.12167935,37135.0,1786.820765645626,2.0731247644176403,2598,2636,55,0,2581,2614,146027,17,0,0,17,22
2020-09-26,US,North Carolina,Pamlico,269,2,0,35.15253315,-76.66559823,37137.0,2113.782806852114,0.7434944237918215,267,267,2,0,265,236,12670,2,0,0,2,31
2020-09-26,US,North Carolina,Pasquotank,700,30,0,36.26723798,-76.25134778,37139.0,1757.734029730815,4.285714285714286,670,695,30,0,665,692,39639,5,0,0,5,3
2020-09-26,US,North Carolina,Pender,956,5,0,34.52265624,-77.90352133,37141.0,1516.0164922296226,0.5230125523012552,951,940,5,0,935,920,62162,16,0,0,16,20
2020-09-26,US,North Carolina,Perquimans,187,3,0,36.17847453,-76.40603143,37143.0,1388.9920522914654,1.60427807486631,184,186,3,0,183,182,13422,1,0,0,1,4
2020-09-26,US,North Carolina,Person,430,7,0,36.38989032,-78.97217358,37145.0,1088.8832615852114,1.627906976744186,423,427,7,0,420,421,39507,3,0,0,3,6
2020-09-26,US,North Carolina,Pitt,4895,29,0,35.59535426,-77.37353178,37147.0,2708.2803111617663,0.59244126659857,4866,4852,29,0,4823,4695,179914,43,0,0,43,157
2020-09-26,US,North Carolina,Polk,311,11,0,35.27820615,-82.16812354,37149.0,1500.6755452615325,3.536977491961415,300,308,10,0,298,261,20611,3,1,0,2,47
2020-09-26,US,North Carolina,Randolph,2821,52,0,35.71015088,-79.80570339,37151.0,1963.5685300034106,1.8433179723502304,2769,2809,52,0,2757,2714,143351,12,0,0,12,95
2020-09-26,US,North Carolina,Richmond,1010,16,0,35.00417719,-79.74491009,37153.0,2253.005866738049,1.5841584158415842,994,995,16,0,979,953,44887,15,0,0,15,42
2020-09-26,US,North Carolina,Robeson,4484,75,0,34.64244496,-79.10250529999998,37155.0,3432.7272727272725,1.672613737734166,4409,4455,75,0,4380,4314,131831,29,0,0,29,141
2020-09-26,US,North Carolina,Rockingham,1242,14,0,36.39593137,-79.77504841,37157.0,1364.6851994286342,1.1272141706924317,1228,1207,14,0,1193,1183,90690,35,0,0,35,24
2020-09-26,US,North Carolina,Rowan,3354,97,0,35.64003916,-80.52446628,37159.0,2360.508980350205,2.8920691711389392,3257,3325,94,0,3231,3261,141262,29,3,0,26,64
2020-09-26,US,North Carolina,Rutherford,1183,33,0,35.40114178,-81.92112099,37161.0,1764.9077265064375,2.789518174133559,1150,1160,33,0,1127,1140,66826,23,0,0,23,20
2020-09-26,US,North Carolina,Sampson,2224,28,0,34.98820368,-78.36914061,37163.0,3500.6532244101304,1.2589928057553956,2196,2200,28,0,2172,1788,63626,24,0,0,24,412
2020-09-26,US,North Carolina,Scotland,1154,13,0,34.8386299,-79.4757978,37165.0,3313.901731614163,1.126516464471404,1141,1095,13,0,1082,1034,34810,59,0,0,59,61
2020-09-26,US,North Carolina,Stanly,1946,56,0,35.31647813,-80.25093221,37167.0,3098.430086297488,2.8776978417266186,1890,1891,56,0,1835,1864,62075,55,0,0,55,27
2020-09-26,US,North Carolina,Stokes,431,3,0,36.4017975,-80.23893369,37169.0,945.3620232063347,0.6960556844547564,428,424,3,0,421,417,45467,7,0,0,7,7
2020-09-26,US,North Carolina,Surry,1316,23,0,36.41689489,-80.69102283,37171.0,1833.303149770837,1.7477203647416413,1293,1313,23,0,1290,1282,71948,3,0,0,3,31
2020-09-26,US,North Carolina,Swain,144,3,0,35.48665845,-83.48748932,37173.0,1009.0393104898044,2.083333333333333,141,142,3,0,139,139,14245,2,0,0,2,3
2020-09-26,US,North Carolina,Transylvania,330,7,0,35.20383864,-82.79638423,37175.0,959.7208084920752,2.121212121212121,323,329,7,0,322,324,34215,1,0,0,1,5
2020-09-26,US,North Carolina,Tyrrell,116,3,0,35.87147226,-76.17055253,37177.0,2888.4462151394428,2.586206896551724,113,116,3,0,113,114,4131,0,0,0,0,2
2020-09-26,US,North Carolina,Union,4778,59,0,34.98960527,-80.52955873,37179.0,1992.0036354691715,1.2348262871494349,4719,4750,58,0,4692,4653,235908,28,1,0,27,97
2020-09-26,US,North Carolina,Vance,1039,44,0,36.36880673,-78.40670845,37181.0,2332.996519591333,4.234841193455245,995,1032,44,0,988,1030,44582,7,0,0,7,2
2020-09-26,US,North Carolina,Wake,17485,242,0,35.78879266,-78.65249174,37183.0,1572.7301101585683,1.3840434658278524,17243,17416,239,0,17177,17158,1092305,69,3,0,66,258
2020-09-26,US,North Carolina,Warren,338,7,0,36.39728256,-78.10652228,37185.0,1713.040393289747,2.0710059171597632,331,338,7,0,331,336,19807,0,0,0,0,2
2020-09-26,US,North Carolina,Washington,208,8,0,35.83810081,-76.57299037,37187.0,1796.2003454231433,3.8461538461538463,200,209,8,0,201,202,11859,-1,0,0,-1,7
2020-09-26,US,North Carolina,Watauga,830,1,0,36.23103603,-81.70033724,37189.0,1477.472987165566,0.12048192771084335,829,816,1,0,815,622,55945,14,0,0,14,194
2020-09-26,US,North Carolina,Wayne,3366,67,0,35.36438125,-78.00027268,37191.0,2733.6738920336875,1.9904931669637551,3299,3336,67,0,3269,3250,123248,30,0,0,30,86
2020-09-26,US,North Carolina,Wilkes,1224,33,0,36.2084135,-81.16232895,37193.0,1789.159796526925,2.6960784313725488,1191,1201,33,0,1168,1192,68557,23,0,0,23,9
2020-09-26,US,North Carolina,Wilson,2219,49,0,35.70625477,-77.917978,37195.0,2712.680774073667,2.2082018927444795,2170,2196,49,0,2147,2145,81455,23,0,0,23,51
2020-09-26,US,North Carolina,Yadkin,741,8,0,36.16222629,-80.66239436,37197.0,1967.2392279714331,1.0796221322537112,733,736,7,0,729,728,37543,5,1,0,4,8
2020-09-26,US,North Carolina,Yancey,212,0,0,35.90079156,-82.31237181,37199.0,1173.2802036637336,0.0,212,209,0,0,209,119,17903,3,0,0,3,90
2020-09-26,US,North Dakota,Adams,21,0,0,46.09686891,-102.5285397,38001.0,947.6534296028881,0.0,21,20,0,0,20,19,2294,1,0,0,1,1
2020-09-26,US,North Dakota,Barnes,233,0,0,46.93579637,-98.06605978,38003.0,2237.1579452712435,0.0,233,228,0,0,228,226,10542,5,0,0,5,2
2020-09-26,US,North Dakota,Benson,340,6,0,48.0683985,-99.35916363,38005.0,4976.580796252927,1.7647058823529411,334,340,6,0,334,327,6962,0,0,0,0,13
2020-09-26,US,North Dakota,Billings,17,0,0,47.02366884,-103.3762965,38007.0,1831.896551724138,0.0,17,15,0,0,15,15,919,2,0,0,2,0
2020-09-26,US,North Dakota,Bottineau,70,2,0,48.79106111,-100.8378166,38009.0,1114.2948105698822,2.8571428571428568,68,65,1,0,64,64,6411,5,1,0,4,1
2020-09-26,US,North Dakota,Bowman,38,0,0,46.11285362,-103.5203343,38011.0,1256.6137566137565,0.0,38,36,0,0,36,34,3076,2,0,0,2,2
2020-09-26,US,North Dakota,Burke,33,1,0,48.79094471,-102.51821170000001,38013.0,1560.2836879432625,3.0303030303030303,32,33,1,0,32,32,2100,0,0,0,0,1
2020-09-26,US,North Dakota,Burleigh,3525,43,0,46.97847375,-100.46452140000001,38015.0,3686.235960931128,1.2198581560283688,3482,3434,42,0,3392,3399,95273,91,1,0,90,35
2020-09-26,US,North Dakota,Cass,5064,77,0,46.93201724,-97.24447190000001,38017.0,2783.595257334147,1.5205371248025277,4987,4984,77,0,4907,4927,181516,80,0,0,80,57
2020-09-26,US,North Dakota,Cavalier,54,0,0,48.77286211,-98.46685243,38019.0,1435.4066985645934,0.0,54,53,0,0,53,53,3829,1,0,0,1,0
2020-09-26,US,North Dakota,Dickey,65,0,0,46.11017712,-98.50490079999999,38021.0,1334.1543513957304,0.0,65,62,0,0,62,52,4903,3,0,0,3,10
2020-09-26,US,North Dakota,Divide,7,0,0,48.814938700000006,-103.48736109999999,38023.0,309.1872791519435,0.0,7,7,0,0,7,7,2283,0,0,0,0,0
2020-09-26,US,North Dakota,Dunn,101,1,0,47.35423935,-102.61604679999999,38025.0,2283.001808318264,0.99009900990099,100,100,1,0,99,96,4332,1,0,0,1,4
2020-09-26,US,North Dakota,Eddy,83,3,0,47.71701474,-98.90432337,38027.0,3629.2085701792735,3.614457831325301,80,79,3,0,76,76,2313,4,0,0,4,3
2020-09-26,US,North Dakota,Emmons,150,1,0,46.28398398,-100.2389766,38029.0,4628.2011724776285,0.6666666666666666,149,149,1,0,148,145,3295,1,0,0,1,4
2020-09-26,US,North Dakota,Foster,62,0,0,47.457108399999996,-98.88279923,38031.0,1931.4641744548287,0.0,62,61,0,0,61,59,3216,1,0,0,1,2
2020-09-26,US,North Dakota,Golden Valley,44,0,0,46.94022281,-103.8465421,38033.0,2498.580352072686,0.0,44,43,0,0,43,41,1769,1,0,0,1,2
2020-09-26,US,North Dakota,Grand Forks,2211,13,0,47.92093639,-97.45450447,38035.0,3183.5394738736663,0.5879692446856626,2198,2196,13,0,2183,2148,70770,15,0,0,15,48
2020-09-26,US,North Dakota,Grant,19,0,0,46.35821257,-101.63900129999999,38037.0,835.5321020228673,0.0,19,17,0,0,17,16,2374,2,0,0,2,1
2020-09-26,US,North Dakota,Griggs,57,1,0,47.45785838,-98.23850925,38039.0,2554.908112953832,1.7543859649122806,56,57,1,0,56,56,2232,0,0,0,0,1
2020-09-26,US,North Dakota,Hettinger,63,0,0,46.43375068,-102.4632417,38041.0,2521.008403361345,0.0,63,59,0,0,59,56,2514,4,0,0,4,3
2020-09-26,US,North Dakota,Kidder,48,0,0,46.97830064,-99.77507857,38043.0,1935.483870967742,0.0,48,43,0,0,43,43,2450,5,0,0,5,0
2020-09-26,US,North Dakota,LaMoure,60,0,0,46.45681054,-98.53542355,38045.0,1482.9461196243203,0.0,60,53,0,0,53,53,4062,7,0,0,7,0
2020-09-26,US,North Dakota,Logan,56,0,0,46.45729487,-99.47719806,38047.0,3027.027027027027,0.0,56,45,0,0,45,44,1903,11,0,0,11,1
2020-09-26,US,North Dakota,McHenry,61,1,0,48.23104458,-100.6324822,38049.0,1061.7928633594431,1.639344262295082,60,59,1,0,58,59,5816,2,0,0,2,0
2020-09-26,US,North Dakota,McIntosh,68,3,0,46.11182017,-99.44145858,38051.0,2723.267921505807,4.411764705882354,65,61,3,0,58,61,2585,7,0,0,7,0
2020-09-26,US,North Dakota,McKenzie,226,2,0,47.74133370000001,-103.395905,38053.0,1504.2598509052184,0.8849557522123894,224,219,2,0,217,210,13632,7,0,0,7,9
2020-09-26,US,North Dakota,McLean,269,3,0,47.60766714,-101.3182418,38055.0,2846.5608465608466,1.1152416356877324,266,266,2,0,264,258,9541,3,1,0,2,8
2020-09-26,US,North Dakota,Mercer,143,0,0,47.31213126,-101.8318399,38057.0,1746.6715524612189,0.0,143,140,0,0,140,134,8267,3,0,0,3,6
2020-09-26,US,North Dakota,Morton,1248,24,0,46.71681782,-101.2822377,38059.0,3979.08430047188,1.9230769230769231,1224,1220,24,0,1196,1198,31095,28,0,0,28,22
2020-09-26,US,North Dakota,Mountrail,249,2,0,48.20197971,-102.3555315,38061.0,2361.308677098151,0.8032128514056225,247,242,2,0,240,237,10218,7,0,0,7,5
2020-09-26,US,North Dakota,Nelson,54,0,0,47.9226426,-98.19038437,38063.0,1875.6512678013198,0.0,54,48,0,0,48,46,2869,6,0,0,6,2
2020-09-26,US,North Dakota,Oliver,21,0,0,47.11530482,-101.3406158,38065.0,1071.9754977029097,0.0,21,20,0,0,20,20,1952,1,0,0,1,0
2020-09-26,US,North Dakota,Pembina,78,0,0,48.76623521,-97.5523809,38067.0,1146.8901632112925,0.0,78,72,0,0,72,70,6947,6,0,0,6,2
2020-09-26,US,North Dakota,Pierce,32,0,0,48.24977025,-99.96407787,38069.0,805.0314465408806,0.0,32,31,0,0,31,31,4081,1,0,0,1,0
2020-09-26,US,North Dakota,Ramsey,219,2,0,48.26886249,-98.72223879,38071.0,1901.2067019706567,0.9132420091324199,217,207,2,0,205,199,11481,12,0,0,12,8
2020-09-26,US,North Dakota,Ransom,80,0,0,46.45621782,-97.65742504,38073.0,1533.1544653123801,0.0,80,80,0,0,80,76,5237,0,0,0,0,4
2020-09-26,US,North Dakota,Renville,60,1,0,48.71982533,-101.6603912,38075.0,2578.427159432746,1.6666666666666667,59,57,0,0,57,51,2374,3,1,0,2,6
2020-09-26,US,North Dakota,Richland,236,1,0,46.26440649,-96.94852979,38077.0,1458.8613463559375,0.42372881355932196,235,227,1,0,226,226,16239,9,0,0,9,1
2020-09-26,US,North Dakota,Rolette,180,4,0,48.77245354,-99.84097493,38079.0,1269.7516930022573,2.2222222222222223,176,175,4,0,171,171,14301,5,0,0,5,4
2020-09-26,US,North Dakota,Sargent,73,0,0,46.10830372,-97.63217159,38081.0,1872.7552591072345,0.0,73,71,0,0,71,62,3870,2,0,0,2,9
2020-09-26,US,North Dakota,Sheridan,11,0,0,47.57700669,-100.3426391,38083.0,836.5019011406844,0.0,11,10,0,0,10,10,1349,1,0,0,1,0
2020-09-26,US,North Dakota,Sioux,149,3,0,46.11323337,-101.04401490000001,38085.0,3522.458628841608,2.0134228187919465,146,147,3,0,144,145,4358,2,0,0,2,2
2020-09-26,US,North Dakota,Slope,7,0,0,46.44737738,-103.4601547,38087.0,933.3333333333336,0.0,7,7,0,0,7,7,763,0,0,0,0,0
2020-09-26,US,North Dakota,Stark,1585,13,0,46.80851182,-102.65763259999999,38089.0,5033.5037632189005,0.8201892744479495,1572,1523,10,0,1513,1422,30997,62,3,0,59,101
2020-09-26,US,North Dakota,Steele,28,0,0,47.45611548,-97.72728747,38091.0,1481.4814814814815,0.0,28,28,0,0,28,28,1903,0,0,0,0,0
2020-09-26,US,North Dakota,Stutsman,510,3,0,46.97962541,-98.95637318,38093.0,2463.292117465224,0.5882352941176471,507,505,3,0,502,504,20917,5,0,0,5,1
2020-09-26,US,North Dakota,Towner,18,0,0,48.68565745,-99.24564265,38095.0,822.2932846048424,0.0,18,18,0,0,18,18,2192,0,0,0,0,0
2020-09-26,US,North Dakota,Traill,118,0,0,47.45367788,-97.16323288,38097.0,1468.3922349427576,0.0,118,115,0,0,115,112,8037,3,0,0,3,3
2020-09-26,US,North Dakota,Walsh,191,1,0,48.36876964,-97.72574783,38099.0,1794.9440842026127,0.5235602094240838,190,185,1,0,184,179,10667,6,0,0,6,6
2020-09-26,US,North Dakota,Ward,1034,9,0,48.22390169,-101.54367629999999,38101.0,1528.6586537750773,0.8704061895551257,1025,987,8,0,979,979,67744,47,1,0,46,8
2020-09-26,US,North Dakota,Wells,33,0,0,47.58614526,-99.65904998,38103.0,860.7198748043819,0.0,33,33,0,0,33,33,3957,0,0,0,0,0
2020-09-26,US,North Dakota,Williams,978,7,0,48.34522353,-103.4793387,38105.0,2601.8250019952648,0.7157464212678937,971,953,7,0,946,917,35350,25,0,0,25,36
2020-09-26,US,Ohio,Adams,131,4,0,38.84541072,-83.4718964,39001.0,472.958336341974,3.053435114503817,127,129,4,0,125,126,27724,2,0,0,2,3
2020-09-26,US,Ohio,Allen,1437,69,0,40.77285242,-84.10802343,39003.0,1403.9921446786059,4.801670146137787,1368,1430,69,0,1361,1408,102663,7,0,0,7,22
2020-09-26,US,Ohio,Ashland,239,4,0,40.84772277,-82.27280781,39005.0,446.8626131179418,1.6736401673640169,235,237,4,0,233,236,53745,2,0,0,2,1
2020-09-26,US,Ohio,Ashtabula,659,48,0,41.70860332,-80.74830218,39007.0,677.6976789625775,7.283763277693474,611,657,48,0,609,655,97493,2,0,0,2,2
2020-09-26,US,Ohio,Athens,678,2,0,39.33425634,-82.04278644,39009.0,1037.8557105025486,0.2949852507374631,676,669,2,0,667,653,65818,9,0,0,9,16
2020-09-26,US,Ohio,Auglaize,607,9,0,40.55998859,-84.22421429999999,39011.0,1329.5076222183286,1.4827018121911038,598,597,9,0,588,585,45804,10,0,0,10,12
2020-09-26,US,Ohio,Belmont,721,27,0,40.01625942,-80.9924051,39013.0,1076.023042712593,3.7447988904299594,694,718,27,0,691,718,67505,3,0,0,3,0
2020-09-26,US,Ohio,Brown,288,2,0,38.93416837,-83.86788395,39015.0,663.1055442991342,0.6944444444444444,286,288,2,0,286,284,43602,0,0,0,0,4
2020-09-26,US,Ohio,Butler,6022,111,0,39.44012838,-84.57388716,39017.0,1571.7738441380825,1.8432414480239123,5911,5933,111,0,5822,5838,382378,89,0,0,89,95
2020-09-26,US,Ohio,Carroll,152,7,0,40.578968599999996,-81.09178213,39019.0,564.7618339897451,4.605263157894737,145,152,7,0,145,152,27081,0,0,0,0,0
2020-09-26,US,Ohio,Champaign,307,3,0,40.13923427,-83.76875242,39021.0,789.5075221807895,0.977198697068404,304,304,3,0,301,302,38754,3,0,0,3,2
2020-09-26,US,Ohio,Clark,1799,40,0,39.91592258,-83.78498252,39023.0,1341.7062565724216,2.2234574763757644,1759,1794,40,0,1754,1777,134585,5,0,0,5,17
2020-09-26,US,Ohio,Clermont,1725,23,0,39.04847534,-84.15375786,39025.0,835.6424516054024,1.3333333333333333,1702,1707,23,0,1684,1679,205466,18,0,0,18,28
2020-09-26,US,Ohio,Clinton,300,13,0,39.41485808,-83.80852286,39027.0,714.830346930995,4.333333333333333,287,294,13,0,281,286,42057,6,0,0,6,8
2020-09-26,US,Ohio,Columbiana,1931,80,0,40.76932373,-80.78094576,39029.0,1895.3112884386996,4.142931123770067,1851,1929,80,0,1849,1924,102665,2,0,0,2,5
2020-09-26,US,Ohio,Coshocton,234,11,0,40.30096166,-81.91729018,39031.0,639.344262295082,4.700854700854701,223,234,11,0,223,233,36629,0,0,0,0,1
2020-09-26,US,Ohio,Crawford,238,6,0,40.85065156,-82.91989099,39033.0,573.5769026847255,2.5210084033613445,232,236,6,0,230,231,41550,2,0,0,2,5
2020-09-26,US,Ohio,Cuyahoga,17437,656,0,41.424119,-81.65918339,39035.0,1411.820525443051,3.76211504272524,16781,17375,656,0,16719,17327,1243857,62,0,0,62,48
2020-09-26,US,Ohio,Darke,799,42,0,40.13412966,-84.6194517,39037.0,1563.203099015906,5.2565707133917385,757,799,42,0,757,784,51323,0,0,0,0,15
2020-09-26,US,Ohio,Defiance,292,11,0,41.32398837,-84.49076944,39039.0,766.6657914774071,3.767123287671233,281,289,11,0,278,288,38165,3,0,0,3,1
2020-09-26,US,Ohio,Delaware,2259,20,0,40.27942393,-83.00457058,39041.0,1079.9466480540405,0.8853474988933157,2239,2231,20,0,2211,2216,204826,28,0,0,28,15
2020-09-26,US,Ohio,Erie,943,47,0,41.36796058,-82.62904521,39043.0,1269.7600517060296,4.984093319194062,896,935,46,0,889,932,74615,8,1,0,7,3
2020-09-26,US,Ohio,Fairfield,2105,53,0,39.75107189,-82.63088163,39045.0,1335.8802848185614,2.517814726840855,2052,2087,53,0,2034,2067,155782,18,0,0,18,20
2020-09-26,US,Ohio,Fayette,231,6,0,39.56021306,-83.4562016,39047.0,809.8159509202452,2.5974025974025974,225,230,6,0,224,228,28666,1,0,0,1,2
2020-09-26,US,Ohio,Franklin,26872,607,0,39.96995815,-83.01115755,39049.0,2040.7729298366592,2.2588568026198272,26265,26704,607,0,26097,26545,1310300,168,0,0,168,159
2020-09-26,US,Ohio,Fulton,244,1,0,41.60213491,-84.12571393,39051.0,579.2147367421545,0.4098360655737705,243,241,1,0,240,241,42276,3,0,0,3,0
2020-09-26,US,Ohio,Gallia,191,13,0,38.82708533,-82.31647569,39053.0,638.838718308917,6.806282722513089,178,189,13,0,176,189,29979,2,0,0,2,0
2020-09-26,US,Ohio,Geauga,720,49,0,41.49952319,-81.17935342,39055.0,768.8282843383272,6.8055555555555545,671,713,49,0,664,713,94031,7,0,0,7,0
2020-09-26,US,Ohio,Greene,1453,32,0,39.69116283,-83.89032084,39057.0,860.0839366154248,2.202339986235375,1421,1444,32,0,1412,1420,167995,9,0,0,9,24
2020-09-26,US,Ohio,Guernsey,169,8,0,40.05026529,-81.49248905,39059.0,434.7266881028939,4.733727810650888,161,169,8,0,161,167,39022,0,0,0,0,2
2020-09-26,US,Ohio,Hamilton,13158,315,0,39.19673558,-84.54502924,39061.0,1609.5944453211298,2.3939808481532148,12843,13036,315,0,12721,12953,816684,122,0,0,122,83
2020-09-26,US,Ohio,Hancock,710,10,0,41.00250487,-83.66838948,39063.0,936.8855811989496,1.4084507042253518,700,695,10,0,685,686,75930,15,0,0,15,9
2020-09-26,US,Ohio,Hardin,255,13,0,40.66015414,-83.65929931,39065.0,813.0081300813008,5.098039215686273,242,252,13,0,239,252,31480,3,0,0,3,0
2020-09-26,US,Ohio,Harrison,63,3,0,40.29380509,-81.09068544,39067.0,418.88297872340434,4.761904761904762,60,63,3,0,60,63,15174,0,0,0,0,0
2020-09-26,US,Ohio,Henry,314,14,0,41.333964200000004,-84.06830637,39069.0,1162.7045841664815,4.4585987261146505,300,312,13,0,299,306,27086,2,1,0,1,6
2020-09-26,US,Ohio,Highland,230,3,0,39.1839264,-83.60331456,39071.0,532.888487291768,1.3043478260869563,227,227,3,0,224,222,43058,3,0,0,3,5
2020-09-26,US,Ohio,Hocking,164,9,0,39.49537927,-82.47991446,39073.0,580.2434191904897,5.487804878048781,155,163,9,0,154,161,28385,1,0,0,1,2
2020-09-26,US,Ohio,Holmes,387,9,0,40.56163713,-81.92635677,39075.0,880.3457688808007,2.3255813953488373,378,385,9,0,376,385,43892,2,0,0,2,0
2020-09-26,US,Ohio,Huron,546,7,0,41.14651175,-82.59867951,39077.0,937.0816599732264,1.2820512820512822,539,542,7,0,535,542,58504,4,0,0,4,0
2020-09-26,US,Ohio,Jackson,258,6,0,39.01914254,-82.61818559999998,39079.0,795.9769228396013,2.3255813953488373,252,250,6,0,244,246,32384,8,0,0,8,4
2020-09-26,US,Ohio,Jefferson,336,4,0,40.38614126,-80.76259514,39081.0,514.3513203214695,1.1904761904761905,332,336,4,0,332,335,65767,0,0,0,0,1
2020-09-26,US,Ohio,Knox,284,15,0,40.39830217,-82.42027563,39083.0,455.6978274124707,5.28169014084507,269,284,15,0,269,282,61893,0,0,0,0,2
2020-09-26,US,Ohio,Lake,1628,51,0,41.69710807,-81.23676539,39085.0,707.3678356195337,3.1326781326781328,1577,1619,51,0,1568,1608,230514,9,0,0,9,11
2020-09-26,US,Ohio,Lawrence,658,22,0,38.59743452,-82.53466552,39087.0,1106.5704723945985,3.3434650455927053,636,653,22,0,631,641,59866,5,0,0,5,12
2020-09-26,US,Ohio,Licking,1927,63,0,40.09136236,-82.48185785,39089.0,1089.550044667594,3.269330565646082,1864,1910,63,0,1847,1898,175769,17,0,0,17,12
2020-09-26,US,Ohio,Logan,312,3,0,40.38996525,-83.76784341,39091.0,683.1318970047294,0.9615384615384616,309,309,3,0,306,308,45358,3,0,0,3,1
2020-09-26,US,Ohio,Lorain,2311,86,0,41.29553751,-82.15083537,39093.0,745.8856868054726,3.7213327563825183,2225,2307,86,0,2221,2295,309461,4,0,0,4,12
2020-09-26,US,Ohio,Lucas,7303,364,0,41.62101218,-83.65468618,39095.0,1704.9221660892545,4.98425304669314,6939,7280,364,0,6916,7230,429899,23,0,0,23,50
2020-09-26,US,Ohio,Madison,823,12,0,39.89381073,-83.40178317,39097.0,1839.8873264626322,1.4580801944106927,811,815,12,0,803,802,44413,8,0,0,8,13
2020-09-26,US,Ohio,Mahoning,3065,281,0,41.01631101,-80.77287029,39099.0,1340.283274226768,9.168026101141924,2784,3053,281,0,2772,3030,229642,12,0,0,12,23
2020-09-26,US,Ohio,Marion,3096,47,0,40.58610662,-83.15736305,39101.0,4756.271795738405,1.5180878552971575,3049,3088,47,0,3041,3083,65256,8,0,0,8,5
2020-09-26,US,Ohio,Medina,1467,39,0,41.11770589,-81.89986209999998,39103.0,816.1516807049948,2.6584867075664618,1428,1460,39,0,1421,1451,179146,7,0,0,7,9
2020-09-26,US,Ohio,Meigs,175,10,0,39.09224872,-82.0305041,39105.0,763.9586152704413,5.7142857142857135,165,174,10,0,164,174,23106,1,0,0,1,0
2020-09-26,US,Ohio,Mercer,1122,18,0,40.54043046,-84.62912742,39107.0,2725.1530166132325,1.60427807486631,1104,1119,18,0,1101,1101,40959,3,0,0,3,18
2020-09-26,US,Ohio,Miami,1436,51,0,40.0543329,-84.22871271,39109.0,1342.2191481207997,3.5515320334261835,1385,1428,51,0,1377,1407,106222,8,0,0,8,21
2020-09-26,US,Ohio,Monroe,110,18,0,39.72984936,-81.08464734,39111.0,805.6247253552073,16.363636363636363,92,110,18,0,92,110,13790,0,0,0,0,0
2020-09-26,US,Ohio,Montgomery,7809,163,0,39.75394919,-84.29050975,39113.0,1468.7212589361786,2.087335126136509,7646,7755,162,0,7593,7667,532331,54,1,0,53,88
2020-09-26,US,Ohio,Morgan,47,0,0,39.62081738,-81.85308173,39115.0,323.9591949269368,0.0,47,47,0,0,47,47,14604,0,0,0,0,0
2020-09-26,US,Ohio,Morrow,258,2,0,40.52363560000001,-82.7892599,39117.0,730.2989130434783,0.7751937984496124,256,257,2,0,255,257,35112,1,0,0,1,0
2020-09-26,US,Ohio,Muskingum,410,3,0,39.96575964,-81.94363275,39119.0,475.5552978020065,0.7317073170731707,407,401,2,0,399,392,86183,9,1,0,8,9
2020-09-26,US,Ohio,Noble,30,0,0,39.76818851,-81.45937183,39121.0,207.98668885191344,0.0,30,28,0,0,28,28,14354,2,0,0,2,0
2020-09-26,US,Ohio,Ottawa,468,30,0,41.53781826,-83.0940185,39123.0,1154.8426896977173,6.410256410256411,438,468,30,0,438,469,40769,0,0,0,0,-1
2020-09-26,US,Ohio,Paulding,110,0,0,41.11676341,-84.5801017,39125.0,589.1173950299915,0.0,110,108,0,0,108,107,18760,2,0,0,2,1
2020-09-26,US,Ohio,Perry,297,9,0,39.73508655,-82.23804971,39127.0,821.9405546023137,3.0303030303030303,288,296,9,0,287,293,36033,1,0,0,1,3
2020-09-26,US,Ohio,Pickaway,2653,44,0,39.64170392,-83.0243386,39129.0,4538.378637288947,1.6584998115341123,2609,2643,44,0,2599,2644,58086,10,0,0,10,-1
2020-09-26,US,Ohio,Pike,191,0,0,39.07634001,-83.06769584,39131.0,687.7430505545152,0.0,191,184,0,0,184,179,28067,7,0,0,7,5
2020-09-26,US,Ohio,Portage,1139,66,0,41.16793482,-81.19735782,39133.0,701.069762288725,5.7945566286215975,1073,1132,66,0,1066,1116,162927,7,0,0,7,16
2020-09-26,US,Ohio,Preble,435,15,0,39.7420247,-84.64787018,39135.0,1064.0379629176655,3.4482758620689653,420,433,15,0,418,430,40997,2,0,0,2,3
2020-09-26,US,Ohio,Putnam,603,23,0,41.02094889,-84.1336111,39137.0,1780.8097811641712,3.814262023217247,580,585,23,0,562,579,33780,18,0,0,18,6
2020-09-26,US,Ohio,Richland,888,19,0,40.77180308,-82.53799609999999,39139.0,732.9514502203807,2.13963963963964,869,861,19,0,842,839,121099,27,0,0,27,22
2020-09-26,US,Ohio,Ross,884,24,0,39.33705391,-83.06000914,39141.0,1153.0535048130853,2.7149321266968327,860,879,24,0,855,868,76931,5,0,0,5,11
2020-09-26,US,Ohio,Sandusky,576,20,0,41.35624126,-83.137872,39143.0,984.312519224854,3.4722222222222223,556,563,20,0,543,558,58799,13,0,0,13,5
2020-09-26,US,Ohio,Scioto,505,7,0,38.80270163,-82.98907345,39145.0,670.5260642111692,1.3861386138613858,498,498,6,0,492,489,75502,7,1,0,6,9
2020-09-26,US,Ohio,Seneca,480,14,0,41.12351311,-83.12783209,39147.0,869.9119214179567,2.9166666666666665,466,470,14,0,456,464,55207,10,0,0,10,6
2020-09-26,US,Ohio,Shelby,645,10,0,40.33163494,-84.20258189,39149.0,1327.4336283185844,1.5503875968992251,635,625,10,0,615,610,48627,20,0,0,20,15
2020-09-26,US,Ohio,Stark,2872,175,0,40.81482476,-81.36437305,39151.0,774.9469787321308,6.093314763231198,2697,2838,175,0,2663,2817,371574,34,0,0,34,21
2020-09-26,US,Ohio,Summit,5304,252,0,41.12464734,-81.53123079,39153.0,980.383096154806,4.751131221719457,5052,5265,252,0,5013,5237,541918,39,0,0,39,28
2020-09-26,US,Ohio,Trumbull,1888,132,0,41.31735028,-80.76109643,39155.0,953.6605816925456,6.991525423728813,1756,1883,132,0,1751,1876,198627,5,0,0,5,7
2020-09-26,US,Ohio,Tuscarawas,931,20,0,40.44214695,-81.47226262,39157.0,1012.0995358039723,2.148227712137486,911,930,20,0,910,928,92176,1,0,0,1,2
2020-09-26,US,Ohio,Union,538,2,0,40.30016061,-83.37239023,39159.0,912.0499084559572,0.3717472118959108,536,529,2,0,527,515,57835,9,0,0,9,14
2020-09-26,US,Ohio,Van Wert,119,3,0,40.8554138,-84.59111700000003,39161.0,420.8664898320071,2.5210084033613445,116,117,3,0,114,116,28281,2,0,0,2,1
2020-09-26,US,Ohio,Vinton,47,3,0,39.25208988,-82.4831444,39163.0,359.18991211310663,6.382978723404255,44,47,3,0,44,47,13139,0,0,0,0,0
2020-09-26,US,Ohio,Warren,3083,49,0,39.42581994,-84.16557457,39165.0,1314.140544411386,1.5893610120012975,3034,3023,49,0,2974,3002,232173,60,0,0,60,21
2020-09-26,US,Ohio,Washington,260,23,0,39.45690571,-81.49121382,39167.0,433.97706598120544,8.846153846153848,237,260,23,0,237,258,60155,0,0,0,0,2
2020-09-26,US,Ohio,Wayne,931,68,0,40.82925852,-81.88844833,39169.0,804.5977011494252,7.303974221267454,863,927,67,0,860,919,115967,4,1,0,3,8
2020-09-26,US,Ohio,Williams,209,3,0,41.56052014,-84.58429552,39171.0,569.6064537228824,1.4354066985645932,206,207,3,0,204,206,36804,2,0,0,2,1
2020-09-26,US,Ohio,Wood,1866,72,0,41.36224827,-83.62285108,39173.0,1426.4201135937992,3.858520900321544,1794,1841,72,0,1769,1804,130696,25,0,0,25,37
2020-09-26,US,Ohio,Wyandot,212,12,0,40.84339621,-83.30734173,39175.0,973.7277236817932,5.660377358490566,200,210,12,0,198,208,21935,2,0,0,2,2
2020-09-26,US,Oklahoma,Adair,614,10,0,35.88494195,-94.65859267,40001.0,2766.5134721095787,1.6286644951140066,604,609,10,0,599,603,22082,5,0,0,5,6
2020-09-26,US,Oklahoma,Alfalfa,64,0,0,36.73090616,-98.32408495,40003.0,1122.4131883549633,0.0,64,63,0,0,63,62,5754,1,0,0,1,1
2020-09-26,US,Oklahoma,Atoka,293,1,0,34.37366573,-96.03802487,40005.0,2129.670010175897,0.3412969283276451,292,292,1,0,291,291,13838,1,0,0,1,1
2020-09-26,US,Oklahoma,Beaver,54,0,0,36.7496847,-100.4758872,40007.0,1016.75767275466,0.0,54,53,0,0,53,51,5319,1,0,0,1,2
2020-09-26,US,Oklahoma,Beckham,404,1,0,35.26862449,-99.68128023,40009.0,1848.2089757079464,0.2475247524752475,403,375,1,0,374,363,21709,29,0,0,29,12
2020-09-26,US,Oklahoma,Blaine,126,1,0,35.87518314,-98.43307003,40011.0,1336.3028953229398,0.7936507936507936,125,125,1,0,124,120,9485,1,0,0,1,5
2020-09-26,US,Oklahoma,Bryan,940,4,0,33.96472458,-96.25903472,40013.0,1958.53734764038,0.425531914893617,936,925,4,0,921,911,47192,15,0,0,15,14
2020-09-26,US,Oklahoma,Caddo,758,21,0,35.17364557,-98.37534464,40015.0,2635.421737014116,2.7704485488126647,737,748,20,0,728,737,28977,10,1,0,9,11
2020-09-26,US,Oklahoma,Canadian,2210,17,0,35.5426055,-97.98465569,40017.0,1490.1622321416532,0.7692307692307693,2193,2178,17,0,2161,2122,144447,32,0,0,32,56
2020-09-26,US,Oklahoma,Carter,549,8,0,34.25103751,-97.28552485,40019.0,1141.111180395336,1.4571948998178506,541,546,8,0,538,539,48177,3,0,0,3,7
2020-09-26,US,Oklahoma,Cherokee,1070,8,0,35.90692775,-94.99980896,40021.0,2199.0669379534293,0.7476635514018691,1062,1060,8,0,1052,1042,48675,10,0,0,10,18
2020-09-26,US,Oklahoma,Choctaw,316,2,0,34.02807439,-95.54771129,40023.0,2153.762268266085,0.6329113924050633,314,317,2,0,315,307,14668,-1,0,0,-1,10
2020-09-26,US,Oklahoma,Cimarron,24,0,0,36.74817177,-102.5173885,40025.0,1123.0697239120261,0.0,24,24,0,0,24,24,2153,0,0,0,0,0
2020-09-26,US,Oklahoma,Cleveland,5967,70,0,35.20413532,-97.32519562,40027.0,2100.9527699338764,1.1731188201776437,5897,5908,70,0,5838,5847,281669,59,0,0,59,61
2020-09-26,US,Oklahoma,Coal,70,0,0,34.58840127,-96.29798747,40029.0,1273.8853503184716,0.0,70,70,0,0,70,70,5520,0,0,0,0,0
2020-09-26,US,Oklahoma,Comanche,1578,13,0,34.65973764,-98.47195055,40031.0,1306.843120854003,0.8238276299112801,1565,1563,13,0,1550,1549,120422,15,0,0,15,14
2020-09-26,US,Oklahoma,Cotton,68,3,0,34.28845626,-98.37053567,40033.0,1200.141193081539,4.411764705882354,65,68,3,0,65,68,5776,0,0,0,0,0
2020-09-26,US,Oklahoma,Craig,501,1,0,36.76268118,-95.20916602,40035.0,3542.638947815019,0.1996007984031936,500,500,1,0,499,498,14306,1,0,0,1,2
2020-09-26,US,Oklahoma,Creek,1138,33,0,35.90230551,-96.37086028,40037.0,1591.1188165879032,2.899824253075572,1105,1121,33,0,1088,1109,71604,17,0,0,17,12
2020-09-26,US,Oklahoma,Custer,666,0,0,35.63853802,-99.00170785,40039.0,2296.314174395752,0.0,666,655,0,0,655,610,29036,11,0,0,11,45
2020-09-26,US,Oklahoma,Delaware,741,25,0,36.40823634,-94.80325046,40041.0,1722.8952079797252,3.373819163292848,716,736,25,0,711,716,42733,5,0,0,5,20
2020-09-26,US,Oklahoma,Dewey,66,1,0,35.98772922,-99.00730714,40043.0,1349.4172970762625,1.5151515151515151,65,66,1,0,65,63,4894,0,0,0,0,3
2020-09-26,US,Oklahoma,Ellis,11,0,0,36.218019399999996,-99.75324573,40045.0,285.0479398807981,0.0,11,10,0,0,10,10,3952,1,0,0,1,0
2020-09-26,US,Oklahoma,Garfield,1634,20,0,36.3791334,-97.78265517,40047.0,2676.2316561844864,1.2239902080783354,1614,1604,20,0,1584,1588,60913,30,0,0,30,16
2020-09-26,US,Oklahoma,Garvin,367,5,0,34.70418038,-97.30811132,40049.0,1324.3838187001552,1.3623978201634876,362,364,5,0,359,359,27811,3,0,0,3,5
2020-09-26,US,Oklahoma,Grady,1059,11,0,35.0167709,-97.88339847,40051.0,1896.693770820647,1.0387157695939566,1048,1034,11,0,1023,1008,55551,25,0,0,25,26
2020-09-26,US,Oklahoma,Grant,46,0,0,36.796296999999996,-97.78638765,40053.0,1061.6201246249714,0.0,46,46,0,0,46,46,4326,0,0,0,0,0
2020-09-26,US,Oklahoma,Greer,108,8,0,34.93535801,-99.56056120000001,40055.0,1890.7563025210086,7.407407407407407,100,108,8,0,100,108,5821,0,0,0,0,0
2020-09-26,US,Oklahoma,Harmon,43,0,0,34.7440135,-99.84741652,40057.0,1620.8066339992456,0.0,43,43,0,0,43,43,2664,0,0,0,0,0
2020-09-26,US,Oklahoma,Harper,29,1,0,36.78836519,-99.6679804,40059.0,786.3340563991324,3.4482758620689653,28,29,1,0,28,29,3797,0,0,0,0,0
2020-09-26,US,Oklahoma,Haskell,278,4,0,35.22257600000001,-95.11513306,40061.0,2201.631424724796,1.4388489208633093,274,278,4,0,274,275,12668,0,0,0,0,3
2020-09-26,US,Oklahoma,Hughes,296,4,0,35.04912569,-96.24921145,40063.0,2229.083515324949,1.351351351351351,292,293,4,0,289,291,13335,3,0,0,3,2
2020-09-26,US,Oklahoma,Jackson,759,10,0,34.58781741,-99.41138784,40065.0,3094.170403587444,1.3175230566534917,749,747,10,0,737,739,24949,12,0,0,12,8
2020-09-26,US,Oklahoma,Jefferson,42,0,0,34.11130184,-97.83182974,40067.0,699.7667444185272,0.0,42,41,0,0,41,42,6123,1,0,0,1,-1
2020-09-26,US,Oklahoma,Johnston,165,4,0,34.31440473,-96.66011537,40069.0,1488.497970230041,2.4242424242424243,161,164,4,0,160,156,10949,1,0,0,1,8
2020-09-26,US,Oklahoma,Kay,585,13,0,36.81799745,-97.14421435,40071.0,1343.6538196517986,2.2222222222222223,572,570,13,0,557,557,44161,15,0,0,15,13
2020-09-26,US,Oklahoma,Kingfisher,345,2,0,35.94530008,-97.94193268,40073.0,2188.3920076117984,0.5797101449275363,343,339,2,0,337,335,15816,6,0,0,6,4
2020-09-26,US,Oklahoma,Kiowa,75,2,0,34.91671958,-98.97720696,40075.0,861.2769866789157,2.6666666666666665,73,75,2,0,73,71,8729,0,0,0,0,4
2020-09-26,US,Oklahoma,Latimer,136,2,0,34.87844729,-95.25215049,40077.0,1350.1439491710514,1.4705882352941178,134,136,2,0,134,133,10231,0,0,0,0,3
2020-09-26,US,Oklahoma,Le Flore,1102,17,0,34.89851864,-94.70392124,40079.0,2210.498866668004,1.5426497277676952,1085,1093,17,0,1076,1063,49980,9,0,0,9,30
2020-09-26,US,Oklahoma,Lincoln,441,10,0,35.70270942,-96.8812462,40081.0,1264.443616136709,2.2675736961451247,431,435,10,0,425,420,34920,6,0,0,6,15
2020-09-26,US,Oklahoma,Logan,467,1,0,35.91899576,-97.44352845,40083.0,972.6937576805316,0.21413276231263384,466,456,1,0,455,441,47291,11,0,0,11,15
2020-09-26,US,Oklahoma,Love,174,1,0,33.95273467,-97.23906784,40085.0,1697.064273871062,0.5747126436781609,173,172,1,0,171,170,10134,2,0,0,2,2
2020-09-26,US,Oklahoma,Major,90,1,0,36.31149996,-98.53467076,40093.0,1179.7090051120724,1.1111111111111112,89,88,1,0,87,85,7644,2,0,0,2,3
2020-09-26,US,Oklahoma,Marshall,180,2,0,34.02311222,-96.76855464,40095.0,1063.1386214635877,1.1111111111111112,178,180,2,0,178,178,16806,0,0,0,0,2
2020-09-26,US,Oklahoma,Mayes,628,11,0,36.30179091,-95.23175116,40097.0,1527.9805352798053,1.751592356687898,617,601,11,0,590,590,41107,27,0,0,27,11
2020-09-26,US,Oklahoma,McClain,854,7,0,35.01123903,-97.44572302,40087.0,2109.996540989277,0.819672131147541,847,846,7,0,839,830,39985,8,0,0,8,16
2020-09-26,US,Oklahoma,McCurtain,1273,34,0,34.11664328,-94.77222373,40089.0,3877.3148148148152,2.670856245090338,1239,1269,34,0,1235,1256,32703,4,0,0,4,13
2020-09-26,US,Oklahoma,McIntosh,319,5,0,35.37235506,-95.66599306,40091.0,1627.8832414778524,1.567398119122257,314,310,5,0,305,302,19815,9,0,0,9,8
2020-09-26,US,Oklahoma,Murray,137,1,0,34.48116015,-97.06826283,40099.0,973.4953456974347,0.7299270072992701,136,136,1,0,135,132,13953,1,0,0,1,4
2020-09-26,US,Oklahoma,Muskogee,1822,22,0,35.61318461,-95.37802952,40101.0,2679.529979263791,1.2074643249176729,1800,1792,22,0,1770,1757,68362,30,0,0,30,35
2020-09-26,US,Oklahoma,Noble,151,2,0,36.38953329,-97.22928674,40103.0,1356.5717365915013,1.3245033112582782,149,151,2,0,149,149,11289,0,0,0,0,2
2020-09-26,US,Oklahoma,Nowata,143,4,0,36.79843529,-95.61902331,40105.0,1419.213973799127,2.797202797202797,139,142,4,0,138,137,10218,1,0,0,1,5
2020-09-26,US,Oklahoma,Okfuskee,138,4,0,35.46485198,-96.32639984,40107.0,1150.6712248811807,2.898550724637681,134,136,4,0,132,134,12098,2,0,0,2,2
2020-09-26,US,Oklahoma,Oklahoma,17711,194,0,35.55140095,-97.40716948,40109.0,2220.9988538236394,1.0953644627632544,17517,17556,190,0,17366,17319,792582,155,4,0,151,237
2020-09-26,US,Oklahoma,Okmulgee,833,7,0,35.64661916,-95.96432828,40111.0,2165.605095541401,0.8403361344537815,826,823,7,0,816,816,38335,10,0,0,10,7
2020-09-26,US,Oklahoma,Osage,903,13,0,36.62888819,-96.39635704,40113.0,1922.7902817111346,1.4396456256921373,890,836,13,0,823,811,47014,67,0,0,67,25
2020-09-26,US,Oklahoma,Ottawa,858,6,0,36.83532655,-94.81011909,40115.0,2756.449384778489,0.6993006993006993,852,843,6,0,837,832,31175,15,0,0,15,11
2020-09-26,US,Oklahoma,Pawnee,253,3,0,36.31743373,-96.70331759999999,40117.0,1544.9438202247186,1.1857707509881423,250,252,3,0,249,250,16390,1,0,0,1,2
2020-09-26,US,Oklahoma,Payne,2215,6,0,36.07695283,-96.97584944,40119.0,2708.3537122175485,0.2708803611738149,2209,2181,6,0,2175,2149,82040,34,0,0,34,32
2020-09-26,US,Oklahoma,Pittsburg,958,19,0,34.92065823,-95.75134320000001,40121.0,2194.529710908508,1.9832985386221291,939,920,19,0,901,903,43877,38,0,0,38,17
2020-09-26,US,Oklahoma,Pontotoc,404,3,0,34.72959848,-96.68337199,40123.0,1055.2711315432034,0.7425742574257426,401,400,3,0,397,375,38247,4,0,0,4,25
2020-09-26,US,Oklahoma,Pottawatomie,1331,10,0,35.20614018,-96.94923008,40125.0,1833.5353757989856,0.7513148009015778,1321,1313,10,0,1303,1296,72679,18,0,0,18,17
2020-09-26,US,Oklahoma,Pushmataha,163,2,0,34.41635232,-95.37603505,40127.0,1468.9978370583995,1.2269938650306749,161,154,2,0,152,151,11179,9,0,0,9,3
2020-09-26,US,Oklahoma,Roger Mills,46,1,0,35.68711719,-99.69666167,40129.0,1283.840357242534,2.1739130434782608,45,46,1,0,45,44,3656,0,0,0,0,2
2020-09-26,US,Oklahoma,Rogers,1852,50,0,36.37004357,-95.60406759,40131.0,2003.0500005407807,2.6997840172786183,1802,1816,49,0,1767,1779,91984,36,1,0,35,37
2020-09-26,US,Oklahoma,Seminole,448,6,0,35.16478725,-96.61686741,40133.0,1846.8134223761233,1.3392857142857142,442,443,6,0,437,435,24578,5,0,0,5,8
2020-09-26,US,Oklahoma,Sequoyah,873,11,0,35.49447108,-94.75463785,40135.0,2100.122687579687,1.2600229095074456,862,857,11,0,846,835,41179,16,0,0,16,22
2020-09-26,US,Oklahoma,Stephens,432,5,0,34.48556989,-97.85141892,40137.0,1001.3211876781863,1.1574074074074074,427,416,5,0,411,412,43265,16,0,0,16,4
2020-09-26,US,Oklahoma,Texas,1507,9,0,36.74777635,-101.4889765,40139.0,7541.410198668868,0.59721300597213,1498,1491,8,0,1483,1477,20455,16,1,0,15,14
2020-09-26,US,Oklahoma,Tillman,93,2,0,34.37288446,-98.92426619,40141.0,1282.7586206896553,2.150537634408602,91,90,2,0,88,88,7348,3,0,0,3,2
2020-09-26,US,Oklahoma,Tulsa,16793,160,0,36.11939621,-95.94013939,40143.0,2577.3844604881883,0.9527779431906152,16633,16683,159,0,16524,16487,648360,110,1,0,109,196
2020-09-26,US,Oklahoma,Unassigned,50,0,0,0.0,0.0,90040.0,0.0,0.0,50,62,0,0,62,51,,-12,0,0,-12,11
2020-09-26,US,Oklahoma,Wagoner,1467,26,0,35.96024096,-95.51911308,40145.0,1804.6722188734025,1.7723244717109747,1441,1455,26,0,1429,1441,80110,12,0,0,12,14
2020-09-26,US,Oklahoma,Washington,989,40,0,36.71380786,-95.90514104,40147.0,1919.3820715353115,4.044489383215368,949,983,40,0,943,976,51843,6,0,0,6,7
2020-09-26,US,Oklahoma,Washita,78,0,0,35.29071824,-98.99180434,40149.0,714.5474532795897,0.0,78,76,0,0,76,72,11127,2,0,0,2,4
2020-09-26,US,Oklahoma,Woods,108,0,0,36.76705782,-98.86573064,40151.0,1228.2497441146365,0.0,108,106,0,0,106,103,8897,2,0,0,2,3
2020-09-26,US,Oklahoma,Woodward,1031,4,0,36.42316318,-99.26283045,40153.0,5101.182524367919,0.3879728419010669,1027,1028,1,0,1027,1006,20222,3,3,0,0,22
2020-09-26,US,Oregon,Baker,94,2,0,44.70915557,-117.6749883,41001.0,582.9818903497893,2.127659574468085,92,92,2,0,90,92,16006,2,0,0,2,0
2020-09-26,US,Oregon,Benton,310,6,0,44.49167306,-123.4316987,41003.0,333.14347737310993,1.935483870967742,304,307,6,0,301,294,92101,3,0,0,3,13
2020-09-26,US,Oregon,Clackamas,2398,61,0,45.18787398,-122.2179634,41005.0,573.4276770918274,2.5437864887406167,2337,2377,61,0,2316,2346,416075,21,0,0,21,31
2020-09-26,US,Oregon,Clatsop,204,0,0,45.99712889,-123.660711,41007.0,507.1599045346062,0.0,204,205,0,0,205,131,39764,-1,0,0,-1,74
2020-09-26,US,Oregon,Columbia,165,1,0,45.94464254,-123.08908980000001,41009.0,315.162165259579,0.6060606060606061,164,162,1,0,161,155,52377,3,0,0,3,7
2020-09-26,US,Oregon,Coos,156,0,0,43.17406868,-124.0594514,41011.0,241.9092220137392,0.0,156,152,0,0,152,149,64389,4,0,0,4,3
2020-09-26,US,Oregon,Crook,62,1,0,44.14230227,-120.356297,41013.0,254.05671201442382,1.6129032258064515,61,61,1,0,60,62,23867,1,0,0,1,-1
2020-09-26,US,Oregon,Curry,31,0,0,42.45911325,-124.15728200000001,41015.0,135.22355507088332,0.0,31,31,0,0,31,31,22813,0,0,0,0,0
2020-09-26,US,Oregon,Deschutes,825,12,0,43.91570171,-121.2289121,41017.0,417.3158246160695,1.4545454545454546,813,810,12,0,798,793,191996,15,0,0,15,17
2020-09-26,US,Oregon,Douglas,227,4,0,43.27941273,-123.16729099999999,41019.0,204.541358803388,1.7621145374449338,223,223,4,0,219,224,110283,4,0,0,4,-1
2020-09-26,US,Oregon,Gilliam,8,0,0,45.37160076,-120.20488689999999,41021.0,418.41004184100416,0.0,8,8,0,0,8,8,1894,0,0,0,0,0
2020-09-26,US,Oregon,Grant,9,0,0,44.49024544,-119.0068631,41023.0,125.01736352271149,0.0,9,9,0,0,9,9,7176,0,0,0,0,0
2020-09-26,US,Oregon,Harney,12,0,0,43.06422669,-118.96663059999999,41025.0,162.31570404436633,0.0,12,12,0,0,12,12,7329,0,0,0,0,0
2020-09-26,US,Oregon,Hood River,251,0,0,45.51872811,-121.65520359999998,41027.0,1073.4753228979557,0.0,251,248,0,0,248,249,23428,3,0,0,3,-1
2020-09-26,US,Oregon,Jackson,1139,5,0,42.43201126,-122.72893090000001,41029.0,515.5152436816569,0.43898156277436345,1134,1123,5,0,1118,1109,219564,16,0,0,16,14
2020-09-26,US,Oregon,Jefferson,529,8,0,44.62806839,-121.17832,41031.0,2145.348365641982,1.5122873345935728,521,524,8,0,516,521,24192,5,0,0,5,3
2020-09-26,US,Oregon,Josephine,198,2,0,42.3665549,-123.5561938,41033.0,226.31933887320403,1.0101010101010102,196,197,2,0,195,195,87393,1,0,0,1,2
2020-09-26,US,Oregon,Klamath,280,2,0,42.68762984,-121.64964609999998,41035.0,410.32855593657484,0.7142857142857143,278,280,2,0,278,279,67653,0,0,0,0,1
2020-09-26,US,Oregon,Lake,32,0,0,42.79246693,-120.38501629999999,41037.0,406.6590418096328,0.0,32,32,0,0,32,29,7879,0,0,0,0,3
2020-09-26,US,Oregon,Lane,1185,17,0,43.93727035,-122.847753,41039.0,310.15502516574315,1.4345991561181437,1168,1143,17,0,1126,1096,379611,42,0,0,42,47
2020-09-26,US,Oregon,Lincoln,481,13,0,44.64252874,-123.86991200000001,41041.0,962.7316760738161,2.702702702702702,468,478,13,0,465,476,49388,3,0,0,3,2
2020-09-26,US,Oregon,Linn,519,13,0,44.48899494,-122.53731540000001,41043.0,400.0030828753978,2.5048169556840083,506,508,13,0,495,495,127335,11,0,0,11,13
2020-09-26,US,Oregon,Malheur,1617,23,0,43.1937027,-117.62273950000001,41045.0,5289.326485885316,1.4223871366728509,1594,1609,26,0,1583,1589,30725,8,-3,0,11,20
2020-09-26,US,Oregon,Marion,4658,94,0,44.90287942,-122.58151170000001,41047.0,1339.2061365426746,2.01803349076857,4564,4627,92,0,4535,4569,346868,31,2,0,29,58
2020-09-26,US,Oregon,Morrow,498,6,0,45.41846568,-119.584546,41049.0,4291.993449969836,1.2048192771084338,492,498,6,0,492,494,11372,0,0,0,0,4
2020-09-26,US,Oregon,Multnomah,7113,137,0,45.54747959,-122.4169351,41051.0,875.0638182701712,1.9260508927316184,6976,7081,137,0,6944,7022,811880,32,0,0,32,59
2020-09-26,US,Oregon,Polk,529,15,0,44.90322804,-123.4128888,41053.0,614.5089156066679,2.8355387523629485,514,523,15,0,508,515,85234,6,0,0,6,8
2020-09-26,US,Oregon,Sherman,18,0,0,45.41501554,-120.6827834,41055.0,1011.2359550561798,0.0,18,18,0,0,18,18,1708,0,0,0,0,0
2020-09-26,US,Oregon,Tillamook,52,0,0,45.46248721,-123.712066,41057.0,192.3361444000592,0.0,52,52,0,0,52,51,26787,0,0,0,0,1
2020-09-26,US,Oregon,Umatilla,2962,41,0,45.59073056,-118.7353826,41059.0,3799.871712636305,1.3841998649561107,2921,2948,41,0,2907,2939,77516,14,0,0,14,9
2020-09-26,US,Oregon,Union,446,2,0,45.30915495,-118.0068979,41061.0,1662.0085708962176,0.4484304932735426,444,443,2,0,441,439,26461,3,0,0,3,4
2020-09-26,US,Oregon,Wallowa,30,1,0,45.57894064,-117.18353799999998,41063.0,416.2042175360711,3.333333333333333,29,28,1,0,27,28,7081,2,0,0,2,0
2020-09-26,US,Oregon,Wasco,289,3,0,45.16292781,-121.16709540000001,41065.0,1083.1272018589314,1.038062283737024,286,282,3,0,279,279,26505,7,0,0,7,3
2020-09-26,US,Oregon,Washington,4497,60,0,45.55972701,-123.0955257,41067.0,747.5165893163472,1.3342228152101399,4437,4468,59,0,4409,4417,597695,29,1,0,28,51
2020-09-26,US,Oregon,Yamhill,757,13,0,45.23330449,-123.3086963,41071.0,706.8160597572362,1.717305151915456,744,755,13,0,742,750,107002,2,0,0,2,5
2020-09-26,US,Pennsylvania,Adams,824,26,0,39.87140411,-77.21610347,42001.0,799.9301031948662,3.155339805825242,798,822,26,0,796,815,102811,2,0,0,2,7
2020-09-26,US,Pennsylvania,Allegheny,12101,355,0,40.46809875,-79.98167747,42003.0,995.111200654581,2.9336418477811748,11746,11995,354,0,11641,11927,1218452,106,1,0,105,68
2020-09-26,US,Pennsylvania,Armstrong,431,18,0,40.81665618,-79.46290811,42005.0,665.791303004557,4.176334106728539,413,428,18,0,410,424,65263,3,0,0,3,4
2020-09-26,US,Pennsylvania,Beaver,1878,122,0,40.6825484,-80.34921611,42007.0,1145.6179199531505,6.496272630457934,1756,1872,122,0,1750,1856,164742,6,0,0,6,16
2020-09-26,US,Pennsylvania,Bedford,238,6,0,40.00522157,-78.48998442,42009.0,496.9929836284665,2.5210084033613445,232,238,6,0,232,235,48176,0,0,0,0,3
2020-09-26,US,Pennsylvania,Berks,7022,393,0,40.41570541,-75.92457766,42011.0,1667.2840033811055,5.596696097977784,6629,6979,393,0,6586,6963,420152,43,0,0,43,16
2020-09-26,US,Pennsylvania,Blair,667,18,0,40.47961444,-78.34917412,42013.0,547.4886931682933,2.6986506746626686,649,648,16,0,632,631,122492,19,2,0,17,17
2020-09-26,US,Pennsylvania,Bradford,139,3,0,41.78869215,-76.51570822,42015.0,230.4262055932232,2.1582733812949644,136,135,3,0,132,135,60833,4,0,0,4,0
2020-09-26,US,Pennsylvania,Bucks,8760,607,0,40.33682119,-75.10836643,42017.0,1394.30499625957,6.929223744292238,8153,8704,607,0,8097,8670,628195,56,0,0,56,34
2020-09-26,US,Pennsylvania,Butler,1045,25,0,40.91152759,-79.91351055,42019.0,556.2860321634471,2.392344497607656,1020,1034,23,0,1011,1030,187888,11,2,0,9,4
2020-09-26,US,Pennsylvania,Cambria,567,7,0,40.49527404,-78.71377428,42021.0,435.5106304534841,1.2345679012345678,560,560,7,0,553,560,131730,7,0,0,7,0
2020-09-26,US,Pennsylvania,Cameron,8,0,0,41.43625568,-78.20376845,42023.0,179.89655947830002,0.0,8,8,0,0,8,8,4492,0,0,0,0,0
2020-09-26,US,Pennsylvania,Carbon,463,28,0,40.91545395,-75.7068525,42025.0,721.3860583964349,6.047516198704103,435,462,28,0,434,458,64227,1,0,0,1,4
2020-09-26,US,Pennsylvania,Centre,2393,11,0,40.92058903,-77.82200624,42027.0,1473.6582812451886,0.459674049310489,2382,2231,11,0,2220,2202,162805,162,0,0,162,29
2020-09-26,US,Pennsylvania,Chester,6777,367,0,39.97291773,-75.74768357,42029.0,1290.8841899544561,5.415375534897448,6410,6777,367,0,6410,6741,522046,0,0,0,0,36
2020-09-26,US,Pennsylvania,Clarion,121,3,0,41.19265812,-79.42413524,42031.0,314.7926531036995,2.479338842975207,118,120,3,0,117,117,38779,1,0,0,1,3
2020-09-26,US,Pennsylvania,Clearfield,319,5,0,41.00110782,-78.47592663,42033.0,402.49826509368495,1.567398119122257,314,317,3,0,314,314,79388,2,2,0,0,3
2020-09-26,US,Pennsylvania,Clinton,205,6,0,41.23255967,-77.63785995,42035.0,530.648167322427,2.9268292682926833,199,204,6,0,198,204,38684,1,0,0,1,0
2020-09-26,US,Pennsylvania,Columbia,885,35,0,41.04821986,-76.40565017,42037.0,1362.2929622560187,3.9548022598870056,850,883,35,0,848,876,65456,2,0,0,2,7
2020-09-26,US,Pennsylvania,Crawford,304,3,0,41.68447709,-80.10760592,42039.0,359.21492632549126,0.986842105263158,301,303,3,0,300,297,85063,1,0,0,1,6
2020-09-26,US,Pennsylvania,Cumberland,1843,77,0,40.1625372,-77.26130755,42041.0,727.3947191853813,4.1779706999457416,1766,1814,77,0,1737,1801,251423,29,0,0,29,13
2020-09-26,US,Pennsylvania,Dauphin,3783,181,0,40.41377078,-76.77993242,42043.0,1359.329354399405,4.784562516521278,3602,3767,180,0,3587,3754,277097,16,1,0,15,13
2020-09-26,US,Pennsylvania,Delaware,11344,756,0,39.91680171,-75.40243663,42045.0,2001.598596904792,6.6643159379407635,10588,11311,756,0,10555,11275,564751,33,0,0,33,36
2020-09-26,US,Pennsylvania,Elk,71,2,0,41.42822061,-78.64524744,42047.0,237.37880307589438,2.8169014084507036,69,72,2,0,70,71,30169,-1,0,0,-1,1
2020-09-26,US,Pennsylvania,Erie,1537,38,0,41.99253829,-80.03301954,42049.0,569.8333135603275,2.47234873129473,1499,1526,38,0,1488,1514,272061,11,0,0,11,12
2020-09-26,US,Pennsylvania,Fayette,794,7,0,39.92041012,-79.64291195,42051.0,614.1992976159166,0.8816120906801007,787,788,7,0,781,783,130441,6,0,0,6,5
2020-09-26,US,Pennsylvania,Forest,15,0,0,41.51095103,-79.23229292,42053.0,206.9821995308404,0.0,15,15,0,0,15,15,7279,0,0,0,0,0
2020-09-26,US,Pennsylvania,Franklin,1763,50,0,39.92956518,-77.72157791,42055.0,1137.2212582324364,2.8360748723766314,1713,1757,50,0,1707,1749,154835,6,0,0,6,8
2020-09-26,US,Pennsylvania,Fulton,47,2,0,39.92913544,-78.11163677,42057.0,323.4686854783207,4.25531914893617,45,47,2,0,45,45,14523,0,0,0,0,2
2020-09-26,US,Pennsylvania,Greene,184,1,0,39.85746531,-80.22357106,42059.0,507.8243590097425,0.5434782608695652,183,183,1,0,182,182,36506,1,0,0,1,1
2020-09-26,US,Pennsylvania,Huntingdon,402,6,0,40.42162652,-77.97673273,42061.0,890.4837852206273,1.492537313432836,396,401,6,0,395,400,45168,1,0,0,1,1
2020-09-26,US,Pennsylvania,Indiana,699,12,0,40.65241041,-79.08963285,42063.0,831.4203132991566,1.7167381974248928,687,692,12,0,680,684,84501,7,0,0,7,8
2020-09-26,US,Pennsylvania,Jefferson,112,3,0,41.12913106,-78.9986361,42065.0,257.915947035118,2.6785714285714284,109,111,3,0,108,111,43641,1,0,0,1,0
2020-09-26,US,Pennsylvania,Juniata,191,7,0,40.53358749,-77.39975129999998,42067.0,771.3120381213907,3.6649214659685865,184,186,7,0,179,184,24704,5,0,0,5,2
2020-09-26,US,Pennsylvania,Lackawanna,2505,217,0,41.43564672,-75.60379201,42069.0,1194.7117906845865,8.662674650698602,2288,2459,217,0,2242,2424,210793,46,0,0,46,35
2020-09-26,US,Pennsylvania,Lancaster,7811,458,0,40.03904563,-76.24770128,42071.0,1431.3095997244034,5.863525796953014,7353,7770,458,0,7312,7733,543557,41,0,0,41,37
2020-09-26,US,Pennsylvania,Lawrence,517,23,0,40.99206278,-80.33393706,42073.0,604.5935073439985,4.448742746615086,494,510,23,0,487,509,86184,7,0,0,7,1
2020-09-26,US,Pennsylvania,Lebanon,2015,59,0,40.36680311,-76.45651841,42075.0,1421.0856671344848,2.9280397022332507,1956,2001,59,0,1942,1983,141314,14,0,0,14,18
2020-09-26,US,Pennsylvania,Lehigh,5597,353,0,40.6154815,-75.59435245,42077.0,1515.4961307057874,6.306950151867071,5244,5568,353,0,5215,5551,368100,29,0,0,29,17
2020-09-26,US,Pennsylvania,Luzerne,4088,189,0,41.17823008,-75.98447579,42079.0,1287.8957333728188,4.623287671232877,3899,4071,189,0,3882,4060,317646,17,0,0,17,11
2020-09-26,US,Pennsylvania,Lycoming,671,25,0,41.34310539,-77.06629984,42081.0,592.2382368776422,3.725782414307005,646,658,25,0,633,651,113664,13,0,0,13,7
2020-09-26,US,Pennsylvania,McKean,57,2,0,41.80938602,-78.56478358,42083.0,140.30769230769232,3.5087719298245608,55,57,2,0,55,57,40968,0,0,0,0,0
2020-09-26,US,Pennsylvania,Mercer,725,17,0,41.30248872,-80.25816981,42085.0,662.5603158356485,2.3448275862068964,708,720,16,0,704,710,110683,5,1,0,4,10
2020-09-26,US,Pennsylvania,Mifflin,222,2,0,40.61116939,-77.61070738,42087.0,481.16520005201767,0.9009009009009008,220,221,2,0,219,220,46222,1,0,0,1,1
2020-09-26,US,Pennsylvania,Monroe,1790,133,0,41.05934058,-75.34031025,42089.0,1051.2653358469734,7.4301675977653625,1657,1787,133,0,1654,1785,169507,3,0,0,3,2
2020-09-26,US,Pennsylvania,Montgomery,12144,878,0,40.21053671,-75.36652296,42091.0,1461.5213349139199,7.229907773386034,11266,12084,878,0,11206,12059,828604,60,0,0,60,25
2020-09-26,US,Pennsylvania,Montour,170,5,0,41.03023987,-76.66345939,42093.0,932.5287986834887,2.9411764705882355,165,168,5,0,163,165,18240,2,0,0,2,3
2020-09-26,US,Pennsylvania,Northampton,4476,305,0,40.75182733,-75.30471829,42095.0,1466.1709550092535,6.814119749776586,4171,4457,305,0,4152,4443,304807,19,0,0,19,14
2020-09-26,US,Pennsylvania,Northumberland,976,54,0,40.84785433,-76.70798222,42097.0,1074.3810750415553,5.532786885245901,922,963,51,0,912,927,91083,13,3,0,10,36
2020-09-26,US,Pennsylvania,Perry,218,6,0,40.40206612,-77.26297447,42099.0,471.12724757952975,2.7522935779816518,212,217,6,0,211,214,46139,1,0,0,1,3
2020-09-26,US,Pennsylvania,Philadelphia,36187,1799,0,40.00338507,-75.1379271,42101.0,2284.4405276554485,4.971398568546714,34388,36187,1799,0,34388,36112,1584138,0,0,0,0,75
2020-09-26,US,Pennsylvania,Pike,574,22,0,41.33155042,-75.03208106,42103.0,1028.5079467469402,3.8327526132404177,552,572,22,0,550,572,55933,2,0,0,2,0
2020-09-26,US,Pennsylvania,Potter,28,0,0,41.74471626,-77.89559864,42105.0,169.42998910807214,0.0,28,28,0,0,28,27,16622,0,0,0,0,1
2020-09-26,US,Pennsylvania,Schuylkill,1122,52,0,40.70497338,-76.2150785,42107.0,793.7237812944348,4.634581105169341,1070,1101,52,0,1049,1094,142067,21,0,0,21,7
2020-09-26,US,Pennsylvania,Snyder,305,4,0,40.77129231,-77.06840691,42109.0,755.4740909541266,1.3114754098360657,301,298,4,0,294,285,40540,7,0,0,7,13
2020-09-26,US,Pennsylvania,Somerset,215,3,0,39.97172723,-79.02699593,42111.0,292.72808964287174,1.3953488372093024,212,212,3,0,209,211,73952,3,0,0,3,1
2020-09-26,US,Pennsylvania,Sullivan,12,0,0,41.44634738,-76.51246591,42113.0,197.8239366963403,0.0,12,11,0,0,11,11,6071,1,0,0,1,0
2020-09-26,US,Pennsylvania,Susquehanna,293,28,0,41.82147784,-75.80071959,42115.0,726.5423527077963,9.55631399317406,265,293,28,0,265,293,40589,0,0,0,0,0
2020-09-26,US,Pennsylvania,Tioga,68,3,0,41.77255149,-77.25433032,42117.0,167.52482077307778,4.411764705882354,65,67,3,0,64,66,40763,1,0,0,1,1
2020-09-26,US,Pennsylvania,Union,472,6,0,40.96188846,-77.05996014,42119.0,1050.6867306279635,1.2711864406779658,466,464,6,0,458,454,44785,8,0,0,8,10
2020-09-26,US,Pennsylvania,Venango,84,1,0,41.40323442,-79.75845449,42121.0,165.78511091813377,1.1904761904761905,83,84,1,0,83,85,51266,0,0,0,0,-1
2020-09-26,US,Pennsylvania,Warren,43,1,0,41.81304978,-79.26969577,42123.0,109.71906815340256,2.3255813953488373,42,42,1,0,41,42,39498,1,0,0,1,0
2020-09-26,US,Pennsylvania,Washington,1328,30,0,40.19208869,-80.24582867,42125.0,641.9645662630218,2.2590361445783134,1298,1320,29,0,1291,1311,207346,8,1,0,7,9
2020-09-26,US,Pennsylvania,Wayne,226,10,0,41.64938475,-75.29956506,42127.0,440.0225852300384,4.424778761061948,216,224,10,0,214,223,51276,2,0,0,2,1
2020-09-26,US,Pennsylvania,Westmoreland,2203,54,0,40.31377979999999,-79.46615476,42129.0,631.4148220545201,2.451202905129369,2149,2184,52,0,2132,2150,350611,19,2,0,17,34
2020-09-26,US,Pennsylvania,Wyoming,75,8,0,41.51955538,-76.01074915,42131.0,279.91341345077257,10.666666666666666,67,74,8,0,66,73,27046,1,0,0,1,1
2020-09-26,US,Pennsylvania,York,4784,156,0,39.9210089,-76.73040131,42133.0,1065.3412254096354,3.260869565217391,4628,4752,153,0,4599,4650,448273,32,3,0,29,102
2020-09-26,US,Puerto Rico,Adjuntas,145,0,0,18.180117000000006,-66.754367,72001.0,744.2385669558076,0.0,145,145,0,0,145,144,,0,0,0,0,1
2020-09-26,US,Puerto Rico,Aguada,327,0,0,18.360255,-67.17513100000001,72003.0,779.3322052479801,0.0,327,323,0,0,323,323,,4,0,0,4,0
2020-09-26,US,Puerto Rico,Aguadilla,427,0,0,18.459681,-67.12081500000001,72005.0,700.5857356150225,0.0,427,424,0,0,424,421,,3,0,0,3,3
2020-09-26,US,Puerto Rico,Aguas Buenas,265,0,0,18.251619,-66.126806,72007.0,924.6658990195053,0.0,265,265,0,0,265,258,,0,0,0,0,7
2020-09-26,US,Puerto Rico,Aibonito,154,0,0,18.131361,-66.264131,72009.0,594.5945945945947,0.0,154,153,0,0,153,150,,1,0,0,1,3
2020-09-26,US,Puerto Rico,Anasco,220,0,0,18.287985,-67.120611,72011.0,751.8540036225693,0.0,220,220,0,0,220,219,,0,0,0,0,1
2020-09-26,US,Puerto Rico,Arecibo,813,0,0,18.406631,-66.675077,72013.0,843.01119867275,0.0,813,794,0,0,794,774,,19,0,0,19,20
2020-09-26,US,Puerto Rico,Arroyo,164,0,0,17.998457000000005,-66.056546,72015.0,837.8033205619412,0.0,164,162,0,0,162,162,,2,0,0,2,0
2020-09-26,US,Puerto Rico,Barceloneta,230,0,0,18.445532999999998,-66.56053100000001,72017.0,926.8214055448095,0.0,230,228,0,0,228,223,,2,0,0,2,5
2020-09-26,US,Puerto Rico,Barranquitas,437,0,0,18.201592,-66.30963,72019.0,1441.3879543505511,0.0,437,436,0,0,436,420,,1,0,0,1,16
2020-09-26,US,Puerto Rico,Bayamon,3633,0,0,18.34946,-66.168435,72021.0,1745.6610736320126,0.0,3633,3585,0,0,3585,3514,,48,0,0,48,71
2020-09-26,US,Puerto Rico,Cabo Rojo,331,0,0,18.040993,-67.154391,72023.0,650.0775772335369,0.0,331,330,0,0,330,327,,1,0,0,1,3
2020-09-26,US,Puerto Rico,Caguas,1555,0,0,18.211615,-66.050779,72025.0,1088.2268550593801,0.0,1555,1543,0,0,1543,1489,,12,0,0,12,54
2020-09-26,US,Puerto Rico,Camuy,278,0,0,18.418578,-66.860206,72027.0,790.6937057367958,0.0,278,269,0,0,269,262,,9,0,0,9,7
2020-09-26,US,Puerto Rico,Canovanas,682,0,0,18.328802,-65.887612,72029.0,1431.3297515110812,0.0,682,669,0,0,669,650,,13,0,0,13,19
2020-09-26,US,Puerto Rico,Carolina,2563,0,0,18.374986,-65.95683100000001,72031.0,1449.9722791097631,0.0,2563,2533,0,0,2533,2483,,30,0,0,30,50
2020-09-26,US,Puerto Rico,Catano,439,0,0,18.437269,-66.14330600000001,72033.0,1560.0568585643216,0.0,439,430,0,0,430,425,,9,0,0,9,5
2020-09-26,US,Puerto Rico,Cayey,350,0,0,18.102851,-66.14914,72035.0,727.3634115422183,0.0,350,345,0,0,345,336,,5,0,0,5,9
2020-09-26,US,Puerto Rico,Ceiba,131,0,0,18.251818,-65.666416,72037.0,961.0446775731787,0.0,131,122,0,0,122,117,,9,0,0,9,5
2020-09-26,US,Puerto Rico,Ciales,243,0,0,18.28885,-66.516475,72039.0,1293.7919284421255,0.0,243,237,0,0,237,228,,6,0,0,6,9
2020-09-26,US,Puerto Rico,Cidra,312,0,0,18.173559,-66.161179,72041.0,717.5712971481141,0.0,312,310,0,0,310,302,,2,0,0,2,8
2020-09-26,US,Puerto Rico,Coamo,281,0,0,18.097597,-66.36014,72043.0,693.6216429699842,0.0,281,280,0,0,280,276,,1,0,0,1,4
2020-09-26,US,Puerto Rico,Comerio,249,0,0,18.224687,-66.221622,72045.0,1198.3829049956685,0.0,249,249,0,0,249,244,,0,0,0,0,5
2020-09-26,US,Puerto Rico,Corozal,609,0,0,18.304264,-66.327738,72047.0,1639.6532227666794,0.0,609,604,0,0,604,578,,5,0,0,5,26
2020-09-26,US,Puerto Rico,Culebra,23,0,0,18.31586,-65.28813000000001,72049.0,1265.1265126512649,0.0,23,23,0,0,23,22,,0,0,0,0,1
2020-09-26,US,Puerto Rico,Dorado,772,0,0,18.436115,-66.278669,72051.0,2022.7957552731561,0.0,772,764,0,0,764,748,,8,0,0,8,16
2020-09-26,US,Puerto Rico,Fajardo,518,0,0,18.318373,-65.666866,72053.0,1400.2649149839158,0.0,518,517,0,0,517,494,,1,0,0,1,23
2020-09-26,US,Puerto Rico,Florida,266,0,0,18.373715,-66.560488,72054.0,2097.7917981072555,0.0,266,265,0,0,265,263,,1,0,0,1,2
2020-09-26,US,Puerto Rico,Guanica,103,0,0,17.982429,-66.91964300000001,72055.0,530.1899418335306,0.0,103,101,0,0,101,97,,2,0,0,2,4
2020-09-26,US,Puerto Rico,Guayama,285,0,0,18.007516,-66.13390799999999,72057.0,628.2791764031567,0.0,285,284,0,0,284,282,,1,0,0,1,2
2020-09-26,US,Puerto Rico,Guayanilla,173,0,0,18.039942,-66.79186,72059.0,801.6310643621704,0.0,173,169,0,0,169,166,,4,0,0,4,3
2020-09-26,US,Puerto Rico,Guaynabo,1681,0,0,18.345114000000002,-66.11452299999999,72061.0,1716.6373922633884,0.0,1681,1657,0,0,1657,1614,,24,0,0,24,43
2020-09-26,US,Puerto Rico,Gurabo,528,0,0,18.266461,-65.97970500000001,72063.0,1163.790253256629,0.0,528,523,0,0,523,506,,5,0,0,5,17
2020-09-26,US,Puerto Rico,Hatillo,302,0,0,18.410928,-66.79632600000001,72065.0,719.8531690224776,0.0,302,278,0,0,278,275,,24,0,0,24,3
2020-09-26,US,Puerto Rico,Hormigueros,172,0,0,18.134532,-67.113972,72067.0,997.1014492753624,0.0,172,168,0,0,168,166,,4,0,0,4,2
2020-09-26,US,Puerto Rico,Humacao,521,0,0,18.145211,-65.810174,72069.0,891.1162042896727,0.0,521,510,0,0,510,495,,11,0,0,11,15
2020-09-26,US,Puerto Rico,Isabela,263,0,0,18.44981,-67.005093,72071.0,576.3625605399837,0.0,263,258,0,0,258,254,,5,0,0,5,4
2020-09-26,US,Puerto Rico,Jayuya,228,0,0,18.211446,-66.58878,72073.0,1370.0276409085448,0.0,228,228,0,0,228,225,,0,0,0,0,3
2020-09-26,US,Puerto Rico,Juana Diaz,337,0,0,18.050764,-66.49458100000001,72075.0,421.7930585628997,0.0,337,334,0,0,334,328,,3,0,0,3,6
2020-09-26,US,Puerto Rico,Juncos,385,0,0,18.223793,-65.909109,72077.0,955.572102258625,0.0,385,380,0,0,380,361,,5,0,0,5,19
2020-09-26,US,Puerto Rico,Lajas,155,0,0,18.011661,-67.040585,72079.0,601.871626606609,0.0,155,155,0,0,155,152,,0,0,0,0,3
2020-09-26,US,Puerto Rico,Lares,326,0,0,18.269035000000002,-66.867236,72081.0,1060.0591812180926,0.0,326,323,0,0,323,312,,3,0,0,3,11
2020-09-26,US,Puerto Rico,Las Marias,106,0,0,18.23679,-66.98362,72083.0,1072.7659143811354,0.0,106,105,0,0,105,103,,1,0,0,1,2
2020-09-26,US,Puerto Rico,Las Piedras,476,0,0,18.187527,-65.86946800000001,72085.0,1230.7692307692307,0.0,476,472,0,0,472,456,,4,0,0,4,16
2020-09-26,US,Puerto Rico,Loiza,268,0,0,18.425688,-65.89943000000001,72087.0,891.5502328675981,0.0,268,262,0,0,262,260,,6,0,0,6,2
2020-09-26,US,Puerto Rico,Luquillo,257,0,0,18.342114000000002,-65.72509699999999,72089.0,1280.6458042654974,0.0,257,254,0,0,254,246,,3,0,0,3,8
2020-09-26,US,Puerto Rico,Manati,533,0,0,18.420473,-66.490461,72091.0,1208.26060345023,0.0,533,529,0,0,529,515,,4,0,0,4,14
2020-09-26,US,Puerto Rico,Maricao,82,0,0,18.171795,-66.942126,72093.0,1306.5646908859144,0.0,82,81,0,0,81,80,,1,0,0,1,1
2020-09-26,US,Puerto Rico,Maunabo,113,0,0,18.017889,-65.922235,72095.0,924.3353783231083,0.0,113,110,0,0,110,109,,3,0,0,3,1
2020-09-26,US,Puerto Rico,Mayaguez,787,0,0,18.2013,-67.1452,72097.0,883.4755276156262,0.0,787,781,0,0,781,776,,6,0,0,6,5
2020-09-26,US,Puerto Rico,Moca,335,0,0,18.377805,-67.080952,72099.0,835.2240145603232,0.0,335,334,0,0,334,330,,1,0,0,1,4
2020-09-26,US,Puerto Rico,Morovis,516,0,0,18.316963,-66.420383,72101.0,1582.3367065317386,0.0,516,514,0,0,514,503,,2,0,0,2,11
2020-09-26,US,Puerto Rico,Naguabo,204,0,0,18.230636999999998,-65.753897,72103.0,763.4730538922156,0.0,204,202,0,0,202,197,,2,0,0,2,5
2020-09-26,US,Puerto Rico,Naranjito,616,0,0,18.288019,-66.252703,72105.0,2026.1824879942112,0.0,616,614,0,0,614,585,,2,0,0,2,29
2020-09-26,US,Puerto Rico,Orocovis,332,0,0,18.215046,-66.433604,72107.0,1417.4102378004525,0.0,332,331,0,0,331,324,,1,0,0,1,7
2020-09-26,US,Puerto Rico,Out of PR,793,0,0,0.0,0.0,72888.0,0.0,0.0,793,791,0,0,791,790,,2,0,0,2,1
2020-09-26,US,Puerto Rico,Patillas,168,0,0,18.03174,-66.012242,72109.0,871.5049022150749,0.0,168,168,0,0,168,166,,0,0,0,0,2
2020-09-26,US,Puerto Rico,Penuelas,119,0,0,18.059645,-66.721572,72111.0,490.07495263981554,0.0,119,117,0,0,117,115,,2,0,0,2,2
2020-09-26,US,Puerto Rico,Ponce,875,0,0,18.059498,-66.613748,72113.0,526.0721350111527,0.0,875,867,0,0,867,854,,8,0,0,8,13
2020-09-26,US,Puerto Rico,Quebradillas,179,0,0,18.439692,-66.926113,72115.0,690.6130637756088,0.0,179,177,0,0,177,168,,2,0,0,2,9
2020-09-26,US,Puerto Rico,Rincon,182,0,0,18.335442999999998,-67.23174,72117.0,1197.3684210526314,0.0,182,180,0,0,180,172,,2,0,0,2,8
2020-09-26,US,Puerto Rico,Rio Grande,587,0,0,18.346329,-65.813742,72119.0,1080.9516794342958,0.0,587,583,0,0,583,558,,4,0,0,4,25
2020-09-26,US,Puerto Rico,Sabana Grande,196,0,0,18.08282,-66.943758,72121.0,775.7767662774588,0.0,196,194,0,0,194,193,,2,0,0,2,1
2020-09-26,US,Puerto Rico,Salinas,426,0,0,18.010386999999994,-66.256592,72123.0,1370.7445781581825,0.0,426,421,0,0,421,406,,5,0,0,5,15
2020-09-26,US,Puerto Rico,San German,247,0,0,18.111484,-67.03858100000001,72125.0,695.2458693388127,0.0,247,245,0,0,245,243,,2,0,0,2,2
2020-09-26,US,Puerto Rico,San Juan,7284,0,0,18.386933,-66.061128,72127.0,1842.5299626131346,0.0,7284,7182,0,0,7182,6991,,102,0,0,102,191
2020-09-26,US,Puerto Rico,San Lorenzo,489,0,0,18.147987,-65.976392,72129.0,1190.998100248429,0.0,489,475,0,0,475,457,,14,0,0,14,18
2020-09-26,US,Puerto Rico,San Sebastian,355,0,0,18.328646,-66.971214,72131.0,836.6721659203394,0.0,355,354,0,0,354,348,,1,0,0,1,6
2020-09-26,US,Puerto Rico,Santa Isabel,170,0,0,17.994525,-66.388913,72133.0,730.4288046747446,0.0,170,170,0,0,170,170,,0,0,0,0,0
2020-09-26,US,Puerto Rico,Toa Alta,1244,0,0,18.362406,-66.246616,72135.0,1679.5830745551266,0.0,1244,1237,0,0,1237,1214,,7,0,0,7,23
2020-09-26,US,Puerto Rico,Toa Baja,1306,0,0,18.431445999999998,-66.213553,72137.0,1457.44289078106,0.0,1306,1295,0,0,1295,1258,,11,0,0,11,37
2020-09-26,US,Puerto Rico,Trujillo Alto,1039,0,0,18.336159,-65.99888399999999,72139.0,1388.2579300392829,0.0,1039,1026,0,0,1026,993,,13,0,0,13,33
2020-09-26,US,Puerto Rico,Unassigned,517,642,0,0.0,0.0,72999.0,0.0,124.17794970986459,-125,535,635,0,-100,542,,-18,7,0,-25,-7
2020-09-26,US,Puerto Rico,Utuado,138,0,0,18.271214,-66.702984,72141.0,416.3021508944464,0.0,138,136,0,0,136,132,,2,0,0,2,4
2020-09-26,US,Puerto Rico,Vega Alta,745,0,0,18.409346,-66.33725,72143.0,1864.7843608420314,0.0,745,741,0,0,741,707,,4,0,0,4,34
2020-09-26,US,Puerto Rico,Vega Baja,945,0,0,18.428262,-66.397924,72145.0,1583.9227649089871,0.0,945,933,0,0,933,919,,12,0,0,12,14
2020-09-26,US,Puerto Rico,Vieques,88,0,0,18.123276,-65.44097099999999,72147.0,946.1348242124504,0.0,88,88,0,0,88,88,,0,0,0,0,0
2020-09-26,US,Puerto Rico,Villalba,131,0,0,18.127951,-66.473115,72149.0,502.4354696429256,0.0,131,129,0,0,129,128,,2,0,0,2,1
2020-09-26,US,Puerto Rico,Yabucoa,296,0,0,18.070399,-65.896289,72151.0,780.1586674046547,0.0,296,289,0,0,289,278,,7,0,0,7,11
2020-09-26,US,Puerto Rico,Yauco,393,0,0,18.080374,-66.858814,72153.0,934.7572723164379,0.0,393,390,0,0,390,383,,3,0,0,3,7
2020-09-26,US,Rhode Island,Bristol,404,0,0,41.71018079,-71.28652315,44001.0,833.3505229068255,0.0,404,404,0,0,404,404,48649,0,0,0,0,0
2020-09-26,US,Rhode Island,Kent,1867,0,0,41.67106337,-71.57641596,44003.0,1136.3913032892654,0.0,1867,1867,0,0,1867,1867,163861,0,0,0,0,0
2020-09-26,US,Rhode Island,Newport,518,0,0,41.5642026,-71.26569799,44005.0,631.0762408323384,0.0,518,518,0,0,518,518,82542,0,0,0,0,0
2020-09-26,US,Rhode Island,Providence,18437,0,0,41.87064746,-71.57753536,44007.0,2885.601105596692,0.0,18437,18437,0,0,18437,18437,636084,0,0,0,0,0
2020-09-26,US,Rhode Island,Unassigned,2152,1107,0,0.0,0.0,90044.0,0.0,51.440520446096656,1045,2152,1107,0,1045,2282,,0,0,0,0,-130
2020-09-26,US,Rhode Island,Washington,803,0,0,41.45961631,-71.61435303,44009.0,639.4483066166575,0.0,803,803,0,0,803,803,126179,0,0,0,0,0
2020-09-26,US,South Carolina,Abbeville,578,12,0,34.22333378,-82.46170658,45001.0,2356.5866188282307,2.0761245674740483,566,569,12,0,557,553,24541,9,0,0,9,16
2020-09-26,US,South Carolina,Aiken,4135,81,0,33.54338026,-81.63645384,45003.0,2419.9400721007537,1.958887545344619,4054,4092,81,0,4011,4053,169401,43,0,0,43,39
2020-09-26,US,South Carolina,Allendale,381,6,0,32.98837386,-81.35321066,45005.0,4385.359116022099,1.5748031496062993,375,381,6,0,375,378,8903,0,0,0,0,3
2020-09-26,US,South Carolina,Anderson,4452,176,0,34.51828081,-82.63959517,45007.0,2197.8889996939147,3.953279424977538,4276,4332,173,0,4159,4277,200482,120,3,0,117,55
2020-09-26,US,South Carolina,Bamberg,642,33,0,33.21927586,-81.05659969,45009.0,4564.197355324897,5.140186915887852,609,640,33,0,607,635,14275,2,0,0,2,5
2020-09-26,US,South Carolina,Barnwell,702,16,0,33.26679302,-81.43584352,45011.0,3364.3247388095465,2.2792022792022792,686,695,16,0,679,681,21112,7,0,0,7,14
2020-09-26,US,South Carolina,Beaufort,5614,83,0,32.39226291,-80.72619758,45013.0,2922.1015812868905,1.4784467402921269,5531,5598,82,0,5516,5524,188715,16,1,0,15,74
2020-09-26,US,South Carolina,Berkeley,5466,88,0,33.20222596,-79.94654523,45015.0,2398.3466940462563,1.6099524332235635,5378,5439,88,0,5351,5407,221091,27,0,0,27,32
2020-09-26,US,South Carolina,Calhoun,448,17,0,33.66926881,-80.77722168,45017.0,3078.4030784030792,3.7946428571428568,431,447,17,0,430,447,14520,1,0,0,1,0
2020-09-26,US,South Carolina,Charleston,15780,260,0,32.82487866,-79.96512315,45019.0,3835.627093430821,1.6476552598225602,15520,15728,260,0,15468,15682,405905,52,0,0,52,46
2020-09-26,US,South Carolina,Cherokee,1162,36,0,35.05122251,-81.61828622,45021.0,2027.9232111692843,3.0981067125645443,1126,1143,35,0,1108,1132,57078,19,1,0,18,11
2020-09-26,US,South Carolina,Chester,1039,21,0,34.69249168,-81.1583216,45023.0,3222.3049249472774,2.0211742059672764,1018,1033,21,0,1012,1021,32251,6,0,0,6,12
2020-09-26,US,South Carolina,Chesterfield,1226,37,0,34.64137396,-80.15640140000002,45025.0,2685.6516976998905,3.017944535073409,1189,1215,36,0,1179,1206,45754,11,1,0,10,9
2020-09-26,US,South Carolina,Clarendon,1098,66,0,33.66610974,-80.21647898,45027.0,3253.8153800563045,6.0109289617486334,1032,1092,66,0,1026,1087,33700,6,0,0,6,5
2020-09-26,US,South Carolina,Colleton,1022,42,0,32.87582989,-80.67641292,45029.0,2712.5301908326032,4.109589041095891,980,1013,42,0,971,1008,37660,9,0,0,9,5
2020-09-26,US,South Carolina,Darlington,2045,53,0,34.33358335,-79.96027485,45031.0,3069.740910864932,2.5916870415647923,1992,2035,52,0,1983,2020,66802,10,1,0,9,15
2020-09-26,US,South Carolina,Dillon,1027,37,0,34.39007791,-79.37741872,45033.0,3369.5331211653925,3.6027263875365136,990,1016,37,0,979,1004,30599,11,0,0,11,12
2020-09-26,US,South Carolina,Dorchester,4163,91,0,33.0794369,-80.40502652,45035.0,2556.983950518706,2.185923612779246,4072,4112,89,0,4023,4089,160647,51,2,0,49,23
2020-09-26,US,South Carolina,Edgefield,813,18,0,33.77221995,-81.96231108,45037.0,2982.3917828319877,2.2140221402214024,795,806,17,0,789,801,27052,7,1,0,6,5
2020-09-26,US,South Carolina,Fairfield,763,35,0,34.39287073,-81.1195624,45039.0,3414.328545218597,4.587155963302751,728,761,34,0,727,759,22402,2,1,0,1,2
2020-09-26,US,South Carolina,Florence,4912,190,0,34.02361754,-79.70189312,45041.0,3551.8789815825817,3.8680781758957656,4722,4890,188,0,4702,4873,138159,22,2,0,20,17
2020-09-26,US,South Carolina,Georgetown,1892,45,0,33.43443342,-79.33202141,45043.0,3018.506700701979,2.3784355179704018,1847,1885,45,0,1840,1875,62249,7,0,0,7,10
2020-09-26,US,South Carolina,Greenville,14318,299,0,34.89502264,-82.37295012,45045.0,2734.8331174958266,2.088280486101411,14019,14203,300,0,13903,14076,514213,115,-1,0,116,127
2020-09-26,US,South Carolina,Greenwood,2212,72,0,34.15272415,-82.12715789,45047.0,3123.808447840025,3.25497287522604,2140,2196,72,0,2124,2183,70741,16,0,0,16,13
2020-09-26,US,South Carolina,Hampton,644,25,0,32.77419582,-81.13845571,45049.0,3350.327749453751,3.881987577639752,619,637,25,0,612,632,19351,7,0,0,7,5
2020-09-26,US,South Carolina,Horry,10326,196,0,33.9212828,-78.99555293,45051.0,2916.2818677082373,1.89812124733682,10130,10292,196,0,10096,10227,344147,34,0,0,34,65
2020-09-26,US,South Carolina,Jasper,812,20,0,32.43171982,-81.02487495,45053.0,2700.096432015429,2.4630541871921183,792,806,20,0,786,790,28971,6,0,0,6,16
2020-09-26,US,South Carolina,Kershaw,1972,37,0,34.33988254,-80.58763164,45055.0,2963.1410497212664,1.8762677484787016,1935,1951,37,0,1914,1918,65592,21,0,0,21,33
2020-09-26,US,South Carolina,Lancaster,2155,52,0,34.68270843,-80.70513032,45057.0,2198.71036199649,2.412993039443156,2103,2134,52,0,2082,2111,95380,21,0,0,21,23
2020-09-26,US,South Carolina,Laurens,1650,56,0,34.48244419,-82.00490796,45059.0,2444.697968678233,3.3939393939393936,1594,1642,56,0,1586,1634,66994,8,0,0,8,8
2020-09-26,US,South Carolina,Lee,719,34,0,34.16393091,-80.25690731,45061.0,4272.640836700737,4.728789986091794,685,713,34,0,679,705,17142,6,0,0,6,8
2020-09-26,US,South Carolina,Lexington,7193,158,0,33.89665987,-81.27146426,45063.0,2407.698744769875,2.196580008341443,7035,7106,157,0,6949,7012,295032,87,1,0,86,94
2020-09-26,US,South Carolina,Marion,869,24,0,34.07859748,-79.36400756,45067.0,2834.5891639756014,2.761795166858458,845,860,24,0,836,857,31039,9,0,0,9,3
2020-09-26,US,South Carolina,Marlboro,918,11,0,34.59905577,-79.67561152,45069.0,3514.8173673328747,1.198257080610022,907,906,11,0,895,903,26398,12,0,0,12,3
2020-09-26,US,South Carolina,McCormick,233,6,0,33.90161443,-82.30794338,45065.0,2462.221282891261,2.5751072961373387,227,231,6,0,225,230,9410,2,0,0,2,1
2020-09-26,US,South Carolina,Newberry,1245,27,0,34.28629098,-81.59935761,45071.0,3238.8137356919874,2.1686746987951806,1218,1230,24,0,1206,1218,38520,15,3,0,12,12
2020-09-26,US,South Carolina,Oconee,1412,26,0,34.75225169,-83.06742317,45073.0,1775.0735423528524,1.841359773371105,1386,1387,26,0,1361,1373,78374,25,0,0,25,14
2020-09-26,US,South Carolina,Orangeburg,3099,126,0,33.4391073,-80.79886287,45075.0,3596.1705831157533,4.065827686350437,2973,3092,126,0,2966,3072,86934,7,0,0,7,20
2020-09-26,US,South Carolina,Pickens,2924,45,0,34.88807695,-82.72791551,45077.0,2304.467072286498,1.5389876880984952,2879,2848,45,0,2803,2821,124937,76,0,0,76,27
2020-09-26,US,South Carolina,Richland,15191,239,0,34.01791263,-80.90267209,45079.0,3653.799436692892,1.573299980251465,14952,15014,235,0,14779,14833,414576,177,4,0,173,181
2020-09-26,US,South Carolina,Saluda,689,21,0,34.00795823,-81.72713237,45081.0,3365.4080984711572,3.0478955007256894,668,689,21,0,668,685,20544,0,0,0,0,4
2020-09-26,US,South Carolina,Spartanburg,6900,198,0,34.92960077,-81.99225984,45083.0,2157.6997044889536,2.8695652173913038,6702,6693,197,0,6496,6618,313888,207,1,0,206,75
2020-09-26,US,South Carolina,Sumter,3209,77,0,33.91826534,-80.37942316,45085.0,3006.9058573289226,2.399501402306014,3132,3192,77,0,3115,3169,106512,17,0,0,17,23
2020-09-26,US,South Carolina,Union,564,12,0,34.68835752,-81.61730349,45087.0,2064.7239712988726,2.127659574468085,552,562,12,0,550,560,27410,2,0,0,2,2
2020-09-26,US,South Carolina,Williamsburg,1327,44,0,33.62190129,-79.72767442,45089.0,4369.731296101159,3.3157498116051243,1283,1326,44,0,1282,1325,30606,1,0,0,1,1
2020-09-26,US,South Carolina,York,5332,75,0,34.97281497,-81.18085944,45091.0,1897.650714110308,1.406601650412603,5257,5270,70,0,5200,5243,274118,62,5,0,57,27
2020-09-26,US,South Dakota,Aurora,51,0,0,43.71757685,-98.56050467,46003.0,1853.871319520175,0.0,51,48,0,0,48,46,2801,3,0,0,3,2
2020-09-26,US,South Dakota,Beadle,784,9,0,44.41464384,-98.27858469,46005.0,4248.631658808866,1.1479591836734695,775,758,9,0,749,738,18883,26,0,0,26,20
2020-09-26,US,South Dakota,Bennett,67,1,0,43.19486375,-101.6665572,46007.0,1991.0846953937594,1.492537313432836,66,63,1,0,62,63,3468,4,0,0,4,0
2020-09-26,US,South Dakota,Bon Homme,81,1,0,42.98914167,-97.88592746,46009.0,1173.7429358064048,1.2345679012345678,80,81,1,0,80,80,6980,0,0,0,0,1
2020-09-26,US,South Dakota,Brookings,751,2,0,44.36974375,-96.79079945,46011.0,2141.0040767454457,0.2663115845539281,749,731,2,0,729,719,35232,20,0,0,20,12
2020-09-26,US,South Dakota,Brown,1160,4,0,45.58994323,-98.35165355,46013.0,2986.688637709519,0.3448275862068966,1156,1124,4,0,1120,1102,39316,36,0,0,36,22
2020-09-26,US,South Dakota,Brule,115,0,0,43.71756379,-99.08118954,46015.0,2171.040211440438,0.0,115,110,0,0,110,108,5229,5,0,0,5,2
2020-09-26,US,South Dakota,Buffalo,135,3,0,44.07657829,-99.20814467,46017.0,6880.733944954129,2.2222222222222223,132,135,3,0,132,125,2036,0,0,0,0,10
2020-09-26,US,South Dakota,Butte,97,3,0,44.90608745,-103.5079318,46019.0,930.0987630645316,3.0927835051546397,94,91,3,0,88,86,10222,6,0,0,6,5
2020-09-26,US,South Dakota,Campbell,24,0,0,45.77074915,-100.0510181,46021.0,1744.186046511628,0.0,24,23,0,0,23,21,1377,1,0,0,1,2
2020-09-26,US,South Dakota,Charles Mix,171,0,0,43.20660134,-98.58856175,46023.0,1840.2927249246663,0.0,171,160,0,0,160,159,9338,11,0,0,11,1
2020-09-26,US,South Dakota,Clark,40,0,0,44.85834507,-97.72925109,46025.0,1070.6638115631692,0.0,40,37,0,0,37,37,3739,3,0,0,3,0
2020-09-26,US,South Dakota,Clay,558,5,0,42.91296147,-96.97656917,46027.0,3965.88486140725,0.8960573476702509,553,554,5,0,549,548,14041,4,0,0,4,6
2020-09-26,US,South Dakota,Codington,842,4,0,44.97788119,-97.18827677,46029.0,3006.176586097326,0.4750593824228028,838,805,3,0,802,780,28015,37,1,0,36,25
2020-09-26,US,South Dakota,Corson,91,1,0,45.70889983,-101.1970473,46031.0,2227.116984826236,1.0989010989010992,90,91,1,0,90,94,4165,0,0,0,0,-3
2020-09-26,US,South Dakota,Custer,182,2,0,43.67741105,-103.45345209999999,46033.0,2028.5332144449399,1.0989010989010992,180,181,2,0,179,179,8726,1,0,0,1,2
2020-09-26,US,South Dakota,Davison,283,2,0,43.67490933,-98.14458906,46035.0,1431.0998735777496,0.7067137809187279,281,258,2,0,256,249,19790,25,0,0,25,9
2020-09-26,US,South Dakota,Day,74,0,0,45.367281,-97.60737498,46037.0,1364.3067846607667,0.0,74,70,0,0,70,67,5505,4,0,0,4,3
2020-09-26,US,South Dakota,Deuel,83,0,0,44.75994309,-96.66943645,46039.0,1907.6074465640088,0.0,83,82,0,0,82,80,4337,1,0,0,1,2
2020-09-26,US,South Dakota,Dewey,144,0,0,45.15639647,-100.8709139,46041.0,2443.9918533604887,0.0,144,143,0,0,143,134,5904,1,0,0,1,9
2020-09-26,US,South Dakota,Douglas,81,1,0,43.38520741,-98.36978007,46043.0,2773.022937350223,1.2345679012345678,80,79,1,0,78,76,2935,2,0,0,2,3
2020-09-26,US,South Dakota,Edmunds,91,0,0,45.41846445,-99.21545423,46045.0,2376.5996343692873,0.0,91,91,0,0,91,90,3875,0,0,0,0,1
2020-09-26,US,South Dakota,Fall River,93,3,0,43.23929297,-103.5275691,46047.0,1385.371666914941,3.2258064516129035,90,92,3,0,89,91,6758,1,0,0,1,1
2020-09-26,US,South Dakota,Faulk,71,1,0,45.07082625,-99.14535601,46049.0,3088.2992605480645,1.4084507042253518,70,66,1,0,65,65,2330,5,0,0,5,1
2020-09-26,US,South Dakota,Grant,124,1,0,45.1723937,-96.77002276,46051.0,1758.366420873511,0.8064516129032258,123,114,1,0,113,106,7147,10,0,0,10,8
2020-09-26,US,South Dakota,Gregory,125,3,0,43.19419064,-99.18883902,46053.0,2986.857825567503,2.4,122,118,3,0,115,112,4212,7,0,0,7,6
2020-09-26,US,South Dakota,Haakon,23,0,0,44.29299053,-101.539099,46055.0,1211.1637704054765,0.0,23,22,0,0,22,21,1918,1,0,0,1,1
2020-09-26,US,South Dakota,Hamlin,97,0,0,44.67385954,-97.18829593,46057.0,1573.6534717715772,0.0,97,90,0,0,90,86,6111,7,0,0,7,4
2020-09-26,US,South Dakota,Hand,36,0,0,44.54708407,-99.00386459,46059.0,1128.1729865246004,0.0,36,35,0,0,35,36,3262,1,0,0,1,-1
2020-09-26,US,South Dakota,Hanson,37,0,0,43.6746384,-97.78715148,46061.0,1071.5320011584129,0.0,37,35,0,0,35,34,3376,2,0,0,2,1
2020-09-26,US,South Dakota,Harding,5,0,0,45.58015551,-103.4958629,46063.0,385.20801232665633,0.0,5,5,0,0,5,5,1249,0,0,0,0,0
2020-09-26,US,South Dakota,Hughes,429,5,0,44.39091534,-99.99661148,46065.0,2447.7918521054435,1.1655011655011656,424,384,5,0,379,365,17650,45,0,0,45,19
2020-09-26,US,South Dakota,Hutchinson,95,2,0,43.33449012,-97.75536441,46067.0,1302.9762721163079,2.1052631578947367,93,88,2,0,86,82,7380,7,0,0,7,6
2020-09-26,US,South Dakota,Hyde,19,0,0,44.54747703,-99.48572582,46069.0,1460.415065334358,0.0,19,19,0,0,19,18,1282,0,0,0,0,1
2020-09-26,US,South Dakota,Jackson,34,1,0,43.69318385,-101.6255063,46071.0,1016.7464114832536,2.9411764705882355,33,32,1,0,31,31,3307,2,0,0,2,1
2020-09-26,US,South Dakota,Jerauld,83,1,0,44.06637798,-98.62965972,46073.0,4123.199205166417,1.2048192771084338,82,81,1,0,80,76,2043,2,0,0,2,5
2020-09-26,US,South Dakota,Jones,13,0,0,43.96278565,-100.6940008,46075.0,1439.6456256921374,0.0,13,10,0,0,10,7,928,3,0,0,3,3
2020-09-26,US,South Dakota,Kingsbury,55,0,0,44.36956169,-97.4913945,46077.0,1113.5857461024498,0.0,55,52,0,0,52,51,4919,3,0,0,3,1
2020-09-26,US,South Dakota,Lake,190,7,0,44.02193107,-97.12926365,46079.0,1484.7229819488944,3.684210526315789,183,188,7,0,181,183,13057,2,0,0,2,5
2020-09-26,US,South Dakota,Lawrence,395,4,0,44.35919441,-103.79294279999999,46081.0,1528.4011762885004,1.0126582278481011,391,380,4,0,376,373,25741,15,0,0,15,7
2020-09-26,US,South Dakota,Lincoln,1331,2,0,43.27841182,-96.72039050000001,46083.0,2177.39824630284,0.15026296018031554,1329,1296,2,0,1294,1264,58807,35,0,0,35,32
2020-09-26,US,South Dakota,Lyman,155,3,0,43.89522709,-99.85201878,46085.0,4099.444591377943,1.935483870967742,152,146,3,0,143,127,3821,9,0,0,9,19
2020-09-26,US,South Dakota,Marshall,38,0,0,45.75870838,-97.59855639,46091.0,770.0101317122594,0.0,38,38,0,0,38,37,5112,0,0,0,0,1
2020-09-26,US,South Dakota,McCook,93,1,0,43.6742571,-97.36863144,46087.0,1664.8764769065522,1.075268817204301,92,92,1,0,91,91,5546,1,0,0,1,1
2020-09-26,US,South Dakota,McPherson,33,0,0,45.76626028,-99.22118798,46089.0,1387.1374527112232,0.0,33,31,0,0,31,29,2407,2,0,0,2,2
2020-09-26,US,South Dakota,Meade,519,5,0,44.56676791,-102.71627409999999,46093.0,1831.8509106310885,0.9633911368015414,514,509,5,0,504,500,28294,10,0,0,10,9
2020-09-26,US,South Dakota,Mellette,30,0,0,43.58078848,-100.7563186,46095.0,1455.604075691412,0.0,30,30,0,0,30,30,2042,0,0,0,0,0
2020-09-26,US,South Dakota,Miner,21,0,0,44.02197882,-97.60992207,46097.0,947.6534296028881,0.0,21,20,0,0,20,19,2213,1,0,0,1,1
2020-09-26,US,South Dakota,Minnehaha,6580,81,0,43.67441641,-96.7910885,46099.0,3406.9609701036584,1.2310030395136775,6499,6508,81,0,6427,6453,192876,72,0,0,72,55
2020-09-26,US,South Dakota,Moody,90,0,0,44.02266214,-96.67081159,46101.0,1368.6131386861314,0.0,90,85,0,0,85,83,6579,5,0,0,5,2
2020-09-26,US,South Dakota,Oglala Lakota,270,3,0,43.33749164,-102.55554980000001,46102.0,1904.493193200254,1.1111111111111112,267,252,3,0,249,243,14309,18,0,0,18,9
2020-09-26,US,South Dakota,Pennington,2249,37,0,44.0025835,-102.8240777,46103.0,1976.708415732806,1.6451756336149401,2212,2198,36,0,2162,2142,111729,51,1,0,50,56
2020-09-26,US,South Dakota,Perkins,37,0,0,45.49049506,-102.47555859999999,46105.0,1291.4485165794067,0.0,37,37,0,0,37,36,2922,0,0,0,0,1
2020-09-26,US,South Dakota,Potter,42,0,0,45.06583079,-99.95498503,46107.0,1950.7663725034838,0.0,42,42,0,0,42,42,2207,0,0,0,0,0
2020-09-26,US,South Dakota,Roberts,204,1,0,45.62975048,-96.94672673,46109.0,1962.6707715989999,0.4901960784313725,203,181,1,0,180,174,10447,23,0,0,23,7
2020-09-26,US,South Dakota,Sanborn,29,0,0,44.02351092,-98.09098159999999,46111.0,1237.2013651877132,0.0,29,27,0,0,27,24,2429,2,0,0,2,3
2020-09-26,US,South Dakota,Spink,129,0,0,44.93837606,-98.34626602,46115.0,2023.2120451693847,0.0,129,124,0,0,124,120,6495,5,0,0,5,4
2020-09-26,US,South Dakota,Stanley,41,0,0,44.41381872,-100.7349153,46117.0,1323.4344738540995,0.0,41,40,0,0,40,36,3022,1,0,0,1,4
2020-09-26,US,South Dakota,Sully,11,0,0,44.71571812,-100.1278092,46119.0,790.7979870596691,0.0,11,10,0,0,10,9,1392,1,0,0,1,1
2020-09-26,US,South Dakota,Todd,122,5,0,43.19338568,-100.71955030000001,46121.0,1198.781566276899,4.0983606557377055,117,122,5,0,117,118,10283,0,0,0,0,4
2020-09-26,US,South Dakota,Tripp,148,0,0,43.34459388,-99.8854891,46123.0,2720.0882190773755,0.0,148,135,0,0,135,126,5478,13,0,0,13,9
2020-09-26,US,South Dakota,Turner,159,2,0,43.3109081,-97.14865776,46125.0,1896.469465648855,1.2578616352201255,157,153,2,0,151,149,8424,6,0,0,6,4
2020-09-26,US,South Dakota,Union,394,7,0,42.83112163,-96.6557828,46127.0,2473.010293748431,1.7766497461928934,387,384,7,0,377,375,15619,10,0,0,10,9
2020-09-26,US,South Dakota,Walworth,117,1,0,45.43019636,-100.03075140000001,46129.0,2152.713891444342,0.8547008547008547,116,115,1,0,114,105,5587,2,0,0,2,10
2020-09-26,US,South Dakota,Yankton,402,4,0,43.00924485,-97.39467635,46135.0,1762.0759182957834,0.9950248756218906,398,393,4,0,389,382,22869,9,0,0,9,11
2020-09-26,US,South Dakota,Ziebach,60,0,0,44.97881876,-101.6654622,46137.0,2177.068214804064,0.0,60,60,0,0,60,60,2742,0,0,0,0,0
2020-09-26,US,Tennessee,Anderson,1179,13,0,36.12684348,-84.19965764,47001.0,1531.6064330068332,1.102629346904156,1166,1165,13,0,1152,1153,76482,14,0,0,14,12
2020-09-26,US,Tennessee,Bedford,1345,17,0,35.51123746,-86.45549096,47003.0,2705.529740711685,1.2639405204460967,1328,1328,17,0,1311,1320,49038,17,0,0,17,8
2020-09-26,US,Tennessee,Benton,336,9,0,36.07110411,-88.06849355,47005.0,2079.2079207920788,2.6785714285714284,327,336,9,0,327,334,16184,0,0,0,0,2
2020-09-26,US,Tennessee,Bledsoe,854,4,0,35.59942968,-85.20611967,47007.0,5669.144981412639,0.468384074941452,850,854,4,0,850,849,14755,0,0,0,0,5
2020-09-26,US,Tennessee,Blount,2516,24,0,35.68938198,-83.92847788,47009.0,1890.4784804039432,0.9538950715421304,2492,2504,24,0,2480,2477,131349,12,0,0,12,27
2020-09-26,US,Tennessee,Bradley,2934,17,0,35.15739424,-84.857186,47011.0,2713.9025067061325,0.5794137695978187,2917,2914,17,0,2897,2893,106727,20,0,0,20,21
2020-09-26,US,Tennessee,Campbell,446,4,0,36.40355516,-84.15108559999999,47013.0,1119.4217157773205,0.8968609865470852,442,439,4,0,435,431,39583,7,0,0,7,8
2020-09-26,US,Tennessee,Cannon,286,0,0,35.80990797,-86.05738983,47015.0,1948.4943452786483,0.0,286,283,0,0,283,280,14462,3,0,0,3,3
2020-09-26,US,Tennessee,Carroll,889,20,0,35.97366108,-88.45189331,47017.0,3201.642237188029,2.249718785151856,869,874,20,0,854,858,28020,15,0,0,15,16
2020-09-26,US,Tennessee,Carter,1168,28,0,36.28969086,-82.12588974,47019.0,2071.2525048323314,2.3972602739726026,1140,1158,28,0,1130,1147,56351,10,0,0,10,11
2020-09-26,US,Tennessee,Cheatham,807,10,0,36.26136216,-87.08903581,47021.0,1984.4099638527555,1.2391573729863692,797,805,10,0,795,806,40439,2,0,0,2,-1
2020-09-26,US,Tennessee,Chester,632,10,0,35.42527478,-88.6095842,47023.0,3653.8127999074986,1.5822784810126582,622,623,10,0,613,609,17276,9,0,0,9,14
2020-09-26,US,Tennessee,Claiborne,442,5,0,36.48319149,-83.65947309,47025.0,1383.0219969335712,1.1312217194570136,437,441,5,0,436,440,31756,1,0,0,1,1
2020-09-26,US,Tennessee,Clay,226,5,0,36.55151008,-85.53930419,47027.0,2967.826657912016,2.2123893805309733,221,224,5,0,219,220,7717,2,0,0,2,4
2020-09-26,US,Tennessee,Cocke,746,9,0,35.9278914,-83.11828725,47029.0,2071.9920008887907,1.206434316353887,737,743,9,0,734,741,35774,3,0,0,3,2
2020-09-26,US,Tennessee,Coffee,1236,13,0,35.49090731,-86.07311784,47031.0,2186.836518046709,1.051779935275081,1223,1210,13,0,1197,1166,55700,26,0,0,26,44
2020-09-26,US,Tennessee,Crockett,538,19,0,35.81830662,-89.14916269,47033.0,3780.744905130007,3.5315985130111525,519,536,19,0,517,529,14328,2,0,0,2,7
2020-09-26,US,Tennessee,Cumberland,1201,18,0,35.95271721,-84.99840585,47035.0,1984.4679444811636,1.498751040799334,1183,1192,18,0,1174,1175,59673,9,0,0,9,17
2020-09-26,US,Tennessee,Davidson,26474,306,0,36.17007426,-86.78646056,47037.0,3813.906048312742,1.1558510236458412,26168,26381,303,0,26078,26252,692587,93,3,0,90,129
2020-09-26,US,Tennessee,DeKalb,566,14,0,35.97616272,-85.83689361,47041.0,2762.32308443143,2.4734982332155475,552,561,14,0,547,552,20138,5,0,0,5,9
2020-09-26,US,Tennessee,Decatur,520,7,0,35.60048904,-88.11043779,47039.0,4458.544113864357,1.3461538461538465,513,512,7,0,505,503,11706,8,0,0,8,9
2020-09-26,US,Tennessee,Dickson,1257,15,0,36.14669837,-87.35891709,47043.0,2330.0215021872914,1.1933174224343674,1242,1250,15,0,1235,1235,53446,7,0,0,7,15
2020-09-26,US,Tennessee,Dyer,1370,14,0,36.05931946,-89.41542855,47045.0,3686.8591727441535,1.0218978102189782,1356,1350,14,0,1336,1318,37320,20,0,0,20,32
2020-09-26,US,Tennessee,Fayette,1188,19,0,35.19615831,-89.41399032,47047.0,2888.1919626577196,1.5993265993265993,1169,1183,19,0,1164,1174,40507,5,0,0,5,9
2020-09-26,US,Tennessee,Fentress,505,3,0,36.38128818,-84.92870012,47049.0,2726.340225665389,0.594059405940594,502,493,3,0,490,471,18217,12,0,0,12,22
2020-09-26,US,Tennessee,Franklin,969,9,0,35.15634626,-86.09201039,47051.0,2295.773313115997,0.9287925696594428,960,963,9,0,954,951,41890,6,0,0,6,12
2020-09-26,US,Tennessee,Gibson,1658,23,0,35.99438059,-88.93358327,47053.0,3374.514074043921,1.3872135102533172,1635,1636,22,0,1614,1609,49045,22,1,0,21,27
2020-09-26,US,Tennessee,Giles,607,17,0,35.20222469,-87.03992678,47055.0,2060.141189247896,2.8006589785831957,590,591,17,0,574,580,29503,16,0,0,16,11
2020-09-26,US,Tennessee,Grainger,376,3,0,36.27469206,-83.51254721,47057.0,1612.3499142367066,0.7978723404255319,373,372,3,0,369,363,23145,4,0,0,4,9
2020-09-26,US,Tennessee,Greene,1156,44,0,36.17470125,-82.84691273,47059.0,1673.6886302103696,3.8062283737024223,1112,1142,44,0,1098,1129,69087,14,0,0,14,13
2020-09-26,US,Tennessee,Grundy,291,5,0,35.38433717,-85.72142731,47061.0,2167.2748938705595,1.718213058419244,286,283,5,0,278,268,13346,8,0,0,8,15
2020-09-26,US,Tennessee,Hamblen,1914,26,0,36.21990035,-83.26586179,47063.0,2947.6083407767887,1.3584117032392895,1888,1899,26,0,1873,1885,64569,15,0,0,15,14
2020-09-26,US,Tennessee,Hamilton,9443,94,0,35.17670231,-85.16652245,47065.0,2567.400028275929,0.9954463623848352,9349,9374,94,0,9280,9287,364286,69,0,0,69,87
2020-09-26,US,Tennessee,Hancock,106,3,0,36.52692871,-83.22375847,47067.0,1601.2084592145015,2.830188679245283,103,106,3,0,103,106,6549,0,0,0,0,0
2020-09-26,US,Tennessee,Hardeman,1570,26,0,35.20772017,-88.99161161,47069.0,6267.46506986028,1.6560509554140128,1544,1558,26,0,1532,1548,25220,12,0,0,12,10
2020-09-26,US,Tennessee,Hardin,1030,16,0,35.19732531,-88.18593755,47071.0,4015.2814595353193,1.5533980582524272,1014,1022,16,0,1006,1005,25776,8,0,0,8,17
2020-09-26,US,Tennessee,Hawkins,812,18,0,36.44355426,-82.94885298,47073.0,1429.929912302328,2.2167487684729066,794,796,18,0,778,783,56530,16,0,0,16,13
2020-09-26,US,Tennessee,Haywood,969,21,0,35.58332824,-89.28536625,47075.0,5599.8613037447985,2.1671826625387,948,968,19,0,949,954,17335,1,2,0,-1,14
2020-09-26,US,Tennessee,Henderson,1181,24,0,35.65581134,-88.38600175,47077.0,4200.305864779315,2.032176121930567,1157,1169,24,0,1145,1153,27847,12,0,0,12,16
2020-09-26,US,Tennessee,Henry,625,9,0,36.33160906,-88.30121797,47079.0,1932.2924717885294,1.44,616,618,9,0,609,613,32358,7,0,0,7,5
2020-09-26,US,Tennessee,Hickman,585,8,0,35.80609681,-87.47643507,47081.0,2323.4569862578437,1.3675213675213675,577,573,8,0,565,558,25063,12,0,0,12,15
2020-09-26,US,Tennessee,Houston,220,3,0,36.28872054,-87.71878828,47083.0,2682.599682965492,1.3636363636363635,217,214,3,0,211,208,8263,6,0,0,6,6
2020-09-26,US,Tennessee,Humphreys,251,3,0,36.03958805,-87.77992872,47085.0,1350.769561941664,1.195219123505976,248,246,3,0,243,244,18486,5,0,0,5,2
2020-09-26,US,Tennessee,Jackson,326,5,0,36.36380466,-85.67239905,47087.0,2765.9935516714745,1.5337423312883436,321,324,5,0,319,317,11758,2,0,0,2,7
2020-09-26,US,Tennessee,Jefferson,1119,14,0,36.04818632,-83.45148924,47089.0,2053.3993944398567,1.2511170688114388,1105,1110,14,0,1096,1097,54012,9,0,0,9,13
2020-09-26,US,Tennessee,Johnson,711,2,0,36.45523950000001,-81.84886538,47091.0,3997.0766809084776,0.2812939521800281,709,696,2,0,694,675,17778,15,0,0,15,21
2020-09-26,US,Tennessee,Knox,9378,79,0,35.99508821,-83.94635435,47093.0,1993.9912356239358,0.8423970995947964,9299,9298,75,0,9223,9181,465289,80,4,0,76,117
2020-09-26,US,Tennessee,Lake,919,2,0,36.34180170000001,-89.48921915,47095.0,13098.631698973772,0.2176278563656148,917,918,2,0,916,914,7411,1,0,0,1,4
2020-09-26,US,Tennessee,Lauderdale,983,16,0,35.75893438,-89.63015909999999,47097.0,3834.9003238013497,1.6276703967446593,967,979,16,0,963,959,25825,4,0,0,4,20
2020-09-26,US,Tennessee,Lawrence,1043,13,0,35.21675201,-87.39787695,47099.0,2362.829051696797,1.2464046021093,1030,1023,12,0,1011,1012,43734,20,1,0,19,11
2020-09-26,US,Tennessee,Lewis,201,1,0,35.52853208,-87.49022694,47101.0,1638.408868601239,0.4975124378109453,200,196,1,0,195,185,12086,5,0,0,5,11
2020-09-26,US,Tennessee,Lincoln,619,1,0,35.13738622,-86.58910106,47103.0,1801.1988593377175,0.16155088852988692,618,611,1,0,610,603,34117,8,0,0,8,8
2020-09-26,US,Tennessee,Loudon,1172,6,0,35.73939663,-84.31145275,47105.0,2167.640748686839,0.5119453924914675,1166,1154,6,0,1148,1135,53054,18,0,0,18,19
2020-09-26,US,Tennessee,Macon,1055,21,0,36.53157855,-86.00778595,47111.0,4288.2692464027305,1.990521327014218,1034,1046,20,0,1026,1035,24265,9,1,0,8,11
2020-09-26,US,Tennessee,Madison,2877,64,0,35.61181957,-88.84076036,47113.0,2936.1936642717187,2.224539450816823,2813,2832,64,0,2768,2800,97605,45,0,0,45,32
2020-09-26,US,Tennessee,Marion,529,8,0,35.12997174,-85.62265895,47115.0,1830.0065728024358,1.5122873345935728,521,525,8,0,517,518,28575,4,0,0,4,7
2020-09-26,US,Tennessee,Marshall,756,5,0,35.45798777,-86.76420988,47117.0,2199.2727272727275,0.6613756613756614,751,749,5,0,744,741,33683,7,0,0,7,8
2020-09-26,US,Tennessee,Maury,2361,24,0,35.618741299999996,-87.07462444,47119.0,2449.5004513056742,1.0165184243964422,2337,2329,23,0,2306,2309,94340,32,1,0,31,20
2020-09-26,US,Tennessee,McMinn,1119,25,0,35.42812616,-84.61520715,47107.0,2080.1576383983343,2.234137622877569,1094,1113,25,0,1088,1100,53285,6,0,0,6,13
2020-09-26,US,Tennessee,McNairy,883,18,0,35.17468549,-88.5647812,47109.0,3436.599984432163,2.0385050962627407,865,876,18,0,858,842,25832,7,0,0,7,34
2020-09-26,US,Tennessee,Meigs,226,3,0,35.51558739,-84.81482914,47121.0,1819.3527612300759,1.327433628318584,223,226,3,0,223,223,12306,0,0,0,0,3
2020-09-26,US,Tennessee,Monroe,1036,18,0,35.44550387,-84.24902965,47123.0,2225.802986357289,1.7374517374517375,1018,1030,18,0,1012,1022,46357,6,0,0,6,8
2020-09-26,US,Tennessee,Montgomery,3070,44,0,36.49609412,-87.38550661,47125.0,1468.9487207705524,1.4332247557003257,3026,3045,44,0,3001,3022,205950,25,0,0,25,23
2020-09-26,US,Tennessee,Moore,175,1,0,35.27724699,-86.36230578,47127.0,2697.287299630086,0.5714285714285714,174,169,1,0,168,164,6411,6,0,0,6,5
2020-09-26,US,Tennessee,Morgan,317,3,0,36.13248031,-84.64880098,47129.0,1481.1007802644488,0.946372239747634,314,315,3,0,312,311,21579,2,0,0,2,4
2020-09-26,US,Tennessee,Obion,1171,10,0,36.35732446,-89.14921589,47131.0,3894.376267917124,0.8539709649871904,1161,1156,10,0,1146,1138,30267,15,0,0,15,18
2020-09-26,US,Tennessee,Out of TN,2896,27,0,0.0,0.0,80047.0,0.0,0.9323204419889504,2869,2844,26,0,2818,2968,,52,1,0,51,-124
2020-09-26,US,Tennessee,Overton,745,6,0,36.34117832,-85.28989535,47133.0,3349.6695292477857,0.8053691275167785,739,735,5,0,730,713,22068,10,1,0,9,22
2020-09-26,US,Tennessee,Perry,150,0,0,35.63708728,-87.86139634,47135.0,1857.3551263001486,0.0,150,150,0,0,150,149,8064,0,0,0,0,1
2020-09-26,US,Tennessee,Pickett,116,2,0,36.55606529,-85.07763299999998,47137.0,2297.939778129953,1.7241379310344829,114,114,2,0,112,110,5082,2,0,0,2,4
2020-09-26,US,Tennessee,Polk,388,10,0,35.12245443,-84.52075859,47139.0,2305.133079847909,2.5773195876288657,378,388,10,0,378,382,16898,0,0,0,0,6
2020-09-26,US,Tennessee,Putnam,3315,40,0,36.14005459,-85.50646123,47141.0,4131.098510810642,1.2066365007541475,3275,3277,40,0,3237,3201,78843,38,0,0,38,76
2020-09-26,US,Tennessee,Rhea,834,12,0,35.60536161,-84.93076643,47143.0,2514.5475924865077,1.4388489208633093,822,821,12,0,809,798,33044,13,0,0,13,23
2020-09-26,US,Tennessee,Roane,895,4,0,35.84923189,-84.52458689,47145.0,1676.5951069648945,0.446927374301676,891,885,4,0,881,872,53140,10,0,0,10,13
2020-09-26,US,Tennessee,Robertson,2210,35,0,36.52454807,-86.87346725,47147.0,3077.4372328130003,1.5837104072398192,2175,2203,35,0,2168,2190,71012,7,0,0,7,13
2020-09-26,US,Tennessee,Rutherford,9293,89,0,35.84591405,-86.4107263,47149.0,2796.695607686173,0.9577101043796404,9204,9240,89,0,9151,9150,324890,53,0,0,53,90
2020-09-26,US,Tennessee,Scott,214,2,0,36.42325673,-84.50360494,47151.0,969.7299256842488,0.9345794392523364,212,213,2,0,211,207,22039,1,0,0,1,6
2020-09-26,US,Tennessee,Sequatchie,233,2,0,35.36979721,-85.41022136,47153.0,1550.6455477172901,0.8583690987124464,231,231,2,0,229,229,14876,2,0,0,2,2
2020-09-26,US,Tennessee,Sevier,2623,15,0,35.78077323,-83.52244332,47155.0,2669.7201017811703,0.5718642775447961,2608,2596,15,0,2581,2570,97892,27,0,0,27,26
2020-09-26,US,Tennessee,Shelby,30755,458,0,35.1864775,-89.89692423,47157.0,3281.7024945420562,1.4891887497967808,30297,30613,455,0,30158,30460,935764,142,3,0,139,153
2020-09-26,US,Tennessee,Smith,723,11,0,36.25359775,-85.95411046,47159.0,3586.8432802500374,1.5214384508990315,712,713,11,0,702,698,19942,10,0,0,10,15
2020-09-26,US,Tennessee,Stewart,204,2,0,36.50235092,-87.83920548,47161.0,1487.4225300765586,0.9803921568627452,202,198,2,0,196,190,13561,6,0,0,6,8
2020-09-26,US,Tennessee,Sullivan,2164,33,0,36.51240691,-82.30412917,47163.0,1366.6102508399222,1.5249537892791127,2131,2148,33,0,2115,2121,157668,16,0,0,16,27
2020-09-26,US,Tennessee,Sumner,4819,98,0,36.46824103,-86.45917204,47165.0,2519.3038586805937,2.0336169329736458,4721,4794,97,0,4697,4758,187149,25,1,0,24,36
2020-09-26,US,Tennessee,Tipton,1818,19,0,35.501942,-89.73694895,47167.0,2951.346612769688,1.045104510451045,1799,1805,19,0,1786,1781,61581,13,0,0,13,24
2020-09-26,US,Tennessee,Trousdale,1657,7,0,36.39026213,-86.16087954,47169.0,14684.50903934775,0.4224502112251056,1650,1653,7,0,1646,1651,11012,4,0,0,4,2
2020-09-26,US,Tennessee,Unassigned,2949,5,0,0.0,0.0,90047.0,0.0,0.16954899966090198,2944,2947,4,0,2943,2914,,2,1,0,1,33
2020-09-26,US,Tennessee,Unicoi,286,1,0,36.10890856,-82.43709629,47171.0,1599.2842364256558,0.34965034965034963,285,285,1,0,284,283,17761,1,0,0,1,2
2020-09-26,US,Tennessee,Union,359,1,0,36.28590426,-83.83651902,47173.0,1797.5165231323856,0.2785515320334262,358,353,1,0,352,347,19688,6,0,0,6,6
2020-09-26,US,Tennessee,Van Buren,166,0,0,35.69864497,-85.45221699,47175.0,2826.975476839237,0.0,166,164,0,0,164,160,5765,2,0,0,2,4
2020-09-26,US,Tennessee,Warren,1061,7,0,35.672829899999996,-85.77969117,47177.0,2570.438743125712,0.6597549481621112,1054,1047,7,0,1040,1026,40878,14,0,0,14,21
2020-09-26,US,Tennessee,Washington,2297,36,0,36.29472368,-82.49454720000001,47179.0,1775.4589371980676,1.567261645624728,2261,2276,35,0,2241,2239,128607,21,1,0,20,37
2020-09-26,US,Tennessee,Wayne,1497,5,0,35.23868267,-87.78644456,47181.0,8978.588136508128,0.33400133600534404,1492,1495,5,0,1490,1490,16558,2,0,0,2,5
2020-09-26,US,Tennessee,Weakley,1189,19,0,36.29896232,-88.71990865,47183.0,3567.5708113298133,1.5979814970563502,1170,1176,19,0,1157,1157,33415,13,0,0,13,19
2020-09-26,US,Tennessee,White,837,9,0,35.92929884,-85.45591799,47185.0,3060.88864509051,1.075268817204301,828,830,9,0,821,813,27107,7,0,0,7,17
2020-09-26,US,Tennessee,Williamson,5252,36,0,35.89099229,-86.89281867,47187.0,2202.9092495344194,0.6854531607006854,5216,5198,36,0,5162,5165,231729,54,0,0,54,33
2020-09-26,US,Tennessee,Wilson,3476,45,0,36.15496772,-86.29775884,47189.0,2402.9255411075856,1.2945914844649022,3431,3453,44,0,3409,3418,140625,23,1,0,22,35
2020-09-26,US,Texas,Anderson,2840,31,0,31.81534745,-95.65354823,48001.0,4919.026586992292,1.091549295774648,2809,2832,31,0,2801,2825,58057,8,0,0,8,7
2020-09-26,US,Texas,Andrews,425,9,0,32.30468633,-102.63765479999999,48003.0,2272.1197540764497,2.117647058823529,416,425,8,0,417,415,18128,0,1,0,-1,10
2020-09-26,US,Texas,Angelina,2144,81,0,31.25457347,-94.60901487,48005.0,2472.467277864268,3.7779850746268657,2063,2144,80,0,2064,2120,87092,0,1,0,-1,24
2020-09-26,US,Texas,Aransas,323,18,0,28.10556197,-96.9995047,48007.0,1373.8834538494255,5.572755417956658,305,322,18,0,304,322,23792,1,0,0,1,0
2020-09-26,US,Texas,Archer,87,1,0,33.61569967,-98.68754589,48009.0,1017.1869519466852,1.1494252873563218,86,85,1,0,84,82,8786,2,0,0,2,3
2020-09-26,US,Texas,Armstrong,13,1,0,34.96507426,-101.35748740000001,48011.0,688.924218335983,7.6923076923076925,12,13,1,0,12,13,1892,0,0,0,0,0
2020-09-26,US,Texas,Atascosa,1144,30,0,28.89333001,-98.52730485,48013.0,2236.4279709889943,2.6223776223776225,1114,1153,30,0,1123,1154,50310,-9,0,0,-9,-1
2020-09-26,US,Texas,Austin,499,9,0,29.88548725,-96.27736949,48015.0,1661.5610015982952,1.8036072144288575,490,497,9,0,488,488,29989,2,0,0,2,9
2020-09-26,US,Texas,Bailey,219,5,0,34.06854817,-102.8299707,48017.0,3128.5714285714284,2.2831050228310503,214,217,5,0,212,217,7027,2,0,0,2,0
2020-09-26,US,Texas,Bandera,157,8,0,29.74619598,-99.24598147,48019.0,679.3007961232261,5.095541401273885,149,158,8,0,150,158,22824,-1,0,0,-1,0
2020-09-26,US,Texas,Bastrop,1818,29,0,30.10370699,-97.31206354,48021.0,2049.0740845102173,1.5951595159515952,1789,1817,29,0,1788,1814,86976,1,0,0,1,3
2020-09-26,US,Texas,Baylor,19,1,0,33.61640794,-99.21352901,48023.0,541.4648047876889,5.2631578947368425,18,17,1,0,16,17,3582,2,0,0,2,0
2020-09-26,US,Texas,Bee,1814,32,0,28.41761668,-97.74215593,48025.0,5570.3976662060495,1.7640573318632855,1782,1811,31,0,1780,1815,32587,3,1,0,2,-4
2020-09-26,US,Texas,Bell,5473,84,0,31.03736027,-97.4785025,48027.0,1508.0292292601205,1.5348072355198246,5389,5426,84,0,5342,5404,355642,47,0,0,47,22
2020-09-26,US,Texas,Bexar,54295,1297,0,29.44928723,-98.52019748,48029.0,2709.93444648859,2.388801915461829,52998,54195,1279,0,52916,53971,1986049,100,18,0,82,224
2020-09-26,US,Texas,Blanco,144,5,0,30.26640707,-98.3999852,48031.0,1206.9399044505908,3.4722222222222223,139,144,5,0,139,144,11702,0,0,0,0,0
2020-09-26,US,Texas,Borden,1,0,0,32.74363984,-101.43165090000001,48033.0,152.9051987767584,0.0,1,1,0,0,1,1,648,0,0,0,0,0
2020-09-26,US,Texas,Bosque,323,6,0,31.89978581,-97.63613524,48035.0,1728.6593524217287,1.8575851393188851,317,319,6,0,313,314,18691,4,0,0,4,5
2020-09-26,US,Texas,Bowie,1370,53,0,33.44626922,-94.41834132,48037.0,1469.2476808407955,3.8686131386861313,1317,1358,52,0,1306,1330,94324,12,1,0,11,28
2020-09-26,US,Texas,Brazoria,11281,165,0,29.18757369,-95.44563172,48039.0,3014.1825021909667,1.4626362911089443,11116,11222,163,0,11059,11169,370200,59,2,0,57,53
2020-09-26,US,Texas,Brazos,6332,64,0,30.663644800000004,-96.30205577,48041.0,2762.520123379768,1.010739102969046,6268,6292,64,0,6228,6249,226758,40,0,0,40,43
2020-09-26,US,Texas,Brewster,218,3,0,29.81008251,-103.25203259999999,48043.0,2368.7927849614257,1.3761467889908257,215,217,2,0,215,216,9267,1,1,0,0,1
2020-09-26,US,Texas,Briscoe,12,1,0,34.53026962,-101.2084947,48045.0,776.1966364812421,8.333333333333334,11,12,1,0,11,12,1516,0,0,0,0,0
2020-09-26,US,Texas,Brooks,317,22,0,27.03103197,-98.21808402,48047.0,4469.1949809671505,6.94006309148265,295,317,22,0,295,312,7114,0,0,0,0,5
2020-09-26,US,Texas,Brown,570,25,0,31.77430356,-98.99907113,48049.0,1505.3877033593915,4.385964912280701,545,569,23,0,546,564,37924,1,2,0,-1,5
2020-09-26,US,Texas,Burleson,338,6,0,30.49273808,-96.62158484,48051.0,1832.6736431166296,1.7751479289940828,332,337,6,0,331,337,18389,1,0,0,1,0
2020-09-26,US,Texas,Burnet,729,12,0,30.78801353,-98.181887,48053.0,1513.8614889419582,1.6460905349794241,717,725,12,0,713,722,47542,4,0,0,4,3
2020-09-26,US,Texas,Caldwell,1523,35,0,29.83668859,-97.61814775,48055.0,3487.9992671308173,2.298095863427446,1488,1524,35,0,1489,1523,43247,-1,0,0,-1,1
2020-09-26,US,Texas,Calhoun,821,7,0,28.47048236,-96.61633945,48057.0,3856.270549553781,0.8526187576126675,814,820,7,0,813,818,21561,1,0,0,1,2
2020-09-26,US,Texas,Callahan,88,3,0,32.29760619,-99.37326312,48059.0,631.141074374238,3.4090909090909087,85,88,3,0,85,87,13994,0,0,0,0,1
2020-09-26,US,Texas,Cameron,22698,903,0,26.14524221,-97.48140372,48061.0,5363.890510276182,3.978324081416865,21795,22633,903,0,21730,22586,423908,65,0,0,65,47
2020-09-26,US,Texas,Camp,355,11,0,32.97195142,-94.97790104,48063.0,2711.1654192760047,3.0985915492957745,344,355,11,0,344,351,13033,0,0,0,0,4
2020-09-26,US,Texas,Carson,23,0,0,35.40365929,-101.35426690000001,48065.0,388.12014849814375,0.0,23,22,0,0,22,21,6005,1,0,0,1,1
2020-09-26,US,Texas,Cass,370,15,0,33.07499881,-94.34646905,48067.0,1232.2653700126555,4.0540540540540535,355,368,15,0,353,338,30119,2,0,0,2,30
2020-09-26,US,Texas,Castro,257,5,0,34.53016752,-102.2617243,48069.0,3413.0146082337324,1.9455252918287935,252,254,5,0,249,251,7665,3,0,0,3,3
2020-09-26,US,Texas,Chambers,1309,8,0,29.70972016,-94.67154501,48071.0,2986.062002418049,0.6111535523300229,1301,1302,8,0,1294,1296,42454,7,0,0,7,6
2020-09-26,US,Texas,Cherokee,1547,29,0,31.837258000000002,-95.16559897,48073.0,2938.49485241044,1.8745959922430508,1518,1547,28,0,1519,1546,52592,0,1,0,-1,1
2020-09-26,US,Texas,Childress,69,0,0,34.529304100000004,-100.2077916,48075.0,944.4292362441828,0.0,69,68,0,0,68,68,7291,1,0,0,1,0
2020-09-26,US,Texas,Clay,90,2,0,33.78686685,-98.20771198,48077.0,859.5167605768312,2.2222222222222223,88,84,2,0,82,86,10456,6,0,0,6,-2
2020-09-26,US,Texas,Cochran,52,1,0,33.60425307,-102.82844990000001,48079.0,1822.6428321065546,1.9230769230769231,51,50,1,0,49,50,2836,2,0,0,2,0
2020-09-26,US,Texas,Coke,53,3,0,31.88911733,-100.5297533,48081.0,1564.8066135222912,5.660377358490566,50,52,3,0,49,52,3370,1,0,0,1,0
2020-09-26,US,Texas,Coleman,72,4,0,31.76736834,-99.45240766,48083.0,880.7339449541284,5.5555555555555545,68,71,4,0,67,70,8397,1,0,0,1,1
2020-09-26,US,Texas,Collin,13513,145,0,33.18820114,-96.57264368,48085.0,1305.9445459201918,1.0730407755494709,13368,13471,143,0,13328,13310,1005146,42,2,0,40,161
2020-09-26,US,Texas,Collingsworth,18,0,0,34.96489496,-100.27001109999999,48087.0,616.4383561643834,0.0,18,18,0,0,18,18,2962,0,0,0,0,0
2020-09-26,US,Texas,Colorado,486,4,0,29.622097999999998,-96.5273805,48089.0,2261.201321360443,0.8230452674897121,482,485,4,0,481,482,21217,1,0,0,1,3
2020-09-26,US,Texas,Comal,2714,102,0,29.80811278,-98.27647225,48091.0,1737.415897931617,3.758290346352248,2612,2694,102,0,2592,2648,148373,20,0,0,20,46
2020-09-26,US,Texas,Comanche,300,4,0,31.94854689,-98.55876441,48093.0,2200.2200220022,1.3333333333333333,296,302,3,0,299,300,13534,-2,1,0,-3,2
2020-09-26,US,Texas,Concho,130,2,0,31.32635934,-99.86473038,48095.0,4768.892149669846,1.5384615384615383,128,130,2,0,128,129,4276,0,0,0,0,1
2020-09-26,US,Texas,Cooke,440,6,0,33.63979567,-97.21240912,48097.0,1066.4856872773103,1.3636363636363635,434,442,5,0,437,425,40574,-2,1,0,-3,17
2020-09-26,US,Texas,Coryell,1818,12,0,31.39078397,-97.79936155,48099.0,2393.648536556464,0.6600660066006601,1806,1816,12,0,1804,1818,74808,2,0,0,2,-2
2020-09-26,US,Texas,Cottle,27,3,0,34.07783319,-100.27850620000001,48101.0,1931.3304721030042,11.111111111111109,24,25,3,0,22,25,1389,2,0,0,2,0
2020-09-26,US,Texas,Crane,72,2,0,31.43052248,-102.5143314,48103.0,1500.93808630394,2.7777777777777777,70,71,2,0,69,71,4794,1,0,0,1,0
2020-09-26,US,Texas,Crockett,164,7,0,30.72367027,-101.4134238,48105.0,4734.411085450346,4.2682926829268295,157,164,6,0,158,164,3499,0,1,0,-1,0
2020-09-26,US,Texas,Crosby,87,3,0,33.61431553,-101.30003640000001,48107.0,1516.4720237057693,3.4482758620689653,84,86,3,0,83,86,5779,1,0,0,1,0
2020-09-26,US,Texas,Culberson,54,2,0,31.44506775,-104.5185739,48109.0,2487.3330262551817,3.703703703703704,52,54,2,0,52,54,2204,0,0,0,0,0
2020-09-26,US,Texas,Dallam,249,9,0,36.27787176,-102.60207249999999,48111.0,3417.044051049815,3.614457831325301,240,247,9,0,238,246,7200,2,0,0,2,1
2020-09-26,US,Texas,Dallas,80605,1120,0,32.76670599,-96.77796049999999,48113.0,3058.414367433171,1.3894919669995658,79485,79426,1118,0,78308,79426,2637772,1179,2,0,1177,0
2020-09-26,US,Texas,Dawson,433,9,0,32.74255572,-101.94772420000001,48115.0,3401.948460087995,2.07852193995381,424,411,9,0,402,395,12619,22,0,0,22,16
2020-09-26,US,Texas,DeWitt,996,37,0,29.08101855,-97.35681170000001,48123.0,4940.476190476191,3.714859437751004,959,996,35,0,961,996,20187,0,2,0,-2,0
2020-09-26,US,Texas,Deaf Smith,886,21,0,34.96522957,-102.6054267,48117.0,4777.310471260649,2.3702031602708797,865,877,21,0,856,867,18760,9,0,0,9,10
2020-09-26,US,Texas,Delta,26,0,0,33.38570922,-95.66921122,48119.0,487.71337460138807,0.0,26,26,0,0,26,24,5349,0,0,0,0,2
2020-09-26,US,Texas,Denton,11985,152,0,33.20521901,-97.11691153,48121.0,1350.8685120834261,1.2682519816437212,11833,11950,152,0,11798,11861,859064,35,0,0,35,89
2020-09-26,US,Texas,Dickens,49,2,0,33.61616822,-100.7788855,48125.0,2216.1917684305745,4.081632653061225,47,48,2,0,46,48,2249,1,0,0,1,0
2020-09-26,US,Texas,Dimmit,256,7,0,28.42270064,-99.75645095,48127.0,2528.6448044251283,2.734375,249,256,7,0,249,254,10308,0,0,0,0,2
2020-09-26,US,Texas,Donley,64,1,0,34.96517499,-100.8140093,48129.0,1952.4100061012807,1.5625,63,61,1,0,60,61,3319,3,0,0,3,0
2020-09-26,US,Texas,Duval,439,14,0,27.68184592,-98.50864568,48131.0,3934.7494846284853,3.1890660592255125,425,434,14,0,420,434,11212,5,0,0,5,0
2020-09-26,US,Texas,Eastland,171,3,0,32.32743996,-98.83243566,48133.0,931.3725490196077,1.7543859649122806,168,172,3,0,169,171,18322,-1,0,0,-1,1
2020-09-26,US,Texas,Ector,4785,98,0,31.86898877,-102.54294279999999,48135.0,2878.6630009084192,2.0480668756530824,4687,4785,98,0,4687,4752,162124,0,0,0,0,33
2020-09-26,US,Texas,Edwards,67,1,0,29.98202582,-100.304252,48137.0,3467.9089026915112,1.492537313432836,66,67,1,0,66,67,1928,0,0,0,0,0
2020-09-26,US,Texas,El Paso,23604,521,0,31.76980765,-106.23632749999999,48141.0,2812.5513859000666,2.207253007964752,23083,23388,519,0,22869,23207,840758,216,2,0,214,181
2020-09-26,US,Texas,Ellis,4398,68,0,32.34894117,-96.79371841,48139.0,2379.535346758573,1.5461573442473853,4330,4394,68,0,4326,4328,179436,4,0,0,4,66
2020-09-26,US,Texas,Erath,847,12,0,32.23602653,-98.21773417,48143.0,1983.6994707012038,1.4167650531286895,835,838,12,0,826,840,42446,9,0,0,9,-2
2020-09-26,US,Texas,Falls,276,5,0,31.25350609,-96.93630086,48145.0,1595.6524252760596,1.8115942028985508,271,272,5,0,267,234,17335,4,0,0,4,38
2020-09-26,US,Texas,Fannin,679,15,0,33.59564294,-96.10751083,48147.0,1911.9220589063468,2.2091310751104567,664,676,15,0,661,674,35286,3,0,0,3,2
2020-09-26,US,Texas,Fayette,597,20,0,29.87788372,-96.92076062,48149.0,2355.4012467450484,3.3500837520938025,577,597,20,0,577,593,25349,0,0,0,0,4
2020-09-26,US,Texas,Fisher,66,3,0,32.74281316,-100.40193020000001,48151.0,1723.237597911227,4.545454545454546,63,66,3,0,63,66,3839,0,0,0,0,0
2020-09-26,US,Texas,Floyd,111,9,0,34.07227468,-101.3031546,48153.0,1943.2773109243692,8.108108108108109,102,107,9,0,98,106,5837,4,0,0,4,1
2020-09-26,US,Texas,Foard,9,0,0,33.97308618,-99.7767797,48155.0,779.2207792207793,0.0,9,9,0,0,9,9,1200,0,0,0,0,0
2020-09-26,US,Texas,Fort Bend,16207,287,0,29.52704478,-95.77219463,48157.0,1996.7031667340161,1.7708397605972728,15920,16167,285,0,15882,16102,787858,40,2,0,38,65
2020-09-26,US,Texas,Franklin,134,6,0,33.17653242,-95.21917243,48159.0,1249.4172494172494,4.477611940298506,128,134,6,0,128,134,10766,0,0,0,0,0
2020-09-26,US,Texas,Freestone,406,2,0,31.70422788,-96.15072516,48161.0,2059.1367855150384,0.4926108374384237,404,406,2,0,404,404,19808,0,0,0,0,2
2020-09-26,US,Texas,Frio,975,9,0,28.86751206,-99.10804207,48163.0,4801.536491677337,0.9230769230769232,966,974,9,0,965,973,19816,1,0,0,1,1
2020-09-26,US,Texas,Gaines,343,9,0,32.74055318,-102.6353295,48165.0,1595.9426763446866,2.623906705539359,334,339,8,0,331,335,20901,4,1,0,3,4
2020-09-26,US,Texas,Galveston,11575,158,0,29.40167322,-94.90469073,48167.0,3383.1279100014917,1.3650107991360692,11417,11536,157,0,11379,11519,337890,39,1,0,38,17
2020-09-26,US,Texas,Garza,105,4,0,33.17969345,-101.2984114,48169.0,1685.6638304703806,3.809523809523809,101,104,4,0,100,103,6578,1,0,0,1,1
2020-09-26,US,Texas,Gillespie,312,10,0,30.31824095,-98.94676915,48171.0,1156.0693641618498,3.2051282051282053,302,310,10,0,300,310,26804,2,0,0,2,0
2020-09-26,US,Texas,Glasscock,9,0,0,31.86942909,-101.5207776,48173.0,638.7508871540099,0.0,9,9,0,0,9,9,1388,0,0,0,0,0
2020-09-26,US,Texas,Goliad,154,6,0,28.65696592,-97.42760647,48175.0,2010.9689213893967,3.8961038961038965,148,154,6,0,148,154,7584,0,0,0,0,0
2020-09-26,US,Texas,Gonzales,1058,17,0,29.45634206,-97.49424032,48177.0,5077.506358880837,1.6068052930056709,1041,1057,17,0,1040,1057,20826,1,0,0,1,0
2020-09-26,US,Texas,Gray,310,6,0,35.40081878,-100.8129222,48179.0,1416.4305949008499,1.935483870967742,304,304,6,0,298,295,21895,6,0,0,6,9
2020-09-26,US,Texas,Grayson,1866,44,0,33.62744998,-96.67753461,48181.0,1369.9233547705048,2.3579849946409435,1822,1849,41,0,1808,1838,133991,17,3,0,14,11
2020-09-26,US,Texas,Gregg,2225,66,0,32.47940482,-94.81591935,48183.0,1795.1510750736213,2.9662921348314613,2159,2215,64,0,2151,2200,123707,10,2,0,8,15
2020-09-26,US,Texas,Grimes,1087,31,0,30.54579585,-95.98902499,48185.0,3763.850415512465,2.851885924563017,1056,1089,31,0,1058,1089,28360,-2,0,0,-2,0
2020-09-26,US,Texas,Guadalupe,3560,76,0,29.58165339,-97.94786822,48187.0,2133.691345963667,2.1348314606741567,3484,3564,76,0,3488,3566,163694,-4,0,0,-4,-2
2020-09-26,US,Texas,Hale,1865,53,0,34.07044901,-101.82681140000001,48189.0,5582.829431838592,2.841823056300268,1812,1865,53,0,1812,1838,33830,0,0,0,0,27
2020-09-26,US,Texas,Hall,28,1,0,34.5307555,-100.68138520000001,48191.0,944.6693657219972,3.571428571428572,27,28,1,0,27,28,3028,0,0,0,0,0
2020-09-26,US,Texas,Hamilton,137,4,0,31.70470573,-98.11083887,48193.0,1619.1939487058264,2.9197080291970803,133,131,4,0,127,124,8484,6,0,0,6,7
2020-09-26,US,Texas,Hansford,114,4,0,36.27743284,-101.3545796,48195.0,2111.5021300240787,3.5087719298245608,110,113,4,0,109,112,5463,1,0,0,1,1
2020-09-26,US,Texas,Hardeman,25,0,0,34.28944521,-99.74632408,48197.0,635.6470887363338,0.0,25,25,0,0,25,25,3922,0,0,0,0,0
2020-09-26,US,Texas,Hardin,1342,30,0,30.33364686,-94.38931817,48199.0,2329.7802159647235,2.2354694485842033,1312,1342,30,0,1312,1333,57207,0,0,0,0,9
2020-09-26,US,Texas,Harris,140868,2572,0,29.85864939,-95.39339521,48201.0,2988.7181554422828,1.8258227560553144,138296,140532,2555,0,137977,139681,4698619,336,17,0,319,851
2020-09-26,US,Texas,Harrison,891,31,0,32.54935988,-94.36934071,48203.0,1338.7826243745585,3.4792368125701465,860,888,31,0,857,880,66726,3,0,0,3,8
2020-09-26,US,Texas,Hartley,130,0,0,35.84008013,-102.6029022,48205.0,2331.42037302726,0.0,130,130,0,0,130,129,5619,0,0,0,0,1
2020-09-26,US,Texas,Haskell,65,2,0,33.17823584,-99.73037358,48207.0,1148.8158359844467,3.0769230769230766,63,62,2,0,60,62,5813,3,0,0,3,0
2020-09-26,US,Texas,Hays,5871,61,0,30.05669873,-98.02944344,48209.0,2550.490679479215,1.0390052801907679,5810,5871,61,0,5810,5832,222631,0,0,0,0,39
2020-09-26,US,Texas,Hemphill,73,0,0,35.83764858,-100.2703577,48211.0,1911.4951557999482,0.0,73,73,0,0,73,73,3825,0,0,0,0,0
2020-09-26,US,Texas,Henderson,963,23,0,32.21128872,-95.85846587,48213.0,1163.9290764712282,2.388369678089304,940,954,23,0,931,947,82299,9,0,0,9,7
2020-09-26,US,Texas,Hidalgo,31562,1630,0,26.39418217,-98.18299696,48215.0,3633.2158023361158,5.164438248526709,29932,31562,1630,0,29932,31371,865939,0,0,0,0,191
2020-09-26,US,Texas,Hill,650,14,0,31.99045053,-97.13423143,48217.0,1773.5818166934976,2.1538461538461537,636,647,14,0,633,645,36354,3,0,0,3,2
2020-09-26,US,Texas,Hockley,351,8,0,33.60771256,-102.3431676,48219.0,1524.6948438382346,2.2792022792022792,343,348,8,0,340,342,22980,3,0,0,3,6
2020-09-26,US,Texas,Hood,945,27,0,32.42990927,-97.83242024,48221.0,1533.020780948364,2.8571428571428568,918,946,27,0,919,935,60537,-1,0,0,-1,11
2020-09-26,US,Texas,Hopkins,354,8,0,33.14875072,-95.56351139,48223.0,954.5895804120377,2.2598870056497176,346,343,8,0,335,339,36810,11,0,0,11,4
2020-09-26,US,Texas,Houston,373,11,0,31.31925973,-95.42226208,48225.0,1623.9986067572274,2.949061662198392,362,373,10,0,363,371,23169,0,1,0,-1,2
2020-09-26,US,Texas,Howard,757,13,0,32.30621324,-101.4356444,48227.0,2064.6956142264894,1.717305151915456,744,753,13,0,740,722,36459,4,0,0,4,31
2020-09-26,US,Texas,Hudspeth,47,3,0,31.45628381,-105.388178,48229.0,961.9320507572656,6.382978723404255,44,45,3,0,42,45,4795,2,0,0,2,0
2020-09-26,US,Texas,Hunt,1625,36,0,33.12351514,-96.08551032,48231.0,1648.1733168346964,2.2153846153846155,1589,1614,36,0,1578,1599,96493,11,0,0,11,15
2020-09-26,US,Texas,Hutchinson,211,5,0,35.84006574,-101.3546643,48233.0,1007.737128665584,2.3696682464454977,206,209,5,0,204,202,21198,2,0,0,2,7
2020-09-26,US,Texas,Irion,10,0,0,31.30375559,-100.982439,48235.0,651.0416666666666,0.0,10,10,0,0,10,10,1522,0,0,0,0,0
2020-09-26,US,Texas,Jack,133,2,0,33.23377248,-98.17283469,48237.0,1488.5282596530499,1.5037593984962403,131,132,2,0,130,131,8843,1,0,0,1,1
2020-09-26,US,Texas,Jackson,606,16,0,28.95472367,-96.57749563,48239.0,4105.6910569105685,2.64026402640264,590,607,16,0,591,606,14874,-1,0,0,-1,1
2020-09-26,US,Texas,Jasper,473,25,0,30.74685667,-94.02667579,48241.0,1331.306819781024,5.2854122621564485,448,473,25,0,448,470,35872,0,0,0,0,3
2020-09-26,US,Texas,Jeff Davis,14,0,0,30.71490589,-104.1399973,48243.0,615.6552330694811,0.0,14,14,0,0,14,14,2252,0,0,0,0,0
2020-09-26,US,Texas,Jefferson,7402,133,0,29.8832777,-94.16434171,48245.0,2942.3806968377953,1.7968116725209402,7269,7368,133,0,7235,7325,255001,34,0,0,34,43
2020-09-26,US,Texas,Jim Hogg,108,3,0,27.04453923,-98.69681870000001,48247.0,2076.923076923077,2.7777777777777777,105,107,3,0,104,107,5248,1,0,0,1,0
2020-09-26,US,Texas,Jim Wells,1469,37,0,27.73103938,-98.0904705,48249.0,3628.773281952473,2.518720217835262,1432,1462,36,0,1426,1457,40822,7,1,0,6,5
2020-09-26,US,Texas,Johnson,3011,50,0,32.37877812,-97.36615819,48251.0,1712.576144513898,1.6605778811026235,2961,2991,50,0,2941,2958,171361,20,0,0,20,33
2020-09-26,US,Texas,Jones,575,0,0,32.73997145,-99.87861576,48253.0,2863.118060050789,0.0,575,575,0,0,575,583,19817,0,0,0,0,-8
2020-09-26,US,Texas,Karnes,937,16,0,28.90705334,-97.85960149,48255.0,6006.02525479136,1.7075773745997866,921,935,16,0,919,937,15650,2,0,0,2,-2
2020-09-26,US,Texas,Kaufman,3136,47,0,32.599141700000004,-96.28734728,48257.0,2303.274233588437,1.4987244897959184,3089,3130,47,0,3083,3107,128622,6,0,0,6,23
2020-09-26,US,Texas,Kendall,328,7,0,29.94414155,-98.7113588,48259.0,691.5308553477684,2.1341463414634148,321,331,7,0,324,331,45641,-3,0,0,-3,0
2020-09-26,US,Texas,Kenedy,7,2,0,26.92601662,-97.66413984,48261.0,1732.6732673267327,28.57142857142857,5,7,2,0,5,7,442,0,0,0,0,0
2020-09-26,US,Texas,Kent,9,0,0,33.18104136,-100.7780939,48263.0,1181.1023622047244,0.0,9,9,0,0,9,9,726,0,0,0,0,0
2020-09-26,US,Texas,Kerr,591,10,0,30.06040006,-99.34930144,48265.0,1123.5741444866921,1.6920473773265652,581,591,10,0,581,590,52405,0,0,0,0,1
2020-09-26,US,Texas,Kimble,16,1,0,30.48678918,-99.74856473,48267.0,368.9186073322573,6.25,15,16,1,0,15,16,4362,0,0,0,0,0
2020-09-26,US,Texas,Kinney,44,1,0,29.34967888,-100.41866379999999,48271.0,1199.890919007363,2.272727272727273,43,44,1,0,43,44,3767,0,0,0,0,0
2020-09-26,US,Texas,Kleberg,1000,43,0,27.42435506,-97.69894948,48273.0,3259.452411994785,4.3,957,997,43,0,954,997,31129,3,0,0,3,0
2020-09-26,US,Texas,Knox,73,8,0,33.60519951,-99.74229059999999,48275.0,1992.35807860262,10.958904109589039,65,68,8,0,60,67,3653,5,0,0,5,1
2020-09-26,US,Texas,La Salle,359,11,0,28.34453111,-99.09908775,48283.0,4773.936170212766,3.064066852367688,348,359,11,0,348,360,7531,0,0,0,0,-1
2020-09-26,US,Texas,Lamar,1136,34,0,33.66981763,-95.57404777,48277.0,2278.4251589482337,2.992957746478873,1102,1136,33,0,1103,1118,49728,0,1,0,-1,18
2020-09-26,US,Texas,Lamb,336,22,0,34.06859623,-102.35162890000001,48279.0,2606.065306755604,6.547619047619048,314,335,22,0,313,333,13158,1,0,0,1,2
2020-09-26,US,Texas,Lampasas,249,8,0,31.19531316,-98.24206613,48281.0,1162.030987493,3.21285140562249,241,248,8,0,240,245,21229,1,0,0,1,3
2020-09-26,US,Texas,Lavaca,981,35,0,29.38508402,-96.93186692,48285.0,4867.520095266448,3.5677879714576965,946,983,35,0,948,973,20110,-2,0,0,-2,10
2020-09-26,US,Texas,Lee,221,14,0,30.31120597,-96.97045773,48287.0,1281.9769128139685,6.334841628959277,207,220,14,0,206,219,17144,1,0,0,1,1
2020-09-26,US,Texas,Leon,240,6,0,31.29872538,-95.9936328,48289.0,1378.9933348655481,2.5,234,240,6,0,234,238,17270,0,0,0,0,2
2020-09-26,US,Texas,Liberty,2251,51,0,30.15152688,-94.81205615,48291.0,2551.604529636473,2.265659706796979,2200,2253,51,0,2202,2257,86323,-2,0,0,-2,-4
2020-09-26,US,Texas,Limestone,568,13,0,31.5454767,-96.58095444,48293.0,2423.518368391859,2.2887323943661966,555,566,13,0,553,564,23519,2,0,0,2,2
2020-09-26,US,Texas,Lipscomb,32,0,0,36.27783108,-100.27331509999999,48295.0,989.7927621404268,0.0,32,32,0,0,32,32,3355,0,0,0,0,0
2020-09-26,US,Texas,Live Oak,374,9,0,28.35101362,-98.1246786,48297.0,3063.815843368559,2.406417112299465,365,374,9,0,365,368,12166,0,0,0,0,6
2020-09-26,US,Texas,Llano,124,2,0,30.70645047,-98.68475262,48299.0,568.9378297774717,1.6129032258064515,122,124,2,0,122,124,21646,0,0,0,0,0
2020-09-26,US,Texas,Lubbock,11241,125,0,33.61008596,-101.82047890000001,48303.0,3619.485524955807,1.1120007116804556,11116,11011,124,0,10887,10855,307412,230,1,0,229,156
2020-09-26,US,Texas,Lynn,99,5,0,33.17657705,-101.8162849,48305.0,1663.5859519408502,5.05050505050505,94,98,5,0,93,93,5877,1,0,0,1,5
2020-09-26,US,Texas,Madison,721,6,0,30.96694679,-95.93003775,48313.0,5047.605712685522,0.8321775312066574,715,721,6,0,715,719,14422,0,0,0,0,2
2020-09-26,US,Texas,Marion,150,14,0,32.79868409,-94.35661230000001,48315.0,1522.224477369596,9.333333333333334,136,150,14,0,136,150,9928,0,0,0,0,0
2020-09-26,US,Texas,Martin,77,6,0,32.30600051,-101.9513518,48317.0,1334.2574943683935,7.792207792207793,71,77,6,0,71,77,5753,0,0,0,0,0
2020-09-26,US,Texas,Mason,77,2,0,30.71780434,-99.22629416,48319.0,1801.5910154422088,2.5974025974025974,75,77,2,0,75,76,4280,0,0,0,0,1
2020-09-26,US,Texas,Matagorda,1035,46,0,28.81955746,-96.01230294,48321.0,2824.550391616407,4.4444444444444455,989,1032,46,0,986,1044,36552,3,0,0,3,-12
2020-09-26,US,Texas,Maverick,3712,122,0,28.7429195,-100.3157686,48323.0,6321.310582064643,3.2866379310344827,3590,3698,120,0,3578,3652,58485,14,2,0,12,46
2020-09-26,US,Texas,McCulloch,155,4,0,31.1925468,-99.34682807,48307.0,1941.3827655310627,2.5806451612903225,151,153,4,0,149,149,7987,2,0,0,2,4
2020-09-26,US,Texas,McLennan,7942,101,0,31.55255453,-97.20217694,48309.0,3094.81223428921,1.2717199697809116,7841,7870,101,0,7769,7779,254607,72,0,0,72,91
2020-09-26,US,Texas,McMullen,24,1,0,28.35251708,-98.56769164,48311.0,3230.1480484522212,4.166666666666667,23,24,1,0,23,24,749,0,0,0,0,0
2020-09-26,US,Texas,Medina,1198,45,0,29.355730100000002,-99.11030298,48325.0,2322.425558312655,3.756260434056762,1153,1196,45,0,1151,1193,50921,2,0,0,2,3
2020-09-26,US,Texas,Menard,26,0,0,30.88990665,-99.82047940000001,48327.0,1216.0898035547239,0.0,26,26,0,0,26,26,2139,0,0,0,0,0
2020-09-26,US,Texas,Midland,3707,83,0,31.86904128,-102.03156820000001,48329.0,2096.3400289540355,2.2390072835176693,3624,3707,83,0,3624,3676,172578,0,0,0,0,31
2020-09-26,US,Texas,Milam,495,5,0,30.78581830000001,-96.97718698,48331.0,1994.1183579744586,1.0101010101010102,490,488,5,0,483,488,25131,7,0,0,7,0
2020-09-26,US,Texas,Mills,59,0,0,31.49557106,-98.59272068,48333.0,1210.7531294890214,0.0,59,59,0,0,59,59,4921,0,0,0,0,0
2020-09-26,US,Texas,Mitchell,90,1,0,32.30623474,-100.9212058,48335.0,1053.247513165594,1.1111111111111112,89,88,1,0,87,87,8145,2,0,0,2,1
2020-09-26,US,Texas,Montague,180,4,0,33.67521893,-97.72500958,48337.0,908.2652134423253,2.2222222222222223,176,178,4,0,174,173,19596,2,0,0,2,5
2020-09-26,US,Texas,Montgomery,10814,158,0,30.30079133,-95.50572772,48339.0,1780.4017510960816,1.4610689846495284,10656,10814,158,0,10656,10791,590925,0,0,0,0,23
2020-09-26,US,Texas,Moore,1174,22,0,35.83769242,-101.8930281,48341.0,5606.4947468958935,1.8739352640545144,1152,1168,21,0,1147,1159,21485,6,1,0,5,9
2020-09-26,US,Texas,Morris,185,3,0,33.11304005,-94.73255695,48343.0,1493.380690991282,1.6216216216216215,182,184,3,0,181,184,12339,1,0,0,1,0
2020-09-26,US,Texas,Motley,9,0,0,34.07408766,-100.77972199999999,48345.0,750.0,0.0,9,9,0,0,9,8,1234,0,0,0,0,1
2020-09-26,US,Texas,Nacogdoches,1576,62,0,31.62017125,-94.61803994,48347.0,2417.0296300840437,3.934010152284264,1514,1553,62,0,1491,1543,65711,23,0,0,23,10
2020-09-26,US,Texas,Navarro,1283,26,0,32.04620681,-96.47428766,48349.0,2560.2139165485996,2.0265003897116136,1257,1274,26,0,1248,1263,49565,9,0,0,9,11
2020-09-26,US,Texas,Newton,180,10,0,30.78548982,-93.74408813,48351.0,1324.0161824200075,5.5555555555555545,170,180,10,0,170,178,13746,0,0,0,0,2
2020-09-26,US,Texas,Nolan,256,5,0,32.30365282,-100.4060208,48353.0,1739.839608536088,1.953125,251,227,5,0,222,226,14751,29,0,0,29,1
2020-09-26,US,Texas,Nueces,20451,411,0,27.736286,-97.5433285,48355.0,5644.86301180809,2.0096816781575475,20040,20451,411,0,20040,20434,362265,0,0,0,0,17
2020-09-26,US,Texas,Ochiltree,137,5,0,36.27829105,-100.8158184,48357.0,1392.8426189507932,3.6496350364963503,132,133,5,0,128,133,9947,4,0,0,4,0
2020-09-26,US,Texas,Oldham,17,1,0,35.40425596,-102.6027606,48359.0,804.9242424242424,5.882352941176472,16,17,1,0,16,17,2131,0,0,0,0,0
2020-09-26,US,Texas,Orange,1996,43,0,30.11879481,-93.89412775,48361.0,2393.400163077366,2.1543086172344688,1953,1967,43,0,1924,1961,83572,29,0,0,29,6
2020-09-26,US,Texas,Palo Pinto,561,15,0,32.75310985,-98.31319001,48363.0,1921.95690157251,2.6737967914438503,546,557,15,0,542,545,28875,4,0,0,4,12
2020-09-26,US,Texas,Panola,381,26,0,32.163959600000005,-94.30552481,48365.0,1642.6662067776153,6.8241469816272975,355,379,25,0,354,378,23148,2,1,0,1,1
2020-09-26,US,Texas,Parker,1967,33,0,32.77757172,-97.80500621,48367.0,1376.699001945716,1.677681748856126,1934,1956,32,0,1924,1940,138371,11,1,0,10,16
2020-09-26,US,Texas,Parmer,433,7,0,34.52993409,-102.78446679999999,48369.0,4508.068714211348,1.6166281755196306,426,425,7,0,418,422,9864,8,0,0,8,3
2020-09-26,US,Texas,Pecos,368,5,0,30.78097267,-102.72412609999999,48371.0,2325.7283700941666,1.358695652173913,363,364,5,0,359,364,15673,4,0,0,4,0
2020-09-26,US,Texas,Polk,855,22,0,30.79472531,-94.82766240000001,48373.0,1664.9465464529824,2.573099415204678,833,855,22,0,833,838,50031,0,0,0,0,17
2020-09-26,US,Texas,Potter,4780,63,0,35.40133773,-101.893964,48375.0,4071.030106885832,1.3179916317991631,4717,4780,63,0,4717,4745,119648,0,0,0,0,35
2020-09-26,US,Texas,Presidio,97,6,0,29.99954402,-104.24080790000001,48377.0,1446.8973747016707,6.185567010309278,91,97,6,0,91,96,6948,0,0,0,0,1
2020-09-26,US,Texas,Rains,68,3,0,32.87109387,-95.79232691,48379.0,543.3914016301742,4.411764705882354,65,67,3,0,64,67,12159,1,0,0,1,0
2020-09-26,US,Texas,Randall,2833,41,0,34.96585996,-101.8971322,48381.0,2057.1768823567854,1.4472290857747971,2792,2794,41,0,2753,2767,136271,39,0,0,39,27
2020-09-26,US,Texas,Reagan,87,6,0,31.36607041,-101.52326590000001,48383.0,2260.327357755261,6.896551724137932,81,87,6,0,81,87,3741,0,0,0,0,0
2020-09-26,US,Texas,Real,118,7,0,29.83321503,-99.82018052,48385.0,3418.308227114717,5.932203389830509,111,118,7,0,111,118,3478,0,0,0,0,0
2020-09-26,US,Texas,Red River,162,14,0,33.61886692,-95.04841765,48387.0,1347.4174498877153,8.641975308641975,148,162,14,0,148,160,12175,0,0,0,0,2
2020-09-26,US,Texas,Reeves,196,6,0,31.32323325,-103.69038959999999,48389.0,1226.8402603905859,3.0612244897959178,190,193,6,0,187,192,15695,3,0,0,3,1
2020-09-26,US,Texas,Refugio,306,14,0,28.323897600000002,-97.15766311,48391.0,4404.145077720207,4.575163398692809,292,305,14,0,291,304,7032,1,0,0,1,1
2020-09-26,US,Texas,Roberts,9,0,0,35.83809685,-100.813175,48393.0,1053.864168618267,0.0,9,9,0,0,9,9,903,0,0,0,0,0
2020-09-26,US,Texas,Robertson,309,3,0,31.02539637,-96.51272246,48395.0,1809.769239779782,0.9708737864077671,306,308,3,0,305,304,17284,1,0,0,1,4
2020-09-26,US,Texas,Rockwall,1629,25,0,32.89779518,-96.40771592,48397.0,1552.6855073154459,1.5346838551258442,1604,1625,25,0,1600,1610,100657,4,0,0,4,15
2020-09-26,US,Texas,Runnels,270,5,0,31.8314342,-99.97616148,48399.0,2630.553390491037,1.851851851851852,265,264,5,0,259,263,10234,6,0,0,6,1
2020-09-26,US,Texas,Rusk,960,11,0,32.10773545,-94.76176432,48401.0,1764.5112671396537,1.1458333333333333,949,947,11,0,936,914,54450,13,0,0,13,33
2020-09-26,US,Texas,Sabine,78,8,0,31.34318809,-93.85440451,48403.0,739.8975526465565,10.256410256410255,70,78,8,0,70,77,10589,0,0,0,0,1
2020-09-26,US,Texas,San Augustine,201,15,0,31.39457611,-94.17000399,48405.0,2440.2088138885515,7.462686567164179,186,201,15,0,186,199,8232,0,0,0,0,2
2020-09-26,US,Texas,San Jacinto,227,9,0,30.57933681,-95.16260304,48407.0,786.5830416854361,3.9647577092511015,218,227,9,0,218,226,28719,0,0,0,0,1
2020-09-26,US,Texas,San Patricio,1466,74,0,28.00880118,-97.51763891,48409.0,2196.9129327139217,5.04774897680764,1392,1460,74,0,1386,1460,66893,6,0,0,6,0
2020-09-26,US,Texas,San Saba,65,0,0,31.1577796,-98.81758731,48411.0,1073.4929810074318,0.0,65,66,0,0,66,54,6054,-1,0,0,-1,12
2020-09-26,US,Texas,Schleicher,53,2,0,30.89740592,-100.5384842,48413.0,1897.6011457214465,3.7735849056603774,51,53,2,0,51,53,2895,0,0,0,0,0
2020-09-26,US,Texas,Scurry,646,4,0,32.74613808,-100.91626640000001,48415.0,3867.568700233491,0.6191950464396285,642,646,4,0,642,646,16866,0,0,0,0,0
2020-09-26,US,Texas,Shackelford,25,0,0,32.73587756,-99.35401337,48417.0,765.6967840735069,0.0,25,25,0,0,25,25,3253,0,0,0,0,0
2020-09-26,US,Texas,Shelby,480,27,0,31.79211404,-94.14550696,48419.0,1899.184933132864,5.625,453,478,27,0,451,477,25418,2,0,0,2,1
2020-09-26,US,Texas,Sherman,63,0,0,36.27751473,-101.8933156,48421.0,2084.712111184646,0.0,63,62,0,0,62,62,3079,1,0,0,1,0
2020-09-26,US,Texas,Smith,3766,103,0,32.37474036,-95.27175679999999,48423.0,1618.0381609531216,2.734997344662772,3663,3750,100,0,3650,3724,230221,16,3,0,13,26
2020-09-26,US,Texas,Somervell,143,5,0,32.22236802,-97.77403489,48425.0,1566.6082383873795,3.4965034965034967,138,142,5,0,137,140,9016,1,0,0,1,2
2020-09-26,US,Texas,Starr,3409,163,0,26.56150059,-98.73892358,48427.0,5274.395432673711,4.781460838955706,3246,3403,162,0,3241,3391,64525,6,1,0,5,12
2020-09-26,US,Texas,Stephens,134,4,0,32.73553157,-98.83631615,48429.0,1430.7068118727316,2.985074626865672,130,136,4,0,132,132,9433,-2,0,0,-2,4
2020-09-26,US,Texas,Sterling,5,0,0,31.82781912,-101.05007459999999,48431.0,387.29666924864443,0.0,5,5,0,0,5,4,1311,0,0,0,0,1
2020-09-26,US,Texas,Stonewall,14,1,0,33.17906744,-100.25384009999999,48433.0,1037.037037037037,7.142857142857142,13,14,1,0,13,14,1362,0,0,0,0,0
2020-09-26,US,Texas,Sutton,81,3,0,30.49856623,-100.5382014,48435.0,2145.127118644068,3.703703703703704,78,81,3,0,78,81,3758,0,0,0,0,0
2020-09-26,US,Texas,Swisher,109,3,0,34.53028891,-101.73491740000001,48437.0,1473.5703663647425,2.7522935779816518,106,104,3,0,101,104,7462,5,0,0,5,0
2020-09-26,US,Texas,Tarrant,47917,710,0,32.77143818,-97.29101614,48439.0,2279.032492039296,1.4817288227560157,47207,47917,703,0,47214,47917,2084931,0,7,0,-7,0
2020-09-26,US,Texas,Taylor,1485,55,0,32.30163422,-99.89007449,48441.0,1075.8218989524319,3.703703703703704,1430,1475,54,0,1421,1469,137640,10,1,0,9,6
2020-09-26,US,Texas,Terrell,3,0,0,30.22429013,-102.0766732,48443.0,386.59793814432993,0.0,3,3,0,0,3,3,823,0,0,0,0,0
2020-09-26,US,Texas,Terry,242,4,0,33.17402785,-102.3354521,48445.0,1961.5789900299912,1.6528925619834711,238,240,4,0,236,237,12287,2,0,0,2,3
2020-09-26,US,Texas,Throckmorton,8,2,0,33.17751417,-99.21226795,48447.0,532.9780146568954,25.0,6,8,2,0,6,8,1515,0,0,0,0,0
2020-09-26,US,Texas,Titus,1557,28,0,33.21339719,-94.96797273,48449.0,4754.198473282443,1.7983301220295438,1529,1557,28,0,1529,1557,33033,0,0,0,0,0
2020-09-26,US,Texas,Tom Green,3667,68,0,31.40464436,-100.46244300000001,48451.0,3076.3422818791937,1.854376874829561,3599,3655,67,0,3588,3641,118189,12,1,0,11,14
2020-09-26,US,Texas,Travis,29130,422,0,30.33432034,-97.78535620000001,48453.0,2286.5817761080857,1.448678338482664,28708,29073,420,0,28653,28904,1248743,57,2,0,55,169
2020-09-26,US,Texas,Trinity,196,7,0,31.0879489,-95.1367187,48455.0,1337.7926421404684,3.571428571428572,189,196,7,0,189,194,14740,0,0,0,0,2
2020-09-26,US,Texas,Tyler,216,4,0,30.77031716,-94.37690895,48457.0,996.6777408637872,1.851851851851852,212,216,4,0,212,214,21696,0,0,0,0,2
2020-09-26,US,Texas,Upshur,387,10,0,32.73706798,-94.93999853,48459.0,926.8795056642637,2.5839793281653747,377,384,10,0,374,384,41260,3,0,0,3,0
2020-09-26,US,Texas,Upton,25,2,0,31.36868194,-102.0423217,48461.0,683.6204539239814,8.0,23,25,2,0,23,24,3671,0,0,0,0,1
2020-09-26,US,Texas,Uvalde,781,34,0,29.35739637,-99.76229172,48463.0,2920.6088029617435,4.353393085787451,747,772,32,0,740,771,26846,9,2,0,7,1
2020-09-26,US,Texas,Val Verde,2168,104,0,29.89149232,-101.1525205,48465.0,4422.233554309026,4.7970479704797055,2064,2168,100,0,2068,2153,49208,0,4,0,-4,15
2020-09-26,US,Texas,Van Zandt,586,19,0,32.56483801,-95.83766469,48467.0,1035.518642869765,3.2423208191126283,567,586,19,0,567,585,56019,0,0,0,0,1
2020-09-26,US,Texas,Victoria,4046,96,0,28.79780988,-96.96813006,48469.0,4393.814343425568,2.3727137913989127,3950,4046,96,0,3950,4027,92035,0,0,0,0,19
2020-09-26,US,Texas,Walker,3701,57,0,30.73872995,-95.57440968,48471.0,5071.87786929054,1.5401242907322346,3644,3697,57,0,3640,3689,72480,4,0,0,4,8
2020-09-26,US,Texas,Waller,855,14,0,30.01058447,-95.99011759,48473.0,1547.6233573471384,1.6374269005847952,841,850,14,0,836,841,53126,5,0,0,5,9
2020-09-26,US,Texas,Ward,128,1,0,31.50999644,-103.09279090000001,48475.0,1066.8444740790133,0.78125,127,125,1,0,124,120,11720,3,0,0,3,5
2020-09-26,US,Texas,Washington,638,48,0,30.21498498,-96.40946246,48477.0,1778.0502759043536,7.523510971786834,590,636,48,0,588,636,35108,2,0,0,2,0
2020-09-26,US,Texas,Webb,13474,289,0,27.7610369,-99.33237355,48479.0,4870.378670676518,2.144871604571768,13185,13474,289,0,13185,13474,275910,0,0,0,0,0
2020-09-26,US,Texas,Wharton,1364,52,0,29.27765923,-96.22319248,48481.0,3282.3178361728746,3.812316715542522,1312,1360,52,0,1308,1355,41619,4,0,0,4,5
2020-09-26,US,Texas,Wheeler,48,0,0,35.40114335,-100.26995140000001,48483.0,949.3670886075952,0.0,48,48,0,0,48,47,5191,0,0,0,0,1
2020-09-26,US,Texas,Wichita,1741,23,0,33.98842886,-98.70410340000001,48485.0,1316.645239355668,1.321079839172889,1718,1717,22,0,1695,1694,132064,24,1,0,23,23
2020-09-26,US,Texas,Wilbarger,188,2,0,34.07945812,-99.24178437,48487.0,1472.3157647427365,1.0638297872340423,186,185,2,0,183,183,12820,3,0,0,3,2
2020-09-26,US,Texas,Willacy,1213,49,0,26.47411727,-97.61535848,48489.0,5679.370727596217,4.03957131079967,1164,1209,49,0,1160,1207,21515,4,0,0,4,2
2020-09-26,US,Texas,Williamson,8565,143,0,30.64655664,-97.60048540000001,48491.0,1450.3404447710695,1.6695855224751897,8422,8565,143,0,8422,8515,566719,0,0,0,0,50
2020-09-26,US,Texas,Wilson,892,26,0,29.1732598,-98.08693082,48493.0,1746.6222831407874,2.914798206278027,866,888,26,0,862,888,50224,4,0,0,4,0
2020-09-26,US,Texas,Winkler,118,3,0,31.85008651,-103.04851629999999,48495.0,1473.1585518102372,2.5423728813559316,115,113,3,0,110,113,7720,5,0,0,5,0
2020-09-26,US,Texas,Wise,760,14,0,33.21570665,-97.65460265,48497.0,1085.9625057155922,1.8421052631578947,746,769,14,0,755,763,68305,-9,0,0,-9,6
2020-09-26,US,Texas,Wood,525,23,0,32.78722382,-95.38236368,48499.0,1152.8579898548496,4.380952380952381,502,519,22,0,497,513,45129,6,1,0,5,6
2020-09-26,US,Texas,Yoakum,224,5,0,33.17320212,-102.82764329999999,48501.0,2570.871112131298,2.232142857142857,219,221,5,0,216,213,8591,3,0,0,3,8
2020-09-26,US,Texas,Young,314,6,0,33.17659707,-98.68790885,48503.0,1743.4758467518045,1.9108280254777068,308,304,6,0,298,301,18045,10,0,0,10,3
2020-09-26,US,Texas,Zapata,333,6,0,27.00156391,-99.16987152,48505.0,2348.5436208477327,1.8018018018018016,327,333,6,0,327,333,14190,0,0,0,0,0
2020-09-26,US,Texas,Zavala,357,16,0,28.86617238,-99.76050829,48507.0,3015.2027027027025,4.481792717086835,341,355,16,0,339,347,11983,2,0,0,2,8
2020-09-26,US,Utah,Bear River,3307,11,0,41.52106798,-113.08328159999999,0.0,1770.172039096875,0.33262775929845784,3296,3271,11,0,3260,3230,,36,0,0,36,41
2020-09-26,US,Utah,Central Utah,641,3,0,39.37231946,-111.5758676,0.0,782.14608194841,0.4680187207488299,638,637,3,0,634,630,,4,0,0,4,7
2020-09-26,US,Utah,Davis,5024,28,0,40.99001837,-112.1139997,49011.0,1413.296350578512,0.5573248407643312,4996,4966,28,0,4938,4874,351713,58,0,0,58,92
2020-09-26,US,Utah,Salt Lake,30357,249,0,40.66616532,-111.92160109999999,49035.0,2615.997249312113,0.8202391540666074,30108,29977,249,0,29728,29392,1152633,380,0,0,380,585
2020-09-26,US,Utah,San Juan,699,29,0,37.62762978,-109.80337140000002,49037.0,4566.239874575385,4.148783977110157,670,697,29,0,668,695,15449,2,0,0,2,2
2020-09-26,US,Utah,Southeast Utah,207,1,0,38.99617072,-110.70139579999999,0.0,514.5541773347585,0.4830917874396135,206,204,1,0,203,195,,3,0,0,3,9
2020-09-26,US,Utah,Southwest Utah,4193,32,0,37.85447192,-111.4418764,0.0,1663.611620285508,0.7631767231099451,4161,4164,32,0,4132,4103,,29,0,0,29,61
2020-09-26,US,Utah,Summit,991,1,0,40.86688146,-110.9535882,49043.0,2351.4058607189463,0.10090817356205853,990,981,1,0,980,977,41933,10,0,0,10,4
2020-09-26,US,Utah,Tooele,862,0,0,40.44862644,-113.12957150000001,49045.0,1192.930984375649,0.0,862,857,0,0,857,848,69907,5,0,0,5,9
2020-09-26,US,Utah,TriCounty,236,2,0,40.12491499,-109.5174415,0.0,416.79912401540037,0.8474576271186439,234,235,2,0,233,231,,1,0,0,1,4
2020-09-26,US,Utah,Utah,18037,54,0,40.116672200000004,-111.66576620000001,49049.0,2834.9587809535783,0.2993845983256639,17983,17584,54,0,17530,17054,622213,453,0,0,453,530
2020-09-26,US,Utah,Wasatch,750,7,0,40.33110236,-111.1691419,49051.0,2199.994133348978,0.9333333333333332,743,745,7,0,738,733,33240,5,0,0,5,12
2020-09-26,US,Utah,Weber-Morgan,4243,31,0,41.27116049,-111.9145117,0.0,1557.9961591704391,0.7306151308036767,4212,4212,31,0,4181,4157,,31,0,0,31,55
2020-09-26,US,Vermont,Addison,83,2,0,44.03217337,-73.14130877,50001.0,225.68453109280253,2.409638554216868,81,83,2,0,81,83,36973,0,0,0,0,0
2020-09-26,US,Vermont,Bennington,114,1,0,43.03519828,-73.09048868,50003.0,321.3983648153369,0.8771929824561403,113,110,1,0,109,109,35631,4,0,0,4,1
2020-09-26,US,Vermont,Caledonia,34,0,0,44.46548598,-72.10314651,50005.0,113.35978394958825,0.0,34,34,0,0,34,34,30302,0,0,0,0,0
2020-09-26,US,Vermont,Chittenden,835,39,0,44.46322849,-73.08359212,50007.0,509.84893817089403,4.6706586826347305,796,835,39,0,796,832,164572,0,0,0,0,3
2020-09-26,US,Vermont,Essex,6,0,0,44.72736416,-71.73579864,50009.0,97.35518416355671,0.0,6,6,0,0,6,6,6250,0,0,0,0,0
2020-09-26,US,Vermont,Franklin,126,7,0,44.85627605,-72.91249563,50011.0,255.0504028176997,5.5555555555555545,119,125,7,0,118,124,49421,1,0,0,1,1
2020-09-26,US,Vermont,Grand Isle,14,0,0,44.797582399999996,-73.29679772,50013.0,193.503800967519,0.0,14,14,0,0,14,14,7090,0,0,0,0,0
2020-09-26,US,Vermont,Lamoille,58,1,0,44.60353043,-72.64356694,50015.0,228.68858922797887,1.7241379310344829,57,57,1,0,56,57,25300,1,0,0,1,0
2020-09-26,US,Vermont,Orange,24,0,0,44.00470222,-72.37640104,50017.0,83.06797729475288,0.0,24,24,0,0,24,24,28999,0,0,0,0,0
2020-09-26,US,Vermont,Orleans,21,0,0,44.82964024,-72.24562697,50019.0,77.67133927580724,0.0,21,21,0,0,21,21,26907,0,0,0,0,0
2020-09-26,US,Vermont,Rutland,130,1,0,43.57723578,-73.03741676,50021.0,223.40224433331616,0.7692307692307693,129,128,1,0,127,128,58672,2,0,0,2,0
2020-09-26,US,Vermont,Unassigned,8,0,0,0.0,0.0,90050.0,0.0,0.0,8,8,0,0,8,8,,0,0,0,0,0
2020-09-26,US,Vermont,Washington,77,2,0,44.27343241,-72.61604978,50023.0,131.8289989556404,2.5974025974025974,75,77,2,0,75,77,58140,0,0,0,0,0
2020-09-26,US,Vermont,Windham,123,3,0,42.986982,-72.71268875,50025.0,291.3173227227512,2.4390243902439024,120,123,3,0,120,123,42756,0,0,0,0,0
2020-09-26,US,Vermont,Windsor,86,2,0,43.58010937,-72.58595157,50027.0,156.18757037521343,2.3255813953488373,84,86,2,0,84,84,55286,0,0,0,0,2
2020-09-26,US,Virginia,Accomack,1175,19,0,37.76707161,-75.63234615,51001.0,3635.9697982423572,1.6170212765957446,1156,1172,19,0,1153,1169,32412,3,0,0,3,3
2020-09-26,US,Virginia,Albemarle,1253,21,0,38.02080697,-78.55481085,51003.0,1146.071526570932,1.675977653631285,1232,1233,21,0,1212,1215,108718,20,0,0,20,18
2020-09-26,US,Virginia,Alexandria,3804,69,0,38.814003,-77.08183073,51510.0,2386.030057455403,1.8138801261829651,3735,3780,69,0,3711,3761,160530,24,0,0,24,19
2020-09-26,US,Virginia,Alleghany,78,4,0,37.78636074,-80.00222498,51005.0,524.8990578734858,5.128205128205129,74,78,4,0,74,77,14910,0,0,0,0,1
2020-09-26,US,Virginia,Amelia,124,5,0,37.34081025,-77.98584649,51007.0,943.3244579688094,4.032258064516129,119,124,5,0,119,124,13013,0,0,0,0,0
2020-09-26,US,Virginia,Amherst,395,4,0,37.60308293,-79.14548696,51009.0,1249.8022464799874,1.0126582278481011,391,390,4,0,386,388,31666,5,0,0,5,2
2020-09-26,US,Virginia,Appomattox,215,3,0,37.37569884,-78.81340003,51011.0,1351.2664194582364,1.3953488372093024,212,213,3,0,210,210,15841,2,0,0,2,3
2020-09-26,US,Virginia,Arlington,3935,149,0,38.8767675,-77.10139853,51013.0,1661.4451828645258,3.7865311308767473,3786,3909,148,0,3761,3889,237521,26,1,0,25,20
2020-09-26,US,Virginia,Augusta,494,7,0,38.16404586,-79.12461614,51015.0,653.8023769819213,1.4170040485829958,487,478,7,0,471,474,75457,16,0,0,16,4
2020-09-26,US,Virginia,Bath,7,0,0,38.05852573,-79.73912095,51017.0,168.79672052085846,0.0,7,7,0,0,7,7,4292,0,0,0,0,0
2020-09-26,US,Virginia,Bedford,753,13,0,37.3080028,-79.5281964,51019.0,953.2007544590301,1.7264276228419655,740,739,13,0,726,730,78747,14,0,0,14,9
2020-09-26,US,Virginia,Bland,64,5,0,37.13128068,-81.13599391,51021.0,1019.108280254777,7.8125,59,64,5,0,59,65,6293,0,0,0,0,-1
2020-09-26,US,Virginia,Botetourt,302,10,0,37.55531756,-79.80982182,51023.0,903.6775486998413,3.3112582781456954,292,297,10,0,287,293,33277,5,0,0,5,4
2020-09-26,US,Virginia,Bristol,182,5,0,36.616302399999995,-82.16359122,51520.0,1085.789285288152,2.7472527472527477,177,182,5,0,177,178,16482,0,0,0,0,4
2020-09-26,US,Virginia,Brunswick,355,5,0,36.76366949,-77.8593436,51025.0,2187.172694227096,1.4084507042253518,350,351,5,0,346,349,16384,4,0,0,4,2
2020-09-26,US,Virginia,Buchanan,140,2,0,37.26818323,-82.03749726,51027.0,666.539706722529,1.4285714285714286,138,137,2,0,135,136,21221,3,0,0,3,1
2020-09-26,US,Virginia,Buckingham,679,9,0,37.57242268,-78.52518834,51029.0,3959.6454397014227,1.325478645066274,670,677,9,0,668,677,16999,2,0,0,2,0
2020-09-26,US,Virginia,Buena Vista,80,1,0,37.73484642,-79.35296097,51530.0,1234.949058351343,1.25,79,80,1,0,79,80,6237,0,0,0,0,0
2020-09-26,US,Virginia,Campbell,447,4,0,37.20553386,-79.09678609,51031.0,814.4301721781908,0.8948545861297539,443,436,4,0,432,435,54973,11,0,0,11,1
2020-09-26,US,Virginia,Caroline,350,5,0,38.02679129,-77.34901405,51033.0,1139.1375101708709,1.4285714285714286,345,347,5,0,342,347,30772,3,0,0,3,0
2020-09-26,US,Virginia,Carroll,499,24,0,36.73066666,-80.73455942,51035.0,1675.0025175388541,4.809619238476954,475,492,24,0,468,489,29636,7,0,0,7,3
2020-09-26,US,Virginia,Charles City,84,5,0,37.35358063,-77.05634116,51036.0,1206.3765618267987,5.9523809523809526,79,84,5,0,79,84,6941,0,0,0,0,0
2020-09-26,US,Virginia,Charlotte,106,0,0,37.01909701,-78.66314092,51037.0,892.2558922558921,0.0,106,106,0,0,106,106,11938,0,0,0,0,0
2020-09-26,US,Virginia,Charlottesville,1186,28,0,38.03527919,-78.48569588,51540.0,2509.20323276774,2.360876897133221,1158,1144,28,0,1116,1119,48117,42,0,0,42,25
2020-09-26,US,Virginia,Chesapeake,4296,71,0,36.67670048,-76.30545744,51550.0,1754.651091551453,1.6527001862197392,4225,4271,71,0,4200,4262,242634,25,0,0,25,9
2020-09-26,US,Virginia,Chesterfield,5945,94,0,37.37373208,-77.58680140000001,51041.0,1685.0811503336151,1.5811606391925987,5851,5916,94,0,5822,5870,348556,29,0,0,29,46
2020-09-26,US,Virginia,Clarke,94,0,0,39.11271747,-77.99199425,51043.0,642.9988371297627,0.0,94,94,0,0,94,93,14523,0,0,0,0,1
2020-09-26,US,Virginia,Colonial Heights,256,25,0,37.26420587,-77.39609676,51570.0,1473.8054116292456,9.765625,231,253,25,0,228,251,17833,3,0,0,3,2
2020-09-26,US,Virginia,Covington,32,0,0,37.7824656,-79.98631446,51580.0,577.825929938606,0.0,32,32,0,0,32,30,5460,0,0,0,0,2
2020-09-26,US,Virginia,Craig,29,0,0,37.48133648,-80.21072274,51045.0,565.191970376145,0.0,29,29,0,0,29,29,5064,0,0,0,0,0
2020-09-26,US,Virginia,Culpeper,1195,17,0,38.48199985,-77.95630870000002,51047.0,2271.6471818268224,1.4225941422594142,1178,1190,17,0,1173,1188,51859,5,0,0,5,2
2020-09-26,US,Virginia,Cumberland,105,2,0,37.51328851,-78.24398086,51049.0,1057.188884414015,1.9047619047619049,103,104,2,0,102,104,9809,1,0,0,1,0
2020-09-26,US,Virginia,Danville,868,27,0,36.58022376,-79.40395668,51590.0,2167.6156228149034,3.110599078341014,841,860,27,0,833,854,40693,8,0,0,8,6
2020-09-26,US,Virginia,Dickenson,101,1,0,37.12560977,-82.35124171,51051.0,705.405782930577,0.99009900990099,100,99,1,0,98,97,14523,2,0,0,2,2
2020-09-26,US,Virginia,Dinwiddie,377,11,0,37.07544585,-77.63451754,51053.0,1320.767937219731,2.9177718832891246,366,376,11,0,365,375,28529,1,0,0,1,1
2020-09-26,US,Virginia,Emporia,255,26,0,36.69455571,-77.53406129,51595.0,4769.921436588104,10.196078431372547,229,255,26,0,229,255,5121,0,0,0,0,0
2020-09-26,US,Virginia,Essex,178,2,0,37.93357639,-76.94230311,51057.0,1625.1255363827265,1.1235955056179776,176,176,2,0,174,176,10919,2,0,0,2,0
2020-09-26,US,Virginia,Fairfax,20687,586,0,38.83677558,-77.27565836,51059.0,1802.7383985806061,2.8326968627640547,20101,20627,586,0,20041,20504,1150795,60,0,0,60,123
2020-09-26,US,Virginia,Fairfax,20687,586,0,38.83677558,-77.27565836,51059.0,1802.7383985806061,2.8326968627640547,20101,20627,586,0,20041,20504,24574,60,0,0,60,123
2020-09-26,US,Virginia,Fairfax City,136,8,0,38.85157547,-77.29779640000002,51600.0,566.2184104250803,5.882352941176472,128,135,8,0,127,136,24574,1,0,0,1,-1
2020-09-26,US,Virginia,Falls Church,70,7,0,38.88485255,-77.17560759,51610.0,478.8944379831703,10.0,63,70,6,0,64,70,14772,0,1,0,-1,0
2020-09-26,US,Virginia,Fauquier,931,25,0,38.73564842,-77.80647472,51061.0,1307.1803656173656,2.6852846401718584,906,925,25,0,900,920,70675,6,0,0,6,5
2020-09-26,US,Virginia,Floyd,203,9,0,36.9302126,-80.36738849,51063.0,1288.9707283002094,4.433497536945813,194,201,9,0,192,198,15795,2,0,0,2,3
2020-09-26,US,Virginia,Fluvanna,375,9,0,37.84157909,-78.27715475,51065.0,1375.137513751375,2.4,366,375,9,0,366,374,26783,0,0,0,0,1
2020-09-26,US,Virginia,Franklin,194,1,0,36.99536167,-79.88023649,51067.0,346.1689447200313,0.5154639175257731,193,194,1,0,193,194,56195,0,0,0,0,0
2020-09-26,US,Virginia,Franklin,194,1,0,36.99536167,-79.88023649,51067.0,346.1689447200313,0.5154639175257731,193,194,1,0,193,194,8013,0,0,0,0,0
2020-09-26,US,Virginia,Franklin City,415,9,0,36.6831435,-76.93859681,51620.0,5208.987071670641,2.1686746987951806,406,413,9,0,404,403,8013,2,0,0,2,10
2020-09-26,US,Virginia,Frederick,881,13,0,39.20172582,-78.25974949,51069.0,986.41855049097,1.4755959137343928,868,873,13,0,860,865,88355,8,0,0,8,8
2020-09-26,US,Virginia,Fredericksburg,539,5,0,38.2977863,-77.4922454,51630.0,1856.3162970106075,0.927643784786642,534,535,5,0,530,533,29144,4,0,0,4,2
2020-09-26,US,Virginia,Galax,415,30,0,36.66601852,-80.91703124,51640.0,6538.522136442413,7.2289156626506035,385,413,30,0,383,413,6423,2,0,0,2,0
2020-09-26,US,Virginia,Giles,89,0,0,37.31234791,-80.70636931,51071.0,532.2966507177033,0.0,89,88,0,0,88,88,16844,1,0,0,1,0
2020-09-26,US,Virginia,Gloucester,242,2,0,37.40809042,-76.53524337,51073.0,647.9597301060297,0.8264462809917356,240,235,2,0,233,234,37349,7,0,0,7,1
2020-09-26,US,Virginia,Goochland,269,7,0,37.71714806,-77.90381514,51075.0,1132.488527764914,2.6022304832713754,262,266,7,0,259,261,23244,3,0,0,3,5
2020-09-26,US,Virginia,Grayson,312,12,0,36.65677234,-81.23215889,51077.0,2006.4308681672026,3.8461538461538463,300,308,12,0,296,307,15631,4,0,0,4,1
2020-09-26,US,Virginia,Greene,216,3,0,38.29545894,-78.46525378,51079.0,1089.863262525859,1.3888888888888888,213,216,3,0,213,213,19779,0,0,0,0,3
2020-09-26,US,Virginia,Greensville,781,11,0,36.67878901,-77.56351439,51081.0,6889.555398729711,1.4084507042253518,770,782,11,0,771,780,11627,-1,0,0,-1,2
2020-09-26,US,Virginia,Halifax,348,6,0,36.76654925,-78.93512622,51083.0,1026.215682227006,1.7241379310344829,342,342,6,0,336,336,34120,6,0,0,6,6
2020-09-26,US,Virginia,Hampton,1809,24,0,37.03513786,-76.35879121,51650.0,1344.881421455654,1.326699834162521,1785,1803,24,0,1779,1800,134313,6,0,0,6,3
2020-09-26,US,Virginia,Hanover,1288,37,0,37.7583355,-77.49464673,51085.0,1195.1821539260989,2.872670807453416,1251,1286,37,0,1249,1265,107239,2,0,0,2,21
2020-09-26,US,Virginia,Harrisonburg,2608,34,0,38.43542574,-78.87536254,51660.0,4919.269654443941,1.303680981595092,2574,2578,34,0,2544,2564,54033,30,0,0,30,14
2020-09-26,US,Virginia,Henrico,5434,211,0,37.53460572,-77.39326555,51087.0,1642.595022036286,3.8829591461170407,5223,5399,211,0,5188,5371,329261,35,0,0,35,28
2020-09-26,US,Virginia,Henry,1046,21,0,36.68542395,-79.87634026,51089.0,2068.9518761002428,2.0076481835564053,1025,1042,20,0,1022,1035,50953,4,1,0,3,7
2020-09-26,US,Virginia,Highland,7,0,0,38.35799465,-79.56124594,51091.0,319.634703196347,0.0,7,7,0,0,7,6,2210,0,0,0,0,1
2020-09-26,US,Virginia,Hopewell,390,7,0,37.29186313,-77.29754684,51670.0,1731.1021350259664,1.794871794871795,383,390,7,0,383,386,22596,0,0,0,0,4
2020-09-26,US,Virginia,Isle of Wight,733,19,0,36.90579348,-76.70842863,51093.0,1975.2620658061387,2.592087312414734,714,723,19,0,704,718,36953,10,0,0,10,5
2020-09-26,US,Virginia,James City,848,20,0,37.31156958,-76.76950618,51095.0,1108.1635586686355,2.358490566037736,828,842,20,0,822,839,76397,6,0,0,6,3
2020-09-26,US,Virginia,King George,228,4,0,38.26818502,-77.15852768,51099.0,849.6050081979431,1.7543859649122806,224,228,4,0,224,227,26575,0,0,0,0,1
2020-09-26,US,Virginia,King William,160,2,0,37.70965316,-77.09384941,51101.0,933.0534173081408,1.25,158,157,2,0,155,155,16939,3,0,0,3,2
2020-09-26,US,Virginia,King and Queen,72,1,0,37.71044922,-76.88689628,51097.0,1024.9110320284697,1.3888888888888888,71,72,1,0,71,72,7042,0,0,0,0,0
2020-09-26,US,Virginia,Lancaster,144,0,0,37.71889653,-76.46400482,51103.0,1358.106196359521,0.0,144,142,0,0,142,141,10783,2,0,0,2,1
2020-09-26,US,Virginia,Lee,267,7,0,36.70586667,-83.12606515,51105.0,1139.9052213636169,2.621722846441948,260,266,7,0,259,263,23541,1,0,0,1,3
2020-09-26,US,Virginia,Lexington,77,1,0,37.78258621,-79.44262866,51678.0,1034.1122750470054,1.2987012987012987,76,73,1,0,72,71,7136,4,0,0,4,2
2020-09-26,US,Virginia,Loudoun,6792,124,0,39.08990083,-77.63481877,51107.0,1642.4125473354322,1.8256772673733803,6668,6774,124,0,6650,6747,406850,18,0,0,18,27
2020-09-26,US,Virginia,Louisa,289,6,0,37.97850256,-77.96274807,51109.0,768.8010428027983,2.0761245674740483,283,287,6,0,281,286,36778,2,0,0,2,1
2020-09-26,US,Virginia,Lunenburg,118,3,0,36.94618528,-78.24133319,51111.0,967.5303378156772,2.5423728813559316,115,116,3,0,113,116,12086,2,0,0,2,0
2020-09-26,US,Virginia,Lynchburg,1391,13,0,37.40021399,-79.19888138,51680.0,1692.8731379612502,0.9345794392523364,1378,1374,13,0,1361,1355,82126,17,0,0,17,19
2020-09-26,US,Virginia,Madison,106,3,0,38.41531222,-78.28220331,51113.0,799.3363999698364,2.830188679245283,103,106,3,0,103,106,13295,0,0,0,0,0
2020-09-26,US,Virginia,Manassas,1918,25,0,38.7464321,-77.48509905,51683.0,4668.370451502981,1.3034410844629822,1893,1918,25,0,1893,1910,41641,0,0,0,0,8
2020-09-26,US,Virginia,Manassas Park,610,8,0,38.77058531,-77.44399307,51685.0,3490.1018423160554,1.3114754098360657,602,610,8,0,602,607,17307,0,0,0,0,3
2020-09-26,US,Virginia,Martinsville,382,16,0,36.68212094,-79.86352771,51690.0,3042.854866974669,4.18848167539267,366,380,16,0,364,379,12902,2,0,0,2,1
2020-09-26,US,Virginia,Mathews,72,0,0,37.44164146,-76.34098896,51115.0,815.0328277111162,0.0,72,49,0,0,49,42,8802,23,0,0,23,7
2020-09-26,US,Virginia,Mecklenburg,717,33,0,36.67882005,-78.36131056,51117.0,2344.1331284532644,4.602510460251046,684,711,33,0,678,694,30650,6,0,0,6,17
2020-09-26,US,Virginia,Middlesex,115,10,0,37.63191998,-76.55064617,51119.0,1086.7510867510866,8.695652173913043,105,113,10,0,103,112,10769,2,0,0,2,1
2020-09-26,US,Virginia,Montgomery,1909,4,0,37.17746986,-80.37868691,51121.0,1937.382655909068,0.20953378732320588,1905,1880,4,0,1876,1818,98985,29,0,0,29,62
2020-09-26,US,Virginia,Nelson,100,2,0,37.78790447,-78.88498513,51125.0,669.7923643670463,2.0,98,100,2,0,98,100,14836,0,0,0,0,0
2020-09-26,US,Virginia,New Kent,189,3,0,37.50694406,-76.99828634,51127.0,818.5007145641159,1.5873015873015872,186,188,3,0,185,184,22391,1,0,0,1,4
2020-09-26,US,Virginia,Newport News,2721,38,0,37.08166899,-76.51754109,51700.0,1518.2033756451387,1.3965453877251008,2683,2715,38,0,2677,2704,178626,6,0,0,6,11
2020-09-26,US,Virginia,Norfolk,4822,78,0,36.89934014,-76.26420872,51710.0,1986.4712328315657,1.6175860638739112,4744,4800,78,0,4722,4781,244076,22,0,0,22,19
2020-09-26,US,Virginia,Northampton,305,31,0,37.34062933,-75.87751591,51131.0,2604.611443210931,10.163934426229508,274,305,31,0,274,305,11735,0,0,0,0,0
2020-09-26,US,Virginia,Northumberland,157,6,0,37.89202088,-76.41949732,51133.0,1298.0570483670938,3.8216560509554136,151,152,6,0,146,147,12147,5,0,0,5,5
2020-09-26,US,Virginia,Norton,33,0,0,36.93357076,-82.62750411,51720.0,828.9374529012813,0.0,33,33,0,0,33,33,3968,0,0,0,0,0
2020-09-26,US,Virginia,Nottoway,265,18,0,37.1435975,-78.05065922,51135.0,1739.7584033613446,6.79245283018868,247,257,18,0,239,256,15420,8,0,0,8,1
2020-09-26,US,Virginia,Orange,322,4,0,38.24530219,-78.01560400000002,51137.0,869.0723597203854,1.2422360248447204,318,320,4,0,316,320,36644,2,0,0,2,0
2020-09-26,US,Virginia,Page,393,29,0,38.61807452,-78.48797204,51139.0,1644.2138733160407,7.3791348600508915,364,390,29,0,361,389,23933,3,0,0,3,1
2020-09-26,US,Virginia,Patrick,277,25,0,36.680163799999995,-80.2865648,51141.0,1573.148568832349,9.025270758122744,252,276,24,0,252,274,17673,1,1,0,0,2
2020-09-26,US,Virginia,Petersburg,734,29,0,37.20530399,-77.39368102,51730.0,2341.6065845721937,3.9509536784741135,705,734,29,0,705,732,31567,0,0,0,0,2
2020-09-26,US,Virginia,Pittsylvania,994,9,0,36.81980341,-79.39731264,51143.0,1646.9496636511249,0.9054325955734408,985,985,9,0,976,976,60949,9,0,0,9,9
2020-09-26,US,Virginia,Poquoson,74,2,0,37.14259351,-76.35798148,51735.0,603.0478363621547,2.702702702702702,72,74,2,0,72,75,12190,0,0,0,0,-1
2020-09-26,US,Virginia,Portsmouth,2555,59,0,36.85914825,-76.35971629,51740.0,2706.625140363143,2.3091976516634047,2496,2547,58,0,2489,2539,94632,8,1,0,7,8
2020-09-26,US,Virginia,Powhatan,221,5,0,37.55016038,-77.91267882,51145.0,745.3122892216377,2.262443438914027,216,219,5,0,214,220,29189,2,0,0,2,-1
2020-09-26,US,Virginia,Prince Edward,581,12,0,37.22554789,-78.43597949,51147.0,2548.022103324269,2.0654044750430294,569,577,12,0,565,576,22950,4,0,0,4,1
2020-09-26,US,Virginia,Prince George,796,5,0,37.18497668,-77.22922187,51149.0,2075.456939483221,0.628140703517588,791,791,5,0,786,782,38082,5,0,0,5,9
2020-09-26,US,Virginia,Prince William,12394,203,0,38.70916224,-77.48713689,51153.0,2635.1430363464333,1.6378893012748104,12191,12318,202,0,12116,12250,468011,76,1,0,75,68
2020-09-26,US,Virginia,Pulaski,232,5,0,37.06474963,-80.71229738,51155.0,681.8115026302643,2.155172413793104,227,225,5,0,220,225,34066,7,0,0,7,0
2020-09-26,US,Virginia,Radford,737,1,0,37.12222899,-80.56027320000003,51750.0,4038.577456298976,0.13568521031207598,736,734,1,0,733,728,18339,3,0,0,3,6
2020-09-26,US,Virginia,Rappahannock,63,2,0,38.68295619,-78.15826963,51157.0,854.8168249660788,3.1746031746031744,61,64,2,0,62,64,7252,-1,0,0,-1,0
2020-09-26,US,Virginia,Richmond,348,4,0,37.937575,-76.72920628,51159.0,3856.81037348997,1.1494252873563218,344,346,4,0,342,343,9038,2,0,0,2,3
2020-09-26,US,Virginia,Richmond City,4625,61,0,37.53255773,-77.47966921,51760.0,2007.0648683365448,1.318918918918919,4564,4595,61,0,4534,4578,228783,30,0,0,30,17
2020-09-26,US,Virginia,Roanoke,861,7,0,37.26865804,-80.06396753,51161.0,914.1485995795554,0.8130081300813008,854,842,7,0,835,824,94073,19,0,0,19,18
2020-09-26,US,Virginia,Roanoke City,1694,23,0,37.27791025,-79.96189766,51770.0,1708.6430711194946,1.3577331759149942,1671,1656,23,0,1633,1640,99920,38,0,0,38,16
2020-09-26,US,Virginia,Rockbridge,111,2,0,37.81204314,-79.44605905,51163.0,491.7379169804634,1.8018018018018016,109,108,2,0,106,106,22752,3,0,0,3,2
2020-09-26,US,Virginia,Rockingham,1423,22,0,38.51006137,-78.87260325,51165.0,1736.4670278713336,1.5460295151089247,1401,1414,21,0,1393,1403,81244,9,1,0,8,11
2020-09-26,US,Virginia,Russell,257,5,0,36.93028320000001,-82.10095486,51167.0,966.6741894230046,1.9455252918287935,252,254,5,0,249,246,26748,3,0,0,3,8
2020-09-26,US,Virginia,Salem,267,5,0,37.2836193,-80.06219455,51775.0,1055.2942571439864,1.8726591760299625,262,264,5,0,259,264,25643,3,0,0,3,0
2020-09-26,US,Virginia,Scott,185,4,0,36.71466456,-82.60171704,51169.0,857.8317722340721,2.1621621621621623,181,184,4,0,180,181,21534,1,0,0,1,3
2020-09-26,US,Virginia,Shenandoah,806,58,0,38.85905135,-78.56813762,51171.0,1847.945707997065,7.196029776674937,748,805,58,0,747,804,43497,1,0,0,1,1
2020-09-26,US,Virginia,Smyth,465,10,0,36.84455636,-81.53344948,51173.0,1544.6452298697848,2.150537634408602,455,457,10,0,447,454,30472,8,0,0,8,3
2020-09-26,US,Virginia,Southampton,755,23,0,36.72231125,-77.10642712,51175.0,4282.230162781464,3.04635761589404,732,748,23,0,725,746,17586,7,0,0,7,2
2020-09-26,US,Virginia,Spotsylvania,2131,44,0,38.18574462,-77.655399,51177.0,1564.438571376133,2.0647583294228062,2087,2121,44,0,2077,2119,134238,10,0,0,10,2
2020-09-26,US,Virginia,Stafford,2005,17,0,38.41758738,-77.45917053,51179.0,1311.4689760730498,0.8478802992518704,1988,1998,17,0,1981,1984,149960,7,0,0,7,14
2020-09-26,US,Virginia,Staunton,256,0,0,38.15965544,-79.05979937,51790.0,1026.7928766244183,0.0,256,251,0,0,251,250,24922,5,0,0,5,1
2020-09-26,US,Virginia,Suffolk,1970,72,0,36.70155394,-76.63603554,51800.0,2138.7935901333217,3.654822335025381,1898,1963,72,0,1891,1928,91185,7,0,0,7,35
2020-09-26,US,Virginia,Surry,119,3,0,37.11781893,-76.88450012,51181.0,1853.0052943008407,2.5210084033613445,116,118,3,0,115,118,6474,1,0,0,1,0
2020-09-26,US,Virginia,Sussex,463,11,0,36.92432914,-77.25791182,51183.0,4149.117304417959,2.3758099352051842,452,462,11,0,451,461,11237,1,0,0,1,1
2020-09-26,US,Virginia,Tazewell,297,2,0,37.12191123,-81.56685568,51185.0,731.6171942357432,0.6734006734006734,295,284,2,0,282,283,40855,13,0,0,13,1
2020-09-26,US,Virginia,Virginia Beach,6809,89,0,36.73285734,-76.04566934,51810.0,1513.1985403601095,1.307093552650903,6720,6776,88,0,6688,6734,450189,33,1,0,32,42
2020-09-26,US,Virginia,Warren,418,7,0,38.90847745,-78.20280433,51187.0,1040.7329947216413,1.6746411483253592,411,415,7,0,408,415,40003,3,0,0,3,0
2020-09-26,US,Virginia,Washington,563,20,0,36.72341572,-81.95666289,51191.0,1047.6367696315594,3.5523978685612785,543,553,20,0,533,550,54402,10,0,0,10,3
2020-09-26,US,Virginia,Waynesboro,265,3,0,38.06451466,-78.90293905,51820.0,1171.011931064958,1.1320754716981132,262,259,3,0,256,257,22628,6,0,0,6,2
2020-09-26,US,Virginia,Westmoreland,274,3,0,38.11021557,-76.80213247,51193.0,1520.954759922287,1.094890510948905,271,273,3,0,270,269,17830,1,0,0,1,4
2020-09-26,US,Virginia,Williamsburg,178,7,0,37.28131268,-76.70905141,51830.0,1190.3169720476124,3.9325842696629216,171,177,7,0,170,178,14896,1,0,0,1,-1
2020-09-26,US,Virginia,Winchester,497,4,0,39.17054517,-78.17325058,51840.0,1770.0690932402595,0.8048289738430584,493,495,4,0,491,494,28108,2,0,0,2,1
2020-09-26,US,Virginia,Wise,408,9,0,36.9746148,-82.62410519,51195.0,1091.4051841746248,2.2058823529411766,399,400,9,0,391,398,38012,8,0,0,8,2
2020-09-26,US,Virginia,Wythe,237,4,0,36.91582035,-81.07834059,51197.0,826.2445962906149,1.6877637130801688,233,232,4,0,228,229,28754,5,0,0,5,3
2020-09-26,US,Virginia,York,544,8,0,37.24374789,-76.54412815,51199.0,796.7193907439952,1.4705882352941178,536,541,8,0,533,541,67846,3,0,0,3,0
2020-09-26,US,Washington,Adams,842,10,0,46.98299757,-118.56017340000001,53001.0,4213.581544312666,1.187648456057007,832,835,10,0,825,831,19759,7,0,0,7,4
2020-09-26,US,Washington,Asotin,105,2,0,46.18894415,-117.2022851,53003.0,464.97210167389954,1.9047619047619049,103,105,2,0,103,100,22610,0,0,0,0,5
2020-09-26,US,Washington,Benton,4529,130,0,46.23946995,-119.51208340000001,53005.0,2215.861832770684,2.870390814749393,4399,4514,130,0,4384,4499,201877,15,0,0,15,15
2020-09-26,US,Washington,Chelan,1841,15,0,47.87046092,-120.6173956,53007.0,2384.715025906736,0.8147745790331342,1826,1840,15,0,1825,1838,77036,1,0,0,1,2
2020-09-26,US,Washington,Clallam,229,1,0,48.04754642,-123.92263190000001,53009.0,296.12962460074226,0.4366812227074236,228,228,1,0,227,228,76737,1,0,0,1,0
2020-09-26,US,Washington,Clark,3215,62,0,45.77568046,-122.48292040000001,53011.0,658.486280341061,1.9284603421461897,3153,3176,62,0,3114,2685,481857,39,0,0,39,491
2020-09-26,US,Washington,Columbia,14,1,0,46.29442881,-117.9051983,53013.0,351.3174404015057,7.142857142857142,13,14,1,0,13,14,4059,0,0,0,0,0
2020-09-26,US,Washington,Cowlitz,660,7,0,46.19074721,-122.6782231,53015.0,596.7827981879503,1.0606060606060606,653,657,7,0,650,651,108987,3,0,0,3,6
2020-09-26,US,Washington,Douglas,1185,9,0,47.7361335,-119.69293700000001,53017.0,2728.591494162886,0.7594936708860759,1176,1183,9,0,1174,1182,42907,2,0,0,2,1
2020-09-26,US,Washington,Ferry,30,0,0,48.471143100000006,-118.5154041,53019.0,393.3394519470304,0.0,30,30,0,0,30,29,7649,0,0,0,0,1
2020-09-26,US,Washington,Franklin,4265,66,0,46.53351425,-118.9018212,53021.0,4479.006952174917,1.5474794841735051,4199,4242,66,0,4176,4230,94347,23,0,0,23,12
2020-09-26,US,Washington,Garfield,11,0,0,46.43197502,-117.54540320000001,53023.0,494.3820224719101,0.0,11,11,0,0,11,11,2247,0,0,0,0,0
2020-09-26,US,Washington,Grant,2919,21,0,47.20753737,-119.4500749,53025.0,2986.70868590957,0.7194244604316546,2898,2908,21,0,2887,2893,97331,11,0,0,11,15
2020-09-26,US,Washington,Grays Harbor,492,7,0,47.14003705,-123.7820567,53027.0,655.466886931962,1.4227642276422765,485,476,7,0,469,468,73901,16,0,0,16,8
2020-09-26,US,Washington,Island,313,12,0,48.14713305,-122.5216407,53029.0,367.62546834075243,3.8338658146964857,301,312,12,0,300,307,84460,1,0,0,1,5
2020-09-26,US,Washington,Jefferson,71,0,0,47.75003077,-123.56097040000002,53031.0,220.35318581049626,0.0,71,71,0,0,71,71,31729,0,0,0,0,0
2020-09-26,US,Washington,King,21995,768,0,47.49137892,-121.8346131,53033.0,976.348355056104,3.491702659695385,21227,21866,768,0,21098,21760,2233163,129,0,0,129,106
2020-09-26,US,Washington,Kitsap,1193,13,0,47.63479026,-122.6436061,53035.0,439.45438404555887,1.0896898575020957,1180,1174,13,0,1161,1158,269805,19,0,0,19,16
2020-09-26,US,Washington,Kittitas,532,22,0,47.12521214,-120.67943899999999,53037.0,1109.8362365703556,4.135338345864661,510,528,22,0,506,517,47364,4,0,0,4,11
2020-09-26,US,Washington,Klickitat,192,3,0,45.87325839,-120.7913598,53039.0,856.1872909698998,1.5625,189,192,3,0,189,192,22107,0,0,0,0,0
2020-09-26,US,Washington,Lewis,498,4,0,46.57756476,-122.39257690000001,53041.0,617.0468484765881,0.8032128514056225,494,491,4,0,487,484,79604,7,0,0,7,7
2020-09-26,US,Washington,Lincoln,49,1,0,47.57705241,-118.41943880000001,53043.0,447.93856842490175,2.0408163265306123,48,45,1,0,44,42,10740,4,0,0,4,3
2020-09-26,US,Washington,Mason,393,4,0,47.35007586,-123.1863685,53045.0,588.6053199137311,1.0178117048346056,389,386,4,0,382,380,65507,7,0,0,7,6
2020-09-26,US,Washington,Okanogan,1048,10,0,48.54855019,-119.73872240000001,53047.0,2480.8844068839812,0.9541984732824428,1038,1047,10,0,1037,1044,42132,1,0,0,1,3
2020-09-26,US,Washington,Pacific,80,3,0,46.55418369,-123.7285716,53049.0,356.01441858395265,3.75,77,80,3,0,77,80,22036,0,0,0,0,0
2020-09-26,US,Washington,Pend Oreille,60,0,0,48.53234021,-117.2741804,53051.0,437.1903235208394,0.0,60,60,0,0,60,60,13602,0,0,0,0,0
2020-09-26,US,Washington,Pierce,7849,200,0,47.03892768,-122.14059579999999,53053.0,867.3119847952441,2.548095298764174,7649,7788,200,0,7588,7736,891299,61,0,0,61,52
2020-09-26,US,Washington,San Juan,29,0,0,48.60182783,-122.96745,53055.0,164.94141735866228,0.0,29,29,0,0,29,29,17128,0,0,0,0,0
2020-09-26,US,Washington,Skagit,1100,22,0,48.48171488,-121.766131,53057.0,851.360241476723,2.0,1078,1095,22,0,1073,1090,128206,5,0,0,5,5
2020-09-26,US,Washington,Skamania,65,1,0,46.02408726,-121.91644029999999,53059.0,537.9458743689481,1.5384615384615383,64,65,1,0,64,64,11924,0,0,0,0,1
2020-09-26,US,Washington,Snohomish,6878,212,0,48.04615983,-121.7170703,53061.0,836.6551795864896,3.082291363768537,6666,6821,212,0,6609,6785,814901,57,0,0,57,36
2020-09-26,US,Washington,Spokane,6730,165,0,47.62113146,-117.4046494,53063.0,1287.304083030157,2.4517087667161963,6565,6661,165,0,6496,6561,514631,69,0,0,69,100
2020-09-26,US,Washington,Stevens,167,2,0,48.40035475,-117.8542701,53065.0,365.2428755768432,1.1976047904191616,165,165,2,0,163,162,45260,2,0,0,2,3
2020-09-26,US,Washington,Thurston,1080,17,0,46.9291895,-122.82906559999999,53067.0,371.72673954346453,1.5740740740740742,1063,1064,17,0,1047,1053,286419,16,0,0,16,11
2020-09-26,US,Washington,Unassigned,309,4,0,0.0,0.0,90053.0,0.0,1.2944983818770226,305,295,4,0,291,292,,14,0,0,14,3
2020-09-26,US,Washington,Wahkiakum,6,0,0,46.29180039999999,-123.4250831,53069.0,133.6898395721925,0.0,6,6,0,0,6,6,4426,0,0,0,0,0
2020-09-26,US,Washington,Walla Walla,889,6,0,46.23040051,-118.4775539,53071.0,1463.1336405529953,0.6749156355455568,883,880,6,0,874,874,60922,9,0,0,9,6
2020-09-26,US,Washington,Whatcom,1327,42,0,48.82227976,-121.74900179999999,53073.0,578.8516316462158,3.1650339110776184,1285,1318,42,0,1276,1308,225685,9,0,0,9,10
2020-09-26,US,Washington,Whitman,1262,0,0,46.90022523,-117.52417630000001,53075.0,2518.7609771674915,0.0,1262,1221,0,0,1221,1193,49791,41,0,0,41,28
2020-09-26,US,Washington,Yakima,11378,258,0,46.45738486,-120.73801259999999,53077.0,4535.3625141007615,2.2675338372297418,11120,11347,258,0,11089,11331,251446,31,0,0,31,16
2020-09-26,US,West Virginia,Barbour,56,1,0,39.1307219,-80.00350858,54001.0,340.61188492184175,1.7857142857142858,55,53,1,0,52,52,16535,3,0,0,3,1
2020-09-26,US,West Virginia,Berkeley,987,13,0,39.46704621,-78.02414609,54003.0,828.2216311015262,1.3171225937183384,974,976,13,0,963,968,117123,11,0,0,11,8
2020-09-26,US,West Virginia,Boone,218,1,0,38.01974191,-81.69888019,54005.0,1015.9854592906744,0.4587155963302753,217,218,1,0,217,206,21951,0,0,0,0,12
2020-09-26,US,West Virginia,Braxton,13,0,0,38.70036159,-80.72011184,54007.0,93.14322562155192,0.0,13,13,0,0,13,13,14089,0,0,0,0,0
2020-09-26,US,West Virginia,Brooke,113,1,0,40.27367263,-80.57915332,54009.0,515.0644970144491,0.8849557522123894,112,112,1,0,111,112,22203,1,0,0,1,0
2020-09-26,US,West Virginia,Cabell,791,10,0,38.42424062,-82.23855912,54011.0,860.2969166349448,1.2642225031605565,781,767,10,0,757,759,93224,24,0,0,24,8
2020-09-26,US,West Virginia,Calhoun,25,0,0,38.84315422,-81.11934872,54013.0,351.6669011112674,0.0,25,25,0,0,25,25,7254,0,0,0,0,0
2020-09-26,US,West Virginia,Clay,36,2,0,38.46231092,-81.07652217,54015.0,423.1311706629055,5.5555555555555545,34,36,2,0,34,36,8632,0,0,0,0,0
2020-09-26,US,West Virginia,Doddridge,23,1,0,39.27057157,-80.70671527,54017.0,272.25378787878793,4.3478260869565215,22,22,1,0,21,19,8406,1,0,0,1,3
2020-09-26,US,West Virginia,Fayette,608,13,0,38.02974928,-81.08286634,54019.0,1433.7593736735364,2.138157894736842,595,599,13,0,586,583,43018,9,0,0,9,16
2020-09-26,US,West Virginia,Gilmer,46,0,0,38.9251277,-80.85952723,54021.0,588.0097149431165,0.0,46,43,0,0,43,39,8026,3,0,0,3,4
2020-09-26,US,West Virginia,Grant,160,7,0,39.10314817,-79.19440518,54023.0,1383.1258644536654,4.375,153,158,7,0,151,156,11626,2,0,0,2,2
2020-09-26,US,West Virginia,Greenbrier,126,3,0,37.9463652,-80.45335881,54025.0,363.51047256361437,2.380952380952381,123,125,3,0,122,125,34786,1,0,0,1,0
2020-09-26,US,West Virginia,Hampshire,106,1,0,39.32103553,-78.60826476,54027.0,457.38942826321465,0.9433962264150944,105,104,1,0,103,103,23347,2,0,0,2,1
2020-09-26,US,West Virginia,Hancock,148,0,0,40.51943859,-80.57461608,54029.0,513.7105171815342,0.0,148,148,0,0,148,145,29094,0,0,0,0,3
2020-09-26,US,West Virginia,Hardy,89,1,0,39.00683177,-78.85855301,54031.0,646.0511033681765,1.1235955056179776,88,88,1,0,87,87,13775,1,0,0,1,1
2020-09-26,US,West Virginia,Harrison,354,9,0,39.2853852,-80.37919577,54033.0,526.3470917092899,2.5423728813559316,345,349,9,0,340,346,67554,5,0,0,5,3
2020-09-26,US,West Virginia,Jackson,259,23,0,38.84263974,-81.68148753,54035.0,906.3549832026877,8.880308880308881,236,259,23,0,236,258,28706,0,0,0,0,1
2020-09-26,US,West Virginia,Jefferson,429,4,0,39.30776166,-77.86014147,54037.0,750.7087110208937,0.9324009324009324,425,427,4,0,423,427,56811,2,0,0,2,0
2020-09-26,US,West Virginia,Kanawha,2603,76,0,38.33860077,-81.52857054,54039.0,1461.3415373559992,2.9197080291970803,2527,2554,76,0,2478,2468,180454,49,0,0,49,86
2020-09-26,US,West Virginia,Lewis,38,2,0,38.9947249,-80.49988181,54041.0,238.888539636638,5.2631578947368425,36,38,2,0,36,38,16024,0,0,0,0,0
2020-09-26,US,West Virginia,Lincoln,164,2,0,38.172154,-82.07017953,54043.0,803.5670537507962,1.2195121951219512,162,164,2,0,162,157,20599,0,0,0,0,7
2020-09-26,US,West Virginia,Logan,610,41,0,37.8299889,-81.93528571,54045.0,1905.1188356913085,6.721311475409836,569,606,39,0,567,599,32607,4,2,0,2,7
2020-09-26,US,West Virginia,Marion,267,3,0,39.50984542,-80.24244659,54049.0,476.17349122556715,1.1235955056179776,264,265,3,0,262,261,56097,2,0,0,2,4
2020-09-26,US,West Virginia,Marshall,172,1,0,39.86064362,-80.66591062,54051.0,563.3618289607284,0.5813953488372093,171,170,1,0,169,163,30785,2,0,0,2,7
2020-09-26,US,West Virginia,Mason,141,6,0,38.77071799,-82.02524219,54053.0,531.7544124302308,4.25531914893617,135,141,6,0,135,140,26718,0,0,0,0,1
2020-09-26,US,West Virginia,McDowell,86,1,0,37.38002939,-81.65083669,54047.0,487.9709487063097,1.162790697674419,85,86,1,0,85,86,18223,0,0,0,0,0
2020-09-26,US,West Virginia,Mercer,412,28,0,37.40481169,-81.11023142,54055.0,701.1811157629597,6.7961165048543695,384,409,28,0,381,407,59131,3,0,0,3,2
2020-09-26,US,West Virginia,Mineral,172,4,0,39.41561583,-78.94104895,54057.0,640.1667411046598,2.3255813953488373,168,172,4,0,168,171,26940,0,0,0,0,1
2020-09-26,US,West Virginia,Mingo,376,9,0,37.73048351,-82.13338365,54059.0,1605.1912568306009,2.3936170212765955,367,372,9,0,363,367,23785,4,0,0,4,5
2020-09-26,US,West Virginia,Monongalia,1992,5,0,39.63218457,-80.04766838,54061.0,1886.149301215771,0.25100401606425704,1987,1980,5,0,1975,1959,106420,12,0,0,12,21
2020-09-26,US,West Virginia,Monroe,149,7,0,37.56274716,-80.54577965,54063.0,1122.4105461393597,4.697986577181208,142,148,7,0,141,148,13280,1,0,0,1,0
2020-09-26,US,West Virginia,Morgan,55,0,0,39.55439028,-78.26311676,54065.0,307.5374636546634,0.0,55,53,0,0,53,53,17787,2,0,0,2,0
2020-09-26,US,West Virginia,Nicholas,100,3,0,38.29617706,-80.79759588,54067.0,408.22991508817773,3.0,97,99,3,0,96,98,24842,1,0,0,1,1
2020-09-26,US,West Virginia,Ohio,368,6,0,40.0955451,-80.62203992,54069.0,888.6527734176909,1.6304347826086956,362,367,6,0,361,362,41755,1,0,0,1,5
2020-09-26,US,West Virginia,Pendleton,53,1,0,38.68314479,-79.35084086,54071.0,760.5108336920648,1.8867924528301887,52,52,1,0,51,52,6997,1,0,0,1,0
2020-09-26,US,West Virginia,Pleasants,17,3,0,39.37091679,-81.16771771,54073.0,227.8820375335121,17.647058823529417,14,17,3,0,14,17,7507,0,0,0,0,0
2020-09-26,US,West Virginia,Pocahontas,59,0,0,38.32758728,-80.00993811,54075.0,715.4116648478232,0.0,59,59,0,0,59,59,8414,0,0,0,0,0
2020-09-26,US,West Virginia,Preston,153,4,0,39.46770987,-79.66712803,54077.0,457.64536970567116,2.6143790849673203,149,152,4,0,148,151,33839,1,0,0,1,1
2020-09-26,US,West Virginia,Putnam,550,5,0,38.50782345,-81.9082131,54079.0,974.313551815766,0.9090909090909092,545,538,5,0,533,529,56682,12,0,0,12,9
2020-09-26,US,West Virginia,Raleigh,510,8,0,37.76936795,-81.2456041,54081.0,695.192268371478,1.568627450980392,502,501,8,0,493,497,74254,9,0,0,9,4
2020-09-26,US,West Virginia,Randolph,242,2,0,38.769899,-79.87919615,54083.0,843.352500435616,0.8264462809917356,240,240,2,0,238,240,28823,2,0,0,2,0
2020-09-26,US,West Virginia,Ritchie,12,0,0,39.18094587,-81.06356878,54085.0,125.6018421603517,0.0,12,12,0,0,12,11,9721,0,0,0,0,1
2020-09-26,US,West Virginia,Roane,49,2,0,38.71622686,-81.35243568,54087.0,357.97779076563415,4.081632653061225,47,49,2,0,47,49,13932,0,0,0,0,0
2020-09-26,US,West Virginia,Summers,54,0,0,37.65390597,-80.86009693,54089.0,429.49176807444525,0.0,54,49,0,0,49,47,12760,5,0,0,5,2
2020-09-26,US,West Virginia,Taylor,124,6,0,39.33602617,-80.0421439,54091.0,742.7373465109314,4.838709677419356,118,120,6,0,114,120,16862,4,0,0,4,0
2020-09-26,US,West Virginia,Tucker,23,0,0,39.11240885,-79.57053576,54093.0,336.3064775551981,0.0,23,20,0,0,20,17,6955,3,0,0,3,3
2020-09-26,US,West Virginia,Tyler,16,1,0,39.46811972,-80.88772676,54095.0,186.2414154347573,6.25,15,16,1,0,15,15,8746,0,0,0,0,1
2020-09-26,US,West Virginia,Upshur,71,1,0,38.89285061,-80.23689136,54097.0,293.67968232958304,1.4084507042253518,70,64,1,0,63,64,24415,7,0,0,7,0
2020-09-26,US,West Virginia,Wayne,392,11,0,38.14901357,-82.42287994,54099.0,994.873356682402,2.8061224489795915,381,389,11,0,378,381,39944,3,0,0,3,8
2020-09-26,US,West Virginia,Webster,8,0,0,38.49370949,-80.4202023,54101.0,98.59502095144195,0.0,8,7,0,0,7,7,8285,1,0,0,1,0
2020-09-26,US,West Virginia,Wetzel,54,0,0,39.6065771,-80.64016540000001,54103.0,358.44673083305673,0.0,54,53,0,0,53,51,15270,1,0,0,1,2
2020-09-26,US,West Virginia,Wirt,12,0,0,39.02775007,-81.37473928,54105.0,206.15014602302008,0.0,12,12,0,0,12,12,5830,0,0,0,0,0
2020-09-26,US,West Virginia,Wood,362,6,0,39.20967886,-81.5162836,54107.0,433.4394980722718,1.6574585635359116,356,356,6,0,350,356,84203,6,0,0,6,0
2020-09-26,US,West Virginia,Wyoming,114,3,0,37.612327,-81.54511071,54109.0,558.9879376287143,2.631578947368421,111,110,3,0,107,108,20786,4,0,0,4,2
2020-09-26,US,Wisconsin,Adams,227,4,0,43.96974651,-89.76782777,55001.0,1122.650840751731,1.7621145374449338,223,226,4,0,222,219,20348,1,0,0,1,7
2020-09-26,US,Wisconsin,Ashland,99,2,0,46.31956891,-90.67837132,55003.0,636.1650173499552,2.0202020202020203,97,90,2,0,88,82,15600,9,0,0,9,8
2020-09-26,US,Wisconsin,Barron,456,4,0,45.42372701,-91.84833627,55005.0,1007.868446644859,0.8771929824561403,452,444,4,0,440,437,45164,12,0,0,12,7
2020-09-26,US,Wisconsin,Bayfield,99,1,0,46.52868768,-91.19716729,55007.0,658.4197924980048,1.0101010101010102,98,96,1,0,95,93,15042,3,0,0,3,3
2020-09-26,US,Wisconsin,Brown,8778,62,0,44.452655299999996,-88.00411844,55009.0,3318.1876601825043,0.7063112326270221,8716,8499,62,0,8437,8221,263378,279,0,0,279,278
2020-09-26,US,Wisconsin,Buffalo,138,2,0,44.37835084,-91.75332578,55011.0,1059.0131225539099,1.4492753623188406,136,134,2,0,132,130,13125,4,0,0,4,4
2020-09-26,US,Wisconsin,Burnett,186,3,0,45.86303537,-92.36711412,55013.0,1206.6952121448035,1.6129032258064515,183,172,3,0,169,165,15392,14,0,0,14,7
2020-09-26,US,Wisconsin,Calumet,1105,3,0,44.0816316,-88.21780273,55015.0,2206.0731897222945,0.27149321266968324,1102,1012,3,0,1009,984,50159,93,0,0,93,28
2020-09-26,US,Wisconsin,Chippewa,522,0,0,45.06939744,-91.28068855,55017.0,807.3246930000928,0.0,522,517,0,0,517,498,64135,5,0,0,5,19
2020-09-26,US,Wisconsin,Clark,384,8,0,44.73483377,-90.61207486,55019.0,1104.2733076436418,2.083333333333333,376,373,8,0,365,359,34709,11,0,0,11,14
2020-09-26,US,Wisconsin,Columbia,603,2,0,43.46492199,-89.33589004,55021.0,1048.1123548633805,0.33167495854063017,601,573,2,0,571,558,57358,30,0,0,30,15
2020-09-26,US,Wisconsin,Crawford,160,0,0,43.23870316,-90.93073686,55023.0,991.8789907631267,0.0,160,156,0,0,156,152,16291,4,0,0,4,4
2020-09-26,US,Wisconsin,Dane,9488,41,0,43.06601594,-89.41733797,55025.0,1735.519805375941,0.4321247892074199,9447,9345,41,0,9304,9203,542364,143,0,0,143,142
2020-09-26,US,Wisconsin,Dodge,1806,16,0,43.41576662,-88.70928178,55027.0,2056.0343355457144,0.8859357696566998,1790,1782,14,0,1768,1728,87847,24,2,0,22,54
2020-09-26,US,Wisconsin,Door,314,3,0,44.95856458,-87.30002707,55029.0,1134.8850657799624,0.9554140127388536,311,300,3,0,297,293,27610,14,0,0,14,7
2020-09-26,US,Wisconsin,Douglas,441,0,0,46.43222285,-91.91595768,55031.0,1022.0162224797219,0.0,441,417,0,0,417,405,43208,24,0,0,24,12
2020-09-26,US,Wisconsin,Dunn,498,0,0,44.94562799,-91.8962481,55033.0,1097.6900017633577,0.0,498,472,0,0,472,449,45131,26,0,0,26,23
2020-09-26,US,Wisconsin,Eau Claire,1840,6,0,44.726614,-91.28609183,55035.0,1758.3089654645185,0.32608695652173914,1834,1776,6,0,1770,1734,104534,64,0,0,64,42
2020-09-26,US,Wisconsin,Florence,89,2,0,45.84963535,-88.39804137,55037.0,2072.176949941793,2.247191011235955,87,87,1,0,86,78,4321,2,1,0,1,9
2020-09-26,US,Wisconsin,Fond du Lac,2013,13,0,43.75354908,-88.48885325,55039.0,1946.752028471128,0.6458022851465475,2000,1953,13,0,1940,1892,103066,60,0,0,60,61
2020-09-26,US,Wisconsin,Forest,269,4,0,45.66678019,-88.77084892,55041.0,2987.561083962684,1.4869888475836432,265,257,4,0,253,251,8991,12,0,0,12,6
2020-09-26,US,Wisconsin,Grant,953,19,0,42.8671731,-90.7063218,55043.0,1852.6798732479251,1.9937040923399791,934,926,19,0,907,894,51554,27,0,0,27,32
2020-09-26,US,Wisconsin,Green,485,3,0,42.6794956,-89.60243287,55045.0,1312.2294372294373,0.6185567010309279,482,475,2,0,473,466,36929,10,1,0,9,9
2020-09-26,US,Wisconsin,Green Lake,261,0,0,43.80025981,-89.04679553,55047.0,1380.0031724210862,0.0,261,244,0,0,244,231,18918,17,0,0,17,13
2020-09-26,US,Wisconsin,Iowa,180,0,0,43.00050278,-90.13469017,55049.0,760.199341160571,0.0,180,177,0,0,177,174,23771,3,0,0,3,3
2020-09-26,US,Wisconsin,Iron,140,1,0,46.26302338,-90.24295041,55051.0,2461.7548795498506,0.7142857142857143,139,138,1,0,137,138,5676,2,0,0,2,0
2020-09-26,US,Wisconsin,Jackson,145,1,0,44.31864893,-90.80566792,55053.0,702.4172843094511,0.6896551724137931,144,133,1,0,132,125,20478,12,0,0,12,8
2020-09-26,US,Wisconsin,Jefferson,1394,8,0,43.02054068,-88.77529134,55055.0,1644.4690865764608,0.5738880918220947,1386,1331,8,0,1323,1298,85129,63,0,0,63,33
2020-09-26,US,Wisconsin,Juneau,367,2,0,43.92456975,-90.11120239,55057.0,1375.201408925694,0.5449591280653951,365,364,2,0,362,354,26617,3,0,0,3,10
2020-09-26,US,Wisconsin,Kenosha,3476,65,0,42.57639354,-88.04051686,55059.0,2049.999705120871,1.8699654775604144,3411,3428,65,0,3363,3387,169290,48,0,0,48,41
2020-09-26,US,Wisconsin,Kewaunee,516,2,0,44.51727459,-87.61468386,55061.0,2525.2030928844088,0.3875968992248062,514,486,2,0,484,459,20383,30,0,0,30,27
2020-09-26,US,Wisconsin,La Crosse,2990,2,0,43.90632465,-91.11451093,55063.0,2533.554772234273,0.06688963210702341,2988,2946,2,0,2944,2838,118230,44,0,0,44,108
2020-09-26,US,Wisconsin,Lafayette,266,0,0,42.66005229,-90.1317729,55065.0,1596.159615961596,0.0,266,260,0,0,260,248,16665,6,0,0,6,12
2020-09-26,US,Wisconsin,Langlade,169,2,0,45.26271619,-89.07483625,55067.0,880.7129084371254,1.183431952662722,167,158,2,0,156,153,19268,11,0,0,11,5
2020-09-26,US,Wisconsin,Lincoln,206,1,0,45.33737523,-89.73411273,55069.0,746.566158083572,0.4854368932038835,205,186,1,0,185,176,27689,20,0,0,20,10
2020-09-26,US,Wisconsin,Manitowoc,1043,3,0,44.11946801,-87.80928853,55071.0,1320.5707701852346,0.28763183125599234,1040,992,3,0,989,957,79074,51,0,0,51,35
2020-09-26,US,Wisconsin,Marathon,1312,14,0,44.89792533,-89.75863384,55073.0,966.8956165433482,1.0670731707317074,1298,1234,14,0,1220,1193,135428,78,0,0,78,41
2020-09-26,US,Wisconsin,Marinette,884,8,0,45.38553432,-88.03324599999998,55075.0,2190.8302354399007,0.9049773755656108,876,854,8,0,846,816,40434,30,0,0,30,38
2020-09-26,US,Wisconsin,Marquette,251,1,0,43.81911946,-89.40073763,55077.0,1611.6604597405933,0.398406374501992,250,238,1,0,237,223,15434,13,0,0,13,15
2020-09-26,US,Wisconsin,Menominee,66,0,0,45.00422544,-88.70950714,55078.0,1448.6391571553995,0.0,66,63,0,0,63,59,4658,3,0,0,3,4
2020-09-26,US,Wisconsin,Milwaukee,28260,528,0,43.00486062,-87.96733172,55079.0,2988.1805089423365,1.8683651804670915,27732,27937,527,0,27410,27672,948201,323,1,0,322,265
2020-09-26,US,Wisconsin,Monroe,494,2,0,43.94641218,-90.61881899999999,55081.0,1068.0388299137353,0.4048582995951417,492,475,2,0,473,444,46051,19,0,0,19,31
2020-09-26,US,Wisconsin,Oconto,855,4,0,45.02715345,-88.26807503,55083.0,2254.152385974163,0.4678362573099415,851,794,4,0,790,765,37830,61,0,0,61,29
2020-09-26,US,Wisconsin,Oneida,435,2,0,45.70677897,-89.51944105,55085.0,1222.0817530552044,0.4597701149425287,433,419,2,0,417,398,35470,16,0,0,16,21
2020-09-26,US,Wisconsin,Outagamie,4252,29,0,44.41578887,-88.46565023,55087.0,2263.086462463741,0.6820319849482597,4223,4030,29,0,4001,3920,187365,222,0,0,222,110
2020-09-26,US,Wisconsin,Ozaukee,1329,19,0,43.38352225,-87.94625009,55089.0,1489.5596328218694,1.429646350639579,1310,1304,19,0,1285,1284,89147,25,0,0,25,20
2020-09-26,US,Wisconsin,Pepin,63,0,0,44.58307413,-91.99949611,55091.0,864.5533141210375,0.0,63,59,0,0,59,59,7289,4,0,0,4,0
2020-09-26,US,Wisconsin,Pierce,434,7,0,44.71850291,-92.4224416,55093.0,1015.1096973382608,1.6129032258064515,427,428,7,0,421,419,42555,6,0,0,6,9
2020-09-26,US,Wisconsin,Polk,241,2,0,45.46130348,-92.44182875,55095.0,550.4419523559372,0.8298755186721992,239,236,2,0,234,231,43598,5,0,0,5,5
2020-09-26,US,Wisconsin,Portage,1379,4,0,44.47558711,-89.50152965,55097.0,1948.5107104504611,0.29006526468455396,1375,1335,4,0,1331,1286,70942,44,0,0,44,49
2020-09-26,US,Wisconsin,Price,88,0,0,45.68051754,-90.36098879999999,55099.0,659.1266571792376,0.0,88,73,0,0,73,69,13397,15,0,0,15,4
2020-09-26,US,Wisconsin,Racine,4805,95,0,42.74753117,-88.05941254,55101.0,2447.6468460758692,1.977107180020812,4710,4723,95,0,4628,4656,196584,82,0,0,82,67
2020-09-26,US,Wisconsin,Richland,123,4,0,43.3762778,-90.43012729,55103.0,712.9608161372595,3.2520325203252027,119,118,4,0,114,103,17377,5,0,0,5,15
2020-09-26,US,Wisconsin,Rock,2473,32,0,42.67151616,-89.07147900000002,55105.0,1513.8900792144668,1.2939749292357459,2441,2447,32,0,2415,2382,163129,26,0,0,26,65
2020-09-26,US,Wisconsin,Rusk,61,1,0,45.47498854,-91.1333012,55107.0,430.2440400620681,1.639344262295082,60,59,1,0,58,55,14147,2,0,0,2,4
2020-09-26,US,Wisconsin,Sauk,885,3,0,43.42574087,-89.94966132,55111.0,1373.3279538189379,0.3389830508474576,882,868,3,0,865,858,64249,17,0,0,17,10
2020-09-26,US,Wisconsin,Sawyer,206,1,0,45.87931905,-91.14504927,55113.0,1244.1116076820872,0.4854368932038835,205,202,1,0,201,200,16489,4,0,0,4,2
2020-09-26,US,Wisconsin,Shawano,791,1,0,44.78902246,-88.76443896,55115.0,1934.0326169343994,0.1264222503160556,790,732,1,0,731,688,40796,59,0,0,59,44
2020-09-26,US,Wisconsin,Sheboygan,1568,16,0,43.72099677,-87.94579284,55117.0,1359.4589908097798,1.020408163265306,1552,1549,15,0,1534,1529,115456,19,1,0,18,20
2020-09-26,US,Wisconsin,St. Croix,902,8,0,45.03437474,-92.45000068,55109.0,994.6298807987912,0.8869179600886918,894,885,8,0,877,868,89694,17,0,0,17,17
2020-09-26,US,Wisconsin,Taylor,174,4,0,45.21179252,-90.5004405,55119.0,855.3310721132576,2.2988505747126435,170,167,4,0,163,163,20412,7,0,0,7,4
2020-09-26,US,Wisconsin,Trempealeau,623,2,0,44.30360275,-91.35893614,55121.0,2101.2513069580764,0.3210272873194221,621,610,2,0,608,596,29442,13,0,0,13,14
2020-09-26,US,Wisconsin,Vernon,215,0,0,43.59422667,-90.8324691,55123.0,697.5536954123677,0.0,215,208,0,0,208,193,30785,7,0,0,7,15
2020-09-26,US,Wisconsin,Vilas,201,1,0,46.05467334,-89.51719204,55125.0,905.609371480063,0.4975124378109453,200,193,1,0,192,184,21938,8,0,0,8,9
2020-09-26,US,Wisconsin,Walworth,2578,35,0,42.66858202,-88.54163073,55127.0,2481.996380020796,1.3576415826221877,2543,2549,35,0,2514,2525,103718,29,0,0,29,24
2020-09-26,US,Wisconsin,Washburn,101,1,0,45.89838588,-91.79050449,55129.0,642.4936386768447,0.99009900990099,100,98,1,0,97,96,15878,3,0,0,3,2
2020-09-26,US,Wisconsin,Washington,2534,32,0,43.36863664,-88.22974712,55131.0,1862.769601717217,1.2628255722178374,2502,2497,32,0,2465,2442,135693,37,0,0,37,55
2020-09-26,US,Wisconsin,Waukesha,7254,87,0,43.01833055,-88.30431188,55133.0,1794.6649909202915,1.1993382961124897,7167,7075,87,0,6988,6945,403072,179,0,0,179,130
2020-09-26,US,Wisconsin,Waupaca,1011,20,0,44.47068056,-88.96534501,55135.0,1982.7417140615808,1.9782393669634024,991,987,20,0,967,963,51128,24,0,0,24,24
2020-09-26,US,Wisconsin,Waushara,331,2,0,44.11324419,-89.24317107,55137.0,1354.1709282821255,0.6042296072507553,329,320,2,0,318,304,24263,11,0,0,11,16
2020-09-26,US,Wisconsin,Winnebago,3568,26,0,44.06886922,-88.64477096,55139.0,2075.5408447590853,0.7286995515695067,3542,3378,25,0,3353,3168,171020,190,1,0,189,210
2020-09-26,US,Wisconsin,Wood,792,5,0,44.45537896,-90.04158336,55141.0,1084.9463691283445,0.6313131313131313,787,759,5,0,754,739,73055,33,0,0,33,20
2020-09-26,US,Wyoming,Albany,493,0,0,41.65498705,-105.72354150000001,56001.0,1268.0041152263375,0.0,493,480,0,0,480,461,38601,13,0,0,13,19
2020-09-26,US,Wyoming,Big Horn,54,2,0,44.52405055,-107.9960365,56003.0,458.01526717557266,3.703703703703704,52,54,2,0,52,52,11881,0,0,0,0,2
2020-09-26,US,Wyoming,Campbell,294,1,0,44.24886082,-105.54744040000001,56005.0,634.427396905548,0.3401360544217687,293,294,1,0,293,279,46140,0,0,0,0,15
2020-09-26,US,Wyoming,Carbon,225,2,0,41.69357844,-106.9326084,56007.0,1520.2702702702704,0.8888888888888888,223,222,2,0,220,222,14971,3,0,0,3,0
2020-09-26,US,Wyoming,Converse,113,0,0,42.97272268,-105.5081848,56009.0,817.5372594414702,0.0,113,113,0,0,113,112,13640,0,0,0,0,1
2020-09-26,US,Wyoming,Crook,41,0,0,44.58855102,-104.56977049999999,56011.0,540.6118143459915,0.0,41,40,0,0,40,38,7450,1,0,0,1,2
2020-09-26,US,Wyoming,Fremont,702,14,0,43.04183996,-108.6296893,56013.0,1788.033926797585,1.9943019943019944,688,699,14,0,685,692,39531,3,0,0,3,7
2020-09-26,US,Wyoming,Goshen,86,2,0,42.08798185,-104.3534743,56015.0,650.9726742865794,2.3255813953488373,84,86,2,0,84,83,13376,0,0,0,0,3
2020-09-26,US,Wyoming,Hot Springs,37,0,0,43.71930657,-108.44231740000001,56017.0,838.4319057330614,0.0,37,37,0,0,37,37,4555,0,0,0,0,0
2020-09-26,US,Wyoming,Johnson,35,1,0,44.04057166,-106.58451740000001,56019.0,414.44641799881583,2.8571428571428568,34,33,1,0,32,33,8460,2,0,0,2,0
2020-09-26,US,Wyoming,Laramie,680,4,0,41.30702520000001,-104.6887497,56021.0,683.4170854271358,0.5882352941176471,676,678,4,0,674,672,98976,2,0,0,2,6
2020-09-26,US,Wyoming,Lincoln,170,1,0,42.26376367,-110.6563997,56023.0,857.2869389813416,0.5882352941176471,169,170,1,0,169,166,19434,0,0,0,0,4
2020-09-26,US,Wyoming,Natrona,532,4,0,42.96180148,-106.79788500000001,56025.0,666.1824738911567,0.7518796992481203,528,528,4,0,524,507,79115,4,0,0,4,21
2020-09-26,US,Wyoming,Niobrara,4,0,0,43.05607708,-104.47588959999999,56027.0,169.77928692699493,0.0,4,4,0,0,4,4,2388,0,0,0,0,0
2020-09-26,US,Wyoming,Park,230,2,0,44.52157546,-109.58528249999999,56029.0,787.8331163937795,0.8695652173913043,228,227,2,0,225,218,29324,3,0,0,3,9
2020-09-26,US,Wyoming,Platte,28,1,0,42.13299116,-104.96633100000001,56031.0,333.6113427856547,3.571428571428572,27,27,1,0,26,25,8566,1,0,0,1,2
2020-09-26,US,Wyoming,Sheridan,275,4,0,44.79048913,-106.8862389,56033.0,902.0829916352304,1.4545454545454546,271,272,4,0,268,270,30233,3,0,0,3,2
2020-09-26,US,Wyoming,Sublette,98,1,0,42.76558279,-109.91309220000001,56035.0,996.8467093886684,1.020408163265306,97,95,1,0,94,90,9813,3,0,0,3,5
2020-09-26,US,Wyoming,Sweetwater,332,2,0,41.65943896,-108.8827882,56037.0,784.0729282289868,0.6024096385542169,330,332,2,0,330,328,43051,0,0,0,0,4
2020-09-26,US,Wyoming,Teton,536,1,0,43.93522482,-110.5890801,56039.0,2284.350494374361,0.1865671641791045,535,532,1,0,531,529,23081,4,0,0,4,3
2020-09-26,US,Wyoming,Uinta,350,2,0,41.2878183,-110.54757820000002,56041.0,1730.4459606447147,0.5714285714285714,348,348,2,0,346,347,20299,2,0,0,2,1
2020-09-26,US,Wyoming,Washakie,114,6,0,43.90451606,-107.68018700000002,56043.0,1460.602178090967,5.2631578947368425,108,114,6,0,108,113,7885,0,0,0,0,1
2020-09-26,US,Wyoming,Weston,36,0,0,43.83961191,-104.56748809999999,56045.0,519.705500216544,0.0,36,35,0,0,35,27,6967,1,0,0,1,8
