Date,Country/Region,Province/State,Admin2,Confirmed,Deaths,Recovered,Latitude,Longitude,FIPS,Incidence_Rate,Case-Fatality_Ratio,Active Cases,Previous Confirmed,Previous Deaths,Previous Recovered,Previous Active,Prev2 Confirmed,Population,Daily Confirmed,Daily Deaths,Daily Recovered,Daily Active,Previous Daily Confirmed
2020-10-14,US,Alabama,Autauga,1928,28,0,32.53952745,-86.64408227,1001.0,3450.9298537650566,1.4522821576763485,1900,1924,28,0,1896,1911,55601,4,0,0,4,13
2020-10-14,US,Alabama,Baldwin,6270,66,0,30.72774991,-87.72207058,1003.0,2808.71193456194,1.0526315789473684,6204,6248,65,0,6183,6220,218022,22,1,0,21,28
2020-10-14,US,Alabama,Barbour,950,9,0,31.868263,-85.3871286,1005.0,3848.335088714251,0.9473684210526316,941,951,9,0,942,944,24881,-1,0,0,-1,7
2020-10-14,US,Alabama,Bibb,744,13,0,32.99642064,-87.12511459999996,1007.0,3322.318478163793,1.7473118279569892,731,744,12,0,732,738,22400,0,1,0,-1,6
2020-10-14,US,Alabama,Blount,1750,23,0,33.98210918,-86.56790593,1009.0,3026.320340331339,1.3142857142857145,1727,1742,16,0,1726,1722,57840,8,7,0,1,20
2020-10-14,US,Alabama,Bullock,628,16,0,32.10030533,-85.71265535,1011.0,6217.206217206217,2.5477707006369426,612,626,16,0,610,625,10138,2,0,0,2,1
2020-10-14,US,Alabama,Butler,977,40,0,31.75300095,-86.68057478,1013.0,5023.652817770465,4.094165813715455,937,968,40,0,928,962,19680,9,0,0,9,6
2020-10-14,US,Alabama,Calhoun,3922,57,0,33.77483727,-85.82630386,1015.0,3452.312838343383,1.4533401325854156,3865,3897,49,0,3848,3861,114277,25,8,0,17,36
2020-10-14,US,Alabama,Chambers,1256,43,0,32.91360079,-85.39072749,1017.0,3776.9892343778192,3.423566878980892,1213,1254,43,0,1211,1245,33615,2,0,0,2,9
2020-10-14,US,Alabama,Cherokee,687,14,0,34.17805983,-85.60638968,1019.0,2622.5377920293176,2.037845705967977,673,687,13,0,674,674,26032,0,1,0,-1,13
2020-10-14,US,Alabama,Chilton,1740,31,0,32.85044126,-86.7173256,1021.0,3916.4490861618797,1.7816091954022988,1709,1738,30,0,1708,1733,44153,2,1,0,1,5
2020-10-14,US,Alabama,Choctaw,377,12,0,32.02227341,-88.26564429999998,1023.0,2994.677893398999,3.1830238726790454,365,377,12,0,365,377,12841,0,0,0,0,0
2020-10-14,US,Alabama,Clarke,1229,16,0,31.68099859,-87.83548597,1025.0,5202.7770722208115,1.301871440195281,1213,1223,16,0,1207,1220,23920,6,0,0,6,3
2020-10-14,US,Alabama,Clay,667,11,0,33.26984193,-85.85836077,1027.0,5039.667548167737,1.6491754122938531,656,661,9,0,652,650,13275,6,2,0,4,11
2020-10-14,US,Alabama,Cleburne,483,6,0,33.67679204,-85.52005899,1029.0,3239.43661971831,1.2422360248447204,477,475,6,0,469,469,14987,8,0,0,8,6
2020-10-14,US,Alabama,Coffee,1568,7,0,31.39932826,-85.98901039,1031.0,2995.682243704864,0.44642857142857145,1561,1551,6,0,1545,1543,51909,17,1,0,16,8
2020-10-14,US,Alabama,Colbert,1840,27,0,34.69847452,-87.80168544,1033.0,3330.8593255009864,1.4673913043478262,1813,1832,27,0,1805,1824,54762,8,0,0,8,8
2020-10-14,US,Alabama,Conecuh,549,12,0,31.43401703,-86.99320044,1035.0,4549.598077401177,2.1857923497267757,537,549,12,0,537,547,12277,0,0,0,0,2
2020-10-14,US,Alabama,Coosa,190,3,0,32.93690146,-86.24847739,1037.0,1781.8625152396137,1.5789473684210529,187,189,3,0,186,188,10715,1,0,0,1,1
2020-10-14,US,Alabama,Covington,1585,29,0,31.247785399999998,-86.45050893,1039.0,4278.118167831791,1.8296529968454256,1556,1584,29,0,1555,1570,36986,1,0,0,1,14
2020-10-14,US,Alabama,Crenshaw,574,30,0,31.72941803,-86.31593104,1041.0,4167.8768515829215,5.2264808362369335,544,570,30,0,540,567,13824,4,0,0,4,3
2020-10-14,US,Alabama,Cullman,2132,21,0,34.13020303,-86.86888037,1043.0,2545.1246299302843,0.9849906191369606,2111,2110,21,0,2089,2073,83442,22,0,0,22,37
2020-10-14,US,Alabama,Dale,1564,50,0,31.43037123,-85.61095742,1045.0,3180.671927112991,3.1969309462915603,1514,1561,50,0,1511,1557,48956,3,0,0,3,4
2020-10-14,US,Alabama,Dallas,1837,26,0,32.32688101,-87.10866709999998,1047.0,4938.703086353371,1.4153511159499184,1811,1836,26,0,1810,1832,38310,1,0,0,1,4
2020-10-14,US,Alabama,DeKalb,2942,24,0,34.45946862,-85.80782906,1049.0,4113.937326080572,0.8157715839564922,2918,2913,24,0,2889,2854,71385,29,0,0,29,59
2020-10-14,US,Alabama,Elmore,3009,51,0,32.59785413,-86.14415284,1051.0,3705.254343730375,1.6949152542372878,2958,2995,50,0,2945,2967,81887,14,1,0,13,28
2020-10-14,US,Alabama,Escambia,1687,27,0,31.1256789,-87.15918694,1053.0,4605.13744438075,1.6004742145820985,1660,1690,27,0,1663,1684,36748,-3,0,0,-3,6
2020-10-14,US,Alabama,Etowah,3869,46,0,34.04567266,-86.04051873,1055.0,3783.1970899988255,1.1889377100025846,3823,3838,45,0,3793,3806,102501,31,1,0,30,32
2020-10-14,US,Alabama,Fayette,520,10,0,33.72076938,-87.73886638,1057.0,3189.7926634768737,1.9230769230769231,510,518,10,0,508,515,16433,2,0,0,2,3
2020-10-14,US,Alabama,Franklin,1916,30,0,34.44235334,-87.84289505,1059.0,6109.304253555258,1.5657620041753653,1886,1900,30,0,1870,1896,31363,16,0,0,16,4
2020-10-14,US,Alabama,Geneva,806,7,0,31.09389027,-85.83572839,1061.0,3068.021773057744,0.8684863523573201,799,799,6,0,793,796,26314,7,1,0,6,3
2020-10-14,US,Alabama,Greene,329,15,0,32.85504247,-87.95684022,1063.0,4056.219948218469,4.5592705167173255,314,326,15,0,311,326,8233,3,0,0,3,0
2020-10-14,US,Alabama,Hale,714,29,0,32.76039258,-87.63284988,1065.0,4873.387482083134,4.061624649859944,685,712,29,0,683,703,14726,2,0,0,2,9
2020-10-14,US,Alabama,Henry,611,5,0,31.51148016,-85.24267944,1067.0,3551.293228712584,0.8183306055646481,606,605,5,0,600,602,17209,6,0,0,6,3
2020-10-14,US,Alabama,Houston,3537,25,0,31.15197924,-85.29939599,1069.0,3340.5111350371167,0.7068136839129205,3512,3515,25,0,3490,3511,104722,22,0,0,22,4
2020-10-14,US,Alabama,Jackson,1876,13,0,34.78144169,-85.99750489,1071.0,3633.827916166273,0.6929637526652452,1863,1845,12,0,1833,1834,51736,31,1,0,30,11
2020-10-14,US,Alabama,Jefferson,21746,362,0,33.55554728,-86.89506300000002,1073.0,3301.9877826755733,1.6646739630276832,21384,21652,362,0,21290,21516,659300,94,0,0,94,136
2020-10-14,US,Alabama,Lamar,426,3,0,33.77995024,-88.09668032,1075.0,3085.8384643245195,0.7042253521126759,423,424,3,0,421,423,13844,2,0,0,2,1
2020-10-14,US,Alabama,Lauderdale,1950,38,0,34.90171875,-87.65624729,1077.0,2102.902004766578,1.948717948717949,1912,1944,37,0,1907,1935,92387,6,1,0,5,9
2020-10-14,US,Alabama,Lawrence,748,28,0,34.52041498,-87.31069453,1079.0,2271.898918721905,3.7433155080213902,720,741,28,0,713,729,32957,7,0,0,7,12
2020-10-14,US,Alabama,Lee,6346,64,0,32.60154883,-85.35132246,1081.0,3856.7660536519543,1.0085092971950835,6282,6335,64,0,6271,6325,163941,11,0,0,11,10
2020-10-14,US,Alabama,Limestone,2574,25,0,34.81185586,-86.98310072,1083.0,2602.2342415204976,0.9712509712509712,2549,2541,23,0,2518,2523,96174,33,2,0,31,18
2020-10-14,US,Alabama,Lowndes,685,27,0,32.1597283,-86.65158371,1085.0,7042.9775858523535,3.9416058394160585,658,685,27,0,658,682,9974,0,0,0,0,3
2020-10-14,US,Alabama,Macon,520,18,0,32.38759944,-85.69267724,1087.0,2878.016382554793,3.4615384615384617,502,519,18,0,501,515,18439,1,0,0,1,4
2020-10-14,US,Alabama,Madison,8678,83,0,34.76327133,-86.55069633,1089.0,2327.1092947609204,0.9564415764000922,8595,8646,83,0,8563,8605,366519,32,0,0,32,41
2020-10-14,US,Alabama,Marengo,910,21,0,32.24767634,-87.78796182,1091.0,4824.2591316333555,2.3076923076923075,889,903,20,0,883,898,19066,7,1,0,6,5
2020-10-14,US,Alabama,Marion,1025,29,0,34.13697363,-87.88704173,1093.0,3450.132956343196,2.8292682926829267,996,1024,29,0,995,1022,29763,1,0,0,1,2
2020-10-14,US,Alabama,Marshall,4182,46,0,34.36975964,-86.30486727,1095.0,4321.408642817286,1.0999521759923478,4136,4172,45,0,4127,4153,96109,10,1,0,9,19
2020-10-14,US,Alabama,Mobile,14056,312,0,30.78472347,-88.20842409,1097.0,3401.660172793495,2.2196926579396696,13744,14023,309,0,13714,13983,413757,33,3,0,30,40
2020-10-14,US,Alabama,Monroe,615,9,0,31.56729412,-87.36995001,1099.0,2966.2856316017933,1.4634146341463414,606,614,9,0,605,610,21067,1,0,0,1,4
2020-10-14,US,Alabama,Montgomery,9399,194,0,32.2206831,-86.20969272,1101.0,4149.925381701297,2.0640493669539315,9205,9346,189,0,9157,9293,225763,53,5,0,48,53
2020-10-14,US,Alabama,Morgan,3757,32,0,34.45500589,-86.85475946,1103.0,3139.230775658219,0.8517434122970455,3725,3724,32,0,3692,3691,119089,33,0,0,33,33
2020-10-14,US,Alabama,Perry,575,6,0,32.64048341,-87.29770589,1105.0,6444.021069147148,1.0434782608695652,569,575,6,0,569,572,9140,0,0,0,0,3
2020-10-14,US,Alabama,Pickens,747,15,0,33.28094866,-88.08818103,1107.0,3748.118414450577,2.0080321285140563,732,735,15,0,720,723,19938,12,0,0,12,12
2020-10-14,US,Alabama,Pike,1284,12,0,31.80396383,-85.9408295,1109.0,3877.514042398985,0.9345794392523364,1272,1280,12,0,1268,1272,33338,4,0,0,4,8
2020-10-14,US,Alabama,Randolph,761,13,0,33.29526734,-85.45708831,1111.0,3349.1770090661034,1.7082785808147174,748,747,13,0,734,740,22725,14,0,0,14,7
2020-10-14,US,Alabama,Russell,1868,3,0,32.28725256,-85.18415324,1113.0,3222.8567485033036,0.16059957173447534,1865,1869,3,0,1866,1859,57781,-1,0,0,-1,10
2020-10-14,US,Alabama,Shelby,6804,59,0,33.26879845,-86.66232561,1117.0,3125.373216598837,0.8671369782480893,6745,6758,58,0,6700,6706,215707,46,1,0,45,52
2020-10-14,US,Alabama,St. Clair,2647,41,0,33.71902176,-86.31029372,1115.0,2957.145410671195,1.5489233094068755,2606,2631,41,0,2590,2590,88690,16,0,0,16,41
2020-10-14,US,Alabama,Sumter,459,21,0,32.59117397,-88.19916205,1119.0,3693.570451436388,4.575163398692809,438,457,21,0,436,457,12691,2,0,0,2,0
2020-10-14,US,Alabama,Talladega,2454,33,0,33.37823223,-86.16886178,1121.0,3068.3437945435,1.344743276283619,2421,2447,33,0,2414,2408,79828,7,0,0,7,39
2020-10-14,US,Alabama,Tallapoosa,1236,85,0,32.86698258,-85.79833053,1123.0,3061.907003245225,6.877022653721683,1151,1233,85,0,1148,1222,40497,3,0,0,3,11
2020-10-14,US,Alabama,Tuscaloosa,9651,128,0,33.28726072,-87.52556818,1125.0,4609.873181915885,1.326287431354264,9523,9619,128,0,9491,9547,208911,32,0,0,32,72
2020-10-14,US,Alabama,Walker,2590,91,0,33.80270512,-87.30027177,1127.0,4077.391728719637,3.5135135135135136,2499,2586,91,0,2495,2539,63711,4,0,0,4,47
2020-10-14,US,Alabama,Washington,611,12,0,31.4092794,-88.20689944,1129.0,3742.496631140512,1.9639934533551555,599,607,12,0,595,606,16378,4,0,0,4,1
2020-10-14,US,Alabama,Wilcox,554,11,0,31.98773215,-87.30891118,1131.0,5340.78858575147,1.985559566787004,543,554,11,0,543,553,10627,0,0,0,0,1
2020-10-14,US,Alabama,Winston,856,13,0,34.15030532,-87.37325922,1133.0,3622.6670616615165,1.5186915887850467,843,849,12,0,837,833,23660,7,1,0,6,16
2020-10-14,US,Alaska,Aleutians East,5,0,0,55.32222414,-161.9722021,2013.0,149.8351813005694,0.0,5,5,0,0,5,5,3515,0,0,0,0,0
2020-10-14,US,Alaska,Aleutians West,5,0,0,52.3233,-174.1596,2016.0,88.74689385871494,0.0,5,5,0,0,5,5,5723,0,0,0,0,0
2020-10-14,US,Alaska,Anchorage,5699,41,0,61.14998174,-149.14269860000005,2020.0,1978.8194444444448,0.7194244604316546,5658,5597,38,0,5559,5528,291538,102,3,0,99,69
2020-10-14,US,Alaska,Bethel,189,1,0,60.90980451,-159.8561831,2050.0,1027.956053518982,0.5291005291005291,188,188,1,0,187,184,18216,1,0,0,1,4
2020-10-14,US,Alaska,Bristol Bay,10,0,0,58.74513976,-156.701064,2060.0,1196.1722488038274,0.0,10,10,0,0,10,10,877,0,0,0,0,0
2020-10-14,US,Alaska,Denali,13,0,0,63.67264044,-150.0076108,2068.0,619.933237958989,0.0,13,13,0,0,13,13,2059,0,0,0,0,0
2020-10-14,US,Alaska,Dillingham,12,0,0,59.79603738,-158.23819419999995,2070.0,244.10089503661519,0.0,12,12,0,0,12,12,5000,0,0,0,0,0
2020-10-14,US,Alaska,Fairbanks North Star,1626,11,0,64.80726247,-146.5692662,2090.0,1678.9022085927575,0.6765067650676507,1615,1613,11,0,1602,1586,98971,13,0,0,13,27
2020-10-14,US,Alaska,Haines,6,0,0,59.09893571,-135.4679843,2100.0,237.15415019762847,0.0,6,6,0,0,6,5,2474,0,0,0,0,1
2020-10-14,US,Alaska,Juneau,335,3,0,58.45031811,-134.200436,2110.0,1047.7262776005505,0.8955223880597015,332,330,2,0,328,325,32113,5,1,0,4,5
2020-10-14,US,Alaska,Kenai Peninsula,539,3,0,60.24429722,-151.53888840000005,2122.0,918.1031545956256,0.5565862708719852,536,534,3,0,531,519,58533,5,0,0,5,15
2020-10-14,US,Alaska,Ketchikan Gateway,54,0,0,55.57445008,-130.975561,2130.0,388.4612617797281,0.0,54,54,0,0,54,54,13918,0,0,0,0,0
2020-10-14,US,Alaska,Kodiak Island,41,0,0,57.65529415,-153.7493579,2150.0,315.43314356054776,0.0,41,41,0,0,41,41,13345,0,0,0,0,0
2020-10-14,US,Alaska,Kusilvak,24,0,0,62.15429159999999,-163.39678830000003,2158.0,288.6697137358672,0.0,24,24,0,0,24,22,8303,0,0,0,0,2
2020-10-14,US,Alaska,Matanuska-Susitna,766,2,0,62.31305045,-149.5741743,2170.0,707.1835445959545,0.2610966057441253,764,763,2,0,761,751,107610,3,0,0,3,12
2020-10-14,US,Alaska,Nome,107,0,0,64.90320724,-164.0353804,2180.0,1069.5721711315473,0.0,107,103,0,0,103,103,10008,4,0,0,4,0
2020-10-14,US,Alaska,North Slope,178,0,0,69.31479216,-153.4836093,2185.0,1810.4149715215624,0.0,178,174,0,0,174,165,9872,4,0,0,4,9
2020-10-14,US,Alaska,Northwest Arctic,187,0,0,67.04919196,-159.7503946,2188.0,2453.7462275291955,0.0,187,183,0,0,183,179,7671,4,0,0,4,4
2020-10-14,US,Alaska,Petersburg,8,1,0,57.13978948,-132.9540995,2195.0,244.94794856093085,12.5,7,8,1,0,7,8,3221,0,0,0,0,0
2020-10-14,US,Alaska,Prince of Wales-Hyder,31,0,0,55.76261984,-133.0511621,2198.0,499.7581815250685,0.0,31,31,0,0,31,31,6422,0,0,0,0,0
2020-10-14,US,Alaska,Sitka,55,0,0,57.24124555,-135.3206587,2220.0,647.5921346991639,0.0,55,54,0,0,54,54,8647,1,0,0,1,0
2020-10-14,US,Alaska,Southeast Fairbanks,34,0,0,63.87692095,-143.2127643,2240.0,493.254025823299,0.0,34,34,0,0,34,34,6918,0,0,0,0,0
2020-10-14,US,Alaska,Unassigned,22,0,0,0.0,0.0,90002.0,0.0,0.0,22,22,0,0,22,22,,0,0,0,0,0
2020-10-14,US,Alaska,Valdez-Cordova,92,0,0,61.47502768,-144.7126799,2261.0,999.7826559443599,0.0,92,92,0,0,92,89,9164,0,0,0,0,3
2020-10-14,US,Alaska,Wrangell,13,0,0,56.3202004,-132.05837309999998,2275.0,519.5843325339728,0.0,13,13,0,0,13,13,2503,0,0,0,0,0
2020-10-14,US,Alaska,Yakutat,25,0,0,59.890980799999994,-140.36014509999998,2282.0,4317.789291882556,0.0,25,25,0,0,25,25,604,0,0,0,0,0
2020-10-14,US,Alaska,Yukon-Koyukuk,94,2,0,65.50815459,-151.39073869999999,2290.0,1797.323135755258,2.127659574468085,92,94,2,0,92,94,5327,0,0,0,0,0
2020-10-14,US,Arizona,Apache,3734,166,0,35.39465006,-109.4892383,4001.0,5194.263218662623,4.445634708087842,3568,3708,166,0,3542,3706,71818,26,0,0,26,2
2020-10-14,US,Arizona,Cochise,1986,73,0,31.87934684,-109.7516088,4003.0,1577.1668175537238,3.6757301107754285,1913,1972,73,0,1899,1965,126770,14,0,0,14,7
2020-10-14,US,Arizona,Coconino,4563,145,0,35.83883429,-111.77071780000001,4005.0,3180.322841450835,3.1777339469647163,4418,4529,145,0,4384,4498,142854,34,0,0,34,31
2020-10-14,US,Arizona,Gila,1597,61,0,33.80190085,-110.8132779,4007.0,2956.4219334295976,3.819661865998748,1536,1537,61,0,1476,1525,53889,60,0,0,60,12
2020-10-14,US,Arizona,Graham,963,26,0,32.93166885,-109.8882178,4009.0,2479.594201405876,2.699896157840083,937,951,26,0,925,942,38072,12,0,0,12,9
2020-10-14,US,Arizona,Greenlee,66,1,0,33.21498827,-109.2405279,4011.0,694.8831332912192,1.5151515151515151,65,64,1,0,63,62,9483,2,0,0,2,2
2020-10-14,US,Arizona,La Paz,575,16,0,33.72854224,-113.98100290000001,4012.0,2724.085654728065,2.782608695652174,559,572,16,0,556,571,21098,3,0,0,3,1
2020-10-14,US,Arizona,Maricopa,147551,3475,0,33.34835867,-112.49181540000001,4013.0,3289.5737160493986,2.355117891440925,144076,147010,3471,0,143539,146574,4410824,541,4,0,537,436
2020-10-14,US,Arizona,Mohave,4121,228,0,35.70471703,-113.7577902,4015.0,1942.2097171754306,5.53263770929386,3893,4096,228,0,3868,4089,209550,25,0,0,25,7
2020-10-14,US,Arizona,Navajo,5959,236,0,35.3997715,-110.3218983,4017.0,5372.1466950344375,3.96039603960396,5723,5923,236,0,5687,5910,110445,36,0,0,36,13
2020-10-14,US,Arizona,Pima,26632,633,0,32.0971334,-111.7890033,4019.0,2542.9708797751127,2.3768398918594174,25999,26516,633,0,25883,26465,1039073,116,0,0,116,51
2020-10-14,US,Arizona,Pinal,11152,213,0,32.90525627,-111.3449483,4021.0,2409.737482956596,1.9099713055954088,10939,11123,212,0,10911,11076,447138,29,1,0,28,47
2020-10-14,US,Arizona,Santa Cruz,2921,64,0,31.52508998,-110.8479088,4023.0,6281.990623252614,2.19103046901746,2857,2922,64,0,2858,2915,46511,-1,0,0,-1,7
2020-10-14,US,Arizona,Unassigned,0,1,0,0.0,0.0,90004.0,0.0,0.0,-1,1,1,0,0,0,,-1,0,0,-1,1
2020-10-14,US,Arizona,Yavapai,2727,86,0,34.59933926,-112.5538588,4025.0,1159.936877655796,3.153648698203153,2641,2721,86,0,2635,2706,231993,6,0,0,6,15
2020-10-14,US,Arizona,Yuma,13088,348,0,32.76895712,-113.90666740000002,4027.0,6121.981224302695,2.658924205378973,12740,13089,348,0,12741,13046,212128,-1,0,0,-1,43
2020-10-14,US,Arkansas,Arkansas,578,11,0,34.29145151,-91.37277296,5001.0,3305.501544092417,1.9031141868512111,567,569,11,0,558,562,17769,9,0,0,9,7
2020-10-14,US,Arkansas,Ashley,488,12,0,33.19153461,-91.76984709999999,5003.0,2482.576181512947,2.459016393442623,476,484,12,0,472,481,20046,4,0,0,4,3
2020-10-14,US,Arkansas,Baxter,490,5,0,36.28784385,-92.33782872,5005.0,1168.5586187160166,1.020408163265306,485,475,5,0,470,469,41619,15,0,0,15,6
2020-10-14,US,Arkansas,Benton,7348,102,0,36.33644656,-94.25680817,5007.0,2632.3614230800918,1.3881328252585738,7246,7288,102,0,7186,7233,272608,60,0,0,60,55
2020-10-14,US,Arkansas,Boone,899,27,0,36.3084504,-93.09374925,5009.0,2401.688394956187,3.0033370411568407,872,887,26,0,861,882,37480,12,1,0,11,5
2020-10-14,US,Arkansas,Bradley,350,8,0,33.46755808,-92.15980837,5011.0,3251.8814456935797,2.2857142857142856,342,350,8,0,342,350,10897,0,0,0,0,0
2020-10-14,US,Arkansas,Calhoun,39,0,0,33.55598792,-92.49974403,5013.0,751.5899017151668,0.0,39,39,0,0,39,39,5277,0,0,0,0,0
2020-10-14,US,Arkansas,Carroll,893,12,0,36.34038560000001,-93.54270261,5015.0,3146.5821000704723,1.3437849944008962,881,879,12,0,867,870,28223,14,0,0,14,9
2020-10-14,US,Arkansas,Chicot,1022,22,0,33.26458973,-91.29539209,5017.0,10100.810436845226,2.152641878669276,1000,1018,22,0,996,1018,10438,4,0,0,4,0
2020-10-14,US,Arkansas,Clark,437,5,0,34.04613432,-93.17484713,5019.0,1957.8853046594986,1.1441647597254003,432,429,5,0,424,425,22061,8,0,0,8,4
2020-10-14,US,Arkansas,Clay,396,11,0,36.36826212,-90.4148172,5021.0,2721.4624424438184,2.7777777777777777,385,384,11,0,373,381,14847,12,0,0,12,3
2020-10-14,US,Arkansas,Cleburne,399,14,0,35.53864922,-92.02640019,5023.0,1601.1878486295595,3.5087719298245608,385,395,14,0,381,391,24965,4,0,0,4,4
2020-10-14,US,Arkansas,Cleveland,198,12,0,33.89723187,-92.18537045,5025.0,2488.68778280543,6.0606060606060606,186,196,12,0,184,196,8018,2,0,0,2,0
2020-10-14,US,Arkansas,Columbia,622,19,0,33.21230701,-93.22642793,5027.0,2651.6604851430275,3.0546623794212215,603,619,19,0,600,619,23537,3,0,0,3,0
2020-10-14,US,Arkansas,Conway,318,3,0,35.26205537,-92.70506566,5029.0,1525.4725127122708,0.9433962264150944,315,314,3,0,311,311,20891,4,0,0,4,3
2020-10-14,US,Arkansas,Craighead,3774,32,0,35.83018283,-90.63235729,5031.0,3420.585143022877,0.8479067302596714,3742,3700,32,0,3668,3656,108558,74,0,0,74,44
2020-10-14,US,Arkansas,Crawford,1778,22,0,35.58928601,-94.2446814,5033.0,2810.756121852127,1.2373453318335208,1756,1758,22,0,1736,1750,63406,20,0,0,20,8
2020-10-14,US,Arkansas,Crittenden,2098,51,0,35.21247318,-90.30839406,5035.0,4374.934834740902,2.430886558627264,2047,2077,51,0,2026,2074,48342,21,0,0,21,3
2020-10-14,US,Arkansas,Cross,518,19,0,35.29631396,-90.77185818,5037.0,3154.8815396796394,3.667953667953668,499,515,19,0,496,506,16676,3,0,0,3,9
2020-10-14,US,Arkansas,Dallas,178,5,0,33.97042763,-92.65167437,5039.0,2539.591953203025,2.808988764044944,173,177,5,0,172,175,7182,1,0,0,1,2
2020-10-14,US,Arkansas,Desha,351,7,0,33.83011025,-91.25500948,5041.0,3089.5167678901507,1.9943019943019944,344,348,7,0,341,347,11512,3,0,0,3,1
2020-10-14,US,Arkansas,Drew,381,7,0,33.59035001,-91.71777921,5043.0,2091.2234480487405,1.837270341207349,374,380,7,0,373,378,18328,1,0,0,1,2
2020-10-14,US,Arkansas,Faulkner,2991,27,0,35.14719007,-92.33717519,5045.0,2373.677652828811,0.9027081243731192,2964,2963,27,0,2936,2932,124806,28,0,0,28,31
2020-10-14,US,Arkansas,Franklin,426,2,0,35.51202821,-93.89299569,5047.0,2404.741744284505,0.4694835680751174,424,418,2,0,416,415,17810,8,0,0,8,3
2020-10-14,US,Arkansas,Fulton,242,8,0,36.38177105,-91.81729127,5049.0,1939.5688066041519,3.3057851239669422,234,229,8,0,221,225,12269,13,0,0,13,4
2020-10-14,US,Arkansas,Garland,2167,57,0,34.57692074,-93.14921604,5051.0,2180.3875797396013,2.6303645592985694,2110,2142,57,0,2085,2116,99154,25,0,0,25,26
2020-10-14,US,Arkansas,Grant,324,4,0,34.29017991,-92.42320562,5053.0,1773.884478510813,1.2345679012345678,320,313,4,0,309,307,18188,11,0,0,11,6
2020-10-14,US,Arkansas,Greene,1149,15,0,36.11735460000001,-90.55832668,5055.0,2535.0248207391064,1.3054830287206267,1134,1122,15,0,1107,1100,45325,27,0,0,27,22
2020-10-14,US,Arkansas,Hempstead,480,5,0,33.73325583,-93.66935133,5057.0,2229.240200631618,1.0416666666666667,475,469,5,0,464,467,21741,11,0,0,11,2
2020-10-14,US,Arkansas,Hot Spring,2066,30,0,34.31709259,-92.95396325,5059.0,6117.67492819283,1.4520813165537267,2036,2057,30,0,2027,2052,33701,9,0,0,9,5
2020-10-14,US,Arkansas,Howard,527,12,0,34.09007427,-93.9934871,5061.0,3991.819421299803,2.2770398481973437,515,524,12,0,512,520,13341,3,0,0,3,4
2020-10-14,US,Arkansas,Independence,1319,33,0,35.74242707,-91.57001641,5063.0,3487.1116986120287,2.5018953752843065,1286,1311,26,0,1285,1305,37678,8,7,0,1,6
2020-10-14,US,Arkansas,Izard,356,1,0,36.09604046,-91.90847954,5065.0,2612.077188348375,0.2808988764044944,355,352,1,0,351,352,13593,4,0,0,4,0
2020-10-14,US,Arkansas,Jackson,572,5,0,35.59802983,-91.21494602,5067.0,3421.2572522280047,0.8741258741258742,567,548,5,0,543,546,16811,24,0,0,24,2
2020-10-14,US,Arkansas,Jefferson,3863,97,0,34.26767081,-91.92619839,5069.0,5780.857177062134,2.511001812063163,3766,3802,95,0,3707,3774,68114,61,2,0,59,28
2020-10-14,US,Arkansas,Johnson,925,9,0,35.56759135,-93.46036368,5071.0,3480.322070885695,0.972972972972973,916,917,9,0,908,917,26742,8,0,0,8,0
2020-10-14,US,Arkansas,Lafayette,141,3,0,33.24116713,-93.60677071,5073.0,2128.623188405797,2.127659574468085,138,139,3,0,136,137,6682,2,0,0,2,2
2020-10-14,US,Arkansas,Lawrence,640,13,0,36.04188196,-91.10867198,5075.0,3901.011824942095,2.03125,627,613,13,0,600,604,16434,27,0,0,27,9
2020-10-14,US,Arkansas,Lee,1093,18,0,34.78498904,-90.78383866,5077.0,12340.521621316471,1.6468435498627634,1075,1092,18,0,1074,1092,8985,1,0,0,1,0
2020-10-14,US,Arkansas,Lincoln,2157,17,0,33.95317155,-91.74002806,5079.0,16561.732186732188,0.7881316643486324,2140,2150,17,0,2133,2149,13383,7,0,0,7,1
2020-10-14,US,Arkansas,Little River,402,29,0,33.70375665,-94.23468591,5081.0,3279.223427685781,7.213930348258708,373,400,29,0,371,397,12326,2,0,0,2,3
2020-10-14,US,Arkansas,Logan,516,2,0,35.21413234,-93.71951016,5083.0,2403.801360290692,0.3875968992248062,514,508,2,0,506,504,21737,8,0,0,8,4
2020-10-14,US,Arkansas,Lonoke,1467,20,0,34.75392199,-91.88742357,5085.0,2001.1185529743962,1.3633265167007498,1447,1449,19,0,1430,1414,73657,18,1,0,17,35
2020-10-14,US,Arkansas,Madison,404,6,0,36.01038185,-93.72524943,5087.0,2437.258687258687,1.4851485148514851,398,399,6,0,393,394,16481,5,0,0,5,5
2020-10-14,US,Arkansas,Marion,121,2,0,36.26844485,-92.68451899,5089.0,724.8113094524979,1.6528925619834711,119,120,1,0,119,119,16722,1,1,0,0,1
2020-10-14,US,Arkansas,Miller,1067,13,0,33.31403423,-93.89285258,5091.0,2466.6527960792473,1.218369259606373,1054,1048,13,0,1035,1042,43592,19,0,0,19,6
2020-10-14,US,Arkansas,Mississippi,1918,57,0,35.76271485,-90.05194370000002,5093.0,4718.211114117734,2.9718456725756,1861,1897,55,0,1842,1878,41239,21,2,0,19,19
2020-10-14,US,Arkansas,Monroe,187,0,0,34.6815935,-91.20540287,5095.0,2790.628264438144,0.0,187,184,0,0,184,183,6900,3,0,0,3,1
2020-10-14,US,Arkansas,Montgomery,175,8,0,34.53704874,-93.65824478,5097.0,1947.473848208324,4.571428571428571,167,176,7,0,169,176,8924,-1,1,0,-2,0
2020-10-14,US,Arkansas,Nevada,257,14,0,33.66340119,-93.30632432,5099.0,3114.396509936985,5.447470817120624,243,256,14,0,242,253,8326,1,0,0,1,3
2020-10-14,US,Arkansas,Newton,278,19,0,35.91947491,-93.21612969,5101.0,3585.7087579001677,6.83453237410072,259,276,19,0,257,274,7805,2,0,0,2,2
2020-10-14,US,Arkansas,Ouachita,307,7,0,33.58839816,-92.87795984,5103.0,1312.9757933453086,2.280130293159609,300,301,7,0,294,301,23606,6,0,0,6,0
2020-10-14,US,Arkansas,Perry,120,0,0,34.945915299999996,-92.94372564,5105.0,1147.7761836441894,0.0,120,119,0,0,119,117,10352,1,0,0,1,2
2020-10-14,US,Arkansas,Phillips,638,15,0,34.43268455,-90.84800154,5107.0,3587.8978742548643,2.3510971786833856,623,632,15,0,617,622,18029,6,0,0,6,10
2020-10-14,US,Arkansas,Pike,251,3,0,34.16250414,-93.65789349,5109.0,2341.854823661131,1.195219123505976,248,250,3,0,247,249,10673,1,0,0,1,1
2020-10-14,US,Arkansas,Poinsett,850,15,0,35.57433534,-90.66268713,5111.0,3612.716763005779,1.7647058823529411,835,828,15,0,813,813,23974,22,0,0,22,15
2020-10-14,US,Arkansas,Polk,319,4,0,34.48254879,-94.22728802,5113.0,1597.8761771188138,1.2539184952978055,315,314,4,0,310,308,20049,5,0,0,5,6
2020-10-14,US,Arkansas,Pope,2450,36,0,35.44871474,-93.03212219,5115.0,3823.823198901236,1.4693877551020411,2414,2419,36,0,2383,2397,64000,31,0,0,31,22
2020-10-14,US,Arkansas,Prairie,185,4,0,34.83624419,-91.55162157,5117.0,2294.7159513768297,2.1621621621621623,181,181,4,0,177,181,8074,4,0,0,4,0
2020-10-14,US,Arkansas,Pulaski,10727,188,0,34.77054088,-92.31355101,5119.0,2737.1010254879293,1.752586930176191,10539,10603,186,0,10417,10525,392680,124,2,0,122,78
2020-10-14,US,Arkansas,Randolph,555,23,0,36.3415714,-91.02455531,5121.0,3090.5446040761767,4.144144144144144,532,545,23,0,522,535,17948,10,0,0,10,10
2020-10-14,US,Arkansas,Saline,2487,27,0,34.64916145,-92.67583224,5125.0,2031.248723833481,1.0856453558504222,2460,2465,24,0,2441,2443,121421,22,3,0,19,22
2020-10-14,US,Arkansas,Scott,132,1,0,34.85588887,-94.0632176,5127.0,1283.9217974905166,0.7575757575757576,131,129,1,0,128,128,10319,3,0,0,3,1
2020-10-14,US,Arkansas,Searcy,169,1,0,35.9109364,-92.69936482,5129.0,2144.3979190458067,0.591715976331361,168,167,1,0,166,165,7958,2,0,0,2,2
2020-10-14,US,Arkansas,Sebastian,4366,81,0,35.19605503,-94.27162713,5131.0,3415.5538344794136,1.8552450755840584,4285,4330,81,0,4249,4305,127753,36,0,0,36,25
2020-10-14,US,Arkansas,Sevier,1240,19,0,33.99780401,-94.2424869,5133.0,7291.115423061093,1.5322580645161292,1221,1232,19,0,1213,1229,17139,8,0,0,8,3
2020-10-14,US,Arkansas,Sharp,286,9,0,36.16258158,-91.47819342,5135.0,1639.7202155716088,3.1468531468531467,277,285,9,0,276,282,17366,1,0,0,1,3
2020-10-14,US,Arkansas,St. Francis,1634,9,0,35.02201976,-90.74828138,5123.0,6537.569016563974,0.5507955936352509,1625,1626,8,0,1618,1625,25439,8,1,0,7,1
2020-10-14,US,Arkansas,Stone,388,19,0,35.86251946,-92.15684085,5137.0,3102.510794818488,4.896907216494847,369,387,19,0,368,379,12457,1,0,0,1,8
2020-10-14,US,Arkansas,Unassigned,2028,0,0,0.0,0.0,90005.0,0.0,0.0,2028,1975,0,0,1975,1984,,53,0,0,53,-9
2020-10-14,US,Arkansas,Union,1028,47,0,33.16887091,-92.59746952,5139.0,2657.5668269479347,4.571984435797665,981,1024,47,0,977,1010,39126,4,0,0,4,14
2020-10-14,US,Arkansas,Van Buren,191,3,0,35.58095779,-92.51295036,5141.0,1154.4273194318525,1.5706806282722514,188,190,3,0,187,188,16603,1,0,0,1,2
2020-10-14,US,Arkansas,Washington,10552,129,0,35.976844,-94.21800746,5143.0,4411.6109989255265,1.2225170583775589,10423,10487,127,0,10360,10442,236961,65,2,0,63,45
2020-10-14,US,Arkansas,White,1185,32,0,35.25688493,-91.74908296,5145.0,1504.7045826825645,2.7004219409282704,1153,1155,32,0,1123,1135,78727,30,0,0,30,20
2020-10-14,US,Arkansas,Woodruff,74,0,0,35.18902527,-91.2439489,5147.0,1170.886075949367,0.0,74,74,0,0,74,74,6490,0,0,0,0,0
2020-10-14,US,Arkansas,Yell,1299,30,0,35.00292371,-93.41171338,5149.0,6086.875029286352,2.3094688221709005,1269,1294,30,0,1264,1293,21535,5,0,0,5,1
2020-10-14,US,California,Alameda,22325,442,0,37.64629437,-121.8929271,6001.0,1335.7633356448669,1.9798432250839864,21883,22279,431,0,21848,22216,1666753,46,11,0,35,63
2020-10-14,US,California,Alpine,3,0,0,38.59678594,-119.82235940000001,6003.0,265.72187776793623,0.0,3,3,0,0,3,3,1101,0,0,0,0,0
2020-10-14,US,California,Amador,306,16,0,38.44583082,-120.65696000000001,6005.0,769.7725900583619,5.2287581699346415,290,305,16,0,289,305,39383,1,0,0,1,0
2020-10-14,US,California,Butte,2992,48,0,39.66727762,-121.6005252,6007.0,1365.0506875439125,1.60427807486631,2944,2975,48,0,2927,2967,231256,17,0,0,17,8
2020-10-14,US,California,Calaveras,331,16,0,38.20537103,-120.55291299999999,6009.0,721.0543513778456,4.833836858006042,315,330,16,0,314,330,45602,1,0,0,1,0
2020-10-14,US,California,Colusa,543,6,0,39.17881957,-122.2331726,6011.0,2520.0723998700514,1.1049723756906078,537,543,6,0,537,543,21627,0,0,0,0,0
2020-10-14,US,California,Contra Costa,17834,231,0,37.91923498,-121.9289527,6013.0,1546.0423085392097,1.2952786811707973,17603,17783,230,0,17553,17732,1150215,51,1,0,50,51
2020-10-14,US,California,Del Norte,170,1,0,41.74228275,-123.89740630000001,6015.0,611.2469437652812,0.5882352941176471,169,170,1,0,169,169,27828,0,0,0,0,1
2020-10-14,US,California,El Dorado,1262,4,0,38.77965956,-120.5233166,6017.0,654.4183610501807,0.31695721077654515,1258,1259,4,0,1255,1242,190678,3,0,0,3,17
2020-10-14,US,California,Fresno,29579,424,0,36.75733899,-119.6466953,6019.0,2960.5615448288013,1.4334494066736536,29155,29523,424,0,29099,29419,994400,56,0,0,56,104
2020-10-14,US,California,Glenn,635,3,0,39.59875897,-122.3938452,6021.0,2236.4667347585673,0.4724409448818898,632,630,3,0,627,626,28047,5,0,0,5,4
2020-10-14,US,California,Humboldt,542,8,0,40.69923009,-123.876044,6023.0,399.8288555452279,1.4760147601476017,534,534,8,0,526,529,136373,8,0,0,8,5
2020-10-14,US,California,Imperial,12334,335,0,33.0393082,-115.36690420000001,6025.0,6806.279833347129,2.7160694016539653,11999,12290,330,0,11960,12220,181827,44,5,0,39,70
2020-10-14,US,California,Inyo,209,15,0,36.51112084,-117.41119779999998,6027.0,1158.6008093575033,7.177033492822965,194,205,15,0,190,202,17987,4,0,0,4,3
2020-10-14,US,California,Kern,33089,397,0,35.34329425,-118.72777959999999,6029.0,3675.730558252481,1.199794493638369,32692,33020,395,0,32625,32966,896764,69,2,0,67,54
2020-10-14,US,California,Kings,8111,82,0,36.07409056,-119.8159973,6031.0,5303.386949130378,1.0109727530514117,8029,8106,82,0,8024,8094,151366,5,0,0,5,12
2020-10-14,US,California,Lake,639,14,0,39.10124298,-122.75362439999999,6033.0,992.4517752306402,2.1909233176838807,625,633,13,0,620,631,64382,6,1,0,5,2
2020-10-14,US,California,Lassen,752,1,0,40.67311306,-120.59350990000002,6035.0,2459.686651620711,0.13297872340425532,751,752,1,0,751,752,30802,0,0,0,0,0
2020-10-14,US,California,Los Angeles,285016,6812,0,34.30828379,-118.22824109999999,6037.0,2839.057298622278,2.3900412608414965,278204,283750,6790,0,276960,282982,10105518,1266,22,0,1244,768
2020-10-14,US,California,Madera,4808,73,0,37.21513971,-119.76655890000002,6039.0,3056.055222561925,1.5183028286189684,4735,4796,71,0,4725,4786,157672,12,2,0,10,10
2020-10-14,US,California,Marin,6934,124,0,38.07122463,-122.72106310000001,6041.0,2679.019882082944,1.7882895875396596,6810,6920,124,0,6796,6902,259666,14,0,0,14,18
2020-10-14,US,California,Mariposa,77,2,0,37.57978556,-119.9073334,6043.0,447.5963494739289,2.5974025974025974,75,77,2,0,75,77,17471,0,0,0,0,0
2020-10-14,US,California,Mendocino,1055,21,0,39.4381191,-123.39113130000001,6045.0,1216.1523475774934,1.990521327014218,1034,1050,21,0,1029,1045,87606,5,0,0,5,5
2020-10-14,US,California,Merced,9265,152,0,37.18922369,-120.72090349999999,6047.0,3336.5744742149236,1.6405828386400432,9113,9149,150,0,8999,9149,274765,116,2,0,114,0
2020-10-14,US,California,Modoc,28,0,0,41.58965602,-120.7244817,6049.0,316.7062549485352,0.0,28,28,0,0,28,28,8777,0,0,0,0,0
2020-10-14,US,California,Mono,173,2,0,37.93899289,-118.8872409,6051.0,1197.7291608972585,1.1560693641618498,171,173,2,0,171,173,14250,0,0,0,0,0
2020-10-14,US,California,Monterey,10748,81,0,36.21862405,-121.24133970000001,6053.0,2476.1496655999968,0.7536285820617791,10667,10684,80,0,10604,10659,435594,64,1,0,63,25
2020-10-14,US,California,Napa,1825,14,0,38.50735751,-122.33283899999999,6055.0,1324.9215936810315,0.7671232876712328,1811,1819,14,0,1805,1811,139417,6,0,0,6,8
2020-10-14,US,California,Nevada,573,8,0,39.30394768,-120.76272809999999,6057.0,574.4072978798056,1.3961605584642234,565,570,8,0,562,569,99696,3,0,0,3,1
2020-10-14,US,California,Orange,56283,1360,0,33.70147516,-117.76459979999998,6059.0,1772.3066342705781,2.416360179805625,54923,56070,1341,0,54729,55892,3185968,213,19,0,194,178
2020-10-14,US,California,Placer,3845,51,0,39.06167234,-120.72405690000001,6061.0,965.2824675080146,1.3263979193758126,3794,3838,51,0,3787,3787,393149,7,0,0,7,51
2020-10-14,US,California,Plumas,53,0,0,40.00355989,-120.8395236,6063.0,281.80996437496674,0.0,53,52,0,0,52,52,18804,1,0,0,1,0
2020-10-14,US,California,Riverside,62900,1264,0,33.74314981,-115.9933578,6065.0,2545.995905358573,2.0095389507154207,61636,62553,1258,0,61295,62112,2450758,347,6,0,341,441
2020-10-14,US,California,Sacramento,23969,458,0,38.45106826,-121.34253740000001,6067.0,1544.3366162862476,1.9108014518753391,23511,23850,458,0,23392,23778,1540975,119,0,0,119,72
2020-10-14,US,California,San Benito,1390,13,0,36.60308176,-121.069975,6069.0,2213.0938733919247,0.9352517985611509,1377,1388,13,0,1375,1386,61537,2,0,0,2,2
2020-10-14,US,California,San Bernardino,58936,986,0,34.84060306,-116.1774685,6071.0,2703.380831481341,1.6730012216641783,57950,58579,986,0,57593,58125,2171603,357,0,0,357,454
2020-10-14,US,California,San Diego,51327,844,0,33.03484597,-116.73653259999999,6073.0,1537.5052795859008,1.6443587195822862,50483,51024,840,0,50184,50746,3343364,303,4,0,299,278
2020-10-14,US,California,San Francisco,11712,123,0,37.75215114,-122.43856720000001,6075.0,1328.570504872673,1.0502049180327868,11589,11691,123,0,11568,11666,883305,21,0,0,21,25
2020-10-14,US,California,San Joaquin,21064,477,0,37.93433732,-121.2730061,6077.0,2763.767667172255,2.2645271553361184,20587,20828,473,0,20355,20828,752660,236,4,0,232,0
2020-10-14,US,California,San Luis Obispo,3924,32,0,35.38822029,-120.4039028,6079.0,1386.0288014241767,0.8154943934760448,3892,3874,31,0,3843,3874,284010,50,1,0,49,0
2020-10-14,US,California,San Mateo,10622,155,0,37.422880799999994,-122.32755459999998,6081.0,1385.647550852952,1.4592355488608548,10467,10601,155,0,10446,10510,769545,21,0,0,21,91
2020-10-14,US,California,Santa Barbara,9503,116,0,34.65329488,-120.0188492,6083.0,2128.3362336757755,1.2206671577396608,9387,9475,116,0,9359,9440,446527,28,0,0,28,35
2020-10-14,US,California,Santa Clara,22801,363,0,37.23104908,-121.6970462,6085.0,1182.715270674305,1.5920354370422352,22438,22741,363,0,22378,22644,1937570,60,0,0,60,97
2020-10-14,US,California,Santa Cruz,2618,20,0,37.05580291,-122.0066524,6087.0,958.2267315244882,0.7639419404125286,2598,2605,20,0,2585,2595,274255,13,0,0,13,10
2020-10-14,US,California,Shasta,1623,28,0,40.76391419,-122.0396884,6089.0,901.2661039537984,1.7252002464571783,1595,1597,25,0,1572,1515,180040,26,3,0,23,82
2020-10-14,US,California,Sierra,6,0,0,39.57713498,-120.52007009999998,6091.0,199.6672212978369,0.0,6,6,0,0,6,6,2987,0,0,0,0,0
2020-10-14,US,California,Siskiyou,182,0,0,41.59198861,-122.54074340000001,6093.0,418.0160316038494,0.0,182,182,0,0,182,179,43724,0,0,0,0,3
2020-10-14,US,California,Solano,6908,74,0,38.26827353,-121.9357113,6095.0,1543.1940184477362,1.0712217718587145,6834,6876,74,0,6802,6750,446610,32,0,0,32,126
2020-10-14,US,California,Sonoma,8615,128,0,38.52746429,-122.88625060000001,6097.0,1742.7417788710513,1.485780615206036,8487,8558,128,0,8430,8500,499942,57,0,0,57,58
2020-10-14,US,California,Stanislaus,17130,388,0,37.55862499,-120.9970722,6099.0,3110.8124795699705,2.265032107413894,16742,17087,387,0,16700,17076,549815,43,1,0,42,11
2020-10-14,US,California,Sutter,1785,12,0,39.03417539,-121.6945899,6101.0,1840.756514834332,0.6722689075630253,1773,1782,12,0,1770,1775,96807,3,0,0,3,7
2020-10-14,US,California,Tehama,717,8,0,40.12570935,-122.23701709999999,6103.0,1101.6532481101347,1.1157601115760112,709,708,8,0,700,702,63916,9,0,0,9,6
2020-10-14,US,California,Trinity,21,0,0,40.64917670000001,-123.114713,6105.0,170.9401709401709,0.0,21,20,0,0,20,20,12535,1,0,0,1,0
2020-10-14,US,California,Tulare,16976,269,0,36.22026558,-118.8020203,6107.0,3641.394695352803,1.5845900094250709,16707,16890,269,0,16621,16794,465861,86,0,0,86,96
2020-10-14,US,California,Tuolumne,242,4,0,38.02644018,-119.95250929999999,6109.0,444.21601380373727,1.6528925619834711,238,240,4,0,236,237,54539,2,0,0,2,3
2020-10-14,US,California,Ventura,13645,158,0,34.44465746,-119.09106129999999,6111.0,1612.8727219428704,1.1579333089043606,13487,13617,158,0,13459,13604,850967,28,0,0,28,13
2020-10-14,US,California,Yolo,3010,56,0,38.68278902,-121.90182879999999,6113.0,1365.0793650793648,1.8604651162790695,2954,2986,56,0,2930,2966,220408,24,0,0,24,20
2020-10-14,US,California,Yuba,1239,10,0,39.26255932,-121.35356440000001,6115.0,1574.9733055371946,0.8071025020177562,1229,1236,10,0,1226,1227,78041,3,0,0,3,9
2020-10-14,US,Colorado,Adams,11085,244,0,39.87432092,-104.3362578,8001.0,2142.356031162245,2.201172755976545,10841,10962,243,0,10719,10797,511868,123,1,0,122,165
2020-10-14,US,Colorado,Alamosa,267,9,0,37.57250606,-105.7885451,8003.0,1644.797634448346,3.3707865168539324,258,265,9,0,256,265,16683,2,0,0,2,0
2020-10-14,US,Colorado,Arapahoe,10665,376,0,39.64977461,-104.3353617,8005.0,1624.301314366652,3.5255508673230183,10289,10572,375,0,10197,10426,651215,93,1,0,92,146
2020-10-14,US,Colorado,Archuleta,58,0,0,37.19474156,-107.04768670000001,8007.0,413.42932496970565,0.0,58,58,0,0,58,58,13765,0,0,0,0,0
2020-10-14,US,Colorado,Baca,23,0,0,37.31940883,-102.5603223,8009.0,642.2786931024854,0.0,23,19,0,0,19,19,3585,4,0,0,4,0
2020-10-14,US,Colorado,Bent,12,0,0,37.95474293,-103.0720195,8011.0,215.16944593867672,0.0,12,11,0,0,11,11,5882,1,0,0,1,0
2020-10-14,US,Colorado,Boulder,4850,82,0,40.09313619,-105.3546767,8013.0,1486.8361353296787,1.6907216494845358,4768,4825,82,0,4743,4791,326078,25,0,0,25,34
2020-10-14,US,Colorado,Broomfield,756,37,0,39.95998787,-105.0566324,8014.0,1072.8730575462996,4.894179894179894,719,749,37,0,712,743,69267,7,0,0,7,6
2020-10-14,US,Colorado,Chaffee,358,20,0,38.74745778,-106.19265729999998,8015.0,1758.6952249950875,5.58659217877095,338,358,20,0,338,357,20027,0,0,0,0,1
2020-10-14,US,Colorado,Cheyenne,14,0,0,38.82777431,-102.6032558,8017.0,764.6095030038231,0.0,14,14,0,0,14,14,1876,0,0,0,0,0
2020-10-14,US,Colorado,Clear Creek,61,1,0,39.68864463,-105.6463118,8019.0,628.8659793814433,1.639344262295082,60,59,1,0,58,59,9605,2,0,0,2,0
2020-10-14,US,Colorado,Conejos,44,0,0,37.201606,-106.19174879999998,8021.0,536.2583790371724,0.0,44,42,0,0,42,42,8200,2,0,0,2,0
2020-10-14,US,Colorado,Costilla,33,1,0,37.27732493,-105.4276548,8023.0,848.9837921276047,3.0303030303030303,32,33,1,0,32,33,3828,0,0,0,0,0
2020-10-14,US,Colorado,Crowley,77,1,0,38.32608609,-103.7844965,8025.0,1270.4174228675133,1.2987012987012987,76,77,1,0,76,77,5858,0,0,0,0,0
2020-10-14,US,Colorado,Custer,19,0,0,38.10883162,-105.3683478,8027.0,374.9013417521705,0.0,19,19,0,0,19,19,4954,0,0,0,0,0
2020-10-14,US,Colorado,Delta,194,4,0,38.86246243,-107.86313419999999,8029.0,622.5531095565111,2.061855670103093,190,194,4,0,190,194,30953,0,0,0,0,0
2020-10-14,US,Colorado,Denver,15222,439,0,39.76018276,-104.87256950000001,8031.0,2093.2026605758165,2.8839837077913546,14783,15103,439,0,14664,14926,716492,119,0,0,119,177
2020-10-14,US,Colorado,Dolores,3,0,0,37.75208676,-108.5211585,8033.0,145.98540145985402,0.0,3,3,0,0,3,3,2074,0,0,0,0,0
2020-10-14,US,Colorado,Douglas,3135,63,0,39.33133796,-104.930001,8035.0,892.7706932001345,2.0095693779904304,3072,3100,63,0,3037,3045,342776,35,0,0,35,55
2020-10-14,US,Colorado,Eagle,1331,10,0,39.62754308,-106.6933637,8037.0,2414.424873473978,0.7513148009015778,1321,1325,10,0,1315,1319,54993,6,0,0,6,6
2020-10-14,US,Colorado,El Paso,7908,187,0,38.83240149,-104.5251411,8041.0,1097.7189156624834,2.364693980778958,7721,7845,186,0,7659,7742,713856,63,1,0,62,103
2020-10-14,US,Colorado,Elbert,177,3,0,39.28656773,-104.13587209999999,8039.0,662.2021025852072,1.6949152542372878,174,175,3,0,172,174,26282,2,0,0,2,1
2020-10-14,US,Colorado,Fremont,275,1,0,38.47362326,-105.43996670000001,8043.0,574.8447919061854,0.3636363636363637,274,273,1,0,272,240,48021,2,0,0,2,33
2020-10-14,US,Colorado,Garfield,1028,5,0,39.59921777,-107.902708,8045.0,1711.5932135662076,0.4863813229571984,1023,1022,5,0,1017,1016,59770,6,0,0,6,6
2020-10-14,US,Colorado,Gilpin,21,0,0,39.85646523,-105.5252597,8047.0,336.3767419509851,0.0,21,20,0,0,20,20,6121,1,0,0,1,0
2020-10-14,US,Colorado,Grand,118,1,0,40.10603347,-106.11780420000001,8049.0,749.9682216855217,0.8474576271186439,117,116,1,0,115,116,15525,2,0,0,2,0
2020-10-14,US,Colorado,Gunnison,297,7,0,38.66611652,-107.0320729,8051.0,1700.8361012484256,2.356902356902357,290,297,7,0,290,297,17246,0,0,0,0,0
2020-10-14,US,Colorado,Hinsdale,3,0,0,37.82247444,-107.3004345,8053.0,365.8536585365854,0.0,3,3,0,0,3,3,811,0,0,0,0,0
2020-10-14,US,Colorado,Huerfano,27,2,0,37.68473101,-104.9612585,8055.0,391.47455415397997,7.407407407407407,25,27,2,0,25,26,6889,0,0,0,0,1
2020-10-14,US,Colorado,Jackson,9,0,0,40.66593870000001,-106.3408905,8057.0,646.5517241379309,0.0,9,9,0,0,9,9,1399,0,0,0,0,0
2020-10-14,US,Colorado,Jefferson,6806,296,0,39.58635604,-105.2517692,8059.0,1167.6482849844135,4.3491037320011765,6510,6754,295,0,6459,6637,580233,52,1,0,51,117
2020-10-14,US,Colorado,Kiowa,1,0,0,38.43260896,-102.7392145,8061.0,71.12375533428165,0.0,1,1,0,0,1,1,1383,0,0,0,0,0
2020-10-14,US,Colorado,Kit Carson,98,3,0,39.30497777,-102.60221990000001,8063.0,1380.8651542905454,3.0612244897959178,95,98,3,0,95,98,7163,0,0,0,0,0
2020-10-14,US,Colorado,La Plata,302,2,0,37.28632032,-107.8429014,8067.0,537.1658277156223,0.6622516556291391,300,301,2,0,299,301,56310,1,0,0,1,0
2020-10-14,US,Colorado,Lake,112,0,0,39.20278823,-106.35556969999999,8065.0,1378.1223083548666,0.0,112,110,0,0,110,105,7824,2,0,0,2,5
2020-10-14,US,Colorado,Larimer,3259,55,0,40.66671597,-105.4625784,8069.0,913.1434943779612,1.6876342436330165,3204,3217,55,0,3162,3159,350518,42,0,0,42,58
2020-10-14,US,Colorado,Las Animas,30,0,0,37.3153406,-104.03764579999999,8071.0,206.8109747690611,0.0,30,28,0,0,28,28,14503,2,0,0,2,0
2020-10-14,US,Colorado,Lincoln,24,0,0,38.98749519,-103.51366490000001,8073.0,420.97877565339417,0.0,24,24,0,0,24,24,5610,0,0,0,0,0
2020-10-14,US,Colorado,Logan,1035,10,0,40.7249637,-103.110817,8075.0,4618.679994645008,0.966183574879227,1025,1025,9,0,1016,1012,21528,10,1,0,9,13
2020-10-14,US,Colorado,Mesa,837,8,0,39.01787888,-108.469799,8077.0,542.7663575643603,0.955794504181601,829,823,7,0,816,804,153207,14,1,0,13,19
2020-10-14,US,Colorado,Mineral,20,0,0,37.66954283,-106.92816979999999,8079.0,2600.780234070221,0.0,20,20,0,0,20,20,776,0,0,0,0,0
2020-10-14,US,Colorado,Moffat,48,1,0,40.61810999,-108.2070876,8081.0,361.36414966498535,2.083333333333333,47,48,1,0,47,46,13188,0,0,0,0,2
2020-10-14,US,Colorado,Montezuma,172,5,0,37.33859579,-108.59588570000001,8083.0,656.9147920406369,2.9069767441860463,167,172,5,0,167,170,26158,0,0,0,0,2
2020-10-14,US,Colorado,Montrose,405,13,0,38.40214114,-108.26390220000002,8085.0,947.1911689040647,3.2098765432098766,392,404,13,0,391,400,42214,1,0,0,1,4
2020-10-14,US,Colorado,Morgan,788,48,0,40.26279810000001,-103.8093302,8087.0,2710.884821797165,6.091370558375634,740,789,48,0,741,782,28558,-1,0,0,-1,7
2020-10-14,US,Colorado,Otero,113,6,0,37.9014485,-103.7173385,8089.0,618.2295655979866,5.3097345132743365,107,113,6,0,107,110,18432,0,0,0,0,3
2020-10-14,US,Colorado,Ouray,32,1,0,38.14717457,-107.7675136,8091.0,646.2035541195477,3.125,31,32,1,0,31,32,4833,0,0,0,0,0
2020-10-14,US,Colorado,Park,65,1,0,39.120926000000004,-105.7182065,8093.0,344.9190766781639,1.5384615384615383,64,64,1,0,63,64,18556,1,0,0,1,0
2020-10-14,US,Colorado,Phillips,35,0,0,40.59414277,-102.3577703,8095.0,820.6330597889801,0.0,35,34,0,0,34,33,4286,1,0,0,1,1
2020-10-14,US,Colorado,Pitkin,250,2,0,39.21720112,-106.9310027,8097.0,1407.1030562278381,0.8,248,248,2,0,246,242,17950,2,0,0,2,6
2020-10-14,US,Colorado,Prowers,99,0,0,37.95544985,-102.3926052,8099.0,813.3420966151822,0.0,99,98,0,0,98,98,12164,1,0,0,1,0
2020-10-14,US,Colorado,Pueblo,1439,39,0,38.17359144,-104.5127437,8101.0,854.3912981522824,2.710215427380125,1400,1406,38,0,1368,1369,167529,33,1,0,32,37
2020-10-14,US,Colorado,Rio Blanco,25,0,0,39.97913541,-108.2179009,8103.0,395.31941808981657,0.0,25,25,0,0,25,25,6336,0,0,0,0,0
2020-10-14,US,Colorado,Rio Grande,110,2,0,37.5836865,-106.3847838,8105.0,976.3024762580987,1.818181818181818,108,109,2,0,107,106,11250,1,0,0,1,3
2020-10-14,US,Colorado,Routt,172,8,0,40.48596505,-106.9905548,8107.0,670.8791637413215,4.651162790697675,164,171,8,0,163,171,25733,1,0,0,1,0
2020-10-14,US,Colorado,Saguache,116,2,0,38.08054629,-106.28246599999999,8109.0,1699.8827667057446,1.7241379310344829,114,116,2,0,114,116,6843,0,0,0,0,0
2020-10-14,US,Colorado,San Juan,6,0,0,37.76248981,-107.67632890000002,8111.0,824.1758241758242,0.0,6,6,0,0,6,6,762,0,0,0,0,0
2020-10-14,US,Colorado,San Miguel,97,0,0,38.00450883,-108.4020725,8113.0,1185.964054285365,0.0,97,97,0,0,97,97,8191,0,0,0,0,0
2020-10-14,US,Colorado,Sedgwick,16,1,0,40.87595412,-102.3519227,8115.0,711.7437722419929,6.25,15,16,1,0,15,16,2303,0,0,0,0,0
2020-10-14,US,Colorado,Summit,528,4,0,39.63803232,-106.1150762,8117.0,1702.6216503821224,0.7575757575757576,524,525,4,0,521,523,31007,3,0,0,3,2
2020-10-14,US,Colorado,Teller,184,4,0,38.88133511,-105.16148929999999,8119.0,724.7518512683157,2.1739130434782608,180,184,4,0,180,184,25083,0,0,0,0,0
2020-10-14,US,Colorado,Washington,74,0,0,39.97015535,-103.202587,8121.0,1507.7424612876935,0.0,74,74,0,0,74,73,4909,0,0,0,0,1
2020-10-14,US,Colorado,Weld,5227,155,0,40.55499405,-104.39296209999999,8123.0,1610.825536530947,2.965372106370767,5072,5197,155,0,5042,5167,314305,30,0,0,30,30
2020-10-14,US,Colorado,Yuma,158,1,0,40.00346839,-102.4258673,8125.0,1577.0036929833316,0.6329113924050633,157,157,1,0,156,153,10020,1,0,0,1,4
2020-10-14,US,Connecticut,Fairfield,21128,1427,0,41.26809896,-73.3881171,9001.0,2239.72048017029,6.754070427868233,19701,21104,1426,0,19678,21052,943823,24,1,0,23,52
2020-10-14,US,Connecticut,Hartford,16010,1443,0,41.80283011,-72.73103891,9003.0,1795.40662988382,9.01311680199875,14567,15949,1443,0,14506,15836,892697,61,0,0,61,113
2020-10-14,US,Connecticut,Litchfield,1956,142,0,41.7937534,-73.2451475,9005.0,1084.6600455823393,7.259713701431493,1814,1952,141,0,1811,1940,181111,4,1,0,3,12
2020-10-14,US,Connecticut,Middlesex,1720,193,0,41.45949668,-72.53714864,9007.0,1058.8785737151863,11.22093023255814,1527,1714,193,0,1521,1709,162682,6,0,0,6,5
2020-10-14,US,Connecticut,New Haven,15263,1119,0,41.408032500000004,-72.93620426,9009.0,1785.6537004084205,7.331455152984342,14144,15223,1119,0,14104,15164,857620,40,0,0,40,59
2020-10-14,US,Connecticut,New London,2918,129,0,41.48896435,-72.10430976,9011.0,1100.2767659856866,4.4208361891706645,2789,2905,127,0,2778,2837,266784,13,2,0,11,68
2020-10-14,US,Connecticut,Tolland,1535,67,0,41.85853803,-72.3308481,9013.0,1018.4380411488776,4.364820846905538,1468,1534,67,0,1467,1520,150921,1,0,0,1,14
2020-10-14,US,Connecticut,Unassigned,148,0,0,0.0,0.0,90009.0,0.0,0.0,148,140,0,0,140,162,,8,0,0,8,-22
2020-10-14,US,Connecticut,Windham,1183,17,0,41.82972709,-71.98182316,9015.0,1012.998578548064,1.4370245139475908,1166,1176,17,0,1159,1157,117027,7,0,0,7,19
2020-10-14,US,Delaware,Kent,3259,119,0,39.08646628,-75.56884914,10001.0,1802.6838361377536,3.651426818042344,3140,3254,119,0,3135,3243,178550,5,0,0,5,11
2020-10-14,US,Delaware,New Castle,11787,329,0,39.57992638,-75.64054974,10003.0,2109.5188750664424,2.7912106558072454,11458,11747,328,0,11419,11688,559335,40,1,0,39,59
2020-10-14,US,Delaware,Sussex,7328,212,0,38.66143781,-75.39031349,10005.0,3128.6156473476362,2.893013100436681,7116,7302,212,0,7090,7267,229286,26,0,0,26,35
2020-10-14,US,Delaware,Unassigned,91,0,0,0.0,0.0,90010.0,0.0,0.0,91,91,0,0,91,91,,0,0,0,0,0
2020-10-14,US,District of Columbia,District of Columbia,16132,638,0,38.90417773,-77.01655992,11001.0,2285.798492098465,3.9548723034961566,15494,16068,637,0,15431,16022,702455,64,1,0,63,46
2020-10-14,US,Florida,Alachua,9133,70,0,29.67866525,-82.35928158,12001.0,3394.624651078081,0.7664513303405234,9063,9055,70,0,8985,8985,269956,78,0,0,78,70
2020-10-14,US,Florida,Baker,1642,16,0,30.33060121,-82.28467476,12003.0,5621.36254707292,0.97442143727162,1626,1625,16,0,1609,1622,28355,17,0,0,17,3
2020-10-14,US,Florida,Bay,6366,122,0,30.26548745,-85.62122584,12005.0,3643.8567871554906,1.9164310398994657,6244,6347,122,0,6225,6303,185287,19,0,0,19,44
2020-10-14,US,Florida,Bradford,1187,11,0,29.95079741,-82.16611613,12007.0,4209.070600333323,0.9267059814658803,1176,1181,11,0,1170,1177,27732,6,0,0,6,4
2020-10-14,US,Florida,Brevard,10110,331,0,28.29409504,-80.73091022,12009.0,1679.5638117958206,3.273986152324431,9779,10025,329,0,9696,9936,596849,85,2,0,83,89
2020-10-14,US,Florida,Broward,79876,1484,0,26.15184651,-80.48725556,12011.0,4090.377912901518,1.857879713556012,78392,79611,1481,0,78130,79434,1951260,265,3,0,262,177
2020-10-14,US,Florida,Calhoun,653,14,0,30.40666734,-85.19394153,12013.0,4629.563984402694,2.14395099540582,639,652,14,0,638,651,14587,1,0,0,1,1
2020-10-14,US,Florida,Charlotte,3287,150,0,26.90131002,-81.92949121,12015.0,1739.9820020115399,4.563431700638881,3137,3265,149,0,3116,3253,184998,22,1,0,21,12
2020-10-14,US,Florida,Citrus,2983,124,0,28.84804315,-82.47614748,12017.0,1993.224506705333,4.156889037881328,2859,2960,121,0,2839,2950,147929,23,3,0,20,10
2020-10-14,US,Florida,Clay,5556,111,0,29.98319144,-81.85609986,12019.0,2534.0703847627387,1.9978401727861768,5445,5535,111,0,5424,5503,216072,21,0,0,21,32
2020-10-14,US,Florida,Collier,13382,239,0,26.11091986,-81.34687065,12021.0,3476.729141443796,1.7859811687341205,13143,13330,239,0,13091,13262,378488,52,0,0,52,68
2020-10-14,US,Florida,Columbia,4034,68,0,30.22509788,-82.62160164,12023.0,5627.319141812906,1.6856717897868119,3966,4021,66,0,3955,3998,70503,13,2,0,11,23
2020-10-14,US,Florida,DeSoto,1609,27,0,27.18677893,-81.80941373,12027.0,4234.099102655193,1.678060907395898,1582,1608,27,0,1581,1608,37489,1,0,0,1,0
2020-10-14,US,Florida,Dixie,860,11,0,29.60631086,-83.15724673,12029.0,5111.137525258529,1.2790697674418603,849,854,11,0,843,851,16700,6,0,0,6,3
2020-10-14,US,Florida,Duval,32311,494,0,30.33225875,-81.66976468,12031.0,3373.6185141293963,1.528891089721767,31817,32138,491,0,31647,32027,950181,173,3,0,170,111
2020-10-14,US,Florida,Escambia,12737,264,0,30.67652764,-87.37284571,12033.0,4001.3697080888173,2.0727015780796108,12473,12698,264,0,12434,12674,315534,39,0,0,39,24
2020-10-14,US,Florida,Flagler,1892,33,0,29.45933576,-81.31508595,12035.0,1644.0594016388454,1.7441860465116281,1859,1883,33,0,1850,1875,112067,9,0,0,9,8
2020-10-14,US,Florida,Franklin,676,4,0,29.83791238,-84.82731662,12037.0,5575.2577319587635,0.591715976331361,672,674,4,0,670,674,11736,2,0,0,2,0
2020-10-14,US,Florida,Gadsden,2992,51,0,30.57796289,-84.61915825,12039.0,6552.781427945685,1.7045454545454546,2941,2991,50,0,2941,2984,45894,1,1,0,0,7
2020-10-14,US,Florida,Gilchrist,531,17,0,29.72856978,-82.79880657,12041.0,2857.604133031967,3.2015065913371004,514,528,17,0,511,527,18256,3,0,0,3,1
2020-10-14,US,Florida,Glades,581,6,0,26.95635849,-81.18996211,12043.0,4206.7916877850985,1.032702237521515,575,580,6,0,574,579,13724,1,0,0,1,1
2020-10-14,US,Florida,Gulf,911,15,0,29.93543004,-85.24270990000002,12045.0,6679.375320771317,1.6465422612513718,896,910,15,0,895,910,16164,1,0,0,1,0
2020-10-14,US,Florida,Hamilton,889,9,0,30.49673973,-82.94998918,12047.0,6161.630163570834,1.0123734533183353,880,887,9,0,878,885,14310,2,0,0,2,2
2020-10-14,US,Florida,Hardee,1479,11,0,27.49293939,-81.80956574,12049.0,5490.589152466867,0.7437457741717377,1468,1460,11,0,1449,1457,27245,19,0,0,19,3
2020-10-14,US,Florida,Hendry,2128,43,0,26.55386945,-81.16469006,12051.0,5064.014087858741,2.0206766917293235,2085,2122,43,0,2079,2118,41556,6,0,0,6,4
2020-10-14,US,Florida,Hernando,3324,149,0,28.55364461,-82.42700204,12053.0,1714.1089108910892,4.482551143200963,3175,3352,149,0,3203,3362,190865,-28,0,0,-28,-10
2020-10-14,US,Florida,Highlands,2398,100,0,27.34254618,-81.34071957,12055.0,2257.557356831512,4.170141784820683,2298,2376,100,0,2276,2356,105424,22,0,0,22,20
2020-10-14,US,Florida,Hillsborough,44652,720,0,27.9276559,-82.32013172,12057.0,3033.4898584751836,1.612469766191884,43932,44460,719,0,43741,44256,1436888,192,1,0,191,204
2020-10-14,US,Florida,Holmes,803,10,0,30.86747479,-85.81319222,12059.0,4093.3883876229797,1.2453300124533002,793,799,10,0,789,793,19477,4,0,0,4,6
2020-10-14,US,Florida,Indian River,3458,119,0,27.69308961,-80.60556721,12061.0,2162.290602352382,3.4412955465587043,3339,3450,119,0,3331,3441,157413,8,0,0,8,9
2020-10-14,US,Florida,Jackson,2986,83,0,30.795459700000002,-85.21500423,12063.0,6433.403714396519,2.7796383121232418,2903,2975,82,0,2893,2966,48305,11,1,0,10,9
2020-10-14,US,Florida,Jefferson,603,9,0,30.43669112,-83.89442308,12065.0,4232.767092517198,1.492537313432836,594,602,9,0,593,601,14288,1,0,0,1,1
2020-10-14,US,Florida,Lafayette,1253,15,0,29.98484137,-83.18166636,12067.0,14877.701258608407,1.1971268954509178,1238,1251,15,0,1236,1249,8732,2,0,0,2,2
2020-10-14,US,Florida,Lake,8012,211,0,28.76202069,-81.7125123,12069.0,2182.4045674687704,2.63354967548677,7801,7973,209,0,7764,7939,356495,39,2,0,37,34
2020-10-14,US,Florida,Lee,21489,485,0,26.58410348,-81.88399313,12071.0,2788.6895144807067,2.256968681651077,21004,21438,484,0,20954,21363,754610,51,1,0,50,75
2020-10-14,US,Florida,Leon,11413,93,0,30.45955727,-84.27491114,12073.0,3887.4999148449156,0.8148602470866556,11320,11356,93,0,11263,11316,292502,57,0,0,57,40
2020-10-14,US,Florida,Levy,1089,10,0,29.31829741,-82.74007147,12075.0,2623.9067055393584,0.9182736455463728,1079,1083,10,0,1073,1079,40770,6,0,0,6,4
2020-10-14,US,Florida,Liberty,520,10,0,30.23766008,-84.8829258,12077.0,6224.563083552789,1.9230769230769231,510,520,10,0,510,520,8457,0,0,0,0,0
2020-10-14,US,Florida,Madison,1047,24,0,30.44396917,-83.47398594,12079.0,5661.6016871248585,2.292263610315186,1023,1043,24,0,1019,1042,18529,4,0,0,4,1
2020-10-14,US,Florida,Manatee,12270,310,0,27.47196942,-82.31831044,12081.0,3042.754796616516,2.526487367563162,11960,12228,307,0,11921,12173,394855,42,3,0,39,55
2020-10-14,US,Florida,Marion,10258,330,0,29.21227113,-82.05803627,12083.0,2805.959860932931,3.217001364788458,9928,10198,326,0,9872,10167,359977,60,4,0,56,31
2020-10-14,US,Florida,Martin,5102,151,0,27.0772071,-80.43109784,12085.0,3168.944099378881,2.959623676989416,4951,5089,151,0,4938,5073,160912,13,0,0,13,16
2020-10-14,US,Florida,Miami-Dade,176271,3485,0,25.6112362,-80.55170587,12086.0,6487.8503021781835,1.9770693988234025,172786,175837,3465,0,172372,175397,2761581,434,20,0,414,440
2020-10-14,US,Florida,Monroe,1979,24,0,25.20904673,-81.07812416,12087.0,2666.1098237861725,1.212733703890854,1955,1971,24,0,1947,1958,75027,8,0,0,8,13
2020-10-14,US,Florida,Nassau,2297,50,0,30.61037141,-81.80297522,12089.0,2591.81946403385,2.1767522855899,2247,2282,50,0,2232,2265,85832,15,0,0,15,17
2020-10-14,US,Florida,Okaloosa,5491,125,0,30.69143028,-86.59267105,12091.0,2605.6050641080387,2.2764523766162807,5366,5451,124,0,5327,5411,207269,40,1,0,39,40
2020-10-14,US,Florida,Okeechobee,1650,35,0,27.386336199999995,-80.88944347,12093.0,3912.919749573136,2.121212121212121,1615,1643,34,0,1609,1639,41537,7,1,0,6,4
2020-10-14,US,Florida,Orange,42572,523,0,28.51367621,-81.31799498,12095.0,3055.1464994847333,1.2285069999060416,42049,42401,520,0,41881,42219,1380645,171,3,0,168,182
2020-10-14,US,Florida,Osceola,13250,174,0,28.06312234,-81.14882926,12097.0,3526.2713871686296,1.3132075471698113,13076,13208,174,0,13034,13150,367990,42,0,0,42,58
2020-10-14,US,Florida,Palm Beach,48337,1465,0,26.64676272,-80.46536002,12099.0,3229.4206858769207,3.030804559654096,46872,48176,1461,0,46715,48004,1485941,161,4,0,157,172
2020-10-14,US,Florida,Pasco,9989,219,0,28.30810945,-82.40227529,12101.0,1803.2411042933707,2.1924116528181004,9770,9919,219,0,9700,9871,539630,70,0,0,70,48
2020-10-14,US,Florida,Pinellas,23510,788,0,27.93130349,-82.72239666,12103.0,2411.291943761821,3.3517652062951937,22722,23367,787,0,22580,23215,975280,143,1,0,142,152
2020-10-14,US,Florida,Polk,21354,563,0,27.95027105,-81.69732947,12105.0,2946.285547140707,2.6365083825044486,20791,21280,561,0,20719,21157,708009,74,2,0,72,123
2020-10-14,US,Florida,Putnam,2229,46,0,29.60779729,-81.74230285,12107.0,2991.1031789696863,2.0637056976222516,2183,2214,46,0,2168,2211,74163,15,0,0,15,3
2020-10-14,US,Florida,Santa Rosa,5616,84,0,30.69341450000001,-87.02458128,12113.0,3046.990716878354,1.4957264957264955,5532,5585,82,0,5503,5566,179349,31,2,0,29,19
2020-10-14,US,Florida,Sarasota,8786,291,0,27.18546175,-82.33174248,12115.0,2025.6281383864136,3.3120874117914862,8495,8736,290,0,8446,8684,426718,50,1,0,49,52
2020-10-14,US,Florida,Seminole,9524,231,0,28.7158582,-81.24060348,12117.0,2018.540733236405,2.4254514909701808,9293,9499,232,0,9267,9459,467832,25,-1,0,26,40
2020-10-14,US,Florida,St. Johns,5814,77,0,29.90096506,-81.43589967,12109.0,2196.6811751904247,1.3243894048847609,5737,5756,77,0,5679,5726,254261,58,0,0,58,30
2020-10-14,US,Florida,St. Lucie,8443,310,0,27.37763908,-80.47106649,12111.0,2571.756671550456,3.671680682221959,8133,8416,309,0,8107,8395,321128,27,1,0,26,21
2020-10-14,US,Florida,Sumter,2700,77,0,28.70181754,-82.0794267,12119.0,2038.9669234254645,2.851851851851852,2623,2674,77,0,2597,2648,128754,26,0,0,26,26
2020-10-14,US,Florida,Suwannee,2861,75,0,30.19746066,-82.99099670000003,12121.0,6441.227457955288,2.6214610276127233,2786,2849,75,0,2774,2840,44191,12,0,0,12,9
2020-10-14,US,Florida,Taylor,1406,14,0,30.04848048,-83.60445406,12123.0,6518.614678473737,0.9957325746799432,1392,1402,14,0,1388,1398,21623,4,0,0,4,4
2020-10-14,US,Florida,Unassigned,1906,0,0,0.0,0.0,90012.0,0.0,0.0,1906,1895,0,0,1895,1888,,11,0,0,11,7
2020-10-14,US,Florida,Union,1041,25,0,30.04412971,-82.37497443,12125.0,6832.053553849183,2.4015369836695486,1016,1037,25,0,1012,1029,14940,4,0,0,4,8
2020-10-14,US,Florida,Volusia,11649,296,0,29.05858895,-81.18263252,12127.0,2105.428676773592,2.5409906429736457,11353,11582,294,0,11288,11532,547538,67,2,0,65,50
2020-10-14,US,Florida,Wakulla,1209,11,0,30.16548905,-84.39895211,12129.0,3583.3901419721983,0.9098428453267164,1198,1201,11,0,1190,1200,32461,8,0,0,8,1
2020-10-14,US,Florida,Walton,2142,29,0,30.64204028,-86.16935664,12131.0,2891.8200105304372,1.353874883286648,2113,2114,29,0,2085,2104,71375,28,0,0,28,10
2020-10-14,US,Florida,Washington,1124,24,0,30.61359259,-85.66002461,12133.0,4412.515212185453,2.1352313167259784,1100,1121,24,0,1097,1119,24880,3,0,0,3,2
2020-10-14,US,Georgia,Appling,1109,34,0,31.74847232,-82.28909114,13001.0,6031.763298161644,3.0658250676284937,1075,1108,34,0,1074,1108,18507,1,0,0,1,0
2020-10-14,US,Georgia,Atkinson,468,4,0,31.29633502,-82.87545866,13003.0,5731.7819963257825,0.8547008547008547,464,465,4,0,461,464,8297,3,0,0,3,1
2020-10-14,US,Georgia,Bacon,617,14,0,31.55456473,-82.45936528,13005.0,5526.692941597996,2.26904376012966,603,617,14,0,603,616,11185,0,0,0,0,1
2020-10-14,US,Georgia,Baker,85,6,0,31.32669878,-84.44218806,13007.0,2797.8933508887426,7.0588235294117645,79,85,6,0,79,85,3092,0,0,0,0,0
2020-10-14,US,Georgia,Baldwin,2219,62,0,33.06882326,-83.24701748,13009.0,4943.194475384273,2.7940513744930153,2157,2202,62,0,2140,2202,44823,17,0,0,17,0
2020-10-14,US,Georgia,Banks,527,8,0,34.35607081,-83.49644388,13011.0,2739.9396901320583,1.5180265654648957,519,528,8,0,520,526,18988,-1,0,0,-1,2
2020-10-14,US,Georgia,Barrow,2418,47,0,33.99148694,-83.71436292,13013.0,2904.853435848149,1.9437551695616209,2371,2407,47,0,2360,2385,80809,11,0,0,11,22
2020-10-14,US,Georgia,Bartow,3219,91,0,34.23732119,-84.83887523,13015.0,2987.803746124859,2.826964895930413,3128,3178,91,0,3087,3153,106408,41,0,0,41,25
2020-10-14,US,Georgia,Ben Hill,837,29,0,31.76095874,-83.22145359,13017.0,5011.976047904192,3.464755077658304,808,835,29,0,806,835,16787,2,0,0,2,0
2020-10-14,US,Georgia,Berrien,471,12,0,31.27590016,-83.22529920000002,13019.0,2428.2105480228893,2.5477707006369426,459,472,12,0,460,469,19252,-1,0,0,-1,3
2020-10-14,US,Georgia,Bibb,6371,187,0,32.80904227,-83.70489165,13021.0,4159.729431505821,2.9351750117720923,6184,6335,188,0,6147,6311,153095,36,-1,0,37,24
2020-10-14,US,Georgia,Bleckley,474,21,0,32.43829035,-83.33035166,13023.0,3682.125378699604,4.4303797468354436,453,467,21,0,446,467,12838,7,0,0,7,0
2020-10-14,US,Georgia,Brantley,375,11,0,31.19576557,-81.97743999,13025.0,1962.4260819509127,2.933333333333333,364,374,11,0,363,374,18897,1,0,0,1,0
2020-10-14,US,Georgia,Brooks,535,26,0,30.83922642,-83.58303423,13027.0,3461.2149835026203,4.859813084112148,509,534,26,0,508,532,15513,1,0,0,1,2
2020-10-14,US,Georgia,Bryan,1229,13,0,32.00979311,-81.44002948,13029.0,3101.420748479572,1.0577705451586656,1216,1226,13,0,1213,1217,38109,3,0,0,3,9
2020-10-14,US,Georgia,Bulloch,2979,32,0,32.39577406,-81.74811421,13031.0,3742.086222490202,1.0741859684457873,2947,2966,32,0,2934,2964,77296,13,0,0,13,2
2020-10-14,US,Georgia,Burke,862,11,0,33.05917989,-81.99928721,13033.0,3851.137023634008,1.2761020881670533,851,859,11,0,848,856,22423,3,0,0,3,3
2020-10-14,US,Georgia,Butts,722,43,0,33.283094500000004,-83.95435040000002,13035.0,2895.4122553737566,5.955678670360111,679,722,43,0,679,718,24193,0,0,0,0,4
2020-10-14,US,Georgia,Calhoun,258,9,0,31.53169785,-84.62725131,13037.0,4168.686379059623,3.4883720930232562,249,256,9,0,247,256,6352,2,0,0,2,0
2020-10-14,US,Georgia,Camden,1363,16,0,30.92951916,-81.66601818,13039.0,2493.323089305967,1.173881144534116,1347,1359,16,0,1343,1358,53677,4,0,0,4,1
2020-10-14,US,Georgia,Candler,507,23,0,32.40209349,-82.07702563,13043.0,4693.140794223827,4.5364891518737664,484,505,23,0,482,501,10836,2,0,0,2,4
2020-10-14,US,Georgia,Carroll,3045,74,0,33.58138199,-85.07976677,13045.0,2537.6691779451958,2.4302134646962235,2971,3032,74,0,2958,3015,118121,13,0,0,13,17
2020-10-14,US,Georgia,Catoosa,1304,19,0,34.89872298,-85.13757014,13047.0,1929.5649600473514,1.4570552147239264,1285,1292,19,0,1273,1292,67420,12,0,0,12,0
2020-10-14,US,Georgia,Charlton,645,9,0,30.78371028,-82.13951596,13049.0,4816.308243727599,1.3953488372093024,636,645,9,0,636,645,12968,0,0,0,0,0
2020-10-14,US,Georgia,Chatham,8956,178,0,32.00043026,-81.12489526,13051.0,3094.357875824897,1.9874944171505136,8778,8927,177,0,8750,8888,289195,29,1,0,28,39
2020-10-14,US,Georgia,Chattahoochee,1707,1,0,32.34341231,-84.78809239,13053.0,15650.499679105162,0.058582308142940825,1706,1706,1,0,1705,1706,10684,1,0,0,1,0
2020-10-14,US,Georgia,Chattooga,851,26,0,34.47197698,-85.34535662,13055.0,3432.9743031183184,3.0552291421856634,825,844,26,0,818,838,24790,7,0,0,7,6
2020-10-14,US,Georgia,Cherokee,6571,97,0,34.24393976,-84.47431861,13057.0,2539.2911934398103,1.4761832293410437,6474,6518,97,0,6421,6497,254149,53,0,0,53,21
2020-10-14,US,Georgia,Clarke,5435,46,0,33.95436462,-83.37124007,13059.0,4235.14193764562,0.8463661453541859,5389,5399,46,0,5353,5375,127330,36,0,0,36,24
2020-10-14,US,Georgia,Clay,122,3,0,31.62221166,-84.97713865,13061.0,4304.8694424841215,2.459016393442623,119,122,3,0,119,122,2887,0,0,0,0,0
2020-10-14,US,Georgia,Clayton,7616,170,0,33.54187245,-84.35594188,13063.0,2605.9345231577795,2.232142857142857,7446,7569,170,0,7399,7509,289615,47,0,0,47,60
2020-10-14,US,Georgia,Clinch,411,11,0,30.91395822,-82.70432472,13065.0,6210.335448776064,2.67639902676399,400,409,11,0,398,405,6648,2,0,0,2,4
2020-10-14,US,Georgia,Cobb,20838,442,0,33.94243204,-84.5761255,13067.0,2741.333515755629,2.1211248680295616,20396,20679,442,0,20237,20610,756865,159,0,0,159,69
2020-10-14,US,Georgia,Coffee,2155,57,0,31.54892966,-82.85492059999999,13069.0,4980.010630185104,2.645011600928074,2098,2151,57,0,2094,2150,43093,4,0,0,4,1
2020-10-14,US,Georgia,Colquitt,2011,37,0,31.18810588,-83.7677946,13071.0,4410.087719298245,1.839880656389856,1974,1994,37,0,1957,1986,45592,17,0,0,17,8
2020-10-14,US,Georgia,Columbia,4027,62,0,33.54534185,-82.263524,13073.0,2569.6491698252867,1.5396076483734789,3965,4015,62,0,3953,4007,154291,12,0,0,12,8
2020-10-14,US,Georgia,Cook,566,15,0,31.16068491,-83.42947229,13075.0,3277.359583092067,2.6501766784452303,551,564,15,0,549,563,17162,2,0,0,2,1
2020-10-14,US,Georgia,Coweta,2783,58,0,33.35334302,-84.76129976,13077.0,1873.9605007103946,2.084081925979159,2725,2775,58,0,2717,2760,145864,8,0,0,8,15
2020-10-14,US,Georgia,Crawford,185,6,0,32.71391813,-83.98061238,13079.0,1491.4543695582074,3.2432432432432434,179,183,6,0,177,183,12318,2,0,0,2,0
2020-10-14,US,Georgia,Crisp,610,19,0,31.92289565,-83.76811843,13081.0,2726.622563919185,3.114754098360656,591,610,19,0,591,608,22601,0,0,0,0,2
2020-10-14,US,Georgia,Dade,310,5,0,34.854916700000004,-85.50490424,13083.0,1923.5542318193106,1.6129032258064515,305,306,5,0,301,306,16226,4,0,0,4,0
2020-10-14,US,Georgia,Dawson,867,9,0,34.44244079,-84.16964071,13085.0,3320.821204228589,1.038062283737024,858,860,9,0,851,858,25083,7,0,0,7,2
2020-10-14,US,Georgia,DeKalb,19857,383,0,33.76944049,-84.22396017,13089.0,2615.1822014310605,1.9287908546104648,19474,19797,382,0,19415,19743,756558,60,1,0,59,54
2020-10-14,US,Georgia,Decatur,1241,34,0,30.87967778,-84.57619536,13087.0,4700.045447659446,2.7397260273972597,1207,1237,34,0,1203,1236,26575,4,0,0,4,1
2020-10-14,US,Georgia,Dodge,492,13,0,32.17265114,-83.16948926,13091.0,2387.769958747877,2.6422764227642275,479,467,13,0,454,462,20705,25,0,0,25,5
2020-10-14,US,Georgia,Dooly,351,14,0,32.15630737,-83.79746561,13093.0,2621.3592233009713,3.988603988603989,337,351,14,0,337,352,13706,0,0,0,0,-1
2020-10-14,US,Georgia,Dougherty,3237,188,0,31.53328528,-84.21722377,13095.0,3680.249215516849,5.8078467717021915,3049,3227,188,0,3039,3223,91243,10,0,0,10,4
2020-10-14,US,Georgia,Douglas,3877,71,0,33.70291126,-84.77026156,13097.0,2649.255516150413,1.8313128707763733,3806,3864,71,0,3793,3850,145331,13,0,0,13,14
2020-10-14,US,Georgia,Early,520,33,0,31.32155345,-84.90255207,13099.0,5103.042198233562,6.346153846153847,487,519,33,0,486,519,10247,1,0,0,1,0
2020-10-14,US,Georgia,Echols,244,2,0,30.71101099,-82.89687287,13101.0,6090.863704443335,0.819672131147541,242,243,2,0,241,243,4000,1,0,0,1,0
2020-10-14,US,Georgia,Effingham,1625,28,0,32.36616021,-81.34280942,13103.0,2527.373398034092,1.7230769230769232,1597,1613,28,0,1585,1600,62190,12,0,0,12,13
2020-10-14,US,Georgia,Elbert,730,8,0,34.11302332,-82.83936148,13105.0,3803.271855788267,1.095890410958904,722,724,8,0,716,719,19120,6,0,0,6,5
2020-10-14,US,Georgia,Emanuel,1142,35,0,32.59221302,-82.30239915,13107.0,5042.833171421003,3.064798598949212,1107,1137,34,0,1103,1135,22612,5,1,0,4,2
2020-10-14,US,Georgia,Evans,449,6,0,32.15328841,-81.8870105,13109.0,4214.3795757461985,1.33630289532294,443,448,6,0,442,445,10721,1,0,0,1,3
2020-10-14,US,Georgia,Fannin,759,28,0,34.86430205,-84.316964,13111.0,2898.274018634489,3.6890645586297763,731,755,28,0,727,752,25964,4,0,0,4,3
2020-10-14,US,Georgia,Fayette,1987,51,0,33.41357794,-84.49089434,13113.0,1736.5693360484527,2.5666834423754405,1936,1979,52,0,1927,1966,113459,8,-1,0,9,13
2020-10-14,US,Georgia,Floyd,3500,49,0,34.26268279,-85.21577392,13115.0,3553.3716420637984,1.4,3451,3461,49,0,3412,3438,97927,39,0,0,39,23
2020-10-14,US,Georgia,Forsyth,4440,48,0,34.22604035,-84.12315129999998,13117.0,1817.7947365835284,1.0810810810810811,4392,4400,48,0,4352,4378,236612,40,0,0,40,22
2020-10-14,US,Georgia,Franklin,815,16,0,34.37525597,-83.23159927,13119.0,3490.513512355989,1.96319018404908,799,814,16,0,798,809,23023,1,0,0,1,5
2020-10-14,US,Georgia,Fulton,29329,597,0,33.79216944,-84.46319413,13121.0,2756.648184995916,2.0355279757236864,28732,29274,594,0,28680,29170,1050114,55,3,0,52,104
2020-10-14,US,Georgia,Gilmer,935,16,0,34.69316688,-84.45802506,13123.0,2980.6496859957288,1.711229946524064,919,927,15,0,912,926,30816,8,1,0,7,1
2020-10-14,US,Georgia,Glascock,40,2,0,33.22879932,-82.61297636,13125.0,1346.348030966005,5.0,38,40,2,0,38,40,2995,0,0,0,0,0
2020-10-14,US,Georgia,Glynn,3572,98,0,31.23279254,-81.53811412,13127.0,4187.966046053557,2.7435610302351625,3474,3572,98,0,3474,3571,85219,0,0,0,0,1
2020-10-14,US,Georgia,Gordon,2042,39,0,34.50487351,-84.87296253,13129.0,3522.937046046616,1.909892262487757,2003,2016,39,0,1977,1999,57685,26,0,0,26,17
2020-10-14,US,Georgia,Grady,833,23,0,30.87454847,-84.23418364,13131.0,3381.642512077295,2.7611044417767108,810,831,23,0,808,829,24748,2,0,0,2,2
2020-10-14,US,Georgia,Greene,547,24,0,33.5769205,-83.17139104,13133.0,2985.156079458633,4.387568555758683,523,545,24,0,521,543,17698,2,0,0,2,2
2020-10-14,US,Georgia,Gwinnett,29157,427,0,33.96044201,-84.02137802,13135.0,3114.2323097463286,1.4644853722948177,28730,29015,425,0,28590,28861,927781,142,2,0,140,154
2020-10-14,US,Georgia,Habersham,1802,73,0,34.63331566,-83.53094677,13137.0,3975.4677020825984,4.051054384017759,1729,1783,72,0,1711,1778,45388,19,1,0,18,5
2020-10-14,US,Georgia,Hall,10098,164,0,34.32207823,-83.81896936,13139.0,4939.322347278677,1.6240839770251534,9934,10028,164,0,9864,9985,202148,70,0,0,70,43
2020-10-14,US,Georgia,Hancock,407,44,0,33.2721566,-82.99766919,13141.0,4812.581293602932,10.810810810810812,363,405,44,0,361,405,8348,2,0,0,2,0
2020-10-14,US,Georgia,Haralson,563,9,0,33.79602175,-85.21005667,13143.0,1889.769065520945,1.5985790408525755,554,555,9,0,546,549,29533,8,0,0,8,6
2020-10-14,US,Georgia,Harris,826,25,0,32.73709786,-84.90538572,13145.0,2344.193438528777,3.026634382566586,801,823,25,0,798,820,34475,3,0,0,3,3
2020-10-14,US,Georgia,Hart,548,16,0,34.34626973,-82.96567682,13147.0,2091.203968708262,2.9197080291970803,532,547,16,0,531,547,26099,1,0,0,1,0
2020-10-14,US,Georgia,Heard,204,6,0,33.29686567,-85.12886832,13149.0,1710.978780508261,2.9411764705882355,198,204,6,0,198,203,11879,0,0,0,0,1
2020-10-14,US,Georgia,Henry,5723,106,0,33.4533428,-84.14814659999998,13151.0,2439.877046908907,1.8521754324654904,5617,5699,106,0,5593,5669,230220,24,0,0,24,30
2020-10-14,US,Georgia,Houston,3346,86,0,32.45802497,-83.66879087,13153.0,2119.559364765651,2.5702331141661685,3260,3323,86,0,3237,3310,155469,23,0,0,23,13
2020-10-14,US,Georgia,Irwin,343,6,0,31.60213036,-83.27501387,13155.0,3642.7357689039927,1.749271137026239,337,342,6,0,336,340,9398,1,0,0,1,2
2020-10-14,US,Georgia,Jackson,2181,39,0,34.13794553,-83.56814788,13157.0,2988.612850624169,1.7881705639614855,2142,2165,38,0,2127,2155,70422,16,1,0,15,10
2020-10-14,US,Georgia,Jasper,239,3,0,33.31535543,-83.68844964,13159.0,1680.8495674801322,1.2552301255230125,236,238,3,0,235,235,14040,1,0,0,1,3
2020-10-14,US,Georgia,Jeff Davis,754,22,0,31.80405727,-82.63724870000001,13161.0,4988.422097254384,2.9177718832891246,732,754,22,0,732,747,15029,0,0,0,0,7
2020-10-14,US,Georgia,Jefferson,827,31,0,33.05867328,-82.41609057,13163.0,5383.413618018487,3.748488512696493,796,827,31,0,796,827,15430,0,0,0,0,0
2020-10-14,US,Georgia,Jenkins,457,31,0,32.79248718,-81.96040187,13165.0,5267.404333794375,6.783369803063457,426,457,31,0,426,456,8683,0,0,0,0,1
2020-10-14,US,Georgia,Johnson,434,22,0,32.70211082,-82.66166794,13167.0,4500.67406408794,5.0691244239631335,412,433,22,0,411,433,9708,1,0,0,1,0
2020-10-14,US,Georgia,Jones,614,13,0,33.02512137,-83.56019163,13169.0,2136.7670088741947,2.1172638436482085,601,611,13,0,598,603,28616,3,0,0,3,8
2020-10-14,US,Georgia,Lamar,390,19,0,33.07841647,-84.14263877,13171.0,2044.3465953766315,4.871794871794871,371,390,19,0,371,390,19000,0,0,0,0,0
2020-10-14,US,Georgia,Lanier,309,7,0,31.03828570000001,-83.06472457,13173.0,2964.597524704979,2.26537216828479,302,308,7,0,301,306,10340,1,0,0,1,2
2020-10-14,US,Georgia,Laurens,1863,82,0,32.46325233,-82.92221316,13175.0,3918.3106885963066,4.40150295222759,1781,1852,82,0,1770,1847,47325,11,0,0,11,5
2020-10-14,US,Georgia,Lee,730,26,0,31.779330600000005,-84.14324253,13177.0,2433.982395305415,3.5616438356164384,704,728,26,0,702,726,29764,2,0,0,2,2
2020-10-14,US,Georgia,Liberty,1172,24,0,31.82588896,-81.49251135,13179.0,1907.707332953528,2.04778156996587,1148,1169,24,0,1145,1168,61497,3,0,0,3,1
2020-10-14,US,Georgia,Lincoln,220,7,0,33.79201475,-82.45024131,13181.0,2777.427092538821,3.1818181818181817,213,220,7,0,213,219,7915,0,0,0,0,1
2020-10-14,US,Georgia,Long,267,4,0,31.75218791,-81.74952375,13183.0,1365.10046525896,1.49812734082397,263,266,4,0,262,262,18998,1,0,0,1,4
2020-10-14,US,Georgia,Lowndes,4179,85,0,30.83568832,-83.27056716,13185.0,3559.4432993203072,2.0339794209140942,4094,4151,86,0,4065,4144,116321,28,-1,0,29,7
2020-10-14,US,Georgia,Lumpkin,987,14,0,34.57286511,-84.00425681,13187.0,2936.6260041654273,1.4184397163120568,973,975,14,0,961,967,32955,12,0,0,12,8
2020-10-14,US,Georgia,Macon,240,10,0,32.35207048,-84.04234127,13193.0,1853.7112844674439,4.166666666666667,230,239,10,0,229,240,13143,1,0,0,1,-1
2020-10-14,US,Georgia,Madison,743,11,0,34.12920917,-83.21218732,13195.0,2486.6131191432396,1.4804845222072678,732,739,10,0,729,738,29650,4,1,0,3,1
2020-10-14,US,Georgia,Marion,194,9,0,32.3483402,-84.52733571,13197.0,2320.851776528293,4.639175257731959,185,195,9,0,186,194,8351,-1,0,0,-1,1
2020-10-14,US,Georgia,McDuffie,646,14,0,33.47851918,-82.48252774,13189.0,3031.156156156156,2.1671826625387,632,644,14,0,630,641,21531,2,0,0,2,3
2020-10-14,US,Georgia,McIntosh,300,7,0,31.49683595,-81.40163426,13191.0,2086.521073862846,2.333333333333333,293,299,7,0,292,299,14340,1,0,0,1,0
2020-10-14,US,Georgia,Meriwether,566,14,0,33.04163534,-84.68859732,13199.0,2673.973638210422,2.4734982332155475,552,565,14,0,551,563,21068,1,0,0,1,2
2020-10-14,US,Georgia,Miller,295,2,0,31.16568912,-84.73151117,13201.0,5159.146554739419,0.6779661016949152,293,295,2,0,293,295,5686,0,0,0,0,0
2020-10-14,US,Georgia,Mitchell,841,46,0,31.22483255,-84.19381821,13205.0,3846.6816081964957,5.4696789536266355,795,841,46,0,795,840,22192,0,0,0,0,1
2020-10-14,US,Georgia,Monroe,734,54,0,33.014289,-83.92097166,13207.0,2661.5418086880845,7.356948228882834,680,730,54,0,676,728,27520,4,0,0,4,2
2020-10-14,US,Georgia,Montgomery,348,7,0,32.17201038,-82.53527476,13209.0,3794.1561273440907,2.0114942528735638,341,345,7,0,338,344,9193,3,0,0,3,1
2020-10-14,US,Georgia,Morgan,508,4,0,33.59232073,-83.49129491,13211.0,2635.4015355882957,0.7874015748031497,504,505,4,0,501,504,18853,3,0,0,3,1
2020-10-14,US,Georgia,Murray,902,8,0,34.78897608,-84.74993177,13213.0,2249.6009577015166,0.8869179600886918,894,896,8,0,888,892,39921,6,0,0,6,4
2020-10-14,US,Georgia,Muscogee,6230,173,0,32.50931999,-84.87142262,13215.0,3182.322022383524,2.7768860353130016,6057,6218,173,0,6045,6203,194160,12,0,0,12,15
2020-10-14,US,Georgia,Newton,2733,91,0,33.55514538,-83.84547140000002,13217.0,2445.7689003436426,3.3296743505305524,2642,2718,91,0,2627,2711,109541,15,0,0,15,7
2020-10-14,US,Georgia,Oconee,811,27,0,33.83749973,-83.43679568,13219.0,2013.4061569016885,3.3292231812577064,784,806,27,0,779,801,39272,5,0,0,5,5
2020-10-14,US,Georgia,Oglethorpe,382,11,0,33.878629600000004,-83.08278123,13221.0,2503.44059243725,2.8795811518324608,371,378,11,0,367,377,15054,4,0,0,4,1
2020-10-14,US,Georgia,Out of GA,14992,172,0,0.0,0.0,80013.0,0.0,1.1472785485592316,14820,15239,172,0,15067,15427,,-247,0,0,-247,-188
2020-10-14,US,Georgia,Paulding,2979,59,0,33.91969522,-84.86848792,13223.0,1766.2020430789664,1.98053037932192,2920,2957,59,0,2898,2948,164044,22,0,0,22,9
2020-10-14,US,Georgia,Peach,714,24,0,32.56934316,-83.82937,13225.0,2592.027880636027,3.361344537815126,690,709,24,0,685,706,27297,5,0,0,5,3
2020-10-14,US,Georgia,Pickens,663,9,0,34.46589159,-84.46406611,13227.0,2034.3039489429602,1.3574660633484164,654,661,9,0,652,660,31980,2,0,0,2,1
2020-10-14,US,Georgia,Pierce,636,23,0,31.35928155,-82.21598442,13229.0,3267.4030310814283,3.6163522012578615,613,635,23,0,612,633,19389,1,0,0,1,2
2020-10-14,US,Georgia,Pike,368,11,0,33.09310242,-84.38790389,13231.0,1940.7235523678933,2.989130434782609,357,367,11,0,356,365,18634,1,0,0,1,2
2020-10-14,US,Georgia,Polk,1577,22,0,34.00267074,-85.18677781,13233.0,3700.748597845728,1.3950538998097657,1555,1564,21,0,1543,1560,42470,13,1,0,12,4
2020-10-14,US,Georgia,Pulaski,320,22,0,32.23334561,-83.47549959999998,13235.0,2873.305198886594,6.875,298,320,22,0,298,320,11069,0,0,0,0,0
2020-10-14,US,Georgia,Putnam,753,27,0,33.32056115,-83.37552891,13237.0,3404.3130340431303,3.585657370517928,726,752,27,0,725,748,21809,1,0,0,1,4
2020-10-14,US,Georgia,Quitman,38,1,0,31.86728114,-85.01773177,13239.0,1652.892561983471,2.631578947368421,37,38,1,0,37,38,2279,0,0,0,0,0
2020-10-14,US,Georgia,Rabun,402,11,0,34.88389445,-83.40304637,13241.0,2345.801482173076,2.736318407960199,391,402,11,0,391,400,16867,0,0,0,0,2
2020-10-14,US,Georgia,Randolph,338,29,0,31.76622818,-84.75732369,13243.0,4986.721746827973,8.579881656804734,309,338,29,0,309,336,6833,0,0,0,0,2
2020-10-14,US,Georgia,Richmond,7571,173,0,33.35777107,-82.07026432,13245.0,3738.433126931927,2.285035001981244,7398,7549,173,0,7376,7533,201554,22,0,0,22,16
2020-10-14,US,Georgia,Rockdale,1975,40,0,33.65145002,-84.02202167,13247.0,2172.812885055448,2.0253164556962027,1935,1965,40,0,1925,1957,90594,10,0,0,10,8
2020-10-14,US,Georgia,Schley,107,2,0,32.2654021,-84.31258912,13249.0,2035.3813962335933,1.8691588785046729,105,107,2,0,105,108,5236,0,0,0,0,-1
2020-10-14,US,Georgia,Screven,436,11,0,32.74976524,-81.60779441,13251.0,3121.8673922382927,2.5229357798165144,425,435,11,0,424,434,13938,1,0,0,1,1
2020-10-14,US,Georgia,Seminole,377,10,0,30.93464824,-84.86823924,13253.0,4660.074165636588,2.6525198938992043,367,374,10,0,364,374,8315,3,0,0,3,0
2020-10-14,US,Georgia,Spalding,1442,62,0,33.26310031,-84.28013991,13255.0,2161.8218071151223,4.2995839112343965,1380,1432,62,0,1370,1423,66100,10,0,0,10,9
2020-10-14,US,Georgia,Stephens,1222,42,0,34.55151201,-83.29405315,13257.0,4713.596914175506,3.436988543371522,1180,1216,41,0,1175,1193,26035,6,1,0,5,23
2020-10-14,US,Georgia,Stewart,524,16,0,32.07996777,-84.83208037,13259.0,7914.2123546292105,3.053435114503817,508,524,16,0,508,523,6199,0,0,0,0,1
2020-10-14,US,Georgia,Sumter,949,66,0,32.03650571,-84.19821492,13261.0,3214.334101070316,6.954689146469969,883,949,65,0,884,948,29733,0,1,0,-1,1
2020-10-14,US,Georgia,Talbot,167,7,0,32.69642758,-84.53351366,13263.0,2695.7223567393053,4.1916167664670665,160,167,7,0,160,167,6272,0,0,0,0,0
2020-10-14,US,Georgia,Taliaferro,25,0,0,33.56543317,-82.88136816,13265.0,1626.545217957059,0.0,25,25,0,0,25,25,1608,0,0,0,0,0
2020-10-14,US,Georgia,Tattnall,876,11,0,32.04785085,-82.05539188,13267.0,3464.3676342640197,1.2557077625570776,865,872,11,0,861,871,25391,4,0,0,4,1
2020-10-14,US,Georgia,Taylor,224,12,0,32.55792548,-84.25077141,13269.0,2793.017456359102,5.357142857142857,212,222,12,0,210,221,8039,2,0,0,2,1
2020-10-14,US,Georgia,Telfair,416,22,0,31.92829517,-82.93491155,13271.0,2622.9508196721313,5.288461538461538,394,411,22,0,389,406,15876,5,0,0,5,5
2020-10-14,US,Georgia,Terrell,335,32,0,31.77527543,-84.44069698,13273.0,3926.854999413902,9.552238805970148,303,335,32,0,303,335,8611,0,0,0,0,0
2020-10-14,US,Georgia,Thomas,1551,68,0,30.86392347,-83.91847289,13275.0,3489.2353377876757,4.3842682140554485,1483,1550,68,0,1482,1544,44448,1,0,0,1,6
2020-10-14,US,Georgia,Tift,1884,60,0,31.45743864,-83.5236119,13277.0,4635.370534396221,3.1847133757961785,1824,1881,59,0,1822,1871,40571,3,1,0,2,10
2020-10-14,US,Georgia,Toombs,1423,54,0,32.12059861,-82.32957247,13279.0,5303.764442787924,3.794799718903725,1369,1417,54,0,1363,1412,26887,6,0,0,6,5
2020-10-14,US,Georgia,Towns,397,10,0,34.91369188,-83.74107459999998,13281.0,3298.163994350752,2.5188916876574305,387,392,10,0,382,382,11852,5,0,0,5,10
2020-10-14,US,Georgia,Treutlen,283,11,0,32.40422134,-82.56904553,13283.0,4100.85494855818,3.886925795053004,272,281,11,0,270,279,6809,2,0,0,2,2
2020-10-14,US,Georgia,Troup,2931,103,0,33.03349196,-85.02812115,13285.0,4191.813735305053,3.514158990105766,2828,2913,103,0,2810,2907,70034,18,0,0,18,6
2020-10-14,US,Georgia,Turner,328,24,0,31.71612656,-83.62069378,13287.0,4107.701941139637,7.317073170731707,304,327,24,0,303,326,7912,1,0,0,1,1
2020-10-14,US,Georgia,Twiggs,206,9,0,32.67435595,-83.43078662,13289.0,2536.9458128078822,4.368932038834951,197,205,9,0,196,205,8188,1,0,0,1,0
2020-10-14,US,Georgia,Unassigned,2014,4,0,0.0,0.0,90013.0,0.0,0.198609731876862,2010,2030,4,0,2026,2083,,-16,0,0,-16,-53
2020-10-14,US,Georgia,Union,848,23,0,34.82995757,-83.98967069,13291.0,3459.6711680469994,2.712264150943396,825,844,23,0,821,839,24001,4,0,0,4,5
2020-10-14,US,Georgia,Upson,828,68,0,32.87920671,-84.30024826,13293.0,3145.896656534954,8.21256038647343,760,823,67,0,756,819,26215,5,1,0,4,4
2020-10-14,US,Georgia,Walker,1702,42,0,34.73376362,-85.30165174,13295.0,2439.7586043778037,2.4676850763807288,1660,1679,41,0,1638,1672,69410,23,1,0,22,7
2020-10-14,US,Georgia,Walton,1999,63,0,33.78017694,-83.73552314,13297.0,2113.2641950250013,3.1515757878939468,1936,1984,63,0,1921,1972,93503,15,0,0,15,12
2020-10-14,US,Georgia,Ware,1615,61,0,31.05449097,-82.42224148,13299.0,4519.505233111323,3.777089783281734,1554,1604,61,0,1543,1603,35680,11,0,0,11,1
2020-10-14,US,Georgia,Warren,163,5,0,33.41146451,-82.67795848,13301.0,3102.398172820708,3.0674846625766867,158,162,5,0,157,161,5251,1,0,0,1,1
2020-10-14,US,Georgia,Washington,713,11,0,32.96711864,-82.79357039,13303.0,3499.5582605281243,1.5427769985974755,702,710,11,0,699,710,20386,3,0,0,3,0
2020-10-14,US,Georgia,Wayne,1187,29,0,31.5521809,-81.91894878,13305.0,3966.318040565376,2.443133951137321,1158,1185,29,0,1156,1185,29808,2,0,0,2,0
2020-10-14,US,Georgia,Webster,44,2,0,32.04066113,-84.54742852,13307.0,1687.7637130801688,4.545454545454546,42,44,2,0,42,44,2611,0,0,0,0,0
2020-10-14,US,Georgia,Wheeler,356,13,0,32.12009104,-82.72574721,13309.0,4532.145130490134,3.651685393258427,343,356,13,0,343,356,7879,0,0,0,0,0
2020-10-14,US,Georgia,White,967,22,0,34.64624278,-83.74905525,13311.0,3139.814273654133,2.2750775594622543,945,961,22,0,939,957,29970,6,0,0,6,4
2020-10-14,US,Georgia,Whitfield,4942,63,0,34.80987459,-84.96093476,13313.0,4723.401001643921,1.274787535410765,4879,4915,62,0,4853,4886,104062,27,1,0,26,29
2020-10-14,US,Georgia,Wilcox,251,25,0,31.97496928,-83.43438555,13315.0,2906.774753908512,9.9601593625498,226,250,25,0,225,249,8812,1,0,0,1,1
2020-10-14,US,Georgia,Wilkes,272,6,0,33.78290391,-82.74286107,13317.0,2782.0394804132147,2.2058823529411766,266,272,6,0,266,271,9876,0,0,0,0,1
2020-10-14,US,Georgia,Wilkinson,356,18,0,32.80291082,-83.17140684,13319.0,3975.8767031494303,5.056179775280898,338,356,18,0,338,355,9036,0,0,0,0,1
2020-10-14,US,Georgia,Worth,578,32,0,31.55162306,-83.85090513,13321.0,2854.7439126784216,5.536332179930795,546,576,32,0,544,574,20299,2,0,0,2,2
2020-10-14,US,Hawaii,Hawaii,992,18,0,19.60121157,-155.5210167,15001.0,492.2759325701072,1.814516129032258,974,974,15,0,959,953,200983,18,3,0,15,21
2020-10-14,US,Hawaii,Honolulu,12176,146,0,21.45803166,-157.97121819999995,15003.0,1249.3804915639114,1.1990801576872536,12030,12097,144,0,11953,12068,980080,79,2,0,77,29
2020-10-14,US,Hawaii,Kauai,59,0,0,22.03935037,-159.5966786,15007.0,81.61232761124867,0.0,59,59,0,0,59,59,72133,0,0,0,0,0
2020-10-14,US,Hawaii,Maui,409,18,0,20.86399628,-156.56890969999995,15009.0,244.3001606766338,4.400977995110026,391,408,13,0,395,397,167207,1,5,0,-4,11
2020-10-14,US,Hawaii,Out of HI,38,1,0,0.0,0.0,80015.0,0.0,2.631578947368421,37,37,1,0,36,37,,1,0,0,1,0
2020-10-14,US,Idaho,Ada,14706,156,0,43.4526575,-116.24155159999998,16001.0,3053.653856935507,1.0607915136678907,14550,14604,156,0,14448,14528,469966,102,0,0,102,76
2020-10-14,US,Idaho,Adams,31,2,0,44.89333571,-116.4545247,16003.0,721.9375873311599,6.451612903225807,29,30,2,0,28,30,4250,1,0,0,1,0
2020-10-14,US,Idaho,Bannock,1505,8,0,42.67002716,-112.2233311,16005.0,1713.966836734694,0.53156146179402,1497,1479,8,0,1471,1456,87138,26,0,0,26,23
2020-10-14,US,Idaho,Bear Lake,53,1,0,42.28269683,-111.32892379999998,16007.0,865.3061224489796,1.8867924528301887,52,53,1,0,52,53,6050,0,0,0,0,0
2020-10-14,US,Idaho,Benewah,162,3,0,47.21754179,-116.6586851,16009.0,1742.3101742310175,1.851851851851852,159,162,3,0,159,162,9226,0,0,0,0,0
2020-10-14,US,Idaho,Bingham,1175,10,0,43.21672879999999,-112.3978437,16011.0,2510.093781376172,0.851063829787234,1165,1158,10,0,1148,1152,46236,17,0,0,17,6
2020-10-14,US,Idaho,Blaine,781,6,0,43.4085812,-113.9752658,16013.0,3392.554624038921,0.7682458386683739,775,775,6,0,769,771,22601,6,0,0,6,4
2020-10-14,US,Idaho,Boise,74,2,0,43.98829931,-115.7309284,16015.0,944.962329204444,2.702702702702702,72,74,2,0,72,73,7634,0,0,0,0,1
2020-10-14,US,Idaho,Bonner,413,1,0,48.29996017,-116.6017932,16017.0,902.9493430114343,0.2421307506053269,412,404,0,0,404,398,44727,9,1,0,8,6
2020-10-14,US,Idaho,Bonneville,3560,22,0,43.38713372,-111.6161537,16019.0,2990.0388033125605,0.6179775280898876,3538,3526,21,0,3505,3456,116854,34,1,0,33,70
2020-10-14,US,Idaho,Boundary,76,1,0,48.76684761,-116.4630179,16021.0,620.661494487546,1.3157894736842106,75,71,1,0,70,68,11948,5,0,0,5,3
2020-10-14,US,Idaho,Butte,57,0,0,43.72592209,-113.1735463,16023.0,2194.840200231036,0.0,57,51,0,0,51,51,2611,6,0,0,6,0
2020-10-14,US,Idaho,Camas,38,0,0,43.46665742,-114.8065892,16025.0,3435.8047016274872,0.0,38,38,0,0,38,38,1127,0,0,0,0,0
2020-10-14,US,Idaho,Canyon,8940,104,0,43.61970148,-116.70954990000001,16027.0,3889.5100696544255,1.16331096196868,8836,8872,104,0,8768,8835,223499,68,0,0,68,37
2020-10-14,US,Idaho,Caribou,157,2,0,42.77149116,-111.5597683,16029.0,2194.269741439553,1.2738853503184713,155,156,2,0,154,152,7060,1,0,0,1,4
2020-10-14,US,Idaho,Cassia,1018,8,0,42.28347888,-113.6012409,16031.0,4236.3712026633375,0.7858546168958742,1010,984,8,0,976,967,23864,34,0,0,34,17
2020-10-14,US,Idaho,Clark,40,0,0,44.28496071,-112.35057040000001,16033.0,4733.727810650888,0.0,40,39,0,0,39,39,852,1,0,0,1,0
2020-10-14,US,Idaho,Clearwater,112,0,0,46.67459924,-115.6622393,16035.0,1279.122887163088,0.0,112,108,0,0,108,96,8758,4,0,0,4,12
2020-10-14,US,Idaho,Custer,85,1,0,44.24186819,-114.2855494,16037.0,1969.872537659328,1.1764705882352942,84,79,1,0,78,79,4280,6,0,0,6,0
2020-10-14,US,Idaho,Elmore,425,4,0,43.3507101,-115.4701578,16039.0,1544.8366108102216,0.9411764705882352,421,420,4,0,416,416,27259,5,0,0,5,4
2020-10-14,US,Idaho,Franklin,207,1,0,42.18332217,-111.81496659999999,16041.0,1491.7843759008358,0.4830917874396135,206,203,1,0,202,202,13726,4,0,0,4,1
2020-10-14,US,Idaho,Fremont,323,3,0,44.22800938,-111.48099429999999,16043.0,2465.837086800519,0.9287925696594428,320,307,3,0,304,301,13168,16,0,0,16,6
2020-10-14,US,Idaho,Gem,373,4,0,44.06482372,-116.398376,16045.0,2059.4081272084804,1.0723860589812333,369,363,4,0,359,359,17634,10,0,0,10,4
2020-10-14,US,Idaho,Gooding,395,2,0,42.96927962,-114.81083059999999,16047.0,2602.2794650503984,0.5063291139240507,393,391,2,0,389,384,15196,4,0,0,4,7
2020-10-14,US,Idaho,Idaho,266,0,0,45.84721541,-115.4634436,16049.0,1595.9680806383872,0.0,266,260,0,0,260,245,16513,6,0,0,6,15
2020-10-14,US,Idaho,Jefferson,789,3,0,43.82078483,-112.3131749,16051.0,2641.357838706437,0.3802281368821293,786,770,3,0,767,760,29439,19,0,0,19,10
2020-10-14,US,Idaho,Jerome,903,7,0,42.68891267,-114.2655033,16053.0,3699.0004915615273,0.7751937984496124,896,898,7,0,891,893,24015,5,0,0,5,5
2020-10-14,US,Idaho,Kootenai,3179,45,0,47.67282258,-116.7020872,16055.0,1918.562194849636,1.4155394778232149,3134,3105,44,0,3061,3044,161505,74,1,0,73,61
2020-10-14,US,Idaho,Latah,768,0,0,46.81587887,-116.71136979999999,16057.0,1914.829959110402,0.0,768,748,0,0,748,705,40134,20,0,0,20,43
2020-10-14,US,Idaho,Lemhi,149,0,0,44.9438088,-113.9309747,16059.0,1856.2352061791453,0.0,149,143,0,0,143,140,7961,6,0,0,6,3
2020-10-14,US,Idaho,Lewis,55,2,0,46.23315327,-116.434146,16061.0,1433.03804064617,3.636363636363636,53,53,2,0,51,50,3861,2,0,0,2,3
2020-10-14,US,Idaho,Lincoln,122,0,0,43.0012336,-114.1358773,16063.0,2273.574357062989,0.0,122,117,0,0,117,111,5360,5,0,0,5,6
2020-10-14,US,Idaho,Madison,1736,2,0,43.78141028,-111.65384740000002,16065.0,4350.114015085072,0.1152073732718894,1734,1685,2,0,1683,1617,39304,51,0,0,51,68
2020-10-14,US,Idaho,Minidoka,930,8,0,42.85518524,-113.6357257,16067.0,4420.3621845144735,0.8602150537634409,922,912,8,0,904,907,20825,18,0,0,18,5
2020-10-14,US,Idaho,Nez Perce,565,24,0,46.32638236,-116.75009750000001,16069.0,1398.2379726786774,4.2477876106194685,541,554,24,0,530,526,40408,11,0,0,11,28
2020-10-14,US,Idaho,Oneida,29,0,0,42.19494279999999,-112.5407838,16071.0,640.0353122930919,0.0,29,29,0,0,29,29,4488,0,0,0,0,0
2020-10-14,US,Idaho,Owyhee,360,5,0,42.58016894,-116.16938710000001,16073.0,3044.9124587668102,1.3888888888888888,355,358,5,0,353,357,11693,2,0,0,2,1
2020-10-14,US,Idaho,Payette,1028,9,0,44.00545243,-116.7647695,16075.0,4292.0963634086265,0.8754863813229572,1019,1021,9,0,1012,1007,23551,7,0,0,7,14
2020-10-14,US,Idaho,Power,309,1,0,42.69254894,-112.83957420000002,16077.0,4022.9136831141773,0.32362459546925565,308,308,1,0,307,306,7768,1,0,0,1,2
2020-10-14,US,Idaho,Shoshone,222,19,0,47.35364087,-115.89167490000001,16079.0,1723.3348858872846,8.558558558558559,203,220,18,0,202,220,12796,2,1,0,1,0
2020-10-14,US,Idaho,Teton,245,1,0,43.75303583,-111.2056773,16081.0,2017.789491022896,0.4081632653061225,244,236,1,0,235,232,11640,9,0,0,9,4
2020-10-14,US,Idaho,Twin Falls,3014,41,0,42.35440512,-114.6685381,16083.0,3469.2327171435804,1.3603185136031852,2973,2970,41,0,2929,2938,86081,44,0,0,44,32
2020-10-14,US,Idaho,Valley,107,1,0,44.76728382,-115.5676773,16085.0,939.2556179775281,0.9345794392523364,106,105,1,0,104,105,11041,2,0,0,2,0
2020-10-14,US,Idaho,Washington,410,7,0,44.45275475,-116.78476880000001,16087.0,4021.9737100255047,1.7073170731707317,403,408,7,0,401,405,10161,2,0,0,2,3
2020-10-14,US,Illinois,Adams,1458,13,0,39.98815591,-91.18786813,17001.0,2228.1653549323755,0.8916323731138546,1445,1432,11,0,1421,1416,65691,26,2,0,24,16
2020-10-14,US,Illinois,Alexander,102,1,0,37.18049267,-89.32910838,17003.0,1770.5259503558414,0.9803921568627452,101,101,1,0,100,101,6060,1,0,0,1,0
2020-10-14,US,Illinois,Bond,405,9,0,38.88829622,-89.43534887,17005.0,2465.60331182272,2.2222222222222223,396,392,9,0,383,387,16630,13,0,0,13,5
2020-10-14,US,Illinois,Boone,1491,24,0,42.32359279,-88.82345779,17007.0,2784.6257283729274,1.6096579476861168,1467,1464,24,0,1440,1425,53577,27,0,0,27,39
2020-10-14,US,Illinois,Brown,82,0,0,39.96209138,-90.75068024,17009.0,1246.5795074490727,0.0,82,80,0,0,80,78,6556,2,0,0,2,2
2020-10-14,US,Illinois,Bureau,799,15,0,41.40385234,-89.5283051,17011.0,2448.8169670221896,1.8773466833541927,784,798,15,0,783,798,32993,1,0,0,1,0
2020-10-14,US,Illinois,Calhoun,66,0,0,39.16840183,-90.66330078,17013.0,1392.698881620595,0.0,66,66,0,0,66,66,4802,0,0,0,0,0
2020-10-14,US,Illinois,Carroll,293,6,0,42.06823429,-89.93395545,17015.0,2048.2348829080747,2.04778156996587,287,287,6,0,281,277,14312,6,0,0,6,10
2020-10-14,US,Illinois,Cass,435,11,0,39.96991073,-90.24734436,17017.0,3581.1311434922204,2.528735632183908,424,434,11,0,423,433,12260,1,0,0,1,1
2020-10-14,US,Illinois,Champaign,5525,27,0,40.13919438,-88.20046615,17019.0,2634.854474960537,0.4886877828054298,5498,5434,27,0,5407,5389,209983,91,0,0,91,45
2020-10-14,US,Illinois,Christian,724,22,0,39.54581621,-89.27780482,17021.0,2241.2085190688463,3.0386740331491717,702,712,21,0,691,708,32661,12,1,0,11,4
2020-10-14,US,Illinois,Clark,240,4,0,39.33425789,-87.78705622,17023.0,1554.3034777540313,1.6666666666666667,236,234,4,0,230,233,15596,6,0,0,6,1
2020-10-14,US,Illinois,Clay,259,6,0,38.75388572,-88.48914513,17025.0,1964.502427184466,2.3166023166023164,253,252,6,0,246,248,13253,7,0,0,7,4
2020-10-14,US,Illinois,Clinton,1452,23,0,38.60704876,-89.42385254,17027.0,3865.608860018103,1.5840220385674932,1429,1438,23,0,1415,1430,37639,14,0,0,14,8
2020-10-14,US,Illinois,Coles,1676,38,0,39.51949084,-88.22358557,17029.0,3310.878884257522,2.2673031026252985,1638,1662,37,0,1625,1656,50885,14,1,0,13,6
2020-10-14,US,Illinois,Cook,157573,5321,0,41.84144849,-87.81658794,17031.0,3059.53148139123,3.376847556370698,152252,156726,5315,0,151411,155567,5180493,847,6,0,841,1159
2020-10-14,US,Illinois,Crawford,589,6,0,39.0032229,-87.75954624,17033.0,3155.3007982000317,1.0186757215619695,583,576,6,0,570,572,18807,13,0,0,13,4
2020-10-14,US,Illinois,Cumberland,241,5,0,39.27432424,-88.2401158,17035.0,2238.5287014675832,2.074688796680498,236,237,5,0,232,234,10808,4,0,0,4,3
2020-10-14,US,Illinois,De Witt,209,3,0,40.17514519,-88.90959682,17039.0,1336.4880419490985,1.4354066985645932,206,204,3,0,201,199,15769,5,0,0,5,5
2020-10-14,US,Illinois,DeKalb,1941,42,0,41.89373302,-88.76958483,17037.0,1850.386569682641,2.163833075734157,1899,1912,41,0,1871,1893,104143,29,1,0,28,19
2020-10-14,US,Illinois,Douglas,420,8,0,39.76768052,-88.21854195,17041.0,2157.7189827896227,1.9047619047619049,412,398,8,0,390,385,19479,22,0,0,22,13
2020-10-14,US,Illinois,DuPage,19767,588,0,41.85116968,-88.08642662,17043.0,2141.786783484177,2.974654727576264,19179,19640,585,0,19055,19467,928589,127,3,0,124,173
2020-10-14,US,Illinois,Edgar,133,8,0,39.6809186,-87.74759563,17045.0,775.0131111240604,6.015037593984963,125,133,8,0,125,132,17360,0,0,0,0,1
2020-10-14,US,Illinois,Edwards,84,0,0,38.41353228,-88.05720863,17047.0,1313.526192337764,0.0,84,83,0,0,83,80,6392,1,0,0,1,3
2020-10-14,US,Illinois,Effingham,1014,3,0,39.05935711,-88.58969584,17049.0,2981.651376146789,0.2958579881656805,1011,995,3,0,992,987,34208,19,0,0,19,8
2020-10-14,US,Illinois,Fayette,574,15,0,39.00072038,-89.02452658,17051.0,2690.288713910761,2.6132404181184667,559,550,15,0,535,547,21416,24,0,0,24,3
2020-10-14,US,Illinois,Ford,159,7,0,40.59706922,-88.22350769,17053.0,1226.7571946609055,4.402515723270441,152,157,6,0,151,155,13264,2,1,0,1,2
2020-10-14,US,Illinois,Franklin,711,6,0,37.99189086,-88.92567818,17055.0,1848.241441160415,0.8438818565400844,705,698,5,0,693,678,38701,13,1,0,12,20
2020-10-14,US,Illinois,Fulton,321,0,0,40.47289135,-90.20862357,17057.0,934.7699475829936,0.0,321,301,0,0,301,293,34844,20,0,0,20,8
2020-10-14,US,Illinois,Gallatin,94,2,0,37.76430935,-88.22953869,17059.0,1946.9759734879867,2.127659574468085,92,89,2,0,87,89,5058,5,0,0,5,0
2020-10-14,US,Illinois,Greene,250,15,0,39.35907414,-90.388865,17061.0,1927.6736833988746,6.0,235,248,15,0,233,248,13044,2,0,0,2,0
2020-10-14,US,Illinois,Grundy,808,7,0,41.28569601,-88.41905692,17063.0,1582.637991146629,0.8663366336633663,801,795,7,0,788,786,50972,13,0,0,13,9
2020-10-14,US,Illinois,Hamilton,97,2,0,38.08163641,-88.53883373,17065.0,1195.1700344997537,2.061855670103093,95,91,2,0,89,90,8163,6,0,0,6,1
2020-10-14,US,Illinois,Hancock,259,3,0,40.40423981,-91.16313899,17067.0,1462.6157668850235,1.1583011583011582,256,254,3,0,251,252,17844,5,0,0,5,2
2020-10-14,US,Illinois,Hardin,47,0,0,37.51810645,-88.26873022,17069.0,1230.04449097095,0.0,47,46,0,0,46,46,3910,1,0,0,1,0
2020-10-14,US,Illinois,Henderson,93,0,0,40.81908672,-90.92491462,17071.0,1399.3379476376767,0.0,93,90,0,0,90,88,6709,3,0,0,3,2
2020-10-14,US,Illinois,Henry,764,5,0,41.3533994,-90.13296166,17073.0,1561.9569439617276,0.6544502617801047,759,760,5,0,755,758,49090,4,0,0,4,2
2020-10-14,US,Illinois,Iroquois,431,19,0,40.74717633,-87.82466784,17075.0,1589.5847163826804,4.408352668213457,412,422,19,0,403,415,27604,9,0,0,9,7
2020-10-14,US,Illinois,Jackson,1367,24,0,37.78595185,-89.38232563,17077.0,2408.8105726872245,1.7556693489392832,1343,1356,24,0,1332,1354,57419,11,0,0,11,2
2020-10-14,US,Illinois,Jasper,231,10,0,39.01054275,-88.15437049,17079.0,2403.7460978147765,4.329004329004329,221,228,10,0,218,229,9611,3,0,0,3,-1
2020-10-14,US,Illinois,Jefferson,804,40,0,38.29980057,-88.9240025,17081.0,2133.5314722428616,4.975124378109452,764,796,39,0,757,795,37820,8,1,0,7,1
2020-10-14,US,Illinois,Jersey,435,21,0,39.08869046,-90.35393073,17083.0,1997.887291599688,4.827586206896552,414,431,20,0,411,426,21847,4,1,0,3,5
2020-10-14,US,Illinois,Jo Daviess,374,3,0,42.36542373,-90.21094405,17085.0,1761.243230515658,0.8021390374331551,371,369,2,0,367,360,21366,5,1,0,4,9
2020-10-14,US,Illinois,Johnson,279,0,0,37.45939802,-88.88165419,17087.0,2246.919545784006,0.0,279,265,0,0,265,262,12456,14,0,0,14,3
2020-10-14,US,Illinois,Kane,14558,336,0,41.93842729,-88.42861412,17089.0,2734.394809946601,2.3080093419425745,14222,14436,335,0,14101,14278,534216,122,1,0,121,158
2020-10-14,US,Illinois,Kankakee,3019,78,0,41.13746989,-87.86205334,17091.0,2747.992936593181,2.5836369658827425,2941,2999,78,0,2921,2980,110024,20,0,0,20,19
2020-10-14,US,Illinois,Kendall,2315,26,0,41.59081014,-88.42869583,17093.0,1794.7127684316613,1.1231101511879051,2289,2305,26,0,2279,2265,127915,10,0,0,10,40
2020-10-14,US,Illinois,Knox,937,8,0,40.93148779,-90.21330340000002,17095.0,1885.3498058311031,0.8537886872998933,929,909,5,0,904,892,50112,28,3,0,25,17
2020-10-14,US,Illinois,LaSalle,2041,58,0,41.34426129999999,-88.88633881,17099.0,1878.1805298659228,2.841744243018129,1983,2004,58,0,1946,1995,109430,37,0,0,37,9
2020-10-14,US,Illinois,Lake,18633,499,0,42.3224907,-88.00367925,17097.0,2675.09888232465,2.6780443299522347,18134,18521,499,0,18022,18366,700832,112,0,0,112,155
2020-10-14,US,Illinois,Lawrence,293,6,0,38.71987914,-87.72884035,17101.0,1868.860824084705,2.04778156996587,287,288,6,0,282,288,15765,5,0,0,5,0
2020-10-14,US,Illinois,Lee,525,1,0,41.74583951,-89.29977132,17103.0,1539.7700610042236,0.19047619047619047,524,517,1,0,516,505,34223,8,0,0,8,12
2020-10-14,US,Illinois,Livingston,489,9,0,40.89188292,-88.55784752,17105.0,1371.745960502693,1.8404907975460123,480,485,9,0,476,480,35761,4,0,0,4,5
2020-10-14,US,Illinois,Logan,518,4,0,40.12581572,-89.36638784,17107.0,1810.049619120833,0.7722007722007722,514,513,3,0,510,509,28925,5,1,0,4,4
2020-10-14,US,Illinois,Macon,2190,48,0,39.86064913,-88.96342505,17115.0,2105.587016508187,2.191780821917808,2142,2115,48,0,2067,2075,104712,75,0,0,75,40
2020-10-14,US,Illinois,Macoupin,664,8,0,39.26119767,-89.92424028,17117.0,1477.9860214575076,1.2048192771084338,656,654,8,0,646,647,45313,10,0,0,10,7
2020-10-14,US,Illinois,Madison,6499,150,0,38.83042506,-89.90422563,17119.0,2471.422161039831,2.308047391906447,6349,6426,148,0,6278,6386,264461,73,2,0,71,40
2020-10-14,US,Illinois,Marion,774,8,0,38.64963204,-88.91899208,17121.0,2080.3655422658244,1.0335917312661498,766,757,7,0,750,750,37620,17,1,0,16,7
2020-10-14,US,Illinois,Marshall,129,3,0,41.0327901,-89.34510444,17123.0,1127.8195488721806,2.3255813953488373,126,127,1,0,126,124,11534,2,2,0,0,3
2020-10-14,US,Illinois,Mason,215,1,0,40.23917274,-89.91824452,17125.0,1609.4019013399204,0.4651162790697674,214,209,1,0,208,206,13565,6,0,0,6,3
2020-10-14,US,Illinois,Massac,133,2,0,37.22078441,-88.71036614,17127.0,965.7275631716527,1.5037593984962403,131,131,2,0,129,131,14080,2,0,0,2,0
2020-10-14,US,Illinois,McDonough,577,15,0,40.45674722,-90.67775541,17109.0,1943.9390876625564,2.599653379549393,562,576,15,0,561,574,29955,1,0,0,1,2
2020-10-14,US,Illinois,McHenry,5248,119,0,42.32451172,-88.45248227,17111.0,1705.1472833962582,2.267530487804878,5129,5202,119,0,5083,5139,308570,46,0,0,46,63
2020-10-14,US,Illinois,McLean,3746,29,0,40.48996987,-88.84621113,17113.0,2184.040065999289,0.7741591030432461,3717,3712,29,0,3683,3683,172828,34,0,0,34,29
2020-10-14,US,Illinois,Menard,152,1,0,40.02742725,-89.80246001,17129.0,1246.3102656608726,0.6578947368421053,151,152,1,0,151,150,12288,0,0,0,0,2
2020-10-14,US,Illinois,Mercer,191,6,0,41.20596782,-90.74290052,17131.0,1237.2870376368464,3.141361256544503,185,183,6,0,177,179,15601,8,0,0,8,4
2020-10-14,US,Illinois,Monroe,810,27,0,38.27594376,-90.17761038,17133.0,2338.5397118688106,3.333333333333333,783,808,27,0,781,799,34335,2,0,0,2,9
2020-10-14,US,Illinois,Montgomery,496,14,0,39.23198845,-89.47809254,17135.0,1745.6183571478848,2.8225806451612905,482,482,14,0,468,479,28601,14,0,0,14,3
2020-10-14,US,Illinois,Morgan,762,24,0,39.71654544,-90.20255104,17137.0,2263.9491354209995,3.1496062992125986,738,757,24,0,733,747,33976,5,0,0,5,10
2020-10-14,US,Illinois,Moultrie,295,4,0,39.64187451,-88.62099969,17139.0,2034.3424591407488,1.3559322033898304,291,280,4,0,276,274,14717,15,0,0,15,6
2020-10-14,US,Illinois,Ogle,950,6,0,42.04165196,-89.32184679,17141.0,1875.8762316608413,0.631578947368421,944,926,6,0,920,910,50923,24,0,0,24,16
2020-10-14,US,Illinois,Out of IL,1,0,0,0.0,0.0,80017.0,0.0,0.0,1,3,1,0,2,1,,-2,-1,0,-1,2
2020-10-14,US,Illinois,Peoria,4030,58,0,40.78702156,-89.76078901,17143.0,2249.1475005441484,1.4392059553349876,3972,3985,56,0,3929,3950,180621,45,2,0,43,35
2020-10-14,US,Illinois,Perry,382,16,0,38.08510853,-89.36856219,17145.0,1826.353031172308,4.18848167539267,366,377,16,0,361,373,21174,5,0,0,5,4
2020-10-14,US,Illinois,Piatt,183,0,0,40.01360584,-88.59319339,17147.0,1119.6769456681352,0.0,183,177,0,0,177,174,16396,6,0,0,6,3
2020-10-14,US,Illinois,Pike,207,2,0,39.62265059,-90.8877017,17149.0,1330.2486986697513,0.966183574879227,205,201,2,0,199,197,15611,6,0,0,6,4
2020-10-14,US,Illinois,Pope,36,1,0,37.41391284,-88.56152109,17151.0,861.8625807996167,2.7777777777777777,35,36,1,0,35,36,4212,0,0,0,0,0
2020-10-14,US,Illinois,Pulaski,218,1,0,37.22631423,-89.13085001,17153.0,4086.223055295221,0.4587155963302753,217,212,1,0,211,212,5463,6,0,0,6,0
2020-10-14,US,Illinois,Putnam,75,0,0,41.2013541,-89.2869272,17155.0,1306.8478829064295,0.0,75,75,0,0,75,74,5740,0,0,0,0,1
2020-10-14,US,Illinois,Randolph,1075,14,0,38.05095369,-89.82512254,17157.0,3382.417720722421,1.3023255813953492,1061,1069,13,0,1056,1062,32106,6,1,0,5,7
2020-10-14,US,Illinois,Richland,296,11,0,38.71240969,-88.08475366,17159.0,1908.077096628634,3.716216216216216,285,294,11,0,283,294,15763,2,0,0,2,0
2020-10-14,US,Illinois,Rock Island,3446,85,0,41.46613806,-90.57042164,17161.0,2428.830200382016,2.4666279744631456,3361,3411,83,0,3328,3388,143477,35,2,0,33,23
2020-10-14,US,Illinois,Saline,457,6,0,37.75332999,-88.54119706,17165.0,1945.4259077944746,1.312910284463895,451,443,6,0,437,442,23906,14,0,0,14,1
2020-10-14,US,Illinois,Sangamon,3154,53,0,39.75836914,-89.65872023,17167.0,1620.1610914769458,1.6804058338617631,3101,3052,50,0,3002,3003,195348,102,3,0,99,49
2020-10-14,US,Illinois,Schuyler,74,1,0,40.157179799999994,-90.61114163,17169.0,1093.3806146572103,1.351351351351351,73,73,1,0,72,71,6907,1,0,0,1,2
2020-10-14,US,Illinois,Scott,84,0,0,39.642916899999996,-90.47814431,17171.0,1696.626944051707,0.0,84,84,0,0,84,84,4926,0,0,0,0,0
2020-10-14,US,Illinois,Shelby,533,7,0,39.39133527,-88.80611122,17173.0,2463.714523435333,1.3133208255159474,526,512,7,0,505,508,21741,21,0,0,21,4
2020-10-14,US,Illinois,St. Clair,7330,207,0,38.46996033,-89.93063427,17163.0,2822.6396494227643,2.8240109140518417,7123,7294,205,0,7089,7260,261059,36,2,0,34,34
2020-10-14,US,Illinois,Stark,72,2,0,41.09309773,-89.79745866,17175.0,1347.8098090602768,2.7777777777777777,70,69,2,0,67,64,5427,3,0,0,3,5
2020-10-14,US,Illinois,Stephenson,712,7,0,42.35129217,-89.662598,17177.0,1600.07191334442,0.9831460674157304,705,707,7,0,700,699,44753,5,0,0,5,8
2020-10-14,US,Illinois,Tazewell,2215,44,0,40.50716185,-89.51404662,17179.0,1680.5383792478174,1.9864559819413088,2171,2164,44,0,2120,2131,132328,51,0,0,51,33
2020-10-14,US,Illinois,Unassigned,3071,246,0,0.0,0.0,90017.0,0.0,8.01042005861283,2825,3069,246,0,2823,3073,,2,0,0,2,-4
2020-10-14,US,Illinois,Union,683,25,0,37.47119609,-89.25548938,17181.0,4101.36311775656,3.660322108345535,658,668,25,0,643,659,16841,15,0,0,15,9
2020-10-14,US,Illinois,Vermilion,1361,7,0,40.18417171,-87.73384359,17183.0,1796.5099395443383,0.5143277002204262,1354,1323,6,0,1317,1288,76806,38,1,0,37,35
2020-10-14,US,Illinois,Wabash,189,4,0,38.44272901,-87.84922065,17185.0,1640.625,2.1164021164021163,185,185,4,0,181,184,11549,4,0,0,4,1
2020-10-14,US,Illinois,Warren,414,6,0,40.84925021,-90.6147432,17187.0,2457.848492044645,1.4492753623188406,408,399,6,0,393,394,17032,15,0,0,15,5
2020-10-14,US,Illinois,Washington,265,1,0,38.35309213,-89.40982703,17189.0,1908.2595232951685,0.37735849056603776,264,262,1,0,261,259,13995,3,0,0,3,3
2020-10-14,US,Illinois,Wayne,397,7,0,38.42955355,-88.42586459,17191.0,2448.3502929386373,1.7632241813602014,390,390,7,0,383,389,16332,7,0,0,7,1
2020-10-14,US,Illinois,White,210,1,0,38.08706198,-88.17657461,17193.0,1551.303833936618,0.4761904761904762,209,210,1,0,209,209,13665,0,0,0,0,1
2020-10-14,US,Illinois,Whiteside,1040,21,0,41.75509713,-89.91556058,17195.0,1884.9116447666515,2.019230769230769,1019,1019,21,0,998,1001,55626,21,0,0,21,18
2020-10-14,US,Illinois,Will,15888,408,0,41.44619267,-87.97862712,17197.0,2300.1318869680913,2.5679758308157097,15480,15766,404,0,15362,15644,692310,122,4,0,118,122
2020-10-14,US,Illinois,Williamson,1601,56,0,37.73033511,-88.92994027,17199.0,2404.012192741415,3.4978138663335416,1545,1575,56,0,1519,1564,67056,26,0,0,26,11
2020-10-14,US,Illinois,Winnebago,8207,161,0,42.33641854,-89.16085327,17201.0,2904.3925088119136,1.9617399780675036,8046,8063,158,0,7905,7897,284081,144,3,0,141,166
2020-10-14,US,Illinois,Woodford,496,10,0,40.78579374,-89.20973757,17203.0,1289.6851192178685,2.0161290322580645,486,494,9,0,485,491,38463,2,1,0,1,3
2020-10-14,US,Indiana,Adams,405,4,0,40.7457653,-84.93671406,18001.0,1132.01218660033,0.9876543209876544,401,400,4,0,396,383,35636,5,0,0,5,17
2020-10-14,US,Indiana,Allen,7320,213,0,41.09194313,-85.06800636,18003.0,1929.8759026519974,2.9098360655737703,7107,7240,213,0,7027,7158,375351,80,0,0,80,82
2020-10-14,US,Indiana,Bartholomew,1312,57,0,39.20744865,-85.89558181,18005.0,1566.0248988409985,4.344512195121951,1255,1307,57,0,1250,1293,82753,5,0,0,5,14
2020-10-14,US,Indiana,Benton,95,0,0,40.60626947,-87.31093999,18007.0,1085.9625057155922,0.0,95,95,0,0,95,94,8653,0,0,0,0,1
2020-10-14,US,Indiana,Blackford,169,3,0,40.47388153,-85.32499702,18009.0,1437.3192719850315,1.7751479289940828,166,167,3,0,164,165,11930,2,0,0,2,2
2020-10-14,US,Indiana,Boone,1131,48,0,40.0509304,-86.46841646,18011.0,1667.0842975693881,4.244031830238727,1083,1124,46,0,1078,1115,66999,7,2,0,5,9
2020-10-14,US,Indiana,Brown,123,3,0,39.19605589,-86.22868909,18013.0,815.0013252054068,2.4390243902439024,120,122,3,0,119,121,15234,1,0,0,1,1
2020-10-14,US,Indiana,Carroll,300,13,0,40.580783200000006,-86.56198812,18015.0,1480.9695413930988,4.333333333333333,287,299,13,0,286,299,20127,1,0,0,1,0
2020-10-14,US,Indiana,Cass,2153,16,0,40.76135835,-86.34830753,18017.0,5712.542121043275,0.7431490942870413,2137,2136,16,0,2120,2128,37955,17,0,0,17,8
2020-10-14,US,Indiana,Clark,2641,57,0,38.48015445,-85.70510334,18019.0,2232.4221061351454,2.1582733812949644,2584,2619,57,0,2562,2595,117360,22,0,0,22,24
2020-10-14,US,Indiana,Clay,385,6,0,39.39561833,-87.11723506,18021.0,1468.0648236415634,1.5584415584415583,379,382,6,0,376,376,26170,3,0,0,3,6
2020-10-14,US,Indiana,Clinton,754,14,0,40.30319754,-86.47277257,18023.0,2327.2323219852465,1.856763925729443,740,748,14,0,734,740,32250,6,0,0,6,8
2020-10-14,US,Indiana,Crawford,133,1,0,38.28814402,-86.44518825,18025.0,1257.445400397088,0.7518796992481203,132,133,1,0,132,130,10558,0,0,0,0,3
2020-10-14,US,Indiana,Daviess,767,31,0,38.70186039,-87.07185406,18027.0,2299.7811160085157,4.041720990873533,736,760,31,0,729,754,33147,7,0,0,7,6
2020-10-14,US,Indiana,DeKalb,621,11,0,41.39804622,-84.99906934,18033.0,1428.4071305347907,1.7713365539452497,610,612,11,0,601,598,43226,9,0,0,9,14
2020-10-14,US,Indiana,Dearborn,812,28,0,39.14647946,-84.97333539,18029.0,1641.797080351005,3.4482758620689653,784,801,28,0,773,791,49568,11,0,0,11,10
2020-10-14,US,Indiana,Decatur,483,39,0,39.30712658,-85.50087166,18031.0,1818.592567491246,8.074534161490684,444,481,39,0,442,478,26794,2,0,0,2,3
2020-10-14,US,Indiana,Delaware,2537,72,0,40.22787247,-85.39732772,18035.0,2222.8063258422044,2.8379976350019707,2465,2513,71,0,2442,2476,114772,24,1,0,23,37
2020-10-14,US,Indiana,Dubois,1229,21,0,38.36597551,-86.87924170000002,18037.0,2875.7955821789587,1.708706265256306,1208,1225,21,0,1204,1208,42565,4,0,0,4,17
2020-10-14,US,Indiana,Elkhart,7773,126,0,41.59761169,-85.85875695,18039.0,3767.065197900563,1.6209957545349285,7647,7732,126,0,7606,7646,205560,41,0,0,41,86
2020-10-14,US,Indiana,Fayette,518,14,0,39.63684962,-85.17797541,18041.0,2242.2301099471906,2.702702702702702,504,512,14,0,498,506,23047,6,0,0,6,6
2020-10-14,US,Indiana,Floyd,1631,65,0,38.32117957,-85.90385377,18043.0,2077.12488219862,3.9852851011649295,1566,1607,65,0,1542,1602,77781,24,0,0,24,5
2020-10-14,US,Indiana,Fountain,229,2,0,40.12361933,-87.24217689,18045.0,1400.9543619234064,0.8733624454148472,227,229,2,0,227,225,16351,0,0,0,0,4
2020-10-14,US,Indiana,Franklin,335,25,0,39.4142482,-85.06062647,18047.0,1472.0098426926795,7.462686567164179,310,329,25,0,304,327,22736,6,0,0,6,2
2020-10-14,US,Indiana,Fulton,295,2,0,41.0469907,-86.26252745,18049.0,1476.9199959947935,0.6779661016949152,293,294,2,0,292,291,20092,1,0,0,1,3
2020-10-14,US,Indiana,Gibson,763,9,0,38.30393723,-87.58054938,18051.0,2266.852847678184,1.1795543905635648,754,756,9,0,747,744,33452,7,0,0,7,12
2020-10-14,US,Indiana,Grant,1105,38,0,40.51587228,-85.65468702,18053.0,1680.1228542322372,3.438914027149321,1067,1100,38,0,1062,1088,65936,5,0,0,5,12
2020-10-14,US,Indiana,Greene,474,36,0,39.03630547,-86.96223202,18055.0,1484.8693690871494,7.594936708860758,438,472,36,0,436,467,32006,2,0,0,2,5
2020-10-14,US,Indiana,Hamilton,5603,112,0,40.07306535,-86.05244729,18057.0,1657.6383608817466,1.9989291451008389,5491,5561,112,0,5449,5529,330086,42,0,0,42,32
2020-10-14,US,Indiana,Hancock,1074,44,0,39.82304555,-85.77566351,18059.0,1373.9637703408043,4.0968342644320295,1030,1064,44,0,1020,1053,76351,10,0,0,10,11
2020-10-14,US,Indiana,Harrison,689,24,0,38.19467379,-86.10948271,18061.0,1700.6047143033445,3.483309143686502,665,681,24,0,657,676,40350,8,0,0,8,5
2020-10-14,US,Indiana,Hendricks,3005,128,0,39.76719009,-86.51037283,18063.0,1764.4192095636804,4.259567387687188,2877,2993,128,0,2865,2971,167009,12,0,0,12,22
2020-10-14,US,Indiana,Henry,1072,27,0,39.93029017,-85.39625719,18065.0,2234.63687150838,2.5186567164179103,1045,1057,27,0,1030,1041,48271,15,0,0,15,16
2020-10-14,US,Indiana,Howard,1507,66,0,40.48527731,-86.11351892,18067.0,1825.692963752665,4.37956204379562,1441,1504,66,0,1438,1493,82366,3,0,0,3,11
2020-10-14,US,Indiana,Huntington,347,5,0,40.82907273,-85.48822092,18069.0,950.1642935377877,1.4409221902017288,342,337,5,0,332,330,36240,10,0,0,10,7
2020-10-14,US,Indiana,Jackson,964,10,0,38.90915820000001,-86.03851889,18071.0,2179.4668897379665,1.037344398340249,954,956,10,0,946,946,44111,8,0,0,8,10
2020-10-14,US,Indiana,Jasper,472,3,0,41.02078733,-87.11553319,18073.0,1406.3524223824563,0.6355932203389829,469,462,3,0,459,455,33370,10,0,0,10,7
2020-10-14,US,Indiana,Jay,250,4,0,40.43781032,-85.00576229,18075.0,1223.3313760031315,1.6,246,246,3,0,243,244,20764,4,1,0,3,2
2020-10-14,US,Indiana,Jefferson,314,4,0,38.78576239,-85.43633383,18077.0,971.895505757088,1.2738853503184713,310,308,4,0,304,307,32208,6,0,0,6,1
2020-10-14,US,Indiana,Jennings,345,13,0,38.99588883,-85.62710784,18079.0,1243.9156300703082,3.768115942028986,332,343,13,0,330,341,27611,2,0,0,2,2
2020-10-14,US,Indiana,Johnson,2820,127,0,39.48994426,-86.10149107,18081.0,1782.9256418848431,4.50354609929078,2693,2775,127,0,2648,2740,156225,45,0,0,45,35
2020-10-14,US,Indiana,Knox,615,10,0,38.68861576,-87.4194665,18083.0,1680.6033776028858,1.6260162601626016,605,610,10,0,600,605,36895,5,0,0,5,5
2020-10-14,US,Indiana,Kosciusko,1545,19,0,41.24521668,-85.86312322,18085.0,1944.4724124043494,1.2297734627831716,1526,1537,19,0,1518,1523,79344,8,0,0,8,14
2020-10-14,US,Indiana,LaGrange,734,14,0,41.64232188,-85.42674232,18087.0,1852.8802948452567,1.9073569482288828,720,723,13,0,710,720,39330,11,1,0,10,3
2020-10-14,US,Indiana,LaPorte,1928,50,0,41.54366008,-86.74072188,18091.0,1754.513686662784,2.5933609958506225,1878,1908,49,0,1859,1883,110007,20,1,0,19,25
2020-10-14,US,Indiana,Lake,12189,340,0,41.41874274,-87.38277575,18089.0,2510.643819787309,2.7894002789400285,11849,12087,339,0,11748,11971,484411,102,1,0,101,116
2020-10-14,US,Indiana,Lawrence,665,31,0,38.84112637,-86.48361629,18093.0,1465.7262508265376,4.661654135338347,634,657,30,0,627,648,45668,8,1,0,7,9
2020-10-14,US,Indiana,Madison,2084,84,0,40.16143691,-85.71964711,18095.0,1608.409418919649,4.030710172744722,2000,2067,84,0,1983,2050,129641,17,0,0,17,17
2020-10-14,US,Indiana,Marion,23611,774,0,39.78163624,-86.13826325,18097.0,2447.796040150034,3.2781330735674046,22837,23512,772,0,22740,23314,954670,99,2,0,97,198
2020-10-14,US,Indiana,Marshall,1218,26,0,41.32467367,-86.26185087,18099.0,2633.0580656318907,2.134646962233169,1192,1209,26,0,1183,1189,46248,9,0,0,9,20
2020-10-14,US,Indiana,Martin,185,0,0,38.7099921,-86.80373186,18101.0,1803.9980497318381,0.0,185,185,0,0,185,183,10217,0,0,0,0,2
2020-10-14,US,Indiana,Miami,512,4,0,40.76940965,-86.04525048,18103.0,1441.6037842099336,0.78125,508,507,4,0,503,495,35567,5,0,0,5,12
2020-10-14,US,Indiana,Monroe,3067,38,0,39.16130004,-86.52414358,18105.0,2066.279954995924,1.2389957613302902,3029,3054,37,0,3017,3015,146917,13,1,0,12,39
2020-10-14,US,Indiana,Montgomery,540,22,0,40.04034823,-86.89335024,18107.0,1408.524179665084,4.0740740740740735,518,536,22,0,514,533,38346,4,0,0,4,3
2020-10-14,US,Indiana,Morgan,853,40,0,39.47899078,-86.44573375,18109.0,1210.1178907347244,4.689331770222744,813,851,40,0,811,835,70116,2,0,0,2,16
2020-10-14,US,Indiana,Newton,191,11,0,40.95610449,-87.39635768,18111.0,1365.8466819221967,5.7591623036649215,180,191,11,0,180,190,14011,0,0,0,0,1
2020-10-14,US,Indiana,Noble,1035,33,0,41.39672484,-85.41966713,18113.0,2167.8116621983913,3.188405797101449,1002,1028,33,0,995,1017,47532,7,0,0,7,11
2020-10-14,US,Indiana,Ohio,94,7,0,38.955304999999996,-84.96515993,18115.0,1600.0,7.446808510638298,87,94,7,0,87,90,5844,0,0,0,0,4
2020-10-14,US,Indiana,Orange,350,24,0,38.54118920000001,-86.49523093,18117.0,1781.533136516339,6.857142857142858,326,349,24,0,325,345,19489,1,0,0,1,4
2020-10-14,US,Indiana,Owen,184,1,0,39.31145587,-86.83900724,18119.0,884.6579162459734,0.5434782608695652,183,183,1,0,182,183,20845,1,0,0,1,0
2020-10-14,US,Indiana,Parke,182,2,0,39.77202286,-87.20375833,18121.0,1074.5704670248567,1.0989010989010992,180,179,2,0,177,174,16927,3,0,0,3,5
2020-10-14,US,Indiana,Perry,259,13,0,38.07809328,-86.63741946,18123.0,1351.1398612342846,5.019305019305019,246,258,13,0,245,255,19102,1,0,0,1,3
2020-10-14,US,Indiana,Pike,292,8,0,38.40112197,-87.23574907,18125.0,2356.9295342642667,2.7397260273972597,284,292,8,0,284,285,12410,0,0,0,0,7
2020-10-14,US,Indiana,Porter,2698,47,0,41.45986947,-87.06848888,18127.0,1583.435550416987,1.7420311341734618,2651,2672,47,0,2625,2642,169594,26,0,0,26,30
2020-10-14,US,Indiana,Posey,621,3,0,38.02097333,-87.86480429,18129.0,2442.285759232312,0.4830917874396135,618,603,3,0,600,589,25540,18,0,0,18,14
2020-10-14,US,Indiana,Pulaski,125,1,0,41.04166107,-86.69890683,18131.0,1011.8999433336032,0.8,124,124,1,0,123,124,12469,1,0,0,1,0
2020-10-14,US,Indiana,Putnam,671,15,0,39.66437981,-86.84517605,18133.0,1785.7142857142858,2.2354694485842033,656,668,15,0,653,665,37779,3,0,0,3,3
2020-10-14,US,Indiana,Randolph,292,8,0,40.15734772,-85.01139319,18135.0,1183.8637745793635,2.7397260273972597,284,289,8,0,281,283,24851,3,0,0,3,6
2020-10-14,US,Indiana,Ripley,382,8,0,39.10235626,-85.26212744,18137.0,1348.6795650331876,2.094240837696335,374,374,8,0,366,363,28523,8,0,0,8,11
2020-10-14,US,Indiana,Rush,175,4,0,39.62002287,-85.4655599,18139.0,1055.4248839032628,2.2857142857142856,171,173,4,0,169,172,16663,2,0,0,2,1
2020-10-14,US,Indiana,Scott,482,12,0,38.68672078,-85.74627859,18143.0,2019.0172998785238,2.489626556016597,470,481,12,0,469,478,23878,1,0,0,1,3
2020-10-14,US,Indiana,Shelby,733,29,0,39.52305623,-85.79158570000001,18145.0,1638.757852847146,3.9563437926330147,704,729,29,0,700,725,44593,4,0,0,4,4
2020-10-14,US,Indiana,Spencer,344,6,0,38.01519732,-87.0079644,18147.0,1696.5034275287271,1.7441860465116281,338,343,6,0,337,338,20327,1,0,0,1,5
2020-10-14,US,Indiana,St. Joseph,8191,148,0,41.61756781,-86.29040834,18141.0,3013.324700359789,1.8068611891099988,8043,8088,146,0,7942,7967,270771,103,2,0,101,121
2020-10-14,US,Indiana,Starke,354,7,0,41.27890281,-86.64686895,18149.0,1539.4651011089368,1.9774011299435028,347,346,7,0,339,340,22935,8,0,0,8,6
2020-10-14,US,Indiana,Steuben,536,9,0,41.64423868,-85.00101094,18151.0,1549.4016303405215,1.6791044776119404,527,531,9,0,522,510,34586,5,0,0,5,21
2020-10-14,US,Indiana,Sullivan,387,12,0,39.08952258,-87.41414469,18153.0,1872.3692486332184,3.1007751937984502,375,384,12,0,372,381,20690,3,0,0,3,3
2020-10-14,US,Indiana,Switzerland,76,0,0,38.82767338,-85.03022429,18155.0,706.9109850246489,0.0,76,76,0,0,76,75,10717,0,0,0,0,1
2020-10-14,US,Indiana,Tippecanoe,3244,13,0,40.38872739,-86.89413959,18157.0,1657.3682382032575,0.4007398273736128,3231,3204,13,0,3191,3169,193048,40,0,0,40,35
2020-10-14,US,Indiana,Tipton,256,23,0,40.31123252,-86.05234925,18159.0,1689.9920781621336,8.984375,233,256,23,0,233,254,15128,0,0,0,0,2
2020-10-14,US,Indiana,Unassigned,0,227,0,0.0,0.0,90018.0,0.0,0.0,-227,0,227,0,-227,0,,0,0,0,0,0
2020-10-14,US,Indiana,Union,88,0,0,39.62550777,-84.92497066,18161.0,1247.5191380776864,0.0,88,85,0,0,85,85,7037,3,0,0,3,0
2020-10-14,US,Indiana,Vanderburgh,5123,46,0,38.02658833,-87.58763124,18163.0,2823.3517588770533,0.8979113800507516,5077,5056,45,0,5011,4950,180974,67,1,0,66,106
2020-10-14,US,Indiana,Vermillion,175,1,0,39.8523352,-87.46160542,18165.0,1129.177958446251,0.5714285714285714,174,172,1,0,171,164,15479,3,0,0,3,8
2020-10-14,US,Indiana,Vigo,2285,31,0,39.42944561,-87.39169027,18167.0,2134.755881088959,1.3566739606126914,2254,2265,31,0,2234,2229,107386,20,0,0,20,36
2020-10-14,US,Indiana,Wabash,330,9,0,40.84704239,-85.79328272,18169.0,1064.653503677894,2.727272727272727,321,326,9,0,317,321,31280,4,0,0,4,5
2020-10-14,US,Indiana,Warren,60,1,0,40.34728141,-87.35602659,18171.0,725.9528130671506,1.6666666666666667,59,59,1,0,58,59,8263,1,0,0,1,0
2020-10-14,US,Indiana,Warrick,1763,58,0,38.08922676,-87.2716085,18173.0,2798.5015397314205,3.2898468519568915,1705,1742,58,0,1684,1719,62567,21,0,0,21,23
2020-10-14,US,Indiana,Washington,317,2,0,38.60219804,-86.1049363,18175.0,1130.6891139962904,0.6309148264984227,315,314,2,0,312,310,27943,3,0,0,3,4
2020-10-14,US,Indiana,Wayne,1020,18,0,39.863344399999995,-85.01044989,18177.0,1548.1755813247526,1.7647058823529411,1002,1004,18,0,986,984,65936,16,0,0,16,20
2020-10-14,US,Indiana,Wells,344,5,0,40.72934187,-85.22132966,18179.0,1215.7195363302233,1.4534883720930232,339,339,5,0,334,334,28206,5,0,0,5,5
2020-10-14,US,Indiana,White,530,15,0,40.74911165,-86.86492015,18181.0,2198.9876358808397,2.830188679245283,515,527,15,0,512,525,24133,3,0,0,3,2
2020-10-14,US,Indiana,Whitley,379,6,0,41.13863784,-85.50791236,18183.0,1115.8874101990343,1.5831134564643798,373,375,6,0,369,373,34074,4,0,0,4,2
2020-10-14,US,Iowa,Adair,108,1,0,41.33075609,-94.47105874,19001.0,1510.0671140939594,0.925925925925926,107,103,1,0,102,99,7063,5,0,0,5,4
2020-10-14,US,Iowa,Adams,59,0,0,41.02903567,-94.69932645,19003.0,1637.9789006107715,0.0,59,55,0,0,55,55,3645,4,0,0,4,0
2020-10-14,US,Iowa,Allamakee,302,8,0,43.28383218,-91.37860922,19005.0,2206.473295828158,2.6490066225165565,294,297,8,0,289,297,13832,5,0,0,5,0
2020-10-14,US,Iowa,Appanoose,190,3,0,40.74324454,-92.86865906,19007.0,1529.051987767584,1.5789473684210529,187,186,3,0,183,187,12437,4,0,0,4,-1
2020-10-14,US,Iowa,Audubon,122,1,0,41.6844628,-94.90581859,19009.0,2219.796215429403,0.819672131147541,121,118,1,0,117,117,5506,4,0,0,4,1
2020-10-14,US,Iowa,Benton,451,1,0,42.08011739,-92.06463573,19011.0,1758.6274127510235,0.22172949002217296,450,428,1,0,427,417,25642,23,0,0,23,11
2020-10-14,US,Iowa,Black Hawk,5005,96,0,42.4704581,-92.30524729,19013.0,3813.972627792849,1.9180819180819184,4909,4964,96,0,4868,4924,132408,41,0,0,41,40
2020-10-14,US,Iowa,Boone,631,8,0,42.03657094,-93.9313999,19015.0,2405.27559655409,1.2678288431061806,623,622,8,0,614,617,26346,9,0,0,9,5
2020-10-14,US,Iowa,Bremer,583,7,0,42.77461496,-92.31795937,19017.0,2326.2309472508177,1.2006861063464838,576,576,7,0,569,567,24947,7,0,0,7,9
2020-10-14,US,Iowa,Buchanan,366,3,0,42.4709188,-91.83510825,19019.0,1728.453364817001,0.819672131147541,363,357,3,0,354,352,21199,9,0,0,9,5
2020-10-14,US,Iowa,Buena Vista,2161,12,0,42.73545875,-95.15100162,19021.0,11014.27115188583,0.5552984729291994,2149,2155,12,0,2143,2140,19874,6,0,0,6,15
2020-10-14,US,Iowa,Butler,326,2,0,42.73172833,-92.79015971,19023.0,2257.7740840778447,0.6134969325153374,324,323,2,0,321,322,14539,3,0,0,3,1
2020-10-14,US,Iowa,Calhoun,249,3,0,42.38521079,-94.64046046,19025.0,2575.506826644601,1.2048192771084338,246,242,3,0,239,242,9699,7,0,0,7,0
2020-10-14,US,Iowa,Carroll,956,7,0,42.03617207,-94.86032705,19027.0,4740.887676667493,0.7322175732217573,949,936,6,0,930,928,20154,20,1,0,19,8
2020-10-14,US,Iowa,Cass,252,2,0,41.33149454,-94.92792482,19029.0,1963.2284200685567,0.7936507936507936,250,245,2,0,243,236,12930,7,0,0,7,9
2020-10-14,US,Iowa,Cedar,320,5,0,41.77233777,-91.13246684,19031.0,1717.9363289848072,1.5625,315,313,5,0,308,306,18627,7,0,0,7,7
2020-10-14,US,Iowa,Cerro Gordo,1201,23,0,43.08177563,-93.2612239,19033.0,2829.210836277974,1.9150707743547044,1178,1191,23,0,1168,1182,42647,10,0,0,10,9
2020-10-14,US,Iowa,Cherokee,345,2,0,42.73538914,-95.62389402,19035.0,3070.761014686249,0.5797101449275363,343,340,2,0,338,335,11321,5,0,0,5,5
2020-10-14,US,Iowa,Chickasaw,313,1,0,43.06001295,-92.31773347,19037.0,2622.978295483114,0.3194888178913738,312,311,1,0,310,310,11964,2,0,0,2,1
2020-10-14,US,Iowa,Clarke,297,3,0,41.02868181,-93.78499767,19039.0,3161.255987227249,1.0101010101010102,294,295,3,0,292,291,9423,2,0,0,2,4
2020-10-14,US,Iowa,Clay,449,4,0,43.08247182,-95.15096481,19041.0,2803.4465534465526,0.8908685968819601,445,442,4,0,438,438,16134,7,0,0,7,4
2020-10-14,US,Iowa,Clayton,328,3,0,42.84443388,-91.34133693,19043.0,1869.0523676562768,0.9146341463414634,325,322,3,0,319,319,17556,6,0,0,6,3
2020-10-14,US,Iowa,Clinton,1306,25,0,41.89981633,-90.53275096,19045.0,2812.897111718969,1.9142419601837672,1281,1291,25,0,1266,1282,46518,15,0,0,15,9
2020-10-14,US,Iowa,Crawford,1269,12,0,42.03718237,-95.3819718,19047.0,7544.589774078478,0.9456264775413712,1257,1256,11,0,1245,1240,17158,13,1,0,12,16
2020-10-14,US,Iowa,Dallas,3189,42,0,41.68560356,-94.04127625,19049.0,3412.4105165163237,1.317027281279398,3147,3149,41,0,3108,3128,90180,40,1,0,39,21
2020-10-14,US,Iowa,Davis,150,4,0,40.74773536,-92.41005468,19051.0,1666.666666666667,2.6666666666666665,146,145,4,0,141,145,9017,5,0,0,5,0
2020-10-14,US,Iowa,Decatur,112,0,0,40.73742757,-93.78645949,19053.0,1423.1257941550186,0.0,112,109,0,0,109,102,7890,3,0,0,3,7
2020-10-14,US,Iowa,Delaware,617,8,0,42.47104597,-91.3664492,19055.0,3627.06484039739,1.2965964343598055,609,594,7,0,587,578,17069,23,1,0,22,16
2020-10-14,US,Iowa,Des Moines,1081,9,0,40.92012606,-91.18326592,19057.0,2774.142222906562,0.8325624421831638,1072,1020,9,0,1011,1018,39138,61,0,0,61,2
2020-10-14,US,Iowa,Dickinson,650,7,0,43.37787725,-95.1510206,19059.0,3766.3692200718506,1.0769230769230769,643,636,7,0,629,635,17153,14,0,0,14,1
2020-10-14,US,Iowa,Dubuque,4341,50,0,42.46815349,-90.88181925,19061.0,4460.955082159263,1.151808339092375,4291,4267,50,0,4217,4183,96854,74,0,0,74,84
2020-10-14,US,Iowa,Emmet,364,14,0,43.37782951,-94.67858943,19063.0,3953.084274543875,3.8461538461538463,350,358,13,0,345,356,9253,6,1,0,5,2
2020-10-14,US,Iowa,Fayette,309,2,0,42.86271799,-91.84412309999999,19065.0,1572.5190839694656,0.6472491909385113,307,298,2,0,296,290,19660,11,0,0,11,8
2020-10-14,US,Iowa,Floyd,400,11,0,43.06000529999999,-92.78940097,19067.0,2557.2177470911647,2.75,389,397,10,0,387,395,15761,3,1,0,2,2
2020-10-14,US,Iowa,Franklin,364,18,0,42.73270384,-93.26256925,19069.0,3614.697120158888,4.945054945054945,346,363,18,0,345,363,10124,1,0,0,1,0
2020-10-14,US,Iowa,Fremont,168,0,0,40.74542720000001,-95.60129045,19071.0,2413.7931034482763,0.0,168,166,0,0,166,165,6993,2,0,0,2,1
2020-10-14,US,Iowa,Greene,157,0,0,42.03614551,-94.39658081,19073.0,1766.4266426642664,0.0,157,154,0,0,154,152,8981,3,0,0,3,2
2020-10-14,US,Iowa,Grundy,262,4,0,42.40183723,-92.78829551,19075.0,2141.922825376063,1.5267175572519085,258,260,4,0,256,255,12304,2,0,0,2,5
2020-10-14,US,Iowa,Guthrie,349,14,0,41.68378965,-94.50111014,19077.0,3265.0388249602397,4.011461318051576,335,343,14,0,329,341,10720,6,0,0,6,2
2020-10-14,US,Iowa,Hamilton,420,3,0,42.38382428,-93.70197703,19079.0,2843.024436471942,0.7142857142857143,417,406,3,0,403,391,14952,14,0,0,14,15
2020-10-14,US,Iowa,Hancock,253,4,0,43.08178477,-93.73454884,19081.0,2380.056444026341,1.5810276679841897,249,252,4,0,248,250,10712,1,0,0,1,2
2020-10-14,US,Iowa,Hardin,392,5,0,42.38353877,-93.23654611,19083.0,2326.961890062923,1.2755102040816326,387,380,4,0,376,376,16868,12,1,0,11,4
2020-10-14,US,Iowa,Harrison,510,6,0,41.68330137,-95.81558439,19085.0,3630.1516122143926,1.1764705882352942,504,472,6,0,466,459,14134,38,0,0,38,13
2020-10-14,US,Iowa,Henry,937,5,0,40.98767962,-91.54436349,19087.0,4695.800340783802,0.5336179295624333,932,922,5,0,917,918,20067,15,0,0,15,4
2020-10-14,US,Iowa,Howard,223,8,0,43.35671042,-92.31702714,19089.0,2435.029482419742,3.5874439461883414,215,220,8,0,212,213,9187,3,0,0,3,7
2020-10-14,US,Iowa,Humboldt,268,3,0,42.7764426,-94.20722537,19091.0,2803.933877380205,1.1194029850746268,265,257,3,0,254,250,9547,11,0,0,11,7
2020-10-14,US,Iowa,Ida,170,2,0,42.38696136,-95.51355387,19093.0,2478.1341107871717,1.1764705882352942,168,167,2,0,165,161,6841,3,0,0,3,6
2020-10-14,US,Iowa,Iowa,354,2,0,41.68630265,-92.0643373,19095.0,2187.345526445873,0.5649717514124294,352,336,2,0,334,322,16141,18,0,0,18,14
2020-10-14,US,Iowa,Jackson,468,3,0,42.17178824,-90.57354837,19097.0,2407.5312516075933,0.6410256410256411,465,461,3,0,458,456,19432,7,0,0,7,5
2020-10-14,US,Iowa,Jasper,991,35,0,41.68576082,-93.05567785,19099.0,2665.053112814307,3.5317860746720484,956,981,35,0,946,968,37147,10,0,0,10,13
2020-10-14,US,Iowa,Jefferson,179,1,0,41.03192394,-91.94849466,19101.0,978.4094014758133,0.5586592178770949,178,177,1,0,176,175,18381,2,0,0,2,2
2020-10-14,US,Iowa,Johnson,5530,30,0,41.67169354,-91.58754744,19103.0,3658.859335715231,0.5424954792043399,5500,5504,30,0,5474,5487,151260,26,0,0,26,17
2020-10-14,US,Iowa,Jones,368,3,0,42.12118609,-91.13139641,19105.0,1779.4110536240994,0.8152173913043478,365,362,3,0,359,359,20744,6,0,0,6,3
2020-10-14,US,Iowa,Keokuk,134,1,0,41.33649833,-92.1785067,19107.0,1307.8274448565296,0.746268656716418,133,133,1,0,132,131,10225,1,0,0,1,2
2020-10-14,US,Iowa,Kossuth,396,0,0,43.20405458,-94.20691791,19109.0,2673.327482616621,0.0,396,384,0,0,384,378,14908,12,0,0,12,6
2020-10-14,US,Iowa,Lee,803,9,0,40.64181461,-91.48183025,19111.0,2385.833556169593,1.1207970112079702,794,781,9,0,772,776,34055,22,0,0,22,5
2020-10-14,US,Iowa,Linn,4820,122,0,42.07923082,-91.59809485,19113.0,2126.1016470671266,2.531120331950208,4698,4745,122,0,4623,4694,225909,75,0,0,75,51
2020-10-14,US,Iowa,Louisa,475,15,0,41.21842119,-91.26102611,19115.0,4304.485727231537,3.1578947368421053,460,470,15,0,455,465,11169,5,0,0,5,5
2020-10-14,US,Iowa,Lucas,178,6,0,41.02958964,-93.32780803,19117.0,2069.767441860465,3.3707865168539324,172,173,6,0,167,169,8645,5,0,0,5,4
2020-10-14,US,Iowa,Lyon,492,5,0,43.38107862,-96.20926845,19119.0,4185.4529987239475,1.0162601626016259,487,479,5,0,474,475,11811,13,0,0,13,4
2020-10-14,US,Iowa,Madison,321,2,0,41.33081904,-94.01554631,19121.0,1964.7447668013226,0.6230529595015576,319,317,2,0,315,312,16249,4,0,0,4,5
2020-10-14,US,Iowa,Mahaska,556,22,0,41.33521503,-92.64083907,19123.0,2516.406426793393,3.956834532374101,534,544,21,0,523,521,22000,12,1,0,11,23
2020-10-14,US,Iowa,Marion,887,10,0,41.33445101,-93.09934783,19125.0,2667.4285026914863,1.1273957158962795,877,879,9,0,870,874,33407,8,1,0,7,5
2020-10-14,US,Iowa,Marshall,1883,36,0,42.03586837,-92.99908190000001,19127.0,4782.951052858848,1.9118428040361128,1847,1875,36,0,1839,1873,39981,8,0,0,8,2
2020-10-14,US,Iowa,Mills,302,1,0,41.03299766,-95.61920963,19129.0,1998.8086570918,0.3311258278145696,301,290,1,0,289,292,15063,12,0,0,12,-2
2020-10-14,US,Iowa,Mitchell,211,0,0,43.35638371,-92.78887719,19131.0,1993.1985641413187,0.0,211,211,0,0,211,210,10569,0,0,0,0,1
2020-10-14,US,Iowa,Monona,209,1,0,42.05220391,-95.95743843,19133.0,2426.001160766106,0.4784688995215311,208,205,1,0,204,203,8679,4,0,0,4,2
2020-10-14,US,Iowa,Monroe,224,11,0,41.02988815,-92.8690667,19135.0,2906.4486830154415,4.910714285714286,213,211,11,0,200,197,7790,13,0,0,13,14
2020-10-14,US,Iowa,Montgomery,139,5,0,41.03018714,-95.15642896,19137.0,1401.6335585358474,3.5971223021582728,134,138,5,0,133,139,10003,1,0,0,1,-1
2020-10-14,US,Iowa,Muscatine,1254,57,0,41.48370744,-91.11216970000001,19139.0,2939.246202887681,4.545454545454546,1197,1239,57,0,1182,1231,42929,15,0,0,15,8
2020-10-14,US,Iowa,O'Brien,536,9,0,43.08310673,-95.62474482,19141.0,3897.3314913109857,1.6791044776119404,527,528,9,0,519,524,13840,8,0,0,8,4
2020-10-14,US,Iowa,Osceola,231,0,0,43.37824276,-95.62422844,19143.0,3877.1399798590132,0.0,231,218,0,0,218,213,6040,13,0,0,13,5
2020-10-14,US,Iowa,Page,304,0,0,40.7393172,-95.1497813,19145.0,2012.312173164758,0.0,304,299,0,0,299,295,15249,5,0,0,5,4
2020-10-14,US,Iowa,Palo Alto,267,1,0,43.08193849,-94.67824621,19147.0,3004.7265361242407,0.3745318352059925,266,264,1,0,263,261,8929,3,0,0,3,3
2020-10-14,US,Iowa,Plymouth,1447,24,0,42.737633,-96.21366621,19149.0,5747.30905191246,1.6586040082930202,1423,1423,24,0,1399,1382,25095,24,0,0,24,41
2020-10-14,US,Iowa,Pocahontas,195,2,0,42.73420133,-94.67862564,19151.0,2946.064360175253,1.0256410256410255,193,194,2,0,192,191,6740,1,0,0,1,3
2020-10-14,US,Iowa,Polk,17467,278,0,41.68679484,-93.57767461,19153.0,3563.5230057062877,1.5915726799106886,17189,17333,277,0,17056,17240,487204,134,1,0,133,93
2020-10-14,US,Iowa,Pottawattamie,2740,43,0,41.33640314,-95.53907776,19155.0,2939.724910413493,1.5693430656934306,2697,2700,43,0,2657,2670,93533,40,0,0,40,30
2020-10-14,US,Iowa,Poweshiek,400,11,0,41.68625425,-92.53155731,19157.0,2161.6947686986605,2.75,389,394,11,0,383,391,18699,6,0,0,6,3
2020-10-14,US,Iowa,Ringgold,82,2,0,40.73518949,-94.24368535,19159.0,1675.5210461789948,2.4390243902439024,80,69,2,0,67,68,4968,13,0,0,13,1
2020-10-14,US,Iowa,Sac,340,2,0,42.38624071,-95.10547892,19161.0,3497.582553235264,0.5882352941176471,338,337,1,0,336,337,9719,3,1,0,2,0
2020-10-14,US,Iowa,Scott,3764,32,0,41.63935978,-90.61959493,19163.0,2176.439636180707,0.8501594048884166,3732,3669,32,0,3637,3618,173283,95,0,0,95,51
2020-10-14,US,Iowa,Shelby,325,1,0,41.6850066,-95.31015553,19165.0,2837.4367033350795,0.3076923076923077,324,316,1,0,315,312,11578,9,0,0,9,4
2020-10-14,US,Iowa,Sioux,2192,11,0,43.08221074,-96.17675679999999,19167.0,6288.911203557595,0.5018248175182481,2181,2137,10,0,2127,2116,34909,55,1,0,54,21
2020-10-14,US,Iowa,Story,3760,17,0,42.03621213,-93.46499005,19169.0,3871.6187691135433,0.4521276595744681,3743,3737,17,0,3720,3725,98105,23,0,0,23,12
2020-10-14,US,Iowa,Tama,871,35,0,42.07991767,-92.53266945,19171.0,5167.912661682687,4.018369690011482,836,862,35,0,827,856,16904,9,0,0,9,6
2020-10-14,US,Iowa,Taylor,205,2,0,40.73710579,-94.69778563,19173.0,3349.1259598104884,0.975609756097561,203,203,1,0,202,201,6191,2,1,0,1,2
2020-10-14,US,Iowa,Unassigned,11,0,0,0.0,0.0,90019.0,0.0,0.0,11,10,0,0,10,10,,1,0,0,1,0
2020-10-14,US,Iowa,Union,198,3,0,41.0277278,-94.24234847,19175.0,1617.5149089126705,1.5151515151515151,195,190,3,0,187,190,12359,8,0,0,8,0
2020-10-14,US,Iowa,Van Buren,142,2,0,40.75326764,-91.95017958,19177.0,2015.900056785917,1.4084507042253518,140,143,2,0,141,143,7020,-1,0,0,-1,0
2020-10-14,US,Iowa,Wapello,1443,60,0,41.03064984,-92.40954728,19179.0,4126.512053533129,4.158004158004158,1383,1440,60,0,1380,1431,35205,3,0,0,3,9
2020-10-14,US,Iowa,Warren,1095,6,0,41.33559454,-93.56007641,19181.0,2127.618233396806,0.547945205479452,1089,1079,6,0,1073,1065,51056,16,0,0,16,14
2020-10-14,US,Iowa,Washington,579,11,0,41.33577126,-91.71725711,19183.0,2636.0118370134305,1.8998272884283247,568,569,11,0,558,561,22141,10,0,0,10,8
2020-10-14,US,Iowa,Wayne,109,3,0,40.73969028,-93.32752197,19185.0,1692.2838068622884,2.7522935779816518,106,109,3,0,106,106,6401,0,0,0,0,3
2020-10-14,US,Iowa,Webster,1622,14,0,42.42853483,-94.17987389,19187.0,4517.6024955436715,0.8631319358816276,1608,1590,14,0,1576,1563,36277,32,0,0,32,27
2020-10-14,US,Iowa,Winnebago,383,16,0,43.37751174,-93.73407298,19189.0,3699.053505891443,4.1775456919060066,367,372,16,0,356,367,10518,11,0,0,11,5
2020-10-14,US,Iowa,Winneshiek,402,9,0,43.29094334,-91.84422722,19191.0,2010.904907208244,2.238805970149253,393,397,9,0,388,392,20029,5,0,0,5,5
2020-10-14,US,Iowa,Woodbury,6553,82,0,42.38979414,-96.0459439,19193.0,6355.533571920432,1.2513352662902488,6471,6458,81,0,6377,6410,102539,95,1,0,94,48
2020-10-14,US,Iowa,Worth,121,0,0,43.37750768,-93.26087602,19195.0,1639.344262295082,0.0,121,119,0,0,119,119,7453,2,0,0,2,0
2020-10-14,US,Iowa,Wright,671,1,0,42.73305373,-93.73515113,19197.0,5341.506129597198,0.14903129657228018,670,665,1,0,664,662,12690,6,0,0,6,3
2020-10-14,US,Kansas,Allen,104,1,0,37.88582951,-95.30030847,20001.0,840.8117066860699,0.9615384615384616,103,97,1,0,96,97,12444,7,0,0,7,0
2020-10-14,US,Kansas,Anderson,113,0,0,38.21413251,-95.29272815,20003.0,1438.02494273352,0.0,113,86,0,0,86,86,7878,27,0,0,27,0
2020-10-14,US,Kansas,Atchison,460,4,0,39.53185661,-95.30870026,20005.0,2861.9423878554107,0.8695652173913043,456,437,4,0,433,407,16193,23,0,0,23,30
2020-10-14,US,Kansas,Barber,24,0,0,37.2288586,-98.68460053,20007.0,542.1278518183872,0.0,24,23,0,0,23,23,4472,1,0,0,1,0
2020-10-14,US,Kansas,Barton,645,7,0,38.47889676,-98.75636726,20009.0,2502.036541370883,1.0852713178294573,638,645,7,0,638,645,26111,0,0,0,0,0
2020-10-14,US,Kansas,Bourbon,267,3,0,37.85508555,-94.84865997,20011.0,1837.0716939589927,1.1235955056179776,264,215,3,0,212,215,14653,52,0,0,52,0
2020-10-14,US,Kansas,Brown,173,5,0,39.82652589,-95.56421698,20013.0,1808.8665830196567,2.8901734104046244,168,173,5,0,168,155,9598,0,0,0,0,18
2020-10-14,US,Kansas,Butler,744,3,0,37.78134351,-96.83878537,20015.0,1111.9247956240379,0.4032258064516129,741,730,3,0,727,727,66765,14,0,0,14,3
2020-10-14,US,Kansas,Chase,87,2,0,38.30292938,-96.59563862,20017.0,3285.498489425982,2.2988505747126435,85,87,2,0,85,87,2629,0,0,0,0,0
2020-10-14,US,Kansas,Chautauqua,22,0,0,37.14994405,-96.2454192,20019.0,676.9230769230769,0.0,22,22,0,0,22,22,3309,0,0,0,0,0
2020-10-14,US,Kansas,Cherokee,578,7,0,37.16928494,-94.8462897,20021.0,2898.8414664727416,1.2110726643598615,571,578,7,0,571,578,20015,0,0,0,0,0
2020-10-14,US,Kansas,Cheyenne,88,5,0,39.78580976,-101.7318201,20023.0,3312.00602182913,5.6818181818181825,83,85,3,0,82,85,2660,3,2,0,1,0
2020-10-14,US,Kansas,Clark,58,1,0,37.23577007,-99.81883015,20025.0,2908.7261785356072,1.7241379310344829,57,57,1,0,56,57,2005,1,0,0,1,0
2020-10-14,US,Kansas,Clay,63,2,0,39.34948772,-97.16518128,20027.0,787.3031742064484,3.1746031746031744,61,63,2,0,61,63,7997,0,0,0,0,0
2020-10-14,US,Kansas,Cloud,94,1,0,39.48028352,-97.64925343,20029.0,1069.883906214432,1.0638297872340423,93,87,1,0,86,87,8729,7,0,0,7,0
2020-10-14,US,Kansas,Coffey,136,9,0,38.2365018,-95.73379515,20031.0,1662.7949627093774,6.617647058823528,127,136,9,0,127,136,8233,0,0,0,0,0
2020-10-14,US,Kansas,Comanche,19,0,0,37.19114520000001,-99.27113247,20033.0,1117.6470588235297,0.0,19,19,0,0,19,19,1748,0,0,0,0,0
2020-10-14,US,Kansas,Cowley,440,9,0,37.23781842,-96.83776647,20035.0,1260.4560559184142,2.0454545454545454,431,430,9,0,421,430,35218,10,0,0,10,0
2020-10-14,US,Kansas,Crawford,1131,8,0,37.50675523,-94.85245778,20037.0,2913.596784996651,0.7073386383731212,1123,1131,8,0,1123,1131,39019,0,0,0,0,0
2020-10-14,US,Kansas,Decatur,41,1,0,39.78468441,-100.45940809999999,20039.0,1450.300672090555,2.4390243902439024,40,41,1,0,40,41,2871,0,0,0,0,0
2020-10-14,US,Kansas,Dickinson,260,3,0,38.86600962,-97.15532383,20041.0,1407.9930683418177,1.1538461538461535,257,255,3,0,252,255,18717,5,0,0,5,0
2020-10-14,US,Kansas,Doniphan,141,0,0,39.79067154,-95.14056866,20043.0,1855.2631578947367,0.0,141,141,0,0,141,141,7682,0,0,0,0,0
2020-10-14,US,Kansas,Douglas,2663,14,0,38.88503636,-95.2925121,20045.0,2178.1627528443714,0.5257228689447991,2649,2645,14,0,2631,2628,121436,18,0,0,18,17
2020-10-14,US,Kansas,Edwards,60,0,0,37.88735543,-99.31263309,20047.0,2144.3888491779844,0.0,60,60,0,0,60,60,2849,0,0,0,0,0
2020-10-14,US,Kansas,Elk,13,0,0,37.45338105,-96.24369667,20049.0,513.8339920948616,0.0,13,13,0,0,13,13,2508,0,0,0,0,0
2020-10-14,US,Kansas,Ellis,1239,14,0,38.91458712,-99.31751551,20051.0,4339.298847756803,1.1299435028248588,1225,1215,13,0,1202,1215,28710,24,1,0,23,0
2020-10-14,US,Kansas,Ellsworth,133,0,0,38.69677695,-98.20462799,20053.0,2179.613241560144,0.0,133,130,0,0,130,130,6196,3,0,0,3,0
2020-10-14,US,Kansas,Finney,2525,14,0,38.04340344,-100.73819379999999,20055.0,6924.068335755615,0.5544554455445545,2511,2474,14,0,2460,2440,36611,51,0,0,51,34
2020-10-14,US,Kansas,Ford,3073,13,0,37.69200114,-99.88825298,20057.0,9140.664505190518,0.4230393752033843,3060,3021,13,0,3008,3021,33888,52,0,0,52,0
2020-10-14,US,Kansas,Franklin,471,3,0,38.56443815,-95.28644341,20059.0,1843.8772314437838,0.6369426751592356,468,462,3,0,459,462,25631,9,0,0,9,0
2020-10-14,US,Kansas,Geary,346,4,0,38.99871131,-96.7577178,20061.0,1092.5165772023995,1.1560693641618498,342,338,4,0,334,338,32594,8,0,0,8,0
2020-10-14,US,Kansas,Gove,136,2,0,38.91588178,-100.4829321,20063.0,5159.332321699545,1.4705882352941178,134,136,2,0,134,136,2612,0,0,0,0,0
2020-10-14,US,Kansas,Graham,56,1,0,39.34987223,-99.88332493,20065.0,2256.2449637389204,1.7857142857142858,55,56,1,0,55,56,2492,0,0,0,0,0
2020-10-14,US,Kansas,Grant,371,8,0,37.56227336,-101.3079758,20067.0,5188.811188811189,2.1563342318059298,363,366,8,0,358,352,7336,5,0,0,5,14
2020-10-14,US,Kansas,Gray,181,0,0,37.73836671,-100.4369088,20069.0,3022.7120908483635,0.0,181,181,0,0,181,148,6033,0,0,0,0,33
2020-10-14,US,Kansas,Greeley,22,0,0,38.4808095,-101.8061079,20071.0,1785.7142857142858,0.0,22,22,0,0,22,22,1227,0,0,0,0,0
2020-10-14,US,Kansas,Greenwood,66,0,0,37.8774388,-96.23250453,20073.0,1103.3099297893682,0.0,66,64,0,0,64,64,6055,2,0,0,2,0
2020-10-14,US,Kansas,Hamilton,48,0,0,37.99978709,-101.7921066,20075.0,1890.5080740449,0.0,48,47,0,0,47,47,2607,1,0,0,1,0
2020-10-14,US,Kansas,Harper,126,2,0,37.19175361,-98.07578384,20077.0,2317.880794701987,1.5873015873015872,124,126,2,0,124,126,5506,0,0,0,0,0
2020-10-14,US,Kansas,Harvey,461,7,0,38.04293782,-97.42747573,20079.0,1338.987481483633,1.5184381778741864,454,441,7,0,434,441,34210,20,0,0,20,0
2020-10-14,US,Kansas,Haskell,103,1,0,37.562039399999996,-100.8710738,20081.0,2595.766129032258,0.9708737864077671,102,103,1,0,102,103,3997,0,0,0,0,0
2020-10-14,US,Kansas,Hodgeman,30,0,0,38.08780079,-99.89829881,20083.0,1672.2408026755857,0.0,30,30,0,0,30,30,1818,0,0,0,0,0
2020-10-14,US,Kansas,Jackson,277,3,0,39.41673394,-95.79356799,20085.0,2103.1053071141146,1.083032490974729,274,277,3,0,274,268,13280,0,0,0,0,9
2020-10-14,US,Kansas,Jefferson,237,4,0,39.2347941,-95.38289232,20087.0,1244.5518038124244,1.6877637130801688,233,237,4,0,233,227,18975,0,0,0,0,10
2020-10-14,US,Kansas,Jewell,20,1,0,39.78470589,-98.21820662,20089.0,694.6856547412295,5.0,19,20,1,0,19,20,2841,0,0,0,0,0
2020-10-14,US,Kansas,Johnson,12562,171,0,38.88548175,-94.82250877,20091.0,2085.3219035160964,1.3612482088839355,12391,12452,168,0,12284,12321,597555,110,3,0,107,131
2020-10-14,US,Kansas,Kearny,120,3,0,38.00017981,-101.32168100000001,20093.0,3126.628452318916,2.5,117,114,2,0,112,114,3943,6,1,0,5,0
2020-10-14,US,Kansas,Kingman,107,3,0,37.55909527,-98.13638678,20095.0,1496.0850111856823,2.803738317757009,104,104,2,0,102,104,7310,3,1,0,2,0
2020-10-14,US,Kansas,Kiowa,43,0,0,37.55848695,-99.2856537,20097.0,1737.3737373737374,0.0,43,43,0,0,43,43,2516,0,0,0,0,0
2020-10-14,US,Kansas,Labette,310,5,0,37.19113093,-95.29849679,20099.0,1580.1814660006116,1.6129032258064515,305,287,5,0,282,287,19964,23,0,0,23,0
2020-10-14,US,Kansas,Lane,16,0,0,38.48119447,-100.46607540000001,20101.0,1042.3452768729644,0.0,16,16,0,0,16,16,1560,0,0,0,0,0
2020-10-14,US,Kansas,Leavenworth,2386,17,0,39.20183497,-95.03620809,20103.0,2918.3688446390565,0.7124895222129086,2369,2377,15,0,2362,2377,81352,9,2,0,7,0
2020-10-14,US,Kansas,Lincoln,15,1,0,39.04549684,-98.20756994,20105.0,506.41458474004054,6.666666666666668,14,15,1,0,14,15,3023,0,0,0,0,0
2020-10-14,US,Kansas,Linn,109,1,0,38.21267844,-94.84254089,20107.0,1123.3639080696692,0.9174311926605504,108,93,0,0,93,93,9750,16,1,0,15,0
2020-10-14,US,Kansas,Logan,68,0,0,38.91735806,-101.148475,20109.0,2433.78668575519,0.0,68,68,0,0,68,68,2844,0,0,0,0,0
2020-10-14,US,Kansas,Lyon,1226,37,0,38.45576156,-96.15275715,20111.0,3693.327308329568,3.017944535073409,1189,1215,37,0,1178,1212,33406,11,0,0,11,3
2020-10-14,US,Kansas,Marion,99,1,0,38.35855394,-97.09852509999999,20115.0,833.0528441602153,1.0101010101010102,98,97,1,0,96,97,11950,2,0,0,2,0
2020-10-14,US,Kansas,Marshall,56,0,0,39.78359669,-96.52278974,20117.0,576.9032656845575,0.0,56,53,0,0,53,53,9722,3,0,0,3,0
2020-10-14,US,Kansas,McPherson,330,5,0,38.39184858,-97.64769869,20113.0,1156.190876602901,1.5151515151515151,325,330,5,0,325,330,28537,0,0,0,0,0
2020-10-14,US,Kansas,Meade,137,1,0,37.23859987,-100.36483100000001,20119.0,3396.974956607984,0.7299270072992701,136,137,1,0,136,137,4146,0,0,0,0,0
2020-10-14,US,Kansas,Miami,474,2,0,38.56383358,-94.83832189,20121.0,1384.4670970003212,0.4219409282700422,472,443,1,0,442,443,33680,31,1,0,30,0
2020-10-14,US,Kansas,Mitchell,57,0,0,39.39331582,-98.20906732,20123.0,953.33667837431,0.0,57,57,0,0,57,57,6150,0,0,0,0,0
2020-10-14,US,Kansas,Montgomery,540,6,0,37.19236568,-95.74329258,20125.0,1696.566024694461,1.1111111111111112,534,540,6,0,534,540,32120,0,0,0,0,0
2020-10-14,US,Kansas,Morris,48,0,0,38.68827511,-96.65128437,20127.0,854.0925266903914,0.0,48,46,0,0,46,46,5521,2,0,0,2,0
2020-10-14,US,Kansas,Morton,32,2,0,37.19141121,-101.79925190000002,20129.0,1236.954000773096,6.25,30,32,2,0,30,32,2667,0,0,0,0,0
2020-10-14,US,Kansas,Nemaha,215,1,0,39.78345387,-96.01392079,20131.0,2101.4563581272605,0.4651162790697674,214,215,1,0,214,169,10155,0,0,0,0,46
2020-10-14,US,Kansas,Neosho,201,0,0,37.55862897,-95.30670046,20133.0,1255.7006309739488,0.0,201,193,0,0,193,193,15951,8,0,0,8,0
2020-10-14,US,Kansas,Ness,107,8,0,38.47974157,-99.91547333,20135.0,3890.909090909091,7.4766355140186915,99,107,8,0,99,107,2840,0,0,0,0,0
2020-10-14,US,Kansas,Norton,204,1,0,39.78443827,-99.90286639,20137.0,3805.2602126468933,0.4901960784313725,203,199,1,0,198,199,5430,5,0,0,5,0
2020-10-14,US,Kansas,Osage,132,1,0,38.65235984,-95.72707998,20139.0,827.6380964323782,0.7575757575757576,131,129,0,0,129,129,15941,3,1,0,2,0
2020-10-14,US,Kansas,Osborne,18,0,0,39.3503437,-98.76753828,20141.0,526.1619409529377,0.0,18,18,0,0,18,18,3475,0,0,0,0,0
2020-10-14,US,Kansas,Ottawa,97,0,0,39.13237408,-97.65020313,20143.0,1700.5610098176721,0.0,97,94,0,0,94,94,5802,3,0,0,3,0
2020-10-14,US,Kansas,Pawnee,406,1,0,38.18108732,-99.23692334,20145.0,6329.903336451513,0.24630541871921185,405,397,1,0,396,397,6562,9,0,0,9,0
2020-10-14,US,Kansas,Phillips,149,9,0,39.78465501,-99.34668865,20147.0,2846.77111196026,6.040268456375839,140,147,9,0,138,144,5317,2,0,0,2,3
2020-10-14,US,Kansas,Pottawatomie,307,0,0,39.37925655,-96.34564657,20149.0,1259.0739449616535,0.0,307,307,0,0,307,307,24277,0,0,0,0,0
2020-10-14,US,Kansas,Pratt,96,0,0,37.64780729,-98.73922153,20151.0,1047.5774770842427,0.0,96,92,0,0,92,92,9378,4,0,0,4,0
2020-10-14,US,Kansas,Rawlins,67,0,0,39.78525843,-101.07616170000001,20153.0,2648.221343873518,0.0,67,66,0,0,66,66,2508,1,0,0,1,0
2020-10-14,US,Kansas,Reno,1522,8,0,37.95230263,-98.08607292,20155.0,2454.917900577438,0.5256241787122208,1514,1476,8,0,1468,1465,62342,46,0,0,46,11
2020-10-14,US,Kansas,Republic,62,1,0,39.82799632,-97.65036709,20157.0,1337.3597929249354,1.6129032258064515,61,60,1,0,59,60,4664,2,0,0,2,0
2020-10-14,US,Kansas,Rice,107,1,0,38.34616184,-98.19992118,20159.0,1121.9461046450663,0.9345794392523364,106,99,1,0,98,99,9531,8,0,0,8,0
2020-10-14,US,Kansas,Riley,2015,9,0,39.28935726,-96.73420026,20161.0,2714.4627653842012,0.4466501240694789,2006,1980,9,0,1971,1980,73703,35,0,0,35,0
2020-10-14,US,Kansas,Rooks,130,7,0,39.35022773,-99.32484567,20163.0,2642.276422764228,5.384615384615384,123,130,7,0,123,128,5013,0,0,0,0,2
2020-10-14,US,Kansas,Rush,93,0,0,38.52275276,-99.30863983,20165.0,3063.2411067193675,0.0,93,93,0,0,93,93,3093,0,0,0,0,0
2020-10-14,US,Kansas,Russell,155,3,0,38.91462787,-98.76254297,20167.0,2260.793465577596,1.935483870967742,152,142,3,0,139,142,6907,13,0,0,13,0
2020-10-14,US,Kansas,Saline,934,12,0,38.78369175,-97.65185177,20169.0,1722.4845087046326,1.284796573875803,922,910,12,0,898,910,54401,24,0,0,24,0
2020-10-14,US,Kansas,Scott,151,1,0,38.48222076,-100.90665390000001,20171.0,3130.831432718225,0.6622516556291391,150,146,1,0,145,136,4897,5,0,0,5,10
2020-10-14,US,Kansas,Sedgwick,9547,107,0,37.6842718,-97.4608198,20173.0,1850.0432135368826,1.1207709228029747,9440,9486,107,0,9379,9459,513607,61,0,0,61,27
2020-10-14,US,Kansas,Seward,1896,7,0,37.19324632,-100.85072009999999,20175.0,8848.235952958745,0.3691983122362869,1889,1896,7,0,1889,1877,21780,0,0,0,0,19
2020-10-14,US,Kansas,Shawnee,3107,65,0,39.04100763,-95.75572640000001,20177.0,1756.6077738515899,2.092050209205021,3042,3080,63,0,3017,3058,177499,27,2,0,25,22
2020-10-14,US,Kansas,Sheridan,86,0,0,39.35018161,-100.44182590000001,20179.0,3411.3447044823492,0.0,86,65,0,0,65,65,2533,21,0,0,21,0
2020-10-14,US,Kansas,Sherman,130,0,0,39.35147699,-101.71976240000001,20181.0,2197.059320601656,0.0,130,109,0,0,109,109,5899,21,0,0,21,0
2020-10-14,US,Kansas,Smith,19,0,0,39.78516566,-98.78566062,20183.0,530.2818866871337,0.0,19,17,0,0,17,17,3603,2,0,0,2,0
2020-10-14,US,Kansas,Stafford,65,1,0,38.03100851,-98.71762001,20185.0,1564.0038498556305,1.5384615384615383,64,63,1,0,62,63,4178,2,0,0,2,0
2020-10-14,US,Kansas,Stanton,48,2,0,37.56304714,-101.78435340000001,20187.0,2392.8215353938185,4.166666666666667,46,48,2,0,46,48,1987,0,0,0,0,0
2020-10-14,US,Kansas,Stevens,194,1,0,37.1923008,-101.3118967,20189.0,3536.918869644485,0.5154639175257731,193,188,1,0,187,188,5559,6,0,0,6,0
2020-10-14,US,Kansas,Sumner,225,3,0,37.23682549,-97.47721621,20191.0,985.2863899106674,1.3333333333333333,222,224,3,0,221,224,22996,1,0,0,1,0
2020-10-14,US,Kansas,Thomas,237,2,0,39.35107575,-101.0553705,20193.0,3047.447601903048,0.8438818565400844,235,229,0,0,229,225,7711,8,2,0,6,4
2020-10-14,US,Kansas,Trego,69,3,0,38.91467218,-99.87284448,20195.0,2461.6482340349626,4.3478260869565215,66,69,3,0,66,69,2793,0,0,0,0,0
2020-10-14,US,Kansas,Wabaunsee,75,1,0,38.95471985,-96.20350509,20197.0,1082.0949357957004,1.3333333333333333,74,74,1,0,73,74,6899,1,0,0,1,0
2020-10-14,US,Kansas,Wallace,23,0,0,38.91686134,-101.76388759999999,20199.0,1515.1515151515152,0.0,23,23,0,0,23,23,1503,0,0,0,0,0
2020-10-14,US,Kansas,Washington,26,0,0,39.78420784,-97.08753229999999,20201.0,480.94709581945983,0.0,26,26,0,0,26,26,5420,0,0,0,0,0
2020-10-14,US,Kansas,Wichita,10,0,0,38.48178252,-101.3471509,20203.0,471.92071731949034,0.0,10,10,0,0,10,10,2105,0,0,0,0,0
2020-10-14,US,Kansas,Wilson,79,2,0,37.55937174,-95.74323255,20205.0,926.6862170087976,2.5316455696202533,77,79,2,0,77,79,8665,0,0,0,0,0
2020-10-14,US,Kansas,Woodson,26,0,0,37.8865336,-95.74006277,20207.0,828.55321861058,0.0,26,24,0,0,24,24,3183,2,0,0,2,0
2020-10-14,US,Kansas,Wyandotte,7695,143,0,39.11727348,-94.76378225,20209.0,4651.542353517218,1.8583495776478232,7552,7629,142,0,7487,7614,165324,66,1,0,65,15
2020-10-14,US,Kentucky,Adair,418,19,0,37.10459774,-85.28129668,21001.0,2176.85657743985,4.545454545454546,399,402,19,0,383,392,19215,16,0,0,16,10
2020-10-14,US,Kentucky,Allen,448,9,0,36.75197631,-86.19457544,21003.0,2101.8062397372737,2.008928571428572,439,447,9,0,438,441,21122,1,0,0,1,6
2020-10-14,US,Kentucky,Anderson,207,1,0,38.00671029,-84.99171713,21005.0,910.0101112234579,0.4830917874396135,206,202,1,0,201,196,22663,5,0,0,5,6
2020-10-14,US,Kentucky,Ballard,60,1,0,37.05842757,-88.99427697,21007.0,760.6490872210953,1.6666666666666667,59,60,1,0,59,60,7979,0,0,0,0,0
2020-10-14,US,Kentucky,Barren,879,13,0,36.96469836,-85.93338945,21009.0,1986.4855702953741,1.4789533560864618,866,870,13,0,857,863,44176,9,0,0,9,7
2020-10-14,US,Kentucky,Bath,98,1,0,38.14735938,-83.74588932,21011.0,784.0,1.020408163265306,97,95,1,0,94,94,12383,3,0,0,3,1
2020-10-14,US,Kentucky,Bell,577,16,0,36.73355174,-83.67766671,21013.0,2216.502765826675,2.7729636048526864,561,569,16,0,553,565,26569,8,0,0,8,4
2020-10-14,US,Kentucky,Boone,1831,25,0,38.97065142,-84.72615357,21015.0,1370.7039174732934,1.3653741125068268,1806,1813,25,0,1788,1800,131533,18,0,0,18,13
2020-10-14,US,Kentucky,Bourbon,251,1,0,38.2054607,-84.21827874,21017.0,1268.4455225389124,0.398406374501992,250,248,1,0,247,246,20184,3,0,0,3,2
2020-10-14,US,Kentucky,Boyd,559,15,0,38.36176608,-82.68652187,21019.0,1196.5409478145468,2.683363148479428,544,555,14,0,541,552,47240,4,1,0,3,3
2020-10-14,US,Kentucky,Boyle,367,0,0,37.62680923,-84.8633779,21021.0,1220.8915502328675,0.0,367,357,0,0,357,356,30100,10,0,0,10,1
2020-10-14,US,Kentucky,Bracken,45,0,0,38.69158994,-84.08532444,21023.0,541.9727809225582,0.0,45,43,0,0,43,43,8239,2,0,0,2,0
2020-10-14,US,Kentucky,Breathitt,105,0,0,37.52333168,-83.31959161,21025.0,831.3539192399049,0.0,105,105,0,0,105,100,12726,0,0,0,0,5
2020-10-14,US,Kentucky,Breckinridge,162,2,0,37.77377239,-86.42885017,21027.0,791.131513405284,1.2345679012345678,160,156,2,0,154,155,20388,6,0,0,6,1
2020-10-14,US,Kentucky,Bullitt,1124,13,0,37.97162523,-85.68955617,21029.0,1376.169254126059,1.1565836298932384,1111,1086,12,0,1074,1069,81069,38,1,0,37,17
2020-10-14,US,Kentucky,Butler,375,16,0,37.20946153,-86.68748787,21031.0,2911.716748194736,4.266666666666667,359,370,16,0,354,369,12772,5,0,0,5,1
2020-10-14,US,Kentucky,Caldwell,218,0,0,37.14749129,-87.86948214,21033.0,1710.2063230564056,0.0,218,207,0,0,207,193,12715,11,0,0,11,14
2020-10-14,US,Kentucky,Calloway,799,9,0,36.62093411,-88.2731593,21035.0,2048.6654188354146,1.1264080100125156,790,791,9,0,782,788,39135,8,0,0,8,3
2020-10-14,US,Kentucky,Campbell,1018,16,0,38.94384345,-84.37875208,21037.0,1087.7927850914689,1.5717092337917484,1002,1003,16,0,987,992,93152,15,0,0,15,11
2020-10-14,US,Kentucky,Carlisle,90,1,0,36.85372876,-88.96692220000001,21039.0,1890.7563025210086,1.1111111111111112,89,88,1,0,87,88,4771,2,0,0,2,0
2020-10-14,US,Kentucky,Carroll,206,5,0,38.66599534,-85.12601074,21041.0,1937.7292822876493,2.4271844660194173,201,207,5,0,202,209,10737,-1,0,0,-1,-2
2020-10-14,US,Kentucky,Carter,277,4,0,38.31690743,-83.05092385,21043.0,1033.6978019927603,1.444043321299639,273,266,4,0,262,262,27004,11,0,0,11,4
2020-10-14,US,Kentucky,Casey,287,15,0,37.32533118,-84.92726209,21045.0,1776.100006188502,5.2264808362369335,272,285,15,0,270,285,15888,2,0,0,2,0
2020-10-14,US,Kentucky,Christian,1614,25,0,36.89267803,-87.49055367,21047.0,2290.628858517478,1.5489467162329615,1589,1595,25,0,1570,1579,71671,19,0,0,19,16
2020-10-14,US,Kentucky,Clark,409,10,0,37.9689263,-84.14615986,21049.0,1127.8713840553733,2.444987775061125,399,407,10,0,397,400,36249,2,0,0,2,7
2020-10-14,US,Kentucky,Clay,389,6,0,37.16451126,-83.712575,21051.0,1954.675644439978,1.5424164524421593,383,382,6,0,376,371,20105,7,0,0,7,11
2020-10-14,US,Kentucky,Clinton,172,2,0,36.72581156,-85.13377529,21053.0,1683.3039733803091,1.162790697674419,170,164,2,0,162,163,10206,8,0,0,8,1
2020-10-14,US,Kentucky,Crittenden,137,1,0,37.35839237,-88.08826090000002,21055.0,1555.7574381103793,0.7299270072992701,136,132,1,0,131,132,8915,5,0,0,5,0
2020-10-14,US,Kentucky,Cumberland,113,0,0,36.78926125,-85.39050034,21057.0,1708.4971273057156,0.0,113,112,0,0,112,111,6659,1,0,0,1,1
2020-10-14,US,Kentucky,Daviess,1730,20,0,37.73028906,-87.09019479999998,21059.0,1704.2488006225924,1.1560693641618498,1710,1721,20,0,1701,1707,101104,9,0,0,9,14
2020-10-14,US,Kentucky,Edmonson,154,12,0,37.21218923,-86.23955613,21061.0,1267.4897119341565,7.792207792207793,142,153,12,0,141,151,12274,1,0,0,1,2
2020-10-14,US,Kentucky,Elliott,61,0,0,38.11624059,-83.09771563,21063.0,811.4939470533458,0.0,61,60,0,0,60,59,7508,1,0,0,1,1
2020-10-14,US,Kentucky,Estill,232,0,0,37.69241417,-83.95956369,21065.0,1644.6902027506023,0.0,232,228,0,0,228,226,14198,4,0,0,4,2
2020-10-14,US,Kentucky,Fayette,9399,82,0,38.0368225,-84.45576892,21067.0,2908.5383967916027,0.8724332375784658,9317,9308,81,0,9227,9274,323780,91,1,0,90,34
2020-10-14,US,Kentucky,Fleming,104,0,0,38.36758311,-83.69657514,21069.0,713.2569782593788,0.0,104,101,0,0,101,97,14432,3,0,0,3,4
2020-10-14,US,Kentucky,Floyd,245,4,0,37.56213922,-82.74750924,21071.0,688.4149596785522,1.6326530612244898,241,243,4,0,239,237,35845,2,0,0,2,6
2020-10-14,US,Kentucky,Franklin,768,13,0,38.2379395,-84.87962551,21073.0,1506.148143790081,1.6927083333333333,755,765,12,0,753,763,50815,3,1,0,2,2
2020-10-14,US,Kentucky,Fulton,205,3,0,36.55238827,-89.20140068,21075.0,3434.411124141397,1.4634146341463414,202,202,3,0,199,202,6120,3,0,0,3,0
2020-10-14,US,Kentucky,Gallatin,110,8,0,38.75398691,-84.8558382,21077.0,1240.2751155710905,7.272727272727272,102,110,8,0,102,107,8832,0,0,0,0,3
2020-10-14,US,Kentucky,Garrard,214,3,0,37.638866799999995,-84.53289319,21079.0,1211.3664666591192,1.4018691588785046,211,211,3,0,208,209,17560,3,0,0,3,2
2020-10-14,US,Kentucky,Grant,209,6,0,38.64962758,-84.62415957,21081.0,833.6989907854323,2.8708133971291865,203,205,6,0,199,204,25121,4,0,0,4,1
2020-10-14,US,Kentucky,Graves,831,29,0,36.72292505,-88.65143315,21083.0,2229.9146675253587,3.4897713598074613,802,827,29,0,798,829,37317,4,0,0,4,-2
2020-10-14,US,Kentucky,Grayson,438,15,0,37.46231118,-86.34248968,21085.0,1657.395845158361,3.4246575342465757,423,434,15,0,419,430,26321,4,0,0,4,4
2020-10-14,US,Kentucky,Green,302,8,0,37.26484328,-85.5540745,21087.0,2760.259574079152,2.6490066225165565,294,297,8,0,289,292,11049,5,0,0,5,5
2020-10-14,US,Kentucky,Greenup,523,5,0,38.54332505,-82.9215658,21089.0,1490.1133967747448,0.9560229445506692,518,514,5,0,509,509,35268,9,0,0,9,5
2020-10-14,US,Kentucky,Hancock,110,1,0,37.83766422,-86.78280584,21091.0,1261.1786287548728,0.9090909090909092,109,107,1,0,106,105,8758,3,0,0,3,2
2020-10-14,US,Kentucky,Hardin,1599,12,0,37.6976111,-85.96319251,21093.0,1441.0858162547988,0.7504690431519699,1587,1567,12,0,1555,1551,110356,32,0,0,32,16
2020-10-14,US,Kentucky,Harlan,532,13,0,36.85699301,-83.21899516,21095.0,2045.367166474433,2.443609022556391,519,529,13,0,516,526,26409,3,0,0,3,3
2020-10-14,US,Kentucky,Harrison,229,1,0,38.44188174,-84.32869741,21097.0,1212.5383882240812,0.4366812227074236,228,223,1,0,222,206,18778,6,0,0,6,17
2020-10-14,US,Kentucky,Hart,232,1,0,37.29943898,-85.88461055,21099.0,1218.8074599422114,0.4310344827586207,231,219,1,0,218,215,18906,13,0,0,13,4
2020-10-14,US,Kentucky,Henderson,1126,14,0,37.79344553,-87.57392021,21101.0,2490.599424905994,1.2433392539964476,1112,1100,13,0,1087,1089,45591,26,1,0,25,11
2020-10-14,US,Kentucky,Henry,221,2,0,38.44942688,-85.11587507,21103.0,1370.4576460374547,0.9049773755656108,219,217,2,0,215,217,16106,4,0,0,4,0
2020-10-14,US,Kentucky,Hickman,95,1,0,36.67948079999999,-88.97875928,21105.0,2168.9497716894975,1.0526315789473684,94,92,1,0,91,92,4421,3,0,0,3,0
2020-10-14,US,Kentucky,Hopkins,851,40,0,37.30939025,-87.54670406,21107.0,1904.3995882379265,4.700352526439483,811,824,40,0,784,817,45068,27,0,0,27,7
2020-10-14,US,Kentucky,Jackson,406,17,0,37.41866422,-83.99825483,21109.0,3045.989946732688,4.1871921182266005,389,403,17,0,386,401,13442,3,0,0,3,2
2020-10-14,US,Kentucky,Jefferson,18386,323,0,38.18664655,-85.65931031,21111.0,2397.891378885357,1.7567714565430221,18063,18121,322,0,17799,17988,770517,265,1,0,264,133
2020-10-14,US,Kentucky,Jessamine,784,1,0,37.87119786,-84.58252003,21113.0,1448.766515753488,0.12755102040816327,783,765,1,0,764,747,53920,19,0,0,19,18
2020-10-14,US,Kentucky,Johnson,206,2,0,37.85106355,-82.8264322,21115.0,928.4297818640707,0.9708737864077671,204,201,2,0,199,194,22386,5,0,0,5,7
2020-10-14,US,Kentucky,Kenton,2287,49,0,38.93950319,-84.53241199,21117.0,1369.4774787722008,2.142544818539572,2238,2259,49,0,2210,2247,166051,28,0,0,28,12
2020-10-14,US,Kentucky,Knott,263,1,0,37.35388197,-82.94981134,21119.0,1776.3069026070514,0.3802281368821293,262,262,1,0,261,261,15126,1,0,0,1,1
2020-10-14,US,Kentucky,Knox,680,9,0,36.89225732,-83.85403396,21121.0,2183.336008990207,1.3235294117647058,671,663,9,0,654,650,31304,17,0,0,17,13
2020-10-14,US,Kentucky,Larue,193,1,0,37.54567114,-85.70138352,21123.0,1340.463953326851,0.5181347150259067,192,181,1,0,180,172,14307,12,0,0,12,9
2020-10-14,US,Kentucky,Laurel,1175,7,0,37.10975748,-84.11321779,21125.0,1932.1526647262922,0.5957446808510638,1168,1159,7,0,1152,1157,60669,16,0,0,16,2
2020-10-14,US,Kentucky,Lawrence,108,0,0,38.07136018,-82.72882223,21127.0,705.0989097081674,0.0,108,90,0,0,90,88,15571,18,0,0,18,2
2020-10-14,US,Kentucky,Lee,27,0,0,37.59645942,-83.71513901,21129.0,364.7170066189383,0.0,27,21,0,0,21,21,7033,6,0,0,6,0
2020-10-14,US,Kentucky,Leslie,108,0,0,37.09246661,-83.37999606,21131.0,1093.4494279639566,0.0,108,106,0,0,106,105,10143,2,0,0,2,1
2020-10-14,US,Kentucky,Letcher,261,2,0,37.12306748,-82.85346474,21133.0,1210.968310676008,0.7662835249042146,259,255,2,0,253,249,21899,6,0,0,6,6
2020-10-14,US,Kentucky,Lewis,255,15,0,38.53184419,-83.37735618,21135.0,1920.9039548022602,5.882352941176472,240,250,15,0,235,249,13257,5,0,0,5,1
2020-10-14,US,Kentucky,Lincoln,258,16,0,37.45475628,-84.6565327,21137.0,1050.95930587804,6.2015503875969005,242,254,16,0,238,250,24644,4,0,0,4,4
2020-10-14,US,Kentucky,Livingston,107,1,0,37.21137452,-88.34797529,21139.0,1163.8024798781814,0.9345794392523364,106,105,1,0,104,104,9242,2,0,0,2,1
2020-10-14,US,Kentucky,Logan,648,30,0,36.85949479,-86.877635,21141.0,2390.96745627629,4.62962962962963,618,640,30,0,610,635,26989,8,0,0,8,5
2020-10-14,US,Kentucky,Lyon,92,4,0,37.02080035,-88.07886257,21143.0,1120.5846528623629,4.3478260869565215,88,90,4,0,86,86,8009,2,0,0,2,4
2020-10-14,US,Kentucky,Madison,2091,9,0,37.71659336,-84.27220275,21151.0,2248.7014313828813,0.430416068866571,2082,2069,9,0,2060,2037,92368,22,0,0,22,32
2020-10-14,US,Kentucky,Magoffin,117,0,0,37.70820545,-83.0657714,21153.0,962.0919332291753,0.0,117,115,0,0,115,114,12362,2,0,0,2,1
2020-10-14,US,Kentucky,Marion,302,8,0,37.55218078,-85.26898542,21155.0,1566.958958127951,2.6490066225165565,294,290,8,0,282,284,19404,12,0,0,12,6
2020-10-14,US,Kentucky,Marshall,393,4,0,36.88007070000001,-88.32803576,21157.0,1263.6655948553055,1.0178117048346056,389,381,4,0,377,374,31191,12,0,0,12,7
2020-10-14,US,Kentucky,Martin,107,3,0,37.79990579,-82.51247478,21159.0,955.7838320678876,2.803738317757009,104,104,3,0,101,98,11323,3,0,0,3,6
2020-10-14,US,Kentucky,Mason,143,2,0,38.59471935,-83.82151043,21161.0,837.7270064440538,1.3986013986013983,141,142,2,0,140,139,17150,1,0,0,1,3
2020-10-14,US,Kentucky,McCracken,899,11,0,37.05350953,-88.70445755,21145.0,1374.2395059463754,1.2235817575083423,888,879,11,0,868,881,65346,20,0,0,20,-2
2020-10-14,US,Kentucky,McCreary,226,1,0,36.73874143,-84.48102924,21147.0,1311.589576925309,0.4424778761061947,225,221,1,0,220,221,17408,5,0,0,5,0
2020-10-14,US,Kentucky,McLean,112,2,0,37.5301951,-87.26803443,21149.0,1216.4657325947646,1.7857142857142858,110,108,2,0,106,104,9252,4,0,0,4,4
2020-10-14,US,Kentucky,Meade,291,3,0,37.96163597,-86.21028219,21163.0,1018.4796304073918,1.0309278350515465,288,283,3,0,280,281,28715,8,0,0,8,2
2020-10-14,US,Kentucky,Menifee,74,1,0,37.94090733,-83.59985712,21165.0,1140.3914316535675,1.351351351351351,73,73,1,0,72,69,6451,1,0,0,1,4
2020-10-14,US,Kentucky,Mercer,299,5,0,37.81474237,-84.87488475,21167.0,1363.2426024711622,1.6722408026755853,294,296,5,0,291,288,21774,3,0,0,3,8
2020-10-14,US,Kentucky,Metcalfe,148,2,0,36.99459295,-85.63123699,21169.0,1469.5660808261346,1.351351351351351,146,145,2,0,143,144,10030,3,0,0,3,1
2020-10-14,US,Kentucky,Monroe,237,4,0,36.71225341,-85.71596443,21171.0,2225.3521126760565,1.6877637130801688,233,234,4,0,230,230,10718,3,0,0,3,4
2020-10-14,US,Kentucky,Montgomery,349,4,0,38.03253032,-83.9145241,21173.0,1239.478637638953,1.146131805157593,345,343,4,0,339,339,28203,6,0,0,6,4
2020-10-14,US,Kentucky,Morgan,99,0,0,37.92465657,-83.25558245,21175.0,743.8575400105193,0.0,99,98,0,0,98,98,13345,1,0,0,1,0
2020-10-14,US,Kentucky,Muhlenberg,873,12,0,37.21425819,-87.14632053,21177.0,2850.891515903599,1.3745704467353952,861,867,12,0,855,862,30774,6,0,0,6,5
2020-10-14,US,Kentucky,Nelson,615,4,0,37.80335779,-85.4657193,21179.0,1330.2186749724224,0.6504065040650406,611,608,4,0,604,595,45851,7,0,0,7,13
2020-10-14,US,Kentucky,Nicholas,80,1,0,38.33342292,-84.01889177,21181.0,1100.5640390700237,1.25,79,71,1,0,70,68,7166,9,0,0,9,3
2020-10-14,US,Kentucky,Ohio,540,9,0,37.47751843,-86.85368087,21183.0,2250.562640660165,1.6666666666666667,531,534,9,0,525,521,24087,6,0,0,6,13
2020-10-14,US,Kentucky,Oldham,1272,26,0,38.39791089,-85.448222,21185.0,1904.2201230557346,2.0440251572327046,1246,1242,26,0,1216,1245,66470,30,0,0,30,-3
2020-10-14,US,Kentucky,Owen,108,2,0,38.51679143,-84.82404619,21187.0,990.7347949729384,1.851851851851852,106,106,2,0,104,106,10880,2,0,0,2,0
2020-10-14,US,Kentucky,Owsley,55,1,0,37.42823949,-83.68811419,21189.0,1245.753114382786,1.818181818181818,54,53,1,0,52,52,4472,2,0,0,2,1
2020-10-14,US,Kentucky,Pendleton,108,0,0,38.69607718,-84.35599463,21191.0,740.2330363262507,0.0,108,106,0,0,106,106,14529,2,0,0,2,0
2020-10-14,US,Kentucky,Perry,392,9,0,37.25023553,-83.22922731,21193.0,1521.8572870564483,2.295918367346939,383,380,9,0,371,377,26092,12,0,0,12,3
2020-10-14,US,Kentucky,Pike,646,3,0,37.47088263,-82.39487445,21195.0,1116.1794180662102,0.4643962848297213,643,612,3,0,609,585,58402,34,0,0,34,27
2020-10-14,US,Kentucky,Powell,128,0,0,37.83218794,-83.82553961,21197.0,1035.6824985840276,0.0,128,127,0,0,127,123,12442,1,0,0,1,4
2020-10-14,US,Kentucky,Pulaski,915,11,0,37.10466131,-84.57629079,21199.0,1408.1472475722924,1.2021857923497268,904,898,11,0,887,895,64623,17,0,0,17,3
2020-10-14,US,Kentucky,Robertson,13,1,0,38.51923469,-84.05055616,21201.0,616.6982922201139,7.6923076923076925,12,13,1,0,12,13,2135,0,0,0,0,0
2020-10-14,US,Kentucky,Rockcastle,254,1,0,37.36642393,-84.31176452,21203.0,1521.4135968852952,0.3937007874015748,253,236,1,0,235,236,16750,18,0,0,18,0
2020-10-14,US,Kentucky,Rowan,306,1,0,38.19484205,-83.42088935,21205.0,1251.0220768601798,0.32679738562091504,305,299,1,0,298,290,24583,7,0,0,7,9
2020-10-14,US,Kentucky,Russell,308,6,0,36.99308373,-85.06070117,21207.0,1718.4623109970432,1.9480519480519483,302,297,6,0,291,294,17821,11,0,0,11,3
2020-10-14,US,Kentucky,Scott,956,16,0,38.29622293,-84.5816631,21209.0,1677.0752929618975,1.6736401673640169,940,934,16,0,918,929,56031,22,0,0,22,5
2020-10-14,US,Kentucky,Shelby,1217,24,0,38.21476019,-85.194223,21211.0,2482.457571801567,1.9720624486442069,1193,1197,24,0,1173,1190,48518,20,0,0,20,7
2020-10-14,US,Kentucky,Simpson,303,8,0,36.74058474,-86.58047435,21213.0,1631.4882618996344,2.64026402640264,295,301,8,0,293,299,18529,2,0,0,2,2
2020-10-14,US,Kentucky,Spencer,248,0,0,38.03223971,-85.32749335,21215.0,1281.587514857113,0.0,248,244,0,0,244,244,18794,4,0,0,4,0
2020-10-14,US,Kentucky,Taylor,388,7,0,37.3677562,-85.3329931,21217.0,1505.6851255384374,1.8041237113402064,381,372,7,0,365,361,25549,16,0,0,16,11
2020-10-14,US,Kentucky,Todd,241,8,0,36.8381152,-87.17878374,21219.0,1960.305840247275,3.319502074688797,233,235,8,0,227,228,12311,6,0,0,6,7
2020-10-14,US,Kentucky,Trigg,214,0,0,36.80767017,-87.87333656,21221.0,1460.6511500921438,0.0,214,211,0,0,211,208,14643,3,0,0,3,3
2020-10-14,US,Kentucky,Trimble,77,0,0,38.61056487,-85.33775972,21223.0,908.983591075434,0.0,77,77,0,0,77,77,8515,0,0,0,0,0
2020-10-14,US,Kentucky,Union,441,5,0,37.66166713,-87.94300009,21225.0,3066.5461372644463,1.1337868480725624,436,433,5,0,428,429,14505,8,0,0,8,4
2020-10-14,US,Kentucky,Warren,4744,57,0,36.99903045,-86.42672751,21227.0,3569.7086443534795,1.2015177065767284,4687,4711,57,0,4654,4692,131264,33,0,0,33,19
2020-10-14,US,Kentucky,Washington,177,1,0,37.75599461,-85.17407732,21229.0,1463.4146341463415,0.5649717514124294,176,175,1,0,174,175,12084,2,0,0,2,0
2020-10-14,US,Kentucky,Wayne,209,0,0,36.80310688,-84.8251971,21231.0,1027.885703044312,0.0,209,203,0,0,203,200,20468,6,0,0,6,3
2020-10-14,US,Kentucky,Webster,263,4,0,37.52168356,-87.67989953,21233.0,2032.1434090557873,1.520912547528517,259,256,3,0,253,252,13111,7,1,0,6,4
2020-10-14,US,Kentucky,Whitley,649,3,0,36.75700531,-84.14541217,21235.0,1789.6536510037506,0.4622496147919877,646,631,3,0,628,606,36242,18,0,0,18,25
2020-10-14,US,Kentucky,Wolfe,57,0,0,37.73941626,-83.49303612,21237.0,796.4230822970517,0.0,57,57,0,0,57,57,7177,0,0,0,0,0
2020-10-14,US,Kentucky,Woodford,330,0,0,38.04178222,-84.7417556,21239.0,1234.3831824642778,0.0,330,325,0,0,325,322,26533,5,0,0,5,3
2020-10-14,US,Louisiana,Acadia,3034,99,0,30.295064899999996,-92.41419698,22001.0,4889.99919413329,3.263019116677653,2935,3028,99,0,2929,3026,62190,6,0,0,6,2
2020-10-14,US,Louisiana,Allen,1771,52,0,30.65385745,-92.82442028,22003.0,6910.680142037694,2.9361942405420667,1719,1763,52,0,1711,1760,25605,8,0,0,8,3
2020-10-14,US,Louisiana,Ascension,3876,98,0,30.20406249,-90.91328409999998,22005.0,3061.5146440870753,2.5283797729618165,3778,3882,98,0,3784,3880,124672,-6,0,0,-6,2
2020-10-14,US,Louisiana,Assumption,778,24,0,29.89946234,-91.06461642,22007.0,3553.971951943721,3.0848329048843186,754,774,24,0,750,776,22300,4,0,0,4,-2
2020-10-14,US,Louisiana,Avoyelles,1646,62,0,31.07796211,-92.00079449,22009.0,4100.2391390992425,3.7667071688942886,1584,1631,62,0,1569,1632,40462,15,0,0,15,-1
2020-10-14,US,Louisiana,Beauregard,1033,39,0,30.64836518,-93.34173616,22011.0,2754.887057631277,3.7754114230396896,994,1032,39,0,993,1035,37253,1,0,0,1,-3
2020-10-14,US,Louisiana,Bienville,549,33,0,32.34569994,-93.05398492,22013.0,4146.2125217128605,6.0109289617486334,516,542,33,0,509,537,13308,7,0,0,7,5
2020-10-14,US,Louisiana,Bossier,3692,111,0,32.67932307,-93.60460152,22015.0,2906.1941608482434,3.0065005417118082,3581,3674,111,0,3563,3607,127185,18,0,0,18,67
2020-10-14,US,Louisiana,Caddo,9348,380,0,32.57991587,-93.88375652,22017.0,3891.6920617475153,4.0650406504065035,8968,9329,380,0,8949,9237,242922,19,0,0,19,92
2020-10-14,US,Louisiana,Calcasieu,8095,221,0,30.22931235,-93.35400434,22019.0,3979.138402249356,2.7300802964793083,7874,8068,221,0,7847,8044,203112,27,0,0,27,24
2020-10-14,US,Louisiana,Caldwell,324,3,0,32.0902519,-92.11752148,22021.0,3266.7876588021777,0.925925925925926,321,325,3,0,322,324,9960,-1,0,0,-1,1
2020-10-14,US,Louisiana,Cameron,236,2,0,29.87592238,-93.19310676,22023.0,3384.4830058798216,0.8474576271186439,234,231,2,0,229,232,6968,5,0,0,5,-1
2020-10-14,US,Louisiana,Catahoula,453,12,0,31.66778967,-91.84526385,22025.0,4771.434590267538,2.6490066225165565,441,450,12,0,438,447,9608,3,0,0,3,3
2020-10-14,US,Louisiana,Claiborne,584,23,0,32.82308512,-92.99526883,22027.0,3726.866624122527,3.9383561643835616,561,578,23,0,555,571,15944,6,0,0,6,7
2020-10-14,US,Louisiana,Concordia,558,15,0,31.44817835,-91.63814433,22029.0,2897.346695051664,2.6881720430107525,543,538,15,0,523,538,19572,20,0,0,20,0
2020-10-14,US,Louisiana,De Soto,964,35,0,32.05457447,-93.74130302,22031.0,3510.17732949787,3.6307053941908713,929,964,35,0,929,957,27436,0,0,0,0,7
2020-10-14,US,Louisiana,East Baton Rouge,15504,451,0,30.53842039,-91.09777565,22033.0,3523.163939380856,2.9089267285861715,15053,15512,451,0,15061,15475,440956,-8,0,0,-8,37
2020-10-14,US,Louisiana,East Carroll,557,6,0,32.73926954,-91.23425694,22035.0,8118.350094738376,1.0771992818671454,551,558,6,0,552,554,7037,-1,0,0,-1,4
2020-10-14,US,Louisiana,East Feliciana,1773,75,0,30.84425359,-91.04976723,22037.0,9265.74340214267,4.230118443316413,1698,1764,75,0,1689,1767,19305,9,0,0,9,-3
2020-10-14,US,Louisiana,Evangeline,1376,36,0,30.72985248,-92.39915924,22039.0,4120.377301991316,2.6162790697674416,1340,1372,36,0,1336,1362,33443,4,0,0,4,10
2020-10-14,US,Louisiana,Franklin,1255,44,0,32.13675181,-91.67589857,22041.0,6270.297277042218,3.50597609561753,1211,1251,43,0,1208,1250,20156,4,1,0,3,1
2020-10-14,US,Louisiana,Grant,512,30,0,31.59882456,-92.56124347,22043.0,2286.8372861673142,5.859375,482,512,30,0,482,510,22482,0,0,0,0,2
2020-10-14,US,Louisiana,Iberia,3026,92,0,29.86803617,-91.75871777,22045.0,4333.3810683087495,3.0403172504957037,2934,3021,92,0,2929,3026,70941,5,0,0,5,-5
2020-10-14,US,Louisiana,Iberville,1433,58,0,30.25734305,-91.3499598,22047.0,4407.738919135062,4.047452896022331,1375,1429,58,0,1371,1430,32721,4,0,0,4,-1
2020-10-14,US,Louisiana,Jackson,758,22,0,32.30251776,-92.55692092,22049.0,4814.532520325203,2.9023746701846966,736,753,22,0,731,744,15902,5,0,0,5,9
2020-10-14,US,Louisiana,Jefferson,18116,578,0,29.74075478,-90.11115756,22051.0,4188.738314839778,3.1905497902406714,17538,18118,578,0,17540,18046,434051,-2,0,0,-2,72
2020-10-14,US,Louisiana,Jefferson Davis,1298,42,0,30.26896765,-92.81210004,22053.0,4137.975006375926,3.2357473035439135,1256,1291,42,0,1249,1294,31582,7,0,0,7,-3
2020-10-14,US,Louisiana,LaSalle,458,10,0,31.67884782,-92.15907765,22059.0,3075.476766048885,2.183406113537118,448,459,10,0,449,457,14917,-1,0,0,-1,2
2020-10-14,US,Louisiana,Lafayette,9209,136,0,30.2049055,-92.06959876,22055.0,3768.1574532509508,1.4768161581062005,9073,9183,136,0,9047,9182,242782,26,0,0,26,1
2020-10-14,US,Louisiana,Lafourche,3793,123,0,29.52470226,-90.40976986,22057.0,3885.71311492204,3.2428157131558133,3670,3788,123,0,3665,3767,98115,5,0,0,5,21
2020-10-14,US,Louisiana,Lincoln,1574,48,0,32.6003154,-92.66597409999999,22061.0,3367.4211629797605,3.0495552731893265,1526,1554,48,0,1506,1542,47196,20,0,0,20,12
2020-10-14,US,Louisiana,Livingston,3982,76,0,30.44143993,-90.73061664,22063.0,2828.345964528479,1.908588648920141,3906,3981,76,0,3905,3964,139567,1,0,0,1,17
2020-10-14,US,Louisiana,Madison,891,8,0,32.36918118,-91.23973355,22065.0,8136.243265455208,0.8978675645342312,883,889,8,0,881,889,11161,2,0,0,2,0
2020-10-14,US,Louisiana,Morehouse,859,23,0,32.81686191,-91.80421614,22067.0,3453.4051620165637,2.6775320139697323,836,853,23,0,830,853,25398,6,0,0,6,0
2020-10-14,US,Louisiana,Natchitoches,1306,26,0,31.72321584,-93.09816516,22069.0,3422.611247968971,1.9908116385911176,1280,1299,26,0,1273,1273,38659,7,0,0,7,26
2020-10-14,US,Louisiana,Orleans,13057,588,0,30.06971951,-89.92660315,22071.0,3346.7130085301837,4.503331546297005,12469,13022,588,0,12434,12961,391006,35,0,0,35,61
2020-10-14,US,Louisiana,Ouachita,6648,153,0,32.47645559,-92.15704172,22073.0,4337.189047423326,2.3014440433212995,6495,6639,151,0,6488,6617,154475,9,2,0,7,22
2020-10-14,US,Louisiana,Plaquemines,813,19,0,29.42245447,-89.60322085,22075.0,3504.7635470103887,2.3370233702337018,794,812,19,0,793,806,23410,1,0,0,1,6
2020-10-14,US,Louisiana,Pointe Coupee,1080,40,0,30.71409502,-91.60209535,22077.0,4970.087436723424,3.703703703703704,1040,1081,40,0,1041,1082,21940,-1,0,0,-1,-1
2020-10-14,US,Louisiana,Rapides,4460,152,0,31.19778499,-92.52997303,22079.0,3440.083919535975,3.408071748878924,4308,4458,151,0,4307,4435,130562,2,1,0,1,23
2020-10-14,US,Louisiana,Red River,374,24,0,32.09530039,-93.34213308,22081.0,4430.229803364132,6.4171122994652405,350,373,24,0,349,373,8477,1,0,0,1,0
2020-10-14,US,Louisiana,Richland,831,15,0,32.41391005,-91.76634876,22083.0,4129.808170162011,1.8050541516245489,816,830,15,0,815,821,20192,1,0,0,1,9
2020-10-14,US,Louisiana,Sabine,926,14,0,31.56388699,-93.55433981,22085.0,3877.072517166304,1.5118790496760257,912,919,14,0,905,917,24032,7,0,0,7,2
2020-10-14,US,Louisiana,St. Bernard,1488,31,0,29.87761636,-89.51887093,22087.0,3149.606299212598,2.083333333333333,1457,1487,31,0,1456,1482,46721,1,0,0,1,5
2020-10-14,US,Louisiana,St. Charles,1886,62,0,29.90709658,-90.35555967,22089.0,3551.7890772128058,3.2873806998939554,1824,1889,62,0,1827,1877,52879,-3,0,0,-3,12
2020-10-14,US,Louisiana,St. Helena,421,4,0,30.82210324,-90.71013176,22091.0,4155.151993683379,0.9501187648456056,417,430,4,0,426,423,10262,-9,0,0,-9,7
2020-10-14,US,Louisiana,St. James,825,40,0,30.02531716,-90.80212061,22093.0,3910.693970420933,4.848484848484849,785,820,40,0,780,816,21037,5,0,0,5,4
2020-10-14,US,Louisiana,St. John the Baptist,1613,105,0,30.12597499,-90.4753503,22095.0,3765.4364217849047,6.509609423434593,1508,1609,105,0,1504,1604,43184,4,0,0,4,5
2020-10-14,US,Louisiana,St. Landry,3485,130,0,30.59724262,-92.00135806,22097.0,4243.582874677317,3.730272596843616,3355,3486,130,0,3356,3495,82764,-1,0,0,-1,-9
2020-10-14,US,Louisiana,St. Martin,2149,61,0,30.13112107,-91.61403569,22099.0,4022.009694746496,2.8385295486272684,2088,2140,61,0,2079,2131,53621,9,0,0,9,9
2020-10-14,US,Louisiana,St. Mary,1982,83,0,29.69262097,-91.44702164,22101.0,4016.373510577937,4.187689202825429,1899,1979,81,0,1898,1972,49774,3,2,0,1,7
2020-10-14,US,Louisiana,St. Tammany,7451,269,0,30.40942847,-89.95642711,22103.0,2861.1583640210583,3.6102536572272177,7182,7446,269,0,7177,7392,258111,5,0,0,5,54
2020-10-14,US,Louisiana,Tangipahoa,4822,122,0,30.62888673,-90.40664996,22105.0,3578.266225381796,2.5300705101617584,4700,4816,122,0,4694,4807,133777,6,0,0,6,9
2020-10-14,US,Louisiana,Tensas,184,2,0,32.00760749,-91.32915234,22107.0,4245.5006922012,1.0869565217391304,182,185,2,0,183,183,4462,-1,0,0,-1,2
2020-10-14,US,Louisiana,Terrebonne,3747,121,0,29.37343766,-90.82626855,22109.0,3392.147454757788,3.2292500667200428,3626,3748,120,0,3628,3732,111021,-1,1,0,-2,16
2020-10-14,US,Louisiana,Unassigned,243,200,0,0.0,0.0,90022.0,0.0,82.3045267489712,43,241,193,0,48,247,,2,7,0,-5,-6
2020-10-14,US,Louisiana,Union,1042,49,0,32.83121059,-92.3749373,22111.0,4713.2259815451425,4.702495201535509,993,1041,49,0,992,1033,22330,1,0,0,1,8
2020-10-14,US,Louisiana,Vermilion,2079,68,0,29.83517605,-92.30292538,22113.0,3493.471795130312,3.2708032708032717,2011,2076,68,0,2008,2073,59830,3,0,0,3,3
2020-10-14,US,Louisiana,Vernon,1105,54,0,31.10884837,-93.18153838,22115.0,2329.798224714837,4.886877828054299,1051,1104,52,0,1052,1097,48860,1,2,0,-1,7
2020-10-14,US,Louisiana,Washington,1703,68,0,30.85288548,-90.03866652,22117.0,3686.625968740529,3.9929536112742214,1635,1699,68,0,1631,1691,46582,4,0,0,4,8
2020-10-14,US,Louisiana,Webster,1392,32,0,32.70847669,-93.33121835,22119.0,3630.6729264475744,2.2988505747126435,1360,1381,32,0,1349,1379,38798,11,0,0,11,2
2020-10-14,US,Louisiana,West Baton Rouge,934,42,0,30.46058217,-91.30989571,22121.0,3529.189495560174,4.496788008565312,892,936,42,0,894,933,26427,-2,0,0,-2,3
2020-10-14,US,Louisiana,West Carroll,357,10,0,32.78550125,-91.461201,22123.0,3296.398891966759,2.8011204481792715,347,358,10,0,348,358,10982,-1,0,0,-1,0
2020-10-14,US,Louisiana,West Feliciana,746,25,0,30.87882871,-91.41485379999999,22125.0,4791.880781089414,3.351206434316354,721,743,25,0,718,739,15460,3,0,0,3,4
2020-10-14,US,Louisiana,Winn,657,19,0,31.94449367,-92.63789413,22127.0,4725.258918296892,2.8919330289193304,638,657,19,0,638,655,14134,0,0,0,0,2
2020-10-14,US,Maine,Androscoggin,823,10,0,44.1664747,-70.20380627,23001.0,760.0875532199818,1.2150668286755772,813,817,10,0,807,815,107679,6,0,0,6,2
2020-10-14,US,Maine,Aroostook,53,1,0,46.65926321,-68.59841248,23003.0,79.03959436283648,1.8867924528301887,52,53,1,0,52,53,67111,0,0,0,0,0
2020-10-14,US,Maine,Cumberland,2396,70,0,43.8370751,-70.37226999,23005.0,812.1951302190147,2.921535893155258,2326,2392,70,0,2322,2387,293557,4,0,0,4,5
2020-10-14,US,Maine,Franklin,71,1,0,44.97330019,-70.44381045,23007.0,235.10712275240903,1.4084507042253518,70,72,1,0,71,71,29897,-1,0,0,-1,1
2020-10-14,US,Maine,Hancock,56,1,0,44.59816444,-68.38401854,23009.0,101.84225362358377,1.7857142857142858,55,56,1,0,55,56,54811,0,0,0,0,0
2020-10-14,US,Maine,Kennebec,274,11,0,44.40759555,-69.76738544,23011.0,224.03558404605,4.014598540145985,263,268,11,0,257,264,122083,6,0,0,6,4
2020-10-14,US,Maine,Knox,53,1,0,44.11486325,-69.10529169,23013.0,133.25957960374132,1.8867924528301887,52,52,1,0,51,52,39771,1,0,0,1,0
2020-10-14,US,Maine,Lincoln,51,1,0,44.05996956,-69.54227124,23015.0,147.25414332736617,1.96078431372549,50,50,1,0,49,50,34342,1,0,0,1,0
2020-10-14,US,Maine,Oxford,161,2,0,44.49952995,-70.75682123,23017.0,277.7059077188444,1.2422360248447204,159,158,2,0,156,157,57618,3,0,0,3,1
2020-10-14,US,Maine,Penobscot,270,6,0,45.40194593,-68.65020455,23019.0,177.4587901254042,2.2222222222222223,264,271,6,0,265,269,151096,-1,0,0,-1,2
2020-10-14,US,Maine,Piscataquis,10,0,0,45.83839062,-69.2860223,23021.0,59.577003276735184,0.0,10,10,0,0,10,10,16800,0,0,0,0,0
2020-10-14,US,Maine,Sagadahoc,73,0,0,43.95415864,-69.85074999,23023.0,203.5921463632307,0.0,73,74,0,0,74,72,35634,-1,0,0,-1,2
2020-10-14,US,Maine,Somerset,128,8,0,45.51229767,-69.95995554,23025.0,253.5456778385231,6.25,120,123,8,0,115,118,50592,5,0,0,5,5
2020-10-14,US,Maine,Waldo,85,14,0,44.4858305,-69.12061935,23027.0,214.0249276092157,16.470588235294116,71,80,14,0,66,80,39694,5,0,0,5,0
2020-10-14,US,Maine,Washington,20,0,0,45.01607142,-67.62813524,23029.0,63.73689410115046,0.0,20,20,0,0,20,20,31490,0,0,0,0,0
2020-10-14,US,Maine,York,1292,17,0,43.47808377,-70.71052375,23031.0,622.2277873830312,1.3157894736842106,1275,1284,17,0,1267,1278,206229,8,0,0,8,6
2020-10-14,US,Maryland,Allegany,536,23,0,39.62357628,-78.69280486,24001.0,761.190638491252,4.291044776119403,513,528,23,0,505,525,70975,8,0,0,8,3
2020-10-14,US,Maryland,Anne Arundel,10986,260,0,39.00670238,-76.60329337,24003.0,1896.6428075699976,2.3666484616785,10726,10915,258,0,10657,10875,576031,71,2,0,69,40
2020-10-14,US,Maryland,Baltimore,19176,647,0,39.45784712,-76.62911955,24005.0,2317.7055005620223,3.3740091781393406,18529,19102,647,0,18455,19043,828431,74,0,0,74,59
2020-10-14,US,Maryland,Baltimore City,16584,495,0,39.30211911,-76.61151012,24510.0,2794.318354142445,2.984804630969609,16089,16543,494,0,16049,16508,621342,41,1,0,40,35
2020-10-14,US,Maryland,Calvert,1078,28,0,38.53961642,-76.56820632,24009.0,1165.090516076736,2.5974025974025974,1050,1074,28,0,1046,1073,92003,4,0,0,4,1
2020-10-14,US,Maryland,Caroline,686,8,0,38.87172293,-75.82904158,24011.0,2053.523319164222,1.1661807580174928,678,684,8,0,676,683,33304,2,0,0,2,1
2020-10-14,US,Maryland,Carroll,2099,127,0,39.56453592,-77.02373735,24013.0,1246.0892743711672,6.050500238208671,1972,2092,126,0,1966,2086,168429,7,1,0,6,6
2020-10-14,US,Maryland,Cecil,1190,36,0,39.56647682,-75.94627411,24015.0,1156.9685479558602,3.0252100840336134,1154,1179,36,0,1143,1172,102826,11,0,0,11,7
2020-10-14,US,Maryland,Charles,2962,101,0,38.51092331,-76.98580666,24017.0,1814.3173033928101,3.4098582039162726,2861,2947,101,0,2846,2942,161503,15,0,0,15,5
2020-10-14,US,Maryland,Dorchester,644,10,0,38.45413522,-76.02752426,24019.0,2016.975163644336,1.5527950310559009,634,642,10,0,632,642,31998,2,0,0,2,0
2020-10-14,US,Maryland,Frederick,4399,135,0,39.47296601,-77.39999394,24021.0,1694.8760725417746,3.068879290747897,4264,4379,135,0,4244,4359,255648,20,0,0,20,20
2020-10-14,US,Maryland,Garrett,87,1,0,39.52786077,-79.27355126,24023.0,299.8552422968222,1.1494252873563218,86,82,1,0,81,82,29163,5,0,0,5,0
2020-10-14,US,Maryland,Harford,3317,77,0,39.55010644,-76.30775940000002,24025.0,1298.5386057837234,2.3213747362074164,3240,3288,77,0,3211,3272,253956,29,0,0,29,16
2020-10-14,US,Maryland,Howard,5487,123,0,39.25305293,-76.93126208,24027.0,1684.7308790567718,2.2416621104428653,5364,5473,123,0,5350,5459,323196,14,0,0,14,14
2020-10-14,US,Maryland,Kent,325,24,0,39.24976208,-76.04741541,24029.0,1673.360107095047,7.384615384615384,301,325,24,0,301,322,19383,0,0,0,0,3
2020-10-14,US,Maryland,Montgomery,23926,859,0,39.13676329,-77.20358245,24031.0,2277.17457513553,3.5902365627351003,23067,23817,856,0,22961,23696,1052567,109,3,0,106,121
2020-10-14,US,Maryland,Prince George's,30969,840,0,38.83070039,-76.8496441,24033.0,3405.705538271711,2.7123898091640033,30129,30878,839,0,30039,30762,909308,91,1,0,90,116
2020-10-14,US,Maryland,Queen Anne's,711,26,0,39.06198912,-76.03530977,24035.0,1411.246303169846,3.6568213783403656,685,705,26,0,679,704,50251,6,0,0,6,1
2020-10-14,US,Maryland,Somerset,358,4,0,38.1163542,-75.75118623,24039.0,1397.5640224859465,1.11731843575419,354,345,4,0,341,343,25675,13,0,0,13,2
2020-10-14,US,Maryland,St. Mary's,1375,59,0,38.30058422,-76.60629279999998,24037.0,1211.3470178838868,4.290909090909091,1316,1373,59,0,1314,1371,112664,2,0,0,2,2
2020-10-14,US,Maryland,Talbot,593,6,0,38.76618159,-76.10882561,24041.0,1594.900621285065,1.011804384485666,587,589,6,0,583,589,36968,4,0,0,4,0
2020-10-14,US,Maryland,Unassigned,0,13,0,0.0,0.0,90024.0,0.0,0.0,-13,0,11,0,-11,0,,0,2,0,-2,0
2020-10-14,US,Maryland,Washington,2039,41,0,39.60835778,-77.82002295,24043.0,1349.893081053168,2.010789602746444,1998,2008,41,0,1967,1993,150926,31,0,0,31,15
2020-10-14,US,Maryland,Wicomico,2248,49,0,38.37301947,-75.62705831,24045.0,2169.695682807478,2.179715302491103,2199,2242,49,0,2193,2230,103195,6,0,0,6,12
2020-10-14,US,Maryland,Worcester,1143,30,0,38.21274277,-75.33200012,24047.0,2186.471803504476,2.6246719160104988,1113,1133,30,0,1103,1130,51823,10,0,0,10,3
2020-10-14,US,Massachusetts,Barnstable,1877,178,0,41.72980578,-70.28854339,25001.0,881.2620310812714,9.4832179009057,1699,1878,178,0,1700,1876,213413,-1,0,0,-1,2
2020-10-14,US,Massachusetts,Berkshire,733,51,0,42.37428441,-73.20524838,25003.0,586.6628249455756,6.957708049113233,682,732,51,0,681,730,126348,1,0,0,1,2
2020-10-14,US,Massachusetts,Bristol,10777,725,0,41.79228404,-71.10872211,25005.0,1906.7013200239908,6.7272895982184275,10052,10739,725,0,10014,10670,564022,38,0,0,38,69
2020-10-14,US,Massachusetts,Dukes and Nantucket,201,2,0,41.40674725,-70.68763497,0.0,699.5927743552261,0.9950248756218906,199,201,2,0,199,201,26707,0,0,0,0,0
2020-10-14,US,Massachusetts,Essex,21516,1315,0,42.6687626,-70.94687179,25009.0,2726.8786896382157,6.111730804982339,20201,21380,1313,0,20067,21296,790638,136,2,0,134,84
2020-10-14,US,Massachusetts,Franklin,426,71,0,42.58119713,-72.58602547,25011.0,607.0105443146196,16.666666666666668,355,426,71,0,355,426,70963,0,0,0,0,0
2020-10-14,US,Massachusetts,Hampden,8894,794,0,42.13440424,-72.63235561,25013.0,1907.0613158594424,8.927366764110637,8100,8854,792,0,8062,8818,470406,40,2,0,38,36
2020-10-14,US,Massachusetts,Hampshire,1374,152,0,42.33997957,-72.65898478,25015.0,854.3182242119008,11.06259097525473,1222,1364,150,0,1214,1359,161355,10,2,0,8,5
2020-10-14,US,Massachusetts,Middlesex,29460,2200,0,42.48607732,-71.39049229,25017.0,1827.8847353010706,7.46775288526816,27260,29358,2196,0,27162,29225,1614714,102,4,0,98,133
2020-10-14,US,Massachusetts,Norfolk,10975,1086,0,42.16073095,-71.20530408,25021.0,1552.8279862756888,9.895216400911162,9889,10942,1084,0,9858,10880,705388,33,2,0,31,62
2020-10-14,US,Massachusetts,Plymouth,10424,786,0,41.94070556,-70.80802823,25023.0,1999.992325432366,7.5402916346891775,9638,10380,784,0,9596,10324,518132,44,2,0,42,56
2020-10-14,US,Massachusetts,Suffolk,25896,1150,0,42.327951399999996,-71.07850442,25025.0,3221.268131761509,4.440840284213778,24746,25824,1148,0,24676,25702,807252,72,2,0,70,122
2020-10-14,US,Massachusetts,Unassigned,3201,5,0,0.0,0.0,90025.0,0.0,0.15620118712902215,3196,3145,5,0,3140,3015,,56,0,0,56,130
2020-10-14,US,Massachusetts,Worcester,15238,1132,0,42.35026951,-71.90493363,25027.0,1834.5288229784423,7.428796429977687,14106,15189,1131,0,14058,15141,830839,49,1,0,48,48
2020-10-14,US,Michigan,Alcona,50,2,0,44.6846864,-83.59507875,26001.0,480.53820278712163,4.0,48,48,2,0,46,48,10362,2,0,0,2,0
2020-10-14,US,Michigan,Alger,67,0,0,46.41292944,-86.60260122,26003.0,735.6170399648662,0.0,67,63,0,0,63,49,9097,4,0,0,4,14
2020-10-14,US,Michigan,Allegan,961,7,0,42.59147037,-85.89102866,26005.0,813.8481212049356,0.7284079084287199,954,943,7,0,936,927,117327,18,0,0,18,16
2020-10-14,US,Michigan,Alpena,148,14,0,45.03477666,-83.62212411,26007.0,521.0350290441824,9.459459459459461,134,148,14,0,134,148,28360,0,0,0,0,0
2020-10-14,US,Michigan,Antrim,85,0,0,44.99690221,-85.15503082,26009.0,364.43148688046654,0.0,85,82,0,0,82,81,23365,3,0,0,3,1
2020-10-14,US,Michigan,Arenac,84,3,0,44.0636262,-83.89277559,26011.0,564.4023382382584,3.571428571428572,81,82,3,0,79,82,15041,2,0,0,2,0
2020-10-14,US,Michigan,Baraga,61,4,0,46.6720582,-88.36363591,26013.0,743.0868558898769,6.557377049180328,57,57,3,0,54,56,8320,4,1,0,3,1
2020-10-14,US,Michigan,Barry,476,4,0,42.59513984,-85.30834519,26015.0,773.3549959382616,0.8403361344537815,472,457,5,0,452,441,61157,19,-1,0,20,16
2020-10-14,US,Michigan,Bay,1158,55,0,43.70639106,-83.98731479,26017.0,1122.8982021992515,4.7495682210708114,1103,1151,55,0,1096,1138,103923,7,0,0,7,13
2020-10-14,US,Michigan,Benzie,97,2,0,44.63899297,-86.01608482,26019.0,545.9867161994822,2.061855670103093,95,95,2,0,93,94,17753,2,0,0,2,1
2020-10-14,US,Michigan,Berrien,2177,77,0,41.95447397,-86.41313079999998,26021.0,1419.1563288374912,3.536977491961415,2100,2147,77,0,2070,2132,154141,30,0,0,30,15
2020-10-14,US,Michigan,Branch,731,10,0,41.91600556,-85.05929476,26023.0,1679.8032952639194,1.3679890560875514,721,719,10,0,709,703,43622,12,0,0,12,16
2020-10-14,US,Michigan,Calhoun,1978,51,0,42.24633834,-85.00493569,26025.0,1474.3699639979427,2.5783619817997976,1927,1940,51,0,1889,1877,134487,38,0,0,38,63
2020-10-14,US,Michigan,Cass,732,22,0,41.91522292,-85.99405727,26027.0,1413.4821480294283,3.0054644808743167,710,710,22,0,688,700,51653,22,0,0,22,10
2020-10-14,US,Michigan,Charlevoix,123,4,0,45.37790017,-85.19614053,26029.0,470.489232299277,3.2520325203252027,119,123,4,0,119,122,26244,0,0,0,0,1
2020-10-14,US,Michigan,Cheboygan,104,2,0,45.44787015,-84.50122149,26031.0,411.4575090995411,1.9230769230769231,102,101,2,0,99,101,25413,3,0,0,3,0
2020-10-14,US,Michigan,Chippewa,95,0,0,46.29552653,-84.54353449,26033.0,254.3575463867841,0.0,95,96,0,0,96,90,37517,-1,0,0,-1,6
2020-10-14,US,Michigan,Clare,168,6,0,43.98794227,-84.84819859999998,26035.0,542.8109854604198,3.571428571428572,162,169,6,0,163,152,30757,-1,0,0,-1,17
2020-10-14,US,Michigan,Clinton,821,14,0,42.94400871,-84.60145248,26037.0,1031.471826119731,1.705237515225335,807,815,14,0,801,805,79332,6,0,0,6,10
2020-10-14,US,Michigan,Crawford,132,5,0,44.68255561,-84.61006219,26039.0,940.9081188965712,3.787878787878788,127,132,5,0,127,131,13901,0,0,0,0,1
2020-10-14,US,Michigan,Delta,888,15,0,45.90484910000001,-86.9080745,26041.0,2481.5560026827634,1.6891891891891893,873,849,15,0,834,832,35857,39,0,0,39,17
2020-10-14,US,Michigan,Dickinson,355,4,0,46.00999672,-87.86961634,26043.0,1406.5533499742462,1.1267605633802815,351,342,4,0,338,332,25383,13,0,0,13,10
2020-10-14,US,Michigan,Eaton,852,10,0,42.59599185,-84.83740035,26045.0,772.6629665904886,1.1737089201877935,842,838,10,0,828,828,109826,14,0,0,14,10
2020-10-14,US,Michigan,Emmet,180,4,0,45.52625509,-84.89083249,26047.0,538.6802334281011,2.2222222222222223,176,177,4,0,173,177,33308,3,0,0,3,0
2020-10-14,US,Michigan,Federal Correctional Institution (FCI),195,5,0,0.0,0.0,0.0,0.0,2.5641025641025643,190,195,5,0,190,195,,0,0,0,0,0
2020-10-14,US,Michigan,Genesee,5525,315,0,43.02244215,-83.70589709,26049.0,1361.464516908034,5.701357466063348,5210,5465,314,0,5151,5389,406892,60,1,0,59,76
2020-10-14,US,Michigan,Gladwin,139,2,0,43.98901072,-84.38774817,26051.0,546.1904200557979,1.4388489208633093,137,135,2,0,133,133,25337,4,0,0,4,2
2020-10-14,US,Michigan,Gogebic,206,2,0,46.40862701,-89.69377193,26053.0,1474.0608228980325,0.9708737864077671,204,200,2,0,198,196,15096,6,0,0,6,4
2020-10-14,US,Michigan,Grand Traverse,605,12,0,44.69565625,-85.55585247,26055.0,649.9226538329323,1.9834710743801651,593,602,11,0,591,587,92573,3,1,0,2,15
2020-10-14,US,Michigan,Gratiot,377,16,0,43.29265605,-84.60505416,26057.0,926.0396453047088,4.244031830238727,361,366,16,0,350,353,40599,11,0,0,11,13
2020-10-14,US,Michigan,Hillsdale,411,27,0,41.88753639,-84.59312019,26059.0,901.2169718232652,6.569343065693432,384,400,27,0,373,400,45749,11,0,0,11,0
2020-10-14,US,Michigan,Houghton,821,5,0,46.89988536,-88.68495385,26061.0,2300.751036879273,0.6090133982947625,816,809,5,0,804,809,36219,12,0,0,12,0
2020-10-14,US,Michigan,Huron,251,5,0,43.83353985,-83.04078453,26063.0,810.1739775991738,1.99203187250996,246,248,5,0,243,246,31166,3,0,0,3,2
2020-10-14,US,Michigan,Ingham,4128,57,0,42.59716886,-84.37472069,26065.0,1411.7357372967722,1.3808139534883719,4071,4086,55,0,4031,4054,292735,42,2,0,40,32
2020-10-14,US,Michigan,Ionia,504,7,0,42.94502238,-85.07413319,26067.0,779.016028563921,1.3888888888888888,497,479,7,0,472,475,64210,25,0,0,25,4
2020-10-14,US,Michigan,Iosco,252,14,0,44.35486835,-83.63484895,26069.0,1002.9052413738208,5.5555555555555545,238,251,14,0,237,250,25081,1,0,0,1,1
2020-10-14,US,Michigan,Iron,310,16,0,46.20974132,-88.53136251,26071.0,2801.3735767214894,5.161290322580644,294,302,15,0,287,300,11117,8,1,0,7,2
2020-10-14,US,Michigan,Isabella,869,15,0,43.64060976,-84.84664923,26073.0,1243.7027707808566,1.7261219792865363,854,861,15,0,846,857,70562,8,0,0,8,4
2020-10-14,US,Michigan,Jackson,1407,57,0,42.24807035,-84.42258681,26075.0,887.6411582865434,4.051172707889126,1350,1369,57,0,1312,1356,158823,38,0,0,38,13
2020-10-14,US,Michigan,Kalamazoo,3817,98,0,42.24542231,-85.53038622,26077.0,1440.018712320705,2.5674613570867173,3719,3773,98,0,3675,3732,264870,44,0,0,44,41
2020-10-14,US,Michigan,Kalkaska,102,4,0,44.68512729,-85.09085699,26079.0,565.4728905643641,3.92156862745098,98,101,4,0,97,101,17824,1,0,0,1,0
2020-10-14,US,Michigan,Kent,11817,173,0,43.03197711,-85.54934642,26081.0,1798.7533392698126,1.4639925531014641,11644,11625,172,0,11453,11506,653786,192,1,0,191,119
2020-10-14,US,Michigan,Keweenaw,16,0,0,47.63197653,-88.41434263,26083.0,756.1436672967864,0.0,16,15,0,0,15,14,2113,1,0,0,1,1
2020-10-14,US,Michigan,Lake,40,0,0,43.99050893,-85.802173,26085.0,337.4673078545516,0.0,40,40,0,0,40,39,11881,0,0,0,0,1
2020-10-14,US,Michigan,Lapeer,735,38,0,43.09052506,-83.22153148,26087.0,838.9740545846793,5.170068027210885,697,721,38,0,683,708,88028,14,0,0,14,13
2020-10-14,US,Michigan,Leelanau,123,1,0,44.94430054,-85.80150326,26089.0,565.2313772345021,0.8130081300813008,122,122,1,0,121,121,21764,1,0,0,1,1
2020-10-14,US,Michigan,Lenawee,967,18,0,41.89475156,-84.06603727,26091.0,982.2145026459863,1.861427094105481,949,959,18,0,941,945,98266,8,0,0,8,14
2020-10-14,US,Michigan,Livingston,1645,32,0,42.60302282,-83.91297209,26093.0,856.7931456548348,1.945288753799392,1613,1612,32,0,1580,1593,191224,33,0,0,33,19
2020-10-14,US,Michigan,Luce,32,0,0,46.47227431,-85.54471223,26095.0,513.7261197624017,0.0,32,30,0,0,30,27,6283,2,0,0,2,3
2020-10-14,US,Michigan,Mackinac,118,0,0,46.07028979,-85.04980537,26097.0,1092.6937679414764,0.0,118,111,0,0,111,107,10787,7,0,0,7,4
2020-10-14,US,Michigan,Macomb,16319,1047,0,42.69158356,-82.92752801,26099.0,1867.2222908743072,6.415834303572522,15272,16162,1043,0,15119,16065,874759,157,4,0,153,97
2020-10-14,US,Michigan,Manistee,102,3,0,44.33352407,-86.05626916,26101.0,415.3432689958466,2.9411764705882355,99,97,3,0,94,95,24528,5,0,0,5,2
2020-10-14,US,Michigan,Marquette,579,12,0,46.4338914,-87.64043701,26103.0,868.0789816938785,2.0725388601036268,567,565,12,0,553,539,66516,14,0,0,14,26
2020-10-14,US,Michigan,Mason,157,1,0,43.99509218,-86.24988902,26105.0,538.7043645347242,0.6369426751592356,156,156,1,0,155,152,29100,1,0,0,1,4
2020-10-14,US,Michigan,Mecosta,315,3,0,43.64064262,-85.32463223,26107.0,724.9211792051183,0.9523809523809524,312,312,3,0,309,305,43545,3,0,0,3,7
2020-10-14,US,Michigan,Menominee,571,3,0,45.58038692,-87.55370409,26109.0,2506.584723441616,0.5253940455341506,568,566,3,0,563,549,22983,5,0,0,5,17
2020-10-14,US,Michigan,Michigan Department of Corrections (MDOC),5796,75,0,0.0,0.0,0.0,0.0,1.2939958592132506,5721,5790,75,0,5715,5693,,6,0,0,6,97
2020-10-14,US,Michigan,Midland,748,13,0,43.64330771,-84.38804374,26111.0,899.5141661455577,1.7379679144385027,735,732,13,0,719,726,83209,16,0,0,16,6
2020-10-14,US,Michigan,Missaukee,70,1,0,44.33772443,-85.09256478,26113.0,463.02420955152803,1.4285714285714286,69,70,1,0,69,70,15113,0,0,0,0,0
2020-10-14,US,Michigan,Monroe,1714,29,0,41.92734151,-83.53749864,26115.0,1138.8704318936875,1.6919486581096852,1685,1686,29,0,1657,1679,150439,28,0,0,28,7
2020-10-14,US,Michigan,Montcalm,434,7,0,43.31082541,-85.15252824,26117.0,679.3137991485099,1.6129032258064515,427,428,7,0,421,414,63968,6,0,0,6,14
2020-10-14,US,Michigan,Montmorency,18,0,0,45.0275929,-84.12696227,26119.0,192.96740994854198,0.0,18,18,0,0,18,18,9265,0,0,0,0,0
2020-10-14,US,Michigan,Muskegon,1732,73,0,43.29123859,-86.15176712,26121.0,997.8912920733324,4.214780600461894,1659,1708,73,0,1635,1702,173588,24,0,0,24,6
2020-10-14,US,Michigan,Newaygo,479,2,0,43.554373999999996,-85.80070107,26123.0,977.9501837484688,0.4175365344467641,477,468,2,0,466,464,48892,11,0,0,11,4
2020-10-14,US,Michigan,Oakland,22324,1222,0,42.66090111,-83.38595416,26125.0,1775.1498110662985,5.473929403332736,21102,22179,1222,0,20957,22033,1259201,145,0,0,145,146
2020-10-14,US,Michigan,Oceana,553,6,0,43.64124435,-86.26726673,26127.0,2089.394340121661,1.08499095840868,547,548,6,0,542,547,26625,5,0,0,5,1
2020-10-14,US,Michigan,Ogemaw,80,5,0,44.33481032,-84.12725175,26129.0,381.0068104967376,6.25,75,79,5,0,74,78,20952,1,0,0,1,1
2020-10-14,US,Michigan,Ontonagon,59,0,0,46.665226200000006,-89.31390481,26131.0,1031.4685314685314,0.0,59,58,0,0,58,57,5795,1,0,0,1,1
2020-10-14,US,Michigan,Osceola,112,0,0,43.98992088,-85.32566756,26133.0,477.4083546462063,0.0,112,110,0,0,110,110,23341,2,0,0,2,0
2020-10-14,US,Michigan,Oscoda,50,1,0,44.68192279,-84.12939244,26135.0,606.7224851352993,2.0,49,50,1,0,49,50,8276,0,0,0,0,0
2020-10-14,US,Michigan,Otsego,203,11,0,45.02085831,-84.59898295,26137.0,822.9284903518727,5.41871921182266,192,202,11,0,191,201,24665,1,0,0,1,1
2020-10-14,US,Michigan,Ottawa,4086,70,0,42.95996803,-85.9969107,26139.0,1400.1302127951205,1.713166911404797,4016,4045,70,0,3975,3998,290494,41,0,0,41,47
2020-10-14,US,Michigan,Out of MI,224,2,0,0.0,0.0,80026.0,0.0,0.8928571428571429,222,235,2,0,233,227,,-11,0,0,-11,8
2020-10-14,US,Michigan,Presque Isle,31,1,0,45.34018577,-83.91498656,26141.0,246.1880559085133,3.2258064516129035,30,31,1,0,30,29,12738,0,0,0,0,2
2020-10-14,US,Michigan,Roscommon,122,4,0,44.33473082,-84.61067651,26143.0,507.931221116616,3.278688524590164,118,116,4,0,112,114,23884,6,0,0,6,2
2020-10-14,US,Michigan,Saginaw,3276,148,0,43.33433923,-84.05131209999998,26145.0,1719.3330499267865,4.5177045177045185,3128,3249,147,0,3102,3208,190800,27,1,0,26,41
2020-10-14,US,Michigan,Sanilac,161,7,0,43.42406072,-82.82055898,26151.0,391.0614525139665,4.3478260869565215,154,160,7,0,153,160,41182,1,0,0,1,0
2020-10-14,US,Michigan,Schoolcraft,49,0,0,46.19235734,-86.19972234,26153.0,605.3867062021251,0.0,49,47,0,0,47,44,8068,2,0,0,2,3
2020-10-14,US,Michigan,Shiawassee,593,32,0,42.95392800000001,-84.14585902,26155.0,870.4970494113503,5.39629005059022,561,590,32,0,558,589,68192,3,0,0,3,1
2020-10-14,US,Michigan,St. Clair,1205,61,0,42.92655373,-82.67937954,26147.0,757.2520235282287,5.062240663900416,1144,1188,60,0,1128,1173,159337,17,1,0,16,15
2020-10-14,US,Michigan,St. Joseph,981,12,0,41.91441767,-85.52797979,26149.0,1609.146381471032,1.2232415902140672,969,966,12,0,954,930,61043,15,0,0,15,36
2020-10-14,US,Michigan,Tuscola,556,34,0,43.46606813,-83.41897025,26157.0,1064.2166714518137,6.115107913669065,522,548,34,0,514,543,52516,8,0,0,8,5
2020-10-14,US,Michigan,Unassigned,9,0,0,0.0,0.0,90026.0,0.0,0.0,9,23,0,0,23,19,,-14,0,0,-14,4
2020-10-14,US,Michigan,Van Buren,882,18,0,42.25190229,-86.01939087,26159.0,1165.479604106928,2.0408163265306123,864,876,18,0,858,872,75448,6,0,0,6,4
2020-10-14,US,Michigan,Washtenaw,4361,116,0,42.253105,-83.83853204,26161.0,1186.340624753469,2.6599403806466406,4245,4266,116,0,4150,4202,370963,95,0,0,95,64
2020-10-14,US,Michigan,Wayne,37426,3011,0,42.28098405,-83.281255,26163.0,2139.43177524362,8.045209212846684,34415,37236,3010,0,34226,37061,1753893,190,1,0,189,175
2020-10-14,US,Michigan,Wexford,143,4,0,44.33853602,-85.57712739,26165.0,425.2029377657518,2.797202797202797,139,141,4,0,137,141,33466,2,0,0,2,0
2020-10-14,US,Minnesota,Aitkin,129,1,0,46.60962049,-93.41168259999999,27001.0,812.0357547526123,0.7751937984496124,128,123,1,0,122,119,15902,6,0,0,6,4
2020-10-14,US,Minnesota,Anoka,7548,144,0,45.27476015,-93.24604565,27003.0,2114.7536849891158,1.9077901430842608,7404,7485,144,0,7341,7372,353813,63,0,0,63,113
2020-10-14,US,Minnesota,Becker,418,2,0,46.93479392,-95.67158144,27005.0,1214.3043895070155,0.4784688995215311,416,403,2,0,401,397,34371,15,0,0,15,6
2020-10-14,US,Minnesota,Beltrami,683,6,0,47.97373527,-94.93732139,27007.0,1447.4018818343645,0.8784773060029283,677,657,6,0,651,647,46847,26,0,0,26,10
2020-10-14,US,Minnesota,Benton,740,4,0,45.69804958,-93.99514135,27009.0,1809.7776908214926,0.5405405405405406,736,715,4,0,711,704,40545,25,0,0,25,11
2020-10-14,US,Minnesota,Big Stone,117,0,0,45.42712824,-96.41403739,27011.0,2344.2195952714887,0.0,117,110,0,0,110,110,4989,7,0,0,7,0
2020-10-14,US,Minnesota,Blue Earth,1886,7,0,44.03554215,-94.06699781,27013.0,2787.755162372696,0.3711558854718982,1879,1880,7,0,1873,1876,67427,6,0,0,6,4
2020-10-14,US,Minnesota,Brown,271,3,0,44.24205652,-94.72562874,27015.0,1083.6532309660906,1.1070110701107012,268,271,3,0,268,267,25111,0,0,0,0,4
2020-10-14,US,Minnesota,Carlton,355,1,0,46.59180601,-92.67601019,27017.0,989.6573834016336,0.28169014084507044,354,351,1,0,350,343,35837,4,0,0,4,8
2020-10-14,US,Minnesota,Carver,1621,7,0,44.82017001,-93.80099179999999,27019.0,1542.502069674276,0.43183220234423203,1614,1609,7,0,1602,1594,103551,12,0,0,12,15
2020-10-14,US,Minnesota,Cass,267,4,0,46.95043611,-94.32603968,27021.0,896.6049900936902,1.49812734082397,263,261,4,0,257,257,29519,6,0,0,6,4
2020-10-14,US,Minnesota,Chippewa,330,2,0,45.02343421,-95.56403693,27023.0,2796.610169491525,0.6060606060606061,328,322,2,0,320,314,11924,8,0,0,8,8
2020-10-14,US,Minnesota,Chisago,743,2,0,45.5021011,-92.90861945,27025.0,1313.208080736669,0.2691790040376851,741,717,2,0,715,702,55922,26,0,0,26,15
2020-10-14,US,Minnesota,Clay,1824,43,0,46.89289518,-96.48761922,27027.0,2840.1482358070452,2.357456140350877,1781,1773,42,0,1731,1756,63955,51,1,0,50,17
2020-10-14,US,Minnesota,Clearwater,57,0,0,47.57992111,-95.37790562,27029.0,646.405080517124,0.0,57,52,0,0,52,52,8810,5,0,0,5,0
2020-10-14,US,Minnesota,Cook,8,0,0,47.90504893,-90.52629546,27031.0,146.4396851546769,0.0,8,9,0,0,9,10,5393,-1,0,0,-1,-1
2020-10-14,US,Minnesota,Cottonwood,251,0,0,44.00715262,-95.18138802,27033.0,2241.8720971775633,0.0,251,252,0,0,252,249,11277,-1,0,0,-1,3
2020-10-14,US,Minnesota,Crow Wing,757,21,0,46.48096553,-94.06755609,27035.0,1163.630773960495,2.7741083223249667,736,748,20,0,728,743,64889,9,1,0,8,5
2020-10-14,US,Minnesota,Dakota,8742,133,0,44.67172617,-93.06299363,27037.0,2037.6624920458441,1.5213909860443835,8609,8673,132,0,8541,8576,425423,69,1,0,68,97
2020-10-14,US,Minnesota,Dodge,341,0,0,44.02238415,-92.86244324,27039.0,1628.9290149995225,0.0,341,338,0,0,338,338,20822,3,0,0,3,0
2020-10-14,US,Minnesota,Douglas,528,3,0,45.93348491,-95.45335469,27041.0,1384.337065100548,0.5681818181818182,525,523,3,0,520,522,37964,5,0,0,5,1
2020-10-14,US,Minnesota,Faribault,189,0,0,43.67381499,-93.94787458,27043.0,1384.3111404087015,0.0,189,187,0,0,187,179,13758,2,0,0,2,8
2020-10-14,US,Minnesota,Fillmore,211,0,0,43.67394126,-92.08980382,27045.0,1001.5664309109034,0.0,211,207,0,0,207,203,21058,4,0,0,4,4
2020-10-14,US,Minnesota,Freeborn,597,4,0,43.67385583,-93.34884422,27047.0,1971.533304712526,0.6700167504187605,593,593,4,0,589,590,30444,4,0,0,4,3
2020-10-14,US,Minnesota,Goodhue,462,11,0,44.40849741,-92.72341949999999,27049.0,996.9788519637464,2.380952380952381,451,461,11,0,450,459,46403,1,0,0,1,2
2020-10-14,US,Minnesota,Grant,81,4,0,45.93424769,-96.01139609,27051.0,1356.3295378432683,4.938271604938271,77,82,4,0,78,80,6021,-1,0,0,-1,2
2020-10-14,US,Minnesota,Hennepin,30923,959,0,45.00761521,-93.47694895,27053.0,2442.877987238544,3.101251495650487,29964,30698,955,0,29743,30456,1259428,225,4,0,221,242
2020-10-14,US,Minnesota,Houston,168,1,0,43.67129565,-91.49143057,27055.0,903.2258064516127,0.5952380952380952,167,164,1,0,163,163,18578,4,0,0,4,1
2020-10-14,US,Minnesota,Hubbard,231,1,0,47.10778564,-94.91693868,27057.0,1074.8685496254243,0.4329004329004329,230,214,1,0,213,213,21332,17,0,0,17,1
2020-10-14,US,Minnesota,Isanti,445,3,0,45.56181234,-93.29487636,27059.0,1096.1671100601043,0.6741573033707865,442,437,1,0,436,423,39966,8,2,0,6,14
2020-10-14,US,Minnesota,Itasca,597,16,0,47.51009045,-93.63092229,27061.0,1322.8451141147796,2.680067001675042,581,585,16,0,569,569,45108,12,0,0,12,16
2020-10-14,US,Minnesota,Jackson,178,1,0,43.67423373,-95.15398258,27063.0,1807.84074751168,0.5617977528089888,177,176,1,0,175,172,9911,2,0,0,2,4
2020-10-14,US,Minnesota,Kanabec,166,9,0,45.9459309,-93.29275192,27065.0,1016.0984268837607,5.421686746987952,157,163,9,0,154,160,16207,3,0,0,3,3
2020-10-14,US,Minnesota,Kandiyohi,1378,4,0,45.1526059,-95.00586446,27067.0,3189.8886548299733,0.2902757619738752,1374,1349,4,0,1345,1331,42855,29,0,0,29,18
2020-10-14,US,Minnesota,Kittson,18,0,0,48.77754106,-96.78317184,27069.0,418.79944160074456,0.0,18,17,0,0,17,17,4248,1,0,0,1,0
2020-10-14,US,Minnesota,Koochiching,147,4,0,48.24539665,-93.78352843,27071.0,1202.0606754436176,2.7210884353741496,143,146,4,0,142,144,12440,1,0,0,1,2
2020-10-14,US,Minnesota,Lac qui Parle,112,2,0,44.9973857,-96.17488219,27073.0,1691.0765514117472,1.7857142857142858,110,107,2,0,105,105,6658,5,0,0,5,2
2020-10-14,US,Minnesota,Lake,90,0,0,47.64270764,-91.44557998,27075.0,845.785170566676,0.0,90,87,0,0,87,85,10658,3,0,0,3,2
2020-10-14,US,Minnesota,Lake of the Woods,39,1,0,48.77217001,-94.90274472,27077.0,1042.7807486631016,2.5641025641025643,38,39,1,0,38,37,3758,0,0,0,0,2
2020-10-14,US,Minnesota,Le Sueur,549,5,0,44.37136597,-93.72844721,27079.0,1900.508879426732,0.9107468123861566,544,546,5,0,541,546,28494,3,0,0,3,0
2020-10-14,US,Minnesota,Lincoln,150,0,0,44.41311883,-96.26688165,27081.0,2660.046107465863,0.0,150,149,0,0,149,147,5673,1,0,0,1,2
2020-10-14,US,Minnesota,Lyon,848,5,0,44.41327865,-95.83806103,27083.0,3328.8843526733144,0.589622641509434,843,842,5,0,837,838,25629,6,0,0,6,4
2020-10-14,US,Minnesota,Mahnomen,78,1,0,47.32557075,-95.80921485,27087.0,1411.253844762077,1.2820512820512822,77,76,1,0,75,76,5519,2,0,0,2,0
2020-10-14,US,Minnesota,Marshall,73,1,0,48.35825983,-96.37017407,27089.0,781.9194515852612,1.3698630136986298,72,70,1,0,69,70,9390,3,0,0,3,0
2020-10-14,US,Minnesota,Martin,558,16,0,43.67429718,-94.55099908,27091.0,2834.93369913123,2.867383512544803,542,551,16,0,535,548,19785,7,0,0,7,3
2020-10-14,US,Minnesota,McLeod,548,3,0,44.82367677,-94.27287017,27085.0,1526.7600924971446,0.5474452554744526,545,547,3,0,544,538,35873,1,0,0,1,9
2020-10-14,US,Minnesota,Meeker,279,3,0,45.12328869,-94.52839455,27093.0,1201.4469037981225,1.075268817204301,276,276,3,0,273,272,23141,3,0,0,3,4
2020-10-14,US,Minnesota,Mille Lacs,286,4,0,45.93705297,-93.63236823,27095.0,1088.4043079499181,1.3986013986013983,282,268,3,0,265,257,26139,18,1,0,17,11
2020-10-14,US,Minnesota,Morrison,467,4,0,46.01265363,-94.27341528,27097.0,1398.7899119391361,0.8565310492505354,463,444,3,0,441,440,33169,23,1,0,22,4
2020-10-14,US,Minnesota,Mower,1453,7,0,43.67142874,-92.75234549,27099.0,3626.8783385752085,0.4817618719889883,1446,1431,7,0,1424,1429,40011,22,0,0,22,2
2020-10-14,US,Minnesota,Murray,224,3,0,44.02216709,-95.76328482,27101.0,2733.707590920185,1.3392857142857142,221,219,3,0,216,218,8276,5,0,0,5,1
2020-10-14,US,Minnesota,Nicollet,637,17,0,44.35291112,-94.24710352,27103.0,1858.5516718212052,2.668759811616954,620,630,17,0,613,628,34220,7,0,0,7,2
2020-10-14,US,Minnesota,Nobles,2072,16,0,43.67434621,-95.75329576,27105.0,9579.730916824634,0.7722007722007722,2056,2064,16,0,2048,2057,21924,8,0,0,8,7
2020-10-14,US,Minnesota,Norman,86,0,0,47.32628443,-96.45620947,27107.0,1349.0196078431372,0.0,86,85,0,0,85,84,6475,1,0,0,1,1
2020-10-14,US,Minnesota,Olmsted,2884,29,0,44.00374114,-92.40209944,27109.0,1821.9377988919282,1.0055478502080444,2855,2861,28,0,2833,2848,156277,23,1,0,22,13
2020-10-14,US,Minnesota,Otter Tail,641,6,0,46.40846929,-95.70835255,27111.0,1091.1381200422156,0.93603744149766,635,615,6,0,609,602,58812,26,0,0,26,13
2020-10-14,US,Minnesota,Pennington,150,1,0,48.06642577,-96.0370814,27113.0,1062.3981868404278,0.6666666666666666,149,145,1,0,144,145,14178,5,0,0,5,0
2020-10-14,US,Minnesota,Pine,464,0,0,46.12105238,-92.74070188,27115.0,1568.6804827749418,0.0,464,461,0,0,461,457,29483,3,0,0,3,4
2020-10-14,US,Minnesota,Pipestone,310,16,0,44.02301619,-96.25841142,27117.0,3396.888012272628,5.161290322580644,294,305,15,0,290,306,9047,5,1,0,4,-1
2020-10-14,US,Minnesota,Polk,439,4,0,47.77372465,-96.40134647,27119.0,1399.693916592271,0.9111617312072892,435,417,4,0,413,405,31529,22,0,0,22,12
2020-10-14,US,Minnesota,Pope,130,0,0,45.58606667,-95.44451209,27121.0,1155.6582807360655,0.0,130,124,0,0,124,124,11097,6,0,0,6,0
2020-10-14,US,Minnesota,Ramsey,12656,337,0,45.01625271,-93.09872295,27123.0,2299.7486921269588,2.6627686472819216,12319,12532,335,0,12197,12423,550210,124,2,0,122,109
2020-10-14,US,Minnesota,Red Lake,49,2,0,47.87197525,-96.09561104,27125.0,1208.3847102342786,4.081632653061225,47,47,2,0,45,47,3999,2,0,0,2,0
2020-10-14,US,Minnesota,Redwood,220,9,0,44.40555844,-95.25207021,27127.0,1450.2307185234015,4.090909090909091,211,216,8,0,208,214,15249,4,1,0,3,2
2020-10-14,US,Minnesota,Renville,215,10,0,44.72836381,-94.94553734,27129.0,1477.8663733846577,4.651162790697675,205,210,10,0,200,208,14612,5,0,0,5,2
2020-10-14,US,Minnesota,Rice,1506,8,0,44.3543376,-93.29658715,27131.0,2248.7009496506007,0.5312084993359893,1498,1498,8,0,1490,1492,66523,8,0,0,8,6
2020-10-14,US,Minnesota,Rock,269,1,0,43.67482683,-96.25296832,27133.0,2887.8153515834674,0.3717472118959108,268,250,1,0,249,245,9414,19,0,0,19,5
2020-10-14,US,Minnesota,Roseau,158,0,0,48.77501878,-95.81079919,27135.0,1041.872733267392,0.0,158,158,0,0,158,158,15150,0,0,0,0,0
2020-10-14,US,Minnesota,Scott,2995,34,0,44.6490231,-93.53340251,27139.0,2009.8917544106887,1.1352253756260433,2961,2969,34,0,2935,2946,147381,26,0,0,26,23
2020-10-14,US,Minnesota,Sherburne,1413,18,0,45.44447208,-93.77617511,27141.0,1453.1356054217483,1.2738853503184713,1395,1381,16,0,1365,1365,96036,32,2,0,30,16
2020-10-14,US,Minnesota,Sibley,227,3,0,44.5796592,-94.23164924,27143.0,1527.0770265724852,1.3215859030837005,224,225,3,0,222,224,15028,2,0,0,2,1
2020-10-14,US,Minnesota,St. Louis,2348,55,0,47.604840700000004,-92.46879855,27137.0,1179.4846034058369,2.3424190800681437,2293,2299,55,0,2244,2226,199754,49,0,0,49,73
2020-10-14,US,Minnesota,Stearns,4841,33,0,45.55192576,-94.61078221,27145.0,3005.432252056496,0.6816773393926875,4808,4758,31,0,4727,4725,159256,83,2,0,81,33
2020-10-14,US,Minnesota,Steele,668,2,0,44.02240351,-93.22627088,27147.0,1822.696390078856,0.2994011976047904,666,659,2,0,657,657,36803,9,0,0,9,2
2020-10-14,US,Minnesota,Stevens,151,1,0,45.58613007,-96.00163705,27149.0,1540.03059663437,0.6622516556291391,150,147,1,0,146,146,9753,4,0,0,4,1
2020-10-14,US,Minnesota,Swift,178,1,0,45.2829032,-95.68264092,27151.0,1921.0015109000647,0.5617977528089888,177,174,1,0,173,173,9345,4,0,0,4,1
2020-10-14,US,Minnesota,Todd,619,2,0,46.06996226,-94.89785296,27153.0,2509.7307817061305,0.32310177705977383,617,605,2,0,603,597,24582,14,0,0,14,8
2020-10-14,US,Minnesota,Traverse,47,0,0,45.77298854,-96.47062949,27155.0,1442.1601718318502,0.0,47,46,0,0,46,44,3308,1,0,0,1,2
2020-10-14,US,Minnesota,Unassigned,182,59,0,0.0,0.0,90027.0,0.0,32.41758241758241,123,207,53,0,154,210,,-25,6,0,-31,-3
2020-10-14,US,Minnesota,Wabasha,283,0,0,44.28424356,-92.23121312,27157.0,1308.5494983122949,0.0,283,279,0,0,279,273,21645,4,0,0,4,6
2020-10-14,US,Minnesota,Wadena,143,0,0,46.58589171,-94.96968506,27159.0,1045.1688349656483,0.0,143,131,0,0,131,126,13773,12,0,0,12,5
2020-10-14,US,Minnesota,Waseca,881,9,0,44.02211116,-93.58720034,27161.0,4733.505265420159,1.021566401816118,872,878,9,0,869,877,18691,3,0,0,3,1
2020-10-14,US,Minnesota,Washington,4794,64,0,45.03864533,-92.88429635,27163.0,1826.7032464563326,1.3350020859407592,4730,4723,62,0,4661,4660,259201,71,2,0,69,63
2020-10-14,US,Minnesota,Watonwan,551,4,0,43.97823903,-94.61413846,27165.0,5056.4375516197115,0.7259528130671506,547,550,4,0,546,550,10980,1,0,0,1,0
2020-10-14,US,Minnesota,Wilkin,106,4,0,46.35721532,-96.4684375,27167.0,1707.7493152891896,3.7735849056603774,102,102,4,0,98,102,6254,4,0,0,4,0
2020-10-14,US,Minnesota,Winona,1095,18,0,43.98772283,-91.78081305,27169.0,2169.0040408842406,1.643835616438356,1077,1081,18,0,1063,1075,50825,14,0,0,14,6
2020-10-14,US,Minnesota,Wright,2125,11,0,45.17297924,-93.96234781,27171.0,1535.6598278615666,0.5176470588235295,2114,2093,10,0,2083,2063,136349,32,1,0,31,30
2020-10-14,US,Minnesota,Yellow Medicine,249,4,0,44.71710183,-95.86842453,27173.0,2564.630754969616,1.606425702811245,245,246,4,0,242,244,9795,3,0,0,3,2
2020-10-14,US,Mississippi,Adams,1008,41,0,31.47669768,-91.35326037,28001.0,3284.136448050044,4.067460317460317,967,1002,41,0,961,997,31192,6,0,0,6,5
2020-10-14,US,Mississippi,Alcorn,907,12,0,34.88084463,-88.57996173,28003.0,2454.4691905934565,1.323042998897464,895,901,12,0,889,896,36925,6,0,0,6,5
2020-10-14,US,Mississippi,Amite,397,13,0,31.17467303,-90.80501621,28005.0,3228.429698300399,3.2745591939546603,384,380,12,0,368,378,12326,17,1,0,16,2
2020-10-14,US,Mississippi,Attala,728,25,0,33.08658803,-89.57838564,28007.0,4005.722460658083,3.434065934065934,703,711,25,0,686,707,18365,17,0,0,17,4
2020-10-14,US,Mississippi,Benton,282,4,0,34.81681228,-89.18945516,28009.0,3414.456956047948,1.4184397163120568,278,280,4,0,276,276,8271,2,0,0,2,4
2020-10-14,US,Mississippi,Bolivar,1962,75,0,33.79696941,-90.87372121,28011.0,6405.903095207,3.82262996941896,1887,1959,75,0,1884,1943,31333,3,0,0,3,16
2020-10-14,US,Mississippi,Calhoun,578,12,0,33.93683395,-89.33686647,28013.0,4024.7893600724183,2.0761245674740483,566,574,12,0,562,574,14436,4,0,0,4,0
2020-10-14,US,Mississippi,Carroll,346,12,0,33.44834567,-89.91994479,28015.0,3478.435709259073,3.4682080924855487,334,343,12,0,331,343,9911,3,0,0,3,0
2020-10-14,US,Mississippi,Chickasaw,794,24,0,33.91983202,-88.9481545,28017.0,4642.460387066597,3.022670025188917,770,786,24,0,762,777,17171,8,0,0,8,9
2020-10-14,US,Mississippi,Choctaw,198,6,0,33.34598242,-89.24809382,28019.0,2411.69305724726,3.0303030303030303,192,198,6,0,192,197,8278,0,0,0,0,1
2020-10-14,US,Mississippi,Claiborne,524,16,0,31.97061673,-90.90702196,28021.0,5829.995549621717,3.053435114503817,508,523,16,0,507,519,9002,1,0,0,1,4
2020-10-14,US,Mississippi,Clarke,691,48,0,32.04158545,-88.68896219999998,28023.0,4446.303326684255,6.9464544138929085,643,674,48,0,626,657,15604,17,0,0,17,17
2020-10-14,US,Mississippi,Clay,651,21,0,33.65358105,-88.77784255,28025.0,3370.262994408781,3.2258064516129035,630,642,20,0,622,639,19386,9,1,0,8,3
2020-10-14,US,Mississippi,Coahoma,1215,35,0,34.22772299,-90.60415045,28027.0,5491.773639486531,2.8806584362139915,1180,1211,34,0,1177,1208,22628,4,1,0,3,3
2020-10-14,US,Mississippi,Copiah,1304,35,0,31.86977774,-90.44565118,28029.0,4646.356672011402,2.684049079754601,1269,1291,35,0,1256,1289,28543,13,0,0,13,2
2020-10-14,US,Mississippi,Covington,886,25,0,31.63225413,-89.55389939,28031.0,4754.239107104529,2.8216704288939054,861,883,25,0,858,878,18853,3,0,0,3,5
2020-10-14,US,Mississippi,DeSoto,6302,77,0,34.87625235,-89.99091418,28033.0,3407.499526886372,1.2218343383053,6225,6238,75,0,6163,6189,182001,64,2,0,62,49
2020-10-14,US,Mississippi,Forrest,2863,76,0,31.18961454,-89.25832496,28035.0,3822.5830140059015,2.654558155780649,2787,2845,76,0,2769,2831,75036,18,0,0,18,14
2020-10-14,US,Mississippi,Franklin,213,3,0,31.47786634,-90.89672989,28037.0,2761.571373006612,1.4084507042253518,210,212,3,0,209,212,7788,1,0,0,1,0
2020-10-14,US,Mississippi,George,908,16,0,30.86259065,-88.64436789,28039.0,3706.1224489795923,1.7621145374449338,892,896,16,0,880,867,24250,12,0,0,12,29
2020-10-14,US,Mississippi,Greene,439,17,0,31.21444233,-88.63922281,28041.0,3231.2674812306786,3.87243735763098,422,428,17,0,411,426,13586,11,0,0,11,2
2020-10-14,US,Mississippi,Grenada,1180,37,0,33.77036166,-89.80245083,28043.0,5684.5553521533875,3.135593220338983,1143,1175,36,0,1139,1169,21055,5,1,0,4,6
2020-10-14,US,Mississippi,Hancock,706,27,0,30.41830223,-89.48851033,28045.0,1482.1968424588513,3.8243626062322944,679,701,27,0,674,696,47334,5,0,0,5,5
2020-10-14,US,Mississippi,Harrison,4521,80,0,30.51359752,-89.12467576,28047.0,2172.7220299884657,1.7695200176952002,4441,4471,80,0,4391,4420,206650,50,0,0,50,51
2020-10-14,US,Mississippi,Hinds,7528,168,0,32.2656285,-90.44435448,28049.0,3247.066942719116,2.2316684378320937,7360,7497,167,0,7330,7476,237085,31,1,0,30,21
2020-10-14,US,Mississippi,Holmes,1123,60,0,33.12345854,-90.08923538,28051.0,6601.998824221048,5.3428317008014234,1063,1120,60,0,1060,1120,17622,3,0,0,3,0
2020-10-14,US,Mississippi,Humphreys,389,16,0,33.12825718,-90.52252707,28053.0,4823.908730158732,4.113110539845758,373,388,16,0,372,386,8257,1,0,0,1,2
2020-10-14,US,Mississippi,Issaquena,106,3,0,32.72531359,-90.97392828,28055.0,7987.942727957799,2.830188679245283,103,106,3,0,103,106,1308,0,0,0,0,0
2020-10-14,US,Mississippi,Itawamba,1040,24,0,34.27993475,-88.3606733,28057.0,4446.344591705857,2.3076923076923075,1016,1029,24,0,1005,1017,23517,11,0,0,11,12
2020-10-14,US,Mississippi,Jackson,4130,75,0,30.54020656,-88.64184064,28059.0,2875.7041297339447,1.815980629539952,4055,4083,74,0,4009,4029,143277,47,1,0,46,54
2020-10-14,US,Mississippi,Jasper,651,16,0,32.01922104,-89.11786866,28061.0,3973.6312030763597,2.457757296466974,635,644,16,0,628,637,16428,7,0,0,7,7
2020-10-14,US,Mississippi,Jefferson,255,10,0,31.73397872,-91.03764977,28063.0,3648.068669527897,3.92156862745098,245,255,10,0,245,254,7106,0,0,0,0,1
2020-10-14,US,Mississippi,Jefferson Davis,379,11,0,31.56884708,-89.82670990000004,28065.0,3405.823148813803,2.9023746701846966,368,379,11,0,368,377,11234,0,0,0,0,2
2020-10-14,US,Mississippi,Jones,2739,81,0,31.62257767,-89.16896899999998,28067.0,4022.144556374637,2.9572836801752462,2658,2720,81,0,2639,2708,68461,19,0,0,19,12
2020-10-14,US,Mississippi,Kemper,311,15,0,32.75462946,-88.64105766,28069.0,3192.362964483679,4.823151125401928,296,309,15,0,294,308,10027,2,0,0,2,1
2020-10-14,US,Mississippi,Lafayette,2376,42,0,34.35687874,-89.48490961,28071.0,4398.4523963790525,1.7676767676767675,2334,2362,42,0,2320,2350,54793,14,0,0,14,12
2020-10-14,US,Mississippi,Lamar,2035,38,0,31.20572971,-89.5077704,28073.0,3212.6675402175456,1.8673218673218672,1997,2012,37,0,1975,1997,62447,23,1,0,22,15
2020-10-14,US,Mississippi,Lauderdale,2278,129,0,32.40419769,-88.66229662,28075.0,3073.1871838111297,5.662862159789289,2149,2255,128,0,2127,2228,75317,23,1,0,22,27
2020-10-14,US,Mississippi,Lawrence,479,14,0,31.55147224,-90.10841127,28077.0,3805.815986016209,2.9227557411273484,465,474,14,0,460,469,12455,5,0,0,5,5
2020-10-14,US,Mississippi,Leake,1076,39,0,32.7536828,-89.52402044,28079.0,4722.197840779426,3.62453531598513,1037,1065,39,0,1026,1055,22763,11,0,0,11,10
2020-10-14,US,Mississippi,Lee,3290,78,0,34.291877500000005,-88.68149954,28081.0,3850.835713282457,2.370820668693009,3212,3239,78,0,3161,3208,85202,51,0,0,51,31
2020-10-14,US,Mississippi,Leflore,1553,84,0,33.55545125,-90.29900733,28083.0,5510.414079409573,5.408886027044431,1469,1547,83,0,1464,1532,28919,6,1,0,5,15
2020-10-14,US,Mississippi,Lincoln,1278,54,0,31.53288662,-90.45391915,28085.0,3741.984598717536,4.225352112676056,1224,1254,53,0,1201,1247,34205,24,1,0,23,7
2020-10-14,US,Mississippi,Lowndes,1698,61,0,33.47386518,-88.44191529999998,28087.0,2897.8581790255143,3.5924617196702004,1637,1693,60,0,1633,1688,58930,5,1,0,4,5
2020-10-14,US,Mississippi,Madison,3552,92,0,32.63389156,-90.03513564,28089.0,3342.3667570009034,2.5900900900900896,3460,3526,92,0,3434,3511,105630,26,0,0,26,15
2020-10-14,US,Mississippi,Marion,915,42,0,31.23132643,-89.8209217,28091.0,3723.599072152362,4.590163934426228,873,915,42,0,873,914,24715,0,0,0,0,1
2020-10-14,US,Mississippi,Marshall,1228,24,0,34.76216286,-89.50299462,28093.0,3479.344931149771,1.954397394136808,1204,1209,23,0,1186,1195,35451,19,1,0,18,14
2020-10-14,US,Mississippi,Monroe,1402,72,0,33.89236763,-88.4808438,28095.0,3977.079314648814,5.135520684736092,1330,1386,72,0,1314,1378,35564,16,0,0,16,8
2020-10-14,US,Mississippi,Montgomery,520,23,0,33.49419589,-89.61729103,28097.0,5319.693094629156,4.4230769230769225,497,515,23,0,492,511,10023,5,0,0,5,4
2020-10-14,US,Mississippi,Neshoba,1767,109,0,32.75339664,-89.11726492,28099.0,6068.411291984339,6.168647425014147,1658,1754,109,0,1645,1737,29125,13,0,0,13,17
2020-10-14,US,Mississippi,Newton,832,27,0,32.40021118,-89.11843336,28101.0,3958.511751831763,3.2451923076923075,805,824,27,0,797,820,21443,8,0,0,8,4
2020-10-14,US,Mississippi,Noxubee,588,16,0,33.11009499,-88.56949061,28103.0,5644.61937218009,2.7210884353741496,572,584,16,0,568,583,10535,4,0,0,4,1
2020-10-14,US,Mississippi,Oktibbeha,1913,54,0,33.42491685,-88.87905132,28105.0,3857.865972936455,2.822791427077888,1859,1904,53,0,1851,1901,49599,9,1,0,8,3
2020-10-14,US,Mississippi,Panola,1612,36,0,34.36398677,-89.95064249,28107.0,4714.553111839026,2.2332506203473947,1576,1608,35,0,1573,1605,34178,4,1,0,3,3
2020-10-14,US,Mississippi,Pearl River,1036,55,0,30.77090935,-89.58677275,28109.0,1865.4902313856128,5.308880308880309,981,1023,54,0,969,1016,55387,13,1,0,12,7
2020-10-14,US,Mississippi,Perry,465,21,0,31.17161885,-88.99281835,28111.0,3883.738411425708,4.516129032258065,444,462,21,0,441,460,11931,3,0,0,3,2
2020-10-14,US,Mississippi,Pike,1334,55,0,31.17507789,-90.40392572,28113.0,3395.438810832825,4.122938530734634,1279,1303,55,0,1248,1300,39563,31,0,0,31,3
2020-10-14,US,Mississippi,Pontotoc,1407,19,0,34.226046000000004,-89.03636807,28115.0,4373.0962889289485,1.3503909026297083,1388,1402,18,0,1384,1400,31833,5,1,0,4,2
2020-10-14,US,Mississippi,Prentiss,967,19,0,34.61810501,-88.51986294,28117.0,3848.6030406749987,1.9648397104446744,948,960,19,0,941,951,25315,7,0,0,7,9
2020-10-14,US,Mississippi,Quitman,407,6,0,34.25157572,-90.28908,28119.0,5992.343934040047,1.4742014742014742,401,407,6,0,401,407,7051,0,0,0,0,0
2020-10-14,US,Mississippi,Rankin,3658,86,0,32.26469147,-89.94537876,28121.0,2355.8810080440007,2.3510114816839804,3572,3630,84,0,3546,3595,153902,28,2,0,26,35
2020-10-14,US,Mississippi,Scott,1206,29,0,32.406704100000006,-89.53789439,28123.0,4288.152467643294,2.4046434494195688,1177,1202,29,0,1173,1199,28287,4,0,0,4,3
2020-10-14,US,Mississippi,Sharkey,273,14,0,32.88149103,-90.81595379999999,28125.0,6317.981948623004,5.128205128205129,259,271,14,0,257,271,4377,2,0,0,2,0
2020-10-14,US,Mississippi,Simpson,1161,48,0,31.91282117,-89.91716179,28127.0,4355.165428764349,4.134366925064599,1113,1156,48,0,1108,1145,26758,5,0,0,5,11
2020-10-14,US,Mississippi,Smith,573,16,0,32.01744532,-89.50644846,28129.0,3600.150791656195,2.7923211169284468,557,572,15,0,557,571,16002,1,1,0,0,1
2020-10-14,US,Mississippi,Stone,433,14,0,30.79187949,-89.11547539,28131.0,2361.474694589878,3.233256351039261,419,424,14,0,410,422,18717,9,0,0,9,2
2020-10-14,US,Mississippi,Sunflower,1545,49,0,33.60192578,-90.58882684,28133.0,6152.927120669056,3.1715210355987056,1496,1544,49,0,1495,1541,25735,1,0,0,1,3
2020-10-14,US,Mississippi,Tallahatchie,812,25,0,33.95339918,-90.1729398,28135.0,5880.2230429430065,3.078817733990148,787,809,24,0,785,803,13987,3,1,0,2,6
2020-10-14,US,Mississippi,Tate,1099,39,0,34.65133709,-89.94485778,28137.0,3880.512693760813,3.548680618744313,1060,1096,39,0,1057,1086,28759,3,0,0,3,10
2020-10-14,US,Mississippi,Tippah,812,19,0,34.76872156,-88.90988194,28139.0,3688.394276629571,2.3399014778325125,793,800,19,0,781,787,21995,12,0,0,12,13
2020-10-14,US,Mississippi,Tishomingo,766,40,0,34.74023475,-88.23917219,28141.0,3951.9166279729657,5.221932114882507,726,761,40,0,721,753,19454,5,0,0,5,8
2020-10-14,US,Mississippi,Tunica,515,17,0,34.64967704,-90.37481167,28143.0,5346.760797342193,3.300970873786408,498,514,17,0,497,514,9944,1,0,0,1,0
2020-10-14,US,Mississippi,Union,1102,24,0,34.49162015,-89.00776006,28145.0,3824.3970154433455,2.177858439201452,1078,1098,24,0,1074,1089,28606,4,0,0,4,9
2020-10-14,US,Mississippi,Walthall,628,27,0,31.14971548,-90.10446654,28147.0,4395.912081758365,4.2993630573248405,601,619,27,0,592,618,14465,9,0,0,9,1
2020-10-14,US,Mississippi,Warren,1481,54,0,32.35810271,-90.83352619,28149.0,3263.4803111434308,3.646185010128292,1427,1476,53,0,1423,1470,46176,5,1,0,4,6
2020-10-14,US,Mississippi,Washington,2456,93,0,33.28392041,-90.94196237,28151.0,5593.386321710811,3.786644951140065,2363,2422,91,0,2331,2402,45063,34,2,0,32,20
2020-10-14,US,Mississippi,Wayne,960,21,0,31.64135687,-88.69573913,28153.0,4756.47822424813,2.1875,939,959,21,0,938,956,20298,1,0,0,1,3
2020-10-14,US,Mississippi,Webster,360,13,0,33.61300486,-89.28392912,28155.0,3715.553720714212,3.611111111111111,347,360,13,0,347,360,9788,0,0,0,0,0
2020-10-14,US,Mississippi,Wilkinson,319,19,0,31.16078225,-91.31018819,28157.0,3696.4078794901507,5.956112852664576,300,318,19,0,299,316,8792,1,0,0,1,2
2020-10-14,US,Mississippi,Winston,798,21,0,33.08747908,-89.03391385,28159.0,4444.444444444444,2.631578947368421,777,794,21,0,773,791,18165,4,0,0,4,3
2020-10-14,US,Mississippi,Yalobusha,472,14,0,34.02824175,-89.70762049999998,28161.0,3898.2490915097455,2.9661016949152543,458,470,14,0,456,467,12392,2,0,0,2,3
2020-10-14,US,Mississippi,Yazoo,1126,33,0,32.77890365,-90.39656148,28163.0,3792.5227349275847,2.930728241563055,1093,1109,33,0,1076,1103,28248,17,0,0,17,6
2020-10-14,US,Missouri,Adair,424,0,0,40.19058551,-92.60078167,29001.0,1673.0458114666772,0.0,424,406,0,0,406,406,25339,18,0,0,18,0
2020-10-14,US,Missouri,Andrew,357,3,0,39.98492163,-94.80163024,29003.0,2015.5826558265585,0.8403361344537815,354,342,3,0,339,342,17607,15,0,0,15,0
2020-10-14,US,Missouri,Atchison,70,1,0,40.43238737,-95.42970639,29005.0,1361.0733035193464,1.4285714285714286,69,68,0,0,68,68,5171,2,1,0,1,0
2020-10-14,US,Missouri,Audrain,514,5,0,39.215877,-91.84242683,29007.0,2024.5785410430124,0.9727626459143968,509,483,5,0,478,483,25473,31,0,0,31,0
2020-10-14,US,Missouri,Barry,615,8,0,36.70978521,-93.82919888,29009.0,1718.4050965380427,1.3008130081300813,607,584,8,0,576,584,35886,31,0,0,31,0
2020-10-14,US,Missouri,Barton,357,2,0,37.50207671,-94.34757022,29011.0,3037.263910158244,0.5602240896358543,355,318,2,0,316,318,11798,39,0,0,39,0
2020-10-14,US,Missouri,Bates,208,3,0,38.25271289,-94.34113157,29013.0,1286.1736334405145,1.4423076923076923,205,186,3,0,183,186,16320,22,0,0,22,0
2020-10-14,US,Missouri,Benton,428,5,0,38.29503305,-93.28756116,29015.0,2201.306382759862,1.1682242990654206,423,421,5,0,416,421,19278,7,0,0,7,0
2020-10-14,US,Missouri,Bollinger,412,3,0,37.32449052,-90.02725304,29017.0,3395.6976840023076,0.7281553398058253,409,392,2,0,390,392,12169,20,1,0,19,0
2020-10-14,US,Missouri,Boone,5398,19,0,38.99186229,-92.30723575,29019.0,2991.1948709707813,0.3519822156354205,5379,5244,14,0,5230,5244,180005,154,5,0,149,0
2020-10-14,US,Missouri,Buchanan,2577,37,0,39.65816401,-94.80138942,29021.0,2949.7275765761638,1.4357780364765231,2540,2458,32,0,2426,2458,88571,119,5,0,114,0
2020-10-14,US,Missouri,Butler,881,9,0,36.71462476,-90.40421163,29023.0,2074.014784123546,1.021566401816118,872,834,8,0,826,834,42639,47,1,0,46,0
2020-10-14,US,Missouri,Caldwell,141,1,0,39.65620858,-93.98308093,29025.0,1563.1929046563193,0.7092198581560284,140,130,1,0,129,130,9108,11,0,0,11,0
2020-10-14,US,Missouri,Callaway,930,4,0,38.83674754,-91.92186505,29027.0,2078.53742484858,0.4301075268817205,926,858,4,0,854,858,44889,72,0,0,72,0
2020-10-14,US,Missouri,Camden,1359,21,0,38.02199522,-92.76083747,29029.0,2934.88824101069,1.5452538631346575,1338,1302,21,0,1281,1302,45815,57,0,0,57,0
2020-10-14,US,Missouri,Cape Girardeau,2327,30,0,37.38489388,-89.6843587,29031.0,2950.3873413548704,1.289213579716373,2297,2241,27,0,2214,2241,78753,86,3,0,83,0
2020-10-14,US,Missouri,Carroll,159,2,0,39.42762566,-93.50626255,29033.0,1832.0082958866226,1.2578616352201255,157,155,2,0,153,155,8743,4,0,0,4,0
2020-10-14,US,Missouri,Carter,141,3,0,36.94160441,-90.96051322,29035.0,2357.071213640923,2.127659574468085,138,137,3,0,134,137,6054,4,0,0,4,0
2020-10-14,US,Missouri,Cass,1795,28,0,38.64789422,-94.353399,29037.0,1696.9181319720176,1.5598885793871866,1767,1733,29,0,1704,1733,104954,62,-1,0,63,0
2020-10-14,US,Missouri,Cedar,196,3,0,37.72391475,-93.85445441,29039.0,1365.94884660952,1.5306122448979589,193,180,2,0,178,180,14165,16,1,0,15,0
2020-10-14,US,Missouri,Chariton,54,1,0,39.51499357,-92.9629191,29041.0,727.1747912739024,1.851851851851852,53,54,1,0,53,54,7451,0,0,0,0,0
2020-10-14,US,Missouri,Christian,1947,8,0,36.9711783,-93.18537118,29043.0,2197.6409503922337,0.4108885464817668,1939,1848,8,0,1840,1848,86983,99,0,0,99,0
2020-10-14,US,Missouri,Clark,92,0,0,40.41040752,-91.73661677,29045.0,1353.5383257319404,0.0,92,85,0,0,85,85,6842,7,0,0,7,0
2020-10-14,US,Missouri,Clay,2198,47,0,39.31132056,-94.41850862,29047.0,879.3829116456222,2.138307552320291,2151,1985,44,0,1941,1985,246365,213,3,0,210,0
2020-10-14,US,Missouri,Clinton,371,5,0,39.6013098,-94.40465394,29049.0,1819.7871192426544,1.3477088948787062,366,333,0,0,333,333,20470,38,5,0,33,0
2020-10-14,US,Missouri,Cole,2203,18,0,38.50455671,-92.27860244,29051.0,2870.545312398202,0.817067635043123,2185,2095,16,0,2079,2095,76796,108,2,0,106,0
2020-10-14,US,Missouri,Cooper,507,2,0,38.844478,-92.80896081,29053.0,2862.9510418431305,0.3944773175542407,505,515,3,0,512,515,17603,-8,-1,0,-7,0
2020-10-14,US,Missouri,Crawford,500,6,0,37.97663738,-91.30528104,29055.0,2090.3010033444816,1.2,494,481,7,0,474,481,23957,19,-1,0,20,0
2020-10-14,US,Missouri,Dade,121,0,0,37.431814,-93.8503345,29057.0,1600.3174183309086,0.0,121,107,0,0,107,107,7569,14,0,0,14,0
2020-10-14,US,Missouri,Dallas,253,1,0,37.681135499999996,-93.02127031,29059.0,1498.9927716554093,0.3952569169960474,252,242,1,0,241,242,16762,11,0,0,11,0
2020-10-14,US,Missouri,Daviess,187,2,0,39.96145298,-93.98519678,29061.0,2258.999758395748,1.0695187165775402,185,172,1,0,171,172,8313,15,1,0,14,0
2020-10-14,US,Missouri,DeKalb,205,2,0,39.89201062,-94.40476508,29063.0,1633.8566988124646,0.975609756097561,203,189,2,0,187,189,12630,16,0,0,16,0
2020-10-14,US,Missouri,Dent,215,2,0,37.60663134,-91.50790473,29065.0,1380.5946188916714,0.9302325581395348,213,197,2,0,195,197,15441,18,0,0,18,0
2020-10-14,US,Missouri,Douglas,251,3,0,36.9325593,-92.49905109,29067.0,1903.678422449753,1.195219123505976,248,248,3,0,245,248,13373,3,0,0,3,0
2020-10-14,US,Missouri,Dunklin,927,11,0,36.27167174,-90.09122243,29069.0,3182.177062236106,1.186623516720604,916,948,11,0,937,948,29423,-21,0,0,-21,0
2020-10-14,US,Missouri,Franklin,2155,35,0,38.41127108,-91.07522826,29071.0,2072.7730914617136,1.6241299303944317,2120,2073,33,0,2040,2073,103670,82,2,0,80,0
2020-10-14,US,Missouri,Gasconade,201,24,0,38.43947277,-91.50847147,29073.0,1366.7890656874745,11.940298507462687,177,186,24,0,162,186,14705,15,0,0,15,0
2020-10-14,US,Missouri,Gentry,164,10,0,40.21097916,-94.40944419,29075.0,2495.814944452899,6.097560975609755,154,148,10,0,138,148,6628,16,0,0,16,0
2020-10-14,US,Missouri,Greene,7941,100,0,37.2575872,-93.34230916,29077.0,2709.443644527545,1.2592872434202242,7841,7728,96,0,7632,7728,291923,213,4,0,209,0
2020-10-14,US,Missouri,Grundy,229,8,0,40.11406587,-93.56509276,29079.0,2324.8730964467004,3.4934497816593884,221,230,7,0,223,230,9914,-1,1,0,-2,0
2020-10-14,US,Missouri,Harrison,154,1,0,40.35570088,-93.99222144,29081.0,1843.8697318007667,0.6493506493506493,153,145,1,0,144,145,8414,9,0,0,9,0
2020-10-14,US,Missouri,Henry,308,5,0,38.38482826,-93.79293734,29083.0,1411.2903225806451,1.6233766233766234,303,289,5,0,284,289,21792,19,0,0,19,0
2020-10-14,US,Missouri,Hickory,161,3,0,37.94163617,-93.3203037,29085.0,1686.9237217099744,1.8633540372670807,158,150,3,0,147,150,9509,11,0,0,11,0
2020-10-14,US,Missouri,Holt,95,1,0,40.09799248,-95.21638879999999,29087.0,2157.619804678628,1.0526315789473684,94,95,1,0,94,95,4404,0,0,0,0,0
2020-10-14,US,Missouri,Howard,211,2,0,39.1435761,-92.69756691,29089.0,2109.789021097891,0.9478672985781992,209,200,2,0,198,200,10137,11,0,0,11,0
2020-10-14,US,Missouri,Howell,943,4,0,36.77383887,-91.88683935,29091.0,2350.624423561084,0.4241781548250265,939,881,4,0,877,881,40076,62,0,0,62,0
2020-10-14,US,Missouri,Iron,78,1,0,37.55487945,-90.7735296,29093.0,770.3703703703702,1.2820512820512822,77,73,0,0,73,73,10177,5,1,0,4,0
2020-10-14,US,Missouri,Jackson,8901,120,0,39.01002188,-94.34724536,29095.0,1266.1252811122442,1.3481631277384565,8781,8319,116,0,8203,8319,700307,582,4,0,578,0
2020-10-14,US,Missouri,Jasper,4558,61,0,37.20351921,-94.34050458,29097.0,3756.758538836872,1.338306274681878,4497,4646,59,0,4587,4646,120636,-88,2,0,-90,0
2020-10-14,US,Missouri,Jefferson,4930,71,0,38.25926778,-90.53870896,29099.0,2190.3225949769194,1.4401622718052738,4859,4846,69,0,4777,4846,224347,84,2,0,82,0
2020-10-14,US,Missouri,Johnson,1331,12,0,38.74719601,-93.80691168,29101.0,2461.9880877511005,0.9015777610818934,1319,1272,10,0,1262,1272,53652,59,2,0,57,0
2020-10-14,US,Missouri,Kansas City,12934,173,0,39.0997,-94.5786,0.0,2645.298122685057,1.3375599195917736,12761,13077,168,0,12909,13077,491918,-143,5,0,-148,0
2020-10-14,US,Missouri,Knox,57,1,0,40.12699751,-92.14780832,29103.0,1439.7575145238695,1.7543859649122806,56,55,1,0,54,55,3947,2,0,0,2,0
2020-10-14,US,Missouri,Laclede,991,15,0,37.65896829,-92.5888493,29105.0,2774.1231139601937,1.5136226034308782,976,920,12,0,908,920,35713,71,3,0,68,0
2020-10-14,US,Missouri,Lafayette,703,19,0,39.06986886,-93.78076396,29107.0,2149.3212669683253,2.702702702702702,684,673,19,0,654,673,32598,30,0,0,30,0
2020-10-14,US,Missouri,Lawrence,880,14,0,37.10626634,-93.83293097,29109.0,2294.355364359275,1.5909090909090908,866,823,13,0,810,823,38359,57,1,0,56,0
2020-10-14,US,Missouri,Lewis,151,2,0,40.09673161,-91.72070156,29111.0,1544.5990180032736,1.3245033112582782,149,150,2,0,148,150,9855,1,0,0,1,0
2020-10-14,US,Missouri,Lincoln,985,3,0,39.05345619,-90.95588181,29113.0,1669.1237523935406,0.3045685279187817,982,948,3,0,945,948,57686,37,0,0,37,0
2020-10-14,US,Missouri,Linn,142,1,0,39.87001769,-93.10704106,29115.0,1191.275167785235,0.7042253521126759,141,144,1,0,143,144,12037,-2,0,0,-2,0
2020-10-14,US,Missouri,Livingston,525,4,0,39.78110272,-93.54645978,29117.0,3447.8229460826165,0.7619047619047619,521,518,5,0,513,518,15146,7,-1,0,8,0
2020-10-14,US,Missouri,Macon,187,0,0,39.83049768,-92.56453089,29121.0,1237.0179268373356,0.0,187,182,0,0,182,182,15153,5,0,0,5,0
2020-10-14,US,Missouri,Madison,398,1,0,37.47865134,-90.34671429999999,29123.0,3292.521508934481,0.25125628140703515,397,367,1,0,366,367,12188,31,0,0,31,0
2020-10-14,US,Missouri,Maries,119,0,0,38.16193985,-91.92249662,29125.0,1368.2879153731171,0.0,119,109,0,0,109,109,8769,10,0,0,10,0
2020-10-14,US,Missouri,Marion,781,14,0,39.80601912,-91.62203062,29127.0,2737.469330529268,1.792573623559539,767,765,14,0,751,765,28592,16,0,0,16,0
2020-10-14,US,Missouri,McDonald,1167,13,0,36.62869595,-94.34867205,29119.0,5110.128300564873,1.1139674378748932,1154,1138,12,0,1126,1138,23078,29,1,0,28,0
2020-10-14,US,Missouri,Mercer,31,0,0,40.42212303,-93.56829590000001,29129.0,857.0638650815595,0.0,31,32,0,0,32,32,3641,-1,0,0,-1,0
2020-10-14,US,Missouri,Miller,668,3,0,38.21450288,-92.42610898,29131.0,2607.4397907802804,0.4491017964071856,665,633,3,0,630,633,25336,35,0,0,35,0
2020-10-14,US,Missouri,Mississippi,348,4,0,36.82516239,-89.29505753,29133.0,2640.364188163885,1.1494252873563218,344,344,4,0,340,344,13336,4,0,0,4,0
2020-10-14,US,Missouri,Moniteau,435,6,0,38.63571781,-92.57976951,29135.0,2696.503843292834,1.3793103448275863,429,399,5,0,394,399,16121,36,1,0,35,0
2020-10-14,US,Missouri,Monroe,109,1,0,39.49593978,-92.00043978,29137.0,1260.9902822767235,0.9174311926605504,108,100,1,0,99,100,8664,9,0,0,9,0
2020-10-14,US,Missouri,Montgomery,96,1,0,38.94022054,-91.47000721,29139.0,831.0968747294606,1.0416666666666667,95,90,1,0,89,90,11534,6,0,0,6,0
2020-10-14,US,Missouri,Morgan,526,5,0,38.4181765,-92.88791859,29141.0,2550.0557521694864,0.9505703422053232,521,497,5,0,492,497,20358,29,0,0,29,0
2020-10-14,US,Missouri,New Madrid,661,17,0,36.59666326,-89.66070007,29143.0,3870.929960178028,2.571860816944024,644,653,17,0,636,653,17296,8,0,0,8,0
2020-10-14,US,Missouri,Newton,1813,16,0,36.90519407,-94.3394104,29145.0,3113.1945875403526,0.8825151682294542,1797,1521,14,0,1507,1521,58266,292,2,0,290,0
2020-10-14,US,Missouri,Nodaway,944,10,0,40.36079813,-94.88133008,29147.0,4273.040014484882,1.0593220338983051,934,910,10,0,900,910,22304,34,0,0,34,0
2020-10-14,US,Missouri,Oregon,189,0,0,36.68710164,-91.4033755,29149.0,1795.0422642226233,0.0,189,173,0,0,173,173,10541,16,0,0,16,0
2020-10-14,US,Missouri,Osage,293,3,0,38.46036182,-91.8613635,29151.0,2152.0381931692987,1.023890784982935,290,250,3,0,247,250,13714,43,0,0,43,0
2020-10-14,US,Missouri,Ozark,162,1,0,36.64916339,-92.44459066,29153.0,1765.8600392413339,0.6172839506172839,161,158,1,0,157,158,9017,4,0,0,4,0
2020-10-14,US,Missouri,Pemiscot,628,12,0,36.2130572,-89.78742322,29155.0,3973.426130971212,1.9108280254777068,616,616,11,0,605,616,16272,12,1,0,11,0
2020-10-14,US,Missouri,Perry,721,8,0,37.70660776,-89.82741088,29157.0,3767.767558528428,1.1095700416088763,713,707,8,0,699,707,19150,14,0,0,14,0
2020-10-14,US,Missouri,Pettis,1309,13,0,38.72798918,-93.28471706,29159.0,3091.7121330215637,0.9931245225362872,1296,1301,13,0,1288,1301,42542,8,0,0,8,0
2020-10-14,US,Missouri,Phelps,687,18,0,37.87736118,-91.79351727,29161.0,1541.2918134296551,2.6200873362445414,669,589,15,0,574,589,44732,98,3,0,95,0
2020-10-14,US,Missouri,Pike,287,4,0,39.34310674,-91.16980779,29163.0,1568.134630095071,1.3937282229965158,283,275,4,0,271,275,18504,12,0,0,12,0
2020-10-14,US,Missouri,Platte,859,12,0,39.38154439,-94.77068479,29165.0,822.6550977800763,1.3969732246798603,847,802,12,0,790,802,102985,57,0,0,57,0
2020-10-14,US,Missouri,Polk,823,9,0,37.616229600000004,-93.39828174,29167.0,2559.9552085601417,1.0935601458080195,814,792,7,0,785,792,32201,31,2,0,29,0
2020-10-14,US,Missouri,Pulaski,846,8,0,37.82462075,-92.20783203,29169.0,1608.1510065200448,0.9456264775413712,838,819,8,0,811,819,52014,27,0,0,27,0
2020-10-14,US,Missouri,Putnam,45,1,0,40.47942497,-93.02042674,29171.0,958.2623509369677,2.2222222222222223,44,41,1,0,40,41,4757,4,0,0,4,0
2020-10-14,US,Missouri,Ralls,172,0,0,39.52817427,-91.51838643,29173.0,1668.4450480162964,0.0,172,168,0,0,168,168,10212,4,0,0,4,0
2020-10-14,US,Missouri,Randolph,443,2,0,39.44007257,-92.49713740000001,29175.0,1790.0436398900922,0.4514672686230248,441,414,2,0,412,414,24763,29,0,0,29,0
2020-10-14,US,Missouri,Ray,215,2,0,39.353746799999996,-93.98905745,29177.0,934.0516117820836,0.9302325581395348,213,208,2,0,206,208,22883,7,0,0,7,0
2020-10-14,US,Missouri,Reynolds,50,0,0,37.36085952,-90.97009925,29179.0,797.4481658692184,0.0,50,45,0,0,45,45,6254,5,0,0,5,0
2020-10-14,US,Missouri,Ripley,192,3,0,36.65460667,-90.85990261,29181.0,1444.9127031908488,1.5625,189,161,1,0,160,161,13401,31,2,0,29,0
2020-10-14,US,Missouri,Saline,857,9,0,39.13734288,-93.20259964,29195.0,3765.212424761654,1.0501750291715286,848,852,9,0,843,852,22895,5,0,0,5,0
2020-10-14,US,Missouri,Schuyler,32,0,0,40.46921489,-92.52311943,29197.0,686.6952789699569,0.0,32,31,0,0,31,31,4599,1,0,0,1,0
2020-10-14,US,Missouri,Scotland,45,1,0,40.45214695,-92.14709064,29199.0,917.9926560587517,2.2222222222222223,44,45,1,0,44,45,4966,0,0,0,0,0
2020-10-14,US,Missouri,Scott,1151,18,0,37.05588075,-89.56474493,29201.0,3006.7920585161964,1.5638575152041705,1133,1114,17,0,1097,1114,38458,37,1,0,36,0
2020-10-14,US,Missouri,Shannon,179,2,0,37.15772072,-91.40190382,29203.0,2192.015674748959,1.11731843575419,177,174,2,0,172,174,8189,5,0,0,5,0
2020-10-14,US,Missouri,Shelby,88,1,0,39.79742518,-92.07634971,29205.0,1483.9797639123105,1.1363636363636365,87,86,1,0,85,86,6050,2,0,0,2,0
2020-10-14,US,Missouri,St. Charles,9086,135,0,38.77875681,-90.66662425,29183.0,2260.075319261135,1.4858023332599604,8951,8676,127,0,8549,8676,399182,410,8,0,402,0
2020-10-14,US,Missouri,St. Clair,97,1,0,38.03699437,-93.77631447,29185.0,1032.244333297861,1.0309278350515465,96,91,0,0,91,91,9395,6,1,0,5,0
2020-10-14,US,Missouri,St. Francois,2505,19,0,37.81214171,-90.47598685,29187.0,3726.846686007588,0.7584830339321357,2486,2467,18,0,2449,2467,66692,38,1,0,37,0
2020-10-14,US,Missouri,St. Louis,26881,872,0,38.63770039999999,-90.4458375,29189.0,2703.7683375159045,3.243926937241918,26009,26675,839,0,25836,26517,996945,206,33,0,173,158
2020-10-14,US,Missouri,St. Louis City,7705,232,0,38.63555736,-90.24349225,29510.0,2563.411583093793,3.011031797534069,7473,7649,217,0,7432,7602,302838,56,15,0,41,47
2020-10-14,US,Missouri,Ste. Genevieve,258,1,0,37.89090059,-90.1949941,29186.0,1441.824075108975,0.3875968992248062,257,249,1,0,248,249,17888,9,0,0,9,0
2020-10-14,US,Missouri,Stoddard,693,15,0,36.85571651,-89.9444155,29207.0,2387.5968992248063,2.1645021645021645,678,665,15,0,650,665,29206,28,0,0,28,0
2020-10-14,US,Missouri,Stone,597,7,0,36.75000327,-93.45256475,29209.0,1868.4276414621934,1.1725293132328307,590,570,6,0,564,570,31749,27,1,0,26,0
2020-10-14,US,Missouri,Sullivan,259,1,0,40.2099105,-93.11150106,29211.0,4253.572015109214,0.3861003861003861,258,247,0,0,247,247,6221,12,1,0,11,0
2020-10-14,US,Missouri,Taney,1479,33,0,36.65465345,-93.04075153,29213.0,2644.471463309969,2.231237322515213,1446,1480,38,0,1442,1480,55852,-1,-5,0,4,0
2020-10-14,US,Missouri,Texas,489,2,0,37.31728859,-91.96564727,29215.0,1925.3484526340656,0.40899795501022496,487,458,2,0,456,458,25571,31,0,0,31,0
2020-10-14,US,Missouri,Vernon,268,3,0,37.8457799,-94.34127305,29217.0,1303.311773573895,1.1194029850746268,265,255,2,0,253,255,20528,13,1,0,12,0
2020-10-14,US,Missouri,Warren,546,2,0,38.76529479,-91.16124662,29219.0,1531.599764369267,0.3663003663003663,544,524,1,0,523,524,34711,22,1,0,21,0
2020-10-14,US,Missouri,Washington,551,11,0,37.96130078,-90.87948158,29221.0,2228.0630812778004,1.996370235934664,540,544,12,0,532,544,24943,7,-1,0,8,0
2020-10-14,US,Missouri,Wayne,269,1,0,37.11303869,-90.46001416,29223.0,2089.6449933970325,0.3717472118959108,268,260,1,0,259,260,13122,9,0,0,9,0
2020-10-14,US,Missouri,Webster,962,6,0,37.2813734,-92.876329,29225.0,2429.783794706001,0.6237006237006237,956,920,6,0,914,920,39109,42,0,0,42,0
2020-10-14,US,Missouri,Worth,24,0,0,40.47945588,-94.42328751,29227.0,1192.2503725782415,0.0,24,22,0,0,22,22,2040,2,0,0,2,0
2020-10-14,US,Missouri,Wright,521,0,0,37.27029221,-92.46914488,29229.0,2848.706872983761,0.0,521,486,0,0,486,486,18378,35,0,0,35,0
2020-10-14,US,Montana,Beaverhead,213,1,0,45.13434354,-112.89846940000001,30001.0,2253.2529355760075,0.4694835680751174,212,212,1,0,211,213,9404,1,0,0,1,-1
2020-10-14,US,Montana,Big Horn,1072,30,0,45.42335905,-107.492347,30003.0,8048.652301223816,2.7985074626865667,1042,1054,30,0,1024,1046,13338,18,0,0,18,8
2020-10-14,US,Montana,Blaine,155,2,0,48.43175214,-108.9582723,30005.0,2320.011974255351,1.2903225806451613,153,146,2,0,144,145,6807,9,0,0,9,1
2020-10-14,US,Montana,Broadwater,26,0,0,46.33277565,-111.49558130000001,30007.0,416.8670835337501,0.0,26,25,0,0,25,25,6085,1,0,0,1,0
2020-10-14,US,Montana,Carbon,182,0,0,45.22850116,-109.0274047,30009.0,1696.969696969697,0.0,182,172,0,0,172,163,10714,10,0,0,10,9
2020-10-14,US,Montana,Carter,11,0,0,45.5197966,-104.53955359999999,30011.0,878.5942492012781,0.0,11,11,0,0,11,9,1238,0,0,0,0,2
2020-10-14,US,Montana,Cascade,1178,6,0,47.30797024,-111.3467922,30013.0,1447.7791706609644,0.5093378607809848,1172,1061,6,0,1055,1039,81643,117,0,0,117,22
2020-10-14,US,Montana,Chouteau,48,0,0,47.88084126,-110.4353362,30015.0,851.8189884649513,0.0,48,47,0,0,47,47,5745,1,0,0,1,0
2020-10-14,US,Montana,Custer,156,2,0,46.25319932,-105.57375259999998,30017.0,1368.181020873531,1.2820512820512822,154,148,2,0,146,144,11586,8,0,0,8,4
2020-10-14,US,Montana,Daniels,11,0,0,48.78420029,-105.54763429999998,30019.0,650.887573964497,0.0,11,11,0,0,11,11,1747,0,0,0,0,0
2020-10-14,US,Montana,Dawson,138,1,0,47.26584855,-104.89444170000002,30021.0,1602.229188436085,0.7246376811594203,137,129,2,0,127,125,8680,9,-1,0,10,4
2020-10-14,US,Montana,Deer Lodge,271,0,0,46.05953325,-113.073353,30023.0,2964.989059080963,0.0,271,267,0,0,267,267,9131,4,0,0,4,0
2020-10-14,US,Montana,Fallon,27,0,0,46.33478338,-104.41835649999999,30025.0,948.6999297259313,0.0,27,27,0,0,27,27,2920,0,0,0,0,0
2020-10-14,US,Montana,Fergus,134,1,0,47.26331584,-109.2245206,30027.0,1212.6696832579185,0.746268656716418,133,129,1,0,128,124,11113,5,0,0,5,5
2020-10-14,US,Montana,Flathead,2209,23,0,48.29575866,-114.05205690000001,30029.0,2128.0080149509663,1.041195110909914,2186,2140,23,0,2117,2095,102106,69,0,0,69,45
2020-10-14,US,Montana,Gallatin,2012,4,0,45.54486106,-111.1692571,30031.0,1758.2187112221893,0.1988071570576541,2008,1956,4,0,1952,1918,111876,56,0,0,56,38
2020-10-14,US,Montana,Garfield,19,0,0,47.27545948,-107.0002351,30033.0,1510.3338632750394,0.0,19,18,0,0,18,18,1268,1,0,0,1,0
2020-10-14,US,Montana,Glacier,678,1,0,48.70513576,-112.9934235,30035.0,4929.833490874718,0.14749262536873156,677,673,1,0,672,669,13747,5,0,0,5,4
2020-10-14,US,Montana,Golden Valley,5,0,0,46.3816474,-109.17685220000001,30037.0,609.0133982947625,0.0,5,5,0,0,5,5,826,0,0,0,0,0
2020-10-14,US,Montana,Granite,41,0,0,46.40605220000001,-113.4414186,30039.0,1213.3767386800828,0.0,41,40,0,0,40,40,3378,1,0,0,1,0
2020-10-14,US,Montana,Hill,433,8,0,48.62879827,-110.1129252,30041.0,2626.789614171317,1.8475750577367205,425,400,5,0,395,376,16347,33,3,0,30,24
2020-10-14,US,Montana,Jefferson,112,0,0,46.14907081,-112.094396,30043.0,916.4552818918255,0.0,112,111,0,0,111,109,12097,1,0,0,1,2
2020-10-14,US,Montana,Judith Basin,11,0,0,47.04581276,-110.26606880000001,30045.0,548.0817140009965,0.0,11,11,0,0,11,9,1952,0,0,0,0,2
2020-10-14,US,Montana,Lake,372,1,0,47.64514965,-114.0898013,30047.0,1221.3539956661632,0.26881720430107525,371,370,1,0,369,358,30250,2,0,0,2,12
2020-10-14,US,Montana,Lewis and Clark,511,3,0,47.12610041,-112.39469799999999,30049.0,735.9718861620003,0.5870841487279843,508,489,3,0,486,467,68700,22,0,0,22,22
2020-10-14,US,Montana,Liberty,27,0,0,48.56084317,-111.02430700000001,30051.0,1155.3273427471115,0.0,27,27,0,0,27,27,2430,0,0,0,0,0
2020-10-14,US,Montana,Lincoln,208,3,0,48.54265777,-115.4046155,30053.0,1041.0410410410414,1.4423076923076923,205,197,3,0,194,192,19794,11,0,0,11,5
2020-10-14,US,Montana,Madison,126,1,0,45.30080065,-111.9173017,30057.0,1465.1162790697674,0.7936507936507936,125,126,1,0,125,126,8768,0,0,0,0,0
2020-10-14,US,Montana,McCone,36,0,0,47.64469406,-105.79449939999999,30055.0,2163.4615384615386,0.0,36,35,0,0,35,35,1675,1,0,0,1,0
2020-10-14,US,Montana,Meagher,43,2,0,46.59907074,-110.8898557,30059.0,2309.344790547798,4.651162790697675,41,43,2,0,41,43,1866,0,0,0,0,0
2020-10-14,US,Montana,Mineral,9,0,0,47.15283992,-115.00152390000001,30061.0,204.68501250852853,0.0,9,9,0,0,9,9,4316,0,0,0,0,0
2020-10-14,US,Montana,Missoula,1447,5,0,47.03728583,-113.92135079999998,30063.0,1209.8662207357859,0.3455425017277125,1442,1393,5,0,1388,1354,118791,54,0,0,54,39
2020-10-14,US,Montana,Musselshell,49,1,0,46.49684637,-108.39498,30065.0,1057.6300453270019,2.0408163265306123,48,49,1,0,48,46,4651,0,0,0,0,3
2020-10-14,US,Montana,Park,161,0,0,45.48965095,-110.52643940000002,30067.0,969.5290858725765,0.0,161,155,0,0,155,155,16736,6,0,0,6,0
2020-10-14,US,Montana,Petroleum,3,0,0,47.118246299999996,-108.2508876,30069.0,616.0164271047228,0.0,3,3,0,0,3,3,513,0,0,0,0,0
2020-10-14,US,Montana,Phillips,132,0,0,48.25936577,-107.9128511,30071.0,3338.391502276176,0.0,132,131,0,0,131,131,4074,1,0,0,1,0
2020-10-14,US,Montana,Pondera,120,1,0,48.22773388,-112.22527029999999,30073.0,2030.113347995263,0.8333333333333334,119,118,1,0,117,113,5972,2,0,0,2,5
2020-10-14,US,Montana,Powder River,39,0,0,45.39617714,-105.636738,30075.0,2318.6682520808567,0.0,39,38,0,0,38,38,1716,1,0,0,1,0
2020-10-14,US,Montana,Powell,27,0,0,46.85538891,-112.93591640000001,30077.0,391.87227866473154,0.0,27,27,0,0,27,23,6968,0,0,0,0,4
2020-10-14,US,Montana,Prairie,28,0,0,46.86048047,-105.379384,30079.0,2599.8142989786443,0.0,28,28,0,0,28,28,1087,0,0,0,0,0
2020-10-14,US,Montana,Ravalli,262,2,0,46.08520862,-114.11891640000002,30081.0,598.0915856275396,0.7633587786259542,260,235,2,0,233,235,43172,27,0,0,27,0
2020-10-14,US,Montana,Richland,166,2,0,47.78668011,-104.5610786,30083.0,1536.6102008701291,1.2048192771084338,164,167,2,0,165,162,10913,-1,0,0,-1,5
2020-10-14,US,Montana,Roosevelt,703,13,0,48.29607488,-105.00792679999999,30085.0,6388.58596873864,1.8492176386913228,690,694,10,0,684,634,11059,9,3,0,6,60
2020-10-14,US,Montana,Rosebud,709,20,0,46.23397237,-106.72928799999998,30087.0,7933.310954458991,2.8208744710860367,689,708,20,0,688,705,9063,1,0,0,1,3
2020-10-14,US,Montana,Sanders,82,1,0,47.67657534,-115.1329916,30089.0,676.9586394782465,1.2195121951219512,81,74,1,0,73,74,11844,8,0,0,8,0
2020-10-14,US,Montana,Sheridan,34,0,0,48.72085833,-104.50382900000001,30091.0,1027.5007555152617,0.0,34,34,0,0,34,33,3424,0,0,0,0,1
2020-10-14,US,Montana,Silver Bow,390,0,0,45.90018933,-112.6620092,30093.0,1116.9984247458112,0.0,390,387,0,0,387,359,34993,3,0,0,3,28
2020-10-14,US,Montana,Stillwater,124,3,0,45.67071407,-109.3950061,30095.0,1286.0402406139806,2.419354838709677,121,124,3,0,121,116,9534,0,0,0,0,8
2020-10-14,US,Montana,Sweet Grass,57,2,0,45.81367654,-109.9425686,30097.0,1525.2876639015253,3.5087719298245608,55,56,2,0,54,56,3710,1,0,0,1,0
2020-10-14,US,Montana,Teton,59,0,0,47.83741052,-112.24106880000001,30099.0,959.8177972994957,0.0,59,56,0,0,56,56,6162,3,0,0,3,0
2020-10-14,US,Montana,Toole,288,6,0,48.65577551,-111.69424140000001,30101.0,6081.081081081082,2.083333333333333,282,286,6,0,280,273,4853,2,0,0,2,13
2020-10-14,US,Montana,Treasure,10,0,0,46.20973220000001,-107.26665159999999,30103.0,1436.7816091954026,0.0,10,10,0,0,10,10,679,0,0,0,0,0
2020-10-14,US,Montana,Valley,200,2,0,48.36435097,-106.6669635,30105.0,2704.164413196322,1.0,198,189,2,0,187,186,7437,11,0,0,11,3
2020-10-14,US,Montana,Wheatland,53,1,0,46.46652491,-109.84646359999999,30107.0,2492.944496707432,1.8867924528301887,52,49,1,0,48,34,2236,4,0,0,4,15
2020-10-14,US,Montana,Wibaux,34,0,0,46.95925154,-104.2510927,30109.0,3508.771929824561,0.0,34,31,0,0,31,31,1034,3,0,0,3,0
2020-10-14,US,Montana,Yellowstone,4559,77,0,45.93955949,-108.26914860000001,30111.0,2826.4104153750777,1.6889668787014696,4482,4480,74,0,4406,4389,160137,79,3,0,76,91
2020-10-14,US,Nebraska,Adams,681,12,0,40.52449420000001,-98.50117804,31001.0,2171.348404170519,1.7621145374449338,669,662,12,0,650,655,31511,19,0,0,19,7
2020-10-14,US,Nebraska,Antelope,131,1,0,42.17695516,-98.06662829999999,31003.0,2080.0254048904408,0.7633587786259542,130,128,1,0,127,128,6336,3,0,0,3,0
2020-10-14,US,Nebraska,Arthur,3,0,0,41.56896142,-101.6959559,31005.0,647.9481641468683,0.0,3,3,0,0,3,3,465,0,0,0,0,0
2020-10-14,US,Nebraska,Banner,2,0,0,41.54634427,-103.7114332,31007.0,268.4563758389262,0.0,2,2,0,0,2,2,730,0,0,0,0,0
2020-10-14,US,Nebraska,Blaine,3,0,0,41.91311716,-99.97677845,31009.0,645.1612903225806,0.0,3,3,0,0,3,2,476,0,0,0,0,1
2020-10-14,US,Nebraska,Boone,120,0,0,41.70759415,-98.06737183,31011.0,2311.248073959938,0.0,120,117,0,0,117,114,5239,3,0,0,3,3
2020-10-14,US,Nebraska,Box Butte,133,1,0,42.22079243,-103.08788340000001,31013.0,1233.4229806176388,0.7518796992481203,132,127,1,0,126,126,10772,6,0,0,6,1
2020-10-14,US,Nebraska,Boyd,47,0,0,42.899727399999996,-98.76486568,31015.0,2449.192287649817,0.0,47,44,0,0,44,42,1955,3,0,0,3,2
2020-10-14,US,Nebraska,Brown,62,0,0,42.43018907,-99.92904055,31017.0,2098.1387478849406,0.0,62,62,0,0,62,62,2973,0,0,0,0,0
2020-10-14,US,Nebraska,Buffalo,1447,6,0,40.85486962,-99.07500296,31019.0,2913.872611208441,0.41465100207325506,1441,1421,6,0,1415,1410,49615,26,0,0,26,11
2020-10-14,US,Nebraska,Burt,98,1,0,41.85056773,-96.32605633,31021.0,1517.262734169376,1.020408163265306,97,96,1,0,95,96,6488,2,0,0,2,0
2020-10-14,US,Nebraska,Butler,181,1,0,41.22703692,-97.13106306,31023.0,2257.984031936128,0.5524861878453039,180,177,1,0,176,174,8058,4,0,0,4,3
2020-10-14,US,Nebraska,Cass,430,3,0,40.90899107,-96.13971217,31025.0,1638.2200548613225,0.6976744186046512,427,420,3,0,417,412,26159,10,0,0,10,8
2020-10-14,US,Nebraska,Cedar,122,0,0,42.598885100000004,-97.25311951,31027.0,1452.0352297072125,0.0,122,117,0,0,117,116,8446,5,0,0,5,1
2020-10-14,US,Nebraska,Chase,105,0,0,40.523719799999995,-101.69780259999999,31029.0,2675.840978593272,0.0,105,98,0,0,98,92,3977,7,0,0,7,6
2020-10-14,US,Nebraska,Cherry,58,4,0,42.54502621,-101.1244332,31031.0,1019.511337669186,6.896551724137932,54,56,4,0,52,55,5761,2,0,0,2,1
2020-10-14,US,Nebraska,Cheyenne,61,1,0,41.21999357,-102.9941693,31033.0,684.6240179573513,1.639344262295082,60,56,0,0,56,52,9310,5,1,0,4,4
2020-10-14,US,Nebraska,Clay,115,0,0,40.52439441,-98.05126296,31035.0,1853.9416411413833,0.0,115,109,0,0,109,105,6214,6,0,0,6,4
2020-10-14,US,Nebraska,Colfax,836,5,0,41.57486951,-97.0868542,31037.0,7806.517882155196,0.5980861244019139,831,830,5,0,825,827,10881,6,0,0,6,3
2020-10-14,US,Nebraska,Cuming,226,1,0,41.91637624,-96.78730772,31039.0,2554.827040470269,0.4424778761061947,225,219,1,0,218,212,8940,7,0,0,7,7
2020-10-14,US,Nebraska,Custer,153,4,0,41.39374521,-99.72805369,31041.0,1419.6900807274747,2.6143790849673203,149,148,4,0,144,145,10840,5,0,0,5,3
2020-10-14,US,Nebraska,Dakota,2418,44,0,42.39040144,-96.56656425,31043.0,12074.303405572757,1.8196856906534329,2374,2404,44,0,2360,2395,20083,14,0,0,14,9
2020-10-14,US,Nebraska,Dawes,178,0,0,42.71985036,-103.1313774,31045.0,2072.418209337525,0.0,178,170,0,0,170,168,8716,8,0,0,8,2
2020-10-14,US,Nebraska,Dawson,1165,14,0,40.87028216,-99.82014609999999,31047.0,4937.486755668574,1.201716738197425,1151,1158,14,0,1144,1149,23709,7,0,0,7,9
2020-10-14,US,Nebraska,Deuel,4,0,0,41.11168186,-102.33333309999999,31049.0,222.9654403567447,0.0,4,4,0,0,4,4,1825,0,0,0,0,0
2020-10-14,US,Nebraska,Dixon,140,2,0,42.49188363,-96.86782408,31051.0,2484.03122782115,1.4285714285714286,138,136,2,0,134,136,5709,4,0,0,4,0
2020-10-14,US,Nebraska,Dodge,1428,15,0,41.58071748,-96.65598179,31053.0,3905.373991521947,1.050420168067227,1413,1416,15,0,1401,1399,36791,12,0,0,12,17
2020-10-14,US,Nebraska,Douglas,18878,209,0,41.29518299,-96.15085305,31055.0,3304.237328185085,1.107108803898718,18669,18650,207,0,18443,18445,566880,228,2,0,226,205
2020-10-14,US,Nebraska,Dundy,16,1,0,40.17638677,-101.6876522,31057.0,945.0679267572356,6.25,15,15,1,0,14,15,1770,1,0,0,1,0
2020-10-14,US,Nebraska,Fillmore,67,1,0,40.52458567,-97.59646937,31059.0,1226.6569022336141,1.492537313432836,66,66,1,0,65,65,5527,1,0,0,1,1
2020-10-14,US,Nebraska,Franklin,64,0,0,40.17636348,-98.95299073,31061.0,2148.3719368915745,0.0,64,61,0,0,61,57,3023,3,0,0,3,4
2020-10-14,US,Nebraska,Frontier,24,0,0,40.52993007,-100.3924658,31063.0,913.5896459840125,0.0,24,20,0,0,20,23,2608,4,0,0,4,-3
2020-10-14,US,Nebraska,Furnas,70,2,0,40.17642064,-99.91247454,31065.0,1497.005988023952,2.8571428571428568,68,67,2,0,65,62,4715,3,0,0,3,5
2020-10-14,US,Nebraska,Gage,362,5,0,40.26186809,-96.68946704,31067.0,1682.7034816157673,1.3812154696132597,357,351,5,0,346,342,21493,11,0,0,11,9
2020-10-14,US,Nebraska,Garden,13,0,0,41.61703149,-102.3313973,31069.0,707.6755579749591,0.0,13,13,0,0,13,13,1897,0,0,0,0,0
2020-10-14,US,Nebraska,Garfield,14,0,0,41.91428955,-98.99111827,31071.0,711.0208227526663,0.0,14,13,0,0,13,14,1987,1,0,0,1,-1
2020-10-14,US,Nebraska,Gosper,51,0,0,40.51481965,-99.83020279,31073.0,2562.8140703517597,0.0,51,51,0,0,51,51,1996,0,0,0,0,0
2020-10-14,US,Nebraska,Grant,2,0,0,41.91528587,-101.740701,31075.0,321.0272873194222,0.0,2,2,0,0,2,2,660,0,0,0,0,0
2020-10-14,US,Nebraska,Greeley,42,0,0,41.56742671,-98.52150266,31077.0,1782.6825127334464,0.0,42,42,0,0,42,42,2356,0,0,0,0,0
2020-10-14,US,Nebraska,Hall,2316,48,0,40.87257079,-98.50218293,31079.0,3774.876534154809,2.0725388601036268,2268,2272,48,0,2224,2242,61607,44,0,0,44,30
2020-10-14,US,Nebraska,Hamilton,204,12,0,40.87349452,-98.02099117,31081.0,2187.902187902188,5.882352941176472,192,197,12,0,185,192,9280,7,0,0,7,5
2020-10-14,US,Nebraska,Harlan,39,0,0,40.17658508,-99.40438879,31083.0,1153.8461538461538,0.0,39,37,0,0,37,36,3401,2,0,0,2,1
2020-10-14,US,Nebraska,Hayes,6,0,0,40.52451972,-101.0603568,31085.0,650.7592190889371,0.0,6,5,0,0,5,4,916,1,0,0,1,1
2020-10-14,US,Nebraska,Hitchcock,25,0,0,40.17609175,-101.04164770000001,31087.0,905.1412020275163,0.0,25,23,0,0,23,20,2806,2,0,0,2,3
2020-10-14,US,Nebraska,Holt,184,1,0,42.45522056,-98.78402558,31089.0,1827.7540478792093,0.5434782608695652,183,175,1,0,174,163,10178,9,0,0,9,12
2020-10-14,US,Nebraska,Hooker,18,1,0,41.91586243,-101.1354293,31091.0,2639.296187683285,5.5555555555555545,17,18,1,0,17,16,682,0,0,0,0,2
2020-10-14,US,Nebraska,Howard,121,5,0,41.2200529,-98.5166499,31093.0,1877.4243599689678,4.132231404958676,116,117,5,0,112,116,6468,4,0,0,4,1
2020-10-14,US,Nebraska,Jefferson,46,0,0,40.17584531,-97.142601,31095.0,652.8526823729776,0.0,46,43,0,0,43,43,7097,3,0,0,3,0
2020-10-14,US,Nebraska,Johnson,85,0,0,40.39257596,-96.26522753,31097.0,1676.1979885624137,0.0,85,84,0,0,84,84,5134,1,0,0,1,0
2020-10-14,US,Nebraska,Kearney,224,0,0,40.50663314,-98.94877182,31099.0,3448.8067744418786,0.0,224,206,0,0,206,204,6544,18,0,0,18,2
2020-10-14,US,Nebraska,Keith,75,0,0,41.19930341,-101.66201640000001,31101.0,933.5324869305452,0.0,75,74,0,0,74,74,8021,1,0,0,1,0
2020-10-14,US,Nebraska,Keya Paha,8,0,0,42.87990694,-99.71343729,31103.0,992.5558312655087,0.0,8,8,0,0,8,8,810,0,0,0,0,0
2020-10-14,US,Nebraska,Kimball,31,0,0,41.19774275,-103.7148131,31105.0,853.5242290748897,0.0,31,27,0,0,27,27,3618,4,0,0,4,0
2020-10-14,US,Nebraska,Knox,234,0,0,42.63758421,-97.89178836,31107.0,2808.4493518963036,0.0,234,229,0,0,229,226,8419,5,0,0,5,3
2020-10-14,US,Nebraska,Lancaster,7665,26,0,40.78416049,-96.68777155,31109.0,2402.1435958507004,0.3392041748206132,7639,7541,26,0,7515,7447,317272,124,0,0,124,94
2020-10-14,US,Nebraska,Lincoln,598,4,0,41.04658298,-100.74753740000001,31111.0,1712.779973649539,0.6688963210702341,594,576,4,0,572,568,35185,22,0,0,22,8
2020-10-14,US,Nebraska,Logan,7,0,0,41.56650314,-100.4817851,31113.0,935.8288770053476,0.0,7,8,0,0,8,8,749,-1,0,0,-1,0
2020-10-14,US,Nebraska,Loup,5,0,0,41.91371961,-99.45440415,31115.0,753.0120481927713,0.0,5,5,0,0,5,4,618,0,0,0,0,1
2020-10-14,US,Nebraska,Madison,996,7,0,41.91676024,-97.6005481,31119.0,2837.687683409784,0.7028112449799196,989,985,7,0,978,974,35392,11,0,0,11,11
2020-10-14,US,Nebraska,McPherson,7,0,0,41.56797682,-101.05993620000001,31117.0,1417.004048582996,0.0,7,7,0,0,7,7,492,0,0,0,0,0
2020-10-14,US,Nebraska,Merrick,110,1,0,41.16624273,-98.0374887,31121.0,1418.4397163120568,0.9090909090909092,109,107,1,0,106,105,7733,3,0,0,3,2
2020-10-14,US,Nebraska,Morrill,85,0,0,41.71711774,-103.0061405,31123.0,1831.1072813442481,0.0,85,83,0,0,83,81,4686,2,0,0,2,2
2020-10-14,US,Nebraska,Nance,66,0,0,41.39750195,-97.99327291,31125.0,1875.532821824382,0.0,66,66,0,0,66,65,3532,0,0,0,0,1
2020-10-14,US,Nebraska,Nemaha,151,0,0,40.38514847,-95.85433992,31127.0,2165.806081468732,0.0,151,150,0,0,150,149,6958,1,0,0,1,1
2020-10-14,US,Nebraska,Nuckolls,46,0,0,40.17637905,-98.04743961,31129.0,1108.9681774349085,0.0,46,40,0,0,40,39,4195,6,0,0,6,1
2020-10-14,US,Nebraska,Otoe,239,1,0,40.64843556,-96.13374142,31131.0,1492.6305271046717,0.41841004184100417,238,232,1,0,231,227,15985,7,0,0,7,5
2020-10-14,US,Nebraska,Pawnee,24,0,0,40.13141096,-96.23705437,31133.0,918.4845005740527,0.0,24,24,0,0,24,22,2632,0,0,0,0,2
2020-10-14,US,Nebraska,Perkins,37,10,0,40.85082525,-101.6502942,31135.0,1279.8339674852991,27.02702702702703,27,37,10,0,27,36,2929,0,0,0,0,1
2020-10-14,US,Nebraska,Phelps,198,0,0,40.51156033,-99.41461667,31137.0,2191.7201682532655,0.0,198,190,0,0,190,179,8996,8,0,0,8,11
2020-10-14,US,Nebraska,Pierce,144,8,0,42.26434853,-97.60122773,31139.0,2014.5495243424728,5.5555555555555545,136,128,8,0,120,123,7142,16,0,0,16,5
2020-10-14,US,Nebraska,Platte,1303,5,0,41.57246836,-97.52144359,31141.0,3893.0385419778913,0.3837298541826554,1298,1279,5,0,1274,1264,33363,24,0,0,24,15
2020-10-14,US,Nebraska,Polk,148,1,0,41.18813488,-97.56630712,31143.0,2839.0562056397466,0.6756756756756757,147,141,1,0,140,132,5278,7,0,0,7,9
2020-10-14,US,Nebraska,Red Willow,131,0,0,40.17556879999999,-100.476998,31145.0,1221.5591197314434,0.0,131,118,0,0,118,105,10726,13,0,0,13,13
2020-10-14,US,Nebraska,Richardson,75,2,0,40.1247415,-95.71755036,31147.0,953.5918626827718,2.6666666666666665,73,75,2,0,73,74,7937,0,0,0,0,1
2020-10-14,US,Nebraska,Rock,49,1,0,42.42252217,-99.44832069,31149.0,3610.9064112011793,2.0408163265306123,48,51,1,0,50,49,1360,-2,0,0,-2,2
2020-10-14,US,Nebraska,Saline,809,2,0,40.52418865,-97.14085859,31151.0,5687.5703037120375,0.2472187886279357,807,803,2,0,801,797,14350,6,0,0,6,6
2020-10-14,US,Nebraska,Sarpy,4680,32,0,41.11314181,-96.11156432,31153.0,2500.0534199448707,0.6837606837606838,4648,4573,32,0,4541,4493,184459,107,0,0,107,80
2020-10-14,US,Nebraska,Saunders,579,4,0,41.227810299999994,-96.63773905,31155.0,2683.288534618593,0.690846286701209,575,574,4,0,570,569,21303,5,0,0,5,5
2020-10-14,US,Nebraska,Scotts Bluff,488,8,0,41.85070896,-103.70809859999999,31157.0,1370.0937728114998,1.639344262295082,480,480,8,0,472,472,35989,8,0,0,8,8
2020-10-14,US,Nebraska,Seward,278,3,0,40.87241834,-97.139673,31159.0,1608.4239759314976,1.0791366906474822,275,274,3,0,271,268,17318,4,0,0,4,6
2020-10-14,US,Nebraska,Sheridan,74,0,0,42.50284406,-102.4126613,31161.0,1410.5985512771633,0.0,74,72,0,0,72,71,5190,2,0,0,2,1
2020-10-14,US,Nebraska,Sherman,33,2,0,41.22045983,-98.97588642,31163.0,1099.6334555148283,6.0606060606060606,31,32,2,0,30,32,3038,1,0,0,1,0
2020-10-14,US,Nebraska,Sioux,11,0,0,42.48932059,-103.7576544,31165.0,943.3962264150942,0.0,11,10,0,0,10,9,1187,1,0,0,1,1
2020-10-14,US,Nebraska,Stanton,55,0,0,41.9169835,-97.19394708,31167.0,929.054054054054,0.0,55,54,0,0,54,53,5970,1,0,0,1,1
2020-10-14,US,Nebraska,Thayer,41,0,0,40.17626377,-97.59504381,31169.0,819.5082950229863,0.0,41,41,0,0,41,40,5039,0,0,0,0,1
2020-10-14,US,Nebraska,Thomas,8,0,0,41.91358968,-100.5556632,31171.0,1108.03324099723,0.0,8,7,0,0,7,7,720,1,0,0,1,0
2020-10-14,US,Nebraska,Thurston,297,4,0,42.15725356,-96.54157099,31173.0,4111.295681063123,1.3468013468013469,293,294,4,0,290,294,7303,3,0,0,3,0
2020-10-14,US,Nebraska,Unassigned,392,1,0,0.0,0.0,90031.0,0.0,0.2551020408163265,391,405,1,0,404,404,,-13,0,0,-13,1
2020-10-14,US,Nebraska,Valley,56,0,0,41.56730777,-98.98197724,31175.0,1346.8013468013467,0.0,56,55,0,0,55,54,4190,1,0,0,1,1
2020-10-14,US,Nebraska,Washington,377,6,0,41.52815707,-96.22019892,31177.0,1818.7080901152967,1.5915119363395225,371,373,6,0,367,365,20667,4,0,0,4,8
2020-10-14,US,Nebraska,Wayne,256,0,0,42.20934475,-97.11926964,31179.0,2727.7570591369213,0.0,256,254,0,0,254,254,9403,2,0,0,2,0
2020-10-14,US,Nebraska,Webster,51,0,0,40.17642643,-98.50019851,31181.0,1462.5752796099798,0.0,51,45,0,0,45,40,3533,6,0,0,6,5
2020-10-14,US,Nebraska,Wheeler,3,0,0,41.91482725,-98.52798941,31183.0,383.1417624521073,0.0,3,3,0,0,3,3,805,0,0,0,0,0
2020-10-14,US,Nebraska,York,329,2,0,40.87272618,-97.59710186,31185.0,2405.146575042035,0.6079027355623101,327,302,2,0,300,289,13772,27,0,0,27,13
2020-10-14,US,Nevada,Carson City,618,8,0,39.15509045,-119.7480219,32510.0,1105.229272480149,1.2944983818770226,610,608,8,0,600,602,55414,10,0,0,10,6
2020-10-14,US,Nevada,Churchill,179,4,0,39.58105744,-118.3394607,32001.0,718.6157613713917,2.23463687150838,175,177,4,0,173,176,24440,2,0,0,2,1
2020-10-14,US,Nevada,Clark,72742,1458,0,36.21458855,-115.0130241,32003.0,3209.137452216092,2.004344120315636,71284,72439,1444,0,70995,72048,2231647,303,14,0,289,391
2020-10-14,US,Nevada,Douglas,361,1,0,38.912862,-119.61713329999999,32005.0,738.1658317145486,0.2770083102493075,360,352,1,0,351,348,48467,9,0,0,9,4
2020-10-14,US,Nevada,Elko,1112,11,0,41.14531606,-115.3577619,32007.0,2106.938497101065,0.9892086330935252,1101,1093,11,0,1082,1081,52460,19,0,0,19,12
2020-10-14,US,Nevada,Eureka,10,0,0,39.98100864,-116.26832040000001,32011.0,492.8536224741252,0.0,10,10,0,0,10,10,2003,0,0,0,0,0
2020-10-14,US,Nevada,Humboldt,150,4,0,41.40692186,-118.11094270000001,32013.0,891.2126433367001,2.6666666666666665,146,149,4,0,145,145,16786,1,0,0,1,4
2020-10-14,US,Nevada,Lander,89,1,0,39.933223299999995,-117.03970749999999,32015.0,1608.8214027476502,1.1235955056179776,88,89,1,0,88,89,5575,0,0,0,0,0
2020-10-14,US,Nevada,Lincoln,18,0,0,37.64268459,-114.8790388,32017.0,347.28921474049775,0.0,18,16,0,0,16,16,5201,2,0,0,2,0
2020-10-14,US,Nevada,Lyon,521,10,0,39.01777974,-119.18704790000001,32019.0,905.9294035819858,1.919385796545105,511,517,8,0,509,514,55808,4,2,0,2,3
2020-10-14,US,Nevada,Mineral,14,0,0,38.53841696,-118.4344506,32021.0,310.7658157602664,0.0,14,14,0,0,14,14,4514,0,0,0,0,0
2020-10-14,US,Nevada,Nye,566,16,0,38.04264256,-116.47227020000001,32023.0,1216.602540678804,2.826855123674912,550,540,16,0,524,538,45346,26,0,0,26,2
2020-10-14,US,Nevada,Pershing,23,0,0,40.44003782,-118.40056409999998,32027.0,342.00743494423784,0.0,23,22,0,0,22,22,6666,1,0,0,1,0
2020-10-14,US,Nevada,Storey,16,0,0,39.44875482,-119.5250207,32029.0,388.06694154741683,0.0,16,16,0,0,16,16,4029,0,0,0,0,0
2020-10-14,US,Nevada,Washoe,10806,177,0,40.66562265,-119.6631594,32031.0,2291.7422203559136,1.6379789006107721,10629,10706,176,0,10530,10646,465735,100,1,0,99,60
2020-10-14,US,Nevada,White Pine,89,1,0,39.44157041,-114.89996599999999,32033.0,929.01878914405,1.1235955056179776,88,87,1,0,86,83,9475,2,0,0,2,4
2020-10-14,US,New Hampshire,Belknap,182,5,0,43.51637314,-71.41684235,33001.0,296.885959904083,2.7472527472527477,177,181,5,0,176,181,61022,1,0,0,1,0
2020-10-14,US,New Hampshire,Carroll,133,2,0,43.87498583,-71.20430216,33003.0,271.92803107748927,1.5037593984962403,131,133,2,0,131,132,48779,0,0,0,0,1
2020-10-14,US,New Hampshire,Cheshire,166,3,0,42.92015988,-72.25311043,33005.0,218.17703883814158,1.8072289156626504,163,162,3,0,159,161,76493,4,0,0,4,1
2020-10-14,US,New Hampshire,Coos,23,0,0,44.69063265,-71.30633239,33007.0,72.87013275037229,0.0,23,23,0,0,23,23,31589,0,0,0,0,0
2020-10-14,US,New Hampshire,Grafton,172,1,0,43.93779815,-71.82057197,33009.0,191.35349220123268,0.5813953488372093,171,170,1,0,169,169,89786,2,0,0,2,1
2020-10-14,US,New Hampshire,Hillsborough,4971,304,0,42.91537785,-71.7200253,33011.0,1192.014867214196,6.115469724401529,4667,4939,303,0,4636,4910,415247,32,1,0,31,29
2020-10-14,US,New Hampshire,Merrimack,707,24,0,43.29662971,-71.6811573,33013.0,467.0026619812273,3.3946251768033946,683,698,24,0,674,690,151132,9,0,0,9,8
2020-10-14,US,New Hampshire,Rockingham,2289,104,0,42.98499744,-71.12883377,33015.0,738.9377245624968,4.543468763652251,2185,2268,104,0,2164,2247,309176,21,0,0,21,21
2020-10-14,US,New Hampshire,Strafford,633,14,0,43.291833000000004,-71.02336013,33017.0,484.56362481149483,2.2116903633491307,619,630,13,0,617,622,130090,3,1,0,2,8
2020-10-14,US,New Hampshire,Sullivan,65,1,0,43.36094111,-72.22203125,33019.0,150.65127705928708,1.5384615384615383,64,65,1,0,64,65,43144,0,0,0,0,0
2020-10-14,US,New Hampshire,Unassigned,8,0,0,0.0,0.0,90033.0,0.0,0.0,8,10,0,0,10,8,,-2,0,0,-2,2
2020-10-14,US,New Jersey,Atlantic,4532,261,0,39.47538693,-74.65848483,34001.0,1718.8151856487275,5.759046778464255,4271,4517,261,0,4256,4476,265429,15,0,0,15,41
2020-10-14,US,New Jersey,Bergen,23391,2050,0,40.96010917,-74.07164325,34003.0,2509.220104655429,8.764054550895644,21341,23323,2052,0,21271,23221,936692,68,-2,0,70,102
2020-10-14,US,New Jersey,Burlington,7662,503,0,39.87681124,-74.66927768,34005.0,1720.4484572773263,6.564865570347169,7159,7598,504,0,7094,7559,445384,64,-1,0,65,39
2020-10-14,US,New Jersey,Camden,10590,616,0,39.80343818,-74.96388753,34007.0,2090.939066600062,5.816808309726158,9974,10553,615,0,9938,10494,507078,37,1,0,36,59
2020-10-14,US,New Jersey,Cape May,1058,98,0,39.15008829,-74.80170244,34009.0,1149.512706570041,9.262759924385632,960,1060,99,0,961,1058,92560,-2,-1,0,-1,2
2020-10-14,US,New Jersey,Cumberland,3882,160,0,39.37199394,-75.10712559,34011.0,2596.1866418773866,4.121586810922205,3722,3879,160,0,3719,3865,150972,3,0,0,3,14
2020-10-14,US,New Jersey,Essex,22018,2134,0,40.78681335,-74.24657979,34013.0,2755.78084420664,9.692070124443637,19884,21913,2131,0,19782,21821,799767,105,3,0,102,92
2020-10-14,US,New Jersey,Gloucester,5043,233,0,39.71581067,-75.13995546,34015.0,1729.2103855491089,4.620265714852271,4810,5008,234,0,4774,4981,291408,35,-1,0,36,27
2020-10-14,US,New Jersey,Hudson,21347,1520,0,40.73766234,-74.07515667,34017.0,3174.7896685113274,7.1204384691057285,19827,21286,1519,0,19767,21222,676061,61,1,0,60,64
2020-10-14,US,New Jersey,Hunterdon,1466,126,0,40.56335249,-74.91284156,34019.0,1178.7313762854685,8.594815825375171,1340,1461,126,0,1335,1457,124714,5,0,0,5,4
2020-10-14,US,New Jersey,Mercer,8866,637,0,40.28047017,-74.70479631,34021.0,2412.976621397273,7.184750733137831,8229,8850,636,0,8214,8829,369811,16,1,0,15,21
2020-10-14,US,New Jersey,Middlesex,20552,1436,0,40.43629879,-74.41426991,34023.0,2490.964315409024,6.987154534838457,19116,20475,1435,0,19040,20394,829685,77,1,0,76,81
2020-10-14,US,New Jersey,Monmouth,13020,868,0,40.26549699,-74.22240686,34025.0,2104.08939955882,6.666666666666668,12152,12936,867,0,12069,12851,621354,84,1,0,83,85
2020-10-14,US,New Jersey,Morris,8230,832,0,40.86095313,-74.54553709999998,34027.0,1673.2913824477225,10.109356014580802,7398,8215,832,0,7383,8167,494228,15,0,0,15,48
2020-10-14,US,New Jersey,Ocean,15578,1054,0,39.8895449,-74.28089251,34029.0,2565.605926355351,6.765951983566568,14524,15375,1053,0,14322,15255,601651,203,1,0,202,120
2020-10-14,US,New Jersey,Passaic,19768,1258,0,41.03238628,-74.29954144,34031.0,3939.213990506669,6.363820315661675,18510,19693,1255,0,18438,19627,503310,75,3,0,72,66
2020-10-14,US,New Jersey,Salem,1125,88,0,39.58719656,-75.34696629999998,34033.0,1803.3181053137769,7.822222222222222,1037,1118,88,0,1030,1116,62607,7,0,0,7,2
2020-10-14,US,New Jersey,Somerset,6060,587,0,40.56465737,-74.61683016,34035.0,1842.3148716763849,9.686468646864686,5473,6045,586,0,5459,6023,331164,15,1,0,14,22
2020-10-14,US,New Jersey,Sussex,1584,197,0,41.13891592,-74.69118243,34037.0,1127.4984340299527,12.436868686868687,1387,1584,197,0,1387,1581,140799,0,0,0,0,3
2020-10-14,US,New Jersey,Unassigned,383,0,0,0.0,0.0,90034.0,0.0,0.0,383,392,0,0,392,373,,-9,0,0,-9,19
2020-10-14,US,New Jersey,Union,18375,1362,0,40.65835409,-74.30680092,34039.0,3302.8304582980572,7.412244897959184,17013,18316,1361,0,16955,18247,558067,59,1,0,58,69
2020-10-14,US,New Jersey,Warren,1493,171,0,40.85951833,-74.99556527,34041.0,1418.298232114528,11.453449430676491,1322,1488,171,0,1317,1480,105779,5,0,0,5,8
2020-10-14,US,New Mexico,Bernalillo,8126,184,0,35.05163625,-106.6703554,35001.0,1196.5467125887728,2.2643366970219048,7942,7926,183,0,7743,7808,678701,200,1,0,199,118
2020-10-14,US,New Mexico,Catron,9,1,0,33.91514144,-108.4046587,35003.0,255.17436915225403,11.111111111111109,8,9,1,0,8,9,3578,0,0,0,0,0
2020-10-14,US,New Mexico,Chaves,1627,16,0,33.36406072,-104.4665365,35005.0,2517.99117851892,0.9834050399508296,1611,1561,15,0,1546,1551,64689,66,1,0,65,10
2020-10-14,US,New Mexico,Cibola,474,21,0,34.91131525,-107.998876,35006.0,1776.9447047797564,4.4303797468354436,453,471,21,0,450,466,26746,3,0,0,3,5
2020-10-14,US,New Mexico,Colfax,41,1,0,36.60569702,-104.64726740000002,35007.0,343.3548279038607,2.4390243902439024,40,41,1,0,40,41,12110,0,0,0,0,0
2020-10-14,US,New Mexico,Curry,1136,8,0,34.57421077,-103.34688759999999,35009.0,2320.545818523512,0.7042253521126759,1128,1117,8,0,1109,1093,49437,19,0,0,19,24
2020-10-14,US,New Mexico,De Baca,3,0,0,34.34274529,-104.4117842,35011.0,171.6247139588101,0.0,3,1,0,0,1,1,1781,2,0,0,2,0
2020-10-14,US,New Mexico,Dona Ana,4267,63,0,32.35275771,-106.83293870000001,35013.0,1955.5901830931048,1.4764471525662055,4204,4158,62,0,4096,4108,217522,109,1,0,108,50
2020-10-14,US,New Mexico,Eddy,1064,16,0,32.47167456,-104.3053527,35015.0,1820.0478959972631,1.5037593984962403,1048,1046,16,0,1030,1040,57900,18,0,0,18,6
2020-10-14,US,New Mexico,Grant,151,2,0,32.73911281,-108.3827845,35017.0,559.3006889399213,1.3245033112582782,149,147,2,0,145,146,27346,4,0,0,4,1
2020-10-14,US,New Mexico,Guadalupe,37,1,0,34.86319296,-104.790669,35019.0,860.4651162790698,2.702702702702702,36,37,1,0,36,37,4341,0,0,0,0,0
2020-10-14,US,New Mexico,Harding,1,0,0,35.85751555,-103.82209379999999,35021.0,160.0,0.0,1,1,0,0,1,1,655,0,0,0,0,0
2020-10-14,US,New Mexico,Hidalgo,108,2,0,31.91383467,-108.7151824,35023.0,2572.653644592663,1.851851851851852,106,108,2,0,106,108,4240,0,0,0,0,0
2020-10-14,US,New Mexico,Lea,1684,28,0,32.79215361,-103.4123733,35025.0,2369.4948642183763,1.66270783847981,1656,1668,28,0,1640,1649,69611,16,0,0,16,19
2020-10-14,US,New Mexico,Lincoln,263,4,0,33.74526079,-105.4586166,35027.0,1343.7563866748415,1.520912547528517,259,262,4,0,258,260,19556,1,0,0,1,2
2020-10-14,US,New Mexico,Los Alamos,37,0,0,35.86631386,-106.31349850000001,35028.0,191.02689865248595,0.0,37,37,0,0,37,37,19101,0,0,0,0,0
2020-10-14,US,New Mexico,Luna,514,9,0,32.18179341,-107.75088259999998,35029.0,2167.95309797967,1.7509727626459144,505,509,9,0,500,507,23963,5,0,0,5,2
2020-10-14,US,New Mexico,McKinley,4435,260,0,35.58007720000001,-108.262245,35031.0,6214.356775540517,5.862457722660654,4175,4429,260,0,4169,4420,72290,6,0,0,6,9
2020-10-14,US,New Mexico,Mora,10,0,0,36.01095101,-104.9497716,35033.0,221.19000221189998,0.0,10,9,0,0,9,9,4506,1,0,0,1,0
2020-10-14,US,New Mexico,Otero,320,13,0,32.61348406,-105.7417604,35035.0,474.1443176766928,4.0625,307,310,13,0,297,306,66781,10,0,0,10,4
2020-10-14,US,New Mexico,Quay,80,2,0,35.10403332,-103.54817270000001,35037.0,969.3444807948624,2.5,78,80,2,0,78,79,8253,0,0,0,0,1
2020-10-14,US,New Mexico,Rio Arriba,427,14,0,36.51072137,-106.69316740000001,35039.0,1097.0941137175303,3.278688524590164,413,425,14,0,411,422,39006,2,0,0,2,3
2020-10-14,US,New Mexico,Roosevelt,359,5,0,34.02097406,-103.4799493,35041.0,1940.5405405405409,1.3927576601671308,354,350,5,0,345,344,18743,9,0,0,9,6
2020-10-14,US,New Mexico,San Juan,3508,202,0,36.50838318,-108.32043700000001,35045.0,2829.9908033366137,5.758266818700113,3306,3483,202,0,3281,3474,125043,25,0,0,25,9
2020-10-14,US,New Mexico,San Miguel,125,0,0,35.48014807,-104.8163562,35047.0,458.2615390255527,0.0,125,123,0,0,123,120,27591,2,0,0,2,3
2020-10-14,US,New Mexico,Sandoval,1594,43,0,35.68862401,-106.86878030000001,35043.0,1086.215825769346,2.6976160602258465,1551,1556,43,0,1513,1535,145179,38,0,0,38,21
2020-10-14,US,New Mexico,Santa Fe,1257,8,0,35.50708973,-105.9774716,35049.0,836.004735364929,0.6364359586316627,1249,1240,8,0,1232,1199,150056,17,0,0,17,41
2020-10-14,US,New Mexico,Sierra,67,1,0,33.13028233,-107.1925893,35051.0,620.8877768510796,1.492537313432836,66,67,1,0,66,67,10968,0,0,0,0,0
2020-10-14,US,New Mexico,Socorro,148,6,0,34.00715494,-106.9298354,35053.0,889.5834585562303,4.0540540540540535,142,144,6,0,138,141,16735,4,0,0,4,3
2020-10-14,US,New Mexico,Taos,162,4,0,36.58006022,-105.63101979999999,35055.0,495.0646334382544,2.469135802469136,158,161,4,0,157,160,32835,1,0,0,1,1
2020-10-14,US,New Mexico,Torrance,91,1,0,34.64048375,-105.8508949,35057.0,588.5777116616001,1.0989010989010992,90,91,1,0,90,89,15591,0,0,0,0,2
2020-10-14,US,New Mexico,Unassigned,1447,0,0,0.0,0.0,90035.0,0.0,0.0,1447,1443,0,0,1443,1442,,4,0,0,4,1
2020-10-14,US,New Mexico,Union,37,2,0,36.48126404,-103.4709624,35059.0,911.5545700911557,5.405405405405406,35,37,2,0,35,37,4118,0,0,0,0,0
2020-10-14,US,New Mexico,Valencia,681,4,0,34.71669834,-106.8103733,35061.0,888.0137700813685,0.5873715124816447,677,666,4,0,662,656,76456,15,0,0,15,10
2020-10-14,US,New York,Albany,3343,135,0,42.60060306,-73.97723916,36001.0,1094.2501947588592,4.038288962010172,3208,3324,135,0,3189,3304,307117,19,0,0,19,20
2020-10-14,US,New York,Allegany,161,1,0,42.25748406,-78.02750466,36003.0,349.3089757219413,0.6211180124223602,160,156,1,0,155,151,46430,5,0,0,5,5
2020-10-14,US,New York,Bronx,54006,4972,0,40.85209301,-73.86282755,36005.0,3808.047767356951,9.206384475798986,49034,53960,4969,0,48991,53894,1432132,46,3,0,43,66
2020-10-14,US,New York,Broome,2607,83,0,42.15903158,-75.81326086,36007.0,1368.5901474108605,3.1837360951285003,2524,2538,83,0,2455,2485,191659,69,0,0,69,53
2020-10-14,US,New York,Cattaraugus,367,6,0,42.24778241,-78.67923096,36009.0,482.1524757938437,1.6348773841961852,361,364,6,0,358,362,76840,3,0,0,3,2
2020-10-14,US,New York,Cayuga,259,2,0,42.91261714,-76.55731592,36011.0,338.2260760551609,0.7722007722007722,257,251,2,0,249,246,77145,8,0,0,8,5
2020-10-14,US,New York,Chautauqua,748,13,0,42.22769210000001,-79.36691763,36013.0,589.4265698998447,1.7379679144385027,735,732,13,0,719,695,127939,16,0,0,16,37
2020-10-14,US,New York,Chemung,1061,3,0,42.13891056,-76.7638805,36015.0,1271.3286042944785,0.2827521206409048,1058,1015,3,0,1012,985,84254,46,0,0,46,30
2020-10-14,US,New York,Chenango,290,7,0,42.49430041,-75.60887553,36017.0,614.3156735229944,2.413793103448276,283,280,7,0,273,277,47536,10,0,0,10,3
2020-10-14,US,New York,Clinton,183,5,0,44.74530905,-73.67875352,36019.0,227.37155991799716,2.7322404371584703,178,182,5,0,177,179,80695,1,0,0,1,3
2020-10-14,US,New York,Columbia,629,37,0,42.24819348,-73.63089095,36021.0,1057.8362287886175,5.882352941176472,592,626,37,0,589,624,59916,3,0,0,3,2
2020-10-14,US,New York,Cortland,346,0,0,42.59509207,-76.07048931,36023.0,727.1810176330887,0.0,346,333,0,0,333,317,47823,13,0,0,13,16
2020-10-14,US,New York,Delaware,154,7,0,42.19837623,-74.96709306,36025.0,348.9294210943697,4.545454545454546,147,154,7,0,147,149,44527,0,0,0,0,5
2020-10-14,US,New York,Dutchess,5281,161,0,41.76486060000001,-73.74356679,36027.0,1794.9275707128727,3.0486650255633396,5120,5271,161,0,5110,5259,293718,10,0,0,10,12
2020-10-14,US,New York,Erie,12216,706,0,42.76249024,-78.73063652,36029.0,1329.7021232129678,5.779305828421742,11510,12182,706,0,11476,12154,919719,34,0,0,34,28
2020-10-14,US,New York,Essex,181,0,0,44.11630765,-73.77297842,36031.0,490.7143825403281,0.0,181,181,0,0,181,179,37300,0,0,0,0,2
2020-10-14,US,New York,Franklin,72,0,0,44.59040891,-74.29926032,36033.0,143.9366678661389,0.0,72,72,0,0,72,71,50293,0,0,0,0,1
2020-10-14,US,New York,Fulton,354,24,0,43.11363907,-74.41798804,36035.0,663.132457898582,6.779661016949151,330,354,24,0,330,352,53591,0,0,0,0,2
2020-10-14,US,New York,Genesee,363,5,0,43.0022601,-78.19135193,36037.0,633.7290502793296,1.3774104683195592,358,360,5,0,355,359,57511,3,0,0,3,1
2020-10-14,US,New York,Greene,446,18,0,42.275797,-74.12384884,36039.0,945.1555480206833,4.035874439461884,428,429,18,0,411,388,47491,17,0,0,17,41
2020-10-14,US,New York,Hamilton,16,0,0,43.66146647,-74.49721957,36041.0,362.3188405797102,0.0,16,16,0,0,16,15,4434,0,0,0,0,1
2020-10-14,US,New York,Herkimer,363,10,0,43.42034246,-74.96145307,36043.0,591.9861706811918,2.7548209366391183,353,363,10,0,353,361,61833,0,0,0,0,2
2020-10-14,US,New York,Jefferson,186,0,0,44.04200959,-75.94653457,36045.0,169.3464683067174,0.0,186,186,0,0,186,185,111755,0,0,0,0,1
2020-10-14,US,New York,Kings,72159,7356,0,40.636182500000004,-73.94935552,36047.0,2818.8177442660913,10.194154575312849,64803,71941,7355,0,64586,71756,2582830,218,1,0,217,185
2020-10-14,US,New York,Lewis,55,0,0,43.784415700000004,-75.44903992,36049.0,209.15728627928203,0.0,55,55,0,0,55,55,26447,0,0,0,0,0
2020-10-14,US,New York,Livingston,227,8,0,42.72596275,-77.77966158,36051.0,360.80999459579743,3.524229074889868,219,227,8,0,219,225,63227,0,0,0,0,2
2020-10-14,US,New York,Madison,517,17,0,42.91653905,-75.67266639,36053.0,728.7746155255777,3.288201160541586,500,515,17,0,498,511,70795,2,0,0,2,4
2020-10-14,US,New York,Monroe,6516,300,0,43.14638895,-77.69322942,36055.0,878.4394084419699,4.6040515653775325,6216,6490,300,0,6190,6453,742474,26,0,0,26,37
2020-10-14,US,New York,Montgomery,249,4,0,42.90123494,-74.44011632,36057.0,505.8816358871214,1.606425702811245,245,249,4,0,245,245,49455,0,0,0,0,4
2020-10-14,US,New York,Nassau,48184,2204,0,40.74066522,-73.58941873,36059.0,3550.9726410616954,4.5741324921135655,45980,48099,2204,0,45895,47998,1358343,85,0,0,85,101
2020-10-14,US,New York,New York,34569,3185,0,40.76727260000001,-73.97152637,36061.0,2122.4825106556987,9.213457143683646,31384,34501,3184,0,31317,34408,,68,1,0,67,93
2020-10-14,US,New York,Niagara,1911,101,0,43.19898042,-78.74777412,36063.0,913.1263707646657,5.285190999476714,1810,1907,101,0,1806,1902,210433,4,0,0,4,5
2020-10-14,US,New York,Oneida,2558,128,0,43.24375382,-75.43710392,36065.0,1118.6376934547889,5.003909304143862,2430,2554,128,0,2426,2549,229577,4,0,0,4,5
2020-10-14,US,New York,Onondaga,4880,207,0,43.00491923,-76.19971155,36067.0,1059.6532675537644,4.241803278688525,4673,4843,207,0,4636,4807,461809,37,0,0,37,36
2020-10-14,US,New York,Ontario,532,35,0,42.85145728,-77.30874425,36069.0,484.6188181495214,6.578947368421053,497,527,35,0,492,519,109864,5,0,0,5,8
2020-10-14,US,New York,Orange,12983,500,0,41.40337468,-74.30240757,36071.0,3372.7334129994288,3.851190017715474,12483,12930,500,0,12430,12869,381951,53,0,0,53,61
2020-10-14,US,New York,Orleans,355,54,0,43.2516977,-78.2320066,36073.0,879.7581284694687,15.211267605633802,301,354,54,0,300,352,40612,1,0,0,1,2
2020-10-14,US,New York,Oswego,566,4,0,43.42778894,-76.14635194,36075.0,483.2485229329599,0.7067137809187279,562,557,4,0,553,552,117898,9,0,0,9,5
2020-10-14,US,New York,Otsego,362,5,0,42.63492579,-75.03151402,36077.0,608.4749466323768,1.3812154696132597,357,362,5,0,357,360,59749,0,0,0,0,2
2020-10-14,US,New York,Putnam,1705,63,0,41.42630093,-73.74965532,36079.0,1734.13344182262,3.695014662756598,1642,1698,63,0,1635,1689,98892,7,0,0,7,9
2020-10-14,US,New York,Queens,74510,7281,0,40.71088124,-73.81684712,36081.0,3305.8870612079377,9.77184270567709,67229,74404,7279,0,67125,74265,2278906,106,2,0,104,139
2020-10-14,US,New York,Rensselaer,1002,42,0,42.71348136,-73.51089874,36083.0,631.3242688105651,4.1916167664670665,960,994,42,0,952,985,159442,8,0,0,8,9
2020-10-14,US,New York,Richmond,16522,1089,0,40.58582155,-74.14808598,36085.0,3469.965955605774,6.5912117177097205,15433,16496,1089,0,15407,16434,476179,26,0,0,26,62
2020-10-14,US,New York,Rockland,16891,679,0,41.15027894,-74.02560498,36087.0,5184.644048755483,4.019892250310816,16212,16829,679,0,16150,16760,325695,62,0,0,62,69
2020-10-14,US,New York,Saratoga,1174,17,0,43.10904162,-73.86653895,36091.0,510.73900540756887,1.4480408858603069,1157,1168,17,0,1151,1158,230163,6,0,0,6,10
2020-10-14,US,New York,Schenectady,1464,48,0,42.81668777,-74.05278291,36093.0,942.6976348849637,3.278688524590164,1416,1461,48,0,1413,1459,155350,3,0,0,3,2
2020-10-14,US,New York,Schoharie,95,0,0,42.58831742,-74.44339029999998,36095.0,306.46149875802445,0.0,95,95,0,0,95,94,31097,0,0,0,0,1
2020-10-14,US,New York,Schuyler,79,0,0,42.39184015,-76.8773299,36097.0,443.64575728646037,0.0,79,76,0,0,76,72,17912,3,0,0,3,4
2020-10-14,US,New York,Seneca,122,3,0,42.78081007,-76.82497064,36099.0,358.6547507055503,2.459016393442623,119,120,3,0,117,120,34300,2,0,0,2,0
2020-10-14,US,New York,St. Lawrence,349,4,0,44.4976179,-75.06550039,36089.0,323.9279747540375,1.146131805157593,345,346,4,0,342,345,108047,3,0,0,3,1
2020-10-14,US,New York,Steuben,747,57,0,42.2689144,-77.3829924,36101.0,783.1912685182273,7.630522088353413,690,731,57,0,674,702,95796,16,0,0,16,29
2020-10-14,US,New York,Suffolk,47630,2016,0,40.88320119,-72.8012172,36103.0,3225.651343863373,4.232626495905942,45614,47561,2016,0,45545,47493,1481093,69,0,0,69,68
2020-10-14,US,New York,Sullivan,1659,48,0,41.71579493,-74.76394559,36105.0,2199.3318485523387,2.8933092224231465,1611,1655,48,0,1607,1650,75498,4,0,0,4,5
2020-10-14,US,New York,Tioga,371,25,0,42.16852837,-76.30835812,36107.0,769.661639317055,6.738544474393531,346,358,25,0,333,352,48560,13,0,0,13,6
2020-10-14,US,New York,Tompkins,507,0,0,42.44945765,-76.47229843,36109.0,496.1832061068702,0.0,507,490,0,0,490,481,102793,17,0,0,17,9
2020-10-14,US,New York,Ulster,2386,95,0,41.89027881,-74.26252104,36111.0,1343.6727430408905,3.981559094719195,2291,2377,95,0,2282,2366,178599,9,0,0,9,11
2020-10-14,US,New York,Unassigned,0,22,0,0.0,0.0,90036.0,0.0,0.0,-22,0,19,0,-19,0,,0,3,0,-3,0
2020-10-14,US,New York,Warren,432,33,0,43.56173026,-73.8433699,36113.0,675.5911422494682,7.638888888888888,399,431,33,0,398,430,64265,1,0,0,1,1
2020-10-14,US,New York,Washington,322,14,0,43.31153794,-73.43043448,36115.0,526.1094046140776,4.3478260869565215,308,319,14,0,305,318,61197,3,0,0,3,1
2020-10-14,US,New York,Wayne,367,5,0,43.15494365,-77.02976528,36117.0,408.14964745657153,1.3623978201634876,362,365,5,0,360,365,90064,2,0,0,2,0
2020-10-14,US,New York,Westchester,39118,1460,0,41.16278376,-73.75741653,36119.0,4043.1790603882564,3.7322971522061454,37658,39064,1460,0,37604,39001,967612,54,0,0,54,63
2020-10-14,US,New York,Wyoming,156,5,0,42.70145109,-78.22199579,36121.0,391.37961313630547,3.2051282051282053,151,153,5,0,148,152,40085,3,0,0,3,1
2020-10-14,US,New York,Yates,77,7,0,42.63505484,-77.10369919,36123.0,309.07558302894074,9.090909090909092,70,77,7,0,70,72,24841,0,0,0,0,5
2020-10-14,US,North Carolina,Alamance,4555,59,0,36.0434701,-79.39976137,37001.0,2687.172952468601,1.2952799121844127,4496,4512,59,0,4453,4464,166436,43,0,0,43,48
2020-10-14,US,North Carolina,Alexander,623,8,0,35.922379600000006,-81.17751948,37003.0,1661.466250633384,1.2841091492776886,615,608,8,0,600,593,37353,15,0,0,15,15
2020-10-14,US,North Carolina,Alleghany,258,1,0,36.49360862,-81.12857041,37005.0,2316.6023166023165,0.3875968992248062,257,257,1,0,256,257,11161,1,0,0,1,0
2020-10-14,US,North Carolina,Anson,678,8,0,34.97403241,-80.09953279,37007.0,2773.4598707354985,1.1799410029498525,670,675,8,0,667,671,24877,3,0,0,3,4
2020-10-14,US,North Carolina,Ashe,336,1,0,36.43296207,-81.49862729,37009.0,1235.1578869977575,0.2976190476190476,335,334,1,0,333,330,27109,2,0,0,2,4
2020-10-14,US,North Carolina,Avery,475,0,0,36.07569796,-81.92308483,37011.0,2705.4736002733953,0.0,475,473,0,0,473,470,17505,2,0,0,2,3
2020-10-14,US,North Carolina,Beaufort,1149,32,0,35.48531943,-76.84325809,37013.0,2444.992977826957,2.7850304612706696,1117,1137,30,0,1107,1123,47079,12,2,0,10,14
2020-10-14,US,North Carolina,Bertie,663,13,0,36.0688473,-76.96545943,37015.0,3499.234707341532,1.96078431372549,650,661,13,0,648,659,19026,2,0,0,2,2
2020-10-14,US,North Carolina,Bladen,993,19,0,34.61296243,-78.56180059,37017.0,3034.6555833995476,1.9133937562940584,974,988,19,0,969,983,33190,5,0,0,5,5
2020-10-14,US,North Carolina,Brunswick,1915,30,0,34.070565,-78.22814204,37019.0,1340.8486206413668,1.566579634464752,1885,1902,30,0,1872,1890,136744,13,0,0,13,12
2020-10-14,US,North Carolina,Buncombe,3643,93,0,35.61113393,-82.53305,37021.0,1394.7647506996796,2.5528410650562723,3550,3613,92,0,3521,3591,259103,30,1,0,29,22
2020-10-14,US,North Carolina,Burke,2407,45,0,35.74989637,-81.70755735,37023.0,2660.1094103995138,1.8695471541337765,2362,2382,45,0,2337,2386,90382,25,0,0,25,-4
2020-10-14,US,North Carolina,Cabarrus,4451,82,0,35.3877799,-80.55267168,37025.0,2056.335555524756,1.8422826331161537,4369,4428,82,0,4346,4397,211342,23,0,0,23,31
2020-10-14,US,North Carolina,Caldwell,2032,19,0,35.95204977,-81.54799522,37027.0,2472.681252890068,0.9350393700787402,2013,2020,18,0,2002,2003,82029,12,1,0,11,17
2020-10-14,US,North Carolina,Camden,129,3,0,36.33804939,-76.15568396,37029.0,1187.080150915616,2.3255813953488373,126,129,3,0,126,128,10710,0,0,0,0,1
2020-10-14,US,North Carolina,Carteret,932,5,0,34.8932941,-76.54120135,37031.0,1341.5283635369135,0.5364806866952789,927,914,5,0,909,905,69524,18,0,0,18,9
2020-10-14,US,North Carolina,Caswell,528,5,0,36.39312665,-79.33353281,37033.0,2335.869757565033,0.946969696969697,523,515,5,0,510,512,22698,13,0,0,13,3
2020-10-14,US,North Carolina,Catawba,3731,57,0,35.66211129,-81.2132617,37035.0,2338.437239503356,1.527740552130796,3674,3663,55,0,3608,3636,158652,68,2,0,66,27
2020-10-14,US,North Carolina,Chatham,1825,60,0,35.70394416,-79.25541492,37037.0,2450.6512689673696,3.287671232876712,1765,1811,60,0,1751,1805,73139,14,0,0,14,6
2020-10-14,US,North Carolina,Cherokee,711,12,0,35.1349263,-84.05970864,37039.0,2484.9713406962114,1.6877637130801688,699,711,12,0,699,710,28383,0,0,0,0,1
2020-10-14,US,North Carolina,Chowan,472,5,0,36.12908077,-76.60118385,37041.0,3385.211217098185,1.0593220338983051,467,461,4,0,457,458,14029,11,1,0,10,3
2020-10-14,US,North Carolina,Clay,157,3,0,35.05704275,-83.74353633,37043.0,1397.9164811681949,1.9108280254777068,154,157,3,0,154,154,11139,0,0,0,0,3
2020-10-14,US,North Carolina,Cleveland,2726,74,0,35.33553364,-81.55204486,37045.0,2783.1378194329577,2.714600146735143,2652,2706,74,0,2632,2674,97645,20,0,0,20,32
2020-10-14,US,North Carolina,Columbus,1535,59,0,34.26744084,-78.65801424,37047.0,2765.3671542840666,3.8436482084690553,1476,1524,59,0,1465,1507,55655,11,0,0,11,17
2020-10-14,US,North Carolina,Craven,2015,50,0,35.11833364,-77.08398081,37049.0,1972.8017701367746,2.481389578163772,1965,2003,48,0,1955,1970,102912,12,2,0,10,33
2020-10-14,US,North Carolina,Cumberland,6262,88,0,35.04762133,-78.82623165,37051.0,1866.4178904291687,1.4053018205046308,6174,6210,83,0,6127,6168,332330,52,5,0,47,42
2020-10-14,US,North Carolina,Currituck,209,4,0,36.36123664,-75.95876401,37053.0,752.8004898606058,1.9138755980861244,205,207,4,0,203,207,27072,2,0,0,2,0
2020-10-14,US,North Carolina,Dare,312,3,0,35.66520691,-75.71767334,37055.0,843.0381799021858,0.9615384615384616,309,309,3,0,306,305,36501,3,0,0,3,4
2020-10-14,US,North Carolina,Davidson,3296,42,0,35.79115496,-80.21256572,37057.0,1966.4815135225435,1.2742718446601942,3254,3265,41,0,3224,3230,166614,31,1,0,30,35
2020-10-14,US,North Carolina,Davie,663,6,0,35.93099927,-80.54496571,37059.0,1547.4023246043967,0.9049773755656108,657,651,6,0,645,645,42733,12,0,0,12,6
2020-10-14,US,North Carolina,Duplin,2617,54,0,34.93449805,-77.93140529,37061.0,4455.15057625849,2.0634314100114635,2563,2596,54,0,2542,2583,58856,21,0,0,21,13
2020-10-14,US,North Carolina,Durham,8360,97,0,36.03638492,-78.87608331,37063.0,2600.4081023241924,1.1602870813397128,8263,8327,97,0,8230,8299,316739,33,0,0,33,28
2020-10-14,US,North Carolina,Edgecombe,1661,52,0,35.91230639,-77.59436892,37065.0,3226.9972023624487,3.13064419024684,1609,1644,53,0,1591,1622,52005,17,-1,0,18,22
2020-10-14,US,North Carolina,Forsyth,7813,106,0,36.12859861,-80.25459052,37067.0,2043.7097006238641,1.3567131703570972,7707,7742,105,0,7637,7682,379099,71,1,0,70,60
2020-10-14,US,North Carolina,Franklin,1350,31,0,36.081519,-78.28708884,37069.0,1937.2892301069091,2.2962962962962963,1319,1345,31,0,1314,1342,67560,5,0,0,5,3
2020-10-14,US,North Carolina,Gaston,6255,100,0,35.29373559,-81.17477045,37071.0,2785.831674304878,1.5987210231814548,6155,6188,99,0,6089,6096,222846,67,1,0,66,92
2020-10-14,US,North Carolina,Gates,158,3,0,36.44667547,-76.69749701,37073.0,1366.5455803494206,1.8987341772151896,155,158,3,0,155,157,11573,0,0,0,0,1
2020-10-14,US,North Carolina,Graham,221,7,0,35.3506925,-83.83369267,37075.0,2618.1732022272245,3.1674208144796383,214,221,7,0,214,223,8484,0,0,0,0,-2
2020-10-14,US,North Carolina,Granville,1855,50,0,36.30337451,-78.65184241,37077.0,3069.0071637741344,2.6954177897574123,1805,1846,50,0,1796,1838,60115,9,0,0,9,8
2020-10-14,US,North Carolina,Greene,782,7,0,35.48544173,-77.67578087,37079.0,3711.6142199439937,0.8951406649616368,775,777,7,0,770,768,21012,5,0,0,5,9
2020-10-14,US,North Carolina,Guilford,10088,191,0,36.07959451,-79.78824948,37081.0,1877.976223718944,1.893338620142744,9897,9947,191,0,9756,9863,533670,141,0,0,141,84
2020-10-14,US,North Carolina,Halifax,1185,23,0,36.25669272,-77.6556109,37083.0,2369.526094781044,1.940928270042194,1162,1176,22,0,1154,1160,50574,9,1,0,8,16
2020-10-14,US,North Carolina,Harnett,2599,65,0,35.36731853,-78.87243571,37085.0,1911.3667117726652,2.5009619084263184,2534,2581,63,0,2518,2551,134214,18,2,0,16,30
2020-10-14,US,North Carolina,Haywood,663,35,0,35.55269063,-82.98196486,37087.0,1063.915143540286,5.279034690799397,628,661,35,0,626,656,61971,2,0,0,2,5
2020-10-14,US,North Carolina,Henderson,2250,64,0,35.33788927,-82.4766782,37089.0,1916.2472214415286,2.844444444444445,2186,2236,64,0,2172,2212,116748,14,0,0,14,24
2020-10-14,US,North Carolina,Hertford,833,34,0,36.3607755,-76.98104134,37091.0,3518.182202137095,4.081632653061225,799,826,34,0,792,825,23659,7,0,0,7,1
2020-10-14,US,North Carolina,Hoke,1385,21,0,35.01888303,-79.23651674,37093.0,2507.513488068943,1.516245487364621,1364,1376,21,0,1355,1371,54764,9,0,0,9,5
2020-10-14,US,North Carolina,Hyde,149,5,0,35.42017674,-76.15180542,37095.0,3018.0271419890623,3.355704697986577,144,149,5,0,144,149,5230,0,0,0,0,0
2020-10-14,US,North Carolina,Iredell,3418,34,0,35.80950511,-80.8743128,37097.0,1880.0259617394368,0.994733762434172,3384,3397,34,0,3363,3363,178435,21,0,0,21,34
2020-10-14,US,North Carolina,Jackson,777,7,0,35.28814273,-83.14093385,37099.0,1768.4009285811826,0.9009009009009008,770,769,7,0,762,766,43327,8,0,0,8,3
2020-10-14,US,North Carolina,Johnston,5010,58,0,35.51745004,-78.36622717,37101.0,2393.247316553533,1.157684630738523,4952,4957,59,0,4898,4928,202675,53,-1,0,54,29
2020-10-14,US,North Carolina,Jones,170,14,0,35.02254606,-77.35870791,37103.0,1804.8625119439428,8.235294117647058,156,170,14,0,156,174,9637,0,0,0,0,-4
2020-10-14,US,North Carolina,Lee,1866,16,0,35.47623147,-79.17569362,37105.0,3020.443840139853,0.857449088960343,1850,1842,16,0,1826,1836,61452,24,0,0,24,6
2020-10-14,US,North Carolina,Lenoir,1171,34,0,35.24032589999999,-77.64245615,37107.0,2092.977533110512,2.9035012809564478,1137,1161,34,0,1127,1142,55976,10,0,0,10,19
2020-10-14,US,North Carolina,Lincoln,2043,16,0,35.48508185,-81.21740317,37109.0,2372.5191903473424,0.7831620166421929,2027,2020,16,0,2004,2000,83770,23,0,0,23,20
2020-10-14,US,North Carolina,Macon,684,7,0,35.14867843,-83.41696617,37113.0,1907.5241229293329,1.023391812865497,677,685,2,0,683,683,35285,-1,5,0,-6,2
2020-10-14,US,North Carolina,Madison,131,1,0,35.85402722,-82.71346418,37115.0,602.1604228912894,0.7633587786259542,130,130,1,0,129,130,21763,1,0,0,1,0
2020-10-14,US,North Carolina,Martin,568,15,0,35.84326734,-77.10860251,37117.0,2531.194295900178,2.640845070422535,553,557,15,0,542,552,22671,11,0,0,11,5
2020-10-14,US,North Carolina,McDowell,1168,31,0,35.67736232,-82.0482425,37111.0,2552.6706879972025,2.6541095890410955,1137,1155,30,0,1125,1136,45507,13,1,0,12,19
2020-10-14,US,North Carolina,Mecklenburg,30818,373,0,35.24469268,-80.8317671,37119.0,2775.506234036651,1.210331624375365,30445,30670,367,0,30303,30502,1093901,148,6,0,142,168
2020-10-14,US,North Carolina,Mitchell,177,4,0,36.01059309,-82.1582442,37121.0,1182.8388131515635,2.2598870056497176,173,177,3,0,174,174,15000,0,1,0,-1,3
2020-10-14,US,North Carolina,Montgomery,1101,38,0,35.33155144,-79.90416657,37123.0,4051.8161410223374,3.4514078110808355,1063,1095,36,0,1059,1093,27271,6,2,0,4,2
2020-10-14,US,North Carolina,Moore,2045,36,0,35.30885257,-79.48474178,37125.0,2027.1609833465507,1.7603911980440097,2009,2009,36,0,1973,1997,98682,36,0,0,36,12
2020-10-14,US,North Carolina,Nash,2918,54,0,35.96575634,-77.98422508,37127.0,3094.445269252795,1.850582590815627,2864,2882,53,0,2829,2851,94016,36,1,0,35,31
2020-10-14,US,North Carolina,New Hanover,4751,35,0,34.25758282,-77.87075626,37129.0,2026.246092300606,0.7366870132603662,4716,4723,35,0,4688,4696,232274,28,0,0,28,27
2020-10-14,US,North Carolina,Northampton,513,17,0,36.41736238,-77.39769443,37131.0,2633.0647230919253,3.313840155945419,496,510,17,0,493,507,19676,3,0,0,3,3
2020-10-14,US,North Carolina,Onslow,2751,26,0,34.72607366,-77.42908179,37133.0,1389.82913841708,0.9451108687749911,2725,2716,26,0,2690,2645,197683,35,0,0,35,71
2020-10-14,US,North Carolina,Orange,2874,57,0,36.06092947,-79.12167935,37135.0,1935.6663703224765,1.9832985386221291,2817,2855,57,0,2798,2843,146027,19,0,0,19,12
2020-10-14,US,North Carolina,Pamlico,294,2,0,35.15253315,-76.66559823,37137.0,2310.231023102311,0.6802721088435374,292,294,2,0,292,294,12670,0,0,0,0,0
2020-10-14,US,North Carolina,Pasquotank,797,33,0,36.26723798,-76.25134778,37139.0,2001.3057452792289,4.1405269761606025,764,795,33,0,762,794,39639,2,0,0,2,1
2020-10-14,US,North Carolina,Pender,1144,8,0,34.52265624,-77.90352133,37141.0,1814.1452584839835,0.6993006993006993,1136,1138,8,0,1130,1133,62162,6,0,0,6,5
2020-10-14,US,North Carolina,Perquimans,213,3,0,36.17847453,-76.40603143,37143.0,1582.1139419148776,1.4084507042253518,210,213,3,0,210,213,13422,0,0,0,0,0
2020-10-14,US,North Carolina,Person,525,9,0,36.38989032,-78.97217358,37145.0,1329.4504937958975,1.7142857142857142,516,520,9,0,511,515,39507,5,0,0,5,5
2020-10-14,US,North Carolina,Pitt,5593,35,0,35.59535426,-77.37353178,37147.0,3094.466145112923,0.6257822277847309,5558,5537,35,0,5502,5507,179914,56,0,0,56,30
2020-10-14,US,North Carolina,Polk,356,11,0,35.27820615,-82.16812354,37149.0,1717.815093611272,3.0898876404494384,345,354,11,0,343,351,20611,2,0,0,2,3
2020-10-14,US,North Carolina,Randolph,3291,57,0,35.71015088,-79.80570339,37151.0,2290.7139426590657,1.731996353691887,3234,3257,57,0,3200,3224,143351,34,0,0,34,33
2020-10-14,US,North Carolina,Richmond,1201,23,0,35.00417719,-79.74491009,37153.0,2679.0693524281155,1.9150707743547044,1178,1187,22,0,1165,1180,44887,14,1,0,13,7
2020-10-14,US,North Carolina,Robeson,5415,85,0,34.64244496,-79.10250529999998,37155.0,4145.454545454545,1.5697137580794094,5330,5340,85,0,5255,5283,131831,75,0,0,75,57
2020-10-14,US,North Carolina,Rockingham,1605,17,0,36.39593137,-79.77504841,37157.0,1763.5424678606744,1.059190031152648,1588,1597,17,0,1580,1582,90690,8,0,0,8,15
2020-10-14,US,North Carolina,Rowan,3787,108,0,35.64003916,-80.52446628,37159.0,2665.249704408536,2.8518616318986005,3679,3776,107,0,3669,3773,141262,11,1,0,10,3
2020-10-14,US,North Carolina,Rutherford,1487,45,0,35.40114178,-81.92112099,37161.0,2218.442763579943,3.0262273032952254,1442,1474,44,0,1430,1462,66826,13,1,0,12,12
2020-10-14,US,North Carolina,Sampson,2472,28,0,34.98820368,-78.36914061,37163.0,3891.013835765217,1.132686084142395,2444,2455,28,0,2427,2438,63626,17,0,0,17,17
2020-10-14,US,North Carolina,Scotland,1464,18,0,34.8386299,-79.4757978,37165.0,4204.1179680096475,1.2295081967213115,1446,1448,18,0,1430,1438,34810,16,0,0,16,10
2020-10-14,US,North Carolina,Stanly,2298,57,0,35.31647813,-80.25093221,37167.0,3658.8860936853166,2.4804177545691912,2241,2280,57,0,2223,2260,62075,18,0,0,18,20
2020-10-14,US,North Carolina,Stokes,578,5,0,36.4017975,-80.23893369,37169.0,1267.7940821653394,0.8650519031141869,573,553,5,0,548,551,45467,25,0,0,25,2
2020-10-14,US,North Carolina,Surry,1530,26,0,36.41689489,-80.69102283,37171.0,2131.423874733572,1.699346405228758,1504,1512,26,0,1486,1503,71948,18,0,0,18,9
2020-10-14,US,North Carolina,Swain,196,3,0,35.48665845,-83.48748932,37173.0,1373.4146170555673,1.5306122448979589,193,191,3,0,188,176,14245,5,0,0,5,15
2020-10-14,US,North Carolina,Transylvania,366,9,0,35.20383864,-82.79638423,37175.0,1064.4176239639378,2.459016393442623,357,364,9,0,355,360,34215,2,0,0,2,4
2020-10-14,US,North Carolina,Tyrrell,118,3,0,35.87147226,-76.17055253,37177.0,2938.2470119521918,2.5423728813559316,115,118,3,0,115,118,4131,0,0,0,0,0
2020-10-14,US,North Carolina,Union,5441,61,0,34.98960527,-80.52955873,37179.0,2268.4160277496358,1.1211174416467562,5380,5405,61,0,5344,5364,235908,36,0,0,36,41
2020-10-14,US,North Carolina,Vance,1119,46,0,36.36880673,-78.40670845,37181.0,2512.630515325025,4.110813226094727,1073,1118,46,0,1072,1111,44582,1,0,0,1,7
2020-10-14,US,North Carolina,Wake,19334,262,0,35.78879266,-78.65249174,37183.0,1739.0428338464828,1.355125685321196,19072,19251,260,0,18991,19160,1092305,83,2,0,81,91
2020-10-14,US,North Carolina,Warren,381,7,0,36.39728256,-78.10652228,37185.0,1930.9715675840048,1.837270341207349,374,380,7,0,373,378,19807,1,0,0,1,2
2020-10-14,US,North Carolina,Washington,229,8,0,35.83810081,-76.57299037,37187.0,1977.5474956822104,3.4934497816593884,221,228,8,0,220,227,11859,1,0,0,1,1
2020-10-14,US,North Carolina,Watauga,1232,2,0,36.23103603,-81.70033724,37189.0,2193.0683375758763,0.16233766233766234,1230,1225,2,0,1223,1213,55945,7,0,0,7,12
2020-10-14,US,North Carolina,Wayne,3938,75,0,35.36438125,-78.00027268,37191.0,3198.2197821832037,1.9045200609446418,3863,3888,74,0,3814,3855,123248,50,1,0,49,33
2020-10-14,US,North Carolina,Wilkes,1488,36,0,36.2084135,-81.16232895,37193.0,2175.057007542536,2.419354838709677,1452,1465,36,0,1429,1455,68557,23,0,0,23,10
2020-10-14,US,North Carolina,Wilson,2554,61,0,35.70625477,-77.917978,37195.0,3122.211219911737,2.3884103367267038,2493,2535,61,0,2474,2511,81455,19,0,0,19,24
2020-10-14,US,North Carolina,Yadkin,864,9,0,36.16222629,-80.66239436,37197.0,2293.785010752117,1.0416666666666667,855,845,9,0,836,838,37543,19,0,0,19,7
2020-10-14,US,North Carolina,Yancey,238,0,0,35.90079156,-82.31237181,37199.0,1317.1730588300404,0.0,238,236,0,0,236,232,17903,2,0,0,2,4
2020-10-14,US,North Dakota,Adams,44,0,0,46.09686891,-102.5285397,38001.0,1985.559566787004,0.0,44,42,0,0,42,40,2294,2,0,0,2,2
2020-10-14,US,North Dakota,Barnes,276,1,0,46.93579637,-98.06605978,38003.0,2650.0240038406146,0.3623188405797101,275,274,1,0,273,270,10542,2,0,0,2,4
2020-10-14,US,North Dakota,Benson,418,8,0,48.0683985,-99.35916363,38005.0,6118.266978922718,1.9138755980861244,410,413,8,0,405,410,6962,5,0,0,5,3
2020-10-14,US,North Dakota,Billings,27,0,0,47.02366884,-103.3762965,38007.0,2909.4827586206898,0.0,27,27,0,0,27,27,919,0,0,0,0,0
2020-10-14,US,North Dakota,Bottineau,160,13,0,48.79106111,-100.8378166,38009.0,2546.959567016873,8.125,147,150,13,0,137,145,6411,10,0,0,10,5
2020-10-14,US,North Dakota,Bowman,81,2,0,46.11285362,-103.5203343,38011.0,2678.5714285714284,2.469135802469136,79,75,1,0,74,75,3076,6,1,0,5,0
2020-10-14,US,North Dakota,Burke,44,1,0,48.79094471,-102.51821170000001,38013.0,2080.3782505910167,2.272727272727273,43,44,1,0,43,45,2100,0,0,0,0,-1
2020-10-14,US,North Dakota,Burleigh,4970,64,0,46.97847375,-100.46452140000001,38015.0,5197.331269738355,1.2877263581488934,4906,4819,63,0,4756,4719,95273,151,1,0,150,100
2020-10-14,US,North Dakota,Cass,6917,78,0,46.93201724,-97.24447190000001,38017.0,3802.158055880785,1.1276564984820008,6839,6703,78,0,6625,6535,181516,214,0,0,214,168
2020-10-14,US,North Dakota,Cavalier,58,0,0,48.77286211,-98.46685243,38019.0,1541.7331206804888,0.0,58,58,0,0,58,60,3829,0,0,0,0,-2
2020-10-14,US,North Dakota,Dickey,175,0,0,46.11017712,-98.50490079999999,38021.0,3591.954022988505,0.0,175,174,0,0,174,169,4903,1,0,0,1,5
2020-10-14,US,North Dakota,Divide,32,1,0,48.814938700000006,-103.48736109999999,38023.0,1413.427561837456,3.125,31,29,1,0,28,24,2283,3,0,0,3,5
2020-10-14,US,North Dakota,Dunn,175,4,0,47.35423935,-102.61604679999999,38025.0,3955.6962025316457,2.2857142857142856,171,171,4,0,167,168,4332,4,0,0,4,3
2020-10-14,US,North Dakota,Eddy,136,3,0,47.71701474,-98.90432337,38027.0,5946.655006558811,2.2058823529411766,133,133,3,0,130,132,2313,3,0,0,3,1
2020-10-14,US,North Dakota,Emmons,257,7,0,46.28398398,-100.2389766,38029.0,7929.651342178341,2.723735408560312,250,252,7,0,245,249,3295,5,0,0,5,3
2020-10-14,US,North Dakota,Foster,111,1,0,47.457108399999996,-98.88279923,38031.0,3457.943925233645,0.9009009009009008,110,106,1,0,105,93,3216,5,0,0,5,13
2020-10-14,US,North Dakota,Golden Valley,91,0,0,46.94022281,-103.8465421,38033.0,5167.518455423056,0.0,91,89,0,0,89,90,1769,2,0,0,2,-1
2020-10-14,US,North Dakota,Grand Forks,2777,14,0,47.92093639,-97.45450447,38035.0,3998.5025413600956,0.5041411595246669,2763,2746,14,0,2732,2707,70770,31,0,0,31,39
2020-10-14,US,North Dakota,Grant,53,1,0,46.35821257,-101.63900129999999,38037.0,2330.694810905893,1.8867924528301887,52,50,1,0,49,50,2374,3,0,0,3,0
2020-10-14,US,North Dakota,Griggs,66,1,0,47.45785838,-98.23850925,38039.0,2958.314657104437,1.5151515151515151,65,66,1,0,65,64,2232,0,0,0,0,2
2020-10-14,US,North Dakota,Hettinger,84,1,0,46.43375068,-102.4632417,38041.0,3361.344537815126,1.1904761904761905,83,83,1,0,82,81,2514,1,0,0,1,2
2020-10-14,US,North Dakota,Kidder,68,1,0,46.97830064,-99.77507857,38043.0,2741.935483870968,1.4705882352941178,67,65,1,0,64,65,2450,3,0,0,3,0
2020-10-14,US,North Dakota,LaMoure,137,3,0,46.45681054,-98.53542355,38045.0,3386.0603064755314,2.18978102189781,134,136,0,0,136,135,4062,1,3,0,-2,1
2020-10-14,US,North Dakota,Logan,101,0,0,46.45729487,-99.47719806,38047.0,5459.459459459459,0.0,101,93,0,0,93,93,1903,8,0,0,8,0
2020-10-14,US,North Dakota,McHenry,123,9,0,48.23104458,-100.6324822,38049.0,2140.992167101828,7.317073170731707,114,122,9,0,113,122,5816,1,0,0,1,0
2020-10-14,US,North Dakota,McIntosh,129,4,0,46.11182017,-99.44145858,38051.0,5166.199439327193,3.1007751937984502,125,122,3,0,119,119,2585,7,1,0,6,3
2020-10-14,US,North Dakota,McKenzie,379,3,0,47.74133370000001,-103.395905,38053.0,2522.6304579339717,0.7915567282321899,376,362,3,0,359,357,13632,17,0,0,17,5
2020-10-14,US,North Dakota,McLean,383,5,0,47.60766714,-101.3182418,38055.0,4052.9100529100533,1.3054830287206267,378,376,4,0,372,374,9541,7,1,0,6,2
2020-10-14,US,North Dakota,Mercer,290,2,0,47.31213126,-101.8318399,38057.0,3542.201050445829,0.6896551724137931,288,278,1,0,277,277,8267,12,1,0,11,1
2020-10-14,US,North Dakota,Morton,1728,44,0,46.71681782,-101.2822377,38059.0,5509.501339114909,2.5462962962962963,1684,1684,44,0,1640,1645,31095,44,0,0,44,39
2020-10-14,US,North Dakota,Mountrail,374,6,0,48.20197971,-102.3555315,38061.0,3546.7045993361785,1.60427807486631,368,367,6,0,361,360,10218,7,0,0,7,7
2020-10-14,US,North Dakota,Nelson,134,3,0,47.9226426,-98.19038437,38063.0,4654.393886766238,2.238805970149253,131,133,3,0,130,126,2869,1,0,0,1,7
2020-10-14,US,North Dakota,Oliver,52,0,0,47.11530482,-101.3406158,38065.0,2654.4155181214905,0.0,52,45,0,0,45,40,1952,7,0,0,7,5
2020-10-14,US,North Dakota,Pembina,146,0,0,48.76623521,-97.5523809,38067.0,2146.7431260108806,0.0,146,148,0,0,148,146,6947,-2,0,0,-2,2
2020-10-14,US,North Dakota,Pierce,42,0,0,48.24977025,-99.96407787,38069.0,1056.6037735849056,0.0,42,41,0,0,41,40,4081,1,0,0,1,1
2020-10-14,US,North Dakota,Ramsey,358,3,0,48.26886249,-98.72223879,38071.0,3107.9086726278333,0.8379888268156425,355,349,3,0,346,347,11481,9,0,0,9,2
2020-10-14,US,North Dakota,Ransom,104,0,0,46.45621782,-97.65742504,38073.0,1993.1008049060943,0.0,104,104,0,0,104,102,5237,0,0,0,0,2
2020-10-14,US,North Dakota,Renville,93,2,0,48.71982533,-101.6603912,38075.0,3996.5620971207563,2.150537634408602,91,93,2,0,91,95,2374,0,0,0,0,-2
2020-10-14,US,North Dakota,Richland,295,3,0,46.26440649,-96.94852979,38077.0,1823.576682944922,1.0169491525423728,292,292,3,0,289,294,16239,3,0,0,3,-2
2020-10-14,US,North Dakota,Rolette,261,7,0,48.77245354,-99.84097493,38079.0,1841.1399548532727,2.681992337164751,254,258,7,0,251,257,14301,3,0,0,3,1
2020-10-14,US,North Dakota,Sargent,103,1,0,46.10830372,-97.63217159,38081.0,2642.380708055413,0.9708737864077671,102,101,1,0,100,97,3870,2,0,0,2,4
2020-10-14,US,North Dakota,Sheridan,20,1,0,47.57700669,-100.3426391,38083.0,1520.912547528517,5.0,19,19,1,0,18,19,1349,1,0,0,1,0
2020-10-14,US,North Dakota,Sioux,204,3,0,46.11323337,-101.04401490000001,38085.0,4822.695035460994,1.4705882352941178,201,200,3,0,197,192,4358,4,0,0,4,8
2020-10-14,US,North Dakota,Slope,11,0,0,46.44737738,-103.4601547,38087.0,1466.666666666667,0.0,11,11,0,0,11,11,763,0,0,0,0,0
2020-10-14,US,North Dakota,Stark,2089,25,0,46.80851182,-102.65763259999999,38089.0,6634.06268855791,1.1967448539971275,2064,2064,25,0,2039,2060,30997,25,0,0,25,4
2020-10-14,US,North Dakota,Steele,31,0,0,47.45611548,-97.72728747,38091.0,1640.2116402116405,0.0,31,31,0,0,31,31,1903,0,0,0,0,0
2020-10-14,US,North Dakota,Stutsman,632,4,0,46.97962541,-98.95637318,38093.0,3052.5502318392582,0.6329113924050633,628,626,4,0,622,615,20917,6,0,0,6,11
2020-10-14,US,North Dakota,Towner,55,0,0,48.68565745,-99.24564265,38095.0,2512.562814070352,0.0,55,55,0,0,55,53,2192,0,0,0,0,2
2020-10-14,US,North Dakota,Traill,173,2,0,47.45367788,-97.16323288,38097.0,2152.812344449975,1.1560693641618498,171,171,2,0,169,163,8037,2,0,0,2,8
2020-10-14,US,North Dakota,Walsh,293,2,0,48.36876964,-97.72574783,38099.0,2753.5006108448456,0.6825938566552902,291,286,2,0,284,279,10667,7,0,0,7,7
2020-10-14,US,North Dakota,Ward,1633,22,0,48.22390169,-101.54367629999999,38101.0,2414.216229801452,1.3472137170851195,1611,1579,22,0,1557,1553,67744,54,0,0,54,26
2020-10-14,US,North Dakota,Wells,63,0,0,47.58614526,-99.65904998,38103.0,1643.1924882629107,0.0,63,62,0,0,62,59,3957,1,0,0,1,3
2020-10-14,US,North Dakota,Williams,1491,10,0,48.34522353,-103.4793387,38105.0,3966.5859692995286,0.6706908115358821,1481,1467,10,0,1457,1457,35350,24,0,0,24,10
2020-10-14,US,Ohio,Adams,180,6,0,38.84541072,-83.4718964,39001.0,649.8664163477508,3.333333333333333,174,178,4,0,174,173,27724,2,2,0,0,5
2020-10-14,US,Ohio,Allen,1819,72,0,40.77285242,-84.10802343,39003.0,1777.217613897275,3.9582188015393074,1747,1776,72,0,1704,1745,102663,43,0,0,43,31
2020-10-14,US,Ohio,Ashland,351,5,0,40.84772277,-82.27280781,39005.0,656.2710343280232,1.4245014245014245,346,349,5,0,344,343,53745,2,0,0,2,6
2020-10-14,US,Ohio,Ashtabula,692,48,0,41.70860332,-80.74830218,39007.0,711.6339815509918,6.9364161849710975,644,690,48,0,642,689,97493,2,0,0,2,1
2020-10-14,US,Ohio,Athens,1073,2,0,39.33425634,-82.04278644,39009.0,1642.5061613115554,0.1863932898415657,1071,1053,2,0,1051,1027,65818,20,0,0,20,26
2020-10-14,US,Ohio,Auglaize,823,16,0,40.55998859,-84.22421429999999,39011.0,1802.6108288067285,1.9441069258809236,807,794,16,0,778,774,45804,29,0,0,29,20
2020-10-14,US,Ohio,Belmont,749,27,0,40.01625942,-80.9924051,39013.0,1117.8103453422082,3.6048064085447264,722,744,27,0,717,744,67505,5,0,0,5,0
2020-10-14,US,Ohio,Brown,334,3,0,38.93416837,-83.86788395,39015.0,769.0182354024682,0.8982035928143712,331,328,3,0,325,318,43602,6,0,0,6,10
2020-10-14,US,Ohio,Butler,7423,118,0,39.44012838,-84.57388716,39017.0,1937.4422525800367,1.5896537787956353,7305,7335,117,0,7218,7253,382378,88,1,0,87,82
2020-10-14,US,Ohio,Carroll,177,7,0,40.578968599999996,-81.09178213,39019.0,657.6502935275321,3.9548022598870056,170,174,7,0,167,175,27081,3,0,0,3,-1
2020-10-14,US,Ohio,Champaign,361,3,0,40.13923427,-83.76875242,39021.0,928.3785521409284,0.8310249307479224,358,353,3,0,350,350,38754,8,0,0,8,3
2020-10-14,US,Ohio,Clark,2197,52,0,39.91592258,-83.78498252,39023.0,1638.5373238963925,2.366863905325444,2145,2167,52,0,2115,2152,134585,30,0,0,30,15
2020-10-14,US,Ohio,Clermont,2130,36,0,39.04847534,-84.15375786,39025.0,1031.836766330149,1.6901408450704225,2094,2091,36,0,2055,2039,205466,39,0,0,39,52
2020-10-14,US,Ohio,Clinton,377,13,0,39.41485808,-83.80852286,39027.0,898.3034693099504,3.4482758620689653,364,372,13,0,359,367,42057,5,0,0,5,5
2020-10-14,US,Ohio,Columbiana,2042,86,0,40.76932373,-80.78094576,39029.0,2004.259788188412,4.211557296767873,1956,2027,86,0,1941,2024,102665,15,0,0,15,3
2020-10-14,US,Ohio,Coshocton,276,11,0,40.30096166,-81.91729018,39031.0,754.0983606557378,3.985507246376812,265,271,11,0,260,269,36629,5,0,0,5,2
2020-10-14,US,Ohio,Crawford,353,7,0,40.85065156,-82.91989099,39033.0,850.7254060828071,1.9830028328611895,346,330,6,0,324,326,41550,23,1,0,22,4
2020-10-14,US,Ohio,Cuyahoga,18711,670,0,41.424119,-81.65918339,39035.0,1514.9724064669913,3.5807813585591366,18041,18620,667,0,17953,18538,1243857,91,3,0,88,82
2020-10-14,US,Ohio,Darke,1035,50,0,40.13412966,-84.6194517,39037.0,2024.9251658090893,4.8309178743961345,985,1007,50,0,957,1000,51323,28,0,0,28,7
2020-10-14,US,Ohio,Defiance,418,13,0,41.32398837,-84.49076944,39039.0,1097.4873316354663,3.1100478468899517,405,416,13,0,403,410,38165,2,0,0,2,6
2020-10-14,US,Ohio,Delaware,2662,26,0,40.27942393,-83.00457058,39041.0,1272.6064529083026,0.9767092411720508,2636,2639,26,0,2613,2614,204826,23,0,0,23,25
2020-10-14,US,Ohio,Erie,1075,52,0,41.36796058,-82.62904521,39043.0,1447.4995287210834,4.837209302325581,1023,1058,52,0,1006,1052,74615,17,0,0,17,6
2020-10-14,US,Ohio,Fairfield,2437,56,0,39.75107189,-82.63088163,39045.0,1546.5749425666668,2.2979072630283137,2381,2418,56,0,2362,2405,155782,19,0,0,19,13
2020-10-14,US,Ohio,Fayette,386,7,0,39.56021306,-83.4562016,39047.0,1353.1989482909728,1.8134715025906736,379,371,7,0,364,360,28666,15,0,0,15,11
2020-10-14,US,Ohio,Franklin,29698,635,0,39.96995815,-83.01115755,39049.0,2255.391279781524,2.138191123981413,29063,29507,635,0,28872,29327,1310300,191,0,0,191,180
2020-10-14,US,Ohio,Fulton,432,4,0,41.60213491,-84.12571393,39051.0,1025.4949437402079,0.925925925925926,428,422,3,0,419,410,42276,10,1,0,9,12
2020-10-14,US,Ohio,Gallia,252,13,0,38.82708533,-82.31647569,39053.0,842.8657435279953,5.158730158730159,239,248,13,0,235,248,29979,4,0,0,4,0
2020-10-14,US,Ohio,Geauga,781,50,0,41.49952319,-81.17935342,39055.0,833.9651250947687,6.402048655569782,731,773,50,0,723,770,94031,8,0,0,8,3
2020-10-14,US,Ohio,Greene,1951,39,0,39.69116283,-83.89032084,39057.0,1154.8683828882954,1.9989748846745257,1912,1914,38,0,1876,1890,167995,37,1,0,36,24
2020-10-14,US,Ohio,Guernsey,228,8,0,40.05026529,-81.49248905,39059.0,586.4951768488746,3.5087719298245608,220,221,8,0,213,220,39022,7,0,0,7,1
2020-10-14,US,Ohio,Hamilton,15140,337,0,39.19673558,-84.54502924,39061.0,1852.0489361728155,2.2258916776750333,14803,14907,337,0,14570,14773,816684,233,0,0,233,134
2020-10-14,US,Ohio,Hancock,909,18,0,41.00250487,-83.66838948,39063.0,1199.4774553659793,1.98019801980198,891,901,18,0,883,887,75930,8,0,0,8,14
2020-10-14,US,Ohio,Hardin,296,13,0,40.66015414,-83.65929931,39065.0,943.7270843296667,4.391891891891892,283,290,13,0,277,288,31480,6,0,0,6,2
2020-10-14,US,Ohio,Harrison,72,3,0,40.29380509,-81.09068544,39067.0,478.7234042553192,4.166666666666667,69,72,3,0,69,71,15174,0,0,0,0,1
2020-10-14,US,Ohio,Henry,417,17,0,41.333964200000004,-84.06830637,39069.0,1544.101310819818,4.076738609112709,400,412,17,0,395,410,27086,5,0,0,5,2
2020-10-14,US,Ohio,Highland,339,4,0,39.1839264,-83.60331456,39071.0,785.4312921387366,1.1799410029498525,335,331,4,0,327,312,43058,8,0,0,8,19
2020-10-14,US,Ohio,Hocking,187,9,0,39.49537927,-82.47991446,39073.0,661.6190206623266,4.81283422459893,178,184,9,0,175,182,28385,3,0,0,3,2
2020-10-14,US,Ohio,Holmes,491,10,0,40.56163713,-81.92635677,39075.0,1116.9244767970883,2.0366598778004072,481,482,10,0,472,476,43892,9,0,0,9,6
2020-10-14,US,Ohio,Huron,674,9,0,41.14651175,-82.59867951,39077.0,1156.763807366217,1.3353115727002969,665,664,8,0,656,654,58504,10,1,0,9,10
2020-10-14,US,Ohio,Jackson,365,7,0,39.01914254,-82.61818559999998,39079.0,1126.091383087033,1.9178082191780816,358,359,7,0,352,351,32384,6,0,0,6,8
2020-10-14,US,Ohio,Jefferson,412,4,0,40.38614126,-80.76259514,39081.0,630.6926903941829,0.9708737864077671,408,406,4,0,402,403,65767,6,0,0,6,3
2020-10-14,US,Ohio,Knox,327,15,0,40.39830217,-82.42027563,39083.0,524.6943294502744,4.587155963302751,312,323,15,0,308,322,61893,4,0,0,4,1
2020-10-14,US,Ohio,Lake,1777,57,0,41.69710807,-81.23676539,39085.0,772.1085036215669,3.2076533483398992,1720,1772,57,0,1715,1763,230514,5,0,0,5,9
2020-10-14,US,Ohio,Lawrence,831,24,0,38.59743452,-82.53466552,39087.0,1397.5076938600473,2.888086642599278,807,809,24,0,785,802,59866,22,0,0,22,7
2020-10-14,US,Ohio,Licking,2248,65,0,40.09136236,-82.48185785,39089.0,1271.0474833485996,2.8914590747330964,2183,2212,65,0,2147,2200,175769,36,0,0,36,12
2020-10-14,US,Ohio,Logan,365,3,0,40.38996525,-83.76784341,39091.0,799.1767384830969,0.821917808219178,362,360,3,0,357,356,45358,5,0,0,5,4
2020-10-14,US,Ohio,Lorain,2528,89,0,41.29553751,-82.15083537,39093.0,815.9234168084097,3.5205696202531644,2439,2513,89,0,2424,2503,309461,15,0,0,15,10
2020-10-14,US,Ohio,Lucas,7879,370,0,41.62101218,-83.65468618,39095.0,1839.3922698366748,4.696027414646529,7509,7823,370,0,7453,7793,429899,56,0,0,56,30
2020-10-14,US,Ohio,Madison,981,14,0,39.89381073,-83.40178317,39097.0,2193.1099237665153,1.4271151885830784,967,970,14,0,956,970,44413,11,0,0,11,0
2020-10-14,US,Ohio,Mahoning,3425,283,0,41.01631101,-80.77287029,39099.0,1497.7064320478567,8.262773722627736,3142,3400,282,0,3118,3388,229642,25,1,0,24,12
2020-10-14,US,Ohio,Marion,3281,48,0,40.58610662,-83.15736305,39101.0,5040.480543222773,1.462968607131972,3233,3263,48,0,3215,3255,65256,18,0,0,18,8
2020-10-14,US,Ohio,Medina,1676,42,0,41.11770589,-81.89986209999998,39103.0,932.4268690262927,2.505966587112172,1634,1647,42,0,1605,1629,179146,29,0,0,29,18
2020-10-14,US,Ohio,Meigs,198,12,0,39.09224872,-82.0305041,39105.0,864.3646047059848,6.0606060606060606,186,197,12,0,185,196,23106,1,0,0,1,1
2020-10-14,US,Ohio,Mercer,1363,27,0,40.54043046,-84.62912742,39107.0,3310.5022831050237,1.9809244314013208,1336,1336,27,0,1309,1317,40959,27,0,0,27,19
2020-10-14,US,Ohio,Miami,1819,56,0,40.0543329,-84.22871271,39109.0,1700.2065671530186,3.0786146234194613,1763,1792,56,0,1736,1774,106222,27,0,0,27,18
2020-10-14,US,Ohio,Monroe,124,18,0,39.72984936,-81.08464734,39111.0,908.1587813095064,14.516129032258064,106,121,18,0,103,119,13790,3,0,0,3,2
2020-10-14,US,Ohio,Montgomery,9302,183,0,39.75394919,-84.29050975,39113.0,1749.5255667338117,1.9673188561599653,9119,9154,183,0,8971,9075,532331,148,0,0,148,79
2020-10-14,US,Ohio,Morgan,61,0,0,39.62081738,-81.85308173,39115.0,420.4576785221946,0.0,61,59,0,0,59,60,14604,2,0,0,2,-1
2020-10-14,US,Ohio,Morrow,303,2,0,40.52363560000001,-82.7892599,39117.0,857.6766304347825,0.6600660066006601,301,296,2,0,294,294,35112,7,0,0,7,2
2020-10-14,US,Ohio,Muskingum,708,4,0,39.96575964,-81.94363275,39119.0,821.202806936148,0.5649717514124294,704,694,4,0,690,666,86183,14,0,0,14,28
2020-10-14,US,Ohio,Noble,89,0,0,39.76818851,-81.45937183,39121.0,617.0271769273434,0.0,89,86,0,0,86,86,14354,3,0,0,3,0
2020-10-14,US,Ohio,Ottawa,537,30,0,41.53781826,-83.0940185,39123.0,1325.107958050586,5.58659217877095,507,529,30,0,499,518,40769,8,0,0,8,11
2020-10-14,US,Ohio,Paulding,153,1,0,41.11676341,-84.5801017,39125.0,819.4087403598971,0.6535947712418301,152,148,0,0,148,149,18760,5,1,0,4,-1
2020-10-14,US,Ohio,Perry,337,11,0,39.73508655,-82.23804971,39127.0,932.6396191952176,3.264094955489614,326,336,11,0,325,334,36033,1,0,0,1,2
2020-10-14,US,Ohio,Pickaway,2884,46,0,39.64170392,-83.0243386,39129.0,4933.540893306191,1.59500693481276,2838,2822,46,0,2776,2808,58086,62,0,0,62,14
2020-10-14,US,Ohio,Pike,265,0,0,39.07634001,-83.06769584,39131.0,954.1984732824428,0.0,265,257,0,0,257,253,28067,8,0,0,8,4
2020-10-14,US,Ohio,Portage,1442,67,0,41.16793482,-81.19735782,39133.0,887.5703224059188,4.64632454923717,1375,1424,67,0,1357,1409,162927,18,0,0,18,15
2020-10-14,US,Ohio,Preble,533,17,0,39.7420247,-84.64787018,39135.0,1303.7522626094615,3.189493433395872,516,525,17,0,508,521,40997,8,0,0,8,4
2020-10-14,US,Ohio,Putnam,784,27,0,41.02094889,-84.1336111,39137.0,2315.3480405185906,3.4438775510204085,757,770,27,0,743,756,33780,14,0,0,14,14
2020-10-14,US,Ohio,Richland,1182,20,0,40.77180308,-82.53799609999999,39139.0,975.6178087392904,1.6920473773265652,1162,1160,20,0,1140,1150,121099,22,0,0,22,10
2020-10-14,US,Ohio,Ross,1181,31,0,39.33705391,-83.06000914,39141.0,1540.4481778102418,2.624894157493649,1150,1151,31,0,1120,1133,76931,30,0,0,30,18
2020-10-14,US,Ohio,Sandusky,667,22,0,41.35624126,-83.137872,39143.0,1139.8202262551692,3.2983508245877062,645,655,22,0,633,658,58799,12,0,0,12,-3
2020-10-14,US,Ohio,Scioto,713,8,0,38.80270163,-82.98907345,39145.0,946.7031362030963,1.1220196353436185,705,690,7,0,683,677,75502,23,1,0,22,13
2020-10-14,US,Ohio,Seneca,546,14,0,41.12351311,-83.12783209,39147.0,989.5248106129254,2.5641025641025643,532,539,14,0,525,535,55207,7,0,0,7,4
2020-10-14,US,Ohio,Shelby,808,14,0,40.33163494,-84.20258189,39149.0,1662.8935995060713,1.7326732673267329,794,799,14,0,785,792,48627,9,0,0,9,7
2020-10-14,US,Ohio,Stark,3453,178,0,40.81482476,-81.36437305,39151.0,931.7172414909636,5.154937735302635,3275,3408,178,0,3230,3360,371574,45,0,0,45,48
2020-10-14,US,Ohio,Summit,6084,259,0,41.12464734,-81.53123079,39153.0,1124.557080883454,4.25706771860618,5825,6032,258,0,5774,5943,541918,52,1,0,51,89
2020-10-14,US,Ohio,Trumbull,2114,133,0,41.31735028,-80.76109643,39155.0,1067.8169860688777,6.291390728476821,1981,2099,133,0,1966,2093,198627,15,0,0,15,6
2020-10-14,US,Ohio,Tuscarawas,1105,20,0,40.44214695,-81.47226262,39157.0,1201.2566993162075,1.8099547511312215,1085,1083,20,0,1063,1065,92176,22,0,0,22,18
2020-10-14,US,Ohio,Union,685,3,0,40.30016061,-83.37239023,39159.0,1161.253136231098,0.4379562043795621,682,676,2,0,674,673,57835,9,1,0,8,3
2020-10-14,US,Ohio,Van Wert,189,3,0,40.8554138,-84.59111700000003,39161.0,668.4350132625995,1.5873015873015872,186,180,3,0,177,179,28281,9,0,0,9,1
2020-10-14,US,Ohio,Vinton,74,3,0,39.25208988,-82.4831444,39163.0,565.533053114253,4.0540540540540535,71,74,3,0,71,72,13139,0,0,0,0,2
2020-10-14,US,Ohio,Warren,3679,59,0,39.42581994,-84.16557457,39165.0,1568.1878244857248,1.6036966567001902,3620,3606,59,0,3547,3564,232173,73,0,0,73,42
2020-10-14,US,Ohio,Washington,301,23,0,39.45690571,-81.49121382,39167.0,502.4119110013186,7.6411960132890355,278,300,23,0,277,293,60155,1,0,0,1,7
2020-10-14,US,Ohio,Wayne,1105,68,0,40.82925852,-81.88844833,39169.0,954.9736409990494,6.153846153846153,1037,1079,68,0,1011,1073,115967,26,0,0,26,6
2020-10-14,US,Ohio,Williams,280,4,0,41.56052014,-84.58429552,39171.0,763.1091246048186,1.4285714285714286,276,275,3,0,272,276,36804,5,1,0,4,-1
2020-10-14,US,Ohio,Wood,2286,81,0,41.36224827,-83.62285108,39173.0,1747.4793031486734,3.543307086614173,2205,2270,81,0,2189,2257,130696,16,0,0,16,13
2020-10-14,US,Ohio,Wyandot,268,13,0,40.84339621,-83.30734173,39175.0,1230.9388205033988,4.8507462686567155,255,258,13,0,245,251,21935,10,0,0,10,7
2020-10-14,US,Oklahoma,Adair,698,11,0,35.88494195,-94.65859267,40001.0,3144.9941425610527,1.5759312320916905,687,688,11,0,677,686,22082,10,0,0,10,2
2020-10-14,US,Oklahoma,Alfalfa,98,0,0,36.73090616,-98.32408495,40003.0,1718.6951946685376,0.0,98,95,0,0,95,93,5754,3,0,0,3,2
2020-10-14,US,Oklahoma,Atoka,369,1,0,34.37366573,-96.03802487,40005.0,2682.075883122547,0.27100271002710025,368,363,1,0,362,360,13838,6,0,0,6,3
2020-10-14,US,Oklahoma,Beaver,75,0,0,36.7496847,-100.4758872,40007.0,1412.1634343814724,0.0,75,74,0,0,74,73,5319,1,0,0,1,1
2020-10-14,US,Oklahoma,Beckham,733,8,0,35.26862449,-99.68128023,40009.0,3353.3098494899127,1.0914051841746248,725,727,8,0,719,728,21709,6,0,0,6,-1
2020-10-14,US,Oklahoma,Blaine,164,1,0,35.87518314,-98.43307003,40011.0,1739.3148796266833,0.6097560975609756,163,160,1,0,159,157,9485,4,0,0,4,3
2020-10-14,US,Oklahoma,Bryan,1254,5,0,33.96472458,-96.25903472,40013.0,2612.7721637670597,0.3987240829346093,1249,1223,5,0,1218,1210,47192,31,0,0,31,13
2020-10-14,US,Oklahoma,Caddo,1018,23,0,35.17364557,-98.37534464,40015.0,3539.392253668035,2.2593320235756384,995,999,23,0,976,975,28977,19,0,0,19,24
2020-10-14,US,Oklahoma,Canadian,3012,19,0,35.5426055,-97.98465569,40017.0,2030.9360376518812,0.6308100929614874,2993,2957,19,0,2938,2898,144447,55,0,0,55,59
2020-10-14,US,Oklahoma,Carter,695,9,0,34.25103751,-97.28552485,40019.0,1444.5760844713266,1.2949640287769784,686,681,9,0,672,672,48177,14,0,0,14,9
2020-10-14,US,Oklahoma,Cherokee,1269,8,0,35.90692775,-94.99980896,40021.0,2608.052284357852,0.6304176516942475,1261,1266,8,0,1258,1248,48675,3,0,0,3,18
2020-10-14,US,Oklahoma,Choctaw,386,2,0,34.02807439,-95.54771129,40023.0,2630.8615049073064,0.5181347150259067,384,380,2,0,378,376,14668,6,0,0,6,4
2020-10-14,US,Oklahoma,Cimarron,32,0,0,36.74817177,-102.5173885,40025.0,1497.4262985493685,0.0,32,32,0,0,32,32,2153,0,0,0,0,0
2020-10-14,US,Oklahoma,Cleveland,7269,84,0,35.20413532,-97.32519562,40027.0,2559.38087559064,1.1555922410235246,7185,7168,83,0,7085,7077,281669,101,1,0,100,91
2020-10-14,US,Oklahoma,Coal,77,0,0,34.58840127,-96.29798747,40029.0,1401.2738853503186,0.0,77,77,0,0,77,77,5520,0,0,0,0,0
2020-10-14,US,Oklahoma,Comanche,1973,15,0,34.65973764,-98.47195055,40031.0,1633.9679831717033,0.7602635580334516,1958,1964,15,0,1949,1913,120422,9,0,0,9,51
2020-10-14,US,Oklahoma,Cotton,77,3,0,34.28845626,-98.37053567,40033.0,1358.9834098129193,3.8961038961038965,74,78,3,0,75,76,5776,-1,0,0,-1,2
2020-10-14,US,Oklahoma,Craig,578,1,0,36.76268118,-95.20916602,40035.0,4087.116390892377,0.17301038062283736,577,577,1,0,576,574,14306,1,0,0,1,3
2020-10-14,US,Oklahoma,Creek,1407,36,0,35.90230551,-96.37086028,40037.0,1967.226867257627,2.55863539445629,1371,1381,35,0,1346,1359,71604,26,1,0,25,22
2020-10-14,US,Oklahoma,Custer,949,2,0,35.63853802,-99.00170785,40039.0,3272.075302554908,0.2107481559536354,947,952,2,0,950,924,29036,-3,0,0,-3,28
2020-10-14,US,Oklahoma,Delaware,1063,26,0,36.40823634,-94.80325046,40041.0,2471.5757167104557,2.4459078080903103,1037,1054,26,0,1028,1052,42733,9,0,0,9,2
2020-10-14,US,Oklahoma,Dewey,76,1,0,35.98772922,-99.00730714,40043.0,1553.8744632999387,1.3157894736842106,75,76,1,0,75,75,4894,0,0,0,0,1
2020-10-14,US,Oklahoma,Ellis,14,0,0,36.218019399999996,-99.75324573,40045.0,362.7882871210158,0.0,14,14,0,0,14,15,3952,0,0,0,0,-1
2020-10-14,US,Oklahoma,Garfield,2095,23,0,36.3791334,-97.78265517,40047.0,3431.2762054507343,1.0978520286396178,2072,2080,23,0,2057,2064,60913,15,0,0,15,16
2020-10-14,US,Oklahoma,Garvin,529,6,0,34.70418038,-97.30811132,40049.0,1908.9892100609866,1.1342155009451795,523,514,6,0,508,504,27811,15,0,0,15,10
2020-10-14,US,Oklahoma,Grady,1387,13,0,35.0167709,-97.88339847,40051.0,2484.1494429917257,0.9372746935832732,1374,1371,13,0,1358,1350,55551,16,0,0,16,21
2020-10-14,US,Oklahoma,Grant,70,1,0,36.796296999999996,-97.78638765,40053.0,1615.5088852988692,1.4285714285714286,69,68,1,0,67,67,4326,2,0,0,2,1
2020-10-14,US,Oklahoma,Greer,127,8,0,34.93535801,-99.56056120000001,40055.0,2223.389355742297,6.299212598425197,119,127,8,0,119,123,5821,0,0,0,0,4
2020-10-14,US,Oklahoma,Harmon,61,0,0,34.7440135,-99.84741652,40057.0,2299.283829626837,0.0,61,61,0,0,61,59,2664,0,0,0,0,2
2020-10-14,US,Oklahoma,Harper,42,1,0,36.78836519,-99.6679804,40059.0,1138.8286334056402,2.380952380952381,41,42,1,0,41,41,3797,0,0,0,0,1
2020-10-14,US,Oklahoma,Haskell,335,5,0,35.22257600000001,-95.11513306,40061.0,2653.045062168369,1.492537313432836,330,337,4,0,333,332,12668,-2,1,0,-3,5
2020-10-14,US,Oklahoma,Hughes,339,4,0,35.04912569,-96.24921145,40063.0,2552.903080051209,1.1799410029498525,335,334,4,0,330,327,13335,5,0,0,5,7
2020-10-14,US,Oklahoma,Jackson,976,11,0,34.58781741,-99.41138784,40065.0,3978.8014675907048,1.1270491803278688,965,961,11,0,950,943,24949,15,0,0,15,18
2020-10-14,US,Oklahoma,Jefferson,63,0,0,34.11130184,-97.83182974,40067.0,1049.6501166277906,0.0,63,62,0,0,62,58,6123,1,0,0,1,4
2020-10-14,US,Oklahoma,Johnston,250,4,0,34.31440473,-96.66011537,40069.0,2255.299954894001,1.6,246,248,4,0,244,247,10949,2,0,0,2,1
2020-10-14,US,Oklahoma,Kay,771,15,0,36.81799745,-97.14421435,40071.0,1770.8668289769855,1.9455252918287935,756,759,15,0,744,745,44161,12,0,0,12,14
2020-10-14,US,Oklahoma,Kingfisher,456,2,0,35.94530008,-97.94193268,40073.0,2892.4833491912464,0.43859649122807015,454,451,2,0,449,449,15816,5,0,0,5,2
2020-10-14,US,Oklahoma,Kiowa,146,2,0,34.91671958,-98.97720696,40075.0,1676.6192007349564,1.3698630136986298,144,138,2,0,136,115,8729,8,0,0,8,23
2020-10-14,US,Oklahoma,Latimer,166,2,0,34.87844729,-95.25215049,40077.0,1647.9698203117246,1.2048192771084338,164,168,2,0,166,167,10231,-2,0,0,-2,1
2020-10-14,US,Oklahoma,Le Flore,1470,21,0,34.89851864,-94.70392124,40079.0,2948.6690871161213,1.4285714285714286,1449,1444,21,0,1423,1413,49980,26,0,0,26,31
2020-10-14,US,Oklahoma,Lincoln,655,10,0,35.70270942,-96.8812462,40081.0,1878.0285001576967,1.5267175572519085,645,648,10,0,638,648,34920,7,0,0,7,0
2020-10-14,US,Oklahoma,Logan,683,2,0,35.91899576,-97.44352845,40083.0,1422.5906563079293,0.2928257686676428,681,672,2,0,670,653,47291,11,0,0,11,19
2020-10-14,US,Oklahoma,Love,243,1,0,33.95273467,-97.23906784,40085.0,2370.0380376475173,0.41152263374485604,242,239,1,0,238,236,10134,4,0,0,4,3
2020-10-14,US,Oklahoma,Major,126,2,0,36.31149996,-98.53467076,40093.0,1651.5926071569013,1.5873015873015872,124,127,2,0,125,127,7644,-1,0,0,-1,0
2020-10-14,US,Oklahoma,Marshall,228,2,0,34.02311222,-96.76855464,40095.0,1346.6422538538775,0.8771929824561403,226,222,2,0,220,218,16806,6,0,0,6,4
2020-10-14,US,Oklahoma,Mayes,833,11,0,36.30179091,-95.23175116,40097.0,2026.7639902676399,1.3205282112845138,822,829,11,0,818,811,41107,4,0,0,4,18
2020-10-14,US,Oklahoma,McClain,1131,8,0,35.01123903,-97.44572302,40087.0,2794.3865197410682,0.7073386383731212,1123,1103,8,0,1095,1086,39985,28,0,0,28,17
2020-10-14,US,Oklahoma,McCurtain,1464,37,0,34.11664328,-94.77222373,40089.0,4459.06432748538,2.5273224043715845,1427,1434,36,0,1398,1415,32703,30,1,0,29,19
2020-10-14,US,Oklahoma,McIntosh,416,8,0,35.37235506,-95.66599306,40091.0,2122.8822208614,1.9230769230769231,408,410,8,0,402,398,19815,6,0,0,6,12
2020-10-14,US,Oklahoma,Murray,233,2,0,34.48116015,-97.06826283,40099.0,1655.6526682299439,0.8583690987124464,231,230,2,0,228,227,13953,3,0,0,3,3
2020-10-14,US,Oklahoma,Muskogee,2110,27,0,35.61318461,-95.37802952,40101.0,3103.0780769739836,1.2796208530805686,2083,2109,27,0,2082,2087,68362,1,0,0,1,22
2020-10-14,US,Oklahoma,Noble,166,3,0,36.38953329,-97.22928674,40103.0,1491.3305183721136,1.8072289156626504,163,165,3,0,162,163,11289,1,0,0,1,2
2020-10-14,US,Oklahoma,Nowata,203,4,0,36.79843529,-95.61902331,40105.0,2014.6883684001587,1.9704433497536944,199,203,4,0,199,197,10218,0,0,0,0,6
2020-10-14,US,Oklahoma,Okfuskee,226,5,0,35.46485198,-96.32639984,40107.0,1884.4325856749767,2.2123893805309733,221,223,5,0,218,215,12098,3,0,0,3,8
2020-10-14,US,Oklahoma,Oklahoma,21043,208,0,35.55140095,-97.40716948,40109.0,2638.8390763373527,0.9884522168892268,20835,20822,202,0,20620,20620,792582,221,6,0,215,202
2020-10-14,US,Oklahoma,Okmulgee,988,8,0,35.64661916,-95.96432828,40111.0,2568.5688288054075,0.8097165991902834,980,979,8,0,971,959,38335,9,0,0,9,20
2020-10-14,US,Oklahoma,Osage,1252,13,0,36.62888819,-96.39635704,40113.0,2665.9284969018163,1.038338658146965,1239,1251,13,0,1238,1235,47014,1,0,0,1,16
2020-10-14,US,Oklahoma,Ottawa,1079,8,0,36.83532655,-94.81011909,40115.0,3466.4439232820373,0.7414272474513438,1071,1075,8,0,1067,1053,31175,4,0,0,4,22
2020-10-14,US,Oklahoma,Pawnee,288,5,0,36.31743373,-96.70331759999999,40117.0,1758.6712261846606,1.7361111111111112,283,288,5,0,283,286,16390,0,0,0,0,2
2020-10-14,US,Oklahoma,Payne,2598,8,0,36.07695283,-96.97584944,40119.0,3176.660471485865,0.30792917628945343,2590,2585,8,0,2577,2566,82040,13,0,0,13,19
2020-10-14,US,Oklahoma,Pittsburg,1100,20,0,34.92065823,-95.75134320000001,40121.0,2519.814908141293,1.818181818181818,1080,1095,20,0,1075,1087,43877,5,0,0,5,8
2020-10-14,US,Oklahoma,Pontotoc,586,4,0,34.72959848,-96.68337199,40123.0,1530.665552188904,0.6825938566552902,582,571,4,0,567,558,38247,15,0,0,15,13
2020-10-14,US,Oklahoma,Pottawatomie,1842,11,0,35.20614018,-96.94923008,40125.0,2537.469693630152,0.5971769815418024,1831,1793,11,0,1782,1768,72679,49,0,0,49,25
2020-10-14,US,Oklahoma,Pushmataha,231,4,0,34.41635232,-95.37603505,40127.0,2081.831290555155,1.7316017316017316,227,230,3,0,227,225,11179,1,1,0,0,5
2020-10-14,US,Oklahoma,Roger Mills,81,2,0,35.68711719,-99.69666167,40129.0,2260.675411666201,2.469135802469136,79,79,2,0,77,78,3656,2,0,0,2,1
2020-10-14,US,Oklahoma,Rogers,2182,53,0,36.37004357,-95.60406759,40131.0,2359.9649574405953,2.4289642529789184,2129,2165,53,0,2112,2125,91984,17,0,0,17,40
2020-10-14,US,Oklahoma,Seminole,644,6,0,35.16478725,-96.61686741,40133.0,2654.7942946656767,0.9316770186335404,638,632,6,0,626,629,24578,12,0,0,12,3
2020-10-14,US,Oklahoma,Sequoyah,1066,13,0,35.49447108,-94.75463785,40135.0,2564.4109793355624,1.2195121951219512,1053,1060,13,0,1047,1055,41179,6,0,0,6,5
2020-10-14,US,Oklahoma,Stephens,545,7,0,34.48556989,-97.85141892,40137.0,1263.2408501958605,1.2844036697247707,538,536,7,0,529,526,43265,9,0,0,9,10
2020-10-14,US,Oklahoma,Texas,1689,10,0,36.74777635,-101.4889765,40139.0,8452.184356703197,0.5920663114268798,1679,1682,10,0,1672,1673,20455,7,0,0,7,9
2020-10-14,US,Oklahoma,Tillman,126,2,0,34.37288446,-98.92426619,40141.0,1737.9310344827584,1.5873015873015872,124,125,2,0,123,123,7348,1,0,0,1,2
2020-10-14,US,Oklahoma,Tulsa,19657,182,0,36.11939621,-95.94013939,40143.0,3016.950297136683,0.9258788217937629,19475,19473,180,0,19293,19255,648360,184,2,0,182,218
2020-10-14,US,Oklahoma,Unassigned,26,0,0,0.0,0.0,90040.0,0.0,0.0,26,21,0,0,21,32,,5,0,0,5,-11
2020-10-14,US,Oklahoma,Wagoner,1711,27,0,35.96024096,-95.51911308,40145.0,2104.835832646484,1.5780245470485097,1684,1692,27,0,1665,1658,80110,19,0,0,19,34
2020-10-14,US,Oklahoma,Washington,1153,41,0,36.71380786,-95.90514104,40147.0,2237.6618083723097,3.5559410234171724,1112,1139,41,0,1098,1120,51843,14,0,0,14,19
2020-10-14,US,Oklahoma,Washita,135,0,0,35.29071824,-98.99180434,40149.0,1236.7167460608282,0.0,135,133,0,0,133,128,11127,2,0,0,2,5
2020-10-14,US,Oklahoma,Woods,132,0,0,36.76705782,-98.86573064,40151.0,1501.194131695667,0.0,132,128,0,0,128,123,8897,4,0,0,4,5
2020-10-14,US,Oklahoma,Woodward,1175,5,0,36.42316318,-99.26283045,40153.0,5813.665825540547,0.425531914893617,1170,1174,5,0,1169,1167,20222,1,0,0,1,7
2020-10-14,US,Oregon,Baker,111,2,0,44.70915557,-117.6749883,41001.0,688.4147854130489,1.8018018018018016,109,111,2,0,109,111,16006,0,0,0,0,0
2020-10-14,US,Oregon,Benton,396,6,0,44.49167306,-123.4316987,41003.0,425.5639259346824,1.5151515151515151,390,392,6,0,386,382,92101,4,0,0,4,10
2020-10-14,US,Oregon,Clackamas,2819,65,0,45.18787398,-122.2179634,41005.0,674.1003426696669,2.3057821922667614,2754,2792,65,0,2727,2755,416075,27,0,0,27,37
2020-10-14,US,Oregon,Clatsop,233,0,0,45.99712889,-123.660711,41007.0,579.2561654733493,0.0,233,235,0,0,235,230,39764,-2,0,0,-2,5
2020-10-14,US,Oregon,Columbia,233,1,0,45.94464254,-123.08908980000001,41009.0,445.04717882110253,0.4291845493562232,232,232,1,0,231,231,52377,1,0,0,1,1
2020-10-14,US,Oregon,Coos,199,0,0,43.17406868,-124.0594514,41011.0,308.5893280816289,0.0,199,196,0,0,196,196,64389,3,0,0,3,0
2020-10-14,US,Oregon,Crook,73,1,0,44.14230227,-120.356297,41013.0,299.13128995246683,1.3698630136986298,72,71,1,0,70,70,23867,2,0,0,2,1
2020-10-14,US,Oregon,Curry,55,0,0,42.45911325,-124.15728200000001,41015.0,239.91275899672848,0.0,55,55,0,0,55,51,22813,0,0,0,0,4
2020-10-14,US,Oregon,Deschutes,1003,13,0,43.91570171,-121.2289121,41017.0,507.3548752605062,1.296111665004985,990,996,13,0,983,995,191996,7,0,0,7,1
2020-10-14,US,Oregon,Douglas,296,4,0,43.27941273,-123.16729099999999,41019.0,266.71472337358085,1.351351351351351,292,288,4,0,284,287,110283,8,0,0,8,1
2020-10-14,US,Oregon,Gilliam,11,0,0,45.37160076,-120.20488689999999,41021.0,575.3138075313808,0.0,11,11,0,0,11,10,1894,0,0,0,0,1
2020-10-14,US,Oregon,Grant,10,0,0,44.49024544,-119.0068631,41023.0,138.90818169190166,0.0,10,10,0,0,10,10,7176,0,0,0,0,0
2020-10-14,US,Oregon,Harney,13,0,0,43.06422669,-118.96663059999999,41025.0,175.84201271473015,0.0,13,13,0,0,13,13,7329,0,0,0,0,0
2020-10-14,US,Oregon,Hood River,268,0,0,45.51872811,-121.65520359999998,41027.0,1146.1808228551874,0.0,268,268,0,0,268,268,23428,0,0,0,0,0
2020-10-14,US,Oregon,Jackson,1413,6,0,42.43201126,-122.72893090000001,41029.0,639.5285683250054,0.4246284501061571,1407,1385,6,0,1379,1372,219564,28,0,0,28,13
2020-10-14,US,Oregon,Jefferson,591,8,0,44.62806839,-121.17832,41031.0,2396.788060669965,1.3536379018612519,583,590,8,0,582,589,24192,1,0,0,1,1
2020-10-14,US,Oregon,Josephine,249,2,0,42.3665549,-123.5561938,41033.0,284.61371403751417,0.8032128514056225,247,247,2,0,245,244,87393,2,0,0,2,3
2020-10-14,US,Oregon,Klamath,392,3,0,42.68762984,-121.64964609999998,41035.0,574.4599783112047,0.7653061224489796,389,390,3,0,387,385,67653,2,0,0,2,5
2020-10-14,US,Oregon,Lake,35,0,0,42.79246693,-120.38501629999999,41037.0,444.7833269792858,0.0,35,35,0,0,35,34,7879,0,0,0,0,1
2020-10-14,US,Oregon,Lane,1924,21,0,43.93727035,-122.847753,41039.0,503.576597821848,1.0914760914760917,1903,1867,21,0,1846,1830,379611,57,0,0,57,37
2020-10-14,US,Oregon,Lincoln,503,13,0,44.64252874,-123.86991200000001,41041.0,1006.7651415075458,2.584493041749503,490,501,13,0,488,496,49388,2,0,0,2,5
2020-10-14,US,Oregon,Linn,704,14,0,44.48899494,-122.53731540000001,41043.0,542.5860700275148,1.9886363636363635,690,699,14,0,685,678,127335,5,0,0,5,21
2020-10-14,US,Oregon,Malheur,1799,34,0,43.1937027,-117.62273950000001,41045.0,5884.6619345131,1.8899388549194,1765,1788,34,0,1754,1775,30725,11,0,0,11,13
2020-10-14,US,Oregon,Marion,5321,102,0,44.90287942,-122.58151170000001,41047.0,1529.82306838634,1.9169329073482428,5219,5258,102,0,5156,5224,346868,63,0,0,63,34
2020-10-14,US,Oregon,Morrow,532,6,0,45.41846568,-119.584546,41049.0,4585.02111522882,1.1278195488721805,526,532,6,0,526,532,11372,0,0,0,0,0
2020-10-14,US,Oregon,Multnomah,8171,149,0,45.54747959,-122.4169351,41051.0,1005.2223336265387,1.8235222127034636,8022,8086,148,0,7938,8041,811880,85,1,0,84,45
2020-10-14,US,Oregon,Polk,594,15,0,44.90322804,-123.4128888,41053.0,690.0156821745949,2.525252525252525,579,590,15,0,575,587,85234,4,0,0,4,3
2020-10-14,US,Oregon,Sherman,18,0,0,45.41501554,-120.6827834,41055.0,1011.2359550561798,0.0,18,18,0,0,18,18,1708,0,0,0,0,0
2020-10-14,US,Oregon,Tillamook,65,0,0,45.46248721,-123.712066,41057.0,240.420180500074,0.0,65,65,0,0,65,64,26787,0,0,0,0,1
2020-10-14,US,Oregon,Umatilla,3208,42,0,45.59073056,-118.7353826,41059.0,4115.458627325209,1.3092269326683292,3166,3194,42,0,3152,3182,77516,14,0,0,14,12
2020-10-14,US,Oregon,Union,453,2,0,45.30915495,-118.0068979,41061.0,1688.0939072107321,0.44150110375275936,451,453,2,0,451,451,26461,0,0,0,0,2
2020-10-14,US,Oregon,Wallowa,37,1,0,45.57894064,-117.18353799999998,41063.0,513.3185349611542,2.702702702702702,36,36,1,0,35,36,7081,1,0,0,1,0
2020-10-14,US,Oregon,Wasco,328,15,0,45.16292781,-121.16709540000001,41065.0,1229.2931564350502,4.573170731707316,313,328,14,0,314,327,26505,0,1,0,-1,1
2020-10-14,US,Oregon,Washington,5196,68,0,45.55972701,-123.0955257,41067.0,863.7082939932711,1.308698999230177,5128,5146,67,0,5079,5100,597695,50,1,0,49,46
2020-10-14,US,Oregon,Wheeler,1,0,0,44.72698162,-120.02814270000002,41069.0,75.07507507507508,0.0,1,1,0,0,1,1,1366,0,0,0,0,0
2020-10-14,US,Oregon,Yamhill,906,15,0,45.23330449,-123.3086963,41071.0,845.9383753501401,1.6556291390728477,891,901,15,0,886,892,107002,5,0,0,5,9
2020-10-14,US,Pennsylvania,Adams,957,27,0,39.87140411,-77.21610347,42001.0,929.0450348998633,2.8213166144200628,930,945,26,0,919,939,102811,12,1,0,11,6
2020-10-14,US,Pennsylvania,Allegheny,13533,378,0,40.46809875,-79.98167747,42003.0,1112.8700006989873,2.7931722456218133,13155,13436,375,0,13061,13362,1218452,97,3,0,94,74
2020-10-14,US,Pennsylvania,Armstrong,528,19,0,40.81665618,-79.46290811,42005.0,815.6329651656755,3.5984848484848486,509,523,19,0,504,512,65263,5,0,0,5,11
2020-10-14,US,Pennsylvania,Beaver,2084,136,0,40.6825484,-80.34921611,42007.0,1271.2820794368295,6.525911708253359,1948,2071,135,0,1936,2049,164742,13,1,0,12,22
2020-10-14,US,Pennsylvania,Bedford,309,6,0,40.00522157,-78.48998442,42009.0,645.2555963915803,1.9417475728155342,303,299,6,0,293,295,48176,10,0,0,10,4
2020-10-14,US,Pennsylvania,Berks,7961,409,0,40.41570541,-75.92457766,42011.0,1890.23753217274,5.1375455344805925,7552,7901,408,0,7493,7819,420152,60,1,0,59,82
2020-10-14,US,Pennsylvania,Blair,926,23,0,40.47961444,-78.34917412,42013.0,760.0817539337926,2.4838012958963285,903,916,23,0,893,905,122492,10,0,0,10,11
2020-10-14,US,Pennsylvania,Bradford,392,6,0,41.78869215,-76.51570822,42015.0,649.835054622615,1.5306122448979589,386,379,6,0,373,359,60833,13,0,0,13,20
2020-10-14,US,Pennsylvania,Bucks,9423,622,0,40.33682119,-75.10836643,42017.0,1499.832874401133,6.600870211185397,8801,9392,622,0,8770,9366,628195,31,0,0,31,26
2020-10-14,US,Pennsylvania,Butler,1319,25,0,40.91152759,-79.91351055,42019.0,702.144762127834,1.8953752843062923,1294,1298,25,0,1273,1273,187888,21,0,0,21,25
2020-10-14,US,Pennsylvania,Cambria,783,7,0,40.49527404,-78.71377428,42021.0,601.4194420548114,0.8939974457215837,776,775,7,0,768,755,131730,8,0,0,8,20
2020-10-14,US,Pennsylvania,Cameron,8,0,0,41.43625568,-78.20376845,42023.0,179.89655947830002,0.0,8,8,0,0,8,8,4492,0,0,0,0,0
2020-10-14,US,Pennsylvania,Carbon,521,29,0,40.91545395,-75.7068525,42025.0,811.7540743510641,5.566218809980806,492,519,29,0,490,515,64227,2,0,0,2,4
2020-10-14,US,Pennsylvania,Centre,3564,14,0,40.92058903,-77.82200624,42027.0,2194.784000985313,0.3928170594837261,3550,3545,13,0,3532,3515,162805,19,1,0,18,30
2020-10-14,US,Pennsylvania,Chester,7491,375,0,39.97291773,-75.74768357,42029.0,1426.8870395379713,5.006007208650381,7116,7456,374,0,7082,7402,522046,35,1,0,34,54
2020-10-14,US,Pennsylvania,Clarion,166,3,0,41.19265812,-79.42413524,42031.0,431.8643009521829,1.8072289156626504,163,165,3,0,162,164,38779,1,0,0,1,1
2020-10-14,US,Pennsylvania,Clearfield,376,7,0,41.00110782,-78.47592663,42033.0,474.41801779067566,1.8617021276595744,369,371,7,0,364,368,79388,5,0,0,5,3
2020-10-14,US,Pennsylvania,Clinton,231,6,0,41.23255967,-77.63785995,42035.0,597.9498861047838,2.5974025974025974,225,228,6,0,222,227,38684,3,0,0,3,1
2020-10-14,US,Pennsylvania,Columbia,1012,38,0,41.04821986,-76.40565017,42037.0,1557.7858506249615,3.7549407114624502,974,1007,38,0,969,1004,65456,5,0,0,5,3
2020-10-14,US,Pennsylvania,Crawford,359,3,0,41.68447709,-80.10760592,42039.0,424.2044689172742,0.8356545961002786,356,356,3,0,353,355,85063,3,0,0,3,1
2020-10-14,US,Pennsylvania,Cumberland,2158,77,0,40.1625372,-77.26130755,42041.0,851.7188301693176,3.568118628359592,2081,2119,77,0,2042,2104,251423,39,0,0,39,15
2020-10-14,US,Pennsylvania,Dauphin,4257,185,0,40.41377078,-76.77993242,42043.0,1529.6497651806146,4.345783415550858,4072,4234,185,0,4049,4211,277097,23,0,0,23,23
2020-10-14,US,Pennsylvania,Delaware,12285,762,0,39.91680171,-75.40243663,42045.0,2167.633882490776,6.202686202686203,11523,12234,760,0,11474,12159,564751,51,2,0,49,75
2020-10-14,US,Pennsylvania,Elk,91,2,0,41.42822061,-78.64524744,42047.0,304.24607154797724,2.1978021978021984,89,87,2,0,85,85,30169,4,0,0,4,2
2020-10-14,US,Pennsylvania,Erie,1826,39,0,41.99253829,-80.03301954,42049.0,676.9782892395302,2.135815991237678,1787,1809,39,0,1770,1785,272061,17,0,0,17,24
2020-10-14,US,Pennsylvania,Fayette,886,9,0,39.92041012,-79.64291195,42051.0,685.3659668610858,1.015801354401806,877,883,9,0,874,869,130441,3,0,0,3,14
2020-10-14,US,Pennsylvania,Forest,17,1,0,41.51095103,-79.23229292,42053.0,234.57982613495238,5.882352941176472,16,17,1,0,16,17,7279,0,0,0,0,0
2020-10-14,US,Pennsylvania,Franklin,1936,53,0,39.92956518,-77.72157791,42055.0,1248.8147225967086,2.7376033057851243,1883,1931,53,0,1878,1900,154835,5,0,0,5,31
2020-10-14,US,Pennsylvania,Fulton,60,2,0,39.92913544,-78.11163677,42057.0,412.9387474191328,3.333333333333333,58,60,2,0,58,60,14523,0,0,0,0,0
2020-10-14,US,Pennsylvania,Greene,205,1,0,39.85746531,-80.22357106,42059.0,565.782573896724,0.4878048780487805,204,204,1,0,203,203,36506,1,0,0,1,1
2020-10-14,US,Pennsylvania,Huntingdon,604,8,0,40.42162652,-77.97673273,42061.0,1337.9408116250222,1.3245033112582782,596,599,8,0,591,573,45168,5,0,0,5,26
2020-10-14,US,Pennsylvania,Indiana,896,14,0,40.65241041,-79.08963285,42063.0,1065.74048743354,1.5625,882,883,14,0,869,875,84501,13,0,0,13,8
2020-10-14,US,Pennsylvania,Jefferson,138,3,0,41.12913106,-78.9986361,42065.0,317.78929188255614,2.1739130434782608,135,138,3,0,135,137,43641,0,0,0,0,1
2020-10-14,US,Pennsylvania,Juniata,204,8,0,40.53358749,-77.39975129999998,42067.0,823.8097161087106,3.92156862745098,196,202,8,0,194,201,24704,2,0,0,2,1
2020-10-14,US,Pennsylvania,Lackawanna,3065,217,0,41.43564672,-75.60379201,42069.0,1461.7930692408215,7.079934747145188,2848,3022,217,0,2805,2974,210793,43,0,0,43,48
2020-10-14,US,Pennsylvania,Lancaster,8718,466,0,40.03904563,-76.24770128,42071.0,1597.5108296501528,5.345262674925441,8252,8669,462,0,8207,8607,543557,49,4,0,45,62
2020-10-14,US,Pennsylvania,Lawrence,653,24,0,40.99206278,-80.33393706,42073.0,763.6355131443539,3.675344563552833,629,643,23,0,620,628,86184,10,1,0,9,15
2020-10-14,US,Pennsylvania,Lebanon,2427,65,0,40.36680311,-76.45651841,42075.0,1711.6500814567717,2.678203543469304,2362,2401,65,0,2336,2362,141314,26,0,0,26,39
2020-10-14,US,Pennsylvania,Lehigh,6023,361,0,40.6154815,-75.59435245,42077.0,1630.843879800064,5.993690851735016,5662,5999,359,0,5640,5981,368100,24,2,0,22,18
2020-10-14,US,Pennsylvania,Luzerne,4496,190,0,41.17823008,-75.98447579,42079.0,1416.433272320008,4.2259786476868335,4306,4458,190,0,4268,4426,317646,38,0,0,38,32
2020-10-14,US,Pennsylvania,Lycoming,847,29,0,41.34310539,-77.06629984,42081.0,747.5794137635812,3.4238488783943333,818,838,29,0,809,833,113664,9,0,0,9,5
2020-10-14,US,Pennsylvania,McKean,80,2,0,41.80938602,-78.56478358,42083.0,196.9230769230769,2.5,78,79,2,0,77,78,40968,1,0,0,1,1
2020-10-14,US,Pennsylvania,Mercer,847,25,0,41.30248872,-80.25816981,42085.0,774.0532241555783,2.9515938606847696,822,840,25,0,815,831,110683,7,0,0,7,9
2020-10-14,US,Pennsylvania,Mifflin,289,3,0,40.61116939,-77.61070738,42087.0,626.3817243920413,1.038062283737024,286,285,3,0,282,281,46222,4,0,0,4,4
2020-10-14,US,Pennsylvania,Monroe,1893,134,0,41.05934058,-75.34031025,42089.0,1111.7571400884472,7.078711040676176,1759,1884,134,0,1750,1875,169507,9,0,0,9,9
2020-10-14,US,Pennsylvania,Montgomery,12945,890,0,40.21053671,-75.36652296,42091.0,1557.921086994458,6.875241405948242,12055,12897,890,0,12007,12841,828604,48,0,0,48,56
2020-10-14,US,Pennsylvania,Montour,251,5,0,41.03023987,-76.66345939,42093.0,1376.8513439385626,1.99203187250996,246,247,5,0,242,245,18240,4,0,0,4,2
2020-10-14,US,Pennsylvania,Northampton,4905,309,0,40.75182733,-75.30471829,42095.0,1606.6953830027676,6.299694189602446,4596,4883,309,0,4574,4864,304807,22,0,0,22,19
2020-10-14,US,Pennsylvania,Northumberland,1296,90,0,40.84785433,-76.70798222,42097.0,1426.6371652191144,6.9444444444444455,1206,1290,89,0,1201,1276,91083,6,1,0,5,14
2020-10-14,US,Pennsylvania,Perry,289,6,0,40.40206612,-77.26297447,42099.0,624.5677731673583,2.0761245674740483,283,278,6,0,272,273,46139,11,0,0,11,5
2020-10-14,US,Pennsylvania,Philadelphia,39691,1833,0,40.00338507,-75.1379271,42101.0,2505.6437113651973,4.618175405003653,37858,39413,1830,0,37583,38767,1584138,278,3,0,275,646
2020-10-14,US,Pennsylvania,Pike,607,23,0,41.33155042,-75.03208106,42103.0,1087.6381945564335,3.789126853377265,584,607,22,0,585,604,55933,0,1,0,-1,3
2020-10-14,US,Pennsylvania,Potter,37,1,0,41.74471626,-77.89559864,42105.0,223.88962846423817,2.702702702702702,36,37,0,0,37,37,16622,0,1,0,-1,0
2020-10-14,US,Pennsylvania,Schuylkill,1457,68,0,40.70497338,-76.2150785,42107.0,1030.7090457629156,4.667124227865477,1389,1436,65,0,1371,1416,142067,21,3,0,18,20
2020-10-14,US,Pennsylvania,Snyder,433,12,0,40.77129231,-77.06840691,42109.0,1072.525512731596,2.771362586605081,421,431,11,0,420,428,40540,2,1,0,1,3
2020-10-14,US,Pennsylvania,Somerset,279,3,0,39.97172723,-79.02699593,42111.0,379.8657535365638,1.075268817204301,276,278,3,0,275,274,73952,1,0,0,1,4
2020-10-14,US,Pennsylvania,Sullivan,15,1,0,41.44634738,-76.51246591,42113.0,247.27992087042526,6.666666666666668,14,15,0,0,15,15,6071,0,1,0,-1,0
2020-10-14,US,Pennsylvania,Susquehanna,354,28,0,41.82147784,-75.80071959,42115.0,877.8020234080542,7.909604519774011,326,352,28,0,324,345,40589,2,0,0,2,7
2020-10-14,US,Pennsylvania,Tioga,122,3,0,41.77255149,-77.25433032,42117.0,300.55923726934543,2.459016393442623,119,122,3,0,119,117,40763,0,0,0,0,5
2020-10-14,US,Pennsylvania,Union,619,7,0,40.96188846,-77.05996014,42119.0,1377.9133183447232,1.1308562197092085,612,613,7,0,606,611,44785,6,0,0,6,2
2020-10-14,US,Pennsylvania,Venango,142,1,0,41.40323442,-79.75845449,42121.0,280.2557827425594,0.7042253521126759,141,128,1,0,127,124,51266,14,0,0,14,4
2020-10-14,US,Pennsylvania,Warren,58,1,0,41.81304978,-79.26969577,42123.0,147.99316169528714,1.7241379310344829,57,57,1,0,56,56,39498,1,0,0,1,1
2020-10-14,US,Pennsylvania,Washington,1563,31,0,40.19208869,-80.24582867,42125.0,755.5652236966138,1.983365323096609,1532,1556,31,0,1525,1538,207346,7,0,0,7,18
2020-10-14,US,Pennsylvania,Wayne,268,12,0,41.64938475,-75.29956506,42127.0,521.796693989603,4.477611940298506,256,266,12,0,254,265,51276,2,0,0,2,1
2020-10-14,US,Pennsylvania,Westmoreland,3053,64,0,40.31377979999999,-79.46615476,42129.0,875.0383348762822,2.096298722567966,2989,2993,64,0,2929,2904,350611,60,0,0,60,89
2020-10-14,US,Pennsylvania,Wyoming,92,8,0,41.51955538,-76.01074915,42131.0,343.3604538329477,8.695652173913043,84,91,8,0,83,85,27046,1,0,0,1,6
2020-10-14,US,Pennsylvania,York,5615,182,0,39.9210089,-76.73040131,42133.0,1250.395271880247,3.2413178984861983,5433,5553,180,0,5373,5487,448273,62,2,0,60,66
2020-10-14,US,Puerto Rico,Adjuntas,166,0,0,18.180117000000006,-66.754367,72001.0,852.024842170097,0.0,166,164,0,0,164,164,,2,0,0,2,0
2020-10-14,US,Puerto Rico,Aguada,387,0,0,18.360255,-67.17513100000001,72003.0,922.3289401558663,0.0,387,381,0,0,381,380,,6,0,0,6,1
2020-10-14,US,Puerto Rico,Aguadilla,487,0,0,18.459681,-67.12081500000001,72005.0,799.0286961229881,0.0,487,483,0,0,483,470,,4,0,0,4,13
2020-10-14,US,Puerto Rico,Aguas Buenas,327,0,0,18.251619,-66.126806,72007.0,1141.0028263372762,0.0,327,324,0,0,324,323,,3,0,0,3,1
2020-10-14,US,Puerto Rico,Aibonito,189,0,0,18.131361,-66.264131,72009.0,729.7297297297298,0.0,189,188,0,0,188,174,,1,0,0,1,14
2020-10-14,US,Puerto Rico,Anasco,238,0,0,18.287985,-67.120611,72011.0,813.3693311916887,0.0,238,237,0,0,237,237,,1,0,0,1,0
2020-10-14,US,Puerto Rico,Arecibo,963,0,0,18.406631,-66.675077,72013.0,998.5483201990877,0.0,963,957,0,0,957,955,,6,0,0,6,2
2020-10-14,US,Puerto Rico,Arroyo,186,0,0,17.998457000000005,-66.056546,72015.0,950.1915708812261,0.0,186,182,0,0,182,182,,4,0,0,4,0
2020-10-14,US,Puerto Rico,Barceloneta,288,0,0,18.445532999999998,-66.56053100000001,72017.0,1160.5415860735009,0.0,288,282,0,0,282,280,,6,0,0,6,2
2020-10-14,US,Puerto Rico,Barranquitas,532,0,0,18.201592,-66.30963,72019.0,1754.7331618180622,0.0,532,518,0,0,518,518,,14,0,0,14,0
2020-10-14,US,Puerto Rico,Bayamon,4307,0,0,18.34946,-66.168435,72021.0,2069.5189221395763,0.0,4307,4249,0,0,4249,4228,,58,0,0,58,21
2020-10-14,US,Puerto Rico,Cabo Rojo,456,0,0,18.040993,-67.154391,72023.0,895.5751517175011,0.0,456,446,0,0,446,422,,10,0,0,10,24
2020-10-14,US,Puerto Rico,Caguas,1899,0,0,18.211615,-66.050779,72025.0,1328.966429426214,0.0,1899,1852,0,0,1852,1840,,47,0,0,47,12
2020-10-14,US,Puerto Rico,Camuy,332,0,0,18.418578,-66.860206,72027.0,944.2816917432235,0.0,332,326,0,0,326,326,,6,0,0,6,0
2020-10-14,US,Puerto Rico,Canovanas,789,0,0,18.328802,-65.887612,72029.0,1655.8932169241102,0.0,789,776,0,0,776,774,,13,0,0,13,2
2020-10-14,US,Puerto Rico,Carolina,3305,0,0,18.374986,-65.95683100000001,72031.0,1869.7457598352587,0.0,3305,3245,0,0,3245,3237,,60,0,0,60,8
2020-10-14,US,Puerto Rico,Catano,529,0,0,18.437269,-66.14330600000001,72033.0,1879.886282871357,0.0,529,519,0,0,519,517,,10,0,0,10,2
2020-10-14,US,Puerto Rico,Cayey,427,0,0,18.102851,-66.14914,72035.0,887.3833620815062,0.0,427,425,0,0,425,418,,2,0,0,2,7
2020-10-14,US,Puerto Rico,Ceiba,167,0,0,18.251818,-65.666416,72037.0,1225.1485584329835,0.0,167,166,0,0,166,164,,1,0,0,1,2
2020-10-14,US,Puerto Rico,Ciales,310,0,0,18.28885,-66.516475,72039.0,1650.516451922053,0.0,310,304,0,0,304,304,,6,0,0,6,0
2020-10-14,US,Puerto Rico,Cidra,375,0,0,18.173559,-66.161179,72041.0,862.4655013799447,0.0,375,372,0,0,372,370,,3,0,0,3,2
2020-10-14,US,Puerto Rico,Coamo,343,0,0,18.097597,-66.36014,72043.0,846.6627172195892,0.0,343,340,0,0,340,338,,3,0,0,3,2
2020-10-14,US,Puerto Rico,Comerio,266,0,0,18.224687,-66.221622,72045.0,1280.2002117624409,0.0,266,266,0,0,266,266,,0,0,0,0,0
2020-10-14,US,Puerto Rico,Corozal,744,0,0,18.304264,-66.327738,72047.0,2003.1231489957456,0.0,744,726,0,0,726,722,,18,0,0,18,4
2020-10-14,US,Puerto Rico,Culebra,22,0,0,18.31586,-65.28813000000001,72049.0,1210.1210121012102,0.0,22,22,0,0,22,22,,0,0,0,0,0
2020-10-14,US,Puerto Rico,Dorado,918,0,0,18.436115,-66.278669,72051.0,2405.345211581292,0.0,918,894,0,0,894,891,,24,0,0,24,3
2020-10-14,US,Puerto Rico,Fajardo,641,0,0,18.318373,-65.666866,72053.0,1732.7602519395566,0.0,641,627,0,0,627,625,,14,0,0,14,2
2020-10-14,US,Puerto Rico,Florida,366,0,0,18.373715,-66.560488,72054.0,2886.4353312302837,0.0,366,356,0,0,356,356,,10,0,0,10,0
2020-10-14,US,Puerto Rico,Guanica,129,0,0,17.982429,-66.91964300000001,72055.0,664.0242960827716,0.0,129,128,0,0,128,127,,1,0,0,1,1
2020-10-14,US,Puerto Rico,Guayama,343,0,0,18.007516,-66.13390799999999,72057.0,756.1395000220447,0.0,343,342,0,0,342,340,,1,0,0,1,2
2020-10-14,US,Puerto Rico,Guayanilla,221,0,0,18.039942,-66.79186,72059.0,1024.0489319308654,0.0,221,220,0,0,220,216,,1,0,0,1,4
2020-10-14,US,Puerto Rico,Guaynabo,2015,0,0,18.345114000000002,-66.11452299999999,72061.0,2057.7182304644416,0.0,2015,1967,0,0,1967,1956,,48,0,0,48,11
2020-10-14,US,Puerto Rico,Gurabo,647,0,0,18.266461,-65.97970500000001,72063.0,1426.0838898807556,0.0,647,629,0,0,629,625,,18,0,0,18,4
2020-10-14,US,Puerto Rico,Hatillo,375,0,0,18.410928,-66.79632600000001,72065.0,893.8574118656592,0.0,375,371,0,0,371,371,,4,0,0,4,0
2020-10-14,US,Puerto Rico,Hormigueros,190,0,0,18.134532,-67.113972,72067.0,1101.4492753623188,0.0,190,190,0,0,190,190,,0,0,0,0,0
2020-10-14,US,Puerto Rico,Humacao,675,0,0,18.145211,-65.810174,72069.0,1154.5171552697295,0.0,675,660,0,0,660,658,,15,0,0,15,2
2020-10-14,US,Puerto Rico,Isabela,330,0,0,18.44981,-67.005093,72071.0,723.1925664570139,0.0,330,325,0,0,325,323,,5,0,0,5,2
2020-10-14,US,Puerto Rico,Jayuya,267,0,0,18.211446,-66.58878,72073.0,1604.3744742218482,0.0,267,267,0,0,267,267,,0,0,0,0,0
2020-10-14,US,Puerto Rico,Juana Diaz,393,0,0,18.050764,-66.49458100000001,72075.0,491.8832997484261,0.0,393,390,0,0,390,389,,3,0,0,3,1
2020-10-14,US,Puerto Rico,Juncos,496,0,0,18.223793,-65.909109,72077.0,1231.0747083643585,0.0,496,482,0,0,482,481,,14,0,0,14,1
2020-10-14,US,Puerto Rico,Lajas,187,0,0,18.011661,-67.040585,72079.0,726.1289946802315,0.0,187,187,0,0,187,186,,0,0,0,0,1
2020-10-14,US,Puerto Rico,Lares,389,0,0,18.269035000000002,-66.867236,72081.0,1264.917243846129,0.0,389,381,0,0,381,381,,8,0,0,8,0
2020-10-14,US,Puerto Rico,Las Marias,118,0,0,18.23679,-66.98362,72083.0,1194.2111122356034,0.0,118,117,0,0,117,116,,1,0,0,1,1
2020-10-14,US,Puerto Rico,Las Piedras,575,0,0,18.187527,-65.86946800000001,72085.0,1486.7485455720748,0.0,575,566,0,0,566,563,,9,0,0,9,3
2020-10-14,US,Puerto Rico,Loiza,324,0,0,18.425688,-65.89943000000001,72087.0,1077.8443113772457,0.0,324,321,0,0,321,321,,3,0,0,3,0
2020-10-14,US,Puerto Rico,Luquillo,291,0,0,18.342114000000002,-65.72509699999999,72089.0,1450.0697628064581,0.0,291,288,0,0,288,288,,3,0,0,3,0
2020-10-14,US,Puerto Rico,Manati,672,0,0,18.420473,-66.490461,72091.0,1523.3604606351867,0.0,672,658,0,0,658,652,,14,0,0,14,6
2020-10-14,US,Puerto Rico,Maricao,90,0,0,18.171795,-66.942126,72093.0,1434.0344168260035,0.0,90,90,0,0,90,90,,0,0,0,0,0
2020-10-14,US,Puerto Rico,Maunabo,163,0,0,18.017889,-65.922235,72095.0,1333.3333333333333,0.0,163,157,0,0,157,157,,6,0,0,6,0
2020-10-14,US,Puerto Rico,Mayaguez,922,0,0,18.2013,-67.1452,72097.0,1035.0246969016614,0.0,922,916,0,0,916,912,,6,0,0,6,4
2020-10-14,US,Puerto Rico,Moca,400,0,0,18.377805,-67.080952,72099.0,997.282405445162,0.0,400,395,0,0,395,394,,5,0,0,5,1
2020-10-14,US,Puerto Rico,Morovis,580,0,0,18.316963,-66.420383,72101.0,1778.5955228457528,0.0,580,574,0,0,574,574,,6,0,0,6,0
2020-10-14,US,Puerto Rico,Naguabo,332,0,0,18.230636999999998,-65.753897,72103.0,1242.5149700598802,0.0,332,328,0,0,328,305,,4,0,0,4,23
2020-10-14,US,Puerto Rico,Naranjito,749,0,0,18.288019,-66.252703,72105.0,2463.653706992961,0.0,749,733,0,0,733,732,,16,0,0,16,1
2020-10-14,US,Puerto Rico,Orocovis,389,0,0,18.215046,-66.433604,72107.0,1660.7607906758317,0.0,389,385,0,0,385,385,,4,0,0,4,0
2020-10-14,US,Puerto Rico,Out of PR,804,0,0,0.0,0.0,72888.0,0.0,0.0,804,804,0,0,804,804,,0,0,0,0,0
2020-10-14,US,Puerto Rico,Patillas,187,0,0,18.03174,-66.012242,72109.0,970.067956632256,0.0,187,185,0,0,185,185,,2,0,0,2,0
2020-10-14,US,Puerto Rico,Penuelas,136,0,0,18.059645,-66.721572,72111.0,560.0856601597892,0.0,136,136,0,0,136,135,,0,0,0,0,1
2020-10-14,US,Puerto Rico,Ponce,1053,0,0,18.059498,-66.613748,72113.0,633.09023790485,0.0,1053,1048,0,0,1048,1044,,5,0,0,5,4
2020-10-14,US,Puerto Rico,Quebradillas,222,0,0,18.439692,-66.926113,72115.0,856.5145260233804,0.0,222,222,0,0,222,221,,0,0,0,0,1
2020-10-14,US,Puerto Rico,Rincon,228,0,0,18.335442999999998,-67.23174,72117.0,1500.0,0.0,228,228,0,0,228,227,,0,0,0,0,1
2020-10-14,US,Puerto Rico,Rio Grande,709,0,0,18.346329,-65.813742,72119.0,1305.612846199175,0.0,709,697,0,0,697,696,,12,0,0,12,1
2020-10-14,US,Puerto Rico,Sabana Grande,216,0,0,18.08282,-66.943758,72121.0,854.937660795567,0.0,216,216,0,0,216,213,,0,0,0,0,3
2020-10-14,US,Puerto Rico,Salinas,493,0,0,18.010386999999994,-66.256592,72123.0,1586.3311667417465,0.0,493,491,0,0,491,489,,2,0,0,2,2
2020-10-14,US,Puerto Rico,San German,286,0,0,18.111484,-67.03858100000001,72125.0,805.0215329186252,0.0,286,286,0,0,286,285,,0,0,0,0,1
2020-10-14,US,Puerto Rico,San Juan,8971,0,0,18.386933,-66.061128,72127.0,2269.266377622519,0.0,8971,8787,0,0,8787,8751,,184,0,0,184,36
2020-10-14,US,Puerto Rico,San Lorenzo,620,0,0,18.147987,-65.976392,72129.0,1510.0589410102787,0.0,620,607,0,0,607,604,,13,0,0,13,3
2020-10-14,US,Puerto Rico,San Sebastian,553,0,0,18.328646,-66.971214,72131.0,1303.3231204336555,0.0,553,510,0,0,510,509,,43,0,0,43,1
2020-10-14,US,Puerto Rico,Santa Isabel,208,0,0,17.994525,-66.388913,72133.0,893.7011257196872,0.0,208,205,0,0,205,202,,3,0,0,3,3
2020-10-14,US,Puerto Rico,Toa Alta,1483,0,0,18.362406,-66.246616,72135.0,2002.268247238949,0.0,1483,1469,0,0,1469,1462,,14,0,0,14,7
2020-10-14,US,Puerto Rico,Toa Baja,1709,0,0,18.431445999999998,-66.213553,72137.0,1907.1745025611267,0.0,1709,1678,0,0,1678,1661,,31,0,0,31,17
2020-10-14,US,Puerto Rico,Trujillo Alto,1293,0,0,18.336159,-65.99888399999999,72139.0,1727.6395606744877,0.0,1293,1261,0,0,1261,1257,,32,0,0,32,4
2020-10-14,US,Puerto Rico,Unassigned,830,742,0,0.0,0.0,72999.0,0.0,89.3975903614458,88,762,738,0,24,753,,68,4,0,64,9
2020-10-14,US,Puerto Rico,Utuado,186,0,0,18.271214,-66.702984,72141.0,561.1028990316449,0.0,186,182,0,0,182,181,,4,0,0,4,1
2020-10-14,US,Puerto Rico,Vega Alta,870,0,0,18.409346,-66.33725,72143.0,2177.6676428625065,0.0,870,859,0,0,859,849,,11,0,0,11,10
2020-10-14,US,Puerto Rico,Vega Baja,1080,0,0,18.428262,-66.397924,72145.0,1810.1974456102712,0.0,1080,1073,0,0,1073,1068,,7,0,0,7,5
2020-10-14,US,Puerto Rico,Vieques,101,0,0,18.123276,-65.44097099999999,72147.0,1085.9047414256531,0.0,101,100,0,0,100,100,,1,0,0,1,0
2020-10-14,US,Puerto Rico,Villalba,170,0,0,18.127951,-66.473115,72149.0,652.0154949564684,0.0,170,168,0,0,168,166,,2,0,0,2,2
2020-10-14,US,Puerto Rico,Yabucoa,426,0,0,18.070399,-65.896289,72151.0,1122.7959199810232,0.0,426,412,0,0,412,412,,14,0,0,14,0
2020-10-14,US,Puerto Rico,Yauco,461,0,0,18.080374,-66.858814,72153.0,1096.4964441167376,0.0,461,460,0,0,460,458,,1,0,0,1,2
2020-10-14,US,Rhode Island,Bristol,461,17,0,41.71018079,-71.28652315,44001.0,950.9272055941748,3.6876355748373104,444,430,16,0,414,430,48649,31,1,0,30,0
2020-10-14,US,Rhode Island,Kent,2145,116,0,41.67106337,-71.57641596,44003.0,1305.6022204367832,5.407925407925408,2029,2018,113,0,1905,2018,163861,127,3,0,124,0
2020-10-14,US,Rhode Island,Newport,582,10,0,41.5642026,-71.26569799,44005.0,709.0470505104653,1.718213058419244,572,545,10,0,535,545,82542,37,0,0,37,0
2020-10-14,US,Rhode Island,Providence,20439,909,0,41.87064746,-71.57753536,44007.0,3198.9369744150777,4.447380008806694,19530,19636,902,0,18734,19636,636084,803,7,0,796,0
2020-10-14,US,Rhode Island,Unassigned,2418,18,0,0.0,0.0,90044.0,0.0,0.7444168734491315,2400,3376,22,0,3354,2710,,-958,-4,0,-954,666
2020-10-14,US,Rhode Island,Washington,1119,77,0,41.45961631,-71.61435303,44009.0,891.0867435915812,6.881143878462915,1042,955,76,0,879,955,126179,164,1,0,163,0
2020-10-14,US,South Carolina,Abbeville,694,15,0,34.22333378,-82.46170658,45001.0,2829.534798385453,2.161383285302594,679,694,15,0,679,693,24541,0,0,0,0,1
2020-10-14,US,South Carolina,Aiken,4644,85,0,33.54338026,-81.63645384,45003.0,2717.8238681586217,1.8303186907838072,4559,4542,85,0,4457,4526,169401,102,0,0,102,16
2020-10-14,US,South Carolina,Allendale,425,6,0,32.98837386,-81.35321066,45005.0,4891.804788213628,1.4117647058823528,419,421,6,0,415,421,8903,4,0,0,4,0
2020-10-14,US,South Carolina,Anderson,5076,189,0,34.51828081,-82.63959517,45007.0,2505.948913397644,3.723404255319149,4887,5045,189,0,4856,5018,200482,31,0,0,31,27
2020-10-14,US,South Carolina,Bamberg,665,35,0,33.21927586,-81.05659969,45009.0,4727.712213848998,5.2631578947368425,630,662,35,0,627,659,14275,3,0,0,3,3
2020-10-14,US,South Carolina,Barnwell,810,18,0,33.26679302,-81.43584352,45011.0,3881.913160164861,2.2222222222222223,792,795,17,0,778,794,21112,15,1,0,14,1
2020-10-14,US,South Carolina,Beaufort,5909,89,0,32.39226291,-80.72619758,45013.0,3075.6498474927394,1.506177018107971,5820,5899,90,0,5809,5890,188715,10,-1,0,11,9
2020-10-14,US,South Carolina,Berkeley,5723,92,0,33.20222596,-79.94654523,45015.0,2511.1119886620418,1.6075484885549538,5631,5701,91,0,5610,5679,221091,22,1,0,21,22
2020-10-14,US,South Carolina,Calhoun,494,17,0,33.66926881,-80.77722168,45017.0,3394.489108774823,3.4412955465587043,477,493,17,0,476,492,14520,1,0,0,1,1
2020-10-14,US,South Carolina,Charleston,16392,269,0,32.82487866,-79.96512315,45019.0,3984.3852544688216,1.6410444119082481,16123,16340,269,0,16071,16302,405905,52,0,0,52,38
2020-10-14,US,South Carolina,Cherokee,1313,46,0,35.05122251,-81.61828622,45021.0,2291.448516579407,3.5034272658035035,1267,1311,46,0,1265,1302,57078,2,0,0,2,9
2020-10-14,US,South Carolina,Chester,1131,22,0,34.69249168,-81.1583216,45023.0,3507.6293263863045,1.945181255526083,1109,1129,22,0,1107,1125,32251,2,0,0,2,4
2020-10-14,US,South Carolina,Chesterfield,1383,39,0,34.64137396,-80.15640140000002,45025.0,3029.572836801753,2.8199566160520613,1344,1373,39,0,1334,1353,45754,10,0,0,10,20
2020-10-14,US,South Carolina,Clarendon,1133,68,0,33.66610974,-80.21647898,45027.0,3357.534449548081,6.001765225066196,1065,1133,68,0,1065,1130,33700,0,0,0,0,3
2020-10-14,US,South Carolina,Colleton,1167,43,0,32.87582989,-80.67641292,45029.0,3097.3803646787164,3.684661525278492,1124,1152,43,0,1109,1142,37660,15,0,0,15,10
2020-10-14,US,South Carolina,Darlington,2286,63,0,34.33358335,-79.96027485,45031.0,3431.5049986490144,2.755905511811024,2223,2265,63,0,2202,2251,66802,21,0,0,21,14
2020-10-14,US,South Carolina,Dillon,1226,44,0,34.39007791,-79.37741872,45033.0,4022.4416811575184,3.5889070146818924,1182,1212,44,0,1168,1200,30599,14,0,0,14,12
2020-10-14,US,South Carolina,Dorchester,4485,91,0,33.0794369,-80.40502652,45035.0,2754.761714647225,2.028985507246377,4394,4465,91,0,4374,4431,160647,20,0,0,20,34
2020-10-14,US,South Carolina,Edgefield,862,20,0,33.77221995,-81.96231108,45037.0,3162.1423330887737,2.320185614849188,842,848,19,0,829,845,27052,14,1,0,13,3
2020-10-14,US,South Carolina,Fairfield,824,37,0,34.39287073,-81.1195624,45039.0,3687.295833892693,4.490291262135922,787,822,37,0,785,820,22402,2,0,0,2,2
2020-10-14,US,South Carolina,Florence,5259,199,0,34.02361754,-79.70189312,45041.0,3802.7955138727193,3.7839893515877545,5060,5230,198,0,5032,5200,138159,29,1,0,28,30
2020-10-14,US,South Carolina,Georgetown,2067,47,0,33.43443342,-79.33202141,45043.0,3297.7026164645813,2.273826802128689,2020,2043,45,0,1998,2018,62249,24,2,0,22,25
2020-10-14,US,South Carolina,Greenville,15846,330,0,34.89502264,-82.37295012,45045.0,3026.691268322312,2.082544490723211,15516,15780,328,0,15452,15693,514213,66,2,0,64,87
2020-10-14,US,South Carolina,Greenwood,2418,73,0,34.15272415,-82.12715789,45047.0,3414.7237011198827,3.0190239867659217,2345,2394,73,0,2321,2395,70741,24,0,0,24,-1
2020-10-14,US,South Carolina,Hampton,730,29,0,32.77419582,-81.13845571,45049.0,3797.731765685152,3.9726027397260273,701,721,29,0,692,719,19351,9,0,0,9,2
2020-10-14,US,South Carolina,Horry,11527,207,0,33.9212828,-78.99555293,45051.0,3255.469793634789,1.7957838119198404,11320,11436,207,0,11229,11337,344147,91,0,0,91,99
2020-10-14,US,South Carolina,Jasper,865,23,0,32.43171982,-81.02487495,45053.0,2876.334253316929,2.658959537572254,842,863,23,0,840,861,28971,2,0,0,2,2
2020-10-14,US,South Carolina,Kershaw,2244,41,0,34.33988254,-80.58763164,45055.0,3371.8501600276477,1.8270944741532975,2203,2233,41,0,2192,2206,65592,11,0,0,11,27
2020-10-14,US,South Carolina,Lancaster,2367,56,0,34.68270843,-80.70513032,45057.0,2415.0104068889527,2.3658639628221376,2311,2355,56,0,2299,2342,95380,12,0,0,12,13
2020-10-14,US,South Carolina,Laurens,1797,58,0,34.48244419,-82.00490796,45059.0,2662.4983331604762,3.2276015581524757,1739,1794,58,0,1736,1789,66994,3,0,0,3,5
2020-10-14,US,South Carolina,Lee,744,35,0,34.16393091,-80.25690731,45061.0,4421.202757309246,4.704301075268816,709,743,35,0,708,739,17142,1,0,0,1,4
2020-10-14,US,South Carolina,Lexington,8206,186,0,33.89665987,-81.27146426,45063.0,2746.7782426778244,2.2666341701194246,8020,8164,183,0,7981,8117,295032,42,3,0,39,47
2020-10-14,US,South Carolina,Marion,1024,32,0,34.07859748,-79.36400756,45067.0,3340.1833186547933,3.125,992,1014,32,0,982,1006,31039,10,0,0,10,8
2020-10-14,US,South Carolina,Marlboro,1026,12,0,34.59905577,-79.67561152,45069.0,3928.325292901448,1.1695906432748535,1014,1024,12,0,1012,1018,26398,2,0,0,2,6
2020-10-14,US,South Carolina,McCormick,253,7,0,33.90161443,-82.30794338,45065.0,2673.570749233859,2.766798418972332,246,251,7,0,244,251,9410,2,0,0,2,0
2020-10-14,US,South Carolina,Newberry,1506,35,0,34.28629098,-81.59935761,45071.0,3917.7939646201867,2.3240371845949537,1471,1492,32,0,1460,1486,38520,14,3,0,11,6
2020-10-14,US,South Carolina,Oconee,2191,29,0,34.75225169,-83.06742317,45073.0,2754.3811128152265,1.3235965312642628,2162,2180,29,0,2151,2173,78374,11,0,0,11,7
2020-10-14,US,South Carolina,Orangeburg,3219,129,0,33.4391073,-80.79886287,45075.0,3735.4221061792864,4.007455731593662,3090,3210,128,0,3082,3205,86934,9,1,0,8,5
2020-10-14,US,South Carolina,Pickens,3695,52,0,34.88807695,-82.72791551,45077.0,2912.1086977081427,1.4073071718538566,3643,3662,52,0,3610,3635,124937,33,0,0,33,27
2020-10-14,US,South Carolina,Richland,16263,258,0,34.01791263,-80.90267209,45079.0,3911.641119013659,1.586423169156982,16005,16206,258,0,15948,16152,414576,57,0,0,57,54
2020-10-14,US,South Carolina,Saluda,710,22,0,34.00795823,-81.72713237,45081.0,3467.9822204855177,3.0985915492957745,688,710,22,0,688,707,20544,0,0,0,0,3
2020-10-14,US,South Carolina,Spartanburg,7802,210,0,34.92960077,-81.99225984,45083.0,2439.764216583017,2.6916175339656494,7592,7723,210,0,7513,7644,313888,79,0,0,79,79
2020-10-14,US,South Carolina,Sumter,3350,84,0,33.91826534,-80.37942316,45085.0,3139.0260586014,2.5074626865671643,3266,3343,84,0,3259,3331,106512,7,0,0,7,12
2020-10-14,US,South Carolina,Union,670,15,0,34.68835752,-81.61730349,45087.0,2452.774930443696,2.238805970149253,655,663,15,0,648,656,27410,7,0,0,7,7
2020-10-14,US,South Carolina,Williamsburg,1372,46,0,33.62190129,-79.72767442,45089.0,4517.913593256059,3.3527696793002915,1326,1365,46,0,1319,1363,30606,7,0,0,7,2
2020-10-14,US,South Carolina,York,6016,90,0,34.97281497,-81.18085944,45091.0,2141.0852768356353,1.4960106382978724,5926,5982,87,0,5895,5939,274118,34,3,0,31,43
2020-10-14,US,South Dakota,Aurora,140,0,0,43.71757685,-98.56050467,46003.0,5089.058524173028,0.0,140,137,0,0,137,136,2801,3,0,0,3,1
2020-10-14,US,South Dakota,Beadle,994,11,0,44.41464384,-98.27858469,46005.0,5386.657995989812,1.1066398390342052,983,961,11,0,950,960,18883,33,0,0,33,1
2020-10-14,US,South Dakota,Bennett,114,4,0,43.19486375,-101.6665572,46007.0,3387.815750371471,3.5087719298245608,110,109,4,0,105,108,3468,5,0,0,5,1
2020-10-14,US,South Dakota,Bon Homme,182,1,0,42.98914167,-97.88592746,46009.0,2637.2989421822917,0.5494505494505495,181,167,1,0,166,164,6980,15,0,0,15,3
2020-10-14,US,South Dakota,Brookings,1051,2,0,44.36974375,-96.79079945,46011.0,2996.265359067195,0.19029495718363465,1049,1025,2,0,1023,997,35232,26,0,0,26,28
2020-10-14,US,South Dakota,Brown,1626,4,0,45.58994323,-98.35165355,46013.0,4186.513555961791,0.24600246002460024,1622,1593,4,0,1589,1575,39316,33,0,0,33,18
2020-10-14,US,South Dakota,Brule,186,1,0,43.71756379,-99.08118954,46015.0,3511.42155937323,0.5376344086021505,185,179,1,0,178,179,5229,7,0,0,7,0
2020-10-14,US,South Dakota,Buffalo,185,3,0,44.07657829,-99.20814467,46017.0,9429.153924566768,1.6216216216216215,182,181,3,0,178,181,2036,4,0,0,4,0
2020-10-14,US,South Dakota,Butte,179,3,0,44.90608745,-103.5079318,46019.0,1716.3678205005276,1.675977653631285,176,172,3,0,169,171,10222,7,0,0,7,1
2020-10-14,US,South Dakota,Campbell,56,0,0,45.77074915,-100.0510181,46021.0,4069.767441860465,0.0,56,55,0,0,55,55,1377,1,0,0,1,0
2020-10-14,US,South Dakota,Charles Mix,277,0,0,43.20660134,-98.58856175,46023.0,2981.0589754627645,0.0,277,268,0,0,268,267,9338,9,0,0,9,1
2020-10-14,US,South Dakota,Clark,59,0,0,44.85834507,-97.72925109,46025.0,1579.2291220556745,0.0,59,55,0,0,55,55,3739,4,0,0,4,0
2020-10-14,US,South Dakota,Clay,667,8,0,42.91296147,-96.97656917,46027.0,4740.582800284294,1.199400299850075,659,654,8,0,646,650,14041,13,0,0,13,4
2020-10-14,US,South Dakota,Codington,1151,10,0,44.97788119,-97.18827677,46029.0,4109.393409261309,0.8688097306689835,1141,1123,9,0,1114,1119,28015,28,1,0,27,4
2020-10-14,US,South Dakota,Corson,121,1,0,45.70889983,-101.1970473,46031.0,2961.331375428292,0.8264462809917356,120,120,1,0,119,117,4165,1,0,0,1,3
2020-10-14,US,South Dakota,Custer,234,3,0,43.67741105,-103.45345209999999,46033.0,2608.11413285778,1.2820512820512822,231,224,3,0,221,222,8726,10,0,0,10,2
2020-10-14,US,South Dakota,Davison,615,4,0,43.67490933,-98.14458906,46035.0,3109.987357774969,0.6504065040650406,611,585,4,0,581,575,19790,30,0,0,30,10
2020-10-14,US,South Dakota,Day,115,0,0,45.367281,-97.60737498,46037.0,2120.2064896755164,0.0,115,114,0,0,114,113,5505,1,0,0,1,1
2020-10-14,US,South Dakota,Deuel,133,0,0,44.75994309,-96.66943645,46039.0,3056.7685589519647,0.0,133,126,0,0,126,123,4337,7,0,0,7,3
2020-10-14,US,South Dakota,Dewey,230,0,0,45.15639647,-100.8709139,46041.0,3903.5980991174483,0.0,230,220,0,0,220,220,5904,10,0,0,10,0
2020-10-14,US,South Dakota,Douglas,136,2,0,43.38520741,-98.36978007,46043.0,4655.939746662102,1.4705882352941178,134,133,1,0,132,133,2935,3,1,0,2,0
2020-10-14,US,South Dakota,Edmunds,113,0,0,45.41846445,-99.21545423,46045.0,2951.162183337686,0.0,113,113,0,0,113,112,3875,0,0,0,0,1
2020-10-14,US,South Dakota,Fall River,143,6,0,43.23929297,-103.5275691,46047.0,2130.195143750931,4.195804195804196,137,137,6,0,131,137,6758,6,0,0,6,0
2020-10-14,US,South Dakota,Faulk,139,1,0,45.07082625,-99.14535601,46049.0,6046.107003044804,0.7194244604316546,138,133,1,0,132,129,2330,6,0,0,6,4
2020-10-14,US,South Dakota,Grant,228,2,0,45.1723937,-96.77002276,46051.0,3233.125354509359,0.8771929824561403,226,224,2,0,222,222,7147,4,0,0,4,2
2020-10-14,US,South Dakota,Gregory,166,7,0,43.19419064,-99.18883902,46053.0,3966.547192353644,4.216867469879518,159,162,7,0,155,160,4212,4,0,0,4,2
2020-10-14,US,South Dakota,Haakon,55,1,0,44.29299053,-101.539099,46055.0,2896.261190100053,1.818181818181818,54,51,1,0,50,46,1918,4,0,0,4,5
2020-10-14,US,South Dakota,Hamlin,139,0,0,44.67385954,-97.18829593,46057.0,2255.029201817002,0.0,139,131,0,0,131,131,6111,8,0,0,8,0
2020-10-14,US,South Dakota,Hand,80,1,0,44.54708407,-99.00386459,46059.0,2507.051081165779,1.25,79,78,1,0,77,78,3262,2,0,0,2,0
2020-10-14,US,South Dakota,Hanson,56,1,0,43.6746384,-97.78715148,46061.0,1621.7781639154364,1.7857142857142858,55,54,1,0,53,53,3376,2,0,0,2,1
2020-10-14,US,South Dakota,Harding,10,0,0,45.58015551,-103.4958629,46063.0,770.4160246533127,0.0,10,9,0,0,9,9,1249,1,0,0,1,0
2020-10-14,US,South Dakota,Hughes,667,5,0,44.39091534,-99.99661148,46065.0,3805.7742782152227,0.7496251874062968,662,656,5,0,651,653,17650,11,0,0,11,3
2020-10-14,US,South Dakota,Hutchinson,167,2,0,43.33449012,-97.75536441,46067.0,2290.495130983404,1.1976047904191616,165,161,2,0,159,158,7380,6,0,0,6,3
2020-10-14,US,South Dakota,Hyde,29,0,0,44.54747703,-99.48572582,46069.0,2229.054573405073,0.0,29,28,0,0,28,28,1282,1,0,0,1,0
2020-10-14,US,South Dakota,Jackson,64,1,0,43.69318385,-101.6255063,46071.0,1913.875598086125,1.5625,63,57,1,0,56,57,3307,7,0,0,7,0
2020-10-14,US,South Dakota,Jerauld,151,4,0,44.06637798,-98.62965972,46073.0,7501.241927471436,2.6490066225165565,147,150,4,0,146,150,2043,1,0,0,1,0
2020-10-14,US,South Dakota,Jones,23,0,0,43.96278565,-100.6940008,46075.0,2547.0653377630124,0.0,23,22,0,0,22,20,928,1,0,0,1,2
2020-10-14,US,South Dakota,Kingsbury,107,0,0,44.36956169,-97.4913945,46077.0,2166.4304515084027,0.0,107,104,0,0,104,101,4919,3,0,0,3,3
2020-10-14,US,South Dakota,Lake,270,8,0,44.02193107,-97.12926365,46079.0,2109.8695006642183,2.962962962962963,262,260,8,0,252,255,13057,10,0,0,10,5
2020-10-14,US,South Dakota,Lawrence,596,5,0,44.35919441,-103.79294279999999,46081.0,2306.1445596656868,0.8389261744966443,591,569,5,0,564,567,25741,27,0,0,27,2
2020-10-14,US,South Dakota,Lincoln,1976,10,0,43.27841182,-96.72039050000001,46083.0,3232.5611830912185,0.5060728744939271,1966,1897,10,0,1887,1844,58807,79,0,0,79,53
2020-10-14,US,South Dakota,Lyman,204,4,0,43.89522709,-99.85201878,46085.0,5395.398042845808,1.96078431372549,200,203,4,0,199,202,3821,1,0,0,1,1
2020-10-14,US,South Dakota,Marshall,54,0,0,45.75870838,-97.59855639,46091.0,1094.224924012158,0.0,54,52,0,0,52,51,5112,2,0,0,2,1
2020-10-14,US,South Dakota,McCook,163,1,0,43.6742571,-97.36863144,46087.0,2918.009308986753,0.6134969325153374,162,154,1,0,153,151,5546,9,0,0,9,3
2020-10-14,US,South Dakota,McPherson,49,0,0,45.76626028,-99.22118798,46089.0,2059.6889449348464,0.0,49,49,0,0,49,48,2407,0,0,0,0,1
2020-10-14,US,South Dakota,Meade,737,6,0,44.56676791,-102.71627409999999,46093.0,2601.2988846533954,0.8141112618724559,731,725,6,0,719,720,28294,12,0,0,12,5
2020-10-14,US,South Dakota,Mellette,44,0,0,43.58078848,-100.7563186,46095.0,2134.8859776807376,0.0,44,42,0,0,42,42,2042,2,0,0,2,0
2020-10-14,US,South Dakota,Miner,73,0,0,44.02197882,-97.60992207,46097.0,3294.223826714801,0.0,73,69,0,0,69,67,2213,4,0,0,4,2
2020-10-14,US,South Dakota,Minnehaha,8397,88,0,43.67441641,-96.7910885,46099.0,4347.758551057815,1.0479933309515304,8309,8189,88,0,8101,8036,192876,208,0,0,208,153
2020-10-14,US,South Dakota,Moody,151,1,0,44.02266214,-96.67081159,46101.0,2296.228710462287,0.6622516556291391,150,149,1,0,148,146,6579,2,0,0,2,3
2020-10-14,US,South Dakota,Oglala Lakota,456,4,0,43.33749164,-102.55554980000001,46102.0,3216.477392960429,0.8771929824561403,452,441,4,0,437,435,14309,15,0,0,15,6
2020-10-14,US,South Dakota,Pennington,3292,42,0,44.0025835,-102.8240777,46103.0,2893.4300153812346,1.2758201701093559,3250,3207,41,0,3166,3177,111729,85,1,0,84,30
2020-10-14,US,South Dakota,Perkins,54,0,0,45.49049506,-102.47555859999999,46105.0,1884.8167539267013,0.0,54,52,0,0,52,52,2922,2,0,0,2,0
2020-10-14,US,South Dakota,Potter,78,0,0,45.06583079,-99.95498503,46107.0,3622.851834649327,0.0,78,78,0,0,78,78,2207,0,0,0,0,0
2020-10-14,US,South Dakota,Roberts,258,2,0,45.62975048,-96.94672673,46109.0,2482.201269963441,0.7751937984496124,256,256,2,0,254,252,10447,2,0,0,2,4
2020-10-14,US,South Dakota,Sanborn,62,0,0,44.02351092,-98.09098159999999,46111.0,2645.051194539249,0.0,62,61,0,0,61,59,2429,1,0,0,1,2
2020-10-14,US,South Dakota,Spink,197,1,0,44.93837606,-98.34626602,46115.0,3089.7114178168126,0.5076142131979695,196,191,1,0,190,187,6495,6,0,0,6,4
2020-10-14,US,South Dakota,Stanley,61,0,0,44.41381872,-100.7349153,46117.0,1969.0122659780504,0.0,61,58,0,0,58,58,3022,3,0,0,3,0
2020-10-14,US,South Dakota,Sully,24,0,0,44.71571812,-100.1278092,46119.0,1725.3774263120056,0.0,24,24,0,0,24,24,1392,0,0,0,0,0
2020-10-14,US,South Dakota,Todd,264,5,0,43.19338568,-100.71955030000001,46121.0,2594.0847007959123,1.893939393939394,259,241,5,0,236,240,10283,23,0,0,23,1
2020-10-14,US,South Dakota,Tripp,218,1,0,43.34459388,-99.8854891,46123.0,4006.616430803161,0.4587155963302753,217,210,1,0,209,207,5478,8,0,0,8,3
2020-10-14,US,South Dakota,Turner,315,8,0,43.3109081,-97.14865776,46125.0,3757.1564885496173,2.5396825396825395,307,294,8,0,286,290,8424,21,0,0,21,4
2020-10-14,US,South Dakota,Union,599,10,0,42.83112163,-96.6557828,46127.0,3759.72884760231,1.6694490818030048,589,586,10,0,576,571,15619,13,0,0,13,15
2020-10-14,US,South Dakota,Walworth,197,1,0,45.43019636,-100.03075140000001,46129.0,3624.655013799448,0.5076142131979695,196,193,1,0,192,190,5587,4,0,0,4,3
2020-10-14,US,South Dakota,Yankton,565,5,0,43.00924485,-97.39467635,46135.0,2476.549487157009,0.8849557522123894,560,547,5,0,542,541,22869,18,0,0,18,6
2020-10-14,US,South Dakota,Ziebach,73,1,0,44.97881876,-101.6654622,46137.0,2648.766328011611,1.3698630136986298,72,71,1,0,70,71,2742,2,0,0,2,0
2020-10-14,US,Tennessee,Anderson,1463,13,0,36.12684348,-84.19965764,47001.0,1900.5430122892249,0.8885850991114149,1450,1428,13,0,1415,1416,76482,35,0,0,35,12
2020-10-14,US,Tennessee,Bedford,1536,19,0,35.51123746,-86.45549096,47003.0,3089.735079355501,1.2369791666666667,1517,1523,19,0,1504,1509,49038,13,0,0,13,14
2020-10-14,US,Tennessee,Benton,368,9,0,36.07110411,-88.06849355,47005.0,2277.227722772277,2.4456521739130435,359,366,9,0,357,366,16184,2,0,0,2,0
2020-10-14,US,Tennessee,Bledsoe,901,4,0,35.59942968,-85.20611967,47007.0,5981.147105682422,0.4439511653718091,897,898,4,0,894,897,14755,3,0,0,3,1
2020-10-14,US,Tennessee,Blount,2947,31,0,35.68938198,-83.92847788,47009.0,2214.324356816542,1.0519172039362064,2916,2911,31,0,2880,2881,131349,36,0,0,36,30
2020-10-14,US,Tennessee,Bradley,3279,20,0,35.15739424,-84.857186,47011.0,3033.021922116363,0.609942055504727,3259,3266,20,0,3246,3250,106727,13,0,0,13,16
2020-10-14,US,Tennessee,Campbell,747,5,0,36.40355516,-84.15108559999999,47013.0,1874.9058782189647,0.6693440428380187,742,721,5,0,716,711,39583,26,0,0,26,10
2020-10-14,US,Tennessee,Cannon,361,2,0,35.80990797,-86.05738983,47015.0,2459.4631421174545,0.554016620498615,359,361,2,0,359,361,14462,0,0,0,0,0
2020-10-14,US,Tennessee,Carroll,1063,24,0,35.97366108,-88.45189331,47017.0,3828.2853747253935,2.257761053621825,1039,1058,24,0,1034,1055,28020,5,0,0,5,3
2020-10-14,US,Tennessee,Carter,1339,32,0,36.28969086,-82.12588974,47019.0,2374.49238353638,2.3898431665421955,1307,1332,32,0,1300,1332,56351,7,0,0,7,0
2020-10-14,US,Tennessee,Cheatham,912,10,0,36.26136216,-87.08903581,47021.0,2242.6045688150093,1.0964912280701755,902,908,10,0,898,903,40439,4,0,0,4,5
2020-10-14,US,Tennessee,Chester,699,13,0,35.42527478,-88.6095842,47023.0,4041.1632074926288,1.8597997138769669,686,690,13,0,677,689,17276,9,0,0,9,1
2020-10-14,US,Tennessee,Claiborne,484,5,0,36.48319149,-83.65947309,47025.0,1514.4403767326885,1.033057851239669,479,479,5,0,474,477,31756,5,0,0,5,2
2020-10-14,US,Tennessee,Clay,344,6,0,36.55151008,-85.53930419,47027.0,4517.399868680236,1.7441860465116281,338,325,6,0,319,320,7717,19,0,0,19,5
2020-10-14,US,Tennessee,Cocke,870,11,0,35.9278914,-83.11828725,47029.0,2416.398177980225,1.264367816091954,859,865,11,0,854,866,35774,5,0,0,5,-1
2020-10-14,US,Tennessee,Coffee,1630,18,0,35.49090731,-86.07311784,47031.0,2883.934890304317,1.1042944785276074,1612,1612,18,0,1594,1588,55700,18,0,0,18,24
2020-10-14,US,Tennessee,Crockett,699,19,0,35.81830662,-89.14916269,47033.0,4912.157413914266,2.718168812589413,680,681,19,0,662,674,14328,18,0,0,18,7
2020-10-14,US,Tennessee,Cumberland,1427,24,0,35.95271721,-84.99840585,47035.0,2357.8982154659616,1.6818500350385424,1403,1408,24,0,1384,1406,59673,19,0,0,19,2
2020-10-14,US,Tennessee,Davidson,28717,323,0,36.17007426,-86.78646056,47037.0,4137.037848054582,1.1247693004143886,28394,28629,322,0,28307,28507,692587,88,1,0,87,122
2020-10-14,US,Tennessee,DeKalb,645,16,0,35.97616272,-85.83689361,47041.0,3147.8770131771594,2.48062015503876,629,637,16,0,621,637,20138,8,0,0,8,0
2020-10-14,US,Tennessee,Decatur,600,11,0,35.60048904,-88.11043779,47039.0,5144.4739775357975,1.8333333333333333,589,592,11,0,581,592,11706,8,0,0,8,0
2020-10-14,US,Tennessee,Dickson,1472,17,0,36.14669837,-87.35891709,47043.0,2728.553421813598,1.1548913043478262,1455,1462,17,0,1445,1441,53446,10,0,0,10,21
2020-10-14,US,Tennessee,Dyer,1840,24,0,36.05931946,-89.41542855,47045.0,4951.694071422805,1.3043478260869563,1816,1801,21,0,1780,1778,37320,39,3,0,36,23
2020-10-14,US,Tennessee,Fayette,1432,21,0,35.19615831,-89.41399032,47047.0,3481.389638489777,1.4664804469273742,1411,1414,23,0,1391,1404,40507,18,-2,0,20,10
2020-10-14,US,Tennessee,Fentress,802,5,0,36.38128818,-84.92870012,47049.0,4329.752199967608,0.6234413965087282,797,785,6,0,779,783,18217,17,-1,0,18,2
2020-10-14,US,Tennessee,Franklin,1154,14,0,35.15634626,-86.09201039,47051.0,2734.0788476118273,1.2131715771230502,1140,1144,13,0,1131,1139,41890,10,1,0,9,5
2020-10-14,US,Tennessee,Gibson,1982,33,0,35.99438059,-88.93358327,47053.0,4033.948669936703,1.6649848637739657,1949,1960,29,0,1931,1945,49045,22,4,0,18,15
2020-10-14,US,Tennessee,Giles,824,31,0,35.20222469,-87.03992678,47055.0,2796.6331794732555,3.762135922330097,793,815,29,0,786,815,29503,9,2,0,7,0
2020-10-14,US,Tennessee,Grainger,491,4,0,36.27469206,-83.51254721,47057.0,2105.4888507718697,0.8146639511201629,487,486,4,0,482,483,23145,5,0,0,5,3
2020-10-14,US,Tennessee,Greene,1383,48,0,36.17470125,-82.84691273,47059.0,2002.34548060635,3.470715835140998,1335,1374,48,0,1326,1365,69087,9,0,0,9,9
2020-10-14,US,Tennessee,Grundy,467,8,0,35.38433717,-85.72142731,47061.0,3478.066582259625,1.7130620985010707,459,462,8,0,454,447,13346,5,0,0,5,15
2020-10-14,US,Tennessee,Hamblen,2254,41,0,36.21990035,-83.26586179,47063.0,3471.2169279576183,1.8189884649511976,2213,2229,41,0,2188,2232,64569,25,0,0,25,-3
2020-10-14,US,Tennessee,Hamilton,10730,100,0,35.17670231,-85.16652245,47065.0,2917.3146567193394,0.9319664492078286,10630,10666,102,0,10564,10608,364286,64,-2,0,66,58
2020-10-14,US,Tennessee,Hancock,112,3,0,36.52692871,-83.22375847,47067.0,1691.842900302115,2.6785714285714284,109,111,3,0,108,111,6549,1,0,0,1,0
2020-10-14,US,Tennessee,Hardeman,1727,32,0,35.20772017,-88.99161161,47069.0,6894.211576846307,1.8529241459177763,1695,1708,30,0,1678,1705,25220,19,2,0,17,3
2020-10-14,US,Tennessee,Hardin,1240,19,0,35.19732531,-88.18593755,47071.0,4833.931077498831,1.5322580645161292,1221,1219,19,0,1200,1206,25776,21,0,0,21,13
2020-10-14,US,Tennessee,Hawkins,1016,23,0,36.44355426,-82.94885298,47073.0,1789.1733878068537,2.263779527559055,993,995,22,0,973,986,56530,21,1,0,20,9
2020-10-14,US,Tennessee,Haywood,1159,25,0,35.58332824,-89.28536625,47075.0,6697.873324086917,2.157031924072476,1134,1150,25,0,1125,1147,17335,9,0,0,9,3
2020-10-14,US,Tennessee,Henderson,1327,24,0,35.65581134,-88.38600175,47077.0,4719.564676174557,1.808590806330068,1303,1316,24,0,1292,1311,27847,11,0,0,11,5
2020-10-14,US,Tennessee,Henry,697,10,0,36.33160906,-88.30121797,47079.0,2154.8925645385684,1.4347202295552368,687,696,10,0,686,699,32358,1,0,0,1,-3
2020-10-14,US,Tennessee,Hickman,710,13,0,35.80609681,-87.47643507,47081.0,2819.922154261657,1.8309859154929575,697,702,13,0,689,699,25063,8,0,0,8,3
2020-10-14,US,Tennessee,Houston,370,14,0,36.28872054,-87.71878828,47083.0,4511.644921351055,3.783783783783784,356,361,14,0,347,358,8263,9,0,0,9,3
2020-10-14,US,Tennessee,Humphreys,367,4,0,36.03958805,-87.77992872,47085.0,1975.029598536218,1.0899182561307903,363,358,4,0,354,353,18486,9,0,0,9,5
2020-10-14,US,Tennessee,Jackson,399,5,0,36.36380466,-85.67239905,47087.0,3385.3724758187677,1.2531328320802004,394,395,5,0,390,391,11758,4,0,0,4,4
2020-10-14,US,Tennessee,Jefferson,1380,17,0,36.04818632,-83.45148924,47089.0,2532.34241673548,1.2318840579710144,1363,1368,17,0,1351,1359,54012,12,0,0,12,9
2020-10-14,US,Tennessee,Johnson,1050,6,0,36.45523950000001,-81.84886538,47091.0,5902.855857881717,0.5714285714285714,1044,1049,5,0,1044,1047,17778,1,1,0,0,2
2020-10-14,US,Tennessee,Knox,11257,83,0,35.99508821,-83.94635435,47093.0,2393.512405568207,0.7373190015101715,11174,11106,83,0,11023,11017,465289,151,0,0,151,89
2020-10-14,US,Tennessee,Lake,952,3,0,36.34180170000001,-89.48921915,47095.0,13568.985176738885,0.3151260504201681,949,951,3,0,948,950,7411,1,0,0,1,1
2020-10-14,US,Tennessee,Lauderdale,1206,16,0,35.75893438,-89.63015909999999,47097.0,4704.872625131667,1.326699834162521,1190,1195,16,0,1179,1180,25825,11,0,0,11,15
2020-10-14,US,Tennessee,Lawrence,1332,17,0,35.21675201,-87.39787695,47099.0,3017.534321054777,1.2762762762762765,1315,1307,17,0,1290,1296,43734,25,0,0,25,11
2020-10-14,US,Tennessee,Lewis,294,2,0,35.52853208,-87.49022694,47101.0,2396.478643625693,0.6802721088435374,292,291,1,0,290,290,12086,3,1,0,2,1
2020-10-14,US,Tennessee,Lincoln,745,2,0,35.13738622,-86.58910106,47103.0,2167.840307280452,0.2684563758389262,743,735,2,0,733,730,34117,10,0,0,10,5
2020-10-14,US,Tennessee,Loudon,1483,9,0,35.73939663,-84.31145275,47105.0,2742.842346674558,0.6068779501011463,1474,1459,9,0,1450,1446,53054,24,0,0,24,13
2020-10-14,US,Tennessee,Macon,1214,23,0,36.53157855,-86.00778595,47111.0,4934.558166002765,1.8945634266886329,1191,1199,22,0,1177,1200,24265,15,1,0,14,-1
2020-10-14,US,Tennessee,Madison,3432,76,0,35.61181957,-88.84076036,47113.0,3502.6126714565644,2.2144522144522143,3356,3415,76,0,3339,3396,97605,17,0,0,17,19
2020-10-14,US,Tennessee,Marion,640,9,0,35.12997174,-85.62265895,47115.0,2213.996609817691,1.40625,631,633,9,0,624,629,28575,7,0,0,7,4
2020-10-14,US,Tennessee,Marshall,968,6,0,35.45798777,-86.76420988,47117.0,2816.0,0.6198347107438017,962,956,5,0,951,946,33683,12,1,0,11,10
2020-10-14,US,Tennessee,Maury,2858,34,0,35.618741299999996,-87.07462444,47119.0,2965.1301524064447,1.1896431070678797,2824,2805,34,0,2771,2799,94340,53,0,0,53,6
2020-10-14,US,Tennessee,McMinn,1370,31,0,35.42812616,-84.61520715,47107.0,2546.7524259211064,2.2627737226277373,1339,1357,31,0,1326,1352,53285,13,0,0,13,5
2020-10-14,US,Tennessee,McNairy,1048,24,0,35.17468549,-88.5647812,47109.0,4078.7732544562928,2.2900763358778624,1024,1042,23,0,1019,1036,25832,6,1,0,5,6
2020-10-14,US,Tennessee,Meigs,265,4,0,35.51558739,-84.81482914,47121.0,2133.3118660441155,1.509433962264151,261,262,4,0,258,258,12306,3,0,0,3,4
2020-10-14,US,Tennessee,Monroe,1239,21,0,35.44550387,-84.24902965,47123.0,2661.940058008379,1.6949152542372878,1218,1209,21,0,1188,1202,46357,30,0,0,30,7
2020-10-14,US,Tennessee,Montgomery,3623,50,0,36.49609412,-87.38550661,47125.0,1733.5508844793844,1.380071763731714,3573,3592,50,0,3542,3575,205950,31,0,0,31,17
2020-10-14,US,Tennessee,Moore,227,1,0,35.27724699,-86.36230578,47127.0,3498.7669543773122,0.4405286343612335,226,222,1,0,221,223,6411,5,0,0,5,-1
2020-10-14,US,Tennessee,Morgan,380,6,0,36.13248031,-84.64880098,47129.0,1775.4520394337244,1.5789473684210529,374,376,6,0,370,372,21579,4,0,0,4,4
2020-10-14,US,Tennessee,Obion,1555,18,0,36.35732446,-89.14921589,47131.0,5171.4390235791025,1.157556270096463,1537,1520,15,0,1505,1506,30267,35,3,0,32,14
2020-10-14,US,Tennessee,Out of TN,3398,31,0,0.0,0.0,80047.0,0.0,0.9123013537374928,3367,3406,29,0,3377,3437,,-8,2,0,-10,-31
2020-10-14,US,Tennessee,Overton,1032,8,0,36.34117832,-85.28989535,47133.0,4640.079133132503,0.7751937984496124,1024,1014,8,0,1006,1002,22068,18,0,0,18,12
2020-10-14,US,Tennessee,Perry,175,1,0,35.63708728,-87.86139634,47135.0,2166.91431401684,0.5714285714285714,174,170,1,0,169,169,8064,5,0,0,5,1
2020-10-14,US,Tennessee,Pickett,218,3,0,36.55606529,-85.07763299999998,47137.0,4318.541996830428,1.3761467889908257,215,212,3,0,209,209,5082,6,0,0,6,3
2020-10-14,US,Tennessee,Polk,448,13,0,35.12245443,-84.52075859,47139.0,2661.596958174905,2.9017857142857144,435,449,13,0,436,448,16898,-1,0,0,-1,1
2020-10-14,US,Tennessee,Putnam,3899,51,0,36.14005459,-85.50646123,47141.0,4858.869711508505,1.3080276994101052,3848,3833,51,0,3782,3815,78843,66,0,0,66,18
2020-10-14,US,Tennessee,Rhea,988,16,0,35.60536161,-84.93076643,47143.0,2978.864534024784,1.6194331983805668,972,981,16,0,965,977,33044,7,0,0,7,4
2020-10-14,US,Tennessee,Roane,1111,6,0,35.84923189,-84.52458689,47145.0,2081.2258813832377,0.54005400540054,1105,1084,6,0,1078,1072,53140,27,0,0,27,12
2020-10-14,US,Tennessee,Robertson,2401,39,0,36.52454807,-86.87346725,47147.0,3343.4057900380158,1.624323198667222,2362,2396,39,0,2357,2387,71012,5,0,0,5,9
2020-10-14,US,Tennessee,Rutherford,10570,104,0,35.84591405,-86.4107263,47149.0,3181.004258392645,0.9839167455061496,10466,10510,103,0,10407,10448,324890,60,1,0,59,62
2020-10-14,US,Tennessee,Scott,294,3,0,36.42325673,-84.50360494,47151.0,1332.2457857531267,1.020408163265306,291,283,3,0,280,280,22039,11,0,0,11,3
2020-10-14,US,Tennessee,Sequatchie,289,3,0,35.36979721,-85.41022136,47153.0,1923.3328896579267,1.038062283737024,286,284,1,0,283,280,14876,5,2,0,3,4
2020-10-14,US,Tennessee,Sevier,3006,19,0,35.78077323,-83.52244332,47155.0,3059.541984732825,0.6320691949434465,2987,2973,19,0,2954,2944,97892,33,0,0,33,29
2020-10-14,US,Tennessee,Shelby,33288,545,0,35.1864775,-89.89692423,47157.0,3551.9854540177507,1.6372266282143717,32743,33167,540,0,32627,33056,935764,121,5,0,116,111
2020-10-14,US,Tennessee,Smith,896,12,0,36.25359775,-85.95411046,47159.0,4445.105918539465,1.3392857142857142,884,885,12,0,873,881,19942,11,0,0,11,4
2020-10-14,US,Tennessee,Stewart,294,6,0,36.50235092,-87.83920548,47161.0,2143.6383521691573,2.0408163265306123,288,290,6,0,284,289,13561,4,0,0,4,1
2020-10-14,US,Tennessee,Sullivan,2830,40,0,36.51240691,-82.30412917,47163.0,1787.2028696289185,1.413427561837456,2790,2782,39,0,2743,2739,157668,48,1,0,47,43
2020-10-14,US,Tennessee,Sumner,5360,105,0,36.46824103,-86.45917204,47165.0,2802.13087414982,1.958955223880597,5255,5338,105,0,5233,5311,187149,22,0,0,22,27
2020-10-14,US,Tennessee,Tipton,2113,22,0,35.501942,-89.73694895,47167.0,3430.2504910794005,1.0411736867013726,2091,2084,22,0,2062,2066,61581,29,0,0,29,18
2020-10-14,US,Tennessee,Trousdale,1717,7,0,36.39026213,-86.16087954,47169.0,15216.235377525703,0.40768782760628997,1710,1714,7,0,1707,1714,11012,3,0,0,3,0
2020-10-14,US,Tennessee,Unassigned,3387,6,0,0.0,0.0,90047.0,0.0,0.1771479185119575,3381,3460,6,0,3454,3464,,-73,0,0,-73,-4
2020-10-14,US,Tennessee,Unicoi,309,1,0,36.10890856,-82.43709629,47171.0,1727.8980036906562,0.32362459546925565,308,307,1,0,306,305,17761,2,0,0,2,2
2020-10-14,US,Tennessee,Union,470,2,0,36.28590426,-83.83651902,47173.0,2353.2946124574405,0.425531914893617,468,461,2,0,459,461,19688,9,0,0,9,0
2020-10-14,US,Tennessee,Van Buren,185,1,0,35.69864497,-85.45221699,47175.0,3150.5449591280653,0.5405405405405406,184,181,1,0,180,181,5765,4,0,0,4,0
2020-10-14,US,Tennessee,Warren,1252,9,0,35.672829899999996,-85.77969117,47177.0,3033.166170022046,0.7188498402555911,1243,1230,9,0,1221,1230,40878,22,0,0,22,0
2020-10-14,US,Tennessee,Washington,2801,42,0,36.29472368,-82.49454720000001,47179.0,2165.024154589372,1.4994644769725098,2759,2783,42,0,2741,2761,128607,18,0,0,18,22
2020-10-14,US,Tennessee,Wayne,1546,7,0,35.23868267,-87.78644456,47181.0,9272.4764589456,0.4527813712807244,1539,1543,6,0,1537,1543,16558,3,1,0,2,0
2020-10-14,US,Tennessee,Weakley,1394,23,0,36.29896232,-88.71990865,47183.0,4182.6692270763315,1.6499282639885222,1371,1380,23,0,1357,1376,33415,14,0,0,14,4
2020-10-14,US,Tennessee,White,1014,13,0,35.92929884,-85.45591799,47185.0,3708.173340647285,1.2820512820512822,1001,1000,11,0,989,998,27107,14,2,0,12,2
2020-10-14,US,Tennessee,Williamson,6194,47,0,35.89099229,-86.89281867,47187.0,2598.02358941664,0.7587988375847594,6147,6163,47,0,6116,6113,231729,31,0,0,31,50
2020-10-14,US,Tennessee,Wilson,4155,52,0,36.15496772,-86.29775884,47189.0,2872.3117443331457,1.2515042117930204,4103,4118,52,0,4066,4074,140625,37,0,0,37,44
2020-10-14,US,Texas,Anderson,2885,38,0,31.81534745,-95.65354823,48001.0,4996.968909673508,1.317157712305026,2847,2892,37,0,2855,2879,58057,-7,1,0,-8,13
2020-10-14,US,Texas,Andrews,518,10,0,32.30468633,-102.63765479999999,48003.0,2769.3130179096497,1.9305019305019304,508,518,10,0,508,510,18128,0,0,0,0,8
2020-10-14,US,Texas,Angelina,2221,86,0,31.25457347,-94.60901487,48005.0,2561.263910511445,3.8721296713192257,2135,2221,86,0,2135,2214,87092,0,0,0,0,7
2020-10-14,US,Texas,Aransas,340,18,0,28.10556197,-96.9995047,48007.0,1446.193109315185,5.294117647058823,322,340,18,0,322,335,23792,0,0,0,0,5
2020-10-14,US,Texas,Archer,103,1,0,33.61569967,-98.68754589,48009.0,1204.2558166725125,0.9708737864077671,102,101,1,0,100,98,8786,2,0,0,2,3
2020-10-14,US,Texas,Armstrong,18,1,0,34.96507426,-101.35748740000001,48011.0,953.8950715421304,5.5555555555555545,17,17,1,0,16,17,1892,1,0,0,1,0
2020-10-14,US,Texas,Atascosa,1254,34,0,28.89333001,-98.52730485,48013.0,2451.469122045628,2.7113237639553427,1220,1251,34,0,1217,1252,50310,3,0,0,3,-1
2020-10-14,US,Texas,Austin,504,9,0,29.88548725,-96.27736949,48015.0,1678.2099094299415,1.7857142857142858,495,503,9,0,494,504,29989,1,0,0,1,-1
2020-10-14,US,Texas,Bailey,246,5,0,34.06854817,-102.8299707,48017.0,3514.285714285714,2.0325203252032518,241,243,5,0,238,244,7027,3,0,0,3,-1
2020-10-14,US,Texas,Bandera,178,8,0,29.74619598,-99.24598147,48019.0,770.1626860505365,4.49438202247191,170,179,8,0,171,179,22824,-1,0,0,-1,0
2020-10-14,US,Texas,Bastrop,1919,31,0,30.10370699,-97.31206354,48021.0,2162.911533649674,1.6154247003647733,1888,1906,31,0,1875,1900,86976,13,0,0,13,6
2020-10-14,US,Texas,Baylor,36,2,0,33.61640794,-99.21352901,48023.0,1025.9333143345682,5.5555555555555545,34,36,2,0,34,36,3582,0,0,0,0,0
2020-10-14,US,Texas,Bee,1831,37,0,28.41761668,-97.74215593,48025.0,5622.6009519422705,2.020753686510104,1794,1830,36,0,1794,1826,32587,1,1,0,0,4
2020-10-14,US,Texas,Bell,5931,94,0,31.03736027,-97.4785025,48027.0,1634.2264496147955,1.5848929354240433,5837,5801,94,0,5707,5801,355642,130,0,0,130,0
2020-10-14,US,Texas,Bexar,60034,1366,0,29.44928723,-98.52019748,48029.0,2996.375440841625,2.2753772862044843,58668,59902,1361,0,58541,59730,1986049,132,5,0,127,172
2020-10-14,US,Texas,Blanco,152,5,0,30.26640707,-98.3999852,48031.0,1273.9921213645125,3.2894736842105265,147,151,5,0,146,150,11702,1,0,0,1,1
2020-10-14,US,Texas,Borden,1,0,0,32.74363984,-101.43165090000001,48033.0,152.9051987767584,0.0,1,1,0,0,1,1,648,0,0,0,0,0
2020-10-14,US,Texas,Bosque,379,9,0,31.89978581,-97.63613524,48035.0,2028.3649986620285,2.3746701846965697,370,377,8,0,369,371,18691,2,1,0,1,6
2020-10-14,US,Texas,Bowie,1612,67,0,33.44626922,-94.41834132,48037.0,1728.7790230039145,4.156327543424316,1545,1579,66,0,1513,1545,94324,33,1,0,32,34
2020-10-14,US,Texas,Brazoria,11847,175,0,29.18757369,-95.44563172,48039.0,3165.4126498941923,1.4771672153287752,11672,11960,173,0,11787,11791,370200,-113,2,0,-115,169
2020-10-14,US,Texas,Brazos,7081,65,0,30.663644800000004,-96.30205577,48041.0,3089.2932712653405,0.9179494421691852,7016,7054,65,0,6989,7016,226758,27,0,0,27,38
2020-10-14,US,Texas,Brewster,245,5,0,29.81008251,-103.25203259999999,48043.0,2662.175377594263,2.0408163265306123,240,233,5,0,228,226,9267,12,0,0,12,7
2020-10-14,US,Texas,Briscoe,16,1,0,34.53026962,-101.2084947,48045.0,1034.9288486416558,6.25,15,16,1,0,15,16,1516,0,0,0,0,0
2020-10-14,US,Texas,Brooks,345,23,0,27.03103197,-98.21808402,48047.0,4863.950373607782,6.666666666666668,322,343,23,0,320,343,7114,2,0,0,2,0
2020-10-14,US,Texas,Brown,611,26,0,31.77430356,-98.99907113,48049.0,1613.6699767589264,4.25531914893617,585,609,26,0,583,604,37924,2,0,0,2,5
2020-10-14,US,Texas,Burleson,397,6,0,30.49273808,-96.62158484,48051.0,2152.5782139565144,1.5113350125944585,391,392,6,0,386,381,18389,5,0,0,5,11
2020-10-14,US,Texas,Burnet,842,12,0,30.78801353,-98.181887,48053.0,1748.5204028657458,1.4251781472684086,830,811,12,0,799,801,47542,31,0,0,31,10
2020-10-14,US,Texas,Caldwell,1666,37,0,29.83668859,-97.61814775,48055.0,3815.500183217296,2.2208883553421366,1629,1661,36,0,1625,1650,43247,5,1,0,4,11
2020-10-14,US,Texas,Calhoun,875,9,0,28.47048236,-96.61633945,48057.0,4109.9107562235795,1.0285714285714285,866,873,8,0,865,868,21561,2,1,0,1,5
2020-10-14,US,Texas,Callahan,104,4,0,32.29760619,-99.37326312,48059.0,745.8939969877357,3.8461538461538463,100,103,4,0,99,100,13994,1,0,0,1,3
2020-10-14,US,Texas,Cameron,23559,1052,0,26.14524221,-97.48140372,48061.0,5567.3582047579785,4.465384778640859,22507,23492,1047,0,22445,23312,423908,67,5,0,62,180
2020-10-14,US,Texas,Camp,376,12,0,32.97195142,-94.97790104,48063.0,2871.544218726134,3.191489361702128,364,376,12,0,364,371,13033,0,0,0,0,5
2020-10-14,US,Texas,Carson,44,0,0,35.40365929,-101.35426690000001,48065.0,742.4907188660143,0.0,44,40,0,0,40,39,6005,4,0,0,4,1
2020-10-14,US,Texas,Cass,434,20,0,33.07499881,-94.34646905,48067.0,1445.413974555385,4.6082949308755765,414,427,19,0,408,418,30119,7,1,0,6,9
2020-10-14,US,Texas,Castro,276,6,0,34.53016752,-102.2617243,48069.0,3665.338645418327,2.1739130434782608,270,276,5,0,271,274,7665,0,1,0,-1,2
2020-10-14,US,Texas,Chambers,1472,8,0,29.70972016,-94.67154501,48071.0,3357.894016470105,0.5434782608695652,1464,1447,8,0,1439,1447,42454,25,0,0,25,0
2020-10-14,US,Texas,Cherokee,1595,31,0,31.837258000000002,-95.16559897,48073.0,3029.669870455495,1.943573667711599,1564,1591,31,0,1560,1581,52592,4,0,0,4,10
2020-10-14,US,Texas,Childress,87,0,0,34.529304100000004,-100.2077916,48075.0,1190.8020804817959,0.0,87,85,0,0,85,81,7291,2,0,0,2,4
2020-10-14,US,Texas,Clay,89,2,0,33.78686685,-98.20771198,48077.0,849.9665743481997,2.247191011235955,87,87,2,0,85,87,10456,2,0,0,2,0
2020-10-14,US,Texas,Cochran,77,1,0,33.60425307,-102.82844990000001,48079.0,2698.9134244654747,1.2987012987012987,76,75,1,0,74,71,2836,2,0,0,2,4
2020-10-14,US,Texas,Coke,80,4,0,31.88911733,-100.5297533,48081.0,2361.9722468260998,5.0,76,59,3,0,56,56,3370,21,1,0,20,3
2020-10-14,US,Texas,Coleman,82,4,0,31.76736834,-99.45240766,48083.0,1003.0581039755352,4.878048780487805,78,82,4,0,78,82,8397,0,0,0,0,0
2020-10-14,US,Texas,Collin,16488,167,0,33.18820114,-96.57264368,48085.0,1593.4591632599809,1.012857836001941,16321,16384,166,0,16218,16282,1005146,104,1,0,103,102
2020-10-14,US,Texas,Collingsworth,19,0,0,34.96489496,-100.27001109999999,48087.0,650.6849315068494,0.0,19,19,0,0,19,19,2962,0,0,0,0,0
2020-10-14,US,Texas,Colorado,494,4,0,29.622097999999998,-96.5273805,48089.0,2298.422742288187,0.8097165991902834,490,494,4,0,490,494,21217,0,0,0,0,0
2020-10-14,US,Texas,Comal,2793,103,0,29.80811278,-98.27647225,48091.0,1787.989168357777,3.6877909058360183,2690,2777,103,0,2674,2777,148373,16,0,0,16,0
2020-10-14,US,Texas,Comanche,335,5,0,31.94854689,-98.55876441,48093.0,2456.912357902457,1.492537313432836,330,334,5,0,329,327,13534,1,0,0,1,7
2020-10-14,US,Texas,Concho,138,2,0,31.32635934,-99.86473038,48095.0,5062.362435803375,1.4492753623188406,136,138,2,0,136,138,4276,0,0,0,0,0
2020-10-14,US,Texas,Cooke,493,7,0,33.63979567,-97.21240912,48097.0,1194.9487359720774,1.4198782961460443,486,490,7,0,483,483,40574,3,0,0,3,7
2020-10-14,US,Texas,Coryell,1914,13,0,31.39078397,-97.79936155,48099.0,2520.045819014891,0.6792058516196448,1901,1912,12,0,1900,1902,74808,2,1,0,1,10
2020-10-14,US,Texas,Cottle,33,3,0,34.07783319,-100.27850620000001,48101.0,2360.5150214592277,9.090909090909092,30,33,3,0,30,32,1389,0,0,0,0,1
2020-10-14,US,Texas,Crane,73,2,0,31.43052248,-102.5143314,48103.0,1521.7844486137174,2.7397260273972597,71,73,2,0,71,73,4794,0,0,0,0,0
2020-10-14,US,Texas,Crockett,166,7,0,30.72367027,-101.4134238,48105.0,4792.147806004619,4.216867469879518,159,166,7,0,159,166,3499,0,0,0,0,0
2020-10-14,US,Texas,Crosby,95,5,0,33.61431553,-101.30003640000001,48107.0,1655.9177270350358,5.2631578947368425,90,94,5,0,89,93,5779,1,0,0,1,1
2020-10-14,US,Texas,Culberson,77,2,0,31.44506775,-104.5185739,48109.0,3546.7526485490557,2.5974025974025974,75,75,2,0,73,63,2204,2,0,0,2,12
2020-10-14,US,Texas,Dallam,307,10,0,36.27787176,-102.60207249999999,48111.0,4212.982022780294,3.2573289902280136,297,301,10,0,291,295,7200,6,0,0,6,6
2020-10-14,US,Texas,Dallas,87835,1180,0,32.76670599,-96.77796049999999,48113.0,3332.7439484336273,1.3434280184436729,86655,86775,1173,0,85602,86329,2637772,1060,7,0,1053,446
2020-10-14,US,Texas,Dawson,666,11,0,32.74255572,-101.94772420000001,48115.0,5232.558139534884,1.6516516516516515,655,642,11,0,631,611,12619,24,0,0,24,31
2020-10-14,US,Texas,DeWitt,1053,42,0,29.08101855,-97.35681170000001,48123.0,5223.214285714285,3.988603988603989,1011,1052,42,0,1010,1036,20187,1,0,0,1,16
2020-10-14,US,Texas,Deaf Smith,960,23,0,34.96522957,-102.6054267,48117.0,5176.31834357813,2.395833333333333,937,943,23,0,920,938,18760,17,0,0,17,5
2020-10-14,US,Texas,Delta,32,0,0,33.38570922,-95.66921122,48119.0,600.2626148940161,0.0,32,31,0,0,31,31,5349,1,0,0,1,0
2020-10-14,US,Texas,Denton,13192,162,0,33.20521901,-97.11691153,48121.0,1486.9134260662954,1.2280169799878715,13030,13047,160,0,12887,12960,859064,145,2,0,143,87
2020-10-14,US,Texas,Dickens,51,2,0,33.61616822,-100.7788855,48125.0,2306.648575305292,3.92156862745098,49,51,2,0,49,50,2249,0,0,0,0,1
2020-10-14,US,Texas,Dimmit,277,7,0,28.42270064,-99.75645095,48127.0,2736.072698538127,2.527075812274368,270,274,7,0,267,275,10308,3,0,0,3,-1
2020-10-14,US,Texas,Donley,78,1,0,34.96517499,-100.8140093,48129.0,2379.4996949359365,1.2820512820512822,77,77,1,0,76,75,3319,1,0,0,1,2
2020-10-14,US,Texas,Duval,466,20,0,27.68184592,-98.50864568,48131.0,4176.750022407457,4.291845493562231,446,465,20,0,445,465,11212,1,0,0,1,0
2020-10-14,US,Texas,Eastland,215,4,0,32.32743996,-98.83243566,48133.0,1171.0239651416125,1.8604651162790695,211,213,4,0,209,207,18322,2,0,0,2,6
2020-10-14,US,Texas,Ector,5480,106,0,31.86898877,-102.54294279999999,48135.0,3296.776017759275,1.9343065693430657,5374,5409,104,0,5305,5347,162124,71,2,0,69,62
2020-10-14,US,Texas,Edwards,68,2,0,29.98202582,-100.304252,48137.0,3519.6687370600416,2.9411764705882355,66,67,2,0,65,67,1928,1,0,0,1,0
2020-10-14,US,Texas,El Paso,29887,560,0,31.76980765,-106.23632749999999,48141.0,3561.206713709341,1.8737243617626396,29327,29384,558,0,28826,28499,840758,503,2,0,501,885
2020-10-14,US,Texas,Ellis,4638,73,0,32.34894117,-96.79371841,48139.0,2509.3872074275264,1.5739542906425183,4565,4605,72,0,4533,4574,179436,33,1,0,32,31
2020-10-14,US,Texas,Erath,936,13,0,32.23602653,-98.21773417,48143.0,2192.1401470794885,1.3888888888888888,923,933,13,0,920,918,42446,3,0,0,3,15
2020-10-14,US,Texas,Falls,620,5,0,31.25350609,-96.93630086,48145.0,3584.4366075041917,0.8064516129032258,615,610,5,0,605,591,17335,10,0,0,10,19
2020-10-14,US,Texas,Fannin,721,16,0,33.59564294,-96.10751083,48147.0,2030.185279044884,2.219140083217753,705,716,16,0,700,711,35286,5,0,0,5,5
2020-10-14,US,Texas,Fayette,649,21,0,29.87788372,-96.92076062,48149.0,2560.5618243509825,3.2357473035439135,628,636,21,0,615,632,25349,13,0,0,13,4
2020-10-14,US,Texas,Fisher,84,3,0,32.74281316,-100.40193020000001,48151.0,2193.2114882506526,3.571428571428572,81,75,3,0,72,75,3839,9,0,0,9,0
2020-10-14,US,Texas,Floyd,117,9,0,34.07227468,-101.3031546,48153.0,2048.3193277310925,7.6923076923076925,108,117,9,0,108,116,5837,0,0,0,0,1
2020-10-14,US,Texas,Foard,19,0,0,33.97308618,-99.7767797,48155.0,1645.0216450216449,0.0,19,19,0,0,19,19,1200,0,0,0,0,0
2020-10-14,US,Texas,Fort Bend,17019,303,0,29.52704478,-95.77219463,48157.0,2096.7416051487758,1.7803631235677773,16716,16966,297,0,16669,16912,787858,53,6,0,47,54
2020-10-14,US,Texas,Franklin,166,6,0,33.17653242,-95.21917243,48159.0,1547.7855477855478,3.614457831325301,160,166,6,0,160,163,10766,0,0,0,0,3
2020-10-14,US,Texas,Freestone,431,4,0,31.70422788,-96.15072516,48161.0,2185.930922554141,0.9280742459396752,427,430,4,0,426,428,19808,1,0,0,1,2
2020-10-14,US,Texas,Frio,1001,9,0,28.86751206,-99.10804207,48163.0,4929.577464788732,0.8991008991008991,992,1002,9,0,993,1002,19816,-1,0,0,-1,0
2020-10-14,US,Texas,Gaines,432,10,0,32.74055318,-102.6353295,48165.0,2010.0502512562807,2.314814814814815,422,419,10,0,409,413,20901,13,0,0,13,6
2020-10-14,US,Texas,Galveston,11979,166,0,29.40167322,-94.90469073,48167.0,3501.208573123789,1.385758410551799,11813,11954,166,0,11788,11930,337890,25,0,0,25,24
2020-10-14,US,Texas,Garza,112,4,0,33.17969345,-101.2984114,48169.0,1798.0414191684058,3.571428571428572,108,112,4,0,108,111,6578,0,0,0,0,1
2020-10-14,US,Texas,Gillespie,340,10,0,30.31824095,-98.94676915,48171.0,1259.8191788943234,2.9411764705882355,330,337,10,0,327,337,26804,3,0,0,3,0
2020-10-14,US,Texas,Glasscock,11,0,0,31.86942909,-101.5207776,48173.0,780.69552874379,0.0,11,10,0,0,10,10,1388,1,0,0,1,0
2020-10-14,US,Texas,Goliad,157,6,0,28.65696592,-97.42760647,48175.0,2050.1436406372422,3.8216560509554136,151,157,6,0,151,157,7584,0,0,0,0,0
2020-10-14,US,Texas,Gonzales,1089,18,0,29.45634206,-97.49424032,48177.0,5226.280174689255,1.6528925619834711,1071,1088,18,0,1070,1080,20826,1,0,0,1,8
2020-10-14,US,Texas,Gray,374,7,0,35.40081878,-100.8129222,48179.0,1708.854975783606,1.8716577540106951,367,370,7,0,363,364,21895,4,0,0,4,6
2020-10-14,US,Texas,Grayson,2191,57,0,33.62744998,-96.67753461,48181.0,1608.52200980824,2.6015518028297584,2134,2125,55,0,2070,2118,133991,66,2,0,64,7
2020-10-14,US,Texas,Gregg,2387,78,0,32.47940482,-94.81591935,48183.0,1925.8542095284201,3.2677000418935904,2309,2371,76,0,2295,2353,123707,16,2,0,14,18
2020-10-14,US,Texas,Grimes,1133,34,0,30.54579585,-95.98902499,48185.0,3923.130193905817,3.000882612533098,1099,1121,34,0,1087,1115,28360,12,0,0,12,6
2020-10-14,US,Texas,Guadalupe,3774,79,0,29.58165339,-97.94786822,48187.0,2261.952567322157,2.093269740328564,3695,3803,79,0,3724,3795,163694,-29,0,0,-29,8
2020-10-14,US,Texas,Hale,2098,59,0,34.07044901,-101.82681140000001,48189.0,6280.308926540141,2.8122020972354624,2039,2075,58,0,2017,2040,33830,23,1,0,22,35
2020-10-14,US,Texas,Hall,36,1,0,34.5307555,-100.68138520000001,48191.0,1214.5748987854256,2.7777777777777777,35,36,1,0,35,35,3028,0,0,0,0,1
2020-10-14,US,Texas,Hamilton,176,4,0,31.70470573,-98.11083887,48193.0,2080.132372060041,2.272727272727273,172,172,4,0,168,170,8484,4,0,0,4,2
2020-10-14,US,Texas,Hansford,184,6,0,36.27743284,-101.3545796,48195.0,3408.0385256529,3.260869565217391,178,183,6,0,177,181,5463,1,0,0,1,2
2020-10-14,US,Texas,Hardeman,49,1,0,34.28944521,-99.74632408,48197.0,1245.8682939232135,2.0408163265306123,48,48,1,0,47,40,3922,1,0,0,1,8
2020-10-14,US,Texas,Hardin,1381,33,0,30.33364686,-94.38931817,48199.0,2397.486198395889,2.389572773352643,1348,1376,33,0,1343,1376,57207,5,0,0,5,0
2020-10-14,US,Texas,Harris,152623,2698,0,29.85864939,-95.39339521,48201.0,3238.1174648470032,1.767754532409925,149925,151880,2689,0,149191,151463,4698619,743,9,0,734,417
2020-10-14,US,Texas,Harrison,979,36,0,32.54935988,-94.36934071,48203.0,1471.008068757231,3.677221654749745,943,959,36,0,923,953,66726,20,0,0,20,6
2020-10-14,US,Texas,Hartley,158,0,0,35.84008013,-102.6029022,48205.0,2833.5724533715925,0.0,158,155,0,0,155,154,5619,3,0,0,3,1
2020-10-14,US,Texas,Haskell,74,3,0,33.17823584,-99.73037358,48207.0,1307.8826440438318,4.0540540540540535,71,74,3,0,71,73,5813,0,0,0,0,1
2020-10-14,US,Texas,Hays,6110,69,0,30.05669873,-98.02944344,48209.0,2654.3175015530583,1.1292962356792144,6041,6084,69,0,6015,6037,222631,26,0,0,26,47
2020-10-14,US,Texas,Hemphill,114,0,0,35.83764858,-100.2703577,48211.0,2985.074626865672,0.0,114,99,0,0,99,98,3825,15,0,0,15,1
2020-10-14,US,Texas,Henderson,1109,26,0,32.21128872,-95.85846587,48213.0,1340.391844035921,2.3444544634806133,1083,1095,25,0,1070,1088,82299,14,1,0,13,7
2020-10-14,US,Texas,Hidalgo,33788,1884,0,26.39418217,-98.18299696,48215.0,3889.4587012652137,5.575944122173553,31904,33614,1868,0,31746,33495,865939,174,16,0,158,119
2020-10-14,US,Texas,Hill,735,15,0,31.99045053,-97.13423143,48217.0,2005.5117465688013,2.0408163265306123,720,734,15,0,719,730,36354,1,0,0,1,4
2020-10-14,US,Texas,Hockley,434,11,0,33.60771256,-102.3431676,48219.0,1885.2352200165067,2.5345622119815667,423,433,11,0,422,416,22980,1,0,0,1,17
2020-10-14,US,Texas,Hood,1045,33,0,32.42990927,-97.83242024,48221.0,1695.245202212741,3.1578947368421053,1012,1045,32,0,1013,1034,60537,0,1,0,-1,11
2020-10-14,US,Texas,Hopkins,470,21,0,33.14875072,-95.56351139,48223.0,1267.3929457447955,4.468085106382978,449,458,20,0,438,456,36810,12,1,0,11,2
2020-10-14,US,Texas,Houston,388,11,0,31.31925973,-95.42226208,48225.0,1689.3068617206545,2.8350515463917527,377,388,11,0,377,390,23169,0,0,0,0,-2
2020-10-14,US,Texas,Howard,998,19,0,32.30621324,-101.4356444,48227.0,2722.016146628846,1.9038076152304608,979,992,18,0,974,984,36459,6,1,0,5,8
2020-10-14,US,Texas,Hudspeth,67,3,0,31.45628381,-105.388178,48229.0,1371.2648383135488,4.477611940298506,64,67,3,0,64,65,4795,0,0,0,0,2
2020-10-14,US,Texas,Hunt,1816,42,0,33.12351514,-96.08551032,48231.0,1841.897072844189,2.312775330396476,1774,1771,42,0,1729,1771,96493,45,0,0,45,0
2020-10-14,US,Texas,Hutchinson,271,6,0,35.84006574,-101.3546643,48233.0,1294.2974496131435,2.2140221402214024,265,268,6,0,262,260,21198,3,0,0,3,8
2020-10-14,US,Texas,Irion,13,0,0,31.30375559,-100.982439,48235.0,846.3541666666665,0.0,13,13,0,0,13,13,1522,0,0,0,0,0
2020-10-14,US,Texas,Jack,144,3,0,33.23377248,-98.17283469,48237.0,1611.6396194739789,2.083333333333333,141,143,3,0,140,143,8843,1,0,0,1,0
2020-10-14,US,Texas,Jackson,633,16,0,28.95472367,-96.57749563,48239.0,4288.617886178862,2.527646129541864,617,633,16,0,617,632,14874,0,0,0,0,1
2020-10-14,US,Texas,Jasper,505,33,0,30.74685667,-94.02667579,48241.0,1421.3740887725519,6.534653465346534,472,500,31,0,469,500,35872,5,2,0,3,0
2020-10-14,US,Texas,Jeff Davis,17,0,0,30.71490589,-104.1399973,48243.0,747.5813544415128,0.0,17,17,0,0,17,14,2252,0,0,0,0,3
2020-10-14,US,Texas,Jefferson,7871,144,0,29.8832777,-94.16434171,48245.0,3128.813626696877,1.829500698767628,7727,7855,144,0,7711,7775,255001,16,0,0,16,80
2020-10-14,US,Texas,Jim Hogg,155,3,0,27.04453923,-98.69681870000001,48247.0,2980.769230769231,1.935483870967742,152,155,3,0,152,148,5248,0,0,0,0,7
2020-10-14,US,Texas,Jim Wells,1560,41,0,27.73103938,-98.0904705,48249.0,3853.5645472061656,2.628205128205128,1519,1559,40,0,1519,1559,40822,1,1,0,0,0
2020-10-14,US,Texas,Johnson,3337,59,0,32.37877812,-97.36615819,48251.0,1897.996211970401,1.7680551393467183,3278,3316,58,0,3258,3277,171361,21,1,0,20,39
2020-10-14,US,Texas,Jones,572,1,0,32.73997145,-99.87861576,48253.0,2848.1800527809587,0.17482517482517482,571,573,1,0,572,568,19817,-1,0,0,-1,5
2020-10-14,US,Texas,Karnes,943,17,0,28.90705334,-97.85960149,48255.0,6044.4843279276965,1.8027571580063624,926,944,17,0,927,944,15650,-1,0,0,-1,0
2020-10-14,US,Texas,Kaufman,3312,51,0,32.599141700000004,-96.28734728,48257.0,2432.539624249012,1.539855072463768,3261,3303,50,0,3253,3265,128622,9,1,0,8,38
2020-10-14,US,Texas,Kendall,376,10,0,29.94414155,-98.7113588,48259.0,792.7304927157344,2.6595744680851063,366,376,10,0,366,375,45641,0,0,0,0,1
2020-10-14,US,Texas,Kenedy,7,2,0,26.92601662,-97.66413984,48261.0,1732.6732673267327,28.57142857142857,5,7,2,0,5,7,442,0,0,0,0,0
2020-10-14,US,Texas,Kent,9,0,0,33.18104136,-100.7780939,48263.0,1181.1023622047244,0.0,9,9,0,0,9,9,726,0,0,0,0,0
2020-10-14,US,Texas,Kerr,650,13,0,30.06040006,-99.34930144,48265.0,1235.7414448669201,2.0,637,651,13,0,638,648,52405,-1,0,0,-1,3
2020-10-14,US,Texas,Kimble,20,1,0,30.48678918,-99.74856473,48267.0,461.14825916532163,5.0,19,20,1,0,19,20,4362,0,0,0,0,0
2020-10-14,US,Texas,King,1,0,0,33.61643847,-100.2558057,48269.0,367.6470588235293,0.0,1,1,0,0,1,,277,0,0,0,0,
2020-10-14,US,Texas,Kinney,62,1,0,29.34967888,-100.41866379999999,48271.0,1690.7553858740116,1.6129032258064515,61,62,1,0,61,62,3767,0,0,0,0,0
2020-10-14,US,Texas,Kleberg,1030,49,0,27.42435506,-97.69894948,48273.0,3357.2359843546283,4.757281553398059,981,1029,48,0,981,1029,31129,1,1,0,0,0
2020-10-14,US,Texas,Knox,110,8,0,33.60519951,-99.74229059999999,48275.0,3002.183406113537,7.272727272727272,102,110,8,0,102,108,3653,0,0,0,0,2
2020-10-14,US,Texas,La Salle,354,13,0,28.34453111,-99.09908775,48283.0,4707.446808510638,3.6723163841807906,341,360,13,0,347,359,7531,-6,0,0,-6,1
2020-10-14,US,Texas,Lamar,1510,43,0,33.66981763,-95.57404777,48277.0,3028.540484165347,2.8476821192052983,1467,1475,43,0,1432,1367,49728,35,0,0,35,108
2020-10-14,US,Texas,Lamb,402,23,0,34.06859623,-102.35162890000001,48279.0,3117.9709920111686,5.721393034825871,379,389,23,0,366,374,13158,13,0,0,13,15
2020-10-14,US,Texas,Lampasas,292,9,0,31.19531316,-98.24206613,48281.0,1362.7030054134775,3.0821917808219177,283,286,9,0,277,283,21229,6,0,0,6,3
2020-10-14,US,Texas,Lavaca,1077,36,0,29.38508402,-96.93186692,48285.0,5343.852337005061,3.3426183844011144,1041,1084,36,0,1048,1077,20110,-7,0,0,-7,7
2020-10-14,US,Texas,Lee,234,14,0,30.31120597,-96.97045773,48287.0,1357.387319450084,5.982905982905983,220,234,14,0,220,234,17144,0,0,0,0,0
2020-10-14,US,Texas,Leon,297,9,0,31.29872538,-95.9936328,48289.0,1706.504251896116,3.0303030303030303,288,286,9,0,277,282,17270,11,0,0,11,4
2020-10-14,US,Texas,Liberty,2273,53,0,30.15152688,-94.81205615,48291.0,2576.54246817579,2.331720193576771,2220,2277,52,0,2225,2276,86323,-4,1,0,-5,1
2020-10-14,US,Texas,Limestone,639,15,0,31.5454767,-96.58095444,48293.0,2726.458164440841,2.347417840375587,624,623,15,0,608,618,23519,16,0,0,16,5
2020-10-14,US,Texas,Lipscomb,56,1,0,36.27783108,-100.27331509999999,48295.0,1732.1373337457474,1.7857142857142858,55,56,1,0,55,54,3355,0,0,0,0,2
2020-10-14,US,Texas,Live Oak,374,9,0,28.35101362,-98.1246786,48297.0,3063.815843368559,2.406417112299465,365,374,9,0,365,374,12166,0,0,0,0,0
2020-10-14,US,Texas,Llano,156,2,0,30.70645047,-98.68475262,48299.0,715.7604955264969,1.2820512820512822,154,153,2,0,151,149,21646,3,0,0,3,4
2020-10-14,US,Texas,Lubbock,14377,142,0,33.61008596,-101.82047890000001,48303.0,4629.245030894906,0.987688669402518,14235,14165,140,0,14025,14006,307412,212,2,0,210,159
2020-10-14,US,Texas,Lynn,121,5,0,33.17657705,-101.8162849,48305.0,2033.271719038817,4.132231404958676,116,119,5,0,114,115,5877,2,0,0,2,4
2020-10-14,US,Texas,Madison,739,6,0,30.96694679,-95.93003775,48313.0,5173.62083450014,0.8119079837618404,733,737,6,0,731,735,14422,2,0,0,2,2
2020-10-14,US,Texas,Marion,162,14,0,32.79868409,-94.35661230000001,48315.0,1644.0024355591638,8.641975308641975,148,160,14,0,146,158,9928,2,0,0,2,2
2020-10-14,US,Texas,Martin,84,7,0,32.30600051,-101.9513518,48317.0,1455.5536302200655,8.333333333333334,77,81,7,0,74,80,5753,3,0,0,3,1
2020-10-14,US,Texas,Mason,80,2,0,30.71780434,-99.22629416,48319.0,1871.7828731867105,2.5,78,79,2,0,77,79,4280,1,0,0,1,0
2020-10-14,US,Texas,Matagorda,1081,51,0,28.81955746,-96.01230294,48321.0,2950.085964577136,4.717853839037928,1030,1081,51,0,1030,1081,36552,0,0,0,0,0
2020-10-14,US,Texas,Maverick,3838,140,0,28.7429195,-100.3157686,48323.0,6535.880930486021,3.6477331943720688,3698,3838,140,0,3698,3838,58485,0,0,0,0,0
2020-10-14,US,Texas,McCulloch,181,4,0,31.1925468,-99.34682807,48307.0,2267.0340681362727,2.209944751381216,177,179,4,0,175,174,7987,2,0,0,2,5
2020-10-14,US,Texas,McLennan,9125,123,0,31.55255453,-97.20217694,48309.0,3555.7997529449817,1.347945205479452,9002,9029,121,0,8908,8963,254607,96,2,0,94,66
2020-10-14,US,Texas,McMullen,24,1,0,28.35251708,-98.56769164,48311.0,3230.1480484522212,4.166666666666667,23,24,1,0,23,24,749,0,0,0,0,0
2020-10-14,US,Texas,Medina,1246,48,0,29.355730100000002,-99.11030298,48325.0,2415.477667493797,3.8523274478330665,1198,1248,48,0,1200,1245,50921,-2,0,0,-2,3
2020-10-14,US,Texas,Menard,38,0,0,30.88990665,-99.82047940000001,48327.0,1777.3620205799814,0.0,38,37,0,0,37,35,2139,1,0,0,1,2
2020-10-14,US,Texas,Midland,4347,87,0,31.86904128,-102.03156820000001,48329.0,2458.2654723127034,2.001380262249828,4260,4287,86,0,4201,4176,172578,60,1,0,59,111
2020-10-14,US,Texas,Milam,520,7,0,30.78581830000001,-96.97718698,48331.0,2094.831406357008,1.3461538461538465,513,520,7,0,513,520,25131,0,0,0,0,0
2020-10-14,US,Texas,Mills,70,0,0,31.49557106,-98.59272068,48333.0,1436.4867638005335,0.0,70,67,0,0,67,66,4921,3,0,0,3,1
2020-10-14,US,Texas,Mitchell,122,2,0,32.30623474,-100.9212058,48335.0,1427.735517846694,1.639344262295082,120,106,2,0,104,106,8145,16,0,0,16,0
2020-10-14,US,Texas,Montague,208,4,0,33.67521893,-97.72500958,48337.0,1049.5509133111314,1.9230769230769231,204,206,4,0,202,204,19596,2,0,0,2,2
2020-10-14,US,Texas,Montgomery,12591,167,0,30.30079133,-95.50572772,48339.0,2072.964531907783,1.3263442141211976,12424,12496,167,0,12329,12365,590925,95,0,0,95,131
2020-10-14,US,Texas,Moore,1242,22,0,35.83769242,-101.8930281,48341.0,5931.232091690545,1.7713365539452497,1220,1227,22,0,1205,1221,21485,15,0,0,15,6
2020-10-14,US,Texas,Morris,198,4,0,33.11304005,-94.73255695,48343.0,1598.320955763642,2.0202020202020203,194,198,4,0,194,196,12339,0,0,0,0,2
2020-10-14,US,Texas,Motley,11,0,0,34.07408766,-100.77972199999999,48345.0,916.6666666666664,0.0,11,11,0,0,11,10,1234,0,0,0,0,1
2020-10-14,US,Texas,Nacogdoches,1711,65,0,31.62017125,-94.61803994,48347.0,2624.0721428133247,3.798947983635301,1646,1710,65,0,1645,1692,65711,1,0,0,1,18
2020-10-14,US,Texas,Navarro,1359,29,0,32.04620681,-96.47428766,48349.0,2711.8711711531932,2.1339220014716704,1330,1359,29,0,1330,1355,49565,0,0,0,0,4
2020-10-14,US,Texas,Newton,187,13,0,30.78548982,-93.74408813,48351.0,1375.5057006252298,6.951871657754011,174,187,13,0,174,187,13746,0,0,0,0,0
2020-10-14,US,Texas,Nolan,340,5,0,32.30365282,-100.4060208,48353.0,2310.7244800869917,1.4705882352941178,335,308,5,0,303,308,14751,32,0,0,32,0
2020-10-14,US,Texas,Nueces,20846,432,0,27.736286,-97.5433285,48355.0,5753.890486731772,2.0723400172694997,20414,20835,432,0,20403,20814,362265,11,0,0,11,21
2020-10-14,US,Texas,Ochiltree,211,5,0,36.27829105,-100.8158184,48357.0,2145.1809678731192,2.3696682464454977,206,203,5,0,198,195,9947,8,0,0,8,8
2020-10-14,US,Texas,Oldham,24,1,0,35.40425596,-102.6027606,48359.0,1136.3636363636365,4.166666666666667,23,23,1,0,22,22,2131,1,0,0,1,1
2020-10-14,US,Texas,Orange,2043,45,0,30.11879481,-93.89412775,48361.0,2449.757782147825,2.202643171806167,1998,2043,45,0,1998,2043,83572,0,0,0,0,0
2020-10-14,US,Texas,Palo Pinto,630,17,0,32.75310985,-98.31319001,48363.0,2158.347322621536,2.6984126984126986,613,628,17,0,611,627,28875,2,0,0,2,1
2020-10-14,US,Texas,Panola,435,27,0,32.163959600000005,-94.30552481,48365.0,1875.4850392342846,6.206896551724138,408,431,27,0,404,425,23148,4,0,0,4,6
2020-10-14,US,Texas,Parker,2201,41,0,32.77757172,-97.80500621,48367.0,1540.475090636767,1.8627896410722398,2160,2185,40,0,2145,2134,138371,16,1,0,15,51
2020-10-14,US,Texas,Parmer,511,15,0,34.52993409,-102.78446679999999,48369.0,5320.145757418011,2.9354207436399222,496,495,14,0,481,459,9864,16,1,0,15,36
2020-10-14,US,Texas,Pecos,414,5,0,30.78097267,-102.72412609999999,48371.0,2616.444416355937,1.207729468599034,409,411,5,0,406,409,15673,3,0,0,3,2
2020-10-14,US,Texas,Polk,897,26,0,30.79472531,-94.82766240000001,48373.0,1746.7333943489182,2.898550724637681,871,897,26,0,871,885,50031,0,0,0,0,12
2020-10-14,US,Texas,Potter,6941,84,0,35.40133773,-101.893964,48375.0,5911.510454371248,1.210200259328627,6857,6822,81,0,6741,6706,119648,119,3,0,116,116
2020-10-14,US,Texas,Presidio,119,7,0,29.99954402,-104.24080790000001,48377.0,1775.0596658711218,5.882352941176472,112,118,7,0,111,98,6948,1,0,0,1,20
2020-10-14,US,Texas,Rains,77,5,0,32.87109387,-95.79232691,48379.0,615.3108518459326,6.493506493506493,72,77,5,0,72,76,12159,0,0,0,0,1
2020-10-14,US,Texas,Randall,3955,46,0,34.96585996,-101.8971322,48381.0,2871.914779287359,1.1630847029077118,3909,3802,46,0,3756,3659,136271,153,0,0,153,143
2020-10-14,US,Texas,Reagan,89,6,0,31.36607041,-101.52326590000001,48383.0,2312.288906209405,6.741573033707866,83,89,6,0,83,89,3741,0,0,0,0,0
2020-10-14,US,Texas,Real,120,8,0,29.83321503,-99.82018052,48385.0,3476.245654692932,6.666666666666668,112,120,8,0,112,120,3478,0,0,0,0,0
2020-10-14,US,Texas,Red River,175,14,0,33.61886692,-95.04841765,48387.0,1455.5435415453715,8.0,161,174,14,0,160,173,12175,1,0,0,1,1
2020-10-14,US,Texas,Reeves,230,6,0,31.32323325,-103.69038959999999,48389.0,1439.6594892338508,2.608695652173913,224,230,6,0,224,227,15695,0,0,0,0,3
2020-10-14,US,Texas,Refugio,311,15,0,28.323897600000002,-97.15766311,48391.0,4476.108232584917,4.823151125401928,296,311,14,0,297,311,7032,0,1,0,-1,0
2020-10-14,US,Texas,Roberts,14,0,0,35.83809685,-100.813175,48393.0,1639.344262295082,0.0,14,14,0,0,14,14,903,0,0,0,0,0
2020-10-14,US,Texas,Robertson,386,4,0,31.02539637,-96.51272246,48395.0,2260.747335129437,1.0362694300518134,382,379,4,0,375,359,17284,7,0,0,7,20
2020-10-14,US,Texas,Rockwall,1749,30,0,32.89779518,-96.40771592,48397.0,1667.063813563361,1.7152658662092624,1719,1744,30,0,1714,1729,100657,5,0,0,5,15
2020-10-14,US,Texas,Runnels,286,9,0,31.8314342,-99.97616148,48399.0,2786.438035853469,3.1468531468531467,277,293,9,0,284,287,10234,-7,0,0,-7,6
2020-10-14,US,Texas,Rusk,961,20,0,32.10773545,-94.76176432,48401.0,1766.3492997095914,2.0811654526534857,941,970,20,0,950,961,54450,-9,0,0,-9,9
2020-10-14,US,Texas,Sabine,86,9,0,31.34318809,-93.85440451,48403.0,815.7844811231265,10.465116279069766,77,85,9,0,76,85,10589,1,0,0,1,0
2020-10-14,US,Texas,San Augustine,208,15,0,31.39457611,-94.17000399,48405.0,2525.1912103921327,7.211538461538463,193,208,15,0,193,207,8232,0,0,0,0,1
2020-10-14,US,Texas,San Jacinto,229,11,0,30.57933681,-95.16260304,48407.0,793.5132887487439,4.80349344978166,218,229,11,0,218,229,28719,0,0,0,0,0
2020-10-14,US,Texas,San Patricio,1530,79,0,28.00880118,-97.51763891,48409.0,2292.8218192716918,5.163398692810458,1451,1530,79,0,1451,1530,66893,0,0,0,0,0
2020-10-14,US,Texas,San Saba,103,0,0,31.1577796,-98.81758731,48411.0,1701.0734929810073,0.0,103,103,0,0,103,102,6054,0,0,0,0,1
2020-10-14,US,Texas,Schleicher,53,2,0,30.89740592,-100.5384842,48413.0,1897.6011457214465,3.7735849056603774,51,53,2,0,51,53,2895,0,0,0,0,0
2020-10-14,US,Texas,Scurry,923,9,0,32.74613808,-100.91626640000001,48415.0,5525.95342154104,0.9750812567713976,914,911,9,0,902,887,16866,12,0,0,12,24
2020-10-14,US,Texas,Shackelford,30,0,0,32.73587756,-99.35401337,48417.0,918.8361408882083,0.0,30,30,0,0,30,29,3253,0,0,0,0,1
2020-10-14,US,Texas,Shelby,532,27,0,31.79211404,-94.14550696,48419.0,2104.9299675555912,5.075187969924812,505,532,27,0,505,531,25418,0,0,0,0,1
2020-10-14,US,Texas,Sherman,69,1,0,36.27751473,-101.8933156,48421.0,2283.25612177366,1.4492753623188406,68,67,1,0,66,67,3079,2,0,0,2,0
2020-10-14,US,Texas,Smith,4097,117,0,32.37474036,-95.27175679999999,48423.0,1760.2502244888315,2.85574810837198,3980,4079,115,0,3964,4037,230221,18,2,0,16,42
2020-10-14,US,Texas,Somervell,151,5,0,32.22236802,-97.77403489,48425.0,1654.2506573181424,3.3112582781456954,146,151,5,0,146,151,9016,0,0,0,0,0
2020-10-14,US,Texas,Starr,3489,178,0,26.56150059,-98.73892358,48427.0,5398.171212847926,5.101748351963313,3311,3488,176,0,3312,3488,64525,1,2,0,-1,0
2020-10-14,US,Texas,Stephens,145,4,0,32.73553157,-98.83631615,48429.0,1548.1528934443734,2.7586206896551726,141,144,4,0,140,141,9433,1,0,0,1,3
2020-10-14,US,Texas,Sterling,10,0,0,31.82781912,-101.05007459999999,48431.0,774.5933384972889,0.0,10,8,0,0,8,6,1311,2,0,0,2,2
2020-10-14,US,Texas,Stonewall,17,1,0,33.17906744,-100.25384009999999,48433.0,1259.2592592592596,5.882352941176472,16,17,1,0,16,16,1362,0,0,0,0,1
2020-10-14,US,Texas,Sutton,85,3,0,30.49856623,-100.5382014,48435.0,2251.0593220338988,3.5294117647058822,82,85,3,0,82,85,3758,0,0,0,0,0
2020-10-14,US,Texas,Swisher,126,3,0,34.53028891,-101.73491740000001,48437.0,1703.393267540895,2.380952380952381,123,124,3,0,121,119,7462,2,0,0,2,5
2020-10-14,US,Texas,Tarrant,56783,769,0,32.77143818,-97.29101614,48439.0,2700.717949693581,1.3542785692901045,56014,56159,765,0,55394,55682,2084931,624,4,0,620,477
2020-10-14,US,Texas,Taylor,1656,61,0,32.30163422,-99.89007449,48441.0,1199.7044206499847,3.683574879227053,1595,1625,61,0,1564,1625,137640,31,0,0,31,0
2020-10-14,US,Texas,Terrell,3,0,0,30.22429013,-102.0766732,48443.0,386.59793814432993,0.0,3,3,0,0,3,3,823,0,0,0,0,0
2020-10-14,US,Texas,Terry,384,6,0,33.17402785,-102.3354521,48445.0,3112.588149469077,1.5625,378,361,6,0,355,347,12287,23,0,0,23,14
2020-10-14,US,Texas,Throckmorton,14,2,0,33.17751417,-99.21226795,48447.0,932.711525649567,14.285714285714285,12,14,2,0,12,14,1515,0,0,0,0,0
2020-10-14,US,Texas,Titus,1650,33,0,33.21339719,-94.96797273,48449.0,5038.1679389312985,2.0,1617,1650,32,0,1618,1650,33033,0,1,0,-1,0
2020-10-14,US,Texas,Tom Green,4142,73,0,31.40464436,-100.46244300000001,48451.0,3474.8322147651006,1.7624336069531628,4069,4101,73,0,4028,4065,118189,41,0,0,41,36
2020-10-14,US,Texas,Travis,30601,442,0,30.33432034,-97.78535620000001,48453.0,2402.049053576503,1.4443972419201987,30159,30398,442,0,29956,30398,1248743,203,0,0,203,0
2020-10-14,US,Texas,Trinity,199,7,0,31.0879489,-95.1367187,48455.0,1358.2690601324139,3.5175879396984926,192,199,7,0,192,199,14740,0,0,0,0,0
2020-10-14,US,Texas,Tyler,248,4,0,30.77031716,-94.37690895,48457.0,1144.3337024732373,1.6129032258064515,244,242,4,0,238,242,21696,6,0,0,6,0
2020-10-14,US,Texas,Upshur,442,12,0,32.73706798,-94.93999853,48459.0,1058.6065671927763,2.7149321266968327,430,437,12,0,425,430,41260,5,0,0,5,7
2020-10-14,US,Texas,Upton,25,3,0,31.36868194,-102.0423217,48461.0,683.6204539239814,12.0,22,25,3,0,22,25,3671,0,0,0,0,0
2020-10-14,US,Texas,Uvalde,814,36,0,29.35739637,-99.76229172,48463.0,3044.014808720691,4.422604422604422,778,812,36,0,776,811,26846,2,0,0,2,1
2020-10-14,US,Texas,Val Verde,2350,120,0,29.89149232,-101.1525205,48465.0,4793.4727180010195,5.1063829787234045,2230,2295,120,0,2175,2295,49208,55,0,0,55,0
2020-10-14,US,Texas,Van Zandt,635,24,0,32.56483801,-95.83766469,48467.0,1122.1063792189432,3.779527559055118,611,625,24,0,601,620,56019,10,0,0,10,5
2020-10-14,US,Texas,Victoria,4168,97,0,28.79780988,-96.96813006,48469.0,4526.302072021198,2.3272552783109406,4071,4159,97,0,4062,4150,92035,9,0,0,9,9
2020-10-14,US,Texas,Walker,3836,58,0,30.73872995,-95.57440968,48471.0,5256.882871277631,1.5119916579770594,3778,3838,58,0,3780,3831,72480,-2,0,0,-2,7
2020-10-14,US,Texas,Waller,937,15,0,30.01058447,-95.99011759,48473.0,1696.0503927886182,1.6008537886873,922,935,15,0,920,935,53126,2,0,0,2,0
2020-10-14,US,Texas,Ward,147,1,0,31.50999644,-103.09279090000001,48475.0,1225.2042007001164,0.6802721088435374,146,147,1,0,146,141,11720,0,0,0,0,6
2020-10-14,US,Texas,Washington,667,48,0,30.21498498,-96.40946246,48477.0,1858.8707429909146,7.1964017991004505,619,664,48,0,616,657,35108,3,0,0,3,7
2020-10-14,US,Texas,Webb,14473,333,0,27.7610369,-99.33237355,48479.0,5231.482150861009,2.3008360395218683,14140,14464,331,0,14133,14320,275910,9,2,0,7,144
2020-10-14,US,Texas,Wharton,1408,56,0,29.27765923,-96.22319248,48481.0,3388.1990566945815,3.977272727272727,1352,1404,55,0,1349,1404,41619,4,1,0,3,0
2020-10-14,US,Texas,Wheeler,51,0,0,35.40114335,-100.26995140000001,48483.0,1008.7025316455696,0.0,51,51,0,0,51,51,5191,0,0,0,0,0
2020-10-14,US,Texas,Wichita,2569,26,0,33.98842886,-98.70410340000001,48485.0,1942.8268925357327,1.012066952121448,2543,2489,25,0,2464,2301,132064,80,1,0,79,188
2020-10-14,US,Texas,Wilbarger,249,3,0,34.07945812,-99.24178437,48487.0,1950.035241600752,1.2048192771084338,246,243,3,0,240,241,12820,6,0,0,6,2
2020-10-14,US,Texas,Willacy,1221,55,0,26.47411727,-97.61535848,48489.0,5716.827418297594,4.504504504504505,1166,1219,55,0,1164,1216,21515,2,0,0,2,3
2020-10-14,US,Texas,Williamson,9074,147,0,30.64655664,-97.60048540000001,48491.0,1536.531137869549,1.620013224597752,8927,9043,146,0,8897,9003,566719,31,1,0,30,40
2020-10-14,US,Texas,Wilson,974,28,0,29.1732598,-98.08693082,48493.0,1907.1862149990206,2.8747433264887063,946,977,28,0,949,977,50224,-3,0,0,-3,0
2020-10-14,US,Texas,Winkler,126,4,0,31.85008651,-103.04851629999999,48495.0,1573.0337078651685,3.1746031746031744,122,126,4,0,122,125,7720,0,0,0,0,1
2020-10-14,US,Texas,Wise,831,14,0,33.21570665,-97.65460265,48497.0,1187.4142661179699,1.6847172081829125,817,823,14,0,809,812,68305,8,0,0,8,11
2020-10-14,US,Texas,Wood,579,32,0,32.78722382,-95.38236368,48499.0,1271.4376688113487,5.526770293609672,547,575,31,0,544,572,45129,4,1,0,3,3
2020-10-14,US,Texas,Yoakum,278,5,0,33.17320212,-102.82764329999999,48501.0,3190.6346838058075,1.7985611510791366,273,277,5,0,272,277,8591,1,0,0,1,0
2020-10-14,US,Texas,Young,404,6,0,33.17659707,-98.68790885,48503.0,2243.1982232093287,1.4851485148514851,398,399,6,0,393,396,18045,5,0,0,5,3
2020-10-14,US,Texas,Zapata,342,6,0,27.00156391,-99.16987152,48505.0,2412.017772762536,1.7543859649122806,336,342,6,0,336,342,14190,0,0,0,0,0
2020-10-14,US,Texas,Zavala,425,17,0,28.86617238,-99.76050829,48507.0,3589.527027027027,4.0,408,417,17,0,400,412,11983,8,0,0,8,5
2020-10-14,US,Utah,Bear River,4188,13,0,41.52106798,-113.08328159999999,0.0,2241.7540065732423,0.3104106972301815,4175,4142,12,0,4130,4109,,46,1,0,45,33
2020-10-14,US,Utah,Central Utah,943,6,0,39.37231946,-111.5758676,0.0,1150.6454840520296,0.6362672322375398,937,908,6,0,902,890,,35,0,0,35,18
2020-10-14,US,Utah,Davis,6708,37,0,40.99001837,-112.1139997,49011.0,1887.0206846498127,0.5515802027429935,6671,6608,37,0,6571,6491,351713,100,0,0,100,117
2020-10-14,US,Utah,Salt Lake,38369,282,0,40.66616532,-111.92160109999999,49035.0,3306.426803006109,0.7349683338111497,38087,37821,280,0,37541,37479,1152633,548,2,0,546,342
2020-10-14,US,Utah,San Juan,732,29,0,37.62762978,-109.80337140000002,49037.0,4781.813430885812,3.9617486338797816,703,724,29,0,695,724,15449,8,0,0,8,0
2020-10-14,US,Utah,Southeast Utah,320,2,0,38.99617072,-110.70139579999999,0.0,795.4460712421388,0.625,318,308,2,0,306,292,,12,0,0,12,16
2020-10-14,US,Utah,Southwest Utah,5023,45,0,37.85447192,-111.4418764,0.0,1992.9218146181986,0.8958789567987259,4978,4990,45,0,4945,4925,,33,0,0,33,65
2020-10-14,US,Utah,Summit,1176,1,0,40.86688146,-110.9535882,49043.0,2790.3665915292445,0.08503401360544217,1175,1164,1,0,1163,1159,41933,12,0,0,12,5
2020-10-14,US,Utah,Tooele,1111,2,0,40.44862644,-113.12957150000001,49045.0,1537.5247374029532,0.18001800180018002,1109,1096,2,0,1094,1083,69907,15,0,0,15,13
2020-10-14,US,Utah,TriCounty,300,2,0,40.12491499,-109.5174415,0.0,529.8293949348308,0.6666666666666666,298,295,2,0,293,289,,5,0,0,5,6
2020-10-14,US,Utah,Utah,23873,67,0,40.116672200000004,-111.66576620000001,49049.0,3752.229915047113,0.28065178234825955,23806,23624,66,0,23558,23337,622213,249,1,0,248,287
2020-10-14,US,Utah,Wasatch,934,9,0,40.33110236,-111.1691419,49051.0,2739.72602739726,0.9635974304068522,925,927,8,0,919,912,33240,7,1,0,6,15
2020-10-14,US,Utah,Weber-Morgan,5286,32,0,41.27116049,-111.9145117,0.0,1940.9775388581052,0.6053726825576996,5254,5212,32,0,5180,5142,,74,0,0,74,70
2020-10-14,US,Vermont,Addison,113,2,0,44.03217337,-73.14130877,50001.0,307.25725317453845,1.7699115044247788,111,113,2,0,111,113,36973,0,0,0,0,0
2020-10-14,US,Vermont,Bennington,129,1,0,43.03519828,-73.09048868,50003.0,363.6876233436707,0.7751937984496124,128,129,1,0,128,127,35631,0,0,0,0,2
2020-10-14,US,Vermont,Caledonia,35,0,0,44.46548598,-72.10314651,50005.0,116.6938952422232,0.0,35,34,0,0,34,34,30302,1,0,0,1,0
2020-10-14,US,Vermont,Chittenden,885,39,0,44.46322849,-73.08359212,50007.0,540.3788147080734,4.40677966101695,846,884,39,0,845,881,164572,1,0,0,1,3
2020-10-14,US,Vermont,Essex,6,0,0,44.72736416,-71.73579864,50009.0,97.35518416355671,0.0,6,6,0,0,6,6,6250,0,0,0,0,0
2020-10-14,US,Vermont,Franklin,131,7,0,44.85627605,-72.91249563,50011.0,265.1714505485608,5.343511450381679,124,131,7,0,124,131,49421,0,0,0,0,0
2020-10-14,US,Vermont,Grand Isle,16,0,0,44.797582399999996,-73.29679772,50013.0,221.147201105736,0.0,16,17,0,0,17,17,7090,-1,0,0,-1,0
2020-10-14,US,Vermont,Lamoille,59,1,0,44.60353043,-72.64356694,50015.0,232.63149593880607,1.6949152542372878,58,59,1,0,58,59,25300,0,0,0,0,0
2020-10-14,US,Vermont,Orange,27,0,0,44.00470222,-72.37640104,50017.0,93.45147445659698,0.0,27,27,0,0,27,26,28999,0,0,0,0,1
2020-10-14,US,Vermont,Orleans,22,0,0,44.82964024,-72.24562697,50019.0,81.3699744794171,0.0,22,22,0,0,22,21,26907,0,0,0,0,1
2020-10-14,US,Vermont,Rutland,134,1,0,43.57723578,-73.03741676,50021.0,230.276159543572,0.746268656716418,133,133,1,0,132,133,58672,1,0,0,1,0
2020-10-14,US,Vermont,Unassigned,8,0,0,0.0,0.0,90050.0,0.0,0.0,8,8,0,0,8,8,,0,0,0,0,0
2020-10-14,US,Vermont,Washington,90,2,0,44.27343241,-72.61604978,50023.0,154.0858429351641,2.2222222222222223,88,89,2,0,87,86,58140,1,0,0,1,3
2020-10-14,US,Vermont,Windham,130,3,0,42.986982,-72.71268875,50025.0,307.8963573492493,2.3076923076923075,127,130,3,0,127,130,42756,0,0,0,0,0
2020-10-14,US,Vermont,Windsor,104,2,0,43.58010937,-72.58595157,50027.0,188.87799208165345,1.9230769230769231,102,104,2,0,102,104,55286,0,0,0,0,0
2020-10-14,US,Virginia,Accomack,1195,19,0,37.76707161,-75.63234615,51001.0,3697.8586458720138,1.5899581589958158,1176,1193,19,0,1174,1193,32412,2,0,0,2,0
2020-10-14,US,Virginia,Albemarle,1447,22,0,38.02080697,-78.55481085,51003.0,1323.515960852465,1.520387007601935,1425,1443,22,0,1421,1437,108718,4,0,0,4,6
2020-10-14,US,Virginia,Alexandria,4057,73,0,38.814003,-77.08183073,51510.0,2544.7223825175,1.7993591323638156,3984,4045,73,0,3972,4032,160530,12,0,0,12,13
2020-10-14,US,Virginia,Alleghany,83,4,0,37.78636074,-80.00222498,51005.0,558.5464333781965,4.819277108433735,79,83,4,0,79,83,14910,0,0,0,0,0
2020-10-14,US,Virginia,Amelia,132,5,0,37.34081025,-77.98584649,51007.0,1004.18410041841,3.787878787878788,127,132,5,0,127,132,13013,0,0,0,0,0
2020-10-14,US,Virginia,Amherst,497,4,0,37.60308293,-79.14548696,51009.0,1572.5359911406424,0.8048289738430584,493,487,4,0,483,473,31666,10,0,0,10,14
2020-10-14,US,Virginia,Appomattox,253,4,0,37.37569884,-78.81340003,51011.0,1590.0949028973666,1.5810276679841897,249,252,4,0,248,244,15841,1,0,0,1,8
2020-10-14,US,Virginia,Arlington,4250,152,0,38.8767675,-77.10139853,51013.0,1794.445241975663,3.5764705882352943,4098,4228,152,0,4076,4209,237521,22,0,0,22,19
2020-10-14,US,Virginia,Augusta,585,8,0,38.16404586,-79.12461614,51015.0,774.2396569522749,1.3675213675213675,577,576,8,0,568,574,75457,9,0,0,9,2
2020-10-14,US,Virginia,Bath,20,0,0,38.05852573,-79.73912095,51017.0,482.27634434530984,0.0,20,19,0,0,19,19,4292,1,0,0,1,0
2020-10-14,US,Virginia,Bedford,993,15,0,37.3080028,-79.5281964,51019.0,1257.0097598642988,1.5105740181268883,978,970,15,0,955,948,78747,23,0,0,23,22
2020-10-14,US,Virginia,Bland,64,5,0,37.13128068,-81.13599391,51021.0,1019.108280254777,7.8125,59,64,5,0,59,64,6293,0,0,0,0,0
2020-10-14,US,Virginia,Botetourt,340,11,0,37.55531756,-79.80982182,51023.0,1017.3853197282983,3.2352941176470584,329,339,11,0,328,331,33277,1,0,0,1,8
2020-10-14,US,Virginia,Bristol,223,7,0,36.616302399999995,-82.16359122,51520.0,1330.3901682376804,3.1390134529147984,216,216,7,0,209,214,16482,7,0,0,7,2
2020-10-14,US,Virginia,Brunswick,398,5,0,36.76366949,-77.8593436,51025.0,2452.097837471505,1.256281407035176,393,397,5,0,392,394,16384,1,0,0,1,3
2020-10-14,US,Virginia,Buchanan,215,2,0,37.26818323,-82.03749726,51027.0,1023.6145496095984,0.9302325581395348,213,209,2,0,207,204,21221,6,0,0,6,5
2020-10-14,US,Virginia,Buckingham,715,9,0,37.57242268,-78.52518834,51029.0,4169.582458595753,1.2587412587412588,706,714,9,0,705,713,16999,1,0,0,1,1
2020-10-14,US,Virginia,Buena Vista,115,1,0,37.73484642,-79.35296097,51530.0,1775.2392713800555,0.8695652173913043,114,108,1,0,107,107,6237,7,0,0,7,1
2020-10-14,US,Virginia,Campbell,587,5,0,37.20553386,-79.09678609,51031.0,1069.5089733078257,0.8517887563884157,582,577,5,0,572,566,54973,10,0,0,10,11
2020-10-14,US,Virginia,Caroline,386,5,0,38.02679129,-77.34901405,51033.0,1256.3059397884458,1.2953367875647668,381,384,5,0,379,380,30772,2,0,0,2,4
2020-10-14,US,Virginia,Carroll,534,25,0,36.73066666,-80.73455942,51035.0,1792.4876640596149,4.681647940074907,509,534,25,0,509,525,29636,0,0,0,0,9
2020-10-14,US,Virginia,Charles City,90,5,0,37.35358063,-77.05634116,51036.0,1292.5463162429987,5.5555555555555545,85,88,5,0,83,88,6941,2,0,0,2,0
2020-10-14,US,Virginia,Charlotte,187,0,0,37.01909701,-78.66314092,51037.0,1574.0740740740741,0.0,187,186,0,0,186,184,11938,1,0,0,1,2
2020-10-14,US,Virginia,Charlottesville,1472,31,0,38.03527919,-78.48569588,51540.0,3114.289341175475,2.1059782608695654,1441,1467,31,0,1436,1466,48117,5,0,0,5,1
2020-10-14,US,Virginia,Chesapeake,4628,76,0,36.67670048,-76.30545744,51550.0,1890.252619110829,1.6421780466724287,4552,4606,76,0,4530,4594,242634,22,0,0,22,12
2020-10-14,US,Virginia,Chesterfield,6478,98,0,37.37373208,-77.58680140000001,51041.0,1836.157391398008,1.5128125964803951,6380,6458,98,0,6360,6396,348556,20,0,0,20,62
2020-10-14,US,Virginia,Clarke,111,1,0,39.11271747,-77.99199425,51043.0,759.2858608659963,0.9009009009009008,110,111,1,0,110,109,14523,0,0,0,0,2
2020-10-14,US,Virginia,Colonial Heights,277,26,0,37.26420587,-77.39609676,51570.0,1594.7035118019573,9.386281588447654,251,276,26,0,250,273,17833,1,0,0,1,3
2020-10-14,US,Virginia,Covington,33,0,0,37.7824656,-79.98631446,51580.0,595.8829902491874,0.0,33,33,0,0,33,33,5460,0,0,0,0,0
2020-10-14,US,Virginia,Craig,38,0,0,37.48133648,-80.21072274,51045.0,740.5963749756382,0.0,38,37,0,0,37,36,5064,1,0,0,1,1
2020-10-14,US,Virginia,Culpeper,1257,18,0,38.48199985,-77.95630870000002,51047.0,2389.5067008839465,1.431980906921241,1239,1254,18,0,1236,1251,51859,3,0,0,3,3
2020-10-14,US,Virginia,Cumberland,111,2,0,37.51328851,-78.24398086,51049.0,1117.599677809102,1.8018018018018016,109,110,2,0,108,110,9809,1,0,0,1,0
2020-10-14,US,Virginia,Danville,1070,38,0,36.58022376,-79.40395668,51590.0,2672.060733193487,3.5514018691588785,1032,1065,38,0,1027,1052,40693,5,0,0,5,13
2020-10-14,US,Virginia,Dickenson,112,1,0,37.12560977,-82.35124171,51051.0,782.2321553289563,0.8928571428571429,111,111,1,0,110,109,14523,1,0,0,1,2
2020-10-14,US,Virginia,Dinwiddie,458,12,0,37.07544585,-77.63451754,51053.0,1604.5403587443946,2.6200873362445414,446,456,12,0,444,442,28529,2,0,0,2,14
2020-10-14,US,Virginia,Emporia,269,26,0,36.69455571,-77.53406129,51595.0,5031.79947624392,9.66542750929368,243,269,26,0,243,269,5121,0,0,0,0,0
2020-10-14,US,Virginia,Essex,187,2,0,37.93357639,-76.94230311,51057.0,1707.2948050762348,1.0695187165775402,185,187,2,0,185,185,10919,0,0,0,0,2
2020-10-14,US,Virginia,Fairfax,22275,599,0,38.83677558,-77.27565836,51059.0,1941.1223390720252,2.689113355780022,21676,22185,599,0,21586,22089,1150795,90,0,0,90,96
2020-10-14,US,Virginia,Fairfax,22275,599,0,38.83677558,-77.27565836,51059.0,1941.1223390720252,2.689113355780022,21676,22185,599,0,21586,22089,24574,90,0,0,90,96
2020-10-14,US,Virginia,Fairfax City,145,8,0,38.85157547,-77.29779640000002,51600.0,603.6887464090927,5.517241379310344,137,144,8,0,136,144,24574,1,0,0,1,0
2020-10-14,US,Virginia,Falls Church,75,7,0,38.88485255,-77.17560759,51610.0,513.1011835533967,9.333333333333334,68,75,7,0,68,74,14772,0,0,0,0,1
2020-10-14,US,Virginia,Fauquier,1021,25,0,38.73564842,-77.80647472,51061.0,1433.545814495521,2.4485798237022527,996,1020,25,0,995,1013,70675,1,0,0,1,7
2020-10-14,US,Virginia,Floyd,227,16,0,36.9302126,-80.36738849,51063.0,1441.361356276589,7.048458149779735,211,227,16,0,211,226,15795,0,0,0,0,1
2020-10-14,US,Virginia,Fluvanna,402,9,0,37.84157909,-78.27715475,51065.0,1474.1474147414742,2.238805970149253,393,400,9,0,391,397,26783,2,0,0,2,3
2020-10-14,US,Virginia,Franklin,194,1,0,36.99536167,-79.88023649,51067.0,346.1689447200313,0.5154639175257731,193,194,1,0,193,194,56195,0,0,0,0,0
2020-10-14,US,Virginia,Franklin,194,1,0,36.99536167,-79.88023649,51067.0,346.1689447200313,0.5154639175257731,193,194,1,0,193,194,8013,0,0,0,0,0
2020-10-14,US,Virginia,Franklin City,461,10,0,36.6831435,-76.93859681,51620.0,5786.368771181122,2.169197396963124,451,460,10,0,450,455,8013,1,0,0,1,5
2020-10-14,US,Virginia,Frederick,1041,13,0,39.20172582,-78.25974949,51069.0,1165.5638037015888,1.2487992315081653,1028,1034,13,0,1021,1018,88355,7,0,0,7,16
2020-10-14,US,Virginia,Fredericksburg,571,5,0,38.2977863,-77.4922454,51630.0,1966.5243146438904,0.8756567425569177,566,568,5,0,563,567,29144,3,0,0,3,1
2020-10-14,US,Virginia,Galax,427,30,0,36.66601852,-80.91703124,51640.0,6727.5878367732785,7.0257611241217806,397,427,30,0,397,427,6423,0,0,0,0,0
2020-10-14,US,Virginia,Giles,101,0,0,37.31234791,-80.70636931,51071.0,604.066985645933,0.0,101,101,0,0,101,101,16844,0,0,0,0,0
2020-10-14,US,Virginia,Gloucester,313,3,0,37.40809042,-76.53524337,51073.0,838.0636178644104,0.9584664536741214,310,309,2,0,307,300,37349,4,1,0,3,9
2020-10-14,US,Virginia,Goochland,305,7,0,37.71714806,-77.90381514,51075.0,1284.0483307371699,2.295081967213114,298,305,7,0,298,301,23244,0,0,0,0,4
2020-10-14,US,Virginia,Grayson,344,18,0,36.65677234,-81.23215889,51077.0,2212.2186495176848,5.232558139534883,326,344,17,0,327,337,15631,0,1,0,-1,7
2020-10-14,US,Virginia,Greene,255,3,0,38.29545894,-78.46525378,51079.0,1286.6441293708058,1.1764705882352942,252,255,3,0,252,252,19779,0,0,0,0,3
2020-10-14,US,Virginia,Greensville,839,11,0,36.67878901,-77.56351439,51081.0,7401.199717713479,1.3110846245530394,828,835,11,0,824,832,11627,4,0,0,4,3
2020-10-14,US,Virginia,Halifax,428,7,0,36.76654925,-78.93512622,51083.0,1262.127333313674,1.6355140186915889,421,421,7,0,414,418,34120,7,0,0,7,3
2020-10-14,US,Virginia,Hampton,1983,28,0,37.03513786,-76.35879121,51650.0,1474.2398334696304,1.4120020171457388,1955,1972,28,0,1944,1962,134313,11,0,0,11,10
2020-10-14,US,Virginia,Hanover,1475,40,0,37.7583355,-77.49464673,51085.0,1368.7062709945626,2.7118644067796613,1435,1468,40,0,1428,1453,107239,7,0,0,7,15
2020-10-14,US,Virginia,Harrisonburg,2876,35,0,38.43542574,-78.87536254,51660.0,5424.777425682813,1.2169680111265646,2841,2864,35,0,2829,2847,54033,12,0,0,12,17
2020-10-14,US,Virginia,Henrico,5832,222,0,37.53460572,-77.39326555,51087.0,1762.9028650194366,3.8065843621399176,5610,5801,221,0,5580,5782,329261,31,1,0,30,19
2020-10-14,US,Virginia,Henry,1207,30,0,36.68542395,-79.87634026,51089.0,2387.404315920644,2.4855012427506216,1177,1194,29,0,1165,1185,50953,13,1,0,12,9
2020-10-14,US,Virginia,Highland,9,0,0,38.35799465,-79.56124594,51091.0,410.958904109589,0.0,9,9,0,0,9,9,2210,0,0,0,0,0
2020-10-14,US,Virginia,Hopewell,458,7,0,37.29186313,-77.29754684,51670.0,2032.9353277997247,1.5283842794759823,451,455,7,0,448,446,22596,3,0,0,3,9
2020-10-14,US,Virginia,Isle of Wight,816,22,0,36.90579348,-76.70842863,51093.0,2198.927483898785,2.6960784313725488,794,809,21,0,788,806,36953,7,1,0,6,3
2020-10-14,US,Virginia,James City,906,21,0,37.31156958,-76.76950618,51095.0,1183.9577643322925,2.3178807947019866,885,903,21,0,882,901,76397,3,0,0,3,2
2020-10-14,US,Virginia,King George,257,4,0,38.26818502,-77.15852768,51099.0,957.668803100313,1.5564202334630348,253,257,4,0,253,254,26575,0,0,0,0,3
2020-10-14,US,Virginia,King William,183,2,0,37.70965316,-77.09384941,51101.0,1067.1798460461862,1.0928961748633879,181,181,2,0,179,175,16939,2,0,0,2,6
2020-10-14,US,Virginia,King and Queen,83,1,0,37.71044922,-76.88689628,51097.0,1181.4946619217085,1.2048192771084338,82,83,1,0,82,80,7042,0,0,0,0,3
2020-10-14,US,Virginia,Lancaster,170,0,0,37.71889653,-76.46400482,51103.0,1603.3198151466565,0.0,170,170,0,0,170,168,10783,0,0,0,0,2
2020-10-14,US,Virginia,Lee,354,8,0,36.70586667,-83.12606515,51105.0,1511.3350125944587,2.2598870056497176,346,343,8,0,335,331,23541,11,0,0,11,12
2020-10-14,US,Virginia,Lexington,185,1,0,37.78258621,-79.44262866,51678.0,2484.555466022025,0.5405405405405406,184,178,1,0,177,173,7136,7,0,0,7,5
2020-10-14,US,Virginia,Loudoun,7301,128,0,39.08990083,-77.63481877,51107.0,1765.49676208716,1.7531844952746198,7173,7303,128,0,7175,7259,406850,-2,0,0,-2,44
2020-10-14,US,Virginia,Louisa,351,7,0,37.97850256,-77.96274807,51109.0,933.734138490596,1.9943019943019944,344,346,7,0,339,342,36778,5,0,0,5,4
2020-10-14,US,Virginia,Lunenburg,132,3,0,36.94618528,-78.24133319,51111.0,1082.3220728107576,2.272727272727273,129,132,3,0,129,132,12086,0,0,0,0,0
2020-10-14,US,Virginia,Lynchburg,1742,21,0,37.40021399,-79.19888138,51680.0,2120.046733521566,1.2055109070034442,1721,1726,21,0,1705,1703,82126,16,0,0,16,23
2020-10-14,US,Virginia,Madison,117,3,0,38.41531222,-78.28220331,51113.0,882.2864037402911,2.5641025641025643,114,117,3,0,114,117,13295,0,0,0,0,0
2020-10-14,US,Virginia,Manassas,1998,25,0,38.7464321,-77.48509905,51683.0,4863.088718510406,1.2512512512512513,1973,1998,25,0,1973,1993,41641,0,0,0,0,5
2020-10-14,US,Virginia,Manassas Park,628,8,0,38.77058531,-77.44399307,51685.0,3593.0884540565276,1.2738853503184713,620,627,8,0,619,626,17307,1,0,0,1,1
2020-10-14,US,Virginia,Martinsville,442,23,0,36.68212094,-79.86352771,51690.0,3520.790186394775,5.203619909502263,419,435,23,0,412,434,12902,7,0,0,7,1
2020-10-14,US,Virginia,Mathews,122,0,0,37.44164146,-76.34098896,51115.0,1381.0278469549469,0.0,122,121,0,0,121,113,8802,1,0,0,1,8
2020-10-14,US,Virginia,Mecklenburg,838,34,0,36.67882005,-78.36131056,51117.0,2739.72602739726,4.05727923627685,804,837,34,0,803,835,30650,1,0,0,1,2
2020-10-14,US,Virginia,Middlesex,135,11,0,37.63191998,-76.55064617,51119.0,1275.7512757512754,8.148148148148149,124,135,11,0,124,134,10769,0,0,0,0,1
2020-10-14,US,Virginia,Montgomery,2384,5,0,37.17746986,-80.37868691,51121.0,2419.444867306033,0.20973154362416108,2379,2381,5,0,2376,2366,98985,3,0,0,3,15
2020-10-14,US,Virginia,Nelson,122,2,0,37.78790447,-78.88498513,51125.0,817.1466845277963,1.639344262295082,120,119,2,0,117,117,14836,3,0,0,3,2
2020-10-14,US,Virginia,New Kent,253,3,0,37.50694406,-76.99828634,51127.0,1095.6649776969384,1.1857707509881423,250,253,3,0,250,252,22391,0,0,0,0,1
2020-10-14,US,Virginia,Newport News,2952,49,0,37.08166899,-76.51754109,51700.0,1647.091644580834,1.6598915989159893,2903,2940,49,0,2891,2923,178626,12,0,0,12,17
2020-10-14,US,Virginia,Norfolk,5092,80,0,36.89934014,-76.26420872,51710.0,2097.700439149385,1.5710919088766693,5012,5085,80,0,5005,5064,244076,7,0,0,7,21
2020-10-14,US,Virginia,Northampton,311,31,0,37.34062933,-75.87751591,51131.0,2655.849701110162,9.96784565916399,280,311,31,0,280,311,11735,0,0,0,0,0
2020-10-14,US,Virginia,Northumberland,204,6,0,37.89202088,-76.41949732,51133.0,1686.6473749483255,2.9411764705882355,198,204,6,0,198,196,12147,0,0,0,0,8
2020-10-14,US,Virginia,Norton,43,0,0,36.93357076,-82.62750411,51720.0,1080.130620447124,0.0,43,42,0,0,42,41,3968,1,0,0,1,1
2020-10-14,US,Virginia,Nottoway,308,20,0,37.1435975,-78.05065922,51135.0,2022.058823529412,6.493506493506493,288,306,20,0,286,303,15420,2,0,0,2,3
2020-10-14,US,Virginia,Orange,360,5,0,38.24530219,-78.01560400000002,51137.0,971.6336940973256,1.3888888888888888,355,358,5,0,353,356,36644,2,0,0,2,2
2020-10-14,US,Virginia,Page,439,30,0,38.61807452,-78.48797204,51139.0,1836.6663877499786,6.83371298405467,409,439,29,0,410,432,23933,0,1,0,-1,7
2020-10-14,US,Virginia,Patrick,296,26,0,36.680163799999995,-80.2865648,51141.0,1681.0540663334848,8.783783783783784,270,295,26,0,269,294,17673,1,0,0,1,1
2020-10-14,US,Virginia,Petersburg,829,29,0,37.20530399,-77.39368102,51730.0,2644.675556689849,3.4981905910735827,800,828,29,0,799,816,31567,1,0,0,1,12
2020-10-14,US,Virginia,Pittsylvania,1171,11,0,36.81980341,-79.39731264,51143.0,1940.2193723696853,0.9393680614859096,1160,1163,11,0,1152,1155,60949,8,0,0,8,8
2020-10-14,US,Virginia,Poquoson,83,2,0,37.14259351,-76.35798148,51735.0,676.3914921359302,2.409638554216868,81,83,2,0,81,82,12190,0,0,0,0,1
2020-10-14,US,Virginia,Portsmouth,2699,63,0,36.85914825,-76.35971629,51740.0,2859.170745142905,2.3341978510559467,2636,2684,63,0,2621,2681,94632,15,0,0,15,3
2020-10-14,US,Virginia,Powhatan,267,5,0,37.55016038,-77.91267882,51145.0,900.4451639012544,1.8726591760299625,262,266,5,0,261,256,29189,1,0,0,1,10
2020-10-14,US,Virginia,Prince Edward,683,12,0,37.22554789,-78.43597949,51147.0,2995.3512849750023,1.7569546120058566,671,679,12,0,667,673,22950,4,0,0,4,6
2020-10-14,US,Virginia,Prince George,975,5,0,37.18497668,-77.22922187,51149.0,2542.174015070529,0.5128205128205128,970,961,5,0,956,909,38082,14,0,0,14,52
2020-10-14,US,Virginia,Prince William,13311,216,0,38.70916224,-77.48713689,51153.0,2830.110453187621,1.6227180527383367,13095,13281,216,0,13065,13166,468011,30,0,0,30,115
2020-10-14,US,Virginia,Pulaski,254,5,0,37.06474963,-80.71229738,51155.0,746.4660416727893,1.9685039370078738,249,255,5,0,250,255,34066,-1,0,0,-1,0
2020-10-14,US,Virginia,Radford,786,2,0,37.12222899,-80.56027320000003,51750.0,4307.085319743547,0.2544529262086514,784,780,2,0,778,773,18339,6,0,0,6,7
2020-10-14,US,Virginia,Rappahannock,65,2,0,38.68295619,-78.15826963,51157.0,881.9538670284938,3.0769230769230766,63,66,2,0,64,66,7252,-1,0,0,-1,0
2020-10-14,US,Virginia,Richmond,371,4,0,37.937575,-76.72920628,51159.0,4111.714507370054,1.0781671159029649,367,368,4,0,364,363,9038,3,0,0,3,5
2020-10-14,US,Virginia,Richmond City,4985,62,0,37.53255773,-77.47966921,51760.0,2163.290458088146,1.2437311935807422,4923,4978,62,0,4916,4945,228783,7,0,0,7,33
2020-10-14,US,Virginia,Roanoke,1166,8,0,37.26865804,-80.06396753,51161.0,1237.975919988109,0.6861063464837049,1158,1155,8,0,1147,1103,94073,11,0,0,11,52
2020-10-14,US,Virginia,Roanoke City,2238,32,0,37.27791025,-79.96189766,51770.0,2257.3454505108784,1.4298480786416443,2206,2212,32,0,2180,2170,99920,26,0,0,26,42
2020-10-14,US,Virginia,Rockbridge,140,3,0,37.81204314,-79.44605905,51163.0,620.2099853807646,2.142857142857143,137,143,3,0,140,141,22752,-3,0,0,-3,2
2020-10-14,US,Virginia,Rockingham,1649,22,0,38.51006137,-78.87260325,51165.0,2012.251671791868,1.3341419041843539,1627,1640,22,0,1618,1628,81244,9,0,0,9,12
2020-10-14,US,Virginia,Russell,368,8,0,36.93028320000001,-82.10095486,51167.0,1384.1871661776875,2.1739130434782608,360,355,7,0,348,350,26748,13,1,0,12,5
2020-10-14,US,Virginia,Salem,385,6,0,37.2836193,-80.06219455,51775.0,1521.678985020355,1.5584415584415583,379,382,6,0,376,357,25643,3,0,0,3,25
2020-10-14,US,Virginia,Scott,235,5,0,36.71466456,-82.60171704,51169.0,1089.6781971621995,2.127659574468085,230,233,5,0,228,223,21534,2,0,0,2,10
2020-10-14,US,Virginia,Shenandoah,887,59,0,38.85905135,-78.56813762,51171.0,2033.6573734409396,6.6516347237880495,828,881,59,0,822,879,43497,6,0,0,6,2
2020-10-14,US,Virginia,Smyth,581,22,0,36.84455636,-81.53344948,51173.0,1929.9760829125696,3.786574870912221,559,578,22,0,556,575,30472,3,0,0,3,3
2020-10-14,US,Virginia,Southampton,874,30,0,36.72231125,-77.10642712,51175.0,4957.177698372187,3.432494279176201,844,819,30,0,789,814,17586,55,0,0,55,5
2020-10-14,US,Virginia,Spotsylvania,2282,46,0,38.18574462,-77.655399,51177.0,1675.2927357486326,2.0157756354075373,2236,2278,46,0,2232,2273,134238,4,0,0,4,5
2020-10-14,US,Virginia,Stafford,2187,19,0,38.41758738,-77.45917053,51179.0,1430.5150377415262,0.8687700045724737,2168,2174,19,0,2155,2162,149960,13,0,0,13,12
2020-10-14,US,Virginia,Staunton,335,0,0,38.15965544,-79.05979937,51790.0,1343.6547408952354,0.0,335,325,0,0,325,325,24922,10,0,0,10,0
2020-10-14,US,Virginia,Suffolk,2211,77,0,36.70155394,-76.63603554,51800.0,2400.442958266383,3.4825870646766166,2134,2204,77,0,2127,2199,91185,7,0,0,7,5
2020-10-14,US,Virginia,Surry,134,3,0,37.11781893,-76.88450012,51181.0,2086.577390221115,2.238805970149253,131,134,3,0,131,134,6474,0,0,0,0,0
2020-10-14,US,Virginia,Sussex,634,12,0,36.92432914,-77.25791182,51183.0,5681.5126803477015,1.892744479495268,622,633,12,0,621,632,11237,1,0,0,1,1
2020-10-14,US,Virginia,Tazewell,388,2,0,37.12191123,-81.56685568,51185.0,955.78273186353,0.5154639175257731,386,383,2,0,381,380,40855,5,0,0,5,3
2020-10-14,US,Virginia,Virginia Beach,7379,99,0,36.73285734,-76.04566934,51810.0,1639.872525968167,1.3416452093779645,7280,7351,97,0,7254,7319,450189,28,2,0,26,32
2020-10-14,US,Virginia,Warren,495,13,0,38.90847745,-78.20280433,51187.0,1232.4469674335226,2.6262626262626263,482,493,13,0,480,490,40003,2,0,0,2,3
2020-10-14,US,Virginia,Washington,758,21,0,36.72341572,-81.95666289,51191.0,1410.4949758094529,2.7704485488126647,737,742,21,0,721,735,54402,16,0,0,16,7
2020-10-14,US,Virginia,Waynesboro,343,3,0,38.06451466,-78.90293905,51820.0,1515.6871409633234,0.8746355685131195,340,336,3,0,333,335,22628,7,0,0,7,1
2020-10-14,US,Virginia,Westmoreland,307,4,0,38.11021557,-76.80213247,51193.0,1704.13544268665,1.3029315960912051,303,306,4,0,302,288,17830,1,0,0,1,18
2020-10-14,US,Virginia,Williamsburg,204,8,0,37.28131268,-76.70905141,51830.0,1364.1834960545673,3.92156862745098,196,204,8,0,196,204,14896,0,0,0,0,0
2020-10-14,US,Virginia,Winchester,540,4,0,39.17054517,-78.17325058,51840.0,1923.2139041242249,0.7407407407407407,536,538,4,0,534,534,28108,2,0,0,2,4
2020-10-14,US,Virginia,Wise,498,9,0,36.9746148,-82.62410519,51195.0,1332.1563277425569,1.8072289156626504,489,494,9,0,485,488,38012,4,0,0,4,6
2020-10-14,US,Virginia,Wythe,289,6,0,36.91582035,-81.07834059,51197.0,1007.5303304978385,2.0761245674740483,283,285,6,0,279,283,28754,4,0,0,4,2
2020-10-14,US,Virginia,York,595,9,0,37.24374789,-76.54412815,51199.0,871.4118336262449,1.512605042016807,586,592,9,0,583,588,67846,3,0,0,3,4
2020-10-14,US,Washington,Adams,897,10,0,46.98299757,-118.56017340000001,53001.0,4488.815493169193,1.1148272017837235,887,897,10,0,887,887,19759,0,0,0,0,10
2020-10-14,US,Washington,Asotin,159,6,0,46.18894415,-117.2022851,53003.0,704.1006111061907,3.7735849056603774,153,155,6,0,149,146,22610,4,0,0,4,9
2020-10-14,US,Washington,Benton,4891,132,0,46.23946995,-119.51208340000001,53005.0,2392.974215959685,2.698834594152525,4759,4862,132,0,4730,4797,201877,29,0,0,29,65
2020-10-14,US,Washington,Chelan,1932,16,0,47.87046092,-120.6173956,53007.0,2502.5906735751296,0.8281573498964804,1916,1927,16,0,1911,1908,77036,5,0,0,5,19
2020-10-14,US,Washington,Clallam,246,1,0,48.04754642,-123.92263190000001,53009.0,318.1130465143345,0.4065040650406504,245,245,1,0,244,243,76737,1,0,0,1,2
2020-10-14,US,Washington,Clark,3853,73,0,45.77568046,-122.48292040000001,53011.0,789.1594519919465,1.8946275629379703,3780,3766,71,0,3695,3667,481857,87,2,0,85,99
2020-10-14,US,Washington,Columbia,14,1,0,46.29442881,-117.9051983,53013.0,351.3174404015057,7.142857142857142,13,14,1,0,13,14,4059,0,0,0,0,0
2020-10-14,US,Washington,Cowlitz,736,7,0,46.19074721,-122.6782231,53015.0,665.5032416156538,0.9510869565217392,729,734,7,0,727,719,108987,2,0,0,2,15
2020-10-14,US,Washington,Douglas,1215,9,0,47.7361335,-119.69293700000001,53017.0,2797.669759837897,0.7407407407407407,1206,1211,9,0,1202,1202,42907,4,0,0,4,9
2020-10-14,US,Washington,Ferry,30,0,0,48.471143100000006,-118.5154041,53019.0,393.3394519470304,0.0,30,30,0,0,30,30,7649,0,0,0,0,0
2020-10-14,US,Washington,Franklin,4570,67,0,46.53351425,-118.9018212,53021.0,4799.311083573124,1.4660831509846828,4503,4554,67,0,4487,4476,94347,16,0,0,16,78
2020-10-14,US,Washington,Garfield,13,0,0,46.43197502,-117.54540320000001,53023.0,584.2696629213483,0.0,13,13,0,0,13,13,2247,0,0,0,0,0
2020-10-14,US,Washington,Grant,3180,23,0,47.20753737,-119.4500749,53025.0,3253.762802738072,0.7232704402515723,3157,3170,23,0,3147,3115,97331,10,0,0,10,55
2020-10-14,US,Washington,Grays Harbor,607,11,0,47.14003705,-123.7820567,53027.0,808.6756105034572,1.812191103789127,596,597,11,0,586,573,73901,10,0,0,10,24
2020-10-14,US,Washington,Island,347,12,0,48.14713305,-122.5216407,53029.0,407.5592252851153,3.4582132564841497,335,342,12,0,330,330,84460,5,0,0,5,12
2020-10-14,US,Washington,Jefferson,80,0,0,47.75003077,-123.56097040000002,53031.0,248.2852797864746,0.0,80,79,0,0,79,76,31729,1,0,0,1,3
2020-10-14,US,Washington,King,24466,790,0,47.49137892,-121.8346131,53033.0,1086.034955890095,3.228970816643505,23676,24297,788,0,23509,23805,2233163,169,2,0,167,492
2020-10-14,US,Washington,Kitsap,1378,18,0,47.63479026,-122.6436061,53035.0,507.60112423703276,1.3062409288824384,1360,1367,17,0,1350,1356,269805,11,1,0,10,11
2020-10-14,US,Washington,Kittitas,640,22,0,47.12521214,-120.67943899999999,53037.0,1335.1413372274956,3.4375,618,624,22,0,602,593,47364,16,0,0,16,31
2020-10-14,US,Washington,Klickitat,202,3,0,45.87325839,-120.7913598,53039.0,900.7803790412486,1.4851485148514851,199,202,3,0,199,202,22107,0,0,0,0,0
2020-10-14,US,Washington,Lewis,636,8,0,46.57756476,-122.39257690000001,53041.0,788.0357341990162,1.2578616352201255,628,635,8,0,627,621,79604,1,0,0,1,14
2020-10-14,US,Washington,Lincoln,63,1,0,47.57705241,-118.41943880000001,53043.0,575.9210165463022,1.5873015873015872,62,63,1,0,62,63,10740,0,0,0,0,0
2020-10-14,US,Washington,Mason,478,8,0,47.35007586,-123.1863685,53045.0,715.9118140426552,1.6736401673640169,470,474,8,0,466,464,65507,4,0,0,4,10
2020-10-14,US,Washington,Okanogan,1088,10,0,48.54855019,-119.73872240000001,53047.0,2575.574651421537,0.9191176470588236,1078,1073,10,0,1063,1069,42132,15,0,0,15,4
2020-10-14,US,Washington,Pacific,106,3,0,46.55418369,-123.7285716,53049.0,471.7191046237373,2.830188679245283,103,107,3,0,104,95,22036,-1,0,0,-1,12
2020-10-14,US,Washington,Pend Oreille,119,0,0,48.53234021,-117.2741804,53051.0,867.0941416496647,0.0,119,119,0,0,119,104,13602,0,0,0,0,15
2020-10-14,US,Washington,Pierce,8917,214,0,47.03892768,-122.14059579999999,53053.0,985.3256425556366,2.3999102837277118,8703,8823,213,0,8610,8648,891299,94,1,0,93,175
2020-10-14,US,Washington,San Juan,30,0,0,48.60182783,-122.96745,53055.0,170.62905243999546,0.0,30,30,0,0,30,29,17128,0,0,0,0,1
2020-10-14,US,Washington,Skagit,1182,23,0,48.48171488,-121.766131,53057.0,914.8252776595332,1.9458544839255496,1159,1169,22,0,1147,1160,128206,13,1,0,12,9
2020-10-14,US,Washington,Skamania,66,1,0,46.02408726,-121.91644029999999,53059.0,546.221964743855,1.5151515151515151,65,65,1,0,64,65,11924,1,0,0,1,0
2020-10-14,US,Washington,Snohomish,7663,218,0,48.04615983,-121.7170703,53061.0,932.1443211938454,2.8448388359650267,7445,7601,218,0,7383,7434,814901,62,0,0,62,167
2020-10-14,US,Washington,Spokane,8150,181,0,47.62113146,-117.4046494,53063.0,1558.9195061955097,2.220858895705521,7969,8060,181,0,7879,7830,514631,90,0,0,90,230
2020-10-14,US,Washington,Stevens,223,4,0,48.40035475,-117.8542701,53065.0,487.7195284648864,1.7937219730941705,219,220,4,0,216,213,45260,3,0,0,3,7
2020-10-14,US,Washington,Thurston,1325,21,0,46.9291895,-122.82906559999999,53067.0,456.0536387917504,1.5849056603773586,1304,1310,20,0,1290,1269,286419,15,1,0,14,41
2020-10-14,US,Washington,Unassigned,374,4,0,0.0,0.0,90053.0,0.0,1.0695187165775402,370,345,4,0,341,344,,29,0,0,29,1
2020-10-14,US,Washington,Wahkiakum,8,0,0,46.29180039999999,-123.4250831,53069.0,178.25311942959,0.0,8,8,0,0,8,7,4426,0,0,0,0,1
2020-10-14,US,Washington,Walla Walla,959,6,0,46.23040051,-118.4775539,53071.0,1578.3410138248846,0.6256517205422315,953,956,6,0,950,945,60922,3,0,0,3,11
2020-10-14,US,Washington,Whatcom,1481,49,0,48.82227976,-121.74900179999999,53073.0,646.0280832464548,3.3085752869682645,1432,1474,49,0,1425,1448,225685,7,0,0,7,26
2020-10-14,US,Washington,Whitman,1557,3,0,46.90022523,-117.52417630000001,53075.0,3107.5363244451532,0.1926782273603083,1554,1548,1,0,1547,1509,49791,9,2,0,7,39
2020-10-14,US,Washington,Yakima,11628,266,0,46.45738486,-120.73801259999999,53077.0,4635.014529263811,2.2875816993464047,11362,11609,266,0,11343,11566,251446,19,0,0,19,43
2020-10-14,US,West Virginia,Barbour,154,1,0,39.1307219,-80.00350858,54001.0,936.6826835350647,0.6493506493506493,153,149,1,0,148,148,16535,5,0,0,5,1
2020-10-14,US,West Virginia,Berkeley,1301,17,0,39.46704621,-78.02414609,54003.0,1091.708553255406,1.306687163720215,1284,1268,16,0,1252,1246,117123,33,1,0,32,22
2020-10-14,US,West Virginia,Boone,276,3,0,38.01974191,-81.69888019,54005.0,1286.2935172670925,1.0869565217391304,273,270,3,0,267,270,21951,6,0,0,6,0
2020-10-14,US,West Virginia,Braxton,26,0,0,38.70036159,-80.72011184,54007.0,186.28645124310384,0.0,26,21,0,0,21,21,14089,5,0,0,5,0
2020-10-14,US,West Virginia,Brooke,138,1,0,40.27367263,-80.57915332,54009.0,629.0168193627786,0.7246376811594203,137,138,1,0,137,137,22203,0,0,0,0,1
2020-10-14,US,West Virginia,Cabell,1066,14,0,38.42424062,-82.23855912,54011.0,1159.3887650225681,1.3133208255159474,1052,1045,14,0,1031,1020,93224,21,0,0,21,25
2020-10-14,US,West Virginia,Calhoun,31,0,0,38.84315422,-81.11934872,54013.0,436.06695737797173,0.0,31,30,0,0,30,30,7254,1,0,0,1,0
2020-10-14,US,West Virginia,Clay,51,2,0,38.46231092,-81.07652217,54015.0,599.4358251057828,3.92156862745098,49,51,2,0,49,49,8632,0,0,0,0,2
2020-10-14,US,West Virginia,Doddridge,59,1,0,39.27057157,-80.70671527,54017.0,698.3901515151515,1.6949152542372878,58,55,1,0,54,53,8406,4,0,0,4,2
2020-10-14,US,West Virginia,Fayette,695,18,0,38.02974928,-81.08286634,54019.0,1638.9190208932694,2.5899280575539567,677,694,18,0,676,691,43018,1,0,0,1,3
2020-10-14,US,West Virginia,Gilmer,57,0,0,38.9251277,-80.85952723,54021.0,728.6207337338617,0.0,57,54,0,0,54,51,8026,3,0,0,3,3
2020-10-14,US,West Virginia,Grant,177,7,0,39.10314817,-79.19440518,54023.0,1530.0829875518673,3.9548022598870056,170,176,7,0,169,174,11626,1,0,0,1,2
2020-10-14,US,West Virginia,Greenbrier,145,3,0,37.9463652,-80.45335881,54025.0,418.3255438232069,2.0689655172413794,142,143,3,0,140,140,34786,2,0,0,2,3
2020-10-14,US,West Virginia,Hampshire,118,1,0,39.32103553,-78.60826476,54027.0,509.1693635382956,0.8474576271186439,117,117,1,0,116,117,23347,1,0,0,1,0
2020-10-14,US,West Virginia,Hancock,185,0,0,40.51943859,-80.57461608,54029.0,642.1381464769178,0.0,185,177,0,0,177,173,29094,8,0,0,8,4
2020-10-14,US,West Virginia,Hardy,99,1,0,39.00683177,-78.85855301,54031.0,718.6411149825784,1.0101010101010102,98,98,1,0,97,98,13775,1,0,0,1,0
2020-10-14,US,West Virginia,Harrison,573,10,0,39.2853852,-80.37919577,54033.0,851.9685975972404,1.7452006980802792,563,564,10,0,554,552,67554,9,0,0,9,12
2020-10-14,US,West Virginia,Jackson,334,24,0,38.84263974,-81.68148753,54035.0,1168.8129899216126,7.185628742514971,310,331,24,0,307,317,28706,3,0,0,3,14
2020-10-14,US,West Virginia,Jefferson,488,4,0,39.30776166,-77.86014147,54037.0,853.9530325832077,0.819672131147541,484,480,4,0,476,479,56811,8,0,0,8,1
2020-10-14,US,West Virginia,Kanawha,3170,100,0,38.33860077,-81.52857054,54039.0,1779.659113875727,3.154574132492113,3070,3162,98,0,3064,3113,180454,8,2,0,6,49
2020-10-14,US,West Virginia,Lewis,58,2,0,38.9947249,-80.49988181,54041.0,364.61934997171056,3.4482758620689653,56,53,2,0,51,49,16024,5,0,0,5,4
2020-10-14,US,West Virginia,Lincoln,199,2,0,38.172154,-82.07017953,54043.0,975.0600225390759,1.0050251256281406,197,199,2,0,197,198,20599,0,0,0,0,1
2020-10-14,US,West Virginia,Logan,697,43,0,37.8299889,-81.93528571,54045.0,2176.832505699741,6.169296987087518,654,694,43,0,651,689,32607,3,0,0,3,5
2020-10-14,US,West Virginia,Marion,333,5,0,39.50984542,-80.24244659,54049.0,593.8792980453702,1.5015015015015014,328,330,5,0,325,324,56097,3,0,0,3,6
2020-10-14,US,West Virginia,Marshall,221,1,0,39.86064362,-80.66591062,54051.0,723.8544430251221,0.4524886877828054,220,218,1,0,217,205,30785,3,0,0,3,13
2020-10-14,US,West Virginia,Mason,156,6,0,38.77071799,-82.02524219,54053.0,588.3240307738722,3.8461538461538463,150,156,6,0,150,156,26718,0,0,0,0,0
2020-10-14,US,West Virginia,McDowell,99,1,0,37.38002939,-81.65083669,54047.0,561.7339990921471,1.0101010101010102,98,99,1,0,98,99,18223,0,0,0,0,0
2020-10-14,US,West Virginia,Mercer,488,29,0,37.40481169,-81.11023142,54055.0,830.5252050784574,5.942622950819672,459,478,29,0,449,470,59131,10,0,0,10,8
2020-10-14,US,West Virginia,Mineral,192,4,0,39.41561583,-78.94104895,54057.0,714.6047342563644,2.083333333333333,188,189,4,0,185,187,26940,3,0,0,3,2
2020-10-14,US,West Virginia,Mingo,467,9,0,37.73048351,-82.13338365,54059.0,1993.681693989071,1.9271948608137044,458,453,9,0,444,447,23785,14,0,0,14,6
2020-10-14,US,West Virginia,Monongalia,2183,5,0,39.63218457,-80.04766838,54061.0,2066.999962125516,0.2290426019239579,2178,2169,5,0,2164,2166,106420,14,0,0,14,3
2020-10-14,US,West Virginia,Monroe,170,8,0,37.56274716,-80.54577965,54063.0,1280.60263653484,4.705882352941177,162,169,8,0,161,169,13280,1,0,0,1,0
2020-10-14,US,West Virginia,Morgan,83,0,0,39.55439028,-78.26311676,54065.0,464.10199060612837,0.0,83,80,0,0,80,74,17787,3,0,0,3,6
2020-10-14,US,West Virginia,Nicholas,158,3,0,38.29617706,-80.79759588,54067.0,645.0032658393208,1.8987341772151896,155,156,3,0,153,142,24842,2,0,0,2,14
2020-10-14,US,West Virginia,Ohio,421,7,0,40.0955451,-80.62203992,54069.0,1016.6380913283908,1.66270783847981,414,417,7,0,410,415,41755,4,0,0,4,2
2020-10-14,US,West Virginia,Pendleton,62,1,0,38.68314479,-79.35084086,54071.0,889.6541828095852,1.6129032258064515,61,59,1,0,58,57,6997,3,0,0,3,2
2020-10-14,US,West Virginia,Pleasants,21,3,0,39.37091679,-81.16771771,54073.0,281.5013404825737,14.285714285714285,18,21,3,0,18,21,7507,0,0,0,0,0
2020-10-14,US,West Virginia,Pocahontas,61,0,0,38.32758728,-80.00993811,54075.0,739.6629077240209,0.0,61,61,0,0,61,61,8414,0,0,0,0,0
2020-10-14,US,West Virginia,Preston,171,4,0,39.46770987,-79.66712803,54077.0,511.4860014357502,2.3391812865497075,167,171,4,0,167,171,33839,0,0,0,0,0
2020-10-14,US,West Virginia,Putnam,732,10,0,38.50782345,-81.9082131,54079.0,1296.7227635075287,1.3661202185792352,722,719,10,0,709,710,56682,13,0,0,13,9
2020-10-14,US,West Virginia,Raleigh,623,8,0,37.76936795,-81.2456041,54081.0,849.2250650890802,1.2841091492776886,615,616,8,0,608,612,74254,7,0,0,7,4
2020-10-14,US,West Virginia,Randolph,351,1,0,38.769899,-79.87919615,54083.0,1223.2096184004179,0.2849002849002849,350,338,1,0,337,323,28823,13,0,0,13,15
2020-10-14,US,West Virginia,Ritchie,20,0,0,39.18094587,-81.06356878,54085.0,209.3364036005861,0.0,20,20,0,0,20,19,9721,0,0,0,0,1
2020-10-14,US,West Virginia,Roane,79,2,0,38.71622686,-81.35243568,54087.0,577.1478667445938,2.5316455696202533,77,75,2,0,73,74,13932,4,0,0,4,1
2020-10-14,US,West Virginia,Summers,67,0,0,37.65390597,-80.86009693,54089.0,532.8879344627377,0.0,67,64,0,0,64,64,12760,3,0,0,3,0
2020-10-14,US,West Virginia,Taylor,156,8,0,39.33602617,-80.0421439,54091.0,934.4115004492364,5.128205128205129,148,153,8,0,145,152,16862,3,0,0,3,1
2020-10-14,US,West Virginia,Tucker,49,0,0,39.11240885,-79.57053576,54093.0,716.4790174002047,0.0,49,48,0,0,48,47,6955,1,0,0,1,1
2020-10-14,US,West Virginia,Tyler,24,1,0,39.46811972,-80.88772676,54095.0,279.36212315213595,4.166666666666667,23,22,1,0,21,22,8746,2,0,0,2,0
2020-10-14,US,West Virginia,Upshur,191,1,0,38.89285061,-80.23689136,54097.0,790.0397088021177,0.5235602094240838,190,183,1,0,182,183,24415,8,0,0,8,0
2020-10-14,US,West Virginia,Wayne,460,11,0,38.14901357,-82.42287994,54099.0,1167.4534287599615,2.391304347826087,449,448,11,0,437,443,39944,12,0,0,12,5
2020-10-14,US,West Virginia,Webster,14,0,0,38.49370949,-80.4202023,54101.0,172.54128666502342,0.0,14,14,0,0,14,13,8285,0,0,0,0,1
2020-10-14,US,West Virginia,Wetzel,71,0,0,39.6065771,-80.64016540000001,54103.0,471.2910720212413,0.0,71,71,0,0,71,69,15270,0,0,0,0,2
2020-10-14,US,West Virginia,Wirt,22,0,0,39.02775007,-81.37473928,54105.0,377.9419343755369,0.0,22,22,0,0,22,20,5830,0,0,0,0,2
2020-10-14,US,West Virginia,Wood,437,6,0,39.20967886,-81.5162836,54107.0,523.2404990540962,1.3729977116704806,431,426,6,0,420,413,84203,11,0,0,11,13
2020-10-14,US,West Virginia,Wyoming,144,5,0,37.612327,-81.54511071,54109.0,706.090026478376,3.4722222222222223,139,143,5,0,138,138,20786,1,0,0,1,5
2020-10-14,US,Wisconsin,Adams,334,4,0,43.96974651,-89.76782777,55001.0,1651.8298714144412,1.1976047904191616,330,319,4,0,315,313,20348,15,0,0,15,6
2020-10-14,US,Wisconsin,Ashland,208,3,0,46.31956891,-90.67837132,55003.0,1336.5891273615214,1.4423076923076923,205,204,3,0,201,197,15600,4,0,0,4,7
2020-10-14,US,Wisconsin,Barron,678,6,0,45.42372701,-91.84833627,55005.0,1498.5412430377507,0.8849557522123894,672,645,6,0,639,631,45164,33,0,0,33,14
2020-10-14,US,Wisconsin,Bayfield,161,1,0,46.52868768,-91.19716729,55007.0,1070.7635009310986,0.6211180124223602,160,156,1,0,155,150,15042,5,0,0,5,6
2020-10-14,US,Wisconsin,Brown,12220,79,0,44.452655299999996,-88.00411844,55009.0,4619.304307066553,0.646481178396072,12141,12045,78,0,11967,11804,263378,175,1,0,174,241
2020-10-14,US,Wisconsin,Buffalo,185,2,0,44.37835084,-91.75332578,55011.0,1419.6915048729952,1.0810810810810811,183,178,2,0,176,177,13125,7,0,0,7,1
2020-10-14,US,Wisconsin,Burnett,250,4,0,45.86303537,-92.36711412,55013.0,1621.902166861295,1.6,246,247,4,0,243,246,15392,3,0,0,3,1
2020-10-14,US,Wisconsin,Calumet,2040,10,0,44.0816316,-88.21780273,55015.0,4072.750504102697,0.4901960784313725,2030,1992,10,0,1982,1928,50159,48,0,0,48,64
2020-10-14,US,Wisconsin,Chippewa,887,1,0,45.06939744,-91.28068855,55017.0,1371.8333384886635,0.11273957158962795,886,859,1,0,858,833,64135,28,0,0,28,26
2020-10-14,US,Wisconsin,Clark,578,9,0,44.73483377,-90.61207486,55019.0,1662.161384942773,1.5570934256055364,569,562,9,0,553,556,34709,16,0,0,16,6
2020-10-14,US,Wisconsin,Columbia,1229,4,0,43.46492199,-89.33589004,55021.0,2136.2024612389628,0.32546786004882017,1225,1173,3,0,1170,1141,57358,56,1,0,55,32
2020-10-14,US,Wisconsin,Crawford,261,0,0,43.23870316,-90.93073686,55023.0,1618.0026036823508,0.0,261,254,0,0,254,241,16291,7,0,0,7,13
2020-10-14,US,Wisconsin,Dane,11855,46,0,43.06601594,-89.41733797,55025.0,2168.4851699759465,0.38802193167439897,11809,11693,45,0,11648,11585,542364,162,1,0,161,108
2020-10-14,US,Wisconsin,Dodge,2733,19,0,43.41576662,-88.70928178,55027.0,3111.374218741106,0.6952067325283571,2714,2680,19,0,2661,2621,87847,53,0,0,53,59
2020-10-14,US,Wisconsin,Door,562,4,0,44.95856458,-87.30002707,55029.0,2031.227410727194,0.7117437722419929,558,540,4,0,536,519,27610,22,0,0,22,21
2020-10-14,US,Wisconsin,Douglas,648,1,0,46.43222285,-91.91595768,55031.0,1501.7381228273464,0.15432098765432098,647,639,1,0,638,624,43208,9,0,0,9,15
2020-10-14,US,Wisconsin,Dunn,791,1,0,44.94562799,-91.8962481,55033.0,1743.5196614353727,0.1264222503160556,790,793,1,0,792,787,45131,-2,0,0,-2,6
2020-10-14,US,Wisconsin,Eau Claire,2471,9,0,44.726614,-91.28609183,55035.0,2361.2942682950147,0.3642250101173614,2462,2454,9,0,2445,2400,104534,17,0,0,17,54
2020-10-14,US,Wisconsin,Florence,143,4,0,45.84963535,-88.39804137,55037.0,3329.452852153667,2.797202797202797,139,143,4,0,139,137,4321,0,0,0,0,6
2020-10-14,US,Wisconsin,Fond du Lac,3135,16,0,43.75354908,-88.48885325,55039.0,3031.8269295861824,0.5103668261562998,3119,3097,16,0,3081,3007,103066,38,0,0,38,90
2020-10-14,US,Wisconsin,Forest,384,9,0,45.66678019,-88.77084892,55041.0,4264.771212794312,2.34375,375,375,9,0,366,371,8991,9,0,0,9,4
2020-10-14,US,Wisconsin,Grant,1479,23,0,42.8671731,-90.7063218,55043.0,2875.2502964676605,1.5551048005409058,1456,1450,20,0,1430,1419,51554,29,3,0,26,31
2020-10-14,US,Wisconsin,Green,742,3,0,42.6794956,-89.60243287,55045.0,2007.575757575757,0.4043126684636119,739,718,3,0,715,704,36929,24,0,0,24,14
2020-10-14,US,Wisconsin,Green Lake,521,2,0,43.80025981,-89.04679553,55047.0,2754.7189763654633,0.3838771593090211,519,499,2,0,497,479,18918,22,0,0,22,20
2020-10-14,US,Wisconsin,Iowa,321,0,0,43.00050278,-90.13469017,55049.0,1355.688825069685,0.0,321,309,0,0,309,302,23771,12,0,0,12,7
2020-10-14,US,Wisconsin,Iron,159,1,0,46.26302338,-90.24295041,55051.0,2795.8501846316162,0.6289308176100629,158,156,1,0,155,153,5676,3,0,0,3,3
2020-10-14,US,Wisconsin,Jackson,225,1,0,44.31864893,-90.80566792,55053.0,1089.9578549629414,0.4444444444444444,224,218,1,0,217,210,20478,7,0,0,7,8
2020-10-14,US,Wisconsin,Jefferson,2050,9,0,43.02054068,-88.77529134,55055.0,2418.336892024207,0.4390243902439024,2041,1978,9,0,1969,1904,85129,72,0,0,72,74
2020-10-14,US,Wisconsin,Juneau,555,3,0,43.92456975,-90.11120239,55057.0,2079.6642560047962,0.5405405405405406,552,544,2,0,542,540,26617,11,1,0,10,4
2020-10-14,US,Wisconsin,Kenosha,4140,69,0,42.57639354,-88.04051686,55059.0,2441.599188492637,1.6666666666666667,4071,4057,68,0,3989,4000,169290,83,1,0,82,57
2020-10-14,US,Wisconsin,Kewaunee,841,4,0,44.51727459,-87.61468386,55061.0,4115.6895370461,0.4756242568370987,837,838,4,0,834,821,20383,3,0,0,3,17
2020-10-14,US,Wisconsin,La Crosse,3605,11,0,43.90632465,-91.11451093,55063.0,3054.6705531453363,0.30513176144244103,3594,3587,11,0,3576,3566,118230,18,0,0,18,21
2020-10-14,US,Wisconsin,Lafayette,429,0,0,42.66005229,-90.1317729,55065.0,2574.2574257425745,0.0,429,412,0,0,412,403,16665,17,0,0,17,9
2020-10-14,US,Wisconsin,Langlade,566,4,0,45.26271619,-89.07483625,55067.0,2949.606545416645,0.7067137809187279,562,524,4,0,520,483,19268,42,0,0,42,41
2020-10-14,US,Wisconsin,Lincoln,462,4,0,45.33737523,-89.73411273,55069.0,1674.337694342768,0.8658008658008658,458,449,3,0,446,439,27689,13,1,0,12,10
2020-10-14,US,Wisconsin,Manitowoc,1890,7,0,44.11946801,-87.80928853,55071.0,2392.9805902685457,0.3703703703703704,1883,1861,5,0,1856,1788,79074,29,2,0,27,73
2020-10-14,US,Wisconsin,Marathon,2899,31,0,44.89792533,-89.75863384,55073.0,2136.4560917371696,1.0693342531907557,2868,2709,31,0,2678,2646,135428,190,0,0,190,63
2020-10-14,US,Wisconsin,Marinette,1330,9,0,45.38553432,-88.03324599999998,55075.0,3296.158612143742,0.6766917293233082,1321,1305,9,0,1296,1286,40434,25,0,0,25,19
2020-10-14,US,Wisconsin,Marquette,455,2,0,43.81911946,-89.40073763,55077.0,2921.5358931552587,0.4395604395604396,453,436,2,0,434,417,15434,19,0,0,19,19
2020-10-14,US,Wisconsin,Menominee,183,0,0,45.00422544,-88.70950714,55078.0,4016.681299385426,0.0,183,174,0,0,174,170,4658,9,0,0,9,4
2020-10-14,US,Wisconsin,Milwaukee,33532,554,0,43.00486062,-87.96733172,55079.0,3545.6358395560665,1.6521531671239411,32978,33048,551,0,32497,32514,948201,484,3,0,481,534
2020-10-14,US,Wisconsin,Monroe,813,3,0,43.94641218,-90.61881899999999,55081.0,1757.7238233195685,0.3690036900369004,810,800,3,0,797,785,46051,13,0,0,13,15
2020-10-14,US,Wisconsin,Oconto,1607,6,0,45.02715345,-88.26807503,55083.0,4236.751911415766,0.37336652146857496,1601,1584,4,0,1580,1548,37830,23,2,0,21,36
2020-10-14,US,Wisconsin,Oneida,805,5,0,45.70677897,-89.51944105,55085.0,2261.553588987217,0.6211180124223602,800,788,5,0,783,761,35470,17,0,0,17,27
2020-10-14,US,Wisconsin,Outagamie,6928,46,0,44.41578887,-88.46565023,55087.0,3687.361950129068,0.6639722863741341,6882,6810,43,0,6767,6621,187365,118,3,0,115,189
2020-10-14,US,Wisconsin,Ozaukee,1684,21,0,43.38352225,-87.94625009,55089.0,1887.4480223265825,1.2470308788598574,1663,1664,21,0,1643,1635,89147,20,0,0,20,29
2020-10-14,US,Wisconsin,Pepin,81,0,0,44.58307413,-91.99949611,55091.0,1111.5685467270482,0.0,81,79,0,0,79,79,7289,2,0,0,2,0
2020-10-14,US,Wisconsin,Pierce,548,7,0,44.71850291,-92.4224416,55093.0,1281.751415072274,1.2773722627737227,541,540,7,0,533,533,42555,8,0,0,8,7
2020-10-14,US,Wisconsin,Polk,363,2,0,45.46130348,-92.44182875,55095.0,829.0889157892333,0.5509641873278237,361,347,2,0,345,338,43598,16,0,0,16,9
2020-10-14,US,Wisconsin,Portage,2004,14,0,44.47558711,-89.50152965,55097.0,2831.6283275871806,0.6986027944111777,1990,1952,14,0,1938,1927,70942,52,0,0,52,25
2020-10-14,US,Wisconsin,Price,250,0,0,45.68051754,-90.36098879999999,55099.0,1872.518912441016,0.0,250,240,0,0,240,239,13397,10,0,0,10,1
2020-10-14,US,Wisconsin,Racine,5840,101,0,42.74753117,-88.05941254,55101.0,2974.8715049080292,1.7294520547945205,5739,5678,100,0,5578,5581,196584,162,1,0,161,97
2020-10-14,US,Wisconsin,Richland,332,6,0,43.3762778,-90.43012729,55103.0,1924.4145606306515,1.8072289156626504,326,329,6,0,323,303,17377,3,0,0,3,26
2020-10-14,US,Wisconsin,Rock,3538,37,0,42.67151616,-89.07147900000002,55105.0,2165.848402855149,1.0457885811192764,3501,3477,36,0,3441,3423,163129,61,1,0,60,54
2020-10-14,US,Wisconsin,Rusk,103,1,0,45.47498854,-91.1333012,55107.0,726.4776414162787,0.9708737864077671,102,102,1,0,101,102,14147,1,0,0,1,0
2020-10-14,US,Wisconsin,Sauk,1328,6,0,43.42574087,-89.94966132,55111.0,2060.7678222277395,0.4518072289156626,1322,1285,6,0,1279,1245,64249,43,0,0,43,40
2020-10-14,US,Wisconsin,Sawyer,293,1,0,45.87931905,-91.14504927,55113.0,1769.537383741998,0.3412969283276451,292,288,1,0,287,284,16489,5,0,0,5,4
2020-10-14,US,Wisconsin,Shawano,1720,8,0,44.78902246,-88.76443896,55115.0,4205.481796620944,0.4651162790697674,1712,1649,7,0,1642,1616,40796,71,1,0,70,33
2020-10-14,US,Wisconsin,Sheboygan,2710,20,0,43.72099677,-87.94579284,55117.0,2349.575169065372,0.7380073800738007,2690,2597,20,0,2577,2560,115456,113,0,0,113,37
2020-10-14,US,Wisconsin,St. Croix,1305,9,0,45.03437474,-92.45000068,55109.0,1439.015514902908,0.6896551724137931,1296,1254,9,0,1245,1232,89694,51,0,0,51,22
2020-10-14,US,Wisconsin,Taylor,309,6,0,45.21179252,-90.5004405,55119.0,1518.9500073735435,1.9417475728155342,303,296,6,0,290,290,20412,13,0,0,13,6
2020-10-14,US,Wisconsin,Trempealeau,816,2,0,44.30360275,-91.35893614,55121.0,2752.200748760498,0.24509803921568624,814,807,2,0,805,787,29442,9,0,0,9,20
2020-10-14,US,Wisconsin,Vernon,394,3,0,43.59422667,-90.8324691,55123.0,1278.3077022905713,0.7614213197969543,391,381,2,0,379,375,30785,13,1,0,12,6
2020-10-14,US,Wisconsin,Vilas,367,3,0,46.05467334,-89.51719204,55125.0,1653.5255688218067,0.8174386920980926,364,353,2,0,351,343,21938,14,1,0,13,10
2020-10-14,US,Wisconsin,Walworth,2959,36,0,42.66858202,-88.54163073,55127.0,2848.808102591752,1.2166272389320716,2923,2934,36,0,2898,2907,103718,25,0,0,25,27
2020-10-14,US,Wisconsin,Washburn,161,2,0,45.89838588,-91.79050449,55129.0,1024.1730279898218,1.2422360248447204,159,159,2,0,157,154,15878,2,0,0,2,5
2020-10-14,US,Wisconsin,Washington,3472,40,0,43.36863664,-88.22974712,55131.0,2552.3031006954143,1.1520737327188941,3432,3394,39,0,3355,3296,135693,78,1,0,77,98
2020-10-14,US,Wisconsin,Waukesha,9532,98,0,43.01833055,-88.30431188,55133.0,2358.250164523328,1.0281158203944607,9434,9390,98,0,9292,9003,403072,142,0,0,142,387
2020-10-14,US,Wisconsin,Waupaca,1741,27,0,44.47068056,-88.96534501,55135.0,3414.394979407727,1.5508328546812178,1714,1689,25,0,1664,1661,51128,52,2,0,50,28
2020-10-14,US,Wisconsin,Waushara,653,3,0,44.11324419,-89.24317107,55137.0,2671.521498997668,0.4594180704441042,650,639,3,0,636,623,24263,14,0,0,14,16
2020-10-14,US,Wisconsin,Winnebago,6603,46,0,44.06886922,-88.64477096,55139.0,3841.030324535941,0.6966530364985613,6557,6494,45,0,6449,6297,171020,109,1,0,108,197
2020-10-14,US,Wisconsin,Wood,1182,8,0,44.45537896,-90.04158336,55141.0,1619.2002630173017,0.6768189509306259,1174,1152,8,0,1144,1132,73055,30,0,0,30,20
2020-10-14,US,Wyoming,Albany,942,1,0,41.65498705,-105.72354150000001,56001.0,2422.83950617284,0.10615711252653927,941,914,1,0,913,898,38601,28,0,0,28,16
2020-10-14,US,Wyoming,Big Horn,122,2,0,44.52405055,-107.9960365,56003.0,1034.7752332485156,1.639344262295082,120,118,2,0,116,115,11881,4,0,0,4,3
2020-10-14,US,Wyoming,Campbell,510,2,0,44.24886082,-105.54744040000001,56005.0,1100.5373211626852,0.392156862745098,508,487,2,0,485,479,46140,23,0,0,23,8
2020-10-14,US,Wyoming,Carbon,262,2,0,41.69357844,-106.9326084,56007.0,1770.2702702702704,0.7633587786259542,260,256,2,0,254,256,14971,6,0,0,6,0
2020-10-14,US,Wyoming,Converse,209,0,0,42.97272268,-105.5081848,56009.0,1512.0821878165243,0.0,209,201,0,0,201,196,13640,8,0,0,8,5
2020-10-14,US,Wyoming,Crook,68,0,0,44.58855102,-104.56977049999999,56011.0,896.6244725738396,0.0,68,66,0,0,66,65,7450,2,0,0,2,1
2020-10-14,US,Wyoming,Fremont,964,14,0,43.04183996,-108.6296893,56013.0,2455.362828251955,1.4522821576763485,950,946,14,0,932,927,39531,18,0,0,18,19
2020-10-14,US,Wyoming,Goshen,133,2,0,42.08798185,-104.3534743,56015.0,1006.736810233896,1.5037593984962403,131,130,2,0,128,128,13376,3,0,0,3,2
2020-10-14,US,Wyoming,Hot Springs,41,0,0,43.71930657,-108.44231740000001,56017.0,929.0731928393384,0.0,41,41,0,0,41,41,4555,0,0,0,0,0
2020-10-14,US,Wyoming,Johnson,57,1,0,44.04057166,-106.58451740000001,56019.0,674.955595026643,1.7543859649122806,56,55,1,0,54,54,8460,2,0,0,2,1
2020-10-14,US,Wyoming,Laramie,1037,4,0,41.30702520000001,-104.6887497,56021.0,1042.211055276382,0.3857280617164899,1033,992,4,0,988,960,98976,45,0,0,45,32
2020-10-14,US,Wyoming,Lincoln,294,2,0,42.26376367,-110.6563997,56023.0,1482.6021180030255,0.6802721088435374,292,289,2,0,287,282,19434,5,0,0,5,7
2020-10-14,US,Wyoming,Natrona,840,7,0,42.96180148,-106.79788500000001,56025.0,1051.8670640386686,0.8333333333333334,833,817,7,0,810,798,79115,23,0,0,23,19
2020-10-14,US,Wyoming,Niobrara,4,0,0,43.05607708,-104.47588959999999,56027.0,169.77928692699493,0.0,4,4,0,0,4,4,2388,0,0,0,0,0
2020-10-14,US,Wyoming,Park,369,2,0,44.52157546,-109.58528249999999,56029.0,1263.9583476056725,0.5420054200542005,367,355,2,0,353,339,29324,14,0,0,14,16
2020-10-14,US,Wyoming,Platte,74,1,0,42.13299116,-104.96633100000001,56031.0,881.6871202192302,1.351351351351351,73,72,1,0,71,65,8566,2,0,0,2,7
2020-10-14,US,Wyoming,Sheridan,447,4,0,44.79048913,-106.8862389,56033.0,1466.2948991307196,0.8948545861297539,443,435,4,0,431,428,30233,12,0,0,12,7
2020-10-14,US,Wyoming,Sublette,133,1,0,42.76558279,-109.91309220000001,56035.0,1352.863391313193,0.7518796992481203,132,133,1,0,132,133,9813,0,0,0,0,0
2020-10-14,US,Wyoming,Sweetwater,402,2,0,41.65943896,-108.8827882,56037.0,949.3895094820867,0.4975124378109453,400,401,2,0,399,394,43051,1,0,0,1,7
2020-10-14,US,Wyoming,Teton,686,1,0,43.93522482,-110.5890801,56039.0,2923.6276849642004,0.1457725947521866,685,679,1,0,678,675,23081,7,0,0,7,4
2020-10-14,US,Wyoming,Uinta,385,2,0,41.2878183,-110.54757820000002,56041.0,1903.4905567091864,0.5194805194805194,383,384,2,0,382,381,20299,1,0,0,1,3
2020-10-14,US,Wyoming,Washakie,132,7,0,43.90451606,-107.68018700000002,56043.0,1691.2235746316464,5.303030303030303,125,127,7,0,120,126,7885,5,0,0,5,1
2020-10-14,US,Wyoming,Weston,66,0,0,43.83961191,-104.56748809999999,56045.0,952.7934170636639,0.0,66,62,0,0,62,58,6967,4,0,0,4,4
