Date,Country/Region,Province/State,Admin2,Confirmed,Deaths,Recovered,Latitude,Longitude,FIPS,Incidence_Rate,Case-Fatality_Ratio,Active Cases,Previous Confirmed,Previous Deaths,Previous Recovered,Previous Active,Prev2 Confirmed,Population,Daily Confirmed,Daily Deaths,Daily Recovered,Daily Active,Previous Daily Confirmed
2020-08-03,US,Alabama,Autauga,1024,20,0,32.53952745,-86.64408227,1001.0,1832.8590094685785,1.953125,1004,1010,20,0,990,988,55601,14,0,0,14,22
2020-08-03,US,Alabama,Baldwin,3210,23,0,30.72774991,-87.72207058,1003.0,1437.9529999910405,0.7165109034267912,3187,3175,22,0,3153,3095,218022,35,1,0,34,80
2020-08-03,US,Alabama,Barbour,563,5,0,31.868263,-85.3871286,1005.0,2280.644899943288,0.8880994671403197,558,562,5,0,557,554,24881,1,0,0,1,8
2020-08-03,US,Alabama,Bibb,374,3,0,32.99642064,-87.12511459999996,1007.0,1670.0902027328748,0.8021390374331551,371,364,3,0,361,360,22400,10,0,0,10,4
2020-08-03,US,Alabama,Blount,736,3,0,33.98210918,-86.56790593,1009.0,1272.783868847923,0.4076086956521739,733,722,3,0,719,704,57840,14,0,0,14,18
2020-08-03,US,Alabama,Bullock,438,11,0,32.10030533,-85.71265535,1011.0,4336.204336204336,2.5114155251141552,427,437,11,0,426,436,10138,1,0,0,1,1
2020-08-03,US,Alabama,Butler,752,35,0,31.75300095,-86.68057478,1013.0,3866.721513780337,4.654255319148937,717,751,35,0,716,743,19680,1,0,0,1,8
2020-08-03,US,Alabama,Calhoun,1560,9,0,33.77483727,-85.82630386,1015.0,1373.1789974032833,0.5769230769230769,1551,1535,9,0,1526,1438,114277,25,0,0,25,97
2020-08-03,US,Alabama,Chambers,821,38,0,32.91360079,-85.39072749,1017.0,2468.875924700788,4.6285018270401945,783,814,38,0,776,807,33615,7,0,0,7,7
2020-08-03,US,Alabama,Cherokee,242,7,0,34.17805983,-85.60638968,1019.0,923.8051610932966,2.8925619834710745,235,233,7,0,226,222,26032,9,0,0,9,11
2020-08-03,US,Alabama,Chilton,710,6,0,32.85044126,-86.7173256,1021.0,1598.0912937786982,0.8450704225352113,704,697,6,0,691,673,44153,13,0,0,13,24
2020-08-03,US,Alabama,Choctaw,274,12,0,32.02227341,-88.26564429999998,1023.0,2176.5032965287155,4.37956204379562,262,273,12,0,261,271,12841,1,0,0,1,2
2020-08-03,US,Alabama,Clarke,486,9,0,31.68099859,-87.83548597,1025.0,2057.404114808229,1.851851851851852,477,484,9,0,475,479,23920,2,0,0,2,5
2020-08-03,US,Alabama,Clay,217,5,0,33.26984193,-85.85836077,1027.0,1639.591990933132,2.3041474654377883,212,216,5,0,211,200,13275,1,0,0,1,16
2020-08-03,US,Alabama,Cleburne,121,1,0,33.67679204,-85.52005899,1029.0,811.535881958417,0.8264462809917356,120,114,1,0,113,112,14987,7,0,0,7,2
2020-08-03,US,Alabama,Coffee,709,5,0,31.39932826,-85.98901039,1031.0,1354.552749226243,0.7052186177715092,704,703,5,0,698,695,51909,6,0,0,6,8
2020-08-03,US,Alabama,Colbert,1093,12,0,34.69847452,-87.80168544,1033.0,1978.602849332923,1.0978956999085088,1081,1076,12,0,1064,1050,54762,17,0,0,17,26
2020-08-03,US,Alabama,Conecuh,373,10,0,31.43401703,-86.99320044,1035.0,3091.074832186956,2.680965147453083,363,371,10,0,361,363,12277,2,0,0,2,8
2020-08-03,US,Alabama,Coosa,92,2,0,32.93690146,-86.24847739,1037.0,862.7965863265497,2.1739130434782608,90,90,2,0,88,89,10715,2,0,0,2,1
2020-08-03,US,Alabama,Covington,709,20,0,31.247785399999998,-86.45050893,1039.0,1913.6818807525167,2.8208744710860367,689,704,20,0,684,684,36986,5,0,0,5,20
2020-08-03,US,Alabama,Crenshaw,286,3,0,31.72941803,-86.31593104,1041.0,2076.67731629393,1.048951048951049,283,284,3,0,281,279,13824,2,0,0,2,5
2020-08-03,US,Alabama,Cullman,1141,11,0,34.13020303,-86.86888037,1043.0,1362.0953108585618,0.9640666082383874,1130,1113,11,0,1102,1090,83442,28,0,0,28,23
2020-08-03,US,Alabama,Dale,785,20,0,31.43037123,-85.61095742,1045.0,1596.4369966647685,2.5477707006369426,765,776,19,0,757,763,48956,9,1,0,8,13
2020-08-03,US,Alabama,Dallas,1288,23,0,32.32688101,-87.10866709999998,1047.0,3462.737928809549,1.7857142857142858,1265,1280,23,0,1257,1265,38310,8,0,0,8,15
2020-08-03,US,Alabama,DeKalb,1701,13,0,34.45946862,-85.80782906,1049.0,2378.5885083830913,0.7642563198118754,1688,1677,13,0,1664,1650,71385,24,0,0,24,27
2020-08-03,US,Alabama,Elmore,1602,37,0,32.59785413,-86.14415284,1051.0,1972.6877562831705,2.309612983770287,1565,1584,37,0,1547,1562,81887,18,0,0,18,22
2020-08-03,US,Alabama,Escambia,979,15,0,31.1256789,-87.15918694,1053.0,2672.4537984877024,1.5321756894790604,964,965,15,0,950,952,36748,14,0,0,14,13
2020-08-03,US,Alabama,Etowah,1930,26,0,34.04567266,-86.04051873,1055.0,1887.1983416122346,1.3471502590673574,1904,1914,25,0,1889,1884,102501,16,1,0,15,30
2020-08-03,US,Alabama,Fayette,174,5,0,33.72076938,-87.73886638,1057.0,1067.3536989326462,2.8735632183908044,169,169,5,0,164,167,16433,5,0,0,5,2
2020-08-03,US,Alabama,Franklin,1196,20,0,34.44235334,-87.84289505,1059.0,3813.532300235954,1.6722408026755853,1176,1184,20,0,1164,1165,31363,12,0,0,12,19
2020-08-03,US,Alabama,Geneva,232,0,0,31.09389027,-85.83572839,1061.0,883.1030413764228,0.0,232,226,0,0,226,216,26314,6,0,0,6,10
2020-08-03,US,Alabama,Greene,242,11,0,32.85504247,-87.95684022,1063.0,2983.6025151029467,4.545454545454546,231,240,11,0,229,239,8233,2,0,0,2,1
2020-08-03,US,Alabama,Hale,459,26,0,32.76039258,-87.63284988,1065.0,3132.891952767729,5.664488017429194,433,449,25,0,424,448,14726,10,1,0,9,1
2020-08-03,US,Alabama,Henry,245,3,0,31.51148016,-85.24267944,1067.0,1424.0046498111014,1.2244897959183674,242,243,3,0,240,238,17209,2,0,0,2,5
2020-08-03,US,Alabama,Houston,1319,12,0,31.15197924,-85.29939599,1069.0,1245.726374643471,0.9097801364670204,1307,1309,12,0,1297,1275,104722,10,0,0,10,34
2020-08-03,US,Alabama,Jackson,828,3,0,34.78144169,-85.99750489,1071.0,1603.8430248324487,0.3623188405797101,825,816,3,0,813,783,51736,12,0,0,12,33
2020-08-03,US,Alabama,Jefferson,11859,225,0,33.55554728,-86.89506300000002,1073.0,1800.7115384323379,1.8972931950417404,11634,11650,225,0,11425,11465,659300,209,0,0,209,185
2020-08-03,US,Alabama,Lamar,198,2,0,33.77995024,-88.09668032,1075.0,1434.2629482071713,1.0101010101010102,196,194,2,0,192,191,13844,4,0,0,4,3
2020-08-03,US,Alabama,Lauderdale,1071,12,0,34.90171875,-87.65624729,1077.0,1154.9784856948745,1.1204481792717087,1059,1053,12,0,1041,1028,92387,18,0,0,18,25
2020-08-03,US,Alabama,Lawrence,310,0,0,34.52041498,-87.31069453,1079.0,941.5623861013244,0.0,310,306,0,0,306,298,32957,4,0,0,4,8
2020-08-03,US,Alabama,Lee,2505,40,0,32.60154883,-85.35132246,1081.0,1522.4076527573507,1.5968063872255491,2465,2491,40,0,2451,2455,163941,14,0,0,14,36
2020-08-03,US,Alabama,Limestone,1196,13,0,34.81185586,-86.98310072,1083.0,1209.1189405044736,1.0869565217391304,1183,1183,13,0,1170,1155,96174,13,0,0,13,28
2020-08-03,US,Alabama,Lowndes,552,24,0,32.1597283,-86.65158371,1085.0,5675.50894509562,4.3478260869565215,528,546,24,0,522,545,9974,6,0,0,6,1
2020-08-03,US,Alabama,Macon,309,13,0,32.38759944,-85.69267724,1087.0,1710.2058888642905,4.207119741100324,296,308,13,0,295,304,18439,1,0,0,1,4
2020-08-03,US,Alabama,Madison,5014,25,0,34.76327133,-86.55069633,1089.0,1344.5639552813152,0.498603909054647,4989,4932,25,0,4907,4817,366519,82,0,0,82,115
2020-08-03,US,Alabama,Marengo,520,14,0,32.24767634,-87.78796182,1091.0,2756.719503790489,2.6923076923076925,506,515,14,0,501,506,19066,5,0,0,5,9
2020-08-03,US,Alabama,Marion,542,24,0,34.13697363,-87.88704173,1093.0,1824.362987646841,4.428044280442805,518,535,24,0,511,528,29763,7,0,0,7,7
2020-08-03,US,Alabama,Marshall,2966,30,0,34.36975964,-86.30486727,1095.0,3064.8727964122595,1.0114632501685772,2936,2947,30,0,2917,2878,96109,19,0,0,19,69
2020-08-03,US,Alabama,Mobile,9086,191,0,30.78472347,-88.20842409,1097.0,2198.881924445197,2.1021351529826107,8895,8998,191,0,8807,8466,413757,88,0,0,88,532
2020-08-03,US,Alabama,Monroe,391,4,0,31.56729412,-87.36995001,1099.0,1885.882409685043,1.0230179028132993,387,388,4,0,384,385,21067,3,0,0,3,3
2020-08-03,US,Alabama,Montgomery,6249,143,0,32.2206831,-86.20969272,1101.0,2759.11093842445,2.288366138582173,6106,6198,143,0,6055,6093,225763,51,0,0,51,105
2020-08-03,US,Alabama,Morgan,2223,15,0,34.45500589,-86.85475946,1103.0,1857.4687288496727,0.6747638326585695,2208,2206,15,0,2191,2156,119089,17,0,0,17,50
2020-08-03,US,Alabama,Perry,429,4,0,32.64048341,-87.29770589,1105.0,4807.800067241959,0.9324009324009324,425,428,4,0,424,419,9140,1,0,0,1,9
2020-08-03,US,Alabama,Pickens,367,9,0,33.28094866,-88.08818103,1107.0,1841.4450577019568,2.4523160762942777,358,363,9,0,354,359,19938,4,0,0,4,4
2020-08-03,US,Alabama,Pike,660,7,0,31.80396383,-85.9408295,1109.0,1993.1146946910671,1.0606060606060606,653,654,7,0,647,644,33338,6,0,0,6,10
2020-08-03,US,Alabama,Randolph,388,10,0,33.29526734,-85.45708831,1111.0,1707.5961623096564,2.5773195876288657,378,388,10,0,378,386,22725,0,0,0,0,2
2020-08-03,US,Alabama,Russell,1233,1,0,32.28725256,-85.18415324,1113.0,2127.2924897776093,0.08110300081103,1232,1220,1,0,1219,1185,57781,13,0,0,13,35
2020-08-03,US,Alabama,Shelby,3050,32,0,33.26879845,-86.66232561,1117.0,1400.9976940955985,1.0491803278688523,3018,3002,32,0,2970,2954,215707,48,0,0,48,48
2020-08-03,US,Alabama,St. Clair,1217,12,0,33.71902176,-86.31029372,1115.0,1359.5942443471267,0.9860312243221035,1205,1182,12,0,1170,1169,88690,35,0,0,35,13
2020-08-03,US,Alabama,Sumter,361,18,0,32.59117397,-88.19916205,1119.0,2904.964995574153,4.986149584487535,343,361,18,0,343,361,12691,0,0,0,0,0
2020-08-03,US,Alabama,Talladega,918,13,0,33.37823223,-86.16886178,1121.0,1147.8156493035585,1.4161220043572984,905,890,13,0,877,862,79828,28,0,0,28,28
2020-08-03,US,Alabama,Tallapoosa,814,78,0,32.86698258,-85.79833053,1123.0,2016.4986251145733,9.582309582309582,736,804,78,0,726,801,40497,10,0,0,10,3
2020-08-03,US,Alabama,Tuscaloosa,3974,63,0,33.28726072,-87.52556818,1125.0,1898.2111724104984,1.5853044791142423,3911,3912,63,0,3849,3851,208911,62,0,0,62,61
2020-08-03,US,Alabama,Unassigned,2734,53,0,0.0,0.0,90001.0,0.0,1.9385515727871248,2681,2633,51,0,2582,2569,,101,2,0,99,64
2020-08-03,US,Alabama,Walker,1470,63,0,33.80270512,-87.30027177,1127.0,2314.195305489523,4.285714285714286,1407,1457,63,0,1394,1450,63711,13,0,0,13,7
2020-08-03,US,Alabama,Washington,310,11,0,31.4092794,-88.20689944,1129.0,1898.8117113806202,3.548387096774193,299,310,11,0,299,304,16378,0,0,0,0,6
2020-08-03,US,Alabama,Wilcox,405,9,0,31.98773215,-87.30891118,1131.0,3904.367106912176,2.2222222222222223,396,402,9,0,393,400,10627,3,0,0,3,2
2020-08-03,US,Alabama,Winston,429,11,0,34.15030532,-87.37325922,1133.0,1815.565618519616,2.5641025641025643,418,428,11,0,417,426,23660,1,0,0,1,2
2020-08-03,US,Alaska,Aleutians East,1,0,0,55.32222414,-161.9722021,2013.0,29.96703626011388,0.0,1,1,0,0,1,1,3515,0,0,0,0,0
2020-08-03,US,Alaska,Aleutians West,5,0,0,52.3233,-174.1596,2016.0,88.74689385871494,0.0,5,5,0,0,5,5,5723,0,0,0,0,0
2020-08-03,US,Alaska,Anchorage,1918,13,0,61.14998174,-149.14269860000005,2020.0,665.9722222222222,0.6777893639207507,1905,1877,12,0,1865,1769,291538,41,1,0,40,108
2020-08-03,US,Alaska,Bethel,22,0,0,60.90980451,-159.8561831,2050.0,119.65626019797672,0.0,22,21,0,0,21,20,18216,1,0,0,1,1
2020-08-03,US,Alaska,Bristol Bay,6,0,0,58.74513976,-156.701064,2060.0,717.7033492822967,0.0,6,6,0,0,6,6,877,0,0,0,0,0
2020-08-03,US,Alaska,Denali,1,0,0,63.67264044,-150.0076108,2068.0,47.687172150691474,0.0,1,1,0,0,1,1,2059,0,0,0,0,0
2020-08-03,US,Alaska,Dillingham,1,0,0,59.79603738,-158.23819419999995,2070.0,20.34174125305126,0.0,1,1,0,0,1,1,5000,0,0,0,0,0
2020-08-03,US,Alaska,Fairbanks North Star,410,5,0,64.80726247,-146.5692662,2090.0,423.33942529091684,1.2195121951219512,405,406,5,0,401,403,98971,4,0,0,4,3
2020-08-03,US,Alaska,Haines,4,0,0,59.09893571,-135.4679843,2100.0,158.10276679841897,0.0,4,4,0,0,4,4,2474,0,0,0,0,0
2020-08-03,US,Alaska,Juneau,91,1,0,58.45031811,-134.200436,2110.0,284.6062425720898,1.0989010989010992,90,88,1,0,87,87,32113,3,0,0,3,1
2020-08-03,US,Alaska,Kenai Peninsula,304,2,0,60.24429722,-151.53888840000005,2122.0,517.8169925734142,0.6578947368421053,302,304,2,0,302,300,58533,0,0,0,0,4
2020-08-03,US,Alaska,Ketchikan Gateway,35,0,0,55.57445008,-130.975561,2130.0,251.78044744982373,0.0,35,35,0,0,35,35,13918,0,0,0,0,0
2020-08-03,US,Alaska,Kodiak Island,6,0,0,57.65529415,-153.7493579,2150.0,46.16094783812894,0.0,6,6,0,0,6,6,13345,0,0,0,0,0
2020-08-03,US,Alaska,Kusilvak,5,0,0,62.15429159999999,-163.39678830000003,2158.0,60.139523694972326,0.0,5,4,0,0,4,4,8303,1,0,0,1,0
2020-08-03,US,Alaska,Matanuska-Susitna,305,2,0,62.31305045,-149.5741743,2170.0,281.58091527645706,0.6557377049180327,303,301,2,0,299,287,107610,4,0,0,4,14
2020-08-03,US,Alaska,Nome,17,0,0,64.90320724,-164.0353804,2180.0,169.93202718912434,0.0,17,17,0,0,17,17,10008,0,0,0,0,0
2020-08-03,US,Alaska,North Slope,15,0,0,69.31479216,-153.4836093,2185.0,152.56305939788447,0.0,15,13,0,0,13,13,9872,2,0,0,2,0
2020-08-03,US,Alaska,Northwest Arctic,33,0,0,67.04919196,-159.7503946,2188.0,433.014040152211,0.0,33,31,0,0,31,28,7671,2,0,0,2,3
2020-08-03,US,Alaska,Petersburg,6,1,0,57.13978948,-132.9540995,2195.0,183.71096142069808,16.666666666666668,5,6,1,0,5,6,3221,0,0,0,0,0
2020-08-03,US,Alaska,Prince of Wales-Hyder,8,0,0,55.76261984,-133.0511621,2198.0,128.96985329679188,0.0,8,7,0,0,7,5,6422,1,0,0,1,2
2020-08-03,US,Alaska,Sitka,23,0,0,57.24124555,-135.3206587,2220.0,270.8112563287413,0.0,23,23,0,0,23,22,8647,0,0,0,0,1
2020-08-03,US,Alaska,Southeast Fairbanks,14,0,0,63.87692095,-143.2127643,2240.0,203.10459886841724,0.0,14,14,0,0,14,14,6918,0,0,0,0,0
2020-08-03,US,Alaska,Valdez-Cordova,49,0,0,61.47502768,-144.7126799,2261.0,532.4929363181917,0.0,49,48,0,0,48,45,9164,1,0,0,1,3
2020-08-03,US,Alaska,Wrangell,9,0,0,56.3202004,-132.05837309999998,2275.0,359.71223021582733,0.0,9,8,0,0,8,5,2503,1,0,0,1,3
2020-08-03,US,Alaska,Yakutat,7,0,0,59.890980799999994,-140.36014509999998,2282.0,1208.9810017271154,0.0,7,7,0,0,7,7,604,0,0,0,0,0
2020-08-03,US,Alaska,Yukon-Koyukuk,46,1,0,65.50815459,-151.39073869999999,2290.0,879.5411089866158,2.1739130434782608,45,46,1,0,45,45,5327,0,0,0,0,1
2020-08-03,US,Arizona,Apache,3084,136,0,35.39465006,-109.4892383,4001.0,4290.066354139135,4.409857328145267,2948,3064,136,0,2928,3054,71818,20,0,0,20,10
2020-08-03,US,Arizona,Cochise,1557,50,0,31.87934684,-109.7516088,4003.0,1236.4797255443846,3.2113037893384715,1507,1536,49,0,1487,1523,126770,21,1,0,20,13
2020-08-03,US,Arizona,Coconino,2997,116,0,35.83883429,-111.77071780000001,4005.0,2088.851097047589,3.8705372038705375,2881,2990,115,0,2875,2964,142854,7,1,0,6,26
2020-08-03,US,Arizona,Gila,841,29,0,33.80190085,-110.8132779,4007.0,1556.8884445925432,3.4482758620689653,812,833,29,0,804,822,53889,8,0,0,8,11
2020-08-03,US,Arizona,Graham,490,9,0,32.93166885,-109.8882178,4009.0,1261.683446198213,1.836734693877551,481,489,9,0,480,478,38072,1,0,0,1,11
2020-08-03,US,Arizona,Greenlee,57,1,0,33.21498827,-109.2405279,4011.0,600.1263423878711,1.7543859649122806,56,55,1,0,54,55,9483,2,0,0,2,0
2020-08-03,US,Arizona,La Paz,474,10,0,33.72854224,-113.98100290000001,4012.0,2245.594087549744,2.109704641350211,464,473,10,0,463,472,21098,1,0,0,1,1
2020-08-03,US,Arizona,Maricopa,120960,2108,0,33.34835867,-112.49181540000001,4013.0,2696.741036613343,1.7427248677248677,118852,120279,2101,0,118178,119295,4410824,681,7,0,674,984
2020-08-03,US,Arizona,Mohave,3040,153,0,35.70471703,-113.7577902,4015.0,1432.7390294135666,5.032894736842105,2887,3027,153,0,2874,2990,209550,13,0,0,13,37
2020-08-03,US,Arizona,Navajo,5284,188,0,35.3997715,-110.3218983,4017.0,4763.621939345859,3.5579106737320214,5096,5271,188,0,5083,5255,110445,13,0,0,13,16
2020-08-03,US,Arizona,Pima,16741,462,0,32.0971334,-111.7890033,4019.0,1598.523411621927,2.759691774684905,16279,16655,462,0,16193,16475,1039073,86,0,0,86,180
2020-08-03,US,Arizona,Pinal,8301,141,0,32.90525627,-111.3449483,4021.0,1793.689996953255,1.698590531261294,8160,8227,141,0,8086,8153,447138,74,0,0,74,74
2020-08-03,US,Arizona,Santa Cruz,2610,50,0,31.52508998,-110.8479088,4023.0,5613.144651382855,1.9157088122605364,2560,2608,50,0,2558,2610,46511,2,0,0,2,-2
2020-08-03,US,Arizona,Unassigned,0,1,0,0.0,0.0,90004.0,0.0,0.0,-1,0,1,0,-1,0,,0,0,0,0,0
2020-08-03,US,Arizona,Yavapai,1858,62,0,34.59933926,-112.5538588,4025.0,790.3053607203774,3.3369214208826694,1796,1818,61,0,1757,1778,231993,40,1,0,39,40
2020-08-03,US,Arizona,Yuma,11203,263,0,32.76895712,-113.90666740000002,4027.0,5240.262504268268,2.3475854681781665,10940,11142,259,0,10883,11078,212128,61,4,0,57,64
2020-08-03,US,Arkansas,Arkansas,201,0,0,34.29145151,-91.37277296,5001.0,1149.4910213885394,0.0,201,199,0,0,199,194,17769,2,0,0,2,5
2020-08-03,US,Arkansas,Ashley,254,4,0,33.19153461,-91.7698471,5003.0,1292.1605534923945,1.5748031496062993,250,249,4,0,245,238,20046,5,0,0,5,11
2020-08-03,US,Arkansas,Baxter,62,0,0,36.28784385,-92.33782872,5005.0,147.85843747018984,0.0,62,61,0,0,61,60,41619,1,0,0,1,1
2020-08-03,US,Arkansas,Benton,4572,39,0,36.33644656,-94.25680817,5007.0,1637.881930637205,0.8530183727034121,4533,4528,39,0,4489,4495,272608,44,0,0,44,33
2020-08-03,US,Arkansas,Boone,176,1,0,36.3084504,-93.09374925,5009.0,470.1859371660611,0.5681818181818182,175,170,1,0,169,162,37480,6,0,0,6,8
2020-08-03,US,Arkansas,Bradley,147,3,0,33.46755808,-92.15980837,5011.0,1365.7902071913036,2.0408163265306123,144,142,3,0,139,142,10897,5,0,0,5,0
2020-08-03,US,Arkansas,Calhoun,13,0,0,33.55598792,-92.49974403,5013.0,250.5299672383889,0.0,13,13,0,0,13,13,5277,0,0,0,0,0
2020-08-03,US,Arkansas,Carroll,340,6,0,36.34038560000001,-93.54270261,5015.0,1198.0267794221284,1.7647058823529411,334,340,6,0,334,337,28223,0,0,0,0,3
2020-08-03,US,Arkansas,Chicot,536,6,0,33.26458973,-91.29539209,5017.0,5297.48962245503,1.1194029850746268,530,529,6,0,523,522,10438,7,0,0,7,7
2020-08-03,US,Arkansas,Clark,159,0,0,34.04613432,-93.17484713,5019.0,712.3655913978495,0.0,159,154,0,0,154,152,22061,5,0,0,5,2
2020-08-03,US,Arkansas,Clay,109,4,0,36.36826212,-90.4148172,5021.0,749.089409662566,3.669724770642202,105,107,4,0,103,105,14847,2,0,0,2,2
2020-08-03,US,Arkansas,Cleburne,182,5,0,35.53864922,-92.02640019,5023.0,730.3663870941851,2.7472527472527477,177,181,5,0,176,179,24965,1,0,0,1,2
2020-08-03,US,Arkansas,Cleveland,71,2,0,33.89723187,-92.18537045,5025.0,892.4082453494217,2.8169014084507036,69,68,2,0,66,67,8018,3,0,0,3,1
2020-08-03,US,Arkansas,Columbia,202,6,0,33.21230701,-93.22642793,5027.0,861.1501897088292,2.9702970297029703,196,193,6,0,187,186,23537,9,0,0,9,7
2020-08-03,US,Arkansas,Conway,137,3,0,35.26205537,-92.70506566,5029.0,657.2004221433367,2.18978102189781,134,136,3,0,133,134,20891,1,0,0,1,2
2020-08-03,US,Arkansas,Craighead,1134,12,0,35.83018283,-90.63235729,5031.0,1027.8069825617226,1.058201058201058,1122,1120,11,0,1109,1104,108558,14,1,0,13,16
2020-08-03,US,Arkansas,Crawford,554,3,0,35.58928601,-94.2446814,5033.0,875.7924024218663,0.5415162454873647,551,536,3,0,533,522,63406,18,0,0,18,14
2020-08-03,US,Arkansas,Crittenden,1242,20,0,35.21247318,-90.30839406,5035.0,2589.928057553957,1.6103059581320451,1222,1213,20,0,1193,1191,48342,29,0,0,29,22
2020-08-03,US,Arkansas,Cross,172,2,0,35.29631396,-90.77185818,5037.0,1047.566843291309,1.162790697674419,170,166,1,0,165,162,16676,6,1,0,5,4
2020-08-03,US,Arkansas,Dallas,58,0,0,33.97042763,-92.65167437,5039.0,827.5074903695247,0.0,58,58,0,0,58,56,7182,0,0,0,0,2
2020-08-03,US,Arkansas,Desha,160,2,0,33.83011025,-91.25500948,5041.0,1408.326731801778,1.25,158,151,2,0,149,144,11512,9,0,0,9,7
2020-08-03,US,Arkansas,Drew,166,2,0,33.59035001,-91.71777921,5043.0,911.136725396564,1.2048192771084338,164,162,2,0,160,155,18328,4,0,0,4,7
2020-08-03,US,Arkansas,Faulkner,1212,5,0,35.14719007,-92.33717519,5045.0,961.8513257199997,0.4125412541254125,1207,1203,5,0,1198,1190,124806,9,0,0,9,13
2020-08-03,US,Arkansas,Franklin,108,2,0,35.51202821,-93.89299569,5047.0,609.6528365791702,1.851851851851852,106,108,2,0,106,105,17810,0,0,0,0,3
2020-08-03,US,Arkansas,Fulton,29,0,0,36.38177105,-91.81729127,5049.0,232.4276669071091,0.0,29,29,0,0,29,27,12269,0,0,0,0,2
2020-08-03,US,Arkansas,Garland,875,8,0,34.57692074,-93.14921604,5051.0,880.4056909423863,0.9142857142857144,867,843,7,0,836,837,99154,32,1,0,31,6
2020-08-03,US,Arkansas,Grant,127,0,0,34.29017991,-92.42320562,5053.0,695.3189159594854,0.0,127,125,0,0,125,124,18188,2,0,0,2,1
2020-08-03,US,Arkansas,Greene,393,1,0,36.11735460000001,-90.55832668,5055.0,867.0711527854387,0.2544529262086514,392,383,1,0,382,359,45325,10,0,0,10,24
2020-08-03,US,Arkansas,Hempstead,220,2,0,33.73325583,-93.66935133,5057.0,1021.7350919561585,0.9090909090909092,218,210,2,0,208,207,21741,10,0,0,10,3
2020-08-03,US,Arkansas,Hot Spring,1465,9,0,34.31709259,-92.95396325,5059.0,4338.0415149092405,0.6143344709897611,1456,1457,8,0,1449,1451,33701,8,1,0,7,6
2020-08-03,US,Arkansas,Howard,300,2,0,34.09007427,-93.9934871,5061.0,2272.3829722769283,0.6666666666666666,298,296,2,0,294,294,13341,4,0,0,4,2
2020-08-03,US,Arkansas,Independence,398,0,0,35.74242707,-91.57001641,5063.0,1052.2141440846,0.0,398,367,0,0,367,345,37678,31,0,0,31,22
2020-08-03,US,Arkansas,Izard,45,1,0,36.09604046,-91.90847954,5065.0,330.1782962799912,2.2222222222222223,44,44,1,0,43,44,13593,1,0,0,1,0
2020-08-03,US,Arkansas,Jackson,59,1,0,35.59802983,-91.21494602,5067.0,352.89191937316826,1.6949152542372878,58,58,1,0,57,58,16811,1,0,0,1,0
2020-08-03,US,Arkansas,Jefferson,1382,39,0,34.26767081,-91.92619839,5069.0,2068.119238596911,2.8219971056439936,1343,1357,38,0,1319,1315,68114,25,1,0,24,42
2020-08-03,US,Arkansas,Johnson,636,0,0,35.56759135,-93.46036368,5071.0,2392.956580630597,0.0,636,631,0,0,631,617,26742,5,0,0,5,14
2020-08-03,US,Arkansas,Lafayette,49,2,0,33.24116713,-93.60677071,5073.0,739.7342995169082,4.081632653061225,47,49,2,0,47,49,6682,0,0,0,0,0
2020-08-03,US,Arkansas,Lawrence,185,10,0,36.04188196,-91.10867198,5075.0,1127.636230647324,5.405405405405406,175,185,10,0,175,182,16434,0,0,0,0,3
2020-08-03,US,Arkansas,Lee,890,7,0,34.78498904,-90.78383866,5077.0,10048.549170147906,0.7865168539325843,883,885,6,0,879,885,8985,5,1,0,4,0
2020-08-03,US,Arkansas,Lincoln,1186,11,0,33.95317155,-91.74002806,5079.0,9106.265356265356,0.9274873524451941,1175,1182,11,0,1171,1168,13383,4,0,0,4,14
2020-08-03,US,Arkansas,Little River,156,1,0,33.70375665,-94.23468591,5081.0,1272.5344644750794,0.6410256410256411,155,153,1,0,152,152,12326,3,0,0,3,1
2020-08-03,US,Arkansas,Logan,195,1,0,35.21413234,-93.71951016,5083.0,908.4133047610176,0.5128205128205128,194,158,1,0,157,141,21737,37,0,0,37,17
2020-08-03,US,Arkansas,Lonoke,452,2,0,34.75392199,-91.88742357,5085.0,616.5682249109933,0.4424778761061947,450,433,2,0,431,416,73657,19,0,0,19,17
2020-08-03,US,Arkansas,Madison,262,1,0,36.01038185,-93.72524943,5087.0,1580.5984555984555,0.3816793893129771,261,259,1,0,258,254,16481,3,0,0,3,5
2020-08-03,US,Arkansas,Marion,23,0,0,36.26844485,-92.68451899,5089.0,137.77405055708638,0.0,23,23,0,0,23,23,16722,0,0,0,0,0
2020-08-03,US,Arkansas,Miller,470,4,0,33.31403423,-93.89285258,5091.0,1086.5293478512147,0.851063829787234,466,462,4,0,458,457,43592,8,0,0,8,5
2020-08-03,US,Arkansas,Mississippi,797,11,0,35.76271485,-90.05194370000002,5093.0,1960.5913753659202,1.3801756587202008,786,775,10,0,765,752,41239,22,1,0,21,23
2020-08-03,US,Arkansas,Monroe,53,0,0,34.6815935,-91.20540287,5095.0,790.9267273541262,0.0,53,52,0,0,52,51,6900,1,0,0,1,1
2020-08-03,US,Arkansas,Montgomery,26,0,0,34.53704874,-93.65824478,5097.0,289.33897173380814,0.0,26,25,0,0,25,25,8924,1,0,0,1,0
2020-08-03,US,Arkansas,Nevada,133,9,0,33.66340119,-93.30632432,5099.0,1611.730489578284,6.7669172932330826,124,130,9,0,121,129,8326,3,0,0,3,1
2020-08-03,US,Arkansas,Newton,98,3,0,35.91947491,-93.21612969,5101.0,1264.0268283245196,3.0612244897959178,95,94,3,0,91,93,7805,4,0,0,4,1
2020-08-03,US,Arkansas,Ouachita,81,1,0,33.58839816,-92.87795984,5103.0,346.4203233256352,1.2345679012345678,80,77,1,0,76,76,23606,4,0,0,4,1
2020-08-03,US,Arkansas,Perry,49,0,0,34.9459153,-92.94372564,5105.0,468.67527498804395,0.0,49,49,0,0,49,49,10352,0,0,0,0,0
2020-08-03,US,Arkansas,Phillips,284,6,0,34.43268455,-90.84800154,5107.0,1597.1206838375886,2.112676056338028,278,282,6,0,276,273,18029,2,0,0,2,9
2020-08-03,US,Arkansas,Pike,81,1,0,34.16250414,-93.65789349,5109.0,755.7380108229147,1.2345679012345678,80,78,1,0,77,77,10673,3,0,0,3,1
2020-08-03,US,Arkansas,Poinsett,167,3,0,35.57433534,-90.66268713,5111.0,709.7925875552535,1.7964071856287425,164,159,3,0,156,156,23974,8,0,0,8,3
2020-08-03,US,Arkansas,Polk,131,1,0,34.48254879,-94.22728802,5113.0,656.1811260268482,0.7633587786259542,130,128,1,0,127,128,20049,3,0,0,3,0
2020-08-03,US,Arkansas,Pope,1216,9,0,35.44871474,-93.03212219,5115.0,1897.8649019852667,0.7401315789473685,1207,1202,9,0,1193,1174,64000,14,0,0,14,28
2020-08-03,US,Arkansas,Prairie,74,0,0,34.83624419,-91.55162157,5117.0,917.8863805507318,0.0,74,66,0,0,66,63,8074,8,0,0,8,3
2020-08-03,US,Arkansas,Pulaski,4893,79,0,34.77054088,-92.31355101,5119.0,1248.4977456616425,1.6145513999591252,4814,4838,78,0,4760,4803,392680,55,1,0,54,35
2020-08-03,US,Arkansas,Randolph,175,3,0,36.3415714,-91.02455531,5121.0,974.4960463303264,1.7142857142857142,172,173,2,0,171,170,17948,2,1,0,1,3
2020-08-03,US,Arkansas,Saline,892,5,0,34.64916145,-92.67583224,5125.0,728.5379419619886,0.5605381165919282,887,879,4,0,875,868,121421,13,1,0,12,11
2020-08-03,US,Arkansas,Scott,44,0,0,34.85588887,-94.0632176,5127.0,427.9739324968388,0.0,44,42,0,0,42,41,10319,2,0,0,2,1
2020-08-03,US,Arkansas,Searcy,27,0,0,35.9109364,-92.69936482,5129.0,342.59611724400463,0.0,27,25,0,0,25,25,7958,2,0,0,2,0
2020-08-03,US,Arkansas,Sebastian,1856,15,0,35.19605503,-94.27162713,5131.0,1451.9624179555178,0.8081896551724138,1841,1768,15,0,1753,1724,127753,88,0,0,88,44
2020-08-03,US,Arkansas,Sevier,939,10,0,33.99780401,-94.2424869,5133.0,5521.25595343094,1.064962726304579,929,935,10,0,925,933,17139,4,0,0,4,2
2020-08-03,US,Arkansas,Sharp,106,5,0,36.16258158,-91.47819342,5135.0,607.7284715055612,4.716981132075472,101,104,5,0,99,102,17366,2,0,0,2,2
2020-08-03,US,Arkansas,St. Francis,1140,3,0,35.02201976,-90.74828138,5123.0,4561.094662719052,0.2631578947368421,1137,1131,3,0,1128,1117,25439,9,0,0,9,14
2020-08-03,US,Arkansas,Stone,55,1,0,35.86251946,-92.15684085,5137.0,439.7889013273629,1.818181818181818,54,53,1,0,52,52,12457,2,0,0,2,1
2020-08-03,US,Arkansas,Unassigned,1641,0,0,0.0,0.0,90005.0,0.0,0.0,1641,1578,0,0,1578,1555,,63,0,0,63,23
2020-08-03,US,Arkansas,Union,435,16,0,33.16887091,-92.59746952,5139.0,1124.5540561501473,3.67816091954023,419,433,16,0,417,430,39126,2,0,0,2,3
2020-08-03,US,Arkansas,Van Buren,52,2,0,35.58095779,-92.51295036,5141.0,314.2943487458447,3.8461538461538463,50,50,2,0,48,50,16603,2,0,0,2,0
2020-08-03,US,Arkansas,Washington,6072,47,0,35.976844,-94.21800746,5143.0,2538.599505825985,0.7740447957839263,6025,6005,46,0,5959,5952,236961,67,1,0,66,53
2020-08-03,US,Arkansas,White,266,2,0,35.25688493,-91.74908296,5145.0,337.76491054309037,0.7518796992481203,264,262,2,0,260,254,78727,4,0,0,4,8
2020-08-03,US,Arkansas,Woodruff,20,0,0,35.18902527,-91.2439489,5147.0,316.4556962025317,0.0,20,19,0,0,19,19,6490,1,0,0,1,0
2020-08-03,US,Arkansas,Yell,1030,14,0,35.00292371,-93.41171338,5149.0,4826.390515908345,1.3592233009708738,1016,1022,14,0,1008,1012,21535,8,0,0,8,10
2020-08-03,US,California,Alameda,11524,189,0,37.64629437,-121.8929271,6001.0,689.5111614768846,1.6400555362721276,11335,11524,189,0,11335,11484,1666753,0,0,0,0,40
2020-08-03,US,California,Alpine,2,0,0,38.59678594,-119.82235940000001,6003.0,177.14791851195747,0.0,2,2,0,0,2,2,1101,0,0,0,0,0
2020-08-03,US,California,Amador,126,0,0,38.44583082,-120.65696000000001,6005.0,316.9651841416784,0.0,126,126,0,0,126,125,39383,0,0,0,0,1
2020-08-03,US,California,Butte,941,7,0,39.66727762,-121.6005252,6007.0,429.3157409688575,0.7438894792773645,934,941,7,0,934,941,231256,0,0,0,0,0
2020-08-03,US,California,Calaveras,125,1,0,38.20537103,-120.55291299999999,6009.0,272.3014922121773,0.8,124,125,1,0,124,125,45602,0,0,0,0,0
2020-08-03,US,California,Colusa,331,4,0,39.17881957,-122.2331726,6011.0,1536.176729939203,1.2084592145015105,327,323,4,0,319,323,21627,8,0,0,8,0
2020-08-03,US,California,Contra Costa,8033,127,0,37.91923498,-121.9289527,6013.0,696.3865573901237,1.5809784638366735,7906,7966,125,0,7841,7806,1150215,67,2,0,65,160
2020-08-03,US,California,Del Norte,88,0,0,41.74228275,-123.89740630000001,6015.0,316.41018265496916,0.0,88,88,0,0,88,88,27828,0,0,0,0,0
2020-08-03,US,California,El Dorado,637,1,0,38.77965956,-120.5233166,6017.0,330.32051980108173,0.15698587127158556,636,637,1,0,636,637,190678,0,0,0,0,0
2020-08-03,US,California,Fresno,15083,138,0,36.75733899,-119.6466953,6019.0,1509.657181806444,0.9149373466816946,14945,15083,138,0,14945,14439,994400,0,0,0,0,644
2020-08-03,US,California,Glenn,332,1,0,39.59875897,-122.3938452,6021.0,1169.3022928186524,0.3012048192771085,331,325,1,0,324,325,28047,7,0,0,7,0
2020-08-03,US,California,Humboldt,233,4,0,40.69923009,-123.876044,6023.0,171.88214638752416,1.7167381974248928,229,233,4,0,229,233,136373,0,0,0,0,0
2020-08-03,US,California,Imperial,9448,222,0,33.0393082,-115.36690420000001,6025.0,5213.696437932842,2.3497036409822183,9226,9409,220,0,9189,9409,181827,39,2,0,37,0
2020-08-03,US,California,Inyo,61,1,0,36.51112084,-117.41119779999998,6027.0,338.1562170852044,1.639344262295082,60,51,1,0,50,51,17987,10,0,0,10,0
2020-08-03,US,California,Kern,20651,144,0,35.34329425,-118.72777959999999,6029.0,2294.0406708716487,0.6973027940535568,20507,20545,144,0,20401,19882,896764,106,0,0,106,663
2020-08-03,US,California,Kings,4453,56,0,36.07409056,-119.8159973,6031.0,2911.5993199947693,1.2575791601167752,4397,4380,56,0,4324,4380,151366,73,0,0,73,0
2020-08-03,US,California,Lake,208,1,0,39.10124298,-122.75362439999999,6033.0,323.0515950672506,0.4807692307692308,207,195,1,0,194,195,64382,13,0,0,13,0
2020-08-03,US,California,Lassen,626,0,0,40.67311306,-120.59350990000002,6035.0,2047.55830307788,0.0,626,631,0,0,631,631,30802,-5,0,0,-5,0
2020-08-03,US,California,Los Angeles,193877,4702,0,34.30828379,-118.22824109999999,6037.0,1931.217587381029,2.4252489980761,189175,192177,4693,0,187484,190857,10105518,1700,9,0,1691,1320
2020-08-03,US,California,Madera,1943,30,0,37.21513971,-119.76655890000002,6039.0,1235.0073413972173,1.5440041173443129,1913,1943,30,0,1913,1943,157672,0,0,0,0,0
2020-08-03,US,California,Marin,5092,70,0,38.07122463,-122.72106310000001,6041.0,1967.344857162727,1.3747054202670856,5022,4994,70,0,4924,4994,259666,98,0,0,98,0
2020-08-03,US,California,Mariposa,57,2,0,37.57978556,-119.9073334,6043.0,331.3375574027786,3.5087719298245608,55,56,2,0,54,54,17471,1,0,0,1,2
2020-08-03,US,California,Mendocino,322,9,0,39.4381191,-123.39113130000001,6045.0,371.18583499521606,2.7950310559006213,313,317,9,0,308,312,87606,5,0,0,5,5
2020-08-03,US,California,Merced,4285,50,0,37.18922369,-120.72090349999999,6047.0,1543.1431864016129,1.166861143523921,4235,4285,50,0,4235,4285,274765,0,0,0,0,0
2020-08-03,US,California,Modoc,2,0,0,41.58965602,-120.7244817,6049.0,22.621875353466802,0.0,2,2,0,0,2,2,8777,0,0,0,0,0
2020-08-03,US,California,Mono,145,1,0,37.93899289,-118.8872409,6051.0,1003.8770423705344,0.6896551724137931,144,145,1,0,144,142,14250,0,0,0,0,3
2020-08-03,US,California,Monterey,4924,30,0,36.21862405,-121.24133970000001,6053.0,1134.4027682745052,0.6092607636068237,4894,4822,30,0,4792,4797,435594,102,0,0,102,25
2020-08-03,US,California,Napa,888,8,0,38.50735751,-122.33283899999999,6055.0,644.6741781856198,0.9009009009009008,880,888,8,0,880,888,139417,0,0,0,0,0
2020-08-03,US,California,Nevada,299,1,0,39.30394768,-120.76272809999999,6057.0,299.7343491554308,0.33444816053511706,298,299,1,0,298,299,99696,0,0,0,0,0
2020-08-03,US,California,Orange,37813,651,0,33.70147516,-117.76459979999998,6059.0,1190.7011133321496,1.7216301272049297,37162,37391,651,0,36740,36833,3185968,422,0,0,422,558
2020-08-03,US,California,Placer,1925,16,0,39.06167234,-120.72405690000001,6061.0,483.26885564445473,0.8311688311688312,1909,1925,16,0,1909,1912,393149,0,0,0,0,13
2020-08-03,US,California,Plumas,33,0,0,40.00355989,-120.8395236,6063.0,175.46658159196045,0.0,33,33,0,0,33,33,18804,0,0,0,0,0
2020-08-03,US,California,Riverside,37011,695,0,33.74314981,-115.9933578,6065.0,1498.0898959177443,1.8778201075355976,36316,37011,695,0,36316,37011,2450758,0,0,0,0,0
2020-08-03,US,California,Sacramento,10122,145,0,38.45106826,-121.34253740000001,6067.0,652.1663494534354,1.4325232167555817,9977,10067,142,0,9925,9820,1540975,55,3,0,52,247
2020-08-03,US,California,San Benito,647,4,0,36.60308176,-121.069975,6069.0,1030.123551139982,0.6182380216383307,643,643,4,0,639,622,61537,4,0,0,4,21
2020-08-03,US,California,San Bernardino,33432,418,0,34.84060306,-116.1774685,6071.0,1533.5181885109985,1.2502991146207227,33014,32980,417,0,32563,32696,2171603,452,1,0,451,284
2020-08-03,US,California,San Diego,29883,565,0,33.03484597,-116.73653259999999,6073.0,895.1481728888397,1.8907070909881876,29318,29883,565,0,29318,29048,3343364,0,0,0,0,835
2020-08-03,US,California,San Francisco,6916,61,0,37.75215114,-122.43856720000001,6075.0,784.5281430754276,0.8820127241179873,6855,6811,61,0,6750,6723,883305,105,0,0,105,88
2020-08-03,US,California,San Joaquin,11885,180,0,37.93433732,-121.2730061,6077.0,1559.4084088654693,1.5145140933950358,11705,11483,168,0,11315,11483,752660,402,12,0,390,0
2020-08-03,US,California,San Luis Obispo,1902,16,0,35.38822029,-120.4039028,6079.0,671.8212997728806,0.8412197686645636,1886,1783,15,0,1768,1783,284010,119,1,0,118,0
2020-08-03,US,California,San Mateo,5683,119,0,37.422880799999994,-122.32755459999998,6081.0,741.3514433719946,2.0939644553932784,5564,5544,119,0,5425,5544,769545,139,0,0,139,0
2020-08-03,US,California,Santa Barbara,6167,60,0,34.65329488,-120.0188492,6083.0,1381.1901034492798,0.9729203826820172,6107,6167,60,0,6107,6167,446527,0,0,0,0,0
2020-08-03,US,California,Santa Clara,10794,191,0,37.23104908,-121.6970462,6085.0,559.8977514871474,1.7695015749490457,10603,10626,191,0,10435,10321,1937570,168,0,0,168,305
2020-08-03,US,California,Santa Cruz,1152,4,0,37.05580291,-122.0066524,6087.0,421.6490430543202,0.3472222222222222,1148,1152,4,0,1148,1152,274255,0,0,0,0,0
2020-08-03,US,California,Shasta,390,9,0,40.76391419,-122.0396884,6089.0,216.57041314971127,2.3076923076923075,381,369,9,0,360,369,180040,21,0,0,21,0
2020-08-03,US,California,Sierra,2,0,0,39.57713498,-120.52007009999998,6091.0,66.55574043261231,0.0,2,2,0,0,2,2,2987,0,0,0,0,0
2020-08-03,US,California,Siskiyou,73,0,0,41.59198861,-122.54074340000001,6093.0,167.6657709180275,0.0,73,73,0,0,73,73,43724,0,0,0,0,0
2020-08-03,US,California,Solano,3611,37,0,38.26827353,-121.9357113,6095.0,806.6696005522258,1.0246469122126836,3574,3611,37,0,3574,3611,446610,0,0,0,0,0
2020-08-03,US,California,Sonoma,3113,39,0,38.52746429,-122.88625060000001,6097.0,629.7336224754014,1.2528107934468358,3074,3055,37,0,3018,2944,499942,58,2,0,56,111
2020-08-03,US,California,Stanislaus,9221,112,0,37.55862499,-120.9970722,6099.0,1674.5360113318563,1.2146188049018545,9109,9061,110,0,8951,8890,549815,160,2,0,158,171
2020-08-03,US,California,Sutter,797,6,0,39.03417539,-121.6945899,6101.0,821.8952057831723,0.7528230865746549,791,786,6,0,780,768,96807,11,0,0,11,18
2020-08-03,US,California,Tehama,234,1,0,40.12570935,-122.23701709999999,6103.0,359.53536967611086,0.4273504273504273,233,234,1,0,233,234,63916,0,0,0,0,0
2020-08-03,US,California,Trinity,5,0,0,40.64917670000001,-123.114713,6105.0,40.7000407000407,0.0,5,5,0,0,5,5,12535,0,0,0,0,0
2020-08-03,US,California,Tulare,9745,189,0,36.22026558,-118.8020203,6107.0,2090.3270090841816,1.9394561313494096,9556,9454,178,0,9276,9454,465861,291,11,0,280,0
2020-08-03,US,California,Tuolumne,141,2,0,38.02644018,-119.95250929999999,6109.0,258.82007415837586,1.4184397163120568,139,141,2,0,139,141,54539,0,0,0,0,0
2020-08-03,US,California,Ventura,7344,76,0,34.44465746,-119.09106129999999,6111.0,868.0789497946823,1.0348583877995643,7268,7344,76,0,7268,7344,850967,0,0,0,0,0
2020-08-03,US,California,Yolo,1572,42,0,38.68278902,-121.90182879999999,6113.0,712.9251700680272,2.6717557251908395,1530,1544,42,0,1502,1510,220408,28,0,0,28,34
2020-08-03,US,California,Yuba,502,4,0,39.26255932,-121.35356440000001,6115.0,638.1247775461433,0.796812749003984,498,485,4,0,481,471,78041,17,0,0,17,14
2020-08-03,US,Colorado,Adams,6115,171,0,39.87432092,-104.3362578,8001.0,1181.8229256253612,2.7964022894521667,5944,6090,171,0,5919,6018,511868,25,0,0,25,72
2020-08-03,US,Colorado,Alamosa,224,9,0,37.57250606,-105.7885451,8003.0,1379.9051315222077,4.017857142857143,215,224,9,0,215,224,16683,0,0,0,0,0
2020-08-03,US,Colorado,Arapahoe,7023,363,0,39.64977461,-104.3353617,8005.0,1069.6172649598684,5.168731311405383,6660,7006,363,0,6643,6932,651215,17,0,0,17,74
2020-08-03,US,Colorado,Archuleta,33,0,0,37.19474156,-107.0476867,8007.0,235.2270297241428,0.0,33,33,0,0,33,33,13765,0,0,0,0,0
2020-08-03,US,Colorado,Baca,14,0,0,37.31940883,-102.5603223,8009.0,390.9522479754258,0.0,14,14,0,0,14,14,3585,0,0,0,0,0
2020-08-03,US,Colorado,Bent,5,0,0,37.95474293,-103.0720195,8011.0,89.65393580778195,0.0,5,5,0,0,5,5,5882,0,0,0,0,0
2020-08-03,US,Colorado,Boulder,1927,75,0,40.09313619,-105.3546767,8013.0,590.7491201608849,3.8920601971977167,1852,1912,75,0,1837,1890,326078,15,0,0,15,22
2020-08-03,US,Colorado,Broomfield,417,32,0,39.95998787,-105.0566324,8014.0,591.7831547576811,7.673860911270983,385,415,32,0,383,406,69267,2,0,0,2,9
2020-08-03,US,Colorado,Chaffee,287,19,0,38.74745778,-106.19265729999998,8015.0,1409.9037138927094,6.620209059233449,268,287,19,0,268,286,20027,0,0,0,0,1
2020-08-03,US,Colorado,Cheyenne,8,0,0,38.82777431,-102.6032558,8017.0,436.9197160021846,0.0,8,8,0,0,8,8,1876,0,0,0,0,0
2020-08-03,US,Colorado,Clear Creek,27,1,0,39.68864463,-105.6463118,8019.0,278.3505154639176,3.703703703703704,26,27,1,0,26,27,9605,0,0,0,0,0
2020-08-03,US,Colorado,Conejos,23,0,0,37.201606,-106.19174879999998,8021.0,280.31687995124923,0.0,23,23,0,0,23,23,8200,0,0,0,0,0
2020-08-03,US,Colorado,Costilla,22,0,0,37.27732493,-105.4276548,8023.0,565.9891947517366,0.0,22,22,0,0,22,22,3828,0,0,0,0,0
2020-08-03,US,Colorado,Crowley,72,1,0,38.32608609,-103.7844965,8025.0,1187.922785018974,1.3888888888888888,71,72,1,0,71,72,5858,0,0,0,0,0
2020-08-03,US,Colorado,Custer,10,0,0,38.10883162,-105.3683478,8027.0,197.3164956590371,0.0,10,10,0,0,10,10,4954,0,0,0,0,0
2020-08-03,US,Colorado,Delta,110,1,0,38.86246243,-107.8631342,8029.0,352.9940311918361,0.9090909090909092,109,109,1,0,108,105,30953,1,0,0,1,4
2020-08-03,US,Colorado,Denver,9813,412,0,39.76018276,-104.8725695,8031.0,1349.4020304973385,4.198512177723428,9401,9777,412,0,9365,9693,716492,36,0,0,36,84
2020-08-03,US,Colorado,Dolores,1,0,0,37.75208676,-108.5211585,8033.0,48.661800486618006,0.0,1,1,0,0,1,1,2074,0,0,0,0,0
2020-08-03,US,Colorado,Douglas,1653,59,0,39.33133796,-104.930001,8035.0,470.73363823279817,3.569267997580157,1594,1647,59,0,1588,1624,342776,6,0,0,6,23
2020-08-03,US,Colorado,Eagle,1069,9,0,39.62754308,-106.6933637,8037.0,1939.1586699802274,0.8419083255378859,1060,1050,9,0,1041,1041,54993,19,0,0,19,9
2020-08-03,US,Colorado,El Paso,4625,136,0,38.83240149,-104.5251411,8041.0,642.0017684546011,2.9405405405405407,4489,4584,136,0,4448,4541,713856,41,0,0,41,43
2020-08-03,US,Colorado,Elbert,87,2,0,39.28656773,-104.1358721,8039.0,325.48916906730517,2.2988505747126435,85,86,2,0,84,85,26282,1,0,0,1,1
2020-08-03,US,Colorado,Fremont,112,0,0,38.47362326,-105.4399667,8043.0,234.11860615815547,0.0,112,111,0,0,111,110,48021,1,0,0,1,1
2020-08-03,US,Colorado,Garfield,721,4,0,39.59921777,-107.902708,8045.0,1200.4462130167665,0.5547850208044383,717,713,4,0,709,705,59770,8,0,0,8,8
2020-08-03,US,Colorado,Gilpin,16,0,0,39.85646523,-105.5252597,8047.0,256.28704148646483,0.0,16,16,0,0,16,16,6121,0,0,0,0,0
2020-08-03,US,Colorado,Grand,44,1,0,40.10603347,-106.1178042,8049.0,279.6491674081607,2.272727272727273,43,43,1,0,42,43,15525,1,0,0,1,0
2020-08-03,US,Colorado,Gunnison,257,6,0,38.66611652,-107.0320729,8051.0,1471.767266063452,2.3346303501945527,251,254,6,0,248,246,17246,3,0,0,3,8
2020-08-03,US,Colorado,Hinsdale,3,0,0,37.82247444,-107.3004345,8053.0,365.8536585365854,0.0,3,3,0,0,3,3,811,0,0,0,0,0
2020-08-03,US,Colorado,Huerfano,6,1,0,37.68473101,-104.9612585,8055.0,86.99434536755109,16.666666666666668,5,6,1,0,5,6,6889,0,0,0,0,0
2020-08-03,US,Colorado,Jackson,8,0,0,40.66593870000001,-106.3408905,8057.0,574.7126436781608,0.0,8,8,0,0,8,8,1399,0,0,0,0,0
2020-08-03,US,Colorado,Jefferson,3971,227,0,39.58635604,-105.2517692,8059.0,681.2711342452404,5.716444220599345,3744,3949,227,0,3722,3915,580233,22,0,0,22,34
2020-08-03,US,Colorado,Kit Carson,43,3,0,39.30497777,-102.6022199,8063.0,605.8898125968717,6.9767441860465125,40,43,3,0,40,43,7163,0,0,0,0,0
2020-08-03,US,Colorado,La Plata,198,2,0,37.28632032,-107.8429014,8067.0,352.18156916454706,1.0101010101010102,196,200,2,0,198,198,56310,-2,0,0,-2,2
2020-08-03,US,Colorado,Lake,73,0,0,39.20278823,-106.3555697,8065.0,898.240433124154,0.0,73,71,0,0,71,70,7824,2,0,0,2,1
2020-08-03,US,Colorado,Larimer,1417,35,0,40.66671597,-105.4625784,8069.0,397.0310928301844,2.4700070571630204,1382,1401,35,0,1366,1376,350518,16,0,0,16,25
2020-08-03,US,Colorado,Las Animas,15,0,0,37.3153406,-104.0376458,8071.0,103.40548738453056,0.0,15,15,0,0,15,15,14503,0,0,0,0,0
2020-08-03,US,Colorado,Lincoln,6,0,0,38.98749519,-103.5136649,8073.0,105.24469391334854,0.0,6,6,0,0,6,6,5610,0,0,0,0,0
2020-08-03,US,Colorado,Logan,648,5,0,40.7249637,-103.110817,8075.0,2891.695300995136,0.7716049382716049,643,648,5,0,643,647,21528,0,0,0,0,1
2020-08-03,US,Colorado,Mesa,271,3,0,39.01787888,-108.469799,8077.0,175.73438817197328,1.1070110701107012,268,267,3,0,264,260,153207,4,0,0,4,7
2020-08-03,US,Colorado,Mineral,18,0,0,37.66954283,-106.9281698,8079.0,2340.702210663199,0.0,18,18,0,0,18,18,776,0,0,0,0,0
2020-08-03,US,Colorado,Moffat,25,1,0,40.61810999,-108.2070876,8081.0,188.21049461717982,4.0,24,25,1,0,24,25,13188,0,0,0,0,0
2020-08-03,US,Colorado,Montezuma,108,4,0,37.33859579,-108.5958857,8083.0,412.4813810487721,3.703703703703704,104,108,4,0,104,108,26158,0,0,0,0,0
2020-08-03,US,Colorado,Montrose,283,13,0,38.40214114,-108.26390220000002,8085.0,661.8644464193835,4.593639575971731,270,279,13,0,266,278,42214,4,0,0,4,1
2020-08-03,US,Colorado,Morgan,677,46,0,40.26279810000001,-103.8093302,8087.0,2329.0216045135544,6.794682422451994,631,677,46,0,631,676,28558,0,0,0,0,1
2020-08-03,US,Colorado,Otero,61,6,0,37.9014485,-103.7173385,8089.0,333.73454426086005,9.836065573770492,55,56,6,0,50,54,18432,5,0,0,5,2
2020-08-03,US,Colorado,Ouray,12,1,0,38.14717457,-107.7675136,8091.0,242.3263327948304,8.333333333333334,11,12,1,0,11,12,4833,0,0,0,0,0
2020-08-03,US,Colorado,Park,42,1,0,39.120926,-105.7182065,8093.0,222.870788007429,2.380952380952381,41,41,1,0,40,41,18556,1,0,0,1,0
2020-08-03,US,Colorado,Phillips,19,0,0,40.59414277,-102.3577703,8095.0,445.48651817116064,0.0,19,19,0,0,19,19,4286,0,0,0,0,0
2020-08-03,US,Colorado,Pitkin,172,2,0,39.21720112,-106.9310027,8097.0,968.0869026847528,1.162790697674419,170,169,2,0,167,168,17950,3,0,0,3,1
2020-08-03,US,Colorado,Prowers,48,0,0,37.95544985,-102.3926052,8099.0,394.34768320736123,0.0,48,48,0,0,48,48,12164,0,0,0,0,0
2020-08-03,US,Colorado,Pueblo,615,34,0,38.17359144,-104.5127437,8101.0,365.1498598774522,5.5284552845528445,581,613,34,0,579,611,167529,2,0,0,2,2
2020-08-03,US,Colorado,Rio Blanco,8,0,0,39.97913541,-108.2179009,8103.0,126.5022137887413,0.0,8,7,0,0,7,7,6336,1,0,0,1,0
2020-08-03,US,Colorado,Rio Grande,87,2,0,37.5836865,-106.3847838,8105.0,772.1665039495872,2.2988505747126435,85,87,2,0,85,87,11250,0,0,0,0,0
2020-08-03,US,Colorado,Routt,108,6,0,40.48596505,-106.9905548,8107.0,421.24970746548087,5.5555555555555545,102,107,6,0,101,106,25733,1,0,0,1,1
2020-08-03,US,Colorado,Saguache,107,2,0,38.08054629,-106.282466,8109.0,1567.9953106682299,1.8691588785046729,105,107,2,0,105,107,6843,0,0,0,0,0
2020-08-03,US,Colorado,San Juan,2,0,0,37.76248981,-107.67632890000002,8111.0,274.72527472527474,0.0,2,2,0,0,2,2,762,0,0,0,0,0
2020-08-03,US,Colorado,San Miguel,76,0,0,38.00450883,-108.4020725,8113.0,929.2089497493581,0.0,76,76,0,0,76,76,8191,0,0,0,0,0
2020-08-03,US,Colorado,Sedgwick,11,1,0,40.87595412,-102.3519227,8115.0,489.32384341637015,9.090909090909092,10,11,1,0,10,11,2303,0,0,0,0,0
2020-08-03,US,Colorado,Summit,323,4,0,39.63803232,-106.1150762,8117.0,1041.565895972397,1.238390092879257,319,323,4,0,319,322,31007,0,0,0,0,1
2020-08-03,US,Colorado,Teller,113,3,0,38.88133511,-105.1614893,8119.0,445.0921695289113,2.6548672566371683,110,113,3,0,110,112,25083,0,0,0,0,1
2020-08-03,US,Colorado,Washington,47,0,0,39.97015535,-103.202587,8121.0,957.6202118989404,0.0,47,47,0,0,47,47,4909,0,0,0,0,0
2020-08-03,US,Colorado,Weld,3552,141,0,40.55499405,-104.3929621,8123.0,1094.634074183647,3.9695945945945943,3411,3546,141,0,3405,3525,314305,6,0,0,6,21
2020-08-03,US,Colorado,Yuma,62,0,0,40.00346839,-102.4258673,8125.0,618.8242339554846,0.0,62,62,0,0,62,62,10020,0,0,0,0,0
2020-08-03,US,Connecticut,Fairfield,17870,1408,0,41.26809896,-73.3881171,9001.0,1894.3489672776925,7.879127028539451,16462,17793,1406,0,16387,17793,943823,77,2,0,75,0
2020-08-03,US,Connecticut,Hartford,12701,1412,0,41.80283011,-72.73103891,9003.0,1424.3260216211368,11.117234863396584,11289,12645,1412,0,11233,12645,892697,56,0,0,56,0
2020-08-03,US,Connecticut,Litchfield,1598,138,0,41.7937534,-73.2451475,9005.0,886.1384216976372,8.635794743429289,1460,1597,138,0,1459,1597,181111,1,0,0,1,0
2020-08-03,US,Connecticut,Middlesex,1388,191,0,41.45949668,-72.53714864,9007.0,854.4903839050456,13.76080691642651,1197,1377,191,0,1186,1377,162682,11,0,0,11,0
2020-08-03,US,Connecticut,New Haven,13086,1104,0,41.408032500000004,-72.93620426,9009.0,1530.9614311435882,8.436497019715727,11982,13041,1101,0,11940,13041,857620,45,3,0,42,0
2020-08-03,US,Connecticut,New London,1414,103,0,41.48896435,-72.10430976,9011.0,533.1704410910763,7.284299858557285,1311,1402,103,0,1299,1402,266784,12,0,0,12,0
2020-08-03,US,Connecticut,Tolland,1050,66,0,41.85853803,-72.3308481,9013.0,696.6514287989065,6.2857142857142865,984,1019,66,0,953,1019,150921,31,0,0,31,0
2020-08-03,US,Connecticut,Unassigned,243,0,0,0.0,0.0,90009.0,0.0,0.0,243,243,0,0,243,243,,0,0,0,0,0
2020-08-03,US,Connecticut,Windham,712,15,0,41.82972709,-71.98182316,9015.0,609.6829990923259,2.106741573033708,697,693,15,0,678,693,117027,19,0,0,19,0
2020-08-03,US,Delaware,Kent,2215,107,0,39.08646628,-75.56884914,10001.0,1225.205491575675,4.830699774266367,2108,2199,107,0,2092,2183,178550,16,0,0,16,16
2020-08-03,US,Delaware,New Castle,6938,287,0,39.57992638,-75.64054974,10003.0,1241.6935569026027,4.136638800807149,6651,6868,287,0,6581,6843,559335,70,0,0,70,25
2020-08-03,US,Delaware,Sussex,5673,191,0,38.66143781,-75.39031349,10005.0,2422.030099263529,3.3668253128855983,5482,5656,191,0,5465,5630,229286,17,0,0,17,26
2020-08-03,US,Delaware,Unassigned,229,0,0,0.0,0.0,90010.0,0.0,0.0,229,226,0,0,226,221,,3,0,0,3,5
2020-08-03,US,District of Columbia,District of Columbia,12313,586,0,38.90417773,-77.01655992,11001.0,1744.6712641463184,4.759197596036709,11727,12057,584,0,11473,12057,702455,256,2,0,254,0
2020-08-03,US,Florida,Alachua,3749,23,0,29.67866525,-82.35928158,12001.0,1393.4575513951306,0.6134969325153374,3726,3662,23,0,3639,3590,269956,87,0,0,87,72
2020-08-03,US,Florida,Baker,403,4,0,30.33060121,-82.28467476,12003.0,1379.6644984594318,0.9925558312655088,399,386,4,0,382,371,28355,17,0,0,17,15
2020-08-03,US,Florida,Bay,3701,22,0,30.26548745,-85.62122584,12005.0,2118.42820754987,0.5944339367738449,3679,3673,21,0,3652,3620,185287,28,1,0,27,53
2020-08-03,US,Florida,Bradford,340,4,0,29.95079741,-82.16611613,12007.0,1205.6310059926952,1.1764705882352942,336,337,4,0,333,332,27732,3,0,0,3,5
2020-08-03,US,Florida,Brevard,5619,117,0,28.29409504,-80.73091022,12009.0,933.4786407992797,2.082221035771489,5502,5587,117,0,5470,5521,596849,32,0,0,32,66
2020-08-03,US,Florida,Broward,58531,748,0,26.15184651,-80.48725556,12011.0,2997.3197158099897,1.2779552715654952,57783,57975,745,0,57230,56797,1951260,556,3,0,553,1178
2020-08-03,US,Florida,Calhoun,328,7,0,30.40666734,-85.19394153,12013.0,2325.416518964906,2.1341463414634148,321,319,7,0,312,287,14587,9,0,0,9,32
2020-08-03,US,Florida,Charlotte,2062,89,0,26.90131002,-81.92949121,12015.0,1091.5250648456938,4.31619786614937,1973,2024,89,0,1935,1984,184998,38,0,0,38,40
2020-08-03,US,Florida,Citrus,1299,30,0,28.84804315,-82.47614748,12017.0,867.9847918907902,2.3094688221709005,1269,1291,30,0,1261,1228,147929,8,0,0,8,63
2020-08-03,US,Florida,Clay,2935,48,0,29.98319144,-81.85609986,12019.0,1338.642292886724,1.6354344122657578,2887,2908,48,0,2860,2853,216072,27,0,0,27,55
2020-08-03,US,Florida,Collier,9811,124,0,26.11091986,-81.34687065,12021.0,2548.9605146245017,1.2638874732443175,9687,9734,124,0,9610,9662,378488,77,0,0,77,72
2020-08-03,US,Florida,Columbia,2598,11,0,30.22509788,-82.62160164,12023.0,3624.1386044694923,0.4234026173979985,2587,2572,10,0,2562,2550,70503,26,1,0,25,22
2020-08-03,US,Florida,DeSoto,1297,15,0,27.18677893,-81.80941373,12027.0,3413.068077155864,1.1565150346954511,1282,1292,15,0,1277,1285,37489,5,0,0,5,7
2020-08-03,US,Florida,Dixie,277,4,0,29.60631086,-83.15724673,12029.0,1646.2617377867587,1.444043321299639,273,272,4,0,268,264,16700,5,0,0,5,8
2020-08-03,US,Florida,Duval,21830,160,0,30.33225875,-81.66976468,12031.0,2279.288544565155,0.7329363261566652,21670,21665,158,0,21507,21322,950181,165,2,0,163,343
2020-08-03,US,Florida,Escambia,8125,97,0,30.67652764,-87.37284571,12033.0,2552.495004963621,1.1938461538461538,8028,8007,97,0,7910,7908,315534,118,0,0,118,99
2020-08-03,US,Florida,Flagler,945,11,0,29.45933576,-81.31508595,12035.0,821.1607476473092,1.164021164021164,934,930,10,0,920,919,112067,15,1,0,14,11
2020-08-03,US,Florida,Franklin,158,2,0,29.83791238,-84.82731662,12037.0,1303.0927835051546,1.2658227848101269,156,130,2,0,128,116,11736,28,0,0,28,14
2020-08-03,US,Florida,Gadsden,1576,20,0,30.57796289,-84.61915825,12039.0,3451.598773543583,1.269035532994924,1556,1552,20,0,1532,1437,45894,24,0,0,24,115
2020-08-03,US,Florida,Gilchrist,331,3,0,29.72856978,-82.79880657,12041.0,1781.293725110322,0.9063444108761328,328,334,3,0,331,329,18256,-3,0,0,-3,5
2020-08-03,US,Florida,Glades,392,3,0,26.95635849,-81.18996211,12043.0,2838.317283324886,0.7653061224489796,389,391,3,0,388,391,13724,1,0,0,1,0
2020-08-03,US,Florida,Gulf,390,2,0,29.93543004,-85.24270990000002,12045.0,2859.4471735464476,0.5128205128205128,388,379,2,0,377,373,16164,11,0,0,11,6
2020-08-03,US,Florida,Hamilton,586,3,0,30.49673973,-82.94998918,12047.0,4061.5469919600787,0.5119453924914675,583,587,3,0,584,574,14310,-1,0,0,-1,13
2020-08-03,US,Florida,Hardee,857,7,0,27.49293939,-81.80956574,12049.0,3181.4975684003416,0.8168028004667445,850,857,7,0,850,841,27245,0,0,0,0,16
2020-08-03,US,Florida,Hendry,1667,37,0,26.55386945,-81.16469006,12051.0,3966.969682547237,2.219556088782244,1630,1652,37,0,1615,1649,41556,15,0,0,15,3
2020-08-03,US,Florida,Hernando,1766,33,0,28.55364461,-82.42700204,12053.0,910.6848184818484,1.868629671574179,1733,1749,33,0,1716,1707,190865,17,0,0,17,42
2020-08-03,US,Florida,Highlands,1277,29,0,27.34254618,-81.34071957,12055.0,1202.2104856855044,2.270947533281128,1248,1252,29,0,1223,1197,105424,25,0,0,25,55
2020-08-03,US,Florida,Hillsborough,30450,348,0,27.9276559,-82.32013172,12057.0,2068.6591012848107,1.1428571428571428,30102,30118,347,0,29771,29589,1436888,332,1,0,331,529
2020-08-03,US,Florida,Holmes,455,2,0,30.86747479,-85.81319222,12059.0,2319.416832339297,0.4395604395604396,453,445,2,0,443,433,19477,10,0,0,10,12
2020-08-03,US,Florida,Indian River,2340,48,0,27.69308961,-80.60556721,12061.0,1463.2041670053713,2.051282051282051,2292,2302,48,0,2254,2270,157413,38,0,0,38,32
2020-08-03,US,Florida,Jackson,1618,33,0,30.795459700000002,-85.21500423,12063.0,3486.0171499978446,2.03955500618047,1585,1613,33,0,1580,1588,48305,5,0,0,5,25
2020-08-03,US,Florida,Jefferson,363,5,0,30.43669112,-83.89442308,12065.0,2548.0836726098555,1.3774104683195592,358,344,5,0,339,337,14288,19,0,0,19,7
2020-08-03,US,Florida,Lafayette,113,1,0,29.98484137,-83.18166636,12067.0,1341.724056043695,0.8849557522123894,112,110,1,0,109,111,8732,3,0,0,3,-1
2020-08-03,US,Florida,Lake,4708,51,0,28.76202069,-81.7125123,12069.0,1282.4214557717135,1.0832625318606628,4657,4661,51,0,4610,4612,356495,47,0,0,47,49
2020-08-03,US,Florida,Lee,15799,300,0,26.58410348,-81.88399313,12071.0,2050.281801818637,1.8988543578707515,15499,15674,300,0,15374,15551,754610,125,0,0,125,123
2020-08-03,US,Florida,Leon,4448,15,0,30.45955727,-84.27491114,12073.0,1515.0792623525965,0.3372302158273381,4433,4387,14,0,4373,4294,292502,61,1,0,60,93
2020-08-03,US,Florida,Levy,618,3,0,29.31829741,-82.74007147,12075.0,1489.0489844107653,0.4854368932038835,615,595,3,0,592,583,40770,23,0,0,23,12
2020-08-03,US,Florida,Liberty,412,2,0,30.23766008,-84.8829258,12077.0,4931.769212353363,0.4854368932038835,410,409,2,0,407,399,8457,3,0,0,3,10
2020-08-03,US,Florida,Madison,655,8,0,30.44396917,-83.47398594,12079.0,3541.8807116206126,1.2213740458015268,647,643,7,0,636,618,18529,12,1,0,11,25
2020-08-03,US,Florida,Manatee,8825,187,0,27.47196942,-82.31831044,12081.0,2188.452410769418,2.1189801699716715,8638,8733,186,0,8547,8655,394855,92,1,0,91,78
2020-08-03,US,Florida,Marion,5286,64,0,29.21227113,-82.05803627,12083.0,1445.9255044737256,1.2107453651153992,5222,5173,61,0,5112,5069,359977,113,3,0,110,104
2020-08-03,US,Florida,Martin,3644,77,0,27.0772071,-80.43109784,12085.0,2263.354037267081,2.1130625686059274,3567,3637,78,0,3559,3626,160912,7,-1,0,8,11
2020-08-03,US,Florida,Miami-Dade,123644,1694,0,25.6112362,-80.55170587,12086.0,4550.855005999397,1.3700624373200478,121950,122690,1669,0,121021,121207,2761581,954,25,0,929,1483
2020-08-03,US,Florida,Monroe,1379,11,0,25.20904673,-81.07812416,12087.0,1857.7895133911727,0.7976794778825236,1368,1357,11,0,1346,1325,75027,22,0,0,22,32
2020-08-03,US,Florida,Nassau,1121,11,0,30.61037141,-81.80297522,12089.0,1264.880112834979,0.9812667261373772,1110,1104,10,0,1094,1079,85832,17,1,0,16,25
2020-08-03,US,Florida,Okaloosa,3031,30,0,30.69143028,-86.59267105,12091.0,1438.2788106558855,0.9897723523589574,3001,2931,30,0,2901,2850,207269,100,0,0,100,81
2020-08-03,US,Florida,Okeechobee,958,6,0,27.386336199999995,-80.88944347,12093.0,2271.864921267312,0.6263048016701461,952,945,6,0,939,920,41537,13,0,0,13,25
2020-08-03,US,Florida,Orange,29927,239,0,28.51367621,-81.31799498,12095.0,2147.6879002649534,0.7986099508804758,29688,29699,234,0,29465,29466,1380645,228,5,0,223,233
2020-08-03,US,Florida,Osceola,8894,81,0,28.06312234,-81.14882926,12097.0,2366.993035281343,0.9107263323588936,8813,8782,80,0,8702,8649,367990,112,1,0,111,133
2020-08-03,US,Florida,Palm Beach,34550,845,0,26.64676272,-80.46536002,12099.0,2308.3038810238045,2.445730824891461,33705,34226,833,0,33393,33854,1485941,324,12,0,312,372
2020-08-03,US,Florida,Pasco,6548,99,0,28.30810945,-82.40227529,12101.0,1182.062543889578,1.5119120342089187,6449,6479,97,0,6382,6394,539630,69,2,0,67,85
2020-08-03,US,Florida,Pinellas,16886,442,0,27.93130349,-82.72239666,12103.0,1731.9045411468355,2.617553002487268,16444,16774,439,0,16335,16604,975280,112,3,0,109,170
2020-08-03,US,Florida,Polk,13137,271,0,27.95027105,-81.69732947,12105.0,1812.5575176916489,2.0628758468447894,12866,12991,271,0,12720,12735,708009,146,0,0,146,256
2020-08-03,US,Florida,Putnam,1379,19,0,29.60779729,-81.74230285,12107.0,1850.48509816025,1.3778100072516315,1360,1368,19,0,1349,1317,74163,11,0,0,11,51
2020-08-03,US,Florida,Santa Rosa,3484,24,0,30.69341450000001,-87.02458128,12113.0,1890.2627595449048,0.6888633754305397,3460,3454,24,0,3430,3399,179349,30,0,0,30,55
2020-08-03,US,Florida,Sarasota,5814,121,0,27.18546175,-82.33174248,12115.0,1340.4281808079456,2.081183350533196,5693,5724,121,0,5603,5672,426718,90,0,0,90,52
2020-08-03,US,Florida,Seminole,6687,88,0,28.7158582,-81.24060348,12117.0,1417.2597525358926,1.315986241962016,6599,6639,87,0,6552,6566,467832,48,1,0,47,73
2020-08-03,US,Florida,St. Johns,3362,29,0,29.90096506,-81.43589967,12109.0,1270.251481078467,0.8625817965496728,3333,3323,29,0,3294,3264,254261,39,0,0,39,59
2020-08-03,US,Florida,St. Lucie,5256,125,0,27.37763908,-80.47106649,12111.0,1600.9893480598362,2.378234398782344,5131,5210,124,0,5086,5106,321128,46,1,0,45,104
2020-08-03,US,Florida,Sumter,1142,35,0,28.70181754,-82.0794267,12119.0,862.4074913155113,3.064798598949212,1107,1131,32,0,1099,1091,128754,11,3,0,8,40
2020-08-03,US,Florida,Suwannee,1190,36,0,30.19746066,-82.99099670000003,12121.0,2679.154377828309,3.0252100840336134,1154,1171,32,0,1139,1155,44191,19,4,0,15,16
2020-08-03,US,Florida,Taylor,396,3,0,30.04848048,-83.60445406,12123.0,1835.968287820483,0.7575757575757576,393,372,3,0,369,360,21623,24,0,0,24,12
2020-08-03,US,Florida,Unassigned,631,0,0,0.0,0.0,90012.0,0.0,0.0,631,633,0,0,633,601,,-2,0,0,-2,32
2020-08-03,US,Florida,Union,225,4,0,30.04412971,-82.37497443,12125.0,1476.6686355581808,1.7777777777777777,221,225,4,0,221,218,14940,0,0,0,0,7
2020-08-03,US,Florida,Volusia,7194,116,0,29.05858895,-81.18263252,12127.0,1300.2364066193854,1.6124548234639977,7078,7097,115,0,6982,6959,547538,97,1,0,96,138
2020-08-03,US,Florida,Wakulla,612,4,0,30.16548905,-84.39895211,12129.0,1813.9245383680607,0.6535947712418301,608,611,4,0,607,598,32461,1,0,0,1,13
2020-08-03,US,Florida,Walton,1256,13,0,30.64204028,-86.16935664,12131.0,1695.6703703203686,1.0350318471337578,1243,1245,13,0,1232,1239,71375,11,0,0,11,6
2020-08-03,US,Florida,Washington,597,14,0,30.61359259,-85.66002461,12133.0,2343.6579908138033,2.345058626465661,583,590,14,0,576,558,24880,7,0,0,7,32
2020-08-03,US,Georgia,Appling,602,16,0,31.74847232,-82.28909114,13001.0,3274.2303926900904,2.6578073089701,586,594,16,0,578,586,18507,8,0,0,8,8
2020-08-03,US,Georgia,Atkinson,296,2,0,31.29633502,-82.87545866,13003.0,3625.229638701776,0.6756756756756757,294,293,2,0,291,289,8297,3,0,0,3,4
2020-08-03,US,Georgia,Bacon,415,6,0,31.55456473,-82.45936528,13005.0,3717.305625223934,1.4457831325301205,409,415,6,0,409,410,11185,0,0,0,0,5
2020-08-03,US,Georgia,Baker,58,3,0,31.32669878,-84.44218806,13007.0,1909.1507570770245,5.172413793103448,55,58,3,0,55,58,3092,0,0,0,0,0
2020-08-03,US,Georgia,Baldwin,972,38,0,33.06882326,-83.24701748,13009.0,2165.2929382936068,3.909465020576132,934,965,38,0,927,943,44823,7,0,0,7,22
2020-08-03,US,Georgia,Banks,244,3,0,34.35607081,-83.49644388,13011.0,1268.586877404596,1.2295081967213115,241,242,3,0,239,241,18988,2,0,0,2,1
2020-08-03,US,Georgia,Barrow,1127,32,0,33.99148694,-83.71436292,13013.0,1353.916386352715,2.839396628216504,1095,1112,32,0,1080,1096,80809,15,0,0,15,16
2020-08-03,US,Georgia,Bartow,1618,60,0,34.23732119,-84.83887523,13015.0,1501.7913827990124,3.708281829419036,1558,1607,60,0,1547,1583,106408,11,0,0,11,24
2020-08-03,US,Georgia,Ben Hill,351,3,0,31.76095874,-83.22145359,13017.0,2101.7964071856286,0.8547008547008547,348,346,3,0,343,343,16787,5,0,0,5,3
2020-08-03,US,Georgia,Berrien,263,0,0,31.27590016,-83.22529920000002,13019.0,1355.8797752229725,0.0,263,261,0,0,261,259,19252,2,0,0,2,2
2020-08-03,US,Georgia,Bibb,3214,61,0,32.80904227,-83.70489165,13021.0,2098.472828890239,1.8979464841319231,3153,3150,61,0,3089,3107,153095,64,0,0,64,43
2020-08-03,US,Georgia,Bleckley,133,3,0,32.43829035,-83.33035166,13023.0,1033.1702011963023,2.255639097744361,130,132,3,0,129,129,12838,1,0,0,1,3
2020-08-03,US,Georgia,Brantley,228,4,0,31.19576557,-81.97743999,13025.0,1193.1550578261551,1.7543859649122806,224,224,4,0,220,224,18897,4,0,0,4,0
2020-08-03,US,Georgia,Brooks,374,15,0,30.83922642,-83.58303423,13027.0,2419.6157080934204,4.0106951871657746,359,371,15,0,356,370,15513,3,0,0,3,1
2020-08-03,US,Georgia,Bryan,566,7,0,32.00979311,-81.44002948,13029.0,1428.3190753778988,1.2367491166077738,559,551,7,0,544,546,38109,15,0,0,15,5
2020-08-03,US,Georgia,Bulloch,1112,12,0,32.39577406,-81.74811421,13031.0,1396.8445382373636,1.0791366906474822,1100,1101,12,0,1089,1093,77296,11,0,0,11,8
2020-08-03,US,Georgia,Burke,415,7,0,33.05917989,-81.99928721,13033.0,1854.0856900326141,1.686746987951807,408,408,7,0,401,400,22423,7,0,0,7,8
2020-08-03,US,Georgia,Butts,466,37,0,33.283094500000004,-83.95435040000002,13035.0,1868.7840872633944,7.939914163090129,429,465,37,0,428,463,24193,1,0,0,1,2
2020-08-03,US,Georgia,Calhoun,194,6,0,31.53169785,-84.62725131,13037.0,3134.593633866537,3.0927835051546397,188,194,6,0,188,193,6352,0,0,0,0,1
2020-08-03,US,Georgia,Camden,689,4,0,30.92951916,-81.66601818,13039.0,1260.3812241612702,0.5805515239477503,685,670,4,0,666,634,53677,19,0,0,19,36
2020-08-03,US,Georgia,Candler,229,4,0,32.40209349,-82.07702563,13043.0,2119.781542164213,1.7467248908296944,225,229,4,0,225,223,10836,0,0,0,0,6
2020-08-03,US,Georgia,Carroll,1756,47,0,33.58138199,-85.07976677,13045.0,1463.4308953930265,2.6765375854214124,1709,1737,47,0,1690,1701,118121,19,0,0,19,36
2020-08-03,US,Georgia,Catoosa,546,9,0,34.89872298,-85.13757014,13047.0,807.9313406333232,1.6483516483516485,537,540,9,0,531,539,67420,6,0,0,6,1
2020-08-03,US,Georgia,Charlton,389,3,0,30.78371028,-82.13951596,13049.0,2904.719235364397,0.7712082262210797,386,380,3,0,377,377,12968,9,0,0,9,3
2020-08-03,US,Georgia,Chatham,5051,67,0,32.00043026,-81.12489526,13051.0,1745.1542687351,1.326470005939418,4984,4960,67,0,4893,4911,289195,91,0,0,91,49
2020-08-03,US,Georgia,Chattahoochee,665,1,0,32.34341231,-84.78809239,13053.0,6097.00192536903,0.15037593984962405,664,660,1,0,659,660,10684,5,0,0,5,0
2020-08-03,US,Georgia,Chattooga,198,2,0,34.47197698,-85.34535662,13055.0,798.7413772237686,1.0101010101010102,196,198,2,0,196,187,24790,0,0,0,0,11
2020-08-03,US,Georgia,Cherokee,2885,56,0,34.24393976,-84.47431861,13057.0,1114.876745255494,1.9410745233968805,2829,2853,56,0,2797,2791,254149,32,0,0,32,62
2020-08-03,US,Georgia,Clarke,1741,17,0,33.95436462,-83.37124007,13059.0,1356.6480429514304,0.9764503159103964,1724,1717,17,0,1700,1694,127330,24,0,0,24,23
2020-08-03,US,Georgia,Clay,80,2,0,31.62221166,-84.97713865,13061.0,2822.8652081863092,2.5,78,80,2,0,78,76,2887,0,0,0,0,4
2020-08-03,US,Georgia,Clayton,4557,101,0,33.54187245,-84.35594188,13063.0,1559.2494251615021,2.2163704191353957,4456,4518,101,0,4417,4468,289615,39,0,0,39,50
2020-08-03,US,Georgia,Clinch,176,4,0,30.91395822,-82.70432472,13065.0,2659.413720157147,2.272727272727273,172,174,4,0,170,172,6648,2,0,0,2,2
2020-08-03,US,Georgia,Cobb,11844,298,0,33.94243204,-84.5761255,13067.0,1558.1319781461598,2.516041877744005,11546,11690,298,0,11392,11436,756865,154,0,0,154,254
2020-08-03,US,Georgia,Coffee,1347,25,0,31.54892966,-82.85492059999999,13069.0,3112.795507591339,1.8559762435040832,1322,1341,25,0,1316,1324,43093,6,0,0,6,17
2020-08-03,US,Georgia,Colquitt,1481,22,0,31.18810588,-83.7677946,13071.0,3247.8070175438597,1.4854827819041188,1459,1481,22,0,1459,1473,45592,0,0,0,0,8
2020-08-03,US,Georgia,Columbia,1969,19,0,33.54534185,-82.263524,13073.0,1256.4289087126867,0.9649568308786186,1950,1919,19,0,1900,1848,154291,50,0,0,50,71
2020-08-03,US,Georgia,Cook,405,6,0,31.16068491,-83.42947229,13075.0,2345.107122177186,1.4814814814814814,399,402,6,0,396,397,17162,3,0,0,3,5
2020-08-03,US,Georgia,Coweta,1359,21,0,33.35334302,-84.76129976,13077.0,915.0960547845584,1.5452538631346575,1338,1338,21,0,1317,1313,145864,21,0,0,21,25
2020-08-03,US,Georgia,Crawford,89,0,0,32.71391813,-83.98061238,13079.0,717.5104804901645,0.0,89,89,0,0,89,90,12318,0,0,0,0,-1
2020-08-03,US,Georgia,Crisp,363,14,0,31.92289565,-83.76811843,13081.0,1622.5639191846951,3.8567493112947657,349,363,14,0,349,361,22601,0,0,0,0,2
2020-08-03,US,Georgia,Dade,111,1,0,34.854916700000004,-85.50490424,13083.0,688.7565152643335,0.9009009009009008,110,110,1,0,109,109,16226,1,0,0,1,1
2020-08-03,US,Georgia,Dawson,301,3,0,34.44244079,-84.16964071,13085.0,1152.9033246514475,0.9966777408637874,298,298,3,0,295,295,25083,3,0,0,3,3
2020-08-03,US,Georgia,DeKalb,12604,225,0,33.76944049,-84.22396017,13089.0,1659.956512405554,1.7851475721993018,12379,12476,225,0,12251,12348,756558,128,0,0,128,128
2020-08-03,US,Georgia,Decatur,677,8,0,30.87967778,-84.57619536,13087.0,2564.0054537191336,1.1816838995568686,669,666,8,0,658,630,26575,11,0,0,11,36
2020-08-03,US,Georgia,Dodge,189,3,0,32.17265114,-83.16948926,13091.0,917.2530939092453,1.5873015873015872,186,189,3,0,186,188,20705,0,0,0,0,1
2020-08-03,US,Georgia,Dooly,242,14,0,32.15630737,-83.79746561,13093.0,1807.3188946975354,5.785123966942148,228,242,14,0,228,242,13706,0,0,0,0,0
2020-08-03,US,Georgia,Dougherty,2621,169,0,31.53328528,-84.21722377,13095.0,2979.899040429305,6.447920640976727,2452,2602,168,0,2434,2589,91243,19,1,0,18,13
2020-08-03,US,Georgia,Douglas,2331,49,0,33.70291126,-84.77026156,13097.0,1592.83327525061,2.1021021021021022,2282,2317,49,0,2268,2279,145331,14,0,0,14,38
2020-08-03,US,Georgia,Early,346,31,0,31.32155345,-84.90255207,13099.0,3395.485770363101,8.959537572254336,315,346,31,0,315,346,10247,0,0,0,0,0
2020-08-03,US,Georgia,Echols,218,2,0,30.71101099,-82.89687287,13101.0,5441.8372441338,0.9174311926605504,216,218,2,0,216,218,4000,0,0,0,0,0
2020-08-03,US,Georgia,Effingham,651,1,0,32.36616021,-81.34280942,13103.0,1012.5046659201196,0.15360983102918588,650,631,1,0,630,626,62190,20,0,0,20,5
2020-08-03,US,Georgia,Elbert,324,1,0,34.11302332,-82.83936148,13105.0,1688.0275085964365,0.308641975308642,323,323,1,0,322,323,19120,1,0,0,1,0
2020-08-03,US,Georgia,Emanuel,426,7,0,32.59221302,-82.30239915,13107.0,1881.1269098295504,1.6431924882629108,419,426,7,0,419,409,22612,0,0,0,0,17
2020-08-03,US,Georgia,Evans,227,1,0,32.15328841,-81.8870105,13109.0,2130.6551529941808,0.4405286343612335,226,220,1,0,219,210,10721,7,0,0,7,10
2020-08-03,US,Georgia,Fannin,284,2,0,34.86430205,-84.316964,13111.0,1084.4661677104018,0.7042253521126759,282,281,2,0,279,270,25964,3,0,0,3,11
2020-08-03,US,Georgia,Fayette,980,25,0,33.41357794,-84.49089434,13113.0,856.4861345382402,2.5510204081632653,955,970,25,0,945,949,113459,10,0,0,10,21
2020-08-03,US,Georgia,Floyd,1283,15,0,34.26268279,-85.21577392,13115.0,1302.5645190765295,1.1691348402182384,1268,1266,15,0,1251,1243,97927,17,0,0,17,23
2020-08-03,US,Georgia,Forsyth,1942,20,0,34.22604035,-84.12315129999998,13117.0,795.0804906408134,1.0298661174047374,1922,1926,20,0,1906,1898,236612,16,0,0,16,28
2020-08-03,US,Georgia,Franklin,375,4,0,34.37525597,-83.23159927,13119.0,1606.0644995503021,1.0666666666666669,371,365,4,0,361,354,23023,10,0,0,10,11
2020-08-03,US,Georgia,Fulton,18224,398,0,33.79216944,-84.46319413,13121.0,1712.8833756134054,2.1839332748024582,17826,18079,398,0,17681,17858,1050114,145,0,0,145,221
2020-08-03,US,Georgia,Gilmer,518,3,0,34.69316688,-84.45802506,13123.0,1651.3118046479008,0.5791505791505791,515,512,3,0,509,491,30816,6,0,0,6,21
2020-08-03,US,Georgia,Glascock,23,0,0,33.22879932,-82.61297636,13125.0,774.1501178054527,0.0,23,22,0,0,22,22,2995,1,0,0,1,0
2020-08-03,US,Georgia,Glynn,2330,34,0,31.23279254,-81.53811412,13127.0,2731.7919617314637,1.4592274678111588,2296,2311,34,0,2277,2281,85219,19,0,0,19,30
2020-08-03,US,Georgia,Gordon,1026,23,0,34.50487351,-84.87296253,13129.0,1770.0947155944311,2.2417153996101367,1003,1014,23,0,991,1001,57685,12,0,0,12,13
2020-08-03,US,Georgia,Grady,419,5,0,30.87454847,-84.23418364,13131.0,1700.9702431697315,1.1933174224343674,414,407,5,0,402,400,24748,12,0,0,12,7
2020-08-03,US,Georgia,Greene,254,11,0,33.5769205,-83.17139104,13133.0,1386.1602270246674,4.330708661417323,243,248,11,0,237,247,17698,6,0,0,6,1
2020-08-03,US,Georgia,Gwinnett,17927,240,0,33.96044201,-84.02137802,13135.0,1914.766355140187,1.3387627600825571,17687,17781,240,0,17541,17511,927781,146,0,0,146,270
2020-08-03,US,Georgia,Habersham,1048,48,0,34.63331566,-83.53094677,13137.0,2312.0367102012,4.580152671755725,1000,1037,48,0,989,1026,45388,11,0,0,11,11
2020-08-03,US,Georgia,Hall,5547,79,0,34.32207823,-83.81896936,13139.0,2713.252234140901,1.4241932576167298,5468,5523,79,0,5444,5482,202148,24,0,0,24,41
2020-08-03,US,Georgia,Hancock,283,34,0,33.2721566,-82.99766919,13141.0,3346.3403098025306,12.014134275618375,249,282,34,0,248,281,8348,1,0,0,1,1
2020-08-03,US,Georgia,Haralson,196,6,0,33.79602175,-85.21005667,13143.0,657.8947368421052,3.0612244897959178,190,192,6,0,186,191,29533,4,0,0,4,1
2020-08-03,US,Georgia,Harris,624,16,0,32.73709786,-84.90538572,13145.0,1770.9161085253718,2.5641025641025643,608,620,16,0,604,616,34475,4,0,0,4,4
2020-08-03,US,Georgia,Hart,269,2,0,34.34626973,-82.96567682,13147.0,1026.5216561724862,0.7434944237918215,267,266,2,0,264,263,26099,3,0,0,3,3
2020-08-03,US,Georgia,Heard,131,3,0,33.29686567,-85.12886832,13149.0,1098.7167659146187,2.2900763358778624,128,130,3,0,127,129,11879,1,0,0,1,1
2020-08-03,US,Georgia,Henry,3019,42,0,33.4533428,-84.14814659999998,13151.0,1287.0852358235172,1.391189135475323,2977,2987,42,0,2945,2954,230220,32,0,0,32,33
2020-08-03,US,Georgia,Houston,1802,49,0,32.45802497,-83.66879087,13153.0,1141.496107384251,2.7192008879023306,1753,1785,49,0,1736,1746,155469,17,0,0,17,39
2020-08-03,US,Georgia,Irwin,157,1,0,31.60213036,-83.27501387,13155.0,1667.374681393373,0.6369426751592356,156,156,1,0,155,153,9398,1,0,0,1,3
2020-08-03,US,Georgia,Jackson,958,13,0,34.13794553,-83.56814788,13157.0,1312.7423708839772,1.356993736951983,945,950,13,0,937,936,70422,8,0,0,8,14
2020-08-03,US,Georgia,Jasper,126,1,0,33.31535543,-83.68844964,13159.0,886.1382657008229,0.7936507936507936,125,124,1,0,123,123,14040,2,0,0,2,1
2020-08-03,US,Georgia,Jeff Davis,404,6,0,31.80405727,-82.63724870000001,13161.0,2672.841548130996,1.4851485148514851,398,394,6,0,388,366,15029,10,0,0,10,28
2020-08-03,US,Georgia,Jefferson,449,6,0,33.05867328,-82.41609057,13163.0,2922.79651087098,1.33630289532294,443,434,6,0,428,422,15430,15,0,0,15,12
2020-08-03,US,Georgia,Jenkins,230,22,0,32.79248718,-81.96040187,13165.0,2650.9912402028585,9.565217391304348,208,230,22,0,208,230,8683,0,0,0,0,0
2020-08-03,US,Georgia,Johnson,227,10,0,32.70211082,-82.66166794,13167.0,2354.039199419268,4.405286343612334,217,227,10,0,217,221,9708,0,0,0,0,6
2020-08-03,US,Georgia,Jones,270,3,0,33.02512137,-83.56019163,13169.0,939.6206716547763,1.1111111111111112,267,261,3,0,258,258,28616,9,0,0,9,3
2020-08-03,US,Georgia,Lamar,237,9,0,33.07841647,-84.14263877,13171.0,1242.3337002673375,3.79746835443038,228,223,9,0,214,221,19000,14,0,0,14,2
2020-08-03,US,Georgia,Lanier,215,4,0,31.03828570000001,-83.06472457,13173.0,2062.745850522882,1.8604651162790695,211,215,4,0,211,214,10340,0,0,0,0,1
2020-08-03,US,Georgia,Laurens,762,4,0,32.46325233,-82.92221316,13175.0,1602.6584781054135,0.5249343832020997,758,749,4,0,745,727,47325,13,0,0,13,22
2020-08-03,US,Georgia,Lee,520,22,0,31.779330600000005,-84.14324253,13177.0,1733.795678847693,4.230769230769232,498,515,22,0,493,506,29764,5,0,0,5,9
2020-08-03,US,Georgia,Liberty,624,2,0,31.82588896,-81.49251135,13179.0,1015.7076585008548,0.3205128205128205,622,605,2,0,603,594,61497,19,0,0,19,11
2020-08-03,US,Georgia,Lincoln,129,4,0,33.79201475,-82.45024131,13181.0,1628.5822497159452,3.1007751937984502,125,129,4,0,125,125,7915,0,0,0,0,4
2020-08-03,US,Georgia,Long,124,1,0,31.75218791,-81.74952375,13183.0,633.9792422925507,0.8064516129032258,123,123,1,0,122,122,18998,1,0,0,1,1
2020-08-03,US,Georgia,Lowndes,2985,32,0,30.83568832,-83.27056716,13185.0,2542.459499514505,1.0720268006700169,2953,2971,32,0,2939,2931,116321,14,0,0,14,40
2020-08-03,US,Georgia,Lumpkin,302,6,0,34.57286511,-84.00425681,13187.0,898.5421005653079,1.9867549668874167,296,301,6,0,295,301,32955,1,0,0,1,0
2020-08-03,US,Georgia,Macon,175,10,0,32.35207048,-84.04234127,13193.0,1351.6644782575113,5.7142857142857135,165,175,10,0,165,174,13143,0,0,0,0,1
2020-08-03,US,Georgia,Madison,341,4,0,34.12920917,-83.21218732,13195.0,1141.231593038822,1.1730205278592376,337,335,4,0,331,326,29650,6,0,0,6,9
2020-08-03,US,Georgia,Marion,145,4,0,32.3483402,-84.52733571,13197.0,1734.65725565259,2.7586206896551726,141,143,4,0,139,142,8351,2,0,0,2,1
2020-08-03,US,Georgia,McDuffie,296,9,0,33.47851918,-82.48252774,13189.0,1388.888888888889,3.0405405405405403,287,293,9,0,284,286,21531,3,0,0,3,7
2020-08-03,US,Georgia,McIntosh,157,2,0,31.49683595,-81.40163426,13191.0,1091.9460286548897,1.2738853503184713,155,150,2,0,148,147,14340,7,0,0,7,3
2020-08-03,US,Georgia,Meriwether,358,5,0,33.04163534,-84.68859732,13199.0,1691.3119478433414,1.3966480446927374,353,355,5,0,350,347,21068,3,0,0,3,8
2020-08-03,US,Georgia,Miller,129,0,0,31.16568912,-84.73151117,13201.0,2256.033578174187,0.0,129,130,0,0,130,130,5686,-1,0,0,-1,0
2020-08-03,US,Georgia,Mitchell,617,41,0,31.22483255,-84.19381821,13205.0,2822.1195627315556,6.645056726094003,576,619,41,0,578,609,22192,-2,0,0,-2,10
2020-08-03,US,Georgia,Monroe,428,23,0,33.014289,-83.92097166,13207.0,1551.9617086083108,5.3738317757009355,405,423,23,0,400,416,27520,5,0,0,5,7
2020-08-03,US,Georgia,Montgomery,138,1,0,32.17201038,-82.53527476,13209.0,1504.5791539467943,0.7246376811594203,137,129,1,0,128,128,9193,9,0,0,9,1
2020-08-03,US,Georgia,Morgan,226,0,0,33.59232073,-83.49129491,13211.0,1172.4424154388878,0.0,226,219,0,0,219,216,18853,7,0,0,7,3
2020-08-03,US,Georgia,Murray,538,2,0,34.78897608,-84.74993177,13213.0,1341.779728651237,0.3717472118959108,536,535,2,0,533,527,39921,3,0,0,3,8
2020-08-03,US,Georgia,Muscogee,4368,82,0,32.50931999,-84.87142262,13215.0,2231.201058390245,1.8772893772893773,4286,4307,82,0,4225,4259,194160,61,0,0,61,48
2020-08-03,US,Georgia,Newton,1618,35,0,33.55514538,-83.84547140000002,13217.0,1447.9524627720505,2.1631644004944377,1583,1596,35,0,1561,1566,109541,22,0,0,22,30
2020-08-03,US,Georgia,Oconee,396,15,0,33.83749973,-83.43679568,13219.0,983.1181727904668,3.787878787878788,381,394,15,0,379,387,39272,2,0,0,2,7
2020-08-03,US,Georgia,Oglethorpe,189,7,0,33.878629600000004,-83.08278123,13221.0,1238.6132774100533,3.703703703703704,182,187,7,0,180,184,15054,2,0,0,2,3
2020-08-03,US,Georgia,Out of GA,15925,82,0,0.0,0.0,80013.0,0.0,0.5149136577708007,15843,15621,82,0,15539,15178,,304,0,0,304,443
2020-08-03,US,Georgia,Paulding,1452,19,0,33.91969522,-84.86848792,13223.0,860.8678638975023,1.3085399449035813,1433,1430,19,0,1411,1401,164044,22,0,0,22,29
2020-08-03,US,Georgia,Peach,334,12,0,32.56934316,-83.82937,13225.0,1212.5172438829595,3.5928143712574854,322,326,12,0,314,318,27297,8,0,0,8,8
2020-08-03,US,Georgia,Pickens,295,5,0,34.46589159,-84.46406611,13227.0,905.157865668436,1.6949152542372878,290,290,5,0,285,276,31980,5,0,0,5,14
2020-08-03,US,Georgia,Pierce,380,6,0,31.35928155,-82.21598442,13229.0,1952.2219368096585,1.5789473684210529,374,378,6,0,372,376,19389,2,0,0,2,2
2020-08-03,US,Georgia,Pike,195,4,0,33.09310242,-84.38790389,13231.0,1028.3725345427697,2.051282051282051,191,192,4,0,188,187,18634,3,0,0,3,5
2020-08-03,US,Georgia,Polk,682,9,0,34.00267074,-85.18677781,13233.0,1600.4505667284632,1.3196480938416422,673,675,9,0,666,664,42470,7,0,0,7,11
2020-08-03,US,Georgia,Pulaski,88,2,0,32.23334561,-83.47549959999998,13235.0,790.1589296938133,2.272727272727273,86,86,2,0,84,85,11069,2,0,0,2,1
2020-08-03,US,Georgia,Putnam,384,17,0,33.32056115,-83.37552891,13237.0,1736.0640173606405,4.427083333333333,367,381,17,0,364,377,21809,3,0,0,3,4
2020-08-03,US,Georgia,Quitman,29,1,0,31.86728114,-85.01773177,13239.0,1261.418007829491,3.4482758620689653,28,29,1,0,28,29,2279,0,0,0,0,0
2020-08-03,US,Georgia,Rabun,193,3,0,34.88389445,-83.40304637,13241.0,1126.2181245258796,1.5544041450777202,190,191,3,0,188,190,16867,2,0,0,2,1
2020-08-03,US,Georgia,Randolph,261,26,0,31.76622818,-84.75732369,13243.0,3850.693419887873,9.961685823754788,235,259,26,0,233,259,6833,2,0,0,2,0
2020-08-03,US,Georgia,Richmond,3786,83,0,33.35777107,-82.07026432,13245.0,1869.4634551002875,2.192287374537771,3703,3719,83,0,3636,3588,201554,67,0,0,67,131
2020-08-03,US,Georgia,Rockdale,1176,16,0,33.65145002,-84.02202167,13247.0,1293.7863052279527,1.3605442176870748,1160,1169,16,0,1153,1152,90594,7,0,0,7,17
2020-08-03,US,Georgia,Schley,55,1,0,32.2654021,-84.31258912,13249.0,1046.2240821761459,1.818181818181818,54,51,1,0,50,50,5236,4,0,0,4,1
2020-08-03,US,Georgia,Screven,175,9,0,32.74976524,-81.60779441,13251.0,1253.0431046828012,5.142857142857143,166,173,9,0,164,172,13938,2,0,0,2,1
2020-08-03,US,Georgia,Seminole,145,2,0,30.93464824,-84.86823924,13253.0,1792.336217552534,1.3793103448275863,143,145,2,0,143,144,8315,0,0,0,0,1
2020-08-03,US,Georgia,Spalding,868,39,0,33.26310031,-84.28013991,13255.0,1301.2907965158988,4.493087557603687,829,861,39,0,822,846,66100,7,0,0,7,15
2020-08-03,US,Georgia,Stephens,561,10,0,34.55151201,-83.29405315,13257.0,2163.934426229508,1.7825311942959,551,556,10,0,546,547,26035,5,0,0,5,9
2020-08-03,US,Georgia,Stewart,250,5,0,32.07996777,-84.83208037,13259.0,3775.8646730101204,2.0,245,248,5,0,243,247,6199,2,0,0,2,1
2020-08-03,US,Georgia,Sumter,732,56,0,32.03650571,-84.19821492,13261.0,2479.3388429752067,7.6502732240437155,676,729,56,0,673,724,29733,3,0,0,3,5
2020-08-03,US,Georgia,Talbot,128,3,0,32.69642758,-84.53351366,13263.0,2066.1824051654557,2.34375,125,126,3,0,123,126,6272,2,0,0,2,0
2020-08-03,US,Georgia,Taliaferro,13,0,0,33.56543317,-82.88136816,13265.0,845.8035133376708,0.0,13,13,0,0,13,12,1608,0,0,0,0,1
2020-08-03,US,Georgia,Tattnall,425,1,0,32.04785085,-82.05539188,13267.0,1680.77196867832,0.2352941176470588,424,416,1,0,415,407,25391,9,0,0,9,9
2020-08-03,US,Georgia,Taylor,71,2,0,32.55792548,-84.25077141,13269.0,885.2867830423941,2.8169014084507036,69,70,2,0,68,69,8039,1,0,0,1,1
2020-08-03,US,Georgia,Telfair,254,7,0,31.92829517,-82.93491155,13271.0,1601.5132408575034,2.755905511811024,247,253,7,0,246,251,15876,1,0,0,1,2
2020-08-03,US,Georgia,Terrell,292,30,0,31.77527543,-84.44069698,13273.0,3422.810924862267,10.273972602739725,262,292,30,0,262,291,8611,0,0,0,0,1
2020-08-03,US,Georgia,Thomas,999,39,0,30.86392347,-83.91847289,13275.0,2247.418505770399,3.903903903903904,960,997,39,0,958,982,44448,2,0,0,2,15
2020-08-03,US,Georgia,Tift,1249,35,0,31.45743864,-83.5236119,13277.0,3073.02430863104,2.802241793434748,1214,1246,35,0,1211,1241,40571,3,0,0,3,5
2020-08-03,US,Georgia,Toombs,649,6,0,32.12059861,-82.32957247,13279.0,2418.9340290719338,0.9244992295839752,643,632,6,0,626,622,26887,17,0,0,17,10
2020-08-03,US,Georgia,Towns,119,1,0,34.91369188,-83.74107459999998,13281.0,988.6184265182353,0.8403361344537815,118,115,1,0,114,111,11852,4,0,0,4,4
2020-08-03,US,Georgia,Treutlen,100,3,0,32.40422134,-82.56904553,13283.0,1449.0653528474136,3.0,97,99,3,0,96,96,6809,1,0,0,1,3
2020-08-03,US,Georgia,Troup,2175,63,0,33.03349196,-85.02812115,13285.0,3110.608964274477,2.896551724137931,2112,2169,63,0,2106,2159,70034,6,0,0,6,10
2020-08-03,US,Georgia,Turner,227,18,0,31.71612656,-83.62069378,13287.0,2842.830306825297,7.929515418502202,209,225,18,0,207,224,7912,2,0,0,2,1
2020-08-03,US,Georgia,Twiggs,94,3,0,32.67435595,-83.43078662,13289.0,1157.6354679802955,3.191489361702128,91,93,3,0,90,93,8188,1,0,0,1,0
2020-08-03,US,Georgia,Unassigned,2549,6,0,0.0,0.0,90013.0,0.0,0.2353864260494312,2543,2471,6,0,2465,2377,,78,0,0,78,94
2020-08-03,US,Georgia,Union,227,6,0,34.82995757,-83.98967069,13291.0,926.1148055974867,2.643171806167401,221,218,6,0,212,205,24001,9,0,0,9,13
2020-08-03,US,Georgia,Upson,488,46,0,32.87920671,-84.30024826,13293.0,1854.1033434650456,9.426229508196721,442,484,46,0,438,481,26215,4,0,0,4,3
2020-08-03,US,Georgia,Walker,556,16,0,34.73376362,-85.30165174,13295.0,797.0069236392827,2.8776978417266186,540,553,16,0,537,548,69410,3,0,0,3,5
2020-08-03,US,Georgia,Walton,969,34,0,33.78017694,-83.73552314,13297.0,1024.3886968380323,3.5087719298245608,935,955,34,0,921,934,93503,14,0,0,14,21
2020-08-03,US,Georgia,Ware,1083,23,0,31.05449097,-82.42224148,13299.0,3030.7270386746522,2.123730378578024,1060,1077,23,0,1054,1073,35680,6,0,0,6,4
2020-08-03,US,Georgia,Warren,55,1,0,33.41146451,-82.67795848,13301.0,1046.8214693566806,1.818181818181818,54,55,0,0,55,55,5251,0,1,0,-1,0
2020-08-03,US,Georgia,Washington,427,2,0,32.96711864,-82.79357039,13303.0,2095.808383233533,0.468384074941452,425,421,2,0,419,410,20386,6,0,0,6,11
2020-08-03,US,Georgia,Wayne,630,4,0,31.5521809,-81.91894878,13305.0,2105.122464664016,0.6349206349206349,626,622,4,0,618,615,29808,8,0,0,8,7
2020-08-03,US,Georgia,Webster,37,2,0,32.04066113,-84.54742852,13307.0,1419.2558496355966,5.405405405405406,35,36,2,0,34,36,2611,1,0,0,1,0
2020-08-03,US,Georgia,Wheeler,84,1,0,32.12009104,-82.72574721,13309.0,1069.3825588796944,1.1904761904761905,83,83,1,0,82,84,7879,1,0,0,1,-1
2020-08-03,US,Georgia,White,302,5,0,34.64624278,-83.74905525,13311.0,980.5831547503084,1.6556291390728477,297,301,5,0,296,299,29970,1,0,0,1,2
2020-08-03,US,Georgia,Whitfield,3232,27,0,34.80987459,-84.96093476,13313.0,3089.0392629124126,0.8353960396039604,3205,3204,27,0,3177,3135,104062,28,0,0,28,69
2020-08-03,US,Georgia,Wilcox,167,18,0,31.97496928,-83.43438555,13315.0,1933.9895773016794,10.778443113772457,149,166,18,0,148,164,8812,1,0,0,1,2
2020-08-03,US,Georgia,Wilkes,179,3,0,33.78290391,-82.74286107,13317.0,1830.827452183697,1.675977653631285,176,177,3,0,174,176,9876,2,0,0,2,1
2020-08-03,US,Georgia,Wilkinson,185,10,0,32.80291082,-83.17140684,13319.0,2066.115702479339,5.405405405405406,175,182,10,0,172,178,9036,3,0,0,3,4
2020-08-03,US,Georgia,Worth,427,23,0,31.55162306,-83.85090513,13321.0,2108.9544129994565,5.3864168618266985,404,424,23,0,401,421,20299,3,0,0,3,3
2020-08-03,US,Hawaii,Hawaii,117,0,0,19.60121157,-155.5210167,15001.0,58.06077027288562,0.0,117,115,0,0,115,115,200983,2,0,0,2,0
2020-08-03,US,Hawaii,Honolulu,2083,19,0,21.45803166,-157.97121819999995,15003.0,213.73682358144112,0.912145943350936,2064,1886,19,0,1867,1842,980080,197,0,0,197,44
2020-08-03,US,Hawaii,Kauai,47,0,0,22.03935037,-159.5966786,15007.0,65.01321013099471,0.0,47,47,0,0,47,47,72133,0,0,0,0,0
2020-08-03,US,Hawaii,Maui,178,6,0,20.86399628,-156.56890969999995,15009.0,106.32134132137121,3.3707865168539324,172,171,6,0,165,170,167207,7,0,0,7,1
2020-08-03,US,Hawaii,Out of HI,23,1,0,0.0,0.0,80015.0,0.0,4.3478260869565215,22,23,1,0,22,23,,0,0,0,0,0
2020-08-03,US,Idaho,Ada,8069,64,0,43.4526575,-116.24155159999998,16001.0,1675.5020380533524,0.7931590035940017,8005,8004,62,0,7942,8004,469966,65,2,0,63,0
2020-08-03,US,Idaho,Adams,18,0,0,44.89333571,-116.4545247,16003.0,419.18956683744767,0.0,18,18,0,0,18,18,4250,0,0,0,0,0
2020-08-03,US,Idaho,Bannock,312,2,0,42.67002716,-112.2233311,16005.0,355.3206997084548,0.6410256410256411,310,302,2,0,300,302,87138,10,0,0,10,0
2020-08-03,US,Idaho,Bear Lake,7,0,0,42.28269683,-111.32892379999998,16007.0,114.28571428571428,0.0,7,6,0,0,6,6,6050,1,0,0,1,0
2020-08-03,US,Idaho,Benewah,57,0,0,47.21754179,-116.6586851,16009.0,613.0350613035063,0.0,57,51,0,0,51,51,9226,6,0,0,6,0
2020-08-03,US,Idaho,Bingham,187,2,0,43.21672879999999,-112.3978437,16011.0,399.47875499348436,1.0695187165775402,185,179,2,0,177,179,46236,8,0,0,8,0
2020-08-03,US,Idaho,Blaine,570,6,0,43.4085812,-113.9752658,16013.0,2476.000173754398,1.0526315789473684,564,569,6,0,563,569,22601,1,0,0,1,0
2020-08-03,US,Idaho,Boise,39,1,0,43.98829931,-115.7309284,16015.0,498.02068701315284,2.5641025641025643,38,38,1,0,37,38,7634,1,0,0,1,0
2020-08-03,US,Idaho,Bonner,156,0,0,48.29996017,-116.6017932,16017.0,341.0656114038348,0.0,156,152,0,0,152,152,44727,4,0,0,4,0
2020-08-03,US,Idaho,Bonneville,774,2,0,43.38713372,-111.6161537,16019.0,650.0814701584047,0.25839793281653745,772,709,2,0,707,709,116854,65,0,0,65,0
2020-08-03,US,Idaho,Boundary,34,0,0,48.76684761,-116.4630179,16021.0,277.66435279706,0.0,34,33,0,0,33,33,11948,1,0,0,1,0
2020-08-03,US,Idaho,Camas,1,0,0,43.46665742,-114.8065892,16025.0,90.41591320072331,0.0,1,1,0,0,1,1,1127,0,0,0,0,0
2020-08-03,US,Idaho,Canyon,4959,37,0,43.61970148,-116.70954990000001,16027.0,2157.5034044089816,0.7461181689856826,4922,4778,37,0,4741,4778,223499,181,0,0,181,0
2020-08-03,US,Idaho,Caribou,23,0,0,42.77149116,-111.5597683,16029.0,321.45352900069884,0.0,23,23,0,0,23,23,7060,0,0,0,0,0
2020-08-03,US,Idaho,Cassia,483,1,0,42.28347888,-113.6012409,16031.0,2009.987515605493,0.2070393374741201,482,472,1,0,471,472,23864,11,0,0,11,0
2020-08-03,US,Idaho,Clark,3,0,0,44.28496071,-112.35057040000001,16033.0,355.0295857988166,0.0,3,1,0,0,1,1,852,2,0,0,2,0
2020-08-03,US,Idaho,Clearwater,15,0,0,46.67459924,-115.6622393,16035.0,171.31110095934216,0.0,15,15,0,0,15,15,8758,0,0,0,0,0
2020-08-03,US,Idaho,Custer,7,0,0,44.24186819,-114.2855494,16037.0,162.22479721900348,0.0,7,7,0,0,7,7,4280,0,0,0,0,0
2020-08-03,US,Idaho,Elmore,201,3,0,43.3507101,-115.4701578,16039.0,730.6168441714224,1.492537313432836,198,200,3,0,197,200,27259,1,0,0,1,0
2020-08-03,US,Idaho,Franklin,47,0,0,42.18332217,-111.81496659999999,16041.0,338.7143268953589,0.0,47,47,0,0,47,47,13726,0,0,0,0,0
2020-08-03,US,Idaho,Fremont,63,0,0,44.22800938,-111.48099429999999,16043.0,480.95274448431184,0.0,63,50,0,0,50,50,13168,13,0,0,13,0
2020-08-03,US,Idaho,Gem,159,0,0,44.06482372,-116.398376,16045.0,877.8710247349823,0.0,159,151,0,0,151,151,17634,8,0,0,8,0
2020-08-03,US,Idaho,Gooding,142,1,0,42.96927962,-114.81083059999999,16047.0,935.5029975624216,0.7042253521126759,141,134,1,0,133,134,15196,8,0,0,8,0
2020-08-03,US,Idaho,Idaho,30,0,0,45.84721541,-115.4634436,16049.0,179.99640007199855,0.0,30,29,0,0,29,29,16513,1,0,0,1,0
2020-08-03,US,Idaho,Jefferson,146,1,0,43.82078483,-112.3131749,16051.0,488.76837066050683,0.6849315068493149,145,135,1,0,134,135,29439,11,0,0,11,0
2020-08-03,US,Idaho,Jerome,433,6,0,42.68891267,-114.2655033,16053.0,1773.7178436834345,1.3856812933025404,427,420,6,0,414,420,24015,13,0,0,13,0
2020-08-03,US,Idaho,Kootenai,1620,13,0,47.67282258,-116.7020872,16055.0,977.6881898887727,0.8024691358024691,1607,1574,13,0,1561,1574,161505,46,0,0,46,0
2020-08-03,US,Idaho,Latah,88,0,0,46.81587887,-116.71136979999999,16057.0,219.4075994814001,0.0,88,79,0,0,79,79,40134,9,0,0,9,0
2020-08-03,US,Idaho,Lemhi,12,0,0,44.9438088,-113.9309747,16059.0,149.4954528466426,0.0,12,12,0,0,12,12,7961,0,0,0,0,0
2020-08-03,US,Idaho,Lewis,1,0,0,46.23315327,-116.434146,16061.0,26.055237102657642,0.0,1,1,0,0,1,1,3861,0,0,0,0,0
2020-08-03,US,Idaho,Lincoln,53,0,0,43.0012336,-114.1358773,16063.0,987.7003354453972,0.0,53,50,0,0,50,50,5360,3,0,0,3,0
2020-08-03,US,Idaho,Madison,135,0,0,43.78141028,-111.65384740000002,16065.0,338.28651615004884,0.0,135,132,0,0,132,132,39304,3,0,0,3,0
2020-08-03,US,Idaho,Minidoka,444,2,0,42.85518524,-113.6357257,16067.0,2110.366462284329,0.4504504504504505,442,428,2,0,426,428,20825,16,0,0,16,0
2020-08-03,US,Idaho,Nez Perce,134,19,0,46.32638236,-116.75009750000001,16069.0,331.61750148485453,14.17910447761194,115,130,19,0,111,130,40408,4,0,0,4,0
2020-08-03,US,Idaho,Oneida,9,0,0,42.19494279999999,-112.5407838,16071.0,198.63164864268373,0.0,9,8,0,0,8,8,4488,1,0,0,1,0
2020-08-03,US,Idaho,Owyhee,238,1,0,42.58016894,-116.16938710000001,16073.0,2013.0254588513912,0.4201680672268908,237,232,1,0,231,232,11693,6,0,0,6,0
2020-08-03,US,Idaho,Payette,343,2,0,44.00545243,-116.7647695,16075.0,1432.0905181412052,0.5830903790087464,341,326,2,0,324,326,23551,17,0,0,17,0
2020-08-03,US,Idaho,Power,43,0,0,42.69254894,-112.83957420000002,16077.0,559.8229397213904,0.0,43,42,0,0,42,42,7768,1,0,0,1,0
2020-08-03,US,Idaho,Shoshone,78,2,0,47.35364087,-115.89167490000001,16079.0,605.4960409874243,2.5641025641025643,76,73,2,0,71,73,12796,5,0,0,5,0
2020-08-03,US,Idaho,Teton,61,0,0,43.75303583,-111.2056773,16081.0,502.3884038873332,0.0,61,58,0,0,58,58,11640,3,0,0,3,0
2020-08-03,US,Idaho,Twin Falls,1238,32,0,42.35440512,-114.6685381,16083.0,1424.9867630470314,2.5848142164781907,1206,1206,31,0,1175,1206,86081,32,1,0,31,0
2020-08-03,US,Idaho,Valley,47,1,0,44.76728382,-115.5676773,16085.0,412.5702247191011,2.127659574468085,46,46,1,0,45,46,11041,1,0,0,1,0
2020-08-03,US,Idaho,Washington,191,2,0,44.45275475,-116.78476880000001,16087.0,1873.651167353345,1.0471204188481675,189,189,2,0,187,189,10161,2,0,0,2,0
2020-08-03,US,Illinois,Adams,445,4,0,39.98815591,-91.18786813,17001.0,680.0641858332697,0.8988764044943821,441,424,2,0,422,410,65691,21,2,0,19,14
2020-08-03,US,Illinois,Alexander,36,0,0,37.18049267,-89.32910838,17003.0,624.8915118902968,0.0,36,36,0,0,36,36,6060,0,0,0,0,0
2020-08-03,US,Illinois,Bond,57,2,0,38.88829622,-89.43534887,17005.0,347.0108364787532,3.5087719298245608,55,54,2,0,52,49,16630,3,0,0,3,5
2020-08-03,US,Illinois,Boone,735,23,0,42.32359279,-88.82345779,17007.0,1372.702823845809,3.129251700680272,712,728,23,0,705,727,53577,7,0,0,7,1
2020-08-03,US,Illinois,Brown,13,0,0,39.96209138,-90.75068024,17009.0,197.6284584980237,0.0,13,13,0,0,13,13,6556,0,0,0,0,0
2020-08-03,US,Illinois,Bureau,144,2,0,41.40385234,-89.5283051,17011.0,441.3387274733358,1.3888888888888888,142,141,2,0,139,132,32993,3,0,0,3,9
2020-08-03,US,Illinois,Calhoun,7,0,0,39.16840183,-90.66330078,17013.0,147.71048744460856,0.0,7,7,0,0,7,7,4802,0,0,0,0,0
2020-08-03,US,Illinois,Carroll,46,3,0,42.06823429,-89.93395545,17015.0,321.56588605382734,6.521739130434782,43,45,3,0,42,44,14312,1,0,0,1,1
2020-08-03,US,Illinois,Cass,202,11,0,39.96991073,-90.24734436,17017.0,1662.9620482423645,5.445544554455446,191,202,11,0,191,198,12260,0,0,0,0,4
2020-08-03,US,Illinois,Champaign,1547,19,0,40.13919438,-88.20046615,17019.0,737.7592529889502,1.2281835811247577,1528,1544,19,0,1525,1513,209983,3,0,0,3,31
2020-08-03,US,Illinois,Christian,115,4,0,39.54581621,-89.27780482,17021.0,355.99306587419517,3.4782608695652173,111,113,4,0,109,111,32661,2,0,0,2,2
2020-08-03,US,Illinois,Clark,68,0,0,39.33425789,-87.78705622,17023.0,440.38598536364236,0.0,68,66,0,0,66,66,15596,2,0,0,2,0
2020-08-03,US,Illinois,Clay,14,0,0,38.75388572,-88.48914513,17025.0,106.18932038834951,0.0,14,14,0,0,14,13,13253,0,0,0,0,1
2020-08-03,US,Illinois,Clinton,349,17,0,38.60704876,-89.42385254,17027.0,929.1305042330016,4.871060171919772,332,338,17,0,321,333,37639,11,0,0,11,5
2020-08-03,US,Illinois,Coles,401,19,0,39.51949084,-88.22358557,17029.0,792.1613559589894,4.7381546134663335,382,399,19,0,380,385,50885,2,0,0,2,14
2020-08-03,US,Illinois,Cook,107247,4897,0,41.84144849,-87.81658794,17031.0,2082.3718072560987,4.566095088906915,102350,106713,4894,0,101819,106131,5180493,534,3,0,531,582
2020-08-03,US,Illinois,Crawford,29,0,0,39.0032229,-87.75954624,17033.0,155.354368671988,0.0,29,29,0,0,29,29,18807,0,0,0,0,0
2020-08-03,US,Illinois,Cumberland,47,2,0,39.27432424,-88.2401158,17035.0,436.55953929035866,4.25531914893617,45,46,2,0,44,46,10808,1,0,0,1,0
2020-08-03,US,Illinois,De Witt,30,0,0,40.17514519,-88.90959682,17039.0,191.8403887965213,0.0,30,29,0,0,29,27,15769,1,0,0,1,2
2020-08-03,US,Illinois,DeKalb,850,29,0,41.89373302,-88.76958483,17037.0,810.3186935756028,3.4117647058823533,821,846,29,0,817,827,104143,4,0,0,4,19
2020-08-03,US,Illinois,Douglas,102,2,0,39.76768052,-88.21854195,17041.0,524.0174672489081,1.96078431372549,100,102,2,0,100,102,19479,0,0,0,0,0
2020-08-03,US,Illinois,DuPage,11558,510,0,41.85116968,-88.08642662,17043.0,1252.3282057727586,4.412528119051738,11048,11470,510,0,10960,11380,928589,88,0,0,88,90
2020-08-03,US,Illinois,Edgar,26,0,0,39.6809186,-87.74759563,17045.0,151.50632247538022,0.0,26,26,0,0,26,25,17360,0,0,0,0,1
2020-08-03,US,Illinois,Edwards,13,0,0,38.41353228,-88.05720863,17047.0,203.28381548084442,0.0,13,13,0,0,13,13,6392,0,0,0,0,0
2020-08-03,US,Illinois,Effingham,116,1,0,39.05935711,-88.58969584,17049.0,341.0962126558457,0.8620689655172413,115,113,1,0,112,95,34208,3,0,0,3,18
2020-08-03,US,Illinois,Fayette,58,3,0,39.00072038,-89.02452658,17051.0,271.8410198725159,5.172413793103448,55,55,3,0,52,54,21416,3,0,0,3,1
2020-08-03,US,Illinois,Ford,41,1,0,40.59706922,-88.22350769,17053.0,316.3336162333153,2.4390243902439024,40,41,1,0,40,39,13264,0,0,0,0,2
2020-08-03,US,Illinois,Franklin,132,0,0,37.99189086,-88.92567818,17055.0,343.1334321141698,0.0,132,129,0,0,129,118,38701,3,0,0,3,11
2020-08-03,US,Illinois,Fulton,26,0,0,40.47289135,-90.20862357,17057.0,75.71345369831101,0.0,26,26,0,0,26,25,34844,0,0,0,0,1
2020-08-03,US,Illinois,Gallatin,45,0,0,37.76430935,-88.22953869,17059.0,932.062966031483,0.0,45,45,0,0,45,43,5058,0,0,0,0,2
2020-08-03,US,Illinois,Greene,20,0,0,39.35907414,-90.388865,17061.0,154.21389467190994,0.0,20,19,0,0,19,19,13044,1,0,0,1,0
2020-08-03,US,Illinois,Grundy,282,5,0,41.28569601,-88.41905692,17063.0,552.356328593254,1.7730496453900708,277,281,5,0,276,274,50972,1,0,0,1,7
2020-08-03,US,Illinois,Hamilton,23,0,0,38.08163641,-88.53883373,17065.0,283.390832922622,0.0,23,22,0,0,22,20,8163,1,0,0,1,2
2020-08-03,US,Illinois,Hancock,34,1,0,40.40423981,-91.16313899,17067.0,192.00361418567883,2.9411764705882355,33,32,1,0,31,30,17844,2,0,0,2,2
2020-08-03,US,Illinois,Hardin,17,0,0,37.51810645,-88.26873022,17069.0,444.9097095001308,0.0,17,17,0,0,17,16,3910,0,0,0,0,1
2020-08-03,US,Illinois,Henderson,9,0,0,40.81908672,-90.92491462,17071.0,135.4198013842913,0.0,9,9,0,0,9,9,6709,0,0,0,0,0
2020-08-03,US,Illinois,Henry,207,1,0,41.3533994,-90.13296166,17073.0,423.2003761781122,0.4830917874396135,206,205,1,0,204,195,49090,2,0,0,2,10
2020-08-03,US,Illinois,Iroquois,249,7,0,40.74717633,-87.82466784,17075.0,918.3447665412702,2.8112449799196786,242,255,7,0,248,245,27604,-6,0,0,-6,10
2020-08-03,US,Illinois,Jackson,650,19,0,37.78595185,-89.38232563,17077.0,1145.374449339207,2.9230769230769234,631,644,19,0,625,631,57419,6,0,0,6,13
2020-08-03,US,Illinois,Jasper,53,7,0,39.01054275,-88.15437049,17079.0,551.5088449531738,13.20754716981132,46,54,7,0,47,51,9611,-1,0,0,-1,3
2020-08-03,US,Illinois,Jefferson,192,17,0,38.29980057,-88.9240025,17081.0,509.5000530729222,8.854166666666666,175,187,17,0,170,184,37820,5,0,0,5,3
2020-08-03,US,Illinois,Jersey,70,1,0,39.08869046,-90.35393073,17083.0,321.49910439535205,1.4285714285714286,69,69,1,0,68,65,21847,1,0,0,1,4
2020-08-03,US,Illinois,Jo Daviess,113,1,0,42.36542373,-90.21094405,17085.0,532.1403343536614,0.8849557522123894,112,112,1,0,111,112,21366,1,0,0,1,0
2020-08-03,US,Illinois,Johnson,57,0,0,37.45939802,-88.88165419,17087.0,459.04807924619485,0.0,57,57,0,0,57,55,12456,0,0,0,0,2
2020-08-03,US,Illinois,Kane,9239,298,0,41.93842729,-88.42861412,17089.0,1735.3395829850697,3.2254573005736558,8941,9200,298,0,8902,9138,534216,39,0,0,39,62
2020-08-03,US,Illinois,Kankakee,1686,68,0,41.13746989,-87.86205334,17091.0,1534.6525641259036,4.033214709371293,1618,1684,68,0,1616,1672,110024,2,0,0,2,12
2020-08-03,US,Illinois,Kendall,1291,23,0,41.59081014,-88.42869583,17093.0,1000.8527792852161,1.7815646785437644,1268,1284,23,0,1261,1277,127915,7,0,0,7,7
2020-08-03,US,Illinois,Knox,262,1,0,40.93148779,-90.21330340000002,17095.0,527.1735849815892,0.3816793893129771,261,259,1,0,258,251,50112,3,0,0,3,8
2020-08-03,US,Illinois,LaSalle,560,20,0,41.34426129999999,-88.88633881,17099.0,515.3263580229873,3.571428571428572,540,515,18,0,497,497,109430,45,2,0,43,18
2020-08-03,US,Illinois,Lake,12089,440,0,42.3224907,-88.00367925,17097.0,1735.5911763227978,3.6396724294813465,11649,11982,440,0,11542,11952,700832,107,0,0,107,30
2020-08-03,US,Illinois,Lawrence,42,0,0,38.71987914,-87.72884035,17101.0,267.8913126674321,0.0,42,42,0,0,42,40,15765,0,0,0,0,2
2020-08-03,US,Illinois,Lee,148,2,0,41.74583951,-89.29977132,17103.0,434.0685124354763,1.351351351351351,146,146,2,0,144,146,34223,2,0,0,2,0
2020-08-03,US,Illinois,Livingston,92,2,0,40.89188292,-88.55784752,17105.0,258.0789946140036,2.1739130434782608,90,92,2,0,90,92,35761,0,0,0,0,0
2020-08-03,US,Illinois,Logan,86,0,0,40.12581572,-89.36638784,17107.0,300.5101684254665,0.0,86,85,0,0,85,85,28925,1,0,0,1,0
2020-08-03,US,Illinois,Macon,489,23,0,39.86064913,-88.96342505,17115.0,470.15162149429375,4.703476482617587,466,473,23,0,450,450,104712,16,0,0,16,23
2020-08-03,US,Illinois,Macoupin,137,3,0,39.26119767,-89.92424028,17117.0,304.9459110537328,2.18978102189781,134,135,3,0,132,131,45313,2,0,0,2,4
2020-08-03,US,Illinois,Madison,2222,73,0,38.83042506,-89.90422563,17119.0,844.9761566134025,3.2853285328532853,2149,2186,73,0,2113,2137,264461,36,0,0,36,49
2020-08-03,US,Illinois,Marion,138,0,0,38.64963204,-88.91899208,17121.0,370.91788738072836,0.0,138,136,0,0,136,132,37620,2,0,0,2,4
2020-08-03,US,Illinois,Marshall,21,0,0,41.0327901,-89.34510444,17123.0,183.5985312117503,0.0,21,21,0,0,21,21,11534,0,0,0,0,0
2020-08-03,US,Illinois,Mason,42,0,0,40.23917274,-89.91824452,17125.0,314.3947900291938,0.0,42,42,0,0,42,42,13565,0,0,0,0,0
2020-08-03,US,Illinois,Massac,34,0,0,37.22078441,-88.71036614,17127.0,246.8777229160616,0.0,34,34,0,0,34,34,14080,0,0,0,0,0
2020-08-03,US,Illinois,McDonough,128,15,0,40.45674722,-90.67775541,17109.0,431.2377872111044,11.71875,113,128,15,0,113,125,29955,0,0,0,0,3
2020-08-03,US,Illinois,McHenry,2961,114,0,42.32451172,-88.45248227,17111.0,962.0695705290243,3.850050658561297,2847,2941,114,0,2827,2909,308570,20,0,0,20,32
2020-08-03,US,Illinois,McLean,572,15,0,40.48996987,-88.84621113,17113.0,333.49463901537456,2.6223776223776225,557,562,15,0,547,552,172828,10,0,0,10,10
2020-08-03,US,Illinois,Menard,48,0,0,40.02742725,-89.80246001,17129.0,393.5716628402755,0.0,48,46,0,0,46,45,12288,2,0,0,2,1
2020-08-03,US,Illinois,Mercer,70,0,0,41.20596782,-90.74290052,17131.0,453.4559823799961,0.0,70,70,0,0,70,68,15601,0,0,0,0,2
2020-08-03,US,Illinois,Monroe,278,13,0,38.27594376,-90.17761038,17133.0,802.6099258018883,4.676258992805756,265,278,13,0,265,270,34335,0,0,0,0,8
2020-08-03,US,Illinois,Montgomery,147,7,0,39.23198845,-89.47809254,17135.0,517.3506018160061,4.761904761904762,140,143,7,0,136,141,28601,4,0,0,4,2
2020-08-03,US,Illinois,Morgan,203,5,0,39.71654544,-90.20255104,17137.0,603.1255570740983,2.4630541871921183,198,196,5,0,191,189,33976,7,0,0,7,7
2020-08-03,US,Illinois,Moultrie,55,0,0,39.64187451,-88.62099969,17139.0,379.28418729742776,0.0,55,53,0,0,53,52,14717,2,0,0,2,1
2020-08-03,US,Illinois,Ogle,377,5,0,42.04165196,-89.32184679,17141.0,744.4266729854077,1.326259946949602,372,371,5,0,366,371,50923,6,0,0,6,0
2020-08-03,US,Illinois,Peoria,1341,35,0,40.78702156,-89.76078901,17143.0,748.4135975756088,2.6099925428784494,1306,1302,34,0,1268,1280,180621,39,1,0,38,22
2020-08-03,US,Illinois,Perry,126,1,0,38.08510853,-89.36856219,17145.0,602.4096385542167,0.7936507936507936,125,126,1,0,125,101,21174,0,0,0,0,25
2020-08-03,US,Illinois,Piatt,48,0,0,40.01360584,-88.59319339,17147.0,293.6857562408224,0.0,48,44,0,0,44,40,16396,4,0,0,4,4
2020-08-03,US,Illinois,Pike,13,0,0,39.62265059,-90.8877017,17149.0,83.5421888053467,0.0,13,13,0,0,13,13,15611,0,0,0,0,0
2020-08-03,US,Illinois,Pope,8,0,0,37.41391284,-88.56152109,17151.0,191.5250179554704,0.0,8,8,0,0,8,7,4212,0,0,0,0,1
2020-08-03,US,Illinois,Pulaski,91,0,0,37.22631423,-89.13085001,17153.0,1705.7169634489221,0.0,91,91,0,0,91,90,5463,0,0,0,0,1
2020-08-03,US,Illinois,Putnam,8,0,0,41.2013541,-89.2869272,17155.0,139.39710751001914,0.0,8,7,0,0,7,7,5740,1,0,0,1,0
2020-08-03,US,Illinois,Randolph,435,7,0,38.05095369,-89.82512254,17157.0,1368.6992637341893,1.6091954022988506,428,432,7,0,425,422,32106,3,0,0,3,10
2020-08-03,US,Illinois,Richland,13,0,0,38.71240969,-88.08475366,17159.0,83.8006832978792,0.0,13,12,0,0,12,12,15763,1,0,0,1,0
2020-08-03,US,Illinois,Rock Island,1605,31,0,41.46613806,-90.57042164,17161.0,1131.245638889476,1.9314641744548289,1574,1583,31,0,1552,1564,143477,22,0,0,22,19
2020-08-03,US,Illinois,Saline,113,1,0,37.75332999,-88.54119706,17165.0,481.03529011110635,0.8849557522123894,112,111,1,0,110,105,23906,2,0,0,2,6
2020-08-03,US,Illinois,Sangamon,1037,33,0,39.75836914,-89.65872023,17167.0,532.6908851812278,3.182256509161041,1004,1013,33,0,980,986,195348,24,0,0,24,27
2020-08-03,US,Illinois,Schuyler,17,0,0,40.1571798,-90.61114163,17169.0,251.18203309692672,0.0,17,16,0,0,16,15,6907,1,0,0,1,1
2020-08-03,US,Illinois,Scott,11,0,0,39.6429169,-90.47814431,17171.0,222.17733791153302,0.0,11,10,0,0,10,10,4926,1,0,0,1,0
2020-08-03,US,Illinois,Shelby,60,1,0,39.39133527,-88.80611122,17173.0,277.34122215031897,1.6666666666666667,59,60,1,0,59,56,21741,0,0,0,0,4
2020-08-03,US,Illinois,St. Clair,3655,156,0,38.46996033,-89.93063427,17163.0,1407.4690202783358,4.26812585499316,3499,3610,156,0,3454,3569,261059,45,0,0,45,41
2020-08-03,US,Illinois,Stark,7,0,0,41.09309773,-89.79745866,17175.0,131.03706476974915,0.0,7,7,0,0,7,7,5427,0,0,0,0,0
2020-08-03,US,Illinois,Stephenson,318,6,0,42.35129217,-89.662598,17177.0,714.6388601734909,1.8867924528301887,312,317,6,0,311,313,44753,1,0,0,1,4
2020-08-03,US,Illinois,Tazewell,388,8,0,40.50716185,-89.51404662,17179.0,294.37873189532866,2.061855670103093,380,369,8,0,361,361,132328,19,0,0,19,8
2020-08-03,US,Illinois,Unassigned,1347,197,0,0.0,0.0,90017.0,0.0,14.625092798812174,1150,1337,197,0,1140,1339,,10,0,0,10,-2
2020-08-03,US,Illinois,Union,303,21,0,37.47119609,-89.25548938,17181.0,1819.4919834264097,6.9306930693069315,282,303,21,0,282,296,16841,0,0,0,0,7
2020-08-03,US,Illinois,Vermilion,215,2,0,40.18417171,-87.73384359,17183.0,283.7984107288998,0.9302325581395348,213,212,2,0,210,200,76806,3,0,0,3,12
2020-08-03,US,Illinois,Wabash,32,0,0,38.44272901,-87.84922065,17185.0,277.77777777777777,0.0,32,32,0,0,32,30,11549,0,0,0,0,2
2020-08-03,US,Illinois,Warren,183,0,0,40.84925021,-90.6147432,17187.0,1086.4402754690095,0.0,183,180,0,0,180,180,17032,3,0,0,3,0
2020-08-03,US,Illinois,Washington,58,0,0,38.35309213,-89.40982703,17189.0,417.65680132498017,0.0,58,57,0,0,57,56,13995,1,0,0,1,1
2020-08-03,US,Illinois,Wayne,50,1,0,38.42955355,-88.42586459,17191.0,308.35646006783844,2.0,49,44,1,0,43,43,16332,6,0,0,6,1
2020-08-03,US,Illinois,White,58,0,0,38.08706198,-88.17657461,17193.0,428.455344611066,0.0,58,57,0,0,57,57,13665,1,0,0,1,0
2020-08-03,US,Illinois,Whiteside,313,16,0,41.75509713,-89.91556058,17195.0,567.2859084730402,5.1118210862619815,297,308,16,0,292,307,55626,5,0,0,5,1
2020-08-03,US,Illinois,Will,8650,339,0,41.44619267,-87.97862712,17197.0,1252.2747244633674,3.919075144508671,8311,8592,339,0,8253,8502,692310,58,0,0,58,90
2020-08-03,US,Illinois,Williamson,341,5,0,37.73033511,-88.92994027,17199.0,512.0350766551046,1.4662756598240467,336,329,5,0,324,315,67056,12,0,0,12,14
2020-08-03,US,Illinois,Winnebago,3688,125,0,42.33641854,-89.16085327,17201.0,1305.1540846226806,3.3893709327548813,3563,3673,124,0,3549,3663,284081,15,1,0,14,10
2020-08-03,US,Illinois,Woodford,98,3,0,40.78579374,-89.20973757,17203.0,254.81681790998212,3.0612244897959178,95,95,3,0,92,91,38463,3,0,0,3,4
2020-08-03,US,Indiana,Adams,81,2,0,40.7457653,-84.93671406,18001.0,226.40243732006599,2.469135802469136,79,81,2,0,79,79,35636,0,0,0,0,2
2020-08-03,US,Indiana,Allen,3635,158,0,41.09194313,-85.06800636,18003.0,958.3468451010943,4.346629986244841,3477,3611,157,0,3454,3557,375351,24,1,0,23,54
2020-08-03,US,Indiana,Bartholomew,743,47,0,39.20744865,-85.89558181,18005.0,886.8570882918152,6.325706594885599,696,738,47,0,691,727,82753,5,0,0,5,11
2020-08-03,US,Indiana,Benton,60,0,0,40.60626947,-87.31093999,18007.0,685.8710562414266,0.0,60,60,0,0,60,60,8653,0,0,0,0,0
2020-08-03,US,Indiana,Blackford,53,2,0,40.47388153,-85.32499702,18009.0,450.75693145092697,3.7735849056603774,51,53,2,0,51,51,11930,0,0,0,0,2
2020-08-03,US,Indiana,Boone,635,46,0,40.0509304,-86.46841646,18011.0,935.984552569904,7.244094488188976,589,632,46,0,586,626,66999,3,0,0,3,6
2020-08-03,US,Indiana,Brown,70,1,0,39.19605589,-86.22868909,18013.0,463.821892393321,1.4285714285714286,69,70,1,0,69,69,15234,0,0,0,0,1
2020-08-03,US,Indiana,Carroll,145,2,0,40.580783200000006,-86.56198812,18015.0,715.8019450066645,1.3793103448275863,143,142,2,0,140,139,20127,3,0,0,3,3
2020-08-03,US,Indiana,Cass,1751,9,0,40.76135835,-86.34830753,18017.0,4645.917907081642,0.5139920045688178,1742,1750,9,0,1741,1743,37955,1,0,0,1,7
2020-08-03,US,Indiana,Clark,1081,45,0,38.48015445,-85.70510334,18019.0,913.7630809284713,4.162812210915819,1036,1075,45,0,1030,1062,117360,6,0,0,6,13
2020-08-03,US,Indiana,Clay,97,5,0,39.39561833,-87.11723506,18021.0,369.8760724499524,5.154639175257731,92,97,5,0,92,94,26170,0,0,0,0,3
2020-08-03,US,Indiana,Clinton,357,3,0,40.30319754,-86.47277257,18023.0,1101.8858606747121,0.8403361344537815,354,352,3,0,349,349,32250,5,0,0,5,3
2020-08-03,US,Indiana,Crawford,42,0,0,38.28814402,-86.44518825,18025.0,397.0880211780278,0.0,42,42,0,0,42,41,10558,0,0,0,0,1
2020-08-03,US,Indiana,Daviess,246,19,0,38.70186039,-87.07185406,18027.0,737.6090671943871,7.723577235772357,227,243,19,0,224,240,33147,3,0,0,3,3
2020-08-03,US,Indiana,DeKalb,222,4,0,41.39804622,-84.99906934,18033.0,510.63829787234044,1.8018018018018016,218,221,4,0,217,214,43226,1,0,0,1,7
2020-08-03,US,Indiana,Dearborn,465,28,0,39.14647946,-84.97333539,18029.0,940.1916777872134,6.021505376344086,437,461,28,0,433,456,49568,4,0,0,4,5
2020-08-03,US,Indiana,Decatur,314,32,0,39.30712658,-85.50087166,18031.0,1182.2734289694642,10.19108280254777,282,313,32,0,281,310,26794,1,0,0,1,3
2020-08-03,US,Indiana,Delaware,638,52,0,40.22787247,-85.39732772,18035.0,558.9871643229509,8.150470219435737,586,633,52,0,581,628,114772,5,0,0,5,5
2020-08-03,US,Indiana,Dubois,626,12,0,38.36597551,-86.87924170000002,18037.0,1464.8071883189816,1.9169329073482428,614,624,12,0,612,616,42565,2,0,0,2,8
2020-08-03,US,Indiana,Elkhart,4597,77,0,41.59761169,-85.85875695,18039.0,2227.865523575053,1.6750054383293451,4520,4582,76,0,4506,4566,205560,15,1,0,14,16
2020-08-03,US,Indiana,Fayette,155,7,0,39.63684962,-85.17797541,18041.0,670.9375811618041,4.516129032258065,148,154,7,0,147,150,23047,1,0,0,1,4
2020-08-03,US,Indiana,Floyd,694,44,0,38.32117957,-85.90385377,18043.0,883.8287358956726,6.340057636887607,650,684,44,0,640,665,77781,10,0,0,10,19
2020-08-03,US,Indiana,Fountain,63,2,0,40.12361933,-87.24217689,18045.0,385.41539214486727,3.1746031746031744,61,63,2,0,61,62,16351,0,0,0,0,1
2020-08-03,US,Indiana,Franklin,224,10,0,39.4142482,-85.06062647,18047.0,984.269267949732,4.464285714285714,214,205,10,0,195,197,22736,19,0,0,19,8
2020-08-03,US,Indiana,Fulton,146,2,0,41.0469907,-86.26252745,18049.0,730.9502353058976,1.3698630136986298,144,144,2,0,142,139,20092,2,0,0,2,5
2020-08-03,US,Indiana,Gibson,200,4,0,38.30393723,-87.58054938,18051.0,594.1947176089602,2.0,196,198,4,0,194,196,33452,2,0,0,2,2
2020-08-03,US,Indiana,Grant,496,29,0,40.51587228,-85.65468702,18053.0,754.1546929404428,5.846774193548387,467,496,29,0,467,496,65936,0,0,0,0,0
2020-08-03,US,Indiana,Greene,239,34,0,39.03630547,-86.96223202,18055.0,748.6999561430988,14.225941422594142,205,238,34,0,204,235,32006,1,0,0,1,3
2020-08-03,US,Indiana,Hamilton,2513,104,0,40.07306535,-86.05244729,18057.0,743.4669285910812,4.1384799044966165,2409,2489,104,0,2385,2446,330086,24,0,0,24,43
2020-08-03,US,Indiana,Hancock,623,37,0,39.82304555,-85.77566351,18059.0,797.0013304677105,5.93900481540931,586,616,37,0,579,608,76351,7,0,0,7,8
2020-08-03,US,Indiana,Harrison,294,22,0,38.19467379,-86.10948271,18061.0,725.6571640133284,7.482993197278912,272,289,22,0,267,282,40350,5,0,0,5,7
2020-08-03,US,Indiana,Hendricks,1750,105,0,39.76719009,-86.51037283,18063.0,1027.531985602809,6.0,1645,1742,105,0,1637,1731,167009,8,0,0,8,11
2020-08-03,US,Indiana,Henry,361,18,0,39.93029017,-85.39625719,18065.0,752.5223046777287,4.986149584487535,343,361,18,0,343,358,48271,0,0,0,0,3
2020-08-03,US,Indiana,Howard,810,65,0,40.48527731,-86.11351892,18067.0,981.2948245784066,8.024691358024691,745,804,64,0,740,798,82366,6,1,0,5,6
2020-08-03,US,Indiana,Huntington,118,3,0,40.82907273,-85.48822092,18069.0,323.1106243154436,2.5423728813559316,115,118,3,0,115,118,36240,0,0,0,0,0
2020-08-03,US,Indiana,Jackson,552,4,0,38.90915820000001,-86.03851889,18071.0,1247.993488729624,0.7246376811594203,548,551,4,0,547,547,44111,1,0,0,1,4
2020-08-03,US,Indiana,Jasper,208,2,0,41.02078733,-87.11553319,18073.0,619.7485251176927,0.9615384615384616,206,203,2,0,201,199,33370,5,0,0,5,4
2020-08-03,US,Indiana,Jay,82,0,0,40.43781032,-85.00576229,18075.0,401.2526913290272,0.0,82,82,0,0,82,81,20764,0,0,0,0,1
2020-08-03,US,Indiana,Jefferson,149,2,0,38.78576239,-85.43633383,18077.0,461.18608394205773,1.342281879194631,147,149,2,0,147,148,32208,0,0,0,0,1
2020-08-03,US,Indiana,Jennings,210,12,0,38.99588883,-85.62710784,18079.0,757.1660356949702,5.7142857142857135,198,207,12,0,195,208,27611,3,0,0,3,-1
2020-08-03,US,Indiana,Johnson,1652,118,0,39.48994426,-86.10149107,18081.0,1044.4656597140995,7.142857142857142,1534,1648,118,0,1530,1631,156225,4,0,0,4,17
2020-08-03,US,Indiana,Knox,131,0,0,38.68861576,-87.4194665,18083.0,357.982182871509,0.0,131,129,0,0,129,126,36895,2,0,0,2,3
2020-08-03,US,Indiana,Kosciusko,819,12,0,41.24521668,-85.86312322,18085.0,1030.7591623036647,1.465201465201465,807,816,12,0,804,814,79344,3,0,0,3,2
2020-08-03,US,Indiana,LaGrange,542,10,0,41.64232188,-85.42674232,18087.0,1368.2031604988135,1.845018450184502,532,542,10,0,532,539,39330,0,0,0,0,3
2020-08-03,US,Indiana,LaPorte,838,29,0,41.54366008,-86.74072188,18091.0,762.5946418171228,3.460620525059666,809,829,29,0,800,818,110007,9,0,0,9,11
2020-08-03,US,Indiana,Lake,7101,271,0,41.41874274,-87.38277575,18089.0,1462.6369484215015,3.81636389240952,6830,7037,269,0,6768,6994,484411,64,2,0,62,43
2020-08-03,US,Indiana,Lawrence,328,27,0,38.84112637,-86.48361629,18093.0,722.9446770994049,8.231707317073171,301,326,27,0,299,325,45668,2,0,0,2,1
2020-08-03,US,Indiana,Madison,847,65,0,40.16143691,-85.71964711,18095.0,653.7057475167671,7.674144037780402,782,842,65,0,777,833,129641,5,0,0,5,9
2020-08-03,US,Indiana,Marion,14863,719,0,39.78163624,-86.13826325,18097.0,1540.8747001291752,4.8375159792774,14144,14710,719,0,13991,14578,954670,153,0,0,153,132
2020-08-03,US,Indiana,Marshall,742,22,0,41.32467367,-86.26185087,18099.0,1604.0468675688533,2.964959568733154,720,742,22,0,720,739,46248,0,0,0,0,3
2020-08-03,US,Indiana,Martin,42,0,0,38.7099921,-86.80373186,18101.0,409.55631399317406,0.0,42,42,0,0,42,42,10217,0,0,0,0,0
2020-08-03,US,Indiana,Miami,258,2,0,40.76940965,-86.04525048,18103.0,726.4331568870367,0.7751937984496124,256,258,2,0,256,256,35567,0,0,0,0,2
2020-08-03,US,Indiana,Monroe,686,30,0,39.16130004,-86.52414358,18105.0,462.167606497295,4.373177842565598,656,684,30,0,654,674,146917,2,0,0,2,10
2020-08-03,US,Indiana,Montgomery,343,21,0,40.04034823,-86.89335024,18107.0,894.6736918983777,6.1224489795918355,322,338,21,0,317,336,38346,5,0,0,5,2
2020-08-03,US,Indiana,Morgan,425,32,0,39.47899078,-86.44573375,18109.0,602.9309537658359,7.529411764705883,393,418,32,0,386,412,70116,7,0,0,7,6
2020-08-03,US,Indiana,Newton,110,10,0,40.95610449,-87.39635768,18111.0,786.6132723112128,9.090909090909092,100,109,10,0,99,109,14011,1,0,0,1,0
2020-08-03,US,Indiana,Noble,637,28,0,41.39672484,-85.41966713,18113.0,1334.1990616621986,4.395604395604397,609,635,28,0,607,624,47532,2,0,0,2,11
2020-08-03,US,Indiana,Ohio,51,4,0,38.955304999999996,-84.96515993,18115.0,868.0851063829788,7.84313725490196,47,50,4,0,46,45,5844,1,0,0,1,5
2020-08-03,US,Indiana,Orange,164,24,0,38.54118920000001,-86.49523093,18117.0,834.7755268247989,14.634146341463413,140,163,24,0,139,161,19489,1,0,0,1,2
2020-08-03,US,Indiana,Owen,78,1,0,39.31145587,-86.83900724,18119.0,375.01802971296684,1.2820512820512822,77,78,1,0,77,78,20845,0,0,0,0,0
2020-08-03,US,Indiana,Parke,45,1,0,39.77202286,-87.20375833,18121.0,265.6905000885635,2.2222222222222223,44,45,1,0,44,46,16927,0,0,0,0,-1
2020-08-03,US,Indiana,Perry,172,12,0,38.07809328,-86.63741946,18123.0,897.2820700088686,6.9767441860465125,160,171,12,0,159,170,19102,1,0,0,1,1
2020-08-03,US,Indiana,Pike,46,0,0,38.40112197,-87.23574907,18125.0,371.29711841149407,0.0,46,45,0,0,45,41,12410,1,0,0,1,4
2020-08-03,US,Indiana,Porter,1195,39,0,41.45986947,-87.06848888,18127.0,701.3363538726093,3.2635983263598325,1156,1174,39,0,1135,1144,169594,21,0,0,21,30
2020-08-03,US,Indiana,Posey,158,0,0,38.02097333,-87.86480429,18129.0,621.3867149093484,0.0,158,157,0,0,157,154,25540,1,0,0,1,3
2020-08-03,US,Indiana,Pulaski,72,1,0,41.04166107,-86.69890683,18131.0,582.8543673601554,1.3888888888888888,71,71,1,0,70,71,12469,1,0,0,1,0
2020-08-03,US,Indiana,Putnam,222,8,0,39.66437981,-86.84517605,18133.0,590.8026399829679,3.603603603603604,214,221,8,0,213,217,37779,1,0,0,1,4
2020-08-03,US,Indiana,Randolph,103,4,0,40.15734772,-85.01139319,18135.0,417.59578349888505,3.8834951456310685,99,102,4,0,98,102,24851,1,0,0,1,0
2020-08-03,US,Indiana,Ripley,188,7,0,39.10235626,-85.26212744,18137.0,663.7480581838722,3.723404255319149,181,188,7,0,181,186,28523,0,0,0,0,2
2020-08-03,US,Indiana,Rush,79,4,0,39.62002287,-85.4655599,18139.0,476.44894759061583,5.063291139240507,75,79,4,0,75,79,16663,0,0,0,0,0
2020-08-03,US,Indiana,Scott,250,10,0,38.68672078,-85.74627859,18143.0,1047.2081430905207,4.0,240,247,10,0,237,244,23878,3,0,0,3,3
2020-08-03,US,Indiana,Shelby,511,26,0,39.52305623,-85.79158570000001,18145.0,1142.4355563504664,5.088062622309199,485,509,26,0,483,508,44593,2,0,0,2,1
2020-08-03,US,Indiana,Spencer,114,3,0,38.01519732,-87.0079644,18147.0,562.2133451694037,2.631578947368421,111,113,3,0,110,110,20327,1,0,0,1,3
2020-08-03,US,Indiana,St. Joseph,3154,79,0,41.61756781,-86.29040834,18141.0,1160.3010749523594,2.504755865567533,3075,3114,79,0,3035,3071,270771,40,0,0,40,43
2020-08-03,US,Indiana,Starke,165,7,0,41.27890281,-86.64686895,18149.0,717.5472928897586,4.242424242424242,158,164,7,0,157,161,22935,1,0,0,1,3
2020-08-03,US,Indiana,Steuben,200,3,0,41.64423868,-85.00101094,18151.0,578.1349366942244,1.5,197,199,3,0,196,195,34586,1,0,0,1,4
2020-08-03,US,Indiana,Sullivan,76,1,0,39.08952258,-87.41414469,18153.0,367.7004209202187,1.3157894736842106,75,75,1,0,74,74,20690,1,0,0,1,1
2020-08-03,US,Indiana,Switzerland,43,0,0,38.82767338,-85.03022429,18155.0,399.96279415868287,0.0,43,43,0,0,43,43,10717,0,0,0,0,0
2020-08-03,US,Indiana,Tippecanoe,1103,11,0,40.38872739,-86.89413959,18157.0,563.5256370956206,0.99728014505893,1092,1094,11,0,1083,1085,193048,9,0,0,9,9
2020-08-03,US,Indiana,Tipton,107,5,0,40.31123252,-86.05234925,18159.0,706.3638764193292,4.672897196261682,102,106,5,0,101,102,15128,1,0,0,1,4
2020-08-03,US,Indiana,Unassigned,0,200,0,0.0,0.0,90018.0,0.0,0.0,-200,0,200,0,-200,0,,0,0,0,0,0
2020-08-03,US,Indiana,Union,32,0,0,39.62550777,-84.92497066,18161.0,453.6433229373405,0.0,32,32,0,0,32,28,7037,0,0,0,0,4
2020-08-03,US,Indiana,Vanderburgh,1726,12,0,38.02658833,-87.58763124,18163.0,951.2209907909024,0.6952491309385863,1714,1700,12,0,1688,1679,180974,26,0,0,26,21
2020-08-03,US,Indiana,Vermillion,38,0,0,39.8523352,-87.46160542,18165.0,245.19292811975743,0.0,38,38,0,0,38,34,15479,0,0,0,0,4
2020-08-03,US,Indiana,Vigo,474,10,0,39.42944561,-87.39169027,18167.0,442.8333862740335,2.109704641350211,464,468,10,0,458,454,107386,6,0,0,6,14
2020-08-03,US,Indiana,Wabash,161,3,0,40.84704239,-85.79328272,18169.0,519.4218608852755,1.8633540372670807,158,158,3,0,155,155,31280,3,0,0,3,3
2020-08-03,US,Indiana,Warren,19,1,0,40.34728141,-87.35602659,18171.0,229.88505747126442,5.2631578947368425,18,19,1,0,18,19,8263,0,0,0,0,0
2020-08-03,US,Indiana,Warrick,516,30,0,38.08922676,-87.2716085,18173.0,819.0736213848057,5.813953488372092,486,502,30,0,472,488,62567,14,0,0,14,14
2020-08-03,US,Indiana,Washington,116,1,0,38.60219804,-86.1049363,18175.0,413.7537451847625,0.8620689655172413,115,115,1,0,114,107,27943,1,0,0,1,8
2020-08-03,US,Indiana,Wayne,317,9,0,39.863344399999995,-85.01044989,18177.0,481.1486855685752,2.8391167192429023,308,315,9,0,306,313,65936,2,0,0,2,2
2020-08-03,US,Indiana,Wells,134,2,0,40.72934187,-85.22132966,18179.0,473.5651682216568,1.492537313432836,132,131,2,0,129,129,28206,3,0,0,3,2
2020-08-03,US,Indiana,White,347,10,0,40.74911165,-86.86492015,18181.0,1439.7145465106632,2.8818443804034577,337,345,10,0,335,344,24133,2,0,0,2,1
2020-08-03,US,Indiana,Whitley,148,6,0,41.13863784,-85.50791236,18183.0,435.755505829702,4.0540540540540535,142,148,6,0,142,144,34074,0,0,0,0,4
2020-08-03,US,Iowa,Adair,21,0,0,41.33075609,-94.47105874,19001.0,293.6241610738255,0.0,21,20,0,0,20,20,7063,1,0,0,1,0
2020-08-03,US,Iowa,Adams,16,0,0,41.02903567,-94.69932645,19003.0,444.1976679622432,0.0,16,16,0,0,16,16,3645,0,0,0,0,0
2020-08-03,US,Iowa,Allamakee,151,4,0,43.28383218,-91.37860922,19005.0,1103.236647914079,2.6490066225165565,147,149,4,0,145,149,13832,2,0,0,2,0
2020-08-03,US,Iowa,Appanoose,42,3,0,40.74324454,-92.86865906,19007.0,338.0009657170449,7.142857142857142,39,43,3,0,40,40,12437,-1,0,0,-1,3
2020-08-03,US,Iowa,Audubon,28,1,0,41.6844628,-94.90581859,19009.0,509.4614264919942,3.571428571428572,27,28,1,0,27,28,5506,0,0,0,0,0
2020-08-03,US,Iowa,Benton,143,1,0,42.08011739,-92.06463573,19011.0,557.613569896666,0.6993006993006993,142,142,1,0,141,139,25642,1,0,0,1,3
2020-08-03,US,Iowa,Black Hawk,3003,62,0,42.4704581,-92.30524729,19013.0,2288.383576675709,2.0646020646020644,2941,2997,62,0,2935,2984,132408,6,0,0,6,13
2020-08-03,US,Iowa,Boone,228,2,0,42.03657094,-93.9313999,19015.0,869.1011664252496,0.8771929824561403,226,228,2,0,226,228,26346,0,0,0,0,0
2020-08-03,US,Iowa,Bremer,187,7,0,42.77461496,-92.31795937,19017.0,746.149549118187,3.7433155080213902,180,187,7,0,180,187,24947,0,0,0,0,0
2020-08-03,US,Iowa,Buchanan,111,1,0,42.4709188,-91.83510825,19019.0,524.2030696576152,0.9009009009009008,110,110,1,0,109,108,21199,1,0,0,1,2
2020-08-03,US,Iowa,Buena Vista,1785,12,0,42.73545875,-95.15100162,19021.0,9097.859327217126,0.6722689075630253,1773,1784,12,0,1772,1783,19874,1,0,0,1,1
2020-08-03,US,Iowa,Butler,114,2,0,42.73172833,-92.79015971,19023.0,789.5283606897984,1.7543859649122806,112,113,2,0,111,111,14539,1,0,0,1,2
2020-08-03,US,Iowa,Calhoun,82,2,0,42.38521079,-94.64046046,19025.0,848.158874637981,2.4390243902439024,80,81,2,0,79,81,9699,1,0,0,1,0
2020-08-03,US,Iowa,Carroll,181,1,0,42.03617207,-94.86032705,19027.0,897.594842548971,0.5524861878453039,180,181,1,0,180,176,20154,0,0,0,0,5
2020-08-03,US,Iowa,Cass,48,1,0,41.33149454,-94.92792482,19029.0,373.94827048924896,2.083333333333333,47,47,1,0,46,43,12930,1,0,0,1,4
2020-08-03,US,Iowa,Cedar,120,1,0,41.77233777,-91.13246684,19031.0,644.2261233693026,0.8333333333333334,119,120,1,0,119,119,18627,0,0,0,0,1
2020-08-03,US,Iowa,Cerro Gordo,576,17,0,43.08177563,-93.2612239,19033.0,1356.8904593639575,2.951388888888889,559,581,17,0,564,578,42647,-5,0,0,-5,3
2020-08-03,US,Iowa,Cherokee,97,1,0,42.73538914,-95.62389402,19035.0,863.3733867378728,1.0309278350515465,96,97,1,0,96,97,11321,0,0,0,0,0
2020-08-03,US,Iowa,Chickasaw,51,0,0,43.06001295,-92.31773347,19037.0,427.38623983910173,0.0,51,50,0,0,50,50,11964,1,0,0,1,0
2020-08-03,US,Iowa,Clarke,186,3,0,41.02868181,-93.78499767,19039.0,1979.776476849388,1.6129032258064515,183,185,3,0,182,178,9423,1,0,0,1,7
2020-08-03,US,Iowa,Clay,171,1,0,43.08247182,-95.15096481,19041.0,1067.6823176823177,0.5847953216374269,170,171,1,0,170,170,16134,0,0,0,0,1
2020-08-03,US,Iowa,Clayton,98,3,0,42.84443388,-91.34133693,19043.0,558.4363781412046,3.0612244897959178,95,97,3,0,94,95,17556,1,0,0,1,2
2020-08-03,US,Iowa,Clinton,317,3,0,41.89981633,-90.53275096,19045.0,682.7629283421999,0.946372239747634,314,312,3,0,309,304,46518,5,0,0,5,8
2020-08-03,US,Iowa,Crawford,719,3,0,42.03718237,-95.3819718,19047.0,4274.673008323424,0.4172461752433936,716,715,3,0,712,710,17158,4,0,0,4,5
2020-08-03,US,Iowa,Dallas,1789,35,0,41.68560356,-94.04127625,19049.0,1914.3312681240839,1.9564002235885969,1754,1787,35,0,1752,1767,90180,2,0,0,2,20
2020-08-03,US,Iowa,Davis,48,1,0,40.74773536,-92.41005468,19051.0,533.3333333333334,2.083333333333333,47,49,1,0,48,49,9017,-1,0,0,-1,0
2020-08-03,US,Iowa,Decatur,22,0,0,40.73742757,-93.78645949,19053.0,279.5425667090216,0.0,22,21,0,0,21,21,7890,1,0,0,1,0
2020-08-03,US,Iowa,Delaware,90,1,0,42.47104597,-91.3664492,19055.0,529.0694256657457,1.1111111111111112,89,90,1,0,89,87,17069,0,0,0,0,3
2020-08-03,US,Iowa,Des Moines,139,2,0,40.92012606,-91.18326592,19057.0,356.71208971694,1.4388489208633093,137,139,2,0,137,138,39138,0,0,0,0,1
2020-08-03,US,Iowa,Dickinson,375,4,0,43.37787725,-95.1510206,19059.0,2172.9053192722213,1.0666666666666669,371,375,4,0,371,374,17153,0,0,0,0,1
2020-08-03,US,Iowa,Dubuque,1537,29,0,42.46815349,-90.88181925,19061.0,1579.4720021374771,1.8867924528301887,1508,1527,29,0,1498,1503,96854,10,0,0,10,24
2020-08-03,US,Iowa,Emmet,179,1,0,43.37782951,-94.67858943,19063.0,1943.9617723718509,0.5586592178770949,178,179,1,0,178,178,9253,0,0,0,0,1
2020-08-03,US,Iowa,Fayette,81,0,0,42.86271799,-91.8441231,19065.0,412.2137404580152,0.0,81,79,0,0,79,77,19660,2,0,0,2,2
2020-08-03,US,Iowa,Floyd,129,2,0,43.06000529999999,-92.78940097,19067.0,824.7027234369008,1.5503875968992251,127,124,2,0,122,116,15761,5,0,0,5,8
2020-08-03,US,Iowa,Franklin,220,5,0,42.73270384,-93.26256925,19069.0,2184.7070506454816,2.272727272727273,215,213,4,0,209,212,10124,7,1,0,6,1
2020-08-03,US,Iowa,Fremont,35,0,0,40.74542720000001,-95.60129045,19071.0,502.8735632183908,0.0,35,36,0,0,36,35,6993,-1,0,0,-1,1
2020-08-03,US,Iowa,Greene,38,0,0,42.03614551,-94.39658081,19073.0,427.5427542754276,0.0,38,38,0,0,38,38,8981,0,0,0,0,0
2020-08-03,US,Iowa,Grundy,74,1,0,42.40183723,-92.78829551,19075.0,604.970568999346,1.351351351351351,73,72,1,0,71,72,12304,2,0,0,2,0
2020-08-03,US,Iowa,Guthrie,126,5,0,41.68378965,-94.50111014,19077.0,1178.7819253438115,3.968253968253968,121,126,5,0,121,125,10720,0,0,0,0,1
2020-08-03,US,Iowa,Hamilton,241,1,0,42.38382428,-93.70197703,19079.0,1631.3544980708048,0.4149377593360996,240,239,1,0,238,238,14952,2,0,0,2,1
2020-08-03,US,Iowa,Hancock,117,2,0,43.08178477,-93.73454884,19081.0,1100.6585136406397,1.709401709401709,115,116,2,0,114,114,10712,1,0,0,1,2
2020-08-03,US,Iowa,Hardin,165,0,0,42.38353877,-93.23654611,19083.0,979.4609996438325,0.0,165,166,0,0,166,162,16868,-1,0,0,-1,4
2020-08-03,US,Iowa,Harrison,97,0,0,41.68330137,-95.81558439,19085.0,690.4406007545023,0.0,97,96,0,0,96,95,14134,1,0,0,1,1
2020-08-03,US,Iowa,Henry,113,3,0,40.98767962,-91.54436349,19087.0,566.3024957402025,2.6548672566371683,110,112,3,0,109,111,20067,1,0,0,1,1
2020-08-03,US,Iowa,Howard,48,0,0,43.35671042,-92.31702714,19089.0,524.13190652981,0.0,48,48,0,0,48,48,9187,0,0,0,0,0
2020-08-03,US,Iowa,Humboldt,92,1,0,42.7764426,-94.20722537,19091.0,962.544465369324,1.0869565217391304,91,89,1,0,88,89,9547,3,0,0,3,0
2020-08-03,US,Iowa,Ida,29,0,0,42.38696136,-95.51355387,19093.0,422.7405247813411,0.0,29,29,0,0,29,29,6841,0,0,0,0,0
2020-08-03,US,Iowa,Iowa,89,1,0,41.68630265,-92.0643373,19095.0,549.9258526940188,1.1235955056179776,88,88,1,0,87,90,16141,1,0,0,1,-2
2020-08-03,US,Iowa,Jackson,141,1,0,42.17178824,-90.57354837,19097.0,725.3459540099799,0.7092198581560284,140,139,1,0,138,134,19432,2,0,0,2,5
2020-08-03,US,Iowa,Jasper,455,24,0,41.68576082,-93.05567785,19099.0,1223.6116713728654,5.2747252747252755,431,454,24,0,430,453,37147,1,0,0,1,1
2020-08-03,US,Iowa,Jefferson,77,0,0,41.03192394,-91.94849466,19101.0,420.88002186389724,0.0,77,78,0,0,78,76,18381,-1,0,0,-1,2
2020-08-03,US,Iowa,Johnson,1933,15,0,41.67169354,-91.58754744,19103.0,1278.9466719597724,0.7759958613554061,1918,1918,15,0,1903,1901,151260,15,0,0,15,17
2020-08-03,US,Iowa,Jones,124,2,0,42.12118609,-91.13139641,19105.0,599.5841593733378,1.6129032258064515,122,123,1,0,122,122,20744,1,1,0,0,1
2020-08-03,US,Iowa,Keokuk,30,1,0,41.33649833,-92.1785067,19107.0,292.7971891469842,3.333333333333333,29,30,1,0,29,30,10225,0,0,0,0,0
2020-08-03,US,Iowa,Kossuth,78,0,0,43.20405458,-94.20691791,19109.0,526.5645041517587,0.0,78,77,0,0,77,77,14908,1,0,0,1,0
2020-08-03,US,Iowa,Lee,95,3,0,40.64181461,-91.48183025,19111.0,282.2592625605372,3.1578947368421053,92,92,3,0,89,88,34055,3,0,0,3,4
2020-08-03,US,Iowa,Linn,2108,87,0,42.07923082,-91.59809485,19113.0,929.8386456467848,4.127134724857685,2021,2089,87,0,2002,2064,225909,19,0,0,19,25
2020-08-03,US,Iowa,Louisa,379,14,0,41.21842119,-91.26102611,19115.0,3434.526506570005,3.693931398416887,365,378,14,0,364,377,11169,1,0,0,1,1
2020-08-03,US,Iowa,Lucas,45,4,0,41.02958964,-93.32780803,19117.0,523.2558139534884,8.888888888888891,41,43,4,0,39,42,8645,2,0,0,2,1
2020-08-03,US,Iowa,Lyon,102,0,0,43.38107862,-96.20926845,19119.0,867.715865589111,0.0,102,100,0,0,100,99,11811,2,0,0,2,1
2020-08-03,US,Iowa,Madison,102,2,0,41.33081904,-94.01554631,19121.0,624.3114212265883,1.96078431372549,100,100,2,0,98,96,16249,2,0,0,2,4
2020-08-03,US,Iowa,Mahaska,136,17,0,41.33521503,-92.64083907,19123.0,615.5238741796786,12.5,119,136,17,0,119,135,22000,0,0,0,0,1
2020-08-03,US,Iowa,Marion,153,0,0,41.33445101,-93.09934783,19125.0,460.1088623582835,0.0,153,152,0,0,152,148,33407,1,0,0,1,4
2020-08-03,US,Iowa,Marshall,1389,24,0,42.03586837,-92.9990819,19127.0,3528.156671492799,1.7278617710583153,1365,1383,24,0,1359,1381,39981,6,0,0,6,2
2020-08-03,US,Iowa,Mills,82,0,0,41.03299766,-95.61920963,19129.0,542.7228804024091,0.0,82,81,0,0,81,79,15063,1,0,0,1,2
2020-08-03,US,Iowa,Mitchell,76,0,0,43.35638371,-92.78887719,19131.0,717.9293406385792,0.0,76,76,0,0,76,76,10569,0,0,0,0,0
2020-08-03,US,Iowa,Monona,90,0,0,42.05220391,-95.95743843,19133.0,1044.689495066744,0.0,90,90,0,0,90,90,8679,0,0,0,0,0
2020-08-03,US,Iowa,Monroe,67,7,0,41.02988815,-92.8690667,19135.0,869.3395614376541,10.447761194029852,60,66,7,0,59,66,7790,1,0,0,1,0
2020-08-03,US,Iowa,Montgomery,43,3,0,41.03018714,-95.15642896,19137.0,433.59887062619737,6.9767441860465125,40,43,3,0,40,43,10003,0,0,0,0,0
2020-08-03,US,Iowa,Muscatine,826,48,0,41.48370744,-91.1121697,19139.0,1936.0585036564785,5.811138014527844,778,824,48,0,776,815,42929,2,0,0,2,9
2020-08-03,US,Iowa,O'Brien,131,1,0,43.08310673,-95.62474482,19141.0,952.5194503017523,0.7633587786259542,130,131,1,0,130,116,13840,0,0,0,0,15
2020-08-03,US,Iowa,Osceola,77,0,0,43.37824276,-95.62422844,19143.0,1292.3799932863374,0.0,77,77,0,0,77,77,6040,0,0,0,0,0
2020-08-03,US,Iowa,Page,76,0,0,40.7393172,-95.1497813,19145.0,503.0780432911895,0.0,76,74,0,0,74,71,15249,2,0,0,2,3
2020-08-03,US,Iowa,Palo Alto,79,0,0,43.08193849,-94.67824621,19147.0,889.0389376547377,0.0,79,78,0,0,78,74,8929,1,0,0,1,4
2020-08-03,US,Iowa,Plymouth,443,8,0,42.737633,-96.21366621,19149.0,1759.542439528141,1.8058690744920995,435,443,8,0,435,440,25095,0,0,0,0,3
2020-08-03,US,Iowa,Pocahontas,113,1,0,42.73420133,-94.67862564,19151.0,1707.2065266656596,0.8849557522123894,112,113,1,0,112,113,6740,0,0,0,0,0
2020-08-03,US,Iowa,Polk,9723,203,0,41.68679484,-93.57767461,19153.0,1983.63394884538,2.087832973362131,9520,9709,202,0,9507,9609,487204,14,1,0,13,100
2020-08-03,US,Iowa,Pottawattamie,1217,23,0,41.33640314,-95.53907776,19155.0,1305.7099328369418,1.8898931799506984,1194,1212,23,0,1189,1204,93533,5,0,0,5,8
2020-08-03,US,Iowa,Poweshiek,146,8,0,41.68625425,-92.53155731,19157.0,789.0185905750106,5.479452054794519,138,146,8,0,138,145,18699,0,0,0,0,1
2020-08-03,US,Iowa,Ringgold,21,1,0,40.73518949,-94.24368535,19159.0,429.09685328974257,4.761904761904762,20,21,1,0,20,21,4968,0,0,0,0,0
2020-08-03,US,Iowa,Sac,81,0,0,42.38624071,-95.10547892,19161.0,833.2476082707541,0.0,81,81,0,0,81,81,9719,0,0,0,0,0
2020-08-03,US,Iowa,Scott,1593,12,0,41.63935978,-90.61959493,19163.0,921.1127365663832,0.7532956685499058,1581,1590,12,0,1578,1576,173283,3,0,0,3,14
2020-08-03,US,Iowa,Shelby,161,1,0,41.6850066,-95.31015553,19165.0,1405.6224899598394,0.6211180124223602,160,159,1,0,158,156,11578,2,0,0,2,3
2020-08-03,US,Iowa,Sioux,595,2,0,43.08221074,-96.1767568,19167.0,1707.0721560751686,0.33613445378151263,593,593,2,0,591,588,34909,2,0,0,2,5
2020-08-03,US,Iowa,Story,1109,14,0,42.03621213,-93.46499005,19169.0,1141.9215997199256,1.2623985572587917,1095,1110,13,0,1097,1101,98105,-1,1,0,-2,9
2020-08-03,US,Iowa,Tama,537,29,0,42.07991767,-92.53266945,19171.0,3186.187255250979,5.400372439478584,508,537,29,0,508,535,16904,0,0,0,0,2
2020-08-03,US,Iowa,Taylor,93,0,0,40.73710579,-94.69778563,19173.0,1519.3595817676846,0.0,93,93,0,0,93,93,6191,0,0,0,0,0
2020-08-03,US,Iowa,Unassigned,8,0,0,0.0,0.0,90019.0,0.0,0.0,8,7,0,0,7,5,,1,0,0,1,2
2020-08-03,US,Iowa,Union,70,1,0,41.0277278,-94.24234847,19175.0,571.8487051711461,1.4285714285714286,69,70,1,0,69,70,12359,0,0,0,0,0
2020-08-03,US,Iowa,Van Buren,32,1,0,40.75326764,-91.95017958,19177.0,454.2873367404883,3.125,31,31,1,0,30,30,7020,1,0,0,1,1
2020-08-03,US,Iowa,Wapello,849,32,0,41.03064984,-92.40954728,19179.0,2427.8646801452714,3.7691401648998815,817,845,31,0,814,829,35205,4,1,0,3,16
2020-08-03,US,Iowa,Warren,528,1,0,41.33559454,-93.56007641,19181.0,1025.9200248707884,0.1893939393939394,527,526,1,0,525,517,51056,2,0,0,2,9
2020-08-03,US,Iowa,Washington,287,10,0,41.33577126,-91.71725711,19183.0,1306.624174823583,3.484320557491289,277,287,10,0,277,285,22141,0,0,0,0,2
2020-08-03,US,Iowa,Wayne,16,1,0,40.73969028,-93.32752197,19185.0,248.408632199969,6.25,15,15,1,0,14,15,6401,1,0,0,1,0
2020-08-03,US,Iowa,Webster,725,5,0,42.42853483,-94.17987389,19187.0,2019.2736185383249,0.6896551724137931,720,712,5,0,707,709,36277,13,0,0,13,3
2020-08-03,US,Iowa,Winnebago,76,0,0,43.37751174,-93.73407298,19189.0,734.0158392891636,0.0,76,73,0,0,73,71,10518,3,0,0,3,2
2020-08-03,US,Iowa,Winneshiek,85,1,0,43.29094334,-91.84422722,19191.0,425.19133610124567,1.1764705882352942,84,82,1,0,81,78,20029,3,0,0,3,4
2020-08-03,US,Iowa,Woodbury,3651,51,0,42.38979414,-96.0459439,19193.0,3540.9816986237597,1.3968775677896468,3600,3642,50,0,3592,3630,102539,9,1,0,8,12
2020-08-03,US,Iowa,Worth,61,0,0,43.37750768,-93.26087602,19195.0,826.4462809917355,0.0,61,61,0,0,61,60,7453,0,0,0,0,1
2020-08-03,US,Iowa,Wright,443,1,0,42.73305373,-93.73515113,19197.0,3526.5085177519513,0.2257336343115124,442,441,1,0,440,440,12690,2,0,0,2,1
2020-08-03,US,Kansas,Allen,15,0,0,37.88582951,-95.30030847,20001.0,121.2709192335678,0.0,15,14,0,0,14,14,12444,1,0,0,1,0
2020-08-03,US,Kansas,Anderson,29,0,0,38.21413251,-95.29272815,20003.0,369.0506490201069,0.0,29,27,0,0,27,27,7878,2,0,0,2,0
2020-08-03,US,Kansas,Atchison,62,0,0,39.53185661,-95.30870026,20005.0,385.7400609718161,0.0,62,61,0,0,61,61,16193,1,0,0,1,0
2020-08-03,US,Kansas,Barber,4,0,0,37.2288586,-98.68460053,20007.0,90.35464196973119,0.0,4,4,0,0,4,4,4472,0,0,0,0,0
2020-08-03,US,Kansas,Barton,116,3,0,38.47889676,-98.75636726,20009.0,449.978664804686,2.586206896551724,113,114,3,0,111,114,26111,2,0,0,2,0
2020-08-03,US,Kansas,Bourbon,73,1,0,37.85508555,-94.84865997,20011.0,502.2705380487134,1.3698630136986298,72,65,1,0,64,65,14653,8,0,0,8,0
2020-08-03,US,Kansas,Brown,32,0,0,39.82652589,-95.56421698,20013.0,334.58803847762437,0.0,32,32,0,0,32,32,9598,0,0,0,0,0
2020-08-03,US,Kansas,Butler,215,0,0,37.78134351,-96.83878537,20015.0,321.32235357415067,0.0,215,200,0,0,200,200,66765,15,0,0,15,0
2020-08-03,US,Kansas,Chase,34,0,0,38.30292938,-96.59563862,20017.0,1283.987915407855,0.0,34,6,0,0,6,6,2629,28,0,0,28,0
2020-08-03,US,Kansas,Chautauqua,5,0,0,37.14994405,-96.2454192,20019.0,153.84615384615384,0.0,5,5,0,0,5,5,3309,0,0,0,0,0
2020-08-03,US,Kansas,Cherokee,78,1,0,37.16928494,-94.8462897,20021.0,391.19313907417626,1.2820512820512822,77,73,1,0,72,73,20015,5,0,0,5,0
2020-08-03,US,Kansas,Cheyenne,2,0,0,39.78580976,-101.7318201,20023.0,75.27286413248024,0.0,2,2,0,0,2,2,2660,0,0,0,0,0
2020-08-03,US,Kansas,Clark,43,1,0,37.23577007,-99.81883015,20025.0,2156.469408224674,2.3255813953488373,42,43,1,0,42,43,2005,0,0,0,0,0
2020-08-03,US,Kansas,Clay,18,2,0,39.34948772,-97.16518128,20027.0,224.9437640589853,11.111111111111109,16,17,2,0,15,17,7997,1,0,0,1,0
2020-08-03,US,Kansas,Cloud,30,0,0,39.48028352,-97.64925343,20029.0,341.45231049396773,0.0,30,29,0,0,29,29,8729,1,0,0,1,0
2020-08-03,US,Kansas,Coffey,67,8,0,38.2365018,-95.73379515,20031.0,819.1710478053552,11.940298507462687,59,65,8,0,57,65,8233,2,0,0,2,0
2020-08-03,US,Kansas,Comanche,3,0,0,37.19114520000001,-99.27113247,20033.0,176.47058823529412,0.0,3,3,0,0,3,3,1748,0,0,0,0,0
2020-08-03,US,Kansas,Cowley,158,2,0,37.23781842,-96.83776647,20035.0,452.61831098888496,1.2658227848101269,156,151,2,0,149,151,35218,7,0,0,7,0
2020-08-03,US,Kansas,Crawford,377,1,0,37.50675523,-94.85245778,20037.0,971.1989283322173,0.26525198938992045,376,368,1,0,367,368,39019,9,0,0,9,0
2020-08-03,US,Kansas,Decatur,5,0,0,39.78468441,-100.45940809999999,20039.0,176.86593562079943,0.0,5,5,0,0,5,5,2871,0,0,0,0,0
2020-08-03,US,Kansas,Dickinson,43,1,0,38.86600962,-97.15532383,20041.0,232.860392071916,2.3255813953488373,42,40,1,0,39,40,18717,3,0,0,3,0
2020-08-03,US,Kansas,Doniphan,46,0,0,39.79067154,-95.14056866,20043.0,605.2631578947369,0.0,46,44,0,0,44,44,7682,2,0,0,2,0
2020-08-03,US,Kansas,Douglas,679,4,0,38.88503636,-95.2925121,20045.0,555.3783361552115,0.5891016200294551,675,650,3,0,647,650,121436,29,1,0,28,0
2020-08-03,US,Kansas,Edwards,10,0,0,37.88735543,-99.31263309,20047.0,357.39814152966414,0.0,10,10,0,0,10,10,2849,0,0,0,0,0
2020-08-03,US,Kansas,Elk,1,0,0,37.45338105,-96.24369667,20049.0,39.52569169960474,0.0,1,1,0,0,1,1,2508,0,0,0,0,0
2020-08-03,US,Kansas,Ellis,133,1,0,38.91458712,-99.31751551,20051.0,465.8004412846285,0.7518796992481203,132,128,1,0,127,128,28710,5,0,0,5,0
2020-08-03,US,Kansas,Ellsworth,18,0,0,38.69677695,-98.20462799,20053.0,294.9852507374631,0.0,18,18,0,0,18,18,6196,0,0,0,0,0
2020-08-03,US,Kansas,Finney,1740,10,0,38.04340344,-100.73819379999999,20055.0,4771.437189788026,0.5747126436781609,1730,1737,10,0,1727,1737,36611,3,0,0,3,0
2020-08-03,US,Kansas,Ford,2042,8,0,37.69200114,-99.88825298,20057.0,6073.946280377168,0.3917727717923604,2034,2026,8,0,2018,2026,33888,16,0,0,16,0
2020-08-03,US,Kansas,Franklin,155,1,0,38.56443815,-95.28644341,20059.0,606.7961165048544,0.6451612903225806,154,149,1,0,148,149,25631,6,0,0,6,0
2020-08-03,US,Kansas,Geary,128,2,0,38.99871131,-96.7577178,20061.0,404.1679823176509,1.5625,126,128,2,0,126,128,32594,0,0,0,0,0
2020-08-03,US,Kansas,Gove,6,0,0,38.91588178,-100.4829321,20063.0,227.6176024279211,0.0,6,3,0,0,3,3,2612,3,0,0,3,0
2020-08-03,US,Kansas,Graham,16,0,0,39.34987223,-99.88332493,20065.0,644.64141821112,0.0,16,16,0,0,16,16,2492,0,0,0,0,0
2020-08-03,US,Kansas,Grant,97,2,0,37.56227336,-101.3079758,20067.0,1356.6433566433566,2.061855670103093,95,94,2,0,92,94,7336,3,0,0,3,0
2020-08-03,US,Kansas,Gray,71,0,0,37.73836671,-100.4369088,20069.0,1185.7047428189712,0.0,71,71,0,0,71,71,6033,0,0,0,0,0
2020-08-03,US,Kansas,Greeley,3,0,0,38.4808095,-101.8061079,20071.0,243.50649350649346,0.0,3,3,0,0,3,3,1227,0,0,0,0,0
2020-08-03,US,Kansas,Greenwood,19,0,0,37.8774388,-96.23250453,20073.0,317.6195252423938,0.0,19,19,0,0,19,19,6055,0,0,0,0,0
2020-08-03,US,Kansas,Hamilton,37,0,0,37.99978709,-101.7921066,20075.0,1457.26664040961,0.0,37,37,0,0,37,37,2607,0,0,0,0,0
2020-08-03,US,Kansas,Harper,9,0,0,37.19175361,-98.07578384,20077.0,165.56291390728478,0.0,9,8,0,0,8,8,5506,1,0,0,1,0
2020-08-03,US,Kansas,Harvey,169,1,0,38.04293782,-97.42747573,20079.0,490.86525893868543,0.591715976331361,168,157,1,0,156,157,34210,12,0,0,12,0
2020-08-03,US,Kansas,Haskell,44,0,0,37.562039399999996,-100.8710738,20081.0,1108.8709677419354,0.0,44,44,0,0,44,44,3997,0,0,0,0,0
2020-08-03,US,Kansas,Hodgeman,11,0,0,38.08780079,-99.89829881,20083.0,613.1549609810479,0.0,11,11,0,0,11,11,1818,0,0,0,0,0
2020-08-03,US,Kansas,Jackson,144,1,0,39.41673394,-95.79356799,20085.0,1093.3110621820667,0.6944444444444444,143,144,1,0,143,144,13280,0,0,0,0,0
2020-08-03,US,Kansas,Jefferson,70,0,0,39.2347941,-95.38289232,20087.0,367.58914036653886,0.0,70,59,0,0,59,59,18975,11,0,0,11,0
2020-08-03,US,Kansas,Jewell,10,0,0,39.78470589,-98.21820662,20089.0,347.34282737061477,0.0,10,9,0,0,9,9,2841,1,0,0,1,0
2020-08-03,US,Kansas,Johnson,5150,98,0,38.88548175,-94.82250877,20091.0,854.9122594418004,1.9029126213592236,5052,5014,98,0,4916,5014,597555,136,0,0,136,0
2020-08-03,US,Kansas,Kearny,57,1,0,38.00017981,-101.32168100000001,20093.0,1485.148514851485,1.7543859649122806,56,57,1,0,56,57,3943,0,0,0,0,0
2020-08-03,US,Kansas,Kingman,10,0,0,37.55909527,-98.13638678,20095.0,139.82102908277406,0.0,10,9,0,0,9,9,7310,1,0,0,1,0
2020-08-03,US,Kansas,Kiowa,6,0,0,37.55848695,-99.2856537,20097.0,242.42424242424244,0.0,6,6,0,0,6,6,2516,0,0,0,0,0
2020-08-03,US,Kansas,Labette,110,0,0,37.19113093,-95.29849679,20099.0,560.70955245183,0.0,110,107,0,0,107,107,19964,3,0,0,3,0
2020-08-03,US,Kansas,Lane,5,0,0,38.48119447,-100.46607540000001,20101.0,325.73289902280135,0.0,5,5,0,0,5,5,1560,0,0,0,0,0
2020-08-03,US,Kansas,Leavenworth,1425,8,0,39.20183497,-95.03620809,20103.0,1742.948702267668,0.5614035087719298,1417,1392,8,0,1384,1392,81352,33,0,0,33,0
2020-08-03,US,Kansas,Lincoln,6,0,0,39.04549684,-98.20756994,20105.0,202.56583389601624,0.0,6,6,0,0,6,6,3023,0,0,0,0,0
2020-08-03,US,Kansas,Linn,35,0,0,38.21267844,-94.84254089,20107.0,360.71318149026087,0.0,35,30,0,0,30,30,9750,5,0,0,5,0
2020-08-03,US,Kansas,Logan,2,0,0,38.91735806,-101.148475,20109.0,71.58196134574086,0.0,2,2,0,0,2,2,2844,0,0,0,0,0
2020-08-03,US,Kansas,Lyon,676,13,0,38.45576156,-96.15275715,20111.0,2036.4512727820447,1.9230769230769231,663,644,11,0,633,644,33406,32,2,0,30,0
2020-08-03,US,Kansas,Marion,44,1,0,38.35855394,-97.09852509999999,20115.0,370.2457085156513,2.272727272727273,43,42,1,0,41,42,11950,2,0,0,2,0
2020-08-03,US,Kansas,Marshall,9,0,0,39.78359669,-96.52278974,20117.0,92.71659627073248,0.0,9,9,0,0,9,9,9722,0,0,0,0,0
2020-08-03,US,Kansas,McPherson,130,1,0,38.39184858,-97.64769869,20113.0,455.46913320720336,0.7692307692307693,129,129,1,0,128,129,28537,1,0,0,1,0
2020-08-03,US,Kansas,Meade,40,0,0,37.23859987,-100.36483100000001,20119.0,991.8175055789737,0.0,40,39,0,0,39,39,4146,1,0,0,1,0
2020-08-03,US,Kansas,Miami,120,0,0,38.56383358,-94.83832189,20121.0,350.4979992405877,0.0,120,117,0,0,117,117,33680,3,0,0,3,0
2020-08-03,US,Kansas,Mitchell,27,0,0,39.39331582,-98.20906732,20123.0,451.58053186151534,0.0,27,27,0,0,27,27,6150,0,0,0,0,0
2020-08-03,US,Kansas,Montgomery,161,5,0,37.19236568,-95.74329258,20125.0,505.8280184737189,3.1055900621118013,156,152,5,0,147,152,32120,9,0,0,9,0
2020-08-03,US,Kansas,Morris,9,0,0,38.68827511,-96.65128437,20127.0,160.14234875444842,0.0,9,9,0,0,9,9,5521,0,0,0,0,0
2020-08-03,US,Kansas,Morton,9,2,0,37.19141121,-101.79925190000002,20129.0,347.89331271743333,22.222222222222218,7,9,2,0,7,9,2667,0,0,0,0,0
2020-08-03,US,Kansas,Nemaha,48,1,0,39.78345387,-96.01392079,20131.0,469.16234972143485,2.083333333333333,47,47,0,0,47,47,10155,1,1,0,0,0
2020-08-03,US,Kansas,Neosho,53,0,0,37.55862897,-95.30670046,20133.0,331.1051415005935,0.0,53,50,0,0,50,50,15951,3,0,0,3,0
2020-08-03,US,Kansas,Ness,6,0,0,38.47974157,-99.91547333,20135.0,218.1818181818182,0.0,6,5,0,0,5,5,2840,1,0,0,1,0
2020-08-03,US,Kansas,Norton,23,0,0,39.78443827,-99.90286639,20137.0,429.0244357396009,0.0,23,23,0,0,23,23,5430,0,0,0,0,0
2020-08-03,US,Kansas,Osage,38,0,0,38.65235984,-95.72707998,20139.0,238.25945200326044,0.0,38,38,0,0,38,38,15941,0,0,0,0,0
2020-08-03,US,Kansas,Osborne,4,0,0,39.3503437,-98.76753828,20141.0,116.92487576731949,0.0,4,4,0,0,4,4,3475,0,0,0,0,0
2020-08-03,US,Kansas,Ottawa,30,0,0,39.13237408,-97.65020313,20143.0,525.9467040673212,0.0,30,30,0,0,30,30,5802,0,0,0,0,0
2020-08-03,US,Kansas,Pawnee,7,0,0,38.18108732,-99.23692334,20145.0,109.13626442157779,0.0,7,7,0,0,7,7,6562,0,0,0,0,0
2020-08-03,US,Kansas,Phillips,49,8,0,39.78465501,-99.34668865,20147.0,936.1864730607567,16.3265306122449,41,47,8,0,39,47,5317,2,0,0,2,0
2020-08-03,US,Kansas,Pottawatomie,105,0,0,39.37925655,-96.34564657,20149.0,430.6278964852562,0.0,105,102,0,0,102,102,24277,3,0,0,3,0
2020-08-03,US,Kansas,Pratt,33,0,0,37.64780729,-98.73922153,20151.0,360.10475774770845,0.0,33,33,0,0,33,33,9378,0,0,0,0,0
2020-08-03,US,Kansas,Reno,228,1,0,37.95230263,-98.08607292,20155.0,367.75379850962935,0.43859649122807015,227,219,1,0,218,219,62342,9,0,0,9,0
2020-08-03,US,Kansas,Republic,32,0,0,39.82799632,-97.65036709,20157.0,690.2502157031925,0.0,32,27,0,0,27,27,4664,5,0,0,5,0
2020-08-03,US,Kansas,Rice,30,0,0,38.34616184,-98.19992118,20159.0,314.5643284051588,0.0,30,27,0,0,27,27,9531,3,0,0,3,0
2020-08-03,US,Kansas,Riley,450,5,0,39.28935726,-96.73420026,20161.0,606.2075654704171,1.1111111111111112,445,449,5,0,444,449,73703,1,0,0,1,0
2020-08-03,US,Kansas,Rooks,16,0,0,39.35022773,-99.32484567,20163.0,325.2032520325203,0.0,16,15,0,0,15,15,5013,1,0,0,1,0
2020-08-03,US,Kansas,Rush,6,0,0,38.52275276,-99.30863983,20165.0,197.6284584980237,0.0,6,5,0,0,5,5,3093,1,0,0,1,0
2020-08-03,US,Kansas,Russell,13,0,0,38.91462787,-98.76254297,20167.0,189.6149358226371,0.0,13,10,0,0,10,10,6907,3,0,0,3,0
2020-08-03,US,Kansas,Saline,343,5,0,38.78369175,-97.65185177,20169.0,632.5612275007378,1.4577259475218658,338,340,5,0,335,340,54401,3,0,0,3,0
2020-08-03,US,Kansas,Scott,28,0,0,38.48222076,-100.90665390000001,20171.0,580.5515239477504,0.0,28,28,0,0,28,28,4897,0,0,0,0,0
2020-08-03,US,Kansas,Sedgwick,4348,43,0,37.6842718,-97.4608198,20173.0,842.5670778735063,0.9889604415823368,4305,4287,42,0,4245,4158,513607,61,1,0,60,129
2020-08-03,US,Kansas,Seward,1188,4,0,37.19324632,-100.85072009999999,20175.0,5544.147843942506,0.3367003367003367,1184,1188,4,0,1184,1188,21780,0,0,0,0,0
2020-08-03,US,Kansas,Shawnee,1434,19,0,39.04100763,-95.75572640000001,20177.0,810.7420494699646,1.3249651324965133,1415,1420,19,0,1401,1389,177499,14,0,0,14,31
2020-08-03,US,Kansas,Sheridan,7,0,0,39.35018161,-100.44182590000001,20179.0,277.66759222530743,0.0,7,7,0,0,7,7,2533,0,0,0,0,0
2020-08-03,US,Kansas,Sherman,15,0,0,39.35147699,-101.71976240000001,20181.0,253.50684468480648,0.0,15,14,0,0,14,14,5899,1,0,0,1,0
2020-08-03,US,Kansas,Smith,3,0,0,39.78516566,-98.78566062,20183.0,83.72871895060004,0.0,3,3,0,0,3,3,3603,0,0,0,0,0
2020-08-03,US,Kansas,Stafford,3,0,0,38.03100851,-98.71762001,20185.0,72.18479307025987,0.0,3,3,0,0,3,3,4178,0,0,0,0,0
2020-08-03,US,Kansas,Stanton,16,1,0,37.56304714,-101.78435340000001,20187.0,797.6071784646061,6.25,15,16,1,0,15,16,1987,0,0,0,0,0
2020-08-03,US,Kansas,Stevens,44,0,0,37.1923008,-101.3118967,20189.0,802.1877848678212,0.0,44,43,0,0,43,43,5559,1,0,0,1,0
2020-08-03,US,Kansas,Sumner,98,3,0,37.23682549,-97.47721621,20191.0,429.14696093886846,3.0612244897959178,95,97,3,0,94,97,22996,1,0,0,1,0
2020-08-03,US,Kansas,Thomas,32,0,0,39.35107575,-101.0553705,20193.0,411.46971840041147,0.0,32,32,0,0,32,32,7711,0,0,0,0,0
2020-08-03,US,Kansas,Trego,5,1,0,38.91467218,-99.87284448,20195.0,178.38030681412772,20.0,4,5,1,0,4,5,2793,0,0,0,0,0
2020-08-03,US,Kansas,Unassigned,0,1,0,0.0,0.0,90020.0,0.0,0.0,-1,0,1,0,-1,0,,0,0,0,0,0
2020-08-03,US,Kansas,Wabaunsee,39,0,0,38.95471985,-96.20350509,20197.0,562.6893666137644,0.0,39,39,0,0,39,39,6899,0,0,0,0,0
2020-08-03,US,Kansas,Washington,2,0,0,39.78420784,-97.08753229999999,20201.0,36.99593044765076,0.0,2,2,0,0,2,2,5420,0,0,0,0,0
2020-08-03,US,Kansas,Wichita,4,0,0,38.48178252,-101.3471509,20203.0,188.76828692779614,0.0,4,3,0,0,3,3,2105,1,0,0,1,0
2020-08-03,US,Kansas,Wilson,8,0,0,37.55937174,-95.74323255,20205.0,93.84164222873899,0.0,8,8,0,0,8,8,8665,0,0,0,0,0
2020-08-03,US,Kansas,Woodson,11,0,0,37.8865336,-95.74006277,20207.0,350.54174633524536,0.0,11,11,0,0,11,11,3183,0,0,0,0,0
2020-08-03,US,Kansas,Wyandotte,4535,96,0,39.11727348,-94.76378225,20209.0,2741.357319454268,2.116868798235943,4439,4492,95,0,4397,4373,165324,43,1,0,42,119
2020-08-03,US,Kentucky,Adair,203,19,0,37.10459774,-85.28129668,21001.0,1057.1815435892097,9.35960591133005,184,203,19,0,184,201,19215,0,0,0,0,2
2020-08-03,US,Kentucky,Allen,217,8,0,36.75197631,-86.19457544,21003.0,1018.0623973727423,3.6866359447004617,209,217,8,0,209,217,21122,0,0,0,0,0
2020-08-03,US,Kentucky,Anderson,75,1,0,38.00671029,-84.99171713,21005.0,329.71380841429635,1.3333333333333333,74,75,1,0,74,74,22663,0,0,0,0,1
2020-08-03,US,Kentucky,Ballard,31,0,0,37.05842757,-88.99427697,21007.0,393.00202839756594,0.0,31,30,0,0,30,30,7979,1,0,0,1,0
2020-08-03,US,Kentucky,Barren,334,2,0,36.96469836,-85.93338945,21009.0,754.8193179506883,0.5988023952095808,332,328,2,0,326,324,44176,6,0,0,6,4
2020-08-03,US,Kentucky,Bath,35,1,0,38.14735938,-83.74588932,21011.0,280.0,2.8571428571428568,34,35,1,0,34,34,12383,0,0,0,0,1
2020-08-03,US,Kentucky,Bell,281,2,0,36.73355174,-83.67766671,21013.0,1079.440688383528,0.7117437722419929,279,274,2,0,272,270,26569,7,0,0,7,4
2020-08-03,US,Kentucky,Boone,1021,24,0,38.97065142,-84.72615357,21015.0,764.3302565484613,2.3506366307541624,997,1018,24,0,994,1006,131533,3,0,0,3,12
2020-08-03,US,Kentucky,Bourbon,69,1,0,38.2054607,-84.21827874,21017.0,348.6961795027289,1.4492753623188406,68,69,1,0,68,69,20184,0,0,0,0,0
2020-08-03,US,Kentucky,Boyd,174,3,0,38.36176608,-82.68652187,21019.0,372.4474506614153,1.7241379310344829,171,171,3,0,168,166,47240,3,0,0,3,5
2020-08-03,US,Kentucky,Boyle,137,0,0,37.62680923,-84.8633779,21021.0,455.75515635395874,0.0,137,134,0,0,134,131,30100,3,0,0,3,3
2020-08-03,US,Kentucky,Bracken,29,0,0,38.69158994,-84.08532444,21023.0,349.27134770564857,0.0,29,29,0,0,29,29,8239,0,0,0,0,0
2020-08-03,US,Kentucky,Breathitt,26,0,0,37.52333168,-83.31959161,21025.0,205.8590657165479,0.0,26,26,0,0,26,25,12726,0,0,0,0,1
2020-08-03,US,Kentucky,Breckinridge,52,2,0,37.77377239,-86.42885017,21027.0,253.9434487473751,3.8461538461538463,50,52,2,0,50,51,20388,0,0,0,0,1
2020-08-03,US,Kentucky,Bullitt,315,4,0,37.97162523,-85.68955617,21029.0,385.6702091189578,1.2698412698412698,311,315,4,0,311,311,81069,0,0,0,0,4
2020-08-03,US,Kentucky,Butler,295,15,0,37.20946153,-86.68748787,21031.0,2290.5505085798586,5.084745762711863,280,292,15,0,277,291,12772,3,0,0,3,1
2020-08-03,US,Kentucky,Caldwell,49,0,0,37.14749129,-87.86948214,21033.0,384.40417353102686,0.0,49,49,0,0,49,49,12715,0,0,0,0,0
2020-08-03,US,Kentucky,Calloway,196,3,0,36.62093411,-88.2731593,21035.0,502.5512166354709,1.5306122448979589,193,192,2,0,190,178,39135,4,1,0,3,14
2020-08-03,US,Kentucky,Campbell,525,13,0,38.94384345,-84.37875208,21037.0,560.9933321935374,2.4761904761904763,512,523,13,0,510,517,93152,2,0,0,2,6
2020-08-03,US,Kentucky,Carlisle,31,1,0,36.85372876,-88.96692220000001,21039.0,651.2605042016806,3.2258064516129035,30,26,1,0,25,26,4771,5,0,0,5,0
2020-08-03,US,Kentucky,Carroll,142,2,0,38.66599534,-85.12601074,21041.0,1335.7163013827485,1.4084507042253518,140,141,2,0,139,140,10737,1,0,0,1,1
2020-08-03,US,Kentucky,Carter,95,1,0,38.31690743,-83.05092385,21043.0,354.51729671231857,1.0526315789473684,94,95,1,0,94,95,27004,0,0,0,0,0
2020-08-03,US,Kentucky,Casey,154,10,0,37.32533118,-84.92726209,21045.0,953.0292716133424,6.493506493506493,144,154,10,0,144,149,15888,0,0,0,0,5
2020-08-03,US,Kentucky,Christian,476,6,0,36.89267803,-87.49055367,21047.0,675.5510140361333,1.2605042016806722,470,475,6,0,469,472,71671,1,0,0,1,3
2020-08-03,US,Kentucky,Clark,156,7,0,37.9689263,-84.14615986,21049.0,430.1905523536387,4.487179487179487,149,156,7,0,149,152,36249,0,0,0,0,4
2020-08-03,US,Kentucky,Clay,143,5,0,37.16451126,-83.712575,21051.0,718.5568564393749,3.4965034965034967,138,143,5,0,138,142,20105,0,0,0,0,1
2020-08-03,US,Kentucky,Clinton,27,0,0,36.72581156,-85.13377529,21053.0,264.2395772166765,0.0,27,26,0,0,26,23,10206,1,0,0,1,3
2020-08-03,US,Kentucky,Crittenden,26,1,0,37.35839237,-88.08826090000002,21055.0,295.25323642970704,3.8461538461538463,25,26,1,0,25,26,8915,0,0,0,0,0
2020-08-03,US,Kentucky,Cumberland,40,0,0,36.78926125,-85.39050034,21057.0,604.7777441790142,0.0,40,40,0,0,40,37,6659,0,0,0,0,3
2020-08-03,US,Kentucky,Daviess,715,7,0,37.73028906,-87.09019479999998,21059.0,704.3571632630948,0.9790209790209792,708,712,7,0,705,699,101104,3,0,0,3,13
2020-08-03,US,Kentucky,Edmonson,95,12,0,37.21218923,-86.23955613,21061.0,781.8930041152263,12.63157894736842,83,93,12,0,81,91,12274,2,0,0,2,2
2020-08-03,US,Kentucky,Elliott,8,0,0,38.11624059,-83.09771563,21063.0,106.42543567912732,0.0,8,7,0,0,7,7,7508,1,0,0,1,0
2020-08-03,US,Kentucky,Estill,12,0,0,37.69241417,-83.95956369,21065.0,85.07018290089323,0.0,12,12,0,0,12,12,14198,0,0,0,0,0
2020-08-03,US,Kentucky,Fayette,2807,46,0,38.0368225,-84.45576892,21067.0,868.6314799227607,1.6387602422515142,2761,2777,46,0,2731,2697,323780,30,0,0,30,80
2020-08-03,US,Kentucky,Fleming,56,0,0,38.36758311,-83.69657514,21069.0,384.0614498319731,0.0,56,55,0,0,55,54,14432,1,0,0,1,1
2020-08-03,US,Kentucky,Floyd,83,2,0,37.56213922,-82.74750924,21071.0,233.2181291972239,2.409638554216868,81,81,1,0,80,81,35845,2,1,0,1,0
2020-08-03,US,Kentucky,Franklin,257,5,0,38.2379395,-84.87962551,21073.0,504.0105116589202,1.9455252918287935,252,255,5,0,250,250,50815,2,0,0,2,5
2020-08-03,US,Kentucky,Fulton,60,1,0,36.55238827,-89.20140068,21075.0,1005.1934997487016,1.6666666666666667,59,59,1,0,58,56,6120,1,0,0,1,3
2020-08-03,US,Kentucky,Gallatin,79,8,0,38.75398691,-84.8558382,21077.0,890.7430375465103,10.126582278481012,71,79,8,0,71,79,8832,0,0,0,0,0
2020-08-03,US,Kentucky,Garrard,68,0,0,37.6388668,-84.53289319,21079.0,384.92018566738363,0.0,68,68,0,0,68,67,17560,0,0,0,0,1
2020-08-03,US,Kentucky,Grant,101,5,0,38.64962758,-84.62415957,21081.0,402.88802903985015,4.950495049504951,96,100,5,0,95,97,25121,1,0,0,1,3
2020-08-03,US,Kentucky,Graves,511,22,0,36.72292505,-88.65143315,21083.0,1371.2230988031986,4.305283757338552,489,508,22,0,486,501,37317,3,0,0,3,7
2020-08-03,US,Kentucky,Grayson,181,11,0,37.46231118,-86.34248968,21085.0,684.9055889809663,6.077348066298343,170,179,11,0,168,176,26321,2,0,0,2,3
2020-08-03,US,Kentucky,Green,30,2,0,37.26484328,-85.5540745,21087.0,274.197970935015,6.666666666666668,28,30,2,0,28,30,11049,0,0,0,0,0
2020-08-03,US,Kentucky,Greenup,89,1,0,38.54332505,-82.9215658,21089.0,253.57570231922043,1.1235955056179776,88,89,1,0,88,88,35268,0,0,0,0,1
2020-08-03,US,Kentucky,Hancock,47,0,0,37.83766422,-86.78280584,21091.0,538.8672322861729,0.0,47,47,0,0,47,45,8758,0,0,0,0,2
2020-08-03,US,Kentucky,Hardin,522,8,0,37.6976111,-85.96319251,21093.0,470.4482777267074,1.5325670498084292,514,521,8,0,513,517,110356,1,0,0,1,4
2020-08-03,US,Kentucky,Harlan,207,3,0,36.85699301,-83.21899516,21095.0,795.8477508650519,1.4492753623188406,204,200,3,0,197,198,26409,7,0,0,7,2
2020-08-03,US,Kentucky,Harrison,116,0,0,38.44188174,-84.32869741,21097.0,614.2115853012814,0.0,116,116,0,0,116,115,18778,0,0,0,0,1
2020-08-03,US,Kentucky,Hart,80,0,0,37.29943898,-85.88461055,21099.0,420.2784344628316,0.0,80,77,0,0,77,77,18906,3,0,0,3,0
2020-08-03,US,Kentucky,Henderson,324,4,0,37.79344553,-87.57392021,21101.0,716.6556071665559,1.2345679012345678,320,323,4,0,319,319,45591,1,0,0,1,4
2020-08-03,US,Kentucky,Henry,94,2,0,38.44942688,-85.11587507,21103.0,582.9095870023565,2.127659574468085,92,91,2,0,89,89,16106,3,0,0,3,2
2020-08-03,US,Kentucky,Hickman,34,0,0,36.67948079999999,-88.97875928,21105.0,776.2557077625571,0.0,34,33,0,0,33,33,4421,1,0,0,1,0
2020-08-03,US,Kentucky,Hopkins,403,33,0,37.30939025,-87.54670406,21107.0,901.8484536543884,8.188585607940446,370,403,33,0,370,403,45068,0,0,0,0,0
2020-08-03,US,Kentucky,Jackson,143,14,0,37.41866422,-83.99825483,21109.0,1072.8486758196414,9.79020979020979,129,142,14,0,128,140,13442,1,0,0,1,2
2020-08-03,US,Kentucky,Jefferson,7206,233,0,38.18664655,-85.65931031,21111.0,939.8023102495315,3.2334165972800446,6973,7131,233,0,6898,7040,770517,75,0,0,75,91
2020-08-03,US,Kentucky,Jessamine,300,0,0,37.87119786,-84.58252003,21113.0,554.3749422526101,0.0,300,290,0,0,290,278,53920,10,0,0,10,12
2020-08-03,US,Kentucky,Johnson,39,0,0,37.85106355,-82.8264322,21115.0,175.77068685776095,0.0,39,39,0,0,39,37,22386,0,0,0,0,2
2020-08-03,US,Kentucky,Kenton,1323,37,0,38.93950319,-84.53241199,21117.0,792.225056587504,2.7966742252456545,1286,1317,37,0,1280,1297,166051,6,0,0,6,20
2020-08-03,US,Kentucky,Knott,45,1,0,37.35388197,-82.94981134,21119.0,303.93083884911516,2.2222222222222223,44,40,1,0,39,40,15126,5,0,0,5,0
2020-08-03,US,Kentucky,Knox,201,8,0,36.89225732,-83.85403396,21121.0,645.3684379515171,3.9800995024875614,193,201,8,0,193,200,31304,0,0,0,0,1
2020-08-03,US,Kentucky,Larue,51,1,0,37.54567114,-85.70138352,21123.0,354.21586331434924,1.96078431372549,50,49,1,0,48,47,14307,2,0,0,2,2
2020-08-03,US,Kentucky,Laurel,374,4,0,37.10975748,-84.11321779,21125.0,615.0000822192624,1.0695187165775402,370,374,4,0,370,373,60669,0,0,0,0,1
2020-08-03,US,Kentucky,Lawrence,33,0,0,38.07136018,-82.72882223,21127.0,215.44688907749557,0.0,33,33,0,0,33,33,15571,0,0,0,0,0
2020-08-03,US,Kentucky,Lee,4,0,0,37.59645942,-83.71513901,21129.0,54.032149128731604,0.0,4,4,0,0,4,3,7033,0,0,0,0,1
2020-08-03,US,Kentucky,Leslie,26,0,0,37.09246661,-83.37999606,21131.0,263.23782525058215,0.0,26,26,0,0,26,26,10143,0,0,0,0,0
2020-08-03,US,Kentucky,Letcher,51,0,0,37.12306748,-82.85346474,21133.0,236.6259917412889,0.0,51,49,0,0,49,49,21899,2,0,0,2,0
2020-08-03,US,Kentucky,Lewis,36,0,0,38.53184419,-83.37735618,21135.0,271.18644067796606,0.0,36,35,0,0,35,33,13257,1,0,0,1,2
2020-08-03,US,Kentucky,Lincoln,99,1,0,37.45475628,-84.6565327,21137.0,403.2750824880851,1.0101010101010102,98,99,1,0,98,98,24644,0,0,0,0,1
2020-08-03,US,Kentucky,Livingston,32,1,0,37.21137452,-88.34797529,21139.0,348.0530780944094,3.125,31,32,1,0,31,32,9242,0,0,0,0,0
2020-08-03,US,Kentucky,Logan,302,22,0,36.85949479,-86.877635,21141.0,1114.3089070917276,7.284768211920531,280,301,22,0,279,300,26989,1,0,0,1,1
2020-08-03,US,Kentucky,Lyon,30,4,0,37.02080035,-88.07886257,21143.0,365.4080389768576,13.333333333333336,26,30,4,0,26,30,8009,0,0,0,0,0
2020-08-03,US,Kentucky,Madison,396,1,0,37.71659336,-84.27220275,21151.0,425.8659812661985,0.2525252525252525,395,383,1,0,382,380,92368,13,0,0,13,3
2020-08-03,US,Kentucky,Magoffin,23,0,0,37.70820545,-83.0657714,21153.0,189.12918345530795,0.0,23,20,0,0,20,19,12362,3,0,0,3,1
2020-08-03,US,Kentucky,Marion,110,0,0,37.55218078,-85.26898542,21155.0,570.7466403777305,0.0,110,105,0,0,105,102,19404,5,0,0,5,3
2020-08-03,US,Kentucky,Marshall,125,2,0,36.88007070000001,-88.32803576,21157.0,401.9292604501608,1.6,123,124,2,0,122,124,31191,1,0,0,1,0
2020-08-03,US,Kentucky,Martin,30,0,0,37.79990579,-82.51247478,21159.0,267.9767753461366,0.0,30,30,0,0,30,29,11323,0,0,0,0,1
2020-08-03,US,Kentucky,Mason,53,1,0,38.59471935,-83.82151043,21161.0,310.48623315758635,1.8867924528301887,52,53,1,0,52,53,17150,0,0,0,0,0
2020-08-03,US,Kentucky,McCracken,334,4,0,37.05350953,-88.70445755,21145.0,510.56284203124517,1.1976047904191616,330,330,4,0,326,328,65346,4,0,0,4,2
2020-08-03,US,Kentucky,McCreary,37,0,0,36.73874143,-84.48102924,21147.0,214.72926701874528,0.0,37,36,0,0,36,35,17408,1,0,0,1,1
2020-08-03,US,Kentucky,McLean,38,1,0,37.5301951,-87.26803443,21149.0,412.7294449875095,2.631578947368421,37,38,1,0,37,38,9252,0,0,0,0,0
2020-08-03,US,Kentucky,Meade,85,2,0,37.96163597,-86.21028219,21163.0,297.4940501189976,2.3529411764705883,83,85,2,0,83,82,28715,0,0,0,0,3
2020-08-03,US,Kentucky,Menifee,29,0,0,37.94090733,-83.59985712,21165.0,446.9101556480197,0.0,29,29,0,0,29,29,6451,0,0,0,0,0
2020-08-03,US,Kentucky,Mercer,74,0,0,37.81474237,-84.87488475,21167.0,337.39114576209363,0.0,74,74,0,0,74,73,21774,0,0,0,0,1
2020-08-03,US,Kentucky,Metcalfe,51,2,0,36.99459295,-85.63123699,21169.0,506.40452785224886,3.92156862745098,49,50,2,0,48,50,10030,1,0,0,1,0
2020-08-03,US,Kentucky,Monroe,88,2,0,36.71225341,-85.71596443,21171.0,826.2910798122066,2.272727272727273,86,88,2,0,86,88,10718,0,0,0,0,0
2020-08-03,US,Kentucky,Montgomery,113,0,0,38.03253032,-83.9145241,21173.0,401.3211634762225,0.0,113,113,0,0,113,110,28203,0,0,0,0,3
2020-08-03,US,Kentucky,Morgan,30,0,0,37.92465657,-83.25558245,21175.0,225.4113757607634,0.0,30,29,0,0,29,28,13345,1,0,0,1,1
2020-08-03,US,Kentucky,Muhlenberg,612,10,0,37.21425819,-87.14632053,21177.0,1998.5631245509765,1.6339869281045751,602,611,10,0,601,610,30774,1,0,0,1,1
2020-08-03,US,Kentucky,Nelson,190,2,0,37.80335779,-85.4657193,21179.0,410.9618670646508,1.0526315789473684,188,189,2,0,187,187,45851,1,0,0,1,2
2020-08-03,US,Kentucky,Nicholas,20,0,0,38.33342292,-84.01889177,21181.0,275.14100976750586,0.0,20,20,0,0,20,20,7166,0,0,0,0,0
2020-08-03,US,Kentucky,Ohio,340,6,0,37.47751843,-86.85368087,21183.0,1417.0209218971409,1.7647058823529411,334,340,6,0,334,339,24087,0,0,0,0,1
2020-08-03,US,Kentucky,Oldham,575,14,0,38.39791089,-85.448222,21185.0,860.7913292115152,2.4347826086956523,561,555,14,0,541,546,66470,20,0,0,20,9
2020-08-03,US,Kentucky,Owen,42,0,0,38.51679143,-84.82404619,21187.0,385.28575360058716,0.0,42,42,0,0,42,42,10880,0,0,0,0,0
2020-08-03,US,Kentucky,Owsley,10,0,0,37.42823949,-83.68811419,21189.0,226.5005662514156,0.0,10,10,0,0,10,9,4472,0,0,0,0,1
2020-08-03,US,Kentucky,Pendleton,36,0,0,38.69607718,-84.35599463,21191.0,246.74434544208358,0.0,36,36,0,0,36,36,14529,0,0,0,0,0
2020-08-03,US,Kentucky,Perry,189,3,0,37.25023553,-83.22922731,21193.0,733.7526205450732,1.5873015873015872,186,187,3,0,184,184,26092,2,0,0,2,3
2020-08-03,US,Kentucky,Pike,219,3,0,37.47088263,-82.39487445,21195.0,378.39518971594435,1.3698630136986298,216,219,3,0,216,219,58402,0,0,0,0,0
2020-08-03,US,Kentucky,Powell,50,0,0,37.83218794,-83.82553961,21197.0,404.56347600938585,0.0,50,48,0,0,48,44,12442,2,0,0,2,4
2020-08-03,US,Kentucky,Pulaski,260,2,0,37.10466131,-84.57629079,21199.0,400.1292725342033,0.7692307692307693,258,258,2,0,256,239,64623,2,0,0,2,19
2020-08-03,US,Kentucky,Robertson,3,0,0,38.51923469,-84.05055616,21201.0,142.31499051233396,0.0,3,3,0,0,3,3,2135,0,0,0,0,0
2020-08-03,US,Kentucky,Rockcastle,61,0,0,37.36642393,-84.31176452,21203.0,365.3788559448937,0.0,61,61,0,0,61,60,16750,0,0,0,0,1
2020-08-03,US,Kentucky,Rowan,68,0,0,38.19484205,-83.42088935,21205.0,278.0049059689289,0.0,68,68,0,0,68,68,24583,0,0,0,0,0
2020-08-03,US,Kentucky,Russell,100,5,0,36.99308373,-85.06070117,21207.0,557.9423087652737,5.0,95,100,5,0,95,95,17821,0,0,0,0,5
2020-08-03,US,Kentucky,Scott,330,0,0,38.29622293,-84.5816631,21209.0,578.9067433864292,0.0,330,323,0,0,323,318,56031,7,0,0,7,5
2020-08-03,US,Kentucky,Shelby,711,22,0,38.21476019,-85.194223,21211.0,1450.310052219321,3.094233473980309,689,708,22,0,686,703,48518,3,0,0,3,5
2020-08-03,US,Kentucky,Simpson,139,7,0,36.74058474,-86.58047435,21213.0,748.4385095843205,5.035971223021583,132,138,7,0,131,138,18529,1,0,0,1,0
2020-08-03,US,Kentucky,Spencer,102,0,0,38.03223971,-85.32749335,21215.0,527.1045424009095,0.0,102,97,0,0,97,96,18794,5,0,0,5,1
2020-08-03,US,Kentucky,Taylor,101,2,0,37.3677562,-85.3329931,21217.0,391.943808452016,1.98019801980198,99,101,2,0,99,100,25549,0,0,0,0,1
2020-08-03,US,Kentucky,Todd,33,0,0,36.8381152,-87.17878374,21219.0,268.4236212786725,0.0,33,33,0,0,33,33,12311,0,0,0,0,0
2020-08-03,US,Kentucky,Trigg,50,0,0,36.80767017,-87.87333656,21221.0,341.27363319909904,0.0,50,49,0,0,49,48,14643,1,0,0,1,1
2020-08-03,US,Kentucky,Trimble,32,0,0,38.61056487,-85.33775972,21223.0,377.7594144729076,0.0,32,32,0,0,32,32,8515,0,0,0,0,0
2020-08-03,US,Kentucky,Union,54,0,0,37.66166713,-87.94300009,21225.0,375.49544537932,0.0,54,53,0,0,53,53,14505,1,0,0,1,0
2020-08-03,US,Kentucky,Warren,2451,22,0,36.99903045,-86.42672751,21227.0,1844.2993017096078,0.8975928192574459,2429,2427,22,0,2405,2404,131264,24,0,0,24,23
2020-08-03,US,Kentucky,Washington,64,0,0,37.75599461,-85.17407732,21229.0,529.1442744935923,0.0,64,62,0,0,62,59,12084,2,0,0,2,3
2020-08-03,US,Kentucky,Wayne,53,0,0,36.80310688,-84.8251971,21231.0,260.6600108198495,0.0,53,52,0,0,52,50,20468,1,0,0,1,2
2020-08-03,US,Kentucky,Webster,81,1,0,37.52168356,-87.67989953,21233.0,625.8692628650904,1.2345679012345678,80,81,1,0,80,79,13111,0,0,0,0,2
2020-08-03,US,Kentucky,Whitley,144,1,0,36.75700531,-84.14541217,21235.0,397.0880211780278,0.6944444444444444,143,136,1,0,135,133,36242,8,0,0,8,3
2020-08-03,US,Kentucky,Wolfe,11,0,0,37.73941626,-83.49303612,21237.0,153.69568254855386,0.0,11,9,0,0,9,9,7177,2,0,0,2,0
2020-08-03,US,Kentucky,Woodford,133,0,0,38.04178222,-84.7417556,21239.0,497.4938280840877,0.0,133,129,0,0,129,127,26533,4,0,0,4,2
2020-08-03,US,Louisiana,Acadia,2403,77,0,30.2950649,-92.41419698,22001.0,3872.9954065597553,3.2043279234290467,2326,2380,72,0,2308,2331,62190,23,5,0,18,49
2020-08-03,US,Louisiana,Allen,1156,23,0,30.65385745,-92.82442028,22003.0,4510.867444492137,1.9896193771626296,1133,1117,23,0,1094,1036,25605,39,0,0,39,81
2020-08-03,US,Louisiana,Ascension,2643,71,0,30.20406249,-90.91328409999998,22005.0,2087.611765820985,2.686341278849792,2572,2609,68,0,2541,2458,124672,34,3,0,31,151
2020-08-03,US,Louisiana,Assumption,555,20,0,29.89946234,-91.06461642,22007.0,2535.2884747156368,3.603603603603604,535,552,19,0,533,537,22300,3,1,0,2,15
2020-08-03,US,Louisiana,Avoyelles,951,27,0,31.07796211,-92.00079449,22009.0,2368.971701873257,2.8391167192429023,924,939,27,0,912,907,40462,12,0,0,12,32
2020-08-03,US,Louisiana,Beauregard,789,17,0,30.64836518,-93.34173616,22011.0,2104.1683334666773,2.1546261089987326,772,773,17,0,756,743,37253,16,0,0,16,30
2020-08-03,US,Louisiana,Bienville,353,30,0,32.34569994,-93.05398492,22013.0,2665.961785363643,8.498583569405099,323,353,30,0,323,348,13308,0,0,0,0,5
2020-08-03,US,Louisiana,Bossier,2118,73,0,32.67932307,-93.60460152,22015.0,1667.2045592298427,3.446647780925401,2045,2111,73,0,2038,2054,127185,7,0,0,7,57
2020-08-03,US,Louisiana,Caddo,6299,281,0,32.57991587,-93.88375652,22017.0,2622.354332151005,4.4610255596126365,6018,6261,281,0,5980,6144,242922,38,0,0,38,117
2020-08-03,US,Louisiana,Calcasieu,6527,127,0,30.22931235,-93.35400434,22019.0,3208.380031066281,1.9457637505745364,6400,6440,127,0,6313,6278,203112,87,0,0,87,162
2020-08-03,US,Louisiana,Caldwell,200,2,0,32.0902519,-92.11752148,22021.0,2016.5355918531961,1.0,198,197,2,0,195,190,9960,3,0,0,3,7
2020-08-03,US,Louisiana,Cameron,167,0,0,29.87592238,-93.19310676,22023.0,2394.951957550552,0.0,167,167,0,0,167,164,6968,0,0,0,0,3
2020-08-03,US,Louisiana,Catahoula,264,4,0,31.66778967,-91.84526385,22025.0,2780.703602275121,1.5151515151515151,260,256,4,0,252,249,9608,8,0,0,8,7
2020-08-03,US,Louisiana,Claiborne,221,11,0,32.82308512,-92.99526883,22027.0,1410.3382259093812,4.977375565610861,210,222,11,0,211,216,15944,-1,0,0,-1,6
2020-08-03,US,Louisiana,Concordia,287,8,0,31.44817835,-91.63814433,22029.0,1490.212368243419,2.787456445993032,279,278,8,0,270,261,19572,9,0,0,9,17
2020-08-03,US,Louisiana,De Soto,662,24,0,32.05457447,-93.74130302,22031.0,2410.515966937334,3.625377643504532,638,655,24,0,631,633,27436,7,0,0,7,22
2020-08-03,US,Louisiana,East Baton Rouge,11263,328,0,30.53842039,-91.09777565,22033.0,2559.429531040156,2.9121903578087545,10935,11169,327,0,10842,10690,440956,94,1,0,93,479
2020-08-03,US,Louisiana,East Carroll,501,1,0,32.73926954,-91.23425694,22035.0,7302.142544818539,0.1996007984031936,500,501,1,0,500,493,7037,0,0,0,0,8
2020-08-03,US,Louisiana,East Feliciana,522,35,0,30.84425359,-91.04976723,22037.0,2727.985367128299,6.704980842911878,487,518,35,0,483,490,19305,4,0,0,4,28
2020-08-03,US,Louisiana,Evangeline,732,2,0,30.72985248,-92.39915924,22039.0,2191.944901931427,0.27322404371584696,730,720,2,0,718,699,33443,12,0,0,12,21
2020-08-03,US,Louisiana,Franklin,839,17,0,32.13675181,-91.67589857,22041.0,4191.85610791906,2.026221692491061,822,826,17,0,809,785,20156,13,0,0,13,41
2020-08-03,US,Louisiana,Grant,282,9,0,31.59882456,-92.56124347,22043.0,1259.5470990218412,3.191489361702128,273,280,9,0,271,270,22482,2,0,0,2,10
2020-08-03,US,Louisiana,Iberia,2247,65,0,29.86803617,-91.75871777,22045.0,3217.8146928254328,2.892745883400089,2182,2218,63,0,2155,2160,70941,29,2,0,27,58
2020-08-03,US,Louisiana,Iberville,1152,47,0,30.25734305,-91.3499598,22047.0,3543.41607455938,4.079861111111111,1105,1138,47,0,1091,1100,32721,14,0,0,14,38
2020-08-03,US,Louisiana,Jackson,359,18,0,32.30251776,-92.55692092,22049.0,2280.2337398373984,5.013927576601671,341,357,18,0,339,349,15902,2,0,0,2,8
2020-08-03,US,Louisiana,Jefferson,14533,518,0,29.74075478,-90.11115756,22051.0,3360.285599998151,3.5643019335305857,14015,14453,518,0,13935,14155,434051,80,0,0,80,298
2020-08-03,US,Louisiana,Jefferson Davis,963,24,0,30.26896765,-92.81210004,22053.0,3070.007651109411,2.4922118380062304,939,954,24,0,930,944,31582,9,0,0,9,10
2020-08-03,US,Louisiana,LaSalle,242,2,0,31.67884782,-92.15907765,22059.0,1625.0335750738654,0.8264462809917356,240,236,2,0,234,219,14917,6,0,0,6,17
2020-08-03,US,Louisiana,Lafayette,6423,87,0,30.2049055,-92.06959876,22055.0,2628.176275625025,1.3545072396076598,6336,6350,86,0,6264,6155,242782,73,1,0,72,195
2020-08-03,US,Louisiana,Lafourche,2589,96,0,29.52470226,-90.40976986,22057.0,2652.283483926486,3.707995365005794,2493,2572,96,0,2476,2516,98115,17,0,0,17,56
2020-08-03,US,Louisiana,Lincoln,720,24,0,32.6003154,-92.6659741,22061.0,1540.37054469214,3.333333333333333,696,716,24,0,692,695,47196,4,0,0,4,21
2020-08-03,US,Louisiana,Livingston,2680,49,0,30.44143993,-90.73061664,22063.0,1903.557806362713,1.8283582089552242,2631,2660,49,0,2611,2561,139567,20,0,0,20,99
2020-08-03,US,Louisiana,Madison,566,6,0,32.36918118,-91.23973355,22065.0,5168.477764587708,1.060070671378092,560,564,6,0,558,551,11161,2,0,0,2,13
2020-08-03,US,Louisiana,Morehouse,443,11,0,32.81686191,-91.80421614,22067.0,1780.9761196430004,2.4830699774266365,432,441,11,0,430,428,25398,2,0,0,2,13
2020-08-03,US,Louisiana,Natchitoches,691,17,0,31.72321584,-93.09816516,22069.0,1810.8915561612243,2.4602026049204047,674,687,17,0,670,662,38659,4,0,0,4,25
2020-08-03,US,Louisiana,Orleans,10426,560,0,30.06971951,-89.92660315,22071.0,2672.3466207349084,5.3711874160751965,9866,10384,560,0,9824,10255,391006,42,0,0,42,129
2020-08-03,US,Louisiana,Ouachita,4509,105,0,32.47645559,-92.15704172,22073.0,2941.6945569843238,2.328675981370592,4404,4474,105,0,4369,4372,154475,35,0,0,35,102
2020-08-03,US,Louisiana,Plaquemines,425,19,0,29.42245447,-89.60322085,22075.0,1832.1334655343364,4.470588235294118,406,425,19,0,406,420,23410,0,0,0,0,5
2020-08-03,US,Louisiana,Pointe Coupee,739,32,0,30.71409502,-91.60209535,22077.0,3400.828347906121,4.330175913396482,707,726,32,0,694,706,21940,13,0,0,13,20
2020-08-03,US,Louisiana,Rapides,3068,106,0,31.19778499,-92.52997303,22079.0,2366.4075033938047,3.4550195567144715,2962,3037,104,0,2933,2945,130562,31,2,0,29,92
2020-08-03,US,Louisiana,Red River,189,11,0,32.09530039,-93.34213308,22081.0,2238.8059701492543,5.8201058201058204,178,189,11,0,178,179,8477,0,0,0,0,10
2020-08-03,US,Louisiana,Richland,544,6,0,32.41391005,-91.76634876,22083.0,2703.508597554915,1.1029411764705883,538,538,6,0,532,513,20192,6,0,0,6,25
2020-08-03,US,Louisiana,Sabine,535,10,0,31.56388699,-93.55433981,22085.0,2239.993300954614,1.8691588785046729,525,534,9,0,525,518,24032,1,1,0,0,16
2020-08-03,US,Louisiana,St. Bernard,1037,23,0,29.87761636,-89.51887093,22087.0,2194.98772330878,2.217936354869817,1014,1028,23,0,1005,1001,46721,9,0,0,9,27
2020-08-03,US,Louisiana,St. Charles,1375,50,0,29.90709658,-90.35555967,22089.0,2589.4538606403007,3.636363636363636,1325,1367,50,0,1317,1340,52879,8,0,0,8,27
2020-08-03,US,Louisiana,St. Helena,246,1,0,30.82210324,-90.71013176,22091.0,2427.9510461902883,0.4065040650406504,245,246,1,0,245,238,10262,0,0,0,0,8
2020-08-03,US,Louisiana,St. James,649,31,0,30.02531716,-90.80212061,22093.0,3076.412590064467,4.776579352850539,618,645,31,0,614,624,21037,4,0,0,4,21
2020-08-03,US,Louisiana,St. John the Baptist,1355,88,0,30.12597499,-90.4753503,22095.0,3163.1533487405745,6.494464944649447,1267,1348,88,0,1260,1334,43184,7,0,0,7,14
2020-08-03,US,Louisiana,St. Landry,2226,75,0,30.59724262,-92.00135806,22097.0,2710.535288100921,3.3692722371967654,2151,2183,74,0,2109,2082,82764,43,1,0,42,101
2020-08-03,US,Louisiana,St. Martin,1519,42,0,30.13112107,-91.61403569,22099.0,2842.918904755666,2.7649769585253456,1477,1501,42,0,1459,1468,53621,18,0,0,18,33
2020-08-03,US,Louisiana,St. Mary,1445,49,0,29.69262097,-91.44702164,22101.0,2928.1835130096456,3.3910034602076125,1396,1434,49,0,1385,1381,49774,11,0,0,11,53
2020-08-03,US,Louisiana,St. Tammany,4808,203,0,30.40942847,-89.95642711,22103.0,1846.2554575511008,4.222129783693844,4605,4759,203,0,4556,4621,258111,49,0,0,49,138
2020-08-03,US,Louisiana,Tangipahoa,3159,63,0,30.62888673,-90.40664996,22105.0,2344.20219949836,1.9943019943019944,3096,3137,63,0,3074,3037,133777,22,0,0,22,100
2020-08-03,US,Louisiana,Tensas,65,0,0,32.00760749,-91.32915234,22107.0,1499.7692662667282,0.0,65,63,0,0,63,56,4462,2,0,0,2,7
2020-08-03,US,Louisiana,Terrebonne,2800,78,0,29.37343766,-90.82626855,22109.0,2534.831297924154,2.7857142857142856,2722,2781,78,0,2703,2693,111021,19,0,0,19,88
2020-08-03,US,Louisiana,Unassigned,11,114,0,0.0,0.0,90022.0,0.0,1036.3636363636363,-103,11,114,0,-103,10,,0,0,0,0,1
2020-08-03,US,Louisiana,Union,623,33,0,32.83121059,-92.3749373,22111.0,2817.984440021712,5.296950240770466,590,619,33,0,586,596,22330,4,0,0,4,23
2020-08-03,US,Louisiana,Vermilion,1378,17,0,29.83517605,-92.30292538,22113.0,2315.5383038429873,1.2336719883889695,1361,1325,17,0,1308,1224,59830,53,0,0,53,101
2020-08-03,US,Louisiana,Vernon,704,22,0,31.10884837,-93.18153838,22115.0,1484.3239368318964,3.125,682,684,22,0,662,663,48860,20,0,0,20,21
2020-08-03,US,Louisiana,Washington,1199,58,0,30.85288548,-90.03866652,22117.0,2595.575182924189,4.837364470391993,1141,1193,58,0,1135,1166,46582,6,0,0,6,27
2020-08-03,US,Louisiana,Webster,826,13,0,32.70847669,-93.33121835,22119.0,2154.4079290558166,1.5738498789346247,813,823,13,0,810,811,38798,3,0,0,3,12
2020-08-03,US,Louisiana,West Baton Rouge,661,36,0,30.46058217,-91.30989571,22121.0,2497.638390326847,5.446293494704992,625,655,36,0,619,613,26427,6,0,0,6,42
2020-08-03,US,Louisiana,West Carroll,259,5,0,32.78550125,-91.461201,22123.0,2391.505078485688,1.9305019305019304,254,258,5,0,253,247,10982,1,0,0,1,11
2020-08-03,US,Louisiana,West Feliciana,326,16,0,30.87882871,-91.4148538,22125.0,2094.0390544707093,4.9079754601227,310,324,16,0,308,322,15460,2,0,0,2,2
2020-08-03,US,Louisiana,Winn,398,7,0,31.94449367,-92.63789413,22127.0,2862.485615650173,1.7587939698492463,391,386,7,0,379,374,14134,12,0,0,12,12
2020-08-03,US,Maine,Androscoggin,548,7,0,44.1664747,-70.20380627,23001.0,506.10933069811693,1.2773722627737227,541,550,7,0,543,550,107679,-2,0,0,-2,0
2020-08-03,US,Maine,Aroostook,32,1,0,46.65926321,-68.59841248,23003.0,47.722019237938994,3.125,31,32,1,0,31,32,67111,0,0,0,0,0
2020-08-03,US,Maine,Cumberland,2058,69,0,43.8370751,-70.37226999,23005.0,697.6200242031438,3.3527696793002915,1989,2052,68,0,1984,2047,293557,6,1,0,5,5
2020-08-03,US,Maine,Franklin,45,1,0,44.97330019,-70.44381045,23007.0,149.01155667406206,2.2222222222222223,44,45,1,0,44,45,29897,0,0,0,0,0
2020-08-03,US,Maine,Hancock,34,1,0,44.59816444,-68.38401854,23009.0,61.83279684289014,2.9411764705882355,33,34,1,0,33,27,54811,0,0,0,0,7
2020-08-03,US,Maine,Kennebec,169,11,0,44.40759555,-69.76738544,23011.0,138.18253176562934,6.508875739644972,158,167,11,0,156,167,122083,2,0,0,2,0
2020-08-03,US,Maine,Knox,26,1,0,44.11486325,-69.10529169,23013.0,65.37262395655236,3.8461538461538463,25,26,1,0,25,26,39771,0,0,0,0,0
2020-08-03,US,Maine,Lincoln,34,1,0,44.05996956,-69.54227124,23015.0,98.16942888491079,2.9411764705882355,33,34,1,0,33,34,34342,0,0,0,0,0
2020-08-03,US,Maine,Oxford,55,0,0,44.49952995,-70.75682123,23017.0,94.8684777921518,0.0,55,55,0,0,55,54,57618,0,0,0,0,1
2020-08-03,US,Maine,Penobscot,150,5,0,45.40194593,-68.65020455,23019.0,98.58821673633568,3.333333333333333,145,148,5,0,143,146,151096,2,0,0,2,2
2020-08-03,US,Maine,Piscataquis,3,0,0,45.83839062,-69.2860223,23021.0,17.873100983020553,0.0,3,3,0,0,3,3,16800,0,0,0,0,0
2020-08-03,US,Maine,Sagadahoc,51,0,0,43.95415864,-69.85074999,23023.0,142.23560910307899,0.0,51,50,0,0,50,50,35634,1,0,0,1,0
2020-08-03,US,Maine,Somerset,34,1,0,45.51229767,-69.95995554,23025.0,67.34807067585771,2.9411764705882355,33,34,1,0,33,34,50592,0,0,0,0,0
2020-08-03,US,Maine,Unassigned,2,0,0,0.0,0.0,90023.0,0.0,0.0,2,2,0,0,2,2,,0,0,0,0,0
2020-08-03,US,Maine,Waldo,62,14,0,44.4858305,-69.12061935,23027.0,156.11230013848672,22.580645161290327,48,62,14,0,48,62,39694,0,0,0,0,0
2020-08-03,US,Maine,Washington,9,0,0,45.01607142,-67.62813524,23029.0,28.681602345517703,0.0,9,9,0,0,9,8,31490,0,0,0,0,1
2020-08-03,US,Maine,York,658,12,0,43.47808377,-70.71052375,23031.0,316.8930991470856,1.82370820668693,646,655,12,0,643,650,206229,3,0,0,3,5
2020-08-03,US,Maryland,Allegany,273,18,0,39.62357628,-78.69280486,24001.0,387.6959781867757,6.593406593406592,255,271,18,0,253,267,70975,2,0,0,2,4
2020-08-03,US,Maryland,Anne Arundel,7007,217,0,39.00670238,-76.60329337,24003.0,1209.7010879886195,3.0969030969030964,6790,6958,217,0,6741,6855,576031,49,0,0,49,103
2020-08-03,US,Maryland,Baltimore,12401,551,0,39.45784712,-76.62911955,24005.0,1498.845740116272,4.443190065317314,11850,12175,551,0,11624,11997,828431,226,0,0,226,178
2020-08-03,US,Maryland,Baltimore City,11748,413,0,39.30211911,-76.61151012,24510.0,1979.477329019865,3.515491998638067,11335,11577,413,0,11164,11406,621342,171,0,0,171,171
2020-08-03,US,Maryland,Calvert,635,28,0,38.53961642,-76.56820632,24009.0,686.3009997298028,4.409448818897638,607,619,28,0,591,612,92003,16,0,0,16,7
2020-08-03,US,Maryland,Caroline,438,3,0,38.87172293,-75.82904158,24011.0,1311.1417110698676,0.6849315068493149,435,432,3,0,429,430,33304,6,0,0,6,2
2020-08-03,US,Maryland,Carroll,1491,117,0,39.56453592,-77.02373735,24013.0,885.1448823665604,7.847082494969818,1374,1481,116,0,1365,1467,168429,10,1,0,9,14
2020-08-03,US,Maryland,Cecil,655,30,0,39.56647682,-75.94627411,24015.0,636.81882261436,4.580152671755725,625,647,30,0,617,630,102826,8,0,0,8,17
2020-08-03,US,Maryland,Charles,1909,91,0,38.51092331,-76.98580666,24017.0,1169.3219892562033,4.766893661602934,1818,1878,91,0,1787,1855,161503,31,0,0,31,23
2020-08-03,US,Maryland,Dorchester,352,5,0,38.45413522,-76.02752426,24019.0,1102.4460521782705,1.4204545454545454,347,351,5,0,346,349,31998,1,0,0,1,2
2020-08-03,US,Maryland,Frederick,3010,121,0,39.47296601,-77.39999394,24021.0,1159.7128843716166,4.0199335548172765,2889,2998,121,0,2877,2989,255648,12,0,0,12,9
2020-08-03,US,Maryland,Garrett,43,0,0,39.52786077,-79.27355126,24023.0,148.20431515819945,0.0,43,43,0,0,43,43,29163,0,0,0,0,0
2020-08-03,US,Maryland,Harford,1853,68,0,39.55010644,-76.30775940000002,24025.0,725.4121303941027,3.669724770642202,1785,1818,68,0,1750,1780,253956,35,0,0,35,38
2020-08-03,US,Maryland,Howard,3660,106,0,39.25305293,-76.93126208,24027.0,1123.7680002456323,2.8961748633879782,3554,3622,106,0,3516,3570,323196,38,0,0,38,52
2020-08-03,US,Maryland,Kent,235,23,0,39.24976208,-76.04741541,24029.0,1209.968077437957,9.787234042553193,212,235,23,0,212,235,19383,0,0,0,0,0
2020-08-03,US,Maryland,Montgomery,17842,793,0,39.13676329,-77.20358245,24031.0,1698.125418773223,4.444568994507343,17049,17758,791,0,16967,17665,1052567,84,2,0,82,93
2020-08-03,US,Maryland,Prince George's,22880,743,0,38.83070039,-76.8496441,24033.0,2516.146556739215,3.2473776223776225,22137,22743,743,0,22000,22606,909308,137,0,0,137,137
2020-08-03,US,Maryland,Queen Anne's,399,25,0,39.06198912,-76.03530977,24035.0,791.9652249856098,6.265664160401004,374,397,25,0,372,386,50251,2,0,0,2,11
2020-08-03,US,Maryland,Somerset,123,3,0,38.1163542,-75.75118623,24039.0,480.16864459712684,2.4390243902439024,120,123,3,0,120,121,25675,0,0,0,0,2
2020-08-03,US,Maryland,St. Mary's,931,52,0,38.30058422,-76.60629279999998,24037.0,820.1920535635628,5.585392051557465,879,922,52,0,870,904,112664,9,0,0,9,18
2020-08-03,US,Maryland,Talbot,368,4,0,38.76618159,-76.10882561,24041.0,989.7528307468867,1.0869565217391304,364,366,4,0,362,361,36968,2,0,0,2,5
2020-08-03,US,Maryland,Unassigned,0,19,0,0.0,0.0,90024.0,0.0,0.0,-19,0,14,0,-14,0,,0,5,0,-5,0
2020-08-03,US,Maryland,Washington,982,30,0,39.60835778,-77.82002295,24043.0,650.1201596832816,3.054989816700611,952,978,30,0,948,967,150926,4,0,0,4,11
2020-08-03,US,Maryland,Wicomico,1298,44,0,38.37301947,-75.62705831,24045.0,1252.7869200552075,3.3898305084745757,1254,1294,44,0,1250,1287,103195,4,0,0,4,7
2020-08-03,US,Maryland,Worcester,611,19,0,38.21274277,-75.33200012,24047.0,1168.7963884000305,3.1096563011456633,592,588,19,0,569,583,51823,23,0,0,23,5
2020-08-03,US,Massachusetts,Barnstable,1764,157,0,41.72980578,-70.28854339,25001.0,828.2078970843703,8.900226757369614,1607,1757,157,0,1600,1755,213413,7,0,0,7,2
2020-08-03,US,Massachusetts,Berkshire,657,46,0,42.37428441,-73.20524838,25003.0,525.8355743373031,7.001522070015222,611,657,46,0,611,654,126348,0,0,0,0,3
2020-08-03,US,Massachusetts,Bristol,9153,626,0,41.79228404,-71.10872211,25005.0,1619.3780441847998,6.839287665246368,8527,9124,625,0,8499,9088,564022,29,1,0,28,36
2020-08-03,US,Massachusetts,Dukes and Nantucket,98,1,0,41.40674725,-70.68763497,0.0,341.09498451150324,1.020408163265306,97,98,1,0,97,98,26707,0,0,0,0,0
2020-08-03,US,Massachusetts,Essex,17422,1185,0,42.6687626,-70.94687179,25009.0,2208.016384591792,6.8017449202158184,16237,17386,1183,0,16203,17305,790638,36,2,0,34,81
2020-08-03,US,Massachusetts,Franklin,405,60,0,42.58119713,-72.58602547,25011.0,577.0874893131946,14.814814814814815,345,405,60,0,345,404,70963,0,0,0,0,1
2020-08-03,US,Massachusetts,Hampden,7477,699,0,42.13440424,-72.63235561,25013.0,1603.2266088015576,9.348669252373947,6778,7467,698,0,6769,7433,470406,10,1,0,9,34
2020-08-03,US,Massachusetts,Hampshire,1139,127,0,42.33997957,-72.65898478,25015.0,708.2012062426164,11.150131694468833,1012,1136,127,0,1009,1132,161355,3,0,0,3,4
2020-08-03,US,Massachusetts,Middlesex,25932,1988,0,42.48607732,-71.39049229,25017.0,1608.9853006051376,7.6662039179392245,23944,25894,1985,0,23909,25801,1614714,38,3,0,35,93
2020-08-03,US,Massachusetts,Norfolk,10361,988,0,42.16073095,-71.20530408,25021.0,1465.9545116904249,9.535759096612297,9373,10343,988,0,9355,10305,705388,18,0,0,18,38
2020-08-03,US,Massachusetts,Plymouth,9126,713,0,41.94070556,-70.80802823,25023.0,1750.952605707576,7.812842428227045,8413,9115,712,0,8403,9107,518132,11,1,0,10,8
2020-08-03,US,Massachusetts,Suffolk,21378,1059,0,42.327951399999996,-71.07850442,25025.0,2659.262825177539,4.9536907100757785,20319,21355,1058,0,20297,21279,807252,23,1,0,22,76
2020-08-03,US,Massachusetts,Unassigned,303,6,0,0.0,0.0,90025.0,0.0,1.98019801980198,297,306,6,0,300,303,,-3,0,0,-3,3
2020-08-03,US,Massachusetts,Worcester,13442,993,0,42.35026951,-71.90493363,25027.0,1618.305318183241,7.3872935575063225,12449,13415,992,0,12423,13376,830839,27,1,0,26,39
2020-08-03,US,Michigan,Alcona,28,1,0,44.6846864,-83.59507875,26001.0,269.1013935607881,3.571428571428572,27,28,1,0,27,28,10362,0,0,0,0,0
2020-08-03,US,Michigan,Alger,9,0,0,46.41292944,-86.60260122,26003.0,98.81422924901186,0.0,9,8,0,0,8,8,9097,1,0,0,1,0
2020-08-03,US,Michigan,Allegan,507,7,0,42.59147037,-85.89102866,26005.0,429.3662824671201,1.3806706114398422,500,507,7,0,500,498,117327,0,0,0,0,9
2020-08-03,US,Michigan,Alpena,125,13,0,45.03477666,-83.62212411,26007.0,440.06336912515405,10.4,112,125,13,0,112,125,28360,0,0,0,0,0
2020-08-03,US,Michigan,Antrim,38,0,0,44.99690221,-85.15503082,26009.0,162.9223117818556,0.0,38,38,0,0,38,36,23365,0,0,0,0,2
2020-08-03,US,Michigan,Arenac,41,3,0,44.0636262,-83.89277559,26011.0,275.4820936639118,7.317073170731707,38,40,3,0,37,40,15041,1,0,0,1,0
2020-08-03,US,Michigan,Baraga,5,0,0,46.6720582,-88.36363591,26013.0,60.9087586794981,0.0,5,5,0,0,5,5,8320,0,0,0,0,0
2020-08-03,US,Michigan,Barry,172,2,0,42.59513984,-85.30834519,26015.0,279.44760357432983,1.162790697674419,170,171,2,0,169,171,61157,1,0,0,1,0
2020-08-03,US,Michigan,Bay,550,31,0,43.70639106,-83.98731479,26017.0,533.3281616663111,5.636363636363638,519,547,31,0,516,542,103923,3,0,0,3,5
2020-08-03,US,Michigan,Benzie,28,1,0,44.63899297,-86.01608482,26019.0,157.60441292356185,3.571428571428572,27,28,1,0,27,28,17753,0,0,0,0,0
2020-08-03,US,Michigan,Berrien,1292,65,0,41.95447397,-86.41313079999998,26021.0,842.2370127965268,5.030959752321981,1227,1291,65,0,1226,1283,154141,1,0,0,1,8
2020-08-03,US,Michigan,Branch,330,2,0,41.91600556,-85.05929476,26023.0,758.3243330192798,0.6060606060606061,328,327,2,0,325,327,43622,3,0,0,3,0
2020-08-03,US,Michigan,Calhoun,749,42,0,42.24633834,-85.00493569,26025.0,558.2927720093322,5.607476635514018,707,747,42,0,705,737,134487,2,0,0,2,10
2020-08-03,US,Michigan,Cass,292,10,0,41.91522292,-85.99405727,26027.0,563.8480699789523,3.4246575342465757,282,291,10,0,281,290,51653,1,0,0,1,1
2020-08-03,US,Michigan,Charlevoix,44,2,0,45.37790017,-85.19614053,26029.0,168.3050912290097,4.545454545454546,42,42,2,0,40,42,26244,2,0,0,2,0
2020-08-03,US,Michigan,Cheboygan,38,2,0,45.44787015,-84.50122149,26031.0,150.3402437094477,5.2631578947368425,36,38,2,0,36,38,25413,0,0,0,0,0
2020-08-03,US,Michigan,Chippewa,32,0,0,46.29552653,-84.54353449,26033.0,85.6783314144957,0.0,32,32,0,0,32,31,37517,0,0,0,0,1
2020-08-03,US,Michigan,Clare,61,3,0,43.98794227,-84.84819859999998,26035.0,197.092084006462,4.918032786885246,58,60,3,0,57,59,30757,1,0,0,1,1
2020-08-03,US,Michigan,Clinton,414,13,0,42.94400871,-84.60145248,26037.0,520.133174194359,3.1400966183574885,401,413,13,0,400,412,79332,1,0,0,1,1
2020-08-03,US,Michigan,Crawford,97,5,0,44.68255561,-84.61006219,26039.0,691.4249055527838,5.154639175257731,92,97,5,0,92,95,13901,0,0,0,0,2
2020-08-03,US,Michigan,Delta,81,3,0,45.90484910000001,-86.9080745,26041.0,226.35814889336015,3.703703703703704,78,80,3,0,77,77,35857,1,0,0,1,3
2020-08-03,US,Michigan,Dickinson,46,2,0,46.00999672,-87.86961634,26043.0,182.25761717976147,4.3478260869565215,44,45,2,0,43,45,25383,1,0,0,1,0
2020-08-03,US,Michigan,Eaton,456,8,0,42.59599185,-84.83740035,26045.0,413.5379257808249,1.7543859649122806,448,454,7,0,447,451,109826,2,1,0,1,3
2020-08-03,US,Michigan,Emmet,58,2,0,45.52625509,-84.89083249,26047.0,173.57474188238808,3.4482758620689653,56,56,2,0,54,56,33308,2,0,0,2,0
2020-08-03,US,Michigan,Federal Correctional Institution (FCI),194,5,0,0.0,0.0,0.0,0.0,2.5773195876288657,189,194,5,0,189,194,,0,0,0,0,0
2020-08-03,US,Michigan,Genesee,3522,294,0,43.02244215,-83.70589709,26049.0,867.8874259819178,8.347529812606474,3228,3497,294,0,3203,3487,406892,25,0,0,25,10
2020-08-03,US,Michigan,Gladwin,53,2,0,43.98901072,-84.38774817,26051.0,208.25965656803803,3.7735849056603774,51,52,2,0,50,52,25337,1,0,0,1,0
2020-08-03,US,Michigan,Gogebic,99,1,0,46.40862701,-89.69377193,26053.0,708.4078711985687,1.0101010101010102,98,96,1,0,95,88,15096,3,0,0,3,8
2020-08-03,US,Michigan,Grand Traverse,202,5,0,44.69565625,-85.55585247,26055.0,216.99896871777244,2.4752475247524752,197,200,5,0,195,196,92573,2,0,0,2,4
2020-08-03,US,Michigan,Gratiot,145,15,0,43.29265605,-84.60505416,26057.0,356.16909434796486,10.344827586206897,130,144,15,0,129,144,40599,1,0,0,1,0
2020-08-03,US,Michigan,Hillsdale,251,25,0,41.88753639,-84.59312019,26059.0,550.3782479991229,9.9601593625498,226,251,25,0,226,250,45749,0,0,0,0,1
2020-08-03,US,Michigan,Houghton,48,0,0,46.89988536,-88.68495385,26061.0,134.5140679296043,0.0,48,47,0,0,47,47,36219,1,0,0,1,0
2020-08-03,US,Michigan,Huron,146,4,0,43.83353985,-83.04078453,26063.0,471.2565766114715,2.7397260273972597,142,146,4,0,142,146,31166,0,0,0,0,0
2020-08-03,US,Michigan,Ingham,1493,34,0,42.59716886,-84.37472069,26065.0,510.59143793219016,2.277294038847957,1459,1482,30,0,1452,1473,292735,11,4,0,7,9
2020-08-03,US,Michigan,Ionia,266,5,0,42.94502238,-85.07413319,26067.0,411.1473484087361,1.8796992481203008,261,265,5,0,260,266,64210,1,0,0,1,-1
2020-08-03,US,Michigan,Iosco,129,12,0,44.35486835,-83.63484895,26069.0,513.3919687985036,9.30232558139535,117,129,12,0,117,129,25081,0,0,0,0,0
2020-08-03,US,Michigan,Iron,17,1,0,46.20974132,-88.53136251,26071.0,153.6237122718236,5.882352941176472,16,17,1,0,16,17,11117,0,0,0,0,0
2020-08-03,US,Michigan,Isabella,201,9,0,43.64060976,-84.84664923,26073.0,287.66888023814977,4.477611940298506,192,200,9,0,191,198,70562,1,0,0,1,2
2020-08-03,US,Michigan,Jackson,690,33,0,42.24807035,-84.42258681,26075.0,435.30376632389124,4.782608695652174,657,684,33,0,651,680,158823,6,0,0,6,4
2020-08-03,US,Michigan,Kalamazoo,1560,82,0,42.24542231,-85.53038622,26077.0,588.5326673356824,5.256410256410256,1478,1546,81,0,1465,1541,264870,14,1,0,13,5
2020-08-03,US,Michigan,Kalkaska,48,4,0,44.68512729,-85.09085699,26079.0,266.10488967734784,8.333333333333334,44,48,4,0,44,48,17824,0,0,0,0,0
2020-08-03,US,Michigan,Kent,7233,154,0,43.03197711,-85.54934642,26081.0,1100.9886521907893,2.129130374671644,7079,7198,154,0,7044,7105,653786,35,0,0,35,93
2020-08-03,US,Michigan,Keweenaw,3,0,0,47.63197653,-88.41434263,26083.0,141.77693761814746,0.0,3,3,0,0,3,3,2113,0,0,0,0,0
2020-08-03,US,Michigan,Lake,18,0,0,43.99050893,-85.802173,26085.0,151.86028853454818,0.0,18,17,0,0,17,17,11881,1,0,0,1,0
2020-08-03,US,Michigan,Lapeer,421,32,0,43.09052506,-83.22153148,26087.0,480.55520677571434,7.600950118764845,389,415,32,0,383,412,88028,6,0,0,6,3
2020-08-03,US,Michigan,Leelanau,66,0,0,44.94430054,-85.80150326,26089.0,303.29488534534266,0.0,66,64,0,0,64,64,21764,2,0,0,2,0
2020-08-03,US,Michigan,Lenawee,402,12,0,41.89475156,-84.06603727,26091.0,408.32495353018265,2.985074626865672,390,392,12,0,380,390,98266,10,0,0,10,2
2020-08-03,US,Michigan,Livingston,784,28,0,42.60302282,-83.91297209,26093.0,408.3439672908149,3.571428571428572,756,778,28,0,750,769,191224,6,0,0,6,9
2020-08-03,US,Michigan,Luce,3,0,0,46.47227431,-85.54471223,26095.0,48.16182372772515,0.0,3,3,0,0,3,3,6283,0,0,0,0,0
2020-08-03,US,Michigan,Mackinac,20,0,0,46.07028979,-85.04980537,26097.0,185.20233354940268,0.0,20,19,0,0,19,20,10787,1,0,0,1,-1
2020-08-03,US,Michigan,Macomb,9722,936,0,42.69158356,-82.92752801,26099.0,1112.3926166971023,9.62764863196873,8786,9602,936,0,8666,9565,874759,120,0,0,120,37
2020-08-03,US,Michigan,Manistee,34,0,0,44.33352407,-86.05626916,26101.0,138.44775633194885,0.0,34,34,0,0,34,32,24528,0,0,0,0,2
2020-08-03,US,Michigan,Marquette,138,11,0,46.4338914,-87.64043701,26103.0,206.89965366797105,7.971014492753622,127,136,11,0,125,133,66516,2,0,0,2,3
2020-08-03,US,Michigan,Mason,97,0,0,43.99509218,-86.24988902,26105.0,332.8300850947022,0.0,97,97,0,0,97,97,29100,0,0,0,0,0
2020-08-03,US,Michigan,Mecosta,57,2,0,43.64064262,-85.32463223,26107.0,131.17621337997377,3.5087719298245608,55,56,2,0,54,56,43545,1,0,0,1,0
2020-08-03,US,Michigan,Menominee,100,0,0,45.58038692,-87.55370409,26109.0,438.9815627743634,0.0,100,94,0,0,94,91,22983,6,0,0,6,3
2020-08-03,US,Michigan,Michigan Department of Corrections (MDOC),4147,69,0,0.0,0.0,0.0,0.0,1.663853387991319,4078,4146,69,0,4077,4146,,1,0,0,1,0
2020-08-03,US,Michigan,Midland,311,10,0,43.64330771,-84.38804374,26111.0,373.99586319688285,3.2154340836012865,301,311,10,0,301,298,83209,0,0,0,0,13
2020-08-03,US,Michigan,Missaukee,40,1,0,44.33772443,-85.09256478,26113.0,264.58526260087314,2.5,39,40,1,0,39,40,15113,0,0,0,0,0
2020-08-03,US,Michigan,Monroe,904,22,0,41.92734151,-83.53749864,26115.0,600.6644518272425,2.433628318584071,882,885,22,0,863,882,150439,19,0,0,19,3
2020-08-03,US,Michigan,Montcalm,181,1,0,43.31082541,-85.15252824,26117.0,283.30828950663664,0.5524861878453039,180,180,1,0,179,179,63968,1,0,0,1,1
2020-08-03,US,Michigan,Montmorency,8,0,0,45.0275929,-84.12696227,26119.0,85.76329331046313,0.0,8,8,0,0,8,8,9265,0,0,0,0,0
2020-08-03,US,Michigan,Muskegon,1127,58,0,43.29123859,-86.15176712,26121.0,649.3207194957538,5.146406388642413,1069,1124,58,0,1066,1122,173588,3,0,0,3,2
2020-08-03,US,Michigan,Newaygo,247,0,0,43.554373999999996,-85.80070107,26123.0,504.2874642711311,0.0,247,246,0,0,246,246,48892,1,0,0,1,0
2020-08-03,US,Michigan,Oakland,14861,1126,0,42.66090111,-83.38595416,26125.0,1181.7103271033982,7.576879079469753,13735,14777,1126,0,13651,14721,1259201,84,0,0,84,56
2020-08-03,US,Michigan,Oceana,467,6,0,43.64124435,-86.26726673,26127.0,1764.4614047682019,1.284796573875803,461,465,6,0,459,462,26625,2,0,0,2,3
2020-08-03,US,Michigan,Ogemaw,51,2,0,44.33481032,-84.12725175,26129.0,242.89184169167027,3.92156862745098,49,51,2,0,49,51,20952,0,0,0,0,0
2020-08-03,US,Michigan,Ontonagon,5,0,0,46.665226200000006,-89.31390481,26131.0,87.41258741258741,0.0,5,4,0,0,4,4,5795,1,0,0,1,0
2020-08-03,US,Michigan,Osceola,70,0,0,43.98992088,-85.32566756,26133.0,298.38022165387895,0.0,70,70,0,0,70,68,23341,0,0,0,0,2
2020-08-03,US,Michigan,Oscoda,24,1,0,44.68192279,-84.12939244,26135.0,291.2267928649436,4.166666666666667,23,24,1,0,23,24,8276,0,0,0,0,0
2020-08-03,US,Michigan,Otsego,131,10,0,45.02085831,-84.59898295,26137.0,531.0523755472677,7.633587786259542,121,131,10,0,121,131,24665,0,0,0,0,0
2020-08-03,US,Michigan,Ottawa,1746,54,0,42.95996803,-85.9969107,26139.0,598.2935270534215,3.0927835051546397,1692,1729,54,0,1675,1739,290494,17,0,0,17,-10
2020-08-03,US,Michigan,Out of MI,117,0,0,0.0,0.0,80026.0,0.0,0.0,117,94,0,0,94,84,,23,0,0,23,10
2020-08-03,US,Michigan,Presque Isle,17,1,0,45.34018577,-83.91498656,26141.0,135.00635324015246,5.882352941176472,16,17,1,0,16,16,12738,0,0,0,0,1
2020-08-03,US,Michigan,Roscommon,48,0,0,44.33473082,-84.61067651,26143.0,199.84179191473416,0.0,48,48,0,0,48,47,23884,0,0,0,0,1
2020-08-03,US,Michigan,Saginaw,1855,129,0,43.33433923,-84.05131209999998,26145.0,973.5539705782021,6.954177897574124,1726,1845,129,0,1716,1836,190800,10,0,0,10,9
2020-08-03,US,Michigan,Sanilac,97,6,0,43.42406072,-82.82055898,26151.0,235.6084527568618,6.185567010309278,91,95,6,0,89,91,41182,2,0,0,2,4
2020-08-03,US,Michigan,Schoolcraft,12,0,0,46.19235734,-86.19972234,26153.0,148.25796886582654,0.0,12,12,0,0,12,9,8068,0,0,0,0,3
2020-08-03,US,Michigan,Shiawassee,329,28,0,42.95392800000001,-84.14585902,26155.0,482.95704764980485,8.51063829787234,301,323,28,0,295,325,68192,6,0,0,6,-2
2020-08-03,US,Michigan,St. Clair,778,53,0,42.92655373,-82.67937954,26147.0,488.9145844854457,6.812339331619537,725,774,53,0,721,771,159337,4,0,0,4,3
2020-08-03,US,Michigan,St. Joseph,561,7,0,41.91441767,-85.52797979,26149.0,920.215208975789,1.2477718360071302,554,557,7,0,550,551,61043,4,0,0,4,6
2020-08-03,US,Michigan,Tuscola,310,28,0,43.46606813,-83.41897025,26157.0,593.3582160972343,9.03225806451613,282,307,27,0,280,304,52516,3,1,0,2,3
2020-08-03,US,Michigan,Unassigned,4,0,0,0.0,0.0,90026.0,0.0,0.0,4,10,0,0,10,4,,-6,0,0,-6,6
2020-08-03,US,Michigan,Van Buren,414,11,0,42.25190229,-86.01939087,26159.0,547.0618549889663,2.6570048309178738,403,408,11,0,397,404,75448,6,0,0,6,4
2020-08-03,US,Michigan,Washtenaw,2414,112,0,42.253105,-83.83853204,26161.0,656.6902701570452,4.63960231980116,2302,2403,112,0,2291,2385,370963,11,0,0,11,18
2020-08-03,US,Michigan,Wayne,27377,2805,0,42.28098405,-83.281255,26163.0,1564.987541036835,10.245826788910401,24572,27234,2802,0,24432,27183,1753893,143,3,0,140,51
2020-08-03,US,Michigan,Wexford,66,4,0,44.33853602,-85.57712739,26165.0,196.24750973803933,6.0606060606060606,62,64,4,0,60,64,33466,2,0,0,2,0
2020-08-03,US,Minnesota,Aitkin,27,0,0,46.60962049,-93.41168259999999,27001.0,169.96097192496538,0.0,27,28,0,0,28,28,15902,-1,0,0,-1,0
2020-08-03,US,Minnesota,Anoka,3365,113,0,45.27476015,-93.24604565,27003.0,942.7856584510298,3.3580980683506687,3252,3327,112,0,3215,3277,353813,38,1,0,37,50
2020-08-03,US,Minnesota,Becker,143,1,0,46.93479392,-95.67158144,27005.0,415.4199227260843,0.6993006993006993,142,142,1,0,141,138,34371,1,0,0,1,4
2020-08-03,US,Minnesota,Beltrami,193,0,0,47.97373527,-94.93732139,27007.0,409.00228871747055,0.0,193,191,0,0,191,188,46847,2,0,0,2,3
2020-08-03,US,Minnesota,Benton,306,3,0,45.69804958,-93.99514135,27009.0,748.3675316099684,0.9803921568627452,303,304,3,0,301,300,40545,2,0,0,2,4
2020-08-03,US,Minnesota,Big Stone,22,0,0,45.42712824,-96.41403739,27011.0,440.79342817070733,0.0,22,22,0,0,22,22,4989,0,0,0,0,0
2020-08-03,US,Minnesota,Blue Earth,852,5,0,44.03554215,-94.06699781,27013.0,1259.36765553634,0.5868544600938967,847,848,5,0,843,841,67427,4,0,0,4,7
2020-08-03,US,Minnesota,Brown,85,2,0,44.24205652,-94.72562874,27015.0,339.89123480486245,2.3529411764705883,83,83,2,0,81,82,25111,2,0,0,2,1
2020-08-03,US,Minnesota,Carlton,125,0,0,46.59180601,-92.67601019,27017.0,348.4709096484625,0.0,125,124,0,0,124,121,35837,1,0,0,1,3
2020-08-03,US,Minnesota,Carver,779,2,0,44.82017001,-93.80099179999999,27019.0,741.2764418730791,0.2567394094993581,777,769,2,0,767,751,103551,10,0,0,10,18
2020-08-03,US,Minnesota,Cass,58,2,0,46.95043611,-94.32603968,27021.0,194.76812518889147,3.4482758620689653,56,58,2,0,56,57,29519,0,0,0,0,1
2020-08-03,US,Minnesota,Chippewa,98,1,0,45.02343421,-95.56403693,27023.0,830.5084745762712,1.020408163265306,97,97,1,0,96,96,11924,1,0,0,1,1
2020-08-03,US,Minnesota,Chisago,179,1,0,45.5021011,-92.90861945,27025.0,316.37179872390817,0.5586592178770949,178,176,1,0,175,172,55922,3,0,0,3,4
2020-08-03,US,Minnesota,Clay,745,40,0,46.89289518,-96.48761922,27027.0,1160.0386160505745,5.369127516778524,705,743,40,0,703,742,63955,2,0,0,2,1
2020-08-03,US,Minnesota,Clearwater,15,0,0,47.57992111,-95.37790562,27029.0,170.10660013608532,0.0,15,14,0,0,14,14,8810,1,0,0,1,0
2020-08-03,US,Minnesota,Cook,2,0,0,47.90504893,-90.52629546,27031.0,36.60992128866923,0.0,2,2,0,0,2,2,5393,0,0,0,0,0
2020-08-03,US,Minnesota,Cottonwood,171,0,0,44.00715262,-95.18138802,27033.0,1527.331189710611,0.0,171,171,0,0,171,170,11277,0,0,0,0,1
2020-08-03,US,Minnesota,Crow Wing,213,13,0,46.48096553,-94.06755609,27035.0,327.41526400737837,6.103286384976527,200,206,13,0,193,198,64889,7,0,0,7,8
2020-08-03,US,Minnesota,Dakota,3991,103,0,44.67172617,-93.06299363,27037.0,930.2574932229423,2.5808068153345025,3888,3942,102,0,3840,3860,425423,49,1,0,48,82
2020-08-03,US,Minnesota,Dodge,123,0,0,44.02238415,-92.86244324,27039.0,587.5609057036402,0.0,123,122,0,0,122,122,20822,1,0,0,1,0
2020-08-03,US,Minnesota,Douglas,130,0,0,45.93348491,-95.45335469,27041.0,340.84056527096817,0.0,130,129,0,0,129,126,37964,1,0,0,1,3
2020-08-03,US,Minnesota,Faribault,83,0,0,43.67381499,-93.94787458,27043.0,607.9249981689006,0.0,83,82,0,0,82,82,13758,1,0,0,1,0
2020-08-03,US,Minnesota,Fillmore,61,0,0,43.67394126,-92.08980382,27045.0,289.5523805003085,0.0,61,61,0,0,61,61,21058,0,0,0,0,0
2020-08-03,US,Minnesota,Freeborn,354,1,0,43.67385583,-93.34884422,27047.0,1169.0498992767739,0.2824858757062147,353,354,1,0,353,354,30444,0,0,0,0,0
2020-08-03,US,Minnesota,Goodhue,176,8,0,44.40849741,-92.72341949999999,27049.0,379.8014674147605,4.545454545454546,168,175,8,0,167,173,46403,1,0,0,1,2
2020-08-03,US,Minnesota,Grant,49,1,0,45.93424769,-96.01139609,27051.0,820.4956463496318,2.0408163265306123,48,49,1,0,48,48,6021,0,0,0,0,1
2020-08-03,US,Minnesota,Hennepin,18009,819,0,45.00761521,-93.47694895,27053.0,1422.6882796681734,4.547726136931535,17190,17789,819,0,16970,17547,1259428,220,0,0,220,242
2020-08-03,US,Minnesota,Houston,39,0,0,43.67129565,-91.49143057,27055.0,209.67741935483872,0.0,39,40,0,0,40,38,18578,-1,0,0,-1,2
2020-08-03,US,Minnesota,Hubbard,28,0,0,47.10778564,-94.91693868,27057.0,130.28709692429388,0.0,28,28,0,0,28,27,21332,0,0,0,0,1
2020-08-03,US,Minnesota,Isanti,110,0,0,45.56181234,-93.29487636,27059.0,270.9626564193517,0.0,110,108,0,0,108,102,39966,2,0,0,2,6
2020-08-03,US,Minnesota,Itasca,132,12,0,47.51009045,-93.63092229,27061.0,292.48836693995133,9.090909090909092,120,129,12,0,117,125,45108,3,0,0,3,4
2020-08-03,US,Minnesota,Jackson,70,0,0,43.67423373,-95.15398258,27063.0,710.948608572009,0.0,70,70,0,0,70,69,9911,0,0,0,0,1
2020-08-03,US,Minnesota,Kanabec,29,1,0,45.9459309,-93.29275192,27065.0,177.51117096162082,3.4482758620689653,28,28,1,0,27,27,16207,1,0,0,1,1
2020-08-03,US,Minnesota,Kandiyohi,676,1,0,45.1526059,-95.00586446,27067.0,1564.8510382184772,0.14792899408284024,675,670,1,0,669,667,42855,6,0,0,6,3
2020-08-03,US,Minnesota,Kittson,4,0,0,48.77754106,-96.78317184,27069.0,93.06654257794321,0.0,4,4,0,0,4,3,4248,0,0,0,0,1
2020-08-03,US,Minnesota,Koochiching,74,3,0,48.24539665,-93.78352843,27071.0,605.1189794750184,4.0540540540540535,71,73,3,0,70,70,12440,1,0,0,1,3
2020-08-03,US,Minnesota,Lac qui Parle,6,0,0,44.9973857,-96.17488219,27073.0,90.59338668277216,0.0,6,6,0,0,6,6,6658,0,0,0,0,0
2020-08-03,US,Minnesota,Lake,18,0,0,47.64270764,-91.44557998,27075.0,169.1570341133352,0.0,18,17,0,0,17,17,10658,1,0,0,1,0
2020-08-03,US,Minnesota,Lake of the Woods,1,0,0,48.77217001,-94.90274472,27077.0,26.73796791443851,0.0,1,1,0,0,1,1,3758,0,0,0,0,0
2020-08-03,US,Minnesota,Le Sueur,201,1,0,44.37136597,-93.72844721,27079.0,695.8147263474921,0.4975124378109453,200,199,1,0,198,196,28494,2,0,0,2,3
2020-08-03,US,Minnesota,Lincoln,54,0,0,44.41311883,-96.26688165,27081.0,957.6165986877106,0.0,54,54,0,0,54,53,5673,0,0,0,0,1
2020-08-03,US,Minnesota,Lyon,416,3,0,44.41327865,-95.83806103,27083.0,1633.0376069718145,0.7211538461538461,413,415,3,0,412,414,25629,1,0,0,1,1
2020-08-03,US,Minnesota,Mahnomen,23,1,0,47.32557075,-95.80921485,27087.0,416.13895422471495,4.3478260869565215,22,23,1,0,22,22,5519,0,0,0,0,1
2020-08-03,US,Minnesota,Marshall,28,0,0,48.35825983,-96.37017407,27089.0,299.9143101970865,0.0,28,28,0,0,28,28,9390,0,0,0,0,0
2020-08-03,US,Minnesota,Martin,204,5,0,43.67429718,-94.55099908,27091.0,1036.4273738759337,2.4509803921568634,199,203,5,0,198,201,19785,1,0,0,1,2
2020-08-03,US,Minnesota,McLeod,138,0,0,44.82367677,-94.27287017,27085.0,384.47608168723707,0.0,138,135,0,0,135,132,35873,3,0,0,3,3
2020-08-03,US,Minnesota,Meeker,83,2,0,45.12328869,-94.52839455,27093.0,357.4196882266816,2.409638554216868,81,83,2,0,81,83,23141,0,0,0,0,0
2020-08-03,US,Minnesota,Mille Lacs,65,3,0,45.93705297,-93.63236823,27095.0,247.3646154431632,4.615384615384615,62,64,3,0,61,56,26139,1,0,0,1,8
2020-08-03,US,Minnesota,Morrison,83,1,0,46.01265363,-94.27341528,27097.0,248.60720062301564,1.2048192771084338,82,83,1,0,82,81,33169,0,0,0,0,2
2020-08-03,US,Minnesota,Mower,1081,2,0,43.67142874,-92.75234549,27099.0,2698.3176077080525,0.18501387604070305,1079,1078,2,0,1076,1067,40011,3,0,0,3,11
2020-08-03,US,Minnesota,Murray,122,1,0,44.02216709,-95.76328482,27101.0,1488.8943129118868,0.819672131147541,121,122,1,0,121,120,8276,0,0,0,0,2
2020-08-03,US,Minnesota,Nicollet,312,13,0,44.35291112,-94.24710352,27103.0,910.3110229328354,4.166666666666667,299,307,13,0,294,303,34220,5,0,0,5,4
2020-08-03,US,Minnesota,Nobles,1746,6,0,43.67434621,-95.75329576,27105.0,8072.4952609921875,0.3436426116838488,1740,1745,6,0,1739,1740,21924,1,0,0,1,5
2020-08-03,US,Minnesota,Norman,34,0,0,47.32628443,-96.45620947,27107.0,533.3333333333334,0.0,34,34,0,0,34,34,6475,0,0,0,0,0
2020-08-03,US,Minnesota,Olmsted,1629,23,0,44.00374114,-92.40209944,27109.0,1029.1042560315364,1.4119091467157765,1606,1620,23,0,1597,1608,156277,9,0,0,9,12
2020-08-03,US,Minnesota,Otter Tail,176,3,0,46.40846929,-95.70835255,27111.0,299.59486603343214,1.7045454545454546,173,175,3,0,172,171,58812,1,0,0,1,4
2020-08-03,US,Minnesota,Pennington,72,1,0,48.06642577,-96.0370814,27113.0,509.9511296834053,1.3888888888888888,71,70,1,0,69,70,14178,2,0,0,2,0
2020-08-03,US,Minnesota,Pine,127,0,0,46.12105238,-92.74070188,27115.0,429.35866662158963,0.0,127,126,0,0,126,126,29483,1,0,0,1,0
2020-08-03,US,Minnesota,Pipestone,143,9,0,44.02301619,-96.25841142,27117.0,1566.951566951567,6.293706293706293,134,143,9,0,134,142,9047,0,0,0,0,1
2020-08-03,US,Minnesota,Polk,131,3,0,47.77372465,-96.40134647,27119.0,417.676316796327,2.2900763358778624,128,129,3,0,126,127,31529,2,0,0,2,2
2020-08-03,US,Minnesota,Pope,43,0,0,45.58606667,-95.44451209,27121.0,382.25620055116013,0.0,43,39,0,0,39,39,11097,4,0,0,4,0
2020-08-03,US,Minnesota,Ramsey,6944,261,0,45.01625271,-93.09872295,27123.0,1261.8090169192162,3.758640552995392,6683,6861,261,0,6600,6763,550210,83,0,0,83,98
2020-08-03,US,Minnesota,Red Lake,20,0,0,47.87197525,-96.09561104,27125.0,493.2182490752159,0.0,20,19,0,0,19,17,3999,1,0,0,1,2
2020-08-03,US,Minnesota,Redwood,30,0,0,44.40555844,-95.25207021,27127.0,197.7587343441002,0.0,30,30,0,0,30,30,15249,0,0,0,0,0
2020-08-03,US,Minnesota,Renville,59,5,0,44.72836381,-94.94553734,27129.0,405.55402804509214,8.474576271186441,54,58,5,0,53,57,14612,1,0,0,1,1
2020-08-03,US,Minnesota,Rice,999,8,0,44.3543376,-93.29658715,27131.0,1491.668159827988,0.8008008008008008,991,989,8,0,981,982,66523,10,0,0,10,7
2020-08-03,US,Minnesota,Rock,74,0,0,43.67482683,-96.25296832,27133.0,794.417606011809,0.0,74,73,0,0,73,73,9414,1,0,0,1,0
2020-08-03,US,Minnesota,Roseau,46,0,0,48.77501878,-95.81079919,27135.0,303.33003626772165,0.0,46,45,0,0,45,42,15150,1,0,0,1,3
2020-08-03,US,Minnesota,Scott,1390,14,0,44.6490231,-93.53340251,27139.0,932.8045204109708,1.0071942446043165,1376,1362,14,0,1348,1339,147381,28,0,0,28,23
2020-08-03,US,Minnesota,Sherburne,649,7,0,45.44447208,-93.77617511,27141.0,667.4345420514612,1.078582434514638,642,638,7,0,631,629,96036,11,0,0,11,9
2020-08-03,US,Minnesota,Sibley,79,2,0,44.5796592,-94.23164924,27143.0,531.4497140935082,2.5316455696202533,77,78,2,0,76,77,15028,1,0,0,1,1
2020-08-03,US,Minnesota,St. Louis,436,19,0,47.604840700000004,-92.46879855,27137.0,219.01843572612648,4.357798165137615,417,427,19,0,408,409,199754,9,0,0,9,18
2020-08-03,US,Minnesota,Stearns,2831,20,0,45.55192576,-94.61078221,27145.0,1757.56635107869,0.7064641469445425,2811,2817,20,0,2797,2807,159256,14,0,0,14,10
2020-08-03,US,Minnesota,Steele,330,1,0,44.02240351,-93.22627088,27147.0,900.4338453982373,0.30303030303030304,329,327,1,0,326,326,36803,3,0,0,3,1
2020-08-03,US,Minnesota,Stevens,15,0,0,45.58613007,-96.00163705,27149.0,152.98317185109642,0.0,15,15,0,0,15,15,9753,0,0,0,0,0
2020-08-03,US,Minnesota,Swift,52,1,0,45.2829032,-95.68264092,27151.0,561.1914526224908,1.9230769230769231,51,52,1,0,51,51,9345,0,0,0,0,1
2020-08-03,US,Minnesota,Todd,420,2,0,46.06996226,-94.89785296,27153.0,1702.8867985728186,0.4761904761904762,418,418,2,0,416,413,24582,2,0,0,2,5
2020-08-03,US,Minnesota,Traverse,10,0,0,45.77298854,-96.47062949,27155.0,306.84258975145747,0.0,10,10,0,0,10,10,3308,0,0,0,0,0
2020-08-03,US,Minnesota,Unassigned,140,40,0,0.0,0.0,90027.0,0.0,28.57142857142857,100,135,40,0,95,128,,5,0,0,5,7
2020-08-03,US,Minnesota,Wabasha,81,0,0,44.28424356,-92.23121312,27157.0,374.53183520599254,0.0,81,78,0,0,78,78,21645,3,0,0,3,0
2020-08-03,US,Minnesota,Wadena,23,0,0,46.58589171,-94.96968506,27159.0,168.10407835111826,0.0,23,23,0,0,23,23,13773,0,0,0,0,0
2020-08-03,US,Minnesota,Waseca,128,0,0,44.02211116,-93.58720034,27161.0,687.7283473028152,0.0,128,128,0,0,128,127,18691,0,0,0,0,1
2020-08-03,US,Minnesota,Washington,1917,43,0,45.03864533,-92.88429635,27163.0,730.4526748971193,2.2430881585811164,1874,1886,43,0,1843,1852,259201,31,0,0,31,34
2020-08-03,US,Minnesota,Watonwan,298,0,0,43.97823903,-94.61413846,27165.0,2734.697623199045,0.0,298,298,0,0,298,298,10980,0,0,0,0,0
2020-08-03,US,Minnesota,Wilkin,28,3,0,46.35721532,-96.4684375,27167.0,451.1035927178991,10.714285714285714,25,28,3,0,25,27,6254,0,0,0,0,1
2020-08-03,US,Minnesota,Winona,247,16,0,43.98772283,-91.78081305,27169.0,489.263925204025,6.477732793522267,231,245,16,0,229,243,50825,2,0,0,2,2
2020-08-03,US,Minnesota,Wright,813,5,0,45.17297924,-93.96234781,27171.0,587.5253835536253,0.6150061500615006,808,801,5,0,796,786,136349,12,0,0,12,15
2020-08-03,US,Minnesota,Yellow Medicine,49,0,0,44.71710183,-95.86842453,27173.0,504.6863734679165,0.0,49,49,0,0,49,49,9795,0,0,0,0,0
2020-08-03,US,Mississippi,Adams,584,25,0,31.47669768,-91.35326037,28001.0,1902.7139738702633,4.280821917808218,559,580,25,0,555,578,31192,4,0,0,4,2
2020-08-03,US,Mississippi,Alcorn,357,4,0,34.88084463,-88.57996173,28003.0,966.092062890699,1.1204481792717087,353,354,4,0,350,349,36925,3,0,0,3,5
2020-08-03,US,Mississippi,Amite,210,5,0,31.17467303,-90.80501621,28005.0,1707.7335935594047,2.380952380952381,205,210,5,0,205,204,12326,0,0,0,0,6
2020-08-03,US,Mississippi,Attala,498,24,0,33.08658803,-89.57838564,28007.0,2740.178276658964,4.819277108433735,474,495,24,0,471,495,18365,3,0,0,3,0
2020-08-03,US,Mississippi,Benton,125,0,0,34.81681228,-89.18945516,28009.0,1513.5004237801184,0.0,125,124,0,0,124,124,8271,1,0,0,1,0
2020-08-03,US,Mississippi,Bolivar,948,32,0,33.79696941,-90.87372121,28011.0,3095.2070001305988,3.3755274261603376,916,939,32,0,907,933,31333,9,0,0,9,6
2020-08-03,US,Mississippi,Calhoun,378,8,0,33.93683395,-89.33686647,28013.0,2632.1286818466683,2.1164021164021163,370,374,8,0,366,373,14436,4,0,0,4,1
2020-08-03,US,Mississippi,Carroll,245,11,0,33.44834567,-89.91994479,28015.0,2463.0541871921178,4.489795918367347,234,245,11,0,234,245,9911,0,0,0,0,0
2020-08-03,US,Mississippi,Chickasaw,438,19,0,33.91983202,-88.9481545,28017.0,2560.954218558148,4.337899543378995,419,435,19,0,416,427,17171,3,0,0,3,8
2020-08-03,US,Mississippi,Choctaw,127,4,0,33.34598242,-89.24809382,28019.0,1546.894031668697,3.1496062992125986,123,126,4,0,122,125,8278,1,0,0,1,1
2020-08-03,US,Mississippi,Claiborne,400,13,0,31.97061673,-90.90702196,28021.0,4450.3782821539835,3.25,387,400,13,0,387,399,9002,0,0,0,0,1
2020-08-03,US,Mississippi,Clarke,300,25,0,32.04158545,-88.68896219999998,28023.0,1930.3777105720355,8.333333333333334,275,298,25,0,273,297,15604,2,0,0,2,1
2020-08-03,US,Mississippi,Clay,370,13,0,33.65358105,-88.77784255,28025.0,1915.5104576516878,3.5135135135135136,357,368,14,0,354,364,19386,2,-1,0,3,4
2020-08-03,US,Mississippi,Coahoma,663,10,0,34.22772299,-90.60415045,28027.0,2996.745615621045,1.5082956259426847,653,659,10,0,649,648,22628,4,0,0,4,11
2020-08-03,US,Mississippi,Copiah,917,24,0,31.86977774,-90.44565118,28029.0,3267.41492962765,2.6172300981461287,893,909,24,0,885,903,28543,8,0,0,8,6
2020-08-03,US,Mississippi,Covington,588,11,0,31.63225413,-89.55389939,28031.0,3155.183515775917,1.870748299319728,577,578,11,0,567,576,18853,10,0,0,10,2
2020-08-03,US,Mississippi,DeSoto,3326,27,0,34.87625235,-89.99091418,28033.0,1798.3724891183865,0.8117859290438966,3299,3280,27,0,3253,3215,182001,46,0,0,46,65
2020-08-03,US,Mississippi,Forrest,1640,53,0,31.18961454,-89.25832496,28035.0,2189.67381871103,3.231707317073171,1587,1631,53,0,1578,1615,75036,9,0,0,9,16
2020-08-03,US,Mississippi,Franklin,116,2,0,31.47786634,-90.89672989,28037.0,1503.9543627641644,1.7241379310344829,114,114,2,0,112,111,7788,2,0,0,2,3
2020-08-03,US,Mississippi,George,547,5,0,30.86259065,-88.64436789,28039.0,2232.6530612244896,0.9140767824497258,542,541,5,0,536,539,24250,6,0,0,6,2
2020-08-03,US,Mississippi,Greene,226,11,0,31.21444233,-88.63922281,28041.0,1663.477108788459,4.867256637168142,215,226,11,0,215,226,13586,0,0,0,0,0
2020-08-03,US,Mississippi,Grenada,813,20,0,33.77036166,-89.80245083,28043.0,3916.5622892378838,2.4600246002460024,793,812,20,0,792,805,21055,1,0,0,1,7
2020-08-03,US,Mississippi,Hancock,336,14,0,30.41830223,-89.48851033,28045.0,705.408128988915,4.166666666666667,322,326,14,0,312,324,47334,10,0,0,10,2
2020-08-03,US,Mississippi,Harrison,2152,32,0,30.51359752,-89.12467576,28047.0,1034.2176086120724,1.4869888475836432,2120,2098,32,0,2066,2067,206650,54,0,0,54,31
2020-08-03,US,Mississippi,Hinds,5269,106,0,32.2656285,-90.44435448,28049.0,2272.688060731539,2.011766938698045,5163,5209,106,0,5103,5176,237085,60,0,0,60,33
2020-08-03,US,Mississippi,Holmes,847,47,0,33.12345854,-90.08923538,28051.0,4979.423868312757,5.548996458087367,800,843,47,0,796,835,17622,4,0,0,4,8
2020-08-03,US,Mississippi,Humphreys,271,11,0,33.12825718,-90.52252707,28053.0,3360.6150793650795,4.059040590405904,260,269,11,0,258,265,8257,2,0,0,2,4
2020-08-03,US,Mississippi,Issaquena,21,1,0,32.72531359,-90.97392828,28055.0,1582.5169555388093,4.761904761904762,20,21,1,0,20,21,1308,0,0,0,0,0
2020-08-03,US,Mississippi,Itawamba,307,10,0,34.27993475,-88.3606733,28057.0,1312.5267208208636,3.2573289902280136,297,307,10,0,297,306,23517,0,0,0,0,1
2020-08-03,US,Mississippi,Jackson,1994,34,0,30.54020656,-88.64184064,28059.0,1388.4150205059286,1.7051153460381143,1960,1929,34,0,1895,1874,143277,65,0,0,65,55
2020-08-03,US,Mississippi,Jasper,376,8,0,32.01922104,-89.11786866,28061.0,2295.0619544649944,2.127659574468085,368,375,8,0,367,373,16428,1,0,0,1,2
2020-08-03,US,Mississippi,Jefferson,193,6,0,31.73397872,-91.03764977,28063.0,2761.087267525036,3.1088082901554404,187,191,6,0,185,191,7106,2,0,0,2,0
2020-08-03,US,Mississippi,Jefferson Davis,202,6,0,31.56884708,-89.82670990000004,28065.0,1815.2408339324234,2.9702970297029703,196,198,6,0,192,196,11234,4,0,0,4,2
2020-08-03,US,Mississippi,Jones,1774,57,0,31.62257767,-89.16896899999998,28067.0,2605.0691650268727,3.2130777903043968,1717,1765,57,0,1708,1740,68461,9,0,0,9,25
2020-08-03,US,Mississippi,Kemper,223,15,0,32.75462946,-88.64105766,28069.0,2289.05768835968,6.726457399103139,208,223,15,0,208,223,10027,0,0,0,0,0
2020-08-03,US,Mississippi,Lafayette,881,11,0,34.35687874,-89.48490961,28071.0,1630.907643606879,1.2485811577752557,870,869,9,0,860,861,54793,12,2,0,10,8
2020-08-03,US,Mississippi,Lamar,1121,12,0,31.20572971,-89.5077704,28073.0,1769.7298833335965,1.0704727921498662,1109,1115,12,0,1103,1105,62447,6,0,0,6,10
2020-08-03,US,Mississippi,Lauderdale,1329,88,0,32.40419769,-88.66229662,28075.0,1792.9173693086004,6.621519939804363,1241,1323,88,0,1235,1321,75317,6,0,0,6,2
2020-08-03,US,Mississippi,Lawrence,313,5,0,31.55147224,-90.10841127,28077.0,2486.8901954552675,1.597444089456869,308,313,5,0,308,307,12455,0,0,0,0,6
2020-08-03,US,Mississippi,Leake,768,25,0,32.7536828,-89.52402044,28079.0,3370.490652154833,3.255208333333333,743,767,25,0,742,762,22763,1,0,0,1,5
2020-08-03,US,Mississippi,Lee,1239,30,0,34.291877500000005,-88.68149954,28081.0,1450.2083430872233,2.4213075060532687,1209,1232,30,0,1202,1194,85202,7,0,0,7,38
2020-08-03,US,Mississippi,Leflore,840,59,0,33.55545125,-90.29900733,28083.0,2980.520171734733,7.023809523809524,781,832,59,0,773,827,28919,8,0,0,8,5
2020-08-03,US,Mississippi,Lincoln,745,40,0,31.53288662,-90.45391915,28085.0,2181.360349017656,5.369127516778524,705,743,39,0,704,735,34205,2,1,0,1,8
2020-08-03,US,Mississippi,Lowndes,989,32,0,33.47386518,-88.44191529999998,28087.0,1687.8573257103849,3.2355915065722947,957,973,32,0,941,958,58930,16,0,0,16,15
2020-08-03,US,Mississippi,Madison,2297,56,0,32.63389156,-90.03513564,28089.0,2161.4348087925323,2.437962559860688,2241,2281,54,0,2227,2272,105630,16,2,0,14,9
2020-08-03,US,Mississippi,Marion,601,18,0,31.23132643,-89.8209217,28091.0,2445.7738167907864,2.9950083194675536,583,599,18,0,581,594,24715,2,0,0,2,5
2020-08-03,US,Mississippi,Marshall,571,8,0,34.76216286,-89.50299462,28093.0,1617.8387261290866,1.4010507880910683,563,566,8,0,558,556,35451,5,0,0,5,10
2020-08-03,US,Mississippi,Monroe,702,50,0,33.89236763,-88.4808438,28095.0,1991.3763758084647,7.1225071225071215,652,697,50,0,647,687,35564,5,0,0,5,10
2020-08-03,US,Mississippi,Montgomery,293,3,0,33.49419589,-89.61729103,28097.0,2997.442455242967,1.023890784982935,290,291,3,0,288,291,10023,2,0,0,2,0
2020-08-03,US,Mississippi,Neshoba,1197,88,0,32.75339664,-89.11726492,28099.0,4110.859262311972,7.351712614870509,1109,1194,87,0,1107,1190,29125,3,1,0,2,4
2020-08-03,US,Mississippi,Newton,516,11,0,32.40021118,-89.11843336,28101.0,2455.038538395661,2.1317829457364343,505,516,11,0,505,514,21443,0,0,0,0,2
2020-08-03,US,Mississippi,Noxubee,419,10,0,33.11009499,-88.56949061,28103.0,4022.2712873188057,2.386634844868735,409,417,10,0,407,414,10535,2,0,0,2,3
2020-08-03,US,Mississippi,Oktibbeha,1054,35,0,33.42491685,-88.87905132,28105.0,2125.5571016597087,3.3206831119544598,1019,1052,35,0,1017,1044,49599,2,0,0,2,8
2020-08-03,US,Mississippi,Panola,912,11,0,34.36398677,-89.95064249,28107.0,2667.2905942910625,1.2061403508771928,901,907,11,0,896,896,34178,5,0,0,5,11
2020-08-03,US,Mississippi,Pearl River,485,36,0,30.77090935,-89.58677275,28109.0,873.3231295579366,7.422680412371133,449,482,36,0,446,480,55387,3,0,0,3,2
2020-08-03,US,Mississippi,Perry,222,7,0,31.17161885,-88.99281835,28111.0,1854.1718867451766,3.1531531531531534,215,221,7,0,214,213,11931,1,0,0,1,8
2020-08-03,US,Mississippi,Pike,832,32,0,31.17507789,-90.40392572,28113.0,2117.6949704744447,3.8461538461538463,800,826,32,0,794,819,39563,6,0,0,6,7
2020-08-03,US,Mississippi,Pontotoc,737,7,0,34.226046000000004,-89.03636807,28115.0,2290.6694846770683,0.949796472184532,730,724,7,0,717,716,31833,13,0,0,13,8
2020-08-03,US,Mississippi,Prentiss,342,6,0,34.61810501,-88.51986294,28117.0,1361.139855130144,1.7543859649122806,336,337,6,0,331,331,25315,5,0,0,5,6
2020-08-03,US,Mississippi,Quitman,225,1,0,34.25157572,-90.28908,28119.0,3312.720848056537,0.4444444444444444,224,221,1,0,220,220,7051,4,0,0,4,1
2020-08-03,US,Mississippi,Rankin,2146,28,0,32.26469147,-89.94537876,28121.0,1382.0996837786838,1.30475302889096,2118,2124,28,0,2096,2111,153902,22,0,0,22,13
2020-08-03,US,Mississippi,Scott,955,17,0,32.406704100000006,-89.53789439,28123.0,3395.6762907125585,1.780104712041885,938,953,17,0,936,951,28287,2,0,0,2,2
2020-08-03,US,Mississippi,Sharkey,180,1,0,32.88149103,-90.8159538,28125.0,4165.702383707475,0.5555555555555556,179,180,1,0,179,180,4377,0,0,0,0,0
2020-08-03,US,Mississippi,Simpson,712,27,0,31.91282117,-89.91716179,28127.0,2670.868032110436,3.792134831460674,685,711,26,0,685,707,26758,1,1,0,0,4
2020-08-03,US,Mississippi,Smith,380,13,0,32.01744532,-89.50644846,28129.0,2387.534556421211,3.421052631578948,367,377,13,0,364,374,16002,3,0,0,3,3
2020-08-03,US,Mississippi,Stone,152,3,0,30.79187949,-89.11547539,28131.0,828.9703315881326,1.973684210526316,149,148,3,0,145,146,18717,4,0,0,4,2
2020-08-03,US,Mississippi,Sunflower,908,22,0,33.60192578,-90.58882684,28133.0,3616.0892074870567,2.4229074889867843,886,906,22,0,884,903,25735,2,0,0,2,3
2020-08-03,US,Mississippi,Tallahatchie,493,10,0,33.95339918,-90.1729398,28135.0,3570.135418929683,2.028397565922921,483,493,10,0,483,446,13987,0,0,0,0,47
2020-08-03,US,Mississippi,Tate,650,23,0,34.65133709,-89.94485778,28137.0,2295.116697856714,3.5384615384615383,627,645,23,0,622,638,28759,5,0,0,5,7
2020-08-03,US,Mississippi,Tippah,312,12,0,34.76872156,-88.90988194,28139.0,1417.2155348625934,3.8461538461538463,300,304,12,0,292,294,21995,8,0,0,8,10
2020-08-03,US,Mississippi,Tishomingo,320,4,0,34.74023475,-88.23917219,28141.0,1650.931228396017,1.25,316,316,3,0,313,306,19454,4,1,0,3,10
2020-08-03,US,Mississippi,Tunica,278,6,0,34.64967704,-90.37481167,28143.0,2886.2126245847176,2.1582733812949644,272,265,6,0,259,252,9944,13,0,0,13,13
2020-08-03,US,Mississippi,Union,531,13,0,34.49162015,-89.00776006,28145.0,1842.790213430505,2.4482109227871938,518,519,13,0,506,513,28606,12,0,0,12,6
2020-08-03,US,Mississippi,Walthall,453,18,0,31.14971548,-90.10446654,28147.0,3170.9365812683745,3.9735099337748334,435,442,18,0,424,439,14465,11,0,0,11,3
2020-08-03,US,Mississippi,Warren,964,27,0,32.35810271,-90.83352619,28149.0,2124.2370154910645,2.800829875518672,937,964,26,0,938,964,46176,0,1,0,-1,0
2020-08-03,US,Mississippi,Washington,1492,32,0,33.28392041,-90.94196237,28151.0,3397.9366416907696,2.1447721179624666,1460,1480,32,0,1448,1457,45063,12,0,0,12,23
2020-08-03,US,Mississippi,Wayne,733,21,0,31.64135687,-88.69573913,28153.0,3631.769310806125,2.8649386084583903,712,732,21,0,711,731,20298,1,0,0,1,1
2020-08-03,US,Mississippi,Webster,199,12,0,33.61300486,-89.28392912,28155.0,2053.875528950356,6.030150753768845,187,197,12,0,185,195,9788,2,0,0,2,2
2020-08-03,US,Mississippi,Wilkinson,187,12,0,31.16078225,-91.31018819,28157.0,2166.859791425261,6.4171122994652405,175,187,12,0,175,183,8792,0,0,0,0,4
2020-08-03,US,Mississippi,Winston,571,15,0,33.08747908,-89.03391385,28159.0,3180.172653856865,2.626970227670753,556,571,15,0,556,566,18165,0,0,0,0,5
2020-08-03,US,Mississippi,Yalobusha,312,10,0,34.02824175,-89.70762049999998,28161.0,2576.808721506442,3.2051282051282053,302,316,10,0,306,312,12392,-4,0,0,-4,4
2020-08-03,US,Mississippi,Yazoo,786,11,0,32.77890365,-90.39656148,28163.0,2647.356012125295,1.3994910941475829,775,773,11,0,762,764,28248,13,0,0,13,9
2020-08-03,US,Missouri,Adair,134,0,0,40.19058551,-92.60078167,29001.0,528.7456102276764,0.0,134,134,0,0,134,134,25339,0,0,0,0,0
2020-08-03,US,Missouri,Andrew,84,1,0,39.98492163,-94.80163024,29003.0,474.2547425474256,1.1904761904761905,83,84,1,0,83,83,17607,0,0,0,0,1
2020-08-03,US,Missouri,Atchison,12,0,0,40.43238737,-95.42970639,29005.0,233.326852031888,0.0,12,12,0,0,12,11,5171,0,0,0,0,1
2020-08-03,US,Missouri,Audrain,194,1,0,39.215877,-91.84242683,29007.0,764.1405388372459,0.5154639175257731,193,193,1,0,192,192,25473,1,0,0,1,1
2020-08-03,US,Missouri,Barry,230,0,0,36.70978521,-93.82919888,29009.0,642.6555645589427,0.0,230,228,0,0,228,227,35886,2,0,0,2,1
2020-08-03,US,Missouri,Barton,65,0,0,37.50207671,-94.34757022,29011.0,553.0032329419771,0.0,65,65,0,0,65,65,11798,0,0,0,0,0
2020-08-03,US,Missouri,Bates,40,1,0,38.25271289,-94.34113157,29013.0,247.3410833539451,2.5,39,39,1,0,38,39,16320,1,0,0,1,0
2020-08-03,US,Missouri,Benton,75,1,0,38.29503305,-93.28756116,29015.0,385.7429409041815,1.3333333333333333,74,71,1,0,70,71,19278,4,0,0,4,0
2020-08-03,US,Missouri,Bollinger,56,0,0,37.32449052,-90.02725304,29017.0,461.5511415148768,0.0,56,56,0,0,56,56,12169,0,0,0,0,0
2020-08-03,US,Missouri,Boone,1236,3,0,38.99186229,-92.30723575,29019.0,684.9049389625574,0.2427184466019417,1233,1218,3,0,1215,1205,180005,18,0,0,18,13
2020-08-03,US,Missouri,Buchanan,1062,10,0,39.65816401,-94.80138942,29021.0,1215.6036811501306,0.9416195856873822,1052,1056,10,0,1046,1056,88571,6,0,0,6,0
2020-08-03,US,Missouri,Butler,247,2,0,36.71462476,-90.40421163,29023.0,581.4774706907102,0.8097165991902834,245,239,2,0,237,239,42639,8,0,0,8,0
2020-08-03,US,Missouri,Caldwell,35,1,0,39.65620858,-93.98308093,29025.0,388.0266075388026,2.8571428571428568,34,30,1,0,29,30,9108,5,0,0,5,0
2020-08-03,US,Missouri,Callaway,130,1,0,38.83674754,-91.92186505,29027.0,290.5482421831348,0.7692307692307693,129,125,1,0,124,123,44889,5,0,0,5,2
2020-08-03,US,Missouri,Camden,309,4,0,38.02199522,-92.76083747,29029.0,667.3145448655653,1.2944983818770226,305,300,4,0,296,294,45815,9,0,0,9,6
2020-08-03,US,Missouri,Cape Girardeau,607,3,0,37.38489388,-89.6843587,29031.0,769.6111371733591,0.4942339373970346,604,597,3,0,594,596,78753,10,0,0,10,1
2020-08-03,US,Missouri,Carroll,99,0,0,39.42762566,-93.50626255,29033.0,1140.6844106463875,0.0,99,98,0,0,98,98,8743,1,0,0,1,0
2020-08-03,US,Missouri,Carter,19,1,0,36.94160441,-90.96051322,29035.0,317.6195252423938,5.2631578947368425,18,20,1,0,19,19,6054,-1,0,0,-1,1
2020-08-03,US,Missouri,Cass,654,9,0,38.64789422,-94.353399,29037.0,618.2643221781054,1.3761467889908257,645,636,9,0,627,630,104954,18,0,0,18,6
2020-08-03,US,Missouri,Cedar,34,0,0,37.72391475,-93.85445441,29039.0,236.9503101261412,0.0,34,34,0,0,34,34,14165,0,0,0,0,0
2020-08-03,US,Missouri,Chariton,16,0,0,39.51499357,-92.9629191,29041.0,215.45919741448964,0.0,16,14,0,0,14,14,7451,2,0,0,2,0
2020-08-03,US,Missouri,Christian,286,1,0,36.9711783,-93.18537118,29043.0,322.8173147468819,0.34965034965034963,285,281,1,0,280,275,86983,5,0,0,5,6
2020-08-03,US,Missouri,Clark,14,0,0,40.41040752,-91.73661677,29045.0,205.97322348094747,0.0,14,14,0,0,14,13,6842,0,0,0,0,1
2020-08-03,US,Missouri,Clay,914,20,0,39.31132056,-94.41850862,29047.0,365.67606062060906,2.1881838074398248,894,900,20,0,880,896,246365,14,0,0,14,4
2020-08-03,US,Missouri,Clinton,65,0,0,39.6013098,-94.40465394,29049.0,318.8306273605729,0.0,65,61,0,0,61,61,20470,4,0,0,4,0
2020-08-03,US,Missouri,Cole,325,2,0,38.50455671,-92.27860244,29051.0,423.48035702651634,0.6153846153846154,323,315,2,0,313,307,76796,10,0,0,10,8
2020-08-03,US,Missouri,Cooper,98,0,0,38.844478,-92.80896081,29053.0,553.3909311649444,0.0,98,94,0,0,94,91,17603,4,0,0,4,3
2020-08-03,US,Missouri,Crawford,57,0,0,37.97663738,-91.30528104,29055.0,238.2943143812709,0.0,57,56,0,0,56,52,23957,1,0,0,1,4
2020-08-03,US,Missouri,Dade,21,0,0,37.431814,-93.8503345,29057.0,277.74103954503374,0.0,21,15,0,0,15,14,7569,6,0,0,6,1
2020-08-03,US,Missouri,Dallas,50,1,0,37.6811355,-93.02127031,29059.0,296.2436307619386,2.0,49,49,1,0,48,48,16762,1,0,0,1,1
2020-08-03,US,Missouri,Daviess,17,0,0,39.96145298,-93.98519678,29061.0,205.36361439961343,0.0,17,17,0,0,17,17,8313,0,0,0,0,0
2020-08-03,US,Missouri,DeKalb,32,1,0,39.89201062,-94.40476508,29063.0,255.04104566828724,3.125,31,32,1,0,31,32,12630,0,0,0,0,0
2020-08-03,US,Missouri,Dent,9,0,0,37.60663134,-91.50790473,29065.0,57.792332883837396,0.0,9,9,0,0,9,9,15441,0,0,0,0,0
2020-08-03,US,Missouri,Douglas,81,2,0,36.9325593,-92.49905109,29067.0,614.3344709897611,2.469135802469136,79,73,2,0,71,73,13373,8,0,0,8,0
2020-08-03,US,Missouri,Dunklin,255,4,0,36.27167174,-90.09122243,29069.0,875.3561498060484,1.568627450980392,251,247,4,0,243,242,29423,8,0,0,8,5
2020-08-03,US,Missouri,Franklin,542,18,0,38.41127108,-91.07522826,29071.0,521.3192647667048,3.3210332103321027,524,519,18,0,501,516,103670,23,0,0,23,3
2020-08-03,US,Missouri,Gasconade,20,0,0,38.43947277,-91.50847147,29073.0,135.99891200870394,0.0,20,20,0,0,20,20,14705,0,0,0,0,0
2020-08-03,US,Missouri,Gentry,82,9,0,40.21097916,-94.40944419,29075.0,1247.9074722264495,10.975609756097562,73,79,9,0,70,79,6628,3,0,0,3,0
2020-08-03,US,Missouri,Greene,1256,10,0,37.2575872,-93.34230916,29077.0,428.5431579809338,0.7961783439490446,1246,1220,10,0,1210,1204,291923,36,0,0,36,16
2020-08-03,US,Missouri,Grundy,24,1,0,40.11406587,-93.56509276,29079.0,243.65482233502541,4.166666666666667,23,24,1,0,23,24,9914,0,0,0,0,0
2020-08-03,US,Missouri,Harrison,60,1,0,40.35570088,-93.99222144,29081.0,718.3908045977013,1.6666666666666667,59,60,1,0,59,60,8414,0,0,0,0,0
2020-08-03,US,Missouri,Henry,72,3,0,38.38482826,-93.79293734,29083.0,329.91202346041064,4.166666666666667,69,69,3,0,66,69,21792,3,0,0,3,0
2020-08-03,US,Missouri,Hickory,17,0,0,37.94163617,-93.3203037,29085.0,178.12238055322715,0.0,17,17,0,0,17,16,9509,0,0,0,0,1
2020-08-03,US,Missouri,Holt,6,0,0,40.09799248,-95.2163888,29087.0,136.2707245060186,0.0,6,6,0,0,6,6,4404,0,0,0,0,0
2020-08-03,US,Missouri,Howard,46,0,0,39.1435761,-92.69756691,29089.0,459.95400459954004,0.0,46,46,0,0,46,45,10137,0,0,0,0,1
2020-08-03,US,Missouri,Howell,140,2,0,36.77383887,-91.88683935,29091.0,348.97923573547376,1.4285714285714286,138,137,2,0,135,133,40076,3,0,0,3,4
2020-08-03,US,Missouri,Iron,17,0,0,37.55487945,-90.7735296,29093.0,167.90123456790124,0.0,17,16,0,0,16,14,10177,1,0,0,1,2
2020-08-03,US,Missouri,Jackson,3537,59,0,39.01002188,-94.34724536,29095.0,503.1215727776664,1.6680802940344923,3478,3450,59,0,3391,3396,700307,87,0,0,87,54
2020-08-03,US,Missouri,Jasper,1659,25,0,37.20351921,-94.34050458,29097.0,1367.3677963866546,1.5069318866787218,1634,1652,25,0,1627,1646,120636,7,0,0,7,6
2020-08-03,US,Missouri,Jefferson,1395,24,0,38.25926778,-90.53870896,29099.0,619.7768803230837,1.7204301075268815,1371,1349,24,0,1325,1328,224347,46,0,0,46,21
2020-08-03,US,Missouri,Johnson,473,2,0,38.74719601,-93.80691168,29101.0,874.9213865561763,0.4228329809725159,471,464,2,0,462,463,53652,9,0,0,9,1
2020-08-03,US,Missouri,Kansas City,6027,54,0,39.0997,-94.5786,0.0,1232.6590216037453,0.8959681433549029,5973,5929,53,0,5876,5865,491918,98,1,0,97,64
2020-08-03,US,Missouri,Knox,19,0,0,40.12699751,-92.14780832,29103.0,479.91917150795655,0.0,19,15,0,0,15,11,3947,4,0,0,4,4
2020-08-03,US,Missouri,Laclede,200,1,0,37.65896829,-92.5888493,29105.0,559.8633933320269,0.5,199,197,1,0,196,194,35713,3,0,0,3,3
2020-08-03,US,Missouri,Lafayette,158,2,0,39.06986886,-93.78076396,29107.0,483.06224776813,1.2658227848101269,156,152,2,0,150,151,32598,6,0,0,6,1
2020-08-03,US,Missouri,Lawrence,192,2,0,37.10626634,-93.83293097,29109.0,500.58662495111463,1.0416666666666667,190,186,2,0,184,184,38359,6,0,0,6,2
2020-08-03,US,Missouri,Lewis,34,1,0,40.09673161,-91.72070156,29111.0,347.79050736497544,2.9411764705882355,33,33,1,0,32,32,9855,1,0,0,1,1
2020-08-03,US,Missouri,Lincoln,314,1,0,39.05345619,-90.95588181,29113.0,532.0861505092098,0.3184713375796178,313,301,1,0,300,293,57686,13,0,0,13,8
2020-08-03,US,Missouri,Linn,31,1,0,39.87001769,-93.10704106,29115.0,260.06711409395973,3.2258064516129035,30,31,1,0,30,30,12037,0,0,0,0,1
2020-08-03,US,Missouri,Livingston,53,0,0,39.78110272,-93.54645978,29117.0,348.06593550929273,0.0,53,53,0,0,53,53,15146,0,0,0,0,0
2020-08-03,US,Missouri,Macon,53,0,0,39.83049768,-92.56453089,29121.0,350.5986637560363,0.0,53,53,0,0,53,53,15153,0,0,0,0,0
2020-08-03,US,Missouri,Madison,17,0,0,37.47865134,-90.3467143,29123.0,140.63534083388484,0.0,17,17,0,0,17,17,12188,0,0,0,0,0
2020-08-03,US,Missouri,Maries,17,0,0,38.16193985,-91.92249662,29125.0,195.4697021961596,0.0,17,14,0,0,14,14,8769,3,0,0,3,0
2020-08-03,US,Missouri,Marion,157,1,0,39.80601912,-91.62203062,29127.0,550.2979320014019,0.6369426751592356,156,150,1,0,149,150,28592,7,0,0,7,0
2020-08-03,US,Missouri,McDonald,936,7,0,36.62869595,-94.34867205,29119.0,4098.611901738407,0.7478632478632479,929,926,7,0,919,926,23078,10,0,0,10,0
2020-08-03,US,Missouri,Mercer,9,0,0,40.42212303,-93.5682959,29129.0,248.82499308819462,0.0,9,9,0,0,9,8,3641,0,0,0,0,1
2020-08-03,US,Missouri,Miller,104,0,0,38.21450288,-92.42610898,29131.0,405.94870994184,0.0,104,96,0,0,96,93,25336,8,0,0,8,3
2020-08-03,US,Missouri,Mississippi,131,0,0,36.82516239,-89.29505753,29133.0,993.9301972685887,0.0,131,130,0,0,130,129,13336,1,0,0,1,1
2020-08-03,US,Missouri,Moniteau,123,2,0,38.63571781,-92.57976951,29135.0,762.4597074138359,1.6260162601626016,121,123,2,0,121,121,16121,0,0,0,0,2
2020-08-03,US,Missouri,Monroe,21,0,0,39.49593978,-92.00043978,29137.0,242.94308190652472,0.0,21,17,0,0,17,17,8664,4,0,0,4,0
2020-08-03,US,Missouri,Montgomery,38,0,0,38.94022054,-91.47000721,29139.0,328.97584624707815,0.0,38,36,0,0,36,33,11534,2,0,0,2,3
2020-08-03,US,Missouri,Morgan,71,0,0,38.4181765,-92.88791859,29141.0,344.2090463955011,0.0,71,67,0,0,67,62,20358,4,0,0,4,5
2020-08-03,US,Missouri,New Madrid,194,1,0,36.59666326,-89.66070007,29143.0,1136.097446708831,0.5154639175257731,193,184,1,0,183,179,17296,10,0,0,10,5
2020-08-03,US,Missouri,Newton,807,6,0,36.90519407,-94.3394104,29145.0,1385.7407788996493,0.7434944237918215,801,801,6,0,795,799,58266,6,0,0,6,2
2020-08-03,US,Missouri,Nodaway,162,0,0,40.36079813,-94.88133008,29147.0,733.2971211298207,0.0,162,157,0,0,157,153,22304,5,0,0,5,4
2020-08-03,US,Missouri,Oregon,14,0,0,36.68710164,-91.4033755,29149.0,132.96609364612024,0.0,14,14,0,0,14,13,10541,0,0,0,0,1
2020-08-03,US,Missouri,Osage,42,0,0,38.46036182,-91.8613635,29151.0,308.4832904884318,0.0,42,39,0,0,39,37,13714,3,0,0,3,2
2020-08-03,US,Missouri,Ozark,7,0,0,36.64916339,-92.44459066,29153.0,76.3025942882058,0.0,7,7,0,0,7,6,9017,0,0,0,0,1
2020-08-03,US,Missouri,Pemiscot,214,8,0,36.2130572,-89.78742322,29155.0,1354.001898133502,3.7383177570093458,206,205,8,0,197,204,16272,9,0,0,9,1
2020-08-03,US,Missouri,Perry,208,4,0,37.70660776,-89.82741088,29157.0,1086.9565217391305,1.9230769230769231,204,206,4,0,202,202,19150,2,0,0,2,4
2020-08-03,US,Missouri,Pettis,435,3,0,38.72798918,-93.28471706,29159.0,1027.4215262523917,0.6896551724137931,432,410,3,0,407,407,42542,25,0,0,25,3
2020-08-03,US,Missouri,Phelps,74,0,0,37.87736118,-91.79351727,29161.0,166.01978776389294,0.0,74,75,0,0,75,75,44732,-1,0,0,-1,0
2020-08-03,US,Missouri,Pike,74,1,0,39.34310674,-91.16980779,29163.0,404.327395913015,1.351351351351351,73,69,1,0,68,69,18504,5,0,0,5,0
2020-08-03,US,Missouri,Platte,318,10,0,39.38154439,-94.77068479,29165.0,304.5451933574671,3.1446540880503147,308,312,10,0,302,308,102985,6,0,0,6,4
2020-08-03,US,Missouri,Polk,192,0,0,37.6162296,-93.39828174,29167.0,597.2191981088058,0.0,192,191,0,0,191,189,32201,1,0,0,1,2
2020-08-03,US,Missouri,Pulaski,183,1,0,37.82462075,-92.20783203,29169.0,347.8624517649742,0.5464480874316939,182,180,1,0,179,179,52014,3,0,0,3,1
2020-08-03,US,Missouri,Putnam,10,1,0,40.47942497,-93.02042674,29171.0,212.94718909710392,10.0,9,10,1,0,9,10,4757,0,0,0,0,0
2020-08-03,US,Missouri,Ralls,23,0,0,39.52817427,-91.51838643,29173.0,223.10602386264432,0.0,23,21,0,0,21,21,10212,2,0,0,2,0
2020-08-03,US,Missouri,Randolph,57,1,0,39.44007257,-92.4971374,29175.0,230.32164215290126,1.7543859649122806,56,55,1,0,54,55,24763,2,0,0,2,0
2020-08-03,US,Missouri,Ray,96,0,0,39.3537468,-93.98905745,29177.0,417.0649057259536,0.0,96,90,0,0,90,90,22883,6,0,0,6,0
2020-08-03,US,Missouri,Reynolds,16,0,0,37.36085952,-90.97009925,29179.0,255.18341307814998,0.0,16,16,0,0,16,16,6254,0,0,0,0,0
2020-08-03,US,Missouri,Ripley,45,0,0,36.65460667,-90.85990261,29181.0,338.65141481035516,0.0,45,40,0,0,40,41,13401,5,0,0,5,-1
2020-08-03,US,Missouri,Saline,415,7,0,39.13734288,-93.20259964,29195.0,1823.2942313606607,1.686746987951807,408,410,7,0,403,409,22895,5,0,0,5,1
2020-08-03,US,Missouri,Schuyler,9,0,0,40.46921489,-92.52311943,29197.0,193.13304721030042,0.0,9,9,0,0,9,9,4599,0,0,0,0,0
2020-08-03,US,Missouri,Scotland,12,1,0,40.45214695,-92.14709064,29199.0,244.79804161566707,8.333333333333334,11,12,1,0,11,12,4966,0,0,0,0,0
2020-08-03,US,Missouri,Scott,352,13,0,37.05588075,-89.56474493,29201.0,919.5402298850572,3.6931818181818175,339,345,13,0,332,341,38458,7,0,0,7,4
2020-08-03,US,Missouri,Shannon,43,1,0,37.15772072,-91.40190382,29203.0,526.573597844722,2.3255813953488373,42,43,1,0,42,43,8189,0,0,0,0,0
2020-08-03,US,Missouri,Shelby,29,0,0,39.79742518,-92.07634971,29205.0,489.03878583473846,0.0,29,28,0,0,28,28,6050,1,0,0,1,0
2020-08-03,US,Missouri,St. Charles,3636,87,0,38.77875681,-90.66662425,29183.0,904.4281158742557,2.392739273927393,3549,3553,87,0,3466,3508,399182,83,0,0,83,45
2020-08-03,US,Missouri,St. Clair,18,0,0,38.03699437,-93.77631447,29185.0,191.5504948387783,0.0,18,18,0,0,18,18,9395,0,0,0,0,0
2020-08-03,US,Missouri,St. Francois,307,2,0,37.81214171,-90.47598685,29187.0,456.74328646879417,0.6514657980456026,305,299,2,0,297,297,66692,8,0,0,8,2
2020-08-03,US,Missouri,St. Louis,13474,650,0,38.63770039999999,-90.4458375,29189.0,1355.2536951634722,4.824105685023008,12824,13271,650,0,12621,13162,996945,203,0,0,203,109
2020-08-03,US,Missouri,St. Louis City,4667,171,0,38.63555736,-90.24349225,29510.0,1552.6855104865326,3.6640239982858374,4496,4621,169,0,4452,4579,302838,46,2,0,44,42
2020-08-03,US,Missouri,Ste. Genevieve,46,1,0,37.89090059,-90.1949941,29186.0,257.0694087403599,2.1739130434782608,45,44,1,0,43,43,17888,2,0,0,2,1
2020-08-03,US,Missouri,Stoddard,209,9,0,36.85571651,-89.9444155,29207.0,720.0689061154178,4.30622009569378,200,210,9,0,201,207,29206,-1,0,0,-1,3
2020-08-03,US,Missouri,Stone,88,1,0,36.75000327,-93.45256475,29209.0,275.4131196795193,1.1363636363636365,87,86,1,0,85,82,31749,2,0,0,2,4
2020-08-03,US,Missouri,Sullivan,136,0,0,40.2099105,-93.11150106,29211.0,2233.535884381672,0.0,136,135,0,0,135,134,6221,1,0,0,1,1
2020-08-03,US,Missouri,Taney,456,3,0,36.65465345,-93.04075153,29213.0,815.3340008582463,0.6578947368421053,453,428,3,0,425,403,55852,28,0,0,28,25
2020-08-03,US,Missouri,Texas,38,0,0,37.31728859,-91.96564727,29215.0,149.61808016379243,0.0,38,36,0,0,36,35,25571,2,0,0,2,1
2020-08-03,US,Missouri,Vernon,46,0,0,37.8457799,-94.34127305,29217.0,223.70276710596698,0.0,46,45,0,0,45,44,20528,1,0,0,1,1
2020-08-03,US,Missouri,Warren,171,0,0,38.76529479,-91.16124662,29219.0,479.6768492804847,0.0,171,161,0,0,161,157,34711,10,0,0,10,4
2020-08-03,US,Missouri,Washington,56,1,0,37.96130078,-90.87948158,29221.0,226.4456126162556,1.7857142857142858,55,56,1,0,55,54,24943,0,0,0,0,2
2020-08-03,US,Missouri,Wayne,37,0,0,37.11303869,-90.46001416,29223.0,287.42328905461045,0.0,37,35,0,0,35,34,13122,2,0,0,2,1
2020-08-03,US,Missouri,Webster,118,1,0,37.2813734,-92.876329,29225.0,298.04000808244086,0.8474576271186439,117,116,1,0,115,113,39109,2,0,0,2,3
2020-08-03,US,Missouri,Worth,9,0,0,40.47945588,-94.42328751,29227.0,447.0938897168405,0.0,9,8,0,0,8,8,2040,1,0,0,1,0
2020-08-03,US,Missouri,Wright,58,0,0,37.27029221,-92.46914488,29229.0,317.13051561047627,0.0,58,58,0,0,58,58,18378,0,0,0,0,0
2020-08-03,US,Montana,Beaverhead,47,0,0,45.13434354,-112.89846940000001,30001.0,497.1966571458796,0.0,47,47,0,0,47,47,9404,0,0,0,0,0
2020-08-03,US,Montana,Big Horn,348,11,0,45.42335905,-107.492347,30003.0,2612.8087694271344,3.160919540229885,337,338,9,0,329,319,13338,10,2,0,8,19
2020-08-03,US,Montana,Blaine,9,0,0,48.43175214,-108.9582723,30005.0,134.7103726986978,0.0,9,9,0,0,9,8,6807,0,0,0,0,1
2020-08-03,US,Montana,Broadwater,11,0,0,46.33277565,-111.49558130000001,30007.0,176.36684303350967,0.0,11,10,0,0,10,10,6085,1,0,0,1,0
2020-08-03,US,Montana,Carbon,58,0,0,45.22850116,-109.0274047,30009.0,540.7925407925408,0.0,58,58,0,0,58,57,10714,0,0,0,0,1
2020-08-03,US,Montana,Cascade,150,2,0,47.30797024,-111.3467922,30013.0,184.35218641693092,1.3333333333333333,148,146,2,0,144,144,81643,4,0,0,4,2
2020-08-03,US,Montana,Chouteau,7,0,0,47.88084126,-110.4353362,30015.0,124.22360248447204,0.0,7,7,0,0,7,6,5745,0,0,0,0,1
2020-08-03,US,Montana,Custer,52,2,0,46.25319932,-105.57375259999998,30017.0,456.060340291177,3.8461538461538463,50,52,2,0,50,52,11586,0,0,0,0,0
2020-08-03,US,Montana,Daniels,2,0,0,48.78420029,-105.54763429999998,30019.0,118.3431952662722,0.0,2,2,0,0,2,2,1747,0,0,0,0,0
2020-08-03,US,Montana,Dawson,16,0,0,47.26584855,-104.89444170000002,30021.0,185.76570300708232,0.0,16,16,0,0,16,16,8680,0,0,0,0,0
2020-08-03,US,Montana,Deer Lodge,20,0,0,46.05953325,-113.073353,30023.0,218.81838074398246,0.0,20,20,0,0,20,20,9131,0,0,0,0,0
2020-08-03,US,Montana,Fallon,2,0,0,46.33478338,-104.41835649999999,30025.0,70.27406886858749,0.0,2,2,0,0,2,2,2920,0,0,0,0,0
2020-08-03,US,Montana,Fergus,7,0,0,47.26331584,-109.2245206,30027.0,63.34841628959276,0.0,7,6,0,0,6,6,11113,1,0,0,1,0
2020-08-03,US,Montana,Flathead,263,2,0,48.29575866,-114.05205690000001,30029.0,253.3572240525596,0.7604562737642585,261,263,2,0,261,253,102106,0,0,0,0,10
2020-08-03,US,Montana,Gallatin,868,3,0,45.54486106,-111.1692571,30031.0,758.5158257161332,0.3456221198156682,865,870,3,0,867,864,111876,-2,0,0,-2,6
2020-08-03,US,Montana,Garfield,12,0,0,47.27545948,-107.0002351,30033.0,953.8950715421304,0.0,12,12,0,0,12,12,1268,0,0,0,0,0
2020-08-03,US,Montana,Glacier,58,1,0,48.70513576,-112.9934235,30035.0,421.72616883589035,1.7241379310344829,57,56,1,0,55,54,13747,2,0,0,2,2
2020-08-03,US,Montana,Golden Valley,3,0,0,46.3816474,-109.17685220000001,30037.0,365.4080389768576,0.0,3,3,0,0,3,3,826,0,0,0,0,0
2020-08-03,US,Montana,Granite,8,0,0,46.40605220000001,-113.4414186,30039.0,236.756436815626,0.0,8,7,0,0,7,7,3378,1,0,0,1,0
2020-08-03,US,Montana,Hill,40,0,0,48.62879827,-110.1129252,30041.0,242.6595486532395,0.0,40,40,0,0,40,40,16347,0,0,0,0,0
2020-08-03,US,Montana,Jefferson,27,0,0,46.14907081,-112.094396,30043.0,220.9311840274937,0.0,27,25,0,0,25,25,12097,2,0,0,2,0
2020-08-03,US,Montana,Judith Basin,3,0,0,47.04581276,-110.26606880000001,30045.0,149.47683109118088,0.0,3,3,0,0,3,3,1952,0,0,0,0,0
2020-08-03,US,Montana,Lake,164,1,0,47.64514965,-114.0898013,30047.0,538.446385186158,0.6097560975609756,163,166,1,0,165,165,30250,-2,0,0,-2,1
2020-08-03,US,Montana,Lewis and Clark,135,1,0,47.12610041,-112.39469799999999,30049.0,194.4348427238161,0.7407407407407407,134,131,1,0,130,129,68700,4,0,0,4,2
2020-08-03,US,Montana,Liberty,1,0,0,48.56084317,-111.02430700000001,30051.0,42.78990158322636,0.0,1,1,0,0,1,1,2430,0,0,0,0,0
2020-08-03,US,Montana,Lincoln,70,2,0,48.54265777,-115.4046155,30053.0,350.35035035035037,2.8571428571428568,68,70,2,0,68,69,19794,0,0,0,0,1
2020-08-03,US,Montana,Madison,76,1,0,45.30080065,-111.9173017,30057.0,883.7209302325581,1.3157894736842106,75,75,1,0,74,74,8768,1,0,0,1,1
2020-08-03,US,Montana,McCone,1,0,0,47.64469406,-105.79449939999999,30055.0,60.09615384615386,0.0,1,1,0,0,1,1,1675,0,0,0,0,0
2020-08-03,US,Montana,Meagher,4,0,0,46.59907074,-110.8898557,30059.0,214.8227712137487,0.0,4,4,0,0,4,4,1866,0,0,0,0,0
2020-08-03,US,Montana,Missoula,267,1,0,47.03728583,-113.92135079999998,30063.0,223.24414715719064,0.3745318352059925,266,266,1,0,265,256,118791,1,0,0,1,10
2020-08-03,US,Montana,Musselshell,2,0,0,46.49684637,-108.39498,30065.0,43.16857327865314,0.0,2,2,0,0,2,2,4651,0,0,0,0,0
2020-08-03,US,Montana,Park,52,0,0,45.48965095,-110.52643940000002,30067.0,313.13982897747815,0.0,52,48,0,0,48,47,16736,4,0,0,4,1
2020-08-03,US,Montana,Pondera,9,0,0,48.22773388,-112.22527029999999,30073.0,152.25850109964472,0.0,9,9,0,0,9,9,5972,0,0,0,0,0
2020-08-03,US,Montana,Powder River,1,0,0,45.39617714,-105.636738,30075.0,59.453032104637344,0.0,1,1,0,0,1,1,1716,0,0,0,0,0
2020-08-03,US,Montana,Powell,2,0,0,46.85538891,-112.93591640000001,30077.0,29.027576197387518,0.0,2,2,0,0,2,2,6968,0,0,0,0,0
2020-08-03,US,Montana,Ravalli,73,1,0,46.08520862,-114.11891640000002,30081.0,166.6438387435511,1.3698630136986298,72,72,1,0,71,72,43172,1,0,0,1,0
2020-08-03,US,Montana,Richland,46,1,0,47.78668011,-104.5610786,30083.0,425.80764602425245,2.1739130434782608,45,46,1,0,45,46,10913,0,0,0,0,0
2020-08-03,US,Montana,Roosevelt,19,0,0,48.29607488,-105.00792679999999,30085.0,172.6644856415849,0.0,19,19,0,0,19,19,11059,0,0,0,0,0
2020-08-03,US,Montana,Rosebud,22,1,0,46.23397237,-106.72928799999998,30087.0,246.16761776882626,4.545454545454546,21,22,1,0,21,22,9063,0,0,0,0,0
2020-08-03,US,Montana,Sanders,9,0,0,47.67657534,-115.1329916,30089.0,74.30033847931973,0.0,9,9,0,0,9,9,11844,0,0,0,0,0
2020-08-03,US,Montana,Sheridan,3,0,0,48.72085833,-104.50382900000001,30091.0,90.66183136899366,0.0,3,3,0,0,3,3,3424,0,0,0,0,0
2020-08-03,US,Montana,Silver Bow,66,0,0,45.90018933,-112.6620092,30093.0,189.03050264929112,0.0,66,66,0,0,66,64,34993,0,0,0,0,2
2020-08-03,US,Montana,Stillwater,19,0,0,45.67071407,-109.3950061,30095.0,197.05455299730343,0.0,19,19,0,0,19,19,9534,0,0,0,0,0
2020-08-03,US,Montana,Sweet Grass,4,1,0,45.81367654,-109.9425686,30097.0,107.03773080010704,25.0,3,4,1,0,3,4,3710,0,0,0,0,0
2020-08-03,US,Montana,Teton,15,0,0,47.83741052,-112.24106880000001,30099.0,244.0214738897023,0.0,15,15,0,0,15,15,6162,0,0,0,0,0
2020-08-03,US,Montana,Toole,31,6,0,48.65577551,-111.69424140000001,30101.0,654.5608108108107,19.354838709677423,25,31,6,0,25,31,4853,0,0,0,0,0
2020-08-03,US,Montana,Treasure,2,0,0,46.20973220000001,-107.26665159999999,30103.0,287.3563218390805,0.0,2,2,0,0,2,2,679,0,0,0,0,0
2020-08-03,US,Montana,Valley,13,0,0,48.36435097,-106.6669635,30105.0,175.77068685776095,0.0,13,13,0,0,13,11,7437,0,0,0,0,2
2020-08-03,US,Montana,Wheatland,3,0,0,46.46652491,-109.84646359999999,30107.0,141.11006585136406,0.0,3,3,0,0,3,3,2236,0,0,0,0,0
2020-08-03,US,Montana,Wibaux,3,0,0,46.95925154,-104.2510927,30109.0,309.59752321981426,0.0,3,3,0,0,3,3,1034,0,0,0,0,0
2020-08-03,US,Montana,Yellowstone,1110,27,0,45.93955949,-108.26914860000001,30111.0,688.1587104773714,2.4324324324324325,1083,1098,26,0,1072,1048,160137,12,1,0,11,50
2020-08-03,US,Nebraska,Adams,344,11,0,40.52449420000001,-98.50117804,31001.0,1096.833848802729,3.197674418604651,333,341,11,0,330,340,31511,3,0,0,3,1
2020-08-03,US,Nebraska,Antelope,19,1,0,42.17695516,-98.06662829999999,31003.0,301.6830739917434,5.2631578947368425,18,18,1,0,17,18,6336,1,0,0,1,0
2020-08-03,US,Nebraska,Banner,2,0,0,41.54634427,-103.7114332,31007.0,268.4563758389262,0.0,2,2,0,0,2,2,730,0,0,0,0,0
2020-08-03,US,Nebraska,Boone,8,0,0,41.70759415,-98.06737183,31011.0,154.08320493066256,0.0,8,7,0,0,7,7,5239,1,0,0,1,0
2020-08-03,US,Nebraska,Box Butte,11,0,0,42.22079243,-103.08788340000001,31013.0,102.01242696837616,0.0,11,11,0,0,11,11,10772,0,0,0,0,0
2020-08-03,US,Nebraska,Boyd,1,0,0,42.899727399999996,-98.76486568,31015.0,52.110474205315285,0.0,1,1,0,0,1,1,1955,0,0,0,0,0
2020-08-03,US,Nebraska,Buffalo,357,1,0,40.85486962,-99.07500296,31019.0,718.9029179000786,0.2801120448179272,356,347,1,0,346,333,49615,10,0,0,10,14
2020-08-03,US,Nebraska,Burt,25,0,0,41.85056773,-96.32605633,31021.0,387.05681994116736,0.0,25,25,0,0,25,22,6488,0,0,0,0,3
2020-08-03,US,Nebraska,Butler,56,0,0,41.22703692,-97.13106306,31023.0,698.6027944111778,0.0,56,56,0,0,56,56,8058,0,0,0,0,0
2020-08-03,US,Nebraska,Cass,160,0,0,40.90899107,-96.13971217,31025.0,609.570252971655,0.0,160,157,1,0,156,156,26159,3,-1,0,4,1
2020-08-03,US,Nebraska,Cedar,21,0,0,42.598885100000004,-97.25311951,31027.0,249.94049035943826,0.0,21,21,0,0,21,21,8446,0,0,0,0,0
2020-08-03,US,Nebraska,Chase,6,0,0,40.523719799999995,-101.69780259999999,31029.0,152.9051987767584,0.0,6,6,0,0,6,6,3977,0,0,0,0,0
2020-08-03,US,Nebraska,Cherry,4,0,0,42.54502621,-101.1244332,31031.0,70.31112673580594,0.0,4,4,0,0,4,4,5761,0,0,0,0,0
2020-08-03,US,Nebraska,Cheyenne,26,0,0,41.21999357,-102.9941693,31033.0,291.8069584736251,0.0,26,26,0,0,26,26,9310,0,0,0,0,0
2020-08-03,US,Nebraska,Clay,48,0,0,40.52439441,-98.05126296,31035.0,773.8191197807512,0.0,48,48,0,0,48,47,6214,0,0,0,0,1
2020-08-03,US,Nebraska,Colfax,695,4,0,41.57486951,-97.0868542,31037.0,6489.868335045289,0.5755395683453237,691,694,4,0,690,692,10881,1,0,0,1,2
2020-08-03,US,Nebraska,Cuming,59,0,0,41.91637624,-96.78730772,31039.0,666.9681211847162,0.0,59,58,0,0,58,57,8940,1,0,0,1,1
2020-08-03,US,Nebraska,Custer,43,4,0,41.39374521,-99.72805369,31041.0,398.9978658253688,9.30232558139535,39,43,4,0,39,43,10840,0,0,0,0,0
2020-08-03,US,Nebraska,Dakota,1901,41,0,42.39040144,-96.56656425,31043.0,9492.659542594627,2.156759600210416,1860,1901,41,0,1860,1901,20083,0,0,0,0,0
2020-08-03,US,Nebraska,Dawes,8,0,0,42.71985036,-103.1313774,31045.0,93.1423914309,0.0,8,8,0,0,8,8,8716,0,0,0,0,0
2020-08-03,US,Nebraska,Dawson,949,9,0,40.87028216,-99.82014609999999,31047.0,4022.0385674931126,0.9483667017913592,940,949,9,0,940,943,23709,0,0,0,0,6
2020-08-03,US,Nebraska,Deuel,1,0,0,41.11168186,-102.33333309999999,31049.0,55.74136008918617,0.0,1,1,0,0,1,1,1825,0,0,0,0,0
2020-08-03,US,Nebraska,Dixon,56,2,0,42.49188363,-96.86782408,31051.0,993.61249112846,3.571428571428572,54,56,2,0,54,56,5709,0,0,0,0,0
2020-08-03,US,Nebraska,Dodge,775,8,0,41.58071748,-96.65598179,31053.0,2119.513195678928,1.032258064516129,767,772,8,0,764,758,36791,3,0,0,3,14
2020-08-03,US,Nebraska,Douglas,10611,131,0,41.29518299,-96.15085305,31055.0,1857.2551270988413,1.2345679012345678,10480,10480,131,0,10349,10340,566880,131,0,0,131,140
2020-08-03,US,Nebraska,Dundy,1,0,0,40.17638677,-101.6876522,31057.0,59.06674542232722,0.0,1,1,0,0,1,1,1770,0,0,0,0,0
2020-08-03,US,Nebraska,Fillmore,24,1,0,40.52458567,-97.59646937,31059.0,439.3994873672647,4.166666666666667,23,24,1,0,23,23,5527,0,0,0,0,1
2020-08-03,US,Nebraska,Franklin,9,0,0,40.17636348,-98.95299073,31061.0,302.1148036253776,0.0,9,9,0,0,9,9,3023,0,0,0,0,0
2020-08-03,US,Nebraska,Frontier,3,0,0,40.52993007,-100.3924658,31063.0,114.19870574800152,0.0,3,3,0,0,3,3,2608,0,0,0,0,0
2020-08-03,US,Nebraska,Furnas,15,1,0,40.17642064,-99.91247454,31065.0,320.786997433704,6.666666666666668,14,15,1,0,14,15,4715,0,0,0,0,0
2020-08-03,US,Nebraska,Gage,82,4,0,40.26186809,-96.68946704,31067.0,381.1648770510853,4.878048780487805,78,82,4,0,78,81,21493,0,0,0,0,1
2020-08-03,US,Nebraska,Garden,4,0,0,41.61703149,-102.3313973,31069.0,217.74632553075668,0.0,4,4,0,0,4,4,1897,0,0,0,0,0
2020-08-03,US,Nebraska,Garfield,3,0,0,41.91428955,-98.99111827,31071.0,152.36160487557137,0.0,3,3,0,0,3,3,1987,0,0,0,0,0
2020-08-03,US,Nebraska,Gosper,19,0,0,40.51481965,-99.83020279,31073.0,954.7738693467336,0.0,19,17,0,0,17,15,1996,2,0,0,2,2
2020-08-03,US,Nebraska,Greeley,8,0,0,41.56742671,-98.52150266,31077.0,339.55857385398986,0.0,8,8,0,0,8,8,2356,0,0,0,0,0
2020-08-03,US,Nebraska,Hall,1717,45,0,40.87257079,-98.50218293,31079.0,2798.559157661402,2.6208503203261504,1672,1713,45,0,1668,1708,61607,4,0,0,4,5
2020-08-03,US,Nebraska,Hamilton,96,12,0,40.87349452,-98.02099117,31081.0,1029.6010296010297,12.5,84,96,12,0,84,95,9280,0,0,0,0,1
2020-08-03,US,Nebraska,Harlan,1,0,0,40.17658508,-99.40438879,31083.0,29.58579881656805,0.0,1,1,0,0,1,1,3401,0,0,0,0,0
2020-08-03,US,Nebraska,Hitchcock,1,0,0,40.17609175,-101.04164770000001,31087.0,36.205648081100655,0.0,1,1,0,0,1,1,2806,0,0,0,0,0
2020-08-03,US,Nebraska,Holt,11,0,0,42.45522056,-98.78402558,31089.0,109.26790503625708,0.0,11,8,0,0,8,7,10178,3,0,0,3,1
2020-08-03,US,Nebraska,Hooker,4,0,0,41.91586243,-101.1354293,31091.0,586.5102639296188,0.0,4,4,0,0,4,4,682,0,0,0,0,0
2020-08-03,US,Nebraska,Howard,54,4,0,41.2200529,-98.5166499,31093.0,837.8588052754072,7.407407407407407,50,55,4,0,51,55,6468,-1,0,0,-1,0
2020-08-03,US,Nebraska,Jefferson,14,0,0,40.17584531,-97.142601,31095.0,198.69429463525398,0.0,14,14,0,0,14,14,7097,0,0,0,0,0
2020-08-03,US,Nebraska,Johnson,13,0,0,40.39257596,-96.26522753,31097.0,256.35969236836917,0.0,13,12,0,0,12,11,5134,1,0,0,1,1
2020-08-03,US,Nebraska,Kearney,34,0,0,40.50663314,-98.94877182,31099.0,523.4795996920708,0.0,34,34,0,0,34,29,6544,0,0,0,0,5
2020-08-03,US,Nebraska,Keith,19,0,0,41.19930341,-101.66201640000001,31101.0,236.49489668907142,0.0,19,19,0,0,19,18,8021,0,0,0,0,1
2020-08-03,US,Nebraska,Kimball,15,0,0,41.19774275,-103.7148131,31105.0,412.9955947136564,0.0,15,15,0,0,15,15,3618,0,0,0,0,0
2020-08-03,US,Nebraska,Knox,32,0,0,42.63758421,-97.89178836,31107.0,384.0614498319731,0.0,32,31,0,0,31,31,8419,1,0,0,1,0
2020-08-03,US,Nebraska,Lancaster,3133,15,0,40.78416049,-96.68777155,31109.0,981.8546491585446,0.4787743376954995,3118,3102,15,0,3087,3053,317272,31,0,0,31,49
2020-08-03,US,Nebraska,Lincoln,94,2,0,41.04658298,-100.74753740000001,31111.0,269.232972446583,2.127659574468085,92,95,2,0,93,94,35185,-1,0,0,-1,1
2020-08-03,US,Nebraska,Madison,420,5,0,41.91676024,-97.6005481,31119.0,1196.6152881848484,1.1904761904761905,415,419,5,0,414,415,35392,1,0,0,1,4
2020-08-03,US,Nebraska,McPherson,4,0,0,41.56797682,-101.05993620000001,31117.0,809.7165991902832,0.0,4,4,0,0,4,4,492,0,0,0,0,0
2020-08-03,US,Nebraska,Merrick,54,0,0,41.16624273,-98.0374887,31121.0,696.3249516441008,0.0,54,54,0,0,54,48,7733,0,0,0,0,6
2020-08-03,US,Nebraska,Morrill,58,0,0,41.71711774,-103.0061405,31123.0,1249.4614390348986,0.0,58,58,0,0,58,58,4686,0,0,0,0,0
2020-08-03,US,Nebraska,Nance,8,0,0,41.39750195,-97.99327291,31125.0,227.33731173628868,0.0,8,8,0,0,8,8,3532,0,0,0,0,0
2020-08-03,US,Nebraska,Nemaha,21,0,0,40.38514847,-95.85433992,31127.0,301.20481927710836,0.0,21,21,0,0,21,20,6958,0,0,0,0,1
2020-08-03,US,Nebraska,Nuckolls,5,0,0,40.17637905,-98.04743961,31129.0,120.54001928640308,0.0,5,5,0,0,5,5,4195,0,0,0,0,0
2020-08-03,US,Nebraska,Otoe,43,0,0,40.64843556,-96.13374142,31131.0,268.54858855858106,0.0,43,42,0,0,42,42,15985,1,0,0,1,0
2020-08-03,US,Nebraska,Pawnee,8,0,0,40.13141096,-96.23705437,31133.0,306.1615001913508,0.0,8,7,0,0,7,7,2632,1,0,0,1,0
2020-08-03,US,Nebraska,Perkins,17,1,0,40.85082525,-101.6502942,31135.0,588.031822898651,5.882352941176472,16,17,1,0,16,15,2929,0,0,0,0,2
2020-08-03,US,Nebraska,Phelps,36,0,0,40.51156033,-99.41461667,31137.0,398.4945760460483,0.0,36,36,0,0,36,34,8996,0,0,0,0,2
2020-08-03,US,Nebraska,Pierce,18,0,0,42.26434853,-97.60122773,31139.0,251.81869054280918,0.0,18,17,0,0,17,18,7142,1,0,0,1,-1
2020-08-03,US,Nebraska,Platte,767,3,0,41.57246836,-97.52144359,31141.0,2291.604421870332,0.39113428943937417,764,766,3,0,763,764,33363,1,0,0,1,2
2020-08-03,US,Nebraska,Polk,24,0,0,41.18813488,-97.56630712,31143.0,460.3874928064455,0.0,24,24,0,0,24,24,5278,0,0,0,0,0
2020-08-03,US,Nebraska,Red Willow,16,0,0,40.17556879999999,-100.476998,31145.0,149.19806042521446,0.0,16,16,0,0,16,16,10726,0,0,0,0,0
2020-08-03,US,Nebraska,Richardson,20,1,0,40.1247415,-95.71755036,31147.0,254.29116338207248,5.0,19,20,1,0,19,20,7937,0,0,0,0,0
2020-08-03,US,Nebraska,Rock,2,0,0,42.42252217,-99.44832069,31149.0,147.38393515106853,0.0,2,2,0,0,2,2,1360,0,0,0,0,0
2020-08-03,US,Nebraska,Saline,582,2,0,40.52418865,-97.14085859,31151.0,4091.6760404949378,0.3436426116838488,580,583,2,0,581,581,14350,-1,0,0,-1,2
2020-08-03,US,Nebraska,Sarpy,2064,6,0,41.11314181,-96.11156432,31153.0,1102.5876621295326,0.2906976744186047,2058,2028,9,0,2019,2008,184459,36,-3,0,39,20
2020-08-03,US,Nebraska,Saunders,139,2,0,41.227810299999994,-96.63773905,31155.0,644.1746223004913,1.4388489208633093,137,138,2,0,136,128,21303,1,0,0,1,10
2020-08-03,US,Nebraska,Scotts Bluff,289,6,0,41.85070896,-103.70809859999999,31157.0,811.3875007018922,2.0761245674740483,283,289,6,0,283,287,35989,0,0,0,0,2
2020-08-03,US,Nebraska,Seward,100,1,0,40.87241834,-97.139673,31159.0,578.5697755149272,1.0,99,96,1,0,95,95,17318,4,0,0,4,1
2020-08-03,US,Nebraska,Sheridan,9,0,0,42.50284406,-102.4126613,31161.0,171.55928326343883,0.0,9,9,0,0,9,9,5190,0,0,0,0,0
2020-08-03,US,Nebraska,Sherman,9,0,0,41.22045983,-98.97588642,31163.0,299.9000333222258,0.0,9,8,0,0,8,7,3038,1,0,0,1,1
2020-08-03,US,Nebraska,Sioux,5,0,0,42.48932059,-103.7576544,31165.0,428.8164665523156,0.0,5,5,0,0,5,5,1187,0,0,0,0,0
2020-08-03,US,Nebraska,Stanton,28,0,0,41.9169835,-97.19394708,31167.0,472.97297297297297,0.0,28,28,0,0,28,26,5970,0,0,0,0,2
2020-08-03,US,Nebraska,Thayer,26,0,0,40.17626377,-97.59504381,31169.0,519.6881870877473,0.0,26,25,0,0,25,25,5039,1,0,0,1,0
2020-08-03,US,Nebraska,Thomas,1,0,0,41.91358968,-100.5556632,31171.0,138.50415512465375,0.0,1,1,0,0,1,1,720,0,0,0,0,0
2020-08-03,US,Nebraska,Thurston,202,4,0,42.15725356,-96.54157099,31173.0,2796.2347729789585,1.98019801980198,198,201,4,0,197,201,7303,1,0,0,1,0
2020-08-03,US,Nebraska,Unassigned,155,0,0,0.0,0.0,90031.0,0.0,0.0,155,143,0,0,143,140,,12,0,0,12,3
2020-08-03,US,Nebraska,Valley,10,0,0,41.56730777,-98.98197724,31175.0,240.50024050024047,0.0,10,10,0,0,10,10,4190,0,0,0,0,0
2020-08-03,US,Nebraska,Washington,108,1,0,41.52815707,-96.22019892,31177.0,521.0092141444353,0.925925925925926,107,106,1,0,105,104,20667,2,0,0,2,2
2020-08-03,US,Nebraska,Wayne,35,0,0,42.20934475,-97.11926964,31179.0,372.9355354288759,0.0,35,35,0,0,35,35,9403,0,0,0,0,0
2020-08-03,US,Nebraska,Webster,9,0,0,40.17642643,-98.50019851,31181.0,258.1015199311729,0.0,9,9,0,0,9,9,3533,0,0,0,0,0
2020-08-03,US,Nebraska,York,72,0,0,40.87272618,-97.59710186,31185.0,526.3542656626946,0.0,72,74,0,0,74,73,13772,-2,0,0,-2,1
2020-08-03,US,Nevada,Carson City,318,7,0,39.15509045,-119.7480219,32510.0,568.710208169397,2.2012578616352205,311,313,7,0,306,308,55414,5,0,0,5,5
2020-08-03,US,Nevada,Churchill,48,1,0,39.58105744,-118.3394607,32001.0,192.70143321690955,2.083333333333333,47,47,1,0,46,44,24440,1,0,0,1,3
2020-08-03,US,Nevada,Clark,44066,702,0,36.21458855,-115.0130241,32003.0,1944.0467813553976,1.5930649480324968,43364,43147,688,0,42459,42167,2231647,919,14,0,905,980
2020-08-03,US,Nevada,Douglas,180,0,0,38.912862,-119.61713329999999,32005.0,368.0605255086392,0.0,180,174,0,0,174,169,48467,6,0,0,6,5
2020-08-03,US,Nevada,Elko,488,2,0,41.14531606,-115.3577619,32007.0,924.6276857781653,0.4098360655737705,486,482,2,0,480,467,52460,6,0,0,6,15
2020-08-03,US,Nevada,Eureka,2,0,0,39.98100864,-116.26832040000001,32011.0,98.57072449482504,0.0,2,2,0,0,2,2,2003,0,0,0,0,0
2020-08-03,US,Nevada,Humboldt,96,4,0,41.40692186,-118.11094270000001,32013.0,570.3760917354881,4.166666666666667,92,96,4,0,92,96,16786,0,0,0,0,0
2020-08-03,US,Nevada,Lander,50,1,0,39.933223299999995,-117.03970749999999,32015.0,903.8322487346347,2.0,49,50,1,0,49,50,5575,0,0,0,0,0
2020-08-03,US,Nevada,Lincoln,4,0,0,37.64268459,-114.8790388,32017.0,77.17538105344396,0.0,4,4,0,0,4,3,5201,0,0,0,0,1
2020-08-03,US,Nevada,Lyon,206,5,0,39.01777974,-119.18704790000001,32019.0,358.1985741610155,2.4271844660194173,201,204,5,0,199,201,55808,2,0,0,2,3
2020-08-03,US,Nevada,Mineral,11,0,0,38.53841696,-118.4344506,32021.0,244.173140954495,0.0,11,11,0,0,11,11,4514,0,0,0,0,0
2020-08-03,US,Nevada,Nye,356,9,0,38.04264256,-116.47227020000001,32023.0,765.2129054446186,2.5280898876404496,347,351,9,0,342,340,45346,5,0,0,5,11
2020-08-03,US,Nevada,Pershing,13,0,0,40.44003782,-118.40056409999998,32027.0,193.3085501858736,0.0,13,13,0,0,13,13,6666,0,0,0,0,0
2020-08-03,US,Nevada,Storey,4,0,0,39.44875482,-119.5250207,32029.0,97.01673538685421,0.0,4,4,0,0,4,4,4029,0,0,0,0,0
2020-08-03,US,Nevada,Washoe,5343,115,0,40.66562265,-119.6631594,32031.0,1133.146278304798,2.152348867677335,5228,5293,114,0,5179,5186,465735,50,1,0,49,107
2020-08-03,US,Nevada,White Pine,14,1,0,39.44157041,-114.89996599999999,32033.0,146.13778705636744,7.142857142857142,13,14,1,0,13,13,9475,0,0,0,0,1
2020-08-03,US,New Hampshire,Belknap,109,4,0,43.51637314,-71.41684235,33001.0,177.8053276348629,3.669724770642202,105,109,4,0,105,105,61022,0,0,0,0,4
2020-08-03,US,New Hampshire,Carroll,89,1,0,43.87498583,-71.20430216,33003.0,181.96687793907174,1.1235955056179776,88,89,1,0,88,89,48779,0,0,0,0,0
2020-08-03,US,New Hampshire,Cheshire,92,2,0,42.92015988,-72.25311043,33005.0,120.91739501872904,2.1739130434782608,90,90,2,0,88,90,76493,2,0,0,2,0
2020-08-03,US,New Hampshire,Coos,16,0,0,44.69063265,-71.30633239,33007.0,50.69226626112854,0.0,16,16,0,0,16,16,31589,0,0,0,0,0
2020-08-03,US,New Hampshire,Grafton,103,1,0,43.93779815,-71.82057197,33009.0,114.58959126004049,0.9708737864077671,102,103,1,0,102,103,89786,0,0,0,0,0
2020-08-03,US,New Hampshire,Hillsborough,3775,279,0,42.91537785,-71.7200253,33011.0,905.2215095018283,7.390728476821192,3496,3767,279,0,3488,3755,415247,8,0,0,8,12
2020-08-03,US,New Hampshire,Merrimack,458,21,0,43.29662971,-71.6811573,33013.0,302.52789135417567,4.585152838427947,437,458,21,0,437,458,151132,0,0,0,0,0
2020-08-03,US,New Hampshire,Rockingham,1642,95,0,42.98499744,-71.12883377,33015.0,530.0724087949408,5.7856272838002445,1547,1632,95,0,1537,1629,309176,10,0,0,10,3
2020-08-03,US,New Hampshire,Strafford,335,13,0,43.291833000000004,-71.02336013,33017.0,256.44362450529337,3.880597014925373,322,330,13,0,317,328,130090,5,0,0,5,2
2020-08-03,US,New Hampshire,Sullivan,40,1,0,43.36094111,-72.22203125,33019.0,92.70847819033052,2.5,39,40,1,0,39,40,43144,0,0,0,0,0
2020-08-03,US,New Hampshire,Unassigned,1,0,0,0.0,0.0,90033.0,0.0,0.0,1,,,,,1,,,,,,
2020-08-03,US,New Jersey,Atlantic,3408,252,0,39.47538693,-74.65848483,34001.0,1292.5247468426442,7.394366197183099,3156,3393,252,0,3141,3381,265429,15,0,0,15,12
2020-08-03,US,New Jersey,Bergen,20552,2041,0,40.96010917,-74.07164325,34003.0,2204.6723778751816,9.930906967691708,18511,20521,2040,0,18481,20494,936692,31,1,0,30,27
2020-08-03,US,New Jersey,Burlington,5846,470,0,39.87681124,-74.66927768,34005.0,1312.6783713447207,8.039685254875128,5376,5831,470,0,5361,5812,445384,15,0,0,15,19
2020-08-03,US,New Jersey,Camden,8375,575,0,39.80343818,-74.96388753,34007.0,1653.5991201865454,6.865671641791044,7800,8357,575,0,7782,8334,507078,18,0,0,18,23
2020-08-03,US,New Jersey,Cape May,813,87,0,39.15008829,-74.80170244,34009.0,883.3212007953149,10.701107011070109,726,810,87,0,723,809,92560,3,0,0,3,1
2020-08-03,US,New Jersey,Cumberland,3253,157,0,39.37199394,-75.10712559,34011.0,2175.526827930741,4.8263141715339675,3096,3240,157,0,3083,3228,150972,13,0,0,13,12
2020-08-03,US,New Jersey,Essex,19558,2104,0,40.78681335,-74.24657979,34013.0,2447.886354391564,10.757746190817056,17454,19526,2102,0,17424,19505,799767,32,2,0,30,21
2020-08-03,US,New Jersey,Gloucester,3106,209,0,39.71581067,-75.13995546,34015.0,1065.0262656187851,6.728911783644558,2897,3097,209,0,2888,3080,291408,9,0,0,9,17
2020-08-03,US,New Jersey,Hudson,19528,1503,0,40.73766234,-74.07515667,34017.0,2904.2625496177075,7.696640721015978,18025,19511,1501,0,18010,19497,676061,17,2,0,15,14
2020-08-03,US,New Jersey,Hunterdon,1138,126,0,40.56335249,-74.91284156,34019.0,915.0043016458819,11.072056239015815,1012,1137,126,0,1011,1136,124714,1,0,0,1,1
2020-08-03,US,New Jersey,Mercer,8051,619,0,40.28047017,-74.70479631,34021.0,2191.1656642081484,7.688485902372376,7432,8042,616,0,7426,8027,369811,9,3,0,6,15
2020-08-03,US,New Jersey,Middlesex,17735,1403,0,40.43629879,-74.41426991,34023.0,2149.53542885262,7.91091062870031,16332,17713,1404,0,16309,17700,829685,22,-1,0,23,13
2020-08-03,US,New Jersey,Monmouth,10137,858,0,40.26549699,-74.22240686,34025.0,1638.1838896565098,8.464042616158629,9279,10117,858,0,9259,10093,621354,20,0,0,20,24
2020-08-03,US,New Jersey,Morris,7167,830,0,40.86095313,-74.54553709999998,34027.0,1457.1663837184478,11.580856704339332,6337,7156,829,0,6327,7144,494228,11,1,0,10,12
2020-08-03,US,New Jersey,Ocean,10469,1016,0,39.8895449,-74.28089251,34029.0,1724.1833639115525,9.704842869424011,9453,10459,1016,0,9443,10439,601651,10,0,0,10,20
2020-08-03,US,New Jersey,Passaic,17507,1242,0,41.03238628,-74.29954144,34031.0,3488.659415813449,7.094305135088821,16265,17493,1242,0,16251,17465,503310,14,0,0,14,28
2020-08-03,US,New Jersey,Salem,877,85,0,39.58719656,-75.34696629999998,34033.0,1405.7866474312734,9.692132269099204,792,871,83,0,788,869,62607,6,2,0,4,2
2020-08-03,US,New Jersey,Somerset,5195,555,0,40.56465737,-74.61683016,34035.0,1579.34418454766,10.68334937439846,4640,5190,555,0,4635,5186,331164,5,0,0,5,4
2020-08-03,US,New Jersey,Sussex,1307,195,0,41.13891592,-74.69118243,34037.0,930.3285689880986,14.91966335118592,1112,1307,195,0,1112,1300,140799,0,0,0,0,7
2020-08-03,US,New Jersey,Unassigned,672,0,0,0.0,0.0,90034.0,0.0,0.0,672,674,0,0,674,656,,-2,0,0,-2,18
2020-08-03,US,New Jersey,Union,16590,1348,0,40.65835409,-74.30680092,34039.0,2981.9840709205328,8.12537673297167,15242,16575,1348,0,15227,16545,558067,15,0,0,15,30
2020-08-03,US,New Jersey,Warren,1330,171,0,40.85951833,-74.99556527,34041.0,1263.4538839332365,12.857142857142858,1159,1330,171,0,1159,1329,105779,0,0,0,0,1
2020-08-03,US,New Mexico,Bernalillo,4879,123,0,35.05163625,-106.6703554,35001.0,718.4286747133427,2.5210084033613445,4756,4860,123,0,4737,4800,678701,19,0,0,19,60
2020-08-03,US,New Mexico,Catron,4,1,0,33.91514144,-108.4046587,35003.0,113.41083073433514,25.0,3,4,1,0,3,4,3578,0,0,0,0,0
2020-08-03,US,New Mexico,Chaves,367,6,0,33.36406072,-104.4665365,35005.0,567.9795713069719,1.6348773841961852,361,362,6,0,356,348,64689,5,0,0,5,14
2020-08-03,US,New Mexico,Cibola,340,17,0,34.91131525,-107.998876,35006.0,1274.601686972821,5.0,323,336,17,0,319,333,26746,4,0,0,4,3
2020-08-03,US,New Mexico,Colfax,14,1,0,36.60569702,-104.64726740000002,35007.0,117.24311196717191,7.142857142857142,13,14,1,0,13,13,12110,0,0,0,0,1
2020-08-03,US,New Mexico,Curry,483,2,0,34.57421077,-103.34688759999999,35009.0,986.6405196715283,0.4140786749482402,481,480,2,0,478,459,49437,3,0,0,3,21
2020-08-03,US,New Mexico,Dona Ana,2240,24,0,32.35275771,-106.83293870000001,35013.0,1026.604642636174,1.0714285714285714,2216,2214,23,0,2191,2178,217522,26,1,0,25,36
2020-08-03,US,New Mexico,Eddy,258,4,0,32.47167456,-104.3053527,35015.0,441.3274033527198,1.5503875968992251,254,253,4,0,249,247,57900,5,0,0,5,6
2020-08-03,US,New Mexico,Grant,68,2,0,32.73911281,-108.3827845,35017.0,251.87050892658715,2.9411764705882355,66,67,2,0,65,67,27346,1,0,0,1,0
2020-08-03,US,New Mexico,Guadalupe,31,0,0,34.86319296,-104.790669,35019.0,720.9302325581398,0.0,31,31,0,0,31,31,4341,0,0,0,0,0
2020-08-03,US,New Mexico,Harding,1,0,0,35.85751555,-103.82209379999999,35021.0,160.0,0.0,1,1,0,0,1,1,655,0,0,0,0,0
2020-08-03,US,New Mexico,Hidalgo,88,0,0,31.91383467,-108.7151824,35023.0,2096.236303001429,0.0,88,88,0,0,88,88,4240,0,0,0,0,0
2020-08-03,US,New Mexico,Lea,656,4,0,32.79215361,-103.4123733,35025.0,923.0336288166596,0.6097560975609756,652,641,4,0,637,626,69611,15,0,0,15,15
2020-08-03,US,New Mexico,Lincoln,109,1,0,33.74526079,-105.4586166,35027.0,556.9180461884324,0.9174311926605504,108,105,1,0,104,99,19556,4,0,0,4,6
2020-08-03,US,New Mexico,Los Alamos,20,0,0,35.86631386,-106.31349850000001,35028.0,103.2577830553978,0.0,20,20,0,0,20,20,19101,0,0,0,0,0
2020-08-03,US,New Mexico,Luna,235,3,0,32.18179341,-107.75088259999998,35029.0,991.1847821502383,1.2765957446808511,232,226,3,0,223,225,23963,9,0,0,9,1
2020-08-03,US,New Mexico,McKinley,4004,221,0,35.58007720000001,-108.262245,35031.0,5610.436196000955,5.51948051948052,3783,4002,221,0,3781,3999,72290,2,0,0,2,3
2020-08-03,US,New Mexico,Mora,6,0,0,36.01095101,-104.9497716,35033.0,132.71400132713998,0.0,6,6,0,0,6,6,4506,0,0,0,0,0
2020-08-03,US,New Mexico,Otero,188,10,0,32.61348406,-105.7417604,35035.0,278.55978663505704,5.319148936170213,178,184,10,0,174,183,66781,4,0,0,4,1
2020-08-03,US,New Mexico,Quay,33,1,0,35.10403332,-103.54817270000001,35037.0,399.8545983278808,3.0303030303030303,32,32,1,0,31,31,8253,1,0,0,1,1
2020-08-03,US,New Mexico,Rio Arriba,296,5,0,36.51072137,-106.69316740000001,35039.0,760.5148891344005,1.6891891891891893,291,294,5,0,289,294,39006,2,0,0,2,0
2020-08-03,US,New Mexico,Roosevelt,142,1,0,34.02097406,-103.4799493,35041.0,767.5675675675676,0.7042253521126759,141,141,1,0,140,140,18743,1,0,0,1,1
2020-08-03,US,New Mexico,San Juan,3003,181,0,36.50838318,-108.32043700000001,35045.0,2422.594749834621,6.027306027306027,2822,3002,181,0,2821,2999,125043,1,0,0,1,3
2020-08-03,US,New Mexico,San Miguel,42,0,0,35.48014807,-104.8163562,35047.0,153.97587711258566,0.0,42,42,0,0,42,41,27591,0,0,0,0,1
2020-08-03,US,New Mexico,Sandoval,1096,33,0,35.68862401,-106.86878030000001,35043.0,746.8585602529506,3.010948905109489,1063,1095,33,0,1062,1082,145179,1,0,0,1,13
2020-08-03,US,New Mexico,Santa Fe,597,3,0,35.50708973,-105.9774716,35049.0,397.052368347544,0.5025125628140703,594,595,3,0,592,576,150056,2,0,0,2,19
2020-08-03,US,New Mexico,Sierra,30,0,0,33.13028233,-107.1925893,35051.0,278.0094523213789,0.0,30,29,0,0,29,29,10968,1,0,0,1,0
2020-08-03,US,New Mexico,Socorro,73,6,0,34.00715494,-106.9298354,35053.0,438.78103023381624,8.219178082191782,67,73,6,0,67,73,16735,0,0,0,0,0
2020-08-03,US,New Mexico,Taos,99,1,0,36.58006022,-105.63101979999999,35055.0,302.5394982122666,1.0101010101010102,98,98,1,0,97,96,32835,1,0,0,1,2
2020-08-03,US,New Mexico,Torrance,60,1,0,34.64048375,-105.8508949,35057.0,388.07321648017586,1.6666666666666667,59,60,1,0,59,59,15591,0,0,0,0,1
2020-08-03,US,New Mexico,Unassigned,1268,0,0,0.0,0.0,90035.0,0.0,0.0,1268,1265,0,0,1265,1265,,3,0,0,3,0
2020-08-03,US,New Mexico,Union,27,0,0,36.48126404,-103.4709624,35059.0,665.1884700665189,0.0,27,27,0,0,27,27,4118,0,0,0,0,0
2020-08-03,US,New Mexico,Valencia,373,4,0,34.71669834,-106.8103733,35061.0,486.3863968287085,1.0723860589812333,369,369,4,0,365,357,76456,4,0,0,4,12
2020-08-03,US,New York,Albany,2531,126,0,42.60060306,-73.97723916,36001.0,828.4616341413916,4.978269458711972,2405,2521,126,0,2395,2515,307117,10,0,0,10,6
2020-08-03,US,New York,Allegany,75,1,0,42.25748406,-78.02750466,36003.0,162.72157254127703,1.3333333333333333,74,74,1,0,73,74,46430,1,0,0,1,0
2020-08-03,US,New York,Broome,1064,64,0,42.15903158,-75.81326086,36007.0,558.5653689471253,6.015037593984963,1000,1054,64,0,990,1048,191659,10,0,0,10,6
2020-08-03,US,New York,Cattaraugus,162,6,0,42.24778241,-78.67923096,36009.0,212.8302481705795,3.703703703703704,156,159,6,0,153,158,76840,3,0,0,3,1
2020-08-03,US,New York,Cayuga,148,2,0,42.91261714,-76.55731592,36011.0,193.27204346009202,1.351351351351351,146,148,2,0,146,144,77145,0,0,0,0,4
2020-08-03,US,New York,Chautauqua,234,9,0,42.22769210000001,-79.36691763,36013.0,184.39280395262523,3.8461538461538463,225,232,9,0,223,231,127939,2,0,0,2,1
2020-08-03,US,New York,Chemung,163,3,0,42.13891056,-76.7638805,36015.0,195.3125,1.8404907975460123,160,163,3,0,160,163,84254,0,0,0,0,0
2020-08-03,US,New York,Chenango,211,6,0,42.49430041,-75.60887553,36017.0,446.96761073569604,2.8436018957345968,205,211,6,0,205,209,47536,0,0,0,0,2
2020-08-03,US,New York,Clinton,127,4,0,44.74530905,-73.67875352,36019.0,157.79337764800894,3.1496062992125986,123,127,4,0,123,127,80695,0,0,0,0,0
2020-08-03,US,New York,Columbia,523,37,0,42.24819348,-73.63089095,36021.0,879.56812028052,7.074569789674952,486,522,37,0,485,519,59916,1,0,0,1,3
2020-08-03,US,New York,Cortland,92,0,0,42.59509207,-76.07048931,36023.0,193.3544902377,0.0,92,92,0,0,92,91,47823,0,0,0,0,1
2020-08-03,US,New York,Delaware,104,4,0,42.19837623,-74.96709306,36025.0,235.640648011782,3.8461538461538463,100,103,4,0,99,103,44527,1,0,0,1,0
2020-08-03,US,New York,Dutchess,4543,153,0,41.76486060000001,-73.74356679,36027.0,1544.0931554153726,3.36781862205591,4390,4520,153,0,4367,4504,293718,23,0,0,23,16
2020-08-03,US,New York,Erie,8626,669,0,42.76249024,-78.73063652,36029.0,938.9334082215996,7.755622536517505,7957,8572,669,0,7903,8548,919719,54,0,0,54,24
2020-08-03,US,New York,Essex,55,0,0,44.11630765,-73.77297842,36031.0,149.1121051918124,0.0,55,55,0,0,55,55,37300,0,0,0,0,0
2020-08-03,US,New York,Franklin,50,0,0,44.59040891,-74.29926032,36033.0,99.95601935148537,0.0,50,50,0,0,50,50,50293,0,0,0,0,0
2020-08-03,US,New York,Fulton,285,24,0,43.11363907,-74.41798804,36035.0,533.877826274282,8.421052631578947,261,283,24,0,259,282,53591,2,0,0,2,1
2020-08-03,US,New York,Genesee,273,5,0,43.0022601,-78.19135193,36037.0,476.60614525139664,1.8315018315018317,268,272,5,0,267,272,57511,1,0,0,1,0
2020-08-03,US,New York,Greene,289,18,0,42.275797,-74.12384884,36039.0,612.443841654658,6.228373702422147,271,289,18,0,271,289,47491,0,0,0,0,0
2020-08-03,US,New York,Hamilton,7,0,0,43.66146647,-74.49721957,36041.0,158.5144927536232,0.0,7,7,0,0,7,7,4434,0,0,0,0,0
2020-08-03,US,New York,Herkimer,246,4,0,43.42034246,-74.96145307,36043.0,401.180710709568,1.6260162601626016,242,241,4,0,237,240,61833,5,0,0,5,1
2020-08-03,US,New York,Jefferson,134,0,0,44.04200959,-75.94653457,36045.0,122.0022943715061,0.0,134,134,0,0,134,130,111755,0,0,0,0,4
2020-08-03,US,New York,Lewis,35,0,0,43.784415700000004,-75.44903992,36049.0,133.100091268634,0.0,35,35,0,0,35,34,26447,0,0,0,0,1
2020-08-03,US,New York,Livingston,167,8,0,42.72596275,-77.77966158,36051.0,265.44171408589506,4.790419161676646,159,167,8,0,159,166,63227,0,0,0,0,1
2020-08-03,US,New York,Madison,401,17,0,42.91653905,-75.67266639,36053.0,565.2584542084268,4.239401496259352,384,400,17,0,383,399,70795,1,0,0,1,1
2020-08-03,US,New York,Monroe,4790,277,0,43.14638895,-77.69322942,36055.0,645.7527265864081,5.782881002087683,4513,4768,277,0,4491,4742,742474,22,0,0,22,26
2020-08-03,US,New York,Montgomery,160,4,0,42.90123494,-74.44011632,36057.0,325.0645049877085,2.5,156,157,4,0,153,155,49455,3,0,0,3,2
2020-08-03,US,New York,Nassau,43380,2194,0,40.74066522,-73.58941873,36059.0,3196.9366007234007,5.057630244352237,41186,43322,2194,0,41128,43271,1358343,58,0,0,58,51
2020-08-03,US,New York,New York City,225964,23550,0,40.76727260000001,-73.97152637,36061.0,2710.434929781954,10.422014126143988,202414,225723,23541,0,202182,225460,1628701,241,9,0,232,263
2020-08-03,US,New York,Niagara,1449,98,0,43.19898042,-78.74777412,36063.0,692.3705448655157,6.763285024154589,1351,1446,98,0,1348,1444,210433,3,0,0,3,2
2020-08-03,US,New York,Oneida,2090,112,0,43.24375382,-75.43710392,36065.0,913.9768488352264,5.358851674641149,1978,2087,112,0,1975,2081,229577,3,0,0,3,6
2020-08-03,US,New York,Onondaga,3490,200,0,43.00491923,-76.19971155,36067.0,757.8257999513603,5.730659025787967,3290,3485,200,0,3285,3477,461809,5,0,0,5,8
2020-08-03,US,New York,Ontario,351,34,0,42.85145728,-77.30874425,36069.0,319.739107463312,9.686609686609687,317,349,34,0,315,349,109864,2,0,0,2,0
2020-08-03,US,New York,Orange,11096,489,0,41.40337468,-74.30240757,36071.0,2882.5271470878583,4.406993511175198,10607,11093,489,0,10604,11088,381951,3,0,0,3,5
2020-08-03,US,New York,Orleans,295,54,0,43.2516977,-78.2320066,36073.0,731.0666137985727,18.305084745762716,241,295,54,0,241,295,40612,0,0,0,0,0
2020-08-03,US,New York,Oswego,248,3,0,43.42778894,-76.14635194,36075.0,211.7414022745125,1.2096774193548387,245,246,3,0,243,244,117898,2,0,0,2,2
2020-08-03,US,New York,Otsego,114,5,0,42.63492579,-75.03151402,36077.0,191.6191820886491,4.385964912280701,109,112,5,0,107,112,59749,2,0,0,2,0
2020-08-03,US,New York,Putnam,1433,63,0,41.42630093,-73.74965532,36079.0,1457.485760781123,4.3963712491277045,1370,1428,63,0,1365,1425,98892,5,0,0,5,3
2020-08-03,US,New York,Rensselaer,740,30,0,42.71348136,-73.51089874,36083.0,466.2474639918344,4.0540540540540535,710,736,30,0,706,734,159442,4,0,0,4,2
2020-08-03,US,New York,Rockland,13885,674,0,41.15027894,-74.02560498,36087.0,4261.960962463435,4.854159164566078,13211,13882,674,0,13208,13880,325695,3,0,0,3,2
2020-08-03,US,New York,Saratoga,733,17,0,43.10904162,-73.86653895,36091.0,318.88559707303915,2.3192360163710783,716,732,17,0,715,726,230163,1,0,0,1,6
2020-08-03,US,New York,Schenectady,1037,37,0,42.81668777,-74.05278291,36093.0,667.7441580435161,3.5679845708775315,1000,1035,37,0,998,1032,155350,2,0,0,2,3
2020-08-03,US,New York,Schoharie,68,0,0,42.58831742,-74.44339029999998,36095.0,219.36191490048063,0.0,68,68,0,0,68,68,31097,0,0,0,0,0
2020-08-03,US,New York,Schuyler,22,0,0,42.39184015,-76.8773299,36097.0,123.54691975065985,0.0,22,22,0,0,22,22,17912,0,0,0,0,0
2020-08-03,US,New York,Seneca,86,3,0,42.78081007,-76.82497064,36099.0,252.82220131702732,3.4883720930232562,83,86,3,0,83,85,34300,0,0,0,0,1
2020-08-03,US,New York,St. Lawrence,262,4,0,44.4976179,-75.06550039,36089.0,243.1780211620568,1.5267175572519085,258,262,4,0,258,261,108047,0,0,0,0,1
2020-08-03,US,New York,Steuben,292,42,0,42.2689144,-77.3829924,36101.0,306.1470554314892,14.383561643835616,250,292,42,0,250,290,95796,0,0,0,0,2
2020-08-03,US,New York,Suffolk,43395,1997,0,40.88320119,-72.8012172,36103.0,2938.844007284297,4.601912662749164,41398,43345,1997,0,41348,43300,1481093,50,0,0,50,45
2020-08-03,US,New York,Sullivan,1483,48,0,41.71579493,-74.76394559,36105.0,1966.0091207975395,3.236682400539447,1435,1483,48,0,1435,1483,75498,0,0,0,0,0
2020-08-03,US,New York,Tioga,190,25,0,42.16852837,-76.30835812,36107.0,394.16633819471815,13.157894736842106,165,189,25,0,164,188,48560,1,0,0,1,1
2020-08-03,US,New York,Tompkins,230,0,0,42.44945765,-76.47229843,36109.0,225.09297318457627,0.0,230,230,0,0,230,230,102793,0,0,0,0,0
2020-08-03,US,New York,Ulster,2031,91,0,41.89027881,-74.26252104,36111.0,1143.7549627477154,4.48055145248646,1940,2028,91,0,1937,2026,178599,3,0,0,3,2
2020-08-03,US,New York,Warren,300,33,0,43.56173026,-73.8433699,36113.0,469.16051545101965,11.0,267,300,33,0,267,300,64265,0,0,0,0,0
2020-08-03,US,New York,Washington,255,14,0,43.31153794,-73.43043448,36115.0,416.6394353310241,5.490196078431373,241,255,14,0,241,255,61197,0,0,0,0,0
2020-08-03,US,New York,Wayne,247,3,0,43.15494365,-77.02976528,36117.0,274.69472185769257,1.214574898785425,244,246,3,0,243,245,90064,1,0,0,1,1
2020-08-03,US,New York,Westchester,36014,1446,0,41.16278376,-73.75741653,36119.0,3722.3541766149256,4.015105236852334,34568,35998,1446,0,34552,35974,967612,16,0,0,16,24
2020-08-03,US,New York,Wyoming,113,5,0,42.70145109,-78.22199579,36121.0,283.4993351564264,4.424778761061948,108,112,5,0,107,112,40085,1,0,0,1,0
2020-08-03,US,New York,Yates,55,7,0,42.63505484,-77.10369919,36123.0,220.76827359210048,12.727272727272727,48,55,7,0,48,55,24841,0,0,0,0,0
2020-08-03,US,North Carolina,Alamance,2264,41,0,36.0434701,-79.39976137,37001.0,1335.6222973411438,1.8109540636042405,2223,2207,41,0,2166,2189,166436,57,0,0,57,18
2020-08-03,US,North Carolina,Alexander,295,2,0,35.922379600000006,-81.17751948,37003.0,786.7296050350694,0.6779661016949152,293,295,2,0,293,295,37353,0,0,0,0,0
2020-08-03,US,North Carolina,Alleghany,165,0,0,36.49360862,-81.12857041,37005.0,1481.5479931759,0.0,165,98,0,0,98,67,11161,67,0,0,67,31
2020-08-03,US,North Carolina,Anson,304,2,0,34.97403241,-80.09953279,37007.0,1243.5572281763887,0.6578947368421053,302,302,2,0,300,301,24877,2,0,0,2,1
2020-08-03,US,North Carolina,Ashe,126,1,0,36.43296207,-81.49862729,37009.0,463.1842076241591,0.7936507936507936,125,119,1,0,118,119,27109,7,0,0,7,0
2020-08-03,US,North Carolina,Avery,99,0,0,36.07569796,-81.92308483,37011.0,563.8776556359287,0.0,99,83,0,0,83,82,17505,16,0,0,16,1
2020-08-03,US,North Carolina,Beaufort,373,2,0,35.48531943,-76.84325809,37013.0,793.7183470230243,0.5361930294906166,371,348,2,0,346,339,47079,25,0,0,25,9
2020-08-03,US,North Carolina,Bertie,249,5,0,36.0688473,-76.96545943,37015.0,1314.1922204042855,2.0080321285140563,244,247,5,0,242,245,19026,2,0,0,2,2
2020-08-03,US,North Carolina,Bladen,589,7,0,34.61296243,-78.56180059,37017.0,1800.0122241916754,1.1884550084889642,582,584,7,0,577,577,33190,5,0,0,5,7
2020-08-03,US,North Carolina,Brunswick,1198,17,0,34.070565,-78.22814204,37019.0,838.8180927041029,1.4190317195325544,1181,1188,17,0,1171,1174,136744,10,0,0,10,14
2020-08-03,US,North Carolina,Buncombe,1715,46,0,35.61113393,-82.53305,37021.0,656.6076166483531,2.6822157434402327,1669,1689,46,0,1643,1657,259103,26,0,0,26,32
2020-08-03,US,North Carolina,Burke,1637,28,0,35.74989637,-81.70755735,37023.0,1809.139636403824,1.7104459376908983,1609,1556,26,0,1530,1550,90382,81,2,0,79,6
2020-08-03,US,North Carolina,Cabarrus,2504,49,0,35.3877799,-80.55267168,37025.0,1156.8331231260365,1.9568690095846648,2455,2406,46,0,2360,2375,211342,98,3,0,95,31
2020-08-03,US,North Carolina,Caldwell,1138,14,0,35.95204977,-81.54799522,37027.0,1384.7988512740635,1.2302284710017577,1124,1121,12,0,1109,1103,82029,17,2,0,15,18
2020-08-03,US,North Carolina,Camden,63,2,0,36.33804939,-76.15568396,37029.0,579.7368178890217,3.1746031746031744,61,63,2,0,61,62,10710,0,0,0,0,1
2020-08-03,US,North Carolina,Carteret,332,6,0,34.8932941,-76.54120135,37031.0,477.8834943071409,1.8072289156626504,326,295,5,0,290,286,69524,37,1,0,36,9
2020-08-03,US,North Carolina,Caswell,186,2,0,36.39312665,-79.33353281,37033.0,822.8632100513182,1.075268817204301,184,184,2,0,182,183,22698,2,0,0,2,1
2020-08-03,US,North Carolina,Catawba,1972,29,0,35.66211129,-81.2132617,37035.0,1235.9684364247169,1.4705882352941178,1943,1898,24,0,1874,1883,158652,74,5,0,69,15
2020-08-03,US,North Carolina,Chatham,1245,50,0,35.70394416,-79.25541492,37037.0,1671.8141533503424,4.016064257028113,1195,1234,50,0,1184,1220,73139,11,0,0,11,14
2020-08-03,US,North Carolina,Cherokee,265,3,0,35.1349263,-84.05970864,37039.0,926.184817559066,1.1320754716981132,262,236,3,0,233,235,28383,29,0,0,29,1
2020-08-03,US,North Carolina,Chowan,144,1,0,36.12908077,-76.60118385,37041.0,1032.7763035214805,0.6944444444444444,143,138,1,0,137,126,14029,6,0,0,6,12
2020-08-03,US,North Carolina,Clay,76,0,0,35.05704275,-83.74353633,37043.0,676.6984240049862,0.0,76,65,0,0,65,65,11139,11,0,0,11,0
2020-08-03,US,North Carolina,Cleveland,1037,17,0,35.33553364,-81.55204486,37045.0,1058.7358469376297,1.639344262295082,1020,1019,14,0,1005,999,97645,18,3,0,15,20
2020-08-03,US,North Carolina,Columbus,833,46,0,34.26744084,-78.65801424,37047.0,1500.6845860056208,5.5222088835534215,787,826,46,0,780,821,55655,7,0,0,7,5
2020-08-03,US,North Carolina,Craven,673,10,0,35.11833364,-77.08398081,37049.0,658.9060006461783,1.4858841010401191,663,631,10,0,621,626,102912,42,0,0,42,5
2020-08-03,US,North Carolina,Cumberland,2817,50,0,35.04762133,-78.82623165,37051.0,839.6198015552487,1.774937877174299,2767,2734,50,0,2684,2694,332330,83,0,0,83,40
2020-08-03,US,North Carolina,Currituck,70,0,0,36.36123664,-75.95876401,37053.0,252.13413536001158,0.0,70,70,0,0,70,70,27072,0,0,0,0,0
2020-08-03,US,North Carolina,Dare,202,2,0,35.66520691,-75.71767334,37055.0,545.8131805776973,0.99009900990099,200,199,1,0,198,198,36501,3,1,0,2,1
2020-08-03,US,North Carolina,Davidson,1653,18,0,35.79115496,-80.21256572,37057.0,986.223890125232,1.088929219600726,1635,1643,17,0,1626,1635,166614,10,1,0,9,8
2020-08-03,US,North Carolina,Davie,386,6,0,35.93099927,-80.54496571,37059.0,900.9009009009008,1.5544041450777202,380,371,4,0,367,361,42733,15,2,0,13,10
2020-08-03,US,North Carolina,Duplin,1939,43,0,34.93449805,-77.93140529,37061.0,3300.9312064826954,2.21763795771016,1896,1937,42,0,1895,1924,58856,2,1,0,1,13
2020-08-03,US,North Carolina,Durham,5917,79,0,36.03638492,-78.87608331,37063.0,1840.5041556761066,1.335136048673314,5838,5871,77,0,5794,5830,316739,46,2,0,44,41
2020-08-03,US,North Carolina,Edgecombe,589,11,0,35.91230639,-77.59436892,37065.0,1144.3114703139572,1.867572156196944,578,579,11,0,568,574,52005,10,0,0,10,5
2020-08-03,US,North Carolina,Forsyth,4955,49,0,36.12859861,-80.25459052,37067.0,1296.1194888763912,0.9889001009081736,4906,4925,49,0,4876,4883,379099,30,0,0,30,42
2020-08-03,US,North Carolina,Franklin,797,25,0,36.081519,-78.28708884,37069.0,1143.718160292746,3.1367628607277287,772,783,25,0,758,774,67560,14,0,0,14,9
2020-08-03,US,North Carolina,Gaston,3035,41,0,35.29373559,-81.17477045,37071.0,1351.7184862534461,1.3509060955518946,2994,3013,37,0,2976,2994,222846,22,4,0,18,19
2020-08-03,US,North Carolina,Gates,45,2,0,36.44667547,-76.69749701,37073.0,389.20601971977163,4.4444444444444455,43,43,2,0,41,43,11573,2,0,0,2,0
2020-08-03,US,North Carolina,Graham,27,0,0,35.3506925,-83.83369267,37075.0,319.8673142992536,0.0,27,27,0,0,27,26,8484,0,0,0,0,1
2020-08-03,US,North Carolina,Granville,1185,25,0,36.30337451,-78.65184241,37077.0,1960.524791952749,2.109704641350211,1160,1176,25,0,1151,1164,60115,9,0,0,9,12
2020-08-03,US,North Carolina,Greene,311,3,0,35.48544173,-77.67578087,37079.0,1476.1023304380844,0.964630225080386,308,308,3,0,305,305,21012,3,0,0,3,3
2020-08-03,US,North Carolina,Guilford,5254,147,0,36.07959451,-79.78824948,37081.0,978.08158995037,2.7978682908260373,5107,5209,147,0,5062,5167,533670,45,0,0,45,42
2020-08-03,US,North Carolina,Halifax,650,6,0,36.25669272,-77.6556109,37083.0,1299.740051989602,0.9230769230769232,644,639,6,0,633,622,50574,11,0,0,11,17
2020-08-03,US,North Carolina,Harnett,1158,36,0,35.36731853,-78.87243571,37085.0,851.6208742719302,3.1088082901554404,1122,1141,36,0,1105,1123,134214,17,0,0,17,18
2020-08-03,US,North Carolina,Haywood,348,6,0,35.55269063,-82.98196486,37087.0,558.4350979668468,1.7241379310344829,342,298,6,0,292,295,61971,50,0,0,50,3
2020-08-03,US,North Carolina,Henderson,1402,54,0,35.33788927,-82.4766782,37089.0,1194.0349353160104,3.8516405135520686,1348,1363,53,0,1310,1358,116748,39,1,0,38,5
2020-08-03,US,North Carolina,Hertford,295,11,0,36.3607755,-76.98104134,37091.0,1245.934873505934,3.7288135593220337,284,283,11,0,272,277,23659,12,0,0,12,6
2020-08-03,US,North Carolina,Hoke,674,8,0,35.01888303,-79.23651674,37093.0,1220.2628815584605,1.1869436201780414,666,670,8,0,662,666,54764,4,0,0,4,4
2020-08-03,US,North Carolina,Hyde,37,0,0,35.42017674,-76.15180542,37095.0,749.4429815677538,0.0,37,37,0,0,37,37,5230,0,0,0,0,0
2020-08-03,US,North Carolina,Iredell,1771,18,0,35.80950511,-80.8743128,37097.0,974.1152657228032,1.0163749294184077,1753,1691,18,0,1673,1670,178435,80,0,0,80,21
2020-08-03,US,North Carolina,Jackson,412,3,0,35.28814273,-83.14093385,37099.0,937.6849196595202,0.7281553398058253,409,394,3,0,391,395,43327,18,0,0,18,-1
2020-08-03,US,North Carolina,Johnston,3085,44,0,35.51745004,-78.36622717,37101.0,1473.6862218697906,1.426256077795786,3041,3057,44,0,3013,3000,202675,28,0,0,28,57
2020-08-03,US,North Carolina,Jones,78,3,0,35.02254606,-77.35870791,37103.0,828.1133878331032,3.8461538461538463,75,59,3,0,56,58,9637,19,0,0,19,1
2020-08-03,US,North Carolina,Lee,1217,10,0,35.47623147,-79.17569362,37105.0,1969.9250554395508,0.8216926869350862,1207,1199,10,0,1189,1178,61452,18,0,0,18,21
2020-08-03,US,North Carolina,Lenoir,536,12,0,35.24032589999999,-77.64245615,37107.0,958.0153353947344,2.238805970149253,524,535,12,0,523,531,55976,1,0,0,1,4
2020-08-03,US,North Carolina,Lincoln,751,3,0,35.48508185,-81.21740317,37109.0,872.1301575873001,0.3994673768308921,748,746,3,0,743,729,83770,5,0,0,5,17
2020-08-03,US,North Carolina,Macon,460,3,0,35.14867843,-83.41696617,37113.0,1282.837860449551,0.6521739130434783,457,446,2,0,444,445,35285,14,1,0,13,1
2020-08-03,US,North Carolina,Madison,40,0,0,35.85402722,-82.71346418,37115.0,183.8657779820731,0.0,40,38,0,0,38,38,21763,2,0,0,2,0
2020-08-03,US,North Carolina,Martin,244,6,0,35.84326734,-77.10860251,37117.0,1087.344028520499,2.459016393442623,238,239,6,0,233,239,22671,5,0,0,5,0
2020-08-03,US,North Carolina,McDowell,609,13,0,35.67736232,-82.0482425,37111.0,1330.9729871492266,2.134646962233169,596,604,9,0,595,595,45507,5,4,0,1,9
2020-08-03,US,North Carolina,Mecklenburg,21054,222,0,35.24469268,-80.8317671,37119.0,1896.1486226039208,1.0544314619549728,20832,20864,210,0,20654,20679,1093901,190,12,0,178,185
2020-08-03,US,North Carolina,Mitchell,116,2,0,36.01059309,-82.1582442,37121.0,775.1937984496125,1.7241379310344829,114,108,2,0,106,108,15000,8,0,0,8,0
2020-08-03,US,North Carolina,Montgomery,644,14,0,35.33155144,-79.90416657,37123.0,2369.999631987635,2.1739130434782608,630,587,14,0,573,585,27271,57,0,0,57,2
2020-08-03,US,North Carolina,Moore,909,20,0,35.30885257,-79.48474178,37125.0,901.0705789056303,2.2002200220022003,889,890,20,0,870,888,98682,19,0,0,19,2
2020-08-03,US,North Carolina,Nash,1063,11,0,35.96575634,-77.98422508,37127.0,1127.277354768924,1.0348071495766695,1052,1038,11,0,1027,1014,94016,25,0,0,25,24
2020-08-03,US,North Carolina,New Hanover,2449,20,0,34.25758282,-77.87075626,37129.0,1044.4699389695188,0.8166598611678236,2429,2337,19,0,2318,2322,232274,112,1,0,111,15
2020-08-03,US,North Carolina,Northampton,329,16,0,36.41736238,-77.39769443,37131.0,1688.6516450238669,4.863221884498481,313,307,16,0,291,307,19676,22,0,0,22,0
2020-08-03,US,North Carolina,Onslow,934,10,0,34.72607366,-77.42908179,37133.0,471.8649274015097,1.0706638115631693,924,930,10,0,920,917,197683,4,0,0,4,13
2020-08-03,US,North Carolina,Orange,1293,45,0,36.06092947,-79.12167935,37135.0,870.8478137880867,3.480278422273782,1248,1286,45,0,1241,1278,146027,7,0,0,7,8
2020-08-03,US,North Carolina,Pamlico,65,1,0,35.15253315,-76.66559823,37137.0,510.7653622505108,1.5384615384615383,64,58,1,0,57,57,12670,7,0,0,7,1
2020-08-03,US,North Carolina,Pasquotank,359,17,0,36.26723798,-76.25134778,37139.0,901.4664523905184,4.735376044568246,342,351,17,0,334,351,39639,8,0,0,8,0
2020-08-03,US,North Carolina,Pender,626,3,0,34.52265624,-77.90352133,37141.0,992.7053599746272,0.4792332268370607,623,619,3,0,616,612,62162,7,0,0,7,7
2020-08-03,US,North Carolina,Perquimans,71,2,0,36.17847453,-76.40603143,37143.0,527.3713139716259,2.8169014084507036,69,67,2,0,65,65,13422,4,0,0,4,2
2020-08-03,US,North Carolina,Person,201,2,0,36.38989032,-78.97217358,37145.0,508.9896176247151,0.9950248756218906,199,193,2,0,191,191,39507,8,0,0,8,2
2020-08-03,US,North Carolina,Pitt,1795,11,0,35.59535426,-77.37353178,37147.0,993.128326564938,0.6128133704735376,1784,1766,11,0,1755,1739,179914,29,0,0,29,27
2020-08-03,US,North Carolina,Polk,140,5,0,35.27820615,-82.16812354,37149.0,675.5452615325228,3.571428571428572,135,137,5,0,132,136,20611,3,0,0,3,1
2020-08-03,US,North Carolina,Randolph,2071,36,0,35.71015088,-79.80570339,37151.0,1441.5279778933227,1.7382906808305167,2035,2054,36,0,2018,2049,143351,17,0,0,17,5
2020-08-03,US,North Carolina,Richmond,486,8,0,35.00417719,-79.74491009,37153.0,1084.1196546878136,1.6460905349794241,478,478,8,0,470,478,44887,8,0,0,8,0
2020-08-03,US,North Carolina,Robeson,2658,51,0,34.64244496,-79.10250529999998,37155.0,2034.8325358851675,1.918735891647856,2607,2635,51,0,2584,2606,131831,23,0,0,23,29
2020-08-03,US,North Carolina,Rockingham,494,7,0,36.39593137,-79.77504841,37157.0,542.7974947807933,1.4170040485829958,487,470,7,0,463,461,90690,24,0,0,24,9
2020-08-03,US,North Carolina,Rowan,2032,48,0,35.64003916,-80.52446628,37159.0,1430.0996565508701,2.3622047244094486,1984,2007,48,0,1959,1986,141262,25,0,0,25,21
2020-08-03,US,North Carolina,Rutherford,689,14,0,35.40114178,-81.92112099,37161.0,1027.9132912619912,2.0319303338171264,675,642,13,0,629,638,66826,47,1,0,46,4
2020-08-03,US,North Carolina,Sampson,1427,12,0,34.98820368,-78.36914061,37163.0,2246.147550014953,0.8409250175192712,1415,1421,12,0,1409,1417,63626,6,0,0,6,4
2020-08-03,US,North Carolina,Scotland,293,2,0,34.8386299,-79.4757978,37165.0,841.3979266576688,0.6825938566552902,291,281,2,0,279,273,34810,12,0,0,12,8
2020-08-03,US,North Carolina,Stanly,912,20,0,35.31647813,-80.25093221,37167.0,1452.0905645957394,2.1929824561403506,892,897,11,0,886,884,62075,15,9,0,6,13
2020-08-03,US,North Carolina,Stokes,266,3,0,36.4017975,-80.23893369,37169.0,583.4484876401044,1.1278195488721805,263,265,3,0,262,256,45467,1,0,0,1,9
2020-08-03,US,North Carolina,Surry,872,8,0,36.41689489,-80.69102283,37171.0,1214.7722998481536,0.9174311926605504,864,869,7,0,862,860,71948,3,1,0,2,9
2020-08-03,US,North Carolina,Swain,105,2,0,35.48665845,-83.48748932,37173.0,735.7578305654822,1.9047619047619049,103,105,2,0,103,103,14245,0,0,0,0,2
2020-08-03,US,North Carolina,Transylvania,132,1,0,35.20383864,-82.79638423,37175.0,383.88832339683,0.7575757575757576,131,127,1,0,126,122,34215,5,0,0,5,5
2020-08-03,US,North Carolina,Tyrrell,92,1,0,35.87147226,-76.17055253,37177.0,2290.8366533864537,1.0869565217391304,91,91,1,0,90,91,4131,1,0,0,1,0
2020-08-03,US,North Carolina,Union,2823,41,0,34.98960527,-80.52955873,37179.0,1176.9414531036984,1.4523556500177115,2782,2802,40,0,2762,2762,235908,21,1,0,20,40
2020-08-03,US,North Carolina,Vance,738,40,0,36.36880673,-78.40670845,37181.0,1657.1236106433146,5.420054200542006,698,731,40,0,691,727,44582,7,0,0,7,4
2020-08-03,US,North Carolina,Wake,11305,133,0,35.78879266,-78.65249174,37183.0,1016.8552413693228,1.1764705882352942,11172,11113,133,0,10980,10969,1092305,192,0,0,192,144
2020-08-03,US,North Carolina,Warren,243,7,0,36.39728256,-78.10652228,37185.0,1231.564543104759,2.8806584362139915,236,240,6,0,234,239,19807,3,1,0,2,1
2020-08-03,US,North Carolina,Washington,121,3,0,35.83810081,-76.57299037,37187.0,1044.9050086355783,2.479338842975207,118,120,3,0,117,118,11859,1,0,0,1,2
2020-08-03,US,North Carolina,Watauga,283,0,0,36.23103603,-81.70033724,37189.0,503.76488598536764,0.0,283,256,0,0,256,251,55945,27,0,0,27,5
2020-08-03,US,North Carolina,Wayne,2328,37,0,35.36438125,-78.00027268,37191.0,1890.6692871819448,1.5893470790378006,2291,2312,37,0,2275,2299,123248,16,0,0,16,13
2020-08-03,US,North Carolina,Wilkes,736,10,0,36.2084135,-81.16232895,37193.0,1075.8346488920072,1.358695652173913,726,734,10,0,724,729,68557,2,0,0,2,5
2020-08-03,US,North Carolina,Wilson,1436,35,0,35.70625477,-77.917978,37195.0,1755.479761861102,2.437325905292479,1401,1399,34,0,1365,1382,81455,37,1,0,36,17
2020-08-03,US,North Carolina,Yadkin,508,6,0,36.16222629,-80.66239436,37197.0,1348.6606313218467,1.1811023622047243,502,490,6,0,484,486,37543,18,0,0,18,4
2020-08-03,US,North Carolina,Yancey,101,0,0,35.90079156,-82.31237181,37199.0,558.9683989152693,0.0,101,94,0,0,94,94,17903,7,0,0,7,0
2020-08-03,US,North Dakota,Adams,2,0,0,46.09686891,-102.5285397,38001.0,90.25270758122744,0.0,2,2,0,0,2,2,2294,0,0,0,0,0
2020-08-03,US,North Dakota,Barnes,34,0,0,46.93579637,-98.06605978,38003.0,326.4522323571772,0.0,34,33,0,0,33,32,10542,1,0,0,1,1
2020-08-03,US,North Dakota,Benson,94,1,0,48.0683985,-99.35916363,38005.0,1375.8782201405152,1.0638297872340423,93,94,1,0,93,93,6962,0,0,0,0,1
2020-08-03,US,North Dakota,Billings,2,0,0,47.02366884,-103.3762965,38007.0,215.5172413793104,0.0,2,2,0,0,2,2,919,0,0,0,0,0
2020-08-03,US,North Dakota,Bottineau,18,0,0,48.79106111,-100.8378166,38009.0,286.5329512893983,0.0,18,17,0,0,17,17,6411,1,0,0,1,0
2020-08-03,US,North Dakota,Bowman,6,0,0,46.11285362,-103.5203343,38011.0,198.4126984126984,0.0,6,6,0,0,6,6,3076,0,0,0,0,0
2020-08-03,US,North Dakota,Burke,22,0,0,48.79094471,-102.5182117,38013.0,1040.1891252955083,0.0,22,19,0,0,19,19,2100,3,0,0,3,0
2020-08-03,US,North Dakota,Burleigh,979,5,0,46.97847375,-100.4645214,38015.0,1023.7801434756236,0.5107252298263534,974,961,5,0,956,944,95273,18,0,0,18,17
2020-08-03,US,North Dakota,Cass,2932,76,0,46.93201724,-97.2444719,38017.0,1611.6708717424406,2.592087312414734,2856,2922,76,0,2846,2917,181516,10,0,0,10,5
2020-08-03,US,North Dakota,Cavalier,31,0,0,48.77286211,-98.46685243,38019.0,824.0297713981925,0.0,31,31,0,0,31,31,3829,0,0,0,0,0
2020-08-03,US,North Dakota,Dickey,11,0,0,46.11017712,-98.5049008,38021.0,225.7799671592775,0.0,11,11,0,0,11,11,4903,0,0,0,0,0
2020-08-03,US,North Dakota,Divide,1,0,0,48.814938700000006,-103.4873611,38023.0,44.16961130742049,0.0,1,1,0,0,1,1,2283,0,0,0,0,0
2020-08-03,US,North Dakota,Dunn,30,0,0,47.35423935,-102.6160468,38025.0,678.1193490054251,0.0,30,29,0,0,29,29,4332,1,0,0,1,0
2020-08-03,US,North Dakota,Eddy,13,0,0,47.71701474,-98.90432337,38027.0,568.4302579798863,0.0,13,13,0,0,13,13,2313,0,0,0,0,0
2020-08-03,US,North Dakota,Emmons,16,1,0,46.28398398,-100.2389766,38029.0,493.67479173094716,6.25,15,15,1,0,14,15,3295,1,0,0,1,0
2020-08-03,US,North Dakota,Foster,19,0,0,47.4571084,-98.88279923,38031.0,591.9003115264798,0.0,19,17,0,0,17,17,3216,2,0,0,2,0
2020-08-03,US,North Dakota,Golden Valley,4,0,0,46.94022281,-103.8465421,38033.0,227.14366837024414,0.0,4,4,0,0,4,4,1769,0,0,0,0,0
2020-08-03,US,North Dakota,Grand Forks,637,5,0,47.92093639,-97.45450447,38035.0,917.1934169414408,0.7849293563579278,632,626,5,0,621,624,70770,11,0,0,11,2
2020-08-03,US,North Dakota,Grant,4,0,0,46.35821257,-101.6390013,38037.0,175.9014951627089,0.0,4,4,0,0,4,4,2374,0,0,0,0,0
2020-08-03,US,North Dakota,Griggs,30,0,0,47.45785838,-98.23850925,38039.0,1344.688480502017,0.0,30,30,0,0,30,29,2232,0,0,0,0,1
2020-08-03,US,North Dakota,Hettinger,6,0,0,46.43375068,-102.4632417,38041.0,240.09603841536614,0.0,6,6,0,0,6,6,2514,0,0,0,0,0
2020-08-03,US,North Dakota,Kidder,11,0,0,46.97830064,-99.77507857,38043.0,443.5483870967742,0.0,11,11,0,0,11,11,2450,0,0,0,0,0
2020-08-03,US,North Dakota,LaMoure,14,0,0,46.45681054,-98.53542355,38045.0,346.02076124567475,0.0,14,14,0,0,14,14,4062,0,0,0,0,0
2020-08-03,US,North Dakota,Logan,6,0,0,46.45729487,-99.47719806,38047.0,324.3243243243243,0.0,6,5,0,0,5,4,1903,1,0,0,1,1
2020-08-03,US,North Dakota,McHenry,15,1,0,48.23104458,-100.6324822,38049.0,261.0966057441253,6.666666666666668,14,14,1,0,13,14,5816,1,0,0,1,0
2020-08-03,US,North Dakota,McIntosh,26,1,0,46.11182017,-99.44145858,38051.0,1041.249499399279,3.8461538461538463,25,24,1,0,23,19,2585,2,0,0,2,5
2020-08-03,US,North Dakota,McKenzie,79,1,0,47.74133370000001,-103.395905,38053.0,525.825346112886,1.2658227848101269,78,79,1,0,78,78,13632,0,0,0,0,1
2020-08-03,US,North Dakota,McLean,39,0,0,47.60766714,-101.3182418,38055.0,412.6984126984127,0.0,39,37,0,0,37,37,9541,2,0,0,2,0
2020-08-03,US,North Dakota,Mercer,23,0,0,47.31213126,-101.8318399,38057.0,280.9331867594968,0.0,23,23,0,0,23,23,8267,0,0,0,0,0
2020-08-03,US,North Dakota,Morton,281,3,0,46.71681782,-101.2822377,38059.0,895.9316413722737,1.0676156583629892,278,272,3,0,269,268,31095,9,0,0,9,4
2020-08-03,US,North Dakota,Mountrail,119,1,0,48.20197971,-102.3555315,38061.0,1128.4969179706022,0.8403361344537815,118,115,1,0,114,113,10218,4,0,0,4,2
2020-08-03,US,North Dakota,Nelson,18,0,0,47.9226426,-98.19038437,38063.0,625.2170892671066,0.0,18,17,0,0,17,17,2869,1,0,0,1,0
2020-08-03,US,North Dakota,Oliver,7,0,0,47.11530482,-101.3406158,38065.0,357.32516590096986,0.0,7,7,0,0,7,6,1952,0,0,0,0,1
2020-08-03,US,North Dakota,Pembina,27,0,0,48.76623521,-97.5523809,38067.0,397.00044111160116,0.0,27,27,0,0,27,27,6947,0,0,0,0,0
2020-08-03,US,North Dakota,Pierce,11,0,0,48.24977025,-99.96407787,38069.0,276.7295597484277,0.0,11,11,0,0,11,11,4081,0,0,0,0,0
2020-08-03,US,North Dakota,Ramsey,47,2,0,48.26886249,-98.72223879,38071.0,408.02152964667084,4.25531914893617,45,43,2,0,41,40,11481,4,0,0,4,3
2020-08-03,US,North Dakota,Ransom,26,0,0,46.45621782,-97.65742504,38073.0,498.27520122652356,0.0,26,26,0,0,26,26,5237,0,0,0,0,0
2020-08-03,US,North Dakota,Renville,9,0,0,48.71982533,-101.6603912,38075.0,386.7640739149119,0.0,9,9,0,0,9,9,2374,0,0,0,0,0
2020-08-03,US,North Dakota,Richland,93,0,0,46.26440649,-96.94852979,38077.0,574.8902763182296,0.0,93,92,0,0,92,91,16239,1,0,0,1,1
2020-08-03,US,North Dakota,Rolette,34,0,0,48.77245354,-99.84097493,38079.0,239.841986455982,0.0,34,33,0,0,33,32,14301,1,0,0,1,1
2020-08-03,US,North Dakota,Sargent,9,0,0,46.10830372,-97.63217159,38081.0,230.8876346844536,0.0,9,8,0,0,8,8,3870,1,0,0,1,0
2020-08-03,US,North Dakota,Sheridan,5,0,0,47.57700669,-100.3426391,38083.0,380.22813688212926,0.0,5,5,0,0,5,5,1349,0,0,0,0,0
2020-08-03,US,North Dakota,Sioux,59,0,0,46.11323337,-101.0440149,38085.0,1394.7990543735227,0.0,59,58,0,0,58,58,4358,1,0,0,1,0
2020-08-03,US,North Dakota,Slope,3,0,0,46.44737738,-103.4601547,38087.0,400.0,0.0,3,3,0,0,3,3,763,0,0,0,0,0
2020-08-03,US,North Dakota,Stark,214,3,0,46.80851182,-102.6576326,38089.0,679.602400838388,1.4018691588785046,211,192,3,0,189,187,30997,22,0,0,22,5
2020-08-03,US,North Dakota,Steele,11,0,0,47.45611548,-97.72728747,38091.0,582.010582010582,0.0,11,10,0,0,10,10,1903,1,0,0,1,0
2020-08-03,US,North Dakota,Stutsman,118,2,0,46.97962541,-98.95637318,38093.0,569.9381761978361,1.6949152542372878,116,115,2,0,113,109,20917,3,0,0,3,6
2020-08-03,US,North Dakota,Towner,5,0,0,48.68565745,-99.24564265,38095.0,228.41480127912288,0.0,5,5,0,0,5,6,2192,0,0,0,0,-1
2020-08-03,US,North Dakota,Traill,46,0,0,47.45367788,-97.16323288,38097.0,572.4240915878546,0.0,46,42,0,0,42,42,8037,4,0,0,4,0
2020-08-03,US,North Dakota,Walsh,98,0,0,48.36876964,-97.72574783,38099.0,920.9660746170473,0.0,98,98,0,0,98,98,10667,0,0,0,0,0
2020-08-03,US,North Dakota,Ward,191,1,0,48.22390169,-101.5436763,38101.0,282.37311689655684,0.5235602094240838,190,177,1,0,176,176,67744,14,0,0,14,1
2020-08-03,US,North Dakota,Wells,17,0,0,47.58614526,-99.65904998,38103.0,443.4011476264997,0.0,17,15,0,0,15,15,3957,2,0,0,2,0
2020-08-03,US,North Dakota,Williams,233,2,0,48.34522353,-103.4793387,38105.0,619.8621937268882,0.8583690987124464,231,230,2,0,228,229,35350,3,0,0,3,1
2020-08-03,US,Ohio,Adams,53,2,0,38.84541072,-83.4718964,39001.0,191.34955592461552,3.7735849056603774,51,53,2,0,51,53,27724,0,0,0,0,0
2020-08-03,US,Ohio,Allen,654,42,0,40.77285242,-84.10802343,39003.0,638.9776357827476,6.422018348623853,612,646,42,0,604,635,102663,8,0,0,8,11
2020-08-03,US,Ohio,Ashland,133,3,0,40.84772277,-82.27280781,39005.0,248.67250018697186,2.255639097744361,130,130,3,0,127,127,53745,3,0,0,3,3
2020-08-03,US,Ohio,Ashtabula,539,45,0,41.70860332,-80.74830218,39007.0,554.2929422774345,8.348794063079776,494,538,45,0,493,537,97493,1,0,0,1,1
2020-08-03,US,Ohio,Athens,345,1,0,39.33425634,-82.04278644,39009.0,528.1124190610315,0.2898550724637681,344,344,1,0,343,342,65818,1,0,0,1,2
2020-08-03,US,Ohio,Auglaize,222,5,0,40.55998859,-84.22421429999999,39011.0,486.24496232696686,2.2522522522522523,217,213,5,0,208,208,45804,9,0,0,9,5
2020-08-03,US,Ohio,Belmont,589,26,0,40.01625942,-80.9924051,39013.0,879.0257588872638,4.414261460101868,563,589,26,0,563,589,67505,0,0,0,0,0
2020-08-03,US,Ohio,Brown,112,1,0,38.93416837,-83.86788395,39015.0,257.87437833855216,0.8928571428571429,111,112,1,0,111,113,43602,0,0,0,0,-1
2020-08-03,US,Ohio,Butler,2714,59,0,39.44012838,-84.57388716,39017.0,708.3683515428023,2.1739130434782608,2655,2683,59,0,2624,2652,382378,31,0,0,31,31
2020-08-03,US,Ohio,Carroll,108,5,0,40.5789686,-81.09178213,39019.0,401.27814520324,4.62962962962963,103,107,5,0,102,107,27081,1,0,0,1,0
2020-08-03,US,Ohio,Champaign,138,1,0,40.13923427,-83.76875242,39021.0,354.89263212035485,0.7246376811594203,137,105,1,0,104,102,38754,33,0,0,33,3
2020-08-03,US,Ohio,Clark,1086,13,0,39.91592258,-83.78498252,39023.0,809.9460781754585,1.1970534069981584,1073,1076,13,0,1063,1067,134585,10,0,0,10,9
2020-08-03,US,Ohio,Clermont,855,11,0,39.04847534,-84.15375786,39025.0,414.1879977522429,1.286549707602339,844,835,10,0,825,821,205466,20,1,0,19,14
2020-08-03,US,Ohio,Clinton,148,6,0,39.41485808,-83.80852286,39027.0,352.64963781929083,4.0540540540540535,142,146,6,0,140,144,42057,2,0,0,2,2
2020-08-03,US,Ohio,Columbiana,1582,60,0,40.76932373,-80.78094576,39029.0,1552.7615009373496,3.7926675094816686,1522,1570,60,0,1510,1566,102665,12,0,0,12,4
2020-08-03,US,Ohio,Coshocton,186,6,0,40.30096166,-81.91729018,39031.0,508.19672131147536,3.2258064516129035,180,185,6,0,179,185,36629,1,0,0,1,0
2020-08-03,US,Ohio,Crawford,168,5,0,40.85065156,-82.91989099,39033.0,404.87781365980624,2.9761904761904763,163,164,5,0,159,164,41550,4,0,0,4,0
2020-08-03,US,Ohio,Cuyahoga,12753,477,0,41.424119,-81.65918339,39035.0,1032.571380453933,3.74029640084686,12276,12646,477,0,12169,12518,1243857,107,0,0,107,128
2020-08-03,US,Ohio,Darke,321,27,0,40.13412966,-84.6194517,39037.0,628.0202688161525,8.411214953271028,294,316,27,0,289,313,51323,5,0,0,5,3
2020-08-03,US,Ohio,Defiance,129,4,0,41.32398837,-84.49076944,39039.0,338.69824349515585,3.1007751937984502,125,129,4,0,125,129,38165,0,0,0,0,0
2020-08-03,US,Ohio,Delaware,1206,18,0,40.27942393,-83.00457058,39041.0,576.5452224670972,1.492537313432836,1188,1194,18,0,1176,1180,204826,12,0,0,12,14
2020-08-03,US,Ohio,Erie,524,27,0,41.36796058,-82.62904521,39043.0,705.5718633021837,5.1526717557251915,497,516,27,0,489,507,74615,8,0,0,8,9
2020-08-03,US,Ohio,Fairfield,1254,25,0,39.75107189,-82.63088163,39045.0,795.8165687232664,1.9936204146730463,1229,1238,25,0,1213,1228,155782,16,0,0,16,10
2020-08-03,US,Ohio,Fayette,97,0,0,39.56021306,-83.4562016,39047.0,340.0525854513585,0.0,97,94,0,0,94,91,28666,3,0,0,3,3
2020-08-03,US,Ohio,Franklin,17254,514,0,39.96995815,-83.01115755,39049.0,1310.3414755657084,2.9790193578300683,16740,17107,514,0,16593,16952,1310300,147,0,0,147,155
2020-08-03,US,Ohio,Fulton,140,1,0,41.60213491,-84.12571393,39051.0,332.3363243602525,0.7142857142857143,139,139,1,0,138,138,42276,1,0,0,1,1
2020-08-03,US,Ohio,Gallia,58,1,0,38.82708533,-82.31647569,39053.0,193.9929092246973,1.7241379310344829,57,57,1,0,56,58,29979,1,0,0,1,-1
2020-08-03,US,Ohio,Geauga,531,43,0,41.49952319,-81.17935342,39055.0,567.0108596995162,8.097928436911488,488,528,43,0,485,522,94031,3,0,0,3,6
2020-08-03,US,Ohio,Greene,626,11,0,39.69116283,-83.89032084,39057.0,370.55233607794617,1.757188498402556,615,619,11,0,608,617,167995,7,0,0,7,2
2020-08-03,US,Ohio,Guernsey,111,7,0,40.05026529,-81.49248905,39059.0,285.53054662379424,6.306306306306308,104,110,6,0,104,110,39022,1,1,0,0,0
2020-08-03,US,Ohio,Hamilton,9160,248,0,39.19673558,-84.54502924,39061.0,1120.526304844319,2.7074235807860263,8912,9110,247,0,8863,9048,816684,50,1,0,49,62
2020-08-03,US,Ohio,Hancock,320,2,0,41.00250487,-83.66838948,39063.0,422.2582901178365,0.625,318,315,2,0,313,309,75930,5,0,0,5,6
2020-08-03,US,Ohio,Hardin,150,12,0,40.66015414,-83.65929931,39065.0,478.24007651841225,8.0,138,150,12,0,138,150,31480,0,0,0,0,0
2020-08-03,US,Ohio,Harrison,20,1,0,40.29380509,-81.09068544,39067.0,132.9787234042553,5.0,19,19,1,0,18,19,15174,1,0,0,1,0
2020-08-03,US,Ohio,Henry,106,1,0,41.3339642,-84.06830637,39069.0,392.50536917721985,0.9433962264150944,105,106,1,0,105,104,27086,0,0,0,0,2
2020-08-03,US,Ohio,Highland,132,1,0,39.1839264,-83.60331456,39071.0,305.8316535761452,0.7575757575757576,131,127,1,0,126,121,43058,5,0,0,5,6
2020-08-03,US,Ohio,Hocking,111,9,0,39.49537927,-82.47991446,39073.0,392.7257288423437,8.108108108108109,102,108,9,0,99,106,28385,3,0,0,3,2
2020-08-03,US,Ohio,Holmes,322,6,0,40.56163713,-81.92635677,39075.0,732.484076433121,1.8633540372670807,316,320,6,0,314,319,43892,2,0,0,2,1
2020-08-03,US,Ohio,Huron,376,4,0,41.14651175,-82.59867951,39077.0,645.3163079669104,1.0638297872340423,372,371,4,0,367,368,58504,5,0,0,5,3
2020-08-03,US,Ohio,Jackson,67,0,0,39.01914254,-82.61818559999998,39079.0,206.7071853885787,0.0,67,65,0,0,65,65,32384,2,0,0,2,0
2020-08-03,US,Ohio,Jefferson,206,3,0,40.38614126,-80.76259514,39081.0,315.34634519709147,1.4563106796116505,203,204,3,0,201,203,65767,2,0,0,2,1
2020-08-03,US,Ohio,Knox,169,2,0,40.39830217,-82.42027563,39083.0,271.1722987067168,1.183431952662722,167,165,2,0,163,157,61893,4,0,0,4,8
2020-08-03,US,Ohio,Lake,1043,36,0,41.69710807,-81.23676539,39085.0,453.18467601423424,3.451581975071908,1007,1034,35,0,999,1024,230514,9,1,0,8,10
2020-08-03,US,Ohio,Lawrence,220,0,0,38.59743452,-82.53466552,39087.0,369.9779694936347,0.0,220,216,0,0,216,211,59866,4,0,0,4,5
2020-08-03,US,Ohio,Licking,1125,43,0,40.09136236,-82.48185785,39089.0,636.0891542558605,3.8222222222222224,1082,1116,42,0,1074,1094,175769,9,1,0,8,22
2020-08-03,US,Ohio,Logan,123,1,0,40.38996525,-83.76784341,39091.0,269.31161324224905,0.8130081300813008,122,120,1,0,119,116,45358,3,0,0,3,4
2020-08-03,US,Ohio,Lorain,1634,76,0,41.29553751,-82.15083537,39093.0,527.3808793769547,4.651162790697675,1558,1620,76,0,1544,1596,309461,14,0,0,14,24
2020-08-03,US,Ohio,Lucas,4944,318,0,41.62101218,-83.65468618,39095.0,1154.2017238320245,6.432038834951456,4626,4852,318,0,4534,4762,429899,92,0,0,92,90
2020-08-03,US,Ohio,Madison,333,10,0,39.89381073,-83.40178317,39097.0,744.4501576088171,3.003003003003003,323,329,10,0,319,322,44413,4,0,0,4,7
2020-08-03,US,Ohio,Mahoning,2411,253,0,41.01631101,-80.77287029,39099.0,1054.2978708517903,10.493571132310244,2158,2393,253,0,2140,2383,229642,18,0,0,18,10
2020-08-03,US,Ohio,Marion,2884,44,0,40.58610662,-83.15736305,39101.0,4430.5839337563175,1.5256588072122053,2840,2875,44,0,2831,2867,65256,9,0,0,9,8
2020-08-03,US,Ohio,Medina,835,33,0,41.11770589,-81.89986209999998,39103.0,464.5444126712138,3.9520958083832336,802,831,33,0,798,821,179146,4,0,0,4,10
2020-08-03,US,Ohio,Meigs,25,0,0,39.09224872,-82.0305041,39105.0,109.1369450386345,0.0,25,24,0,0,24,23,23106,1,0,0,1,1
2020-08-03,US,Ohio,Mercer,535,13,0,40.54043046,-84.62912742,39107.0,1299.4267949091616,2.4299065420560746,522,522,13,0,509,517,40959,13,0,0,13,5
2020-08-03,US,Ohio,Miami,769,37,0,40.0543329,-84.22871271,39109.0,718.7789170646901,4.811443433029909,732,768,37,0,731,762,106222,1,0,0,1,6
2020-08-03,US,Ohio,Monroe,91,18,0,39.72984936,-81.08464734,39111.0,666.4713637029442,19.78021978021978,73,90,18,0,72,89,13790,1,0,0,1,1
2020-08-03,US,Ohio,Montgomery,4057,78,0,39.75394919,-84.29050975,39113.0,763.0429181078341,1.9226029085531182,3979,4024,77,0,3947,3970,532331,33,1,0,32,54
2020-08-03,US,Ohio,Morgan,20,0,0,39.62081738,-81.85308173,39115.0,137.85497656465398,0.0,20,20,0,0,20,18,14604,0,0,0,0,2
2020-08-03,US,Ohio,Morrow,158,2,0,40.52363560000001,-82.7892599,39117.0,447.2373188405797,1.2658227848101269,156,158,2,0,156,158,35112,0,0,0,0,0
2020-08-03,US,Ohio,Muskingum,181,1,0,39.96575964,-81.94363275,39119.0,209.9402656150322,0.5524861878453039,180,178,1,0,177,175,86183,3,0,0,3,3
2020-08-03,US,Ohio,Noble,17,0,0,39.76818851,-81.45937183,39121.0,117.859123682751,0.0,17,16,0,0,16,16,14354,1,0,0,1,0
2020-08-03,US,Ohio,Ottawa,359,25,0,41.53781826,-83.0940185,39123.0,885.8729179518815,6.963788300835653,334,352,25,0,327,346,40769,7,0,0,7,6
2020-08-03,US,Ohio,Paulding,61,0,0,41.11676341,-84.5801017,39125.0,326.69237360754073,0.0,61,59,0,0,59,59,18760,2,0,0,2,0
2020-08-03,US,Ohio,Perry,106,2,0,39.73508655,-82.23804971,39127.0,293.35252117119614,1.8867924528301887,104,105,2,0,103,102,36033,1,0,0,1,3
2020-08-03,US,Ohio,Pickaway,2357,42,0,39.64170392,-83.0243386,39129.0,4032.0235386694494,1.7819261773440815,2315,2352,42,0,2310,2348,58086,5,0,0,5,4
2020-08-03,US,Ohio,Pike,66,0,0,39.07634001,-83.06769584,39131.0,237.649431081665,0.0,66,66,0,0,66,63,28067,0,0,0,0,3
2020-08-03,US,Ohio,Portage,717,60,0,41.16793482,-81.19735782,39133.0,441.3231076040527,8.368200836820082,657,711,60,0,651,708,162927,6,0,0,6,3
2020-08-03,US,Ohio,Preble,166,2,0,39.7420247,-84.64787018,39135.0,406.04667090651145,1.2048192771084338,164,164,2,0,162,162,40997,2,0,0,2,2
2020-08-03,US,Ohio,Putnam,192,17,0,41.02094889,-84.1336111,39137.0,567.0240099229202,8.854166666666666,175,193,17,0,176,192,33780,-1,0,0,-1,1
2020-08-03,US,Ohio,Richland,540,12,0,40.77180308,-82.53799609999999,39139.0,445.7137197286099,2.2222222222222223,528,536,10,0,526,531,121099,4,2,0,2,5
2020-08-03,US,Ohio,Ross,401,4,0,39.33705391,-83.06000914,39141.0,523.0480265045783,0.9975062344139652,397,387,4,0,383,381,76931,14,0,0,14,6
2020-08-03,US,Ohio,Sandusky,332,17,0,41.35624126,-83.137872,39143.0,567.3467992754366,5.120481927710842,315,329,17,0,312,319,58799,3,0,0,3,10
2020-08-03,US,Ohio,Scioto,188,1,0,38.80270163,-82.98907345,39145.0,249.6215843003957,0.5319148936170213,187,185,1,0,184,180,75502,3,0,0,3,5
2020-08-03,US,Ohio,Seneca,161,3,0,41.12351311,-83.12783209,39147.0,291.78295697560617,1.8633540372670807,158,153,3,0,150,147,55207,8,0,0,8,6
2020-08-03,US,Ohio,Shelby,160,4,0,40.33163494,-84.20258189,39149.0,329.28586128833086,2.5,156,157,4,0,153,153,48627,3,0,0,3,4
2020-08-03,US,Ohio,Stark,1690,132,0,40.81482476,-81.36437305,39151.0,456.0098865102022,7.8106508875739635,1558,1679,132,0,1547,1661,371574,11,0,0,11,18
2020-08-03,US,Ohio,Summit,3294,217,0,41.12464734,-81.53123079,39153.0,608.8578278155977,6.587735276259866,3077,3248,217,0,3031,3212,541918,46,0,0,46,36
2020-08-03,US,Ohio,Trumbull,1433,103,0,41.31735028,-80.76109643,39155.0,723.8324224393103,7.187718073970691,1330,1421,103,0,1318,1408,198627,12,0,0,12,13
2020-08-03,US,Ohio,Tuscarawas,747,13,0,40.44214695,-81.47226262,39157.0,812.0712709404587,1.7402945113788488,734,746,13,0,733,743,92176,1,0,0,1,3
2020-08-03,US,Ohio,Union,216,1,0,40.30016061,-83.37239023,39159.0,366.17617142469663,0.462962962962963,215,214,1,0,213,212,57835,2,0,0,2,2
2020-08-03,US,Ohio,Van Wert,69,1,0,40.8554138,-84.59111700000003,39161.0,244.0318302387268,1.4492753623188406,68,68,1,0,67,66,28281,1,0,0,1,2
2020-08-03,US,Ohio,Vinton,30,2,0,39.25208988,-82.4831444,39163.0,229.2701566679404,6.666666666666668,28,30,2,0,28,30,13139,0,0,0,0,0
2020-08-03,US,Ohio,Warren,1634,35,0,39.42581994,-84.16557457,39165.0,696.4987510762909,2.141982864137087,1599,1600,35,0,1565,1579,232173,34,0,0,34,21
2020-08-03,US,Ohio,Washington,197,22,0,39.45690571,-81.49121382,39167.0,328.82108460883643,11.167512690355329,175,197,22,0,175,195,60155,0,0,0,0,2
2020-08-03,US,Ohio,Wayne,499,58,0,40.82925852,-81.88844833,39169.0,431.2505401434622,11.623246492985974,441,492,58,0,434,488,115967,7,0,0,7,4
2020-08-03,US,Ohio,Williams,124,3,0,41.56052014,-84.58429552,39171.0,337.9483266107053,2.419354838709677,121,123,3,0,120,120,36804,1,0,0,1,3
2020-08-03,US,Ohio,Wood,924,58,0,41.36224827,-83.62285108,39173.0,706.3302170207236,6.277056277056277,866,910,58,0,852,895,130696,14,0,0,14,15
2020-08-03,US,Ohio,Wyandot,120,7,0,40.84339621,-83.30734173,39175.0,551.166636046298,5.833333333333332,113,119,5,0,114,119,21935,1,2,0,-1,0
2020-08-03,US,Oklahoma,Adair,305,5,0,35.88494195,-94.65859267,40001.0,1374.2452915202307,1.639344262295082,300,303,5,0,298,289,22082,2,0,0,2,14
2020-08-03,US,Oklahoma,Alfalfa,3,0,0,36.73090616,-98.32408495,40003.0,52.6131182041389,0.0,3,3,0,0,3,3,5754,0,0,0,0,0
2020-08-03,US,Oklahoma,Atoka,64,0,0,34.37366573,-96.03802487,40005.0,465.1838930077046,0.0,64,63,0,0,63,62,13838,1,0,0,1,1
2020-08-03,US,Oklahoma,Beaver,36,0,0,36.7496847,-100.4758872,40007.0,677.8384485031067,0.0,36,36,0,0,36,36,5319,0,0,0,0,0
2020-08-03,US,Oklahoma,Beckham,45,1,0,35.26862449,-99.68128023,40009.0,205.8648611555881,2.2222222222222223,44,45,1,0,44,43,21709,0,0,0,0,2
2020-08-03,US,Oklahoma,Blaine,38,0,0,35.87518314,-98.43307003,40011.0,403.01198430374376,0.0,38,47,0,0,47,46,9485,-9,0,0,-9,1
2020-08-03,US,Oklahoma,Bryan,385,1,0,33.96472458,-96.25903472,40013.0,802.1668923846236,0.2597402597402597,384,386,1,0,385,381,47192,-1,0,0,-1,5
2020-08-03,US,Oklahoma,Caddo,373,14,0,35.17364557,-98.37534464,40015.0,1296.850010430429,3.7533512064343166,359,358,14,0,344,359,28977,15,0,0,15,-1
2020-08-03,US,Oklahoma,Canadian,1089,5,0,35.5426055,-97.98465569,40017.0,734.2926112227423,0.4591368227731864,1084,1078,5,0,1073,1059,144447,11,0,0,11,19
2020-08-03,US,Oklahoma,Carter,308,3,0,34.25103751,-97.28552485,40019.0,640.1862359959259,0.9740259740259741,305,304,3,0,301,302,48177,4,0,0,4,2
2020-08-03,US,Oklahoma,Cherokee,351,1,0,35.90692775,-94.99980896,40021.0,721.3761637585546,0.2849002849002849,350,346,1,0,345,321,48675,5,0,0,5,25
2020-08-03,US,Oklahoma,Choctaw,166,1,0,34.02807439,-95.54771129,40023.0,1131.4067611777534,0.6024096385542169,165,166,1,0,165,164,14668,0,0,0,0,2
2020-08-03,US,Oklahoma,Cimarron,1,0,0,36.74817177,-102.5173885,40025.0,46.79457182966776,0.0,1,1,0,0,1,1,2153,0,0,0,0,0
2020-08-03,US,Oklahoma,Cleveland,2725,49,0,35.20413532,-97.32519562,40027.0,959.4597449421507,1.798165137614679,2676,2703,49,0,2654,2652,281669,22,0,0,22,51
2020-08-03,US,Oklahoma,Coal,27,0,0,34.58840127,-96.29798747,40029.0,491.35577797998184,0.0,27,27,0,0,27,26,5520,0,0,0,0,1
2020-08-03,US,Oklahoma,Comanche,778,10,0,34.65973764,-98.47195055,40031.0,644.3117541346097,1.2853470437017995,768,771,10,0,761,762,120422,7,0,0,7,9
2020-08-03,US,Oklahoma,Cotton,17,2,0,34.28845626,-98.37053567,40033.0,300.0352982703848,11.764705882352944,15,17,2,0,15,17,5776,0,0,0,0,0
2020-08-03,US,Oklahoma,Craig,77,0,0,36.76268118,-95.20916602,40035.0,544.4774430773582,0.0,77,77,0,0,77,72,14306,0,0,0,0,5
2020-08-03,US,Oklahoma,Creek,500,13,0,35.90230551,-96.37086028,40037.0,699.0855960403792,2.6,487,493,13,0,480,495,71604,7,0,0,7,-2
2020-08-03,US,Oklahoma,Custer,192,0,0,35.63853802,-99.00170785,40039.0,662.0004827086854,0.0,192,190,0,0,190,190,29036,2,0,0,2,0
2020-08-03,US,Oklahoma,Delaware,403,19,0,36.40823634,-94.80325046,40041.0,937.0131832872188,4.714640198511166,384,401,19,0,382,399,42733,2,0,0,2,2
2020-08-03,US,Oklahoma,Dewey,8,0,0,35.98772922,-99.00730714,40043.0,163.5657329789409,0.0,8,7,0,0,7,7,4894,1,0,0,1,0
2020-08-03,US,Oklahoma,Ellis,3,0,0,36.218019399999996,-99.75324573,40045.0,77.74034724021767,0.0,3,3,0,0,3,3,3952,0,0,0,0,0
2020-08-03,US,Oklahoma,Garfield,372,4,0,36.3791334,-97.78265517,40047.0,609.2767295597482,1.075268817204301,368,365,4,0,361,363,60913,7,0,0,7,2
2020-08-03,US,Oklahoma,Garvin,208,4,0,34.70418038,-97.30811132,40049.0,750.6044531052652,1.9230769230769231,204,206,4,0,202,202,27811,2,0,0,2,4
2020-08-03,US,Oklahoma,Grady,412,6,0,35.0167709,-97.88339847,40051.0,737.9016369953791,1.4563106796116505,406,409,6,0,403,406,55551,3,0,0,3,3
2020-08-03,US,Oklahoma,Grant,12,0,0,36.796296999999996,-97.78638765,40053.0,276.944380336949,0.0,12,11,0,0,11,11,4326,1,0,0,1,0
2020-08-03,US,Oklahoma,Greer,81,8,0,34.93535801,-99.56056120000001,40055.0,1418.0672268907565,9.876543209876543,73,80,8,0,72,80,5821,1,0,0,1,0
2020-08-03,US,Oklahoma,Harmon,25,0,0,34.7440135,-99.84741652,40057.0,942.3294383716548,0.0,25,24,0,0,24,24,2664,1,0,0,1,0
2020-08-03,US,Oklahoma,Harper,9,0,0,36.78836519,-99.6679804,40059.0,244.0347071583514,0.0,9,9,0,0,9,9,3797,0,0,0,0,0
2020-08-03,US,Oklahoma,Haskell,43,0,0,35.22257600000001,-95.11513306,40061.0,340.54011245743254,0.0,43,41,0,0,41,40,12668,2,0,0,2,1
2020-08-03,US,Oklahoma,Hughes,111,1,0,35.04912569,-96.24921145,40063.0,835.9063182468559,0.9009009009009008,110,111,1,0,110,107,13335,0,0,0,0,4
2020-08-03,US,Oklahoma,Jackson,486,4,0,34.58781741,-99.41138784,40065.0,1981.24745209947,0.8230452674897121,482,486,4,0,482,478,24949,0,0,0,0,8
2020-08-03,US,Oklahoma,Jefferson,31,0,0,34.11130184,-97.83182974,40067.0,516.4945018327224,0.0,31,31,0,0,31,30,6123,0,0,0,0,1
2020-08-03,US,Oklahoma,Johnston,40,0,0,34.31440473,-96.66011537,40069.0,360.8479927830402,0.0,40,40,0,0,40,40,10949,0,0,0,0,0
2020-08-03,US,Oklahoma,Kay,217,10,0,36.81799745,-97.14421435,40071.0,498.4151775460517,4.6082949308755765,207,214,10,0,204,214,44161,3,0,0,3,0
2020-08-03,US,Oklahoma,Kingfisher,111,0,0,35.94530008,-97.94193268,40073.0,704.0913415794481,0.0,111,109,0,0,109,107,15816,2,0,0,2,2
2020-08-03,US,Oklahoma,Kiowa,27,1,0,34.91671958,-98.97720696,40075.0,310.05971520440966,3.703703703703704,26,27,1,0,26,27,8729,0,0,0,0,0
2020-08-03,US,Oklahoma,Latimer,71,1,0,34.87844729,-95.25215049,40077.0,704.8545616995932,1.4084507042253518,70,69,1,0,68,67,10231,2,0,0,2,2
2020-08-03,US,Oklahoma,Le Flore,249,1,0,34.89851864,-94.70392124,40079.0,499.4684372053839,0.4016064257028112,248,236,1,0,235,229,49980,13,0,0,13,7
2020-08-03,US,Oklahoma,Lincoln,132,2,0,35.70270942,-96.8812462,40081.0,378.47291911574956,1.5151515151515151,130,130,2,0,128,125,34920,2,0,0,2,5
2020-08-03,US,Oklahoma,Logan,189,1,0,35.91899576,-97.44352845,40083.0,393.6597862989732,0.5291005291005291,188,185,1,0,184,180,47291,4,0,0,4,5
2020-08-03,US,Oklahoma,Love,65,0,0,33.95273467,-97.23906784,40085.0,633.9607919633277,0.0,65,65,0,0,65,64,10134,0,0,0,0,1
2020-08-03,US,Oklahoma,Major,25,1,0,36.31149996,-98.53467076,40093.0,327.69694586446457,4.0,24,25,1,0,24,25,7644,0,0,0,0,0
2020-08-03,US,Oklahoma,Marshall,97,0,0,34.02311222,-96.76855464,40095.0,572.9135904553777,0.0,97,96,0,0,96,97,16806,1,0,0,1,-1
2020-08-03,US,Oklahoma,Mayes,285,6,0,36.30179091,-95.23175116,40097.0,693.4306569343066,2.1052631578947367,279,285,6,0,279,282,41107,0,0,0,0,3
2020-08-03,US,Oklahoma,McClain,397,4,0,35.01123903,-97.44572302,40087.0,980.8766121460692,1.0075566750629723,393,396,4,0,392,389,39985,1,0,0,1,7
2020-08-03,US,Oklahoma,McCurtain,829,25,0,34.11664328,-94.77222373,40089.0,2524.975633528265,3.0156815440289506,804,826,25,0,801,818,32703,3,0,0,3,8
2020-08-03,US,Oklahoma,McIntosh,151,1,0,35.37235506,-95.66599306,40091.0,770.5654215145947,0.6622516556291391,150,151,1,0,150,151,19815,0,0,0,0,0
2020-08-03,US,Oklahoma,Murray,60,0,0,34.48116015,-97.06826283,40099.0,426.34832658281823,0.0,60,59,0,0,59,59,13953,1,0,0,1,0
2020-08-03,US,Oklahoma,Muskogee,448,16,0,35.61318461,-95.37802952,40101.0,658.8525964380782,3.571428571428572,432,438,16,0,422,433,68362,10,0,0,10,5
2020-08-03,US,Oklahoma,Noble,77,2,0,36.38953329,-97.22928674,40103.0,691.761746473812,2.5974025974025974,75,77,2,0,75,77,11289,0,0,0,0,0
2020-08-03,US,Oklahoma,Nowata,56,1,0,36.79843529,-95.61902331,40105.0,555.77610162763,1.7857142857142858,55,55,1,0,54,55,10218,1,0,0,1,0
2020-08-03,US,Oklahoma,Okfuskee,57,0,0,35.46485198,-96.32639984,40107.0,475.2772450596182,0.0,57,56,0,0,56,55,12098,1,0,0,1,1
2020-08-03,US,Oklahoma,Oklahoma,9439,98,0,35.55140095,-97.40716948,40109.0,1183.6716267427776,1.0382455768619556,9341,9357,98,0,9259,9214,792582,82,0,0,82,143
2020-08-03,US,Oklahoma,Okmulgee,396,3,0,35.64661916,-95.96432828,40111.0,1029.5073443390095,0.7575757575757576,393,399,3,0,396,394,38335,-3,0,0,-3,5
2020-08-03,US,Oklahoma,Osage,367,11,0,36.62888819,-96.39635704,40113.0,781.466260673296,2.9972752043596733,356,366,11,0,355,360,47014,1,0,0,1,6
2020-08-03,US,Oklahoma,Ottawa,347,2,0,36.83532655,-94.81011909,40115.0,1114.7878047996917,0.5763688760806917,345,345,2,0,343,337,31175,2,0,0,2,8
2020-08-03,US,Oklahoma,Pawnee,122,3,0,36.31743373,-96.70331759999999,40117.0,744.9926722032242,2.459016393442623,119,120,3,0,117,122,16390,2,0,0,2,-2
2020-08-03,US,Oklahoma,Payne,672,3,0,36.07695283,-96.97584944,40119.0,821.6766115621637,0.44642857142857145,669,663,3,0,660,661,82040,9,0,0,9,2
2020-08-03,US,Oklahoma,Pittsburg,201,3,0,34.92065823,-95.75134320000001,40121.0,460.4389059421817,1.492537313432836,198,193,3,0,190,191,43877,8,0,0,8,2
2020-08-03,US,Oklahoma,Pontotoc,177,2,0,34.72959848,-96.68337199,40123.0,462.33413436422524,1.1299435028248588,175,176,2,0,174,171,38247,1,0,0,1,5
2020-08-03,US,Oklahoma,Pottawatomie,400,8,0,35.20614018,-96.94923008,40125.0,551.0249063257659,2.0,392,393,7,0,386,383,72679,7,1,0,6,10
2020-08-03,US,Oklahoma,Pushmataha,100,0,0,34.41635232,-95.37603505,40127.0,901.2256669069935,0.0,100,102,0,0,102,101,11179,-2,0,0,-2,1
2020-08-03,US,Oklahoma,Roger Mills,8,0,0,35.68711719,-99.69666167,40129.0,223.27658386826684,0.0,8,8,0,0,8,8,3656,0,0,0,0,0
2020-08-03,US,Oklahoma,Rogers,823,14,0,36.37004357,-95.60406759,40131.0,890.1242712986298,1.7010935601458081,809,800,14,0,786,778,91984,23,0,0,23,22
2020-08-03,US,Oklahoma,Seminole,193,5,0,35.16478725,-96.61686741,40133.0,795.6138181218566,2.5906735751295336,188,193,5,0,188,189,24578,0,0,0,0,4
2020-08-03,US,Oklahoma,Sequoyah,264,4,0,35.49447108,-94.75463785,40135.0,635.0886477904207,1.5151515151515151,260,258,4,0,254,252,41179,6,0,0,6,6
2020-08-03,US,Oklahoma,Stephens,175,2,0,34.48556989,-97.85141892,40137.0,405.62779593445055,1.1428571428571428,173,174,2,0,172,174,43265,1,0,0,1,0
2020-08-03,US,Oklahoma,Texas,1036,7,0,36.74777635,-101.4889765,40139.0,5184.406745733874,0.6756756756756757,1029,1035,7,0,1028,1034,20455,1,0,0,1,1
2020-08-03,US,Oklahoma,Tillman,56,1,0,34.37288446,-98.92426619,40141.0,772.4137931034481,1.7857142857142858,55,55,1,0,54,55,7348,1,0,0,1,0
2020-08-03,US,Oklahoma,Tulsa,9159,101,0,36.11939621,-95.94013939,40143.0,1405.720495064093,1.1027404738508568,9058,9051,101,0,8950,8986,648360,108,0,0,108,65
2020-08-03,US,Oklahoma,Unassigned,16,0,0,0.0,0.0,90040.0,0.0,0.0,16,24,0,0,24,25,,-8,0,0,-8,-1
2020-08-03,US,Oklahoma,Wagoner,738,22,0,35.96024096,-95.51911308,40145.0,907.8719137890737,2.9810298102981028,716,733,22,0,711,726,80110,5,0,0,5,7
2020-08-03,US,Oklahoma,Washington,575,39,0,36.71380786,-95.90514104,40147.0,1115.9198090321581,6.782608695652174,536,571,39,0,532,566,51843,4,0,0,4,5
2020-08-03,US,Oklahoma,Washita,24,0,0,35.29071824,-98.99180434,40149.0,219.86075485525842,0.0,24,25,0,0,25,24,11127,-1,0,0,-1,1
2020-08-03,US,Oklahoma,Woods,15,0,0,36.76705782,-98.86573064,40151.0,170.590242238144,0.0,15,15,0,0,15,15,8897,0,0,0,0,0
2020-08-03,US,Oklahoma,Woodward,32,0,0,36.42316318,-99.26283045,40153.0,158.32962248280643,0.0,32,32,0,0,32,32,20222,0,0,0,0,0
2020-08-03,US,Oregon,Baker,33,0,0,44.70915557,-117.6749883,41001.0,204.6638551227983,0.0,33,30,0,0,30,30,16006,3,0,0,3,0
2020-08-03,US,Oregon,Benton,157,6,0,44.49167306,-123.4316987,41003.0,168.72105144380086,3.8216560509554136,151,155,6,0,149,154,92101,2,0,0,2,1
2020-08-03,US,Oregon,Clackamas,1421,36,0,45.18787398,-122.2179634,41005.0,339.8001372591688,2.5334271639690362,1385,1401,36,0,1365,1377,416075,20,0,0,20,24
2020-08-03,US,Oregon,Clatsop,82,0,0,45.99712889,-123.660711,41007.0,203.85839299920445,0.0,82,80,0,0,80,78,39764,2,0,0,2,2
2020-08-03,US,Oregon,Columbia,79,0,0,45.94464254,-123.08908980000001,41009.0,150.89582457882875,0.0,79,78,0,0,78,78,52377,1,0,0,1,0
2020-08-03,US,Oregon,Coos,85,0,0,43.17406868,-124.0594514,41011.0,131.8095119946656,0.0,85,84,0,0,84,84,64389,1,0,0,1,0
2020-08-03,US,Oregon,Crook,43,1,0,44.14230227,-120.356297,41013.0,176.2006228487133,2.3255813953488373,42,43,1,0,42,43,23867,0,0,0,0,0
2020-08-03,US,Oregon,Curry,14,0,0,42.45911325,-124.15728200000001,41015.0,61.06870229007634,0.0,14,14,0,0,14,14,22813,0,0,0,0,0
2020-08-03,US,Oregon,Deschutes,540,8,0,43.91570171,-121.2289121,41017.0,273.1521761123364,1.4814814814814814,532,537,8,0,529,530,191996,3,0,0,3,7
2020-08-03,US,Oregon,Douglas,134,1,0,43.27941273,-123.16729099999999,41019.0,120.74247612182377,0.746268656716418,133,132,1,0,131,128,110283,2,0,0,2,4
2020-08-03,US,Oregon,Gilliam,4,0,0,45.37160076,-120.20488689999999,41021.0,209.20502092050208,0.0,4,4,0,0,4,4,1894,0,0,0,0,0
2020-08-03,US,Oregon,Grant,2,0,0,44.49024544,-119.0068631,41023.0,27.781636338380327,0.0,2,2,0,0,2,2,7176,0,0,0,0,0
2020-08-03,US,Oregon,Harney,8,0,0,43.06422669,-118.96663059999999,41025.0,108.21046936291086,0.0,8,8,0,0,8,8,7329,0,0,0,0,0
2020-08-03,US,Oregon,Hood River,169,0,0,45.51872811,-121.65520359999998,41027.0,722.7782054571892,0.0,169,169,0,0,169,165,23428,0,0,0,0,4
2020-08-03,US,Oregon,Jackson,394,1,0,42.43201126,-122.72893090000001,41029.0,178.32572959663986,0.2538071065989848,393,385,1,0,384,370,219564,9,0,0,9,15
2020-08-03,US,Oregon,Jefferson,311,3,0,44.62806839,-121.17832,41031.0,1261.2539540919784,0.964630225080386,308,310,3,0,307,303,24192,1,0,0,1,7
2020-08-03,US,Oregon,Josephine,107,1,0,42.3665549,-123.5561938,41033.0,122.30388514865065,0.9345794392523364,106,105,1,0,104,103,87393,2,0,0,2,2
2020-08-03,US,Oregon,Klamath,196,1,0,42.68762984,-121.64964609999998,41035.0,287.22998915560237,0.5102040816326531,195,194,1,0,193,194,67653,2,0,0,2,0
2020-08-03,US,Oregon,Lake,32,0,0,42.79246693,-120.38501629999999,41037.0,406.6590418096328,0.0,32,32,0,0,32,32,7879,0,0,0,0,0
2020-08-03,US,Oregon,Lane,523,3,0,43.93727035,-122.847753,41039.0,136.88698579045035,0.5736137667304015,520,518,3,0,515,511,379611,5,0,0,5,7
2020-08-03,US,Oregon,Lincoln,395,9,0,44.64252874,-123.86991200000001,41041.0,790.6008566510546,2.278481012658228,386,391,9,0,382,391,49388,4,0,0,4,0
2020-08-03,US,Oregon,Linn,254,10,0,44.48899494,-122.53731540000001,41043.0,195.76258776560897,3.9370078740157477,244,248,10,0,238,244,127335,6,0,0,6,4
2020-08-03,US,Oregon,Malheur,676,10,0,43.1937027,-117.62273950000001,41045.0,2211.245952046057,1.4792899408284024,666,673,10,0,663,663,30725,3,0,0,3,10
2020-08-03,US,Oregon,Marion,2692,68,0,44.90287942,-122.58151170000001,41047.0,773.9679947558783,2.5260029717682015,2624,2667,67,0,2600,2614,346868,25,1,0,24,53
2020-08-03,US,Oregon,Morrow,305,1,0,45.41846568,-119.584546,41049.0,2628.6305265879514,0.3278688524590164,304,304,1,0,303,296,11372,1,0,0,1,8
2020-08-03,US,Oregon,Multnomah,4497,93,0,45.54747959,-122.4169351,41051.0,553.2352018502685,2.0680453635757168,4404,4450,92,0,4358,4403,811880,47,1,0,46,47
2020-08-03,US,Oregon,Polk,296,12,0,44.90322804,-123.4128888,41053.0,343.846198524714,4.0540540540540535,284,288,12,0,276,286,85234,8,0,0,8,2
2020-08-03,US,Oregon,Sherman,15,0,0,45.41501554,-120.6827834,41055.0,842.6966292134831,0.0,15,14,0,0,14,13,1708,1,0,0,1,1
2020-08-03,US,Oregon,Tillamook,30,0,0,45.46248721,-123.712066,41057.0,110.96316023080335,0.0,30,28,0,0,28,24,26787,2,0,0,2,4
2020-08-03,US,Oregon,Umatilla,2060,24,0,45.59073056,-118.7353826,41059.0,2642.7196921103273,1.1650485436893203,2036,1996,24,0,1972,1977,77516,64,0,0,64,19
2020-08-03,US,Oregon,Union,388,2,0,45.30915495,-118.0068979,41061.0,1445.872927147382,0.5154639175257731,386,388,2,0,386,388,26461,0,0,0,0,0
2020-08-03,US,Oregon,Wallowa,19,1,0,45.57894064,-117.18353799999998,41063.0,263.59600443951166,5.2631578947368425,18,19,1,0,18,19,7081,0,0,0,0,0
2020-08-03,US,Oregon,Wasco,170,3,0,45.16292781,-121.16709540000001,41065.0,637.1336481523124,1.7647058823529411,167,161,3,0,158,158,26505,9,0,0,9,3
2020-08-03,US,Oregon,Washington,2849,23,0,45.55972701,-123.0955257,41067.0,473.57677628691874,0.8073008073008073,2826,2830,23,0,2807,2783,597695,19,0,0,19,47
2020-08-03,US,Oregon,Yamhill,386,11,0,45.23330449,-123.3086963,41071.0,360.4108309990663,2.8497409326424865,375,359,11,0,348,350,107002,27,0,0,27,9
2020-08-03,US,Pennsylvania,Adams,480,20,0,39.87140411,-77.21610347,42001.0,465.9787008902135,4.166666666666667,460,474,20,0,454,469,102811,6,0,0,6,5
2020-08-03,US,Pennsylvania,Allegheny,8310,234,0,40.46809875,-79.98167747,42003.0,683.3628689727765,2.815884476534296,8076,8242,234,0,8008,8160,1218452,68,0,0,68,82
2020-08-03,US,Pennsylvania,Armstrong,188,6,0,40.81665618,-79.46290811,42005.0,290.41476789989963,3.191489361702128,182,187,6,0,181,184,65263,1,0,0,1,3
2020-08-03,US,Pennsylvania,Beaver,1237,89,0,40.6825484,-80.34921611,42007.0,754.5949770937417,7.194826192400969,1148,1232,89,0,1143,1219,164742,5,0,0,5,13
2020-08-03,US,Pennsylvania,Bedford,130,4,0,40.00522157,-78.48998442,42009.0,271.46675576344796,3.0769230769230766,126,130,4,0,126,128,48176,0,0,0,0,2
2020-08-03,US,Pennsylvania,Berks,5218,365,0,40.41570541,-75.92457766,42011.0,1238.9472984395627,6.995017247987735,4853,5190,365,0,4825,5168,420152,28,0,0,28,22
2020-08-03,US,Pennsylvania,Blair,233,3,0,40.47961444,-78.34917412,42013.0,191.25167242610542,1.2875536480686696,230,224,3,0,221,214,122492,9,0,0,9,10
2020-08-03,US,Pennsylvania,Bradford,82,3,0,41.78869215,-76.51570822,42015.0,135.93488387513884,3.6585365853658534,79,81,3,0,78,81,60833,1,0,0,1,0
2020-08-03,US,Pennsylvania,Bucks,7020,579,0,40.33682119,-75.10836643,42017.0,1117.3540038518472,8.247863247863247,6441,6995,579,0,6416,6959,628195,25,0,0,25,36
2020-08-03,US,Pennsylvania,Butler,605,15,0,40.91152759,-79.91351055,42019.0,322.06033441041666,2.479338842975207,590,602,15,0,587,600,187888,3,0,0,3,2
2020-08-03,US,Pennsylvania,Cambria,274,3,0,40.49527404,-78.71377428,42021.0,210.4583999016837,1.094890510948905,271,267,3,0,264,259,131730,7,0,0,7,8
2020-08-03,US,Pennsylvania,Cameron,6,0,0,41.43625568,-78.20376845,42023.0,134.922419608725,0.0,6,6,0,0,6,6,4492,0,0,0,0,0
2020-08-03,US,Pennsylvania,Carbon,360,28,0,40.91545395,-75.7068525,42025.0,560.9049266149386,7.777777777777778,332,360,28,0,332,359,64227,0,0,0,0,1
2020-08-03,US,Pennsylvania,Centre,358,10,0,40.92058903,-77.82200624,42027.0,220.46371278135297,2.793296089385475,348,357,10,0,347,354,162805,1,0,0,1,3
2020-08-03,US,Pennsylvania,Chester,4965,348,0,39.97291773,-75.74768357,42029.0,945.7341010954517,7.0090634441087625,4617,4885,349,0,4536,4885,522046,80,-1,0,81,0
2020-08-03,US,Pennsylvania,Clarion,76,2,0,41.19265812,-79.42413524,42031.0,197.72100525521614,2.631578947368421,74,76,2,0,74,76,38779,0,0,0,0,0
2020-08-03,US,Pennsylvania,Clearfield,141,0,0,41.00110782,-78.47592663,42033.0,177.90675667150342,0.0,141,136,0,0,136,134,79388,5,0,0,5,2
2020-08-03,US,Pennsylvania,Clinton,115,5,0,41.23255967,-77.63785995,42035.0,297.6806792296542,4.3478260869565215,110,115,5,0,110,115,38684,0,0,0,0,0
2020-08-03,US,Pennsylvania,Columbia,462,35,0,41.04821986,-76.40565017,42037.0,711.1631057200913,7.575757575757576,427,461,35,0,426,459,65456,1,0,0,1,2
2020-08-03,US,Pennsylvania,Crawford,132,1,0,41.68447709,-80.10760592,42039.0,155.9749022202791,0.7575757575757576,131,127,1,0,126,126,85063,5,0,0,5,1
2020-08-03,US,Pennsylvania,Cumberland,1230,70,0,40.1625372,-77.26130755,42041.0,485.45605241346647,5.691056910569106,1160,1225,70,0,1155,1219,251423,5,0,0,5,6
2020-08-03,US,Pennsylvania,Dauphin,2682,155,0,40.41377078,-76.77993242,42043.0,963.7116913822904,5.779269202087994,2527,2657,155,0,2502,2649,277097,25,0,0,25,8
2020-08-03,US,Pennsylvania,Delaware,8859,687,0,39.91680171,-75.40243663,42045.0,1563.1313443211875,7.754825601083644,8172,8804,687,0,8117,8770,564751,55,0,0,55,34
2020-08-03,US,Pennsylvania,Elk,45,2,0,41.42822061,-78.64524744,42047.0,150.45135406218657,4.4444444444444455,43,44,2,0,42,43,30169,1,0,0,1,1
2020-08-03,US,Pennsylvania,Erie,983,16,0,41.99253829,-80.03301954,42049.0,364.44121485348205,1.6276703967446593,967,967,16,0,951,954,272061,16,0,0,16,13
2020-08-03,US,Pennsylvania,Fayette,414,4,0,39.92041012,-79.64291195,42051.0,320.25001160326127,0.966183574879227,410,408,4,0,404,403,130441,6,0,0,6,5
2020-08-03,US,Pennsylvania,Forest,9,0,0,41.51095103,-79.23229292,42053.0,124.1893197185042,0.0,9,9,0,0,9,9,7279,0,0,0,0,0
2020-08-03,US,Pennsylvania,Franklin,1284,46,0,39.92956518,-77.72157791,42055.0,828.2428222180652,3.582554517133957,1238,1281,46,0,1235,1276,154835,3,0,0,3,5
2020-08-03,US,Pennsylvania,Fulton,24,2,0,39.92913544,-78.11163677,42057.0,165.1754989676531,8.333333333333334,22,24,2,0,22,22,14523,0,0,0,0,2
2020-08-03,US,Pennsylvania,Greene,109,1,0,39.85746531,-80.22357106,42059.0,300.83073441338007,0.9174311926605504,108,108,1,0,107,107,36506,1,0,0,1,1
2020-08-03,US,Pennsylvania,Huntingdon,290,4,0,40.42162652,-77.97673273,42061.0,642.3888002835372,1.3793103448275863,286,288,4,0,284,288,45168,2,0,0,2,0
2020-08-03,US,Pennsylvania,Indiana,275,6,0,40.65241041,-79.08963285,42063.0,327.09668978149944,2.1818181818181817,269,272,6,0,266,265,84501,3,0,0,3,7
2020-08-03,US,Pennsylvania,Jefferson,58,1,0,41.12913106,-78.9986361,42065.0,133.56361542890042,1.7241379310344829,57,58,1,0,57,58,43641,0,0,0,0,0
2020-08-03,US,Pennsylvania,Juniata,127,6,0,40.53358749,-77.39975129999998,42067.0,512.8619311068934,4.724409448818896,121,126,6,0,120,126,24704,1,0,0,1,0
2020-08-03,US,Pennsylvania,Lackawanna,1901,212,0,41.43564672,-75.60379201,42069.0,906.6455545275046,11.15202524986849,1689,1900,212,0,1688,1898,210793,1,0,0,1,2
2020-08-03,US,Pennsylvania,Lancaster,5682,407,0,40.03904563,-76.24770128,42071.0,1041.1856542867824,7.162970784934883,5275,5654,407,0,5247,5590,543557,28,0,0,28,64
2020-08-03,US,Pennsylvania,Lawrence,349,12,0,40.99206278,-80.33393706,42073.0,408.12985312002996,3.4383954154727787,337,343,12,0,331,338,86184,6,0,0,6,5
2020-08-03,US,Pennsylvania,Lebanon,1577,54,0,40.36680311,-76.45651841,42075.0,1112.18466355885,3.4242232086239697,1523,1571,54,0,1517,1565,141314,6,0,0,6,6
2020-08-03,US,Pennsylvania,Lehigh,4853,335,0,40.6154815,-75.59435245,42077.0,1314.0437238369102,6.902946630949928,4518,4849,335,0,4514,4828,368100,4,0,0,4,21
2020-08-03,US,Pennsylvania,Luzerne,3338,183,0,41.17823008,-75.98447579,42079.0,1051.6134926610737,5.482324745356501,3155,3324,183,0,3141,3276,317646,14,0,0,14,48
2020-08-03,US,Pennsylvania,Lycoming,339,20,0,41.34310539,-77.06629984,42081.0,299.20828957007564,5.899705014749262,319,337,20,0,317,332,113664,2,0,0,2,5
2020-08-03,US,Pennsylvania,McKean,33,1,0,41.80938602,-78.56478358,42083.0,81.23076923076924,3.0303030303030303,32,28,1,0,27,28,40968,5,0,0,5,0
2020-08-03,US,Pennsylvania,Mercer,356,9,0,41.30248872,-80.25816981,42085.0,325.339961982746,2.5280898876404496,347,348,9,0,339,341,110683,8,0,0,8,7
2020-08-03,US,Pennsylvania,Mifflin,109,1,0,40.61116939,-77.61070738,42087.0,236.2477784039187,0.9174311926605504,108,106,1,0,105,105,46222,3,0,0,3,1
2020-08-03,US,Pennsylvania,Monroe,1598,123,0,41.05934058,-75.34031025,42089.0,938.5039143483036,7.697121401752191,1475,1591,123,0,1468,1587,169507,7,0,0,7,4
2020-08-03,US,Pennsylvania,Montgomery,9870,850,0,40.21053671,-75.36652296,42091.0,1187.8471323781614,8.611955420466057,9020,9835,850,0,8985,9813,828604,35,0,0,35,22
2020-08-03,US,Pennsylvania,Montour,93,3,0,41.03023987,-76.66345939,42093.0,510.14810751508486,3.2258064516129035,90,93,3,0,90,93,18240,0,0,0,0,0
2020-08-03,US,Pennsylvania,Northampton,3863,290,0,40.75182733,-75.30471829,42095.0,1265.3749774800594,7.507118819570283,3573,3860,290,0,3570,3843,304807,3,0,0,3,17
2020-08-03,US,Pennsylvania,Northumberland,407,11,0,40.84785433,-76.70798222,42097.0,448.025714694583,2.702702702702702,396,403,11,0,392,401,91083,4,0,0,4,2
2020-08-03,US,Pennsylvania,Perry,120,5,0,40.40206612,-77.26297447,42099.0,259.33609958506224,4.166666666666667,115,120,5,0,115,118,46139,0,0,0,0,2
2020-08-03,US,Pennsylvania,Philadelphia,30665,1692,0,40.00338507,-75.1379271,42101.0,1935.8435012726761,5.517691178868416,28973,30354,1690,0,28664,30354,1584138,311,2,0,309,0
2020-08-03,US,Pennsylvania,Pike,526,21,0,41.33155042,-75.03208106,42103.0,942.500313569496,3.9923954372623576,505,525,21,0,504,524,55933,1,0,0,1,1
2020-08-03,US,Pennsylvania,Potter,20,0,0,41.74471626,-77.89559864,42105.0,121.0214207914801,0.0,20,20,0,0,20,20,16622,0,0,0,0,0
2020-08-03,US,Pennsylvania,Schuylkill,896,49,0,40.70497338,-76.2150785,42107.0,633.8471551156982,5.46875,847,892,49,0,843,885,142067,4,0,0,4,7
2020-08-03,US,Pennsylvania,Snyder,98,2,0,40.77129231,-77.06840691,42109.0,242.7424947983751,2.0408163265306123,96,97,2,0,95,94,40540,1,0,0,1,3
2020-08-03,US,Pennsylvania,Somerset,125,2,0,39.97172723,-79.02699593,42111.0,170.19074979236728,1.6,123,124,2,0,122,124,73952,1,0,0,1,0
2020-08-03,US,Pennsylvania,Sullivan,10,0,0,41.44634738,-76.51246591,42113.0,164.85328058028355,0.0,10,10,0,0,10,10,6071,0,0,0,0,0
2020-08-03,US,Pennsylvania,Susquehanna,210,26,0,41.82147784,-75.80071959,42115.0,520.7300138861336,12.38095238095238,184,210,26,0,184,209,40589,0,0,0,0,1
2020-08-03,US,Pennsylvania,Tioga,35,2,0,41.77255149,-77.25433032,42117.0,86.22601069202534,5.7142857142857135,33,35,2,0,33,35,40763,0,0,0,0,0
2020-08-03,US,Pennsylvania,Union,173,2,0,40.96188846,-77.05996014,42119.0,385.10339914965607,1.1560693641618498,171,172,2,0,170,165,44785,1,0,0,1,7
2020-08-03,US,Pennsylvania,Venango,62,0,0,41.40323442,-79.75845449,42121.0,122.36520091576536,0.0,62,62,0,0,62,62,51266,0,0,0,0,0
2020-08-03,US,Pennsylvania,Warren,19,1,0,41.81304978,-79.26969577,42123.0,48.480518486387176,5.2631578947368425,18,18,1,0,17,16,39498,1,0,0,1,2
2020-08-03,US,Pennsylvania,Washington,764,11,0,40.19208869,-80.24582867,42125.0,369.32298842240107,1.4397905759162304,753,756,11,0,745,747,207346,8,0,0,8,9
2020-08-03,US,Pennsylvania,Wayne,158,8,0,41.64938475,-75.29956506,42127.0,307.62640914312414,5.063291139240507,150,158,8,0,150,158,51276,0,0,0,0,0
2020-08-03,US,Pennsylvania,Westmoreland,1457,46,0,40.31377979999999,-79.46615476,42129.0,417.5993625662441,3.157172271791352,1411,1438,46,0,1392,1422,350611,19,0,0,19,16
2020-08-03,US,Pennsylvania,Wyoming,57,8,0,41.51955538,-76.01074915,42131.0,212.7341942225872,14.035087719298243,49,57,8,0,49,57,27046,0,0,0,0,0
2020-08-03,US,Pennsylvania,York,2350,88,0,39.9210089,-76.73040131,42133.0,523.3177006088299,3.7446808510638303,2262,2325,88,0,2237,2286,448273,25,0,0,25,39
2020-08-03,US,Puerto Rico,Adjuntas,86,0,0,18.180117000000006,-66.754367,72001.0,441.41046040137553,0.0,86,85,0,0,85,85,,1,0,0,1,0
2020-08-03,US,Puerto Rico,Aguada,108,0,0,18.360255,-67.17513100000001,72003.0,257.39412283419534,0.0,108,104,0,0,104,101,,4,0,0,4,3
2020-08-03,US,Puerto Rico,Aguadilla,192,0,0,18.459681,-67.12081500000001,72005.0,315.01747362549014,0.0,192,185,0,0,185,180,,7,0,0,7,5
2020-08-03,US,Puerto Rico,Aguas Buenas,114,0,0,18.251619,-66.126806,72007.0,397.7808018423532,0.0,114,111,0,0,111,107,,3,0,0,3,4
2020-08-03,US,Puerto Rico,Aibonito,79,0,0,18.131361,-66.264131,72009.0,305.019305019305,0.0,79,77,0,0,77,76,,2,0,0,2,1
2020-08-03,US,Puerto Rico,Anasco,125,0,0,18.287985,-67.120611,72011.0,427.18977478555087,0.0,125,124,0,0,124,122,,1,0,0,1,2
2020-08-03,US,Puerto Rico,Arecibo,262,0,0,18.406631,-66.675077,72013.0,271.6715055993364,0.0,262,260,0,0,260,254,,2,0,0,2,6
2020-08-03,US,Puerto Rico,Arroyo,78,0,0,17.998457000000005,-66.056546,72015.0,398.46743295019166,0.0,78,78,0,0,78,78,,0,0,0,0,0
2020-08-03,US,Puerto Rico,Barceloneta,73,0,0,18.445533,-66.56053100000001,72017.0,294.1650548033527,0.0,73,72,0,0,72,69,,1,0,0,1,3
2020-08-03,US,Puerto Rico,Barranquitas,217,0,0,18.201592,-66.30963,72019.0,715.7464212678937,0.0,217,217,0,0,217,207,,0,0,0,0,10
2020-08-03,US,Puerto Rico,Bayamon,1209,0,0,18.34946,-66.168435,72021.0,580.9260220261777,0.0,1209,1179,0,0,1179,1146,,30,0,0,30,33
2020-08-03,US,Puerto Rico,Cabo Rojo,177,0,0,18.040993,-67.154391,72023.0,347.6245654692932,0.0,177,172,0,0,172,171,,5,0,0,5,1
2020-08-03,US,Puerto Rico,Caguas,611,0,0,18.211615,-66.050779,72025.0,427.5926742387661,0.0,611,599,0,0,599,583,,12,0,0,12,16
2020-08-03,US,Puerto Rico,Camuy,113,0,0,18.418578,-66.860206,72027.0,321.39708182826587,0.0,113,107,0,0,107,103,,6,0,0,6,4
2020-08-03,US,Puerto Rico,Canovanas,315,0,0,18.328802,-65.887612,72029.0,661.0980523841505,0.0,315,302,0,0,302,298,,13,0,0,13,4
2020-08-03,US,Puerto Rico,Carolina,1015,0,0,18.374986,-65.95683100000001,72031.0,574.2184406150642,0.0,1015,981,0,0,981,941,,34,0,0,34,40
2020-08-03,US,Puerto Rico,Catano,164,0,0,18.437269,-66.14330600000001,72033.0,582.8002842928216,0.0,164,162,0,0,162,159,,2,0,0,2,3
2020-08-03,US,Puerto Rico,Cayey,178,0,0,18.102851,-66.14914,72035.0,369.9162492986139,0.0,178,172,0,0,172,170,,6,0,0,6,2
2020-08-03,US,Puerto Rico,Ceiba,63,0,0,18.251818,-65.666416,72037.0,462.1817915046585,0.0,63,58,0,0,58,57,,5,0,0,5,1
2020-08-03,US,Puerto Rico,Ciales,122,0,0,18.28885,-66.516475,72039.0,649.5580875306144,0.0,122,122,0,0,122,120,,0,0,0,0,2
2020-08-03,US,Puerto Rico,Cidra,149,0,0,18.173559,-66.161179,72041.0,342.68629254829807,0.0,149,147,0,0,147,142,,2,0,0,2,5
2020-08-03,US,Puerto Rico,Coamo,125,0,0,18.097597,-66.36014,72043.0,308.55055292259084,0.0,125,123,0,0,123,120,,2,0,0,2,3
2020-08-03,US,Puerto Rico,Comerio,110,0,0,18.224687,-66.221622,72045.0,529.4061026085283,0.0,110,105,0,0,105,102,,5,0,0,5,3
2020-08-03,US,Puerto Rico,Corozal,178,0,0,18.304264,-66.327738,72047.0,479.2418286575844,0.0,178,176,0,0,176,174,,2,0,0,2,2
2020-08-03,US,Puerto Rico,Culebra,17,0,0,18.31586,-65.28813000000001,72049.0,935.093509350935,0.0,17,17,0,0,17,17,,0,0,0,0,0
2020-08-03,US,Puerto Rico,Dorado,263,0,0,18.436115,-66.278669,72051.0,689.1130617057512,0.0,263,260,0,0,260,252,,3,0,0,3,8
2020-08-03,US,Puerto Rico,Fajardo,208,0,0,18.318373,-65.666866,72053.0,562.2685372908388,0.0,208,201,0,0,201,196,,7,0,0,7,5
2020-08-03,US,Puerto Rico,Florida,157,0,0,18.373715,-66.560488,72054.0,1238.1703470031543,0.0,157,152,0,0,152,141,,5,0,0,5,11
2020-08-03,US,Puerto Rico,Guanica,53,0,0,17.982429,-66.91964300000001,72055.0,272.81618366191384,0.0,53,53,0,0,53,52,,0,0,0,0,1
2020-08-03,US,Puerto Rico,Guayama,140,0,0,18.007516,-66.13390799999999,72057.0,308.6283673559367,0.0,140,133,0,0,133,132,,7,0,0,7,1
2020-08-03,US,Puerto Rico,Guayanilla,117,0,0,18.039942,-66.79186,72059.0,542.1435521986933,0.0,117,115,0,0,115,114,,2,0,0,2,1
2020-08-03,US,Puerto Rico,Guaynabo,725,0,0,18.345114,-66.11452299999999,72061.0,740.3700829214492,0.0,725,719,0,0,719,699,,6,0,0,6,20
2020-08-03,US,Puerto Rico,Gurabo,209,0,0,18.266461,-65.97970500000001,72063.0,460.6669752474156,0.0,209,204,0,0,204,201,,5,0,0,5,3
2020-08-03,US,Puerto Rico,Hatillo,91,0,0,18.410928,-66.79632600000001,72065.0,216.9093986127333,0.0,91,89,0,0,89,86,,2,0,0,2,3
2020-08-03,US,Puerto Rico,Hormigueros,81,0,0,18.134532,-67.113972,72067.0,469.5652173913044,0.0,81,81,0,0,81,80,,0,0,0,0,1
2020-08-03,US,Puerto Rico,Humacao,172,0,0,18.145211,-65.810174,72069.0,294.1880751205829,0.0,172,170,0,0,170,163,,2,0,0,2,7
2020-08-03,US,Puerto Rico,Isabela,123,0,0,18.44981,-67.005093,72071.0,269.5535929521597,0.0,123,118,0,0,118,116,,5,0,0,5,2
2020-08-03,US,Puerto Rico,Jayuya,179,0,0,18.211446,-66.58878,72073.0,1075.5918759764454,0.0,179,178,0,0,178,177,,1,0,0,1,1
2020-08-03,US,Puerto Rico,Juana Diaz,175,0,0,18.050764,-66.49458100000001,72075.0,219.0320037047699,0.0,175,172,0,0,172,170,,3,0,0,3,2
2020-08-03,US,Puerto Rico,Juncos,106,0,0,18.223793,-65.909109,72077.0,263.09257880367335,0.0,106,103,0,0,103,102,,3,0,0,3,1
2020-08-03,US,Puerto Rico,Lajas,73,0,0,18.011661,-67.040585,72079.0,283.4621209179513,0.0,73,72,0,0,72,72,,1,0,0,1,0
2020-08-03,US,Puerto Rico,Lares,145,0,0,18.269035,-66.867236,72081.0,471.4987155724645,0.0,145,141,0,0,141,132,,4,0,0,4,9
2020-08-03,US,Puerto Rico,Las Marias,54,0,0,18.23679,-66.98362,72083.0,546.5033903451068,0.0,54,52,0,0,52,52,,2,0,0,2,0
2020-08-03,US,Puerto Rico,Las Piedras,133,0,0,18.187527,-65.86946800000001,72085.0,343.8914027149321,0.0,133,130,0,0,130,127,,3,0,0,3,3
2020-08-03,US,Puerto Rico,Loiza,98,0,0,18.425688,-65.89943000000001,72087.0,326.01463739188284,0.0,98,94,0,0,94,88,,4,0,0,4,6
2020-08-03,US,Puerto Rico,Luquillo,91,0,0,18.342114,-65.72509699999999,72089.0,453.4582419772773,0.0,91,91,0,0,91,90,,0,0,0,0,1
2020-08-03,US,Puerto Rico,Manati,197,0,0,18.420473,-66.490461,72091.0,446.5803731326366,0.0,197,192,0,0,192,192,,5,0,0,5,0
2020-08-03,US,Puerto Rico,Maricao,41,0,0,18.171795,-66.942126,72093.0,653.2823454429572,0.0,41,41,0,0,41,41,,0,0,0,0,0
2020-08-03,US,Puerto Rico,Maunabo,54,0,0,18.017889,-65.922235,72095.0,441.71779141104287,0.0,54,53,0,0,53,52,,1,0,0,1,1
2020-08-03,US,Puerto Rico,Mayaguez,440,0,0,18.2013,-67.1452,72097.0,493.93803322855865,0.0,440,434,0,0,434,427,,6,0,0,6,7
2020-08-03,US,Puerto Rico,Moca,153,0,0,18.377805,-67.080952,72099.0,381.4605200827745,0.0,153,153,0,0,153,150,,0,0,0,0,3
2020-08-03,US,Puerto Rico,Morovis,226,0,0,18.316963,-66.420383,72101.0,693.0389451088623,0.0,226,223,0,0,223,212,,3,0,0,3,11
2020-08-03,US,Puerto Rico,Naguabo,84,0,0,18.230637,-65.753897,72103.0,314.37125748502996,0.0,84,83,0,0,83,82,,1,0,0,1,1
2020-08-03,US,Puerto Rico,Naranjito,233,0,0,18.288019,-66.252703,72105.0,766.3969475692387,0.0,233,231,0,0,231,226,,2,0,0,2,5
2020-08-03,US,Puerto Rico,Orocovis,184,0,0,18.215046,-66.433604,72107.0,785.5526619135037,0.0,184,181,0,0,181,177,,3,0,0,3,4
2020-08-03,US,Puerto Rico,Out of PR,624,0,0,0.0,0.0,72888.0,0.0,0.0,624,624,0,0,624,624,,0,0,0,0,0
2020-08-03,US,Puerto Rico,Patillas,97,0,0,18.03174,-66.012242,72109.0,503.1903304456088,0.0,97,95,0,0,95,95,,2,0,0,2,0
2020-08-03,US,Puerto Rico,Penuelas,66,0,0,18.059645,-66.721572,72111.0,271.8062762540153,0.0,66,64,0,0,64,62,,2,0,0,2,2
2020-08-03,US,Puerto Rico,Ponce,433,0,0,18.059498,-66.613748,72113.0,260.33055366837607,0.0,433,428,0,0,428,414,,5,0,0,5,14
2020-08-03,US,Puerto Rico,Quebradillas,69,0,0,18.439692,-66.926113,72115.0,266.21397430456415,0.0,69,67,0,0,67,65,,2,0,0,2,2
2020-08-03,US,Puerto Rico,Rincon,87,0,0,18.335443,-67.23174,72117.0,572.3684210526316,0.0,87,83,0,0,83,82,,4,0,0,4,1
2020-08-03,US,Puerto Rico,Rio Grande,256,0,0,18.346329,-65.813742,72119.0,471.42015321154986,0.0,256,252,0,0,252,239,,4,0,0,4,13
2020-08-03,US,Puerto Rico,Sabana Grande,115,0,0,18.08282,-66.943758,72121.0,455.1751434791214,0.0,115,113,0,0,113,112,,2,0,0,2,1
2020-08-03,US,Puerto Rico,Salinas,134,0,0,18.010386999999994,-66.256592,72123.0,431.1731771671279,0.0,134,131,0,0,131,131,,3,0,0,3,0
2020-08-03,US,Puerto Rico,San German,125,0,0,18.111484,-67.03858100000001,72125.0,351.84507557632224,0.0,125,123,0,0,123,123,,2,0,0,2,0
2020-08-03,US,Puerto Rico,San Juan,2609,0,0,18.386933,-66.061128,72127.0,659.9616519024804,0.0,2609,2547,0,0,2547,2462,,62,0,0,62,85
2020-08-03,US,Puerto Rico,San Lorenzo,142,0,0,18.147987,-65.976392,72129.0,345.85220907009597,0.0,142,138,0,0,138,136,,4,0,0,4,2
2020-08-03,US,Puerto Rico,San Sebastian,185,0,0,18.328646,-66.971214,72131.0,436.0122554796135,0.0,185,184,0,0,184,173,,1,0,0,1,11
2020-08-03,US,Puerto Rico,Santa Isabel,89,0,0,17.994525,-66.388913,72133.0,382.40096244736617,0.0,89,88,0,0,88,87,,1,0,0,1,1
2020-08-03,US,Puerto Rico,Toa Alta,479,0,0,18.362406,-66.246616,72135.0,646.7204925336862,0.0,479,472,0,0,472,458,,7,0,0,7,14
2020-08-03,US,Puerto Rico,Toa Baja,445,0,0,18.431446,-66.213553,72137.0,496.60190382662455,0.0,445,440,0,0,440,419,,5,0,0,5,21
2020-08-03,US,Puerto Rico,Trujillo Alto,427,0,0,18.336159,-65.99888399999999,72139.0,570.5352609497343,0.0,427,418,0,0,418,411,,9,0,0,9,7
2020-08-03,US,Puerto Rico,Unassigned,535,230,0,0.0,0.0,72999.0,0.0,42.990654205607484,305,518,230,0,288,446,,17,0,0,17,72
2020-08-03,US,Puerto Rico,Utuado,57,0,0,18.271214,-66.702984,72141.0,171.95088841292346,0.0,57,57,0,0,57,57,,0,0,0,0,0
2020-08-03,US,Puerto Rico,Vega Alta,186,0,0,18.409346,-66.33725,72143.0,465.57032364646693,0.0,186,181,0,0,181,176,,5,0,0,5,5
2020-08-03,US,Puerto Rico,Vega Baja,313,0,0,18.428262,-66.397924,72145.0,524.6220374777915,0.0,313,308,0,0,308,303,,5,0,0,5,5
2020-08-03,US,Puerto Rico,Vieques,44,0,0,18.123276,-65.44097099999999,72147.0,473.0674121062252,0.0,44,43,0,0,43,37,,1,0,0,1,6
2020-08-03,US,Puerto Rico,Villalba,72,0,0,18.127951,-66.473115,72149.0,276.14773904038657,0.0,72,72,0,0,72,71,,0,0,0,0,1
2020-08-03,US,Puerto Rico,Yabucoa,100,0,0,18.070399,-65.896289,72151.0,263.5671173664373,0.0,100,100,0,0,100,99,,0,0,0,0,1
2020-08-03,US,Puerto Rico,Yauco,217,0,0,18.080374,-66.858814,72153.0,516.1382394215448,0.0,217,211,0,0,211,207,,6,0,0,6,4
2020-08-03,US,Rhode Island,Bristol,304,0,0,41.71018079,-71.28652315,44001.0,627.0756409991958,0.0,304,304,0,0,304,304,48649,0,0,0,0,0
2020-08-03,US,Rhode Island,Kent,1421,0,0,41.67106337,-71.57641596,44003.0,864.9234290166289,0.0,1421,1421,0,0,1421,1421,163861,0,0,0,0,0
2020-08-03,US,Rhode Island,Newport,380,0,0,41.5642026,-71.26569799,44005.0,462.9516824638777,0.0,380,380,0,0,380,380,82542,0,0,0,0,0
2020-08-03,US,Rhode Island,Providence,14549,0,0,41.87064746,-71.57753536,44007.0,2277.084693026321,0.0,14549,14549,0,0,14549,14549,636084,0,0,0,0,0
2020-08-03,US,Rhode Island,Unassigned,2002,1010,0,0.0,0.0,90044.0,0.0,50.44955044955046,992,1778,1007,0,771,1778,,224,3,0,221,0
2020-08-03,US,Rhode Island,Washington,590,0,0,41.45961631,-71.61435303,44009.0,469.83125890887663,0.0,590,590,0,0,590,590,126179,0,0,0,0,0
2020-08-03,US,South Carolina,Abbeville,298,7,0,34.22333378,-82.46170658,45001.0,1214.9875647245892,2.348993288590604,291,290,7,0,283,288,24541,8,0,0,8,2
2020-08-03,US,South Carolina,Aiken,1594,29,0,33.54338026,-81.63645384,45003.0,932.8620253757198,1.8193224592220831,1565,1575,26,0,1549,1538,169401,19,3,0,16,37
2020-08-03,US,South Carolina,Allendale,193,3,0,32.98837386,-81.35321066,45005.0,2221.4548802946592,1.5544041450777202,190,189,3,0,186,179,8903,4,0,0,4,10
2020-08-03,US,South Carolina,Anderson,2103,48,0,34.51828081,-82.63959517,45007.0,1038.2211514726646,2.2824536376604847,2055,2066,47,0,2019,2059,200482,37,1,0,36,7
2020-08-03,US,South Carolina,Bamberg,446,17,0,33.21927586,-81.05659969,45009.0,3170.766387032561,3.8116591928251116,429,441,16,0,425,434,14275,5,1,0,4,7
2020-08-03,US,South Carolina,Barnwell,369,4,0,33.26679302,-81.43584352,45011.0,1768.4271062973255,1.084010840108401,365,340,4,0,336,328,21112,29,0,0,29,12
2020-08-03,US,South Carolina,Beaufort,3682,49,0,32.39226291,-80.72619758,45013.0,1916.4905632879108,1.3307984790874523,3633,3632,50,0,3582,3577,188715,50,-1,0,51,55
2020-08-03,US,South Carolina,Berkeley,3880,59,0,33.20222596,-79.94654523,45015.0,1702.4488058725708,1.5206185567010309,3821,3854,59,0,3795,3818,221091,26,0,0,26,36
2020-08-03,US,South Carolina,Calhoun,337,10,0,33.66926881,-80.77722168,45017.0,2315.673744245173,2.967359050445104,327,314,10,0,304,309,14520,23,0,0,23,5
2020-08-03,US,South Carolina,Charleston,11714,171,0,32.82487866,-79.96512315,45019.0,2847.308984312334,1.4597917022366398,11543,11594,168,0,11426,11471,405905,120,3,0,117,123
2020-08-03,US,South Carolina,Cherokee,561,25,0,35.05122251,-81.61828622,45021.0,979.0575916230366,4.45632798573975,536,549,25,0,524,547,57078,12,0,0,12,2
2020-08-03,US,South Carolina,Chester,578,12,0,34.69249168,-81.1583216,45023.0,1792.5815655625852,2.0761245674740483,566,566,11,0,555,550,32251,12,1,0,11,16
2020-08-03,US,South Carolina,Chesterfield,707,19,0,34.64137396,-80.15640140000002,45025.0,1548.7404162102955,2.6874115983026874,688,696,19,0,677,687,45754,11,0,0,11,9
2020-08-03,US,South Carolina,Clarendon,786,50,0,33.66610974,-80.21647898,45027.0,2329.2339605867537,6.361323155216285,736,779,50,0,729,777,33700,7,0,0,7,2
2020-08-03,US,South Carolina,Colleton,765,31,0,32.87582989,-80.67641292,45029.0,2030.4164344294927,4.052287581699346,734,763,31,0,732,752,37660,2,0,0,2,11
2020-08-03,US,South Carolina,Darlington,1133,33,0,34.33358335,-79.96027485,45031.0,1700.7415413251676,2.9126213592233015,1100,1089,33,0,1056,1059,66802,44,0,0,44,30
2020-08-03,US,South Carolina,Dillon,579,23,0,34.39007791,-79.37741872,45033.0,1899.6686242986973,3.972366148531952,556,564,23,0,541,552,30599,15,0,0,15,12
2020-08-03,US,South Carolina,Dorchester,2839,40,0,33.0794369,-80.40502652,45035.0,1743.7610942883994,1.4089468122578372,2799,2780,39,0,2741,2744,160647,59,1,0,58,36
2020-08-03,US,South Carolina,Edgefield,289,6,0,33.77221995,-81.96231108,45037.0,1060.1614086573734,2.0761245674740483,283,287,6,0,281,277,27052,2,0,0,2,10
2020-08-03,US,South Carolina,Fairfield,539,23,0,34.39287073,-81.1195624,45039.0,2411.9568622186425,4.267161410018553,516,536,23,0,513,531,22402,3,0,0,3,5
2020-08-03,US,South Carolina,Florence,3091,99,0,34.02361754,-79.70189312,45041.0,2235.1095138582573,3.2028469750889683,2992,3033,98,0,2935,2938,138159,58,1,0,57,95
2020-08-03,US,South Carolina,Georgetown,1307,19,0,33.43443342,-79.33202141,45043.0,2085.194639438417,1.4537107880642692,1288,1287,19,0,1268,1275,62249,20,0,0,20,12
2020-08-03,US,South Carolina,Greenville,10306,189,0,34.89502264,-82.37295012,45045.0,1968.5144649330905,1.8338831748496025,10117,10211,188,0,10023,10139,514213,95,1,0,94,72
2020-08-03,US,South Carolina,Greenwood,1275,15,0,34.15272415,-82.12715789,45047.0,1800.567708406886,1.1764705882352942,1260,1258,15,0,1243,1237,70741,17,0,0,17,21
2020-08-03,US,South Carolina,Hampton,392,7,0,32.77419582,-81.13845571,45049.0,2039.3299344501086,1.7857142857142858,385,364,7,0,357,345,19351,28,0,0,28,19
2020-08-03,US,South Carolina,Horry,8174,130,0,33.9212828,-78.99555293,45051.0,2308.5113293286,1.5904086126743333,8044,8116,130,0,7986,8050,344147,58,0,0,58,66
2020-08-03,US,South Carolina,Jasper,510,13,0,32.43171982,-81.02487495,45053.0,1695.8733747880158,2.5490196078431366,497,505,13,0,492,500,28971,5,0,0,5,5
2020-08-03,US,South Carolina,Kershaw,1295,23,0,34.33988254,-80.58763164,45055.0,1945.876095024868,1.776061776061776,1272,1284,23,0,1261,1267,65592,11,0,0,11,17
2020-08-03,US,South Carolina,Lancaster,1085,21,0,34.68270843,-80.70513032,45057.0,1107.0073052279313,1.935483870967742,1064,1063,21,0,1042,1039,95380,22,0,0,22,24
2020-08-03,US,South Carolina,Laurens,1236,34,0,34.48244419,-82.00490796,45059.0,1831.3010238098766,2.750809061488673,1202,1222,34,0,1188,1206,66994,14,0,0,14,16
2020-08-03,US,South Carolina,Lee,526,27,0,34.16393091,-80.25690731,45061.0,3125.7428096030426,5.133079847908745,499,522,27,0,495,513,17142,4,0,0,4,9
2020-08-03,US,South Carolina,Lexington,4685,104,0,33.89665987,-81.27146426,45063.0,1568.2008368200836,2.2198505869797227,4581,4654,104,0,4550,4580,295032,31,0,0,31,74
2020-08-03,US,South Carolina,Marion,523,12,0,34.07859748,-79.36400756,45067.0,1705.9725348207587,2.294455066921606,511,522,12,0,510,513,31039,1,0,0,1,9
2020-08-03,US,South Carolina,Marlboro,443,4,0,34.59905577,-79.67561152,45069.0,1696.1482502488705,0.9029345372460496,439,436,4,0,432,429,26398,7,0,0,7,7
2020-08-03,US,South Carolina,McCormick,106,2,0,33.90161443,-82.30794338,45065.0,1120.1521716157667,1.8867924528301887,104,106,2,0,104,103,9410,0,0,0,0,3
2020-08-03,US,South Carolina,Newberry,782,9,0,34.28629098,-81.59935761,45071.0,2034.3392299687823,1.1508951406649617,773,775,8,0,767,760,38520,7,1,0,6,15
2020-08-03,US,South Carolina,Oconee,755,7,0,34.75225169,-83.06742317,45073.0,949.1363487793228,0.9271523178807948,748,746,7,0,739,738,78374,9,0,0,9,8
2020-08-03,US,South Carolina,Orangeburg,2231,58,0,33.4391073,-80.79886287,45075.0,2588.917899622861,2.5997310623039,2173,2190,57,0,2133,2152,86934,41,1,0,40,38
2020-08-03,US,South Carolina,Pickens,1747,23,0,34.88807695,-82.72791551,45077.0,1376.848144762145,1.3165426445334858,1724,1725,23,0,1702,1708,124937,22,0,0,22,17
2020-08-03,US,South Carolina,Richland,8040,141,0,34.01791263,-80.90267209,45079.0,1933.8126174057568,1.7537313432835822,7899,7975,140,0,7835,7866,414576,65,1,0,64,109
2020-08-03,US,South Carolina,Saluda,421,8,0,34.00795823,-81.72713237,45081.0,2056.366922287891,1.9002375296912115,413,416,8,0,408,408,20544,5,0,0,5,8
2020-08-03,US,South Carolina,Spartanburg,3793,87,0,34.92960077,-81.99225984,45083.0,1186.1094172647247,2.2936989190614288,3706,3741,85,0,3656,3700,313888,52,2,0,50,41
2020-08-03,US,South Carolina,Sumter,2316,45,0,33.91826534,-80.37942316,45085.0,2170.1445826032364,1.9430051813471505,2271,2312,45,0,2267,2289,106512,4,0,0,4,23
2020-08-03,US,South Carolina,Union,335,2,0,34.68835752,-81.61730349,45087.0,1226.387465221848,0.5970149253731343,333,334,2,0,332,332,27410,1,0,0,1,2
2020-08-03,US,South Carolina,Williamsburg,939,27,0,33.62190129,-79.72767442,45089.0,3092.0706006322443,2.8753993610223643,912,917,27,0,890,901,30606,22,0,0,22,16
2020-08-03,US,South Carolina,York,3246,28,0,34.97281497,-81.18085944,45091.0,1155.2464774947591,0.8626001232285891,3218,3170,28,0,3142,3134,274118,76,0,0,76,36
2020-08-03,US,South Dakota,Aurora,38,0,0,43.71757685,-98.56050467,46003.0,1381.315885132679,0.0,38,38,0,0,38,37,2801,0,0,0,0,1
2020-08-03,US,South Dakota,Beadle,587,9,0,44.41464384,-98.27858469,46005.0,3181.054571072454,1.5332197614991483,578,587,9,0,578,587,18883,0,0,0,0,0
2020-08-03,US,South Dakota,Bennett,6,0,0,43.19486375,-101.6665572,46007.0,178.30609212481426,0.0,6,6,0,0,6,5,3468,0,0,0,0,1
2020-08-03,US,South Dakota,Bon Homme,13,0,0,42.98914167,-97.88592746,46009.0,188.37849587016373,0.0,13,13,0,0,13,13,6980,0,0,0,0,0
2020-08-03,US,South Dakota,Brookings,120,1,0,44.36974375,-96.79079945,46011.0,342.1045129286997,0.8333333333333334,119,119,1,0,118,118,35232,1,0,0,1,1
2020-08-03,US,South Dakota,Brown,410,3,0,45.58994323,-98.35165355,46013.0,1055.639949535261,0.7317073170731707,407,407,3,0,404,406,39316,3,0,0,3,1
2020-08-03,US,South Dakota,Brule,40,0,0,43.71756379,-99.08118954,46015.0,755.1444213705871,0.0,40,40,0,0,40,40,5229,0,0,0,0,0
2020-08-03,US,South Dakota,Buffalo,108,3,0,44.07657829,-99.20814467,46017.0,5504.587155963302,2.7777777777777777,105,107,3,0,104,107,2036,1,0,0,1,0
2020-08-03,US,South Dakota,Butte,11,1,0,44.90608745,-103.5079318,46019.0,105.47511746092628,9.090909090909092,10,11,1,0,10,10,10222,0,0,0,0,1
2020-08-03,US,South Dakota,Campbell,2,0,0,45.77074915,-100.0510181,46021.0,145.3488372093023,0.0,2,2,0,0,2,2,1377,0,0,0,0,0
2020-08-03,US,South Dakota,Charles Mix,100,0,0,43.20660134,-98.58856175,46023.0,1076.194575979337,0.0,100,99,0,0,99,99,9338,1,0,0,1,0
2020-08-03,US,South Dakota,Clark,16,0,0,44.85834507,-97.72925109,46025.0,428.2655246252677,0.0,16,16,0,0,16,16,3739,0,0,0,0,0
2020-08-03,US,South Dakota,Clay,118,0,0,42.91296147,-96.97656917,46027.0,838.6638237384508,0.0,118,117,0,0,117,114,14041,1,0,0,1,3
2020-08-03,US,South Dakota,Codington,119,0,0,44.97788119,-97.18827677,46029.0,424.8634367524724,0.0,119,118,0,0,118,118,28015,1,0,0,1,0
2020-08-03,US,South Dakota,Corson,29,0,0,45.70889983,-101.1970473,46031.0,709.7405775819873,0.0,29,28,0,0,28,28,4165,1,0,0,1,0
2020-08-03,US,South Dakota,Custer,23,0,0,43.67741105,-103.45345209999999,46033.0,256.3530985287561,0.0,23,23,0,0,23,19,8726,0,0,0,0,4
2020-08-03,US,South Dakota,Davison,88,0,0,43.67490933,-98.14458906,46035.0,445.0063211125158,0.0,88,88,0,0,88,87,19790,0,0,0,0,1
2020-08-03,US,South Dakota,Day,21,0,0,45.367281,-97.60737498,46037.0,387.1681415929203,0.0,21,21,0,0,21,21,5505,0,0,0,0,0
2020-08-03,US,South Dakota,Deuel,8,0,0,44.75994309,-96.66943645,46039.0,183.8657779820731,0.0,8,8,0,0,8,8,4337,0,0,0,0,0
2020-08-03,US,South Dakota,Dewey,61,0,0,45.15639647,-100.8709139,46041.0,1035.3021045485405,0.0,61,59,0,0,59,59,5904,2,0,0,2,0
2020-08-03,US,South Dakota,Douglas,16,0,0,43.38520741,-98.36978007,46043.0,547.757617254365,0.0,16,16,0,0,16,16,2935,0,0,0,0,0
2020-08-03,US,South Dakota,Edmunds,13,0,0,45.41846445,-99.21545423,46045.0,339.5142334813267,0.0,13,13,0,0,13,13,3875,0,0,0,0,0
2020-08-03,US,South Dakota,Fall River,16,0,0,43.23929297,-103.5275691,46047.0,238.3435125875168,0.0,16,16,0,0,16,15,6758,0,0,0,0,1
2020-08-03,US,South Dakota,Faulk,26,1,0,45.07082625,-99.14535601,46049.0,1130.9264897781645,3.8461538461538463,25,26,1,0,25,26,2330,0,0,0,0,0
2020-08-03,US,South Dakota,Grant,23,0,0,45.1723937,-96.77002276,46051.0,326.1486103233125,0.0,23,23,0,0,23,19,7147,0,0,0,0,4
2020-08-03,US,South Dakota,Gregory,7,0,0,43.19419064,-99.18883902,46053.0,167.26403823178018,0.0,7,7,0,0,7,7,4212,0,0,0,0,0
2020-08-03,US,South Dakota,Haakon,2,0,0,44.29299053,-101.539099,46055.0,105.318588730911,0.0,2,2,0,0,2,2,1918,0,0,0,0,0
2020-08-03,US,South Dakota,Hamlin,14,0,0,44.67385954,-97.18829593,46057.0,227.125243348475,0.0,14,14,0,0,14,14,6111,0,0,0,0,0
2020-08-03,US,South Dakota,Hand,7,0,0,44.54708407,-99.00386459,46059.0,219.36696960200558,0.0,7,7,0,0,7,7,3262,0,0,0,0,0
2020-08-03,US,South Dakota,Hanson,21,0,0,43.6746384,-97.78715148,46061.0,608.1668114682883,0.0,21,21,0,0,21,20,3376,0,0,0,0,1
2020-08-03,US,South Dakota,Hughes,84,2,0,44.39091534,-99.99661148,46065.0,479.2879150975693,2.380952380952381,82,84,2,0,82,83,17650,0,0,0,0,1
2020-08-03,US,South Dakota,Hutchinson,27,0,0,43.33449012,-97.75536441,46067.0,370.3195720751612,0.0,27,26,0,0,26,26,7380,1,0,0,1,0
2020-08-03,US,South Dakota,Hyde,3,0,0,44.54747703,-99.48572582,46069.0,230.59185242121444,0.0,3,3,0,0,3,3,1282,0,0,0,0,0
2020-08-03,US,South Dakota,Jackson,10,1,0,43.69318385,-101.6255063,46071.0,299.0430622009568,10.0,9,9,1,0,8,8,3307,1,0,0,1,1
2020-08-03,US,South Dakota,Jerauld,40,1,0,44.06637798,-98.62965972,46073.0,1987.083954297069,2.5,39,40,1,0,39,39,2043,0,0,0,0,1
2020-08-03,US,South Dakota,Jones,2,0,0,43.96278565,-100.6940008,46075.0,221.4839424141749,0.0,2,2,0,0,2,2,928,0,0,0,0,0
2020-08-03,US,South Dakota,Kingsbury,14,0,0,44.36956169,-97.4913945,46077.0,283.4581899169873,0.0,14,12,0,0,12,12,4919,2,0,0,2,0
2020-08-03,US,South Dakota,Lake,84,2,0,44.02193107,-97.12926365,46079.0,656.4038446510901,2.380952380952381,82,81,2,0,79,79,13057,3,0,0,3,2
2020-08-03,US,South Dakota,Lawrence,32,0,0,44.35919441,-103.79294279999999,46081.0,123.81984212970129,0.0,32,30,0,0,30,27,25741,2,0,0,2,3
2020-08-03,US,South Dakota,Lincoln,579,2,0,43.27841182,-96.72039050000001,46083.0,947.192775814684,0.3454231433506045,577,571,2,0,569,561,58807,8,0,0,8,10
2020-08-03,US,South Dakota,Lyman,88,2,0,43.89522709,-99.85201878,46085.0,2327.4266067178,2.272727272727273,86,88,2,0,86,88,3821,0,0,0,0,0
2020-08-03,US,South Dakota,Marshall,8,0,0,45.75870838,-97.59855639,46091.0,162.10739614994938,0.0,8,8,0,0,8,8,5112,0,0,0,0,0
2020-08-03,US,South Dakota,McCook,24,1,0,43.6742571,-97.36863144,46087.0,429.6455424274973,4.166666666666667,23,24,1,0,23,24,5546,0,0,0,0,0
2020-08-03,US,South Dakota,McPherson,7,0,0,45.76626028,-99.22118798,46089.0,294.24127784783525,0.0,7,6,0,0,6,6,2407,1,0,0,1,0
2020-08-03,US,South Dakota,Meade,76,1,0,44.56676791,-102.71627409999999,46093.0,268.24791754906107,1.3157894736842106,75,74,1,0,73,71,28294,2,0,0,2,3
2020-08-03,US,South Dakota,Mellette,24,0,0,43.58078848,-100.7563186,46095.0,1164.4832605531294,0.0,24,24,0,0,24,24,2042,0,0,0,0,0
2020-08-03,US,South Dakota,Miner,15,0,0,44.02197882,-97.60992207,46097.0,676.8953068592058,0.0,15,15,0,0,15,14,2213,0,0,0,0,1
2020-08-03,US,South Dakota,Minnehaha,4233,64,0,43.67441641,-96.7910885,46099.0,2191.742520736898,1.5119300732341132,4169,4223,64,0,4159,4189,192876,10,0,0,10,34
2020-08-03,US,South Dakota,Moody,30,0,0,44.02266214,-96.67081159,46101.0,456.2043795620438,0.0,30,30,0,0,30,30,6579,0,0,0,0,0
2020-08-03,US,South Dakota,Oglala Lakota,149,1,0,43.33749164,-102.55554980000001,46102.0,1050.9980955068067,0.6711409395973155,148,148,1,0,147,146,14309,1,0,0,1,2
2020-08-03,US,South Dakota,Pennington,845,29,0,44.0025835,-102.8240777,46103.0,742.6939134256207,3.4319526627218937,816,826,29,0,797,818,111729,19,0,0,19,8
2020-08-03,US,South Dakota,Perkins,6,0,0,45.49049506,-102.47555859999999,46105.0,209.42408376963348,0.0,6,6,0,0,6,6,2922,0,0,0,0,0
2020-08-03,US,South Dakota,Potter,1,0,0,45.06583079,-99.95498503,46107.0,46.44681839294008,0.0,1,1,0,0,1,1,2207,0,0,0,0,0
2020-08-03,US,South Dakota,Roberts,70,1,0,45.62975048,-96.94672673,46109.0,673.4654608427941,1.4285714285714286,69,70,1,0,69,70,10447,0,0,0,0,0
2020-08-03,US,South Dakota,Sanborn,13,0,0,44.02351092,-98.09098159999999,46111.0,554.6075085324234,0.0,13,13,0,0,13,13,2429,0,0,0,0,0
2020-08-03,US,South Dakota,Spink,21,0,0,44.93837606,-98.34626602,46115.0,329.36010037641154,0.0,21,20,0,0,20,19,6495,1,0,0,1,1
2020-08-03,US,South Dakota,Stanley,14,0,0,44.41381872,-100.7349153,46117.0,451.9044544867656,0.0,14,14,0,0,14,14,3022,0,0,0,0,0
2020-08-03,US,South Dakota,Sully,1,0,0,44.71571812,-100.1278092,46119.0,71.89072609633357,0.0,1,1,0,0,1,1,1392,0,0,0,0,0
2020-08-03,US,South Dakota,Todd,66,4,0,43.19338568,-100.71955030000001,46121.0,648.5211751989781,6.0606060606060606,62,66,4,0,62,66,10283,0,0,0,0,0
2020-08-03,US,South Dakota,Tripp,20,0,0,43.34459388,-99.8854891,46123.0,367.5794890645102,0.0,20,20,0,0,20,20,5478,0,0,0,0,0
2020-08-03,US,South Dakota,Turner,44,0,0,43.3109081,-97.14865776,46125.0,524.8091603053434,0.0,44,44,0,0,44,44,8424,0,0,0,0,0
2020-08-03,US,South Dakota,Union,199,4,0,42.83112163,-96.6557828,46127.0,1249.0584986191313,2.010050251256281,195,196,4,0,192,195,15619,3,0,0,3,1
2020-08-03,US,South Dakota,Walworth,18,0,0,45.43019636,-100.03075140000001,46129.0,331.1867525298988,0.0,18,18,0,0,18,18,5587,0,0,0,0,0
2020-08-03,US,South Dakota,Yankton,102,2,0,43.00924485,-97.39467635,46135.0,447.0938897168405,1.96078431372549,100,102,2,0,100,101,22869,0,0,0,0,1
2020-08-03,US,South Dakota,Ziebach,8,0,0,44.97881876,-101.6654622,46137.0,290.2757619738752,0.0,8,8,0,0,8,8,2742,0,0,0,0,0
2020-08-03,US,Tennessee,Anderson,607,5,0,36.12684348,-84.19965764,47001.0,788.5369845930006,0.8237232289950577,602,599,5,0,594,583,76482,8,0,0,8,16
2020-08-03,US,Tennessee,Bedford,871,10,0,35.51123746,-86.45549096,47003.0,1752.0568060668234,1.148105625717566,861,862,10,0,852,851,49038,9,0,0,9,11
2020-08-03,US,Tennessee,Benton,97,1,0,36.07110411,-88.06849355,47005.0,600.2475247524753,1.0309278350515465,96,92,1,0,91,91,16184,5,0,0,5,1
2020-08-03,US,Tennessee,Bledsoe,672,1,0,35.59942968,-85.20611967,47007.0,4460.966542750929,0.1488095238095238,671,668,1,0,667,661,14755,4,0,0,4,7
2020-08-03,US,Tennessee,Blount,1120,7,0,35.68938198,-83.92847788,47009.0,841.5484491464294,0.625,1113,1098,7,0,1091,1089,131349,22,0,0,22,9
2020-08-03,US,Tennessee,Bradley,1713,10,0,35.15739424,-84.857186,47011.0,1584.4972712977524,0.5837711617046117,1703,1705,10,0,1695,1681,106727,8,0,0,8,24
2020-08-03,US,Tennessee,Campbell,213,1,0,36.40355516,-84.15108559999999,47013.0,534.6117162793032,0.4694835680751174,212,207,1,0,206,203,39583,6,0,0,6,4
2020-08-03,US,Tennessee,Cannon,118,0,0,35.80990797,-86.05738983,47015.0,803.924240359722,0.0,118,117,0,0,117,115,14462,1,0,0,1,2
2020-08-03,US,Tennessee,Carroll,228,3,0,35.97366108,-88.45189331,47017.0,821.1185940144777,1.3157894736842106,225,226,3,0,223,216,28020,2,0,0,2,10
2020-08-03,US,Tennessee,Carter,427,5,0,36.28969086,-82.12588974,47019.0,757.2130304481212,1.17096018735363,422,424,5,0,419,407,56351,3,0,0,3,17
2020-08-03,US,Tennessee,Cheatham,548,5,0,36.26136216,-87.08903581,47021.0,1347.5299382791945,0.9124087591240876,543,544,5,0,539,533,40439,4,0,0,4,11
2020-08-03,US,Tennessee,Chester,193,2,0,35.42527478,-88.6095842,47023.0,1115.8004278198532,1.0362694300518134,191,192,1,0,191,190,17276,1,1,0,0,2
2020-08-03,US,Tennessee,Claiborne,221,0,0,36.48319149,-83.65947309,47025.0,691.5109984667856,0.0,221,212,0,0,212,210,31756,9,0,0,9,2
2020-08-03,US,Tennessee,Clay,61,0,0,36.55151008,-85.53930419,47027.0,801.0505581089955,0.0,61,62,0,0,62,61,7717,-1,0,0,-1,1
2020-08-03,US,Tennessee,Cocke,400,1,0,35.9278914,-83.11828725,47029.0,1110.9876680368848,0.25,399,391,1,0,390,385,35774,9,0,0,9,6
2020-08-03,US,Tennessee,Coffee,417,2,0,35.49090731,-86.07311784,47031.0,737.791932059448,0.4796163069544365,415,411,2,0,409,395,55700,6,0,0,6,16
2020-08-03,US,Tennessee,Crockett,226,3,0,35.81830662,-89.14916269,47033.0,1588.1939564300776,1.327433628318584,223,223,3,0,220,220,14328,3,0,0,3,3
2020-08-03,US,Tennessee,Cumberland,379,6,0,35.95271721,-84.99840585,47035.0,626.2392597488432,1.5831134564643798,373,375,6,0,369,374,59673,4,0,0,4,1
2020-08-03,US,Tennessee,Davidson,19400,202,0,36.17007426,-86.78646056,47037.0,2794.8091462290245,1.0412371134020622,19198,19320,199,0,19121,19176,692587,80,3,0,77,144
2020-08-03,US,Tennessee,DeKalb,305,1,0,35.97616272,-85.83689361,47041.0,1488.5309907271842,0.3278688524590164,304,304,1,0,303,303,20138,1,0,0,1,1
2020-08-03,US,Tennessee,Decatur,161,2,0,35.60048904,-88.11043779,47039.0,1380.433850638772,1.2422360248447204,159,159,1,0,158,159,11706,2,1,0,1,0
2020-08-03,US,Tennessee,Dickson,595,1,0,36.14669837,-87.35891709,47043.0,1102.9139171053607,0.16806722689075632,594,587,1,0,586,580,53446,8,0,0,8,7
2020-08-03,US,Tennessee,Dyer,555,7,0,36.05931946,-89.41542855,47045.0,1493.5816356737264,1.2612612612612613,548,542,7,0,535,534,37320,13,0,0,13,8
2020-08-03,US,Tennessee,Fayette,620,8,0,35.19615831,-89.41399032,47047.0,1507.305569737194,1.2903225806451613,612,617,8,0,609,616,40507,3,0,0,3,1
2020-08-03,US,Tennessee,Fentress,74,0,0,36.38128818,-84.92870012,47049.0,399.5033201965125,0.0,74,74,0,0,74,73,18217,0,0,0,0,1
2020-08-03,US,Tennessee,Franklin,286,4,0,35.15634626,-86.09201039,47051.0,677.5966641394996,1.3986013986013983,282,285,4,0,281,271,41890,1,0,0,1,14
2020-08-03,US,Tennessee,Gibson,567,2,0,35.99438059,-88.93358327,47053.0,1154.0105428123666,0.3527336860670194,565,558,2,0,556,550,49045,9,0,0,9,8
2020-08-03,US,Tennessee,Giles,351,9,0,35.20222469,-87.03992678,47055.0,1191.2842791202825,2.5641025641025643,342,344,9,0,335,334,29503,7,0,0,7,10
2020-08-03,US,Tennessee,Grainger,169,0,0,36.27469206,-83.51254721,47057.0,724.6998284734134,0.0,169,168,0,0,168,164,23145,1,0,0,1,4
2020-08-03,US,Tennessee,Greene,371,5,0,36.17470125,-82.84691273,47059.0,537.1440154048851,1.3477088948787062,366,369,5,0,364,362,69087,2,0,0,2,7
2020-08-03,US,Tennessee,Grundy,101,2,0,35.38433717,-85.72142731,47061.0,752.2156848141803,1.98019801980198,99,101,2,0,99,98,13346,0,0,0,0,3
2020-08-03,US,Tennessee,Hamblen,1229,13,0,36.21990035,-83.26586179,47063.0,1892.6910401330576,1.0577705451586656,1216,1217,13,0,1204,1208,64569,12,0,0,12,9
2020-08-03,US,Tennessee,Hamilton,5661,47,0,35.17670231,-85.16652245,47065.0,1539.1349740622722,0.830242006712595,5614,5621,47,0,5574,5549,364286,40,0,0,40,72
2020-08-03,US,Tennessee,Hancock,76,1,0,36.52692871,-83.22375847,47067.0,1148.036253776435,1.3157894736842106,75,74,1,0,73,72,6549,2,0,0,2,2
2020-08-03,US,Tennessee,Hardeman,801,11,0,35.20772017,-88.99161161,47069.0,3197.604790419162,1.373283395755306,790,794,11,0,783,787,25220,7,0,0,7,7
2020-08-03,US,Tennessee,Hardin,401,7,0,35.19732531,-88.18593755,47071.0,1563.2309371588958,1.745635910224439,394,398,7,0,391,394,25776,3,0,0,3,4
2020-08-03,US,Tennessee,Hawkins,362,4,0,36.44355426,-82.94885298,47073.0,637.4810692776389,1.1049723756906078,358,324,4,0,320,304,56530,38,0,0,38,20
2020-08-03,US,Tennessee,Haywood,374,5,0,35.58332824,-89.28536625,47075.0,2161.3499768839574,1.3368983957219251,369,369,5,0,364,366,17335,5,0,0,5,3
2020-08-03,US,Tennessee,Henderson,431,0,0,35.65581134,-88.38600175,47077.0,1532.8804637763626,0.0,431,426,0,0,426,423,27847,5,0,0,5,3
2020-08-03,US,Tennessee,Henry,216,0,0,36.33160906,-88.30121797,47079.0,667.800278250116,0.0,216,211,0,0,211,205,32358,5,0,0,5,6
2020-08-03,US,Tennessee,Hickman,231,0,0,35.80609681,-87.47643507,47081.0,917.4676304710464,0.0,231,226,0,0,226,218,25063,5,0,0,5,8
2020-08-03,US,Tennessee,Houston,55,0,0,36.28872054,-87.71878828,47083.0,670.649920741373,0.0,55,55,0,0,55,54,8263,0,0,0,0,1
2020-08-03,US,Tennessee,Humphreys,105,3,0,36.03958805,-87.77992872,47085.0,565.0629641588636,2.8571428571428568,102,101,3,0,98,100,18486,4,0,0,4,1
2020-08-03,US,Tennessee,Jackson,106,1,0,36.36380466,-85.67239905,47087.0,899.3721364330562,0.9433962264150944,105,107,1,0,106,105,11758,-1,0,0,-1,2
2020-08-03,US,Tennessee,Jefferson,496,2,0,36.04818632,-83.45148924,47089.0,910.175245435361,0.4032258064516129,494,489,2,0,487,480,54012,7,0,0,7,9
2020-08-03,US,Tennessee,Johnson,172,0,0,36.45523950000001,-81.84886538,47091.0,966.9440071958625,0.0,172,160,0,0,160,141,17778,12,0,0,12,19
2020-08-03,US,Tennessee,Knox,4032,36,0,35.99508821,-83.94635435,47093.0,857.3014141646097,0.8928571428571429,3996,3926,34,0,3892,3848,465289,106,2,0,104,78
2020-08-03,US,Tennessee,Lake,749,0,0,36.34180170000001,-89.48921915,47095.0,10675.598631698973,0.0,749,744,0,0,744,740,7411,5,0,0,5,4
2020-08-03,US,Tennessee,Lauderdale,423,6,0,35.75893438,-89.63015909999999,47097.0,1650.216517770062,1.4184397163120568,417,421,6,0,415,420,25825,2,0,0,2,1
2020-08-03,US,Tennessee,Lawrence,478,6,0,35.21675201,-87.39787695,47099.0,1082.8689230211592,1.2552301255230125,472,474,6,0,468,458,43734,4,0,0,4,16
2020-08-03,US,Tennessee,Lewis,56,1,0,35.52853208,-87.49022694,47101.0,456.4721225953701,1.7857142857142858,55,56,1,0,55,51,12086,0,0,0,0,5
2020-08-03,US,Tennessee,Lincoln,254,1,0,35.13738622,-86.58910106,47103.0,739.1026014083686,0.3937007874015748,253,251,1,0,250,250,34117,3,0,0,3,1
2020-08-03,US,Tennessee,Loudon,653,3,0,35.73939663,-84.31145275,47105.0,1207.7384034918996,0.4594180704441042,650,649,3,0,646,643,53054,4,0,0,4,6
2020-08-03,US,Tennessee,Macon,832,13,0,36.53157855,-86.00778595,47111.0,3381.8388748882203,1.5625,819,834,13,0,821,834,24265,-2,0,0,-2,0
2020-08-03,US,Tennessee,Madison,912,13,0,35.61181957,-88.84076036,47113.0,930.764206401045,1.4254385964912282,899,889,12,0,877,863,97605,23,1,0,22,26
2020-08-03,US,Tennessee,Marion,205,4,0,35.12997174,-85.62265895,47115.0,709.1707890822294,1.951219512195122,201,206,4,0,202,199,28575,-1,0,0,-1,7
2020-08-03,US,Tennessee,Marshall,265,2,0,35.45798777,-86.76420988,47117.0,770.9090909090909,0.7547169811320755,263,263,2,0,261,261,33683,2,0,0,2,2
2020-08-03,US,Tennessee,Maury,1081,5,0,35.618741299999996,-87.07462444,47119.0,1121.5205370018778,0.4625346901017576,1076,1066,5,0,1061,1050,94340,15,0,0,15,16
2020-08-03,US,Tennessee,McMinn,489,20,0,35.42812616,-84.61520715,47107.0,909.0233111499423,4.08997955010225,469,479,20,0,459,472,53285,10,0,0,10,7
2020-08-03,US,Tennessee,McNairy,316,5,0,35.17468549,-88.5647812,47109.0,1229.859111076516,1.5822784810126582,311,310,5,0,305,309,25832,6,0,0,6,1
2020-08-03,US,Tennessee,Meigs,98,0,0,35.51558739,-84.81482914,47121.0,788.9228787634842,0.0,98,96,0,0,96,96,12306,2,0,0,2,0
2020-08-03,US,Tennessee,Monroe,366,9,0,35.44550387,-84.24902965,47123.0,786.3358040605865,2.459016393442623,357,356,9,0,347,352,46357,10,0,0,10,4
2020-08-03,US,Tennessee,Montgomery,1734,11,0,36.49609412,-87.38550661,47125.0,829.6928605264293,0.6343713956170703,1723,1711,11,0,1700,1677,205950,23,0,0,23,34
2020-08-03,US,Tennessee,Moore,45,0,0,35.27724699,-86.36230578,47127.0,693.5881627620222,0.0,45,42,0,0,42,43,6411,3,0,0,3,-1
2020-08-03,US,Tennessee,Morgan,82,1,0,36.13248031,-84.64880098,47129.0,383.1238611409616,1.2195121951219512,81,79,1,0,78,76,21579,3,0,0,3,3
2020-08-03,US,Tennessee,Obion,435,4,0,36.35732446,-89.14921589,47131.0,1446.6726528983338,0.9195402298850576,431,427,4,0,423,419,30267,8,0,0,8,8
2020-08-03,US,Tennessee,Out of TN,2783,14,0,0.0,0.0,80047.0,0.0,0.5030542579949695,2769,2823,12,0,2811,2729,,-40,2,0,-42,94
2020-08-03,US,Tennessee,Overton,134,1,0,36.34117832,-85.28989535,47133.0,602.4908951935614,0.746268656716418,133,134,1,0,133,134,22068,0,0,0,0,0
2020-08-03,US,Tennessee,Perry,74,0,0,35.63708728,-87.86139634,47135.0,916.2951956414064,0.0,74,74,0,0,74,73,8064,0,0,0,0,1
2020-08-03,US,Tennessee,Pickett,22,1,0,36.55606529,-85.07763299999998,47137.0,435.8161648177496,4.545454545454546,21,22,1,0,21,22,5082,0,0,0,0,0
2020-08-03,US,Tennessee,Polk,165,1,0,35.12245443,-84.52075859,47139.0,980.2756653992396,0.6060606060606061,164,166,1,0,165,157,16898,-1,0,0,-1,9
2020-08-03,US,Tennessee,Putnam,1544,13,0,36.14005459,-85.50646123,47141.0,1924.1074210231168,0.8419689119170984,1531,1547,13,0,1534,1543,78843,-3,0,0,-3,4
2020-08-03,US,Tennessee,Rhea,502,1,0,35.60536161,-84.93076643,47143.0,1513.5526276117828,0.199203187250996,501,497,1,0,496,491,33044,5,0,0,5,6
2020-08-03,US,Tennessee,Roane,364,2,0,35.84923189,-84.52458689,47145.0,681.8777865198007,0.5494505494505495,362,356,1,0,355,347,53140,8,1,0,7,9
2020-08-03,US,Tennessee,Robertson,1450,17,0,36.52454807,-86.87346725,47147.0,2019.1330260537784,1.1724137931034482,1433,1432,16,0,1416,1417,71012,18,1,0,17,15
2020-08-03,US,Tennessee,Rutherford,6072,53,0,35.84591405,-86.4107263,47149.0,1827.3470063349234,0.8728590250329381,6019,6042,51,0,5991,5999,324890,30,2,0,28,43
2020-08-03,US,Tennessee,Scott,104,0,0,36.42325673,-84.50360494,47151.0,471.2706180895414,0.0,104,101,0,0,101,98,22039,3,0,0,3,3
2020-08-03,US,Tennessee,Sequatchie,94,0,0,35.36979721,-85.41022136,47153.0,625.5823239717822,0.0,94,94,0,0,94,94,14876,0,0,0,0,0
2020-08-03,US,Tennessee,Sevier,1713,5,0,35.78077323,-83.52244332,47155.0,1743.5114503816794,0.2918855808523059,1708,1702,5,0,1697,1679,97892,11,0,0,11,23
2020-08-03,US,Tennessee,Shelby,21492,288,0,35.1864775,-89.89692423,47157.0,2293.2970252868754,1.340033500837521,21204,21296,285,0,21011,21021,935764,196,3,0,193,275
2020-08-03,US,Tennessee,Smith,363,3,0,36.25359775,-85.95411046,47159.0,1800.863223694002,0.8264462809917356,360,361,3,0,358,360,19942,2,0,0,2,1
2020-08-03,US,Tennessee,Stewart,70,0,0,36.50235092,-87.83920548,47161.0,510.3900838497995,0.0,70,70,0,0,70,67,13561,0,0,0,0,3
2020-08-03,US,Tennessee,Sullivan,806,9,0,36.51240691,-82.30412917,47163.0,509.0054815974941,1.1166253101736974,797,780,9,0,771,758,157668,26,0,0,26,22
2020-08-03,US,Tennessee,Sumner,3178,70,0,36.46824103,-86.45917204,47165.0,1661.4126712776358,2.202643171806167,3108,3160,69,0,3091,3136,187149,18,1,0,17,24
2020-08-03,US,Tennessee,Tipton,1106,9,0,35.501942,-89.73694895,47167.0,1795.4836929170929,0.8137432188065099,1097,1104,9,0,1095,1094,61581,2,0,0,2,10
2020-08-03,US,Tennessee,Trousdale,1572,6,0,36.39026213,-86.16087954,47169.0,13931.230060262316,0.3816793893129771,1566,1572,6,0,1566,1572,11012,0,0,0,0,0
2020-08-03,US,Tennessee,Unassigned,2954,4,0,0.0,0.0,90047.0,0.0,0.13540961408259986,2950,2924,4,0,2920,2888,,30,0,0,30,36
2020-08-03,US,Tennessee,Unicoi,138,0,0,36.10890856,-82.43709629,47171.0,771.6826035900017,0.0,138,136,0,0,136,136,17761,2,0,0,2,0
2020-08-03,US,Tennessee,Union,120,0,0,36.28590426,-83.83651902,47173.0,600.8411776487081,0.0,120,118,0,0,118,114,19688,2,0,0,2,4
2020-08-03,US,Tennessee,Van Buren,33,0,0,35.69864497,-85.45221699,47175.0,561.9891008174386,0.0,33,32,0,0,32,32,5765,1,0,0,1,0
2020-08-03,US,Tennessee,Warren,403,4,0,35.672829899999996,-85.77969117,47177.0,976.3306441844127,0.9925558312655088,399,400,4,0,396,393,40878,3,0,0,3,7
2020-08-03,US,Tennessee,Washington,1066,2,0,36.29472368,-82.49454720000001,47179.0,823.9613526570047,0.18761726078799248,1064,1038,2,0,1036,993,128607,28,0,0,28,45
2020-08-03,US,Tennessee,Wayne,216,1,0,35.23868267,-87.78644456,47181.0,1295.507707071313,0.462962962962963,215,214,1,0,213,212,16558,2,0,0,2,2
2020-08-03,US,Tennessee,Weakley,276,3,0,36.29896232,-88.71990865,47183.0,828.132501200192,1.0869565217391304,273,260,3,0,257,251,33415,16,0,0,16,9
2020-08-03,US,Tennessee,White,194,3,0,35.92929884,-85.45591799,47185.0,709.4532821356737,1.5463917525773196,191,191,3,0,188,188,27107,3,0,0,3,3
2020-08-03,US,Tennessee,Williamson,3269,22,0,35.89099229,-86.89281867,47187.0,1371.155814304649,0.672988681553992,3247,3230,22,0,3208,3193,231729,39,0,0,39,37
2020-08-03,US,Tennessee,Wilson,2072,21,0,36.15496772,-86.29775884,47189.0,1432.3537747914029,1.0135135135135136,2051,2064,20,0,2044,2041,140625,8,1,0,7,23
2020-08-03,US,Texas,Anderson,2307,9,0,31.81534745,-95.65354823,48001.0,3995.8430761236687,0.3901170351105331,2298,2209,8,0,2201,2209,58057,98,1,0,97,0
2020-08-03,US,Texas,Andrews,267,6,0,32.30468633,-102.63765479999999,48003.0,1427.4258219727344,2.247191011235955,261,255,6,0,249,255,18128,12,0,0,12,0
2020-08-03,US,Texas,Angelina,1647,36,0,31.25457347,-94.60901487,48005.0,1899.3253762324853,2.1857923497267757,1611,1647,35,0,1612,1647,87092,0,1,0,-1,0
2020-08-03,US,Texas,Aransas,158,12,0,28.10556197,-96.9995047,48007.0,672.0544449170567,7.594936708860758,146,153,12,0,141,153,23792,5,0,0,5,0
2020-08-03,US,Texas,Archer,20,0,0,33.61569967,-98.68754589,48009.0,233.836080907284,0.0,20,20,0,0,20,20,8786,0,0,0,0,0
2020-08-03,US,Texas,Armstrong,8,0,0,34.96507426,-101.35748740000001,48011.0,423.9533651298357,0.0,8,8,0,0,8,8,1892,0,0,0,0,0
2020-08-03,US,Texas,Atascosa,405,15,0,28.89333001,-98.52730485,48013.0,791.7424197994252,3.703703703703704,390,405,15,0,390,405,50310,0,0,0,0,0
2020-08-03,US,Texas,Austin,213,3,0,29.88548725,-96.27736949,48015.0,709.24347362813,1.4084507042253518,210,213,3,0,210,213,29989,0,0,0,0,0
2020-08-03,US,Texas,Bailey,158,4,0,34.06854817,-102.8299707,48017.0,2257.142857142857,2.5316455696202533,154,158,4,0,154,158,7027,0,0,0,0,0
2020-08-03,US,Texas,Bandera,83,3,0,29.74619598,-99.24598147,48019.0,359.1208030460366,3.614457831325301,80,83,3,0,80,83,22824,0,0,0,0,0
2020-08-03,US,Texas,Bastrop,1296,18,0,30.10370699,-97.31206354,48021.0,1460.7260800468875,1.3888888888888888,1278,1296,18,0,1278,1296,86976,0,0,0,0,0
2020-08-03,US,Texas,Baylor,7,0,0,33.61640794,-99.21352901,48023.0,199.48703334283272,0.0,7,7,0,0,7,7,3582,0,0,0,0,0
2020-08-03,US,Texas,Bee,626,9,0,28.41761668,-97.74215593,48025.0,1922.3092276984487,1.437699680511182,617,511,9,0,502,511,32587,115,0,0,115,0
2020-08-03,US,Texas,Bell,3496,32,0,31.03736027,-97.4785025,48027.0,963.287079388522,0.9153318077803204,3464,3496,31,0,3465,3496,355642,0,1,0,-1,0
2020-08-03,US,Texas,Bexar,41138,622,0,29.44928723,-98.52019748,48029.0,2053.2513723114025,1.5119840536730031,40516,41082,611,0,40471,40803,1986049,56,11,0,45,279
2020-08-03,US,Texas,Blanco,98,4,0,30.26640707,-98.3999852,48031.0,821.3896571955411,4.081632653061225,94,98,4,0,94,98,11702,0,0,0,0,0
2020-08-03,US,Texas,Bosque,128,2,0,31.89978581,-97.63613524,48035.0,685.0414771206849,1.5625,126,125,2,0,123,125,18691,3,0,0,3,0
2020-08-03,US,Texas,Bowie,708,31,0,33.44626922,-94.41834132,48037.0,759.2900423615207,4.378531073446328,677,708,30,0,678,708,94324,0,1,0,-1,0
2020-08-03,US,Texas,Brazoria,6732,73,0,29.18757369,-95.44563172,48039.0,1798.7303080178697,1.0843731431966726,6659,6534,72,0,6462,6534,370200,198,1,0,197,0
2020-08-03,US,Texas,Brazos,3922,42,0,30.663644800000004,-96.30205577,48041.0,1711.0871642285929,1.0708822029576746,3880,3877,42,0,3835,3877,226758,45,0,0,45,0
2020-08-03,US,Texas,Brewster,184,2,0,29.81008251,-103.25203259999999,48043.0,1999.348038683038,1.0869565217391304,182,181,2,0,179,181,9267,3,0,0,3,0
2020-08-03,US,Texas,Briscoe,11,1,0,34.53026962,-101.2084947,48045.0,711.5135834411383,9.090909090909092,10,11,1,0,10,11,1516,0,0,0,0,0
2020-08-03,US,Texas,Brooks,87,1,0,27.03103197,-98.21808402,48047.0,1226.5613985619625,1.1494252873563218,86,85,1,0,84,85,7114,2,0,0,2,0
2020-08-03,US,Texas,Brown,351,14,0,31.77430356,-98.99907113,48049.0,927.001901542362,3.988603988603989,337,351,14,0,337,351,37924,0,0,0,0,0
2020-08-03,US,Texas,Burleson,231,5,0,30.49273808,-96.62158484,48051.0,1252.5077265087025,2.1645021645021645,226,231,5,0,226,231,18389,0,0,0,0,0
2020-08-03,US,Texas,Burnet,542,7,0,30.78801353,-98.181887,48053.0,1125.5321358114422,1.2915129151291511,535,542,7,0,535,542,47542,0,0,0,0,0
2020-08-03,US,Texas,Caldwell,1071,23,0,29.83668859,-97.61814775,48055.0,2452.821546353976,2.1475256769374416,1048,1070,23,0,1047,1070,43247,1,0,0,1,0
2020-08-03,US,Texas,Calhoun,453,3,0,28.47048236,-96.61633945,48057.0,2127.7595115077497,0.6622516556291391,450,453,3,0,450,453,21561,0,0,0,0,0
2020-08-03,US,Texas,Callahan,41,3,0,32.29760619,-99.37326312,48059.0,294.05436419708815,7.317073170731707,38,41,3,0,38,41,13994,0,0,0,0,0
2020-08-03,US,Texas,Cameron,13516,368,0,26.14524221,-97.48140372,48061.0,3194.041066917476,2.7226990233796986,13148,10971,346,0,10625,10971,423908,2545,22,0,2523,0
2020-08-03,US,Texas,Camp,218,4,0,32.97195142,-94.97790104,48063.0,1664.8846800061096,1.834862385321101,214,214,4,0,210,214,13033,4,0,0,4,0
2020-08-03,US,Texas,Carson,13,0,0,35.40365929,-101.35426690000001,48065.0,219.37225784677693,0.0,13,13,0,0,13,13,6005,0,0,0,0,0
2020-08-03,US,Texas,Cass,153,7,0,33.07499881,-94.34646905,48067.0,509.558382734963,4.575163398692809,146,153,7,0,146,153,30119,0,0,0,0,0
2020-08-03,US,Texas,Castro,170,3,0,34.53016752,-102.2617243,48069.0,2257.636122177955,1.7647058823529411,167,170,3,0,167,170,7665,0,0,0,0,0
2020-08-03,US,Texas,Chambers,894,2,0,29.70972016,-94.67154501,48071.0,2039.3731322855122,0.22371364653243847,892,887,2,0,885,887,42454,7,0,0,7,0
2020-08-03,US,Texas,Cherokee,783,4,0,31.837258000000002,-95.16559897,48073.0,1487.2924818599704,0.5108556832694764,779,783,4,0,779,783,52592,0,0,0,0,0
2020-08-03,US,Texas,Childress,34,0,0,34.529304100000004,-100.2077916,48075.0,465.37092800438006,0.0,34,34,0,0,34,34,7291,0,0,0,0,0
2020-08-03,US,Texas,Clay,34,1,0,33.78686685,-98.20771198,48077.0,324.7063317734696,2.9411764705882355,33,34,1,0,33,34,10456,0,0,0,0,0
2020-08-03,US,Texas,Cochran,21,0,0,33.60425307,-102.82844990000001,48079.0,736.0672975814932,0.0,21,21,0,0,21,21,2836,0,0,0,0,0
2020-08-03,US,Texas,Coke,39,1,0,31.88911733,-100.5297533,48081.0,1151.4614703277236,2.5641025641025643,38,39,1,0,38,39,3370,0,0,0,0,0
2020-08-03,US,Texas,Coleman,11,0,0,31.76736834,-99.45240766,48083.0,134.5565749235474,0.0,11,11,0,0,11,11,8397,0,0,0,0,0
2020-08-03,US,Texas,Collin,6403,72,0,33.18820114,-96.57264368,48085.0,618.8087713703093,1.1244729033265657,6331,6353,72,0,6281,6353,1005146,50,0,0,50,0
2020-08-03,US,Texas,Collingsworth,7,0,0,34.96489496,-100.27001109999999,48087.0,239.72602739726028,0.0,7,7,0,0,7,7,2962,0,0,0,0,0
2020-08-03,US,Texas,Colorado,246,2,0,29.622097999999998,-96.5273805,48089.0,1144.5586935281253,0.8130081300813008,244,242,2,0,240,242,21217,4,0,0,4,0
2020-08-03,US,Texas,Comal,1679,63,0,29.80811278,-98.27647225,48091.0,1074.8420385509157,3.752233472304944,1616,1669,61,0,1608,1669,148373,10,2,0,8,0
2020-08-03,US,Texas,Comanche,230,3,0,31.94854689,-98.55876441,48093.0,1686.8353502016867,1.3043478260869563,227,230,3,0,227,230,13534,0,0,0,0,0
2020-08-03,US,Texas,Concho,26,1,0,31.32635934,-99.86473038,48095.0,953.7784299339693,3.8461538461538463,25,26,1,0,25,26,4276,0,0,0,0,0
2020-08-03,US,Texas,Cooke,200,3,0,33.63979567,-97.21240912,48097.0,484.76622148968664,1.5,197,200,2,0,198,200,40574,0,1,0,-1,0
2020-08-03,US,Texas,Coryell,614,5,0,31.39078397,-97.79936155,48099.0,808.4159523903569,0.8143322475570033,609,612,5,0,607,612,74808,2,0,0,2,0
2020-08-03,US,Texas,Cottle,14,2,0,34.07783319,-100.27850620000001,48101.0,1001.4306151645208,14.285714285714285,12,14,2,0,12,14,1389,0,0,0,0,0
2020-08-03,US,Texas,Crane,75,2,0,31.43052248,-102.5143314,48103.0,1563.4771732332708,2.6666666666666665,73,75,2,0,73,75,4794,0,0,0,0,0
2020-08-03,US,Texas,Crockett,154,3,0,30.72367027,-101.4134238,48105.0,4445.7274826789835,1.9480519480519483,151,153,3,0,150,153,3499,1,0,0,1,0
2020-08-03,US,Texas,Crosby,52,1,0,33.61431553,-101.30003640000001,48107.0,906.3970716402299,1.9230769230769231,51,52,1,0,51,52,5779,0,0,0,0,0
2020-08-03,US,Texas,Culberson,15,2,0,31.44506775,-104.5185739,48109.0,690.9258406264395,13.333333333333336,13,15,2,0,13,15,2204,0,0,0,0,0
2020-08-03,US,Texas,Dallam,179,5,0,36.27787176,-102.60207249999999,48111.0,2456.4292575819954,2.793296089385475,174,179,5,0,174,179,7200,0,0,0,0,0
2020-08-03,US,Texas,Dallas,51490,691,0,32.76670599,-96.77796049999999,48113.0,1953.697112823447,1.3420081569236746,50799,51108,688,0,50420,50590,2637772,382,3,0,379,518
2020-08-03,US,Texas,Dawson,137,4,0,32.74255572,-101.94772420000001,48115.0,1076.3670647391575,2.9197080291970803,133,137,4,0,133,137,12619,0,0,0,0,0
2020-08-03,US,Texas,DeWitt,531,15,0,29.08101855,-97.35681170000001,48123.0,2633.928571428572,2.824858757062147,516,531,15,0,516,531,20187,0,0,0,0,0
2020-08-03,US,Texas,Deaf Smith,597,17,0,34.96522957,-102.6054267,48117.0,3219.0229699126508,2.847571189279732,580,597,17,0,580,597,18760,0,0,0,0,0
2020-08-03,US,Texas,Delta,16,0,0,33.38570922,-95.66921122,48119.0,300.13130744700806,0.0,16,14,0,0,14,14,5349,2,0,0,2,0
2020-08-03,US,Texas,Denton,6938,75,0,33.20521901,-97.11691153,48121.0,782.0046505494208,1.0810031709426349,6863,6803,74,0,6729,6803,859064,135,1,0,134,0
2020-08-03,US,Texas,Dickens,4,1,0,33.61616822,-100.7788855,48125.0,180.91361374943463,25.0,3,4,1,0,3,4,2249,0,0,0,0,0
2020-08-03,US,Texas,Dimmit,124,1,0,28.42270064,-99.75645095,48127.0,1224.8123271434215,0.8064516129032258,123,124,1,0,123,124,10308,0,0,0,0,0
2020-08-03,US,Texas,Donley,43,0,0,34.96517499,-100.8140093,48129.0,1311.7754728492982,0.0,43,43,0,0,43,43,3319,0,0,0,0,0
2020-08-03,US,Texas,Duval,152,3,0,27.68184592,-98.50864568,48131.0,1362.37339786681,1.973684210526316,149,150,3,0,147,150,11212,2,0,0,2,0
2020-08-03,US,Texas,Eastland,51,1,0,32.32743996,-98.83243566,48133.0,277.77777777777777,1.96078431372549,50,51,1,0,50,51,18322,0,0,0,0,0
2020-08-03,US,Texas,Ector,3287,49,0,31.86898877,-102.54294279999999,48135.0,1977.4640091924705,1.4907210222087008,3238,3287,49,0,3238,3287,162124,0,0,0,0,0
2020-08-03,US,Texas,Edwards,24,0,0,29.98202582,-100.304252,48137.0,1242.2360248447205,0.0,24,24,0,0,24,24,1928,0,0,0,0,0
2020-08-03,US,Texas,El Paso,14914,251,0,31.76980765,-106.23632749999999,48141.0,1777.088263400847,1.6829824326136515,14663,14410,248,0,14162,14410,840758,504,3,0,501,0
2020-08-03,US,Texas,Ellis,2472,34,0,32.34894117,-96.79371841,48139.0,1337.4741648902213,1.3754045307443366,2438,2472,34,0,2438,2472,179436,0,0,0,0,0
2020-08-03,US,Texas,Erath,462,5,0,32.23602653,-98.21773417,48143.0,1082.0178931097475,1.0822510822510822,457,462,5,0,457,462,42446,0,0,0,0,0
2020-08-03,US,Texas,Falls,110,2,0,31.25350609,-96.93630086,48145.0,635.9484303636468,1.818181818181818,108,110,2,0,108,110,17335,0,0,0,0,0
2020-08-03,US,Texas,Fannin,214,8,0,33.59564294,-96.10751083,48147.0,602.5792645154024,3.7383177570093458,206,214,8,0,206,214,35286,0,0,0,0,0
2020-08-03,US,Texas,Fayette,367,13,0,29.87788372,-96.92076062,48149.0,1447.9602304111102,3.5422343324250685,354,367,13,0,354,367,25349,0,0,0,0,0
2020-08-03,US,Texas,Fisher,24,1,0,32.74281316,-100.40193020000001,48151.0,626.6318537859007,4.166666666666667,23,24,1,0,23,24,3839,0,0,0,0,0
2020-08-03,US,Texas,Floyd,83,5,0,34.07227468,-101.3031546,48153.0,1453.081232492997,6.024096385542169,78,83,5,0,78,83,5837,0,0,0,0,0
2020-08-03,US,Texas,Foard,2,0,0,33.97308618,-99.7767797,48155.0,173.16017316017312,0.0,2,2,0,0,2,2,1200,0,0,0,0,0
2020-08-03,US,Texas,Fort Bend,7191,146,0,29.52704478,-95.77219463,48157.0,885.9315401977115,2.0303156723682383,7045,7082,145,0,6937,7082,787858,109,1,0,108,0
2020-08-03,US,Texas,Franklin,84,1,0,33.17653242,-95.21917243,48159.0,783.2167832167833,1.1904761904761905,83,84,1,0,83,84,10766,0,0,0,0,0
2020-08-03,US,Texas,Freestone,139,0,0,31.70422788,-96.15072516,48161.0,704.9754019374144,0.0,139,138,0,0,138,138,19808,1,0,0,1,0
2020-08-03,US,Texas,Frio,475,5,0,28.86751206,-99.10804207,48163.0,2339.210085688959,1.0526315789473684,470,475,5,0,470,475,19816,0,0,0,0,0
2020-08-03,US,Texas,Gaines,132,0,0,32.74055318,-102.6353295,48165.0,614.1820212171971,0.0,132,132,0,0,132,132,20901,0,0,0,0,0
2020-08-03,US,Texas,Galveston,8825,103,0,29.40167322,-94.90469073,48167.0,2579.3610199363416,1.1671388101983002,8722,8721,97,0,8624,8721,337890,104,6,0,98,0
2020-08-03,US,Texas,Garza,97,2,0,33.17969345,-101.2984114,48169.0,1557.2323005297799,2.061855670103093,95,97,2,0,95,97,6578,0,0,0,0,0
2020-08-03,US,Texas,Gillespie,171,4,0,30.31824095,-98.94676915,48171.0,633.6149399733215,2.3391812865497075,167,171,4,0,167,171,26804,0,0,0,0,0
2020-08-03,US,Texas,Glasscock,6,0,0,31.86942909,-101.5207776,48173.0,425.83392476934,0.0,6,6,0,0,6,6,1388,0,0,0,0,0
2020-08-03,US,Texas,Goliad,77,3,0,28.65696592,-97.42760647,48175.0,1005.4844606946983,3.8961038961038965,74,77,3,0,74,77,7584,0,0,0,0,0
2020-08-03,US,Texas,Gonzales,617,7,0,29.45634206,-97.49424032,48177.0,2961.078850122379,1.1345218800648298,610,617,7,0,610,617,20826,0,0,0,0,0
2020-08-03,US,Texas,Gray,183,2,0,35.40081878,-100.8129222,48179.0,836.1509640866307,1.0928961748633879,181,183,2,0,181,183,21895,0,0,0,0,0
2020-08-03,US,Texas,Grayson,1025,11,0,33.62744998,-96.67753461,48181.0,752.5034505036267,1.0731707317073171,1014,1005,11,0,994,1005,133991,20,0,0,20,0
2020-08-03,US,Texas,Gregg,1313,21,0,32.47940482,-94.81591935,48183.0,1059.3408366614224,1.5993907083015997,1292,1313,19,0,1294,1313,123707,0,2,0,-2,0
2020-08-03,US,Texas,Grimes,849,20,0,30.54579585,-95.98902499,48185.0,2939.750692520776,2.3557126030624262,829,839,20,0,819,839,28360,10,0,0,10,0
2020-08-03,US,Texas,Guadalupe,1597,44,0,29.58165339,-97.94786822,48187.0,957.1643481752743,2.7551659361302443,1553,1597,43,0,1554,1597,163694,0,1,0,-1,0
2020-08-03,US,Texas,Hale,1185,22,0,34.07044901,-101.82681140000001,48189.0,3547.266958031492,1.8565400843881856,1163,1185,22,0,1163,1185,33830,0,0,0,0,0
2020-08-03,US,Texas,Hall,8,1,0,34.5307555,-100.68138520000001,48191.0,269.9055330634278,12.5,7,8,1,0,7,8,3028,0,0,0,0,0
2020-08-03,US,Texas,Hamilton,55,2,0,31.70470573,-98.11083887,48193.0,650.0413662687625,3.636363636363636,53,55,2,0,53,55,8484,0,0,0,0,0
2020-08-03,US,Texas,Hansford,59,2,0,36.27743284,-101.3545796,48195.0,1092.7949620300055,3.3898305084745757,57,59,2,0,57,59,5463,0,0,0,0,0
2020-08-03,US,Texas,Hardeman,15,0,0,34.28944521,-99.74632408,48197.0,381.38825324180016,0.0,15,15,0,0,15,15,3922,0,0,0,0,0
2020-08-03,US,Texas,Hardin,811,11,0,30.33364686,-94.38931817,48199.0,1407.9372244019305,1.3563501849568431,800,811,11,0,800,811,57207,0,0,0,0,0
2020-08-03,US,Texas,Harris,78100,767,0,29.86,-95.39,48201.0,1657.0043440670865,0.9820742637644048,77333,76639,761,0,75878,74881,4698619,1461,6,0,1455,1758
2020-08-03,US,Texas,Harrison,624,22,0,32.54935988,-94.36934071,48203.0,937.5986056225863,3.525641025641025,602,620,22,0,598,620,66726,4,0,0,4,0
2020-08-03,US,Texas,Hartley,82,2,0,35.84008013,-102.6029022,48205.0,1470.588235294117,2.4390243902439024,80,82,2,0,80,82,5619,0,0,0,0,0
2020-08-03,US,Texas,Haskell,35,0,0,33.17823584,-99.73037358,48207.0,618.5931424531636,0.0,35,35,0,0,35,35,5813,0,0,0,0,0
2020-08-03,US,Texas,Hays,4893,33,0,30.05669873,-98.02944344,48209.0,2125.626110490853,0.6744328632740649,4860,4297,32,0,4265,4297,222631,596,1,0,595,0
2020-08-03,US,Texas,Hemphill,41,0,0,35.83764858,-100.2703577,48211.0,1073.579471065724,0.0,41,41,0,0,41,41,3825,0,0,0,0,0
2020-08-03,US,Texas,Henderson,577,9,0,32.21128872,-95.85846587,48213.0,697.3905266084097,1.5597920277296362,568,577,9,0,568,577,82299,0,0,0,0,0
2020-08-03,US,Texas,Hidalgo,17353,656,0,26.39418217,-98.18299696,48215.0,1997.5664982554529,3.7803261683858698,16697,17006,644,0,16362,17006,865939,347,12,0,335,0
2020-08-03,US,Texas,Hill,308,3,0,31.99045053,-97.13423143,48217.0,840.4049223716879,0.9740259740259741,305,308,3,0,305,308,36354,0,0,0,0,0
2020-08-03,US,Texas,Hockley,181,4,0,33.60771256,-102.3431676,48219.0,786.2386516658702,2.209944751381216,177,181,4,0,177,181,22980,0,0,0,0,0
2020-08-03,US,Texas,Hood,437,9,0,32.42990927,-97.83242024,48221.0,708.920720925328,2.059496567505721,428,437,8,0,429,437,60537,0,1,0,-1,0
2020-08-03,US,Texas,Hopkins,169,1,0,33.14875072,-95.56351139,48223.0,455.722144321001,0.591715976331361,168,169,1,0,168,169,36810,0,0,0,0,0
2020-08-03,US,Texas,Houston,249,6,0,31.31925973,-95.42226208,48225.0,1084.1170323928945,2.409638554216868,243,248,6,0,242,248,23169,1,0,0,1,0
2020-08-03,US,Texas,Howard,157,3,0,32.30621324,-101.4356444,48227.0,428.21296094261396,1.9108280254777068,154,157,3,0,154,157,36459,0,0,0,0,0
2020-08-03,US,Texas,Hudspeth,22,2,0,31.45628381,-105.388178,48229.0,450.26606631191163,9.090909090909092,20,22,2,0,20,22,4795,0,0,0,0,0
2020-08-03,US,Texas,Hunt,1059,20,0,33.12351514,-96.08551032,48231.0,1074.1018723248876,1.8885741265344664,1039,1049,20,0,1029,1049,96493,10,0,0,10,0
2020-08-03,US,Texas,Hutchinson,114,2,0,35.84006574,-101.3546643,48233.0,544.464609800363,1.7543859649122806,112,114,2,0,112,114,21198,0,0,0,0,0
2020-08-03,US,Texas,Irion,9,0,0,31.30375559,-100.982439,48235.0,585.9375,0.0,9,9,0,0,9,9,1522,0,0,0,0,0
2020-08-03,US,Texas,Jack,40,0,0,33.23377248,-98.17283469,48237.0,447.6776720761052,0.0,40,40,0,0,40,40,8843,0,0,0,0,0
2020-08-03,US,Texas,Jackson,320,5,0,28.95472367,-96.57749563,48239.0,2168.021680216802,1.5625,315,320,4,0,316,320,14874,0,1,0,-1,0
2020-08-03,US,Texas,Jasper,291,5,0,30.74685667,-94.02667579,48241.0,819.0492273917082,1.718213058419244,286,291,5,0,286,291,35872,0,0,0,0,0
2020-08-03,US,Texas,Jeff Davis,8,0,0,30.71490589,-104.1399973,48243.0,351.8029903254178,0.0,8,8,0,0,8,8,2252,0,0,0,0,0
2020-08-03,US,Texas,Jefferson,5506,73,0,29.8832777,-94.16434171,48245.0,2188.698745850973,1.325826371231384,5433,5491,67,0,5424,5491,255001,15,6,0,9,0
2020-08-03,US,Texas,Jim Hogg,53,1,0,27.04453923,-98.69681870000001,48247.0,1019.2307692307692,1.8867924528301887,52,53,1,0,52,53,5248,0,0,0,0,0
2020-08-03,US,Texas,Jim Wells,630,8,0,27.73103938,-98.0904705,48249.0,1556.2472209871055,1.2698412698412698,622,591,6,0,585,591,40822,39,2,0,37,0
2020-08-03,US,Texas,Johnson,1541,25,0,32.37877812,-97.36615819,48251.0,876.4795213204637,1.6223231667748217,1516,1541,24,0,1517,1541,171361,0,1,0,-1,0
2020-08-03,US,Texas,Jones,622,0,0,32.73997145,-99.87861576,48253.0,3097.1468406114623,0.0,622,622,0,0,622,622,19817,0,0,0,0,0
2020-08-03,US,Texas,Karnes,300,4,0,28.90705334,-97.85960149,48255.0,1922.9536568168708,1.3333333333333333,296,298,4,0,294,298,15650,2,0,0,2,0
2020-08-03,US,Texas,Kaufman,1816,22,0,32.599141700000004,-96.28734728,48257.0,1333.7838036341202,1.2114537444933922,1794,1816,19,0,1797,1816,128622,0,3,0,-3,0
2020-08-03,US,Texas,Kendall,145,2,0,29.94414155,-98.7113588,48259.0,305.70723788239764,1.3793103448275863,143,145,2,0,143,145,45641,0,0,0,0,0
2020-08-03,US,Texas,Kenedy,6,1,0,26.92601662,-97.66413984,48261.0,1485.148514851485,16.666666666666668,5,6,1,0,5,6,442,0,0,0,0,0
2020-08-03,US,Texas,Kent,2,0,0,33.18104136,-100.7780939,48263.0,262.46719160104993,0.0,2,2,0,0,2,2,726,0,0,0,0,0
2020-08-03,US,Texas,Kerr,348,6,0,30.06040006,-99.34930144,48265.0,661.5969581749049,1.7241379310344829,342,348,6,0,342,348,52405,0,0,0,0,0
2020-08-03,US,Texas,Kimble,13,0,0,30.48678918,-99.74856473,48267.0,299.7463684574591,0.0,13,13,0,0,13,13,4362,0,0,0,0,0
2020-08-03,US,Texas,Kinney,17,0,0,29.34967888,-100.41866379999999,48271.0,463.5942187073902,0.0,17,17,0,0,17,17,3767,0,0,0,0,0
2020-08-03,US,Texas,Kleberg,361,5,0,27.42435506,-97.69894948,48273.0,1176.6623207301172,1.3850415512465375,356,346,5,0,341,346,31129,15,0,0,15,0
2020-08-03,US,Texas,Knox,46,0,0,33.60519951,-99.74229059999999,48275.0,1255.4585152838429,0.0,46,46,0,0,46,46,3653,0,0,0,0,0
2020-08-03,US,Texas,La Salle,357,1,0,28.34453111,-99.09908775,48283.0,4747.340425531916,0.2801120448179272,356,357,1,0,356,357,7531,0,0,0,0,0
2020-08-03,US,Texas,Lamar,625,16,0,33.66981763,-95.57404777,48277.0,1253.5349686114846,2.56,609,620,16,0,604,620,49728,5,0,0,5,0
2020-08-03,US,Texas,Lamb,203,7,0,34.06859623,-102.35162890000001,48279.0,1574.4977894981769,3.4482758620689653,196,203,7,0,196,203,13158,0,0,0,0,0
2020-08-03,US,Texas,Lampasas,84,1,0,31.19531316,-98.24206613,48281.0,392.01045361209634,1.1904761904761905,83,84,1,0,83,84,21229,0,0,0,0,0
2020-08-03,US,Texas,Lavaca,593,14,0,29.38508402,-96.93186692,48285.0,2942.3439515728887,2.360876897133221,579,593,14,0,579,593,20110,0,0,0,0,0
2020-08-03,US,Texas,Lee,153,8,0,30.31120597,-96.97045773,48287.0,887.5224781019781,5.2287581699346415,145,152,8,0,144,152,17144,1,0,0,1,0
2020-08-03,US,Texas,Leon,138,1,0,31.29872538,-95.9936328,48289.0,792.9211675476903,0.7246376811594203,137,138,1,0,137,138,17270,0,0,0,0,0
2020-08-03,US,Texas,Liberty,851,25,0,30.15152688,-94.81205615,48291.0,964.644804407214,2.9377203290246765,826,842,25,0,817,842,86323,9,0,0,9,0
2020-08-03,US,Texas,Limestone,199,3,0,31.5454767,-96.58095444,48293.0,849.0847804753167,1.5075376884422111,196,199,3,0,196,199,23519,0,0,0,0,0
2020-08-03,US,Texas,Lipscomb,15,0,0,36.27783108,-100.27331509999999,48295.0,463.96535725332507,0.0,15,15,0,0,15,15,3355,0,0,0,0,0
2020-08-03,US,Texas,Live Oak,207,1,0,28.35101362,-98.1246786,48297.0,1695.7483411157532,0.4830917874396135,206,207,1,0,206,207,12166,0,0,0,0,0
2020-08-03,US,Texas,Llano,86,1,0,30.70645047,-98.68475262,48299.0,394.5859142005047,1.162790697674419,85,86,1,0,85,86,21646,0,0,0,0,0
2020-08-03,US,Texas,Lubbock,5593,65,0,33.61008596,-101.82047890000001,48303.0,1800.888047422634,1.1621669944573574,5528,5512,64,0,5448,5512,307412,81,1,0,80,0
2020-08-03,US,Texas,Lynn,65,4,0,33.17657705,-101.8162849,48305.0,1092.2534027894471,6.153846153846153,61,65,4,0,61,65,5877,0,0,0,0,0
2020-08-03,US,Texas,Madison,645,2,0,30.96694679,-95.93003775,48313.0,4515.541865023802,0.31007751937984496,643,645,2,0,643,645,14422,0,0,0,0,0
2020-08-03,US,Texas,Marion,127,7,0,32.79868409,-94.35661230000001,48315.0,1288.8167241729248,5.511811023622046,120,123,7,0,116,123,9928,4,0,0,4,0
2020-08-03,US,Texas,Martin,45,3,0,32.30600051,-101.9513518,48317.0,779.7608733321782,6.666666666666668,42,45,3,0,42,45,5753,0,0,0,0,0
2020-08-03,US,Texas,Mason,40,0,0,30.71780434,-99.22629416,48319.0,935.8914365933553,0.0,40,40,0,0,40,40,4280,0,0,0,0,0
2020-08-03,US,Texas,Matagorda,681,23,0,28.81955746,-96.01230294,48321.0,1858.472286657752,3.3773861967694567,658,673,21,0,652,673,36552,8,2,0,6,0
2020-08-03,US,Texas,Maverick,1989,39,0,28.7429195,-100.3157686,48323.0,3387.1462143659955,1.96078431372549,1950,1989,39,0,1950,1989,58485,0,0,0,0,0
2020-08-03,US,Texas,McCulloch,41,1,0,31.1925468,-99.34682807,48307.0,513.5270541082165,2.4390243902439024,40,41,1,0,40,41,7987,0,0,0,0,0
2020-08-03,US,Texas,McLennan,4436,39,0,31.55255453,-97.20217694,48309.0,1728.6057757878284,0.8791704238052299,4397,4326,39,0,4287,4326,254607,110,0,0,110,0
2020-08-03,US,Texas,McMullen,8,0,0,28.35251708,-98.56769164,48311.0,1076.7160161507402,0.0,8,8,0,0,8,8,749,0,0,0,0,0
2020-08-03,US,Texas,Medina,595,24,0,29.355730100000002,-99.11030298,48325.0,1153.4584367245654,4.033613445378151,571,594,24,0,570,594,50921,1,0,0,1,0
2020-08-03,US,Texas,Menard,16,0,0,30.88990665,-99.82047940000001,48327.0,748.3629560336763,0.0,16,16,0,0,16,16,2139,0,0,0,0,0
2020-08-03,US,Texas,Midland,2179,42,0,31.86904128,-102.03156820000001,48329.0,1232.2430329352153,1.92748967416246,2137,2179,42,0,2137,2179,172578,0,0,0,0,0
2020-08-03,US,Texas,Milam,306,3,0,30.78581830000001,-96.97718698,48331.0,1232.727712202393,0.9803921568627452,303,306,3,0,303,306,25131,0,0,0,0,0
2020-08-03,US,Texas,Mills,15,0,0,31.49557106,-98.59272068,48333.0,307.8185922429715,0.0,15,15,0,0,15,15,4921,0,0,0,0,0
2020-08-03,US,Texas,Mitchell,52,0,0,32.30623474,-100.9212058,48335.0,608.5430076067877,0.0,52,52,0,0,52,52,8145,0,0,0,0,0
2020-08-03,US,Texas,Montague,57,1,0,33.67521893,-97.72500958,48337.0,287.6173175900697,1.7543859649122806,56,57,1,0,56,57,19596,0,0,0,0,0
2020-08-03,US,Texas,Montgomery,6291,73,0,30.30079133,-95.50572772,48339.0,1035.7413922827307,1.1603878556668257,6218,6196,72,0,6124,6196,590925,95,1,0,94,0
2020-08-03,US,Texas,Moore,1013,12,0,35.83769242,-101.8930281,48341.0,4837.631327602674,1.1846001974333662,1001,1013,12,0,1001,1013,21485,0,0,0,0,0
2020-08-03,US,Texas,Morris,97,1,0,33.11304005,-94.73255695,48343.0,783.0158217629962,1.0309278350515465,96,96,1,0,95,96,12339,1,0,0,1,0
2020-08-03,US,Texas,Motley,4,0,0,34.07408766,-100.77972199999999,48345.0,333.3333333333333,0.0,4,4,0,0,4,4,1234,0,0,0,0,0
2020-08-03,US,Texas,Nacogdoches,1035,36,0,31.62017125,-94.61803994,48347.0,1587.3259309244836,3.4782608695652173,999,1023,36,0,987,1023,65711,12,0,0,12,0
2020-08-03,US,Texas,Navarro,767,8,0,32.04620681,-96.47428766,48349.0,1530.5409773910958,1.0430247718383312,759,767,8,0,759,767,49565,0,0,0,0,0
2020-08-03,US,Texas,Newton,86,4,0,30.78548982,-93.74408813,48351.0,632.5855093784479,4.651162790697675,82,86,4,0,82,86,13746,0,0,0,0,0
2020-08-03,US,Texas,Nolan,131,3,0,32.30365282,-100.4060208,48353.0,890.3085496805763,2.2900763358778624,128,131,3,0,128,131,14751,0,0,0,0,0
2020-08-03,US,Texas,Nueces,12575,195,0,27.736286,-97.5433285,48355.0,3470.937967507052,1.5506958250497018,12380,12478,182,0,12296,12301,362265,97,13,0,84,177
2020-08-03,US,Texas,Ochiltree,84,2,0,36.27829105,-100.8158184,48357.0,854.0056933712891,2.380952380952381,82,84,2,0,82,84,9947,0,0,0,0,0
2020-08-03,US,Texas,Oldham,13,1,0,35.40425596,-102.6027606,48359.0,615.530303030303,7.6923076923076925,12,13,1,0,12,13,2131,0,0,0,0,0
2020-08-03,US,Texas,Orange,1021,17,0,30.11879481,-93.89412775,48361.0,1224.279341934865,1.6650342801175315,1004,1021,16,0,1005,1021,83572,0,1,0,-1,0
2020-08-03,US,Texas,Palo Pinto,194,6,0,32.75310985,-98.31319001,48363.0,664.6339374421873,3.0927835051546397,188,194,6,0,188,194,28875,0,0,0,0,0
2020-08-03,US,Texas,Panola,270,17,0,32.163959600000005,-94.30552481,48365.0,1164.094162283349,6.296296296296298,253,269,17,0,252,269,23148,1,0,0,1,0
2020-08-03,US,Texas,Parker,1070,12,0,32.77757172,-97.80500621,48367.0,748.8906619633533,1.1214953271028036,1058,1070,12,0,1058,1070,138371,0,0,0,0,0
2020-08-03,US,Texas,Parmer,311,7,0,34.52993409,-102.78446679999999,48369.0,3237.8969286829774,2.2508038585209005,304,311,7,0,304,311,9864,0,0,0,0,0
2020-08-03,US,Texas,Pecos,209,1,0,30.78097267,-102.72412609999999,48371.0,1320.8620362763068,0.4784688995215311,208,209,1,0,208,209,15673,0,0,0,0,0
2020-08-03,US,Texas,Polk,659,9,0,30.79472531,-94.82766240000001,48373.0,1283.274589605281,1.3657056145675266,650,659,9,0,650,659,50031,0,0,0,0,0
2020-08-03,US,Texas,Potter,3505,39,0,35.40133773,-101.893964,48375.0,2985.1381850700513,1.1126961483594864,3466,3505,39,0,3466,3505,119648,0,0,0,0,0
2020-08-03,US,Texas,Presidio,44,0,0,29.99954402,-104.24080790000001,48377.0,656.3245823389021,0.0,44,44,0,0,44,44,6948,0,0,0,0,0
2020-08-03,US,Texas,Rains,45,1,0,32.87109387,-95.79232691,48379.0,359.59725107879166,2.2222222222222223,44,45,1,0,44,45,12159,0,0,0,0,0
2020-08-03,US,Texas,Randall,1586,17,0,34.96585996,-101.8971322,48381.0,1151.670503147851,1.0718789407313998,1569,1586,17,0,1569,1586,136271,0,0,0,0,0
2020-08-03,US,Texas,Reagan,58,3,0,31.36607041,-101.52326590000001,48383.0,1506.8849051701739,5.172413793103448,55,58,3,0,55,58,3741,0,0,0,0,0
2020-08-03,US,Texas,Real,76,0,0,29.83321503,-99.82018052,48385.0,2201.62224797219,0.0,76,76,0,0,76,76,3478,0,0,0,0,0
2020-08-03,US,Texas,Red River,134,11,0,33.61886692,-95.04841765,48387.0,1114.5304832404559,8.208955223880597,123,134,11,0,123,134,12175,0,0,0,0,0
2020-08-03,US,Texas,Reeves,136,3,0,31.32323325,-103.69038959999999,48389.0,851.2769153730596,2.2058823529411766,133,135,3,0,132,135,15695,1,0,0,1,0
2020-08-03,US,Texas,Refugio,209,0,0,28.323897600000002,-97.15766311,48391.0,3008.0598733448473,0.0,209,195,0,0,195,195,7032,14,0,0,14,0
2020-08-03,US,Texas,Roberts,7,0,0,35.83809685,-100.813175,48393.0,819.672131147541,0.0,7,7,0,0,7,7,903,0,0,0,0,0
2020-08-03,US,Texas,Robertson,216,1,0,31.02539637,-96.51272246,48395.0,1265.0814103314979,0.462962962962963,215,214,1,0,213,214,17284,2,0,0,2,0
2020-08-03,US,Texas,Rockwall,720,17,0,32.89779518,-96.40771592,48397.0,686.2698374874899,2.3611111111111107,703,720,17,0,703,720,100657,0,0,0,0,0
2020-08-03,US,Texas,Runnels,107,1,0,31.8314342,-99.97616148,48399.0,1042.4785658612627,0.9345794392523364,106,107,1,0,106,107,10234,0,0,0,0,0
2020-08-03,US,Texas,Rusk,334,2,0,32.10773545,-94.76176432,48401.0,613.9028783590045,0.5988023952095808,332,332,2,0,330,332,54450,2,0,0,2,0
2020-08-03,US,Texas,Sabine,44,6,0,31.34318809,-93.85440451,48403.0,417.37810662113446,13.636363636363635,38,44,6,0,38,44,10589,0,0,0,0,0
2020-08-03,US,Texas,San Augustine,155,11,0,31.39457611,-94.17000399,48405.0,1881.7530654364448,7.096774193548387,144,155,11,0,144,155,8232,0,0,0,0,0
2020-08-03,US,Texas,San Jacinto,148,8,0,30.57933681,-95.16260304,48407.0,512.8382826847777,5.405405405405406,140,145,8,0,137,145,28719,3,0,0,3,0
2020-08-03,US,Texas,San Patricio,797,16,0,28.00880118,-97.51763891,48409.0,1194.365352914731,2.0075282308657467,781,797,16,0,781,797,66893,0,0,0,0,0
2020-08-03,US,Texas,San Saba,22,0,0,31.1577796,-98.81758731,48411.0,363.3360858794385,0.0,22,22,0,0,22,22,6054,0,0,0,0,0
2020-08-03,US,Texas,Schleicher,35,1,0,30.89740592,-100.5384842,48413.0,1253.1328320802004,2.8571428571428568,34,35,1,0,34,35,2895,0,0,0,0,0
2020-08-03,US,Texas,Scurry,433,1,0,32.74613808,-100.91626640000001,48415.0,2592.348679877867,0.2309468822170901,432,433,1,0,432,433,16866,0,0,0,0,0
2020-08-03,US,Texas,Shackelford,17,0,0,32.73587756,-99.35401337,48417.0,520.6738131699847,0.0,17,17,0,0,17,17,3253,0,0,0,0,0
2020-08-03,US,Texas,Shelby,381,16,0,31.79211404,-94.14550696,48419.0,1507.4780406742111,4.199475065616799,365,379,16,0,363,379,25418,2,0,0,2,0
2020-08-03,US,Texas,Sherman,37,0,0,36.27751473,-101.8933156,48421.0,1224.3547319655854,0.0,37,37,0,0,37,37,3079,0,0,0,0,0
2020-08-03,US,Texas,Smith,2309,17,0,32.37474036,-95.27175679999999,48423.0,992.0472951781088,0.7362494586401039,2292,2309,17,0,2292,2309,230221,0,0,0,0,0
2020-08-03,US,Texas,Somervell,58,0,0,32.22236802,-97.77403489,48425.0,635.407537248028,0.0,58,58,0,0,58,58,9016,0,0,0,0,0
2020-08-03,US,Texas,Starr,1894,51,0,26.56150059,-98.73892358,48427.0,2930.391595624526,2.692713833157339,1843,1806,50,0,1756,1806,64525,88,1,0,87,0
2020-08-03,US,Texas,Stephens,29,2,0,32.73553157,-98.83631615,48429.0,309.6305786888746,6.896551724137932,27,29,2,0,27,29,9433,0,0,0,0,0
2020-08-03,US,Texas,Sterling,1,0,0,31.82781912,-101.05007459999999,48431.0,77.45933384972889,0.0,1,1,0,0,1,1,1311,0,0,0,0,0
2020-08-03,US,Texas,Stonewall,4,0,0,33.17906744,-100.25384009999999,48433.0,296.2962962962963,0.0,4,4,0,0,4,4,1362,0,0,0,0,0
2020-08-03,US,Texas,Sutton,58,1,0,30.49856623,-100.5382014,48435.0,1536.0169491525423,1.7241379310344829,57,58,1,0,57,58,3758,0,0,0,0,0
2020-08-03,US,Texas,Swisher,75,2,0,34.53028891,-101.73491740000001,48437.0,1013.9245640124376,2.6666666666666665,73,75,2,0,73,75,7462,0,0,0,0,0
2020-08-03,US,Texas,Tarrant,29054,391,0,32.77143818,-97.29101614,48439.0,1381.8688570592838,1.3457699456185035,28663,29054,391,0,28663,28410,2084931,0,0,0,0,644
2020-08-03,US,Texas,Taylor,1092,19,0,32.30163422,-99.89007449,48441.0,791.1094368054248,1.73992673992674,1073,1082,19,0,1063,1082,137640,10,0,0,10,0
2020-08-03,US,Texas,Terrell,2,0,0,30.22429013,-102.0766732,48443.0,257.73195876288656,0.0,2,2,0,0,2,2,823,0,0,0,0,0
2020-08-03,US,Texas,Terry,116,2,0,33.17402785,-102.3354521,48445.0,940.2610034854505,1.7241379310344829,114,116,1,0,115,116,12287,0,1,0,-1,0
2020-08-03,US,Texas,Throckmorton,4,0,0,33.17751417,-99.21226795,48447.0,266.4890073284477,0.0,4,4,0,0,4,4,1515,0,0,0,0,0
2020-08-03,US,Texas,Titus,1289,14,0,33.21339719,-94.96797273,48449.0,3935.877862595421,1.0861132660977502,1275,1289,14,0,1275,1289,33033,0,0,0,0,0
2020-08-03,US,Texas,Tom Green,2421,24,0,31.40464436,-100.46244300000001,48451.0,2031.040268456376,0.9913258983890956,2397,2374,24,0,2350,2343,118189,47,0,0,47,31
2020-08-03,US,Texas,Travis,21214,236,0,30.33432034,-97.78535620000001,48453.0,1665.2092618728775,1.1124728952578486,20978,20745,234,0,20511,20745,1248743,469,2,0,467,0
2020-08-03,US,Texas,Trinity,143,2,0,31.0879489,-95.1367187,48455.0,976.0425909494232,1.3986013986013983,141,135,2,0,133,135,14740,8,0,0,8,0
2020-08-03,US,Texas,Tyler,115,2,0,30.77031716,-94.37690895,48457.0,530.6386120339608,1.7391304347826086,113,115,1,0,114,115,21696,0,1,0,-1,0
2020-08-03,US,Texas,Unassigned,0,132,0,0.0,0.0,90048.0,0.0,0.0,-132,0,113,0,-113,0,,0,19,0,-19,0
2020-08-03,US,Texas,Upshur,193,2,0,32.73706798,-94.93999853,48459.0,462.2422340909635,1.0362694300518134,191,191,2,0,189,191,41260,2,0,0,2,0
2020-08-03,US,Texas,Upton,16,1,0,31.36868194,-102.0423217,48461.0,437.5170905113481,6.25,15,16,1,0,15,16,3671,0,0,0,0,0
2020-08-03,US,Texas,Uvalde,496,7,0,29.35739637,-99.76229172,48463.0,1854.8296623162933,1.4112903225806452,489,482,7,0,475,482,26846,14,0,0,14,0
2020-08-03,US,Texas,Val Verde,1507,49,0,29.89149232,-101.1525205,48465.0,3073.941866394697,3.2514930325149303,1458,1507,49,0,1458,1507,49208,0,0,0,0,0
2020-08-03,US,Texas,Van Zandt,332,3,0,32.56483801,-95.83766469,48467.0,586.6760911821876,0.9036144578313252,329,332,3,0,329,332,56019,0,0,0,0,0
2020-08-03,US,Texas,Victoria,3203,29,0,28.79780988,-96.96813006,48469.0,3478.3458581295345,0.9054011863877616,3174,3203,28,0,3175,3203,92035,0,1,0,-1,0
2020-08-03,US,Texas,Walker,2840,38,0,30.73872995,-95.57440968,48471.0,3891.957078839539,1.3380281690140845,2802,2814,38,0,2776,2814,72480,26,0,0,26,0
2020-08-03,US,Texas,Waller,408,3,0,30.01058447,-95.99011759,48473.0,738.515005611266,0.7352941176470589,405,399,3,0,396,399,53126,9,0,0,9,0
2020-08-03,US,Texas,Ward,83,1,0,31.50999644,-103.09279090000001,48475.0,691.7819636606102,1.2048192771084338,82,83,1,0,82,83,11720,0,0,0,0,0
2020-08-03,US,Texas,Washington,497,38,0,30.21498498,-96.40946246,48477.0,1385.0955911041751,7.645875251509055,459,477,38,0,439,477,35108,20,0,0,20,0
2020-08-03,US,Texas,Webb,6411,77,0,27.7610369,-99.33237355,48479.0,2317.3517632260023,1.2010606769614725,6334,6131,77,0,6054,6131,275910,280,0,0,280,0
2020-08-03,US,Texas,Wharton,635,21,0,29.27765923,-96.22319248,48481.0,1528.058523438252,3.307086614173228,614,624,21,0,603,624,41619,11,0,0,11,0
2020-08-03,US,Texas,Wheeler,31,0,0,35.40114335,-100.26995140000001,48483.0,613.132911392405,0.0,31,31,0,0,31,31,5191,0,0,0,0,0
2020-08-03,US,Texas,Wichita,902,10,0,33.98842886,-98.70410340000001,48485.0,682.1447477879452,1.1086474501108647,892,902,9,0,893,902,132064,0,1,0,-1,0
2020-08-03,US,Texas,Wilbarger,50,1,0,34.07945812,-99.24178437,48487.0,391.57334168689795,2.0,49,50,1,0,49,50,12820,0,0,0,0,0
2020-08-03,US,Texas,Willacy,594,20,0,26.47411727,-97.61535848,48489.0,2781.1592845772075,3.3670033670033668,574,586,18,0,568,586,21515,8,2,0,6,0
2020-08-03,US,Texas,Williamson,5832,80,0,30.64655664,-97.60048540000001,48491.0,987.5523028493727,1.3717421124828533,5752,5715,79,0,5636,5715,566719,117,1,0,116,0
2020-08-03,US,Texas,Wilson,414,16,0,29.1732598,-98.08693082,48493.0,810.6520462110827,3.864734299516908,398,414,16,0,398,414,50224,0,0,0,0,0
2020-08-03,US,Texas,Winkler,68,1,0,31.85008651,-103.04851629999999,48495.0,848.9388264669162,1.4705882352941178,67,68,1,0,67,68,7720,0,0,0,0,0
2020-08-03,US,Texas,Wise,311,5,0,33.21570665,-97.65460265,48497.0,444.3872885230909,1.6077170418006432,306,311,5,0,306,311,68305,0,0,0,0,0
2020-08-03,US,Texas,Wood,291,5,0,32.78722382,-95.38236368,48499.0,639.0127143766881,1.718213058419244,286,291,5,0,286,291,45129,0,0,0,0,0
2020-08-03,US,Texas,Yoakum,85,1,0,33.17320212,-102.82764329999999,48501.0,975.5537702283943,1.1764705882352942,84,85,1,0,84,85,8591,0,0,0,0,0
2020-08-03,US,Texas,Young,139,4,0,33.17659707,-98.68790885,48503.0,771.7934480843976,2.8776978417266186,135,139,4,0,135,139,18045,0,0,0,0,0
2020-08-03,US,Texas,Zapata,157,2,0,27.00156391,-99.16987152,48505.0,1107.271316736018,1.2738853503184713,155,156,2,0,154,156,14190,1,0,0,1,0
2020-08-03,US,Texas,Zavala,175,5,0,28.86617238,-99.76050829,48507.0,1478.0405405405404,2.8571428571428568,170,175,5,0,170,175,11983,0,0,0,0,0
2020-08-03,US,Utah,Bear River,2198,6,0,41.52106798,-113.0832816,0.0,1176.5461572225374,0.27297543221110104,2192,2184,6,0,2178,2169,,14,0,0,14,15
2020-08-03,US,Utah,Central Utah,388,2,0,39.37231946,-111.5758676,0.0,473.43631793445104,0.5154639175257731,386,381,2,0,379,376,,7,0,0,7,5
2020-08-03,US,Utah,Davis,3026,15,0,40.99001837,-112.1139997,49011.0,851.2409945960544,0.49570389953734295,3011,3008,14,0,2994,2953,351713,18,1,0,17,55
2020-08-03,US,Utah,Salt Lake,19556,178,0,40.66616532,-111.9216011,49035.0,1685.2272032001736,0.9102065862139496,19378,19408,176,0,19232,19237,1152633,148,2,0,146,171
2020-08-03,US,Utah,San Juan,628,24,0,37.62762978,-109.80337140000002,49037.0,4102.430101907499,3.8216560509554136,604,623,24,0,599,622,15449,5,0,0,5,1
2020-08-03,US,Utah,Southeast Utah,89,0,0,38.99617072,-110.7013958,0.0,221.23343856421985,0.0,89,88,0,0,88,87,,1,0,0,1,1
2020-08-03,US,Utah,Southwest Utah,3013,24,0,37.85447192,-111.4418764,0.0,1195.435681354695,0.7965482907401261,2989,2983,24,0,2959,2940,,30,0,0,30,43
2020-08-03,US,Utah,Summit,697,1,0,40.86688146,-110.9535882,49043.0,1653.8142128366355,0.14347202295552364,696,695,1,0,694,689,41933,2,0,0,2,6
2020-08-03,US,Utah,Tooele,547,0,0,40.44862644,-113.1295715,49045.0,756.9991281362875,0.0,547,537,0,0,537,532,69907,10,0,0,10,5
2020-08-03,US,Utah,TriCounty,167,0,0,40.12491499,-109.5174415,0.0,294.93836318038933,0.0,167,164,0,0,164,162,,3,0,0,3,2
2020-08-03,US,Utah,Utah,8047,35,0,40.1166722,-111.6657662,49049.0,1264.7842385282167,0.4349446998881571,8012,7949,35,0,7914,7808,622213,98,0,0,98,141
2020-08-03,US,Utah,Wasatch,533,4,0,40.33110236,-111.1691419,49051.0,1563.46249743334,0.7504690431519699,529,531,4,0,527,525,33240,2,0,0,2,6
2020-08-03,US,Utah,Weber-Morgan,2640,25,0,41.27116049,-111.9145117,0.0,969.387193073288,0.946969696969697,2615,2624,25,0,2599,2602,,16,0,0,16,22
2020-08-03,US,Vermont,Addison,72,2,0,44.03217337,-73.14130877,50001.0,195.77453299616607,2.7777777777777777,70,72,2,0,70,72,36973,0,0,0,0,0
2020-08-03,US,Vermont,Bennington,84,1,0,43.03519828,-73.09048868,50003.0,236.8198477586693,1.1904761904761905,83,84,1,0,83,84,35631,0,0,0,0,0
2020-08-03,US,Vermont,Caledonia,26,0,0,44.46548598,-72.10314651,50005.0,86.68689360850867,0.0,26,26,0,0,26,26,30302,0,0,0,0,0
2020-08-03,US,Vermont,Chittenden,721,39,0,44.46322849,-73.08359212,50007.0,440.24081966612533,5.4091539528432735,682,720,39,0,681,717,164572,1,0,0,1,3
2020-08-03,US,Vermont,Essex,4,0,0,44.72736416,-71.73579864,50009.0,64.9034561090378,0.0,4,4,0,0,4,4,6250,0,0,0,0,0
2020-08-03,US,Vermont,Franklin,117,6,0,44.85627605,-72.91249563,50011.0,236.8325169021497,5.128205128205129,111,117,6,0,111,117,49421,0,0,0,0,0
2020-08-03,US,Vermont,Grand Isle,13,0,0,44.797582399999996,-73.29679772,50013.0,179.68210089841045,0.0,13,13,0,0,13,13,7090,0,0,0,0,0
2020-08-03,US,Vermont,Lamoille,42,1,0,44.60353043,-72.64356694,50015.0,165.60208185474332,2.380952380952381,41,42,1,0,41,42,25300,0,0,0,0,0
2020-08-03,US,Vermont,Orange,16,0,0,44.00470222,-72.37640104,50017.0,55.37865152983525,0.0,16,16,0,0,16,16,28999,0,0,0,0,0
2020-08-03,US,Vermont,Orleans,14,0,0,44.82964024,-72.24562697,50019.0,51.78089285053815,0.0,14,14,0,0,14,14,26907,0,0,0,0,0
2020-08-03,US,Vermont,Rutland,89,1,0,43.57723578,-73.03741676,50021.0,152.94461342819338,1.1235955056179776,88,89,1,0,88,89,58672,0,0,0,0,0
2020-08-03,US,Vermont,Unassigned,8,0,0,0.0,0.0,90050.0,0.0,0.0,8,8,0,0,8,8,,0,0,0,0,0
2020-08-03,US,Vermont,Washington,49,2,0,44.27343241,-72.61604978,50023.0,83.89118115358934,4.081632653061225,47,49,2,0,47,47,58140,0,0,0,0,2
2020-08-03,US,Vermont,Windham,101,3,0,42.986982,-72.71268875,50025.0,239.211785325186,2.9702970297029703,98,101,3,0,98,101,42756,0,0,0,0,0
2020-08-03,US,Vermont,Windsor,71,2,0,43.58010937,-72.58595157,50027.0,128.94555228651342,2.8169014084507036,69,71,2,0,69,71,55286,0,0,0,0,0
2020-08-03,US,Virginia,Accomack,1080,15,0,37.76707161,-75.63234615,51001.0,3341.997772001485,1.3888888888888888,1065,1079,15,0,1064,1077,32412,1,0,0,1,2
2020-08-03,US,Virginia,Albemarle,775,12,0,38.02080697,-78.55481085,51003.0,708.8630750937529,1.5483870967741935,763,758,12,0,746,741,108718,17,0,0,17,17
2020-08-03,US,Virginia,Alexandria,2844,59,0,38.814003,-77.08183073,51510.0,1783.877361567604,2.074542897327708,2785,2820,59,0,2761,2811,160530,24,0,0,24,9
2020-08-03,US,Virginia,Alleghany,56,3,0,37.78636074,-80.00222498,51005.0,376.8506056527591,5.357142857142857,53,56,3,0,53,56,14910,0,0,0,0,0
2020-08-03,US,Virginia,Amelia,73,1,0,37.34081025,-77.98584649,51007.0,555.3442373526055,1.3698630136986298,72,73,1,0,72,73,13013,0,0,0,0,0
2020-08-03,US,Virginia,Amherst,118,0,0,37.60308293,-79.14548696,51009.0,373.3586457838949,0.0,118,114,0,0,114,108,31666,4,0,0,4,6
2020-08-03,US,Virginia,Appomattox,71,0,0,37.37569884,-78.81340003,51011.0,446.2321664257432,0.0,71,70,0,0,70,68,15841,1,0,0,1,2
2020-08-03,US,Virginia,Arlington,2945,136,0,38.8767675,-77.10139853,51013.0,1243.4449970866656,4.6179966044142615,2809,2925,136,0,2789,2906,237521,20,0,0,20,19
2020-08-03,US,Virginia,Augusta,253,4,0,38.16404586,-79.12461614,51015.0,334.84210804944547,1.5810276679841897,249,252,4,0,248,251,75457,1,0,0,1,1
2020-08-03,US,Virginia,Bath,4,0,0,38.05852573,-79.73912095,51017.0,96.45526886906195,0.0,4,4,0,0,4,4,4292,0,0,0,0,0
2020-08-03,US,Virginia,Bedford,307,6,0,37.3080028,-79.5281964,51019.0,388.6223527475728,1.954397394136808,301,299,6,0,293,293,78747,8,0,0,8,6
2020-08-03,US,Virginia,Bland,7,0,0,37.13128068,-81.13599391,51021.0,111.46496815286623,0.0,7,7,0,0,7,7,6293,0,0,0,0,0
2020-08-03,US,Virginia,Botetourt,192,7,0,37.55531756,-79.80982182,51023.0,574.5234746700977,3.6458333333333335,185,188,7,0,181,185,33277,4,0,0,4,3
2020-08-03,US,Virginia,Bristol,65,0,0,36.616302399999995,-82.16359122,51520.0,387.78188760291135,0.0,65,63,0,0,63,59,16482,2,0,0,2,4
2020-08-03,US,Virginia,Brunswick,212,1,0,36.76366949,-77.8593436,51025.0,1306.1425666933646,0.4716981132075472,211,205,1,0,204,204,16384,7,0,0,7,1
2020-08-03,US,Virginia,Buchanan,72,0,0,37.26818323,-82.03749726,51027.0,342.79184917158636,0.0,72,71,0,0,71,71,21221,1,0,0,1,0
2020-08-03,US,Virginia,Buckingham,596,6,0,37.57242268,-78.52518834,51029.0,3475.623979472825,1.0067114093959733,590,596,6,0,590,594,16999,0,0,0,0,2
2020-08-03,US,Virginia,Buena Vista,48,0,0,37.73484642,-79.35296097,51530.0,740.9694350108058,0.0,48,48,0,0,48,47,6237,0,0,0,0,1
2020-08-03,US,Virginia,Campbell,157,2,0,37.20553386,-79.09678609,51031.0,286.0526555525189,1.2738853503184713,155,151,2,0,149,149,54973,6,0,0,6,2
2020-08-03,US,Virginia,Caroline,191,4,0,38.02679129,-77.34901405,51033.0,621.6436126932465,2.094240837696335,187,191,4,0,187,190,30772,0,0,0,0,1
2020-08-03,US,Virginia,Carroll,314,14,0,36.73066666,-80.73455942,51035.0,1054.00960021483,4.4585987261146505,300,311,14,0,297,308,29636,3,0,0,3,3
2020-08-03,US,Virginia,Charles City,50,5,0,37.35358063,-77.05634116,51036.0,718.0812868016658,10.0,45,50,5,0,45,50,6941,0,0,0,0,0
2020-08-03,US,Virginia,Charlotte,49,0,0,37.01909701,-78.66314092,51037.0,412.4579124579125,0.0,49,49,0,0,49,49,11938,0,0,0,0,0
2020-08-03,US,Virginia,Charlottesville,495,13,0,38.03527919,-78.48569588,51540.0,1047.2644183980028,2.6262626262626263,482,479,13,0,466,471,48117,16,0,0,16,8
2020-08-03,US,Virginia,Chesapeake,2617,29,0,36.67670048,-76.30545744,51550.0,1068.8831253701474,1.108139090561712,2588,2538,29,0,2509,2462,242634,79,0,0,79,76
2020-08-03,US,Virginia,Chesterfield,4097,75,0,37.37373208,-77.58680140000001,51041.0,1161.2745959490026,1.8306077617769096,4022,4020,75,0,3945,3968,348556,77,0,0,77,52
2020-08-03,US,Virginia,Clarke,69,0,0,39.11271747,-77.99199425,51043.0,471.9885081058896,0.0,69,69,0,0,69,69,14523,0,0,0,0,0
2020-08-03,US,Virginia,Colonial Heights,185,21,0,37.26420587,-77.39609676,51570.0,1065.054691997697,11.351351351351349,164,184,21,0,163,181,17833,1,0,0,1,3
2020-08-03,US,Virginia,Covington,12,0,0,37.7824656,-79.98631446,51580.0,216.68472372697724,0.0,12,12,0,0,12,12,5460,0,0,0,0,0
2020-08-03,US,Virginia,Craig,16,0,0,37.48133648,-80.21072274,51045.0,311.8300526213214,0.0,16,16,0,0,16,16,5064,0,0,0,0,0
2020-08-03,US,Virginia,Culpeper,957,12,0,38.48199985,-77.95630870000002,51047.0,1819.2187054462506,1.2539184952978055,945,951,12,0,939,946,51859,6,0,0,6,5
2020-08-03,US,Virginia,Cumberland,68,0,0,37.51328851,-78.24398086,51049.0,684.655658477648,0.0,68,68,0,0,68,65,9809,0,0,0,0,3
2020-08-03,US,Virginia,Danville,344,7,0,36.58022376,-79.40395668,51590.0,859.0550394565978,2.0348837209302326,337,330,7,0,323,314,40693,14,0,0,14,16
2020-08-03,US,Virginia,Dickenson,29,0,0,37.12560977,-82.35124171,51051.0,202.5422545048191,0.0,29,24,0,0,24,23,14523,5,0,0,5,1
2020-08-03,US,Virginia,Dinwiddie,209,6,0,37.07544585,-77.63451754,51053.0,732.2029147982062,2.8708133971291865,203,200,6,0,194,198,28529,9,0,0,9,2
2020-08-03,US,Virginia,Emporia,167,15,0,36.69455571,-77.53406129,51595.0,3123.8309016086796,8.982035928143713,152,165,15,0,150,165,5121,2,0,0,2,0
2020-08-03,US,Virginia,Essex,83,1,0,37.93357639,-76.94230311,51057.0,757.7832557290242,1.2048192771084338,82,77,1,0,76,76,10919,6,0,0,6,1
2020-08-03,US,Virginia,Fairfax,15907,523,0,38.83677558,-77.27565836,51059.0,1386.1922804767098,3.287860690262149,15384,15768,523,0,15245,15689,1150795,139,0,0,139,79
2020-08-03,US,Virginia,Fairfax,15907,523,0,38.83677558,-77.27565836,51059.0,1386.1922804767098,3.287860690262149,15384,15768,523,0,15245,15689,24574,139,0,0,139,79
2020-08-03,US,Virginia,Fairfax City,82,7,0,38.85157547,-77.29779640000002,51600.0,341.3963945210042,8.536585365853659,75,81,7,0,74,80,24574,1,0,0,1,1
2020-08-03,US,Virginia,Falls Church,59,6,0,38.88485255,-77.17560759,51610.0,403.639597728672,10.169491525423727,53,59,6,0,53,59,14772,0,0,0,0,0
2020-08-03,US,Virginia,Fauquier,580,8,0,38.73564842,-77.80647472,51061.0,814.3551149925585,1.3793103448275863,572,574,8,0,566,572,70675,6,0,0,6,2
2020-08-03,US,Virginia,Floyd,39,1,0,36.9302126,-80.36738849,51063.0,247.6347704616166,2.5641025641025643,38,37,1,0,36,33,15795,2,0,0,2,4
2020-08-03,US,Virginia,Fluvanna,175,8,0,37.84157909,-78.27715475,51065.0,641.7308397506417,4.571428571428571,167,174,8,0,166,173,26783,1,0,0,1,1
2020-08-03,US,Virginia,Franklin,160,1,0,36.99536167,-79.88023649,51067.0,285.50016059384035,0.625,159,160,1,0,159,156,56195,0,0,0,0,4
2020-08-03,US,Virginia,Franklin,160,1,0,36.99536167,-79.88023649,51067.0,285.50016059384035,0.625,159,160,1,0,159,156,8013,0,0,0,0,4
2020-08-03,US,Virginia,Franklin City,148,6,0,36.6831435,-76.93859681,51620.0,1857.6628592945901,4.0540540540540535,142,126,6,0,120,120,8013,22,0,0,22,6
2020-08-03,US,Virginia,Frederick,670,9,0,39.20172582,-78.25974949,51069.0,750.1707478194662,1.3432835820895523,661,663,9,0,654,661,88355,7,0,0,7,2
2020-08-03,US,Virginia,Fredericksburg,368,2,0,38.2977863,-77.4922454,51630.0,1267.3922027827525,0.5434782608695652,366,358,2,0,356,356,29144,10,0,0,10,2
2020-08-03,US,Virginia,Galax,338,22,0,36.66601852,-80.91703124,51640.0,5325.350559319363,6.508875739644972,316,331,22,0,309,331,6423,7,0,0,7,0
2020-08-03,US,Virginia,Giles,23,0,0,37.31234791,-80.70636931,51071.0,137.55980861244018,0.0,23,23,0,0,23,23,16844,0,0,0,0,0
2020-08-03,US,Virginia,Gloucester,145,2,0,37.40809042,-76.53524337,51073.0,388.2403341544393,1.3793103448275863,143,145,2,0,143,143,37349,0,0,0,0,2
2020-08-03,US,Virginia,Goochland,151,7,0,37.71714806,-77.90381514,51075.0,635.7091735780742,4.635761589403972,144,151,7,0,144,151,23244,0,0,0,0,0
2020-08-03,US,Virginia,Grayson,134,4,0,36.65677234,-81.23215889,51077.0,861.7363344051448,2.985074626865672,130,130,4,0,126,129,15631,4,0,0,4,1
2020-08-03,US,Virginia,Greene,147,2,0,38.29545894,-78.46525378,51079.0,741.7124981078763,1.3605442176870748,145,138,2,0,136,137,19779,9,0,0,9,1
2020-08-03,US,Virginia,Greensville,437,10,0,36.67878901,-77.56351439,51081.0,3854.9752999294283,2.2883295194508007,427,425,9,0,416,420,11627,12,1,0,11,5
2020-08-03,US,Virginia,Halifax,141,1,0,36.76654925,-78.93512622,51083.0,415.79428504025236,0.7092198581560284,140,137,1,0,136,135,34120,4,0,0,4,2
2020-08-03,US,Virginia,Hampton,1070,5,0,37.03513786,-76.35879121,51650.0,795.4798899710057,0.4672897196261682,1065,1048,5,0,1043,1009,134313,22,0,0,22,39
2020-08-03,US,Virginia,Hanover,597,31,0,37.7583355,-77.49464673,51085.0,553.9780635822059,5.192629815745394,566,590,31,0,559,588,107239,7,0,0,7,2
2020-08-03,US,Virginia,Harrisonburg,1055,29,0,38.43542574,-78.87536254,51660.0,1989.965293496303,2.7488151658767768,1026,1048,29,0,1019,1045,54033,7,0,0,7,3
2020-08-03,US,Virginia,Henrico,3654,182,0,37.53460572,-77.39326555,51087.0,1104.5348197498322,4.980842911877394,3472,3609,182,0,3427,3601,329261,45,0,0,45,8
2020-08-03,US,Virginia,Henry,511,6,0,36.68542395,-79.87634026,51089.0,1010.7403524734458,1.1741682974559686,505,511,6,0,505,502,50953,0,0,0,0,9
2020-08-03,US,Virginia,Highland,3,0,0,38.35799465,-79.56124594,51091.0,136.98630136986299,0.0,3,3,0,0,3,3,2210,0,0,0,0,0
2020-08-03,US,Virginia,Hopewell,258,5,0,37.29186313,-77.29754684,51670.0,1145.190643171024,1.937984496124031,253,254,5,0,249,253,22596,4,0,0,4,1
2020-08-03,US,Virginia,Isle of Wight,353,9,0,36.90579348,-76.70842863,51093.0,951.2517179120968,2.54957507082153,344,338,9,0,329,331,36953,15,0,0,15,7
2020-08-03,US,Virginia,James City,562,16,0,37.31156958,-76.76950618,51095.0,734.4197169478458,2.846975088967972,546,549,16,0,533,541,76397,13,0,0,13,8
2020-08-03,US,Virginia,King George,124,4,0,38.26818502,-77.15852768,51099.0,462.0658816515129,3.2258064516129035,120,124,4,0,120,124,26575,0,0,0,0,0
2020-08-03,US,Virginia,King William,77,2,0,37.70965316,-77.09384941,51101.0,449.03195707954285,2.5974025974025974,75,77,2,0,75,77,16939,0,0,0,0,0
2020-08-03,US,Virginia,King and Queen,36,1,0,37.71044922,-76.88689628,51097.0,512.4555160142348,2.7777777777777777,35,35,1,0,34,35,7042,1,0,0,1,0
2020-08-03,US,Virginia,Lancaster,31,0,0,37.71889653,-76.46400482,51103.0,292.37008393850795,0.0,31,31,0,0,31,31,10783,0,0,0,0,0
2020-08-03,US,Virginia,Lee,100,1,0,36.70586667,-83.12606515,51105.0,426.93079451820864,1.0,99,95,1,0,94,95,23541,5,0,0,5,0
2020-08-03,US,Virginia,Lexington,33,0,0,37.78258621,-79.44262866,51678.0,443.19097502014506,0.0,33,32,0,0,32,29,7136,1,0,0,1,3
2020-08-03,US,Virginia,Loudoun,5059,112,0,39.08990083,-77.63481877,51107.0,1223.3458593889802,2.2138762601304607,4947,5034,112,0,4922,5014,406850,25,0,0,25,20
2020-08-03,US,Virginia,Louisa,167,2,0,37.97850256,-77.96274807,51109.0,444.2552738687452,1.1976047904191616,165,166,2,0,164,166,36778,1,0,0,1,0
2020-08-03,US,Virginia,Lunenburg,55,1,0,36.94618528,-78.24133319,51111.0,450.96753033781573,1.818181818181818,54,55,1,0,54,55,12086,0,0,0,0,0
2020-08-03,US,Virginia,Lynchburg,469,2,0,37.40021399,-79.19888138,51680.0,570.7818128711907,0.4264392324093816,467,459,2,0,457,440,82126,10,0,0,10,19
2020-08-03,US,Virginia,Madison,62,1,0,38.41531222,-78.28220331,51113.0,467.5363848880175,1.6129032258064515,61,61,1,0,60,61,13295,1,0,0,1,0
2020-08-03,US,Virginia,Manassas,1612,20,0,38.7464321,-77.48509905,51683.0,3923.573080199586,1.2406947890818858,1592,1609,20,0,1589,1607,41641,3,0,0,3,2
2020-08-03,US,Virginia,Manassas Park,500,7,0,38.77058531,-77.44399307,51685.0,2860.7392150131604,1.4,493,500,7,0,493,498,17307,0,0,0,0,2
2020-08-03,US,Virginia,Martinsville,171,3,0,36.68212094,-79.86352771,51690.0,1362.1156603472996,1.7543859649122806,168,169,3,0,166,168,12902,2,0,0,2,1
2020-08-03,US,Virginia,Mathews,14,0,0,37.44164146,-76.34098896,51115.0,158.47860538827257,0.0,14,14,0,0,14,13,8802,0,0,0,0,1
2020-08-03,US,Virginia,Mecklenburg,309,32,0,36.67882005,-78.36131056,51117.0,1010.2331055677248,10.35598705501618,277,308,32,0,276,305,30650,1,0,0,1,3
2020-08-03,US,Virginia,Middlesex,28,1,0,37.63191998,-76.55064617,51119.0,264.6002646002646,3.571428571428572,27,27,1,0,26,27,10769,1,0,0,1,0
2020-08-03,US,Virginia,Montgomery,289,3,0,37.17746986,-80.37868691,51121.0,293.2967980920485,1.038062283737024,286,280,3,0,277,275,98985,9,0,0,9,5
2020-08-03,US,Virginia,Nelson,34,0,0,37.78790447,-78.88498513,51125.0,227.7294038847957,0.0,34,34,0,0,34,32,14836,0,0,0,0,2
2020-08-03,US,Virginia,New Kent,119,1,0,37.50694406,-76.99828634,51127.0,515.3523017625914,0.8403361344537815,118,117,1,0,116,116,22391,2,0,0,2,1
2020-08-03,US,Virginia,Newport News,1671,16,0,37.08166899,-76.51754109,51700.0,932.3476077556143,0.957510472770796,1655,1639,16,0,1623,1589,178626,32,0,0,32,50
2020-08-03,US,Virginia,Norfolk,3345,26,0,36.89934014,-76.26420872,51710.0,1378.0062782707566,0.7772795216741405,3319,3210,26,0,3184,3185,244076,135,0,0,135,25
2020-08-03,US,Virginia,Northampton,294,28,0,37.34062933,-75.87751591,51131.0,2510.6746370623396,9.523809523809524,266,292,28,0,264,292,11735,2,0,0,2,0
2020-08-03,US,Virginia,Northumberland,66,2,0,37.89202088,-76.41949732,51133.0,545.6800330715172,3.0303030303030303,64,66,2,0,64,65,12147,0,0,0,0,1
2020-08-03,US,Virginia,Norton,13,0,0,36.93357076,-82.62750411,51720.0,326.55111780959555,0.0,13,13,0,0,13,13,3968,0,0,0,0,0
2020-08-03,US,Virginia,Nottoway,176,9,0,37.1435975,-78.05065922,51135.0,1155.4621848739494,5.113636363636363,167,176,9,0,167,174,15420,0,0,0,0,2
2020-08-03,US,Virginia,Orange,213,3,0,38.24530219,-78.01560400000002,51137.0,574.8832690075842,1.4084507042253518,210,212,3,0,209,210,36644,1,0,0,1,2
2020-08-03,US,Virginia,Page,333,24,0,38.61807452,-78.48797204,51139.0,1393.1888544891642,7.207207207207206,309,332,24,0,308,331,23933,1,0,0,1,1
2020-08-03,US,Virginia,Patrick,115,3,0,36.680163799999995,-80.2865648,51141.0,653.1122217174013,2.608695652173913,112,115,3,0,112,111,17673,0,0,0,0,4
2020-08-03,US,Virginia,Petersburg,473,13,0,37.20530399,-77.39368102,51730.0,1508.9644611752694,2.748414376321353,460,465,13,0,452,454,31567,8,0,0,8,11
2020-08-03,US,Virginia,Pittsylvania,375,2,0,36.81980341,-79.39731264,51143.0,621.334128641018,0.5333333333333333,373,354,2,0,352,329,60949,21,0,0,21,25
2020-08-03,US,Virginia,Poquoson,39,0,0,37.14259351,-76.35798148,51735.0,317.82250835302744,0.0,39,36,0,0,36,36,12190,3,0,0,3,0
2020-08-03,US,Virginia,Portsmouth,1540,24,0,36.85914825,-76.35971629,51740.0,1631.3904955613464,1.5584415584415583,1516,1539,24,0,1515,1492,94632,1,0,0,1,47
2020-08-03,US,Virginia,Powhatan,128,4,0,37.55016038,-77.91267882,51145.0,431.6740860650209,3.125,124,127,4,0,123,122,29189,1,0,0,1,5
2020-08-03,US,Virginia,Prince Edward,356,10,0,37.22554789,-78.43597949,51147.0,1561.2665555653016,2.808988764044944,346,351,10,0,341,341,22950,5,0,0,5,10
2020-08-03,US,Virginia,Prince George,341,2,0,37.18497668,-77.22922187,51149.0,889.1090657836412,0.5865102639296188,339,334,2,0,332,332,38082,7,0,0,7,2
2020-08-03,US,Virginia,Prince William,8988,173,0,38.70916224,-77.48713689,51153.0,1910.9783452220227,1.9247886070315976,8815,8907,172,0,8735,8893,468011,81,1,0,80,14
2020-08-03,US,Virginia,Pulaski,75,3,0,37.06474963,-80.71229738,51155.0,220.4132012813354,4.0,72,74,3,0,71,74,34066,1,0,0,1,0
2020-08-03,US,Virginia,Radford,26,0,0,37.12222899,-80.56027320000003,51750.0,142.4735601950792,0.0,26,26,0,0,26,26,18339,0,0,0,0,0
2020-08-03,US,Virginia,Rappahannock,40,2,0,38.68295619,-78.15826963,51157.0,542.7408412483039,5.0,38,40,2,0,38,40,7252,0,0,0,0,0
2020-08-03,US,Virginia,Richmond,317,4,0,37.937575,-76.72920628,51159.0,3513.243932173335,1.2618296529968454,313,317,4,0,313,318,9038,0,0,0,0,-1
2020-08-03,US,Virginia,Richmond City,2992,39,0,37.53255773,-77.47966921,51760.0,1298.40823482442,1.303475935828877,2953,2946,39,0,2907,2936,228783,46,0,0,46,10
2020-08-03,US,Virginia,Roanoke,456,7,0,37.26865804,-80.06396753,51161.0,484.14838723377153,1.5350877192982455,449,447,7,0,440,437,94073,9,0,0,9,10
2020-08-03,US,Virginia,Roanoke City,909,11,0,37.27791025,-79.96189766,51770.0,916.8574685050886,1.2101210121012098,898,903,11,0,892,861,99920,6,0,0,6,42
2020-08-03,US,Virginia,Rockbridge,67,0,0,37.81204314,-79.44605905,51163.0,296.8147787179374,0.0,67,68,0,0,68,66,22752,-1,0,0,-1,2
2020-08-03,US,Virginia,Rockingham,908,17,0,38.51006137,-78.87260325,51165.0,1108.0197198223264,1.8722466960352424,891,901,17,0,884,898,81244,7,0,0,7,3
2020-08-03,US,Virginia,Russell,70,1,0,36.93028320000001,-82.10095486,51167.0,263.2964718272775,1.4285714285714286,69,62,1,0,61,60,26748,8,0,0,8,2
2020-08-03,US,Virginia,Salem,139,3,0,37.2836193,-80.06219455,51775.0,549.3853997865697,2.1582733812949644,136,138,3,0,135,131,25643,1,0,0,1,7
2020-08-03,US,Virginia,Scott,60,3,0,36.71466456,-82.60171704,51169.0,278.2157099137532,5.0,57,54,3,0,51,53,21534,6,0,0,6,1
2020-08-03,US,Virginia,Shenandoah,681,42,0,38.85905135,-78.56813762,51171.0,1561.353631694791,6.167400881057269,639,680,42,0,638,675,43497,1,0,0,1,5
2020-08-03,US,Virginia,Smyth,123,3,0,36.84455636,-81.53344948,51173.0,408.5835769332979,2.4390243902439024,120,120,3,0,117,112,30472,3,0,0,3,8
2020-08-03,US,Virginia,Southampton,240,13,0,36.72231125,-77.10642712,51175.0,1361.23872724179,5.416666666666668,227,238,13,0,225,236,17586,2,0,0,2,2
2020-08-03,US,Virginia,Spotsylvania,1357,34,0,38.18574462,-77.655399,51177.0,996.2192122747127,2.5055268975681653,1323,1332,35,0,1297,1318,134238,25,-1,0,26,14
2020-08-03,US,Virginia,Stafford,1283,7,0,38.41758738,-77.45917053,51179.0,839.2093248387648,0.5455962587685113,1276,1266,7,0,1259,1258,149960,17,0,0,17,8
2020-08-03,US,Virginia,Staunton,143,0,0,38.15965544,-79.05979937,51790.0,573.5600834269212,0.0,143,142,0,0,142,141,24922,1,0,0,1,1
2020-08-03,US,Virginia,Suffolk,1112,49,0,36.70155394,-76.63603554,51800.0,1207.2784122986059,4.406474820143885,1063,1092,49,0,1043,1059,91185,20,0,0,20,33
2020-08-03,US,Virginia,Surry,38,2,0,37.11781893,-76.88450012,51181.0,591.7159763313608,5.2631578947368425,36,37,2,0,35,37,6474,1,0,0,1,0
2020-08-03,US,Virginia,Sussex,279,9,0,36.92432914,-77.25791182,51183.0,2500.2240344116863,3.2258064516129035,270,277,9,0,268,277,11237,2,0,0,2,0
2020-08-03,US,Virginia,Tazewell,98,0,0,37.12191123,-81.56685568,51185.0,241.40904052223183,0.0,98,95,0,0,95,92,40855,3,0,0,3,3
2020-08-03,US,Virginia,Virginia Beach,4427,47,0,36.73285734,-76.04566934,51810.0,983.834621555912,1.0616670431443416,4380,4299,47,0,4252,4178,450189,128,0,0,128,121
2020-08-03,US,Virginia,Warren,348,6,0,38.90847745,-78.20280433,51187.0,866.4475649835672,1.7241379310344829,342,348,7,0,341,348,40003,0,-1,0,1,0
2020-08-03,US,Virginia,Washington,181,4,0,36.72341572,-81.95666289,51191.0,336.8068477856345,2.209944751381216,177,181,4,0,177,172,54402,0,0,0,0,9
2020-08-03,US,Virginia,Waynesboro,167,3,0,38.06451466,-78.90293905,51820.0,737.9584622182942,1.7964071856287425,164,166,3,0,163,166,22628,1,0,0,1,0
2020-08-03,US,Virginia,Westmoreland,195,2,0,38.11021557,-76.80213247,51193.0,1082.4313072439634,1.0256410256410255,193,193,2,0,191,193,17830,2,0,0,2,0
2020-08-03,US,Virginia,Williamsburg,114,6,0,37.28131268,-76.70905141,51830.0,762.3378360304935,5.2631578947368425,108,111,6,0,105,109,14896,3,0,0,3,2
2020-08-03,US,Virginia,Winchester,392,4,0,39.17054517,-78.17325058,51840.0,1396.1108341049933,1.020408163265306,388,392,4,0,388,391,28108,0,0,0,0,1
2020-08-03,US,Virginia,Wise,94,3,0,36.9746148,-82.62410519,51195.0,251.45119439317338,3.191489361702128,91,84,3,0,81,84,38012,10,0,0,10,0
2020-08-03,US,Virginia,Wythe,108,3,0,36.91582035,-81.07834059,51197.0,376.5165248919258,2.7777777777777777,105,105,3,0,102,102,28754,3,0,0,3,3
2020-08-03,US,Virginia,York,318,3,0,37.24374789,-76.54412815,51199.0,465.7293497363796,0.9433962264150944,315,310,3,0,307,308,67846,8,0,0,8,2
2020-08-03,US,Washington,Adams,400,4,0,46.98299757,-118.56017340000001,53001.0,2001.7014462292948,1.0,396,396,4,0,392,386,19759,4,0,0,4,10
2020-08-03,US,Washington,Asotin,24,2,0,46.18894415,-117.2022851,53003.0,106.27933752546276,8.333333333333334,22,24,2,0,22,24,22610,0,0,0,0,0
2020-08-03,US,Washington,Benton,3514,110,0,46.23946995,-119.51208340000001,53005.0,1719.2621948236215,3.130335799658509,3404,3501,110,0,3391,3485,201877,13,0,0,13,16
2020-08-03,US,Washington,Chelan,1177,10,0,47.87046092,-120.6173956,53007.0,1524.6113989637304,0.8496176720475785,1167,1133,10,0,1123,1106,77036,44,0,0,44,27
2020-08-03,US,Washington,Clallam,94,0,0,48.04754642,-123.92263190000001,53009.0,121.55539175750992,0.0,94,94,0,0,94,91,76737,0,0,0,0,3
2020-08-03,US,Washington,Clark,1620,42,0,45.77568046,-122.48292040000001,53011.0,331.80335121384724,2.592592592592593,1578,1610,42,0,1568,1513,481857,10,0,0,10,97
2020-08-03,US,Washington,Columbia,13,1,0,46.29442881,-117.9051983,53013.0,326.2233375156838,7.6923076923076925,12,13,1,0,12,13,4059,0,0,0,0,0
2020-08-03,US,Washington,Cowlitz,446,5,0,46.19074721,-122.6782231,53015.0,403.28049695731187,1.1210762331838564,441,446,5,0,441,441,108987,0,0,0,0,5
2020-08-03,US,Washington,Douglas,830,7,0,47.7361335,-119.69293700000001,53017.0,1911.1653503419373,0.8433734939759037,823,808,7,0,801,788,42907,22,0,0,22,20
2020-08-03,US,Washington,Ferry,18,0,0,48.471143100000006,-118.5154041,53019.0,236.0036711682181,0.0,18,18,0,0,18,13,7649,0,0,0,0,5
2020-08-03,US,Washington,Franklin,3325,47,0,46.53351425,-118.9018212,53021.0,3491.8401209804456,1.4135338345864659,3278,3309,47,0,3262,3281,94347,16,0,0,16,28
2020-08-03,US,Washington,Garfield,2,0,0,46.43197502,-117.54540320000001,53023.0,89.88764044943821,0.0,2,2,0,0,2,2,2247,0,0,0,0,0
2020-08-03,US,Washington,Grant,1294,12,0,47.20753737,-119.4500749,53025.0,1324.0154297934168,0.927357032457496,1282,1276,13,0,1263,1231,97331,18,-1,0,19,45
2020-08-03,US,Washington,Grays Harbor,99,1,0,47.14003705,-123.7820567,53027.0,131.89272724850454,1.0101010101010102,98,97,1,0,96,96,73901,2,0,0,2,1
2020-08-03,US,Washington,Island,239,11,0,48.14713305,-122.5216407,53029.0,280.71082087360963,4.602510460251046,228,239,11,0,228,237,84460,0,0,0,0,2
2020-08-03,US,Washington,Jefferson,53,0,0,47.75003077,-123.56097040000002,53031.0,164.48899785853942,0.0,53,53,0,0,53,51,31729,0,0,0,0,2
2020-08-03,US,Washington,King,15603,658,0,47.49137892,-121.8346131,53033.0,692.6102925183176,4.217137729923731,14945,15501,657,0,14844,15390,2233163,102,1,0,101,111
2020-08-03,US,Washington,Kitsap,658,4,0,47.63479026,-122.6436061,53035.0,242.3813786269721,0.6079027355623101,654,645,4,0,641,633,269805,13,0,0,13,12
2020-08-03,US,Washington,Kittitas,348,17,0,47.12521214,-120.67943899999999,53037.0,725.9831021174507,4.885057471264369,331,348,17,0,331,347,47364,0,0,0,0,1
2020-08-03,US,Washington,Klickitat,106,3,0,45.87325839,-120.7913598,53039.0,472.6867335562988,2.830188679245283,103,106,3,0,103,103,22107,0,0,0,0,3
2020-08-03,US,Washington,Lewis,189,3,0,46.57756476,-122.39257690000001,53041.0,234.1804304459341,1.5873015873015872,186,186,3,0,183,176,79604,3,0,0,3,10
2020-08-03,US,Washington,Lincoln,13,0,0,47.57705241,-118.41943880000001,53043.0,118.8408446841576,0.0,13,13,0,0,13,13,10740,0,0,0,0,0
2020-08-03,US,Washington,Mason,163,1,0,47.35007586,-123.1863685,53045.0,244.12892403546607,0.6134969325153374,162,157,1,0,156,149,65507,6,0,0,6,8
2020-08-03,US,Washington,Okanogan,771,2,0,48.54855019,-119.73872240000001,53047.0,1825.154463461402,0.2594033722438392,769,755,2,0,753,735,42132,16,0,0,16,20
2020-08-03,US,Washington,Pacific,40,2,0,46.55418369,-123.7285716,53049.0,178.00720929197632,5.0,38,40,2,0,38,40,22036,0,0,0,0,0
2020-08-03,US,Washington,Pend Oreille,36,0,0,48.53234021,-117.2741804,53051.0,262.31419411250357,0.0,36,36,0,0,36,35,13602,0,0,0,0,1
2020-08-03,US,Washington,Pierce,5216,129,0,47.03892768,-122.14059579999999,53053.0,576.3663285376473,2.4731595092024543,5087,5127,127,0,5000,5064,891299,89,2,0,87,63
2020-08-03,US,Washington,San Juan,28,0,0,48.60182783,-122.96745,53055.0,159.2537822773291,0.0,28,28,0,0,28,28,17128,0,0,0,0,0
2020-08-03,US,Washington,Skagit,826,21,0,48.48171488,-121.766131,53057.0,639.2941449634302,2.5423728813559316,805,815,21,0,794,805,128206,11,0,0,11,10
2020-08-03,US,Washington,Skamania,53,1,0,46.02408726,-121.91644029999999,53059.0,438.6327898700654,1.8867924528301887,52,53,1,0,52,52,11924,0,0,0,0,1
2020-08-03,US,Washington,Snohomish,5159,190,0,48.04615983,-121.7170703,53061.0,627.5522057991711,3.6828842798992047,4969,5143,189,0,4954,5087,814901,16,1,0,15,56
2020-08-03,US,Washington,Spokane,3909,61,0,47.62113146,-117.4046494,53063.0,747.707527572791,1.5605014070094654,3848,3863,60,0,3803,3806,514631,46,1,0,45,57
2020-08-03,US,Washington,Stevens,92,1,0,48.40035475,-117.8542701,53065.0,201.21164403035672,1.0869565217391304,91,89,1,0,88,89,45260,3,0,0,3,0
2020-08-03,US,Washington,Thurston,640,8,0,46.9291895,-122.82906559999999,53067.0,220.28251232205304,1.25,632,638,8,0,630,636,286419,2,0,0,2,2
2020-08-03,US,Washington,Unassigned,188,1,0,0.0,0.0,90053.0,0.0,0.5319148936170213,187,159,2,0,157,218,,29,-1,0,30,-59
2020-08-03,US,Washington,Wahkiakum,5,0,0,46.29180039999999,-123.4250831,53069.0,111.40819964349377,0.0,5,5,0,0,5,5,4426,0,0,0,0,0
2020-08-03,US,Washington,Walla Walla,454,3,0,46.23040051,-118.4775539,53071.0,747.2021066491112,0.6607929515418502,451,420,3,0,417,413,60922,34,0,0,34,7
2020-08-03,US,Washington,Whatcom,936,38,0,48.82227976,-121.74900179999999,53073.0,408.29323829755685,4.05982905982906,898,922,38,0,884,910,225685,14,0,0,14,12
2020-08-03,US,Washington,Whitman,87,0,0,46.90022523,-117.52417630000001,53075.0,173.63883123103943,0.0,87,88,0,0,88,88,49791,-1,0,0,-1,0
2020-08-03,US,Washington,Yakima,10047,205,0,46.45738486,-120.73801259999999,53077.0,4004.815185372679,2.040410072658505,9842,10017,204,0,9813,9961,251446,30,1,0,29,56
2020-08-03,US,West Virginia,Barbour,29,1,0,39.1307219,-80.00350858,54001.0,176.38829754881093,3.4482758620689653,28,29,1,0,28,29,16535,0,0,0,0,0
2020-08-03,US,West Virginia,Berkeley,657,11,0,39.46704621,-78.02414609,54003.0,551.3086237423535,1.67427701674277,646,655,11,0,644,651,117123,2,0,0,2,4
2020-08-03,US,West Virginia,Boone,79,0,0,38.01974191,-81.69888019,54005.0,368.1782168989141,0.0,79,77,0,0,77,76,21951,2,0,0,2,1
2020-08-03,US,West Virginia,Braxton,8,0,0,38.70036159,-80.72011184,54007.0,57.31890807480117,0.0,8,8,0,0,8,8,14089,0,0,0,0,0
2020-08-03,US,West Virginia,Brooke,62,1,0,40.27367263,-80.57915332,54009.0,282.60175942385706,1.6129032258064515,61,62,1,0,61,61,22203,0,0,0,0,1
2020-08-03,US,West Virginia,Cabell,338,2,0,38.42424062,-82.23855912,54011.0,367.611071836424,0.591715976331361,336,328,2,0,326,325,93224,10,0,0,10,3
2020-08-03,US,West Virginia,Calhoun,6,0,0,38.84315422,-81.11934872,54013.0,84.40005626670418,0.0,6,6,0,0,6,6,7254,0,0,0,0,0
2020-08-03,US,West Virginia,Clay,17,1,0,38.46231092,-81.07652217,54015.0,199.8119417019276,5.882352941176472,16,17,1,0,16,17,8632,0,0,0,0,0
2020-08-03,US,West Virginia,Doddridge,4,0,0,39.27057157,-80.70671527,54017.0,47.34848484848485,0.0,4,4,0,0,4,4,8406,0,0,0,0,0
2020-08-03,US,West Virginia,Fayette,131,5,0,38.02974928,-81.08286634,54019.0,308.9185492618969,3.816793893129771,126,129,5,0,124,129,43018,2,0,0,2,0
2020-08-03,US,West Virginia,Gilmer,16,0,0,38.9251277,-80.85952723,54021.0,204.525118241084,0.0,16,16,0,0,16,16,8026,0,0,0,0,0
2020-08-03,US,West Virginia,Grant,81,0,0,39.10314817,-79.19440518,54023.0,700.207468879668,0.0,81,77,0,0,77,73,11626,4,0,0,4,4
2020-08-03,US,West Virginia,Greenbrier,87,3,0,37.9463652,-80.45335881,54025.0,250.99532629392414,3.4482758620689653,84,87,3,0,84,85,34786,0,0,0,0,2
2020-08-03,US,West Virginia,Hampshire,74,1,0,39.32103553,-78.60826476,54027.0,319.30960086299893,1.351351351351351,73,74,1,0,73,74,23347,0,0,0,0,0
2020-08-03,US,West Virginia,Hancock,102,0,0,40.51943859,-80.57461608,54029.0,354.0437348143006,0.0,102,100,0,0,100,100,29094,2,0,0,2,0
2020-08-03,US,West Virginia,Hardy,54,0,0,39.00683177,-78.85855301,54031.0,391.98606271777015,0.0,54,54,0,0,54,54,13775,0,0,0,0,0
2020-08-03,US,West Virginia,Harrison,198,1,0,39.2853852,-80.37919577,54033.0,294.39752587129766,0.5050505050505051,197,193,1,0,192,187,67554,5,0,0,5,6
2020-08-03,US,West Virginia,Jackson,157,19,0,38.84263974,-81.68148753,54035.0,549.4120940649498,12.101910828025478,138,157,19,0,138,157,28706,0,0,0,0,0
2020-08-03,US,West Virginia,Jefferson,292,4,0,39.30776166,-77.86014147,54037.0,510.97189654569,1.3698630136986298,288,289,4,0,285,287,56811,3,0,0,3,2
2020-08-03,US,West Virginia,Kanawha,851,21,0,38.33860077,-81.52857054,54039.0,477.75706810985605,2.4676850763807288,830,822,21,0,801,808,180454,29,0,0,29,14
2020-08-03,US,West Virginia,Lewis,27,2,0,38.9947249,-80.49988181,54041.0,169.73659395234802,7.407407407407407,25,27,2,0,25,26,16024,0,0,0,0,1
2020-08-03,US,West Virginia,Lincoln,68,0,0,38.172154,-82.07017953,54043.0,333.18633936008615,0.0,68,68,0,0,68,62,20599,0,0,0,0,6
2020-08-03,US,West Virginia,Logan,154,3,0,37.8299889,-81.93528571,54045.0,480.9644273712484,1.9480519480519483,151,148,3,0,145,137,32607,6,0,0,6,11
2020-08-03,US,West Virginia,Marion,179,2,0,39.50984542,-80.24244659,54049.0,319.2324154658297,1.11731843575419,177,176,2,0,174,172,56097,3,0,0,3,4
2020-08-03,US,West Virginia,Marshall,127,0,0,39.86064362,-80.66591062,54051.0,415.97065277914254,0.0,127,125,0,0,125,124,30785,2,0,0,2,1
2020-08-03,US,West Virginia,Mason,49,1,0,38.77071799,-82.02524219,54053.0,184.79408658922915,2.0408163265306123,48,46,1,0,45,46,26718,3,0,0,3,0
2020-08-03,US,West Virginia,McDowell,44,0,0,37.38002939,-81.65083669,54047.0,249.6595551520654,0.0,44,37,0,0,37,32,18223,7,0,0,7,5
2020-08-03,US,West Virginia,Mercer,165,3,0,37.40481169,-81.11023142,54055.0,280.8128254875932,1.818181818181818,162,164,3,0,161,139,59131,1,0,0,1,25
2020-08-03,US,West Virginia,Mineral,113,4,0,39.41561583,-78.94104895,54057.0,420.5746613071312,3.5398230088495577,109,110,4,0,106,109,26940,3,0,0,3,1
2020-08-03,US,West Virginia,Mingo,134,2,0,37.73048351,-82.13338365,54059.0,572.0628415300548,1.492537313432836,132,127,2,0,125,125,23785,7,0,0,7,2
2020-08-03,US,West Virginia,Monongalia,925,5,0,39.63218457,-80.04766838,54061.0,875.8474415786086,0.5405405405405406,920,916,5,0,911,909,106420,9,0,0,9,7
2020-08-03,US,West Virginia,Monroe,19,0,0,37.56274716,-80.54577965,54063.0,143.1261770244821,0.0,19,19,0,0,19,19,13280,0,0,0,0,0
2020-08-03,US,West Virginia,Morgan,26,0,0,39.55439028,-78.26311676,54065.0,145.38134645493182,0.0,26,26,0,0,26,26,17787,0,0,0,0,0
2020-08-03,US,West Virginia,Nicholas,32,1,0,38.29617706,-80.79759588,54067.0,130.63357282821684,3.125,31,32,1,0,31,32,24842,0,0,0,0,0
2020-08-03,US,West Virginia,Ohio,255,4,0,40.0955451,-80.62203992,54069.0,615.7784163628023,1.568627450980392,251,252,4,0,248,249,41755,3,0,0,3,3
2020-08-03,US,West Virginia,Pendleton,38,1,0,38.68314479,-79.35084086,54071.0,545.2719184961975,2.631578947368421,37,37,1,0,36,37,6997,1,0,0,1,0
2020-08-03,US,West Virginia,Pleasants,8,0,0,39.37091679,-81.16771771,54073.0,107.23860589812332,0.0,8,8,0,0,8,8,7507,0,0,0,0,0
2020-08-03,US,West Virginia,Pocahontas,41,0,0,38.32758728,-80.00993811,54075.0,497.1504789620468,0.0,41,41,0,0,41,41,8414,0,0,0,0,0
2020-08-03,US,West Virginia,Preston,124,3,0,39.46770987,-79.66712803,54077.0,370.9021296960996,2.419354838709677,121,123,3,0,120,123,33839,1,0,0,1,0
2020-08-03,US,West Virginia,Putnam,172,0,0,38.50782345,-81.9082131,54079.0,304.69441984056687,0.0,172,167,0,0,167,163,56682,5,0,0,5,4
2020-08-03,US,West Virginia,Raleigh,196,1,0,37.76936795,-81.2456041,54081.0,267.1719305898229,0.5102040816326531,195,189,1,0,188,182,74254,7,0,0,7,7
2020-08-03,US,West Virginia,Randolph,207,0,0,38.769899,-79.87919615,54083.0,721.3800313643492,0.0,207,207,0,0,207,207,28823,0,0,0,0,0
2020-08-03,US,West Virginia,Ritchie,3,0,0,39.18094587,-81.06356878,54085.0,31.400460540087924,0.0,3,3,0,0,3,3,9721,0,0,0,0,0
2020-08-03,US,West Virginia,Roane,14,1,0,38.71622686,-81.35243568,54087.0,102.27936879018118,7.142857142857142,13,14,1,0,13,14,13932,0,0,0,0,0
2020-08-03,US,West Virginia,Summers,7,0,0,37.65390597,-80.86009693,54089.0,55.67485882446513,0.0,7,7,0,0,7,7,12760,0,0,0,0,0
2020-08-03,US,West Virginia,Taylor,53,0,0,39.33602617,-80.0421439,54091.0,317.46031746031747,0.0,53,53,0,0,53,52,16862,0,0,0,0,1
2020-08-03,US,West Virginia,Tucker,11,0,0,39.11240885,-79.57053576,54093.0,160.84222839596433,0.0,11,10,0,0,10,10,6955,1,0,0,1,0
2020-08-03,US,West Virginia,Tyler,12,0,0,39.46811972,-80.88772676,54095.0,139.68106157606798,0.0,12,12,0,0,12,12,8746,0,0,0,0,0
2020-08-03,US,West Virginia,Upshur,38,0,0,38.89285061,-80.23689136,54097.0,157.180675049636,0.0,38,38,0,0,38,38,24415,0,0,0,0,0
2020-08-03,US,West Virginia,Wayne,185,9,0,38.14901357,-82.42287994,54099.0,469.51931374041925,4.864864864864865,176,184,9,0,175,182,39944,1,0,0,1,2
2020-08-03,US,West Virginia,Webster,3,0,0,38.49370949,-80.4202023,54101.0,36.973132856790734,0.0,3,3,0,0,3,3,8285,0,0,0,0,0
2020-08-03,US,West Virginia,Wetzel,41,0,0,39.6065771,-80.64016540000001,54103.0,272.15399933620984,0.0,41,41,0,0,41,41,15270,0,0,0,0,0
2020-08-03,US,West Virginia,Wirt,6,0,0,39.02775007,-81.37473928,54105.0,103.07507301151009,0.0,6,6,0,0,6,6,5830,0,0,0,0,0
2020-08-03,US,West Virginia,Wood,236,4,0,39.20967886,-81.5162836,54107.0,282.57381642280706,1.6949152542372878,232,235,4,0,231,234,84203,1,0,0,1,1
2020-08-03,US,West Virginia,Wyoming,23,1,0,37.612327,-81.54511071,54109.0,112.77826811807394,4.3478260869565215,22,23,1,0,22,21,20786,0,0,0,0,2
2020-08-03,US,Wisconsin,Adams,73,2,0,43.96974651,-89.76782777,55001.0,361.02868447082085,2.7397260273972597,71,73,2,0,71,69,20348,0,0,0,0,4
2020-08-03,US,Wisconsin,Ashland,20,0,0,46.31956891,-90.67837132,55003.0,128.51818532322324,0.0,20,20,0,0,20,19,15600,0,0,0,0,1
2020-08-03,US,Wisconsin,Barron,259,3,0,45.42372701,-91.84833627,55005.0,572.4515957917072,1.1583011583011582,256,255,3,0,252,253,45164,4,0,0,4,2
2020-08-03,US,Wisconsin,Bayfield,20,1,0,46.52868768,-91.19716729,55007.0,133.01409949454643,5.0,19,20,1,0,19,19,15042,0,0,0,0,1
2020-08-03,US,Wisconsin,Brown,4011,51,0,44.452655299999996,-88.00411844,55009.0,1516.2053662556418,1.2715033657442034,3960,4008,51,0,3957,3962,263378,3,0,0,3,46
2020-08-03,US,Wisconsin,Buffalo,41,2,0,44.37835084,-91.75332578,55011.0,314.6343335123936,4.878048780487805,39,41,2,0,39,41,13125,0,0,0,0,0
2020-08-03,US,Wisconsin,Burnett,18,1,0,45.86303537,-92.36711412,55013.0,116.77695601401324,5.5555555555555545,17,14,1,0,13,14,15392,4,0,0,4,0
2020-08-03,US,Wisconsin,Calumet,258,2,0,44.0816316,-88.21780273,55015.0,515.0831519894589,0.7751937984496124,256,256,2,0,254,246,50159,2,0,0,2,10
2020-08-03,US,Wisconsin,Chippewa,210,0,0,45.06939744,-91.28068855,55017.0,324.7857960345201,0.0,210,209,0,0,209,209,64135,1,0,0,1,0
2020-08-03,US,Wisconsin,Clark,177,7,0,44.73483377,-90.61207486,55019.0,509.0009777419912,3.9548022598870056,170,174,7,0,167,173,34709,3,0,0,3,1
2020-08-03,US,Wisconsin,Columbia,227,1,0,43.46492199,-89.33589004,55021.0,394.5630257943406,0.4405286343612335,226,224,1,0,223,219,57358,3,0,0,3,5
2020-08-03,US,Wisconsin,Crawford,62,0,0,43.23870316,-90.93073686,55023.0,384.3531089207117,0.0,62,62,0,0,62,57,16291,0,0,0,0,5
2020-08-03,US,Wisconsin,Dane,4230,37,0,43.06601594,-89.41733797,55025.0,773.740385406854,0.8747044917257684,4193,4198,37,0,4161,4112,542364,32,0,0,32,86
2020-08-03,US,Wisconsin,Dodge,705,5,0,43.41576662,-88.70928178,55027.0,802.6047655369482,0.7092198581560284,700,702,5,0,697,675,87847,3,0,0,3,27
2020-08-03,US,Wisconsin,Door,85,3,0,44.95856458,-87.30002707,55029.0,307.2141101633656,3.5294117647058822,82,85,3,0,82,85,27610,0,0,0,0,0
2020-08-03,US,Wisconsin,Douglas,135,0,0,46.43222285,-91.91595768,55031.0,312.8621089223638,0.0,135,133,0,0,133,122,43208,2,0,0,2,11
2020-08-03,US,Wisconsin,Dunn,105,0,0,44.94562799,-91.8962481,55033.0,231.44066302239463,0.0,105,105,0,0,105,105,45131,0,0,0,0,0
2020-08-03,US,Wisconsin,Eau Claire,507,3,0,44.726614,-91.28609183,55035.0,484.49056820136457,0.591715976331361,504,503,3,0,500,485,104534,4,0,0,4,18
2020-08-03,US,Wisconsin,Florence,7,0,0,45.84963535,-88.39804137,55037.0,162.98020954598368,0.0,7,7,0,0,7,7,4321,0,0,0,0,0
2020-08-03,US,Wisconsin,Fond du Lac,571,6,0,43.75354908,-88.48885325,55039.0,552.208349854453,1.0507880910683012,565,560,6,0,554,545,103066,11,0,0,11,15
2020-08-03,US,Wisconsin,Forest,59,4,0,45.66678019,-88.77084892,55041.0,655.264326965793,6.779661016949151,55,59,4,0,55,59,8991,0,0,0,0,0
2020-08-03,US,Wisconsin,Grant,329,14,0,42.8671731,-90.7063218,55043.0,639.5925270708997,4.25531914893617,315,328,14,0,314,320,51554,1,0,0,1,8
2020-08-03,US,Wisconsin,Green,131,1,0,42.6794956,-89.60243287,55045.0,354.43722943722946,0.7633587786259542,130,130,1,0,129,125,36929,1,0,0,1,5
2020-08-03,US,Wisconsin,Green Lake,52,0,0,43.80025981,-89.04679553,55047.0,274.9431607888754,0.0,52,52,0,0,52,52,18918,0,0,0,0,0
2020-08-03,US,Wisconsin,Iowa,65,0,0,43.00050278,-90.13469017,55049.0,274.5164287524284,0.0,65,63,0,0,63,63,23771,2,0,0,2,0
2020-08-03,US,Wisconsin,Iron,72,1,0,46.26302338,-90.24295041,55051.0,1266.0453666256376,1.3888888888888888,71,72,1,0,71,71,5676,0,0,0,0,1
2020-08-03,US,Wisconsin,Jackson,49,1,0,44.31864893,-90.80566792,55053.0,237.3685995252628,2.0408163265306123,48,48,1,0,47,47,20478,1,0,0,1,1
2020-08-03,US,Wisconsin,Jefferson,564,5,0,43.02054068,-88.77529134,55055.0,665.3375644398304,0.8865248226950354,559,556,5,0,551,550,85129,8,0,0,8,6
2020-08-03,US,Wisconsin,Juneau,129,1,0,43.92456975,-90.11120239,55057.0,483.3814216659797,0.7751937984496124,128,129,1,0,128,122,26617,0,0,0,0,7
2020-08-03,US,Wisconsin,Kenosha,2499,53,0,42.57639354,-88.04051686,55059.0,1473.8058869669323,2.1208483393357342,2446,2474,53,0,2421,2453,169290,25,0,0,25,21
2020-08-03,US,Wisconsin,Kewaunee,110,2,0,44.51727459,-87.61468386,55061.0,538.3184887931878,1.818181818181818,108,110,2,0,108,110,20383,0,0,0,0,0
2020-08-03,US,Wisconsin,La Crosse,825,1,0,43.90632465,-91.11451093,55063.0,699.0577548806941,0.12121212121212123,824,821,1,0,820,795,118230,4,0,0,4,26
2020-08-03,US,Wisconsin,Lafayette,110,0,0,42.66005229,-90.1317729,55065.0,660.0660066006601,0.0,110,108,0,0,108,105,16665,2,0,0,2,3
2020-08-03,US,Wisconsin,Langlade,49,1,0,45.26271619,-89.07483625,55067.0,255.35463025691803,2.0408163265306123,48,48,1,0,47,46,19268,1,0,0,1,2
2020-08-03,US,Wisconsin,Lincoln,64,0,0,45.33737523,-89.73411273,55069.0,231.94288406479905,0.0,64,63,0,0,63,61,27689,1,0,0,1,2
2020-08-03,US,Wisconsin,Manitowoc,306,1,0,44.11946801,-87.80928853,55071.0,387.43495271014547,0.32679738562091504,305,301,1,0,300,295,79074,5,0,0,5,6
2020-08-03,US,Wisconsin,Marathon,580,6,0,44.89792533,-89.75863384,55073.0,427.4386109719069,1.0344827586206895,574,578,6,0,572,561,135428,2,0,0,2,17
2020-08-03,US,Wisconsin,Marinette,331,3,0,45.38553432,-88.03324599999998,55075.0,820.3221809169763,0.9063444108761328,328,315,3,0,312,298,40434,16,0,0,16,17
2020-08-03,US,Wisconsin,Marquette,71,1,0,43.81911946,-89.40073763,55077.0,455.88801849235915,1.4084507042253518,70,71,1,0,70,69,15434,0,0,0,0,2
2020-08-03,US,Wisconsin,Menominee,20,0,0,45.00422544,-88.70950714,55078.0,438.9815627743634,0.0,20,19,0,0,19,18,4658,1,0,0,1,1
2020-08-03,US,Wisconsin,Milwaukee,19855,446,0,43.00486062,-87.96733172,55079.0,2099.445293880045,2.246285570385293,19409,19727,446,0,19281,19519,948201,128,0,0,128,208
2020-08-03,US,Wisconsin,Monroe,226,1,0,43.94641218,-90.61881899999999,55081.0,488.61695457591935,0.4424778761061947,225,222,1,0,221,212,46051,4,0,0,4,10
2020-08-03,US,Wisconsin,Oconto,183,0,0,45.02715345,-88.26807503,55083.0,482.4677036646454,0.0,183,183,0,0,183,178,37830,0,0,0,0,5
2020-08-03,US,Wisconsin,Oneida,89,0,0,45.70677897,-89.51944105,55085.0,250.03511729175446,0.0,89,88,0,0,88,87,35470,1,0,0,1,1
2020-08-03,US,Wisconsin,Outagamie,1113,13,0,44.41578887,-88.46565023,55087.0,592.3836389280677,1.1680143755615453,1100,1102,13,0,1089,1077,187365,11,0,0,11,25
2020-08-03,US,Wisconsin,Ozaukee,568,17,0,43.38352225,-87.94625009,55089.0,636.6214232075407,2.992957746478873,551,568,17,0,551,558,89147,0,0,0,0,10
2020-08-03,US,Wisconsin,Pepin,40,0,0,44.58307413,-91.99949611,55091.0,548.9227391244682,0.0,40,40,0,0,40,40,7289,0,0,0,0,0
2020-08-03,US,Wisconsin,Pierce,174,0,0,44.71850291,-92.4224416,55093.0,406.9794639098096,0.0,174,170,0,0,170,169,42555,4,0,0,4,1
2020-08-03,US,Wisconsin,Polk,120,2,0,45.46130348,-92.44182875,55095.0,274.0789804261928,1.6666666666666667,118,120,2,0,118,117,43598,0,0,0,0,3
2020-08-03,US,Wisconsin,Portage,355,0,0,44.47558711,-89.50152965,55097.0,501.61080653365735,0.0,355,354,0,0,354,344,70942,1,0,0,1,10
2020-08-03,US,Wisconsin,Price,21,0,0,45.68051754,-90.36098879999999,55099.0,157.29158864504532,0.0,21,22,0,0,22,21,13397,-1,0,0,-1,1
2020-08-03,US,Wisconsin,Racine,3249,76,0,42.74753117,-88.05941254,55101.0,1655.0269725079086,2.3391812865497075,3173,3245,76,0,3169,3191,196584,4,0,0,4,54
2020-08-03,US,Wisconsin,Richland,32,4,0,43.3762778,-90.43012729,55103.0,185.48574078367724,12.5,28,32,4,0,28,27,17377,0,0,0,0,5
2020-08-03,US,Wisconsin,Rock,1371,26,0,42.67151616,-89.07147900000002,55105.0,839.2815602923712,1.896425966447848,1345,1366,26,0,1340,1357,163129,5,0,0,5,9
2020-08-03,US,Wisconsin,Rusk,16,1,0,45.47498854,-91.1333012,55107.0,112.85089575398504,6.25,15,16,1,0,15,15,14147,0,0,0,0,1
2020-08-03,US,Wisconsin,Sauk,392,3,0,43.42574087,-89.94966132,55111.0,608.2989354768629,0.7653061224489796,389,386,3,0,383,372,64249,6,0,0,6,14
2020-08-03,US,Wisconsin,Sawyer,40,0,0,45.87931905,-91.14504927,55113.0,241.57506945283245,0.0,40,37,0,0,37,36,16489,3,0,0,3,1
2020-08-03,US,Wisconsin,Shawano,161,0,0,44.78902246,-88.76443896,55115.0,393.65265654416976,0.0,161,158,0,0,158,153,40796,3,0,0,3,5
2020-08-03,US,Wisconsin,Sheboygan,622,5,0,43.72099677,-87.94579284,55117.0,539.2751864054102,0.8038585209003215,617,609,5,0,604,586,115456,13,0,0,13,23
2020-08-03,US,Wisconsin,St. Croix,452,2,0,45.03437474,-92.45000068,55109.0,498.4176342805474,0.4424778761061947,450,447,2,0,445,442,89694,5,0,0,5,5
2020-08-03,US,Wisconsin,Taylor,54,0,0,45.21179252,-90.5004405,55119.0,265.44757410411444,0.0,54,52,0,0,52,50,20412,2,0,0,2,2
2020-08-03,US,Wisconsin,Trempealeau,307,2,0,44.30360275,-91.35893614,55121.0,1035.4480758204325,0.6514657980456026,305,307,2,0,305,305,29442,0,0,0,0,2
2020-08-03,US,Wisconsin,Vernon,58,0,0,43.59422667,-90.8324691,55123.0,188.17727597170853,0.0,58,58,0,0,58,58,30785,0,0,0,0,0
2020-08-03,US,Wisconsin,Vilas,38,0,0,46.05467334,-89.51719204,55125.0,171.20973192160398,0.0,38,38,0,0,38,30,21938,0,0,0,0,8
2020-08-03,US,Wisconsin,Walworth,1258,21,0,42.66858202,-88.54163073,55127.0,1211.1526167828395,1.669316375198728,1237,1237,21,0,1216,1225,103718,21,0,0,21,12
2020-08-03,US,Wisconsin,Washburn,35,0,0,45.89838588,-91.79050449,55129.0,222.64631043257003,0.0,35,34,0,0,34,29,15878,1,0,0,1,5
2020-08-03,US,Wisconsin,Washington,880,22,0,43.36863664,-88.22974712,55131.0,646.8970992545983,2.5,858,880,22,0,858,860,135693,0,0,0,0,20
2020-08-03,US,Wisconsin,Waukesha,3693,55,0,43.01833055,-88.30431188,55133.0,913.6611264776174,1.4893040888166802,3638,3663,55,0,3608,3578,403072,30,0,0,30,85
2020-08-03,US,Wisconsin,Waupaca,379,15,0,44.47068056,-88.96534501,55135.0,743.282996666013,3.9577836411609497,364,370,15,0,355,359,51128,9,0,0,9,11
2020-08-03,US,Wisconsin,Waushara,107,0,0,44.11324419,-89.24317107,55137.0,437.75313995827037,0.0,107,106,0,0,106,100,24263,1,0,0,1,6
2020-08-03,US,Wisconsin,Winnebago,1063,18,0,44.06886922,-88.64477096,55139.0,618.3576003304112,1.6933207902163687,1045,1055,17,0,1038,1041,171020,8,1,0,7,14
2020-08-03,US,Wisconsin,Wood,241,1,0,44.45537896,-90.04158336,55141.0,330.1415087877916,0.4149377593360996,240,238,1,0,237,229,73055,3,0,0,3,9
2020-08-03,US,Wyoming,Albany,88,0,0,41.65498705,-105.72354150000001,56001.0,226.33744855967083,0.0,88,87,0,0,87,85,38601,1,0,0,1,2
2020-08-03,US,Wyoming,Big Horn,36,0,0,44.52405055,-107.9960365,56003.0,305.3435114503817,0.0,36,36,0,0,36,35,11881,0,0,0,0,1
2020-08-03,US,Wyoming,Campbell,118,0,0,44.24886082,-105.54744040000001,56005.0,254.63412528862133,0.0,118,118,0,0,118,116,46140,0,0,0,0,2
2020-08-03,US,Wyoming,Carbon,82,0,0,41.69357844,-106.9326084,56007.0,554.0540540540541,0.0,82,78,0,0,78,78,14971,4,0,0,4,0
2020-08-03,US,Wyoming,Converse,31,0,0,42.97272268,-105.5081848,56009.0,224.2801331211113,0.0,31,31,0,0,31,30,13640,0,0,0,0,1
2020-08-03,US,Wyoming,Crook,9,0,0,44.58855102,-104.56977049999999,56011.0,118.67088607594937,0.0,9,9,0,0,9,9,7450,0,0,0,0,0
2020-08-03,US,Wyoming,Fremont,488,0,0,43.04183996,-108.6296893,56013.0,1242.9637553806574,0.0,488,475,0,0,475,473,39531,13,0,0,13,2
2020-08-03,US,Wyoming,Goshen,19,0,0,42.08798185,-104.3534743,56015.0,143.819544319128,0.0,19,15,0,0,15,14,13376,4,0,0,4,1
2020-08-03,US,Wyoming,Hot Springs,18,0,0,43.71930657,-108.44231740000001,56017.0,407.8857919782462,0.0,18,18,0,0,18,18,4555,0,0,0,0,0
2020-08-03,US,Wyoming,Johnson,22,1,0,44.04057166,-106.58451740000001,56019.0,260.5091770278271,4.545454545454546,21,22,1,0,21,22,8460,0,0,0,0,0
2020-08-03,US,Wyoming,Laramie,479,0,0,41.30702520000001,-104.6887497,56021.0,481.40703517587934,0.0,479,473,0,0,473,462,98976,6,0,0,6,11
2020-08-03,US,Wyoming,Lincoln,92,0,0,42.26376367,-110.6563997,56023.0,463.9435199193142,0.0,92,92,0,0,92,89,19434,0,0,0,0,3
2020-08-03,US,Wyoming,Natrona,217,0,0,42.96180148,-106.79788500000001,56025.0,271.73232487665604,0.0,217,216,0,0,216,215,79115,1,0,0,1,1
2020-08-03,US,Wyoming,Niobrara,2,0,0,43.05607708,-104.47588959999999,56027.0,84.88964346349746,0.0,2,2,0,0,2,2,2388,0,0,0,0,0
2020-08-03,US,Wyoming,Park,117,0,0,44.52157546,-109.58528249999999,56029.0,400.76728094813996,0.0,117,117,0,0,117,117,29324,0,0,0,0,0
2020-08-03,US,Wyoming,Platte,5,0,0,42.13299116,-104.96633100000001,56031.0,59.57345406886692,0.0,5,5,0,0,5,5,8566,0,0,0,0,0
2020-08-03,US,Wyoming,Sheridan,61,0,0,44.79048913,-106.8862389,56033.0,200.09840905363288,0.0,61,60,0,0,60,60,30233,1,0,0,1,0
2020-08-03,US,Wyoming,Sublette,37,0,0,42.76558279,-109.91309220000001,56035.0,376.3604923202116,0.0,37,37,0,0,37,36,9813,0,0,0,0,1
2020-08-03,US,Wyoming,Sweetwater,250,0,0,41.65943896,-108.8827882,56037.0,590.4163616182133,0.0,250,247,0,0,247,242,43051,3,0,0,3,5
2020-08-03,US,Wyoming,Teton,358,0,0,43.93522482,-110.5890801,56039.0,1525.741561541084,0.0,358,354,0,0,354,348,23081,4,0,0,4,6
2020-08-03,US,Wyoming,Uinta,265,0,0,41.2878183,-110.54757820000002,56041.0,1310.1947987738554,0.0,265,262,0,0,262,259,20299,3,0,0,3,3
2020-08-03,US,Wyoming,Unassigned,0,26,0,0.0,0.0,90056.0,0.0,0.0,-26,0,25,0,-25,0,,0,1,0,-1,0
2020-08-03,US,Wyoming,Washakie,49,0,0,43.90451606,-107.68018700000002,56043.0,627.8026905829596,0.0,49,49,0,0,49,49,7885,0,0,0,0,0
2020-08-03,US,Wyoming,Weston,5,0,0,43.83961191,-104.56748809999999,56045.0,72.18131947452,0.0,5,5,0,0,5,5,6967,0,0,0,0,0
