Date,Country/Region,Province/State,Admin2,Confirmed,Deaths,Recovered,Latitude,Longitude,FIPS,Incidence_Rate,Case-Fatality_Ratio,Active Cases,Previous Confirmed,Previous Deaths,Previous Recovered,Previous Active,Prev2 Confirmed,Population,Daily Confirmed,Daily Deaths,Daily Recovered,Daily Active,Previous Daily Confirmed
2020-07-18,US,Alabama,Autauga,810,20,0,32.53952745,-86.64408227,1001.0,1449.8201149116685,2.469135802469136,790,773,20,0,753,765,55601,37,0,0,37,8
2020-07-18,US,Alabama,Baldwin,1796,14,0,30.72774991,-87.72207058,1003.0,804.536943297168,0.779510022271715,1782,1669,13,0,1656,1579,218022,127,1,0,126,90
2020-07-18,US,Alabama,Barbour,465,3,0,31.868263,-85.3871286,1005.0,1883.658753949607,0.6451612903225806,462,448,3,0,445,444,24881,17,0,0,17,4
2020-07-18,US,Alabama,Bibb,260,2,0,32.99642064,-87.12511459999996,1007.0,1161.0252746271326,0.7692307692307693,258,251,2,0,249,243,22400,9,0,0,9,8
2020-07-18,US,Alabama,Blount,421,1,0,33.98210918,-86.56790593,1009.0,728.0462075882823,0.2375296912114014,420,406,1,0,405,395,57840,15,0,0,15,11
2020-07-18,US,Alabama,Bullock,392,10,0,32.10030533,-85.71265535,1011.0,3880.8038808038814,2.5510204081632653,382,388,10,0,378,384,10138,4,0,0,4,4
2020-07-18,US,Alabama,Butler,671,32,0,31.75300095,-86.68057478,1013.0,3450.226244343892,4.7690014903129665,639,665,32,0,633,662,19680,6,0,0,6,3
2020-07-18,US,Alabama,Calhoun,724,6,0,33.77483727,-85.82630386,1015.0,637.295893666652,0.8287292817679558,718,703,6,0,697,659,114277,21,0,0,21,44
2020-07-18,US,Alabama,Chambers,730,33,0,32.91360079,-85.39072749,1017.0,2195.2246346304205,4.520547945205481,697,717,32,0,685,710,33615,13,1,0,12,7
2020-07-18,US,Alabama,Cherokee,158,7,0,34.17805983,-85.60638968,1019.0,603.1455183997558,4.4303797468354436,151,150,7,0,143,146,26032,8,0,0,8,4
2020-07-18,US,Alabama,Chilton,427,3,0,32.85044126,-86.7173256,1021.0,961.1056090753578,0.7025761124121779,424,408,3,0,405,387,44153,19,0,0,19,21
2020-07-18,US,Alabama,Choctaw,235,12,0,32.02227341,-88.26564429999998,1023.0,1866.7090316943365,5.1063829787234045,223,227,12,0,215,222,12841,8,0,0,8,5
2020-07-18,US,Alabama,Clarke,376,7,0,31.68099859,-87.83548597,1025.0,1591.7365168063668,1.8617021276595744,369,369,6,0,363,352,23920,7,1,0,6,17
2020-07-18,US,Alabama,Clay,108,2,0,33.26984193,-85.85836077,1027.0,816.0181337363052,1.851851851851852,106,97,2,0,95,96,13275,11,0,0,11,1
2020-07-18,US,Alabama,Cleburne,72,1,0,33.67679204,-85.52005899,1029.0,482.89738430583503,1.3888888888888888,71,67,1,0,66,63,14987,5,0,0,5,4
2020-07-18,US,Alabama,Coffee,519,4,0,31.39932826,-85.98901039,1031.0,991.55553857323,0.7707129094412332,515,493,4,0,489,483,51909,26,0,0,26,10
2020-07-18,US,Alabama,Colbert,702,9,0,34.69847452,-87.80168544,1033.0,1270.7952426639633,1.2820512820512822,693,670,8,0,662,645,54762,32,1,0,31,25
2020-07-18,US,Alabama,Conecuh,279,9,0,31.43401703,-86.99320044,1035.0,2312.090826220269,3.2258064516129035,270,270,9,0,261,268,12277,9,0,0,9,2
2020-07-18,US,Alabama,Coosa,69,1,0,32.93690146,-86.24847739,1037.0,647.0974397449122,1.4492753623188406,68,69,1,0,68,68,10715,0,0,0,0,1
2020-07-18,US,Alabama,Covington,520,16,0,31.247785399999998,-86.45050893,1039.0,1403.546654430619,3.0769230769230766,504,490,16,0,474,478,36986,30,0,0,30,12
2020-07-18,US,Alabama,Crenshaw,151,3,0,31.72941803,-86.31593104,1041.0,1096.4275341272146,1.9867549668874167,148,146,3,0,143,145,13824,5,0,0,5,1
2020-07-18,US,Alabama,Cullman,774,7,0,34.13020303,-86.86888037,1043.0,923.9805176200937,0.9043927648578812,767,760,7,0,753,729,83442,14,0,0,14,31
2020-07-18,US,Alabama,Dale,503,3,0,31.43037123,-85.61095742,1045.0,1022.9398844871063,0.5964214711729622,500,490,3,0,487,454,48956,13,0,0,13,36
2020-07-18,US,Alabama,Dallas,1101,13,0,32.32688101,-87.10866709999998,1047.0,2959.9956984622004,1.1807447774750226,1088,1074,13,0,1061,1065,38310,27,0,0,27,9
2020-07-18,US,Alabama,DeKalb,1271,7,0,34.45946862,-85.80782906,1049.0,1777.2992323074127,0.5507474429583006,1264,1216,7,0,1209,1185,71385,55,0,0,55,31
2020-07-18,US,Alabama,Elmore,1222,27,0,32.59785413,-86.14415284,1051.0,1504.75932470539,2.20949263502455,1195,1165,27,0,1138,1148,81887,57,0,0,57,17
2020-07-18,US,Alabama,Escambia,594,13,0,31.1256789,-87.15918694,1053.0,1621.4888215543365,2.1885521885521886,581,590,13,0,577,571,36748,4,0,0,4,19
2020-07-18,US,Alabama,Etowah,1264,15,0,34.04567266,-86.04051873,1055.0,1235.9682403097745,1.1867088607594938,1249,1236,15,0,1221,1175,102501,28,0,0,28,61
2020-07-18,US,Alabama,Fayette,117,5,0,33.72076938,-87.73886638,1057.0,717.7033492822967,4.2735042735042725,112,111,3,0,108,104,16433,6,2,0,4,7
2020-07-18,US,Alabama,Franklin,1011,16,0,34.44235334,-87.84289505,1059.0,3223.646451119189,1.5825914935707222,995,996,16,0,980,979,31363,15,0,0,15,17
2020-07-18,US,Alabama,Geneva,134,0,0,31.09389027,-85.83572839,1061.0,510.06813596741654,0.0,134,118,0,0,118,113,26314,16,0,0,16,5
2020-07-18,US,Alabama,Greene,217,9,0,32.85504247,-87.95684022,1063.0,2675.3791147823945,4.147465437788019,208,212,9,0,203,209,8233,5,0,0,5,3
2020-07-18,US,Alabama,Hale,393,23,0,32.76039258,-87.63284988,1065.0,2682.4107569449184,5.852417302798983,370,387,23,0,364,383,14726,6,0,0,6,4
2020-07-18,US,Alabama,Henry,181,3,0,31.51148016,-85.24267944,1067.0,1052.0197616971811,1.6574585635359116,178,172,3,0,169,167,17209,9,0,0,9,5
2020-07-18,US,Alabama,Houston,773,8,0,31.15197924,-85.29939599,1069.0,730.0579890821858,1.034928848641656,765,737,8,0,729,708,104722,36,0,0,36,29
2020-07-18,US,Alabama,Jackson,546,3,0,34.78144169,-85.99750489,1071.0,1057.6066323170496,0.5494505494505495,543,540,3,0,537,515,51736,6,0,0,6,25
2020-07-18,US,Alabama,Jefferson,8400,183,0,33.55554728,-86.89506300000002,1073.0,1275.4850259576388,2.1785714285714284,8217,8105,182,0,7923,7809,659300,295,1,0,294,296
2020-07-18,US,Alabama,Lamar,117,1,0,33.77995024,-88.09668032,1075.0,847.5190148496921,0.8547008547008547,116,114,1,0,113,101,13844,3,0,0,3,13
2020-07-18,US,Alabama,Lauderdale,730,8,0,34.90171875,-87.65624729,1077.0,787.2402376818469,1.095890410958904,722,701,8,0,693,690,92387,29,0,0,29,11
2020-07-18,US,Alabama,Lawrence,183,0,0,34.52041498,-87.31069453,1079.0,555.8255376017495,0.0,183,173,0,0,173,162,32957,10,0,0,10,11
2020-07-18,US,Alabama,Lee,1960,38,0,32.60154883,-85.35132246,1081.0,1191.1852293031563,1.9387755102040816,1922,1922,38,0,1884,1861,163941,38,0,0,38,61
2020-07-18,US,Alabama,Limestone,814,5,0,34.81185586,-86.98310072,1083.0,822.9287772329777,0.6142506142506142,809,787,5,0,782,748,96174,27,0,0,27,39
2020-07-18,US,Alabama,Lowndes,511,23,0,32.1597283,-86.65158371,1085.0,5253.9584618548215,4.500978473581212,488,503,23,0,480,500,9974,8,0,0,8,3
2020-07-18,US,Alabama,Macon,248,10,0,32.38759944,-85.69267724,1087.0,1372.5924286030552,4.032258064516129,238,244,10,0,234,240,18439,4,0,0,4,4
2020-07-18,US,Alabama,Madison,3323,14,0,34.76327133,-86.55069633,1089.0,891.1021187474691,0.4213060487511285,3309,3148,14,0,3134,2973,366519,175,0,0,175,175
2020-07-18,US,Alabama,Marengo,413,11,0,32.24767634,-87.78796182,1091.0,2189.4714520489847,2.6634382566585955,402,395,11,0,384,388,19066,18,0,0,18,7
2020-07-18,US,Alabama,Marion,409,16,0,34.13697363,-87.88704173,1093.0,1376.6871991652358,3.9119804400977993,393,385,14,0,371,365,29763,24,2,0,22,20
2020-07-18,US,Alabama,Marshall,2284,19,0,34.36975964,-86.30486727,1095.0,2360.1380536094407,0.8318739054290718,2265,2263,13,0,2250,2206,96109,21,6,0,15,57
2020-07-18,US,Alabama,Mobile,5899,161,0,30.78472347,-88.20842409,1097.0,1427.6033977880497,2.7292761484997463,5738,5713,161,0,5552,5514,413757,186,0,0,186,199
2020-07-18,US,Alabama,Monroe,310,3,0,31.56729412,-87.36995001,1099.0,1495.2008874740752,0.967741935483871,307,303,3,0,300,295,21067,7,0,0,7,8
2020-07-18,US,Alabama,Montgomery,4985,123,0,32.2206831,-86.20969272,1101.0,2201.019047534947,2.46740220661986,4862,4855,121,0,4734,4806,225763,130,2,0,128,49
2020-07-18,US,Alabama,Morgan,1622,10,0,34.45500589,-86.85475946,1103.0,1355.2920729618395,0.6165228113440198,1612,1577,10,0,1567,1516,119089,45,0,0,45,61
2020-07-18,US,Alabama,Perry,312,3,0,32.64048341,-87.29770589,1105.0,3496.581867085061,0.9615384615384616,309,294,3,0,291,278,9140,18,0,0,18,16
2020-07-18,US,Alabama,Pickens,299,7,0,33.28094866,-88.08818103,1107.0,1500.2508780732564,2.34113712374582,292,293,7,0,286,286,19938,6,0,0,6,7
2020-07-18,US,Alabama,Pike,533,6,0,31.80396383,-85.9408295,1109.0,1609.5911095005133,1.125703564727955,527,523,6,0,517,519,33338,10,0,0,10,4
2020-07-18,US,Alabama,Randolph,300,10,0,33.29526734,-85.45708831,1111.0,1320.306311064167,3.333333333333333,290,297,10,0,287,290,22725,3,0,0,3,7
2020-07-18,US,Alabama,Russell,885,0,0,32.28725256,-85.18415324,1113.0,1526.8887700350235,0.0,885,857,0,0,857,811,57781,28,0,0,28,46
2020-07-18,US,Alabama,Shelby,2148,27,0,33.26879845,-86.66232561,1117.0,986.6698514483099,1.2569832402234635,2121,2055,27,0,2028,1972,215707,93,0,0,93,83
2020-07-18,US,Alabama,St. Clair,763,4,0,33.71902176,-86.31029372,1115.0,852.3996782554294,0.5242463958060288,759,738,4,0,734,706,88690,25,0,0,25,32
2020-07-18,US,Alabama,Sumter,315,13,0,32.59117397,-88.19916205,1119.0,2534.803250985757,4.126984126984127,302,312,13,0,299,309,12691,3,0,0,3,3
2020-07-18,US,Alabama,Talladega,567,8,0,33.37823223,-86.16886178,1121.0,708.9449598639626,1.4109347442680775,559,537,8,0,529,507,79828,30,0,0,30,30
2020-07-18,US,Alabama,Tallapoosa,690,72,0,32.86698258,-85.79833053,1123.0,1709.3170163747614,10.434782608695652,618,678,72,0,606,672,40497,12,0,0,12,6
2020-07-18,US,Alabama,Tuscaloosa,3068,55,0,33.28726072,-87.52556818,1125.0,1465.4534164457502,1.7926988265971318,3013,2994,55,0,2939,2931,208911,74,0,0,74,63
2020-07-18,US,Alabama,Unassigned,1054,33,0,0.0,0.0,90001.0,0.0,3.1309297912713467,1021,980,33,0,947,930,,74,0,0,74,50
2020-07-18,US,Alabama,Walker,1226,50,0,33.80270512,-87.30027177,1127.0,1930.070370428677,4.078303425774878,1176,1202,48,0,1154,1160,63711,24,2,0,22,42
2020-07-18,US,Alabama,Washington,198,9,0,31.4092794,-88.20689944,1129.0,1212.7894156560087,4.545454545454546,189,191,9,0,182,180,16378,7,0,0,7,11
2020-07-18,US,Alabama,Wilcox,341,9,0,31.98773215,-87.30891118,1131.0,3287.3806998939563,2.6392961876832843,332,337,8,0,329,334,10627,4,1,0,3,3
2020-07-18,US,Alabama,Winston,341,8,0,34.15030532,-87.37325922,1133.0,1443.1419019002076,2.3460410557184748,333,335,7,0,328,330,23660,6,1,0,5,5
2020-07-18,US,Alaska,Aleutians West,1,0,0,52.3233,-174.1596,2016.0,17.749378771742986,0.0,1,1,0,0,1,1,5723,0,0,0,0,0
2020-07-18,US,Alaska,Anchorage,870,9,0,61.14998174,-149.14269860000005,2020.0,302.0833333333333,1.0344827586206895,861,837,8,0,829,815,291538,33,1,0,32,22
2020-07-18,US,Alaska,Bethel,16,0,0,60.90980451,-159.8561831,2050.0,87.02273468943761,0.0,16,16,0,0,16,16,18216,0,0,0,0,0
2020-07-18,US,Alaska,Bristol Bay,5,0,0,58.74513976,-156.701064,2060.0,598.0861244019137,0.0,5,5,0,0,5,5,877,0,0,0,0,0
2020-07-18,US,Alaska,Dillingham,1,0,0,59.79603738,-158.23819419999995,2070.0,20.34174125305126,0.0,1,1,0,0,1,1,5000,0,0,0,0,0
2020-07-18,US,Alaska,Fairbanks North Star,300,2,0,64.80726247,-146.5692662,2090.0,309.76055509091475,0.6666666666666666,298,291,2,0,289,289,98971,9,0,0,9,2
2020-07-18,US,Alaska,Haines,3,0,0,59.09893571,-135.4679843,2100.0,118.57707509881423,0.0,3,3,0,0,3,3,2474,0,0,0,0,0
2020-07-18,US,Alaska,Juneau,58,2,0,58.45031811,-134.200436,2110.0,181.3973853756177,3.4482758620689653,56,56,2,0,54,53,32113,2,0,0,2,3
2020-07-18,US,Alaska,Kenai Peninsula,233,2,0,60.24429722,-151.53888840000005,2122.0,396.8794712815969,0.8583690987124464,231,225,2,0,223,220,58533,8,0,0,8,5
2020-07-18,US,Alaska,Ketchikan Gateway,24,0,0,55.57445008,-130.975561,2130.0,172.64944967987915,0.0,24,23,0,0,23,23,13918,1,0,0,1,0
2020-07-18,US,Alaska,Kodiak Island,5,0,0,57.65529415,-153.7493579,2150.0,38.46745653177412,0.0,5,5,0,0,5,5,13345,0,0,0,0,0
2020-07-18,US,Alaska,Kusilvak,3,0,0,62.15429159999999,-163.39678830000003,2158.0,36.0837142169834,0.0,3,3,0,0,3,3,8303,0,0,0,0,0
2020-07-18,US,Alaska,Matanuska-Susitna,174,2,0,62.31305045,-149.5741743,2170.0,160.6396041249296,1.1494252873563218,172,168,2,0,166,162,107610,6,0,0,6,6
2020-07-18,US,Alaska,Nome,15,0,0,64.90320724,-164.0353804,2180.0,149.94002399040383,0.0,15,15,0,0,15,15,10008,0,0,0,0,0
2020-07-18,US,Alaska,North Slope,6,0,0,69.31479216,-153.4836093,2185.0,61.02522375915379,0.0,6,5,0,0,5,5,9872,1,0,0,1,0
2020-07-18,US,Alaska,Northwest Arctic,8,0,0,67.04919196,-159.7503946,2188.0,104.97310064296025,0.0,8,8,0,0,8,8,7671,0,0,0,0,0
2020-07-18,US,Alaska,Petersburg,6,1,0,57.13978948,-132.9540995,2195.0,183.71096142069808,16.666666666666668,5,6,1,0,5,6,3221,0,0,0,0,0
2020-07-18,US,Alaska,Prince of Wales-Hyder,2,0,0,55.76261984,-133.0511621,2198.0,32.24246332419797,0.0,2,2,0,0,2,2,6422,0,0,0,0,0
2020-07-18,US,Alaska,Sitka,15,0,0,57.24124555,-135.3206587,2220.0,176.61603673613564,0.0,15,15,0,0,15,13,8647,0,0,0,0,2
2020-07-18,US,Alaska,Southeast Fairbanks,10,0,0,63.87692095,-143.2127643,2240.0,145.07471347744092,0.0,10,10,0,0,10,10,6918,0,0,0,0,0
2020-07-18,US,Alaska,Valdez-Cordova,19,0,0,61.47502768,-144.7126799,2261.0,206.4768528580743,0.0,19,17,0,0,17,17,9164,2,0,0,2,0
2020-07-18,US,Alaska,Wrangell,3,0,0,56.3202004,-132.05837309999998,2275.0,119.90407673860909,0.0,3,3,0,0,3,3,2503,0,0,0,0,0
2020-07-18,US,Alaska,Yukon-Koyukuk,19,0,0,65.50815459,-151.39073869999999,2290.0,363.2887189292543,0.0,19,19,0,0,19,18,5327,0,0,0,0,1
2020-07-18,US,Arizona,Apache,2735,110,0,35.39465006,-109.4892383,4001.0,3804.5821914949847,4.021937842778794,2625,2691,106,0,2585,2658,71818,44,4,0,40,33
2020-07-18,US,Arizona,Cochise,1217,29,0,31.87934684,-109.7516088,4003.0,966.4713076348853,2.38290879211175,1188,1186,28,0,1158,1140,126770,31,1,0,30,46
2020-07-18,US,Arizona,Coconino,2647,106,0,35.83883429,-111.77071780000001,4005.0,1844.9078591541445,4.004533434076313,2541,2619,105,0,2514,2581,142854,28,1,0,27,38
2020-07-18,US,Arizona,Gila,551,16,0,33.80190085,-110.8132779,4007.0,1020.0303602502867,2.9038112522686026,535,512,16,0,496,482,53889,39,0,0,39,30
2020-07-18,US,Arizona,Graham,278,4,0,32.93166885,-109.8882178,4009.0,715.8122409042923,1.4388489208633093,274,240,3,0,237,236,38072,38,1,0,37,4
2020-07-18,US,Arizona,Greenlee,39,1,0,33.21498827,-109.2405279,4011.0,410.612760581175,2.5641025641025643,38,38,1,0,37,40,9483,1,0,0,1,-2
2020-07-18,US,Arizona,La Paz,434,8,0,33.72854224,-113.98100290000001,4012.0,2056.092476786053,1.8433179723502304,426,428,7,0,421,422,21098,6,1,0,5,6
2020-07-18,US,Arizona,Maricopa,93870,1444,0,33.34835867,-112.49181540000001,4013.0,2092.7834086218127,1.538297645680196,92426,91863,1374,0,90489,88954,4410824,2007,70,0,1937,2909
2020-07-18,US,Arizona,Mohave,2229,115,0,35.70471703,-113.7577902,4015.0,1050.518189658829,5.15926424405563,2114,2195,106,0,2089,2108,209550,34,9,0,25,87
2020-07-18,US,Arizona,Navajo,4768,155,0,35.3997715,-110.3218983,4017.0,4298.438570552811,3.2508389261744965,4613,4669,149,0,4520,4598,110445,99,6,0,93,71
2020-07-18,US,Arizona,Pima,13270,384,0,32.0971334,-111.7890033,4019.0,1267.0931050847005,2.8937452901281087,12886,13058,367,0,12691,12697,1039073,212,17,0,195,361
2020-07-18,US,Arizona,Pinal,6536,104,0,32.90525627,-111.3449483,4021.0,1412.306688361219,1.591187270501836,6432,6420,96,0,6324,6243,447138,116,8,0,108,177
2020-07-18,US,Arizona,Santa Cruz,2270,37,0,31.52508998,-110.8479088,4023.0,4881.930405608843,1.629955947136564,2233,2270,33,0,2237,2251,46511,0,4,0,-4,19
2020-07-18,US,Arizona,Yavapai,1335,37,0,34.59933926,-112.5538588,4025.0,567.8458862011323,2.7715355805243447,1298,1299,26,0,1273,1254,231993,36,11,0,25,45
2020-07-18,US,Arizona,Yuma,9086,180,0,32.76895712,-113.90666740000002,4027.0,4250.024557152678,1.9810697776799466,8906,9035,165,0,8870,8949,212128,51,15,0,36,86
2020-07-18,US,Arkansas,Arkansas,108,1,0,34.29145151,-91.37277296,5001.0,617.6369667162303,0.925925925925926,107,107,0,0,107,98,17769,1,1,0,0,9
2020-07-18,US,Arkansas,Ashley,125,3,0,33.19153461,-91.7698471,5003.0,635.9057841990129,2.4,122,119,3,0,116,117,20046,6,0,0,6,2
2020-07-18,US,Arkansas,Baxter,40,0,0,36.28784385,-92.33782872,5005.0,95.39254030334827,0.0,40,35,0,0,35,34,41619,5,0,0,5,1
2020-07-18,US,Arkansas,Benton,3789,25,0,36.33644656,-94.25680817,5007.0,1357.3785291304393,0.6598046978094484,3764,3699,24,0,3675,3661,272608,90,1,0,89,38
2020-07-18,US,Arkansas,Boone,74,1,0,36.3084504,-93.09374925,5009.0,197.69181449027568,1.351351351351351,73,71,1,0,70,70,37480,3,0,0,3,1
2020-07-18,US,Arkansas,Bradley,91,2,0,33.46755808,-92.15980837,5011.0,845.4891758803308,2.1978021978021984,89,88,2,0,86,87,10897,3,0,0,3,1
2020-07-18,US,Arkansas,Calhoun,5,0,0,33.55598792,-92.49974403,5013.0,96.35767970707263,0.0,5,5,0,0,5,5,5277,0,0,0,0,0
2020-07-18,US,Arkansas,Carroll,262,6,0,36.34038560000001,-93.54270261,5015.0,923.185341789993,2.2900763358778624,256,253,6,0,247,251,28223,9,0,0,9,2
2020-07-18,US,Arkansas,Chicot,252,3,0,33.26458973,-91.29539209,5017.0,2490.610792646768,1.1904761904761905,249,248,3,0,245,245,10438,4,0,0,4,3
2020-07-18,US,Arkansas,Clark,94,0,0,34.04613432,-93.17484713,5019.0,421.14695340501794,0.0,94,88,0,0,88,83,22061,6,0,0,6,5
2020-07-18,US,Arkansas,Clay,88,3,0,36.36826212,-90.4148172,5021.0,604.7694316541819,3.4090909090909087,85,87,3,0,84,86,14847,1,0,0,1,1
2020-07-18,US,Arkansas,Cleburne,153,5,0,35.53864922,-92.02640019,5023.0,613.9893254143425,3.2679738562091503,148,149,5,0,144,148,24965,4,0,0,4,1
2020-07-18,US,Arkansas,Cleveland,41,0,0,33.89723187,-92.18537045,5025.0,515.3343388637506,0.0,41,41,0,0,41,40,8018,0,0,0,0,1
2020-07-18,US,Arkansas,Columbia,132,5,0,33.21230701,-93.22642793,5027.0,562.7318071364624,3.787878787878788,127,124,5,0,119,119,23537,8,0,0,8,5
2020-07-18,US,Arkansas,Conway,111,3,0,35.26205537,-92.70506566,5029.0,532.4762544373021,2.702702702702702,108,107,3,0,104,104,20891,4,0,0,4,3
2020-07-18,US,Arkansas,Craighead,701,7,0,35.83018283,-90.63235729,5031.0,635.3551100315411,0.9985734664764622,694,682,7,0,675,650,108558,19,0,0,19,32
2020-07-18,US,Arkansas,Crawford,347,3,0,35.58928601,-94.2446814,5033.0,548.5558910476311,0.8645533141210374,344,327,3,0,324,310,63406,20,0,0,20,17
2020-07-18,US,Arkansas,Crittenden,929,14,0,35.21247318,-90.30839406,5035.0,1937.232822437702,1.5069967707212055,915,916,14,0,902,906,48342,13,0,0,13,10
2020-07-18,US,Arkansas,Cross,113,1,0,35.29631396,-90.77185818,5037.0,688.2270540227785,0.8849557522123894,112,110,1,0,109,107,16676,3,0,0,3,3
2020-07-18,US,Arkansas,Dallas,20,0,0,33.97042763,-92.65167437,5039.0,285.34741047225,0.0,20,20,0,0,20,20,7182,0,0,0,0,0
2020-07-18,US,Arkansas,Desha,98,1,0,33.83011025,-91.25500948,5041.0,862.600123228589,1.020408163265306,97,90,1,0,89,89,11512,8,0,0,8,1
2020-07-18,US,Arkansas,Drew,111,2,0,33.59035001,-91.71777921,5043.0,609.2540754157748,1.8018018018018016,109,102,2,0,100,102,18328,9,0,0,9,0
2020-07-18,US,Arkansas,Faulkner,888,4,0,35.14719007,-92.33717519,5045.0,704.7227534978216,0.4504504504504505,884,869,4,0,865,857,124806,19,0,0,19,12
2020-07-18,US,Arkansas,Franklin,37,1,0,35.51202821,-93.89299569,5047.0,208.8625458650861,2.702702702702702,36,35,1,0,34,35,17810,2,0,0,2,0
2020-07-18,US,Arkansas,Fulton,20,0,0,36.38177105,-91.81729127,5049.0,160.294942694558,0.0,20,19,0,0,19,18,12269,1,0,0,1,1
2020-07-18,US,Arkansas,Garland,442,5,0,34.57692074,-93.14921604,5051.0,444.73064616746825,1.1312217194570136,437,423,5,0,418,394,99154,19,0,0,19,29
2020-07-18,US,Arkansas,Grant,77,0,0,34.29017991,-92.42320562,5053.0,421.57131125102654,0.0,77,74,0,0,74,69,18188,3,0,0,3,5
2020-07-18,US,Arkansas,Greene,168,0,0,36.11735460000001,-90.55832668,5055.0,370.6563706563706,0.0,168,162,0,0,162,158,45325,6,0,0,6,4
2020-07-18,US,Arkansas,Hempstead,112,1,0,33.73325583,-93.66935133,5057.0,520.1560468140442,0.8928571428571429,111,108,1,0,107,101,21741,4,0,0,4,7
2020-07-18,US,Arkansas,Hot Spring,1344,2,0,34.31709259,-92.95396325,5059.0,3979.7459358621295,0.1488095238095238,1342,1339,2,0,1337,1310,33701,5,0,0,5,29
2020-07-18,US,Arkansas,Howard,167,1,0,34.09007427,-93.9934871,5061.0,1264.9598545674899,0.5988023952095808,166,161,1,0,160,158,13341,6,0,0,6,3
2020-07-18,US,Arkansas,Independence,107,0,0,35.74242707,-91.57001641,5063.0,282.88169200264383,0.0,107,97,0,0,97,93,37678,10,0,0,10,4
2020-07-18,US,Arkansas,Izard,28,1,0,36.09604046,-91.90847954,5065.0,205.4442732408834,3.571428571428572,27,28,1,0,27,26,13593,0,0,0,0,2
2020-07-18,US,Arkansas,Jackson,44,0,0,35.59802983,-91.21494602,5067.0,263.17363478676947,0.0,44,43,0,0,43,43,16811,1,0,0,1,0
2020-07-18,US,Arkansas,Jefferson,969,30,0,34.26767081,-91.92619839,5069.0,1450.077816353406,3.095975232198142,939,950,30,0,920,937,68114,19,0,0,19,13
2020-07-18,US,Arkansas,Johnson,476,0,0,35.56759135,-93.46036368,5071.0,1790.954925126044,0.0,476,471,0,0,471,455,26742,5,0,0,5,16
2020-07-18,US,Arkansas,Lafayette,36,2,0,33.24116713,-93.60677071,5073.0,543.4782608695652,5.5555555555555545,34,34,2,0,32,32,6682,2,0,0,2,2
2020-07-18,US,Arkansas,Lawrence,133,9,0,36.04188196,-91.10867198,5075.0,810.6790198707788,6.7669172932330826,124,129,9,0,120,123,16434,4,0,0,4,6
2020-07-18,US,Arkansas,Lee,859,6,0,34.78498904,-90.78383866,5077.0,9698.543524895564,0.6984866123399301,853,855,6,0,849,854,8985,4,0,0,4,1
2020-07-18,US,Arkansas,Lincoln,1118,11,0,33.95317155,-91.74002806,5079.0,8584.152334152333,0.9838998211091234,1107,1115,11,0,1104,1105,13383,3,0,0,3,10
2020-07-18,US,Arkansas,Little River,60,1,0,33.70375665,-94.23468591,5081.0,489.43633249041517,1.6666666666666667,59,58,1,0,57,55,12326,2,0,0,2,3
2020-07-18,US,Arkansas,Logan,103,0,0,35.21413234,-93.71951016,5083.0,479.8285661045373,0.0,103,100,0,0,100,97,21737,3,0,0,3,3
2020-07-18,US,Arkansas,Lonoke,246,2,0,34.75392199,-91.88742357,5085.0,335.56589231881486,0.8130081300813008,244,240,2,0,238,234,73657,6,0,0,6,6
2020-07-18,US,Arkansas,Madison,227,1,0,36.01038185,-93.72524943,5087.0,1369.449806949807,0.4405286343612335,226,226,1,0,225,226,16481,1,0,0,1,0
2020-07-18,US,Arkansas,Marion,15,0,0,36.26844485,-92.68451899,5089.0,89.85264166766503,0.0,15,14,0,0,14,14,16722,1,0,0,1,0
2020-07-18,US,Arkansas,Miller,329,2,0,33.31403423,-93.89285258,5091.0,760.5705434958504,0.6079027355623101,327,324,2,0,322,304,43592,5,0,0,5,20
2020-07-18,US,Arkansas,Mississippi,401,5,0,35.76271485,-90.05194370000002,5093.0,986.4455978942708,1.2468827930174564,396,381,4,0,377,375,41239,20,1,0,19,6
2020-07-18,US,Arkansas,Monroe,29,0,0,34.6815935,-91.20540287,5095.0,432.7712281748992,0.0,29,29,0,0,29,29,6900,0,0,0,0,0
2020-07-18,US,Arkansas,Montgomery,12,0,0,34.53704874,-93.65824478,5097.0,133.54106387714222,0.0,12,12,0,0,12,12,8924,0,0,0,0,0
2020-07-18,US,Arkansas,Nevada,116,6,0,33.66340119,-93.30632432,5099.0,1405.7198254968494,5.172413793103448,110,116,6,0,110,114,8326,0,0,0,0,2
2020-07-18,US,Arkansas,Newton,14,0,0,35.91947491,-93.21612969,5101.0,180.57526118921712,0.0,14,13,0,0,13,13,7805,1,0,0,1,0
2020-07-18,US,Arkansas,Ouachita,44,1,0,33.58839816,-92.87795984,5103.0,188.17894106577708,2.272727272727273,43,41,1,0,40,38,23606,3,0,0,3,3
2020-07-18,US,Arkansas,Perry,39,0,0,34.9459153,-92.94372564,5105.0,373.02725968436147,0.0,39,38,0,0,38,37,10352,1,0,0,1,1
2020-07-18,US,Arkansas,Phillips,205,6,0,34.43268455,-90.84800154,5107.0,1152.851197840513,2.9268292682926833,199,193,6,0,187,193,18029,12,0,0,12,0
2020-07-18,US,Arkansas,Pike,30,0,0,34.16250414,-93.65789349,5109.0,279.90296697144987,0.0,30,27,0,0,27,27,10673,3,0,0,3,0
2020-07-18,US,Arkansas,Poinsett,90,3,0,35.57433534,-90.66268713,5111.0,382.5229513770826,3.333333333333333,87,83,3,0,80,82,23974,7,0,0,7,1
2020-07-18,US,Arkansas,Polk,101,0,0,34.48254879,-94.22728802,5113.0,505.9106391504709,0.0,101,98,0,0,98,98,20049,3,0,0,3,0
2020-07-18,US,Arkansas,Pope,817,4,0,35.44871474,-93.03212219,5115.0,1275.127981021351,0.4895960832313341,813,801,4,0,797,769,64000,16,0,0,16,32
2020-07-18,US,Arkansas,Prairie,44,0,0,34.83624419,-91.55162157,5117.0,545.7702803274622,0.0,44,40,0,0,40,39,8074,4,0,0,4,1
2020-07-18,US,Arkansas,Pulaski,3578,69,0,34.77054088,-92.31355101,5119.0,912.9623817652478,1.9284516489659027,3509,3497,69,0,3428,3425,392680,81,0,0,81,72
2020-07-18,US,Arkansas,Randolph,94,2,0,36.3415714,-91.02455531,5121.0,523.4435906002897,2.127659574468085,92,92,2,0,90,87,17948,2,0,0,2,5
2020-07-18,US,Arkansas,Saline,578,3,0,34.64916145,-92.67583224,5125.0,472.0795184462213,0.5190311418685121,575,565,3,0,562,540,121421,13,0,0,13,25
2020-07-18,US,Arkansas,Scott,19,0,0,34.85588887,-94.0632176,5127.0,184.80692539636226,0.0,19,18,0,0,18,18,10319,1,0,0,1,0
2020-07-18,US,Arkansas,Searcy,18,0,0,35.9109364,-92.69936482,5129.0,228.39741149600303,0.0,18,18,0,0,18,18,7958,0,0,0,0,0
2020-07-18,US,Arkansas,Sebastian,1102,9,0,35.19605503,-94.27162713,5131.0,862.1026856610887,0.8166969147005445,1093,1048,9,0,1039,1025,127753,54,0,0,54,23
2020-07-18,US,Arkansas,Sevier,846,9,0,33.99780401,-94.2424869,5133.0,4974.422296701358,1.0638297872340423,837,842,9,0,833,829,17139,4,0,0,4,13
2020-07-18,US,Arkansas,Sharp,79,5,0,36.16258158,-91.47819342,5135.0,452.92970989565424,6.329113924050633,74,77,5,0,72,75,17366,2,0,0,2,2
2020-07-18,US,Arkansas,St. Francis,942,3,0,35.02201976,-90.74828138,5123.0,3768.9045370889007,0.3184713375796178,939,938,3,0,935,931,25439,4,0,0,4,7
2020-07-18,US,Arkansas,Stone,27,1,0,35.86251946,-92.15684085,5137.0,215.89636974252358,3.703703703703704,26,24,1,0,23,24,12457,3,0,0,3,0
2020-07-18,US,Arkansas,Unassigned,1123,0,0,0.0,0.0,90005.0,0.0,0.0,1123,1099,0,0,1099,1020,,24,0,0,24,79
2020-07-18,US,Arkansas,Union,305,14,0,33.16887091,-92.59746952,5139.0,788.4804301742412,4.590163934426228,291,292,14,0,278,287,39126,13,0,0,13,5
2020-07-18,US,Arkansas,Van Buren,38,2,0,35.58095779,-92.51295036,5141.0,229.6766394681173,5.2631578947368425,36,37,2,0,35,37,16603,1,0,0,1,0
2020-07-18,US,Arkansas,Washington,5059,37,0,35.976844,-94.21800746,5143.0,2115.0815052657545,0.7313698359359557,5022,4913,37,0,4876,4860,236961,146,0,0,146,53
2020-07-18,US,Arkansas,White,168,2,0,35.25688493,-91.74908296,5145.0,213.32520665879397,1.1904761904761905,166,167,2,0,165,165,78727,1,0,0,1,2
2020-07-18,US,Arkansas,Woodruff,17,0,0,35.18902527,-91.2439489,5147.0,268.9873417721519,0.0,17,16,0,0,16,16,6490,1,0,0,1,0
2020-07-18,US,Arkansas,Yell,909,12,0,35.00292371,-93.41171338,5149.0,4259.406775689988,1.32013201320132,897,905,11,0,894,901,21535,4,1,0,3,4
2020-07-18,US,California,Alameda,9110,162,0,37.64629437,-121.8929271,6001.0,545.0752066170097,1.7782656421514818,8948,8858,161,0,8697,8627,1666753,252,1,0,251,231
2020-07-18,US,California,Alpine,2,0,0,38.59678594,-119.82235940000001,6003.0,177.14791851195747,0.0,2,2,0,0,2,2,1101,0,0,0,0,0
2020-07-18,US,California,Amador,51,0,0,38.44583082,-120.65696000000001,6005.0,128.29543167639363,0.0,51,51,0,0,51,49,39383,0,0,0,0,2
2020-07-18,US,California,Butte,522,4,0,39.66727762,-121.6005252,6007.0,238.153896690482,0.7662835249042146,518,522,4,0,518,487,231256,0,0,0,0,35
2020-07-18,US,California,Calaveras,87,0,0,38.20537103,-120.55291299999999,6009.0,189.5218385796754,0.0,87,87,0,0,87,75,45602,0,0,0,0,12
2020-07-18,US,California,Colusa,173,0,0,39.17881957,-122.2331726,6011.0,802.8959948020607,0.0,173,173,0,0,173,147,21627,0,0,0,0,26
2020-07-18,US,California,Contra Costa,5538,98,0,37.91923498,-121.9289527,6013.0,480.09320986262975,1.7695919104369808,5440,5378,96,0,5282,5233,1150215,160,2,0,158,145
2020-07-18,US,California,Del Norte,66,0,0,41.74228275,-123.89740630000001,6015.0,237.30763699122681,0.0,66,62,0,0,62,62,27828,4,0,0,4,0
2020-07-18,US,California,El Dorado,394,0,0,38.77965956,-120.5233166,6017.0,204.311279123432,0.0,394,394,0,0,394,381,190678,0,0,0,0,13
2020-07-18,US,California,Fresno,9954,100,0,36.75733899,-119.6466953,6019.0,996.2956698071566,1.004621257785815,9854,9565,100,0,9465,9124,994400,389,0,0,389,441
2020-07-18,US,California,Glenn,214,1,0,39.59875897,-122.3938452,6021.0,753.7068995879266,0.4672897196261682,213,214,1,0,213,200,28047,0,0,0,0,14
2020-07-18,US,California,Humboldt,181,4,0,40.69923009,-123.876044,6023.0,133.522182386875,2.209944751381216,177,181,4,0,177,178,136373,0,0,0,0,3
2020-07-18,US,California,Imperial,8531,161,0,33.0393082,-115.36690420000001,6025.0,4707.667687553459,1.8872347907630995,8370,8397,156,0,8241,8310,181827,134,5,0,129,87
2020-07-18,US,California,Inyo,37,1,0,36.51112084,-117.41119779999998,6027.0,205.11114806807475,2.702702702702702,36,37,1,0,36,38,17987,0,0,0,0,-1
2020-07-18,US,California,Kern,7728,105,0,35.34329425,-118.72777959999999,6029.0,858.4739869495958,1.358695652173913,7623,7233,105,0,7128,7074,896764,495,0,0,495,159
2020-07-18,US,California,Kings,3209,41,0,36.07409056,-119.8159973,6031.0,2098.2084477572907,1.277656590838267,3168,3209,41,0,3168,3172,151366,0,0,0,0,37
2020-07-18,US,California,Lake,140,1,0,39.10124298,-122.75362439999999,6033.0,217.43857360295718,0.7142857142857143,139,140,1,0,139,137,64382,0,0,0,0,3
2020-07-18,US,California,Lassen,491,0,0,40.67311306,-120.59350990000002,6035.0,1605.9922153534164,0.0,491,488,0,0,488,473,30802,3,0,0,3,15
2020-07-18,US,California,Los Angeles,153152,4084,0,34.30828379,-118.22824109999999,6037.0,1525.5540159099808,2.6666318428750517,149068,150424,4048,0,146376,147678,10105518,2728,36,0,2692,2746
2020-07-18,US,California,Madera,1179,11,0,37.21513971,-119.76655890000002,6039.0,749.3945730866286,0.9329940627650553,1168,1179,11,0,1168,1054,157672,0,0,0,0,125
2020-07-18,US,California,Marin,4164,42,0,38.07122463,-122.72106310000001,6041.0,1608.8028250639425,1.0086455331412103,4122,4157,41,0,4116,4078,259666,7,1,0,6,79
2020-07-18,US,California,Mariposa,35,1,0,37.57978556,-119.9073334,6043.0,203.4528861245132,2.8571428571428568,34,35,1,0,34,35,17471,0,0,0,0,0
2020-07-18,US,California,Mendocino,185,2,0,39.4381191,-123.39113130000001,6045.0,213.2589424661956,1.0810810810810811,183,177,1,0,176,165,87606,8,1,0,7,12
2020-07-18,US,California,Merced,2403,15,0,37.18922369,-120.72090349999999,6047.0,865.3846153846154,0.6242197253433208,2388,2403,15,0,2388,2313,274765,0,0,0,0,90
2020-07-18,US,California,Mono,76,1,0,37.93899289,-118.8872409,6051.0,526.1700360011077,1.3157894736842106,75,65,1,0,64,63,14250,11,0,0,11,2
2020-07-18,US,California,Monterey,3162,18,0,36.21862405,-121.24133970000001,6053.0,728.4690400657972,0.5692599620493358,3144,3059,18,0,3041,2983,435594,103,0,0,103,76
2020-07-18,US,California,Napa,583,5,0,38.50735751,-122.33283899999999,6055.0,423.24892554303636,0.8576329331046312,578,583,5,0,578,578,139417,0,0,0,0,5
2020-07-18,US,California,Nevada,204,1,0,39.30394768,-120.76272809999999,6057.0,204.50102751741767,0.4901960784313725,203,204,1,0,203,197,99696,0,0,0,0,7
2020-07-18,US,California,Orange,29011,494,0,33.70147516,-117.76459979999998,6059.0,913.5331763911612,1.7028023853021268,28517,28309,469,0,27840,27904,3185968,702,25,0,677,405
2020-07-18,US,California,Placer,1280,11,0,39.06167234,-120.72405690000001,6061.0,321.34240790904,0.859375,1269,1235,11,0,1224,1203,393149,45,0,0,45,32
2020-07-18,US,California,Plumas,23,0,0,40.00355989,-120.8395236,6063.0,122.29489020045729,0.0,23,23,0,0,23,22,18804,0,0,0,0,1
2020-07-18,US,California,Riverside,28695,587,0,33.74314981,-115.9933578,6065.0,1161.4841415622295,2.045652552709531,28108,28695,587,0,28108,28177,2450758,0,0,0,0,518
2020-07-18,US,California,Sacramento,6693,96,0,38.45106826,-121.34253740000001,6067.0,431.2338843007155,1.4343343792021517,6597,6511,95,0,6416,6395,1540975,182,1,0,181,116
2020-07-18,US,California,San Benito,437,2,0,36.60308176,-121.069975,6069.0,695.7712393325688,0.4576659038901602,435,434,2,0,432,418,61537,3,0,0,3,16
2020-07-18,US,California,San Bernardino,23566,328,0,34.84060306,-116.1774685,6071.0,1080.9670265150212,1.3918356954935076,23238,23238,315,0,22923,21468,2171603,328,13,0,315,1770
2020-07-18,US,California,San Diego,23114,478,0,33.03484597,-116.73653259999999,6073.0,692.3821192033142,2.0680107294280523,22636,21855,465,0,21390,21855,3343364,1259,13,0,1246,0
2020-07-18,US,California,San Francisco,5116,52,0,37.75215114,-122.43856720000001,6075.0,580.3421023675371,1.016419077404222,5064,4975,52,0,4923,4860,883305,141,0,0,141,115
2020-07-18,US,California,San Joaquin,7819,83,0,37.93433732,-121.2730061,6077.0,1025.9162262447717,1.061516818007418,7736,7819,83,0,7736,7680,752660,0,0,0,0,139
2020-07-18,US,California,San Luis Obispo,1213,6,0,35.38822029,-120.4039028,6079.0,428.4538573209802,0.49464138499587795,1207,1213,6,0,1207,1158,284010,0,0,0,0,55
2020-07-18,US,California,San Mateo,4465,114,0,37.422880799999994,-122.32755459999998,6081.0,582.4624660665063,2.5531914893617023,4351,4403,114,0,4289,4333,769545,62,0,0,62,70
2020-07-18,US,California,Santa Barbara,4759,32,0,34.65329488,-120.0188492,6083.0,1065.8478518428933,0.6724101702038243,4727,4759,32,0,4727,4635,446527,0,0,0,0,124
2020-07-18,US,California,Santa Clara,7300,177,0,37.23104908,-121.6970462,6085.0,378.65977263814864,2.4246575342465757,7123,7131,177,0,6954,7046,1937570,169,0,0,169,85
2020-07-18,US,California,Santa Cruz,772,3,0,37.05580291,-122.0066524,6087.0,282.56342121348547,0.3886010362694301,769,736,3,0,733,706,274255,36,0,0,36,30
2020-07-18,US,California,Shasta,227,7,0,40.76391419,-122.0396884,6089.0,126.05508662816528,3.0837004405286343,220,227,7,0,220,220,180040,0,0,0,0,7
2020-07-18,US,California,Sierra,1,0,0,39.57713498,-120.52007009999998,6091.0,33.277870216306155,0.0,1,1,0,0,1,1,2987,0,0,0,0,0
2020-07-18,US,California,Siskiyou,44,0,0,41.59198861,-122.54074340000001,6093.0,101.05882082730429,0.0,44,44,0,0,44,44,43724,0,0,0,0,0
2020-07-18,US,California,Solano,2554,31,0,38.26827353,-121.9357113,6095.0,570.5439379148116,1.2137823022709475,2523,2554,31,0,2523,2483,446610,0,0,0,0,71
2020-07-18,US,California,Sonoma,2068,19,0,38.52746429,-122.88625060000001,6097.0,418.3389435525634,0.9187620889748548,2049,2027,19,0,2008,1979,499942,41,0,0,41,48
2020-07-18,US,California,Stanislaus,6077,63,0,37.55862499,-120.9970722,6099.0,1103.5847891620965,1.0366957380286326,6014,6077,63,0,6014,5777,549815,0,0,0,0,300
2020-07-18,US,California,Sutter,491,4,0,39.03417539,-121.6945899,6101.0,506.3369460972869,0.8146639511201629,487,491,4,0,487,471,96807,0,0,0,0,20
2020-07-18,US,California,Tehama,134,1,0,40.12570935,-122.23701709999999,6103.0,205.887775797431,0.746268656716418,133,134,1,0,133,126,63916,0,0,0,0,8
2020-07-18,US,California,Trinity,2,0,0,40.64917670000001,-123.114713,6105.0,16.28001628001628,0.0,2,2,0,0,2,2,12535,0,0,0,0,0
2020-07-18,US,California,Tulare,6683,165,0,36.22026558,-118.8020203,6107.0,1433.5203080256115,2.468951069878797,6518,6683,165,0,6518,6480,465861,0,0,0,0,203
2020-07-18,US,California,Tuolumne,85,0,0,38.02644018,-119.95250929999999,6109.0,156.02628584015562,0.0,85,85,0,0,85,84,54539,0,0,0,0,1
2020-07-18,US,California,Ventura,5192,57,0,34.44465746,-119.09106129999999,6111.0,613.7072313907937,1.0978428351309708,5135,4968,56,0,4912,4968,850967,224,1,0,223,0
2020-07-18,US,California,Yolo,1101,31,0,38.68278902,-121.90182879999999,6113.0,499.31972789115645,2.8156221616712083,1070,1101,31,0,1070,1062,220408,0,0,0,0,39
2020-07-18,US,California,Yuba,252,3,0,39.26255932,-121.35356440000001,6115.0,320.3335536685819,1.1904761904761905,249,252,3,0,249,236,78041,0,0,0,0,16
2020-07-18,US,Colorado,Adams,5058,161,0,39.87432092,-104.3362578,8001.0,977.5405327576576,3.1830763147489125,4897,5024,161,0,4863,4972,511868,34,0,0,34,52
2020-07-18,US,Colorado,Alamosa,207,7,0,37.57250606,-105.7885451,8003.0,1275.1801885048974,3.3816425120772946,200,207,7,0,200,206,16683,0,0,0,0,1
2020-07-18,US,Colorado,Arapahoe,5990,351,0,39.64977461,-104.3353617,8005.0,912.289252044655,5.859766277128547,5639,5934,351,0,5583,5854,651215,56,0,0,56,80
2020-07-18,US,Colorado,Archuleta,18,0,0,37.19474156,-107.0476867,8007.0,128.30565257680522,0.0,18,18,0,0,18,15,13765,0,0,0,0,3
2020-07-18,US,Colorado,Baca,14,0,0,37.31940883,-102.5603223,8009.0,390.9522479754258,0.0,14,14,0,0,14,14,3585,0,0,0,0,0
2020-07-18,US,Colorado,Bent,5,0,0,37.95474293,-103.0720195,8011.0,89.65393580778195,0.0,5,5,0,0,5,5,5882,0,0,0,0,0
2020-07-18,US,Colorado,Boulder,1628,74,0,40.09313619,-105.3546767,8013.0,499.08643882818916,4.545454545454546,1554,1619,74,0,1545,1601,326078,9,0,0,9,18
2020-07-18,US,Colorado,Broomfield,358,30,0,39.95998787,-105.0566324,8014.0,508.0536436528773,8.379888268156424,328,358,30,0,328,354,69267,0,0,0,0,4
2020-07-18,US,Colorado,Chaffee,210,19,0,38.74745778,-106.19265729999998,8015.0,1031.636863823934,9.047619047619047,191,128,19,0,109,124,20027,82,0,0,82,4
2020-07-18,US,Colorado,Cheyenne,7,0,0,38.82777431,-102.6032558,8017.0,382.3047515019115,0.0,7,7,0,0,7,5,1876,0,0,0,0,2
2020-07-18,US,Colorado,Clear Creek,23,1,0,39.68864463,-105.6463118,8019.0,237.1134020618557,4.3478260869565215,22,23,1,0,22,23,9605,0,0,0,0,0
2020-07-18,US,Colorado,Conejos,20,0,0,37.201606,-106.19174879999998,8021.0,243.7538086532602,0.0,20,20,0,0,20,19,8200,0,0,0,0,1
2020-07-18,US,Colorado,Costilla,22,0,0,37.27732493,-105.4276548,8023.0,565.9891947517366,0.0,22,22,0,0,22,22,3828,0,0,0,0,0
2020-07-18,US,Colorado,Crowley,72,1,0,38.32608609,-103.7844965,8025.0,1187.922785018974,1.3888888888888888,71,71,1,0,70,71,5858,1,0,0,1,0
2020-07-18,US,Colorado,Custer,8,0,0,38.10883162,-105.3683478,8027.0,157.8531965272297,0.0,8,8,0,0,8,7,4954,0,0,0,0,1
2020-07-18,US,Colorado,Delta,86,1,0,38.86246243,-107.8631342,8029.0,275.9771516590719,1.162790697674419,85,86,1,0,85,86,30953,0,0,0,0,0
2020-07-18,US,Colorado,Denver,8320,398,0,39.76018276,-104.8725695,8031.0,1144.0971052418076,4.783653846153847,7922,8254,398,0,7856,8164,716492,66,0,0,66,90
2020-07-18,US,Colorado,Dolores,2,0,0,37.75208676,-108.5211585,8033.0,97.32360097323601,0.0,2,1,0,0,1,,2074,1,0,0,1,
2020-07-18,US,Colorado,Douglas,1310,54,0,39.33133796,-104.930001,8035.0,373.0556963611407,4.122137404580153,1256,1293,54,0,1239,1263,342776,17,0,0,17,30
2020-07-18,US,Colorado,Eagle,831,9,0,39.62754308,-106.6933637,8037.0,1507.4283019210184,1.083032490974729,822,824,9,0,815,812,54993,7,0,0,7,12
2020-07-18,US,Colorado,El Paso,3477,119,0,38.83240149,-104.5251411,8041.0,482.64651868468064,3.4224906528616623,3358,3407,118,0,3289,3306,713856,70,1,0,69,101
2020-07-18,US,Colorado,Elbert,68,2,0,39.28656773,-104.1358721,8039.0,254.40532754685916,2.9411764705882355,66,67,2,0,65,67,26282,1,0,0,1,0
2020-07-18,US,Colorado,Fremont,72,0,0,38.47362326,-105.4399667,8043.0,150.50481824452854,0.0,72,71,0,0,71,68,48021,1,0,0,1,3
2020-07-18,US,Colorado,Garfield,505,4,0,39.59921777,-107.902708,8045.0,840.8118412946836,0.7920792079207921,501,493,4,0,489,469,59770,12,0,0,12,24
2020-07-18,US,Colorado,Gilpin,12,0,0,39.85646523,-105.5252597,8047.0,192.21528111484864,0.0,12,12,0,0,12,12,6121,0,0,0,0,0
2020-07-18,US,Colorado,Grand,35,1,0,40.10603347,-106.1178042,8049.0,222.4482013474005,2.8571428571428568,34,34,1,0,33,32,15525,1,0,0,1,2
2020-07-18,US,Colorado,Gunnison,199,6,0,38.66611652,-107.0320729,8051.0,1139.6174550452408,3.0150753768844223,193,197,6,0,191,193,17246,2,0,0,2,4
2020-07-18,US,Colorado,Hinsdale,3,0,0,37.82247444,-107.3004345,8053.0,365.8536585365854,0.0,3,3,0,0,3,3,811,0,0,0,0,0
2020-07-18,US,Colorado,Huerfano,5,1,0,37.68473101,-104.9612585,8055.0,72.4952878062926,20.0,4,5,1,0,4,5,6889,0,0,0,0,0
2020-07-18,US,Colorado,Jackson,8,0,0,40.66593870000001,-106.3408905,8057.0,574.7126436781608,0.0,8,8,0,0,8,8,1399,0,0,0,0,0
2020-07-18,US,Colorado,Jefferson,3252,218,0,39.58635604,-105.2517692,8059.0,557.9183401071574,6.703567035670358,3034,3221,218,0,3003,3174,580233,31,0,0,31,47
2020-07-18,US,Colorado,Kit Carson,36,3,0,39.30497777,-102.6022199,8063.0,507.25658729040435,8.333333333333334,33,36,3,0,33,36,7163,0,0,0,0,0
2020-07-18,US,Colorado,La Plata,157,2,0,37.28632032,-107.8429014,8067.0,279.2550826203732,1.2738853503184713,155,154,2,0,152,151,56310,3,0,0,3,3
2020-07-18,US,Colorado,Lake,60,0,0,39.20278823,-106.3555697,8065.0,738.2798080472501,0.0,60,59,0,0,59,57,7824,1,0,0,1,2
2020-07-18,US,Colorado,Larimer,1055,31,0,40.66671597,-105.4625784,8069.0,295.6018369342587,2.938388625592417,1024,1041,31,0,1010,1009,350518,14,0,0,14,32
2020-07-18,US,Colorado,Las Animas,11,0,0,37.3153406,-104.0376458,8071.0,75.83069074865574,0.0,11,11,0,0,11,11,14503,0,0,0,0,0
2020-07-18,US,Colorado,Lincoln,6,0,0,38.98749519,-103.5136649,8073.0,105.24469391334854,0.0,6,6,0,0,6,4,5610,0,0,0,0,2
2020-07-18,US,Colorado,Logan,642,5,0,40.7249637,-103.110817,8075.0,2864.9203445044395,0.778816199376947,637,642,5,0,637,641,21528,0,0,0,0,1
2020-07-18,US,Colorado,Mesa,180,0,0,39.01787888,-108.469799,8077.0,116.7239478633033,0.0,180,174,0,0,174,163,153207,6,0,0,6,11
2020-07-18,US,Colorado,Mineral,17,0,0,37.66954283,-106.9281698,8079.0,2210.663198959688,0.0,17,17,0,0,17,17,776,0,0,0,0,0
2020-07-18,US,Colorado,Moffat,18,1,0,40.61810999,-108.2070876,8081.0,135.51155612436952,5.5555555555555545,17,17,1,0,16,16,13188,1,0,0,1,1
2020-07-18,US,Colorado,Montezuma,89,3,0,37.33859579,-108.5958857,8083.0,339.9152121605622,3.3707865168539324,86,89,3,0,86,85,26158,0,0,0,0,4
2020-07-18,US,Colorado,Montrose,232,12,0,38.40214114,-108.26390220000002,8085.0,542.5885214462792,5.172413793103448,220,229,12,0,217,225,42214,3,0,0,3,4
2020-07-18,US,Colorado,Morgan,665,46,0,40.26279810000001,-103.8093302,8087.0,2287.739094536948,6.917293233082707,619,665,46,0,619,663,28558,0,0,0,0,2
2020-07-18,US,Colorado,Otero,24,1,0,37.9014485,-103.7173385,8089.0,131.3053944632892,4.166666666666667,23,23,1,0,22,24,18432,1,0,0,1,-1
2020-07-18,US,Colorado,Ouray,12,1,0,38.14717457,-107.7675136,8091.0,242.3263327948304,8.333333333333334,11,12,1,0,11,12,4833,0,0,0,0,0
2020-07-18,US,Colorado,Park,33,1,0,39.120926,-105.7182065,8093.0,175.11276200583708,3.0303030303030303,32,33,1,0,32,33,18556,0,0,0,0,0
2020-07-18,US,Colorado,Phillips,16,0,0,40.59414277,-102.3577703,8095.0,375.14654161781954,0.0,16,16,0,0,16,16,4286,0,0,0,0,0
2020-07-18,US,Colorado,Pitkin,150,2,0,39.21720112,-106.9310027,8097.0,844.2618337367029,1.3333333333333333,148,148,2,0,146,144,17950,2,0,0,2,4
2020-07-18,US,Colorado,Prowers,44,0,0,37.95544985,-102.3926052,8099.0,361.4853762734144,0.0,44,44,0,0,44,42,12164,0,0,0,0,2
2020-07-18,US,Colorado,Pueblo,482,32,0,38.17359144,-104.5127437,8101.0,286.18249180639333,6.639004149377594,450,479,32,0,447,469,167529,3,0,0,3,10
2020-07-18,US,Colorado,Rio Blanco,6,0,0,39.97913541,-108.2179009,8103.0,94.87666034155598,0.0,6,6,0,0,6,6,6336,0,0,0,0,0
2020-07-18,US,Colorado,Rio Grande,82,2,0,37.5836865,-106.3847838,8105.0,727.7891186651282,2.4390243902439024,80,82,2,0,80,82,11250,0,0,0,0,0
2020-07-18,US,Colorado,Routt,87,6,0,40.48596505,-106.9905548,8107.0,339.34004212497075,6.896551724137932,81,85,6,0,79,86,25733,2,0,0,2,-1
2020-07-18,US,Colorado,Saguache,105,2,0,38.08054629,-106.282466,8109.0,1538.6869871043375,1.9047619047619049,103,104,2,0,102,104,6843,1,0,0,1,0
2020-07-18,US,Colorado,San Juan,2,0,0,37.76248981,-107.67632890000002,8111.0,274.72527472527474,0.0,2,2,0,0,2,2,762,0,0,0,0,0
2020-07-18,US,Colorado,San Miguel,64,0,0,38.00450883,-108.4020725,8113.0,782.4917471573543,0.0,64,64,0,0,64,60,8191,0,0,0,0,4
2020-07-18,US,Colorado,Sedgwick,5,0,0,40.87595412,-102.3519227,8115.0,222.41992882562283,0.0,5,5,0,0,5,4,2303,0,0,0,0,1
2020-07-18,US,Colorado,Summit,304,4,0,39.63803232,-106.1150762,8117.0,980.2973138563736,1.3157894736842106,300,304,4,0,300,298,31007,0,0,0,0,6
2020-07-18,US,Colorado,Teller,71,2,0,38.88133511,-105.1614893,8119.0,279.65968173940445,2.8169014084507036,69,68,2,0,66,66,25083,3,0,0,3,2
2020-07-18,US,Colorado,Washington,46,0,0,39.97015535,-103.202587,8121.0,937.2453137734312,0.0,46,46,0,0,46,46,4909,0,0,0,0,0
2020-07-18,US,Colorado,Weld,3189,139,0,40.55499405,-104.3929621,8123.0,982.7669095077845,4.358733145186578,3050,3176,139,0,3037,3127,314305,13,0,0,13,49
2020-07-18,US,Colorado,Yuma,55,0,0,40.00346839,-102.4258673,8125.0,548.9569817347042,0.0,55,55,0,0,55,55,10020,0,0,0,0,0
2020-07-18,US,Connecticut,Fairfield,17069,1395,0,41.26809896,-73.3881171,9001.0,1809.437186483656,8.17271076220048,15674,17069,1395,0,15674,17027,943823,0,0,0,0,42
2020-07-18,US,Connecticut,Hartford,12046,1403,0,41.80283011,-72.73103891,9003.0,1350.872471179294,11.647019757595885,10643,12046,1403,0,10643,12016,892697,0,0,0,0,30
2020-07-18,US,Connecticut,Litchfield,1523,138,0,41.7937534,-73.2451475,9005.0,844.5486960234675,9.06106369008536,1385,1523,138,0,1385,1520,181111,0,0,0,0,3
2020-07-18,US,Connecticut,Middlesex,1357,189,0,41.45949668,-72.53714864,9007.0,835.4059444950627,13.927781871775975,1168,1357,189,0,1168,1351,162682,0,0,0,0,6
2020-07-18,US,Connecticut,New Haven,12733,1090,0,41.408032500000004,-72.93620426,9009.0,1489.663144028069,8.560433519202073,11643,12733,1090,0,11643,12686,857620,0,0,0,0,47
2020-07-18,US,Connecticut,New London,1347,102,0,41.48896435,-72.10430976,9011.0,507.9070609262234,7.572383073496659,1245,1347,102,0,1245,1345,266784,0,0,0,0,2
2020-07-18,US,Connecticut,Tolland,939,65,0,41.85853803,-72.3308481,9013.0,623.0054206115936,6.922257720979767,874,939,65,0,874,937,150921,0,0,0,0,2
2020-07-18,US,Connecticut,Unassigned,228,0,0,0.0,0.0,90009.0,0.0,0.0,228,228,0,0,228,226,,0,0,0,0,2
2020-07-18,US,Connecticut,Windham,651,14,0,41.82972709,-71.98182316,9015.0,557.4489219228991,2.150537634408602,637,651,14,0,637,642,117027,0,0,0,0,9
2020-07-18,US,Delaware,Kent,1995,86,0,39.08646628,-75.56884914,10001.0,1103.514652683283,4.31077694235589,1909,1978,85,0,1893,1887,178550,17,1,0,16,91
2020-07-18,US,Delaware,New Castle,6028,250,0,39.57992638,-75.64054974,10003.0,1078.8308966573782,4.147312541473125,5778,5981,249,0,5732,5935,559335,47,1,0,46,46
2020-07-18,US,Delaware,Sussex,5264,178,0,38.66143781,-75.39031349,10005.0,2247.4116768064896,3.3814589665653494,5086,5244,178,0,5066,5171,229286,20,0,0,20,73
2020-07-18,US,Delaware,Unassigned,142,9,0,0.0,0.0,90010.0,0.0,6.338028169014086,133,134,9,0,125,121,,8,0,0,8,13
2020-07-18,US,District of Columbia,District of Columbia,11194,578,0,38.90417773,-77.01655992,11001.0,1586.1163104729874,5.163480435947829,10616,11115,577,0,10538,11076,702455,79,1,0,78,39
2020-07-18,US,Florida,Alachua,2531,12,0,29.67866525,-82.35928158,12001.0,940.7418145054879,0.4741209008297116,2519,2465,12,0,2453,2397,269956,66,0,0,66,68
2020-07-18,US,Florida,Baker,220,4,0,30.33060121,-82.28467476,12003.0,753.1667237247517,1.818181818181818,216,215,4,0,211,202,28355,5,0,0,5,13
2020-07-18,US,Florida,Bay,1852,8,0,30.26548745,-85.62122584,12005.0,1060.072693969835,0.4319654427645788,1844,1737,8,0,1729,1602,185287,115,0,0,115,135
2020-07-18,US,Florida,Bradford,185,2,0,29.95079741,-82.16611613,12007.0,656.0051062019078,1.0810810810810811,183,180,2,0,178,173,27732,5,0,0,5,7
2020-07-18,US,Florida,Brevard,4060,49,0,28.29409504,-80.73091022,12009.0,674.4835881197856,1.206896551724138,4011,3945,46,0,3899,3804,596849,115,3,0,112,141
2020-07-18,US,Florida,Broward,38131,488,0,26.15184651,-80.48725556,12011.0,1952.6541163409256,1.2797985890745065,37643,36913,477,0,36436,35566,1951260,1218,11,0,1207,1347
2020-07-18,US,Florida,Calhoun,199,7,0,30.40666734,-85.19394153,12013.0,1410.8472172988302,3.5175879396984926,192,201,7,0,194,198,14587,-2,0,0,-2,3
2020-07-18,US,Florida,Charlotte,1382,80,0,26.90131002,-81.92949121,12015.0,731.565295643428,5.788712011577424,1302,1342,80,0,1262,1313,184998,40,0,0,40,29
2020-07-18,US,Florida,Citrus,766,17,0,28.84804315,-82.47614748,12017.0,511.83706742751764,2.219321148825065,749,737,17,0,720,702,147929,29,0,0,29,35
2020-07-18,US,Florida,Clay,1980,42,0,29.98319144,-81.85609986,12019.0,903.0704394942804,2.121212121212121,1938,1900,42,0,1858,1791,216072,80,0,0,80,109
2020-07-18,US,Florida,Collier,7577,105,0,26.11091986,-81.34687065,12021.0,1968.5530342788559,1.385772733271743,7472,7314,104,0,7210,7076,378488,263,1,0,262,238
2020-07-18,US,Florida,Columbia,1181,4,0,30.22509788,-82.62160164,12023.0,1647.4625449878638,0.3386960203217612,1177,1150,4,0,1146,1087,70503,31,0,0,31,63
2020-07-18,US,Florida,DeSoto,1055,13,0,27.18677893,-81.80941373,12027.0,2776.2427304544617,1.2322274881516588,1042,1045,13,0,1032,1015,37489,10,0,0,10,30
2020-07-18,US,Florida,Dixie,160,4,0,29.60631086,-83.15724673,12029.0,950.9093070248424,2.5,156,155,4,0,151,146,16700,5,0,0,5,9
2020-07-18,US,Florida,Duval,15903,93,0,30.33225875,-81.66976468,12031.0,1660.4455210361734,0.5847953216374269,15810,15641,93,0,15548,14992,950181,262,0,0,262,649
2020-07-18,US,Florida,Escambia,5557,57,0,30.67652764,-87.37284571,12033.0,1745.7495067794268,1.0257333093395715,5500,5346,56,0,5290,5054,315534,211,1,0,210,292
2020-07-18,US,Florida,Flagler,612,7,0,29.45933576,-81.31508595,12035.0,531.7993413334956,1.1437908496732023,605,600,7,0,593,575,112067,12,0,0,12,25
2020-07-18,US,Florida,Franklin,52,0,0,29.83791238,-84.82731662,12037.0,428.8659793814433,0.0,52,50,0,0,50,48,11736,2,0,0,2,2
2020-07-18,US,Florida,Gadsden,779,10,0,30.57796289,-84.61915825,12039.0,1706.0884800700833,1.2836970474967908,769,736,9,0,727,721,45894,43,1,0,42,15
2020-07-18,US,Florida,Gilchrist,201,0,0,29.72856978,-82.79880657,12041.0,1081.6919599612531,0.0,201,191,0,0,191,176,18256,10,0,0,10,15
2020-07-18,US,Florida,Glades,264,1,0,26.95635849,-81.18996211,12043.0,1911.5198030555355,0.3787878787878788,263,223,1,0,222,215,13724,41,0,0,41,8
2020-07-18,US,Florida,Gulf,135,0,0,29.93543004,-85.24270990000002,12045.0,989.8086369968472,0.0,135,124,0,0,124,118,16164,11,0,0,11,6
2020-07-18,US,Florida,Hamilton,505,2,0,30.49673973,-82.94998918,12047.0,3500.138619351261,0.3960396039603961,503,498,2,0,496,469,14310,7,0,0,7,29
2020-07-18,US,Florida,Hardee,694,4,0,27.49293939,-81.80956574,12049.0,2576.3819282028435,0.5763688760806917,690,677,4,0,673,649,27245,17,0,0,17,28
2020-07-18,US,Florida,Hendry,1347,30,0,26.55386945,-81.16469006,12051.0,3205.463804673743,2.2271714922049,1317,1325,30,0,1295,1310,41556,22,0,0,22,15
2020-07-18,US,Florida,Hernando,1110,13,0,28.55364461,-82.42700204,12053.0,572.4009900990097,1.1711711711711712,1097,1077,13,0,1064,1016,190865,33,0,0,33,61
2020-07-18,US,Florida,Highlands,708,15,0,27.34254618,-81.34071957,12055.0,666.5348659869518,2.1186440677966103,693,687,15,0,672,656,105424,21,0,0,21,31
2020-07-18,US,Florida,Hillsborough,23103,234,0,27.9276559,-82.32013172,12057.0,1569.5314028565838,1.0128554733151538,22869,22502,233,0,22269,21557,1436888,601,1,0,600,945
2020-07-18,US,Florida,Holmes,286,1,0,30.86747479,-85.81319222,12059.0,1457.9191517561298,0.34965034965034963,285,275,1,0,274,265,19477,11,0,0,11,10
2020-07-18,US,Florida,Indian River,1504,24,0,27.69308961,-80.60556721,12061.0,940.4525928102901,1.5957446808510638,1480,1463,24,0,1439,1431,157413,41,0,0,41,32
2020-07-18,US,Florida,Jackson,769,10,0,30.795459700000002,-85.21500423,12063.0,1656.8276813030552,1.3003901170351104,759,756,7,0,749,682,48305,13,3,0,10,74
2020-07-18,US,Florida,Jefferson,110,4,0,30.43669112,-83.89442308,12065.0,772.1465674575319,3.636363636363636,106,109,4,0,105,102,14288,1,0,0,1,7
2020-07-18,US,Florida,Lafayette,71,0,0,29.98484137,-83.18166636,12067.0,843.0301591071004,0.0,71,67,0,0,67,67,8732,4,0,0,4,0
2020-07-18,US,Florida,Lake,3206,35,0,28.76202069,-81.7125123,12069.0,873.2886973670593,1.091703056768559,3171,3139,36,0,3103,3009,356495,67,-1,0,68,130
2020-07-18,US,Florida,Lee,12397,232,0,26.58410348,-81.88399313,12071.0,1608.7944488350934,1.8714205049608776,12165,12043,232,0,11811,11721,754610,354,0,0,354,322
2020-07-18,US,Florida,Leon,2884,10,0,30.45955727,-84.27491114,12073.0,982.349054097322,0.34674063800277394,2874,2817,10,0,2807,2709,292502,67,0,0,67,108
2020-07-18,US,Florida,Levy,332,2,0,29.31829741,-82.74007147,12075.0,799.9421728549744,0.6024096385542169,330,325,3,0,322,311,40770,7,-1,0,8,14
2020-07-18,US,Florida,Liberty,293,1,0,30.23766008,-84.8829258,12077.0,3507.3018913095525,0.3412969283276451,292,289,1,0,288,284,8457,4,0,0,4,5
2020-07-18,US,Florida,Madison,431,4,0,30.44396917,-83.47398594,12079.0,2330.6115827610447,0.9280742459396752,427,423,4,0,419,415,18529,8,0,0,8,8
2020-07-18,US,Florida,Manatee,6280,143,0,27.47196942,-82.31831044,12081.0,1557.3349733293987,2.277070063694268,6137,6133,143,0,5990,5914,394855,147,0,0,147,219
2020-07-18,US,Florida,Marion,2259,27,0,29.21227113,-82.05803627,12083.0,617.9238960662401,1.195219123505976,2232,2156,19,0,2137,2057,359977,103,8,0,95,99
2020-07-18,US,Florida,Martin,3058,48,0,27.0772071,-80.43109784,12085.0,1899.3788819875765,1.5696533682145193,3010,3023,47,0,2976,2985,160912,35,1,0,34,38
2020-07-18,US,Florida,Miami-Dade,81026,1274,0,25.6112362,-80.55170587,12086.0,2982.2520924275104,1.5723348061116185,79752,77867,1270,0,76597,75425,2761581,3159,4,0,3155,2442
2020-07-18,US,Florida,Monroe,810,6,0,25.20904673,-81.07812416,12087.0,1091.232419033249,0.7407407407407407,804,768,6,0,762,715,75027,42,0,0,42,53
2020-07-18,US,Florida,Nassau,682,4,0,30.61037141,-81.80297522,12089.0,769.5345557122708,0.5865102639296188,678,660,3,0,657,626,85832,22,1,0,21,34
2020-07-18,US,Florida,Okaloosa,1753,12,0,30.69143028,-86.59267105,12091.0,831.8385863014737,0.6845407872219053,1741,1698,12,0,1686,1623,207269,55,0,0,55,75
2020-07-18,US,Florida,Okeechobee,633,2,0,27.386336199999995,-80.88944347,12093.0,1501.1383039271484,0.315955766192733,631,610,2,0,608,597,41537,23,0,0,23,13
2020-07-18,US,Florida,Orange,22518,117,0,28.51367621,-81.31799498,12095.0,1615.9867724184255,0.5195843325339728,22401,22049,103,0,21946,21299,1380645,469,14,0,455,750
2020-07-18,US,Florida,Osceola,5725,38,0,28.06312234,-81.14882926,12097.0,1523.6153729464459,0.6637554585152838,5687,5556,38,0,5518,5270,367990,169,0,0,169,286
2020-07-18,US,Florida,Palm Beach,25045,666,0,26.64676272,-80.46536002,12099.0,1673.2697742472126,2.6592134158514678,24379,24361,659,0,23702,23711,1485941,684,7,0,677,650
2020-07-18,US,Florida,Pasco,4769,42,0,28.30810945,-82.40227529,12101.0,860.9126865927608,0.8806877752149298,4727,4654,40,0,4614,4489,539630,115,2,0,113,165
2020-07-18,US,Florida,Pinellas,13019,310,0,27.93130349,-82.72239666,12103.0,1335.287529384736,2.3811352638451493,12709,12714,300,0,12414,12368,975280,305,10,0,295,346
2020-07-18,US,Florida,Polk,9030,174,0,27.95027105,-81.69732947,12105.0,1245.9004631769494,1.9269102990033224,8856,8772,162,0,8610,8498,708009,258,12,0,246,274
2020-07-18,US,Florida,Putnam,926,8,0,29.60779729,-81.74230285,12107.0,1242.6027562700447,0.8639308855291576,918,897,8,0,889,871,74163,29,0,0,29,26
2020-07-18,US,Florida,Santa Rosa,1822,13,0,30.69341450000001,-87.02458128,12113.0,988.5358059388108,0.7135016465422612,1809,1740,13,0,1727,1663,179349,82,0,0,82,77
2020-07-18,US,Florida,Sarasota,4065,100,0,27.18546175,-82.33174248,12115.0,937.1930779126762,2.4600246002460024,3965,3880,100,0,3780,3724,426718,185,0,0,185,156
2020-07-18,US,Florida,Seminole,5150,41,0,28.7158582,-81.24060348,12117.0,1091.5040714161578,0.7961165048543689,5109,5030,33,0,4997,4842,467832,120,8,0,112,188
2020-07-18,US,Florida,St. Johns,2326,16,0,29.90096506,-81.43589967,12109.0,878.8236005319792,0.6878761822871883,2310,2270,15,0,2255,2178,254261,56,1,0,55,92
2020-07-18,US,Florida,St. Lucie,3500,79,0,27.37763908,-80.47106649,12111.0,1066.107823099206,2.257142857142857,3421,3411,78,0,3333,3301,321128,89,1,0,88,110
2020-07-18,US,Florida,Sumter,787,20,0,28.70181754,-82.0794267,12119.0,594.3210995317928,2.541296060991105,767,770,19,0,751,757,128754,17,1,0,16,13
2020-07-18,US,Florida,Suwannee,878,22,0,30.19746066,-82.99099670000003,12121.0,1976.720624985929,2.5056947608200457,856,863,22,0,841,835,44191,15,0,0,15,28
2020-07-18,US,Florida,Taylor,200,2,0,30.04848048,-83.60445406,12123.0,927.256711020446,1.0,198,192,2,0,190,185,21623,8,0,0,8,7
2020-07-18,US,Florida,Unassigned,401,0,0,0.0,0.0,90012.0,0.0,0.0,401,383,0,0,383,372,,18,0,0,18,11
2020-07-18,US,Florida,Union,141,2,0,30.04412971,-82.37497443,12125.0,925.3790116164599,1.4184397163120568,139,139,2,0,137,133,14940,2,0,0,2,6
2020-07-18,US,Florida,Volusia,4959,80,0,29.05858895,-81.18263252,12127.0,896.2847289999347,1.613228473482557,4879,4768,79,0,4689,4572,547538,191,1,0,190,196
2020-07-18,US,Florida,Wakulla,258,1,0,30.16548905,-84.39895211,12129.0,764.6936779394765,0.3875968992248062,257,235,1,0,234,223,32461,23,0,0,23,12
2020-07-18,US,Florida,Walton,766,11,0,30.64204028,-86.16935664,12131.0,1034.1429169310527,1.4360313315926894,755,727,11,0,716,693,71375,39,0,0,39,34
2020-07-18,US,Florida,Washington,251,13,0,30.61359259,-85.66002461,12133.0,985.357044714011,5.179282868525896,238,233,13,0,220,225,24880,18,0,0,18,8
2020-07-18,US,Georgia,Appling,411,15,0,31.74847232,-82.28909114,13001.0,2235.396497334929,3.6496350364963503,396,402,15,0,387,389,18507,9,0,0,9,13
2020-07-18,US,Georgia,Atkinson,226,2,0,31.29633502,-82.87545866,13003.0,2767.911818738518,0.8849557522123894,224,223,2,0,221,218,8297,3,0,0,3,5
2020-07-18,US,Georgia,Bacon,339,5,0,31.55456473,-82.45936528,13005.0,3036.546040845575,1.4749262536873156,334,327,5,0,322,324,11185,12,0,0,12,3
2020-07-18,US,Georgia,Baker,45,3,0,31.32669878,-84.44218806,13007.0,1481.2376563528635,6.666666666666668,42,45,3,0,42,45,3092,0,0,0,0,0
2020-07-18,US,Georgia,Baldwin,730,35,0,33.06882326,-83.24701748,13009.0,1626.1973713521945,4.794520547945205,695,721,35,0,686,715,44823,9,0,0,9,6
2020-07-18,US,Georgia,Banks,182,3,0,34.35607081,-83.49644388,13011.0,946.2410315067067,1.6483516483516485,179,177,3,0,174,170,18988,5,0,0,5,7
2020-07-18,US,Georgia,Barrow,745,30,0,33.99148694,-83.71436292,13013.0,895.0024026910139,4.026845637583893,715,725,29,0,696,705,80809,20,1,0,19,20
2020-07-18,US,Georgia,Bartow,1131,46,0,34.23732119,-84.83887523,13015.0,1049.7688837735989,4.067197170645446,1085,1110,46,0,1064,1089,106408,21,0,0,21,21
2020-07-18,US,Georgia,Ben Hill,265,1,0,31.76095874,-83.22145359,13017.0,1586.8263473053892,0.37735849056603776,264,259,1,0,258,254,16787,6,0,0,6,5
2020-07-18,US,Georgia,Berrien,200,0,0,31.27590016,-83.22529920000002,13019.0,1031.0872815383825,0.0,200,194,0,0,194,191,19252,6,0,0,6,3
2020-07-18,US,Georgia,Bibb,2152,44,0,32.80904227,-83.70489165,13021.0,1405.0757709308627,2.044609665427509,2108,2077,43,0,2034,2015,153095,75,1,0,74,62
2020-07-18,US,Georgia,Bleckley,103,1,0,32.43829035,-83.33035166,13023.0,800.1242911520236,0.9708737864077671,102,102,1,0,101,102,12838,1,0,0,1,0
2020-07-18,US,Georgia,Brantley,169,3,0,31.19576557,-81.97743999,13025.0,884.4000209325449,1.7751479289940828,166,166,3,0,163,161,18897,3,0,0,3,5
2020-07-18,US,Georgia,Brooks,261,12,0,30.83922642,-83.58303423,13027.0,1688.5553470919324,4.597701149425287,249,255,12,0,243,244,15513,6,0,0,6,11
2020-07-18,US,Georgia,Bryan,342,5,0,32.00979311,-81.44002948,13029.0,863.0479218714513,1.4619883040935673,337,328,5,0,323,315,38109,14,0,0,14,13
2020-07-18,US,Georgia,Bulloch,779,7,0,32.39577406,-81.74811421,13031.0,978.5448698623254,0.8985879332477535,772,751,7,0,744,723,77296,28,0,0,28,28
2020-07-18,US,Georgia,Burke,247,7,0,33.05917989,-81.99928721,13033.0,1103.5160612965196,2.8340080971659916,240,247,7,0,240,240,22423,0,0,0,0,7
2020-07-18,US,Georgia,Butts,363,35,0,33.283094500000004,-83.95435040000002,13035.0,1455.7266602502407,9.641873278236917,328,358,35,0,323,355,24193,5,0,0,5,3
2020-07-18,US,Georgia,Calhoun,175,6,0,31.53169785,-84.62725131,13037.0,2827.5973501373405,3.4285714285714284,169,173,6,0,167,171,6352,2,0,0,2,2
2020-07-18,US,Georgia,Camden,355,3,0,30.92951916,-81.66601818,13039.0,649.3981633922365,0.8450704225352113,352,337,2,0,335,326,53677,18,1,0,17,11
2020-07-18,US,Georgia,Candler,125,0,0,32.40209349,-82.07702563,13043.0,1157.0859946311211,0.0,125,125,0,0,125,111,10836,0,0,0,0,14
2020-07-18,US,Georgia,Carroll,1325,42,0,33.58138199,-85.07976677,13045.0,1104.2402826855123,3.169811320754717,1283,1260,40,0,1220,1200,118121,65,2,0,63,60
2020-07-18,US,Georgia,Catoosa,388,8,0,34.89872298,-85.13757014,13047.0,574.1343592778927,2.061855670103093,380,385,8,0,377,375,67420,3,0,0,3,10
2020-07-18,US,Georgia,Charlton,182,2,0,30.78371028,-82.13951596,13049.0,1359.020310633214,1.0989010989010992,180,171,2,0,169,149,12968,11,0,0,11,22
2020-07-18,US,Georgia,Chatham,3264,40,0,32.00043026,-81.12489526,13051.0,1127.7338216494486,1.2254901960784317,3224,3106,39,0,3067,2991,289195,158,1,0,157,115
2020-07-18,US,Georgia,Chattahoochee,494,1,0,32.34341231,-84.78809239,13053.0,4529.201430274135,0.20242914979757085,493,493,1,0,492,492,10684,1,0,0,1,1
2020-07-18,US,Georgia,Chattooga,93,2,0,34.47197698,-85.34535662,13055.0,375.16640445358826,2.150537634408602,91,89,2,0,87,88,24790,4,0,0,4,1
2020-07-18,US,Georgia,Cherokee,2086,48,0,34.24393976,-84.47431861,13057.0,806.1119204862947,2.3010546500479387,2038,2014,48,0,1966,1927,254149,72,0,0,72,87
2020-07-18,US,Georgia,Clarke,1205,15,0,33.95436462,-83.37124007,13059.0,938.9781112903353,1.2448132780082988,1190,1140,15,0,1125,1087,127330,65,0,0,65,53
2020-07-18,US,Georgia,Clay,65,2,0,31.62221166,-84.97713865,13061.0,2293.577981651376,3.0769230769230766,63,65,2,0,63,65,2887,0,0,0,0,0
2020-07-18,US,Georgia,Clayton,3331,85,0,33.54187245,-84.35594188,13063.0,1139.7541881090551,2.551786250375262,3246,3236,85,0,3151,3132,289615,95,0,0,95,104
2020-07-18,US,Georgia,Clinch,128,4,0,30.91395822,-82.70432472,13065.0,1934.119069205198,3.125,124,125,4,0,121,125,6648,3,0,0,3,0
2020-07-18,US,Georgia,Cobb,8223,263,0,33.94243204,-84.5761255,13067.0,1081.7729868537547,3.19834610239572,7960,7972,260,0,7712,7713,756865,251,3,0,248,259
2020-07-18,US,Georgia,Coffee,1034,18,0,31.54892966,-82.85492059999999,13069.0,2389.480738566773,1.7408123791102514,1016,1006,18,0,988,993,43093,28,0,0,28,13
2020-07-18,US,Georgia,Colquitt,1339,20,0,31.18810588,-83.7677946,13071.0,2936.40350877193,1.4936519790888725,1319,1338,20,0,1318,1338,45592,1,0,0,1,0
2020-07-18,US,Georgia,Columbia,1186,14,0,33.54534185,-82.263524,13073.0,756.7926286100795,1.1804384485666104,1172,1123,14,0,1109,1057,154291,63,0,0,63,66
2020-07-18,US,Georgia,Cook,284,4,0,31.16068491,-83.42947229,13075.0,1644.4701795020267,1.4084507042253518,280,278,4,0,274,271,17162,6,0,0,6,7
2020-07-18,US,Georgia,Coweta,988,16,0,33.35334302,-84.76129976,13077.0,665.27954534742,1.6194331983805668,972,963,16,0,947,938,145864,25,0,0,25,25
2020-07-18,US,Georgia,Crawford,67,0,0,32.71391813,-83.98061238,13079.0,540.1483392454047,0.0,67,66,0,0,66,59,12318,1,0,0,1,7
2020-07-18,US,Georgia,Crisp,335,13,0,31.92289565,-83.76811843,13081.0,1497.407473627749,3.880597014925373,322,326,13,0,313,324,22601,9,0,0,9,2
2020-07-18,US,Georgia,Dade,87,1,0,34.854916700000004,-85.50490424,13083.0,539.8361876396128,1.1494252873563218,86,84,1,0,83,82,16226,3,0,0,3,2
2020-07-18,US,Georgia,Dawson,199,3,0,34.44244079,-84.16964071,13085.0,762.2184770951433,1.5075376884422111,196,194,3,0,191,191,25083,5,0,0,5,3
2020-07-18,US,Georgia,DeKalb,9597,188,0,33.76944049,-84.22396017,13089.0,1263.9322952678594,1.958945503803272,9409,9308,187,0,9121,9165,756558,289,1,0,288,143
2020-07-18,US,Georgia,Decatur,365,8,0,30.87967778,-84.57619536,13087.0,1382.366308135131,2.191780821917808,357,346,8,0,338,343,26575,19,0,0,19,3
2020-07-18,US,Georgia,Dodge,165,2,0,32.17265114,-83.16948926,13091.0,800.7765105556903,1.2121212121212122,163,165,2,0,163,161,20705,0,0,0,0,4
2020-07-18,US,Georgia,Dooly,224,14,0,32.15630737,-83.79746561,13093.0,1672.8902165795369,6.25,210,224,13,0,211,225,13706,0,1,0,-1,-1
2020-07-18,US,Georgia,Dougherty,2290,158,0,31.53328528,-84.21722377,13095.0,2603.5745145299925,6.899563318777293,2132,2243,157,0,2086,2219,91243,47,1,0,46,24
2020-07-18,US,Georgia,Douglas,1692,41,0,33.70291126,-84.77026156,13097.0,1156.1878600274695,2.423167848699764,1651,1632,41,0,1591,1576,145331,60,0,0,60,56
2020-07-18,US,Georgia,Early,327,31,0,31.32155345,-84.90255207,13099.0,3209.028459273798,9.48012232415902,296,326,31,0,295,326,10247,1,0,0,1,0
2020-07-18,US,Georgia,Echols,206,0,0,30.71101099,-82.89687287,13101.0,5142.286570144783,0.0,206,205,0,0,205,205,4000,1,0,0,1,0
2020-07-18,US,Georgia,Effingham,393,1,0,32.36616021,-81.34280942,13103.0,611.2355356476298,0.2544529262086514,392,380,1,0,379,373,62190,13,0,0,13,7
2020-07-18,US,Georgia,Elbert,228,0,0,34.11302332,-82.83936148,13105.0,1187.8712097530479,0.0,228,224,0,0,224,209,19120,4,0,0,4,15
2020-07-18,US,Georgia,Emanuel,256,3,0,32.59221302,-82.30239915,13107.0,1130.4424622449878,1.171875,253,237,3,0,234,230,22612,19,0,0,19,7
2020-07-18,US,Georgia,Evans,86,0,0,32.15328841,-81.8870105,13109.0,807.2085601651962,0.0,86,80,0,0,80,78,10721,6,0,0,6,2
2020-07-18,US,Georgia,Fannin,173,2,0,34.86430205,-84.316964,13111.0,660.6079120207728,1.1560693641618498,171,168,2,0,166,157,25964,5,0,0,5,11
2020-07-18,US,Georgia,Fayette,629,20,0,33.41357794,-84.49089434,13113.0,549.7242639026052,3.1796502384737684,609,612,20,0,592,584,113459,17,0,0,17,28
2020-07-18,US,Georgia,Floyd,853,15,0,34.26268279,-85.21577392,13115.0,866.0074316229773,1.7584994138335288,838,829,15,0,814,810,97927,24,0,0,24,19
2020-07-18,US,Georgia,Forsyth,1355,16,0,34.22604035,-84.12315129999998,13117.0,554.7549252411444,1.1808118081180812,1339,1312,16,0,1296,1280,236612,43,0,0,43,32
2020-07-18,US,Georgia,Franklin,289,2,0,34.37525597,-83.23159927,13119.0,1237.7403743200996,0.6920415224913494,287,281,2,0,279,278,23023,8,0,0,8,3
2020-07-18,US,Georgia,Fulton,12872,339,0,33.79216944,-84.46319413,13121.0,1209.8460717128928,2.633623368551896,12533,12584,335,0,12249,12184,1050114,288,4,0,284,400
2020-07-18,US,Georgia,Gilmer,347,2,0,34.69316688,-84.45802506,13123.0,1106.1876374764895,0.5763688760806917,345,326,2,0,324,322,30816,21,0,0,21,4
2020-07-18,US,Georgia,Glascock,17,0,0,33.22879932,-82.61297636,13125.0,572.1979131605519,0.0,17,17,0,0,17,15,2995,0,0,0,0,2
2020-07-18,US,Georgia,Glynn,1801,12,0,31.23279254,-81.53811412,13127.0,2111.5696665572386,0.6662965019433648,1789,1734,10,0,1724,1695,85219,67,2,0,65,39
2020-07-18,US,Georgia,Gordon,670,19,0,34.50487351,-84.87296253,13129.0,1155.9098045304765,2.8358208955223883,651,653,19,0,634,627,57685,17,0,0,17,26
2020-07-18,US,Georgia,Grady,281,4,0,30.87454847,-84.23418364,13131.0,1140.7461535338773,1.4234875444839858,277,276,4,0,272,268,24748,5,0,0,5,8
2020-07-18,US,Georgia,Greene,159,10,0,33.5769205,-83.17139104,13133.0,867.7144728225278,6.289308176100628,149,156,10,0,146,154,17698,3,0,0,3,2
2020-07-18,US,Georgia,Gwinnett,13234,197,0,33.96044201,-84.02137802,13135.0,1413.5113484646195,1.4885899954662234,13037,12897,195,0,12702,12489,927781,337,2,0,335,408
2020-07-18,US,Georgia,Habersham,850,41,0,34.63331566,-83.53094677,13137.0,1875.2206141899048,4.823529411764706,809,836,41,0,795,821,45388,14,0,0,14,15
2020-07-18,US,Georgia,Hall,4358,66,0,34.32207823,-83.81896936,13139.0,2131.6663487265273,1.5144561725562184,4292,4242,65,0,4177,4130,202148,116,1,0,115,112
2020-07-18,US,Georgia,Hancock,240,33,0,33.2721566,-82.99766919,13141.0,2837.8857750975517,13.75,207,240,33,0,207,238,8348,0,0,0,0,2
2020-07-18,US,Georgia,Haralson,132,6,0,33.79602175,-85.21005667,13143.0,443.0719656283566,4.545454545454546,126,128,5,0,123,124,29533,4,1,0,3,4
2020-07-18,US,Georgia,Harris,495,13,0,32.73709786,-84.90538572,13145.0,1404.8132591667609,2.6262626262626263,482,485,13,0,472,481,34475,10,0,0,10,4
2020-07-18,US,Georgia,Hart,143,0,0,34.34626973,-82.96567682,13147.0,545.6973859950391,0.0,143,136,0,0,136,131,26099,7,0,0,7,5
2020-07-18,US,Georgia,Heard,97,3,0,33.29686567,-85.12886832,13149.0,813.5536358299086,3.0927835051546397,94,93,3,0,90,90,11879,4,0,0,4,3
2020-07-18,US,Georgia,Henry,2098,34,0,33.4533428,-84.14814659999998,13151.0,894.4368415891815,1.6205910390848428,2064,2027,34,0,1993,1976,230220,71,0,0,71,51
2020-07-18,US,Georgia,Houston,1190,33,0,32.45802497,-83.66879087,13153.0,753.8181841216751,2.773109243697479,1157,1161,33,0,1128,1108,155469,29,0,0,29,53
2020-07-18,US,Georgia,Irwin,109,1,0,31.60213036,-83.27501387,13155.0,1157.6040781648258,0.9174311926605504,108,109,1,0,108,109,9398,0,0,0,0,0
2020-07-18,US,Georgia,Jackson,609,12,0,34.13794553,-83.56814788,13157.0,834.5095029940941,1.9704433497536944,597,590,12,0,578,569,70422,19,0,0,19,21
2020-07-18,US,Georgia,Jasper,101,1,0,33.31535543,-83.68844964,13159.0,710.3171812363737,0.99009900990099,100,101,1,0,100,96,14040,0,0,0,0,5
2020-07-18,US,Georgia,Jeff Davis,207,3,0,31.80405727,-82.63724870000001,13161.0,1369.500496195832,1.4492753623188406,204,196,3,0,193,180,15029,11,0,0,11,16
2020-07-18,US,Georgia,Jefferson,276,4,0,33.05867328,-82.41609057,13163.0,1796.6410623616714,1.4492753623188406,272,263,3,0,260,251,15430,13,1,0,12,12
2020-07-18,US,Georgia,Jenkins,187,14,0,32.79248718,-81.96040187,13165.0,2155.3711387736284,7.4866310160427805,173,182,14,0,168,171,8683,5,0,0,5,11
2020-07-18,US,Georgia,Johnson,150,2,0,32.70211082,-82.66166794,13167.0,1555.5325106294724,1.3333333333333333,148,146,2,0,144,144,9708,4,0,0,4,2
2020-07-18,US,Georgia,Jones,176,1,0,33.02512137,-83.56019163,13169.0,612.4934748564467,0.5681818181818182,175,156,1,0,155,156,28616,20,0,0,20,0
2020-07-18,US,Georgia,Lamar,164,7,0,33.07841647,-84.14263877,13171.0,859.6739529276092,4.2682926829268295,157,159,7,0,152,157,19000,5,0,0,5,2
2020-07-18,US,Georgia,Lanier,176,3,0,31.03828570000001,-83.06472457,13173.0,1688.5733474047781,1.7045454545454546,173,175,3,0,172,172,10340,1,0,0,1,3
2020-07-18,US,Georgia,Laurens,463,1,0,32.46325233,-82.92221316,13175.0,973.7937996887224,0.2159827213822894,462,447,1,0,446,422,47325,16,0,0,16,25
2020-07-18,US,Georgia,Lee,446,22,0,31.779330600000005,-84.14324253,13177.0,1487.0632168578284,4.932735426008969,424,441,22,0,419,439,29764,5,0,0,5,2
2020-07-18,US,Georgia,Liberty,346,2,0,31.82588896,-81.49251135,13179.0,563.1968747456663,0.5780346820809249,344,329,2,0,327,315,61497,17,0,0,17,14
2020-07-18,US,Georgia,Lincoln,86,2,0,33.79201475,-82.45024131,13181.0,1085.7214998106301,2.3255813953488373,84,83,2,0,81,78,7915,3,0,0,3,5
2020-07-18,US,Georgia,Long,81,1,0,31.75218791,-81.74952375,13183.0,414.131601820134,1.2345679012345678,80,81,1,0,80,78,18998,0,0,0,0,3
2020-07-18,US,Georgia,Lowndes,2180,19,0,30.83568832,-83.27056716,13185.0,1856.8045926102584,0.8715596330275229,2161,2093,19,0,2074,2064,116321,87,0,0,87,29
2020-07-18,US,Georgia,Lumpkin,203,4,0,34.57286511,-84.00425681,13187.0,603.9869086581375,1.9704433497536944,199,193,4,0,189,189,32955,10,0,0,10,4
2020-07-18,US,Georgia,Macon,150,10,0,32.35207048,-84.04234127,13193.0,1158.5695527921525,6.666666666666668,140,150,10,0,140,147,13143,0,0,0,0,3
2020-07-18,US,Georgia,Madison,217,4,0,34.12920917,-83.21218732,13195.0,726.2382864792502,1.8433179723502304,213,209,4,0,205,206,29650,8,0,0,8,3
2020-07-18,US,Georgia,Marion,109,3,0,32.3483402,-84.52733571,13197.0,1303.9837301112573,2.7522935779816518,106,108,3,0,105,105,8351,1,0,0,1,3
2020-07-18,US,Georgia,McDuffie,195,8,0,33.47851918,-82.48252774,13189.0,914.9774774774776,4.102564102564102,187,182,8,0,174,175,21531,13,0,0,13,7
2020-07-18,US,Georgia,McIntosh,101,1,0,31.49683595,-81.40163426,13191.0,702.4620948671582,0.99009900990099,100,95,1,0,94,93,14340,6,0,0,6,2
2020-07-18,US,Georgia,Meriwether,280,4,0,33.04163534,-84.68859732,13199.0,1322.8138139556854,1.4285714285714286,276,277,4,0,273,266,21068,3,0,0,3,11
2020-07-18,US,Georgia,Miller,69,0,0,31.16568912,-84.73151117,13201.0,1206.7156348373558,0.0,69,65,0,0,65,63,5686,4,0,0,4,2
2020-07-18,US,Georgia,Mitchell,522,41,0,31.22483255,-84.19381821,13205.0,2387.595480949549,7.8544061302682,481,515,41,0,474,513,22192,7,0,0,7,2
2020-07-18,US,Georgia,Monroe,293,20,0,33.014289,-83.92097166,13207.0,1062.4410762201755,6.825938566552901,273,283,20,0,263,273,27520,10,0,0,10,10
2020-07-18,US,Georgia,Montgomery,72,0,0,32.17201038,-82.53527476,13209.0,784.9978194505015,0.0,72,68,0,0,68,68,9193,4,0,0,4,0
2020-07-18,US,Georgia,Morgan,102,0,0,33.59232073,-83.49129491,13211.0,529.1554264370201,0.0,102,100,0,0,100,94,18853,2,0,0,2,6
2020-07-18,US,Georgia,Murray,371,2,0,34.78897608,-84.74993177,13213.0,925.2793296089385,0.5390835579514824,369,347,2,0,345,336,39921,24,0,0,24,11
2020-07-18,US,Georgia,Muscogee,3321,64,0,32.50931999,-84.87142262,13215.0,1696.3870684326935,1.9271303824149355,3257,3196,64,0,3132,3142,194160,125,0,0,125,54
2020-07-18,US,Georgia,Newton,1144,19,0,33.55514538,-83.84547140000002,13217.0,1023.7686139747997,1.6608391608391608,1125,1098,19,0,1079,1043,109541,46,0,0,46,55
2020-07-18,US,Georgia,Oconee,283,14,0,33.83749973,-83.43679568,13219.0,702.5819265143992,4.946996466431095,269,268,14,0,254,264,39272,15,0,0,15,4
2020-07-18,US,Georgia,Oglethorpe,137,7,0,33.878629600000004,-83.08278123,13221.0,897.8307883871812,5.109489051094892,130,131,7,0,124,125,15054,6,0,0,6,6
2020-07-18,US,Georgia,Out of GA,11531,63,0,0.0,0.0,80013.0,0.0,0.5463533084728124,11468,10916,61,0,10855,10427,,615,2,0,613,489
2020-07-18,US,Georgia,Paulding,1003,16,0,33.91969522,-84.86848792,13223.0,594.662856397517,1.5952143569292123,987,966,16,0,950,932,164044,37,0,0,37,34
2020-07-18,US,Georgia,Peach,193,10,0,32.56934316,-83.82937,13225.0,700.6461918245842,5.181347150259066,183,184,10,0,174,175,27297,9,0,0,9,9
2020-07-18,US,Georgia,Pickens,162,5,0,34.46589159,-84.46406611,13227.0,497.0697431806327,3.08641975308642,157,138,5,0,133,134,31980,24,0,0,24,4
2020-07-18,US,Georgia,Pierce,309,5,0,31.35928155,-82.21598442,13229.0,1587.4646801952222,1.6181229773462784,304,298,5,0,293,291,19389,11,0,0,11,7
2020-07-18,US,Georgia,Pike,140,3,0,33.09310242,-84.38790389,13231.0,738.3187427486553,2.142857142857143,137,135,3,0,132,128,18634,5,0,0,5,7
2020-07-18,US,Georgia,Polk,410,2,0,34.00267074,-85.18677781,13233.0,962.1477014056744,0.4878048780487805,408,399,1,0,398,386,42470,11,1,0,10,13
2020-07-18,US,Georgia,Pulaski,70,2,0,32.23334561,-83.47549959999998,13235.0,628.5355122564425,2.8571428571428568,68,63,2,0,61,63,11069,7,0,0,7,0
2020-07-18,US,Georgia,Putnam,265,13,0,33.32056115,-83.37552891,13237.0,1198.06501198065,4.90566037735849,252,254,13,0,241,253,21809,11,0,0,11,1
2020-07-18,US,Georgia,Quitman,24,1,0,31.86728114,-85.01773177,13239.0,1043.9321444106133,4.166666666666667,23,24,1,0,23,23,2279,0,0,0,0,1
2020-07-18,US,Georgia,Rabun,116,3,0,34.88389445,-83.40304637,13241.0,676.8979401295442,2.586206896551724,113,108,3,0,105,101,16867,8,0,0,8,7
2020-07-18,US,Georgia,Randolph,223,25,0,31.76622818,-84.75732369,13243.0,3290.056063735615,11.210762331838565,198,222,25,0,197,220,6833,1,0,0,1,2
2020-07-18,US,Georgia,Richmond,2156,63,0,33.35777107,-82.07026432,13245.0,1064.5967272044954,2.9220779220779223,2093,2096,62,0,2034,1979,201554,60,1,0,59,117
2020-07-18,US,Georgia,Rockdale,840,11,0,33.65145002,-84.02202167,13247.0,924.1330751628236,1.3095238095238095,829,803,11,0,792,783,90594,37,0,0,37,20
2020-07-18,US,Georgia,Schley,31,1,0,32.2654021,-84.31258912,13249.0,589.6899372265551,3.2258064516129035,30,31,1,0,30,37,5236,0,0,0,0,-6
2020-07-18,US,Georgia,Screven,133,8,0,32.74976524,-81.60779441,13251.0,952.3127595589286,6.015037593984963,125,132,8,0,124,130,13938,1,0,0,1,2
2020-07-18,US,Georgia,Seminole,66,2,0,30.93464824,-84.86823924,13253.0,815.8220024721878,3.0303030303030303,64,64,2,0,62,63,8315,2,0,0,2,1
2020-07-18,US,Georgia,Spalding,639,33,0,33.26310031,-84.28013991,13255.0,957.9779020433864,5.164319248826291,606,629,33,0,596,615,66100,10,0,0,10,14
2020-07-18,US,Georgia,Stephens,395,6,0,34.55151201,-83.29405315,13257.0,1523.6258437801348,1.5189873417721518,389,383,6,0,377,379,26035,12,0,0,12,4
2020-07-18,US,Georgia,Stewart,231,4,0,32.07996777,-84.83208037,13259.0,3488.89895786135,1.7316017316017316,227,231,4,0,227,233,6199,0,0,0,0,-2
2020-07-18,US,Georgia,Sumter,664,52,0,32.03650571,-84.19821492,13261.0,2249.0177482725917,7.831325301204818,612,657,52,0,605,649,29733,7,0,0,7,8
2020-07-18,US,Georgia,Talbot,105,3,0,32.69642758,-84.53351366,13263.0,1694.9152542372879,2.8571428571428568,102,102,3,0,99,101,6272,3,0,0,3,1
2020-07-18,US,Georgia,Taliaferro,2,0,0,33.56543317,-82.88136816,13265.0,130.1236174365647,0.0,2,2,0,0,2,2,1608,0,0,0,0,0
2020-07-18,US,Georgia,Tattnall,255,0,0,32.04785085,-82.05539188,13267.0,1008.4631812069921,0.0,255,235,0,0,235,220,25391,20,0,0,20,15
2020-07-18,US,Georgia,Taylor,51,2,0,32.55792548,-84.25077141,13269.0,635.9102244389028,3.92156862745098,49,49,2,0,47,47,8039,2,0,0,2,2
2020-07-18,US,Georgia,Telfair,201,3,0,31.92829517,-82.93491155,13271.0,1267.3392181588906,1.492537313432836,198,200,3,0,197,197,15876,1,0,0,1,3
2020-07-18,US,Georgia,Terrell,260,29,0,31.77527543,-84.44069698,13273.0,3047.708357754073,11.153846153846152,231,260,29,0,231,259,8611,0,0,0,0,1
2020-07-18,US,Georgia,Thomas,681,33,0,30.86392347,-83.91847289,13275.0,1532.0240264560978,4.845814977973569,648,673,33,0,640,657,44448,8,0,0,8,16
2020-07-18,US,Georgia,Tift,1101,29,0,31.45743864,-83.5236119,13277.0,2708.8869205786827,2.6339691189827428,1072,1093,29,0,1064,1062,40571,8,0,0,8,31
2020-07-18,US,Georgia,Toombs,388,5,0,32.12059861,-82.32957247,13279.0,1446.1423779351474,1.2886597938144329,383,372,5,0,367,363,26887,16,0,0,16,9
2020-07-18,US,Georgia,Towns,81,1,0,34.91369188,-83.74107459999998,13281.0,672.9251474619923,1.2345679012345678,80,78,1,0,77,75,11852,3,0,0,3,3
2020-07-18,US,Georgia,Treutlen,56,2,0,32.40422134,-82.56904553,13283.0,811.4765975945515,3.571428571428572,54,53,2,0,51,52,6809,3,0,0,3,1
2020-07-18,US,Georgia,Troup,1857,44,0,33.03349196,-85.02812115,13285.0,2655.816481221933,2.369413031771675,1813,1841,44,0,1797,1815,70034,16,0,0,16,26
2020-07-18,US,Georgia,Turner,213,18,0,31.71612656,-83.62069378,13287.0,2667.501565435191,8.450704225352112,195,211,18,0,193,207,7912,2,0,0,2,4
2020-07-18,US,Georgia,Twiggs,52,1,0,32.67435595,-83.43078662,13289.0,640.3940886699507,1.9230769230769231,51,51,1,0,50,50,8188,1,0,0,1,1
2020-07-18,US,Georgia,Unassigned,1628,6,0,0.0,0.0,90013.0,0.0,0.36855036855036855,1622,1303,1,0,1302,1322,,325,5,0,320,-19
2020-07-18,US,Georgia,Union,135,4,0,34.82995757,-83.98967069,13291.0,550.7731222716333,2.962962962962963,131,134,4,0,130,127,24001,1,0,0,1,7
2020-07-18,US,Georgia,Upson,407,45,0,32.87920671,-84.30024826,13293.0,1546.3525835866262,11.056511056511056,362,407,45,0,362,397,26215,0,0,0,0,10
2020-07-18,US,Georgia,Walker,408,14,0,34.73376362,-85.30165174,13295.0,584.8540015194736,3.431372549019608,394,402,14,0,388,392,69410,6,0,0,6,10
2020-07-18,US,Georgia,Walton,631,32,0,33.78017694,-83.73552314,13297.0,667.0683877242502,5.0713153724247215,599,613,31,0,582,602,93503,18,1,0,17,11
2020-07-18,US,Georgia,Ware,835,17,0,31.05449097,-82.42224148,13299.0,2336.710136004925,2.035928143712575,818,788,17,0,771,761,35680,47,0,0,47,27
2020-07-18,US,Georgia,Warren,45,0,0,33.41146451,-82.67795848,13301.0,856.4902931100114,0.0,45,40,0,0,40,37,5251,5,0,0,5,3
2020-07-18,US,Georgia,Washington,221,1,0,32.96711864,-82.79357039,13303.0,1084.7158142730932,0.4524886877828054,220,215,1,0,214,208,20386,6,0,0,6,7
2020-07-18,US,Georgia,Wayne,292,0,0,31.5521809,-81.91894878,13305.0,975.7075550506233,0.0,292,242,0,0,242,216,29808,50,0,0,50,26
2020-07-18,US,Georgia,Webster,35,2,0,32.04066113,-84.54742852,13307.0,1342.5393172228614,5.7142857142857135,33,35,2,0,33,34,2611,0,0,0,0,1
2020-07-18,US,Georgia,Wheeler,75,0,0,32.12009104,-82.72574721,13309.0,954.8058561425844,0.0,75,71,0,0,71,69,7879,4,0,0,4,2
2020-07-18,US,Georgia,White,210,5,0,34.64624278,-83.74905525,13311.0,681.8624586012079,2.380952380952381,205,204,5,0,199,195,29970,6,0,0,6,9
2020-07-18,US,Georgia,Whitfield,2179,23,0,34.80987459,-84.96093476,13313.0,2082.6165080093288,1.0555300596603947,2156,2070,19,0,2051,2017,104062,109,4,0,105,53
2020-07-18,US,Georgia,Wilcox,146,15,0,31.97496928,-83.43438555,13315.0,1690.793283149971,10.273972602739725,131,146,15,0,131,144,8812,0,0,0,0,2
2020-07-18,US,Georgia,Wilkes,139,3,0,33.78290391,-82.74286107,13317.0,1421.703999181753,2.1582733812949644,136,136,3,0,133,130,9876,3,0,0,3,6
2020-07-18,US,Georgia,Wilkinson,132,9,0,32.80291082,-83.17140684,13319.0,1474.2014742014746,6.8181818181818175,123,127,9,0,118,127,9036,5,0,0,5,0
2020-07-18,US,Georgia,Worth,372,22,0,31.55162306,-83.85090513,13321.0,1837.3092309971848,5.913978494623656,350,371,22,0,349,366,20299,1,0,0,1,5
2020-07-18,US,Hawaii,Hawaii,111,0,0,19.60121157,-155.5210167,15001.0,55.083294874276106,0.0,111,109,0,0,109,107,200983,2,0,0,2,2
2020-07-18,US,Hawaii,Honolulu,1040,17,0,21.45803166,-157.97121819999995,15003.0,106.71449665131962,1.6346153846153846,1023,1025,16,0,1009,1002,980080,15,1,0,14,23
2020-07-18,US,Hawaii,Kauai,43,0,0,22.03935037,-159.5966786,15007.0,59.480170970910045,0.0,43,43,0,0,43,43,72133,0,0,0,0,0
2020-07-18,US,Hawaii,Maui,135,6,0,20.86399628,-156.56890969999995,15009.0,80.63697235047815,4.4444444444444455,129,135,6,0,129,135,167207,0,0,0,0,0
2020-07-18,US,Hawaii,Out of HI,22,1,0,0.0,0.0,80015.0,0.0,4.545454545454546,21,22,1,0,21,21,,0,0,0,0,1
2020-07-18,US,Hawaii,Unassigned,3,0,0,0.0,0.0,90015.0,0.0,0.0,3,,,,,3,,,,,,
2020-07-18,US,Idaho,Ada,5723,32,0,43.4526575,-116.24155159999998,16001.0,1188.3626426793082,0.5591473003669404,5691,5457,32,0,5425,5132,469966,266,0,0,266,325
2020-07-18,US,Idaho,Adams,13,0,0,44.89333571,-116.4545247,16003.0,302.74802049371215,0.0,13,13,0,0,13,13,4250,0,0,0,0,0
2020-07-18,US,Idaho,Bannock,186,1,0,42.67002716,-112.2233311,16005.0,211.8258017492712,0.5376344086021505,185,183,1,0,182,176,87138,3,0,0,3,7
2020-07-18,US,Idaho,Bear Lake,3,0,0,42.28269683,-111.32892379999998,16007.0,48.979591836734684,0.0,3,3,0,0,3,2,6050,0,0,0,0,1
2020-07-18,US,Idaho,Benewah,35,0,0,47.21754179,-116.6586851,16009.0,376.42503764250375,0.0,35,34,0,0,34,34,9226,1,0,0,1,0
2020-07-18,US,Idaho,Bingham,107,1,0,43.21672879999999,-112.3978437,16011.0,228.57875285723443,0.9345794392523364,106,107,1,0,106,102,46236,0,0,0,0,5
2020-07-18,US,Idaho,Blaine,556,5,0,43.4085812,-113.9752658,16013.0,2415.186134399027,0.8992805755395683,551,555,5,0,550,555,22601,1,0,0,1,0
2020-07-18,US,Idaho,Boise,15,0,0,43.98829931,-115.7309284,16015.0,191.5464180819819,0.0,15,15,0,0,15,13,7634,0,0,0,0,2
2020-07-18,US,Idaho,Bonner,90,0,0,48.29996017,-116.6017932,16017.0,196.7686219637509,0.0,90,89,0,0,89,88,44727,1,0,0,1,1
2020-07-18,US,Idaho,Bonneville,271,1,0,43.38713372,-111.6161537,16019.0,227.6125044094673,0.3690036900369004,270,262,1,0,261,252,116854,9,0,0,9,10
2020-07-18,US,Idaho,Boundary,10,0,0,48.76684761,-116.4630179,16021.0,81.66598611678236,0.0,10,10,0,0,10,8,11948,0,0,0,0,2
2020-07-18,US,Idaho,Camas,1,0,0,43.46665742,-114.8065892,16025.0,90.41591320072331,0.0,1,1,0,0,1,1,1127,0,0,0,0,0
2020-07-18,US,Idaho,Canyon,2986,19,0,43.61970148,-116.70954990000001,16027.0,1299.1137659941962,0.6363027461486939,2967,2834,18,0,2816,2730,223499,152,1,0,151,104
2020-07-18,US,Idaho,Caribou,21,0,0,42.77149116,-111.5597683,16029.0,293.5010482180293,0.0,21,21,0,0,21,20,7060,0,0,0,0,1
2020-07-18,US,Idaho,Cassia,356,1,0,42.28347888,-113.6012409,16031.0,1481.4814814814815,0.2808988764044944,355,345,1,0,344,342,23864,11,0,0,11,3
2020-07-18,US,Idaho,Clearwater,7,0,0,46.67459924,-115.6622393,16035.0,79.945180447693,0.0,7,7,0,0,7,7,8758,0,0,0,0,0
2020-07-18,US,Idaho,Custer,6,0,0,44.24186819,-114.2855494,16037.0,139.04982618771726,0.0,6,6,0,0,6,6,4280,0,0,0,0,0
2020-07-18,US,Idaho,Elmore,120,2,0,43.3507101,-115.4701578,16039.0,436.1891606993568,1.6666666666666667,118,117,2,0,115,112,27259,3,0,0,3,5
2020-07-18,US,Idaho,Franklin,35,0,0,42.18332217,-111.81496659999999,16041.0,252.23407321994807,0.0,35,35,0,0,35,34,13726,0,0,0,0,1
2020-07-18,US,Idaho,Fremont,22,0,0,44.22800938,-111.48099429999999,16043.0,167.9517520421406,0.0,22,22,0,0,22,16,13168,0,0,0,0,6
2020-07-18,US,Idaho,Gem,94,0,0,44.06482372,-116.398376,16045.0,518.9929328621909,0.0,94,87,0,0,87,85,17634,7,0,0,7,2
2020-07-18,US,Idaho,Gooding,95,1,0,42.96927962,-114.81083059999999,16047.0,625.8646814678174,1.0526315789473684,94,94,1,0,93,93,15196,1,0,0,1,1
2020-07-18,US,Idaho,Idaho,16,0,0,45.84721541,-115.4634436,16049.0,95.99808003839924,0.0,16,16,0,0,16,14,16513,0,0,0,0,2
2020-07-18,US,Idaho,Jefferson,44,0,0,43.82078483,-112.3131749,16051.0,147.30005691138564,0.0,44,42,0,0,42,37,29439,2,0,0,2,5
2020-07-18,US,Idaho,Jerome,349,6,0,42.68891267,-114.2655033,16053.0,1429.6247747009668,1.7191977077363896,343,345,6,0,339,337,24015,4,0,0,4,8
2020-07-18,US,Idaho,Kootenai,977,1,0,47.67282258,-116.7020872,16055.0,589.6304700748958,0.1023541453428864,976,935,1,0,934,864,161505,42,0,0,42,71
2020-07-18,US,Idaho,Latah,40,0,0,46.81587887,-116.71136979999999,16057.0,99.73072703700012,0.0,40,40,0,0,40,38,40134,0,0,0,0,2
2020-07-18,US,Idaho,Lemhi,6,0,0,44.9438088,-113.9309747,16059.0,74.7477264233213,0.0,6,6,0,0,6,4,7961,0,0,0,0,2
2020-07-18,US,Idaho,Lewis,1,0,0,46.23315327,-116.434146,16061.0,26.055237102657642,0.0,1,1,0,0,1,1,3861,0,0,0,0,0
2020-07-18,US,Idaho,Lincoln,46,0,0,43.0012336,-114.1358773,16063.0,857.2493477450615,0.0,46,45,0,0,45,43,5360,1,0,0,1,2
2020-07-18,US,Idaho,Madison,94,0,0,43.78141028,-111.65384740000002,16065.0,235.54764828225623,0.0,94,90,0,0,90,84,39304,4,0,0,4,6
2020-07-18,US,Idaho,Minidoka,300,0,0,42.85518524,-113.6357257,16067.0,1425.9232853272495,0.0,300,293,0,0,293,288,20825,7,0,0,7,5
2020-07-18,US,Idaho,Nez Perce,116,19,0,46.32638236,-116.75009750000001,16069.0,287.0718669570382,16.379310344827587,97,116,19,0,97,116,40408,0,0,0,0,0
2020-07-18,US,Idaho,Oneida,7,0,0,42.19494279999999,-112.5407838,16071.0,154.4912822776429,0.0,7,7,0,0,7,7,4488,0,0,0,0,0
2020-07-18,US,Idaho,Owyhee,133,0,0,42.58016894,-116.16938710000001,16073.0,1124.9259917110717,0.0,133,123,0,0,123,118,11693,10,0,0,10,5
2020-07-18,US,Idaho,Payette,235,2,0,44.00545243,-116.7647695,16075.0,981.1698885224,0.851063829787234,233,228,2,0,226,221,23551,7,0,0,7,7
2020-07-18,US,Idaho,Power,22,0,0,42.69254894,-112.83957420000002,16077.0,286.42103892722304,0.0,22,22,0,0,22,21,7768,0,0,0,0,1
2020-07-18,US,Idaho,Shoshone,21,0,0,47.35364087,-115.89167490000001,16079.0,163.01816488122958,0.0,21,21,0,0,21,17,12796,0,0,0,0,4
2020-07-18,US,Idaho,Teton,42,0,0,43.75303583,-111.2056773,16081.0,345.9067698896393,0.0,42,41,0,0,41,39,11640,1,0,0,1,2
2020-07-18,US,Idaho,Twin Falls,920,25,0,42.35440512,-114.6685381,16083.0,1058.9562374824466,2.717391304347826,895,907,25,0,882,894,86081,13,0,0,13,13
2020-07-18,US,Idaho,Valley,36,1,0,44.76728382,-115.5676773,16085.0,316.0112359550562,2.7777777777777777,35,34,1,0,33,32,11041,2,0,0,2,2
2020-07-18,US,Idaho,Washington,146,2,0,44.45275475,-116.78476880000001,16087.0,1432.2150284481068,1.3698630136986298,144,144,2,0,142,138,10161,2,0,0,2,6
2020-07-18,US,Illinois,Adams,244,1,0,39.98815591,-91.18786813,17001.0,372.8891266141973,0.4098360655737705,243,232,1,0,231,223,65691,12,0,0,12,9
2020-07-18,US,Illinois,Alexander,30,0,0,37.18049267,-89.32910838,17003.0,520.7429265752473,0.0,30,29,0,0,29,27,6060,1,0,0,1,2
2020-07-18,US,Illinois,Bond,24,2,0,38.88829622,-89.43534887,17005.0,146.10982588579085,8.333333333333334,22,24,2,0,22,23,16630,0,0,0,0,1
2020-07-18,US,Illinois,Boone,647,21,0,42.32359279,-88.82345779,17007.0,1208.3520095622293,3.2457496136012365,626,646,21,0,625,645,53577,1,0,0,1,1
2020-07-18,US,Illinois,Brown,10,0,0,39.96209138,-90.75068024,17009.0,152.02189115232594,0.0,10,10,0,0,10,10,6556,0,0,0,0,0
2020-07-18,US,Illinois,Bureau,50,2,0,41.40385234,-89.5283051,17011.0,153.24261370601937,4.0,48,48,2,0,46,47,32993,2,0,0,2,1
2020-07-18,US,Illinois,Calhoun,2,0,0,39.16840183,-90.66330078,17013.0,42.202996412745314,0.0,2,2,0,0,2,2,4802,0,0,0,0,0
2020-07-18,US,Illinois,Carroll,24,2,0,42.06823429,-89.93395545,17015.0,167.77350576721423,8.333333333333334,22,22,2,0,20,21,14312,2,0,0,2,1
2020-07-18,US,Illinois,Cass,146,10,0,39.96991073,-90.24734436,17017.0,1201.942866551412,6.849315068493151,136,145,10,0,135,141,12260,1,0,0,1,4
2020-07-18,US,Illinois,Champaign,1203,17,0,40.13919438,-88.20046615,17019.0,573.7067752719504,1.4131338320864506,1186,1165,17,0,1148,1121,209983,38,0,0,38,44
2020-07-18,US,Illinois,Christian,55,4,0,39.54581621,-89.27780482,17021.0,170.25755324418031,7.272727272727272,51,54,4,0,50,53,32661,1,0,0,1,1
2020-07-18,US,Illinois,Clark,49,0,0,39.33425789,-87.78705622,17023.0,317.33696004144815,0.0,49,48,0,0,48,45,15596,1,0,0,1,3
2020-07-18,US,Illinois,Clay,8,0,0,38.75388572,-88.48914513,17025.0,60.67961165048544,0.0,8,8,0,0,8,8,13253,0,0,0,0,0
2020-07-18,US,Illinois,Clinton,267,16,0,38.60704876,-89.42385254,17027.0,710.8247697140728,5.992509363295881,251,264,16,0,248,260,37639,3,0,0,3,4
2020-07-18,US,Illinois,Coles,231,17,0,39.51949084,-88.22358557,17029.0,456.3323521858517,7.359307359307358,214,222,17,0,205,212,50885,9,0,0,9,10
2020-07-18,US,Illinois,Cook,98292,4774,0,41.84144849,-87.81658794,17031.0,1908.4961787165744,4.856956822528792,93518,97790,4765,0,93025,97214,5180493,502,9,0,493,576
2020-07-18,US,Illinois,Crawford,23,0,0,39.0032229,-87.75954624,17033.0,123.21208549847324,0.0,23,21,0,0,21,21,18807,2,0,0,2,0
2020-07-18,US,Illinois,Cumberland,36,1,0,39.27432424,-88.2401158,17035.0,334.3860300947427,2.7777777777777777,35,31,1,0,30,31,10808,5,0,0,5,0
2020-07-18,US,Illinois,De Witt,20,0,0,40.17514519,-88.90959682,17039.0,127.89359253101419,0.0,20,19,0,0,19,18,15769,1,0,0,1,1
2020-07-18,US,Illinois,DeKalb,691,23,0,41.89373302,-88.76958483,17037.0,658.7414320714606,3.3285094066570187,668,690,23,0,667,684,104143,1,0,0,1,6
2020-07-18,US,Illinois,Douglas,74,0,0,39.76768052,-88.21854195,17041.0,380.1695350629335,0.0,74,71,0,0,71,66,19479,3,0,0,3,5
2020-07-18,US,Illinois,DuPage,10107,497,0,41.85116968,-88.08642662,17043.0,1095.1099823278482,4.917383991293163,9610,10013,495,0,9518,9917,928589,94,2,0,92,96
2020-07-18,US,Illinois,Edgar,21,0,0,39.6809186,-87.74759563,17045.0,122.37049123011481,0.0,21,21,0,0,21,20,17360,0,0,0,0,1
2020-07-18,US,Illinois,Edwards,5,0,0,38.41353228,-88.05720863,17047.0,78.18608287724786,0.0,5,5,0,0,5,5,6392,0,0,0,0,0
2020-07-18,US,Illinois,Effingham,40,1,0,39.05935711,-88.58969584,17049.0,117.61938367442957,2.5,39,38,1,0,37,35,34208,2,0,0,2,3
2020-07-18,US,Illinois,Fayette,34,3,0,39.00072038,-89.02452658,17051.0,159.35508061492314,8.823529411764708,31,32,3,0,29,30,21416,2,0,0,2,2
2020-07-18,US,Illinois,Ford,32,1,0,40.59706922,-88.22350769,17053.0,246.89452974307537,3.125,31,32,1,0,31,32,13264,0,0,0,0,0
2020-07-18,US,Illinois,Franklin,68,0,0,37.99189086,-88.92567818,17055.0,176.76570745275419,0.0,68,67,0,0,67,62,38701,1,0,0,1,5
2020-07-18,US,Illinois,Fulton,18,0,0,40.47289135,-90.20862357,17057.0,52.41700640652301,0.0,18,18,0,0,18,18,34844,0,0,0,0,0
2020-07-18,US,Illinois,Gallatin,12,0,0,37.76430935,-88.22953869,17059.0,248.55012427506213,0.0,12,9,0,0,9,9,5058,3,0,0,3,0
2020-07-18,US,Illinois,Greene,13,0,0,39.35907414,-90.388865,17061.0,100.23903153674142,0.0,13,13,0,0,13,12,13044,0,0,0,0,1
2020-07-18,US,Illinois,Grundy,210,5,0,41.28569601,-88.41905692,17063.0,411.32918086731695,2.380952380952381,205,207,5,0,202,207,50972,3,0,0,3,0
2020-07-18,US,Illinois,Hamilton,8,0,0,38.08163641,-88.53883373,17065.0,98.57072449482504,0.0,8,8,0,0,8,8,8163,0,0,0,0,0
2020-07-18,US,Illinois,Hancock,22,1,0,40.40423981,-91.16313899,17067.0,124.23763270838042,4.545454545454546,21,22,1,0,21,21,17844,0,0,0,0,1
2020-07-18,US,Illinois,Hardin,5,0,0,37.51810645,-88.26873022,17069.0,130.8557969118032,0.0,5,5,0,0,5,3,3910,0,0,0,0,2
2020-07-18,US,Illinois,Henderson,8,0,0,40.81908672,-90.92491462,17071.0,120.37315678603672,0.0,8,8,0,0,8,8,6709,0,0,0,0,0
2020-07-18,US,Illinois,Henry,140,1,0,41.3533994,-90.13296166,17073.0,286.2224766422014,0.7142857142857143,139,133,1,0,132,128,49090,7,0,0,7,5
2020-07-18,US,Illinois,Iroquois,180,5,0,40.74717633,-87.82466784,17075.0,663.8636866563401,2.7777777777777777,175,180,5,0,175,181,27604,0,0,0,0,-1
2020-07-18,US,Illinois,Jackson,389,19,0,37.78595185,-89.38232563,17077.0,685.4625550660793,4.884318766066838,370,381,19,0,362,373,57419,8,0,0,8,8
2020-07-18,US,Illinois,Jasper,48,7,0,39.01054275,-88.15437049,17079.0,499.4797086368366,14.583333333333336,41,48,7,0,41,48,9611,0,0,0,0,0
2020-07-18,US,Illinois,Jefferson,127,17,0,38.29980057,-88.9240025,17081.0,337.01305593886,13.385826771653544,110,125,17,0,108,124,37820,2,0,0,2,1
2020-07-18,US,Illinois,Jersey,51,1,0,39.08869046,-90.35393073,17083.0,234.23506177375648,1.96078431372549,50,51,1,0,50,50,21847,0,0,0,0,1
2020-07-18,US,Illinois,Jo Daviess,63,1,0,42.36542373,-90.21094405,17085.0,296.680009418413,1.5873015873015872,62,58,1,0,57,58,21366,5,0,0,5,0
2020-07-18,US,Illinois,Johnson,36,0,0,37.45939802,-88.88165419,17087.0,289.9251026818072,0.0,36,37,0,0,37,36,12456,-1,0,0,-1,1
2020-07-18,US,Illinois,Kane,8345,289,0,41.93842729,-88.42861412,17089.0,1567.4216711776605,3.4631515877771117,8056,8291,288,0,8003,8262,534216,54,1,0,53,29
2020-07-18,US,Illinois,Kankakee,1499,66,0,41.13746989,-87.86205334,17091.0,1364.439023502212,4.4029352901934615,1433,1495,66,0,1429,1472,110024,4,0,0,4,23
2020-07-18,US,Illinois,Kendall,1116,21,0,41.59081014,-88.42869583,17093.0,865.1833475463214,1.8817204301075268,1095,1104,21,0,1083,1095,127915,12,0,0,12,9
2020-07-18,US,Illinois,Knox,187,0,0,40.93148779,-90.21330340000002,17095.0,376.2651159983098,0.0,187,181,0,0,181,179,50112,6,0,0,6,2
2020-07-18,US,Illinois,LaSalle,313,18,0,41.34426129999999,-88.88633881,17099.0,288.0306251092768,5.7507987220447285,295,306,18,0,288,298,109430,7,0,0,7,8
2020-07-18,US,Illinois,Lake,10767,433,0,42.3224907,-88.00367925,17097.0,1545.7945401164334,4.021547320516393,10334,10707,432,0,10275,10653,700832,60,1,0,59,54
2020-07-18,US,Illinois,Lawrence,21,0,0,38.71987914,-87.72884035,17101.0,133.94565633371604,0.0,21,18,0,0,18,16,15765,3,0,0,3,2
2020-07-18,US,Illinois,Lee,113,2,0,41.74583951,-89.29977132,17103.0,331.4171750351948,1.7699115044247788,111,112,2,0,110,111,34223,1,0,0,1,1
2020-07-18,US,Illinois,Livingston,58,2,0,40.89188292,-88.55784752,17105.0,162.70197486535008,3.4482758620689653,56,58,2,0,56,57,35761,0,0,0,0,1
2020-07-18,US,Illinois,Logan,41,0,0,40.12581572,-89.36638784,17107.0,143.26647564469909,0.0,41,33,0,0,33,30,28925,8,0,0,8,3
2020-07-18,US,Illinois,Macon,270,22,0,39.86064913,-88.96342505,17115.0,259.5929198434751,8.148148148148149,248,265,22,0,243,262,104712,5,0,0,5,3
2020-07-18,US,Illinois,Macoupin,86,3,0,39.26119767,-89.92424028,17117.0,191.4259003694965,3.4883720930232562,83,83,3,0,80,76,45313,3,0,0,3,7
2020-07-18,US,Illinois,Madison,1457,71,0,38.83042506,-89.90422563,17119.0,554.064023485926,4.8730267673301295,1386,1413,71,0,1342,1368,264461,44,0,0,44,45
2020-07-18,US,Illinois,Marion,88,0,0,38.64963204,-88.91899208,17121.0,236.5273484746673,0.0,88,87,0,0,87,81,37620,1,0,0,1,6
2020-07-18,US,Illinois,Marshall,15,0,0,41.0327901,-89.34510444,17123.0,131.14180800839307,0.0,15,14,0,0,14,13,11534,1,0,0,1,1
2020-07-18,US,Illinois,Mason,34,0,0,40.23917274,-89.91824452,17125.0,254.5100681188712,0.0,34,32,0,0,32,31,13565,2,0,0,2,1
2020-07-18,US,Illinois,Massac,20,0,0,37.22078441,-88.71036614,17127.0,145.22218995062445,0.0,20,20,0,0,20,20,14080,0,0,0,0,0
2020-07-18,US,Illinois,McDonough,112,15,0,40.45674722,-90.67775541,17109.0,377.33306380971635,13.392857142857142,97,112,15,0,97,111,29955,0,0,0,0,1
2020-07-18,US,Illinois,McHenry,2446,107,0,42.32451172,-88.45248227,17111.0,794.7389967963505,4.37448896156991,2339,2410,106,0,2304,2384,308570,36,1,0,35,26
2020-07-18,US,Illinois,McLean,382,15,0,40.48996987,-88.84621113,17113.0,222.71844773404385,3.9267015706806276,367,368,15,0,353,349,172828,14,0,0,14,19
2020-07-18,US,Illinois,Menard,34,0,0,40.02742725,-89.80246001,17129.0,278.77992784519506,0.0,34,34,0,0,34,32,12288,0,0,0,0,2
2020-07-18,US,Illinois,Mercer,33,0,0,41.20596782,-90.74290052,17131.0,213.77210597914103,0.0,33,30,0,0,30,30,15601,3,0,0,3,0
2020-07-18,US,Illinois,Monroe,190,13,0,38.27594376,-90.17761038,17133.0,548.5463521667581,6.842105263157895,177,186,13,0,173,182,34335,4,0,0,4,4
2020-07-18,US,Illinois,Montgomery,104,2,0,39.23198845,-89.47809254,17135.0,366.01675230520163,1.9230769230769231,102,103,2,0,101,97,28601,1,0,0,1,6
2020-07-18,US,Illinois,Morgan,142,5,0,39.71654544,-90.20255104,17137.0,421.89078376611803,3.5211267605633805,137,138,4,0,134,137,33976,4,1,0,3,1
2020-07-18,US,Illinois,Moultrie,30,0,0,39.64187451,-88.62099969,17139.0,206.8822839804152,0.0,30,28,0,0,28,28,14717,2,0,0,2,0
2020-07-18,US,Illinois,Ogle,336,5,0,42.04165196,-89.32184679,17141.0,663.467804040045,1.488095238095238,331,334,5,0,329,329,50923,2,0,0,2,5
2020-07-18,US,Illinois,Peoria,813,31,0,40.78702156,-89.76078901,17143.0,453.73620792615196,3.813038130381304,782,794,30,0,764,756,180621,19,1,0,18,38
2020-07-18,US,Illinois,Perry,67,1,0,38.08510853,-89.36856219,17145.0,320.3289347867661,1.492537313432836,66,63,1,0,62,63,21174,4,0,0,4,0
2020-07-18,US,Illinois,Piatt,25,0,0,40.01360584,-88.59319339,17147.0,152.9613313754283,0.0,25,24,0,0,24,21,16396,1,0,0,1,3
2020-07-18,US,Illinois,Pike,9,0,0,39.62265059,-90.8877017,17149.0,57.83689994216311,0.0,9,9,0,0,9,9,15611,0,0,0,0,0
2020-07-18,US,Illinois,Pope,2,0,0,37.41391284,-88.56152109,17151.0,47.8812544888676,0.0,2,2,0,0,2,3,4212,0,0,0,0,-1
2020-07-18,US,Illinois,Pulaski,88,0,0,37.22631423,-89.13085001,17153.0,1649.4845360824743,0.0,88,88,0,0,88,87,5463,0,0,0,0,1
2020-07-18,US,Illinois,Putnam,2,0,0,41.2013541,-89.2869272,17155.0,34.849276877504785,0.0,2,1,0,0,1,1,5740,1,0,0,1,0
2020-07-18,US,Illinois,Randolph,359,7,0,38.05095369,-89.82512254,17157.0,1129.5701969668366,1.9498607242339836,352,344,7,0,337,343,32106,15,0,0,15,1
2020-07-18,US,Illinois,Richland,10,0,0,38.71240969,-88.08475366,17159.0,64.46206407529169,0.0,10,10,0,0,10,10,15763,0,0,0,0,0
2020-07-18,US,Illinois,Rock Island,1321,30,0,41.46613806,-90.57042164,17161.0,931.0750710112137,2.2710068130204397,1291,1299,30,0,1269,1269,143477,22,0,0,22,30
2020-07-18,US,Illinois,Saline,40,0,0,37.75332999,-88.54119706,17165.0,170.27797880039162,0.0,40,33,0,0,33,28,23906,7,0,0,7,5
2020-07-18,US,Illinois,Sangamon,642,33,0,39.75836914,-89.65872023,17167.0,329.7854853291692,5.140186915887852,609,622,33,0,589,603,195348,20,0,0,20,19
2020-07-18,US,Illinois,Schuyler,14,0,0,40.1571798,-90.61114163,17169.0,206.85579196217486,0.0,14,14,0,0,14,14,6907,0,0,0,0,0
2020-07-18,US,Illinois,Scott,1,0,0,39.6429169,-90.47814431,17171.0,20.197939810139367,0.0,1,1,0,0,1,1,4926,0,0,0,0,0
2020-07-18,US,Illinois,Shelby,27,1,0,39.39133527,-88.80611122,17173.0,124.8035499676435,3.703703703703704,26,27,1,0,26,24,21741,0,0,0,0,3
2020-07-18,US,Illinois,St. Clair,2650,149,0,38.46996033,-89.93063427,17163.0,1020.4631747572067,5.622641509433962,2501,2564,148,0,2416,2488,261059,86,1,0,85,76
2020-07-18,US,Illinois,Stark,7,0,0,41.09309773,-89.79745866,17175.0,131.03706476974915,0.0,7,6,0,0,6,6,5427,1,0,0,1,0
2020-07-18,US,Illinois,Stephenson,288,6,0,42.35129217,-89.662598,17177.0,647.2200997797654,2.083333333333333,282,287,6,0,281,287,44753,1,0,0,1,0
2020-07-18,US,Illinois,Tazewell,216,8,0,40.50716185,-89.51404662,17179.0,163.8809435293582,3.703703703703704,208,212,8,0,204,204,132328,4,0,0,4,8
2020-07-18,US,Illinois,Unassigned,1209,193,0,0.0,0.0,90017.0,0.0,15.963606286186929,1016,1203,193,0,1010,1154,,6,0,0,6,49
2020-07-18,US,Illinois,Union,229,21,0,37.47119609,-89.25548938,17181.0,1375.1276046358014,9.170305676855897,208,222,21,0,201,217,16841,7,0,0,7,5
2020-07-18,US,Illinois,Vermilion,116,2,0,40.18417171,-87.73384359,17183.0,153.11914253280182,1.7241379310344829,114,104,2,0,102,100,76806,12,0,0,12,4
2020-07-18,US,Illinois,Wabash,23,0,0,38.44272901,-87.84922065,17185.0,199.65277777777766,0.0,23,23,0,0,23,23,11549,0,0,0,0,0
2020-07-18,US,Illinois,Warren,152,0,0,40.84925021,-90.6147432,17187.0,902.3984801709806,0.0,152,150,0,0,150,150,17032,2,0,0,2,0
2020-07-18,US,Illinois,Washington,30,0,0,38.35309213,-89.40982703,17189.0,216.02937999567945,0.0,30,29,0,0,29,29,13995,1,0,0,1,0
2020-07-18,US,Illinois,Wayne,22,1,0,38.42955355,-88.42586459,17191.0,135.6768424298489,4.545454545454546,21,20,1,0,19,20,16332,2,0,0,2,0
2020-07-18,US,Illinois,White,24,0,0,38.08706198,-88.17657461,17193.0,177.29186673561352,0.0,24,24,0,0,24,22,13665,0,0,0,0,2
2020-07-18,US,Illinois,Whiteside,228,16,0,41.75509713,-89.91556058,17195.0,413.23062981422754,7.0175438596491215,212,226,16,0,210,225,55626,2,0,0,2,1
2020-07-18,US,Illinois,Will,7592,331,0,41.44619267,-87.97862712,17197.0,1099.106324638831,4.359852476290833,7261,7542,330,0,7212,7476,692310,50,1,0,49,66
2020-07-18,US,Illinois,Williamson,196,4,0,37.73033511,-88.92994027,17199.0,294.3075513912038,2.0408163265306123,192,186,4,0,182,181,67056,10,0,0,10,5
2020-07-18,US,Illinois,Winnebago,3318,108,0,42.33641854,-89.16085327,17201.0,1174.2140056339626,3.25497287522604,3210,3303,108,0,3195,3251,284081,15,0,0,15,52
2020-07-18,US,Illinois,Woodford,63,3,0,40.78579374,-89.20973757,17203.0,163.81081151355988,4.761904761904762,60,59,3,0,56,56,38463,4,0,0,4,3
2020-07-18,US,Indiana,Adams,55,1,0,40.7457653,-84.93671406,18001.0,153.73005003214357,1.818181818181818,54,54,1,0,53,53,35636,1,0,0,1,1
2020-07-18,US,Indiana,Allen,3103,141,0,41.09194313,-85.06800636,18003.0,818.0881046351295,4.543989687399291,2962,3061,138,0,2923,3035,375351,42,3,0,39,26
2020-07-18,US,Indiana,Bartholomew,628,45,0,39.20744865,-85.89558181,18005.0,749.5911863354779,7.165605095541402,583,619,45,0,574,612,82753,9,0,0,9,7
2020-07-18,US,Indiana,Benton,53,0,0,40.60626947,-87.31093999,18007.0,605.8527663465935,0.0,53,51,0,0,51,51,8653,2,0,0,2,0
2020-07-18,US,Indiana,Blackford,44,2,0,40.47388153,-85.32499702,18009.0,374.2133015819017,4.545454545454546,42,42,2,0,40,42,11930,2,0,0,2,0
2020-07-18,US,Indiana,Boone,520,45,0,40.0509304,-86.46841646,18011.0,766.4755391123624,8.653846153846152,475,510,44,0,466,506,66999,10,1,0,9,4
2020-07-18,US,Indiana,Brown,53,1,0,39.19605589,-86.22868909,18013.0,351.1794328120858,1.8867924528301887,52,50,1,0,49,47,15234,3,0,0,3,3
2020-07-18,US,Indiana,Carroll,119,2,0,40.580783200000006,-86.56198812,18015.0,587.4512514192625,1.680672268907563,117,118,2,0,116,116,20127,1,0,0,1,2
2020-07-18,US,Indiana,Cass,1663,9,0,40.76135835,-86.34830753,18017.0,4412.4280293984975,0.5411906193625977,1654,1661,9,0,1652,1656,37955,2,0,0,2,5
2020-07-18,US,Indiana,Clark,759,44,0,38.48015445,-85.70510334,18019.0,641.5783334178627,5.797101449275362,715,750,44,0,706,744,117360,9,0,0,9,6
2020-07-18,US,Indiana,Clay,70,5,0,39.39561833,-87.11723506,18021.0,266.92087702573883,7.142857142857142,65,69,5,0,64,69,26170,1,0,0,1,0
2020-07-18,US,Indiana,Clinton,301,3,0,40.30319754,-86.47277257,18023.0,929.0410197845613,0.9966777408637874,298,300,3,0,297,298,32250,1,0,0,1,2
2020-07-18,US,Indiana,Crawford,36,0,0,38.28814402,-86.44518825,18025.0,340.3611610097381,0.0,36,36,0,0,36,36,10558,0,0,0,0,0
2020-07-18,US,Indiana,Daviess,163,17,0,38.70186039,-87.07185406,18027.0,488.7409672873377,10.429447852760736,146,157,17,0,140,156,33147,6,0,0,6,1
2020-07-18,US,Indiana,DeKalb,174,4,0,41.39804622,-84.99906934,18033.0,400.2300172512939,2.2988505747126435,170,174,4,0,170,172,43226,0,0,0,0,2
2020-07-18,US,Indiana,Dearborn,310,25,0,39.14647946,-84.97333539,18029.0,626.7944518581422,8.064516129032258,285,300,25,0,275,296,49568,10,0,0,10,4
2020-07-18,US,Indiana,Decatur,261,32,0,39.30712658,-85.50087166,18031.0,982.7177228058284,12.260536398467432,229,260,32,0,228,259,26794,1,0,0,1,1
2020-07-18,US,Indiana,Delaware,500,52,0,40.22787247,-85.39732772,18035.0,438.0777149866386,10.4,448,500,52,0,448,492,114772,0,0,0,0,8
2020-07-18,US,Indiana,Dubois,402,7,0,38.36597551,-86.87924170000002,18037.0,940.658929239985,1.7412935323383083,395,388,7,0,381,370,42565,14,0,0,14,18
2020-07-18,US,Indiana,Elkhart,3928,64,0,41.59761169,-85.85875695,18039.0,1903.6449372640438,1.6293279022403258,3864,3889,63,0,3826,3834,205560,39,1,0,38,55
2020-07-18,US,Indiana,Fayette,114,7,0,39.63684962,-85.17797541,18041.0,493.4637693706173,6.140350877192982,107,114,7,0,107,114,23047,0,0,0,0,0
2020-07-18,US,Indiana,Floyd,468,44,0,38.32117957,-85.90385377,18043.0,596.0113089325284,9.401709401709402,424,456,44,0,412,442,77781,12,0,0,12,14
2020-07-18,US,Indiana,Fountain,43,2,0,40.12361933,-87.24217689,18045.0,263.0612994004649,4.651162790697675,41,43,2,0,41,41,16351,0,0,0,0,2
2020-07-18,US,Indiana,Franklin,138,8,0,39.4142482,-85.06062647,18047.0,606.3801740047456,5.797101449275362,130,135,8,0,127,132,22736,3,0,0,3,3
2020-07-18,US,Indiana,Fulton,86,1,0,41.0469907,-86.26252745,18049.0,430.5597276459397,1.162790697674419,85,84,1,0,83,83,20092,2,0,0,2,1
2020-07-18,US,Indiana,Gibson,153,2,0,38.30393723,-87.58054938,18051.0,454.5589589708548,1.30718954248366,151,145,2,0,143,141,33452,8,0,0,8,4
2020-07-18,US,Indiana,Grant,380,27,0,40.51587228,-85.65468702,18053.0,577.7798050753395,7.105263157894738,353,374,27,0,347,367,65936,6,0,0,6,7
2020-07-18,US,Indiana,Greene,206,33,0,39.03630547,-86.96223202,18055.0,645.3229747509555,16.019417475728154,173,204,33,0,171,202,32006,2,0,0,2,2
2020-07-18,US,Indiana,Hamilton,1888,101,0,40.07306535,-86.05244729,18057.0,558.5617036131961,5.34957627118644,1787,1845,101,0,1744,1829,330086,43,0,0,43,16
2020-07-18,US,Indiana,Hancock,498,36,0,39.82304555,-85.77566351,18059.0,637.0893460239486,7.2289156626506035,462,484,36,0,448,480,76351,14,0,0,14,4
2020-07-18,US,Indiana,Harrison,226,22,0,38.19467379,-86.10948271,18061.0,557.8180920646673,9.734513274336283,204,225,22,0,203,222,40350,1,0,0,1,3
2020-07-18,US,Indiana,Hendricks,1539,103,0,39.76719009,-86.51037283,18063.0,903.6409861958417,6.692657569850553,1436,1519,102,0,1417,1501,167009,20,1,0,19,18
2020-07-18,US,Indiana,Henry,316,18,0,39.93029017,-85.39625719,18065.0,658.7175852580673,5.69620253164557,298,313,18,0,295,309,48271,3,0,0,3,4
2020-07-18,US,Indiana,Howard,652,59,0,40.48527731,-86.11351892,18067.0,789.8817600310138,9.049079754601227,593,639,58,0,581,636,82366,13,1,0,12,3
2020-07-18,US,Indiana,Huntington,102,2,0,40.82907273,-85.48822092,18069.0,279.2990142387733,1.96078431372549,100,99,2,0,97,98,36240,3,0,0,3,1
2020-07-18,US,Indiana,Jackson,499,3,0,38.90915820000001,-86.03851889,18071.0,1128.1680269494245,0.6012024048096193,496,489,3,0,486,486,44111,10,0,0,10,3
2020-07-18,US,Indiana,Jasper,158,2,0,41.02078733,-87.11553319,18073.0,470.7705142720935,1.2658227848101269,156,150,2,0,148,144,33370,8,0,0,8,6
2020-07-18,US,Indiana,Jay,72,0,0,40.43781032,-85.00576229,18075.0,352.3194362889019,0.0,72,72,0,0,72,72,20764,0,0,0,0,0
2020-07-18,US,Indiana,Jefferson,122,2,0,38.78576239,-85.43633383,18077.0,377.61545128141637,1.639344262295082,120,116,2,0,114,111,32208,6,0,0,6,5
2020-07-18,US,Indiana,Jennings,185,12,0,38.99588883,-85.62710784,18079.0,667.0272219217595,6.486486486486488,173,183,12,0,171,182,27611,2,0,0,2,1
2020-07-18,US,Indiana,Johnson,1418,118,0,39.48994426,-86.10149107,18081.0,896.5207660257829,8.321579689703809,1300,1405,118,0,1287,1394,156225,13,0,0,13,11
2020-07-18,US,Indiana,Knox,80,0,0,38.68861576,-87.4194665,18083.0,218.61507350931848,0.0,80,78,0,0,78,78,36895,2,0,0,2,0
2020-07-18,US,Indiana,Kosciusko,632,8,0,41.24521668,-85.86312322,18085.0,795.4087797019736,1.2658227848101269,624,609,6,0,603,605,79344,23,2,0,21,4
2020-07-18,US,Indiana,LaGrange,498,10,0,41.64232188,-85.42674232,18087.0,1257.131317211087,2.0080321285140563,488,497,10,0,487,494,39330,1,0,0,1,3
2020-07-18,US,Indiana,LaPorte,684,28,0,41.54366008,-86.74072188,18091.0,622.4519510774606,4.093567251461988,656,670,28,0,642,658,110007,14,0,0,14,12
2020-07-18,US,Indiana,Lake,6083,254,0,41.41874274,-87.38277575,18089.0,1252.9531836710314,4.175571264178859,5829,5983,252,0,5731,5919,484411,100,2,0,98,64
2020-07-18,US,Indiana,Lawrence,275,26,0,38.84112637,-86.48361629,18093.0,606.1273969583425,9.454545454545457,249,266,26,0,240,259,45668,9,0,0,9,7
2020-07-18,US,Indiana,Madison,704,64,0,40.16143691,-85.71964711,18095.0,543.3398420918584,9.090909090909092,640,703,64,0,639,700,129641,1,0,0,1,3
2020-07-18,US,Indiana,Marion,12609,706,0,39.78163624,-86.13826325,18097.0,1307.1983512029044,5.599175192322943,11903,12484,702,0,11782,12361,954670,125,4,0,121,123
2020-07-18,US,Indiana,Marshall,645,13,0,41.32467367,-86.26185087,18099.0,1394.3534091400406,2.0155038759689923,632,636,12,0,624,623,46248,9,1,0,8,13
2020-07-18,US,Indiana,Martin,30,0,0,38.7099921,-86.80373186,18101.0,292.54022428083863,0.0,30,30,0,0,30,30,10217,0,0,0,0,0
2020-07-18,US,Indiana,Miami,206,2,0,40.76940965,-86.04525048,18103.0,580.0202725532155,0.9708737864077671,204,204,2,0,202,203,35567,2,0,0,2,1
2020-07-18,US,Indiana,Monroe,446,28,0,39.16130004,-86.52414358,18105.0,300.4763155944513,6.278026905829598,418,417,28,0,389,400,146917,29,0,0,29,17
2020-07-18,US,Indiana,Montgomery,306,20,0,40.04034823,-86.89335024,18107.0,798.1637018102144,6.5359477124183005,286,304,20,0,284,303,38346,2,0,0,2,1
2020-07-18,US,Indiana,Morgan,365,31,0,39.47899078,-86.44573375,18109.0,517.8112897047766,8.493150684931509,334,363,31,0,332,353,70116,2,0,0,2,10
2020-07-18,US,Indiana,Newton,101,10,0,40.95610449,-87.39635768,18111.0,722.254004576659,9.900990099009901,91,101,10,0,91,101,14011,0,0,0,0,0
2020-07-18,US,Indiana,Noble,551,28,0,41.39672484,-85.41966713,18113.0,1154.0717158176944,5.081669691470053,523,546,28,0,518,536,47532,5,0,0,5,10
2020-07-18,US,Indiana,Ohio,30,1,0,38.955304999999996,-84.96515993,18115.0,510.63829787234044,3.333333333333333,29,30,1,0,29,26,5844,0,0,0,0,4
2020-07-18,US,Indiana,Orange,146,24,0,38.54118920000001,-86.49523093,18117.0,743.1538226611017,16.438356164383563,122,144,24,0,120,142,19489,2,0,0,2,2
2020-07-18,US,Indiana,Owen,55,1,0,39.31145587,-86.83900724,18119.0,264.43579018222044,1.818181818181818,54,55,1,0,54,54,20845,0,0,0,0,1
2020-07-18,US,Indiana,Parke,30,0,0,39.77202286,-87.20375833,18121.0,177.12700005904233,0.0,30,28,0,0,28,28,16927,2,0,0,2,0
2020-07-18,US,Indiana,Perry,158,12,0,38.07809328,-86.63741946,18123.0,824.2474829151233,7.594936708860758,146,155,12,0,143,153,19102,3,0,0,3,2
2020-07-18,US,Indiana,Pike,18,0,0,38.40112197,-87.23574907,18125.0,145.29017676971506,0.0,18,18,0,0,18,16,12410,0,0,0,0,2
2020-07-18,US,Indiana,Porter,902,38,0,41.45986947,-87.06848888,18127.0,529.376896395894,4.212860310421286,864,897,38,0,859,886,169594,5,0,0,5,11
2020-07-18,US,Indiana,Posey,91,0,0,38.02097333,-87.86480429,18129.0,357.8872851693081,0.0,91,86,0,0,86,82,25540,5,0,0,5,4
2020-07-18,US,Indiana,Pulaski,67,1,0,41.04166107,-86.69890683,18131.0,542.3783696268113,1.492537313432836,66,67,1,0,66,67,12469,0,0,0,0,0
2020-07-18,US,Indiana,Putnam,189,8,0,39.66437981,-86.84517605,18133.0,502.9806259314456,4.232804232804233,181,185,8,0,177,180,37779,4,0,0,4,5
2020-07-18,US,Indiana,Randolph,82,4,0,40.15734772,-85.01139319,18135.0,332.4548956010541,4.878048780487805,78,81,4,0,77,81,24851,1,0,0,1,0
2020-07-18,US,Indiana,Ripley,151,7,0,39.10235626,-85.26212744,18137.0,533.1167914136421,4.635761589403972,144,148,7,0,141,145,28523,3,0,0,3,3
2020-07-18,US,Indiana,Rush,67,3,0,39.62002287,-85.4655599,18139.0,404.07695555153487,4.477611940298506,64,65,3,0,62,65,16663,2,0,0,2,0
2020-07-18,US,Indiana,Scott,183,9,0,38.68672078,-85.74627859,18143.0,766.5563607422612,4.918032786885246,174,181,9,0,172,174,23878,2,0,0,2,7
2020-07-18,US,Indiana,Shelby,474,25,0,39.52305623,-85.79158570000001,18145.0,1059.7151736010194,5.274261603375527,449,472,25,0,447,466,44593,2,0,0,2,6
2020-07-18,US,Indiana,Spencer,86,1,0,38.01519732,-87.0079644,18147.0,424.1258568821818,1.162790697674419,85,82,1,0,81,79,20327,4,0,0,4,3
2020-07-18,US,Indiana,St. Joseph,2433,72,0,41.61756781,-86.29040834,18141.0,895.0578679007895,2.9593094944512948,2361,2389,72,0,2317,2321,270771,44,0,0,44,68
2020-07-18,US,Indiana,Starke,130,4,0,41.27890281,-86.64686895,18149.0,565.3402913676888,3.0769230769230766,126,128,4,0,124,127,22935,2,0,0,2,1
2020-07-18,US,Indiana,Steuben,148,3,0,41.64423868,-85.00101094,18151.0,427.81985315372606,2.0270270270270268,145,145,3,0,142,144,34586,3,0,0,3,1
2020-07-18,US,Indiana,Sullivan,64,1,0,39.08952258,-87.41414469,18153.0,309.6424597222894,1.5625,63,63,1,0,62,62,20690,1,0,0,1,1
2020-07-18,US,Indiana,Switzerland,35,0,0,38.82767338,-85.03022429,18155.0,325.55111152450934,0.0,35,33,0,0,33,33,10717,2,0,0,2,0
2020-07-18,US,Indiana,Tippecanoe,852,10,0,40.38872739,-86.89413959,18157.0,435.2890687266262,1.1737089201877935,842,826,10,0,816,814,193048,26,0,0,26,12
2020-07-18,US,Indiana,Tipton,38,2,0,40.31123252,-86.05234925,18159.0,250.8581991021917,5.2631578947368425,36,36,2,0,34,35,15128,2,0,0,2,1
2020-07-18,US,Indiana,Unassigned,0,193,0,0.0,0.0,90018.0,0.0,0.0,-193,0,193,0,-193,0,,0,0,0,0,0
2020-07-18,US,Indiana,Union,17,0,0,39.62550777,-84.92497066,18161.0,240.9980153104621,0.0,17,17,0,0,17,17,7037,0,0,0,0,0
2020-07-18,US,Indiana,Vanderburgh,1058,6,0,38.02658833,-87.58763124,18163.0,583.0775250618624,0.5671077504725898,1052,1010,6,0,1004,963,180974,48,0,0,48,47
2020-07-18,US,Indiana,Vermillion,20,0,0,39.8523352,-87.46160542,18165.0,129.0489095367144,0.0,20,20,0,0,20,20,15479,0,0,0,0,0
2020-07-18,US,Indiana,Vigo,283,9,0,39.42944561,-87.39169027,18167.0,264.3920850539061,3.180212014134276,274,278,8,0,270,273,107386,5,1,0,4,5
2020-07-18,US,Indiana,Wabash,123,3,0,40.84704239,-85.79328272,18169.0,396.8253968253968,2.4390243902439024,120,123,3,0,120,123,31280,0,0,0,0,0
2020-07-18,US,Indiana,Warren,16,1,0,40.34728141,-87.35602659,18171.0,193.58741681790684,6.25,15,16,1,0,15,16,8263,0,0,0,0,0
2020-07-18,US,Indiana,Warrick,319,29,0,38.08922676,-87.2716085,18173.0,506.3652814375058,9.090909090909092,290,313,29,0,284,300,62567,6,0,0,6,13
2020-07-18,US,Indiana,Washington,74,1,0,38.60219804,-86.1049363,18175.0,263.94635468683117,1.351351351351351,73,72,1,0,71,70,27943,2,0,0,2,2
2020-07-18,US,Indiana,Wayne,194,6,0,39.863344399999995,-85.01044989,18177.0,294.45692429117844,3.0927835051546397,188,184,6,0,178,181,65936,10,0,0,10,3
2020-07-18,US,Indiana,Wells,91,1,0,40.72934187,-85.22132966,18179.0,321.6002261803788,1.0989010989010992,90,89,1,0,88,88,28206,2,0,0,2,1
2020-07-18,US,Indiana,White,295,10,0,40.74911165,-86.86492015,18181.0,1223.964816197826,3.3898305084745757,285,290,10,0,280,284,24133,5,0,0,5,6
2020-07-18,US,Indiana,Whitley,115,6,0,41.13863784,-85.50791236,18183.0,338.5938052055117,5.217391304347826,109,113,6,0,107,112,34074,2,0,0,2,1
2020-07-18,US,Iowa,Adair,20,0,0,41.33075609,-94.47105874,19001.0,279.6420581655481,0.0,20,19,0,0,19,19,7063,1,0,0,1,0
2020-07-18,US,Iowa,Adams,12,0,0,41.02903567,-94.69932645,19003.0,333.14825097168233,0.0,12,12,0,0,12,10,3645,0,0,0,0,2
2020-07-18,US,Iowa,Allamakee,139,4,0,43.28383218,-91.37860922,19005.0,1015.5622123182582,2.8776978417266186,135,139,4,0,135,139,13832,0,0,0,0,0
2020-07-18,US,Iowa,Appanoose,33,3,0,40.74324454,-92.86865906,19007.0,265.5721873491067,9.090909090909092,30,33,3,0,30,30,12437,0,0,0,0,3
2020-07-18,US,Iowa,Audubon,19,1,0,41.6844628,-94.90581859,19009.0,345.70596797671027,5.2631578947368425,18,19,1,0,18,19,5506,0,0,0,0,0
2020-07-18,US,Iowa,Benton,88,1,0,42.08011739,-92.06463573,19011.0,343.14681224410214,1.1363636363636365,87,87,1,0,86,82,25642,1,0,0,1,5
2020-07-18,US,Iowa,Black Hawk,2659,60,0,42.4704581,-92.30524729,19013.0,2026.2443990611762,2.256487401278676,2599,2650,60,0,2590,2629,132408,9,0,0,9,21
2020-07-18,US,Iowa,Boone,181,1,0,42.03657094,-93.9313999,19015.0,689.9443470305713,0.5524861878453039,180,178,1,0,177,177,26346,3,0,0,3,1
2020-07-18,US,Iowa,Bremer,134,7,0,42.77461496,-92.31795937,19017.0,534.6740084590216,5.223880597014926,127,131,7,0,124,126,24947,3,0,0,3,5
2020-07-18,US,Iowa,Buchanan,71,1,0,42.4709188,-91.83510825,19019.0,335.3010625737898,1.4084507042253518,70,69,1,0,68,67,21199,2,0,0,2,2
2020-07-18,US,Iowa,Buena Vista,1751,12,0,42.73545875,-95.15100162,19021.0,8924.566768603467,0.6853226727584237,1739,1750,12,0,1738,1744,19874,1,0,0,1,6
2020-07-18,US,Iowa,Butler,80,2,0,42.73172833,-92.79015971,19023.0,554.0549899577533,2.5,78,80,2,0,78,77,14539,0,0,0,0,3
2020-07-18,US,Iowa,Calhoun,68,2,0,42.38521079,-94.64046046,19025.0,703.3512618949112,2.9411764705882355,66,68,2,0,66,67,9699,0,0,0,0,1
2020-07-18,US,Iowa,Carroll,127,1,0,42.03617207,-94.86032705,19027.0,629.8041160426483,0.7874015748031497,126,127,1,0,126,124,20154,0,0,0,0,3
2020-07-18,US,Iowa,Cass,29,0,0,41.33149454,-94.92792482,19029.0,225.9270800872546,0.0,29,29,0,0,29,29,12930,0,0,0,0,0
2020-07-18,US,Iowa,Cedar,103,1,0,41.77233777,-91.13246684,19031.0,552.9607558919847,0.9708737864077671,102,103,1,0,102,101,18627,0,0,0,0,2
2020-07-18,US,Iowa,Cerro Gordo,420,12,0,43.08177563,-93.2612239,19033.0,989.3992932862192,2.8571428571428568,408,395,12,0,383,384,42647,25,0,0,25,11
2020-07-18,US,Iowa,Cherokee,87,1,0,42.73538914,-95.62389402,19035.0,774.3658210947931,1.1494252873563218,86,87,1,0,86,87,11321,0,0,0,0,0
2020-07-18,US,Iowa,Chickasaw,37,0,0,43.06001295,-92.31773347,19037.0,310.0645269420934,0.0,37,35,0,0,35,35,11964,2,0,0,2,0
2020-07-18,US,Iowa,Clarke,152,3,0,41.02868181,-93.78499767,19039.0,1617.8818520489624,1.973684210526316,149,152,3,0,149,151,9423,0,0,0,0,1
2020-07-18,US,Iowa,Clay,158,1,0,43.08247182,-95.15096481,19041.0,986.5134865134868,0.6329113924050633,157,155,1,0,154,155,16134,3,0,0,3,0
2020-07-18,US,Iowa,Clayton,55,3,0,42.84443388,-91.34133693,19043.0,313.40817140577815,5.454545454545454,52,54,3,0,51,53,17556,1,0,0,1,1
2020-07-18,US,Iowa,Clinton,168,1,0,41.89981633,-90.53275096,19045.0,361.84281375864236,0.5952380952380952,167,158,1,0,157,152,46518,10,0,0,10,6
2020-07-18,US,Iowa,Crawford,686,3,0,42.03718237,-95.3819718,19047.0,4078.478002378121,0.43731778425655976,683,686,3,0,683,684,17158,0,0,0,0,2
2020-07-18,US,Iowa,Dallas,1528,33,0,41.68560356,-94.04127625,19049.0,1635.0464939595306,2.159685863874345,1495,1504,33,0,1471,1478,90180,24,0,0,24,26
2020-07-18,US,Iowa,Davis,44,1,0,40.74773536,-92.41005468,19051.0,488.88888888888886,2.272727272727273,43,44,1,0,43,43,9017,0,0,0,0,1
2020-07-18,US,Iowa,Decatur,15,0,0,40.73742757,-93.78645949,19053.0,190.5972045743329,0.0,15,15,0,0,15,15,7890,0,0,0,0,0
2020-07-18,US,Iowa,Delaware,62,1,0,42.47104597,-91.3664492,19055.0,364.47004879195816,1.6129032258064515,61,62,1,0,61,61,17069,0,0,0,0,1
2020-07-18,US,Iowa,Des Moines,114,2,0,40.92012606,-91.18326592,19057.0,292.5552390484256,1.7543859649122806,112,112,2,0,110,108,39138,2,0,0,2,4
2020-07-18,US,Iowa,Dickinson,329,3,0,43.37787725,-95.1510206,19059.0,1906.362266774829,0.9118541033434652,326,323,3,0,320,318,17153,6,0,0,6,5
2020-07-18,US,Iowa,Dubuque,1170,23,0,42.46815349,-90.88181925,19061.0,1202.3306717637265,1.9658119658119655,1147,1136,23,0,1113,1121,96854,34,0,0,34,15
2020-07-18,US,Iowa,Emmet,112,0,0,43.37782951,-94.67858943,19063.0,1216.3336229365766,0.0,112,110,0,0,110,105,9253,2,0,0,2,5
2020-07-18,US,Iowa,Fayette,63,0,0,42.86271799,-91.8441231,19065.0,320.61068702290083,0.0,63,63,0,0,63,63,19660,0,0,0,0,0
2020-07-18,US,Iowa,Floyd,91,2,0,43.06000529999999,-92.78940097,19067.0,581.7670374632403,2.1978021978021984,89,90,2,0,88,90,15761,1,0,0,1,0
2020-07-18,US,Iowa,Franklin,129,0,0,42.73270384,-93.26256925,19069.0,1281.0327706057594,0.0,129,129,0,0,129,127,10124,0,0,0,0,2
2020-07-18,US,Iowa,Fremont,13,0,0,40.74542720000001,-95.60129045,19071.0,186.7816091954023,0.0,13,13,0,0,13,13,6993,0,0,0,0,0
2020-07-18,US,Iowa,Greene,35,0,0,42.03614551,-94.39658081,19073.0,393.7893789378937,0.0,35,34,0,0,34,32,8981,1,0,0,1,2
2020-07-18,US,Iowa,Grundy,55,0,0,42.40183723,-92.78829551,19075.0,449.64028776978415,0.0,55,54,0,0,54,51,12304,1,0,0,1,3
2020-07-18,US,Iowa,Guthrie,96,5,0,41.68378965,-94.50111014,19077.0,898.1195621667134,5.208333333333333,91,95,4,0,91,93,10720,1,1,0,0,2
2020-07-18,US,Iowa,Hamilton,211,1,0,42.38382428,-93.70197703,19079.0,1428.2813240370947,0.4739336492890995,210,209,1,0,208,208,14952,2,0,0,2,1
2020-07-18,US,Iowa,Hancock,74,2,0,43.08178477,-93.73454884,19081.0,696.1429915333963,2.702702702702702,72,73,2,0,71,73,10712,1,0,0,1,0
2020-07-18,US,Iowa,Hardin,103,0,0,42.38353877,-93.23654611,19083.0,611.4211088685743,0.0,103,101,0,0,101,98,16868,2,0,0,2,3
2020-07-18,US,Iowa,Harrison,69,0,0,41.68330137,-95.81558439,19085.0,491.13815929959435,0.0,69,68,0,0,68,67,14134,1,0,0,1,1
2020-07-18,US,Iowa,Henry,100,3,0,40.98767962,-91.54436349,19087.0,501.1526510975243,3.0,97,98,3,0,95,98,20067,2,0,0,2,0
2020-07-18,US,Iowa,Howard,41,0,0,43.35671042,-92.31702714,19089.0,447.69600349421273,0.0,41,40,0,0,40,40,9187,1,0,0,1,0
2020-07-18,US,Iowa,Humboldt,70,1,0,42.7764426,-94.20722537,19091.0,732.370788867964,1.4285714285714286,69,69,1,0,68,68,9547,1,0,0,1,1
2020-07-18,US,Iowa,Ida,24,0,0,42.38696136,-95.51355387,19093.0,349.8542274052478,0.0,24,24,0,0,24,24,6841,0,0,0,0,0
2020-07-18,US,Iowa,Iowa,64,1,0,41.68630265,-92.0643373,19095.0,395.45229856648535,1.5625,63,64,1,0,63,64,16141,0,0,0,0,0
2020-07-18,US,Iowa,Jackson,92,0,0,42.17178824,-90.57354837,19097.0,473.2753742476465,0.0,92,85,0,0,85,83,19432,7,0,0,7,2
2020-07-18,US,Iowa,Jasper,384,17,0,41.68576082,-93.05567785,19099.0,1032.6744655102864,4.427083333333333,367,382,17,0,365,380,37147,2,0,0,2,2
2020-07-18,US,Iowa,Jefferson,64,0,0,41.03192394,-91.94849466,19101.0,349.8223558349276,0.0,64,64,0,0,64,64,18381,0,0,0,0,0
2020-07-18,US,Iowa,Johnson,1609,9,0,41.67169354,-91.58754744,19103.0,1064.5758899034008,0.5593536357986327,1600,1598,9,0,1589,1572,151260,11,0,0,11,26
2020-07-18,US,Iowa,Jones,86,1,0,42.12118609,-91.13139641,19105.0,415.8406266621537,1.162790697674419,85,85,1,0,84,85,20744,1,0,0,1,0
2020-07-18,US,Iowa,Keokuk,24,1,0,41.33649833,-92.1785067,19107.0,234.2377513175873,4.166666666666667,23,23,1,0,22,23,10225,1,0,0,1,0
2020-07-18,US,Iowa,Kossuth,62,0,0,43.20405458,-94.20691791,19109.0,418.55127253088506,0.0,62,62,0,0,62,60,14908,0,0,0,0,2
2020-07-18,US,Iowa,Lee,56,2,0,40.64181461,-91.48183025,19111.0,166.38440740410613,3.571428571428572,54,56,2,0,54,54,34055,0,0,0,0,2
2020-07-18,US,Iowa,Linn,1548,87,0,42.07923082,-91.59809485,19113.0,682.822686651434,5.62015503875969,1461,1528,86,0,1442,1494,225909,20,1,0,19,34
2020-07-18,US,Iowa,Louisa,368,13,0,41.21842119,-91.26102611,19115.0,3334.8436792025373,3.532608695652174,355,368,13,0,355,368,11169,0,0,0,0,0
2020-07-18,US,Iowa,Lucas,38,4,0,41.02958964,-93.32780803,19117.0,441.86046511627904,10.526315789473683,34,38,4,0,34,35,8645,0,0,0,0,3
2020-07-18,US,Iowa,Lyon,68,0,0,43.38107862,-96.20926845,19119.0,578.477243726074,0.0,68,67,0,0,67,66,11811,1,0,0,1,1
2020-07-18,US,Iowa,Madison,69,2,0,41.33081904,-94.01554631,19121.0,422.3283143591627,2.898550724637681,67,65,2,0,63,65,16249,4,0,0,4,0
2020-07-18,US,Iowa,Mahaska,127,17,0,41.33521503,-92.64083907,19123.0,574.7906766236705,13.385826771653544,110,125,17,0,108,125,22000,2,0,0,2,0
2020-07-18,US,Iowa,Marion,97,0,0,41.33445101,-93.09934783,19125.0,291.70300424021895,0.0,97,97,0,0,97,94,33407,0,0,0,0,3
2020-07-18,US,Iowa,Marshall,1167,20,0,42.03586837,-92.9990819,19127.0,2964.261220757449,1.713796058269066,1147,1164,20,0,1144,1146,39981,3,0,0,3,18
2020-07-18,US,Iowa,Mills,58,0,0,41.03299766,-95.61920963,19129.0,383.8771593090211,0.0,58,58,0,0,58,55,15063,0,0,0,0,3
2020-07-18,US,Iowa,Mitchell,63,0,0,43.35638371,-92.78887719,19131.0,595.1256376346117,0.0,63,59,0,0,59,58,10569,4,0,0,4,1
2020-07-18,US,Iowa,Monona,81,0,0,42.05220391,-95.95743843,19133.0,940.2205455600696,0.0,81,79,0,0,79,78,8679,2,0,0,2,1
2020-07-18,US,Iowa,Monroe,59,7,0,41.02988815,-92.8690667,19135.0,765.5378227585312,11.864406779661017,52,58,7,0,51,56,7790,1,0,0,1,2
2020-07-18,US,Iowa,Montgomery,18,2,0,41.03018714,-95.15642896,19137.0,181.5065039830594,11.111111111111109,16,18,2,0,16,18,10003,0,0,0,0,0
2020-07-18,US,Iowa,Muscatine,726,45,0,41.48370744,-91.1121697,19139.0,1701.6688543033938,6.198347107438017,681,724,45,0,679,720,42929,2,0,0,2,4
2020-07-18,US,Iowa,O'Brien,105,1,0,43.08310673,-95.62474482,19141.0,763.4697884098015,0.9523809523809524,104,103,1,0,102,101,13840,2,0,0,2,2
2020-07-18,US,Iowa,Osceola,70,0,0,43.37824276,-95.62422844,19143.0,1174.8909029875795,0.0,70,70,0,0,70,70,6040,0,0,0,0,0
2020-07-18,US,Iowa,Page,25,0,0,40.7393172,-95.1497813,19145.0,165.4861984510492,0.0,25,24,0,0,24,23,15249,1,0,0,1,1
2020-07-18,US,Iowa,Palo Alto,60,0,0,43.08193849,-94.67824621,19147.0,675.219446320054,0.0,60,57,0,0,57,56,8929,3,0,0,3,1
2020-07-18,US,Iowa,Plymouth,372,5,0,42.737633,-96.21366621,19149.0,1477.5390237121185,1.3440860215053765,367,370,5,0,365,368,25095,2,0,0,2,2
2020-07-18,US,Iowa,Pocahontas,109,1,0,42.73420133,-94.67862564,19151.0,1646.774437226167,0.9174311926605504,108,108,1,0,107,108,6740,1,0,0,1,0
2020-07-18,US,Iowa,Polk,8244,189,0,41.68679484,-93.57767461,19153.0,1681.8963565032716,2.2925764192139737,8055,8121,188,0,7933,7988,487204,123,1,0,122,133
2020-07-18,US,Iowa,Pottawattamie,909,15,0,41.33640314,-95.53907776,19155.0,975.2591034911916,1.6501650165016502,894,897,14,0,883,886,93533,12,1,0,11,11
2020-07-18,US,Iowa,Poweshiek,115,8,0,41.68625425,-92.53155731,19157.0,621.4872460008647,6.956521739130435,107,115,8,0,107,114,18699,0,0,0,0,1
2020-07-18,US,Iowa,Ringgold,17,1,0,40.73518949,-94.24368535,19159.0,347.3641193297917,5.882352941176472,16,17,1,0,16,17,4968,0,0,0,0,0
2020-07-18,US,Iowa,Sac,73,0,0,42.38624071,-95.10547892,19161.0,750.9515481946303,0.0,73,73,0,0,73,70,9719,0,0,0,0,3
2020-07-18,US,Iowa,Scott,1277,10,0,41.63935978,-90.61959493,19163.0,738.3935747616266,0.7830853563038371,1267,1254,10,0,1244,1218,173283,23,0,0,23,36
2020-07-18,US,Iowa,Shelby,125,0,0,41.6850066,-95.31015553,19165.0,1091.3218089750303,0.0,125,125,0,0,125,125,11578,0,0,0,0,0
2020-07-18,US,Iowa,Sioux,526,0,0,43.08221074,-96.1767568,19167.0,1509.1091665471238,0.0,526,526,0,0,526,522,34909,0,0,0,0,4
2020-07-18,US,Iowa,Story,929,8,0,42.03621213,-93.46499005,19169.0,956.5781480070433,0.8611410118406889,921,926,8,0,918,911,98105,3,0,0,3,15
2020-07-18,US,Iowa,Tama,507,29,0,42.07991767,-92.53266945,19171.0,3008.187967248131,5.719921104536488,478,503,29,0,474,500,16904,4,0,0,4,3
2020-07-18,US,Iowa,Taylor,81,0,0,40.73710579,-94.69778563,19173.0,1323.313184120242,0.0,81,81,0,0,81,81,6191,0,0,0,0,0
2020-07-18,US,Iowa,Unassigned,29,0,0,0.0,0.0,90019.0,0.0,0.0,29,34,0,0,34,43,,-5,0,0,-5,-9
2020-07-18,US,Iowa,Union,54,1,0,41.0277278,-94.24234847,19175.0,441.14042970345565,1.851851851851852,53,54,1,0,53,53,12359,0,0,0,0,1
2020-07-18,US,Iowa,Van Buren,22,1,0,40.75326764,-91.95017958,19177.0,312.32254400908573,4.545454545454546,21,21,1,0,20,21,7020,1,0,0,1,0
2020-07-18,US,Iowa,Wapello,731,31,0,41.03064984,-92.40954728,19179.0,2090.4229460379192,4.240766073871408,700,726,31,0,695,726,35205,5,0,0,5,0
2020-07-18,US,Iowa,Warren,394,1,0,41.33559454,-93.56007641,19181.0,765.5539579528232,0.2538071065989848,393,386,1,0,385,369,51056,8,0,0,8,17
2020-07-18,US,Iowa,Washington,259,9,0,41.33577126,-91.71725711,19183.0,1179.1486455725014,3.474903474903475,250,257,9,0,248,255,22141,2,0,0,2,2
2020-07-18,US,Iowa,Wayne,11,1,0,40.73969028,-93.32752197,19185.0,170.78093463747862,9.090909090909092,10,11,1,0,10,11,6401,0,0,0,0,0
2020-07-18,US,Iowa,Webster,529,5,0,42.42853483,-94.17987389,19187.0,1473.3734402852049,0.9451795841209829,524,525,5,0,520,458,36277,4,0,0,4,67
2020-07-18,US,Iowa,Winnebago,51,0,0,43.37751174,-93.73407298,19189.0,492.56326057562296,0.0,51,52,0,0,52,52,10518,-1,0,0,-1,0
2020-07-18,US,Iowa,Winneshiek,54,1,0,43.29094334,-91.84422722,19191.0,270.1215546996148,1.851851851851852,53,53,1,0,52,53,20029,1,0,0,1,0
2020-07-18,US,Iowa,Woodbury,3434,46,0,42.38979414,-96.0459439,19193.0,3330.520721192548,1.3395457192778102,3388,3418,46,0,3372,3409,102539,16,0,0,16,9
2020-07-18,US,Iowa,Worth,33,0,0,43.37750768,-93.26087602,19195.0,447.0938897168405,0.0,33,32,0,0,32,32,7453,1,0,0,1,0
2020-07-18,US,Iowa,Wright,415,1,0,42.73305373,-93.73515113,19197.0,3303.614074192008,0.24096385542168675,414,415,1,0,414,412,12690,0,0,0,0,3
2020-07-18,US,Kansas,Allen,10,0,0,37.88582951,-95.30030847,20001.0,80.84727948904519,0.0,10,10,0,0,10,10,12444,0,0,0,0,0
2020-07-18,US,Kansas,Anderson,22,0,0,38.21413251,-95.29272815,20003.0,279.9694578773225,0.0,22,22,0,0,22,21,7878,0,0,0,0,1
2020-07-18,US,Kansas,Atchison,49,0,0,39.53185661,-95.30870026,20005.0,304.85908044546755,0.0,49,49,0,0,49,45,16193,0,0,0,0,4
2020-07-18,US,Kansas,Barber,3,0,0,37.2288586,-98.68460053,20007.0,67.7659814772984,0.0,3,3,0,0,3,3,4472,0,0,0,0,0
2020-07-18,US,Kansas,Barton,75,3,0,38.47889676,-98.75636726,20009.0,290.9344815547538,4.0,72,72,2,0,70,68,26111,3,1,0,2,4
2020-07-18,US,Kansas,Bourbon,56,1,0,37.85508555,-94.84865997,20011.0,385.3034264483281,1.7857142857142858,55,56,1,0,55,56,14653,0,0,0,0,0
2020-07-18,US,Kansas,Brown,23,0,0,39.82652589,-95.56421698,20013.0,240.48515265579255,0.0,23,23,0,0,23,23,9598,0,0,0,0,0
2020-07-18,US,Kansas,Butler,115,0,0,37.78134351,-96.83878537,20015.0,171.87009609780156,0.0,115,115,0,0,115,110,66765,0,0,0,0,5
2020-07-18,US,Kansas,Chase,6,0,0,38.30292938,-96.59563862,20017.0,226.5861027190332,0.0,6,6,0,0,6,6,2629,0,0,0,0,0
2020-07-18,US,Kansas,Chautauqua,5,0,0,37.14994405,-96.2454192,20019.0,153.84615384615384,0.0,5,5,0,0,5,5,3309,0,0,0,0,0
2020-07-18,US,Kansas,Cherokee,61,1,0,37.16928494,-94.8462897,20021.0,305.933095942625,1.639344262295082,60,59,1,0,58,59,20015,2,0,0,2,0
2020-07-18,US,Kansas,Cheyenne,2,0,0,39.78580976,-101.7318201,20023.0,75.27286413248024,0.0,2,2,0,0,2,2,2660,0,0,0,0,0
2020-07-18,US,Kansas,Clark,36,1,0,37.23577007,-99.81883015,20025.0,1805.4162487462388,2.7777777777777777,35,36,1,0,35,34,2005,0,0,0,0,2
2020-07-18,US,Kansas,Clay,12,2,0,39.34948772,-97.16518128,20027.0,149.96250937265685,16.666666666666668,10,12,2,0,10,14,7997,0,0,0,0,-2
2020-07-18,US,Kansas,Cloud,26,0,0,39.48028352,-97.64925343,20029.0,295.92533576143865,0.0,26,26,0,0,26,26,8729,0,0,0,0,0
2020-07-18,US,Kansas,Coffey,60,8,0,38.2365018,-95.73379515,20031.0,733.5860129600197,13.333333333333336,52,60,8,0,52,59,8233,0,0,0,0,1
2020-07-18,US,Kansas,Comanche,3,0,0,37.19114520000001,-99.27113247,20033.0,176.47058823529412,0.0,3,3,0,0,3,3,1748,0,0,0,0,0
2020-07-18,US,Kansas,Cowley,97,1,0,37.23781842,-96.83776647,20035.0,277.87326687292307,1.0309278350515465,96,97,1,0,96,96,35218,0,0,0,0,1
2020-07-18,US,Kansas,Crawford,326,1,0,37.50675523,-94.85245778,20037.0,839.8165799371426,0.3067484662576687,325,326,1,0,325,322,39019,0,0,0,0,4
2020-07-18,US,Kansas,Decatur,3,0,0,39.78468441,-100.45940809999999,20039.0,106.11956137247968,0.0,3,3,0,0,3,3,2871,0,0,0,0,0
2020-07-18,US,Kansas,Dickinson,31,1,0,38.86600962,-97.15532383,20041.0,167.8760966099859,3.2258064516129035,30,27,1,0,26,27,18717,4,0,0,4,0
2020-07-18,US,Kansas,Doniphan,31,0,0,39.79067154,-95.14056866,20043.0,407.89473684210526,0.0,31,31,0,0,31,26,7682,0,0,0,0,5
2020-07-18,US,Kansas,Douglas,494,0,0,38.88503636,-95.2925121,20045.0,404.0602327844985,0.0,494,494,0,0,494,489,121436,0,0,0,0,5
2020-07-18,US,Kansas,Edwards,8,0,0,37.88735543,-99.31263309,20047.0,285.91851322373117,0.0,8,8,0,0,8,8,2849,0,0,0,0,0
2020-07-18,US,Kansas,Elk,1,0,0,37.45338105,-96.24369667,20049.0,39.52569169960474,0.0,1,1,0,0,1,1,2508,0,0,0,0,0
2020-07-18,US,Kansas,Ellis,78,0,0,38.91458712,-99.31751551,20051.0,273.17619864812804,0.0,78,78,0,0,78,65,28710,0,0,0,0,13
2020-07-18,US,Kansas,Ellsworth,14,0,0,38.69677695,-98.20462799,20053.0,229.43297279580463,0.0,14,14,0,0,14,14,6196,0,0,0,0,0
2020-07-18,US,Kansas,Finney,1624,10,0,38.04340344,-100.73819379999999,20055.0,4453.3413771354935,0.6157635467980296,1614,1624,10,0,1614,1620,36611,0,0,0,0,4
2020-07-18,US,Kansas,Ford,1982,8,0,37.69200114,-99.88825298,20057.0,5895.475772628573,0.4036326942482341,1974,1982,8,0,1974,1977,33888,0,0,0,0,5
2020-07-18,US,Kansas,Franklin,113,1,0,38.56443815,-95.28644341,20059.0,442.3739430003132,0.8849557522123894,112,113,1,0,112,102,25631,0,0,0,0,11
2020-07-18,US,Kansas,Geary,89,1,0,38.99871131,-96.7577178,20061.0,281.02305020524153,1.1235955056179776,88,88,1,0,87,88,32594,1,0,0,1,0
2020-07-18,US,Kansas,Gove,2,0,0,38.91588178,-100.4829321,20063.0,75.87253414264036,0.0,2,2,0,0,2,2,2612,0,0,0,0,0
2020-07-18,US,Kansas,Graham,8,0,0,39.34987223,-99.88332493,20065.0,322.32070910556,0.0,8,8,0,0,8,8,2492,0,0,0,0,0
2020-07-18,US,Kansas,Grant,76,2,0,37.56227336,-101.3079758,20067.0,1062.937062937063,2.631578947368421,74,75,2,0,73,71,7336,1,0,0,1,4
2020-07-18,US,Kansas,Gray,46,0,0,37.73836671,-100.4369088,20069.0,768.2030728122912,0.0,46,46,0,0,46,41,6033,0,0,0,0,5
2020-07-18,US,Kansas,Greeley,3,0,0,38.4808095,-101.8061079,20071.0,243.50649350649346,0.0,3,3,0,0,3,3,1227,0,0,0,0,0
2020-07-18,US,Kansas,Greenwood,11,0,0,37.8774388,-96.23250453,20073.0,183.884988298228,0.0,11,11,0,0,11,11,6055,0,0,0,0,0
2020-07-18,US,Kansas,Hamilton,35,0,0,37.99978709,-101.7921066,20075.0,1378.4954706577396,0.0,35,35,0,0,35,35,2607,0,0,0,0,0
2020-07-18,US,Kansas,Harper,4,0,0,37.19175361,-98.07578384,20077.0,73.58351729212656,0.0,4,4,0,0,4,2,5506,0,0,0,0,2
2020-07-18,US,Kansas,Harvey,106,1,0,38.04293782,-97.42747573,20079.0,307.87998489645355,0.9433962264150944,105,106,1,0,105,98,34210,0,0,0,0,8
2020-07-18,US,Kansas,Haskell,33,0,0,37.562039399999996,-100.8710738,20081.0,831.6532258064516,0.0,33,33,0,0,33,33,3997,0,0,0,0,0
2020-07-18,US,Kansas,Hodgeman,10,0,0,38.08780079,-99.89829881,20083.0,557.4136008918617,0.0,10,10,0,0,10,10,1818,0,0,0,0,0
2020-07-18,US,Kansas,Jackson,124,1,0,39.41673394,-95.79356799,20085.0,941.4623035456683,0.8064516129032258,123,124,1,0,123,124,13280,0,0,0,0,0
2020-07-18,US,Kansas,Jefferson,40,0,0,39.2347941,-95.38289232,20087.0,210.05093735230795,0.0,40,40,0,0,40,39,18975,0,0,0,0,1
2020-07-18,US,Kansas,Jewell,5,0,0,39.78470589,-98.21820662,20089.0,173.67141368530739,0.0,5,5,0,0,5,5,2841,0,0,0,0,0
2020-07-18,US,Kansas,Johnson,3667,96,0,38.88548175,-94.82250877,20091.0,608.7307291986567,2.617943823288792,3571,3564,95,0,3469,3422,597555,103,1,0,102,142
2020-07-18,US,Kansas,Kearny,52,1,0,38.00017981,-101.32168100000001,20093.0,1354.872329338197,1.9230769230769231,51,52,1,0,51,50,3943,0,0,0,0,2
2020-07-18,US,Kansas,Kingman,5,0,0,37.55909527,-98.13638678,20095.0,69.91051454138703,0.0,5,5,0,0,5,5,7310,0,0,0,0,0
2020-07-18,US,Kansas,Kiowa,5,0,0,37.55848695,-99.2856537,20097.0,202.020202020202,0.0,5,5,0,0,5,3,2516,0,0,0,0,2
2020-07-18,US,Kansas,Labette,86,0,0,37.19113093,-95.29849679,20099.0,438.37292282597616,0.0,86,86,0,0,86,83,19964,0,0,0,0,3
2020-07-18,US,Kansas,Lane,5,0,0,38.48119447,-100.46607540000001,20101.0,325.73289902280135,0.0,5,5,0,0,5,5,1560,0,0,0,0,0
2020-07-18,US,Kansas,Leavenworth,1252,7,0,39.20183497,-95.03620809,20103.0,1531.3486142028914,0.5591054313099042,1245,1252,7,0,1245,1240,81352,0,0,0,0,12
2020-07-18,US,Kansas,Lincoln,5,0,0,39.04549684,-98.20756994,20105.0,168.8048615800135,0.0,5,5,0,0,5,4,3023,0,0,0,0,1
2020-07-18,US,Kansas,Linn,20,0,0,38.21267844,-94.84254089,20107.0,206.1218179944347,0.0,20,20,0,0,20,18,9750,0,0,0,0,2
2020-07-18,US,Kansas,Logan,2,0,0,38.91735806,-101.148475,20109.0,71.58196134574086,0.0,2,2,0,0,2,2,2844,0,0,0,0,0
2020-07-18,US,Kansas,Lyon,550,7,0,38.45576156,-96.15275715,20111.0,1656.8760355475222,1.2727272727272727,543,550,7,0,543,536,33406,0,0,0,0,14
2020-07-18,US,Kansas,Marion,23,1,0,38.35855394,-97.09852509999999,20115.0,193.53752945136318,4.3478260869565215,22,23,1,0,22,22,11950,0,0,0,0,1
2020-07-18,US,Kansas,Marshall,7,0,0,39.78359669,-96.52278974,20117.0,72.11290821056969,0.0,7,7,0,0,7,7,9722,0,0,0,0,0
2020-07-18,US,Kansas,McPherson,94,0,0,38.39184858,-97.64769869,20113.0,329.3392193959778,0.0,94,94,0,0,94,94,28537,0,0,0,0,0
2020-07-18,US,Kansas,Meade,31,0,0,37.23859987,-100.36483100000001,20119.0,768.6585668237044,0.0,31,31,0,0,31,30,4146,0,0,0,0,1
2020-07-18,US,Kansas,Miami,69,0,0,38.56383358,-94.83832189,20121.0,201.5363495633379,0.0,69,69,0,0,69,67,33680,0,0,0,0,2
2020-07-18,US,Kansas,Mitchell,19,0,0,39.39331582,-98.20906732,20123.0,317.7788927914367,0.0,19,19,0,0,19,16,6150,0,0,0,0,3
2020-07-18,US,Kansas,Montgomery,78,3,0,37.19236568,-95.74329258,20125.0,245.059536900311,3.8461538461538463,75,77,3,0,74,75,32120,1,0,0,1,2
2020-07-18,US,Kansas,Morris,6,0,0,38.68827511,-96.65128437,20127.0,106.76156583629893,0.0,6,6,0,0,6,5,5521,0,0,0,0,1
2020-07-18,US,Kansas,Morton,7,2,0,37.19141121,-101.79925190000002,20129.0,270.5836876691148,28.57142857142857,5,7,2,0,5,7,2667,0,0,0,0,0
2020-07-18,US,Kansas,Nemaha,37,0,0,39.78345387,-96.01392079,20131.0,361.6459779102727,0.0,37,37,0,0,37,34,10155,0,0,0,0,3
2020-07-18,US,Kansas,Neosho,48,0,0,37.55862897,-95.30670046,20133.0,299.86880739676394,0.0,48,48,0,0,48,45,15951,0,0,0,0,3
2020-07-18,US,Kansas,Ness,5,0,0,38.47974157,-99.91547333,20135.0,181.8181818181818,0.0,5,5,0,0,5,5,2840,0,0,0,0,0
2020-07-18,US,Kansas,Norton,22,0,0,39.78443827,-99.90286639,20137.0,410.37119940309645,0.0,22,22,0,0,22,22,5430,0,0,0,0,0
2020-07-18,US,Kansas,Osage,33,0,0,38.65235984,-95.72707998,20139.0,206.90952410809456,0.0,33,33,0,0,33,30,15941,0,0,0,0,3
2020-07-18,US,Kansas,Osborne,3,0,0,39.3503437,-98.76753828,20141.0,87.69365682548961,0.0,3,3,0,0,3,3,3475,0,0,0,0,0
2020-07-18,US,Kansas,Ottawa,22,0,0,39.13237408,-97.65020313,20143.0,385.6942496493689,0.0,22,22,0,0,22,20,5802,0,0,0,0,2
2020-07-18,US,Kansas,Pawnee,7,0,0,38.18108732,-99.23692334,20145.0,109.13626442157779,0.0,7,7,0,0,7,7,6562,0,0,0,0,0
2020-07-18,US,Kansas,Phillips,38,4,0,39.78465501,-99.34668865,20147.0,726.0221627818112,10.526315789473683,34,38,4,0,34,38,5317,0,0,0,0,0
2020-07-18,US,Kansas,Pottawatomie,92,0,0,39.37925655,-96.34564657,20149.0,377.3120616823197,0.0,92,92,0,0,92,90,24277,0,0,0,0,2
2020-07-18,US,Kansas,Pratt,24,0,0,37.64780729,-98.73922153,20151.0,261.89436927106067,0.0,24,24,0,0,24,22,9378,0,0,0,0,2
2020-07-18,US,Kansas,Reno,157,0,0,37.95230263,-98.08607292,20155.0,253.23397528952546,0.0,157,155,0,0,155,142,62342,2,0,0,2,13
2020-07-18,US,Kansas,Republic,21,0,0,39.82799632,-97.65036709,20157.0,452.97670405522,0.0,21,21,0,0,21,21,4664,0,0,0,0,0
2020-07-18,US,Kansas,Rice,12,0,0,38.34616184,-98.19992118,20159.0,125.82573136206354,0.0,12,12,0,0,12,10,9531,0,0,0,0,2
2020-07-18,US,Kansas,Riley,382,3,0,39.28935726,-96.73420026,20161.0,514.6028666882207,0.7853403141361257,379,382,3,0,379,374,73703,0,0,0,0,8
2020-07-18,US,Kansas,Rooks,9,0,0,39.35022773,-99.32484567,20163.0,182.9268292682927,0.0,9,9,0,0,9,9,5013,0,0,0,0,0
2020-07-18,US,Kansas,Rush,4,0,0,38.52275276,-99.30863983,20165.0,131.75230566534916,0.0,4,4,0,0,4,4,3093,0,0,0,0,0
2020-07-18,US,Kansas,Russell,4,0,0,38.91462787,-98.76254297,20167.0,58.343057176196034,0.0,4,4,0,0,4,2,6907,0,0,0,0,2
2020-07-18,US,Kansas,Saline,263,3,0,38.78369175,-97.65185177,20169.0,485.0250811448805,1.1406844106463878,260,263,3,0,260,250,54401,0,0,0,0,13
2020-07-18,US,Kansas,Scott,19,0,0,38.48222076,-100.90665390000001,20171.0,393.94567696454493,0.0,19,19,0,0,19,19,4897,0,0,0,0,0
2020-07-18,US,Kansas,Sedgwick,2553,32,0,37.6842718,-97.4608198,20173.0,494.72717336960943,1.253427340383862,2521,2473,32,0,2441,2386,513607,80,0,0,80,87
2020-07-18,US,Kansas,Seward,1105,2,0,37.19324632,-100.85072009999999,20175.0,5156.804181444839,0.18099547511312214,1103,1105,2,0,1103,1105,21780,0,0,0,0,0
2020-07-18,US,Kansas,Shawnee,1159,13,0,39.04100763,-95.75572640000001,20177.0,655.2650176678445,1.1216566005176876,1146,1140,13,0,1127,1109,177499,19,0,0,19,31
2020-07-18,US,Kansas,Sheridan,7,0,0,39.35018161,-100.44182590000001,20179.0,277.66759222530743,0.0,7,7,0,0,7,7,2533,0,0,0,0,0
2020-07-18,US,Kansas,Sherman,9,0,0,39.35147699,-101.71976240000001,20181.0,152.1041068108839,0.0,9,9,0,0,9,9,5899,0,0,0,0,0
2020-07-18,US,Kansas,Smith,3,0,0,39.78516566,-98.78566062,20183.0,83.72871895060004,0.0,3,3,0,0,3,3,3603,0,0,0,0,0
2020-07-18,US,Kansas,Stafford,2,0,0,38.03100851,-98.71762001,20185.0,48.12319538017324,0.0,2,2,0,0,2,2,4178,0,0,0,0,0
2020-07-18,US,Kansas,Stanton,12,0,0,37.56304714,-101.78435340000001,20187.0,598.2053838484546,0.0,12,12,0,0,12,12,1987,0,0,0,0,0
2020-07-18,US,Kansas,Stevens,39,0,0,37.1923008,-101.3118967,20189.0,711.0300820419327,0.0,39,39,0,0,39,38,5559,0,0,0,0,1
2020-07-18,US,Kansas,Sumner,62,2,0,37.23682549,-97.47721621,20191.0,271.5011385531617,3.2258064516129035,60,58,2,0,56,49,22996,4,0,0,4,9
2020-07-18,US,Kansas,Thomas,21,0,0,39.35107575,-101.0553705,20193.0,270.02700270027003,0.0,21,20,0,0,20,19,7711,1,0,0,1,1
2020-07-18,US,Kansas,Trego,5,0,0,38.91467218,-99.87284448,20195.0,178.38030681412772,0.0,5,5,0,0,5,5,2793,0,0,0,0,0
2020-07-18,US,Kansas,Unassigned,0,1,0,0.0,0.0,90020.0,0.0,0.0,-1,0,1,0,-1,0,,0,0,0,0,0
2020-07-18,US,Kansas,Wabaunsee,39,0,0,38.95471985,-96.20350509,20197.0,562.6893666137644,0.0,39,39,0,0,39,38,6899,0,0,0,0,1
2020-07-18,US,Kansas,Washington,2,0,0,39.78420784,-97.08753229999999,20201.0,36.99593044765076,0.0,2,2,0,0,2,1,5420,0,0,0,0,1
2020-07-18,US,Kansas,Wilson,5,0,0,37.55937174,-95.74323255,20205.0,58.65102639296187,0.0,5,5,0,0,5,4,8665,0,0,0,0,1
2020-07-18,US,Kansas,Woodson,10,0,0,37.8865336,-95.74006277,20207.0,318.6743148502232,0.0,10,10,0,0,10,10,3183,0,0,0,0,0
2020-07-18,US,Kansas,Wyandotte,3517,88,0,39.11727348,-94.76378225,20209.0,2125.9875837972786,2.502132499289167,3429,3433,88,0,3345,3318,165324,84,0,0,84,115
2020-07-18,US,Kentucky,Adair,158,19,0,37.10459774,-85.28129668,21001.0,822.8309551088428,12.025316455696206,139,157,19,0,138,157,19215,1,0,0,1,0
2020-07-18,US,Kentucky,Allen,198,7,0,36.75197631,-86.19457544,21003.0,928.9232934553132,3.5353535353535355,191,198,7,0,191,196,21122,0,0,0,0,2
2020-07-18,US,Kentucky,Anderson,34,1,0,38.00671029,-84.99171713,21005.0,149.47025981448104,2.9411764705882355,33,34,1,0,33,34,22663,0,0,0,0,0
2020-07-18,US,Kentucky,Ballard,25,0,0,37.05842757,-88.99427697,21007.0,316.9371196754564,0.0,25,25,0,0,25,22,7979,0,0,0,0,3
2020-07-18,US,Kentucky,Barren,160,2,0,36.96469836,-85.93338945,21009.0,361.5900924314674,1.25,158,150,2,0,148,144,44176,10,0,0,10,6
2020-07-18,US,Kentucky,Bath,23,1,0,38.14735938,-83.74588932,21011.0,184.0,4.3478260869565215,22,23,1,0,22,23,12383,0,0,0,0,0
2020-07-18,US,Kentucky,Bell,154,1,0,36.73355174,-83.67766671,21013.0,591.579594345421,0.6493506493506493,153,141,1,0,140,132,26569,13,0,0,13,9
2020-07-18,US,Kentucky,Boone,811,23,0,38.97065142,-84.72615357,21015.0,607.122270382764,2.8360049321824907,788,801,23,0,778,785,131533,10,0,0,10,16
2020-07-18,US,Kentucky,Bourbon,54,1,0,38.2054607,-84.21827874,21017.0,272.89266221952704,1.851851851851852,53,52,1,0,51,49,20184,2,0,0,2,3
2020-07-18,US,Kentucky,Boyd,115,3,0,38.36176608,-82.68652187,21019.0,246.1577978509354,2.608695652173913,112,111,3,0,108,106,47240,4,0,0,4,5
2020-07-18,US,Kentucky,Boyle,58,0,0,37.62680923,-84.8633779,21021.0,192.94743845642049,0.0,58,57,0,0,57,52,30100,1,0,0,1,5
2020-07-18,US,Kentucky,Bracken,24,0,0,38.69158994,-84.08532444,21023.0,289.0521498253643,0.0,24,22,0,0,22,21,8239,2,0,0,2,1
2020-07-18,US,Kentucky,Breathitt,16,0,0,37.52333168,-83.31959161,21025.0,126.6825019794141,0.0,16,16,0,0,16,16,12726,0,0,0,0,0
2020-07-18,US,Kentucky,Breckinridge,37,2,0,37.77377239,-86.42885017,21027.0,180.69053083947844,5.405405405405406,35,35,2,0,33,33,20388,2,0,0,2,2
2020-07-18,US,Kentucky,Bullitt,195,4,0,37.97162523,-85.68955617,21029.0,238.74822469268815,2.051282051282051,191,190,4,0,186,186,81069,5,0,0,5,4
2020-07-18,US,Kentucky,Butler,276,14,0,37.20946153,-86.68748787,21031.0,2143.0235266713253,5.0724637681159415,262,276,14,0,262,269,12772,0,0,0,0,7
2020-07-18,US,Kentucky,Caldwell,41,0,0,37.14749129,-87.86948214,21033.0,321.6443084647368,0.0,41,38,0,0,38,38,12715,3,0,0,3,0
2020-07-18,US,Kentucky,Calloway,129,1,0,36.62093411,-88.2731593,21035.0,330.76074972436606,0.7751937984496124,128,125,1,0,124,121,39135,4,0,0,4,4
2020-07-18,US,Kentucky,Campbell,373,13,0,38.94384345,-84.37875208,21037.0,398.5724055394085,3.4852546916890086,360,365,13,0,352,351,93152,8,0,0,8,14
2020-07-18,US,Kentucky,Carlisle,13,1,0,36.85372876,-88.96692220000001,21039.0,273.109243697479,7.6923076923076925,12,13,1,0,12,13,4771,0,0,0,0,0
2020-07-18,US,Kentucky,Carroll,106,2,0,38.66599534,-85.12601074,21041.0,997.0839996237421,1.8867924528301887,104,100,2,0,98,97,10737,6,0,0,6,3
2020-07-18,US,Kentucky,Carter,58,1,0,38.31690743,-83.05092385,21043.0,216.44213904541562,1.7241379310344829,57,58,1,0,57,56,27004,0,0,0,0,2
2020-07-18,US,Kentucky,Casey,92,5,0,37.32533118,-84.92726209,21045.0,569.3421622625162,5.434782608695652,87,89,5,0,84,79,15888,3,0,0,3,10
2020-07-18,US,Kentucky,Christian,339,4,0,36.89267803,-87.49055367,21047.0,481.11721377783454,1.1799410029498525,335,334,4,0,330,320,71671,5,0,0,5,14
2020-07-18,US,Kentucky,Clark,120,6,0,37.9689263,-84.14615986,21049.0,330.915809502799,5.0,114,120,6,0,114,119,36249,0,0,0,0,1
2020-07-18,US,Kentucky,Clay,111,4,0,37.16451126,-83.712575,21051.0,557.7609165368574,3.603603603603604,107,105,4,0,101,98,20105,6,0,0,6,7
2020-07-18,US,Kentucky,Clinton,10,0,0,36.72581156,-85.13377529,21053.0,97.86651008025049,0.0,10,9,0,0,9,7,10206,1,0,0,1,2
2020-07-18,US,Kentucky,Crittenden,19,1,0,37.35839237,-88.08826090000002,21055.0,215.76198046786288,5.2631578947368425,18,18,1,0,17,14,8915,1,0,0,1,4
2020-07-18,US,Kentucky,Cumberland,11,0,0,36.78926125,-85.39050034,21057.0,166.3138796492289,0.0,11,8,0,0,8,8,6659,3,0,0,3,0
2020-07-18,US,Kentucky,Daviess,562,8,0,37.73028906,-87.09019479999998,21059.0,553.634581473929,1.4234875444839858,554,553,8,0,545,539,101104,9,0,0,9,14
2020-07-18,US,Kentucky,Edmonson,82,12,0,37.21218923,-86.23955613,21061.0,674.8971193415637,14.634146341463413,70,82,12,0,70,82,12274,0,0,0,0,0
2020-07-18,US,Kentucky,Elliott,7,0,0,38.11624059,-83.09771563,21063.0,93.1222562192364,0.0,7,6,0,0,6,5,7508,1,0,0,1,1
2020-07-18,US,Kentucky,Estill,7,0,0,37.69241417,-83.95956369,21065.0,49.62427335885439,0.0,7,7,0,0,7,7,14198,0,0,0,0,0
2020-07-18,US,Kentucky,Fayette,2062,41,0,38.0368225,-84.45576892,21067.0,638.0898153191067,1.988360814742968,2021,2046,41,0,2005,2008,323780,16,0,0,16,38
2020-07-18,US,Kentucky,Fleming,38,0,0,38.36758311,-83.69657514,21069.0,260.613126671696,0.0,38,36,0,0,36,33,14432,2,0,0,2,3
2020-07-18,US,Kentucky,Floyd,54,1,0,37.56213922,-82.74750924,21071.0,151.7322768271095,1.851851851851852,53,51,1,0,50,49,35845,3,0,0,3,2
2020-07-18,US,Kentucky,Franklin,181,5,0,38.2379395,-84.87962551,21073.0,354.96460159636007,2.7624309392265194,176,176,5,0,171,169,50815,5,0,0,5,7
2020-07-18,US,Kentucky,Fulton,31,1,0,36.55238827,-89.20140068,21075.0,519.3499748701627,3.2258064516129035,30,31,1,0,30,30,6120,0,0,0,0,1
2020-07-18,US,Kentucky,Gallatin,72,8,0,38.75398691,-84.8558382,21077.0,811.8164392828952,11.111111111111109,64,71,8,0,63,71,8832,1,0,0,1,0
2020-07-18,US,Kentucky,Garrard,44,0,0,37.638866799999995,-84.53289319,21079.0,249.06600249066003,0.0,44,43,0,0,43,42,17560,1,0,0,1,1
2020-07-18,US,Kentucky,Grant,75,5,0,38.64962758,-84.62415957,21081.0,299.1742789899876,6.666666666666668,70,73,5,0,68,71,25121,2,0,0,2,2
2020-07-18,US,Kentucky,Graves,373,21,0,36.72292505,-88.65143315,21083.0,1000.9123597917672,5.630026809651475,352,357,21,0,336,349,37317,16,0,0,16,8
2020-07-18,US,Kentucky,Grayson,157,11,0,37.46231118,-86.34248968,21085.0,594.0893782873576,7.0063694267515935,146,156,11,0,145,156,26321,1,0,0,1,0
2020-07-18,US,Kentucky,Green,14,1,0,37.26484328,-85.5540745,21087.0,127.95905310300705,7.142857142857142,13,14,1,0,13,13,11049,0,0,0,0,1
2020-07-18,US,Kentucky,Greenup,50,0,0,38.54332505,-82.9215658,21089.0,142.4582597298991,0.0,50,48,0,0,48,47,35268,2,0,0,2,1
2020-07-18,US,Kentucky,Hancock,34,0,0,37.83766422,-86.78280584,21091.0,389.8188488878697,0.0,34,33,0,0,33,33,8758,1,0,0,1,0
2020-07-18,US,Kentucky,Hardin,336,7,0,37.6976111,-85.96319251,21093.0,302.81728221489215,2.083333333333333,329,323,7,0,316,307,110356,13,0,0,13,16
2020-07-18,US,Kentucky,Harlan,65,2,0,36.85699301,-83.21899516,21095.0,249.9038831218762,3.0769230769230766,63,64,2,0,62,61,26409,1,0,0,1,3
2020-07-18,US,Kentucky,Harrison,88,0,0,38.44188174,-84.32869741,21097.0,465.95361643545476,0.0,88,87,0,0,87,86,18778,1,0,0,1,1
2020-07-18,US,Kentucky,Hart,56,0,0,37.29943898,-85.88461055,21099.0,294.1949041239822,0.0,56,54,0,0,54,52,18906,2,0,0,2,2
2020-07-18,US,Kentucky,Henderson,224,3,0,37.79344553,-87.57392021,21101.0,495.465604954656,1.3392857142857142,221,221,3,0,218,221,45591,3,0,0,3,0
2020-07-18,US,Kentucky,Henry,56,2,0,38.44942688,-85.11587507,21103.0,347.2652858737443,3.571428571428572,54,52,2,0,50,50,16106,4,0,0,4,2
2020-07-18,US,Kentucky,Hickman,12,0,0,36.67948079999999,-88.97875928,21105.0,273.97260273972597,0.0,12,12,0,0,12,10,4421,0,0,0,0,2
2020-07-18,US,Kentucky,Hopkins,345,33,0,37.30939025,-87.54670406,21107.0,772.0538871234837,9.565217391304348,312,337,33,0,304,322,45068,8,0,0,8,15
2020-07-18,US,Kentucky,Jackson,118,14,0,37.41866422,-83.99825483,21109.0,885.2877185085154,11.864406779661017,104,118,14,0,104,118,13442,0,0,0,0,0
2020-07-18,US,Kentucky,Jefferson,4962,214,0,38.18664655,-85.65931031,21111.0,647.1411411959722,4.312777106005643,4748,4861,213,0,4648,4778,770517,101,1,0,100,83
2020-07-18,US,Kentucky,Jessamine,169,0,0,37.87119786,-84.58252003,21113.0,312.29788413563705,0.0,169,166,0,0,166,155,53920,3,0,0,3,11
2020-07-18,US,Kentucky,Johnson,13,0,0,37.85106355,-82.8264322,21115.0,58.590228952586976,0.0,13,13,0,0,13,12,22386,0,0,0,0,1
2020-07-18,US,Kentucky,Kenton,981,37,0,38.93950319,-84.53241199,21117.0,587.4321848165846,3.771661569826708,944,961,37,0,924,944,166051,20,0,0,20,17
2020-07-18,US,Kentucky,Knott,24,0,0,37.35388197,-82.94981134,21119.0,162.09644738619482,0.0,24,24,0,0,24,23,15126,0,0,0,0,1
2020-07-18,US,Kentucky,Knox,127,7,0,36.89225732,-83.85403396,21121.0,407.7701075614064,5.511811023622046,120,122,7,0,115,117,31304,5,0,0,5,5
2020-07-18,US,Kentucky,Larue,25,1,0,37.54567114,-85.70138352,21123.0,173.6352271148771,4.0,24,25,1,0,24,25,14307,0,0,0,0,0
2020-07-18,US,Kentucky,Laurel,245,4,0,37.10975748,-84.11321779,21125.0,402.8743854110141,1.6326530612244898,241,225,4,0,221,217,60669,20,0,0,20,8
2020-07-18,US,Kentucky,Lawrence,14,0,0,38.07136018,-82.72882223,21127.0,91.4017105177254,0.0,14,14,0,0,14,14,15571,0,0,0,0,0
2020-07-18,US,Kentucky,Lee,1,0,0,37.59645942,-83.71513901,21129.0,13.508037282182901,0.0,1,1,0,0,1,1,7033,0,0,0,0,0
2020-07-18,US,Kentucky,Leslie,13,0,0,37.09246661,-83.37999606,21131.0,131.61891262529107,0.0,13,13,0,0,13,13,10143,0,0,0,0,0
2020-07-18,US,Kentucky,Letcher,22,0,0,37.12306748,-82.85346474,21133.0,102.07395722173248,0.0,22,22,0,0,22,22,21899,0,0,0,0,0
2020-07-18,US,Kentucky,Lewis,25,0,0,38.53184419,-83.37735618,21135.0,188.32391713747646,0.0,25,25,0,0,25,24,13257,0,0,0,0,1
2020-07-18,US,Kentucky,Lincoln,71,1,0,37.45475628,-84.6565327,21137.0,289.2174834005458,1.4084507042253518,70,69,1,0,68,65,24644,2,0,0,2,4
2020-07-18,US,Kentucky,Livingston,24,0,0,37.21137452,-88.34797529,21139.0,261.03980857080705,0.0,24,23,0,0,23,23,9242,1,0,0,1,0
2020-07-18,US,Kentucky,Logan,266,19,0,36.85949479,-86.877635,21141.0,981.4773817430447,7.142857142857142,247,264,14,0,250,261,26989,2,5,0,-3,3
2020-07-18,US,Kentucky,Lyon,25,3,0,37.02080035,-88.07886257,21143.0,304.50669914738125,12.0,22,25,3,0,22,25,8009,0,0,0,0,0
2020-07-18,US,Kentucky,Madison,254,1,0,37.71659336,-84.27220275,21151.0,273.1564627313496,0.3937007874015748,253,250,1,0,249,232,92368,4,0,0,4,18
2020-07-18,US,Kentucky,Magoffin,7,0,0,37.70820545,-83.0657714,21153.0,57.561055834224156,0.0,7,7,0,0,7,7,12362,0,0,0,0,0
2020-07-18,US,Kentucky,Marion,79,0,0,37.55218078,-85.26898542,21155.0,409.8998599076429,0.0,79,78,0,0,78,76,19404,1,0,0,1,2
2020-07-18,US,Kentucky,Marshall,88,2,0,36.88007070000001,-88.32803576,21157.0,282.9581993569132,2.272727272727273,86,87,2,0,85,82,31191,1,0,0,1,5
2020-07-18,US,Kentucky,Martin,13,0,0,37.79990579,-82.51247478,21159.0,116.12326931665922,0.0,13,13,0,0,13,12,11323,0,0,0,0,1
2020-07-18,US,Kentucky,Mason,42,1,0,38.59471935,-83.82151043,21161.0,246.04569420035148,2.380952380952381,41,40,1,0,39,40,17150,2,0,0,2,0
2020-07-18,US,Kentucky,McCracken,226,3,0,37.05350953,-88.70445755,21145.0,345.47066556605216,1.327433628318584,223,227,3,0,224,222,65346,-1,0,0,-1,5
2020-07-18,US,Kentucky,McCreary,19,0,0,36.73874143,-84.48102924,21147.0,110.26638036097731,0.0,19,19,0,0,19,19,17408,0,0,0,0,0
2020-07-18,US,Kentucky,McLean,34,1,0,37.5301951,-87.26803443,21149.0,369.28424025198217,2.9411764705882355,33,34,1,0,33,31,9252,0,0,0,0,3
2020-07-18,US,Kentucky,Meade,44,2,0,37.96163597,-86.21028219,21163.0,153.99692006159876,4.545454545454546,42,42,2,0,40,40,28715,2,0,0,2,2
2020-07-18,US,Kentucky,Menifee,19,0,0,37.94090733,-83.59985712,21165.0,292.8032054245646,0.0,19,18,0,0,18,18,6451,1,0,0,1,0
2020-07-18,US,Kentucky,Mercer,32,0,0,37.81474237,-84.87488475,21167.0,145.89887384306752,0.0,32,32,0,0,32,31,21774,0,0,0,0,1
2020-07-18,US,Kentucky,Metcalfe,18,2,0,36.99459295,-85.63123699,21169.0,178.7310098302056,11.111111111111109,16,18,2,0,16,17,10030,0,0,0,0,1
2020-07-18,US,Kentucky,Monroe,58,2,0,36.71225341,-85.71596443,21171.0,544.6009389671361,3.4482758620689653,56,57,2,0,55,53,10718,1,0,0,1,4
2020-07-18,US,Kentucky,Montgomery,86,0,0,38.03253032,-83.9145241,21173.0,305.43026600845263,0.0,86,80,0,0,80,76,28203,6,0,0,6,4
2020-07-18,US,Kentucky,Morgan,22,0,0,37.92465657,-83.25558245,21175.0,165.30167555789316,0.0,22,21,0,0,21,20,13345,1,0,0,1,1
2020-07-18,US,Kentucky,Muhlenberg,565,9,0,37.21425819,-87.14632053,21177.0,1845.0787015870944,1.5929203539823011,556,564,9,0,555,564,30774,1,0,0,1,0
2020-07-18,US,Kentucky,Nelson,137,2,0,37.80335779,-85.4657193,21179.0,296.325135725564,1.45985401459854,135,134,2,0,132,130,45851,3,0,0,3,4
2020-07-18,US,Kentucky,Nicholas,14,0,0,38.33342292,-84.01889177,21181.0,192.5987068372541,0.0,14,13,0,0,13,13,7166,1,0,0,1,0
2020-07-18,US,Kentucky,Ohio,281,1,0,37.47751843,-86.85368087,21183.0,1171.1261148620488,0.3558718861209965,280,268,1,0,267,259,24087,13,0,0,13,9
2020-07-18,US,Kentucky,Oldham,300,7,0,38.39791089,-85.448222,21185.0,449.1085195886166,2.333333333333333,293,195,7,0,188,186,66470,105,0,0,105,9
2020-07-18,US,Kentucky,Owen,20,0,0,38.51679143,-84.82404619,21187.0,183.4694064764701,0.0,20,16,0,0,16,13,10880,4,0,0,4,3
2020-07-18,US,Kentucky,Owsley,3,0,0,37.42823949,-83.68811419,21189.0,67.95016987542469,0.0,3,3,0,0,3,3,4472,0,0,0,0,0
2020-07-18,US,Kentucky,Pendleton,26,0,0,38.69607718,-84.35599463,21191.0,178.20424948594928,0.0,26,25,0,0,25,24,14529,1,0,0,1,1
2020-07-18,US,Kentucky,Perry,117,2,0,37.25023553,-83.22922731,21193.0,454.22781271837874,1.709401709401709,115,114,2,0,112,111,26092,3,0,0,3,3
2020-07-18,US,Kentucky,Pike,143,3,0,37.47088263,-82.39487445,21195.0,247.07996406109606,2.097902097902098,140,131,3,0,128,131,58402,12,0,0,12,0
2020-07-18,US,Kentucky,Powell,21,0,0,37.83218794,-83.82553961,21197.0,169.91665992394206,0.0,21,20,0,0,20,17,12442,1,0,0,1,3
2020-07-18,US,Kentucky,Pulaski,141,2,0,37.10466131,-84.57629079,21199.0,216.9931824127795,1.4184397163120568,139,138,2,0,136,134,64623,3,0,0,3,4
2020-07-18,US,Kentucky,Robertson,2,0,0,38.51923469,-84.05055616,21201.0,94.87666034155598,0.0,2,2,0,0,2,1,2135,0,0,0,0,1
2020-07-18,US,Kentucky,Rockcastle,40,0,0,37.36642393,-84.31176452,21203.0,239.5926924228811,0.0,40,38,0,0,38,37,16750,2,0,0,2,1
2020-07-18,US,Kentucky,Rowan,39,0,0,38.19484205,-83.42088935,21205.0,159.44399018806214,0.0,39,38,0,0,38,36,24583,1,0,0,1,2
2020-07-18,US,Kentucky,Russell,74,5,0,36.99308373,-85.06070117,21207.0,412.87730848630247,6.756756756756758,69,74,5,0,69,70,17821,0,0,0,0,4
2020-07-18,US,Kentucky,Scott,153,0,0,38.29622293,-84.5816631,21209.0,268.40221738825346,0.0,153,136,0,0,136,137,56031,17,0,0,17,-1
2020-07-18,US,Kentucky,Shelby,598,21,0,38.21476019,-85.194223,21211.0,1219.8107049608357,3.5117056856187285,577,591,20,0,571,586,48518,7,1,0,6,5
2020-07-18,US,Kentucky,Simpson,96,4,0,36.74058474,-86.58047435,21213.0,516.9071720870127,4.166666666666667,92,95,3,0,92,94,18529,1,1,0,0,1
2020-07-18,US,Kentucky,Spencer,59,0,0,38.03223971,-85.32749335,21215.0,304.893803937781,0.0,59,58,0,0,58,57,18794,1,0,0,1,1
2020-07-18,US,Kentucky,Taylor,67,1,0,37.3677562,-85.3329931,21217.0,260.0023283790601,1.492537313432836,66,65,1,0,64,61,25549,2,0,0,2,4
2020-07-18,US,Kentucky,Todd,27,0,0,36.8381152,-87.17878374,21219.0,219.6193265007321,0.0,27,27,0,0,27,27,12311,0,0,0,0,0
2020-07-18,US,Kentucky,Trigg,37,0,0,36.80767017,-87.87333656,21221.0,252.5424885673333,0.0,37,36,0,0,36,32,14643,1,0,0,1,4
2020-07-18,US,Kentucky,Trimble,20,0,0,38.61056487,-85.33775972,21223.0,236.09963404556729,0.0,20,20,0,0,20,18,8515,0,0,0,0,2
2020-07-18,US,Kentucky,Unassigned,6,0,0,0.0,0.0,90021.0,0.0,0.0,6,,,,,1,,,,,,
2020-07-18,US,Kentucky,Union,34,0,0,37.66166713,-87.94300009,21225.0,236.42305820179402,0.0,34,34,0,0,34,33,14505,0,0,0,0,1
2020-07-18,US,Kentucky,Warren,1911,19,0,36.99903045,-86.42672751,21227.0,1437.9665302191186,0.9942438513867086,1892,1879,18,0,1861,1850,131264,32,1,0,31,29
2020-07-18,US,Kentucky,Washington,39,0,0,37.75599461,-85.17407732,21229.0,322.4472922695328,0.0,39,38,0,0,38,38,12084,1,0,0,1,0
2020-07-18,US,Kentucky,Wayne,32,0,0,36.80310688,-84.8251971,21231.0,157.37962917424875,0.0,32,31,0,0,31,28,20468,1,0,0,1,3
2020-07-18,US,Kentucky,Webster,60,0,0,37.52168356,-87.67989953,21233.0,463.60686138154847,0.0,60,59,0,0,59,57,13111,1,0,0,1,2
2020-07-18,US,Kentucky,Whitley,69,0,0,36.75700531,-84.14541217,21235.0,190.27134348113842,0.0,69,65,0,0,65,64,36242,4,0,0,4,1
2020-07-18,US,Kentucky,Wolfe,6,0,0,37.73941626,-83.49303612,21237.0,83.83400866284757,0.0,6,6,0,0,6,6,7177,0,0,0,0,0
2020-07-18,US,Kentucky,Woodford,96,0,0,38.04178222,-84.7417556,21239.0,359.0932894441535,0.0,96,95,0,0,95,93,26533,1,0,0,1,2
2020-07-18,US,Louisiana,Acadia,1610,48,0,30.295064899999996,-92.41419698,22001.0,2594.890805060843,2.9813664596273286,1562,1610,48,0,1562,1574,62190,0,0,0,0,36
2020-07-18,US,Louisiana,Allen,573,14,0,30.65385745,-92.82442028,22003.0,2235.9230499083,2.443280977312391,559,573,14,0,559,554,25605,0,0,0,0,19
2020-07-18,US,Louisiana,Ascension,1826,64,0,30.20406249,-90.91328409999998,22005.0,1442.2925026065527,3.504928806133625,1762,1826,64,0,1762,1755,124672,0,0,0,0,71
2020-07-18,US,Louisiana,Assumption,445,17,0,29.89946234,-91.06461642,22007.0,2032.7988671143398,3.820224719101124,428,445,17,0,428,439,22300,0,0,0,0,6
2020-07-18,US,Louisiana,Avoyelles,588,18,0,31.07796211,-92.00079449,22009.0,1464.726982861698,3.0612244897959178,570,588,18,0,570,565,40462,0,0,0,0,23
2020-07-18,US,Louisiana,Beauregard,441,9,0,30.64836518,-93.34173616,22011.0,1176.0940875270019,2.0408163265306123,432,441,9,0,432,414,37253,0,0,0,0,27
2020-07-18,US,Louisiana,Bienville,284,28,0,32.34569994,-93.05398492,22013.0,2144.8531077713164,9.859154929577462,256,284,28,0,256,278,13308,0,0,0,0,6
2020-07-18,US,Louisiana,Bossier,1474,43,0,32.67932307,-93.60460152,22015.0,1160.2736167633561,2.917232021709633,1431,1474,43,0,1431,1432,127185,0,0,0,0,42
2020-07-18,US,Louisiana,Caddo,4798,255,0,32.57991587,-93.88375652,22017.0,1997.468818171221,5.31471446436015,4543,4798,255,0,4543,4681,242922,0,0,0,0,117
2020-07-18,US,Louisiana,Calcasieu,4028,75,0,30.22931235,-93.35400434,22019.0,1979.983876993256,1.8619662363455811,3953,4028,75,0,3953,3864,203112,0,0,0,0,164
2020-07-18,US,Louisiana,Caldwell,133,1,0,32.0902519,-92.11752148,22021.0,1340.9961685823755,0.7518796992481203,132,133,1,0,132,129,9960,0,0,0,0,4
2020-07-18,US,Louisiana,Cameron,119,0,0,29.87592238,-93.19310676,22023.0,1706.5825326258425,0.0,119,119,0,0,119,119,6968,0,0,0,0,0
2020-07-18,US,Louisiana,Catahoula,221,3,0,31.66778967,-91.84526385,22025.0,2327.7859700863705,1.3574660633484164,218,221,3,0,218,220,9608,0,0,0,0,1
2020-07-18,US,Louisiana,Claiborne,161,10,0,32.82308512,-92.99526883,22027.0,1027.4409700063816,6.211180124223603,151,161,10,0,151,159,15944,0,0,0,0,2
2020-07-18,US,Louisiana,Concordia,169,7,0,31.44817835,-91.63814433,22029.0,877.5118126590165,4.142011834319527,162,169,7,0,162,167,19572,0,0,0,0,2
2020-07-18,US,Louisiana,De Soto,474,21,0,32.05457447,-93.74130302,22031.0,1725.9585624294505,4.4303797468354436,453,474,21,0,453,468,27436,0,0,0,0,6
2020-07-18,US,Louisiana,East Baton Rouge,8044,284,0,30.53842039,-91.09777565,22033.0,1827.9367084868163,3.5305818000994535,7760,8044,284,0,7760,7830,440956,0,0,0,0,214
2020-07-18,US,Louisiana,East Carroll,482,1,0,32.73926954,-91.23425694,22035.0,7025.214983238595,0.2074688796680498,481,482,1,0,481,476,7037,0,0,0,0,6
2020-07-18,US,Louisiana,East Feliciana,389,34,0,30.84425359,-91.04976723,22037.0,2032.9239613274106,8.740359897172238,355,389,34,0,355,383,19305,0,0,0,0,6
2020-07-18,US,Louisiana,Evangeline,414,2,0,30.72985248,-92.39915924,22039.0,1239.706542895643,0.4830917874396135,412,414,2,0,412,403,33443,0,0,0,0,11
2020-07-18,US,Louisiana,Franklin,610,14,0,32.13675181,-91.67589857,22041.0,3047.7142143392457,2.295081967213114,596,610,14,0,596,595,20156,0,0,0,0,15
2020-07-18,US,Louisiana,Grant,150,3,0,31.59882456,-92.56124347,22043.0,669.9718611818304,2.0,147,150,3,0,147,145,22482,0,0,0,0,5
2020-07-18,US,Louisiana,Iberia,1550,53,0,29.86803617,-91.75871777,22045.0,2219.676356866676,3.419354838709677,1497,1550,53,0,1497,1524,70941,0,0,0,0,26
2020-07-18,US,Louisiana,Iberville,896,43,0,30.25734305,-91.3499598,22047.0,2755.990280212851,4.799107142857143,853,896,43,0,853,887,32721,0,0,0,0,9
2020-07-18,US,Louisiana,Jackson,264,18,0,32.30251776,-92.55692092,22049.0,1676.8292682926829,6.8181818181818175,246,264,18,0,246,252,15902,0,0,0,0,12
2020-07-18,US,Louisiana,Jefferson,12030,498,0,29.74075478,-90.11115756,22051.0,2781.5479094459333,4.139650872817955,11532,12030,498,0,11532,11836,434051,0,0,0,0,194
2020-07-18,US,Louisiana,Jefferson Davis,721,14,0,30.26896765,-92.81210004,22053.0,2298.5207855139,1.9417475728155342,707,721,14,0,707,705,31582,0,0,0,0,16
2020-07-18,US,Louisiana,LaSalle,140,1,0,31.67884782,-92.15907765,22059.0,940.1020682245501,0.7142857142857143,139,140,1,0,139,135,14917,0,0,0,0,5
2020-07-18,US,Louisiana,Lafayette,4644,57,0,30.2049055,-92.06959876,22055.0,1900.2414174066041,1.227390180878553,4587,4644,57,0,4587,4520,242782,0,0,0,0,124
2020-07-18,US,Louisiana,Lafourche,1842,91,0,29.52470226,-90.40976986,22057.0,1887.024402237384,4.94028230184582,1751,1842,91,0,1751,1795,98115,0,0,0,0,47
2020-07-18,US,Louisiana,Lincoln,482,19,0,32.6003154,-92.66597409999999,22061.0,1031.1925035300158,3.941908713692946,463,482,19,0,463,473,47196,0,0,0,0,9
2020-07-18,US,Louisiana,Livingston,1796,42,0,30.44143993,-90.73061664,22063.0,1275.667843368445,2.338530066815145,1754,1796,42,0,1754,1721,139567,0,0,0,0,75
2020-07-18,US,Louisiana,Madison,468,6,0,32.36918118,-91.23973355,22065.0,4273.582321249201,1.2820512820512822,462,468,6,0,462,454,11161,0,0,0,0,14
2020-07-18,US,Louisiana,Morehouse,319,10,0,32.81686191,-91.80421614,22067.0,1282.4636166278042,3.134796238244514,309,319,10,0,309,308,25398,0,0,0,0,11
2020-07-18,US,Louisiana,Natchitoches,466,14,0,31.72321584,-93.09816516,22069.0,1221.2380103779026,3.004291845493562,452,466,14,0,452,454,38659,0,0,0,0,12
2020-07-18,US,Louisiana,Orleans,9160,544,0,30.06971951,-89.92660315,22071.0,2347.8510498687665,5.93886462882096,8616,9160,544,0,8616,9052,391006,0,0,0,0,108
2020-07-18,US,Louisiana,Ouachita,3475,95,0,32.47645559,-92.15704172,22073.0,2267.107692508432,2.733812949640288,3380,3475,95,0,3380,3388,154475,0,0,0,0,87
2020-07-18,US,Louisiana,Plaquemines,338,18,0,29.42245447,-89.60322085,22075.0,1457.084967883778,5.325443786982248,320,338,18,0,320,332,23410,0,0,0,0,6
2020-07-18,US,Louisiana,Pointe Coupee,467,28,0,30.71409502,-91.60209535,22077.0,2149.1026231017026,5.995717344753747,439,467,28,0,439,450,21940,0,0,0,0,17
2020-07-18,US,Louisiana,Rapides,2201,83,0,31.19778499,-92.52997303,22079.0,1697.6737010983584,3.771013175829169,2118,2201,83,0,2118,2159,130562,0,0,0,0,42
2020-07-18,US,Louisiana,Red River,118,9,0,32.09530039,-93.34213308,22081.0,1397.7730395640842,7.627118644067798,109,118,9,0,109,112,8477,0,0,0,0,6
2020-07-18,US,Louisiana,Richland,348,5,0,32.41391005,-91.76634876,22083.0,1729.4503528476293,1.4367816091954022,343,348,5,0,343,332,20192,0,0,0,0,16
2020-07-18,US,Louisiana,Sabine,274,3,0,31.56388699,-93.55433981,22085.0,1147.211522358064,1.094890510948905,271,274,3,0,271,261,24032,0,0,0,0,13
2020-07-18,US,Louisiana,St. Bernard,792,24,0,29.87761636,-89.51887093,22087.0,1676.4033528067057,3.0303030303030303,768,792,24,0,768,774,46721,0,0,0,0,18
2020-07-18,US,Louisiana,St. Charles,969,50,0,29.90709658,-90.35555967,22089.0,1824.8587570621467,5.159958720330239,919,969,50,0,919,929,52879,0,0,0,0,40
2020-07-18,US,Louisiana,St. Helena,156,1,0,30.82210324,-90.71013176,22091.0,1539.6762731938413,0.6410256410256411,155,156,1,0,155,147,10262,0,0,0,0,9
2020-07-18,US,Louisiana,St. James,500,30,0,30.02531716,-90.80212061,22093.0,2370.1175578308685,6.0,470,500,30,0,470,483,21037,0,0,0,0,17
2020-07-18,US,Louisiana,St. John the Baptist,1125,88,0,30.12597499,-90.4753503,22095.0,2626.2343301351634,7.822222222222222,1037,1125,88,0,1037,1115,43184,0,0,0,0,10
2020-07-18,US,Louisiana,St. Landry,1345,63,0,30.59724262,-92.00135806,22097.0,1637.7672787492083,4.684014869888477,1282,1345,63,0,1282,1308,82764,0,0,0,0,37
2020-07-18,US,Louisiana,St. Martin,1176,30,0,30.13112107,-91.61403569,22099.0,2200.969474649548,2.5510204081632653,1146,1176,30,0,1146,1149,53621,0,0,0,0,27
2020-07-18,US,Louisiana,St. Mary,990,39,0,29.69262097,-91.44702164,22101.0,2006.1603307124908,3.939393939393939,951,990,39,0,951,959,49774,0,0,0,0,31
2020-07-18,US,Louisiana,St. Tammany,3569,188,0,30.40942847,-89.95642711,22103.0,1370.4837204658647,5.267581955729897,3381,3569,188,0,3381,3474,258111,0,0,0,0,95
2020-07-18,US,Louisiana,Tangipahoa,2217,46,0,30.62888673,-90.40664996,22105.0,1645.171344187358,2.074875958502481,2171,2217,46,0,2171,2142,133777,0,0,0,0,75
2020-07-18,US,Louisiana,Tensas,38,0,0,32.00760749,-91.32915234,22107.0,876.7881864328565,0.0,38,38,0,0,38,38,4462,0,0,0,0,0
2020-07-18,US,Louisiana,Terrebonne,1963,68,0,29.37343766,-90.82626855,22109.0,1777.0977992232556,3.464085583290881,1895,1963,68,0,1895,1901,111021,0,0,0,0,62
2020-07-18,US,Louisiana,Unassigned,4,110,0,0.0,0.0,90022.0,0.0,2750.0,-106,4,110,0,-106,3,,0,0,0,0,1
2020-07-18,US,Louisiana,Union,495,30,0,32.83121059,-92.3749373,22111.0,2239.008503709065,6.0606060606060606,465,495,30,0,465,491,22330,0,0,0,0,4
2020-07-18,US,Louisiana,Vermilion,717,9,0,29.83517605,-92.30292538,22113.0,1204.8192771084334,1.2552301255230125,708,717,9,0,708,689,59830,0,0,0,0,28
2020-07-18,US,Louisiana,Vernon,346,12,0,31.10884837,-93.18153838,22115.0,729.5114803179489,3.4682080924855487,334,346,12,0,334,322,48860,0,0,0,0,24
2020-07-18,US,Louisiana,Washington,919,51,0,30.85288548,-90.03866652,22117.0,1989.435857470667,5.549510337323177,868,919,51,0,868,904,46582,0,0,0,0,15
2020-07-18,US,Louisiana,Webster,601,12,0,32.70847669,-93.33121835,22119.0,1567.5534689619196,1.9966722129783692,589,601,12,0,589,576,38798,0,0,0,0,25
2020-07-18,US,Louisiana,West Baton Rouge,455,32,0,30.46058217,-91.30989571,22121.0,1719.251842055545,7.032967032967032,423,455,32,0,423,439,26427,0,0,0,0,16
2020-07-18,US,Louisiana,West Carroll,191,5,0,32.78550125,-91.461201,22123.0,1763.6195752539245,2.6178010471204187,186,191,5,0,186,182,10982,0,0,0,0,9
2020-07-18,US,Louisiana,West Feliciana,279,14,0,30.87882871,-91.41485379999999,22125.0,1792.137718396711,5.017921146953405,265,279,14,0,265,278,15460,0,0,0,0,1
2020-07-18,US,Louisiana,Winn,311,5,0,31.94449367,-92.63789413,22127.0,2236.7663981588034,1.6077170418006432,306,311,5,0,306,308,14134,0,0,0,0,3
2020-07-18,US,Maine,Androscoggin,509,5,0,44.1664747,-70.20380627,23001.0,470.0906009586523,0.9823182711198428,504,509,4,0,505,507,107679,0,1,0,-1,2
2020-07-18,US,Maine,Aroostook,27,1,0,46.65926321,-68.59841248,23003.0,40.26545373201103,3.703703703703704,26,26,1,0,25,25,67111,1,0,0,1,1
2020-07-18,US,Maine,Cumberland,1938,67,0,43.8370751,-70.37226999,23005.0,656.9424717714735,3.4571723426212584,1871,1934,67,0,1867,1911,293557,4,0,0,4,23
2020-07-18,US,Maine,Franklin,42,1,0,44.97330019,-70.44381045,23007.0,139.07745289579123,2.380952380952381,41,42,1,0,41,41,29897,0,0,0,0,1
2020-07-18,US,Maine,Hancock,19,1,0,44.59816444,-68.38401854,23009.0,34.553621765144484,5.2631578947368425,18,19,1,0,18,19,54811,0,0,0,0,0
2020-07-18,US,Maine,Kennebec,147,10,0,44.40759555,-69.76738544,23011.0,120.19427319258884,6.802721088435375,137,148,10,0,138,147,122083,-1,0,0,-1,1
2020-07-18,US,Maine,Knox,25,1,0,44.11486325,-69.10529169,23013.0,62.858292265915715,4.0,24,25,1,0,24,25,39771,0,0,0,0,0
2020-07-18,US,Maine,Lincoln,29,0,0,44.05996956,-69.54227124,23015.0,83.73274816654155,0.0,29,29,0,0,29,27,34342,0,0,0,0,2
2020-07-18,US,Maine,Oxford,49,0,0,44.49952995,-70.75682123,23017.0,84.51918930573521,0.0,49,49,0,0,49,48,57618,0,0,0,0,1
2020-07-18,US,Maine,Penobscot,131,5,0,45.40194593,-68.65020455,23019.0,86.10037594973316,3.816793893129771,126,129,5,0,124,126,151096,2,0,0,2,3
2020-07-18,US,Maine,Piscataquis,4,0,0,45.83839062,-69.2860223,23021.0,23.83080131069407,0.0,4,4,0,0,4,4,16800,0,0,0,0,0
2020-07-18,US,Maine,Sagadahoc,34,0,0,43.95415864,-69.85074999,23023.0,94.82373940205264,0.0,34,34,0,0,34,34,35634,0,0,0,0,0
2020-07-18,US,Maine,Somerset,32,0,0,45.51229767,-69.95995554,23025.0,63.38641945963077,0.0,32,32,0,0,32,31,50592,0,0,0,0,1
2020-07-18,US,Maine,Unassigned,4,0,0,0.0,0.0,90023.0,0.0,0.0,4,3,0,0,3,4,,1,0,0,1,-1
2020-07-18,US,Maine,Waldo,60,14,0,44.4858305,-69.12061935,23027.0,151.07641948885808,23.33333333333333,46,60,14,0,46,60,39694,0,0,0,0,0
2020-07-18,US,Maine,Washington,5,0,0,45.01607142,-67.62813524,23029.0,15.934223525287615,0.0,5,5,0,0,5,5,31490,0,0,0,0,0
2020-07-18,US,Maine,York,590,12,0,43.47808377,-70.71052375,23031.0,284.14426823218923,2.0338983050847457,578,588,11,0,577,584,206229,2,1,0,1,4
2020-07-18,US,Maryland,Allegany,232,18,0,39.62357628,-78.69280486,24001.0,329.4705748693479,7.758620689655173,214,227,18,0,209,224,70975,5,0,0,5,3
2020-07-18,US,Maryland,Anne Arundel,5902,213,0,39.00670238,-76.60329337,24003.0,1018.9318997158316,3.6089461199593367,5689,5813,211,0,5602,5735,576031,89,2,0,87,78
2020-07-18,US,Maryland,Baltimore,9517,509,0,39.45784712,-76.62911955,24005.0,1150.271341721358,5.348324051696963,9008,9376,505,0,8871,9261,828431,141,4,0,137,115
2020-07-18,US,Maryland,Baltimore City,9284,378,0,39.30211911,-76.61151012,24510.0,1564.3060540194442,4.071520896165446,8906,9141,374,0,8767,8998,621342,143,4,0,139,143
2020-07-18,US,Maryland,Calvert,483,27,0,38.53961642,-76.56820632,24009.0,522.0210753850309,5.590062111801243,456,479,27,0,452,467,92003,4,0,0,4,12
2020-07-18,US,Maryland,Caroline,352,3,0,38.87172293,-75.82904158,24011.0,1053.7029276177932,0.8522727272727273,349,351,3,0,348,350,33304,1,0,0,1,1
2020-07-18,US,Maryland,Carroll,1256,116,0,39.56453592,-77.02373735,24013.0,745.635125588464,9.235668789808916,1140,1248,116,0,1132,1235,168429,8,0,0,8,13
2020-07-18,US,Maryland,Cecil,550,29,0,39.56647682,-75.94627411,24015.0,534.7333625006077,5.2727272727272725,521,542,29,0,513,538,102826,8,0,0,8,4
2020-07-18,US,Maryland,Charles,1593,90,0,38.51092331,-76.98580666,24017.0,975.7621418989693,5.649717514124294,1503,1583,90,0,1493,1567,161503,10,0,0,10,16
2020-07-18,US,Maryland,Dorchester,238,5,0,38.45413522,-76.02752426,24019.0,745.4038648250805,2.100840336134454,233,232,5,0,227,231,31998,6,0,0,6,1
2020-07-18,US,Maryland,Frederick,2701,120,0,39.47296601,-77.39999394,24021.0,1040.6593025540653,4.44279896334691,2581,2661,120,0,2541,2655,255648,40,0,0,40,6
2020-07-18,US,Maryland,Garrett,33,0,0,39.52786077,-79.27355126,24023.0,113.73819535396706,0.0,33,30,0,0,30,29,29163,3,0,0,3,1
2020-07-18,US,Maryland,Harford,1380,66,0,39.55010644,-76.30775940000002,24025.0,540.242169424642,4.782608695652174,1314,1351,66,0,1285,1336,253956,29,0,0,29,15
2020-07-18,US,Maryland,Howard,3040,98,0,39.25305293,-76.93126208,24027.0,933.4029291657712,3.2236842105263164,2942,2983,97,0,2886,2957,323196,57,1,0,56,26
2020-07-18,US,Maryland,Kent,218,23,0,39.24976208,-76.04741541,24029.0,1122.4384718360623,10.55045871559633,195,215,23,0,192,211,19383,3,0,0,3,4
2020-07-18,US,Maryland,Montgomery,16251,768,0,39.13676329,-77.20358245,24031.0,1546.7008284095755,4.725863023813919,15483,16153,766,0,15387,16056,1052567,98,2,0,96,97
2020-07-18,US,Maryland,Prince George's,20425,723,0,38.83070039,-76.8496441,24033.0,2246.166670515667,3.5397796817625458,19702,20302,719,0,19583,20191,909308,123,4,0,119,111
2020-07-18,US,Maryland,Queen Anne's,310,23,0,39.06198912,-76.03530977,24035.0,615.3113276830551,7.419354838709677,287,305,23,0,282,301,50251,5,0,0,5,4
2020-07-18,US,Maryland,Somerset,107,3,0,38.1163542,-75.75118623,24039.0,417.70768269831353,2.803738317757009,104,106,3,0,103,105,25675,1,0,0,1,1
2020-07-18,US,Maryland,St. Mary's,764,51,0,38.30058422,-76.60629279999998,24037.0,673.0684521187561,6.675392670157068,713,753,51,0,702,739,112664,11,0,0,11,14
2020-07-18,US,Maryland,Talbot,238,4,0,38.76618159,-76.10882561,24041.0,640.1118851026063,1.680672268907563,234,230,4,0,226,216,36968,8,0,0,8,14
2020-07-18,US,Maryland,Unassigned,0,12,0,0.0,0.0,90024.0,0.0,0.0,-12,0,20,0,-20,0,,0,-8,0,8,0
2020-07-18,US,Maryland,Washington,773,29,0,39.60835778,-77.82002295,24043.0,511.7544637832757,3.7516170763260015,744,751,29,0,722,743,150926,22,0,0,22,8
2020-07-18,US,Maryland,Wicomico,1176,42,0,38.37301947,-75.62705831,24045.0,1135.0365315754425,3.571428571428572,1134,1173,42,0,1131,1164,103195,3,0,0,3,9
2020-07-18,US,Maryland,Worcester,383,18,0,38.21274277,-75.33200012,24047.0,732.6497819266967,4.699738903394255,365,366,18,0,348,355,51823,17,0,0,17,11
2020-07-18,US,Massachusetts,Barnstable,1612,154,0,41.72980578,-70.28854339,25001.0,756.8430442743788,9.553349875930524,1458,1603,153,0,1450,1596,213413,9,1,0,8,7
2020-07-18,US,Massachusetts,Berkshire,622,45,0,42.37428441,-73.20524838,25003.0,497.82302471507234,7.234726688102894,577,618,45,0,573,616,126348,4,0,0,4,2
2020-07-18,US,Massachusetts,Bristol,8653,608,0,41.79228404,-71.10872211,25005.0,1530.9164444806156,7.026464809892522,8045,8637,607,0,8030,8593,564022,16,1,0,15,44
2020-07-18,US,Massachusetts,Dukes and Nantucket,86,1,0,41.40674725,-70.68763497,0.0,299.3282517141763,1.162790697674419,85,82,1,0,81,82,26707,4,0,0,4,0
2020-07-18,US,Massachusetts,Essex,16710,1140,0,42.6687626,-70.94687179,25009.0,2117.7794619750225,6.822262118491921,15570,16632,1139,0,15493,16596,790638,78,1,0,77,36
2020-07-18,US,Massachusetts,Franklin,391,58,0,42.58119713,-72.58602547,25011.0,557.1387859789114,14.83375959079284,333,389,58,0,331,386,70963,2,0,0,2,3
2020-07-18,US,Massachusetts,Hampden,7120,681,0,42.13440424,-72.63235561,25013.0,1526.678273995866,9.564606741573034,6439,7100,681,0,6419,7077,470406,20,0,0,20,23
2020-07-18,US,Massachusetts,Hampshire,1033,119,0,42.33997957,-72.65898478,25015.0,642.293104520301,11.519845111326234,914,1026,119,0,907,1015,161355,7,0,0,7,11
2020-07-18,US,Massachusetts,Middlesex,24809,1944,0,42.48607732,-71.39049229,25017.0,1539.307277599601,7.835866016365029,22865,24738,1938,0,22800,24685,1614714,71,6,0,65,53
2020-07-18,US,Massachusetts,Norfolk,9658,966,0,42.16073095,-71.20530408,25021.0,1366.4886279226062,10.00207082211638,8692,9612,963,0,8649,9588,705388,46,3,0,43,24
2020-07-18,US,Massachusetts,Plymouth,8868,694,0,41.94070556,-70.80802823,25023.0,1701.4516444679798,7.825890843482182,8174,8865,693,0,8172,8847,518132,3,1,0,2,18
2020-07-18,US,Massachusetts,Suffolk,20555,1035,0,42.327951399999996,-71.07850442,25025.0,2556.887799210605,5.035271223546582,19520,20499,1030,0,19469,20445,807252,56,5,0,51,54
2020-07-18,US,Massachusetts,Unassigned,319,6,0,0.0,0.0,90025.0,0.0,1.8808777429467085,313,316,6,0,310,317,,3,0,0,3,-1
2020-07-18,US,Massachusetts,Worcester,12802,968,0,42.35026951,-71.90493363,25027.0,1541.2546260513209,7.561318543977504,11834,12762,969,0,11793,12738,830839,40,-1,0,41,24
2020-07-18,US,Michigan,Alcona,26,1,0,44.6846864,-83.59507875,26001.0,249.87986544930317,3.8461538461538463,25,25,1,0,24,24,10362,1,0,0,1,1
2020-07-18,US,Michigan,Alger,4,0,0,46.41292944,-86.60260122,26003.0,43.917435221783045,0.0,4,4,0,0,4,4,9097,0,0,0,0,0
2020-07-18,US,Michigan,Allegan,415,7,0,42.59147037,-85.89102866,26005.0,351.4536631634217,1.686746987951807,408,408,7,0,401,404,117327,7,0,0,7,4
2020-07-18,US,Michigan,Alpena,125,13,0,45.03477666,-83.62212411,26007.0,440.06336912515405,10.4,112,125,13,0,112,124,28360,0,0,0,0,1
2020-07-18,US,Michigan,Antrim,28,0,0,44.99690221,-85.15503082,26009.0,120.04801920768308,0.0,28,28,0,0,28,27,23365,0,0,0,0,1
2020-07-18,US,Michigan,Arenac,39,3,0,44.0636262,-83.89277559,26011.0,262.0439427534771,7.6923076923076925,36,38,2,0,36,38,15041,1,1,0,0,0
2020-07-18,US,Michigan,Baraga,5,0,0,46.6720582,-88.36363591,26013.0,60.9087586794981,0.0,5,5,0,0,5,5,8320,0,0,0,0,0
2020-07-18,US,Michigan,Barry,149,2,0,42.59513984,-85.30834519,26015.0,242.0796100731113,1.342281879194631,147,146,2,0,144,145,61157,3,0,0,3,1
2020-07-18,US,Michigan,Bay,468,31,0,43.70639106,-83.98731479,26017.0,453.8137811996975,6.623931623931624,437,462,31,0,431,455,103923,6,0,0,6,7
2020-07-18,US,Michigan,Benzie,21,1,0,44.63899297,-86.01608482,26019.0,118.20330969267141,4.761904761904762,20,20,1,0,19,17,17753,1,0,0,1,3
2020-07-18,US,Michigan,Berrien,1098,61,0,41.95447397,-86.41313079999998,26021.0,715.7710836304848,5.5555555555555545,1037,1078,61,0,1017,1053,154141,20,0,0,20,25
2020-07-18,US,Michigan,Branch,293,2,0,41.91600556,-85.05929476,26023.0,673.3000896201485,0.6825938566552902,291,291,2,0,289,289,43622,2,0,0,2,2
2020-07-18,US,Michigan,Calhoun,651,39,0,42.24633834,-85.00493569,26025.0,485.2451195968963,5.990783410138249,612,642,39,0,603,636,134487,9,0,0,9,6
2020-07-18,US,Michigan,Cass,215,7,0,41.91522292,-85.99405727,26027.0,415.1621063201189,3.255813953488372,208,215,7,0,208,210,51653,0,0,0,0,5
2020-07-18,US,Michigan,Charlevoix,40,2,0,45.37790017,-85.19614053,26029.0,153.0046283900088,5.0,38,40,2,0,38,39,26244,0,0,0,0,1
2020-07-18,US,Michigan,Cheboygan,30,2,0,45.44787015,-84.50122149,26031.0,118.68966608640608,6.666666666666668,28,30,2,0,28,29,25413,0,0,0,0,1
2020-07-18,US,Michigan,Chippewa,24,0,0,46.29552653,-84.54353449,26033.0,64.25874856087178,0.0,24,23,0,0,23,23,37517,1,0,0,1,0
2020-07-18,US,Michigan,Clare,38,3,0,43.98794227,-84.84819859999998,26035.0,122.77867528271406,7.894736842105262,35,37,3,0,34,35,30757,1,0,0,1,2
2020-07-18,US,Michigan,Clinton,325,12,0,42.94400871,-84.60145248,26037.0,408.3171053458132,3.692307692307693,313,319,12,0,307,314,79332,6,0,0,6,5
2020-07-18,US,Michigan,Crawford,86,5,0,44.68255561,-84.61006219,26039.0,613.0158956447359,5.813953488372092,81,86,5,0,81,84,13901,0,0,0,0,2
2020-07-18,US,Michigan,Delta,46,3,0,45.90484910000001,-86.9080745,26041.0,128.54907221104403,6.521739130434782,43,43,3,0,40,42,35857,3,0,0,3,1
2020-07-18,US,Michigan,Dickinson,29,2,0,46.00999672,-87.86961634,26043.0,114.9015412655018,6.896551724137932,27,27,2,0,25,27,25383,2,0,0,2,0
2020-07-18,US,Michigan,Eaton,374,7,0,42.59599185,-84.83740035,26045.0,339.1736496535713,1.8716577540106951,367,369,7,0,362,363,109826,5,0,0,5,6
2020-07-18,US,Michigan,Emmet,45,2,0,45.52625509,-84.89083249,26047.0,134.67005835702528,4.4444444444444455,43,45,2,0,43,46,33308,0,0,0,0,-1
2020-07-18,US,Michigan,Federal Correctional Institution (FCI),187,5,0,0.0,0.0,0.0,0.0,2.6737967914438503,182,187,5,0,182,187,,0,0,0,0,0
2020-07-18,US,Michigan,Genesee,3069,292,0,43.02244215,-83.70589709,26049.0,756.2596565413133,9.514499837080482,2777,3028,292,0,2736,3005,406892,41,0,0,41,23
2020-07-18,US,Michigan,Gladwin,29,1,0,43.98901072,-84.38774817,26051.0,113.95339699005855,3.4482758620689653,28,29,1,0,28,29,25337,0,0,0,0,0
2020-07-18,US,Michigan,Gogebic,29,1,0,46.40862701,-89.69377193,26053.0,207.5134168157424,3.4482758620689653,28,21,1,0,20,21,15096,8,0,0,8,0
2020-07-18,US,Michigan,Grand Traverse,123,5,0,44.69565625,-85.55585247,26055.0,132.1330354073565,4.0650406504065035,118,118,5,0,113,114,92573,5,0,0,5,4
2020-07-18,US,Michigan,Gratiot,115,14,0,43.29265605,-84.60505416,26057.0,282.4789368966618,12.173913043478262,101,114,14,0,100,110,40599,1,0,0,1,4
2020-07-18,US,Michigan,Hillsdale,216,25,0,41.88753639,-84.59312019,26059.0,473.6322771625918,11.574074074074074,191,217,25,0,192,215,45749,-1,0,0,-1,2
2020-07-18,US,Michigan,Houghton,33,0,0,46.89988536,-88.68495385,26061.0,92.47842170160295,0.0,33,33,0,0,33,32,36219,0,0,0,0,1
2020-07-18,US,Michigan,Huron,93,3,0,43.83353985,-83.04078453,26063.0,300.1839837319648,3.2258064516129035,90,88,3,0,85,93,31166,5,0,0,5,-5
2020-07-18,US,Michigan,Ingham,1265,29,0,42.59716886,-84.37472069,26065.0,432.61766174428703,2.292490118577075,1236,1257,29,0,1228,1242,292735,8,0,0,8,15
2020-07-18,US,Michigan,Ionia,232,5,0,42.94502238,-85.07413319,26067.0,358.59467981513825,2.155172413793104,227,231,5,0,226,227,64210,1,0,0,1,4
2020-07-18,US,Michigan,Iosco,122,11,0,44.35486835,-83.63484895,26069.0,485.533489871453,9.016393442622949,111,122,11,0,111,122,25081,0,0,0,0,0
2020-07-18,US,Michigan,Iron,9,1,0,46.20974132,-88.53136251,26071.0,81.33020061449484,11.111111111111109,8,8,1,0,7,8,11117,1,0,0,1,0
2020-07-18,US,Michigan,Isabella,182,8,0,43.64060976,-84.84664923,26073.0,260.4762995191207,4.395604395604397,174,178,8,0,170,180,70562,4,0,0,4,-2
2020-07-18,US,Michigan,Jackson,574,32,0,42.24807035,-84.42258681,26075.0,362.1222635795849,5.574912891986064,542,567,32,0,535,565,158823,7,0,0,7,2
2020-07-18,US,Michigan,Kalamazoo,1316,72,0,42.24542231,-85.53038622,26077.0,496.48012193189624,5.47112462006079,1244,1299,72,0,1227,1277,264870,17,0,0,17,22
2020-07-18,US,Michigan,Kalkaska,45,3,0,44.68512729,-85.09085699,26079.0,249.47333407251358,6.666666666666668,42,44,3,0,41,42,17824,1,0,0,1,2
2020-07-18,US,Michigan,Kent,6270,147,0,43.03197711,-85.54934642,26081.0,954.40326963034,2.3444976076555024,6123,6210,146,0,6064,6124,653786,60,1,0,59,86
2020-07-18,US,Michigan,Keweenaw,2,0,0,47.63197653,-88.41434263,26083.0,94.5179584120983,0.0,2,2,0,0,2,2,2113,0,0,0,0,0
2020-07-18,US,Michigan,Lake,13,0,0,43.99050893,-85.802173,26085.0,109.67687505272929,0.0,13,13,0,0,13,13,11881,0,0,0,0,0
2020-07-18,US,Michigan,Lapeer,339,32,0,43.09052506,-83.22153148,26087.0,386.95538027783164,9.43952802359882,307,335,32,0,303,334,88028,4,0,0,4,1
2020-07-18,US,Michigan,Leelanau,50,0,0,44.94430054,-85.80150326,26089.0,229.76885253435043,0.0,50,49,0,0,49,49,21764,1,0,0,1,0
2020-07-18,US,Michigan,Lenawee,308,11,0,41.89475156,-84.06603727,26091.0,312.84598429675674,3.571428571428572,297,299,11,0,288,291,98266,9,0,0,9,8
2020-07-18,US,Michigan,Livingston,664,28,0,42.60302282,-83.91297209,26093.0,345.84233964426164,4.216867469879518,636,656,28,0,628,641,191224,8,0,0,8,15
2020-07-18,US,Michigan,Luce,3,0,0,46.47227431,-85.54471223,26095.0,48.16182372772515,0.0,3,3,0,0,3,3,6283,0,0,0,0,0
2020-07-18,US,Michigan,Mackinac,9,0,0,46.07028979,-85.04980537,26097.0,83.34105009723123,0.0,9,9,0,0,9,9,10787,0,0,0,0,0
2020-07-18,US,Michigan,Macomb,8271,933,0,42.69158356,-82.92752801,26099.0,946.3689912262636,11.280377221617698,7338,8211,932,0,7279,8138,874759,60,1,0,59,73
2020-07-18,US,Michigan,Manistee,28,0,0,44.33352407,-86.05626916,26101.0,114.01579933219317,0.0,28,28,0,0,28,28,24528,0,0,0,0,0
2020-07-18,US,Michigan,Marquette,102,11,0,46.4338914,-87.64043701,26103.0,152.9258309719786,10.784313725490195,91,102,11,0,91,100,66516,0,0,0,0,2
2020-07-18,US,Michigan,Mason,81,0,0,43.99509218,-86.24988902,26105.0,277.93027724402964,0.0,81,81,0,0,81,79,29100,0,0,0,0,2
2020-07-18,US,Michigan,Mecosta,46,2,0,43.64064262,-85.32463223,26107.0,105.86150553471569,4.3478260869565215,44,42,2,0,40,42,43545,4,0,0,4,0
2020-07-18,US,Michigan,Menominee,54,0,0,45.58038692,-87.55370409,26109.0,237.05004389815628,0.0,54,54,0,0,54,53,22983,0,0,0,0,1
2020-07-18,US,Michigan,Michigan Department of Corrections (MDOC),4121,68,0,0.0,0.0,0.0,0.0,1.650084930842029,4053,4120,68,0,4052,4119,,1,0,0,1,1
2020-07-18,US,Michigan,Midland,225,9,0,43.64330771,-84.38804374,26111.0,270.5757852710568,4.0,216,222,9,0,213,217,83209,3,0,0,3,5
2020-07-18,US,Michigan,Missaukee,38,1,0,44.33772443,-85.09256478,26113.0,251.35599947082954,2.631578947368421,37,37,1,0,36,37,15113,1,0,0,1,0
2020-07-18,US,Michigan,Monroe,728,22,0,41.92734151,-83.53749864,26115.0,483.7209302325582,3.021978021978022,706,719,23,0,696,706,150439,9,-1,0,10,13
2020-07-18,US,Michigan,Montcalm,147,1,0,43.31082541,-85.15252824,26117.0,230.09015777610816,0.6802721088435374,146,144,1,0,143,135,63968,3,0,0,3,9
2020-07-18,US,Michigan,Montmorency,7,0,0,45.0275929,-84.12696227,26119.0,75.04288164665523,0.0,7,8,0,0,8,8,9265,-1,0,0,-1,0
2020-07-18,US,Michigan,Muskegon,1016,55,0,43.29123859,-86.15176712,26121.0,585.3681020476361,5.413385826771654,961,998,54,0,944,979,173588,18,1,0,17,19
2020-07-18,US,Michigan,Newaygo,218,0,0,43.554373999999996,-85.80070107,26123.0,445.0796243364638,0.0,218,210,0,0,210,205,48892,8,0,0,8,5
2020-07-18,US,Michigan,Oakland,13329,1114,0,42.66090111,-83.38595416,26125.0,1059.8894387969312,8.35771625778378,12215,13260,1114,0,12146,13171,1259201,69,0,0,69,89
2020-07-18,US,Michigan,Oceana,432,5,0,43.64124435,-86.26726673,26127.0,1632.2212566592361,1.1574074074074074,427,422,5,0,417,417,26625,10,0,0,10,5
2020-07-18,US,Michigan,Ogemaw,48,2,0,44.33481032,-84.12725175,26129.0,228.60408629804257,4.166666666666667,46,48,2,0,46,46,20952,0,0,0,0,2
2020-07-18,US,Michigan,Ontonagon,1,0,0,46.665226200000006,-89.31390481,26131.0,17.482517482517483,0.0,1,1,0,0,1,1,5795,0,0,0,0,0
2020-07-18,US,Michigan,Osceola,61,0,0,43.98992088,-85.32566756,26133.0,260.01705029838024,0.0,61,60,0,0,60,57,23341,1,0,0,1,3
2020-07-18,US,Michigan,Oscoda,23,1,0,44.68192279,-84.12939244,26135.0,279.09234316223757,4.3478260869565215,22,23,1,0,22,23,8276,0,0,0,0,0
2020-07-18,US,Michigan,Otsego,127,10,0,45.02085831,-84.59898295,26137.0,514.8370358359008,7.874015748031495,117,127,10,0,117,127,24665,0,0,0,0,0
2020-07-18,US,Michigan,Ottawa,1426,53,0,42.95996803,-85.9969107,26139.0,488.6406469519927,3.716690042075737,1373,1402,53,0,1349,1384,290494,24,0,0,24,18
2020-07-18,US,Michigan,Out of MI,88,0,0,0.0,0.0,80026.0,0.0,0.0,88,59,0,0,59,84,,29,0,0,29,-25
2020-07-18,US,Michigan,Presque Isle,14,0,0,45.34018577,-83.91498656,26141.0,111.18170266836088,0.0,14,14,0,0,14,14,12738,0,0,0,0,0
2020-07-18,US,Michigan,Roscommon,43,0,0,44.33473082,-84.61067651,26143.0,179.02493859028266,0.0,43,43,0,0,43,41,23884,0,0,0,0,2
2020-07-18,US,Michigan,Saginaw,1552,125,0,43.33433923,-84.05131209999998,26145.0,814.5314082681236,8.054123711340207,1427,1511,125,0,1386,1485,190800,41,0,0,41,26
2020-07-18,US,Michigan,Sanilac,73,6,0,43.42406072,-82.82055898,26151.0,177.31357784794753,8.219178082191782,67,70,6,0,64,60,41182,3,0,0,3,10
2020-07-18,US,Michigan,Schoolcraft,7,0,0,46.19235734,-86.19972234,26153.0,86.48381517173216,0.0,7,7,0,0,7,7,8068,0,0,0,0,0
2020-07-18,US,Michigan,Shiawassee,292,28,0,42.95392800000001,-84.14585902,26155.0,428.6427292211033,9.58904109589041,264,289,28,0,261,288,68192,3,0,0,3,1
2020-07-18,US,Michigan,St. Clair,639,53,0,42.92655373,-82.67937954,26147.0,401.5635211904882,8.294209702660407,586,636,53,0,583,623,159337,3,0,0,3,13
2020-07-18,US,Michigan,St. Joseph,436,6,0,41.91441767,-85.52797979,26149.0,715.1761695426808,1.3761467889908257,430,423,6,0,417,417,61043,13,0,0,13,6
2020-07-18,US,Michigan,Tuscola,248,27,0,43.46606813,-83.41897025,26157.0,474.6865728777874,10.887096774193546,221,247,27,0,220,247,52516,1,0,0,1,0
2020-07-18,US,Michigan,Unassigned,3,0,0,0.0,0.0,90026.0,0.0,0.0,3,10,0,0,10,3,,-7,0,0,-7,7
2020-07-18,US,Michigan,Van Buren,296,9,0,42.25190229,-86.01939087,26159.0,391.13601226264257,3.0405405405405403,287,290,9,0,281,287,75448,6,0,0,6,3
2020-07-18,US,Michigan,Washtenaw,2143,109,0,42.253105,-83.83853204,26161.0,582.9690343606247,5.086327578161456,2034,2084,109,0,1975,2030,370963,59,0,0,59,54
2020-07-18,US,Michigan,Wayne,25051,2780,0,42.28098405,-83.281255,26163.0,1432.0233367612866,11.09736138277913,22271,24915,2774,0,22141,24760,1753893,136,6,0,130,155
2020-07-18,US,Michigan,Wexford,53,4,0,44.33853602,-85.57712739,26165.0,157.59269721388006,7.547169811320754,49,53,4,0,49,53,33466,0,0,0,0,0
2020-07-18,US,Minnesota,Aitkin,18,0,0,46.60962049,-93.41168259999999,27001.0,113.30731461664358,0.0,18,18,0,0,18,18,15902,0,0,0,0,0
2020-07-18,US,Minnesota,Anoka,2604,109,0,45.27476015,-93.24604565,27003.0,729.5732108785977,4.185867895545315,2495,2572,109,0,2463,2534,353813,32,0,0,32,38
2020-07-18,US,Minnesota,Becker,78,0,0,46.93479392,-95.67158144,27005.0,226.59268512331872,0.0,78,77,0,0,77,71,34371,1,0,0,1,6
2020-07-18,US,Minnesota,Beltrami,91,0,0,47.97373527,-94.93732139,27007.0,192.84563872170887,0.0,91,83,0,0,83,71,46847,8,0,0,8,12
2020-07-18,US,Minnesota,Benton,263,3,0,45.69804958,-93.99514135,27009.0,643.2047739000709,1.1406844106463878,260,256,3,0,253,255,40545,7,0,0,7,1
2020-07-18,US,Minnesota,Big Stone,19,0,0,45.42712824,-96.41403739,27011.0,380.6852334201564,0.0,19,18,0,0,18,18,4989,1,0,0,1,0
2020-07-18,US,Minnesota,Blue Earth,658,2,0,44.03554215,-94.06699781,27013.0,972.6102316231356,0.30395136778115506,656,653,2,0,651,639,67427,5,0,0,5,14
2020-07-18,US,Minnesota,Brown,56,2,0,44.24205652,-94.72562874,27015.0,223.9283429302623,3.571428571428572,54,54,2,0,52,53,25111,2,0,0,2,1
2020-07-18,US,Minnesota,Carlton,99,0,0,46.59180601,-92.67601019,27017.0,275.9889604415823,0.0,99,98,0,0,98,96,35837,1,0,0,1,2
2020-07-18,US,Minnesota,Carver,549,2,0,44.82017001,-93.80099179999999,27019.0,522.4143345164575,0.3642987249544625,547,545,2,0,543,533,103551,4,0,0,4,12
2020-07-18,US,Minnesota,Cass,29,2,0,46.95043611,-94.32603968,27021.0,97.38406259444577,6.896551724137932,27,28,2,0,26,26,29519,1,0,0,1,2
2020-07-18,US,Minnesota,Chippewa,84,1,0,45.02343421,-95.56403693,27023.0,711.8644067796611,1.1904761904761905,83,84,1,0,83,83,11924,0,0,0,0,1
2020-07-18,US,Minnesota,Chisago,121,1,0,45.5021011,-92.90861945,27025.0,213.86026617649654,0.8264462809917356,120,119,1,0,118,114,55922,2,0,0,2,5
2020-07-18,US,Minnesota,Clay,658,38,0,46.89289518,-96.48761922,27027.0,1024.5710192768834,5.775075987841946,620,650,38,0,612,638,63955,8,0,0,8,12
2020-07-18,US,Minnesota,Clearwater,14,0,0,47.57992111,-95.37790562,27029.0,158.76616012701294,0.0,14,15,0,0,15,14,8810,-1,0,0,-1,1
2020-07-18,US,Minnesota,Cook,1,0,0,47.90504893,-90.52629546,27031.0,18.304960644334614,0.0,1,1,0,0,1,1,5393,0,0,0,0,0
2020-07-18,US,Minnesota,Cottonwood,146,0,0,44.00715262,-95.18138802,27033.0,1304.0371561271886,0.0,146,146,0,0,146,146,11277,0,0,0,0,0
2020-07-18,US,Minnesota,Crow Wing,128,12,0,46.48096553,-94.06755609,27035.0,196.7565905772039,9.375,116,127,12,0,115,122,64889,1,0,0,1,5
2020-07-18,US,Minnesota,Dakota,2979,100,0,44.67172617,-93.06299363,27037.0,694.3716041872076,3.3568311513930853,2879,2952,100,0,2852,2912,425423,27,0,0,27,40
2020-07-18,US,Minnesota,Dodge,111,0,0,44.02238415,-92.86244324,27039.0,530.237890513041,0.0,111,111,0,0,111,107,20822,0,0,0,0,4
2020-07-18,US,Minnesota,Douglas,99,0,0,45.93348491,-95.45335469,27041.0,259.56319970635275,0.0,99,94,0,0,94,91,37964,5,0,0,5,3
2020-07-18,US,Minnesota,Faribault,70,0,0,43.67381499,-93.94787458,27043.0,512.7078297810006,0.0,70,69,0,0,69,67,13758,1,0,0,1,2
2020-07-18,US,Minnesota,Fillmore,44,0,0,43.67394126,-92.08980382,27045.0,208.8574547871078,0.0,44,43,0,0,43,40,21058,1,0,0,1,3
2020-07-18,US,Minnesota,Freeborn,323,1,0,43.67385583,-93.34884422,27047.0,1066.675473068921,0.30959752321981426,322,322,1,0,321,317,30444,1,0,0,1,5
2020-07-18,US,Minnesota,Goodhue,147,8,0,44.40849741,-92.72341949999999,27049.0,317.2205438066465,5.442176870748299,139,146,8,0,138,146,46403,1,0,0,1,0
2020-07-18,US,Minnesota,Grant,33,1,0,45.93424769,-96.01139609,27051.0,552.5787006028131,3.0303030303030303,32,32,1,0,31,32,6021,1,0,0,1,0
2020-07-18,US,Minnesota,Hennepin,14495,801,0,45.00761521,-93.47694895,27053.0,1145.086712965194,5.5260434632631945,13694,14348,798,0,13550,14125,1259428,147,3,0,144,223
2020-07-18,US,Minnesota,Houston,33,0,0,43.67129565,-91.49143057,27055.0,177.41935483870967,0.0,33,33,0,0,33,33,18578,0,0,0,0,0
2020-07-18,US,Minnesota,Hubbard,12,0,0,47.10778564,-94.91693868,27057.0,55.837327253268825,0.0,12,12,0,0,12,12,21332,0,0,0,0,0
2020-07-18,US,Minnesota,Isanti,93,0,0,45.56181234,-93.29487636,27059.0,229.08660951817916,0.0,93,90,0,0,90,87,39966,3,0,0,3,3
2020-07-18,US,Minnesota,Itasca,96,12,0,47.51009045,-93.63092229,27061.0,212.71881231996448,12.5,84,91,12,0,79,86,45108,5,0,0,5,5
2020-07-18,US,Minnesota,Jackson,61,0,0,43.67423373,-95.15398258,27063.0,619.5409303270363,0.0,61,61,0,0,61,60,9911,0,0,0,0,1
2020-07-18,US,Minnesota,Kanabec,19,1,0,45.9459309,-93.29275192,27065.0,116.3004223541654,5.2631578947368425,18,19,1,0,18,18,16207,0,0,0,0,1
2020-07-18,US,Minnesota,Kandiyohi,610,1,0,45.1526059,-95.00586446,27067.0,1412.0697238362,0.16393442622950818,609,610,1,0,609,601,42855,0,0,0,0,9
2020-07-18,US,Minnesota,Kittson,2,0,0,48.77754106,-96.78317184,27069.0,46.533271288971605,0.0,2,2,0,0,2,2,4248,0,0,0,0,0
2020-07-18,US,Minnesota,Koochiching,31,2,0,48.24539665,-93.78352843,27071.0,253.49578869899415,6.451612903225807,29,31,2,0,29,29,12440,0,0,0,0,2
2020-07-18,US,Minnesota,Lac qui Parle,6,0,0,44.9973857,-96.17488219,27073.0,90.59338668277216,0.0,6,6,0,0,6,6,6658,0,0,0,0,0
2020-07-18,US,Minnesota,Lake,12,0,0,47.64270764,-91.44557998,27075.0,112.7713560755568,0.0,12,12,0,0,12,12,10658,0,0,0,0,0
2020-07-18,US,Minnesota,Le Sueur,150,1,0,44.37136597,-93.72844721,27079.0,519.2647211548448,0.6666666666666666,149,148,1,0,147,144,28494,2,0,0,2,4
2020-07-18,US,Minnesota,Lincoln,40,0,0,44.41311883,-96.26688165,27081.0,709.3456286575635,0.0,40,38,0,0,38,37,5673,2,0,0,2,1
2020-07-18,US,Minnesota,Lyon,376,3,0,44.41327865,-95.83806103,27083.0,1476.0147601476017,0.7978723404255319,373,371,3,0,368,369,25629,5,0,0,5,2
2020-07-18,US,Minnesota,Mahnomen,16,1,0,47.32557075,-95.80921485,27087.0,289.4879681563235,6.25,15,16,1,0,15,15,5519,0,0,0,0,1
2020-07-18,US,Minnesota,Marshall,20,0,0,48.35825983,-96.37017407,27089.0,214.22450728363324,0.0,20,20,0,0,20,17,9390,0,0,0,0,3
2020-07-18,US,Minnesota,Martin,181,5,0,43.67429718,-94.55099908,27091.0,919.5752679977644,2.7624309392265194,176,181,5,0,176,179,19785,0,0,0,0,2
2020-07-18,US,Minnesota,McLeod,111,0,0,44.82367677,-94.27287017,27085.0,309.2525004875602,0.0,111,107,0,0,107,104,35873,4,0,0,4,3
2020-07-18,US,Minnesota,Meeker,69,1,0,45.12328869,-94.52839455,27093.0,297.1320299715787,1.4492753623188406,68,69,1,0,68,68,23141,0,0,0,0,1
2020-07-18,US,Minnesota,Mille Lacs,44,2,0,45.93705297,-93.63236823,27095.0,167.44681660767972,4.545454545454546,42,42,2,0,40,41,26139,2,0,0,2,1
2020-07-18,US,Minnesota,Morrison,72,1,0,46.01265363,-94.27341528,27097.0,215.65925837177258,1.3888888888888888,71,70,1,0,69,70,33169,2,0,0,2,0
2020-07-18,US,Minnesota,Mower,1002,2,0,43.67142874,-92.75234549,27099.0,2501.123258948629,0.1996007984031936,1000,999,2,0,997,996,40011,3,0,0,3,3
2020-07-18,US,Minnesota,Murray,93,0,0,44.02216709,-95.76328482,27101.0,1134.976812301684,0.0,93,91,0,0,91,89,8276,2,0,0,2,2
2020-07-18,US,Minnesota,Nicollet,220,13,0,44.35291112,-94.24710352,27103.0,641.8859777090506,5.909090909090909,207,218,13,0,205,219,34220,2,0,0,2,-1
2020-07-18,US,Minnesota,Nobles,1704,6,0,43.67434621,-95.75329576,27105.0,7878.311526191687,0.35211267605633795,1698,1702,6,0,1696,1698,21924,2,0,0,2,4
2020-07-18,US,Minnesota,Norman,22,0,0,47.32628443,-96.45620947,27107.0,345.09803921568636,0.0,22,22,0,0,22,22,6475,0,0,0,0,0
2020-07-18,US,Minnesota,Olmsted,1388,20,0,44.00374114,-92.40209944,27109.0,876.8549462073497,1.4409221902017288,1368,1379,20,0,1359,1353,156277,9,0,0,9,26
2020-07-18,US,Minnesota,Otter Tail,130,1,0,46.40846929,-95.70835255,27111.0,221.2916624110577,0.7692307692307693,129,130,1,0,129,123,58812,0,0,0,0,7
2020-07-18,US,Minnesota,Pennington,58,0,0,48.06642577,-96.0370814,27113.0,410.7939655782988,0.0,58,58,0,0,58,55,14178,0,0,0,0,3
2020-07-18,US,Minnesota,Pine,115,0,0,46.12105238,-92.74070188,27115.0,388.7893437912032,0.0,115,115,0,0,115,115,29483,0,0,0,0,0
2020-07-18,US,Minnesota,Pipestone,110,5,0,44.02301619,-96.25841142,27117.0,1205.347359193513,4.545454545454546,105,108,5,0,103,103,9047,2,0,0,2,5
2020-07-18,US,Minnesota,Polk,94,3,0,47.77372465,-96.40134647,27119.0,299.7066700675934,3.191489361702128,91,93,3,0,90,91,31529,1,0,0,1,2
2020-07-18,US,Minnesota,Pope,24,0,0,45.58606667,-95.44451209,27121.0,213.35229798204284,0.0,24,24,0,0,24,19,11097,0,0,0,0,5
2020-07-18,US,Minnesota,Ramsey,5585,247,0,45.01625271,-93.09872295,27123.0,1014.8622349501472,4.422560429722472,5338,5534,246,0,5288,5470,550210,51,1,0,50,64
2020-07-18,US,Minnesota,Red Lake,5,0,0,47.87197525,-96.09561104,27125.0,123.30456226880396,0.0,5,5,0,0,5,5,3999,0,0,0,0,0
2020-07-18,US,Minnesota,Redwood,26,0,0,44.40555844,-95.25207021,27127.0,171.3909030982202,0.0,26,26,0,0,26,26,15249,0,0,0,0,0
2020-07-18,US,Minnesota,Renville,44,4,0,44.72836381,-94.94553734,27129.0,302.4470717624416,9.090909090909092,40,42,3,0,39,37,14612,2,1,0,1,5
2020-07-18,US,Minnesota,Rice,912,8,0,44.3543376,-93.29658715,27131.0,1361.763124888013,0.8771929824561403,904,910,8,0,902,905,66523,2,0,0,2,5
2020-07-18,US,Minnesota,Rock,40,0,0,43.67482683,-96.25296832,27133.0,429.41492216854516,0.0,40,37,0,0,37,36,9414,3,0,0,3,1
2020-07-18,US,Minnesota,Roseau,30,0,0,48.77501878,-95.81079919,27135.0,197.8239366963403,0.0,30,31,0,0,31,30,15150,-1,0,0,-1,1
2020-07-18,US,Minnesota,Scott,986,7,0,44.6490231,-93.53340251,27139.0,661.6872353418829,0.7099391480730223,979,977,7,0,970,965,147381,9,0,0,9,12
2020-07-18,US,Minnesota,Sherburne,413,5,0,45.44447208,-93.77617511,27141.0,424.7310722145663,1.2106537530266344,408,406,5,0,401,400,96036,7,0,0,7,6
2020-07-18,US,Minnesota,Sibley,64,2,0,44.5796592,-94.23164924,27143.0,430.54154053144964,3.125,62,63,2,0,61,62,15028,1,0,0,1,1
2020-07-18,US,Minnesota,St. Louis,278,16,0,47.604840700000004,-92.46879855,27137.0,139.64936956849348,5.755395683453237,262,268,16,0,252,254,199754,10,0,0,10,14
2020-07-18,US,Minnesota,Stearns,2631,19,0,45.55192576,-94.61078221,27145.0,1633.4005897873662,0.7221588749524895,2612,2615,19,0,2596,2596,159256,16,0,0,16,19
2020-07-18,US,Minnesota,Steele,276,1,0,44.02240351,-93.22627088,27147.0,753.0901252421621,0.3623188405797101,275,273,1,0,272,274,36803,3,0,0,3,-1
2020-07-18,US,Minnesota,Stevens,13,0,0,45.58613007,-96.00163705,27149.0,132.58541560428353,0.0,13,13,0,0,13,13,9753,0,0,0,0,0
2020-07-18,US,Minnesota,Swift,43,1,0,45.2829032,-95.68264092,27151.0,464.06216274552116,2.3255813953488373,42,43,1,0,42,40,9345,0,0,0,0,3
2020-07-18,US,Minnesota,Todd,406,2,0,46.06996226,-94.89785296,27153.0,1646.123905287058,0.4926108374384237,404,405,2,0,403,405,24582,1,0,0,1,0
2020-07-18,US,Minnesota,Traverse,9,0,0,45.77298854,-96.47062949,27155.0,276.15833077631174,0.0,9,9,0,0,9,8,3308,0,0,0,0,1
2020-07-18,US,Minnesota,Unassigned,89,40,0,0.0,0.0,90027.0,0.0,44.943820224719104,49,85,40,0,45,91,,4,0,0,4,-6
2020-07-18,US,Minnesota,Wabasha,50,0,0,44.28424356,-92.23121312,27157.0,231.19249086789662,0.0,50,50,0,0,50,49,21645,0,0,0,0,1
2020-07-18,US,Minnesota,Wadena,18,0,0,46.58589171,-94.96968506,27159.0,131.5597134921795,0.0,18,18,0,0,18,18,13773,0,0,0,0,0
2020-07-18,US,Minnesota,Waseca,87,0,0,44.02211116,-93.58720034,27161.0,467.44036105738235,0.0,87,86,0,0,86,83,18691,1,0,0,1,3
2020-07-18,US,Minnesota,Washington,1422,40,0,45.03864533,-92.88429635,27163.0,541.838134430727,2.8129395218002813,1382,1402,40,0,1362,1369,259201,20,0,0,20,33
2020-07-18,US,Minnesota,Watonwan,275,0,0,43.97823903,-94.61413846,27165.0,2523.6303569789848,0.0,275,276,0,0,276,272,10980,-1,0,0,-1,4
2020-07-18,US,Minnesota,Wilkin,23,3,0,46.35721532,-96.4684375,27167.0,370.54937973256006,13.043478260869565,20,23,3,0,20,23,6254,0,0,0,0,0
2020-07-18,US,Minnesota,Winona,181,16,0,43.98772283,-91.78081305,27169.0,358.52943506853654,8.839779005524862,165,167,16,0,151,163,50825,14,0,0,14,4
2020-07-18,US,Minnesota,Wright,598,4,0,45.17297924,-93.96234781,27171.0,432.15274214645484,0.6688963210702341,594,585,4,0,581,576,136349,13,0,0,13,9
2020-07-18,US,Minnesota,Yellow Medicine,35,0,0,44.71710183,-95.86842453,27173.0,360.4902667627975,0.0,35,35,0,0,35,35,9795,0,0,0,0,0
2020-07-18,US,Mississippi,Adams,402,21,0,31.47669768,-91.35326037,28001.0,1309.7448929723396,5.223880597014926,381,401,21,0,380,393,31192,1,0,0,1,8
2020-07-18,US,Mississippi,Alcorn,143,2,0,34.88084463,-88.57996173,28003.0,386.978053202717,1.3986013986013983,141,136,2,0,134,128,36925,7,0,0,7,8
2020-07-18,US,Mississippi,Amite,134,4,0,31.17467303,-90.80501621,28005.0,1089.696673985525,2.985074626865672,130,131,3,0,128,127,12326,3,1,0,2,4
2020-07-18,US,Mississippi,Attala,403,23,0,33.08658803,-89.57838564,28007.0,2217.453505007153,5.707196029776674,380,405,24,0,381,403,18365,-2,-1,0,-1,2
2020-07-18,US,Mississippi,Benton,75,0,0,34.81681228,-89.18945516,28009.0,908.1002542680712,0.0,75,67,0,0,67,63,8271,8,0,0,8,4
2020-07-18,US,Mississippi,Bolivar,542,18,0,33.79696941,-90.87372121,28011.0,1769.622567585216,3.3210332103321027,524,524,18,0,506,500,31333,18,0,0,18,24
2020-07-18,US,Mississippi,Calhoun,225,5,0,33.93683395,-89.33686647,28013.0,1566.743263003969,2.2222222222222223,220,202,5,0,197,194,14436,23,0,0,23,8
2020-07-18,US,Mississippi,Carroll,216,11,0,33.44834567,-89.91994479,28015.0,2171.5089976877453,5.092592592592593,205,200,11,0,189,199,9911,16,0,0,16,1
2020-07-18,US,Mississippi,Chickasaw,326,19,0,33.91983202,-88.9481545,28017.0,1906.0983453195347,5.828220858895706,307,337,19,0,318,331,17171,-11,0,0,-11,6
2020-07-18,US,Mississippi,Choctaw,89,4,0,33.34598242,-89.24809382,28019.0,1084.0438489646772,4.49438202247191,85,82,4,0,78,80,8278,7,0,0,7,2
2020-07-18,US,Mississippi,Claiborne,330,11,0,31.97061673,-90.90702196,28021.0,3671.5620827770363,3.333333333333333,319,328,12,0,316,327,9002,2,-1,0,3,1
2020-07-18,US,Mississippi,Clarke,249,25,0,32.04158545,-88.68896219999998,28023.0,1602.2134997747892,10.040160642570283,224,250,25,0,225,247,15604,-1,0,0,-1,3
2020-07-18,US,Mississippi,Clay,289,12,0,33.65358105,-88.77784255,28025.0,1496.1689790846967,4.1522491349480966,277,285,12,0,273,281,19386,4,0,0,4,4
2020-07-18,US,Mississippi,Coahoma,285,7,0,34.22772299,-90.60415045,28027.0,1288.19381666968,2.456140350877193,278,276,7,0,269,257,22628,9,0,0,9,19
2020-07-18,US,Mississippi,Copiah,727,19,0,31.86977774,-90.44565118,28029.0,2590.415107785498,2.6134800550206325,708,713,18,0,695,704,28543,14,1,0,13,9
2020-07-18,US,Mississippi,Covington,458,6,0,31.63225413,-89.55389939,28031.0,2457.608928954711,1.310043668122271,452,487,5,0,482,483,18853,-29,1,0,-30,4
2020-07-18,US,Mississippi,DeSoto,2265,20,0,34.87625235,-89.99091418,28033.0,1224.6884208818838,0.8830022075055187,2245,2220,20,0,2200,2171,182001,45,0,0,45,49
2020-07-18,US,Mississippi,Forrest,1140,45,0,31.18961454,-89.25832496,28035.0,1522.0903373966917,3.947368421052632,1095,1162,45,0,1117,1140,75036,-22,0,0,-22,22
2020-07-18,US,Mississippi,Franklin,60,2,0,31.47786634,-90.89672989,28037.0,777.9074290159471,3.333333333333333,58,67,2,0,65,65,7788,-7,0,0,-7,2
2020-07-18,US,Mississippi,George,151,3,0,30.86259065,-88.64436789,28039.0,616.3265306122447,1.9867549668874167,148,154,3,0,151,139,24250,-3,0,0,-3,15
2020-07-18,US,Mississippi,Greene,152,10,0,31.21444233,-88.63922281,28041.0,1118.7987634329456,6.578947368421053,142,139,10,0,129,134,13586,13,0,0,13,5
2020-07-18,US,Mississippi,Grenada,691,14,0,33.77036166,-89.80245083,28043.0,3328.837074862703,2.0260492040520983,677,678,14,0,664,664,21055,13,0,0,13,14
2020-07-18,US,Mississippi,Hancock,187,14,0,30.41830223,-89.48851033,28045.0,392.5932146456164,7.4866310160427805,173,180,14,0,166,172,47334,7,0,0,7,8
2020-07-18,US,Mississippi,Harrison,1356,18,0,30.51359752,-89.12467576,28047.0,651.6724336793541,1.327433628318584,1338,1370,18,0,1352,1305,206650,-14,0,0,-14,65
2020-07-18,US,Mississippi,Hinds,3520,69,0,32.2656285,-90.44435448,28049.0,1518.288474810214,1.9602272727272727,3451,3418,66,0,3352,3317,237085,102,3,0,99,101
2020-07-18,US,Mississippi,Holmes,631,43,0,33.12345854,-90.08923538,28051.0,3709.582598471488,6.814580031695721,588,639,43,0,596,633,17622,-8,0,0,-8,6
2020-07-18,US,Mississippi,Humphreys,202,10,0,33.12825718,-90.52252707,28053.0,2504.9603174603176,4.950495049504951,192,192,10,0,182,188,8257,10,0,0,10,4
2020-07-18,US,Mississippi,Issaquena,14,1,0,32.72531359,-90.97392828,28055.0,1055.0113036925397,7.142857142857142,13,12,1,0,11,11,1308,2,0,0,2,1
2020-07-18,US,Mississippi,Itawamba,177,8,0,34.27993475,-88.3606733,28057.0,756.7336468576317,4.519774011299434,169,177,8,0,169,170,23517,0,0,0,0,7
2020-07-18,US,Mississippi,Jackson,1018,20,0,30.54020656,-88.64184064,28059.0,708.8297346414423,1.9646365422396856,998,900,20,0,880,874,143277,118,0,0,118,26
2020-07-18,US,Mississippi,Jasper,287,6,0,32.01922104,-89.11786866,28061.0,1751.8159067325887,2.0905923344947737,281,307,6,0,301,305,16428,-20,0,0,-20,2
2020-07-18,US,Mississippi,Jefferson,138,3,0,31.73397872,-91.03764977,28063.0,1974.2489270386263,2.1739130434782608,135,142,3,0,139,139,7106,-4,0,0,-4,3
2020-07-18,US,Mississippi,Jefferson Davis,146,4,0,31.56884708,-89.82670990000004,28065.0,1312.0057512580875,2.7397260273972597,142,137,4,0,133,132,11234,9,0,0,9,5
2020-07-18,US,Mississippi,Jones,1342,52,0,31.62257767,-89.16896899999998,28067.0,1970.6893007136773,3.8748137108792853,1290,1302,52,0,1250,1284,68461,40,0,0,40,18
2020-07-18,US,Mississippi,Kemper,194,15,0,32.75462946,-88.64105766,28069.0,1991.3775405460888,7.731958762886598,179,190,14,0,176,190,10027,4,1,0,3,0
2020-07-18,US,Mississippi,Lafayette,577,4,0,34.35687874,-89.48490961,28071.0,1068.1426905348121,0.6932409012131716,573,560,4,0,556,548,54793,17,0,0,17,12
2020-07-18,US,Mississippi,Lamar,759,8,0,31.20572971,-89.5077704,28073.0,1198.2381636487062,1.0540184453227932,751,702,8,0,694,668,62447,57,0,0,57,34
2020-07-18,US,Mississippi,Lauderdale,1054,83,0,32.40419769,-88.66229662,28075.0,1421.9224283305227,7.874762808349147,971,1024,83,0,941,1016,75317,30,0,0,30,8
2020-07-18,US,Mississippi,Lawrence,203,2,0,31.55147224,-90.10841127,28077.0,1612.9032258064515,0.9852216748768472,201,225,2,0,223,226,12455,-22,0,0,-22,-1
2020-07-18,US,Mississippi,Leake,677,21,0,32.7536828,-89.52402044,28079.0,2971.1226191521114,3.10192023633678,656,675,20,0,655,670,22763,2,1,0,1,5
2020-07-18,US,Mississippi,Lee,747,24,0,34.291877500000005,-88.68149954,28081.0,874.3386862680838,3.21285140562249,723,728,23,0,705,695,85202,19,1,0,18,33
2020-07-18,US,Mississippi,Leflore,628,56,0,33.55545125,-90.29900733,28083.0,2228.2936522016817,8.917197452229301,572,612,56,0,556,601,28919,16,0,0,16,11
2020-07-18,US,Mississippi,Lincoln,590,35,0,31.53288662,-90.45391915,28085.0,1727.5202764032442,5.932203389830509,555,570,36,0,534,561,34205,20,-1,0,21,9
2020-07-18,US,Mississippi,Lowndes,629,17,0,33.47386518,-88.44191529999998,28087.0,1073.4704326307706,2.702702702702702,612,608,17,0,591,597,58930,21,0,0,21,11
2020-07-18,US,Mississippi,Madison,1681,44,0,32.63389156,-90.03513564,28089.0,1581.79012345679,2.6174895895300416,1637,1657,43,0,1614,1630,105630,24,1,0,23,27
2020-07-18,US,Mississippi,Marion,383,12,0,31.23132643,-89.8209217,28091.0,1558.621250966508,3.133159268929504,371,381,12,0,369,372,24715,2,0,0,2,9
2020-07-18,US,Mississippi,Marshall,370,4,0,34.76216286,-89.50299462,28093.0,1048.336827789426,1.0810810810810811,366,334,4,0,330,324,35451,36,0,0,36,10
2020-07-18,US,Mississippi,Monroe,507,43,0,33.89236763,-88.4808438,28095.0,1438.2162714172243,8.481262327416173,464,506,42,0,464,494,35564,1,1,0,0,12
2020-07-18,US,Mississippi,Montgomery,213,3,0,33.49419589,-89.61729103,28097.0,2179.0281329923278,1.4084507042253518,210,209,3,0,206,204,10023,4,0,0,4,5
2020-07-18,US,Mississippi,Neshoba,1065,81,0,32.75339664,-89.11726492,28099.0,3657.5314238615288,7.605633802816901,984,1071,81,0,990,1067,29125,-6,0,0,-6,4
2020-07-18,US,Mississippi,Newton,416,10,0,32.40021118,-89.11843336,28101.0,1979.2558759158815,2.4038461538461537,406,408,11,0,397,390,21443,8,-1,0,9,18
2020-07-18,US,Mississippi,Noxubee,303,10,0,33.11009499,-88.56949061,28103.0,2908.706921378516,3.3003300330033003,293,297,10,0,287,295,10535,6,0,0,6,2
2020-07-18,US,Mississippi,Oktibbeha,689,28,0,33.42491685,-88.87905132,28105.0,1389.4770806864706,4.063860667634253,661,662,28,0,634,650,49599,27,0,0,27,12
2020-07-18,US,Mississippi,Panola,549,6,0,34.36398677,-89.95064249,28107.0,1605.638745905475,1.0928961748633879,543,551,6,0,545,531,34178,-2,0,0,-2,20
2020-07-18,US,Mississippi,Pearl River,355,32,0,30.77090935,-89.58677275,28109.0,639.2365175114793,9.014084507042254,323,346,32,0,314,331,55387,9,0,0,9,15
2020-07-18,US,Mississippi,Perry,108,5,0,31.17161885,-88.99281835,28111.0,902.0295665246804,4.62962962962963,103,111,4,0,107,105,11931,-3,1,0,-4,6
2020-07-18,US,Mississippi,Pike,576,25,0,31.17507789,-90.40392572,28113.0,1466.0965180207693,4.340277777777779,551,562,25,0,537,553,39563,14,0,0,14,9
2020-07-18,US,Mississippi,Pontotoc,472,6,0,34.226046000000004,-89.03636807,28115.0,1467.0230620998325,1.2711864406779658,466,448,6,0,442,435,31833,24,0,0,24,13
2020-07-18,US,Mississippi,Prentiss,172,6,0,34.61810501,-88.51986294,28117.0,684.5498686619437,3.4883720930232562,166,155,6,0,149,145,25315,17,0,0,17,10
2020-07-18,US,Mississippi,Quitman,121,1,0,34.25157572,-90.28908,28119.0,1781.5076560659604,0.8264462809917356,120,116,1,0,115,114,7051,5,0,0,5,2
2020-07-18,US,Mississippi,Rankin,1402,21,0,32.26469147,-89.94537876,28121.0,902.9374448544804,1.4978601997146932,1381,1322,21,0,1301,1276,153902,80,0,0,80,46
2020-07-18,US,Mississippi,Scott,872,16,0,32.406704100000006,-89.53789439,28123.0,3100.554686388849,1.834862385321101,856,848,16,0,832,847,28287,24,0,0,24,1
2020-07-18,US,Mississippi,Sharkey,63,0,0,32.88149103,-90.8159538,28125.0,1457.9958342976165,0.0,63,58,0,0,58,56,4377,5,0,0,5,2
2020-07-18,US,Mississippi,Simpson,515,5,0,31.91282117,-89.91716179,28127.0,1931.877860304599,0.9708737864077671,510,495,4,0,491,489,26758,20,1,0,19,6
2020-07-18,US,Mississippi,Smith,301,12,0,32.01744532,-89.50644846,28129.0,1891.1786881125906,3.986710963455149,289,273,12,0,261,268,16002,28,0,0,28,5
2020-07-18,US,Mississippi,Stone,98,2,0,30.79187949,-89.11547539,28131.0,534.4677137870855,2.0408163265306123,96,94,2,0,92,88,18717,4,0,0,4,6
2020-07-18,US,Mississippi,Sunflower,632,11,0,33.60192578,-90.58882684,28133.0,2516.925527678216,1.7405063291139242,621,614,11,0,603,600,25735,18,0,0,18,14
2020-07-18,US,Mississippi,Tallahatchie,285,4,0,33.95339918,-90.1729398,28135.0,2063.8713882250704,1.4035087719298245,281,260,4,0,256,247,13987,25,0,0,25,13
2020-07-18,US,Mississippi,Tate,452,17,0,34.65133709,-89.94485778,28137.0,1595.9888422018994,3.761061946902655,435,447,16,0,431,440,28759,5,1,0,4,7
2020-07-18,US,Mississippi,Tippah,181,11,0,34.76872156,-88.90988194,28139.0,822.1667045196457,6.077348066298343,170,180,11,0,169,159,21995,1,0,0,1,21
2020-07-18,US,Mississippi,Tishomingo,151,1,0,34.74023475,-88.23917219,28141.0,779.0331733993705,0.6622516556291391,150,142,1,0,141,137,19454,9,0,0,9,5
2020-07-18,US,Mississippi,Tunica,138,3,0,34.64967704,-90.37481167,28143.0,1432.7242524916946,2.1739130434782608,135,139,3,0,136,132,9944,-1,0,0,-1,7
2020-07-18,US,Mississippi,Union,319,11,0,34.49162015,-89.00776006,28145.0,1107.0622939441264,3.4482758620689653,308,307,11,0,296,282,28606,12,0,0,12,25
2020-07-18,US,Mississippi,Walthall,342,12,0,31.14971548,-90.10446654,28147.0,2393.952120957581,3.5087719298245608,330,310,10,0,300,304,14465,32,2,0,30,6
2020-07-18,US,Mississippi,Warren,686,22,0,32.35810271,-90.83352619,28149.0,1511.6458429739318,3.206997084548105,664,671,22,0,649,649,46176,15,0,0,15,22
2020-07-18,US,Mississippi,Washington,940,17,0,33.28392041,-90.94196237,28151.0,2140.7911817622808,1.8085106382978724,923,918,17,0,901,876,45063,22,0,0,22,42
2020-07-18,US,Mississippi,Wayne,623,20,0,31.64135687,-88.69573913,28153.0,3086.756180944359,3.2102728731942216,603,606,20,0,586,595,20298,17,0,0,17,11
2020-07-18,US,Mississippi,Webster,140,11,0,33.61300486,-89.28392912,28155.0,1444.9375580555268,7.857142857142858,129,142,11,0,131,139,9788,-2,0,0,-2,3
2020-07-18,US,Mississippi,Wilkinson,121,11,0,31.16078225,-91.31018819,28157.0,1402.0857473928158,9.090909090909092,110,111,9,0,102,111,8792,10,2,0,8,0
2020-07-18,US,Mississippi,Winston,340,13,0,33.08747908,-89.03391385,28159.0,1893.6229462545248,3.8235294117647056,327,336,13,0,323,323,18165,4,0,0,4,13
2020-07-18,US,Mississippi,Yalobusha,234,9,0,34.02824175,-89.70762049999998,28161.0,1932.6065411298318,3.8461538461538463,225,231,9,0,222,220,12392,3,0,0,3,11
2020-07-18,US,Mississippi,Yazoo,603,7,0,32.77890365,-90.39656148,28163.0,2030.986864264062,1.1608623548922057,596,597,7,0,590,587,28248,6,0,0,6,10
2020-07-18,US,Missouri,Adair,107,0,0,40.19058551,-92.60078167,29001.0,422.2073156295624,0.0,107,106,0,0,106,105,25339,1,0,0,1,1
2020-07-18,US,Missouri,Andrew,60,1,0,39.98492163,-94.80163024,29003.0,338.7533875338753,1.6666666666666667,59,59,1,0,58,55,17607,1,0,0,1,4
2020-07-18,US,Missouri,Atchison,6,0,0,40.43238737,-95.42970639,29005.0,116.663426015944,0.0,6,6,0,0,6,6,5171,0,0,0,0,0
2020-07-18,US,Missouri,Audrain,155,1,0,39.215877,-91.84242683,29007.0,610.5246573184181,0.6451612903225806,154,152,1,0,151,144,25473,3,0,0,3,8
2020-07-18,US,Missouri,Barry,154,0,0,36.70978521,-93.82919888,29009.0,430.29981279164,0.0,154,147,0,0,147,146,35886,7,0,0,7,1
2020-07-18,US,Missouri,Barton,45,0,0,37.50207671,-94.34757022,29011.0,382.84839203675347,0.0,45,42,0,0,42,41,11798,3,0,0,3,1
2020-07-18,US,Missouri,Bates,17,1,0,38.25271289,-94.34113157,29013.0,105.11996042542671,5.882352941176472,16,17,1,0,16,17,16320,0,0,0,0,0
2020-07-18,US,Missouri,Benton,32,0,0,38.29503305,-93.28756116,29015.0,164.5836547857841,0.0,32,29,0,0,29,29,19278,3,0,0,3,0
2020-07-18,US,Missouri,Bollinger,39,1,0,37.32449052,-90.02725304,29017.0,321.43740212643206,2.5641025641025643,38,33,1,0,32,32,12169,6,0,0,6,1
2020-07-18,US,Missouri,Boone,733,2,0,38.99186229,-92.30723575,29019.0,406.17744357569137,0.2728512960436562,731,701,2,0,699,665,180005,32,0,0,32,36
2020-07-18,US,Missouri,Buchanan,971,6,0,39.65816401,-94.80138942,29021.0,1111.441783801108,0.6179196704428425,965,962,6,0,956,958,88571,9,0,0,9,4
2020-07-18,US,Missouri,Butler,142,0,0,36.71462476,-90.40421163,29023.0,334.2906916521493,0.0,142,133,0,0,133,125,42639,9,0,0,9,8
2020-07-18,US,Missouri,Caldwell,19,1,0,39.65620858,-93.98308093,29025.0,210.6430155210643,5.2631578947368425,18,17,1,0,16,17,9108,2,0,0,2,0
2020-07-18,US,Missouri,Callaway,78,1,0,38.83674754,-91.92186505,29027.0,174.32894530988088,1.2820512820512822,77,78,1,0,77,72,44889,0,0,0,0,6
2020-07-18,US,Missouri,Camden,100,2,0,38.02199522,-92.76083747,29029.0,215.959399632869,2.0,98,91,2,0,89,88,45815,9,0,0,9,3
2020-07-18,US,Missouri,Cape Girardeau,428,3,0,37.38489388,-89.6843587,29031.0,542.6582647614458,0.7009345794392523,425,407,3,0,404,400,78753,21,0,0,21,7
2020-07-18,US,Missouri,Carroll,47,0,0,39.42762566,-93.50626255,29033.0,541.5370434381841,0.0,47,43,0,0,43,42,8743,4,0,0,4,1
2020-07-18,US,Missouri,Carter,8,1,0,36.94160441,-90.96051322,29035.0,133.73453694416582,12.5,7,8,1,0,7,8,6054,0,0,0,0,0
2020-07-18,US,Missouri,Cass,250,8,0,38.64789422,-94.353399,29037.0,236.33957269805256,3.2,242,237,8,0,229,233,104954,13,0,0,13,4
2020-07-18,US,Missouri,Cedar,25,0,0,37.72391475,-93.85445441,29039.0,174.22816921039794,0.0,25,20,0,0,20,16,14165,5,0,0,5,4
2020-07-18,US,Missouri,Chariton,13,0,0,39.51499357,-92.9629191,29041.0,175.06059789927284,0.0,13,11,0,0,11,8,7451,2,0,0,2,3
2020-07-18,US,Missouri,Christian,113,1,0,36.9711783,-93.18537118,29043.0,127.54670128111069,0.8849557522123894,112,104,1,0,103,93,86983,9,0,0,9,11
2020-07-18,US,Missouri,Clark,2,0,0,40.41040752,-91.73661677,29045.0,29.424746211563924,0.0,2,2,0,0,2,2,6842,0,0,0,0,0
2020-07-18,US,Missouri,Clay,617,13,0,39.31132056,-94.41850862,29047.0,246.85134507977662,2.1069692058346843,604,607,13,0,594,597,246365,10,0,0,10,10
2020-07-18,US,Missouri,Clinton,38,0,0,39.6013098,-94.40465394,29049.0,186.39328984156572,0.0,38,38,0,0,38,36,20470,0,0,0,0,2
2020-07-18,US,Missouri,Cole,158,2,0,38.50455671,-92.27860244,29051.0,205.87660433904492,1.2658227848101269,156,143,2,0,141,133,76796,15,0,0,15,10
2020-07-18,US,Missouri,Cooper,33,0,0,38.844478,-92.80896081,29053.0,186.34592580044045,0.0,33,32,0,0,32,32,17603,1,0,0,1,0
2020-07-18,US,Missouri,Crawford,28,0,0,37.97663738,-91.30528104,29055.0,117.05685618729099,0.0,28,27,0,0,27,26,23957,1,0,0,1,1
2020-07-18,US,Missouri,Dade,4,0,0,37.431814,-93.8503345,29057.0,52.903055151435005,0.0,4,3,0,0,3,2,7569,1,0,0,1,1
2020-07-18,US,Missouri,Dallas,27,1,0,37.6811355,-93.02127031,29059.0,159.97156061144685,3.703703703703704,26,23,1,0,22,23,16762,4,0,0,4,0
2020-07-18,US,Missouri,Daviess,13,0,0,39.96145298,-93.98519678,29061.0,157.04276395264557,0.0,13,13,0,0,13,12,8313,0,0,0,0,1
2020-07-18,US,Missouri,DeKalb,20,1,0,39.89201062,-94.40476508,29063.0,159.40065354267955,5.0,19,20,0,0,20,19,12630,0,1,0,-1,1
2020-07-18,US,Missouri,Dent,10,0,0,37.60663134,-91.50790473,29065.0,64.21370320426381,0.0,10,9,0,0,9,9,15441,1,0,0,1,0
2020-07-18,US,Missouri,Douglas,22,1,0,36.9325593,-92.49905109,29067.0,166.85627607129314,4.545454545454546,21,22,0,0,22,21,13373,0,1,0,-1,1
2020-07-18,US,Missouri,Dunklin,146,3,0,36.27167174,-90.09122243,29069.0,501.1843053791494,2.054794520547945,143,146,3,0,143,138,29423,0,0,0,0,8
2020-07-18,US,Missouri,Franklin,348,18,0,38.41127108,-91.07522826,29071.0,334.721594352054,5.172413793103448,330,337,18,0,319,324,103670,11,0,0,11,13
2020-07-18,US,Missouri,Gasconade,18,0,0,38.43947277,-91.50847147,29073.0,122.39902080783354,0.0,18,18,0,0,18,18,14705,0,0,0,0,0
2020-07-18,US,Missouri,Gentry,70,9,0,40.21097916,-94.40944419,29075.0,1065.286866534774,12.857142857142858,61,69,9,0,60,68,6628,1,0,0,1,1
2020-07-18,US,Missouri,Greene,596,9,0,37.2575872,-93.34230916,29077.0,203.35328197184444,1.5100671140939597,587,575,9,0,566,546,291923,21,0,0,21,29
2020-07-18,US,Missouri,Grundy,22,1,0,40.11406587,-93.56509276,29079.0,223.35025380710653,4.545454545454546,21,22,1,0,21,22,9914,0,0,0,0,0
2020-07-18,US,Missouri,Harrison,35,1,0,40.35570088,-93.99222144,29081.0,419.06130268199234,2.8571428571428568,34,34,1,0,33,34,8414,1,0,0,1,0
2020-07-18,US,Missouri,Henry,40,3,0,38.38482826,-93.79293734,29083.0,183.28445747800583,7.5,37,35,3,0,32,31,21792,5,0,0,5,4
2020-07-18,US,Missouri,Hickory,2,0,0,37.94163617,-93.3203037,29085.0,20.955574182732608,0.0,2,2,0,0,2,2,9509,0,0,0,0,0
2020-07-18,US,Missouri,Holt,1,0,0,40.09799248,-95.2163888,29087.0,22.71178741766977,0.0,1,1,0,0,1,1,4404,0,0,0,0,0
2020-07-18,US,Missouri,Howard,12,0,0,39.1435761,-92.69756691,29089.0,119.98800119988,0.0,12,11,0,0,11,8,10137,1,0,0,1,3
2020-07-18,US,Missouri,Howell,62,0,0,36.77383887,-91.88683935,29091.0,154.54794725428124,0.0,62,58,0,0,58,56,40076,4,0,0,4,2
2020-07-18,US,Missouri,Iron,3,0,0,37.55487945,-90.7735296,29093.0,29.62962962962963,0.0,3,3,0,0,3,3,10177,0,0,0,0,0
2020-07-18,US,Missouri,Jackson,1810,46,0,39.01002188,-94.34724536,29095.0,257.4639657131965,2.541436464088398,1764,1750,46,0,1704,1704,700307,60,0,0,60,46
2020-07-18,US,Missouri,Jasper,1226,18,0,37.20351921,-94.34050458,29097.0,1010.4839773176843,1.4681892332789561,1208,1177,13,0,1164,1119,120636,49,5,0,44,58
2020-07-18,US,Missouri,Jefferson,690,22,0,38.25926778,-90.53870896,29099.0,306.556306396364,3.188405797101449,668,670,22,0,648,643,224347,20,0,0,20,27
2020-07-18,US,Missouri,Johnson,350,1,0,38.74719601,-93.80691168,29101.0,647.4048314897709,0.2857142857142857,349,322,1,0,321,296,53652,28,0,0,28,26
2020-07-18,US,Missouri,Kansas City,3564,38,0,39.0997,-94.5786,0.0,728.9193218841458,1.0662177328843996,3526,3454,37,0,3417,3366,491918,110,1,0,109,88
2020-07-18,US,Missouri,Knox,2,0,0,40.12699751,-92.14780832,29103.0,50.51780752715332,0.0,2,2,0,0,2,2,3947,0,0,0,0,0
2020-07-18,US,Missouri,Laclede,134,1,0,37.65896829,-92.5888493,29105.0,375.1084735324581,0.746268656716418,133,128,1,0,127,122,35713,6,0,0,6,6
2020-07-18,US,Missouri,Lafayette,116,2,0,39.06986886,-93.78076396,29107.0,354.65329582976636,1.7241379310344829,114,108,2,0,106,105,32598,8,0,0,8,3
2020-07-18,US,Missouri,Lawrence,87,2,0,37.10626634,-93.83293097,29109.0,226.82831443097385,2.2988505747126435,85,86,2,0,84,81,38359,1,0,0,1,5
2020-07-18,US,Missouri,Lewis,10,1,0,40.09673161,-91.72070156,29111.0,102.291325695581,10.0,9,10,1,0,9,10,9855,0,0,0,0,0
2020-07-18,US,Missouri,Lincoln,144,1,0,39.05345619,-90.95588181,29113.0,244.0140308067714,0.6944444444444444,143,133,1,0,132,128,57686,11,0,0,11,5
2020-07-18,US,Missouri,Linn,21,1,0,39.87001769,-93.10704106,29115.0,176.17449664429532,4.761904761904762,20,21,1,0,20,22,12037,0,0,0,0,-1
2020-07-18,US,Missouri,Livingston,30,0,0,39.78110272,-93.54645978,29117.0,197.01845406186385,0.0,30,28,0,0,28,28,15146,2,0,0,2,0
2020-07-18,US,Missouri,Macon,36,0,0,39.83049768,-92.56453089,29121.0,238.14248858900575,0.0,36,35,0,0,35,32,15153,1,0,0,1,3
2020-07-18,US,Missouri,Madison,9,0,0,37.47865134,-90.3467143,29123.0,74.45400397088021,0.0,9,8,0,0,8,8,12188,1,0,0,1,0
2020-07-18,US,Missouri,Maries,6,0,0,38.16193985,-91.92249662,29125.0,68.98930665746809,0.0,6,6,0,0,6,6,8769,0,0,0,0,0
2020-07-18,US,Missouri,Marion,45,0,0,39.80601912,-91.62203062,29127.0,157.7287066246057,0.0,45,41,0,0,41,39,28592,4,0,0,4,2
2020-07-18,US,Missouri,McDonald,800,1,0,36.62869595,-94.34867205,29119.0,3503.087095502912,0.125,799,782,1,0,781,767,23078,18,0,0,18,15
2020-07-18,US,Missouri,Mercer,8,0,0,40.42212303,-93.5682959,29129.0,221.1777716339508,0.0,8,7,0,0,7,7,3641,1,0,0,1,0
2020-07-18,US,Missouri,Miller,41,0,0,38.21450288,-92.42610898,29131.0,160.03747218861002,0.0,41,35,0,0,35,31,25336,6,0,0,6,4
2020-07-18,US,Missouri,Mississippi,100,0,0,36.82516239,-89.29505753,29133.0,758.7253414264038,0.0,100,99,0,0,99,98,13336,1,0,0,1,1
2020-07-18,US,Missouri,Moniteau,71,2,0,38.63571781,-92.57976951,29135.0,440.1190181006695,2.8169014084507036,69,71,2,0,69,70,16121,0,0,0,0,1
2020-07-18,US,Missouri,Monroe,6,0,0,39.49593978,-92.00043978,29137.0,69.41230911614993,0.0,6,6,0,0,6,6,8664,0,0,0,0,0
2020-07-18,US,Missouri,Montgomery,23,0,0,38.94022054,-91.47000721,29139.0,199.11695957060002,0.0,23,23,0,0,23,23,11534,0,0,0,0,0
2020-07-18,US,Missouri,Morgan,29,0,0,38.4181765,-92.88791859,29141.0,140.5924274009793,0.0,29,28,0,0,28,28,20358,1,0,0,1,0
2020-07-18,US,Missouri,New Madrid,98,1,0,36.59666326,-89.66070007,29143.0,573.9048957601311,1.020408163265306,97,96,1,0,95,88,17296,2,0,0,2,8
2020-07-18,US,Missouri,Newton,638,2,0,36.90519407,-94.3394104,29145.0,1095.5422762552373,0.31347962382445144,636,638,2,0,636,625,58266,0,0,0,0,13
2020-07-18,US,Missouri,Nodaway,29,0,0,40.36079813,-94.88133008,29147.0,131.26923773311606,0.0,29,30,0,0,30,27,22304,-1,0,0,-1,3
2020-07-18,US,Missouri,Oregon,10,0,0,36.68710164,-91.4033755,29149.0,94.97578117580015,0.0,10,10,0,0,10,9,10541,0,0,0,0,1
2020-07-18,US,Missouri,Osage,17,0,0,38.46036182,-91.8613635,29151.0,124.86228424531768,0.0,17,15,0,0,15,15,13714,2,0,0,2,0
2020-07-18,US,Missouri,Ozark,2,0,0,36.64916339,-92.44459066,29153.0,21.80074122520166,0.0,2,2,0,0,2,2,9017,0,0,0,0,0
2020-07-18,US,Missouri,Pemiscot,160,6,0,36.2130572,-89.78742322,29155.0,1012.3378677633659,3.75,154,153,6,0,147,150,16272,7,0,0,7,3
2020-07-18,US,Missouri,Perry,178,3,0,37.70660776,-89.82741088,29157.0,930.1839464882944,1.6853932584269662,175,178,3,0,175,176,19150,0,0,0,0,2
2020-07-18,US,Missouri,Pettis,194,2,0,38.72798918,-93.28471706,29159.0,458.20638182290566,1.0309278350515465,192,187,2,0,185,184,42542,7,0,0,7,3
2020-07-18,US,Missouri,Phelps,53,0,0,37.87736118,-91.79351727,29161.0,118.90606420927469,0.0,53,53,0,0,53,53,44732,0,0,0,0,0
2020-07-18,US,Missouri,Pike,46,1,0,39.34310674,-91.16980779,29163.0,251.33865151349582,2.1739130434782608,45,46,1,0,45,45,18504,0,0,0,0,1
2020-07-18,US,Missouri,Platte,198,6,0,39.38154439,-94.77068479,29165.0,189.6224788829512,3.0303030303030303,192,192,6,0,186,176,102985,6,0,0,6,16
2020-07-18,US,Missouri,Polk,55,0,0,37.6162296,-93.39828174,29167.0,171.07841612491836,0.0,55,26,0,0,26,25,32201,29,0,0,29,1
2020-07-18,US,Missouri,Pulaski,155,1,0,37.82462075,-92.20783203,29169.0,294.6375957572186,0.6451612903225806,154,146,1,0,145,146,52014,9,0,0,9,0
2020-07-18,US,Missouri,Putnam,4,0,0,40.47942497,-93.02042674,29171.0,85.17887563884156,0.0,4,3,0,0,3,3,4757,1,0,0,1,0
2020-07-18,US,Missouri,Ralls,10,0,0,39.52817427,-91.51838643,29173.0,97.00261907071491,0.0,10,10,0,0,10,10,10212,0,0,0,0,0
2020-07-18,US,Missouri,Randolph,21,1,0,39.44007257,-92.4971374,29175.0,84.85534184580573,4.761904761904762,20,21,1,0,20,21,24763,0,0,0,0,0
2020-07-18,US,Missouri,Ray,37,0,0,39.3537468,-93.98905745,29177.0,160.7437657485446,0.0,37,36,0,0,36,32,22883,1,0,0,1,4
2020-07-18,US,Missouri,Reynolds,10,0,0,37.36085952,-90.97009925,29179.0,159.48963317384369,0.0,10,11,0,0,11,11,6254,-1,0,0,-1,0
2020-07-18,US,Missouri,Ripley,24,0,0,36.65460667,-90.85990261,29181.0,180.6140878988561,0.0,24,23,0,0,23,23,13401,1,0,0,1,0
2020-07-18,US,Missouri,Saline,343,5,0,39.13734288,-93.20259964,29195.0,1506.9636659197754,1.4577259475218658,338,328,5,0,323,324,22895,15,0,0,15,4
2020-07-18,US,Missouri,Schuyler,5,0,0,40.46921489,-92.52311943,29197.0,107.2961373390558,0.0,5,5,0,0,5,5,4599,0,0,0,0,0
2020-07-18,US,Missouri,Scotland,11,1,0,40.45214695,-92.14709064,29199.0,224.3982048143615,9.090909090909092,10,11,1,0,10,11,4966,0,0,0,0,0
2020-07-18,US,Missouri,Scott,242,13,0,37.05588075,-89.56474493,29201.0,632.183908045977,5.371900826446281,229,240,13,0,227,237,38458,2,0,0,2,3
2020-07-18,US,Missouri,Shannon,30,0,0,37.15772072,-91.40190382,29203.0,367.3769287288758,0.0,30,29,0,0,29,29,8189,1,0,0,1,0
2020-07-18,US,Missouri,Shelby,6,0,0,39.79742518,-92.07634971,29205.0,101.18043844856659,0.0,6,6,0,0,6,5,6050,0,0,0,0,1
2020-07-18,US,Missouri,St. Charles,1673,79,0,38.77875681,-90.66662425,29183.0,416.14638004885313,4.722056186491333,1594,1581,79,0,1502,1533,399182,92,0,0,92,48
2020-07-18,US,Missouri,St. Clair,10,0,0,38.03699437,-93.77631447,29185.0,106.41694157709908,0.0,10,6,0,0,6,6,9395,4,0,0,4,0
2020-07-18,US,Missouri,St. Francois,188,2,0,37.81214171,-90.47598685,29187.0,279.69947184408244,1.0638297872340423,186,184,2,0,182,179,66692,4,0,0,4,5
2020-07-18,US,Missouri,St. Louis,8862,610,0,38.63770039999999,-90.4458375,29189.0,891.3654628572579,6.883322049198827,8252,8739,607,0,8132,8561,996945,123,3,0,120,178
2020-07-18,US,Missouri,St. Louis City,3339,161,0,38.63555736,-90.24349225,29510.0,1110.867135100607,4.821802935010481,3178,3256,161,0,3095,3194,302838,83,0,0,83,62
2020-07-18,US,Missouri,Ste. Genevieve,27,1,0,37.89090059,-90.1949941,29186.0,150.8885659997765,3.703703703703704,26,26,1,0,25,26,17888,1,0,0,1,0
2020-07-18,US,Missouri,Stoddard,169,9,0,36.85571651,-89.9444155,29207.0,582.2566752799311,5.325443786982248,160,165,9,0,156,163,29206,4,0,0,4,2
2020-07-18,US,Missouri,Stone,37,0,0,36.75000327,-93.45256475,29209.0,115.7986980470706,0.0,37,36,0,0,36,32,31749,1,0,0,1,4
2020-07-18,US,Missouri,Sullivan,122,0,0,40.2099105,-93.11150106,29211.0,2003.6130727541467,0.0,122,122,0,0,122,122,6221,0,0,0,0,0
2020-07-18,US,Missouri,Taney,166,3,0,36.65465345,-93.04075153,29213.0,296.8101845229581,1.8072289156626504,163,155,3,0,152,147,55852,11,0,0,11,8
2020-07-18,US,Missouri,Texas,16,0,0,37.31728859,-91.96564727,29215.0,62.9970863847547,0.0,16,16,0,0,16,13,25571,0,0,0,0,3
2020-07-18,US,Missouri,Vernon,40,0,0,37.8457799,-94.34127305,29217.0,194.52414530953646,0.0,40,38,0,0,38,36,20528,2,0,0,2,2
2020-07-18,US,Missouri,Warren,78,0,0,38.76529479,-91.16124662,29219.0,218.79996633846667,0.0,78,72,0,0,72,68,34711,6,0,0,6,4
2020-07-18,US,Missouri,Washington,39,1,0,37.96130078,-90.87948158,29221.0,157.70319450060654,2.5641025641025643,38,39,1,0,38,38,24943,0,0,0,0,1
2020-07-18,US,Missouri,Wayne,5,0,0,37.11303869,-90.46001416,29223.0,38.84098500737978,0.0,5,5,0,0,5,5,13122,0,0,0,0,0
2020-07-18,US,Missouri,Webster,74,1,0,37.2813734,-92.876329,29225.0,186.90644574661547,1.351351351351351,73,67,1,0,66,62,39109,7,0,0,7,5
2020-07-18,US,Missouri,Worth,4,0,0,40.47945588,-94.42328751,29227.0,198.7083954297069,0.0,4,4,0,0,4,4,2040,0,0,0,0,0
2020-07-18,US,Missouri,Wright,52,0,0,37.27029221,-92.46914488,29229.0,284.3239105473235,0.0,52,49,0,0,49,48,18378,3,0,0,3,1
2020-07-18,US,Montana,Beaverhead,9,0,0,45.13434354,-112.89846940000001,30001.0,95.20787051729609,0.0,9,6,0,0,6,6,9404,3,0,0,3,0
2020-07-18,US,Montana,Big Horn,138,5,0,45.42335905,-107.492347,30003.0,1036.113822359036,3.6231884057971016,133,131,5,0,126,129,13338,7,0,0,7,2
2020-07-18,US,Montana,Blaine,4,0,0,48.43175214,-108.9582723,30005.0,59.8712767549768,0.0,4,4,0,0,4,1,6807,0,0,0,0,3
2020-07-18,US,Montana,Broadwater,9,0,0,46.33277565,-111.49558130000001,30007.0,144.3001443001443,0.0,9,9,0,0,9,9,6085,0,0,0,0,0
2020-07-18,US,Montana,Carbon,41,0,0,45.22850116,-109.0274047,30009.0,382.28438228438233,0.0,41,41,0,0,41,41,10714,0,0,0,0,0
2020-07-18,US,Montana,Cascade,69,2,0,47.30797024,-111.3467922,30013.0,84.80200575178822,2.898550724637681,67,65,2,0,63,59,81643,4,0,0,4,6
2020-07-18,US,Montana,Custer,41,0,0,46.25319932,-105.57375259999998,30017.0,359.5860375372741,0.0,41,40,0,0,40,40,11586,1,0,0,1,0
2020-07-18,US,Montana,Dawson,8,0,0,47.26584855,-104.89444170000002,30021.0,92.88285150354116,0.0,8,8,0,0,8,8,8680,0,0,0,0,0
2020-07-18,US,Montana,Deer Lodge,8,0,0,46.05953325,-113.073353,30023.0,87.527352297593,0.0,8,8,0,0,8,6,9131,0,0,0,0,2
2020-07-18,US,Montana,Fallon,1,0,0,46.33478338,-104.41835649999999,30025.0,35.137034434293746,0.0,1,1,0,0,1,1,2920,0,0,0,0,0
2020-07-18,US,Montana,Fergus,4,0,0,47.26331584,-109.2245206,30027.0,36.199095022624434,0.0,4,4,0,0,4,4,11113,0,0,0,0,0
2020-07-18,US,Montana,Flathead,112,2,0,48.29575866,-114.05205690000001,30029.0,107.89357069918888,1.7857142857142858,110,102,2,0,100,97,102106,10,0,0,10,5
2020-07-18,US,Montana,Gallatin,563,1,0,45.54486106,-111.1692571,30031.0,491.98664732509565,0.17761989342806395,562,544,1,0,543,536,111876,19,0,0,19,8
2020-07-18,US,Montana,Garfield,10,0,0,47.27545948,-107.0002351,30033.0,794.912559618442,0.0,10,9,0,0,9,9,1268,1,0,0,1,0
2020-07-18,US,Montana,Glacier,34,0,0,48.70513576,-112.9934235,30035.0,247.21878862793568,0.0,34,34,0,0,34,28,13747,0,0,0,0,6
2020-07-18,US,Montana,Golden Valley,3,0,0,46.3816474,-109.17685220000001,30037.0,365.4080389768576,0.0,3,3,0,0,3,3,826,0,0,0,0,0
2020-07-18,US,Montana,Granite,6,0,0,46.40605220000001,-113.4414186,30039.0,177.56732761171943,0.0,6,6,0,0,6,6,3378,0,0,0,0,0
2020-07-18,US,Montana,Hill,34,0,0,48.62879827,-110.1129252,30041.0,206.2606163552536,0.0,34,24,0,0,24,14,16347,10,0,0,10,10
2020-07-18,US,Montana,Jefferson,14,0,0,46.14907081,-112.094396,30043.0,114.55691023647819,0.0,14,14,0,0,14,12,12097,0,0,0,0,2
2020-07-18,US,Montana,Lake,100,0,0,47.64514965,-114.0898013,30047.0,328.3209665769256,0.0,100,100,0,0,100,81,30250,0,0,0,0,19
2020-07-18,US,Montana,Lewis and Clark,77,1,0,47.12610041,-112.39469799999999,30049.0,110.89987325728771,1.2987012987012987,76,75,1,0,74,66,68700,2,0,0,2,9
2020-07-18,US,Montana,Liberty,1,0,0,48.56084317,-111.02430700000001,30051.0,42.78990158322636,0.0,1,1,0,0,1,1,2430,0,0,0,0,0
2020-07-18,US,Montana,Lincoln,44,1,0,48.54265777,-115.4046155,30053.0,220.22022022022026,2.272727272727273,43,42,1,0,41,40,19794,2,0,0,2,2
2020-07-18,US,Montana,Madison,44,1,0,45.30080065,-111.9173017,30057.0,511.62790697674416,2.272727272727273,43,40,1,0,39,37,8768,4,0,0,4,3
2020-07-18,US,Montana,Meagher,4,0,0,46.59907074,-110.8898557,30059.0,214.8227712137487,0.0,4,4,0,0,4,4,1866,0,0,0,0,0
2020-07-18,US,Montana,Missoula,160,1,0,47.03728583,-113.92135079999998,30063.0,133.77926421404683,0.625,159,151,1,0,150,130,118791,9,0,0,9,21
2020-07-18,US,Montana,Musselshell,1,0,0,46.49684637,-108.39498,30065.0,21.58428663932657,0.0,1,1,0,0,1,1,4651,0,0,0,0,0
2020-07-18,US,Montana,Park,30,0,0,45.48965095,-110.52643940000002,30067.0,180.6575936408527,0.0,30,30,0,0,30,26,16736,0,0,0,0,4
2020-07-18,US,Montana,Pondera,5,0,0,48.22773388,-112.22527029999999,30073.0,84.5880561664693,0.0,5,5,0,0,5,2,5972,0,0,0,0,3
2020-07-18,US,Montana,Ravalli,50,1,0,46.08520862,-114.11891640000002,30081.0,114.13961557777472,2.0,49,49,1,0,48,47,43172,1,0,0,1,2
2020-07-18,US,Montana,Richland,34,0,0,47.78668011,-104.5610786,30083.0,314.7273905396649,0.0,34,34,0,0,34,33,10913,0,0,0,0,1
2020-07-18,US,Montana,Roosevelt,9,0,0,48.29607488,-105.00792679999999,30085.0,81.78844056706652,0.0,9,9,0,0,9,9,11059,0,0,0,0,0
2020-07-18,US,Montana,Rosebud,16,1,0,46.23397237,-106.72928799999998,30087.0,179.03099474096456,6.25,15,16,1,0,15,15,9063,0,0,0,0,1
2020-07-18,US,Montana,Sanders,4,0,0,47.67657534,-115.1329916,30089.0,33.02237265747545,0.0,4,4,0,0,4,3,11844,0,0,0,0,1
2020-07-18,US,Montana,Sheridan,2,0,0,48.72085833,-104.50382900000001,30091.0,60.44122091266244,0.0,2,2,0,0,2,2,3424,0,0,0,0,0
2020-07-18,US,Montana,Silver Bow,30,0,0,45.90018933,-112.6620092,30093.0,85.92295574967777,0.0,30,28,0,0,28,28,34993,2,0,0,2,0
2020-07-18,US,Montana,Stillwater,13,0,0,45.67071407,-109.3950061,30095.0,134.82679941920765,0.0,13,13,0,0,13,12,9534,0,0,0,0,1
2020-07-18,US,Montana,Sweet Grass,2,0,0,45.81367654,-109.9425686,30097.0,53.51886540005352,0.0,2,2,0,0,2,1,3710,0,0,0,0,1
2020-07-18,US,Montana,Teton,15,0,0,47.83741052,-112.24106880000001,30099.0,244.0214738897023,0.0,15,15,0,0,15,15,6162,0,0,0,0,0
2020-07-18,US,Montana,Toole,31,6,0,48.65577551,-111.69424140000001,30101.0,654.5608108108107,19.354838709677423,25,31,6,0,25,31,4853,0,0,0,0,0
2020-07-18,US,Montana,Treasure,2,0,0,46.20973220000001,-107.26665159999999,30103.0,287.3563218390805,0.0,2,2,0,0,2,2,679,0,0,0,0,0
2020-07-18,US,Montana,Valley,4,0,0,48.36435097,-106.6669635,30105.0,54.08328826392645,0.0,4,4,0,0,4,4,7437,0,0,0,0,0
2020-07-18,US,Montana,Wheatland,2,0,0,46.46652491,-109.84646359999999,30107.0,94.07337723424273,0.0,2,2,0,0,2,2,2236,0,0,0,0,0
2020-07-18,US,Montana,Wibaux,1,0,0,46.95925154,-104.2510927,30109.0,103.19917440660471,0.0,1,1,0,0,1,1,1034,0,0,0,0,0
2020-07-18,US,Montana,Yellowstone,682,15,0,45.93955949,-108.26914860000001,30111.0,422.8146311221327,2.1994134897360698,667,652,15,0,637,629,160137,30,0,0,30,23
2020-07-18,US,Nebraska,Adams,316,11,0,40.52449420000001,-98.50117804,31001.0,1007.5566750629724,3.4810126582278484,305,316,11,0,305,315,31511,0,0,0,0,1
2020-07-18,US,Nebraska,Antelope,16,1,0,42.17695516,-98.06662829999999,31003.0,254.0489044140997,6.25,15,16,1,0,15,16,6336,0,0,0,0,0
2020-07-18,US,Nebraska,Banner,2,0,0,41.54634427,-103.7114332,31007.0,268.4563758389262,0.0,2,2,0,0,2,2,730,0,0,0,0,0
2020-07-18,US,Nebraska,Boone,7,0,0,41.70759415,-98.06737183,31011.0,134.82280431432974,0.0,7,7,0,0,7,7,5239,0,0,0,0,0
2020-07-18,US,Nebraska,Box Butte,4,0,0,42.22079243,-103.08788340000001,31013.0,37.095427988500425,0.0,4,4,0,0,4,4,10772,0,0,0,0,0
2020-07-18,US,Nebraska,Boyd,1,0,0,42.899727399999996,-98.76486568,31015.0,52.110474205315285,0.0,1,1,0,0,1,1,1955,0,0,0,0,0
2020-07-18,US,Nebraska,Buffalo,230,1,0,40.85486962,-99.07500296,31019.0,463.1587426247005,0.43478260869565216,229,230,1,0,229,225,49615,0,0,0,0,5
2020-07-18,US,Nebraska,Burt,17,0,0,41.85056773,-96.32605633,31021.0,263.1986375599938,0.0,17,17,0,0,17,17,6488,0,0,0,0,0
2020-07-18,US,Nebraska,Butler,52,0,0,41.22703692,-97.13106306,31023.0,648.7025948103793,0.0,52,52,0,0,52,52,8058,0,0,0,0,0
2020-07-18,US,Nebraska,Cass,109,1,0,40.90899107,-96.13971217,31025.0,415.26973483694,0.9174311926605504,108,109,1,0,108,106,26159,0,0,0,0,3
2020-07-18,US,Nebraska,Cedar,19,0,0,42.598885100000004,-97.25311951,31027.0,226.13663413472983,0.0,19,19,0,0,19,19,8446,0,0,0,0,0
2020-07-18,US,Nebraska,Chase,1,0,0,40.523719799999995,-101.69780259999999,31029.0,25.4841997961264,0.0,1,1,0,0,1,1,3977,0,0,0,0,0
2020-07-18,US,Nebraska,Cherry,3,0,0,42.54502621,-101.1244332,31031.0,52.73334505185446,0.0,3,3,0,0,3,3,5761,0,0,0,0,0
2020-07-18,US,Nebraska,Cheyenne,22,0,0,41.21999357,-102.9941693,31033.0,246.9135802469136,0.0,22,22,0,0,22,22,9310,0,0,0,0,0
2020-07-18,US,Nebraska,Clay,35,0,0,40.52439441,-98.05126296,31035.0,564.2431081734644,0.0,35,35,0,0,35,34,6214,0,0,0,0,1
2020-07-18,US,Nebraska,Colfax,682,4,0,41.57486951,-97.0868542,31037.0,6368.475114389766,0.5865102639296188,678,682,4,0,678,683,10881,0,0,0,0,-1
2020-07-18,US,Nebraska,Cuming,40,0,0,41.91637624,-96.78730772,31039.0,452.18177707438383,0.0,40,39,0,0,39,39,8940,1,0,0,1,0
2020-07-18,US,Nebraska,Custer,40,4,0,41.39374521,-99.72805369,31041.0,371.16080541894775,10.0,36,40,4,0,36,40,10840,0,0,0,0,0
2020-07-18,US,Nebraska,Dakota,1869,37,0,42.39040144,-96.56656425,31043.0,9332.86727254569,1.9796682718031036,1832,1865,37,0,1828,1864,20083,4,0,0,4,1
2020-07-18,US,Nebraska,Dawes,4,0,0,42.71985036,-103.1313774,31045.0,46.57119571545,0.0,4,4,0,0,4,4,8716,0,0,0,0,0
2020-07-18,US,Nebraska,Dawson,882,8,0,40.87028216,-99.82014609999999,31047.0,3738.0801017164654,0.90702947845805,874,879,8,0,871,878,23709,3,0,0,3,1
2020-07-18,US,Nebraska,Deuel,2,0,0,41.11168186,-102.33333309999999,31049.0,111.48272017837236,0.0,2,2,0,0,2,2,1825,0,0,0,0,0
2020-07-18,US,Nebraska,Dixon,58,2,0,42.49188363,-96.86782408,31051.0,1029.0986515259046,3.4482758620689653,56,58,2,0,56,58,5709,0,0,0,0,0
2020-07-18,US,Nebraska,Dodge,724,8,0,41.58071748,-96.65598179,31053.0,1980.0355531245727,1.1049723756906078,716,721,8,0,713,717,36791,3,0,0,3,4
2020-07-18,US,Nebraska,Douglas,8570,110,0,41.29518299,-96.15085305,31055.0,1500.0166279556188,1.2835472578763127,8460,8539,110,0,8429,8409,566880,31,0,0,31,130
2020-07-18,US,Nebraska,Dundy,1,0,0,40.17638677,-101.6876522,31057.0,59.06674542232722,0.0,1,1,0,0,1,,1770,0,0,0,0,
2020-07-18,US,Nebraska,Fillmore,20,1,0,40.52458567,-97.59646937,31059.0,366.16623947272063,5.0,19,20,1,0,19,20,5527,0,0,0,0,0
2020-07-18,US,Nebraska,Franklin,8,0,0,40.17636348,-98.95299073,31061.0,268.5464921114468,0.0,8,8,0,0,8,8,3023,0,0,0,0,0
2020-07-18,US,Nebraska,Frontier,2,0,0,40.52993007,-100.3924658,31063.0,76.13247049866769,0.0,2,2,0,0,2,2,2608,0,0,0,0,0
2020-07-18,US,Nebraska,Furnas,10,1,0,40.17642064,-99.91247454,31065.0,213.85799828913602,10.0,9,10,1,0,9,10,4715,0,0,0,0,0
2020-07-18,US,Nebraska,Gage,70,4,0,40.26186809,-96.68946704,31067.0,325.3846511411705,5.7142857142857135,66,69,4,0,65,69,21493,1,0,0,1,0
2020-07-18,US,Nebraska,Garden,4,0,0,41.61703149,-102.3313973,31069.0,217.74632553075668,0.0,4,4,0,0,4,4,1897,0,0,0,0,0
2020-07-18,US,Nebraska,Garfield,3,0,0,41.91428955,-98.99111827,31071.0,152.36160487557137,0.0,3,3,0,0,3,3,1987,0,0,0,0,0
2020-07-18,US,Nebraska,Gosper,13,0,0,40.51481965,-99.83020279,31073.0,653.2663316582915,0.0,13,13,0,0,13,13,1996,0,0,0,0,0
2020-07-18,US,Nebraska,Greeley,6,0,0,41.56742671,-98.52150266,31077.0,254.6689303904924,0.0,6,5,0,0,5,5,2356,1,0,0,1,0
2020-07-18,US,Nebraska,Hall,1644,47,0,40.87257079,-98.50218293,31079.0,2679.575570876729,2.858880778588808,1597,1641,47,0,1594,1635,61607,3,0,0,3,6
2020-07-18,US,Nebraska,Hamilton,76,12,0,40.87349452,-98.02099117,31081.0,815.1008151008151,15.789473684210524,64,75,12,0,63,73,9280,1,0,0,1,2
2020-07-18,US,Nebraska,Harlan,1,0,0,40.17658508,-99.40438879,31083.0,29.58579881656805,0.0,1,1,0,0,1,1,3401,0,0,0,0,0
2020-07-18,US,Nebraska,Hitchcock,1,0,0,40.17609175,-101.04164770000001,31087.0,36.205648081100655,0.0,1,1,0,0,1,1,2806,0,0,0,0,0
2020-07-18,US,Nebraska,Holt,4,0,0,42.45522056,-98.78402558,31089.0,39.73378364954803,0.0,4,4,0,0,4,4,10178,0,0,0,0,0
2020-07-18,US,Nebraska,Hooker,2,0,0,41.91586243,-101.1354293,31091.0,293.2551319648094,0.0,2,2,0,0,2,2,682,0,0,0,0,0
2020-07-18,US,Nebraska,Howard,50,4,0,41.2200529,-98.5166499,31093.0,775.7951900698216,8.0,46,50,4,0,46,50,6468,0,0,0,0,0
2020-07-18,US,Nebraska,Jefferson,12,0,0,40.17584531,-97.142601,31095.0,170.3093954016463,0.0,12,12,0,0,12,11,7097,0,0,0,0,1
2020-07-18,US,Nebraska,Johnson,9,0,0,40.39257596,-96.26522753,31097.0,177.47978702425556,0.0,9,9,0,0,9,8,5134,0,0,0,0,1
2020-07-18,US,Nebraska,Kearney,18,0,0,40.50663314,-98.94877182,31099.0,277.1362586605081,0.0,18,18,0,0,18,18,6544,0,0,0,0,0
2020-07-18,US,Nebraska,Keith,7,0,0,41.19930341,-101.66201640000001,31101.0,87.12969878018421,0.0,7,7,0,0,7,7,8021,0,0,0,0,0
2020-07-18,US,Nebraska,Kimball,14,0,0,41.19774275,-103.7148131,31105.0,385.4625550660794,0.0,14,14,0,0,14,14,3618,0,0,0,0,0
2020-07-18,US,Nebraska,Knox,26,0,0,42.63758421,-97.89178836,31107.0,312.04992798847815,0.0,26,26,0,0,26,26,8419,0,0,0,0,0
2020-07-18,US,Nebraska,Lancaster,2400,13,0,40.78416049,-96.68777155,31109.0,752.1388949826068,0.5416666666666666,2387,2352,13,0,2339,2316,317272,48,0,0,48,36
2020-07-18,US,Nebraska,Lincoln,65,2,0,41.04658298,-100.74753740000001,31111.0,186.1717362662542,3.0769230769230766,63,64,2,0,62,63,35185,1,0,0,1,1
2020-07-18,US,Nebraska,Madison,390,4,0,41.91676024,-97.6005481,31119.0,1111.1427676002163,1.0256410256410255,386,388,4,0,384,387,35392,2,0,0,2,1
2020-07-18,US,Nebraska,McPherson,3,0,0,41.56797682,-101.05993620000001,31117.0,607.2874493927128,0.0,3,3,0,0,3,3,492,0,0,0,0,0
2020-07-18,US,Nebraska,Merrick,41,0,0,41.16624273,-98.0374887,31121.0,528.6911669890393,0.0,41,40,0,0,40,39,7733,1,0,0,1,1
2020-07-18,US,Nebraska,Morrill,53,0,0,41.71711774,-103.0061405,31123.0,1141.7492460146484,0.0,53,53,0,0,53,53,4686,0,0,0,0,0
2020-07-18,US,Nebraska,Nance,6,0,0,41.39750195,-97.99327291,31125.0,170.50298380221653,0.0,6,6,0,0,6,6,3532,0,0,0,0,0
2020-07-18,US,Nebraska,Nemaha,6,0,0,40.38514847,-95.85433992,31127.0,86.05851979345955,0.0,6,6,0,0,6,6,6958,0,0,0,0,0
2020-07-18,US,Nebraska,Nuckolls,3,0,0,40.17637905,-98.04743961,31129.0,72.32401157184184,0.0,3,3,0,0,3,4,4195,0,0,0,0,-1
2020-07-18,US,Nebraska,Otoe,31,0,0,40.64843556,-96.13374142,31131.0,193.60479640269799,0.0,31,31,0,0,31,31,15985,0,0,0,0,0
2020-07-18,US,Nebraska,Pawnee,1,0,0,40.13141096,-96.23705437,31133.0,38.270187523918864,0.0,1,1,0,0,1,1,2632,0,0,0,0,0
2020-07-18,US,Nebraska,Phelps,28,0,0,40.51156033,-99.41461667,31137.0,309.9402258135932,0.0,28,28,0,0,28,27,8996,0,0,0,0,1
2020-07-18,US,Nebraska,Pierce,14,0,0,42.26434853,-97.60122773,31139.0,195.858981533296,0.0,14,13,0,0,13,12,7142,1,0,0,1,1
2020-07-18,US,Nebraska,Platte,707,3,0,41.57246836,-97.52144359,31141.0,2112.3394084254555,0.4243281471004243,704,706,3,0,703,703,33363,1,0,0,1,3
2020-07-18,US,Nebraska,Polk,13,0,0,41.18813488,-97.56630712,31143.0,249.37655860349128,0.0,13,13,0,0,13,13,5278,0,0,0,0,0
2020-07-18,US,Nebraska,Red Willow,9,0,0,40.17556879999999,-100.476998,31145.0,83.92390898918316,0.0,9,9,0,0,9,9,10726,0,0,0,0,0
2020-07-18,US,Nebraska,Richardson,10,1,0,40.1247415,-95.71755036,31147.0,127.14558169103624,10.0,9,10,1,0,9,10,7937,0,0,0,0,0
2020-07-18,US,Nebraska,Rock,2,0,0,42.42252217,-99.44832069,31149.0,147.38393515106853,0.0,2,2,0,0,2,2,1360,0,0,0,0,0
2020-07-18,US,Nebraska,Saline,557,2,0,40.52418865,-97.14085859,31151.0,3915.916760404949,0.3590664272890485,555,554,2,0,552,553,14350,3,0,0,3,1
2020-07-18,US,Nebraska,Sarpy,1495,8,0,41.11314181,-96.11156432,31153.0,798.6281758157228,0.5351170568561873,1487,1489,8,0,1481,1468,184459,6,0,0,6,21
2020-07-18,US,Nebraska,Saunders,100,2,0,41.227810299999994,-96.63773905,31155.0,463.43498007229584,2.0,98,99,2,0,97,98,21303,1,0,0,1,1
2020-07-18,US,Nebraska,Scotts Bluff,249,5,0,41.85070896,-103.70809859999999,31157.0,699.0847324386548,2.0080321285140563,244,249,5,0,244,248,35989,0,0,0,0,1
2020-07-18,US,Nebraska,Seward,56,1,0,40.87241834,-97.139673,31159.0,323.99907428835917,1.7857142857142858,55,54,1,0,53,54,17318,2,0,0,2,0
2020-07-18,US,Nebraska,Sheridan,8,0,0,42.50284406,-102.4126613,31161.0,152.49714067861228,0.0,8,8,0,0,8,8,5190,0,0,0,0,0
2020-07-18,US,Nebraska,Sherman,5,0,0,41.22045983,-98.97588642,31163.0,166.61112962345885,0.0,5,5,0,0,5,5,3038,0,0,0,0,0
2020-07-18,US,Nebraska,Sioux,6,0,0,42.48932059,-103.7576544,31165.0,514.5797598627787,0.0,6,6,0,0,6,6,1187,0,0,0,0,0
2020-07-18,US,Nebraska,Stanton,21,0,0,41.9169835,-97.19394708,31167.0,354.72972972972974,0.0,21,21,0,0,21,21,5970,0,0,0,0,0
2020-07-18,US,Nebraska,Thayer,19,0,0,40.17626377,-97.59504381,31169.0,379.7721367179692,0.0,19,16,0,0,16,16,5039,3,0,0,3,0
2020-07-18,US,Nebraska,Thomas,1,0,0,41.91358968,-100.5556632,31171.0,138.50415512465375,0.0,1,1,0,0,1,1,720,0,0,0,0,0
2020-07-18,US,Nebraska,Thurston,178,1,0,42.15725356,-96.54157099,31173.0,2464.008859357697,0.5617977528089888,177,177,1,0,176,178,7303,1,0,0,1,-1
2020-07-18,US,Nebraska,Unassigned,115,2,0,0.0,0.0,90031.0,0.0,1.7391304347826086,113,114,2,0,112,117,,1,0,0,1,-3
2020-07-18,US,Nebraska,Valley,9,0,0,41.56730777,-98.98197724,31175.0,216.4502164502165,0.0,9,9,0,0,9,9,4190,0,0,0,0,0
2020-07-18,US,Nebraska,Washington,75,1,0,41.52815707,-96.22019892,31177.0,361.811954266969,1.3333333333333333,74,73,1,0,72,67,20667,2,0,0,2,6
2020-07-18,US,Nebraska,Wayne,35,0,0,42.20934475,-97.11926964,31179.0,372.9355354288759,0.0,35,35,0,0,35,35,9403,0,0,0,0,0
2020-07-18,US,Nebraska,Webster,9,0,0,40.17642643,-98.50019851,31181.0,258.1015199311729,0.0,9,9,0,0,9,9,3533,0,0,0,0,0
2020-07-18,US,Nebraska,York,55,0,0,40.87272618,-97.59710186,31185.0,402.07617515900284,0.0,55,56,0,0,56,54,13772,-1,0,0,-1,2
2020-07-18,US,Nevada,Carson City,248,6,0,39.15509045,-119.7480219,32510.0,443.5224264968882,2.419354838709677,242,240,6,0,234,230,55414,8,0,0,8,10
2020-07-18,US,Nevada,Churchill,34,1,0,39.58105744,-118.3394607,32001.0,136.49684852864428,2.9411764705882355,33,32,1,0,31,31,24440,2,0,0,2,1
2020-07-18,US,Nevada,Clark,29304,527,0,36.21458855,-115.0130241,32003.0,1292.7959624390362,1.7983892983892984,28777,28189,518,0,27671,26926,2231647,1115,9,0,1106,1263
2020-07-18,US,Nevada,Douglas,97,0,0,38.912862,-119.61713329999999,32005.0,198.3437276352111,0.0,97,97,0,0,97,97,48467,0,0,0,0,0
2020-07-18,US,Nevada,Elko,297,1,0,41.14531606,-115.3577619,32007.0,562.734472696957,0.3367003367003367,296,295,1,0,294,285,52460,2,0,0,2,10
2020-07-18,US,Nevada,Eureka,1,0,0,39.98100864,-116.26832040000001,32011.0,49.28536224741252,0.0,1,1,0,0,1,1,2003,0,0,0,0,0
2020-07-18,US,Nevada,Humboldt,90,4,0,41.40692186,-118.11094270000001,32013.0,534.7275860020201,4.4444444444444455,86,91,4,0,87,91,16786,-1,0,0,-1,0
2020-07-18,US,Nevada,Lander,46,0,0,39.933223299999995,-117.03970749999999,32015.0,831.5256688358638,0.0,46,47,0,0,47,47,5575,-1,0,0,-1,0
2020-07-18,US,Nevada,Lincoln,3,0,0,37.64268459,-114.8790388,32017.0,57.88153579008296,0.0,3,3,0,0,3,3,5201,0,0,0,0,0
2020-07-18,US,Nevada,Lyon,156,2,0,39.01777974,-119.18704790000001,32019.0,271.2571726656234,1.2820512820512822,154,155,2,0,153,150,55808,1,0,0,1,5
2020-07-18,US,Nevada,Mineral,10,0,0,38.53841696,-118.4344506,32021.0,221.97558268590458,0.0,10,10,0,0,10,8,4514,0,0,0,0,2
2020-07-18,US,Nevada,Nye,215,3,0,38.04264256,-116.47227020000001,32023.0,462.13700750166566,1.3953488372093024,212,215,3,0,212,212,45346,0,0,0,0,3
2020-07-18,US,Nevada,Pershing,13,0,0,40.44003782,-118.40056409999998,32027.0,193.3085501858736,0.0,13,13,0,0,13,13,6666,0,0,0,0,0
2020-07-18,US,Nevada,Storey,2,0,0,39.44875482,-119.5250207,32029.0,48.508367693427104,0.0,2,2,0,0,2,2,4029,0,0,0,0,0
2020-07-18,US,Nevada,Washoe,3951,101,0,40.66562265,-119.6631594,32031.0,837.930178847512,2.5563148569982284,3850,3895,101,0,3794,3810,465735,56,0,0,56,85
2020-07-18,US,Nevada,White Pine,10,1,0,39.44157041,-114.89996599999999,32033.0,104.38413361169106,10.0,9,10,1,0,9,9,9475,0,0,0,0,1
2020-07-18,US,New Hampshire,Belknap,95,3,0,43.51637314,-71.41684235,33001.0,154.9679461037796,3.1578947368421053,92,95,3,0,92,95,61022,0,0,0,0,0
2020-07-18,US,New Hampshire,Carroll,71,0,0,43.87498583,-71.20430216,33003.0,145.16458801881006,0.0,71,71,0,0,71,69,48779,0,0,0,0,2
2020-07-18,US,New Hampshire,Cheshire,80,2,0,42.92015988,-72.25311043,33005.0,105.14556088585137,2.5,78,79,2,0,77,79,76493,1,0,0,1,0
2020-07-18,US,New Hampshire,Coos,13,0,0,44.69063265,-71.30633239,33007.0,41.18746633716694,0.0,13,11,0,0,11,11,31589,2,0,0,2,0
2020-07-18,US,New Hampshire,Grafton,98,1,0,43.93779815,-71.82057197,33009.0,109.02698974256279,1.020408163265306,97,98,1,0,97,97,89786,0,0,0,0,1
2020-07-18,US,New Hampshire,Hillsborough,3500,264,0,42.91537785,-71.7200253,33011.0,839.2782207301718,7.542857142857143,3236,3486,263,0,3223,3468,415247,14,1,0,13,18
2020-07-18,US,New Hampshire,Merrimack,437,20,0,43.29662971,-71.6811573,33013.0,288.65652515671337,4.576659038901601,417,436,20,0,416,435,151132,1,0,0,1,1
2020-07-18,US,New Hampshire,Rockingham,1551,92,0,42.98499744,-71.12883377,33015.0,500.6956796838935,5.931656995486783,1459,1545,92,0,1453,1541,309176,6,0,0,6,4
2020-07-18,US,New Hampshire,Strafford,306,13,0,43.291833000000004,-71.02336013,33017.0,234.2440271600591,4.248366013071895,293,307,13,0,294,307,130090,-1,0,0,-1,0
2020-07-18,US,New Hampshire,Sullivan,37,1,0,43.36094111,-72.22203125,33019.0,85.7553423260557,2.702702702702702,36,37,1,0,36,37,43144,0,0,0,0,0
2020-07-18,US,New Jersey,Atlantic,3109,236,0,39.47538693,-74.65848483,34001.0,1179.1254219289262,7.590865229977485,2873,3087,236,0,2851,3079,265429,22,0,0,22,8
2020-07-18,US,New Jersey,Bergen,19979,2034,0,40.96010917,-74.07164325,34003.0,2143.2050135056566,10.180689724210419,17945,19966,2033,0,17933,19950,936692,13,1,0,12,16
2020-07-18,US,New Jersey,Burlington,5440,458,0,39.87681124,-74.66927768,34005.0,1221.5139138069244,8.419117647058824,4982,5419,456,0,4963,5430,445384,21,2,0,19,-11
2020-07-18,US,New Jersey,Camden,7818,557,0,39.80343818,-74.96388753,34007.0,1543.6224384021994,7.1245842926579686,7261,7791,557,0,7234,7786,507078,27,0,0,27,5
2020-07-18,US,New Jersey,Cape May,752,82,0,39.15008829,-74.80170244,34009.0,817.0449483371181,10.904255319148936,670,749,82,0,667,747,92560,3,0,0,3,2
2020-07-18,US,New Jersey,Cumberland,3075,153,0,39.37199394,-75.10712559,34011.0,2056.4847820126133,4.975609756097562,2922,3074,153,0,2921,3072,150972,1,0,0,1,2
2020-07-18,US,New Jersey,Essex,19105,2093,0,40.78681335,-74.24657979,34013.0,2391.188710535373,10.955247317456164,17012,19111,2092,0,17019,19119,799767,-6,1,0,-7,-8
2020-07-18,US,New Jersey,Gloucester,2820,197,0,39.71581067,-75.13995546,34015.0,966.9588116693412,6.98581560283688,2623,2808,197,0,2611,2808,291408,12,0,0,12,0
2020-07-18,US,New Jersey,Hudson,19261,1498,0,40.73766234,-74.07515667,34017.0,2864.553511275433,7.777373968122113,17763,19246,1497,0,17749,19240,676061,15,1,0,14,6
2020-07-18,US,New Jersey,Hunterdon,1101,126,0,40.56335249,-74.91284156,34019.0,885.2546011530019,11.444141689373295,975,1099,126,0,973,1098,124714,2,0,0,2,1
2020-07-18,US,New Jersey,Mercer,7844,608,0,40.28047017,-74.70479631,34021.0,2134.8284026889473,7.751147373788882,7236,7828,605,0,7223,7827,369811,16,3,0,13,1
2020-07-18,US,New Jersey,Middlesex,17174,1398,0,40.43629879,-74.41426991,34023.0,2081.540538771632,8.140211948293933,15776,17162,1397,0,15765,17142,829685,12,1,0,11,20
2020-07-18,US,New Jersey,Monmouth,9649,847,0,40.26549699,-74.22240686,34025.0,1559.3209382751959,8.77811172142191,8802,9636,847,0,8789,9626,621354,13,0,0,13,10
2020-07-18,US,New Jersey,Morris,6952,826,0,40.86095313,-74.54553709999998,34027.0,1413.4534253677482,11.881472957422323,6126,6937,826,0,6111,6932,494228,15,0,0,15,5
2020-07-18,US,New Jersey,Ocean,9940,1006,0,39.8895449,-74.28089251,34029.0,1637.0601430204254,10.12072434607646,8934,9917,1005,0,8912,9902,601651,23,1,0,22,15
2020-07-18,US,New Jersey,Passaic,17167,1237,0,41.03238628,-74.29954144,34031.0,3420.9068481904087,7.2056853264985135,15930,17154,1234,0,15920,17150,503310,13,3,0,10,4
2020-07-18,US,New Jersey,Salem,830,79,0,39.58719656,-75.34696629999998,34033.0,1330.4480243648313,9.518072289156626,751,824,79,0,745,822,62607,6,0,0,6,2
2020-07-18,US,New Jersey,Somerset,5070,554,0,40.56465737,-74.61683016,34035.0,1541.3426401648962,10.927021696252464,4516,5061,553,0,4508,5059,331164,9,1,0,8,2
2020-07-18,US,New Jersey,Sussex,1243,195,0,41.13891592,-74.69118243,34037.0,884.7730767040599,15.687851971037812,1048,1240,195,0,1045,1241,140799,3,0,0,3,-1
2020-07-18,US,New Jersey,Unassigned,666,0,0,0.0,0.0,90034.0,0.0,0.0,666,630,0,0,630,636,,36,0,0,36,-6
2020-07-18,US,New Jersey,Union,16546,1344,0,40.65835409,-74.30680092,34039.0,2974.075252408145,8.12280913816028,15202,16540,1343,0,15197,16567,558067,6,1,0,5,-27
2020-07-18,US,New Jersey,Warren,1273,171,0,40.85951833,-74.99556527,34041.0,1209.3058603360978,13.432835820895527,1102,1272,171,0,1101,1268,105779,1,0,0,1,4
2020-07-18,US,New Mexico,Bernalillo,3679,100,0,35.05163625,-106.6703554,35001.0,541.729677038407,2.7181299266104917,3579,3578,99,0,3479,3464,678701,101,1,0,100,114
2020-07-18,US,New Mexico,Catron,4,1,0,33.91514144,-108.4046587,35003.0,113.41083073433514,25.0,3,4,1,0,3,4,3578,0,0,0,0,0
2020-07-18,US,New Mexico,Chaves,197,4,0,33.36406072,-104.4665365,35005.0,304.8827671593284,2.0304568527918785,193,189,3,0,186,188,64689,8,1,0,7,1
2020-07-18,US,New Mexico,Cibola,259,15,0,34.91131525,-107.998876,35006.0,970.9465791940021,5.791505791505792,244,259,15,0,244,259,26746,0,0,0,0,0
2020-07-18,US,New Mexico,Colfax,11,1,0,36.60569702,-104.64726740000002,35007.0,92.11958797420652,9.090909090909092,10,11,1,0,10,10,12110,0,0,0,0,1
2020-07-18,US,New Mexico,Curry,301,1,0,34.57421077,-103.34688759999999,35009.0,614.8629325489235,0.3322259136212625,300,291,1,0,290,282,49437,10,0,0,10,9
2020-07-18,US,New Mexico,Dona Ana,1688,13,0,32.35275771,-106.83293870000001,35013.0,773.6199271294026,0.7701421800947867,1675,1645,12,0,1633,1610,217522,43,1,0,42,35
2020-07-18,US,New Mexico,Eddy,173,1,0,32.47167456,-104.3053527,35015.0,295.9288402326377,0.5780346820809249,172,168,1,0,167,167,57900,5,0,0,5,1
2020-07-18,US,New Mexico,Grant,47,0,0,32.73911281,-108.3827845,35017.0,174.08696940514113,0.0,47,47,0,0,47,46,27346,0,0,0,0,1
2020-07-18,US,New Mexico,Guadalupe,24,0,0,34.86319296,-104.790669,35019.0,558.1395348837209,0.0,24,24,0,0,24,24,4341,0,0,0,0,0
2020-07-18,US,New Mexico,Harding,1,0,0,35.85751555,-103.82209379999999,35021.0,160.0,0.0,1,1,0,0,1,1,655,0,0,0,0,0
2020-07-18,US,New Mexico,Hidalgo,78,0,0,31.91383467,-108.7151824,35023.0,1858.0276322058123,0.0,78,77,0,0,77,76,4240,1,0,0,1,1
2020-07-18,US,New Mexico,Lea,343,0,0,32.79215361,-103.4123733,35025.0,482.6227662867595,0.0,343,333,0,0,333,322,69611,10,0,0,10,11
2020-07-18,US,New Mexico,Lincoln,34,0,0,33.74526079,-105.4586166,35027.0,173.71755569180462,0.0,34,32,0,0,32,32,19556,2,0,0,2,0
2020-07-18,US,New Mexico,Los Alamos,14,0,0,35.86631386,-106.31349850000001,35028.0,72.28044813877845,0.0,14,14,0,0,14,14,19101,0,0,0,0,0
2020-07-18,US,New Mexico,Luna,144,3,0,32.18179341,-107.75088259999998,35029.0,607.364292040997,2.083333333333333,141,140,3,0,137,135,23963,4,0,0,4,5
2020-07-18,US,New Mexico,McKinley,3743,198,0,35.58007720000001,-108.262245,35031.0,5244.720949458433,5.289874432273577,3545,3724,198,0,3526,3709,72290,19,0,0,19,15
2020-07-18,US,New Mexico,Mora,3,0,0,36.01095101,-104.9497716,35033.0,66.35700066356999,0.0,3,3,0,0,3,2,4506,0,0,0,0,1
2020-07-18,US,New Mexico,Otero,100,10,0,32.61348406,-105.7417604,35035.0,148.1700992739665,10.0,90,96,9,0,87,89,66781,4,1,0,3,7
2020-07-18,US,New Mexico,Quay,22,1,0,35.10403332,-103.54817270000001,35037.0,266.5697322185872,4.545454545454546,21,22,1,0,21,19,8253,0,0,0,0,3
2020-07-18,US,New Mexico,Rio Arriba,195,1,0,36.51072137,-106.69316740000001,35039.0,501.0148762878652,0.5128205128205128,194,193,1,0,192,156,39006,2,0,0,2,37
2020-07-18,US,New Mexico,Roosevelt,86,1,0,34.02097406,-103.4799493,35041.0,464.8648648648648,1.162790697674419,85,84,1,0,83,83,18743,2,0,0,2,1
2020-07-18,US,New Mexico,San Juan,2829,176,0,36.50838318,-108.32043700000001,35045.0,2282.2246244695784,6.221279604100388,2653,2808,176,0,2632,2782,125043,21,0,0,21,26
2020-07-18,US,New Mexico,San Miguel,31,0,0,35.48014807,-104.8163562,35047.0,113.64886167833706,0.0,31,30,0,0,30,29,27591,1,0,0,1,1
2020-07-18,US,New Mexico,Sandoval,905,31,0,35.68862401,-106.86878030000001,35043.0,616.7034644424456,3.4254143646408837,874,895,31,0,864,883,145179,10,0,0,10,12
2020-07-18,US,New Mexico,Santa Fe,407,3,0,35.50708973,-105.9774716,35049.0,270.6872929940542,0.7371007371007371,404,396,3,0,393,389,150056,11,0,0,11,7
2020-07-18,US,New Mexico,Sierra,19,0,0,33.13028233,-107.1925893,35051.0,176.07265313687333,0.0,19,17,0,0,17,17,10968,2,0,0,2,0
2020-07-18,US,New Mexico,Socorro,64,5,0,34.00715494,-106.9298354,35053.0,384.68473883512655,7.8125,59,63,5,0,58,64,16735,1,0,0,1,-1
2020-07-18,US,New Mexico,Taos,69,1,0,36.58006022,-105.63101979999999,35055.0,210.86086239036763,1.4492753623188406,68,69,1,0,68,65,32835,0,0,0,0,4
2020-07-18,US,New Mexico,Torrance,50,1,0,34.64048375,-105.8508949,35057.0,323.39434706681334,2.0,49,49,1,0,48,49,15591,1,0,0,1,0
2020-07-18,US,New Mexico,Unassigned,955,0,0,0.0,0.0,90035.0,0.0,0.0,955,939,0,0,939,937,,16,0,0,16,2
2020-07-18,US,New Mexico,Union,14,0,0,36.48126404,-103.4709624,35059.0,344.91254003449126,0.0,14,14,0,0,14,14,4118,0,0,0,0,0
2020-07-18,US,New Mexico,Valencia,247,2,0,34.71669834,-106.8103733,35061.0,322.08428958898395,0.8097165991902834,245,241,2,0,239,217,76456,6,0,0,6,24
2020-07-18,US,New York,Albany,2315,121,0,42.60060306,-73.97723916,36001.0,757.7592584106368,5.226781857451403,2194,2310,121,0,2189,2290,307117,5,0,0,5,20
2020-07-18,US,New York,Allegany,71,1,0,42.25748406,-78.02750466,36003.0,154.04308867240894,1.4084507042253518,70,71,1,0,70,70,46430,0,0,0,0,1
2020-07-18,US,New York,Broome,877,60,0,42.15903158,-75.81326086,36007.0,460.39645541976404,6.841505131128848,817,870,60,0,810,861,191659,7,0,0,7,9
2020-07-18,US,New York,Cattaraugus,145,6,0,42.24778241,-78.67923096,36009.0,190.4962097823088,4.137931034482759,139,145,6,0,139,142,76840,0,0,0,0,3
2020-07-18,US,New York,Cayuga,129,2,0,42.91261714,-76.55731592,36011.0,168.46009193480987,1.5503875968992251,127,129,2,0,127,128,77145,0,0,0,0,1
2020-07-18,US,New York,Chautauqua,194,7,0,42.22769210000001,-79.36691763,36013.0,152.87266652482606,3.608247422680413,187,192,7,0,185,191,127939,2,0,0,2,1
2020-07-18,US,New York,Chemung,153,2,0,42.13891056,-76.7638805,36015.0,183.3301380368098,1.30718954248366,151,151,2,0,149,151,84254,2,0,0,2,0
2020-07-18,US,New York,Chenango,182,6,0,42.49430041,-75.60887553,36017.0,385.53604338339653,3.2967032967032965,176,181,6,0,175,178,47536,1,0,0,1,3
2020-07-18,US,New York,Clinton,111,4,0,44.74530905,-73.67875352,36019.0,137.91389699944088,3.603603603603604,107,111,4,0,107,111,80695,0,0,0,0,0
2020-07-18,US,New York,Columbia,491,37,0,42.24819348,-73.63089095,36021.0,825.7513328063773,7.535641547861508,454,490,37,0,453,489,59916,1,0,0,1,1
2020-07-18,US,New York,Cortland,68,0,0,42.59509207,-76.07048931,36023.0,142.91418843656083,0.0,68,67,0,0,67,63,47823,1,0,0,1,4
2020-07-18,US,New York,Delaware,93,4,0,42.19837623,-74.96709306,36025.0,210.71711793361285,4.301075268817204,89,92,4,0,88,92,44527,1,0,0,1,0
2020-07-18,US,New York,Dutchess,4373,152,0,41.76486060000001,-73.74356679,36027.0,1486.3128700487393,3.4758746855705467,4221,4363,152,0,4211,4357,293718,10,0,0,10,6
2020-07-18,US,New York,Erie,8016,657,0,42.76249024,-78.73063652,36029.0,872.5353814403363,8.196107784431138,7359,7982,657,0,7325,7927,919719,34,0,0,34,55
2020-07-18,US,New York,Essex,51,0,0,44.11630765,-73.77297842,36031.0,138.2675884505897,0.0,51,51,0,0,51,51,37300,0,0,0,0,0
2020-07-18,US,New York,Franklin,40,0,0,44.59040891,-74.29926032,36033.0,79.96481548118828,0.0,40,39,0,0,39,38,50293,1,0,0,1,1
2020-07-18,US,New York,Fulton,266,24,0,43.11363907,-74.41798804,36035.0,498.2859711893299,9.022556390977444,242,266,24,0,242,266,53591,0,0,0,0,0
2020-07-18,US,New York,Genesee,256,5,0,43.0022601,-78.19135193,36037.0,446.927374301676,1.953125,251,254,5,0,249,254,57511,2,0,0,2,0
2020-07-18,US,New York,Greene,271,18,0,42.275797,-74.12384884,36039.0,574.2985504789352,6.6420664206642055,253,271,18,0,253,271,47491,0,0,0,0,0
2020-07-18,US,New York,Hamilton,6,0,0,43.66146647,-74.49721957,36041.0,135.8695652173913,0.0,6,6,0,0,6,6,4434,0,0,0,0,0
2020-07-18,US,New York,Herkimer,204,4,0,43.42034246,-74.96145307,36043.0,332.6864430274466,1.96078431372549,200,204,4,0,200,202,61833,0,0,0,0,2
2020-07-18,US,New York,Jefferson,104,0,0,44.04200959,-75.94653457,36045.0,94.68834787042265,0.0,104,103,0,0,103,102,111755,1,0,0,1,1
2020-07-18,US,New York,Lewis,32,0,0,43.784415700000004,-75.44903992,36049.0,121.6915120170368,0.0,32,32,0,0,32,32,26447,0,0,0,0,0
2020-07-18,US,New York,Livingston,157,8,0,42.72596275,-77.77966158,36051.0,249.547000667578,5.095541401273885,149,155,8,0,147,153,63227,2,0,0,2,2
2020-07-18,US,New York,Madison,382,17,0,42.91653905,-75.67266639,36053.0,538.4756346823417,4.450261780104712,365,379,17,0,362,377,70795,3,0,0,3,2
2020-07-18,US,New York,Monroe,4383,277,0,43.14638895,-77.69322942,36055.0,590.8839667282311,6.319872233629933,4106,4353,277,0,4076,4317,742474,30,0,0,30,36
2020-07-18,US,New York,Montgomery,143,4,0,42.90123494,-74.44011632,36057.0,290.5264013327645,2.797202797202797,139,141,4,0,137,141,49455,2,0,0,2,0
2020-07-18,US,New York,Nassau,42594,2192,0,40.74066522,-73.58941873,36059.0,3139.0114700602244,5.146264732121894,40402,42555,2192,0,40363,42506,1358343,39,0,0,39,49
2020-07-18,US,New York,New York City,221121,23388,0,40.76727260000001,-73.97152637,36061.0,2652.3432144426347,10.577014394833595,197733,220734,23377,0,197357,220367,1628701,387,11,0,376,367
2020-07-18,US,New York,Niagara,1375,94,0,43.19898042,-78.74777412,36063.0,657.0113866046129,6.836363636363636,1281,1371,94,0,1277,1364,210433,4,0,0,4,7
2020-07-18,US,New York,Oneida,1937,104,0,43.24375382,-75.43710392,36065.0,847.0684957865227,5.369127516778524,1833,1909,104,0,1805,1868,229577,28,0,0,28,41
2020-07-18,US,New York,Onondaga,3262,191,0,43.00491923,-76.19971155,36067.0,708.317409582045,5.8553034947884735,3071,3240,191,0,3049,3225,461809,22,0,0,22,15
2020-07-18,US,New York,Ontario,324,33,0,42.85145728,-77.30874425,36069.0,295.1437915045957,10.185185185185183,291,319,33,0,286,317,109864,5,0,0,5,2
2020-07-18,US,New York,Orange,10921,484,0,41.40337468,-74.30240757,36071.0,2837.065516703901,4.431828587125722,10437,10908,484,0,10424,10895,381951,13,0,0,13,13
2020-07-18,US,New York,Orleans,288,54,0,43.2516977,-78.2320066,36073.0,713.7192704203012,18.75,234,288,54,0,234,288,40612,0,0,0,0,0
2020-07-18,US,New York,Oswego,229,3,0,43.42778894,-76.14635194,36075.0,195.51927871315868,1.310043668122271,226,227,3,0,224,227,117898,2,0,0,2,0
2020-07-18,US,New York,Otsego,94,5,0,42.63492579,-75.03151402,36077.0,158.00178172221942,5.319148936170213,89,94,5,0,89,92,59749,0,0,0,0,2
2020-07-18,US,New York,Putnam,1390,63,0,41.42630093,-73.74965532,36079.0,1413.7510170870623,4.532374100719425,1327,1386,63,0,1323,1385,98892,4,0,0,4,1
2020-07-18,US,New York,Rensselaer,650,30,0,42.71348136,-73.51089874,36083.0,409.54169134417884,4.615384615384615,620,643,30,0,613,639,159442,7,0,0,7,4
2020-07-18,US,New York,Rockland,13784,672,0,41.15027894,-74.02560498,36087.0,4230.959301879438,4.875217643644805,13112,13775,670,0,13105,13763,325695,9,2,0,7,12
2020-07-18,US,New York,Saratoga,635,17,0,43.10904162,-73.86653895,36091.0,276.25150633203253,2.677165354330709,618,630,17,0,613,624,230163,5,0,0,5,6
2020-07-18,US,New York,Schenectady,910,37,0,42.81668777,-74.05278291,36093.0,585.9664260555445,4.065934065934067,873,902,37,0,865,896,155350,8,0,0,8,6
2020-07-18,US,New York,Schoharie,62,0,0,42.58831742,-74.44339029999998,36095.0,200.00645182102642,0.0,62,62,0,0,62,62,31097,0,0,0,0,0
2020-07-18,US,New York,Schuyler,16,0,0,42.39184015,-76.8773299,36097.0,89.85230527320715,0.0,16,15,0,0,15,15,17912,1,0,0,1,0
2020-07-18,US,New York,Seneca,78,0,0,42.78081007,-76.82497064,36099.0,229.3038570084666,0.0,78,77,0,0,77,76,34300,1,0,0,1,1
2020-07-18,US,New York,St. Lawrence,242,2,0,44.4976179,-75.06550039,36089.0,224.61481343976243,0.8264462809917356,240,238,2,0,236,237,108047,4,0,0,4,1
2020-07-18,US,New York,Steuben,280,41,0,42.2689144,-77.3829924,36101.0,293.56566959183886,14.642857142857142,239,279,41,0,238,279,95796,1,0,0,1,0
2020-07-18,US,New York,Suffolk,42440,1993,0,40.88320119,-72.8012172,36103.0,2874.1684449624518,4.6960414703110285,40447,42382,1993,0,40389,42333,1481093,58,0,0,58,49
2020-07-18,US,New York,Sullivan,1473,48,0,41.71579493,-74.76394559,36105.0,1952.752147629653,3.2586558044806515,1425,1469,48,0,1421,1469,75498,4,0,0,4,0
2020-07-18,US,New York,Tioga,169,24,0,42.16852837,-76.30835812,36107.0,350.60058502582825,14.201183431952662,145,168,24,0,144,163,48560,1,0,0,1,5
2020-07-18,US,New York,Tompkins,199,0,0,42.44945765,-76.47229843,36109.0,194.75435505969853,0.0,199,198,0,0,198,198,102793,1,0,0,1,0
2020-07-18,US,New York,Ulster,1900,88,0,41.89027881,-74.26252104,36111.0,1069.982486076149,4.631578947368421,1812,1898,88,0,1810,1894,178599,2,0,0,2,4
2020-07-18,US,New York,Warren,286,33,0,43.56173026,-73.8433699,36113.0,447.26635806330535,11.538461538461537,253,286,33,0,253,285,64265,0,0,0,0,1
2020-07-18,US,New York,Washington,250,14,0,43.31153794,-73.43043448,36115.0,408.4700346382589,5.6,236,250,14,0,236,250,61197,0,0,0,0,0
2020-07-18,US,New York,Wayne,225,3,0,43.15494365,-77.02976528,36117.0,250.2279854978981,1.3333333333333333,222,223,3,0,220,223,90064,2,0,0,2,0
2020-07-18,US,New York,Westchester,35503,1437,0,41.16278376,-73.75741653,36119.0,3669.537966689613,4.0475452778638425,34066,35463,1436,0,34027,35422,967612,40,1,0,39,41
2020-07-18,US,New York,Wyoming,104,5,0,42.70145109,-78.22199579,36121.0,260.9197420908704,4.807692307692308,99,103,5,0,98,103,40085,1,0,0,1,0
2020-07-18,US,New York,Yates,51,7,0,42.63505484,-77.10369919,36123.0,204.71239914903862,13.725490196078429,44,51,6,0,45,50,24841,0,1,0,-1,1
2020-07-18,US,North Carolina,Alamance,1648,39,0,36.0434701,-79.39976137,37001.0,972.2197641423168,2.3665048543689315,1609,1607,38,0,1569,1569,166436,41,1,0,40,38
2020-07-18,US,North Carolina,Alexander,210,1,0,35.922379600000006,-81.17751948,37003.0,560.0448035842868,0.4761904761904762,209,197,1,0,196,193,37353,13,0,0,13,4
2020-07-18,US,North Carolina,Alleghany,51,0,0,36.49360862,-81.12857041,37005.0,457.93301607255097,0.0,51,50,0,0,50,46,11161,1,0,0,1,4
2020-07-18,US,North Carolina,Anson,253,2,0,34.97403241,-80.09953279,37007.0,1034.934140554692,0.7905138339920948,251,240,2,0,238,234,24877,13,0,0,13,6
2020-07-18,US,North Carolina,Ashe,73,1,0,36.43296207,-81.49862729,37009.0,268.35275521082235,1.3698630136986298,72,67,1,0,66,67,27109,6,0,0,6,0
2020-07-18,US,North Carolina,Avery,51,0,0,36.07569796,-81.92308483,37011.0,290.4824286609329,0.0,51,51,0,0,51,51,17505,0,0,0,0,0
2020-07-18,US,North Carolina,Beaufort,190,0,0,35.48531943,-76.84325809,37013.0,404.30693279993193,0.0,190,185,0,0,185,171,47079,5,0,0,5,14
2020-07-18,US,North Carolina,Bertie,174,4,0,36.0688473,-76.96545943,37015.0,918.3511901620308,2.2988505747126435,170,168,4,0,164,163,19026,6,0,0,6,5
2020-07-18,US,North Carolina,Bladen,480,5,0,34.61296243,-78.56180059,37017.0,1466.9030010390563,1.0416666666666667,475,474,5,0,469,464,33190,6,0,0,6,10
2020-07-18,US,North Carolina,Brunswick,921,11,0,34.070565,-78.22814204,37019.0,644.8676655930543,1.1943539630836049,910,891,11,0,880,875,136744,30,0,0,30,16
2020-07-18,US,North Carolina,Buncombe,1108,42,0,35.61113393,-82.53305,37021.0,424.21063512908165,3.790613718411553,1066,1044,42,0,1002,992,259103,64,0,0,64,52
2020-07-18,US,North Carolina,Burke,1302,22,0,35.74989637,-81.70755735,37023.0,1438.9125269381666,1.6897081413210446,1280,1292,21,0,1271,1279,90382,10,1,0,9,13
2020-07-18,US,North Carolina,Cabarrus,1902,33,0,35.3877799,-80.55267168,37025.0,878.7126997546811,1.7350157728706626,1869,1828,33,0,1795,1795,211342,74,0,0,74,33
2020-07-18,US,North Carolina,Caldwell,754,9,0,35.95204977,-81.54799522,37027.0,917.5205042712164,1.1936339522546422,745,732,8,0,724,707,82029,22,1,0,21,25
2020-07-18,US,North Carolina,Camden,44,2,0,36.33804939,-76.15568396,37029.0,404.89555535106285,4.545454545454546,42,44,1,0,43,43,10710,0,1,0,-1,1
2020-07-18,US,North Carolina,Carteret,173,4,0,34.8932941,-76.54120135,37031.0,249.01760396125115,2.3121387283237,169,171,4,0,167,171,69524,2,0,0,2,0
2020-07-18,US,North Carolina,Caswell,167,2,0,36.39312665,-79.33353281,37033.0,738.8072907450007,1.1976047904191616,165,160,2,0,158,158,22698,7,0,0,7,2
2020-07-18,US,North Carolina,Catawba,1435,14,0,35.66211129,-81.2132617,37035.0,899.3989382705217,0.975609756097561,1421,1404,14,0,1390,1358,158652,31,0,0,31,46
2020-07-18,US,North Carolina,Chatham,1100,47,0,35.70394416,-79.25541492,37037.0,1477.1048744460854,4.2727272727272725,1053,1088,47,0,1041,1076,73139,12,0,0,12,12
2020-07-18,US,North Carolina,Cherokee,119,2,0,35.1349263,-84.05970864,37039.0,415.9094086397316,1.680672268907563,117,119,2,0,117,119,28383,0,0,0,0,0
2020-07-18,US,North Carolina,Chowan,50,0,0,36.12908077,-76.60118385,37041.0,358.6028831671806,0.0,50,44,0,0,44,41,14029,6,0,0,6,3
2020-07-18,US,North Carolina,Clay,29,0,0,35.05704275,-83.74353633,37043.0,258.2138723176921,0.0,29,27,0,0,27,27,11139,2,0,0,2,0
2020-07-18,US,North Carolina,Cleveland,649,10,0,35.33553364,-81.55204486,37045.0,662.6032446118819,1.5408320493066257,639,621,10,0,611,593,97645,28,0,0,28,28
2020-07-18,US,North Carolina,Columbus,693,39,0,34.26744084,-78.65801424,37047.0,1248.4686891979534,5.627705627705628,654,672,39,0,633,658,55655,21,0,0,21,14
2020-07-18,US,North Carolina,Craven,489,8,0,35.11833364,-77.08398081,37049.0,478.7593377652023,1.6359918200408998,481,488,8,0,480,487,102912,1,0,0,1,1
2020-07-18,US,North Carolina,Cumberland,1888,46,0,35.04762133,-78.82623165,37051.0,562.7270803465778,2.4364406779661016,1842,1829,46,0,1783,1802,332330,59,0,0,59,27
2020-07-18,US,North Carolina,Currituck,41,0,0,36.36123664,-75.95876401,37053.0,147.6785649965782,0.0,41,39,0,0,39,35,27072,2,0,0,2,4
2020-07-18,US,North Carolina,Dare,140,1,0,35.66520691,-75.71767334,37055.0,378.2863627766218,0.7142857142857143,139,126,1,0,125,124,36501,14,0,0,14,2
2020-07-18,US,North Carolina,Davidson,1392,16,0,35.79115496,-80.21256572,37057.0,830.5043285265111,1.1494252873563218,1376,1351,16,0,1335,1320,166614,41,0,0,41,31
2020-07-18,US,North Carolina,Davie,273,4,0,35.93099927,-80.54496571,37059.0,637.1656630723987,1.465201465201465,269,273,4,0,269,273,42733,0,0,0,0,0
2020-07-18,US,North Carolina,Duplin,1742,33,0,34.93449805,-77.93140529,37061.0,2965.560681636336,1.8943742824339842,1709,1732,33,0,1699,1728,58856,10,0,0,10,4
2020-07-18,US,North Carolina,Durham,4987,72,0,36.03638492,-78.87608331,37063.0,1551.2243069725776,1.443753759775416,4915,4911,71,0,4840,4827,316739,76,1,0,75,84
2020-07-18,US,North Carolina,Edgecombe,427,10,0,35.91230639,-77.59436892,37065.0,829.577245881256,2.34192037470726,417,420,9,0,411,415,52005,7,1,0,6,5
2020-07-18,US,North Carolina,Forsyth,4122,40,0,36.12859861,-80.25459052,37067.0,1078.224931008776,0.970402717127608,4082,4008,40,0,3968,3946,379099,114,0,0,114,62
2020-07-18,US,North Carolina,Franklin,578,23,0,36.081519,-78.28708884,37069.0,829.4467962976248,3.97923875432526,555,560,23,0,537,542,67560,18,0,0,18,18
2020-07-18,US,North Carolina,Gaston,2189,19,0,35.29373559,-81.17477045,37071.0,974.9297418150884,0.8679762448606669,2170,2120,18,0,2102,2076,222846,69,1,0,68,44
2020-07-18,US,North Carolina,Gates,31,2,0,36.44667547,-76.69749701,37073.0,268.11970247362046,6.451612903225807,29,30,2,0,28,30,11573,1,0,0,1,0
2020-07-18,US,North Carolina,Graham,10,0,0,35.3506925,-83.83369267,37075.0,118.46937566639023,0.0,10,10,0,0,10,10,8484,0,0,0,0,0
2020-07-18,US,North Carolina,Granville,1012,25,0,36.30337451,-78.65184241,37077.0,1674.3047168406595,2.4703557312252964,987,994,25,0,969,982,60115,18,0,0,18,12
2020-07-18,US,North Carolina,Greene,252,3,0,35.48544173,-77.67578087,37079.0,1196.070055531824,1.1904761904761905,249,250,3,0,247,242,21012,2,0,0,2,8
2020-07-18,US,North Carolina,Guilford,4061,132,0,36.07959451,-79.78824948,37081.0,755.9934025101736,3.2504309283427726,3929,3949,132,0,3817,3877,533670,112,0,0,112,72
2020-07-18,US,North Carolina,Halifax,469,4,0,36.25669272,-77.6556109,37083.0,937.8124375124976,0.8528784648187633,465,457,4,0,453,443,50574,12,0,0,12,14
2020-07-18,US,North Carolina,Harnett,871,32,0,35.36731853,-78.87243571,37085.0,640.5542154497853,3.6739380022962114,839,844,32,0,812,827,134214,27,0,0,27,17
2020-07-18,US,North Carolina,Haywood,166,0,0,35.55269063,-82.98196486,37087.0,266.37996052441554,0.0,166,154,0,0,154,149,61971,12,0,0,12,5
2020-07-18,US,North Carolina,Henderson,1056,52,0,35.33788927,-82.4766782,37089.0,899.3586959298909,4.924242424242424,1004,1034,51,0,983,1016,116748,22,1,0,21,18
2020-07-18,US,North Carolina,Hertford,192,11,0,36.3607755,-76.98104134,37091.0,810.9135447903027,5.729166666666668,181,184,11,0,173,184,23659,8,0,0,8,0
2020-07-18,US,North Carolina,Hoke,531,5,0,35.01888303,-79.23651674,37093.0,961.364377014158,0.9416195856873822,526,509,5,0,504,491,54764,22,0,0,22,18
2020-07-18,US,North Carolina,Hyde,33,0,0,35.42017674,-76.15180542,37095.0,668.4221186955641,0.0,33,33,0,0,33,33,5230,0,0,0,0,0
2020-07-18,US,North Carolina,Iredell,1308,11,0,35.80950511,-80.8743128,37097.0,719.448203029603,0.8409785932721713,1297,1265,10,0,1255,1234,178435,43,1,0,42,31
2020-07-18,US,North Carolina,Jackson,273,3,0,35.28814273,-83.14093385,37099.0,621.3300559879831,1.0989010989010992,270,252,3,0,249,237,43327,21,0,0,21,15
2020-07-18,US,North Carolina,Johnston,2349,38,0,35.51745004,-78.36622717,37101.0,1122.103382551746,1.6177096636866752,2311,2295,38,0,2257,2255,202675,54,0,0,54,40
2020-07-18,US,North Carolina,Jones,43,3,0,35.02254606,-77.35870791,37103.0,456.52404713876206,6.9767441860465125,40,43,3,0,40,43,9637,0,0,0,0,0
2020-07-18,US,North Carolina,Lee,984,8,0,35.47623147,-79.17569362,37105.0,1592.7742436750354,0.8130081300813008,976,968,8,0,960,958,61452,16,0,0,16,10
2020-07-18,US,North Carolina,Lenoir,449,11,0,35.24032589999999,-77.64245615,37107.0,802.5165775974547,2.4498886414253898,438,444,11,0,433,439,55976,5,0,0,5,5
2020-07-18,US,North Carolina,Lincoln,535,2,0,35.48508185,-81.21740317,37109.0,621.2911242466121,0.37383177570093457,533,521,2,0,519,508,83770,14,0,0,14,13
2020-07-18,US,North Carolina,Macon,379,3,0,35.14867843,-83.41696617,37113.0,1056.94684589213,0.7915567282321899,376,368,3,0,365,360,35285,11,0,0,11,8
2020-07-18,US,North Carolina,Madison,21,0,0,35.85402722,-82.71346418,37115.0,96.52953344058837,0.0,21,20,0,0,20,19,21763,1,0,0,1,1
2020-07-18,US,North Carolina,Martin,180,6,0,35.84326734,-77.10860251,37117.0,802.1390374331551,3.333333333333333,174,177,6,0,171,176,22671,3,0,0,3,1
2020-07-18,US,North Carolina,McDowell,365,3,0,35.67736232,-82.0482425,37111.0,797.7095899991258,0.821917808219178,362,355,3,0,352,347,45507,10,0,0,10,8
2020-07-18,US,North Carolina,Mecklenburg,17047,170,0,35.24469268,-80.8317671,37119.0,1535.273371783464,0.9972429166422244,16877,16657,167,0,16490,16360,1093901,390,3,0,387,297
2020-07-18,US,North Carolina,Mitchell,60,1,0,36.01059309,-82.1582442,37121.0,400.962309542903,1.6666666666666667,59,59,1,0,58,59,15000,1,0,0,1,0
2020-07-18,US,North Carolina,Montgomery,459,10,0,35.33155144,-79.90416657,37123.0,1689.176756339013,2.178649237472767,449,459,10,0,449,459,27271,0,0,0,0,0
2020-07-18,US,North Carolina,Moore,701,15,0,35.30885257,-79.48474178,37125.0,694.8850118953212,2.1398002853067046,686,688,15,0,673,688,98682,13,0,0,13,0
2020-07-18,US,North Carolina,Nash,735,6,0,35.96575634,-77.98422508,37127.0,779.4438906445523,0.8163265306122449,729,719,6,0,713,702,94016,16,0,0,16,17
2020-07-18,US,North Carolina,New Hanover,1752,11,0,34.25758282,-77.87075626,37129.0,747.2075676090637,0.6278538812785388,1741,1712,9,0,1703,1652,232274,40,2,0,38,60
2020-07-18,US,North Carolina,Northampton,230,16,0,36.41736238,-77.39769443,37131.0,1180.516347585074,6.956521739130435,214,230,16,0,214,230,19676,0,0,0,0,0
2020-07-18,US,North Carolina,Onslow,547,6,0,34.72607366,-77.42908179,37133.0,276.34915983792905,1.0968921389396709,541,507,5,0,502,489,197683,40,1,0,39,18
2020-07-18,US,North Carolina,Orange,1083,45,0,36.06092947,-79.12167935,37135.0,729.4108138689081,4.1551246537396125,1038,1050,45,0,1005,1035,146027,33,0,0,33,15
2020-07-18,US,North Carolina,Pamlico,42,1,0,35.15253315,-76.66559823,37137.0,330.03300330033005,2.380952380952381,41,42,1,0,41,42,12670,0,0,0,0,0
2020-07-18,US,North Carolina,Pasquotank,267,17,0,36.26723798,-76.25134778,37139.0,670.4499799116111,6.367041198501872,250,262,17,0,245,262,39639,5,0,0,5,0
2020-07-18,US,North Carolina,Pender,462,2,0,34.52265624,-77.90352133,37141.0,732.6355851569932,0.4329004329004329,460,446,2,0,444,430,62162,16,0,0,16,16
2020-07-18,US,North Carolina,Perquimans,43,2,0,36.17847453,-76.40603143,37143.0,319.3938943771819,4.651162790697675,41,43,2,0,41,43,13422,0,0,0,0,0
2020-07-18,US,North Carolina,Person,141,1,0,36.38989032,-78.97217358,37145.0,357.0524183337553,0.7092198581560284,140,139,1,0,138,136,39507,2,0,0,2,3
2020-07-18,US,North Carolina,Pitt,1154,10,0,35.59535426,-77.37353178,37147.0,638.479158137013,0.8665511265164645,1144,1079,10,0,1069,1040,179914,75,0,0,75,39
2020-07-18,US,North Carolina,Polk,106,5,0,35.27820615,-82.16812354,37149.0,511.48426944605285,4.716981132075472,101,105,5,0,100,103,20611,1,0,0,1,2
2020-07-18,US,North Carolina,Randolph,1707,34,0,35.71015088,-79.80570339,37151.0,1188.1642966025602,1.9917984768599883,1673,1636,33,0,1603,1602,143351,71,1,0,70,34
2020-07-18,US,North Carolina,Richmond,396,7,0,35.00417719,-79.74491009,37153.0,883.3567556715518,1.7676767676767675,389,391,7,0,384,385,44887,5,0,0,5,6
2020-07-18,US,North Carolina,Robeson,1928,46,0,34.64244496,-79.10250529999998,37155.0,1475.9808612440193,2.385892116182573,1882,1863,46,0,1817,1798,131831,65,0,0,65,65
2020-07-18,US,North Carolina,Rockingham,356,4,0,36.39593137,-79.77504841,37157.0,391.1658059553897,1.1235955056179776,352,341,2,0,339,341,90690,15,2,0,13,0
2020-07-18,US,North Carolina,Rowan,1672,45,0,35.64003916,-80.52446628,37159.0,1176.7355441698105,2.691387559808613,1627,1651,45,0,1606,1609,141262,21,0,0,21,42
2020-07-18,US,North Carolina,Rutherford,451,11,0,35.40114178,-81.92112099,37161.0,672.8430977636548,2.4390243902439024,440,444,10,0,434,436,66826,7,1,0,6,8
2020-07-18,US,North Carolina,Sampson,1291,8,0,34.98820368,-78.36914061,37163.0,2032.078827658938,0.6196746707978311,1283,1283,8,0,1275,1260,63626,8,0,0,8,23
2020-07-18,US,North Carolina,Scotland,185,2,0,34.8386299,-79.4757978,37165.0,531.2580765585964,1.0810810810810811,183,183,2,0,181,183,34810,2,0,0,2,0
2020-07-18,US,North Carolina,Stanly,640,6,0,35.31647813,-80.25093221,37167.0,1019.0109225233258,0.9375,634,621,6,0,615,613,62075,19,0,0,19,8
2020-07-18,US,North Carolina,Stokes,194,1,0,36.4017975,-80.23893369,37169.0,425.522581211204,0.5154639175257731,193,184,1,0,183,183,45467,10,0,0,10,1
2020-07-18,US,North Carolina,Surry,655,4,0,36.41689489,-80.69102283,37171.0,912.472312385941,0.6106870229007634,651,642,3,0,639,628,71948,13,1,0,12,14
2020-07-18,US,North Carolina,Swain,80,2,0,35.48665845,-83.48748932,37173.0,560.577394716558,2.5,78,77,1,0,76,77,14245,3,1,0,2,0
2020-07-18,US,North Carolina,Transylvania,75,1,0,35.20383864,-82.79638423,37175.0,218.1183655663807,1.3333333333333333,74,68,1,0,67,66,34215,7,0,0,7,2
2020-07-18,US,North Carolina,Tyrrell,64,1,0,35.87147226,-76.17055253,37177.0,1593.6254980079682,1.5625,63,63,1,0,62,63,4131,1,0,0,1,0
2020-07-18,US,North Carolina,Union,2145,30,0,34.98960527,-80.52955873,37179.0,894.2753867897391,1.3986013986013983,2115,2091,30,0,2061,2036,235908,54,0,0,54,55
2020-07-18,US,North Carolina,Vance,618,40,0,36.36880673,-78.40670845,37181.0,1387.6726170427753,6.472491909385114,578,604,40,0,564,599,44582,14,0,0,14,5
2020-07-18,US,North Carolina,Wake,8628,89,0,35.78879266,-78.65249174,37183.0,776.0660789504219,1.0315252665739454,8539,8354,86,0,8268,8198,1092305,274,3,0,271,156
2020-07-18,US,North Carolina,Warren,205,6,0,36.39728256,-78.10652228,37185.0,1038.974203030764,2.9268292682926833,199,204,6,0,198,200,19807,1,0,0,1,4
2020-07-18,US,North Carolina,Washington,62,3,0,35.83810081,-76.57299037,37187.0,535.405872193437,4.838709677419356,59,60,3,0,57,57,11859,2,0,0,2,3
2020-07-18,US,North Carolina,Watauga,172,0,0,36.23103603,-81.70033724,37189.0,306.17512505117753,0.0,172,163,0,0,163,153,55945,9,0,0,9,10
2020-07-18,US,North Carolina,Wayne,2098,34,0,35.36438125,-78.00027268,37191.0,1703.8763593246215,1.6205910390848428,2064,2071,34,0,2037,2055,123248,27,0,0,27,16
2020-07-18,US,North Carolina,Wilkes,653,7,0,36.2084135,-81.16232895,37193.0,954.5109045196747,1.0719754977029097,646,651,7,0,644,641,68557,2,0,0,2,10
2020-07-18,US,North Carolina,Wilson,1101,28,0,35.70625477,-77.917978,37195.0,1345.9493160230315,2.5431425976385102,1073,1075,28,0,1047,1046,81455,26,0,0,26,29
2020-07-18,US,North Carolina,Yadkin,407,6,0,36.16222629,-80.66239436,37197.0,1080.521411314944,1.4742014742014742,401,399,5,0,394,399,37543,8,1,0,7,0
2020-07-18,US,North Carolina,Yancey,66,0,0,35.90079156,-82.31237181,37199.0,365.2664784990868,0.0,66,65,0,0,65,65,17903,1,0,0,1,0
2020-07-18,US,North Dakota,Barnes,26,0,0,46.93579637,-98.06605978,38003.0,249.63994239078247,0.0,26,26,0,0,26,25,10542,0,0,0,0,1
2020-07-18,US,North Dakota,Benson,23,0,0,48.0683985,-99.35916363,38005.0,336.6510538641686,0.0,23,21,0,0,21,18,6962,2,0,0,2,3
2020-07-18,US,North Dakota,Billings,1,0,0,47.02366884,-103.3762965,38007.0,107.75862068965515,0.0,1,1,0,0,1,1,919,0,0,0,0,0
2020-07-18,US,North Dakota,Bottineau,7,0,0,48.79106111,-100.8378166,38009.0,111.42948105698822,0.0,7,7,0,0,7,7,6411,0,0,0,0,0
2020-07-18,US,North Dakota,Bowman,1,0,0,46.11285362,-103.5203343,38011.0,33.06878306878307,0.0,1,1,0,0,1,1,3076,0,0,0,0,0
2020-07-18,US,North Dakota,Burke,7,0,0,48.79094471,-102.51821170000001,38013.0,330.9692671394799,0.0,7,7,0,0,7,7,2100,0,0,0,0,0
2020-07-18,US,North Dakota,Burleigh,548,0,0,46.97847375,-100.46452140000001,38015.0,573.0659025787966,0.0,548,525,0,0,525,500,95273,23,0,0,23,25
2020-07-18,US,North Dakota,Cass,2613,73,0,46.93201724,-97.24447190000001,38017.0,1436.3219603898349,2.793723689246077,2540,2584,73,0,2511,2547,181516,29,0,0,29,37
2020-07-18,US,North Dakota,Cavalier,24,0,0,48.77286211,-98.46685243,38019.0,637.9585326953749,0.0,24,23,0,0,23,21,3829,1,0,0,1,2
2020-07-18,US,North Dakota,Dickey,8,0,0,46.11017712,-98.50490079999999,38021.0,164.20361247947451,0.0,8,6,0,0,6,6,4903,2,0,0,2,0
2020-07-18,US,North Dakota,Divide,1,0,0,48.814938700000006,-103.48736109999999,38023.0,44.16961130742049,0.0,1,1,0,0,1,1,2283,0,0,0,0,0
2020-07-18,US,North Dakota,Dunn,27,0,0,47.35423935,-102.61604679999999,38025.0,610.3074141048825,0.0,27,27,0,0,27,26,4332,0,0,0,0,1
2020-07-18,US,North Dakota,Eddy,5,0,0,47.71701474,-98.90432337,38027.0,218.62702229995628,0.0,5,5,0,0,5,5,2313,0,0,0,0,0
2020-07-18,US,North Dakota,Emmons,7,1,0,46.28398398,-100.2389766,38029.0,215.98272138228938,14.285714285714285,6,7,1,0,6,7,3295,0,0,0,0,0
2020-07-18,US,North Dakota,Foster,3,0,0,47.457108399999996,-98.88279923,38031.0,93.45794392523364,0.0,3,3,0,0,3,3,3216,0,0,0,0,0
2020-07-18,US,North Dakota,Golden Valley,2,0,0,46.94022281,-103.8465421,38033.0,113.57183418512207,0.0,2,2,0,0,2,1,1769,0,0,0,0,1
2020-07-18,US,North Dakota,Grand Forks,483,4,0,47.92093639,-97.45450447,38035.0,695.454349109444,0.8281573498964804,479,481,4,0,477,470,70770,2,0,0,2,11
2020-07-18,US,North Dakota,Grant,4,0,0,46.35821257,-101.63900129999999,38037.0,175.9014951627089,0.0,4,4,0,0,4,4,2374,0,0,0,0,0
2020-07-18,US,North Dakota,Griggs,3,0,0,47.45785838,-98.23850925,38039.0,134.4688480502017,0.0,3,2,0,0,2,2,2232,1,0,0,1,0
2020-07-18,US,North Dakota,Hettinger,6,0,0,46.43375068,-102.4632417,38041.0,240.09603841536614,0.0,6,2,0,0,2,2,2514,4,0,0,4,0
2020-07-18,US,North Dakota,Kidder,4,0,0,46.97830064,-99.77507857,38043.0,161.29032258064515,0.0,4,4,0,0,4,4,2450,0,0,0,0,0
2020-07-18,US,North Dakota,LaMoure,14,0,0,46.45681054,-98.53542355,38045.0,346.02076124567475,0.0,14,14,0,0,14,14,4062,0,0,0,0,0
2020-07-18,US,North Dakota,Logan,1,0,0,46.45729487,-99.47719806,38047.0,54.05405405405406,0.0,1,1,0,0,1,1,1903,0,0,0,0,0
2020-07-18,US,North Dakota,McHenry,11,1,0,48.23104458,-100.6324822,38049.0,191.4708442123585,9.090909090909092,10,10,1,0,9,10,5816,1,0,0,1,0
2020-07-18,US,North Dakota,McIntosh,8,0,0,46.11182017,-99.44145858,38051.0,320.3844613536244,0.0,8,8,0,0,8,8,2585,0,0,0,0,0
2020-07-18,US,North Dakota,McKenzie,51,0,0,47.74133370000001,-103.395905,38053.0,339.45686900958464,0.0,51,46,0,0,46,45,13632,5,0,0,5,1
2020-07-18,US,North Dakota,McLean,13,0,0,47.60766714,-101.3182418,38055.0,137.56613756613757,0.0,13,12,0,0,12,12,9541,1,0,0,1,0
2020-07-18,US,North Dakota,Mercer,12,0,0,47.31213126,-101.8318399,38057.0,146.57383657017226,0.0,12,12,0,0,12,9,8267,0,0,0,0,3
2020-07-18,US,North Dakota,Morton,156,3,0,46.71681782,-101.2822377,38059.0,497.3855375589848,1.9230769230769231,153,148,3,0,145,144,31095,8,0,0,8,4
2020-07-18,US,North Dakota,Mountrail,89,1,0,48.20197971,-102.3555315,38061.0,844.0018966334758,1.1235955056179776,88,90,1,0,89,89,10218,-1,0,0,-1,1
2020-07-18,US,North Dakota,Nelson,3,0,0,47.9226426,-98.19038437,38063.0,104.20284821118445,0.0,3,2,0,0,2,2,2869,1,0,0,1,0
2020-07-18,US,North Dakota,Oliver,3,0,0,47.11530482,-101.3406158,38065.0,153.13935681470142,0.0,3,2,0,0,2,2,1952,1,0,0,1,0
2020-07-18,US,North Dakota,Pembina,18,0,0,48.76623521,-97.5523809,38067.0,264.6669607410675,0.0,18,17,0,0,17,15,6947,1,0,0,1,2
2020-07-18,US,North Dakota,Pierce,8,0,0,48.24977025,-99.96407787,38069.0,201.2578616352201,0.0,8,8,0,0,8,8,4081,0,0,0,0,0
2020-07-18,US,North Dakota,Ramsey,25,1,0,48.26886249,-98.72223879,38071.0,217.03272853546315,4.0,24,24,1,0,23,24,11481,1,0,0,1,0
2020-07-18,US,North Dakota,Ransom,23,0,0,46.45621782,-97.65742504,38073.0,440.78190877730935,0.0,23,22,0,0,22,21,5237,1,0,0,1,1
2020-07-18,US,North Dakota,Renville,8,0,0,48.71982533,-101.6603912,38075.0,343.79028792436617,0.0,8,7,0,0,7,7,2374,1,0,0,1,0
2020-07-18,US,North Dakota,Richland,49,0,0,46.26440649,-96.94852979,38077.0,302.8991778450888,0.0,49,49,0,0,49,48,16239,0,0,0,0,1
2020-07-18,US,North Dakota,Rolette,13,0,0,48.77245354,-99.84097493,38079.0,91.70428893905192,0.0,13,12,0,0,12,12,14301,1,0,0,1,0
2020-07-18,US,North Dakota,Sargent,8,0,0,46.10830372,-97.63217159,38081.0,205.2334530528476,0.0,8,9,0,0,9,8,3870,-1,0,0,-1,1
2020-07-18,US,North Dakota,Sheridan,4,0,0,47.57700669,-100.3426391,38083.0,304.18250950570336,0.0,4,3,0,0,3,3,1349,1,0,0,1,0
2020-07-18,US,North Dakota,Sioux,45,0,0,46.11323337,-101.04401490000001,38085.0,1063.8297872340424,0.0,45,44,0,0,44,41,4358,1,0,0,1,3
2020-07-18,US,North Dakota,Slope,3,0,0,46.44737738,-103.4601547,38087.0,400.0,0.0,3,3,0,0,3,3,763,0,0,0,0,0
2020-07-18,US,North Dakota,Stark,121,3,0,46.80851182,-102.65763259999999,38089.0,384.26117056749985,2.479338842975207,118,111,3,0,108,108,30997,10,0,0,10,3
2020-07-18,US,North Dakota,Steele,5,0,0,47.45611548,-97.72728747,38091.0,264.55026455026456,0.0,5,4,0,0,4,4,1903,1,0,0,1,0
2020-07-18,US,North Dakota,Stutsman,74,2,0,46.97962541,-98.95637318,38093.0,357.41885625965995,2.702702702702702,72,72,2,0,70,71,20917,2,0,0,2,1
2020-07-18,US,North Dakota,Towner,3,0,0,48.68565745,-99.24564265,38095.0,137.04888076747372,0.0,3,3,0,0,3,3,2192,0,0,0,0,0
2020-07-18,US,North Dakota,Traill,29,0,0,47.45367788,-97.16323288,38097.0,360.87605774016924,0.0,29,29,0,0,29,28,8037,0,0,0,0,1
2020-07-18,US,North Dakota,Walsh,70,0,0,48.36876964,-97.72574783,38099.0,657.832910440748,0.0,70,66,0,0,66,66,10667,4,0,0,4,0
2020-07-18,US,North Dakota,Ward,100,1,0,48.22390169,-101.54367629999999,38101.0,147.8393282180926,1.0,99,96,1,0,95,83,67744,4,0,0,4,13
2020-07-18,US,North Dakota,Wells,11,0,0,47.58614526,-99.65904998,38103.0,286.906624934794,0.0,11,11,0,0,11,11,3957,0,0,0,0,0
2020-07-18,US,North Dakota,Williams,126,0,0,48.34522353,-103.4793387,38105.0,335.2044481098193,0.0,126,118,0,0,118,110,35350,8,0,0,8,8
2020-07-18,US,Ohio,Adams,32,2,0,38.84541072,-83.4718964,39001.0,115.53180735071123,6.25,30,30,2,0,28,30,27724,2,0,0,2,0
2020-07-18,US,Ohio,Allen,440,41,0,40.77285242,-84.10802343,39003.0,429.89321061836233,9.318181818181818,399,425,41,0,384,410,102663,15,0,0,15,15
2020-07-18,US,Ohio,Ashland,100,3,0,40.84772277,-82.27280781,39005.0,186.9718046518585,3.0,97,97,3,0,94,90,53745,3,0,0,3,7
2020-07-18,US,Ohio,Ashtabula,464,44,0,41.70860332,-80.74830218,39007.0,477.16498184922006,9.482758620689657,420,462,44,0,418,460,97493,2,0,0,2,2
2020-07-18,US,Ohio,Athens,260,1,0,39.33425634,-82.04278644,39009.0,397.99776508947303,0.38461538461538464,259,250,1,0,249,234,65818,10,0,0,10,16
2020-07-18,US,Ohio,Auglaize,124,4,0,40.55998859,-84.22421429999999,39011.0,271.59628526371125,3.2258064516129035,120,120,4,0,116,115,45804,4,0,0,4,5
2020-07-18,US,Ohio,Belmont,574,24,0,40.01625942,-80.9924051,39013.0,856.6397039071127,4.181184668989547,550,575,24,0,551,575,67505,-1,0,0,-1,0
2020-07-18,US,Ohio,Brown,67,1,0,38.93416837,-83.86788395,39015.0,154.2641370418125,1.492537313432836,66,66,1,0,65,65,43602,1,0,0,1,1
2020-07-18,US,Ohio,Butler,2091,51,0,39.44012838,-84.57388716,39017.0,545.7620571392778,2.4390243902439024,2040,2063,49,0,2014,2012,382378,28,2,0,26,51
2020-07-18,US,Ohio,Carroll,81,3,0,40.5789686,-81.09178213,39019.0,300.95860890242994,3.703703703703704,78,78,3,0,75,76,27081,3,0,0,3,2
2020-07-18,US,Ohio,Champaign,68,1,0,40.13923427,-83.76875242,39021.0,174.87463032017487,1.4705882352941178,67,65,1,0,64,61,38754,3,0,0,3,4
2020-07-18,US,Ohio,Clark,877,11,0,39.91592258,-83.78498252,39023.0,654.0724774952828,1.2542759407069557,866,868,11,0,857,851,134585,9,0,0,9,17
2020-07-18,US,Ohio,Clermont,606,7,0,39.04847534,-84.15375786,39025.0,293.5648264770283,1.155115511551155,599,588,7,0,581,570,205466,18,0,0,18,18
2020-07-18,US,Ohio,Clinton,104,2,0,39.41485808,-83.80852286,39027.0,247.80785360274498,1.9230769230769231,102,99,2,0,97,97,42057,5,0,0,5,2
2020-07-18,US,Ohio,Columbiana,1451,60,0,40.76932373,-80.78094576,39029.0,1424.1826408723734,4.135079255685734,1391,1433,60,0,1373,1418,102665,18,0,0,18,15
2020-07-18,US,Ohio,Coshocton,162,4,0,40.30096166,-81.91729018,39031.0,442.62295081967216,2.469135802469136,158,160,4,0,156,160,36629,2,0,0,2,0
2020-07-18,US,Ohio,Crawford,151,5,0,40.85065156,-82.91989099,39033.0,363.9080348966117,3.3112582781456954,146,149,5,0,144,146,41550,2,0,0,2,3
2020-07-18,US,Ohio,Cuyahoga,10438,414,0,41.424119,-81.65918339,39035.0,845.1329153280133,3.9662770645717567,10024,10215,407,0,9808,9985,1243857,223,7,0,216,230
2020-07-18,US,Ohio,Darke,263,26,0,40.13412966,-84.6194517,39037.0,514.5462015534208,9.88593155893536,237,263,26,0,237,262,51323,0,0,0,0,1
2020-07-18,US,Ohio,Defiance,72,3,0,41.32398837,-84.49076944,39039.0,189.04088009031952,4.166666666666667,69,68,3,0,65,62,38165,4,0,0,4,6
2020-07-18,US,Ohio,Delaware,902,15,0,40.27942393,-83.00457058,39041.0,431.2137567705818,1.6629711751662972,887,871,15,0,856,829,204826,31,0,0,31,42
2020-07-18,US,Ohio,Erie,353,22,0,41.36796058,-82.62904521,39043.0,475.3184498963186,6.232294617563739,331,340,22,0,318,327,74615,13,0,0,13,13
2020-07-18,US,Ohio,Fairfield,874,17,0,39.75107189,-82.63088163,39045.0,554.660032746519,1.9450800915331807,857,834,17,0,817,787,155782,40,0,0,40,47
2020-07-18,US,Ohio,Fayette,59,0,0,39.56021306,-83.4562016,39047.0,206.83610867659942,0.0,59,59,0,0,59,58,28666,0,0,0,0,1
2020-07-18,US,Ohio,Franklin,13778,461,0,39.96995815,-83.01115755,39049.0,1046.3593862492366,3.3459137755842647,13317,13412,457,0,12955,13099,1310300,366,4,0,362,313
2020-07-18,US,Ohio,Fulton,83,0,0,41.60213491,-84.12571393,39051.0,197.02796372786403,0.0,83,81,0,0,81,74,42276,2,0,0,2,7
2020-07-18,US,Ohio,Gallia,29,1,0,38.82708533,-82.31647569,39053.0,96.99645461234866,3.4482758620689653,28,24,1,0,23,24,29979,5,0,0,5,0
2020-07-18,US,Ohio,Geauga,458,42,0,41.49952319,-81.17935342,39055.0,489.06021420410264,9.170305676855897,416,453,42,0,411,448,94031,5,0,0,5,5
2020-07-18,US,Ohio,Greene,454,10,0,39.69116283,-83.89032084,39057.0,268.73923415237635,2.202643171806167,444,432,9,0,423,411,167995,22,1,0,21,21
2020-07-18,US,Ohio,Guernsey,88,4,0,40.05026529,-81.49248905,39059.0,226.36655948553056,4.545454545454546,84,88,4,0,84,85,39022,0,0,0,0,3
2020-07-18,US,Ohio,Hamilton,7703,213,0,39.19673558,-84.54502924,39061.0,942.2941185825098,2.765156432558743,7490,7586,212,0,7374,7415,816684,117,1,0,116,171
2020-07-18,US,Ohio,Hancock,112,1,0,41.00250487,-83.66838948,39063.0,147.79040154124274,0.8928571428571429,111,109,1,0,108,103,75930,3,0,0,3,6
2020-07-18,US,Ohio,Hardin,136,12,0,40.66015414,-83.65929931,39065.0,433.6043360433604,8.823529411764708,124,133,12,0,121,129,31480,3,0,0,3,4
2020-07-18,US,Ohio,Harrison,16,1,0,40.29380509,-81.09068544,39067.0,106.38297872340424,6.25,15,16,1,0,15,16,15174,0,0,0,0,0
2020-07-18,US,Ohio,Henry,49,0,0,41.3339642,-84.06830637,39069.0,181.44116122343186,0.0,49,47,0,0,47,40,27086,2,0,0,2,7
2020-07-18,US,Ohio,Highland,66,1,0,39.1839264,-83.60331456,39071.0,152.91582678807256,1.5151515151515151,65,65,1,0,64,61,43058,1,0,0,1,4
2020-07-18,US,Ohio,Hocking,91,8,0,39.49537927,-82.47991446,39073.0,321.9643362581376,8.791208791208794,83,91,8,0,83,90,28385,0,0,0,0,1
2020-07-18,US,Ohio,Holmes,289,5,0,40.56163713,-81.92635677,39075.0,657.4158325750683,1.7301038062283738,284,285,5,0,280,278,43892,4,0,0,4,7
2020-07-18,US,Ohio,Huron,284,3,0,41.14651175,-82.59867951,39077.0,487.41976452819824,1.056338028169014,281,278,3,0,275,275,58504,6,0,0,6,3
2020-07-18,US,Ohio,Jackson,39,0,0,39.01914254,-82.61818559999998,39079.0,120.3220929873816,0.0,39,38,0,0,38,34,32384,1,0,0,1,4
2020-07-18,US,Ohio,Jefferson,147,2,0,40.38614126,-80.76259514,39081.0,225.0287026406429,1.3605442176870748,145,145,2,0,143,140,65767,2,0,0,2,5
2020-07-18,US,Ohio,Knox,72,1,0,40.39830217,-82.42027563,39083.0,115.5290266679503,1.3888888888888888,71,72,1,0,71,65,61893,0,0,0,0,7
2020-07-18,US,Ohio,Lake,762,23,0,41.69710807,-81.23676539,39085.0,331.0898591781845,3.0183727034120733,739,706,23,0,683,679,230514,56,0,0,56,27
2020-07-18,US,Ohio,Lawrence,136,0,0,38.59743452,-82.53466552,39087.0,228.71365386879242,0.0,136,115,0,0,115,103,59866,21,0,0,21,12
2020-07-18,US,Ohio,Licking,697,14,0,40.09136236,-82.48185785,39089.0,394.0925693478531,2.008608321377332,683,684,14,0,670,664,175769,13,0,0,13,20
2020-07-18,US,Ohio,Logan,80,1,0,40.38996525,-83.76784341,39091.0,175.16202487300754,1.25,79,78,1,0,77,77,45358,2,0,0,2,1
2020-07-18,US,Ohio,Lorain,1305,71,0,41.29553751,-82.15083537,39093.0,421.1946435660501,5.440613026819923,1234,1277,71,0,1206,1243,309461,28,0,0,28,34
2020-07-18,US,Ohio,Lucas,3387,306,0,41.62101218,-83.65468618,39095.0,790.7122246397789,9.034543844109832,3081,3296,306,0,2990,3214,429899,91,0,0,91,82
2020-07-18,US,Ohio,Madison,244,9,0,39.89381073,-83.40178317,39097.0,545.4829983680222,3.6885245901639343,235,244,9,0,235,237,44413,0,0,0,0,7
2020-07-18,US,Ohio,Mahoning,2073,240,0,41.01631101,-80.77287029,39099.0,906.4950171197684,11.577424023154848,1833,2055,240,0,1815,2027,229642,18,0,0,18,28
2020-07-18,US,Ohio,Marion,2774,39,0,40.58610662,-83.15736305,39101.0,4261.594948765613,1.40591204037491,2735,2768,39,0,2729,2764,65256,6,0,0,6,4
2020-07-18,US,Ohio,Medina,670,32,0,41.11770589,-81.89986209999998,39103.0,372.74821136492614,4.776119402985074,638,658,32,0,626,646,179146,12,0,0,12,12
2020-07-18,US,Ohio,Meigs,19,0,0,39.09224872,-82.0305041,39105.0,82.9440782293622,0.0,19,18,0,0,18,17,23106,1,0,0,1,1
2020-07-18,US,Ohio,Mercer,334,11,0,40.54043046,-84.62912742,39107.0,811.2309336442243,3.2934131736526946,323,320,11,0,309,313,40959,14,0,0,14,7
2020-07-18,US,Ohio,Miami,570,31,0,40.0543329,-84.22871271,39109.0,532.7750100479499,5.43859649122807,539,561,31,0,530,539,106222,9,0,0,9,22
2020-07-18,US,Ohio,Monroe,89,17,0,39.72984936,-81.08464734,39111.0,651.8236414237588,19.101123595505623,72,89,17,0,72,89,13790,0,0,0,0,0
2020-07-18,US,Ohio,Montgomery,2939,45,0,39.75394919,-84.29050975,39113.0,552.7688282767871,1.5311330384484518,2894,2867,44,0,2823,2777,532331,72,1,0,71,90
2020-07-18,US,Ohio,Morgan,14,0,0,39.62081738,-81.85308173,39115.0,96.4984835952578,0.0,14,14,0,0,14,13,14604,0,0,0,0,1
2020-07-18,US,Ohio,Morrow,133,1,0,40.52363560000001,-82.7892599,39117.0,376.4719202898551,0.7518796992481203,132,133,1,0,132,132,35112,0,0,0,0,1
2020-07-18,US,Ohio,Muskingum,118,1,0,39.96575964,-81.94363275,39119.0,136.867134489358,0.8474576271186439,117,115,1,0,114,112,86183,3,0,0,3,3
2020-07-18,US,Ohio,Noble,15,0,0,39.76818851,-81.45937183,39121.0,103.99334442595672,0.0,15,15,0,0,15,14,14354,0,0,0,0,1
2020-07-18,US,Ohio,Ottawa,259,24,0,41.53781826,-83.0940185,39123.0,639.1116594694632,9.266409266409266,235,243,24,0,219,237,40769,16,0,0,16,6
2020-07-18,US,Ohio,Paulding,39,0,0,41.11676341,-84.5801017,39125.0,208.8688946015424,0.0,39,39,0,0,39,39,18760,0,0,0,0,0
2020-07-18,US,Ohio,Perry,58,1,0,39.73508655,-82.23804971,39127.0,160.5136436597111,1.7241379310344829,57,55,1,0,54,53,36033,3,0,0,3,2
2020-07-18,US,Ohio,Pickaway,2263,42,0,39.64170392,-83.0243386,39129.0,3871.221581675421,1.8559434379142727,2221,2258,42,0,2216,2249,58086,5,0,0,5,9
2020-07-18,US,Ohio,Pike,37,0,0,39.07634001,-83.06769584,39131.0,133.2277113639637,0.0,37,35,0,0,35,33,28067,2,0,0,2,2
2020-07-18,US,Ohio,Portage,550,59,0,41.16793482,-81.19735782,39133.0,338.53236984969163,10.727272727272727,491,542,59,0,483,525,162927,8,0,0,8,17
2020-07-18,US,Ohio,Preble,105,1,0,39.7420247,-84.64787018,39135.0,256.8367496697813,0.9523809523809524,104,104,1,0,103,102,40997,1,0,0,1,2
2020-07-18,US,Ohio,Putnam,157,16,0,41.02094889,-84.1336111,39137.0,463.6602581140545,10.19108280254777,141,156,15,0,141,153,33780,1,1,0,0,3
2020-07-18,US,Ohio,Richland,425,8,0,40.77180308,-82.53799609999999,39139.0,350.7932053419616,1.8823529411764703,417,422,7,0,415,412,121099,3,1,0,2,10
2020-07-18,US,Ohio,Ross,173,3,0,39.33705391,-83.06000914,39141.0,225.6541361229228,1.7341040462427746,170,168,3,0,165,161,76931,5,0,0,5,7
2020-07-18,US,Ohio,Sandusky,208,15,0,41.35624126,-83.137872,39143.0,355.44618749786383,7.211538461538463,193,207,15,0,192,191,58799,1,0,0,1,16
2020-07-18,US,Ohio,Scioto,99,0,0,38.80270163,-82.98907345,39145.0,131.4496640730807,0.0,99,94,0,0,94,90,75502,5,0,0,5,4
2020-07-18,US,Ohio,Seneca,61,2,0,41.12351311,-83.12783209,39147.0,110.55130668019864,3.278688524590164,59,54,2,0,52,48,55207,7,0,0,7,6
2020-07-18,US,Ohio,Shelby,81,4,0,40.33163494,-84.20258189,39149.0,166.70096727721753,4.938271604938271,77,81,4,0,77,79,48627,0,0,0,0,2
2020-07-18,US,Ohio,Stark,1341,118,0,40.81482476,-81.36437305,39151.0,361.83979752081717,8.799403430275914,1223,1319,118,0,1201,1294,371574,22,0,0,22,25
2020-07-18,US,Ohio,Summit,2570,211,0,41.12464734,-81.53123079,39153.0,475.03479583669883,8.210116731517509,2359,2538,211,0,2327,2499,541918,32,0,0,32,39
2020-07-18,US,Ohio,Trumbull,1139,82,0,41.31735028,-80.76109643,39155.0,575.3280733833735,7.199297629499561,1057,1117,81,0,1036,1094,198627,22,1,0,21,23
2020-07-18,US,Ohio,Tuscarawas,677,11,0,40.44214695,-81.47226262,39157.0,735.9735614815138,1.6248153618906942,666,662,11,0,651,655,92176,15,0,0,15,7
2020-07-18,US,Ohio,Union,140,1,0,40.30016061,-83.37239023,39159.0,237.3364074048959,0.7142857142857143,139,134,1,0,133,130,57835,6,0,0,6,4
2020-07-18,US,Ohio,Van Wert,53,1,0,40.8554138,-84.59111700000003,39161.0,187.4447391688771,1.8867924528301887,52,53,1,0,52,52,28281,0,0,0,0,1
2020-07-18,US,Ohio,Vinton,25,2,0,39.25208988,-82.4831444,39163.0,191.05846388995042,8.0,23,24,2,0,22,24,13139,1,0,0,1,0
2020-07-18,US,Ohio,Warren,1203,28,0,39.42581994,-84.16557457,39165.0,512.7833522305863,2.327514546965918,1175,1171,28,0,1143,1124,232173,32,0,0,32,47
2020-07-18,US,Ohio,Washington,164,20,0,39.45690571,-81.49121382,39167.0,273.7393800804527,12.19512195121951,144,162,20,0,142,158,60155,2,0,0,2,4
2020-07-18,US,Ohio,Wayne,399,56,0,40.82925852,-81.88844833,39169.0,344.82758620689657,14.035087719298243,343,393,56,0,337,387,115967,6,0,0,6,6
2020-07-18,US,Ohio,Williams,87,3,0,41.56052014,-84.58429552,39171.0,237.10890657363998,3.4482758620689653,84,87,2,0,85,86,36804,0,1,0,-1,1
2020-07-18,US,Ohio,Wood,570,52,0,41.36224827,-83.62285108,39173.0,435.72318582447235,9.12280701754386,518,544,52,0,492,529,130696,26,0,0,26,15
2020-07-18,US,Ohio,Wyandot,72,5,0,40.84339621,-83.30734173,39175.0,330.6999816277788,6.9444444444444455,67,72,5,0,67,70,21935,0,0,0,0,2
2020-07-18,US,Oklahoma,Adair,168,4,0,35.88494195,-94.65859267,40001.0,756.9613409029467,2.380952380952381,164,166,4,0,162,163,22082,2,0,0,2,3
2020-07-18,US,Oklahoma,Alfalfa,1,0,0,36.73090616,-98.32408495,40003.0,17.5377060680463,0.0,1,1,0,0,1,1,5754,0,0,0,0,0
2020-07-18,US,Oklahoma,Atoka,42,0,0,34.37366573,-96.03802487,40005.0,305.27692978630614,0.0,42,41,0,0,41,40,13838,1,0,0,1,1
2020-07-18,US,Oklahoma,Beaver,32,0,0,36.7496847,-100.4758872,40007.0,602.5230653360949,0.0,32,32,0,0,32,32,5319,0,0,0,0,0
2020-07-18,US,Oklahoma,Beckham,27,0,0,35.26862449,-99.68128023,40009.0,123.51891669335285,0.0,27,25,0,0,25,25,21709,2,0,0,2,0
2020-07-18,US,Oklahoma,Blaine,23,0,0,35.87518314,-98.43307003,40011.0,243.9283062891081,0.0,23,22,0,0,22,22,9485,1,0,0,1,0
2020-07-18,US,Oklahoma,Bryan,226,1,0,33.96472458,-96.25903472,40013.0,470.8823835816232,0.4424778761061947,225,219,1,0,218,205,47192,7,0,0,7,14
2020-07-18,US,Oklahoma,Caddo,223,11,0,35.17364557,-98.37534464,40015.0,775.3285585147069,4.932735426008969,212,220,11,0,209,216,28977,3,0,0,3,4
2020-07-18,US,Oklahoma,Canadian,652,4,0,35.5426055,-97.98465569,40017.0,439.6315725594378,0.6134969325153374,648,631,3,0,628,608,144447,21,1,0,20,23
2020-07-18,US,Oklahoma,Carter,213,3,0,34.25103751,-97.28552485,40019.0,442.7261956725074,1.4084507042253518,210,207,2,0,205,203,48177,6,1,0,5,4
2020-07-18,US,Oklahoma,Cherokee,148,1,0,35.90692775,-94.99980896,40021.0,304.1700063711285,0.6756756756756757,147,141,1,0,140,139,48675,7,0,0,7,2
2020-07-18,US,Oklahoma,Choctaw,136,1,0,34.02807439,-95.54771129,40023.0,926.9356597600873,0.7352941176470589,135,135,1,0,134,135,14668,1,0,0,1,0
2020-07-18,US,Oklahoma,Cimarron,1,0,0,36.74817177,-102.5173885,40025.0,46.79457182966776,0.0,1,1,0,0,1,1,2153,0,0,0,0,0
2020-07-18,US,Oklahoma,Cleveland,1670,40,0,35.20413532,-97.32519562,40027.0,587.9991831388594,2.395209580838323,1630,1630,40,0,1590,1576,281669,40,0,0,40,54
2020-07-18,US,Oklahoma,Coal,16,0,0,34.58840127,-96.29798747,40029.0,291.1737943585078,0.0,16,14,0,0,14,13,5520,2,0,0,2,1
2020-07-18,US,Oklahoma,Comanche,591,9,0,34.65973764,-98.47195055,40031.0,489.4450471639517,1.5228426395939083,582,585,9,0,576,584,120422,6,0,0,6,1
2020-07-18,US,Oklahoma,Cotton,12,2,0,34.28845626,-98.37053567,40033.0,211.7896223085069,16.666666666666668,10,12,2,0,10,12,5776,0,0,0,0,0
2020-07-18,US,Oklahoma,Craig,37,0,0,36.76268118,-95.20916602,40035.0,261.6320181021072,0.0,37,35,0,0,35,31,14306,2,0,0,2,4
2020-07-18,US,Oklahoma,Creek,267,9,0,35.90230551,-96.37086028,40037.0,373.31170828556253,3.3707865168539324,258,247,9,0,238,233,71604,20,0,0,20,14
2020-07-18,US,Oklahoma,Custer,107,0,0,35.63853802,-99.00170785,40039.0,368.9273523428611,0.0,107,99,0,0,99,95,29036,8,0,0,8,4
2020-07-18,US,Oklahoma,Delaware,288,19,0,36.40823634,-94.80325046,40041.0,669.627287311958,6.597222222222222,269,279,17,0,262,272,42733,9,2,0,7,7
2020-07-18,US,Oklahoma,Dewey,7,0,0,35.98772922,-99.00730714,40043.0,143.1200163565733,0.0,7,5,0,0,5,4,4894,2,0,0,2,1
2020-07-18,US,Oklahoma,Ellis,1,0,0,36.218019399999996,-99.75324573,40045.0,25.91344908007256,0.0,1,1,0,0,1,1,3952,0,0,0,0,0
2020-07-18,US,Oklahoma,Garfield,160,2,0,36.3791334,-97.78265517,40047.0,262.05450733752616,1.25,158,144,2,0,142,140,60913,16,0,0,16,4
2020-07-18,US,Oklahoma,Garvin,145,3,0,34.70418038,-97.30811132,40049.0,523.2579120204973,2.0689655172413794,142,143,3,0,140,143,27811,2,0,0,2,0
2020-07-18,US,Oklahoma,Grady,302,5,0,35.0167709,-97.88339847,40051.0,540.889064011176,1.6556291390728477,297,290,5,0,285,285,55551,12,0,0,12,5
2020-07-18,US,Oklahoma,Grant,4,0,0,36.796296999999996,-97.78638765,40053.0,92.31479344564968,0.0,4,3,0,0,3,3,4326,1,0,0,1,0
2020-07-18,US,Oklahoma,Greer,71,7,0,34.93535801,-99.56056120000001,40055.0,1242.9971988795521,9.859154929577462,64,70,7,0,63,71,5821,1,0,0,1,-1
2020-07-18,US,Oklahoma,Harmon,4,0,0,34.7440135,-99.84741652,40057.0,150.77271013946475,0.0,4,4,0,0,4,4,2664,0,0,0,0,0
2020-07-18,US,Oklahoma,Harper,2,0,0,36.78836519,-99.6679804,40059.0,54.2299349240781,0.0,2,2,0,0,2,2,3797,0,0,0,0,0
2020-07-18,US,Oklahoma,Haskell,21,0,0,35.22257600000001,-95.11513306,40061.0,166.31028747921118,0.0,21,20,0,0,20,19,12668,1,0,0,1,1
2020-07-18,US,Oklahoma,Hughes,22,1,0,35.04912569,-96.24921145,40063.0,165.6751261390165,4.545454545454546,21,20,1,0,19,17,13335,2,0,0,2,3
2020-07-18,US,Oklahoma,Jackson,211,3,0,34.58781741,-99.41138784,40065.0,860.1712189156135,1.4218009478672986,208,169,3,0,166,166,24949,42,0,0,42,3
2020-07-18,US,Oklahoma,Jefferson,20,0,0,34.11130184,-97.83182974,40067.0,333.2222592469177,0.0,20,20,0,0,20,19,6123,0,0,0,0,1
2020-07-18,US,Oklahoma,Johnston,23,0,0,34.31440473,-96.66011537,40069.0,207.4875958502481,0.0,23,23,0,0,23,23,10949,0,0,0,0,0
2020-07-18,US,Oklahoma,Kay,146,9,0,36.81799745,-97.14421435,40071.0,335.3392438789104,6.164383561643835,137,141,9,0,132,139,44161,5,0,0,5,2
2020-07-18,US,Oklahoma,Kingfisher,60,0,0,35.94530008,-97.94193268,40073.0,380.5899143672693,0.0,60,58,0,0,58,58,15816,2,0,0,2,0
2020-07-18,US,Oklahoma,Kiowa,18,1,0,34.91671958,-98.97720696,40075.0,206.70647680293985,5.5555555555555545,17,18,1,0,17,18,8729,0,0,0,0,0
2020-07-18,US,Oklahoma,Latimer,25,1,0,34.87844729,-95.25215049,40077.0,248.1882259505609,4.0,24,25,1,0,24,25,10231,0,0,0,0,0
2020-07-18,US,Oklahoma,Le Flore,86,1,0,34.89851864,-94.70392124,40079.0,172.50717108298397,1.162790697674419,85,84,1,0,83,77,49980,2,0,0,2,7
2020-07-18,US,Oklahoma,Lincoln,58,2,0,35.70270942,-96.8812462,40081.0,166.29870688419305,3.4482758620689653,56,54,2,0,52,53,34920,4,0,0,4,1
2020-07-18,US,Oklahoma,Logan,119,1,0,35.91899576,-97.44352845,40083.0,247.8598654475016,0.8403361344537815,118,114,1,0,113,117,47291,5,0,0,5,-3
2020-07-18,US,Oklahoma,Love,55,0,0,33.95273467,-97.23906784,40085.0,536.4283624305082,0.0,55,50,0,0,50,49,10134,5,0,0,5,1
2020-07-18,US,Oklahoma,Major,16,1,0,36.31149996,-98.53467076,40093.0,209.7260453532573,6.25,15,16,1,0,15,16,7644,0,0,0,0,0
2020-07-18,US,Oklahoma,Marshall,50,0,0,34.02311222,-96.76855464,40095.0,295.31628373988536,0.0,50,49,0,0,49,49,16806,1,0,0,1,0
2020-07-18,US,Oklahoma,Mayes,177,5,0,36.30179091,-95.23175116,40097.0,430.6569343065692,2.824858757062147,172,153,5,0,148,151,41107,24,0,0,24,2
2020-07-18,US,Oklahoma,McClain,286,4,0,35.01123903,-97.44572302,40087.0,706.6264762563621,1.3986013986013983,282,285,4,0,281,277,39985,1,0,0,1,8
2020-07-18,US,Oklahoma,McCurtain,680,13,0,34.11664328,-94.77222373,40089.0,2071.150097465887,1.9117647058823528,667,661,13,0,648,659,32703,19,0,0,19,2
2020-07-18,US,Oklahoma,McIntosh,99,1,0,35.37235506,-95.66599306,40091.0,505.2051439069198,1.0101010101010102,98,96,1,0,95,92,19815,3,0,0,3,4
2020-07-18,US,Oklahoma,Murray,29,0,0,34.48116015,-97.06826283,40099.0,206.06835784836207,0.0,29,28,0,0,28,28,13953,1,0,0,1,0
2020-07-18,US,Oklahoma,Muskogee,246,14,0,35.61318461,-95.37802952,40101.0,361.78066679412325,5.691056910569106,232,239,14,0,225,230,68362,7,0,0,7,9
2020-07-18,US,Oklahoma,Noble,58,1,0,36.38953329,-97.22928674,40103.0,521.0672895517024,1.7241379310344829,57,57,1,0,56,56,11289,1,0,0,1,1
2020-07-18,US,Oklahoma,Nowata,41,1,0,36.79843529,-95.61902331,40105.0,406.90750297737196,2.4390243902439024,40,40,1,0,39,40,10218,1,0,0,1,0
2020-07-18,US,Oklahoma,Okfuskee,23,0,0,35.46485198,-96.32639984,40107.0,191.7785374801968,0.0,23,22,0,0,22,22,12098,1,0,0,1,0
2020-07-18,US,Oklahoma,Oklahoma,6195,77,0,35.55140095,-97.40716948,40109.0,776.8668002618399,1.2429378531073447,6118,5978,77,0,5901,5756,792582,217,0,0,217,222
2020-07-18,US,Oklahoma,Okmulgee,216,0,0,35.64661916,-95.96432828,40111.0,561.5494605485508,0.0,216,204,0,0,204,201,38335,12,0,0,12,3
2020-07-18,US,Oklahoma,Osage,246,9,0,36.62888819,-96.39635704,40113.0,523.8166215957243,3.6585365853658534,237,237,9,0,228,230,47014,9,0,0,9,7
2020-07-18,US,Oklahoma,Ottawa,219,2,0,36.83532655,-94.81011909,40115.0,703.5692485623413,0.9132420091324199,217,203,2,0,201,195,31175,16,0,0,16,8
2020-07-18,US,Oklahoma,Pawnee,84,3,0,36.31743373,-96.70331759999999,40117.0,512.9457743038594,3.571428571428572,81,78,3,0,75,75,16390,6,0,0,6,3
2020-07-18,US,Oklahoma,Payne,526,2,0,36.07695283,-96.97584944,40119.0,643.1575858358602,0.3802281368821293,524,511,2,0,509,499,82040,15,0,0,15,12
2020-07-18,US,Oklahoma,Pittsburg,86,3,0,34.92065823,-95.75134320000001,40121.0,197.00371100013746,3.4883720930232562,83,85,3,0,82,82,43877,1,0,0,1,3
2020-07-18,US,Oklahoma,Pontotoc,100,2,0,34.72959848,-96.68337199,40123.0,261.2057256295058,2.0,98,96,2,0,94,95,38247,4,0,0,4,1
2020-07-18,US,Oklahoma,Pottawatomie,201,5,0,35.20614018,-96.94923008,40125.0,276.8900154286974,2.487562189054726,196,191,5,0,186,184,72679,10,0,0,10,7
2020-07-18,US,Oklahoma,Pushmataha,37,0,0,34.41635232,-95.37603505,40127.0,333.4534967555876,0.0,37,37,0,0,37,35,11179,0,0,0,0,2
2020-07-18,US,Oklahoma,Roger Mills,3,0,0,35.68711719,-99.69666167,40129.0,83.72871895060004,0.0,3,3,0,0,3,1,3656,0,0,0,0,2
2020-07-18,US,Oklahoma,Rogers,435,10,0,36.37004357,-95.60406759,40131.0,470.47880682248353,2.2988505747126435,425,402,9,0,393,388,91984,33,1,0,32,14
2020-07-18,US,Oklahoma,Seminole,83,4,0,35.16478725,-96.61686741,40133.0,342.1551653062907,4.819277108433735,79,81,4,0,77,81,24578,2,0,0,2,0
2020-07-18,US,Oklahoma,Sequoyah,83,3,0,35.49447108,-94.75463785,40135.0,199.66802184320045,3.614457831325301,80,79,3,0,76,74,41179,4,0,0,4,5
2020-07-18,US,Oklahoma,Stephens,125,1,0,34.48556989,-97.85141892,40137.0,289.73413995317895,0.8,124,111,1,0,110,106,43265,14,0,0,14,5
2020-07-18,US,Oklahoma,Texas,1007,7,0,36.74777635,-101.4889765,40139.0,5039.2833908822495,0.6951340615690169,1000,1007,7,0,1000,1007,20455,0,0,0,0,0
2020-07-18,US,Oklahoma,Tillman,32,1,0,34.37288446,-98.92426619,40141.0,441.3793103448277,3.125,31,30,1,0,29,30,7348,2,0,0,2,0
2020-07-18,US,Oklahoma,Tulsa,6243,84,0,36.11939621,-95.94013939,40143.0,958.1737144541034,1.3455069678039404,6159,5997,83,0,5914,5790,648360,246,1,0,245,207
2020-07-18,US,Oklahoma,Wagoner,458,19,0,35.96024096,-95.51911308,40145.0,563.4218651970133,4.148471615720524,439,440,19,0,421,434,80110,18,0,0,18,6
2020-07-18,US,Oklahoma,Washington,490,39,0,36.71380786,-95.90514104,40147.0,950.957750305665,7.959183673469387,451,483,39,0,444,479,51843,7,0,0,7,4
2020-07-18,US,Oklahoma,Washita,13,0,0,35.29071824,-98.99180434,40149.0,119.09124221326492,0.0,13,13,0,0,13,12,11127,0,0,0,0,1
2020-07-18,US,Oklahoma,Woods,12,0,0,36.76705782,-98.86573064,40151.0,136.4721937905152,0.0,12,11,0,0,11,11,8897,1,0,0,1,0
2020-07-18,US,Oklahoma,Woodward,18,0,0,36.42316318,-99.26283045,40153.0,89.0604126465786,0.0,18,17,0,0,17,16,20222,1,0,0,1,1
2020-07-18,US,Oregon,Baker,13,0,0,44.70915557,-117.6749883,41001.0,80.62515504837509,0.0,13,13,0,0,13,13,16006,0,0,0,0,0
2020-07-18,US,Oregon,Benton,128,6,0,44.49167306,-123.4316987,41003.0,137.55601646373572,4.6875,122,124,6,0,118,122,92101,4,0,0,4,2
2020-07-18,US,Oregon,Clackamas,1111,30,0,45.18787398,-122.2179634,41005.0,265.6706210379567,2.7002700270027,1081,1097,30,0,1067,1079,416075,14,0,0,14,18
2020-07-18,US,Oregon,Clatsop,62,0,0,45.99712889,-123.660711,41007.0,154.1368337311058,0.0,62,59,0,0,59,58,39764,3,0,0,3,1
2020-07-18,US,Oregon,Columbia,61,0,0,45.94464254,-123.08908980000001,41009.0,116.51449745960194,0.0,61,61,0,0,61,59,52377,0,0,0,0,2
2020-07-18,US,Oregon,Coos,67,0,0,43.17406868,-124.0594514,41011.0,103.89690945461876,0.0,67,64,0,0,64,60,64389,3,0,0,3,4
2020-07-18,US,Oregon,Crook,22,1,0,44.14230227,-120.356297,41013.0,90.14915587608587,4.545454545454546,21,20,1,0,19,20,23867,2,0,0,2,0
2020-07-18,US,Oregon,Curry,9,0,0,42.45911325,-124.15728200000001,41015.0,39.25845147219193,0.0,9,9,0,0,9,9,22813,0,0,0,0,0
2020-07-18,US,Oregon,Deschutes,339,1,0,43.91570171,-121.2289121,41017.0,171.47886611496668,0.2949852507374631,338,328,1,0,327,316,191996,11,0,0,11,12
2020-07-18,US,Oregon,Douglas,82,1,0,43.27941273,-123.16729099999999,41019.0,73.88718688051902,1.2195121951219512,81,78,1,0,77,74,110283,4,0,0,4,4
2020-07-18,US,Oregon,Gilliam,2,0,0,45.37160076,-120.20488689999999,41021.0,104.60251046025104,0.0,2,2,0,0,2,2,1894,0,0,0,0,0
2020-07-18,US,Oregon,Grant,1,0,0,44.49024544,-119.0068631,41023.0,13.890818169190164,0.0,1,1,0,0,1,1,7176,0,0,0,0,0
2020-07-18,US,Oregon,Harney,2,0,0,43.06422669,-118.96663059999999,41025.0,27.052617340727714,0.0,2,2,0,0,2,2,7329,0,0,0,0,0
2020-07-18,US,Oregon,Hood River,124,0,0,45.51872811,-121.65520359999998,41027.0,530.3224702762809,0.0,124,116,0,0,116,114,23428,8,0,0,8,2
2020-07-18,US,Oregon,Jackson,222,0,0,42.43201126,-122.72893090000001,41029.0,100.47794916358896,0.0,222,215,0,0,215,203,219564,7,0,0,7,12
2020-07-18,US,Oregon,Jefferson,185,0,0,44.62806839,-121.17832,41031.0,750.2636061318843,0.0,185,184,0,0,184,177,24192,1,0,0,1,7
2020-07-18,US,Oregon,Josephine,66,1,0,42.3665549,-123.5561938,41033.0,75.43977962440134,1.5151515151515151,65,66,1,0,65,65,87393,0,0,0,0,1
2020-07-18,US,Oregon,Klamath,150,1,0,42.68762984,-121.64964609999998,41035.0,219.81886925173657,0.6666666666666666,149,146,1,0,145,144,67653,4,0,0,4,2
2020-07-18,US,Oregon,Lake,27,0,0,42.79246693,-120.38501629999999,41037.0,343.11856652687766,0.0,27,24,0,0,24,24,7879,3,0,0,3,0
2020-07-18,US,Oregon,Lane,384,3,0,43.93727035,-122.847753,41039.0,100.50593220560793,0.78125,381,346,3,0,343,336,379611,38,0,0,38,10
2020-07-18,US,Oregon,Lincoln,368,8,0,44.64252874,-123.86991200000001,41041.0,736.5597854369321,2.1739130434782608,360,365,7,0,358,364,49388,3,1,0,2,1
2020-07-18,US,Oregon,Linn,196,10,0,44.48899494,-122.53731540000001,41043.0,151.0608944962967,5.1020408163265305,186,193,10,0,183,190,127335,3,0,0,3,3
2020-07-18,US,Oregon,Malheur,478,5,0,43.1937027,-117.62273950000001,41045.0,1563.5733211213242,1.0460251046025104,473,473,5,0,468,465,30725,5,0,0,5,8
2020-07-18,US,Oregon,Marion,2093,58,0,44.90287942,-122.58151170000001,41047.0,601.7514907221592,2.771141901576684,2035,2063,57,0,2006,2028,346868,30,1,0,29,35
2020-07-18,US,Oregon,Morrow,186,1,0,45.41846568,-119.584546,41049.0,1603.0336981815049,0.5376344086021505,185,176,1,0,175,173,11372,10,0,0,10,3
2020-07-18,US,Oregon,Multnomah,3369,74,0,45.54747959,-122.4169351,41051.0,414.4650644948976,2.1964974769961407,3295,3285,74,0,3211,3199,811880,84,0,0,84,86
2020-07-18,US,Oregon,Polk,200,12,0,44.90322804,-123.4128888,41053.0,232.3285125166986,6.0,188,193,12,0,181,191,85234,7,0,0,7,2
2020-07-18,US,Oregon,Sherman,8,0,0,45.41501554,-120.6827834,41055.0,449.438202247191,0.0,8,5,0,0,5,5,1708,3,0,0,3,0
2020-07-18,US,Oregon,Tillamook,23,0,0,45.46248721,-123.712066,41057.0,85.07175617694925,0.0,23,22,0,0,22,22,26787,1,0,0,1,0
2020-07-18,US,Oregon,Umatilla,1262,9,0,45.59073056,-118.7353826,41059.0,1618.986529826812,0.7131537242472267,1253,1227,9,0,1218,1189,77516,35,0,0,35,38
2020-07-18,US,Oregon,Union,383,2,0,45.30915495,-118.0068979,41061.0,1427.240544065586,0.5221932114882507,381,379,2,0,377,377,26461,4,0,0,4,2
2020-07-18,US,Oregon,Wallowa,17,1,0,45.57894064,-117.18353799999998,41063.0,235.84905660377356,5.882352941176472,16,15,0,0,15,15,7081,2,1,0,1,0
2020-07-18,US,Oregon,Wasco,129,3,0,45.16292781,-121.16709540000001,41065.0,483.47200359793123,2.3255813953488373,126,124,3,0,121,123,26505,5,0,0,5,1
2020-07-18,US,Oregon,Washington,2151,21,0,45.55972701,-123.0955257,41067.0,357.5512972246971,0.9762900976290098,2130,2105,21,0,2084,2070,597695,46,0,0,46,35
2020-07-18,US,Oregon,Yamhill,229,9,0,45.23330449,-123.3086963,41071.0,213.81886087768441,3.930131004366812,220,222,9,0,213,220,107002,7,0,0,7,2
2020-07-18,US,Pennsylvania,Adams,412,15,0,39.87140411,-77.21610347,42001.0,399.96505159743316,3.6407766990291264,397,410,15,0,395,409,102811,2,0,0,2,1
2020-07-18,US,Pennsylvania,Allegheny,6125,203,0,40.46809875,-79.98167747,42003.0,503.68201834636056,3.3142857142857145,5922,5990,202,0,5788,5750,1218452,135,1,0,134,240
2020-07-18,US,Pennsylvania,Armstrong,97,6,0,40.81665618,-79.46290811,42005.0,149.84166216111842,6.185567010309278,91,97,6,0,91,96,65263,0,0,0,0,1
2020-07-18,US,Pennsylvania,Beaver,949,81,0,40.6825484,-80.34921611,42007.0,578.9091618932588,8.535300316122234,868,918,81,0,837,893,164742,31,0,0,31,25
2020-07-18,US,Pennsylvania,Bedford,100,4,0,40.00522157,-78.48998442,42009.0,208.82058135649845,4.0,96,99,4,0,95,95,48176,1,0,0,1,4
2020-07-18,US,Pennsylvania,Berks,4798,360,0,40.41570541,-75.92457766,42011.0,1139.2236753378731,7.503126302626094,4438,4781,360,0,4421,4763,420152,17,0,0,17,18
2020-07-18,US,Pennsylvania,Blair,129,1,0,40.47961444,-78.34917412,42013.0,105.88611906853048,0.7751937984496124,128,126,1,0,125,118,122492,3,0,0,3,8
2020-07-18,US,Pennsylvania,Bradford,62,3,0,41.78869215,-76.51570822,42015.0,102.78003414949522,4.838709677419356,59,61,3,0,58,61,60833,1,0,0,1,0
2020-07-18,US,Pennsylvania,Bucks,6320,573,0,40.33682119,-75.10836643,42017.0,1005.9369379406944,9.066455696202533,5747,6284,573,0,5711,6228,628195,36,0,0,36,56
2020-07-18,US,Pennsylvania,Butler,474,13,0,40.91152759,-79.91351055,42019.0,252.3249562157644,2.7426160337552736,461,465,13,0,452,456,187888,9,0,0,9,9
2020-07-18,US,Pennsylvania,Cambria,164,3,0,40.49527404,-78.71377428,42021.0,125.96780140100776,1.8292682926829267,161,163,3,0,160,153,131730,1,0,0,1,10
2020-07-18,US,Pennsylvania,Cameron,5,0,0,41.43625568,-78.20376845,42023.0,112.4353496739375,0.0,5,5,0,0,5,5,4492,0,0,0,0,0
2020-07-18,US,Pennsylvania,Carbon,319,28,0,40.91545395,-75.7068525,42025.0,497.0240877504596,8.77742946708464,291,315,28,0,287,309,64227,4,0,0,4,6
2020-07-18,US,Pennsylvania,Centre,277,9,0,40.92058903,-77.82200624,42027.0,170.5822582135049,3.249097472924188,268,270,9,0,261,262,162805,7,0,0,7,8
2020-07-18,US,Pennsylvania,Chester,4245,334,0,39.97291773,-75.74768357,42029.0,808.5883704229992,7.868080094228504,3911,4196,334,0,3862,4129,522046,49,0,0,49,67
2020-07-18,US,Pennsylvania,Clarion,68,2,0,41.19265812,-79.42413524,42031.0,176.90826785993028,2.9411764705882355,66,67,2,0,65,67,38779,1,0,0,1,0
2020-07-18,US,Pennsylvania,Clearfield,99,0,0,41.00110782,-78.47592663,42033.0,124.91325468424705,0.0,99,98,0,0,98,96,79388,1,0,0,1,2
2020-07-18,US,Pennsylvania,Clinton,103,5,0,41.23255967,-77.63785995,42035.0,266.61834748395114,4.854368932038835,98,101,5,0,96,100,38684,2,0,0,2,1
2020-07-18,US,Pennsylvania,Columbia,428,35,0,41.04821986,-76.40565017,42037.0,658.8264269441537,8.177570093457945,393,428,35,0,393,427,65456,0,0,0,0,1
2020-07-18,US,Pennsylvania,Crawford,107,1,0,41.68447709,-80.10760592,42039.0,126.43420104219594,0.9345794392523364,106,105,1,0,104,104,85063,2,0,0,2,1
2020-07-18,US,Pennsylvania,Cumberland,1008,68,0,40.1625372,-77.26130755,42041.0,397.8371551485969,6.746031746031746,940,995,68,0,927,985,251423,13,0,0,13,10
2020-07-18,US,Pennsylvania,Dauphin,2400,150,0,40.41377078,-76.77993242,42043.0,862.3818267403045,6.25,2250,2366,150,0,2216,2342,277097,34,0,0,34,24
2020-07-18,US,Pennsylvania,Delaware,7815,674,0,39.91680171,-75.40243663,42045.0,1378.9221645637297,8.624440179142674,7141,7762,674,0,7088,7696,564751,53,0,0,53,66
2020-07-18,US,Pennsylvania,Elk,35,2,0,41.42822061,-78.64524744,42047.0,117.0177198261451,5.7142857142857135,33,33,1,0,32,32,30169,2,1,0,1,1
2020-07-18,US,Pennsylvania,Erie,769,13,0,41.99253829,-80.03301954,42049.0,285.10202871040457,1.6905071521456436,756,763,13,0,750,756,272061,6,0,0,6,7
2020-07-18,US,Pennsylvania,Fayette,255,4,0,39.92041012,-79.64291195,42051.0,197.255441929545,1.568627450980392,251,235,4,0,231,223,130441,20,0,0,20,12
2020-07-18,US,Pennsylvania,Forest,7,0,0,41.51095103,-79.23229292,42053.0,96.59169311439214,0.0,7,7,0,0,7,7,7279,0,0,0,0,0
2020-07-18,US,Pennsylvania,Franklin,1052,46,0,39.92956518,-77.72157791,42055.0,678.5914711630878,4.372623574144487,1006,1043,46,0,997,1033,154835,9,0,0,9,10
2020-07-18,US,Pennsylvania,Fulton,19,1,0,39.92913544,-78.11163677,42057.0,130.76393668272544,5.2631578947368425,18,19,1,0,18,19,14523,0,0,0,0,0
2020-07-18,US,Pennsylvania,Greene,80,0,0,39.85746531,-80.22357106,42059.0,220.79319956945326,0.0,80,79,0,0,79,77,36506,1,0,0,1,2
2020-07-18,US,Pennsylvania,Huntingdon,267,4,0,40.42162652,-77.97673273,42061.0,591.4407230196704,1.49812734082397,263,266,4,0,262,263,45168,1,0,0,1,3
2020-07-18,US,Pennsylvania,Indiana,178,6,0,40.65241041,-79.08963285,42063.0,211.72076647675235,3.3707865168539324,172,176,6,0,170,174,84501,2,0,0,2,2
2020-07-18,US,Pennsylvania,Jefferson,46,1,0,41.12913106,-78.9986361,42065.0,105.92976396085207,2.1739130434782608,45,41,1,0,40,41,43641,5,0,0,5,0
2020-07-18,US,Pennsylvania,Juniata,117,6,0,40.53358749,-77.39975129999998,42067.0,472.4791018858782,5.128205128205129,111,117,6,0,111,116,24704,0,0,0,0,1
2020-07-18,US,Pennsylvania,Lackawanna,1796,212,0,41.43564672,-75.60379201,42069.0,856.5678147982104,11.804008908685969,1584,1788,212,0,1576,1777,210793,8,0,0,8,11
2020-07-18,US,Pennsylvania,Lancaster,5019,392,0,40.03904563,-76.24770128,42071.0,919.6956703388527,7.810320781032077,4627,4988,390,0,4598,4951,543557,31,2,0,29,37
2020-07-18,US,Pennsylvania,Lawrence,225,9,0,40.99206278,-80.33393706,42073.0,263.12096547852934,4.0,216,221,9,0,212,209,86184,4,0,0,4,12
2020-07-18,US,Pennsylvania,Lebanon,1489,51,0,40.36680311,-76.45651841,42075.0,1050.1223614705946,3.4251175285426463,1438,1484,51,0,1433,1481,141314,5,0,0,5,3
2020-07-18,US,Pennsylvania,Lehigh,4541,332,0,40.6154815,-75.59435245,42077.0,1229.5636822467359,7.31116494164281,4209,4519,331,0,4188,4495,368100,22,1,0,21,24
2020-07-18,US,Pennsylvania,Luzerne,3062,181,0,41.17823008,-75.98447579,42079.0,964.6616280791516,5.911169170476812,2881,3047,181,0,2866,3042,317646,15,0,0,15,5
2020-07-18,US,Pennsylvania,Lycoming,264,20,0,41.34310539,-77.06629984,42081.0,233.01176532890847,7.575757575757576,244,263,20,0,243,259,113664,1,0,0,1,4
2020-07-18,US,Pennsylvania,McKean,25,1,0,41.80938602,-78.56478358,42083.0,61.53846153846154,4.0,24,22,1,0,21,20,40968,3,0,0,3,2
2020-07-18,US,Pennsylvania,Mercer,223,7,0,41.30248872,-80.25816981,42085.0,203.7944143880684,3.1390134529147984,216,216,7,0,209,208,110683,7,0,0,7,8
2020-07-18,US,Pennsylvania,Mifflin,81,1,0,40.61116939,-77.61070738,42087.0,175.56027569465516,1.2345679012345678,80,79,1,0,78,76,46222,2,0,0,2,3
2020-07-18,US,Pennsylvania,Monroe,1494,116,0,41.05934058,-75.34031025,42089.0,877.4248110365241,7.764390896921017,1378,1488,115,0,1373,1487,169507,6,1,0,5,1
2020-07-18,US,Pennsylvania,Montgomery,9091,837,0,40.21053671,-75.36652296,42091.0,1094.0950638753663,9.206907930920694,8254,9060,836,0,8224,8999,828604,31,1,0,30,61
2020-07-18,US,Pennsylvania,Montour,84,2,0,41.03023987,-76.66345939,42093.0,460.7789358200768,2.380952380952381,82,84,2,0,82,82,18240,0,0,0,0,2
2020-07-18,US,Pennsylvania,Northampton,3631,284,0,40.75182733,-75.30471829,42095.0,1189.3804150220285,7.821536766730927,3347,3614,284,0,3330,3601,304807,17,0,0,17,13
2020-07-18,US,Pennsylvania,Northumberland,361,10,0,40.84785433,-76.70798222,42097.0,397.38890173155886,2.770083102493075,351,360,10,0,350,355,91083,1,0,0,1,5
2020-07-18,US,Pennsylvania,Perry,96,5,0,40.40206612,-77.26297447,42099.0,207.46887966804985,5.208333333333333,91,96,5,0,91,96,46139,0,0,0,0,0
2020-07-18,US,Pennsylvania,Philadelphia,28196,1665,0,40.00338507,-75.1379271,42101.0,1779.9785867237686,5.9050929209817005,26531,28159,1665,0,26494,28024,1584138,37,0,0,37,135
2020-07-18,US,Pennsylvania,Pike,511,21,0,41.33155042,-75.03208106,42103.0,915.6229282015446,4.109589041095891,490,509,21,0,488,509,55933,2,0,0,2,0
2020-07-18,US,Pennsylvania,Potter,19,0,0,41.74471626,-77.89559864,42105.0,114.97034975190607,0.0,19,19,0,0,19,19,16622,0,0,0,0,0
2020-07-18,US,Pennsylvania,Schuylkill,813,48,0,40.70497338,-76.2150785,42107.0,575.1314030235076,5.904059040590407,765,795,48,0,747,792,142067,18,0,0,18,3
2020-07-18,US,Pennsylvania,Snyder,79,2,0,40.77129231,-77.06840691,42109.0,195.680174378282,2.5316455696202533,77,75,2,0,73,74,40540,4,0,0,4,1
2020-07-18,US,Pennsylvania,Somerset,92,1,0,39.97172723,-79.02699593,42111.0,125.26039184718228,1.0869565217391304,91,91,1,0,90,88,73952,1,0,0,1,3
2020-07-18,US,Pennsylvania,Sullivan,10,0,0,41.44634738,-76.51246591,42113.0,164.85328058028355,0.0,10,10,0,0,10,10,6071,0,0,0,0,0
2020-07-18,US,Pennsylvania,Susquehanna,195,26,0,41.82147784,-75.80071959,42115.0,483.53501289426697,13.333333333333336,169,195,26,0,169,195,40589,0,0,0,0,0
2020-07-18,US,Pennsylvania,Tioga,32,2,0,41.77255149,-77.25433032,42117.0,78.83520977556601,6.25,30,32,2,0,30,32,40763,0,0,0,0,0
2020-07-18,US,Pennsylvania,Union,110,2,0,40.96188846,-77.05996014,42119.0,244.86343298533046,1.818181818181818,108,109,2,0,107,108,44785,1,0,0,1,1
2020-07-18,US,Pennsylvania,Venango,51,0,0,41.40323442,-79.75845449,42121.0,100.6552459145812,0.0,51,52,0,0,52,49,51266,-1,0,0,-1,3
2020-07-18,US,Pennsylvania,Warren,12,1,0,41.81304978,-79.26969577,42123.0,30.619274833507692,8.333333333333334,11,11,1,0,10,11,39498,1,0,0,1,0
2020-07-18,US,Pennsylvania,Washington,540,9,0,40.19208869,-80.24582867,42125.0,261.03980857080705,1.6666666666666667,531,535,7,0,528,518,207346,5,2,0,3,17
2020-07-18,US,Pennsylvania,Wayne,148,8,0,41.64938475,-75.29956506,42127.0,288.1563832479897,5.405405405405406,140,148,8,0,140,144,51276,0,0,0,0,4
2020-07-18,US,Pennsylvania,Westmoreland,1135,40,0,40.31377979999999,-79.46615476,42129.0,325.3090435914118,3.524229074889868,1095,1117,40,0,1077,1089,350611,18,0,0,18,28
2020-07-18,US,Pennsylvania,Wyoming,51,7,0,41.51955538,-76.01074915,42131.0,190.3411211465253,13.725490196078429,44,49,7,0,42,48,27046,2,0,0,2,1
2020-07-18,US,Pennsylvania,York,1975,72,0,39.9210089,-76.73040131,42133.0,439.80955689465515,3.645569620253165,1903,1963,70,0,1893,1942,448273,12,2,0,10,21
2020-07-18,US,Puerto Rico,Adjuntas,68,0,0,18.180117000000006,-66.754367,72001.0,349.02222450341316,0.0,68,,,,,,,,,,,
2020-07-18,US,Puerto Rico,Aguada,67,0,0,18.360255,-67.17513100000001,72003.0,159.67968731380634,0.0,67,,,,,,,,,,,
2020-07-18,US,Puerto Rico,Aguadilla,102,0,0,18.459681,-67.12081500000001,72005.0,167.3530328635416,0.0,102,,,,,,,,,,,
2020-07-18,US,Puerto Rico,Aguas Buenas,77,0,0,18.251619,-66.126806,72007.0,268.67650650755434,0.0,77,,,,,,,,,,,
2020-07-18,US,Puerto Rico,Aibonito,55,0,0,18.131361,-66.264131,72009.0,212.35521235521242,0.0,55,,,,,,,,,,,
2020-07-18,US,Puerto Rico,Anasco,85,0,0,18.287985,-67.120611,72011.0,290.4890468541745,0.0,85,,,,,,,,,,,
2020-07-18,US,Puerto Rico,Arecibo,174,0,0,18.406631,-66.675077,72013.0,180.42306097055163,0.0,174,,,,,,,,,,,
2020-07-18,US,Puerto Rico,Arroyo,63,0,0,17.998457000000005,-66.056546,72015.0,321.8390804597701,0.0,63,,,,,,,,,,,
2020-07-18,US,Puerto Rico,Barceloneta,34,0,0,18.445533,-66.56053100000001,72017.0,137.00838168923278,0.0,34,,,,,,,,,,,
2020-07-18,US,Puerto Rico,Barranquitas,119,0,0,18.201592,-66.30963,72019.0,392.5061019856191,0.0,119,,,,,,,,,,,
2020-07-18,US,Puerto Rico,Bayamon,697,0,0,18.34946,-66.168435,72021.0,334.90937746256895,0.0,697,,,,,,,,,,,
2020-07-18,US,Puerto Rico,Cabo Rojo,127,0,0,18.040993,-67.154391,72023.0,249.42553567570755,0.0,127,,,,,,,,,,,
2020-07-18,US,Puerto Rico,Caguas,379,0,0,18.211615,-66.050779,72025.0,265.23342640997106,0.0,379,,,,,,,,,,,
2020-07-18,US,Puerto Rico,Camuy,65,0,0,18.418578,-66.860206,72027.0,184.87442760033002,0.0,65,,,,,,,,,,,
2020-07-18,US,Puerto Rico,Canovanas,205,0,0,18.328802,-65.887612,72029.0,430.2384150436535,0.0,205,,,,,,,,,,,
2020-07-18,US,Puerto Rico,Carolina,544,0,0,18.374986,-65.95683100000001,72031.0,307.75845487152213,0.0,544,,,,,,,,,,,
2020-07-18,US,Puerto Rico,Catano,82,0,0,18.437269,-66.14330600000001,72033.0,291.4001421464108,0.0,82,,,,,,,,,,,
2020-07-18,US,Puerto Rico,Cayey,131,0,0,18.102851,-66.14914,72035.0,272.2417340343731,0.0,131,,,,,,,,,,,
2020-07-18,US,Puerto Rico,Ceiba,40,0,0,18.251818,-65.666416,72037.0,293.4487565108942,0.0,40,,,,,,,,,,,
2020-07-18,US,Puerto Rico,Ciales,76,0,0,18.28885,-66.516475,72039.0,404.6427430518582,0.0,76,,,,,,,,,,,
2020-07-18,US,Puerto Rico,Cidra,96,0,0,18.173559,-66.161179,72041.0,220.79116835326587,0.0,96,,,,,,,,,,,
2020-07-18,US,Puerto Rico,Coamo,61,0,0,18.097597,-66.36014,72043.0,150.57266982622434,0.0,61,,,,,,,,,,,
2020-07-18,US,Puerto Rico,Comerio,76,0,0,18.224687,-66.221622,72045.0,365.7714890749832,0.0,76,,,,,,,,,,,
2020-07-18,US,Puerto Rico,Corozal,71,0,0,18.304264,-66.327738,72047.0,191.15825749825,0.0,71,,,,,,,,,,,
2020-07-18,US,Puerto Rico,Culebra,10,0,0,18.31586,-65.28813000000001,72049.0,550.05500550055,0.0,10,,,,,,,,,,,
2020-07-18,US,Puerto Rico,Dorado,168,0,0,18.436115,-66.278669,72051.0,440.1938949299096,0.0,168,,,,,,,,,,,
2020-07-18,US,Puerto Rico,Fajardo,117,0,0,18.318373,-65.666866,72053.0,316.2760522260968,0.0,117,,,,,,,,,,,
2020-07-18,US,Puerto Rico,Florida,61,0,0,18.373715,-66.560488,72054.0,481.0725552050473,0.0,61,,,,,,,,,,,
2020-07-18,US,Puerto Rico,Guanica,48,0,0,17.982429,-66.91964300000001,72055.0,247.07880784475216,0.0,48,,,,,,,,,,,
2020-07-18,US,Puerto Rico,Guayama,95,0,0,18.007516,-66.13390799999999,72057.0,209.4263921343856,0.0,95,,,,,,,,,,,
2020-07-18,US,Puerto Rico,Guayanilla,89,0,0,18.039942,-66.79186,72059.0,412.3997961169548,0.0,89,,,,,,,,,,,
2020-07-18,US,Puerto Rico,Guaynabo,510,0,0,18.345114,-66.11452299999999,72061.0,520.8120583309504,0.0,510,,,,,,,,,,,
2020-07-18,US,Puerto Rico,Gurabo,142,0,0,18.266461,-65.97970500000001,72063.0,312.9890453834116,0.0,142,,,,,,,,,,,
2020-07-18,US,Puerto Rico,Hatillo,59,0,0,18.410928,-66.79632600000001,72065.0,140.63356613353037,0.0,59,,,,,,,,,,,
2020-07-18,US,Puerto Rico,Hormigueros,57,0,0,18.134532,-67.113972,72067.0,330.4347826086956,0.0,57,,,,,,,,,,,
2020-07-18,US,Puerto Rico,Humacao,119,0,0,18.145211,-65.810174,72069.0,203.5370984845893,0.0,119,,,,,,,,,,,
2020-07-18,US,Puerto Rico,Isabela,74,0,0,18.44981,-67.005093,72071.0,162.17045429642133,0.0,74,,,,,,,,,,,
2020-07-18,US,Puerto Rico,Jayuya,161,0,0,18.211446,-66.58878,72073.0,967.4317990626126,0.0,161,,,,,,,,,,,
2020-07-18,US,Puerto Rico,Juana Diaz,123,0,0,18.050764,-66.49458100000001,72075.0,153.94820831820968,0.0,123,,,,,,,,,,,
2020-07-18,US,Puerto Rico,Juncos,66,0,0,18.223793,-65.909109,72077.0,163.81236038719285,0.0,66,,,,,,,,,,,
2020-07-18,US,Puerto Rico,Lajas,57,0,0,18.011661,-67.040585,72079.0,221.3334368811401,0.0,57,,,,,,,,,,,
2020-07-18,US,Puerto Rico,Lares,100,0,0,18.269035,-66.867236,72081.0,325.17152798101,0.0,100,,,,,,,,,,,
2020-07-18,US,Puerto Rico,Las Marias,32,0,0,18.23679,-66.98362,72083.0,323.85386094524847,0.0,32,,,,,,,,,,,
2020-07-18,US,Puerto Rico,Las Piedras,101,0,0,18.187527,-65.86946800000001,72085.0,261.15061409179054,0.0,101,,,,,,,,,,,
2020-07-18,US,Puerto Rico,Loiza,61,0,0,18.425688,-65.89943000000001,72087.0,202.92747837658013,0.0,61,,,,,,,,,,,
2020-07-18,US,Puerto Rico,Luquillo,67,0,0,18.342114,-65.72509699999999,72089.0,333.86485947777555,0.0,67,,,,,,,,,,,
2020-07-18,US,Puerto Rico,Manati,75,0,0,18.420473,-66.490461,72091.0,170.01790855303426,0.0,75,,,,,,,,,,,
2020-07-18,US,Puerto Rico,Maricao,35,0,0,18.171795,-66.942126,72093.0,557.6800509878904,0.0,35,,,,,,,,,,,
2020-07-18,US,Puerto Rico,Maunabo,33,0,0,18.017889,-65.922235,72095.0,269.93865030674846,0.0,33,,,,,,,,,,,
2020-07-18,US,Puerto Rico,Mayaguez,291,0,0,18.175457,-67.336525,72097.0,326.6726537943422,0.0,291,,,,,,,,,,,
2020-07-18,US,Puerto Rico,Moca,87,0,0,18.377805,-67.080952,72099.0,216.90892318432273,0.0,87,,,,,,,,,,,
2020-07-18,US,Puerto Rico,Morovis,108,0,0,18.316963,-66.420383,72101.0,331.1867525298988,0.0,108,,,,,,,,,,,
2020-07-18,US,Puerto Rico,Naguabo,58,0,0,18.230637,-65.753897,72103.0,217.06586826347302,0.0,58,,,,,,,,,,,
2020-07-18,US,Puerto Rico,Naranjito,103,0,0,18.288019,-66.252703,72105.0,338.79350042760336,0.0,103,,,,,,,,,,,
2020-07-18,US,Puerto Rico,Orocovis,103,0,0,18.215046,-66.433604,72107.0,439.7387183537549,0.0,103,,,,,,,,,,,
2020-07-18,US,Puerto Rico,Out of PR,431,0,0,0.0,0.0,72888.0,0.0,0.0,431,,,,,,,,,,,
2020-07-18,US,Puerto Rico,Patillas,70,0,0,18.03174,-66.012242,72109.0,363.12704258961463,0.0,70,,,,,,,,,,,
2020-07-18,US,Puerto Rico,Penuelas,39,0,0,18.059645,-66.721572,72111.0,160.6127996046454,0.0,39,,,,,,,,,,,
2020-07-18,US,Puerto Rico,Ponce,302,0,0,18.059498,-66.613748,72113.0,181.5700397409921,0.0,302,,,,,,,,,,,
2020-07-18,US,Puerto Rico,Quebradillas,50,0,0,18.439692,-66.926113,72115.0,192.9086770322929,0.0,50,,,,,,,,,,,
2020-07-18,US,Puerto Rico,Rincon,56,0,0,18.335443,-67.23174,72117.0,368.4210526315789,0.0,56,,,,,,,,,,,
2020-07-18,US,Puerto Rico,Rio Grande,160,0,0,18.346329,-65.813742,72119.0,294.6375957572186,0.0,160,,,,,,,,,,,
2020-07-18,US,Puerto Rico,Sabana Grande,87,0,0,18.08282,-66.943758,72121.0,344.34989115377005,0.0,87,,,,,,,,,,,
2020-07-18,US,Puerto Rico,Salinas,120,0,0,18.010386999999994,-66.256592,72123.0,386.1252332839952,0.0,120,,,,,,,,,,,
2020-07-18,US,Puerto Rico,San German,102,0,0,18.111484,-67.03858100000001,72125.0,287.10558167027887,0.0,102,,,,,,,,,,,
2020-07-18,US,Puerto Rico,San Juan,1472,0,0,18.386933,-66.061128,72127.0,372.350920506114,0.0,1472,,,,,,,,,,,
2020-07-18,US,Puerto Rico,San Lorenzo,82,0,0,18.147987,-65.976392,72129.0,199.71747284329484,0.0,82,,,,,,,,,,,
2020-07-18,US,Puerto Rico,San Sebastian,123,0,0,18.328646,-66.971214,72131.0,289.88922931887817,0.0,123,,,,,,,,,,,
2020-07-18,US,Puerto Rico,Santa Isabel,67,0,0,17.994525,-66.388913,72133.0,287.87488184239925,0.0,67,,,,,,,,,,,
2020-07-18,US,Puerto Rico,Toa Alta,246,0,0,18.362406,-66.246616,72135.0,332.13620284611017,0.0,246,,,,,,,,,,,
2020-07-18,US,Puerto Rico,Toa Baja,254,0,0,18.431446,-66.213553,72137.0,283.45367094823064,0.0,254,,,,,,,,,,,
2020-07-18,US,Puerto Rico,Trujillo Alto,251,0,0,18.336159,-65.99888399999999,72139.0,335.3731861788835,0.0,251,,,,,,,,,,,
2020-07-18,US,Puerto Rico,Unassigned,238,178,0,0.0,0.0,72999.0,0.0,74.78991596638657,60,,,,,,,,,,,
2020-07-18,US,Puerto Rico,Utuado,39,0,0,18.271214,-66.702984,72141.0,117.65060786147396,0.0,39,,,,,,,,,,,
2020-07-18,US,Puerto Rico,Vega Alta,115,0,0,18.409346,-66.33725,72143.0,287.85261945883707,0.0,115,,,,,,,,,,,
2020-07-18,US,Puerto Rico,Vega Baja,167,0,0,18.428262,-66.397924,72145.0,279.91016057121794,0.0,167,,,,,,,,,,,
2020-07-18,US,Puerto Rico,Vieques,27,0,0,18.123276,-65.44097099999999,72147.0,290.2913665197292,0.0,27,,,,,,,,,,,
2020-07-18,US,Puerto Rico,Villalba,61,0,0,18.127951,-66.473115,72149.0,233.95850113143862,0.0,61,,,,,,,,,,,
2020-07-18,US,Puerto Rico,Yabucoa,55,0,0,18.070399,-65.896289,72151.0,144.96191455154056,0.0,55,,,,,,,,,,,
2020-07-18,US,Puerto Rico,Yauco,135,0,0,18.080374,-66.858814,72153.0,321.099826368242,0.0,135,,,,,,,,,,,
2020-07-18,US,Rhode Island,Bristol,283,0,0,41.71018079,-71.28652315,44001.0,583.7579157985932,0.0,283,283,0,0,283,283,48649,0,0,0,0,0
2020-07-18,US,Rhode Island,Kent,1316,0,0,41.67106337,-71.57641596,44003.0,801.0128308134297,0.0,1316,1316,0,0,1316,1316,163861,0,0,0,0,0
2020-07-18,US,Rhode Island,Newport,365,0,0,41.5642026,-71.26569799,44005.0,444.6772739455666,0.0,365,365,0,0,365,365,82542,0,0,0,0,0
2020-07-18,US,Rhode Island,Providence,13674,0,0,41.87064746,-71.57753536,44007.0,2140.1371979133896,0.0,13674,13674,0,0,13674,13674,636084,0,0,0,0,0
2020-07-18,US,Rhode Island,Unassigned,1591,990,0,0.0,0.0,90044.0,0.0,62.22501571338781,601,1591,990,0,601,1509,,0,0,0,0,82
2020-07-18,US,Rhode Island,Washington,564,0,0,41.45961631,-71.61435303,44009.0,449.1268305501804,0.0,564,564,0,0,564,564,126179,0,0,0,0,0
2020-07-18,US,South Carolina,Abbeville,185,2,0,34.22333378,-82.46170658,45001.0,754.2708036041913,1.0810810810810811,183,176,2,0,174,170,24541,9,0,0,9,6
2020-07-18,US,South Carolina,Aiken,992,15,0,33.54338026,-81.63645384,45003.0,580.5515239477504,1.5120967741935485,977,924,14,0,910,903,169401,68,1,0,67,21
2020-07-18,US,South Carolina,Allendale,114,3,0,32.98837386,-81.35321066,45005.0,1312.1546961325967,2.631578947368421,111,112,3,0,109,101,8903,2,0,0,2,11
2020-07-18,US,South Carolina,Anderson,1351,25,0,34.51828081,-82.63959517,45007.0,666.9694605989396,1.850481125092524,1326,1299,25,0,1274,1247,200482,52,0,0,52,52
2020-07-18,US,South Carolina,Bamberg,261,3,0,33.21927586,-81.05659969,45009.0,1855.5381771647947,1.1494252873563218,258,247,3,0,244,240,14275,14,0,0,14,7
2020-07-18,US,South Carolina,Barnwell,183,1,0,33.26679302,-81.43584352,45011.0,877.0248250742834,0.5464480874316939,182,176,1,0,175,169,21112,7,0,0,7,7
2020-07-18,US,South Carolina,Beaufort,2397,26,0,32.39226291,-80.72619758,45013.0,1247.6447257471816,1.0846891948268669,2371,2338,26,0,2312,2285,188715,59,0,0,59,53
2020-07-18,US,South Carolina,Berkeley,2828,36,0,33.20222596,-79.94654523,45015.0,1240.85701623908,1.272984441301273,2792,2752,33,0,2719,2618,221091,76,3,0,73,134
2020-07-18,US,South Carolina,Calhoun,203,2,0,33.66926881,-80.77722168,45017.0,1394.901394901395,0.9852216748768472,201,201,2,0,199,188,14520,2,0,0,2,13
2020-07-18,US,South Carolina,Charleston,9098,86,0,32.82487866,-79.96512315,45019.0,2211.4407665420536,0.9452626950978236,9012,8971,80,0,8891,8677,405905,127,6,0,121,294
2020-07-18,US,South Carolina,Cherokee,314,10,0,35.05122251,-81.61828622,45021.0,547.9930191972077,3.1847133757961785,304,308,9,0,299,295,57078,6,1,0,5,13
2020-07-18,US,South Carolina,Chester,347,6,0,34.69249168,-81.1583216,45023.0,1076.169209775462,1.7291066282420748,341,333,5,0,328,322,32251,14,1,0,13,11
2020-07-18,US,South Carolina,Chesterfield,498,17,0,34.64137396,-80.15640140000002,45025.0,1090.909090909091,3.4136546184738954,481,491,16,0,475,486,45754,7,1,0,6,5
2020-07-18,US,South Carolina,Clarendon,552,47,0,33.66610974,-80.21647898,45027.0,1635.7978959845902,8.514492753623188,505,538,47,0,491,530,33700,14,0,0,14,8
2020-07-18,US,South Carolina,Colleton,558,28,0,32.87582989,-80.67641292,45029.0,1481.0096345250415,5.017921146953405,530,550,26,0,524,533,37660,8,2,0,6,17
2020-07-18,US,South Carolina,Darlington,656,19,0,34.33358335,-79.96027485,45031.0,984.7188447566724,2.8963414634146343,637,649,18,0,631,628,66802,7,1,0,6,21
2020-07-18,US,South Carolina,Dillon,426,18,0,34.39007791,-79.37741872,45033.0,1397.6836510384198,4.225352112676056,408,426,17,0,409,416,30599,0,1,0,-1,10
2020-07-18,US,South Carolina,Dorchester,1930,13,0,33.0794369,-80.40502652,45035.0,1185.4381514535435,0.6735751295336787,1917,1872,10,0,1862,1770,160647,58,3,0,55,102
2020-07-18,US,South Carolina,Edgefield,157,4,0,33.77221995,-81.96231108,45037.0,575.9354365370506,2.5477707006369426,153,150,4,0,146,146,27052,7,0,0,7,4
2020-07-18,US,South Carolina,Fairfield,422,22,0,34.39287073,-81.1195624,45039.0,1888.3966527945583,5.213270142180095,400,417,22,0,395,413,22402,5,0,0,5,4
2020-07-18,US,South Carolina,Florence,1901,63,0,34.02361754,-79.70189312,45041.0,1374.6176596067776,3.314045239347712,1838,1880,60,0,1820,1818,138159,21,3,0,18,62
2020-07-18,US,South Carolina,Georgetown,943,11,0,33.43443342,-79.33202141,45043.0,1504.4671346522016,1.1664899257688228,932,932,11,0,921,911,62249,11,0,0,11,21
2020-07-18,US,South Carolina,Greenville,8215,130,0,34.89502264,-82.37295012,45045.0,1569.119573978783,1.5824710894704808,8085,8026,125,0,7901,7856,514213,189,5,0,184,170
2020-07-18,US,South Carolina,Greenwood,968,10,0,34.15272415,-82.12715789,45047.0,1367.0192484218553,1.033057851239669,958,943,10,0,933,885,70741,25,0,0,25,58
2020-07-18,US,South Carolina,Hampton,151,3,0,32.77419582,-81.13845571,45049.0,785.5582145458328,1.9867549668874167,148,145,3,0,142,133,19351,6,0,0,6,12
2020-07-18,US,South Carolina,Horry,6566,84,0,33.9212828,-78.99555293,45051.0,1854.377953067236,1.279317697228145,6482,6503,81,0,6422,6388,344147,63,3,0,60,115
2020-07-18,US,South Carolina,Jasper,326,3,0,32.43171982,-81.02487495,45053.0,1084.0288630997904,0.9202453987730062,323,316,3,0,313,308,28971,10,0,0,10,8
2020-07-18,US,South Carolina,Kershaw,956,19,0,34.33988254,-80.58763164,45055.0,1436.4923141650766,1.9874476987447696,937,935,19,0,916,915,65592,21,0,0,21,20
2020-07-18,US,South Carolina,Lancaster,738,18,0,34.68270843,-80.70513032,45057.0,752.9690242011184,2.4390243902439024,720,728,18,0,710,707,95380,10,0,0,10,21
2020-07-18,US,South Carolina,Laurens,904,15,0,34.48244419,-82.00490796,45059.0,1339.3981598091655,1.65929203539823,889,884,14,0,870,836,66994,20,1,0,19,48
2020-07-18,US,South Carolina,Lee,372,24,0,34.16393091,-80.25690731,45061.0,2210.601378654623,6.451612903225807,348,371,23,0,348,362,17142,1,1,0,0,9
2020-07-18,US,South Carolina,Lexington,3504,70,0,33.89665987,-81.27146426,45063.0,1172.887029288703,1.9977168949771689,3434,3342,70,0,3272,3252,295032,162,0,0,162,90
2020-07-18,US,South Carolina,Marion,367,11,0,34.07859748,-79.36400756,45067.0,1197.1164823694423,2.9972752043596733,356,359,10,0,349,349,31039,8,1,0,7,10
2020-07-18,US,South Carolina,Marlboro,351,4,0,34.59905577,-79.67561152,45069.0,1343.9007580978634,1.1396011396011396,347,349,4,0,345,345,26398,2,0,0,2,4
2020-07-18,US,South Carolina,McCormick,73,2,0,33.90161443,-82.30794338,45065.0,771.4255521504808,2.7397260273972597,71,71,2,0,69,65,9410,2,0,0,2,6
2020-07-18,US,South Carolina,Newberry,514,4,0,34.28629098,-81.59935761,45071.0,1337.148803329865,0.7782101167315175,510,490,4,0,486,482,38520,24,0,0,24,8
2020-07-18,US,South Carolina,Oconee,545,2,0,34.75225169,-83.06742317,45073.0,685.1381590526238,0.3669724770642202,543,511,2,0,509,492,78374,34,0,0,34,19
2020-07-18,US,South Carolina,Orangeburg,1472,31,0,33.4391073,-80.79886287,45075.0,1708.152016246011,2.1059782608695654,1441,1437,30,0,1407,1383,86934,35,1,0,34,54
2020-07-18,US,South Carolina,Pickens,1372,11,0,34.88807695,-82.72791551,45077.0,1081.302607105703,0.8017492711370262,1361,1329,11,0,1318,1282,124937,43,0,0,43,47
2020-07-18,US,South Carolina,Richland,5930,106,0,34.01791263,-80.90267209,45079.0,1426.30706731544,1.78752107925801,5824,5756,105,0,5651,5550,414576,174,1,0,173,206
2020-07-18,US,South Carolina,Saluda,332,4,0,34.00795823,-81.72713237,45081.0,1621.6480242270306,1.2048192771084338,328,322,3,0,319,307,20544,10,1,0,9,15
2020-07-18,US,South Carolina,Spartanburg,2950,62,0,34.92960077,-81.99225984,45083.0,922.4948011945526,2.101694915254237,2888,2905,61,0,2844,2826,313888,45,1,0,44,79
2020-07-18,US,South Carolina,Sumter,1686,33,0,33.91826534,-80.37942316,45085.0,1579.8202790453613,1.9572953736654803,1653,1635,32,0,1603,1610,106512,51,1,0,50,25
2020-07-18,US,South Carolina,Union,190,0,0,34.68835752,-81.61730349,45087.0,695.5630399765704,0.0,190,186,0,0,186,183,27410,4,0,0,4,3
2020-07-18,US,South Carolina,Williamsburg,582,18,0,33.62190129,-79.72767442,45089.0,1916.4910432033719,3.0927835051546397,564,572,18,0,554,563,30606,10,0,0,10,9
2020-07-18,US,South Carolina,York,2232,14,0,34.97281497,-81.18085944,45091.0,794.3654152089657,0.6272401433691757,2218,2203,14,0,2189,2138,274118,29,0,0,29,65
2020-07-18,US,South Dakota,Aurora,35,0,0,43.71757685,-98.56050467,46003.0,1272.264631043257,0.0,35,35,0,0,35,35,2801,0,0,0,0,0
2020-07-18,US,South Dakota,Beadle,566,9,0,44.41464384,-98.27858469,46005.0,3067.2519373543596,1.5901060070671378,557,561,9,0,552,558,18883,5,0,0,5,3
2020-07-18,US,South Dakota,Bennett,4,0,0,43.19486375,-101.6665572,46007.0,118.87072808320951,0.0,4,4,0,0,4,4,3468,0,0,0,0,0
2020-07-18,US,South Dakota,Bon Homme,13,0,0,42.98914167,-97.88592746,46009.0,188.37849587016373,0.0,13,13,0,0,13,13,6980,0,0,0,0,0
2020-07-18,US,South Dakota,Brookings,103,0,0,44.36974375,-96.79079945,46011.0,293.63970693046724,0.0,103,102,0,0,102,97,35232,1,0,0,1,5
2020-07-18,US,South Dakota,Brown,366,2,0,45.58994323,-98.35165355,46013.0,942.351759829038,0.5464480874316939,364,365,2,0,363,363,39316,1,0,0,1,2
2020-07-18,US,South Dakota,Brule,37,0,0,43.71756379,-99.08118954,46015.0,698.5085897677931,0.0,37,34,0,0,34,34,5229,3,0,0,3,0
2020-07-18,US,South Dakota,Buffalo,99,3,0,44.07657829,-99.20814467,46017.0,5045.871559633028,3.0303030303030303,96,91,3,0,88,89,2036,8,0,0,8,2
2020-07-18,US,South Dakota,Butte,5,1,0,44.90608745,-103.5079318,46019.0,47.94323520951194,20.0,4,4,1,0,3,3,10222,1,0,0,1,1
2020-07-18,US,South Dakota,Campbell,1,0,0,45.77074915,-100.0510181,46021.0,72.67441860465118,0.0,1,1,0,0,1,1,1377,0,0,0,0,0
2020-07-18,US,South Dakota,Charles Mix,98,0,0,43.20660134,-98.58856175,46023.0,1054.6706844597504,0.0,98,98,0,0,98,98,9338,0,0,0,0,0
2020-07-18,US,South Dakota,Clark,16,0,0,44.85834507,-97.72925109,46025.0,428.2655246252677,0.0,16,16,0,0,16,16,3739,0,0,0,0,0
2020-07-18,US,South Dakota,Clay,95,0,0,42.91296147,-96.97656917,46027.0,675.1954513148543,0.0,95,95,0,0,95,94,14041,0,0,0,0,1
2020-07-18,US,South Dakota,Codington,103,0,0,44.97788119,-97.18827677,46029.0,367.73894105466087,0.0,103,101,0,0,101,96,28015,2,0,0,2,5
2020-07-18,US,South Dakota,Corson,22,0,0,45.70889983,-101.1970473,46031.0,538.4238864415075,0.0,22,22,0,0,22,22,4165,0,0,0,0,0
2020-07-18,US,South Dakota,Custer,11,0,0,43.67741105,-103.45345209999999,46033.0,122.60365581810076,0.0,11,11,0,0,11,11,8726,0,0,0,0,0
2020-07-18,US,South Dakota,Davison,66,0,0,43.67490933,-98.14458906,46035.0,333.75474083438684,0.0,66,65,0,0,65,57,19790,1,0,0,1,8
2020-07-18,US,South Dakota,Day,19,0,0,45.367281,-97.60737498,46037.0,350.29498525073745,0.0,19,19,0,0,19,19,5505,0,0,0,0,0
2020-07-18,US,South Dakota,Deuel,5,0,0,44.75994309,-96.66943645,46039.0,114.91611123879568,0.0,5,5,0,0,5,5,4337,0,0,0,0,0
2020-07-18,US,South Dakota,Dewey,42,0,0,45.15639647,-100.8709139,46041.0,712.8309572301425,0.0,42,42,0,0,42,40,5904,0,0,0,0,2
2020-07-18,US,South Dakota,Douglas,13,0,0,43.38520741,-98.36978007,46043.0,445.05306401917153,0.0,13,12,0,0,12,10,2935,1,0,0,1,2
2020-07-18,US,South Dakota,Edmunds,10,0,0,45.41846445,-99.21545423,46045.0,261.1647949856359,0.0,10,9,0,0,9,9,3875,1,0,0,1,0
2020-07-18,US,South Dakota,Fall River,14,0,0,43.23929297,-103.5275691,46047.0,208.5505735140772,0.0,14,14,0,0,14,14,6758,0,0,0,0,0
2020-07-18,US,South Dakota,Faulk,24,1,0,45.07082625,-99.14535601,46049.0,1043.9321444106133,4.166666666666667,23,24,1,0,23,24,2330,0,0,0,0,0
2020-07-18,US,South Dakota,Grant,17,0,0,45.1723937,-96.77002276,46051.0,241.0663641520136,0.0,17,17,0,0,17,18,7147,0,0,0,0,-1
2020-07-18,US,South Dakota,Gregory,6,0,0,43.19419064,-99.18883902,46053.0,143.36917562724008,0.0,6,6,0,0,6,6,4212,0,0,0,0,0
2020-07-18,US,South Dakota,Haakon,1,0,0,44.29299053,-101.539099,46055.0,52.6592943654555,0.0,1,1,0,0,1,1,1918,0,0,0,0,0
2020-07-18,US,South Dakota,Hamlin,13,0,0,44.67385954,-97.18829593,46057.0,210.90201168072682,0.0,13,13,0,0,13,13,6111,0,0,0,0,0
2020-07-18,US,South Dakota,Hand,7,0,0,44.54708407,-99.00386459,46059.0,219.36696960200558,0.0,7,7,0,0,7,7,3262,0,0,0,0,0
2020-07-18,US,South Dakota,Hanson,14,0,0,43.6746384,-97.78715148,46061.0,405.4445409788591,0.0,14,14,0,0,14,14,3376,0,0,0,0,0
2020-07-18,US,South Dakota,Hughes,76,2,0,44.39091534,-99.99661148,46065.0,433.64144699303887,2.631578947368421,74,76,2,0,74,75,17650,0,0,0,0,1
2020-07-18,US,South Dakota,Hutchinson,20,0,0,43.33449012,-97.75536441,46067.0,274.310794129749,0.0,20,20,0,0,20,18,7380,0,0,0,0,2
2020-07-18,US,South Dakota,Hyde,3,0,0,44.54747703,-99.48572582,46069.0,230.59185242121444,0.0,3,3,0,0,3,3,1282,0,0,0,0,0
2020-07-18,US,South Dakota,Jackson,7,1,0,43.69318385,-101.6255063,46071.0,209.33014354066987,14.285714285714285,6,7,1,0,6,7,3307,0,0,0,0,0
2020-07-18,US,South Dakota,Jerauld,39,1,0,44.06637798,-98.62965972,46073.0,1937.4068554396426,2.5641025641025643,38,39,1,0,38,39,2043,0,0,0,0,0
2020-07-18,US,South Dakota,Jones,1,0,0,43.96278565,-100.6940008,46075.0,110.74197120708747,0.0,1,1,0,0,1,1,928,0,0,0,0,0
2020-07-18,US,South Dakota,Kingsbury,8,0,0,44.36956169,-97.4913945,46077.0,161.97610852399268,0.0,8,8,0,0,8,8,4919,0,0,0,0,0
2020-07-18,US,South Dakota,Lake,49,1,0,44.02193107,-97.12926365,46079.0,382.90224271313593,2.0408163265306123,48,47,1,0,46,43,13057,2,0,0,2,4
2020-07-18,US,South Dakota,Lawrence,22,0,0,44.35919441,-103.79294279999999,46081.0,85.12614146416962,0.0,22,21,0,0,21,21,25741,1,0,0,1,0
2020-07-18,US,South Dakota,Lincoln,411,1,0,43.27841182,-96.72039050000001,46083.0,672.3596387907343,0.24330900243309006,410,406,1,0,405,405,58807,5,0,0,5,1
2020-07-18,US,South Dakota,Lyman,83,1,0,43.89522709,-99.85201878,46085.0,2195.1864586088336,1.2048192771084338,82,83,1,0,82,82,3821,0,0,0,0,1
2020-07-18,US,South Dakota,Marshall,5,0,0,45.75870838,-97.59855639,46091.0,101.31712259371834,0.0,5,5,0,0,5,5,5112,0,0,0,0,0
2020-07-18,US,South Dakota,McCook,21,1,0,43.6742571,-97.36863144,46087.0,375.93984962406023,4.761904761904762,20,21,1,0,20,19,5546,0,0,0,0,2
2020-07-18,US,South Dakota,McPherson,6,0,0,45.76626028,-99.22118798,46089.0,252.20680958385879,0.0,6,6,0,0,6,6,2407,0,0,0,0,0
2020-07-18,US,South Dakota,Meade,58,1,0,44.56676791,-102.71627409999999,46093.0,204.7155160242835,1.7241379310344829,57,58,1,0,57,58,28294,0,0,0,0,0
2020-07-18,US,South Dakota,Mellette,13,0,0,43.58078848,-100.7563186,46095.0,630.7617661329451,0.0,13,13,0,0,13,12,2042,0,0,0,0,1
2020-07-18,US,South Dakota,Miner,10,0,0,44.02197882,-97.60992207,46097.0,451.2635379061372,0.0,10,10,0,0,10,10,2213,0,0,0,0,0
2020-07-18,US,South Dakota,Minnehaha,3846,61,0,43.67441641,-96.7910885,46099.0,1991.3635092733546,1.5860634425377016,3785,3822,61,0,3761,3802,192876,24,0,0,24,20
2020-07-18,US,South Dakota,Moody,26,0,0,44.02266214,-96.67081159,46101.0,395.37712895377126,0.0,26,24,0,0,24,24,6579,2,0,0,2,0
2020-07-18,US,South Dakota,Oglala Lakota,126,1,0,43.33749164,-102.55554980000001,46102.0,888.7634901601185,0.7936507936507936,125,126,1,0,125,122,14309,0,0,0,0,4
2020-07-18,US,South Dakota,Pennington,713,22,0,44.0025835,-102.8240777,46103.0,626.6754559437486,3.085553997194951,691,704,22,0,682,679,111729,9,0,0,9,25
2020-07-18,US,South Dakota,Perkins,4,0,0,45.49049506,-102.47555859999999,46105.0,139.61605584642234,0.0,4,4,0,0,4,3,2922,0,0,0,0,1
2020-07-18,US,South Dakota,Roberts,62,0,0,45.62975048,-96.94672673,46109.0,596.4979796036175,0.0,62,59,0,0,59,59,10447,3,0,0,3,0
2020-07-18,US,South Dakota,Sanborn,12,0,0,44.02351092,-98.09098159999999,46111.0,511.9453924914676,0.0,12,12,0,0,12,12,2429,0,0,0,0,0
2020-07-18,US,South Dakota,Spink,16,0,0,44.93837606,-98.34626602,46115.0,250.94102885821832,0.0,16,16,0,0,16,16,6495,0,0,0,0,0
2020-07-18,US,South Dakota,Stanley,14,0,0,44.41381872,-100.7349153,46117.0,451.9044544867656,0.0,14,14,0,0,14,14,3022,0,0,0,0,0
2020-07-18,US,South Dakota,Sully,1,0,0,44.71571812,-100.1278092,46119.0,71.89072609633357,0.0,1,1,0,0,1,1,1392,0,0,0,0,0
2020-07-18,US,South Dakota,Todd,65,3,0,43.19338568,-100.71955030000001,46121.0,638.6950967868722,4.615384615384615,62,65,3,0,62,65,10283,0,0,0,0,0
2020-07-18,US,South Dakota,Tripp,19,0,0,43.34459388,-99.8854891,46123.0,349.2005146112847,0.0,19,19,0,0,19,19,5478,0,0,0,0,0
2020-07-18,US,South Dakota,Turner,31,0,0,43.3109081,-97.14865776,46125.0,369.75190839694665,0.0,31,30,0,0,30,30,8424,1,0,0,1,0
2020-07-18,US,South Dakota,Union,159,2,0,42.83112163,-96.6557828,46127.0,997.9914637208136,1.2578616352201255,157,157,2,0,155,157,15619,2,0,0,2,0
2020-07-18,US,South Dakota,Walworth,18,0,0,45.43019636,-100.03075140000001,46129.0,331.1867525298988,0.0,18,18,0,0,18,17,5587,0,0,0,0,1
2020-07-18,US,South Dakota,Yankton,90,2,0,43.00924485,-97.39467635,46135.0,394.49460857368285,2.2222222222222223,88,90,2,0,88,88,22869,0,0,0,0,2
2020-07-18,US,South Dakota,Ziebach,3,0,0,44.97881876,-101.6654622,46137.0,108.8534107402032,0.0,3,3,0,0,3,3,2742,0,0,0,0,0
2020-07-18,US,Tennessee,Anderson,277,2,0,36.12684348,-84.19965764,47001.0,359.84307204655875,0.7220216606498195,275,265,2,0,263,252,76482,12,0,0,12,13
2020-07-18,US,Tennessee,Bedford,673,10,0,35.51123746,-86.45549096,47003.0,1353.7706434936536,1.4858841010401191,663,668,10,0,658,654,49038,5,0,0,5,14
2020-07-18,US,Tennessee,Benton,26,1,0,36.07110411,-88.06849355,47005.0,160.8910891089109,3.8461538461538463,25,26,1,0,25,26,16184,0,0,0,0,0
2020-07-18,US,Tennessee,Bledsoe,639,1,0,35.59942968,-85.20611967,47007.0,4241.901221455125,0.1564945226917058,638,638,1,0,637,636,14755,1,0,0,1,2
2020-07-18,US,Tennessee,Blount,509,6,0,35.68938198,-83.92847788,47009.0,382.45371483529686,1.1787819253438114,503,488,4,0,484,416,131349,21,2,0,19,72
2020-07-18,US,Tennessee,Bradley,1177,7,0,35.15739424,-84.857186,47011.0,1088.7059476459162,0.5947323704333051,1170,1165,6,0,1159,1114,106727,12,1,0,11,51
2020-07-18,US,Tennessee,Campbell,92,1,0,36.40355516,-84.15108559999999,47013.0,230.912102806084,1.0869565217391304,91,87,1,0,86,79,39583,5,0,0,5,8
2020-07-18,US,Tennessee,Cannon,69,0,0,35.80990797,-86.05738983,47015.0,470.0912930917018,0.0,69,68,0,0,68,66,14462,1,0,0,1,2
2020-07-18,US,Tennessee,Carroll,73,2,0,35.97366108,-88.45189331,47017.0,262.9020059783196,2.7397260273972597,71,71,1,0,70,69,28020,2,1,0,1,2
2020-07-18,US,Tennessee,Carter,162,2,0,36.28969086,-82.12588974,47019.0,287.27988508804594,1.2345679012345678,160,147,2,0,145,141,56351,15,0,0,15,6
2020-07-18,US,Tennessee,Cheatham,358,4,0,36.26136216,-87.08903581,47021.0,880.3206531094008,1.11731843575419,354,340,4,0,336,332,40439,18,0,0,18,8
2020-07-18,US,Tennessee,Chester,110,0,0,35.42527478,-88.6095842,47023.0,635.9484303636468,0.0,110,107,0,0,107,99,17276,3,0,0,3,8
2020-07-18,US,Tennessee,Claiborne,110,0,0,36.48319149,-83.65947309,47025.0,344.1909947119747,0.0,110,104,0,0,104,91,31756,6,0,0,6,13
2020-07-18,US,Tennessee,Clay,33,0,0,36.55151008,-85.53930419,47027.0,433.3552199606041,0.0,33,32,0,0,32,31,7717,1,0,0,1,1
2020-07-18,US,Tennessee,Cocke,202,1,0,35.9278914,-83.11828725,47029.0,561.0487723586268,0.4950495049504951,201,196,1,0,195,180,35774,6,0,0,6,16
2020-07-18,US,Tennessee,Coffee,182,0,0,35.49090731,-86.07311784,47031.0,322.0099079971692,0.0,182,170,0,0,170,168,55700,12,0,0,12,2
2020-07-18,US,Tennessee,Crockett,93,3,0,35.81830662,-89.14916269,47033.0,653.5488404778638,3.2258064516129035,90,90,3,0,87,84,14328,3,0,0,3,6
2020-07-18,US,Tennessee,Cumberland,252,6,0,35.95271721,-84.99840585,47035.0,416.3912756113682,2.380952380952381,246,247,6,0,241,244,59673,5,0,0,5,3
2020-07-18,US,Tennessee,Davidson,15711,166,0,36.17007426,-86.78646056,47037.0,2263.3632214641343,1.0565845585895233,15545,15342,164,0,15178,14982,692587,369,2,0,367,360
2020-07-18,US,Tennessee,DeKalb,138,0,0,35.97616272,-85.83689361,47041.0,673.4992679355784,0.0,138,137,0,0,137,128,20138,1,0,0,1,9
2020-07-18,US,Tennessee,Decatur,53,0,0,35.60048904,-88.11043779,47039.0,454.4285346823288,0.0,53,50,0,0,50,49,11706,3,0,0,3,1
2020-07-18,US,Tennessee,Dickson,370,0,0,36.14669837,-87.35891709,47043.0,685.8456291243419,0.0,370,343,0,0,343,323,53446,27,0,0,27,20
2020-07-18,US,Tennessee,Dyer,358,3,0,36.05931946,-89.41542855,47045.0,963.4274334616107,0.8379888268156425,355,352,3,0,349,337,37320,6,0,0,6,15
2020-07-18,US,Tennessee,Fayette,454,7,0,35.19615831,-89.41399032,47047.0,1103.7366591301386,1.5418502202643172,447,433,7,0,426,424,40507,21,0,0,21,9
2020-07-18,US,Tennessee,Fentress,40,0,0,36.38128818,-84.92870012,47049.0,215.9477406467635,0.0,40,38,0,0,38,36,18217,2,0,0,2,2
2020-07-18,US,Tennessee,Franklin,146,3,0,35.15634626,-86.09201039,47051.0,345.90598938589835,2.054794520547945,143,141,3,0,138,136,41890,5,0,0,5,5
2020-07-18,US,Tennessee,Gibson,296,1,0,35.99438059,-88.93358327,47053.0,602.4464209390837,0.33783783783783783,295,276,1,0,275,259,49045,20,0,0,20,17
2020-07-18,US,Tennessee,Giles,177,2,0,35.20222469,-87.03992678,47055.0,600.7330980179203,1.1299435028248588,175,168,2,0,166,163,29503,9,0,0,9,5
2020-07-18,US,Tennessee,Grainger,71,0,0,36.27469206,-83.51254721,47057.0,304.45969125214407,0.0,71,69,0,0,69,67,23145,2,0,0,2,2
2020-07-18,US,Tennessee,Greene,196,3,0,36.17470125,-82.84691273,47059.0,283.77419681767515,1.5306122448979589,193,193,2,0,191,187,69087,3,1,0,2,6
2020-07-18,US,Tennessee,Grundy,72,2,0,35.38433717,-85.72142731,47061.0,536.232963431891,2.7777777777777777,70,71,2,0,69,71,13346,1,0,0,1,0
2020-07-18,US,Tennessee,Hamblen,643,6,0,36.21990035,-83.26586179,47063.0,990.2362398743339,0.9331259720062208,637,607,6,0,601,571,64569,36,0,0,36,36
2020-07-18,US,Tennessee,Hamilton,4144,40,0,35.17670231,-85.16652245,47065.0,1126.6870398364347,0.9652509652509652,4104,3994,40,0,3954,3840,364286,150,0,0,150,154
2020-07-18,US,Tennessee,Hancock,25,0,0,36.52692871,-83.22375847,47067.0,377.64350453172204,0.0,25,25,0,0,25,24,6549,0,0,0,0,1
2020-07-18,US,Tennessee,Hardeman,530,7,0,35.20772017,-88.99161161,47069.0,2115.7684630738518,1.320754716981132,523,511,5,0,506,503,25220,19,2,0,17,8
2020-07-18,US,Tennessee,Hardin,194,7,0,35.19732531,-88.18593755,47071.0,756.2763137377202,3.608247422680413,187,185,7,0,178,171,25776,9,0,0,9,14
2020-07-18,US,Tennessee,Hawkins,131,2,0,36.44355426,-82.94885298,47073.0,230.69066319163173,1.5267175572519085,129,124,2,0,122,117,56530,7,0,0,7,7
2020-07-18,US,Tennessee,Haywood,179,4,0,35.58332824,-89.28536625,47075.0,1034.4429033749423,2.23463687150838,175,174,4,0,170,172,17335,5,0,0,5,2
2020-07-18,US,Tennessee,Henderson,153,0,0,35.65581134,-88.38600175,47077.0,544.1547818046022,0.0,153,139,0,0,139,132,27847,14,0,0,14,7
2020-07-18,US,Tennessee,Henry,60,0,0,36.33160906,-88.30121797,47079.0,185.5000772916989,0.0,60,60,0,0,60,60,32358,0,0,0,0,0
2020-07-18,US,Tennessee,Hickman,139,0,0,35.80609681,-87.47643507,47081.0,552.0692668202398,0.0,139,133,0,0,133,129,25063,6,0,0,6,4
2020-07-18,US,Tennessee,Houston,29,0,0,36.28872054,-87.71878828,47083.0,353.61541275454215,0.0,29,27,0,0,27,25,8263,2,0,0,2,2
2020-07-18,US,Tennessee,Humphreys,60,2,0,36.03958805,-87.77992872,47085.0,322.8931223764933,3.333333333333333,58,58,2,0,56,55,18486,2,0,0,2,3
2020-07-18,US,Tennessee,Jackson,72,0,0,36.36380466,-85.67239905,47087.0,610.8942813507551,0.0,72,67,0,0,67,65,11758,5,0,0,5,2
2020-07-18,US,Tennessee,Jefferson,256,1,0,36.04818632,-83.45148924,47089.0,469.76786861179926,0.390625,255,241,1,0,240,227,54012,15,0,0,15,14
2020-07-18,US,Tennessee,Johnson,51,0,0,36.45523950000001,-81.84886538,47091.0,286.7101416685406,0.0,51,51,0,0,51,51,17778,0,0,0,0,0
2020-07-18,US,Tennessee,Knox,2196,18,0,35.99508821,-83.94635435,47093.0,466.9230916432248,0.819672131147541,2178,2136,17,0,2119,1991,465289,60,1,0,59,145
2020-07-18,US,Tennessee,Lake,699,0,0,36.34180170000001,-89.48921915,47095.0,9962.941847206386,0.0,699,699,0,0,699,698,7411,0,0,0,0,1
2020-07-18,US,Tennessee,Lauderdale,244,5,0,35.75893438,-89.63015909999999,47097.0,951.8979440564896,2.0491803278688523,239,238,4,0,234,229,25825,6,1,0,5,9
2020-07-18,US,Tennessee,Lawrence,288,6,0,35.21675201,-87.39787695,47099.0,652.439853201033,2.083333333333333,282,280,6,0,274,272,43734,8,0,0,8,8
2020-07-18,US,Tennessee,Lewis,15,0,0,35.52853208,-87.49022694,47101.0,122.26931855233127,0.0,15,15,0,0,15,13,12086,0,0,0,0,2
2020-07-18,US,Tennessee,Lincoln,132,0,0,35.13738622,-86.58910106,47103.0,384.1005645114357,0.0,132,126,0,0,126,126,34117,6,0,0,6,0
2020-07-18,US,Tennessee,Loudon,394,3,0,35.73939663,-84.31145275,47105.0,728.7119923059851,0.7614213197969543,391,382,3,0,379,368,53054,12,0,0,12,14
2020-07-18,US,Tennessee,Macon,699,8,0,36.53157855,-86.00778595,47111.0,2841.232420128445,1.1444921316165952,691,696,7,0,689,680,24265,3,1,0,2,16
2020-07-18,US,Tennessee,Madison,479,2,0,35.61181957,-88.84076036,47113.0,488.8553233180928,0.4175365344467641,477,452,2,0,450,428,97605,27,0,0,27,24
2020-07-18,US,Tennessee,Marion,121,4,0,35.12997174,-85.62265895,47115.0,418.58373404365716,3.3057851239669422,117,117,4,0,113,113,28575,4,0,0,4,4
2020-07-18,US,Tennessee,Marshall,155,2,0,35.45798777,-86.76420988,47117.0,450.9090909090909,1.2903225806451613,153,154,2,0,152,150,33683,1,0,0,1,4
2020-07-18,US,Tennessee,Maury,606,4,0,35.618741299999996,-87.07462444,47119.0,628.7154906782035,0.6600660066006601,602,580,4,0,576,557,94340,26,0,0,26,23
2020-07-18,US,Tennessee,McMinn,354,19,0,35.42812616,-84.61520715,47107.0,658.0659553110013,5.367231638418079,335,351,19,0,332,326,53285,3,0,0,3,25
2020-07-18,US,Tennessee,McNairy,153,1,0,35.17468549,-88.5647812,47109.0,595.4697594769208,0.6535947712418301,152,148,1,0,147,146,25832,5,0,0,5,2
2020-07-18,US,Tennessee,Meigs,47,0,0,35.51558739,-84.81482914,47121.0,378.3609724682016,0.0,47,45,0,0,45,43,12306,2,0,0,2,2
2020-07-18,US,Tennessee,Monroe,176,7,0,35.44550387,-84.24902965,47123.0,378.1286926630143,3.977272727272727,169,168,7,0,161,165,46357,8,0,0,8,3
2020-07-18,US,Tennessee,Montgomery,1133,8,0,36.49609412,-87.38550661,47125.0,542.1234204016404,0.7060900264783759,1125,1065,8,0,1057,974,205950,68,0,0,68,91
2020-07-18,US,Tennessee,Moore,28,0,0,35.27724699,-86.36230578,47127.0,431.5659679408138,0.0,28,28,0,0,28,28,6411,0,0,0,0,0
2020-07-18,US,Tennessee,Morgan,40,1,0,36.13248031,-84.64880098,47129.0,186.88968836144463,2.5,39,38,1,0,37,38,21579,2,0,0,2,0
2020-07-18,US,Tennessee,Obion,164,3,0,36.35732446,-89.14921589,47131.0,545.4122185639695,1.8292682926829267,161,155,3,0,152,155,30267,9,0,0,9,0
2020-07-18,US,Tennessee,Out of TN,1975,10,0,0.0,0.0,80047.0,0.0,0.5063291139240507,1965,1890,10,0,1880,1852,,85,0,0,85,38
2020-07-18,US,Tennessee,Overton,90,1,0,36.34117832,-85.28989535,47133.0,404.6580639359741,1.1111111111111112,89,89,1,0,88,88,22068,1,0,0,1,1
2020-07-18,US,Tennessee,Perry,49,0,0,35.63708728,-87.86139634,47135.0,606.7360079247153,0.0,49,47,0,0,47,47,8064,2,0,0,2,0
2020-07-18,US,Tennessee,Pickett,10,1,0,36.55606529,-85.07763299999998,47137.0,198.09825673534075,10.0,9,10,1,0,9,9,5082,0,0,0,0,1
2020-07-18,US,Tennessee,Polk,64,0,0,35.12245443,-84.52075859,47139.0,380.22813688212926,0.0,64,64,0,0,64,63,16898,0,0,0,0,1
2020-07-18,US,Tennessee,Putnam,1204,7,0,36.14005459,-85.50646123,47141.0,1500.4050096579224,0.5813953488372093,1197,1145,7,0,1138,1136,78843,59,0,0,59,9
2020-07-18,US,Tennessee,Rhea,381,0,0,35.60536161,-84.93076643,47143.0,1148.7321735459946,0.0,381,378,0,0,378,370,33044,3,0,0,3,8
2020-07-18,US,Tennessee,Roane,118,0,0,35.84923189,-84.52458689,47145.0,221.04829343224307,0.0,118,112,0,0,112,105,53140,6,0,0,6,7
2020-07-18,US,Tennessee,Robertson,1105,14,0,36.52454807,-86.87346725,47147.0,1538.7186164065,1.2669683257918551,1091,1076,14,0,1062,1084,71012,29,0,0,29,-8
2020-07-18,US,Tennessee,Rutherford,4397,41,0,35.84591405,-86.4107263,47149.0,1323.26165791414,0.9324539458721856,4356,4242,41,0,4201,4114,324890,155,0,0,155,128
2020-07-18,US,Tennessee,Scott,34,0,0,36.42325673,-84.50360494,47151.0,154.06924052927315,0.0,34,33,0,0,33,32,22039,1,0,0,1,1
2020-07-18,US,Tennessee,Sequatchie,61,0,0,35.36979721,-85.41022136,47153.0,405.9629974710502,0.0,61,60,0,0,60,54,14876,1,0,0,1,6
2020-07-18,US,Tennessee,Sevier,1077,4,0,35.78077323,-83.52244332,47155.0,1096.1832061068703,0.3714020427112349,1073,1052,4,0,1048,1010,97892,25,0,0,25,42
2020-07-18,US,Tennessee,Shelby,16224,241,0,35.1864775,-89.89692423,47157.0,1731.1767605739005,1.4854536489151873,15983,15632,235,0,15397,15324,935764,592,6,0,586,308
2020-07-18,US,Tennessee,Smith,212,2,0,36.25359775,-85.95411046,47159.0,1051.7438110829983,0.9433962264150944,210,212,2,0,210,205,19942,0,0,0,0,7
2020-07-18,US,Tennessee,Stewart,37,0,0,36.50235092,-87.83920548,47161.0,269.77761574917974,0.0,37,36,0,0,36,35,13561,1,0,0,1,1
2020-07-18,US,Tennessee,Sullivan,372,6,0,36.51240691,-82.30412917,47163.0,234.92560689115115,1.6129032258064515,366,332,5,0,327,305,157668,40,1,0,39,27
2020-07-18,US,Tennessee,Sumner,2426,60,0,36.46824103,-86.45917204,47165.0,1268.2778919193029,2.4732069249793898,2366,2344,57,0,2287,2264,187149,82,3,0,79,80
2020-07-18,US,Tennessee,Tipton,792,8,0,35.501942,-89.73694895,47167.0,1285.7351580382801,1.0101010101010102,784,780,8,0,772,763,61581,12,0,0,12,17
2020-07-18,US,Tennessee,Trousdale,1543,6,0,36.39026213,-86.16087954,47169.0,13674.228996809641,0.38885288399222295,1537,1539,6,0,1533,1528,11012,4,0,0,4,11
2020-07-18,US,Tennessee,Unassigned,1175,1,0,0.0,0.0,90047.0,0.0,0.0851063829787234,1174,1145,1,0,1144,1057,,30,0,0,30,88
2020-07-18,US,Tennessee,Unicoi,66,0,0,36.10890856,-82.43709629,47171.0,369.0655930213052,0.0,66,67,0,0,67,63,17761,-1,0,0,-1,4
2020-07-18,US,Tennessee,Union,41,0,0,36.28590426,-83.83651902,47173.0,205.28740236330864,0.0,41,40,0,0,40,32,19688,1,0,0,1,8
2020-07-18,US,Tennessee,Van Buren,14,0,0,35.69864497,-85.45221699,47175.0,238.4196185286104,0.0,14,14,0,0,14,14,5765,0,0,0,0,0
2020-07-18,US,Tennessee,Warren,215,3,0,35.672829899999996,-85.77969117,47177.0,520.8711873440416,1.3953488372093024,212,208,2,0,206,189,40878,7,1,0,6,19
2020-07-18,US,Tennessee,Washington,379,0,0,36.29472368,-82.49454720000001,47179.0,292.94685990338166,0.0,379,358,0,0,358,336,128607,21,0,0,21,22
2020-07-18,US,Tennessee,Wayne,143,0,0,35.23868267,-87.78644456,47181.0,857.6740838481378,0.0,143,141,0,0,141,135,16558,2,0,0,2,6
2020-07-18,US,Tennessee,Weakley,99,1,0,36.29896232,-88.71990865,47183.0,297.0475276044167,1.0101010101010102,98,99,1,0,98,94,33415,0,0,0,0,5
2020-07-18,US,Tennessee,White,123,3,0,35.92929884,-85.45591799,47185.0,449.80800877674164,2.4390243902439024,120,117,3,0,114,117,27107,6,0,0,6,0
2020-07-18,US,Tennessee,Williamson,2449,18,0,35.89099229,-86.89281867,47187.0,1027.2133952988943,0.7349938750510412,2431,2309,18,0,2291,2217,231729,140,0,0,140,92
2020-07-18,US,Tennessee,Wilson,1553,18,0,36.15496772,-86.29775884,47189.0,1073.5740406617033,1.1590470057952351,1535,1457,18,0,1439,1412,140625,96,0,0,96,45
2020-07-18,US,Texas,Anderson,2017,4,0,31.81534745,-95.65354823,48001.0,3493.5481077336103,0.1983143282102132,2013,2003,4,0,1999,1956,58057,14,0,0,14,47
2020-07-18,US,Texas,Andrews,187,2,0,32.30468633,-102.63765479999999,48003.0,999.732691793638,1.0695187165775402,185,181,2,0,179,176,18128,6,0,0,6,5
2020-07-18,US,Texas,Angelina,1000,12,0,31.25457347,-94.60901487,48005.0,1153.203021391916,1.2,988,1000,12,0,988,940,87092,0,0,0,0,60
2020-07-18,US,Texas,Aransas,85,0,0,28.10556197,-96.9995047,48007.0,361.54827732879625,0.0,85,81,0,0,81,75,23792,4,0,0,4,6
2020-07-18,US,Texas,Archer,12,0,0,33.61569967,-98.68754589,48009.0,140.3016485443704,0.0,12,12,0,0,12,12,8786,0,0,0,0,0
2020-07-18,US,Texas,Armstrong,3,0,0,34.96507426,-101.35748740000001,48011.0,158.9825119236884,0.0,3,3,0,0,3,3,1892,0,0,0,0,0
2020-07-18,US,Texas,Atascosa,355,2,0,28.89333001,-98.52730485,48013.0,693.9964420464098,0.5633802816901409,353,300,2,0,298,292,50310,55,0,0,55,8
2020-07-18,US,Texas,Austin,155,0,0,29.88548725,-96.27736949,48015.0,516.1161427810334,0.0,155,150,0,0,150,144,29989,5,0,0,5,6
2020-07-18,US,Texas,Bailey,120,1,0,34.06854817,-102.8299707,48017.0,1714.2857142857142,0.8333333333333334,119,119,1,0,118,117,7027,1,0,0,1,2
2020-07-18,US,Texas,Bandera,47,0,0,29.74619598,-99.24598147,48019.0,203.35756317064727,0.0,47,47,0,0,47,47,22824,0,0,0,0,0
2020-07-18,US,Texas,Bastrop,952,12,0,30.10370699,-97.31206354,48021.0,1073.0024908986397,1.2605042016806722,940,952,12,0,940,878,86976,0,0,0,0,74
2020-07-18,US,Texas,Baylor,1,0,0,33.61640794,-99.21352901,48023.0,28.498147620404676,0.0,1,1,0,0,1,1,3582,0,0,0,0,0
2020-07-18,US,Texas,Bee,218,1,0,28.41761668,-97.74215593,48025.0,669.4303700291723,0.4587155963302753,217,188,1,0,187,176,32587,30,0,0,30,12
2020-07-18,US,Texas,Bell,2640,17,0,31.03736027,-97.4785025,48027.0,727.4250256251997,0.6439393939393939,2623,2567,15,0,2552,2481,355642,73,2,0,71,86
2020-07-18,US,Texas,Bexar,28633,251,0,29.44928723,-98.52019748,48029.0,1429.1104706935776,0.8766109035029511,28382,27525,240,0,27285,27047,1986049,1108,11,0,1097,478
2020-07-18,US,Texas,Blanco,68,1,0,30.26640707,-98.3999852,48031.0,569.9438437683345,1.4705882352941178,67,68,1,0,67,67,11702,0,0,0,0,1
2020-07-18,US,Texas,Bosque,56,0,0,31.89978581,-97.63613524,48035.0,299.7056462402997,0.0,56,56,0,0,56,46,18691,0,0,0,0,10
2020-07-18,US,Texas,Bowie,596,17,0,33.44626922,-94.41834132,48037.0,639.1763633438791,2.8523489932885906,579,567,16,0,551,558,94324,29,1,0,28,9
2020-07-18,US,Texas,Brazoria,4545,31,0,29.18757369,-95.44563172,48039.0,1214.3834298783747,0.682068206820682,4514,4359,29,0,4330,4190,370200,186,2,0,184,169
2020-07-18,US,Texas,Brazos,3313,38,0,30.663644800000004,-96.30205577,48041.0,1445.393109405744,1.1469966797464537,3275,3253,38,0,3215,3200,226758,60,0,0,60,53
2020-07-18,US,Texas,Brewster,161,1,0,29.81008251,-103.25203259999999,48043.0,1749.4295338476584,0.6211180124223602,160,160,1,0,159,160,9267,1,0,0,1,0
2020-07-18,US,Texas,Briscoe,9,1,0,34.53026962,-101.2084947,48045.0,582.1474773609315,11.111111111111109,8,9,1,0,8,9,1516,0,0,0,0,0
2020-07-18,US,Texas,Brooks,55,0,0,27.03103197,-98.21808402,48047.0,775.4123784012407,0.0,55,53,0,0,53,53,7114,2,0,0,2,0
2020-07-18,US,Texas,Brown,273,13,0,31.77430356,-98.99907113,48049.0,721.0014789773927,4.761904761904762,260,269,13,0,256,248,37924,4,0,0,4,21
2020-07-18,US,Texas,Burleson,182,0,0,30.49273808,-96.62158484,48051.0,986.8242693704927,0.0,182,182,0,0,182,160,18389,0,0,0,0,22
2020-07-18,US,Texas,Burnet,320,6,0,30.78801353,-98.181887,48053.0,664.5208181912574,1.875,314,320,6,0,314,287,47542,0,0,0,0,33
2020-07-18,US,Texas,Caldwell,820,5,0,29.83668859,-97.61814775,48055.0,1877.977281055332,0.6097560975609756,815,820,5,0,815,772,43247,0,0,0,0,48
2020-07-18,US,Texas,Calhoun,212,3,0,28.47048236,-96.61633945,48057.0,995.77266322217,1.4150943396226414,209,190,3,0,187,183,21561,22,0,0,22,7
2020-07-18,US,Texas,Callahan,32,2,0,32.29760619,-99.37326312,48059.0,229.50584522699563,6.25,30,31,2,0,29,30,13994,1,0,0,1,1
2020-07-18,US,Texas,Cameron,5565,91,0,26.14524221,-97.48140372,48061.0,1315.0960740896535,1.6352201257861636,5474,5240,89,0,5151,4905,423908,325,2,0,323,335
2020-07-18,US,Texas,Camp,163,2,0,32.97195142,-94.97790104,48063.0,1244.8449671605315,1.2269938650306749,161,162,2,0,160,152,13033,1,0,0,1,10
2020-07-18,US,Texas,Carson,10,0,0,35.40365929,-101.35426690000001,48065.0,168.74789065136684,0.0,10,10,0,0,10,10,6005,0,0,0,0,0
2020-07-18,US,Texas,Cass,84,3,0,33.07499881,-94.34646905,48067.0,279.7575434623326,3.571428571428572,81,80,3,0,77,75,30119,4,0,0,4,5
2020-07-18,US,Texas,Castro,142,1,0,34.53016752,-102.2617243,48069.0,1885.7901726427624,0.7042253521126759,141,138,1,0,137,135,7665,4,0,0,4,3
2020-07-18,US,Texas,Chambers,698,5,0,29.70972016,-94.67154501,48071.0,1592.262244222917,0.7163323782234957,693,655,5,0,650,635,42454,43,0,0,43,20
2020-07-18,US,Texas,Cherokee,489,2,0,31.837258000000002,-95.16559897,48073.0,928.8454963340043,0.40899795501022496,487,467,2,0,465,439,52592,22,0,0,22,28
2020-07-18,US,Texas,Childress,9,0,0,34.529304100000004,-100.2077916,48075.0,123.18642211880646,0.0,9,7,0,0,7,8,7291,2,0,0,2,-1
2020-07-18,US,Texas,Clay,19,0,0,33.78686685,-98.20771198,48077.0,181.45353834399768,0.0,19,20,0,0,20,19,10456,-1,0,0,-1,1
2020-07-18,US,Texas,Cochran,9,0,0,33.60425307,-102.82844990000001,48079.0,315.4574132492114,0.0,9,8,0,0,8,8,2836,1,0,0,1,0
2020-07-18,US,Texas,Coke,9,1,0,31.88911733,-100.5297533,48081.0,265.72187776793623,11.111111111111109,8,9,1,0,8,6,3370,0,0,0,0,3
2020-07-18,US,Texas,Coleman,7,0,0,31.76736834,-99.45240766,48083.0,85.62691131498471,0.0,7,7,0,0,7,5,8397,0,0,0,0,2
2020-07-18,US,Texas,Collin,5154,64,0,33.18820114,-96.57264368,48085.0,498.1009538720246,1.2417539774932091,5090,5079,64,0,5015,4934,1005146,75,0,0,75,145
2020-07-18,US,Texas,Collingsworth,6,0,0,34.96489496,-100.27001109999999,48087.0,205.4794520547945,0.0,6,6,0,0,6,6,2962,0,0,0,0,0
2020-07-18,US,Texas,Colorado,189,0,0,29.622097999999998,-96.5273805,48089.0,879.3560694179497,0.0,189,184,0,0,184,181,21217,5,0,0,5,3
2020-07-18,US,Texas,Comal,1300,37,0,29.80811278,-98.27647225,48091.0,832.2183741013642,2.8461538461538463,1263,1197,35,0,1162,1117,148373,103,2,0,101,80
2020-07-18,US,Texas,Comanche,178,2,0,31.94854689,-98.55876441,48093.0,1305.4638797213056,1.1235955056179776,176,157,2,0,155,142,13534,21,0,0,21,15
2020-07-18,US,Texas,Concho,17,0,0,31.32635934,-99.86473038,48095.0,623.6243580337491,0.0,17,17,0,0,17,17,4276,0,0,0,0,0
2020-07-18,US,Texas,Cooke,120,0,0,33.63979567,-97.21240912,48097.0,290.85973289381195,0.0,120,120,0,0,120,107,40574,0,0,0,0,13
2020-07-18,US,Texas,Coryell,426,3,0,31.39078397,-97.79936155,48099.0,560.8879409092705,0.7042253521126759,423,426,3,0,423,422,74808,0,0,0,0,4
2020-07-18,US,Texas,Cottle,6,1,0,34.07783319,-100.27850620000001,48101.0,429.1845493562232,16.666666666666668,5,5,1,0,4,5,1389,1,0,0,1,0
2020-07-18,US,Texas,Crane,65,10,0,31.43052248,-102.5143314,48103.0,1355.0135501355016,15.384615384615385,55,65,10,0,55,64,4794,0,0,0,0,1
2020-07-18,US,Texas,Crockett,96,1,0,30.72367027,-101.4134238,48105.0,2771.362586605081,1.0416666666666667,95,84,1,0,83,71,3499,12,0,0,12,13
2020-07-18,US,Texas,Crosby,36,2,0,33.61431553,-101.30003640000001,48107.0,627.5056649816978,5.5555555555555545,34,35,2,0,33,35,5779,1,0,0,1,0
2020-07-18,US,Texas,Culberson,13,1,0,31.44506775,-104.5185739,48109.0,598.8023952095807,7.6923076923076925,12,11,1,0,10,8,2204,2,0,0,2,3
2020-07-18,US,Texas,Dallam,146,1,0,36.27787176,-102.60207249999999,48111.0,2003.567997804309,0.6849315068493149,145,135,1,0,134,134,7200,11,0,0,11,1
2020-07-18,US,Texas,Dallas,40222,523,0,32.76670599,-96.77796049999999,48113.0,1526.1527533887106,1.3002834269802594,39699,39191,514,0,38677,36969,2637772,1031,9,0,1022,2222
2020-07-18,US,Texas,Dawson,106,1,0,32.74255572,-101.94772420000001,48115.0,832.8095537397862,0.9433962264150944,105,105,1,0,104,98,12619,1,0,0,1,7
2020-07-18,US,Texas,DeWitt,306,7,0,29.08101855,-97.35681170000001,48123.0,1517.857142857143,2.2875816993464047,299,281,3,0,278,188,20187,25,4,0,21,93
2020-07-18,US,Texas,Deaf Smith,439,17,0,34.96522957,-102.6054267,48117.0,2367.0872425320817,3.87243735763098,422,432,17,0,415,431,18760,7,0,0,7,1
2020-07-18,US,Texas,Delta,9,0,0,33.38570922,-95.66921122,48119.0,168.82386043894203,0.0,9,9,0,0,9,9,5349,0,0,0,0,0
2020-07-18,US,Texas,Denton,4765,42,0,33.20521901,-97.11691153,48121.0,537.0787200732185,0.881427072402938,4723,4605,41,0,4564,4467,859064,160,1,0,159,138
2020-07-18,US,Texas,Dickens,4,0,0,33.61616822,-100.7788855,48125.0,180.91361374943463,0.0,4,4,0,0,4,4,2249,0,0,0,0,0
2020-07-18,US,Texas,Dimmit,55,0,0,28.42270064,-99.75645095,48127.0,543.2635322007112,0.0,55,49,0,0,49,40,10308,6,0,0,6,9
2020-07-18,US,Texas,Donley,35,0,0,34.96517499,-100.8140093,48129.0,1067.7242220866383,0.0,35,34,0,0,34,34,3319,1,0,0,1,0
2020-07-18,US,Texas,Duval,97,0,0,27.68184592,-98.50864568,48131.0,869.4093394281617,0.0,97,97,0,0,97,94,11212,0,0,0,0,3
2020-07-18,US,Texas,Eastland,29,0,0,32.32743996,-98.83243566,48133.0,157.95206971677558,0.0,29,23,0,0,23,21,18322,6,0,0,6,2
2020-07-18,US,Texas,Ector,1575,27,0,31.86898877,-102.54294279999999,48135.0,947.5223043742442,1.7142857142857142,1548,1511,22,0,1489,1511,162124,64,5,0,59,0
2020-07-18,US,Texas,Edwards,13,0,0,29.98202582,-100.304252,48137.0,672.8778467908903,0.0,13,13,0,0,13,11,1928,0,0,0,0,2
2020-07-18,US,Texas,El Paso,11132,179,0,31.76980765,-106.23632749999999,48141.0,1326.441367049633,1.6079770032339202,10953,10843,177,0,10666,10638,840758,289,2,0,287,205
2020-07-18,US,Texas,Ellis,1972,21,0,32.34894117,-96.79371841,48139.0,1066.9494551632347,1.0649087221095337,1951,1957,21,0,1936,1837,179436,15,0,0,15,120
2020-07-18,US,Texas,Erath,339,2,0,32.23602653,-98.21773417,48143.0,793.9481942948148,0.5899705014749262,337,325,1,0,324,309,42446,14,1,0,13,16
2020-07-18,US,Texas,Falls,66,0,0,31.25350609,-96.93630086,48145.0,381.5690582181881,0.0,66,66,0,0,66,60,17335,0,0,0,0,6
2020-07-18,US,Texas,Fannin,165,8,0,33.59564294,-96.10751083,48147.0,464.6055076871093,4.848484848484849,157,165,8,0,157,153,35286,0,0,0,0,12
2020-07-18,US,Texas,Fayette,206,4,0,29.87788372,-96.92076062,48149.0,812.7515189773534,1.9417475728155342,202,206,4,0,202,197,25349,0,0,0,0,9
2020-07-18,US,Texas,Fisher,22,1,0,32.74281316,-100.40193020000001,48151.0,574.4125326370757,4.545454545454546,21,16,1,0,15,16,3839,6,0,0,6,0
2020-07-18,US,Texas,Floyd,61,3,0,34.07227468,-101.3031546,48153.0,1067.9271708683473,4.918032786885246,58,60,3,0,57,61,5837,1,0,0,1,-1
2020-07-18,US,Texas,Foard,1,0,0,33.97308618,-99.7767797,48155.0,86.5800865800866,0.0,1,1,0,0,1,1,1200,0,0,0,0,0
2020-07-18,US,Texas,Fort Bend,5689,71,0,29.52704478,-95.77219463,48157.0,700.8850691398668,1.2480224995605556,5618,5371,69,0,5302,5284,787858,318,2,0,316,87
2020-07-18,US,Texas,Franklin,66,1,0,33.17653242,-95.21917243,48159.0,615.3846153846154,1.5151515151515151,65,67,1,0,66,65,10766,-1,0,0,-1,2
2020-07-18,US,Texas,Freestone,93,0,0,31.70422788,-96.15072516,48161.0,471.6741897854643,0.0,93,93,0,0,93,91,19808,0,0,0,0,2
2020-07-18,US,Texas,Frio,349,1,0,28.86751206,-99.10804207,48163.0,1718.7038313798878,0.28653295128939826,348,342,1,0,341,342,19816,7,0,0,7,0
2020-07-18,US,Texas,Gaines,57,0,0,32.74055318,-102.6353295,48165.0,265.214963707426,0.0,57,54,0,0,54,49,20901,3,0,0,3,5
2020-07-18,US,Texas,Galveston,6911,58,0,29.40167322,-94.90469073,48167.0,2019.9392644509976,0.8392417884531905,6853,6627,58,0,6569,6452,337890,284,0,0,284,175
2020-07-18,US,Texas,Garza,60,1,0,33.17969345,-101.2984114,48169.0,963.2364745545032,1.6666666666666667,59,58,1,0,57,58,6578,2,0,0,2,0
2020-07-18,US,Texas,Gillespie,120,0,0,30.31824095,-98.94676915,48171.0,444.642063139173,0.0,120,80,0,0,80,73,26804,40,0,0,40,7
2020-07-18,US,Texas,Glasscock,6,0,0,31.86942909,-101.5207776,48173.0,425.83392476934,0.0,6,6,0,0,6,6,1388,0,0,0,0,0
2020-07-18,US,Texas,Goliad,31,0,0,28.65696592,-97.42760647,48175.0,404.80543222773565,0.0,31,31,0,0,31,31,7584,0,0,0,0,0
2020-07-18,US,Texas,Gonzales,432,4,0,29.45634206,-97.49424032,48177.0,2073.2351106205306,0.925925925925926,428,421,4,0,417,388,20826,11,0,0,11,33
2020-07-18,US,Texas,Gray,139,4,0,35.40081878,-100.8129222,48179.0,635.1092022297361,2.8776978417266186,135,138,4,0,134,137,21895,1,0,0,1,1
2020-07-18,US,Texas,Grayson,844,8,0,33.62744998,-96.67753461,48181.0,619.6223533903034,0.9478672985781992,836,824,7,0,817,793,133991,20,1,0,19,31
2020-07-18,US,Texas,Gregg,1008,15,0,32.47940482,-94.81591935,48183.0,813.2639477187462,1.488095238095238,993,950,15,0,935,927,123707,58,0,0,58,23
2020-07-18,US,Texas,Grimes,702,2,0,30.54579585,-95.98902499,48185.0,2430.747922437673,0.2849002849002849,700,702,2,0,700,695,28360,0,0,0,0,7
2020-07-18,US,Texas,Guadalupe,1281,4,0,29.58165339,-97.94786822,48187.0,767.7692736459151,0.312256049960968,1277,1193,4,0,1189,1169,163694,88,0,0,88,24
2020-07-18,US,Texas,Hale,886,19,0,34.07044901,-101.82681140000001,48189.0,2652.218164401605,2.144469525959368,867,871,19,0,852,847,33830,15,0,0,15,24
2020-07-18,US,Texas,Hall,2,1,0,34.5307555,-100.68138520000001,48191.0,67.47638326585695,50.0,1,2,1,0,1,2,3028,0,0,0,0,0
2020-07-18,US,Texas,Hamilton,41,1,0,31.70470573,-98.11083887,48193.0,484.5762912185321,2.4390243902439024,40,41,1,0,40,39,8484,0,0,0,0,2
2020-07-18,US,Texas,Hansford,43,2,0,36.27743284,-101.3545796,48195.0,796.4437858862751,4.651162790697675,41,42,2,0,40,42,5463,1,0,0,1,0
2020-07-18,US,Texas,Hardeman,6,0,0,34.28944521,-99.74632408,48197.0,152.55530129672007,0.0,6,6,0,0,6,6,3922,0,0,0,0,0
2020-07-18,US,Texas,Hardin,524,5,0,30.33364686,-94.38931817,48199.0,909.6906357418144,0.9541984732824428,519,524,5,0,519,488,57207,0,0,0,0,36
2020-07-18,US,Texas,Harris,54782,533,0,29.86,-95.39,48201.0,1162.279282671999,0.9729473184622688,54249,53535,527,0,53008,51959,4698619,1247,6,0,1241,1576
2020-07-18,US,Texas,Harrison,504,33,0,32.54935988,-94.36934071,48203.0,757.2911814643968,6.547619047619048,471,497,31,0,466,487,66726,7,2,0,5,10
2020-07-18,US,Texas,Hartley,67,2,0,35.84008013,-102.6029022,48205.0,1201.5781922525107,2.985074626865672,65,61,2,0,59,59,5619,6,0,0,6,2
2020-07-18,US,Texas,Haskell,24,0,0,33.17823584,-99.73037358,48207.0,424.17815482502647,0.0,24,32,0,0,32,19,5813,-8,0,0,-8,13
2020-07-18,US,Texas,Hays,3865,17,0,30.05669873,-98.02944344,48209.0,1679.0404490184244,0.4398447606727037,3848,3865,17,0,3848,3816,222631,0,0,0,0,49
2020-07-18,US,Texas,Hemphill,23,0,0,35.83764858,-100.2703577,48211.0,602.2518984027232,0.0,23,22,0,0,22,22,3825,1,0,0,1,0
2020-07-18,US,Texas,Henderson,380,5,0,32.21128872,-95.85846587,48213.0,459.28665530536523,1.3157894736842106,375,366,5,0,361,341,82299,14,0,0,14,25
2020-07-18,US,Texas,Hidalgo,10943,267,0,26.39418217,-98.18299696,48215.0,1259.688249317664,2.439915927990496,10676,10492,240,0,10252,9244,865939,451,27,0,424,1248
2020-07-18,US,Texas,Hill,194,2,0,31.99045053,-97.13423143,48217.0,529.3459575977516,1.0309278350515465,192,194,2,0,192,182,36354,0,0,0,0,12
2020-07-18,US,Texas,Hockley,128,3,0,33.60771256,-102.3431676,48219.0,556.0140741062509,2.34375,125,121,3,0,118,116,22980,7,0,0,7,5
2020-07-18,US,Texas,Hood,246,5,0,32.42990927,-97.83242024,48221.0,399.07207631036783,2.0325203252032518,241,241,5,0,236,223,60537,5,0,0,5,18
2020-07-18,US,Texas,Hopkins,124,1,0,33.14875072,-95.56351139,48223.0,334.3760112177758,0.8064516129032258,123,119,1,0,118,115,36810,5,0,0,5,4
2020-07-18,US,Texas,Houston,203,0,0,31.31925973,-95.42226208,48225.0,883.8383838383838,0.0,203,201,0,0,201,195,23169,2,0,0,2,6
2020-07-18,US,Texas,Howard,90,2,0,32.30621324,-101.4356444,48227.0,245.47239799258128,2.2222222222222223,88,85,1,0,84,80,36459,5,1,0,4,5
2020-07-18,US,Texas,Hudspeth,18,0,0,31.45628381,-105.388178,48229.0,368.3995088006549,0.0,18,18,0,0,18,18,4795,0,0,0,0,0
2020-07-18,US,Texas,Hunt,823,8,0,33.12351514,-96.08551032,48231.0,834.7363936953567,0.9720534629404616,815,799,8,0,791,782,96493,24,0,0,24,17
2020-07-18,US,Texas,Hutchinson,91,1,0,35.84006574,-101.3546643,48233.0,434.6164867704651,1.0989010989010992,90,87,1,0,86,86,21198,4,0,0,4,1
2020-07-18,US,Texas,Irion,4,0,0,31.30375559,-100.982439,48235.0,260.4166666666667,0.0,4,4,0,0,4,4,1522,0,0,0,0,0
2020-07-18,US,Texas,Jack,14,0,0,33.23377248,-98.17283469,48237.0,156.6871852266368,0.0,14,14,0,0,14,13,8843,0,0,0,0,1
2020-07-18,US,Texas,Jackson,174,1,0,28.95472367,-96.57749563,48239.0,1178.861788617886,0.5747126436781609,173,130,1,0,129,121,14874,44,0,0,44,9
2020-07-18,US,Texas,Jasper,92,1,0,30.74685667,-94.02667579,48241.0,258.94339835064306,1.0869565217391304,91,91,1,0,90,91,35872,1,0,0,1,0
2020-07-18,US,Texas,Jeff Davis,6,0,0,30.71490589,-104.1399973,48243.0,263.8522427440633,0.0,6,6,0,0,6,6,2252,0,0,0,0,0
2020-07-18,US,Texas,Jefferson,4255,47,0,29.8832777,-94.16434171,48245.0,1691.411762367579,1.1045828437132783,4208,4148,47,0,4101,4031,255001,107,0,0,107,117
2020-07-18,US,Texas,Jim Hogg,42,0,0,27.04453923,-98.69681870000001,48247.0,807.6923076923077,0.0,42,42,0,0,42,42,5248,0,0,0,0,0
2020-07-18,US,Texas,Jim Wells,399,0,0,27.73103938,-98.0904705,48249.0,985.6232399585001,0.0,399,387,0,0,387,372,40822,12,0,0,12,15
2020-07-18,US,Texas,Johnson,973,7,0,32.37877812,-97.36615819,48251.0,553.4163363042254,0.7194244604316546,966,950,6,0,944,918,171361,23,1,0,22,32
2020-07-18,US,Texas,Jones,641,0,0,32.73997145,-99.87861576,48253.0,3191.754219987053,0.0,641,639,0,0,639,608,19817,2,0,0,2,31
2020-07-18,US,Texas,Karnes,152,0,0,28.90705334,-97.85960149,48255.0,974.2965194538813,0.0,152,97,0,0,97,92,15650,55,0,0,55,5
2020-07-18,US,Texas,Kaufman,1222,5,0,32.599141700000004,-96.28734728,48257.0,897.5131101546777,0.4091653027823241,1217,1208,5,0,1203,1138,128622,14,0,0,14,70
2020-07-18,US,Texas,Kendall,115,0,0,29.94414155,-98.7113588,48259.0,242.45746452741886,0.0,115,108,0,0,108,108,45641,7,0,0,7,0
2020-07-18,US,Texas,Kenedy,3,0,0,26.92601662,-97.66413984,48261.0,742.5742574257425,0.0,3,3,0,0,3,3,442,0,0,0,0,0
2020-07-18,US,Texas,Kent,2,0,0,33.18104136,-100.7780939,48263.0,262.46719160104993,0.0,2,1,0,0,1,1,726,1,0,0,1,0
2020-07-18,US,Texas,Kerr,242,1,0,30.06040006,-99.34930144,48265.0,460.0760456273764,0.4132231404958678,241,225,1,0,224,224,52405,17,0,0,17,1
2020-07-18,US,Texas,Kimble,11,0,0,30.48678918,-99.74856473,48267.0,253.63154254092686,0.0,11,9,0,0,9,9,4362,2,0,0,2,0
2020-07-18,US,Texas,Kinney,4,0,0,29.34967888,-100.41866379999999,48271.0,109.080992637033,0.0,4,4,0,0,4,4,3767,0,0,0,0,0
2020-07-18,US,Texas,Kleberg,263,1,0,27.42435506,-97.69894948,48273.0,857.2359843546285,0.3802281368821293,262,247,1,0,246,232,31129,16,0,0,16,15
2020-07-18,US,Texas,Knox,17,0,0,33.60519951,-99.74229059999999,48275.0,463.97379912663763,0.0,17,14,0,0,14,12,3653,3,0,0,3,2
2020-07-18,US,Texas,La Salle,311,0,0,28.34453111,-99.09908775,48283.0,4135.63829787234,0.0,311,93,0,0,93,91,7531,218,0,0,218,2
2020-07-18,US,Texas,Lamar,455,15,0,33.66981763,-95.57404777,48277.0,912.5734571491606,3.2967032967032965,440,455,15,0,440,418,49728,0,0,0,0,37
2020-07-18,US,Texas,Lamb,118,1,0,34.06859623,-102.35162890000001,48279.0,915.22531606298,0.8474576271186439,117,110,1,0,109,102,13158,8,0,0,8,8
2020-07-18,US,Texas,Lampasas,45,0,0,31.19531316,-98.24206613,48281.0,210.0056001493373,0.0,45,45,0,0,45,44,21229,0,0,0,0,1
2020-07-18,US,Texas,Lavaca,464,1,0,29.38508402,-96.93186692,48285.0,2302.2725017366283,0.21551724137931036,463,367,1,0,366,363,20110,97,0,0,97,4
2020-07-18,US,Texas,Lee,117,3,0,30.31120597,-96.97045773,48287.0,678.693659725042,2.5641025641025643,114,117,3,0,114,108,17144,0,0,0,0,9
2020-07-18,US,Texas,Leon,116,0,0,31.29872538,-95.9936328,48289.0,666.5134451850149,0.0,116,116,0,0,116,107,17270,0,0,0,0,9
2020-07-18,US,Texas,Liberty,627,3,0,30.15152688,-94.81205615,48291.0,710.7312483705324,0.4784688995215311,624,606,3,0,603,596,86323,21,0,0,21,10
2020-07-18,US,Texas,Limestone,114,1,0,31.5454767,-96.58095444,48293.0,486.4103767547042,0.8771929824561403,113,114,1,0,113,110,23519,0,0,0,0,4
2020-07-18,US,Texas,Lipscomb,12,0,0,36.27783108,-100.27331509999999,48295.0,371.17228580266,0.0,12,12,0,0,12,12,3355,0,0,0,0,0
2020-07-18,US,Texas,Live Oak,101,1,0,28.35101362,-98.1246786,48297.0,827.3941181289424,0.99009900990099,100,91,1,0,90,85,12166,10,0,0,10,6
2020-07-18,US,Texas,Llano,57,0,0,30.70645047,-98.68475262,48299.0,261.5278733654509,0.0,57,57,0,0,57,53,21646,0,0,0,0,4
2020-07-18,US,Texas,Lubbock,4309,65,0,33.61008596,-101.82047890000001,48303.0,1387.4533517511404,1.5084706428405663,4244,4209,65,0,4144,4063,307412,100,0,0,100,146
2020-07-18,US,Texas,Lynn,55,3,0,33.17657705,-101.8162849,48305.0,924.2144177449167,5.454545454545454,52,55,3,0,52,55,5877,0,0,0,0,0
2020-07-18,US,Texas,Madison,175,0,0,30.96694679,-95.93003775,48313.0,1225.1470176421174,0.0,175,175,0,0,175,163,14422,0,0,0,0,12
2020-07-18,US,Texas,Marion,71,2,0,32.79868409,-94.35661230000001,48315.0,720.5195859549423,2.8169014084507036,69,68,2,0,66,67,9928,3,0,0,3,1
2020-07-18,US,Texas,Martin,32,1,0,32.30600051,-101.9513518,48317.0,554.4966210362155,3.125,31,31,1,0,30,28,5753,1,0,0,1,3
2020-07-18,US,Texas,Mason,38,0,0,30.71780434,-99.22629416,48319.0,889.0968647636874,0.0,38,38,0,0,38,38,4280,0,0,0,0,0
2020-07-18,US,Texas,Matagorda,452,5,0,28.81955746,-96.01230294,48321.0,1233.5234560489046,1.106194690265487,447,422,5,0,417,399,36552,30,0,0,30,23
2020-07-18,US,Texas,Maverick,1061,13,0,28.7429195,-100.3157686,48323.0,1806.818568849835,1.2252591894439209,1048,939,13,0,926,892,58485,122,0,0,122,47
2020-07-18,US,Texas,McCulloch,30,0,0,31.1925468,-99.34682807,48307.0,375.75150300601194,0.0,30,30,0,0,30,29,7987,0,0,0,0,1
2020-07-18,US,Texas,McLennan,3210,22,0,31.55255453,-97.20217694,48309.0,1250.862159666125,0.6853582554517134,3188,3096,20,0,3076,3005,254607,114,2,0,112,91
2020-07-18,US,Texas,McMullen,1,0,0,28.35251708,-98.56769164,48311.0,134.5895020188425,0.0,1,1,0,0,1,1,749,0,0,0,0,0
2020-07-18,US,Texas,Medina,492,4,0,29.355730100000002,-99.11030298,48325.0,953.7841191066997,0.8130081300813008,488,419,3,0,416,419,50921,73,1,0,72,0
2020-07-18,US,Texas,Menard,15,0,0,30.88990665,-99.82047940000001,48327.0,701.5902712815715,0.0,15,15,0,0,15,15,2139,0,0,0,0,0
2020-07-18,US,Texas,Midland,1387,25,0,31.86904128,-102.03156820000001,48329.0,784.3602967788637,1.8024513338139867,1362,1339,25,0,1314,1298,172578,48,0,0,48,41
2020-07-18,US,Texas,Milam,217,2,0,30.78581830000001,-96.97718698,48331.0,874.1892599605205,0.9216589861751152,215,203,2,0,201,191,25131,14,0,0,14,12
2020-07-18,US,Texas,Mills,7,0,0,31.49557106,-98.59272068,48333.0,143.64867638005336,0.0,7,7,0,0,7,7,4921,0,0,0,0,0
2020-07-18,US,Texas,Mitchell,27,0,0,32.30623474,-100.9212058,48335.0,315.9742539496782,0.0,27,27,0,0,27,27,8145,0,0,0,0,0
2020-07-18,US,Texas,Montague,35,1,0,33.67521893,-97.72500958,48337.0,176.6071248360077,2.8571428571428568,34,33,1,0,32,32,19596,2,0,0,2,1
2020-07-18,US,Texas,Montgomery,4721,46,0,30.30079133,-95.50572772,48339.0,777.2588003444237,0.974369836898962,4675,4721,46,0,4675,4501,590925,0,0,0,0,220
2020-07-18,US,Texas,Moore,940,15,0,35.83769242,-101.8930281,48341.0,4489.01623686724,1.5957446808510638,925,927,15,0,912,924,21485,13,0,0,13,3
2020-07-18,US,Texas,Morris,63,0,0,33.11304005,-94.73255695,48343.0,508.55666774297714,0.0,63,61,0,0,61,55,12339,2,0,0,2,6
2020-07-18,US,Texas,Motley,2,0,0,34.07408766,-100.77972199999999,48345.0,166.66666666666666,0.0,2,2,0,0,2,2,1234,0,0,0,0,0
2020-07-18,US,Texas,Nacogdoches,663,34,0,31.62017125,-94.61803994,48347.0,1016.8087847371327,5.128205128205129,629,647,33,0,614,639,65711,16,1,0,15,8
2020-07-18,US,Texas,Navarro,562,9,0,32.04620681,-96.47428766,48349.0,1121.4654879971263,1.6014234875444842,553,536,8,0,528,512,49565,26,1,0,25,24
2020-07-18,US,Texas,Newton,28,0,0,30.78548982,-93.74408813,48351.0,205.95807282089004,0.0,28,27,0,0,27,27,13746,1,0,0,1,0
2020-07-18,US,Texas,Nolan,86,1,0,32.30365282,-100.4060208,48353.0,584.4773684925923,1.162790697674419,85,76,0,0,76,76,14751,10,1,0,9,0
2020-07-18,US,Texas,Nueces,8407,90,0,27.736286,-97.5433285,48355.0,2320.491092869327,1.0705364577138101,8317,8171,82,0,8089,7861,362265,236,8,0,228,310
2020-07-18,US,Texas,Ochiltree,62,2,0,36.27829105,-100.8158184,48357.0,630.3375355835708,3.2258064516129035,60,62,2,0,60,62,9947,0,0,0,0,0
2020-07-18,US,Texas,Oldham,7,1,0,35.40425596,-102.6027606,48359.0,331.43939393939394,14.285714285714285,6,6,1,0,5,6,2131,1,0,0,1,0
2020-07-18,US,Texas,Orange,720,7,0,30.11879481,-93.89412775,48361.0,863.3507602283082,0.9722222222222222,713,720,7,0,713,498,83572,0,0,0,0,222
2020-07-18,US,Texas,Palo Pinto,84,2,0,32.75310985,-98.31319001,48363.0,287.77964301620466,2.380952380952381,82,83,2,0,81,81,28875,1,0,0,1,2
2020-07-18,US,Texas,Panola,238,24,0,32.163959600000005,-94.30552481,48365.0,1026.1274467534706,10.084033613445378,214,238,24,0,214,236,23148,0,0,0,0,2
2020-07-18,US,Texas,Parker,697,1,0,32.77757172,-97.80500621,48367.0,487.82877699855817,0.14347202295552364,696,679,1,0,678,667,138371,18,0,0,18,12
2020-07-18,US,Texas,Parmer,257,8,0,34.52993409,-102.78446679999999,48369.0,2675.6897449245184,3.1128404669260696,249,252,8,0,244,242,9864,5,0,0,5,10
2020-07-18,US,Texas,Pecos,166,1,0,30.78097267,-102.72412609999999,48371.0,1049.1057321620426,0.6024096385542169,165,164,1,0,163,153,15673,2,0,0,2,11
2020-07-18,US,Texas,Polk,414,1,0,30.79472531,-94.82766240000001,48373.0,806.1846435456546,0.24154589371980675,413,414,1,0,413,401,50031,0,0,0,0,13
2020-07-18,US,Texas,Potter,3159,39,0,35.40133773,-101.893964,48375.0,2690.456926287101,1.2345679012345678,3120,3119,39,0,3080,3100,119648,40,0,0,40,19
2020-07-18,US,Texas,Presidio,28,0,0,29.99954402,-104.24080790000001,48377.0,417.6610978520287,0.0,28,28,0,0,28,28,6948,0,0,0,0,0
2020-07-18,US,Texas,Rains,25,1,0,32.87109387,-95.79232691,48379.0,199.7762505993288,4.0,24,23,1,0,22,21,12159,2,0,0,2,2
2020-07-18,US,Texas,Randall,1260,7,0,34.96585996,-101.8971322,48381.0,914.946301365884,0.5555555555555556,1253,1208,7,0,1201,1166,136271,52,0,0,52,42
2020-07-18,US,Texas,Reagan,47,1,0,31.36607041,-101.52326590000001,48383.0,1221.0963886723825,2.127659574468085,46,46,0,0,46,42,3741,1,1,0,0,4
2020-07-18,US,Texas,Real,8,0,0,29.83321503,-99.82018052,48385.0,231.74971031286208,0.0,8,8,0,0,8,6,3478,0,0,0,0,2
2020-07-18,US,Texas,Red River,129,12,0,33.61886692,-95.04841765,48387.0,1072.9435249105882,9.30232558139535,117,129,12,0,117,129,12175,0,0,0,0,0
2020-07-18,US,Texas,Reeves,89,2,0,31.32323325,-103.69038959999999,48389.0,557.0856284426641,2.247191011235955,87,88,2,0,86,84,15695,1,0,0,1,4
2020-07-18,US,Texas,Refugio,76,0,0,28.323897600000002,-97.15766311,48391.0,1093.839953943581,0.0,76,68,0,0,68,67,7032,8,0,0,8,1
2020-07-18,US,Texas,Roberts,6,0,0,35.83809685,-100.813175,48393.0,702.5761124121782,0.0,6,6,0,0,6,6,903,0,0,0,0,0
2020-07-18,US,Texas,Robertson,143,0,0,31.02539637,-96.51272246,48395.0,837.5307485065011,0.0,143,143,0,0,143,125,17284,0,0,0,0,18
2020-07-18,US,Texas,Rockwall,537,17,0,32.89779518,-96.40771592,48397.0,511.8429204594195,3.165735567970205,520,531,17,0,514,505,100657,6,0,0,6,26
2020-07-18,US,Texas,Runnels,35,0,0,31.8314342,-99.97616148,48399.0,340.99766173031963,0.0,35,33,0,0,33,31,10234,2,0,0,2,2
2020-07-18,US,Texas,Rusk,270,3,0,32.10773545,-94.76176432,48401.0,496.2687938830276,1.1111111111111112,267,269,3,0,266,250,54450,1,0,0,1,19
2020-07-18,US,Texas,Sabine,35,1,0,31.34318809,-93.85440451,48403.0,332.00531208499336,2.8571428571428568,34,35,1,0,34,34,10589,0,0,0,0,1
2020-07-18,US,Texas,San Augustine,139,12,0,31.39457611,-94.17000399,48405.0,1687.5075877139734,8.633093525179858,127,139,12,0,127,135,8232,0,0,0,0,4
2020-07-18,US,Texas,San Jacinto,128,2,0,30.57933681,-95.16260304,48407.0,443.5358120516996,1.5625,126,124,2,0,122,121,28719,4,0,0,4,3
2020-07-18,US,Texas,San Patricio,402,0,0,28.00880118,-97.51763891,48409.0,602.4276936909937,0.0,402,364,0,0,364,364,66893,38,0,0,38,0
2020-07-18,US,Texas,San Saba,10,0,0,31.1577796,-98.81758731,48411.0,165.15276630883568,0.0,10,10,0,0,10,10,6054,0,0,0,0,0
2020-07-18,US,Texas,Schleicher,30,1,0,30.89740592,-100.5384842,48413.0,1074.1138560687432,3.333333333333333,29,28,1,0,27,26,2895,2,0,0,2,2
2020-07-18,US,Texas,Scurry,367,1,0,32.74613808,-100.91626640000001,48415.0,2197.210082021194,0.2724795640326976,366,362,1,0,361,356,16866,5,0,0,5,6
2020-07-18,US,Texas,Shackelford,13,0,0,32.73587756,-99.35401337,48417.0,398.1623277182237,0.0,13,11,0,0,11,10,3253,2,0,0,2,1
2020-07-18,US,Texas,Shelby,321,14,0,31.79211404,-94.14550696,48419.0,1270.0799240326028,4.361370716510903,307,319,14,0,305,317,25418,2,0,0,2,2
2020-07-18,US,Texas,Sherman,34,0,0,36.27751473,-101.8933156,48421.0,1125.0827266710787,0.0,34,33,0,0,33,33,3079,1,0,0,1,0
2020-07-18,US,Texas,Smith,1762,10,0,32.37474036,-95.27175679999999,48423.0,757.0321932021774,0.5675368898978433,1752,1717,10,0,1707,1568,230221,45,0,0,45,149
2020-07-18,US,Texas,Somervell,35,0,0,32.22236802,-97.77403489,48425.0,383.4355828220858,0.0,35,35,0,0,35,33,9016,0,0,0,0,2
2020-07-18,US,Texas,Starr,1362,14,0,26.56150059,-98.73892358,48427.0,2107.2826574660003,1.027900146842878,1348,1362,13,0,1349,1215,64525,0,1,0,-1,147
2020-07-18,US,Texas,Stephens,16,0,0,32.73553157,-98.83631615,48429.0,170.8306641042067,0.0,16,18,0,0,18,18,9433,-2,0,0,-2,0
2020-07-18,US,Texas,Sterling,1,0,0,31.82781912,-101.05007459999999,48431.0,77.45933384972889,0.0,1,1,0,0,1,1,1311,0,0,0,0,0
2020-07-18,US,Texas,Stonewall,4,0,0,33.17906744,-100.25384009999999,48433.0,296.2962962962963,0.0,4,,,,,,1362,,,,,
2020-07-18,US,Texas,Sutton,39,0,0,30.49856623,-100.5382014,48435.0,1032.8389830508472,0.0,39,36,0,0,36,26,3758,3,0,0,3,10
2020-07-18,US,Texas,Swisher,64,1,0,34.53028891,-101.73491740000001,48437.0,865.2156279572798,1.5625,63,63,1,0,62,62,7462,1,0,0,1,1
2020-07-18,US,Texas,Tarrant,21195,293,0,32.77143818,-97.29101614,48439.0,1008.078420367988,1.3824015097900448,20902,20907,288,0,20619,20433,2084931,288,5,0,283,474
2020-07-18,US,Texas,Taylor,891,11,0,32.30163422,-99.89007449,48441.0,645.4931393714593,1.2345679012345678,880,879,11,0,868,835,137640,12,0,0,12,44
2020-07-18,US,Texas,Terrell,2,0,0,30.22429013,-102.0766732,48443.0,257.73195876288656,0.0,2,2,0,0,2,2,823,0,0,0,0,0
2020-07-18,US,Texas,Terry,64,0,0,33.17402785,-102.3354521,48445.0,518.7646915781795,0.0,64,60,0,0,60,60,12287,4,0,0,4,0
2020-07-18,US,Texas,Throckmorton,2,0,0,33.17751417,-99.21226795,48447.0,133.24450366422386,0.0,2,2,0,0,2,2,1515,0,0,0,0,0
2020-07-18,US,Texas,Titus,1071,6,0,33.21339719,-94.96797273,48449.0,3270.2290076335885,0.5602240896358543,1065,1071,6,0,1065,1030,33033,0,0,0,0,41
2020-07-18,US,Texas,Tom Green,1455,11,0,31.40464436,-100.46244300000001,48451.0,1220.6375838926174,0.7560137457044673,1444,1419,11,0,1408,1343,118189,36,0,0,36,76
2020-07-18,US,Texas,Travis,17215,196,0,30.33432034,-97.78535620000001,48453.0,1351.3046781908922,1.1385419692128955,17019,16983,189,0,16794,16570,1248743,232,7,0,225,413
2020-07-18,US,Texas,Trinity,97,0,0,31.0879489,-95.1367187,48455.0,662.0708484062521,0.0,97,95,0,0,95,89,14740,2,0,0,2,6
2020-07-18,US,Texas,Tyler,48,0,0,30.77031716,-94.37690895,48457.0,221.4839424141749,0.0,48,47,0,0,47,45,21696,1,0,0,1,2
2020-07-18,US,Texas,Upshur,121,0,0,32.73706798,-94.93999853,48459.0,289.79953536272836,0.0,121,113,0,0,113,113,41260,8,0,0,8,0
2020-07-18,US,Texas,Upton,11,0,0,31.36868194,-102.0423217,48461.0,300.79299972655184,0.0,11,13,0,0,13,10,3671,-2,0,0,-2,3
2020-07-18,US,Texas,Uvalde,308,4,0,29.35739637,-99.76229172,48463.0,1151.7893870835048,1.2987012987012987,304,304,4,0,300,278,26846,4,0,0,4,26
2020-07-18,US,Texas,Val Verde,875,8,0,29.89149232,-101.1525205,48465.0,1784.8036715961246,0.9142857142857144,867,837,8,0,829,837,49208,38,0,0,38,0
2020-07-18,US,Texas,Van Zandt,244,3,0,32.56483801,-95.83766469,48467.0,431.1715850857042,1.2295081967213115,241,229,3,0,226,221,56019,15,0,0,15,8
2020-07-18,US,Texas,Victoria,2188,18,0,28.79780988,-96.96813006,48469.0,2376.091394813431,0.8226691042047533,2170,2188,18,0,2170,1991,92035,0,0,0,0,197
2020-07-18,US,Texas,Walker,2568,28,0,30.73872995,-95.57440968,48471.0,3519.2062600211048,1.0903426791277258,2540,2541,28,0,2513,2513,72480,27,0,0,27,28
2020-07-18,US,Texas,Waller,286,0,0,30.01058447,-95.99011759,48473.0,517.6845382471129,0.0,286,279,0,0,279,275,53126,7,0,0,7,4
2020-07-18,US,Texas,Ward,67,1,0,31.50999644,-103.09279090000001,48475.0,558.4264044007333,1.492537313432836,66,63,0,0,63,58,11720,4,1,0,3,5
2020-07-18,US,Texas,Washington,379,33,0,30.21498498,-96.40946246,48477.0,1056.2398974416142,8.70712401055409,346,379,33,0,346,367,35108,0,0,0,0,12
2020-07-18,US,Texas,Webb,3677,59,0,27.7610369,-99.33237355,48479.0,1329.1066032416174,1.6045689420723417,3618,3574,55,0,3519,3373,275910,103,4,0,99,201
2020-07-18,US,Texas,Wharton,395,1,0,29.27765923,-96.22319248,48481.0,950.5245933198577,0.2531645569620253,394,388,1,0,387,380,41619,7,0,0,7,8
2020-07-18,US,Texas,Wheeler,26,0,0,35.40114335,-100.26995140000001,48483.0,514.2405063291138,0.0,26,25,0,0,25,22,5191,1,0,0,1,3
2020-07-18,US,Texas,Wichita,709,8,0,33.98842886,-98.70410340000001,48485.0,536.1869469863117,1.1283497884344147,701,680,7,0,673,666,132064,29,1,0,28,14
2020-07-18,US,Texas,Wilbarger,23,0,0,34.07945812,-99.24178437,48487.0,180.12373717597302,0.0,23,21,0,0,21,20,12820,2,0,0,2,1
2020-07-18,US,Texas,Willacy,471,3,0,26.47411727,-97.61535848,48489.0,2205.262665043544,0.6369426751592356,468,462,3,0,459,440,21515,9,0,0,9,22
2020-07-18,US,Texas,Williamson,4686,70,0,30.64655664,-97.60048540000001,48491.0,793.496243338848,1.4938113529662826,4616,4490,67,0,4423,4420,566719,196,3,0,193,70
2020-07-18,US,Texas,Wilson,344,5,0,29.1732598,-98.08693082,48493.0,673.5852751125907,1.4534883720930232,339,242,5,0,237,230,50224,102,0,0,102,12
2020-07-18,US,Texas,Winkler,55,0,0,31.85008651,-103.04851629999999,48495.0,686.641697877653,0.0,55,52,0,0,52,49,7720,3,0,0,3,3
2020-07-18,US,Texas,Wise,219,5,0,33.21570665,-97.65460265,48497.0,312.92866941015086,2.2831050228310503,214,220,5,0,215,211,68305,-1,0,0,-1,9
2020-07-18,US,Texas,Wood,174,5,0,32.78722382,-95.38236368,48499.0,382.09007663760735,2.8735632183908044,169,168,5,0,163,163,45129,6,0,0,6,5
2020-07-18,US,Texas,Yoakum,56,0,0,33.17320212,-102.82764329999999,48501.0,642.7177780328245,0.0,56,50,0,0,50,45,8591,6,0,0,6,5
2020-07-18,US,Texas,Young,71,1,0,33.17659707,-98.68790885,48503.0,394.22543031649076,1.4084507042253518,70,68,1,0,67,68,18045,3,0,0,3,0
2020-07-18,US,Texas,Zapata,113,1,0,27.00156391,-99.16987152,48505.0,796.9532407080894,0.8849557522123894,112,112,1,0,111,112,14190,1,0,0,1,0
2020-07-18,US,Texas,Zavala,90,0,0,28.86617238,-99.76050829,48507.0,760.1351351351352,0.0,90,85,0,0,85,79,11983,5,0,0,5,6
2020-07-18,US,Utah,Bear River,1898,4,0,41.52106798,-113.0832816,0.0,1015.9620593304712,0.2107481559536354,1894,1866,4,0,1862,1837,,32,0,0,32,29
2020-07-18,US,Utah,Central Utah,301,0,0,39.37231946,-111.5758676,0.0,367.27920540791183,0.0,301,295,0,0,295,284,,6,0,0,6,11
2020-07-18,US,Utah,Davis,2249,7,0,40.99001837,-112.1139997,49011.0,632.6639117139875,0.3112494441974211,2242,2183,7,0,2176,2113,351713,66,0,0,66,70
2020-07-18,US,Utah,Salt Lake,16176,136,0,40.66616532,-111.9216011,49035.0,1393.9576211375547,0.8407517309594461,16040,15887,133,0,15754,15655,1152633,289,3,0,286,232
2020-07-18,US,Utah,San Juan,511,19,0,37.62762978,-109.80337140000002,49037.0,3338.123856806899,3.718199608610568,492,500,18,0,482,494,15449,11,1,0,10,6
2020-07-18,US,Utah,Southeast Utah,56,0,0,38.99617072,-110.7013958,0.0,139.20306246737428,0.0,56,55,0,0,55,54,,1,0,0,1,1
2020-07-18,US,Utah,Southwest Utah,2369,21,0,37.85447192,-111.4418764,0.0,939.9227112941493,0.8864499788940481,2348,2317,19,0,2298,2239,,52,2,0,50,78
2020-07-18,US,Utah,Summit,620,1,0,40.86688146,-110.9535882,49043.0,1471.1116383912686,0.16129032258064516,619,612,1,0,611,605,41933,8,0,0,8,7
2020-07-18,US,Utah,Tooele,417,0,0,40.44862644,-113.1295715,49045.0,577.0907430216305,0.0,417,413,0,0,413,387,69907,4,0,0,4,26
2020-07-18,US,Utah,TriCounty,101,0,0,40.12491499,-109.5174415,0.0,178.3758962947265,0.0,101,90,0,0,90,82,,11,0,0,11,8
2020-07-18,US,Utah,Utah,6148,30,0,40.1166722,-111.6657662,49049.0,966.3096183014136,0.4879635653871178,6118,5950,30,0,5920,5794,622213,198,0,0,198,156
2020-07-18,US,Utah,Wasatch,481,4,0,40.33110236,-111.1691419,49051.0,1410.9295708544778,0.8316008316008316,477,476,4,0,472,472,33240,5,0,0,5,4
2020-07-18,US,Utah,Weber-Morgan,2005,21,0,41.27116049,-111.9145117,0.0,736.2201977696751,1.0473815461346634,1984,1928,19,0,1909,1829,,77,2,0,75,99
2020-07-18,US,Vermont,Addison,70,2,0,44.03217337,-73.14130877,50001.0,190.3363515240504,2.8571428571428568,68,70,2,0,68,70,36973,0,0,0,0,0
2020-07-18,US,Vermont,Bennington,76,1,0,43.03519828,-73.09048868,50003.0,214.265576543558,1.3157894736842106,75,76,1,0,75,76,35631,0,0,0,0,0
2020-07-18,US,Vermont,Caledonia,24,0,0,44.46548598,-72.10314651,50005.0,80.01867102323875,0.0,24,24,0,0,24,24,30302,0,0,0,0,0
2020-07-18,US,Vermont,Chittenden,681,39,0,44.46322849,-73.08359212,50007.0,415.81691843638185,5.7268722466960345,642,679,39,0,640,672,164572,2,0,0,2,7
2020-07-18,US,Vermont,Essex,5,0,0,44.72736416,-71.73579864,50009.0,81.12932013629725,0.0,5,5,0,0,5,5,6250,0,0,0,0,0
2020-07-18,US,Vermont,Franklin,110,6,0,44.85627605,-72.91249563,50011.0,222.66305007894417,5.454545454545454,104,110,6,0,104,110,49421,0,0,0,0,0
2020-07-18,US,Vermont,Grand Isle,13,0,0,44.797582399999996,-73.29679772,50013.0,179.68210089841045,0.0,13,13,0,0,13,13,7090,0,0,0,0,0
2020-07-18,US,Vermont,Lamoille,41,1,0,44.60353043,-72.64356694,50015.0,161.6591751439161,2.4390243902439024,40,41,1,0,40,41,25300,0,0,0,0,0
2020-07-18,US,Vermont,Orange,10,0,0,44.00470222,-72.37640104,50017.0,34.61165720614703,0.0,10,10,0,0,10,10,28999,0,0,0,0,0
2020-07-18,US,Vermont,Orleans,14,0,0,44.82964024,-72.24562697,50019.0,51.78089285053815,0.0,14,14,0,0,14,14,26907,0,0,0,0,0
2020-07-18,US,Vermont,Rutland,79,1,0,43.57723578,-73.03741676,50021.0,135.7598254025537,1.2658227848101269,78,79,1,0,78,78,58672,0,0,0,0,1
2020-07-18,US,Vermont,Unassigned,6,0,0,0.0,0.0,90050.0,0.0,0.0,6,5,0,0,5,5,,1,0,0,1,0
2020-07-18,US,Vermont,Washington,45,1,0,44.27343241,-72.61604978,50023.0,77.04292146758205,2.2222222222222223,44,44,1,0,43,44,58140,1,0,0,1,0
2020-07-18,US,Vermont,Windham,99,3,0,42.986982,-72.71268875,50025.0,234.4749182890436,3.0303030303030303,96,99,3,0,96,99,42756,0,0,0,0,0
2020-07-18,US,Vermont,Windsor,65,2,0,43.58010937,-72.58595157,50027.0,118.04874505103338,3.0769230769230766,63,65,2,0,63,64,55286,0,0,0,0,1
2020-07-18,US,Virginia,Accomack,1051,15,0,37.76707161,-75.63234615,51001.0,3252.2589429384825,1.4272121788772598,1036,1048,14,0,1034,1045,32412,3,1,0,2,3
2020-07-18,US,Virginia,Albemarle,608,10,0,38.02080697,-78.55481085,51003.0,556.1145156864537,1.6447368421052633,598,593,10,0,583,583,108718,15,0,0,15,10
2020-07-18,US,Virginia,Alexandria,2540,56,0,38.814003,-77.08183073,51510.0,1593.195674536468,2.204724409448819,2484,2523,56,0,2467,2507,160530,17,0,0,17,16
2020-07-18,US,Virginia,Alleghany,54,2,0,37.78636074,-80.00222498,51005.0,363.39165545087485,3.703703703703704,52,54,2,0,52,54,14910,0,0,0,0,0
2020-07-18,US,Virginia,Amelia,59,1,0,37.34081025,-77.98584649,51007.0,448.83986306580454,1.6949152542372878,58,59,1,0,58,56,13013,0,0,0,0,3
2020-07-18,US,Virginia,Amherst,49,0,0,37.60308293,-79.14548696,51009.0,155.03875968992247,0.0,49,45,0,0,45,43,31666,4,0,0,4,2
2020-07-18,US,Virginia,Appomattox,49,0,0,37.37569884,-78.81340003,51011.0,307.96304443466784,0.0,49,48,0,0,48,48,15841,1,0,0,1,0
2020-07-18,US,Virginia,Arlington,2726,135,0,38.8767675,-77.10139853,51013.0,1150.9782893236838,4.9523110785033015,2591,2704,135,0,2569,2691,237521,22,0,0,22,13
2020-07-18,US,Virginia,Augusta,225,2,0,38.16404586,-79.12461614,51015.0,297.7844834431827,0.8888888888888888,223,221,2,0,219,219,75457,4,0,0,4,2
2020-07-18,US,Virginia,Bath,2,0,0,38.05852573,-79.73912095,51017.0,48.22763443453098,0.0,2,2,0,0,2,2,4292,0,0,0,0,0
2020-07-18,US,Virginia,Bedford,178,4,0,37.3080028,-79.5281964,51019.0,225.32501234224083,2.247191011235955,174,177,4,0,173,176,78747,1,0,0,1,1
2020-07-18,US,Virginia,Bland,5,0,0,37.13128068,-81.13599391,51021.0,79.61783439490445,0.0,5,5,0,0,5,5,6293,0,0,0,0,0
2020-07-18,US,Virginia,Botetourt,165,4,0,37.55531756,-79.80982182,51023.0,493.7311110446153,2.4242424242424243,161,165,4,0,161,164,33277,0,0,0,0,1
2020-07-18,US,Virginia,Bristol,18,0,0,36.616302399999995,-82.16359122,51520.0,107.385753490037,0.0,18,15,0,0,15,15,16482,3,0,0,3,0
2020-07-18,US,Virginia,Brunswick,150,1,0,36.76366949,-77.8593436,51025.0,924.1574764339844,0.6666666666666666,149,146,1,0,145,143,16384,4,0,0,4,3
2020-07-18,US,Virginia,Buchanan,54,0,0,37.26818323,-82.03749726,51027.0,257.09388687868983,0.0,54,52,0,0,52,51,21221,2,0,0,2,1
2020-07-18,US,Virginia,Buckingham,579,6,0,37.57242268,-78.52518834,51029.0,3376.487053883835,1.0362694300518134,573,579,6,0,573,578,16999,0,0,0,0,1
2020-07-18,US,Virginia,Buena Vista,29,0,0,37.73484642,-79.35296097,51530.0,447.6690336523618,0.0,29,26,0,0,26,25,6237,3,0,0,3,1
2020-07-18,US,Virginia,Campbell,74,1,0,37.20553386,-79.09678609,51031.0,134.82736631137834,1.351351351351351,73,73,1,0,72,70,54973,1,0,0,1,3
2020-07-18,US,Virginia,Caroline,157,4,0,38.02679129,-77.34901405,51033.0,510.9845402766477,2.5477707006369426,153,154,4,0,150,151,30772,3,0,0,3,3
2020-07-18,US,Virginia,Carroll,275,10,0,36.73066666,-80.73455942,51035.0,923.0975798059816,3.636363636363636,265,268,10,0,258,267,29636,7,0,0,7,1
2020-07-18,US,Virginia,Charles City,43,3,0,37.35358063,-77.05634116,51036.0,617.5499066494327,6.9767441860465125,40,42,3,0,39,42,6941,1,0,0,1,0
2020-07-18,US,Virginia,Charlotte,39,0,0,37.01909701,-78.66314092,51037.0,328.28282828282835,0.0,39,39,0,0,39,39,11938,0,0,0,0,0
2020-07-18,US,Virginia,Charlottesville,341,7,0,38.03527919,-78.48569588,51540.0,721.4488215630687,2.0527859237536656,334,333,7,0,326,318,48117,8,0,0,8,15
2020-07-18,US,Virginia,Chesapeake,1612,24,0,36.67670048,-76.30545744,51550.0,658.4025976678172,1.488833746898263,1588,1560,24,0,1536,1509,242634,52,0,0,52,51
2020-07-18,US,Virginia,Chesterfield,3427,65,0,37.37373208,-77.58680140000001,51041.0,971.366375474062,1.8967026553837176,3362,3402,64,0,3338,3359,348556,25,1,0,24,43
2020-07-18,US,Virginia,Clarke,61,0,0,39.11271747,-77.99199425,51043.0,417.2652028182502,0.0,61,61,0,0,61,61,14523,0,0,0,0,0
2020-07-18,US,Virginia,Colonial Heights,163,20,0,37.26420587,-77.39609676,51570.0,938.3995394358087,12.269938650306747,143,163,20,0,143,163,17833,0,0,0,0,0
2020-07-18,US,Virginia,Covington,6,0,0,37.7824656,-79.98631446,51580.0,108.34236186348862,0.0,6,6,0,0,6,5,5460,0,0,0,0,1
2020-07-18,US,Virginia,Craig,11,0,0,37.48133648,-80.21072274,51045.0,214.38316117715846,0.0,11,10,0,0,10,10,5064,1,0,0,1,0
2020-07-18,US,Virginia,Culpeper,890,12,0,38.48199985,-77.95630870000002,51047.0,1691.8543864651651,1.348314606741573,878,885,12,0,873,873,51859,5,0,0,5,12
2020-07-18,US,Virginia,Cumberland,60,0,0,37.51328851,-78.24398086,51049.0,604.1079339508659,0.0,60,60,0,0,60,60,9809,0,0,0,0,0
2020-07-18,US,Virginia,Danville,169,2,0,36.58022376,-79.40395668,51590.0,422.03576066327037,1.183431952662722,167,157,2,0,155,151,40693,12,0,0,12,6
2020-07-18,US,Virginia,Dickenson,9,0,0,37.12560977,-82.35124171,51051.0,62.857941053219726,0.0,9,9,0,0,9,8,14523,0,0,0,0,1
2020-07-18,US,Virginia,Dinwiddie,166,2,0,37.07544585,-77.63451754,51053.0,581.5582959641256,1.2048192771084338,164,164,2,0,162,163,28529,2,0,0,2,1
2020-07-18,US,Virginia,Emporia,151,15,0,36.69455571,-77.53406129,51595.0,2824.5417134306012,9.933774834437086,136,148,15,0,133,148,5121,3,0,0,3,0
2020-07-18,US,Virginia,Essex,68,0,0,37.93357639,-76.94230311,51057.0,620.8344745731763,0.0,68,67,0,0,67,68,10919,1,0,0,1,-1
2020-07-18,US,Virginia,Fairfax,14798,508,0,38.83677558,-77.27565836,51059.0,1289.550095335032,3.432896337342884,14290,14731,508,0,14223,14687,1150795,67,0,0,67,44
2020-07-18,US,Virginia,Fairfax,14798,508,0,38.83677558,-77.27565836,51059.0,1289.550095335032,3.432896337342884,14290,14731,508,0,14223,14687,24574,67,0,0,67,44
2020-07-18,US,Virginia,Fairfax City,73,7,0,38.85157547,-77.29779640000002,51600.0,303.9260585369916,9.58904109589041,66,73,7,0,66,74,24574,0,0,0,0,-1
2020-07-18,US,Virginia,Falls Church,54,7,0,38.88485255,-77.17560759,51610.0,369.43285215844566,12.962962962962965,47,54,7,0,47,54,14772,0,0,0,0,0
2020-07-18,US,Virginia,Fauquier,522,8,0,38.73564842,-77.80647472,51061.0,732.9196034933026,1.5325670498084292,514,511,8,0,503,503,70675,11,0,0,11,8
2020-07-18,US,Virginia,Floyd,27,1,0,36.9302126,-80.36738849,51063.0,171.43945647342687,3.703703703703704,26,27,1,0,26,25,15795,0,0,0,0,2
2020-07-18,US,Virginia,Fluvanna,145,8,0,37.84157909,-78.27715475,51065.0,531.7198386505319,5.517241379310344,137,142,8,0,134,139,26783,3,0,0,3,3
2020-07-18,US,Virginia,Franklin,117,1,0,36.99536167,-79.88023649,51067.0,208.77199243424573,0.8547008547008547,116,117,1,0,116,117,56195,0,0,0,0,0
2020-07-18,US,Virginia,Franklin,117,1,0,36.99536167,-79.88023649,51067.0,208.77199243424573,0.8547008547008547,116,117,1,0,116,117,8013,0,0,0,0,0
2020-07-18,US,Virginia,Franklin City,87,4,0,36.6831435,-76.93859681,51620.0,1092.0045186393877,4.597701149425287,83,83,4,0,79,83,8013,4,0,0,4,0
2020-07-18,US,Virginia,Frederick,582,7,0,39.20172582,-78.25974949,51069.0,651.640858553626,1.2027491408934707,575,575,7,0,568,570,88355,7,0,0,7,5
2020-07-18,US,Virginia,Fredericksburg,294,0,0,38.2977863,-77.4922454,51630.0,1012.536162005786,0.0,294,290,0,0,290,288,29144,4,0,0,4,2
2020-07-18,US,Virginia,Galax,299,16,0,36.66601852,-80.91703124,51640.0,4710.887033244052,5.351170568561873,283,296,16,0,280,296,6423,3,0,0,3,0
2020-07-18,US,Virginia,Giles,18,0,0,37.31234791,-80.70636931,51071.0,107.65550239234449,0.0,18,18,0,0,18,18,16844,0,0,0,0,0
2020-07-18,US,Virginia,Gloucester,88,1,0,37.40809042,-76.53524337,51073.0,235.62172003855628,1.1363636363636365,87,86,1,0,85,80,37349,2,0,0,2,6
2020-07-18,US,Virginia,Goochland,138,6,0,37.71714806,-77.90381514,51075.0,580.9792447269817,4.3478260869565215,132,138,6,0,132,135,23244,0,0,0,0,3
2020-07-18,US,Virginia,Grayson,100,4,0,36.65677234,-81.23215889,51077.0,643.0868167202573,4.0,96,99,4,0,95,97,15631,1,0,0,1,2
2020-07-18,US,Virginia,Greene,92,2,0,38.29545894,-78.46525378,51079.0,464.20101922397697,2.1739130434782608,90,92,2,0,90,88,19779,0,0,0,0,4
2020-07-18,US,Virginia,Greensville,387,9,0,36.67878901,-77.56351439,51081.0,3413.9026111503167,2.3255813953488373,378,386,9,0,377,386,11627,1,0,0,1,0
2020-07-18,US,Virginia,Halifax,98,1,0,36.76654925,-78.93512622,51083.0,288.9917725811684,1.020408163265306,97,97,1,0,96,97,34120,1,0,0,1,0
2020-07-18,US,Virginia,Hampton,645,4,0,37.03513786,-76.35879121,51650.0,479.5182514311204,0.6201550387596899,641,625,4,0,621,607,134313,20,0,0,20,18
2020-07-18,US,Virginia,Hanover,511,30,0,37.7583355,-77.49464673,51085.0,474.1755284598111,5.8708414872798445,481,508,30,0,478,504,107239,3,0,0,3,4
2020-07-18,US,Virginia,Harrisonburg,1004,29,0,38.43542574,-78.87536254,51660.0,1893.7679191187567,2.8884462151394423,975,1001,29,0,972,999,54033,3,0,0,3,2
2020-07-18,US,Virginia,Henrico,3005,175,0,37.53460572,-77.39326555,51087.0,908.354442624041,5.8236272878535775,2830,2987,175,0,2812,2964,329261,18,0,0,18,23
2020-07-18,US,Virginia,Henry,393,5,0,36.68542395,-79.87634026,51089.0,777.3404276361334,1.272264631043257,388,391,5,0,386,387,50953,2,0,0,2,4
2020-07-18,US,Virginia,Highland,3,0,0,38.35799465,-79.56124594,51091.0,136.98630136986299,0.0,3,3,0,0,3,3,2210,0,0,0,0,0
2020-07-18,US,Virginia,Hopewell,225,5,0,37.29186313,-77.29754684,51670.0,998.7127702072884,2.2222222222222223,220,224,5,0,219,216,22596,1,0,0,1,8
2020-07-18,US,Virginia,Isle of Wight,259,9,0,36.90579348,-76.70842863,51093.0,697.9438950119917,3.474903474903475,250,251,9,0,242,245,36953,8,0,0,8,6
2020-07-18,US,Virginia,James City,402,16,0,37.31156958,-76.76950618,51095.0,525.3322530481032,3.9800995024875614,386,396,16,0,380,390,76397,6,0,0,6,6
2020-07-18,US,Virginia,King George,107,4,0,38.26818502,-77.15852768,51099.0,398.7181398121926,3.7383177570093458,103,107,4,0,103,106,26575,0,0,0,0,1
2020-07-18,US,Virginia,King William,60,2,0,37.70965316,-77.09384941,51101.0,349.8950314905528,3.333333333333333,58,60,2,0,58,61,16939,0,0,0,0,-1
2020-07-18,US,Virginia,King and Queen,32,1,0,37.71044922,-76.88689628,51097.0,455.5160142348754,3.125,31,31,1,0,30,31,7042,1,0,0,1,0
2020-07-18,US,Virginia,Lancaster,23,0,0,37.71889653,-76.46400482,51103.0,216.9197396963124,0.0,23,22,0,0,22,22,10783,1,0,0,1,0
2020-07-18,US,Virginia,Lee,32,0,0,36.70586667,-83.12606515,51105.0,136.61785424582675,0.0,32,27,0,0,27,26,23541,5,0,0,5,1
2020-07-18,US,Virginia,Lexington,23,0,0,37.78258621,-79.44262866,51678.0,308.890679559495,0.0,23,23,0,0,23,20,7136,0,0,0,0,3
2020-07-18,US,Virginia,Loudoun,4596,103,0,39.08990083,-77.63481877,51107.0,1111.3851689566616,2.2410791993037424,4493,4576,102,0,4474,4557,406850,20,1,0,19,19
2020-07-18,US,Virginia,Louisa,149,2,0,37.97850256,-77.96274807,51109.0,396.3714718948685,1.342281879194631,147,147,2,0,145,143,36778,2,0,0,2,4
2020-07-18,US,Virginia,Lunenburg,42,0,0,36.94618528,-78.24133319,51111.0,344.3752049852411,0.0,42,42,0,0,42,43,12086,0,0,0,0,-1
2020-07-18,US,Virginia,Lynchburg,226,1,0,37.40021399,-79.19888138,51680.0,275.0462467140493,0.4424778761061947,225,221,1,0,220,205,82126,5,0,0,5,16
2020-07-18,US,Virginia,Madison,52,1,0,38.41531222,-78.28220331,51113.0,392.1272905512404,1.9230769230769231,51,51,1,0,50,49,13295,1,0,0,1,2
2020-07-18,US,Virginia,Manassas,1521,20,0,38.7464321,-77.48509905,51683.0,3702.081051478641,1.314924391847469,1501,1511,19,0,1492,1499,41641,10,1,0,9,12
2020-07-18,US,Virginia,Manassas Park,470,7,0,38.77058531,-77.44399307,51685.0,2689.09486211237,1.4893617021276595,463,468,7,0,461,464,17307,2,0,0,2,4
2020-07-18,US,Virginia,Martinsville,132,1,0,36.68212094,-79.86352771,51690.0,1051.4577027242312,0.7575757575757576,131,129,1,0,128,128,12902,3,0,0,3,1
2020-07-18,US,Virginia,Mathews,7,0,0,37.44164146,-76.34098896,51115.0,79.23930269413628,0.0,7,7,0,0,7,7,8802,0,0,0,0,0
2020-07-18,US,Virginia,Mecklenburg,273,30,0,36.67882005,-78.36131056,51117.0,892.5360447248831,10.989010989010987,243,271,29,0,242,269,30650,2,1,0,1,2
2020-07-18,US,Virginia,Middlesex,18,0,0,37.63191998,-76.55064617,51119.0,170.1001701001701,0.0,18,18,0,0,18,18,10769,0,0,0,0,0
2020-07-18,US,Virginia,Montgomery,211,3,0,37.17746986,-80.37868691,51121.0,214.13710864159944,1.4218009478672986,208,207,3,0,204,204,98985,4,0,0,4,3
2020-07-18,US,Virginia,Nelson,28,0,0,37.78790447,-78.88498513,51125.0,187.5418620227729,0.0,28,28,0,0,28,27,14836,0,0,0,0,1
2020-07-18,US,Virginia,New Kent,84,1,0,37.50694406,-76.99828634,51127.0,363.7780953618293,1.1904761904761905,83,84,1,0,83,76,22391,0,0,0,0,8
2020-07-18,US,Virginia,Newport News,1029,13,0,37.08166899,-76.51754109,51700.0,574.1386525317339,1.2633624878522838,1016,984,10,0,974,940,178626,45,3,0,42,44
2020-07-18,US,Virginia,Norfolk,2134,19,0,36.89934014,-76.26420872,51710.0,879.1226899341686,0.8903467666354264,2115,2020,19,0,2001,1888,244076,114,0,0,114,132
2020-07-18,US,Virginia,Northampton,278,28,0,37.34062933,-75.87751591,51131.0,2374.0392826643892,10.071942446043163,250,277,28,0,249,276,11735,1,0,0,1,1
2020-07-18,US,Virginia,Northumberland,50,1,0,37.89202088,-76.41949732,51133.0,413.3939644481191,2.0,49,49,1,0,48,47,12147,1,0,0,1,2
2020-07-18,US,Virginia,Norton,4,0,0,36.93357076,-82.62750411,51720.0,100.4772670183371,0.0,4,4,0,0,4,4,3968,0,0,0,0,0
2020-07-18,US,Virginia,Nottoway,143,6,0,37.1435975,-78.05065922,51135.0,938.8130252100841,4.195804195804196,137,142,6,0,136,136,15420,1,0,0,1,6
2020-07-18,US,Virginia,Orange,174,3,0,38.24530219,-78.01560400000002,51137.0,469.62295214704056,1.7241379310344829,171,171,3,0,168,168,36644,3,0,0,3,3
2020-07-18,US,Virginia,Page,314,23,0,38.61807452,-78.48797204,51139.0,1313.69759852732,7.32484076433121,291,312,23,0,289,309,23933,2,0,0,2,3
2020-07-18,US,Virginia,Patrick,57,1,0,36.680163799999995,-80.2865648,51141.0,323.71649250340755,1.7543859649122806,56,54,1,0,53,53,17673,3,0,0,3,1
2020-07-18,US,Virginia,Petersburg,359,9,0,37.20530399,-77.39368102,51730.0,1145.281694634084,2.5069637883008355,350,353,9,0,344,352,31567,6,0,0,6,1
2020-07-18,US,Virginia,Pittsylvania,204,2,0,36.81980341,-79.39731264,51143.0,338.00576598071376,0.9803921568627452,202,197,2,0,195,190,60949,7,0,0,7,7
2020-07-18,US,Virginia,Poquoson,25,0,0,37.14259351,-76.35798148,51735.0,203.7323771493766,0.0,25,24,0,0,24,23,12190,1,0,0,1,1
2020-07-18,US,Virginia,Portsmouth,925,20,0,36.85914825,-76.35971629,51740.0,979.8936418144452,2.1621621621621623,905,872,20,0,852,827,94632,53,0,0,53,45
2020-07-18,US,Virginia,Powhatan,102,3,0,37.55016038,-77.91267882,51145.0,343.9902873330635,2.9411764705882355,99,102,3,0,99,100,29189,0,0,0,0,2
2020-07-18,US,Virginia,Prince Edward,239,6,0,37.22554789,-78.43597949,51147.0,1048.1536707306377,2.510460251046025,233,239,6,0,233,238,22950,0,0,0,0,1
2020-07-18,US,Virginia,Prince George,283,2,0,37.18497668,-77.22922187,51149.0,737.8823038614972,0.7067137809187279,281,280,2,0,278,277,38082,3,0,0,3,3
2020-07-18,US,Virginia,Prince William,8104,161,0,38.70916224,-77.48713689,51153.0,1723.02720401416,1.9866732477788749,7943,8034,161,0,7873,7978,468011,70,0,0,70,56
2020-07-18,US,Virginia,Pulaski,59,2,0,37.06474963,-80.71229738,51155.0,173.3917183413172,3.3898305084745757,57,57,2,0,55,56,34066,2,0,0,2,1
2020-07-18,US,Virginia,Radford,20,0,0,37.12222899,-80.56027320000003,51750.0,109.59504630390707,0.0,20,20,0,0,20,19,18339,0,0,0,0,1
2020-07-18,US,Virginia,Rappahannock,35,1,0,38.68295619,-78.15826963,51157.0,474.898236092266,2.8571428571428568,34,35,1,0,34,33,7252,0,0,0,0,2
2020-07-18,US,Virginia,Richmond,311,4,0,37.937575,-76.72920628,51159.0,3446.747201595921,1.2861736334405145,307,311,4,0,307,309,9038,0,0,0,0,2
2020-07-18,US,Virginia,Richmond City,2541,36,0,37.53255773,-77.47966921,51760.0,1102.692287663386,1.4167650531286895,2505,2521,36,0,2485,2498,228783,20,0,0,20,23
2020-07-18,US,Virginia,Roanoke,350,6,0,37.26865804,-80.06396753,51161.0,371.6051217803072,1.7142857142857142,344,350,6,0,344,349,94073,0,0,0,0,1
2020-07-18,US,Virginia,Roanoke City,621,10,0,37.27791025,-79.96189766,51770.0,626.3679735331792,1.6103059581320451,611,622,10,0,612,617,99920,-1,0,0,-1,5
2020-07-18,US,Virginia,Rockbridge,46,0,0,37.81204314,-79.44605905,51163.0,203.78328091082267,0.0,46,42,0,0,42,41,22752,4,0,0,4,1
2020-07-18,US,Virginia,Rockingham,818,16,0,38.51006137,-78.87260325,51165.0,998.193976668131,1.9559902200489,802,814,15,0,799,808,81244,4,1,0,3,6
2020-07-18,US,Virginia,Russell,28,0,0,36.93028320000001,-82.10095486,51167.0,105.318588730911,0.0,28,28,0,0,28,27,26748,0,0,0,0,1
2020-07-18,US,Virginia,Salem,108,3,0,37.2836193,-80.06219455,51775.0,426.86059839532027,2.7777777777777777,105,109,3,0,106,107,25643,-1,0,0,-1,2
2020-07-18,US,Virginia,Scott,25,2,0,36.71466456,-82.60171704,51169.0,115.9232124640638,8.0,23,20,2,0,18,20,21534,5,0,0,5,0
2020-07-18,US,Virginia,Shenandoah,644,38,0,38.85905135,-78.56813762,51171.0,1476.5223771093176,5.900621118012422,606,637,38,0,599,633,43497,7,0,0,7,4
2020-07-18,US,Virginia,Smyth,69,1,0,36.84455636,-81.53344948,51173.0,229.20542120648412,1.4492753623188406,68,63,1,0,62,49,30472,6,0,0,6,14
2020-07-18,US,Virginia,Southampton,200,11,0,36.72231125,-77.10642712,51175.0,1134.365606034825,5.5,189,195,11,0,184,193,17586,5,0,0,5,2
2020-07-18,US,Virginia,Spotsylvania,1136,32,0,38.18574462,-77.655399,51177.0,833.9757001798628,2.8169014084507036,1104,1124,32,0,1092,1108,134238,12,0,0,12,16
2020-07-18,US,Virginia,Stafford,1112,6,0,38.41758738,-77.45917053,51179.0,727.3583548095917,0.5395683453237411,1106,1101,6,0,1095,1096,149960,11,0,0,11,5
2020-07-18,US,Virginia,Staunton,116,0,0,38.15965544,-79.05979937,51790.0,465.2655222204396,0.0,116,112,0,0,112,108,24922,4,0,0,4,4
2020-07-18,US,Virginia,Suffolk,701,44,0,36.70155394,-76.63603554,51800.0,761.0630998393193,6.276747503566334,657,676,44,0,632,647,91185,25,0,0,25,29
2020-07-18,US,Virginia,Surry,22,1,0,37.11781893,-76.88450012,51181.0,342.5724073497353,4.545454545454546,21,21,1,0,20,21,6474,1,0,0,1,0
2020-07-18,US,Virginia,Sussex,233,7,0,36.92432914,-77.25791182,51183.0,2088.0007169101173,3.004291845493562,226,229,7,0,222,227,11237,4,0,0,4,2
2020-07-18,US,Virginia,Tazewell,39,0,0,37.12191123,-81.56685568,51185.0,96.07094469762285,0.0,39,36,0,0,36,35,40855,3,0,0,3,1
2020-07-18,US,Virginia,Virginia Beach,2464,36,0,36.73285734,-76.04566934,51810.0,547.5871939267602,1.4610389610389611,2428,2396,34,0,2362,2272,450189,68,2,0,66,124
2020-07-18,US,Virginia,Warren,326,8,0,38.90847745,-78.20280433,51187.0,811.6721442087442,2.4539877300613497,318,322,8,0,314,318,40003,4,0,0,4,4
2020-07-18,US,Virginia,Washington,104,4,0,36.72341572,-81.95666289,51191.0,193.52437662820992,3.8461538461538463,100,100,4,0,96,95,54402,4,0,0,4,5
2020-07-18,US,Virginia,Waynesboro,142,1,0,38.06451466,-78.90293905,51820.0,627.4856385329208,0.7042253521126759,141,137,0,0,137,133,22628,5,1,0,4,4
2020-07-18,US,Virginia,Westmoreland,185,2,0,38.11021557,-76.80213247,51193.0,1026.9220094365803,1.0810810810810811,183,184,2,0,182,186,17830,1,0,0,1,-2
2020-07-18,US,Virginia,Williamsburg,91,6,0,37.28131268,-76.70905141,51830.0,608.5328340243414,6.593406593406592,85,91,6,0,85,88,14896,0,0,0,0,3
2020-07-18,US,Virginia,Winchester,371,4,0,39.17054517,-78.17325058,51840.0,1321.3191822779402,1.0781671159029649,367,366,4,0,362,361,28108,5,0,0,5,5
2020-07-18,US,Virginia,Wise,52,3,0,36.9746148,-82.62410519,51195.0,139.10066072813845,5.769230769230768,49,51,3,0,48,49,38012,1,0,0,1,2
2020-07-18,US,Virginia,Wythe,65,1,0,36.91582035,-81.07834059,51197.0,226.60716775902944,1.5384615384615383,64,64,1,0,63,64,28754,1,0,0,1,0
2020-07-18,US,Virginia,York,200,3,0,37.24374789,-76.54412815,51199.0,292.91154071470413,1.5,197,191,3,0,188,181,67846,9,0,0,9,10
2020-07-18,US,Washington,Adams,288,0,0,46.98299757,-118.56017340000001,53001.0,1441.2250412850924,0.0,288,277,0,0,277,252,19759,11,0,0,11,25
2020-07-18,US,Washington,Asotin,21,2,0,46.18894415,-117.2022851,53003.0,92.99442033477993,9.523809523809524,19,21,2,0,19,21,22610,0,0,0,0,0
2020-07-18,US,Washington,Benton,2787,98,0,46.23946995,-119.51208340000001,53005.0,1363.5696462644944,3.51632579834948,2689,2725,98,0,2627,2676,201877,62,0,0,62,49
2020-07-18,US,Washington,Chelan,700,6,0,47.87046092,-120.6173956,53007.0,906.7357512953367,0.8571428571428571,694,665,6,0,659,649,77036,35,0,0,35,16
2020-07-18,US,Washington,Clallam,69,0,0,48.04754642,-123.92263190000001,53009.0,89.22683011987431,0.0,69,67,0,0,67,65,76737,2,0,0,2,2
2020-07-18,US,Washington,Clark,1192,30,0,45.77568046,-122.48292040000001,53011.0,244.14172509068268,2.5167785234899327,1162,1152,30,0,1122,1145,481857,40,0,0,40,7
2020-07-18,US,Washington,Columbia,9,0,0,46.29442881,-117.9051983,53013.0,225.84692597239646,0.0,9,9,0,0,9,9,4059,0,0,0,0,0
2020-07-18,US,Washington,Cowlitz,338,2,0,46.19074721,-122.6782231,53015.0,305.6251299811018,0.591715976331361,336,324,1,0,323,317,108987,14,1,0,13,7
2020-07-18,US,Washington,Douglas,457,4,0,47.7361335,-119.69293700000001,53017.0,1052.2922471159823,0.8752735229759301,453,430,4,0,426,422,42907,27,0,0,27,8
2020-07-18,US,Washington,Ferry,6,0,0,48.471143100000006,-118.5154041,53019.0,78.66789038940605,0.0,6,6,0,0,6,4,7649,0,0,0,0,2
2020-07-18,US,Washington,Franklin,2702,42,0,46.53351425,-118.9018212,53021.0,2837.579550944109,1.5544041450777202,2660,2645,41,0,2604,2574,94347,57,1,0,56,71
2020-07-18,US,Washington,Garfield,2,0,0,46.43197502,-117.54540320000001,53023.0,89.88764044943821,0.0,2,2,0,0,2,2,2247,0,0,0,0,0
2020-07-18,US,Washington,Grant,925,8,0,47.20753737,-119.4500749,53025.0,946.4561611738104,0.8648648648648649,917,895,8,0,887,872,97331,30,0,0,30,23
2020-07-18,US,Washington,Grays Harbor,66,1,0,47.14003705,-123.7820567,53027.0,87.92848483233637,1.5151515151515151,65,63,1,0,62,58,73901,3,0,0,3,5
2020-07-18,US,Washington,Island,214,11,0,48.14713305,-122.5216407,53029.0,251.34776429687224,5.140186915887852,203,212,11,0,201,209,84460,2,0,0,2,3
2020-07-18,US,Washington,Jefferson,50,0,0,47.75003077,-123.56097040000002,53031.0,155.1782998665467,0.0,50,50,0,0,50,50,31729,0,0,0,0,0
2020-07-18,US,Washington,King,12953,637,0,47.49137892,-121.8346131,53033.0,574.977960583847,4.9177796649424845,12316,12766,631,0,12135,12558,2233163,187,6,0,181,208
2020-07-18,US,Washington,Kitsap,362,2,0,47.63479026,-122.6436061,53035.0,133.34659432061383,0.5524861878453039,360,353,2,0,351,338,269805,9,0,0,9,15
2020-07-18,US,Washington,Kittitas,273,0,0,47.12521214,-120.67943899999999,53037.0,569.5212266611036,0.0,273,272,0,0,272,247,47364,1,0,0,1,25
2020-07-18,US,Washington,Klickitat,81,3,0,45.87325839,-120.7913598,53039.0,361.2040133779264,3.703703703703704,78,80,3,0,77,80,22107,1,0,0,1,0
2020-07-18,US,Washington,Lewis,120,3,0,46.57756476,-122.39257690000001,53041.0,148.68598758472004,2.5,117,115,3,0,112,110,79604,5,0,0,5,5
2020-07-18,US,Washington,Lincoln,5,0,0,47.57705241,-118.41943880000001,53043.0,45.708017186214455,0.0,5,5,0,0,5,5,10740,0,0,0,0,0
2020-07-18,US,Washington,Mason,75,1,0,47.35007586,-123.1863685,53045.0,112.32925952552121,1.3333333333333333,74,74,1,0,73,70,65507,1,0,0,1,4
2020-07-18,US,Washington,Okanogan,323,2,0,48.54855019,-119.73872240000001,53047.0,764.6237246407687,0.6191950464396285,321,293,2,0,291,267,42132,30,0,0,30,26
2020-07-18,US,Washington,Pacific,19,1,0,46.55418369,-123.7285716,53049.0,84.55342441368876,5.2631578947368425,18,18,1,0,17,18,22036,1,0,0,1,0
2020-07-18,US,Washington,Pend Oreille,18,0,0,48.53234021,-117.2741804,53051.0,131.15709705625179,0.0,18,18,0,0,18,18,13602,0,0,0,0,0
2020-07-18,US,Washington,Pierce,3643,110,0,47.03892768,-122.14059579999999,53053.0,402.5503326040355,3.019489431786989,3533,3560,110,0,3450,3486,891299,83,0,0,83,74
2020-07-18,US,Washington,San Juan,24,0,0,48.60182783,-122.96745,53055.0,136.50324195199636,0.0,24,24,0,0,24,22,17128,0,0,0,0,2
2020-07-18,US,Washington,Skagit,669,16,0,48.48171488,-121.766131,53057.0,517.7818195890252,2.391629297458894,653,657,16,0,641,655,128206,12,0,0,12,2
2020-07-18,US,Washington,Skamania,40,0,0,46.02408726,-121.91644029999999,53059.0,331.04361499627583,0.0,40,37,0,0,37,38,11924,3,0,0,3,-1
2020-07-18,US,Washington,Snohomish,4307,182,0,48.04615983,-121.7170703,53061.0,523.9130355450727,4.225679127002554,4125,4238,181,0,4057,4181,814901,69,1,0,68,57
2020-07-18,US,Washington,Spokane,2573,44,0,47.62113146,-117.4046494,53063.0,492.1594956369382,1.7100660707345512,2529,2451,44,0,2407,2393,514631,122,0,0,122,58
2020-07-18,US,Washington,Stevens,43,1,0,48.40035475,-117.8542701,53065.0,94.0445727533189,2.3255813953488373,42,37,1,0,36,35,45260,6,0,0,6,2
2020-07-18,US,Washington,Thurston,444,5,0,46.9291895,-122.82906559999999,53067.0,152.82099292342428,1.1261261261261262,439,423,5,0,418,408,286419,21,0,0,21,15
2020-07-18,US,Washington,Unassigned,83,0,0,0.0,0.0,90053.0,0.0,0.0,83,85,1,0,84,200,,-2,-1,0,-1,-115
2020-07-18,US,Washington,Wahkiakum,5,0,0,46.29180039999999,-123.4250831,53069.0,111.40819964349377,0.0,5,5,0,0,5,5,4426,0,0,0,0,0
2020-07-18,US,Washington,Walla Walla,273,3,0,46.23040051,-118.4775539,53071.0,449.3087557603686,1.0989010989010992,270,263,3,0,260,249,60922,10,0,0,10,14
2020-07-18,US,Washington,Whatcom,772,37,0,48.82227976,-121.74900179999999,53073.0,336.75467945054896,4.7927461139896375,735,760,37,0,723,749,225685,12,0,0,12,11
2020-07-18,US,Washington,Whitman,55,0,0,46.90022523,-117.52417630000001,53075.0,109.77167491617435,0.0,55,51,0,0,51,51,49791,4,0,0,4,0
2020-07-18,US,Washington,Yakima,9040,193,0,46.45738486,-120.73801259999999,53077.0,3603.416868295911,2.134955752212389,8847,8939,191,0,8748,8805,251446,101,2,0,99,134
2020-07-18,US,West Virginia,Barbour,25,1,0,39.1307219,-80.00350858,54001.0,152.05887719725078,4.0,24,24,1,0,23,24,16535,1,0,0,1,0
2020-07-18,US,West Virginia,Berkeley,564,10,0,39.46704621,-78.02414609,54003.0,473.26950348658653,1.7730496453900708,554,558,10,0,548,555,117123,6,0,0,6,3
2020-07-18,US,West Virginia,Boone,57,0,0,38.01974191,-81.69888019,54005.0,265.64757421820383,0.0,57,53,0,0,53,50,21951,4,0,0,4,3
2020-07-18,US,West Virginia,Braxton,7,0,0,38.70036159,-80.72011184,54007.0,50.15404456545103,0.0,7,6,0,0,6,5,14089,1,0,0,1,1
2020-07-18,US,West Virginia,Brooke,38,0,0,40.27367263,-80.57915332,54009.0,173.20752996946078,0.0,38,36,0,0,36,32,22203,2,0,0,2,4
2020-07-18,US,West Virginia,Cabell,233,1,0,38.42424062,-82.23855912,54011.0,253.41236608842243,0.4291845493562232,232,214,1,0,213,209,93224,19,0,0,19,5
2020-07-18,US,West Virginia,Calhoun,4,0,0,38.84315422,-81.11934872,54013.0,56.2667041778028,0.0,4,4,0,0,4,4,7254,0,0,0,0,0
2020-07-18,US,West Virginia,Clay,15,1,0,38.46231092,-81.07652217,54015.0,176.30465444287728,6.666666666666668,14,15,1,0,14,14,8632,0,0,0,0,1
2020-07-18,US,West Virginia,Fayette,101,4,0,38.02974928,-81.08286634,54019.0,238.1738433240579,3.96039603960396,97,98,4,0,94,95,43018,3,0,0,3,3
2020-07-18,US,West Virginia,Gilmer,13,0,0,38.9251277,-80.85952723,54021.0,166.17665857088068,0.0,13,13,0,0,13,13,8026,0,0,0,0,0
2020-07-18,US,West Virginia,Grant,22,0,0,39.10314817,-79.19440518,54023.0,190.17980636237897,0.0,22,22,0,0,22,22,11626,0,0,0,0,0
2020-07-18,US,West Virginia,Greenbrier,76,3,0,37.9463652,-80.45335881,54025.0,219.2602850383705,3.947368421052632,73,76,3,0,73,74,34786,0,0,0,0,2
2020-07-18,US,West Virginia,Hampshire,46,1,0,39.32103553,-78.60826476,54027.0,198.48975188781014,2.1739130434782608,45,46,1,0,45,44,23347,0,0,0,0,2
2020-07-18,US,West Virginia,Hancock,54,0,0,40.51943859,-80.57461608,54029.0,187.4349184311003,0.0,54,54,0,0,54,50,29094,0,0,0,0,4
2020-07-18,US,West Virginia,Hardy,49,0,0,39.00683177,-78.85855301,54031.0,355.69105691056916,0.0,49,49,0,0,49,49,13775,0,0,0,0,0
2020-07-18,US,West Virginia,Harrison,136,1,0,39.2853852,-80.37919577,54033.0,202.21244201260853,0.7352941176470589,135,134,1,0,133,134,67554,2,0,0,2,0
2020-07-18,US,West Virginia,Jackson,149,19,0,38.84263974,-81.68148753,54035.0,521.4165733482644,12.751677852348996,130,149,19,0,130,148,28706,0,0,0,0,1
2020-07-18,US,West Virginia,Jefferson,268,4,0,39.30776166,-77.86014147,54037.0,468.974206418647,1.492537313432836,264,267,4,0,263,262,56811,1,0,0,1,5
2020-07-18,US,West Virginia,Kanawha,498,20,0,38.33860077,-81.52857054,54039.0,279.58051694325303,4.016064257028113,478,484,20,0,464,475,180454,14,0,0,14,9
2020-07-18,US,West Virginia,Lewis,25,2,0,38.9947249,-80.49988181,54041.0,157.16351291884075,8.0,23,25,2,0,23,24,16024,0,0,0,0,1
2020-07-18,US,West Virginia,Lincoln,20,0,0,38.172154,-82.07017953,54043.0,97.99598216473123,0.0,20,19,0,0,19,15,20599,1,0,0,1,4
2020-07-18,US,West Virginia,Logan,43,1,0,37.8299889,-81.93528571,54045.0,134.29526218807584,2.3255813953488373,42,42,1,0,41,40,32607,1,0,0,1,2
2020-07-18,US,West Virginia,Marion,133,2,0,39.50984542,-80.24244659,54049.0,237.19503495505782,1.5037593984962403,131,127,2,0,125,123,56097,6,0,0,6,4
2020-07-18,US,West Virginia,Marshall,81,0,0,39.86064362,-80.66591062,54051.0,265.3041171268547,0.0,81,78,0,0,78,75,30785,3,0,0,3,3
2020-07-18,US,West Virginia,Mason,27,0,0,38.77071799,-82.02524219,54053.0,101.82531301855484,0.0,27,26,0,0,26,26,26718,1,0,0,1,0
2020-07-18,US,West Virginia,McDowell,12,0,0,37.38002939,-81.65083669,54047.0,68.08896958692692,0.0,12,12,0,0,12,12,18223,0,0,0,0,0
2020-07-18,US,West Virginia,Mercer,68,0,0,37.40481169,-81.11023142,54055.0,115.72892201912931,0.0,68,68,0,0,68,67,59131,0,0,0,0,1
2020-07-18,US,West Virginia,Mineral,72,3,0,39.41561583,-78.94104895,54057.0,267.9767753461366,4.166666666666667,69,71,3,0,68,70,26940,1,0,0,1,1
2020-07-18,US,West Virginia,Mingo,51,2,0,37.73048351,-82.13338365,54059.0,217.7254098360656,3.92156862745098,49,50,2,0,48,41,23785,1,0,0,1,9
2020-07-18,US,West Virginia,Monongalia,701,5,0,39.63218457,-80.04766838,54061.0,663.7503314017348,0.7132667617689016,696,669,5,0,664,648,106420,32,0,0,32,21
2020-07-18,US,West Virginia,Monroe,15,0,0,37.56274716,-80.54577965,54063.0,112.99435028248587,0.0,15,15,0,0,15,15,13280,0,0,0,0,0
2020-07-18,US,West Virginia,Morgan,21,0,0,39.55439028,-78.26311676,54065.0,117.42339521359877,0.0,21,20,0,0,20,20,17787,1,0,0,1,0
2020-07-18,US,West Virginia,Nicholas,20,1,0,38.29617706,-80.79759588,54067.0,81.64598301763553,5.0,19,20,1,0,19,20,24842,0,0,0,0,0
2020-07-18,US,West Virginia,Ohio,173,3,0,40.0955451,-80.62203992,54069.0,417.76339619907753,1.7341040462427746,170,173,3,0,170,162,41755,0,0,0,0,11
2020-07-18,US,West Virginia,Pendleton,20,1,0,38.68314479,-79.35084086,54071.0,286.9852202611565,5.0,19,19,1,0,18,18,6997,1,0,0,1,1
2020-07-18,US,West Virginia,Pleasants,5,0,0,39.37091679,-81.16771771,54073.0,67.02412868632706,0.0,5,5,0,0,5,5,7507,0,0,0,0,0
2020-07-18,US,West Virginia,Pocahontas,38,0,0,38.32758728,-80.00993811,54075.0,460.7736146477507,0.0,38,38,0,0,38,38,8414,0,0,0,0,0
2020-07-18,US,West Virginia,Preston,114,2,0,39.46770987,-79.66712803,54077.0,340.99066762383364,1.7543859649122806,112,114,2,0,112,109,33839,0,0,0,0,5
2020-07-18,US,West Virginia,Putnam,106,0,0,38.50782345,-81.9082131,54079.0,187.77679362267486,0.0,106,100,0,0,100,97,56682,6,0,0,6,3
2020-07-18,US,West Virginia,Raleigh,95,0,0,37.76936795,-81.2456041,54081.0,129.49659901037336,0.0,95,95,0,0,95,88,74254,0,0,0,0,7
2020-07-18,US,West Virginia,Randolph,198,0,0,38.769899,-79.87919615,54083.0,690.0156821745949,0.0,198,198,0,0,198,195,28823,0,0,0,0,3
2020-07-18,US,West Virginia,Ritchie,3,0,0,39.18094587,-81.06356878,54085.0,31.400460540087924,0.0,3,3,0,0,3,3,9721,0,0,0,0,0
2020-07-18,US,West Virginia,Roane,12,1,0,38.71622686,-81.35243568,54087.0,87.66803039158388,8.333333333333334,11,12,1,0,11,12,13932,0,0,0,0,0
2020-07-18,US,West Virginia,Summers,2,0,0,37.65390597,-80.86009693,54089.0,15.90710252127575,0.0,2,2,0,0,2,2,12760,0,0,0,0,0
2020-07-18,US,West Virginia,Taylor,29,0,0,39.33602617,-80.0421439,54091.0,173.70470200658886,0.0,29,27,0,0,27,27,16862,2,0,0,2,0
2020-07-18,US,West Virginia,Tucker,7,0,0,39.11240885,-79.57053576,54093.0,102.35414534288635,0.0,7,7,0,0,7,7,6955,0,0,0,0,0
2020-07-18,US,West Virginia,Tyler,10,0,0,39.46811972,-80.88772676,54095.0,116.40088464672331,0.0,10,10,0,0,10,10,8746,0,0,0,0,0
2020-07-18,US,West Virginia,Upshur,33,0,0,38.89285061,-80.23689136,54097.0,136.49900727994705,0.0,33,33,0,0,33,33,24415,0,0,0,0,0
2020-07-18,US,West Virginia,Wayne,147,9,0,38.14901357,-82.42287994,54099.0,373.0775087559008,6.1224489795918355,138,146,9,0,137,143,39944,1,0,0,1,3
2020-07-18,US,West Virginia,Webster,2,0,0,38.49370949,-80.4202023,54101.0,24.648755237860488,0.0,2,2,0,0,2,1,8285,0,0,0,0,1
2020-07-18,US,West Virginia,Wetzel,40,0,0,39.6065771,-80.64016540000001,54103.0,265.5160969133753,0.0,40,40,0,0,40,38,15270,0,0,0,0,2
2020-07-18,US,West Virginia,Wirt,6,0,0,39.02775007,-81.37473928,54105.0,103.07507301151009,0.0,6,6,0,0,6,6,5830,0,0,0,0,0
2020-07-18,US,West Virginia,Wood,203,3,0,39.20967886,-81.5162836,54107.0,243.0613759908044,1.477832512315271,200,202,3,0,199,201,84203,1,0,0,1,1
2020-07-18,US,West Virginia,Wyoming,7,0,0,37.612327,-81.54511071,54109.0,34.32382073158772,0.0,7,7,0,0,7,7,20786,0,0,0,0,0
2020-07-18,US,Wisconsin,Adams,51,2,0,43.96974651,-89.76782777,55001.0,252.22551928783386,3.92156862745098,49,49,2,0,47,46,20348,2,0,0,2,3
2020-07-18,US,Wisconsin,Ashland,10,0,0,46.31956891,-90.67837132,55003.0,64.25909266161162,0.0,10,10,0,0,10,8,15600,0,0,0,0,2
2020-07-18,US,Wisconsin,Barron,69,1,0,45.42372701,-91.84833627,55005.0,152.50640968968258,1.4492753623188406,68,66,1,0,65,59,45164,3,0,0,3,7
2020-07-18,US,Wisconsin,Bayfield,13,1,0,46.52868768,-91.19716729,55007.0,86.45916467145517,7.6923076923076925,12,12,1,0,11,11,15042,1,0,0,1,1
2020-07-18,US,Wisconsin,Brown,3462,46,0,44.452655299999996,-88.00411844,55009.0,1308.676883065827,1.3287117273252456,3416,3407,45,0,3362,3393,263378,55,1,0,54,14
2020-07-18,US,Wisconsin,Buffalo,20,2,0,44.37835084,-91.75332578,55011.0,153.48016268897248,10.0,18,19,2,0,17,21,13125,1,0,0,1,-2
2020-07-18,US,Wisconsin,Burnett,5,1,0,45.86303537,-92.36711412,55013.0,32.4380433372259,20.0,4,5,1,0,4,5,15392,0,0,0,0,0
2020-07-18,US,Wisconsin,Calumet,184,2,0,44.0816316,-88.21780273,55015.0,367.346123899459,1.0869565217391304,182,176,2,0,174,169,50159,8,0,0,8,7
2020-07-18,US,Wisconsin,Chippewa,151,0,0,45.06939744,-91.28068855,55017.0,233.5364533391073,0.0,151,151,0,0,151,151,64135,0,0,0,0,0
2020-07-18,US,Wisconsin,Clark,132,7,0,44.73483377,-90.61207486,55019.0,379.59394950250186,5.303030303030303,125,130,7,0,123,128,34709,2,0,0,2,2
2020-07-18,US,Wisconsin,Columbia,150,1,0,43.46492199,-89.33589004,55021.0,260.72446638392546,0.6666666666666666,149,141,1,0,140,131,57358,9,0,0,9,10
2020-07-18,US,Wisconsin,Crawford,47,0,0,43.23870316,-90.93073686,55023.0,291.3644535366685,0.0,47,46,0,0,46,46,16291,1,0,0,1,0
2020-07-18,US,Wisconsin,Dane,3436,33,0,43.06601594,-89.41733797,55025.0,628.5040104628722,0.960419091967404,3403,3365,33,0,3332,3301,542364,71,0,0,71,64
2020-07-18,US,Wisconsin,Dodge,557,5,0,43.41576662,-88.70928178,55027.0,634.1146870979861,0.8976660682226212,552,557,5,0,552,541,87847,0,0,0,0,16
2020-07-18,US,Wisconsin,Door,73,3,0,44.95856458,-87.30002707,55029.0,263.8427063755964,4.109589041095891,70,70,3,0,67,66,27610,3,0,0,3,4
2020-07-18,US,Wisconsin,Douglas,74,0,0,46.43222285,-91.91595768,55031.0,171.49478563151797,0.0,74,66,0,0,66,66,43208,8,0,0,8,0
2020-07-18,US,Wisconsin,Dunn,63,0,0,44.94562799,-91.8962481,55033.0,138.8643978134368,0.0,63,60,0,0,60,59,45131,3,0,0,3,1
2020-07-18,US,Wisconsin,Eau Claire,388,2,0,44.726614,-91.28609183,55035.0,370.77384706534417,0.5154639175257731,386,371,1,0,370,365,104534,17,1,0,16,6
2020-07-18,US,Wisconsin,Florence,6,0,0,45.84963535,-88.39804137,55037.0,139.69732246798606,0.0,6,6,0,0,6,5,4321,0,0,0,0,1
2020-07-18,US,Wisconsin,Fond du Lac,427,6,0,43.75354908,-88.48885325,55039.0,412.947399978724,1.4051522248243558,421,418,6,0,412,410,103066,9,0,0,9,8
2020-07-18,US,Wisconsin,Forest,50,3,0,45.66678019,-88.77084892,55041.0,555.3087516659263,6.0,47,49,3,0,46,49,8991,1,0,0,1,0
2020-07-18,US,Wisconsin,Grant,243,14,0,42.8671731,-90.7063218,55043.0,472.40420692470695,5.761316872427983,229,236,14,0,222,231,51554,7,0,0,7,5
2020-07-18,US,Wisconsin,Green,114,1,0,42.6794956,-89.60243287,55045.0,308.44155844155836,0.8771929824561403,113,114,1,0,113,113,36929,0,0,0,0,1
2020-07-18,US,Wisconsin,Green Lake,46,0,0,43.80025981,-89.04679553,55047.0,243.21894992862053,0.0,46,44,0,0,44,44,18918,2,0,0,2,0
2020-07-18,US,Wisconsin,Iowa,50,0,0,43.00050278,-90.13469017,55049.0,211.16648365571416,0.0,50,47,0,0,47,47,23771,3,0,0,3,0
2020-07-18,US,Wisconsin,Iron,25,1,0,46.26302338,-90.24295041,55051.0,439.5990856339019,4.0,24,24,1,0,23,24,5676,1,0,0,1,0
2020-07-18,US,Wisconsin,Jackson,36,1,0,44.31864893,-90.80566792,55053.0,174.39325679407062,2.7777777777777777,35,36,1,0,35,36,20478,0,0,0,0,0
2020-07-18,US,Wisconsin,Jefferson,415,4,0,43.02054068,-88.77529134,55055.0,489.5657610683151,0.9638554216867471,411,405,4,0,401,393,85129,10,0,0,10,12
2020-07-18,US,Wisconsin,Juneau,73,1,0,43.92456975,-90.11120239,55057.0,273.541424663694,1.3698630136986298,72,69,1,0,68,66,26617,4,0,0,4,3
2020-07-18,US,Wisconsin,Kenosha,1933,47,0,42.57639354,-88.04051686,55059.0,1140.0027128879872,2.431453698913606,1886,1893,47,0,1846,1862,169290,40,0,0,40,31
2020-07-18,US,Wisconsin,Kewaunee,88,1,0,44.51727459,-87.61468386,55061.0,430.6547910345503,1.1363636363636365,87,86,1,0,85,86,20383,2,0,0,2,0
2020-07-18,US,Wisconsin,La Crosse,660,1,0,43.90632465,-91.11451093,55063.0,559.2462039045553,0.15151515151515152,659,646,0,0,646,628,118230,14,1,0,13,18
2020-07-18,US,Wisconsin,Lafayette,86,0,0,42.66005229,-90.1317729,55065.0,516.0516051605159,0.0,86,85,0,0,85,84,16665,1,0,0,1,1
2020-07-18,US,Wisconsin,Langlade,11,1,0,45.26271619,-89.07483625,55067.0,57.32450883318568,9.090909090909092,10,11,1,0,10,11,19268,0,0,0,0,0
2020-07-18,US,Wisconsin,Lincoln,33,0,0,45.33737523,-89.73411273,55069.0,119.595549595912,0.0,33,31,0,0,31,25,27689,2,0,0,2,6
2020-07-18,US,Wisconsin,Manitowoc,189,1,0,44.11946801,-87.80928853,55071.0,239.29805902685456,0.5291005291005291,188,180,1,0,179,177,79074,9,0,0,9,3
2020-07-18,US,Wisconsin,Marathon,363,2,0,44.89792533,-89.75863384,55073.0,267.51761341862453,0.5509641873278237,361,343,2,0,341,326,135428,20,0,0,20,17
2020-07-18,US,Wisconsin,Marinette,149,3,0,45.38553432,-88.03324599999998,55075.0,369.26889714993797,2.0134228187919465,146,139,3,0,136,133,40434,10,0,0,10,6
2020-07-18,US,Wisconsin,Marquette,56,1,0,43.81911946,-89.40073763,55077.0,359.5736483883396,1.7857142857142858,55,56,1,0,55,55,15434,0,0,0,0,1
2020-07-18,US,Wisconsin,Menominee,10,0,0,45.00422544,-88.70950714,55078.0,219.4907813871817,0.0,10,10,0,0,10,9,4658,0,0,0,0,1
2020-07-18,US,Wisconsin,Milwaukee,15632,411,0,43.00486062,-87.96733172,55079.0,1652.910039482895,2.629222108495394,15221,15363,404,0,14959,15057,948201,269,7,0,262,306
2020-07-18,US,Wisconsin,Monroe,159,1,0,43.94641218,-90.61881899999999,55081.0,343.76148574146544,0.6289308176100629,158,156,1,0,155,148,46051,3,0,0,3,8
2020-07-18,US,Wisconsin,Oconto,116,0,0,45.02715345,-88.26807503,55083.0,305.82652254152384,0.0,116,108,0,0,108,104,37830,8,0,0,8,4
2020-07-18,US,Wisconsin,Oneida,47,0,0,45.70677897,-89.51944105,55085.0,132.0410169967692,0.0,47,40,0,0,40,39,35470,7,0,0,7,1
2020-07-18,US,Wisconsin,Outagamie,780,10,0,44.41578887,-88.46565023,55087.0,415.14756366926576,1.2820512820512822,770,750,10,0,740,728,187365,30,0,0,30,22
2020-07-18,US,Wisconsin,Ozaukee,364,16,0,43.38352225,-87.94625009,55089.0,407.9757007879312,4.395604395604397,348,360,16,0,344,345,89147,4,0,0,4,15
2020-07-18,US,Wisconsin,Pepin,22,0,0,44.58307413,-91.99949611,55091.0,301.90750651845747,0.0,22,19,0,0,19,19,7289,3,0,0,3,0
2020-07-18,US,Wisconsin,Pierce,125,0,0,44.71850291,-92.4224416,55093.0,292.3703045329092,0.0,125,123,0,0,123,119,42555,2,0,0,2,4
2020-07-18,US,Wisconsin,Polk,79,2,0,45.46130348,-92.44182875,55095.0,180.43532878057687,2.5316455696202533,77,75,2,0,73,75,43598,4,0,0,4,0
2020-07-18,US,Wisconsin,Portage,279,0,0,44.47558711,-89.50152965,55097.0,394.22370428983214,0.0,279,266,0,0,266,263,70942,13,0,0,13,3
2020-07-18,US,Wisconsin,Price,11,0,0,45.68051754,-90.36098879999999,55099.0,82.3908321474047,0.0,11,9,0,0,9,9,13397,2,0,0,2,0
2020-07-18,US,Wisconsin,Racine,2564,66,0,42.74753117,-88.05941254,55101.0,1306.090845647977,2.574102964118565,2498,2519,66,0,2453,2463,196584,45,0,0,45,56
2020-07-18,US,Wisconsin,Richland,18,4,0,43.3762778,-90.43012729,55103.0,104.33572919081844,22.222222222222218,14,18,4,0,14,17,17377,0,0,0,0,1
2020-07-18,US,Wisconsin,Rock,1143,24,0,42.67151616,-89.07147900000002,55105.0,699.7073839636618,2.0997375328083994,1119,1124,24,0,1100,1103,163129,19,0,0,19,21
2020-07-18,US,Wisconsin,Rusk,13,1,0,45.47498854,-91.1333012,55107.0,91.69135280011284,7.6923076923076925,12,13,1,0,12,13,14147,0,0,0,0,0
2020-07-18,US,Wisconsin,Sauk,205,3,0,43.42574087,-89.94966132,55111.0,318.11551472642066,1.4634146341463414,202,201,3,0,198,194,64249,4,0,0,4,7
2020-07-18,US,Wisconsin,Sawyer,19,0,0,45.87931905,-91.14504927,55113.0,114.74815799009542,0.0,19,17,0,0,17,15,16489,2,0,0,2,2
2020-07-18,US,Wisconsin,Shawano,108,0,0,44.78902246,-88.76443896,55115.0,264.0651360668965,0.0,108,107,0,0,107,106,40796,1,0,0,1,1
2020-07-18,US,Wisconsin,Sheboygan,374,4,0,43.72099677,-87.94579284,55117.0,324.2587133691694,1.0695187165775402,370,368,4,0,364,340,115456,6,0,0,6,28
2020-07-18,US,Wisconsin,St. Croix,325,2,0,45.03437474,-92.45000068,55109.0,358.3755113742873,0.6153846153846154,323,316,2,0,314,310,89694,9,0,0,9,6
2020-07-18,US,Wisconsin,Taylor,30,0,0,45.21179252,-90.5004405,55119.0,147.4708745022858,0.0,30,29,0,0,29,26,20412,1,0,0,1,3
2020-07-18,US,Wisconsin,Trempealeau,227,0,0,44.30360275,-91.35893614,55121.0,765.6244730007758,0.0,227,219,0,0,219,213,29442,8,0,0,8,6
2020-07-18,US,Wisconsin,Vernon,45,0,0,43.59422667,-90.8324691,55123.0,145.9996106677049,0.0,45,43,0,0,43,42,30785,2,0,0,2,1
2020-07-18,US,Wisconsin,Vilas,20,0,0,46.05467334,-89.51719204,55125.0,90.11038522189682,0.0,20,18,0,0,18,17,21938,2,0,0,2,1
2020-07-18,US,Wisconsin,Walworth,897,18,0,42.66858202,-88.54163073,55127.0,863.5961027457927,2.0066889632107023,879,858,18,0,840,826,103718,39,0,0,39,32
2020-07-18,US,Wisconsin,Washburn,7,0,0,45.89838588,-91.79050449,55129.0,44.529262086513995,0.0,7,6,0,0,6,6,15878,1,0,0,1,0
2020-07-18,US,Wisconsin,Washington,552,19,0,43.36863664,-88.22974712,55131.0,405.7809077142479,3.4420289855072466,533,535,19,0,516,519,135693,17,0,0,17,16
2020-07-18,US,Wisconsin,Waukesha,2152,40,0,43.01833055,-88.30431188,55133.0,532.4123325696812,1.858736059479554,2112,2022,40,0,1982,1950,403072,130,0,0,130,72
2020-07-18,US,Wisconsin,Waupaca,212,13,0,44.47068056,-88.96534501,55135.0,415.76779760737395,6.132075471698112,199,205,13,0,192,202,51128,7,0,0,7,3
2020-07-18,US,Wisconsin,Waushara,51,0,0,44.11324419,-89.24317107,55137.0,208.64869287730642,0.0,51,50,0,0,50,49,24263,1,0,0,1,1
2020-07-18,US,Wisconsin,Winnebago,833,14,0,44.06886922,-88.64477096,55139.0,484.56432838686027,1.680672268907563,819,817,14,0,803,810,171020,16,0,0,16,7
2020-07-18,US,Wisconsin,Wood,128,1,0,44.45537896,-90.04158336,55141.0,175.34486773791423,0.78125,127,124,1,0,123,120,73055,4,0,0,4,4
2020-07-18,US,Wyoming,Albany,58,0,0,41.65498705,-105.72354150000001,56001.0,149.17695473251032,0.0,58,55,0,0,55,54,38601,3,0,0,3,1
2020-07-18,US,Wyoming,Big Horn,31,0,0,44.52405055,-107.9960365,56003.0,262.93469041560644,0.0,31,31,0,0,31,31,11881,0,0,0,0,0
2020-07-18,US,Wyoming,Campbell,93,0,0,44.24886082,-105.54744040000001,56005.0,200.6862173884897,0.0,93,93,0,0,93,93,46140,0,0,0,0,0
2020-07-18,US,Wyoming,Carbon,33,0,0,41.69357844,-106.9326084,56007.0,222.972972972973,0.0,33,31,0,0,31,31,14971,2,0,0,2,0
2020-07-18,US,Wyoming,Converse,29,0,0,42.97272268,-105.5081848,56009.0,209.81044711329758,0.0,29,29,0,0,29,28,13640,0,0,0,0,1
2020-07-18,US,Wyoming,Crook,9,0,0,44.58855102,-104.56977049999999,56011.0,118.67088607594937,0.0,9,9,0,0,9,9,7450,0,0,0,0,0
2020-07-18,US,Wyoming,Fremont,421,0,0,43.04183996,-108.6296893,56013.0,1072.3109447033953,0.0,421,417,0,0,417,413,39531,4,0,0,4,4
2020-07-18,US,Wyoming,Goshen,11,0,0,42.08798185,-104.3534743,56015.0,83.2639467110741,0.0,11,11,0,0,11,10,13376,0,0,0,0,1
2020-07-18,US,Wyoming,Hot Springs,13,0,0,43.71930657,-108.44231740000001,56017.0,294.5841830954,0.0,13,13,0,0,13,12,4555,0,0,0,0,1
2020-07-18,US,Wyoming,Johnson,22,1,0,44.04057166,-106.58451740000001,56019.0,260.5091770278271,4.545454545454546,21,22,1,0,21,22,8460,0,0,0,0,0
2020-07-18,US,Wyoming,Laramie,372,0,0,41.30702520000001,-104.6887497,56021.0,373.86934673366835,0.0,372,367,0,0,367,359,98976,5,0,0,5,8
2020-07-18,US,Wyoming,Lincoln,55,0,0,42.26376367,-110.6563997,56023.0,277.3575390821987,0.0,55,52,0,0,52,45,19434,3,0,0,3,7
2020-07-18,US,Wyoming,Natrona,174,0,0,42.96180148,-106.79788500000001,56025.0,217.88674897943847,0.0,174,174,0,0,174,173,79115,0,0,0,0,1
2020-07-18,US,Wyoming,Niobrara,2,0,0,43.05607708,-104.47588959999999,56027.0,84.88964346349746,0.0,2,2,0,0,2,2,2388,0,0,0,0,0
2020-07-18,US,Wyoming,Park,89,0,0,44.52157546,-109.58528249999999,56029.0,304.85716243063644,0.0,89,89,0,0,89,89,29324,0,0,0,0,0
2020-07-18,US,Wyoming,Platte,4,0,0,42.13299116,-104.96633100000001,56031.0,47.658763255093525,0.0,4,4,0,0,4,4,8566,0,0,0,0,0
2020-07-18,US,Wyoming,Sheridan,39,0,0,44.79048913,-106.8862389,56033.0,127.93176972281452,0.0,39,39,0,0,39,38,30233,0,0,0,0,1
2020-07-18,US,Wyoming,Sublette,17,0,0,42.76558279,-109.91309220000001,56035.0,172.92238836334045,0.0,17,17,0,0,17,11,9813,0,0,0,0,6
2020-07-18,US,Wyoming,Sweetwater,171,0,0,41.65943896,-108.8827882,56037.0,403.84479134685785,0.0,171,162,0,0,162,158,43051,9,0,0,9,4
2020-07-18,US,Wyoming,Teton,197,0,0,43.93522482,-110.5890801,56039.0,839.584043641323,0.0,197,187,0,0,187,181,23081,10,0,0,10,6
2020-07-18,US,Wyoming,Uinta,221,0,0,41.2878183,-110.54757820000002,56041.0,1092.6530208642341,0.0,221,219,0,0,219,217,20299,2,0,0,2,2
2020-07-18,US,Wyoming,Unassigned,0,23,0,0.0,0.0,90056.0,0.0,0.0,-23,0,23,0,-23,0,,0,0,0,0,0
2020-07-18,US,Wyoming,Washakie,43,0,0,43.90451606,-107.68018700000002,56043.0,550.9288917360666,0.0,43,43,0,0,43,43,7885,0,0,0,0,0
2020-07-18,US,Wyoming,Weston,4,0,0,43.83961191,-104.56748809999999,56045.0,57.74505557961599,0.0,4,3,0,0,3,3,6967,1,0,0,1,0
