Date,Country/Region,Province/State,Admin2,Confirmed,Deaths,Recovered,Latitude,Longitude,FIPS,Active Cases,Previous Confirmed,Previous Deaths,Previous Recovered,Previous Active,Prev2 Confirmed,Population,Daily Confirmed,Daily Deaths,Daily Recovered,Daily Active,Previous Daily Confirmed
2020-04-19,US,Alabama,Autauga,26,2,0,32.53952745,-86.64408227,1001.0,24,25,2,0,23,26,55601,1,0,0,1,-1
2020-04-19,US,Alabama,Baldwin,112,2,0,30.72774991,-87.72207058,1003.0,110,109,2,0,107,103,218022,3,0,0,3,6
2020-04-19,US,Alabama,Barbour,20,0,0,31.868263,-85.3871286,1005.0,20,18,0,0,18,15,24881,2,0,0,2,3
2020-04-19,US,Alabama,Bibb,28,0,0,32.99642064,-87.12511459999999,1007.0,28,26,0,0,26,24,22400,2,0,0,2,2
2020-04-19,US,Alabama,Blount,21,0,0,33.98210918,-86.56790593,1009.0,21,20,0,0,20,20,57840,1,0,0,1,0
2020-04-19,US,Alabama,Bullock,9,0,0,32.10030533,-85.71265535,1011.0,9,9,0,0,9,8,10138,0,0,0,0,1
2020-04-19,US,Alabama,Butler,14,0,0,31.75300095,-86.68057478,1013.0,14,13,0,0,13,16,19680,1,0,0,1,-3
2020-04-19,US,Alabama,Calhoun,71,2,0,33.77483727,-85.82630386,1015.0,69,66,2,0,64,63,114277,5,0,0,5,3
2020-04-19,US,Alabama,Chambers,245,13,0,32.91360079,-85.39072749,1017.0,232,240,11,0,229,236,33615,5,2,0,3,4
2020-04-19,US,Alabama,Cherokee,12,0,0,34.17805983,-85.60638968,1019.0,12,12,0,0,12,12,26032,0,0,0,0,0
2020-04-19,US,Alabama,Chilton,41,0,0,32.85044126,-86.7173256,1021.0,41,39,0,0,39,37,44153,2,0,0,2,2
2020-04-19,US,Alabama,Choctaw,14,0,0,32.02227341,-88.26564429999999,1023.0,14,14,0,0,14,13,12841,0,0,0,0,1
2020-04-19,US,Alabama,Clarke,24,0,0,31.68099859,-87.83548597,1025.0,24,24,0,0,24,24,23920,0,0,0,0,0
2020-04-19,US,Alabama,Clay,18,0,0,33.26984193,-85.85836077,1027.0,18,17,0,0,17,14,13275,1,0,0,1,3
2020-04-19,US,Alabama,Cleburne,12,1,0,33.67679204,-85.52005899,1029.0,11,12,0,0,12,12,14987,0,1,0,-1,0
2020-04-19,US,Alabama,Coffee,59,0,0,31.39932826,-85.98901039,1031.0,59,55,0,0,55,51,51909,4,0,0,4,4
2020-04-19,US,Alabama,Colbert,16,1,0,34.69847452,-87.80168544,1033.0,15,15,1,0,14,13,54762,1,0,0,1,2
2020-04-19,US,Alabama,Conecuh,10,0,0,31.43401703,-86.99320044,1035.0,10,10,0,0,10,8,12277,0,0,0,0,2
2020-04-19,US,Alabama,Coosa,22,1,0,32.93690146,-86.24847739,1037.0,21,22,1,0,21,20,10715,0,0,0,0,2
2020-04-19,US,Alabama,Covington,22,1,0,31.247785399999998,-86.45050893,1039.0,21,21,1,0,20,19,36986,1,0,0,1,2
2020-04-19,US,Alabama,Crenshaw,6,0,0,31.72941803,-86.31593104,1041.0,6,6,0,0,6,5,13824,0,0,0,0,1
2020-04-19,US,Alabama,Cullman,42,0,0,34.13020303,-86.86888037,1043.0,42,42,1,0,41,53,83442,0,-1,0,1,-11
2020-04-19,US,Alabama,Dale,20,0,0,31.43037123,-85.61095742,1045.0,20,17,0,0,17,14,48956,3,0,0,3,3
2020-04-19,US,Alabama,Dallas,25,2,0,32.32688101,-87.10866709999999,1047.0,23,22,2,0,20,21,38310,3,0,0,3,1
2020-04-19,US,Alabama,DeKalb,42,2,0,34.45946862,-85.80782906,1049.0,40,40,2,0,38,34,71385,2,0,0,2,6
2020-04-19,US,Alabama,Elmore,63,1,0,32.59785413,-86.14415284,1051.0,62,58,1,0,57,54,81887,5,0,0,5,4
2020-04-19,US,Alabama,Escambia,14,0,0,31.1256789,-87.15918694,1053.0,14,12,0,0,12,14,36748,2,0,0,2,-2
2020-04-19,US,Alabama,Etowah,98,7,0,34.04567266,-86.04051873,1055.0,91,93,7,0,86,87,102501,5,0,0,5,6
2020-04-19,US,Alabama,Fayette,4,0,0,33.72076938,-87.73886638,1057.0,4,4,0,0,4,4,16433,0,0,0,0,0
2020-04-19,US,Alabama,Franklin,17,0,0,34.44235334,-87.84289505,1059.0,17,17,1,0,16,18,31363,0,-1,0,1,-1
2020-04-19,US,Alabama,Geneva,4,0,0,31.09389027,-85.83572839,1061.0,4,4,0,0,4,2,26314,0,0,0,0,2
2020-04-19,US,Alabama,Greene,29,0,0,32.85504247,-87.95684022,1063.0,29,29,0,0,29,24,8233,0,0,0,0,5
2020-04-19,US,Alabama,Hale,25,1,0,32.76039258,-87.63284988,1065.0,24,23,1,0,22,22,14726,2,0,0,2,1
2020-04-19,US,Alabama,Henry,17,0,0,31.51148016,-85.24267944,1067.0,17,17,0,0,17,16,17209,0,0,0,0,1
2020-04-19,US,Alabama,Houston,66,2,0,31.15197924,-85.29939599,1069.0,64,63,2,0,61,64,104722,3,0,0,3,-1
2020-04-19,US,Alabama,Jackson,38,2,0,34.78144169,-85.99750489,1071.0,36,38,2,0,36,32,51736,0,0,0,0,6
2020-04-19,US,Alabama,Jefferson,682,25,0,33.55554728,-86.89506300000001,1073.0,657,671,25,0,646,651,659300,11,0,0,11,20
2020-04-19,US,Alabama,Lamar,8,0,0,33.77995024,-88.09668032,1075.0,8,8,0,0,8,7,13844,0,0,0,0,1
2020-04-19,US,Alabama,Lauderdale,23,4,0,34.90171875,-87.65624729,1077.0,19,23,4,0,19,23,92387,0,0,0,0,0
2020-04-19,US,Alabama,Lawrence,9,0,0,34.52041498,-87.31069453,1079.0,9,9,0,0,9,8,32957,0,0,0,0,1
2020-04-19,US,Alabama,Lee,308,14,0,32.60154883,-85.35132246,1081.0,294,305,14,0,291,301,163941,3,0,0,3,4
2020-04-19,US,Alabama,Limestone,40,0,0,34.81185586,-86.98310072,1083.0,40,40,0,0,40,40,96174,0,0,0,0,0
2020-04-19,US,Alabama,Lowndes,28,0,0,32.1597283,-86.65158371,1085.0,28,27,0,0,27,25,9974,1,0,0,1,2
2020-04-19,US,Alabama,Macon,25,2,0,32.38759944,-85.69267724,1087.0,23,24,2,0,22,24,18439,1,0,0,1,0
2020-04-19,US,Alabama,Madison,199,4,0,34.76327133,-86.55069633,1089.0,195,197,4,0,193,217,366519,2,0,0,2,-20
2020-04-19,US,Alabama,Marengo,26,1,0,32.24767634,-87.78796182,1091.0,25,25,1,0,24,24,19066,1,0,0,1,1
2020-04-19,US,Alabama,Marion,61,5,0,34.13697363,-87.88704173,1093.0,56,60,5,0,55,61,29763,1,0,0,1,-1
2020-04-19,US,Alabama,Marshall,149,4,0,34.36975964,-86.30486727,1095.0,145,138,4,0,134,122,96109,11,0,0,11,16
2020-04-19,US,Alabama,Mobile,661,28,0,30.78472347,-88.20842409,1097.0,633,637,25,0,612,621,413757,24,3,0,21,16
2020-04-19,US,Alabama,Monroe,9,1,0,31.56729412,-87.36995001,1099.0,8,8,1,0,7,7,21067,1,0,0,1,1
2020-04-19,US,Alabama,Montgomery,226,3,0,32.2206831,-86.20969272,1101.0,223,215,5,0,210,207,225763,11,-2,0,13,8
2020-04-19,US,Alabama,Morgan,47,0,0,34.45500589,-86.85475946,1103.0,47,45,0,0,45,46,119089,2,0,0,2,-1
2020-04-19,US,Alabama,Perry,9,0,0,32.64048341,-87.29770589,1105.0,9,9,0,0,9,9,9140,0,0,0,0,0
2020-04-19,US,Alabama,Pickens,38,0,0,33.28094866,-88.08818103,1107.0,38,32,0,0,32,32,19938,6,0,0,6,0
2020-04-19,US,Alabama,Pike,37,0,0,31.80396383,-85.9408295,1109.0,37,34,0,0,34,29,33338,3,0,0,3,5
2020-04-19,US,Alabama,Randolph,53,3,0,33.29526734,-85.45708831,1111.0,50,51,4,0,47,51,22725,2,-1,0,3,0
2020-04-19,US,Alabama,Russell,43,0,0,32.28725256,-85.18415324,1113.0,43,41,0,0,41,35,57781,2,0,0,2,6
2020-04-19,US,Alabama,Shelby,268,7,0,33.26879845,-86.66232561,1117.0,261,257,7,0,250,248,215707,11,0,0,11,9
2020-04-19,US,Alabama,St. Clair,54,0,0,33.71902176,-86.31029372,1115.0,54,53,0,0,53,52,88690,1,0,0,1,1
2020-04-19,US,Alabama,Sumter,36,0,0,32.59117397,-88.19916205,1119.0,36,35,0,0,35,33,12691,1,0,0,1,2
2020-04-19,US,Alabama,Talladega,46,1,0,33.37823223,-86.16886178,1121.0,45,44,1,0,43,42,79828,2,0,0,2,2
2020-04-19,US,Alabama,Tallapoosa,195,12,0,32.86698258,-85.79833053,1123.0,183,179,11,0,168,160,40497,16,1,0,15,19
2020-04-19,US,Alabama,Tuscaloosa,145,1,0,33.28726072,-87.52556818,1125.0,144,141,0,0,141,152,208911,4,1,0,3,-11
2020-04-19,US,Alabama,Walker,85,0,0,33.80270512,-87.30027177,1127.0,85,83,0,0,83,83,63711,2,0,0,2,0
2020-04-19,US,Alabama,Washington,16,1,0,31.4092794,-88.20689944,1129.0,15,15,1,0,14,14,16378,1,0,0,1,1
2020-04-19,US,Alabama,Wilcox,47,1,0,31.98773215,-87.30891118,1131.0,46,45,0,0,45,40,10627,2,1,0,1,5
2020-04-19,US,Alabama,Winston,9,0,0,34.15030532,-87.37325922,1133.0,9,9,0,0,9,9,23660,0,0,0,0,0
2020-04-19,US,Alaska,Anchorage,154,4,0,61.14998174,-149.14269860000002,2020.0,150,151,4,0,147,150,291538,3,0,0,3,1
2020-04-19,US,Alaska,Bethel,1,0,0,60.90980451,-159.8561831,2050.0,1,1,0,0,1,1,18216,0,0,0,0,0
2020-04-19,US,Alaska,Fairbanks North Star,79,1,0,64.80726247,-146.5692662,2090.0,78,79,1,0,78,79,98971,0,0,0,0,0
2020-04-19,US,Alaska,Juneau,24,0,0,58.45031811,-134.200436,2110.0,24,24,0,0,24,24,32113,0,0,0,0,0
2020-04-19,US,Alaska,Kenai Peninsula,19,0,0,60.24429722,-151.53888840000002,2122.0,19,19,0,0,19,17,58533,0,0,0,0,2
2020-04-19,US,Alaska,Ketchikan Gateway,15,0,0,55.57445008,-130.975561,2130.0,15,15,0,0,15,15,13918,0,0,0,0,0
2020-04-19,US,Alaska,Kodiak Island,1,0,0,57.65529415,-153.7493579,2150.0,1,1,0,0,1,1,13345,0,0,0,0,0
2020-04-19,US,Alaska,Matanuska-Susitna,18,0,0,62.31305045,-149.5741743,2170.0,18,17,0,0,17,15,107610,1,0,0,1,2
2020-04-19,US,Alaska,Nome,1,0,0,64.90320724,-164.0353804,2180.0,1,1,0,0,1,1,10008,0,0,0,0,0
2020-04-19,US,Alaska,Petersburg,3,0,0,57.13978948,-132.9540995,2195.0,3,2,0,0,2,2,3221,1,0,0,1,0
2020-04-19,US,Alaska,Prince of Wales-Hyder,2,0,0,55.76261984,-133.0511621,2198.0,2,2,0,0,2,2,6422,0,0,0,0,0
2020-04-19,US,Alaska,Southeast Fairbanks,1,0,0,63.87692095,-143.2127643,2240.0,1,1,0,0,1,1,6918,0,0,0,0,0
2020-04-19,US,Alaska,Unassigned,0,4,0,0.0,0.0,90002.0,-4,0,4,0,-4,0,,0,0,0,0,0
2020-04-19,US,Alaska,Yukon-Koyukuk,1,0,0,65.50815459,-151.39073869999999,2290.0,1,1,0,0,1,1,5327,0,0,0,0,0
2020-04-19,US,Arizona,Apache,178,4,0,35.39465006,-109.4892383,4001.0,174,169,4,0,165,141,71818,9,0,0,9,28
2020-04-19,US,Arizona,Cochise,24,0,0,31.87934684,-109.7516088,4003.0,24,22,0,0,22,20,126770,2,0,0,2,2
2020-04-19,US,Arizona,Coconino,333,26,0,35.83883429,-111.77071780000001,4005.0,307,314,29,0,285,304,142854,19,-3,0,22,10
2020-04-19,US,Arizona,Gila,7,0,0,33.80190085,-110.8132779,4007.0,7,7,0,0,7,5,53889,0,0,0,0,2
2020-04-19,US,Arizona,Graham,2,0,0,32.93166885,-109.8882178,4009.0,2,2,0,0,2,2,38072,0,0,0,0,0
2020-04-19,US,Arizona,Greenlee,2,0,0,33.21498827,-109.2405279,4011.0,2,2,0,0,2,2,9483,0,0,0,0,0
2020-04-19,US,Arizona,La Paz,5,1,0,33.72854224,-113.98100290000001,4012.0,4,5,1,0,4,5,21098,0,0,0,0,0
2020-04-19,US,Arizona,Maricopa,2589,75,0,33.34835867,-112.49181540000001,4013.0,2514,2491,70,0,2421,2404,4410824,98,5,0,93,87
2020-04-19,US,Arizona,Mohave,54,1,0,35.70471703,-113.7577902,4015.0,53,52,1,0,51,51,209550,2,0,0,2,1
2020-04-19,US,Arizona,Navajo,459,11,0,35.3997715,-110.3218983,4017.0,448,452,11,0,441,435,110445,7,0,0,7,17
2020-04-19,US,Arizona,Pima,913,56,0,32.0971334,-111.7890033,4019.0,857,856,56,0,800,819,1039073,57,0,0,57,37
2020-04-19,US,Arizona,Pinal,247,7,0,32.90525627,-111.3449483,4021.0,240,235,6,0,229,212,447138,12,1,0,11,23
2020-04-19,US,Arizona,Santa Cruz,19,0,0,31.52508998,-110.8479088,4023.0,19,16,0,0,16,14,46511,3,0,0,3,2
2020-04-19,US,Arizona,Unassigned,0,1,0,0.0,0.0,90004.0,-1,,,,,0,,,,,,
2020-04-19,US,Arizona,Yavapai,72,1,0,34.59933926,-112.5538588,4025.0,71,72,1,0,71,69,231993,0,0,0,0,3
2020-04-19,US,Arizona,Yuma,29,1,0,32.76895712,-113.90666740000002,4027.0,28,29,1,0,28,28,212128,0,0,0,0,1
2020-04-19,US,Arkansas,Arkansas,2,0,0,34.29145151,-91.37277296,5001.0,2,2,0,0,2,2,17769,0,0,0,0,0
2020-04-19,US,Arkansas,Ashley,11,0,0,33.19153461,-91.76984709999999,5003.0,11,11,0,0,11,11,20046,0,0,0,0,0
2020-04-19,US,Arkansas,Baxter,5,0,0,36.28784385,-92.33782872,5005.0,5,5,0,0,5,4,41619,0,0,0,0,1
2020-04-19,US,Arkansas,Benton,62,0,0,36.33644656,-94.25680817,5007.0,62,62,0,0,62,62,272608,0,0,0,0,0
2020-04-19,US,Arkansas,Boone,3,0,0,36.3084504,-93.09374925,5009.0,3,3,0,0,3,3,37480,0,0,0,0,0
2020-04-19,US,Arkansas,Bradley,7,1,0,33.46755808,-92.15980837,5011.0,6,7,0,0,7,7,10897,0,1,0,-1,0
2020-04-19,US,Arkansas,Carroll,2,0,0,36.340385600000005,-93.54270261,5015.0,2,2,0,0,2,2,28223,0,0,0,0,0
2020-04-19,US,Arkansas,Chicot,7,0,0,33.26458973,-91.29539209,5017.0,7,7,0,0,7,7,10438,0,0,0,0,0
2020-04-19,US,Arkansas,Clark,27,0,0,34.04613432,-93.17484713,5019.0,27,27,0,0,27,27,22061,0,0,0,0,0
2020-04-19,US,Arkansas,Clay,1,0,0,36.36826212,-90.4148172,5021.0,1,1,0,0,1,1,14847,0,0,0,0,0
2020-04-19,US,Arkansas,Cleburne,70,4,0,35.53864922,-92.02640019,5023.0,66,70,4,0,66,70,24965,0,0,0,0,0
2020-04-19,US,Arkansas,Cleveland,8,0,0,33.89723187,-92.18537045,5025.0,8,8,0,0,8,8,8018,0,0,0,0,0
2020-04-19,US,Arkansas,Columbia,5,0,0,33.21230701,-93.22642793,5027.0,5,4,0,0,4,4,23537,1,0,0,1,0
2020-04-19,US,Arkansas,Conway,5,1,0,35.26205537,-92.70506566,5029.0,4,5,1,0,4,5,20891,0,0,0,0,0
2020-04-19,US,Arkansas,Craighead,43,1,0,35.83018283,-90.63235729,5031.0,42,42,1,0,41,40,108558,1,0,0,1,2
2020-04-19,US,Arkansas,Crawford,4,0,0,35.58928601,-94.2446814,5033.0,4,4,0,0,4,4,63406,0,0,0,0,0
2020-04-19,US,Arkansas,Crittenden,139,4,0,35.21247318,-90.30839406,5035.0,135,133,4,0,129,127,48342,6,0,0,6,6
2020-04-19,US,Arkansas,Cross,8,0,0,35.29631396,-90.77185818,5037.0,8,8,0,0,8,8,16676,0,0,0,0,0
2020-04-19,US,Arkansas,Dallas,1,0,0,33.97042763,-92.65167437,5039.0,1,1,0,0,1,1,7182,0,0,0,0,0
2020-04-19,US,Arkansas,Desha,7,0,0,33.83011025,-91.25500948,5041.0,7,6,0,0,6,6,11512,1,0,0,1,0
2020-04-19,US,Arkansas,Drew,6,1,0,33.59035001,-91.71777921,5043.0,5,6,1,0,5,6,18328,0,0,0,0,0
2020-04-19,US,Arkansas,Faulkner,62,2,0,35.14719007,-92.33717519,5045.0,60,60,2,0,58,59,124806,2,0,0,2,1
2020-04-19,US,Arkansas,Franklin,1,0,0,35.51202821,-93.89299569,5047.0,1,1,0,0,1,1,17810,0,0,0,0,0
2020-04-19,US,Arkansas,Garland,107,0,0,34.57692074,-93.14921604,5051.0,107,106,0,0,106,107,99154,1,0,0,1,-1
2020-04-19,US,Arkansas,Grant,11,0,0,34.29017991,-92.42320562,5053.0,11,11,0,0,11,11,18188,0,0,0,0,0
2020-04-19,US,Arkansas,Greene,8,0,0,36.117354600000006,-90.55832668,5055.0,8,9,0,0,9,6,45325,-1,0,0,-1,3
2020-04-19,US,Arkansas,Hempstead,5,1,0,33.73325583,-93.66935133,5057.0,4,4,1,0,3,4,21741,1,0,0,1,0
2020-04-19,US,Arkansas,Hot Spring,8,0,0,34.31709259,-92.95396325,5059.0,8,8,0,0,8,8,33701,0,0,0,0,0
2020-04-19,US,Arkansas,Howard,14,0,0,34.09007427,-93.9934871,5061.0,14,12,0,0,12,12,13341,2,0,0,2,0
2020-04-19,US,Arkansas,Independence,8,0,0,35.74242707,-91.57001641,5063.0,8,7,0,0,7,7,37678,1,0,0,1,0
2020-04-19,US,Arkansas,Izard,2,0,0,36.09604046,-91.90847954,5065.0,2,2,0,0,2,2,13593,0,0,0,0,0
2020-04-19,US,Arkansas,Jackson,1,0,0,35.59802983,-91.21494602,5067.0,1,1,0,0,1,1,16811,0,0,0,0,0
2020-04-19,US,Arkansas,Jefferson,118,6,0,34.26767081,-91.92619839,5069.0,112,114,6,0,108,113,68114,4,0,0,4,1
2020-04-19,US,Arkansas,Johnson,22,0,0,35.56759135,-93.46036368,5071.0,22,21,0,0,21,20,26742,1,0,0,1,1
2020-04-19,US,Arkansas,Lafayette,4,0,0,33.24116713,-93.60677071,5073.0,4,4,0,0,4,5,6682,0,0,0,0,-1
2020-04-19,US,Arkansas,Lawrence,26,1,0,36.04188196,-91.10867198,5075.0,25,25,1,0,24,24,16434,1,0,0,1,1
2020-04-19,US,Arkansas,Lee,3,1,0,34.78498904,-90.78383866,5077.0,2,3,1,0,2,3,8985,0,0,0,0,0
2020-04-19,US,Arkansas,Lincoln,111,0,0,33.95317155,-91.74002806,5079.0,111,110,0,0,110,94,13383,1,0,0,1,16
2020-04-19,US,Arkansas,Logan,3,0,0,35.21413234,-93.71951016,5083.0,3,3,0,0,3,2,21737,0,0,0,0,1
2020-04-19,US,Arkansas,Lonoke,26,0,0,34.75392199,-91.88742357,5085.0,26,30,0,0,30,30,73657,-4,0,0,-4,0
2020-04-19,US,Arkansas,Madison,1,0,0,36.01038185,-93.72524943,5087.0,1,1,0,0,1,1,16481,0,0,0,0,0
2020-04-19,US,Arkansas,Marion,1,0,0,36.26844485,-92.68451899,5089.0,1,1,0,0,1,1,16722,0,0,0,0,0
2020-04-19,US,Arkansas,Miller,29,0,0,33.31403423,-93.89285258,5091.0,29,29,0,0,29,29,43592,0,0,0,0,0
2020-04-19,US,Arkansas,Mississippi,8,0,0,35.76271485,-90.05194370000001,5093.0,8,8,0,0,8,8,41239,0,0,0,0,0
2020-04-19,US,Arkansas,Monroe,3,0,0,34.6815935,-91.20540287,5095.0,3,2,0,0,2,2,6900,1,0,0,1,0
2020-04-19,US,Arkansas,Nevada,1,0,0,33.66340119,-93.30632432,5099.0,1,1,0,0,1,1,8326,0,0,0,0,0
2020-04-19,US,Arkansas,Newton,2,0,0,35.91947491,-93.21612969,5101.0,2,2,0,0,2,2,7805,0,0,0,0,0
2020-04-19,US,Arkansas,Ouachita,5,0,0,33.58839816,-92.87795984,5103.0,5,5,0,0,5,5,23606,0,0,0,0,0
2020-04-19,US,Arkansas,Perry,3,0,0,34.945915299999996,-92.94372564,5105.0,3,3,0,0,3,3,10352,0,0,0,0,0
2020-04-19,US,Arkansas,Phillips,4,1,0,34.43268455,-90.84800154,5107.0,3,4,1,0,3,4,18029,0,0,0,0,0
2020-04-19,US,Arkansas,Pike,2,0,0,34.16250414,-93.65789349,5109.0,2,2,0,0,2,2,10673,0,0,0,0,0
2020-04-19,US,Arkansas,Poinsett,10,0,0,35.57433534,-90.66268713,5111.0,10,10,0,0,10,10,23974,0,0,0,0,0
2020-04-19,US,Arkansas,Polk,7,0,0,34.48254879,-94.22728802,5113.0,7,7,0,0,7,7,20049,0,0,0,0,0
2020-04-19,US,Arkansas,Pope,35,0,0,35.44871474,-93.03212219,5115.0,35,35,0,0,35,33,64000,0,0,0,0,2
2020-04-19,US,Arkansas,Prairie,2,0,0,34.83624419,-91.55162157,5117.0,2,2,0,0,2,2,8074,0,0,0,0,0
2020-04-19,US,Arkansas,Pulaski,377,12,0,34.77054088,-92.31355101,5119.0,365,368,12,0,356,360,392680,9,0,0,9,8
2020-04-19,US,Arkansas,Randolph,11,0,0,36.3415714,-91.02455531,5121.0,11,11,0,0,11,10,17948,0,0,0,0,1
2020-04-19,US,Arkansas,Saline,43,1,0,34.64916145,-92.67583224,5125.0,42,41,1,0,40,37,121421,2,0,0,2,4
2020-04-19,US,Arkansas,Scott,1,0,0,34.85588887,-94.0632176,5127.0,1,1,0,0,1,1,10319,0,0,0,0,0
2020-04-19,US,Arkansas,Searcy,6,0,0,35.9109364,-92.69936482,5129.0,6,6,0,0,6,6,7958,0,0,0,0,0
2020-04-19,US,Arkansas,Sebastian,11,0,0,35.19605503,-94.27162713,5131.0,11,11,0,0,11,11,127753,0,0,0,0,0
2020-04-19,US,Arkansas,Sevier,9,0,0,33.99780401,-94.2424869,5133.0,9,8,0,0,8,8,17139,1,0,0,1,0
2020-04-19,US,Arkansas,Sharp,2,0,0,36.16258158,-91.47819342,5135.0,2,2,0,0,2,2,17366,0,0,0,0,0
2020-04-19,US,Arkansas,St. Francis,64,0,0,35.02201976,-90.74828138,5123.0,64,64,0,0,64,63,25439,0,0,0,0,1
2020-04-19,US,Arkansas,Stone,7,0,0,35.86251946,-92.15684085,5137.0,7,7,0,0,7,7,12457,0,0,0,0,0
2020-04-19,US,Arkansas,Unassigned,46,0,0,0.0,0.0,90005.0,46,42,0,0,42,43,,4,0,0,4,-1
2020-04-19,US,Arkansas,Union,24,0,0,33.16887091,-92.59746952,5139.0,24,23,0,0,23,20,39126,1,0,0,1,3
2020-04-19,US,Arkansas,Van Buren,26,2,0,35.58095779,-92.51295036,5141.0,24,26,2,0,24,26,16603,0,0,0,0,0
2020-04-19,US,Arkansas,Washington,46,0,0,35.976844,-94.21800746,5143.0,46,45,0,0,45,45,236961,1,0,0,1,0
2020-04-19,US,Arkansas,White,29,0,0,35.25688493,-91.74908296,5145.0,29,29,0,0,29,29,78727,0,0,0,0,0
2020-04-19,US,Arkansas,Woodruff,1,0,0,35.18902527,-91.2439489,5147.0,1,1,0,0,1,1,6490,0,0,0,0,0
2020-04-19,US,Arkansas,Yell,2,0,0,35.00292371,-93.41171338,5149.0,2,2,0,0,2,2,21535,0,0,0,0,0
2020-04-19,US,California,Alameda,1164,42,0,37.64629437,-121.8929271,6001.0,1122,1114,41,0,1073,1063,1666753,50,1,0,49,51
2020-04-19,US,California,Alpine,2,0,0,38.59678594,-119.82235940000001,6003.0,2,2,0,0,2,2,1101,0,0,0,0,0
2020-04-19,US,California,Amador,7,0,0,38.44583082,-120.65696000000001,6005.0,7,7,0,0,7,7,39383,0,0,0,0,0
2020-04-19,US,California,Butte,16,0,0,39.66727762,-121.6005252,6007.0,16,16,0,0,16,16,231256,0,0,0,0,0
2020-04-19,US,California,Calaveras,12,0,0,38.20537103,-120.55291299999999,6009.0,12,12,0,0,12,11,45602,0,0,0,0,1
2020-04-19,US,California,Colusa,3,0,0,39.17881957,-122.2331726,6011.0,3,3,0,0,3,3,21627,0,0,0,0,0
2020-04-19,US,California,Contra Costa,693,20,0,37.91923498,-121.9289527,6013.0,673,685,19,0,666,648,1150215,8,1,0,7,37
2020-04-19,US,California,Del Norte,2,0,0,41.74228275,-123.89740630000001,6015.0,2,2,0,0,2,2,27828,0,0,0,0,0
2020-04-19,US,California,El Dorado,36,0,0,38.77965956,-120.5233166,6017.0,36,36,0,0,36,36,190678,0,0,0,0,0
2020-04-19,US,California,Fresno,315,7,0,36.75733899,-119.6466953,6019.0,308,311,7,0,304,295,994400,4,0,0,4,16
2020-04-19,US,California,Glenn,4,0,0,39.59875897,-122.3938452,6021.0,4,4,0,0,4,4,28047,0,0,0,0,0
2020-04-19,US,California,Humboldt,52,0,0,40.69923009,-123.876044,6023.0,52,52,0,0,52,52,136373,0,0,0,0,0
2020-04-19,US,California,Imperial,155,3,0,33.0393082,-115.36690420000001,6025.0,152,155,3,0,152,143,181827,0,0,0,0,12
2020-04-19,US,California,Inyo,18,0,0,36.51112084,-117.41119779999998,6027.0,18,18,0,0,18,17,17987,0,0,0,0,1
2020-04-19,US,California,Kern,623,3,0,35.34329425,-118.72777959999999,6029.0,620,610,3,0,607,578,896764,13,0,0,13,32
2020-04-19,US,California,Kings,28,1,0,36.07409056,-119.8159973,6031.0,27,20,1,0,19,18,151366,8,0,0,8,2
2020-04-19,US,California,Lake,6,0,0,39.10124298,-122.75362439999999,6033.0,6,6,0,0,6,6,64382,0,0,0,0,0
2020-04-19,US,California,Los Angeles,12341,600,0,34.30828379,-118.22824109999999,6037.0,11741,12021,576,0,11445,11400,10105518,320,24,0,296,621
2020-04-19,US,California,Madera,34,2,0,37.21513971,-119.76655890000002,6039.0,32,33,2,0,31,33,157672,1,0,0,1,0
2020-04-19,US,California,Marin,189,10,0,38.07122463,-122.72106310000001,6041.0,179,187,10,0,177,187,259666,2,0,0,2,0
2020-04-19,US,California,Mendocino,5,0,0,39.4381191,-123.39113130000001,6045.0,5,5,0,0,5,4,87606,0,0,0,0,1
2020-04-19,US,California,Merced,90,3,0,37.18922369,-120.72090349999999,6047.0,87,86,3,0,83,82,274765,4,0,0,4,4
2020-04-19,US,California,Mono,23,1,0,37.93899289,-118.8872409,6051.0,22,23,1,0,22,23,14250,0,0,0,0,0
2020-04-19,US,California,Monterey,136,3,0,36.21862405,-121.24133970000001,6053.0,133,119,3,0,116,119,435594,17,0,0,17,0
2020-04-19,US,California,Napa,47,2,0,38.50735751,-122.33283899999999,6055.0,45,47,2,0,45,44,139417,0,0,0,0,3
2020-04-19,US,California,Nevada,36,1,0,39.30394768,-120.76272809999999,6057.0,35,36,1,0,35,34,99696,0,0,0,0,2
2020-04-19,US,California,Orange,1636,32,0,33.70147516,-117.76459979999998,6059.0,1604,1556,32,0,1524,1501,3185968,80,0,0,80,55
2020-04-19,US,California,Placer,132,8,0,39.06167234,-120.72405690000001,6061.0,124,131,8,0,123,130,393149,1,0,0,1,1
2020-04-19,US,California,Plumas,4,0,0,40.00355989,-120.8395236,6063.0,4,4,0,0,4,4,18804,0,0,0,0,0
2020-04-19,US,California,Riverside,2638,75,0,33.74314981,-115.9933578,6065.0,2563,2457,69,0,2388,2457,2450758,181,6,0,175,0
2020-04-19,US,California,Sacramento,925,34,0,38.45106826,-121.34253740000001,6067.0,891,914,33,0,881,896,1540975,11,1,0,10,18
2020-04-19,US,California,San Benito,44,2,0,36.60308176,-121.069975,6069.0,42,44,2,0,42,44,61537,0,0,0,0,0
2020-04-19,US,California,San Bernardino,1286,57,0,34.84060306,-116.1774685,6071.0,1229,1219,57,0,1162,1032,2171603,67,0,0,67,187
2020-04-19,US,California,San Diego,2213,71,0,33.03484597,-116.73653259999999,6073.0,2142,2158,70,0,2088,2087,3343364,55,1,0,54,71
2020-04-19,US,California,San Francisco,1157,20,0,37.75215114,-122.43856720000001,6075.0,1137,1137,20,0,1117,1058,883305,20,0,0,20,79
2020-04-19,US,California,San Joaquin,415,17,0,37.93433732,-121.2730061,6077.0,398,400,17,0,383,371,752660,15,0,0,15,29
2020-04-19,US,California,San Luis Obispo,132,1,0,35.38822029,-120.4039028,6079.0,131,131,1,0,130,127,284010,1,0,0,1,4
2020-04-19,US,California,San Mateo,838,28,0,37.422880799999994,-122.32755459999998,6081.0,810,838,28,0,810,797,769545,0,0,0,0,41
2020-04-19,US,California,Santa Barbara,385,4,0,34.65329488,-120.0188492,6083.0,381,373,3,0,370,354,446527,12,1,0,11,19
2020-04-19,US,California,Santa Clara,1870,73,0,37.23104908,-121.6970462,6085.0,1797,1870,73,0,1797,1870,1937570,0,0,0,0,0
2020-04-19,US,California,Santa Cruz,104,2,0,37.05580291,-122.0066524,6087.0,102,101,2,0,99,98,274255,3,0,0,3,3
2020-04-19,US,California,Shasta,26,3,0,40.76391419,-122.0396884,6089.0,23,26,3,0,23,26,180040,0,0,0,0,0
2020-04-19,US,California,Siskiyou,5,0,0,41.59198861,-122.54074340000001,6093.0,5,5,0,0,5,5,43724,0,0,0,0,0
2020-04-19,US,California,Solano,169,2,0,38.26827353,-121.9357113,6095.0,167,169,2,0,167,169,446610,0,0,0,0,0
2020-04-19,US,California,Sonoma,180,2,0,38.52746429,-122.88625060000001,6097.0,178,180,2,0,178,172,499942,0,0,0,0,8
2020-04-19,US,California,Stanislaus,221,4,0,37.55862499,-120.9970722,6099.0,217,206,4,0,202,187,549815,15,0,0,15,19
2020-04-19,US,California,Sutter,25,2,0,39.03417539,-121.6945899,6101.0,23,25,2,0,23,24,96807,0,0,0,0,1
2020-04-19,US,California,Tehama,1,1,0,40.12570935,-122.23701709999999,6103.0,0,1,1,0,0,1,63916,0,0,0,0,0
2020-04-19,US,California,Tulare,411,17,0,36.22026558,-118.8020203,6107.0,394,397,17,0,380,382,465861,14,0,0,14,15
2020-04-19,US,California,Tuolumne,2,0,0,38.02644018,-119.95250929999999,6109.0,2,2,0,0,2,2,54539,0,0,0,0,0
2020-04-19,US,California,Unassigned,0,2,0,0.0,0.0,90006.0,-2,,,,,,,,,,,
2020-04-19,US,California,Ventura,422,13,0,34.44465746,-119.09106129999999,6111.0,409,396,13,0,383,396,850967,26,0,0,26,0
2020-04-19,US,California,Yolo,137,8,0,38.68278902,-121.90182879999999,6113.0,129,126,8,0,118,125,220408,11,0,0,11,1
2020-04-19,US,California,Yuba,16,1,0,39.26255932,-121.35356440000001,6115.0,15,15,1,0,14,15,78041,1,0,0,1,0
2020-04-19,US,Colorado,Adams,915,35,0,39.87432092,-104.3362578,8001.0,880,860,31,0,829,805,511868,55,4,0,51,55
2020-04-19,US,Colorado,Alamosa,7,2,0,37.57250606,-105.7885451,8003.0,5,7,2,0,5,7,16683,0,0,0,0,0
2020-04-19,US,Colorado,Arapahoe,1536,65,0,39.64977461,-104.3353617,8005.0,1471,1419,58,0,1361,1342,651215,117,7,0,110,77
2020-04-19,US,Colorado,Archuleta,7,0,0,37.19474156,-107.04768670000001,8007.0,7,6,0,0,6,6,13765,1,0,0,1,0
2020-04-19,US,Colorado,Baca,10,0,0,37.31940883,-102.5603223,8009.0,10,10,0,0,10,10,3585,0,0,0,0,0
2020-04-19,US,Colorado,Boulder,352,17,0,40.09313619,-105.3546767,8013.0,335,327,15,0,312,312,326078,25,2,0,23,15
2020-04-19,US,Colorado,Broomfield,101,2,0,39.95998787,-105.0566324,8014.0,99,98,2,0,96,95,69267,3,0,0,3,3
2020-04-19,US,Colorado,Chaffee,38,4,0,38.74745778,-106.19265729999998,8015.0,34,35,4,0,31,35,20027,3,0,0,3,0
2020-04-19,US,Colorado,Clear Creek,11,0,0,39.68864463,-105.6463118,8019.0,11,11,0,0,11,11,9605,0,0,0,0,0
2020-04-19,US,Colorado,Costilla,3,0,0,37.27732493,-105.4276548,8023.0,3,3,0,0,3,3,3828,0,0,0,0,0
2020-04-19,US,Colorado,Crowley,2,1,0,38.32608609,-103.7844965,8025.0,1,2,1,0,1,2,5858,0,0,0,0,0
2020-04-19,US,Colorado,Custer,2,0,0,38.10883162,-105.3683478,8027.0,2,2,0,0,2,2,4954,0,0,0,0,0
2020-04-19,US,Colorado,Delta,22,1,0,38.86246243,-107.86313419999999,8029.0,21,16,1,0,15,13,30953,6,0,0,6,3
2020-04-19,US,Colorado,Denver,1784,75,0,39.76018276,-104.87256950000001,8031.0,1709,1636,66,0,1570,1549,716492,148,9,0,139,87
2020-04-19,US,Colorado,Douglas,368,16,0,39.33133796,-104.930001,8035.0,352,353,15,0,338,329,342776,15,1,0,14,24
2020-04-19,US,Colorado,Eagle,485,7,0,39.62754308,-106.6933637,8037.0,478,482,6,0,476,479,54993,3,1,0,2,3
2020-04-19,US,Colorado,El Paso,731,49,0,38.83240149,-104.5251411,8041.0,682,708,49,0,659,689,713856,23,0,0,23,19
2020-04-19,US,Colorado,Elbert,23,1,0,39.28656773,-104.13587209999999,8039.0,22,20,1,0,19,17,26282,3,0,0,3,3
2020-04-19,US,Colorado,Fremont,10,0,0,38.47362326,-105.43996670000001,8043.0,10,9,0,0,9,9,48021,1,0,0,1,0
2020-04-19,US,Colorado,Garfield,70,2,0,39.59921777,-107.902708,8045.0,68,65,2,0,63,64,59770,5,0,0,5,1
2020-04-19,US,Colorado,Gilpin,1,0,0,39.85646523,-105.5252597,8047.0,1,1,0,0,1,1,6121,0,0,0,0,0
2020-04-19,US,Colorado,Grand,4,0,0,40.10603347,-106.11780420000001,8049.0,4,4,0,0,4,4,15525,0,0,0,0,0
2020-04-19,US,Colorado,Gunnison,114,3,0,38.66611652,-107.0320729,8051.0,111,112,3,0,109,111,17246,2,0,0,2,1
2020-04-19,US,Colorado,Hinsdale,3,0,0,37.82247444,-107.3004345,8053.0,3,3,0,0,3,3,811,0,0,0,0,0
2020-04-19,US,Colorado,Huerfano,1,0,0,37.68473101,-104.9612585,8055.0,1,1,0,0,1,1,6889,0,0,0,0,0
2020-04-19,US,Colorado,Jefferson,957,36,0,39.58635604,-105.2517692,8059.0,921,888,35,0,853,860,580233,69,1,0,68,28
2020-04-19,US,Colorado,Kit Carson,18,1,0,39.30497777,-102.60221990000001,8063.0,17,13,1,0,12,13,7163,5,0,0,5,0
2020-04-19,US,Colorado,La Plata,52,0,0,37.28632032,-107.8429014,8067.0,52,51,0,0,51,47,56310,1,0,0,1,4
2020-04-19,US,Colorado,Lake,8,0,0,39.20278823,-106.35556969999999,8065.0,8,8,0,0,8,8,7824,0,0,0,0,0
2020-04-19,US,Colorado,Larimer,239,12,0,40.66671597,-105.4625784,8069.0,227,224,10,0,214,217,350518,15,2,0,13,7
2020-04-19,US,Colorado,Las Animas,3,0,0,37.3153406,-104.03764579999999,8071.0,3,3,0,0,3,3,14503,0,0,0,0,0
2020-04-19,US,Colorado,Lincoln,3,0,0,38.98749519,-103.51366490000001,8073.0,3,3,0,0,3,2,5610,0,0,0,0,1
2020-04-19,US,Colorado,Logan,17,1,0,40.7249637,-103.110817,8075.0,16,17,1,0,16,17,21528,0,0,0,0,0
2020-04-19,US,Colorado,Mesa,35,0,0,39.01787888,-108.469799,8077.0,35,34,0,0,34,34,153207,1,0,0,1,0
2020-04-19,US,Colorado,Mineral,2,0,0,37.66954283,-106.92816979999999,8079.0,2,2,0,0,2,2,776,0,0,0,0,0
2020-04-19,US,Colorado,Moffat,4,0,0,40.61810999,-108.2070876,8081.0,4,3,0,0,3,3,13188,1,0,0,1,0
2020-04-19,US,Colorado,Montezuma,13,2,0,37.33859579,-108.59588570000001,8083.0,11,13,2,0,11,13,26158,0,0,0,0,0
2020-04-19,US,Colorado,Montrose,77,7,0,38.40214114,-108.26390220000002,8085.0,70,70,7,0,63,69,42214,7,0,0,7,1
2020-04-19,US,Colorado,Morgan,157,2,0,40.262798100000005,-103.8093302,8087.0,155,135,2,0,133,122,28558,22,0,0,22,13
2020-04-19,US,Colorado,Otero,6,0,0,37.9014485,-103.7173385,8089.0,6,6,0,0,6,5,18432,0,0,0,0,1
2020-04-19,US,Colorado,Ouray,5,1,0,38.14717457,-107.7675136,8091.0,4,5,1,0,4,4,4833,0,0,0,0,1
2020-04-19,US,Colorado,Park,6,0,0,39.120926000000004,-105.7182065,8093.0,6,6,0,0,6,6,18556,0,0,0,0,0
2020-04-19,US,Colorado,Phillips,5,0,0,40.59414277,-102.3577703,8095.0,5,5,0,0,5,4,4286,0,0,0,0,1
2020-04-19,US,Colorado,Pitkin,57,2,0,39.21720112,-106.9310027,8097.0,55,51,2,0,49,51,17950,6,0,0,6,0
2020-04-19,US,Colorado,Prowers,1,0,0,37.95544985,-102.3926052,8099.0,1,1,0,0,1,1,12164,0,0,0,0,0
2020-04-19,US,Colorado,Pueblo,87,6,0,38.17359144,-104.5127437,8101.0,81,78,6,0,72,72,167529,9,0,0,9,6
2020-04-19,US,Colorado,Rio Blanco,1,0,0,39.97913541,-108.2179009,8103.0,1,1,0,0,1,1,6336,0,0,0,0,0
2020-04-19,US,Colorado,Rio Grande,7,0,0,37.5836865,-106.3847838,8105.0,7,7,0,0,7,7,11250,0,0,0,0,0
2020-04-19,US,Colorado,Routt,49,2,0,40.48596505,-106.9905548,8107.0,47,46,1,0,45,43,25733,3,1,0,2,3
2020-04-19,US,Colorado,Saguache,3,0,0,38.08054629,-106.28246599999999,8109.0,3,3,0,0,3,3,6843,0,0,0,0,0
2020-04-19,US,Colorado,San Miguel,15,0,0,38.00450883,-108.4020725,8113.0,15,13,0,0,13,12,8191,2,0,0,2,1
2020-04-19,US,Colorado,Summit,93,1,0,39.63803232,-106.1150762,8117.0,92,93,1,0,92,93,31007,0,0,0,0,0
2020-04-19,US,Colorado,Teller,24,2,0,38.88133511,-105.16148929999999,8119.0,22,18,2,0,16,17,25083,6,0,0,6,1
2020-04-19,US,Colorado,Unassigned,114,1,0,0.0,0.0,90008.0,113,67,1,0,66,96,,47,0,0,47,-29
2020-04-19,US,Colorado,Washington,6,0,0,39.97015535,-103.202587,8121.0,6,5,0,0,5,5,4909,1,0,0,1,0
2020-04-19,US,Colorado,Weld,1063,64,0,40.55499405,-104.39296209999999,8123.0,999,986,61,0,925,960,314305,77,3,0,74,26
2020-04-19,US,Colorado,Yuma,3,0,0,40.00346839,-102.4258673,8125.0,3,2,0,0,2,2,10020,1,0,0,1,0
2020-04-19,US,Connecticut,Fairfield,7434,447,0,41.26809896,-73.3881171,9001.0,6987,7363,432,0,6931,7146,943823,71,15,0,56,217
2020-04-19,US,Connecticut,Hartford,3351,295,0,41.80283011,-72.73103891,9003.0,3056,3196,289,0,2907,3015,892697,155,6,0,149,181
2020-04-19,US,Connecticut,Litchfield,600,48,0,41.7937534,-73.2451475,9005.0,552,593,48,0,545,569,181111,7,0,0,7,24
2020-04-19,US,Connecticut,Middlesex,462,40,0,41.45949668,-72.53714864,9007.0,422,448,37,0,411,422,162682,14,3,0,11,26
2020-04-19,US,Connecticut,New Haven,4871,257,0,41.408032500000004,-72.93620426,9009.0,4614,4743,241,0,4502,4520,857620,128,16,0,112,223
2020-04-19,US,Connecticut,New London,339,10,0,41.48896435,-72.10430976,9011.0,329,315,10,0,305,292,266784,24,0,0,24,23
2020-04-19,US,Connecticut,Tolland,276,24,0,41.85853803,-72.3308481,9013.0,252,270,24,0,246,258,150921,6,0,0,6,12
2020-04-19,US,Connecticut,Unassigned,529,4,0,0.0,0.0,90009.0,525,525,3,0,522,495,,4,1,0,3,30
2020-04-19,US,Connecticut,Windham,100,2,0,41.82972709,-71.98182316,9015.0,98,97,2,0,95,92,117027,3,0,0,3,5
2020-04-19,US,Delaware,Kent,417,10,0,39.08646628,-75.56884914,10001.0,407,417,10,0,407,384,178550,0,0,0,0,33
2020-04-19,US,Delaware,New Castle,1205,32,0,39.57992638,-75.64054974,10003.0,1173,1205,32,0,1173,1100,559335,0,0,0,0,105
2020-04-19,US,Delaware,Sussex,886,25,0,38.66143781,-75.39031349,10005.0,861,886,25,0,861,811,229286,0,0,0,0,75
2020-04-19,US,Delaware,Unassigned,30,0,0,0.0,0.0,90010.0,30,30,0,0,30,22,,0,0,0,0,8
2020-04-19,US,District of Columbia,District of Columbia,2793,96,0,38.90417773,-77.01655992,11001.0,2697,2666,91,0,2575,2476,702455,127,5,0,122,190
2020-04-19,US,Florida,Alachua,210,0,0,29.67866525,-82.35928158,12001.0,210,205,0,0,205,202,269956,5,0,0,5,3
2020-04-19,US,Florida,Baker,17,3,0,30.33060121,-82.28467476,12003.0,14,17,3,0,14,17,28355,0,0,0,0,0
2020-04-19,US,Florida,Bay,55,2,0,30.26548745,-85.62122584,12005.0,53,48,2,0,46,44,185287,7,0,0,7,4
2020-04-19,US,Florida,Bradford,42,2,0,29.95079741,-82.16611613,12007.0,40,42,2,0,40,40,27732,0,0,0,0,2
2020-04-19,US,Florida,Brevard,215,7,0,28.29409504,-80.73091022,12009.0,208,210,7,0,203,205,596849,5,0,0,5,5
2020-04-19,US,Florida,Broward,3971,115,0,26.15184651,-80.48725556,12011.0,3856,3838,115,0,3723,3688,1951260,133,0,0,133,150
2020-04-19,US,Florida,Calhoun,6,0,0,30.40666734,-85.19394153,12013.0,6,6,0,0,6,6,14587,0,0,0,0,0
2020-04-19,US,Florida,Charlotte,138,9,0,26.90131002,-81.92949121,12015.0,129,138,9,0,129,131,184998,0,0,0,0,7
2020-04-19,US,Florida,Citrus,84,8,0,28.84804315,-82.47614748,12017.0,76,82,8,0,74,82,147929,2,0,0,2,0
2020-04-19,US,Florida,Clay,247,11,0,29.98319144,-81.85609986,12019.0,236,223,9,0,214,216,216072,24,2,0,22,7
2020-04-19,US,Florida,Collier,463,8,0,26.11091986,-81.34687065,12021.0,455,457,8,0,449,445,378488,6,0,0,6,12
2020-04-19,US,Florida,Columbia,39,0,0,30.22509788,-82.62160164,12023.0,39,36,0,0,36,35,70503,3,0,0,3,1
2020-04-19,US,Florida,DeSoto,24,4,0,27.18677893,-81.80941373,12027.0,20,23,4,0,19,23,37489,1,0,0,1,0
2020-04-19,US,Florida,Dixie,3,0,0,29.60631086,-83.15724673,12029.0,3,3,0,0,3,3,16700,0,0,0,0,0
2020-04-19,US,Florida,Duval,854,15,0,30.33225875,-81.66976468,12031.0,839,835,15,0,820,817,950181,19,0,0,19,18
2020-04-19,US,Florida,Escambia,309,8,0,30.67652764,-87.37284571,12033.0,301,304,8,0,296,290,315534,5,0,0,5,14
2020-04-19,US,Florida,Flagler,75,2,0,29.45933576,-81.31508595,12035.0,73,66,2,0,64,55,112067,9,0,0,9,11
2020-04-19,US,Florida,Franklin,2,0,0,29.83791238,-84.82731662,12037.0,2,2,0,0,2,2,11736,0,0,0,0,0
2020-04-19,US,Florida,Gadsden,51,0,0,30.57796289,-84.61915825,12039.0,51,48,0,0,48,47,45894,3,0,0,3,1
2020-04-19,US,Florida,Gilchrist,4,0,0,29.72856978,-82.79880657,12041.0,4,4,0,0,4,4,18256,0,0,0,0,0
2020-04-19,US,Florida,Glades,5,1,0,26.95635849,-81.18996211,12043.0,4,5,1,0,4,5,13724,0,0,0,0,0
2020-04-19,US,Florida,Gulf,1,0,0,29.93543004,-85.24270990000001,12045.0,1,1,0,0,1,1,16164,0,0,0,0,0
2020-04-19,US,Florida,Hamilton,3,0,0,30.49673973,-82.94998918,12047.0,3,3,0,0,3,3,14310,0,0,0,0,0
2020-04-19,US,Florida,Hardee,4,0,0,27.49293939,-81.80956574,12049.0,4,4,0,0,4,4,27245,0,0,0,0,0
2020-04-19,US,Florida,Hendry,41,0,0,26.55386945,-81.16469006,12051.0,41,39,0,0,39,31,41556,2,0,0,2,8
2020-04-19,US,Florida,Hernando,84,3,0,28.55364461,-82.42700204,12053.0,81,84,3,0,81,83,190865,0,0,0,0,1
2020-04-19,US,Florida,Highlands,70,6,0,27.34254618,-81.34071957,12055.0,64,66,6,0,60,66,105424,4,0,0,4,0
2020-04-19,US,Florida,Hillsborough,960,19,0,27.9276559,-82.32013172,12057.0,941,943,19,0,924,924,1436888,17,0,0,17,19
2020-04-19,US,Florida,Holmes,6,0,0,30.86747479,-85.81319222,12059.0,6,5,0,0,5,5,19477,1,0,0,1,0
2020-04-19,US,Florida,Indian River,84,3,0,27.69308961,-80.60556721,12061.0,81,83,2,0,81,85,157413,1,1,0,0,-2
2020-04-19,US,Florida,Jackson,8,0,0,30.795459700000002,-85.21500423,12063.0,8,8,0,0,8,8,48305,0,0,0,0,0
2020-04-19,US,Florida,Jefferson,26,1,0,30.43669112,-83.89442308,12065.0,25,24,1,0,23,23,14288,2,0,0,2,1
2020-04-19,US,Florida,Lafayette,1,0,0,29.98484137,-83.18166636,12067.0,1,1,0,0,1,1,8732,0,0,0,0,0
2020-04-19,US,Florida,Lake,207,6,0,28.76202069,-81.7125123,12069.0,201,203,6,0,197,197,356495,4,0,0,4,6
2020-04-19,US,Florida,Lee,769,27,0,26.58410348,-81.88399313,12071.0,742,739,25,0,714,721,754610,30,2,0,28,18
2020-04-19,US,Florida,Leon,176,1,0,30.45955727,-84.27491114,12073.0,175,169,1,0,168,174,292502,7,0,0,7,-5
2020-04-19,US,Florida,Levy,12,0,0,29.31829741,-82.74007147,12075.0,12,11,0,0,11,9,40770,1,0,0,1,2
2020-04-19,US,Florida,Liberty,2,0,0,30.23766008,-84.8829258,12077.0,2,2,0,0,2,2,8457,0,0,0,0,0
2020-04-19,US,Florida,Madison,21,0,0,30.44396917,-83.47398594,12079.0,21,20,0,0,20,19,18529,1,0,0,1,1
2020-04-19,US,Florida,Manatee,417,31,0,27.47196942,-82.31831044,12081.0,386,362,31,0,331,326,394855,55,0,0,55,36
2020-04-19,US,Florida,Marion,121,3,0,29.21227113,-82.05803627,12083.0,118,118,3,0,115,116,359977,3,0,0,3,2
2020-04-19,US,Florida,Martin,151,4,0,27.0772071,-80.43109784,12085.0,147,148,4,0,144,147,160912,3,0,0,3,1
2020-04-19,US,Florida,Miami-Dade,9354,207,0,25.6112362,-80.55170587,12086.0,9147,9045,198,0,8847,8824,2761581,309,9,0,300,221
2020-04-19,US,Florida,Monroe,73,3,0,25.20904673,-81.07812416,12087.0,70,73,3,0,70,68,75027,0,0,0,0,5
2020-04-19,US,Florida,Nassau,44,0,0,30.61037141,-81.80297522,12089.0,44,42,0,0,42,42,85832,2,0,0,2,0
2020-04-19,US,Florida,Okaloosa,131,3,0,30.69143028,-86.59267105,12091.0,128,127,1,0,126,124,207269,4,2,0,2,3
2020-04-19,US,Florida,Okeechobee,7,0,0,27.386336199999995,-80.88944347,12093.0,7,6,0,0,6,5,41537,1,0,0,1,1
2020-04-19,US,Florida,Orange,1198,23,0,28.51367621,-81.31799498,12095.0,1175,1180,23,0,1157,1158,1380645,18,0,0,18,22
2020-04-19,US,Florida,Osceola,409,5,0,28.06312234,-81.14882926,12097.0,404,403,5,0,398,392,367990,6,0,0,6,11
2020-04-19,US,Florida,Palm Beach,2170,121,0,26.64676272,-80.46536002,12099.0,2049,2138,114,0,2024,2088,1485941,32,7,0,25,50
2020-04-19,US,Florida,Pasco,205,3,0,28.30810945,-82.40227529,12101.0,202,198,3,0,195,193,539630,7,0,0,7,5
2020-04-19,US,Florida,Pinellas,592,16,0,27.93130349,-82.72239666,12103.0,576,587,16,0,571,565,975280,5,0,0,5,22
2020-04-19,US,Florida,Polk,326,12,0,27.95027105,-81.69732947,12105.0,314,320,12,0,308,316,708009,6,0,0,6,4
2020-04-19,US,Florida,Putnam,56,1,0,29.60779729,-81.74230285,12107.0,55,55,1,0,54,52,74163,1,0,0,1,3
2020-04-19,US,Florida,Santa Rosa,138,6,0,30.693414500000003,-87.02458128,12113.0,132,133,6,0,127,130,179349,5,0,0,5,3
2020-04-19,US,Florida,Sarasota,284,23,0,27.18546175,-82.33174248,12115.0,261,279,23,0,256,274,426718,5,0,0,5,5
2020-04-19,US,Florida,Seminole,320,5,0,28.7158582,-81.24060348,12117.0,315,315,4,0,311,313,467832,5,1,0,4,2
2020-04-19,US,Florida,St. Johns,190,4,0,29.90096506,-81.43589967,12109.0,186,188,4,0,184,186,254261,2,0,0,2,2
2020-04-19,US,Florida,St. Lucie,202,15,0,27.37763908,-80.47106649,12111.0,187,196,13,0,183,192,321128,6,2,0,4,4
2020-04-19,US,Florida,Sumter,147,11,0,28.70181754,-82.0794267,12119.0,136,144,11,0,133,120,128754,3,0,0,3,24
2020-04-19,US,Florida,Suwannee,98,6,0,30.19746066,-82.99099670000001,12121.0,92,90,6,0,84,87,44191,8,0,0,8,3
2020-04-19,US,Florida,Taylor,1,0,0,30.04848048,-83.60445406,12123.0,1,1,0,0,1,1,21623,0,0,0,0,0
2020-04-19,US,Florida,Unassigned,3,0,0,0.0,0.0,90012.0,3,3,0,0,3,4,,0,0,0,0,-1
2020-04-19,US,Florida,Union,3,0,0,30.04412971,-82.37497443,12125.0,3,2,0,0,2,2,14940,1,0,0,1,0
2020-04-19,US,Florida,Volusia,333,10,0,29.05858895,-81.18263252,12127.0,323,291,10,0,281,270,547538,42,0,0,42,21
2020-04-19,US,Florida,Wakulla,14,1,0,30.16548905,-84.39895211,12129.0,13,14,1,0,13,14,32461,0,0,0,0,0
2020-04-19,US,Florida,Walton,32,0,0,30.64204028,-86.16935664,12131.0,32,32,0,0,32,31,71375,0,0,0,0,1
2020-04-19,US,Florida,Washington,6,0,0,30.61359259,-85.66002461,12133.0,6,5,0,0,5,6,24880,1,0,0,1,-1
2020-04-19,US,Georgia,Appling,20,0,0,31.74847232,-82.28909114,13001.0,20,18,0,0,18,18,18507,2,0,0,2,0
2020-04-19,US,Georgia,Atkinson,5,0,0,31.29633502,-82.87545866,13003.0,5,5,0,0,5,5,8297,0,0,0,0,0
2020-04-19,US,Georgia,Bacon,18,1,0,31.55456473,-82.45936528,13005.0,17,17,1,0,16,17,11185,1,0,0,1,0
2020-04-19,US,Georgia,Baker,17,2,0,31.32669878,-84.44218806,13007.0,15,16,2,0,14,19,3092,1,0,0,1,-3
2020-04-19,US,Georgia,Baldwin,110,2,0,33.06882326,-83.24701748,13009.0,108,108,2,0,106,109,44823,2,0,0,2,-1
2020-04-19,US,Georgia,Banks,14,0,0,34.35607081,-83.49644388,13011.0,14,13,0,0,13,13,18988,1,0,0,1,0
2020-04-19,US,Georgia,Barrow,90,3,0,33.99148694,-83.71436292,13013.0,87,87,3,0,84,84,80809,3,0,0,3,3
2020-04-19,US,Georgia,Bartow,248,22,0,34.23732119,-84.83887523,13015.0,226,246,22,0,224,242,106408,2,0,0,2,4
2020-04-19,US,Georgia,Ben Hill,15,0,0,31.76095874,-83.22145359,13017.0,15,13,0,0,13,13,16787,2,0,0,2,0
2020-04-19,US,Georgia,Berrien,10,0,0,31.27590016,-83.22529920000001,13019.0,10,10,0,0,10,10,19252,0,0,0,0,0
2020-04-19,US,Georgia,Bibb,199,1,0,32.80904227,-83.70489165,13021.0,198,192,1,0,191,188,153095,7,0,0,7,4
2020-04-19,US,Georgia,Bleckley,6,0,0,32.43829035,-83.33035166,13023.0,6,6,0,0,6,4,12838,0,0,0,0,2
2020-04-19,US,Georgia,Brantley,18,2,0,31.19576557,-81.97743999,13025.0,16,18,2,0,16,16,18897,0,0,0,0,2
2020-04-19,US,Georgia,Brooks,23,5,0,30.83922642,-83.58303423,13027.0,18,23,5,0,18,23,15513,0,0,0,0,0
2020-04-19,US,Georgia,Bryan,33,2,0,32.00979311,-81.44002948,13029.0,31,31,2,0,29,31,38109,2,0,0,2,0
2020-04-19,US,Georgia,Bulloch,27,1,0,32.39577406,-81.74811421,13031.0,26,26,1,0,25,26,77296,1,0,0,1,0
2020-04-19,US,Georgia,Burke,47,2,0,33.05917989,-81.99928721,13033.0,45,41,2,0,39,37,22423,6,0,0,6,4
2020-04-19,US,Georgia,Butts,43,0,0,33.283094500000004,-83.95435040000001,13035.0,43,41,0,0,41,40,24193,2,0,0,2,1
2020-04-19,US,Georgia,Calhoun,57,2,0,31.53169785,-84.62725131,13037.0,55,57,2,0,55,60,6352,0,0,0,0,-3
2020-04-19,US,Georgia,Camden,28,0,0,30.92951916,-81.66601818,13039.0,28,27,0,0,27,27,53677,1,0,0,1,0
2020-04-19,US,Georgia,Candler,5,0,0,32.40209349,-82.07702563,13043.0,5,5,0,0,5,4,10836,0,0,0,0,1
2020-04-19,US,Georgia,Carroll,281,9,0,33.58138199,-85.07976677,13045.0,272,270,9,0,261,260,118121,11,0,0,11,10
2020-04-19,US,Georgia,Catoosa,19,0,0,34.89872298,-85.13757014,13047.0,19,19,0,0,19,18,67420,0,0,0,0,1
2020-04-19,US,Georgia,Charlton,6,0,0,30.78371028,-82.13951596,13049.0,6,5,0,0,5,5,12968,1,0,0,1,0
2020-04-19,US,Georgia,Chatham,179,5,0,32.00043026,-81.12489526,13051.0,174,177,5,0,172,173,289195,2,0,0,2,4
2020-04-19,US,Georgia,Chattahoochee,6,0,0,32.34341231,-84.78809239,13053.0,6,6,0,0,6,6,10684,0,0,0,0,0
2020-04-19,US,Georgia,Chattooga,9,1,0,34.47197698,-85.34535662,13055.0,8,9,1,0,8,9,24790,0,0,0,0,0
2020-04-19,US,Georgia,Cherokee,293,8,0,34.24393976,-84.47431861,13057.0,285,276,8,0,268,266,254149,17,0,0,17,10
2020-04-19,US,Georgia,Clarke,108,13,0,33.95436462,-83.37124007,13059.0,95,106,13,0,93,106,127330,2,0,0,2,0
2020-04-19,US,Georgia,Clay,20,2,0,31.62221166,-84.97713865,13061.0,18,20,2,0,18,19,2887,0,0,0,0,1
2020-04-19,US,Georgia,Clayton,519,17,0,33.54187245,-84.35594188,13063.0,502,505,17,0,488,491,289615,14,0,0,14,14
2020-04-19,US,Georgia,Clinch,7,0,0,30.91395822,-82.70432472,13065.0,7,7,0,0,7,7,6648,0,0,0,0,0
2020-04-19,US,Georgia,Cobb,1125,51,0,33.94243204,-84.5761255,13067.0,1074,1100,51,0,1049,1072,756865,25,0,0,25,28
2020-04-19,US,Georgia,Coffee,79,4,0,31.54892966,-82.85492059999999,13069.0,75,75,3,0,72,73,43093,4,1,0,3,2
2020-04-19,US,Georgia,Colquitt,122,5,0,31.18810588,-83.7677946,13071.0,117,119,5,0,114,115,45592,3,0,0,3,4
2020-04-19,US,Georgia,Columbia,101,1,0,33.54534185,-82.263524,13073.0,100,97,1,0,96,90,154291,4,0,0,4,7
2020-04-19,US,Georgia,Cook,12,1,0,31.16068491,-83.42947229,13075.0,11,12,1,0,11,11,17162,0,0,0,0,1
2020-04-19,US,Georgia,Coweta,161,3,0,33.35334302,-84.76129976,13077.0,158,156,3,0,153,149,145864,5,0,0,5,7
2020-04-19,US,Georgia,Crawford,13,0,0,32.71391813,-83.98061238,13079.0,13,13,0,0,13,13,12318,0,0,0,0,0
2020-04-19,US,Georgia,Crisp,118,2,0,31.92289565,-83.76811843,13081.0,116,114,2,0,112,110,22601,4,0,0,4,4
2020-04-19,US,Georgia,Dade,8,1,0,34.854916700000004,-85.50490424,13083.0,7,8,1,0,7,7,16226,0,0,0,0,1
2020-04-19,US,Georgia,Dawson,44,1,0,34.44244079,-84.16964071,13085.0,43,42,1,0,41,42,25083,2,0,0,2,0
2020-04-19,US,Georgia,DeKalb,1452,24,0,33.76944049,-84.22396017,13089.0,1428,1396,24,0,1372,1349,756558,56,0,0,56,47
2020-04-19,US,Georgia,Decatur,61,1,0,30.87967778,-84.57619536,13087.0,60,55,0,0,55,55,26575,6,1,0,5,0
2020-04-19,US,Georgia,Dodge,19,0,0,32.17265114,-83.16948926,13091.0,19,19,0,0,19,19,20705,0,0,0,0,0
2020-04-19,US,Georgia,Dooly,70,4,0,32.15630737,-83.79746561,13093.0,66,69,4,0,65,66,13706,1,0,0,1,3
2020-04-19,US,Georgia,Dougherty,1422,94,0,31.53328528,-84.21722377,13095.0,1328,1406,91,0,1315,1381,91243,16,3,0,13,25
2020-04-19,US,Georgia,Douglas,230,6,0,33.70291126,-84.77026156,13097.0,224,226,6,0,220,220,145331,4,0,0,4,6
2020-04-19,US,Georgia,Early,169,8,0,31.32155345,-84.90255207,13099.0,161,165,8,0,157,163,10247,4,0,0,4,2
2020-04-19,US,Georgia,Echols,4,0,0,30.71101099,-82.89687287,13101.0,4,4,0,0,4,4,4000,0,0,0,0,0
2020-04-19,US,Georgia,Effingham,26,1,0,32.36616021,-81.34280942,13103.0,25,25,1,0,24,25,62190,1,0,0,1,0
2020-04-19,US,Georgia,Elbert,7,0,0,34.11302332,-82.83936148,13105.0,7,7,0,0,7,7,19120,0,0,0,0,0
2020-04-19,US,Georgia,Emanuel,12,0,0,32.59221302,-82.30239915,13107.0,12,12,0,0,12,12,22612,0,0,0,0,0
2020-04-19,US,Georgia,Evans,2,0,0,32.15328841,-81.8870105,13109.0,2,2,0,0,2,2,10721,0,0,0,0,0
2020-04-19,US,Georgia,Fannin,16,0,0,34.86430205,-84.316964,13111.0,16,15,0,0,15,14,25964,1,0,0,1,1
2020-04-19,US,Georgia,Fayette,139,5,0,33.41357794,-84.49089434,13113.0,134,135,5,0,130,133,113459,4,0,0,4,2
2020-04-19,US,Georgia,Floyd,122,8,0,34.26268279,-85.21577392,13115.0,114,121,8,0,113,121,97927,1,0,0,1,0
2020-04-19,US,Georgia,Forsyth,200,7,0,34.22604035,-84.12315129999999,13117.0,193,188,7,0,181,184,236612,12,0,0,12,4
2020-04-19,US,Georgia,Franklin,10,0,0,34.37525597,-83.23159927,13119.0,10,10,0,0,10,10,23023,0,0,0,0,0
2020-04-19,US,Georgia,Fulton,2110,75,0,33.79216944,-84.46319413,13121.0,2035,2054,74,0,1980,2025,1050114,56,1,0,55,29
2020-04-19,US,Georgia,Gilmer,11,0,0,34.69316688,-84.45802506,13123.0,11,10,0,0,10,10,30816,1,0,0,1,0
2020-04-19,US,Georgia,Glynn,49,0,0,31.23279254,-81.53811412,13127.0,49,48,0,0,48,46,85219,1,0,0,1,2
2020-04-19,US,Georgia,Gordon,64,5,0,34.50487351,-84.87296253,13129.0,59,57,5,0,52,53,57685,7,0,0,7,4
2020-04-19,US,Georgia,Grady,31,1,0,30.87454847,-84.23418364,13131.0,30,27,1,0,26,27,24748,4,0,0,4,0
2020-04-19,US,Georgia,Greene,43,1,0,33.5769205,-83.17139104,13133.0,42,42,1,0,41,40,17698,1,0,0,1,2
2020-04-19,US,Georgia,Gwinnett,1099,38,0,33.96044201,-84.02137802,13135.0,1061,1050,36,0,1014,1017,927781,49,2,0,47,33
2020-04-19,US,Georgia,Habersham,74,2,0,34.63331566,-83.53094677,13137.0,72,72,2,0,70,64,45388,2,0,0,2,8
2020-04-19,US,Georgia,Hall,621,6,0,34.32207823,-83.81896936,13139.0,615,607,6,0,601,563,202148,14,0,0,14,44
2020-04-19,US,Georgia,Hancock,7,0,0,33.2721566,-82.99766919,13141.0,7,6,0,0,6,6,8348,1,0,0,1,0
2020-04-19,US,Georgia,Haralson,20,1,0,33.79602175,-85.21005667,13143.0,19,20,1,0,19,19,29533,0,0,0,0,1
2020-04-19,US,Georgia,Harris,39,2,0,32.73709786,-84.90538572,13145.0,37,37,2,0,35,35,34475,2,0,0,2,2
2020-04-19,US,Georgia,Hart,6,0,0,34.34626973,-82.96567682,13147.0,6,5,0,0,5,5,26099,1,0,0,1,0
2020-04-19,US,Georgia,Heard,8,1,0,33.29686567,-85.12886832,13149.0,7,7,1,0,6,5,11879,1,0,0,1,2
2020-04-19,US,Georgia,Henry,367,7,0,33.4533428,-84.14814659999999,13151.0,360,353,7,0,346,344,230220,14,0,0,14,9
2020-04-19,US,Georgia,Houston,166,10,0,32.45802497,-83.66879087,13153.0,156,164,10,0,154,164,155469,2,0,0,2,0
2020-04-19,US,Georgia,Irwin,15,0,0,31.60213036,-83.27501387,13155.0,15,15,0,0,15,13,9398,0,0,0,0,2
2020-04-19,US,Georgia,Jackson,48,1,0,34.13794553,-83.56814788,13157.0,47,47,1,0,46,46,70422,1,0,0,1,1
2020-04-19,US,Georgia,Jasper,17,0,0,33.31535543,-83.68844964,13159.0,17,14,0,0,14,14,14040,3,0,0,3,0
2020-04-19,US,Georgia,Jeff Davis,6,0,0,31.80405727,-82.63724870000001,13161.0,6,5,0,0,5,5,15029,1,0,0,1,0
2020-04-19,US,Georgia,Jefferson,11,1,0,33.05867328,-82.41609057,13163.0,10,11,1,0,10,11,15430,0,0,0,0,0
2020-04-19,US,Georgia,Jenkins,12,1,0,32.79248718,-81.96040187,13165.0,11,12,1,0,11,12,8683,0,0,0,0,0
2020-04-19,US,Georgia,Johnson,33,1,0,32.70211082,-82.66166794,13167.0,32,33,1,0,32,32,9708,0,0,0,0,1
2020-04-19,US,Georgia,Jones,17,0,0,33.02512137,-83.56019163,13169.0,17,16,0,0,16,16,28616,1,0,0,1,0
2020-04-19,US,Georgia,Lamar,25,0,0,33.07841647,-84.14263877,13171.0,25,24,0,0,24,21,19000,1,0,0,1,3
2020-04-19,US,Georgia,Lanier,6,1,0,31.038285700000003,-83.06472457,13173.0,5,6,1,0,5,6,10340,0,0,0,0,0
2020-04-19,US,Georgia,Laurens,43,1,0,32.46325233,-82.92221316,13175.0,42,41,1,0,40,39,47325,2,0,0,2,2
2020-04-19,US,Georgia,Lee,272,15,0,31.779330600000005,-84.14324253,13177.0,257,272,15,0,257,269,29764,0,0,0,0,3
2020-04-19,US,Georgia,Liberty,32,0,0,31.82588896,-81.49251135,13179.0,32,32,0,0,32,31,61497,0,0,0,0,1
2020-04-19,US,Georgia,Lincoln,9,0,0,33.79201475,-82.45024131,13181.0,9,9,0,0,9,9,7915,0,0,0,0,0
2020-04-19,US,Georgia,Long,2,0,0,31.75218791,-81.74952375,13183.0,2,2,0,0,2,2,18998,0,0,0,0,0
2020-04-19,US,Georgia,Lowndes,95,3,0,30.83568832,-83.27056716,13185.0,92,87,3,0,84,80,116321,8,0,0,8,7
2020-04-19,US,Georgia,Lumpkin,23,0,0,34.57286511,-84.00425681,13187.0,23,22,0,0,22,20,32955,1,0,0,1,2
2020-04-19,US,Georgia,Macon,49,0,0,32.35207048,-84.04234127,13193.0,49,47,0,0,47,44,13143,2,0,0,2,3
2020-04-19,US,Georgia,Madison,14,1,0,34.12920917,-83.21218732,13195.0,13,14,1,0,13,14,29650,0,0,0,0,0
2020-04-19,US,Georgia,Marion,28,1,0,32.3483402,-84.52733571,13197.0,27,26,1,0,25,24,8351,2,0,0,2,2
2020-04-19,US,Georgia,McDuffie,37,2,0,33.47851918,-82.48252774,13189.0,35,37,2,0,35,35,21531,0,0,0,0,2
2020-04-19,US,Georgia,McIntosh,4,0,0,31.49683595,-81.40163426,13191.0,4,4,0,0,4,4,14340,0,0,0,0,0
2020-04-19,US,Georgia,Meriwether,42,0,0,33.04163534,-84.68859732,13199.0,42,40,0,0,40,39,21068,2,0,0,2,1
2020-04-19,US,Georgia,Miller,22,0,0,31.16568912,-84.73151117,13201.0,22,20,0,0,20,20,5686,2,0,0,2,0
2020-04-19,US,Georgia,Mitchell,213,23,0,31.22483255,-84.19381821,13205.0,190,212,23,0,189,203,22192,1,0,0,1,9
2020-04-19,US,Georgia,Monroe,15,1,0,33.014289,-83.92097166,13207.0,14,15,1,0,14,15,27520,0,0,0,0,0
2020-04-19,US,Georgia,Montgomery,2,0,0,32.17201038,-82.53527476,13209.0,2,2,0,0,2,2,9193,0,0,0,0,0
2020-04-19,US,Georgia,Morgan,21,0,0,33.59232073,-83.49129491,13211.0,21,21,0,0,21,19,18853,0,0,0,0,2
2020-04-19,US,Georgia,Murray,18,0,0,34.78897608,-84.74993177,13213.0,18,18,0,0,18,18,39921,0,0,0,0,0
2020-04-19,US,Georgia,Muscogee,219,4,0,32.50931999,-84.87142262,13215.0,215,211,4,0,207,207,194160,8,0,0,8,4
2020-04-19,US,Georgia,Newton,128,3,0,33.55514538,-83.84547140000001,13217.0,125,121,3,0,118,121,109541,7,0,0,7,0
2020-04-19,US,Georgia,Oconee,50,0,0,33.83749973,-83.43679568,13219.0,50,48,0,0,48,48,39272,2,0,0,2,0
2020-04-19,US,Georgia,Oglethorpe,32,2,0,33.878629600000004,-83.08278123,13221.0,30,32,2,0,30,32,15054,0,0,0,0,0
2020-04-19,US,Georgia,Out of GA,868,7,0,0.0,0.0,80013.0,861,815,7,0,808,780,,53,0,0,53,35
2020-04-19,US,Georgia,Paulding,133,7,0,33.91969522,-84.86848792,13223.0,126,132,5,0,127,132,164044,1,2,0,-1,0
2020-04-19,US,Georgia,Peach,32,2,0,32.56934316,-83.82937,13225.0,30,32,2,0,30,31,27297,0,0,0,0,1
2020-04-19,US,Georgia,Pickens,18,2,0,34.46589159,-84.46406611,13227.0,16,16,2,0,14,15,31980,2,0,0,2,1
2020-04-19,US,Georgia,Pierce,51,2,0,31.35928155,-82.21598442,13229.0,49,51,2,0,49,49,19389,0,0,0,0,2
2020-04-19,US,Georgia,Pike,32,1,0,33.09310242,-84.38790389,13231.0,31,30,1,0,29,29,18634,2,0,0,2,1
2020-04-19,US,Georgia,Polk,30,0,0,34.00267074,-85.18677781,13233.0,30,29,0,0,29,29,42470,1,0,0,1,0
2020-04-19,US,Georgia,Pulaski,16,1,0,32.23334561,-83.47549959999999,13235.0,15,16,1,0,15,16,11069,0,0,0,0,0
2020-04-19,US,Georgia,Putnam,21,1,0,33.32056115,-83.37552891,13237.0,20,18,1,0,17,14,21809,3,0,0,3,4
2020-04-19,US,Georgia,Quitman,3,1,0,31.86728114,-85.01773177,13239.0,2,3,1,0,2,3,2279,0,0,0,0,0
2020-04-19,US,Georgia,Rabun,7,0,0,34.88389445,-83.40304637,13241.0,7,7,0,0,7,7,16867,0,0,0,0,0
2020-04-19,US,Georgia,Randolph,141,13,0,31.76622818,-84.75732369,13243.0,128,141,12,0,129,139,6833,0,1,0,-1,2
2020-04-19,US,Georgia,Richmond,264,10,0,33.35777107,-82.07026432,13245.0,254,258,10,0,248,238,201554,6,0,0,6,20
2020-04-19,US,Georgia,Rockdale,128,6,0,33.65145002,-84.02202167,13247.0,122,119,6,0,113,116,90594,9,0,0,9,3
2020-04-19,US,Georgia,Schley,16,1,0,32.2654021,-84.31258912,13249.0,15,15,1,0,14,15,5236,1,0,0,1,0
2020-04-19,US,Georgia,Screven,11,1,0,32.74976524,-81.60779441,13251.0,10,11,1,0,10,11,13938,0,0,0,0,0
2020-04-19,US,Georgia,Seminole,21,2,0,30.93464824,-84.86823924,13253.0,19,20,2,0,18,19,8315,1,0,0,1,1
2020-04-19,US,Georgia,Spalding,128,7,0,33.26310031,-84.28013991,13255.0,121,126,7,0,119,119,66100,2,0,0,2,7
2020-04-19,US,Georgia,Stephens,35,1,0,34.55151201,-83.29405315,13257.0,34,30,1,0,29,28,26035,5,0,0,5,2
2020-04-19,US,Georgia,Stewart,15,0,0,32.07996777,-84.83208037,13259.0,15,15,0,0,15,13,6199,0,0,0,0,2
2020-04-19,US,Georgia,Sumter,332,14,0,32.03650571,-84.19821492,13261.0,318,311,14,0,297,302,29733,21,0,0,21,9
2020-04-19,US,Georgia,Talbot,16,1,0,32.69642758,-84.53351366,13263.0,15,16,1,0,15,16,6272,0,0,0,0,0
2020-04-19,US,Georgia,Tattnall,5,0,0,32.04785085,-82.05539188,13267.0,5,5,0,0,5,5,25391,0,0,0,0,0
2020-04-19,US,Georgia,Taylor,11,2,0,32.55792548,-84.25077141,13269.0,9,10,2,0,8,10,8039,1,0,0,1,0
2020-04-19,US,Georgia,Telfair,14,0,0,31.92829517,-82.93491155,13271.0,14,14,0,0,14,13,15876,0,0,0,0,1
2020-04-19,US,Georgia,Terrell,148,14,0,31.77527543,-84.44069698,13273.0,134,145,14,0,131,139,8611,3,0,0,3,6
2020-04-19,US,Georgia,Thomas,127,13,0,30.86392347,-83.91847289,13275.0,114,115,13,0,102,112,44448,12,0,0,12,3
2020-04-19,US,Georgia,Tift,86,3,0,31.45743864,-83.5236119,13277.0,83,82,3,0,79,81,40571,4,0,0,4,1
2020-04-19,US,Georgia,Toombs,20,2,0,32.12059861,-82.32957247,13279.0,18,20,2,0,18,18,26887,0,0,0,0,2
2020-04-19,US,Georgia,Towns,13,0,0,34.91369188,-83.74107459999999,13281.0,13,10,0,0,10,10,11852,3,0,0,3,0
2020-04-19,US,Georgia,Treutlen,1,0,0,32.40422134,-82.56904553,13283.0,1,1,0,0,1,1,6809,0,0,0,0,0
2020-04-19,US,Georgia,Troup,87,4,0,33.03349196,-85.02812115,13285.0,83,82,4,0,78,78,70034,5,0,0,5,4
2020-04-19,US,Georgia,Turner,56,2,0,31.71612656,-83.62069378,13287.0,54,51,2,0,49,50,7912,5,0,0,5,1
2020-04-19,US,Georgia,Twiggs,4,0,0,32.67435595,-83.43078662,13289.0,4,4,0,0,4,4,8188,0,0,0,0,0
2020-04-19,US,Georgia,Unassigned,254,0,0,0.0,0.0,90013.0,254,220,0,0,220,255,,34,0,0,34,-35
2020-04-19,US,Georgia,Union,14,1,0,34.82995757,-83.98967069,13291.0,13,10,1,0,9,10,24001,4,0,0,4,0
2020-04-19,US,Georgia,Upson,170,8,0,32.87920671,-84.30024826,13293.0,162,170,8,0,162,162,26215,0,0,0,0,8
2020-04-19,US,Georgia,Walker,15,0,0,34.73376362,-85.30165174,13295.0,15,13,0,0,13,13,69410,2,0,0,2,0
2020-04-19,US,Georgia,Walton,60,3,0,33.78017694,-83.73552314,13297.0,57,58,3,0,55,59,93503,2,0,0,2,-1
2020-04-19,US,Georgia,Ware,85,6,0,31.05449097,-82.42224148,13299.0,79,80,5,0,75,77,35680,5,1,0,4,3
2020-04-19,US,Georgia,Warren,10,0,0,33.41146451,-82.67795848,13301.0,10,10,0,0,10,10,5251,0,0,0,0,0
2020-04-19,US,Georgia,Washington,25,1,0,32.96711864,-82.79357039,13303.0,24,24,1,0,23,23,20386,1,0,0,1,1
2020-04-19,US,Georgia,Wayne,7,0,0,31.5521809,-81.91894878,13305.0,7,7,0,0,7,7,29808,0,0,0,0,0
2020-04-19,US,Georgia,Webster,5,0,0,32.04066113,-84.54742852,13307.0,5,5,0,0,5,4,2611,0,0,0,0,1
2020-04-19,US,Georgia,Wheeler,3,0,0,32.12009104,-82.72574721,13309.0,3,3,0,0,3,3,7879,0,0,0,0,0
2020-04-19,US,Georgia,White,20,0,0,34.64624278,-83.74905525,13311.0,20,20,0,0,20,20,29970,0,0,0,0,0
2020-04-19,US,Georgia,Whitfield,43,3,0,34.80987459,-84.96093476,13313.0,40,43,3,0,40,40,104062,0,0,0,0,3
2020-04-19,US,Georgia,Wilcox,43,3,0,31.97496928,-83.43438555,13315.0,40,40,0,0,40,36,8812,3,3,0,0,4
2020-04-19,US,Georgia,Wilkes,17,0,0,33.78290391,-82.74286107,13317.0,17,11,0,0,11,11,9876,6,0,0,6,0
2020-04-19,US,Georgia,Wilkinson,20,1,0,32.80291082,-83.17140684,13319.0,19,20,1,0,19,19,9036,0,0,0,0,1
2020-04-19,US,Georgia,Worth,121,4,0,31.55162306,-83.85090513,13321.0,117,119,5,0,114,116,20299,2,-1,0,3,3
2020-04-19,US,Hawaii,Hawaii,62,0,0,19.60121157,-155.5210167,15001.0,62,61,0,0,61,41,200983,1,0,0,1,20
2020-04-19,US,Hawaii,Honolulu,385,6,0,21.45803166,-157.97121819999998,15003.0,379,382,6,0,376,373,980080,3,0,0,3,9
2020-04-19,US,Hawaii,Kauai,21,0,0,22.03935037,-159.5966786,15007.0,21,21,0,0,21,21,72133,0,0,0,0,0
2020-04-19,US,Hawaii,Maui,106,4,0,20.86399628,-156.56890969999998,15009.0,102,104,3,0,101,95,167207,2,1,0,1,9
2020-04-19,US,Hawaii,Out of HI,6,0,0,0.0,0.0,80015.0,6,6,0,0,6,6,,0,0,0,0,0
2020-04-19,US,Idaho,Ada,598,10,0,43.4526575,-116.24155159999998,16001.0,588,593,9,0,584,576,469966,5,1,0,4,17
2020-04-19,US,Idaho,Adams,1,0,0,44.89333571,-116.4545247,16003.0,1,1,0,0,1,1,4250,0,0,0,0,0
2020-04-19,US,Idaho,Bannock,8,0,0,42.67002716,-112.2233311,16005.0,8,8,0,0,8,8,87138,0,0,0,0,0
2020-04-19,US,Idaho,Bingham,3,0,0,43.21672879999999,-112.3978437,16011.0,3,3,0,0,3,3,46236,0,0,0,0,0
2020-04-19,US,Idaho,Blaine,475,5,0,43.4085812,-113.9752658,16013.0,470,475,5,0,470,473,22601,0,0,0,0,2
2020-04-19,US,Idaho,Bonner,4,0,0,48.29996017,-116.6017932,16017.0,4,4,0,0,4,4,44727,0,0,0,0,0
2020-04-19,US,Idaho,Bonneville,24,0,0,43.38713372,-111.6161537,16019.0,24,24,0,0,24,24,116854,0,0,0,0,0
2020-04-19,US,Idaho,Camas,1,0,0,43.46665742,-114.8065892,16025.0,1,1,0,0,1,1,1127,0,0,0,0,0
2020-04-19,US,Idaho,Canyon,187,5,0,43.61970148,-116.70954990000001,16027.0,182,187,5,0,182,181,223499,0,0,0,0,6
2020-04-19,US,Idaho,Caribou,1,0,0,42.77149116,-111.5597683,16029.0,1,1,0,0,1,1,7060,0,0,0,0,0
2020-04-19,US,Idaho,Cassia,10,1,0,42.28347888,-113.6012409,16031.0,9,10,1,0,9,10,23864,0,0,0,0,0
2020-04-19,US,Idaho,Custer,2,0,0,44.24186819,-114.2855494,16037.0,2,2,0,0,2,2,4280,0,0,0,0,0
2020-04-19,US,Idaho,Elmore,22,0,0,43.3507101,-115.4701578,16039.0,22,21,0,0,21,18,27259,1,0,0,1,3
2020-04-19,US,Idaho,Fremont,2,0,0,44.22800938,-111.48099429999999,16043.0,2,2,0,0,2,2,13168,0,0,0,0,0
2020-04-19,US,Idaho,Gem,10,0,0,44.06482372,-116.398376,16045.0,10,10,0,0,10,10,17634,0,0,0,0,0
2020-04-19,US,Idaho,Gooding,8,0,0,42.96927962,-114.81083059999999,16047.0,8,7,0,0,7,7,15196,1,0,0,1,0
2020-04-19,US,Idaho,Idaho,3,0,0,45.84721541,-115.4634436,16049.0,3,3,0,0,3,3,16513,0,0,0,0,0
2020-04-19,US,Idaho,Jefferson,5,0,0,43.82078483,-112.3131749,16051.0,5,5,0,0,5,5,29439,0,0,0,0,0
2020-04-19,US,Idaho,Jerome,44,2,0,42.68891267,-114.2655033,16053.0,42,44,2,0,42,41,24015,0,0,0,0,3
2020-04-19,US,Idaho,Kootenai,50,0,0,47.67282258,-116.7020872,16055.0,50,50,0,0,50,49,161505,0,0,0,0,1
2020-04-19,US,Idaho,Latah,3,0,0,46.81587887,-116.71136979999999,16057.0,3,3,0,0,3,3,40134,0,0,0,0,0
2020-04-19,US,Idaho,Lincoln,17,0,0,43.0012336,-114.1358773,16063.0,17,16,0,0,16,15,5360,1,0,0,1,1
2020-04-19,US,Idaho,Madison,8,0,0,43.78141028,-111.65384740000002,16065.0,8,8,0,0,8,8,39304,0,0,0,0,0
2020-04-19,US,Idaho,Minidoka,10,0,0,42.85518524,-113.6357257,16067.0,10,10,0,0,10,9,20825,0,0,0,0,1
2020-04-19,US,Idaho,Nez Perce,30,11,0,46.32638236,-116.75009750000001,16069.0,19,30,11,0,19,29,40408,0,0,0,0,1
2020-04-19,US,Idaho,Owyhee,4,0,0,42.58016894,-116.16938710000001,16073.0,4,4,0,0,4,4,11693,0,0,0,0,0
2020-04-19,US,Idaho,Payette,10,1,0,44.00545243,-116.7647695,16075.0,9,10,1,0,9,10,23551,0,0,0,0,0
2020-04-19,US,Idaho,Power,2,0,0,42.69254894,-112.83957420000002,16077.0,2,2,0,0,2,2,7768,0,0,0,0,0
2020-04-19,US,Idaho,Teton,8,0,0,43.75303583,-111.2056773,16081.0,8,8,0,0,8,7,11640,0,0,0,0,1
2020-04-19,US,Idaho,Twin Falls,115,9,0,42.35440512,-114.6685381,16083.0,106,110,9,0,101,100,86081,5,0,0,5,10
2020-04-19,US,Idaho,Valley,2,0,0,44.76728382,-115.5676773,16085.0,2,2,0,0,2,2,11041,0,0,0,0,0
2020-04-19,US,Idaho,Washington,1,0,0,44.45275475,-116.78476880000001,16087.0,1,1,0,0,1,1,10161,0,0,0,0,0
2020-04-19,US,Illinois,Adams,34,0,0,39.98815591,-91.18786813,17001.0,34,31,0,0,31,30,65691,3,0,0,3,1
2020-04-19,US,Illinois,Alexander,2,0,0,37.18049267,-89.32910838,17003.0,2,1,0,0,1,1,6060,1,0,0,1,0
2020-04-19,US,Illinois,Bond,4,1,0,38.88829622,-89.43534887,17005.0,3,4,1,0,3,4,16630,0,0,0,0,0
2020-04-19,US,Illinois,Boone,30,2,0,42.32359279,-88.82345779,17007.0,28,29,2,0,27,21,53577,1,0,0,1,8
2020-04-19,US,Illinois,Bureau,8,0,0,41.40385234,-89.5283051,17011.0,8,8,0,0,8,7,32993,0,0,0,0,1
2020-04-19,US,Illinois,Calhoun,1,0,0,39.16840183,-90.66330078,17013.0,1,1,0,0,1,1,4802,0,0,0,0,0
2020-04-19,US,Illinois,Carroll,6,1,0,42.06823429,-89.93395545,17015.0,5,6,1,0,5,5,14312,0,0,0,0,1
2020-04-19,US,Illinois,Champaign,95,4,0,40.13919438,-88.20046615,17019.0,91,93,4,0,89,92,209983,2,0,0,2,1
2020-04-19,US,Illinois,Christian,25,4,0,39.54581621,-89.27780482,17021.0,21,25,4,0,21,24,32661,0,0,0,0,1
2020-04-19,US,Illinois,Clark,4,0,0,39.33425789,-87.78705622,17023.0,4,4,0,0,4,4,15596,0,0,0,0,0
2020-04-19,US,Illinois,Clay,1,0,0,38.75388572,-88.48914513,17025.0,1,1,0,0,1,1,13253,0,0,0,0,0
2020-04-19,US,Illinois,Clinton,45,0,0,38.60704876,-89.42385254,17027.0,45,44,0,0,44,42,37639,1,0,0,1,2
2020-04-19,US,Illinois,Coles,16,0,0,39.51949084,-88.22358557,17029.0,16,14,0,0,14,9,50885,2,0,0,2,5
2020-04-19,US,Illinois,Cook,21272,877,0,41.84144849,-87.81658794,17031.0,20395,20395,860,0,19535,19391,5180493,877,17,0,860,1004
2020-04-19,US,Illinois,Crawford,4,0,0,39.0032229,-87.75954624,17033.0,4,5,0,0,5,4,18807,-1,0,0,-1,1
2020-04-19,US,Illinois,Cumberland,2,0,0,39.27432424,-88.2401158,17035.0,2,2,0,0,2,2,10808,0,0,0,0,0
2020-04-19,US,Illinois,De Witt,1,0,0,40.17514519,-88.90959682,17039.0,1,1,0,0,1,1,15769,0,0,0,0,0
2020-04-19,US,Illinois,DeKalb,55,1,0,41.89373302,-88.76958483,17037.0,54,54,1,0,53,46,104143,1,0,0,1,8
2020-04-19,US,Illinois,Douglas,12,0,0,39.76768052,-88.21854195,17041.0,12,12,0,0,12,12,19479,0,0,0,0,0
2020-04-19,US,Illinois,DuPage,1695,85,0,41.85116968,-88.08642662,17043.0,1610,1642,82,0,1560,1560,928589,53,3,0,50,82
2020-04-19,US,Illinois,Effingham,4,1,0,39.05935711,-88.58969584,17049.0,3,4,1,0,3,4,34208,0,0,0,0,0
2020-04-19,US,Illinois,Fayette,15,1,0,39.00072038,-89.02452658,17051.0,14,13,1,0,12,12,21416,2,0,0,2,1
2020-04-19,US,Illinois,Ford,5,1,0,40.59706922,-88.22350769,17053.0,4,5,1,0,4,4,13264,0,0,0,0,1
2020-04-19,US,Illinois,Franklin,5,0,0,37.99189086,-88.92567818,17055.0,5,5,0,0,5,5,38701,0,0,0,0,0
2020-04-19,US,Illinois,Fulton,1,0,0,40.47289135,-90.20862357,17057.0,1,1,0,0,1,1,34844,0,0,0,0,0
2020-04-19,US,Illinois,Gallatin,2,0,0,37.76430935,-88.22953869,17059.0,2,2,0,0,2,2,5058,0,0,0,0,0
2020-04-19,US,Illinois,Greene,1,0,0,39.35907414,-90.388865,17061.0,1,1,0,0,1,1,13044,0,0,0,0,0
2020-04-19,US,Illinois,Grundy,26,0,0,41.28569601,-88.41905692,17063.0,26,26,0,0,26,24,50972,0,0,0,0,2
2020-04-19,US,Illinois,Hamilton,1,0,0,38.08163641,-88.53883373,17065.0,1,1,0,0,1,,8163,0,0,0,0,
2020-04-19,US,Illinois,Hancock,3,0,0,40.40423981,-91.16313899,17067.0,3,3,0,0,3,3,17844,0,0,0,0,0
2020-04-19,US,Illinois,Henderson,2,0,0,40.81908672,-90.92491462,17071.0,2,2,0,0,2,1,6709,0,0,0,0,1
2020-04-19,US,Illinois,Henry,30,0,0,41.3533994,-90.13296166,17073.0,30,30,0,0,30,28,49090,0,0,0,0,2
2020-04-19,US,Illinois,Iroquois,13,0,0,40.74717633,-87.82466784,17075.0,13,12,0,0,12,12,27604,1,0,0,1,0
2020-04-19,US,Illinois,Jackson,42,4,0,37.78595185,-89.38232563,17077.0,38,42,4,0,38,40,57419,0,0,0,0,2
2020-04-19,US,Illinois,Jasper,20,1,0,39.01054275,-88.15437049,17079.0,19,7,1,0,6,4,9611,13,0,0,13,3
2020-04-19,US,Illinois,Jefferson,31,0,0,38.29980057,-88.9240025,17081.0,31,12,0,0,12,11,37820,19,0,0,19,1
2020-04-19,US,Illinois,Jersey,8,0,0,39.08869046,-90.35393073,17083.0,8,8,0,0,8,8,21847,0,0,0,0,0
2020-04-19,US,Illinois,Jo Daviess,12,0,0,42.36542373,-90.21094405,17085.0,12,12,0,0,12,11,21366,0,0,0,0,1
2020-04-19,US,Illinois,Johnson,2,0,0,37.45939802,-88.88165419,17087.0,2,2,0,0,2,2,12456,0,0,0,0,0
2020-04-19,US,Illinois,Kane,605,30,0,41.93842729,-88.42861412,17089.0,575,582,29,0,553,538,534216,23,1,0,22,44
2020-04-19,US,Illinois,Kankakee,275,12,0,41.13746989,-87.86205334,17091.0,263,272,12,0,260,260,110024,3,0,0,3,12
2020-04-19,US,Illinois,Kendall,135,3,0,41.59081014,-88.42869583,17093.0,132,135,3,0,132,123,127915,0,0,0,0,12
2020-04-19,US,Illinois,Knox,9,0,0,40.93148779,-90.21330340000002,17095.0,9,5,0,0,5,3,50112,4,0,0,4,2
2020-04-19,US,Illinois,LaSalle,28,1,0,41.34426129999999,-88.88633881,17099.0,27,27,1,0,26,27,109430,1,0,0,1,0
2020-04-19,US,Illinois,Lake,2162,75,0,42.3224907,-88.00367925,17097.0,2087,2073,75,0,1998,1914,700832,89,0,0,89,159
2020-04-19,US,Illinois,Lawrence,2,0,0,38.71987914,-87.72884035,17101.0,2,2,0,0,2,2,15765,0,0,0,0,0
2020-04-19,US,Illinois,Lee,17,0,0,41.74583951,-89.29977132,17103.0,17,17,0,0,17,17,34223,0,0,0,0,0
2020-04-19,US,Illinois,Livingston,17,0,0,40.89188292,-88.55784752,17105.0,17,17,0,0,17,18,35761,0,0,0,0,-1
2020-04-19,US,Illinois,Logan,4,0,0,40.12581572,-89.36638784,17107.0,4,4,0,0,4,5,28925,0,0,0,0,-1
2020-04-19,US,Illinois,Macon,54,7,0,39.86064913,-88.96342505,17115.0,47,55,7,0,48,47,104712,-1,0,0,-1,8
2020-04-19,US,Illinois,Macoupin,21,0,0,39.26119767,-89.92424028,17117.0,21,21,0,0,21,18,45313,0,0,0,0,3
2020-04-19,US,Illinois,Madison,180,6,0,38.83042506,-89.90422563,17119.0,174,169,5,0,164,157,264461,11,1,0,10,12
2020-04-19,US,Illinois,Marion,20,0,0,38.64963204,-88.91899208,17121.0,20,19,0,0,19,17,37620,1,0,0,1,2
2020-04-19,US,Illinois,Marshall,4,0,0,41.0327901,-89.34510444,17123.0,4,3,0,0,3,2,11534,1,0,0,1,1
2020-04-19,US,Illinois,Mason,4,0,0,40.23917274,-89.91824452,17125.0,4,4,0,0,4,4,13565,0,0,0,0,0
2020-04-19,US,Illinois,Massac,3,0,0,37.22078441,-88.71036614,17127.0,3,3,0,0,3,4,14080,0,0,0,0,-1
2020-04-19,US,Illinois,McDonough,3,0,0,40.45674722,-90.67775541,17109.0,3,3,0,0,3,3,29955,0,0,0,0,0
2020-04-19,US,Illinois,McHenry,340,17,0,42.32451172,-88.45248227,17111.0,323,340,17,0,323,306,308570,0,0,0,0,34
2020-04-19,US,Illinois,McLean,85,3,0,40.48996987,-88.84621113,17113.0,82,83,3,0,80,83,172828,2,0,0,2,0
2020-04-19,US,Illinois,Menard,3,0,0,40.02742725,-89.80246001,17129.0,3,3,0,0,3,2,12288,0,0,0,0,1
2020-04-19,US,Illinois,Mercer,5,0,0,41.20596782,-90.74290052,17131.0,5,5,0,0,5,4,15601,0,0,0,0,1
2020-04-19,US,Illinois,Monroe,53,7,0,38.27594376,-90.17761038,17133.0,46,52,7,0,45,52,34335,1,0,0,1,0
2020-04-19,US,Illinois,Montgomery,14,1,0,39.23198845,-89.47809254,17135.0,13,13,1,0,12,11,28601,1,0,0,1,2
2020-04-19,US,Illinois,Morgan,12,1,0,39.71654544,-90.20255104,17137.0,11,12,1,0,11,12,33976,0,0,0,0,0
2020-04-19,US,Illinois,Moultrie,2,0,0,39.64187451,-88.62099969,17139.0,2,2,0,0,2,2,14717,0,0,0,0,0
2020-04-19,US,Illinois,Ogle,48,1,0,42.04165196,-89.32184679,17141.0,47,48,1,0,47,40,50923,0,0,0,0,8
2020-04-19,US,Illinois,Peoria,39,2,0,40.78702156,-89.76078901,17143.0,37,37,2,0,35,34,180621,2,0,0,2,3
2020-04-19,US,Illinois,Perry,1,0,0,38.08510853,-89.36856219,17145.0,1,1,0,0,1,1,21174,0,0,0,0,0
2020-04-19,US,Illinois,Piatt,7,0,0,40.01360584,-88.59319339,17147.0,7,7,0,0,7,7,16396,0,0,0,0,0
2020-04-19,US,Illinois,Pike,1,0,0,39.62265059,-90.8877017,17149.0,1,1,0,0,1,1,15611,0,0,0,0,0
2020-04-19,US,Illinois,Pulaski,9,0,0,37.22631423,-89.13085001,17153.0,9,9,0,0,9,5,5463,0,0,0,0,4
2020-04-19,US,Illinois,Randolph,57,1,0,38.05095369,-89.82512254,17157.0,56,54,1,0,53,48,32106,3,0,0,3,6
2020-04-19,US,Illinois,Richland,2,0,0,38.71240969,-88.08475366,17159.0,2,2,0,0,2,2,15763,0,0,0,0,0
2020-04-19,US,Illinois,Rock Island,188,4,0,41.46613806,-90.57042164,17161.0,184,187,4,0,183,167,143477,1,0,0,1,20
2020-04-19,US,Illinois,Saline,3,0,0,37.75332999,-88.54119706,17165.0,3,3,0,0,3,3,23906,0,0,0,0,0
2020-04-19,US,Illinois,Sangamon,62,4,0,39.75836914,-89.65872023,17167.0,58,61,3,0,58,58,195348,1,1,0,0,3
2020-04-19,US,Illinois,Schuyler,1,0,0,40.157179799999994,-90.61114163,17169.0,1,1,0,0,1,1,6907,0,0,0,0,0
2020-04-19,US,Illinois,Shelby,4,0,0,39.39133527,-88.80611122,17173.0,4,4,0,0,4,4,21741,0,0,0,0,0
2020-04-19,US,Illinois,St. Clair,271,18,0,38.46996033,-89.93063427,17163.0,253,265,17,0,248,254,261059,6,1,0,5,11
2020-04-19,US,Illinois,Stark,1,0,0,41.09309773,-89.79745866,17175.0,1,1,0,0,1,1,5427,0,0,0,0,0
2020-04-19,US,Illinois,Stephenson,12,0,0,42.35129217,-89.662598,17177.0,12,12,0,0,12,10,44753,0,0,0,0,2
2020-04-19,US,Illinois,Tazewell,26,3,0,40.50716185,-89.51404662,17179.0,23,41,3,0,38,21,132328,-15,0,0,-15,20
2020-04-19,US,Illinois,Unassigned,115,3,0,0.0,0.0,90017.0,112,84,3,0,81,74,,31,0,0,31,10
2020-04-19,US,Illinois,Union,5,0,0,37.47119609,-89.25548938,17181.0,5,5,0,0,5,4,16841,0,0,0,0,1
2020-04-19,US,Illinois,Vermilion,9,0,0,40.18417171,-87.73384359,17183.0,9,9,0,0,9,8,76806,0,0,0,0,1
2020-04-19,US,Illinois,Wabash,1,0,0,38.44272901,-87.84922065,17185.0,1,1,0,0,1,1,11549,0,0,0,0,0
2020-04-19,US,Illinois,Warren,13,0,0,40.84925021,-90.6147432,17187.0,13,4,0,0,4,2,17032,9,0,0,9,2
2020-04-19,US,Illinois,Washington,7,0,0,38.35309213,-89.40982703,17189.0,7,6,0,0,6,5,13995,1,0,0,1,1
2020-04-19,US,Illinois,Wayne,1,0,0,38.42955355,-88.42586459,17191.0,1,1,0,0,1,,16332,0,0,0,0,
2020-04-19,US,Illinois,Whiteside,36,3,0,41.75509713,-89.91556058,17195.0,33,36,3,0,33,31,55626,0,0,0,0,5
2020-04-19,US,Illinois,Will,1643,101,0,41.44619267,-87.97862712,17197.0,1542,1603,94,0,1509,1566,692310,40,7,0,33,37
2020-04-19,US,Illinois,Williamson,14,0,0,37.73033511,-88.92994027,17199.0,14,13,0,0,13,13,67056,1,0,0,1,0
2020-04-19,US,Illinois,Winnebago,178,4,0,42.33641854,-89.16085327,17201.0,174,172,4,0,168,145,284081,6,0,0,6,27
2020-04-19,US,Illinois,Woodford,11,0,0,40.78579374,-89.20973757,17203.0,11,11,0,0,11,11,38463,0,0,0,0,0
2020-04-19,US,Indiana,Adams,7,1,0,40.7457653,-84.93671406,18001.0,6,7,1,0,6,6,35636,0,0,0,0,1
2020-04-19,US,Indiana,Allen,301,19,0,41.09194313,-85.06800636,18003.0,282,293,16,0,277,271,375351,8,3,0,5,22
2020-04-19,US,Indiana,Bartholomew,136,6,0,39.20744865,-85.89558181,18005.0,130,131,6,0,125,130,82753,5,0,0,5,1
2020-04-19,US,Indiana,Benton,4,0,0,40.60626947,-87.31093999,18007.0,4,4,0,0,4,4,8653,0,0,0,0,0
2020-04-19,US,Indiana,Blackford,6,1,0,40.47388153,-85.32499702,18009.0,5,6,1,0,5,6,11930,0,0,0,0,0
2020-04-19,US,Indiana,Boone,153,8,0,40.0509304,-86.46841646,18011.0,145,151,8,0,143,145,66999,2,0,0,2,6
2020-04-19,US,Indiana,Brown,14,1,0,39.19605589,-86.22868909,18013.0,13,14,1,0,13,14,15234,0,0,0,0,0
2020-04-19,US,Indiana,Carroll,6,1,0,40.580783200000006,-86.56198812,18015.0,5,6,1,0,5,6,20127,0,0,0,0,0
2020-04-19,US,Indiana,Cass,71,1,0,40.76135835,-86.34830753,18017.0,70,52,1,0,51,50,37955,19,0,0,19,2
2020-04-19,US,Indiana,Clark,162,11,0,38.48015445,-85.70510334,18019.0,151,160,11,0,149,151,117360,2,0,0,2,9
2020-04-19,US,Indiana,Clay,18,0,0,39.39561833,-87.11723506,18021.0,18,15,0,0,15,14,26170,3,0,0,3,1
2020-04-19,US,Indiana,Clinton,18,1,0,40.30319754,-86.47277257,18023.0,17,16,1,0,15,16,32250,2,0,0,2,0
2020-04-19,US,Indiana,Crawford,12,0,0,38.28814402,-86.44518825,18025.0,12,12,0,0,12,12,10558,0,0,0,0,0
2020-04-19,US,Indiana,Daviess,34,3,0,38.70186039,-87.07185406,18027.0,31,29,2,0,27,27,33147,5,1,0,4,2
2020-04-19,US,Indiana,DeKalb,13,1,0,41.39804622,-84.99906934,18033.0,12,13,1,0,12,11,43226,0,0,0,0,2
2020-04-19,US,Indiana,Dearborn,68,5,0,39.14647946,-84.97333539,18029.0,63,65,5,0,60,63,49568,3,0,0,3,2
2020-04-19,US,Indiana,Decatur,168,18,0,39.30712658,-85.50087166,18031.0,150,166,17,0,149,165,26794,2,1,0,1,1
2020-04-19,US,Indiana,Delaware,110,6,0,40.22787247,-85.39732772,18035.0,104,92,5,0,87,91,114772,18,1,0,17,1
2020-04-19,US,Indiana,Dubois,16,0,0,38.36597551,-86.87924170000001,18037.0,16,14,0,0,14,14,42565,2,0,0,2,0
2020-04-19,US,Indiana,Elkhart,152,3,0,41.59761169,-85.85875695,18039.0,149,148,3,0,145,130,205560,4,0,0,4,18
2020-04-19,US,Indiana,Fayette,22,4,0,39.63684962,-85.17797541,18041.0,18,21,4,0,17,21,23047,1,0,0,1,0
2020-04-19,US,Indiana,Floyd,142,7,0,38.32117957,-85.90385377,18043.0,135,137,7,0,130,130,77781,5,0,0,5,7
2020-04-19,US,Indiana,Fountain,6,2,0,40.12361933,-87.24217689,18045.0,4,5,2,0,3,4,16351,1,0,0,1,1
2020-04-19,US,Indiana,Franklin,89,7,0,39.4142482,-85.06062647,18047.0,82,89,7,0,82,87,22736,0,0,0,0,2
2020-04-19,US,Indiana,Fulton,6,0,0,41.0469907,-86.26252745,18049.0,6,5,0,0,5,4,20092,1,0,0,1,1
2020-04-19,US,Indiana,Gibson,5,0,0,38.30393723,-87.58054938,18051.0,5,5,0,0,5,4,33452,0,0,0,0,1
2020-04-19,US,Indiana,Grant,75,3,0,40.51587228,-85.65468702,18053.0,72,55,2,0,53,47,65936,20,1,0,19,8
2020-04-19,US,Indiana,Greene,42,3,0,39.03630547,-86.96223202,18055.0,39,42,3,0,39,37,32006,0,0,0,0,5
2020-04-19,US,Indiana,Hamilton,583,35,0,40.07306535,-86.05244729,18057.0,548,563,35,0,528,542,330086,20,0,0,20,21
2020-04-19,US,Indiana,Hancock,143,7,0,39.82304555,-85.77566351,18059.0,136,135,6,0,129,132,76351,8,1,0,7,3
2020-04-19,US,Indiana,Harrison,87,2,0,38.19467379,-86.10948271,18061.0,85,85,2,0,83,65,40350,2,0,0,2,20
2020-04-19,US,Indiana,Hendricks,471,17,0,39.76719009,-86.51037283,18063.0,454,435,17,0,418,407,167009,36,0,0,36,28
2020-04-19,US,Indiana,Henry,31,1,0,39.93029017,-85.39625719,18065.0,30,29,1,0,28,26,48271,2,0,0,2,3
2020-04-19,US,Indiana,Howard,68,4,0,40.48527731,-86.11351892,18067.0,64,68,4,0,64,61,82366,0,0,0,0,7
2020-04-19,US,Indiana,Huntington,6,1,0,40.82907273,-85.48822092,18069.0,5,6,1,0,5,6,36240,0,0,0,0,0
2020-04-19,US,Indiana,Jackson,90,0,0,38.90915820000001,-86.03851889,18071.0,90,84,0,0,84,77,44111,6,0,0,6,7
2020-04-19,US,Indiana,Jasper,22,1,0,41.02078733,-87.11553319,18073.0,21,21,1,0,20,22,33370,1,0,0,1,-1
2020-04-19,US,Indiana,Jay,9,0,0,40.43781032,-85.00576229,18075.0,9,8,0,0,8,8,20764,1,0,0,1,0
2020-04-19,US,Indiana,Jefferson,18,0,0,38.78576239,-85.43633383,18077.0,18,18,0,0,18,18,32208,0,0,0,0,0
2020-04-19,US,Indiana,Jennings,64,1,0,38.99588883,-85.62710784,18079.0,63,63,1,0,62,63,27611,1,0,0,1,0
2020-04-19,US,Indiana,Johnson,411,32,0,39.48994426,-86.10149107,18081.0,379,393,31,0,362,371,156225,18,1,0,17,22
2020-04-19,US,Indiana,Knox,18,0,0,38.68861576,-87.4194665,18083.0,18,17,0,0,17,16,36895,1,0,0,1,1
2020-04-19,US,Indiana,Kosciusko,22,1,0,41.24521668,-85.86312322,18085.0,21,22,1,0,21,22,79344,0,0,0,0,0
2020-04-19,US,Indiana,LaGrange,16,1,0,41.64232188,-85.42674232,18087.0,15,15,1,0,14,16,39330,1,0,0,1,-1
2020-04-19,US,Indiana,LaPorte,140,5,0,41.54366008,-86.74072188,18091.0,135,134,5,0,129,129,110007,6,0,0,6,5
2020-04-19,US,Indiana,Lake,1105,45,0,41.41874274,-87.38277575,18089.0,1060,1095,43,0,1052,1026,484411,10,2,0,8,69
2020-04-19,US,Indiana,Lawrence,79,9,0,38.84112637,-86.48361629,18093.0,70,77,9,0,68,76,45668,2,0,0,2,1
2020-04-19,US,Indiana,Madison,332,32,0,40.16143691,-85.71964711,18095.0,300,323,30,0,293,305,129641,9,2,0,7,18
2020-04-19,US,Indiana,Marion,3889,192,0,39.78163624,-86.13826325,18097.0,3697,3624,190,0,3434,3518,954670,265,2,0,263,106
2020-04-19,US,Indiana,Marshall,23,0,0,41.32467367,-86.26185087,18099.0,23,22,0,0,22,22,46248,1,0,0,1,0
2020-04-19,US,Indiana,Martin,5,0,0,38.7099921,-86.80373186,18101.0,5,5,0,0,5,5,10217,0,0,0,0,0
2020-04-19,US,Indiana,Miami,22,0,0,40.76940965,-86.04525048,18103.0,22,21,0,0,21,21,35567,1,0,0,1,0
2020-04-19,US,Indiana,Monroe,114,4,0,39.16130004,-86.52414358,18105.0,110,113,4,0,109,108,146917,1,0,0,1,5
2020-04-19,US,Indiana,Montgomery,25,0,0,40.04034823,-86.89335024,18107.0,25,25,0,0,25,25,38346,0,0,0,0,0
2020-04-19,US,Indiana,Morgan,116,3,0,39.47899078,-86.44573375,18109.0,113,111,3,0,108,111,70116,5,0,0,5,0
2020-04-19,US,Indiana,Newton,31,4,0,40.95610449,-87.39635768,18111.0,27,31,4,0,27,29,14011,0,0,0,0,2
2020-04-19,US,Indiana,Noble,36,3,0,41.39672484,-85.41966713,18113.0,33,34,2,0,32,29,47532,2,1,0,1,5
2020-04-19,US,Indiana,Ohio,1,0,0,38.955304999999996,-84.96515993,18115.0,1,1,0,0,1,1,5844,0,0,0,0,0
2020-04-19,US,Indiana,Orange,30,4,0,38.541189200000005,-86.49523093,18117.0,26,25,4,0,21,24,19489,5,0,0,5,1
2020-04-19,US,Indiana,Owen,21,1,0,39.31145587,-86.83900724,18119.0,20,21,1,0,20,21,20845,0,0,0,0,0
2020-04-19,US,Indiana,Parke,9,0,0,39.77202286,-87.20375833,18121.0,9,7,0,0,7,8,16927,2,0,0,2,-1
2020-04-19,US,Indiana,Perry,5,0,0,38.07809328,-86.63741946,18123.0,5,5,0,0,5,4,19102,0,0,0,0,1
2020-04-19,US,Indiana,Pike,1,0,0,38.40112197,-87.23574907,18125.0,1,1,0,0,1,1,12410,0,0,0,0,0
2020-04-19,US,Indiana,Porter,175,3,0,41.45986947,-87.06848888,18127.0,172,168,3,0,165,155,169594,7,0,0,7,13
2020-04-19,US,Indiana,Posey,7,0,0,38.02097333,-87.86480429,18129.0,7,6,0,0,6,6,25540,1,0,0,1,0
2020-04-19,US,Indiana,Pulaski,1,0,0,41.04166107,-86.69890683,18131.0,1,1,0,0,1,1,12469,0,0,0,0,0
2020-04-19,US,Indiana,Putnam,51,4,0,39.66437981,-86.84517605,18133.0,47,50,4,0,46,47,37779,1,0,0,1,3
2020-04-19,US,Indiana,Randolph,12,1,0,40.15734772,-85.01139319,18135.0,11,12,1,0,11,10,24851,0,0,0,0,2
2020-04-19,US,Indiana,Ripley,82,3,0,39.10235626,-85.26212744,18137.0,79,80,3,0,77,77,28523,2,0,0,2,3
2020-04-19,US,Indiana,Rush,19,1,0,39.62002287,-85.4655599,18139.0,18,19,1,0,18,20,16663,0,0,0,0,-1
2020-04-19,US,Indiana,Scott,24,2,0,38.68672078,-85.74627859,18143.0,22,22,2,0,20,20,23878,2,0,0,2,2
2020-04-19,US,Indiana,Shelby,105,4,0,39.52305623,-85.79158570000001,18145.0,101,99,4,0,95,97,44593,6,0,0,6,2
2020-04-19,US,Indiana,Spencer,4,0,0,38.01519732,-87.0079644,18147.0,4,4,0,0,4,4,20327,0,0,0,0,0
2020-04-19,US,Indiana,St. Joseph,402,8,0,41.61756781,-86.29040834,18141.0,394,388,8,0,380,358,270771,14,0,0,14,30
2020-04-19,US,Indiana,Starke,11,1,0,41.27890281,-86.64686895,18149.0,10,11,1,0,10,10,22935,0,0,0,0,1
2020-04-19,US,Indiana,Steuben,17,1,0,41.64423868,-85.00101094,18151.0,16,17,1,0,16,16,34586,0,0,0,0,1
2020-04-19,US,Indiana,Sullivan,8,0,0,39.08952258,-87.41414469,18153.0,8,7,0,0,7,7,20690,1,0,0,1,0
2020-04-19,US,Indiana,Switzerland,13,0,0,38.82767338,-85.03022429,18155.0,13,13,0,0,13,12,10717,0,0,0,0,1
2020-04-19,US,Indiana,Tippecanoe,56,2,0,40.38872739,-86.89413959,18157.0,54,55,2,0,53,53,193048,1,0,0,1,2
2020-04-19,US,Indiana,Tipton,13,1,0,40.31123252,-86.05234925,18159.0,12,10,1,0,9,10,15128,3,0,0,3,0
2020-04-19,US,Indiana,Union,6,0,0,39.62550777,-84.92497066,18161.0,6,6,0,0,6,6,7037,0,0,0,0,0
2020-04-19,US,Indiana,Vanderburgh,85,1,0,38.02658833,-87.58763124,18163.0,84,80,1,0,79,76,180974,5,0,0,5,4
2020-04-19,US,Indiana,Vermillion,6,0,0,39.8523352,-87.46160542,18165.0,6,5,0,0,5,5,15479,1,0,0,1,0
2020-04-19,US,Indiana,Vigo,57,5,0,39.42944561,-87.39169027,18167.0,52,51,4,0,47,48,107386,6,1,0,5,3
2020-04-19,US,Indiana,Wabash,9,0,0,40.84704239,-85.79328272,18169.0,9,9,0,0,9,9,31280,0,0,0,0,0
2020-04-19,US,Indiana,Warren,7,1,0,40.34728141,-87.35602659,18171.0,6,6,1,0,5,5,8263,1,0,0,1,1
2020-04-19,US,Indiana,Warrick,58,4,0,38.08922676,-87.2716085,18173.0,54,55,4,0,51,53,62567,3,0,0,3,2
2020-04-19,US,Indiana,Washington,29,0,0,38.60219804,-86.1049363,18175.0,29,28,0,0,28,27,27943,1,0,0,1,1
2020-04-19,US,Indiana,Wayne,27,2,0,39.863344399999995,-85.01044989,18177.0,25,23,2,0,21,22,65936,4,0,0,4,1
2020-04-19,US,Indiana,Wells,5,0,0,40.72934187,-85.22132966,18179.0,5,5,0,0,5,5,28206,0,0,0,0,0
2020-04-19,US,Indiana,White,7,0,0,40.74911165,-86.86492015,18181.0,7,6,0,0,6,6,24133,1,0,0,1,0
2020-04-19,US,Indiana,Whitley,16,1,0,41.13863784,-85.50791236,18183.0,15,15,1,0,14,14,34074,1,0,0,1,1
2020-04-19,US,Iowa,Adair,1,0,0,41.33075609,-94.47105874,19001.0,1,1,0,0,1,1,7063,0,0,0,0,0
2020-04-19,US,Iowa,Allamakee,36,3,0,43.28383218,-91.37860922,19005.0,33,34,3,0,31,27,13832,2,0,0,2,7
2020-04-19,US,Iowa,Appanoose,2,2,0,40.74324454,-92.86865906,19007.0,0,2,2,0,0,2,12437,0,0,0,0,0
2020-04-19,US,Iowa,Audubon,1,0,0,41.6844628,-94.90581859,19009.0,1,1,0,0,1,1,5506,0,0,0,0,0
2020-04-19,US,Iowa,Benton,23,1,0,42.08011739,-92.06463573,19011.0,22,21,1,0,20,21,25642,2,0,0,2,0
2020-04-19,US,Iowa,Black Hawk,192,1,0,42.4704581,-92.30524729,19013.0,191,166,1,0,165,138,132408,26,0,0,26,28
2020-04-19,US,Iowa,Boone,6,0,0,42.03657094,-93.9313999,19015.0,6,4,0,0,4,4,26346,2,0,0,2,0
2020-04-19,US,Iowa,Bremer,26,0,0,42.77461496,-92.31795937,19017.0,26,26,0,0,26,23,24947,0,0,0,0,3
2020-04-19,US,Iowa,Buchanan,8,0,0,42.4709188,-91.83510825,19019.0,8,8,0,0,8,8,21199,0,0,0,0,0
2020-04-19,US,Iowa,Buena Vista,2,0,0,42.73545875,-95.15100162,19021.0,2,2,0,0,2,2,19874,0,0,0,0,0
2020-04-19,US,Iowa,Butler,1,0,0,42.73172833,-92.79015971,19023.0,1,1,0,0,1,1,14539,0,0,0,0,0
2020-04-19,US,Iowa,Carroll,1,0,0,42.03617207,-94.86032705,19027.0,1,1,0,0,1,1,20154,0,0,0,0,0
2020-04-19,US,Iowa,Cass,1,0,0,41.33149454,-94.92792482,19029.0,1,1,0,0,1,1,12930,0,0,0,0,0
2020-04-19,US,Iowa,Cedar,26,0,0,41.77233777,-91.13246684,19031.0,26,25,0,0,25,23,18627,1,0,0,1,2
2020-04-19,US,Iowa,Cerro Gordo,14,0,0,43.08177563,-93.2612239,19033.0,14,14,0,0,14,14,42647,0,0,0,0,0
2020-04-19,US,Iowa,Chickasaw,3,0,0,43.06001295,-92.31773347,19037.0,3,2,0,0,2,2,11964,1,0,0,1,0
2020-04-19,US,Iowa,Clarke,2,0,0,41.02868181,-93.78499767,19039.0,2,3,0,0,3,2,9423,-1,0,0,-1,1
2020-04-19,US,Iowa,Clay,3,0,0,43.08247182,-95.15096481,19041.0,3,2,0,0,2,2,16134,1,0,0,1,0
2020-04-19,US,Iowa,Clayton,7,1,0,42.84443388,-91.34133693,19043.0,6,7,1,0,6,7,17556,0,0,0,0,0
2020-04-19,US,Iowa,Clinton,41,0,0,41.89981633,-90.53275096,19045.0,41,40,0,0,40,39,46518,1,0,0,1,1
2020-04-19,US,Iowa,Crawford,6,1,0,42.03718237,-95.3819718,19047.0,5,6,1,0,5,6,17158,0,0,0,0,0
2020-04-19,US,Iowa,Dallas,45,0,0,41.68560356,-94.04127625,19049.0,45,45,0,0,45,44,90180,0,0,0,0,1
2020-04-19,US,Iowa,Delaware,2,0,0,42.47104597,-91.3664492,19055.0,2,2,0,0,2,2,17069,0,0,0,0,0
2020-04-19,US,Iowa,Des Moines,11,0,0,40.92012606,-91.18326592,19057.0,11,8,0,0,8,8,39138,3,0,0,3,0
2020-04-19,US,Iowa,Dickinson,1,0,0,43.37787725,-95.1510206,19059.0,1,1,0,0,1,1,17153,0,0,0,0,0
2020-04-19,US,Iowa,Dubuque,44,1,0,42.46815349,-90.88181925,19061.0,43,43,1,0,42,40,96854,1,0,0,1,3
2020-04-19,US,Iowa,Fayette,6,0,0,42.86271799,-91.84412309999999,19065.0,6,6,0,0,6,6,19660,0,0,0,0,0
2020-04-19,US,Iowa,Franklin,1,0,0,42.73270384,-93.26256925,19069.0,1,1,0,0,1,1,10124,0,0,0,0,0
2020-04-19,US,Iowa,Greene,1,0,0,42.03614551,-94.39658081,19073.0,1,1,0,0,1,1,8981,0,0,0,0,0
2020-04-19,US,Iowa,Grundy,4,0,0,42.40183723,-92.78829551,19075.0,4,2,0,0,2,2,12304,2,0,0,2,0
2020-04-19,US,Iowa,Guthrie,4,0,0,41.68378965,-94.50111014,19077.0,4,4,0,0,4,3,10720,0,0,0,0,1
2020-04-19,US,Iowa,Hamilton,2,0,0,42.38382428,-93.70197703,19079.0,2,2,0,0,2,2,14952,0,0,0,0,0
2020-04-19,US,Iowa,Hancock,3,0,0,43.08178477,-93.73454884,19081.0,3,3,0,0,3,3,10712,0,0,0,0,0
2020-04-19,US,Iowa,Hardin,2,0,0,42.38353877,-93.23654611,19083.0,2,2,0,0,2,1,16868,0,0,0,0,1
2020-04-19,US,Iowa,Harrison,13,0,0,41.68330137,-95.81558439,19085.0,13,12,0,0,12,12,14134,1,0,0,1,0
2020-04-19,US,Iowa,Henry,27,1,0,40.98767962,-91.54436349,19087.0,26,27,1,0,26,26,20067,0,0,0,0,1
2020-04-19,US,Iowa,Howard,4,0,0,43.35671042,-92.31702714,19089.0,4,4,0,0,4,2,9187,0,0,0,0,2
2020-04-19,US,Iowa,Iowa,12,0,0,41.68630265,-92.0643373,19095.0,12,10,0,0,10,8,16141,2,0,0,2,2
2020-04-19,US,Iowa,Jackson,4,0,0,42.17178824,-90.57354837,19097.0,4,4,0,0,4,4,19432,0,0,0,0,0
2020-04-19,US,Iowa,Jasper,36,0,0,41.68576082,-93.05567785,19099.0,36,33,0,0,33,28,37147,3,0,0,3,5
2020-04-19,US,Iowa,Jefferson,4,0,0,41.03192394,-91.94849466,19101.0,4,4,0,0,4,4,18381,0,0,0,0,0
2020-04-19,US,Iowa,Johnson,285,3,0,41.67169354,-91.58754744,19103.0,282,265,3,0,262,246,151260,20,0,0,20,19
2020-04-19,US,Iowa,Jones,14,0,0,42.12118609,-91.13139641,19105.0,14,14,0,0,14,13,20744,0,0,0,0,1
2020-04-19,US,Iowa,Keokuk,3,0,0,41.33649833,-92.1785067,19107.0,3,4,0,0,4,2,10225,-1,0,0,-1,2
2020-04-19,US,Iowa,Kossuth,1,0,0,43.20405458,-94.20691791,19109.0,1,1,0,0,1,1,14908,0,0,0,0,0
2020-04-19,US,Iowa,Lee,3,0,0,40.64181461,-91.48183025,19111.0,3,3,0,0,3,3,34055,0,0,0,0,0
2020-04-19,US,Iowa,Linn,395,25,0,42.07923082,-91.59809485,19113.0,370,332,25,0,307,304,225909,63,0,0,63,28
2020-04-19,US,Iowa,Louisa,212,2,0,41.21842119,-91.26102611,19115.0,210,177,2,0,175,169,11169,35,0,0,35,8
2020-04-19,US,Iowa,Lyon,5,0,0,43.38107862,-96.20926845,19119.0,5,5,0,0,5,5,11811,0,0,0,0,0
2020-04-19,US,Iowa,Madison,3,1,0,41.33081904,-94.01554631,19121.0,2,3,1,0,2,3,16249,0,0,0,0,0
2020-04-19,US,Iowa,Mahaska,8,0,0,41.33521503,-92.64083907,19123.0,8,7,0,0,7,7,22000,1,0,0,1,0
2020-04-19,US,Iowa,Marion,4,0,0,41.33445101,-93.09934783,19125.0,4,4,0,0,4,3,33407,0,0,0,0,1
2020-04-19,US,Iowa,Marshall,155,0,0,42.03586837,-92.99908190000001,19127.0,155,83,0,0,83,75,39981,72,0,0,72,8
2020-04-19,US,Iowa,Mills,2,0,0,41.03299766,-95.61920963,19129.0,2,2,0,0,2,2,15063,0,0,0,0,0
2020-04-19,US,Iowa,Mitchell,2,0,0,43.35638371,-92.78887719,19131.0,2,2,0,0,2,2,10569,0,0,0,0,0
2020-04-19,US,Iowa,Monona,6,0,0,42.05220391,-95.95743843,19133.0,6,6,0,0,6,6,8679,0,0,0,0,0
2020-04-19,US,Iowa,Montgomery,1,0,0,41.03018714,-95.15642896,19137.0,1,1,0,0,1,1,10003,0,0,0,0,0
2020-04-19,US,Iowa,Muscatine,207,4,0,41.48370744,-91.11216970000001,19139.0,203,176,3,0,173,163,42929,31,1,0,30,13
2020-04-19,US,Iowa,O'Brien,3,0,0,43.08310673,-95.62474482,19141.0,3,3,0,0,3,3,13840,0,0,0,0,0
2020-04-19,US,Iowa,Osceola,3,0,0,43.37824276,-95.62422844,19143.0,3,3,0,0,3,2,6040,0,0,0,0,1
2020-04-19,US,Iowa,Page,4,0,0,40.7393172,-95.1497813,19145.0,4,3,0,0,3,3,15249,1,0,0,1,0
2020-04-19,US,Iowa,Plymouth,8,0,0,42.737633,-96.21366621,19149.0,8,8,0,0,8,6,25095,0,0,0,0,2
2020-04-19,US,Iowa,Polk,333,13,0,41.68679484,-93.57767461,19153.0,320,293,13,0,280,277,487204,40,0,0,40,16
2020-04-19,US,Iowa,Pottawattamie,18,1,0,41.33640314,-95.53907776,19155.0,17,18,1,0,17,18,93533,0,0,0,0,0
2020-04-19,US,Iowa,Poweshiek,10,1,0,41.68625425,-92.53155731,19157.0,9,8,1,0,7,7,18699,2,0,0,2,1
2020-04-19,US,Iowa,Scott,159,3,0,41.63935978,-90.61959493,19163.0,156,159,3,0,156,155,173283,0,0,0,0,4
2020-04-19,US,Iowa,Shelby,9,0,0,41.6850066,-95.31015553,19165.0,9,9,0,0,9,9,11578,0,0,0,0,0
2020-04-19,US,Iowa,Sioux,7,0,0,43.08221074,-96.17675679999999,19167.0,7,7,0,0,7,7,34909,0,0,0,0,0
2020-04-19,US,Iowa,Story,18,0,0,42.03621213,-93.46499005,19169.0,18,17,0,0,17,17,98105,1,0,0,1,0
2020-04-19,US,Iowa,Tama,187,6,0,42.07991767,-92.53266945,19171.0,181,123,6,0,117,121,16904,64,0,0,64,2
2020-04-19,US,Iowa,Taylor,1,0,0,40.73710579,-94.69778563,19173.0,1,1,0,0,1,1,6191,0,0,0,0,0
2020-04-19,US,Iowa,Unassigned,7,0,0,0.0,0.0,90019.0,7,1,0,0,1,1,,6,0,0,6,0
2020-04-19,US,Iowa,Union,1,0,0,41.0277278,-94.24234847,19175.0,1,1,0,0,1,1,12359,0,0,0,0,0
2020-04-19,US,Iowa,Van Buren,8,0,0,40.75326764,-91.95017958,19177.0,8,8,0,0,8,8,7020,0,0,0,0,0
2020-04-19,US,Iowa,Wapello,6,0,0,41.03064984,-92.40954728,19179.0,6,7,0,0,7,6,35205,-1,0,0,-1,1
2020-04-19,US,Iowa,Warren,18,0,0,41.33559454,-93.56007641,19181.0,18,18,0,0,18,17,51056,0,0,0,0,1
2020-04-19,US,Iowa,Washington,118,5,0,41.33577126,-91.71725711,19183.0,113,113,5,0,108,109,22141,5,0,0,5,4
2020-04-19,US,Iowa,Webster,3,0,0,42.42853483,-94.17987389,19187.0,3,3,0,0,3,2,36277,0,0,0,0,1
2020-04-19,US,Iowa,Winnebago,2,0,0,43.37751174,-93.73407298,19189.0,2,2,0,0,2,2,10518,0,0,0,0,0
2020-04-19,US,Iowa,Winneshiek,6,0,0,43.29094334,-91.84422722,19191.0,6,5,0,0,5,5,20029,1,0,0,1,0
2020-04-19,US,Iowa,Woodbury,37,0,0,42.38979414,-96.0459439,19193.0,37,35,0,0,35,25,102539,2,0,0,2,10
2020-04-19,US,Iowa,Worth,1,0,0,43.37750768,-93.26087602,19195.0,1,1,0,0,1,1,7453,0,0,0,0,0
2020-04-19,US,Iowa,Wright,1,0,0,42.73305373,-93.73515113,19197.0,1,1,0,0,1,1,12690,0,0,0,0,0
2020-04-19,US,Kansas,Atchison,5,0,0,39.53185661,-95.30870026,20005.0,5,4,0,0,4,4,16193,1,0,0,1,0
2020-04-19,US,Kansas,Barber,1,0,0,37.2288586,-98.68460053,20007.0,1,1,0,0,1,1,4472,0,0,0,0,0
2020-04-19,US,Kansas,Barton,6,0,0,38.47889676,-98.75636726,20009.0,6,6,0,0,6,6,26111,0,0,0,0,0
2020-04-19,US,Kansas,Bourbon,7,1,0,37.85508555,-94.84865997,20011.0,6,7,1,0,6,7,14653,0,0,0,0,0
2020-04-19,US,Kansas,Butler,12,0,0,37.78134351,-96.83878537,20015.0,12,12,0,0,12,11,66765,0,0,0,0,1
2020-04-19,US,Kansas,Chase,1,0,0,38.30292938,-96.59563862,20017.0,1,1,0,0,1,1,2629,0,0,0,0,0
2020-04-19,US,Kansas,Chautauqua,3,0,0,37.14994405,-96.2454192,20019.0,3,3,0,0,3,3,3309,0,0,0,0,0
2020-04-19,US,Kansas,Cherokee,7,0,0,37.16928494,-94.8462897,20021.0,7,7,0,0,7,7,20015,0,0,0,0,0
2020-04-19,US,Kansas,Clay,2,0,0,39.34948772,-97.16518128,20027.0,2,2,0,0,2,2,7997,0,0,0,0,0
2020-04-19,US,Kansas,Cloud,3,0,0,39.48028352,-97.64925343,20029.0,3,3,0,0,3,3,8729,0,0,0,0,0
2020-04-19,US,Kansas,Coffey,47,6,0,38.2365018,-95.73379515,20031.0,41,46,6,0,40,45,8233,1,0,0,1,1
2020-04-19,US,Kansas,Cowley,1,1,0,37.23781842,-96.83776647,20035.0,0,1,1,0,0,1,35218,0,0,0,0,0
2020-04-19,US,Kansas,Crawford,6,1,0,37.50675523,-94.85245778,20037.0,5,6,1,0,5,6,39019,0,0,0,0,0
2020-04-19,US,Kansas,Dickinson,1,0,0,38.86600962,-97.15532383,20041.0,1,1,0,0,1,1,18717,0,0,0,0,0
2020-04-19,US,Kansas,Doniphan,1,0,0,39.79067154,-95.14056866,20043.0,1,1,0,0,1,1,7682,0,0,0,0,0
2020-04-19,US,Kansas,Douglas,43,0,0,38.88503636,-95.2925121,20045.0,43,43,0,0,43,42,121436,0,0,0,0,1
2020-04-19,US,Kansas,Ellis,8,0,0,38.91458712,-99.31751551,20051.0,8,4,0,0,4,4,28710,4,0,0,4,0
2020-04-19,US,Kansas,Finney,35,1,0,38.04340344,-100.73819379999999,20055.0,34,31,1,0,30,27,36611,4,0,0,4,4
2020-04-19,US,Kansas,Ford,127,0,0,37.69200114,-99.88825298,20057.0,127,107,0,0,107,84,33888,20,0,0,20,23
2020-04-19,US,Kansas,Franklin,12,0,0,38.56443815,-95.28644341,20059.0,12,12,0,0,12,12,25631,0,0,0,0,0
2020-04-19,US,Kansas,Geary,9,0,0,38.99871131,-96.7577178,20061.0,9,9,0,0,9,9,32594,0,0,0,0,0
2020-04-19,US,Kansas,Gove,1,0,0,38.91588178,-100.4829321,20063.0,1,1,0,0,1,1,2612,0,0,0,0,0
2020-04-19,US,Kansas,Gray,1,0,0,37.73836671,-100.4369088,20069.0,1,,,,,,6033,,,,,
2020-04-19,US,Kansas,Greenwood,2,0,0,37.8774388,-96.23250453,20073.0,2,2,0,0,2,2,6055,0,0,0,0,0
2020-04-19,US,Kansas,Hamilton,1,0,0,37.99978709,-101.7921066,20075.0,1,1,0,0,1,1,2607,0,0,0,0,0
2020-04-19,US,Kansas,Harvey,5,0,0,38.04293782,-97.42747573,20079.0,5,5,0,0,5,5,34210,0,0,0,0,0
2020-04-19,US,Kansas,Jackson,1,0,0,39.41673394,-95.79356799,20085.0,1,1,0,0,1,1,13280,0,0,0,0,0
2020-04-19,US,Kansas,Jefferson,5,0,0,39.2347941,-95.38289232,20087.0,5,5,0,0,5,6,18975,0,0,0,0,-1
2020-04-19,US,Kansas,Jewell,4,0,0,39.78470589,-98.21820662,20089.0,4,3,0,0,3,3,2841,1,0,0,1,0
2020-04-19,US,Kansas,Johnson,372,30,0,38.88548175,-94.82250877,20091.0,342,369,25,0,344,358,597555,3,5,0,-2,11
2020-04-19,US,Kansas,Kearny,1,0,0,38.00017981,-101.32168100000001,20093.0,1,,,,,,3943,,,,,
2020-04-19,US,Kansas,Labette,20,0,0,37.19113093,-95.29849679,20099.0,20,20,0,0,20,20,19964,0,0,0,0,0
2020-04-19,US,Kansas,Leavenworth,128,2,0,39.20183497,-95.03620809,20103.0,126,123,2,0,121,115,81352,5,0,0,5,8
2020-04-19,US,Kansas,Linn,6,0,0,38.21267844,-94.84254089,20107.0,6,6,0,0,6,6,9750,0,0,0,0,0
2020-04-19,US,Kansas,Lyon,77,0,0,38.45576156,-96.15275715,20111.0,77,57,0,0,57,47,33406,20,0,0,20,10
2020-04-19,US,Kansas,Marion,5,0,0,38.35855394,-97.09852509999999,20115.0,5,5,0,0,5,5,11950,0,0,0,0,0
2020-04-19,US,Kansas,McPherson,16,0,0,38.39184858,-97.64769869,20113.0,16,15,0,0,15,15,28537,1,0,0,1,0
2020-04-19,US,Kansas,Miami,4,0,0,38.56383358,-94.83832189,20121.0,4,4,0,0,4,4,33680,0,0,0,0,0
2020-04-19,US,Kansas,Mitchell,2,0,0,39.39331582,-98.20906732,20123.0,2,2,0,0,2,2,6150,0,0,0,0,0
2020-04-19,US,Kansas,Montgomery,12,2,0,37.19236568,-95.74329258,20125.0,10,12,2,0,10,12,32120,0,0,0,0,0
2020-04-19,US,Kansas,Morris,2,0,0,38.68827511,-96.65128437,20127.0,2,2,0,0,2,2,5521,0,0,0,0,0
2020-04-19,US,Kansas,Morton,2,0,0,37.19141121,-101.79925190000002,20129.0,2,2,0,0,2,2,2667,0,0,0,0,0
2020-04-19,US,Kansas,Neosho,2,0,0,37.55862897,-95.30670046,20133.0,2,2,0,0,2,2,15951,0,0,0,0,0
2020-04-19,US,Kansas,Osage,4,0,0,38.65235984,-95.72707998,20139.0,4,4,0,0,4,4,15941,0,0,0,0,0
2020-04-19,US,Kansas,Osborne,2,0,0,39.3503437,-98.76753828,20141.0,2,2,0,0,2,2,3475,0,0,0,0,0
2020-04-19,US,Kansas,Ottawa,3,0,0,39.13237408,-97.65020313,20143.0,3,3,0,0,3,3,5802,0,0,0,0,0
2020-04-19,US,Kansas,Phillips,1,0,0,39.78465501,-99.34668865,20147.0,1,1,0,0,1,1,5317,0,0,0,0,0
2020-04-19,US,Kansas,Pottawatomie,6,0,0,39.37925655,-96.34564657,20149.0,6,6,0,0,6,5,24277,0,0,0,0,1
2020-04-19,US,Kansas,Pratt,1,0,0,37.64780729,-98.73922153,20151.0,1,1,0,0,1,1,9378,0,0,0,0,0
2020-04-19,US,Kansas,Reno,14,0,0,37.95230263,-98.08607292,20155.0,14,14,0,0,14,14,62342,0,0,0,0,0
2020-04-19,US,Kansas,Republic,4,0,0,39.82799632,-97.65036709,20157.0,4,4,0,0,4,4,4664,0,0,0,0,0
2020-04-19,US,Kansas,Riley,27,0,0,39.28935726,-96.73420026,20161.0,27,27,0,0,27,27,73703,0,0,0,0,0
2020-04-19,US,Kansas,Rooks,4,0,0,39.35022773,-99.32484567,20163.0,4,4,0,0,4,3,5013,0,0,0,0,1
2020-04-19,US,Kansas,Saline,15,2,0,38.78369175,-97.65185177,20169.0,13,15,2,0,13,15,54401,0,0,0,0,0
2020-04-19,US,Kansas,Scott,1,0,0,38.48222076,-100.90665390000001,20171.0,1,1,0,0,1,1,4897,0,0,0,0,0
2020-04-19,US,Kansas,Sedgwick,242,4,0,37.6842718,-97.4608198,20173.0,238,238,3,0,235,231,513607,4,1,0,3,7
2020-04-19,US,Kansas,Seward,47,0,0,37.19324632,-100.85072009999999,20175.0,47,35,0,0,35,24,21780,12,0,0,12,11
2020-04-19,US,Kansas,Shawnee,91,5,0,39.04100763,-95.75572640000001,20177.0,86,90,5,0,85,90,177499,1,0,0,1,0
2020-04-19,US,Kansas,Sherman,1,0,0,39.35147699,-101.71976240000001,20181.0,1,1,0,0,1,1,5899,0,0,0,0,0
2020-04-19,US,Kansas,Smith,2,0,0,39.78516566,-98.78566062,20183.0,2,2,0,0,2,2,3603,0,0,0,0,0
2020-04-19,US,Kansas,Stafford,1,0,0,38.03100851,-98.71762001,20185.0,1,1,0,0,1,1,4178,0,0,0,0,0
2020-04-19,US,Kansas,Stanton,3,0,0,37.56304714,-101.78435340000001,20187.0,3,3,0,0,3,3,1987,0,0,0,0,0
2020-04-19,US,Kansas,Stevens,3,0,0,37.1923008,-101.3118967,20189.0,3,3,0,0,3,3,5559,0,0,0,0,0
2020-04-19,US,Kansas,Sumner,3,1,0,37.23682549,-97.47721621,20191.0,2,3,1,0,2,3,22996,0,0,0,0,0
2020-04-19,US,Kansas,Wabaunsee,1,0,0,38.95471985,-96.20350509,20197.0,1,1,0,0,1,1,6899,0,0,0,0,0
2020-04-19,US,Kansas,Wilson,1,0,0,37.55937174,-95.74323255,20205.0,1,1,0,0,1,1,8665,0,0,0,0,0
2020-04-19,US,Kansas,Woodson,5,0,0,37.8865336,-95.74006277,20207.0,5,5,0,0,5,4,3183,0,0,0,0,1
2020-04-19,US,Kansas,Wyandotte,417,37,0,39.11727348,-94.76378225,20209.0,380,412,35,0,377,400,165324,5,2,0,3,12
2020-04-19,US,Kentucky,Adair,53,3,0,37.10459774,-85.28129668,21001.0,50,47,3,0,44,45,19215,6,0,0,6,2
2020-04-19,US,Kentucky,Allen,4,0,0,36.75197631,-86.19457544,21003.0,4,4,0,0,4,4,21122,0,0,0,0,0
2020-04-19,US,Kentucky,Anderson,6,1,0,38.00671029,-84.99171713,21005.0,5,7,1,0,6,5,22663,-1,0,0,-1,2
2020-04-19,US,Kentucky,Ballard,4,0,0,37.05842757,-88.99427697,21007.0,4,3,0,0,3,3,7979,1,0,0,1,0
2020-04-19,US,Kentucky,Barren,6,0,0,36.96469836,-85.93338945,21009.0,6,6,0,0,6,6,44176,0,0,0,0,0
2020-04-19,US,Kentucky,Bath,3,0,0,38.14735938,-83.74588932,21011.0,3,3,0,0,3,3,12383,0,0,0,0,0
2020-04-19,US,Kentucky,Boone,81,2,0,38.97065142,-84.72615357,21015.0,79,74,2,0,72,73,131533,7,0,0,7,1
2020-04-19,US,Kentucky,Bourbon,7,1,0,38.2054607,-84.21827874,21017.0,6,7,1,0,6,5,20184,0,0,0,0,2
2020-04-19,US,Kentucky,Boyd,29,2,0,38.36176608,-82.68652187,21019.0,27,29,2,0,27,29,47240,0,0,0,0,0
2020-04-19,US,Kentucky,Boyle,13,0,0,37.62680923,-84.8633779,21021.0,13,13,0,0,13,13,30100,0,0,0,0,0
2020-04-19,US,Kentucky,Bracken,7,0,0,38.69158994,-84.08532444,21023.0,7,7,0,0,7,7,8239,0,0,0,0,0
2020-04-19,US,Kentucky,Breathitt,1,0,0,37.52333168,-83.31959161,21025.0,1,2,0,0,2,1,12726,-1,0,0,-1,1
2020-04-19,US,Kentucky,Breckinridge,6,0,0,37.77377239,-86.42885017,21027.0,6,6,0,0,6,5,20388,0,0,0,0,1
2020-04-19,US,Kentucky,Bullitt,33,2,0,37.97162523,-85.68955617,21029.0,31,31,2,0,29,31,81069,2,0,0,2,0
2020-04-19,US,Kentucky,Butler,73,2,0,37.20946153,-86.68748787,21031.0,71,62,2,0,60,51,12772,11,0,0,11,11
2020-04-19,US,Kentucky,Caldwell,11,0,0,37.14749129,-87.86948214,21033.0,11,11,0,0,11,11,12715,0,0,0,0,0
2020-04-19,US,Kentucky,Calloway,21,1,0,36.62093411,-88.2731593,21035.0,20,21,1,0,20,22,39135,0,0,0,0,-1
2020-04-19,US,Kentucky,Campbell,56,6,0,38.94384345,-84.37875208,21037.0,50,55,6,0,49,55,93152,1,0,0,1,0
2020-04-19,US,Kentucky,Carroll,2,0,0,38.66599534,-85.12601074,21041.0,2,2,0,0,2,2,10737,0,0,0,0,0
2020-04-19,US,Kentucky,Carter,4,0,0,38.31690743,-83.05092385,21043.0,4,4,0,0,4,4,27004,0,0,0,0,0
2020-04-19,US,Kentucky,Casey,1,0,0,37.32533118,-84.92726209,21045.0,1,1,0,0,1,1,15888,0,0,0,0,0
2020-04-19,US,Kentucky,Christian,79,3,0,36.89267803,-87.49055367,21047.0,76,79,3,0,76,78,71671,0,0,0,0,1
2020-04-19,US,Kentucky,Clark,18,0,0,37.9689263,-84.14615986,21049.0,18,18,0,0,18,18,36249,0,0,0,0,0
2020-04-19,US,Kentucky,Clay,1,0,0,37.16451126,-83.712575,21051.0,1,,,,,,20105,,,,,
2020-04-19,US,Kentucky,Clinton,2,0,0,36.72581156,-85.13377529,21053.0,2,2,0,0,2,2,10206,0,0,0,0,0
2020-04-19,US,Kentucky,Crittenden,3,0,0,37.35839237,-88.08826090000001,21055.0,3,3,0,0,3,3,8915,0,0,0,0,0
2020-04-19,US,Kentucky,Cumberland,3,0,0,36.78926125,-85.39050034,21057.0,3,2,0,0,2,2,6659,1,0,0,1,0
2020-04-19,US,Kentucky,Daviess,125,3,0,37.73028906,-87.09019479999999,21059.0,122,109,3,0,106,105,101104,16,0,0,16,4
2020-04-19,US,Kentucky,Edmonson,7,0,0,37.21218923,-86.23955613,21061.0,7,7,0,0,7,7,12274,0,0,0,0,0
2020-04-19,US,Kentucky,Fayette,219,7,0,38.0368225,-84.45576892,21067.0,212,218,7,0,211,210,323780,1,0,0,1,8
2020-04-19,US,Kentucky,Fleming,2,0,0,38.36758311,-83.69657514,21069.0,2,2,0,0,2,2,14432,0,0,0,0,0
2020-04-19,US,Kentucky,Floyd,4,0,0,37.56213922,-82.74750924,21071.0,4,4,0,0,4,4,35845,0,0,0,0,0
2020-04-19,US,Kentucky,Franklin,13,0,0,38.2379395,-84.87962551,21073.0,13,21,0,0,21,12,50815,-8,0,0,-8,9
2020-04-19,US,Kentucky,Fulton,1,0,0,36.55238827,-89.20140068,21075.0,1,,,,,,6120,,,,,
2020-04-19,US,Kentucky,Gallatin,1,0,0,38.75398691,-84.8558382,21077.0,1,1,0,0,1,1,8832,0,0,0,0,0
2020-04-19,US,Kentucky,Garrard,1,0,0,37.638866799999995,-84.53289319,21079.0,1,1,0,0,1,3,17560,0,0,0,0,-2
2020-04-19,US,Kentucky,Grant,16,1,0,38.64962758,-84.62415957,21081.0,15,16,1,0,15,16,25121,0,0,0,0,0
2020-04-19,US,Kentucky,Graves,51,2,0,36.72292505,-88.65143315,21083.0,49,41,2,0,39,28,37317,10,0,0,10,13
2020-04-19,US,Kentucky,Grayson,14,0,0,37.46231118,-86.34248968,21085.0,14,8,0,0,8,8,26321,6,0,0,6,0
2020-04-19,US,Kentucky,Green,1,0,0,37.26484328,-85.5540745,21087.0,1,1,0,0,1,1,11049,0,0,0,0,0
2020-04-19,US,Kentucky,Greenup,10,0,0,38.54332505,-82.9215658,21089.0,10,10,0,0,10,10,35268,0,0,0,0,0
2020-04-19,US,Kentucky,Hancock,6,0,0,37.83766422,-86.78280584,21091.0,6,6,0,0,6,5,8758,0,0,0,0,1
2020-04-19,US,Kentucky,Hardin,29,0,0,37.6976111,-85.96319251,21093.0,29,29,0,0,29,29,110356,0,0,0,0,0
2020-04-19,US,Kentucky,Harrison,16,0,0,38.44188174,-84.32869741,21097.0,16,16,0,0,16,16,18778,0,0,0,0,0
2020-04-19,US,Kentucky,Hart,1,0,0,37.29943898,-85.88461055,21099.0,1,1,0,0,1,1,18906,0,0,0,0,0
2020-04-19,US,Kentucky,Henderson,28,0,0,37.79344553,-87.57392021,21101.0,28,28,0,0,28,25,45591,0,0,0,0,3
2020-04-19,US,Kentucky,Henry,4,0,0,38.44942688,-85.11587507,21103.0,4,3,0,0,3,3,16106,1,0,0,1,0
2020-04-19,US,Kentucky,Hopkins,111,10,0,37.30939025,-87.54670406,21107.0,101,109,9,0,100,104,45068,2,1,0,1,5
2020-04-19,US,Kentucky,Jackson,55,3,0,37.41866422,-83.99825483,21109.0,52,43,2,0,41,43,13442,12,1,0,11,0
2020-04-19,US,Kentucky,Jefferson,814,60,0,38.18664655,-85.65931031,21111.0,754,689,60,0,629,599,770517,125,0,0,125,90
2020-04-19,US,Kentucky,Jessamine,32,0,0,37.87119786,-84.58252003,21113.0,32,33,0,0,33,31,53920,-1,0,0,-1,2
2020-04-19,US,Kentucky,Johnson,1,0,0,37.85106355,-82.8264322,21115.0,1,1,0,0,1,1,22386,0,0,0,0,0
2020-04-19,US,Kentucky,Kenton,149,10,0,38.93950319,-84.53241199,21117.0,139,128,10,0,118,121,166051,21,0,0,21,7
2020-04-19,US,Kentucky,Knott,3,0,0,37.35388197,-82.94981134,21119.0,3,3,0,0,3,2,15126,0,0,0,0,1
2020-04-19,US,Kentucky,Knox,5,0,0,36.89225732,-83.85403396,21121.0,5,4,0,0,4,4,31304,1,0,0,1,0
2020-04-19,US,Kentucky,Larue,5,0,0,37.54567114,-85.70138352,21123.0,5,5,0,0,5,5,14307,0,0,0,0,0
2020-04-19,US,Kentucky,Laurel,13,2,0,37.10975748,-84.11321779,21125.0,11,13,2,0,11,13,60669,0,0,0,0,0
2020-04-19,US,Kentucky,Lawrence,1,0,0,38.07136018,-82.72882223,21127.0,1,1,0,0,1,1,15571,0,0,0,0,0
2020-04-19,US,Kentucky,Leslie,2,0,0,37.09246661,-83.37999606,21131.0,2,2,0,0,2,2,10143,0,0,0,0,0
2020-04-19,US,Kentucky,Letcher,1,0,0,37.12306748,-82.85346474,21133.0,1,1,0,0,1,1,21899,0,0,0,0,0
2020-04-19,US,Kentucky,Lewis,3,0,0,38.53184419,-83.37735618,21135.0,3,2,0,0,2,2,13257,1,0,0,1,0
2020-04-19,US,Kentucky,Lincoln,4,1,0,37.45475628,-84.6565327,21137.0,3,4,1,0,3,4,24644,0,0,0,0,0
2020-04-19,US,Kentucky,Livingston,1,0,0,37.21137452,-88.34797529,21139.0,1,1,0,0,1,1,9242,0,0,0,0,0
2020-04-19,US,Kentucky,Logan,8,0,0,36.85949479,-86.877635,21141.0,8,8,0,0,8,8,26989,0,0,0,0,0
2020-04-19,US,Kentucky,Lyon,13,2,0,37.02080035,-88.07886257,21143.0,11,13,2,0,11,13,8009,0,0,0,0,0
2020-04-19,US,Kentucky,Madison,21,1,0,37.71659336,-84.27220275,21151.0,20,21,1,0,20,21,92368,0,0,0,0,0
2020-04-19,US,Kentucky,Marion,13,0,0,37.55218078,-85.26898542,21155.0,13,13,0,0,13,13,19404,0,0,0,0,0
2020-04-19,US,Kentucky,Marshall,12,0,0,36.880070700000005,-88.32803576,21157.0,12,12,0,0,12,12,31191,0,0,0,0,0
2020-04-19,US,Kentucky,Martin,2,0,0,37.79990579,-82.51247478,21159.0,2,2,0,0,2,2,11323,0,0,0,0,0
2020-04-19,US,Kentucky,Mason,6,0,0,38.59471935,-83.82151043,21161.0,6,6,0,0,6,6,17150,0,0,0,0,0
2020-04-19,US,Kentucky,McCracken,29,2,0,37.05350953,-88.70445755,21145.0,27,29,2,0,27,27,65346,0,0,0,0,2
2020-04-19,US,Kentucky,McCreary,10,0,0,36.73874143,-84.48102924,21147.0,10,9,0,0,9,9,17408,1,0,0,1,0
2020-04-19,US,Kentucky,McLean,8,1,0,37.5301951,-87.26803443,21149.0,7,7,1,0,6,7,9252,1,0,0,1,0
2020-04-19,US,Kentucky,Meade,3,1,0,37.96163597,-86.21028219,21163.0,2,2,1,0,1,2,28715,1,0,0,1,0
2020-04-19,US,Kentucky,Menifee,3,0,0,37.94090733,-83.59985712,21165.0,3,3,0,0,3,3,6451,0,0,0,0,0
2020-04-19,US,Kentucky,Mercer,9,0,0,37.81474237,-84.87488475,21167.0,9,9,0,0,9,9,21774,0,0,0,0,0
2020-04-19,US,Kentucky,Monroe,3,0,0,36.71225341,-85.71596443,21171.0,3,3,0,0,3,3,10718,0,0,0,0,0
2020-04-19,US,Kentucky,Montgomery,9,0,0,38.03253032,-83.9145241,21173.0,9,9,0,0,9,9,28203,0,0,0,0,0
2020-04-19,US,Kentucky,Morgan,1,0,0,37.92465657,-83.25558245,21175.0,1,1,0,0,1,1,13345,0,0,0,0,0
2020-04-19,US,Kentucky,Muhlenberg,75,2,0,37.21425819,-87.14632053,21177.0,73,58,2,0,56,54,30774,17,0,0,17,4
2020-04-19,US,Kentucky,Nelson,13,0,0,37.80335779,-85.4657193,21179.0,13,13,0,0,13,13,45851,0,0,0,0,0
2020-04-19,US,Kentucky,Nicholas,1,0,0,38.33342292,-84.01889177,21181.0,1,1,0,0,1,1,7166,0,0,0,0,0
2020-04-19,US,Kentucky,Ohio,17,0,0,37.47751843,-86.85368087,21183.0,17,13,0,0,13,9,24087,4,0,0,4,4
2020-04-19,US,Kentucky,Oldham,22,0,0,38.39791089,-85.448222,21185.0,22,23,0,0,23,23,66470,-1,0,0,-1,0
2020-04-19,US,Kentucky,Owsley,2,0,0,37.42823949,-83.68811419,21189.0,2,2,0,0,2,2,4472,0,0,0,0,0
2020-04-19,US,Kentucky,Pendleton,5,0,0,38.69607718,-84.35599463,21191.0,5,5,0,0,5,5,14529,0,0,0,0,0
2020-04-19,US,Kentucky,Perry,4,0,0,37.25023553,-83.22922731,21193.0,4,4,0,0,4,4,26092,0,0,0,0,0
2020-04-19,US,Kentucky,Pike,6,1,0,37.47088263,-82.39487445,21195.0,5,6,1,0,5,6,58402,0,0,0,0,0
2020-04-19,US,Kentucky,Powell,1,0,0,37.83218794,-83.82553961,21197.0,1,1,0,0,1,1,12442,0,0,0,0,0
2020-04-19,US,Kentucky,Pulaski,35,2,0,37.10466131,-84.57629079,21199.0,33,35,2,0,33,34,64623,0,0,0,0,1
2020-04-19,US,Kentucky,Rockcastle,11,0,0,37.36642393,-84.31176452,21203.0,11,11,0,0,11,11,16750,0,0,0,0,0
2020-04-19,US,Kentucky,Rowan,1,0,0,38.19484205,-83.42088935,21205.0,1,2,0,0,2,2,24583,-1,0,0,-1,0
2020-04-19,US,Kentucky,Russell,15,2,0,36.99308373,-85.06070117,21207.0,13,12,2,0,10,11,17821,3,0,0,3,1
2020-04-19,US,Kentucky,Scott,23,0,0,38.29622293,-84.5816631,21209.0,23,23,0,0,23,22,56031,0,0,0,0,1
2020-04-19,US,Kentucky,Shelby,23,2,0,38.21476019,-85.194223,21211.0,21,23,2,0,21,22,48518,0,0,0,0,1
2020-04-19,US,Kentucky,Simpson,21,2,0,36.74058474,-86.58047435,21213.0,19,21,2,0,19,20,18529,0,0,0,0,1
2020-04-19,US,Kentucky,Spencer,9,0,0,38.03223971,-85.32749335,21215.0,9,8,0,0,8,8,18794,1,0,0,1,0
2020-04-19,US,Kentucky,Taylor,5,0,0,37.3677562,-85.3329931,21217.0,5,5,0,0,5,4,25549,0,0,0,0,1
2020-04-19,US,Kentucky,Todd,9,0,0,36.8381152,-87.17878374,21219.0,9,11,0,0,11,9,12311,-2,0,0,-2,2
2020-04-19,US,Kentucky,Trigg,4,0,0,36.80767017,-87.87333656,21221.0,4,4,0,0,4,4,14643,0,0,0,0,0
2020-04-19,US,Kentucky,Trimble,2,0,0,38.61056487,-85.33775972,21223.0,2,2,0,0,2,2,8515,0,0,0,0,0
2020-04-19,US,Kentucky,Unassigned,79,6,0,0.0,0.0,90021.0,73,73,6,0,67,87,,6,0,0,6,-14
2020-04-19,US,Kentucky,Union,8,0,0,37.66166713,-87.94300009,21225.0,8,8,0,0,8,6,14505,0,0,0,0,2
2020-04-19,US,Kentucky,Warren,95,0,0,36.99903045,-86.42672751,21227.0,95,87,0,0,87,71,131264,8,0,0,8,16
2020-04-19,US,Kentucky,Washington,3,0,0,37.75599461,-85.17407732,21229.0,3,3,0,0,3,3,12084,0,0,0,0,0
2020-04-19,US,Kentucky,Wayne,6,0,0,36.80310688,-84.8251971,21231.0,6,6,0,0,6,6,20468,0,0,0,0,0
2020-04-19,US,Kentucky,Webster,13,0,0,37.52168356,-87.67989953,21233.0,13,13,0,0,13,12,13111,0,0,0,0,1
2020-04-19,US,Kentucky,Whitley,8,0,0,36.75700531,-84.14541217,21235.0,8,8,0,0,8,8,36242,0,0,0,0,0
2020-04-19,US,Kentucky,Woodford,18,0,0,38.04178222,-84.7417556,21239.0,18,19,0,0,19,18,26533,-1,0,0,-1,1
2020-04-19,US,Louisiana,Acadia,110,7,0,30.295064899999996,-92.41419698,22001.0,103,110,7,0,103,110,62190,0,0,0,0,0
2020-04-19,US,Louisiana,Allen,79,9,0,30.65385745,-92.82442028,22003.0,70,79,9,0,70,79,25605,0,0,0,0,0
2020-04-19,US,Louisiana,Ascension,508,30,0,30.20406249,-90.91328409999998,22005.0,478,496,30,0,466,468,124672,12,0,0,12,28
2020-04-19,US,Louisiana,Assumption,146,1,0,29.89946234,-91.06461642,22007.0,145,143,1,0,142,137,22300,3,0,0,3,6
2020-04-19,US,Louisiana,Avoyelles,69,3,0,31.07796211,-92.00079449,22009.0,66,68,3,0,65,68,40462,1,0,0,1,0
2020-04-19,US,Louisiana,Beauregard,35,2,0,30.64836518,-93.34173616,22011.0,33,35,2,0,33,35,37253,0,0,0,0,0
2020-04-19,US,Louisiana,Bienville,66,9,0,32.34569994,-93.05398492,22013.0,57,65,9,0,56,58,13308,1,0,0,1,7
2020-04-19,US,Louisiana,Bossier,233,11,0,32.67932307,-93.60460152,22015.0,222,230,11,0,219,230,127185,3,0,0,3,0
2020-04-19,US,Louisiana,Caddo,1261,70,0,32.57991587,-93.88375652,22017.0,1191,1244,68,0,1176,1220,242922,17,2,0,15,24
2020-04-19,US,Louisiana,Calcasieu,323,19,0,30.22931235,-93.35400434,22019.0,304,309,18,0,291,309,203112,14,1,0,13,0
2020-04-19,US,Louisiana,Caldwell,15,0,0,32.0902519,-92.11752148,22021.0,15,15,0,0,15,19,9960,0,0,0,0,-4
2020-04-19,US,Louisiana,Cameron,3,0,0,29.87592238,-93.19310676,22023.0,3,2,0,0,2,2,6968,1,0,0,1,0
2020-04-19,US,Louisiana,Catahoula,24,1,0,31.66778967,-91.84526385,22025.0,23,23,1,0,22,23,9608,1,0,0,1,0
2020-04-19,US,Louisiana,Claiborne,50,5,0,32.82308512,-92.99526883,22027.0,45,50,4,0,46,48,15944,0,1,0,-1,2
2020-04-19,US,Louisiana,Concordia,26,2,0,31.44817835,-91.63814433,22029.0,24,25,2,0,23,23,19572,1,0,0,1,2
2020-04-19,US,Louisiana,De Soto,156,8,0,32.05457447,-93.74130302,22031.0,148,152,8,0,144,145,27436,4,0,0,4,7
2020-04-19,US,Louisiana,East Baton Rouge,1512,72,0,30.53842039,-91.09777565,22033.0,1440,1476,72,0,1404,1424,440956,36,0,0,36,52
2020-04-19,US,Louisiana,East Carroll,1,0,0,32.73926954,-91.23425694,22035.0,1,1,0,0,1,1,7037,0,0,0,0,0
2020-04-19,US,Louisiana,East Feliciana,93,7,0,30.84425359,-91.04976723,22037.0,86,90,7,0,83,90,19305,3,0,0,3,0
2020-04-19,US,Louisiana,Evangeline,43,0,0,30.72985248,-92.39915924,22039.0,43,43,0,0,43,42,33443,0,0,0,0,1
2020-04-19,US,Louisiana,Franklin,81,2,0,32.13675181,-91.67589857,22041.0,79,78,2,0,76,67,20156,3,0,0,3,11
2020-04-19,US,Louisiana,Grant,12,0,0,31.59882456,-92.56124347,22043.0,12,12,0,0,12,12,22482,0,0,0,0,0
2020-04-19,US,Louisiana,Iberia,184,8,0,29.86803617,-91.75871777,22045.0,176,176,8,0,168,175,70941,8,0,0,8,1
2020-04-19,US,Louisiana,Iberville,274,21,0,30.25734305,-91.3499598,22047.0,253,270,21,0,249,267,32721,4,0,0,4,3
2020-04-19,US,Louisiana,Jackson,14,0,0,32.30251776,-92.55692092,22049.0,14,14,0,0,14,14,15902,0,0,0,0,0
2020-04-19,US,Louisiana,Jefferson,5592,282,0,29.74075478,-90.11115756,22051.0,5310,5543,275,0,5268,5476,434051,49,7,0,42,67
2020-04-19,US,Louisiana,Jefferson Davis,55,5,0,30.26896765,-92.81210004,22053.0,50,53,5,0,48,52,31582,2,0,0,2,1
2020-04-19,US,Louisiana,LaSalle,13,0,0,31.67884782,-92.15907765,22059.0,13,13,0,0,13,13,14917,0,0,0,0,0
2020-04-19,US,Louisiana,Lafayette,419,17,0,30.2049055,-92.06959876,22055.0,402,414,17,0,397,396,242782,5,0,0,5,18
2020-04-19,US,Louisiana,Lafourche,566,25,0,29.52470226,-90.40976986,22057.0,541,560,22,0,538,542,98115,6,3,0,3,18
2020-04-19,US,Louisiana,Lincoln,49,2,0,32.6003154,-92.66597409999999,22061.0,47,49,2,0,47,47,47196,0,0,0,0,2
2020-04-19,US,Louisiana,Livingston,148,8,0,30.44143993,-90.73061664,22063.0,140,144,8,0,136,142,139567,4,0,0,4,2
2020-04-19,US,Louisiana,Madison,4,0,0,32.36918118,-91.23973355,22065.0,4,4,0,0,4,4,11161,0,0,0,0,0
2020-04-19,US,Louisiana,Morehouse,37,3,0,32.81686191,-91.80421614,22067.0,34,35,2,0,33,34,25398,2,1,0,1,1
2020-04-19,US,Louisiana,Natchitoches,57,1,0,31.72321584,-93.09816516,22069.0,56,53,1,0,52,50,38659,4,0,0,4,3
2020-04-19,US,Louisiana,Orleans,6000,329,0,30.06971951,-89.92660315,22071.0,5671,5953,324,0,5629,5906,391006,47,5,0,42,47
2020-04-19,US,Louisiana,Ouachita,511,13,0,32.47645559,-92.15704172,22073.0,498,483,12,0,471,470,154475,28,1,0,27,13
2020-04-19,US,Louisiana,Plaquemines,157,11,0,29.42245447,-89.60322085,22075.0,146,156,11,0,145,152,23410,1,0,0,1,4
2020-04-19,US,Louisiana,Pointe Coupee,69,6,0,30.71409502,-91.60209535,22077.0,63,64,5,0,59,62,21940,5,1,0,4,2
2020-04-19,US,Louisiana,Rapides,210,7,0,31.19778499,-92.52997303,22079.0,203,201,7,0,194,196,130562,9,0,0,9,5
2020-04-19,US,Louisiana,Red River,20,3,0,32.09530039,-93.34213308,22081.0,17,19,3,0,16,18,8477,1,0,0,1,1
2020-04-19,US,Louisiana,Richland,33,0,0,32.41391005,-91.76634876,22083.0,33,27,0,0,27,27,20192,6,0,0,6,0
2020-04-19,US,Louisiana,Sabine,13,0,0,31.56388699,-93.55433981,22085.0,13,13,0,0,13,13,24032,0,0,0,0,0
2020-04-19,US,Louisiana,St. Bernard,411,12,0,29.87761636,-89.51887093,22087.0,399,409,11,0,398,404,46721,2,1,0,1,5
2020-04-19,US,Louisiana,St. Charles,488,28,0,29.90709658,-90.35555967,22089.0,460,487,27,0,460,471,52879,1,1,0,0,16
2020-04-19,US,Louisiana,St. Helena,19,1,0,30.82210324,-90.71013176,22091.0,18,19,1,0,18,18,10262,0,0,0,0,1
2020-04-19,US,Louisiana,St. James,218,15,0,30.02531716,-90.80212061,22093.0,203,217,14,0,203,216,21037,1,1,0,0,1
2020-04-19,US,Louisiana,St. John the Baptist,642,53,0,30.12597499,-90.4753503,22095.0,589,637,53,0,584,623,43184,5,0,0,5,14
2020-04-19,US,Louisiana,St. Landry,134,20,0,30.59724262,-92.00135806,22097.0,114,133,20,0,113,119,82764,1,0,0,1,14
2020-04-19,US,Louisiana,St. Martin,190,12,0,30.13112107,-91.61403569,22099.0,178,187,12,0,175,184,53621,3,0,0,3,3
2020-04-19,US,Louisiana,St. Mary,149,11,0,29.69262097,-91.44702164,22101.0,138,143,11,0,132,137,49774,6,0,0,6,6
2020-04-19,US,Louisiana,St. Tammany,1011,71,0,30.40942847,-89.95642711,22103.0,940,987,67,0,920,961,258111,24,4,0,20,26
2020-04-19,US,Louisiana,Tangipahoa,442,18,0,30.62888673,-90.40664996,22105.0,424,440,18,0,422,435,133777,2,0,0,2,5
2020-04-19,US,Louisiana,Tensas,1,0,0,32.00760749,-91.32915234,22107.0,1,1,0,0,1,1,4462,0,0,0,0,0
2020-04-19,US,Louisiana,Terrebonne,320,21,0,29.37343766,-90.82626855,22109.0,299,310,21,0,289,293,111021,10,0,0,10,17
2020-04-19,US,Louisiana,Unassigned,58,1,0,0.0,0.0,90022.0,57,57,1,0,56,56,,1,0,0,1,1
2020-04-19,US,Louisiana,Union,78,5,0,32.83121059,-92.3749373,22111.0,73,75,5,0,70,71,22330,3,0,0,3,4
2020-04-19,US,Louisiana,Vermilion,30,1,0,29.83517605,-92.30292538,22113.0,29,30,1,0,29,28,59830,0,0,0,0,2
2020-04-19,US,Louisiana,Vernon,14,1,0,31.10884837,-93.18153838,22115.0,13,14,1,0,13,14,48860,0,0,0,0,0
2020-04-19,US,Louisiana,Washington,191,11,0,30.85288548,-90.03866652,22117.0,180,188,11,0,177,184,46582,3,0,0,3,4
2020-04-19,US,Louisiana,Webster,76,4,0,32.70847669,-93.33121835,22119.0,72,76,4,0,72,74,38798,0,0,0,0,2
2020-04-19,US,Louisiana,West Baton Rouge,88,10,0,30.46058217,-91.30989571,22121.0,78,86,10,0,76,83,26427,2,0,0,2,3
2020-04-19,US,Louisiana,West Carroll,4,0,0,32.78550125,-91.461201,22123.0,4,4,0,0,4,4,10982,0,0,0,0,0
2020-04-19,US,Louisiana,West Feliciana,74,0,0,30.87882871,-91.41485379999999,22125.0,74,74,0,0,74,60,15460,0,0,0,0,14
2020-04-19,US,Louisiana,Winn,19,2,0,31.94449367,-92.63789413,22127.0,17,16,2,0,14,16,14134,3,0,0,3,0
2020-04-19,US,Maine,Androscoggin,35,1,0,44.1664747,-70.20380627,23001.0,34,35,1,0,34,32,107679,0,0,0,0,3
2020-04-19,US,Maine,Aroostook,2,0,0,46.65926321,-68.59841248,23003.0,2,2,0,0,2,2,67111,0,0,0,0,0
2020-04-19,US,Maine,Cumberland,378,16,0,43.8370751,-70.37226999,23005.0,362,369,14,0,355,360,293557,9,2,0,7,9
2020-04-19,US,Maine,Franklin,12,0,0,44.97330019,-70.44381045,23007.0,12,11,0,0,11,10,29897,1,0,0,1,1
2020-04-19,US,Maine,Hancock,6,0,0,44.59816444,-68.38401854,23009.0,6,6,0,0,6,6,54811,0,0,0,0,0
2020-04-19,US,Maine,Kennebec,97,4,0,44.40759555,-69.76738544,23011.0,93,96,4,0,92,95,122083,1,0,0,1,1
2020-04-19,US,Maine,Knox,12,0,0,44.11486325,-69.10529169,23013.0,12,12,0,0,12,12,39771,0,0,0,0,0
2020-04-19,US,Maine,Lincoln,12,0,0,44.05996956,-69.54227124,23015.0,12,12,0,0,12,12,34342,0,0,0,0,0
2020-04-19,US,Maine,Oxford,14,0,0,44.49952995,-70.75682123,23017.0,14,13,0,0,13,13,57618,1,0,0,1,0
2020-04-19,US,Maine,Penobscot,43,0,0,45.40194593,-68.65020455,23019.0,43,41,0,0,41,40,151096,2,0,0,2,1
2020-04-19,US,Maine,Piscataquis,1,0,0,45.83839062,-69.2860223,23021.0,1,,,,,,16800,,,,,
2020-04-19,US,Maine,Sagadahoc,16,0,0,43.95415864,-69.85074999,23023.0,16,15,0,0,15,15,35634,1,0,0,1,0
2020-04-19,US,Maine,Somerset,16,0,0,45.51229767,-69.95995554,23025.0,16,15,0,0,15,15,50592,1,0,0,1,0
2020-04-19,US,Maine,Unassigned,2,0,0,0.0,0.0,90023.0,2,1,0,0,1,1,,1,0,0,1,0
2020-04-19,US,Maine,Waldo,42,7,0,44.4858305,-69.12061935,23027.0,35,42,7,0,35,42,39694,0,0,0,0,0
2020-04-19,US,Maine,Washington,2,0,0,45.01607142,-67.62813524,23029.0,2,2,0,0,2,2,31490,0,0,0,0,0
2020-04-19,US,Maine,York,177,6,0,43.47808377,-70.71052375,23031.0,171,175,6,0,169,170,206229,2,0,0,2,5
2020-04-19,US,Maryland,Allegany,33,1,0,39.62357628,-78.69280486,24001.0,32,33,1,0,32,26,70975,0,0,0,0,7
2020-04-19,US,Maryland,Anne Arundel,1047,46,0,39.00670238,-76.60329337,24003.0,1001,1005,41,0,964,966,576031,42,5,0,37,39
2020-04-19,US,Maryland,Baltimore,1733,50,0,39.45784712,-76.62911955,24005.0,1683,1664,45,0,1619,1569,828431,69,5,0,64,95
2020-04-19,US,Maryland,Baltimore City,1392,51,0,39.30211911,-76.61151012,24510.0,1341,1378,43,0,1335,1273,621342,14,8,0,6,105
2020-04-19,US,Maryland,Calvert,113,3,0,38.53961642,-76.56820632,24009.0,110,109,2,0,107,109,92003,4,1,0,3,0
2020-04-19,US,Maryland,Caroline,33,0,0,38.87172293,-75.82904158,24011.0,33,33,0,0,33,28,33304,0,0,0,0,5
2020-04-19,US,Maryland,Carroll,313,28,0,39.56453592,-77.02373735,24013.0,285,308,28,0,280,288,168429,5,0,0,5,20
2020-04-19,US,Maryland,Cecil,131,3,0,39.56647682,-75.94627411,24015.0,128,131,3,0,128,127,102826,0,0,0,0,4
2020-04-19,US,Maryland,Charles,370,17,0,38.51092331,-76.98580666,24017.0,353,347,16,0,331,337,161503,23,1,0,22,10
2020-04-19,US,Maryland,Dorchester,21,1,0,38.45413522,-76.02752426,24019.0,20,20,1,0,19,20,31998,1,0,0,1,0
2020-04-19,US,Maryland,Frederick,591,30,0,39.47296601,-77.39999394,24021.0,561,557,31,0,526,525,255648,34,-1,0,35,32
2020-04-19,US,Maryland,Garrett,4,0,0,39.52786077,-79.27355126,24023.0,4,4,0,0,4,4,29163,0,0,0,0,0
2020-04-19,US,Maryland,Harford,210,6,0,39.55010644,-76.30775940000001,24025.0,204,195,5,0,190,176,253956,15,1,0,14,19
2020-04-19,US,Maryland,Howard,515,12,0,39.25305293,-76.93126208,24027.0,503,508,12,0,496,475,323196,7,0,0,7,33
2020-04-19,US,Maryland,Kent,18,1,0,39.24976208,-76.04741541,24029.0,17,16,1,0,15,14,19383,2,0,0,2,2
2020-04-19,US,Maryland,Montgomery,2507,96,0,39.13676329,-77.20358245,24031.0,2411,2404,86,0,2318,2280,1052567,103,10,0,93,124
2020-04-19,US,Maryland,Prince George's,3345,105,0,38.83070039,-76.8496441,24033.0,3240,3160,95,0,3065,2966,909308,185,10,0,175,194
2020-04-19,US,Maryland,Queen Anne's,25,2,0,39.06198912,-76.03530977,24035.0,23,24,2,0,22,19,50251,1,0,0,1,5
2020-04-19,US,Maryland,Somerset,10,0,0,38.1163542,-75.75118623,24039.0,10,10,0,0,10,9,25675,0,0,0,0,1
2020-04-19,US,Maryland,St. Mary's,122,2,0,38.30058422,-76.60629279999999,24037.0,120,119,4,0,115,100,112664,3,-2,0,5,19
2020-04-19,US,Maryland,Talbot,19,1,0,38.76618159,-76.10882561,24041.0,18,16,1,0,15,14,36968,3,0,0,3,2
2020-04-19,US,Maryland,Washington,117,3,0,39.60835778,-77.82002295,24043.0,114,116,3,0,113,116,150926,1,0,0,1,0
2020-04-19,US,Maryland,Wicomico,145,3,0,38.37301947,-75.62705831,24045.0,142,138,1,0,137,103,103195,7,2,0,5,35
2020-04-19,US,Maryland,Worcester,33,0,0,38.21274277,-75.33200012,24047.0,33,31,0,0,31,28,51823,2,0,0,2,3
2020-04-19,US,Massachusetts,Barnstable,632,21,0,41.72980578,-70.28854339,25001.0,611,590,20,0,570,573,213413,42,1,0,41,17
2020-04-19,US,Massachusetts,Berkshire,387,27,0,42.37428441,-73.20524838,25003.0,360,385,24,0,361,383,126348,2,3,0,-1,2
2020-04-19,US,Massachusetts,Bristol,1731,87,0,41.79228404,-71.10872211,25005.0,1644,1698,75,0,1623,1659,564022,33,12,0,21,39
2020-04-19,US,Massachusetts,Dukes and Nantucket,23,1,0,41.40674725,-70.68763497,0.0,22,23,1,0,22,21,26707,0,0,0,0,2
2020-04-19,US,Massachusetts,Essex,5153,209,0,42.6687626,-70.94687179,25009.0,4944,4914,178,0,4736,4584,790638,239,31,0,208,330
2020-04-19,US,Massachusetts,Franklin,181,26,0,42.58119713,-72.58602547,25011.0,155,177,25,0,152,173,70963,4,1,0,3,4
2020-04-19,US,Massachusetts,Hampden,2337,211,0,42.13440424,-72.63235561,25013.0,2126,2254,181,0,2073,2134,470406,83,30,0,53,120
2020-04-19,US,Massachusetts,Hampshire,317,7,0,42.33997957,-72.65898478,25015.0,310,306,7,0,299,258,161355,11,0,0,11,48
2020-04-19,US,Massachusetts,Middlesex,8737,372,0,42.48607732,-71.39049229,25017.0,8365,8297,294,0,8003,7744,1614714,440,78,0,362,553
2020-04-19,US,Massachusetts,Norfolk,3789,244,0,42.16073095,-71.20530408,25021.0,3545,3659,195,0,3464,3499,705388,130,49,0,81,160
2020-04-19,US,Massachusetts,Plymouth,2832,131,0,41.94070556,-70.80802823,25023.0,2701,2688,105,0,2583,2577,518132,144,26,0,118,111
2020-04-19,US,Massachusetts,Suffolk,8074,236,0,42.327951399999996,-71.07850442,25025.0,7838,7696,188,0,7508,7272,807252,378,48,0,330,424
2020-04-19,US,Massachusetts,Unassigned,815,20,0,0.0,0.0,90025.0,795,733,19,0,714,760,,82,1,0,81,-27
2020-04-19,US,Massachusetts,Worcester,3069,114,0,42.35026951,-71.90493363,25027.0,2955,2952,92,0,2860,2765,830839,117,22,0,95,187
2020-04-19,US,Michigan,Alcona,1,0,0,44.6846864,-83.59507875,26001.0,1,1,0,0,1,1,10362,0,0,0,0,0
2020-04-19,US,Michigan,Allegan,41,0,0,42.59147037,-85.89102866,26005.0,41,33,0,0,33,29,117327,8,0,0,8,4
2020-04-19,US,Michigan,Alpena,14,1,0,45.03477666,-83.62212411,26007.0,13,2,1,0,1,2,28360,12,0,0,12,0
2020-04-19,US,Michigan,Antrim,9,0,0,44.99690221,-85.15503082,26009.0,9,8,0,0,8,8,23365,1,0,0,1,0
2020-04-19,US,Michigan,Arenac,11,0,0,44.0636262,-83.89277559,26011.0,11,9,0,0,9,7,15041,2,0,0,2,2
2020-04-19,US,Michigan,Barry,25,1,0,42.59513984,-85.30834519,26015.0,24,21,1,0,20,21,61157,4,0,0,4,0
2020-04-19,US,Michigan,Bay,82,2,0,43.70639106,-83.98731479,26017.0,80,79,2,0,77,69,103923,3,0,0,3,10
2020-04-19,US,Michigan,Benzie,3,0,0,44.63899297,-86.01608482,26019.0,3,2,0,0,2,,17753,1,0,0,1,
2020-04-19,US,Michigan,Berrien,158,8,0,41.95447397,-86.41313079999999,26021.0,150,153,8,0,145,144,154141,5,0,0,5,9
2020-04-19,US,Michigan,Branch,38,2,0,41.91600556,-85.05929476,26023.0,36,35,2,0,33,35,43622,3,0,0,3,0
2020-04-19,US,Michigan,Calhoun,141,5,0,42.24633834,-85.00493569,26025.0,136,136,5,0,131,130,134487,5,0,0,5,6
2020-04-19,US,Michigan,Cass,22,1,0,41.91522292,-85.99405727,26027.0,21,22,1,0,21,22,51653,0,0,0,0,0
2020-04-19,US,Michigan,Charlevoix,12,1,0,45.37790017,-85.19614053,26029.0,11,12,1,0,11,11,26244,0,0,0,0,1
2020-04-19,US,Michigan,Cheboygan,14,1,0,45.44787015,-84.50122149,26031.0,13,14,1,0,13,12,25413,0,0,0,0,2
2020-04-19,US,Michigan,Chippewa,1,0,0,46.29552653,-84.54353449,26033.0,1,1,0,0,1,,37517,0,0,0,0,
2020-04-19,US,Michigan,Clare,8,1,0,43.98794227,-84.84819859999999,26035.0,7,8,1,0,7,7,30757,0,0,0,0,1
2020-04-19,US,Michigan,Clinton,103,6,0,42.94400871,-84.60145248,26037.0,97,103,6,0,97,103,79332,0,0,0,0,0
2020-04-19,US,Michigan,Crawford,29,2,0,44.68255561,-84.61006219,26039.0,27,26,2,0,24,22,13901,3,0,0,3,4
2020-04-19,US,Michigan,Delta,12,1,0,45.90484910000001,-86.9080745,26041.0,11,12,1,0,11,10,35857,0,0,0,0,2
2020-04-19,US,Michigan,Dickinson,3,2,0,46.00999672,-87.86961634,26043.0,1,3,2,0,1,3,25383,0,0,0,0,0
2020-04-19,US,Michigan,Eaton,88,5,0,42.59599185,-84.83740035,26045.0,83,88,5,0,83,87,109826,0,0,0,0,1
2020-04-19,US,Michigan,Emmet,21,2,0,45.52625509,-84.89083249,26047.0,19,21,2,0,19,21,33308,0,0,0,0,0
2020-04-19,US,Michigan,Federal Correctional Institution (FCI),51,0,0,0.0,0.0,0.0,51,45,0,0,45,44,,6,0,0,6,1
2020-04-19,US,Michigan,Genesee,1240,115,0,43.02244215,-83.70589709,26049.0,1125,1228,112,0,1116,1197,406892,12,3,0,9,31
2020-04-19,US,Michigan,Gladwin,9,0,0,43.98901072,-84.38774817,26051.0,9,9,0,0,9,8,25337,0,0,0,0,1
2020-04-19,US,Michigan,Gogebic,4,1,0,46.40862701,-89.69377193,26053.0,3,4,1,0,3,4,15096,0,0,0,0,0
2020-04-19,US,Michigan,Grand Traverse,18,4,0,44.69565625,-85.55585247,26055.0,14,18,4,0,14,17,92573,0,0,0,0,1
2020-04-19,US,Michigan,Gratiot,8,1,0,43.29265605,-84.60505416,26057.0,7,7,0,0,7,7,40599,1,1,0,0,0
2020-04-19,US,Michigan,Hillsdale,90,11,0,41.88753639,-84.59312019,26059.0,79,89,11,0,78,85,45749,1,0,0,1,4
2020-04-19,US,Michigan,Houghton,2,0,0,46.89988536,-88.68495385,26061.0,2,2,0,0,2,2,36219,0,0,0,0,0
2020-04-19,US,Michigan,Huron,10,0,0,43.83353985,-83.04078453,26063.0,10,10,0,0,10,8,31166,0,0,0,0,2
2020-04-19,US,Michigan,Ingham,308,6,0,42.59716886,-84.37472069,26065.0,302,304,6,0,298,298,292735,4,0,0,4,6
2020-04-19,US,Michigan,Ionia,24,2,0,42.94502238,-85.07413319,26067.0,22,22,2,0,20,20,64210,2,0,0,2,2
2020-04-19,US,Michigan,Iosco,11,1,0,44.35486835,-83.63484895,26069.0,10,11,1,0,10,8,25081,0,0,0,0,3
2020-04-19,US,Michigan,Isabella,52,7,0,43.64060976,-84.84664923,26073.0,45,51,7,0,44,46,70562,1,0,0,1,5
2020-04-19,US,Michigan,Jackson,248,10,0,42.24807035,-84.42258681,26075.0,238,232,9,0,223,227,158823,16,1,0,15,5
2020-04-19,US,Michigan,Kalamazoo,166,9,0,42.24542231,-85.53038622,26077.0,157,154,9,0,145,130,264870,12,0,0,12,24
2020-04-19,US,Michigan,Kalkaska,17,2,0,44.68512729,-85.09085699,26079.0,15,17,2,0,15,17,17824,0,0,0,0,0
2020-04-19,US,Michigan,Kent,503,25,0,43.03197711,-85.54934642,26081.0,478,460,23,0,437,430,653786,43,2,0,41,30
2020-04-19,US,Michigan,Lake,2,0,0,43.99050893,-85.802173,26085.0,2,2,0,0,2,2,11881,0,0,0,0,0
2020-04-19,US,Michigan,Lapeer,143,18,0,43.09052506,-83.22153148,26087.0,125,141,18,0,123,140,88028,2,0,0,2,1
2020-04-19,US,Michigan,Leelanau,8,0,0,44.94430054,-85.80150326,26089.0,8,7,0,0,7,7,21764,1,0,0,1,0
2020-04-19,US,Michigan,Lenawee,64,0,0,41.89475156,-84.06603727,26091.0,64,62,0,0,62,59,98266,2,0,0,2,3
2020-04-19,US,Michigan,Livingston,279,11,0,42.60302282,-83.91297209,26093.0,268,276,10,0,266,269,191224,3,1,0,2,7
2020-04-19,US,Michigan,Luce,1,0,0,46.47227431,-85.54471223,26095.0,1,1,0,0,1,1,6283,0,0,0,0,0
2020-04-19,US,Michigan,Mackinac,4,0,0,46.07028979,-85.04980537,26097.0,4,4,0,0,4,5,10787,0,0,0,0,-1
2020-04-19,US,Michigan,Macomb,4360,391,0,42.69158356,-82.92752801,26099.0,3969,4251,384,0,3867,4145,874759,109,7,0,102,106
2020-04-19,US,Michigan,Manistee,11,0,0,44.33352407,-86.05626916,26101.0,11,11,0,0,11,11,24528,0,0,0,0,0
2020-04-19,US,Michigan,Marquette,32,6,0,46.4338914,-87.64043701,26103.0,26,29,6,0,23,29,66516,3,0,0,3,0
2020-04-19,US,Michigan,Mason,4,0,0,43.99509218,-86.24988902,26105.0,4,4,0,0,4,4,29100,0,0,0,0,0
2020-04-19,US,Michigan,Mecosta,12,1,0,43.64064262,-85.32463223,26107.0,11,12,1,0,11,12,43545,0,0,0,0,0
2020-04-19,US,Michigan,Menominee,1,0,0,45.58038692,-87.55370409,26109.0,1,1,0,0,1,1,22983,0,0,0,0,0
2020-04-19,US,Michigan,Michigan Department of Corrections (MDOC),556,17,0,0.0,0.0,0.0,539,550,17,0,533,514,,6,0,0,6,36
2020-04-19,US,Michigan,Midland,45,2,0,43.64330771,-84.38804374,26111.0,43,43,2,0,41,42,83209,2,0,0,2,1
2020-04-19,US,Michigan,Missaukee,4,1,0,44.33772443,-85.09256478,26113.0,3,3,1,0,2,3,15113,1,0,0,1,0
2020-04-19,US,Michigan,Monroe,233,10,0,41.92734151,-83.53749864,26115.0,223,224,10,0,214,223,150439,9,0,0,9,1
2020-04-19,US,Michigan,Montcalm,24,1,0,43.31082541,-85.15252824,26117.0,23,24,1,0,23,24,63968,0,0,0,0,0
2020-04-19,US,Michigan,Montmorency,4,0,0,45.0275929,-84.12696227,26119.0,4,4,0,0,4,3,9265,0,0,0,0,1
2020-04-19,US,Michigan,Muskegon,143,6,0,43.29123859,-86.15176712,26121.0,137,136,5,0,131,128,173588,7,1,0,6,8
2020-04-19,US,Michigan,Newaygo,7,0,0,43.554373999999996,-85.80070107,26123.0,7,7,0,0,7,7,48892,0,0,0,0,0
2020-04-19,US,Michigan,Oakland,6109,471,0,42.66090111,-83.38595416,26125.0,5638,6021,458,0,5563,5901,1259201,88,13,0,75,120
2020-04-19,US,Michigan,Oceana,3,1,0,43.64124435,-86.26726673,26127.0,2,3,1,0,2,4,26625,0,0,0,0,-1
2020-04-19,US,Michigan,Ogemaw,6,0,0,44.33481032,-84.12725175,26129.0,6,5,0,0,5,5,20952,1,0,0,1,0
2020-04-19,US,Michigan,Osceola,6,0,0,43.98992088,-85.32566756,26133.0,6,6,0,0,6,6,23341,0,0,0,0,0
2020-04-19,US,Michigan,Oscoda,5,0,0,44.68192279,-84.12939244,26135.0,5,4,0,0,4,4,8276,1,0,0,1,0
2020-04-19,US,Michigan,Otsego,72,5,0,45.02085831,-84.59898295,26137.0,67,54,5,0,49,45,24665,18,0,0,18,9
2020-04-19,US,Michigan,Ottawa,107,5,0,42.95996803,-85.9969107,26139.0,102,98,5,0,93,88,290494,9,0,0,9,10
2020-04-19,US,Michigan,Out of MI,76,2,0,0.0,0.0,80026.0,74,74,2,0,72,71,,2,0,0,2,3
2020-04-19,US,Michigan,Presque Isle,2,0,0,45.34018577,-83.91498656,26141.0,2,2,0,0,2,2,12738,0,0,0,0,0
2020-04-19,US,Michigan,Roscommon,10,0,0,44.33473082,-84.61067651,26143.0,10,9,0,0,9,9,23884,1,0,0,1,0
2020-04-19,US,Michigan,Saginaw,404,24,0,43.33433923,-84.05131209999999,26145.0,380,394,24,0,370,369,190800,10,0,0,10,25
2020-04-19,US,Michigan,Sanilac,33,3,0,43.42406072,-82.82055898,26151.0,30,32,3,0,29,27,41182,1,0,0,1,5
2020-04-19,US,Michigan,Schoolcraft,3,0,0,46.19235734,-86.19972234,26153.0,3,3,0,0,3,3,8068,0,0,0,0,0
2020-04-19,US,Michigan,Shiawassee,94,2,0,42.953928000000005,-84.14585902,26155.0,92,91,2,0,89,86,68192,3,0,0,3,5
2020-04-19,US,Michigan,St. Clair,244,11,0,42.92655373,-82.67937954,26147.0,233,241,8,0,233,236,159337,3,3,0,0,5
2020-04-19,US,Michigan,St. Joseph,25,1,0,41.91441767,-85.52797979,26149.0,24,24,1,0,23,23,61043,1,0,0,1,1
2020-04-19,US,Michigan,Tuscola,61,11,0,43.46606813,-83.41897025,26157.0,50,59,11,0,48,54,52516,2,0,0,2,5
2020-04-19,US,Michigan,Unassigned,29,4,0,0.0,0.0,90026.0,25,48,3,0,45,46,,-19,1,0,-20,2
2020-04-19,US,Michigan,Van Buren,32,2,0,42.25190229,-86.01939087,26159.0,30,31,2,0,29,28,75448,1,0,0,1,3
2020-04-19,US,Michigan,Washtenaw,870,30,0,42.253105,-83.83853204,26161.0,840,870,29,0,841,855,370963,0,1,0,-1,15
2020-04-19,US,Michigan,Wayne,13692,1119,0,42.28098405,-83.281255,26163.0,12573,13471,1070,0,12401,13233,1753893,221,49,0,172,238
2020-04-19,US,Michigan,Wexford,7,1,0,44.33853602,-85.57712739,26165.0,6,7,1,0,6,7,33466,0,0,0,0,0
2020-04-19,US,Minnesota,Aitkin,1,0,0,46.60962049,-93.41168259999999,27001.0,1,1,0,0,1,1,15902,0,0,0,0,0
2020-04-19,US,Minnesota,Anoka,93,2,0,45.27476015,-93.24604565,27003.0,91,85,2,0,83,83,353813,8,0,0,8,2
2020-04-19,US,Minnesota,Becker,1,0,0,46.93479392,-95.67158144,27005.0,1,1,0,0,1,1,34371,0,0,0,0,0
2020-04-19,US,Minnesota,Beltrami,5,0,0,47.97373527,-94.93732139,27007.0,5,5,0,0,5,5,46847,0,0,0,0,0
2020-04-19,US,Minnesota,Benton,4,0,0,45.69804958,-93.99514135,27009.0,4,4,0,0,4,4,40545,0,0,0,0,0
2020-04-19,US,Minnesota,Big Stone,1,0,0,45.42712824,-96.41403739,27011.0,1,1,0,0,1,1,4989,0,0,0,0,0
2020-04-19,US,Minnesota,Blue Earth,23,0,0,44.03554215,-94.06699781,27013.0,23,23,0,0,23,23,67427,0,0,0,0,0
2020-04-19,US,Minnesota,Brown,7,1,0,44.24205652,-94.72562874,27015.0,6,7,1,0,6,7,25111,0,0,0,0,0
2020-04-19,US,Minnesota,Carlton,36,0,0,46.59180601,-92.67601019,27017.0,36,34,0,0,34,32,35837,2,0,0,2,2
2020-04-19,US,Minnesota,Carver,14,0,0,44.82017001,-93.80099179999999,27019.0,14,14,0,0,14,14,103551,0,0,0,0,0
2020-04-19,US,Minnesota,Cass,4,0,0,46.95043611,-94.32603968,27021.0,4,4,0,0,4,4,29519,0,0,0,0,0
2020-04-19,US,Minnesota,Chisago,7,1,0,45.5021011,-92.90861945,27025.0,6,7,1,0,6,7,55922,0,0,0,0,0
2020-04-19,US,Minnesota,Clay,55,2,0,46.89289518,-96.48761922,27027.0,53,48,2,0,46,44,63955,7,0,0,7,4
2020-04-19,US,Minnesota,Clearwater,3,0,0,47.57992111,-95.37790562,27029.0,3,3,0,0,3,3,8810,0,0,0,0,0
2020-04-19,US,Minnesota,Cottonwood,6,0,0,44.00715262,-95.18138802,27033.0,6,6,0,0,6,6,11277,0,0,0,0,0
2020-04-19,US,Minnesota,Crow Wing,19,0,0,46.48096553,-94.06755609,27035.0,19,17,0,0,17,17,64889,2,0,0,2,0
2020-04-19,US,Minnesota,Dakota,116,6,0,44.67172617,-93.06299363,27037.0,110,113,5,0,108,110,425423,3,1,0,2,3
2020-04-19,US,Minnesota,Dodge,18,0,0,44.02238415,-92.86244324,27039.0,18,17,0,0,17,17,20822,1,0,0,1,0
2020-04-19,US,Minnesota,Douglas,2,0,0,45.93348491,-95.45335469,27041.0,2,1,0,0,1,1,37964,1,0,0,1,0
2020-04-19,US,Minnesota,Faribault,4,0,0,43.67381499,-93.94787458,27043.0,4,4,0,0,4,4,13758,0,0,0,0,0
2020-04-19,US,Minnesota,Fillmore,10,0,0,43.67394126,-92.08980382,27045.0,10,11,0,0,11,10,21058,-1,0,0,-1,1
2020-04-19,US,Minnesota,Freeborn,34,0,0,43.67385583,-93.34884422,27047.0,34,31,0,0,31,28,30444,3,0,0,3,3
2020-04-19,US,Minnesota,Goodhue,19,0,0,44.40849741,-92.72341949999999,27049.0,19,19,0,0,19,18,46403,0,0,0,0,1
2020-04-19,US,Minnesota,Hennepin,924,75,0,45.00761521,-93.47694895,27053.0,849,875,69,0,806,806,1259428,49,6,0,43,69
2020-04-19,US,Minnesota,Houston,1,0,0,43.67129565,-91.49143057,27055.0,1,1,0,0,1,1,18578,0,0,0,0,0
2020-04-19,US,Minnesota,Isanti,5,0,0,45.56181234,-93.29487636,27059.0,5,5,0,0,5,4,39966,0,0,0,0,1
2020-04-19,US,Minnesota,Itasca,2,0,0,47.51009045,-93.63092229,27061.0,2,2,0,0,2,2,45108,0,0,0,0,0
2020-04-19,US,Minnesota,Jackson,2,0,0,43.67423373,-95.15398258,27063.0,2,2,0,0,2,1,9911,0,0,0,0,1
2020-04-19,US,Minnesota,Kandiyohi,2,0,0,45.1526059,-95.00586446,27067.0,2,2,0,0,2,2,42855,0,0,0,0,0
2020-04-19,US,Minnesota,Kittson,1,0,0,48.77754106,-96.78317184,27069.0,1,1,0,0,1,,4248,0,0,0,0,
2020-04-19,US,Minnesota,Koochiching,1,0,0,48.24539665,-93.78352843,27071.0,1,1,0,0,1,1,12440,0,0,0,0,0
2020-04-19,US,Minnesota,Lac qui Parle,1,0,0,44.9973857,-96.17488219,27073.0,1,1,0,0,1,1,6658,0,0,0,0,0
2020-04-19,US,Minnesota,Le Sueur,22,0,0,44.37136597,-93.72844721,27079.0,22,22,0,0,22,22,28494,0,0,0,0,0
2020-04-19,US,Minnesota,Lincoln,2,0,0,44.41311883,-96.26688165,27081.0,2,2,0,0,2,2,5673,0,0,0,0,0
2020-04-19,US,Minnesota,Lyon,5,0,0,44.41327865,-95.83806103,27083.0,5,5,0,0,5,6,25629,0,0,0,0,-1
2020-04-19,US,Minnesota,Mahnomen,1,0,0,47.32557075,-95.80921485,27087.0,1,1,0,0,1,1,5519,0,0,0,0,0
2020-04-19,US,Minnesota,Marshall,1,0,0,48.35825983,-96.37017407,27089.0,1,,,,,,9390,,,,,
2020-04-19,US,Minnesota,Martin,39,4,0,43.67429718,-94.55099908,27091.0,35,39,4,0,35,39,19785,0,0,0,0,0
2020-04-19,US,Minnesota,McLeod,3,0,0,44.82367677,-94.27287017,27085.0,3,3,0,0,3,2,35873,0,0,0,0,1
2020-04-19,US,Minnesota,Meeker,3,0,0,45.12328869,-94.52839455,27093.0,3,3,0,0,3,3,23141,0,0,0,0,0
2020-04-19,US,Minnesota,Mille Lacs,1,1,0,45.93705297,-93.63236823,27095.0,0,1,0,0,1,1,26139,0,1,0,-1,0
2020-04-19,US,Minnesota,Morrison,1,0,0,46.01265363,-94.27341528,27097.0,1,,,,,,33169,,,,,
2020-04-19,US,Minnesota,Mower,27,0,0,43.67142874,-92.75234549,27099.0,27,26,0,0,26,25,40011,1,0,0,1,1
2020-04-19,US,Minnesota,Murray,3,0,0,44.02216709,-95.76328482,27101.0,3,3,0,0,3,2,8276,0,0,0,0,1
2020-04-19,US,Minnesota,Nicollet,7,2,0,44.35291112,-94.24710352,27103.0,5,7,2,0,5,7,34220,0,0,0,0,0
2020-04-19,US,Minnesota,Nobles,60,0,0,43.67434621,-95.75329576,27105.0,60,36,0,0,36,12,21924,24,0,0,24,24
2020-04-19,US,Minnesota,Norman,4,0,0,47.32628443,-96.45620947,27107.0,4,2,0,0,2,2,6475,2,0,0,2,0
2020-04-19,US,Minnesota,Olmsted,194,3,0,44.00374114,-92.40209944,27109.0,191,177,2,0,175,174,156277,17,1,0,16,3
2020-04-19,US,Minnesota,Otter Tail,6,0,0,46.40846929,-95.70835255,27111.0,6,5,0,0,5,4,58812,1,0,0,1,1
2020-04-19,US,Minnesota,Pine,10,0,0,46.12105238,-92.74070188,27115.0,10,10,0,0,10,9,29483,0,0,0,0,1
2020-04-19,US,Minnesota,Pipestone,2,0,0,44.02301619,-96.25841142,27117.0,2,2,0,0,2,1,9047,0,0,0,0,1
2020-04-19,US,Minnesota,Polk,3,0,0,47.77372465,-96.40134647,27119.0,3,2,0,0,2,2,31529,1,0,0,1,0
2020-04-19,US,Minnesota,Ramsey,196,9,0,45.01625271,-93.09872295,27123.0,187,192,9,0,183,178,550210,4,0,0,4,14
2020-04-19,US,Minnesota,Red Lake,1,0,0,47.87197525,-96.09561104,27125.0,1,1,0,0,1,1,3999,0,0,0,0,0
2020-04-19,US,Minnesota,Redwood,1,0,0,44.40555844,-95.25207021,27127.0,1,1,0,0,1,1,15249,0,0,0,0,0
2020-04-19,US,Minnesota,Renville,3,0,0,44.72836381,-94.94553734,27129.0,3,3,0,0,3,3,14612,0,0,0,0,0
2020-04-19,US,Minnesota,Rice,8,1,0,44.3543376,-93.29658715,27131.0,7,6,1,0,5,6,66523,2,0,0,2,0
2020-04-19,US,Minnesota,Rock,3,0,0,43.67482683,-96.25296832,27133.0,3,3,0,0,3,3,9414,0,0,0,0,0
2020-04-19,US,Minnesota,Roseau,1,0,0,48.77501878,-95.81079919,27135.0,1,1,0,0,1,1,15150,0,0,0,0,0
2020-04-19,US,Minnesota,Scott,25,1,0,44.6490231,-93.53340251,27139.0,24,23,1,0,22,23,147381,2,0,0,2,0
2020-04-19,US,Minnesota,Sherburne,13,0,0,45.44447208,-93.77617511,27141.0,13,12,0,0,12,12,96036,1,0,0,1,0
2020-04-19,US,Minnesota,Sibley,1,0,0,44.5796592,-94.23164924,27143.0,1,1,0,0,1,1,15028,0,0,0,0,0
2020-04-19,US,Minnesota,St. Louis,48,9,0,47.604840700000004,-92.46879855,27137.0,39,46,8,0,38,45,199754,2,1,0,1,1
2020-04-19,US,Minnesota,Stearns,16,0,0,45.55192576,-94.61078221,27145.0,16,16,0,0,16,14,159256,0,0,0,0,2
2020-04-19,US,Minnesota,Steele,9,0,0,44.02240351,-93.22627088,27147.0,9,9,0,0,9,9,36803,0,0,0,0,0
2020-04-19,US,Minnesota,Swift,1,0,0,45.2829032,-95.68264092,27151.0,1,1,0,0,1,1,9345,0,0,0,0,0
2020-04-19,US,Minnesota,Todd,2,0,0,46.06996226,-94.89785296,27153.0,2,2,0,0,2,2,24582,0,0,0,0,0
2020-04-19,US,Minnesota,Traverse,2,0,0,45.77298854,-96.47062949,27155.0,2,2,0,0,2,2,3308,0,0,0,0,0
2020-04-19,US,Minnesota,Unassigned,4,0,0,0.0,0.0,90027.0,4,,,,,,,,,,,
2020-04-19,US,Minnesota,Wabasha,8,0,0,44.28424356,-92.23121312,27157.0,8,8,0,0,8,8,21645,0,0,0,0,0
2020-04-19,US,Minnesota,Waseca,3,0,0,44.02211116,-93.58720034,27161.0,3,3,0,0,3,3,18691,0,0,0,0,0
2020-04-19,US,Minnesota,Washington,94,4,0,45.03864533,-92.88429635,27163.0,90,92,3,0,89,92,259201,2,1,0,1,0
2020-04-19,US,Minnesota,Watonwan,4,0,0,43.97823903,-94.61413846,27165.0,4,4,0,0,4,4,10980,0,0,0,0,0
2020-04-19,US,Minnesota,Wilkin,9,2,0,46.35721532,-96.4684375,27167.0,7,8,2,0,6,7,6254,1,0,0,1,1
2020-04-19,US,Minnesota,Winona,61,10,0,43.98772283,-91.78081305,27169.0,51,57,8,0,49,56,50825,4,2,0,2,1
2020-04-19,US,Minnesota,Wright,25,1,0,45.17297924,-93.96234781,27171.0,24,23,1,0,22,23,136349,2,0,0,2,0
2020-04-19,US,Minnesota,Yellow Medicine,3,0,0,44.71710183,-95.86842453,27173.0,3,3,0,0,3,3,9795,0,0,0,0,0
2020-04-19,US,Mississippi,Adams,81,6,0,31.47669768,-91.35326037,28001.0,75,73,6,0,67,73,31192,8,0,0,8,0
2020-04-19,US,Mississippi,Alcorn,8,0,0,34.88084463,-88.57996173,28003.0,8,7,0,0,7,7,36925,1,0,0,1,0
2020-04-19,US,Mississippi,Amite,17,0,0,31.17467303,-90.80501621,28005.0,17,16,1,0,15,17,12326,1,-1,0,2,-1
2020-04-19,US,Mississippi,Attala,36,0,0,33.08658803,-89.57838564,28007.0,36,34,0,0,34,31,18365,2,0,0,2,3
2020-04-19,US,Mississippi,Benton,7,0,0,34.81681228,-89.18945516,28009.0,7,5,0,0,5,6,8271,2,0,0,2,-1
2020-04-19,US,Mississippi,Bolivar,82,5,0,33.79696941,-90.87372121,28011.0,77,79,5,0,74,76,31333,3,0,0,3,3
2020-04-19,US,Mississippi,Calhoun,39,2,0,33.93683395,-89.33686647,28013.0,37,36,2,0,34,32,14436,3,0,0,3,4
2020-04-19,US,Mississippi,Carroll,14,1,0,33.44834567,-89.91994479,28015.0,13,10,1,0,9,10,9911,4,0,0,4,0
2020-04-19,US,Mississippi,Chickasaw,43,2,0,33.91983202,-88.9481545,28017.0,41,40,2,0,38,39,17171,3,0,0,3,1
2020-04-19,US,Mississippi,Choctaw,12,1,0,33.34598242,-89.24809382,28019.0,11,11,1,0,10,11,8278,1,0,0,1,0
2020-04-19,US,Mississippi,Claiborne,10,0,0,31.97061673,-90.90702196,28021.0,10,8,0,0,8,8,9002,2,0,0,2,0
2020-04-19,US,Mississippi,Clarke,27,2,0,32.04158545,-88.68896219999999,28023.0,25,22,2,0,20,21,15604,5,0,0,5,1
2020-04-19,US,Mississippi,Clay,25,1,0,33.65358105,-88.77784255,28025.0,24,24,1,0,23,22,19386,1,0,0,1,2
2020-04-19,US,Mississippi,Coahoma,48,2,0,34.22772299,-90.60415045,28027.0,46,46,1,0,45,45,22628,2,1,0,1,1
2020-04-19,US,Mississippi,Copiah,46,1,0,31.86977774,-90.44565118,28029.0,45,41,1,0,40,40,28543,5,0,0,5,1
2020-04-19,US,Mississippi,Covington,29,0,0,31.63225413,-89.55389939,28031.0,29,28,0,0,28,22,18853,1,0,0,1,6
2020-04-19,US,Mississippi,DeSoto,234,3,0,34.87625235,-89.99091418,28033.0,231,220,3,0,217,213,182001,14,0,0,14,7
2020-04-19,US,Mississippi,Forrest,144,4,0,31.18961454,-89.25832496,28035.0,140,137,3,0,134,137,75036,7,1,0,6,0
2020-04-19,US,Mississippi,Franklin,16,0,0,31.47786634,-90.89672989,28037.0,16,15,0,0,15,14,7788,1,0,0,1,1
2020-04-19,US,Mississippi,George,10,1,0,30.86259065,-88.64436789,28039.0,9,10,1,0,9,9,24250,0,0,0,0,1
2020-04-19,US,Mississippi,Greene,3,0,0,31.21444233,-88.63922281,28041.0,3,3,0,0,3,3,13586,0,0,0,0,0
2020-04-19,US,Mississippi,Grenada,20,0,0,33.77036166,-89.80245083,28043.0,20,19,0,0,19,15,21055,1,0,0,1,4
2020-04-19,US,Mississippi,Hancock,52,5,0,30.41830223,-89.48851033,28045.0,47,50,5,0,45,50,47334,2,0,0,2,0
2020-04-19,US,Mississippi,Harrison,144,5,0,30.51359752,-89.12467576,28047.0,139,144,5,0,139,137,206650,0,0,0,0,7
2020-04-19,US,Mississippi,Hinds,337,5,0,32.2656285,-90.44435448,28049.0,332,325,5,0,320,314,237085,12,0,0,12,11
2020-04-19,US,Mississippi,Holmes,58,4,0,33.12345854,-90.08923538,28051.0,54,58,4,0,54,54,17622,0,0,0,0,4
2020-04-19,US,Mississippi,Humphreys,12,3,0,33.12825718,-90.52252707,28053.0,9,12,3,0,9,12,8257,0,0,0,0,0
2020-04-19,US,Mississippi,Itawamba,21,1,0,34.27993475,-88.3606733,28057.0,20,21,1,0,20,13,23517,0,0,0,0,8
2020-04-19,US,Mississippi,Jackson,205,6,0,30.54020656,-88.64184064,28059.0,199,201,6,0,195,196,143277,4,0,0,4,5
2020-04-19,US,Mississippi,Jasper,23,1,0,32.01922104,-89.11786866,28061.0,22,22,1,0,21,20,16428,1,0,0,1,2
2020-04-19,US,Mississippi,Jefferson,4,0,0,31.73397872,-91.03764977,28063.0,4,4,0,0,4,4,7106,0,0,0,0,0
2020-04-19,US,Mississippi,Jefferson Davis,8,1,0,31.56884708,-89.82670990000001,28065.0,7,8,1,0,7,8,11234,0,0,0,0,0
2020-04-19,US,Mississippi,Jones,70,0,0,31.62257767,-89.16896899999999,28067.0,70,63,0,0,63,56,68461,7,0,0,7,7
2020-04-19,US,Mississippi,Kemper,19,0,0,32.75462946,-88.64105766,28069.0,19,17,0,0,17,16,10027,2,0,0,2,1
2020-04-19,US,Mississippi,Lafayette,64,3,0,34.35687874,-89.48490961,28071.0,61,40,3,0,37,39,54793,24,0,0,24,1
2020-04-19,US,Mississippi,Lamar,67,1,0,31.20572971,-89.5077704,28073.0,66,59,1,0,58,57,62447,8,0,0,8,2
2020-04-19,US,Mississippi,Lauderdale,202,14,0,32.40419769,-88.66229662,28075.0,188,190,14,0,176,181,75317,12,0,0,12,9
2020-04-19,US,Mississippi,Lawrence,16,0,0,31.55147224,-90.10841127,28077.0,16,14,0,0,14,12,12455,2,0,0,2,2
2020-04-19,US,Mississippi,Leake,77,1,0,32.7536828,-89.52402044,28079.0,76,64,1,0,63,60,22763,13,0,0,13,4
2020-04-19,US,Mississippi,Lee,60,4,0,34.291877500000005,-88.68149954,28081.0,56,54,4,0,50,49,85202,6,0,0,6,5
2020-04-19,US,Mississippi,Leflore,91,7,0,33.55545125,-90.29900733,28083.0,84,75,6,0,69,70,28919,16,1,0,15,5
2020-04-19,US,Mississippi,Lincoln,101,6,0,31.53288662,-90.45391915,28085.0,95,102,6,0,96,95,34205,-1,0,0,-1,7
2020-04-19,US,Mississippi,Lowndes,32,1,0,33.47386518,-88.44191529999999,28087.0,31,32,1,0,31,30,58930,0,0,0,0,2
2020-04-19,US,Mississippi,Madison,135,4,0,32.63389156,-90.03513564,28089.0,131,127,3,0,124,123,105630,8,1,0,7,4
2020-04-19,US,Mississippi,Marion,43,1,0,31.23132643,-89.8209217,28091.0,42,39,0,0,39,38,24715,4,1,0,3,1
2020-04-19,US,Mississippi,Marshall,38,2,0,34.76216286,-89.50299462,28093.0,36,39,2,0,37,37,35451,-1,0,0,-1,2
2020-04-19,US,Mississippi,Monroe,68,5,0,33.89236763,-88.4808438,28095.0,63,62,4,0,58,58,35564,6,1,0,5,4
2020-04-19,US,Mississippi,Montgomery,15,1,0,33.49419589,-89.61729103,28097.0,14,15,1,0,14,15,10023,0,0,0,0,0
2020-04-19,US,Mississippi,Neshoba,65,2,0,32.75339664,-89.11726492,28099.0,63,55,1,0,54,46,29125,10,1,0,9,9
2020-04-19,US,Mississippi,Newton,26,0,0,32.40021118,-89.11843336,28101.0,26,21,0,0,21,19,21443,5,0,0,5,2
2020-04-19,US,Mississippi,Noxubee,22,0,0,33.11009499,-88.56949061,28103.0,22,20,0,0,20,20,10535,2,0,0,2,0
2020-04-19,US,Mississippi,Oktibbeha,43,2,0,33.42491685,-88.87905132,28105.0,41,43,2,0,41,42,49599,0,0,0,0,1
2020-04-19,US,Mississippi,Panola,35,2,0,34.36398677,-89.95064249,28107.0,33,30,2,0,28,27,34178,5,0,0,5,3
2020-04-19,US,Mississippi,Pearl River,126,10,0,30.77090935,-89.58677275,28109.0,116,119,10,0,109,115,55387,7,0,0,7,4
2020-04-19,US,Mississippi,Perry,22,1,0,31.17161885,-88.99281835,28111.0,21,22,1,0,21,21,11931,0,0,0,0,1
2020-04-19,US,Mississippi,Pike,104,2,0,31.17507789,-90.40392572,28113.0,102,97,2,0,95,93,39563,7,0,0,7,4
2020-04-19,US,Mississippi,Pontotoc,18,2,0,34.226046000000004,-89.03636807,28115.0,16,17,2,0,15,17,31833,1,0,0,1,0
2020-04-19,US,Mississippi,Prentiss,19,0,0,34.61810501,-88.51986294,28117.0,19,16,0,0,16,16,25315,3,0,0,3,0
2020-04-19,US,Mississippi,Quitman,13,0,0,34.25157572,-90.28908,28119.0,13,13,0,0,13,13,7051,0,0,0,0,0
2020-04-19,US,Mississippi,Rankin,133,2,0,32.26469147,-89.94537876,28121.0,131,130,2,0,128,128,153902,3,0,0,3,2
2020-04-19,US,Mississippi,Scott,130,0,0,32.406704100000006,-89.53789439,28123.0,130,106,0,0,106,96,28287,24,0,0,24,10
2020-04-19,US,Mississippi,Sharkey,3,0,0,32.88149103,-90.81595379999999,28125.0,3,3,0,0,3,3,4377,0,0,0,0,0
2020-04-19,US,Mississippi,Simpson,21,0,0,31.91282117,-89.91716179,28127.0,21,14,0,0,14,14,26758,7,0,0,7,0
2020-04-19,US,Mississippi,Smith,45,1,0,32.01744532,-89.50644846,28129.0,44,39,1,0,38,38,16002,6,0,0,6,1
2020-04-19,US,Mississippi,Stone,18,0,0,30.79187949,-89.11547539,28131.0,18,17,0,0,17,17,18717,1,0,0,1,0
2020-04-19,US,Mississippi,Sunflower,47,2,0,33.60192578,-90.58882684,28133.0,45,46,2,0,44,45,25735,1,0,0,1,1
2020-04-19,US,Mississippi,Tallahatchie,8,1,0,33.95339918,-90.1729398,28135.0,7,8,1,0,7,8,13987,0,0,0,0,0
2020-04-19,US,Mississippi,Tate,31,0,0,34.65133709,-89.94485778,28137.0,31,29,0,0,29,27,28759,2,0,0,2,2
2020-04-19,US,Mississippi,Tippah,47,7,0,34.76872156,-88.90988194,28139.0,40,46,7,0,39,45,21995,1,0,0,1,1
2020-04-19,US,Mississippi,Tishomingo,4,0,0,34.74023475,-88.23917219,28141.0,4,3,0,0,3,2,19454,1,0,0,1,1
2020-04-19,US,Mississippi,Tunica,31,1,0,34.64967704,-90.37481167,28143.0,30,30,1,0,29,28,9944,1,0,0,1,2
2020-04-19,US,Mississippi,Union,11,1,0,34.49162015,-89.00776006,28145.0,10,9,1,0,8,9,28606,2,0,0,2,0
2020-04-19,US,Mississippi,Walthall,24,0,0,31.14971548,-90.10446654,28147.0,24,23,0,0,23,22,14465,1,0,0,1,1
2020-04-19,US,Mississippi,Warren,21,1,0,32.35810271,-90.83352619,28149.0,20,18,1,0,17,17,46176,3,0,0,3,1
2020-04-19,US,Mississippi,Washington,71,3,0,33.28392041,-90.94196237,28151.0,68,70,3,0,67,68,45063,1,0,0,1,2
2020-04-19,US,Mississippi,Wayne,11,0,0,31.64135687,-88.69573913,28153.0,11,10,0,0,10,10,20298,1,0,0,1,0
2020-04-19,US,Mississippi,Webster,15,1,0,33.61300486,-89.28392912,28155.0,14,15,1,0,14,17,9788,0,0,0,0,-2
2020-04-19,US,Mississippi,Wilkinson,58,5,0,31.16078225,-91.31018819,28157.0,53,55,4,0,51,53,8792,3,1,0,2,2
2020-04-19,US,Mississippi,Winston,33,0,0,33.08747908,-89.03391385,28159.0,33,29,0,0,29,27,18165,4,0,0,4,2
2020-04-19,US,Mississippi,Yalobusha,15,0,0,34.02824175,-89.70762049999999,28161.0,15,15,0,0,15,14,12392,0,0,0,0,1
2020-04-19,US,Mississippi,Yazoo,91,1,0,32.77890365,-90.39656148,28163.0,90,85,1,0,84,81,28248,6,0,0,6,4
2020-04-19,US,Missouri,Adair,12,0,0,40.19058551,-92.60078167,29001.0,12,12,0,0,12,12,25339,0,0,0,0,0
2020-04-19,US,Missouri,Andrew,1,0,0,39.98492163,-94.80163024,29003.0,1,1,0,0,1,1,17607,0,0,0,0,0
2020-04-19,US,Missouri,Atchison,2,0,0,40.43238737,-95.42970639,29005.0,2,2,0,0,2,2,5171,0,0,0,0,0
2020-04-19,US,Missouri,Barry,3,0,0,36.70978521,-93.82919888,29009.0,3,3,0,0,3,3,35886,0,0,0,0,0
2020-04-19,US,Missouri,Bates,6,1,0,38.25271289,-94.34113157,29013.0,5,6,1,0,5,6,16320,0,0,0,0,0
2020-04-19,US,Missouri,Benton,3,0,0,38.29503305,-93.28756116,29015.0,3,3,0,0,3,3,19278,0,0,0,0,0
2020-04-19,US,Missouri,Bollinger,3,0,0,37.32449052,-90.02725304,29017.0,3,3,0,0,3,3,12169,0,0,0,0,0
2020-04-19,US,Missouri,Boone,93,1,0,38.99186229,-92.30723575,29019.0,92,93,1,0,92,93,180005,0,0,0,0,0
2020-04-19,US,Missouri,Buchanan,31,1,0,39.65816401,-94.80138942,29021.0,30,30,1,0,29,28,88571,1,0,0,1,2
2020-04-19,US,Missouri,Butler,23,0,0,36.71462476,-90.40421163,29023.0,23,23,0,0,23,22,42639,0,0,0,0,1
2020-04-19,US,Missouri,Caldwell,2,0,0,39.65620858,-93.98308093,29025.0,2,2,0,0,2,2,9108,0,0,0,0,0
2020-04-19,US,Missouri,Callaway,21,1,0,38.83674754,-91.92186505,29027.0,20,21,1,0,20,21,44889,0,0,0,0,0
2020-04-19,US,Missouri,Camden,32,1,0,38.02199522,-92.76083747,29029.0,31,32,1,0,31,32,45815,0,0,0,0,0
2020-04-19,US,Missouri,Cape Girardeau,36,1,0,37.38489388,-89.6843587,29031.0,35,36,1,0,35,35,78753,0,0,0,0,1
2020-04-19,US,Missouri,Carter,3,1,0,36.94160441,-90.96051322,29035.0,2,3,1,0,2,3,6054,0,0,0,0,0
2020-04-19,US,Missouri,Cass,53,6,0,38.64789422,-94.353399,29037.0,47,53,6,0,47,50,104954,0,0,0,0,3
2020-04-19,US,Missouri,Cedar,5,0,0,37.72391475,-93.85445441,29039.0,5,5,0,0,5,5,14165,0,0,0,0,0
2020-04-19,US,Missouri,Chariton,4,0,0,39.51499357,-92.9629191,29041.0,4,4,0,0,4,4,7451,0,0,0,0,0
2020-04-19,US,Missouri,Christian,19,0,0,36.9711783,-93.18537118,29043.0,19,19,0,0,19,19,86983,0,0,0,0,0
2020-04-19,US,Missouri,Clark,1,0,0,40.41040752,-91.73661677,29045.0,1,1,0,0,1,1,6842,0,0,0,0,0
2020-04-19,US,Missouri,Clay,57,1,0,39.31132056,-94.41850862,29047.0,56,56,1,0,55,55,246365,1,0,0,1,1
2020-04-19,US,Missouri,Clinton,11,0,0,39.6013098,-94.40465394,29049.0,11,11,0,0,11,11,20470,0,0,0,0,0
2020-04-19,US,Missouri,Cole,46,1,0,38.50455671,-92.27860244,29051.0,45,44,1,0,43,42,76796,2,0,0,2,2
2020-04-19,US,Missouri,Cooper,4,0,0,38.844478,-92.80896081,29053.0,4,4,0,0,4,4,17603,0,0,0,0,0
2020-04-19,US,Missouri,Crawford,6,0,0,37.97663738,-91.30528104,29055.0,6,6,0,0,6,6,23957,0,0,0,0,0
2020-04-19,US,Missouri,Dallas,2,0,0,37.681135499999996,-93.02127031,29059.0,2,2,0,0,2,2,16762,0,0,0,0,0
2020-04-19,US,Missouri,Daviess,2,0,0,39.96145298,-93.98519678,29061.0,2,2,0,0,2,2,8313,0,0,0,0,0
2020-04-19,US,Missouri,DeKalb,3,0,0,39.89201062,-94.40476508,29063.0,3,3,0,0,3,3,12630,0,0,0,0,0
2020-04-19,US,Missouri,Dunklin,19,2,0,36.27167174,-90.09122243,29069.0,17,19,2,0,17,18,29423,0,0,0,0,1
2020-04-19,US,Missouri,Franklin,98,7,0,38.41127108,-91.07522826,29071.0,91,95,7,0,88,91,103670,3,0,0,3,4
2020-04-19,US,Missouri,Gasconade,2,0,0,38.43947277,-91.50847147,29073.0,2,2,0,0,2,2,14705,0,0,0,0,0
2020-04-19,US,Missouri,Gentry,1,0,0,40.21097916,-94.40944419,29075.0,1,1,0,0,1,1,6628,0,0,0,0,0
2020-04-19,US,Missouri,Greene,90,8,0,37.2575872,-93.34230916,29077.0,82,88,8,0,80,87,291923,2,0,0,2,1
2020-04-19,US,Missouri,Harrison,6,0,0,40.35570088,-93.99222144,29081.0,6,6,0,0,6,6,8414,0,0,0,0,0
2020-04-19,US,Missouri,Henry,6,1,0,38.38482826,-93.79293734,29083.0,5,6,1,0,5,6,21792,0,0,0,0,0
2020-04-19,US,Missouri,Holt,1,0,0,40.09799248,-95.21638879999999,29087.0,1,1,0,0,1,1,4404,0,0,0,0,0
2020-04-19,US,Missouri,Howard,2,0,0,39.1435761,-92.69756691,29089.0,2,2,0,0,2,2,10137,0,0,0,0,0
2020-04-19,US,Missouri,Howell,5,0,0,36.77383887,-91.88683935,29091.0,5,5,0,0,5,5,40076,0,0,0,0,0
2020-04-19,US,Missouri,Iron,2,0,0,37.55487945,-90.7735296,29093.0,2,1,0,0,1,1,10177,1,0,0,1,0
2020-04-19,US,Missouri,Jackson,268,11,0,39.01002188,-94.34724536,29095.0,257,268,11,0,257,267,700307,0,0,0,0,1
2020-04-19,US,Missouri,Jasper,28,0,0,37.20351921,-94.34050458,29097.0,28,28,0,0,28,28,120636,0,0,0,0,0
2020-04-19,US,Missouri,Jefferson,214,4,0,38.25926778,-90.53870896,29099.0,210,183,4,0,179,179,224347,31,0,0,31,4
2020-04-19,US,Missouri,Johnson,48,0,0,38.74719601,-93.80691168,29101.0,48,48,0,0,48,48,53652,0,0,0,0,0
2020-04-19,US,Missouri,Kansas City,418,13,0,39.0997,-94.5786,0.0,405,412,13,0,399,401,491918,6,0,0,6,11
2020-04-19,US,Missouri,Lafayette,30,1,0,39.06986886,-93.78076396,29107.0,29,29,1,0,28,29,32598,1,0,0,1,0
2020-04-19,US,Missouri,Lincoln,35,1,0,39.05345619,-90.95588181,29113.0,34,35,1,0,34,35,57686,0,0,0,0,0
2020-04-19,US,Missouri,Linn,5,1,0,39.87001769,-93.10704106,29115.0,4,5,1,0,4,5,12037,0,0,0,0,0
2020-04-19,US,Missouri,Livingston,2,0,0,39.78110272,-93.54645978,29117.0,2,2,0,0,2,2,15146,0,0,0,0,0
2020-04-19,US,Missouri,Macon,2,0,0,39.83049768,-92.56453089,29121.0,2,2,0,0,2,2,15153,0,0,0,0,0
2020-04-19,US,Missouri,Madison,1,0,0,37.47865134,-90.34671429999999,29123.0,1,1,0,0,1,1,12188,0,0,0,0,0
2020-04-19,US,Missouri,Maries,2,0,0,38.16193985,-91.92249662,29125.0,2,2,0,0,2,2,8769,0,0,0,0,0
2020-04-19,US,Missouri,McDonald,4,0,0,36.62869595,-94.34867205,29119.0,4,4,0,0,4,4,23078,0,0,0,0,0
2020-04-19,US,Missouri,Miller,1,0,0,38.21450288,-92.42610898,29131.0,1,1,0,0,1,1,25336,0,0,0,0,0
2020-04-19,US,Missouri,Moniteau,39,0,0,38.63571781,-92.57976951,29135.0,39,36,0,0,36,19,16121,3,0,0,3,17
2020-04-19,US,Missouri,Montgomery,7,0,0,38.94022054,-91.47000721,29139.0,7,7,0,0,7,7,11534,0,0,0,0,0
2020-04-19,US,Missouri,Morgan,2,0,0,38.4181765,-92.88791859,29141.0,2,2,0,0,2,2,20358,0,0,0,0,0
2020-04-19,US,Missouri,New Madrid,9,0,0,36.59666326,-89.66070007,29143.0,9,8,0,0,8,8,17296,1,0,0,1,0
2020-04-19,US,Missouri,Newton,9,0,0,36.90519407,-94.3394104,29145.0,9,9,0,0,9,9,58266,0,0,0,0,0
2020-04-19,US,Missouri,Nodaway,3,0,0,40.36079813,-94.88133008,29147.0,3,3,0,0,3,3,22304,0,0,0,0,0
2020-04-19,US,Missouri,Oregon,1,0,0,36.68710164,-91.4033755,29149.0,1,1,0,0,1,1,10541,0,0,0,0,0
2020-04-19,US,Missouri,Osage,4,0,0,38.46036182,-91.8613635,29151.0,4,4,0,0,4,4,13714,0,0,0,0,0
2020-04-19,US,Missouri,Pemiscot,13,0,0,36.2130572,-89.78742322,29155.0,13,12,0,0,12,11,16272,1,0,0,1,1
2020-04-19,US,Missouri,Perry,41,0,0,37.70660776,-89.82741088,29157.0,41,41,0,0,41,41,19150,0,0,0,0,0
2020-04-19,US,Missouri,Pettis,13,0,0,38.72798918,-93.28471706,29159.0,13,13,0,0,13,10,42542,0,0,0,0,3
2020-04-19,US,Missouri,Phelps,1,0,0,37.87736118,-91.79351727,29161.0,1,1,0,0,1,1,44732,0,0,0,0,0
2020-04-19,US,Missouri,Pike,6,0,0,39.34310674,-91.16980779,29163.0,6,6,0,0,6,6,18504,0,0,0,0,0
2020-04-19,US,Missouri,Platte,27,0,0,39.38154439,-94.77068479,29165.0,27,27,0,0,27,27,102985,0,0,0,0,0
2020-04-19,US,Missouri,Polk,1,0,0,37.616229600000004,-93.39828174,29167.0,1,1,0,0,1,1,32201,0,0,0,0,0
2020-04-19,US,Missouri,Pulaski,31,1,0,37.82462075,-92.20783203,29169.0,30,29,1,0,28,25,52014,2,0,0,2,4
2020-04-19,US,Missouri,Ralls,1,0,0,39.52817427,-91.51838643,29173.0,1,1,0,0,1,1,10212,0,0,0,0,0
2020-04-19,US,Missouri,Randolph,8,0,0,39.44007257,-92.49713740000001,29175.0,8,8,0,0,8,8,24763,0,0,0,0,0
2020-04-19,US,Missouri,Ray,7,0,0,39.353746799999996,-93.98905745,29177.0,7,7,0,0,7,7,22883,0,0,0,0,0
2020-04-19,US,Missouri,Reynolds,2,0,0,37.36085952,-90.97009925,29179.0,2,2,0,0,2,2,6254,0,0,0,0,0
2020-04-19,US,Missouri,Ripley,4,0,0,36.65460667,-90.85990261,29181.0,4,4,0,0,4,3,13401,0,0,0,0,1
2020-04-19,US,Missouri,Saline,64,0,0,39.13734288,-93.20259964,29195.0,64,60,0,0,60,53,22895,4,0,0,4,7
2020-04-19,US,Missouri,Scotland,4,0,0,40.45214695,-92.14709064,29199.0,4,4,0,0,4,4,4966,0,0,0,0,0
2020-04-19,US,Missouri,Scott,51,1,0,37.05588075,-89.56474493,29201.0,50,49,1,0,48,42,38458,2,0,0,2,7
2020-04-19,US,Missouri,Shelby,1,0,0,39.79742518,-92.07634971,29205.0,1,1,0,0,1,1,6050,0,0,0,0,0
2020-04-19,US,Missouri,St. Charles,443,19,0,38.77875681,-90.66662425,29183.0,424,438,18,0,420,426,399182,5,1,0,4,12
2020-04-19,US,Missouri,St. Clair,2,0,0,38.03699437,-93.77631447,29185.0,2,2,0,0,2,2,9395,0,0,0,0,0
2020-04-19,US,Missouri,St. Francois,24,1,0,37.81214171,-90.47598685,29187.0,23,24,1,0,23,24,66692,0,0,0,0,0
2020-04-19,US,Missouri,St. Louis,2235,81,0,38.63770039999999,-90.4458375,29189.0,2154,2163,80,0,2083,2088,996945,72,1,0,71,75
2020-04-19,US,Missouri,St. Louis City,831,30,0,38.63555736,-90.24349225,29510.0,801,808,30,0,778,766,302838,23,0,0,23,42
2020-04-19,US,Missouri,Ste. Genevieve,7,1,0,37.89090059,-90.1949941,29186.0,6,7,1,0,6,7,17888,0,0,0,0,0
2020-04-19,US,Missouri,Stoddard,18,0,0,36.85571651,-89.9444155,29207.0,18,16,0,0,16,15,29206,2,0,0,2,1
2020-04-19,US,Missouri,Stone,3,0,0,36.75000327,-93.45256475,29209.0,3,3,0,0,3,3,31749,0,0,0,0,0
2020-04-19,US,Missouri,Taney,9,1,0,36.65465345,-93.04075153,29213.0,8,9,1,0,8,8,55852,0,0,0,0,1
2020-04-19,US,Missouri,Vernon,4,0,0,37.8457799,-94.34127305,29217.0,4,4,0,0,4,4,20528,0,0,0,0,0
2020-04-19,US,Missouri,Warren,22,0,0,38.76529479,-91.16124662,29219.0,22,21,0,0,21,18,34711,1,0,0,1,3
2020-04-19,US,Missouri,Washington,4,0,0,37.96130078,-90.87948158,29221.0,4,4,0,0,4,4,24943,0,0,0,0,0
2020-04-19,US,Missouri,Webster,8,0,0,37.2813734,-92.876329,29225.0,8,8,0,0,8,6,39109,0,0,0,0,2
2020-04-19,US,Missouri,Worth,1,0,0,40.47945588,-94.42328751,29227.0,1,1,0,0,1,1,2040,0,0,0,0,0
2020-04-19,US,Missouri,Wright,9,0,0,37.27029221,-92.46914488,29229.0,9,9,0,0,9,9,18378,0,0,0,0,0
2020-04-19,US,Montana,Beaverhead,1,0,0,45.13434354,-112.89846940000001,30001.0,1,1,0,0,1,1,9404,0,0,0,0,0
2020-04-19,US,Montana,Big Horn,3,0,0,45.42335905,-107.492347,30003.0,3,3,0,0,3,3,13338,0,0,0,0,0
2020-04-19,US,Montana,Broadwater,4,0,0,46.33277565,-111.49558130000001,30007.0,4,4,0,0,4,4,6085,0,0,0,0,0
2020-04-19,US,Montana,Carbon,6,0,0,45.22850116,-109.0274047,30009.0,6,6,0,0,6,6,10714,0,0,0,0,0
2020-04-19,US,Montana,Cascade,13,1,0,47.30797024,-111.3467922,30013.0,12,13,1,0,12,13,81643,0,0,0,0,0
2020-04-19,US,Montana,Deer Lodge,3,0,0,46.05953325,-113.073353,30023.0,3,3,0,0,3,3,9131,0,0,0,0,0
2020-04-19,US,Montana,Flathead,37,1,0,48.29575866,-114.05205690000001,30029.0,36,37,1,0,36,37,102106,0,0,0,0,0
2020-04-19,US,Montana,Gallatin,143,0,0,45.54486106,-111.1692571,30031.0,143,142,0,0,142,142,111876,1,0,0,1,0
2020-04-19,US,Montana,Glacier,4,0,0,48.70513576,-112.9934235,30035.0,4,4,0,0,4,4,13747,0,0,0,0,0
2020-04-19,US,Montana,Golden Valley,3,0,0,46.3816474,-109.17685220000001,30037.0,3,3,0,0,3,3,826,0,0,0,0,0
2020-04-19,US,Montana,Hill,1,0,0,48.62879827,-110.1129252,30041.0,1,1,0,0,1,1,16347,0,0,0,0,0
2020-04-19,US,Montana,Jefferson,2,0,0,46.14907081,-112.094396,30043.0,2,2,0,0,2,2,12097,0,0,0,0,0
2020-04-19,US,Montana,Lake,5,0,0,47.64514965,-114.0898013,30047.0,5,5,0,0,5,5,30250,0,0,0,0,0
2020-04-19,US,Montana,Lewis and Clark,16,0,0,47.12610041,-112.39469799999999,30049.0,16,16,0,0,16,16,68700,0,0,0,0,0
2020-04-19,US,Montana,Liberty,1,0,0,48.56084317,-111.02430700000001,30051.0,1,1,0,0,1,1,2430,0,0,0,0,0
2020-04-19,US,Montana,Lincoln,7,1,0,48.54265777,-115.4046155,30053.0,6,7,1,0,6,7,19794,0,0,0,0,0
2020-04-19,US,Montana,Madison,8,1,0,45.30080065,-111.9173017,30057.0,7,8,1,0,7,8,8768,0,0,0,0,0
2020-04-19,US,Montana,Meagher,1,0,0,46.59907074,-110.8898557,30059.0,1,1,0,0,1,1,1866,0,0,0,0,0
2020-04-19,US,Montana,Missoula,38,1,0,47.03728583,-113.92135079999998,30063.0,37,35,1,0,34,34,118791,3,0,0,3,1
2020-04-19,US,Montana,Musselshell,1,0,0,46.49684637,-108.39498,30065.0,1,1,0,0,1,1,4651,0,0,0,0,0
2020-04-19,US,Montana,Park,7,0,0,45.48965095,-110.52643940000002,30067.0,7,7,0,0,7,7,16736,0,0,0,0,0
2020-04-19,US,Montana,Pondera,2,0,0,48.22773388,-112.22527029999999,30073.0,2,1,0,0,1,1,5972,1,0,0,1,0
2020-04-19,US,Montana,Ravalli,5,0,0,46.08520862,-114.11891640000002,30081.0,5,5,0,0,5,5,43172,0,0,0,0,0
2020-04-19,US,Montana,Richland,3,0,0,47.78668011,-104.5610786,30083.0,3,3,0,0,3,3,10913,0,0,0,0,0
2020-04-19,US,Montana,Roosevelt,6,0,0,48.29607488,-105.00792679999999,30085.0,6,6,0,0,6,6,11059,0,0,0,0,0
2020-04-19,US,Montana,Silver Bow,11,0,0,45.90018933,-112.6620092,30093.0,11,11,0,0,11,11,34993,0,0,0,0,0
2020-04-19,US,Montana,Stillwater,1,0,0,45.67071407,-109.3950061,30095.0,1,1,0,0,1,1,9534,0,0,0,0,0
2020-04-19,US,Montana,Toole,29,4,0,48.65577551,-111.69424140000001,30101.0,25,29,4,0,25,29,4853,0,0,0,0,0
2020-04-19,US,Montana,Yellowstone,72,1,0,45.93955949,-108.26914860000001,30111.0,71,70,1,0,69,67,160137,2,0,0,2,3
2020-04-19,US,Nebraska,Adams,98,0,0,40.52449420000001,-98.50117804,31001.0,98,85,0,0,85,64,31511,13,0,0,13,21
2020-04-19,US,Nebraska,Antelope,1,0,0,42.17695516,-98.06662829999999,31003.0,1,1,0,0,1,1,6336,0,0,0,0,0
2020-04-19,US,Nebraska,Box Butte,1,0,0,42.22079243,-103.08788340000001,31013.0,1,1,0,0,1,1,10772,0,0,0,0,0
2020-04-19,US,Nebraska,Buffalo,52,1,0,40.85486962,-99.07500296,31019.0,51,47,1,0,46,44,49615,5,0,0,5,3
2020-04-19,US,Nebraska,Burt,1,0,0,41.85056773,-96.32605633,31021.0,1,1,0,0,1,1,6488,0,0,0,0,0
2020-04-19,US,Nebraska,Butler,1,0,0,41.22703692,-97.13106306,31023.0,1,1,0,0,1,,8058,0,0,0,0,
2020-04-19,US,Nebraska,Cass,5,0,0,40.90899107,-96.13971217,31025.0,5,3,0,0,3,3,26159,2,0,0,2,0
2020-04-19,US,Nebraska,Cherry,1,0,0,42.54502621,-101.1244332,31031.0,1,1,0,0,1,1,5761,0,0,0,0,0
2020-04-19,US,Nebraska,Cheyenne,4,0,0,41.21999357,-102.9941693,31033.0,4,4,0,0,4,3,9310,0,0,0,0,1
2020-04-19,US,Nebraska,Clay,4,0,0,40.52439441,-98.05126296,31035.0,4,3,0,0,3,2,6214,1,0,0,1,1
2020-04-19,US,Nebraska,Colfax,4,0,0,41.57486951,-97.0868542,31037.0,4,4,0,0,4,4,10881,0,0,0,0,0
2020-04-19,US,Nebraska,Cuming,2,0,0,41.91637624,-96.78730772,31039.0,2,2,0,0,2,2,8940,0,0,0,0,0
2020-04-19,US,Nebraska,Custer,20,0,0,41.39374521,-99.72805369,31041.0,20,18,0,0,18,19,10840,2,0,0,2,-1
2020-04-19,US,Nebraska,Dakota,29,0,0,42.39040144,-96.56656425,31043.0,29,22,0,0,22,9,20083,7,0,0,7,13
2020-04-19,US,Nebraska,Dawson,124,0,0,40.87028216,-99.82014609999999,31047.0,124,30,0,0,30,24,23709,94,0,0,94,6
2020-04-19,US,Nebraska,Dodge,16,0,0,41.58071748,-96.65598179,31053.0,16,12,0,0,12,12,36791,4,0,0,4,0
2020-04-19,US,Nebraska,Douglas,280,8,0,41.29518299,-96.15085305,31055.0,272,266,5,0,261,266,566880,14,3,0,11,0
2020-04-19,US,Nebraska,Franklin,3,0,0,40.17636348,-98.95299073,31061.0,3,3,0,0,3,3,3023,0,0,0,0,0
2020-04-19,US,Nebraska,Furnas,2,0,0,40.17642064,-99.91247454,31065.0,2,,,,,,4715,,,,,
2020-04-19,US,Nebraska,Gage,28,1,0,40.26186809,-96.68946704,31067.0,27,27,1,0,26,26,21493,1,0,0,1,1
2020-04-19,US,Nebraska,Gosper,5,0,0,40.51481965,-99.83020279,31073.0,5,3,0,0,3,1,1996,2,0,0,2,2
2020-04-19,US,Nebraska,Hall,457,4,0,40.87257079,-98.50218293,31079.0,453,403,4,0,399,247,61607,54,0,0,54,156
2020-04-19,US,Nebraska,Hamilton,19,0,0,40.87349452,-98.02099117,31081.0,19,16,0,0,16,14,9280,3,0,0,3,2
2020-04-19,US,Nebraska,Howard,3,0,0,41.2200529,-98.5166499,31093.0,3,2,0,0,2,2,6468,1,0,0,1,0
2020-04-19,US,Nebraska,Johnson,2,0,0,40.39257596,-96.26522753,31097.0,2,2,0,0,2,1,5134,0,0,0,0,1
2020-04-19,US,Nebraska,Kearney,4,0,0,40.50663314,-98.94877182,31099.0,4,3,0,0,3,3,6544,1,0,0,1,0
2020-04-19,US,Nebraska,Kimball,9,0,0,41.19774275,-103.7148131,31105.0,9,9,0,0,9,9,3618,0,0,0,0,0
2020-04-19,US,Nebraska,Knox,2,0,0,42.63758421,-97.89178836,31107.0,2,2,0,0,2,2,8419,0,0,0,0,0
2020-04-19,US,Nebraska,Lancaster,81,1,0,40.78416049,-96.68777155,31109.0,80,63,1,0,62,62,317272,18,0,0,18,1
2020-04-19,US,Nebraska,Lincoln,18,1,0,41.04658298,-100.74753740000001,31111.0,17,18,1,0,17,17,35185,0,0,0,0,1
2020-04-19,US,Nebraska,Madison,9,2,0,41.91676024,-97.6005481,31119.0,7,7,2,0,5,7,35392,2,0,0,2,0
2020-04-19,US,Nebraska,Merrick,7,0,0,41.16624273,-98.0374887,31121.0,7,6,0,0,6,5,7733,1,0,0,1,1
2020-04-19,US,Nebraska,Morrill,1,0,0,41.71711774,-103.0061405,31123.0,1,1,0,0,1,1,4686,0,0,0,0,0
2020-04-19,US,Nebraska,Nance,1,0,0,41.39750195,-97.99327291,31125.0,1,1,0,0,1,1,3532,0,0,0,0,0
2020-04-19,US,Nebraska,Nemaha,1,0,0,40.38514847,-95.85433992,31127.0,1,1,0,0,1,1,6958,0,0,0,0,0
2020-04-19,US,Nebraska,Otoe,1,0,0,40.64843556,-96.13374142,31131.0,1,1,0,0,1,1,15985,0,0,0,0,0
2020-04-19,US,Nebraska,Phelps,1,0,0,40.51156033,-99.41461667,31137.0,1,1,0,0,1,1,8996,0,0,0,0,0
2020-04-19,US,Nebraska,Pierce,1,0,0,42.26434853,-97.60122773,31139.0,1,1,0,0,1,1,7142,0,0,0,0,0
2020-04-19,US,Nebraska,Platte,7,0,0,41.57246836,-97.52144359,31141.0,7,6,0,0,6,6,33363,1,0,0,1,0
2020-04-19,US,Nebraska,Polk,5,0,0,41.18813488,-97.56630712,31143.0,5,5,0,0,5,4,5278,0,0,0,0,1
2020-04-19,US,Nebraska,Red Willow,1,0,0,40.17556879999999,-100.476998,31145.0,1,1,0,0,1,,10726,0,0,0,0,
2020-04-19,US,Nebraska,Saline,7,0,0,40.52418865,-97.14085859,31151.0,7,4,0,0,4,3,14350,3,0,0,3,1
2020-04-19,US,Nebraska,Sarpy,53,0,0,41.11314181,-96.11156432,31153.0,53,48,0,0,48,47,184459,5,0,0,5,1
2020-04-19,US,Nebraska,Saunders,6,0,0,41.227810299999994,-96.63773905,31155.0,6,6,0,0,6,6,21303,0,0,0,0,0
2020-04-19,US,Nebraska,Scotts Bluff,22,0,0,41.85070896,-103.70809859999999,31157.0,22,18,0,0,18,17,35989,4,0,0,4,1
2020-04-19,US,Nebraska,Seward,2,0,0,40.87241834,-97.139673,31159.0,2,1,0,0,1,1,17318,1,0,0,1,0
2020-04-19,US,Nebraska,Stanton,2,0,0,41.9169835,-97.19394708,31167.0,2,1,0,0,1,1,5970,1,0,0,1,0
2020-04-19,US,Nebraska,Thurston,1,0,0,42.15725356,-96.54157099,31173.0,1,,,,,,7303,,,,,
2020-04-19,US,Nebraska,Unassigned,40,10,0,0.0,0.0,90031.0,30,60,9,0,51,92,,-20,1,0,-21,-32
2020-04-19,US,Nebraska,Washington,20,0,0,41.52815707,-96.22019892,31177.0,20,20,0,0,20,20,20667,0,0,0,0,0
2020-04-19,US,Nebraska,Wayne,1,0,0,42.20934475,-97.11926964,31179.0,1,1,0,0,1,1,9403,0,0,0,0,0
2020-04-19,US,Nebraska,Webster,2,0,0,40.17642643,-98.50019851,31181.0,2,1,0,0,1,1,3533,1,0,0,1,0
2020-04-19,US,Nebraska,York,7,0,0,40.87272618,-97.59710186,31185.0,7,6,0,0,6,6,13772,1,0,0,1,0
2020-04-19,US,Nevada,Carson City,28,0,0,39.15509045,-119.7480219,32510.0,28,28,0,0,28,27,55414,0,0,0,0,1
2020-04-19,US,Nevada,Churchill,3,0,0,39.58105744,-118.3394607,32001.0,3,3,0,0,3,1,24440,0,0,0,0,2
2020-04-19,US,Nevada,Clark,2940,137,0,36.21458855,-115.0130241,32003.0,2803,2882,133,0,2749,2738,2231647,58,4,0,54,144
2020-04-19,US,Nevada,Douglas,15,0,0,38.912862,-119.61713329999999,32005.0,15,14,0,0,14,14,48467,1,0,0,1,0
2020-04-19,US,Nevada,Elko,12,1,0,41.14531606,-115.3577619,32007.0,11,12,1,0,11,12,52460,0,0,0,0,0
2020-04-19,US,Nevada,Humboldt,26,2,0,41.40692186,-118.11094270000001,32013.0,24,26,1,0,25,26,16786,0,1,0,-1,0
2020-04-19,US,Nevada,Lyon,16,0,0,39.01777974,-119.18704790000001,32019.0,16,15,0,0,15,12,55808,1,0,0,1,3
2020-04-19,US,Nevada,Nye,28,0,0,38.04264256,-116.47227020000001,32023.0,28,21,0,0,21,21,45346,7,0,0,7,0
2020-04-19,US,Nevada,Unassigned,20,0,0,0.0,0.0,90032.0,20,34,0,0,34,98,,-14,0,0,-14,-64
2020-04-19,US,Nevada,Washoe,637,18,0,40.66562265,-119.6631594,32031.0,619,588,16,0,572,572,465735,49,2,0,47,16
2020-04-19,US,Nevada,White Pine,3,0,0,39.44157041,-114.89996599999999,32033.0,3,3,0,0,3,3,9475,0,0,0,0,0
2020-04-19,US,New Hampshire,Belknap,26,0,0,43.51637314,-71.41684235,33001.0,26,25,0,0,25,25,61022,1,0,0,1,0
2020-04-19,US,New Hampshire,Carroll,30,0,0,43.87498583,-71.20430216,33003.0,30,30,0,0,30,32,48779,0,0,0,0,-2
2020-04-19,US,New Hampshire,Cheshire,29,0,0,42.92015988,-72.25311043,33005.0,29,28,0,0,28,27,76493,1,0,0,1,1
2020-04-19,US,New Hampshire,Coos,2,0,0,44.69063265,-71.30633239,33007.0,2,2,0,0,2,2,31589,0,0,0,0,0
2020-04-19,US,New Hampshire,Grafton,45,0,0,43.93779815,-71.82057197,33009.0,45,45,0,0,45,44,89786,0,0,0,0,1
2020-04-19,US,New Hampshire,Hillsborough,581,2,0,42.91537785,-71.7200253,33011.0,579,552,2,0,550,525,415247,29,0,0,29,27
2020-04-19,US,New Hampshire,Merrimack,94,0,0,43.29662971,-71.6811573,33013.0,94,92,0,0,92,88,151132,2,0,0,2,4
2020-04-19,US,New Hampshire,Rockingham,479,1,0,42.98499744,-71.12883377,33015.0,478,466,1,0,465,449,309176,13,0,0,13,17
2020-04-19,US,New Hampshire,Strafford,94,0,0,43.291833000000004,-71.02336013,33017.0,94,92,0,0,92,84,130090,2,0,0,2,8
2020-04-19,US,New Hampshire,Sullivan,10,0,0,43.36094111,-72.22203125,33019.0,10,10,0,0,10,9,43144,0,0,0,0,1
2020-04-19,US,New Hampshire,Unassigned,0,35,0,0.0,0.0,90033.0,-35,0,35,0,-35,2,,0,0,0,0,-2
2020-04-19,US,New Jersey,Atlantic,398,19,0,39.47538693,-74.65848483,34001.0,379,382,19,0,363,370,265429,16,0,0,16,12
2020-04-19,US,New Jersey,Bergen,12639,767,0,40.96010917,-74.07164325,34003.0,11872,12163,741,0,11422,11863,936692,476,26,0,450,300
2020-04-19,US,New Jersey,Burlington,1587,58,0,39.87681124,-74.66927768,34005.0,1529,1456,57,0,1399,1366,445384,131,1,0,130,90
2020-04-19,US,New Jersey,Camden,2131,74,0,39.80343818,-74.96388753,34007.0,2057,1918,73,0,1845,1807,507078,213,1,0,212,111
2020-04-19,US,New Jersey,Cape May,206,14,0,39.15008829,-74.80170244,34009.0,192,199,14,0,185,189,92560,7,0,0,7,10
2020-04-19,US,New Jersey,Cumberland,308,4,0,39.37199394,-75.10712559,34011.0,304,272,4,0,268,263,150972,36,0,0,36,9
2020-04-19,US,New Jersey,Essex,10304,740,0,40.78681335,-74.24657979,34013.0,9564,9901,732,0,9169,9672,799767,403,8,0,395,229
2020-04-19,US,New Jersey,Gloucester,737,24,0,39.71581067,-75.13995546,34015.0,713,683,23,0,660,664,291408,54,1,0,53,19
2020-04-19,US,New Jersey,Hudson,10486,612,0,40.73766234,-74.07515667,34017.0,9874,9956,434,0,9522,9636,676061,530,178,0,352,320
2020-04-19,US,New Jersey,Hunterdon,407,18,0,40.56335249,-74.91284156,34019.0,389,391,17,0,374,385,124714,16,1,0,15,6
2020-04-19,US,New Jersey,Mercer,2395,113,0,40.28047017,-74.70479631,34021.0,2282,2215,110,0,2105,2123,369811,180,3,0,177,92
2020-04-19,US,New Jersey,Middlesex,8017,329,0,40.43629879,-74.41426991,34023.0,7688,7624,313,0,7311,7308,829685,393,16,0,377,316
2020-04-19,US,New Jersey,Monmouth,4669,226,0,40.26549699,-74.22240686,34025.0,4443,4528,221,0,4307,4414,621354,141,5,0,136,114
2020-04-19,US,New Jersey,Morris,4136,257,0,40.86095313,-74.54553709999999,34027.0,3879,3984,255,0,3729,3822,494228,152,2,0,150,162
2020-04-19,US,New Jersey,Ocean,4648,217,0,39.8895449,-74.28089251,34029.0,4431,4548,212,0,4336,4424,601651,100,5,0,95,124
2020-04-19,US,New Jersey,Passaic,8288,250,0,41.03238628,-74.29954144,34031.0,8038,7936,243,0,7693,7604,503310,352,7,0,345,332
2020-04-19,US,New Jersey,Salem,116,4,0,39.58719656,-75.34696629999999,34033.0,112,105,4,0,101,102,62607,11,0,0,11,3
2020-04-19,US,New Jersey,Somerset,2384,158,0,40.56465737,-74.61683016,34035.0,2226,2283,146,0,2137,2195,331164,101,12,0,89,88
2020-04-19,US,New Jersey,Sussex,659,62,0,41.13891592,-74.69118243,34037.0,597,626,55,0,571,591,140799,33,7,0,26,35
2020-04-19,US,New Jersey,Unassigned,585,0,0,0.0,0.0,90034.0,585,748,2,0,746,719,,-163,-2,0,-161,29
2020-04-19,US,New Jersey,Union,9609,372,0,40.65835409,-74.30680092,34039.0,9237,8959,356,0,8603,8429,558067,650,16,0,634,530
2020-04-19,US,New Jersey,Warren,592,44,0,40.85951833,-74.99556527,34041.0,548,543,39,0,504,521,105779,49,5,0,44,22
2020-04-19,US,New Mexico,Bernalillo,542,24,0,35.05163625,-106.6703554,35001.0,518,527,23,0,504,491,678701,15,1,0,14,36
2020-04-19,US,New Mexico,Catron,1,0,0,33.91514144,-108.4046587,35003.0,1,1,0,0,1,1,3578,0,0,0,0,0
2020-04-19,US,New Mexico,Chaves,21,0,0,33.36406072,-104.4665365,35005.0,21,21,0,0,21,19,64689,0,0,0,0,2
2020-04-19,US,New Mexico,Cibola,33,2,0,34.91131525,-107.998876,35006.0,31,33,2,0,31,30,26746,0,0,0,0,3
2020-04-19,US,New Mexico,Colfax,4,0,0,36.60569702,-104.64726740000002,35007.0,4,4,0,0,4,3,12110,0,0,0,0,1
2020-04-19,US,New Mexico,Curry,10,0,0,34.57421077,-103.34688759999999,35009.0,10,10,0,0,10,10,49437,0,0,0,0,0
2020-04-19,US,New Mexico,Dona Ana,69,1,0,32.35275771,-106.83293870000001,35013.0,68,67,1,0,66,58,217522,2,0,0,2,9
2020-04-19,US,New Mexico,Eddy,9,1,0,32.47167456,-104.3053527,35015.0,8,9,1,0,8,7,57900,0,0,0,0,2
2020-04-19,US,New Mexico,Grant,13,0,0,32.73911281,-108.3827845,35017.0,13,13,0,0,13,12,27346,0,0,0,0,1
2020-04-19,US,New Mexico,Guadalupe,1,0,0,34.86319296,-104.790669,35019.0,1,1,0,0,1,,4341,0,0,0,0,
2020-04-19,US,New Mexico,Lea,2,0,0,32.79215361,-103.4123733,35025.0,2,2,0,0,2,2,69611,0,0,0,0,0
2020-04-19,US,New Mexico,Lincoln,1,0,0,33.74526079,-105.4586166,35027.0,1,1,0,0,1,1,19556,0,0,0,0,0
2020-04-19,US,New Mexico,Los Alamos,6,0,0,35.86631386,-106.31349850000001,35028.0,6,6,0,0,6,6,19101,0,0,0,0,0
2020-04-19,US,New Mexico,Luna,3,0,0,32.18179341,-107.75088259999998,35029.0,3,3,0,0,3,3,23963,0,0,0,0,0
2020-04-19,US,New Mexico,McKinley,363,5,0,35.580077200000005,-108.262245,35031.0,358,356,5,0,351,265,72290,7,0,0,7,91
2020-04-19,US,New Mexico,Otero,3,0,0,32.61348406,-105.7417604,35035.0,3,3,0,0,3,3,66781,0,0,0,0,0
2020-04-19,US,New Mexico,Quay,2,0,0,35.10403332,-103.54817270000001,35037.0,2,2,0,0,2,1,8253,0,0,0,0,1
2020-04-19,US,New Mexico,Rio Arriba,10,0,0,36.51072137,-106.69316740000001,35039.0,10,10,0,0,10,10,39006,0,0,0,0,0
2020-04-19,US,New Mexico,Roosevelt,1,0,0,34.02097406,-103.4799493,35041.0,1,1,0,0,1,1,18743,0,0,0,0,0
2020-04-19,US,New Mexico,San Juan,275,15,0,36.50838318,-108.32043700000001,35045.0,260,260,14,0,246,229,125043,15,1,0,14,31
2020-04-19,US,New Mexico,San Miguel,2,0,0,35.48014807,-104.8163562,35047.0,2,2,0,0,2,2,27591,0,0,0,0,0
2020-04-19,US,New Mexico,Sandoval,315,6,0,35.68862401,-106.86878030000001,35043.0,309,311,6,0,305,293,145179,4,0,0,4,18
2020-04-19,US,New Mexico,Santa Fe,83,0,0,35.50708973,-105.9774716,35049.0,83,82,0,0,82,79,150056,1,0,0,1,3
2020-04-19,US,New Mexico,Socorro,20,1,0,34.00715494,-106.9298354,35053.0,19,20,1,0,19,20,16735,0,0,0,0,0
2020-04-19,US,New Mexico,Taos,15,0,0,36.58006022,-105.63101979999999,35055.0,15,15,0,0,15,15,32835,0,0,0,0,0
2020-04-19,US,New Mexico,Torrance,12,0,0,34.64048375,-105.8508949,35057.0,12,12,0,0,12,12,15591,0,0,0,0,0
2020-04-19,US,New Mexico,Valencia,29,0,0,34.71669834,-106.8103733,35061.0,29,26,0,0,26,24,76456,3,0,0,3,2
2020-04-19,US,New York,Albany,682,20,0,42.60060306,-73.97723916,36001.0,662,648,20,0,628,619,307117,34,0,0,34,29
2020-04-19,US,New York,Allegany,30,2,0,42.25748406,-78.02750466,36003.0,28,30,1,0,29,29,46430,0,1,0,-1,1
2020-04-19,US,New York,Broome,192,10,0,42.15903158,-75.81326086,36007.0,182,186,9,0,177,178,191659,6,1,0,5,8
2020-04-19,US,New York,Cattaraugus,34,0,0,42.24778241,-78.67923096,36009.0,34,34,0,0,34,34,76840,0,0,0,0,0
2020-04-19,US,New York,Cayuga,36,1,0,42.91261714,-76.55731592,36011.0,35,36,1,0,35,36,77145,0,0,0,0,0
2020-04-19,US,New York,Chautauqua,25,3,0,42.227692100000006,-79.36691763,36013.0,22,25,3,0,22,25,127939,0,0,0,0,0
2020-04-19,US,New York,Chemung,73,1,0,42.13891056,-76.7638805,36015.0,72,72,1,0,71,71,84254,1,0,0,1,1
2020-04-19,US,New York,Chenango,78,0,0,42.49430041,-75.60887553,36017.0,78,77,0,0,77,76,47536,1,0,0,1,1
2020-04-19,US,New York,Clinton,49,3,0,44.74530905,-73.67875352,36019.0,46,48,3,0,45,47,80695,1,0,0,1,1
2020-04-19,US,New York,Columbia,107,11,0,42.24819348,-73.63089095,36021.0,96,105,10,0,95,101,59916,2,1,0,1,4
2020-04-19,US,New York,Cortland,25,0,0,42.59509207,-76.07048931,36023.0,25,25,0,0,25,25,47823,0,0,0,0,0
2020-04-19,US,New York,Delaware,49,4,0,42.19837623,-74.96709306,36025.0,45,49,4,0,45,48,44527,0,0,0,0,1
2020-04-19,US,New York,Dutchess,2240,28,0,41.764860600000006,-73.74356679,36027.0,2212,2201,26,0,2175,2142,293718,39,2,0,37,59
2020-04-19,US,New York,Erie,2192,135,0,42.76249024,-78.73063652,36029.0,2057,2023,115,0,1908,2023,919719,169,20,0,149,0
2020-04-19,US,New York,Essex,18,0,0,44.11630765,-73.77297842,36031.0,18,16,0,0,16,15,37300,2,0,0,2,1
2020-04-19,US,New York,Franklin,13,0,0,44.59040891,-74.29926032,36033.0,13,13,0,0,13,13,50293,0,0,0,0,0
2020-04-19,US,New York,Fulton,27,0,0,43.11363907,-74.41798804,36035.0,27,27,0,0,27,27,53591,0,0,0,0,0
2020-04-19,US,New York,Genesee,117,2,0,43.0022601,-78.19135193,36037.0,115,87,2,0,85,83,57511,30,0,0,30,4
2020-04-19,US,New York,Greene,85,0,0,42.275797,-74.12384884,36039.0,85,82,0,0,82,77,47491,3,0,0,3,5
2020-04-19,US,New York,Hamilton,3,0,0,43.66146647,-74.49721957,36041.0,3,3,0,0,3,3,4434,0,0,0,0,0
2020-04-19,US,New York,Herkimer,49,3,0,43.42034246,-74.96145307,36043.0,46,47,3,0,44,46,61833,2,0,0,2,1
2020-04-19,US,New York,Jefferson,54,0,0,44.04200959,-75.94653457,36045.0,54,50,0,0,50,50,111755,4,0,0,4,0
2020-04-19,US,New York,Lewis,8,0,0,43.784415700000004,-75.44903992,36049.0,8,8,0,0,8,8,26447,0,0,0,0,0
2020-04-19,US,New York,Livingston,39,3,0,42.72596275,-77.77966158,36051.0,36,37,3,0,34,34,63227,2,0,0,2,3
2020-04-19,US,New York,Madison,117,5,0,42.91653905,-75.67266639,36053.0,112,117,5,0,112,117,70795,0,0,0,0,0
2020-04-19,US,New York,Monroe,1032,68,0,43.14638895,-77.69322942,36055.0,964,1008,62,0,946,975,742474,24,6,0,18,33
2020-04-19,US,New York,Montgomery,35,1,0,42.90123494,-74.44011632,36057.0,34,34,1,0,33,33,49455,1,0,0,1,1
2020-04-19,US,New York,Nassau,30013,1109,0,40.74066522,-73.58941873,36059.0,28904,29180,1109,0,28071,28539,1358343,833,0,0,833,641
2020-04-19,US,New York,New York City,138700,14451,0,40.767272600000005,-73.97152637,36061.0,124249,135572,13202,0,122370,127352,1628701,3128,1249,0,1879,8220
2020-04-19,US,New York,Niagara,246,9,0,43.19898042,-78.74777412,36063.0,237,234,9,0,225,227,210433,12,0,0,12,7
2020-04-19,US,New York,Oneida,275,7,0,43.24375382,-75.43710392,36065.0,268,268,6,0,262,261,229577,7,1,0,6,7
2020-04-19,US,New York,Onondaga,637,19,0,43.00491923,-76.19971155,36067.0,618,598,17,0,581,598,461809,39,2,0,37,0
2020-04-19,US,New York,Ontario,70,0,0,42.85145728,-77.30874425,36069.0,70,69,0,0,69,67,109864,1,0,0,1,2
2020-04-19,US,New York,Orange,6514,211,0,41.40337468,-74.30240757,36071.0,6303,6514,211,0,6303,6514,381951,0,0,0,0,0
2020-04-19,US,New York,Orleans,46,1,0,43.2516977,-78.2320066,36073.0,45,41,1,0,40,34,40612,5,0,0,5,7
2020-04-19,US,New York,Oswego,47,2,0,43.42778894,-76.14635194,36075.0,45,45,2,0,43,45,117898,2,0,0,2,0
2020-04-19,US,New York,Otsego,48,4,0,42.63492579,-75.03151402,36077.0,44,47,4,0,43,44,59749,1,0,0,1,3
2020-04-19,US,New York,Putnam,778,7,0,41.42630093,-73.74965532,36079.0,771,732,7,0,725,732,98892,46,0,0,46,0
2020-04-19,US,New York,Rensselaer,186,6,0,42.71348136,-73.51089874,36083.0,180,164,6,0,158,150,159442,22,0,0,22,14
2020-04-19,US,New York,Rockland,9364,334,0,41.15027894,-74.02560498,36087.0,9030,9171,334,0,8837,8987,325695,193,0,0,193,184
2020-04-19,US,New York,Saratoga,251,7,0,43.10904162,-73.86653895,36091.0,244,244,7,0,237,236,230163,7,0,0,7,8
2020-04-19,US,New York,Schenectady,295,14,0,42.81668777,-74.05278291,36093.0,281,295,14,0,281,295,155350,0,0,0,0,0
2020-04-19,US,New York,Schoharie,20,0,0,42.58831742,-74.44339029999999,36095.0,20,20,0,0,20,20,31097,0,0,0,0,0
2020-04-19,US,New York,Schuyler,8,0,0,42.39184015,-76.8773299,36097.0,8,8,0,0,8,8,17912,0,0,0,0,0
2020-04-19,US,New York,Seneca,18,0,0,42.78081007,-76.82497064,36099.0,18,18,0,0,18,18,34300,0,0,0,0,0
2020-04-19,US,New York,St. Lawrence,105,0,0,44.4976179,-75.06550039,36089.0,105,98,0,0,98,96,108047,7,0,0,7,2
2020-04-19,US,New York,Steuben,181,23,0,42.2689144,-77.3829924,36101.0,158,181,21,0,160,154,95796,0,2,0,-2,27
2020-04-19,US,New York,Suffolk,26888,693,0,40.88320119,-72.8012172,36103.0,26195,26143,693,0,25450,25035,1481093,745,0,0,745,1108
2020-04-19,US,New York,Sullivan,537,11,0,41.71579493,-74.76394559,36105.0,526,524,11,0,513,505,75498,13,0,0,13,19
2020-04-19,US,New York,Tioga,35,0,0,42.16852837,-76.30835812,36107.0,35,32,0,0,32,30,48560,3,0,0,3,2
2020-04-19,US,New York,Tompkins,119,0,0,42.44945765,-76.47229843,36109.0,119,119,0,0,119,119,102793,0,0,0,0,0
2020-04-19,US,New York,Ulster,960,16,0,41.89027881,-74.26252104,36111.0,944,880,16,0,864,880,178599,80,0,0,80,0
2020-04-19,US,New York,Unassigned,0,401,0,0.0,0.0,90036.0,-401,0,1059,0,-1059,0,,0,-658,0,658,0
2020-04-19,US,New York,Warren,96,0,0,43.56173026,-73.8433699,36113.0,96,94,0,0,94,91,64265,2,0,0,2,3
2020-04-19,US,New York,Washington,63,2,0,43.31153794,-73.43043448,36115.0,61,52,2,0,50,48,61197,11,0,0,11,4
2020-04-19,US,New York,Wayne,50,0,0,43.15494365,-77.02976528,36117.0,50,49,0,0,49,49,90064,1,0,0,1,0
2020-04-19,US,New York,Westchester,23803,668,0,41.16278376,-73.75741653,36119.0,23135,23179,668,0,22511,22476,967612,624,0,0,624,703
2020-04-19,US,New York,Wyoming,44,3,0,42.70145109,-78.22199579,36121.0,41,44,3,0,41,44,40085,0,0,0,0,0
2020-04-19,US,New York,Yates,9,0,0,42.63505484,-77.10369919,36123.0,9,9,0,0,9,8,24841,0,0,0,0,1
2020-04-19,US,North Carolina,Alamance,50,0,0,36.0434701,-79.39976137,37001.0,50,48,0,0,48,47,166436,2,0,0,2,1
2020-04-19,US,North Carolina,Alexander,3,0,0,35.922379600000006,-81.17751948,37003.0,3,3,0,0,3,3,37353,0,0,0,0,0
2020-04-19,US,North Carolina,Alleghany,2,0,0,36.49360862,-81.12857041,37005.0,2,2,0,0,2,2,11161,0,0,0,0,0
2020-04-19,US,North Carolina,Anson,16,0,0,34.97403241,-80.09953279,37007.0,16,16,0,0,16,15,24877,0,0,0,0,1
2020-04-19,US,North Carolina,Ashe,4,0,0,36.43296207,-81.49862729,37009.0,4,4,0,0,4,4,27109,0,0,0,0,0
2020-04-19,US,North Carolina,Beaufort,14,0,0,35.48531943,-76.84325809,37013.0,14,14,0,0,14,14,47079,0,0,0,0,0
2020-04-19,US,North Carolina,Bertie,21,1,0,36.0688473,-76.96545943,37015.0,20,20,1,0,19,18,19026,1,0,0,1,2
2020-04-19,US,North Carolina,Bladen,2,0,0,34.61296243,-78.56180059,37017.0,2,2,0,0,2,2,33190,0,0,0,0,0
2020-04-19,US,North Carolina,Brunswick,36,2,0,34.070565,-78.22814204,37019.0,34,36,2,0,34,36,136744,0,0,0,0,0
2020-04-19,US,North Carolina,Buncombe,47,3,0,35.61113393,-82.53305,37021.0,44,47,3,0,44,47,259103,0,0,0,0,0
2020-04-19,US,North Carolina,Burke,68,6,0,35.74989637,-81.70755735,37023.0,62,66,5,0,61,66,90382,2,1,0,1,0
2020-04-19,US,North Carolina,Cabarrus,208,4,0,35.3877799,-80.55267168,37025.0,204,207,4,0,203,207,211342,1,0,0,1,0
2020-04-19,US,North Carolina,Caldwell,23,0,0,35.95204977,-81.54799522,37027.0,23,22,0,0,22,22,82029,1,0,0,1,0
2020-04-19,US,North Carolina,Carteret,24,2,0,34.8932941,-76.54120135,37031.0,22,24,2,0,22,22,69524,0,0,0,0,2
2020-04-19,US,North Carolina,Caswell,7,0,0,36.39312665,-79.33353281,37033.0,7,7,0,0,7,7,22698,0,0,0,0,0
2020-04-19,US,North Carolina,Catawba,43,1,0,35.66211129,-81.2132617,37035.0,42,43,1,0,42,43,158652,0,0,0,0,0
2020-04-19,US,North Carolina,Chatham,119,1,0,35.70394416,-79.25541492,37037.0,118,101,1,0,100,85,73139,18,0,0,18,16
2020-04-19,US,North Carolina,Cherokee,16,1,0,35.1349263,-84.05970864,37039.0,15,16,1,0,15,16,28383,0,0,0,0,0
2020-04-19,US,North Carolina,Chowan,6,0,0,36.12908077,-76.60118385,37041.0,6,6,0,0,6,6,14029,0,0,0,0,0
2020-04-19,US,North Carolina,Clay,5,0,0,35.05704275,-83.74353633,37043.0,5,5,0,0,5,5,11139,0,0,0,0,0
2020-04-19,US,North Carolina,Cleveland,44,2,0,35.33553364,-81.55204486,37045.0,42,42,2,0,40,42,97645,2,0,0,2,0
2020-04-19,US,North Carolina,Columbus,58,3,0,34.26744084,-78.65801424,37047.0,55,55,2,0,53,55,55655,3,1,0,2,0
2020-04-19,US,North Carolina,Craven,34,2,0,35.11833364,-77.08398081,37049.0,32,33,2,0,31,33,102912,1,0,0,1,0
2020-04-19,US,North Carolina,Cumberland,113,6,0,35.04762133,-78.82623165,37051.0,107,113,6,0,107,105,332330,0,0,0,0,8
2020-04-19,US,North Carolina,Currituck,3,0,0,36.36123664,-75.95876401,37053.0,3,3,0,0,3,3,27072,0,0,0,0,0
2020-04-19,US,North Carolina,Dare,15,1,0,35.66520691,-75.71767334,37055.0,14,15,1,0,14,15,36501,0,0,0,0,0
2020-04-19,US,North Carolina,Davidson,94,2,0,35.79115496,-80.21256572,37057.0,92,94,2,0,92,94,166614,0,0,0,0,0
2020-04-19,US,North Carolina,Davie,23,2,0,35.93099927,-80.54496571,37059.0,21,23,2,0,21,23,42733,0,0,0,0,0
2020-04-19,US,North Carolina,Duplin,24,0,0,34.93449805,-77.93140529,37061.0,24,23,0,0,23,23,58856,1,0,0,1,0
2020-04-19,US,North Carolina,Durham,409,5,0,36.03638492,-78.87608331,37063.0,404,399,4,0,395,388,316739,10,1,0,9,11
2020-04-19,US,North Carolina,Edgecombe,58,1,0,35.91230639,-77.59436892,37065.0,57,49,1,0,48,46,52005,9,0,0,9,3
2020-04-19,US,North Carolina,Forsyth,126,5,0,36.12859861,-80.25459052,37067.0,121,126,5,0,121,126,379099,0,0,0,0,0
2020-04-19,US,North Carolina,Franklin,69,8,0,36.081519,-78.28708884,37069.0,61,69,7,0,62,67,67560,0,1,0,-1,2
2020-04-19,US,North Carolina,Gaston,111,3,0,35.29373559,-81.17477045,37071.0,108,110,3,0,107,110,222846,1,0,0,1,0
2020-04-19,US,North Carolina,Gates,4,0,0,36.44667547,-76.69749701,37073.0,4,4,0,0,4,4,11573,0,0,0,0,0
2020-04-19,US,North Carolina,Granville,110,5,0,36.30337451,-78.65184241,37077.0,105,109,5,0,104,106,60115,1,0,0,1,3
2020-04-19,US,North Carolina,Greene,14,0,0,35.48544173,-77.67578087,37079.0,14,14,0,0,14,14,21012,0,0,0,0,0
2020-04-19,US,North Carolina,Guilford,176,13,0,36.07959451,-79.78824948,37081.0,163,176,13,0,163,171,533670,0,0,0,0,5
2020-04-19,US,North Carolina,Halifax,32,1,0,36.25669272,-77.6556109,37083.0,31,32,1,0,31,32,50574,0,0,0,0,0
2020-04-19,US,North Carolina,Harnett,58,3,0,35.36731853,-78.87243571,37085.0,55,55,3,0,52,54,134214,3,0,0,3,1
2020-04-19,US,North Carolina,Haywood,5,0,0,35.55269063,-82.98196486,37087.0,5,5,0,0,5,5,61971,0,0,0,0,0
2020-04-19,US,North Carolina,Henderson,120,11,0,35.33788927,-82.4766782,37089.0,109,108,11,0,97,106,116748,12,0,0,12,2
2020-04-19,US,North Carolina,Hertford,9,1,0,36.3607755,-76.98104134,37091.0,8,7,1,0,6,7,23659,2,0,0,2,0
2020-04-19,US,North Carolina,Hoke,23,0,0,35.01888303,-79.23651674,37093.0,23,23,0,0,23,22,54764,0,0,0,0,1
2020-04-19,US,North Carolina,Iredell,81,3,0,35.80950511,-80.8743128,37097.0,78,81,3,0,78,81,178435,0,0,0,0,0
2020-04-19,US,North Carolina,Jackson,5,0,0,35.28814273,-83.14093385,37099.0,5,5,0,0,5,5,43327,0,0,0,0,0
2020-04-19,US,North Carolina,Johnston,123,9,0,35.51745004,-78.36622717,37101.0,114,121,9,0,112,114,202675,2,0,0,2,7
2020-04-19,US,North Carolina,Jones,9,1,0,35.02254606,-77.35870791,37103.0,8,9,1,0,8,9,9637,0,0,0,0,0
2020-04-19,US,North Carolina,Lee,34,0,0,35.47623147,-79.17569362,37105.0,34,30,0,0,30,30,61452,4,0,0,4,0
2020-04-19,US,North Carolina,Lenoir,21,1,0,35.240325899999995,-77.64245615,37107.0,20,18,1,0,17,17,55976,3,0,0,3,1
2020-04-19,US,North Carolina,Lincoln,19,0,0,35.48508185,-81.21740317,37109.0,19,20,0,0,20,20,83770,-1,0,0,-1,0
2020-04-19,US,North Carolina,Macon,2,1,0,35.14867843,-83.41696617,37113.0,1,2,1,0,1,2,35285,0,0,0,0,0
2020-04-19,US,North Carolina,Martin,9,0,0,35.84326734,-77.10860251,37117.0,9,8,0,0,8,8,22671,1,0,0,1,0
2020-04-19,US,North Carolina,McDowell,20,0,0,35.67736232,-82.0482425,37111.0,20,20,0,0,20,20,45507,0,0,0,0,0
2020-04-19,US,North Carolina,Mecklenburg,1183,29,0,35.24469268,-80.8317671,37119.0,1154,1153,24,0,1129,1136,1093901,30,5,0,25,17
2020-04-19,US,North Carolina,Mitchell,5,0,0,36.01059309,-82.1582442,37121.0,5,5,0,0,5,5,15000,0,0,0,0,0
2020-04-19,US,North Carolina,Montgomery,18,1,0,35.33155144,-79.90416657,37123.0,17,17,1,0,16,17,27271,1,0,0,1,0
2020-04-19,US,North Carolina,Moore,93,4,0,35.30885257,-79.48474178,37125.0,89,93,4,0,89,89,98682,0,0,0,0,4
2020-04-19,US,North Carolina,Nash,61,1,0,35.96575634,-77.98422508,37127.0,60,53,1,0,52,52,94016,8,0,0,8,1
2020-04-19,US,North Carolina,New Hanover,68,1,0,34.25758282,-77.87075626,37129.0,67,68,1,0,67,68,232274,0,0,0,0,0
2020-04-19,US,North Carolina,Northampton,72,2,0,36.41736238,-77.39769443,37131.0,70,70,1,0,69,70,19676,2,1,0,1,0
2020-04-19,US,North Carolina,Onslow,37,1,0,34.72607366,-77.42908179,37133.0,36,37,1,0,36,37,197683,0,0,0,0,0
2020-04-19,US,North Carolina,Orange,187,3,0,36.06092947,-79.12167935,37135.0,184,183,3,0,180,175,146027,4,0,0,4,8
2020-04-19,US,North Carolina,Pamlico,6,0,0,35.15253315,-76.66559823,37137.0,6,6,0,0,6,6,12670,0,0,0,0,0
2020-04-19,US,North Carolina,Pasquotank,20,0,0,36.26723798,-76.25134778,37139.0,20,20,0,0,20,20,39639,0,0,0,0,0
2020-04-19,US,North Carolina,Pender,7,0,0,34.52265624,-77.90352133,37141.0,7,6,0,0,6,5,62162,1,0,0,1,1
2020-04-19,US,North Carolina,Perquimans,8,0,0,36.17847453,-76.40603143,37143.0,8,8,0,0,8,8,13422,0,0,0,0,0
2020-04-19,US,North Carolina,Person,16,0,0,36.38989032,-78.97217358,37145.0,16,16,0,0,16,15,39507,0,0,0,0,1
2020-04-19,US,North Carolina,Pitt,93,1,0,35.59535426,-77.37353178,37147.0,92,89,1,0,88,85,179914,4,0,0,4,4
2020-04-19,US,North Carolina,Polk,10,0,0,35.27820615,-82.16812354,37149.0,10,10,0,0,10,9,20611,0,0,0,0,1
2020-04-19,US,North Carolina,Randolph,74,2,0,35.71015088,-79.80570339,37151.0,72,69,2,0,67,67,143351,5,0,0,5,2
2020-04-19,US,North Carolina,Richmond,19,2,0,35.00417719,-79.74491009,37153.0,17,18,2,0,16,17,44887,1,0,0,1,1
2020-04-19,US,North Carolina,Robeson,25,2,0,34.64244496,-79.10250529999999,37155.0,23,22,2,0,20,20,131831,3,0,0,3,2
2020-04-19,US,North Carolina,Rockingham,18,2,0,36.39593137,-79.77504841,37157.0,16,16,2,0,14,16,90690,2,0,0,2,0
2020-04-19,US,North Carolina,Rowan,248,12,0,35.64003916,-80.52446628,37159.0,236,244,12,0,232,231,141262,4,0,0,4,13
2020-04-19,US,North Carolina,Rutherford,75,4,0,35.40114178,-81.92112099,37161.0,71,65,2,0,63,59,66826,10,2,0,8,6
2020-04-19,US,North Carolina,Sampson,22,0,0,34.98820368,-78.36914061,37163.0,22,19,0,0,19,18,63626,3,0,0,3,1
2020-04-19,US,North Carolina,Scotland,12,0,0,34.8386299,-79.4757978,37165.0,12,11,0,0,11,11,34810,1,0,0,1,0
2020-04-19,US,North Carolina,Stanly,20,3,0,35.31647813,-80.25093221,37167.0,17,20,2,0,18,20,62075,0,1,0,-1,0
2020-04-19,US,North Carolina,Stokes,10,0,0,36.4017975,-80.23893369,37169.0,10,10,0,0,10,10,45467,0,0,0,0,0
2020-04-19,US,North Carolina,Surry,17,0,0,36.41689489,-80.69102283,37171.0,17,17,0,0,17,16,71948,0,0,0,0,1
2020-04-19,US,North Carolina,Transylvania,7,0,0,35.20383864,-82.79638423,37175.0,7,7,0,0,7,6,34215,0,0,0,0,1
2020-04-19,US,North Carolina,Tyrrell,4,0,0,35.87147226,-76.17055253,37177.0,4,4,0,0,4,4,4131,0,0,0,0,0
2020-04-19,US,North Carolina,Unassigned,3,0,0,0.0,0.0,90037.0,3,,,,,,,,,,,
2020-04-19,US,North Carolina,Union,149,3,0,34.98960527,-80.52955873,37179.0,146,141,3,0,138,141,235908,8,0,0,8,0
2020-04-19,US,North Carolina,Vance,32,1,0,36.36880673,-78.40670845,37181.0,31,30,1,0,29,28,44582,2,0,0,2,2
2020-04-19,US,North Carolina,Wake,592,4,0,35.78879266,-78.65249174,37183.0,588,579,4,0,575,574,1092305,13,0,0,13,5
2020-04-19,US,North Carolina,Warren,3,0,0,36.39728256,-78.10652228,37185.0,3,3,0,0,3,3,19807,0,0,0,0,0
2020-04-19,US,North Carolina,Washington,20,2,0,35.83810081,-76.57299037,37187.0,18,19,2,0,17,18,11859,1,0,0,1,1
2020-04-19,US,North Carolina,Watauga,8,0,0,36.23103603,-81.70033724,37189.0,8,8,0,0,8,8,55945,0,0,0,0,0
2020-04-19,US,North Carolina,Wayne,463,4,0,35.36438125,-78.00027268,37191.0,459,378,4,0,374,246,123248,85,0,0,85,132
2020-04-19,US,North Carolina,Wilkes,4,1,0,36.2084135,-81.16232895,37193.0,3,4,1,0,3,4,68557,0,0,0,0,0
2020-04-19,US,North Carolina,Wilson,112,4,0,35.70625477,-77.917978,37195.0,108,109,4,0,105,96,81455,3,0,0,3,13
2020-04-19,US,North Carolina,Yadkin,11,1,0,36.16222629,-80.66239436,37197.0,10,11,1,0,10,11,37543,0,0,0,0,0
2020-04-19,US,North Dakota,Barnes,3,0,0,46.93579637,-98.06605978,38003.0,3,3,0,0,3,2,10542,0,0,0,0,1
2020-04-19,US,North Dakota,Bowman,1,0,0,46.11285362,-103.5203343,38011.0,1,1,0,0,1,1,3076,0,0,0,0,0
2020-04-19,US,North Dakota,Burke,2,0,0,48.79094471,-102.51821170000001,38013.0,2,2,0,0,2,2,2100,0,0,0,0,0
2020-04-19,US,North Dakota,Burleigh,63,0,0,46.97847375,-100.46452140000001,38015.0,63,61,0,0,61,54,95273,2,0,0,2,7
2020-04-19,US,North Dakota,Cass,212,2,0,46.93201724,-97.24447190000001,38017.0,210,197,2,0,195,152,181516,15,0,0,15,45
2020-04-19,US,North Dakota,Divide,1,0,0,48.814938700000006,-103.48736109999999,38023.0,1,1,0,0,1,1,2283,0,0,0,0,0
2020-04-19,US,North Dakota,Dunn,9,0,0,47.35423935,-102.61604679999999,38025.0,9,6,0,0,6,4,4332,3,0,0,3,2
2020-04-19,US,North Dakota,Eddy,1,0,0,47.71701474,-98.90432337,38027.0,1,1,0,0,1,1,2313,0,0,0,0,0
2020-04-19,US,North Dakota,Emmons,1,1,0,46.28398398,-100.2389766,38029.0,0,1,1,0,0,1,3295,0,0,0,0,0
2020-04-19,US,North Dakota,Foster,1,0,0,47.457108399999996,-98.88279923,38031.0,1,1,0,0,1,1,3216,0,0,0,0,0
2020-04-19,US,North Dakota,Grand Forks,133,0,0,47.92093639,-97.45450447,38035.0,133,99,0,0,99,23,70770,34,0,0,34,76
2020-04-19,US,North Dakota,Grant,1,0,0,46.35821257,-101.63900129999999,38037.0,1,1,0,0,1,1,2374,0,0,0,0,0
2020-04-19,US,North Dakota,McHenry,1,1,0,48.23104458,-100.6324822,38049.0,0,1,1,0,0,1,5816,0,0,0,0,0
2020-04-19,US,North Dakota,McIntosh,1,0,0,46.11182017,-99.44145858,38051.0,1,1,0,0,1,1,2585,0,0,0,0,0
2020-04-19,US,North Dakota,McKenzie,10,0,0,47.741333700000006,-103.395905,38053.0,10,10,0,0,10,10,13632,0,0,0,0,0
2020-04-19,US,North Dakota,McLean,3,0,0,47.60766714,-101.3182418,38055.0,3,3,0,0,3,3,9541,0,0,0,0,0
2020-04-19,US,North Dakota,Morton,22,2,0,46.71681782,-101.2822377,38059.0,20,21,2,0,19,21,31095,1,0,0,1,0
2020-04-19,US,North Dakota,Mountrail,30,0,0,48.20197971,-102.3555315,38061.0,30,29,0,0,29,29,10218,1,0,0,1,0
2020-04-19,US,North Dakota,Nelson,1,0,0,47.9226426,-98.19038437,38063.0,1,,,,,,2869,,,,,
2020-04-19,US,North Dakota,Oliver,1,0,0,47.11530482,-101.3406158,38065.0,1,1,0,0,1,1,1952,0,0,0,0,0
2020-04-19,US,North Dakota,Pierce,2,0,0,48.24977025,-99.96407787,38069.0,2,2,0,0,2,2,4081,0,0,0,0,0
2020-04-19,US,North Dakota,Ramsey,3,0,0,48.26886249,-98.72223879,38071.0,3,3,0,0,3,3,11481,0,0,0,0,0
2020-04-19,US,North Dakota,Richland,5,0,0,46.26440649,-96.94852979,38077.0,5,5,0,0,5,4,16239,0,0,0,0,1
2020-04-19,US,North Dakota,Rolette,1,0,0,48.77245354,-99.84097493,38079.0,1,1,0,0,1,1,14301,0,0,0,0,0
2020-04-19,US,North Dakota,Sargent,1,0,0,46.10830372,-97.63217159,38081.0,1,1,0,0,1,1,3870,0,0,0,0,0
2020-04-19,US,North Dakota,Sioux,1,0,0,46.11323337,-101.04401490000001,38085.0,1,1,0,0,1,1,4358,0,0,0,0,0
2020-04-19,US,North Dakota,Slope,3,0,0,46.44737738,-103.4601547,38087.0,3,3,0,0,3,3,763,0,0,0,0,0
2020-04-19,US,North Dakota,Stark,39,2,0,46.80851182,-102.65763259999999,38089.0,37,38,2,0,36,37,30997,1,0,0,1,1
2020-04-19,US,North Dakota,Stutsman,1,0,0,46.97962541,-98.95637318,38093.0,1,1,0,0,1,1,20917,0,0,0,0,0
2020-04-19,US,North Dakota,Walsh,3,0,0,48.36876964,-97.72574783,38099.0,3,3,0,0,3,3,10667,0,0,0,0,0
2020-04-19,US,North Dakota,Ward,20,1,0,48.22390169,-101.54367629999999,38101.0,19,20,1,0,19,20,67744,0,0,0,0,0
2020-04-19,US,North Dakota,Williams,9,0,0,48.34522353,-103.4793387,38105.0,9,10,0,0,10,8,35350,-1,0,0,-1,2
2020-04-19,US,Ohio,Adams,3,0,0,38.84541072,-83.4718964,39001.0,3,3,0,0,3,3,27724,0,0,0,0,0
2020-04-19,US,Ohio,Allen,79,11,0,40.77285242,-84.10802343,39003.0,68,70,11,0,59,65,102663,9,0,0,9,5
2020-04-19,US,Ohio,Ashland,6,0,0,40.84772277,-82.27280781,39005.0,6,5,0,0,5,5,53745,1,0,0,1,0
2020-04-19,US,Ohio,Ashtabula,66,5,0,41.70860332,-80.74830218,39007.0,61,64,4,0,60,54,97493,2,1,0,1,10
2020-04-19,US,Ohio,Athens,3,1,0,39.33425634,-82.04278644,39009.0,2,3,1,0,2,3,65818,0,0,0,0,0
2020-04-19,US,Ohio,Auglaize,22,2,0,40.55998859,-84.22421429999999,39011.0,20,22,2,0,20,21,45804,0,0,0,0,1
2020-04-19,US,Ohio,Belmont,68,3,0,40.01625942,-80.9924051,39013.0,65,68,3,0,65,63,67505,0,0,0,0,5
2020-04-19,US,Ohio,Brown,9,1,0,38.93416837,-83.86788395,39015.0,8,9,1,0,8,8,43602,0,0,0,0,1
2020-04-19,US,Ohio,Butler,166,2,0,39.44012838,-84.57388716,39017.0,164,164,2,0,162,155,382378,2,0,0,2,9
2020-04-19,US,Ohio,Carroll,15,0,0,40.578968599999996,-81.09178213,39019.0,15,15,0,0,15,15,27081,0,0,0,0,0
2020-04-19,US,Ohio,Champaign,8,1,0,40.13923427,-83.76875242,39021.0,7,7,1,0,6,6,38754,1,0,0,1,1
2020-04-19,US,Ohio,Clark,25,0,0,39.91592258,-83.78498252,39023.0,25,26,0,0,26,25,134585,-1,0,0,-1,1
2020-04-19,US,Ohio,Clermont,72,1,0,39.04847534,-84.15375786,39025.0,71,71,1,0,70,66,205466,1,0,0,1,5
2020-04-19,US,Ohio,Clinton,26,0,0,39.41485808,-83.80852286,39027.0,26,26,0,0,26,26,42057,0,0,0,0,0
2020-04-19,US,Ohio,Columbiana,167,13,0,40.76932373,-80.78094576,39029.0,154,161,13,0,148,154,102665,6,0,0,6,7
2020-04-19,US,Ohio,Coshocton,16,0,0,40.30096166,-81.91729018,39031.0,16,16,0,0,16,16,36629,0,0,0,0,0
2020-04-19,US,Ohio,Crawford,41,0,0,40.85065156,-82.91989099,39033.0,41,36,0,0,36,28,41550,5,0,0,5,8
2020-04-19,US,Ohio,Cuyahoga,1466,53,0,41.424119,-81.65918339,39035.0,1413,1453,52,0,1401,1383,1243857,13,1,0,12,70
2020-04-19,US,Ohio,Darke,56,10,0,40.13412966,-84.6194517,39037.0,46,55,10,0,45,55,51323,1,0,0,1,0
2020-04-19,US,Ohio,Defiance,14,0,0,41.32398837,-84.49076944,39039.0,14,13,0,0,13,13,38165,1,0,0,1,0
2020-04-19,US,Ohio,Delaware,123,3,0,40.27942393,-83.00457058,39041.0,120,119,3,0,116,119,204826,4,0,0,4,0
2020-04-19,US,Ohio,Erie,33,2,0,41.36796058,-82.62904521,39043.0,31,27,1,0,26,23,74615,6,1,0,5,4
2020-04-19,US,Ohio,Fairfield,97,2,0,39.75107189,-82.63088163,39045.0,95,97,2,0,95,95,155782,0,0,0,0,2
2020-04-19,US,Ohio,Fayette,13,0,0,39.56021306,-83.4562016,39047.0,13,13,0,0,13,12,28666,0,0,0,0,1
2020-04-19,US,Ohio,Franklin,1513,29,0,39.96995815,-83.01115755,39049.0,1484,1403,27,0,1376,1320,1310300,110,2,0,108,83
2020-04-19,US,Ohio,Fulton,17,0,0,41.60213491,-84.12571393,39051.0,17,14,0,0,14,13,42276,3,0,0,3,1
2020-04-19,US,Ohio,Gallia,6,1,0,38.82708533,-82.31647569,39053.0,5,6,1,0,5,6,29979,0,0,0,0,0
2020-04-19,US,Ohio,Geauga,100,4,0,41.49952319,-81.17935342,39055.0,96,98,4,0,94,96,94031,2,0,0,2,2
2020-04-19,US,Ohio,Greene,38,2,0,39.69116283,-83.89032084,39057.0,36,39,2,0,37,33,167995,-1,0,0,-1,6
2020-04-19,US,Ohio,Guernsey,11,0,0,40.05026529,-81.49248905,39059.0,11,10,0,0,10,10,39022,1,0,0,1,0
2020-04-19,US,Ohio,Hamilton,718,33,0,39.19673558,-84.54502924,39061.0,685,701,30,0,671,658,816684,17,3,0,14,43
2020-04-19,US,Ohio,Hancock,29,1,0,41.00250487,-83.66838948,39063.0,28,30,1,0,29,27,75930,-1,0,0,-1,3
2020-04-19,US,Ohio,Hardin,17,0,0,40.66015414,-83.65929931,39065.0,17,15,0,0,15,13,31480,2,0,0,2,2
2020-04-19,US,Ohio,Harrison,2,0,0,40.29380509,-81.09068544,39067.0,2,2,0,0,2,2,15174,0,0,0,0,0
2020-04-19,US,Ohio,Henry,3,0,0,41.333964200000004,-84.06830637,39069.0,3,3,0,0,3,3,27086,0,0,0,0,0
2020-04-19,US,Ohio,Highland,7,0,0,39.1839264,-83.60331456,39071.0,7,7,0,0,7,7,43058,0,0,0,0,0
2020-04-19,US,Ohio,Hocking,4,0,0,39.49537927,-82.47991446,39073.0,4,4,0,0,4,4,28385,0,0,0,0,0
2020-04-19,US,Ohio,Holmes,3,0,0,40.56163713,-81.92635677,39075.0,3,3,0,0,3,3,43892,0,0,0,0,0
2020-04-19,US,Ohio,Huron,16,1,0,41.14651175,-82.59867951,39077.0,15,15,1,0,14,16,58504,1,0,0,1,-1
2020-04-19,US,Ohio,Jackson,5,0,0,39.01914254,-82.61818559999999,39079.0,5,4,0,0,4,3,32384,1,0,0,1,1
2020-04-19,US,Ohio,Jefferson,28,0,0,40.38614126,-80.76259514,39081.0,28,26,0,0,26,24,65767,2,0,0,2,2
2020-04-19,US,Ohio,Knox,11,1,0,40.39830217,-82.42027563,39083.0,10,11,1,0,10,11,61893,0,0,0,0,0
2020-04-19,US,Ohio,Lake,133,6,0,41.69710807,-81.23676539,39085.0,127,131,6,0,125,130,230514,2,0,0,2,1
2020-04-19,US,Ohio,Lawrence,21,0,0,38.59743452,-82.53466552,39087.0,21,20,0,0,20,20,59866,1,0,0,1,0
2020-04-19,US,Ohio,Licking,102,4,0,40.09136236,-82.48185785,39089.0,98,94,4,0,90,94,175769,8,0,0,8,0
2020-04-19,US,Ohio,Logan,13,0,0,40.38996525,-83.76784341,39091.0,13,13,0,0,13,12,45358,0,0,0,0,1
2020-04-19,US,Ohio,Lorain,294,17,0,41.29553751,-82.15083537,39093.0,277,291,16,0,275,245,309461,3,1,0,2,46
2020-04-19,US,Ohio,Lucas,789,33,0,41.62101218,-83.65468618,39095.0,756,724,31,0,693,682,429899,65,2,0,63,42
2020-04-19,US,Ohio,Madison,30,3,0,39.89381073,-83.40178317,39097.0,27,30,3,0,27,27,44413,0,0,0,0,3
2020-04-19,US,Ohio,Mahoning,589,48,0,41.01631101,-80.77287029,39099.0,541,572,45,0,527,547,229642,17,3,0,14,25
2020-04-19,US,Ohio,Marion,1834,1,0,40.58610662,-83.15736305,39101.0,1833,983,1,0,982,428,65256,851,0,0,851,555
2020-04-19,US,Ohio,Medina,135,10,0,41.11770589,-81.89986209999999,39103.0,125,132,10,0,122,130,179146,3,0,0,3,2
2020-04-19,US,Ohio,Meigs,2,0,0,39.09224872,-82.0305041,39105.0,2,2,0,0,2,2,23106,0,0,0,0,0
2020-04-19,US,Ohio,Mercer,13,1,0,40.54043046,-84.62912742,39107.0,12,13,1,0,12,13,40959,0,0,0,0,0
2020-04-19,US,Ohio,Miami,129,22,0,40.0543329,-84.22871271,39109.0,107,129,22,0,107,129,106222,0,0,0,0,0
2020-04-19,US,Ohio,Monroe,2,0,0,39.72984936,-81.08464734,39111.0,2,2,0,0,2,2,13790,0,0,0,0,0
2020-04-19,US,Ohio,Montgomery,232,8,0,39.75394919,-84.29050975,39113.0,224,229,8,0,221,222,532331,3,0,0,3,7
2020-04-19,US,Ohio,Morgan,3,0,0,39.62081738,-81.85308173,39115.0,3,3,0,0,3,3,14604,0,0,0,0,0
2020-04-19,US,Ohio,Morrow,20,0,0,40.523635600000006,-82.7892599,39117.0,20,19,0,0,19,16,35112,1,0,0,1,3
2020-04-19,US,Ohio,Muskingum,8,0,0,39.96575964,-81.94363275,39119.0,8,8,0,0,8,8,86183,0,0,0,0,0
2020-04-19,US,Ohio,Noble,6,0,0,39.76818851,-81.45937183,39121.0,6,3,0,0,3,3,14354,3,0,0,3,0
2020-04-19,US,Ohio,Ottawa,27,0,0,41.53781826,-83.0940185,39123.0,27,27,0,0,27,21,40769,0,0,0,0,6
2020-04-19,US,Ohio,Paulding,5,0,0,41.11676341,-84.5801017,39125.0,5,5,0,0,5,5,18760,0,0,0,0,0
2020-04-19,US,Ohio,Perry,9,0,0,39.73508655,-82.23804971,39127.0,9,9,0,0,9,8,36033,0,0,0,0,1
2020-04-19,US,Ohio,Pickaway,477,4,0,39.64170392,-83.0243386,39129.0,473,302,4,0,298,253,58086,175,0,0,175,49
2020-04-19,US,Ohio,Pike,1,0,0,39.07634001,-83.06769584,39131.0,1,1,0,0,1,1,28067,0,0,0,0,0
2020-04-19,US,Ohio,Portage,176,24,0,41.16793482,-81.19735782,39133.0,152,168,24,0,144,166,162927,8,0,0,8,2
2020-04-19,US,Ohio,Preble,21,1,0,39.7420247,-84.64787018,39135.0,20,21,1,0,20,21,40997,0,0,0,0,0
2020-04-19,US,Ohio,Putnam,18,0,0,41.02094889,-84.1336111,39137.0,18,14,0,0,14,13,33780,4,0,0,4,1
2020-04-19,US,Ohio,Richland,65,1,0,40.77180308,-82.53799609999999,39139.0,64,60,1,0,59,50,121099,5,0,0,5,10
2020-04-19,US,Ohio,Ross,36,0,0,39.33705391,-83.06000914,39141.0,36,33,0,0,33,28,76931,3,0,0,3,5
2020-04-19,US,Ohio,Sandusky,18,2,0,41.35624126,-83.137872,39143.0,16,17,2,0,15,16,58799,1,0,0,1,1
2020-04-19,US,Ohio,Scioto,9,0,0,38.80270163,-82.98907345,39145.0,9,7,0,0,7,5,75502,2,0,0,2,2
2020-04-19,US,Ohio,Seneca,12,1,0,41.12351311,-83.12783209,39147.0,11,11,1,0,10,11,55207,1,0,0,1,0
2020-04-19,US,Ohio,Shelby,29,0,0,40.33163494,-84.20258189,39149.0,29,28,0,0,28,28,48627,1,0,0,1,0
2020-04-19,US,Ohio,Stark,224,24,0,40.81482476,-81.36437305,39151.0,200,221,23,0,198,210,371574,3,1,0,2,11
2020-04-19,US,Ohio,Summit,350,21,0,41.12464734,-81.53123079,39153.0,329,340,20,0,320,323,541918,10,1,0,9,17
2020-04-19,US,Ohio,Trumbull,237,19,0,41.31735028,-80.76109643,39155.0,218,231,16,0,215,213,198627,6,3,0,3,18
2020-04-19,US,Ohio,Tuscarawas,31,0,0,40.44214695,-81.47226262,39157.0,31,31,0,0,31,31,92176,0,0,0,0,0
2020-04-19,US,Ohio,Union,12,0,0,40.30016061,-83.37239023,39159.0,12,12,0,0,12,12,57835,0,0,0,0,0
2020-04-19,US,Ohio,Van Wert,3,0,0,40.8554138,-84.59111700000001,39161.0,3,2,0,0,2,2,28281,1,0,0,1,0
2020-04-19,US,Ohio,Warren,112,9,0,39.42581994,-84.16557457,39165.0,103,112,8,0,104,93,232173,0,1,0,-1,19
2020-04-19,US,Ohio,Washington,65,6,0,39.45690571,-81.49121382,39167.0,59,57,6,0,51,55,60155,8,0,0,8,2
2020-04-19,US,Ohio,Wayne,79,12,0,40.82925852,-81.88844833,39169.0,67,77,12,0,65,72,115967,2,0,0,2,5
2020-04-19,US,Ohio,Williams,8,1,0,41.56052014,-84.58429552,39171.0,7,7,1,0,6,6,36804,1,0,0,1,1
2020-04-19,US,Ohio,Wood,84,9,0,41.36224827,-83.62285108,39173.0,75,80,9,0,71,73,130696,4,0,0,4,7
2020-04-19,US,Ohio,Wyandot,17,2,0,40.84339621,-83.30734173,39175.0,15,17,2,0,15,16,21935,0,0,0,0,1
2020-04-19,US,Oklahoma,Adair,43,3,0,35.88494195,-94.65859267,40001.0,40,29,3,0,26,29,22082,14,0,0,14,0
2020-04-19,US,Oklahoma,Alfalfa,1,0,0,36.73090616,-98.32408495,40003.0,1,1,0,0,1,1,5754,0,0,0,0,0
2020-04-19,US,Oklahoma,Atoka,1,0,0,34.37366573,-96.03802487,40005.0,1,1,0,0,1,1,13838,0,0,0,0,0
2020-04-19,US,Oklahoma,Beaver,1,0,0,36.7496847,-100.4758872,40007.0,1,1,0,0,1,1,5319,0,0,0,0,0
2020-04-19,US,Oklahoma,Beckham,2,0,0,35.26862449,-99.68128023,40009.0,2,2,0,0,2,2,21709,0,0,0,0,0
2020-04-19,US,Oklahoma,Bryan,5,0,0,33.96472458,-96.25903472,40013.0,5,5,0,0,5,5,47192,0,0,0,0,0
2020-04-19,US,Oklahoma,Caddo,51,2,0,35.17364557,-98.37534464,40015.0,49,48,2,0,46,48,28977,3,0,0,3,0
2020-04-19,US,Oklahoma,Canadian,73,3,0,35.5426055,-97.98465569,40017.0,70,65,3,0,62,65,144447,8,0,0,8,0
2020-04-19,US,Oklahoma,Carter,1,0,0,34.25103751,-97.28552485,40019.0,1,1,0,0,1,1,48177,0,0,0,0,0
2020-04-19,US,Oklahoma,Cherokee,24,1,0,35.90692775,-94.99980896,40021.0,23,22,1,0,21,22,48675,2,0,0,2,0
2020-04-19,US,Oklahoma,Choctaw,3,0,0,34.02807439,-95.54771129,40023.0,3,3,0,0,3,3,14668,0,0,0,0,0
2020-04-19,US,Oklahoma,Cleveland,313,21,0,35.20413532,-97.32519562,40027.0,292,301,21,0,280,301,281669,12,0,0,12,0
2020-04-19,US,Oklahoma,Comanche,67,0,0,34.65973764,-98.47195055,40031.0,67,57,0,0,57,57,120422,10,0,0,10,0
2020-04-19,US,Oklahoma,Cotton,5,0,0,34.28845626,-98.37053567,40033.0,5,5,0,0,5,5,5776,0,0,0,0,0
2020-04-19,US,Oklahoma,Craig,8,0,0,36.76268118,-95.20916602,40035.0,8,7,0,0,7,7,14306,1,0,0,1,0
2020-04-19,US,Oklahoma,Creek,68,4,0,35.90230551,-96.37086028,40037.0,64,58,3,0,55,58,71604,10,1,0,9,0
2020-04-19,US,Oklahoma,Custer,9,0,0,35.63853802,-99.00170785,40039.0,9,7,0,0,7,7,29036,2,0,0,2,0
2020-04-19,US,Oklahoma,Delaware,83,5,0,36.40823634,-94.80325046,40041.0,78,74,2,0,72,74,42733,9,3,0,6,0
2020-04-19,US,Oklahoma,Dewey,2,0,0,35.98772922,-99.00730714,40043.0,2,2,0,0,2,2,4894,0,0,0,0,0
2020-04-19,US,Oklahoma,Garfield,11,1,0,36.3791334,-97.78265517,40047.0,10,9,1,0,8,9,60913,2,0,0,2,0
2020-04-19,US,Oklahoma,Garvin,10,0,0,34.70418038,-97.30811132,40049.0,10,10,0,0,10,10,27811,0,0,0,0,0
2020-04-19,US,Oklahoma,Grady,20,1,0,35.0167709,-97.88339847,40051.0,19,16,1,0,15,16,55551,4,0,0,4,0
2020-04-19,US,Oklahoma,Grant,2,0,0,36.796296999999996,-97.78638765,40053.0,2,2,0,0,2,2,4326,0,0,0,0,0
2020-04-19,US,Oklahoma,Greer,55,5,0,34.93535801,-99.56056120000001,40055.0,50,50,4,0,46,50,5821,5,1,0,4,0
2020-04-19,US,Oklahoma,Harper,1,0,0,36.78836519,-99.6679804,40059.0,1,,,,,,3797,,,,,
2020-04-19,US,Oklahoma,Haskell,2,0,0,35.222576000000004,-95.11513306,40061.0,2,,,,,,12668,,,,,
2020-04-19,US,Oklahoma,Jackson,6,0,0,34.58781741,-99.41138784,40065.0,6,6,0,0,6,6,24949,0,0,0,0,0
2020-04-19,US,Oklahoma,Jefferson,1,0,0,34.11130184,-97.83182974,40067.0,1,1,0,0,1,1,6123,0,0,0,0,0
2020-04-19,US,Oklahoma,Johnston,3,0,0,34.31440473,-96.66011537,40069.0,3,2,0,0,2,2,10949,1,0,0,1,0
2020-04-19,US,Oklahoma,Kay,46,4,0,36.81799745,-97.14421435,40071.0,42,46,4,0,42,46,44161,0,0,0,0,0
2020-04-19,US,Oklahoma,Kingfisher,6,0,0,35.94530008,-97.94193268,40073.0,6,6,0,0,6,6,15816,0,0,0,0,0
2020-04-19,US,Oklahoma,Kiowa,3,0,0,34.91671958,-98.97720696,40075.0,3,2,0,0,2,2,8729,1,0,0,1,0
2020-04-19,US,Oklahoma,Latimer,4,1,0,34.87844729,-95.25215049,40077.0,3,4,1,0,3,4,10231,0,0,0,0,0
2020-04-19,US,Oklahoma,Le Flore,6,0,0,34.89851864,-94.70392124,40079.0,6,5,0,0,5,5,49980,1,0,0,1,0
2020-04-19,US,Oklahoma,Lincoln,10,0,0,35.70270942,-96.8812462,40081.0,10,11,0,0,11,11,34920,-1,0,0,-1,0
2020-04-19,US,Oklahoma,Logan,9,0,0,35.91899576,-97.44352845,40083.0,9,8,0,0,8,8,47291,1,0,0,1,0
2020-04-19,US,Oklahoma,Love,2,0,0,33.95273467,-97.23906784,40085.0,2,2,0,0,2,2,10134,0,0,0,0,0
2020-04-19,US,Oklahoma,Major,2,1,0,36.31149996,-98.53467076,40093.0,1,2,1,0,1,2,7644,0,0,0,0,0
2020-04-19,US,Oklahoma,Marshall,2,0,0,34.02311222,-96.76855464,40095.0,2,1,0,0,1,1,16806,1,0,0,1,0
2020-04-19,US,Oklahoma,Mayes,19,3,0,36.30179091,-95.23175116,40097.0,16,19,3,0,16,19,41107,0,0,0,0,0
2020-04-19,US,Oklahoma,Murray,1,0,0,34.48116015,-97.06826283,40099.0,1,,,,,,13953,,,,,
2020-04-19,US,Oklahoma,Muskogee,26,3,0,35.61318461,-95.37802952,40101.0,23,25,3,0,22,25,68362,1,0,0,1,0
2020-04-19,US,Oklahoma,Noble,6,0,0,36.38953329,-97.22928674,40103.0,6,6,0,0,6,6,11289,0,0,0,0,0
2020-04-19,US,Oklahoma,Nowata,13,0,0,36.79843529,-95.61902331,40105.0,13,11,0,0,11,11,10218,2,0,0,2,0
2020-04-19,US,Oklahoma,Okfuskee,1,0,0,35.46485198,-96.32639984,40107.0,1,1,0,0,1,1,12098,0,0,0,0,0
2020-04-19,US,Oklahoma,Oklahoma,560,23,0,35.55140095,-97.40716948,40109.0,537,497,22,0,475,497,792582,63,1,0,62,0
2020-04-19,US,Oklahoma,Okmulgee,15,0,0,35.64661916,-95.96432828,40111.0,15,14,0,0,14,14,38335,1,0,0,1,0
2020-04-19,US,Oklahoma,Osage,64,8,0,36.62888819,-96.39635704,40113.0,56,61,8,0,53,61,47014,3,0,0,3,0
2020-04-19,US,Oklahoma,Ottawa,27,0,0,36.83532655,-94.81011909,40115.0,27,24,0,0,24,24,31175,3,0,0,3,0
2020-04-19,US,Oklahoma,Pawnee,28,2,0,36.31743373,-96.70331759999999,40117.0,26,28,2,0,26,28,16390,0,0,0,0,0
2020-04-19,US,Oklahoma,Payne,37,0,0,36.07695283,-96.97584944,40119.0,37,34,0,0,34,34,82040,3,0,0,3,0
2020-04-19,US,Oklahoma,Pittsburg,17,1,0,34.92065823,-95.75134320000001,40121.0,16,14,1,0,13,14,43877,3,0,0,3,0
2020-04-19,US,Oklahoma,Pontotoc,10,1,0,34.72959848,-96.68337199,40123.0,9,10,1,0,9,10,38247,0,0,0,0,0
2020-04-19,US,Oklahoma,Pottawatomie,36,4,0,35.20614018,-96.94923008,40125.0,32,32,3,0,29,32,72679,4,1,0,3,0
2020-04-19,US,Oklahoma,Rogers,38,2,0,36.37004357,-95.60406759,40131.0,36,30,2,0,28,30,91984,8,0,0,8,0
2020-04-19,US,Oklahoma,Seminole,7,1,0,35.16478725,-96.61686741,40133.0,6,7,1,0,6,7,24578,0,0,0,0,0
2020-04-19,US,Oklahoma,Sequoyah,10,2,0,35.49447108,-94.75463785,40135.0,8,10,2,0,8,10,41179,0,0,0,0,0
2020-04-19,US,Oklahoma,Stephens,15,1,0,34.48556989,-97.85141892,40137.0,14,15,1,0,14,15,43265,0,0,0,0,0
2020-04-19,US,Oklahoma,Texas,13,1,0,36.74777635,-101.4889765,40139.0,12,9,1,0,8,9,20455,4,0,0,4,0
2020-04-19,US,Oklahoma,Tillman,2,0,0,34.37288446,-98.92426619,40141.0,2,1,0,0,1,1,7348,1,0,0,1,0
2020-04-19,US,Oklahoma,Tulsa,411,22,0,36.11939621,-95.94013939,40143.0,389,376,21,0,355,376,648360,35,1,0,34,0
2020-04-19,US,Oklahoma,Wagoner,108,8,0,35.96024096,-95.51911308,40145.0,100,107,7,0,100,107,80110,1,1,0,0,0
2020-04-19,US,Oklahoma,Washington,140,6,0,36.71380786,-95.90514104,40147.0,134,124,6,0,118,124,51843,16,0,0,16,0
2020-04-19,US,Oklahoma,Woods,1,0,0,36.76705782,-98.86573064,40151.0,1,,,,,,8897,,,,,
2020-04-19,US,Oklahoma,Woodward,1,0,0,36.42316318,-99.26283045,40153.0,1,1,0,0,1,1,20222,0,0,0,0,0
2020-04-19,US,Oregon,Benton,27,5,0,44.49167306,-123.4316987,41003.0,22,27,4,0,23,27,92101,0,1,0,-1,0
2020-04-19,US,Oregon,Clackamas,161,5,0,45.18787398,-122.2179634,41005.0,156,154,5,0,149,153,416075,7,0,0,7,1
2020-04-19,US,Oregon,Clatsop,6,0,0,45.99712889,-123.660711,41007.0,6,6,0,0,6,6,39764,0,0,0,0,0
2020-04-19,US,Oregon,Columbia,14,0,0,45.94464254,-123.08908980000001,41009.0,14,14,0,0,14,14,52377,0,0,0,0,0
2020-04-19,US,Oregon,Coos,1,0,0,43.17406868,-124.0594514,41011.0,1,1,0,0,1,1,64389,0,0,0,0,0
2020-04-19,US,Oregon,Crook,1,0,0,44.14230227,-120.356297,41013.0,1,1,0,0,1,1,23867,0,0,0,0,0
2020-04-19,US,Oregon,Curry,4,0,0,42.45911325,-124.15728200000001,41015.0,4,4,0,0,4,3,22813,0,0,0,0,1
2020-04-19,US,Oregon,Deschutes,64,0,0,43.91570171,-121.2289121,41017.0,64,63,0,0,63,61,191996,1,0,0,1,2
2020-04-19,US,Oregon,Douglas,22,0,0,43.27941273,-123.16729099999999,41019.0,22,22,0,0,22,22,110283,0,0,0,0,0
2020-04-19,US,Oregon,Grant,1,0,0,44.49024544,-119.0068631,41023.0,1,1,0,0,1,1,7176,0,0,0,0,0
2020-04-19,US,Oregon,Hood River,4,0,0,45.51872811,-121.65520359999998,41027.0,4,4,0,0,4,4,23428,0,0,0,0,0
2020-04-19,US,Oregon,Jackson,49,0,0,42.43201126,-122.72893090000001,41029.0,49,49,0,0,49,48,219564,0,0,0,0,1
2020-04-19,US,Oregon,Jefferson,1,0,0,44.62806839,-121.17832,41031.0,1,1,0,0,1,1,24192,0,0,0,0,0
2020-04-19,US,Oregon,Josephine,19,1,0,42.3665549,-123.5561938,41033.0,18,19,1,0,18,19,87393,0,0,0,0,0
2020-04-19,US,Oregon,Klamath,30,0,0,42.68762984,-121.64964609999998,41035.0,30,31,0,0,31,29,67653,-1,0,0,-1,2
2020-04-19,US,Oregon,Lane,48,1,0,43.93727035,-122.847753,41039.0,47,46,1,0,45,46,379611,2,0,0,2,0
2020-04-19,US,Oregon,Lincoln,4,0,0,44.64252874,-123.86991200000001,41041.0,4,4,0,0,4,4,49388,0,0,0,0,0
2020-04-19,US,Oregon,Linn,59,6,0,44.48899494,-122.53731540000001,41043.0,53,59,6,0,53,57,127335,0,0,0,0,2
2020-04-19,US,Oregon,Malheur,5,0,0,43.1937027,-117.62273950000001,41045.0,5,5,0,0,5,5,30725,0,0,0,0,0
2020-04-19,US,Oregon,Marion,358,13,0,44.90287942,-122.58151170000001,41047.0,345,335,13,0,322,317,346868,23,0,0,23,18
2020-04-19,US,Oregon,Morrow,5,0,0,45.41846568,-119.584546,41049.0,5,5,0,0,5,5,11372,0,0,0,0,0
2020-04-19,US,Oregon,Multnomah,514,28,0,45.54747959,-122.4169351,41051.0,486,493,28,0,465,467,811880,21,0,0,21,26
2020-04-19,US,Oregon,Polk,32,1,0,44.90322804,-123.4128888,41053.0,31,32,1,0,31,31,85234,0,0,0,0,1
2020-04-19,US,Oregon,Sherman,1,0,0,45.41501554,-120.6827834,41055.0,1,1,0,0,1,1,1708,0,0,0,0,0
2020-04-19,US,Oregon,Tillamook,6,0,0,45.46248721,-123.712066,41057.0,6,6,0,0,6,6,26787,0,0,0,0,0
2020-04-19,US,Oregon,Umatilla,26,0,0,45.59073056,-118.7353826,41059.0,26,25,0,0,25,23,77516,1,0,0,1,2
2020-04-19,US,Oregon,Union,4,0,0,45.30915495,-118.0068979,41061.0,4,4,0,0,4,4,26461,0,0,0,0,0
2020-04-19,US,Oregon,Wallowa,1,0,0,45.57894064,-117.18353799999998,41063.0,1,1,0,0,1,1,7081,0,0,0,0,0
2020-04-19,US,Oregon,Wasco,10,0,0,45.16292781,-121.16709540000001,41065.0,10,10,0,0,10,10,26505,0,0,0,0,0
2020-04-19,US,Oregon,Washington,399,8,0,45.55972701,-123.0955257,41067.0,391,387,7,0,380,383,597695,12,1,0,11,4
2020-04-19,US,Oregon,Yamhill,34,6,0,45.23330449,-123.3086963,41071.0,28,34,6,0,28,35,107002,0,0,0,0,-1
2020-04-19,US,Pennsylvania,Adams,80,1,0,39.87140411,-77.21610347,42001.0,79,74,1,0,73,70,102811,6,0,0,6,4
2020-04-19,US,Pennsylvania,Allegheny,1035,50,0,40.46809875,-79.98167747,42003.0,985,1009,47,0,962,947,1218452,26,3,0,23,62
2020-04-19,US,Pennsylvania,Armstrong,38,2,0,40.81665618,-79.46290811,42005.0,36,36,2,0,34,32,65263,2,0,0,2,4
2020-04-19,US,Pennsylvania,Beaver,288,32,0,40.6825484,-80.34921611,42007.0,256,278,31,0,247,178,164742,10,1,0,9,100
2020-04-19,US,Pennsylvania,Bedford,15,1,0,40.00522157,-78.48998442,42009.0,14,14,1,0,13,13,48176,1,0,0,1,1
2020-04-19,US,Pennsylvania,Berks,1898,65,0,40.41570541,-75.92457766,42011.0,1833,1748,40,0,1708,1537,420152,150,25,0,125,211
2020-04-19,US,Pennsylvania,Blair,13,0,0,40.47961444,-78.34917412,42013.0,13,14,0,0,14,14,122492,-1,0,0,-1,0
2020-04-19,US,Pennsylvania,Bradford,25,1,0,41.78869215,-76.51570822,42015.0,24,24,0,0,24,20,60833,1,1,0,0,4
2020-04-19,US,Pennsylvania,Bucks,1797,84,0,40.33682119,-75.10836643,42017.0,1713,1689,75,0,1614,1546,628195,108,9,0,99,143
2020-04-19,US,Pennsylvania,Butler,161,5,0,40.91152759,-79.91351055,42019.0,156,160,5,0,155,157,187888,1,0,0,1,3
2020-04-19,US,Pennsylvania,Cambria,19,1,0,40.49527404,-78.71377428,42021.0,18,17,1,0,16,14,131730,2,0,0,2,3
2020-04-19,US,Pennsylvania,Cameron,1,0,0,41.43625568,-78.20376845,42023.0,1,1,0,0,1,1,4492,0,0,0,0,0
2020-04-19,US,Pennsylvania,Carbon,140,8,0,40.91545395,-75.7068525,42025.0,132,136,8,0,128,118,64227,4,0,0,4,18
2020-04-19,US,Pennsylvania,Centre,73,1,0,40.92058903,-77.82200624,42027.0,72,73,1,0,72,73,162805,0,0,0,0,0
2020-04-19,US,Pennsylvania,Chester,877,42,0,39.97291773,-75.74768357,42029.0,835,796,36,0,760,739,522046,81,6,0,75,57
2020-04-19,US,Pennsylvania,Clarion,18,1,0,41.19265812,-79.42413524,42031.0,17,18,1,0,17,18,38779,0,0,0,0,0
2020-04-19,US,Pennsylvania,Clearfield,11,0,0,41.00110782,-78.47592663,42033.0,11,9,0,0,9,9,79388,2,0,0,2,0
2020-04-19,US,Pennsylvania,Clinton,11,0,0,41.23255967,-77.63785995,42035.0,11,11,0,0,11,10,38684,0,0,0,0,1
2020-04-19,US,Pennsylvania,Columbia,202,6,0,41.04821986,-76.40565017,42037.0,196,184,4,0,180,166,65456,18,2,0,16,18
2020-04-19,US,Pennsylvania,Crawford,16,0,0,41.68447709,-80.10760592,42039.0,16,16,0,0,16,16,85063,0,0,0,0,0
2020-04-19,US,Pennsylvania,Cumberland,182,4,0,40.1625372,-77.26130755,42041.0,178,176,4,0,172,154,251423,6,0,0,6,22
2020-04-19,US,Pennsylvania,Dauphin,368,9,0,40.41377078,-76.77993242,42043.0,359,343,9,0,334,311,277097,25,0,0,25,32
2020-04-19,US,Pennsylvania,Delaware,2460,91,0,39.91680171,-75.40243663,42045.0,2369,2317,77,0,2240,2226,564751,143,14,0,129,91
2020-04-19,US,Pennsylvania,Elk,2,0,0,41.42822061,-78.64524744,42047.0,2,2,0,0,2,2,30169,0,0,0,0,0
2020-04-19,US,Pennsylvania,Erie,58,0,0,41.99253829,-80.03301954,42049.0,58,58,0,0,58,48,272061,0,0,0,0,10
2020-04-19,US,Pennsylvania,Fayette,66,3,0,39.92041012,-79.64291195,42051.0,63,66,3,0,63,66,130441,0,0,0,0,0
2020-04-19,US,Pennsylvania,Forest,7,0,0,41.51095103,-79.23229292,42053.0,7,7,0,0,7,7,7279,0,0,0,0,0
2020-04-19,US,Pennsylvania,Franklin,111,0,0,39.92956518,-77.72157791,42055.0,111,106,0,0,106,89,154835,5,0,0,5,17
2020-04-19,US,Pennsylvania,Fulton,2,0,0,39.92913544,-78.11163677,42057.0,2,2,0,0,2,2,14523,0,0,0,0,0
2020-04-19,US,Pennsylvania,Greene,24,0,0,39.85746531,-80.22357106,42059.0,24,24,0,0,24,24,36506,0,0,0,0,0
2020-04-19,US,Pennsylvania,Huntingdon,13,0,0,40.42162652,-77.97673273,42061.0,13,12,0,0,12,12,45168,1,0,0,1,0
2020-04-19,US,Pennsylvania,Indiana,51,4,0,40.65241041,-79.08963285,42063.0,47,47,4,0,43,45,84501,4,0,0,4,2
2020-04-19,US,Pennsylvania,Jefferson,2,0,0,41.12913106,-78.9986361,42065.0,2,2,0,0,2,2,43641,0,0,0,0,0
2020-04-19,US,Pennsylvania,Juniata,70,0,0,40.53358749,-77.39975129999999,42067.0,70,66,0,0,66,63,24704,4,0,0,4,3
2020-04-19,US,Pennsylvania,Lackawanna,636,41,0,41.43564672,-75.60379201,42069.0,595,620,35,0,585,592,210793,16,6,0,10,28
2020-04-19,US,Pennsylvania,Lancaster,1188,98,0,40.03904563,-76.24770128,42071.0,1090,1113,36,0,1077,1030,543557,75,62,0,13,83
2020-04-19,US,Pennsylvania,Lawrence,59,5,0,40.99206278,-80.33393706,42073.0,54,60,5,0,55,59,86184,-1,0,0,-1,1
2020-04-19,US,Pennsylvania,Lebanon,484,4,0,40.36680311,-76.45651841,42075.0,480,458,4,0,454,424,141314,26,0,0,26,34
2020-04-19,US,Pennsylvania,Lehigh,2203,32,0,40.6154815,-75.59435245,42077.0,2171,2141,29,0,2112,2092,368100,62,3,0,59,49
2020-04-19,US,Pennsylvania,Luzerne,1741,34,0,41.17823008,-75.98447579,42079.0,1707,1712,32,0,1680,1668,317646,29,2,0,27,44
2020-04-19,US,Pennsylvania,Lycoming,37,0,0,41.34310539,-77.06629984,42081.0,37,36,0,0,36,32,113664,1,0,0,1,4
2020-04-19,US,Pennsylvania,McKean,4,0,0,41.80938602,-78.56478358,42083.0,4,4,0,0,4,4,40968,0,0,0,0,0
2020-04-19,US,Pennsylvania,Mercer,59,1,0,41.30248872,-80.25816981,42085.0,58,57,1,0,56,56,110683,2,0,0,2,1
2020-04-19,US,Pennsylvania,Mifflin,20,0,0,40.61116939,-77.61070738,42087.0,20,19,0,0,19,17,46222,1,0,0,1,2
2020-04-19,US,Pennsylvania,Monroe,963,38,0,41.05934058,-75.34031025,42089.0,925,943,34,0,909,929,169507,20,4,0,16,14
2020-04-19,US,Pennsylvania,Montgomery,2913,164,0,40.21053671,-75.36652296,42091.0,2749,2781,106,0,2675,2684,828604,132,58,0,74,97
2020-04-19,US,Pennsylvania,Montour,48,0,0,41.03023987,-76.66345939,42093.0,48,49,0,0,49,48,18240,-1,0,0,-1,1
2020-04-19,US,Pennsylvania,Northampton,1441,36,0,40.75182733,-75.30471829,42095.0,1405,1396,29,0,1367,1335,304807,45,7,0,38,61
2020-04-19,US,Pennsylvania,Northumberland,67,0,0,40.84785433,-76.70798222,42097.0,67,67,0,0,67,60,91083,0,0,0,0,7
2020-04-19,US,Pennsylvania,Perry,20,1,0,40.40206612,-77.26297447,42099.0,19,20,1,0,19,18,46139,0,0,0,0,2
2020-04-19,US,Pennsylvania,Philadelphia,9214,365,0,40.00338507,-75.1379271,42101.0,8849,9014,342,0,8672,8563,1584138,200,23,0,177,451
2020-04-19,US,Pennsylvania,Pike,301,8,0,41.33155042,-75.03208106,42103.0,293,295,8,0,287,290,55933,6,0,0,6,5
2020-04-19,US,Pennsylvania,Potter,4,0,0,41.74471626,-77.89559864,42105.0,4,4,0,0,4,4,16622,0,0,0,0,0
2020-04-19,US,Pennsylvania,Schuylkill,261,5,0,40.70497338,-76.2150785,42107.0,256,254,5,0,249,244,142067,7,0,0,7,10
2020-04-19,US,Pennsylvania,Snyder,27,1,0,40.77129231,-77.06840691,42109.0,26,27,1,0,26,25,40540,0,0,0,0,2
2020-04-19,US,Pennsylvania,Somerset,18,0,0,39.97172723,-79.02699593,42111.0,18,17,0,0,17,15,73952,1,0,0,1,2
2020-04-19,US,Pennsylvania,Sullivan,1,0,0,41.44634738,-76.51246591,42113.0,1,1,0,0,1,1,6071,0,0,0,0,0
2020-04-19,US,Pennsylvania,Susquehanna,63,3,0,41.82147784,-75.80071959,42115.0,60,59,1,0,58,58,40589,4,2,0,2,1
2020-04-19,US,Pennsylvania,Tioga,14,1,0,41.77255149,-77.25433032,42117.0,13,14,1,0,13,14,40763,0,0,0,0,0
2020-04-19,US,Pennsylvania,Union,27,0,0,40.96188846,-77.05996014,42119.0,27,27,0,0,27,26,44785,0,0,0,0,1
2020-04-19,US,Pennsylvania,Venango,6,0,0,41.40323442,-79.75845449,42121.0,6,6,0,0,6,6,51266,0,0,0,0,0
2020-04-19,US,Pennsylvania,Warren,1,0,0,41.81304978,-79.26969577,42123.0,1,1,0,0,1,1,39498,0,0,0,0,0
2020-04-19,US,Pennsylvania,Washington,82,2,0,40.19208869,-80.24582867,42125.0,80,79,2,0,77,75,207346,3,0,0,3,4
2020-04-19,US,Pennsylvania,Wayne,84,3,0,41.64938475,-75.29956506,42127.0,81,84,2,0,82,81,51276,0,1,0,-1,3
2020-04-19,US,Pennsylvania,Westmoreland,284,16,0,40.31377979999999,-79.46615476,42129.0,268,280,13,0,267,249,350611,4,3,0,1,31
2020-04-19,US,Pennsylvania,Wyoming,17,1,0,41.51955538,-76.01074915,42131.0,16,16,1,0,15,16,27046,1,0,0,1,0
2020-04-19,US,Pennsylvania,York,481,6,0,39.9210089,-76.73040131,42133.0,475,463,4,0,459,443,448273,18,2,0,16,20
2020-04-19,US,Rhode Island,Bristol,59,0,0,41.71018079,-71.28652315,44001.0,59,57,0,0,57,57,48649,2,0,0,2,0
2020-04-19,US,Rhode Island,Kent,316,0,0,41.67106337,-71.57641596,44003.0,316,299,0,0,299,299,163861,17,0,0,17,0
2020-04-19,US,Rhode Island,Newport,103,0,0,41.5642026,-71.26569799,44005.0,103,103,0,0,103,103,82542,0,0,0,0,0
2020-04-19,US,Rhode Island,Providence,3014,3,0,41.87064746,-71.57753536,44007.0,3011,2703,3,0,2700,2703,636084,311,0,0,311,0
2020-04-19,US,Rhode Island,Unassigned,1030,147,0,0.0,0.0,90044.0,883,1146,134,0,1012,790,,-116,13,0,-129,356
2020-04-19,US,Rhode Island,Washington,184,0,0,41.45961631,-71.61435303,44009.0,184,183,0,0,183,225,126179,1,0,0,1,-42
2020-04-19,US,South Carolina,Abbeville,17,0,0,34.22333378,-82.46170658,45001.0,17,15,0,0,15,10,24541,2,0,0,2,5
2020-04-19,US,South Carolina,Aiken,69,4,0,33.54338026,-81.63645384,45003.0,65,67,4,0,63,66,169401,2,0,0,2,1
2020-04-19,US,South Carolina,Allendale,6,0,0,32.98837386,-81.35321066,45005.0,6,6,0,0,6,6,8903,0,0,0,0,0
2020-04-19,US,South Carolina,Anderson,132,5,0,34.51828081,-82.63959517,45007.0,127,133,5,0,128,127,200482,-1,0,0,-1,6
2020-04-19,US,South Carolina,Bamberg,7,0,0,33.21927586,-81.05659969,45009.0,7,7,0,0,7,7,14275,0,0,0,0,0
2020-04-19,US,South Carolina,Barnwell,5,0,0,33.26679302,-81.43584352,45011.0,5,5,0,0,5,5,21112,0,0,0,0,0
2020-04-19,US,South Carolina,Beaufort,225,6,0,32.39226291,-80.72619758,45013.0,219,220,6,0,214,214,188715,5,0,0,5,6
2020-04-19,US,South Carolina,Berkeley,132,3,0,33.20222596,-79.94654523,45015.0,129,124,3,0,121,123,221091,8,0,0,8,1
2020-04-19,US,South Carolina,Calhoun,6,1,0,33.66926881,-80.77722168,45017.0,5,6,1,0,5,6,14520,0,0,0,0,0
2020-04-19,US,South Carolina,Charleston,390,3,0,32.82487866,-79.96512315,45019.0,387,385,3,0,382,385,405905,5,0,0,5,0
2020-04-19,US,South Carolina,Cherokee,13,0,0,35.05122251,-81.61828622,45021.0,13,13,0,0,13,13,57078,0,0,0,0,0
2020-04-19,US,South Carolina,Chester,24,0,0,34.69249168,-81.1583216,45023.0,24,23,0,0,23,23,32251,1,0,0,1,0
2020-04-19,US,South Carolina,Chesterfield,36,0,0,34.64137396,-80.15640140000001,45025.0,36,35,0,0,35,31,45754,1,0,0,1,4
2020-04-19,US,South Carolina,Clarendon,112,6,0,33.66610974,-80.21647898,45027.0,106,109,6,0,103,106,33700,3,0,0,3,3
2020-04-19,US,South Carolina,Colleton,23,1,0,32.87582989,-80.67641292,45029.0,22,23,1,0,22,21,37660,0,0,0,0,2
2020-04-19,US,South Carolina,Darlington,64,0,0,34.33358335,-79.96027485,45031.0,64,59,0,0,59,52,66802,5,0,0,5,7
2020-04-19,US,South Carolina,Dillon,20,0,0,34.39007791,-79.37741872,45033.0,20,17,0,0,17,11,30599,3,0,0,3,6
2020-04-19,US,South Carolina,Dorchester,88,1,0,33.0794369,-80.40502652,45035.0,87,84,1,0,83,83,160647,4,0,0,4,1
2020-04-19,US,South Carolina,Edgefield,12,0,0,33.77221995,-81.96231108,45037.0,12,11,0,0,11,10,27052,1,0,0,1,1
2020-04-19,US,South Carolina,Fairfield,25,0,0,34.39287073,-81.1195624,45039.0,25,25,0,0,25,25,22402,0,0,0,0,0
2020-04-19,US,South Carolina,Florence,150,8,0,34.02361754,-79.70189312,45041.0,142,128,8,0,120,121,138159,22,0,0,22,7
2020-04-19,US,South Carolina,Georgetown,33,2,0,33.43443342,-79.33202141,45043.0,31,34,2,0,32,34,62249,-1,0,0,-1,0
2020-04-19,US,South Carolina,Greenville,492,11,0,34.89502264,-82.37295012,45045.0,481,486,11,0,475,447,514213,6,0,0,6,39
2020-04-19,US,South Carolina,Greenwood,36,0,0,34.15272415,-82.12715789,45047.0,36,34,0,0,34,32,70741,2,0,0,2,2
2020-04-19,US,South Carolina,Hampton,21,0,0,32.77419582,-81.13845571,45049.0,21,20,0,0,20,18,19351,1,0,0,1,2
2020-04-19,US,South Carolina,Horry,185,12,0,33.9212828,-78.99555293,45051.0,173,176,12,0,164,167,344147,9,0,0,9,9
2020-04-19,US,South Carolina,Jasper,15,1,0,32.43171982,-81.02487495,45053.0,14,16,0,0,16,15,28971,-1,1,0,-2,1
2020-04-19,US,South Carolina,Kershaw,197,8,0,34.33988254,-80.58763164,45055.0,189,195,8,0,187,190,65592,2,0,0,2,5
2020-04-19,US,South Carolina,Lancaster,79,2,0,34.68270843,-80.70513032,45057.0,77,73,2,0,71,73,95380,6,0,0,6,0
2020-04-19,US,South Carolina,Laurens,20,1,0,34.48244419,-82.00490796,45059.0,19,19,1,0,18,19,66994,1,0,0,1,0
2020-04-19,US,South Carolina,Lee,42,5,0,34.16393091,-80.25690731,45061.0,37,40,5,0,35,40,17142,2,0,0,2,0
2020-04-19,US,South Carolina,Lexington,273,9,0,33.89665987,-81.27146426,45063.0,264,271,9,0,262,267,295032,2,0,0,2,4
2020-04-19,US,South Carolina,Marion,15,1,0,34.07859748,-79.36400756,45067.0,14,13,1,0,12,14,31039,2,0,0,2,-1
2020-04-19,US,South Carolina,Marlboro,28,0,0,34.59905577,-79.67561152,45069.0,28,25,0,0,25,25,26398,3,0,0,3,0
2020-04-19,US,South Carolina,McCormick,6,1,0,33.90161443,-82.30794338,45065.0,5,6,1,0,5,5,9410,0,0,0,0,1
2020-04-19,US,South Carolina,Newberry,21,1,0,34.28629098,-81.59935761,45071.0,20,23,1,0,22,23,38520,-2,0,0,-2,0
2020-04-19,US,South Carolina,Oconee,17,0,0,34.75225169,-83.06742317,45073.0,17,16,0,0,16,14,78374,1,0,0,1,2
2020-04-19,US,South Carolina,Orangeburg,43,0,0,33.4391073,-80.79886287,45075.0,43,41,0,0,41,41,86934,2,0,0,2,0
2020-04-19,US,South Carolina,Pickens,39,0,0,34.88807695,-82.72791551,45077.0,39,38,0,0,38,36,124937,1,0,0,1,2
2020-04-19,US,South Carolina,Richland,652,14,0,34.01791263,-80.90267209,45079.0,638,626,14,0,612,612,414576,26,0,0,26,14
2020-04-19,US,South Carolina,Saluda,12,0,0,34.00795823,-81.72713237,45081.0,12,10,0,0,10,9,20544,2,0,0,2,1
2020-04-19,US,South Carolina,Spartanburg,213,5,0,34.92960077,-81.99225984,45083.0,208,211,5,0,206,204,313888,2,0,0,2,7
2020-04-19,US,South Carolina,Sumter,181,6,0,33.91826534,-80.37942316,45085.0,175,181,6,0,175,176,106512,0,0,0,0,5
2020-04-19,US,South Carolina,Union,24,0,0,34.68835752,-81.61730349,45087.0,24,23,0,0,23,23,27410,1,0,0,1,0
2020-04-19,US,South Carolina,Williamsburg,21,0,0,33.62190129,-79.72767442,45089.0,21,20,0,0,20,19,30606,1,0,0,1,1
2020-04-19,US,South Carolina,York,156,3,0,34.97281497,-81.18085944,45091.0,153,156,3,0,153,151,274118,0,0,0,0,5
2020-04-19,US,South Dakota,Aurora,1,0,0,43.71757685,-98.56050467,46003.0,1,1,0,0,1,1,2801,0,0,0,0,0
2020-04-19,US,South Dakota,Beadle,21,2,0,44.41464384,-98.27858469,46005.0,19,21,2,0,19,21,18883,0,0,0,0,0
2020-04-19,US,South Dakota,Bon Homme,4,0,0,42.98914167,-97.88592746,46009.0,4,4,0,0,4,4,6980,0,0,0,0,0
2020-04-19,US,South Dakota,Brookings,9,0,0,44.36974375,-96.79079945,46011.0,9,9,0,0,9,9,35232,0,0,0,0,0
2020-04-19,US,South Dakota,Brown,20,0,0,45.58994323,-98.35165355,46013.0,20,18,0,0,18,17,39316,2,0,0,2,1
2020-04-19,US,South Dakota,Charles Mix,4,0,0,43.20660134,-98.58856175,46023.0,4,4,0,0,4,4,9338,0,0,0,0,0
2020-04-19,US,South Dakota,Clark,1,0,0,44.85834507,-97.72925109,46025.0,1,1,0,0,1,1,3739,0,0,0,0,0
2020-04-19,US,South Dakota,Clay,5,0,0,42.91296147,-96.97656917,46027.0,5,5,0,0,5,5,14041,0,0,0,0,0
2020-04-19,US,South Dakota,Codington,13,0,0,44.97788119,-97.18827677,46029.0,13,13,0,0,13,13,28015,0,0,0,0,0
2020-04-19,US,South Dakota,Corson,1,0,0,45.70889983,-101.1970473,46031.0,1,1,0,0,1,1,4165,0,0,0,0,0
2020-04-19,US,South Dakota,Davison,3,0,0,43.67490933,-98.14458906,46035.0,3,3,0,0,3,3,19790,0,0,0,0,0
2020-04-19,US,South Dakota,Deuel,1,0,0,44.75994309,-96.66943645,46039.0,1,1,0,0,1,1,4337,0,0,0,0,0
2020-04-19,US,South Dakota,Fall River,1,0,0,43.23929297,-103.5275691,46047.0,1,1,0,0,1,1,6758,0,0,0,0,0
2020-04-19,US,South Dakota,Faulk,1,0,0,45.07082625,-99.14535601,46049.0,1,1,0,0,1,1,2330,0,0,0,0,0
2020-04-19,US,South Dakota,Hamlin,2,0,0,44.67385954,-97.18829593,46057.0,2,2,0,0,2,2,6111,0,0,0,0,0
2020-04-19,US,South Dakota,Hughes,5,0,0,44.39091534,-99.99661148,46065.0,5,5,0,0,5,5,17650,0,0,0,0,0
2020-04-19,US,South Dakota,Hutchinson,2,0,0,43.33449012,-97.75536441,46067.0,2,2,0,0,2,2,7380,0,0,0,0,0
2020-04-19,US,South Dakota,Hyde,1,0,0,44.54747703,-99.48572582,46069.0,1,1,0,0,1,1,1282,0,0,0,0,0
2020-04-19,US,South Dakota,Jerauld,4,0,0,44.06637798,-98.62965972,46073.0,4,4,0,0,4,4,2043,0,0,0,0,0
2020-04-19,US,South Dakota,Lake,3,0,0,44.02193107,-97.12926365,46079.0,3,3,0,0,3,3,13057,0,0,0,0,0
2020-04-19,US,South Dakota,Lawrence,9,0,0,44.35919441,-103.79294279999999,46081.0,9,9,0,0,9,9,25741,0,0,0,0,0
2020-04-19,US,South Dakota,Lincoln,90,0,0,43.27841182,-96.72039050000001,46083.0,90,86,0,0,86,77,58807,4,0,0,4,9
2020-04-19,US,South Dakota,Lyman,2,0,0,43.89522709,-99.85201878,46085.0,2,2,0,0,2,2,3821,0,0,0,0,0
2020-04-19,US,South Dakota,Marshall,1,0,0,45.75870838,-97.59855639,46091.0,1,1,0,0,1,1,5112,0,0,0,0,0
2020-04-19,US,South Dakota,McCook,3,1,0,43.6742571,-97.36863144,46087.0,2,3,1,0,2,3,5546,0,0,0,0,0
2020-04-19,US,South Dakota,Meade,1,0,0,44.56676791,-102.71627409999999,46093.0,1,1,0,0,1,1,28294,0,0,0,0,0
2020-04-19,US,South Dakota,Miner,1,0,0,44.02197882,-97.60992207,46097.0,1,1,0,0,1,1,2213,0,0,0,0,0
2020-04-19,US,South Dakota,Minnehaha,1362,3,0,43.67441641,-96.7910885,46099.0,1359,1276,3,0,1273,1157,192876,86,0,0,86,119
2020-04-19,US,South Dakota,Moody,1,0,0,44.02266214,-96.67081159,46101.0,1,1,0,0,1,1,6579,0,0,0,0,0
2020-04-19,US,South Dakota,Oglala Lakota,1,0,0,43.33749164,-102.55554980000001,46102.0,1,1,0,0,1,1,14309,0,0,0,0,0
2020-04-19,US,South Dakota,Pennington,10,1,0,44.0025835,-102.8240777,46103.0,9,10,1,0,9,10,111729,0,0,0,0,0
2020-04-19,US,South Dakota,Roberts,4,0,0,45.62975048,-96.94672673,46109.0,4,4,0,0,4,4,10447,0,0,0,0,0
2020-04-19,US,South Dakota,Sanborn,3,0,0,44.02351092,-98.09098159999999,46111.0,3,3,0,0,3,3,2429,0,0,0,0,0
2020-04-19,US,South Dakota,Spink,3,0,0,44.93837606,-98.34626602,46115.0,3,3,0,0,3,3,6495,0,0,0,0,0
2020-04-19,US,South Dakota,Sully,1,0,0,44.71571812,-100.1278092,46119.0,1,1,0,0,1,1,1392,0,0,0,0,0
2020-04-19,US,South Dakota,Todd,1,0,0,43.19338568,-100.71955030000001,46121.0,1,1,0,0,1,1,10283,0,0,0,0,0
2020-04-19,US,South Dakota,Turner,6,0,0,43.3109081,-97.14865776,46125.0,6,5,0,0,5,5,8424,1,0,0,1,0
2020-04-19,US,South Dakota,Union,6,0,0,42.83112163,-96.6557828,46127.0,6,5,0,0,5,4,15619,1,0,0,1,1
2020-04-19,US,South Dakota,Walworth,5,0,0,45.43019636,-100.03075140000001,46129.0,5,5,0,0,5,5,5587,0,0,0,0,0
2020-04-19,US,South Dakota,Yankton,23,0,0,43.00924485,-97.39467635,46135.0,23,23,0,0,23,23,22869,0,0,0,0,0
2020-04-19,US,Tennessee,Anderson,16,1,0,36.12684348,-84.19965764,47001.0,15,16,1,0,15,16,76482,0,0,0,0,0
2020-04-19,US,Tennessee,Bedford,71,2,0,35.51123746,-86.45549096,47003.0,69,48,2,0,46,40,49038,23,0,0,23,8
2020-04-19,US,Tennessee,Benton,4,0,0,36.07110411,-88.06849355,47005.0,4,4,0,0,4,4,16184,0,0,0,0,0
2020-04-19,US,Tennessee,Bledsoe,9,0,0,35.59942968,-85.20611967,47007.0,9,8,0,0,8,7,14755,1,0,0,1,1
2020-04-19,US,Tennessee,Blount,46,3,0,35.68938198,-83.92847788,47009.0,43,46,3,0,43,46,131349,0,0,0,0,0
2020-04-19,US,Tennessee,Bradley,37,1,0,35.15739424,-84.857186,47011.0,36,38,1,0,37,35,106727,-1,0,0,-1,3
2020-04-19,US,Tennessee,Campbell,12,1,0,36.40355516,-84.15108559999999,47013.0,11,13,1,0,12,12,39583,-1,0,0,-1,1
2020-04-19,US,Tennessee,Cannon,8,0,0,35.80990797,-86.05738983,47015.0,8,9,0,0,9,8,14462,-1,0,0,-1,1
2020-04-19,US,Tennessee,Carroll,15,0,0,35.97366108,-88.45189331,47017.0,15,13,0,0,13,13,28020,2,0,0,2,0
2020-04-19,US,Tennessee,Carter,5,1,0,36.28969086,-82.12588974,47019.0,4,5,1,0,4,5,56351,0,0,0,0,0
2020-04-19,US,Tennessee,Cheatham,22,0,0,36.26136216,-87.08903581,47021.0,22,21,0,0,21,20,40439,1,0,0,1,1
2020-04-19,US,Tennessee,Chester,8,0,0,35.42527478,-88.6095842,47023.0,8,6,0,0,6,6,17276,2,0,0,2,0
2020-04-19,US,Tennessee,Claiborne,5,0,0,36.48319149,-83.65947309,47025.0,5,5,0,0,5,5,31756,0,0,0,0,0
2020-04-19,US,Tennessee,Clay,5,0,0,36.55151008,-85.53930419,47027.0,5,5,0,0,5,5,7717,0,0,0,0,0
2020-04-19,US,Tennessee,Cocke,11,0,0,35.9278914,-83.11828725,47029.0,11,11,0,0,11,11,35774,0,0,0,0,0
2020-04-19,US,Tennessee,Coffee,20,0,0,35.49090731,-86.07311784,47031.0,20,18,0,0,18,17,55700,2,0,0,2,1
2020-04-19,US,Tennessee,Crockett,5,0,0,35.81830662,-89.14916269,47033.0,5,,,,,,14328,,,,,
2020-04-19,US,Tennessee,Cumberland,57,0,0,35.95271721,-84.99840585,47035.0,57,56,0,0,56,55,59673,1,0,0,1,1
2020-04-19,US,Tennessee,Davidson,1638,19,0,36.17007426,-86.78646056,47037.0,1619,1465,19,0,1446,1307,692587,173,0,0,173,158
2020-04-19,US,Tennessee,DeKalb,10,0,0,35.97616272,-85.83689361,47041.0,10,10,0,0,10,10,20138,0,0,0,0,0
2020-04-19,US,Tennessee,Decatur,4,0,0,35.60048904,-88.11043779,47039.0,4,5,0,0,5,3,11706,-1,0,0,-1,2
2020-04-19,US,Tennessee,Dickson,45,0,0,36.14669837,-87.35891709,47043.0,45,42,0,0,42,39,53446,3,0,0,3,3
2020-04-19,US,Tennessee,Dyer,28,0,0,36.05931946,-89.41542855,47045.0,28,24,0,0,24,24,37320,4,0,0,4,0
2020-04-19,US,Tennessee,Fayette,45,1,0,35.19615831,-89.41399032,47047.0,44,44,1,0,43,42,40507,1,0,0,1,2
2020-04-19,US,Tennessee,Fentress,4,0,0,36.38128818,-84.92870012,47049.0,4,4,0,0,4,4,18217,0,0,0,0,0
2020-04-19,US,Tennessee,Franklin,26,1,0,35.15634626,-86.09201039,47051.0,25,23,1,0,22,23,41890,3,0,0,3,0
2020-04-19,US,Tennessee,Gibson,31,0,0,35.99438059,-88.93358327,47053.0,31,27,0,0,27,25,49045,4,0,0,4,2
2020-04-19,US,Tennessee,Giles,5,0,0,35.20222469,-87.03992678,47055.0,5,5,0,0,5,5,29503,0,0,0,0,0
2020-04-19,US,Tennessee,Grainger,4,0,0,36.27469206,-83.51254721,47057.0,4,4,0,0,4,4,23145,0,0,0,0,0
2020-04-19,US,Tennessee,Greene,30,2,0,36.17470125,-82.84691273,47059.0,28,30,2,0,28,29,69087,0,0,0,0,1
2020-04-19,US,Tennessee,Grundy,25,1,0,35.38433717,-85.72142731,47061.0,24,25,1,0,24,25,13346,0,0,0,0,0
2020-04-19,US,Tennessee,Hamblen,8,1,0,36.21990035,-83.26586179,47063.0,7,7,1,0,6,7,64569,1,0,0,1,0
2020-04-19,US,Tennessee,Hamilton,116,12,0,35.17670231,-85.16652245,47065.0,104,114,11,0,103,110,364286,2,1,0,1,4
2020-04-19,US,Tennessee,Hardeman,7,0,0,35.20772017,-88.99161161,47069.0,7,7,0,0,7,7,25220,0,0,0,0,0
2020-04-19,US,Tennessee,Hardin,4,0,0,35.19732531,-88.18593755,47071.0,4,4,0,0,4,4,25776,0,0,0,0,0
2020-04-19,US,Tennessee,Hawkins,27,2,0,36.44355426,-82.94885298,47073.0,25,27,2,0,25,26,56530,0,0,0,0,1
2020-04-19,US,Tennessee,Haywood,13,1,0,35.58332824,-89.28536625,47075.0,12,12,1,0,11,12,17335,1,0,0,1,0
2020-04-19,US,Tennessee,Henderson,4,0,0,35.65581134,-88.38600175,47077.0,4,2,0,0,2,2,27847,2,0,0,2,0
2020-04-19,US,Tennessee,Henry,9,0,0,36.33160906,-88.30121797,47079.0,9,9,0,0,9,8,32358,0,0,0,0,1
2020-04-19,US,Tennessee,Hickman,2,0,0,35.80609681,-87.47643507,47081.0,2,2,0,0,2,2,25063,0,0,0,0,0
2020-04-19,US,Tennessee,Houston,4,0,0,36.28872054,-87.71878828,47083.0,4,4,0,0,4,4,8263,0,0,0,0,0
2020-04-19,US,Tennessee,Humphreys,7,0,0,36.03958805,-87.77992872,47085.0,7,4,0,0,4,4,18486,3,0,0,3,0
2020-04-19,US,Tennessee,Jackson,6,0,0,36.36380466,-85.67239905,47087.0,6,6,0,0,6,6,11758,0,0,0,0,0
2020-04-19,US,Tennessee,Jefferson,15,1,0,36.04818632,-83.45148924,47089.0,14,16,1,0,15,16,54012,-1,0,0,-1,0
2020-04-19,US,Tennessee,Johnson,2,0,0,36.455239500000005,-81.84886538,47091.0,2,2,0,0,2,2,17778,0,0,0,0,0
2020-04-19,US,Tennessee,Knox,194,4,0,35.99508821,-83.94635435,47093.0,190,194,4,0,190,182,465289,0,0,0,0,12
2020-04-19,US,Tennessee,Lake,4,0,0,36.341801700000005,-89.48921915,47095.0,4,4,0,0,4,4,7411,0,0,0,0,0
2020-04-19,US,Tennessee,Lauderdale,15,0,0,35.75893438,-89.63015909999999,47097.0,15,13,0,0,13,12,25825,2,0,0,2,1
2020-04-19,US,Tennessee,Lawrence,15,0,0,35.21675201,-87.39787695,47099.0,15,15,0,0,15,15,43734,0,0,0,0,0
2020-04-19,US,Tennessee,Lewis,2,0,0,35.52853208,-87.49022694,47101.0,2,2,0,0,2,2,12086,0,0,0,0,0
2020-04-19,US,Tennessee,Lincoln,10,0,0,35.13738622,-86.58910106,47103.0,10,9,0,0,9,9,34117,1,0,0,1,0
2020-04-19,US,Tennessee,Loudon,22,0,0,35.73939663,-84.31145275,47105.0,22,21,0,0,21,19,53054,1,0,0,1,2
2020-04-19,US,Tennessee,Macon,33,3,0,36.53157855,-86.00778595,47111.0,30,31,3,0,28,30,24265,2,0,0,2,1
2020-04-19,US,Tennessee,Madison,86,0,0,35.61181957,-88.84076036,47113.0,86,83,0,0,83,73,97605,3,0,0,3,10
2020-04-19,US,Tennessee,Marion,28,1,0,35.12997174,-85.62265895,47115.0,27,28,1,0,27,27,28575,0,0,0,0,1
2020-04-19,US,Tennessee,Marshall,16,1,0,35.45798777,-86.76420988,47117.0,15,13,1,0,12,12,33683,3,0,0,3,1
2020-04-19,US,Tennessee,Maury,34,0,0,35.618741299999996,-87.07462444,47119.0,34,34,0,0,34,33,94340,0,0,0,0,1
2020-04-19,US,Tennessee,McMinn,6,0,0,35.42812616,-84.61520715,47107.0,6,6,0,0,6,6,53285,0,0,0,0,0
2020-04-19,US,Tennessee,McNairy,9,0,0,35.17468549,-88.5647812,47109.0,9,9,0,0,9,9,25832,0,0,0,0,0
2020-04-19,US,Tennessee,Meigs,3,0,0,35.51558739,-84.81482914,47121.0,3,3,0,0,3,3,12306,0,0,0,0,0
2020-04-19,US,Tennessee,Monroe,10,1,0,35.44550387,-84.24902965,47123.0,9,10,1,0,9,9,46357,0,0,0,0,1
2020-04-19,US,Tennessee,Montgomery,119,2,0,36.49609412,-87.38550661,47125.0,117,108,2,0,106,102,205950,11,0,0,11,6
2020-04-19,US,Tennessee,Moore,2,0,0,35.27724699,-86.36230578,47127.0,2,1,0,0,1,1,6411,1,0,0,1,0
2020-04-19,US,Tennessee,Morgan,5,0,0,36.13248031,-84.64880098,47129.0,5,5,0,0,5,5,21579,0,0,0,0,0
2020-04-19,US,Tennessee,Obion,9,1,0,36.35732446,-89.14921589,47131.0,8,9,1,0,8,8,30267,0,0,0,0,1
2020-04-19,US,Tennessee,Out of TN,274,1,0,0.0,0.0,80047.0,273,259,1,0,258,250,,15,0,0,15,9
2020-04-19,US,Tennessee,Overton,7,0,0,36.34117832,-85.28989535,47133.0,7,7,0,0,7,7,22068,0,0,0,0,0
2020-04-19,US,Tennessee,Perry,6,0,0,35.63708728,-87.86139634,47135.0,6,6,0,0,6,6,8064,0,0,0,0,0
2020-04-19,US,Tennessee,Polk,5,0,0,35.12245443,-84.52075859,47139.0,5,5,0,0,5,5,16898,0,0,0,0,0
2020-04-19,US,Tennessee,Putnam,95,2,0,36.14005459,-85.50646123,47141.0,93,94,2,0,92,93,78843,1,0,0,1,1
2020-04-19,US,Tennessee,Rhea,2,0,0,35.60536161,-84.93076643,47143.0,2,1,0,0,1,,33044,1,0,0,1,
2020-04-19,US,Tennessee,Roane,8,0,0,35.84923189,-84.52458689,47145.0,8,8,0,0,8,7,53140,0,0,0,0,1
2020-04-19,US,Tennessee,Robertson,113,0,0,36.52454807,-86.87346725,47147.0,113,105,0,0,105,95,71012,8,0,0,8,10
2020-04-19,US,Tennessee,Rutherford,309,6,0,35.84591405,-86.4107263,47149.0,303,295,6,0,289,271,324890,14,0,0,14,24
2020-04-19,US,Tennessee,Scott,11,0,0,36.42325673,-84.50360494,47151.0,11,11,0,0,11,11,22039,0,0,0,0,0
2020-04-19,US,Tennessee,Sequatchie,3,0,0,35.36979721,-85.41022136,47153.0,3,3,0,0,3,3,14876,0,0,0,0,0
2020-04-19,US,Tennessee,Sevier,24,1,0,35.78077323,-83.52244332,47155.0,23,24,0,0,24,22,97892,0,1,0,-1,2
2020-04-19,US,Tennessee,Shelby,1778,35,0,35.1864775,-89.89692423,47157.0,1743,1682,33,0,1649,1492,935764,96,2,0,94,190
2020-04-19,US,Tennessee,Smith,13,1,0,36.25359775,-85.95411046,47159.0,12,12,1,0,11,11,19942,1,0,0,1,1
2020-04-19,US,Tennessee,Stewart,6,0,0,36.50235092,-87.83920548,47161.0,6,5,0,0,5,4,13561,1,0,0,1,1
2020-04-19,US,Tennessee,Sullivan,45,1,0,36.51240691,-82.30412917,47163.0,44,45,1,0,44,45,157668,0,0,0,0,0
2020-04-19,US,Tennessee,Sumner,509,30,0,36.46824103,-86.45917204,47165.0,479,497,29,0,468,491,187149,12,1,0,11,6
2020-04-19,US,Tennessee,Tipton,56,0,0,35.501942,-89.73694895,47167.0,56,55,0,0,55,54,61581,1,0,0,1,1
2020-04-19,US,Tennessee,Trousdale,22,1,0,36.39026213,-86.16087954,47169.0,21,20,1,0,19,19,11012,2,0,0,2,1
2020-04-19,US,Tennessee,Unassigned,88,0,0,0.0,0.0,90047.0,88,37,0,0,37,209,,51,0,0,51,-172
2020-04-19,US,Tennessee,Unicoi,1,0,0,36.10890856,-82.43709629,47171.0,1,1,0,0,1,1,17761,0,0,0,0,0
2020-04-19,US,Tennessee,Union,3,0,0,36.28590426,-83.83651902,47173.0,3,3,0,0,3,3,19688,0,0,0,0,0
2020-04-19,US,Tennessee,Van Buren,1,0,0,35.69864497,-85.45221699,47175.0,1,1,0,0,1,1,5765,0,0,0,0,0
2020-04-19,US,Tennessee,Warren,5,0,0,35.672829899999996,-85.77969117,47177.0,5,4,0,0,4,4,40878,1,0,0,1,0
2020-04-19,US,Tennessee,Washington,46,0,0,36.29472368,-82.49454720000001,47179.0,46,46,0,0,46,46,128607,0,0,0,0,0
2020-04-19,US,Tennessee,Wayne,2,0,0,35.23868267,-87.78644456,47181.0,2,2,0,0,2,2,16558,0,0,0,0,0
2020-04-19,US,Tennessee,Weakley,8,0,0,36.29896232,-88.71990865,47183.0,8,6,0,0,6,6,33415,2,0,0,2,0
2020-04-19,US,Tennessee,White,4,0,0,35.92929884,-85.45591799,47185.0,4,4,0,0,4,4,27107,0,0,0,0,0
2020-04-19,US,Tennessee,Williamson,348,6,0,35.89099229,-86.89281867,47187.0,342,336,5,0,331,324,231729,12,1,0,11,12
2020-04-19,US,Tennessee,Wilson,181,1,0,36.15496772,-86.29775884,47189.0,180,171,1,0,170,161,140625,10,0,0,10,10
2020-04-19,US,Texas,Anderson,8,0,0,31.81534745,-95.65354823,48001.0,8,6,0,0,6,6,58057,2,0,0,2,0
2020-04-19,US,Texas,Andrews,19,0,0,32.30468633,-102.63765479999999,48003.0,19,19,0,0,19,19,18128,0,0,0,0,0
2020-04-19,US,Texas,Angelina,23,0,0,31.25457347,-94.60901487,48005.0,23,23,0,0,23,23,87092,0,0,0,0,0
2020-04-19,US,Texas,Aransas,2,0,0,28.10556197,-96.9995047,48007.0,2,2,0,0,2,2,23792,0,0,0,0,0
2020-04-19,US,Texas,Armstrong,1,0,0,34.96507426,-101.35748740000001,48011.0,1,1,0,0,1,1,1892,0,0,0,0,0
2020-04-19,US,Texas,Atascosa,12,1,0,28.89333001,-98.52730485,48013.0,11,10,1,0,9,10,50310,2,0,0,2,0
2020-04-19,US,Texas,Austin,12,0,0,29.88548725,-96.27736949,48015.0,12,12,0,0,12,12,29989,0,0,0,0,0
2020-04-19,US,Texas,Bandera,4,0,0,29.74619598,-99.24598147,48019.0,4,4,0,0,4,4,22824,0,0,0,0,0
2020-04-19,US,Texas,Bastrop,44,2,0,30.10370699,-97.31206354,48021.0,42,42,1,0,41,42,86976,2,1,0,1,0
2020-04-19,US,Texas,Bee,5,0,0,28.41761668,-97.74215593,48025.0,5,5,0,0,5,5,32587,0,0,0,0,0
2020-04-19,US,Texas,Bell,126,3,0,31.03736027,-97.4785025,48027.0,123,126,3,0,123,124,355642,0,0,0,0,2
2020-04-19,US,Texas,Bexar,992,38,0,29.44928723,-98.52019748,48029.0,954,959,37,0,922,918,1986049,33,1,0,32,41
2020-04-19,US,Texas,Blanco,5,0,0,30.26640707,-98.3999852,48031.0,5,5,0,0,5,5,11702,0,0,0,0,0
2020-04-19,US,Texas,Bosque,1,0,0,31.89978581,-97.63613524,48035.0,1,1,0,0,1,1,18691,0,0,0,0,0
2020-04-19,US,Texas,Bowie,57,1,0,33.44626922,-94.41834132,48037.0,56,56,1,0,55,53,94324,1,0,0,1,3
2020-04-19,US,Texas,Brazoria,304,3,0,29.18757369,-95.44563172,48039.0,301,302,3,0,299,285,370200,2,0,0,2,17
2020-04-19,US,Texas,Brazos,169,16,0,30.663644800000004,-96.30205577,48041.0,153,169,16,0,153,164,226758,0,0,0,0,5
2020-04-19,US,Texas,Brown,13,1,0,31.77430356,-98.99907113,48049.0,12,12,1,0,11,12,37924,1,0,0,1,0
2020-04-19,US,Texas,Burleson,9,0,0,30.49273808,-96.62158484,48051.0,9,9,0,0,9,9,18389,0,0,0,0,0
2020-04-19,US,Texas,Burnet,8,0,0,30.78801353,-98.181887,48053.0,8,8,0,0,8,8,47542,0,0,0,0,0
2020-04-19,US,Texas,Caldwell,7,0,0,29.83668859,-97.61814775,48055.0,7,7,0,0,7,7,43247,0,0,0,0,0
2020-04-19,US,Texas,Calhoun,21,1,0,28.47048236,-96.61633945,48057.0,20,21,0,0,21,21,21561,0,1,0,-1,0
2020-04-19,US,Texas,Callahan,1,0,0,32.29760619,-99.37326312,48059.0,1,1,0,0,1,1,13994,0,0,0,0,0
2020-04-19,US,Texas,Cameron,298,6,0,26.14524221,-97.48140372,48061.0,292,279,5,0,274,270,423908,19,1,0,18,9
2020-04-19,US,Texas,Camp,6,0,0,32.97195142,-94.97790104,48063.0,6,6,0,0,6,6,13033,0,0,0,0,0
2020-04-19,US,Texas,Carson,1,0,0,35.40365929,-101.35426690000001,48065.0,1,,,,,,6005,,,,,
2020-04-19,US,Texas,Cass,11,0,0,33.07499881,-94.34646905,48067.0,11,10,0,0,10,6,30119,1,0,0,1,4
2020-04-19,US,Texas,Castro,11,1,0,34.53016752,-102.2617243,48069.0,10,11,1,0,10,11,7665,0,0,0,0,0
2020-04-19,US,Texas,Chambers,35,0,0,29.70972016,-94.67154501,48071.0,35,35,0,0,35,34,42454,0,0,0,0,1
2020-04-19,US,Texas,Cherokee,10,1,0,31.837258000000002,-95.16559897,48073.0,9,10,1,0,9,10,52592,0,0,0,0,0
2020-04-19,US,Texas,Childress,1,0,0,34.529304100000004,-100.2077916,48075.0,1,,,,,,7291,,,,,
2020-04-19,US,Texas,Clay,3,0,0,33.78686685,-98.20771198,48077.0,3,3,0,0,3,3,10456,0,0,0,0,0
2020-04-19,US,Texas,Collin,522,13,0,33.18820114,-96.57264368,48085.0,509,522,13,0,509,505,1005146,0,0,0,0,17
2020-04-19,US,Texas,Colorado,8,0,0,29.622097999999998,-96.5273805,48089.0,8,8,0,0,8,7,21217,0,0,0,0,1
2020-04-19,US,Texas,Comal,43,6,0,29.80811278,-98.27647225,48091.0,37,43,6,0,37,43,148373,0,0,0,0,0
2020-04-19,US,Texas,Comanche,4,0,0,31.94854689,-98.55876441,48093.0,4,3,0,0,3,3,13534,1,0,0,1,0
2020-04-19,US,Texas,Concho,1,0,0,31.32635934,-99.86473038,48095.0,1,1,0,0,1,1,4276,0,0,0,0,0
2020-04-19,US,Texas,Cooke,4,0,0,33.63979567,-97.21240912,48097.0,4,4,0,0,4,4,40574,0,0,0,0,0
2020-04-19,US,Texas,Coryell,75,1,0,31.39078397,-97.79936155,48099.0,74,75,1,0,74,71,74808,0,0,0,0,4
2020-04-19,US,Texas,Crane,2,0,0,31.43052248,-102.5143314,48103.0,2,2,0,0,2,2,4794,0,0,0,0,0
2020-04-19,US,Texas,Crosby,1,1,0,33.61431553,-101.30003640000001,48107.0,0,1,1,0,0,1,5779,0,0,0,0,0
2020-04-19,US,Texas,Dallam,3,0,0,36.27787176,-102.60207249999999,48111.0,3,3,0,0,3,3,7200,0,0,0,0,0
2020-04-19,US,Texas,Dallas,2428,60,0,32.76670599,-96.77796049999999,48113.0,2368,2324,60,0,2264,2190,2637772,104,0,0,104,134
2020-04-19,US,Texas,Dawson,12,1,0,32.74255572,-101.94772420000001,48115.0,11,12,1,0,11,12,12619,0,0,0,0,0
2020-04-19,US,Texas,DeWitt,13,0,0,29.08101855,-97.35681170000001,48123.0,13,13,0,0,13,10,20187,0,0,0,0,3
2020-04-19,US,Texas,Deaf Smith,12,0,0,34.96522957,-102.6054267,48117.0,12,11,0,0,11,11,18760,1,0,0,1,0
2020-04-19,US,Texas,Delta,1,0,0,33.38570922,-95.66921122,48119.0,1,1,0,0,1,1,5349,0,0,0,0,0
2020-04-19,US,Texas,Denton,592,16,0,33.20521901,-97.11691153,48121.0,576,585,15,0,570,564,859064,7,1,0,6,21
2020-04-19,US,Texas,Dickens,1,0,0,33.61616822,-100.7788855,48125.0,1,1,0,0,1,1,2249,0,0,0,0,0
2020-04-19,US,Texas,Dimmit,1,0,0,28.42270064,-99.75645095,48127.0,1,1,0,0,1,1,10308,0,0,0,0,0
2020-04-19,US,Texas,Donley,23,0,0,34.96517499,-100.8140093,48129.0,23,23,0,0,23,23,3319,0,0,0,0,0
2020-04-19,US,Texas,Duval,1,0,0,27.68184592,-98.50864568,48131.0,1,1,0,0,1,1,11212,0,0,0,0,0
2020-04-19,US,Texas,Eastland,3,0,0,32.32743996,-98.83243566,48133.0,3,3,0,0,3,3,18322,0,0,0,0,0
2020-04-19,US,Texas,Ector,58,4,0,31.86898877,-102.54294279999999,48135.0,54,58,4,0,54,55,162124,0,0,0,0,3
2020-04-19,US,Texas,El Paso,505,8,0,31.76980765,-106.23632749999999,48141.0,497,482,7,0,475,451,840758,23,1,0,22,31
2020-04-19,US,Texas,Ellis,83,3,0,32.34894117,-96.79371841,48139.0,80,83,3,0,80,82,179436,0,0,0,0,1
2020-04-19,US,Texas,Erath,13,1,0,32.23602653,-98.21773417,48143.0,12,13,1,0,12,13,42446,0,0,0,0,0
2020-04-19,US,Texas,Falls,1,0,0,31.25350609,-96.93630086,48145.0,1,1,0,0,1,1,17335,0,0,0,0,0
2020-04-19,US,Texas,Fannin,7,0,0,33.59564294,-96.10751083,48147.0,7,7,0,0,7,5,35286,0,0,0,0,2
2020-04-19,US,Texas,Fayette,15,0,0,29.87788372,-96.92076062,48149.0,15,15,0,0,15,15,25349,0,0,0,0,0
2020-04-19,US,Texas,Floyd,2,0,0,34.07227468,-101.3031546,48153.0,2,2,0,0,2,2,5837,0,0,0,0,0
2020-04-19,US,Texas,Fort Bend,755,17,0,29.52704478,-95.77219463,48157.0,738,755,17,0,738,656,787858,0,0,0,0,99
2020-04-19,US,Texas,Franklin,1,0,0,33.17653242,-95.21917243,48159.0,1,1,0,0,1,1,10766,0,0,0,0,0
2020-04-19,US,Texas,Freestone,3,0,0,31.70422788,-96.15072516,48161.0,3,3,0,0,3,1,19808,0,0,0,0,2
2020-04-19,US,Texas,Frio,1,0,0,28.86751206,-99.10804207,48163.0,1,1,0,0,1,1,19816,0,0,0,0,0
2020-04-19,US,Texas,Gaines,2,0,0,32.74055318,-102.6353295,48165.0,2,2,0,0,2,2,20901,0,0,0,0,0
2020-04-19,US,Texas,Galveston,450,15,0,29.40167322,-94.90469073,48167.0,435,438,14,0,424,421,337890,12,1,0,11,17
2020-04-19,US,Texas,Gillespie,1,0,0,30.31824095,-98.94676915,48171.0,1,1,0,0,1,1,26804,0,0,0,0,0
2020-04-19,US,Texas,Goliad,5,0,0,28.65696592,-97.42760647,48175.0,5,5,0,0,5,5,7584,0,0,0,0,0
2020-04-19,US,Texas,Gonzales,2,0,0,29.45634206,-97.49424032,48177.0,2,2,0,0,2,2,20826,0,0,0,0,0
2020-04-19,US,Texas,Gray,17,0,0,35.40081878,-100.8129222,48179.0,17,17,0,0,17,16,21895,0,0,0,0,1
2020-04-19,US,Texas,Grayson,19,0,0,33.62744998,-96.67753461,48181.0,19,19,0,0,19,19,133991,0,0,0,0,0
2020-04-19,US,Texas,Gregg,52,0,0,32.47940482,-94.81591935,48183.0,52,51,0,0,51,50,123707,1,0,0,1,1
2020-04-19,US,Texas,Grimes,10,1,0,30.54579585,-95.98902499,48185.0,9,10,1,0,9,10,28360,0,0,0,0,0
2020-04-19,US,Texas,Guadalupe,57,0,0,29.58165339,-97.94786822,48187.0,57,53,0,0,53,53,163694,4,0,0,4,0
2020-04-19,US,Texas,Hale,12,2,0,34.07044901,-101.82681140000001,48189.0,10,11,2,0,9,11,33830,1,0,0,1,0
2020-04-19,US,Texas,Hamilton,5,0,0,31.70470573,-98.11083887,48193.0,5,5,0,0,5,5,8484,0,0,0,0,0
2020-04-19,US,Texas,Hansford,1,0,0,36.27743284,-101.3545796,48195.0,1,1,0,0,1,1,5463,0,0,0,0,0
2020-04-19,US,Texas,Hardin,75,2,0,30.33364686,-94.38931817,48199.0,73,75,2,0,73,69,57207,0,0,0,0,6
2020-04-19,US,Texas,Harris,4823,75,0,29.86,-95.39,48201.0,4748,4653,71,0,4582,4460,4698619,170,4,0,166,193
2020-04-19,US,Texas,Harrison,44,4,0,32.54935988,-94.36934071,48203.0,40,42,4,0,38,40,66726,2,0,0,2,2
2020-04-19,US,Texas,Hartley,1,0,0,35.84008013,-102.6029022,48205.0,1,,,,,,5619,,,,,
2020-04-19,US,Texas,Hays,121,1,0,30.05669873,-98.02944344,48209.0,120,121,1,0,120,117,222631,0,0,0,0,4
2020-04-19,US,Texas,Hemphill,1,0,0,35.83764858,-100.2703577,48211.0,1,1,0,0,1,1,3825,0,0,0,0,0
2020-04-19,US,Texas,Henderson,13,0,0,32.21128872,-95.85846587,48213.0,13,13,0,0,13,12,82299,0,0,0,0,1
2020-04-19,US,Texas,Hidalgo,255,3,0,26.39418217,-98.18299696,48215.0,252,242,3,0,239,235,865939,13,0,0,13,7
2020-04-19,US,Texas,Hill,10,1,0,31.99045053,-97.13423143,48217.0,9,10,1,0,9,10,36354,0,0,0,0,0
2020-04-19,US,Texas,Hockley,16,1,0,33.60771256,-102.3431676,48219.0,15,15,1,0,14,15,22980,1,0,0,1,0
2020-04-19,US,Texas,Hood,17,3,0,32.42990927,-97.83242024,48221.0,14,17,3,0,14,17,60537,0,0,0,0,0
2020-04-19,US,Texas,Hopkins,4,0,0,33.14875072,-95.56351139,48223.0,4,4,0,0,4,4,36810,0,0,0,0,0
2020-04-19,US,Texas,Houston,3,0,0,31.31925973,-95.42226208,48225.0,3,3,0,0,3,,23169,0,0,0,0,
2020-04-19,US,Texas,Howard,1,1,0,32.30621324,-101.4356444,48227.0,0,1,1,0,0,1,36459,0,0,0,0,0
2020-04-19,US,Texas,Hunt,26,2,0,33.12351514,-96.08551032,48231.0,24,25,2,0,23,25,96493,1,0,0,1,0
2020-04-19,US,Texas,Hutchinson,7,0,0,35.84006574,-101.3546643,48233.0,7,7,0,0,7,6,21198,0,0,0,0,1
2020-04-19,US,Texas,Jack,3,0,0,33.23377248,-98.17283469,48237.0,3,3,0,0,3,3,8843,0,0,0,0,0
2020-04-19,US,Texas,Jackson,4,0,0,28.95472367,-96.57749563,48239.0,4,4,0,0,4,4,14874,0,0,0,0,0
2020-04-19,US,Texas,Jasper,9,1,0,30.74685667,-94.02667579,48241.0,8,9,1,0,8,7,35872,0,0,0,0,2
2020-04-19,US,Texas,Jefferson,171,9,0,29.8832777,-94.16434171,48245.0,162,171,9,0,162,157,255001,0,0,0,0,14
2020-04-19,US,Texas,Jim Wells,2,0,0,27.73103938,-98.0904705,48249.0,2,2,0,0,2,2,40822,0,0,0,0,0
2020-04-19,US,Texas,Johnson,44,1,0,32.37877812,-97.36615819,48251.0,43,39,1,0,38,37,171361,5,0,0,5,2
2020-04-19,US,Texas,Jones,4,0,0,32.73997145,-99.87861576,48253.0,4,3,0,0,3,3,19817,1,0,0,1,0
2020-04-19,US,Texas,Karnes,3,0,0,28.90705334,-97.85960149,48255.0,3,3,0,0,3,3,15650,0,0,0,0,0
2020-04-19,US,Texas,Kaufman,42,0,0,32.599141700000004,-96.28734728,48257.0,42,42,0,0,42,38,128622,0,0,0,0,4
2020-04-19,US,Texas,Kendall,14,0,0,29.94414155,-98.7113588,48259.0,14,14,0,0,14,14,45641,0,0,0,0,0
2020-04-19,US,Texas,Kerr,4,0,0,30.06040006,-99.34930144,48265.0,4,4,0,0,4,4,52405,0,0,0,0,0
2020-04-19,US,Texas,Kleberg,6,1,0,27.42435506,-97.69894948,48273.0,5,5,1,0,4,5,31129,1,0,0,1,0
2020-04-19,US,Texas,Knox,1,0,0,33.60519951,-99.74229059999999,48275.0,1,1,0,0,1,1,3653,0,0,0,0,0
2020-04-19,US,Texas,La Salle,1,0,0,28.34453111,-99.09908775,48283.0,1,1,0,0,1,1,7531,0,0,0,0,0
2020-04-19,US,Texas,Lamar,7,0,0,33.66981763,-95.57404777,48277.0,7,7,0,0,7,7,49728,0,0,0,0,0
2020-04-19,US,Texas,Lamb,2,0,0,34.06859623,-102.35162890000001,48279.0,2,2,0,0,2,2,13158,0,0,0,0,0
2020-04-19,US,Texas,Lampasas,2,0,0,31.19531316,-98.24206613,48281.0,2,2,0,0,2,2,21229,0,0,0,0,0
2020-04-19,US,Texas,Lavaca,4,0,0,29.38508402,-96.93186692,48285.0,4,4,0,0,4,4,20110,0,0,0,0,0
2020-04-19,US,Texas,Lee,2,0,0,30.31120597,-96.97045773,48287.0,2,2,0,0,2,2,17144,0,0,0,0,0
2020-04-19,US,Texas,Leon,5,0,0,31.29872538,-95.9936328,48289.0,5,5,0,0,5,5,17270,0,0,0,0,0
2020-04-19,US,Texas,Liberty,32,0,0,30.15152688,-94.81205615,48291.0,32,29,0,0,29,25,86323,3,0,0,3,4
2020-04-19,US,Texas,Limestone,11,1,0,31.5454767,-96.58095444,48293.0,10,11,1,0,10,11,23519,0,0,0,0,0
2020-04-19,US,Texas,Live Oak,3,0,0,28.35101362,-98.1246786,48297.0,3,3,0,0,3,3,12166,0,0,0,0,0
2020-04-19,US,Texas,Llano,3,0,0,30.70645047,-98.68475262,48299.0,3,3,0,0,3,3,21646,0,0,0,0,0
2020-04-19,US,Texas,Lubbock,419,28,0,33.61008596,-101.82047890000001,48303.0,391,407,28,0,379,401,307412,12,0,0,12,6
2020-04-19,US,Texas,Lynn,5,0,0,33.17657705,-101.8162849,48305.0,5,5,0,0,5,5,5877,0,0,0,0,0
2020-04-19,US,Texas,Madison,2,0,0,30.96694679,-95.93003775,48313.0,2,2,0,0,2,1,14422,0,0,0,0,1
2020-04-19,US,Texas,Marion,3,0,0,32.79868409,-94.35661230000001,48315.0,3,3,0,0,3,3,9928,0,0,0,0,0
2020-04-19,US,Texas,Martin,2,0,0,32.30600051,-101.9513518,48317.0,2,2,0,0,2,2,5753,0,0,0,0,0
2020-04-19,US,Texas,Mason,1,0,0,30.71780434,-99.22629416,48319.0,1,1,0,0,1,1,4280,0,0,0,0,0
2020-04-19,US,Texas,Matagorda,51,3,0,28.81955746,-96.01230294,48321.0,48,51,3,0,48,51,36552,0,0,0,0,0
2020-04-19,US,Texas,Maverick,12,0,0,28.7429195,-100.3157686,48323.0,12,12,0,0,12,12,58485,0,0,0,0,0
2020-04-19,US,Texas,McCulloch,3,0,0,31.1925468,-99.34682807,48307.0,3,3,0,0,3,3,7987,0,0,0,0,0
2020-04-19,US,Texas,McLennan,76,4,0,31.55255453,-97.20217694,48309.0,72,76,4,0,72,76,254607,0,0,0,0,0
2020-04-19,US,Texas,Medina,15,2,0,29.355730100000002,-99.11030298,48325.0,13,15,2,0,13,15,50921,0,0,0,0,0
2020-04-19,US,Texas,Midland,42,3,0,31.86904128,-102.03156820000001,48329.0,39,42,3,0,39,41,172578,0,0,0,0,1
2020-04-19,US,Texas,Milam,11,0,0,30.785818300000003,-96.97718698,48331.0,11,9,0,0,9,9,25131,2,0,0,2,0
2020-04-19,US,Texas,Mitchell,1,0,0,32.30623474,-100.9212058,48335.0,1,1,0,0,1,1,8145,0,0,0,0,0
2020-04-19,US,Texas,Montague,5,0,0,33.67521893,-97.72500958,48337.0,5,5,0,0,5,5,19596,0,0,0,0,0
2020-04-19,US,Texas,Montgomery,377,7,0,30.30079133,-95.50572772,48339.0,370,370,7,0,363,370,590925,7,0,0,7,0
2020-04-19,US,Texas,Moore,106,0,0,35.83769242,-101.8930281,48341.0,106,99,0,0,99,75,21485,7,0,0,7,24
2020-04-19,US,Texas,Morris,5,0,0,33.11304005,-94.73255695,48343.0,5,4,0,0,4,4,12339,1,0,0,1,0
2020-04-19,US,Texas,Motley,1,0,0,34.07408766,-100.77972199999999,48345.0,1,1,0,0,1,1,1234,0,0,0,0,0
2020-04-19,US,Texas,Nacogdoches,89,6,0,31.62017125,-94.61803994,48347.0,83,88,6,0,82,75,65711,1,0,0,1,13
2020-04-19,US,Texas,Navarro,20,2,0,32.04620681,-96.47428766,48349.0,18,20,2,0,18,20,49565,0,0,0,0,0
2020-04-19,US,Texas,Newton,2,0,0,30.78548982,-93.74408813,48351.0,2,2,0,0,2,2,13746,0,0,0,0,0
2020-04-19,US,Texas,Nueces,90,0,0,27.736286,-97.5433285,48355.0,90,89,0,0,89,87,362265,1,0,0,1,2
2020-04-19,US,Texas,Oldham,3,1,0,35.40425596,-102.6027606,48359.0,2,3,1,0,2,3,2131,0,0,0,0,0
2020-04-19,US,Texas,Orange,53,0,0,30.11879481,-93.89412775,48361.0,53,53,0,0,53,50,83572,0,0,0,0,3
2020-04-19,US,Texas,Palo Pinto,7,1,0,32.75310985,-98.31319001,48363.0,6,7,1,0,6,7,28875,0,0,0,0,0
2020-04-19,US,Texas,Panola,38,3,0,32.163959600000005,-94.30552481,48365.0,35,38,3,0,35,36,23148,0,0,0,0,2
2020-04-19,US,Texas,Parker,21,0,0,32.77757172,-97.80500621,48367.0,21,21,0,0,21,20,138371,0,0,0,0,1
2020-04-19,US,Texas,Parmer,1,0,0,34.52993409,-102.78446679999999,48369.0,1,,,,,,9864,,,,,
2020-04-19,US,Texas,Pecos,5,0,0,30.78097267,-102.72412609999999,48371.0,5,5,0,0,5,5,15673,0,0,0,0,0
2020-04-19,US,Texas,Polk,14,0,0,30.79472531,-94.82766240000001,48373.0,14,14,0,0,14,14,50031,0,0,0,0,0
2020-04-19,US,Texas,Potter,130,2,0,35.40133773,-101.893964,48375.0,128,110,2,0,108,101,119648,20,0,0,20,9
2020-04-19,US,Texas,Rains,2,0,0,32.87109387,-95.79232691,48379.0,2,2,0,0,2,2,12159,0,0,0,0,0
2020-04-19,US,Texas,Randall,103,3,0,34.96585996,-101.8971322,48381.0,100,97,3,0,94,93,136271,6,0,0,6,4
2020-04-19,US,Texas,Red River,1,0,0,33.61886692,-95.04841765,48387.0,1,1,0,0,1,1,12175,0,0,0,0,0
2020-04-19,US,Texas,Reeves,2,0,0,31.32323325,-103.69038959999999,48389.0,2,2,0,0,2,2,15695,0,0,0,0,0
2020-04-19,US,Texas,Roberts,2,0,0,35.83809685,-100.813175,48393.0,2,2,0,0,2,1,903,0,0,0,0,1
2020-04-19,US,Texas,Robertson,2,0,0,31.02539637,-96.51272246,48395.0,2,2,0,0,2,2,17284,0,0,0,0,0
2020-04-19,US,Texas,Rockwall,41,0,0,32.89779518,-96.40771592,48397.0,41,39,0,0,39,39,100657,2,0,0,2,0
2020-04-19,US,Texas,Rusk,28,1,0,32.10773545,-94.76176432,48401.0,27,28,1,0,27,27,54450,0,0,0,0,1
2020-04-19,US,Texas,Sabine,1,0,0,31.34318809,-93.85440451,48403.0,1,1,0,0,1,1,10589,0,0,0,0,0
2020-04-19,US,Texas,San Augustine,14,1,0,31.39457611,-94.17000399,48405.0,13,14,1,0,13,14,8232,0,0,0,0,0
2020-04-19,US,Texas,San Jacinto,10,0,0,30.57933681,-95.16260304,48407.0,10,10,0,0,10,10,28719,0,0,0,0,0
2020-04-19,US,Texas,San Patricio,8,0,0,28.00880118,-97.51763891,48409.0,8,8,0,0,8,8,66893,0,0,0,0,0
2020-04-19,US,Texas,Scurry,2,0,0,32.74613808,-100.91626640000001,48415.0,2,2,0,0,2,2,16866,0,0,0,0,0
2020-04-19,US,Texas,Shelby,60,0,0,31.79211404,-94.14550696,48419.0,60,60,0,0,60,53,25418,0,0,0,0,7
2020-04-19,US,Texas,Sherman,7,0,0,36.27751473,-101.8933156,48421.0,7,7,0,0,7,6,3079,0,0,0,0,1
2020-04-19,US,Texas,Smith,121,2,0,32.37474036,-95.27175679999999,48423.0,119,116,2,0,114,112,230221,5,0,0,5,4
2020-04-19,US,Texas,Starr,7,0,0,26.56150059,-98.73892358,48427.0,7,7,0,0,7,7,64525,0,0,0,0,0
2020-04-19,US,Texas,Stephens,1,0,0,32.73553157,-98.83631615,48429.0,1,1,0,0,1,1,9433,0,0,0,0,0
2020-04-19,US,Texas,Swisher,4,0,0,34.53028891,-101.73491740000001,48437.0,4,4,0,0,4,4,7462,0,0,0,0,0
2020-04-19,US,Texas,Tarrant,1229,38,0,32.77143818,-97.29101614,48439.0,1191,1229,38,0,1191,1175,2084931,0,0,0,0,54
2020-04-19,US,Texas,Taylor,142,2,0,32.30163422,-99.89007449,48441.0,140,126,2,0,124,89,137640,16,0,0,16,37
2020-04-19,US,Texas,Terry,10,0,0,33.17402785,-102.3354521,48445.0,10,10,0,0,10,10,12287,0,0,0,0,0
2020-04-19,US,Texas,Titus,9,0,0,33.21339719,-94.96797273,48449.0,9,8,0,0,8,8,33033,1,0,0,1,0
2020-04-19,US,Texas,Tom Green,41,1,0,31.40464436,-100.46244300000001,48451.0,40,41,1,0,40,41,118189,0,0,0,0,0
2020-04-19,US,Texas,Travis,1092,23,0,30.33432034,-97.78535620000001,48453.0,1069,1074,21,0,1053,1074,1248743,18,2,0,16,0
2020-04-19,US,Texas,Trinity,7,0,0,31.0879489,-95.1367187,48455.0,7,7,0,0,7,7,14740,0,0,0,0,0
2020-04-19,US,Texas,Tyler,6,0,0,30.77031716,-94.37690895,48457.0,6,6,0,0,6,6,21696,0,0,0,0,0
2020-04-19,US,Texas,Upshur,9,0,0,32.73706798,-94.93999853,48459.0,9,9,0,0,9,9,41260,0,0,0,0,0
2020-04-19,US,Texas,Uvalde,6,0,0,29.35739637,-99.76229172,48463.0,6,6,0,0,6,6,26846,0,0,0,0,0
2020-04-19,US,Texas,Val Verde,12,0,0,29.89149232,-101.1525205,48465.0,12,12,0,0,12,12,49208,0,0,0,0,0
2020-04-19,US,Texas,Van Zandt,12,1,0,32.56483801,-95.83766469,48467.0,11,12,1,0,11,11,56019,0,0,0,0,1
2020-04-19,US,Texas,Victoria,93,1,0,28.79780988,-96.96813006,48469.0,92,89,1,0,88,89,92035,4,0,0,4,0
2020-04-19,US,Texas,Walker,77,0,0,30.73872995,-95.57440968,48471.0,77,68,0,0,68,67,72480,9,0,0,9,1
2020-04-19,US,Texas,Waller,24,0,0,30.01058447,-95.99011759,48473.0,24,23,0,0,23,23,53126,1,0,0,1,0
2020-04-19,US,Texas,Washington,52,4,0,30.21498498,-96.40946246,48477.0,48,50,4,0,46,49,35108,2,0,0,2,1
2020-04-19,US,Texas,Webb,267,11,0,27.7610369,-99.33237355,48479.0,256,253,11,0,242,245,275910,14,0,0,14,8
2020-04-19,US,Texas,Wharton,34,0,0,29.27765923,-96.22319248,48481.0,34,34,0,0,34,32,41619,0,0,0,0,2
2020-04-19,US,Texas,Wichita,59,2,0,33.98842886,-98.70410340000001,48485.0,57,58,1,0,57,57,132064,1,1,0,0,1
2020-04-19,US,Texas,Wilbarger,1,0,0,34.07945812,-99.24178437,48487.0,1,1,0,0,1,1,12820,0,0,0,0,0
2020-04-19,US,Texas,Willacy,8,1,0,26.47411727,-97.61535848,48489.0,7,8,1,0,7,7,21515,0,0,0,0,1
2020-04-19,US,Texas,Williamson,151,4,0,30.64655664,-97.60048540000001,48491.0,147,146,4,0,142,140,566719,5,0,0,5,6
2020-04-19,US,Texas,Wilson,21,1,0,29.1732598,-98.08693082,48493.0,20,19,1,0,18,19,50224,2,0,0,2,0
2020-04-19,US,Texas,Winkler,3,0,0,31.85008651,-103.04851629999999,48495.0,3,3,0,0,3,3,7720,0,0,0,0,0
2020-04-19,US,Texas,Wise,9,2,0,33.21570665,-97.65460265,48497.0,7,9,2,0,7,8,68305,0,0,0,0,1
2020-04-19,US,Texas,Wood,6,0,0,32.78722382,-95.38236368,48499.0,6,6,0,0,6,6,45129,0,0,0,0,0
2020-04-19,US,Texas,Yoakum,1,0,0,33.17320212,-102.82764329999999,48501.0,1,,,,,,8591,,,,,
2020-04-19,US,Texas,Young,4,1,0,33.17659707,-98.68790885,48503.0,3,4,1,0,3,4,18045,0,0,0,0,0
2020-04-19,US,Texas,Zapata,6,0,0,27.00156391,-99.16987152,48505.0,6,6,0,0,6,6,14190,0,0,0,0,0
2020-04-19,US,Texas,Zavala,1,0,0,28.86617238,-99.76050829,48507.0,1,1,0,0,1,1,11983,0,0,0,0,0
2020-04-19,US,Utah,Bear River,54,0,0,41.52106798,-113.08328159999999,0.0,54,,,,,,,,,,,
2020-04-19,US,Utah,Central Utah,15,0,0,39.37231946,-111.5758676,0.0,15,,,,,,,,,,,
2020-04-19,US,Utah,Davis,236,2,0,40.99001837,-112.1139997,49011.0,234,230,2,0,228,227,351713,6,0,0,6,3
2020-04-19,US,Utah,Salt Lake,1615,15,0,40.66616532,-111.92160109999999,49035.0,1600,1547,13,0,1534,1456,1152633,68,2,0,66,91
2020-04-19,US,Utah,San Juan,22,2,0,37.62762978,-109.80337140000002,49037.0,20,18,2,0,16,17,15449,4,0,0,4,1
2020-04-19,US,Utah,Southeast Utah,6,0,0,38.99617072,-110.70139579999999,0.0,6,,,,,,,,,,,
2020-04-19,US,Utah,Southwest Utah,66,1,0,37.85447192,-111.4418764,0.0,65,,,,,,,,,,,
2020-04-19,US,Utah,Summit,318,0,0,40.86688146,-110.9535882,49043.0,318,316,0,0,316,311,41933,2,0,0,2,5
2020-04-19,US,Utah,Tooele,42,0,0,40.44862644,-113.12957150000001,49045.0,42,39,0,0,39,38,69907,3,0,0,3,1
2020-04-19,US,Utah,TriCounty,10,0,0,40.12491499,-109.5174415,0.0,10,,,,,,,,,,,
2020-04-19,US,Utah,Utah,455,5,0,40.116672200000004,-111.66576620000001,49049.0,450,417,5,0,412,403,622213,38,0,0,38,14
2020-04-19,US,Utah,Wasatch,111,1,0,40.33110236,-111.1691419,49051.0,110,109,1,0,108,103,33240,2,0,0,2,6
2020-04-19,US,Utah,Weber-Morgan,119,1,0,41.27116049,-111.9145117,0.0,118,,,,,,,,,,,
2020-04-19,US,Vermont,Addison,61,2,0,44.03217337,-73.14130877,50001.0,59,61,2,0,59,57,36973,0,0,0,0,4
2020-04-19,US,Vermont,Bennington,37,1,0,43.03519828,-73.09048868,50003.0,36,37,1,0,36,33,35631,0,0,0,0,4
2020-04-19,US,Vermont,Caledonia,12,0,0,44.46548598,-72.10314651,50005.0,12,10,0,0,10,10,30302,2,0,0,2,0
2020-04-19,US,Vermont,Chittenden,385,23,0,44.46322849,-73.08359212,50007.0,362,384,23,0,361,378,164572,1,0,0,1,6
2020-04-19,US,Vermont,Essex,2,0,0,44.72736416,-71.73579864,50009.0,2,1,0,0,1,1,6250,1,0,0,1,0
2020-04-19,US,Vermont,Franklin,91,3,0,44.85627605,-72.91249563,50011.0,88,90,3,0,87,88,49421,1,0,0,1,2
2020-04-19,US,Vermont,Grand Isle,3,0,0,44.797582399999996,-73.29679772,50013.0,3,3,0,0,3,3,7090,0,0,0,0,0
2020-04-19,US,Vermont,Lamoille,23,2,0,44.60353043,-72.64356694,50015.0,21,23,2,0,21,22,25300,0,0,0,0,1
2020-04-19,US,Vermont,Orange,5,0,0,44.00470222,-72.37640104,50017.0,5,5,0,0,5,5,28999,0,0,0,0,0
2020-04-19,US,Vermont,Orleans,9,0,0,44.82964024,-72.24562697,50019.0,9,9,0,0,9,8,26907,0,0,0,0,1
2020-04-19,US,Vermont,Rutland,43,1,0,43.57723578,-73.03741676,50021.0,42,42,1,0,41,41,58672,1,0,0,1,1
2020-04-19,US,Vermont,Unassigned,10,1,0,0.0,0.0,90050.0,9,10,1,0,9,10,,0,0,0,0,0
2020-04-19,US,Vermont,Washington,32,1,0,44.27343241,-72.61604978,50023.0,31,31,1,0,30,30,58140,1,0,0,1,1
2020-04-19,US,Vermont,Windham,63,2,0,42.986982,-72.71268875,50025.0,61,63,2,0,61,60,42756,0,0,0,0,3
2020-04-19,US,Vermont,Windsor,37,2,0,43.58010937,-72.58595157,50027.0,35,34,2,0,32,33,55286,3,0,0,3,1
2020-04-19,US,Virginia,Accomack,42,0,0,37.76707161,-75.63234615,51001.0,42,33,0,0,33,28,32412,9,0,0,9,5
2020-04-19,US,Virginia,Albemarle,57,0,0,38.02080697,-78.55481085,51003.0,57,56,0,0,56,56,108718,1,0,0,1,0
2020-04-19,US,Virginia,Alexandria,383,7,0,38.814003,-77.08183073,51510.0,376,354,7,0,347,321,160530,29,0,0,29,33
2020-04-19,US,Virginia,Alleghany,5,0,0,37.78636074,-80.00222498,51005.0,5,4,0,0,4,4,14910,1,0,0,1,0
2020-04-19,US,Virginia,Amelia,14,0,0,37.34081025,-77.98584649,51007.0,14,13,0,0,13,13,13013,1,0,0,1,0
2020-04-19,US,Virginia,Amherst,10,0,0,37.60308293,-79.14548696,51009.0,10,10,0,0,10,10,31666,0,0,0,0,0
2020-04-19,US,Virginia,Appomattox,7,0,0,37.37569884,-78.81340003,51011.0,7,7,0,0,7,7,15841,0,0,0,0,0
2020-04-19,US,Virginia,Arlington,575,16,0,38.8767675,-77.10139853,51013.0,559,520,16,0,504,485,237521,55,0,0,55,35
2020-04-19,US,Virginia,Augusta,22,0,0,38.16404586,-79.12461614,51015.0,22,22,0,0,22,19,75457,0,0,0,0,3
2020-04-19,US,Virginia,Bedford,18,0,0,37.3080028,-79.5281964,51019.0,18,17,0,0,17,17,78747,1,0,0,1,0
2020-04-19,US,Virginia,Botetourt,24,0,0,37.55531756,-79.80982182,51023.0,24,23,0,0,23,23,33277,1,0,0,1,0
2020-04-19,US,Virginia,Bristol,1,0,0,36.616302399999995,-82.16359122,51520.0,1,1,0,0,1,1,16482,0,0,0,0,0
2020-04-19,US,Virginia,Brunswick,12,0,0,36.76366949,-77.8593436,51025.0,12,12,0,0,12,10,16384,0,0,0,0,2
2020-04-19,US,Virginia,Buchanan,12,0,0,37.26818323,-82.03749726,51027.0,12,12,0,0,12,12,21221,0,0,0,0,0
2020-04-19,US,Virginia,Buckingham,26,0,0,37.57242268,-78.52518834,51029.0,26,25,0,0,25,24,16999,1,0,0,1,1
2020-04-19,US,Virginia,Buena Vista,5,0,0,37.73484642,-79.35296097,51530.0,5,5,0,0,5,5,6237,0,0,0,0,0
2020-04-19,US,Virginia,Campbell,9,0,0,37.20553386,-79.09678609,51031.0,9,9,0,0,9,9,54973,0,0,0,0,0
2020-04-19,US,Virginia,Caroline,13,0,0,38.02679129,-77.34901405,51033.0,13,13,0,0,13,11,30772,0,0,0,0,2
2020-04-19,US,Virginia,Carroll,3,0,0,36.73066666,-80.73455942,51035.0,3,3,0,0,3,3,29636,0,0,0,0,0
2020-04-19,US,Virginia,Charles City,11,0,0,37.35358063,-77.05634116,51036.0,11,11,0,0,11,10,6941,0,0,0,0,1
2020-04-19,US,Virginia,Charlotte,8,0,0,37.01909701,-78.66314092,51037.0,8,8,0,0,8,8,11938,0,0,0,0,0
2020-04-19,US,Virginia,Charlottesville,41,1,0,38.03527919,-78.48569588,51540.0,40,41,1,0,40,40,48117,0,0,0,0,1
2020-04-19,US,Virginia,Chesapeake,162,4,0,36.67670048,-76.30545744,51550.0,158,154,4,0,150,147,242634,8,0,0,8,7
2020-04-19,US,Virginia,Chesterfield,311,0,0,37.37373208,-77.58680140000001,51041.0,311,310,0,0,310,291,348556,1,0,0,1,19
2020-04-19,US,Virginia,Clarke,6,0,0,39.11271747,-77.99199425,51043.0,6,6,0,0,6,6,14523,0,0,0,0,0
2020-04-19,US,Virginia,Colonial Heights,23,0,0,37.26420587,-77.39609676,51570.0,23,23,0,0,23,19,17833,0,0,0,0,4
2020-04-19,US,Virginia,Covington,1,0,0,37.7824656,-79.98631446,51580.0,1,1,0,0,1,1,5460,0,0,0,0,0
2020-04-19,US,Virginia,Craig,2,0,0,37.48133648,-80.21072274,51045.0,2,2,0,0,2,2,5064,0,0,0,0,0
2020-04-19,US,Virginia,Culpeper,43,0,0,38.48199985,-77.95630870000001,51047.0,43,39,0,0,39,32,51859,4,0,0,4,7
2020-04-19,US,Virginia,Cumberland,10,0,0,37.51328851,-78.24398086,51049.0,10,10,0,0,10,8,9809,0,0,0,0,2
2020-04-19,US,Virginia,Danville,27,0,0,36.58022376,-79.40395668,51590.0,27,24,0,0,24,22,40693,3,0,0,3,2
2020-04-19,US,Virginia,Dinwiddie,7,0,0,37.07544585,-77.63451754,51053.0,7,7,0,0,7,7,28529,0,0,0,0,0
2020-04-19,US,Virginia,Emporia,7,0,0,36.69455571,-77.53406129,51595.0,7,7,0,0,7,7,5121,0,0,0,0,0
2020-04-19,US,Virginia,Essex,2,0,0,37.93357639,-76.94230311,51057.0,2,2,0,0,2,2,10919,0,0,0,0,0
2020-04-19,US,Virginia,Fairfax,1809,37,0,38.83677558,-77.27565836,51059.0,1772,1633,37,0,1596,1476,1150795,176,0,0,176,157
2020-04-19,US,Virginia,Fairfax,1809,37,0,38.83677558,-77.27565836,51059.0,1772,1633,37,0,1596,1476,24574,176,0,0,176,157
2020-04-19,US,Virginia,Fairfax City,11,0,0,38.85157547,-77.29779640000001,51600.0,11,3,0,0,3,2,24574,8,0,0,8,1
2020-04-19,US,Virginia,Fauquier,39,0,0,38.73564842,-77.80647472,51061.0,39,36,0,0,36,35,70675,3,0,0,3,1
2020-04-19,US,Virginia,Floyd,1,0,0,36.9302126,-80.36738849,51063.0,1,1,0,0,1,1,15795,0,0,0,0,0
2020-04-19,US,Virginia,Fluvanna,66,0,0,37.84157909,-78.27715475,51065.0,66,66,0,0,66,64,26783,0,0,0,0,2
2020-04-19,US,Virginia,Franklin,15,0,0,36.99536167,-79.88023649,51067.0,15,15,0,0,15,15,56195,0,0,0,0,0
2020-04-19,US,Virginia,Franklin,15,0,0,36.99536167,-79.88023649,51067.0,15,15,0,0,15,15,8013,0,0,0,0,0
2020-04-19,US,Virginia,Franklin City,15,0,0,36.6831435,-76.93859681,51620.0,15,12,0,0,12,9,8013,3,0,0,3,3
2020-04-19,US,Virginia,Frederick,81,0,0,39.20172582,-78.25974949,51069.0,81,81,0,0,81,76,88355,0,0,0,0,5
2020-04-19,US,Virginia,Fredericksburg,17,0,0,38.2977863,-77.4922454,51630.0,17,15,0,0,15,15,29144,2,0,0,2,0
2020-04-19,US,Virginia,Galax,1,0,0,36.66601852,-80.91703124,51640.0,1,1,0,0,1,1,6423,0,0,0,0,0
2020-04-19,US,Virginia,Giles,4,0,0,37.31234791,-80.70636931,51071.0,4,4,0,0,4,4,16844,0,0,0,0,0
2020-04-19,US,Virginia,Gloucester,21,0,0,37.40809042,-76.53524337,51073.0,21,21,0,0,21,20,37349,0,0,0,0,1
2020-04-19,US,Virginia,Goochland,55,0,0,37.71714806,-77.90381514,51075.0,55,55,0,0,55,52,23244,0,0,0,0,3
2020-04-19,US,Virginia,Greene,8,0,0,38.29545894,-78.46525378,51079.0,8,8,0,0,8,7,19779,0,0,0,0,1
2020-04-19,US,Virginia,Greensville,18,0,0,36.67878901,-77.56351439,51081.0,18,18,0,0,18,18,11627,0,0,0,0,0
2020-04-19,US,Virginia,Halifax,8,0,0,36.76654925,-78.93512622,51083.0,8,8,0,0,8,7,34120,0,0,0,0,1
2020-04-19,US,Virginia,Hampton,83,1,0,37.03513786,-76.35879121,51650.0,82,79,1,0,78,78,134313,4,0,0,4,1
2020-04-19,US,Virginia,Hanover,84,0,0,37.7583355,-77.49464673,51085.0,84,79,0,0,79,70,107239,5,0,0,5,9
2020-04-19,US,Virginia,Harrisonburg,236,0,0,38.43542574,-78.87536254,51660.0,236,233,0,0,233,214,54033,3,0,0,3,19
2020-04-19,US,Virginia,Henrico,584,62,0,37.53460572,-77.39326555,51087.0,522,559,62,0,497,532,329261,25,0,0,25,27
2020-04-19,US,Virginia,Henry,10,0,0,36.68542395,-79.87634026,51089.0,10,10,0,0,10,10,50953,0,0,0,0,0
2020-04-19,US,Virginia,Hopewell,16,0,0,37.29186313,-77.29754684,51670.0,16,16,0,0,16,14,22596,0,0,0,0,2
2020-04-19,US,Virginia,Isle of Wight,86,0,0,36.90579348,-76.70842863,51093.0,86,83,0,0,83,69,36953,3,0,0,3,14
2020-04-19,US,Virginia,James City,141,2,0,37.31156958,-76.76950618,51095.0,139,139,2,0,137,138,76397,2,0,0,2,1
2020-04-19,US,Virginia,King George,18,0,0,38.26818502,-77.15852768,51099.0,18,18,0,0,18,18,26575,0,0,0,0,0
2020-04-19,US,Virginia,King William,2,0,0,37.70965316,-77.09384941,51101.0,2,2,0,0,2,2,16939,0,0,0,0,0
2020-04-19,US,Virginia,King and Queen,2,0,0,37.71044922,-76.88689628,51097.0,2,2,0,0,2,2,7042,0,0,0,0,0
2020-04-19,US,Virginia,Lancaster,1,0,0,37.71889653,-76.46400482,51103.0,1,1,0,0,1,1,10783,0,0,0,0,0
2020-04-19,US,Virginia,Lee,7,0,0,36.70586667,-83.12606515,51105.0,7,7,0,0,7,7,23541,0,0,0,0,0
2020-04-19,US,Virginia,Lexington,3,0,0,37.78258621,-79.44262866,51678.0,3,3,0,0,3,3,7136,0,0,0,0,0
2020-04-19,US,Virginia,Loudoun,425,8,0,39.08990083,-77.63481877,51107.0,417,413,8,0,405,385,406850,12,0,0,12,28
2020-04-19,US,Virginia,Louisa,33,0,0,37.97850256,-77.96274807,51109.0,33,33,0,0,33,33,36778,0,0,0,0,0
2020-04-19,US,Virginia,Lunenburg,3,0,0,36.94618528,-78.24133319,51111.0,3,3,0,0,3,3,12086,0,0,0,0,0
2020-04-19,US,Virginia,Lynchburg,38,0,0,37.40021399,-79.19888138,51680.0,38,38,0,0,38,38,82126,0,0,0,0,0
2020-04-19,US,Virginia,Madison,8,0,0,38.41531222,-78.28220331,51113.0,8,8,0,0,8,8,13295,0,0,0,0,0
2020-04-19,US,Virginia,Manassas,93,0,0,38.7464321,-77.48509905,51683.0,93,82,0,0,82,72,41641,11,0,0,11,10
2020-04-19,US,Virginia,Manassas Park,25,0,0,38.77058531,-77.44399307,51685.0,25,21,0,0,21,21,17307,4,0,0,4,0
2020-04-19,US,Virginia,Mathews,3,0,0,37.44164146,-76.34098896,51115.0,3,3,0,0,3,3,8802,0,0,0,0,0
2020-04-19,US,Virginia,Mecklenburg,65,0,0,36.67882005,-78.36131056,51117.0,65,64,0,0,64,62,30650,1,0,0,1,2
2020-04-19,US,Virginia,Middlesex,3,0,0,37.63191998,-76.55064617,51119.0,3,3,0,0,3,3,10769,0,0,0,0,0
2020-04-19,US,Virginia,Montgomery,42,0,0,37.17746986,-80.37868691,51121.0,42,42,0,0,42,40,98985,0,0,0,0,2
2020-04-19,US,Virginia,Nelson,5,0,0,37.78790447,-78.88498513,51125.0,5,5,0,0,5,5,14836,0,0,0,0,0
2020-04-19,US,Virginia,New Kent,17,0,0,37.50694406,-76.99828634,51127.0,17,17,0,0,17,17,22391,0,0,0,0,0
2020-04-19,US,Virginia,Newport News,102,1,0,37.08166899,-76.51754109,51700.0,101,102,1,0,101,100,178626,0,0,0,0,2
2020-04-19,US,Virginia,Norfolk,111,2,0,36.89934014,-76.26420872,51710.0,109,109,2,0,107,108,244076,2,0,0,2,1
2020-04-19,US,Virginia,Northampton,7,0,0,37.34062933,-75.87751591,51131.0,7,5,0,0,5,5,11735,2,0,0,2,0
2020-04-19,US,Virginia,Northumberland,5,0,0,37.89202088,-76.41949732,51133.0,5,5,0,0,5,5,12147,0,0,0,0,0
2020-04-19,US,Virginia,Norton,2,0,0,36.93357076,-82.62750411,51720.0,2,1,0,0,1,,3968,1,0,0,1,
2020-04-19,US,Virginia,Nottoway,8,0,0,37.1435975,-78.05065922,51135.0,8,6,0,0,6,5,15420,2,0,0,2,1
2020-04-19,US,Virginia,Orange,20,0,0,38.24530219,-78.01560400000001,51137.0,20,20,0,0,20,19,36644,0,0,0,0,1
2020-04-19,US,Virginia,Page,13,0,0,38.61807452,-78.48797204,51139.0,13,13,0,0,13,10,23933,0,0,0,0,3
2020-04-19,US,Virginia,Petersburg,21,0,0,37.20530399,-77.39368102,51730.0,21,21,0,0,21,21,31567,0,0,0,0,0
2020-04-19,US,Virginia,Pittsylvania,6,0,0,36.81980341,-79.39731264,51143.0,6,6,0,0,6,6,60949,0,0,0,0,0
2020-04-19,US,Virginia,Poquoson,6,0,0,37.14259351,-76.35798148,51735.0,6,6,0,0,6,6,12190,0,0,0,0,0
2020-04-19,US,Virginia,Portsmouth,65,4,0,36.85914825,-76.35971629,51740.0,61,65,4,0,61,63,94632,0,0,0,0,2
2020-04-19,US,Virginia,Powhatan,9,0,0,37.55016038,-77.91267882,51145.0,9,9,0,0,9,7,29189,0,0,0,0,2
2020-04-19,US,Virginia,Prince Edward,17,0,0,37.22554789,-78.43597949,51147.0,17,17,0,0,17,17,22950,0,0,0,0,0
2020-04-19,US,Virginia,Prince George,28,0,0,37.18497668,-77.22922187,51149.0,28,28,0,0,28,28,38082,0,0,0,0,0
2020-04-19,US,Virginia,Prince William,742,1,0,38.70916224,-77.48713689,51153.0,741,700,1,0,699,644,468011,42,0,0,42,56
2020-04-19,US,Virginia,Pulaski,8,0,0,37.06474963,-80.71229738,51155.0,8,8,0,0,8,8,34066,0,0,0,0,0
2020-04-19,US,Virginia,Radford,1,0,0,37.12222899,-80.56027320000001,51750.0,1,1,0,0,1,1,18339,0,0,0,0,0
2020-04-19,US,Virginia,Rappahannock,1,0,0,38.68295619,-78.15826963,51157.0,1,1,0,0,1,1,7252,0,0,0,0,0
2020-04-19,US,Virginia,Richmond,9,0,0,37.937575,-76.72920628,51159.0,9,8,0,0,8,8,9038,1,0,0,1,0
2020-04-19,US,Virginia,Richmond City,231,10,0,37.53255773,-77.47966921,51760.0,221,211,10,0,201,201,228783,20,0,0,20,10
2020-04-19,US,Virginia,Roanoke,22,0,0,37.26865804,-80.06396753,51161.0,22,20,0,0,20,20,94073,2,0,0,2,0
2020-04-19,US,Virginia,Roanoke City,24,0,0,37.27791025,-79.96189766,51770.0,24,24,0,0,24,24,99920,0,0,0,0,0
2020-04-19,US,Virginia,Rockbridge,5,0,0,37.81204314,-79.44605905,51163.0,5,5,0,0,5,5,22752,0,0,0,0,0
2020-04-19,US,Virginia,Rockingham,100,0,0,38.51006137,-78.87260325,51165.0,100,100,0,0,100,83,81244,0,0,0,0,17
2020-04-19,US,Virginia,Russell,2,0,0,36.930283200000005,-82.10095486,51167.0,2,2,0,0,2,2,26748,0,0,0,0,0
2020-04-19,US,Virginia,Salem,6,0,0,37.2836193,-80.06219455,51775.0,6,6,0,0,6,6,25643,0,0,0,0,0
2020-04-19,US,Virginia,Scott,4,0,0,36.71466456,-82.60171704,51169.0,4,4,0,0,4,3,21534,0,0,0,0,1
2020-04-19,US,Virginia,Shenandoah,39,0,0,38.85905135,-78.56813762,51171.0,39,39,0,0,39,33,43497,0,0,0,0,6
2020-04-19,US,Virginia,Smyth,12,0,0,36.84455636,-81.53344948,51173.0,12,12,0,0,12,11,30472,0,0,0,0,1
2020-04-19,US,Virginia,Southampton,16,0,0,36.72231125,-77.10642712,51175.0,16,9,0,0,9,7,17586,7,0,0,7,2
2020-04-19,US,Virginia,Spotsylvania,74,0,0,38.18574462,-77.655399,51177.0,74,72,0,0,72,69,134238,2,0,0,2,3
2020-04-19,US,Virginia,Stafford,152,0,0,38.41758738,-77.45917053,51179.0,152,143,0,0,143,128,149960,9,0,0,9,15
2020-04-19,US,Virginia,Staunton,5,0,0,38.15965544,-79.05979937,51790.0,5,5,0,0,5,4,24922,0,0,0,0,1
2020-04-19,US,Virginia,Suffolk,91,0,0,36.70155394,-76.63603554,51800.0,91,81,0,0,81,70,91185,10,0,0,10,11
2020-04-19,US,Virginia,Surry,3,0,0,37.11781893,-76.88450012,51181.0,3,3,0,0,3,3,6474,0,0,0,0,0
2020-04-19,US,Virginia,Sussex,11,0,0,36.92432914,-77.25791182,51183.0,11,11,0,0,11,11,11237,0,0,0,0,0
2020-04-19,US,Virginia,Tazewell,4,0,0,37.12191123,-81.56685568,51185.0,4,4,0,0,4,4,40855,0,0,0,0,0
2020-04-19,US,Virginia,Unassigned,0,113,0,0.0,0.0,90051.0,-113,0,94,0,-94,0,,0,19,0,-19,0
2020-04-19,US,Virginia,Virginia Beach,273,6,0,36.73285734,-76.04566934,51810.0,267,271,6,0,265,265,450189,2,0,0,2,6
2020-04-19,US,Virginia,Warren,24,0,0,38.90847745,-78.20280433,51187.0,24,24,0,0,24,22,40003,0,0,0,0,2
2020-04-19,US,Virginia,Washington,29,0,0,36.72341572,-81.95666289,51191.0,29,27,0,0,27,28,54402,2,0,0,2,-1
2020-04-19,US,Virginia,Waynesboro,7,0,0,38.06451466,-78.90293905,51820.0,7,7,0,0,7,7,22628,0,0,0,0,0
2020-04-19,US,Virginia,Westmoreland,10,0,0,38.11021557,-76.80213247,51193.0,10,10,0,0,10,9,17830,0,0,0,0,1
2020-04-19,US,Virginia,Williamsburg,19,1,0,37.28131268,-76.70905141,51830.0,18,19,1,0,18,19,14896,0,0,0,0,0
2020-04-19,US,Virginia,Winchester,25,0,0,39.17054517,-78.17325058,51840.0,25,25,0,0,25,22,28108,0,0,0,0,3
2020-04-19,US,Virginia,Wise,18,0,0,36.9746148,-82.62410519,51195.0,18,18,0,0,18,17,38012,0,0,0,0,1
2020-04-19,US,Virginia,Wythe,10,0,0,36.91582035,-81.07834059,51197.0,10,8,0,0,8,8,28754,2,0,0,2,0
2020-04-19,US,Virginia,York,44,1,0,37.24374789,-76.54412815,51199.0,43,38,1,0,37,38,67846,6,0,0,6,0
2020-04-19,US,Washington,Adams,41,0,0,46.98299757,-118.56017340000001,53001.0,41,40,0,0,40,40,19759,1,0,0,1,0
2020-04-19,US,Washington,Asotin,13,0,0,46.18894415,-117.2022851,53003.0,13,11,0,0,11,11,22610,2,0,0,2,0
2020-04-19,US,Washington,Benton,313,34,0,46.23946995,-119.51208340000001,53005.0,279,306,34,0,272,295,201877,7,0,0,7,11
2020-04-19,US,Washington,Chelan,73,6,0,47.87046092,-120.6173956,53007.0,67,67,6,0,61,66,77036,6,0,0,6,1
2020-04-19,US,Washington,Clallam,15,0,0,48.04754642,-123.92263190000001,53009.0,15,15,0,0,15,15,76737,0,0,0,0,0
2020-04-19,US,Washington,Clark,277,16,0,45.77568046,-122.48292040000001,53011.0,261,277,16,0,261,277,481857,0,0,0,0,0
2020-04-19,US,Washington,Columbia,1,0,0,46.29442881,-117.9051983,53013.0,1,1,0,0,1,1,4059,0,0,0,0,0
2020-04-19,US,Washington,Cowlitz,29,0,0,46.19074721,-122.6782231,53015.0,29,29,0,0,29,26,108987,0,0,0,0,3
2020-04-19,US,Washington,Douglas,34,1,0,47.7361335,-119.69293700000001,53017.0,33,34,1,0,33,34,42907,0,0,0,0,0
2020-04-19,US,Washington,Ferry,1,0,0,48.471143100000006,-118.5154041,53019.0,1,1,0,0,1,1,7649,0,0,0,0,0
2020-04-19,US,Washington,Franklin,191,4,0,46.53351425,-118.9018212,53021.0,187,177,4,0,173,162,94347,14,0,0,14,15
2020-04-19,US,Washington,Grant,143,2,0,47.20753737,-119.4500749,53025.0,141,140,2,0,138,133,97331,3,0,0,3,7
2020-04-19,US,Washington,Grays Harbor,12,0,0,47.14003705,-123.7820567,53027.0,12,12,0,0,12,12,73901,0,0,0,0,0
2020-04-19,US,Washington,Island,166,8,0,48.14713305,-122.5216407,53029.0,158,165,8,0,157,165,84460,1,0,0,1,0
2020-04-19,US,Washington,Jefferson,29,0,0,47.75003077,-123.56097040000002,53031.0,29,28,0,0,28,28,31729,1,0,0,1,0
2020-04-19,US,Washington,King,5174,346,0,47.49137892,-121.8346131,53033.0,4828,4902,331,0,4571,4902,2233163,272,15,0,257,0
2020-04-19,US,Washington,Kitsap,138,1,0,47.63479026,-122.6436061,53035.0,137,135,1,0,134,135,269805,3,0,0,3,0
2020-04-19,US,Washington,Kittitas,14,0,0,47.12521214,-120.67943899999999,53037.0,14,14,0,0,14,14,47364,0,0,0,0,0
2020-04-19,US,Washington,Klickitat,16,3,0,45.87325839,-120.7913598,53039.0,13,16,3,0,13,16,22107,0,0,0,0,0
2020-04-19,US,Washington,Lewis,20,2,0,46.57756476,-122.39257690000001,53041.0,18,19,2,0,17,19,79604,1,0,0,1,0
2020-04-19,US,Washington,Lincoln,2,0,0,47.57705241,-118.41943880000001,53043.0,2,2,0,0,2,2,10740,0,0,0,0,0
2020-04-19,US,Washington,Mason,22,0,0,47.35007586,-123.1863685,53045.0,22,22,0,0,22,21,65507,0,0,0,0,1
2020-04-19,US,Washington,Okanogan,15,0,0,48.54855019,-119.73872240000001,53047.0,15,15,0,0,15,15,42132,0,0,0,0,0
2020-04-19,US,Washington,Pacific,1,0,0,46.55418369,-123.7285716,53049.0,1,1,0,0,1,1,22036,0,0,0,0,0
2020-04-19,US,Washington,Pend Oreille,2,0,0,48.53234021,-117.2741804,53051.0,2,2,0,0,2,2,13602,0,0,0,0,0
2020-04-19,US,Washington,Pierce,1143,32,0,47.03892768,-122.14059579999999,53053.0,1111,1086,30,0,1056,1086,891299,57,2,0,55,0
2020-04-19,US,Washington,San Juan,15,0,0,48.60182783,-122.96745,53055.0,15,15,0,0,15,13,17128,0,0,0,0,2
2020-04-19,US,Washington,Skagit,240,7,0,48.48171488,-121.766131,53057.0,233,226,6,0,220,218,128206,14,1,0,13,8
2020-04-19,US,Washington,Skamania,3,0,0,46.02408726,-121.91644029999999,53059.0,3,3,0,0,3,3,11924,0,0,0,0,0
2020-04-19,US,Washington,Snohomish,2143,93,0,48.04615983,-121.7170703,53061.0,2050,2093,91,0,2002,2056,814901,50,2,0,48,37
2020-04-19,US,Washington,Spokane,307,17,0,47.62113146,-117.4046494,53063.0,290,302,17,0,285,298,514631,5,0,0,5,4
2020-04-19,US,Washington,Stevens,8,1,0,48.40035475,-117.8542701,53065.0,7,8,1,0,7,7,45260,0,0,0,0,1
2020-04-19,US,Washington,Thurston,93,1,0,46.9291895,-122.82906559999999,53067.0,92,89,1,0,88,89,286419,4,0,0,4,0
2020-04-19,US,Washington,Unassigned,436,0,0,0.0,0.0,90053.0,436,444,0,0,444,334,,-8,0,0,-8,110
2020-04-19,US,Washington,Wahkiakum,2,0,0,46.29180039999999,-123.4250831,53069.0,2,2,0,0,2,2,4426,0,0,0,0,0
2020-04-19,US,Washington,Walla Walla,27,0,0,46.23040051,-118.4775539,53071.0,27,27,0,0,27,26,60922,0,0,0,0,1
2020-04-19,US,Washington,Whatcom,277,26,0,48.82227976,-121.74900179999999,53073.0,251,276,25,0,251,271,225685,1,1,0,0,5
2020-04-19,US,Washington,Whitman,15,0,0,46.90022523,-117.52417630000001,53075.0,15,15,0,0,15,14,49791,0,0,0,0,1
2020-04-19,US,Washington,Yakima,804,36,0,46.45738486,-120.73801259999999,53077.0,768,759,34,0,725,707,251446,45,2,0,43,52
2020-04-19,US,West Virginia,Barbour,4,0,0,39.1307219,-80.00350858,54001.0,4,4,0,0,4,4,16535,0,0,0,0,0
2020-04-19,US,West Virginia,Berkeley,109,1,0,39.46704621,-78.02414609,54003.0,108,106,1,0,105,106,117123,3,0,0,3,0
2020-04-19,US,West Virginia,Boone,2,0,0,38.01974191,-81.69888019,54005.0,2,2,0,0,2,2,21951,0,0,0,0,0
2020-04-19,US,West Virginia,Braxton,1,0,0,38.70036159,-80.72011184,54007.0,1,1,0,0,1,1,14089,0,0,0,0,0
2020-04-19,US,West Virginia,Brooke,3,0,0,40.27367263,-80.57915332,54009.0,3,3,0,0,3,3,22203,0,0,0,0,0
2020-04-19,US,West Virginia,Cabell,34,0,0,38.42424062,-82.23855912,54011.0,34,29,0,0,29,28,93224,5,0,0,5,1
2020-04-19,US,West Virginia,Fayette,5,0,0,38.02974928,-81.08286634,54019.0,5,4,0,0,4,4,43018,1,0,0,1,0
2020-04-19,US,West Virginia,Grant,1,0,0,39.10314817,-79.19440518,54023.0,1,1,0,0,1,1,11626,0,0,0,0,0
2020-04-19,US,West Virginia,Greenbrier,3,0,0,37.9463652,-80.45335881,54025.0,3,3,0,0,3,3,34786,0,0,0,0,0
2020-04-19,US,West Virginia,Hampshire,6,0,0,39.32103553,-78.60826476,54027.0,6,6,0,0,6,6,23347,0,0,0,0,0
2020-04-19,US,West Virginia,Hancock,7,0,0,40.51943859,-80.57461608,54029.0,7,7,0,0,7,7,29094,0,0,0,0,0
2020-04-19,US,West Virginia,Hardy,3,0,0,39.00683177,-78.85855301,54031.0,3,3,0,0,3,3,13775,0,0,0,0,0
2020-04-19,US,West Virginia,Harrison,30,1,0,39.2853852,-80.37919577,54033.0,29,28,1,0,27,28,67554,2,0,0,2,0
2020-04-19,US,West Virginia,Jackson,100,1,0,38.84263974,-81.68148753,54035.0,99,43,1,0,42,40,28706,57,0,0,57,3
2020-04-19,US,West Virginia,Jefferson,60,0,0,39.30776166,-77.86014147,54037.0,60,60,0,0,60,60,56811,0,0,0,0,0
2020-04-19,US,West Virginia,Kanawha,127,0,0,38.33860077,-81.52857054,54039.0,127,106,0,0,106,104,180454,21,0,0,21,2
2020-04-19,US,West Virginia,Lewis,2,0,0,38.9947249,-80.49988181,54041.0,2,2,0,0,2,2,16024,0,0,0,0,0
2020-04-19,US,West Virginia,Lincoln,1,0,0,38.172154,-82.07017953,54043.0,1,1,0,0,1,1,20599,0,0,0,0,0
2020-04-19,US,West Virginia,Logan,8,1,0,37.8299889,-81.93528571,54045.0,7,8,1,0,7,8,32607,0,0,0,0,0
2020-04-19,US,West Virginia,Marion,42,1,0,39.50984542,-80.24244659,54049.0,41,42,1,0,41,42,56097,0,0,0,0,0
2020-04-19,US,West Virginia,Marshall,8,0,0,39.86064362,-80.66591062,54051.0,8,8,0,0,8,8,30785,0,0,0,0,0
2020-04-19,US,West Virginia,Mason,11,0,0,38.77071799,-82.02524219,54053.0,11,10,0,0,10,10,26718,1,0,0,1,0
2020-04-19,US,West Virginia,McDowell,6,0,0,37.38002939,-81.65083669,54047.0,6,6,0,0,6,6,18223,0,0,0,0,0
2020-04-19,US,West Virginia,Mercer,8,0,0,37.40481169,-81.11023142,54055.0,8,8,0,0,8,8,59131,0,0,0,0,0
2020-04-19,US,West Virginia,Mineral,8,0,0,39.41561583,-78.94104895,54057.0,8,8,0,0,8,8,26940,0,0,0,0,0
2020-04-19,US,West Virginia,Mingo,2,0,0,37.73048351,-82.13338365,54059.0,2,2,0,0,2,2,23785,0,0,0,0,0
2020-04-19,US,West Virginia,Monongalia,87,2,0,39.63218457,-80.04766838,54061.0,85,84,2,0,82,83,106420,3,0,0,3,1
2020-04-19,US,West Virginia,Monroe,5,0,0,37.56274716,-80.54577965,54063.0,5,2,0,0,2,2,13280,3,0,0,3,0
2020-04-19,US,West Virginia,Morgan,8,0,0,39.55439028,-78.26311676,54065.0,8,8,0,0,8,8,17787,0,0,0,0,0
2020-04-19,US,West Virginia,Nicholas,4,0,0,38.29617706,-80.79759588,54067.0,4,3,0,0,3,3,24842,1,0,0,1,0
2020-04-19,US,West Virginia,Ohio,22,0,0,40.0955451,-80.62203992,54069.0,22,23,0,0,23,22,41755,-1,0,0,-1,1
2020-04-19,US,West Virginia,Pendleton,2,0,0,38.68314479,-79.35084086,54071.0,2,2,0,0,2,2,6997,0,0,0,0,0
2020-04-19,US,West Virginia,Pleasants,1,0,0,39.37091679,-81.16771771,54073.0,1,1,0,0,1,1,7507,0,0,0,0,0
2020-04-19,US,West Virginia,Preston,10,0,0,39.46770987,-79.66712803,54077.0,10,7,0,0,7,6,33839,3,0,0,3,1
2020-04-19,US,West Virginia,Putnam,14,0,0,38.50782345,-81.9082131,54079.0,14,14,0,0,14,14,56682,0,0,0,0,0
2020-04-19,US,West Virginia,Raleigh,7,0,0,37.76936795,-81.2456041,54081.0,7,7,0,0,7,7,74254,0,0,0,0,0
2020-04-19,US,West Virginia,Randolph,4,0,0,38.769899,-79.87919615,54083.0,4,4,0,0,4,4,28823,0,0,0,0,0
2020-04-19,US,West Virginia,Roane,3,0,0,38.71622686,-81.35243568,54087.0,3,2,0,0,2,2,13932,1,0,0,1,0
2020-04-19,US,West Virginia,Summers,1,0,0,37.65390597,-80.86009693,54089.0,1,1,0,0,1,1,12760,0,0,0,0,0
2020-04-19,US,West Virginia,Taylor,5,0,0,39.33602617,-80.0421439,54091.0,5,5,0,0,5,5,16862,0,0,0,0,0
2020-04-19,US,West Virginia,Tucker,4,0,0,39.11240885,-79.57053576,54093.0,4,4,0,0,4,4,6955,0,0,0,0,0
2020-04-19,US,West Virginia,Tyler,3,0,0,39.46811972,-80.88772676,54095.0,3,3,0,0,3,3,8746,0,0,0,0,0
2020-04-19,US,West Virginia,Unassigned,0,11,0,0.0,0.0,90054.0,-11,0,9,0,-9,0,,0,2,0,-2,0
2020-04-19,US,West Virginia,Upshur,4,0,0,38.89285061,-80.23689136,54097.0,4,4,0,0,4,4,24415,0,0,0,0,0
2020-04-19,US,West Virginia,Wayne,78,0,0,38.14901357,-82.42287994,54099.0,78,75,0,0,75,74,39944,3,0,0,3,1
2020-04-19,US,West Virginia,Wetzel,3,0,0,39.6065771,-80.64016540000001,54103.0,3,3,0,0,3,3,15270,0,0,0,0,0
2020-04-19,US,West Virginia,Wirt,2,0,0,39.02775007,-81.37473928,54105.0,2,2,0,0,2,2,5830,0,0,0,0,0
2020-04-19,US,West Virginia,Wood,31,0,0,39.20967886,-81.5162836,54107.0,31,29,0,0,29,29,84203,2,0,0,2,0
2020-04-19,US,West Virginia,Wyoming,1,0,0,37.612327,-81.54511071,54109.0,1,1,0,0,1,1,20786,0,0,0,0,0
2020-04-19,US,Wisconsin,Adams,4,1,0,43.96974651,-89.76782777,55001.0,3,4,1,0,3,4,20348,0,0,0,0,0
2020-04-19,US,Wisconsin,Ashland,2,0,0,46.31956891,-90.67837132,55003.0,2,2,0,0,2,2,15600,0,0,0,0,0
2020-04-19,US,Wisconsin,Barron,6,0,0,45.42372701,-91.84833627,55005.0,6,6,0,0,6,6,45164,0,0,0,0,0
2020-04-19,US,Wisconsin,Bayfield,3,1,0,46.52868768,-91.19716729,55007.0,2,3,1,0,2,3,15042,0,0,0,0,0
2020-04-19,US,Wisconsin,Brown,215,1,0,44.452655299999996,-88.00411844,55009.0,214,204,1,0,203,180,263378,11,0,0,11,24
2020-04-19,US,Wisconsin,Buffalo,4,1,0,44.37835084,-91.75332578,55011.0,3,4,1,0,3,4,13125,0,0,0,0,0
2020-04-19,US,Wisconsin,Calumet,6,0,0,44.0816316,-88.21780273,55015.0,6,5,0,0,5,5,50159,1,0,0,1,0
2020-04-19,US,Wisconsin,Chippewa,20,0,0,45.06939744,-91.28068855,55017.0,20,21,0,0,21,20,64135,-1,0,0,-1,1
2020-04-19,US,Wisconsin,Clark,16,0,0,44.73483377,-90.61207486,55019.0,16,14,0,0,14,12,34709,2,0,0,2,2
2020-04-19,US,Wisconsin,Columbia,27,1,0,43.46492199,-89.33589004,55021.0,26,27,1,0,26,27,57358,0,0,0,0,0
2020-04-19,US,Wisconsin,Crawford,3,0,0,43.23870316,-90.93073686,55023.0,3,3,0,0,3,3,16291,0,0,0,0,0
2020-04-19,US,Wisconsin,Dane,361,19,0,43.06601594,-89.41733797,55025.0,342,358,17,0,341,359,542364,3,2,0,1,-1
2020-04-19,US,Wisconsin,Dodge,19,1,0,43.41576662,-88.70928178,55027.0,18,19,1,0,18,20,87847,0,0,0,0,-1
2020-04-19,US,Wisconsin,Door,9,1,0,44.95856458,-87.30002707,55029.0,8,9,1,0,8,9,27610,0,0,0,0,0
2020-04-19,US,Wisconsin,Douglas,8,0,0,46.43222285,-91.91595768,55031.0,8,8,0,0,8,7,43208,0,0,0,0,1
2020-04-19,US,Wisconsin,Dunn,9,0,0,44.94562799,-91.8962481,55033.0,9,9,0,0,9,9,45131,0,0,0,0,0
2020-04-19,US,Wisconsin,Eau Claire,22,0,0,44.726614,-91.28609183,55035.0,22,22,0,0,22,22,104534,0,0,0,0,0
2020-04-19,US,Wisconsin,Florence,2,0,0,45.84963535,-88.39804137,55037.0,2,2,0,0,2,2,4321,0,0,0,0,0
2020-04-19,US,Wisconsin,Fond du Lac,62,3,0,43.75354908,-88.48885325,55039.0,59,62,3,0,59,61,103066,0,0,0,0,1
2020-04-19,US,Wisconsin,Grant,18,2,0,42.8671731,-90.7063218,55043.0,16,15,2,0,13,13,51554,3,0,0,3,2
2020-04-19,US,Wisconsin,Green,9,0,0,42.6794956,-89.60243287,55045.0,9,9,0,0,9,9,36929,0,0,0,0,0
2020-04-19,US,Wisconsin,Green Lake,1,0,0,43.80025981,-89.04679553,55047.0,1,1,0,0,1,1,18918,0,0,0,0,0
2020-04-19,US,Wisconsin,Iowa,6,0,0,43.00050278,-90.13469017,55049.0,6,6,0,0,6,6,23771,0,0,0,0,0
2020-04-19,US,Wisconsin,Iron,2,1,0,46.26302338,-90.24295041,55051.0,1,2,1,0,1,2,5676,0,0,0,0,0
2020-04-19,US,Wisconsin,Jackson,12,1,0,44.31864893,-90.80566792,55053.0,11,11,1,0,10,11,20478,1,0,0,1,0
2020-04-19,US,Wisconsin,Jefferson,32,0,0,43.02054068,-88.77529134,55055.0,32,27,0,0,27,27,85129,5,0,0,5,0
2020-04-19,US,Wisconsin,Juneau,10,1,0,43.92456975,-90.11120239,55057.0,9,10,1,0,9,7,26617,0,0,0,0,3
2020-04-19,US,Wisconsin,Kenosha,248,5,0,42.57639354,-88.04051686,55059.0,243,236,5,0,231,218,169290,12,0,0,12,18
2020-04-19,US,Wisconsin,Kewaunee,8,1,0,44.51727459,-87.61468386,55061.0,7,8,1,0,7,8,20383,0,0,0,0,0
2020-04-19,US,Wisconsin,La Crosse,25,0,0,43.90632465,-91.11451093,55063.0,25,25,0,0,25,25,118230,0,0,0,0,0
2020-04-19,US,Wisconsin,Lafayette,3,0,0,42.66005229,-90.1317729,55065.0,3,3,0,0,3,3,16665,0,0,0,0,0
2020-04-19,US,Wisconsin,Manitowoc,6,0,0,44.11946801,-87.80928853,55071.0,6,6,0,0,6,5,79074,0,0,0,0,1
2020-04-19,US,Wisconsin,Marathon,17,1,0,44.89792533,-89.75863384,55073.0,16,17,1,0,16,16,135428,0,0,0,0,1
2020-04-19,US,Wisconsin,Marinette,5,1,0,45.38553432,-88.03324599999999,55075.0,4,5,1,0,4,4,40434,0,0,0,0,1
2020-04-19,US,Wisconsin,Marquette,3,1,0,43.81911946,-89.40073763,55077.0,2,3,1,0,2,3,15434,0,0,0,0,0
2020-04-19,US,Wisconsin,Menominee,1,0,0,45.00422544,-88.70950714,55078.0,1,1,0,0,1,1,4658,0,0,0,0,0
2020-04-19,US,Wisconsin,Milwaukee,2150,125,0,43.00486062,-87.96733172,55079.0,2025,2065,122,0,1943,2013,948201,85,3,0,82,52
2020-04-19,US,Wisconsin,Monroe,13,0,0,43.94641218,-90.61881899999999,55081.0,13,13,0,0,13,13,46051,0,0,0,0,0
2020-04-19,US,Wisconsin,Oconto,4,0,0,45.02715345,-88.26807503,55083.0,4,4,0,0,4,4,37830,0,0,0,0,0
2020-04-19,US,Wisconsin,Oneida,6,0,0,45.70677897,-89.51944105,55085.0,6,6,0,0,6,6,35470,0,0,0,0,0
2020-04-19,US,Wisconsin,Outagamie,35,2,0,44.41578887,-88.46565023,55087.0,33,33,2,0,31,31,187365,2,0,0,2,2
2020-04-19,US,Wisconsin,Ozaukee,79,9,0,43.38352225,-87.94625009,55089.0,70,79,9,0,70,78,89147,0,0,0,0,1
2020-04-19,US,Wisconsin,Pierce,7,0,0,44.71850291,-92.4224416,55093.0,7,7,0,0,7,7,42555,0,0,0,0,0
2020-04-19,US,Wisconsin,Polk,4,0,0,45.46130348,-92.44182875,55095.0,4,4,0,0,4,4,43598,0,0,0,0,0
2020-04-19,US,Wisconsin,Portage,4,0,0,44.47558711,-89.50152965,55097.0,4,4,0,0,4,4,70942,0,0,0,0,0
2020-04-19,US,Wisconsin,Price,1,0,0,45.68051754,-90.36098879999999,55099.0,1,1,0,0,1,1,13397,0,0,0,0,0
2020-04-19,US,Wisconsin,Racine,168,9,0,42.74753117,-88.05941254,55101.0,159,164,8,0,156,157,196584,4,1,0,3,7
2020-04-19,US,Wisconsin,Richland,8,1,0,43.3762778,-90.43012729,55103.0,7,8,1,0,7,8,17377,0,0,0,0,0
2020-04-19,US,Wisconsin,Rock,74,4,0,42.67151616,-89.07147900000001,55105.0,70,68,4,0,64,63,163129,6,0,0,6,5
2020-04-19,US,Wisconsin,Rusk,4,0,0,45.47498854,-91.1333012,55107.0,4,4,0,0,4,3,14147,0,0,0,0,1
2020-04-19,US,Wisconsin,Sauk,33,3,0,43.42574087,-89.94966132,55111.0,30,32,3,0,29,31,64249,1,0,0,1,1
2020-04-19,US,Wisconsin,Sawyer,2,0,0,45.87931905,-91.14504927,55113.0,2,2,0,0,2,2,16489,0,0,0,0,0
2020-04-19,US,Wisconsin,Shawano,6,0,0,44.78902246,-88.76443896,55115.0,6,6,0,0,6,6,40796,0,0,0,0,0
2020-04-19,US,Wisconsin,Sheboygan,40,2,0,43.72099677,-87.94579284,55117.0,38,39,2,0,37,38,115456,1,0,0,1,1
2020-04-19,US,Wisconsin,St. Croix,11,0,0,45.03437474,-92.45000068,55109.0,11,11,0,0,11,11,89694,0,0,0,0,0
2020-04-19,US,Wisconsin,Trempealeau,1,0,0,44.30360275,-91.35893614,55121.0,1,1,0,0,1,1,29442,0,0,0,0,0
2020-04-19,US,Wisconsin,Vilas,4,0,0,46.05467334,-89.51719204,55125.0,4,4,0,0,4,4,21938,0,0,0,0,0
2020-04-19,US,Wisconsin,Walworth,89,6,0,42.66858202,-88.54163073,55127.0,83,89,4,0,85,75,103718,0,2,0,-2,14
2020-04-19,US,Wisconsin,Washburn,1,0,0,45.89838588,-91.79050449,55129.0,1,1,0,0,1,1,15878,0,0,0,0,0
2020-04-19,US,Wisconsin,Washington,84,3,0,43.36863664,-88.22974712,55131.0,81,82,3,0,79,81,135693,2,0,0,2,1
2020-04-19,US,Wisconsin,Waukesha,265,11,0,43.01833055,-88.30431188,55133.0,254,259,11,0,248,255,403072,6,0,0,6,4
2020-04-19,US,Wisconsin,Waupaca,4,1,0,44.47068056,-88.96534501,55135.0,3,4,1,0,3,4,51128,0,0,0,0,0
2020-04-19,US,Wisconsin,Waushara,2,0,0,44.11324419,-89.24317107,55137.0,2,2,0,0,2,2,24263,0,0,0,0,0
2020-04-19,US,Wisconsin,Winnebago,41,1,0,44.06886922,-88.64477096,55139.0,40,38,1,0,37,34,171020,3,0,0,3,4
2020-04-19,US,Wisconsin,Wood,2,0,0,44.45537896,-90.04158336,55141.0,2,2,0,0,2,2,73055,0,0,0,0,0
2020-04-19,US,Wyoming,Albany,6,0,0,41.65498705,-105.72354150000001,56001.0,6,6,0,0,6,6,38601,0,0,0,0,0
2020-04-19,US,Wyoming,Big Horn,1,0,0,44.52405055,-107.9960365,56003.0,1,1,0,0,1,1,11881,0,0,0,0,0
2020-04-19,US,Wyoming,Campbell,13,0,0,44.24886082,-105.54744040000001,56005.0,13,13,0,0,13,13,46140,0,0,0,0,0
2020-04-19,US,Wyoming,Carbon,4,0,0,41.69357844,-106.9326084,56007.0,4,4,0,0,4,4,14971,0,0,0,0,0
2020-04-19,US,Wyoming,Converse,9,0,0,42.97272268,-105.5081848,56009.0,9,8,0,0,8,8,13640,1,0,0,1,0
2020-04-19,US,Wyoming,Crook,4,0,0,44.58855102,-104.56977049999999,56011.0,4,4,0,0,4,4,7450,0,0,0,0,0
2020-04-19,US,Wyoming,Fremont,49,0,0,43.04183996,-108.6296893,56013.0,49,47,0,0,47,45,39531,2,0,0,2,2
2020-04-19,US,Wyoming,Goshen,3,0,0,42.08798185,-104.3534743,56015.0,3,3,0,0,3,3,13376,0,0,0,0,0
2020-04-19,US,Wyoming,Hot Springs,1,0,0,43.71930657,-108.44231740000001,56017.0,1,1,0,0,1,1,4555,0,0,0,0,0
2020-04-19,US,Wyoming,Johnson,11,1,0,44.04057166,-106.58451740000001,56019.0,10,11,1,0,10,11,8460,0,0,0,0,0
2020-04-19,US,Wyoming,Laramie,71,0,0,41.307025200000005,-104.6887497,56021.0,71,70,0,0,70,69,98976,1,0,0,1,1
2020-04-19,US,Wyoming,Lincoln,5,0,0,42.26376367,-110.6563997,56023.0,5,5,0,0,5,5,19434,0,0,0,0,0
2020-04-19,US,Wyoming,Natrona,38,0,0,42.96180148,-106.79788500000001,56025.0,38,38,0,0,38,38,79115,0,0,0,0,0
2020-04-19,US,Wyoming,Niobrara,1,0,0,43.05607708,-104.47588959999999,56027.0,1,1,0,0,1,1,2388,0,0,0,0,0
2020-04-19,US,Wyoming,Park,1,0,0,44.52157546,-109.58528249999999,56029.0,1,1,0,0,1,1,29324,0,0,0,0,0
2020-04-19,US,Wyoming,Sheridan,12,0,0,44.79048913,-106.8862389,56033.0,12,12,0,0,12,12,30233,0,0,0,0,0
2020-04-19,US,Wyoming,Sublette,1,0,0,42.76558279,-109.91309220000001,56035.0,1,1,0,0,1,1,9813,0,0,0,0,0
2020-04-19,US,Wyoming,Sweetwater,10,0,0,41.65943896,-108.8827882,56037.0,10,10,0,0,10,10,43051,0,0,0,0,0
2020-04-19,US,Wyoming,Teton,62,0,0,43.93522482,-110.5890801,56039.0,62,62,0,0,62,61,23081,0,0,0,0,1
2020-04-19,US,Wyoming,Uinta,6,0,0,41.2878183,-110.54757820000002,56041.0,6,6,0,0,6,6,20299,0,0,0,0,0
2020-04-19,US,Wyoming,Unassigned,0,1,0,0.0,0.0,90056.0,-1,0,1,0,-1,0,,0,0,0,0,0
2020-04-19,US,Wyoming,Washakie,5,0,0,43.90451606,-107.68018700000002,56043.0,5,5,0,0,5,5,7885,0,0,0,0,0
