Date,Country/Region,Province/State,Admin2,Confirmed,Deaths,Recovered,Latitude,Longitude,FIPS,Incidence_Rate,Case-Fatality_Ratio,Active Cases,Previous Confirmed,Previous Deaths,Previous Recovered,Previous Active,Prev2 Confirmed,Population,Daily Confirmed,Daily Deaths,Daily Recovered,Daily Active,Previous Daily Confirmed
2020-08-25,US,Alabama,Autauga,1286,22,0,32.53952745,-86.64408227,1001.0,2301.813170094328,1.7107309486780715,1264,1286,22,0,1264,1266,55601,0,0,0,0,20
2020-08-25,US,Alabama,Baldwin,4100,32,0,30.72774991,-87.72207058,1003.0,1836.6377881505505,0.7804878048780488,4068,4083,32,0,4051,4069,218022,17,0,0,17,14
2020-08-25,US,Alabama,Barbour,628,7,0,31.868263,-85.3871286,1005.0,2543.952037592157,1.1146496815286624,621,633,7,0,626,629,24881,-5,0,0,-5,4
2020-08-25,US,Alabama,Bibb,511,6,0,32.99642064,-87.12511459999996,1007.0,2281.8612128248637,1.1741682974559686,505,510,6,0,504,510,22400,1,0,0,1,0
2020-08-25,US,Alabama,Blount,967,6,0,33.98210918,-86.56790593,1009.0,1672.2581537716599,0.6204756980351603,961,946,6,0,940,934,57840,21,0,0,21,12
2020-08-25,US,Alabama,Bullock,527,13,0,32.10030533,-85.71265535,1011.0,5217.305217305217,2.4667931688804554,514,527,13,0,514,527,10138,0,0,0,0,0
2020-08-25,US,Alabama,Butler,804,36,0,31.75300095,-86.68057478,1013.0,4134.101192924722,4.477611940298506,768,805,36,0,769,804,19680,-1,0,0,-1,1
2020-08-25,US,Alabama,Calhoun,2179,24,0,33.77483727,-85.82630386,1015.0,1918.0493816293292,1.101422670949977,2155,2168,23,0,2145,2144,114277,11,1,0,10,24
2020-08-25,US,Alabama,Chambers,863,38,0,32.91360079,-85.39072749,1017.0,2595.1765201178805,4.40324449594438,825,870,38,0,832,870,33615,-7,0,0,-7,0
2020-08-25,US,Alabama,Cherokee,334,9,0,34.17805983,-85.60638968,1019.0,1275.0038173766984,2.6946107784431144,325,336,9,0,327,331,26032,-2,0,0,-2,5
2020-08-25,US,Alabama,Chilton,958,10,0,32.85044126,-86.7173256,1021.0,2156.297830197173,1.0438413361169103,948,953,10,0,943,936,44153,5,0,0,5,17
2020-08-25,US,Alabama,Choctaw,314,12,0,32.02227341,-88.26564429999998,1023.0,2494.241004051156,3.8216560509554136,302,312,12,0,300,306,12841,2,0,0,2,6
2020-08-25,US,Alabama,Clarke,892,10,0,31.68099859,-87.83548597,1025.0,3776.140885615105,1.1210762331838564,882,887,10,0,877,884,23920,5,0,0,5,3
2020-08-25,US,Alabama,Clay,317,6,0,33.26984193,-85.85836077,1027.0,2395.1643369852663,1.892744479495268,311,317,6,0,311,316,13275,0,0,0,0,1
2020-08-25,US,Alabama,Cleburne,188,4,0,33.67679204,-85.52005899,1029.0,1260.8987256874582,2.127659574468085,184,182,4,0,178,177,14987,6,0,0,6,5
2020-08-25,US,Alabama,Coffee,907,5,0,31.39932826,-85.98901039,1031.0,1732.8340529593827,0.5512679162072768,902,906,5,0,901,902,51909,1,0,0,1,4
2020-08-25,US,Alabama,Colbert,1358,19,0,34.69847452,-87.80168544,1033.0,2458.319002190402,1.3991163475699555,1339,1350,19,0,1331,1343,54762,8,0,0,8,7
2020-08-25,US,Alabama,Conecuh,429,11,0,31.43401703,-86.99320044,1035.0,3555.1504102096637,2.5641025641025643,418,425,11,0,414,421,12277,4,0,0,4,4
2020-08-25,US,Alabama,Coosa,110,3,0,32.93690146,-86.24847739,1037.0,1031.6046140860922,2.727272727272727,107,112,3,0,109,112,10715,-2,0,0,-2,0
2020-08-25,US,Alabama,Covington,812,22,0,31.247785399999998,-86.45050893,1039.0,2191.6920834570433,2.70935960591133,790,822,22,0,800,819,36986,-10,0,0,-10,3
2020-08-25,US,Alabama,Crenshaw,368,17,0,31.72941803,-86.31593104,1041.0,2672.0882950914897,4.619565217391305,351,367,17,0,350,367,13824,1,0,0,1,0
2020-08-25,US,Alabama,Cullman,1379,12,0,34.13020303,-86.86888037,1043.0,1646.2133511603477,0.8701957940536621,1367,1380,12,0,1368,1365,83442,-1,0,0,-1,15
2020-08-25,US,Alabama,Dale,965,36,0,31.43037123,-85.61095742,1045.0,1962.4989831611483,3.730569948186528,929,968,36,0,932,960,48956,-3,0,0,-3,8
2020-08-25,US,Alabama,Dallas,1413,25,0,32.32688101,-87.10866709999998,1047.0,3798.7955694160655,1.7692852087756543,1388,1414,25,0,1389,1404,38310,-1,0,0,-1,10
2020-08-25,US,Alabama,DeKalb,1999,14,0,34.45946862,-85.80782906,1049.0,2795.295960175073,0.7003501750875438,1985,1996,14,0,1982,1989,71385,3,0,0,3,7
2020-08-25,US,Alabama,Elmore,1938,42,0,32.59785413,-86.14415284,1051.0,2386.435001046682,2.1671826625387,1896,1939,42,0,1897,1911,81887,-1,0,0,-1,28
2020-08-25,US,Alabama,Escambia,1191,20,0,31.1256789,-87.15918694,1053.0,3251.16698059127,1.6792611251049538,1171,1194,20,0,1174,1172,36748,-3,0,0,-3,22
2020-08-25,US,Alabama,Etowah,2556,37,0,34.04567266,-86.04051873,1055.0,2499.31552391755,1.4475743348982786,2519,2551,37,0,2514,2509,102501,5,0,0,5,42
2020-08-25,US,Alabama,Fayette,270,6,0,33.72076938,-87.73886638,1057.0,1656.2384983437616,2.2222222222222223,264,270,6,0,264,270,16433,0,0,0,0,0
2020-08-25,US,Alabama,Franklin,1456,24,0,34.44235334,-87.84289505,1059.0,4642.561061156814,1.6483516483516485,1432,1453,22,0,1431,1432,31363,3,2,0,1,21
2020-08-25,US,Alabama,Geneva,359,2,0,31.09389027,-85.83572839,1061.0,1366.5258269574815,0.5571030640668524,357,356,2,0,354,353,26314,3,0,0,3,3
2020-08-25,US,Alabama,Greene,269,14,0,32.85504247,-87.95684022,1063.0,3316.483787449143,5.204460966542751,255,268,14,0,254,268,8233,1,0,0,1,0
2020-08-25,US,Alabama,Hale,513,27,0,32.76039258,-87.63284988,1065.0,3501.4674766227563,5.2631578947368425,486,514,26,0,488,512,14726,-1,1,0,-2,2
2020-08-25,US,Alabama,Henry,310,3,0,31.51148016,-85.24267944,1067.0,1801.801801801801,0.967741935483871,307,313,3,0,310,308,17209,-3,0,0,-3,5
2020-08-25,US,Alabama,Houston,1755,14,0,31.15197924,-85.29939599,1069.0,1657.5055250184164,0.7977207977207977,1741,1753,14,0,1739,1740,104722,2,0,0,2,13
2020-08-25,US,Alabama,Jackson,1223,5,0,34.78144169,-85.99750489,1071.0,2368.9613760508278,0.4088307440719542,1218,1217,5,0,1212,1216,51736,6,0,0,6,1
2020-08-25,US,Alabama,Jefferson,14729,285,0,33.55554728,-86.89506300000002,1073.0,2236.502255634531,1.9349582456378571,14444,14688,285,0,14403,14621,659300,41,0,0,41,67
2020-08-25,US,Alabama,Lamar,264,2,0,33.77995024,-88.09668032,1075.0,1912.3505976095612,0.7575757575757576,262,261,2,0,259,260,13844,3,0,0,3,1
2020-08-25,US,Alabama,Lauderdale,1353,22,0,34.90171875,-87.65624729,1077.0,1459.0904679226564,1.6260162601626016,1331,1339,22,0,1317,1329,92387,14,0,0,14,10
2020-08-25,US,Alabama,Lawrence,419,5,0,34.52041498,-87.31069453,1079.0,1272.6278702466286,1.1933174224343674,414,411,5,0,406,402,32957,8,0,0,8,9
2020-08-25,US,Alabama,Lee,2946,48,0,32.60154883,-85.35132246,1081.0,1790.4243293505606,1.6293279022403258,2898,2940,47,0,2893,2930,163941,6,1,0,5,10
2020-08-25,US,Alabama,Limestone,1548,14,0,34.81185586,-86.98310072,1083.0,1564.9800333619771,0.9043927648578812,1534,1541,14,0,1527,1533,96174,7,0,0,7,8
2020-08-25,US,Alabama,Lowndes,591,24,0,32.1597283,-86.65158371,1085.0,6076.49599012955,4.060913705583757,567,588,24,0,564,587,9974,3,0,0,3,1
2020-08-25,US,Alabama,Macon,373,16,0,32.38759944,-85.69267724,1087.0,2064.423289794111,4.289544235924933,357,375,16,0,359,374,18439,-2,0,0,-2,1
2020-08-25,US,Alabama,Madison,5926,41,0,34.76327133,-86.55069633,1089.0,1589.1276424006928,0.6918663516706041,5885,5926,39,0,5887,5907,366519,0,2,0,-2,19
2020-08-25,US,Alabama,Marengo,616,17,0,32.24767634,-87.78796182,1091.0,3265.652335259503,2.75974025974026,599,613,17,0,596,608,19066,3,0,0,3,5
2020-08-25,US,Alabama,Marion,681,28,0,34.13697363,-87.88704173,1093.0,2292.234676360699,4.1116005873715125,653,670,27,0,643,655,29763,11,1,0,10,15
2020-08-25,US,Alabama,Marshall,3432,39,0,34.36975964,-86.30486727,1095.0,3546.407092814185,1.1363636363636365,3393,3436,39,0,3397,3428,96109,-4,0,0,-4,8
2020-08-25,US,Alabama,Mobile,11573,244,0,30.78472347,-88.20842409,1097.0,2800.7550640110358,2.108355655404821,11329,11568,244,0,11324,11540,413757,5,0,0,5,28
2020-08-25,US,Alabama,Monroe,449,6,0,31.56729412,-87.36995001,1099.0,2165.6296725027732,1.33630289532294,443,449,6,0,443,448,21067,0,0,0,0,1
2020-08-25,US,Alabama,Montgomery,7477,155,0,32.2206831,-86.20969272,1101.0,3301.307807105075,2.073023940082921,7322,7463,155,0,7308,7412,225763,14,0,0,14,51
2020-08-25,US,Alabama,Morgan,2638,22,0,34.45500589,-86.85475946,1103.0,2204.2296476407723,0.8339651250947687,2616,2629,22,0,2607,2620,119089,9,0,0,9,9
2020-08-25,US,Alabama,Perry,473,4,0,32.64048341,-87.29770589,1105.0,5300.907766446262,0.8456659619450317,469,472,4,0,468,472,9140,1,0,0,1,0
2020-08-25,US,Alabama,Pickens,501,10,0,33.28094866,-88.08818103,1107.0,2513.7982940291017,1.996007984031936,491,501,10,0,491,497,19938,0,0,0,0,4
2020-08-25,US,Alabama,Pike,785,7,0,31.80396383,-85.9408295,1109.0,2370.598538382557,0.89171974522293,778,784,7,0,777,781,33338,1,0,0,1,3
2020-08-25,US,Alabama,Randolph,442,11,0,33.29526734,-85.45708831,1111.0,1945.2512983012061,2.4886877828054303,431,439,11,0,428,436,22725,3,0,0,3,3
2020-08-25,US,Alabama,Russell,1500,2,0,32.28725256,-85.18415324,1113.0,2587.947067855972,0.13333333333333333,1498,1507,2,0,1505,1500,57781,-7,0,0,-7,7
2020-08-25,US,Alabama,Shelby,3662,38,0,33.26879845,-86.66232561,1117.0,1682.11591992724,1.0376843255051884,3624,3654,38,0,3616,3643,215707,8,0,0,8,11
2020-08-25,US,Alabama,St. Clair,1555,24,0,33.71902176,-86.31029372,1115.0,1737.1972472964521,1.5434083601286173,1531,1560,24,0,1536,1550,88690,-5,0,0,-5,10
2020-08-25,US,Alabama,Sumter,392,19,0,32.59117397,-88.19916205,1119.0,3154.4218234489417,4.846938775510204,373,391,19,0,372,390,12691,1,0,0,1,1
2020-08-25,US,Alabama,Talladega,1225,16,0,33.37823223,-86.16886178,1121.0,1531.6712095826351,1.3061224489795915,1209,1234,16,0,1218,1218,79828,-9,0,0,-9,16
2020-08-25,US,Alabama,Tallapoosa,920,79,0,32.86698258,-85.79833053,1123.0,2279.089355166349,8.58695652173913,841,921,79,0,842,919,40497,-1,0,0,-1,2
2020-08-25,US,Alabama,Tuscaloosa,4823,87,0,33.28726072,-87.52556818,1125.0,2303.7424470397173,1.803856520837653,4736,4821,86,0,4735,4792,208911,2,1,0,1,29
2020-08-25,US,Alabama,Unassigned,6288,78,0,0.0,0.0,90001.0,0.0,1.2404580152671756,6210,5941,74,0,5867,4966,,347,4,0,343,975
2020-08-25,US,Alabama,Walker,1746,67,0,33.80270512,-87.30027177,1127.0,2748.6972812140866,3.837342497136312,1679,1744,67,0,1677,1713,63711,2,0,0,2,31
2020-08-25,US,Alabama,Washington,487,13,0,31.4092794,-88.20689944,1129.0,2982.971946588264,2.6694045174537986,474,484,13,0,471,484,16378,3,0,0,3,0
2020-08-25,US,Alabama,Wilcox,472,10,0,31.98773215,-87.30891118,1131.0,4550.274751759375,2.1186440677966103,462,471,10,0,461,469,10627,1,0,0,1,2
2020-08-25,US,Alabama,Winston,508,11,0,34.15030532,-87.37325922,1133.0,2149.900545939312,2.1653543307086616,497,506,11,0,495,500,23660,2,0,0,2,6
2020-08-25,US,Alaska,Aleutians East,2,0,0,55.32222414,-161.9722021,2013.0,59.93407252022774,0.0,2,2,0,0,2,2,3515,0,0,0,0,0
2020-08-25,US,Alaska,Aleutians West,5,0,0,52.3233,-174.1596,2016.0,88.74689385871494,0.0,5,5,0,0,5,5,5723,0,0,0,0,0
2020-08-25,US,Alaska,Anchorage,2751,20,0,61.14998174,-149.14269860000005,2020.0,955.2083333333336,0.7270083605961468,2731,2737,16,0,2721,2695,291538,14,4,0,10,42
2020-08-25,US,Alaska,Bethel,55,1,0,60.90980451,-159.8561831,2050.0,299.14065049494184,1.818181818181818,54,55,1,0,54,40,18216,0,0,0,0,15
2020-08-25,US,Alaska,Bristol Bay,11,0,0,58.74513976,-156.701064,2060.0,1315.7894736842104,0.0,11,11,0,0,11,11,877,0,0,0,0,0
2020-08-25,US,Alaska,Denali,1,0,0,63.67264044,-150.0076108,2068.0,47.687172150691474,0.0,1,1,0,0,1,1,2059,0,0,0,0,0
2020-08-25,US,Alaska,Dillingham,5,0,0,59.79603738,-158.23819419999995,2070.0,101.70870626525631,0.0,5,5,0,0,5,5,5000,0,0,0,0,0
2020-08-25,US,Alaska,Fairbanks North Star,565,8,0,64.80726247,-146.5692662,2090.0,583.3823787545559,1.4159292035398232,557,561,8,0,553,560,98971,4,0,0,4,1
2020-08-25,US,Alaska,Haines,5,0,0,59.09893571,-135.4679843,2100.0,197.6284584980237,0.0,5,5,0,0,5,5,2474,0,0,0,0,0
2020-08-25,US,Alaska,Juneau,164,1,0,58.45031811,-134.200436,2110.0,512.9167448551948,0.6097560975609756,163,163,1,0,162,163,32113,1,0,0,1,0
2020-08-25,US,Alaska,Kenai Peninsula,403,2,0,60.24429722,-151.53888840000005,2122.0,686.4481842338353,0.4962779156327544,401,401,2,0,399,399,58533,2,0,0,2,2
2020-08-25,US,Alaska,Ketchikan Gateway,43,0,0,55.57445008,-130.975561,2130.0,309.3302640097835,0.0,43,42,0,0,42,42,13918,1,0,0,1,0
2020-08-25,US,Alaska,Kodiak Island,14,0,0,57.65529415,-153.7493579,2150.0,107.70887828896757,0.0,14,14,0,0,14,14,13345,0,0,0,0,0
2020-08-25,US,Alaska,Kusilvak,8,0,0,62.15429159999999,-163.39678830000003,2158.0,96.22323791195574,0.0,8,8,0,0,8,8,8303,0,0,0,0,0
2020-08-25,US,Alaska,Matanuska-Susitna,447,2,0,62.31305045,-149.5741743,2170.0,412.6776037002502,0.44742729306487694,445,442,2,0,440,435,107610,5,0,0,5,7
2020-08-25,US,Alaska,Nome,32,0,0,64.90320724,-164.0353804,2180.0,319.87205117952817,0.0,32,31,0,0,31,31,10008,1,0,0,1,0
2020-08-25,US,Alaska,North Slope,33,0,0,69.31479216,-153.4836093,2185.0,335.6387306753458,0.0,33,30,0,0,30,30,9872,3,0,0,3,0
2020-08-25,US,Alaska,Northwest Arctic,63,0,0,67.04919196,-159.7503946,2188.0,826.6631675633117,0.0,63,62,0,0,62,62,7671,1,0,0,1,0
2020-08-25,US,Alaska,Petersburg,7,1,0,57.13978948,-132.9540995,2195.0,214.32945499081444,14.285714285714285,6,7,1,0,6,7,3221,0,0,0,0,0
2020-08-25,US,Alaska,Prince of Wales-Hyder,20,0,0,55.76261984,-133.0511621,2198.0,322.4246332419797,0.0,20,20,0,0,20,20,6422,0,0,0,0,0
2020-08-25,US,Alaska,Sitka,34,0,0,57.24124555,-135.3206587,2220.0,400.3296832685741,0.0,34,34,0,0,34,34,8647,0,0,0,0,0
2020-08-25,US,Alaska,Southeast Fairbanks,18,0,0,63.87692095,-143.2127643,2240.0,261.13448425939356,0.0,18,18,0,0,18,18,6918,0,0,0,0,0
2020-08-25,US,Alaska,Unassigned,2,0,0,0.0,0.0,90002.0,0.0,0.0,2,2,0,0,2,1,,0,0,0,0,1
2020-08-25,US,Alaska,Valdez-Cordova,71,0,0,61.47502768,-144.7126799,2261.0,771.5713975222777,0.0,71,70,0,0,70,69,9164,1,0,0,1,1
2020-08-25,US,Alaska,Wrangell,9,0,0,56.3202004,-132.05837309999998,2275.0,359.71223021582733,0.0,9,9,0,0,9,9,2503,0,0,0,0,0
2020-08-25,US,Alaska,Yakutat,9,0,0,59.890980799999994,-140.36014509999998,2282.0,1554.4041450777206,0.0,9,9,0,0,9,9,604,0,0,0,0,0
2020-08-25,US,Alaska,Yukon-Koyukuk,66,1,0,65.50815459,-151.39073869999999,2290.0,1261.9502868068835,1.5151515151515151,65,66,1,0,65,66,5327,0,0,0,0,0
2020-08-25,US,Arizona,Apache,3309,148,0,35.39465006,-109.4892383,4001.0,4603.057576474189,4.472650347537019,3161,3301,148,0,3153,3302,71818,8,0,0,8,-1
2020-08-25,US,Arizona,Cochise,1798,57,0,31.87934684,-109.7516088,4003.0,1427.8680452978824,3.1701890989988875,1741,1795,56,0,1739,1795,126770,3,1,0,2,0
2020-08-25,US,Arizona,Coconino,3264,122,0,35.83883429,-111.77071780000001,4005.0,2274.944938526304,3.737745098039216,3142,3249,122,0,3127,3244,142854,15,0,0,15,5
2020-08-25,US,Arizona,Gila,1083,44,0,33.80190085,-110.8132779,4007.0,2004.8872598022879,4.062788550323177,1039,1076,43,0,1033,1073,53889,7,1,0,6,3
2020-08-25,US,Arizona,Graham,694,22,0,32.93166885,-109.8882178,4009.0,1786.955738084816,3.1700288184438037,672,669,22,0,647,669,38072,25,0,0,25,0
2020-08-25,US,Arizona,Greenlee,58,1,0,33.21498827,-109.2405279,4011.0,610.6548747104654,1.7241379310344829,57,58,1,0,57,57,9483,0,0,0,0,1
2020-08-25,US,Arizona,La Paz,496,14,0,33.72854224,-113.98100290000001,4012.0,2349.8199734697746,2.8225806451612905,482,495,14,0,481,494,21098,1,0,0,1,1
2020-08-25,US,Arizona,Maricopa,132290,2804,0,33.34835867,-112.49181540000001,4013.0,2949.337563935012,2.1195857585607376,129486,131962,2790,0,129172,131787,4410824,328,14,0,314,175
2020-08-25,US,Arizona,Mohave,3534,196,0,35.70471703,-113.7577902,4015.0,1665.5591216932712,5.5461233729485,3338,3500,194,0,3306,3489,209550,34,2,0,32,11
2020-08-25,US,Arizona,Navajo,5523,216,0,35.3997715,-110.3218983,4017.0,4979.084778767445,3.9109179793590436,5307,5496,216,0,5280,5498,110445,27,0,0,27,-2
2020-08-25,US,Arizona,Pima,20919,553,0,32.0971334,-111.7890033,4019.0,1997.4619943682626,2.6435298054400307,20366,20535,551,0,19984,20475,1039073,384,2,0,382,60
2020-08-25,US,Arizona,Pinal,9232,178,0,32.90525627,-111.3449483,4021.0,1994.8615891907543,1.9280762564991332,9054,9211,177,0,9034,9187,447138,21,1,0,20,24
2020-08-25,US,Arizona,Santa Cruz,2728,56,0,31.52508998,-110.8479088,4023.0,5866.91900726913,2.0527859237536656,2672,2745,55,0,2690,2742,46511,-17,1,0,-18,3
2020-08-25,US,Arizona,Unassigned,1,1,0,0.0,0.0,90004.0,0.0,100.0,0,1,1,0,0,1,,0,0,0,0,0
2020-08-25,US,Arizona,Yavapai,2259,76,0,34.59933926,-112.5538588,4025.0,960.8718029425902,3.3643204957946,2183,2249,77,0,2172,2242,231993,10,-1,0,11,7
2020-08-25,US,Arizona,Yuma,12085,304,0,32.76895712,-113.90666740000002,4027.0,5652.822669292333,2.5155151013653287,11781,12072,304,0,11768,12048,212128,13,0,0,13,24
2020-08-25,US,Arkansas,Arkansas,266,2,0,34.29145151,-91.37277296,5001.0,1521.2169735788632,0.7518796992481203,264,265,2,0,263,265,17769,1,0,0,1,0
2020-08-25,US,Arkansas,Ashley,380,7,0,33.19153461,-91.76984709999999,5003.0,1933.153583965,1.8421052631578947,373,380,7,0,373,379,20046,0,0,0,0,1
2020-08-25,US,Arkansas,Baxter,116,0,0,36.28784385,-92.33782872,5005.0,276.63836687971,0.0,116,116,0,0,116,116,41619,0,0,0,0,0
2020-08-25,US,Arkansas,Benton,5113,45,0,36.33644656,-94.25680817,5007.0,1831.690794258099,0.8801095247408567,5068,5097,45,0,5052,5092,272608,16,0,0,16,5
2020-08-25,US,Arkansas,Boone,274,1,0,36.3084504,-93.09374925,5009.0,731.9940158153453,0.36496350364963503,273,270,1,0,269,266,37480,4,0,0,4,4
2020-08-25,US,Arkansas,Bradley,267,5,0,33.46755808,-92.15980837,5011.0,2480.7209885719594,1.8726591760299625,262,267,5,0,262,260,10897,0,0,0,0,7
2020-08-25,US,Arkansas,Calhoun,23,0,0,33.55598792,-92.49974403,5013.0,443.24532665253423,0.0,23,23,0,0,23,23,5277,0,0,0,0,0
2020-08-25,US,Arkansas,Carroll,437,7,0,36.34038560000001,-93.54270261,5015.0,1539.8167723749118,1.6018306636155606,430,436,7,0,429,432,28223,1,0,0,1,4
2020-08-25,US,Arkansas,Chicot,939,10,0,33.26458973,-91.29539209,5017.0,9280.4902154576,1.064962726304579,929,939,10,0,929,938,10438,0,0,0,0,1
2020-08-25,US,Arkansas,Clark,215,3,0,34.04613432,-93.17484713,5019.0,963.2616487455196,1.3953488372093024,212,210,3,0,207,208,22061,5,0,0,5,2
2020-08-25,US,Arkansas,Clay,165,5,0,36.36826212,-90.4148172,5021.0,1133.942684351591,3.0303030303030303,160,164,5,0,159,164,14847,1,0,0,1,0
2020-08-25,US,Arkansas,Cleburne,247,6,0,35.53864922,-92.02640019,5023.0,991.2115253421083,2.42914979757085,241,245,6,0,239,244,24965,2,0,0,2,1
2020-08-25,US,Arkansas,Cleveland,130,2,0,33.89723187,-92.18537045,5025.0,1633.9869281045749,1.5384615384615383,128,130,2,0,128,129,8018,0,0,0,0,1
2020-08-25,US,Arkansas,Columbia,284,13,0,33.21230701,-93.22642793,5027.0,1210.726009293601,4.577464788732393,271,281,12,0,269,274,23537,3,1,0,2,7
2020-08-25,US,Arkansas,Conway,193,3,0,35.26205537,-92.70506566,5029.0,925.8370910486424,1.5544041450777202,190,189,3,0,186,189,20891,4,0,0,4,0
2020-08-25,US,Arkansas,Craighead,1701,14,0,35.83018283,-90.63235729,5031.0,1541.7104738425842,0.8230452674897121,1687,1696,14,0,1682,1682,108558,5,0,0,5,14
2020-08-25,US,Arkansas,Crawford,851,6,0,35.58928601,-94.2446814,5033.0,1345.3056578718558,0.7050528789659224,845,839,6,0,833,835,63406,12,0,0,12,4
2020-08-25,US,Arkansas,Crittenden,1595,28,0,35.21247318,-90.30839406,5035.0,3326.0348243144613,1.7554858934169284,1567,1582,28,0,1554,1573,48342,13,0,0,13,9
2020-08-25,US,Arkansas,Cross,244,4,0,35.29631396,-90.77185818,5037.0,1486.083196296973,1.639344262295082,240,241,4,0,237,240,16676,3,0,0,3,1
2020-08-25,US,Arkansas,Dallas,103,2,0,33.97042763,-92.65167437,5039.0,1469.5391639320874,1.9417475728155342,101,90,2,0,88,90,7182,13,0,0,13,0
2020-08-25,US,Arkansas,Desha,224,5,0,33.83011025,-91.25500948,5041.0,1971.6574245224888,2.232142857142857,219,223,4,0,219,223,11512,1,1,0,0,0
2020-08-25,US,Arkansas,Drew,294,4,0,33.59035001,-91.71777921,5043.0,1613.6999835336735,1.3605442176870748,290,296,4,0,292,296,18328,-2,0,0,-2,0
2020-08-25,US,Arkansas,Faulkner,1579,7,0,35.14719007,-92.33717519,5045.0,1253.1049862309235,0.44331855604813175,1572,1535,7,0,1528,1500,124806,44,0,0,44,35
2020-08-25,US,Arkansas,Franklin,153,2,0,35.51202821,-93.89299569,5047.0,863.6748518204912,1.30718954248366,151,153,2,0,151,152,17810,0,0,0,0,1
2020-08-25,US,Arkansas,Fulton,61,0,0,36.38177105,-91.81729127,5049.0,488.8995752184019,0.0,61,60,0,0,60,59,12269,1,0,0,1,1
2020-08-25,US,Arkansas,Garland,1320,27,0,34.57692074,-93.14921604,5051.0,1328.154870907371,2.0454545454545454,1293,1308,25,0,1283,1296,99154,12,2,0,10,12
2020-08-25,US,Arkansas,Grant,169,0,0,34.29017991,-92.42320562,5053.0,925.2669039145908,0.0,169,169,0,0,169,168,18188,0,0,0,0,1
2020-08-25,US,Arkansas,Greene,587,4,0,36.11735460000001,-90.55832668,5055.0,1295.0910093767234,0.6814310051107325,583,584,3,0,581,584,45325,3,1,0,2,0
2020-08-25,US,Arkansas,Hempstead,312,3,0,33.73325583,-93.66935133,5057.0,1449.0061304105518,0.9615384615384616,309,307,3,0,304,306,21741,5,0,0,5,1
2020-08-25,US,Arkansas,Hot Spring,1684,18,0,34.31709259,-92.95396325,5059.0,4986.526901779634,1.0688836104513064,1666,1681,17,0,1664,1678,33701,3,1,0,2,3
2020-08-25,US,Arkansas,Howard,398,5,0,34.09007427,-93.9934871,5061.0,3014.694743220724,1.256281407035176,393,393,5,0,388,391,13341,5,0,0,5,2
2020-08-25,US,Arkansas,Independence,705,4,0,35.74242707,-91.57001641,5063.0,1863.8466622604096,0.5673758865248227,701,692,3,0,689,684,37678,13,1,0,12,8
2020-08-25,US,Arkansas,Izard,80,0,0,36.09604046,-91.90847954,5065.0,586.9836378310955,0.0,80,81,0,0,81,81,13593,-1,0,0,-1,0
2020-08-25,US,Arkansas,Jackson,175,1,0,35.59802983,-91.21494602,5067.0,1046.7133201746517,0.5714285714285714,174,176,1,0,175,176,16811,-1,0,0,-1,0
2020-08-25,US,Arkansas,Jefferson,1924,47,0,34.26767081,-91.92619839,5069.0,2879.205076020592,2.4428274428274435,1877,1904,44,0,1860,1899,68114,20,3,0,17,5
2020-08-25,US,Arkansas,Johnson,742,3,0,35.56759135,-93.46036368,5071.0,2791.7826774023633,0.4043126684636119,739,739,3,0,736,735,26742,3,0,0,3,4
2020-08-25,US,Arkansas,Lafayette,65,2,0,33.24116713,-93.60677071,5073.0,981.2801932367148,3.0769230769230766,63,65,2,0,63,65,6682,0,0,0,0,0
2020-08-25,US,Arkansas,Lawrence,245,10,0,36.04188196,-91.10867198,5075.0,1493.3560892356454,4.081632653061225,235,245,10,0,235,240,16434,0,0,0,0,5
2020-08-25,US,Arkansas,Lee,993,10,0,34.78498904,-90.78383866,5077.0,11211.471152760527,1.0070493454179257,983,993,10,0,983,992,8985,0,0,0,0,1
2020-08-25,US,Arkansas,Lincoln,1384,13,0,33.95317155,-91.74002806,5079.0,10626.535626535626,0.9393063583815028,1371,1375,13,0,1362,1375,13383,9,0,0,9,0
2020-08-25,US,Arkansas,Little River,265,13,0,33.70375665,-94.23468591,5081.0,2161.6771351660004,4.90566037735849,252,258,13,0,245,256,12326,7,0,0,7,2
2020-08-25,US,Arkansas,Logan,351,1,0,35.21413234,-93.71951016,5083.0,1635.1439485698313,0.2849002849002849,350,351,1,0,350,347,21737,0,0,0,0,4
2020-08-25,US,Arkansas,Lonoke,661,2,0,34.75392199,-91.88742357,5085.0,901.6628244826692,0.30257186081694404,659,652,2,0,650,651,73657,9,0,0,9,1
2020-08-25,US,Arkansas,Madison,287,2,0,36.01038185,-93.72524943,5087.0,1731.418918918919,0.6968641114982579,285,286,2,0,284,286,16481,1,0,0,1,0
2020-08-25,US,Arkansas,Marion,41,0,0,36.26844485,-92.68451899,5089.0,245.59722055828442,0.0,41,41,0,0,41,41,16722,0,0,0,0,0
2020-08-25,US,Arkansas,Miller,578,5,0,33.31403423,-93.89285258,5091.0,1336.1999214000043,0.8650519031141869,573,572,5,0,567,571,43592,6,0,0,6,1
2020-08-25,US,Arkansas,Mississippi,1277,18,0,35.76271485,-90.05194370000002,5093.0,3141.3741359376154,1.4095536413469067,1259,1268,17,0,1251,1261,41239,9,1,0,8,7
2020-08-25,US,Arkansas,Monroe,90,0,0,34.6815935,-91.20540287,5095.0,1343.0831219221006,0.0,90,89,0,0,89,89,6900,1,0,0,1,0
2020-08-25,US,Arkansas,Montgomery,61,3,0,34.53704874,-93.65824478,5097.0,678.833741375473,4.918032786885246,58,60,2,0,58,58,8924,1,1,0,0,2
2020-08-25,US,Arkansas,Nevada,158,11,0,33.66340119,-93.30632432,5099.0,1914.6873485215704,6.962025316455697,147,156,11,0,145,156,8326,2,0,0,2,0
2020-08-25,US,Arkansas,Newton,109,15,0,35.91947491,-93.21612969,5101.0,1405.907390687476,13.761467889908257,94,109,15,0,94,108,7805,0,0,0,0,1
2020-08-25,US,Arkansas,Ouachita,133,4,0,33.58839816,-92.87795984,5103.0,568.8136173124626,3.0075187969924815,129,132,4,0,128,130,23606,1,0,0,1,2
2020-08-25,US,Arkansas,Perry,58,0,0,34.945915299999996,-92.94372564,5105.0,554.7584887613582,0.0,58,59,0,0,59,59,10352,-1,0,0,-1,0
2020-08-25,US,Arkansas,Phillips,379,9,0,34.43268455,-90.84800154,5107.0,2131.368799910021,2.3746701846965697,370,375,9,0,366,375,18029,4,0,0,4,0
2020-08-25,US,Arkansas,Pike,161,1,0,34.16250414,-93.65789349,5109.0,1502.145922746781,0.6211180124223602,160,157,1,0,156,156,10673,4,0,0,4,1
2020-08-25,US,Arkansas,Poinsett,432,4,0,35.57433534,-90.66268713,5111.0,1836.1101666099967,0.925925925925926,428,429,4,0,425,406,23974,3,0,0,3,23
2020-08-25,US,Arkansas,Polk,208,2,0,34.48254879,-94.22728802,5113.0,1041.8753756762171,0.9615384615384616,206,207,2,0,205,204,20049,1,0,0,1,3
2020-08-25,US,Arkansas,Pope,1605,14,0,35.44871474,-93.03212219,5115.0,2504.9943813210143,0.8722741433021807,1591,1593,14,0,1579,1591,64000,12,0,0,12,2
2020-08-25,US,Arkansas,Prairie,114,0,0,34.83624419,-91.55162157,5117.0,1414.0411808484243,0.0,114,114,0,0,114,114,8074,0,0,0,0,0
2020-08-25,US,Arkansas,Pulaski,6675,98,0,34.77054088,-92.31355101,5119.0,1703.1928167364526,1.468164794007491,6577,6590,98,0,6492,6533,392680,85,0,0,85,57
2020-08-25,US,Arkansas,Randolph,291,12,0,36.3415714,-91.02455531,5121.0,1620.4477113264286,4.123711340206185,279,290,12,0,278,290,17948,1,0,0,1,0
2020-08-25,US,Arkansas,Saline,1409,10,0,34.64916145,-92.67583224,5125.0,1150.7959195341275,0.7097232079489,1399,1384,10,0,1374,1375,121421,25,0,0,25,9
2020-08-25,US,Arkansas,Scott,84,0,0,34.85588887,-94.0632176,5127.0,817.0411438576014,0.0,84,84,0,0,84,84,10319,0,0,0,0,0
2020-08-25,US,Arkansas,Searcy,66,0,0,35.9109364,-92.69936482,5129.0,837.4571754853447,0.0,66,62,0,0,62,58,7958,4,0,0,4,4
2020-08-25,US,Arkansas,Sebastian,2722,30,0,35.19605503,-94.27162713,5131.0,2129.440572023125,1.1021307861866274,2692,2686,29,0,2657,2679,127753,36,1,0,35,7
2020-08-25,US,Arkansas,Sevier,1134,12,0,33.99780401,-94.2424869,5133.0,6667.8426530252245,1.058201058201058,1122,1121,12,0,1109,1120,17139,13,0,0,13,1
2020-08-25,US,Arkansas,Sharp,137,5,0,36.16258158,-91.47819342,5135.0,785.4603829836027,3.6496350364963503,132,136,5,0,131,136,17366,1,0,0,1,0
2020-08-25,US,Arkansas,St. Francis,1280,3,0,35.02201976,-90.74828138,5123.0,5121.229094982796,0.234375,1277,1280,3,0,1277,1270,25439,0,0,0,0,10
2020-08-25,US,Arkansas,Stone,159,1,0,35.86251946,-92.15684085,5137.0,1271.3897329281945,0.6289308176100629,158,155,1,0,154,153,12457,4,0,0,4,2
2020-08-25,US,Arkansas,Unassigned,820,0,0,0.0,0.0,90005.0,0.0,0.0,820,826,0,0,826,810,,-6,0,0,-6,16
2020-08-25,US,Arkansas,Union,650,21,0,33.16887091,-92.59746952,5139.0,1680.3681298795307,3.2307692307692313,629,634,21,0,613,627,39126,16,0,0,16,7
2020-08-25,US,Arkansas,Van Buren,99,2,0,35.58095779,-92.51295036,5141.0,598.3680870353581,2.0202020202020203,97,84,2,0,82,80,16603,15,0,0,15,4
2020-08-25,US,Arkansas,Washington,6631,55,0,35.976844,-94.21800746,5143.0,2772.307859540861,0.8294374905745739,6576,6615,54,0,6561,6610,236961,16,1,0,15,5
2020-08-25,US,Arkansas,White,472,9,0,35.25688493,-91.74908296,5145.0,599.3422472794688,1.9067796610169487,463,462,8,0,454,455,78727,10,1,0,9,7
2020-08-25,US,Arkansas,Woodruff,27,0,0,35.18902527,-91.2439489,5147.0,427.21518987341767,0.0,27,27,0,0,27,27,6490,0,0,0,0,0
2020-08-25,US,Arkansas,Yell,1113,21,0,35.00292371,-93.41171338,5149.0,5215.31324680193,1.8867924528301887,1092,1111,21,0,1090,1109,21535,2,0,0,2,2
2020-08-25,US,California,Alameda,17275,240,0,37.64629437,-121.8929271,6001.0,1033.6085833489396,1.3892908827785817,17035,16786,234,0,16552,16723,1666753,489,6,0,483,63
2020-08-25,US,California,Alpine,2,0,0,38.59678594,-119.82235940000001,6003.0,177.14791851195747,0.0,2,2,0,0,2,2,1101,0,0,0,0,0
2020-08-25,US,California,Amador,268,14,0,38.44583082,-120.65696000000001,6005.0,674.1799154759509,5.223880597014926,254,265,14,0,251,265,39383,3,0,0,3,0
2020-08-25,US,California,Butte,1664,18,0,39.66727762,-121.6005252,6007.0,759.1725748907321,1.0817307692307692,1646,1637,17,0,1620,1618,231256,27,1,0,26,19
2020-08-25,US,California,Calaveras,197,2,0,38.20537103,-120.55291299999999,6009.0,429.14715172639154,1.0152284263959392,195,197,2,0,195,197,45602,0,0,0,0,0
2020-08-25,US,California,Colusa,426,5,0,39.17881957,-122.2331726,6011.0,1977.0733744836868,1.1737089201877935,421,424,5,0,419,419,21627,2,0,0,2,5
2020-08-25,US,California,Contra Costa,12906,169,0,37.91923498,-121.9289527,6013.0,1118.8304381522394,1.3094684642801795,12737,12663,169,0,12494,12527,1150215,243,0,0,243,136
2020-08-25,US,California,Del Norte,116,1,0,41.74228275,-123.89740630000001,6015.0,417.0861498633684,0.8620689655172413,115,116,1,0,115,116,27828,0,0,0,0,0
2020-08-25,US,California,El Dorado,924,2,0,38.77965956,-120.5233166,6017.0,479.146248502668,0.21645021645021645,922,901,2,0,899,900,190678,23,0,0,23,1
2020-08-25,US,California,Fresno,23618,239,0,36.75733899,-119.6466953,6019.0,2363.9251687266847,1.0119400457278347,23379,23414,226,0,23188,23197,994400,204,13,0,191,217
2020-08-25,US,California,Glenn,433,3,0,39.59875897,-122.3938452,6021.0,1525.0237734652908,0.6928406466512702,430,425,3,0,422,425,28047,8,0,0,8,0
2020-08-25,US,California,Humboldt,360,4,0,40.69923009,-123.876044,6023.0,265.56898154295584,1.1111111111111112,356,359,4,0,355,345,136373,1,0,0,1,14
2020-08-25,US,California,Imperial,10486,272,0,33.0393082,-115.36690420000001,6025.0,5786.496702811577,2.5939347701697497,10214,10396,272,0,10124,10393,181827,90,0,0,90,3
2020-08-25,US,California,Inyo,167,11,0,36.51112084,-117.41119779999998,6027.0,925.7719385775264,6.586826347305388,156,164,11,0,153,164,17987,3,0,0,3,0
2020-08-25,US,California,Kern,28234,240,0,35.34329425,-118.72777959999999,6029.0,3136.4071619480956,0.8500389601190055,27994,28140,240,0,27900,27915,896764,94,0,0,94,225
2020-08-25,US,California,Kings,5957,69,0,36.07409056,-119.8159973,6031.0,3894.9914999346147,1.1583011583011582,5888,5921,69,0,5852,5892,151366,36,0,0,36,29
2020-08-25,US,California,Lake,303,3,0,39.10124298,-122.75362439999999,6033.0,470.599198583543,0.99009900990099,300,299,3,0,296,291,64382,4,0,0,4,8
2020-08-25,US,California,Lassen,704,0,0,40.67311306,-120.59350990000002,6035.0,2302.6853759853466,0.0,704,704,0,0,704,704,30802,0,0,0,0,0
2020-08-25,US,California,Los Angeles,233777,5605,0,34.30828379,-118.22824109999999,6037.0,2328.663296446586,2.3975840223803027,228172,232893,5558,0,227335,231695,10105518,884,47,0,837,1198
2020-08-25,US,California,Madera,3509,51,0,37.21513971,-119.76655890000002,6039.0,2230.386392672586,1.4534055286406384,3458,3484,50,0,3434,3339,157672,25,1,0,24,145
2020-08-25,US,California,Marin,5942,94,0,38.07122463,-122.72106310000001,6041.0,2295.7508132876915,1.5819589363850557,5848,5930,86,0,5844,5879,259666,12,8,0,4,51
2020-08-25,US,California,Mariposa,70,2,0,37.57978556,-119.9073334,6043.0,406.9057722490263,2.8571428571428568,68,69,2,0,67,69,17471,1,0,0,1,0
2020-08-25,US,California,Mendocino,645,16,0,39.4381191,-123.39113130000001,6045.0,743.5244210307901,2.48062015503876,629,629,16,0,613,624,87606,16,0,0,16,5
2020-08-25,US,California,Merced,7653,106,0,37.18922369,-120.72090349999999,6047.0,2756.0501296456355,1.3850777472886449,7547,7574,99,0,7475,7493,274765,79,7,0,72,81
2020-08-25,US,California,Modoc,5,0,0,41.58965602,-120.7244817,6049.0,56.55468838366701,0.0,5,5,0,0,5,5,8777,0,0,0,0,0
2020-08-25,US,California,Mono,162,2,0,37.93899289,-118.8872409,6051.0,1121.5729714760457,1.2345679012345678,160,162,2,0,160,162,14250,0,0,0,0,0
2020-08-25,US,California,Monterey,7274,52,0,36.21862405,-121.24133970000001,6053.0,1675.8013274631905,0.7148748968930437,7222,7226,52,0,7174,7081,435594,48,0,0,48,145
2020-08-25,US,California,Napa,1358,13,0,38.50735751,-122.33283899999999,6055.0,985.886862585666,0.9572901325478644,1345,1348,13,0,1335,1328,139417,10,0,0,10,20
2020-08-25,US,California,Nevada,423,3,0,39.30394768,-120.76272809999999,6057.0,424.038895293469,0.7092198581560284,420,421,3,0,418,411,99696,2,0,0,2,10
2020-08-25,US,California,Orange,46642,912,0,33.70147516,-117.76459979999998,6059.0,1468.7192586686615,1.955319240169804,45730,46307,897,0,45410,45954,3185968,335,15,0,320,353
2020-08-25,US,California,Placer,2833,32,0,39.06167234,-120.72405690000001,6061.0,711.2211262549298,1.1295446523120367,2801,2795,31,0,2764,2777,393149,38,1,0,37,18
2020-08-25,US,California,Plumas,40,0,0,40.00355989,-120.8395236,6063.0,212.6867655660127,0.0,40,40,0,0,40,40,18804,0,0,0,0,0
2020-08-25,US,California,Riverside,51200,978,0,33.74314981,-115.9933578,6065.0,2072.4163808324147,1.91015625,50222,50744,972,0,49772,49944,2450758,456,6,0,450,800
2020-08-25,US,California,Sacramento,16623,252,0,38.45106826,-121.34253740000001,6067.0,1071.029562039563,1.5159718462371412,16371,16331,246,0,16085,15516,1540975,292,6,0,286,815
2020-08-25,US,California,San Benito,987,7,0,36.60308176,-121.069975,6069.0,1571.4558654948416,0.7092198581560284,980,978,7,0,971,970,61537,9,0,0,9,8
2020-08-25,US,California,San Bernardino,45666,695,0,34.84060306,-116.1774685,6071.0,2094.688968549392,1.5219200280296064,44971,45246,692,0,44554,45035,2171603,420,3,0,417,211
2020-08-25,US,California,San Diego,36994,665,0,33.03484597,-116.73653259999999,6073.0,1108.1588698540888,1.7975887981834893,36329,36727,660,0,36067,36540,3343364,267,5,0,262,187
2020-08-25,US,California,San Francisco,8981,77,0,37.75215114,-122.43856720000001,6075.0,1018.7749064430903,0.857365549493375,8904,8936,77,0,8859,8871,883305,45,0,0,45,65
2020-08-25,US,California,San Joaquin,16565,297,0,37.93433732,-121.2730061,6077.0,2173.462372137695,1.792936915182614,16268,16131,297,0,15834,16068,752660,434,0,0,434,63
2020-08-25,US,California,San Luis Obispo,2735,21,0,35.38822029,-120.4039028,6079.0,966.0521844788792,0.7678244972577697,2714,2679,21,0,2658,2665,284010,56,0,0,56,14
2020-08-25,US,California,San Mateo,7788,130,0,37.422880799999994,-122.32755459999998,6081.0,1015.9502095690822,1.6692347200821778,7658,7670,128,0,7542,7535,769545,118,2,0,116,135
2020-08-25,US,California,Santa Barbara,7800,88,0,34.65329488,-120.0188492,6083.0,1746.9244052058343,1.1282051282051282,7712,7725,87,0,7638,7685,446527,75,1,0,74,40
2020-08-25,US,California,Santa Clara,16151,233,0,37.23104908,-121.6970462,6085.0,837.7717791614709,1.442635130951644,15918,16151,224,0,15927,15688,1937570,0,9,0,-9,463
2020-08-25,US,California,Santa Cruz,1698,7,0,37.05580291,-122.0066524,6087.0,621.4931207519408,0.4122497055359246,1691,1636,7,0,1629,1628,274255,62,0,0,62,8
2020-08-25,US,California,Shasta,553,11,0,40.76391419,-122.0396884,6089.0,307.08573967125716,1.9891500904159127,542,531,11,0,520,531,180040,22,0,0,22,0
2020-08-25,US,California,Sierra,6,0,0,39.57713498,-120.52007009999998,6091.0,199.6672212978369,0.0,6,6,0,0,6,6,2987,0,0,0,0,0
2020-08-25,US,California,Siskiyou,124,0,0,41.59198861,-122.54074340000001,6093.0,284.8021314224028,0.0,124,123,0,0,123,123,43724,1,0,0,1,0
2020-08-25,US,California,Solano,5231,46,0,38.26827353,-121.9357113,6095.0,1168.5651289085276,0.8793729688396099,5185,5206,46,0,5160,5048,446610,25,0,0,25,158
2020-08-25,US,California,Sonoma,5351,75,0,38.52746429,-122.88625060000001,6097.0,1082.4621310201967,1.4016071762287423,5276,5212,73,0,5139,5120,499942,139,2,0,137,92
2020-08-25,US,California,Stanislaus,13521,237,0,37.55862499,-120.9970722,6099.0,2455.417135800676,1.7528289327712447,13284,13483,232,0,13251,13380,549815,38,5,0,33,103
2020-08-25,US,California,Sutter,1283,8,0,39.03417539,-121.6945899,6101.0,1323.0759711666376,0.6235385814497272,1275,1260,8,0,1252,1223,96807,23,0,0,23,37
2020-08-25,US,California,Tehama,388,1,0,40.12570935,-122.23701709999999,6103.0,596.1526642492779,0.25773195876288657,387,381,1,0,380,368,63916,7,0,0,7,13
2020-08-25,US,California,Trinity,10,0,0,40.64917670000001,-123.114713,6105.0,81.4000814000814,0.0,10,10,0,0,10,10,12535,0,0,0,0,0
2020-08-25,US,California,Tulare,13431,216,0,36.22026558,-118.8020203,6107.0,2880.983279528953,1.6082197900379718,13215,13303,210,0,13093,13196,465861,128,6,0,122,107
2020-08-25,US,California,Tuolumne,177,2,0,38.02644018,-119.95250929999999,6109.0,324.9017952200888,1.1299435028248588,175,172,2,0,170,172,54539,5,0,0,5,0
2020-08-25,US,California,Ventura,10261,103,0,34.44465746,-119.09106129999999,6111.0,1212.8755588021836,1.0038007991423838,10158,10126,102,0,10024,9959,850967,135,1,0,134,167
2020-08-25,US,California,Yolo,2255,49,0,38.68278902,-121.90182879999999,6113.0,1022.6757369614512,2.172949002217295,2206,2239,47,0,2192,2205,220408,16,2,0,14,34
2020-08-25,US,California,Yuba,880,4,0,39.26255932,-121.35356440000001,6115.0,1118.625108049016,0.4545454545454545,876,859,4,0,855,844,78041,21,0,0,21,15
2020-08-25,US,Colorado,Adams,7248,196,0,39.87432092,-104.3362578,8001.0,1400.7935510928241,2.704194260485651,7052,7188,194,0,6994,7166,511868,60,2,0,58,22
2020-08-25,US,Colorado,Alamosa,237,9,0,37.57250606,-105.7885451,8003.0,1459.9889114766218,3.79746835443038,228,236,9,0,227,236,16683,1,0,0,1,0
2020-08-25,US,Colorado,Arapahoe,7907,365,0,39.64977461,-104.3353617,8005.0,1204.2522731080278,4.616162893638547,7542,7853,364,0,7489,7832,651215,54,1,0,53,21
2020-08-25,US,Colorado,Archuleta,46,0,0,37.19474156,-107.04768670000001,8007.0,327.8922232518355,0.0,46,45,0,0,45,44,13765,1,0,0,1,1
2020-08-25,US,Colorado,Baca,15,0,0,37.31940883,-102.5603223,8009.0,418.8774085450991,0.0,15,15,0,0,15,15,3585,0,0,0,0,0
2020-08-25,US,Colorado,Bent,11,0,0,37.95474293,-103.0720195,8011.0,197.23865877712032,0.0,11,11,0,0,11,11,5882,0,0,0,0,0
2020-08-25,US,Colorado,Boulder,2247,79,0,40.09313619,-105.3546767,8013.0,688.8496486774823,3.5157988429016465,2168,2231,79,0,2152,2222,326078,16,0,0,16,9
2020-08-25,US,Colorado,Broomfield,523,33,0,39.95998787,-105.0566324,8014.0,742.2124458951253,6.309751434034418,490,515,32,0,483,512,69267,8,1,0,7,3
2020-08-25,US,Colorado,Chaffee,314,19,0,38.74745778,-106.19265729999998,8015.0,1542.5427392415008,6.050955414012739,295,311,19,0,292,310,20027,3,0,0,3,1
2020-08-25,US,Colorado,Cheyenne,9,0,0,38.82777431,-102.6032558,8017.0,491.53468050245766,0.0,9,9,0,0,9,9,1876,0,0,0,0,0
2020-08-25,US,Colorado,Clear Creek,34,1,0,39.68864463,-105.6463118,8019.0,350.5154639175258,2.9411764705882355,33,34,1,0,33,34,9605,0,0,0,0,0
2020-08-25,US,Colorado,Conejos,31,0,0,37.201606,-106.19174879999998,8021.0,377.8184034125533,0.0,31,31,0,0,31,30,8200,0,0,0,0,1
2020-08-25,US,Colorado,Costilla,29,0,0,37.27732493,-105.4276548,8023.0,746.0766658091072,0.0,29,27,0,0,27,26,3828,2,0,0,2,1
2020-08-25,US,Colorado,Crowley,73,1,0,38.32608609,-103.7844965,8025.0,1204.4217125886814,1.3698630136986298,72,73,1,0,72,73,5858,0,0,0,0,0
2020-08-25,US,Colorado,Custer,13,0,0,38.10883162,-105.3683478,8027.0,256.5114443567482,0.0,13,13,0,0,13,13,4954,0,0,0,0,0
2020-08-25,US,Colorado,Delta,147,1,0,38.86246243,-107.86313419999999,8029.0,471.7283871381812,0.6802721088435374,146,140,1,0,139,140,30953,7,0,0,7,0
2020-08-25,US,Colorado,Denver,11038,422,0,39.76018276,-104.87256950000001,8031.0,1517.8538278436386,3.8231563689074113,10616,10931,422,0,10509,10901,716492,107,0,0,107,30
2020-08-25,US,Colorado,Dolores,2,0,0,37.75208676,-108.5211585,8033.0,97.32360097323601,0.0,2,2,0,0,2,2,2074,0,0,0,0,0
2020-08-25,US,Colorado,Douglas,1927,60,0,39.33133796,-104.930001,8035.0,548.7620815938308,3.113648157758173,1867,1911,59,0,1852,1901,342776,16,1,0,15,10
2020-08-25,US,Colorado,Eagle,1167,10,0,39.62754308,-106.6933637,8037.0,2116.929998004608,0.856898029134533,1157,1166,10,0,1156,1164,54993,1,0,0,1,2
2020-08-25,US,Colorado,El Paso,5806,151,0,38.83240149,-104.5251411,8041.0,805.9377875994409,2.6007578367206343,5655,5747,150,0,5597,5723,713856,59,1,0,58,24
2020-08-25,US,Colorado,Elbert,117,2,0,39.28656773,-104.13587209999999,8039.0,437.72681357327247,1.709401709401709,115,117,2,0,115,117,26282,0,0,0,0,0
2020-08-25,US,Colorado,Fremont,152,0,0,38.47362326,-105.43996670000001,8043.0,317.73239407178244,0.0,152,146,0,0,146,146,48021,6,0,0,6,0
2020-08-25,US,Colorado,Garfield,821,4,0,39.59921777,-107.902708,8045.0,1366.9436073325453,0.48721071863581,817,818,4,0,814,816,59770,3,0,0,3,2
2020-08-25,US,Colorado,Gilpin,17,0,0,39.85646523,-105.5252597,8047.0,272.30498157936887,0.0,17,17,0,0,17,17,6121,0,0,0,0,0
2020-08-25,US,Colorado,Grand,57,1,0,40.10603347,-106.11780420000001,8049.0,362.27278505148087,1.7543859649122806,56,56,1,0,55,56,15525,1,0,0,1,0
2020-08-25,US,Colorado,Gunnison,286,7,0,38.66611652,-107.0320729,8051.0,1637.8421715725574,2.4475524475524475,279,286,7,0,279,286,17246,0,0,0,0,0
2020-08-25,US,Colorado,Hinsdale,3,0,0,37.82247444,-107.3004345,8053.0,365.8536585365854,0.0,3,3,0,0,3,3,811,0,0,0,0,0
2020-08-25,US,Colorado,Huerfano,8,1,0,37.68473101,-104.9612585,8055.0,115.99246049006815,12.5,7,8,1,0,7,8,6889,0,0,0,0,0
2020-08-25,US,Colorado,Jackson,9,0,0,40.66593870000001,-106.3408905,8057.0,646.5517241379309,0.0,9,9,0,0,9,9,1399,0,0,0,0,0
2020-08-25,US,Colorado,Jefferson,4645,235,0,39.58635604,-105.2517692,8059.0,796.9036561493684,5.059203444564047,4410,4605,235,0,4370,4587,580233,40,0,0,40,18
2020-08-25,US,Colorado,Kit Carson,74,3,0,39.30497777,-102.60221990000001,8063.0,1042.6940960969425,4.0540540540540535,71,69,3,0,66,68,7163,5,0,0,5,1
2020-08-25,US,Colorado,La Plata,234,2,0,37.28632032,-107.8429014,8067.0,416.21458173991925,0.8547008547008547,232,232,2,0,230,231,56310,2,0,0,2,1
2020-08-25,US,Colorado,Lake,80,0,0,39.20278823,-106.35556969999999,8065.0,984.3730773963333,0.0,80,80,0,0,80,80,7824,0,0,0,0,0
2020-08-25,US,Colorado,Larimer,1840,38,0,40.66671597,-105.4625784,8069.0,515.5520189185175,2.065217391304348,1802,1817,37,0,1780,1804,350518,23,1,0,22,13
2020-08-25,US,Colorado,Las Animas,19,0,0,37.3153406,-104.03764579999999,8071.0,130.98028402040538,0.0,19,19,0,0,19,19,14503,0,0,0,0,0
2020-08-25,US,Colorado,Lincoln,8,0,0,38.98749519,-103.51366490000001,8073.0,140.3262585511314,0.0,8,8,0,0,8,8,5610,0,0,0,0,0
2020-08-25,US,Colorado,Logan,672,5,0,40.7249637,-103.110817,8075.0,2998.795126957919,0.7440476190476191,667,665,5,0,660,664,21528,7,0,0,7,1
2020-08-25,US,Colorado,Mesa,393,5,0,39.01787888,-108.469799,8077.0,254.84728616821218,1.272264631043257,388,388,5,0,383,383,153207,5,0,0,5,5
2020-08-25,US,Colorado,Mineral,19,0,0,37.66954283,-106.92816979999999,8079.0,2470.74122236671,0.0,19,19,0,0,19,19,776,0,0,0,0,0
2020-08-25,US,Colorado,Moffat,33,1,0,40.61810999,-108.2070876,8081.0,248.43785289467738,3.0303030303030303,32,33,1,0,32,33,13188,0,0,0,0,0
2020-08-25,US,Colorado,Montezuma,122,5,0,37.33859579,-108.59588570000001,8083.0,465.95118970324256,4.0983606557377055,117,121,5,0,116,121,26158,1,0,0,1,0
2020-08-25,US,Colorado,Montrose,339,13,0,38.40214114,-108.26390220000002,8085.0,792.834089527106,3.834808259587021,326,336,13,0,323,335,42214,3,0,0,3,1
2020-08-25,US,Colorado,Morgan,708,47,0,40.26279810000001,-103.8093302,8087.0,2435.668088619789,6.638418079096046,661,706,47,0,659,705,28558,2,0,0,2,1
2020-08-25,US,Colorado,Otero,81,6,0,37.9014485,-103.7173385,8089.0,443.15570631360106,7.407407407407407,75,81,6,0,75,80,18432,0,0,0,0,1
2020-08-25,US,Colorado,Ouray,21,1,0,38.14717457,-107.7675136,8091.0,424.0710823909532,4.761904761904762,20,20,1,0,19,18,4833,1,0,0,1,2
2020-08-25,US,Colorado,Park,43,1,0,39.120926000000004,-105.7182065,8093.0,228.1772353409393,2.3255813953488373,42,43,1,0,42,43,18556,0,0,0,0,0
2020-08-25,US,Colorado,Phillips,19,0,0,40.59414277,-102.3577703,8095.0,445.48651817116064,0.0,19,19,0,0,19,19,4286,0,0,0,0,0
2020-08-25,US,Colorado,Pitkin,195,2,0,39.21720112,-106.9310027,8097.0,1097.5403838577138,1.0256410256410255,193,193,2,0,191,193,17950,2,0,0,2,0
2020-08-25,US,Colorado,Prowers,79,0,0,37.95544985,-102.3926052,8099.0,649.0305619454485,0.0,79,78,0,0,78,77,12164,1,0,0,1,1
2020-08-25,US,Colorado,Pueblo,806,34,0,38.17359144,-104.5127437,8101.0,478.55412530280717,4.218362282878412,772,802,34,0,768,798,167529,4,0,0,4,4
2020-08-25,US,Colorado,Rio Blanco,21,0,0,39.97913541,-108.2179009,8103.0,332.0683111954458,0.0,21,21,0,0,21,21,6336,0,0,0,0,0
2020-08-25,US,Colorado,Rio Grande,94,2,0,37.5836865,-106.3847838,8105.0,834.2948433478299,2.127659574468085,92,94,2,0,92,94,11250,0,0,0,0,0
2020-08-25,US,Colorado,Routt,131,8,0,40.48596505,-106.9905548,8107.0,510.9602933146112,6.106870229007634,123,130,8,0,122,130,25733,1,0,0,1,0
2020-08-25,US,Colorado,Saguache,108,2,0,38.08054629,-106.28246599999999,8109.0,1582.6494724501758,1.851851851851852,106,108,2,0,106,108,6843,0,0,0,0,0
2020-08-25,US,Colorado,San Juan,2,0,0,37.76248981,-107.67632890000002,8111.0,274.72527472527474,0.0,2,2,0,0,2,2,762,0,0,0,0,0
2020-08-25,US,Colorado,San Miguel,93,0,0,38.00450883,-108.4020725,8113.0,1137.0583200880305,0.0,93,93,0,0,93,93,8191,0,0,0,0,0
2020-08-25,US,Colorado,Sedgwick,12,1,0,40.87595412,-102.3519227,8115.0,533.8078291814946,8.333333333333334,11,12,1,0,11,12,2303,0,0,0,0,0
2020-08-25,US,Colorado,Summit,358,4,0,39.63803232,-106.1150762,8117.0,1154.429073554545,1.11731843575419,354,352,4,0,348,349,31007,6,0,0,6,3
2020-08-25,US,Colorado,Teller,157,3,0,38.88133511,-105.16148929999999,8119.0,618.4023948322043,1.9108280254777068,154,155,3,0,152,154,25083,2,0,0,2,1
2020-08-25,US,Colorado,Washington,52,0,0,39.97015535,-103.202587,8121.0,1059.4947025264873,0.0,52,52,0,0,52,52,4909,0,0,0,0,0
2020-08-25,US,Colorado,Weld,3965,146,0,40.55499405,-104.39296209999999,8123.0,1221.9099392280855,3.682219419924338,3819,3956,146,0,3810,3938,314305,9,0,0,9,18
2020-08-25,US,Colorado,Yuma,63,0,0,40.00346839,-102.4258673,8125.0,628.8052699870246,0.0,63,63,0,0,63,63,10020,0,0,0,0,0
2020-08-25,US,Connecticut,Fairfield,18622,1412,0,41.26809896,-73.3881171,9001.0,1974.0663944401333,7.582429384598861,17210,18605,1411,0,17194,18434,943823,17,1,0,16,171
2020-08-25,US,Connecticut,Hartford,13184,1424,0,41.80283011,-72.73103891,9003.0,1478.4910061454266,10.800970873786408,11760,13180,1422,0,11758,13002,892697,4,2,0,2,178
2020-08-25,US,Connecticut,Litchfield,1658,139,0,41.7937534,-73.2451475,9005.0,919.4102022369729,8.383594692400482,1519,1658,139,0,1519,1645,181111,0,0,0,0,13
2020-08-25,US,Connecticut,Middlesex,1436,192,0,41.45949668,-72.53714864,9007.0,884.0404836366322,13.370473537604456,1244,1434,192,0,1242,1426,162682,2,0,0,2,8
2020-08-25,US,Connecticut,New Haven,13524,1110,0,41.408032500000004,-72.93620426,9009.0,1582.2040650149693,8.207630878438332,12414,13518,1111,0,12407,13442,857620,6,-1,0,7,76
2020-08-25,US,Connecticut,New London,1520,106,0,41.48896435,-72.10430976,9011.0,573.1393709041273,6.973684210526316,1414,1517,105,0,1412,1505,266784,3,1,0,2,12
2020-08-25,US,Connecticut,Tolland,1090,65,0,41.85853803,-72.3308481,9013.0,723.1905308483888,5.963302752293577,1025,1085,65,0,1020,1083,150921,5,0,0,5,2
2020-08-25,US,Connecticut,Unassigned,226,0,0,0.0,0.0,90009.0,0.0,0.0,226,234,0,0,234,214,,-8,0,0,-8,20
2020-08-25,US,Connecticut,Windham,780,15,0,41.82972709,-71.98182316,9015.0,667.9111506910311,1.9230769230769231,765,780,15,0,765,768,117027,0,0,0,0,12
2020-08-25,US,Delaware,Kent,2556,109,0,39.08646628,-75.56884914,10001.0,1413.8262918588828,4.2644757433489815,2447,2553,109,0,2444,2551,178550,3,0,0,3,2
2020-08-25,US,Delaware,New Castle,7890,299,0,39.57992638,-75.64054974,10003.0,1412.0729553129916,3.789607097591889,7591,7865,299,0,7566,7826,559335,25,0,0,25,39
2020-08-25,US,Delaware,Sussex,6239,195,0,38.66143781,-75.39031349,10005.0,2663.678087309211,3.1255008815515306,6044,6249,196,0,6053,6245,229286,-10,-1,0,-9,4
2020-08-25,US,Delaware,Unassigned,277,0,0,0.0,0.0,90010.0,0.0,0.0,277,275,0,0,275,273,,2,0,0,2,2
2020-08-25,US,District of Columbia,District of Columbia,13684,604,0,38.90417773,-77.01655992,11001.0,1938.932963419006,4.413914060216312,13080,13639,604,0,13035,13534,702455,45,0,0,45,105
2020-08-25,US,Florida,Alachua,5023,31,0,29.67866525,-82.35928158,12001.0,1866.9878049233769,0.6171610591280111,4992,4981,31,0,4950,4950,269956,42,0,0,42,31
2020-08-25,US,Florida,Baker,1118,4,0,30.33060121,-82.28467476,12003.0,3827.456350564875,0.35778175313059035,1114,1118,4,0,1114,1117,28355,0,0,0,0,1
2020-08-25,US,Florida,Bay,5195,74,0,30.26548745,-85.62122584,12005.0,2973.584041670244,1.424446583253128,5121,5181,71,0,5110,5144,185287,14,3,0,11,37
2020-08-25,US,Florida,Bradford,663,5,0,29.95079741,-82.16611613,12007.0,2350.980461685756,0.7541478129713424,658,660,4,0,656,649,27732,3,1,0,2,11
2020-08-25,US,Florida,Brevard,6972,195,0,28.29409504,-80.73091022,12009.0,1158.2511271850112,2.796901893287436,6777,6946,195,0,6751,6912,596849,26,0,0,26,34
2020-08-25,US,Florida,Broward,69584,1147,0,26.15184651,-80.48725556,12011.0,3563.3338761497716,1.6483674407909863,68437,69383,1132,0,68251,69136,1951260,201,15,0,186,247
2020-08-25,US,Florida,Calhoun,546,8,0,30.40666734,-85.19394153,12013.0,3870.967741935484,1.465201465201465,538,538,8,0,530,537,14587,8,0,0,8,1
2020-08-25,US,Florida,Charlotte,2569,108,0,26.90131002,-81.92949121,12015.0,1359.9068339420887,4.203970416504476,2461,2538,107,0,2431,2519,184998,31,1,0,30,19
2020-08-25,US,Florida,Citrus,1980,50,0,28.84804315,-82.47614748,12017.0,1323.0253178935836,2.525252525252525,1930,1970,48,0,1922,1969,147929,10,2,0,8,1
2020-08-25,US,Florida,Clay,3734,73,0,29.98319144,-81.85609986,12019.0,1703.0631419553754,1.955008034279593,3661,3690,71,0,3619,3672,216072,44,2,0,42,18
2020-08-25,US,Florida,Collier,11351,166,0,26.11091986,-81.34687065,12021.0,2949.0623587302753,1.4624262179543652,11185,11268,163,0,11105,11245,378488,83,3,0,80,23
2020-08-25,US,Florida,Columbia,3249,31,0,30.22509788,-82.62160164,12023.0,4532.265714365427,0.9541397353031702,3218,3226,31,0,3195,3214,70503,23,0,0,23,12
2020-08-25,US,Florida,DeSoto,1454,21,0,27.18677893,-81.80941373,12027.0,3826.215099602642,1.4442916093535076,1433,1450,21,0,1429,1451,37489,4,0,0,4,-1
2020-08-25,US,Florida,Dixie,677,4,0,29.60631086,-83.15724673,12029.0,4023.5350053488646,0.5908419497784343,673,660,4,0,656,659,16700,17,0,0,17,1
2020-08-25,US,Florida,Duval,25732,243,0,30.33225875,-81.66976468,12031.0,2686.699625687154,0.9443494481579356,25489,25658,235,0,25423,25558,950181,74,8,0,66,100
2020-08-25,US,Florida,Escambia,10871,178,0,30.67652764,-87.37284571,12033.0,3415.15977833348,1.6373838653297763,10693,10832,171,0,10661,10790,315534,39,7,0,32,42
2020-08-25,US,Florida,Flagler,1266,15,0,29.45933576,-81.31508595,12035.0,1100.0947158957604,1.1848341232227488,1251,1257,15,0,1242,1248,112067,9,0,0,9,9
2020-08-25,US,Florida,Franklin,520,3,0,29.83791238,-84.82731662,12037.0,4288.659793814433,0.5769230769230769,517,519,3,0,516,511,11736,1,0,0,1,8
2020-08-25,US,Florida,Gadsden,2211,30,0,30.57796289,-84.61915825,12039.0,4842.312746386334,1.35685210312076,2181,2194,29,0,2165,2182,45894,17,1,0,16,12
2020-08-25,US,Florida,Gilchrist,442,9,0,29.72856978,-82.79880657,12041.0,2378.6460015068346,2.0361990950226243,433,441,9,0,432,439,18256,1,0,0,1,2
2020-08-25,US,Florida,Glades,448,3,0,26.95635849,-81.18996211,12043.0,3243.791180942727,0.6696428571428571,445,444,3,0,441,444,13724,4,0,0,4,0
2020-08-25,US,Florida,Gulf,801,8,0,29.93543004,-85.24270990000002,12045.0,5872.864579514628,0.9987515605493134,793,800,8,0,792,796,16164,1,0,0,1,4
2020-08-25,US,Florida,Hamilton,677,4,0,30.49673973,-82.94998918,12047.0,4692.265040199612,0.5908419497784343,673,673,4,0,669,672,14310,4,0,0,4,1
2020-08-25,US,Florida,Hardee,1066,9,0,27.49293939,-81.80956574,12049.0,3957.3820395738203,0.8442776735459663,1057,1064,8,0,1056,1059,27245,2,1,0,1,5
2020-08-25,US,Florida,Hendry,1945,39,0,26.55386945,-81.16469006,12051.0,4628.527913949836,2.005141388174807,1906,1938,39,0,1899,1934,41556,7,0,0,7,4
2020-08-25,US,Florida,Hernando,2476,77,0,28.55364461,-82.42700204,12053.0,1276.8151815181518,3.109854604200323,2399,2449,70,0,2379,2441,190865,27,7,0,20,8
2020-08-25,US,Florida,Highlands,1747,57,0,27.34254618,-81.34071957,12055.0,1644.6841961570688,3.2627361190612483,1690,1740,53,0,1687,1735,105424,7,4,0,3,5
2020-08-25,US,Florida,Hillsborough,35953,534,0,27.9276559,-82.32013172,12057.0,2442.512337224722,1.4852724390176064,35419,35814,530,0,35284,35721,1436888,139,4,0,135,93
2020-08-25,US,Florida,Holmes,600,4,0,30.86747479,-85.81319222,12059.0,3058.571647040832,0.6666666666666666,596,589,4,0,585,587,19477,11,0,0,11,2
2020-08-25,US,Florida,Indian River,2766,87,0,27.69308961,-80.60556721,12061.0,1729.5823615114773,3.1453362255965294,2679,2756,80,0,2676,2747,157413,10,7,0,3,9
2020-08-25,US,Florida,Jackson,2282,65,0,30.795459700000002,-85.21500423,12063.0,4916.619985349248,2.8483786152497808,2217,2236,65,0,2171,2229,48305,46,0,0,46,7
2020-08-25,US,Florida,Jefferson,492,5,0,30.43669112,-83.89442308,12065.0,3453.601010810052,1.0162601626016259,487,491,5,0,486,491,14288,1,0,0,1,0
2020-08-25,US,Florida,Lafayette,1164,4,0,29.98484137,-83.18166636,12067.0,13820.945143671335,0.3436426116838488,1160,1165,4,0,1161,1164,8732,-1,0,0,-1,1
2020-08-25,US,Florida,Lake,6122,96,0,28.76202069,-81.7125123,12069.0,1667.5837196759626,1.5681149950996407,6026,6089,93,0,5996,6046,356495,33,3,0,30,43
2020-08-25,US,Florida,Lee,18140,406,0,26.58410348,-81.88399313,12071.0,2354.080124374333,2.238147739801544,17734,18064,402,0,17662,18009,754610,76,4,0,72,55
2020-08-25,US,Florida,Leon,5933,30,0,30.45955727,-84.27491114,12073.0,2020.9004639249,0.5056463846283499,5903,5908,29,0,5879,5851,292502,25,1,0,24,57
2020-08-25,US,Florida,Levy,868,6,0,29.31829741,-82.74007147,12075.0,2091.415078428065,0.6912442396313364,862,858,5,0,853,855,40770,10,1,0,9,3
2020-08-25,US,Florida,Liberty,426,7,0,30.23766008,-84.8829258,12077.0,5099.3536030644,1.6431924882629108,419,424,7,0,417,420,8457,2,0,0,2,4
2020-08-25,US,Florida,Madison,834,12,0,30.44396917,-83.47398594,12079.0,4509.814524414644,1.4388489208633093,822,832,12,0,820,830,18529,2,0,0,2,2
2020-08-25,US,Florida,Manatee,10241,250,0,27.47196942,-82.31831044,12081.0,2539.596729596556,2.441167854701689,9991,10209,248,0,9961,10170,394855,32,2,0,30,39
2020-08-25,US,Florida,Marion,8092,148,0,29.21227113,-82.05803627,12083.0,2213.475062845513,1.828966880869995,7944,8046,143,0,7903,8007,359977,46,5,0,41,39
2020-08-25,US,Florida,Martin,4112,112,0,27.0772071,-80.43109784,12085.0,2554.0372670807456,2.723735408560312,4000,4091,112,0,3979,4083,160912,21,0,0,21,8
2020-08-25,US,Florida,Miami-Dade,153385,2277,0,25.6112362,-80.55170587,12086.0,5645.505605570973,1.4844997881148745,151108,152612,2253,0,150359,151986,2761581,773,24,0,749,626
2020-08-25,US,Florida,Monroe,1695,14,0,25.20904673,-81.07812416,12087.0,2283.504876865873,0.8259587020648967,1681,1694,14,0,1680,1693,75027,1,0,0,1,1
2020-08-25,US,Florida,Nassau,1522,16,0,30.61037141,-81.80297522,12089.0,1717.3483779971787,1.0512483574244416,1506,1512,15,0,1497,1498,85832,10,1,0,9,14
2020-08-25,US,Florida,Okaloosa,3998,74,0,30.69143028,-86.59267105,12091.0,1897.1424232933787,1.8509254627313656,3924,3965,71,0,3894,3955,207269,33,3,0,30,10
2020-08-25,US,Florida,Okeechobee,1208,13,0,27.386336199999995,-80.88944347,12093.0,2864.731549990514,1.0761589403973508,1195,1202,13,0,1189,1202,41537,6,0,0,6,0
2020-08-25,US,Florida,Orange,34910,364,0,28.51367621,-81.31799498,12095.0,2505.2890232315144,1.0426811801775997,34546,34781,361,0,34420,34662,1380645,129,3,0,126,119
2020-08-25,US,Florida,Osceola,10804,127,0,28.06312234,-81.14882926,12097.0,2875.308382412821,1.175490559052203,10677,10772,127,0,10645,10732,367990,32,0,0,32,40
2020-08-25,US,Florida,Palm Beach,40853,1066,0,26.64676272,-80.46536002,12099.0,2729.41066429712,2.609355494088561,39787,40746,1061,0,39685,40570,1485941,107,5,0,102,176
2020-08-25,US,Florida,Pasco,7807,171,0,28.30810945,-82.40227529,12101.0,1409.3406047871006,2.190342000768541,7636,7777,157,0,7620,7758,539630,30,14,0,16,19
2020-08-25,US,Florida,Pinellas,19522,630,0,27.93130349,-82.72239666,12103.0,2002.2646246753836,3.2271283679950824,18892,19478,612,0,18866,19431,975280,44,18,0,26,47
2020-08-25,US,Florida,Polk,16388,419,0,27.95027105,-81.69732947,12105.0,2261.1092791299943,2.556748840615084,15969,16322,407,0,15915,16251,708009,66,12,0,54,71
2020-08-25,US,Florida,Putnam,1730,35,0,29.60779729,-81.74230285,12107.0,2321.493270353323,2.0231213872832368,1695,1725,35,0,1690,1723,74163,5,0,0,5,2
2020-08-25,US,Florida,Santa Rosa,4483,54,0,30.69341450000001,-87.02458128,12113.0,2432.275531297304,1.204550524202543,4429,4462,54,0,4408,4443,179349,21,0,0,21,19
2020-08-25,US,Florida,Sarasota,7042,187,0,27.18546175,-82.33174248,12115.0,1623.5457945045673,2.6554955978415222,6855,7016,181,0,6835,7021,426718,26,6,0,20,-5
2020-08-25,US,Florida,Seminole,7811,164,0,28.7158582,-81.24060348,12117.0,1655.4831654041955,2.0996031237997697,7647,7778,163,0,7615,7756,467832,33,1,0,32,22
2020-08-25,US,Florida,St. Johns,4197,53,0,29.90096506,-81.43589967,12109.0,1585.7363075807034,1.2628067667381464,4144,4160,53,0,4107,4153,254261,37,0,0,37,7
2020-08-25,US,Florida,St. Lucie,6720,224,0,27.37763908,-80.47106649,12111.0,2046.9270203504752,3.333333333333333,6496,6651,218,0,6433,6628,321128,69,6,0,63,23
2020-08-25,US,Florida,Sumter,1724,46,0,28.70181754,-82.0794267,12119.0,1301.9181392538894,2.668213457076566,1678,1718,46,0,1672,1717,128754,6,0,0,6,1
2020-08-25,US,Florida,Suwannee,2363,56,0,30.19746066,-82.99099670000003,12121.0,5320.0351216876425,2.369868810833686,2307,2357,53,0,2304,2356,44191,6,3,0,3,1
2020-08-25,US,Florida,Taylor,1164,5,0,30.04848048,-83.60445406,12123.0,5396.634058138996,0.42955326460481097,1159,1158,5,0,1153,1154,21623,6,0,0,6,4
2020-08-25,US,Florida,Unassigned,862,0,0,0.0,0.0,90012.0,0.0,0.0,862,851,0,0,851,838,,11,0,0,11,13
2020-08-25,US,Florida,Union,535,5,0,30.04412971,-82.37497443,12125.0,3511.189866771674,0.9345794392523364,530,533,5,0,528,530,14940,2,0,0,2,3
2020-08-25,US,Florida,Volusia,8997,182,0,29.05858895,-81.18263252,12127.0,1626.1088337996398,2.0228965210625764,8815,8952,177,0,8775,8914,547538,45,5,0,40,38
2020-08-25,US,Florida,Wakulla,863,6,0,30.16548905,-84.39895211,12129.0,2557.8707134177066,0.6952491309385863,857,859,6,0,853,854,32461,4,0,0,4,5
2020-08-25,US,Florida,Walton,1588,20,0,30.64204028,-86.16935664,12131.0,2143.8889713923127,1.2594458438287153,1568,1580,20,0,1560,1578,71375,8,0,0,8,2
2020-08-25,US,Florida,Washington,989,14,0,30.61359259,-85.66002461,12133.0,3882.5422996898683,1.4155712841253791,975,978,14,0,964,975,24880,11,0,0,11,3
2020-08-25,US,Georgia,Appling,856,23,0,31.74847232,-82.28909114,13001.0,4655.716305884913,2.6869158878504678,833,853,22,0,831,857,18507,3,1,0,2,-4
2020-08-25,US,Georgia,Atkinson,386,3,0,31.29633502,-82.87545866,13003.0,4727.495407225963,0.7772020725388601,383,382,3,0,379,379,8297,4,0,0,4,3
2020-08-25,US,Georgia,Bacon,493,8,0,31.55456473,-82.45936528,13005.0,4415.979935506986,1.6227180527383367,485,492,8,0,484,488,11185,1,0,0,1,4
2020-08-25,US,Georgia,Baker,73,3,0,31.32669878,-84.44218806,13007.0,2402.896642527979,4.109589041095891,70,73,3,0,70,72,3092,0,0,0,0,1
2020-08-25,US,Georgia,Baldwin,1467,47,0,33.06882326,-83.24701748,13009.0,3267.988416128313,3.2038173142467623,1420,1415,46,0,1369,1335,44823,52,1,0,51,80
2020-08-25,US,Georgia,Banks,346,8,0,34.35607081,-83.49644388,13011.0,1798.897785172091,2.3121387283237,338,337,8,0,329,334,18988,9,0,0,9,3
2020-08-25,US,Georgia,Barrow,1629,36,0,33.99148694,-83.71436292,13013.0,1956.9918308505526,2.209944751381216,1593,1587,36,0,1551,1585,80809,42,0,0,42,2
2020-08-25,US,Georgia,Bartow,2292,67,0,34.23732119,-84.83887523,13015.0,2127.383096029256,2.923211169284468,2225,2256,67,0,2189,2240,106408,36,0,0,36,16
2020-08-25,US,Georgia,Ben Hill,605,10,0,31.76095874,-83.22145359,13017.0,3622.754491017964,1.6528925619834711,595,603,8,0,595,597,16787,2,2,0,0,6
2020-08-25,US,Georgia,Berrien,367,3,0,31.27590016,-83.22529920000002,13019.0,1892.045161622932,0.8174386920980926,364,365,3,0,362,363,19252,2,0,0,2,2
2020-08-25,US,Georgia,Bibb,5340,106,0,32.80904227,-83.70489165,13021.0,3486.5727773098547,1.9850187265917605,5234,5302,98,0,5204,4524,153095,38,8,0,30,778
2020-08-25,US,Georgia,Bleckley,328,15,0,32.43829035,-83.33035166,13023.0,2547.968616484114,4.573170731707316,313,316,12,0,304,313,12838,12,3,0,9,3
2020-08-25,US,Georgia,Brantley,296,8,0,31.19576557,-81.97743999,13025.0,1549.0083206865875,2.702702702702702,288,292,8,0,284,289,18897,4,0,0,4,3
2020-08-25,US,Georgia,Brooks,455,20,0,30.83922642,-83.58303423,13027.0,2943.650126156433,4.395604395604397,435,453,20,0,433,452,15513,2,0,0,2,1
2020-08-25,US,Georgia,Bryan,799,9,0,32.00979311,-81.44002948,13029.0,2016.302016302016,1.1264080100125156,790,793,9,0,784,786,38109,6,0,0,6,7
2020-08-25,US,Georgia,Bulloch,1525,21,0,32.39577406,-81.74811421,13031.0,1915.636619435233,1.3770491803278688,1504,1511,19,0,1492,1472,77296,14,2,0,12,39
2020-08-25,US,Georgia,Burke,631,7,0,33.05917989,-81.99928721,13033.0,2819.103784121878,1.109350237717908,624,621,7,0,614,617,22423,10,0,0,10,4
2020-08-25,US,Georgia,Butts,541,40,0,33.283094500000004,-83.95435040000002,13035.0,2169.5540583894767,7.393715341959335,501,535,40,0,495,532,24193,6,0,0,6,3
2020-08-25,US,Georgia,Calhoun,226,7,0,31.53169785,-84.62725131,13037.0,3651.6400064630798,3.0973451327433628,219,225,7,0,218,225,6352,1,0,0,1,0
2020-08-25,US,Georgia,Camden,957,7,0,30.92951916,-81.66601818,13039.0,1750.6311052573813,0.7314524555903866,950,946,7,0,939,942,53677,11,0,0,11,4
2020-08-25,US,Georgia,Candler,317,11,0,32.40209349,-82.07702563,13043.0,2934.370082384523,3.470031545741325,306,304,11,0,293,304,10836,13,0,0,13,0
2020-08-25,US,Georgia,Carroll,2216,56,0,33.58138199,-85.07976677,13045.0,1846.7897859857324,2.527075812274368,2160,2232,56,0,2176,2208,118121,-16,0,0,-16,24
2020-08-25,US,Georgia,Catoosa,809,17,0,34.89872298,-85.13757014,13047.0,1197.0997336490084,2.1013597033374536,792,803,17,0,786,794,67420,6,0,0,6,9
2020-08-25,US,Georgia,Charlton,545,5,0,30.78371028,-82.13951596,13049.0,4069.5937873357234,0.9174311926605504,540,544,5,0,539,538,12968,1,0,0,1,6
2020-08-25,US,Georgia,Chatham,6760,116,0,32.00043026,-81.12489526,13051.0,2335.625194347511,1.7159763313609468,6644,6730,115,0,6615,6665,289195,30,1,0,29,65
2020-08-25,US,Georgia,Chattahoochee,978,2,0,32.34341231,-84.78809239,13053.0,8966.718621069038,0.20449897750511248,976,942,2,0,940,931,10684,36,0,0,36,11
2020-08-25,US,Georgia,Chattooga,465,5,0,34.47197698,-85.34535662,13055.0,1875.8320222679413,1.075268817204301,460,422,5,0,417,422,24790,43,0,0,43,0
2020-08-25,US,Georgia,Cherokee,4459,72,0,34.24393976,-84.47431861,13057.0,1723.1318568784225,1.6147118187934515,4387,4412,72,0,4340,4369,254149,47,0,0,47,43
2020-08-25,US,Georgia,Clarke,2564,27,0,33.95436462,-83.37124007,13059.0,1997.9584044385226,1.053042121684867,2537,2511,25,0,2486,2491,127330,53,2,0,51,20
2020-08-25,US,Georgia,Clay,110,2,0,31.62221166,-84.97713865,13061.0,3881.439661256175,1.818181818181818,108,110,2,0,108,109,2887,0,0,0,0,1
2020-08-25,US,Georgia,Clayton,6124,128,0,33.54187245,-84.35594188,13063.0,2095.423190627396,2.0901371652514698,5996,6087,122,0,5965,6042,289615,37,6,0,31,45
2020-08-25,US,Georgia,Clinch,271,4,0,30.91395822,-82.70432472,13065.0,4094.89271683288,1.4760147601476017,267,269,4,0,265,267,6648,2,0,0,2,2
2020-08-25,US,Georgia,Cobb,16144,373,0,33.94243204,-84.5761255,13067.0,2123.816502464674,2.310455896927651,15771,16055,370,0,15685,15931,756865,89,3,0,86,124
2020-08-25,US,Georgia,Coffee,1721,36,0,31.54892966,-82.85492059999999,13069.0,3977.0757747325124,2.091807088901801,1685,1715,34,0,1681,1701,43093,6,2,0,4,14
2020-08-25,US,Georgia,Colquitt,1702,26,0,31.18810588,-83.7677946,13071.0,3732.456140350877,1.5276145710928317,1676,1693,25,0,1668,1676,45592,9,1,0,8,17
2020-08-25,US,Georgia,Columbia,2995,41,0,33.54534185,-82.263524,13073.0,1911.124724019552,1.3689482470784642,2954,2978,40,0,2938,2955,154291,17,1,0,16,23
2020-08-25,US,Georgia,Cook,497,10,0,31.16068491,-83.42947229,13075.0,2877.8228141285467,2.0120724346076457,487,497,10,0,487,494,17162,0,0,0,0,3
2020-08-25,US,Georgia,Coweta,2041,26,0,33.35334302,-84.76129976,13077.0,1374.3274818361176,1.2738853503184713,2015,2025,26,0,1999,2014,145864,16,0,0,16,11
2020-08-25,US,Georgia,Crawford,143,1,0,32.71391813,-83.98061238,13079.0,1152.8539180909386,0.6993006993006993,142,146,1,0,145,136,12318,-3,0,0,-3,10
2020-08-25,US,Georgia,Crisp,448,15,0,31.92289565,-83.76811843,13081.0,2002.503128911139,3.3482142857142856,433,436,15,0,421,428,22601,12,0,0,12,8
2020-08-25,US,Georgia,Dade,183,3,0,34.854916700000004,-85.50490424,13083.0,1135.517498138496,1.639344262295082,180,180,3,0,177,180,16226,3,0,0,3,0
2020-08-25,US,Georgia,Dawson,599,6,0,34.44244079,-84.16964071,13085.0,2294.315918492416,1.001669449081803,593,590,6,0,584,590,25083,9,0,0,9,0
2020-08-25,US,Georgia,DeKalb,16086,287,0,33.76944049,-84.22396017,13089.0,2118.5385955693228,1.7841601392515232,15799,16004,280,0,15724,15959,756558,82,7,0,75,45
2020-08-25,US,Georgia,Decatur,929,20,0,30.87967778,-84.57619536,13087.0,3518.406302075443,2.1528525296017222,909,923,20,0,903,918,26575,6,0,0,6,5
2020-08-25,US,Georgia,Dodge,295,5,0,32.17265114,-83.16948926,13091.0,1431.6913370541129,1.6949152542372878,290,289,5,0,284,287,20705,6,0,0,6,2
2020-08-25,US,Georgia,Dooly,282,14,0,32.15630737,-83.79746561,13093.0,2106.04929051531,4.964539007092198,268,282,14,0,268,277,13706,0,0,0,0,5
2020-08-25,US,Georgia,Dougherty,2925,176,0,31.53328528,-84.21722377,13095.0,3325.526399563418,6.017094017094017,2749,2922,174,0,2748,2904,91243,3,2,0,1,18
2020-08-25,US,Georgia,Douglas,3060,62,0,33.70291126,-84.77026156,13097.0,2090.97804473053,2.026143790849673,2998,3048,62,0,2986,3029,145331,12,0,0,12,19
2020-08-25,US,Georgia,Early,402,32,0,31.32155345,-84.90255207,13099.0,3945.0441609421,7.960199004975125,370,400,32,0,368,398,10247,2,0,0,2,2
2020-08-25,US,Georgia,Echols,231,2,0,30.71101099,-82.89687287,13101.0,5766.350474288567,0.8658008658008658,229,230,2,0,228,230,4000,1,0,0,1,0
2020-08-25,US,Georgia,Effingham,975,14,0,32.36616021,-81.34280942,13103.0,1516.4240388204557,1.4358974358974361,961,962,14,0,948,946,62190,13,0,0,13,16
2020-08-25,US,Georgia,Elbert,431,1,0,34.11302332,-82.83936148,13105.0,2245.493383348963,0.2320185614849188,430,422,1,0,421,421,19120,9,0,0,9,1
2020-08-25,US,Georgia,Emanuel,688,21,0,32.59221302,-82.30239915,13107.0,3038.0641172834053,3.052325581395349,667,662,20,0,642,659,22612,26,1,0,25,3
2020-08-25,US,Georgia,Evans,336,4,0,32.15328841,-81.8870105,13109.0,3153.745072273325,1.1904761904761905,332,334,4,0,330,332,10721,2,0,0,2,2
2020-08-25,US,Georgia,Fannin,416,6,0,34.86430205,-84.316964,13111.0,1588.5138231250955,1.4423076923076923,410,416,6,0,410,414,25964,0,0,0,0,2
2020-08-25,US,Georgia,Fayette,1434,36,0,33.41357794,-84.49089434,13113.0,1253.2664458447314,2.510460251046025,1398,1419,36,0,1383,1412,113459,15,0,0,15,7
2020-08-25,US,Georgia,Floyd,2086,29,0,34.26268279,-85.21577392,13115.0,2117.809498670024,1.3902205177372962,2057,2028,28,0,2000,2015,97927,58,1,0,57,13
2020-08-25,US,Georgia,Forsyth,2884,32,0,34.22604035,-84.12315129999998,13117.0,1180.747752321373,1.1095700416088763,2852,2814,31,0,2783,2808,236612,70,1,0,69,6
2020-08-25,US,Georgia,Franklin,514,10,0,34.37525597,-83.23159927,13119.0,2201.3790740502805,1.9455252918287935,504,503,9,0,494,499,23023,11,1,0,10,4
2020-08-25,US,Georgia,Fulton,23987,497,0,33.79216944,-84.46319413,13121.0,2254.550786371749,2.071955642639763,23490,23825,490,0,23335,23751,1050114,162,7,0,155,74
2020-08-25,US,Georgia,Gilmer,719,5,0,34.69316688,-84.45802506,13123.0,2292.071790621314,0.6954102920723226,714,718,5,0,713,716,30816,1,0,0,1,2
2020-08-25,US,Georgia,Glascock,34,2,0,33.22879932,-82.61297636,13125.0,1144.3958263211039,5.882352941176472,32,34,2,0,32,33,2995,0,0,0,0,1
2020-08-25,US,Georgia,Glynn,2907,64,0,31.23279254,-81.53811412,13127.0,3408.291516203161,2.2015823873409013,2843,2891,64,0,2827,2875,85219,16,0,0,16,16
2020-08-25,US,Georgia,Gordon,1461,25,0,34.50487351,-84.87296253,13129.0,2520.573469282129,1.7111567419575633,1436,1444,25,0,1419,1439,57685,17,0,0,17,5
2020-08-25,US,Georgia,Grady,628,8,0,30.87454847,-84.23418364,13131.0,2549.425567328381,1.2738853503184713,620,627,8,0,619,626,24748,1,0,0,1,1
2020-08-25,US,Georgia,Greene,409,15,0,33.5769205,-83.17139104,13133.0,2232.0454049334207,3.667481662591687,394,400,14,0,386,396,17698,9,1,0,8,4
2020-08-25,US,Georgia,Gwinnett,23411,309,0,33.96044201,-84.02137802,13135.0,2500.507343124165,1.31989235829311,23102,23178,306,0,22872,23096,927781,233,3,0,230,82
2020-08-25,US,Georgia,Habersham,1279,59,0,34.63331566,-83.53094677,13137.0,2821.655488881045,4.612978889757623,1220,1268,57,0,1211,1268,45388,11,2,0,9,0
2020-08-25,US,Georgia,Hall,7116,118,0,34.32207823,-83.81896936,13139.0,3480.7108163235357,1.6582349634626194,6998,7020,116,0,6904,7004,202148,96,2,0,94,16
2020-08-25,US,Georgia,Hancock,351,39,0,33.2721566,-82.99766919,13141.0,4150.40794608017,11.111111111111109,312,348,39,0,309,346,8348,3,0,0,3,2
2020-08-25,US,Georgia,Haralson,296,7,0,33.79602175,-85.21005667,13143.0,993.5553168635877,2.3648648648648654,289,293,7,0,286,289,29533,3,0,0,3,4
2020-08-25,US,Georgia,Harris,711,21,0,32.73709786,-84.90538572,13145.0,2017.8226813486206,2.9535864978902957,690,711,19,0,692,711,34475,0,2,0,-2,0
2020-08-25,US,Georgia,Hart,390,10,0,34.34626973,-82.96567682,13147.0,1488.2655981682885,2.5641025641025643,380,385,10,0,375,383,26099,5,0,0,5,2
2020-08-25,US,Georgia,Heard,161,5,0,33.29686567,-85.12886832,13149.0,1350.3312924599513,3.1055900621118013,156,161,5,0,156,161,11879,0,0,0,0,0
2020-08-25,US,Georgia,Henry,4166,68,0,33.4533428,-84.14814659999998,13151.0,1776.0838332033031,1.6322611617858858,4098,4145,67,0,4078,4117,230220,21,1,0,20,28
2020-08-25,US,Georgia,Houston,2543,64,0,32.45802497,-83.66879087,13153.0,1610.8904556482519,2.516712544239088,2479,2508,63,0,2445,2431,155469,35,1,0,34,77
2020-08-25,US,Georgia,Irwin,204,2,0,31.60213036,-83.27501387,13155.0,2166.5250637213253,0.9803921568627452,202,200,2,0,198,200,9398,4,0,0,4,0
2020-08-25,US,Georgia,Jackson,1351,22,0,34.13794553,-83.56814788,13157.0,1851.268207791496,1.6284233900814211,1329,1311,22,0,1289,1311,70422,40,0,0,40,0
2020-08-25,US,Georgia,Jasper,191,3,0,33.31535543,-83.68844964,13159.0,1343.2730853083901,1.5706806282722514,188,189,2,0,187,187,14040,2,1,0,1,2
2020-08-25,US,Georgia,Jeff Davis,603,9,0,31.80405727,-82.63724870000001,13161.0,3989.414488918293,1.492537313432836,594,600,9,0,591,598,15029,3,0,0,3,2
2020-08-25,US,Georgia,Jefferson,624,13,0,33.05867328,-82.41609057,13163.0,4061.971097513345,2.083333333333333,611,620,13,0,607,618,15430,4,0,0,4,2
2020-08-25,US,Georgia,Jenkins,286,24,0,32.79248718,-81.96040187,13165.0,3296.449976947902,8.391608391608392,262,283,24,0,259,283,8683,3,0,0,3,0
2020-08-25,US,Georgia,Johnson,290,13,0,32.70211082,-82.66166794,13167.0,3007.362853883646,4.482758620689656,277,287,13,0,274,286,9708,3,0,0,3,1
2020-08-25,US,Georgia,Jones,430,5,0,33.02512137,-83.56019163,13169.0,1496.4329215242733,1.162790697674419,425,422,5,0,417,381,28616,8,0,0,8,41
2020-08-25,US,Georgia,Lamar,315,16,0,33.07841647,-84.14263877,13171.0,1651.203019342664,5.079365079365079,299,313,15,0,298,311,19000,2,1,0,1,2
2020-08-25,US,Georgia,Lanier,246,5,0,31.03828570000001,-83.06472457,13173.0,2360.165019668041,2.0325203252032518,241,244,5,0,239,244,10340,2,0,0,2,0
2020-08-25,US,Georgia,Laurens,1244,39,0,32.46325233,-82.92221316,13175.0,2616.4135784293107,3.1350482315112536,1205,1227,36,0,1191,1223,47325,17,3,0,14,4
2020-08-25,US,Georgia,Lee,643,23,0,31.779330600000005,-84.14324253,13177.0,2143.9050413443583,3.576982892690513,620,637,23,0,614,635,29764,6,0,0,6,2
2020-08-25,US,Georgia,Liberty,884,14,0,31.82588896,-81.49251135,13179.0,1438.9191828762107,1.5837104072398192,870,878,13,0,865,866,61497,6,1,0,5,12
2020-08-25,US,Georgia,Lincoln,188,6,0,33.79201475,-82.45024131,13181.0,2373.4376972604473,3.191489361702128,182,188,6,0,182,185,7915,0,0,0,0,3
2020-08-25,US,Georgia,Long,172,2,0,31.75218791,-81.74952375,13183.0,879.3905618896672,1.162790697674419,170,172,2,0,170,170,18998,0,0,0,0,2
2020-08-25,US,Georgia,Lowndes,3379,59,0,30.83568832,-83.27056716,13185.0,2878.0471185459,1.7460787215152411,3320,3368,57,0,3311,3360,116321,11,2,0,9,8
2020-08-25,US,Georgia,Lumpkin,596,12,0,34.57286511,-84.00425681,13187.0,1773.2817613805414,2.0134228187919465,584,559,12,0,547,559,32955,37,0,0,37,0
2020-08-25,US,Georgia,Macon,197,10,0,32.35207048,-84.04234127,13193.0,1521.5880126670272,5.076142131979696,187,195,10,0,185,195,13143,2,0,0,2,0
2020-08-25,US,Georgia,Madison,503,7,0,34.12920917,-83.21218732,13195.0,1683.4002677376172,1.3916500994035783,496,496,7,0,489,493,29650,7,0,0,7,3
2020-08-25,US,Georgia,Marion,163,5,0,32.3483402,-84.52733571,13197.0,1949.9940184232564,3.0674846625766867,158,163,5,0,158,163,8351,0,0,0,0,0
2020-08-25,US,Georgia,McDuffie,489,12,0,33.47851918,-82.48252774,13189.0,2294.4819819819822,2.4539877300613497,477,480,12,0,468,474,21531,9,0,0,9,6
2020-08-25,US,Georgia,McIntosh,231,4,0,31.49683595,-81.40163426,13191.0,1606.6212268743914,1.7316017316017316,227,232,4,0,228,231,14340,-1,0,0,-1,1
2020-08-25,US,Georgia,Meriwether,463,8,0,33.04163534,-84.68859732,13199.0,2187.367128076723,1.7278617710583153,455,459,8,0,451,455,21068,4,0,0,4,4
2020-08-25,US,Georgia,Miller,200,0,0,31.16568912,-84.73151117,13201.0,3497.7264777894375,0.0,200,199,0,0,199,199,5686,1,0,0,1,0
2020-08-25,US,Georgia,Mitchell,694,42,0,31.22483255,-84.19381821,13205.0,3174.312765860129,6.051873198847263,652,688,42,0,646,688,22192,6,0,0,6,0
2020-08-25,US,Georgia,Monroe,582,35,0,33.014289,-83.92097166,13207.0,2110.3778374066283,6.013745704467354,547,576,33,0,543,538,27520,6,2,0,4,38
2020-08-25,US,Georgia,Montgomery,202,2,0,32.17201038,-82.53527476,13209.0,2202.354993458352,0.99009900990099,200,201,2,0,199,201,9193,1,0,0,1,0
2020-08-25,US,Georgia,Morgan,394,2,0,33.59232073,-83.49129491,13211.0,2043.9925295704504,0.5076142131979695,392,381,2,0,379,381,18853,13,0,0,13,0
2020-08-25,US,Georgia,Murray,685,3,0,34.78897608,-84.74993177,13213.0,1708.3998403830803,0.4379562043795621,682,683,3,0,680,683,39921,2,0,0,2,0
2020-08-25,US,Georgia,Muscogee,5330,125,0,32.50931999,-84.87142262,13215.0,2722.5965295833357,2.3452157598499057,5205,5304,122,0,5182,5286,194160,26,3,0,23,18
2020-08-25,US,Georgia,Newton,2189,58,0,33.55514538,-83.84547140000002,13217.0,1958.9418671248568,2.6496116948378257,2131,2168,58,0,2110,2159,109541,21,0,0,21,9
2020-08-25,US,Georgia,Oconee,525,20,0,33.83749973,-83.43679568,13219.0,1303.3763654419067,3.809523809523809,505,516,20,0,496,511,39272,9,0,0,9,5
2020-08-25,US,Georgia,Oglethorpe,270,9,0,33.878629600000004,-83.08278123,13221.0,1769.4475391572187,3.333333333333333,261,265,8,0,257,264,15054,5,1,0,4,1
2020-08-25,US,Georgia,Out of GA,16489,115,0,0.0,0.0,80013.0,0.0,0.6974346534053005,16374,16641,111,0,16530,16547,,-152,4,0,-156,94
2020-08-25,US,Georgia,Paulding,2106,30,0,33.91969522,-84.86848792,13223.0,1248.61413317365,1.4245014245014245,2076,2082,30,0,2052,2063,164044,24,0,0,24,19
2020-08-25,US,Georgia,Peach,546,16,0,32.56934316,-83.82937,13225.0,1982.1389675451971,2.93040293040293,530,540,16,0,524,502,27297,6,0,0,6,38
2020-08-25,US,Georgia,Pickens,490,6,0,34.46589159,-84.46406611,13227.0,1503.4825565340125,1.2244897959183674,484,477,6,0,471,476,31980,13,0,0,13,1
2020-08-25,US,Georgia,Pierce,499,11,0,31.35928155,-82.21598442,13229.0,2563.5756486000514,2.2044088176352705,488,495,10,0,485,492,19389,4,1,0,3,3
2020-08-25,US,Georgia,Pike,267,8,0,33.09310242,-84.38790389,13231.0,1408.0793165277923,2.9962546816479403,259,266,8,0,258,263,18634,1,0,0,1,3
2020-08-25,US,Georgia,Polk,1122,12,0,34.00267074,-85.18677781,13233.0,2632.999319456504,1.0695187165775402,1110,1074,12,0,1062,1072,42470,48,0,0,48,2
2020-08-25,US,Georgia,Pulaski,168,6,0,32.23334561,-83.47549959999998,13235.0,1508.485229415462,3.571428571428572,162,165,4,0,161,162,11069,3,2,0,1,3
2020-08-25,US,Georgia,Putnam,597,20,0,33.32056115,-83.37552891,13237.0,2699.0370269903697,3.3500837520938025,577,573,19,0,554,567,21809,24,1,0,23,6
2020-08-25,US,Georgia,Quitman,32,1,0,31.86728114,-85.01773177,13239.0,1391.9095258808175,3.125,31,32,1,0,31,32,2279,0,0,0,0,0
2020-08-25,US,Georgia,Rabun,257,5,0,34.88389445,-83.40304637,13241.0,1499.6790570111457,1.9455252918287935,252,255,4,0,251,254,16867,2,1,0,1,1
2020-08-25,US,Georgia,Randolph,307,27,0,31.76622818,-84.75732369,13243.0,4529.359693124817,8.794788273615637,280,305,27,0,278,303,6833,2,0,0,2,2
2020-08-25,US,Georgia,Richmond,5731,115,0,33.35777107,-82.07026432,13245.0,2829.871912620113,2.006630605478974,5616,5691,114,0,5577,5641,201554,40,1,0,39,50
2020-08-25,US,Georgia,Rockdale,1613,28,0,33.65145002,-84.02202167,13247.0,1774.5555359971836,1.735895846249225,1585,1597,28,0,1569,1590,90594,16,0,0,16,7
2020-08-25,US,Georgia,Schley,92,2,0,32.2654021,-84.31258912,13249.0,1750.0475556400988,2.1739130434782608,90,90,2,0,88,90,5236,2,0,0,2,0
2020-08-25,US,Georgia,Screven,274,9,0,32.74976524,-81.60779441,13251.0,1961.9074896176428,3.2846715328467155,265,268,9,0,259,251,13938,6,0,0,6,17
2020-08-25,US,Georgia,Seminole,269,8,0,30.93464824,-84.86823924,13253.0,3325.092707045736,2.9739776951672865,261,264,8,0,256,259,8315,5,0,0,5,5
2020-08-25,US,Georgia,Spalding,1126,48,0,33.26310031,-84.28013991,13255.0,1688.0799964019614,4.262877442273535,1078,1115,45,0,1070,1111,66100,11,3,0,8,4
2020-08-25,US,Georgia,Stephens,766,21,0,34.55151201,-83.29405315,13257.0,2954.6769527483125,2.741514360313316,745,756,19,0,737,754,26035,10,2,0,8,2
2020-08-25,US,Georgia,Stewart,315,10,0,32.07996777,-84.83208037,13259.0,4757.58948799275,3.1746031746031744,305,316,10,0,306,315,6199,-1,0,0,-1,1
2020-08-25,US,Georgia,Sumter,826,57,0,32.03650571,-84.19821492,13261.0,2797.7238856523504,6.900726392251817,769,824,57,0,767,820,29733,2,0,0,2,4
2020-08-25,US,Georgia,Talbot,153,5,0,32.69642758,-84.53351366,13263.0,2469.733656174334,3.2679738562091503,148,152,5,0,147,152,6272,1,0,0,1,0
2020-08-25,US,Georgia,Taliaferro,18,0,0,33.56543317,-82.88136816,13265.0,1171.1125569290825,0.0,18,18,0,0,18,18,1608,0,0,0,0,0
2020-08-25,US,Georgia,Tattnall,651,5,0,32.04785085,-82.05539188,13267.0,2574.547180257851,0.7680491551459293,646,648,5,0,643,643,25391,3,0,0,3,5
2020-08-25,US,Georgia,Taylor,121,5,0,32.55792548,-84.25077141,13269.0,1508.7281795511221,4.132231404958676,116,118,4,0,114,116,8039,3,1,0,2,2
2020-08-25,US,Georgia,Telfair,332,13,0,31.92829517,-82.93491155,13271.0,2093.3165195460283,3.9156626506024095,319,331,13,0,318,329,15876,1,0,0,1,2
2020-08-25,US,Georgia,Terrell,313,31,0,31.77527543,-84.44069698,13273.0,3668.9719845270192,9.904153354632587,282,311,31,0,280,309,8611,2,0,0,2,2
2020-08-25,US,Georgia,Thomas,1341,47,0,30.86392347,-83.91847289,13275.0,3016.8050212593653,3.504847129008203,1294,1332,46,0,1286,1330,44448,9,1,0,8,2
2020-08-25,US,Georgia,Tift,1451,48,0,31.45743864,-83.5236119,13277.0,3570.022635567365,3.3080634045485877,1403,1448,47,0,1401,1445,40571,3,1,0,2,3
2020-08-25,US,Georgia,Toombs,1000,12,0,32.12059861,-82.32957247,13279.0,3727.171077152441,1.2,988,982,12,0,970,975,26887,18,0,0,18,7
2020-08-25,US,Georgia,Towns,187,5,0,34.91369188,-83.74107459999998,13281.0,1553.5432416715128,2.6737967914438503,182,184,5,0,179,184,11852,3,0,0,3,0
2020-08-25,US,Georgia,Treutlen,185,3,0,32.40422134,-82.56904553,13283.0,2680.770902767715,1.6216216216216215,182,179,3,0,176,178,6809,6,0,0,6,1
2020-08-25,US,Georgia,Troup,2516,79,0,33.03349196,-85.02812115,13285.0,3598.2952432710736,3.1399046104928456,2437,2512,79,0,2433,2503,70034,4,0,0,4,9
2020-08-25,US,Georgia,Turner,274,19,0,31.71612656,-83.62069378,13287.0,3431.4339386349407,6.934306569343065,255,274,19,0,255,273,7912,0,0,0,0,1
2020-08-25,US,Georgia,Twiggs,169,6,0,32.67435595,-83.43078662,13289.0,2081.28078817734,3.5502958579881656,163,168,6,0,162,157,8188,1,0,0,1,11
2020-08-25,US,Georgia,Unassigned,2725,4,0,0.0,0.0,90013.0,0.0,0.14678899082568808,2721,2668,4,0,2664,2769,,57,0,0,57,-101
2020-08-25,US,Georgia,Union,423,7,0,34.82995757,-83.98967069,13291.0,1725.7557831177842,1.6548463356973997,416,413,7,0,406,403,24001,10,0,0,10,10
2020-08-25,US,Georgia,Upson,634,53,0,32.87920671,-84.30024826,13293.0,2408.814589665653,8.3596214511041,581,663,53,0,610,658,26215,-29,0,0,-29,5
2020-08-25,US,Georgia,Walker,925,20,0,34.73376362,-85.30165174,13295.0,1325.9557632488065,2.1621621621621623,905,912,20,0,892,908,69410,13,0,0,13,4
2020-08-25,US,Georgia,Walton,1403,44,0,33.78017694,-83.73552314,13297.0,1483.1964310255514,3.1361368496079827,1359,1371,43,0,1328,1366,93503,32,1,0,31,5
2020-08-25,US,Georgia,Ware,1306,42,0,31.05449097,-82.42224148,13299.0,3654.782560026865,3.2159264931087286,1264,1302,41,0,1261,1296,35680,4,1,0,3,6
2020-08-25,US,Georgia,Warren,114,5,0,33.41146451,-82.67795848,13301.0,2169.775409212029,4.385964912280701,109,110,3,0,107,110,5251,4,2,0,2,0
2020-08-25,US,Georgia,Washington,592,3,0,32.96711864,-82.79357039,13303.0,2905.66408167272,0.5067567567567568,589,587,3,0,584,586,20386,5,0,0,5,1
2020-08-25,US,Georgia,Wayne,931,22,0,31.5521809,-81.91894878,13305.0,3110.903197781268,2.363050483351236,909,927,19,0,908,919,29808,4,3,0,1,8
2020-08-25,US,Georgia,Webster,39,2,0,32.04066113,-84.54742852,13307.0,1495.9723820483316,5.128205128205129,37,38,2,0,36,38,2611,1,0,0,1,0
2020-08-25,US,Georgia,Wheeler,141,4,0,32.12009104,-82.72574721,13309.0,1795.0350095480585,2.8368794326241136,137,137,3,0,134,136,7879,4,1,0,3,1
2020-08-25,US,Georgia,White,450,9,0,34.64624278,-83.74905525,13311.0,1461.133839859731,2.0,441,442,9,0,433,441,29970,8,0,0,8,1
2020-08-25,US,Georgia,Whitfield,3859,47,0,34.80987459,-84.96093476,13313.0,3688.305233780633,1.21793210676341,3812,3851,47,0,3804,3841,104062,8,0,0,8,10
2020-08-25,US,Georgia,Wilcox,213,20,0,31.97496928,-83.43438555,13315.0,2466.7052692530397,9.389671361502348,193,212,20,0,192,210,8812,1,0,0,1,2
2020-08-25,US,Georgia,Wilkes,216,3,0,33.78290391,-82.74286107,13317.0,2209.266646210494,1.3888888888888888,213,214,3,0,211,213,9876,2,0,0,2,1
2020-08-25,US,Georgia,Wilkinson,283,14,0,32.80291082,-83.17140684,13319.0,3160.5986151440693,4.946996466431095,269,280,13,0,267,261,9036,3,1,0,2,19
2020-08-25,US,Georgia,Worth,488,24,0,31.55162306,-83.85090513,13321.0,2410.233614856522,4.918032786885246,464,487,24,0,463,483,20299,1,0,0,1,4
2020-08-25,US,Hawaii,Hawaii,220,0,0,19.60121157,-155.5210167,15001.0,109.17409794901569,0.0,220,209,0,0,209,200,200983,11,0,0,11,9
2020-08-25,US,Hawaii,Honolulu,6382,41,0,21.45803166,-157.97121819999995,15003.0,654.8576131045403,0.6424318395487308,6341,6181,41,0,6140,6031,980080,201,0,0,201,150
2020-08-25,US,Hawaii,Kauai,56,0,0,22.03935037,-159.5966786,15007.0,77.46254824118517,0.0,56,56,0,0,56,56,72133,0,0,0,0,0
2020-08-25,US,Hawaii,Maui,303,7,0,20.86399628,-156.56890969999995,15009.0,180.9852046088509,2.31023102310231,296,300,7,0,293,290,167207,3,0,0,3,10
2020-08-25,US,Hawaii,Out of HI,23,1,0,0.0,0.0,80015.0,0.0,4.3478260869565215,22,23,1,0,22,23,,0,0,0,0,0
2020-08-25,US,Idaho,Ada,10748,112,0,43.4526575,-116.24155159999998,16001.0,2231.7878181927667,1.0420543356903609,10636,10664,111,0,10553,10592,469966,84,1,0,83,72
2020-08-25,US,Idaho,Adams,25,0,0,44.89333571,-116.4545247,16003.0,582.2077317186772,0.0,25,25,0,0,25,25,4250,0,0,0,0,0
2020-08-25,US,Idaho,Bannock,573,2,0,42.67002716,-112.2233311,16005.0,652.5601311953352,0.34904013961605584,571,560,2,0,558,557,87138,13,0,0,13,3
2020-08-25,US,Idaho,Bear Lake,30,0,0,42.28269683,-111.32892379999998,16007.0,489.79591836734687,0.0,30,27,0,0,27,25,6050,3,0,0,3,2
2020-08-25,US,Idaho,Benewah,103,1,0,47.21754179,-116.6586851,16009.0,1107.7651107765112,0.9708737864077671,102,95,1,0,94,95,9226,8,0,0,8,0
2020-08-25,US,Idaho,Bingham,407,4,0,43.21672879999999,-112.3978437,16011.0,869.453760868172,0.9828009828009828,403,398,4,0,394,396,46236,9,0,0,9,2
2020-08-25,US,Idaho,Blaine,596,6,0,43.4085812,-113.9752658,16013.0,2588.94053255723,1.0067114093959733,590,595,6,0,589,595,22601,1,0,0,1,0
2020-08-25,US,Idaho,Boise,58,1,0,43.98829931,-115.7309284,16015.0,740.6461499169966,1.7241379310344829,57,57,1,0,56,57,7634,1,0,0,1,0
2020-08-25,US,Idaho,Bonner,202,0,0,48.29996017,-116.6017932,16017.0,441.63624040752967,0.0,202,197,0,0,197,196,44727,5,0,0,5,1
2020-08-25,US,Idaho,Bonneville,1582,8,0,43.38713372,-111.6161537,16019.0,1328.7194906855252,0.5056890012642224,1574,1553,6,0,1547,1540,116854,29,2,0,27,13
2020-08-25,US,Idaho,Boundary,42,0,0,48.76684761,-116.4630179,16021.0,342.99714169048593,0.0,42,42,0,0,42,42,11948,0,0,0,0,0
2020-08-25,US,Idaho,Butte,4,0,0,43.72592209,-113.1735463,16023.0,154.02387370042356,0.0,4,4,0,0,4,4,2611,0,0,0,0,0
2020-08-25,US,Idaho,Camas,2,0,0,43.46665742,-114.8065892,16025.0,180.83182640144662,0.0,2,2,0,0,2,2,1127,0,0,0,0,0
2020-08-25,US,Idaho,Canyon,6910,70,0,43.61970148,-116.70954990000001,16027.0,3006.321541533789,1.0130246020260492,6840,6825,65,0,6760,6798,223499,85,5,0,80,27
2020-08-25,US,Idaho,Caribou,35,0,0,42.77149116,-111.5597683,16029.0,489.1684136967156,0.0,35,35,0,0,35,35,7060,0,0,0,0,0
2020-08-25,US,Idaho,Cassia,572,3,0,42.28347888,-113.6012409,16031.0,2380.357885975864,0.5244755244755245,569,570,1,0,569,570,23864,2,2,0,0,0
2020-08-25,US,Idaho,Clark,18,0,0,44.28496071,-112.35057040000001,16033.0,2130.1775147928993,0.0,18,16,0,0,16,15,852,2,0,0,2,1
2020-08-25,US,Idaho,Clearwater,21,0,0,46.67459924,-115.6622393,16035.0,239.83554134307903,0.0,21,21,0,0,21,20,8758,0,0,0,0,1
2020-08-25,US,Idaho,Custer,18,0,0,44.24186819,-114.2855494,16037.0,417.1494785631518,0.0,18,18,0,0,18,18,4280,0,0,0,0,0
2020-08-25,US,Idaho,Elmore,267,3,0,43.3507101,-115.4701578,16039.0,970.5208825560684,1.1235955056179776,264,265,3,0,262,259,27259,2,0,0,2,6
2020-08-25,US,Idaho,Franklin,54,0,0,42.18332217,-111.81496659999999,16041.0,389.16114153934853,0.0,54,54,0,0,54,54,13726,0,0,0,0,0
2020-08-25,US,Idaho,Fremont,103,1,0,44.22800938,-111.48099429999999,16043.0,786.3195663791129,0.9708737864077671,102,102,1,0,101,100,13168,1,0,0,1,2
2020-08-25,US,Idaho,Gem,205,2,0,44.06482372,-116.398376,16045.0,1131.84628975265,0.975609756097561,203,205,2,0,203,205,17634,0,0,0,0,0
2020-08-25,US,Idaho,Gooding,209,1,0,42.96927962,-114.81083059999999,16047.0,1376.9022992291982,0.4784688995215311,208,200,1,0,199,198,15196,9,0,0,9,2
2020-08-25,US,Idaho,Idaho,40,0,0,45.84721541,-115.4634436,16049.0,239.9952000959981,0.0,40,39,0,0,39,39,16513,1,0,0,1,0
2020-08-25,US,Idaho,Jefferson,325,1,0,43.82078483,-112.3131749,16051.0,1088.011784004553,0.3076923076923077,324,318,1,0,317,312,29439,7,0,0,7,6
2020-08-25,US,Idaho,Jerome,576,6,0,42.68891267,-114.2655033,16053.0,2359.4953301654928,1.0416666666666667,570,571,6,0,565,568,24015,5,0,0,5,3
2020-08-25,US,Idaho,Kootenai,2120,27,0,47.67282258,-116.7020872,16055.0,1279.4438040519744,1.2735849056603774,2093,2074,26,0,2048,2062,161505,46,1,0,45,12
2020-08-25,US,Idaho,Latah,215,0,0,46.81587887,-116.71136979999999,16057.0,536.0526578238755,0.0,215,191,0,0,191,176,40134,24,0,0,24,15
2020-08-25,US,Idaho,Lemhi,68,0,0,44.9438088,-113.9309747,16059.0,847.1408994643082,0.0,68,63,0,0,63,63,7961,5,0,0,5,0
2020-08-25,US,Idaho,Lincoln,64,0,0,43.0012336,-114.1358773,16063.0,1192.6947446887814,0.0,64,63,0,0,63,63,5360,1,0,0,1,0
2020-08-25,US,Idaho,Madison,221,0,0,43.78141028,-111.65384740000002,16065.0,553.7875560678576,0.0,221,219,0,0,219,217,39304,2,0,0,2,2
2020-08-25,US,Idaho,Minidoka,539,2,0,42.85518524,-113.6357257,16067.0,2561.9088359712914,0.3710575139146568,537,528,2,0,526,526,20825,11,0,0,11,2
2020-08-25,US,Idaho,Nez Perce,259,19,0,46.32638236,-116.75009750000001,16069.0,640.9621857058008,7.335907335907336,240,243,19,0,224,227,40408,16,0,0,16,16
2020-08-25,US,Idaho,Oneida,18,0,0,42.19494279999999,-112.5407838,16071.0,397.26329728536746,0.0,18,18,0,0,18,18,4488,0,0,0,0,0
2020-08-25,US,Idaho,Owyhee,290,4,0,42.58016894,-116.16938710000001,16073.0,2452.846147339931,1.3793103448275863,286,290,4,0,286,290,11693,0,0,0,0,0
2020-08-25,US,Idaho,Payette,586,4,0,44.00545243,-116.7647695,16075.0,2446.661934783516,0.6825938566552902,582,570,4,0,566,558,23551,16,0,0,16,12
2020-08-25,US,Idaho,Power,97,0,0,42.69254894,-112.83957420000002,16077.0,1262.8563989063925,0.0,97,94,0,0,94,90,7768,3,0,0,3,4
2020-08-25,US,Idaho,Shoshone,192,11,0,47.35364087,-115.89167490000001,16079.0,1490.4517931998134,5.729166666666668,181,184,11,0,173,183,12796,8,0,0,8,1
2020-08-25,US,Idaho,Teton,122,0,0,43.75303583,-111.2056773,16081.0,1004.7768077746664,0.0,122,120,0,0,120,118,11640,2,0,0,2,2
2020-08-25,US,Idaho,Twin Falls,1610,34,0,42.35440512,-114.6685381,16083.0,1853.1734155942816,2.111801242236025,1576,1604,33,0,1571,1600,86081,6,1,0,5,4
2020-08-25,US,Idaho,Unassigned,3,0,0,0.0,0.0,90016.0,0.0,0.0,3,3,0,0,3,3,,0,0,0,0,0
2020-08-25,US,Idaho,Valley,78,1,0,44.76728382,-115.5676773,16085.0,684.6910112359551,1.2820512820512822,77,78,1,0,77,78,11041,0,0,0,0,0
2020-08-25,US,Idaho,Washington,258,3,0,44.45275475,-116.78476880000001,16087.0,2530.9005297233666,1.162790697674419,255,257,3,0,254,256,10161,1,0,0,1,1
2020-08-25,US,Illinois,Adams,730,7,0,39.98815591,-91.18786813,17001.0,1115.6109115916556,0.9589041095890408,723,727,7,0,720,713,65691,3,0,0,3,14
2020-08-25,US,Illinois,Alexander,41,0,0,37.18049267,-89.32910838,17003.0,711.6819996528378,0.0,41,40,0,0,40,40,6060,1,0,0,1,0
2020-08-25,US,Illinois,Bond,117,3,0,38.88829622,-89.43534887,17005.0,712.2854011932303,2.5641025641025643,114,107,3,0,104,104,16630,10,0,0,10,3
2020-08-25,US,Illinois,Boone,835,23,0,42.32359279,-88.82345779,17007.0,1559.4651128044227,2.754491017964072,812,827,23,0,804,823,53577,8,0,0,8,4
2020-08-25,US,Illinois,Brown,16,0,0,39.96209138,-90.75068024,17009.0,243.2350258437215,0.0,16,16,0,0,16,16,6556,0,0,0,0,0
2020-08-25,US,Illinois,Bureau,330,4,0,41.40385234,-89.5283051,17011.0,1011.401250459728,1.2121212121212122,326,322,4,0,318,317,32993,8,0,0,8,5
2020-08-25,US,Illinois,Calhoun,24,0,0,39.16840183,-90.66330078,17013.0,506.43595695294374,0.0,24,22,0,0,22,21,4802,2,0,0,2,1
2020-08-25,US,Illinois,Carroll,113,4,0,42.06823429,-89.93395545,17015.0,789.9335896539671,3.5398230088495577,109,115,4,0,111,114,14312,-2,0,0,-2,1
2020-08-25,US,Illinois,Cass,290,11,0,39.96991073,-90.24734436,17017.0,2387.420762328147,3.7931034482758617,279,287,11,0,276,287,12260,3,0,0,3,0
2020-08-25,US,Illinois,Champaign,2100,20,0,40.13919438,-88.20046615,17019.0,1001.4831488537786,0.9523809523809524,2080,2078,20,0,2058,2027,209983,22,0,0,22,51
2020-08-25,US,Illinois,Christian,191,4,0,39.54581621,-89.27780482,17021.0,591.2580485388806,2.094240837696335,187,185,4,0,181,184,32661,6,0,0,6,1
2020-08-25,US,Illinois,Clark,112,2,0,39.33425789,-87.78705622,17023.0,725.3416229518814,1.7857142857142858,110,112,2,0,110,112,15596,0,0,0,0,0
2020-08-25,US,Illinois,Clay,61,0,0,38.75388572,-88.48914513,17025.0,462.6820388349514,0.0,61,60,0,0,60,59,13253,1,0,0,1,1
2020-08-25,US,Illinois,Clinton,632,17,0,38.60704876,-89.42385254,17027.0,1682.5515148288166,2.6898734177215187,615,606,17,0,589,582,37639,26,0,0,26,24
2020-08-25,US,Illinois,Coles,798,21,0,39.51949084,-88.22358557,17029.0,1576.4208530056696,2.631578947368421,777,786,21,0,765,785,50885,12,0,0,12,1
2020-08-25,US,Illinois,Cook,122423,5022,0,41.84144849,-87.81658794,17031.0,2377.038087403036,4.102170343807945,117401,121877,5015,0,116862,121308,5180493,546,7,0,539,569
2020-08-25,US,Illinois,Crawford,61,0,0,39.0032229,-87.75954624,17033.0,326.7798789307334,0.0,61,57,0,0,57,52,18807,4,0,0,4,5
2020-08-25,US,Illinois,Cumberland,114,3,0,39.27432424,-88.2401158,17035.0,1058.8890953000189,2.631578947368421,111,109,3,0,106,107,10808,5,0,0,5,2
2020-08-25,US,Illinois,De Witt,39,1,0,40.17514519,-88.90959682,17039.0,249.3925054354777,2.5641025641025643,38,38,1,0,37,37,15769,1,0,0,1,1
2020-08-25,US,Illinois,DeKalb,1064,33,0,41.89373302,-88.76958483,17037.0,1014.3283411346367,3.101503759398496,1031,1048,33,0,1015,1044,104143,16,0,0,16,4
2020-08-25,US,Illinois,Douglas,195,4,0,39.76768052,-88.21854195,17041.0,1001.7980991523247,2.051282051282051,191,189,4,0,185,189,19479,6,0,0,6,0
2020-08-25,US,Illinois,DuPage,14001,531,0,41.85116968,-88.08642662,17043.0,1517.0312518622934,3.7925862438397258,13470,13909,530,0,13379,13778,928589,92,1,0,91,131
2020-08-25,US,Illinois,Edgar,60,0,0,39.6809186,-87.74759563,17045.0,349.6299749431851,0.0,60,61,0,0,61,57,17360,-1,0,0,-1,4
2020-08-25,US,Illinois,Edwards,31,0,0,38.41353228,-88.05720863,17047.0,484.7537138389367,0.0,31,31,0,0,31,31,6392,0,0,0,0,0
2020-08-25,US,Illinois,Effingham,412,1,0,39.05935711,-88.58969584,17049.0,1211.4796518466244,0.2427184466019417,411,398,1,0,397,391,34208,14,0,0,14,7
2020-08-25,US,Illinois,Fayette,127,3,0,39.00072038,-89.02452658,17051.0,595.2380952380953,2.3622047244094486,124,120,3,0,117,115,21416,7,0,0,7,5
2020-08-25,US,Illinois,Ford,68,2,0,40.59706922,-88.22350769,17053.0,524.6508757040352,2.9411764705882355,66,70,2,0,68,70,13264,-2,0,0,-2,0
2020-08-25,US,Illinois,Franklin,298,1,0,37.99189086,-88.92567818,17055.0,774.6497179547168,0.3355704697986577,297,293,1,0,292,287,38701,5,0,0,5,6
2020-08-25,US,Illinois,Fulton,72,0,0,40.47289135,-90.20862357,17057.0,209.66802562609203,0.0,72,73,0,0,73,71,34844,-1,0,0,-1,2
2020-08-25,US,Illinois,Gallatin,60,2,0,37.76430935,-88.22953869,17059.0,1242.7506213753106,3.333333333333333,58,60,2,0,58,60,5058,0,0,0,0,0
2020-08-25,US,Illinois,Greene,97,0,0,39.35907414,-90.388865,17061.0,747.9373891587633,0.0,97,98,0,0,98,95,13044,-1,0,0,-1,3
2020-08-25,US,Illinois,Grundy,441,5,0,41.28569601,-88.41905692,17063.0,863.7912798213656,1.1337868480725624,436,436,5,0,431,432,50972,5,0,0,5,4
2020-08-25,US,Illinois,Hamilton,42,0,0,38.08163641,-88.53883373,17065.0,517.4963035978315,0.0,42,42,0,0,42,41,8163,0,0,0,0,1
2020-08-25,US,Illinois,Hancock,118,1,0,40.40423981,-91.16313899,17067.0,666.3654845267675,0.8474576271186439,117,116,1,0,115,113,17844,2,0,0,2,3
2020-08-25,US,Illinois,Hardin,18,0,0,37.51810645,-88.26873022,17069.0,471.08086888249153,0.0,18,18,0,0,18,18,3910,0,0,0,0,0
2020-08-25,US,Illinois,Henderson,37,0,0,40.81908672,-90.92491462,17071.0,556.7258501354198,0.0,37,36,0,0,36,35,6709,1,0,0,1,1
2020-08-25,US,Illinois,Henry,406,1,0,41.3533994,-90.13296166,17073.0,830.0451822623842,0.24630541871921185,405,396,1,0,395,378,49090,10,0,0,10,18
2020-08-25,US,Illinois,Iroquois,284,18,0,40.74717633,-87.82466784,17075.0,1047.429372280003,6.338028169014086,266,284,18,0,266,283,27604,0,0,0,0,1
2020-08-25,US,Illinois,Jackson,862,20,0,37.78595185,-89.38232563,17077.0,1518.9427312775326,2.320185614849188,842,851,20,0,831,835,57419,11,0,0,11,16
2020-08-25,US,Illinois,Jasper,91,7,0,39.01054275,-88.15437049,17079.0,946.930280957336,7.6923076923076925,84,89,7,0,82,89,9611,2,0,0,2,0
2020-08-25,US,Illinois,Jefferson,411,31,0,38.29980057,-88.9240025,17081.0,1090.6485511092242,7.542579075425791,380,402,31,0,371,392,37820,9,0,0,9,10
2020-08-25,US,Illinois,Jersey,239,3,0,39.08869046,-90.35393073,17083.0,1097.689799292702,1.2552301255230125,236,229,2,0,227,223,21847,10,1,0,9,6
2020-08-25,US,Illinois,Jo Daviess,168,2,0,42.36542373,-90.21094405,17085.0,791.1466917824347,1.1904761904761905,166,166,2,0,164,165,21366,2,0,0,2,1
2020-08-25,US,Illinois,Johnson,96,0,0,37.45939802,-88.88165419,17087.0,773.1336071514859,0.0,96,95,0,0,95,92,12456,1,0,0,1,3
2020-08-25,US,Illinois,Kane,10857,308,0,41.93842729,-88.42861412,17089.0,2039.244707486622,2.8368794326241136,10549,10796,308,0,10488,10759,534216,61,0,0,61,37
2020-08-25,US,Illinois,Kankakee,2064,71,0,41.13746989,-87.86205334,17091.0,1878.720576723526,3.439922480620155,1993,2050,71,0,1979,2033,110024,14,0,0,14,17
2020-08-25,US,Illinois,Kendall,1601,23,0,41.59081014,-88.42869583,17093.0,1241.181486936972,1.4366021236727045,1578,1588,23,0,1565,1579,127915,13,0,0,13,9
2020-08-25,US,Illinois,Knox,429,3,0,40.93148779,-90.21330340000002,17095.0,863.1964425843578,0.6993006993006993,426,425,3,0,422,422,50112,4,0,0,4,3
2020-08-25,US,Illinois,LaSalle,1128,42,0,41.34426129999999,-88.88633881,17099.0,1038.0145211605886,3.723404255319149,1086,1115,39,0,1076,1093,109430,13,3,0,10,22
2020-08-25,US,Illinois,Lake,14027,459,0,42.3224907,-88.00367925,17097.0,2013.8255794755469,3.2722606401939123,13568,13937,455,0,13482,13857,700832,90,4,0,86,80
2020-08-25,US,Illinois,Lawrence,89,0,0,38.71987914,-87.72884035,17101.0,567.6744482714632,0.0,89,87,0,0,87,81,15765,2,0,0,2,6
2020-08-25,US,Illinois,Lee,218,1,0,41.74583951,-89.29977132,17103.0,639.3711872360393,0.4587155963302753,217,218,1,0,217,215,34223,0,0,0,0,3
2020-08-25,US,Illinois,Livingston,173,3,0,40.89188292,-88.55784752,17105.0,485.3007181328545,1.7341040462427746,170,170,3,0,167,166,35761,3,0,0,3,4
2020-08-25,US,Illinois,Logan,237,1,0,40.12581572,-89.36638784,17107.0,828.1501153120413,0.4219409282700422,236,228,1,0,227,228,28925,9,0,0,9,0
2020-08-25,US,Illinois,Macon,866,24,0,39.86064913,-88.96342505,17115.0,832.6202540164792,2.771362586605081,842,852,24,0,828,835,104712,14,0,0,14,17
2020-08-25,US,Illinois,Macoupin,302,3,0,39.26119767,-89.92424028,17117.0,672.2165338556738,0.9933774834437086,299,301,3,0,298,296,45313,1,0,0,1,5
2020-08-25,US,Illinois,Madison,3666,92,0,38.83042506,-89.90422563,17119.0,1394.0965752226525,2.5095471903982536,3574,3606,91,0,3515,3562,264461,60,1,0,59,44
2020-08-25,US,Illinois,Marion,245,0,0,38.64963204,-88.91899208,17121.0,658.513640639699,0.0,245,234,0,0,234,231,37620,11,0,0,11,3
2020-08-25,US,Illinois,Marshall,40,0,0,41.0327901,-89.34510444,17123.0,349.7114880223816,0.0,40,39,0,0,39,39,11534,1,0,0,1,0
2020-08-25,US,Illinois,Mason,73,1,0,40.23917274,-89.91824452,17125.0,546.448087431694,1.3698630136986298,72,72,1,0,71,72,13565,1,0,0,1,0
2020-08-25,US,Illinois,Massac,60,1,0,37.22078441,-88.71036614,17127.0,435.6665698518734,1.6666666666666667,59,56,0,0,56,52,14080,4,1,0,3,4
2020-08-25,US,Illinois,McDonough,165,15,0,40.45674722,-90.67775541,17109.0,555.8924600768142,9.090909090909092,150,161,15,0,146,161,29955,4,0,0,4,0
2020-08-25,US,Illinois,McHenry,3667,115,0,42.32451172,-88.45248227,17111.0,1191.4586677237194,3.1360785383146985,3552,3620,115,0,3505,3589,308570,47,0,0,47,31
2020-08-25,US,Illinois,McLean,1188,16,0,40.48996987,-88.84621113,17113.0,692.6427118011626,1.3468013468013469,1172,1138,16,0,1122,1082,172828,50,0,0,50,56
2020-08-25,US,Illinois,Menard,67,0,0,40.02742725,-89.80246001,17129.0,549.3604460478846,0.0,67,63,0,0,63,63,12288,4,0,0,4,0
2020-08-25,US,Illinois,Mercer,91,4,0,41.20596782,-90.74290052,17131.0,589.492777093995,4.395604395604397,87,90,4,0,86,90,15601,1,0,0,1,0
2020-08-25,US,Illinois,Monroe,413,14,0,38.27594376,-90.17761038,17133.0,1192.36654444669,3.3898305084745757,399,402,14,0,388,398,34335,11,0,0,11,4
2020-08-25,US,Illinois,Montgomery,230,8,0,39.23198845,-89.47809254,17135.0,809.4601252903499,3.4782608695652173,222,223,8,0,215,218,28601,7,0,0,7,5
2020-08-25,US,Illinois,Morgan,459,17,0,39.71654544,-90.20255104,17137.0,1363.7173925961138,3.703703703703704,442,448,17,0,431,447,33976,11,0,0,11,1
2020-08-25,US,Illinois,Moultrie,136,0,0,39.64187451,-88.62099969,17139.0,937.8663540445486,0.0,136,133,0,0,133,133,14717,3,0,0,3,0
2020-08-25,US,Illinois,Ogle,459,5,0,42.04165196,-89.32184679,17141.0,906.3444108761328,1.0893246187363834,454,459,5,0,454,453,50923,0,0,0,0,6
2020-08-25,US,Illinois,Out of IL,1,0,0,0.0,0.0,80017.0,0.0,0.0,1,1,0,0,1,,,0,0,0,0,
2020-08-25,US,Illinois,Peoria,2220,39,0,40.78702156,-89.76078901,17143.0,1238.984479207943,1.7567567567567568,2181,2190,38,0,2152,2165,180621,30,1,0,29,25
2020-08-25,US,Illinois,Perry,272,6,0,38.08510853,-89.36856219,17145.0,1300.4398546567222,2.2058823529411766,266,271,6,0,265,266,21174,1,0,0,1,5
2020-08-25,US,Illinois,Piatt,70,0,0,40.01360584,-88.59319339,17147.0,428.2917278511992,0.0,70,70,0,0,70,71,16396,0,0,0,0,-1
2020-08-25,US,Illinois,Pike,63,0,0,39.62265059,-90.8877017,17149.0,404.85829959514166,0.0,63,57,0,0,57,52,15611,6,0,0,6,5
2020-08-25,US,Illinois,Pope,11,0,0,37.41391284,-88.56152109,17151.0,263.3468996887718,0.0,11,11,0,0,11,11,4212,0,0,0,0,0
2020-08-25,US,Illinois,Pulaski,107,1,0,37.22631423,-89.13085001,17153.0,2005.623242736645,0.9345794392523364,106,106,1,0,105,105,5463,1,0,0,1,1
2020-08-25,US,Illinois,Putnam,13,0,0,41.2013541,-89.2869272,17155.0,226.5202997037812,0.0,13,13,0,0,13,13,5740,0,0,0,0,0
2020-08-25,US,Illinois,Randolph,667,7,0,38.05095369,-89.82512254,17157.0,2098.6722043924233,1.0494752623688155,660,647,7,0,640,642,32106,20,0,0,20,5
2020-08-25,US,Illinois,Richland,58,1,0,38.71240969,-88.08475366,17159.0,373.87997163669183,1.7241379310344829,57,54,1,0,53,53,15763,4,0,0,4,1
2020-08-25,US,Illinois,Rock Island,2054,47,0,41.46613806,-90.57042164,17161.0,1447.7124874012366,2.2882181110029207,2007,2026,46,0,1980,2000,143477,28,1,0,27,26
2020-08-25,US,Illinois,Saline,155,3,0,37.75332999,-88.54119706,17165.0,659.8271678515176,1.935483870967742,152,155,2,0,153,155,23906,0,1,0,-1,0
2020-08-25,US,Illinois,Sangamon,1656,37,0,39.75836914,-89.65872023,17167.0,850.6616257088847,2.2342995169082127,1619,1637,37,0,1600,1612,195348,19,0,0,19,25
2020-08-25,US,Illinois,Schuyler,19,0,0,40.157179799999994,-90.61114163,17169.0,280.73286052009456,0.0,19,19,0,0,19,19,6907,0,0,0,0,0
2020-08-25,US,Illinois,Scott,41,0,0,39.642916899999996,-90.47814431,17171.0,828.115532215714,0.0,41,41,0,0,41,40,4926,0,0,0,0,1
2020-08-25,US,Illinois,Shelby,158,3,0,39.39133527,-88.80611122,17173.0,730.3318849958397,1.8987341772151896,155,153,2,0,151,150,21741,5,1,0,4,3
2020-08-25,US,Illinois,St. Clair,5010,166,0,38.46996033,-89.93063427,17163.0,1929.2530209560773,3.3133732534930136,4844,4958,166,0,4792,4882,261059,52,0,0,52,76
2020-08-25,US,Illinois,Stark,10,0,0,41.09309773,-89.79745866,17175.0,187.19580681392742,0.0,10,10,0,0,10,9,5427,0,0,0,0,1
2020-08-25,US,Illinois,Stephenson,369,6,0,42.35129217,-89.662598,17177.0,829.2507528428242,1.6260162601626016,363,368,6,0,362,364,44753,1,0,0,1,4
2020-08-25,US,Illinois,Tazewell,971,9,0,40.50716185,-89.51404662,17179.0,736.7055378102167,0.9268795056642636,962,951,9,0,942,929,132328,20,0,0,20,22
2020-08-25,US,Illinois,Unassigned,1497,209,0,0.0,0.0,90017.0,0.0,13.961255845023382,1288,1463,209,0,1254,1461,,34,0,0,34,2
2020-08-25,US,Illinois,Union,402,23,0,37.47119609,-89.25548938,17181.0,2413.979463159791,5.721393034825871,379,400,23,0,377,393,16841,2,0,0,2,7
2020-08-25,US,Illinois,Vermilion,302,3,0,40.18417171,-87.73384359,17183.0,398.6377676285013,0.9933774834437086,299,298,2,0,296,293,76806,4,1,0,3,5
2020-08-25,US,Illinois,Wabash,94,1,0,38.44272901,-87.84922065,17185.0,815.9722222222223,1.0638297872340423,93,93,1,0,92,89,11549,1,0,0,1,4
2020-08-25,US,Illinois,Warren,231,0,0,40.84925021,-90.6147432,17187.0,1371.4082165756352,0.0,231,230,0,0,230,228,17032,1,0,0,1,2
2020-08-25,US,Illinois,Washington,98,1,0,38.35309213,-89.40982703,17189.0,705.6959746525528,1.020408163265306,97,92,1,0,91,88,13995,6,0,0,6,4
2020-08-25,US,Illinois,Wayne,88,2,0,38.42955355,-88.42586459,17191.0,542.7073697193956,2.272727272727273,86,86,2,0,84,86,16332,2,0,0,2,0
2020-08-25,US,Illinois,White,113,0,0,38.08706198,-88.17657461,17193.0,834.7492058801802,0.0,113,113,0,0,113,112,13665,0,0,0,0,1
2020-08-25,US,Illinois,Whiteside,456,18,0,41.75509713,-89.91556058,17195.0,826.4612596284552,3.947368421052632,438,444,18,0,426,440,55626,12,0,0,12,4
2020-08-25,US,Illinois,Will,10927,354,0,41.44619267,-87.97862712,17197.0,1581.919758868349,3.2396815228333486,10573,10830,354,0,10476,10760,692310,97,0,0,97,70
2020-08-25,US,Illinois,Williamson,747,10,0,37.73033511,-88.92994027,17199.0,1121.6721473940268,1.3386880856760377,737,716,9,0,707,695,67056,31,1,0,30,21
2020-08-25,US,Illinois,Winnebago,4087,144,0,42.33641854,-89.16085327,17201.0,1446.3570346672711,3.5233667726939077,3943,4069,139,0,3930,4048,284081,18,5,0,13,21
2020-08-25,US,Illinois,Woodford,245,3,0,40.78579374,-89.20973757,17203.0,637.0420447749551,1.2244897959183674,242,242,3,0,239,237,38463,3,0,0,3,5
2020-08-25,US,Indiana,Adams,161,2,0,40.7457653,-84.93671406,18001.0,450.00978282136566,1.2422360248447204,159,160,2,0,158,157,35636,1,0,0,1,3
2020-08-25,US,Indiana,Allen,4714,173,0,41.09194313,-85.06800636,18003.0,1242.8189897679667,3.6699193890538817,4541,4650,172,0,4478,4552,375351,64,1,0,63,98
2020-08-25,US,Indiana,Bartholomew,1023,50,0,39.20744865,-85.89558181,18005.0,1221.0697191420286,4.887585532746823,973,1013,50,0,963,990,82753,10,0,0,10,23
2020-08-25,US,Indiana,Benton,76,0,0,40.60626947,-87.31093999,18007.0,868.7700045724738,0.0,76,76,0,0,76,76,8653,0,0,0,0,0
2020-08-25,US,Indiana,Blackford,70,2,0,40.47388153,-85.32499702,18009.0,595.3393434257526,2.8571428571428568,68,70,2,0,68,70,11930,0,0,0,0,0
2020-08-25,US,Indiana,Boone,789,46,0,40.0509304,-86.46841646,18011.0,1162.9792314608728,5.830164765525982,743,785,46,0,739,779,66999,4,0,0,4,6
2020-08-25,US,Indiana,Brown,83,2,0,39.19605589,-86.22868909,18013.0,549.9602438377949,2.409638554216868,81,83,2,0,81,82,15234,0,0,0,0,1
2020-08-25,US,Indiana,Carroll,249,12,0,40.580783200000006,-86.56198812,18015.0,1229.2047193562719,4.819277108433735,237,249,11,0,238,246,20127,0,1,0,-1,3
2020-08-25,US,Indiana,Cass,1844,9,0,40.76135835,-86.34830753,18017.0,4892.6742550876925,0.4880694143167028,1835,1842,9,0,1833,1840,37955,2,0,0,2,2
2020-08-25,US,Indiana,Clark,1625,51,0,38.48015445,-85.70510334,18019.0,1373.6031512569525,3.1384615384615384,1574,1601,51,0,1550,1567,117360,24,0,0,24,34
2020-08-25,US,Indiana,Clay,209,5,0,39.39561833,-87.11723506,18021.0,796.9494756911345,2.392344497607656,204,207,5,0,202,205,26170,2,0,0,2,2
2020-08-25,US,Indiana,Clinton,523,6,0,40.30319754,-86.47277257,18023.0,1614.247353313374,1.147227533460803,517,521,6,0,515,503,32250,2,0,0,2,18
2020-08-25,US,Indiana,Crawford,56,0,0,38.28814402,-86.44518825,18025.0,529.450694904037,0.0,56,55,0,0,55,55,10558,1,0,0,1,0
2020-08-25,US,Indiana,Daviess,416,23,0,38.70186039,-87.07185406,18027.0,1247.3389103774996,5.528846153846153,393,407,23,0,384,399,33147,9,0,0,9,8
2020-08-25,US,Indiana,DeKalb,294,4,0,41.39804622,-84.99906934,18033.0,676.2507188039102,1.3605442176870748,290,286,4,0,282,277,43226,8,0,0,8,9
2020-08-25,US,Indiana,Dearborn,558,28,0,39.14647946,-84.97333539,18029.0,1128.230013344656,5.017921146953405,530,556,28,0,528,553,49568,2,0,0,2,3
2020-08-25,US,Indiana,Decatur,376,34,0,39.30712658,-85.50087166,18031.0,1415.7159531608872,9.04255319148936,342,374,33,0,341,369,26794,2,1,0,1,5
2020-08-25,US,Indiana,Delaware,908,54,0,40.22787247,-85.39732772,18035.0,795.5491304157358,5.9471365638766525,854,897,53,0,844,866,114772,11,1,0,10,31
2020-08-25,US,Indiana,Dubois,804,17,0,38.36597551,-86.87924170000002,18037.0,1881.3178584799696,2.114427860696517,787,796,17,0,779,793,42565,8,0,0,8,3
2020-08-25,US,Indiana,Elkhart,5398,97,0,41.59761169,-85.85875695,18039.0,2616.0578847635707,1.7969618377176733,5301,5384,95,0,5289,5340,205560,14,2,0,12,44
2020-08-25,US,Indiana,Fayette,295,8,0,39.63684962,-85.17797541,18041.0,1276.9457189853692,2.7118644067796613,287,282,8,0,274,277,23047,13,0,0,13,5
2020-08-25,US,Indiana,Floyd,1010,54,0,38.32117957,-85.90385377,18043.0,1286.2637222689184,5.346534653465347,956,997,54,0,943,979,77781,13,0,0,13,18
2020-08-25,US,Indiana,Fountain,83,2,0,40.12361933,-87.24217689,18045.0,507.7694848892696,2.409638554216868,81,82,2,0,80,81,16351,1,0,0,1,1
2020-08-25,US,Indiana,Franklin,264,23,0,39.4142482,-85.06062647,18047.0,1160.03163722647,8.712121212121213,241,261,22,0,239,261,22736,3,1,0,2,0
2020-08-25,US,Indiana,Fulton,198,2,0,41.0469907,-86.26252745,18049.0,991.2886752778612,1.0101010101010102,196,196,2,0,194,192,20092,2,0,0,2,4
2020-08-25,US,Indiana,Gibson,294,4,0,38.30393723,-87.58054938,18051.0,873.4662348851718,1.3605442176870748,290,288,4,0,284,285,33452,6,0,0,6,3
2020-08-25,US,Indiana,Grant,606,30,0,40.51587228,-85.65468702,18053.0,921.4067417780414,4.950495049504951,576,601,30,0,571,579,65936,5,0,0,5,22
2020-08-25,US,Indiana,Greene,338,35,0,39.03630547,-86.96223202,18055.0,1058.8309003195288,10.355029585798817,303,335,35,0,300,326,32006,3,0,0,3,9
2020-08-25,US,Indiana,Hamilton,3588,106,0,40.07306535,-86.05244729,18057.0,1061.5039155530442,2.9542920847268674,3482,3529,106,0,3423,3423,330086,59,0,0,59,106
2020-08-25,US,Indiana,Hancock,780,41,0,39.82304555,-85.77566351,18059.0,997.8507829290759,5.256410256410256,739,777,41,0,736,750,76351,3,0,0,3,27
2020-08-25,US,Indiana,Harrison,449,24,0,38.19467379,-86.10948271,18061.0,1108.2315191904233,5.34521158129176,425,437,24,0,413,435,40350,12,0,0,12,2
2020-08-25,US,Indiana,Hendricks,2188,111,0,39.76719009,-86.51037283,18063.0,1284.7085625708266,5.073126142595978,2077,2171,110,0,2061,2152,167009,17,1,0,16,19
2020-08-25,US,Indiana,Henry,560,21,0,39.93029017,-85.39625719,18065.0,1167.347619444676,3.75,539,555,21,0,534,534,48271,5,0,0,5,21
2020-08-25,US,Indiana,Howard,1031,61,0,40.48527731,-86.11351892,18067.0,1249.0308199263422,5.9165858389912716,970,1026,61,0,965,1022,82366,5,0,0,5,4
2020-08-25,US,Indiana,Huntington,153,3,0,40.82907273,-85.48822092,18069.0,418.9485213581599,1.96078431372549,150,154,3,0,151,152,36240,-1,0,0,-1,2
2020-08-25,US,Indiana,Jackson,673,7,0,38.90915820000001,-86.03851889,18071.0,1521.5572788315887,1.0401188707280833,666,672,7,0,665,653,44111,1,0,0,1,19
2020-08-25,US,Indiana,Jasper,302,2,0,41.02078733,-87.11553319,18073.0,899.8271855074191,0.6622516556291391,300,301,2,0,299,298,33370,1,0,0,1,3
2020-08-25,US,Indiana,Jay,114,0,0,40.43781032,-85.00576229,18075.0,557.8391074574281,0.0,114,114,0,0,114,111,20764,0,0,0,0,3
2020-08-25,US,Indiana,Jefferson,199,3,0,38.78576239,-85.43633383,18077.0,615.9465147950973,1.5075376884422111,196,198,3,0,195,193,32208,1,0,0,1,5
2020-08-25,US,Indiana,Jennings,259,12,0,38.99588883,-85.62710784,18079.0,933.8381106904633,4.633204633204633,247,254,12,0,242,244,27611,5,0,0,5,10
2020-08-25,US,Indiana,Johnson,1956,120,0,39.48994426,-86.10149107,18081.0,1236.6675728818275,6.1349693251533735,1836,1942,120,0,1822,1917,156225,14,0,0,14,25
2020-08-25,US,Indiana,Knox,282,3,0,38.68861576,-87.4194665,18083.0,770.6181341203476,1.0638297872340423,279,279,3,0,276,272,36895,3,0,0,3,7
2020-08-25,US,Indiana,Kosciusko,994,12,0,41.24521668,-85.86312322,18085.0,1251.0068465565848,1.2072434607645874,982,986,12,0,974,902,79344,8,0,0,8,84
2020-08-25,US,Indiana,LaGrange,582,11,0,41.64232188,-85.42674232,18087.0,1469.1775634876556,1.8900343642611683,571,581,11,0,570,581,39330,1,0,0,1,0
2020-08-25,US,Indiana,LaPorte,1122,31,0,41.54366008,-86.74072188,18091.0,1021.039603960396,2.762923351158645,1091,1114,31,0,1083,1097,110007,8,0,0,8,17
2020-08-25,US,Indiana,Lake,8744,292,0,41.41874274,-87.38277575,18089.0,1801.0558339667102,3.339432753888381,8452,8700,292,0,8408,8593,484411,44,0,0,44,107
2020-08-25,US,Indiana,Lawrence,424,27,0,38.84112637,-86.48361629,18093.0,934.538241128499,6.367924528301888,397,418,27,0,391,385,45668,6,0,0,6,33
2020-08-25,US,Indiana,Madison,1213,67,0,40.16143691,-85.71964711,18095.0,936.1807222406592,5.523495465787303,1146,1201,67,0,1134,1183,129641,12,0,0,12,18
2020-08-25,US,Indiana,Marion,17690,745,0,39.78163624,-86.13826325,18097.0,1833.9550188579087,4.2114188807235715,16945,17593,743,0,16850,17424,954670,97,2,0,95,169
2020-08-25,US,Indiana,Marshall,858,23,0,41.32467367,-86.26185087,18099.0,1854.8143023909372,2.6806526806526807,835,858,23,0,835,853,46248,0,0,0,0,5
2020-08-25,US,Indiana,Martin,78,0,0,38.7099921,-86.80373186,18101.0,760.6045831301802,0.0,78,75,0,0,75,71,10217,3,0,0,3,4
2020-08-25,US,Indiana,Miami,307,2,0,40.76940965,-86.04525048,18103.0,864.3991440477531,0.6514657980456026,305,306,2,0,304,300,35567,1,0,0,1,6
2020-08-25,US,Indiana,Monroe,968,36,0,39.16130004,-86.52414358,18105.0,652.1548733081364,3.71900826446281,932,952,36,0,916,858,146917,16,0,0,16,94
2020-08-25,US,Indiana,Montgomery,388,21,0,40.04034823,-86.89335024,18107.0,1012.0507068704679,5.41237113402062,367,388,21,0,367,386,38346,0,0,0,0,2
2020-08-25,US,Indiana,Morgan,555,35,0,39.47899078,-86.44573375,18109.0,787.3568925647974,6.306306306306308,520,553,35,0,518,541,70116,2,0,0,2,12
2020-08-25,US,Indiana,Newton,133,10,0,40.95610449,-87.39635768,18111.0,951.0869565217392,7.518796992481202,123,133,10,0,123,128,14011,0,0,0,0,5
2020-08-25,US,Indiana,Noble,775,30,0,41.39672484,-85.41966713,18113.0,1623.240616621984,3.870967741935484,745,773,30,0,743,766,47532,2,0,0,2,7
2020-08-25,US,Indiana,Ohio,70,7,0,38.955304999999996,-84.96515993,18115.0,1191.4893617021276,10.0,63,70,7,0,63,70,5844,0,0,0,0,0
2020-08-25,US,Indiana,Orange,216,24,0,38.54118920000001,-86.49523093,18117.0,1099.4604499643694,11.111111111111109,192,214,24,0,190,209,19489,2,0,0,2,5
2020-08-25,US,Indiana,Owen,133,1,0,39.31145587,-86.83900724,18119.0,639.4538198951873,0.7518796992481203,132,132,1,0,131,132,20845,1,0,0,1,0
2020-08-25,US,Indiana,Parke,75,2,0,39.77202286,-87.20375833,18121.0,442.8175001476058,2.6666666666666665,73,75,2,0,73,75,16927,0,0,0,0,0
2020-08-25,US,Indiana,Perry,195,13,0,38.07809328,-86.63741946,18123.0,1017.2674630914496,6.666666666666668,182,195,13,0,182,194,19102,0,0,0,0,1
2020-08-25,US,Indiana,Pike,82,1,0,38.40112197,-87.23574907,18125.0,661.8774719509242,1.2195121951219512,81,80,1,0,79,80,12410,2,0,0,2,0
2020-08-25,US,Indiana,Porter,1599,41,0,41.45986947,-87.06848888,18127.0,938.4408617927213,2.5641025641025643,1558,1582,40,0,1542,1565,169594,17,1,0,16,17
2020-08-25,US,Indiana,Posey,202,0,0,38.02097333,-87.86480429,18129.0,794.4311165296733,0.0,202,202,0,0,202,199,25540,0,0,0,0,3
2020-08-25,US,Indiana,Pulaski,92,1,0,41.04166107,-86.69890683,18131.0,744.758358293532,1.0869565217391304,91,92,1,0,91,91,12469,0,0,0,0,1
2020-08-25,US,Indiana,Putnam,406,8,0,39.66437981,-86.84517605,18133.0,1080.4769001490313,1.9704433497536944,398,401,8,0,393,397,37779,5,0,0,5,4
2020-08-25,US,Indiana,Randolph,151,7,0,40.15734772,-85.01139319,18135.0,612.2035272653558,4.635761589403972,144,150,6,0,144,143,24851,1,1,0,0,7
2020-08-25,US,Indiana,Ripley,235,8,0,39.10235626,-85.26212744,18137.0,829.6850727298404,3.404255319148936,227,234,8,0,226,234,28523,1,0,0,1,0
2020-08-25,US,Indiana,Rush,128,4,0,39.62002287,-85.4655599,18139.0,771.9679150835292,3.125,124,127,4,0,123,126,16663,1,0,0,1,1
2020-08-25,US,Indiana,Scott,305,10,0,38.68672078,-85.74627859,18143.0,1277.593934570435,3.278688524590164,295,303,10,0,293,299,23878,2,0,0,2,4
2020-08-25,US,Indiana,Shelby,608,28,0,39.52305623,-85.79158570000001,18145.0,1359.2971003152318,4.605263157894737,580,607,28,0,579,605,44593,1,0,0,1,2
2020-08-25,US,Indiana,Spencer,150,3,0,38.01519732,-87.0079644,18147.0,739.7544015386893,2.0,147,150,3,0,147,148,20327,0,0,0,0,2
2020-08-25,US,Indiana,St. Joseph,4692,90,0,41.61756781,-86.29040834,18141.0,1726.1041990096605,1.918158567774936,4602,4540,88,0,4452,4229,270771,152,2,0,150,311
2020-08-25,US,Indiana,Starke,191,7,0,41.27890281,-86.64686895,18149.0,830.6153511632964,3.6649214659685865,184,189,7,0,182,186,22935,2,0,0,2,3
2020-08-25,US,Indiana,Steuben,246,3,0,41.64423868,-85.00101094,18151.0,711.1059721338962,1.2195121951219512,243,246,3,0,243,241,34586,0,0,0,0,5
2020-08-25,US,Indiana,Sullivan,266,6,0,39.08952258,-87.41414469,18153.0,1286.9514732207656,2.255639097744361,260,258,5,0,253,257,20690,8,1,0,7,1
2020-08-25,US,Indiana,Switzerland,63,0,0,38.82767338,-85.03022429,18155.0,585.9920007441167,0.0,63,63,0,0,63,63,10717,0,0,0,0,0
2020-08-25,US,Indiana,Tippecanoe,1475,13,0,40.38872739,-86.89413959,18157.0,753.5814276664009,0.8813559322033898,1462,1464,13,0,1451,1442,193048,11,0,0,11,22
2020-08-25,US,Indiana,Tipton,172,19,0,40.31123252,-86.05234925,18159.0,1135.4634275151836,11.046511627906975,153,170,19,0,151,170,15128,2,0,0,2,0
2020-08-25,US,Indiana,Unassigned,0,218,0,0.0,0.0,90018.0,0.0,0.0,-218,0,217,0,-217,0,,0,1,0,-1,0
2020-08-25,US,Indiana,Union,57,0,0,39.62550777,-84.92497066,18161.0,808.0521689821378,0.0,57,57,0,0,57,54,7037,0,0,0,0,3
2020-08-25,US,Indiana,Vanderburgh,2382,17,0,38.02658833,-87.58763124,18163.0,1312.7511008481627,0.7136859781696053,2365,2361,17,0,2344,2331,180974,21,0,0,21,30
2020-08-25,US,Indiana,Vermillion,81,0,0,39.8523352,-87.46160542,18165.0,522.6480836236934,0.0,81,81,0,0,81,78,15479,0,0,0,0,3
2020-08-25,US,Indiana,Vigo,1075,15,0,39.42944561,-87.39169027,18167.0,1004.3162241446963,1.3953488372093024,1060,1046,15,0,1031,1034,107386,29,0,0,29,12
2020-08-25,US,Indiana,Wabash,199,5,0,40.84704239,-85.79328272,18169.0,642.0183249451543,2.512562814070352,194,195,5,0,190,194,31280,4,0,0,4,1
2020-08-25,US,Indiana,Warren,35,1,0,40.34728141,-87.35602659,18171.0,423.4724742891712,2.8571428571428568,34,34,1,0,33,34,8263,1,0,0,1,0
2020-08-25,US,Indiana,Warrick,706,30,0,38.08922676,-87.2716085,18173.0,1120.6704974761103,4.2492917847025495,676,699,30,0,669,684,62567,7,0,0,7,15
2020-08-25,US,Indiana,Washington,195,1,0,38.60219804,-86.1049363,18175.0,695.5343130261093,0.5128205128205128,194,190,1,0,189,184,27943,5,0,0,5,6
2020-08-25,US,Indiana,Wayne,499,10,0,39.863344399999995,-85.01044989,18177.0,757.391779491227,2.004008016032064,489,490,10,0,480,472,65936,9,0,0,9,18
2020-08-25,US,Indiana,Wells,200,2,0,40.72934187,-85.22132966,18179.0,706.8136839129205,1.0,198,195,2,0,193,190,28206,5,0,0,5,5
2020-08-25,US,Indiana,White,417,11,0,40.74911165,-86.86492015,18181.0,1730.1468757779435,2.6378896882494005,406,414,11,0,403,414,24133,3,0,0,3,0
2020-08-25,US,Indiana,Whitley,194,6,0,41.13863784,-85.50791236,18183.0,571.1930279119067,3.0927835051546397,188,192,6,0,186,185,34074,2,0,0,2,7
2020-08-25,US,Iowa,Adair,43,1,0,41.33075609,-94.47105874,19001.0,601.2304250559283,2.3255813953488373,42,43,1,0,42,43,7063,0,0,0,0,0
2020-08-25,US,Iowa,Adams,20,0,0,41.02903567,-94.69932645,19003.0,555.247084952804,0.0,20,20,0,0,20,20,3645,0,0,0,0,0
2020-08-25,US,Iowa,Allamakee,168,4,0,43.28383218,-91.37860922,19005.0,1227.4420983414916,2.380952380952381,164,168,4,0,164,167,13832,0,0,0,0,1
2020-08-25,US,Iowa,Appanoose,68,3,0,40.74324454,-92.86865906,19007.0,547.2396587799775,4.411764705882354,65,66,3,0,63,66,12437,2,0,0,2,0
2020-08-25,US,Iowa,Audubon,36,1,0,41.6844628,-94.90581859,19009.0,655.0218340611352,2.7777777777777777,35,36,1,0,35,35,5506,0,0,0,0,1
2020-08-25,US,Iowa,Benton,183,1,0,42.08011739,-92.06463573,19011.0,713.5893936439853,0.5464480874316939,182,182,1,0,181,182,25642,1,0,0,1,0
2020-08-25,US,Iowa,Black Hawk,3536,72,0,42.4704581,-92.30524729,19013.0,2694.5468954796233,2.0361990950226243,3464,3522,71,0,3451,3513,132408,14,1,0,13,9
2020-08-25,US,Iowa,Boone,322,3,0,42.03657094,-93.9313999,19015.0,1227.414805214607,0.9316770186335404,319,322,3,0,319,315,26346,0,0,0,0,7
2020-08-25,US,Iowa,Bremer,267,7,0,42.77461496,-92.31795937,19017.0,1065.3579123773043,2.621722846441948,260,265,7,0,258,265,24947,2,0,0,2,0
2020-08-25,US,Iowa,Buchanan,165,1,0,42.4709188,-91.83510825,19019.0,779.2207792207793,0.6060606060606061,164,164,1,0,163,164,21199,1,0,0,1,0
2020-08-25,US,Iowa,Buena Vista,1817,12,0,42.73545875,-95.15100162,19021.0,9260.958205912337,0.6604292790313704,1805,1817,12,0,1805,1815,19874,0,0,0,0,2
2020-08-25,US,Iowa,Butler,168,2,0,42.73172833,-92.79015971,19023.0,1163.5154789112821,1.1904761904761905,166,163,2,0,161,163,14539,5,0,0,5,0
2020-08-25,US,Iowa,Calhoun,104,2,0,42.38521079,-94.64046046,19025.0,1075.7136946628052,1.9230769230769231,102,102,2,0,100,101,9699,2,0,0,2,1
2020-08-25,US,Iowa,Carroll,311,2,0,42.03617207,-94.86032705,19027.0,1542.2762211753036,0.6430868167202572,309,306,2,0,304,297,20154,5,0,0,5,9
2020-08-25,US,Iowa,Cass,105,2,0,41.33149454,-94.92792482,19029.0,818.0118416952322,1.9047619047619049,103,104,2,0,102,105,12930,1,0,0,1,-1
2020-08-25,US,Iowa,Cedar,146,1,0,41.77233777,-91.13246684,19031.0,783.8084500993183,0.6849315068493149,145,146,1,0,145,146,18627,0,0,0,0,0
2020-08-25,US,Iowa,Cerro Gordo,724,20,0,43.08177563,-93.2612239,19033.0,1705.5359246171963,2.7624309392265194,704,720,20,0,700,715,42647,4,0,0,4,5
2020-08-25,US,Iowa,Cherokee,129,1,0,42.73538914,-95.62389402,19035.0,1148.1975967957276,0.7751937984496124,128,126,1,0,125,126,11321,3,0,0,3,0
2020-08-25,US,Iowa,Chickasaw,88,0,0,43.06001295,-92.31773347,19037.0,737.4507667811951,0.0,88,86,0,0,86,86,11964,2,0,0,2,0
2020-08-25,US,Iowa,Clarke,218,3,0,41.02868181,-93.78499767,19039.0,2320.3831825439065,1.3761467889908257,215,216,3,0,213,216,9423,2,0,0,2,0
2020-08-25,US,Iowa,Clay,233,2,0,43.08247182,-95.15096481,19041.0,1454.7952047952049,0.8583690987124464,231,231,2,0,229,229,16134,2,0,0,2,2
2020-08-25,US,Iowa,Clayton,167,3,0,42.84443388,-91.34133693,19043.0,951.6211749957263,1.7964071856287425,164,160,3,0,157,152,17556,7,0,0,7,8
2020-08-25,US,Iowa,Clinton,697,8,0,41.89981633,-90.53275096,19045.0,1501.2169118438908,1.147776183644189,689,679,7,0,672,659,46518,18,1,0,17,20
2020-08-25,US,Iowa,Crawford,797,3,0,42.03718237,-95.3819718,19047.0,4738.4066587395955,0.37641154328732745,794,794,3,0,791,788,17158,3,0,0,3,6
2020-08-25,US,Iowa,Dallas,2134,36,0,41.68560356,-94.04127625,19049.0,2283.500797192172,1.6869728209934396,2098,2127,36,0,2091,2115,90180,7,0,0,7,12
2020-08-25,US,Iowa,Davis,78,2,0,40.74773536,-92.41005468,19051.0,866.6666666666665,2.5641025641025643,76,77,2,0,75,77,9017,1,0,0,1,0
2020-08-25,US,Iowa,Decatur,37,0,0,40.73742757,-93.78645949,19053.0,470.1397712833545,0.0,37,36,0,0,36,33,7890,1,0,0,1,3
2020-08-25,US,Iowa,Delaware,178,2,0,42.47104597,-91.3664492,19055.0,1046.3817529833636,1.1235955056179776,176,169,2,0,167,162,17069,9,0,0,9,7
2020-08-25,US,Iowa,Des Moines,438,3,0,40.92012606,-91.18326592,19057.0,1124.028023712372,0.6849315068493149,435,427,3,0,424,427,39138,11,0,0,11,0
2020-08-25,US,Iowa,Dickinson,404,5,0,43.37787725,-95.1510206,19059.0,2340.943330629273,1.2376237623762376,399,402,5,0,397,402,17153,2,0,0,2,0
2020-08-25,US,Iowa,Dubuque,1920,36,0,42.46815349,-90.88181925,19061.0,1973.055461355859,1.875,1884,1907,35,0,1872,1903,96854,13,1,0,12,4
2020-08-25,US,Iowa,Emmet,214,7,0,43.37782951,-94.67858943,19063.0,2324.066029539531,3.2710280373831777,207,214,7,0,207,212,9253,0,0,0,0,2
2020-08-25,US,Iowa,Fayette,127,1,0,42.86271799,-91.84412309999999,19065.0,646.3104325699745,0.7874015748031497,126,125,1,0,124,123,19660,2,0,0,2,2
2020-08-25,US,Iowa,Floyd,188,3,0,43.06000529999999,-92.78940097,19067.0,1201.8923411328474,1.5957446808510638,185,184,3,0,181,184,15761,4,0,0,4,0
2020-08-25,US,Iowa,Franklin,274,16,0,42.73270384,-93.26256925,19069.0,2720.953326713009,5.8394160583941614,258,275,16,0,259,275,10124,-1,0,0,-1,0
2020-08-25,US,Iowa,Fremont,54,0,0,40.74542720000001,-95.60129045,19071.0,775.8620689655173,0.0,54,54,0,0,54,55,6993,0,0,0,0,-1
2020-08-25,US,Iowa,Greene,49,0,0,42.03614551,-94.39658081,19073.0,551.3051305130513,0.0,49,47,0,0,47,45,8981,2,0,0,2,2
2020-08-25,US,Iowa,Grundy,115,1,0,42.40183723,-92.78829551,19075.0,940.1569653368216,0.8695652173913043,114,113,1,0,112,112,12304,2,0,0,2,1
2020-08-25,US,Iowa,Guthrie,159,5,0,41.68378965,-94.50111014,19077.0,1487.5105248386194,3.1446540880503147,154,157,5,0,152,157,10720,2,0,0,2,0
2020-08-25,US,Iowa,Hamilton,248,2,0,42.38382428,-93.70197703,19079.0,1678.7382386786703,0.8064516129032258,246,248,2,0,246,246,14952,0,0,0,0,2
2020-08-25,US,Iowa,Hancock,138,2,0,43.08178477,-93.73454884,19081.0,1298.2126058325493,1.4492753623188406,136,136,2,0,134,133,10712,2,0,0,2,3
2020-08-25,US,Iowa,Hardin,214,1,0,42.38353877,-93.23654611,19083.0,1270.3312359016975,0.4672897196261682,213,214,1,0,213,213,16868,0,0,0,0,1
2020-08-25,US,Iowa,Harrison,139,1,0,41.68330137,-95.81558439,19085.0,989.3942629368636,0.7194244604316546,138,137,1,0,136,135,14134,2,0,0,2,2
2020-08-25,US,Iowa,Henry,205,4,0,40.98767962,-91.54436349,19087.0,1027.3629347499248,1.951219512195122,201,205,4,0,201,202,20067,0,0,0,0,3
2020-08-25,US,Iowa,Howard,109,1,0,43.35671042,-92.31702714,19089.0,1190.2162044114434,0.9174311926605504,108,89,0,0,89,87,9187,20,1,0,19,2
2020-08-25,US,Iowa,Humboldt,100,2,0,42.7764426,-94.20722537,19091.0,1046.2439840970917,2.0,98,100,2,0,98,100,9547,0,0,0,0,0
2020-08-25,US,Iowa,Ida,37,0,0,42.38696136,-95.51355387,19093.0,539.3586005830904,0.0,37,36,0,0,36,36,6841,1,0,0,1,0
2020-08-25,US,Iowa,Iowa,107,1,0,41.68630265,-92.0643373,19095.0,661.1468116658427,0.9345794392523364,106,107,1,0,106,106,16141,0,0,0,0,1
2020-08-25,US,Iowa,Jackson,182,1,0,42.17178824,-90.57354837,19097.0,936.2621534029528,0.5494505494505495,181,180,1,0,179,180,19432,2,0,0,2,0
2020-08-25,US,Iowa,Jasper,527,30,0,41.68576082,-93.05567785,19099.0,1417.238133656044,5.6925996204933575,497,523,30,0,493,522,37147,4,0,0,4,1
2020-08-25,US,Iowa,Jefferson,107,0,0,41.03192394,-91.94849466,19101.0,584.8592511615195,0.0,107,105,0,0,105,103,18381,2,0,0,2,2
2020-08-25,US,Iowa,Johnson,2707,24,0,41.67169354,-91.58754744,19103.0,1791.05465131666,0.8865903213889915,2683,2592,24,0,2568,2538,151260,115,0,0,115,54
2020-08-25,US,Iowa,Jones,158,2,0,42.12118609,-91.13139641,19105.0,763.9862675886079,1.2658227848101269,156,155,2,0,153,154,20744,3,0,0,3,1
2020-08-25,US,Iowa,Keokuk,47,1,0,41.33649833,-92.1785067,19107.0,458.7155963302752,2.127659574468085,46,48,1,0,47,46,10225,-1,0,0,-1,2
2020-08-25,US,Iowa,Kossuth,113,0,0,43.20405458,-94.20691791,19109.0,762.8434483224195,0.0,113,113,0,0,113,111,14908,0,0,0,0,2
2020-08-25,US,Iowa,Lee,281,5,0,40.64181461,-91.48183025,19111.0,834.8931871527467,1.7793594306049825,276,272,5,0,267,257,34055,9,0,0,9,15
2020-08-25,US,Iowa,Linn,2781,91,0,42.07923082,-91.59809485,19113.0,1226.6988963679833,3.2722042430780296,2690,2758,91,0,2667,2745,225909,23,0,0,23,13
2020-08-25,US,Iowa,Louisa,383,14,0,41.21842119,-91.26102611,19115.0,3470.774807430901,3.655352480417754,369,382,14,0,368,382,11169,1,0,0,1,0
2020-08-25,US,Iowa,Lucas,83,5,0,41.02958964,-93.32780803,19117.0,965.1162790697673,6.024096385542169,78,83,4,0,79,80,8645,0,1,0,-1,3
2020-08-25,US,Iowa,Lyon,136,2,0,43.38107862,-96.20926845,19119.0,1156.954487452148,1.4705882352941178,134,136,2,0,134,136,11811,0,0,0,0,0
2020-08-25,US,Iowa,Madison,150,2,0,41.33081904,-94.01554631,19121.0,918.1050312155713,1.3333333333333333,148,150,2,0,148,151,16249,0,0,0,0,-1
2020-08-25,US,Iowa,Mahaska,195,18,0,41.33521503,-92.64083907,19123.0,882.5526137135097,9.23076923076923,177,166,18,0,148,158,22000,29,0,0,29,8
2020-08-25,US,Iowa,Marion,339,0,0,41.33445101,-93.09934783,19125.0,1019.4568911075693,0.0,339,324,0,0,324,306,33407,15,0,0,15,18
2020-08-25,US,Iowa,Marshall,1575,28,0,42.03586837,-92.99908190000001,19127.0,4000.6096167034975,1.7777777777777777,1547,1570,28,0,1542,1567,39981,5,0,0,5,3
2020-08-25,US,Iowa,Mills,118,1,0,41.03299766,-95.61920963,19129.0,780.9914620424913,0.8474576271186439,117,118,1,0,117,117,15063,0,0,0,0,1
2020-08-25,US,Iowa,Mitchell,91,0,0,43.35638371,-92.78887719,19131.0,859.6259210277725,0.0,91,93,0,0,93,92,10569,-2,0,0,-2,1
2020-08-25,US,Iowa,Monona,105,1,0,42.05220391,-95.95743843,19133.0,1218.8044109112013,0.9523809523809524,104,105,1,0,104,104,8679,0,0,0,0,1
2020-08-25,US,Iowa,Monroe,93,8,0,41.02988815,-92.8690667,19135.0,1206.6952121448035,8.602150537634408,85,93,8,0,85,92,7790,0,0,0,0,1
2020-08-25,US,Iowa,Montgomery,68,4,0,41.03018714,-95.15642896,19137.0,685.6912372693355,5.882352941176472,64,68,4,0,64,69,10003,0,0,0,0,-1
2020-08-25,US,Iowa,Muscatine,933,48,0,41.48370744,-91.11216970000001,19139.0,2186.8554284642787,5.144694533762059,885,928,48,0,880,924,42929,5,0,0,5,4
2020-08-25,US,Iowa,O'Brien,170,7,0,43.08310673,-95.62474482,19141.0,1236.093943139679,4.117647058823529,163,166,7,0,159,164,13840,4,0,0,4,2
2020-08-25,US,Iowa,Osceola,93,0,0,43.37824276,-95.62422844,19143.0,1560.9264853977845,0.0,93,91,0,0,91,91,6040,2,0,0,2,0
2020-08-25,US,Iowa,Page,105,0,0,40.7393172,-95.1497813,19145.0,695.0420334944066,0.0,105,104,0,0,104,107,15249,1,0,0,1,-3
2020-08-25,US,Iowa,Palo Alto,105,0,0,43.08193849,-94.67824621,19147.0,1181.6340310600945,0.0,105,105,0,0,105,105,8929,0,0,0,0,0
2020-08-25,US,Iowa,Plymouth,640,15,0,42.737633,-96.21366621,19149.0,2542.0026214402037,2.34375,625,622,15,0,607,614,25095,18,0,0,18,8
2020-08-25,US,Iowa,Pocahontas,122,2,0,42.73420133,-94.67862564,19151.0,1843.1787279045166,1.639344262295082,120,122,2,0,120,122,6740,0,0,0,0,0
2020-08-25,US,Iowa,Polk,11955,218,0,41.68679484,-93.57767461,19153.0,2438.9945344488847,1.8235048097030533,11737,11836,217,0,11619,11751,487204,119,1,0,118,85
2020-08-25,US,Iowa,Pottawattamie,1521,34,0,41.33640314,-95.53907776,19155.0,1631.8691929704096,2.2353714661406965,1487,1518,31,0,1487,1517,93533,3,3,0,0,1
2020-08-25,US,Iowa,Poweshiek,177,8,0,41.68625425,-92.53155731,19157.0,956.5499351491568,4.519774011299434,169,178,8,0,170,177,18699,-1,0,0,-1,1
2020-08-25,US,Iowa,Ringgold,30,1,0,40.73518949,-94.24368535,19159.0,612.9955046996323,3.333333333333333,29,30,1,0,29,29,4968,0,0,0,0,1
2020-08-25,US,Iowa,Sac,103,0,0,42.38624071,-95.10547892,19161.0,1059.5617734800946,0.0,103,102,0,0,102,101,9719,1,0,0,1,1
2020-08-25,US,Iowa,Scott,2025,18,0,41.63935978,-90.61959493,19163.0,1170.9060210589614,0.8888888888888888,2007,2014,19,0,1995,2002,173283,11,-1,0,12,12
2020-08-25,US,Iowa,Shelby,209,1,0,41.6850066,-95.31015553,19165.0,1824.6900646062506,0.4784688995215311,208,208,1,0,207,208,11578,1,0,0,1,0
2020-08-25,US,Iowa,Sioux,806,3,0,43.08221074,-96.17675679999999,19167.0,2312.437239994261,0.37220843672456577,803,792,3,0,789,775,34909,14,0,0,14,17
2020-08-25,US,Iowa,Story,1705,16,0,42.03621213,-93.46499005,19169.0,1755.614362058136,0.93841642228739,1689,1606,16,0,1590,1569,98105,99,0,0,99,37
2020-08-25,US,Iowa,Tama,590,29,0,42.07991767,-92.53266945,19171.0,3500.652664056011,4.915254237288137,561,586,29,0,557,584,16904,4,0,0,4,2
2020-08-25,US,Iowa,Taylor,107,0,0,40.73710579,-94.69778563,19173.0,1748.0803790230357,0.0,107,107,0,0,107,107,6191,0,0,0,0,0
2020-08-25,US,Iowa,Unassigned,12,0,0,0.0,0.0,90019.0,0.0,0.0,12,16,0,0,16,7,,-4,0,0,-4,9
2020-08-25,US,Iowa,Union,90,3,0,41.0277278,-94.24234847,19175.0,735.2340495057592,3.333333333333333,87,90,3,0,87,90,12359,0,0,0,0,0
2020-08-25,US,Iowa,Van Buren,47,1,0,40.75326764,-91.95017958,19177.0,667.2345258375923,2.127659574468085,46,47,1,0,46,46,7020,0,0,0,0,1
2020-08-25,US,Iowa,Wapello,1030,45,0,41.03064984,-92.40954728,19179.0,2945.4659841573966,4.368932038834951,985,1021,45,0,976,1007,35205,9,0,0,9,14
2020-08-25,US,Iowa,Warren,666,5,0,41.33559454,-93.56007641,19181.0,1294.05821318929,0.7507507507507507,661,660,5,0,655,655,51056,6,0,0,6,5
2020-08-25,US,Iowa,Washington,319,11,0,41.33577126,-91.71725711,19183.0,1452.3104939676764,3.4482758620689653,308,315,10,0,305,316,22141,4,1,0,3,-1
2020-08-25,US,Iowa,Wayne,39,2,0,40.73969028,-93.32752197,19185.0,605.4960409874243,5.128205128205129,37,37,2,0,35,33,6401,2,0,0,2,4
2020-08-25,US,Iowa,Webster,703,8,0,42.42853483,-94.17987389,19187.0,1957.9991087344029,1.1379800853485065,695,696,8,0,688,695,36277,7,0,0,7,1
2020-08-25,US,Iowa,Winnebago,146,6,0,43.37751174,-93.73407298,19189.0,1410.0830596870776,4.109589041095891,140,144,3,0,141,144,10518,2,3,0,-1,0
2020-08-25,US,Iowa,Winneshiek,187,1,0,43.29094334,-91.84422722,19191.0,935.4209394227403,0.5347593582887701,186,173,1,0,172,169,20029,14,0,0,14,4
2020-08-25,US,Iowa,Woodbury,3985,54,0,42.38979414,-96.0459439,19193.0,3864.9170279418468,1.3550815558343792,3931,3967,54,0,3913,3950,102539,18,0,0,18,17
2020-08-25,US,Iowa,Worth,75,0,0,43.37750768,-93.26087602,19195.0,1016.1224766291832,0.0,75,75,0,0,75,75,7453,0,0,0,0,0
2020-08-25,US,Iowa,Wright,494,1,0,42.73305373,-93.73515113,19197.0,3932.4948256647026,0.20242914979757085,493,495,1,0,494,494,12690,-1,0,0,-1,1
2020-08-25,US,Kansas,Allen,20,0,0,37.88582951,-95.30030847,20001.0,161.69455897809038,0.0,20,20,0,0,20,20,12444,0,0,0,0,0
2020-08-25,US,Kansas,Anderson,32,0,0,38.21413251,-95.29272815,20003.0,407.22830236701446,0.0,32,32,0,0,32,32,7878,0,0,0,0,0
2020-08-25,US,Kansas,Atchison,157,0,0,39.53185661,-95.30870026,20005.0,976.7933802028247,0.0,157,157,0,0,157,157,16193,0,0,0,0,0
2020-08-25,US,Kansas,Barber,5,0,0,37.2288586,-98.68460053,20007.0,112.943302462164,0.0,5,5,0,0,5,5,4472,0,0,0,0,0
2020-08-25,US,Kansas,Barton,229,4,0,38.47889676,-98.75636726,20009.0,888.3199503471817,1.7467248908296944,225,229,4,0,225,216,26111,0,0,0,0,13
2020-08-25,US,Kansas,Bourbon,82,2,0,37.85508555,-94.84865997,20011.0,564.1943030136233,2.4390243902439024,80,82,2,0,80,82,14653,0,0,0,0,0
2020-08-25,US,Kansas,Brown,62,0,0,39.82652589,-95.56421698,20013.0,648.2643245503973,0.0,62,62,0,0,62,59,9598,0,0,0,0,3
2020-08-25,US,Kansas,Butler,387,2,0,37.78134351,-96.83878537,20015.0,578.3802364334712,0.5167958656330749,385,387,2,0,385,378,66765,0,0,0,0,9
2020-08-25,US,Kansas,Chase,65,0,0,38.30292938,-96.59563862,20017.0,2454.6827794561927,0.0,65,65,0,0,65,58,2629,0,0,0,0,7
2020-08-25,US,Kansas,Chautauqua,8,0,0,37.14994405,-96.2454192,20019.0,246.15384615384616,0.0,8,8,0,0,8,7,3309,0,0,0,0,1
2020-08-25,US,Kansas,Cherokee,215,1,0,37.16928494,-94.8462897,20021.0,1078.2887807813831,0.4651162790697674,214,215,1,0,214,204,20015,0,0,0,0,11
2020-08-25,US,Kansas,Cheyenne,6,0,0,39.78580976,-101.7318201,20023.0,225.81859239744068,0.0,6,6,0,0,6,5,2660,0,0,0,0,1
2020-08-25,US,Kansas,Clark,45,1,0,37.23577007,-99.81883015,20025.0,2256.7703109327986,2.2222222222222223,44,45,1,0,44,45,2005,0,0,0,0,0
2020-08-25,US,Kansas,Clay,29,2,0,39.34948772,-97.16518128,20027.0,362.4093976505874,6.896551724137932,27,29,2,0,27,23,7997,0,0,0,0,6
2020-08-25,US,Kansas,Cloud,45,0,0,39.48028352,-97.64925343,20029.0,512.1784657409515,0.0,45,45,0,0,45,43,8729,0,0,0,0,2
2020-08-25,US,Kansas,Coffey,76,8,0,38.2365018,-95.73379515,20031.0,929.2089497493581,10.526315789473683,68,75,8,0,67,75,8233,1,0,0,1,0
2020-08-25,US,Kansas,Comanche,9,0,0,37.19114520000001,-99.27113247,20033.0,529.4117647058823,0.0,9,9,0,0,9,9,1748,0,0,0,0,0
2020-08-25,US,Kansas,Cowley,232,3,0,37.23781842,-96.83776647,20035.0,664.6041022115274,1.293103448275862,229,226,3,0,223,222,35218,6,0,0,6,4
2020-08-25,US,Kansas,Crawford,421,1,0,37.50675523,-94.85245778,20037.0,1084.548405378948,0.2375296912114014,420,421,1,0,420,413,39019,0,0,0,0,8
2020-08-25,US,Kansas,Decatur,6,0,0,39.78468441,-100.45940809999999,20039.0,212.2391227449593,0.0,6,6,0,0,6,6,2871,0,0,0,0,0
2020-08-25,US,Kansas,Dickinson,66,1,0,38.86600962,-97.15532383,20041.0,357.41362504061516,1.5151515151515151,65,66,1,0,65,64,18717,0,0,0,0,2
2020-08-25,US,Kansas,Doniphan,58,0,0,39.79067154,-95.14056866,20043.0,763.1578947368422,0.0,58,58,0,0,58,58,7682,0,0,0,0,0
2020-08-25,US,Kansas,Douglas,1040,8,0,38.88503636,-95.2925121,20045.0,850.6531216515758,0.7692307692307693,1032,1020,8,0,1012,892,121436,20,0,0,20,128
2020-08-25,US,Kansas,Edwards,15,0,0,37.88735543,-99.31263309,20047.0,536.0972122944961,0.0,15,15,0,0,15,12,2849,0,0,0,0,3
2020-08-25,US,Kansas,Elk,1,0,0,37.45338105,-96.24369667,20049.0,39.52569169960474,0.0,1,1,0,0,1,1,2508,0,0,0,0,0
2020-08-25,US,Kansas,Ellis,256,1,0,38.91458712,-99.31751551,20051.0,896.5782929989844,0.390625,255,256,1,0,255,180,28710,0,0,0,0,76
2020-08-25,US,Kansas,Ellsworth,24,0,0,38.69677695,-98.20462799,20053.0,393.31366764995084,0.0,24,24,0,0,24,24,6196,0,0,0,0,0
2020-08-25,US,Kansas,Finney,1858,12,0,38.04340344,-100.73819379999999,20055.0,5095.017413003538,0.6458557588805167,1846,1851,12,0,1839,1844,36611,7,0,0,7,7
2020-08-25,US,Kansas,Ford,2219,10,0,37.69200114,-99.88825298,20057.0,6600.4342782355225,0.4506534474988734,2209,2219,10,0,2209,2202,33888,0,0,0,0,17
2020-08-25,US,Kansas,Franklin,248,2,0,38.56443815,-95.28644341,20059.0,970.8737864077667,0.8064516129032258,246,248,2,0,246,243,25631,0,0,0,0,5
2020-08-25,US,Kansas,Geary,194,2,0,38.99871131,-96.7577178,20061.0,612.5670982001893,1.0309278350515465,192,194,2,0,192,185,32594,0,0,0,0,9
2020-08-25,US,Kansas,Gove,7,0,0,38.91588178,-100.4829321,20063.0,265.5538694992413,0.0,7,7,0,0,7,7,2612,0,0,0,0,0
2020-08-25,US,Kansas,Graham,24,0,0,39.34987223,-99.88332493,20065.0,966.9621273166805,0.0,24,24,0,0,24,23,2492,0,0,0,0,1
2020-08-25,US,Kansas,Grant,143,3,0,37.56227336,-101.3079758,20067.0,2000.0,2.097902097902098,140,139,3,0,136,138,7336,4,0,0,4,1
2020-08-25,US,Kansas,Gray,106,0,0,37.73836671,-100.4369088,20069.0,1770.2070808283233,0.0,106,106,0,0,106,98,6033,0,0,0,0,8
2020-08-25,US,Kansas,Greeley,4,0,0,38.4808095,-101.8061079,20071.0,324.67532467532465,0.0,4,4,0,0,4,4,1227,0,0,0,0,0
2020-08-25,US,Kansas,Greenwood,23,0,0,37.8774388,-96.23250453,20073.0,384.4867937144768,0.0,23,23,0,0,23,23,6055,0,0,0,0,0
2020-08-25,US,Kansas,Hamilton,42,0,0,37.99978709,-101.7921066,20075.0,1654.1945647892871,0.0,42,42,0,0,42,42,2607,0,0,0,0,0
2020-08-25,US,Kansas,Harper,88,0,0,37.19175361,-98.07578384,20077.0,1618.8373804267844,0.0,88,88,0,0,88,35,5506,0,0,0,0,53
2020-08-25,US,Kansas,Harvey,279,4,0,38.04293782,-97.42747573,20079.0,810.363356472741,1.4336917562724014,275,279,4,0,275,271,34210,0,0,0,0,8
2020-08-25,US,Kansas,Haskell,44,0,0,37.562039399999996,-100.8710738,20081.0,1108.8709677419354,0.0,44,44,0,0,44,44,3997,0,0,0,0,0
2020-08-25,US,Kansas,Hodgeman,13,0,0,38.08780079,-99.89829881,20083.0,724.6376811594204,0.0,13,13,0,0,13,12,1818,0,0,0,0,1
2020-08-25,US,Kansas,Jackson,181,1,0,39.41673394,-95.79356799,20085.0,1374.2312656594033,0.5524861878453039,180,181,1,0,180,181,13280,0,0,0,0,0
2020-08-25,US,Kansas,Jefferson,105,0,0,39.2347941,-95.38289232,20087.0,551.3837105498084,0.0,105,105,0,0,105,104,18975,0,0,0,0,1
2020-08-25,US,Kansas,Jewell,14,1,0,39.78470589,-98.21820662,20089.0,486.2799583188608,7.142857142857142,13,14,1,0,13,14,2841,0,0,0,0,0
2020-08-25,US,Kansas,Johnson,7485,112,0,38.88548175,-94.82250877,20091.0,1242.527817848908,1.4963259853039412,7373,7393,111,0,7282,7310,597555,92,1,0,91,83
2020-08-25,US,Kansas,Kearny,69,1,0,38.00017981,-101.32168100000001,20093.0,1797.8113600833767,1.4492753623188406,68,69,1,0,68,68,3943,0,0,0,0,1
2020-08-25,US,Kansas,Kingman,39,0,0,37.55909527,-98.13638678,20095.0,545.3020134228188,0.0,39,38,0,0,38,34,7310,1,0,0,1,4
2020-08-25,US,Kansas,Kiowa,8,0,0,37.55848695,-99.2856537,20097.0,323.2323232323232,0.0,8,8,0,0,8,8,2516,0,0,0,0,0
2020-08-25,US,Kansas,Labette,165,1,0,37.19113093,-95.29849679,20099.0,841.0643286777449,0.6060606060606061,164,165,1,0,164,166,19964,0,0,0,0,-1
2020-08-25,US,Kansas,Lane,7,0,0,38.48119447,-100.46607540000001,20101.0,456.02605863192184,0.0,7,7,0,0,7,7,1560,0,0,0,0,0
2020-08-25,US,Kansas,Leavenworth,1606,9,0,39.20183497,-95.03620809,20103.0,1964.33376550307,0.5603985056039851,1597,1606,9,0,1597,1572,81352,0,0,0,0,34
2020-08-25,US,Kansas,Lincoln,6,0,0,39.04549684,-98.20756994,20105.0,202.56583389601624,0.0,6,6,0,0,6,6,3023,0,0,0,0,0
2020-08-25,US,Kansas,Linn,50,0,0,38.21267844,-94.84254089,20107.0,515.3045449860866,0.0,50,50,0,0,50,50,9750,0,0,0,0,0
2020-08-25,US,Kansas,Logan,2,0,0,38.91735806,-101.148475,20109.0,71.58196134574086,0.0,2,2,0,0,2,2,2844,0,0,0,0,0
2020-08-25,US,Kansas,Lyon,889,14,0,38.45576156,-96.15275715,20111.0,2678.114173821359,1.5748031496062993,875,881,14,0,867,857,33406,8,0,0,8,24
2020-08-25,US,Kansas,Marion,60,1,0,38.35855394,-97.09852509999999,20115.0,504.88051161225184,1.6666666666666667,59,60,1,0,59,60,11950,0,0,0,0,0
2020-08-25,US,Kansas,Marshall,14,0,0,39.78359669,-96.52278974,20117.0,144.22581642113937,0.0,14,14,0,0,14,13,9722,0,0,0,0,1
2020-08-25,US,Kansas,McPherson,195,1,0,38.39184858,-97.64769869,20113.0,683.2036998108051,0.5128205128205128,194,195,1,0,194,195,28537,0,0,0,0,0
2020-08-25,US,Kansas,Meade,58,0,0,37.23859987,-100.36483100000001,20119.0,1438.1353830895114,0.0,58,58,0,0,58,58,4146,0,0,0,0,0
2020-08-25,US,Kansas,Miami,177,0,0,38.56383358,-94.83832189,20121.0,516.9845488798668,0.0,177,177,0,0,177,167,33680,0,0,0,0,10
2020-08-25,US,Kansas,Mitchell,28,0,0,39.39331582,-98.20906732,20123.0,468.3057367452751,0.0,28,28,0,0,28,28,6150,0,0,0,0,0
2020-08-25,US,Kansas,Montgomery,217,5,0,37.19236568,-95.74329258,20125.0,681.7681988124037,2.3041474654377883,212,211,5,0,206,208,32120,6,0,0,6,3
2020-08-25,US,Kansas,Morris,17,0,0,38.68827511,-96.65128437,20127.0,302.491103202847,0.0,17,17,0,0,17,15,5521,0,0,0,0,2
2020-08-25,US,Kansas,Morton,10,2,0,37.19141121,-101.79925190000002,20129.0,386.54812524159263,20.0,8,10,2,0,8,10,2667,0,0,0,0,0
2020-08-25,US,Kansas,Nemaha,55,1,0,39.78345387,-96.01392079,20131.0,537.5818590558108,1.818181818181818,54,53,1,0,52,53,10155,2,0,0,2,0
2020-08-25,US,Kansas,Neosho,72,0,0,37.55862897,-95.30670046,20133.0,449.8032110951458,0.0,72,72,0,0,72,72,15951,0,0,0,0,0
2020-08-25,US,Kansas,Ness,15,0,0,38.47974157,-99.91547333,20135.0,545.4545454545455,0.0,15,15,0,0,15,11,2840,0,0,0,0,4
2020-08-25,US,Kansas,Norton,23,0,0,39.78443827,-99.90286639,20137.0,429.0244357396009,0.0,23,23,0,0,23,23,5430,0,0,0,0,0
2020-08-25,US,Kansas,Osage,55,0,0,38.65235984,-95.72707998,20139.0,344.84920684682425,0.0,55,55,0,0,55,53,15941,0,0,0,0,2
2020-08-25,US,Kansas,Osborne,4,0,0,39.3503437,-98.76753828,20141.0,116.92487576731949,0.0,4,4,0,0,4,4,3475,0,0,0,0,0
2020-08-25,US,Kansas,Ottawa,39,0,0,39.13237408,-97.65020313,20143.0,683.7307152875176,0.0,39,39,0,0,39,39,5802,0,0,0,0,0
2020-08-25,US,Kansas,Pawnee,187,0,0,38.18108732,-99.23692334,20145.0,2915.497349547864,0.0,187,148,0,0,148,76,6562,39,0,0,39,72
2020-08-25,US,Kansas,Phillips,51,8,0,39.78465501,-99.34668865,20147.0,974.3981658387466,15.68627450980392,43,51,8,0,43,51,5317,0,0,0,0,0
2020-08-25,US,Kansas,Pottawatomie,149,0,0,39.37925655,-96.34564657,20149.0,611.0814912028873,0.0,149,149,0,0,149,139,24277,0,0,0,0,10
2020-08-25,US,Kansas,Pratt,40,0,0,37.64780729,-98.73922153,20151.0,436.4906154517678,0.0,40,40,0,0,40,37,9378,0,0,0,0,3
2020-08-25,US,Kansas,Rawlins,1,0,0,39.78525843,-101.07616170000001,20153.0,39.52569169960474,0.0,1,1,0,0,1,,2508,0,0,0,0,
2020-08-25,US,Kansas,Reno,677,1,0,37.95230263,-98.08607292,20155.0,1091.9707087325398,0.14771048744460855,676,661,1,0,660,621,62342,16,0,0,16,40
2020-08-25,US,Kansas,Republic,35,0,0,39.82799632,-97.65036709,20157.0,754.9611734253668,0.0,35,35,0,0,35,34,4664,0,0,0,0,1
2020-08-25,US,Kansas,Rice,43,1,0,38.34616184,-98.19992118,20159.0,450.8755373807277,2.3255813953488373,42,43,1,0,42,42,9531,0,0,0,0,1
2020-08-25,US,Kansas,Riley,618,5,0,39.28935726,-96.73420026,20161.0,832.5250565793727,0.8090614886731392,613,618,5,0,613,577,73703,0,0,0,0,41
2020-08-25,US,Kansas,Rooks,23,0,0,39.35022773,-99.32484567,20163.0,467.479674796748,0.0,23,23,0,0,23,20,5013,0,0,0,0,3
2020-08-25,US,Kansas,Rush,13,0,0,38.52275276,-99.30863983,20165.0,428.1949934123848,0.0,13,13,0,0,13,12,3093,0,0,0,0,1
2020-08-25,US,Kansas,Russell,17,0,0,38.91462787,-98.76254297,20167.0,247.9579929988332,0.0,17,17,0,0,17,17,6907,0,0,0,0,0
2020-08-25,US,Kansas,Saline,444,9,0,38.78369175,-97.65185177,20169.0,818.8256122750073,2.0270270270270268,435,444,9,0,435,432,54401,0,0,0,0,12
2020-08-25,US,Kansas,Scott,90,0,0,38.48222076,-100.90665390000001,20171.0,1866.0584698320547,0.0,90,88,0,0,88,87,4897,2,0,0,2,1
2020-08-25,US,Kansas,Sedgwick,6428,48,0,37.6842718,-97.4608198,20173.0,1245.6350452094985,0.7467330429371499,6380,6375,48,0,6327,6289,513607,53,0,0,53,86
2020-08-25,US,Kansas,Seward,1356,4,0,37.19324632,-100.85072009999999,20175.0,6328.168751166698,0.2949852507374631,1352,1332,4,0,1328,1332,21780,24,0,0,24,0
2020-08-25,US,Kansas,Shawnee,2014,21,0,39.04100763,-95.75572640000001,20177.0,1138.6572438162543,1.0427010923535254,1993,1998,21,0,1977,1975,177499,16,0,0,16,23
2020-08-25,US,Kansas,Sheridan,9,0,0,39.35018161,-100.44182590000001,20179.0,357.0011900039666,0.0,9,9,0,0,9,9,2533,0,0,0,0,0
2020-08-25,US,Kansas,Sherman,17,0,0,39.35147699,-101.71976240000001,20181.0,287.30775730944737,0.0,17,17,0,0,17,17,5899,0,0,0,0,0
2020-08-25,US,Kansas,Smith,3,0,0,39.78516566,-98.78566062,20183.0,83.72871895060004,0.0,3,3,0,0,3,3,3603,0,0,0,0,0
2020-08-25,US,Kansas,Stafford,17,1,0,38.03100851,-98.71762001,20185.0,409.04716073147256,5.882352941176472,16,17,1,0,16,15,4178,0,0,0,0,2
2020-08-25,US,Kansas,Stanton,21,1,0,37.56304714,-101.78435340000001,20187.0,1046.8594217347957,4.761904761904762,20,21,1,0,20,21,1987,0,0,0,0,0
2020-08-25,US,Kansas,Stevens,60,0,0,37.1923008,-101.3118967,20189.0,1093.8924339106654,0.0,60,60,0,0,60,47,5559,0,0,0,0,13
2020-08-25,US,Kansas,Sumner,111,3,0,37.23682549,-97.47721621,20191.0,486.0746190225959,2.702702702702702,108,111,3,0,108,110,22996,0,0,0,0,1
2020-08-25,US,Kansas,Thomas,53,0,0,39.35107575,-101.0553705,20193.0,681.4967211006815,0.0,53,53,0,0,53,53,7711,0,0,0,0,0
2020-08-25,US,Kansas,Trego,9,1,0,38.91467218,-99.87284448,20195.0,321.0845522654298,11.111111111111109,8,9,1,0,8,7,2793,0,0,0,0,2
2020-08-25,US,Kansas,Wabaunsee,51,0,0,38.95471985,-96.20350509,20197.0,735.8245563410762,0.0,51,51,0,0,51,50,6899,0,0,0,0,1
2020-08-25,US,Kansas,Wallace,1,0,0,38.91686134,-101.76388759999999,20199.0,65.87615283267458,0.0,1,1,0,0,1,1,1503,0,0,0,0,0
2020-08-25,US,Kansas,Washington,2,0,0,39.78420784,-97.08753229999999,20201.0,36.99593044765076,0.0,2,2,0,0,2,2,5420,0,0,0,0,0
2020-08-25,US,Kansas,Wichita,4,0,0,38.48178252,-101.3471509,20203.0,188.76828692779614,0.0,4,4,0,0,4,4,2105,0,0,0,0,0
2020-08-25,US,Kansas,Wilson,16,0,0,37.55937174,-95.74323255,20205.0,187.68328445747798,0.0,16,16,0,0,16,16,8665,0,0,0,0,0
2020-08-25,US,Kansas,Woodson,12,0,0,37.8865336,-95.74006277,20207.0,382.4091778202677,0.0,12,12,0,0,12,12,3183,0,0,0,0,0
2020-08-25,US,Kansas,Wyandotte,5741,111,0,39.11727348,-94.76378225,20209.0,3470.3709748593046,1.9334610695000871,5630,5723,111,0,5612,5701,165324,18,0,0,18,22
2020-08-25,US,Kentucky,Adair,248,19,0,37.10459774,-85.28129668,21001.0,1291.5321320695762,7.661290322580645,229,247,19,0,228,244,19215,1,0,0,1,3
2020-08-25,US,Kentucky,Allen,243,8,0,36.75197631,-86.19457544,21003.0,1140.0422237860662,3.2921810699588483,235,245,8,0,237,241,21122,-2,0,0,-2,4
2020-08-25,US,Kentucky,Anderson,107,1,0,38.00671029,-84.99171713,21005.0,470.3917000043962,0.9345794392523364,106,104,1,0,103,103,22663,3,0,0,3,1
2020-08-25,US,Kentucky,Ballard,41,0,0,37.05842757,-88.99427697,21007.0,519.7768762677484,0.0,41,39,0,0,39,39,7979,2,0,0,2,0
2020-08-25,US,Kentucky,Barren,475,6,0,36.96469836,-85.93338945,21009.0,1073.4705869059187,1.263157894736842,469,472,6,0,466,471,44176,3,0,0,3,1
2020-08-25,US,Kentucky,Bath,53,1,0,38.14735938,-83.74588932,21011.0,424.0,1.8867924528301887,52,53,1,0,52,52,12383,0,0,0,0,1
2020-08-25,US,Kentucky,Bell,371,7,0,36.73355174,-83.67766671,21013.0,1425.1690227412414,1.8867924528301887,364,368,6,0,362,367,26569,3,1,0,2,1
2020-08-25,US,Kentucky,Boone,1239,24,0,38.97065142,-84.72615357,21015.0,927.5271183776136,1.937046004842615,1215,1231,24,0,1207,1218,131533,8,0,0,8,13
2020-08-25,US,Kentucky,Bourbon,105,1,0,38.2054607,-84.21827874,21017.0,530.6246209824136,0.9523809523809524,104,104,1,0,103,104,20184,1,0,0,1,0
2020-08-25,US,Kentucky,Boyd,221,4,0,38.36176608,-82.68652187,21019.0,473.0510723917976,1.8099547511312215,217,218,4,0,214,214,47240,3,0,0,3,4
2020-08-25,US,Kentucky,Boyle,189,0,0,37.62680923,-84.8633779,21021.0,628.7425149700599,0.0,189,189,0,0,189,186,30100,0,0,0,0,3
2020-08-25,US,Kentucky,Bracken,37,0,0,38.69158994,-84.08532444,21023.0,445.6220643141034,0.0,37,37,0,0,37,37,8239,0,0,0,0,0
2020-08-25,US,Kentucky,Breathitt,49,0,0,37.52333168,-83.31959161,21025.0,387.96516231195574,0.0,49,49,0,0,49,39,12726,0,0,0,0,10
2020-08-25,US,Kentucky,Breckinridge,92,2,0,37.77377239,-86.42885017,21027.0,449.28456316843284,2.1739130434782608,90,91,2,0,89,91,20388,1,0,0,1,0
2020-08-25,US,Kentucky,Bullitt,556,5,0,37.97162523,-85.68955617,21029.0,680.7385278417162,0.8992805755395683,551,548,5,0,543,537,81069,8,0,0,8,11
2020-08-25,US,Kentucky,Butler,312,16,0,37.20946153,-86.68748787,21031.0,2422.54833449802,5.128205128205129,296,311,16,0,295,310,12772,1,0,0,1,1
2020-08-25,US,Kentucky,Caldwell,65,0,0,37.14749129,-87.86948214,21033.0,509.9239036636071,0.0,65,64,0,0,64,62,12715,1,0,0,1,2
2020-08-25,US,Kentucky,Calloway,371,5,0,36.62093411,-88.2731593,21035.0,951.2576600599983,1.3477088948787062,366,369,5,0,364,345,39135,2,0,0,2,24
2020-08-25,US,Kentucky,Campbell,658,13,0,38.94384345,-84.37875208,21037.0,703.1116430159003,1.975683890577508,645,654,13,0,641,650,93152,4,0,0,4,4
2020-08-25,US,Kentucky,Carlisle,57,1,0,36.85372876,-88.96692220000001,21039.0,1197.4789915966387,1.7543859649122806,56,56,1,0,55,55,4771,1,0,0,1,1
2020-08-25,US,Kentucky,Carroll,187,2,0,38.66599534,-85.12601074,21041.0,1759.006678581507,1.0695187165775402,185,187,2,0,185,184,10737,0,0,0,0,3
2020-08-25,US,Kentucky,Carter,110,3,0,38.31690743,-83.05092385,21043.0,410.4937119826848,2.727272727272727,107,111,3,0,108,110,27004,-1,0,0,-1,1
2020-08-25,US,Kentucky,Casey,230,11,0,37.32533118,-84.92726209,21045.0,1423.355405656291,4.782608695652174,219,228,11,0,217,223,15888,2,0,0,2,5
2020-08-25,US,Kentucky,Christian,716,10,0,36.89267803,-87.49055367,21047.0,1016.1649706930076,1.3966480446927374,706,697,10,0,687,690,71671,19,0,0,19,7
2020-08-25,US,Kentucky,Clark,232,8,0,37.9689263,-84.14615986,21049.0,639.7705650387447,3.4482758620689653,224,227,8,0,219,220,36249,5,0,0,5,7
2020-08-25,US,Kentucky,Clay,197,6,0,37.16451126,-83.712575,21051.0,989.9000050248732,3.045685279187817,191,197,6,0,191,196,20105,0,0,0,0,1
2020-08-25,US,Kentucky,Clinton,61,1,0,36.72581156,-85.13377529,21053.0,596.9857114895283,1.639344262295082,60,60,1,0,59,59,10206,1,0,0,1,1
2020-08-25,US,Kentucky,Crittenden,38,1,0,37.35839237,-88.08826090000002,21055.0,431.5239609357257,2.631578947368421,37,38,1,0,37,38,8915,0,0,0,0,0
2020-08-25,US,Kentucky,Cumberland,79,0,0,36.78926125,-85.39050034,21057.0,1194.436044753553,0.0,79,79,0,0,79,75,6659,0,0,0,0,4
2020-08-25,US,Kentucky,Daviess,898,11,0,37.73028906,-87.09019479999998,21059.0,884.6331924619006,1.2249443207126949,887,895,10,0,885,876,101104,3,1,0,2,19
2020-08-25,US,Kentucky,Edmonson,116,12,0,37.21218923,-86.23955613,21061.0,954.7325102880659,10.344827586206897,104,116,12,0,104,116,12274,0,0,0,0,0
2020-08-25,US,Kentucky,Elliott,20,0,0,38.11624059,-83.09771563,21063.0,266.06358919781826,0.0,20,19,0,0,19,19,7508,1,0,0,1,0
2020-08-25,US,Kentucky,Estill,28,0,0,37.69241417,-83.95956369,21065.0,198.49709343541755,0.0,28,29,0,0,29,28,14198,-1,0,0,-1,1
2020-08-25,US,Kentucky,Fayette,3881,52,0,38.0368225,-84.45576892,21067.0,1200.9828192305788,1.3398608606029374,3829,3833,52,0,3781,3662,323780,48,0,0,48,171
2020-08-25,US,Kentucky,Fleming,65,0,0,38.36758311,-83.69657514,21069.0,445.7856114121117,0.0,65,65,0,0,65,65,14432,0,0,0,0,0
2020-08-25,US,Kentucky,Floyd,139,2,0,37.56213922,-82.74750924,21071.0,390.57011998089297,1.4388489208633093,137,136,2,0,134,132,35845,3,0,0,3,4
2020-08-25,US,Kentucky,Franklin,442,11,0,38.2379395,-84.87962551,21073.0,866.8196348375203,2.4886877828054303,431,433,11,0,422,428,50815,9,0,0,9,5
2020-08-25,US,Kentucky,Fulton,111,2,0,36.55238827,-89.20140068,21075.0,1859.607974535098,1.8018018018018016,109,109,2,0,107,109,6120,2,0,0,2,0
2020-08-25,US,Kentucky,Gallatin,89,8,0,38.75398691,-84.8558382,21077.0,1003.4953207802458,8.98876404494382,81,88,8,0,80,87,8832,1,0,0,1,1
2020-08-25,US,Kentucky,Garrard,108,2,0,37.638866799999995,-84.53289319,21079.0,611.3438242952565,1.851851851851852,106,102,2,0,100,99,17560,6,0,0,6,3
2020-08-25,US,Kentucky,Grant,132,6,0,38.64962758,-84.62415957,21081.0,526.5467310223784,4.545454545454546,126,132,6,0,126,132,25121,0,0,0,0,0
2020-08-25,US,Kentucky,Graves,623,28,0,36.72292505,-88.65143315,21083.0,1671.7651478559546,4.49438202247191,595,617,28,0,589,614,37317,6,0,0,6,3
2020-08-25,US,Kentucky,Grayson,243,11,0,37.46231118,-86.34248968,21085.0,919.5141332727893,4.526748971193416,232,239,11,0,228,237,26321,4,0,0,4,2
2020-08-25,US,Kentucky,Green,105,5,0,37.26484328,-85.5540745,21087.0,959.6928982725528,4.761904761904762,100,101,5,0,96,95,11049,4,0,0,4,6
2020-08-25,US,Kentucky,Greenup,182,1,0,38.54332505,-82.9215658,21089.0,518.5480654168329,0.5494505494505495,181,169,1,0,168,166,35268,13,0,0,13,3
2020-08-25,US,Kentucky,Hancock,56,0,0,37.83766422,-86.78280584,21091.0,642.0545746388442,0.0,56,56,0,0,56,55,8758,0,0,0,0,1
2020-08-25,US,Kentucky,Hardin,860,8,0,37.6976111,-85.96319251,21093.0,775.0680437643073,0.9302325581395348,852,847,8,0,839,833,110356,13,0,0,13,14
2020-08-25,US,Kentucky,Harlan,273,6,0,36.85699301,-83.21899516,21095.0,1049.5963091118801,2.1978021978021984,267,267,6,0,261,264,26409,6,0,0,6,3
2020-08-25,US,Kentucky,Harrison,139,0,0,38.44188174,-84.32869741,21097.0,735.9949168696388,0.0,139,139,0,0,139,139,18778,0,0,0,0,0
2020-08-25,US,Kentucky,Hart,120,1,0,37.29943898,-85.88461055,21099.0,630.4176516942474,0.8333333333333334,119,118,1,0,117,118,18906,2,0,0,2,0
2020-08-25,US,Kentucky,Henderson,411,3,0,37.79344553,-87.57392021,21101.0,909.0909090909092,0.7299270072992701,408,410,3,0,407,406,45591,1,0,0,1,4
2020-08-25,US,Kentucky,Henry,157,2,0,38.44942688,-85.11587507,21103.0,973.5830336103188,1.2738853503184713,155,156,1,0,155,155,16106,1,1,0,0,1
2020-08-25,US,Kentucky,Hickman,66,0,0,36.67948079999999,-88.97875928,21105.0,1506.849315068493,0.0,66,63,0,0,63,63,4421,3,0,0,3,0
2020-08-25,US,Kentucky,Hopkins,487,36,0,37.30939025,-87.54670406,21107.0,1089.8267913888021,7.392197125256675,451,479,36,0,443,472,45068,8,0,0,8,7
2020-08-25,US,Kentucky,Jackson,187,15,0,37.41866422,-83.99825483,21109.0,1402.9559606872233,8.021390374331549,172,178,15,0,163,172,13442,9,0,0,9,6
2020-08-25,US,Kentucky,Jefferson,10888,261,0,38.18664655,-85.65931031,21111.0,1420.0065992224395,2.3971344599559146,10627,10703,261,0,10442,10490,770517,185,0,0,185,213
2020-08-25,US,Kentucky,Jessamine,420,0,0,37.87119786,-84.58252003,21113.0,776.1249191536542,0.0,420,416,0,0,416,411,53920,4,0,0,4,5
2020-08-25,US,Kentucky,Johnson,101,1,0,37.85106355,-82.8264322,21115.0,455.2010095547143,0.99009900990099,100,101,1,0,100,101,22386,0,0,0,0,0
2020-08-25,US,Kentucky,Kenton,1656,41,0,38.93950319,-84.53241199,21117.0,991.6286422591887,2.4758454106280188,1615,1644,41,0,1603,1616,166051,12,0,0,12,28
2020-08-25,US,Kentucky,Knott,88,1,0,37.35388197,-82.94981134,21119.0,594.3536404160476,1.1363636363636365,87,88,1,0,87,87,15126,0,0,0,0,1
2020-08-25,US,Kentucky,Knox,317,9,0,36.89225732,-83.85403396,21121.0,1017.8198747792584,2.8391167192429023,308,312,9,0,303,306,31304,5,0,0,5,6
2020-08-25,US,Kentucky,Larue,78,1,0,37.54567114,-85.70138352,21123.0,541.7419085984163,1.2820512820512822,77,77,1,0,76,76,14307,1,0,0,1,1
2020-08-25,US,Kentucky,Laurel,523,5,0,37.10975748,-84.11321779,21125.0,860.0134839590219,0.9560229445506692,518,513,5,0,508,511,60669,10,0,0,10,2
2020-08-25,US,Kentucky,Lawrence,40,0,0,38.07136018,-82.72882223,21127.0,261.1477443363583,0.0,40,40,0,0,40,40,15571,0,0,0,0,0
2020-08-25,US,Kentucky,Lee,13,0,0,37.59645942,-83.71513901,21129.0,175.6044846683777,0.0,13,11,0,0,11,11,7033,2,0,0,2,0
2020-08-25,US,Kentucky,Leslie,38,0,0,37.09246661,-83.37999606,21131.0,384.73220613546624,0.0,38,38,0,0,38,38,10143,0,0,0,0,0
2020-08-25,US,Kentucky,Letcher,68,2,0,37.12306748,-82.85346474,21133.0,315.5013223217185,2.9411764705882355,66,67,2,0,65,66,21899,1,0,0,1,1
2020-08-25,US,Kentucky,Lewis,116,9,0,38.53184419,-83.37735618,21135.0,873.8229755178908,7.758620689655173,107,115,6,0,109,116,13257,1,3,0,-2,-1
2020-08-25,US,Kentucky,Lincoln,132,2,0,37.45475628,-84.6565327,21137.0,537.7001099841134,1.5151515151515151,130,132,2,0,130,130,24644,0,0,0,0,2
2020-08-25,US,Kentucky,Livingston,42,1,0,37.21137452,-88.34797529,21139.0,456.8196649989123,2.380952380952381,41,42,1,0,41,39,9242,0,0,0,0,3
2020-08-25,US,Kentucky,Logan,391,26,0,36.85949479,-86.877635,21141.0,1442.6979558704156,6.649616368286445,365,378,25,0,353,377,26989,13,1,0,12,1
2020-08-25,US,Kentucky,Lyon,34,4,0,37.02080035,-88.07886257,21143.0,414.12911084043856,11.764705882352944,30,34,4,0,30,34,8009,0,0,0,0,0
2020-08-25,US,Kentucky,Madison,828,2,0,37.71659336,-84.27220275,21151.0,890.4470517384151,0.24154589371980675,826,805,2,0,803,757,92368,23,0,0,23,48
2020-08-25,US,Kentucky,Magoffin,60,0,0,37.70820545,-83.0657714,21153.0,493.3804785790642,0.0,60,60,0,0,60,60,12362,0,0,0,0,0
2020-08-25,US,Kentucky,Marion,167,2,0,37.55218078,-85.26898542,21155.0,866.4971722098272,1.1976047904191616,165,165,1,0,164,155,19404,2,1,0,1,10
2020-08-25,US,Kentucky,Marshall,183,2,0,36.88007070000001,-88.32803576,21157.0,588.4244372990354,1.0928961748633879,181,177,2,0,175,174,31191,6,0,0,6,3
2020-08-25,US,Kentucky,Martin,49,0,0,37.79990579,-82.51247478,21159.0,437.69539973202325,0.0,49,49,0,0,49,49,11323,0,0,0,0,0
2020-08-25,US,Kentucky,Mason,79,2,0,38.59471935,-83.82151043,21161.0,462.80023432923264,2.5316455696202533,77,71,2,0,69,71,17150,8,0,0,8,0
2020-08-25,US,Kentucky,McCracken,469,5,0,37.05350953,-88.70445755,21145.0,716.9280626127365,1.0660980810234542,464,460,5,0,455,453,65346,9,0,0,9,7
2020-08-25,US,Kentucky,McCreary,69,0,0,36.73874143,-84.48102924,21147.0,400.44106552144393,0.0,69,61,0,0,61,59,17408,8,0,0,8,2
2020-08-25,US,Kentucky,McLean,50,1,0,37.5301951,-87.26803443,21149.0,543.0650591940913,2.0,49,51,1,0,50,50,9252,-1,0,0,-1,1
2020-08-25,US,Kentucky,Meade,121,3,0,37.96163597,-86.21028219,21163.0,423.4915301693966,2.479338842975207,118,122,3,0,119,117,28715,-1,0,0,-1,5
2020-08-25,US,Kentucky,Menifee,31,0,0,37.94090733,-83.59985712,21165.0,477.7315456927108,0.0,31,29,0,0,29,28,6451,2,0,0,2,1
2020-08-25,US,Kentucky,Mercer,106,1,0,37.81474237,-84.87488475,21167.0,483.2900196051612,0.9433962264150944,105,104,1,0,103,105,21774,2,0,0,2,-1
2020-08-25,US,Kentucky,Metcalfe,80,2,0,36.99459295,-85.63123699,21169.0,794.3600436898024,2.5,78,77,2,0,75,77,10030,3,0,0,3,0
2020-08-25,US,Kentucky,Monroe,115,2,0,36.71225341,-85.71596443,21171.0,1079.81220657277,1.7391304347826086,113,114,2,0,112,111,10718,1,0,0,1,3
2020-08-25,US,Kentucky,Montgomery,174,1,0,38.03253032,-83.9145241,21173.0,617.9635614589622,0.5747126436781609,173,170,1,0,169,170,28203,4,0,0,4,0
2020-08-25,US,Kentucky,Morgan,41,0,0,37.92465657,-83.25558245,21175.0,308.06221353970994,0.0,41,40,0,0,40,40,13345,1,0,0,1,0
2020-08-25,US,Kentucky,Muhlenberg,651,11,0,37.21425819,-87.14632053,21177.0,2125.9225393507936,1.6897081413210446,640,648,11,0,637,647,30774,3,0,0,3,1
2020-08-25,US,Kentucky,Nelson,318,2,0,37.80335779,-85.4657193,21179.0,687.8203880345208,0.6289308176100629,316,315,2,0,313,312,45851,3,0,0,3,3
2020-08-25,US,Kentucky,Nicholas,22,1,0,38.33342292,-84.01889177,21181.0,302.65511074425643,4.545454545454546,21,22,1,0,21,22,7166,0,0,0,0,0
2020-08-25,US,Kentucky,Ohio,376,9,0,37.47751843,-86.85368087,21183.0,1567.0584312744852,2.3936170212765955,367,376,9,0,367,372,24087,0,0,0,0,4
2020-08-25,US,Kentucky,Oldham,770,22,0,38.39791089,-85.448222,21185.0,1152.711866944116,2.8571428571428568,748,757,22,0,735,743,66470,13,0,0,13,14
2020-08-25,US,Kentucky,Owen,75,0,0,38.51679143,-84.82404619,21187.0,688.0102742867628,0.0,75,75,0,0,75,74,10880,0,0,0,0,1
2020-08-25,US,Kentucky,Owsley,26,0,0,37.42823949,-83.68811419,21189.0,588.9014722536806,0.0,26,25,0,0,25,25,4472,1,0,0,1,0
2020-08-25,US,Kentucky,Pendleton,62,0,0,38.69607718,-84.35599463,21191.0,424.94859492803283,0.0,62,59,0,0,59,58,14529,3,0,0,3,1
2020-08-25,US,Kentucky,Perry,272,7,0,37.25023553,-83.22922731,21193.0,1055.9826073452907,2.573529411764706,265,269,7,0,262,268,26092,3,0,0,3,1
2020-08-25,US,Kentucky,Pike,298,3,0,37.47088263,-82.39487445,21195.0,514.8939111203263,1.0067114093959733,295,298,3,0,295,298,58402,0,0,0,0,0
2020-08-25,US,Kentucky,Powell,71,0,0,37.83218794,-83.82553961,21197.0,574.4801359333279,0.0,71,70,0,0,70,70,12442,1,0,0,1,0
2020-08-25,US,Kentucky,Pulaski,458,6,0,37.10466131,-84.57629079,21199.0,704.8431031564044,1.310043668122271,452,448,6,0,442,437,64623,10,0,0,10,11
2020-08-25,US,Kentucky,Robertson,4,0,0,38.51923469,-84.05055616,21201.0,189.75332068311195,0.0,4,3,0,0,3,3,2135,1,0,0,1,0
2020-08-25,US,Kentucky,Rockcastle,110,0,0,37.36642393,-84.31176452,21203.0,658.879904162923,0.0,110,108,0,0,108,107,16750,2,0,0,2,1
2020-08-25,US,Kentucky,Rowan,103,0,0,38.19484205,-83.42088935,21205.0,421.09566639411275,0.0,103,89,0,0,89,89,24583,14,0,0,14,0
2020-08-25,US,Kentucky,Russell,155,5,0,36.99308373,-85.06070117,21207.0,864.8105785861743,3.2258064516129035,150,151,5,0,146,150,17821,4,0,0,4,1
2020-08-25,US,Kentucky,Scott,513,4,0,38.29622293,-84.5816631,21209.0,899.9368465370851,0.7797270955165692,509,504,2,0,502,498,56031,9,2,0,7,6
2020-08-25,US,Kentucky,Shelby,872,23,0,38.21476019,-85.194223,21211.0,1778.7206266318537,2.6376146788990824,849,872,23,0,849,866,48518,0,0,0,0,6
2020-08-25,US,Kentucky,Simpson,198,7,0,36.74058474,-86.58047435,21213.0,1066.1210424294636,3.5353535353535355,191,193,7,0,186,188,18529,5,0,0,5,5
2020-08-25,US,Kentucky,Spencer,161,0,0,38.03223971,-85.32749335,21215.0,831.9983463386905,0.0,161,160,0,0,160,152,18794,1,0,0,1,8
2020-08-25,US,Kentucky,Taylor,183,4,0,37.3677562,-85.3329931,21217.0,710.1556133338507,2.1857923497267757,179,181,4,0,177,176,25549,2,0,0,2,5
2020-08-25,US,Kentucky,Todd,52,0,0,36.8381152,-87.17878374,21219.0,422.9705547421506,0.0,52,46,0,0,46,45,12311,6,0,0,6,1
2020-08-25,US,Kentucky,Trigg,71,0,0,36.80767017,-87.87333656,21221.0,484.6085591427207,0.0,71,68,0,0,68,63,14643,3,0,0,3,5
2020-08-25,US,Kentucky,Trimble,41,0,0,38.61056487,-85.33775972,21223.0,484.0042497934128,0.0,41,41,0,0,41,39,8515,0,0,0,0,2
2020-08-25,US,Kentucky,Union,81,0,0,37.66166713,-87.94300009,21225.0,563.2431680689799,0.0,81,81,0,0,81,79,14505,0,0,0,0,2
2020-08-25,US,Kentucky,Warren,3076,24,0,36.99903045,-86.42672751,21227.0,2314.591861305081,0.7802340702210663,3052,2998,24,0,2974,2969,131264,78,0,0,78,29
2020-08-25,US,Kentucky,Washington,116,1,0,37.75599461,-85.17407732,21229.0,959.0739975196362,0.8620689655172413,115,116,1,0,115,115,12084,0,0,0,0,1
2020-08-25,US,Kentucky,Wayne,86,0,0,36.80310688,-84.8251971,21231.0,422.9577534057936,0.0,86,86,0,0,86,83,20468,0,0,0,0,3
2020-08-25,US,Kentucky,Webster,97,2,0,37.52168356,-87.67989953,21233.0,749.4977592335033,2.061855670103093,95,97,1,0,96,96,13111,0,1,0,-1,1
2020-08-25,US,Kentucky,Whitley,179,1,0,36.75700531,-84.14541217,21235.0,493.60247076990953,0.5586592178770949,178,178,1,0,177,173,36242,1,0,0,1,5
2020-08-25,US,Kentucky,Wolfe,26,0,0,37.73941626,-83.49303612,21237.0,363.2807042056729,0.0,26,27,0,0,27,26,7177,-1,0,0,-1,1
2020-08-25,US,Kentucky,Woodford,201,0,0,38.04178222,-84.7417556,21239.0,751.8515747736965,0.0,201,202,0,0,202,196,26533,-1,0,0,-1,6
2020-08-25,US,Louisiana,Acadia,2776,93,0,30.295064899999996,-92.41419698,22001.0,4474.17197195584,3.35014409221902,2683,2748,93,0,2655,2743,62190,28,0,0,28,5
2020-08-25,US,Louisiana,Allen,1426,37,0,30.65385745,-92.82442028,22003.0,5564.443750731651,2.594670406732118,1389,1409,37,0,1372,1409,25605,17,0,0,17,0
2020-08-25,US,Louisiana,Ascension,3245,90,0,30.20406249,-90.91328409999998,22005.0,2563.1101702947776,2.773497688751926,3155,3226,87,0,3139,3218,124672,19,3,0,16,8
2020-08-25,US,Louisiana,Assumption,651,21,0,29.89946234,-91.06461642,22007.0,2973.824859531315,3.2258064516129035,630,631,21,0,610,631,22300,20,0,0,20,0
2020-08-25,US,Louisiana,Avoyelles,1248,43,0,31.07796211,-92.00079449,22009.0,3108.8082901554412,3.4455128205128207,1205,1218,43,0,1175,1211,40462,30,0,0,30,7
2020-08-25,US,Louisiana,Beauregard,924,31,0,30.64836518,-93.34173616,22011.0,2464.1971357708617,3.354978354978355,893,941,29,0,912,938,37253,-17,2,0,-19,3
2020-08-25,US,Louisiana,Bienville,409,30,0,32.34569994,-93.05398492,22013.0,3088.8905671777056,7.334963325183374,379,403,30,0,373,403,13308,6,0,0,6,0
2020-08-25,US,Louisiana,Bossier,2619,92,0,32.67932307,-93.60460152,22015.0,2061.571643353616,3.512791141657121,2527,2557,91,0,2466,2549,127185,62,1,0,61,8
2020-08-25,US,Louisiana,Caddo,7117,311,0,32.57991587,-93.88375652,22017.0,2962.898203193952,4.369818743852747,6806,7180,310,0,6870,7156,242922,-63,1,0,-64,24
2020-08-25,US,Louisiana,Calcasieu,7256,178,0,30.22931235,-93.35400434,22019.0,3566.7236870563715,2.453142227122381,7078,7284,178,0,7106,7277,203112,-28,0,0,-28,7
2020-08-25,US,Louisiana,Caldwell,271,3,0,32.0902519,-92.11752148,22021.0,2732.4057269610807,1.1070110701107012,268,271,3,0,268,264,9960,0,0,0,0,7
2020-08-25,US,Louisiana,Cameron,201,1,0,29.87592238,-93.19310676,22023.0,2882.546966872221,0.4975124378109453,200,175,1,0,174,174,6968,26,0,0,26,1
2020-08-25,US,Louisiana,Catahoula,354,6,0,31.66778967,-91.84526385,22025.0,3728.6707394143673,1.6949152542372878,348,351,6,0,345,346,9608,3,0,0,3,5
2020-08-25,US,Louisiana,Claiborne,342,12,0,32.82308512,-92.99526883,22027.0,2182.5143586470967,3.5087719298245608,330,331,12,0,319,327,15944,11,0,0,11,4
2020-08-25,US,Louisiana,Concordia,420,9,0,31.44817835,-91.63814433,22029.0,2180.7985876732955,2.142857142857143,411,411,9,0,402,402,19572,9,0,0,9,9
2020-08-25,US,Louisiana,De Soto,804,31,0,32.05457447,-93.74130302,22031.0,2927.575283108182,3.855721393034826,773,803,30,0,773,802,27436,1,1,0,0,1
2020-08-25,US,Louisiana,East Baton Rouge,13391,404,0,30.53842039,-91.09777565,22033.0,3043.0010521316467,3.0169516839668438,12987,13412,403,0,13009,13350,440956,-21,1,0,-22,62
2020-08-25,US,Louisiana,East Carroll,530,2,0,32.73926954,-91.23425694,22035.0,7724.821454598455,0.37735849056603776,528,529,2,0,527,529,7037,1,0,0,1,0
2020-08-25,US,Louisiana,East Feliciana,865,44,0,30.84425359,-91.04976723,22037.0,4520.512150509538,5.086705202312139,821,862,43,0,819,721,19305,3,1,0,2,141
2020-08-25,US,Louisiana,Evangeline,1019,24,0,30.72985248,-92.39915924,22039.0,3051.354993262465,2.355250245338567,995,1006,23,0,983,1004,33443,13,1,0,12,2
2020-08-25,US,Louisiana,Franklin,1059,26,0,32.13675181,-91.67589857,22041.0,5291.031726205346,2.4551463644948064,1033,1042,26,0,1016,1042,20156,17,0,0,17,0
2020-08-25,US,Louisiana,Grant,388,26,0,31.59882456,-92.56124347,22043.0,1732.9938809236676,6.7010309278350535,362,382,25,0,357,377,22482,6,1,0,5,5
2020-08-25,US,Louisiana,Iberia,2686,81,0,29.86803617,-91.75871777,22045.0,3846.484319060576,3.015636634400596,2605,2670,81,0,2589,2661,70941,16,0,0,16,9
2020-08-25,US,Louisiana,Iberville,1311,53,0,30.25734305,-91.3499598,22047.0,4032.481314016793,4.0427154843630815,1258,1330,52,0,1278,1325,32721,-19,1,0,-20,5
2020-08-25,US,Louisiana,Jackson,425,20,0,32.30251776,-92.55692092,22049.0,2699.441056910569,4.705882352941177,405,421,20,0,401,416,15902,4,0,0,4,5
2020-08-25,US,Louisiana,Jefferson,16159,539,0,29.74075478,-90.11115756,22051.0,3736.2454421227626,3.3356024506466984,15620,16171,538,0,15633,16131,434051,-12,1,0,-13,40
2020-08-25,US,Louisiana,Jefferson Davis,1149,34,0,30.26896765,-92.81210004,22053.0,3662.968630451415,2.959094865100087,1115,1120,34,0,1086,1116,31582,29,0,0,29,4
2020-08-25,US,Louisiana,LaSalle,379,5,0,31.67884782,-92.15907765,22059.0,2544.990598979318,1.3192612137203166,374,379,5,0,374,378,14917,0,0,0,0,1
2020-08-25,US,Louisiana,Lafayette,8136,109,0,30.2049055,-92.06959876,22055.0,3329.105118867384,1.339724680432645,8027,8168,106,0,8062,8148,242782,-32,3,0,-35,20
2020-08-25,US,Louisiana,Lafourche,3211,107,0,29.52470226,-90.40976986,22057.0,3289.487163726514,3.3322952351292434,3104,3111,107,0,3004,3101,98115,100,0,0,100,10
2020-08-25,US,Louisiana,Lincoln,883,39,0,32.6003154,-92.66597409999999,22061.0,1889.0933207821656,4.416761041902605,844,885,39,0,846,881,47196,-2,0,0,-2,4
2020-08-25,US,Louisiana,Livingston,3313,63,0,30.44143993,-90.73061664,22063.0,2353.166795701369,1.9015997585270148,3250,3279,62,0,3217,3266,139567,34,1,0,33,13
2020-08-25,US,Louisiana,Madison,671,7,0,32.36918118,-91.23973355,22065.0,6127.294311021825,1.0432190760059612,664,655,6,0,649,655,11161,16,1,0,15,0
2020-08-25,US,Louisiana,Morehouse,580,15,0,32.81686191,-91.80421614,22067.0,2331.752030232371,2.586206896551724,565,570,15,0,555,570,25398,10,0,0,10,0
2020-08-25,US,Louisiana,Natchitoches,898,22,0,31.72321584,-93.09816516,22069.0,2353.3728182818804,2.4498886414253898,876,894,22,0,872,889,38659,4,0,0,4,5
2020-08-25,US,Louisiana,Orleans,11229,572,0,30.06971951,-89.92660315,22071.0,2878.1680610236212,5.0939531570041865,10657,11214,570,0,10644,11191,391006,15,2,0,13,23
2020-08-25,US,Louisiana,Ouachita,5355,125,0,32.47645559,-92.15704172,22073.0,3493.6292642827784,2.334267040149393,5230,5389,124,0,5265,5372,154475,-34,1,0,-35,17
2020-08-25,US,Louisiana,Plaquemines,487,19,0,29.42245447,-89.60322085,22075.0,2099.4094063887574,3.901437371663244,468,489,19,0,470,489,23410,-2,0,0,-2,0
2020-08-25,US,Louisiana,Pointe Coupee,917,36,0,30.71409502,-91.60209535,22077.0,4219.972388403129,3.9258451472191935,881,894,36,0,858,888,21940,23,0,0,23,6
2020-08-25,US,Louisiana,Rapides,3679,133,0,31.19778499,-92.52997303,22079.0,2837.683573984944,3.6151128023919545,3546,3703,131,0,3572,3682,130562,-24,2,0,-26,21
2020-08-25,US,Louisiana,Red River,309,19,0,32.09530039,-93.34213308,22081.0,3660.270078180526,6.148867313915857,290,300,19,0,281,300,8477,9,0,0,9,0
2020-08-25,US,Louisiana,Richland,664,9,0,32.41391005,-91.76634876,22083.0,3299.8707881920286,1.355421686746988,655,667,9,0,658,664,20192,-3,0,0,-3,3
2020-08-25,US,Louisiana,Sabine,735,13,0,31.56388699,-93.55433981,22085.0,3077.3739742086755,1.7687074829931972,722,712,13,0,699,711,24032,23,0,0,23,1
2020-08-25,US,Louisiana,St. Bernard,1203,25,0,29.87761636,-89.51887093,22087.0,2546.355092710185,2.078137988362428,1178,1196,25,0,1171,1191,46721,7,0,0,7,5
2020-08-25,US,Louisiana,St. Charles,1611,54,0,29.90709658,-90.35555967,22089.0,3033.898305084746,3.35195530726257,1557,1587,54,0,1533,1580,52879,24,0,0,24,7
2020-08-25,US,Louisiana,St. Helena,368,2,0,30.82210324,-90.71013176,22091.0,3632.056849585472,0.5434782608695652,366,307,2,0,305,305,10262,61,0,0,61,2
2020-08-25,US,Louisiana,St. James,752,35,0,30.02531716,-90.80212061,22093.0,3564.6568069776263,4.654255319148937,717,749,34,0,715,747,21037,3,1,0,2,2
2020-08-25,US,Louisiana,St. John the Baptist,1499,95,0,30.12597499,-90.4753503,22095.0,3499.311342997876,6.337558372248165,1404,1490,94,0,1396,1487,43184,9,1,0,8,3
2020-08-25,US,Louisiana,St. Landry,3006,109,0,30.59724262,-92.00135806,22097.0,3660.3185426915397,3.6260811709913514,2897,3001,108,0,2893,3000,82764,5,1,0,4,1
2020-08-25,US,Louisiana,St. Martin,1928,54,0,30.13112107,-91.61403569,22099.0,3608.3921319084425,2.800829875518672,1874,1839,51,0,1788,1836,53621,89,3,0,86,3
2020-08-25,US,Louisiana,St. Mary,1739,66,0,29.69262097,-91.44702164,22101.0,3523.952338493961,3.7952846463484757,1673,1726,65,0,1661,1720,49774,13,1,0,12,6
2020-08-25,US,Louisiana,St. Tammany,5859,226,0,30.40942847,-89.95642711,22103.0,2249.8358414708605,3.8573135347328895,5633,5841,226,0,5615,5815,258111,18,0,0,18,26
2020-08-25,US,Louisiana,Tangipahoa,3939,90,0,30.62888673,-90.40664996,22105.0,2923.0175573991896,2.2848438690022848,3849,3959,88,0,3871,3934,133777,-20,2,0,-22,25
2020-08-25,US,Louisiana,Tensas,134,1,0,32.00760749,-91.32915234,22107.0,3091.8320258421777,0.746268656716418,133,127,1,0,126,127,4462,7,0,0,7,0
2020-08-25,US,Louisiana,Terrebonne,3259,94,0,29.37343766,-90.82626855,22109.0,2950.3625714052923,2.8843203436637004,3165,3333,94,0,3239,3315,111021,-74,0,0,-74,18
2020-08-25,US,Louisiana,Unassigned,190,141,0,0.0,0.0,90022.0,0.0,74.21052631578948,49,247,141,0,106,250,,-57,0,0,-57,-3
2020-08-25,US,Louisiana,Union,796,39,0,32.83121059,-92.3749373,22111.0,3600.5066039442736,4.899497487437186,757,788,39,0,749,783,22330,8,0,0,8,5
2020-08-25,US,Louisiana,Vermilion,1842,38,0,29.83517605,-92.30292538,22113.0,3095.22609265514,2.0629750271444083,1804,1789,38,0,1751,1784,59830,53,0,0,53,5
2020-08-25,US,Louisiana,Vernon,927,36,0,31.10884837,-93.18153838,22115.0,1954.5004111408637,3.8834951456310685,891,898,36,0,862,889,48860,29,0,0,29,9
2020-08-25,US,Louisiana,Washington,1426,59,0,30.85288548,-90.03866652,22117.0,3086.9809932025805,4.137447405329594,1367,1415,59,0,1356,1402,46582,11,0,0,11,13
2020-08-25,US,Louisiana,Webster,993,19,0,32.70847669,-93.33121835,22119.0,2589.9843505477306,1.9133937562940584,974,988,19,0,969,986,38798,5,0,0,5,2
2020-08-25,US,Louisiana,West Baton Rouge,809,38,0,30.46058217,-91.30989571,22121.0,3056.8675609295296,4.697156983930778,771,787,38,0,749,787,26427,22,0,0,22,0
2020-08-25,US,Louisiana,West Carroll,310,8,0,32.78550125,-91.461201,22123.0,2862.419205909511,2.5806451612903225,302,321,8,0,313,320,10982,-11,0,0,-11,1
2020-08-25,US,Louisiana,West Feliciana,504,19,0,30.87882871,-91.41485379999999,22125.0,3237.4100719424464,3.7698412698412698,485,468,19,0,449,467,15460,36,0,0,36,1
2020-08-25,US,Louisiana,Winn,531,15,0,31.94449367,-92.63789413,22127.0,3819.0448791714616,2.824858757062147,516,517,15,0,502,511,14134,14,0,0,14,6
2020-08-25,US,Maine,Androscoggin,594,10,0,44.1664747,-70.20380627,23001.0,548.5929606472289,1.6835016835016836,584,594,10,0,584,591,107679,0,0,0,0,3
2020-08-25,US,Maine,Aroostook,37,1,0,46.65926321,-68.59841248,23003.0,55.17858474386698,2.702702702702702,36,37,1,0,36,37,67111,0,0,0,0,0
2020-08-25,US,Maine,Cumberland,2166,70,0,43.8370751,-70.37226999,23005.0,734.2298213916469,3.2317636195752537,2096,2161,70,0,2091,2160,293557,5,0,0,5,1
2020-08-25,US,Maine,Franklin,48,1,0,44.97330019,-70.44381045,23007.0,158.94566045233285,2.083333333333333,47,48,1,0,47,48,29897,0,0,0,0,0
2020-08-25,US,Maine,Hancock,46,1,0,44.59816444,-68.38401854,23009.0,83.65613690508665,2.1739130434782608,45,46,1,0,45,46,54811,0,0,0,0,0
2020-08-25,US,Maine,Kennebec,182,11,0,44.40759555,-69.76738544,23011.0,148.81195728606238,6.043956043956044,171,181,11,0,170,179,122083,1,0,0,1,2
2020-08-25,US,Maine,Knox,29,1,0,44.11486325,-69.10529169,23013.0,72.91561902846225,3.4482758620689653,28,29,1,0,28,28,39771,0,0,0,0,1
2020-08-25,US,Maine,Lincoln,35,1,0,44.05996956,-69.54227124,23015.0,101.05676502858464,2.8571428571428568,34,35,1,0,34,35,34342,0,0,0,0,0
2020-08-25,US,Maine,Oxford,59,0,0,44.49952995,-70.75682123,23017.0,101.76800344976284,0.0,59,59,0,0,59,59,57618,0,0,0,0,0
2020-08-25,US,Maine,Penobscot,220,6,0,45.40194593,-68.65020455,23019.0,144.5960512132923,2.727272727272727,214,220,6,0,214,215,151096,0,0,0,0,5
2020-08-25,US,Maine,Piscataquis,7,0,0,45.83839062,-69.2860223,23021.0,41.70390229371464,0.0,7,7,0,0,7,7,16800,0,0,0,0,0
2020-08-25,US,Maine,Sagadahoc,59,0,0,43.95415864,-69.85074999,23023.0,164.54707719767958,0.0,59,59,0,0,59,59,35634,0,0,0,0,0
2020-08-25,US,Maine,Somerset,46,1,0,45.51229767,-69.95995554,23025.0,91.11797797321924,2.1739130434782608,45,46,1,0,45,46,50592,0,0,0,0,0
2020-08-25,US,Maine,Unassigned,1,0,0,0.0,0.0,90023.0,0.0,0.0,1,1,0,0,1,1,,0,0,0,0,0
2020-08-25,US,Maine,Waldo,69,14,0,44.4858305,-69.12061935,23027.0,173.73788241218682,20.28985507246377,55,69,14,0,55,69,39694,0,0,0,0,0
2020-08-25,US,Maine,Washington,15,0,0,45.01607142,-67.62813524,23029.0,47.802670575862855,0.0,15,15,0,0,15,15,31490,0,0,0,0,0
2020-08-25,US,Maine,York,756,14,0,43.47808377,-70.71052375,23031.0,364.08994370090693,1.851851851851852,742,750,14,0,736,741,206229,6,0,0,6,9
2020-08-25,US,Maryland,Allegany,387,20,0,39.62357628,-78.69280486,24001.0,549.5910020449898,5.1679586563307485,367,381,20,0,361,377,70975,6,0,0,6,4
2020-08-25,US,Maryland,Anne Arundel,8037,232,0,39.00670238,-76.60329337,24003.0,1387.5221413107654,2.8866492472315537,7805,8011,231,0,7780,7966,576031,26,1,0,25,45
2020-08-25,US,Maryland,Baltimore,14823,592,0,39.45784712,-76.62911955,24005.0,1791.580550418797,3.9937934291304056,14231,14788,588,0,14200,14693,828431,35,4,0,31,95
2020-08-25,US,Maryland,Baltimore City,14110,451,0,39.30211911,-76.61151012,24510.0,2377.4621307856914,3.196314670446492,13659,14072,451,0,13621,13981,621342,38,0,0,38,91
2020-08-25,US,Maryland,Calvert,766,28,0,38.53961642,-76.56820632,24009.0,827.884355579573,3.655352480417754,738,764,28,0,736,761,92003,2,0,0,2,3
2020-08-25,US,Maryland,Caroline,480,3,0,38.87172293,-75.82904158,24011.0,1436.867628569718,0.625,477,479,3,0,476,478,33304,1,0,0,1,1
2020-08-25,US,Maryland,Carroll,1655,120,0,39.56453592,-77.02373735,24013.0,982.5048828414873,7.250755287009063,1535,1651,120,0,1531,1647,168429,4,0,0,4,4
2020-08-25,US,Maryland,Cecil,766,31,0,39.56647682,-75.94627411,24015.0,744.7377375917554,4.046997389033941,735,765,31,0,734,761,102826,1,0,0,1,4
2020-08-25,US,Maryland,Charles,2306,93,0,38.51092331,-76.98580666,24017.0,1412.496860777792,4.032957502168257,2213,2278,93,0,2185,2260,161503,28,0,0,28,18
2020-08-25,US,Maryland,Dorchester,430,5,0,38.45413522,-76.02752426,24019.0,1346.7380751041376,1.162790697674419,425,430,5,0,425,429,31998,0,0,0,0,1
2020-08-25,US,Maryland,Frederick,3376,123,0,39.47296601,-77.39999394,24021.0,1300.7278065244445,3.643364928909953,3253,3371,123,0,3248,3344,255648,5,0,0,5,27
2020-08-25,US,Maryland,Garrett,63,0,0,39.52786077,-79.27355126,24023.0,217.1365547666644,0.0,63,61,0,0,61,61,29163,2,0,0,2,0
2020-08-25,US,Maryland,Harford,2344,69,0,39.55010644,-76.30775940000002,24025.0,917.6287283560588,2.9436860068259385,2275,2337,69,0,2268,2311,253956,7,0,0,7,26
2020-08-25,US,Maryland,Howard,4266,117,0,39.25305293,-76.93126208,24027.0,1309.834505204335,2.7426160337552736,4149,4249,117,0,4132,4214,323196,17,0,0,17,35
2020-08-25,US,Maryland,Kent,255,23,0,39.24976208,-76.04741541,24029.0,1312.9440840284215,9.019607843137257,232,254,23,0,231,254,19383,1,0,0,1,0
2020-08-25,US,Maryland,Montgomery,19599,815,0,39.13676329,-77.20358245,24031.0,1865.3491807272947,4.15837542731772,18784,19540,815,0,18725,19468,1052567,59,0,0,59,72
2020-08-25,US,Maryland,Prince George's,25648,780,0,38.83070039,-76.8496441,24033.0,2820.5475038132595,3.0411728009981287,24868,25537,780,0,24757,25426,909308,111,0,0,111,111
2020-08-25,US,Maryland,Queen Anne's,523,26,0,39.06198912,-76.03530977,24035.0,1038.0897560588317,4.97131931166348,497,517,26,0,491,514,50251,6,0,0,6,3
2020-08-25,US,Maryland,Somerset,181,3,0,38.1163542,-75.75118623,24039.0,706.5896314803247,1.6574585635359116,178,176,3,0,173,176,25675,5,0,0,5,0
2020-08-25,US,Maryland,St. Mary's,1086,54,0,38.30058422,-76.60629279999998,24037.0,956.7438992159281,4.972375690607736,1032,1084,53,0,1031,1080,112664,2,1,0,1,4
2020-08-25,US,Maryland,Talbot,458,4,0,38.76618159,-76.10882561,24041.0,1231.8119469621581,0.8733624454148472,454,452,4,0,448,446,36968,6,0,0,6,6
2020-08-25,US,Maryland,Unassigned,0,16,0,0.0,0.0,90024.0,0.0,0.0,-16,0,10,0,-10,0,,0,6,0,-6,0
2020-08-25,US,Maryland,Washington,1241,32,0,39.60835778,-77.82002295,24043.0,821.5876967076907,2.5785656728444803,1209,1237,32,0,1205,1234,150926,4,0,0,4,3
2020-08-25,US,Maryland,Wicomico,1480,47,0,38.37301947,-75.62705831,24045.0,1428.4473356561691,3.1756756756756763,1433,1473,47,0,1426,1461,103195,7,0,0,7,12
2020-08-25,US,Maryland,Worcester,766,23,0,38.21274277,-75.33200012,24047.0,1465.2995638533935,3.0026109660574414,743,762,22,0,740,760,51823,4,1,0,3,2
2020-08-25,US,Massachusetts,Barnstable,1591,164,0,41.72980578,-70.28854339,25001.0,746.9834264519461,10.307982401005656,1427,1585,164,0,1421,1583,213413,6,0,0,6,2
2020-08-25,US,Massachusetts,Berkshire,645,46,0,42.37428441,-73.20524838,25003.0,516.2312716096811,7.1317829457364335,599,641,46,0,595,633,126348,4,0,0,4,8
2020-08-25,US,Massachusetts,Bristol,8972,652,0,41.79228404,-71.10872211,25005.0,1587.3549450918854,7.267053053945608,8320,8954,650,0,8304,8919,564022,18,2,0,16,35
2020-08-25,US,Massachusetts,Dukes and Nantucket,92,1,0,41.40674725,-70.68763497,0.0,320.2116181128398,1.0869565217391304,91,87,1,0,86,86,26707,5,0,0,5,1
2020-08-25,US,Massachusetts,Essex,17707,1222,0,42.6687626,-70.94687179,25009.0,2244.136501088673,6.901225504037951,16485,17654,1220,0,16434,17574,790638,53,2,0,51,80
2020-08-25,US,Massachusetts,Franklin,382,61,0,42.58119713,-72.58602547,25011.0,544.3146195497293,15.968586387434554,321,381,61,0,320,380,70963,1,0,0,1,1
2020-08-25,US,Massachusetts,Hampden,7555,739,0,42.13440424,-72.63235561,25013.0,1619.9514550616245,9.781601588352084,6816,7538,737,0,6801,7521,470406,17,2,0,15,17
2020-08-25,US,Massachusetts,Hampshire,1135,135,0,42.33997957,-72.65898478,25015.0,705.7141080644159,11.894273127753305,1000,1130,134,0,996,1116,161355,5,1,0,4,14
2020-08-25,US,Massachusetts,Middlesex,24890,2054,0,42.48607732,-71.39049229,25017.0,1544.3330299268039,8.25231016472479,22836,24800,2053,0,22747,24698,1614714,90,1,0,89,102
2020-08-25,US,Massachusetts,Norfolk,9406,1006,0,42.16073095,-71.20530408,25021.0,1330.8337165293055,10.695300871783967,8400,9382,1005,0,8377,9342,705388,24,1,0,23,40
2020-08-25,US,Massachusetts,Plymouth,8975,737,0,41.94070556,-70.80802823,25023.0,1721.9811128890524,8.211699164345404,8238,8955,737,0,8218,8915,518132,20,0,0,20,40
2020-08-25,US,Massachusetts,Suffolk,21855,1097,0,42.327951399999996,-71.07850442,25025.0,2718.5980467889945,5.0194463509494405,20758,21786,1095,0,20691,21588,807252,69,2,0,67,198
2020-08-25,US,Massachusetts,Unassigned,9958,5,0,0.0,0.0,90025.0,0.0,0.0502108857200241,9953,9899,5,0,9894,9809,,59,0,0,59,90
2020-08-25,US,Massachusetts,Worcester,13257,1042,0,42.35026951,-71.90493363,25027.0,1596.0328524888578,7.859998491363053,12215,13230,1041,0,12189,13196,830839,27,1,0,26,34
2020-08-25,US,Michigan,Alcona,31,2,0,44.6846864,-83.59507875,26001.0,297.93368572801535,6.451612903225807,29,30,2,0,28,30,10362,1,0,0,1,0
2020-08-25,US,Michigan,Alger,17,0,0,46.41292944,-86.60260122,26003.0,186.649099692578,0.0,17,17,0,0,17,18,9097,0,0,0,0,-1
2020-08-25,US,Michigan,Allegan,606,6,0,42.59147037,-85.89102866,26005.0,513.2070358482737,0.99009900990099,600,600,6,0,594,597,117327,6,0,0,6,3
2020-08-25,US,Michigan,Alpena,132,14,0,45.03477666,-83.62212411,26007.0,464.70691779616266,10.606060606060606,118,131,14,0,117,131,28360,1,0,0,1,0
2020-08-25,US,Michigan,Antrim,53,0,0,44.99690221,-85.15503082,26009.0,227.2337506431144,0.0,53,52,0,0,52,53,23365,1,0,0,1,-1
2020-08-25,US,Michigan,Arenac,51,3,0,44.0636262,-83.89277559,26011.0,342.6728482160855,5.882352941176472,48,51,3,0,48,49,15041,0,0,0,0,2
2020-08-25,US,Michigan,Baraga,8,0,0,46.6720582,-88.36363591,26013.0,97.45401388719698,0.0,8,8,0,0,8,8,8320,0,0,0,0,0
2020-08-25,US,Michigan,Barry,208,2,0,42.59513984,-85.30834519,26015.0,337.93663688058484,0.9615384615384616,206,204,2,0,202,203,61157,4,0,0,4,1
2020-08-25,US,Michigan,Bay,786,40,0,43.70639106,-83.98731479,26017.0,762.1744273994917,5.089058524173028,746,780,39,0,741,770,103923,6,1,0,5,10
2020-08-25,US,Michigan,Benzie,41,2,0,44.63899297,-86.01608482,26019.0,230.77789035235844,4.878048780487805,39,42,1,0,41,40,17753,-1,1,0,-2,2
2020-08-25,US,Michigan,Berrien,1555,69,0,41.95447397,-86.41313079999998,26021.0,1013.6830920267796,4.437299035369775,1486,1549,69,0,1480,1518,154141,6,0,0,6,31
2020-08-25,US,Michigan,Branch,408,3,0,41.91600556,-85.05929476,26023.0,937.564629914746,0.7352941176470589,405,406,3,0,403,401,43622,2,0,0,2,5
2020-08-25,US,Michigan,Calhoun,897,44,0,42.24633834,-85.00493569,26025.0,668.6096348362762,4.905239687848384,853,886,43,0,843,878,134487,11,1,0,10,8
2020-08-25,US,Michigan,Cass,393,15,0,41.91522292,-85.99405727,26027.0,758.877710622357,3.816793893129771,378,387,15,0,372,384,51653,6,0,0,6,3
2020-08-25,US,Michigan,Charlevoix,67,2,0,45.37790017,-85.19614053,26029.0,256.28275255326474,2.985074626865672,65,66,2,0,64,63,26244,1,0,0,1,3
2020-08-25,US,Michigan,Cheboygan,65,2,0,45.44787015,-84.50122149,26031.0,257.16094318721315,3.0769230769230766,63,65,2,0,63,62,25413,0,0,0,0,3
2020-08-25,US,Michigan,Chippewa,51,0,0,46.29552653,-84.54353449,26033.0,136.54984069185252,0.0,51,48,0,0,48,48,37517,3,0,0,3,0
2020-08-25,US,Michigan,Clare,97,3,0,43.98794227,-84.84819859999998,26035.0,313.4087237479806,3.0927835051546397,94,94,3,0,91,93,30757,3,0,0,3,1
2020-08-25,US,Michigan,Clinton,461,13,0,42.94400871,-84.60145248,26037.0,579.1821094289842,2.8199566160520613,448,456,13,0,443,452,79332,5,0,0,5,4
2020-08-25,US,Michigan,Crawford,113,5,0,44.68255561,-84.61006219,26039.0,805.4743745099437,4.424778761061948,108,113,5,0,108,112,13901,0,0,0,0,1
2020-08-25,US,Michigan,Delta,134,3,0,45.90484910000001,-86.9080745,26041.0,374.4690364408674,2.238805970149253,131,133,3,0,130,135,35857,1,0,0,1,-2
2020-08-25,US,Michigan,Dickinson,61,2,0,46.00999672,-87.86961634,26043.0,241.68944886881408,3.278688524590164,59,61,2,0,59,61,25383,0,0,0,0,0
2020-08-25,US,Michigan,Eaton,497,8,0,42.59599185,-84.83740035,26045.0,450.72006384445166,1.6096579476861168,489,492,8,0,484,490,109826,5,0,0,5,2
2020-08-25,US,Michigan,Emmet,107,2,0,45.52625509,-84.89083249,26047.0,320.21547209337126,1.8691588785046729,105,105,2,0,103,103,33308,2,0,0,2,2
2020-08-25,US,Michigan,Federal Correctional Institution (FCI),195,5,0,0.0,0.0,0.0,0.0,2.5641025641025643,190,195,5,0,190,195,,0,0,0,0,0
2020-08-25,US,Michigan,Genesee,3888,303,0,43.02244215,-83.70589709,26049.0,958.076749635916,7.79320987654321,3585,3869,303,0,3566,3854,406892,19,0,0,19,15
2020-08-25,US,Michigan,Gladwin,75,2,0,43.98901072,-84.38774817,26051.0,294.7070611811858,2.6666666666666665,73,74,2,0,72,74,25337,1,0,0,1,0
2020-08-25,US,Michigan,Gogebic,142,1,0,46.40862701,-89.69377193,26053.0,1016.1001788908766,0.7042253521126759,141,143,1,0,142,143,15096,-1,0,0,-1,0
2020-08-25,US,Michigan,Grand Traverse,292,5,0,44.69565625,-85.55585247,26055.0,313.68167755242354,1.7123287671232876,287,283,5,0,278,280,92573,9,0,0,9,3
2020-08-25,US,Michigan,Gratiot,181,15,0,43.29265605,-84.60505416,26057.0,444.5972832895287,8.287292817679559,166,177,15,0,162,173,40599,4,0,0,4,4
2020-08-25,US,Michigan,Hillsdale,297,26,0,41.88753639,-84.59312019,26059.0,651.2443810985637,8.754208754208754,271,294,25,0,269,290,45749,3,1,0,2,4
2020-08-25,US,Michigan,Houghton,61,0,0,46.89988536,-88.68495385,26061.0,170.94496132720548,0.0,61,59,0,0,59,58,36219,2,0,0,2,1
2020-08-25,US,Michigan,Huron,194,4,0,43.83353985,-83.04078453,26063.0,626.1902456344211,2.061855670103093,190,194,4,0,190,193,31166,0,0,0,0,1
2020-08-25,US,Michigan,Ingham,1714,37,0,42.59716886,-84.37472069,26065.0,586.1712823950261,2.158693115519253,1677,1705,36,0,1669,1691,292735,9,1,0,8,14
2020-08-25,US,Michigan,Ionia,288,7,0,42.94502238,-85.07413319,26067.0,445.1520163222406,2.430555555555556,281,287,7,0,280,283,64210,1,0,0,1,4
2020-08-25,US,Michigan,Iosco,141,12,0,44.35486835,-83.63484895,26069.0,561.149361244876,8.51063829787234,129,140,12,0,128,140,25081,1,0,0,1,0
2020-08-25,US,Michigan,Iron,26,1,0,46.20974132,-88.53136251,26071.0,234.95391288631845,3.8461538461538463,25,25,1,0,24,25,11117,1,0,0,1,0
2020-08-25,US,Michigan,Isabella,354,9,0,43.64060976,-84.84664923,26073.0,506.64071444927873,2.5423728813559316,345,337,9,0,328,324,70562,17,0,0,17,13
2020-08-25,US,Michigan,Jackson,782,38,0,42.24807035,-84.42258681,26075.0,493.34426850041007,4.859335038363171,744,773,37,0,736,771,158823,9,1,0,8,2
2020-08-25,US,Michigan,Kalamazoo,1857,86,0,42.24542231,-85.53038622,26077.0,700.5802328476683,4.63112547119009,1771,1844,86,0,1758,1828,264870,13,0,0,13,16
2020-08-25,US,Michigan,Kalkaska,61,4,0,44.68512729,-85.09085699,26079.0,338.1749639649628,6.557377049180328,57,61,4,0,57,61,17824,0,0,0,0,0
2020-08-25,US,Michigan,Kent,8165,162,0,43.03197711,-85.54934642,26081.0,1242.8552945026674,1.98407838334354,8003,8113,160,0,7953,8049,653786,52,2,0,50,64
2020-08-25,US,Michigan,Keweenaw,2,0,0,47.63197653,-88.41434263,26083.0,94.5179584120983,0.0,2,3,0,0,3,2,2113,-1,0,0,-1,1
2020-08-25,US,Michigan,Lake,29,0,0,43.99050893,-85.802173,26085.0,244.6637981945499,0.0,29,29,0,0,29,29,11881,0,0,0,0,0
2020-08-25,US,Michigan,Lapeer,521,35,0,43.09052506,-83.22153148,26087.0,594.7013366511809,6.7178502879078685,486,521,35,0,486,515,88028,0,0,0,0,6
2020-08-25,US,Michigan,Leelanau,84,1,0,44.94430054,-85.80150326,26089.0,386.0116722577088,1.1904761904761905,83,84,0,0,84,83,21764,0,1,0,-1,1
2020-08-25,US,Michigan,Lenawee,513,13,0,41.89475156,-84.06603727,26091.0,521.0713959228449,2.53411306042885,500,506,13,0,493,495,98266,7,0,0,7,11
2020-08-25,US,Michigan,Livingston,1036,29,0,42.60302282,-83.91297209,26093.0,539.5973853485768,2.7992277992277987,1007,1021,29,0,992,1005,191224,15,0,0,15,16
2020-08-25,US,Michigan,Luce,4,0,0,46.47227431,-85.54471223,26095.0,64.21576497030021,0.0,4,4,0,0,4,4,6283,0,0,0,0,0
2020-08-25,US,Michigan,Mackinac,32,0,0,46.07028979,-85.04980537,26097.0,296.3237336790444,0.0,32,33,0,0,33,31,10787,-1,0,0,-1,2
2020-08-25,US,Michigan,Macomb,12255,961,0,42.69158356,-82.92752801,26099.0,1402.2188353860306,7.8416972664218685,11294,12154,958,0,11196,12016,874759,101,3,0,98,138
2020-08-25,US,Michigan,Manistee,47,1,0,44.33352407,-86.05626916,26101.0,191.38366316475282,2.127659574468085,46,46,1,0,45,46,24528,1,0,0,1,0
2020-08-25,US,Michigan,Marquette,233,11,0,46.4338914,-87.64043701,26103.0,349.3305746712844,4.721030042918455,222,233,11,0,222,230,66516,0,0,0,0,3
2020-08-25,US,Michigan,Mason,114,0,0,43.99509218,-86.24988902,26105.0,391.16113093604173,0.0,114,113,0,0,113,112,29100,1,0,0,1,1
2020-08-25,US,Michigan,Mecosta,82,2,0,43.64064262,-85.32463223,26107.0,188.7096403010149,2.4390243902439024,80,80,2,0,78,78,43545,2,0,0,2,2
2020-08-25,US,Michigan,Menominee,233,0,0,45.58038692,-87.55370409,26109.0,1022.8270412642668,0.0,233,229,0,0,229,223,22983,4,0,0,4,6
2020-08-25,US,Michigan,Michigan Department of Corrections (MDOC),5163,70,0,0.0,0.0,0.0,0.0,1.3558008909548709,5093,4963,70,0,4893,4907,,200,0,0,200,56
2020-08-25,US,Michigan,Midland,389,11,0,43.64330771,-84.38804374,26111.0,467.795468757516,2.8277634961439593,378,385,10,0,375,380,83209,4,1,0,3,5
2020-08-25,US,Michigan,Missaukee,43,1,0,44.33772443,-85.09256478,26113.0,284.4291572959386,2.3255813953488373,42,43,1,0,42,43,15113,0,0,0,0,0
2020-08-25,US,Michigan,Monroe,1230,26,0,41.92734151,-83.53749864,26115.0,817.2757475083058,2.1138211382113816,1204,1198,26,0,1172,1184,150439,32,0,0,32,14
2020-08-25,US,Michigan,Montcalm,214,3,0,43.31082541,-85.15252824,26117.0,334.96118206862013,1.4018691588785046,211,211,3,0,208,211,63968,3,0,0,3,0
2020-08-25,US,Michigan,Montmorency,12,0,0,45.0275929,-84.12696227,26119.0,128.6449399656947,0.0,12,12,0,0,12,12,9265,0,0,0,0,0
2020-08-25,US,Michigan,Muskegon,1295,64,0,43.29123859,-86.15176712,26121.0,746.11387022804,4.942084942084941,1231,1289,63,0,1226,1275,173588,6,1,0,5,14
2020-08-25,US,Michigan,Newaygo,286,0,0,43.554373999999996,-85.80070107,26123.0,583.9118007349939,0.0,286,284,0,0,284,283,48892,2,0,0,2,1
2020-08-25,US,Michigan,Oakland,17459,1155,0,42.66090111,-83.38595416,26125.0,1388.2969248972636,6.6154991694827885,16304,17358,1152,0,16206,17225,1259201,101,3,0,98,133
2020-08-25,US,Michigan,Oceana,497,6,0,43.64124435,-86.26726673,26127.0,1877.8101031473154,1.2072434607645874,491,496,6,0,490,495,26625,1,0,0,1,1
2020-08-25,US,Michigan,Ogemaw,55,3,0,44.33481032,-84.12725175,26129.0,261.9421822165071,5.454545454545454,52,55,3,0,52,54,20952,0,0,0,0,1
2020-08-25,US,Michigan,Ontonagon,33,0,0,46.665226200000006,-89.31390481,26131.0,576.9230769230769,0.0,33,33,0,0,33,32,5795,0,0,0,0,1
2020-08-25,US,Michigan,Osceola,74,0,0,43.98992088,-85.32566756,26133.0,315.4305200341006,0.0,74,74,0,0,74,74,23341,0,0,0,0,0
2020-08-25,US,Michigan,Oscoda,29,1,0,44.68192279,-84.12939244,26135.0,351.8990413784735,3.4482758620689653,28,29,1,0,28,29,8276,0,0,0,0,0
2020-08-25,US,Michigan,Otsego,140,11,0,45.02085831,-84.59898295,26137.0,567.5368898978434,7.857142857142858,129,138,11,0,127,137,24665,2,0,0,2,1
2020-08-25,US,Michigan,Ottawa,2008,63,0,42.95996803,-85.9969107,26139.0,688.0718226364662,3.137450199203187,1945,2002,63,0,1939,1994,290494,6,0,0,6,8
2020-08-25,US,Michigan,Out of MI,111,0,0,0.0,0.0,80026.0,0.0,0.0,111,106,0,0,106,96,,5,0,0,5,10
2020-08-25,US,Michigan,Presque Isle,21,1,0,45.34018577,-83.91498656,26141.0,166.77255400254128,4.761904761904762,20,21,1,0,20,21,12738,0,0,0,0,0
2020-08-25,US,Michigan,Roscommon,72,4,0,44.33473082,-84.61067651,26143.0,299.76268787210125,5.5555555555555545,68,71,4,0,67,70,23884,1,0,0,1,1
2020-08-25,US,Michigan,Saginaw,2407,130,0,43.33433923,-84.05131209999998,26145.0,1263.2584405292355,5.40091400083091,2277,2387,130,0,2257,2358,190800,20,0,0,20,29
2020-08-25,US,Michigan,Sanilac,118,7,0,43.42406072,-82.82055898,26151.0,286.61646830216176,5.932203389830509,111,117,6,0,111,116,41182,1,1,0,0,1
2020-08-25,US,Michigan,Schoolcraft,15,0,0,46.19235734,-86.19972234,26153.0,185.32246108228318,0.0,15,15,0,0,15,15,8068,0,0,0,0,0
2020-08-25,US,Michigan,Shiawassee,400,29,0,42.95392800000001,-84.14585902,26155.0,587.1818208508265,7.25,371,387,29,0,358,379,68192,13,0,0,13,8
2020-08-25,US,Michigan,St. Clair,885,53,0,42.92655373,-82.67937954,26147.0,556.1560504750894,5.9887005649717535,832,883,53,0,830,877,159337,2,0,0,2,6
2020-08-25,US,Michigan,St. Joseph,670,11,0,41.91441767,-85.52797979,26149.0,1099.0092513614593,1.6417910447761197,659,667,11,0,656,661,61043,3,0,0,3,6
2020-08-25,US,Michigan,Tuscola,427,29,0,43.46606813,-83.41897025,26157.0,817.3030912048999,6.791569086651053,398,422,29,0,393,417,52516,5,0,0,5,5
2020-08-25,US,Michigan,Unassigned,15,0,0,0.0,0.0,90026.0,0.0,0.0,15,15,0,0,15,24,,0,0,0,0,-9
2020-08-25,US,Michigan,Van Buren,582,14,0,42.25190229,-86.01939087,26159.0,769.0579700569526,2.405498281786941,568,579,14,0,565,576,75448,3,0,0,3,3
2020-08-25,US,Michigan,Washtenaw,2826,115,0,42.253105,-83.83853204,26161.0,768.7683112940389,4.069355980184006,2711,2787,115,0,2672,2766,370963,39,0,0,39,21
2020-08-25,US,Michigan,Wayne,30333,2863,0,42.28098405,-83.281255,26163.0,1733.9652658169382,9.43856525895889,27470,30166,2860,0,27306,30013,1753893,167,3,0,164,153
2020-08-25,US,Michigan,Wexford,91,4,0,44.33853602,-85.57712739,26165.0,270.5836876691148,4.395604395604397,87,88,4,0,84,84,33466,3,0,0,3,4
2020-08-25,US,Minnesota,Aitkin,45,1,0,46.60962049,-93.41168259999999,27001.0,283.2682865416091,2.2222222222222223,44,45,1,0,44,45,15902,0,0,0,0,0
2020-08-25,US,Minnesota,Anoka,4412,118,0,45.27476015,-93.24604565,27003.0,1236.1278826406965,2.674524025385313,4294,4386,117,0,4269,4329,353813,26,1,0,25,57
2020-08-25,US,Minnesota,Becker,181,2,0,46.93479392,-95.67158144,27005.0,525.8112308630857,1.1049723756906078,179,178,1,0,177,176,34371,3,1,0,2,2
2020-08-25,US,Minnesota,Beltrami,301,1,0,47.97373527,-94.93732139,27007.0,637.8740357718062,0.3322259136212625,300,296,1,0,295,292,46847,5,0,0,5,4
2020-08-25,US,Minnesota,Benton,361,3,0,45.69804958,-93.99514135,27009.0,882.8780356575118,0.8310249307479224,358,354,3,0,351,352,40545,7,0,0,7,2
2020-08-25,US,Minnesota,Big Stone,31,0,0,45.42712824,-96.41403739,27011.0,621.1180124223603,0.0,31,31,0,0,31,31,4989,0,0,0,0,0
2020-08-25,US,Minnesota,Blue Earth,1071,5,0,44.03554215,-94.06699781,27013.0,1583.0783557270188,0.4668534080298786,1066,1057,5,0,1052,1052,67427,14,0,0,14,5
2020-08-25,US,Minnesota,Brown,110,2,0,44.24205652,-94.72562874,27015.0,439.8592450415867,1.818181818181818,108,110,2,0,108,109,25111,0,0,0,0,1
2020-08-25,US,Minnesota,Carlton,177,1,0,46.59180601,-92.67601019,27017.0,493.4348080622229,0.5649717514124294,176,171,1,0,170,169,35837,6,0,0,6,2
2020-08-25,US,Minnesota,Carver,1046,4,0,44.82017001,-93.80099179999999,27019.0,995.3468012827224,0.3824091778202677,1042,1040,4,0,1036,1028,103551,6,0,0,6,12
2020-08-25,US,Minnesota,Cass,93,3,0,46.95043611,-94.32603968,27021.0,312.3006145270157,3.2258064516129035,90,92,3,0,89,89,29519,1,0,0,1,3
2020-08-25,US,Minnesota,Chippewa,129,1,0,45.02343421,-95.56403693,27023.0,1093.2203389830506,0.7751937984496124,128,129,1,0,128,129,11924,0,0,0,0,0
2020-08-25,US,Minnesota,Chisago,278,1,0,45.5021011,-92.90861945,27025.0,491.34838014104173,0.3597122302158273,277,277,1,0,276,269,55922,1,0,0,1,8
2020-08-25,US,Minnesota,Clay,833,40,0,46.89289518,-96.48761922,27027.0,1297.0633116377564,4.8019207683073235,793,830,40,0,790,828,63955,3,0,0,3,2
2020-08-25,US,Minnesota,Clearwater,18,0,0,47.57992111,-95.37790562,27029.0,204.12792016330243,0.0,18,17,0,0,17,17,8810,1,0,0,1,0
2020-08-25,US,Minnesota,Cook,6,0,0,47.90504893,-90.52629546,27031.0,109.82976386600771,0.0,6,6,0,0,6,6,5393,0,0,0,0,0
2020-08-25,US,Minnesota,Cottonwood,195,0,0,44.00715262,-95.18138802,27033.0,1741.6934619506967,0.0,195,194,0,0,194,194,11277,1,0,0,1,0
2020-08-25,US,Minnesota,Crow Wing,290,16,0,46.48096553,-94.06755609,27035.0,445.7766505264777,5.517241379310344,274,290,16,0,274,287,64889,0,0,0,0,3
2020-08-25,US,Minnesota,Dakota,5375,110,0,44.67172617,-93.06299363,27037.0,1252.852424473394,2.046511627906977,5265,5337,110,0,5227,5260,425423,38,0,0,38,77
2020-08-25,US,Minnesota,Dodge,148,0,0,44.02238415,-92.86244324,27039.0,706.983854017388,0.0,148,148,0,0,148,146,20822,0,0,0,0,2
2020-08-25,US,Minnesota,Douglas,148,1,0,45.93348491,-95.45335469,27041.0,388.0338743084869,0.6756756756756757,147,147,1,0,146,148,37964,1,0,0,1,-1
2020-08-25,US,Minnesota,Faribault,107,0,0,43.67381499,-93.94787458,27043.0,783.7105398081007,0.0,107,108,0,0,108,107,13758,-1,0,0,-1,1
2020-08-25,US,Minnesota,Fillmore,81,0,0,43.67394126,-92.08980382,27045.0,384.4875872217212,0.0,81,80,0,0,80,80,21058,1,0,0,1,0
2020-08-25,US,Minnesota,Freeborn,389,1,0,43.67385583,-93.34884422,27047.0,1284.6339288662855,0.2570694087403599,388,389,1,0,388,387,30444,0,0,0,0,2
2020-08-25,US,Minnesota,Goodhue,243,9,0,44.40849741,-92.72341949999999,27049.0,524.3849805783341,3.703703703703704,234,241,9,0,232,238,46403,2,0,0,2,3
2020-08-25,US,Minnesota,Grant,55,4,0,45.93424769,-96.01139609,27051.0,920.9645010046886,7.272727272727272,51,55,4,0,51,55,6021,0,0,0,0,0
2020-08-25,US,Minnesota,Hennepin,21934,868,0,45.00761521,-93.47694895,27053.0,1732.7583278495044,3.9573265250296346,21066,21846,867,0,20979,21670,1259428,88,1,0,87,176
2020-08-25,US,Minnesota,Houston,67,0,0,43.67129565,-91.49143057,27055.0,360.2150537634408,0.0,67,65,0,0,65,65,18578,2,0,0,2,0
2020-08-25,US,Minnesota,Hubbard,41,0,0,47.10778564,-94.91693868,27057.0,190.77753478200177,0.0,41,42,0,0,42,41,21332,-1,0,0,-1,1
2020-08-25,US,Minnesota,Isanti,167,0,0,45.56181234,-93.29487636,27059.0,411.3705783821066,0.0,167,166,0,0,166,163,39966,1,0,0,1,3
2020-08-25,US,Minnesota,Itasca,171,12,0,47.51009045,-93.63092229,27061.0,378.90538444493683,7.0175438596491215,159,166,12,0,154,163,45108,5,0,0,5,3
2020-08-25,US,Minnesota,Jackson,91,0,0,43.67423373,-95.15398258,27063.0,924.2331911436116,0.0,91,91,0,0,91,90,9911,0,0,0,0,1
2020-08-25,US,Minnesota,Kanabec,62,4,0,45.9459309,-93.29275192,27065.0,379.5066413662239,6.451612903225807,58,62,4,0,58,52,16207,0,0,0,0,10
2020-08-25,US,Minnesota,Kandiyohi,779,1,0,45.1526059,-95.00586446,27067.0,1803.2824833908194,0.12836970474967907,778,779,1,0,778,771,42855,0,0,0,0,8
2020-08-25,US,Minnesota,Kittson,3,0,0,48.77754106,-96.78317184,27069.0,69.79990693345742,0.0,3,3,0,0,3,3,4248,0,0,0,0,0
2020-08-25,US,Minnesota,Koochiching,85,3,0,48.24539665,-93.78352843,27071.0,695.0690980456293,3.5294117647058822,82,85,3,0,82,85,12440,0,0,0,0,0
2020-08-25,US,Minnesota,Lac qui Parle,13,0,0,44.9973857,-96.17488219,27073.0,196.2856711460064,0.0,13,13,0,0,13,12,6658,0,0,0,0,1
2020-08-25,US,Minnesota,Lake,27,0,0,47.64270764,-91.44557998,27075.0,253.73555117000282,0.0,27,27,0,0,27,27,10658,0,0,0,0,0
2020-08-25,US,Minnesota,Lake of the Woods,7,0,0,48.77217001,-94.90274472,27077.0,187.16577540106945,0.0,7,7,0,0,7,7,3758,0,0,0,0,0
2020-08-25,US,Minnesota,Le Sueur,330,2,0,44.37136597,-93.72844721,27079.0,1142.3823865406587,0.6060606060606061,328,326,2,0,324,316,28494,4,0,0,4,10
2020-08-25,US,Minnesota,Lincoln,63,0,0,44.41311883,-96.26688165,27081.0,1117.2193651356624,0.0,63,63,0,0,63,63,5673,0,0,0,0,0
2020-08-25,US,Minnesota,Lyon,447,3,0,44.41327865,-95.83806103,27083.0,1754.7303132605796,0.6711409395973155,444,445,3,0,442,443,25629,2,0,0,2,2
2020-08-25,US,Minnesota,Mahnomen,33,1,0,47.32557075,-95.80921485,27087.0,597.0689343224172,3.0303030303030303,32,32,1,0,31,32,5519,1,0,0,1,0
2020-08-25,US,Minnesota,Marshall,30,0,0,48.35825983,-96.37017407,27089.0,321.3367609254499,0.0,30,31,0,0,31,31,9390,-1,0,0,-1,0
2020-08-25,US,Minnesota,Martin,219,6,0,43.67429718,-94.55099908,27091.0,1112.63526901387,2.7397260273972597,213,219,6,0,213,219,19785,0,0,0,0,0
2020-08-25,US,Minnesota,McLeod,328,1,0,44.82367677,-94.27287017,27085.0,913.8272086479258,0.3048780487804878,327,307,1,0,306,300,35873,21,0,0,21,7
2020-08-25,US,Minnesota,Meeker,96,2,0,45.12328869,-94.52839455,27093.0,413.4010851778486,2.083333333333333,94,94,2,0,92,93,23141,2,0,0,2,1
2020-08-25,US,Minnesota,Mille Lacs,88,3,0,45.93705297,-93.63236823,27095.0,334.89363321535944,3.4090909090909087,85,87,3,0,84,85,26139,1,0,0,1,2
2020-08-25,US,Minnesota,Morrison,108,1,0,46.01265363,-94.27341528,27097.0,323.48888755765887,0.925925925925926,107,108,1,0,107,108,33169,0,0,0,0,0
2020-08-25,US,Minnesota,Mower,1163,3,0,43.67142874,-92.75234549,27099.0,2903.0003494583398,0.2579535683576956,1160,1162,3,0,1159,1158,40011,1,0,0,1,4
2020-08-25,US,Minnesota,Murray,139,1,0,44.02216709,-95.76328482,27101.0,1696.3631925799366,0.7194244604316546,138,137,1,0,136,136,8276,2,0,0,2,1
2020-08-25,US,Minnesota,Nicollet,413,14,0,44.35291112,-94.24710352,27103.0,1204.9950399719905,3.3898305084745757,399,412,14,0,398,408,34220,1,0,0,1,4
2020-08-25,US,Minnesota,Nobles,1832,12,0,43.67434621,-95.75329576,27105.0,8470.109575107495,0.6550218340611353,1820,1827,11,0,1816,1823,21924,5,1,0,4,4
2020-08-25,US,Minnesota,Norman,46,0,0,47.32628443,-96.45620947,27107.0,721.5686274509802,0.0,46,45,0,0,45,45,6475,1,0,0,1,0
2020-08-25,US,Minnesota,Olmsted,1928,24,0,44.00374114,-92.40209944,27109.0,1217.9944785934945,1.2448132780082988,1904,1919,24,0,1895,1915,156277,9,0,0,9,4
2020-08-25,US,Minnesota,Otter Tail,252,4,0,46.40846929,-95.70835255,27111.0,428.96537636605046,1.5873015873015872,248,245,4,0,241,242,58812,7,0,0,7,3
2020-08-25,US,Minnesota,Pennington,77,1,0,48.06642577,-96.0370814,27113.0,545.3644025780861,1.2987012987012987,76,76,1,0,75,76,14178,1,0,0,1,0
2020-08-25,US,Minnesota,Pine,140,0,0,46.12105238,-92.74070188,27115.0,473.3087663545083,0.0,140,139,0,0,139,138,29483,1,0,0,1,1
2020-08-25,US,Minnesota,Pipestone,175,9,0,44.02301619,-96.25841142,27117.0,1917.5980714442248,5.142857142857143,166,174,9,0,165,173,9047,1,0,0,1,1
2020-08-25,US,Minnesota,Polk,180,4,0,47.77372465,-96.40134647,27119.0,573.9063894911362,2.2222222222222223,176,179,4,0,175,179,31529,1,0,0,1,0
2020-08-25,US,Minnesota,Pope,59,0,0,45.58606667,-95.44451209,27121.0,524.491065872522,0.0,59,58,0,0,58,57,11097,1,0,0,1,1
2020-08-25,US,Minnesota,Ramsey,8720,287,0,45.01625271,-93.09872295,27123.0,1584.5297562695227,3.291284403669725,8433,8678,286,0,8392,8594,550210,42,1,0,41,84
2020-08-25,US,Minnesota,Red Lake,28,0,0,47.87197525,-96.09561104,27125.0,690.5055487053021,0.0,28,28,0,0,28,28,3999,0,0,0,0,0
2020-08-25,US,Minnesota,Redwood,47,0,0,44.40555844,-95.25207021,27127.0,309.8220171390903,0.0,47,47,0,0,47,46,15249,0,0,0,0,1
2020-08-25,US,Minnesota,Renville,72,6,0,44.72836381,-94.94553734,27129.0,494.9133901567226,8.333333333333334,66,72,6,0,66,72,14612,0,0,0,0,0
2020-08-25,US,Minnesota,Rice,1150,8,0,44.3543376,-93.29658715,27131.0,1717.1355193215077,0.6956521739130435,1142,1147,8,0,1139,1120,66523,3,0,0,3,27
2020-08-25,US,Minnesota,Rock,99,0,0,43.67482683,-96.25296832,27133.0,1062.8019323671497,0.0,99,99,0,0,99,98,9414,0,0,0,0,1
2020-08-25,US,Minnesota,Roseau,64,0,0,48.77501878,-95.81079919,27135.0,422.0243982855259,0.0,64,64,0,0,64,63,15150,0,0,0,0,1
2020-08-25,US,Minnesota,Scott,1870,28,0,44.6490231,-93.53340251,27139.0,1254.924067027709,1.497326203208556,1842,1859,28,0,1831,1844,147381,11,0,0,11,15
2020-08-25,US,Minnesota,Sherburne,837,13,0,45.44447208,-93.77617511,27141.0,860.7745942944116,1.5531660692951017,824,835,12,0,823,826,96036,2,1,0,1,9
2020-08-25,US,Minnesota,Sibley,119,2,0,44.5796592,-94.23164924,27143.0,800.5381769256642,1.680672268907563,117,116,2,0,114,112,15028,3,0,0,3,4
2020-08-25,US,Minnesota,St. Louis,777,23,0,47.604840700000004,-92.46879855,27137.0,390.31496458532166,2.9601029601029603,754,768,22,0,746,748,199754,9,1,0,8,20
2020-08-25,US,Minnesota,Stearns,3131,21,0,45.55192576,-94.61078221,27145.0,1943.814993015676,0.6707122325135739,3110,3106,21,0,3085,3085,159256,25,0,0,25,21
2020-08-25,US,Minnesota,Steele,400,2,0,44.02240351,-93.22627088,27147.0,1091.4349641190756,0.5,398,399,2,0,397,394,36803,1,0,0,1,5
2020-08-25,US,Minnesota,Stevens,27,0,0,45.58613007,-96.00163705,27149.0,275.36970933197347,0.0,27,28,0,0,28,25,9753,-1,0,0,-1,3
2020-08-25,US,Minnesota,Swift,60,1,0,45.2829032,-95.68264092,27151.0,647.5285991797971,1.6666666666666667,59,60,1,0,59,59,9345,0,0,0,0,1
2020-08-25,US,Minnesota,Todd,443,2,0,46.06996226,-94.89785296,27153.0,1796.1401232565686,0.4514672686230248,441,443,2,0,441,442,24582,0,0,0,0,1
2020-08-25,US,Minnesota,Traverse,21,0,0,45.77298854,-96.47062949,27155.0,644.3694384780607,0.0,21,21,0,0,21,21,3308,0,0,0,0,0
2020-08-25,US,Minnesota,Unassigned,124,46,0,0.0,0.0,90027.0,0.0,37.096774193548384,78,127,46,0,81,123,,-3,0,0,-3,4
2020-08-25,US,Minnesota,Wabasha,111,0,0,44.28424356,-92.23121312,27157.0,513.2473297267305,0.0,111,111,0,0,111,109,21645,0,0,0,0,2
2020-08-25,US,Minnesota,Wadena,44,0,0,46.58589171,-94.96968506,27159.0,321.590410758661,0.0,44,44,0,0,44,41,13773,0,0,0,0,3
2020-08-25,US,Minnesota,Waseca,223,2,0,44.02211116,-93.58720034,27161.0,1198.1517300666235,0.8968609865470852,221,219,2,0,217,212,18691,4,0,0,4,7
2020-08-25,US,Minnesota,Washington,2682,51,0,45.03864533,-92.88429635,27163.0,1021.9478737997257,1.9015659955257271,2631,2663,51,0,2612,2618,259201,19,0,0,19,45
2020-08-25,US,Minnesota,Watonwan,405,4,0,43.97823903,-94.61413846,27165.0,3716.619253005415,0.9876543209876544,401,404,3,0,401,403,10980,1,1,0,0,1
2020-08-25,US,Minnesota,Wilkin,45,3,0,46.35721532,-96.4684375,27167.0,724.9879168680523,6.666666666666668,42,45,3,0,42,45,6254,0,0,0,0,0
2020-08-25,US,Minnesota,Winona,310,17,0,43.98772283,-91.78081305,27169.0,614.0559385151731,5.483870967741934,293,302,17,0,285,298,50825,8,0,0,8,4
2020-08-25,US,Minnesota,Wright,1114,6,0,45.17297924,-93.96234781,27171.0,805.0470815236638,0.5385996409335727,1108,1102,6,0,1096,1085,136349,12,0,0,12,17
2020-08-25,US,Minnesota,Yellow Medicine,68,1,0,44.71710183,-95.86842453,27173.0,700.3810897105777,1.4705882352941178,67,66,1,0,65,61,9795,2,0,0,2,5
2020-08-25,US,Mississippi,Adams,744,30,0,31.47669768,-91.35326037,28001.0,2424.005473560747,4.032258064516129,714,739,28,0,711,731,31192,5,2,0,3,8
2020-08-25,US,Mississippi,Alcorn,565,6,0,34.88084463,-88.57996173,28003.0,1528.96923118556,1.0619469026548674,559,526,6,0,520,512,36925,39,0,0,39,14
2020-08-25,US,Mississippi,Amite,265,6,0,31.17467303,-90.80501621,28005.0,2154.997153777344,2.2641509433962264,259,262,6,0,256,262,12326,3,0,0,3,0
2020-08-25,US,Mississippi,Attala,571,25,0,33.08658803,-89.57838564,28007.0,3141.8509959282487,4.3782837127845875,546,571,25,0,546,571,18365,0,0,0,0,0
2020-08-25,US,Mississippi,Benton,187,1,0,34.81681228,-89.18945516,28009.0,2264.196633975057,0.5347593582887701,186,195,1,0,194,196,8271,-8,0,0,-8,-1
2020-08-25,US,Mississippi,Bolivar,1380,42,0,33.79696941,-90.87372121,28011.0,4505.68107613948,3.0434782608695654,1338,1351,42,0,1309,1342,31333,29,0,0,29,9
2020-08-25,US,Mississippi,Calhoun,456,10,0,33.93683395,-89.33686647,28013.0,3175.2663463547105,2.1929824561403506,446,451,9,0,442,450,14436,5,1,0,4,1
2020-08-25,US,Mississippi,Carroll,287,11,0,33.44834567,-89.91994479,28015.0,2885.2920478536244,3.8327526132404177,276,284,11,0,273,285,9911,3,0,0,3,-1
2020-08-25,US,Mississippi,Chickasaw,560,20,0,33.91983202,-88.9481545,28017.0,3274.279366193065,3.571428571428572,540,562,20,0,542,553,17171,-2,0,0,-2,9
2020-08-25,US,Mississippi,Choctaw,152,4,0,33.34598242,-89.24809382,28019.0,1851.4007308160776,2.631578947368421,148,151,4,0,147,150,8278,1,0,0,1,1
2020-08-25,US,Mississippi,Claiborne,427,15,0,31.97061673,-90.90702196,28021.0,4750.778816199377,3.5128805620608903,412,426,15,0,411,420,9002,1,0,0,1,6
2020-08-25,US,Mississippi,Clarke,419,28,0,32.04158545,-88.68896219999998,28023.0,2696.094202432276,6.682577565632457,391,416,28,0,388,414,15604,3,0,0,3,2
2020-08-25,US,Mississippi,Clay,462,14,0,33.65358105,-88.77784255,28025.0,2391.799544419135,3.0303030303030303,448,449,14,0,435,446,19386,13,0,0,13,3
2020-08-25,US,Mississippi,Coahoma,923,16,0,34.22772299,-90.60415045,28027.0,4171.939974688122,1.733477789815818,907,910,14,0,896,903,22628,13,2,0,11,7
2020-08-25,US,Mississippi,Copiah,1039,31,0,31.86977774,-90.44565118,28029.0,3702.1200783894533,2.9836381135707413,1008,1038,30,0,1008,1031,28543,1,1,0,0,7
2020-08-25,US,Mississippi,Covington,703,17,0,31.63225413,-89.55389939,28031.0,3772.268727194677,2.418207681365576,686,702,17,0,685,697,18853,1,0,0,1,5
2020-08-25,US,Mississippi,DeSoto,4365,41,0,34.87625235,-89.99091418,28033.0,2360.161128984293,0.9392898052691868,4324,4320,38,0,4282,4279,182001,45,3,0,42,41
2020-08-25,US,Mississippi,Forrest,2043,61,0,31.18961454,-89.25832496,28035.0,2727.7461046503863,2.98580518844836,1982,2047,61,0,1986,2035,75036,-4,0,0,-4,12
2020-08-25,US,Mississippi,Franklin,169,3,0,31.47786634,-90.89672989,28037.0,2191.1059250615845,1.7751479289940828,166,170,3,0,167,168,7788,-1,0,0,-1,2
2020-08-25,US,Mississippi,George,672,12,0,30.86259065,-88.64436789,28039.0,2742.857142857143,1.7857142857142858,660,672,12,0,660,669,24250,0,0,0,0,3
2020-08-25,US,Mississippi,Greene,284,14,0,31.21444233,-88.63922281,28041.0,2090.387163256293,4.929577464788731,270,282,14,0,268,282,13586,2,0,0,2,0
2020-08-25,US,Mississippi,Grenada,903,30,0,33.77036166,-89.80245083,28043.0,4350.1300703343295,3.3222591362126246,873,902,28,0,874,901,21055,1,2,0,-1,1
2020-08-25,US,Mississippi,Hancock,463,18,0,30.41830223,-89.48851033,28045.0,972.0356063150824,3.887688984881209,445,457,18,0,439,454,47334,6,0,0,6,3
2020-08-25,US,Mississippi,Harrison,3100,48,0,30.51359752,-89.12467576,28047.0,1489.8116109188772,1.5483870967741935,3052,3061,46,0,3015,3040,206650,39,2,0,37,21
2020-08-25,US,Mississippi,Hinds,6317,135,0,32.2656285,-90.44435448,28049.0,2724.7239475500346,2.1370903910083903,6182,6292,132,0,6160,6273,237085,25,3,0,22,19
2020-08-25,US,Mississippi,Holmes,1019,52,0,33.12345854,-90.08923538,28051.0,5990.593768371546,5.103042198233561,967,1013,50,0,963,1009,17622,6,2,0,4,4
2020-08-25,US,Mississippi,Humphreys,329,13,0,33.12825718,-90.52252707,28053.0,4079.861111111111,3.951367781155015,316,328,12,0,316,328,8257,1,1,0,0,0
2020-08-25,US,Mississippi,Issaquena,95,2,0,32.72531359,-90.97392828,28055.0,7159.005275056518,2.1052631578947367,93,94,2,0,92,94,1308,1,0,0,1,0
2020-08-25,US,Mississippi,Itawamba,495,14,0,34.27993475,-88.3606733,28057.0,2116.2890123984607,2.8282828282828283,481,483,14,0,469,480,23517,12,0,0,12,3
2020-08-25,US,Mississippi,Jackson,2830,57,0,30.54020656,-88.64184064,28059.0,1970.518810447231,2.0141342756183747,2773,2775,54,0,2721,2753,143277,55,3,0,52,22
2020-08-25,US,Mississippi,Jasper,465,12,0,32.01922104,-89.11786866,28061.0,2838.3080021974,2.5806451612903225,453,462,12,0,450,461,16428,3,0,0,3,1
2020-08-25,US,Mississippi,Jefferson,211,8,0,31.73397872,-91.03764977,28063.0,3018.5979971387696,3.791469194312796,203,211,8,0,203,211,7106,0,0,0,0,0
2020-08-25,US,Mississippi,Jefferson Davis,280,7,0,31.56884708,-89.82670990000004,28065.0,2516.175413371675,2.5,273,271,7,0,264,268,11234,9,0,0,9,3
2020-08-25,US,Mississippi,Jones,2087,69,0,31.62257767,-89.16896899999998,28067.0,3064.700872272313,3.3061811212266408,2018,2080,69,0,2011,2073,68461,7,0,0,7,7
2020-08-25,US,Mississippi,Kemper,263,14,0,32.75462946,-88.64105766,28069.0,2699.6509956887703,5.32319391634981,249,260,14,0,246,258,10027,3,0,0,3,2
2020-08-25,US,Mississippi,Lafayette,1202,34,0,34.35687874,-89.48490961,28071.0,2225.1430052388973,2.8286189683860234,1168,1178,32,0,1146,1162,54793,24,2,0,22,16
2020-08-25,US,Mississippi,Lamar,1387,25,0,31.20572971,-89.5077704,28073.0,2189.665787853433,1.8024513338139867,1362,1360,24,0,1336,1354,62447,27,1,0,26,6
2020-08-25,US,Mississippi,Lauderdale,1672,103,0,32.40419769,-88.66229662,28075.0,2255.649241146712,6.160287081339713,1569,1634,102,0,1532,1630,75317,38,1,0,37,4
2020-08-25,US,Mississippi,Lawrence,391,10,0,31.55147224,-90.10841127,28077.0,3106.626410297156,2.557544757033248,381,377,9,0,368,377,12455,14,1,0,13,0
2020-08-25,US,Mississippi,Leake,866,29,0,32.7536828,-89.52402044,28079.0,3800.579303080839,3.348729792147806,837,862,27,0,835,861,22763,4,2,0,2,1
2020-08-25,US,Mississippi,Lee,2041,49,0,34.291877500000005,-88.68149954,28081.0,2388.922702373707,2.4007839294463498,1992,2036,48,0,1988,1982,85202,5,1,0,4,54
2020-08-25,US,Mississippi,Leflore,1208,73,0,33.55545125,-90.29900733,28083.0,4286.271866018522,6.043046357615894,1135,1206,70,0,1136,1198,28919,2,3,0,-1,8
2020-08-25,US,Mississippi,Lincoln,937,49,0,31.53288662,-90.45391915,28085.0,2743.5364389658303,5.229455709711846,888,926,46,0,880,924,34205,11,3,0,8,2
2020-08-25,US,Mississippi,Lowndes,1237,52,0,33.47386518,-88.44191529999998,28087.0,2111.101629831897,4.203718674211803,1185,1227,47,0,1180,1215,58930,10,5,0,5,12
2020-08-25,US,Mississippi,Madison,2802,81,0,32.63389156,-90.03513564,28089.0,2636.6305329719958,2.8907922912205564,2721,2792,79,0,2713,2786,105630,10,2,0,8,6
2020-08-25,US,Mississippi,Marion,761,25,0,31.23132643,-89.8209217,28091.0,3096.894966019615,3.28515111695138,736,760,25,0,735,756,24715,1,0,0,1,4
2020-08-25,US,Mississippi,Marshall,899,11,0,34.76216286,-89.50299462,28093.0,2547.175157250524,1.2235817575083423,888,879,11,0,868,866,35451,20,0,0,20,13
2020-08-25,US,Mississippi,Monroe,984,56,0,33.89236763,-88.4808438,28095.0,2791.33098831272,5.691056910569106,928,974,56,0,918,967,35564,10,0,0,10,7
2020-08-25,US,Mississippi,Montgomery,396,14,0,33.49419589,-89.61729103,28097.0,4051.1508951406654,3.5353535353535355,382,390,12,0,378,391,10023,6,2,0,4,-1
2020-08-25,US,Mississippi,Neshoba,1404,99,0,32.75339664,-89.11726492,28099.0,4821.759736245621,7.05128205128205,1305,1403,97,0,1306,1384,29125,1,2,0,-1,19
2020-08-25,US,Mississippi,Newton,634,13,0,32.40021118,-89.11843336,28101.0,3016.4620801217998,2.050473186119874,621,627,13,0,614,625,21443,7,0,0,7,2
2020-08-25,US,Mississippi,Noxubee,514,14,0,33.11009499,-88.56949061,28103.0,4934.242104252664,2.723735408560312,500,510,13,0,497,509,10535,4,1,0,3,1
2020-08-25,US,Mississippi,Oktibbeha,1319,46,0,33.42491685,-88.87905132,28105.0,2659.9713634621976,3.4874905231235784,1273,1304,46,0,1258,1287,49599,15,0,0,15,17
2020-08-25,US,Mississippi,Panola,1257,21,0,34.36398677,-89.95064249,28107.0,3676.2985493682727,1.6706443914081146,1236,1248,21,0,1227,1246,34178,9,0,0,9,2
2020-08-25,US,Mississippi,Pearl River,708,46,0,30.77090935,-89.58677275,28109.0,1274.871702529936,6.497175141242938,662,697,45,0,652,682,55387,11,1,0,10,15
2020-08-25,US,Mississippi,Perry,285,9,0,31.17161885,-88.99281835,28111.0,2380.3558005512405,3.1578947368421053,276,284,9,0,275,281,11931,1,0,0,1,3
2020-08-25,US,Mississippi,Pike,1092,40,0,31.17507789,-90.40392572,28113.0,2779.4746487477087,3.663003663003663,1052,1073,40,0,1033,1070,39563,19,0,0,19,3
2020-08-25,US,Mississippi,Pontotoc,1003,9,0,34.226046000000004,-89.03636807,28115.0,3117.424006962144,0.8973080757726819,994,983,9,0,974,977,31833,20,0,0,20,6
2020-08-25,US,Mississippi,Prentiss,581,12,0,34.61810501,-88.51986294,28117.0,2312.345777282497,2.0654044750430294,569,557,12,0,545,558,25315,24,0,0,24,-1
2020-08-25,US,Mississippi,Quitman,305,3,0,34.25157572,-90.28908,28119.0,4490.577149587751,0.9836065573770492,302,303,2,0,301,301,7051,2,1,0,1,2
2020-08-25,US,Mississippi,Rankin,2708,54,0,32.26469147,-89.94537876,28121.0,1744.0475040413212,1.994091580502216,2654,2688,47,0,2641,2665,153902,20,7,0,13,23
2020-08-25,US,Mississippi,Scott,1074,21,0,32.406704100000006,-89.53789439,28123.0,3818.8024463092015,1.9553072625698324,1053,1069,21,0,1048,1069,28287,5,0,0,5,0
2020-08-25,US,Mississippi,Sharkey,243,8,0,32.88149103,-90.81595379999999,28125.0,5623.698218005092,3.2921810699588483,235,240,7,0,233,239,4377,3,1,0,2,1
2020-08-25,US,Mississippi,Simpson,907,39,0,31.91282117,-89.91716179,28127.0,3402.355765623828,4.299889746416759,868,897,38,0,859,894,26758,10,1,0,9,3
2020-08-25,US,Mississippi,Smith,454,13,0,32.01744532,-89.50644846,28129.0,2852.4754963558685,2.8634361233480177,441,454,13,0,441,454,16002,0,0,0,0,0
2020-08-25,US,Mississippi,Stone,296,9,0,30.79187949,-89.11547539,28131.0,1614.3106457242584,3.0405405405405403,287,290,9,0,281,284,18717,6,0,0,6,6
2020-08-25,US,Mississippi,Sunflower,1216,34,0,33.60192578,-90.58882684,28133.0,4842.692154520111,2.796052631578948,1182,1204,33,0,1171,1190,25735,12,1,0,11,14
2020-08-25,US,Mississippi,Tallahatchie,610,12,0,33.95339918,-90.1729398,28135.0,4417.408936201028,1.9672131147540983,598,602,11,0,591,600,13987,8,1,0,7,2
2020-08-25,US,Mississippi,Tate,836,32,0,34.65133709,-89.94485778,28137.0,2951.8731683203277,3.827751196172249,804,833,31,0,802,832,28759,3,1,0,2,1
2020-08-25,US,Mississippi,Tippah,517,15,0,34.76872156,-88.90988194,28139.0,2348.3988189870543,2.9013539651837523,502,500,15,0,485,496,21995,17,0,0,17,4
2020-08-25,US,Mississippi,Tishomingo,528,18,0,34.74023475,-88.23917219,28141.0,2724.0365268534288,3.4090909090909087,510,511,18,0,493,504,19454,17,0,0,17,7
2020-08-25,US,Mississippi,Tunica,431,10,0,34.64967704,-90.37481167,28143.0,4474.667774086379,2.320185614849188,421,429,10,0,419,425,9944,2,0,0,2,4
2020-08-25,US,Mississippi,Union,838,20,0,34.49162015,-89.00776006,28145.0,2908.207530799931,2.386634844868735,818,826,20,0,806,823,28606,12,0,0,12,3
2020-08-25,US,Mississippi,Walthall,551,24,0,31.14971548,-90.10446654,28147.0,3856.922861542769,4.355716878402904,527,548,24,0,524,547,14465,3,0,0,3,1
2020-08-25,US,Mississippi,Warren,1260,43,0,32.35810271,-90.83352619,28149.0,2776.4923646459965,3.412698412698413,1217,1248,41,0,1207,1245,46176,12,2,0,10,3
2020-08-25,US,Mississippi,Washington,1944,57,0,33.28392041,-90.94196237,28151.0,4427.33835887859,2.9320987654320985,1887,1930,57,0,1873,1912,45063,14,0,0,14,18
2020-08-25,US,Mississippi,Wayne,840,21,0,31.64135687,-88.69573913,28153.0,4161.918446217113,2.5,819,833,21,0,812,831,20298,7,0,0,7,2
2020-08-25,US,Mississippi,Webster,292,13,0,33.61300486,-89.28392912,28155.0,3013.7269068015275,4.452054794520548,279,282,13,0,269,282,9788,10,0,0,10,0
2020-08-25,US,Mississippi,Wilkinson,273,15,0,31.16078225,-91.31018819,28157.0,3163.383545770568,5.494505494505495,258,258,14,0,244,258,8792,15,1,0,14,0
2020-08-25,US,Mississippi,Winston,688,18,0,33.08747908,-89.03391385,28159.0,3831.801726538569,2.6162790697674416,670,682,18,0,664,681,18165,6,0,0,6,1
2020-08-25,US,Mississippi,Yalobusha,350,11,0,34.02824175,-89.70762049999998,28161.0,2890.650809382227,3.1428571428571432,339,348,10,0,338,347,12392,2,1,0,1,1
2020-08-25,US,Mississippi,Yazoo,935,19,0,32.77890365,-90.39656148,28163.0,3149.208487706298,2.0320855614973263,916,930,18,0,912,928,28248,5,1,0,4,2
2020-08-25,US,Missouri,Adair,209,0,0,40.19058551,-92.60078167,29001.0,824.6853174446593,0.0,209,206,0,0,206,207,25339,3,0,0,3,-1
2020-08-25,US,Missouri,Andrew,108,1,0,39.98492163,-94.80163024,29003.0,609.7560975609756,0.925925925925926,107,110,1,0,109,107,17607,-2,0,0,-2,3
2020-08-25,US,Missouri,Atchison,20,0,0,40.43238737,-95.42970639,29005.0,388.8780867198133,0.0,20,20,0,0,20,22,5171,0,0,0,0,-2
2020-08-25,US,Missouri,Audrain,243,1,0,39.215877,-91.84242683,29007.0,957.1451079250039,0.41152263374485604,242,244,1,0,243,241,25473,-1,0,0,-1,3
2020-08-25,US,Missouri,Barry,326,4,0,36.70978521,-93.82919888,29009.0,910.8944088965884,1.2269938650306749,322,323,4,0,319,322,35886,3,0,0,3,1
2020-08-25,US,Missouri,Barton,84,0,0,37.50207671,-94.34757022,29011.0,714.6503318019397,0.0,84,83,0,0,83,79,11798,1,0,0,1,4
2020-08-25,US,Missouri,Bates,62,1,0,38.25271289,-94.34113157,29013.0,383.37867919861486,1.6129032258064515,61,61,1,0,60,60,16320,1,0,0,1,1
2020-08-25,US,Missouri,Benton,147,1,0,38.29503305,-93.28756116,29015.0,756.0561641721956,0.6802721088435374,146,145,1,0,144,144,19278,2,0,0,2,1
2020-08-25,US,Missouri,Bollinger,97,1,0,37.32449052,-90.02725304,29017.0,799.472512981126,1.0309278350515465,96,97,1,0,96,95,12169,0,0,0,0,2
2020-08-25,US,Missouri,Boone,1984,6,0,38.99186229,-92.30723575,29019.0,1099.3943356809982,0.3024193548387097,1978,1951,5,0,1946,1917,180005,33,1,0,32,34
2020-08-25,US,Missouri,Buchanan,1197,10,0,39.65816401,-94.80138942,29021.0,1370.1295728217572,0.835421888053467,1187,1188,10,0,1178,1182,88571,9,0,0,9,6
2020-08-25,US,Missouri,Butler,354,2,0,36.71462476,-90.40421163,29023.0,833.3725693300063,0.5649717514124294,352,354,2,0,352,351,42639,0,0,0,0,3
2020-08-25,US,Missouri,Caldwell,40,1,0,39.65620858,-93.98308093,29025.0,443.4589800443459,2.5,39,40,1,0,39,39,9108,0,0,0,0,1
2020-08-25,US,Missouri,Callaway,260,2,0,38.83674754,-91.92186505,29027.0,581.0964843662696,0.7692307692307693,258,259,2,0,257,253,44889,1,0,0,1,6
2020-08-25,US,Missouri,Camden,471,8,0,38.02199522,-92.76083747,29029.0,1017.1687722708133,1.6985138004246283,463,455,8,0,447,452,45815,16,0,0,16,3
2020-08-25,US,Missouri,Cape Girardeau,868,6,0,37.38489388,-89.6843587,29031.0,1100.531247226484,0.6912442396313364,862,863,6,0,857,848,78753,5,0,0,5,15
2020-08-25,US,Missouri,Carroll,107,0,0,39.42762566,-93.50626255,29033.0,1232.8609286784192,0.0,107,107,0,0,107,107,8743,0,0,0,0,0
2020-08-25,US,Missouri,Carter,27,1,0,36.94160441,-90.96051322,29035.0,451.3540621865597,3.703703703703704,26,27,1,0,26,26,6054,0,0,0,0,1
2020-08-25,US,Missouri,Cass,975,9,0,38.64789422,-94.353399,29037.0,921.7243335224048,0.9230769230769232,966,971,9,0,962,961,104954,4,0,0,4,10
2020-08-25,US,Missouri,Cedar,46,0,0,37.72391475,-93.85445441,29039.0,320.5798313471322,0.0,46,46,0,0,46,45,14165,0,0,0,0,1
2020-08-25,US,Missouri,Chariton,23,0,0,39.51499357,-92.9629191,29041.0,309.72259628332887,0.0,23,22,0,0,22,22,7451,1,0,0,1,0
2020-08-25,US,Missouri,Christian,546,1,0,36.9711783,-93.18537118,29043.0,616.2876008804109,0.18315018315018314,545,540,1,0,539,529,86983,6,0,0,6,11
2020-08-25,US,Missouri,Clark,33,0,0,40.41040752,-91.73661677,29045.0,485.5083124908048,0.0,33,33,0,0,33,33,6842,0,0,0,0,0
2020-08-25,US,Missouri,Clay,1285,30,0,39.31132056,-94.41850862,29047.0,514.1069342423224,2.3346303501945527,1255,1269,30,0,1239,1261,246365,16,0,0,16,8
2020-08-25,US,Missouri,Clinton,118,0,0,39.6013098,-94.40465394,29049.0,578.8002158238093,0.0,118,115,0,0,115,113,20470,3,0,0,3,2
2020-08-25,US,Missouri,Cole,729,4,0,38.50455671,-92.27860244,29051.0,949.8990162225552,0.5486968449931413,725,722,3,0,719,719,76796,7,1,0,6,3
2020-08-25,US,Missouri,Cooper,188,0,0,38.844478,-92.80896081,29053.0,1061.607092438873,0.0,188,187,0,0,187,186,17603,1,0,0,1,1
2020-08-25,US,Missouri,Crawford,148,1,0,37.97663738,-91.30528104,29055.0,618.7290969899667,0.6756756756756757,147,146,1,0,145,141,23957,2,0,0,2,5
2020-08-25,US,Missouri,Dade,20,0,0,37.431814,-93.8503345,29057.0,264.515275757175,0.0,20,20,0,0,20,21,7569,0,0,0,0,-1
2020-08-25,US,Missouri,Dallas,93,1,0,37.681135499999996,-93.02127031,29059.0,551.0131532172059,1.075268817204301,92,90,1,0,89,88,16762,3,0,0,3,2
2020-08-25,US,Missouri,Daviess,19,0,0,39.96145298,-93.98519678,29061.0,229.52403962309742,0.0,19,19,0,0,19,19,8313,0,0,0,0,0
2020-08-25,US,Missouri,DeKalb,52,1,0,39.89201062,-94.40476508,29063.0,414.4416992109668,1.9230769230769231,51,52,1,0,51,51,12630,0,0,0,0,1
2020-08-25,US,Missouri,Dent,31,0,0,37.60663134,-91.50790473,29065.0,199.06247993321773,0.0,31,32,0,0,32,31,15441,-1,0,0,-1,1
2020-08-25,US,Missouri,Douglas,98,2,0,36.9325593,-92.49905109,29067.0,743.2688661357604,2.0408163265306123,96,98,2,0,96,97,13373,0,0,0,0,1
2020-08-25,US,Missouri,Dunklin,452,4,0,36.27167174,-90.09122243,29069.0,1551.6116851464076,0.8849557522123894,448,446,4,0,442,445,29423,6,0,0,6,1
2020-08-25,US,Missouri,Franklin,889,19,0,38.41127108,-91.07522826,29071.0,855.0790154568277,2.137232845894263,870,877,19,0,858,863,103670,12,0,0,12,14
2020-08-25,US,Missouri,Gasconade,49,0,0,38.43947277,-91.50847147,29073.0,333.1973344213246,0.0,49,47,0,0,47,47,14705,2,0,0,2,0
2020-08-25,US,Missouri,Gentry,89,9,0,40.21097916,-94.40944419,29075.0,1354.436158879927,10.112359550561797,80,89,9,0,80,88,6628,0,0,0,0,1
2020-08-25,US,Missouri,Greene,2514,10,0,37.2575872,-93.34230916,29077.0,857.7687095255318,0.3977724741447892,2504,2434,10,0,2424,2365,291923,80,0,0,80,69
2020-08-25,US,Missouri,Grundy,34,1,0,40.11406587,-93.56509276,29079.0,345.1776649746193,2.9411764705882355,33,34,1,0,33,32,9914,0,0,0,0,2
2020-08-25,US,Missouri,Harrison,62,1,0,40.35570088,-93.99222144,29081.0,742.337164750958,1.6129032258064515,61,62,1,0,61,62,8414,0,0,0,0,0
2020-08-25,US,Missouri,Henry,107,3,0,38.38482826,-93.79293734,29083.0,490.2859237536657,2.803738317757009,104,107,3,0,104,106,21792,0,0,0,0,1
2020-08-25,US,Missouri,Hickory,53,0,0,37.94163617,-93.3203037,29085.0,555.322715842414,0.0,53,53,0,0,53,51,9509,0,0,0,0,2
2020-08-25,US,Missouri,Holt,55,0,0,40.09799248,-95.21638879999999,29087.0,1249.1483079718373,0.0,55,55,0,0,55,55,4404,0,0,0,0,0
2020-08-25,US,Missouri,Howard,90,0,0,39.1435761,-92.69756691,29089.0,899.9100089991002,0.0,90,86,0,0,86,85,10137,4,0,0,4,1
2020-08-25,US,Missouri,Howell,206,3,0,36.77383887,-91.88683935,29091.0,513.4980182964829,1.4563106796116505,203,202,2,0,200,198,40076,4,1,0,3,4
2020-08-25,US,Missouri,Iron,42,0,0,37.55487945,-90.7735296,29093.0,414.8148148148149,0.0,42,40,0,0,40,40,10177,2,0,0,2,0
2020-08-25,US,Missouri,Jackson,5116,73,0,39.01002188,-94.34724536,29095.0,727.7268776733223,1.4268960125097732,5043,5071,71,0,5000,5038,700307,45,2,0,43,33
2020-08-25,US,Missouri,Jasper,2137,35,0,37.20351921,-94.34050458,29097.0,1761.3411578530927,1.6378100140383716,2102,2123,35,0,2088,2113,120636,14,0,0,14,10
2020-08-25,US,Missouri,Jefferson,2351,30,0,38.25926778,-90.53870896,29099.0,1044.512864257756,1.2760527435133986,2321,2324,30,0,2294,2269,224347,27,0,0,27,55
2020-08-25,US,Missouri,Johnson,551,3,0,38.74719601,-93.80691168,29101.0,1019.2001775738968,0.5444646098003629,548,551,3,0,548,543,53652,0,0,0,0,8
2020-08-25,US,Missouri,Kansas City,8538,66,0,39.0997,-94.5786,0.0,1746.2158165675753,0.7730147575544624,8472,8509,66,0,8443,8422,491918,29,0,0,29,87
2020-08-25,US,Missouri,Knox,38,0,0,40.12699751,-92.14780832,29103.0,959.8383430159132,0.0,38,38,0,0,38,38,3947,0,0,0,0,0
2020-08-25,US,Missouri,Laclede,267,1,0,37.65896829,-92.5888493,29105.0,747.417630098256,0.3745318352059925,266,263,1,0,262,263,35713,4,0,0,4,0
2020-08-25,US,Missouri,Lafayette,217,2,0,39.06986886,-93.78076396,29107.0,663.4462516815457,0.9216589861751152,215,215,2,0,213,211,32598,2,0,0,2,4
2020-08-25,US,Missouri,Lawrence,319,2,0,37.10626634,-93.83293097,29109.0,831.7038195802372,0.6269592476489029,317,317,2,0,315,310,38359,2,0,0,2,7
2020-08-25,US,Missouri,Lewis,54,1,0,40.09673161,-91.72070156,29111.0,552.3731587561375,1.851851851851852,53,54,1,0,53,53,9855,0,0,0,0,1
2020-08-25,US,Missouri,Lincoln,510,1,0,39.05345619,-90.95588181,29113.0,864.2163591073154,0.19607843137254904,509,505,1,0,504,497,57686,5,0,0,5,8
2020-08-25,US,Missouri,Linn,44,1,0,39.87001769,-93.10704106,29115.0,369.1275167785235,2.272727272727273,43,41,1,0,40,43,12037,3,0,0,3,-2
2020-08-25,US,Missouri,Livingston,69,1,0,39.78110272,-93.54645978,29117.0,453.1424443422868,1.4492753623188406,68,68,1,0,67,68,15146,1,0,0,1,0
2020-08-25,US,Missouri,Macon,72,0,0,39.83049768,-92.56453089,29121.0,476.2849771780115,0.0,72,72,0,0,72,71,15153,0,0,0,0,1
2020-08-25,US,Missouri,Madison,77,0,0,37.47865134,-90.34671429999999,29123.0,636.9953673064196,0.0,77,77,0,0,77,71,12188,0,0,0,0,6
2020-08-25,US,Missouri,Maries,35,0,0,38.16193985,-91.92249662,29125.0,402.43762216856385,0.0,35,35,0,0,35,35,8769,0,0,0,0,0
2020-08-25,US,Missouri,Marion,360,1,0,39.80601912,-91.62203062,29127.0,1261.8296529968457,0.2777777777777778,359,349,1,0,348,335,28592,11,0,0,11,14
2020-08-25,US,Missouri,McDonald,980,9,0,36.62869595,-94.34867205,29119.0,4291.2816919910665,0.9183673469387756,971,978,9,0,969,976,23078,2,0,0,2,2
2020-08-25,US,Missouri,Mercer,15,0,0,40.42212303,-93.56829590000001,29129.0,414.7083218136577,0.0,15,15,0,0,15,15,3641,0,0,0,0,0
2020-08-25,US,Missouri,Miller,212,1,0,38.21450288,-92.42610898,29131.0,827.5108318045201,0.4716981132075472,211,205,1,0,204,203,25336,7,0,0,7,2
2020-08-25,US,Missouri,Mississippi,214,0,0,36.82516239,-89.29505753,29133.0,1623.6722306525035,0.0,214,214,0,0,214,214,13336,0,0,0,0,0
2020-08-25,US,Missouri,Moniteau,176,2,0,38.63571781,-92.57976951,29135.0,1090.9992561368708,1.1363636363636365,174,175,2,0,173,174,16121,1,0,0,1,1
2020-08-25,US,Missouri,Monroe,56,0,0,39.49593978,-92.00043978,29137.0,647.8482184173994,0.0,56,55,0,0,55,53,8664,1,0,0,1,2
2020-08-25,US,Missouri,Montgomery,49,1,0,38.94022054,-91.47000721,29139.0,424.2056964764955,2.0408163265306123,48,49,1,0,48,48,11534,0,0,0,0,1
2020-08-25,US,Missouri,Morgan,109,0,0,38.4181765,-92.88791859,29141.0,528.4336064381636,0.0,109,108,0,0,108,108,20358,1,0,0,1,0
2020-08-25,US,Missouri,New Madrid,342,3,0,36.59666326,-89.66070007,29143.0,2002.810962754744,0.8771929824561403,339,341,3,0,338,338,17296,1,0,0,1,3
2020-08-25,US,Missouri,Newton,1028,11,0,36.90519407,-94.3394104,29145.0,1765.2311285115734,1.0700389105058363,1017,1020,11,0,1009,1018,58266,8,0,0,8,2
2020-08-25,US,Missouri,Nodaway,297,1,0,40.36079813,-94.88133008,29147.0,1344.3780554046714,0.3367003367003367,296,295,1,0,294,272,22304,2,0,0,2,23
2020-08-25,US,Missouri,Oregon,32,0,0,36.68710164,-91.4033755,29149.0,303.92249976256056,0.0,32,31,0,0,31,30,10541,1,0,0,1,1
2020-08-25,US,Missouri,Osage,71,1,0,38.46036182,-91.8613635,29151.0,521.4836577304444,1.4084507042253518,70,70,1,0,69,70,13714,1,0,0,1,0
2020-08-25,US,Missouri,Ozark,17,0,0,36.64916339,-92.44459066,29153.0,185.3063004142141,0.0,17,17,0,0,17,18,9017,0,0,0,0,-1
2020-08-25,US,Missouri,Pemiscot,308,9,0,36.2130572,-89.78742322,29155.0,1948.75039544448,2.9220779220779223,299,305,9,0,296,301,16272,3,0,0,3,4
2020-08-25,US,Missouri,Perry,308,4,0,37.70660776,-89.82741088,29157.0,1609.531772575251,1.2987012987012987,304,297,4,0,293,292,19150,11,0,0,11,5
2020-08-25,US,Missouri,Pettis,746,7,0,38.72798918,-93.28471706,29159.0,1761.9688703086988,0.9383378016085792,739,742,5,0,737,736,42542,4,2,0,2,6
2020-08-25,US,Missouri,Phelps,164,0,0,37.87736118,-91.79351727,29161.0,367.9357458551141,0.0,164,152,0,0,152,151,44732,12,0,0,12,1
2020-08-25,US,Missouri,Pike,132,1,0,39.34310674,-91.16980779,29163.0,721.2326521691617,0.7575757575757576,131,132,1,0,131,131,18504,0,0,0,0,1
2020-08-25,US,Missouri,Platte,448,10,0,39.38154439,-94.77068479,29165.0,429.0448007048593,2.232142857142857,438,442,10,0,432,441,102985,6,0,0,6,1
2020-08-25,US,Missouri,Polk,264,0,0,37.616229600000004,-93.39828174,29167.0,821.176397399608,0.0,264,262,0,0,262,261,32201,2,0,0,2,1
2020-08-25,US,Missouri,Pulaski,336,1,0,37.82462075,-92.20783203,29169.0,638.6982720930674,0.2976190476190476,335,330,1,0,329,331,52014,6,0,0,6,-1
2020-08-25,US,Missouri,Putnam,19,1,0,40.47942497,-93.02042674,29171.0,404.59965928449736,5.2631578947368425,18,19,1,0,18,18,4757,0,0,0,0,1
2020-08-25,US,Missouri,Ralls,91,0,0,39.52817427,-91.51838643,29173.0,882.7238335435055,0.0,91,89,0,0,89,85,10212,2,0,0,2,4
2020-08-25,US,Missouri,Randolph,110,1,0,39.44007257,-92.49713740000001,29175.0,444.48036204945856,0.9090909090909092,109,109,1,0,108,108,24763,1,0,0,1,1
2020-08-25,US,Missouri,Ray,122,0,0,39.353746799999996,-93.98905745,29177.0,530.019984360066,0.0,122,122,0,0,122,121,22883,0,0,0,0,1
2020-08-25,US,Missouri,Reynolds,19,0,0,37.36085952,-90.97009925,29179.0,303.030303030303,0.0,19,19,0,0,19,18,6254,0,0,0,0,1
2020-08-25,US,Missouri,Ripley,83,0,0,36.65460667,-90.85990261,29181.0,624.6237206502108,0.0,83,83,0,0,83,79,13401,0,0,0,0,4
2020-08-25,US,Missouri,Saline,525,7,0,39.13734288,-93.20259964,29195.0,2306.577039673125,1.3333333333333333,518,525,7,0,518,522,22895,0,0,0,0,3
2020-08-25,US,Missouri,Schuyler,13,0,0,40.46921489,-92.52311943,29197.0,278.9699570815451,0.0,13,13,0,0,13,13,4599,0,0,0,0,0
2020-08-25,US,Missouri,Scotland,18,1,0,40.45214695,-92.14709064,29199.0,367.1970624235006,5.5555555555555545,17,18,1,0,17,18,4966,0,0,0,0,0
2020-08-25,US,Missouri,Scott,551,13,0,37.05588075,-89.56474493,29201.0,1439.3939393939395,2.3593466424682394,538,548,13,0,535,544,38458,3,0,0,3,4
2020-08-25,US,Missouri,Shannon,47,1,0,37.15772072,-91.40190382,29203.0,575.5571883419052,2.127659574468085,46,47,1,0,46,47,8189,0,0,0,0,0
2020-08-25,US,Missouri,Shelby,45,0,0,39.79742518,-92.07634971,29205.0,758.8532883642496,0.0,45,44,0,0,44,44,6050,1,0,0,1,0
2020-08-25,US,Missouri,St. Charles,5338,96,0,38.77875681,-90.66662425,29183.0,1327.7880315007635,1.798426376920195,5242,5290,96,0,5194,5219,399182,48,0,0,48,71
2020-08-25,US,Missouri,St. Clair,26,0,0,38.03699437,-93.77631447,29185.0,276.68404810045763,0.0,26,26,0,0,26,25,9395,0,0,0,0,1
2020-08-25,US,Missouri,St. Francois,839,4,0,37.81214171,-90.47598685,29187.0,1248.2332812616232,0.4767580452920143,835,829,4,0,825,806,66692,10,0,0,10,23
2020-08-25,US,Missouri,St. Louis,18210,720,0,38.63770039999999,-90.4458375,29189.0,1831.6142043139998,3.9538714991762767,17490,17975,713,0,17262,17872,996945,235,7,0,228,103
2020-08-25,US,Missouri,St. Louis City,5978,187,0,38.63555736,-90.24349225,29510.0,1988.8480783562231,3.12813650050184,5791,5951,184,0,5767,5907,302838,27,3,0,24,44
2020-08-25,US,Missouri,Ste. Genevieve,97,1,0,37.89090059,-90.1949941,29186.0,542.0811445177154,1.0309278350515465,96,91,1,0,90,90,17888,6,0,0,6,1
2020-08-25,US,Missouri,Stoddard,273,9,0,36.85571651,-89.9444155,29207.0,940.5684754521964,3.2967032967032965,264,273,9,0,264,262,29206,0,0,0,0,11
2020-08-25,US,Missouri,Stone,247,1,0,36.75000327,-93.45256475,29209.0,773.0345518277417,0.4048582995951417,246,245,1,0,244,240,31749,2,0,0,2,5
2020-08-25,US,Missouri,Sullivan,166,0,0,40.2099105,-93.11150106,29211.0,2726.227623583511,0.0,166,160,0,0,160,160,6221,6,0,0,6,0
2020-08-25,US,Missouri,Taney,868,3,0,36.65465345,-93.04075153,29213.0,1551.995422686311,0.3456221198156682,865,864,3,0,861,855,55852,4,0,0,4,9
2020-08-25,US,Missouri,Texas,79,1,0,37.31728859,-91.96564727,29215.0,311.0481140247264,1.2658227848101269,78,78,1,0,77,78,25571,1,0,0,1,0
2020-08-25,US,Missouri,Vernon,71,0,0,37.8457799,-94.34127305,29217.0,345.28035792442734,0.0,71,71,0,0,71,70,20528,0,0,0,0,1
2020-08-25,US,Missouri,Warren,299,0,0,38.76529479,-91.16124662,29219.0,838.7332042974557,0.0,299,293,0,0,293,291,34711,6,0,0,6,2
2020-08-25,US,Missouri,Washington,200,1,0,37.96130078,-90.87948158,29221.0,808.7343307723413,0.5,199,199,1,0,198,191,24943,1,0,0,1,8
2020-08-25,US,Missouri,Wayne,73,0,0,37.11303869,-90.46001416,29223.0,567.0783811077449,0.0,73,73,0,0,73,72,13122,0,0,0,0,1
2020-08-25,US,Missouri,Webster,185,1,0,37.2813734,-92.876329,29225.0,467.2661143665387,0.5405405405405406,184,181,1,0,180,173,39109,4,0,0,4,8
2020-08-25,US,Missouri,Worth,10,0,0,40.47945588,-94.42328751,29227.0,496.77098857426734,0.0,10,10,0,0,10,10,2040,0,0,0,0,0
2020-08-25,US,Missouri,Wright,79,0,0,37.27029221,-92.46914488,29229.0,431.95363333151084,0.0,79,78,0,0,78,78,18378,1,0,0,1,0
2020-08-25,US,Montana,Beaverhead,69,0,0,45.13434354,-112.89846940000001,30001.0,729.92700729927,0.0,69,69,0,0,69,70,9404,0,0,0,0,-1
2020-08-25,US,Montana,Big Horn,603,15,0,45.42335905,-107.492347,30003.0,4527.366919438397,2.487562189054726,588,591,15,0,576,587,13338,12,0,0,12,4
2020-08-25,US,Montana,Blaine,15,0,0,48.43175214,-108.9582723,30005.0,224.51728783116297,0.0,15,15,0,0,15,15,6807,0,0,0,0,0
2020-08-25,US,Montana,Broadwater,16,0,0,46.33277565,-111.49558130000001,30007.0,256.5335898669232,0.0,16,15,0,0,15,14,6085,1,0,0,1,1
2020-08-25,US,Montana,Carbon,84,0,0,45.22850116,-109.0274047,30009.0,783.2167832167833,0.0,84,83,0,0,83,82,10714,1,0,0,1,1
2020-08-25,US,Montana,Cascade,256,5,0,47.30797024,-111.3467922,30013.0,314.62773148489543,1.953125,251,217,5,0,212,198,81643,39,0,0,39,19
2020-08-25,US,Montana,Chouteau,10,0,0,47.88084126,-110.4353362,30015.0,177.4622892635315,0.0,10,10,0,0,10,10,5745,0,0,0,0,0
2020-08-25,US,Montana,Custer,64,2,0,46.25319932,-105.57375259999998,30017.0,561.3050342045256,3.125,62,64,2,0,62,64,11586,0,0,0,0,0
2020-08-25,US,Montana,Daniels,3,0,0,48.78420029,-105.54763429999998,30019.0,177.5147928994083,0.0,3,3,0,0,3,3,1747,0,0,0,0,0
2020-08-25,US,Montana,Dawson,32,0,0,47.26584855,-104.89444170000002,30021.0,371.5314060141648,0.0,32,31,0,0,31,31,8680,1,0,0,1,0
2020-08-25,US,Montana,Deer Lodge,32,0,0,46.05953325,-113.073353,30023.0,350.109409190372,0.0,32,32,0,0,32,32,9131,0,0,0,0,0
2020-08-25,US,Montana,Fallon,2,0,0,46.33478338,-104.41835649999999,30025.0,70.27406886858749,0.0,2,2,0,0,2,2,2920,0,0,0,0,0
2020-08-25,US,Montana,Fergus,24,0,0,47.26331584,-109.2245206,30027.0,217.1945701357466,0.0,24,24,0,0,24,24,11113,0,0,0,0,0
2020-08-25,US,Montana,Flathead,506,3,0,48.29575866,-114.05205690000001,30029.0,487.44773905169257,0.5928853754940712,503,490,3,0,487,479,102106,16,0,0,16,11
2020-08-25,US,Montana,Gallatin,1023,3,0,45.54486106,-111.1692571,30031.0,893.9650803083,0.2932551319648094,1020,1017,3,0,1014,1012,111876,6,0,0,6,5
2020-08-25,US,Montana,Garfield,12,0,0,47.27545948,-107.0002351,30033.0,953.8950715421304,0.0,12,12,0,0,12,12,1268,0,0,0,0,0
2020-08-25,US,Montana,Glacier,121,1,0,48.70513576,-112.9934235,30035.0,879.8080418817713,0.8264462809917356,120,111,1,0,110,111,13747,10,0,0,10,0
2020-08-25,US,Montana,Golden Valley,3,0,0,46.3816474,-109.17685220000001,30037.0,365.4080389768576,0.0,3,3,0,0,3,3,826,0,0,0,0,0
2020-08-25,US,Montana,Granite,18,0,0,46.40605220000001,-113.4414186,30039.0,532.7019828351583,0.0,18,18,0,0,18,18,3378,0,0,0,0,0
2020-08-25,US,Montana,Hill,67,2,0,48.62879827,-110.1129252,30041.0,406.45474399417617,2.985074626865672,65,54,2,0,52,53,16347,13,0,0,13,1
2020-08-25,US,Montana,Jefferson,35,0,0,46.14907081,-112.094396,30043.0,286.39227559119547,0.0,35,34,0,0,34,34,12097,1,0,0,1,0
2020-08-25,US,Montana,Judith Basin,4,0,0,47.04581276,-110.26606880000001,30045.0,199.30244145490784,0.0,4,3,0,0,3,3,1952,1,0,0,1,0
2020-08-25,US,Montana,Lake,193,1,0,47.64514965,-114.0898013,30047.0,633.6594654934663,0.5181347150259067,192,193,1,0,192,192,30250,0,0,0,0,1
2020-08-25,US,Montana,Lewis and Clark,191,2,0,47.12610041,-112.39469799999999,30049.0,275.0892960018436,1.0471204188481675,189,191,2,0,189,191,68700,0,0,0,0,0
2020-08-25,US,Montana,Liberty,1,0,0,48.56084317,-111.02430700000001,30051.0,42.78990158322636,0.0,1,1,0,0,1,1,2430,0,0,0,0,0
2020-08-25,US,Montana,Lincoln,83,2,0,48.54265777,-115.4046155,30053.0,415.41541541541534,2.409638554216868,81,81,2,0,79,81,19794,2,0,0,2,0
2020-08-25,US,Montana,Madison,91,1,0,45.30080065,-111.9173017,30057.0,1058.139534883721,1.0989010989010992,90,91,1,0,90,91,8768,0,0,0,0,0
2020-08-25,US,Montana,McCone,7,0,0,47.64469406,-105.79449939999999,30055.0,420.67307692307685,0.0,7,5,0,0,5,5,1675,2,0,0,2,0
2020-08-25,US,Montana,Meagher,4,0,0,46.59907074,-110.8898557,30059.0,214.8227712137487,0.0,4,4,0,0,4,4,1866,0,0,0,0,0
2020-08-25,US,Montana,Mineral,2,0,0,47.15283992,-115.00152390000001,30061.0,45.48555833522857,0.0,2,2,0,0,2,2,4316,0,0,0,0,0
2020-08-25,US,Montana,Missoula,408,3,0,47.03728583,-113.92135079999998,30063.0,341.13712374581934,0.7352941176470589,405,407,3,0,404,404,118791,1,0,0,1,3
2020-08-25,US,Montana,Musselshell,7,0,0,46.49684637,-108.39498,30065.0,151.090006475286,0.0,7,7,0,0,7,6,4651,0,0,0,0,1
2020-08-25,US,Montana,Park,63,0,0,45.48965095,-110.52643940000002,30067.0,379.3809466457907,0.0,63,63,0,0,63,64,16736,0,0,0,0,-1
2020-08-25,US,Montana,Phillips,109,0,0,48.25936577,-107.9128511,30071.0,2756.7020738492665,0.0,109,108,0,0,108,108,4074,1,0,0,1,0
2020-08-25,US,Montana,Pondera,15,0,0,48.22773388,-112.22527029999999,30073.0,253.76416849940787,0.0,15,15,0,0,15,15,5972,0,0,0,0,0
2020-08-25,US,Montana,Powder River,2,0,0,45.39617714,-105.636738,30075.0,118.90606420927469,0.0,2,1,0,0,1,1,1716,1,0,0,1,0
2020-08-25,US,Montana,Powell,10,0,0,46.85538891,-112.93591640000001,30077.0,145.1378809869376,0.0,10,8,0,0,8,3,6968,2,0,0,2,5
2020-08-25,US,Montana,Prairie,1,0,0,46.86048047,-105.379384,30079.0,92.85051067780873,0.0,1,1,0,0,1,1,1087,0,0,0,0,0
2020-08-25,US,Montana,Ravalli,98,2,0,46.08520862,-114.11891640000002,30081.0,223.71364653243847,2.0408163265306123,96,94,2,0,92,92,43172,4,0,0,4,2
2020-08-25,US,Montana,Richland,54,2,0,47.78668011,-104.5610786,30083.0,499.86114968064425,3.703703703703704,52,54,2,0,52,54,10913,0,0,0,0,0
2020-08-25,US,Montana,Roosevelt,35,1,0,48.29607488,-105.00792679999999,30085.0,318.06615776081424,2.8571428571428568,34,34,1,0,33,34,11059,1,0,0,1,0
2020-08-25,US,Montana,Rosebud,135,2,0,46.23397237,-106.72928799999998,30087.0,1510.5740181268882,1.4814814814814814,133,134,2,0,132,134,9063,1,0,0,1,0
2020-08-25,US,Montana,Sanders,31,0,0,47.67657534,-115.1329916,30089.0,255.9233880954346,0.0,31,31,0,0,31,28,11844,0,0,0,0,3
2020-08-25,US,Montana,Sheridan,5,0,0,48.72085833,-104.50382900000001,30091.0,151.1030522816561,0.0,5,5,0,0,5,5,3424,0,0,0,0,0
2020-08-25,US,Montana,Silver Bow,110,0,0,45.90018933,-112.6620092,30093.0,315.05083774881854,0.0,110,111,0,0,111,110,34993,-1,0,0,-1,1
2020-08-25,US,Montana,Stillwater,33,2,0,45.67071407,-109.3950061,30095.0,342.25264467952707,6.0606060606060606,31,33,1,0,32,33,9534,0,1,0,-1,0
2020-08-25,US,Montana,Sweet Grass,9,1,0,45.81367654,-109.9425686,30097.0,240.83489430024085,11.111111111111109,8,8,1,0,7,9,3710,1,0,0,1,-1
2020-08-25,US,Montana,Teton,17,0,0,47.83741052,-112.24106880000001,30099.0,276.55767040832933,0.0,17,17,0,0,17,17,6162,0,0,0,0,0
2020-08-25,US,Montana,Toole,47,6,0,48.65577551,-111.69424140000001,30101.0,992.3986486486486,12.76595744680851,41,47,6,0,41,47,4853,0,0,0,0,0
2020-08-25,US,Montana,Treasure,3,0,0,46.20973220000001,-107.26665159999999,30103.0,431.0344827586207,0.0,3,3,0,0,3,3,679,0,0,0,0,0
2020-08-25,US,Montana,Valley,37,0,0,48.36435097,-106.6669635,30105.0,500.27041644131964,0.0,37,37,0,0,37,37,7437,0,0,0,0,0
2020-08-25,US,Montana,Wheatland,3,0,0,46.46652491,-109.84646359999999,30107.0,141.11006585136406,0.0,3,3,0,0,3,3,2236,0,0,0,0,0
2020-08-25,US,Montana,Wibaux,5,0,0,46.95925154,-104.2510927,30109.0,515.9958720330237,0.0,5,5,0,0,5,5,1034,0,0,0,0,0
2020-08-25,US,Montana,Yellowstone,1816,41,0,45.93955949,-108.26914860000001,30111.0,1125.8524488530686,2.2577092511013217,1775,1797,36,0,1761,1792,160137,19,5,0,14,5
2020-08-25,US,Nebraska,Adams,387,11,0,40.52449420000001,-98.50117804,31001.0,1233.9380799030705,2.842377260981912,376,384,11,0,373,381,31511,3,0,0,3,3
2020-08-25,US,Nebraska,Antelope,23,1,0,42.17695516,-98.06662829999999,31003.0,365.1953000952684,4.3478260869565215,22,23,1,0,22,23,6336,0,0,0,0,0
2020-08-25,US,Nebraska,Arthur,1,0,0,41.56896142,-101.6959559,31005.0,215.98272138228938,0.0,1,1,0,0,1,1,465,0,0,0,0,0
2020-08-25,US,Nebraska,Banner,3,0,0,41.54634427,-103.7114332,31007.0,402.6845637583893,0.0,3,3,0,0,3,3,730,0,0,0,0,0
2020-08-25,US,Nebraska,Boone,18,0,0,41.70759415,-98.06737183,31011.0,346.6872110939908,0.0,18,16,0,0,16,16,5239,2,0,0,2,0
2020-08-25,US,Nebraska,Box Butte,19,0,0,42.22079243,-103.08788340000001,31013.0,176.20328294537697,0.0,19,19,0,0,19,19,10772,0,0,0,0,0
2020-08-25,US,Nebraska,Boyd,10,0,0,42.899727399999996,-98.76486568,31015.0,521.1047420531527,0.0,10,10,0,0,10,10,1955,0,0,0,0,0
2020-08-25,US,Nebraska,Brown,3,0,0,42.43018907,-99.92904055,31017.0,101.5228426395939,0.0,3,2,0,0,2,2,2973,1,0,0,1,0
2020-08-25,US,Nebraska,Buffalo,591,3,0,40.85486962,-99.07500296,31019.0,1190.1165951791215,0.5076142131979695,588,582,3,0,579,573,49615,9,0,0,9,9
2020-08-25,US,Nebraska,Burt,60,0,0,41.85056773,-96.32605633,31021.0,928.9363678588015,0.0,60,57,0,0,57,57,6488,3,0,0,3,0
2020-08-25,US,Nebraska,Butler,75,0,0,41.22703692,-97.13106306,31023.0,935.62874251497,0.0,75,73,0,0,73,73,8058,2,0,0,2,0
2020-08-25,US,Nebraska,Cass,241,2,0,40.90899107,-96.13971217,31025.0,918.1651935385553,0.8298755186721992,239,236,2,0,234,235,26159,5,0,0,5,1
2020-08-25,US,Nebraska,Cedar,44,0,0,42.598885100000004,-97.25311951,31027.0,523.6848369435849,0.0,44,42,0,0,42,42,8446,2,0,0,2,0
2020-08-25,US,Nebraska,Chase,11,0,0,40.523719799999995,-101.69780259999999,31029.0,280.32619775739045,0.0,11,11,0,0,11,11,3977,0,0,0,0,0
2020-08-25,US,Nebraska,Cherry,5,0,0,42.54502621,-101.1244332,31031.0,87.88890841975744,0.0,5,5,0,0,5,5,5761,0,0,0,0,0
2020-08-25,US,Nebraska,Cheyenne,28,0,0,41.21999357,-102.9941693,31033.0,314.25364758698095,0.0,28,28,0,0,28,27,9310,0,0,0,0,1
2020-08-25,US,Nebraska,Clay,53,0,0,40.52439441,-98.05126296,31035.0,854.4252780912462,0.0,53,54,0,0,54,53,6214,-1,0,0,-1,1
2020-08-25,US,Nebraska,Colfax,714,4,0,41.57486951,-97.0868542,31037.0,6667.28919600336,0.5602240896358543,710,713,4,0,709,713,10881,1,0,0,1,0
2020-08-25,US,Nebraska,Cuming,78,0,0,41.91637624,-96.78730772,31039.0,881.7544652950487,0.0,78,74,0,0,74,74,8940,4,0,0,4,0
2020-08-25,US,Nebraska,Custer,67,4,0,41.39374521,-99.72805369,31041.0,621.6943490767375,5.970149253731344,63,66,4,0,62,66,10840,1,0,0,1,0
2020-08-25,US,Nebraska,Dakota,1966,42,0,42.39040144,-96.56656425,31043.0,9817.237591131528,2.136317395727365,1924,1963,42,0,1921,1960,20083,3,0,0,3,3
2020-08-25,US,Nebraska,Dawes,57,0,0,42.71985036,-103.1313774,31045.0,663.6395389451624,0.0,57,53,0,0,53,52,8716,4,0,0,4,1
2020-08-25,US,Nebraska,Dawson,989,9,0,40.87028216,-99.82014609999999,31047.0,4191.566009747828,0.9100101112234581,980,988,10,0,978,987,23709,1,-1,0,2,1
2020-08-25,US,Nebraska,Deuel,2,0,0,41.11168186,-102.33333309999999,31049.0,111.48272017837236,0.0,2,2,0,0,2,3,1825,0,0,0,0,-1
2020-08-25,US,Nebraska,Dixon,57,2,0,42.49188363,-96.86782408,31051.0,1011.3555713271824,3.5087719298245608,55,58,2,0,56,57,5709,-1,0,0,-1,1
2020-08-25,US,Nebraska,Dodge,876,11,0,41.58071748,-96.65598179,31053.0,2395.7336250512785,1.2557077625570776,865,868,11,0,857,865,36791,8,0,0,8,3
2020-08-25,US,Nebraska,Douglas,12815,151,0,41.29518299,-96.15085305,31055.0,2243.023697462224,1.1783066718689037,12664,12715,150,0,12565,12619,566880,100,1,0,99,96
2020-08-25,US,Nebraska,Dundy,5,0,0,40.17638677,-101.6876522,31057.0,295.3337271116362,0.0,5,5,0,0,5,5,1770,0,0,0,0,0
2020-08-25,US,Nebraska,Fillmore,30,1,0,40.52458567,-97.59646937,31059.0,549.2493592090809,3.333333333333333,29,30,1,0,29,30,5527,0,0,0,0,0
2020-08-25,US,Nebraska,Franklin,17,0,0,40.17636348,-98.95299073,31061.0,570.6612957368243,0.0,17,17,0,0,17,17,3023,0,0,0,0,0
2020-08-25,US,Nebraska,Frontier,6,0,0,40.52993007,-100.3924658,31063.0,228.39741149600303,0.0,6,5,0,0,5,5,2608,1,0,0,1,0
2020-08-25,US,Nebraska,Furnas,20,1,0,40.17642064,-99.91247454,31065.0,427.71599657827204,5.0,19,19,1,0,18,19,4715,1,0,0,1,0
2020-08-25,US,Nebraska,Gage,123,4,0,40.26186809,-96.68946704,31067.0,571.7473155766281,3.2520325203252027,119,118,4,0,114,112,21493,5,0,0,5,6
2020-08-25,US,Nebraska,Garden,6,0,0,41.61703149,-102.3313973,31069.0,326.619488296135,0.0,6,6,0,0,6,6,1897,0,0,0,0,0
2020-08-25,US,Nebraska,Garfield,6,0,0,41.91428955,-98.99111827,31071.0,304.7232097511427,0.0,6,6,0,0,6,6,1987,0,0,0,0,0
2020-08-25,US,Nebraska,Gosper,23,0,0,40.51481965,-99.83020279,31073.0,1155.7788944723618,0.0,23,22,0,0,22,22,1996,1,0,0,1,0
2020-08-25,US,Nebraska,Greeley,10,0,0,41.56742671,-98.52150266,31077.0,424.44821731748726,0.0,10,10,0,0,10,10,2356,0,0,0,0,0
2020-08-25,US,Nebraska,Hall,1806,46,0,40.87257079,-98.50218293,31079.0,2943.621338809838,2.5470653377630117,1760,1800,46,0,1754,1797,61607,6,0,0,6,3
2020-08-25,US,Nebraska,Hamilton,103,12,0,40.87349452,-98.02099117,31081.0,1104.6761046761046,11.650485436893206,91,103,12,0,91,103,9280,0,0,0,0,0
2020-08-25,US,Nebraska,Harlan,4,0,0,40.17658508,-99.40438879,31083.0,118.3431952662722,0.0,4,3,0,0,3,2,3401,1,0,0,1,1
2020-08-25,US,Nebraska,Hitchcock,2,0,0,40.17609175,-101.04164770000001,31087.0,72.41129616220131,0.0,2,2,0,0,2,2,2806,0,0,0,0,0
2020-08-25,US,Nebraska,Holt,17,0,0,42.45522056,-98.78402558,31089.0,168.86858051057908,0.0,17,17,0,0,17,16,10178,0,0,0,0,1
2020-08-25,US,Nebraska,Hooker,4,0,0,41.91586243,-101.1354293,31091.0,586.5102639296188,0.0,4,4,0,0,4,4,682,0,0,0,0,0
2020-08-25,US,Nebraska,Howard,60,5,0,41.2200529,-98.5166499,31093.0,930.954228083786,8.333333333333334,55,60,5,0,55,60,6468,0,0,0,0,0
2020-08-25,US,Nebraska,Jefferson,19,0,0,40.17584531,-97.142601,31095.0,269.6565427192733,0.0,19,19,0,0,19,19,7097,0,0,0,0,0
2020-08-25,US,Nebraska,Johnson,21,0,0,40.39257596,-96.26522753,31097.0,414.1195030565963,0.0,21,21,0,0,21,21,5134,0,0,0,0,0
2020-08-25,US,Nebraska,Kearney,97,0,0,40.50663314,-98.94877182,31099.0,1493.4565050038489,0.0,97,97,0,0,97,97,6544,0,0,0,0,0
2020-08-25,US,Nebraska,Keith,47,0,0,41.19930341,-101.66201640000001,31101.0,585.0136918098083,0.0,47,46,0,0,46,43,8021,1,0,0,1,3
2020-08-25,US,Nebraska,Kimball,15,0,0,41.19774275,-103.7148131,31105.0,412.9955947136564,0.0,15,15,0,0,15,15,3618,0,0,0,0,0
2020-08-25,US,Nebraska,Knox,57,0,0,42.63758421,-97.89178836,31107.0,684.1094575132023,0.0,57,50,0,0,50,48,8419,7,0,0,7,2
2020-08-25,US,Nebraska,Lancaster,3674,20,0,40.78416049,-96.68777155,31109.0,1151.399291735874,0.5443658138268916,3654,3611,20,0,3591,3604,317272,63,0,0,63,7
2020-08-25,US,Nebraska,Lincoln,257,2,0,41.04658298,-100.74753740000001,31111.0,736.0944033911898,0.7782101167315175,255,254,2,0,252,251,35185,3,0,0,3,3
2020-08-25,US,Nebraska,Logan,3,0,0,41.56650314,-100.4817851,31113.0,401.06951871657753,0.0,3,3,0,0,3,3,749,0,0,0,0,0
2020-08-25,US,Nebraska,Madison,552,5,0,41.91676024,-97.6005481,31119.0,1572.6943787572295,0.9057971014492754,547,546,5,0,541,542,35392,6,0,0,6,4
2020-08-25,US,Nebraska,McPherson,6,0,0,41.56797682,-101.05993620000001,31117.0,1214.5748987854256,0.0,6,6,0,0,6,6,492,0,0,0,0,0
2020-08-25,US,Nebraska,Merrick,63,0,0,41.16624273,-98.0374887,31121.0,812.3791102514508,0.0,63,62,0,0,62,62,7733,1,0,0,1,0
2020-08-25,US,Nebraska,Morrill,64,0,0,41.71711774,-103.0061405,31123.0,1378.7160706591985,0.0,64,64,0,0,64,63,4686,0,0,0,0,1
2020-08-25,US,Nebraska,Nance,11,0,0,41.39750195,-97.99327291,31125.0,312.588803637397,0.0,11,11,0,0,11,11,3532,0,0,0,0,0
2020-08-25,US,Nebraska,Nemaha,68,0,0,40.38514847,-95.85433992,31127.0,975.3298909925417,0.0,68,61,0,0,61,59,6958,7,0,0,7,2
2020-08-25,US,Nebraska,Nuckolls,9,0,0,40.17637905,-98.04743961,31129.0,216.97203471552555,0.0,9,7,0,0,7,7,4195,2,0,0,2,0
2020-08-25,US,Nebraska,Otoe,94,1,0,40.64843556,-96.13374142,31131.0,587.0597052210842,1.0638297872340423,93,91,1,0,90,86,15985,3,0,0,3,5
2020-08-25,US,Nebraska,Pawnee,10,0,0,40.13141096,-96.23705437,31133.0,382.70187523918884,0.0,10,10,0,0,10,10,2632,0,0,0,0,0
2020-08-25,US,Nebraska,Perkins,28,7,0,40.85082525,-101.6502942,31135.0,968.5230024213076,25.0,21,28,7,0,21,28,2929,0,0,0,0,0
2020-08-25,US,Nebraska,Phelps,55,0,0,40.51156033,-99.41461667,31137.0,608.8111578481293,0.0,55,54,0,0,54,53,8996,1,0,0,1,1
2020-08-25,US,Nebraska,Pierce,57,1,0,42.26434853,-97.60122773,31139.0,797.4258533855624,1.7543859649122806,56,56,1,0,55,56,7142,1,0,0,1,0
2020-08-25,US,Nebraska,Platte,832,3,0,41.57246836,-97.52144359,31141.0,2485.808186435614,0.3605769230769231,829,830,3,0,827,831,33363,2,0,0,2,-1
2020-08-25,US,Nebraska,Polk,32,0,0,41.18813488,-97.56630712,31143.0,613.849990408594,0.0,32,31,0,0,31,31,5278,1,0,0,1,0
2020-08-25,US,Nebraska,Red Willow,18,0,0,40.17556879999999,-100.476998,31145.0,167.84781797836632,0.0,18,18,0,0,18,18,10726,0,0,0,0,0
2020-08-25,US,Nebraska,Richardson,30,1,0,40.1247415,-95.71755036,31147.0,381.4367450731087,3.333333333333333,29,30,1,0,29,30,7937,0,0,0,0,0
2020-08-25,US,Nebraska,Rock,5,0,0,42.42252217,-99.44832069,31149.0,368.45983787767136,0.0,5,5,0,0,5,5,1360,0,0,0,0,0
2020-08-25,US,Nebraska,Saline,620,2,0,40.52418865,-97.14085859,31151.0,4358.830146231721,0.3225806451612903,618,617,2,0,615,615,14350,3,0,0,3,2
2020-08-25,US,Nebraska,Sarpy,2675,15,0,41.11314181,-96.11156432,31153.0,1428.9835252890018,0.5607476635514018,2660,2648,15,0,2633,2642,184459,27,0,0,27,6
2020-08-25,US,Nebraska,Saunders,196,2,0,41.227810299999994,-96.63773905,31155.0,908.3325609417,1.020408163265306,194,189,2,0,187,189,21303,7,0,0,7,0
2020-08-25,US,Nebraska,Scotts Bluff,342,6,0,41.85070896,-103.70809859999999,31157.0,960.1886686506822,1.7543859649122806,336,331,6,0,325,331,35989,11,0,0,11,0
2020-08-25,US,Nebraska,Seward,147,2,0,40.87241834,-97.139673,31159.0,850.4975700069429,1.3605442176870748,145,147,2,0,145,147,17318,0,0,0,0,0
2020-08-25,US,Nebraska,Sheridan,14,0,0,42.50284406,-102.4126613,31161.0,266.8699961875715,0.0,14,14,0,0,14,14,5190,0,0,0,0,0
2020-08-25,US,Nebraska,Sherman,15,1,0,41.22045983,-98.97588642,31163.0,499.8333888703766,6.666666666666668,14,15,1,0,14,15,3038,0,0,0,0,0
2020-08-25,US,Nebraska,Sioux,5,0,0,42.48932059,-103.7576544,31165.0,428.8164665523156,0.0,5,5,0,0,5,5,1187,0,0,0,0,0
2020-08-25,US,Nebraska,Stanton,32,0,0,41.9169835,-97.19394708,31167.0,540.5405405405405,0.0,32,32,0,0,32,32,5970,0,0,0,0,0
2020-08-25,US,Nebraska,Thayer,27,0,0,40.17626377,-97.59504381,31169.0,539.6761942834298,0.0,27,27,0,0,27,27,5039,0,0,0,0,0
2020-08-25,US,Nebraska,Thomas,4,0,0,41.91358968,-100.5556632,31171.0,554.016620498615,0.0,4,3,0,0,3,3,720,1,0,0,1,0
2020-08-25,US,Nebraska,Thurston,217,4,0,42.15725356,-96.54157099,31173.0,3003.875968992248,1.8433179723502304,213,217,4,0,213,217,7303,0,0,0,0,0
2020-08-25,US,Nebraska,Unassigned,150,1,0,0.0,0.0,90031.0,0.0,0.6666666666666666,149,168,1,0,167,176,,-18,0,0,-18,-8
2020-08-25,US,Nebraska,Valley,18,0,0,41.56730777,-98.98197724,31175.0,432.9004329004329,0.0,18,18,0,0,18,18,4190,0,0,0,0,0
2020-08-25,US,Nebraska,Washington,163,1,0,41.52815707,-96.22019892,31177.0,786.3379806068792,0.6134969325153374,162,158,1,0,157,158,20667,5,0,0,5,0
2020-08-25,US,Nebraska,Wayne,46,0,0,42.20934475,-97.11926964,31179.0,490.14384656366536,0.0,46,45,0,0,45,45,9403,1,0,0,1,0
2020-08-25,US,Nebraska,Webster,13,0,0,40.17642643,-98.50019851,31181.0,372.8133065672498,0.0,13,11,0,0,11,11,3533,2,0,0,2,0
2020-08-25,US,Nebraska,Wheeler,1,0,0,41.91482725,-98.52798941,31183.0,127.7139208173691,0.0,1,1,0,0,1,1,805,0,0,0,0,0
2020-08-25,US,Nebraska,York,104,0,0,40.87272618,-97.59710186,31185.0,760.2894948461145,0.0,104,102,0,0,102,101,13772,2,0,0,2,1
2020-08-25,US,Nevada,Carson City,412,8,0,39.15509045,-119.7480219,32510.0,736.8195149867659,1.9417475728155342,404,408,8,0,400,405,55414,4,0,0,4,3
2020-08-25,US,Nevada,Churchill,84,1,0,39.58105744,-118.3394607,32001.0,337.22750812959174,1.1904761904761905,83,84,1,0,83,82,24440,0,0,0,0,2
2020-08-25,US,Nevada,Clark,57131,1058,0,36.21458855,-115.0130241,32003.0,2520.4315496213685,1.8518842659851917,56073,56796,1028,0,55768,56464,2231647,335,30,0,305,332
2020-08-25,US,Nevada,Douglas,231,1,0,38.912862,-119.61713329999999,32005.0,472.3443410694203,0.4329004329004329,230,229,1,0,228,226,48467,2,0,0,2,3
2020-08-25,US,Nevada,Elko,735,3,0,41.14531606,-115.3577619,32007.0,1392.6257152601465,0.4081632653061225,732,731,3,0,728,728,52460,4,0,0,4,3
2020-08-25,US,Nevada,Eureka,5,0,0,39.98100864,-116.26832040000001,32011.0,246.4268112370626,0.0,5,5,0,0,5,5,2003,0,0,0,0,0
2020-08-25,US,Nevada,Humboldt,109,4,0,41.40692186,-118.11094270000001,32013.0,647.6145208246687,3.669724770642202,105,109,4,0,105,106,16786,0,0,0,0,3
2020-08-25,US,Nevada,Lander,57,1,0,39.933223299999995,-117.03970749999999,32015.0,1030.3687635574838,1.7543859649122806,56,56,1,0,55,54,5575,1,0,0,1,2
2020-08-25,US,Nevada,Lincoln,6,0,0,37.64268459,-114.8790388,32017.0,115.76307158016591,0.0,6,7,0,0,7,7,5201,-1,0,0,-1,0
2020-08-25,US,Nevada,Lyon,303,6,0,39.01777974,-119.18704790000001,32019.0,526.8648930620761,1.98019801980198,297,300,6,0,294,296,55808,3,0,0,3,4
2020-08-25,US,Nevada,Mineral,12,0,0,38.53841696,-118.4344506,32021.0,266.37069922308547,0.0,12,12,0,0,12,12,4514,0,0,0,0,0
2020-08-25,US,Nevada,Nye,463,14,0,38.04264256,-116.47227020000001,32023.0,995.2066719687036,3.0237580993520514,449,458,14,0,444,457,45346,5,0,0,5,1
2020-08-25,US,Nevada,Pershing,19,0,0,40.44003782,-118.40056409999998,32027.0,282.52788104089217,0.0,19,17,0,0,17,17,6666,2,0,0,2,0
2020-08-25,US,Nevada,Storey,6,0,0,39.44875482,-119.5250207,32029.0,145.52510308028138,0.0,6,6,0,0,6,6,4029,0,0,0,0,0
2020-08-25,US,Nevada,Washoe,6816,133,0,40.66562265,-119.6631594,32031.0,1445.5409007908484,1.9512910798122065,6683,6767,133,0,6634,6712,465735,49,0,0,49,55
2020-08-25,US,Nevada,White Pine,24,1,0,39.44157041,-114.89996599999999,32033.0,250.52192066805844,4.166666666666667,23,25,1,0,24,24,9475,-1,0,0,-1,1
2020-08-25,US,New Hampshire,Belknap,122,4,0,43.51637314,-71.41684235,33001.0,199.0114676280117,3.278688524590164,118,122,4,0,118,121,61022,0,0,0,0,1
2020-08-25,US,New Hampshire,Carroll,100,1,0,43.87498583,-71.20430216,33003.0,204.4571662236761,1.0,99,99,1,0,98,99,48779,1,0,0,1,0
2020-08-25,US,New Hampshire,Cheshire,121,3,0,42.92015988,-72.25311043,33005.0,159.03266083985017,2.479338842975207,118,119,3,0,116,115,76493,2,0,0,2,4
2020-08-25,US,New Hampshire,Coos,17,0,0,44.69063265,-71.30633239,33007.0,53.86053290244907,0.0,17,17,0,0,17,17,31589,0,0,0,0,0
2020-08-25,US,New Hampshire,Grafton,109,1,0,43.93779815,-71.82057197,33009.0,121.26471308101372,0.9174311926605504,108,109,1,0,108,109,89786,0,0,0,0,0
2020-08-25,US,New Hampshire,Hillsborough,3987,284,0,42.91537785,-71.7200253,33011.0,956.0577903003416,7.123150238274393,3703,3983,284,0,3699,3979,415247,4,0,0,4,4
2020-08-25,US,New Hampshire,Merrimack,495,23,0,43.29662971,-71.6811573,33013.0,326.967917511609,4.646464646464646,472,494,23,0,471,487,151132,1,0,0,1,7
2020-08-25,US,New Hampshire,Rockingham,1775,99,0,42.98499744,-71.12883377,33015.0,573.0076282649328,5.577464788732394,1676,1771,99,0,1672,1758,309176,4,0,0,4,13
2020-08-25,US,New Hampshire,Strafford,378,13,0,43.291833000000004,-71.02336013,33017.0,289.3602688447789,3.4391534391534386,365,376,13,0,363,372,130090,2,0,0,2,4
2020-08-25,US,New Hampshire,Sullivan,46,1,0,43.36094111,-72.22203125,33019.0,106.61474991888008,2.1739130434782608,45,44,1,0,43,44,43144,2,0,0,2,0
2020-08-25,US,New Hampshire,Unassigned,6,0,0,0.0,0.0,90033.0,0.0,0.0,6,6,0,0,6,6,,0,0,0,0,0
2020-08-25,US,New Jersey,Atlantic,3686,252,0,39.47538693,-74.65848483,34001.0,1397.9595706754653,6.836679327183941,3434,3680,252,0,3428,3673,265429,6,0,0,6,7
2020-08-25,US,New Jersey,Bergen,21395,2033,0,40.96010917,-74.07164325,34003.0,2295.1034217905562,9.502220144893666,19362,21352,2032,0,19320,21326,936692,43,1,0,42,26
2020-08-25,US,New Jersey,Burlington,6304,482,0,39.87681124,-74.66927768,34005.0,1415.5190648233186,7.645939086294416,5822,6287,482,0,5805,6274,445384,17,0,0,17,13
2020-08-25,US,New Jersey,Camden,9001,585,0,39.80343818,-74.96388753,34007.0,1777.1994842745194,6.499277858015777,8416,8979,584,0,8395,8961,507078,22,1,0,21,18
2020-08-25,US,New Jersey,Cape May,882,91,0,39.15008829,-74.80170244,34009.0,958.2894207890132,10.317460317460318,791,881,91,0,790,878,92560,1,0,0,1,3
2020-08-25,US,New Jersey,Cumberland,3516,159,0,39.37199394,-75.10712559,34011.0,2351.414794652471,4.522184300341297,3357,3508,159,0,3349,3501,150972,8,0,0,8,7
2020-08-25,US,New Jersey,Essex,20159,2115,0,40.78681335,-74.24657979,34013.0,2523.1077317813447,10.491591844833572,18044,20131,2114,0,18017,20112,799767,28,1,0,27,19
2020-08-25,US,New Jersey,Gloucester,3579,220,0,39.71581067,-75.13995546,34015.0,1227.2147471505575,6.146968426934898,3359,3568,220,0,3348,3557,291408,11,0,0,11,11
2020-08-25,US,New Jersey,Hudson,20058,1510,0,40.73766234,-74.07515667,34017.0,2983.085734342072,7.528168311895503,18548,20052,1510,0,18542,20042,676061,6,0,0,6,10
2020-08-25,US,New Jersey,Hunterdon,1197,124,0,40.56335249,-74.91284156,34019.0,962.443013242637,10.359231411862993,1073,1196,124,0,1072,1192,124714,1,0,0,1,4
2020-08-25,US,New Jersey,Mercer,8274,626,0,40.28047017,-74.70479631,34021.0,2251.857496666032,7.565868987188784,7648,8267,624,0,7643,8264,369811,7,2,0,5,3
2020-08-25,US,New Jersey,Middlesex,18319,1421,0,40.43629879,-74.41426991,34023.0,2220.317988223915,7.756973633931983,16898,18293,1420,0,16873,18275,829685,26,1,0,25,18
2020-08-25,US,New Jersey,Monmouth,10607,860,0,40.26549699,-74.22240686,34025.0,1714.1379616835948,8.107853304421607,9747,10594,860,0,9734,10589,621354,13,0,0,13,5
2020-08-25,US,New Jersey,Morris,7439,830,0,40.86095313,-74.54553709999998,34027.0,1512.4683589342171,11.157413630864363,6609,7427,830,0,6597,7411,494228,12,0,0,12,16
2020-08-25,US,New Jersey,Ocean,10997,1025,0,39.8895449,-74.28089251,34029.0,1811.1418906233014,9.320723833772847,9972,10946,1025,0,9921,10926,601651,51,0,0,51,20
2020-08-25,US,New Jersey,Passaic,18206,1249,0,41.03238628,-74.29954144,34031.0,3627.950723956112,6.860375700318576,16957,18187,1246,0,16941,18173,503310,19,3,0,16,14
2020-08-25,US,New Jersey,Salem,960,88,0,39.58719656,-75.34696629999998,34033.0,1538.8314498677564,9.166666666666666,872,960,88,0,872,954,62607,0,0,0,0,6
2020-08-25,US,New Jersey,Somerset,5358,564,0,40.56465737,-74.61683016,34035.0,1628.8981984227842,10.526315789473683,4794,5351,564,0,4787,5346,331164,7,0,0,7,5
2020-08-25,US,New Jersey,Sussex,1380,198,0,41.13891592,-74.69118243,34037.0,982.29030237458,14.347826086956523,1182,1369,198,0,1171,1362,140799,11,0,0,11,7
2020-08-25,US,New Jersey,Unassigned,310,0,0,0.0,0.0,90034.0,0.0,0.0,310,318,0,0,318,319,,-8,0,0,-8,-1
2020-08-25,US,New Jersey,Union,17010,1350,0,40.65835409,-74.30680092,34039.0,3057.477338538774,7.936507936507938,15660,16992,1352,0,15640,16978,558067,18,-2,0,20,14
2020-08-25,US,New Jersey,Warren,1384,171,0,40.85951833,-74.99556527,34041.0,1314.7520115515786,12.355491329479769,1213,1381,171,0,1210,1381,105779,3,0,0,3,0
2020-08-25,US,New Mexico,Bernalillo,5633,149,0,35.05163625,-106.6703554,35001.0,829.4545449190939,2.6451269305876086,5484,5619,149,0,5470,5601,678701,14,0,0,14,18
2020-08-25,US,New Mexico,Catron,5,1,0,33.91514144,-108.4046587,35003.0,141.7635384179189,20.0,4,5,1,0,4,5,3578,0,0,0,0,0
2020-08-25,US,New Mexico,Chaves,627,6,0,33.36406072,-104.4665365,35005.0,970.3629188268976,0.9569377990430622,621,625,6,0,619,622,64689,2,0,0,2,3
2020-08-25,US,New Mexico,Cibola,393,19,0,34.91131525,-107.998876,35006.0,1473.2895970009372,4.8346055979643765,374,392,19,0,373,392,26746,1,0,0,1,0
2020-08-25,US,New Mexico,Colfax,19,1,0,36.60569702,-104.64726740000002,35007.0,159.11565195544762,5.2631578947368425,18,19,1,0,18,19,12110,0,0,0,0,0
2020-08-25,US,New Mexico,Curry,645,3,0,34.57421077,-103.34688759999999,35009.0,1317.5634268905505,0.4651162790697674,642,640,3,0,637,638,49437,5,0,0,5,2
2020-08-25,US,New Mexico,Dona Ana,2733,40,0,32.35275771,-106.83293870000001,35013.0,1252.549325144939,1.4635931211123308,2693,2726,38,0,2688,2716,217522,7,2,0,5,10
2020-08-25,US,New Mexico,Eddy,433,5,0,32.47167456,-104.3053527,35015.0,740.6773862470067,1.1547344110854505,428,426,5,0,421,417,57900,7,0,0,7,9
2020-08-25,US,New Mexico,Grant,76,2,0,32.73911281,-108.3827845,35017.0,281.50233350618566,2.631578947368421,74,76,2,0,74,76,27346,0,0,0,0,0
2020-08-25,US,New Mexico,Guadalupe,33,1,0,34.86319296,-104.790669,35019.0,767.4418604651163,3.0303030303030303,32,33,1,0,32,33,4341,0,0,0,0,0
2020-08-25,US,New Mexico,Harding,2,0,0,35.85751555,-103.82209379999999,35021.0,320.0,0.0,2,2,0,0,2,2,655,0,0,0,0,0
2020-08-25,US,New Mexico,Hidalgo,93,1,0,31.91383467,-108.7151824,35023.0,2215.340638399238,1.075268817204301,92,93,1,0,92,93,4240,0,0,0,0,0
2020-08-25,US,New Mexico,Lea,1048,9,0,32.79215361,-103.4123733,35025.0,1474.602504572956,0.8587786259541985,1039,1045,9,0,1036,1036,69611,3,0,0,3,9
2020-08-25,US,New Mexico,Lincoln,164,2,0,33.74526079,-105.4586166,35027.0,837.9317392192929,1.2195121951219512,162,164,2,0,162,164,19556,0,0,0,0,0
2020-08-25,US,New Mexico,Los Alamos,24,0,0,35.86631386,-106.31349850000001,35028.0,123.90933966647735,0.0,24,24,0,0,24,24,19101,0,0,0,0,0
2020-08-25,US,New Mexico,Luna,273,5,0,32.18179341,-107.75088259999998,35029.0,1151.4614703277236,1.8315018315018317,268,273,5,0,268,269,23963,0,0,0,0,4
2020-08-25,US,New Mexico,McKinley,4164,239,0,35.58007720000001,-108.262245,35031.0,5834.629450586405,5.739673390970221,3925,4159,239,0,3920,4157,72290,5,0,0,5,2
2020-08-25,US,New Mexico,Mora,6,0,0,36.01095101,-104.9497716,35033.0,132.71400132713998,0.0,6,6,0,0,6,6,4506,0,0,0,0,0
2020-08-25,US,New Mexico,Otero,217,11,0,32.61348406,-105.7417604,35035.0,321.52911542450727,5.0691244239631335,206,216,11,0,205,215,66781,1,0,0,1,1
2020-08-25,US,New Mexico,Quay,60,1,0,35.10403332,-103.54817270000001,35037.0,727.0083605961469,1.6666666666666667,59,60,1,0,59,60,8253,0,0,0,0,0
2020-08-25,US,New Mexico,Rio Arriba,349,11,0,36.51072137,-106.69316740000001,35039.0,896.6881632023842,3.151862464183381,338,347,10,0,337,345,39006,2,1,0,1,2
2020-08-25,US,New Mexico,Roosevelt,191,1,0,34.02097406,-103.4799493,35041.0,1032.4324324324325,0.5235602094240838,190,191,1,0,190,191,18743,0,0,0,0,0
2020-08-25,US,New Mexico,San Juan,3158,189,0,36.50838318,-108.32043700000001,35045.0,2547.6371028896883,5.984800506649778,2969,3149,189,0,2960,3146,125043,9,0,0,9,3
2020-08-25,US,New Mexico,San Miguel,67,0,0,35.48014807,-104.8163562,35047.0,245.62818491769627,0.0,67,67,0,0,67,67,27591,0,0,0,0,0
2020-08-25,US,New Mexico,Sandoval,1202,35,0,35.68862401,-106.86878030000001,35043.0,819.0912312263199,2.9118136439267888,1167,1199,35,0,1164,1194,145179,3,0,0,3,5
2020-08-25,US,New Mexico,Santa Fe,785,3,0,35.50708973,-105.9774716,35049.0,522.087285013102,0.3821656050955414,782,780,3,0,777,777,150056,5,0,0,5,3
2020-08-25,US,New Mexico,Sierra,37,1,0,33.13028233,-107.1925893,35051.0,342.87832452970065,2.702702702702702,36,37,1,0,36,37,10968,0,0,0,0,0
2020-08-25,US,New Mexico,Socorro,76,6,0,34.00715494,-106.9298354,35053.0,456.8131273667128,7.894736842105262,70,76,6,0,70,76,16735,0,0,0,0,0
2020-08-25,US,New Mexico,Taos,116,2,0,36.58006022,-105.63101979999999,35055.0,354.4907251780093,1.7241379310344829,114,116,2,0,114,115,32835,0,0,0,0,1
2020-08-25,US,New Mexico,Torrance,63,1,0,34.64048375,-105.8508949,35057.0,407.4768773041847,1.5873015873015872,62,63,1,0,62,63,15591,0,0,0,0,0
2020-08-25,US,New Mexico,Unassigned,1389,2,0,0.0,0.0,90035.0,0.0,0.14398848092152627,1387,1389,2,0,1387,1316,,0,0,0,0,73
2020-08-25,US,New Mexico,Union,31,2,0,36.48126404,-103.4709624,35059.0,763.7349100763735,6.451612903225807,29,31,2,0,29,31,4118,0,0,0,0,0
2020-08-25,US,New Mexico,Valencia,494,4,0,34.71669834,-106.8103733,35061.0,644.1685791779679,0.8097165991902834,490,494,4,0,490,493,76456,0,0,0,0,1
2020-08-25,US,New York,Albany,2711,131,0,42.60060306,-73.97723916,36001.0,887.3802805836874,4.83216525267429,2580,2701,129,0,2572,2699,307117,10,2,0,8,2
2020-08-25,US,New York,Allegany,86,1,0,42.25748406,-78.02750466,36003.0,186.58740318066432,1.162790697674419,85,85,1,0,84,85,46430,1,0,0,1,0
2020-08-25,US,New York,Broome,1256,69,0,42.15903158,-75.81326086,36007.0,659.3591197345762,5.4936305732484065,1187,1250,69,0,1181,1239,191659,6,0,0,6,11
2020-08-25,US,New York,Cattaraugus,184,6,0,42.24778241,-78.67923096,36009.0,241.73312137892984,3.260869565217391,178,182,6,0,176,180,76840,2,0,0,2,2
2020-08-25,US,New York,Cayuga,174,2,0,42.91261714,-76.55731592,36011.0,227.22524028416214,1.1494252873563218,172,167,2,0,165,167,77145,7,0,0,7,0
2020-08-25,US,New York,Chautauqua,305,9,0,42.22769210000001,-79.36691763,36013.0,240.3410478869688,2.950819672131148,296,289,9,0,280,289,127939,16,0,0,16,0
2020-08-25,US,New York,Chemung,194,3,0,42.13891056,-76.7638805,36015.0,232.45782208588957,1.5463917525773196,191,194,3,0,191,194,84254,0,0,0,0,0
2020-08-25,US,New York,Chenango,223,7,0,42.49430041,-75.60887553,36017.0,472.38756964009576,3.1390134529147984,216,223,6,0,217,223,47536,0,1,0,-1,0
2020-08-25,US,New York,Clinton,146,5,0,44.74530905,-73.67875352,36019.0,181.4002609181835,3.4246575342465757,141,142,4,0,138,141,80695,4,1,0,3,1
2020-08-25,US,New York,Columbia,564,37,0,42.24819348,-73.63089095,36021.0,948.5208792317653,6.560283687943263,527,562,37,0,525,562,59916,2,0,0,2,0
2020-08-25,US,New York,Cortland,98,0,0,42.59509207,-76.07048931,36023.0,205.9645656879847,0.0,98,98,0,0,98,98,47823,0,0,0,0,0
2020-08-25,US,New York,Delaware,109,4,0,42.19837623,-74.96709306,36025.0,246.96952532004082,3.669724770642202,105,109,4,0,105,109,44527,0,0,0,0,0
2020-08-25,US,New York,Dutchess,4790,153,0,41.76486060000001,-73.74356679,36027.0,1628.0445112127743,3.194154488517745,4637,4777,153,0,4624,4767,293718,13,0,0,13,10
2020-08-25,US,New York,Erie,9546,676,0,42.76249024,-78.73063652,36029.0,1039.0746945146525,7.081500104755919,8870,9491,676,0,8815,9465,919719,55,0,0,55,26
2020-08-25,US,New York,Essex,101,0,0,44.11630765,-73.77297842,36031.0,273.8240477158737,0.0,101,100,0,0,100,100,37300,1,0,0,1,0
2020-08-25,US,New York,Franklin,56,0,0,44.59040891,-74.29926032,36033.0,111.9507416736636,0.0,56,56,0,0,56,56,50293,0,0,0,0,0
2020-08-25,US,New York,Fulton,309,24,0,43.11363907,-74.41798804,36035.0,578.835959013169,7.766990291262137,285,309,24,0,285,309,53591,0,0,0,0,0
2020-08-25,US,New York,Genesee,291,5,0,43.0022601,-78.19135193,36037.0,508.03072625698326,1.718213058419244,286,290,5,0,285,290,57511,1,0,0,1,0
2020-08-25,US,New York,Greene,305,18,0,42.275797,-74.12384884,36039.0,646.3507671441891,5.9016393442622945,287,305,18,0,287,305,47491,0,0,0,0,0
2020-08-25,US,New York,Hamilton,13,0,0,43.66146647,-74.49721957,36041.0,294.3840579710145,0.0,13,12,0,0,12,12,4434,1,0,0,1,0
2020-08-25,US,New York,Herkimer,290,4,0,43.42034246,-74.96145307,36043.0,472.9366101860761,1.3793103448275863,286,289,4,0,285,289,61833,1,0,0,1,0
2020-08-25,US,New York,Jefferson,146,0,0,44.04200959,-75.94653457,36045.0,132.92787297193948,0.0,146,145,0,0,145,145,111755,1,0,0,1,0
2020-08-25,US,New York,Lewis,47,0,0,43.784415700000004,-75.44903992,36049.0,178.73440827502282,0.0,47,47,0,0,47,47,26447,0,0,0,0,0
2020-08-25,US,New York,Livingston,181,8,0,42.72596275,-77.77966158,36051.0,287.6943128715389,4.419889502762431,173,180,8,0,172,180,63227,1,0,0,1,0
2020-08-25,US,New York,Madison,434,17,0,42.91653905,-75.67266639,36053.0,611.7759828589955,3.91705069124424,417,432,17,0,415,432,70795,2,0,0,2,0
2020-08-25,US,New York,Monroe,5348,289,0,43.14638895,-77.69322942,36055.0,720.9782007900022,5.403889304412863,5059,5330,285,0,5045,5317,742474,18,4,0,14,13
2020-08-25,US,New York,Montgomery,196,4,0,42.90123494,-74.44011632,36057.0,398.20401860994286,2.0408163265306123,192,196,4,0,192,194,49455,0,0,0,0,2
2020-08-25,US,New York,Nassau,44348,2196,0,40.74066522,-73.58941873,36059.0,3268.274420674997,4.951745287273384,42152,44284,2196,0,42088,44245,1358343,64,0,0,64,39
2020-08-25,US,New York,New York City,232565,23666,0,40.76727260000001,-73.97152637,36061.0,2789.613829834576,10.176079805645733,208899,232334,23662,0,208672,232120,1628701,231,4,0,227,214
2020-08-25,US,New York,Niagara,1586,101,0,43.19898042,-78.74777412,36063.0,757.8327702944846,6.3682219419924335,1485,1576,98,0,1478,1575,210433,10,3,0,7,1
2020-08-25,US,New York,Oneida,2256,120,0,43.24375382,-75.43710392,36065.0,986.5702253455838,5.319148936170213,2136,2245,117,0,2128,2244,229577,11,3,0,8,1
2020-08-25,US,New York,Onondaga,3792,204,0,43.00491923,-76.19971155,36067.0,823.4027029844003,5.379746835443037,3588,3768,203,0,3565,3758,461809,24,1,0,23,10
2020-08-25,US,New York,Ontario,381,35,0,42.85145728,-77.30874425,36069.0,347.06723630633013,9.186351706036746,346,381,34,0,347,381,109864,0,1,0,-1,0
2020-08-25,US,New York,Orange,11354,494,0,41.40337468,-74.30240757,36071.0,2949.5505793110606,4.350889554342082,10860,11343,493,0,10850,11334,381951,11,1,0,10,9
2020-08-25,US,New York,Orleans,304,54,0,43.2516977,-78.2320066,36073.0,753.370340999207,17.763157894736842,250,304,54,0,250,304,40612,0,0,0,0,0
2020-08-25,US,New York,Oswego,285,3,0,43.42778894,-76.14635194,36075.0,243.33185342030671,1.0526315789473684,282,282,3,0,279,282,117898,3,0,0,3,0
2020-08-25,US,New York,Otsego,124,5,0,42.63492579,-75.03151402,36077.0,208.4278822718639,4.032258064516129,119,124,5,0,119,124,59749,0,0,0,0,0
2020-08-25,US,New York,Putnam,1480,63,0,41.42630093,-73.74965532,36079.0,1505.288852725793,4.256756756756757,1417,1475,63,0,1412,1473,98892,5,0,0,5,2
2020-08-25,US,New York,Rensselaer,819,40,0,42.71348136,-73.51089874,36083.0,516.0225310936653,4.8840048840048835,779,818,40,0,778,817,159442,1,0,0,1,1
2020-08-25,US,New York,Rockland,14149,674,0,41.15027894,-74.02560498,36087.0,4342.9950059701205,4.763587532687822,13475,14139,674,0,13465,14129,325695,10,0,0,10,10
2020-08-25,US,New York,Saratoga,824,17,0,43.10904162,-73.86653895,36091.0,358.4743956182597,2.063106796116505,807,816,17,0,799,815,230163,8,0,0,8,1
2020-08-25,US,New York,Schenectady,1206,44,0,42.81668777,-74.05278291,36093.0,776.5664943109742,3.6484245439469314,1162,1182,37,0,1145,1179,155350,24,7,0,17,3
2020-08-25,US,New York,Schoharie,69,0,0,42.58831742,-74.44339029999998,36095.0,222.58782541372295,0.0,69,69,0,0,69,69,31097,0,0,0,0,0
2020-08-25,US,New York,Schuyler,24,0,0,42.39184015,-76.8773299,36097.0,134.77845790981078,0.0,24,24,0,0,24,24,17912,0,0,0,0,0
2020-08-25,US,New York,Seneca,96,3,0,42.78081007,-76.82497064,36099.0,282.2201317027281,3.125,93,95,3,0,92,95,34300,1,0,0,1,0
2020-08-25,US,New York,St. Lawrence,267,4,0,44.4976179,-75.06550039,36089.0,247.81882309263042,1.49812734082397,263,267,4,0,263,267,108047,0,0,0,0,0
2020-08-25,US,New York,Steuben,310,42,0,42.2689144,-77.3829924,36101.0,325.01913419096445,13.548387096774194,268,310,42,0,268,310,95796,0,0,0,0,0
2020-08-25,US,New York,Suffolk,44561,2001,0,40.88320119,-72.8012172,36103.0,3017.809144108666,4.490473732636161,42560,44519,2001,0,42518,44498,1481093,42,0,0,42,21
2020-08-25,US,New York,Sullivan,1499,48,0,41.71579493,-74.76394559,36105.0,1987.2202778661576,3.2021347565043365,1451,1495,48,0,1447,1495,75498,4,0,0,4,0
2020-08-25,US,New York,Tioga,206,25,0,42.16852837,-76.30835812,36107.0,427.35929299006284,12.135922330097088,181,206,25,0,181,206,48560,0,0,0,0,0
2020-08-25,US,New York,Tompkins,245,0,0,42.44945765,-76.47229843,36109.0,239.7729496966138,0.0,245,244,0,0,244,244,102793,1,0,0,1,0
2020-08-25,US,New York,Ulster,2137,94,0,41.89027881,-74.26252104,36111.0,1203.4487224972265,4.398689751988768,2043,2134,93,0,2041,2127,178599,3,1,0,2,7
2020-08-25,US,New York,Warren,316,33,0,43.56173026,-73.8433699,36113.0,494.18240960840734,10.443037974683543,283,315,33,0,282,315,64265,1,0,0,1,0
2020-08-25,US,New York,Washington,266,14,0,43.31153794,-73.43043448,36115.0,434.6121168551075,5.2631578947368425,252,266,14,0,252,266,61197,0,0,0,0,0
2020-08-25,US,New York,Wayne,275,5,0,43.15494365,-77.02976528,36117.0,305.834204497431,1.818181818181818,270,275,3,0,272,275,90064,0,2,0,-2,0
2020-08-25,US,New York,Westchester,36742,1449,0,41.16278376,-73.75741653,36119.0,3797.5991880153715,3.9437156387785097,35293,36710,1449,0,35261,36689,967612,32,0,0,32,21
2020-08-25,US,New York,Wyoming,125,5,0,42.70145109,-78.22199579,36121.0,313.6054592438345,4.0,120,124,5,0,119,123,40085,1,0,0,1,1
2020-08-25,US,New York,Yates,60,7,0,42.63505484,-77.10369919,36123.0,240.83811664592784,11.666666666666664,53,60,7,0,53,60,24841,0,0,0,0,0
2020-08-25,US,North Carolina,Alamance,2931,44,0,36.0434701,-79.39976137,37001.0,1729.1117285807834,1.501194131695667,2887,2921,44,0,2877,2876,166436,10,0,0,10,45
2020-08-25,US,North Carolina,Alexander,374,2,0,35.922379600000006,-81.17751948,37003.0,997.413126383444,0.5347593582887701,372,369,2,0,367,366,37353,5,0,0,5,3
2020-08-25,US,North Carolina,Alleghany,193,0,0,36.49360862,-81.12857041,37005.0,1732.9621980784768,0.0,193,191,0,0,191,189,11161,2,0,0,2,2
2020-08-25,US,North Carolina,Anson,415,3,0,34.97403241,-80.09953279,37007.0,1697.6192424118467,0.7228915662650602,412,406,3,0,403,400,24877,9,0,0,9,6
2020-08-25,US,North Carolina,Ashe,185,1,0,36.43296207,-81.49862729,37009.0,680.0720508767415,0.5405405405405406,184,184,1,0,183,184,27109,1,0,0,1,0
2020-08-25,US,North Carolina,Avery,120,0,0,36.07569796,-81.92308483,37011.0,683.4880674374892,0.0,120,120,0,0,120,119,17505,0,0,0,0,1
2020-08-25,US,North Carolina,Beaufort,507,9,0,35.48531943,-76.84325809,37013.0,1078.8611312082394,1.7751479289940828,498,504,9,0,495,497,47079,3,0,0,3,7
2020-08-25,US,North Carolina,Bertie,367,5,0,36.0688473,-76.96545943,37015.0,1936.982107985433,1.3623978201634876,362,362,5,0,357,359,19026,5,0,0,5,3
2020-08-25,US,North Carolina,Bladen,680,9,0,34.61296243,-78.56180059,37017.0,2078.1125848053307,1.3235294117647058,671,674,9,0,665,669,33190,6,0,0,6,5
2020-08-25,US,North Carolina,Brunswick,1361,24,0,34.070565,-78.22814204,37019.0,952.947766419269,1.763409257898604,1337,1358,23,0,1335,1353,136744,3,1,0,2,5
2020-08-25,US,North Carolina,Buncombe,2305,65,0,35.61113393,-82.53305,37021.0,882.4959512387486,2.8199566160520613,2240,2298,64,0,2234,2260,259103,7,1,0,6,38
2020-08-25,US,North Carolina,Burke,1804,27,0,35.74989637,-81.70755735,37023.0,1993.7006133613306,1.496674057649667,1777,1799,27,0,1772,1792,90382,5,0,0,5,7
2020-08-25,US,North Carolina,Cabarrus,3014,51,0,35.3877799,-80.55267168,37025.0,1392.4500930918027,1.6921035169210352,2963,2986,51,0,2935,2958,211342,28,0,0,28,28
2020-08-25,US,North Carolina,Caldwell,1362,14,0,35.95204977,-81.54799522,37027.0,1657.3778870257247,1.027900146842878,1348,1357,14,0,1343,1354,82029,5,0,0,5,3
2020-08-25,US,North Carolina,Camden,89,2,0,36.33804939,-76.15568396,37029.0,818.9932824146498,2.247191011235955,87,87,2,0,85,85,10710,2,0,0,2,2
2020-08-25,US,North Carolina,Carteret,445,5,0,34.8932941,-76.54120135,37031.0,640.5366113454147,1.1235955056179776,440,436,5,0,431,423,69524,9,0,0,9,13
2020-08-25,US,North Carolina,Caswell,222,2,0,36.39312665,-79.33353281,37033.0,982.1270571580252,0.9009009009009008,220,219,2,0,217,216,22698,3,0,0,3,3
2020-08-25,US,North Carolina,Catawba,2473,42,0,35.66211129,-81.2132617,37035.0,1549.9746162668991,1.6983420946219168,2431,2454,39,0,2415,2436,158652,19,3,0,16,18
2020-08-25,US,North Carolina,Chatham,1435,56,0,35.70394416,-79.25541492,37037.0,1926.9504498455758,3.902439024390244,1379,1433,56,0,1377,1422,73139,2,0,0,2,11
2020-08-25,US,North Carolina,Cherokee,372,5,0,35.1349263,-84.05970864,37039.0,1300.1537816300854,1.3440860215053765,367,367,5,0,362,364,28383,5,0,0,5,3
2020-08-25,US,North Carolina,Chowan,187,2,0,36.12908077,-76.60118385,37041.0,1341.1747830452555,1.0695187165775402,185,186,2,0,184,182,14029,1,0,0,1,4
2020-08-25,US,North Carolina,Clay,83,1,0,35.05704275,-83.74353633,37043.0,739.0259104264981,1.2048192771084338,82,83,1,0,82,82,11139,0,0,0,0,1
2020-08-25,US,North Carolina,Cleveland,1499,26,0,35.33553364,-81.55204486,37045.0,1530.4195125935455,1.734489659773182,1473,1488,25,0,1463,1474,97645,11,1,0,10,14
2020-08-25,US,North Carolina,Columbus,1054,50,0,34.26744084,-78.65801424,37047.0,1898.8253945377246,4.743833017077799,1004,1040,50,0,990,1040,55655,14,0,0,14,0
2020-08-25,US,North Carolina,Craven,879,26,0,35.11833364,-77.08398081,37049.0,860.5919384368361,2.957906712172924,853,875,24,0,851,874,102912,4,2,0,2,1
2020-08-25,US,North Carolina,Cumberland,3805,65,0,35.04762133,-78.82623165,37051.0,1134.0977440247505,1.7082785808147174,3740,3745,65,0,3680,3727,332330,60,0,0,60,18
2020-08-25,US,North Carolina,Currituck,90,0,0,36.36123664,-75.95876401,37053.0,324.1724597485862,0.0,90,89,0,0,89,89,27072,1,0,0,1,0
2020-08-25,US,North Carolina,Dare,233,2,0,35.66520691,-75.71767334,37055.0,629.5765894782351,0.8583690987124464,231,232,2,0,230,230,36501,1,0,0,1,2
2020-08-25,US,North Carolina,Davidson,2060,32,0,35.79115496,-80.21256572,37057.0,1229.0509459515895,1.5533980582524272,2028,2040,31,0,2009,2023,166614,20,1,0,19,17
2020-08-25,US,North Carolina,Davie,464,6,0,35.93099927,-80.54496571,37059.0,1082.9482332073005,1.293103448275862,458,461,6,0,455,459,42733,3,0,0,3,2
2020-08-25,US,North Carolina,Duplin,2060,49,0,34.93449805,-77.93140529,37061.0,3506.920209053301,2.3786407766990294,2011,2060,49,0,2011,2055,58856,0,0,0,0,5
2020-08-25,US,North Carolina,Durham,6650,82,0,36.03638492,-78.87608331,37063.0,2068.506445030608,1.2330827067669172,6568,6626,81,0,6545,6599,316739,24,1,0,23,27
2020-08-25,US,North Carolina,Edgecombe,857,17,0,35.91230639,-77.59436892,37065.0,1664.9829033260805,1.9836639439906647,840,854,17,0,837,845,52005,3,0,0,3,9
2020-08-25,US,North Carolina,Forsyth,5915,69,0,36.12859861,-80.25459052,37067.0,1547.2344655305453,1.1665257819103974,5846,5876,66,0,5810,5824,379099,39,3,0,36,52
2020-08-25,US,North Carolina,Franklin,984,28,0,36.081519,-78.28708884,37069.0,1412.068594389037,2.845528455284553,956,976,28,0,948,973,67560,8,0,0,8,3
2020-08-25,US,North Carolina,Gaston,3877,62,0,35.29373559,-81.17477045,37071.0,1726.7257236259009,1.599174619551199,3815,3846,61,0,3785,3814,222846,31,1,0,30,32
2020-08-25,US,North Carolina,Gates,74,2,0,36.44667547,-76.69749701,37073.0,640.0276768725133,2.702702702702702,72,75,2,0,73,72,11573,-1,0,0,-1,3
2020-08-25,US,North Carolina,Graham,50,0,0,35.3506925,-83.83369267,37075.0,592.3468783319512,0.0,50,50,0,0,50,50,8484,0,0,0,0,0
2020-08-25,US,North Carolina,Granville,1448,39,0,36.30337451,-78.65184241,37077.0,2395.645484175173,2.6933701657458564,1409,1446,37,0,1409,1441,60115,2,2,0,0,5
2020-08-25,US,North Carolina,Greene,375,3,0,35.48544173,-77.67578087,37079.0,1779.8661540652142,0.8,372,373,3,0,370,370,21012,2,0,0,2,3
2020-08-25,US,North Carolina,Guilford,6479,163,0,36.07959451,-79.78824948,37081.0,1206.1268788139412,2.5158203426454704,6316,6427,163,0,6264,6377,533670,52,0,0,52,50
2020-08-25,US,North Carolina,Halifax,830,9,0,36.25669272,-77.6556109,37083.0,1659.6680663867223,1.0843373493975903,821,816,9,0,807,815,50574,14,0,0,14,1
2020-08-25,US,North Carolina,Harnett,1521,45,0,35.36731853,-78.87243571,37085.0,1118.5797493675354,2.9585798816568047,1476,1509,43,0,1466,1495,134214,12,2,0,10,14
2020-08-25,US,North Carolina,Haywood,491,25,0,35.55269063,-82.98196486,37087.0,787.9069916716145,5.091649694501019,466,487,25,0,462,485,61971,4,0,0,4,2
2020-08-25,US,North Carolina,Henderson,1661,59,0,35.33788927,-82.4766782,37089.0,1414.6162821397245,3.552077062010837,1602,1647,59,0,1588,1645,116748,14,0,0,14,2
2020-08-25,US,North Carolina,Hertford,481,12,0,36.3607755,-76.98104134,37091.0,2031.5073700215398,2.4948024948024954,469,467,12,0,455,462,23659,14,0,0,14,5
2020-08-25,US,North Carolina,Hoke,839,12,0,35.01888303,-79.23651674,37093.0,1518.9919252634247,1.4302741358760431,827,833,12,0,821,819,54764,6,0,0,6,14
2020-08-25,US,North Carolina,Hyde,80,0,0,35.42017674,-76.15180542,37095.0,1620.417257443792,0.0,80,77,0,0,77,76,5230,3,0,0,3,1
2020-08-25,US,North Carolina,Iredell,2230,18,0,35.80950511,-80.8743128,37097.0,1226.5821810061275,0.8071748878923767,2212,2214,18,0,2196,2187,178435,16,0,0,16,27
2020-08-25,US,North Carolina,Jackson,472,7,0,35.28814273,-83.14093385,37099.0,1074.2409759206157,1.4830508474576272,465,469,7,0,462,468,43327,3,0,0,3,1
2020-08-25,US,North Carolina,Johnston,3645,49,0,35.51745004,-78.36622717,37101.0,1741.194903959606,1.3443072702331962,3596,3618,49,0,3569,3595,202675,27,0,0,27,23
2020-08-25,US,North Carolina,Jones,126,6,0,35.02254606,-77.35870791,37103.0,1337.7216264996284,4.761904761904762,120,126,6,0,120,126,9637,0,0,0,0,0
2020-08-25,US,North Carolina,Lee,1390,11,0,35.47623147,-79.17569362,37105.0,2249.9554864921743,0.7913669064748201,1379,1386,11,0,1375,1380,61452,4,0,0,4,6
2020-08-25,US,North Carolina,Lenoir,735,11,0,35.24032589999999,-77.64245615,37107.0,1313.6964020804662,1.4965986394557824,724,727,11,0,716,715,55976,8,0,0,8,12
2020-08-25,US,North Carolina,Lincoln,1041,10,0,35.48508185,-81.21740317,37109.0,1208.9047856835946,0.9606147934678194,1031,1029,10,0,1019,1012,83770,12,0,0,12,17
2020-08-25,US,North Carolina,Macon,520,2,0,35.14867843,-83.41696617,37113.0,1450.1645378994924,0.38461538461538464,518,520,2,0,518,516,35285,0,0,0,0,4
2020-08-25,US,North Carolina,Madison,58,1,0,35.85402722,-82.71346418,37115.0,266.605378074006,1.7241379310344829,57,58,1,0,57,56,21763,0,0,0,0,2
2020-08-25,US,North Carolina,Martin,316,7,0,35.84326734,-77.10860251,37117.0,1408.1996434937612,2.2151898734177213,309,312,7,0,305,310,22671,4,0,0,4,2
2020-08-25,US,North Carolina,McDowell,757,24,0,35.67736232,-82.0482425,37111.0,1654.4278346009264,3.170409511228533,733,753,23,0,730,751,45507,4,1,0,3,2
2020-08-25,US,North Carolina,Mecklenburg,24408,274,0,35.24469268,-80.8317671,37119.0,2198.2139061706334,1.1225827597509013,24134,24260,274,0,23986,24129,1093901,148,0,0,148,131
2020-08-25,US,North Carolina,Mitchell,90,4,0,36.01059309,-82.1582442,37121.0,601.4434643143544,4.4444444444444455,86,89,3,0,86,88,15000,1,1,0,0,1
2020-08-25,US,North Carolina,Montgomery,804,17,0,35.33155144,-79.90416657,37123.0,2958.8194163323888,2.114427860696517,787,797,17,0,780,779,27271,7,0,0,7,18
2020-08-25,US,North Carolina,Moore,1225,21,0,35.30885257,-79.48474178,37125.0,1214.314036478985,1.7142857142857142,1204,1231,21,0,1210,1207,98682,-6,0,0,-6,24
2020-08-25,US,North Carolina,Nash,1507,21,0,35.96575634,-77.98422508,37127.0,1598.1250927909393,1.3934970139349698,1486,1476,21,0,1455,1464,94016,31,0,0,31,12
2020-08-25,US,North Carolina,New Hanover,2865,21,0,34.25758282,-77.87075626,37129.0,1221.8890874429042,0.7329842931937173,2844,2846,21,0,2825,2840,232274,19,0,0,19,6
2020-08-25,US,North Carolina,Northampton,332,17,0,36.41736238,-77.39769443,37131.0,1704.049684340194,5.120481927710842,315,336,17,0,319,335,19676,-4,0,0,-4,1
2020-08-25,US,North Carolina,Onslow,1391,14,0,34.72607366,-77.42908179,37133.0,702.7453040851176,1.00647016534867,1377,1355,13,0,1342,1340,197683,36,1,0,35,15
2020-08-25,US,North Carolina,Orange,2025,50,0,36.06092947,-79.12167935,37135.0,1363.856784934939,2.469135802469136,1975,1955,50,0,1905,1891,146027,70,0,0,70,64
2020-08-25,US,North Carolina,Pamlico,91,2,0,35.15253315,-76.66559823,37137.0,715.0715071507152,2.1978021978021984,89,90,2,0,88,84,12670,1,0,0,1,6
2020-08-25,US,North Carolina,Pasquotank,512,22,0,36.26723798,-76.25134778,37139.0,1285.6568903173966,4.296875,490,513,22,0,491,507,39639,-1,0,0,-1,6
2020-08-25,US,North Carolina,Pender,738,4,0,34.52265624,-77.90352133,37141.0,1170.313986679353,0.5420054200542005,734,740,4,0,736,738,62162,-2,0,0,-2,2
2020-08-25,US,North Carolina,Perquimans,111,2,0,36.17847453,-76.40603143,37143.0,824.4819133922603,1.8018018018018016,109,105,2,0,103,102,13422,6,0,0,6,3
2020-08-25,US,North Carolina,Person,282,2,0,36.38989032,-78.97217358,37145.0,714.1048366675107,0.7092198581560284,280,279,2,0,277,276,39507,3,0,0,3,3
2020-08-25,US,North Carolina,Pitt,2855,15,0,35.59535426,-77.37353178,37147.0,1579.5996503303052,0.5253940455341506,2840,2766,15,0,2751,2670,179914,89,0,0,89,96
2020-08-25,US,North Carolina,Polk,210,6,0,35.27820615,-82.16812354,37149.0,1013.317892298784,2.8571428571428568,204,209,6,0,203,200,20611,1,0,0,1,9
2020-08-25,US,North Carolina,Randolph,2332,43,0,35.71015088,-79.80570339,37151.0,1623.1980900276333,1.8439108061749567,2289,2325,43,0,2282,2318,143351,7,0,0,7,7
2020-08-25,US,North Carolina,Richmond,622,9,0,35.00417719,-79.74491009,37153.0,1387.4947020901648,1.4469453376205788,613,619,9,0,610,611,44887,3,0,0,3,8
2020-08-25,US,North Carolina,Robeson,3250,59,0,34.64244496,-79.10250529999998,37155.0,2488.038277511961,1.8153846153846156,3191,3219,58,0,3161,3209,131831,31,1,0,30,10
2020-08-25,US,North Carolina,Rockingham,713,7,0,36.39593137,-79.77504841,37157.0,783.4303922645862,0.9817671809256662,706,698,7,0,691,691,90690,15,0,0,15,7
2020-08-25,US,North Carolina,Rowan,2616,56,0,35.64003916,-80.52446628,37159.0,1841.112549969033,2.1406727828746184,2560,2572,54,0,2518,2556,141262,44,2,0,42,16
2020-08-25,US,North Carolina,Rutherford,897,18,0,35.40114178,-81.92112099,37161.0,1338.2267376807056,2.0066889632107023,879,897,17,0,880,885,66826,0,1,0,-1,12
2020-08-25,US,North Carolina,Sampson,1566,20,0,34.98820368,-78.36914061,37163.0,2464.9383765405864,1.277139208173691,1546,1558,20,0,1538,1551,63626,8,0,0,8,7
2020-08-25,US,North Carolina,Scotland,569,8,0,34.8386299,-79.4757978,37165.0,1633.9775435775207,1.40597539543058,561,561,8,0,553,556,34810,8,0,0,8,5
2020-08-25,US,North Carolina,Stanly,1400,31,0,35.31647813,-80.25093221,37167.0,2229.086393019775,2.2142857142857144,1369,1381,31,0,1350,1375,62075,19,0,0,19,6
2020-08-25,US,North Carolina,Stokes,320,3,0,36.4017975,-80.23893369,37169.0,701.8929174617798,0.9375,317,320,3,0,317,319,45467,0,0,0,0,1
2020-08-25,US,North Carolina,Surry,1092,14,0,36.41689489,-80.69102283,37171.0,1521.2515498098435,1.2820512820512822,1078,1091,14,0,1077,1080,71948,1,0,0,1,11
2020-08-25,US,North Carolina,Swain,124,3,0,35.48665845,-83.48748932,37173.0,868.894961810665,2.419354838709677,121,123,3,0,120,123,14245,1,0,0,1,0
2020-08-25,US,North Carolina,Transylvania,210,2,0,35.20383864,-82.79638423,37175.0,610.731423585866,0.9523809523809524,208,207,1,0,206,207,34215,3,1,0,2,0
2020-08-25,US,North Carolina,Tyrrell,103,2,0,35.87147226,-76.17055253,37177.0,2564.741035856573,1.9417475728155342,101,103,2,0,101,103,4131,0,0,0,0,0
2020-08-25,US,North Carolina,Union,3732,47,0,34.98960527,-80.52955873,37179.0,1555.914099533476,1.2593783494105038,3685,3702,47,0,3655,3679,235908,30,0,0,30,23
2020-08-25,US,North Carolina,Vance,866,42,0,36.36880673,-78.40670845,37181.0,1944.5380038172225,4.849884526558892,824,858,42,0,816,854,44582,8,0,0,8,4
2020-08-25,US,North Carolina,Wake,14004,193,0,35.78879266,-78.65249174,37183.0,1259.6232463632025,1.3781776635247072,13811,13842,188,0,13654,13700,1092305,162,5,0,157,142
2020-08-25,US,North Carolina,Warren,281,6,0,36.39728256,-78.10652228,37185.0,1424.1548831787545,2.1352313167259784,275,281,6,0,275,281,19807,0,0,0,0,0
2020-08-25,US,North Carolina,Washington,168,4,0,35.83810081,-76.57299037,37187.0,1450.7772020725388,2.380952380952381,164,168,4,0,164,160,11859,0,0,0,0,8
2020-08-25,US,North Carolina,Watauga,388,0,0,36.23103603,-81.70033724,37189.0,690.6741193014935,0.0,388,387,0,0,387,382,55945,1,0,0,1,5
2020-08-25,US,North Carolina,Wayne,2712,50,0,35.36438125,-78.00027268,37191.0,2202.532262387213,1.8436578171091444,2662,2681,46,0,2635,2672,123248,31,4,0,27,9
2020-08-25,US,North Carolina,Wilkes,994,20,0,36.2084135,-81.16232895,37193.0,1452.9614687481726,2.0120724346076457,974,981,20,0,961,976,68557,13,0,0,13,5
2020-08-25,US,North Carolina,Wilson,1679,36,0,35.70625477,-77.917978,37195.0,2052.542144961553,2.144133412745682,1643,1670,36,0,1634,1656,81455,9,0,0,9,14
2020-08-25,US,North Carolina,Yadkin,602,7,0,36.16222629,-80.66239436,37197.0,1598.2159449916373,1.162790697674419,595,599,7,0,592,599,37543,3,0,0,3,0
2020-08-25,US,North Carolina,Yancey,85,0,0,35.90079156,-82.31237181,37199.0,470.41894958215727,0.0,85,85,0,0,85,85,17903,0,0,0,0,0
2020-08-25,US,North Dakota,Adams,5,0,0,46.09686891,-102.5285397,38001.0,225.6317689530686,0.0,5,5,0,0,5,5,2294,0,0,0,0,0
2020-08-25,US,North Dakota,Barnes,60,0,0,46.93579637,-98.06605978,38003.0,576.0921747479598,0.0,60,59,0,0,59,58,10542,1,0,0,1,1
2020-08-25,US,North Dakota,Benson,205,3,0,48.0683985,-99.35916363,38005.0,3000.585480093677,1.4634146341463414,202,205,3,0,202,203,6962,0,0,0,0,2
2020-08-25,US,North Dakota,Billings,4,0,0,47.02366884,-103.3762965,38007.0,431.0344827586207,0.0,4,4,0,0,4,4,919,0,0,0,0,0
2020-08-25,US,North Dakota,Bottineau,24,0,0,48.79106111,-100.8378166,38009.0,382.04393505253097,0.0,24,24,0,0,24,24,6411,0,0,0,0,0
2020-08-25,US,North Dakota,Bowman,15,0,0,46.11285362,-103.5203343,38011.0,496.03174603174597,0.0,15,15,0,0,15,15,3076,0,0,0,0,0
2020-08-25,US,North Dakota,Burke,24,1,0,48.79094471,-102.51821170000001,38013.0,1134.7517730496456,4.166666666666667,23,24,1,0,23,24,2100,0,0,0,0,0
2020-08-25,US,North Dakota,Burleigh,1750,13,0,46.97847375,-100.46452140000001,38015.0,1830.0462217388572,0.7428571428571429,1737,1716,13,0,1703,1701,95273,34,0,0,34,15
2020-08-25,US,North Dakota,Cass,3309,76,0,46.93201724,-97.24447190000001,38017.0,1818.9014033409744,2.2967663946811725,3233,3289,76,0,3213,3274,181516,20,0,0,20,15
2020-08-25,US,North Dakota,Cavalier,31,0,0,48.77286211,-98.46685243,38019.0,824.0297713981925,0.0,31,31,0,0,31,31,3829,0,0,0,0,0
2020-08-25,US,North Dakota,Dickey,20,0,0,46.11017712,-98.50490079999999,38021.0,410.5090311986864,0.0,20,19,0,0,19,16,4903,1,0,0,1,3
2020-08-25,US,North Dakota,Divide,5,0,0,48.814938700000006,-103.48736109999999,38023.0,220.84805653710248,0.0,5,5,0,0,5,5,2283,0,0,0,0,0
2020-08-25,US,North Dakota,Dunn,44,0,0,47.35423935,-102.61604679999999,38025.0,994.5750452079567,0.0,44,40,0,0,40,39,4332,4,0,0,4,1
2020-08-25,US,North Dakota,Eddy,24,0,0,47.71701474,-98.90432337,38027.0,1049.4097070397902,0.0,24,24,0,0,24,23,2313,0,0,0,0,1
2020-08-25,US,North Dakota,Emmons,24,1,0,46.28398398,-100.2389766,38029.0,740.5121875964209,4.166666666666667,23,24,1,0,23,24,3295,0,0,0,0,0
2020-08-25,US,North Dakota,Foster,28,0,0,47.457108399999996,-98.88279923,38031.0,872.2741433021807,0.0,28,28,0,0,28,28,3216,0,0,0,0,0
2020-08-25,US,North Dakota,Golden Valley,24,0,0,46.94022281,-103.8465421,38033.0,1362.862010221465,0.0,24,23,0,0,23,22,1769,1,0,0,1,1
2020-08-25,US,North Dakota,Grand Forks,1154,10,0,47.92093639,-97.45450447,38035.0,1661.603144663144,0.8665511265164645,1144,1044,10,0,1034,1019,70770,110,0,0,110,25
2020-08-25,US,North Dakota,Grant,9,0,0,46.35821257,-101.63900129999999,38037.0,395.77836411609496,0.0,9,9,0,0,9,9,2374,0,0,0,0,0
2020-08-25,US,North Dakota,Griggs,38,1,0,47.45785838,-98.23850925,38039.0,1703.2720753025546,2.631578947368421,37,38,1,0,37,38,2232,0,0,0,0,0
2020-08-25,US,North Dakota,Hettinger,12,0,0,46.43375068,-102.4632417,38041.0,480.19207683073233,0.0,12,12,0,0,12,12,2514,0,0,0,0,0
2020-08-25,US,North Dakota,Kidder,27,0,0,46.97830064,-99.77507857,38043.0,1088.7096774193546,0.0,27,25,0,0,25,24,2450,2,0,0,2,1
2020-08-25,US,North Dakota,LaMoure,18,0,0,46.45681054,-98.53542355,38045.0,444.8838358872961,0.0,18,18,0,0,18,18,4062,0,0,0,0,0
2020-08-25,US,North Dakota,Logan,9,0,0,46.45729487,-99.47719806,38047.0,486.4864864864865,0.0,9,7,0,0,7,7,1903,2,0,0,2,0
2020-08-25,US,North Dakota,McHenry,28,1,0,48.23104458,-100.6324822,38049.0,487.38033072236726,3.571428571428572,27,28,1,0,27,27,5816,0,0,0,0,1
2020-08-25,US,North Dakota,McIntosh,44,3,0,46.11182017,-99.44145858,38051.0,1762.1145374449338,6.8181818181818175,41,43,3,0,40,43,2585,1,0,0,1,0
2020-08-25,US,North Dakota,McKenzie,105,2,0,47.74133370000001,-103.395905,38053.0,698.8817891373802,1.9047619047619049,103,100,2,0,98,100,13632,5,0,0,5,0
2020-08-25,US,North Dakota,McLean,129,1,0,47.60766714,-101.3182418,38055.0,1365.0793650793648,0.7751937984496124,128,127,1,0,126,126,9541,2,0,0,2,1
2020-08-25,US,North Dakota,Mercer,37,0,0,47.31213126,-101.8318399,38057.0,451.93599609136436,0.0,37,37,0,0,37,37,8267,0,0,0,0,0
2020-08-25,US,North Dakota,Morton,548,5,0,46.71681782,-101.2822377,38059.0,1747.2261191174591,0.9124087591240876,543,544,4,0,540,537,31095,4,1,0,3,7
2020-08-25,US,North Dakota,Mountrail,161,1,0,48.20197971,-102.3555315,38061.0,1526.7899478425797,0.6211180124223602,160,161,1,0,160,160,10218,0,0,0,0,1
2020-08-25,US,North Dakota,Nelson,28,0,0,47.9226426,-98.19038437,38063.0,972.5599166377216,0.0,28,28,0,0,28,28,2869,0,0,0,0,0
2020-08-25,US,North Dakota,Oliver,9,0,0,47.11530482,-101.3406158,38065.0,459.41807044410416,0.0,9,8,0,0,8,8,1952,1,0,0,1,0
2020-08-25,US,North Dakota,Pembina,28,0,0,48.76623521,-97.5523809,38067.0,411.70416115277163,0.0,28,28,0,0,28,28,6947,0,0,0,0,0
2020-08-25,US,North Dakota,Pierce,22,0,0,48.24977025,-99.96407787,38069.0,553.4591194968554,0.0,22,22,0,0,22,22,4081,0,0,0,0,0
2020-08-25,US,North Dakota,Ramsey,108,2,0,48.26886249,-98.72223879,38071.0,937.5813872732007,1.851851851851852,106,107,2,0,105,99,11481,1,0,0,1,8
2020-08-25,US,North Dakota,Ransom,35,0,0,46.45621782,-97.65742504,38073.0,670.7550785741663,0.0,35,35,0,0,35,34,5237,0,0,0,0,1
2020-08-25,US,North Dakota,Renville,10,0,0,48.71982533,-101.6603912,38075.0,429.7378599054577,0.0,10,10,0,0,10,10,2374,0,0,0,0,0
2020-08-25,US,North Dakota,Richland,124,1,0,46.26440649,-96.94852979,38077.0,766.5203684243062,0.8064516129032258,123,124,1,0,123,122,16239,0,0,0,0,2
2020-08-25,US,North Dakota,Rolette,102,2,0,48.77245354,-99.84097493,38079.0,719.5259593679457,1.96078431372549,100,101,2,0,99,100,14301,1,0,0,1,1
2020-08-25,US,North Dakota,Sargent,12,0,0,46.10830372,-97.63217159,38081.0,307.8501795792714,0.0,12,10,0,0,10,10,3870,2,0,0,2,0
2020-08-25,US,North Dakota,Sheridan,9,0,0,47.57700669,-100.3426391,38083.0,684.4106463878327,0.0,9,9,0,0,9,9,1349,0,0,0,0,0
2020-08-25,US,North Dakota,Sioux,112,2,0,46.11323337,-101.04401490000001,38085.0,2647.754137115839,1.7857142857142858,110,110,2,0,108,110,4358,2,0,0,2,0
2020-08-25,US,North Dakota,Slope,5,0,0,46.44737738,-103.4601547,38087.0,666.6666666666666,0.0,5,5,0,0,5,5,763,0,0,0,0,0
2020-08-25,US,North Dakota,Stark,553,6,0,46.80851182,-102.65763259999999,38089.0,1756.1688208580774,1.08499095840868,547,544,6,0,538,523,30997,9,0,0,9,21
2020-08-25,US,North Dakota,Steele,17,0,0,47.45611548,-97.72728747,38091.0,899.4708994708992,0.0,17,17,0,0,17,17,1903,0,0,0,0,0
2020-08-25,US,North Dakota,Stutsman,142,3,0,46.97962541,-98.95637318,38093.0,685.8578052550233,2.112676056338028,139,142,3,0,139,137,20917,0,0,0,0,5
2020-08-25,US,North Dakota,Towner,6,0,0,48.68565745,-99.24564265,38095.0,274.09776153494744,0.0,6,6,0,0,6,6,2192,0,0,0,0,0
2020-08-25,US,North Dakota,Traill,67,0,0,47.45367788,-97.16323288,38097.0,833.7481333997014,0.0,67,67,0,0,67,67,8037,0,0,0,0,0
2020-08-25,US,North Dakota,Walsh,139,1,0,48.36876964,-97.72574783,38099.0,1306.2682078751998,0.7194244604316546,138,138,1,0,137,137,10667,1,0,0,1,1
2020-08-25,US,North Dakota,Ward,421,1,0,48.22390169,-101.54367629999999,38101.0,622.4035717981698,0.2375296912114014,420,403,1,0,402,398,67744,18,0,0,18,5
2020-08-25,US,North Dakota,Wells,27,0,0,47.58614526,-99.65904998,38103.0,704.2253521126761,0.0,27,27,0,0,27,27,3957,0,0,0,0,0
2020-08-25,US,North Dakota,Williams,338,2,0,48.34522353,-103.4793387,38105.0,899.1992338184042,0.591715976331361,336,331,2,0,329,326,35350,7,0,0,7,5
2020-08-25,US,Ohio,Adams,85,4,0,38.84541072,-83.4718964,39001.0,306.88136327532675,4.705882352941177,81,84,4,0,80,84,27724,1,0,0,1,0
2020-08-25,US,Ohio,Allen,1028,49,0,40.77285242,-84.10802343,39003.0,1004.3868648083555,4.766536964980545,979,1010,49,0,961,1001,102663,18,0,0,18,9
2020-08-25,US,Ohio,Ashland,162,3,0,40.84772277,-82.27280781,39005.0,302.89432353601075,1.851851851851852,159,162,3,0,159,162,53745,0,0,0,0,0
2020-08-25,US,Ohio,Ashtabula,595,46,0,41.70860332,-80.74830218,39007.0,611.8818193971679,7.73109243697479,549,595,46,0,549,594,97493,0,0,0,0,1
2020-08-25,US,Ohio,Athens,374,2,0,39.33425634,-82.04278644,39009.0,572.5044774748573,0.5347593582887701,372,373,2,0,371,373,65818,1,0,0,1,0
2020-08-25,US,Ohio,Auglaize,366,8,0,40.55998859,-84.22421429999999,39011.0,801.647100052567,2.1857923497267757,358,365,8,0,357,363,45804,1,0,0,1,2
2020-08-25,US,Ohio,Belmont,676,26,0,40.01625942,-80.9924051,39013.0,1008.8648777721396,3.8461538461538463,650,674,26,0,648,672,67505,2,0,0,2,2
2020-08-25,US,Ohio,Brown,191,2,0,38.93416837,-83.86788395,39015.0,439.7679130594953,1.0471204188481675,189,190,2,0,188,185,43602,1,0,0,1,5
2020-08-25,US,Ohio,Butler,3536,69,0,39.44012838,-84.57388716,39017.0,922.9146982517866,1.9513574660633484,3467,3478,69,0,3409,3459,382378,58,0,0,58,19
2020-08-25,US,Ohio,Carroll,123,6,0,40.578968599999996,-81.09178213,39019.0,457.0112209259122,4.878048780487805,117,122,6,0,116,121,27081,1,0,0,1,1
2020-08-25,US,Ohio,Champaign,237,2,0,40.13923427,-83.76875242,39021.0,609.4895203806095,0.8438818565400844,235,234,2,0,232,232,38754,3,0,0,3,2
2020-08-25,US,Ohio,Clark,1360,21,0,39.91592258,-83.78498252,39023.0,1014.2971144738707,1.5441176470588236,1339,1351,20,0,1331,1341,134585,9,1,0,8,10
2020-08-25,US,Ohio,Clermont,1174,13,0,39.04847534,-84.15375786,39025.0,568.7212974984012,1.1073253833049403,1161,1153,13,0,1140,1140,205466,21,0,0,21,13
2020-08-25,US,Ohio,Clinton,220,7,0,39.41485808,-83.80852286,39027.0,524.2089210827297,3.1818181818181817,213,216,6,0,210,210,42057,4,1,0,3,6
2020-08-25,US,Ohio,Columbiana,1773,63,0,40.76932373,-80.78094576,39029.0,1740.231441948117,3.5532994923857872,1710,1771,63,0,1708,1765,102665,2,0,0,2,6
2020-08-25,US,Ohio,Coshocton,210,9,0,40.30096166,-81.91729018,39031.0,573.7704918032788,4.285714285714286,201,209,9,0,200,209,36629,1,0,0,1,0
2020-08-25,US,Ohio,Crawford,189,5,0,40.85065156,-82.91989099,39033.0,455.487540367282,2.6455026455026456,184,189,5,0,184,188,41550,0,0,0,0,1
2020-08-25,US,Ohio,Cuyahoga,15088,552,0,41.424119,-81.65918339,39035.0,1221.6291843714375,3.6585365853658534,14536,15032,552,0,14480,14955,1243857,56,0,0,56,77
2020-08-25,US,Ohio,Darke,551,31,0,40.13412966,-84.6194517,39037.0,1078.00363899595,5.626134301270417,520,548,31,0,517,534,51323,3,0,0,3,14
2020-08-25,US,Ohio,Defiance,192,5,0,41.32398837,-84.49076944,39039.0,504.1090135741854,2.6041666666666665,187,191,5,0,186,188,38165,1,0,0,1,3
2020-08-25,US,Ohio,Delaware,1546,20,0,40.27942393,-83.00457058,39041.0,739.0869933118843,1.2936610608020698,1526,1527,20,0,1507,1516,204826,19,0,0,19,11
2020-08-25,US,Ohio,Erie,720,35,0,41.36796058,-82.62904521,39043.0,969.4880564457492,4.861111111111111,685,710,33,0,677,704,74615,10,2,0,8,6
2020-08-25,US,Ohio,Fairfield,1609,39,0,39.75107189,-82.63088163,39045.0,1021.1075431225964,2.4238657551274083,1570,1594,39,0,1555,1586,155782,15,0,0,15,8
2020-08-25,US,Ohio,Fayette,175,1,0,39.56021306,-83.4562016,39047.0,613.4969325153372,0.5714285714285714,174,172,1,0,171,169,28666,3,0,0,3,3
2020-08-25,US,Ohio,Franklin,20794,554,0,39.96995815,-83.01115755,39049.0,1579.183994604923,2.6642300663652976,20240,20659,554,0,20105,20534,1310300,135,0,0,135,125
2020-08-25,US,Ohio,Fulton,178,1,0,41.60213491,-84.12571393,39051.0,422.5418981151783,0.5617977528089888,177,177,1,0,176,173,42276,1,0,0,1,4
2020-08-25,US,Ohio,Gallia,129,2,0,38.82708533,-82.31647569,39053.0,431.46698775837854,1.5503875968992251,127,121,2,0,119,114,29979,8,0,0,8,7
2020-08-25,US,Ohio,Geauga,595,46,0,41.49952319,-81.17935342,39055.0,635.3511516407009,7.73109243697479,549,595,46,0,549,594,94031,0,0,0,0,1
2020-08-25,US,Ohio,Greene,896,16,0,39.69116283,-83.89032084,39057.0,530.3752286355268,1.7857142857142858,880,885,15,0,870,871,167995,11,1,0,10,14
2020-08-25,US,Ohio,Guernsey,129,7,0,40.05026529,-81.49248905,39059.0,331.83279742765274,5.426356589147288,122,128,7,0,121,128,39022,1,0,0,1,0
2020-08-25,US,Ohio,Hamilton,10663,281,0,39.19673558,-84.54502924,39061.0,1304.3855882701935,2.6352808778017445,10382,10606,281,0,10325,10533,816684,57,0,0,57,73
2020-08-25,US,Ohio,Hancock,489,6,0,41.00250487,-83.66838948,39063.0,645.2634495863189,1.2269938650306749,483,476,5,0,471,467,75930,13,1,0,12,9
2020-08-25,US,Ohio,Hardin,205,13,0,40.66015414,-83.65929931,39065.0,653.59477124183,6.3414634146341475,192,204,13,0,191,204,31480,1,0,0,1,0
2020-08-25,US,Ohio,Harrison,28,1,0,40.29380509,-81.09068544,39067.0,186.17021276595744,3.571428571428572,27,28,1,0,27,28,15174,0,0,0,0,0
2020-08-25,US,Ohio,Henry,174,2,0,41.333964200000004,-84.06830637,39069.0,644.3012663852477,1.1494252873563218,172,172,2,0,170,154,27086,2,0,0,2,18
2020-08-25,US,Ohio,Highland,185,3,0,39.1839264,-83.60331456,39071.0,428.6276962999004,1.6216216216216215,182,183,3,0,180,183,43058,2,0,0,2,0
2020-08-25,US,Ohio,Hocking,132,9,0,39.49537927,-82.47991446,39073.0,467.02519105576,6.8181818181818175,123,131,9,0,122,131,28385,1,0,0,1,0
2020-08-25,US,Ohio,Holmes,342,7,0,40.56163713,-81.92635677,39075.0,777.9799818016379,2.046783625730994,335,342,7,0,335,341,43892,0,0,0,0,1
2020-08-25,US,Ohio,Huron,462,6,0,41.14651175,-82.59867951,39077.0,792.9152507465759,1.2987012987012987,456,462,6,0,456,462,58504,0,0,0,0,0
2020-08-25,US,Ohio,Jackson,142,0,0,39.01914254,-82.61818559999998,39079.0,438.09582574892784,0.0,142,137,0,0,137,133,32384,5,0,0,5,4
2020-08-25,US,Ohio,Jefferson,263,4,0,40.38614126,-80.76259514,39081.0,402.6023727516265,1.520912547528517,259,261,4,0,257,261,65767,2,0,0,2,0
2020-08-25,US,Ohio,Knox,238,13,0,40.39830217,-82.42027563,39083.0,381.8876159301692,5.46218487394958,225,236,13,0,223,234,61893,2,0,0,2,2
2020-08-25,US,Ohio,Lake,1262,44,0,41.69710807,-81.23676539,39085.0,548.3404229433976,3.4865293185419968,1218,1254,44,0,1210,1244,230514,8,0,0,8,10
2020-08-25,US,Ohio,Lawrence,397,7,0,38.59743452,-82.53466552,39087.0,667.6420631316953,1.7632241813602014,390,395,6,0,389,394,59866,2,1,0,1,1
2020-08-25,US,Ohio,Licking,1512,56,0,40.09136236,-82.48185785,39089.0,854.9038233198766,3.703703703703704,1456,1499,56,0,1443,1492,175769,13,0,0,13,7
2020-08-25,US,Ohio,Logan,223,2,0,40.38996525,-83.76784341,39091.0,488.2641443335085,0.8968609865470852,221,219,2,0,217,219,45358,4,0,0,4,0
2020-08-25,US,Ohio,Lorain,2036,81,0,41.29553751,-82.15083537,39093.0,657.1281948662668,3.978388998035364,1955,2022,81,0,1941,1998,309461,14,0,0,14,24
2020-08-25,US,Ohio,Lucas,6149,339,0,41.62101218,-83.65468618,39095.0,1435.5150485119575,5.513091559603187,5810,6117,338,0,5779,6070,429899,32,1,0,31,47
2020-08-25,US,Ohio,Madison,655,11,0,39.89381073,-83.40178317,39097.0,1464.3088685698956,1.6793893129770991,644,654,11,0,643,649,44413,1,0,0,1,5
2020-08-25,US,Ohio,Mahoning,2795,262,0,41.01631101,-80.77287029,39099.0,1222.2159058609516,9.373881932021467,2533,2788,262,0,2526,2761,229642,7,0,0,7,27
2020-08-25,US,Ohio,Marion,2991,45,0,40.58610662,-83.15736305,39101.0,4594.964128247278,1.5045135406218657,2946,2986,45,0,2941,2978,65256,5,0,0,5,8
2020-08-25,US,Ohio,Medina,1110,36,0,41.11770589,-81.89986209999998,39103.0,617.5380815150268,3.2432432432432434,1074,1098,36,0,1062,1086,179146,12,0,0,12,12
2020-08-25,US,Ohio,Meigs,87,0,0,39.09224872,-82.0305041,39105.0,379.796568734448,0.0,87,85,0,0,85,81,23106,2,0,0,2,4
2020-08-25,US,Ohio,Mercer,775,14,0,40.54043046,-84.62912742,39107.0,1882.3472262702808,1.8064516129032255,761,772,14,0,758,772,40959,3,0,0,3,0
2020-08-25,US,Ohio,Miami,996,40,0,40.0543329,-84.22871271,39109.0,930.954228083786,4.016064257028113,956,992,40,0,952,983,106222,4,0,0,4,9
2020-08-25,US,Ohio,Monroe,102,18,0,39.72984936,-81.08464734,39111.0,747.0338362384648,17.647058823529417,84,102,18,0,84,102,13790,0,0,0,0,0
2020-08-25,US,Ohio,Montgomery,5144,115,0,39.75394919,-84.29050975,39113.0,967.4865099203104,2.235614307931571,5029,5081,116,0,4965,5029,532331,63,-1,0,64,52
2020-08-25,US,Ohio,Morgan,43,0,0,39.62081738,-81.85308173,39115.0,296.38819961400606,0.0,43,43,0,0,43,41,14604,0,0,0,0,2
2020-08-25,US,Ohio,Morrow,217,2,0,40.52363560000001,-82.7892599,39117.0,614.2436594202899,0.9216589861751152,215,214,2,0,212,214,35112,3,0,0,3,0
2020-08-25,US,Ohio,Muskingum,294,1,0,39.96575964,-81.94363275,39119.0,341.00794525314615,0.3401360544217687,293,291,1,0,290,290,86183,3,0,0,3,1
2020-08-25,US,Ohio,Noble,21,0,0,39.76818851,-81.45937183,39121.0,145.59068219633943,0.0,21,21,0,0,21,21,14354,0,0,0,0,0
2020-08-25,US,Ohio,Ottawa,436,28,0,41.53781826,-83.0940185,39123.0,1075.8790869833438,6.422018348623853,408,435,28,0,407,435,40769,1,0,0,1,0
2020-08-25,US,Ohio,Paulding,77,0,0,41.11676341,-84.5801017,39125.0,412.38217652099405,0.0,77,77,0,0,77,77,18760,0,0,0,0,0
2020-08-25,US,Ohio,Perry,216,5,0,39.73508655,-82.23804971,39127.0,597.7749488016826,2.314814814814815,211,207,5,0,202,199,36033,9,0,0,9,8
2020-08-25,US,Ohio,Pickaway,2456,42,0,39.64170392,-83.0243386,39129.0,4201.378791248268,1.710097719869707,2414,2448,42,0,2406,2448,58086,8,0,0,8,0
2020-08-25,US,Ohio,Pike,97,0,0,39.07634001,-83.06769584,39131.0,349.2726487109318,0.0,97,93,0,0,93,92,28067,4,0,0,4,1
2020-08-25,US,Ohio,Portage,834,65,0,41.16793482,-81.19735782,39133.0,513.3381753720779,7.793764988009593,769,828,65,0,763,819,162927,6,0,0,6,9
2020-08-25,US,Ohio,Preble,320,3,0,39.7420247,-84.64787018,39135.0,782.7405704221907,0.9375,317,317,3,0,314,309,40997,3,0,0,3,8
2020-08-25,US,Ohio,Putnam,273,17,0,41.02094889,-84.1336111,39137.0,806.2372641091521,6.227106227106228,256,266,17,0,249,261,33780,7,0,0,7,5
2020-08-25,US,Ohio,Richland,679,16,0,40.77180308,-82.53799609999999,39139.0,560.4437327698631,2.3564064801178204,663,674,16,0,658,670,121099,5,0,0,5,4
2020-08-25,US,Ohio,Ross,626,9,0,39.33705391,-83.06000914,39141.0,816.528839381212,1.437699680511182,617,619,9,0,610,613,76931,7,0,0,7,6
2020-08-25,US,Ohio,Sandusky,483,17,0,41.35624126,-83.137872,39143.0,825.3870603916744,3.519668737060041,466,483,17,0,466,478,58799,0,0,0,0,5
2020-08-25,US,Ohio,Scioto,312,1,0,38.80270163,-82.98907345,39145.0,414.2656079878907,0.3205128205128205,311,308,1,0,307,306,75502,4,0,0,4,2
2020-08-25,US,Ohio,Seneca,296,10,0,41.12351311,-83.12783209,39147.0,536.4456848744063,3.3783783783783785,286,297,10,0,287,292,55207,-1,0,0,-1,5
2020-08-25,US,Ohio,Shelby,308,4,0,40.33163494,-84.20258189,39149.0,633.875282980037,1.2987012987012987,304,293,4,0,289,288,48627,15,0,0,15,5
2020-08-25,US,Ohio,Stark,2192,150,0,40.81482476,-81.36437305,39151.0,591.4637107871972,6.843065693430657,2042,2166,149,0,2017,2155,371574,26,1,0,25,11
2020-08-25,US,Ohio,Summit,4219,232,0,41.12464734,-81.53123079,39153.0,779.8333866284172,5.498933396539464,3987,4188,232,0,3956,4146,541918,31,0,0,31,42
2020-08-25,US,Ohio,Trumbull,1715,116,0,41.31735028,-80.76109643,39155.0,866.2753694929637,6.763848396501457,1599,1710,115,0,1595,1699,198627,5,1,0,4,11
2020-08-25,US,Ohio,Tuscarawas,840,16,0,40.44214695,-81.47226262,39157.0,913.1725135073434,1.9047619047619049,824,834,15,0,819,829,92176,6,1,0,5,5
2020-08-25,US,Ohio,Union,333,1,0,40.30016061,-83.37239023,39159.0,564.5215976130737,0.3003003003003003,332,330,1,0,329,325,57835,3,0,0,3,5
2020-08-25,US,Ohio,Van Wert,81,2,0,40.8554138,-84.59111700000003,39161.0,286.47214854111405,2.469135802469136,79,80,2,0,78,79,28281,1,0,0,1,1
2020-08-25,US,Ohio,Vinton,36,2,0,39.25208988,-82.4831444,39163.0,275.12418800152847,5.5555555555555545,34,36,2,0,34,36,13139,0,0,0,0,0
2020-08-25,US,Ohio,Warren,2155,41,0,39.42581994,-84.16557457,39165.0,918.5769942285233,1.9025522041763339,2114,2130,41,0,2089,2105,232173,25,0,0,25,25
2020-08-25,US,Ohio,Washington,223,23,0,39.45690571,-81.49121382,39167.0,372.218791206957,10.31390134529148,200,222,23,0,199,222,60155,1,0,0,1,0
2020-08-25,US,Ohio,Wayne,672,61,0,40.82925852,-81.88844833,39169.0,580.7622504537205,9.077380952380953,611,657,61,0,596,649,115967,15,0,0,15,8
2020-08-25,US,Ohio,Williams,152,3,0,41.56052014,-84.58429552,39171.0,414.2592390711872,1.973684210526316,149,149,3,0,146,147,36804,3,0,0,3,2
2020-08-25,US,Ohio,Wood,1255,60,0,41.36224827,-83.62285108,39173.0,959.3554354556366,4.7808764940239055,1195,1243,60,0,1183,1230,130696,12,0,0,12,13
2020-08-25,US,Ohio,Wyandot,176,10,0,40.84339621,-83.30734173,39175.0,808.3777328679038,5.6818181818181825,166,175,10,0,165,173,21935,1,0,0,1,2
2020-08-25,US,Oklahoma,Adair,413,6,0,35.88494195,-94.65859267,40001.0,1860.8632963864104,1.452784503631961,407,410,6,0,404,412,22082,3,0,0,3,-2
2020-08-25,US,Oklahoma,Alfalfa,12,0,0,36.73090616,-98.32408495,40003.0,210.4524728165556,0.0,12,11,0,0,11,10,5754,1,0,0,1,1
2020-08-25,US,Oklahoma,Atoka,101,1,0,34.37366573,-96.03802487,40005.0,734.1183311527839,0.99009900990099,100,98,1,0,97,95,13838,3,0,0,3,3
2020-08-25,US,Oklahoma,Beaver,42,0,0,36.7496847,-100.4758872,40007.0,790.8115232536246,0.0,42,41,0,0,41,41,5319,1,0,0,1,0
2020-08-25,US,Oklahoma,Beckham,118,1,0,35.26862449,-99.68128023,40009.0,539.8234136968754,0.8474576271186439,117,114,1,0,113,113,21709,4,0,0,4,1
2020-08-25,US,Oklahoma,Blaine,62,0,0,35.87518314,-98.43307003,40011.0,657.5458691271609,0.0,62,62,0,0,62,57,9485,0,0,0,0,5
2020-08-25,US,Oklahoma,Bryan,559,3,0,33.96472458,-96.25903472,40013.0,1164.7046567350765,0.5366726296958855,556,551,3,0,548,545,47192,8,0,0,8,6
2020-08-25,US,Oklahoma,Caddo,513,20,0,35.17364557,-98.37534464,40015.0,1783.6033655517695,3.8986354775828462,493,509,20,0,489,506,28977,4,0,0,4,3
2020-08-25,US,Oklahoma,Canadian,1433,11,0,35.5426055,-97.98465569,40017.0,966.245465456556,0.7676203768318214,1422,1420,9,0,1411,1413,144447,13,2,0,11,7
2020-08-25,US,Oklahoma,Carter,396,6,0,34.25103751,-97.28552485,40019.0,823.0965891376193,1.5151515151515151,390,394,6,0,388,393,48177,2,0,0,2,1
2020-08-25,US,Oklahoma,Cherokee,589,4,0,35.90692775,-94.99980896,40021.0,1210.5144172472615,0.6791171477079796,585,588,3,0,585,578,48675,1,1,0,0,10
2020-08-25,US,Oklahoma,Choctaw,229,1,0,34.02807439,-95.54771129,40023.0,1560.7960741548527,0.4366812227074236,228,222,1,0,221,221,14668,7,0,0,7,1
2020-08-25,US,Oklahoma,Cimarron,14,0,0,36.74817177,-102.5173885,40025.0,655.1240056153488,0.0,14,14,0,0,14,14,2153,0,0,0,0,0
2020-08-25,US,Oklahoma,Cleveland,3581,63,0,35.20413532,-97.32519562,40027.0,1260.8533382157218,1.7592851158894165,3518,3543,63,0,3480,3522,281669,38,0,0,38,21
2020-08-25,US,Oklahoma,Coal,50,0,0,34.58840127,-96.29798747,40029.0,909.9181073703368,0.0,50,50,0,0,50,48,5520,0,0,0,0,2
2020-08-25,US,Oklahoma,Comanche,1181,11,0,34.65973764,-98.47195055,40031.0,978.0619301195039,0.9314140558848434,1170,1151,11,0,1140,1149,120422,30,0,0,30,2
2020-08-25,US,Oklahoma,Cotton,25,2,0,34.28845626,-98.37053567,40033.0,441.22837980938937,8.0,23,25,2,0,23,25,5776,0,0,0,0,0
2020-08-25,US,Oklahoma,Craig,108,1,0,36.76268118,-95.20916602,40035.0,763.6826474331777,0.925925925925926,107,106,1,0,105,106,14306,2,0,0,2,0
2020-08-25,US,Oklahoma,Creek,758,19,0,35.90230551,-96.37086028,40037.0,1059.8137635972148,2.5065963060686016,739,746,19,0,727,745,71604,12,0,0,12,1
2020-08-25,US,Oklahoma,Custer,292,0,0,35.63853802,-99.00170785,40039.0,1006.7924007861257,0.0,292,282,0,0,282,279,29036,10,0,0,10,3
2020-08-25,US,Oklahoma,Delaware,511,20,0,36.40823634,-94.80325046,40041.0,1188.123416029203,3.9138943248532287,491,506,20,0,486,507,42733,5,0,0,5,-1
2020-08-25,US,Oklahoma,Dewey,19,0,0,35.98772922,-99.00730714,40043.0,388.4686158249847,0.0,19,18,0,0,18,18,4894,1,0,0,1,0
2020-08-25,US,Oklahoma,Ellis,6,0,0,36.218019399999996,-99.75324573,40045.0,155.48069448043537,0.0,6,6,0,0,6,6,3952,0,0,0,0,0
2020-08-25,US,Oklahoma,Garfield,795,9,0,36.3791334,-97.78265517,40047.0,1302.0833333333333,1.1320754716981132,786,766,9,0,757,750,60913,29,0,0,29,16
2020-08-25,US,Oklahoma,Garvin,255,4,0,34.70418038,-97.30811132,40049.0,920.2121901050124,1.568627450980392,251,257,4,0,253,252,27811,-2,0,0,-2,5
2020-08-25,US,Oklahoma,Grady,499,7,0,35.0167709,-97.88339847,40051.0,893.7206719919764,1.4028056112224452,492,494,7,0,487,494,55551,5,0,0,5,0
2020-08-25,US,Oklahoma,Grant,22,0,0,36.796296999999996,-97.78638765,40053.0,507.73136395107315,0.0,22,21,0,0,21,21,4326,1,0,0,1,0
2020-08-25,US,Oklahoma,Greer,86,8,0,34.93535801,-99.56056120000001,40055.0,1505.6022408963586,9.30232558139535,78,86,8,0,78,86,5821,0,0,0,0,0
2020-08-25,US,Oklahoma,Harmon,37,0,0,34.7440135,-99.84741652,40057.0,1394.647568790049,0.0,37,37,0,0,37,37,2664,0,0,0,0,0
2020-08-25,US,Oklahoma,Harper,17,0,0,36.78836519,-99.6679804,40059.0,460.95444685466384,0.0,17,17,0,0,17,16,3797,0,0,0,0,1
2020-08-25,US,Oklahoma,Haskell,151,2,0,35.22257600000001,-95.11513306,40061.0,1195.8501623505188,1.3245033112582782,149,147,2,0,145,145,12668,4,0,0,4,2
2020-08-25,US,Oklahoma,Hughes,199,3,0,35.04912569,-96.24921145,40063.0,1498.6068228029221,1.5075376884422111,196,194,3,0,191,194,13335,5,0,0,5,0
2020-08-25,US,Oklahoma,Jackson,570,7,0,34.58781741,-99.41138784,40065.0,2323.685283326539,1.2280701754385963,563,566,7,0,559,565,24949,4,0,0,4,1
2020-08-25,US,Oklahoma,Jefferson,34,0,0,34.11130184,-97.83182974,40067.0,566.47784071976,0.0,34,34,0,0,34,34,6123,0,0,0,0,0
2020-08-25,US,Oklahoma,Johnston,70,0,0,34.31440473,-96.66011537,40069.0,631.4839873703203,0.0,70,69,0,0,69,66,10949,1,0,0,1,3
2020-08-25,US,Oklahoma,Kay,291,11,0,36.81799745,-97.14421435,40071.0,668.3816436216638,3.7800687285223367,280,288,11,0,277,287,44161,3,0,0,3,1
2020-08-25,US,Oklahoma,Kingfisher,238,0,0,35.94530008,-97.94193268,40073.0,1509.673326990168,0.0,238,236,0,0,236,235,15816,2,0,0,2,1
2020-08-25,US,Oklahoma,Kiowa,40,1,0,34.91671958,-98.97720696,40075.0,459.34772622875516,2.5,39,40,1,0,39,39,8729,0,0,0,0,1
2020-08-25,US,Oklahoma,Latimer,107,2,0,34.87844729,-95.25215049,40077.0,1062.2456070684007,1.8691588785046729,105,104,2,0,102,104,10231,3,0,0,3,0
2020-08-25,US,Oklahoma,Le Flore,560,3,0,34.89851864,-94.70392124,40079.0,1123.3025093775698,0.5357142857142857,557,552,3,0,549,539,49980,8,0,0,8,13
2020-08-25,US,Oklahoma,Lincoln,276,5,0,35.70270942,-96.8812462,40081.0,791.3524672420219,1.8115942028985508,271,272,5,0,267,271,34920,4,0,0,4,1
2020-08-25,US,Oklahoma,Logan,268,1,0,35.91899576,-97.44352845,40083.0,558.2054112599196,0.373134328358209,267,265,1,0,264,267,47291,3,0,0,3,-2
2020-08-25,US,Oklahoma,Love,88,0,0,33.95273467,-97.23906784,40085.0,858.285379888813,0.0,88,88,0,0,88,86,10134,0,0,0,0,2
2020-08-25,US,Oklahoma,Major,43,1,0,36.31149996,-98.53467076,40093.0,563.6387468868793,2.3255813953488373,42,43,1,0,42,43,7644,0,0,0,0,0
2020-08-25,US,Oklahoma,Marshall,127,1,0,34.02311222,-96.76855464,40095.0,750.103360699309,0.7874015748031497,126,126,1,0,125,125,16806,1,0,0,1,1
2020-08-25,US,Oklahoma,Mayes,395,8,0,36.30179091,-95.23175116,40097.0,961.0705596107056,2.0253164556962027,387,388,8,0,380,386,41107,7,0,0,7,2
2020-08-25,US,Oklahoma,McClain,540,4,0,35.01123903,-97.44572302,40087.0,1334.18985027425,0.7407407407407407,536,536,4,0,532,534,39985,4,0,0,4,2
2020-08-25,US,Oklahoma,McCurtain,968,29,0,34.11664328,-94.77222373,40089.0,2948.343079922028,2.995867768595041,939,958,29,0,929,951,32703,10,0,0,10,7
2020-08-25,US,Oklahoma,McIntosh,225,4,0,35.37235506,-95.66599306,40091.0,1148.1935088793632,1.7777777777777777,221,223,4,0,219,223,19815,2,0,0,2,0
2020-08-25,US,Oklahoma,Murray,87,0,0,34.48116015,-97.06826283,40099.0,618.2050735450862,0.0,87,86,0,0,86,86,13953,1,0,0,1,0
2020-08-25,US,Oklahoma,Muskogee,681,16,0,35.61318461,-95.37802952,40101.0,1001.5147727105608,2.3494860499265786,665,670,16,0,654,662,68362,11,0,0,11,8
2020-08-25,US,Oklahoma,Noble,99,2,0,36.38953329,-97.22928674,40103.0,889.4079597520439,2.0202020202020203,97,99,2,0,97,97,11289,0,0,0,0,2
2020-08-25,US,Oklahoma,Nowata,81,1,0,36.79843529,-95.61902331,40105.0,803.8904327113935,1.2345679012345678,80,78,1,0,77,75,10218,3,0,0,3,3
2020-08-25,US,Oklahoma,Okfuskee,91,3,0,35.46485198,-96.32639984,40107.0,758.7759526390395,3.2967032967032965,88,91,3,0,88,91,12098,0,0,0,0,0
2020-08-25,US,Oklahoma,Oklahoma,12765,145,0,35.55140095,-97.40716948,40109.0,1600.7594358906192,1.1359185272228751,12620,12651,144,0,12507,12584,792582,114,1,0,113,67
2020-08-25,US,Oklahoma,Okmulgee,578,4,0,35.64661916,-95.96432828,40111.0,1502.6647601715845,0.6920415224913494,574,567,4,0,563,566,38335,11,0,0,11,1
2020-08-25,US,Oklahoma,Osage,602,12,0,36.62888819,-96.39635704,40113.0,1281.8601878074228,1.9933554817275747,590,600,12,0,588,596,47014,2,0,0,2,4
2020-08-25,US,Oklahoma,Ottawa,476,4,0,36.83532655,-94.81011909,40115.0,1529.2190060076462,0.8403361344537815,472,470,4,0,466,464,31175,6,0,0,6,6
2020-08-25,US,Oklahoma,Pawnee,197,3,0,36.31743373,-96.70331759999999,40117.0,1202.979970688813,1.5228426395939083,194,197,3,0,194,195,16390,0,0,0,0,2
2020-08-25,US,Oklahoma,Payne,950,5,0,36.07695283,-96.97584944,40119.0,1161.5964002738922,0.5263157894736842,945,935,4,0,931,914,82040,15,1,0,14,21
2020-08-25,US,Oklahoma,Pittsburg,545,14,0,34.92065823,-95.75134320000001,40121.0,1248.4537499427315,2.568807339449541,531,534,12,0,522,531,43877,11,2,0,9,3
2020-08-25,US,Oklahoma,Pontotoc,227,2,0,34.72959848,-96.68337199,40123.0,592.9369971789781,0.8810572687224669,225,225,2,0,223,223,38247,2,0,0,2,2
2020-08-25,US,Oklahoma,Pottawatomie,766,9,0,35.20614018,-96.94923008,40125.0,1055.2126956138418,1.1749347258485638,757,760,9,0,751,755,72679,6,0,0,6,5
2020-08-25,US,Oklahoma,Pushmataha,121,1,0,34.41635232,-95.37603505,40127.0,1090.4830569574624,0.8264462809917356,120,121,0,0,121,121,11179,0,1,0,-1,0
2020-08-25,US,Oklahoma,Roger Mills,13,1,0,35.68711719,-99.69666167,40129.0,362.8244487859336,7.6923076923076925,12,12,1,0,11,12,3656,1,0,0,1,0
2020-08-25,US,Oklahoma,Rogers,1224,31,0,36.37004357,-95.60406759,40131.0,1323.8300219556775,2.5326797385620914,1193,1214,26,0,1188,1210,91984,10,5,0,5,4
2020-08-25,US,Oklahoma,Seminole,294,5,0,35.16478725,-96.61686741,40133.0,1211.9713084343311,1.7006802721088434,289,288,5,0,283,287,24578,6,0,0,6,1
2020-08-25,US,Oklahoma,Sequoyah,520,6,0,35.49447108,-94.75463785,40135.0,1250.9321850417375,1.1538461538461535,514,509,6,0,503,511,41179,11,0,0,11,-2
2020-08-25,US,Oklahoma,Stephens,237,4,0,34.48556989,-97.85141892,40137.0,549.3359293512274,1.6877637130801688,233,235,4,0,231,228,43265,2,0,0,2,7
2020-08-25,US,Oklahoma,Texas,1114,7,0,36.74777635,-101.4889765,40139.0,5574.738527748586,0.6283662477558348,1107,1099,7,0,1092,1098,20455,15,0,0,15,1
2020-08-25,US,Oklahoma,Tillman,63,1,0,34.37288446,-98.92426619,40141.0,868.9655172413792,1.5873015873015872,62,63,1,0,62,62,7348,0,0,0,0,1
2020-08-25,US,Oklahoma,Tulsa,12559,127,0,36.11939621,-95.94013939,40143.0,1927.5514463926127,1.0112270085197863,12432,12391,126,0,12265,12312,648360,168,1,0,167,79
2020-08-25,US,Oklahoma,Unassigned,7,0,0,0.0,0.0,90040.0,0.0,0.0,7,11,0,0,11,6,,-4,0,0,-4,5
2020-08-25,US,Oklahoma,Wagoner,1075,23,0,35.96024096,-95.51911308,40145.0,1322.4421508445178,2.13953488372093,1052,1056,23,0,1033,1052,80110,19,0,0,19,4
2020-08-25,US,Oklahoma,Washington,746,39,0,36.71380786,-95.90514104,40147.0,1447.7846565878085,5.2278820375335116,707,744,39,0,705,740,51843,2,0,0,2,4
2020-08-25,US,Oklahoma,Washita,42,0,0,35.29071824,-98.99180434,40149.0,384.756320996702,0.0,42,45,0,0,45,38,11127,-3,0,0,-3,7
2020-08-25,US,Oklahoma,Woods,24,0,0,36.76705782,-98.86573064,40151.0,272.9443875810304,0.0,24,25,0,0,25,24,8897,-1,0,0,-1,1
2020-08-25,US,Oklahoma,Woodward,75,0,0,36.42316318,-99.26283045,40153.0,371.0850526940776,0.0,75,72,0,0,72,72,20222,3,0,0,3,0
2020-08-25,US,Oregon,Baker,67,1,0,44.70915557,-117.6749883,41001.0,415.52964524931775,1.492537313432836,66,64,1,0,63,64,16006,3,0,0,3,0
2020-08-25,US,Oregon,Benton,206,6,0,44.49167306,-123.4316987,41003.0,221.3792139963247,2.9126213592233015,200,202,6,0,196,201,92101,4,0,0,4,1
2020-08-25,US,Oregon,Clackamas,1852,55,0,45.18787398,-122.2179634,41005.0,442.86407755382163,2.9697624190064795,1797,1833,55,0,1778,1811,416075,19,0,0,19,22
2020-08-25,US,Oregon,Clatsop,94,0,0,45.99712889,-123.660711,41007.0,233.6913285600636,0.0,94,93,0,0,93,93,39764,1,0,0,1,0
2020-08-25,US,Oregon,Columbia,126,1,0,45.94464254,-123.08908980000001,41009.0,240.6692898345876,0.7936507936507936,125,125,1,0,124,123,52377,1,0,0,1,2
2020-08-25,US,Oregon,Coos,101,0,0,43.17406868,-124.0594514,41011.0,156.62071425248502,0.0,101,99,0,0,99,98,64389,2,0,0,2,1
2020-08-25,US,Oregon,Crook,54,1,0,44.14230227,-120.356297,41013.0,221.27520078675627,1.851851851851852,53,54,1,0,53,54,23867,0,0,0,0,0
2020-08-25,US,Oregon,Curry,20,0,0,42.45911325,-124.15728200000001,41015.0,87.24100327153762,0.0,20,20,0,0,20,20,22813,0,0,0,0,0
2020-08-25,US,Oregon,Deschutes,673,11,0,43.91570171,-121.2289121,41017.0,340.4285454140785,1.6344725111441307,662,672,11,0,661,672,191996,1,0,0,1,0
2020-08-25,US,Oregon,Douglas,169,2,0,43.27941273,-123.16729099999999,41019.0,152.2796900342404,1.183431952662722,167,169,2,0,167,169,110283,0,0,0,0,0
2020-08-25,US,Oregon,Gilliam,4,0,0,45.37160076,-120.20488689999999,41021.0,209.20502092050208,0.0,4,4,0,0,4,4,1894,0,0,0,0,0
2020-08-25,US,Oregon,Grant,8,0,0,44.49024544,-119.0068631,41023.0,111.12654535352131,0.0,8,8,0,0,8,8,7176,0,0,0,0,0
2020-08-25,US,Oregon,Harney,11,0,0,43.06422669,-118.96663059999999,41025.0,148.7893953740024,0.0,11,11,0,0,11,11,7329,0,0,0,0,0
2020-08-25,US,Oregon,Hood River,225,0,0,45.51872811,-121.65520359999998,41027.0,962.278675904542,0.0,225,225,0,0,225,225,23428,0,0,0,0,0
2020-08-25,US,Oregon,Jackson,728,2,0,42.43201126,-122.72893090000001,41029.0,329.49525671663406,0.27472527472527475,726,713,2,0,711,687,219564,15,0,0,15,26
2020-08-25,US,Oregon,Jefferson,452,6,0,44.62806839,-121.17832,41031.0,1833.076486333036,1.327433628318584,446,448,6,0,442,441,24192,4,0,0,4,7
2020-08-25,US,Oregon,Josephine,151,2,0,42.3665549,-123.5561938,41033.0,172.59707156491822,1.3245033112582782,149,151,2,0,149,150,87393,0,0,0,0,1
2020-08-25,US,Oregon,Klamath,225,2,0,42.68762984,-121.64964609999998,41035.0,329.72830387760484,0.8888888888888888,223,225,2,0,223,223,67653,0,0,0,0,2
2020-08-25,US,Oregon,Lake,32,0,0,42.79246693,-120.38501629999999,41037.0,406.6590418096328,0.0,32,32,0,0,32,32,7879,0,0,0,0,0
2020-08-25,US,Oregon,Lane,659,5,0,43.93727035,-122.847753,41039.0,172.4828367799365,0.7587253414264037,654,656,5,0,651,654,379611,3,0,0,3,2
2020-08-25,US,Oregon,Lincoln,456,13,0,44.64252874,-123.86991200000001,41041.0,912.6936471718506,2.8508771929824563,443,453,11,0,442,453,49388,3,2,0,1,0
2020-08-25,US,Oregon,Linn,365,12,0,44.48899494,-122.53731540000001,41043.0,281.3123800568791,3.287671232876712,353,362,12,0,350,363,127335,3,0,0,3,-1
2020-08-25,US,Oregon,Malheur,1064,16,0,43.1937027,-117.62273950000001,41045.0,3480.4226227470476,1.5037593984962403,1048,1044,16,0,1028,1037,30725,20,0,0,20,7
2020-08-25,US,Oregon,Marion,3587,77,0,44.90287942,-122.58151170000001,41047.0,1031.2864774106,2.146640646780039,3510,3547,75,0,3472,3516,346868,40,2,0,38,31
2020-08-25,US,Oregon,Morrow,430,3,0,45.41846568,-119.584546,41049.0,3705.938119451866,0.6976744186046512,427,424,3,0,421,421,11372,6,0,0,6,3
2020-08-25,US,Oregon,Multnomah,5761,110,0,45.54747959,-122.4169351,41051.0,708.7364905179892,1.909390730775907,5651,5718,109,0,5609,5661,811880,43,1,0,42,57
2020-08-25,US,Oregon,Polk,396,13,0,44.90322804,-123.4128888,41053.0,460.01045478306327,3.2828282828282833,383,395,13,0,382,393,85234,1,0,0,1,2
2020-08-25,US,Oregon,Sherman,16,0,0,45.41501554,-120.6827834,41055.0,898.876404494382,0.0,16,16,0,0,16,16,1708,0,0,0,0,0
2020-08-25,US,Oregon,Tillamook,37,0,0,45.46248721,-123.712066,41057.0,136.8545642846575,0.0,37,37,0,0,37,37,26787,0,0,0,0,0
2020-08-25,US,Oregon,Umatilla,2570,35,0,45.59073056,-118.7353826,41059.0,3296.985246953175,1.3618677042801557,2535,2547,32,0,2515,2537,77516,23,3,0,20,10
2020-08-25,US,Oregon,Union,409,2,0,45.30915495,-118.0068979,41061.0,1524.128936090926,0.4889975550122249,407,408,2,0,406,408,26461,1,0,0,1,0
2020-08-25,US,Oregon,Wallowa,22,1,0,45.57894064,-117.18353799999998,41063.0,305.2164261931188,4.545454545454546,21,21,1,0,20,21,7081,1,0,0,1,0
2020-08-25,US,Oregon,Wasco,207,3,0,45.16292781,-121.16709540000001,41065.0,775.8039127501687,1.4492753623188406,204,207,3,0,204,207,26505,0,0,0,0,0
2020-08-25,US,Oregon,Washington,3610,35,0,45.55972701,-123.0955257,41067.0,600.0744690753868,0.969529085872576,3575,3575,35,0,3540,3543,597695,35,0,0,35,32
2020-08-25,US,Oregon,Yamhill,604,14,0,45.23330449,-123.3086963,41071.0,563.9589169000934,2.3178807947019866,590,597,14,0,583,584,107002,7,0,0,7,13
2020-08-25,US,Pennsylvania,Adams,574,23,0,39.87140411,-77.21610347,42001.0,557.2328631478804,4.006968641114983,551,570,23,0,547,568,102811,4,0,0,4,2
2020-08-25,US,Pennsylvania,Allegheny,9990,296,0,40.46809875,-79.98167747,42003.0,821.5156511477783,2.962962962962963,9694,9932,293,0,9639,9903,1218452,58,3,0,55,29
2020-08-25,US,Pennsylvania,Armstrong,291,9,0,40.81665618,-79.46290811,42005.0,449.5249864833552,3.0927835051546397,282,285,9,0,276,282,65263,6,0,0,6,3
2020-08-25,US,Pennsylvania,Beaver,1515,96,0,40.6825484,-80.34921611,42007.0,924.1805903775416,6.336633663366338,1419,1504,95,0,1409,1501,164742,11,1,0,10,3
2020-08-25,US,Pennsylvania,Bedford,161,5,0,40.00522157,-78.48998442,42009.0,336.20113598396256,3.1055900621118013,156,161,5,0,156,161,48176,0,0,0,0,0
2020-08-25,US,Pennsylvania,Berks,5889,378,0,40.41570541,-75.92457766,42011.0,1398.2676582044046,6.418746816097809,5511,5847,377,0,5470,5814,420152,42,1,0,41,33
2020-08-25,US,Pennsylvania,Blair,414,9,0,40.47961444,-78.34917412,42013.0,339.8205681734234,2.1739130434782608,405,407,8,0,399,403,122492,7,1,0,6,4
2020-08-25,US,Pennsylvania,Bradford,96,3,0,41.78869215,-76.51570822,42015.0,159.14327868308936,3.125,93,96,3,0,93,95,60833,0,0,0,0,1
2020-08-25,US,Pennsylvania,Bucks,7623,585,0,40.33682119,-75.10836643,42017.0,1213.3318477724545,7.674144037780402,7038,7607,584,0,7023,7580,628195,16,1,0,15,27
2020-08-25,US,Pennsylvania,Butler,750,17,0,40.91152759,-79.91351055,42019.0,399.2483484426653,2.2666666666666666,733,745,17,0,728,746,187888,5,0,0,5,-1
2020-08-25,US,Pennsylvania,Cambria,439,3,0,40.49527404,-78.71377428,42021.0,337.1942976526976,0.683371298405467,436,430,3,0,427,428,131730,9,0,0,9,2
2020-08-25,US,Pennsylvania,Cameron,8,0,0,41.43625568,-78.20376845,42023.0,179.89655947830002,0.0,8,8,0,0,8,8,4492,0,0,0,0,0
2020-08-25,US,Pennsylvania,Carbon,416,28,0,40.91545395,-75.7068525,42025.0,648.1568040883736,6.730769230769232,388,416,28,0,388,414,64227,0,0,0,0,2
2020-08-25,US,Pennsylvania,Centre,427,11,0,40.92058903,-77.82200624,42027.0,262.9553222280383,2.5761124121779857,416,423,11,0,412,417,162805,4,0,0,4,6
2020-08-25,US,Pennsylvania,Chester,5527,352,0,39.97291773,-75.74768357,42029.0,1052.78396309256,6.368735299439117,5175,5505,351,0,5154,5439,522046,22,1,0,21,66
2020-08-25,US,Pennsylvania,Clarion,96,3,0,41.19265812,-79.42413524,42031.0,249.75284874343097,3.125,93,95,3,0,92,95,38779,1,0,0,1,0
2020-08-25,US,Pennsylvania,Clearfield,212,1,0,41.00110782,-78.47592663,42033.0,267.4910100309129,0.4716981132075472,211,210,1,0,209,209,79388,2,0,0,2,1
2020-08-25,US,Pennsylvania,Clinton,130,5,0,41.23255967,-77.63785995,42035.0,336.50859391178295,3.8461538461538463,125,130,5,0,125,130,38684,0,0,0,0,0
2020-08-25,US,Pennsylvania,Columbia,532,35,0,41.04821986,-76.40565017,42037.0,818.9150914352565,6.578947368421053,497,527,35,0,492,521,65456,5,0,0,5,6
2020-08-25,US,Pennsylvania,Crawford,192,2,0,41.68447709,-80.10760592,42039.0,226.87258504767868,1.0416666666666667,190,190,2,0,188,186,85063,2,0,0,2,4
2020-08-25,US,Pennsylvania,Cumberland,1469,72,0,40.1625372,-77.26130755,42041.0,579.7845048742945,4.901293396868618,1397,1458,72,0,1386,1445,251423,11,0,0,11,13
2020-08-25,US,Pennsylvania,Dauphin,3179,161,0,40.41377078,-76.77993242,42043.0,1142.2965946697616,5.0644856873230575,3018,3144,161,0,2983,3122,277097,35,0,0,35,22
2020-08-25,US,Pennsylvania,Delaware,10109,721,0,39.91680171,-75.40243663,42045.0,1783.6883124215922,7.132258383618558,9388,10078,719,0,9359,10045,564751,31,2,0,29,33
2020-08-25,US,Pennsylvania,Elk,64,2,0,41.42822061,-78.64524744,42047.0,213.97525911066532,3.125,62,64,2,0,62,64,30169,0,0,0,0,0
2020-08-25,US,Pennsylvania,Erie,1305,30,0,41.99253829,-80.03301954,42049.0,483.8207379285799,2.2988505747126435,1275,1297,29,0,1268,1296,272061,8,1,0,7,1
2020-08-25,US,Pennsylvania,Fayette,663,6,0,39.92041012,-79.64291195,42051.0,512.864149016817,0.9049773755656108,657,661,6,0,655,658,130441,2,0,0,2,3
2020-08-25,US,Pennsylvania,Forest,13,0,0,41.51095103,-79.23229292,42053.0,179.38457292672834,0.0,13,13,0,0,13,13,7279,0,0,0,0,0
2020-08-25,US,Pennsylvania,Franklin,1483,46,0,39.92956518,-77.72157791,42055.0,956.6075586833259,3.101820633850304,1437,1472,46,0,1426,1469,154835,11,0,0,11,3
2020-08-25,US,Pennsylvania,Fulton,34,2,0,39.92913544,-78.11163677,42057.0,233.9986235375086,5.882352941176472,32,31,2,0,29,31,14523,3,0,0,3,0
2020-08-25,US,Pennsylvania,Greene,135,1,0,39.85746531,-80.22357106,42059.0,372.5885242734524,0.7407407407407407,134,135,1,0,134,134,36506,0,0,0,0,1
2020-08-25,US,Pennsylvania,Huntingdon,350,5,0,40.42162652,-77.97673273,42061.0,775.2968279284069,1.4285714285714286,345,350,5,0,345,351,45168,0,0,0,0,-1
2020-08-25,US,Pennsylvania,Indiana,404,9,0,40.65241041,-79.08963285,42063.0,480.53477335173005,2.227722772277228,395,400,9,0,391,399,84501,4,0,0,4,1
2020-08-25,US,Pennsylvania,Jefferson,94,1,0,41.12913106,-78.9986361,42065.0,216.46516983304542,1.0638297872340423,93,94,1,0,93,93,43641,0,0,0,0,1
2020-08-25,US,Pennsylvania,Juniata,143,6,0,40.53358749,-77.39975129999998,42067.0,577.4744578605178,4.195804195804196,137,143,6,0,137,143,24704,0,0,0,0,0
2020-08-25,US,Pennsylvania,Lackawanna,2002,213,0,41.43564672,-75.60379201,42069.0,954.81557083854,10.63936063936064,1789,1999,213,0,1786,1995,210793,3,0,0,3,4
2020-08-25,US,Pennsylvania,Lancaster,6518,428,0,40.03904563,-76.24770128,42071.0,1194.376644604232,6.566431420681192,6090,6479,428,0,6051,6465,543557,39,0,0,39,14
2020-08-25,US,Pennsylvania,Lawrence,443,17,0,40.99206278,-80.33393706,42073.0,518.0559453643933,3.8374717832957113,426,441,17,0,424,441,86184,2,0,0,2,0
2020-08-25,US,Pennsylvania,Lebanon,1681,56,0,40.36680311,-76.45651841,42075.0,1185.5310205722424,3.3313503866745986,1625,1677,56,0,1621,1672,141314,4,0,0,4,5
2020-08-25,US,Pennsylvania,Lehigh,5135,342,0,40.6154815,-75.59435245,42077.0,1390.4006845049523,6.660175267770205,4793,5132,342,0,4790,5128,368100,3,0,0,3,4
2020-08-25,US,Pennsylvania,Luzerne,3712,187,0,41.17823008,-75.98447579,42079.0,1169.4395700293305,5.037715517241379,3525,3698,186,0,3512,3690,317646,14,1,0,13,8
2020-08-25,US,Pennsylvania,Lycoming,492,20,0,41.34310539,-77.06629984,42081.0,434.24919902205664,4.0650406504065035,472,484,20,0,464,479,113664,8,0,0,8,5
2020-08-25,US,Pennsylvania,McKean,35,1,0,41.80938602,-78.56478358,42083.0,86.15384615384615,2.8571428571428568,34,35,1,0,34,35,40968,0,0,0,0,0
2020-08-25,US,Pennsylvania,Mercer,534,13,0,41.30248872,-80.25816981,42085.0,488.00994297411904,2.4344569288389515,521,532,13,0,519,526,110683,2,0,0,2,6
2020-08-25,US,Pennsylvania,Mifflin,141,1,0,40.61116939,-77.61070738,42087.0,305.6049243573627,0.7092198581560284,140,138,1,0,137,138,46222,3,0,0,3,0
2020-08-25,US,Pennsylvania,Monroe,1701,127,0,41.05934058,-75.34031025,42089.0,998.9957185897774,7.466196355085244,1574,1694,127,0,1567,1690,169507,7,0,0,7,4
2020-08-25,US,Pennsylvania,Montgomery,10784,862,0,40.21053671,-75.36652296,42091.0,1297.8463501080134,7.993323442136497,9922,10755,861,0,9894,10713,828604,29,1,0,28,42
2020-08-25,US,Pennsylvania,Montour,124,4,0,41.03023987,-76.66345939,42093.0,680.1974766867801,3.2258064516129035,120,123,3,0,120,123,18240,1,1,0,0,0
2020-08-25,US,Pennsylvania,Northampton,4068,297,0,40.75182733,-75.30471829,42095.0,1332.5253451692681,7.300884955752213,3771,4066,296,0,3770,4059,304807,2,1,0,1,7
2020-08-25,US,Pennsylvania,Northumberland,638,30,0,40.84785433,-76.70798222,42097.0,702.3105797915082,4.702194357366771,608,631,24,0,607,625,91083,7,6,0,1,6
2020-08-25,US,Pennsylvania,Perry,162,5,0,40.40206612,-77.26297447,42099.0,350.103734439834,3.08641975308642,157,160,5,0,155,160,46139,2,0,0,2,0
2020-08-25,US,Pennsylvania,Philadelphia,33139,1736,0,40.00338507,-75.1379271,42101.0,2092.024059633954,5.238540692235733,31403,33054,1736,0,31318,32936,1584138,85,0,0,85,118
2020-08-25,US,Pennsylvania,Pike,535,21,0,41.33155042,-75.03208106,42103.0,958.6267447902667,3.925233644859813,514,535,21,0,514,533,55933,0,0,0,0,2
2020-08-25,US,Pennsylvania,Potter,24,0,0,41.74471626,-77.89559864,42105.0,145.22570494977614,0.0,24,24,0,0,24,24,16622,0,0,0,0,0
2020-08-25,US,Pennsylvania,Schuylkill,975,51,0,40.70497338,-76.2150785,42107.0,689.7332324082655,5.230769230769232,924,971,51,0,920,971,142067,4,0,0,4,0
2020-08-25,US,Pennsylvania,Snyder,144,2,0,40.77129231,-77.06840691,42109.0,356.68284949965323,1.3888888888888888,142,142,2,0,140,140,40540,2,0,0,2,2
2020-08-25,US,Pennsylvania,Somerset,157,3,0,39.97172723,-79.02699593,42111.0,213.7595817392133,1.9108280254777068,154,156,3,0,153,156,73952,1,0,0,1,0
2020-08-25,US,Pennsylvania,Sullivan,10,0,0,41.44634738,-76.51246591,42113.0,164.85328058028355,0.0,10,10,0,0,10,10,6071,0,0,0,0,0
2020-08-25,US,Pennsylvania,Susquehanna,249,27,0,41.82147784,-75.80071959,42115.0,617.4370164649871,10.843373493975903,222,247,27,0,220,246,40589,2,0,0,2,1
2020-08-25,US,Pennsylvania,Tioga,46,3,0,41.77255149,-77.25433032,42117.0,113.32561405237614,6.521739130434782,43,46,3,0,43,46,40763,0,0,0,0,0
2020-08-25,US,Pennsylvania,Union,359,4,0,40.96188846,-77.05996014,42119.0,799.1452040157602,1.1142061281337048,355,361,4,0,357,359,44785,-2,0,0,-2,2
2020-08-25,US,Pennsylvania,Venango,70,1,0,41.40323442,-79.75845449,42121.0,138.15425909844478,1.4285714285714286,69,69,1,0,68,69,51266,1,0,0,1,0
2020-08-25,US,Pennsylvania,Warren,26,1,0,41.81304978,-79.26969577,42123.0,66.34176213926665,3.8461538461538463,25,26,1,0,25,26,39498,0,0,0,0,0
2020-08-25,US,Pennsylvania,Washington,983,24,0,40.19208869,-80.24582867,42125.0,475.1891330094506,2.4415055951169893,959,979,22,0,957,976,207346,4,2,0,2,3
2020-08-25,US,Pennsylvania,Wayne,175,10,0,41.64938475,-75.29956506,42127.0,340.7254531648527,5.7142857142857135,165,171,10,0,161,170,51276,4,0,0,4,1
2020-08-25,US,Pennsylvania,Westmoreland,1748,49,0,40.31377979999999,-79.46615476,42129.0,501.00458872051803,2.803203661327231,1699,1740,49,0,1691,1731,350611,8,0,0,8,9
2020-08-25,US,Pennsylvania,Wyoming,65,8,0,41.51955538,-76.01074915,42131.0,242.59162499066954,12.307692307692307,57,65,8,0,57,65,27046,0,0,0,0,0
2020-08-25,US,Pennsylvania,York,3158,116,0,39.9210089,-76.73040131,42133.0,703.2499142649724,3.6732108929702334,3042,3136,114,0,3022,3119,448273,22,2,0,20,17
2020-08-25,US,Puerto Rico,Adjuntas,117,0,0,18.180117000000006,-66.754367,72001.0,600.5235333367551,0.0,117,116,0,0,116,115,,1,0,0,1,1
2020-08-25,US,Puerto Rico,Aguada,200,0,0,18.360255,-67.17513100000001,72003.0,476.6557830262876,0.0,200,200,0,0,200,191,,0,0,0,0,9
2020-08-25,US,Puerto Rico,Aguadilla,293,0,0,18.459681,-67.12081500000001,72005.0,480.7297904805657,0.0,293,288,0,0,288,282,,5,0,0,5,6
2020-08-25,US,Puerto Rico,Aguas Buenas,184,0,0,18.251619,-66.126806,72007.0,642.0321713946752,0.0,184,184,0,0,184,182,,0,0,0,0,2
2020-08-25,US,Puerto Rico,Aibonito,117,0,0,18.131361,-66.264131,72009.0,451.7374517374518,0.0,117,117,0,0,117,113,,0,0,0,0,4
2020-08-25,US,Puerto Rico,Anasco,180,0,0,18.287985,-67.120611,72011.0,615.153275691193,0.0,180,179,0,0,179,177,,1,0,0,1,2
2020-08-25,US,Puerto Rico,Arecibo,458,0,0,18.406631,-66.675077,72013.0,474.9066777270842,0.0,458,457,0,0,457,449,,1,0,0,1,8
2020-08-25,US,Puerto Rico,Arroyo,115,0,0,17.998457000000005,-66.056546,72015.0,587.4840357598978,0.0,115,115,0,0,115,112,,0,0,0,0,3
2020-08-25,US,Puerto Rico,Barceloneta,117,0,0,18.445532999999998,-66.56053100000001,72017.0,471.47001934235976,0.0,117,116,0,0,116,116,,1,0,0,1,0
2020-08-25,US,Puerto Rico,Barranquitas,314,0,0,18.201592,-66.30963,72019.0,1035.6883699452471,0.0,314,313,0,0,313,303,,1,0,0,1,10
2020-08-25,US,Puerto Rico,Bayamon,2296,0,0,18.34946,-66.168435,72021.0,1103.230890464933,0.0,2296,2289,0,0,2289,2227,,7,0,0,7,62
2020-08-25,US,Puerto Rico,Cabo Rojo,263,0,0,18.040993,-67.154391,72023.0,516.5268967142605,0.0,263,263,0,0,263,262,,0,0,0,0,1
2020-08-25,US,Puerto Rico,Caguas,1030,0,0,18.211615,-66.050779,72025.0,720.8190744123225,0.0,1030,1029,0,0,1029,1001,,1,0,0,1,28
2020-08-25,US,Puerto Rico,Camuy,186,0,0,18.418578,-66.860206,72027.0,529.0252851332518,0.0,186,186,0,0,186,186,,0,0,0,0,0
2020-08-25,US,Puerto Rico,Canovanas,481,0,0,18.328802,-65.887612,72029.0,1009.4862323707187,0.0,481,480,0,0,480,469,,1,0,0,1,11
2020-08-25,US,Puerto Rico,Carolina,1728,0,0,18.374986,-65.95683100000001,72031.0,977.5856801801292,0.0,1728,1724,0,0,1724,1692,,4,0,0,4,32
2020-08-25,US,Puerto Rico,Catano,277,0,0,18.437269,-66.14330600000001,72033.0,984.363894811656,0.0,277,275,0,0,275,271,,2,0,0,2,4
2020-08-25,US,Puerto Rico,Cayey,246,0,0,18.102851,-66.14914,72035.0,511.23256925538766,0.0,246,245,0,0,245,243,,1,0,0,1,2
2020-08-25,US,Puerto Rico,Ceiba,82,0,0,18.251818,-65.666416,72037.0,601.5699508473332,0.0,82,81,0,0,81,80,,1,0,0,1,1
2020-08-25,US,Puerto Rico,Ciales,182,0,0,18.28885,-66.516475,72039.0,969.0128846768182,0.0,182,180,0,0,180,180,,2,0,0,2,0
2020-08-25,US,Puerto Rico,Cidra,233,0,0,18.173559,-66.161179,72041.0,535.8785648574056,0.0,233,233,0,0,233,222,,0,0,0,0,11
2020-08-25,US,Puerto Rico,Coamo,199,0,0,18.097597,-66.36014,72043.0,491.2124802527646,0.0,199,199,0,0,199,194,,0,0,0,0,5
2020-08-25,US,Puerto Rico,Comerio,160,0,0,18.224687,-66.221622,72045.0,770.0452401578592,0.0,160,160,0,0,160,156,,0,0,0,0,4
2020-08-25,US,Puerto Rico,Corozal,359,0,0,18.304264,-66.327738,72047.0,966.5607667869258,0.0,359,358,0,0,358,345,,1,0,0,1,13
2020-08-25,US,Puerto Rico,Culebra,19,0,0,18.31586,-65.28813000000001,72049.0,1045.1045104510451,0.0,19,19,0,0,19,19,,0,0,0,0,0
2020-08-25,US,Puerto Rico,Dorado,449,0,0,18.436115,-66.278669,72051.0,1176.4705882352941,0.0,449,445,0,0,445,428,,4,0,0,4,17
2020-08-25,US,Puerto Rico,Fajardo,330,0,0,18.318373,-65.666866,72053.0,892.0606601248885,0.0,330,329,0,0,329,321,,1,0,0,1,8
2020-08-25,US,Puerto Rico,Florida,203,0,0,18.373715,-66.560488,72054.0,1600.9463722397477,0.0,203,202,0,0,202,202,,1,0,0,1,0
2020-08-25,US,Puerto Rico,Guanica,75,0,0,17.982429,-66.91964300000001,72055.0,386.06063725742524,0.0,75,75,0,0,75,74,,0,0,0,0,1
2020-08-25,US,Puerto Rico,Guayama,212,0,0,18.007516,-66.13390799999999,72057.0,467.3515277104184,0.0,212,212,0,0,212,209,,0,0,0,0,3
2020-08-25,US,Puerto Rico,Guayanilla,139,0,0,18.039942,-66.79186,72059.0,644.085074834345,0.0,139,139,0,0,139,139,,0,0,0,0,0
2020-08-25,US,Puerto Rico,Guaynabo,1166,0,0,18.345114000000002,-66.11452299999999,72061.0,1190.719333360565,0.0,1166,1162,0,0,1162,1142,,4,0,0,4,20
2020-08-25,US,Puerto Rico,Gurabo,338,0,0,18.266461,-65.97970500000001,72063.0,745.0020939407966,0.0,338,338,0,0,338,328,,0,0,0,0,10
2020-08-25,US,Puerto Rico,Hatillo,166,0,0,18.410928,-66.79632600000001,72065.0,395.6808809858651,0.0,166,166,0,0,166,151,,0,0,0,0,15
2020-08-25,US,Puerto Rico,Hormigueros,118,0,0,18.134532,-67.113972,72067.0,684.0579710144928,0.0,118,118,0,0,118,118,,0,0,0,0,0
2020-08-25,US,Puerto Rico,Humacao,281,0,0,18.145211,-65.810174,72069.0,480.62121574932434,0.0,281,279,0,0,279,267,,2,0,0,2,12
2020-08-25,US,Puerto Rico,Isabela,183,0,0,18.44981,-67.005093,72071.0,401.0431504897987,0.0,183,182,0,0,182,178,,1,0,0,1,4
2020-08-25,US,Puerto Rico,Jayuya,197,0,0,18.211446,-66.58878,72073.0,1183.7519528902776,0.0,197,197,0,0,197,190,,0,0,0,0,7
2020-08-25,US,Puerto Rico,Juana Diaz,243,0,0,18.050764,-66.49458100000001,72075.0,304.14158228719475,0.0,243,243,0,0,243,242,,0,0,0,0,1
2020-08-25,US,Puerto Rico,Juncos,219,0,0,18.223793,-65.909109,72077.0,543.5591958302308,0.0,219,217,0,0,217,210,,2,0,0,2,7
2020-08-25,US,Puerto Rico,Lajas,108,0,0,18.011661,-67.040585,72079.0,419.36861724847597,0.0,108,106,0,0,106,105,,2,0,0,2,1
2020-08-25,US,Puerto Rico,Lares,231,0,0,18.269035000000002,-66.867236,72081.0,751.1462296361333,0.0,231,230,0,0,230,228,,1,0,0,1,2
2020-08-25,US,Puerto Rico,Las Marias,80,0,0,18.23679,-66.98362,72083.0,809.6346523631212,0.0,80,80,0,0,80,80,,0,0,0,0,0
2020-08-25,US,Puerto Rico,Las Piedras,246,0,0,18.187527,-65.86946800000001,72085.0,636.0698125404008,0.0,246,245,0,0,245,239,,1,0,0,1,6
2020-08-25,US,Puerto Rico,Loiza,171,0,0,18.425688,-65.89943000000001,72087.0,568.8622754491017,0.0,171,170,0,0,170,169,,1,0,0,1,1
2020-08-25,US,Puerto Rico,Luquillo,163,0,0,18.342114000000002,-65.72509699999999,72089.0,812.2383894757824,0.0,163,163,0,0,163,155,,0,0,0,0,8
2020-08-25,US,Puerto Rico,Manati,334,0,0,18.420473,-66.490461,72091.0,757.1464194228457,0.0,334,334,0,0,334,323,,0,0,0,0,11
2020-08-25,US,Puerto Rico,Maricao,50,0,0,18.171795,-66.942126,72093.0,796.6857871255577,0.0,50,48,0,0,48,48,,2,0,0,2,0
2020-08-25,US,Puerto Rico,Maunabo,79,0,0,18.017889,-65.922235,72095.0,646.2167689161554,0.0,79,79,0,0,79,79,,0,0,0,0,0
2020-08-25,US,Puerto Rico,Mayaguez,607,0,0,18.2013,-67.1452,72097.0,681.4099685675798,0.0,607,606,0,0,606,604,,1,0,0,1,2
2020-08-25,US,Puerto Rico,Moca,242,0,0,18.377805,-67.080952,72099.0,603.355855294323,0.0,242,242,0,0,242,238,,0,0,0,0,4
2020-08-25,US,Puerto Rico,Morovis,356,0,0,18.316963,-66.420383,72101.0,1091.6896657467034,0.0,356,354,0,0,354,348,,2,0,0,2,6
2020-08-25,US,Puerto Rico,Naguabo,122,0,0,18.230636999999998,-65.753897,72103.0,456.58682634730536,0.0,122,122,0,0,122,121,,0,0,0,0,1
2020-08-25,US,Puerto Rico,Naranjito,421,0,0,18.288019,-66.252703,72105.0,1384.777317281758,0.0,421,421,0,0,421,411,,0,0,0,0,10
2020-08-25,US,Puerto Rico,Orocovis,266,0,0,18.215046,-66.433604,72107.0,1135.6359134184352,0.0,266,264,0,0,264,259,,2,0,0,2,5
2020-08-25,US,Puerto Rico,Out of PR,727,0,0,0.0,0.0,72888.0,0.0,0.0,727,727,0,0,727,727,,0,0,0,0,0
2020-08-25,US,Puerto Rico,Patillas,128,0,0,18.03174,-66.012242,72109.0,664.0037350210092,0.0,128,128,0,0,128,126,,0,0,0,0,2
2020-08-25,US,Puerto Rico,Penuelas,93,0,0,18.059645,-66.721572,72111.0,382.9997529033852,0.0,93,92,0,0,92,90,,1,0,0,1,2
2020-08-25,US,Puerto Rico,Ponce,622,0,0,18.059498,-66.613748,72113.0,373.9621348307852,0.0,622,618,0,0,618,612,,4,0,0,4,6
2020-08-25,US,Puerto Rico,Quebradillas,106,0,0,18.439692,-66.926113,72115.0,408.96639530846085,0.0,106,105,0,0,105,103,,1,0,0,1,2
2020-08-25,US,Puerto Rico,Rincon,123,0,0,18.335442999999998,-67.23174,72117.0,809.2105263157895,0.0,123,123,0,0,123,121,,0,0,0,0,2
2020-08-25,US,Puerto Rico,Rio Grande,409,0,0,18.346329,-65.813742,72119.0,753.1673541543901,0.0,409,409,0,0,409,399,,0,0,0,0,10
2020-08-25,US,Puerto Rico,Sabana Grande,153,0,0,18.08282,-66.943758,72121.0,605.5808430635266,0.0,153,153,0,0,153,149,,0,0,0,0,4
2020-08-25,US,Puerto Rico,Salinas,292,0,0,18.010386999999994,-66.256592,72123.0,939.5714009910547,0.0,292,292,0,0,292,287,,0,0,0,0,5
2020-08-25,US,Puerto Rico,San German,185,0,0,18.111484,-67.03858100000001,72125.0,520.7307118529568,0.0,185,184,0,0,184,184,,1,0,0,1,0
2020-08-25,US,Puerto Rico,San Juan,4860,0,0,18.386933,-66.061128,72127.0,1229.3651315623054,0.0,4860,4850,0,0,4850,4723,,10,0,0,10,127
2020-08-25,US,Puerto Rico,San Lorenzo,237,0,0,18.147987,-65.976392,72129.0,577.2322080958644,0.0,237,237,0,0,237,234,,0,0,0,0,3
2020-08-25,US,Puerto Rico,San Sebastian,270,0,0,18.328646,-66.971214,72131.0,636.3422106999765,0.0,270,270,0,0,270,269,,0,0,0,0,1
2020-08-25,US,Puerto Rico,Santa Isabel,123,0,0,17.994525,-66.388913,72133.0,528.4867233823152,0.0,123,123,0,0,123,122,,0,0,0,0,1
2020-08-25,US,Puerto Rico,Toa Alta,831,0,0,18.362406,-66.246616,72135.0,1121.9722949801528,0.0,831,828,0,0,828,807,,3,0,0,3,21
2020-08-25,US,Puerto Rico,Toa Baja,822,0,0,18.431445999999998,-66.213553,72137.0,917.3185729112033,0.0,822,819,0,0,819,788,,3,0,0,3,31
2020-08-25,US,Puerto Rico,Trujillo Alto,693,0,0,18.336159,-65.99888399999999,72139.0,925.9506694102244,0.0,693,692,0,0,692,677,,1,0,0,1,15
2020-08-25,US,Puerto Rico,Unassigned,656,395,0,0.0,0.0,72999.0,0.0,60.213414634146346,261,649,390,0,259,569,,7,5,0,2,80
2020-08-25,US,Puerto Rico,Utuado,94,0,0,18.271214,-66.702984,72141.0,283.5681317686808,0.0,94,94,0,0,94,93,,0,0,0,0,1
2020-08-25,US,Puerto Rico,Vega Alta,397,0,0,18.409346,-66.33725,72143.0,993.7173036970288,0.0,397,392,0,0,392,385,,5,0,0,5,7
2020-08-25,US,Puerto Rico,Vega Baja,615,0,0,18.428262,-66.397924,72145.0,1030.8068787502932,0.0,615,606,0,0,606,593,,9,0,0,9,13
2020-08-25,US,Puerto Rico,Vieques,82,0,0,18.123276,-65.44097099999999,72147.0,881.6256316525105,0.0,82,82,0,0,82,82,,0,0,0,0,0
2020-08-25,US,Puerto Rico,Villalba,92,0,0,18.127951,-66.473115,72149.0,352.85544432938286,0.0,92,92,0,0,92,92,,0,0,0,0,0
2020-08-25,US,Puerto Rico,Yabucoa,181,0,0,18.070399,-65.896289,72151.0,477.05648243325163,0.0,181,181,0,0,181,179,,0,0,0,0,2
2020-08-25,US,Puerto Rico,Yauco,298,0,0,18.080374,-66.858814,72153.0,708.7981352424898,0.0,298,298,0,0,298,292,,0,0,0,0,6
2020-08-25,US,Rhode Island,Bristol,329,0,0,41.71018079,-71.28652315,44001.0,678.6443614761031,0.0,329,329,0,0,329,329,48649,0,0,0,0,0
2020-08-25,US,Rhode Island,Kent,1592,0,0,41.67106337,-71.57641596,44003.0,969.0064032332676,0.0,1592,1592,0,0,1592,1592,163861,0,0,0,0,0
2020-08-25,US,Rhode Island,Newport,411,0,0,41.5642026,-71.26569799,44005.0,500.7187934017202,0.0,411,411,0,0,411,411,82542,0,0,0,0,0
2020-08-25,US,Rhode Island,Providence,16142,0,0,41.87064746,-71.57753536,44007.0,2526.407389843348,0.0,16142,16142,0,0,16142,16142,636084,0,0,0,0,0
2020-08-25,US,Rhode Island,Unassigned,2239,1039,0,0.0,0.0,90044.0,0.0,46.404644930772676,1200,2169,1035,0,1134,1889,,70,4,0,66,280
2020-08-25,US,Rhode Island,Washington,659,0,0,41.45961631,-71.61435303,44009.0,524.7776264761859,0.0,659,659,0,0,659,659,126179,0,0,0,0,0
2020-08-25,US,South Carolina,Abbeville,388,10,0,34.22333378,-82.46170658,45001.0,1581.930117829331,2.5773195876288657,378,392,10,0,382,390,24541,-4,0,0,-4,2
2020-08-25,US,South Carolina,Aiken,2255,57,0,33.54338026,-81.63645384,45003.0,1319.7012968771944,2.527716186252772,2198,2239,56,0,2183,2237,169401,16,1,0,15,2
2020-08-25,US,South Carolina,Allendale,279,6,0,32.98837386,-81.35321066,45005.0,3211.325966850828,2.150537634408602,273,275,6,0,269,272,8903,4,0,0,4,3
2020-08-25,US,South Carolina,Anderson,2942,99,0,34.51828081,-82.63959517,45007.0,1452.4235033916214,3.3650577838205304,2843,2893,96,0,2797,2879,200482,49,3,0,46,14
2020-08-25,US,South Carolina,Bamberg,523,27,0,33.21927586,-81.05659969,45009.0,3718.1856960045498,5.162523900573613,496,519,27,0,492,516,14275,4,0,0,4,3
2020-08-25,US,South Carolina,Barnwell,514,12,0,33.26679302,-81.43584352,45011.0,2463.337486820665,2.3346303501945527,502,503,11,0,492,501,21112,11,1,0,10,2
2020-08-25,US,South Carolina,Beaufort,4596,64,0,32.39226291,-80.72619758,45013.0,2392.229937227387,1.3925152306353348,4532,4580,64,0,4516,4559,188715,16,0,0,16,21
2020-08-25,US,South Carolina,Berkeley,4640,76,0,33.20222596,-79.94654523,45015.0,2035.918159600188,1.637931034482759,4564,4612,76,0,4536,4600,221091,28,0,0,28,12
2020-08-25,US,South Carolina,Calhoun,405,15,0,33.66926881,-80.77722168,45017.0,2782.931354359926,3.703703703703704,390,411,16,0,395,409,14520,-6,-1,0,-5,2
2020-08-25,US,South Carolina,Charleston,13440,228,0,32.82487866,-79.96512315,45019.0,3266.845889461991,1.6964285714285714,13212,13405,226,0,13179,13320,405905,35,2,0,33,85
2020-08-25,US,South Carolina,Cherokee,762,31,0,35.05122251,-81.61828622,45021.0,1329.8429319371728,4.0682414698162725,731,761,31,0,730,760,57078,1,0,0,1,1
2020-08-25,US,South Carolina,Chester,824,17,0,34.69249168,-81.1583216,45023.0,2555.514204193028,2.063106796116505,807,810,17,0,793,806,32251,14,0,0,14,4
2020-08-25,US,South Carolina,Chesterfield,922,24,0,34.64137396,-80.15640140000002,45025.0,2019.7152245345017,2.6030368763557483,898,913,23,0,890,907,45754,9,1,0,8,6
2020-08-25,US,South Carolina,Clarendon,951,61,0,33.66610974,-80.21647898,45027.0,2818.195288190844,6.414300736067298,890,947,61,0,886,943,33700,4,0,0,4,4
2020-08-25,US,South Carolina,Colleton,872,36,0,32.87582989,-80.67641292,45029.0,2314.4093213366245,4.128440366972477,836,867,36,0,831,865,37660,5,0,0,5,2
2020-08-25,US,South Carolina,Darlington,1576,45,0,34.33358335,-79.96027485,45031.0,2365.726980695908,2.855329949238578,1531,1567,44,0,1523,1555,66802,9,1,0,8,12
2020-08-25,US,South Carolina,Dillon,720,28,0,34.39007791,-79.37741872,45033.0,2362.282227107189,3.888888888888889,692,714,28,0,686,711,30599,6,0,0,6,3
2020-08-25,US,South Carolina,Dorchester,3463,68,0,33.0794369,-80.40502652,45035.0,2127.032289369752,1.9636153624025408,3395,3451,68,0,3383,3440,160647,12,0,0,12,11
2020-08-25,US,South Carolina,Edgefield,467,9,0,33.77221995,-81.96231108,45037.0,1713.1327953044754,1.9271948608137044,458,464,8,0,456,460,27052,3,1,0,2,4
2020-08-25,US,South Carolina,Fairfield,618,26,0,34.39287073,-81.1195624,45039.0,2765.4718754195196,4.207119741100324,592,618,26,0,592,615,22402,0,0,0,0,3
2020-08-25,US,South Carolina,Florence,4079,145,0,34.02361754,-79.70189312,45041.0,2949.5346836065446,3.554792841382692,3934,4052,143,0,3909,4014,138159,27,2,0,25,38
2020-08-25,US,South Carolina,Georgetown,1677,35,0,33.43443342,-79.33202141,45043.0,2675.494575622208,2.0870602265951104,1642,1667,35,0,1632,1662,62249,10,0,0,10,5
2020-08-25,US,South Carolina,Greenville,11804,245,0,34.89502264,-82.37295012,45045.0,2254.6424164632444,2.0755676042019653,11559,11620,244,0,11376,11574,514213,184,1,0,183,46
2020-08-25,US,South Carolina,Greenwood,1720,30,0,34.15272415,-82.12715789,45047.0,2429.0011438900738,1.7441860465116281,1690,1678,30,0,1648,1649,70741,42,0,0,42,29
2020-08-25,US,South Carolina,Hampton,519,18,0,32.77419582,-81.13845571,45049.0,2700.031214233691,3.4682080924855487,501,513,17,0,496,508,19351,6,1,0,5,5
2020-08-25,US,South Carolina,Horry,9157,178,0,33.9212828,-78.99555293,45051.0,2586.131421906287,1.9438680790651959,8979,9112,177,0,8935,9096,344147,45,1,0,44,16
2020-08-25,US,South Carolina,Jasper,669,18,0,32.43171982,-81.02487495,45053.0,2224.586838692515,2.690582959641256,651,669,18,0,651,663,28971,0,0,0,0,6
2020-08-25,US,South Carolina,Kershaw,1534,29,0,34.33988254,-80.58763164,45055.0,2304.999173566137,1.8904823989569752,1505,1518,29,0,1489,1515,65592,16,0,0,16,3
2020-08-25,US,South Carolina,Lancaster,1563,31,0,34.68270843,-80.70513032,45057.0,1594.702689466596,1.983365323096609,1532,1554,31,0,1523,1537,95380,9,0,0,9,17
2020-08-25,US,South Carolina,Laurens,1449,54,0,34.48244419,-82.00490796,45059.0,2146.8893070392487,3.7267080745341614,1395,1424,54,0,1370,1420,66994,25,0,0,25,4
2020-08-25,US,South Carolina,Lee,615,30,0,34.16393091,-80.25690731,45061.0,3654.6232469693373,4.878048780487805,585,610,30,0,580,607,17142,5,0,0,5,3
2020-08-25,US,South Carolina,Lexington,5518,133,0,33.89665987,-81.27146426,45063.0,1847.0292887029289,2.410293584632113,5385,5492,131,0,5361,5470,295032,26,2,0,24,22
2020-08-25,US,South Carolina,Marion,650,17,0,34.07859748,-79.36400756,45067.0,2120.233551880484,2.6153846153846154,633,646,17,0,629,641,31039,4,0,0,4,5
2020-08-25,US,South Carolina,Marlboro,656,5,0,34.59905577,-79.67561152,45069.0,2511.677770120224,0.7621951219512195,651,652,5,0,647,641,26398,4,0,0,4,11
2020-08-25,US,South Carolina,McCormick,153,4,0,33.90161443,-82.30794338,45065.0,1616.8234175208704,2.6143790849673203,149,151,4,0,147,151,9410,2,0,0,2,0
2020-08-25,US,South Carolina,Newberry,929,13,0,34.28629098,-81.59935761,45071.0,2416.7533818938605,1.3993541442411197,916,923,13,0,910,920,38520,6,0,0,6,3
2020-08-25,US,South Carolina,Oconee,995,16,0,34.75225169,-83.06742317,45073.0,1250.8485656098358,1.6080402010050252,979,960,16,0,944,946,78374,35,0,0,35,14
2020-08-25,US,South Carolina,Orangeburg,2761,93,0,33.4391073,-80.79886287,45075.0,3203.9454598201332,3.3683448026077514,2668,2757,94,0,2663,2742,86934,4,-1,0,5,15
2020-08-25,US,South Carolina,Pickens,2100,31,0,34.88807695,-82.72791551,45077.0,1655.0550108760758,1.4761904761904765,2069,2047,31,0,2016,2033,124937,53,0,0,53,14
2020-08-25,US,South Carolina,Richland,10084,187,0,34.01791263,-80.90267209,45079.0,2425.443586308414,1.85442284807616,9897,9997,185,0,9812,9945,414576,87,2,0,85,52
2020-08-25,US,South Carolina,Saluda,526,11,0,34.00795823,-81.72713237,45081.0,2569.237532359693,2.091254752851711,515,521,11,0,510,512,20544,5,0,0,5,9
2020-08-25,US,South Carolina,Spartanburg,4778,127,0,34.92960077,-81.99225984,45083.0,1494.1288678330757,2.658015906236919,4651,4715,127,0,4588,4702,313888,63,0,0,63,13
2020-08-25,US,South Carolina,Sumter,2754,60,0,33.91826534,-80.37942316,45085.0,2580.5605269815687,2.178649237472767,2694,2731,59,0,2672,2723,106512,23,1,0,22,8
2020-08-25,US,South Carolina,Union,440,5,0,34.68835752,-81.61730349,45087.0,1610.7775662615318,1.1363636363636365,435,435,5,0,430,435,27410,5,0,0,5,0
2020-08-25,US,South Carolina,Williamsburg,1152,36,0,33.62190129,-79.72767442,45089.0,3793.466807165437,3.125,1116,1146,36,0,1110,1144,30606,6,0,0,6,2
2020-08-25,US,South Carolina,York,4049,39,0,34.97281497,-81.18085944,45091.0,1441.0329597585583,0.9632007903185972,4010,4020,39,0,3981,3993,274118,29,0,0,29,27
2020-08-25,US,South Dakota,Aurora,42,0,0,43.71757685,-98.56050467,46003.0,1526.7175572519086,0.0,42,42,0,0,42,42,2801,0,0,0,0,0
2020-08-25,US,South Dakota,Beadle,619,9,0,44.41464384,-98.27858469,46005.0,3354.4681081666936,1.4539579967689822,610,616,9,0,607,614,18883,3,0,0,3,2
2020-08-25,US,South Dakota,Bennett,11,0,0,43.19486375,-101.6665572,46007.0,326.8945022288261,0.0,11,11,0,0,11,6,3468,0,0,0,0,5
2020-08-25,US,South Dakota,Bon Homme,39,1,0,42.98914167,-97.88592746,46009.0,565.1354876104913,2.5641025641025643,38,39,1,0,38,38,6980,0,0,0,0,1
2020-08-25,US,South Dakota,Brookings,195,1,0,44.36974375,-96.79079945,46011.0,555.919833509137,0.5128205128205128,194,188,1,0,187,182,35232,7,0,0,7,6
2020-08-25,US,South Dakota,Brown,561,3,0,45.58994323,-98.35165355,46013.0,1444.4244187543454,0.5347593582887701,558,555,3,0,552,549,39316,6,0,0,6,6
2020-08-25,US,South Dakota,Brule,50,0,0,43.71756379,-99.08118954,46015.0,943.9305267132339,0.0,50,50,0,0,50,50,5229,0,0,0,0,0
2020-08-25,US,South Dakota,Buffalo,109,3,0,44.07657829,-99.20814467,46017.0,5555.555555555556,2.7522935779816518,106,109,3,0,106,109,2036,0,0,0,0,0
2020-08-25,US,South Dakota,Butte,31,1,0,44.90608745,-103.5079318,46019.0,297.248058298974,3.2258064516129035,30,29,1,0,28,27,10222,2,0,0,2,2
2020-08-25,US,South Dakota,Campbell,4,0,0,45.77074915,-100.0510181,46021.0,290.6976744186046,0.0,4,4,0,0,4,4,1377,0,0,0,0,0
2020-08-25,US,South Dakota,Charles Mix,116,0,0,43.20660134,-98.58856175,46023.0,1248.385708136031,0.0,116,116,0,0,116,116,9338,0,0,0,0,0
2020-08-25,US,South Dakota,Clark,18,0,0,44.85834507,-97.72925109,46025.0,481.7987152034261,0.0,18,18,0,0,18,17,3739,0,0,0,0,1
2020-08-25,US,South Dakota,Clay,176,1,0,42.91296147,-96.97656917,46027.0,1250.8884150675194,0.5681818181818182,175,172,1,0,171,158,14041,4,0,0,4,14
2020-08-25,US,South Dakota,Codington,220,1,0,44.97788119,-97.18827677,46029.0,785.461815844907,0.4545454545454545,219,220,1,0,219,217,28015,0,0,0,0,3
2020-08-25,US,South Dakota,Corson,52,0,0,45.70889983,-101.1970473,46031.0,1272.6382770435634,0.0,52,52,0,0,52,52,4165,0,0,0,0,0
2020-08-25,US,South Dakota,Custer,90,0,0,43.67741105,-103.45345209999999,46033.0,1003.1208203299153,0.0,90,86,0,0,86,82,8726,4,0,0,4,4
2020-08-25,US,South Dakota,Davison,112,2,0,43.67490933,-98.14458906,46035.0,566.3716814159293,1.7857142857142858,110,108,2,0,106,108,19790,4,0,0,4,0
2020-08-25,US,South Dakota,Day,32,0,0,45.367281,-97.60737498,46037.0,589.9705014749262,0.0,32,32,0,0,32,31,5505,0,0,0,0,1
2020-08-25,US,South Dakota,Deuel,34,0,0,44.75994309,-96.66943645,46039.0,781.4295564238106,0.0,34,34,0,0,34,33,4337,0,0,0,0,1
2020-08-25,US,South Dakota,Dewey,65,0,0,45.15639647,-100.8709139,46041.0,1103.1907671418874,0.0,65,65,0,0,65,65,5904,0,0,0,0,0
2020-08-25,US,South Dakota,Douglas,22,0,0,43.38520741,-98.36978007,46043.0,753.1667237247517,0.0,22,22,0,0,22,20,2935,0,0,0,0,2
2020-08-25,US,South Dakota,Edmunds,25,0,0,45.41846445,-99.21545423,46045.0,652.9119874640899,0.0,25,25,0,0,25,25,3875,0,0,0,0,0
2020-08-25,US,South Dakota,Fall River,24,0,0,43.23929297,-103.5275691,46047.0,357.5152688812751,0.0,24,24,0,0,24,23,6758,0,0,0,0,1
2020-08-25,US,South Dakota,Faulk,29,1,0,45.07082625,-99.14535601,46049.0,1261.418007829491,3.4482758620689653,28,29,1,0,28,29,2330,0,0,0,0,0
2020-08-25,US,South Dakota,Grant,39,0,0,45.1723937,-96.77002276,46051.0,553.034600113443,0.0,39,39,0,0,39,39,7147,0,0,0,0,0
2020-08-25,US,South Dakota,Gregory,10,0,0,43.19419064,-99.18883902,46053.0,238.94862604540023,0.0,10,9,0,0,9,8,4212,1,0,0,1,1
2020-08-25,US,South Dakota,Haakon,3,0,0,44.29299053,-101.539099,46055.0,157.9778830963665,0.0,3,3,0,0,3,3,1918,0,0,0,0,0
2020-08-25,US,South Dakota,Hamlin,42,0,0,44.67385954,-97.18829593,46057.0,681.375730045425,0.0,42,42,0,0,42,41,6111,0,0,0,0,1
2020-08-25,US,South Dakota,Hand,13,0,0,44.54708407,-99.00386459,46059.0,407.3958006894391,0.0,13,13,0,0,13,13,3262,0,0,0,0,0
2020-08-25,US,South Dakota,Hanson,22,0,0,43.6746384,-97.78715148,46061.0,637.1271358239213,0.0,22,22,0,0,22,21,3376,0,0,0,0,1
2020-08-25,US,South Dakota,Harding,2,0,0,45.58015551,-103.4958629,46063.0,154.08320493066256,0.0,2,2,0,0,2,2,1249,0,0,0,0,0
2020-08-25,US,South Dakota,Hughes,111,3,0,44.39091534,-99.99661148,46065.0,633.3447449503593,2.702702702702702,108,111,3,0,108,108,17650,0,0,0,0,3
2020-08-25,US,South Dakota,Hutchinson,35,1,0,43.33449012,-97.75536441,46067.0,480.0438897270608,2.8571428571428568,34,35,1,0,34,35,7380,0,0,0,0,0
2020-08-25,US,South Dakota,Hyde,5,0,0,44.54747703,-99.48572582,46069.0,384.3197540353573,0.0,5,5,0,0,5,5,1282,0,0,0,0,0
2020-08-25,US,South Dakota,Jackson,12,1,0,43.69318385,-101.6255063,46071.0,358.85167464114835,8.333333333333334,11,12,1,0,11,12,3307,0,0,0,0,0
2020-08-25,US,South Dakota,Jerauld,40,1,0,44.06637798,-98.62965972,46073.0,1987.083954297069,2.5,39,40,1,0,39,40,2043,0,0,0,0,0
2020-08-25,US,South Dakota,Jones,3,0,0,43.96278565,-100.6940008,46075.0,332.2259136212625,0.0,3,3,0,0,3,3,928,0,0,0,0,0
2020-08-25,US,South Dakota,Kingsbury,18,0,0,44.36956169,-97.4913945,46077.0,364.4462441789836,0.0,18,18,0,0,18,18,4919,0,0,0,0,0
2020-08-25,US,South Dakota,Lake,108,6,0,44.02193107,-97.12926365,46079.0,843.9478002656873,5.5555555555555545,102,108,6,0,102,108,13057,0,0,0,0,0
2020-08-25,US,South Dakota,Lawrence,125,1,0,44.35919441,-103.79294279999999,46081.0,483.67125831914564,0.8,124,120,1,0,119,112,25741,5,0,0,5,8
2020-08-25,US,South Dakota,Lincoln,798,2,0,43.27841182,-96.72039050000001,46083.0,1305.4574008637612,0.2506265664160401,796,795,2,0,793,787,58807,3,0,0,3,8
2020-08-25,US,South Dakota,Lyman,94,3,0,43.89522709,-99.85201878,46085.0,2486.1147844485586,3.191489361702128,91,94,3,0,91,94,3821,0,0,0,0,0
2020-08-25,US,South Dakota,Marshall,15,0,0,45.75870838,-97.59855639,46091.0,303.951367781155,0.0,15,15,0,0,15,15,5112,0,0,0,0,0
2020-08-25,US,South Dakota,McCook,39,1,0,43.6742571,-97.36863144,46087.0,698.1740064446832,2.5641025641025643,38,39,1,0,38,39,5546,0,0,0,0,0
2020-08-25,US,South Dakota,McPherson,10,0,0,45.76626028,-99.22118798,46089.0,420.34468263976464,0.0,10,10,0,0,10,10,2407,0,0,0,0,0
2020-08-25,US,South Dakota,Meade,176,1,0,44.56676791,-102.71627409999999,46093.0,621.2057037978258,0.5681818181818182,175,170,1,0,169,164,28294,6,0,0,6,6
2020-08-25,US,South Dakota,Mellette,24,0,0,43.58078848,-100.7563186,46095.0,1164.4832605531294,0.0,24,24,0,0,24,24,2042,0,0,0,0,0
2020-08-25,US,South Dakota,Miner,15,0,0,44.02197882,-97.60992207,46097.0,676.8953068592058,0.0,15,15,0,0,15,15,2213,0,0,0,0,0
2020-08-25,US,South Dakota,Minnehaha,4938,70,0,43.67441641,-96.7910885,46099.0,2556.7740532480043,1.4175779667881734,4868,4924,70,0,4854,4896,192876,14,0,0,14,28
2020-08-25,US,South Dakota,Moody,38,0,0,44.02266214,-96.67081159,46101.0,577.8588807785889,0.0,38,38,0,0,38,37,6579,0,0,0,0,1
2020-08-25,US,South Dakota,Oglala Lakota,163,2,0,43.33749164,-102.55554980000001,46102.0,1149.7495944134864,1.2269938650306749,161,163,2,0,161,163,14309,0,0,0,0,0
2020-08-25,US,South Dakota,Pennington,1082,33,0,44.0025835,-102.8240777,46103.0,950.999780268073,3.049907578558225,1049,1070,33,0,1037,1042,111729,12,0,0,12,28
2020-08-25,US,South Dakota,Perkins,9,0,0,45.49049506,-102.47555859999999,46105.0,314.13612565445027,0.0,9,8,0,0,8,6,2922,1,0,0,1,2
2020-08-25,US,South Dakota,Potter,4,0,0,45.06583079,-99.95498503,46107.0,185.78727357176032,0.0,4,4,0,0,4,4,2207,0,0,0,0,0
2020-08-25,US,South Dakota,Roberts,91,1,0,45.62975048,-96.94672673,46109.0,875.5050990956323,1.0989010989010992,90,91,1,0,90,89,10447,0,0,0,0,2
2020-08-25,US,South Dakota,Sanborn,13,0,0,44.02351092,-98.09098159999999,46111.0,554.6075085324234,0.0,13,13,0,0,13,13,2429,0,0,0,0,0
2020-08-25,US,South Dakota,Spink,37,0,0,44.93837606,-98.34626602,46115.0,580.3011292346299,0.0,37,35,0,0,35,35,6495,2,0,0,2,0
2020-08-25,US,South Dakota,Stanley,20,0,0,44.41381872,-100.7349153,46117.0,645.577792123951,0.0,20,20,0,0,20,20,3022,0,0,0,0,0
2020-08-25,US,South Dakota,Sully,8,0,0,44.71571812,-100.1278092,46119.0,575.1258087706685,0.0,8,8,0,0,8,7,1392,0,0,0,0,1
2020-08-25,US,South Dakota,Todd,77,5,0,43.19338568,-100.71955030000001,46121.0,756.6080377321413,6.493506493506493,72,76,5,0,71,76,10283,1,0,0,1,0
2020-08-25,US,South Dakota,Tripp,20,0,0,43.34459388,-99.8854891,46123.0,367.5794890645102,0.0,20,20,0,0,20,20,5478,0,0,0,0,0
2020-08-25,US,South Dakota,Turner,70,0,0,43.3109081,-97.14865776,46125.0,834.9236641221374,0.0,70,69,0,0,69,68,8424,1,0,0,1,1
2020-08-25,US,South Dakota,Union,237,4,0,42.83112163,-96.6557828,46127.0,1487.5721817725332,1.6877637130801688,233,235,4,0,231,232,15619,2,0,0,2,3
2020-08-25,US,South Dakota,Walworth,32,0,0,45.43019636,-100.03075140000001,46129.0,588.7764489420422,0.0,32,32,0,0,32,31,5587,0,0,0,0,1
2020-08-25,US,South Dakota,Yankton,185,3,0,43.00924485,-97.39467635,46135.0,810.9055842903481,1.6216216216216215,182,183,3,0,180,179,22869,2,0,0,2,4
2020-08-25,US,South Dakota,Ziebach,46,0,0,44.97881876,-101.6654622,46137.0,1669.0856313497825,0.0,46,46,0,0,46,45,2742,0,0,0,0,1
2020-08-25,US,Tennessee,Anderson,841,8,0,36.12684348,-84.19965764,47001.0,1092.5199407622956,0.9512485136741974,833,839,8,0,831,836,76482,2,0,0,2,3
2020-08-25,US,Tennessee,Bedford,1064,14,0,35.51123746,-86.45549096,47003.0,2140.285237261883,1.3157894736842106,1050,1057,14,0,1043,1051,49038,7,0,0,7,6
2020-08-25,US,Tennessee,Benton,224,4,0,36.07110411,-88.06849355,47005.0,1386.1386138613861,1.7857142857142858,220,223,3,0,220,223,16184,1,1,0,0,0
2020-08-25,US,Tennessee,Bledsoe,768,3,0,35.59942968,-85.20611967,47007.0,5098.247477429633,0.390625,765,768,3,0,765,768,14755,0,0,0,0,0
2020-08-25,US,Tennessee,Blount,1753,16,0,35.68938198,-83.92847788,47009.0,1317.1735994229382,0.9127210496292072,1737,1744,15,0,1729,1732,131349,9,1,0,8,12
2020-08-25,US,Tennessee,Bradley,2370,16,0,35.15739424,-84.857186,47011.0,2192.2116362963648,0.6751054852320675,2354,2359,16,0,2343,2336,106727,11,0,0,11,23
2020-08-25,US,Tennessee,Campbell,304,2,0,36.40355516,-84.15108559999999,47013.0,763.0139049244516,0.6578947368421053,302,302,2,0,300,299,39583,2,0,0,2,3
2020-08-25,US,Tennessee,Cannon,186,0,0,35.80990797,-86.05738983,47015.0,1267.2026161602398,0.0,186,186,0,0,186,185,14462,0,0,0,0,1
2020-08-25,US,Tennessee,Carroll,525,7,0,35.97366108,-88.45189331,47017.0,1890.7336046386,1.3333333333333333,518,516,6,0,510,508,28020,9,1,0,8,8
2020-08-25,US,Tennessee,Carter,743,16,0,36.28969086,-82.12588974,47019.0,1317.586139632211,2.1534320323014806,727,736,14,0,722,727,56351,7,2,0,5,9
2020-08-25,US,Tennessee,Cheatham,692,10,0,36.26136216,-87.08903581,47021.0,1701.6253965131436,1.4450867052023122,682,694,10,0,684,690,40439,-2,0,0,-2,4
2020-08-25,US,Tennessee,Chester,343,4,0,35.42527478,-88.6095842,47023.0,1983.0028328611893,1.1661807580174928,339,336,4,0,332,333,17276,7,0,0,7,3
2020-08-25,US,Tennessee,Claiborne,346,3,0,36.48319149,-83.65947309,47025.0,1082.6371288213022,0.8670520231213873,343,345,2,0,343,344,31756,1,1,0,0,1
2020-08-25,US,Tennessee,Clay,103,0,0,36.55151008,-85.53930419,47027.0,1352.5935653315826,0.0,103,103,0,0,103,102,7717,0,0,0,0,1
2020-08-25,US,Tennessee,Cocke,612,6,0,35.9278914,-83.11828725,47029.0,1699.8111320964338,0.9803921568627452,606,606,6,0,600,600,35774,6,0,0,6,6
2020-08-25,US,Tennessee,Coffee,700,6,0,35.49090731,-86.07311784,47031.0,1238.4996461429582,0.8571428571428571,694,695,6,0,689,691,55700,5,0,0,5,4
2020-08-25,US,Tennessee,Crockett,362,13,0,35.81830662,-89.14916269,47033.0,2543.921293042867,3.591160220994475,349,359,12,0,347,355,14328,3,1,0,2,4
2020-08-25,US,Tennessee,Cumberland,712,8,0,35.95271721,-84.99840585,47035.0,1176.4705882352941,1.1235955056179776,704,709,8,0,701,706,59673,3,0,0,3,3
2020-08-25,US,Tennessee,Davidson,22907,249,0,36.17007426,-86.78646056,47037.0,3300.035727457127,1.0870039725847993,22658,22816,246,0,22570,22766,692587,91,3,0,88,50
2020-08-25,US,Tennessee,DeKalb,424,5,0,35.97616272,-85.83689361,47041.0,2069.302098584676,1.179245283018868,419,417,5,0,412,416,20138,7,0,0,7,1
2020-08-25,US,Tennessee,Decatur,272,4,0,35.60048904,-88.11043779,47039.0,2332.1615364828945,1.4705882352941178,268,272,4,0,268,270,11706,0,0,0,0,2
2020-08-25,US,Tennessee,Dickson,861,8,0,36.14669837,-87.35891709,47043.0,1595.9813153406985,0.9291521486643438,853,851,8,0,843,844,53446,10,0,0,10,7
2020-08-25,US,Tennessee,Dyer,866,9,0,36.05931946,-89.41542855,47045.0,2330.525579267472,1.039260969976905,857,862,9,0,853,852,37320,4,0,0,4,10
2020-08-25,US,Tennessee,Fayette,824,10,0,35.19615831,-89.41399032,47047.0,2003.257724941045,1.2135922330097086,814,820,10,0,810,814,40507,4,0,0,4,6
2020-08-25,US,Tennessee,Fentress,161,0,0,36.38128818,-84.92870012,47049.0,869.189656103223,0.0,161,149,0,0,149,147,18217,12,0,0,12,2
2020-08-25,US,Tennessee,Franklin,427,4,0,35.15634626,-86.09201039,47051.0,1011.6565579984835,0.936768149882904,423,426,4,0,422,422,41890,1,0,0,1,4
2020-08-25,US,Tennessee,Gibson,1005,13,0,35.99438059,-88.93358327,47053.0,2045.4684224451998,1.2935323383084578,992,995,13,0,982,981,49045,10,0,0,10,14
2020-08-25,US,Tennessee,Giles,430,14,0,35.20222469,-87.03992678,47055.0,1459.4080912299755,3.255813953488372,416,428,14,0,414,428,29503,2,0,0,2,0
2020-08-25,US,Tennessee,Grainger,250,1,0,36.27469206,-83.51254721,47057.0,1072.041166380789,0.4,249,249,1,0,248,246,23145,1,0,0,1,3
2020-08-25,US,Tennessee,Greene,738,11,0,36.17470125,-82.84691273,47059.0,1068.4967206706337,1.4905149051490514,727,730,10,0,720,721,69087,8,1,0,7,9
2020-08-25,US,Tennessee,Grundy,142,2,0,35.38433717,-85.72142731,47061.0,1057.5705667684517,1.4084507042253518,140,142,2,0,140,142,13346,0,0,0,0,0
2020-08-25,US,Tennessee,Hamblen,1588,20,0,36.21990035,-83.26586179,47063.0,2445.5601071857573,1.2594458438287153,1568,1580,18,0,1562,1576,64569,8,2,0,6,4
2020-08-25,US,Tennessee,Hamilton,7586,69,0,35.17670231,-85.16652245,47065.0,2062.5115550673727,0.9095702610071184,7517,7496,65,0,7431,7463,364286,90,4,0,86,33
2020-08-25,US,Tennessee,Hancock,88,2,0,36.52692871,-83.22375847,47067.0,1329.3051359516614,2.272727272727273,86,88,2,0,86,88,6549,0,0,0,0,0
2020-08-25,US,Tennessee,Hardeman,1183,22,0,35.20772017,-88.99161161,47069.0,4722.5548902195615,1.8596787827557055,1161,1179,22,0,1157,1174,25220,4,0,0,4,5
2020-08-25,US,Tennessee,Hardin,624,9,0,35.19732531,-88.18593755,47071.0,2432.558864805863,1.4423076923076923,615,620,8,0,612,615,25776,4,1,0,3,5
2020-08-25,US,Tennessee,Hawkins,636,12,0,36.44355426,-82.94885298,47073.0,1119.9943648082274,1.8867924528301887,624,637,12,0,625,634,56530,-1,0,0,-1,3
2020-08-25,US,Tennessee,Haywood,705,10,0,35.58332824,-89.28536625,47075.0,4074.2024965325927,1.4184397163120568,695,702,10,0,692,699,17335,3,0,0,3,3
2020-08-25,US,Tennessee,Henderson,796,6,0,35.65581134,-88.38600175,47077.0,2831.0274922644653,0.7537688442211056,790,793,6,0,787,788,27847,3,0,0,3,5
2020-08-25,US,Tennessee,Henry,412,4,0,36.33160906,-88.30121797,47079.0,1273.7671974029988,0.9708737864077671,408,410,4,0,406,408,32358,2,0,0,2,2
2020-08-25,US,Tennessee,Hickman,333,1,0,35.80609681,-87.47643507,47081.0,1322.5832075621574,0.3003003003003003,332,331,1,0,330,330,25063,2,0,0,2,1
2020-08-25,US,Tennessee,Houston,73,0,0,36.28872054,-87.71878828,47083.0,890.1353493476405,0.0,73,73,0,0,73,72,8263,0,0,0,0,1
2020-08-25,US,Tennessee,Humphreys,155,3,0,36.03958805,-87.77992872,47085.0,834.1405661392746,1.935483870967742,152,155,3,0,152,151,18486,0,0,0,0,4
2020-08-25,US,Tennessee,Jackson,193,1,0,36.36380466,-85.67239905,47087.0,1637.5360597318854,0.5181347150259067,192,189,1,0,188,189,11758,4,0,0,4,0
2020-08-25,US,Tennessee,Jefferson,721,6,0,36.04818632,-83.45148924,47089.0,1323.0571612074502,0.8321775312066574,715,721,6,0,715,703,54012,0,0,0,0,18
2020-08-25,US,Tennessee,Johnson,392,1,0,36.45523950000001,-81.84886538,47091.0,2203.7328536091745,0.2551020408163265,391,387,1,0,386,387,17778,5,0,0,5,0
2020-08-25,US,Tennessee,Knox,5891,51,0,35.99508821,-83.94635435,47093.0,1252.570096935445,0.8657273807502971,5840,5855,49,0,5806,5798,465289,36,2,0,34,57
2020-08-25,US,Tennessee,Lake,820,1,0,36.34180170000001,-89.48921915,47095.0,11687.571265678447,0.12195121951219512,819,820,1,0,819,815,7411,0,0,0,0,5
2020-08-25,US,Tennessee,Lauderdale,669,12,0,35.75893438,-89.63015909999999,47097.0,2609.9169039909493,1.7937219730941705,657,637,12,0,625,632,25825,32,0,0,32,5
2020-08-25,US,Tennessee,Lawrence,717,9,0,35.21675201,-87.39787695,47099.0,1624.3033845317386,1.2552301255230125,708,703,8,0,695,699,43734,14,1,0,13,4
2020-08-25,US,Tennessee,Lewis,117,1,0,35.52853208,-87.49022694,47101.0,953.7006847081841,0.8547008547008547,116,117,1,0,116,117,12086,0,0,0,0,0
2020-08-25,US,Tennessee,Lincoln,386,1,0,35.13738622,-86.58910106,47103.0,1123.2031659198044,0.2590673575129533,385,386,1,0,385,385,34117,0,0,0,0,1
2020-08-25,US,Tennessee,Loudon,888,3,0,35.73939663,-84.31145275,47105.0,1642.376266923134,0.33783783783783783,885,879,3,0,876,874,53054,9,0,0,9,5
2020-08-25,US,Tennessee,Macon,882,15,0,36.53157855,-86.00778595,47111.0,3585.0743841964068,1.7006802721088434,867,882,14,0,868,880,24265,0,1,0,-1,2
2020-08-25,US,Tennessee,Madison,1590,34,0,35.61181957,-88.84076036,47113.0,1622.7139124755065,2.1383647798742142,1556,1571,31,0,1540,1555,97605,19,3,0,16,16
2020-08-25,US,Tennessee,Marion,300,5,0,35.12997174,-85.62265895,47115.0,1037.8109108520428,1.6666666666666667,295,300,5,0,295,297,28575,0,0,0,0,3
2020-08-25,US,Tennessee,Marshall,474,4,0,35.45798777,-86.76420988,47117.0,1378.909090909091,0.8438818565400844,470,472,4,0,468,467,33683,2,0,0,2,5
2020-08-25,US,Tennessee,Maury,1599,13,0,35.618741299999996,-87.07462444,47119.0,1658.9374085716956,0.8130081300813008,1586,1593,11,0,1582,1581,94340,6,2,0,4,12
2020-08-25,US,Tennessee,McMinn,722,20,0,35.42812616,-84.61520715,47107.0,1342.157117894189,2.770083102493075,702,717,20,0,697,714,53285,5,0,0,5,3
2020-08-25,US,Tennessee,McNairy,493,8,0,35.17468549,-88.5647812,47109.0,1918.735891647856,1.6227180527383367,485,490,8,0,482,487,25832,3,0,0,3,3
2020-08-25,US,Tennessee,Meigs,134,2,0,35.51558739,-84.81482914,47121.0,1078.731283207213,1.492537313432836,132,134,2,0,132,134,12306,0,0,0,0,0
2020-08-25,US,Tennessee,Monroe,621,12,0,35.44550387,-84.24902965,47123.0,1334.1927167257493,1.932367149758454,609,608,10,0,598,601,46357,13,2,0,11,7
2020-08-25,US,Tennessee,Montgomery,2345,28,0,36.49609412,-87.38550661,47125.0,1122.0471499045425,1.1940298507462686,2317,2330,27,0,2303,2313,205950,15,1,0,14,17
2020-08-25,US,Tennessee,Moore,85,0,0,35.27724699,-86.36230578,47127.0,1310.110974106042,0.0,85,84,0,0,84,84,6411,1,0,0,1,0
2020-08-25,US,Tennessee,Morgan,185,1,0,36.13248031,-84.64880098,47129.0,864.3648086716815,0.5405405405405406,184,184,1,0,183,182,21579,1,0,0,1,2
2020-08-25,US,Tennessee,Obion,759,6,0,36.35732446,-89.14921589,47131.0,2524.1943529881273,0.7905138339920948,753,757,5,0,752,754,30267,2,1,0,1,3
2020-08-25,US,Tennessee,Out of TN,2916,23,0,0.0,0.0,80047.0,0.0,0.7887517146776406,2893,2929,22,0,2907,2937,,-13,1,0,-14,-8
2020-08-25,US,Tennessee,Overton,375,1,0,36.34117832,-85.28989535,47133.0,1686.075266399892,0.26666666666666666,374,360,1,0,359,357,22068,15,0,0,15,3
2020-08-25,US,Tennessee,Perry,98,0,0,35.63708728,-87.86139634,47135.0,1213.4720158494306,0.0,98,98,0,0,98,97,8064,0,0,0,0,1
2020-08-25,US,Tennessee,Pickett,50,1,0,36.55606529,-85.07763299999998,47137.0,990.4912836767037,2.0,49,46,1,0,45,46,5082,4,0,0,4,0
2020-08-25,US,Tennessee,Polk,306,10,0,35.12245443,-84.52075859,47139.0,1817.9657794676807,3.2679738562091503,296,305,10,0,295,302,16898,1,0,0,1,3
2020-08-25,US,Tennessee,Putnam,2171,24,0,36.14005459,-85.50646123,47141.0,2705.4645149230482,1.1054813450023029,2147,2149,23,0,2126,2145,78843,22,1,0,21,4
2020-08-25,US,Tennessee,Rhea,618,2,0,35.60536161,-84.93076643,47143.0,1863.297856302952,0.32362459546925565,616,616,2,0,614,613,33044,2,0,0,2,3
2020-08-25,US,Tennessee,Roane,587,2,0,35.84923189,-84.52458689,47145.0,1099.621595294294,0.34071550255536626,585,587,2,0,585,586,53140,0,0,0,0,1
2020-08-25,US,Tennessee,Robertson,1772,25,0,36.52454807,-86.87346725,47147.0,2467.5198083912383,1.4108352144469527,1747,1751,25,0,1726,1748,71012,21,0,0,21,3
2020-08-25,US,Tennessee,Rutherford,7523,67,0,35.84591405,-86.4107263,47149.0,2264.0203439818233,0.8906021533962515,7456,7486,64,0,7422,7461,324890,37,3,0,34,25
2020-08-25,US,Tennessee,Scott,154,2,0,36.42325673,-84.50360494,47151.0,697.8430306325902,1.2987012987012987,152,153,2,0,151,153,22039,1,0,0,1,0
2020-08-25,US,Tennessee,Sequatchie,138,1,0,35.36979721,-85.41022136,47153.0,918.408092639425,0.7246376811594203,137,138,1,0,137,138,14876,0,0,0,0,0
2020-08-25,US,Tennessee,Sevier,2157,11,0,35.78077323,-83.52244332,47155.0,2195.4198473282445,0.5099675475197033,2146,2154,11,0,2143,2152,97892,3,0,0,3,2
2020-08-25,US,Tennessee,Shelby,26086,370,0,35.1864775,-89.89692423,47157.0,2783.498334339914,1.4183853407958291,25716,25976,369,0,25607,25858,935764,110,1,0,109,118
2020-08-25,US,Tennessee,Smith,501,8,0,36.25359775,-85.95411046,47159.0,2485.4889120404823,1.5968063872255491,493,497,8,0,489,503,19942,4,0,0,4,-6
2020-08-25,US,Tennessee,Stewart,91,0,0,36.50235092,-87.83920548,47161.0,663.5071090047394,0.0,91,89,0,0,89,89,13561,2,0,0,2,0
2020-08-25,US,Tennessee,Sullivan,1495,22,0,36.51240691,-82.30412917,47163.0,944.1230707050296,1.471571906354515,1473,1474,22,0,1452,1471,157668,21,0,0,21,3
2020-08-25,US,Tennessee,Sumner,3903,83,0,36.46824103,-86.45917204,47165.0,2040.4322391430496,2.126569305662311,3820,3889,82,0,3807,3871,187149,14,1,0,13,18
2020-08-25,US,Tennessee,Tipton,1349,13,0,35.501942,-89.73694895,47167.0,2189.9706164061104,0.9636767976278724,1336,1337,13,0,1324,1323,61581,12,0,0,12,14
2020-08-25,US,Tennessee,Trousdale,1592,6,0,36.39026213,-86.16087954,47169.0,14108.4721729883,0.3768844221105528,1586,1592,6,0,1586,1592,11012,0,0,0,0,0
2020-08-25,US,Tennessee,Unassigned,3294,5,0,0.0,0.0,90047.0,0.0,0.15179113539769276,3289,3293,6,0,3287,3294,,1,-1,0,2,-1
2020-08-25,US,Tennessee,Unicoi,213,1,0,36.10890856,-82.43709629,47171.0,1191.0753229323939,0.4694835680751174,212,212,1,0,211,212,17761,1,0,0,1,0
2020-08-25,US,Tennessee,Union,210,1,0,36.28590426,-83.83651902,47173.0,1051.4720608852394,0.4761904761904762,209,208,1,0,207,205,19688,2,0,0,2,3
2020-08-25,US,Tennessee,Van Buren,57,0,0,35.69864497,-85.45221699,47175.0,970.708446866485,0.0,57,54,0,0,54,53,5765,3,0,0,3,1
2020-08-25,US,Tennessee,Warren,745,7,0,35.672829899999996,-85.77969117,47177.0,1804.8792305642367,0.9395973154362416,738,741,7,0,734,735,40878,4,0,0,4,6
2020-08-25,US,Tennessee,Washington,1601,8,0,36.29472368,-82.49454720000001,47179.0,1237.487922705314,0.4996876951905059,1593,1597,7,0,1590,1592,128607,4,1,0,3,5
2020-08-25,US,Tennessee,Wayne,266,2,0,35.23868267,-87.78644456,47181.0,1595.3937503748575,0.7518796992481203,264,261,2,0,259,259,16558,5,0,0,5,2
2020-08-25,US,Tennessee,Weakley,749,11,0,36.29896232,-88.71990865,47183.0,2247.359577532405,1.4686248331108145,738,742,9,0,733,735,33415,7,2,0,5,7
2020-08-25,US,Tennessee,White,446,7,0,35.92929884,-85.45591799,47185.0,1631.0111537758273,1.5695067264573992,439,435,7,0,428,430,27107,11,0,0,11,5
2020-08-25,US,Tennessee,Williamson,4165,27,0,35.89099229,-86.89281867,47187.0,1746.9758233645957,0.6482593037214885,4138,4157,27,0,4130,4140,231729,8,0,0,8,17
2020-08-25,US,Tennessee,Wilson,2672,30,0,36.15496772,-86.29775884,47189.0,1847.1280339008829,1.122754491017964,2642,2664,30,0,2634,2659,140625,8,0,0,8,5
2020-08-25,US,Texas,Anderson,2449,18,0,31.81534745,-95.65354823,48001.0,4241.794405473283,0.7349938750510412,2431,2431,18,0,2413,2425,58057,18,0,0,18,6
2020-08-25,US,Texas,Andrews,356,8,0,32.30468633,-102.63765479999999,48003.0,1903.2344292969794,2.247191011235955,348,356,8,0,348,356,18128,0,0,0,0,0
2020-08-25,US,Texas,Angelina,1968,63,0,31.25457347,-94.60901487,48005.0,2269.5035460992913,3.2012195121951224,1905,1964,62,0,1902,1964,87092,4,1,0,3,0
2020-08-25,US,Texas,Aransas,198,16,0,28.10556197,-96.9995047,48007.0,842.1948107188431,8.080808080808081,182,198,16,0,182,197,23792,0,0,0,0,1
2020-08-25,US,Texas,Archer,40,0,0,33.61569967,-98.68754589,48009.0,467.672161814568,0.0,40,39,0,0,39,39,8786,1,0,0,1,0
2020-08-25,US,Texas,Armstrong,11,0,0,34.96507426,-101.35748740000001,48011.0,582.9358770535241,0.0,11,10,0,0,10,10,1892,1,0,0,1,0
2020-08-25,US,Texas,Atascosa,551,23,0,28.89333001,-98.52730485,48013.0,1077.1606748382305,4.174228675136116,528,544,23,0,521,544,50310,7,0,0,7,0
2020-08-25,US,Texas,Austin,398,5,0,29.88548725,-96.27736949,48015.0,1325.253063399041,1.256281407035176,393,398,5,0,393,391,29989,0,0,0,0,7
2020-08-25,US,Texas,Bailey,198,4,0,34.06854817,-102.8299707,48017.0,2828.5714285714284,2.0202020202020203,194,196,4,0,192,196,7027,2,0,0,2,0
2020-08-25,US,Texas,Bandera,106,3,0,29.74619598,-99.24598147,48019.0,458.6362062997577,2.830188679245283,103,106,3,0,103,106,22824,0,0,0,0,0
2020-08-25,US,Texas,Bastrop,1542,25,0,30.10370699,-97.31206354,48021.0,1737.9935304261578,1.6212710765239948,1517,1536,25,0,1511,1531,86976,6,0,0,6,5
2020-08-25,US,Texas,Baylor,13,0,0,33.61640794,-99.21352901,48023.0,370.4759190652608,0.0,13,12,0,0,12,12,3582,1,0,0,1,0
2020-08-25,US,Texas,Bee,1489,20,0,28.41761668,-97.74215593,48025.0,4572.393674190082,1.3431833445265278,1469,1473,18,0,1455,1469,32587,16,2,0,14,4
2020-08-25,US,Texas,Bell,4636,58,0,31.03736027,-97.4785025,48027.0,1277.4024313630405,1.2510785159620363,4578,4534,55,0,4479,4534,355642,102,3,0,99,0
2020-08-25,US,Texas,Bexar,45488,1007,0,29.44928723,-98.52019748,48029.0,2270.3655603991706,2.213770664790714,44481,45364,998,0,44366,45255,1986049,124,9,0,115,109
2020-08-25,US,Texas,Blanco,122,5,0,30.26640707,-98.3999852,48031.0,1022.5463079373062,4.0983606557377055,117,127,5,0,122,127,11702,-5,0,0,-5,0
2020-08-25,US,Texas,Bosque,200,5,0,31.89978581,-97.63613524,48035.0,1070.3773080010703,2.5,195,197,5,0,192,197,18691,3,0,0,3,0
2020-08-25,US,Texas,Bowie,860,42,0,33.44626922,-94.41834132,48037.0,922.3014638854628,4.883720930232559,818,860,41,0,819,859,94324,0,1,0,-1,1
2020-08-25,US,Texas,Brazoria,8824,127,0,29.18757369,-95.44563172,48039.0,2357.694034157707,1.4392565729827742,8697,8662,124,0,8538,8662,370200,162,3,0,159,0
2020-08-25,US,Texas,Brazos,4433,53,0,30.663644800000004,-96.30205577,48041.0,1934.025853907535,1.1955786149334535,4380,4390,53,0,4337,4352,226758,43,0,0,43,38
2020-08-25,US,Texas,Brewster,188,2,0,29.81008251,-103.25203259999999,48043.0,2042.8121264804959,1.0638297872340423,186,189,2,0,187,189,9267,-1,0,0,-1,0
2020-08-25,US,Texas,Briscoe,12,1,0,34.53026962,-101.2084947,48045.0,776.1966364812421,8.333333333333334,11,12,1,0,11,12,1516,0,0,0,0,0
2020-08-25,US,Texas,Brooks,197,14,0,27.03103197,-98.21808402,48047.0,2777.3861553644438,7.1065989847715745,183,197,14,0,183,190,7114,0,0,0,0,7
2020-08-25,US,Texas,Brown,447,19,0,31.77430356,-98.99907113,48049.0,1180.540883160786,4.250559284116331,428,435,19,0,416,435,37924,12,0,0,12,0
2020-08-25,US,Texas,Burleson,275,6,0,30.49273808,-96.62158484,48051.0,1491.0806267960745,2.1818181818181817,269,275,6,0,269,275,18389,0,0,0,0,0
2020-08-25,US,Texas,Burnet,630,12,0,30.78801353,-98.181887,48053.0,1308.2753608140379,1.9047619047619049,618,605,12,0,593,604,47542,25,0,0,25,1
2020-08-25,US,Texas,Caldwell,1217,32,0,29.83668859,-97.61814775,48055.0,2787.193111029681,2.6294165981922757,1185,1210,31,0,1179,1210,43247,7,1,0,6,0
2020-08-25,US,Texas,Calhoun,586,7,0,28.47048236,-96.61633945,48057.0,2752.465946453734,1.1945392491467577,579,579,7,0,572,579,21561,7,0,0,7,0
2020-08-25,US,Texas,Callahan,60,3,0,32.29760619,-99.37326312,48059.0,430.32345980061683,5.0,57,57,3,0,54,57,13994,3,0,0,3,0
2020-08-25,US,Texas,Cameron,19862,668,0,26.14524221,-97.48140372,48061.0,4693.699590937771,3.36320612224348,19194,19225,657,0,18568,19225,423908,637,11,0,626,0
2020-08-25,US,Texas,Camp,280,7,0,32.97195142,-94.97790104,48063.0,2138.3839926683977,2.5,273,274,7,0,267,274,13033,6,0,0,6,0
2020-08-25,US,Texas,Carson,17,0,0,35.40365929,-101.35426690000001,48065.0,286.87141410732363,0.0,17,17,0,0,17,17,6005,0,0,0,0,0
2020-08-25,US,Texas,Cass,229,9,0,33.07499881,-94.34646905,48067.0,762.6723506294545,3.930131004366812,220,227,9,0,218,225,30119,2,0,0,2,2
2020-08-25,US,Texas,Castro,219,4,0,34.53016752,-102.2617243,48069.0,2908.3665338645424,1.8264840182648399,215,214,4,0,210,214,7665,5,0,0,5,0
2020-08-25,US,Texas,Chambers,1123,5,0,29.70972016,-94.67154501,48071.0,2561.762894358647,0.4452359750667854,1118,1103,5,0,1098,1080,42454,20,0,0,20,23
2020-08-25,US,Texas,Cherokee,1353,14,0,31.837258000000002,-95.16559897,48073.0,2569.995821145006,1.0347376201034737,1339,1339,14,0,1325,1334,52592,14,0,0,14,5
2020-08-25,US,Texas,Childress,51,0,0,34.529304100000004,-100.2077916,48075.0,698.0563920065698,0.0,51,52,0,0,52,52,7291,-1,0,0,-1,0
2020-08-25,US,Texas,Clay,60,1,0,33.78686685,-98.20771198,48077.0,573.0111737178875,1.6666666666666667,59,59,1,0,58,59,10456,1,0,0,1,0
2020-08-25,US,Texas,Cochran,36,1,0,33.60425307,-102.82844990000001,48079.0,1261.8296529968457,2.7777777777777777,35,35,1,0,34,35,2836,1,0,0,1,0
2020-08-25,US,Texas,Coke,48,3,0,31.88911733,-100.5297533,48081.0,1417.1833480956598,6.25,45,45,2,0,43,45,3370,3,1,0,2,0
2020-08-25,US,Texas,Coleman,45,2,0,31.76736834,-99.45240766,48083.0,550.4587155963303,4.4444444444444455,43,44,2,0,42,44,8397,1,0,0,1,0
2020-08-25,US,Texas,Collin,10474,105,0,33.18820114,-96.57264368,48085.0,1012.2447401737653,1.0024823372159632,10369,10639,111,0,10528,10589,1005146,-165,-6,0,-159,50
2020-08-25,US,Texas,Collingsworth,15,0,0,34.96489496,-100.27001109999999,48087.0,513.6986301369864,0.0,15,15,0,0,15,15,2962,0,0,0,0,0
2020-08-25,US,Texas,Colorado,421,3,0,29.622097999999998,-96.5273805,48089.0,1958.7772763225241,0.7125890736342043,418,421,3,0,418,416,21217,0,0,0,0,5
2020-08-25,US,Texas,Comal,2293,94,0,29.80811278,-98.27647225,48091.0,1467.9051783187908,4.099433057130397,2199,2275,93,0,2182,2275,148373,18,1,0,17,0
2020-08-25,US,Texas,Comanche,206,3,0,31.94854689,-98.55876441,48093.0,1510.8177484415107,1.4563106796116505,203,184,3,0,181,184,13534,22,0,0,22,0
2020-08-25,US,Texas,Concho,41,0,0,31.32635934,-99.86473038,48095.0,1504.035216434336,0.0,41,35,0,0,35,35,4276,6,0,0,6,0
2020-08-25,US,Texas,Cooke,298,4,0,33.63979567,-97.21240912,48097.0,722.301670019633,1.342281879194631,294,288,4,0,284,288,40574,10,0,0,10,0
2020-08-25,US,Texas,Coryell,786,9,0,31.39078397,-97.79936155,48099.0,1034.8777501283723,1.1450381679389312,777,781,8,0,773,779,74808,5,1,0,4,2
2020-08-25,US,Texas,Cottle,18,2,0,34.07783319,-100.27850620000001,48101.0,1287.5536480686694,11.111111111111109,16,18,2,0,16,18,1389,0,0,0,0,0
2020-08-25,US,Texas,Crane,70,2,0,31.43052248,-102.5143314,48103.0,1459.245361684386,2.8571428571428568,68,70,2,0,68,70,4794,0,0,0,0,0
2020-08-25,US,Texas,Crockett,161,5,0,30.72367027,-101.4134238,48105.0,4647.806004618938,3.1055900621118013,156,160,4,0,156,160,3499,1,1,0,0,0
2020-08-25,US,Texas,Crosby,80,1,0,33.61431553,-101.30003640000001,48107.0,1394.4570332926614,1.25,79,75,1,0,74,75,5779,5,0,0,5,0
2020-08-25,US,Texas,Culberson,23,2,0,31.44506775,-104.5185739,48109.0,1059.4196222938738,8.695652173913043,21,22,2,0,20,22,2204,1,0,0,1,0
2020-08-25,US,Texas,Dallam,204,6,0,36.27787176,-102.60207249999999,48111.0,2799.505969534788,2.9411764705882355,198,202,6,0,196,202,7200,2,0,0,2,0
2020-08-25,US,Texas,Dallas,69086,899,0,32.76670599,-96.77796049999999,48113.0,2621.3462562928853,1.3012766696581073,68187,69086,883,0,68203,68904,2637772,0,16,0,-16,182
2020-08-25,US,Texas,Dawson,189,8,0,32.74255572,-101.94772420000001,48115.0,1484.9151477058456,4.232804232804233,181,187,8,0,179,187,12619,2,0,0,2,0
2020-08-25,US,Texas,DeWitt,798,24,0,29.08101855,-97.35681170000001,48123.0,3958.333333333334,3.0075187969924815,774,782,24,0,758,782,20187,16,0,0,16,0
2020-08-25,US,Texas,Deaf Smith,781,19,0,34.96522957,-102.6054267,48117.0,4211.150652431791,2.4327784891165174,762,770,19,0,751,770,18760,11,0,0,11,0
2020-08-25,US,Texas,Delta,18,0,0,33.38570922,-95.66921122,48119.0,337.64772087788407,0.0,18,18,0,0,18,18,5349,0,0,0,0,0
2020-08-25,US,Texas,Denton,9406,119,0,33.20521901,-97.11691153,48121.0,1060.1809949650983,1.2651499043163938,9287,9235,118,0,9117,9095,859064,171,1,0,170,140
2020-08-25,US,Texas,Dickens,13,1,0,33.61616822,-100.7788855,48125.0,587.9692446856626,7.6923076923076925,12,10,1,0,9,10,2249,3,0,0,3,0
2020-08-25,US,Texas,Dimmit,174,5,0,28.42270064,-99.75645095,48127.0,1718.6882655077045,2.8735632183908044,169,171,5,0,166,171,10308,3,0,0,3,0
2020-08-25,US,Texas,Donley,52,1,0,34.96517499,-100.8140093,48129.0,1586.333129957291,1.9230769230769231,51,52,1,0,51,52,3319,0,0,0,0,0
2020-08-25,US,Texas,Duval,230,9,0,27.68184592,-98.50864568,48131.0,2061.4860625616207,3.9130434782608696,221,229,8,0,221,222,11212,1,1,0,0,7
2020-08-25,US,Texas,Eastland,106,2,0,32.32743996,-98.83243566,48133.0,577.3420479302832,1.8867924528301887,104,103,2,0,101,103,18322,3,0,0,3,0
2020-08-25,US,Texas,Ector,4120,66,0,31.86898877,-102.54294279999999,48135.0,2478.5980279504042,1.6019417475728157,4054,4057,66,0,3991,4007,162124,63,0,0,63,50
2020-08-25,US,Texas,Edwards,34,0,0,29.98202582,-100.304252,48137.0,1759.8343685300208,0.0,34,34,0,0,34,34,1928,0,0,0,0,0
2020-08-25,US,Texas,El Paso,19622,397,0,31.76980765,-106.23632749999999,48141.0,2338.073347489032,2.023239221282234,19225,19554,394,0,19160,19396,840758,68,3,0,65,158
2020-08-25,US,Texas,Ellis,3562,55,0,32.34894117,-96.79371841,48139.0,1927.2180320950515,1.5440763615946098,3507,3486,55,0,3431,3486,179436,76,0,0,76,0
2020-08-25,US,Texas,Erath,633,8,0,32.23602653,-98.21773417,48143.0,1482.5050353646536,1.263823064770932,625,618,7,0,611,618,42446,15,1,0,14,0
2020-08-25,US,Texas,Falls,156,3,0,31.25350609,-96.93630086,48145.0,901.8905012429901,1.9230769230769231,153,151,3,0,148,151,17335,5,0,0,5,0
2020-08-25,US,Texas,Fannin,559,10,0,33.59564294,-96.10751083,48147.0,1574.0271442248127,1.7889087656529516,549,388,10,0,378,388,35286,171,0,0,171,0
2020-08-25,US,Texas,Fayette,444,15,0,29.87788372,-96.92076062,48149.0,1751.75570109682,3.3783783783783785,429,444,15,0,429,442,25349,0,0,0,0,2
2020-08-25,US,Texas,Fisher,50,1,0,32.74281316,-100.40193020000001,48151.0,1305.4830287206266,2.0,49,48,1,0,47,48,3839,2,0,0,2,0
2020-08-25,US,Texas,Floyd,98,7,0,34.07227468,-101.3031546,48153.0,1715.686274509804,7.142857142857142,91,98,7,0,91,98,5837,0,0,0,0,0
2020-08-25,US,Texas,Foard,3,0,0,33.97308618,-99.7767797,48155.0,259.7402597402597,0.0,3,3,0,0,3,3,1200,0,0,0,0,0
2020-08-25,US,Texas,Fort Bend,14645,220,0,29.52704478,-95.77219463,48157.0,1804.2646928376416,1.5022191874359851,14425,14640,216,0,14424,14034,787858,5,4,0,1,606
2020-08-25,US,Texas,Franklin,101,4,0,33.17653242,-95.21917243,48159.0,941.7249417249416,3.96039603960396,97,101,4,0,97,101,10766,0,0,0,0,0
2020-08-25,US,Texas,Freestone,374,0,0,31.70422788,-96.15072516,48161.0,1896.8402901049853,0.0,374,372,0,0,372,211,19808,2,0,0,2,161
2020-08-25,US,Texas,Frio,622,7,0,28.86751206,-99.10804207,48163.0,3063.134049049542,1.1254019292604502,615,613,7,0,606,613,19816,9,0,0,9,0
2020-08-25,US,Texas,Gaines,236,5,0,32.74055318,-102.6353295,48165.0,1098.0830076307464,2.1186440677966103,231,228,5,0,223,228,20901,8,0,0,8,0
2020-08-25,US,Texas,Galveston,10430,135,0,29.40167322,-94.90469073,48167.0,3048.468604865274,1.2943432406519657,10295,10400,132,0,10268,10350,337890,30,3,0,27,50
2020-08-25,US,Texas,Garza,102,3,0,33.17969345,-101.2984114,48169.0,1637.5020067426553,2.9411764705882355,99,102,3,0,99,102,6578,0,0,0,0,0
2020-08-25,US,Texas,Gillespie,196,6,0,30.31824095,-98.94676915,48171.0,726.2487031273157,3.0612244897959178,190,193,6,0,187,193,26804,3,0,0,3,0
2020-08-25,US,Texas,Glasscock,6,0,0,31.86942909,-101.5207776,48173.0,425.83392476934,0.0,6,6,0,0,6,6,1388,0,0,0,0,0
2020-08-25,US,Texas,Goliad,121,6,0,28.65696592,-97.42760647,48175.0,1580.0470096630975,4.958677685950414,115,121,6,0,115,121,7584,0,0,0,0,0
2020-08-25,US,Texas,Gonzales,795,12,0,29.45634206,-97.49424032,48177.0,3815.328502183616,1.509433962264151,783,783,12,0,771,783,20826,12,0,0,12,0
2020-08-25,US,Texas,Gray,241,3,0,35.40081878,-100.8129222,48179.0,1101.1605592616284,1.2448132780082988,238,239,3,0,236,239,21895,2,0,0,2,0
2020-08-25,US,Texas,Grayson,1391,20,0,33.62744998,-96.67753461,48181.0,1021.2022435615073,1.4378145219266714,1371,1383,18,0,1365,1363,133991,8,2,0,6,20
2020-08-25,US,Texas,Gregg,1803,43,0,32.47940482,-94.81591935,48183.0,1454.6774779135908,2.384914032168608,1760,1769,43,0,1726,1769,123707,34,0,0,34,0
2020-08-25,US,Texas,Grimes,977,29,0,30.54579585,-95.98902499,48185.0,3382.9639889196674,2.968270214943705,948,979,29,0,950,979,28360,-2,0,0,-2,0
2020-08-25,US,Texas,Guadalupe,1871,67,0,29.58165339,-97.94786822,48187.0,1121.3866596342757,3.5809727418492785,1804,1858,66,0,1792,1858,163694,13,1,0,12,0
2020-08-25,US,Texas,Hale,1554,40,0,34.07044901,-101.82681140000001,48189.0,4651.858947494462,2.574002574002574,1514,1538,40,0,1498,1538,33830,16,0,0,16,0
2020-08-25,US,Texas,Hall,16,1,0,34.5307555,-100.68138520000001,48191.0,539.8110661268556,6.25,15,16,1,0,15,16,3028,0,0,0,0,0
2020-08-25,US,Texas,Hamilton,97,3,0,31.70470573,-98.11083887,48193.0,1146.436591419454,3.0927835051546397,94,96,3,0,93,96,8484,1,0,0,1,0
2020-08-25,US,Texas,Hansford,100,3,0,36.27743284,-101.3545796,48195.0,1852.1948508983146,3.0,97,99,3,0,96,99,5463,1,0,0,1,0
2020-08-25,US,Texas,Hardeman,22,0,0,34.28944521,-99.74632408,48197.0,559.3694380879734,0.0,22,22,0,0,22,22,3922,0,0,0,0,0
2020-08-25,US,Texas,Hardin,1233,19,0,30.33364686,-94.38931817,48199.0,2140.5506753237737,1.5409570154095702,1214,1217,18,0,1199,1217,57207,16,1,0,15,0
2020-08-25,US,Texas,Harris,100171,2072,0,29.85864939,-95.39339521,48201.0,2125.272498713753,2.068462928392449,98099,99290,2030,0,97260,98506,4698619,881,42,0,839,784
2020-08-25,US,Texas,Harrison,774,26,0,32.54935988,-94.36934071,48203.0,1162.9828858203234,3.3591731266149867,748,774,26,0,748,774,66726,0,0,0,0,0
2020-08-25,US,Texas,Hartley,99,0,0,35.84008013,-102.6029022,48205.0,1775.4662840746055,0.0,99,99,0,0,99,99,5619,0,0,0,0,0
2020-08-25,US,Texas,Haskell,51,1,0,33.17823584,-99.73037358,48207.0,901.3785790031814,1.96078431372549,50,50,1,0,49,50,5813,1,0,0,1,0
2020-08-25,US,Texas,Hays,5308,53,0,30.05669873,-98.02944344,48209.0,2305.911178108614,0.9984928409947248,5255,5297,53,0,5244,5250,222631,11,0,0,11,47
2020-08-25,US,Texas,Hemphill,53,0,0,35.83764858,-100.2703577,48211.0,1387.797852841058,0.0,53,47,0,0,47,47,3825,6,0,0,6,0
2020-08-25,US,Texas,Henderson,765,16,0,32.21128872,-95.85846587,48213.0,924.6165560752746,2.0915032679738563,749,755,15,0,740,755,82299,10,1,0,9,0
2020-08-25,US,Texas,Hidalgo,25951,1121,0,26.39418217,-98.18299696,48215.0,2987.313328889948,4.3196793957843616,24830,25169,1101,0,24068,24494,865939,782,20,0,762,675
2020-08-25,US,Texas,Hill,346,8,0,31.99045053,-97.13423143,48217.0,944.0912439630004,2.3121387283237,338,345,8,0,337,345,36354,1,0,0,1,0
2020-08-25,US,Texas,Hockley,246,5,0,33.60771256,-102.3431676,48219.0,1068.5895486729507,2.0325203252032518,241,242,5,0,237,242,22980,4,0,0,4,0
2020-08-25,US,Texas,Hood,725,21,0,32.42990927,-97.83242024,48221.0,1176.1270541667345,2.896551724137931,704,703,21,0,682,703,60537,22,0,0,22,0
2020-08-25,US,Texas,Hopkins,236,5,0,33.14875072,-95.56351139,48223.0,636.3930536080253,2.1186440677966103,231,234,4,0,230,234,36810,2,1,0,1,0
2020-08-25,US,Texas,Houston,526,8,0,31.31925973,-95.42226208,48225.0,2290.142807384187,1.520912547528517,518,327,8,0,319,329,23169,199,0,0,199,-2
2020-08-25,US,Texas,Howard,258,8,0,32.30621324,-101.4356444,48227.0,703.6875409120662,3.1007751937984502,250,253,8,0,245,253,36459,5,0,0,5,0
2020-08-25,US,Texas,Hudspeth,37,2,0,31.45628381,-105.388178,48229.0,757.2656569791243,5.405405405405406,35,36,2,0,34,36,4795,1,0,0,1,0
2020-08-25,US,Texas,Hunt,1385,25,0,33.12351514,-96.08551032,48231.0,1404.7507961944946,1.8050541516245489,1360,1363,25,0,1338,1363,96493,22,0,0,22,0
2020-08-25,US,Texas,Hutchinson,142,3,0,35.84006574,-101.3546643,48233.0,678.1927595758907,2.112676056338028,139,139,3,0,136,139,21198,3,0,0,3,0
2020-08-25,US,Texas,Irion,9,0,0,31.30375559,-100.982439,48235.0,585.9375,0.0,9,9,0,0,9,9,1522,0,0,0,0,0
2020-08-25,US,Texas,Jack,120,0,0,33.23377248,-98.17283469,48237.0,1343.0330162283153,0.0,120,116,0,0,116,116,8843,4,0,0,4,0
2020-08-25,US,Texas,Jackson,486,13,0,28.95472367,-96.57749563,48239.0,3292.682926829268,2.674897119341564,473,477,13,0,464,477,14874,9,0,0,9,0
2020-08-25,US,Texas,Jasper,393,17,0,30.74685667,-94.02667579,48241.0,1106.138647302204,4.325699745547073,376,393,17,0,376,393,35872,0,0,0,0,0
2020-08-25,US,Texas,Jeff Davis,8,0,0,30.71490589,-104.1399973,48243.0,351.8029903254178,0.0,8,8,0,0,8,8,2252,0,0,0,0,0
2020-08-25,US,Texas,Jefferson,6559,104,0,29.8832777,-94.16434171,48245.0,2607.278436984477,1.5856075621283732,6455,6499,103,0,6396,6499,255001,60,1,0,59,0
2020-08-25,US,Texas,Jim Hogg,73,2,0,27.04453923,-98.69681870000001,48247.0,1403.8461538461538,2.7397260273972597,71,73,2,0,71,73,5248,0,0,0,0,0
2020-08-25,US,Texas,Jim Wells,943,23,0,27.73103938,-98.0904705,48249.0,2329.430364112445,2.4390243902439024,920,942,23,0,919,930,40822,1,0,0,1,12
2020-08-25,US,Texas,Johnson,2427,42,0,32.37877812,-97.36615819,48251.0,1380.4125880887516,1.73053152039555,2385,2393,40,0,2353,2393,171361,34,2,0,32,0
2020-08-25,US,Texas,Jones,604,0,0,32.73997145,-99.87861576,48253.0,3007.518796992481,0.0,604,601,0,0,601,601,19817,3,0,0,3,0
2020-08-25,US,Texas,Karnes,730,10,0,28.90705334,-97.85960149,48255.0,4679.187231587719,1.3698630136986298,720,720,10,0,710,720,15650,10,0,0,10,0
2020-08-25,US,Texas,Kaufman,2685,33,0,32.599141700000004,-96.28734728,48257.0,1972.031670020712,1.2290502793296092,2652,2656,32,0,2624,2656,128622,29,1,0,28,0
2020-08-25,US,Texas,Kendall,198,4,0,29.94414155,-98.7113588,48259.0,417.4485041428602,2.0202020202020203,194,193,4,0,189,193,45641,5,0,0,5,0
2020-08-25,US,Texas,Kenedy,7,1,0,26.92601662,-97.66413984,48261.0,1732.6732673267327,14.285714285714285,6,7,1,0,6,7,442,0,0,0,0,0
2020-08-25,US,Texas,Kent,7,0,0,33.18104136,-100.7780939,48263.0,918.6351706036743,0.0,7,6,0,0,6,6,726,1,0,0,1,0
2020-08-25,US,Texas,Kerr,430,9,0,30.06040006,-99.34930144,48265.0,817.4904942965779,2.0930232558139537,421,426,9,0,417,426,52405,4,0,0,4,0
2020-08-25,US,Texas,Kimble,16,1,0,30.48678918,-99.74856473,48267.0,368.9186073322573,6.25,15,16,1,0,15,16,4362,0,0,0,0,0
2020-08-25,US,Texas,Kinney,22,1,0,29.34967888,-100.41866379999999,48271.0,599.9454595036815,4.545454545454546,21,22,1,0,21,22,3767,0,0,0,0,0
2020-08-25,US,Texas,Kleberg,567,21,0,27.42435506,-97.69894948,48273.0,1848.109517601043,3.703703703703704,546,563,21,0,542,551,31129,4,0,0,4,12
2020-08-25,US,Texas,Knox,64,8,0,33.60519951,-99.74229059999999,48275.0,1746.7248908296942,12.5,56,64,8,0,56,64,3653,0,0,0,0,0
2020-08-25,US,Texas,La Salle,365,2,0,28.34453111,-99.09908775,48283.0,4853.723404255319,0.547945205479452,363,367,2,0,365,367,7531,-2,0,0,-2,0
2020-08-25,US,Texas,Lamar,791,24,0,33.66981763,-95.57404777,48277.0,1586.4738562746945,3.034134007585335,767,791,21,0,770,783,49728,0,3,0,-3,8
2020-08-25,US,Texas,Lamb,267,19,0,34.06859623,-102.35162890000001,48279.0,2070.891181261149,7.116104868913858,248,263,19,0,244,263,13158,4,0,0,4,0
2020-08-25,US,Texas,Lampasas,143,5,0,31.19531316,-98.24206613,48281.0,667.3511293634498,3.4965034965034967,138,141,5,0,136,141,21229,2,0,0,2,0
2020-08-25,US,Texas,Lavaca,665,28,0,29.38508402,-96.93186692,48285.0,3299.593132876849,4.2105263157894735,637,661,28,0,633,661,20110,4,0,0,4,0
2020-08-25,US,Texas,Lee,191,13,0,30.31120597,-96.97045773,48287.0,1107.952897499855,6.806282722513089,178,188,13,0,175,188,17144,3,0,0,3,0
2020-08-25,US,Texas,Leon,167,4,0,31.29872538,-95.9936328,48289.0,959.5495288439439,2.395209580838323,163,167,4,0,163,167,17270,0,0,0,0,0
2020-08-25,US,Texas,Liberty,1602,41,0,30.15152688,-94.81205615,48291.0,1815.9353427266235,2.5593008739076155,1561,1376,39,0,1337,1339,86323,226,2,0,224,37
2020-08-25,US,Texas,Limestone,389,5,0,31.5454767,-96.58095444,48293.0,1659.768741733157,1.2853470437017995,384,381,5,0,376,381,23519,8,0,0,8,0
2020-08-25,US,Texas,Lipscomb,23,0,0,36.27783108,-100.27331509999999,48295.0,711.4135477884317,0.0,23,23,0,0,23,23,3355,0,0,0,0,0
2020-08-25,US,Texas,Live Oak,282,5,0,28.35101362,-98.1246786,48297.0,2310.1499139837797,1.7730496453900708,277,282,5,0,277,282,12166,0,0,0,0,0
2020-08-25,US,Texas,Llano,100,1,0,30.70645047,-98.68475262,48299.0,458.8208304657031,1.0,99,99,1,0,98,99,21646,1,0,0,1,0
2020-08-25,US,Texas,Lubbock,6918,87,0,33.61008596,-101.82047890000001,48303.0,2227.524318267438,1.2575888985255854,6831,6885,83,0,6802,6852,307412,33,4,0,29,33
2020-08-25,US,Texas,Lynn,76,4,0,33.17657705,-101.8162849,48305.0,1277.0962863384304,5.2631578947368425,72,76,4,0,72,76,5877,0,0,0,0,0
2020-08-25,US,Texas,Madison,779,4,0,30.96694679,-95.93003775,48313.0,5453.654438532624,0.5134788189987163,775,690,3,0,687,689,14422,89,1,0,88,1
2020-08-25,US,Texas,Marion,139,10,0,32.79868409,-94.35661230000001,48315.0,1410.5946823624924,7.1942446043165456,129,139,10,0,129,139,9928,0,0,0,0,0
2020-08-25,US,Texas,Martin,70,5,0,32.30600051,-101.9513518,48317.0,1212.9613585167215,7.142857142857142,65,70,5,0,65,70,5753,0,0,0,0,0
2020-08-25,US,Texas,Mason,67,0,0,30.71780434,-99.22629416,48319.0,1567.61815629387,0.0,67,64,0,0,64,64,4280,3,0,0,3,0
2020-08-25,US,Texas,Matagorda,887,38,0,28.81955746,-96.01230294,48321.0,2420.6533307862346,4.284103720405862,849,887,38,0,849,875,36552,0,0,0,0,12
2020-08-25,US,Texas,Maverick,3168,67,0,28.7429195,-100.3157686,48323.0,5394.911617451722,2.11489898989899,3101,3117,67,0,3050,3117,58485,51,0,0,51,0
2020-08-25,US,Texas,McCulloch,75,1,0,31.1925468,-99.34682807,48307.0,939.3787575150301,1.3333333333333333,74,74,1,0,73,74,7987,1,0,0,1,0
2020-08-25,US,Texas,McLennan,5796,76,0,31.55255453,-97.20217694,48309.0,2258.566067733601,1.311249137336094,5720,5760,75,0,5685,5713,254607,36,1,0,35,47
2020-08-25,US,Texas,McMullen,11,0,0,28.35251708,-98.56769164,48311.0,1480.4845222072681,0.0,11,11,0,0,11,11,749,0,0,0,0,0
2020-08-25,US,Texas,Medina,1073,34,0,29.355730100000002,-99.11030298,48325.0,2080.1023573200987,3.168685927306617,1039,1070,34,0,1036,1069,50921,3,0,0,3,1
2020-08-25,US,Texas,Menard,20,0,0,30.88990665,-99.82047940000001,48327.0,935.4536950420952,0.0,20,20,0,0,20,20,2139,0,0,0,0,0
2020-08-25,US,Texas,Midland,3134,65,0,31.86904128,-102.03156820000001,48329.0,1772.3036554469782,2.0740268028079134,3069,3094,64,0,3030,3082,172578,40,1,0,39,12
2020-08-25,US,Texas,Milam,402,4,0,30.78581830000001,-96.97718698,48331.0,1619.465817991379,0.9950248756218906,398,400,4,0,396,400,25131,2,0,0,2,0
2020-08-25,US,Texas,Mills,31,0,0,31.49557106,-98.59272068,48333.0,636.1584239688077,0.0,31,31,0,0,31,31,4921,0,0,0,0,0
2020-08-25,US,Texas,Mitchell,73,1,0,32.30623474,-100.9212058,48335.0,854.3007606787595,1.3698630136986298,72,72,1,0,71,72,8145,1,0,0,1,0
2020-08-25,US,Texas,Montague,110,3,0,33.67521893,-97.72500958,48337.0,555.0509637703099,2.727272727272727,107,109,3,0,106,109,19596,1,0,0,1,0
2020-08-25,US,Texas,Montgomery,8268,115,0,30.30079133,-95.50572772,48339.0,1361.2318918126873,1.3909046927914852,8153,8122,113,0,8009,7915,590925,146,2,0,144,207
2020-08-25,US,Texas,Moore,1109,18,0,35.83769242,-101.8930281,48341.0,5296.084049665712,1.623083859332732,1091,1103,17,0,1086,1103,21485,6,1,0,5,0
2020-08-25,US,Texas,Morris,142,3,0,33.11304005,-94.73255695,48343.0,1146.2705844365514,2.112676056338028,139,141,3,0,138,140,12339,1,0,0,1,1
2020-08-25,US,Texas,Motley,6,0,0,34.07408766,-100.77972199999999,48345.0,500.0,0.0,6,6,0,0,6,6,1234,0,0,0,0,0
2020-08-25,US,Texas,Nacogdoches,1292,45,0,31.62017125,-94.61803994,48347.0,1981.4735292313355,3.4829721362229105,1247,1279,45,0,1234,1270,65711,13,0,0,13,9
2020-08-25,US,Texas,Navarro,1037,13,0,32.04620681,-96.47428766,48349.0,2069.3233292758364,1.253616200578592,1024,1009,13,0,996,1009,49565,28,0,0,28,0
2020-08-25,US,Texas,Newton,162,6,0,30.78548982,-93.74408813,48351.0,1191.6145641780067,3.703703703703704,156,162,6,0,156,162,13746,0,0,0,0,0
2020-08-25,US,Texas,Nolan,147,4,0,32.30365282,-100.4060208,48353.0,999.0485252140816,2.7210884353741496,143,145,4,0,141,145,14751,2,0,0,2,0
2020-08-25,US,Texas,Nueces,18349,327,0,27.736286,-97.5433285,48355.0,5064.671233859794,1.7821134666739329,18022,18181,316,0,17865,18069,362265,168,11,0,157,112
2020-08-25,US,Texas,Ochiltree,103,3,0,36.27829105,-100.8158184,48357.0,1047.1736478243188,2.9126213592233015,100,102,3,0,99,102,9947,1,0,0,1,0
2020-08-25,US,Texas,Oldham,14,1,0,35.40425596,-102.6027606,48359.0,662.8787878787879,7.142857142857142,13,14,1,0,13,14,2131,0,0,0,0,0
2020-08-25,US,Texas,Orange,1744,34,0,30.11879481,-93.89412775,48361.0,2091.227396997458,1.9495412844036697,1710,1736,33,0,1703,1736,83572,8,1,0,7,0
2020-08-25,US,Texas,Palo Pinto,412,10,0,32.75310985,-98.31319001,48363.0,1411.4906300318617,2.4271844660194173,402,405,10,0,395,405,28875,7,0,0,7,0
2020-08-25,US,Texas,Panola,305,20,0,32.163959600000005,-94.30552481,48365.0,1314.9952573941534,6.557377049180328,285,302,20,0,282,302,23148,3,0,0,3,0
2020-08-25,US,Texas,Parker,1607,23,0,32.77757172,-97.80500621,48367.0,1124.735788574868,1.431238332296204,1584,1580,23,0,1557,1580,138371,27,0,0,27,0
2020-08-25,US,Texas,Parmer,379,7,0,34.52993409,-102.78446679999999,48369.0,3945.861530452889,1.8469656992084436,372,372,7,0,365,372,9864,7,0,0,7,0
2020-08-25,US,Texas,Pecos,284,3,0,30.78097267,-102.72412609999999,48371.0,1794.8555899639764,1.056338028169014,281,272,2,0,270,272,15673,12,1,0,11,0
2020-08-25,US,Texas,Polk,774,16,0,30.79472531,-94.82766240000001,48373.0,1507.214768367963,2.0671834625323,758,773,15,0,758,773,50031,1,1,0,0,0
2020-08-25,US,Texas,Potter,3966,51,0,35.40133773,-101.893964,48375.0,3377.76263680109,1.285930408472012,3915,3943,51,0,3892,3928,119648,23,0,0,23,15
2020-08-25,US,Texas,Presidio,49,4,0,29.99954402,-104.24080790000001,48377.0,730.9069212410501,8.16326530612245,45,49,4,0,45,49,6948,0,0,0,0,0
2020-08-25,US,Texas,Rains,58,1,0,32.87109387,-95.79232691,48379.0,463.4809013904427,1.7241379310344829,57,55,1,0,54,55,12159,3,0,0,3,0
2020-08-25,US,Texas,Randall,2077,25,0,34.96585996,-101.8971322,48381.0,1508.209101537255,1.203659123736158,2052,2042,25,0,2017,2042,136271,35,0,0,35,0
2020-08-25,US,Texas,Reagan,77,5,0,31.36607041,-101.52326590000001,48383.0,2000.5196154845414,6.493506493506493,72,77,5,0,72,77,3741,0,0,0,0,0
2020-08-25,US,Texas,Real,100,5,0,29.83321503,-99.82018052,48385.0,2896.8713789107765,5.0,95,99,5,0,94,99,3478,1,0,0,1,0
2020-08-25,US,Texas,Red River,144,14,0,33.61886692,-95.04841765,48387.0,1197.7043999001912,9.722222222222221,130,143,13,0,130,143,12175,1,1,0,0,0
2020-08-25,US,Texas,Reeves,167,5,0,31.32323325,-103.69038959999999,48389.0,1045.3179769654482,2.9940119760479043,162,161,5,0,156,161,15695,6,0,0,6,0
2020-08-25,US,Texas,Refugio,251,10,0,28.323897600000002,-97.15766311,48391.0,3612.550374208405,3.98406374501992,241,251,9,0,242,247,7032,0,1,0,-1,4
2020-08-25,US,Texas,Roberts,8,0,0,35.83809685,-100.813175,48393.0,936.768149882904,0.0,8,6,0,0,6,6,903,2,0,0,2,0
2020-08-25,US,Texas,Robertson,246,3,0,31.02539637,-96.51272246,48395.0,1440.7871617664284,1.2195121951219512,243,244,3,0,241,244,17284,2,0,0,2,0
2020-08-25,US,Texas,Rockwall,1274,21,0,32.89779518,-96.40771592,48397.0,1214.3163513320308,1.6483516483516485,1253,1266,21,0,1245,1266,100657,8,0,0,8,0
2020-08-25,US,Texas,Runnels,183,3,0,31.8314342,-99.97616148,48399.0,1782.9306313328134,1.639344262295082,180,177,3,0,174,177,10234,6,0,0,6,0
2020-08-25,US,Texas,Rusk,556,4,0,32.10773545,-94.76176432,48401.0,1021.9461088850494,0.7194244604316546,552,446,3,0,443,444,54450,110,1,0,109,2
2020-08-25,US,Texas,Sabine,72,6,0,31.34318809,-93.85440451,48403.0,682.9823562891291,8.333333333333334,66,72,6,0,66,72,10589,0,0,0,0,0
2020-08-25,US,Texas,San Augustine,186,12,0,31.39457611,-94.17000399,48405.0,2258.1036785237343,6.451612903225807,174,185,12,0,173,185,8232,1,0,0,1,0
2020-08-25,US,Texas,San Jacinto,197,8,0,30.57933681,-95.16260304,48407.0,682.6293357358188,4.060913705583757,189,193,8,0,185,193,28719,4,0,0,4,0
2020-08-25,US,Texas,San Patricio,1208,52,0,28.00880118,-97.51763891,48409.0,1810.280233777911,4.304635761589403,1156,1202,52,0,1150,1202,66893,6,0,0,6,0
2020-08-25,US,Texas,San Saba,33,0,0,31.1577796,-98.81758731,48411.0,545.0041288191577,0.0,33,33,0,0,33,33,6054,0,0,0,0,0
2020-08-25,US,Texas,Schleicher,38,1,0,30.89740592,-100.5384842,48413.0,1360.544217687075,2.631578947368421,37,36,1,0,35,36,2895,2,0,0,2,0
2020-08-25,US,Texas,Scurry,532,2,0,32.74613808,-100.91626640000001,48415.0,3185.0565766628747,0.3759398496240601,530,515,2,0,513,515,16866,17,0,0,17,0
2020-08-25,US,Texas,Shackelford,21,0,0,32.73587756,-99.35401337,48417.0,643.1852986217458,0.0,21,20,0,0,20,20,3253,1,0,0,1,0
2020-08-25,US,Texas,Shelby,428,19,0,31.79211404,-94.14550696,48419.0,1693.439898710137,4.439252336448599,409,426,19,0,407,426,25418,2,0,0,2,0
2020-08-25,US,Texas,Sherman,49,0,0,36.27751473,-101.8933156,48421.0,1621.4427531436136,0.0,49,50,0,0,50,50,3079,-1,0,0,-1,0
2020-08-25,US,Texas,Smith,3044,53,0,32.37474036,-95.27175679999999,48423.0,1307.8354120927515,1.7411300919842312,2991,2978,52,0,2926,2978,230221,66,1,0,65,0
2020-08-25,US,Texas,Somervell,114,2,0,32.22236802,-97.77403489,48425.0,1248.9044697633656,1.7543859649122806,112,113,2,0,111,113,9016,1,0,0,1,0
2020-08-25,US,Texas,Starr,2618,118,0,26.56150059,-98.73892358,48427.0,4050.562406201167,4.5072574484339185,2500,2603,117,0,2486,2569,64525,15,1,0,14,34
2020-08-25,US,Texas,Stephens,114,3,0,32.73553157,-98.83631615,48429.0,1217.1684817424727,2.631578947368421,111,111,3,0,108,111,9433,3,0,0,3,0
2020-08-25,US,Texas,Sterling,1,0,0,31.82781912,-101.05007459999999,48431.0,77.45933384972889,0.0,1,1,0,0,1,1,1311,0,0,0,0,0
2020-08-25,US,Texas,Stonewall,8,1,0,33.17906744,-100.25384009999999,48433.0,592.5925925925926,12.5,7,7,1,0,6,7,1362,1,0,0,1,0
2020-08-25,US,Texas,Sutton,76,2,0,30.49856623,-100.5382014,48435.0,2012.71186440678,2.631578947368421,74,76,2,0,74,76,3758,0,0,0,0,0
2020-08-25,US,Texas,Swisher,91,3,0,34.53028891,-101.73491740000001,48437.0,1230.2284710017575,3.2967032967032965,88,88,3,0,85,88,7462,3,0,0,3,0
2020-08-25,US,Texas,Tarrant,37924,570,0,32.77143818,-97.29101614,48439.0,1803.7445630590032,1.503006012024048,37354,37834,564,0,37270,37622,2084931,90,6,0,84,212
2020-08-25,US,Texas,Taylor,1249,33,0,32.30163422,-99.89007449,48441.0,904.8495298259847,2.6421136909527623,1216,1249,32,0,1217,1243,137640,0,1,0,-1,6
2020-08-25,US,Texas,Terrell,3,0,0,30.22429013,-102.0766732,48443.0,386.59793814432993,0.0,3,3,0,0,3,3,823,0,0,0,0,0
2020-08-25,US,Texas,Terry,191,3,0,33.17402785,-102.3354521,48445.0,1548.1883764286292,1.5706806282722514,188,188,3,0,185,188,12287,3,0,0,3,0
2020-08-25,US,Texas,Throckmorton,4,2,0,33.17751417,-99.21226795,48447.0,266.4890073284477,50.0,2,4,2,0,2,4,1515,0,0,0,0,0
2020-08-25,US,Texas,Titus,1436,20,0,33.21339719,-94.96797273,48449.0,4384.732824427481,1.3927576601671308,1416,1436,19,0,1417,1429,33033,0,1,0,-1,7
2020-08-25,US,Texas,Tom Green,3110,43,0,31.40464436,-100.46244300000001,48451.0,2609.0604026845635,1.382636655948553,3067,3094,43,0,3051,3076,118189,16,0,0,16,18
2020-08-25,US,Texas,Travis,26017,366,0,30.33432034,-97.78535620000001,48453.0,2042.2244445246845,1.4067724949071758,25651,25890,362,0,25528,25736,1248743,127,4,0,123,154
2020-08-25,US,Texas,Trinity,172,4,0,31.0879489,-95.1367187,48455.0,1173.981298204901,2.3255813953488373,168,169,4,0,165,169,14740,3,0,0,3,0
2020-08-25,US,Texas,Tyler,175,3,0,30.77031716,-94.37690895,48457.0,807.4935400516797,1.7142857142857142,172,175,3,0,172,175,21696,0,0,0,0,0
2020-08-25,US,Texas,Upshur,316,5,0,32.73706798,-94.93999853,48459.0,756.8318444183653,1.5822784810126582,311,312,5,0,307,313,41260,4,0,0,4,-1
2020-08-25,US,Texas,Upton,18,1,0,31.36868194,-102.0423217,48461.0,492.2067268252666,5.5555555555555545,17,18,1,0,17,18,3671,0,0,0,0,0
2020-08-25,US,Texas,Uvalde,660,16,0,29.35739637,-99.76229172,48463.0,2468.1201151789387,2.4242424242424243,644,654,16,0,638,654,26846,6,0,0,6,0
2020-08-25,US,Texas,Val Verde,1881,86,0,29.89149232,-101.1525205,48465.0,3836.817950025497,4.57203615098352,1795,1869,83,0,1786,1869,49208,12,3,0,9,0
2020-08-25,US,Texas,Van Zandt,499,12,0,32.56483801,-95.83766469,48467.0,881.781233433469,2.404809619238477,487,488,12,0,476,488,56019,11,0,0,11,0
2020-08-25,US,Texas,Victoria,3749,71,0,28.79780988,-96.96813006,48469.0,4071.282741844403,1.893838356895172,3678,3712,71,0,3641,3712,92035,37,0,0,37,0
2020-08-25,US,Texas,Walker,3344,46,0,30.73872995,-95.57440968,48471.0,4582.642419591344,1.375598086124402,3298,3340,46,0,3294,3320,72480,4,0,0,4,20
2020-08-25,US,Texas,Waller,635,5,0,30.01058447,-95.99011759,48473.0,1149.4044817724362,0.7874015748031497,630,635,5,0,630,625,53126,0,0,0,0,10
2020-08-25,US,Texas,Ward,103,1,0,31.50999644,-103.09279090000001,48475.0,858.4764127354559,0.9708737864077671,102,102,1,0,101,102,11720,1,0,0,1,0
2020-08-25,US,Texas,Washington,561,44,0,30.21498498,-96.40946246,48477.0,1563.4580012262415,7.84313725490196,517,560,43,0,517,559,35108,1,1,0,0,1
2020-08-25,US,Texas,Webb,10345,229,0,27.7610369,-99.33237355,48479.0,3739.354857365933,2.2136297728371197,10116,10164,227,0,9937,10130,275910,181,2,0,179,34
2020-08-25,US,Texas,Wharton,1156,40,0,29.27765923,-96.22319248,48481.0,2781.7884300702667,3.460207612456748,1116,1152,39,0,1113,1112,41619,4,1,0,3,40
2020-08-25,US,Texas,Wheeler,41,0,0,35.40114335,-100.26995140000001,48483.0,810.9177215189874,0.0,41,40,0,0,40,40,5191,1,0,0,1,0
2020-08-25,US,Texas,Wichita,1227,14,0,33.98842886,-98.70410340000001,48485.0,927.9286092414733,1.1409942950285248,1213,1205,14,0,1191,1205,132064,22,0,0,22,0
2020-08-25,US,Texas,Wilbarger,95,2,0,34.07945812,-99.24178437,48487.0,743.9893492051062,2.1052631578947367,93,95,2,0,93,95,12820,0,0,0,0,0
2020-08-25,US,Texas,Willacy,818,41,0,26.47411727,-97.61535848,48489.0,3829.946624215751,5.012224938875304,777,817,40,0,777,810,21515,1,1,0,0,7
2020-08-25,US,Texas,Williamson,7789,115,0,30.64655664,-97.60048540000001,48491.0,1318.9377378075728,1.4764411349338808,7674,7747,113,0,7634,7687,566719,42,2,0,40,60
2020-08-25,US,Texas,Wilson,530,24,0,29.1732598,-98.08693082,48493.0,1037.7912668885842,4.528301886792453,506,524,24,0,500,524,50224,6,0,0,6,0
2020-08-25,US,Texas,Winkler,88,1,0,31.85008651,-103.04851629999999,48495.0,1098.6267166042446,1.1363636363636365,87,88,1,0,87,88,7720,0,0,0,0,0
2020-08-25,US,Texas,Wise,620,11,0,33.21570665,-97.65460265,48497.0,885.9167809785092,1.7741935483870968,609,604,11,0,593,604,68305,16,0,0,16,0
2020-08-25,US,Texas,Wood,386,13,0,32.78722382,-95.38236368,48499.0,847.6251125408992,3.3678756476683938,373,378,13,0,365,378,45129,8,0,0,8,0
2020-08-25,US,Texas,Yoakum,142,4,0,33.17320212,-102.82764329999999,48501.0,1629.7486514403765,2.8169014084507036,138,139,4,0,135,139,8591,3,0,0,3,0
2020-08-25,US,Texas,Young,211,6,0,33.17659707,-98.68790885,48503.0,1171.5713492504165,2.8436018957345968,205,209,6,0,203,209,18045,2,0,0,2,0
2020-08-25,US,Texas,Zapata,247,3,0,27.00156391,-99.16987152,48505.0,1742.0128358840539,1.214574898785425,244,242,3,0,239,238,14190,5,0,0,5,4
2020-08-25,US,Texas,Zavala,257,8,0,28.86617238,-99.76050829,48507.0,2170.608108108108,3.1128404669260696,249,253,8,0,245,253,11983,4,0,0,4,0
2020-08-25,US,Utah,Bear River,2500,9,0,41.52106798,-113.08328159999999,0.0,1338.2008157672176,0.36,2491,2491,9,0,2482,2482,,9,0,0,9,9
2020-08-25,US,Utah,Central Utah,490,3,0,39.37231946,-111.5758676,0.0,597.8963808966005,0.6122448979591837,487,486,2,0,484,484,,4,1,0,3,2
2020-08-25,US,Utah,Davis,3670,22,0,40.99001837,-112.1139997,49011.0,1032.4039822100196,0.5994550408719346,3648,3625,22,0,3603,3613,351713,45,0,0,45,12
2020-08-25,US,Utah,Salt Lake,23029,226,0,40.66616532,-111.92160109999999,49035.0,1984.511007491144,0.9813713144296322,22803,22883,224,0,22659,22760,1152633,146,2,0,144,123
2020-08-25,US,Utah,San Juan,662,28,0,37.62762978,-109.80337140000002,49037.0,4324.536190227333,4.229607250755286,634,662,28,0,634,661,15449,0,0,0,0,1
2020-08-25,US,Utah,Southeast Utah,134,1,0,38.99617072,-110.70139579999999,0.0,333.0930423326456,0.746268656716418,133,133,1,0,132,128,,1,0,0,1,5
2020-08-25,US,Utah,Southwest Utah,3485,27,0,37.85447192,-111.4418764,0.0,1382.7060569270202,0.7747489239598279,3458,3463,26,0,3437,3454,,22,1,0,21,9
2020-08-25,US,Utah,Summit,821,1,0,40.86688146,-110.9535882,49043.0,1948.0365405148887,0.1218026796589525,820,815,1,0,814,810,41933,6,0,0,6,5
2020-08-25,US,Utah,Tooele,648,0,0,40.44862644,-113.12957150000001,49045.0,896.7741042638287,0.0,648,644,0,0,644,641,69907,4,0,0,4,3
2020-08-25,US,Utah,TriCounty,201,1,0,40.12491499,-109.5174415,0.0,354.98569460633684,0.4975124378109453,200,198,1,0,197,197,,3,0,0,3,1
2020-08-25,US,Utah,Utah,10316,45,0,40.116672200000004,-111.66576620000001,49049.0,1621.4134714374404,0.4362155874369911,10271,10187,43,0,10144,10120,622213,129,2,0,127,67
2020-08-25,US,Utah,Wasatch,621,5,0,40.33110236,-111.1691419,49051.0,1821.5951424129528,0.8051529790660226,616,615,5,0,610,615,33240,6,0,0,6,0
2020-08-25,US,Utah,Weber-Morgan,3190,29,0,41.27116049,-111.9145117,0.0,1171.3428582968895,0.9090909090909092,3161,3162,28,0,3134,3150,,28,1,0,27,12
2020-08-25,US,Vermont,Addison,77,2,0,44.03217337,-73.14130877,50001.0,209.36998667645543,2.5974025974025974,75,77,2,0,75,77,36973,0,0,0,0,0
2020-08-25,US,Vermont,Bennington,96,1,0,43.03519828,-73.09048868,50003.0,270.6512545813364,1.0416666666666667,95,96,1,0,95,96,35631,0,0,0,0,0
2020-08-25,US,Vermont,Caledonia,30,0,0,44.46548598,-72.10314651,50005.0,100.02333877904844,0.0,30,30,0,0,30,30,30302,0,0,0,0,0
2020-08-25,US,Vermont,Chittenden,779,39,0,44.46322849,-73.08359212,50007.0,475.6554764492532,5.006418485237483,740,775,39,0,736,773,164572,4,0,0,4,2
2020-08-25,US,Vermont,Essex,6,0,0,44.72736416,-71.73579864,50009.0,97.35518416355671,0.0,6,6,0,0,6,6,6250,0,0,0,0,0
2020-08-25,US,Vermont,Franklin,123,7,0,44.85627605,-72.91249563,50011.0,248.97777417918306,5.691056910569106,116,123,7,0,116,122,49421,0,0,0,0,1
2020-08-25,US,Vermont,Grand Isle,13,0,0,44.797582399999996,-73.29679772,50013.0,179.68210089841045,0.0,13,13,0,0,13,13,7090,0,0,0,0,0
2020-08-25,US,Vermont,Lamoille,45,1,0,44.60353043,-72.64356694,50015.0,177.43080198722495,2.2222222222222223,44,45,1,0,44,45,25300,0,0,0,0,0
2020-08-25,US,Vermont,Orange,20,0,0,44.00470222,-72.37640104,50017.0,69.22331441229406,0.0,20,20,0,0,20,20,28999,0,0,0,0,0
2020-08-25,US,Vermont,Orleans,15,0,0,44.82964024,-72.24562697,50019.0,55.479528054148034,0.0,15,15,0,0,15,15,26907,0,0,0,0,0
2020-08-25,US,Vermont,Rutland,105,1,0,43.57723578,-73.03741676,50021.0,180.44027426921693,0.9523809523809524,104,105,1,0,104,103,58672,0,0,0,0,2
2020-08-25,US,Vermont,Unassigned,8,0,0,0.0,0.0,90050.0,0.0,0.0,8,8,0,0,8,8,,0,0,0,0,0
2020-08-25,US,Vermont,Washington,61,2,0,44.27343241,-72.61604978,50023.0,104.43596021161123,3.278688524590164,59,61,2,0,59,60,58140,0,0,0,0,1
2020-08-25,US,Vermont,Windham,119,3,0,42.986982,-72.71268875,50025.0,281.8435886504666,2.5210084033613445,116,117,3,0,114,114,42756,2,0,0,2,3
2020-08-25,US,Vermont,Windsor,75,2,0,43.58010937,-72.58595157,50027.0,136.21009044350006,2.6666666666666665,73,75,2,0,73,75,55286,0,0,0,0,0
2020-08-25,US,Virginia,Accomack,1135,18,0,37.76707161,-75.63234615,51001.0,3512.1921029830432,1.5859030837004404,1117,1135,18,0,1117,1135,32412,0,0,0,0,0
2020-08-25,US,Virginia,Albemarle,975,16,0,38.02080697,-78.55481085,51003.0,891.7954815695599,1.641025641025641,959,963,16,0,947,961,108718,12,0,0,12,2
2020-08-25,US,Virginia,Alexandria,3309,61,0,38.814003,-77.08183073,51510.0,2075.545073638257,1.843457237836204,3248,3270,61,0,3209,3257,160530,39,0,0,39,13
2020-08-25,US,Virginia,Alleghany,61,4,0,37.78636074,-80.00222498,51005.0,410.4979811574697,6.557377049180328,57,61,4,0,57,61,14910,0,0,0,0,0
2020-08-25,US,Virginia,Amelia,93,2,0,37.34081025,-77.98584649,51007.0,707.493343476607,2.150537634408602,91,92,2,0,90,92,13013,1,0,0,1,0
2020-08-25,US,Virginia,Amherst,270,1,0,37.60308293,-79.14548696,51009.0,854.2952064546747,0.3703703703703704,269,262,1,0,261,259,31666,8,0,0,8,3
2020-08-25,US,Virginia,Appomattox,142,1,0,37.37569884,-78.81340003,51011.0,892.4643328514862,0.7042253521126759,141,136,1,0,135,135,15841,6,0,0,6,1
2020-08-25,US,Virginia,Arlington,3415,138,0,38.8767675,-77.10139853,51013.0,1441.8895297286801,4.04099560761347,3277,3400,137,0,3263,3383,237521,15,1,0,14,17
2020-08-25,US,Virginia,Augusta,347,4,0,38.16404586,-79.12461614,51015.0,459.24984779904185,1.1527377521613833,343,346,4,0,342,345,75457,1,0,0,1,1
2020-08-25,US,Virginia,Bath,4,0,0,38.05852573,-79.73912095,51017.0,96.45526886906195,0.0,4,4,0,0,4,4,4292,0,0,0,0,0
2020-08-25,US,Virginia,Bedford,502,8,0,37.3080028,-79.5281964,51019.0,635.4671696393534,1.593625498007968,494,487,8,0,479,485,78747,15,0,0,15,2
2020-08-25,US,Virginia,Bland,42,0,0,37.13128068,-81.13599391,51021.0,668.7898089171973,0.0,42,38,0,0,38,38,6293,4,0,0,4,0
2020-08-25,US,Virginia,Botetourt,231,8,0,37.55531756,-79.80982182,51023.0,691.2235554624617,3.463203463203463,223,230,8,0,222,226,33277,1,0,0,1,4
2020-08-25,US,Virginia,Bristol,108,2,0,36.616302399999995,-82.16359122,51520.0,644.3145209402219,1.851851851851852,106,105,2,0,103,105,16482,3,0,0,3,0
2020-08-25,US,Virginia,Brunswick,273,2,0,36.76366949,-77.8593436,51025.0,1681.9666071098513,0.7326007326007326,271,269,2,0,267,264,16384,4,0,0,4,5
2020-08-25,US,Virginia,Buchanan,97,1,0,37.26818323,-82.03749726,51027.0,461.8167968006094,1.0309278350515465,96,93,1,0,92,93,21221,4,0,0,4,0
2020-08-25,US,Virginia,Buckingham,637,8,0,37.57242268,-78.52518834,51029.0,3714.718917658036,1.2558869701726845,629,634,8,0,626,634,16999,3,0,0,3,0
2020-08-25,US,Virginia,Buena Vista,70,1,0,37.73484642,-79.35296097,51530.0,1080.580426057425,1.4285714285714286,69,70,1,0,69,70,6237,0,0,0,0,0
2020-08-25,US,Virginia,Campbell,300,3,0,37.20553386,-79.09678609,51031.0,546.5974309920744,1.0,297,298,3,0,295,296,54973,2,0,0,2,2
2020-08-25,US,Virginia,Caroline,251,5,0,38.02679129,-77.34901405,51033.0,816.9243287225388,1.99203187250996,246,252,5,0,247,247,30772,-1,0,0,-1,5
2020-08-25,US,Virginia,Carroll,382,19,0,36.73066666,-80.73455942,51035.0,1282.2664563123092,4.973821989528796,363,378,16,0,362,374,29636,4,3,0,1,4
2020-08-25,US,Virginia,Charles City,66,5,0,37.35358063,-77.05634116,51036.0,947.8672985781993,7.575757575757576,61,66,5,0,61,65,6941,0,0,0,0,1
2020-08-25,US,Virginia,Charlotte,65,0,0,37.01909701,-78.66314092,51037.0,547.1380471380471,0.0,65,59,0,0,59,59,11938,6,0,0,6,0
2020-08-25,US,Virginia,Charlottesville,592,17,0,38.03527919,-78.48569588,51540.0,1252.4859306901367,2.871621621621621,575,589,16,0,573,588,48117,3,1,0,2,1
2020-08-25,US,Virginia,Chesapeake,3582,43,0,36.67670048,-76.30545744,51550.0,1463.0261196315887,1.2004466778336125,3539,3564,43,0,3521,3523,242634,18,0,0,18,41
2020-08-25,US,Virginia,Chesterfield,4888,77,0,37.37373208,-77.58680140000001,51041.0,1385.479674151507,1.5752864157119475,4811,4867,76,0,4791,4853,348556,21,1,0,20,14
2020-08-25,US,Virginia,Clarke,76,0,0,39.11271747,-77.99199425,51043.0,519.871400232574,0.0,76,76,0,0,76,76,14523,0,0,0,0,0
2020-08-25,US,Virginia,Colonial Heights,218,22,0,37.26420587,-77.39609676,51570.0,1255.0374208405294,10.091743119266058,196,214,22,0,192,215,17833,4,0,0,4,-1
2020-08-25,US,Virginia,Covington,19,0,0,37.7824656,-79.98631446,51580.0,343.08414590104735,0.0,19,19,0,0,19,19,5460,0,0,0,0,0
2020-08-25,US,Virginia,Craig,22,0,0,37.48133648,-80.21072274,51045.0,428.76632235431686,0.0,22,22,0,0,22,22,5064,0,0,0,0,0
2020-08-25,US,Virginia,Culpeper,1084,13,0,38.48199985,-77.95630870000002,51047.0,2060.6406235148747,1.1992619926199262,1071,1073,13,0,1060,1070,51859,11,0,0,11,3
2020-08-25,US,Virginia,Cumberland,95,0,0,37.51328851,-78.24398086,51049.0,956.5042287555376,0.0,95,92,0,0,92,92,9809,3,0,0,3,0
2020-08-25,US,Virginia,Danville,550,12,0,36.58022376,-79.40395668,51590.0,1373.489161921886,2.1818181818181817,538,544,12,0,532,542,40693,6,0,0,6,2
2020-08-25,US,Virginia,Dickenson,56,1,0,37.12560977,-82.35124171,51051.0,391.1160776644783,1.7857142857142858,55,55,1,0,54,55,14523,1,0,0,1,0
2020-08-25,US,Virginia,Dinwiddie,266,8,0,37.07544585,-77.63451754,51053.0,931.8946188340808,3.0075187969924815,258,264,8,0,256,262,28529,2,0,0,2,2
2020-08-25,US,Virginia,Emporia,215,15,0,36.69455571,-77.53406129,51595.0,4021.6984661429105,6.9767441860465125,200,214,15,0,199,212,5121,1,0,0,1,2
2020-08-25,US,Virginia,Essex,113,2,0,37.93357639,-76.94230311,51057.0,1031.6808180407197,1.7699115044247788,111,113,2,0,111,112,10919,0,0,0,0,1
2020-08-25,US,Virginia,Fairfax,17784,547,0,38.83677558,-77.27565836,51059.0,1549.7607038409387,3.0757984705353127,17237,17729,543,0,17186,17647,1150795,55,4,0,51,82
2020-08-25,US,Virginia,Fairfax,17784,547,0,38.83677558,-77.27565836,51059.0,1549.7607038409387,3.0757984705353127,17237,17729,543,0,17186,17647,24574,55,4,0,51,82
2020-08-25,US,Virginia,Fairfax City,106,7,0,38.85157547,-77.29779640000002,51600.0,441.31729047837126,6.60377358490566,99,106,7,0,99,106,24574,0,0,0,0,0
2020-08-25,US,Virginia,Falls Church,66,7,0,38.88485255,-77.17560759,51610.0,451.5290415269892,10.606060606060606,59,64,7,0,57,64,14772,2,0,0,2,0
2020-08-25,US,Virginia,Fauquier,723,9,0,38.73564842,-77.80647472,51061.0,1015.1357726545167,1.2448132780082988,714,720,9,0,711,717,70675,3,0,0,3,3
2020-08-25,US,Virginia,Floyd,125,2,0,36.9302126,-80.36738849,51063.0,793.7011873769763,1.6,123,124,2,0,122,121,15795,1,0,0,1,3
2020-08-25,US,Virginia,Fluvanna,218,9,0,37.84157909,-78.27715475,51065.0,799.4132746607994,4.128440366972477,209,210,9,0,201,209,26783,8,0,0,8,1
2020-08-25,US,Virginia,Franklin,194,1,0,36.99536167,-79.88023649,51067.0,346.1689447200313,0.5154639175257731,193,194,1,0,193,194,56195,0,0,0,0,0
2020-08-25,US,Virginia,Franklin,194,1,0,36.99536167,-79.88023649,51067.0,346.1689447200313,0.5154639175257731,193,194,1,0,193,194,8013,0,0,0,0,0
2020-08-25,US,Virginia,Franklin City,269,6,0,36.6831435,-76.93859681,51620.0,3376.427764528681,2.2304832713754648,263,264,6,0,258,260,8013,5,0,0,5,4
2020-08-25,US,Virginia,Frederick,753,10,0,39.20172582,-78.25974949,51069.0,843.1023479224748,1.3280212483399734,743,744,10,0,734,738,88355,9,0,0,9,6
2020-08-25,US,Virginia,Fredericksburg,455,4,0,38.2977863,-77.4922454,51630.0,1567.0202507232405,0.8791208791208791,451,453,4,0,449,451,29144,2,0,0,2,2
2020-08-25,US,Virginia,Galax,394,28,0,36.66601852,-80.91703124,51640.0,6207.6571608633985,7.1065989847715745,366,394,28,0,366,390,6423,0,0,0,0,4
2020-08-25,US,Virginia,Giles,36,0,0,37.31234791,-80.70636931,51071.0,215.31100478468898,0.0,36,35,0,0,35,35,16844,1,0,0,1,0
2020-08-25,US,Virginia,Gloucester,188,2,0,37.40809042,-76.53524337,51073.0,503.37367462782476,1.0638297872340423,186,188,2,0,186,186,37349,0,0,0,0,2
2020-08-25,US,Virginia,Goochland,182,7,0,37.71714806,-77.90381514,51075.0,766.2190039152948,3.8461538461538463,175,180,7,0,173,179,23244,2,0,0,2,1
2020-08-25,US,Virginia,Grayson,175,6,0,36.65677234,-81.23215889,51077.0,1125.40192926045,3.4285714285714284,169,174,5,0,169,172,15631,1,1,0,0,2
2020-08-25,US,Virginia,Greene,195,2,0,38.29545894,-78.46525378,51079.0,983.9043342247336,1.0256410256410255,193,192,2,0,190,191,19779,3,0,0,3,1
2020-08-25,US,Virginia,Greensville,658,11,0,36.67878901,-77.56351439,51081.0,5804.516584333098,1.6717325227963526,647,657,11,0,646,657,11627,1,0,0,1,0
2020-08-25,US,Virginia,Halifax,191,2,0,36.76654925,-78.93512622,51083.0,563.2390669694198,1.0471204188481675,189,186,2,0,184,186,34120,5,0,0,5,0
2020-08-25,US,Virginia,Hampton,1474,15,0,37.03513786,-76.35879121,51650.0,1095.8293063712736,1.01763907734057,1459,1463,11,0,1452,1454,134313,11,4,0,7,9
2020-08-25,US,Virginia,Hanover,745,34,0,37.7583355,-77.49464673,51085.0,691.3126589091179,4.5637583892617455,711,743,34,0,709,741,107239,2,0,0,2,2
2020-08-25,US,Virginia,Harrisonburg,1155,32,0,38.43542574,-78.87536254,51660.0,2178.5875961973748,2.7705627705627704,1123,1143,31,0,1112,1130,54033,12,1,0,11,13
2020-08-25,US,Virginia,Henrico,4403,189,0,37.53460572,-77.39326555,51087.0,1330.9432981276716,4.292527821939586,4214,4359,189,0,4170,4319,329261,44,0,0,44,40
2020-08-25,US,Virginia,Henry,763,14,0,36.68542395,-79.87634026,51089.0,1509.1876495836386,1.834862385321101,749,750,14,0,736,747,50953,13,0,0,13,3
2020-08-25,US,Virginia,Highland,6,0,0,38.35799465,-79.56124594,51091.0,273.97260273972597,0.0,6,6,0,0,6,6,2210,0,0,0,0,0
2020-08-25,US,Virginia,Hopewell,324,4,0,37.29186313,-77.29754684,51670.0,1438.1463890984949,1.2345679012345678,320,318,4,0,314,316,22596,6,0,0,6,2
2020-08-25,US,Virginia,Isle of Wight,489,10,0,36.90579348,-76.70842863,51093.0,1317.7396318952276,2.044989775051125,479,485,10,0,475,478,36953,4,0,0,4,7
2020-08-25,US,Virginia,James City,716,18,0,37.31156958,-76.76950618,51095.0,935.666400951348,2.5139664804469275,698,712,17,0,695,701,76397,4,1,0,3,11
2020-08-25,US,Virginia,King George,194,4,0,38.26818502,-77.15852768,51099.0,722.9095245193024,2.061855670103093,190,193,4,0,189,186,26575,1,0,0,1,7
2020-08-25,US,Virginia,King William,109,2,0,37.70965316,-77.09384941,51101.0,635.6426405411711,1.834862385321101,107,106,2,0,104,106,16939,3,0,0,3,0
2020-08-25,US,Virginia,King and Queen,47,1,0,37.71044922,-76.88689628,51097.0,669.0391459074732,2.127659574468085,46,47,1,0,46,46,7042,0,0,0,0,1
2020-08-25,US,Virginia,Lancaster,61,0,0,37.71889653,-76.46400482,51103.0,575.3088748467414,0.0,61,60,0,0,60,57,10783,1,0,0,1,3
2020-08-25,US,Virginia,Lee,169,3,0,36.70586667,-83.12606515,51105.0,721.5130427357725,1.7751479289940828,166,161,2,0,159,158,23541,8,1,0,7,3
2020-08-25,US,Virginia,Lexington,42,0,0,37.78258621,-79.44262866,51678.0,564.0612409347301,0.0,42,42,0,0,42,41,7136,0,0,0,0,1
2020-08-25,US,Virginia,Loudoun,5769,115,0,39.08990083,-77.63481877,51107.0,1395.0350391016061,1.993413069856128,5654,5735,115,0,5620,5712,406850,34,0,0,34,23
2020-08-25,US,Virginia,Louisa,233,2,0,37.97850256,-77.96274807,51109.0,619.8292144396264,0.8583690987124464,231,233,2,0,231,231,36778,0,0,0,0,2
2020-08-25,US,Virginia,Lunenburg,89,2,0,36.94618528,-78.24133319,51111.0,729.7474581830107,2.247191011235955,87,81,1,0,80,81,12086,8,1,0,7,0
2020-08-25,US,Virginia,Lynchburg,867,5,0,37.40021399,-79.19888138,51680.0,1055.1552915977022,0.5767012687427913,862,839,5,0,834,832,82126,28,0,0,28,7
2020-08-25,US,Virginia,Madison,86,2,0,38.41531222,-78.28220331,51113.0,648.5182112962823,2.3255813953488373,84,85,2,0,83,85,13295,1,0,0,1,0
2020-08-25,US,Virginia,Manassas,1769,23,0,38.7464321,-77.48509905,51683.0,4305.707679201655,1.3001695873374788,1746,1758,23,0,1735,1754,41641,11,0,0,11,4
2020-08-25,US,Virginia,Manassas Park,554,7,0,38.77058531,-77.44399307,51685.0,3169.699050234581,1.263537906137184,547,552,7,0,545,552,17307,2,0,0,2,0
2020-08-25,US,Virginia,Martinsville,289,4,0,36.68212094,-79.86352771,51690.0,2302.0551218735063,1.3840830449826989,285,280,3,0,277,278,12902,9,1,0,8,2
2020-08-25,US,Virginia,Mathews,23,0,0,37.44164146,-76.34098896,51115.0,260.3577088521621,0.0,23,23,0,0,23,23,8802,0,0,0,0,0
2020-08-25,US,Virginia,Mecklenburg,484,33,0,36.67882005,-78.36131056,51117.0,1582.3715957759832,6.8181818181818175,451,482,33,0,449,481,30650,2,0,0,2,1
2020-08-25,US,Virginia,Middlesex,54,1,0,37.63191998,-76.55064617,51119.0,510.3005103005103,1.851851851851852,53,54,1,0,53,54,10769,0,0,0,0,0
2020-08-25,US,Virginia,Montgomery,392,3,0,37.17746986,-80.37868691,51121.0,397.82818287918,0.7653061224489796,389,387,3,0,384,374,98985,5,0,0,5,13
2020-08-25,US,Virginia,Nelson,81,0,0,37.78790447,-78.88498513,51125.0,542.5318151373075,0.0,81,82,0,0,82,81,14836,-1,0,0,-1,1
2020-08-25,US,Virginia,New Kent,143,1,0,37.50694406,-76.99828634,51127.0,619.2889004373999,0.6993006993006993,142,142,1,0,141,140,22391,1,0,0,1,2
2020-08-25,US,Virginia,Newport News,2155,21,0,37.08166899,-76.51754109,51700.0,1202.3992188589764,0.9744779582366591,2134,2145,20,0,2125,2130,178626,10,1,0,9,15
2020-08-25,US,Virginia,Norfolk,4245,44,0,36.89934014,-76.26420872,51710.0,1748.770299330153,1.0365135453474676,4201,4164,43,0,4121,4164,244076,81,1,0,80,0
2020-08-25,US,Virginia,Northampton,303,29,0,37.34062933,-75.87751591,51131.0,2587.532023911187,9.570957095709572,274,303,29,0,274,303,11735,0,0,0,0,0
2020-08-25,US,Virginia,Northumberland,85,3,0,37.89202088,-76.41949732,51133.0,702.7697395618027,3.5294117647058822,82,85,3,0,82,83,12147,0,0,0,0,2
2020-08-25,US,Virginia,Norton,24,0,0,36.93357076,-82.62750411,51720.0,602.8636021100226,0.0,24,22,0,0,22,22,3968,2,0,0,2,0
2020-08-25,US,Virginia,Nottoway,186,14,0,37.1435975,-78.05065922,51135.0,1221.1134453781513,7.526881720430107,172,184,14,0,170,184,15420,2,0,0,2,0
2020-08-25,US,Virginia,Orange,249,3,0,38.24530219,-78.01560400000002,51137.0,672.0466384173168,1.2048192771084338,246,244,3,0,241,244,36644,5,0,0,5,0
2020-08-25,US,Virginia,Page,358,25,0,38.61807452,-78.48797204,51139.0,1497.782612333696,6.983240223463688,333,358,25,0,333,358,23933,0,0,0,0,0
2020-08-25,US,Virginia,Patrick,205,10,0,36.680163799999995,-80.2865648,51141.0,1164.24352567015,4.878048780487805,195,199,10,0,189,200,17673,6,0,0,6,-1
2020-08-25,US,Virginia,Petersburg,588,20,0,37.20530399,-77.39368102,51730.0,1875.8374274229568,3.4013605442176873,568,587,20,0,567,582,31567,1,0,0,1,5
2020-08-25,US,Virginia,Pittsylvania,663,4,0,36.81980341,-79.39731264,51143.0,1098.5187394373197,0.6033182503770739,659,644,4,0,640,641,60949,19,0,0,19,3
2020-08-25,US,Virginia,Poquoson,58,0,0,37.14259351,-76.35798148,51735.0,472.6591149865537,0.0,58,57,0,0,57,56,12190,1,0,0,1,1
2020-08-25,US,Virginia,Portsmouth,2135,31,0,36.85914825,-76.35971629,51740.0,2261.700459755504,1.4519906323185012,2104,2086,31,0,2055,2086,94632,49,0,0,49,0
2020-08-25,US,Virginia,Powhatan,180,4,0,37.55016038,-77.91267882,51145.0,607.0416835289358,2.2222222222222223,176,179,4,0,175,178,29189,1,0,0,1,1
2020-08-25,US,Virginia,Prince Edward,470,11,0,37.22554789,-78.43597949,51147.0,2061.2226997631788,2.3404255319148937,459,466,11,0,455,466,22950,4,0,0,4,0
2020-08-25,US,Virginia,Prince George,492,2,0,37.18497668,-77.22922187,51149.0,1282.8201183740516,0.4065040650406504,490,491,2,0,489,489,38082,1,0,0,1,2
2020-08-25,US,Virginia,Prince William,10470,183,0,38.70916224,-77.48713689,51153.0,2226.0729054822627,1.7478510028653296,10287,10392,183,0,10209,10341,468011,78,0,0,78,51
2020-08-25,US,Virginia,Pulaski,116,3,0,37.06474963,-80.71229738,51155.0,340.90575131513214,2.586206896551724,113,109,3,0,106,108,34066,7,0,0,7,1
2020-08-25,US,Virginia,Radford,188,0,0,37.12222899,-80.56027320000003,51750.0,1030.1934352567264,0.0,188,166,0,0,166,133,18339,22,0,0,22,33
2020-08-25,US,Virginia,Rappahannock,49,2,0,38.68295619,-78.15826963,51157.0,664.8575305291723,4.081632653061225,47,49,2,0,47,49,7252,0,0,0,0,0
2020-08-25,US,Virginia,Richmond,325,4,0,37.937575,-76.72920628,51159.0,3601.9062396098852,1.2307692307692308,321,328,4,0,324,323,9038,-3,0,0,-3,5
2020-08-25,US,Virginia,Richmond City,3662,43,0,37.53255773,-77.47966921,51760.0,1589.1614157510114,1.1742217367558712,3619,3615,43,0,3572,3588,228783,47,0,0,47,27
2020-08-25,US,Virginia,Roanoke,559,4,0,37.26865804,-80.06396753,51161.0,593.506465929119,0.7155635062611807,555,557,4,0,553,552,94073,2,0,0,2,5
2020-08-25,US,Virginia,Roanoke City,1129,15,0,37.27791025,-79.96189766,51770.0,1138.7591660530748,1.3286093888396808,1114,1129,15,0,1114,1123,99920,0,0,0,0,6
2020-08-25,US,Virginia,Rockbridge,81,1,0,37.81204314,-79.44605905,51163.0,358.8357772560138,1.2345679012345678,80,81,1,0,80,80,22752,0,0,0,0,1
2020-08-25,US,Virginia,Rockingham,1009,20,0,38.51006137,-78.87260325,51165.0,1231.2686093620346,1.9821605550049557,989,1000,20,0,980,999,81244,9,0,0,9,1
2020-08-25,US,Virginia,Russell,171,4,0,36.93028320000001,-82.10095486,51167.0,643.1956668923492,2.3391812865497075,167,168,4,0,164,168,26748,3,0,0,3,0
2020-08-25,US,Virginia,Salem,194,3,0,37.2836193,-80.06219455,51775.0,766.7681119323347,1.5463917525773196,191,190,3,0,187,186,25643,4,0,0,4,4
2020-08-25,US,Virginia,Scott,144,3,0,36.71466456,-82.60171704,51169.0,667.7177037930078,2.083333333333333,141,143,3,0,140,140,21534,1,0,0,1,3
2020-08-25,US,Virginia,Shenandoah,762,48,0,38.85905135,-78.56813762,51171.0,1747.0652971386646,6.299212598425197,714,759,47,0,712,758,43497,3,1,0,2,1
2020-08-25,US,Virginia,Smyth,230,3,0,36.84455636,-81.53344948,51173.0,764.0180706882808,1.3043478260869563,227,222,3,0,219,219,30472,8,0,0,8,3
2020-08-25,US,Virginia,Southampton,333,13,0,36.72231125,-77.10642712,51175.0,1888.718734047984,3.903903903903904,320,331,13,0,318,329,17586,2,0,0,2,2
2020-08-25,US,Virginia,Spotsylvania,1730,37,0,38.18574462,-77.655399,51177.0,1270.0510222809528,2.138728323699422,1693,1718,37,0,1681,1701,134238,12,0,0,12,17
2020-08-25,US,Virginia,Stafford,1612,10,0,38.41758738,-77.45917053,51179.0,1054.4079747779333,0.6203473945409429,1602,1602,10,0,1592,1589,149960,10,0,0,10,13
2020-08-25,US,Virginia,Staunton,167,0,0,38.15965544,-79.05979937,51790.0,669.8219156104607,0.0,167,165,0,0,165,165,24922,2,0,0,2,0
2020-08-25,US,Virginia,Suffolk,1553,59,0,36.70155394,-76.63603554,51800.0,1686.0641855213446,3.7990985189954927,1494,1545,59,0,1486,1536,91185,8,0,0,8,9
2020-08-25,US,Virginia,Surry,62,2,0,37.11781893,-76.88450012,51181.0,965.4313298037996,3.2258064516129035,60,60,2,0,58,58,6474,2,0,0,2,2
2020-08-25,US,Virginia,Sussex,324,9,0,36.92432914,-77.25791182,51183.0,2903.4859754458284,2.7777777777777777,315,324,9,0,315,324,11237,0,0,0,0,0
2020-08-25,US,Virginia,Tazewell,175,0,0,37.12191123,-81.56685568,51185.0,431.08757236112814,0.0,175,171,0,0,171,171,40855,4,0,0,4,0
2020-08-25,US,Virginia,Virginia Beach,5788,64,0,36.73285734,-76.04566934,51810.0,1286.2965415779581,1.10573600552868,5724,5739,64,0,5675,5693,450189,49,0,0,49,46
2020-08-25,US,Virginia,Warren,386,6,0,38.90847745,-78.20280433,51187.0,961.0596554128076,1.5544041450777202,380,386,6,0,380,386,40003,0,0,0,0,0
2020-08-25,US,Virginia,Washington,321,7,0,36.72341572,-81.95666289,51191.0,597.3204317082248,2.1806853582554515,314,311,7,0,304,311,54402,10,0,0,10,0
2020-08-25,US,Virginia,Waynesboro,210,3,0,38.06451466,-78.90293905,51820.0,927.9717189571364,1.4285714285714286,207,208,3,0,205,206,22628,2,0,0,2,2
2020-08-25,US,Virginia,Westmoreland,221,3,0,38.11021557,-76.80213247,51193.0,1226.7554815431586,1.3574660633484164,218,220,3,0,217,220,17830,1,0,0,1,0
2020-08-25,US,Virginia,Williamsburg,146,6,0,37.28131268,-76.70905141,51830.0,976.3274040390531,4.109589041095891,140,145,6,0,139,144,14896,1,0,0,1,1
2020-08-25,US,Virginia,Winchester,435,4,0,39.17054517,-78.17325058,51840.0,1549.2556449889594,0.9195402298850576,431,429,4,0,425,429,28108,6,0,0,6,0
2020-08-25,US,Virginia,Wise,310,5,0,36.9746148,-82.62410519,51195.0,829.25393895621,1.6129032258064515,305,287,5,0,282,283,38012,23,0,0,23,4
2020-08-25,US,Virginia,Wythe,142,3,0,36.91582035,-81.07834059,51197.0,495.04950495049513,2.112676056338028,139,139,3,0,136,139,28754,3,0,0,3,0
2020-08-25,US,Virginia,York,433,5,0,37.24374789,-76.54412815,51199.0,634.1534856473345,1.1547344110854505,428,432,5,0,427,427,67846,1,0,0,1,5
2020-08-25,US,Washington,Adams,568,6,0,46.98299757,-118.56017340000001,53001.0,2842.416053645599,1.056338028169014,562,552,6,0,546,549,19759,16,0,0,16,3
2020-08-25,US,Washington,Asotin,49,2,0,46.18894415,-117.2022851,53003.0,216.98698078115314,4.081632653061225,47,49,2,0,47,47,22610,0,0,0,0,2
2020-08-25,US,Washington,Benton,4021,122,0,46.23946995,-119.51208340000001,53005.0,1967.317383433632,3.0340711265854265,3899,4001,122,0,3879,3986,201877,20,0,0,20,15
2020-08-25,US,Washington,Chelan,1676,11,0,47.87046092,-120.6173956,53007.0,2170.984455958549,0.6563245823389021,1665,1667,11,0,1656,1656,77036,9,0,0,9,11
2020-08-25,US,Washington,Clallam,198,1,0,48.04754642,-123.92263190000001,53009.0,256.0422081700741,0.5050505050505051,197,196,1,0,195,187,76737,2,0,0,2,9
2020-08-25,US,Washington,Clark,2093,53,0,45.77568046,-122.48292040000001,53011.0,428.68173709295206,2.532250358337315,2040,2056,52,0,2004,2056,481857,37,1,0,36,0
2020-08-25,US,Washington,Columbia,13,1,0,46.29442881,-117.9051983,53013.0,326.2233375156838,7.6923076923076925,12,13,1,0,12,13,4059,0,0,0,0,0
2020-08-25,US,Washington,Cowlitz,524,6,0,46.19074721,-122.6782231,53015.0,473.809373106797,1.1450381679389312,518,520,6,0,514,519,108987,4,0,0,4,1
2020-08-25,US,Washington,Douglas,1119,7,0,47.7361335,-119.69293700000001,53017.0,2576.619309677865,0.6255585344057194,1112,1118,7,0,1111,1112,42907,1,0,0,1,6
2020-08-25,US,Washington,Ferry,24,0,0,48.471143100000006,-118.5154041,53019.0,314.6715615576242,0.0,24,24,0,0,24,23,7649,0,0,0,0,1
2020-08-25,US,Washington,Franklin,3850,55,0,46.53351425,-118.9018212,53021.0,4043.1832979773576,1.4285714285714286,3795,3843,55,0,3788,3834,94347,7,0,0,7,9
2020-08-25,US,Washington,Garfield,4,0,0,46.43197502,-117.54540320000001,53023.0,179.77528089887642,0.0,4,4,0,0,4,4,2247,0,0,0,0,0
2020-08-25,US,Washington,Grant,2109,15,0,47.20753737,-119.4500749,53025.0,2157.9200474762874,0.7112375533428165,2094,2079,15,0,2064,2060,97331,30,0,0,30,19
2020-08-25,US,Washington,Grays Harbor,215,5,0,47.14003705,-123.7820567,53027.0,286.4337005901867,2.3255813953488373,210,215,5,0,210,208,73901,0,0,0,0,7
2020-08-25,US,Washington,Island,267,11,0,48.14713305,-122.5216407,53029.0,313.5974442395556,4.119850187265918,256,265,11,0,254,264,84460,2,0,0,2,1
2020-08-25,US,Washington,Jefferson,70,0,0,47.75003077,-123.56097040000002,53031.0,217.2496198131653,0.0,70,69,0,0,69,67,31729,1,0,0,1,2
2020-08-25,US,Washington,King,18837,715,0,47.49137892,-121.8346131,53033.0,836.1661270375917,3.795721187025535,18122,18797,716,0,18081,18662,2233163,40,-1,0,41,135
2020-08-25,US,Washington,Kitsap,938,8,0,47.63479026,-122.6436061,53035.0,345.52239080866235,0.8528784648187633,930,937,8,0,929,929,269805,1,0,0,1,8
2020-08-25,US,Washington,Kittitas,448,21,0,47.12521214,-120.67943899999999,53037.0,934.5989360592469,4.6875,427,448,21,0,427,448,47364,0,0,0,0,0
2020-08-25,US,Washington,Klickitat,166,3,0,45.87325839,-120.7913598,53039.0,740.2452619843924,1.8072289156626504,163,166,3,0,163,164,22107,0,0,0,0,2
2020-08-25,US,Washington,Lewis,315,4,0,46.57756476,-122.39257690000001,53041.0,390.30071740989007,1.2698412698412698,311,308,4,0,304,303,79604,7,0,0,7,5
2020-08-25,US,Washington,Lincoln,31,1,0,47.57705241,-118.41943880000001,53043.0,283.3897065545296,3.2258064516129035,30,31,1,0,30,31,10740,0,0,0,0,0
2020-08-25,US,Washington,Mason,295,1,0,47.35007586,-123.1863685,53045.0,441.82842080038336,0.3389830508474576,294,292,1,0,291,284,65507,3,0,0,3,8
2020-08-25,US,Washington,Okanogan,970,6,0,48.54855019,-119.73872240000001,53047.0,2296.2384300357458,0.6185567010309279,964,971,6,0,965,970,42132,-1,0,0,-1,1
2020-08-25,US,Washington,Pacific,60,3,0,46.55418369,-123.7285716,53049.0,267.01081393796454,5.0,57,60,2,0,58,60,22036,0,1,0,-1,0
2020-08-25,US,Washington,Pend Oreille,53,0,0,48.53234021,-117.2741804,53051.0,386.1847857767415,0.0,53,53,0,0,53,53,13602,0,0,0,0,0
2020-08-25,US,Washington,Pierce,6585,164,0,47.03892768,-122.14059579999999,53053.0,727.6403898428696,2.4905087319665906,6421,6564,162,0,6402,6537,891299,21,2,0,19,27
2020-08-25,US,Washington,San Juan,29,0,0,48.60182783,-122.96745,53055.0,164.94141735866228,0.0,29,29,0,0,29,29,17128,0,0,0,0,0
2020-08-25,US,Washington,Skagit,985,22,0,48.48171488,-121.766131,53057.0,762.3543980496111,2.233502538071066,963,983,22,0,961,981,128206,2,0,0,2,2
2020-08-25,US,Washington,Skamania,58,1,0,46.02408726,-121.91644029999999,53059.0,480.01324174459984,1.7241379310344829,57,58,1,0,57,58,11924,0,0,0,0,0
2020-08-25,US,Washington,Snohomish,5998,207,0,48.04615983,-121.7170703,53061.0,729.6100272113645,3.4511503834611537,5791,5965,207,0,5758,5947,814901,33,0,0,33,18
2020-08-25,US,Washington,Spokane,5073,127,0,47.62113146,-117.4046494,53063.0,970.355663181573,2.5034496353242663,4946,5044,124,0,4920,5011,514631,29,3,0,26,33
2020-08-25,US,Washington,Stevens,123,1,0,48.40035475,-117.8542701,53065.0,269.01121973623776,0.8130081300813008,122,123,1,0,122,122,45260,0,0,0,0,1
2020-08-25,US,Washington,Thurston,875,12,0,46.9291895,-122.82906559999999,53067.0,301.1674973153069,1.3714285714285714,863,868,12,0,856,861,286419,7,0,0,7,7
2020-08-25,US,Washington,Unassigned,249,4,0,0.0,0.0,90053.0,0.0,1.606425702811245,245,246,4,0,242,251,,3,0,0,3,-5
2020-08-25,US,Washington,Wahkiakum,6,0,0,46.29180039999999,-123.4250831,53069.0,133.6898395721925,0.0,6,6,0,0,6,6,4426,0,0,0,0,0
2020-08-25,US,Washington,Walla Walla,710,4,0,46.23040051,-118.4775539,53071.0,1168.5319289005924,0.5633802816901409,706,704,4,0,700,695,60922,6,0,0,6,9
2020-08-25,US,Washington,Whatcom,1057,40,0,48.82227976,-121.74900179999999,53073.0,461.0747359834589,3.784295175023652,1017,1057,39,0,1018,1054,225685,0,1,0,-1,3
2020-08-25,US,Washington,Whitman,201,0,0,46.90022523,-117.52417630000001,53075.0,401.1655756027463,0.0,201,160,0,0,160,155,49791,41,0,0,41,5
2020-08-25,US,Washington,Yakima,10843,237,0,46.45738486,-120.73801259999999,53077.0,4322.107201651832,2.1857419533339484,10606,10830,235,0,10595,10816,251446,13,2,0,11,14
2020-08-25,US,West Virginia,Barbour,33,1,0,39.1307219,-80.00350858,54001.0,200.717717900371,3.0303030303030303,32,33,1,0,32,33,16535,0,0,0,0,0
2020-08-25,US,West Virginia,Berkeley,769,11,0,39.46704621,-78.02414609,54003.0,645.2912201794061,1.4304291287386215,758,767,11,0,756,766,117123,2,0,0,2,1
2020-08-25,US,West Virginia,Boone,130,0,0,38.01974191,-81.69888019,54005.0,605.8628885678334,0.0,130,128,0,0,128,127,21951,2,0,0,2,1
2020-08-25,US,West Virginia,Braxton,9,0,0,38.70036159,-80.72011184,54007.0,64.48377158415133,0.0,9,9,0,0,9,9,14089,0,0,0,0,0
2020-08-25,US,West Virginia,Brooke,85,1,0,40.27367263,-80.57915332,54009.0,387.4378959843202,1.1764705882352942,84,85,1,0,84,84,22203,0,0,0,0,1
2020-08-25,US,West Virginia,Cabell,493,6,0,38.42424062,-82.23855912,54011.0,536.1901136549023,1.2170385395537526,487,490,5,0,485,487,93224,3,1,0,2,3
2020-08-25,US,West Virginia,Calhoun,8,0,0,38.84315422,-81.11934872,54013.0,112.53340835560556,0.0,8,8,0,0,8,8,7254,0,0,0,0,0
2020-08-25,US,West Virginia,Clay,19,1,0,38.46231092,-81.07652217,54015.0,223.3192289609779,5.2631578947368425,18,19,1,0,18,19,8632,0,0,0,0,0
2020-08-25,US,West Virginia,Doddridge,6,0,0,39.27057157,-80.70671527,54017.0,71.02272727272727,0.0,6,6,0,0,6,6,8406,0,0,0,0,0
2020-08-25,US,West Virginia,Fayette,188,9,0,38.02974928,-81.08286634,54019.0,443.33349054379096,4.787234042553191,179,187,8,0,179,187,43018,1,1,0,0,0
2020-08-25,US,West Virginia,Gilmer,18,0,0,38.9251277,-80.85952723,54021.0,230.09075802121947,0.0,18,18,0,0,18,18,8026,0,0,0,0,0
2020-08-25,US,West Virginia,Grant,134,5,0,39.10314817,-79.19440518,54023.0,1158.3679114799447,3.7313432835820897,129,133,5,0,128,133,11626,1,0,0,1,0
2020-08-25,US,West Virginia,Greenbrier,98,3,0,37.9463652,-80.45335881,54025.0,282.7303675494778,3.0612244897959178,95,100,3,0,97,100,34786,-2,0,0,-2,0
2020-08-25,US,West Virginia,Hampshire,92,1,0,39.32103553,-78.60826476,54027.0,396.97950377562034,1.0869565217391304,91,92,1,0,91,91,23347,0,0,0,0,1
2020-08-25,US,West Virginia,Hancock,118,0,0,40.51943859,-80.57461608,54029.0,409.580006942034,0.0,118,118,0,0,118,118,29094,0,0,0,0,0
2020-08-25,US,West Virginia,Hardy,66,0,0,39.00683177,-78.85855301,54031.0,479.09407665505233,0.0,66,63,0,0,63,63,13775,3,0,0,3,0
2020-08-25,US,West Virginia,Harrison,258,1,0,39.2853852,-80.37919577,54033.0,383.6088973474485,0.3875968992248062,257,256,1,0,255,255,67554,2,0,0,2,1
2020-08-25,US,West Virginia,Jackson,192,19,0,38.84263974,-81.68148753,54035.0,671.8924972004478,9.895833333333334,173,190,19,0,171,190,28706,2,0,0,2,0
2020-08-25,US,West Virginia,Jefferson,328,4,0,39.30776166,-77.86014147,54037.0,573.9684317362545,1.2195121951219512,324,324,4,0,320,322,56811,4,0,0,4,2
2020-08-25,US,West Virginia,Kanawha,1246,27,0,38.33860077,-81.52857054,54039.0,699.5126990186612,2.1669341894061,1219,1225,27,0,1198,1214,180454,21,0,0,21,11
2020-08-25,US,West Virginia,Lewis,32,2,0,38.9947249,-80.49988181,54041.0,201.16929653611615,6.25,30,32,2,0,30,32,16024,0,0,0,0,0
2020-08-25,US,West Virginia,Lincoln,115,1,0,38.172154,-82.07017953,54043.0,543.8777010142584,0.8695652173913043,114,115,0,0,115,115,20599,0,1,0,-1,0
2020-08-25,US,West Virginia,Logan,446,20,0,37.8299889,-81.93528571,54045.0,1392.9229519972516,4.484304932735426,426,439,17,0,422,437,32607,7,3,0,4,2
2020-08-25,US,West Virginia,Marion,211,2,0,39.50984542,-80.24244659,54049.0,376.3018975602797,0.9478672985781992,209,208,2,0,206,207,56097,3,0,0,3,1
2020-08-25,US,West Virginia,Marshall,134,1,0,39.86064362,-80.66591062,54051.0,438.8981690740559,0.746268656716418,133,135,1,0,134,135,30785,-1,0,0,-1,0
2020-08-25,US,West Virginia,Mason,86,1,0,38.77071799,-82.02524219,54053.0,324.332478503545,1.162790697674419,85,84,1,0,83,83,26718,2,0,0,2,1
2020-08-25,US,West Virginia,McDowell,66,0,0,37.38002939,-81.65083669,54047.0,374.489332728098,0.0,66,66,0,0,66,66,18223,0,0,0,0,0
2020-08-25,US,West Virginia,Mercer,276,21,0,37.40481169,-81.11023142,54055.0,469.7232717247013,7.608695652173912,255,276,21,0,255,274,59131,0,0,0,0,2
2020-08-25,US,West Virginia,Mineral,131,4,0,39.41561583,-78.94104895,54057.0,487.5688551436653,3.053435114503817,127,131,4,0,127,131,26940,0,0,0,0,0
2020-08-25,US,West Virginia,Mingo,219,5,0,37.73048351,-82.13338365,54059.0,934.938524590164,2.2831050228310503,214,213,5,0,208,213,23785,6,0,0,6,0
2020-08-25,US,West Virginia,Monongalia,1059,5,0,39.63218457,-80.04766838,54061.0,1002.7269628451312,0.4721435316336166,1054,1060,5,0,1055,1053,106420,-1,0,0,-1,7
2020-08-25,US,West Virginia,Monroe,79,0,0,37.56274716,-80.54577965,54063.0,595.1035781544257,0.0,79,65,0,0,65,65,13280,14,0,0,14,0
2020-08-25,US,West Virginia,Morgan,37,0,0,39.55439028,-78.26311676,54065.0,206.8888391858645,0.0,37,37,0,0,37,37,17787,0,0,0,0,0
2020-08-25,US,West Virginia,Nicholas,44,1,0,38.29617706,-80.79759588,54067.0,179.62116263879818,2.272727272727273,43,43,1,0,42,42,24842,1,0,0,1,1
2020-08-25,US,West Virginia,Ohio,289,4,0,40.0955451,-80.62203992,54069.0,697.8822052111757,1.3840830449826989,285,288,4,0,284,288,41755,1,0,0,1,0
2020-08-25,US,West Virginia,Pendleton,48,1,0,38.68314479,-79.35084086,54071.0,688.7645286267758,2.083333333333333,47,48,1,0,47,48,6997,0,0,0,0,0
2020-08-25,US,West Virginia,Pleasants,14,2,0,39.37091679,-81.16771771,54073.0,187.66756032171585,14.285714285714285,12,14,2,0,12,14,7507,0,0,0,0,0
2020-08-25,US,West Virginia,Pocahontas,42,0,0,38.32758728,-80.00993811,54075.0,509.2761004001455,0.0,42,42,0,0,42,42,8414,0,0,0,0,0
2020-08-25,US,West Virginia,Preston,136,4,0,39.46770987,-79.66712803,54077.0,406.7958841828189,2.9411764705882355,132,135,4,0,131,134,33839,1,0,0,1,1
2020-08-25,US,West Virginia,Putnam,252,0,0,38.50782345,-81.9082131,54079.0,446.4127546501329,0.0,252,247,0,0,247,245,56682,5,0,0,5,2
2020-08-25,US,West Virginia,Raleigh,328,3,0,37.76936795,-81.2456041,54081.0,447.10404710949956,0.9146341463414634,325,325,3,0,322,324,74254,3,0,0,3,1
2020-08-25,US,West Virginia,Randolph,221,0,0,38.769899,-79.87919615,54083.0,770.1690189928559,0.0,221,220,0,0,220,220,28823,1,0,0,1,0
2020-08-25,US,West Virginia,Ritchie,3,0,0,39.18094587,-81.06356878,54085.0,31.400460540087924,0.0,3,3,0,0,3,3,9721,0,0,0,0,0
2020-08-25,US,West Virginia,Roane,25,1,0,38.71622686,-81.35243568,54087.0,182.6417299824664,4.0,24,25,1,0,24,24,13932,0,0,0,0,1
2020-08-25,US,West Virginia,Summers,18,0,0,37.65390597,-80.86009693,54089.0,143.16392269148173,0.0,18,18,0,0,18,18,12760,0,0,0,0,0
2020-08-25,US,West Virginia,Taylor,100,3,0,39.33602617,-80.0421439,54091.0,598.9817310572028,3.0,97,101,2,0,99,100,16862,-1,1,0,-2,1
2020-08-25,US,West Virginia,Tucker,11,0,0,39.11240885,-79.57053576,54093.0,160.84222839596433,0.0,11,11,0,0,11,11,6955,0,0,0,0,0
2020-08-25,US,West Virginia,Tyler,15,0,0,39.46811972,-80.88772676,54095.0,174.60132697008495,0.0,15,15,0,0,15,15,8746,0,0,0,0,0
2020-08-25,US,West Virginia,Upshur,40,0,0,38.89285061,-80.23689136,54097.0,165.45334215751157,0.0,40,40,0,0,40,40,24415,0,0,0,0,0
2020-08-25,US,West Virginia,Wayne,230,9,0,38.14901357,-82.42287994,54099.0,583.7267143799808,3.9130434782608696,221,227,9,0,218,226,39944,3,0,0,3,1
2020-08-25,US,West Virginia,Webster,7,0,0,38.49370949,-80.4202023,54101.0,86.27064333251171,0.0,7,7,0,0,7,7,8285,0,0,0,0,0
2020-08-25,US,West Virginia,Wetzel,45,0,0,39.6065771,-80.64016540000001,54103.0,298.70560902754727,0.0,45,45,0,0,45,45,15270,0,0,0,0,0
2020-08-25,US,West Virginia,Wirt,7,0,0,39.02775007,-81.37473928,54105.0,120.25425184676172,0.0,7,7,0,0,7,7,5830,0,0,0,0,0
2020-08-25,US,West Virginia,Wood,292,5,0,39.20967886,-81.5162836,54107.0,349.62523048923583,1.7123287671232876,287,291,5,0,286,291,84203,1,0,0,1,0
2020-08-25,US,West Virginia,Wyoming,51,3,0,37.612327,-81.54511071,54109.0,250.07355104442482,5.882352941176472,48,51,2,0,49,51,20786,0,1,0,-1,0
2020-08-25,US,Wisconsin,Adams,101,3,0,43.96974651,-89.76782777,55001.0,499.5054401582592,2.9702970297029703,98,99,2,0,97,99,20348,2,1,0,1,0
2020-08-25,US,Wisconsin,Ashland,33,1,0,46.31956891,-90.67837132,55003.0,212.0550057833184,3.0303030303030303,32,31,1,0,30,31,15600,2,0,0,2,0
2020-08-25,US,Wisconsin,Barron,359,3,0,45.42372701,-91.84833627,55005.0,793.4753779506676,0.8356545961002786,356,358,3,0,355,358,45164,1,0,0,1,0
2020-08-25,US,Wisconsin,Bayfield,42,1,0,46.52868768,-91.19716729,55007.0,279.3296089385475,2.380952380952381,41,41,1,0,40,41,15042,1,0,0,1,0
2020-08-25,US,Wisconsin,Brown,5074,57,0,44.452655299999996,-88.00411844,55009.0,1918.0319193171595,1.1233740638549468,5017,4969,57,0,4912,4959,263378,105,0,0,105,10
2020-08-25,US,Wisconsin,Buffalo,56,2,0,44.37835084,-91.75332578,55011.0,429.74445552912283,3.571428571428572,54,54,2,0,52,52,13125,2,0,0,2,2
2020-08-25,US,Wisconsin,Burnett,33,1,0,45.86303537,-92.36711412,55013.0,214.0910860256909,3.0303030303030303,32,33,1,0,32,33,15392,0,0,0,0,0
2020-08-25,US,Wisconsin,Calumet,452,2,0,44.0816316,-88.21780273,55015.0,902.3937391443233,0.4424778761061947,450,450,2,0,448,442,50159,2,0,0,2,8
2020-08-25,US,Wisconsin,Chippewa,304,0,0,45.06939744,-91.28068855,55017.0,470.16610473568636,0.0,304,302,0,0,302,301,64135,2,0,0,2,1
2020-08-25,US,Wisconsin,Clark,230,8,0,44.73483377,-90.61207486,55019.0,661.4136998907229,3.4782608695652173,222,230,8,0,222,228,34709,0,0,0,0,2
2020-08-25,US,Wisconsin,Columbia,329,2,0,43.46492199,-89.33589004,55021.0,571.8556629354099,0.6079027355623101,327,326,2,0,324,319,57358,3,0,0,3,7
2020-08-25,US,Wisconsin,Crawford,98,0,0,43.23870316,-90.93073686,55023.0,607.5258818424153,0.0,98,96,0,0,96,95,16291,2,0,0,2,1
2020-08-25,US,Wisconsin,Dane,5161,39,0,43.06601594,-89.41733797,55025.0,944.0364371358804,0.7556675062972292,5122,5117,39,0,5078,5088,542364,44,0,0,44,29
2020-08-25,US,Wisconsin,Dodge,1046,5,0,43.41576662,-88.70928178,55027.0,1190.8150138321246,0.4780114722753346,1041,1034,5,0,1029,1011,87847,12,0,0,12,23
2020-08-25,US,Wisconsin,Door,127,3,0,44.95856458,-87.30002707,55029.0,459.01402342055803,2.3622047244094486,124,126,3,0,123,124,27610,1,0,0,1,2
2020-08-25,US,Wisconsin,Douglas,242,0,0,46.43222285,-91.91595768,55031.0,560.8342989571263,0.0,242,241,0,0,241,239,43208,1,0,0,1,2
2020-08-25,US,Wisconsin,Dunn,155,0,0,44.94562799,-91.8962481,55033.0,341.6505025568684,0.0,155,155,0,0,155,154,45131,0,0,0,0,1
2020-08-25,US,Wisconsin,Eau Claire,737,6,0,44.726614,-91.28609183,55035.0,704.2791888844295,0.8141112618724559,731,728,6,0,722,722,104534,9,0,0,9,6
2020-08-25,US,Wisconsin,Florence,22,0,0,45.84963535,-88.39804137,55037.0,512.2235157159488,0.0,22,22,0,0,22,19,4321,0,0,0,0,3
2020-08-25,US,Wisconsin,Fond du Lac,969,9,0,43.75354908,-88.48885325,55039.0,937.1101418720926,0.9287925696594428,960,964,9,0,955,942,103066,5,0,0,5,22
2020-08-25,US,Wisconsin,Forest,66,4,0,45.66678019,-88.77084892,55041.0,733.0075521990227,6.0606060606060606,62,65,4,0,61,64,8991,1,0,0,1,1
2020-08-25,US,Wisconsin,Grant,423,16,0,42.8671731,-90.7063218,55043.0,822.3332490911565,3.7825059101654848,407,421,16,0,405,420,51554,2,0,0,2,1
2020-08-25,US,Wisconsin,Green,255,1,0,42.6794956,-89.60243287,55045.0,689.9350649350647,0.392156862745098,254,250,1,0,249,249,36929,5,0,0,5,1
2020-08-25,US,Wisconsin,Green Lake,87,0,0,43.80025981,-89.04679553,55047.0,460.00105747369537,0.0,87,83,0,0,83,76,18918,4,0,0,4,7
2020-08-25,US,Wisconsin,Iowa,111,0,0,43.00050278,-90.13469017,55049.0,468.78959371568544,0.0,111,110,0,0,110,109,23771,1,0,0,1,1
2020-08-25,US,Wisconsin,Iron,111,1,0,46.26302338,-90.24295041,55051.0,1951.8199402145249,0.9009009009009008,110,110,1,0,109,108,5676,1,0,0,1,2
2020-08-25,US,Wisconsin,Jackson,71,1,0,44.31864893,-90.80566792,55053.0,343.9422564549726,1.4084507042253518,70,71,1,0,70,71,20478,0,0,0,0,0
2020-08-25,US,Wisconsin,Jefferson,829,6,0,43.02054068,-88.77529134,55055.0,977.9518456039357,0.7237635705669482,823,824,6,0,818,819,85129,5,0,0,5,5
2020-08-25,US,Wisconsin,Juneau,177,1,0,43.92456975,-90.11120239,55057.0,663.2442762393675,0.5649717514124294,176,173,1,0,172,171,26617,4,0,0,4,2
2020-08-25,US,Wisconsin,Kenosha,2894,61,0,42.57639354,-88.04051686,55059.0,1706.7603989124852,2.1078092605390464,2833,2874,61,0,2813,2873,169290,20,0,0,20,1
2020-08-25,US,Wisconsin,Kewaunee,155,2,0,44.51727459,-87.61468386,55061.0,758.5396887540373,1.2903225806451613,153,156,2,0,154,156,20383,-1,0,0,-1,0
2020-08-25,US,Wisconsin,La Crosse,1060,1,0,43.90632465,-91.11451093,55063.0,898.1832971800434,0.09433962264150944,1059,1047,1,0,1046,1038,118230,13,0,0,13,9
2020-08-25,US,Wisconsin,Lafayette,184,0,0,42.66005229,-90.1317729,55065.0,1104.110411041104,0.0,184,182,0,0,182,181,16665,2,0,0,2,1
2020-08-25,US,Wisconsin,Langlade,77,2,0,45.26271619,-89.07483625,55067.0,401.27156183229965,2.5974025974025974,75,76,2,0,74,76,19268,1,0,0,1,0
2020-08-25,US,Wisconsin,Lincoln,76,1,0,45.33737523,-89.73411273,55069.0,275.4321748269489,1.3157894736842106,75,76,1,0,75,76,27689,0,0,0,0,0
2020-08-25,US,Wisconsin,Manitowoc,468,1,0,44.11946801,-87.80928853,55071.0,592.5475747331636,0.21367521367521367,467,457,1,0,456,452,79074,11,0,0,11,5
2020-08-25,US,Wisconsin,Marathon,738,13,0,44.89792533,-89.75863384,55073.0,543.8787843056333,1.7615176151761518,725,733,13,0,720,731,135428,5,0,0,5,2
2020-08-25,US,Wisconsin,Marinette,570,6,0,45.38553432,-88.03324599999998,55075.0,1412.6394052044614,1.0526315789473684,564,565,6,0,559,563,40434,5,0,0,5,2
2020-08-25,US,Wisconsin,Marquette,83,1,0,43.81911946,-89.40073763,55077.0,532.9395145755748,1.2048192771084338,82,82,1,0,81,82,15434,1,0,0,1,0
2020-08-25,US,Wisconsin,Menominee,28,0,0,45.00422544,-88.70950714,55078.0,614.5741878841087,0.0,28,28,0,0,28,28,4658,0,0,0,0,0
2020-08-25,US,Wisconsin,Milwaukee,23396,482,0,43.00486062,-87.96733172,55079.0,2473.8666379056936,2.0601812275602667,22914,23281,479,0,22802,23209,948201,115,3,0,112,72
2020-08-25,US,Wisconsin,Monroe,267,2,0,43.94641218,-90.61881899999999,55081.0,577.2598534149138,0.7490636704119851,265,266,2,0,264,266,46051,1,0,0,1,0
2020-08-25,US,Wisconsin,Oconto,376,1,0,45.02715345,-88.26807503,55083.0,991.2997627208017,0.26595744680851063,375,372,1,0,371,358,37830,4,0,0,4,14
2020-08-25,US,Wisconsin,Oneida,198,0,0,45.70677897,-89.51944105,55085.0,556.2579013906446,0.0,198,193,0,0,193,192,35470,5,0,0,5,1
2020-08-25,US,Wisconsin,Outagamie,1606,19,0,44.41578887,-88.46565023,55087.0,854.7781887856934,1.1830635118306352,1587,1576,17,0,1559,1550,187365,30,2,0,28,26
2020-08-25,US,Wisconsin,Ozaukee,866,18,0,43.38352225,-87.94625009,55089.0,970.6235079185393,2.07852193995381,848,853,18,0,835,853,89147,13,0,0,13,0
2020-08-25,US,Wisconsin,Pepin,47,0,0,44.58307413,-91.99949611,55091.0,644.9842184712502,0.0,47,47,0,0,47,46,7289,0,0,0,0,1
2020-08-25,US,Wisconsin,Pierce,276,5,0,44.71850291,-92.4224416,55093.0,645.5536324086635,1.8115942028985508,271,271,4,0,267,270,42555,5,1,0,4,1
2020-08-25,US,Wisconsin,Polk,159,2,0,45.46130348,-92.44182875,55095.0,363.1546490647055,1.2578616352201255,157,156,2,0,154,156,43598,3,0,0,3,0
2020-08-25,US,Wisconsin,Portage,524,1,0,44.47558711,-89.50152965,55097.0,740.4058102074266,0.19083969465648856,523,512,0,0,512,507,70942,12,1,0,11,5
2020-08-25,US,Wisconsin,Price,34,0,0,45.68051754,-90.36098879999999,55099.0,254.66257209197812,0.0,34,33,0,0,33,33,13397,1,0,0,1,0
2020-08-25,US,Wisconsin,Racine,3867,86,0,42.74753117,-88.05941254,55101.0,1969.8335803902994,2.2239462115334887,3781,3840,85,0,3755,3840,196584,27,1,0,26,0
2020-08-25,US,Wisconsin,Richland,42,4,0,43.3762778,-90.43012729,55103.0,243.4500347785764,9.523809523809524,38,41,4,0,37,41,17377,1,0,0,1,0
2020-08-25,US,Wisconsin,Rock,1582,26,0,42.67151616,-89.07147900000002,55105.0,968.4488901404312,1.6434892541087232,1556,1571,26,0,1545,1560,163129,11,0,0,11,11
2020-08-25,US,Wisconsin,Rusk,24,1,0,45.47498854,-91.1333012,55107.0,169.27634363097758,4.166666666666667,23,23,1,0,22,23,14147,1,0,0,1,0
2020-08-25,US,Wisconsin,Sauk,598,3,0,43.42574087,-89.94966132,55111.0,927.9662332019493,0.5016722408026756,595,590,3,0,587,588,64249,8,0,0,8,2
2020-08-25,US,Wisconsin,Sawyer,147,0,0,45.87931905,-91.14504927,55113.0,887.7883802391592,0.0,147,143,0,0,143,142,16489,4,0,0,4,1
2020-08-25,US,Wisconsin,Shawano,239,0,0,44.78902246,-88.76443896,55115.0,584.3663659258173,0.0,239,234,0,0,234,231,40796,5,0,0,5,3
2020-08-25,US,Wisconsin,Sheboygan,962,8,0,43.72099677,-87.94579284,55117.0,834.0558349228369,0.8316008316008316,954,939,8,0,931,933,115456,23,0,0,23,6
2020-08-25,US,Wisconsin,St. Croix,598,7,0,45.03437474,-92.45000068,55109.0,659.4109409286888,1.1705685618729098,591,591,6,0,585,590,89694,7,1,0,6,1
2020-08-25,US,Wisconsin,Taylor,85,3,0,45.21179252,-90.5004405,55119.0,417.83414442314313,3.5294117647058822,82,85,3,0,82,83,20412,0,0,0,0,2
2020-08-25,US,Wisconsin,Trempealeau,400,2,0,44.30360275,-91.35893614,55121.0,1349.1180140982833,0.5,398,395,2,0,393,395,29442,5,0,0,5,0
2020-08-25,US,Wisconsin,Vernon,86,0,0,43.59422667,-90.8324691,55123.0,279.0214781649471,0.0,86,86,0,0,86,86,30785,0,0,0,0,0
2020-08-25,US,Wisconsin,Vilas,95,0,0,46.05467334,-89.51719204,55125.0,428.02432980400994,0.0,95,93,0,0,93,90,21938,2,0,0,2,3
2020-08-25,US,Wisconsin,Walworth,1623,26,0,42.66858202,-88.54163073,55127.0,1562.5601725266683,1.6019716574245224,1597,1604,25,0,1579,1591,103718,19,1,0,18,13
2020-08-25,US,Wisconsin,Washburn,56,0,0,45.89838588,-91.79050449,55129.0,356.23409669211196,0.0,56,56,0,0,56,55,15878,0,0,0,0,1
2020-08-25,US,Wisconsin,Washington,1482,26,0,43.36863664,-88.22974712,55131.0,1089.4335239719485,1.7543859649122806,1456,1460,26,0,1434,1458,135693,22,0,0,22,2
2020-08-25,US,Wisconsin,Waukesha,5286,71,0,43.01833055,-88.30431188,55133.0,1307.7749023993192,1.343170639424896,5215,5267,70,0,5197,5213,403072,19,1,0,18,54
2020-08-25,US,Wisconsin,Waupaca,599,17,0,44.47068056,-88.96534501,55135.0,1174.7401451264955,2.8380634390651087,582,593,17,0,576,592,51128,6,0,0,6,1
2020-08-25,US,Wisconsin,Waushara,135,1,0,44.11324419,-89.24317107,55137.0,552.3053634987522,0.7407407407407407,134,135,1,0,134,133,24263,0,0,0,0,2
2020-08-25,US,Wisconsin,Winnebago,1383,21,0,44.06886922,-88.64477096,55139.0,804.5047612953516,1.5184381778741864,1362,1371,20,0,1351,1361,171020,12,1,0,11,10
2020-08-25,US,Wisconsin,Wood,421,2,0,44.45537896,-90.04158336,55141.0,576.7202290442335,0.4750593824228028,419,418,2,0,416,417,73055,3,0,0,3,1
2020-08-25,US,Wyoming,Albany,127,0,0,41.65498705,-105.72354150000001,56001.0,326.64609053497935,0.0,127,127,0,0,127,127,38601,0,0,0,0,0
2020-08-25,US,Wyoming,Big Horn,39,0,0,44.52405055,-107.9960365,56003.0,330.7888040712468,0.0,39,39,0,0,39,38,11881,0,0,0,0,1
2020-08-25,US,Wyoming,Campbell,164,0,0,44.24886082,-105.54744040000001,56005.0,353.8982758248635,0.0,164,164,0,0,164,162,46140,0,0,0,0,2
2020-08-25,US,Wyoming,Carbon,185,0,0,41.69357844,-106.9326084,56007.0,1250.0,0.0,185,185,0,0,185,184,14971,0,0,0,0,1
2020-08-25,US,Wyoming,Converse,37,0,0,42.97272268,-105.5081848,56009.0,267.6891911445522,0.0,37,36,0,0,36,36,13640,1,0,0,1,0
2020-08-25,US,Wyoming,Crook,14,0,0,44.58855102,-104.56977049999999,56011.0,184.59915611814347,0.0,14,14,0,0,14,13,7450,0,0,0,0,1
2020-08-25,US,Wyoming,Fremont,577,0,0,43.04183996,-108.6296893,56013.0,1469.6518173250809,0.0,577,574,0,0,574,572,39531,3,0,0,3,2
2020-08-25,US,Wyoming,Goshen,50,0,0,42.08798185,-104.3534743,56015.0,378.47248505033684,0.0,50,46,0,0,46,44,13376,4,0,0,4,2
2020-08-25,US,Wyoming,Hot Springs,28,0,0,43.71930657,-108.44231740000001,56017.0,634.4890097439384,0.0,28,28,0,0,28,27,4555,0,0,0,0,1
2020-08-25,US,Wyoming,Johnson,27,1,0,44.04057166,-106.58451740000001,56019.0,319.7158081705151,3.703703703703704,26,27,1,0,26,27,8460,0,0,0,0,0
2020-08-25,US,Wyoming,Laramie,552,0,0,41.30702520000001,-104.6887497,56021.0,554.7738693467337,0.0,552,545,0,0,545,541,98976,7,0,0,7,4
2020-08-25,US,Wyoming,Lincoln,108,0,0,42.26376367,-110.6563997,56023.0,544.6293494704994,0.0,108,108,0,0,108,107,19434,0,0,0,0,1
2020-08-25,US,Wyoming,Natrona,276,0,0,42.96180148,-106.79788500000001,56025.0,345.6134638984197,0.0,276,273,0,0,273,267,79115,3,0,0,3,6
2020-08-25,US,Wyoming,Niobrara,2,0,0,43.05607708,-104.47588959999999,56027.0,84.88964346349746,0.0,2,2,0,0,2,2,2388,0,0,0,0,0
2020-08-25,US,Wyoming,Park,158,0,0,44.52157546,-109.58528249999999,56029.0,541.2070973487703,0.0,158,158,0,0,158,158,29324,0,0,0,0,0
2020-08-25,US,Wyoming,Platte,7,0,0,42.13299116,-104.96633100000001,56031.0,83.40283569641367,0.0,7,7,0,0,7,7,8566,0,0,0,0,0
2020-08-25,US,Wyoming,Sheridan,124,0,0,44.79048913,-106.8862389,56033.0,406.7574216827948,0.0,124,121,0,0,121,117,30233,3,0,0,3,4
2020-08-25,US,Wyoming,Sublette,48,0,0,42.76558279,-109.91309220000001,56035.0,488.2514494964907,0.0,48,48,0,0,48,48,9813,0,0,0,0,0
2020-08-25,US,Wyoming,Sweetwater,295,0,0,41.65943896,-108.8827882,56037.0,696.6913067094914,0.0,295,290,0,0,290,290,43051,5,0,0,5,0
2020-08-25,US,Wyoming,Teton,412,0,0,43.93522482,-110.5890801,56039.0,1755.8813501534264,0.0,412,409,0,0,409,409,23081,3,0,0,3,0
2020-08-25,US,Wyoming,Uinta,283,0,0,41.2878183,-110.54757820000002,56041.0,1399.189162464155,0.0,283,283,0,0,283,283,20299,0,0,0,0,0
2020-08-25,US,Wyoming,Unassigned,0,36,0,0.0,0.0,90056.0,0.0,0.0,-36,0,36,0,-36,0,,0,0,0,0,0
2020-08-25,US,Wyoming,Washakie,108,0,0,43.90451606,-107.68018700000002,56043.0,1383.7283792440744,0.0,108,108,0,0,108,108,7885,0,0,0,0,0
2020-08-25,US,Wyoming,Weston,11,0,0,43.83961191,-104.56748809999999,56045.0,158.79890284394398,0.0,11,11,0,0,11,11,6967,0,0,0,0,0
