Date,Country/Region,Province/State,Admin2,Confirmed,Deaths,Recovered,Latitude,Longitude,FIPS,Active Cases,Previous Confirmed,Previous Deaths,Previous Recovered,Previous Active,Prev2 Confirmed,Population,Daily Confirmed,Daily Deaths,Daily Recovered,Daily Active,Previous Daily Confirmed
2020-05-11,US,Alabama,Autauga,84,4,0,32.53952745,-86.64408227,1001.0,80,74,4,0,70,68,55601,10,0,0,10,6
2020-05-11,US,Alabama,Baldwin,224,6,0,30.72774991,-87.72207058,1003.0,218,222,5,0,217,216,218022,2,1,0,1,6
2020-05-11,US,Alabama,Barbour,61,1,0,31.868263,-85.3871286,1005.0,60,59,1,0,58,58,24881,2,0,0,2,1
2020-05-11,US,Alabama,Bibb,46,1,0,32.99642064,-87.12511459999996,1007.0,45,46,1,0,45,45,22400,0,0,0,0,1
2020-05-11,US,Alabama,Blount,45,0,0,33.98210918,-86.56790593,1009.0,45,44,0,0,44,44,57840,1,0,0,1,0
2020-05-11,US,Alabama,Bullock,26,1,0,32.10030533,-85.71265535,1011.0,25,23,1,0,22,22,10138,3,0,0,3,1
2020-05-11,US,Alabama,Butler,196,6,0,31.75300095,-86.68057478,1013.0,190,189,6,0,183,178,19680,7,0,0,7,11
2020-05-11,US,Alabama,Calhoun,125,3,0,33.77483727,-85.82630386,1015.0,122,124,3,0,121,124,114277,1,0,0,1,0
2020-05-11,US,Alabama,Chambers,319,21,0,32.91360079,-85.39072749,1017.0,298,316,21,0,295,314,33615,3,0,0,3,2
2020-05-11,US,Alabama,Cherokee,24,0,0,34.17805983,-85.60638968,1019.0,24,22,0,0,22,22,26032,2,0,0,2,0
2020-05-11,US,Alabama,Chilton,67,1,0,32.85044126,-86.7173256,1021.0,66,65,1,0,64,64,44153,2,0,0,2,1
2020-05-11,US,Alabama,Choctaw,67,0,0,32.02227341,-88.26564429999998,1023.0,67,66,0,0,66,61,12841,1,0,0,1,5
2020-05-11,US,Alabama,Clarke,63,1,0,31.68099859,-87.83548597,1025.0,62,56,1,0,55,52,23920,7,0,0,7,4
2020-05-11,US,Alabama,Clay,27,1,0,33.26984193,-85.85836077,1027.0,26,26,1,0,25,26,13275,1,0,0,1,0
2020-05-11,US,Alabama,Cleburne,13,1,0,33.67679204,-85.52005899,1029.0,12,13,1,0,12,13,14987,0,0,0,0,0
2020-05-11,US,Alabama,Coffee,150,0,0,31.39932826,-85.98901039,1031.0,150,146,0,0,146,146,51909,4,0,0,4,0
2020-05-11,US,Alabama,Colbert,70,2,0,34.69847452,-87.80168544,1033.0,68,66,2,0,64,64,54762,4,0,0,4,2
2020-05-11,US,Alabama,Conecuh,14,0,0,31.43401703,-86.99320044,1035.0,14,13,0,0,13,13,12277,1,0,0,1,0
2020-05-11,US,Alabama,Coosa,33,1,0,32.93690146,-86.24847739,1037.0,32,31,1,0,30,31,10715,2,0,0,2,0
2020-05-11,US,Alabama,Covington,55,1,0,31.247785399999998,-86.45050893,1039.0,54,53,1,0,52,50,36986,2,0,0,2,3
2020-05-11,US,Alabama,Crenshaw,43,1,0,31.72941803,-86.31593104,1041.0,42,41,0,0,41,38,13824,2,1,0,1,3
2020-05-11,US,Alabama,Cullman,65,0,0,34.13020303,-86.86888037,1043.0,65,65,0,0,65,63,83442,0,0,0,0,2
2020-05-11,US,Alabama,Dale,45,0,0,31.43037123,-85.61095742,1045.0,45,43,0,0,43,43,48956,2,0,0,2,0
2020-05-11,US,Alabama,Dallas,122,3,0,32.32688101,-87.10866709999998,1047.0,119,108,3,0,105,102,38310,14,0,0,14,6
2020-05-11,US,Alabama,DeKalb,158,2,0,34.45946862,-85.80782906,1049.0,156,147,2,0,145,142,71385,11,0,0,11,5
2020-05-11,US,Alabama,Elmore,152,4,0,32.59785413,-86.14415284,1051.0,148,150,4,0,146,135,81887,2,0,0,2,15
2020-05-11,US,Alabama,Escambia,37,3,0,31.1256789,-87.15918694,1053.0,34,36,3,0,33,36,36748,1,0,0,1,0
2020-05-11,US,Alabama,Etowah,193,10,0,34.04567266,-86.04051873,1055.0,183,182,10,0,172,170,102501,11,0,0,11,12
2020-05-11,US,Alabama,Fayette,7,0,0,33.72076938,-87.73886638,1057.0,7,7,0,0,7,7,16433,0,0,0,0,0
2020-05-11,US,Alabama,Franklin,247,2,0,34.44235334,-87.84289505,1059.0,245,226,1,0,225,216,31363,21,1,0,20,10
2020-05-11,US,Alabama,Geneva,15,0,0,31.09389027,-85.83572839,1061.0,15,13,0,0,13,13,26314,2,0,0,2,0
2020-05-11,US,Alabama,Greene,73,3,0,32.85504247,-87.95684022,1063.0,70,70,3,0,67,70,8233,3,0,0,3,0
2020-05-11,US,Alabama,Hale,72,2,0,32.76039258,-87.63284988,1065.0,70,69,2,0,67,66,14726,3,0,0,3,3
2020-05-11,US,Alabama,Henry,30,1,0,31.51148016,-85.24267944,1067.0,29,28,1,0,27,28,17209,2,0,0,2,0
2020-05-11,US,Alabama,Houston,107,4,0,31.15197924,-85.29939599,1069.0,103,107,4,0,103,104,104722,0,0,0,0,3
2020-05-11,US,Alabama,Jackson,60,2,0,34.78144169,-85.99750489,1071.0,58,60,2,0,58,59,51736,0,0,0,0,1
2020-05-11,US,Alabama,Jefferson,1131,61,0,33.55554728,-86.89506300000002,1073.0,1070,1121,60,0,1061,1109,659300,10,1,0,9,12
2020-05-11,US,Alabama,Lamar,13,0,0,33.77995024,-88.09668032,1075.0,13,13,0,0,13,13,13844,0,0,0,0,0
2020-05-11,US,Alabama,Lauderdale,96,2,0,34.90171875,-87.65624729,1077.0,94,92,2,0,90,88,92387,4,0,0,4,4
2020-05-11,US,Alabama,Lawrence,26,0,0,34.52041498,-87.31069453,1079.0,26,25,0,0,25,22,32957,1,0,0,1,3
2020-05-11,US,Alabama,Lee,429,30,0,32.60154883,-85.35132246,1081.0,399,425,30,0,395,422,163941,4,0,0,4,3
2020-05-11,US,Alabama,Limestone,57,0,0,34.81185586,-86.98310072,1083.0,57,57,0,0,57,57,96174,0,0,0,0,0
2020-05-11,US,Alabama,Lowndes,103,6,0,32.1597283,-86.65158371,1085.0,97,99,5,0,94,96,9974,4,1,0,3,3
2020-05-11,US,Alabama,Macon,49,2,0,32.38759944,-85.69267724,1087.0,47,47,2,0,45,47,18439,2,0,0,2,0
2020-05-11,US,Alabama,Madison,250,4,0,34.76327133,-86.55069633,1089.0,246,247,4,0,243,247,366519,3,0,0,3,0
2020-05-11,US,Alabama,Marengo,83,4,0,32.24767634,-87.78796182,1091.0,79,80,4,0,76,77,19066,3,0,0,3,3
2020-05-11,US,Alabama,Marion,96,7,0,34.13697363,-87.88704173,1093.0,89,96,7,0,89,96,29763,0,0,0,0,0
2020-05-11,US,Alabama,Marshall,576,8,0,34.36975964,-86.30486727,1095.0,568,558,8,0,550,543,96109,18,0,0,18,15
2020-05-11,US,Alabama,Mobile,1474,90,0,30.78472347,-88.20842409,1097.0,1384,1461,85,0,1376,1452,413757,13,5,0,8,9
2020-05-11,US,Alabama,Monroe,15,1,0,31.56729412,-87.36995001,1099.0,14,15,1,0,14,15,21067,0,0,0,0,0
2020-05-11,US,Alabama,Montgomery,642,15,0,32.2206831,-86.20969272,1101.0,627,608,15,0,593,576,225763,34,0,0,34,32
2020-05-11,US,Alabama,Morgan,95,0,0,34.45500589,-86.85475946,1103.0,95,93,0,0,93,92,119089,2,0,0,2,1
2020-05-11,US,Alabama,Perry,19,0,0,32.64048341,-87.29770589,1105.0,19,19,0,0,19,19,9140,0,0,0,0,0
2020-05-11,US,Alabama,Pickens,70,2,0,33.28094866,-88.08818103,1107.0,68,67,2,0,65,65,19938,3,0,0,3,2
2020-05-11,US,Alabama,Pike,99,0,0,31.80396383,-85.9408295,1109.0,99,93,0,0,93,89,33338,6,0,0,6,4
2020-05-11,US,Alabama,Randolph,111,7,0,33.29526734,-85.45708831,1111.0,104,104,7,0,97,102,22725,7,0,0,7,2
2020-05-11,US,Alabama,Russell,81,0,0,32.28725256,-85.18415324,1113.0,81,79,0,0,79,77,57781,2,0,0,2,2
2020-05-11,US,Alabama,Shelby,370,17,0,33.26879845,-86.66232561,1117.0,353,367,17,0,350,362,215707,3,0,0,3,5
2020-05-11,US,Alabama,St. Clair,84,1,0,33.71902176,-86.31029372,1115.0,83,82,1,0,81,81,88690,2,0,0,2,1
2020-05-11,US,Alabama,Sumter,106,4,0,32.59117397,-88.19916205,1119.0,102,100,4,0,96,98,12691,6,0,0,6,2
2020-05-11,US,Alabama,Talladega,73,2,0,33.37823223,-86.16886178,1121.0,71,73,2,0,71,73,79828,0,0,0,0,0
2020-05-11,US,Alabama,Tallapoosa,328,42,0,32.86698258,-85.79833053,1123.0,286,323,42,0,281,316,40497,5,0,0,5,7
2020-05-11,US,Alabama,Tuscaloosa,284,4,0,33.28726072,-87.52556818,1125.0,280,278,4,0,274,274,208911,6,0,0,6,4
2020-05-11,US,Alabama,Walker,107,0,0,33.80270512,-87.30027177,1127.0,107,106,0,0,106,106,63711,1,0,0,1,0
2020-05-11,US,Alabama,Washington,54,2,0,31.4092794,-88.20689944,1129.0,52,53,2,0,51,51,16378,1,0,0,1,2
2020-05-11,US,Alabama,Wilcox,85,4,0,31.98773215,-87.30891118,1131.0,81,81,4,0,77,80,10627,4,0,0,4,1
2020-05-11,US,Alabama,Winston,23,0,0,34.15030532,-87.37325922,1133.0,23,21,0,0,21,20,23660,2,0,0,2,1
2020-05-11,US,Alaska,Anchorage,194,4,0,61.14998174,-149.14269860000005,2020.0,190,194,4,0,190,194,291538,0,0,0,0,0
2020-05-11,US,Alaska,Bethel,1,0,0,60.90980451,-159.8561831,2050.0,1,1,0,0,1,1,18216,0,0,0,0,0
2020-05-11,US,Alaska,Fairbanks North Star,84,2,0,64.80726247,-146.5692662,2090.0,82,84,2,0,82,83,98971,0,0,0,0,1
2020-05-11,US,Alaska,Juneau,27,0,0,58.45031811,-134.200436,2110.0,27,27,0,0,27,27,32113,0,0,0,0,0
2020-05-11,US,Alaska,Kenai Peninsula,24,2,0,60.24429722,-151.53888840000005,2122.0,22,24,2,0,22,24,58533,0,0,0,0,0
2020-05-11,US,Alaska,Ketchikan Gateway,16,0,0,55.57445008,-130.975561,2130.0,16,16,0,0,16,16,13918,0,0,0,0,0
2020-05-11,US,Alaska,Kodiak Island,1,0,0,57.65529415,-153.7493579,2150.0,1,1,0,0,1,1,13345,0,0,0,0,0
2020-05-11,US,Alaska,Matanuska-Susitna,21,1,0,62.31305045,-149.5741743,2170.0,20,21,1,0,20,21,107610,0,0,0,0,0
2020-05-11,US,Alaska,Nome,1,0,0,64.90320724,-164.0353804,2180.0,1,1,0,0,1,1,10008,0,0,0,0,0
2020-05-11,US,Alaska,Petersburg,4,1,0,57.13978948,-132.9540995,2195.0,3,4,1,0,3,4,3221,0,0,0,0,0
2020-05-11,US,Alaska,Prince of Wales-Hyder,2,0,0,55.76261984,-133.0511621,2198.0,2,2,0,0,2,2,6422,0,0,0,0,0
2020-05-11,US,Alaska,Sitka,1,0,0,57.24124555,-135.3206587,2220.0,1,1,0,0,1,1,8647,0,0,0,0,0
2020-05-11,US,Alaska,Southeast Fairbanks,2,0,0,63.87692095,-143.2127643,2240.0,2,2,0,0,2,2,6918,0,0,0,0,0
2020-05-11,US,Alaska,Yukon-Koyukuk,1,0,0,65.50815459,-151.39073869999999,2290.0,1,1,0,0,1,1,5327,0,0,0,0,0
2020-05-11,US,Arizona,Apache,727,10,0,35.39465006,-109.4892383,4001.0,717,716,10,0,706,710,71818,11,0,0,11,6
2020-05-11,US,Arizona,Cochise,42,1,0,31.87934684,-109.7516088,4003.0,41,41,1,0,40,41,126770,1,0,0,1,0
2020-05-11,US,Arizona,Coconino,713,56,0,35.83883429,-111.77071780000001,4005.0,657,699,55,0,644,679,142854,14,1,0,13,20
2020-05-11,US,Arizona,Gila,19,1,0,33.80190085,-110.8132779,4007.0,18,19,1,0,18,19,53889,0,0,0,0,0
2020-05-11,US,Arizona,Graham,19,0,0,32.93166885,-109.8882178,4009.0,19,19,0,0,19,19,38072,0,0,0,0,0
2020-05-11,US,Arizona,Greenlee,2,0,0,33.21498827,-109.2405279,4011.0,2,2,0,0,2,2,9483,0,0,0,0,0
2020-05-11,US,Arizona,La Paz,23,1,0,33.72854224,-113.98100290000001,4012.0,22,23,1,0,22,22,21098,0,0,0,0,1
2020-05-11,US,Arizona,Maricopa,5988,250,0,33.34835867,-112.49181540000001,4013.0,5738,5827,247,0,5580,5779,4410824,161,3,0,158,48
2020-05-11,US,Arizona,Mohave,198,25,0,35.70471703,-113.7577902,4015.0,173,193,24,0,169,178,209550,5,1,0,4,15
2020-05-11,US,Arizona,Navajo,1006,37,0,35.3997715,-110.3218983,4017.0,969,983,36,0,947,981,110445,23,1,0,22,2
2020-05-11,US,Arizona,Pima,1602,134,0,32.0971334,-111.7890033,4019.0,1468,1585,134,0,1451,1554,1039073,17,0,0,17,31
2020-05-11,US,Arizona,Pinal,620,19,0,32.90525627,-111.3449483,4021.0,601,600,19,0,581,585,447138,20,0,0,20,15
2020-05-11,US,Arizona,Santa Cruz,45,0,0,31.52508998,-110.8479088,4023.0,45,44,0,0,44,40,46511,1,0,0,1,4
2020-05-11,US,Arizona,Unassigned,0,1,0,0.0,0.0,90004.0,-1,0,1,0,-1,0,,0,0,0,0,0
2020-05-11,US,Arizona,Yavapai,180,4,0,34.59933926,-112.5538588,4025.0,176,177,4,0,173,175,231993,3,0,0,3,2
2020-05-11,US,Arizona,Yuma,199,3,0,32.76895712,-113.90666740000002,4027.0,196,191,3,0,188,176,212128,8,0,0,8,15
2020-05-11,US,Arkansas,Arkansas,2,0,0,34.29145151,-91.37277296,5001.0,2,2,0,0,2,2,17769,0,0,0,0,0
2020-05-11,US,Arkansas,Ashley,18,0,0,33.19153461,-91.76984709999999,5003.0,18,18,0,0,18,17,20046,0,0,0,0,1
2020-05-11,US,Arkansas,Baxter,5,0,0,36.28784385,-92.33782872,5005.0,5,5,0,0,5,5,41619,0,0,0,0,0
2020-05-11,US,Arkansas,Benton,123,0,0,36.33644656,-94.25680817,5007.0,123,123,0,0,123,116,272608,0,0,0,0,7
2020-05-11,US,Arkansas,Boone,4,0,0,36.3084504,-93.09374925,5009.0,4,4,0,0,4,4,37480,0,0,0,0,0
2020-05-11,US,Arkansas,Bradley,11,1,0,33.46755808,-92.15980837,5011.0,10,11,1,0,10,11,10897,0,0,0,0,0
2020-05-11,US,Arkansas,Carroll,6,0,0,36.34038560000001,-93.54270261,5015.0,6,6,0,0,6,6,28223,0,0,0,0,0
2020-05-11,US,Arkansas,Chicot,10,0,0,33.26458973,-91.29539209,5017.0,10,10,0,0,10,10,10438,0,0,0,0,0
2020-05-11,US,Arkansas,Clark,33,0,0,34.04613432,-93.17484713,5019.0,33,33,0,0,33,32,22061,0,0,0,0,1
2020-05-11,US,Arkansas,Clay,4,0,0,36.36826212,-90.4148172,5021.0,4,3,0,0,3,3,14847,1,0,0,1,0
2020-05-11,US,Arkansas,Cleburne,72,4,0,35.53864922,-92.02640019,5023.0,68,72,4,0,68,72,24965,0,0,0,0,0
2020-05-11,US,Arkansas,Cleveland,13,0,0,33.89723187,-92.18537045,5025.0,13,13,0,0,13,13,8018,0,0,0,0,0
2020-05-11,US,Arkansas,Columbia,15,2,0,33.21230701,-93.22642793,5027.0,13,15,2,0,13,15,23537,0,0,0,0,0
2020-05-11,US,Arkansas,Conway,13,1,0,35.26205537,-92.70506566,5029.0,12,13,1,0,12,13,20891,0,0,0,0,0
2020-05-11,US,Arkansas,Craighead,98,0,0,35.83018283,-90.63235729,5031.0,98,97,0,0,97,92,108558,1,0,0,1,5
2020-05-11,US,Arkansas,Crawford,5,0,0,35.58928601,-94.2446814,5033.0,5,5,0,0,5,5,63406,0,0,0,0,0
2020-05-11,US,Arkansas,Crittenden,210,7,0,35.21247318,-90.30839406,5035.0,203,210,7,0,203,205,48342,0,0,0,0,5
2020-05-11,US,Arkansas,Cross,29,0,0,35.29631396,-90.77185818,5037.0,29,29,0,0,29,27,16676,0,0,0,0,2
2020-05-11,US,Arkansas,Dallas,1,0,0,33.97042763,-92.65167437,5039.0,1,1,0,0,1,1,7182,0,0,0,0,0
2020-05-11,US,Arkansas,Desha,17,0,0,33.83011025,-91.25500948,5041.0,17,16,0,0,16,16,11512,1,0,0,1,0
2020-05-11,US,Arkansas,Drew,19,1,0,33.59035001,-91.71777921,5043.0,18,19,1,0,18,19,18328,0,0,0,0,0
2020-05-11,US,Arkansas,Faulkner,82,2,0,35.14719007,-92.33717519,5045.0,80,82,2,0,80,81,124806,0,0,0,0,1
2020-05-11,US,Arkansas,Franklin,2,0,0,35.51202821,-93.89299569,5047.0,2,2,0,0,2,2,17810,0,0,0,0,0
2020-05-11,US,Arkansas,Fulton,3,0,0,36.38177105,-91.81729127,5049.0,3,3,0,0,3,3,12269,0,0,0,0,0
2020-05-11,US,Arkansas,Garland,119,1,0,34.57692074,-93.14921604,5051.0,118,119,1,0,118,118,99154,0,0,0,0,1
2020-05-11,US,Arkansas,Grant,15,0,0,34.29017991,-92.42320562,5053.0,15,15,0,0,15,15,18188,0,0,0,0,0
2020-05-11,US,Arkansas,Greene,23,0,0,36.11735460000001,-90.55832668,5055.0,23,23,0,0,23,22,45325,0,0,0,0,1
2020-05-11,US,Arkansas,Hempstead,7,1,0,33.73325583,-93.66935133,5057.0,6,7,1,0,6,7,21741,0,0,0,0,0
2020-05-11,US,Arkansas,Hot Spring,26,0,0,34.31709259,-92.95396325,5059.0,26,26,0,0,26,22,33701,0,0,0,0,4
2020-05-11,US,Arkansas,Howard,14,0,0,34.09007427,-93.9934871,5061.0,14,14,0,0,14,14,13341,0,0,0,0,0
2020-05-11,US,Arkansas,Independence,17,0,0,35.74242707,-91.57001641,5063.0,17,17,0,0,17,12,37678,0,0,0,0,5
2020-05-11,US,Arkansas,Izard,13,0,0,36.09604046,-91.90847954,5065.0,13,11,0,0,11,11,13593,2,0,0,2,0
2020-05-11,US,Arkansas,Jackson,1,0,0,35.59802983,-91.21494602,5067.0,1,1,0,0,1,1,16811,0,0,0,0,0
2020-05-11,US,Arkansas,Jefferson,238,19,0,34.26767081,-91.92619839,5069.0,219,234,19,0,215,226,68114,4,0,0,4,8
2020-05-11,US,Arkansas,Johnson,34,0,0,35.56759135,-93.46036368,5071.0,34,34,0,0,34,34,26742,0,0,0,0,0
2020-05-11,US,Arkansas,Lafayette,9,1,0,33.24116713,-93.60677071,5073.0,8,9,1,0,8,9,6682,0,0,0,0,0
2020-05-11,US,Arkansas,Lawrence,69,4,0,36.04188196,-91.10867198,5075.0,65,70,4,0,66,69,16434,-1,0,0,-1,1
2020-05-11,US,Arkansas,Lee,5,1,0,34.78498904,-90.78383866,5077.0,4,5,1,0,4,4,8985,0,0,0,0,1
2020-05-11,US,Arkansas,Lincoln,941,7,0,33.95317155,-91.74002806,5079.0,934,937,7,0,930,907,13383,4,0,0,4,30
2020-05-11,US,Arkansas,Logan,3,0,0,35.21413234,-93.71951016,5083.0,3,3,0,0,3,3,21737,0,0,0,0,0
2020-05-11,US,Arkansas,Lonoke,45,0,0,34.75392199,-91.88742357,5085.0,45,45,0,0,45,44,73657,0,0,0,0,1
2020-05-11,US,Arkansas,Madison,1,0,0,36.01038185,-93.72524943,5087.0,1,1,0,0,1,1,16481,0,0,0,0,0
2020-05-11,US,Arkansas,Marion,1,0,0,36.26844485,-92.68451899,5089.0,1,1,0,0,1,1,16722,0,0,0,0,0
2020-05-11,US,Arkansas,Miller,37,1,0,33.31403423,-93.89285258,5091.0,36,36,1,0,35,36,43592,1,0,0,1,0
2020-05-11,US,Arkansas,Mississippi,52,0,0,35.76271485,-90.05194370000002,5093.0,52,52,0,0,52,47,41239,0,0,0,0,5
2020-05-11,US,Arkansas,Monroe,5,0,0,34.6815935,-91.20540287,5095.0,5,5,0,0,5,4,6900,0,0,0,0,1
2020-05-11,US,Arkansas,Montgomery,1,0,0,34.53704874,-93.65824478,5097.0,1,1,0,0,1,1,8924,0,0,0,0,0
2020-05-11,US,Arkansas,Nevada,3,0,0,33.66340119,-93.30632432,5099.0,3,3,0,0,3,3,8326,0,0,0,0,0
2020-05-11,US,Arkansas,Newton,3,0,0,35.91947491,-93.21612969,5101.0,3,3,0,0,3,3,7805,0,0,0,0,0
2020-05-11,US,Arkansas,Ouachita,9,0,0,33.58839816,-92.87795984,5103.0,9,9,0,0,9,8,23606,0,0,0,0,1
2020-05-11,US,Arkansas,Perry,8,0,0,34.945915299999996,-92.94372564,5105.0,8,8,0,0,8,7,10352,0,0,0,0,1
2020-05-11,US,Arkansas,Phillips,4,1,0,34.43268455,-90.84800154,5107.0,3,4,1,0,3,4,18029,0,0,0,0,0
2020-05-11,US,Arkansas,Pike,3,0,0,34.16250414,-93.65789349,5109.0,3,3,0,0,3,3,10673,0,0,0,0,0
2020-05-11,US,Arkansas,Poinsett,25,2,0,35.57433534,-90.66268713,5111.0,23,25,2,0,23,25,23974,0,0,0,0,0
2020-05-11,US,Arkansas,Polk,7,0,0,34.48254879,-94.22728802,5113.0,7,7,0,0,7,7,20049,0,0,0,0,0
2020-05-11,US,Arkansas,Pope,48,0,0,35.44871474,-93.03212219,5115.0,48,47,0,0,47,47,64000,1,0,0,1,0
2020-05-11,US,Arkansas,Prairie,2,0,0,34.83624419,-91.55162157,5117.0,2,2,0,0,2,2,8074,0,0,0,0,0
2020-05-11,US,Arkansas,Pulaski,630,23,0,34.77054088,-92.31355101,5119.0,607,627,23,0,604,603,392680,3,0,0,3,24
2020-05-11,US,Arkansas,Randolph,22,0,0,36.3415714,-91.02455531,5121.0,22,21,0,0,21,21,17948,1,0,0,1,0
2020-05-11,US,Arkansas,Saline,73,1,0,34.64916145,-92.67583224,5125.0,72,73,1,0,72,72,121421,0,0,0,0,1
2020-05-11,US,Arkansas,Scott,1,0,0,34.85588887,-94.0632176,5127.0,1,1,0,0,1,1,10319,0,0,0,0,0
2020-05-11,US,Arkansas,Searcy,6,0,0,35.9109364,-92.69936482,5129.0,6,6,0,0,6,6,7958,0,0,0,0,0
2020-05-11,US,Arkansas,Sebastian,15,0,0,35.19605503,-94.27162713,5131.0,15,15,0,0,15,14,127753,0,0,0,0,1
2020-05-11,US,Arkansas,Sevier,21,1,0,33.99780401,-94.2424869,5133.0,20,18,1,0,17,16,17139,3,0,0,3,2
2020-05-11,US,Arkansas,Sharp,16,2,0,36.16258158,-91.47819342,5135.0,14,11,1,0,10,8,17366,5,1,0,4,3
2020-05-11,US,Arkansas,St. Francis,279,0,0,35.02201976,-90.74828138,5123.0,279,278,0,0,278,108,25439,1,0,0,1,170
2020-05-11,US,Arkansas,Stone,8,0,0,35.86251946,-92.15684085,5137.0,8,8,0,0,8,8,12457,0,0,0,0,0
2020-05-11,US,Arkansas,Unassigned,131,0,0,0.0,0.0,90005.0,131,127,0,0,127,154,,4,0,0,4,-27
2020-05-11,US,Arkansas,Union,76,4,0,33.16887091,-92.59746952,5139.0,72,76,2,0,74,73,39126,0,2,0,-2,3
2020-05-11,US,Arkansas,Van Buren,28,2,0,35.58095779,-92.51295036,5141.0,26,28,2,0,26,28,16603,0,0,0,0,0
2020-05-11,US,Arkansas,Washington,110,3,0,35.976844,-94.21800746,5143.0,107,110,3,0,107,105,236961,0,0,0,0,5
2020-05-11,US,Arkansas,White,36,1,0,35.25688493,-91.74908296,5145.0,35,36,1,0,35,35,78727,0,0,0,0,1
2020-05-11,US,Arkansas,Woodruff,1,0,0,35.18902527,-91.2439489,5147.0,1,1,0,0,1,1,6490,0,0,0,0,0
2020-05-11,US,Arkansas,Yell,7,1,0,35.00292371,-93.41171338,5149.0,6,7,1,0,6,7,21535,0,0,0,0,0
2020-05-11,US,California,Alameda,2101,71,0,37.64629437,-121.8929271,6001.0,2030,2064,71,0,1993,2023,1666753,37,0,0,37,41
2020-05-11,US,California,Alpine,2,0,0,38.59678594,-119.82235940000001,6003.0,2,2,0,0,2,2,1101,0,0,0,0,0
2020-05-11,US,California,Amador,8,0,0,38.44583082,-120.65696000000001,6005.0,8,8,0,0,8,8,39383,0,0,0,0,0
2020-05-11,US,California,Butte,20,0,0,39.66727762,-121.6005252,6007.0,20,18,0,0,18,18,231256,2,0,0,2,0
2020-05-11,US,California,Calaveras,13,0,0,38.20537103,-120.55291299999999,6009.0,13,13,0,0,13,13,45602,0,0,0,0,0
2020-05-11,US,California,Colusa,3,0,0,39.17881957,-122.2331726,6011.0,3,3,0,0,3,3,21627,0,0,0,0,0
2020-05-11,US,California,Contra Costa,1048,32,0,37.91923498,-121.9289527,6013.0,1016,1048,31,0,1017,1036,1150215,0,1,0,-1,12
2020-05-11,US,California,Del Norte,3,0,0,41.74228275,-123.89740630000001,6015.0,3,3,0,0,3,3,27828,0,0,0,0,0
2020-05-11,US,California,El Dorado,56,0,0,38.77965956,-120.5233166,6017.0,56,54,0,0,54,54,190678,2,0,0,2,0
2020-05-11,US,California,Fresno,945,9,0,36.75733899,-119.6466953,6019.0,936,885,9,0,876,841,994400,60,0,0,60,44
2020-05-11,US,California,Glenn,6,0,0,39.59875897,-122.3938452,6021.0,6,6,0,0,6,6,28047,0,0,0,0,0
2020-05-11,US,California,Humboldt,61,0,0,40.69923009,-123.876044,6023.0,61,57,0,0,57,55,136373,4,0,0,4,2
2020-05-11,US,California,Imperial,564,12,0,33.0393082,-115.36690420000001,6025.0,552,512,12,0,500,512,181827,52,0,0,52,0
2020-05-11,US,California,Inyo,19,1,0,36.51112084,-117.41119779999998,6027.0,18,19,1,0,18,19,17987,0,0,0,0,0
2020-05-11,US,California,Kern,1286,15,0,35.34329425,-118.72777959999999,6029.0,1271,1254,15,0,1239,1228,896764,32,0,0,32,26
2020-05-11,US,California,Kings,319,1,0,36.07409056,-119.8159973,6031.0,318,275,1,0,274,265,151366,44,0,0,44,10
2020-05-11,US,California,Lake,8,0,0,39.10124298,-122.75362439999999,6033.0,8,8,0,0,8,8,64382,0,0,0,0,0
2020-05-11,US,California,Los Angeles,32263,1570,0,34.30828379,-118.22824109999999,6037.0,30693,31703,1531,0,30172,31241,10105518,560,39,0,521,462
2020-05-11,US,California,Madera,67,2,0,37.21513971,-119.76655890000002,6039.0,65,67,2,0,65,66,157672,0,0,0,0,1
2020-05-11,US,California,Marin,265,14,0,38.07122463,-122.72106310000001,6041.0,251,259,14,0,245,257,259666,6,0,0,6,2
2020-05-11,US,California,Mariposa,15,0,0,37.57978556,-119.9073334,6043.0,15,15,0,0,15,15,17471,0,0,0,0,0
2020-05-11,US,California,Mendocino,12,0,0,39.4381191,-123.39113130000001,6045.0,12,12,0,0,12,12,87606,0,0,0,0,0
2020-05-11,US,California,Merced,173,3,0,37.18922369,-120.72090349999999,6047.0,170,163,3,0,160,163,274765,10,0,0,10,0
2020-05-11,US,California,Mono,32,1,0,37.93899289,-118.8872409,6051.0,31,29,1,0,28,29,14250,3,0,0,3,0
2020-05-11,US,California,Monterey,279,6,0,36.21862405,-121.24133970000001,6053.0,273,279,6,0,273,267,435594,0,0,0,0,12
2020-05-11,US,California,Napa,79,3,0,38.50735751,-122.33283899999999,6055.0,76,79,2,0,77,78,139417,0,1,0,-1,1
2020-05-11,US,California,Nevada,41,1,0,39.30394768,-120.76272809999999,6057.0,40,41,1,0,40,41,99696,0,0,0,0,0
2020-05-11,US,California,Orange,3557,76,0,33.70147516,-117.76459979999998,6059.0,3481,3502,76,0,3426,3380,3185968,55,0,0,55,122
2020-05-11,US,California,Placer,170,8,0,39.06167234,-120.72405690000001,6061.0,162,169,8,0,161,168,393149,1,0,0,1,1
2020-05-11,US,California,Plumas,4,0,0,40.00355989,-120.8395236,6063.0,4,4,0,0,4,4,18804,0,0,0,0,0
2020-05-11,US,California,Riverside,5189,217,0,33.74314981,-115.9933578,6065.0,4972,4992,204,0,4788,4992,2450758,197,13,0,184,0
2020-05-11,US,California,Sacramento,1173,50,0,38.45106826,-121.34253740000001,6067.0,1123,1167,50,0,1117,1165,1540975,6,0,0,6,2
2020-05-11,US,California,San Benito,56,2,0,36.60308176,-121.069975,6069.0,54,55,2,0,53,55,61537,1,0,0,1,0
2020-05-11,US,California,San Bernardino,3015,115,0,34.84060306,-116.1774685,6071.0,2900,2902,114,0,2788,2902,2171603,113,1,0,112,0
2020-05-11,US,California,San Diego,5065,175,0,33.03484597,-116.73653259999999,6073.0,4890,4776,175,0,4601,4662,3343364,289,0,0,289,114
2020-05-11,US,California,San Francisco,1954,35,0,37.75215114,-122.43856720000001,6075.0,1919,1943,34,0,1909,1891,883305,11,1,0,10,52
2020-05-11,US,California,San Joaquin,621,29,0,37.93433732,-121.2730061,6077.0,592,612,29,0,583,605,752660,9,0,0,9,7
2020-05-11,US,California,San Luis Obispo,226,1,0,35.38822029,-120.4039028,6079.0,225,220,1,0,219,214,284010,6,0,0,6,6
2020-05-11,US,California,San Mateo,1464,56,0,37.422880799999994,-122.32755459999998,6081.0,1408,1425,56,0,1369,1425,769545,39,0,0,39,0
2020-05-11,US,California,Santa Barbara,1362,11,0,34.65329488,-120.0188492,6083.0,1351,1250,11,0,1239,1250,446527,112,0,0,112,0
2020-05-11,US,California,Santa Clara,2341,129,0,37.23104908,-121.6970462,6085.0,2212,2339,129,0,2210,2307,1937570,2,0,0,2,32
2020-05-11,US,California,Santa Cruz,141,2,0,37.05580291,-122.0066524,6087.0,139,141,2,0,139,141,274255,0,0,0,0,0
2020-05-11,US,California,Shasta,32,4,0,40.76391419,-122.0396884,6089.0,28,31,4,0,27,31,180040,1,0,0,1,0
2020-05-11,US,California,Siskiyou,5,0,0,41.59198861,-122.54074340000001,6093.0,5,5,0,0,5,5,43724,0,0,0,0,0
2020-05-11,US,California,Solano,379,10,0,38.26827353,-121.9357113,6095.0,369,351,7,0,344,351,446610,28,3,0,25,0
2020-05-11,US,California,Sonoma,309,4,0,38.52746429,-122.88625060000001,6097.0,305,309,3,0,306,300,499942,0,1,0,-1,9
2020-05-11,US,California,Stanislaus,508,21,0,37.55862499,-120.9970722,6099.0,487,496,20,0,476,488,549815,12,1,0,11,8
2020-05-11,US,California,Sutter,34,2,0,39.03417539,-121.6945899,6101.0,32,33,2,0,31,32,96807,1,0,0,1,1
2020-05-11,US,California,Tehama,1,1,0,40.12570935,-122.23701709999999,6103.0,0,1,1,0,0,1,63916,0,0,0,0,0
2020-05-11,US,California,Trinity,1,0,0,40.64917670000001,-123.114713,6105.0,1,1,0,0,1,1,12535,0,0,0,0,0
2020-05-11,US,California,Tulare,1159,50,0,36.22026558,-118.8020203,6107.0,1109,1140,48,0,1092,1079,465861,19,2,0,17,61
2020-05-11,US,California,Tuolumne,2,0,0,38.02644018,-119.95250929999999,6109.0,2,2,0,0,2,2,54539,0,0,0,0,0
2020-05-11,US,California,Ventura,678,19,0,34.44465746,-119.09106129999999,6111.0,659,666,19,0,647,652,850967,12,0,0,12,14
2020-05-11,US,California,Yolo,174,20,0,38.68278902,-121.90182879999999,6113.0,154,172,20,0,152,172,220408,2,0,0,2,0
2020-05-11,US,California,Yuba,21,1,0,39.26255932,-121.35356440000001,6115.0,20,20,1,0,19,20,78041,1,0,0,1,0
2020-05-11,US,Colorado,Adams,2278,81,0,39.87432092,-104.3362578,8001.0,2197,2242,81,0,2161,2205,511868,36,0,0,36,37
2020-05-11,US,Colorado,Alamosa,32,2,0,37.57250606,-105.7885451,8003.0,30,25,2,0,23,25,16683,7,0,0,7,0
2020-05-11,US,Colorado,Arapahoe,3313,179,0,39.64977461,-104.3353617,8005.0,3134,3272,176,0,3096,3228,651215,41,3,0,38,44
2020-05-11,US,Colorado,Archuleta,8,0,0,37.19474156,-107.0476867,8007.0,8,8,0,0,8,8,13765,0,0,0,0,0
2020-05-11,US,Colorado,Baca,12,0,0,37.31940883,-102.5603223,8009.0,12,12,0,0,12,12,3585,0,0,0,0,0
2020-05-11,US,Colorado,Bent,1,0,0,37.95474293,-103.0720195,8011.0,1,1,0,0,1,,5882,0,0,0,0,
2020-05-11,US,Colorado,Boulder,777,55,0,40.09313619,-105.3546767,8013.0,722,767,53,0,714,757,326078,10,2,0,8,10
2020-05-11,US,Colorado,Broomfield,200,17,0,39.95998787,-105.0566324,8014.0,183,198,17,0,181,195,69267,2,0,0,2,3
2020-05-11,US,Colorado,Chaffee,68,16,0,38.74745778,-106.19265729999998,8015.0,52,68,16,0,52,68,20027,0,0,0,0,0
2020-05-11,US,Colorado,Cheyenne,5,0,0,38.82777431,-102.6032558,8017.0,5,4,0,0,4,4,1876,1,0,0,1,0
2020-05-11,US,Colorado,Clear Creek,14,1,0,39.68864463,-105.6463118,8019.0,13,14,1,0,13,14,9605,0,0,0,0,0
2020-05-11,US,Colorado,Conejos,1,0,0,37.201606,-106.19174879999998,8021.0,1,1,0,0,1,1,8200,0,0,0,0,0
2020-05-11,US,Colorado,Costilla,3,0,0,37.27732493,-105.4276548,8023.0,3,3,0,0,3,3,3828,0,0,0,0,0
2020-05-11,US,Colorado,Crowley,39,1,0,38.32608609,-103.7844965,8025.0,38,39,1,0,38,39,5858,0,0,0,0,0
2020-05-11,US,Colorado,Custer,2,0,0,38.10883162,-105.3683478,8027.0,2,2,0,0,2,2,4954,0,0,0,0,0
2020-05-11,US,Colorado,Delta,55,1,0,38.86246243,-107.8631342,8029.0,54,55,1,0,54,54,30953,0,0,0,0,1
2020-05-11,US,Colorado,Denver,4118,212,0,39.76018276,-104.8725695,8031.0,3906,4070,206,0,3864,4001,716492,48,6,0,42,69
2020-05-11,US,Colorado,Douglas,604,29,0,39.33133796,-104.930001,8035.0,575,601,28,0,573,591,342776,3,1,0,2,10
2020-05-11,US,Colorado,Eagle,559,8,0,39.62754308,-106.6933637,8037.0,551,558,7,0,551,558,54993,1,1,0,0,0
2020-05-11,US,Colorado,El Paso,1137,79,0,38.83240149,-104.5251411,8041.0,1058,1124,78,0,1046,1109,713856,13,1,0,12,15
2020-05-11,US,Colorado,Elbert,39,1,0,39.28656773,-104.1358721,8039.0,38,39,1,0,38,39,26282,0,0,0,0,0
2020-05-11,US,Colorado,Fremont,23,0,0,38.47362326,-105.4399667,8043.0,23,23,0,0,23,23,48021,0,0,0,0,0
2020-05-11,US,Colorado,Garfield,103,2,0,39.59921777,-107.902708,8045.0,101,104,2,0,102,103,59770,-1,0,0,-1,1
2020-05-11,US,Colorado,Gilpin,1,0,0,39.85646523,-105.5252597,8047.0,1,3,0,0,3,3,6121,-2,0,0,-2,0
2020-05-11,US,Colorado,Grand,5,0,0,40.10603347,-106.1178042,8049.0,5,5,0,0,5,5,15525,0,0,0,0,0
2020-05-11,US,Colorado,Gunnison,173,6,0,38.66611652,-107.0320729,8051.0,167,173,6,0,167,173,17246,0,0,0,0,0
2020-05-11,US,Colorado,Hinsdale,3,0,0,37.82247444,-107.3004345,8053.0,3,3,0,0,3,3,811,0,0,0,0,0
2020-05-11,US,Colorado,Huerfano,3,0,0,37.68473101,-104.9612585,8055.0,3,3,0,0,3,3,6889,0,0,0,0,0
2020-05-11,US,Colorado,Jefferson,1658,94,0,39.58635604,-105.2517692,8059.0,1564,1649,94,0,1555,1627,580233,9,0,0,9,22
2020-05-11,US,Colorado,Kit Carson,25,2,0,39.30497777,-102.6022199,8063.0,23,26,2,0,24,26,7163,-1,0,0,-1,0
2020-05-11,US,Colorado,La Plata,65,1,0,37.28632032,-107.8429014,8067.0,64,65,1,0,64,65,56310,0,0,0,0,0
2020-05-11,US,Colorado,Lake,23,0,0,39.20278823,-106.3555697,8065.0,23,23,0,0,23,23,7824,0,0,0,0,0
2020-05-11,US,Colorado,Larimer,452,19,0,40.66671597,-105.4625784,8069.0,433,448,18,0,430,444,350518,4,1,0,3,4
2020-05-11,US,Colorado,Las Animas,4,0,0,37.3153406,-104.0376458,8071.0,4,4,0,0,4,4,14503,0,0,0,0,0
2020-05-11,US,Colorado,Lincoln,3,0,0,38.98749519,-103.5136649,8073.0,3,3,0,0,3,3,5610,0,0,0,0,0
2020-05-11,US,Colorado,Logan,432,2,0,40.7249637,-103.110817,8075.0,430,401,2,0,399,389,21528,31,0,0,31,12
2020-05-11,US,Colorado,Mesa,51,0,0,39.01787888,-108.469799,8077.0,51,51,0,0,51,51,153207,0,0,0,0,0
2020-05-11,US,Colorado,Mineral,2,0,0,37.66954283,-106.9281698,8079.0,2,2,0,0,2,2,776,0,0,0,0,0
2020-05-11,US,Colorado,Moffat,6,0,0,40.61810999,-108.2070876,8081.0,6,6,0,0,6,6,13188,0,0,0,0,0
2020-05-11,US,Colorado,Montezuma,24,3,0,37.33859579,-108.5958857,8083.0,21,23,2,0,21,23,26158,1,1,0,0,0
2020-05-11,US,Colorado,Montrose,127,11,0,38.40214114,-108.26390220000002,8085.0,116,124,11,0,113,122,42214,3,0,0,3,2
2020-05-11,US,Colorado,Morgan,517,22,0,40.26279810000001,-103.8093302,8087.0,495,508,22,0,486,485,28558,9,0,0,9,23
2020-05-11,US,Colorado,Otero,10,1,0,37.9014485,-103.7173385,8089.0,9,10,1,0,9,10,18432,0,0,0,0,0
2020-05-11,US,Colorado,Ouray,6,1,0,38.14717457,-107.7675136,8091.0,5,6,1,0,5,6,4833,0,0,0,0,0
2020-05-11,US,Colorado,Out of CO,0,1,0,0.0,0.0,80008.0,-1,0,2,0,-2,0,,0,-1,0,1,0
2020-05-11,US,Colorado,Park,16,0,0,39.120926,-105.7182065,8093.0,16,15,0,0,15,15,18556,1,0,0,1,0
2020-05-11,US,Colorado,Phillips,9,0,0,40.59414277,-102.3577703,8095.0,9,8,0,0,8,8,4286,1,0,0,1,0
2020-05-11,US,Colorado,Pitkin,54,2,0,39.21720112,-106.9310027,8097.0,52,54,2,0,52,54,17950,0,0,0,0,0
2020-05-11,US,Colorado,Prowers,9,0,0,37.95544985,-102.3926052,8099.0,9,9,0,0,9,8,12164,0,0,0,0,1
2020-05-11,US,Colorado,Pueblo,185,12,0,38.17359144,-104.5127437,8101.0,173,182,12,0,170,176,167529,3,0,0,3,6
2020-05-11,US,Colorado,Rio Blanco,1,0,0,39.97913541,-108.2179009,8103.0,1,1,0,0,1,1,6336,0,0,0,0,0
2020-05-11,US,Colorado,Rio Grande,8,0,0,37.5836865,-106.3847838,8105.0,8,7,0,0,7,7,11250,1,0,0,1,0
2020-05-11,US,Colorado,Routt,58,6,0,40.48596505,-106.9905548,8107.0,52,58,6,0,52,58,25733,0,0,0,0,0
2020-05-11,US,Colorado,Saguache,5,0,0,38.08054629,-106.282466,8109.0,5,5,0,0,5,5,6843,0,0,0,0,0
2020-05-11,US,Colorado,San Juan,1,0,0,37.76248981,-107.67632890000002,8111.0,1,1,0,0,1,1,762,0,0,0,0,0
2020-05-11,US,Colorado,San Miguel,20,0,0,38.00450883,-108.4020725,8113.0,20,20,0,0,20,20,8191,0,0,0,0,0
2020-05-11,US,Colorado,Summit,169,1,0,39.63803232,-106.1150762,8117.0,168,165,1,0,164,162,31007,4,0,0,4,3
2020-05-11,US,Colorado,Teller,31,2,0,38.88133511,-105.1614893,8119.0,29,31,2,0,29,30,25083,0,0,0,0,1
2020-05-11,US,Colorado,Unassigned,153,3,0,0.0,0.0,90008.0,150,222,3,0,219,179,,-69,0,0,-69,43
2020-05-11,US,Colorado,Washington,9,0,0,39.97015535,-103.202587,8121.0,9,9,0,0,9,9,4909,0,0,0,0,0
2020-05-11,US,Colorado,Weld,2159,114,0,40.55499405,-104.3929621,8123.0,2045,2139,113,0,2026,2120,314305,20,1,0,19,19
2020-05-11,US,Colorado,Yuma,11,0,0,40.00346839,-102.4258673,8125.0,11,11,0,0,11,10,10020,0,0,0,0,1
2020-05-11,US,Connecticut,Fairfield,13312,1034,0,41.26809896,-73.3881171,9001.0,12278,13236,1024,0,12212,13030,943823,76,10,0,66,206
2020-05-11,US,Connecticut,Hartford,7358,921,0,41.80283011,-72.73103891,9003.0,6437,7263,909,0,6354,7105,892697,95,12,0,83,158
2020-05-11,US,Connecticut,Litchfield,1161,109,0,41.7937534,-73.2451475,9005.0,1052,1153,107,0,1046,1142,181111,8,2,0,6,11
2020-05-11,US,Connecticut,Middlesex,801,115,0,41.45949668,-72.53714864,9007.0,686,798,115,0,683,789,162682,3,0,0,3,9
2020-05-11,US,Connecticut,New Haven,9260,716,0,41.408032500000004,-72.93620426,9009.0,8544,9209,701,0,8508,9091,857620,51,15,0,36,118
2020-05-11,US,Connecticut,New London,784,56,0,41.48896435,-72.10430976,9011.0,728,782,54,0,728,775,266784,2,2,0,0,7
2020-05-11,US,Connecticut,Tolland,545,47,0,41.85853803,-72.3308481,9013.0,498,543,47,0,496,540,150921,2,0,0,2,3
2020-05-11,US,Connecticut,Unassigned,273,3,0,0.0,0.0,90009.0,270,300,3,0,297,246,,-27,0,0,-27,54
2020-05-11,US,Connecticut,Windham,271,7,0,41.82972709,-71.98182316,9015.0,264,270,7,0,263,266,117027,1,0,0,1,4
2020-05-11,US,Delaware,Kent,1044,39,0,39.08646628,-75.56884914,10001.0,1005,985,38,0,947,985,178550,59,1,0,58,0
2020-05-11,US,Delaware,New Castle,2390,95,0,39.57992638,-75.64054974,10003.0,2295,2275,93,0,2182,2275,559335,115,2,0,113,0
2020-05-11,US,Delaware,Sussex,3091,91,0,38.66143781,-75.39031349,10005.0,3000,2990,90,0,2900,2990,229286,101,1,0,100,0
2020-05-11,US,Delaware,Unassigned,40,0,0,0.0,0.0,90010.0,40,27,0,0,27,27,,13,0,0,13,0
2020-05-11,US,District of Columbia,District of Columbia,6389,328,0,38.90417773,-77.01655992,11001.0,6061,6272,323,0,5949,6102,702455,117,5,0,112,170
2020-05-11,US,Florida,Alachua,320,5,0,29.67866525,-82.35928158,12001.0,315,312,5,0,307,308,269956,8,0,0,8,4
2020-05-11,US,Florida,Baker,25,3,0,30.33060121,-82.28467476,12003.0,22,25,3,0,22,24,28355,0,0,0,0,1
2020-05-11,US,Florida,Bay,76,3,0,30.26548745,-85.62122584,12005.0,73,76,3,0,73,76,185287,0,0,0,0,0
2020-05-11,US,Florida,Bradford,48,2,0,29.95079741,-82.16611613,12007.0,46,48,2,0,46,48,27732,0,0,0,0,0
2020-05-11,US,Florida,Brevard,330,9,0,28.29409504,-80.73091022,12009.0,321,328,9,0,319,328,596849,2,0,0,2,0
2020-05-11,US,Florida,Broward,5882,258,0,26.15184651,-80.48725556,12011.0,5624,5858,257,0,5601,5780,1951260,24,1,0,23,78
2020-05-11,US,Florida,Calhoun,27,0,0,30.40666734,-85.19394153,12013.0,27,27,0,0,27,27,14587,0,0,0,0,0
2020-05-11,US,Florida,Charlotte,337,33,0,26.90131002,-81.92949121,12015.0,304,329,33,0,296,317,184998,8,0,0,8,12
2020-05-11,US,Florida,Citrus,106,11,0,28.84804315,-82.47614748,12017.0,95,106,11,0,95,104,147929,0,0,0,0,2
2020-05-11,US,Florida,Clay,302,21,0,29.98319144,-81.85609986,12019.0,281,300,19,0,281,299,216072,2,2,0,0,1
2020-05-11,US,Florida,Collier,766,28,0,26.11091986,-81.34687065,12021.0,738,752,27,0,725,734,378488,14,1,0,13,18
2020-05-11,US,Florida,Columbia,103,2,0,30.22509788,-82.62160164,12023.0,101,103,2,0,101,102,70503,0,0,0,0,1
2020-05-11,US,Florida,DeSoto,51,5,0,27.18677893,-81.80941373,12027.0,46,47,5,0,42,47,37489,4,0,0,4,0
2020-05-11,US,Florida,Dixie,13,0,0,29.60631086,-83.15724673,12029.0,13,13,0,0,13,13,16700,0,0,0,0,0
2020-05-11,US,Florida,Duval,1171,29,0,30.33225875,-81.66976468,12031.0,1142,1164,29,0,1135,1134,950181,7,0,0,7,30
2020-05-11,US,Florida,Escambia,641,18,0,30.67652764,-87.37284571,12033.0,623,638,18,0,620,634,315534,3,0,0,3,4
2020-05-11,US,Florida,Flagler,147,4,0,29.45933576,-81.31508595,12035.0,143,147,4,0,143,147,112067,0,0,0,0,0
2020-05-11,US,Florida,Franklin,2,0,0,29.83791238,-84.82731662,12037.0,2,2,0,0,2,2,11736,0,0,0,0,0
2020-05-11,US,Florida,Gadsden,130,0,0,30.57796289,-84.61915825,12039.0,130,128,0,0,128,128,45894,2,0,0,2,0
2020-05-11,US,Florida,Gilchrist,6,0,0,29.72856978,-82.79880657,12041.0,6,6,0,0,6,6,18256,0,0,0,0,0
2020-05-11,US,Florida,Glades,7,1,0,26.95635849,-81.18996211,12043.0,6,7,1,0,6,7,13724,0,0,0,0,0
2020-05-11,US,Florida,Gulf,1,0,0,29.93543004,-85.24270990000002,12045.0,1,1,0,0,1,1,16164,0,0,0,0,0
2020-05-11,US,Florida,Hamilton,19,0,0,30.49673973,-82.94998918,12047.0,19,18,0,0,18,8,14310,1,0,0,1,10
2020-05-11,US,Florida,Hardee,36,0,0,27.49293939,-81.80956574,12049.0,36,36,0,0,36,36,27245,0,0,0,0,0
2020-05-11,US,Florida,Hendry,151,6,0,26.55386945,-81.16469006,12051.0,145,145,5,0,140,136,41556,6,1,0,5,9
2020-05-11,US,Florida,Hernando,101,5,0,28.55364461,-82.42700204,12053.0,96,100,5,0,95,98,190865,1,0,0,1,2
2020-05-11,US,Florida,Highlands,99,8,0,27.34254618,-81.34071957,12055.0,91,98,8,0,90,96,105424,1,0,0,1,2
2020-05-11,US,Florida,Hillsborough,1448,38,0,27.9276559,-82.32013172,12057.0,1410,1432,37,0,1395,1400,1436888,16,1,0,15,32
2020-05-11,US,Florida,Holmes,10,0,0,30.86747479,-85.81319222,12059.0,10,10,0,0,10,10,19477,0,0,0,0,0
2020-05-11,US,Florida,Indian River,100,8,0,27.69308961,-80.60556721,12061.0,92,100,8,0,92,100,157413,0,0,0,0,0
2020-05-11,US,Florida,Jackson,97,0,0,30.795459700000002,-85.21500423,12063.0,97,91,0,0,91,72,48305,6,0,0,6,19
2020-05-11,US,Florida,Jefferson,28,2,0,30.43669112,-83.89442308,12065.0,26,28,2,0,26,28,14288,0,0,0,0,0
2020-05-11,US,Florida,Lafayette,3,0,0,29.98484137,-83.18166636,12067.0,3,3,0,0,3,3,8732,0,0,0,0,0
2020-05-11,US,Florida,Lake,243,14,0,28.76202069,-81.7125123,12069.0,229,242,14,0,228,240,356495,1,0,0,1,2
2020-05-11,US,Florida,Lee,1285,68,0,26.58410348,-81.88399313,12071.0,1217,1268,65,0,1203,1249,754610,17,3,0,14,19
2020-05-11,US,Florida,Leon,254,6,0,30.45955727,-84.27491114,12073.0,248,254,6,0,248,252,292502,0,0,0,0,2
2020-05-11,US,Florida,Levy,20,0,0,29.31829741,-82.74007147,12075.0,20,20,0,0,20,20,40770,0,0,0,0,0
2020-05-11,US,Florida,Liberty,198,0,0,30.23766008,-84.8829258,12077.0,198,198,0,0,198,196,8457,0,0,0,0,2
2020-05-11,US,Florida,Madison,61,3,0,30.44396917,-83.47398594,12079.0,58,61,3,0,58,61,18529,0,0,0,0,0
2020-05-11,US,Florida,Manatee,783,74,0,27.47196942,-82.31831044,12081.0,709,776,74,0,702,756,394855,7,0,0,7,20
2020-05-11,US,Florida,Marion,211,5,0,29.21227113,-82.05803627,12083.0,206,208,5,0,203,210,359977,3,0,0,3,-2
2020-05-11,US,Florida,Martin,261,6,0,27.0772071,-80.43109784,12085.0,255,255,6,0,249,245,160912,6,0,0,6,10
2020-05-11,US,Florida,Miami-Dade,14167,490,0,25.6112362,-80.55170587,12086.0,13677,14007,487,0,13520,13841,2761581,160,3,0,157,166
2020-05-11,US,Florida,Monroe,92,3,0,25.20904673,-81.07812416,12087.0,89,88,3,0,85,89,75027,4,0,0,4,-1
2020-05-11,US,Florida,Nassau,61,1,0,30.61037141,-81.80297522,12089.0,60,60,1,0,59,60,85832,1,0,0,1,0
2020-05-11,US,Florida,Okaloosa,169,5,0,30.69143028,-86.59267105,12091.0,164,169,5,0,164,168,207269,0,0,0,0,1
2020-05-11,US,Florida,Okeechobee,28,0,0,27.386336199999995,-80.88944347,12093.0,28,28,0,0,28,23,41537,0,0,0,0,5
2020-05-11,US,Florida,Orange,1512,35,0,28.51367621,-81.31799498,12095.0,1477,1505,35,0,1470,1505,1380645,7,0,0,7,0
2020-05-11,US,Florida,Osceola,573,13,0,28.06312234,-81.14882926,12097.0,560,572,12,0,560,564,367990,1,1,0,0,8
2020-05-11,US,Florida,Palm Beach,3889,238,0,26.64676272,-80.46536002,12099.0,3651,3870,237,0,3633,3798,1485941,19,1,0,18,72
2020-05-11,US,Florida,Pasco,300,9,0,28.30810945,-82.40227529,12101.0,291,297,9,0,288,293,539630,3,0,0,3,4
2020-05-11,US,Florida,Pinellas,876,61,0,27.93130349,-82.72239666,12103.0,815,861,60,0,801,848,975280,15,1,0,14,13
2020-05-11,US,Florida,Polk,655,33,0,27.95027105,-81.69732947,12105.0,622,636,33,0,603,623,708009,19,0,0,19,13
2020-05-11,US,Florida,Putnam,127,2,0,29.60779729,-81.74230285,12107.0,125,126,4,0,122,125,74163,1,-2,0,3,1
2020-05-11,US,Florida,Santa Rosa,176,9,0,30.69341450000001,-87.02458128,12113.0,167,173,9,0,164,172,179349,3,0,0,3,1
2020-05-11,US,Florida,Sarasota,430,57,0,27.18546175,-82.33174248,12115.0,373,426,57,0,369,418,426718,4,0,0,4,8
2020-05-11,US,Florida,Seminole,415,11,0,28.7158582,-81.24060348,12117.0,404,415,11,0,404,411,467832,0,0,0,0,4
2020-05-11,US,Florida,St. Johns,222,4,0,29.90096506,-81.43589967,12109.0,218,222,4,0,218,222,254261,0,0,0,0,0
2020-05-11,US,Florida,St. Lucie,284,25,0,27.37763908,-80.47106649,12111.0,259,282,25,0,257,280,321128,2,0,0,2,2
2020-05-11,US,Florida,Sumter,244,14,0,28.70181754,-82.0794267,12119.0,230,244,14,0,230,240,128754,0,0,0,0,4
2020-05-11,US,Florida,Suwannee,146,18,0,30.19746066,-82.99099670000003,12121.0,128,146,18,0,128,145,44191,0,0,0,0,1
2020-05-11,US,Florida,Taylor,3,0,0,30.04848048,-83.60445406,12123.0,3,3,0,0,3,3,21623,0,0,0,0,0
2020-05-11,US,Florida,Unassigned,50,0,0,0.0,0.0,90012.0,50,50,0,0,50,49,,0,0,0,0,1
2020-05-11,US,Florida,Union,7,0,0,30.04412971,-82.37497443,12125.0,7,6,0,0,6,6,14940,1,0,0,1,0
2020-05-11,US,Florida,Volusia,551,29,0,29.05858895,-81.18263252,12127.0,522,548,28,0,520,540,547538,3,1,0,2,8
2020-05-11,US,Florida,Wakulla,29,1,0,30.16548905,-84.39895211,12129.0,28,29,1,0,28,29,32461,0,0,0,0,0
2020-05-11,US,Florida,Walton,65,2,0,30.64204028,-86.16935664,12131.0,63,61,2,0,59,55,71375,4,0,0,4,6
2020-05-11,US,Florida,Washington,12,0,0,30.61359259,-85.66002461,12133.0,12,12,0,0,12,12,24880,0,0,0,0,0
2020-05-11,US,Georgia,Appling,93,10,0,31.74847232,-82.28909114,13001.0,83,93,10,0,83,92,18507,0,0,0,0,1
2020-05-11,US,Georgia,Atkinson,20,1,0,31.29633502,-82.87545866,13003.0,19,20,1,0,19,20,8297,0,0,0,0,0
2020-05-11,US,Georgia,Bacon,43,1,0,31.55456473,-82.45936528,13005.0,42,43,1,0,42,41,11185,0,0,0,0,2
2020-05-11,US,Georgia,Baker,33,2,0,31.32669878,-84.44218806,13007.0,31,31,2,0,29,31,3092,2,0,0,2,0
2020-05-11,US,Georgia,Baldwin,275,13,0,33.06882326,-83.24701748,13009.0,262,271,12,0,259,270,44823,4,1,0,3,1
2020-05-11,US,Georgia,Banks,36,0,0,34.35607081,-83.49644388,13011.0,36,36,0,0,36,36,18988,0,0,0,0,0
2020-05-11,US,Georgia,Barrow,195,6,0,33.99148694,-83.71436292,13013.0,189,193,5,0,188,194,80809,2,1,0,1,-1
2020-05-11,US,Georgia,Bartow,364,33,0,34.23732119,-84.83887523,13015.0,331,363,31,0,332,361,106408,1,2,0,-1,2
2020-05-11,US,Georgia,Ben Hill,40,0,0,31.76095874,-83.22145359,13017.0,40,39,0,0,39,39,16787,1,0,0,1,0
2020-05-11,US,Georgia,Berrien,19,0,0,31.27590016,-83.22529920000002,13019.0,19,19,0,0,19,19,19252,0,0,0,0,0
2020-05-11,US,Georgia,Bibb,370,15,0,32.80904227,-83.70489165,13021.0,355,367,15,0,352,365,153095,3,0,0,3,2
2020-05-11,US,Georgia,Bleckley,29,0,0,32.43829035,-83.33035166,13023.0,29,29,0,0,29,28,12838,0,0,0,0,1
2020-05-11,US,Georgia,Brantley,26,2,0,31.19576557,-81.97743999,13025.0,24,25,2,0,23,24,18897,1,0,0,1,1
2020-05-11,US,Georgia,Brooks,64,7,0,30.83922642,-83.58303423,13027.0,57,64,7,0,57,64,15513,0,0,0,0,0
2020-05-11,US,Georgia,Bryan,60,4,0,32.00979311,-81.44002948,13029.0,56,60,4,0,56,59,38109,0,0,0,0,1
2020-05-11,US,Georgia,Bulloch,44,2,0,32.39577406,-81.74811421,13031.0,42,43,2,0,41,42,77296,1,0,0,1,1
2020-05-11,US,Georgia,Burke,109,4,0,33.05917989,-81.99928721,13033.0,105,107,4,0,103,103,22423,2,0,0,2,4
2020-05-11,US,Georgia,Butts,189,17,0,33.283094500000004,-83.95435040000002,13035.0,172,180,17,0,163,172,24193,9,0,0,9,8
2020-05-11,US,Georgia,Calhoun,117,5,0,31.53169785,-84.62725131,13037.0,112,117,5,0,112,116,6352,0,0,0,0,1
2020-05-11,US,Georgia,Camden,37,1,0,30.92951916,-81.66601818,13039.0,36,37,1,0,36,36,53677,0,0,0,0,1
2020-05-11,US,Georgia,Candler,9,0,0,32.40209349,-82.07702563,13043.0,9,9,0,0,9,8,10836,0,0,0,0,1
2020-05-11,US,Georgia,Carroll,395,18,0,33.58138199,-85.07976677,13045.0,377,395,17,0,378,393,118121,0,1,0,-1,2
2020-05-11,US,Georgia,Catoosa,55,0,0,34.89872298,-85.13757014,13047.0,55,53,0,0,53,53,67420,2,0,0,2,0
2020-05-11,US,Georgia,Charlton,17,1,0,30.78371028,-82.13951596,13049.0,16,17,0,0,17,17,12968,0,1,0,-1,0
2020-05-11,US,Georgia,Chatham,311,13,0,32.00043026,-81.12489526,13051.0,298,303,12,0,291,299,289195,8,1,0,7,4
2020-05-11,US,Georgia,Chattahoochee,14,0,0,32.34341231,-84.78809239,13053.0,14,12,0,0,12,12,10684,2,0,0,2,0
2020-05-11,US,Georgia,Chattooga,16,2,0,34.47197698,-85.34535662,13055.0,14,16,2,0,14,16,24790,0,0,0,0,0
2020-05-11,US,Georgia,Cherokee,621,18,0,34.24393976,-84.47431861,13057.0,603,607,17,0,590,593,254149,14,1,0,13,14
2020-05-11,US,Georgia,Clarke,188,13,0,33.95436462,-83.37124007,13059.0,175,186,13,0,173,182,127330,2,0,0,2,4
2020-05-11,US,Georgia,Clay,27,3,0,31.62221166,-84.97713865,13061.0,24,27,3,0,24,27,2887,0,0,0,0,0
2020-05-11,US,Georgia,Clayton,944,34,0,33.54187245,-84.35594188,13063.0,910,925,34,0,891,901,289615,19,0,0,19,24
2020-05-11,US,Georgia,Clinch,29,0,0,30.91395822,-82.70432472,13065.0,29,17,0,0,17,17,6648,12,0,0,12,0
2020-05-11,US,Georgia,Cobb,2186,118,0,33.94243204,-84.5761255,13067.0,2068,2175,117,0,2058,2128,756865,11,1,0,10,47
2020-05-11,US,Georgia,Coffee,177,10,0,31.54892966,-82.85492059999999,13069.0,167,175,9,0,166,175,43093,2,1,0,1,0
2020-05-11,US,Georgia,Colquitt,210,10,0,31.18810588,-83.7677946,13071.0,200,207,10,0,197,207,45592,3,0,0,3,0
2020-05-11,US,Georgia,Columbia,183,5,0,33.54534185,-82.263524,13073.0,178,183,5,0,178,179,154291,0,0,0,0,4
2020-05-11,US,Georgia,Cook,32,2,0,31.16068491,-83.42947229,13075.0,30,32,1,0,31,31,17162,0,1,0,-1,1
2020-05-11,US,Georgia,Coweta,278,4,0,33.35334302,-84.76129976,13077.0,274,276,4,0,272,265,145864,2,0,0,2,11
2020-05-11,US,Georgia,Crawford,18,0,0,32.71391813,-83.98061238,13079.0,18,18,0,0,18,19,12318,0,0,0,0,-1
2020-05-11,US,Georgia,Crisp,185,7,0,31.92289565,-83.76811843,13081.0,178,185,6,0,179,182,22601,0,1,0,-1,3
2020-05-11,US,Georgia,Dade,17,1,0,34.854916700000004,-85.50490424,13083.0,16,17,1,0,16,16,16226,0,0,0,0,1
2020-05-11,US,Georgia,Dawson,81,1,0,34.44244079,-84.16964071,13085.0,80,81,1,0,80,75,25083,0,0,0,0,6
2020-05-11,US,Georgia,DeKalb,2555,71,0,33.76944049,-84.22396017,13089.0,2484,2535,69,0,2466,2489,756558,20,2,0,18,46
2020-05-11,US,Georgia,Decatur,109,3,0,30.87967778,-84.57619536,13087.0,106,109,2,0,107,109,26575,0,1,0,-1,0
2020-05-11,US,Georgia,Dodge,34,1,0,32.17265114,-83.16948926,13091.0,33,32,1,0,31,32,20705,2,0,0,2,0
2020-05-11,US,Georgia,Dooly,146,12,0,32.15630737,-83.79746561,13093.0,134,146,12,0,134,141,13706,0,0,0,0,5
2020-05-11,US,Georgia,Dougherty,1609,128,0,31.53328528,-84.21722377,13095.0,1481,1593,126,0,1467,1587,91243,16,2,0,14,6
2020-05-11,US,Georgia,Douglas,417,12,0,33.70291126,-84.77026156,13097.0,405,405,11,0,394,400,145331,12,1,0,11,5
2020-05-11,US,Georgia,Early,226,26,0,31.32155345,-84.90255207,13099.0,200,226,26,0,200,226,10247,0,0,0,0,0
2020-05-11,US,Georgia,Echols,7,0,0,30.71101099,-82.89687287,13101.0,7,6,0,0,6,6,4000,1,0,0,1,0
2020-05-11,US,Georgia,Effingham,38,1,0,32.36616021,-81.34280942,13103.0,37,38,1,0,37,37,62190,0,0,0,0,1
2020-05-11,US,Georgia,Elbert,42,0,0,34.11302332,-82.83936148,13105.0,42,42,0,0,42,39,19120,0,0,0,0,3
2020-05-11,US,Georgia,Emanuel,24,1,0,32.59221302,-82.30239915,13107.0,23,23,1,0,22,23,22612,1,0,0,1,0
2020-05-11,US,Georgia,Evans,5,0,0,32.15328841,-81.8870105,13109.0,5,5,0,0,5,5,10721,0,0,0,0,0
2020-05-11,US,Georgia,Fannin,34,1,0,34.86430205,-84.316964,13111.0,33,34,1,0,33,34,25964,0,0,0,0,0
2020-05-11,US,Georgia,Fayette,201,12,0,33.41357794,-84.49089434,13113.0,189,199,12,0,187,195,113459,2,0,0,2,4
2020-05-11,US,Georgia,Floyd,158,12,0,34.26268279,-85.21577392,13115.0,146,157,12,0,145,157,97927,1,0,0,1,0
2020-05-11,US,Georgia,Forsyth,391,10,0,34.22604035,-84.12315129999998,13117.0,381,388,10,0,378,366,236612,3,0,0,3,22
2020-05-11,US,Georgia,Franklin,26,1,0,34.37525597,-83.23159927,13119.0,25,26,1,0,25,26,23023,0,0,0,0,0
2020-05-11,US,Georgia,Fulton,3516,145,0,33.79216944,-84.46319413,13121.0,3371,3508,144,0,3364,3385,1050114,8,1,0,7,123
2020-05-11,US,Georgia,Gilmer,98,0,0,34.69316688,-84.45802506,13123.0,98,97,0,0,97,95,30816,1,0,0,1,2
2020-05-11,US,Georgia,Glascock,1,0,0,33.22879932,-82.61297636,13125.0,1,1,1,0,0,1,2995,0,-1,0,1,0
2020-05-11,US,Georgia,Glynn,73,1,0,31.23279254,-81.53811412,13127.0,72,73,1,0,72,72,85219,0,0,0,0,1
2020-05-11,US,Georgia,Gordon,124,16,0,34.50487351,-84.87296253,13129.0,108,122,15,0,107,121,57685,2,1,0,1,1
2020-05-11,US,Georgia,Grady,83,4,0,30.87454847,-84.23418364,13131.0,79,83,4,0,79,83,24748,0,0,0,0,0
2020-05-11,US,Georgia,Greene,57,5,0,33.5769205,-83.17139104,13133.0,52,56,5,0,51,57,17698,1,0,0,1,-1
2020-05-11,US,Georgia,Gwinnett,2475,92,0,33.96044201,-84.02137802,13135.0,2383,2447,87,0,2360,2403,927781,28,5,0,23,44
2020-05-11,US,Georgia,Habersham,386,16,0,34.63331566,-83.53094677,13137.0,370,386,16,0,370,386,45388,0,0,0,0,0
2020-05-11,US,Georgia,Hall,2039,29,0,34.32207823,-83.81896936,13139.0,2010,2012,28,0,1984,2002,202148,27,1,0,26,10
2020-05-11,US,Georgia,Hancock,128,3,0,33.2721566,-82.99766919,13141.0,125,128,3,0,125,127,8348,0,0,0,0,1
2020-05-11,US,Georgia,Haralson,32,2,0,33.79602175,-85.21005667,13143.0,30,32,2,0,30,32,29533,0,0,0,0,0
2020-05-11,US,Georgia,Harris,67,2,0,32.73709786,-84.90538572,13145.0,65,66,2,0,64,65,34475,1,0,0,1,1
2020-05-11,US,Georgia,Hart,18,0,0,34.34626973,-82.96567682,13147.0,18,17,0,0,17,16,26099,1,0,0,1,1
2020-05-11,US,Georgia,Heard,15,1,0,33.29686567,-85.12886832,13149.0,14,14,1,0,13,14,11879,1,0,0,1,0
2020-05-11,US,Georgia,Henry,610,14,0,33.4533428,-84.14814659999998,13151.0,596,604,14,0,590,593,230220,6,0,0,6,11
2020-05-11,US,Georgia,Houston,285,15,0,32.45802497,-83.66879087,13153.0,270,286,15,0,271,283,155469,-1,0,0,-1,3
2020-05-11,US,Georgia,Irwin,22,1,0,31.60213036,-83.27501387,13155.0,21,21,1,0,20,21,9398,1,0,0,1,0
2020-05-11,US,Georgia,Jackson,124,3,0,34.13794553,-83.56814788,13157.0,121,123,3,0,120,123,70422,1,0,0,1,0
2020-05-11,US,Georgia,Jasper,25,0,0,33.31535543,-83.68844964,13159.0,25,25,0,0,25,25,14040,0,0,0,0,0
2020-05-11,US,Georgia,Jeff Davis,24,1,0,31.80405727,-82.63724870000001,13161.0,23,24,1,0,23,24,15029,0,0,0,0,0
2020-05-11,US,Georgia,Jefferson,17,1,0,33.05867328,-82.41609057,13163.0,16,17,1,0,16,17,15430,0,0,0,0,0
2020-05-11,US,Georgia,Jenkins,17,1,0,32.79248718,-81.96040187,13165.0,16,17,1,0,16,17,8683,0,0,0,0,0
2020-05-11,US,Georgia,Johnson,67,2,0,32.70211082,-82.66166794,13167.0,65,66,2,0,64,66,9708,1,0,0,1,0
2020-05-11,US,Georgia,Jones,30,0,0,33.02512137,-83.56019163,13169.0,30,31,0,0,31,30,28616,-1,0,0,-1,1
2020-05-11,US,Georgia,Lamar,40,1,0,33.07841647,-84.14263877,13171.0,39,40,1,0,39,39,19000,0,0,0,0,1
2020-05-11,US,Georgia,Lanier,11,2,0,31.03828570000001,-83.06472457,13173.0,9,11,2,0,9,10,10340,0,0,0,0,1
2020-05-11,US,Georgia,Laurens,82,1,0,32.46325233,-82.92221316,13175.0,81,80,1,0,79,80,47325,2,0,0,2,0
2020-05-11,US,Georgia,Lee,340,22,0,31.779330600000005,-84.14324253,13177.0,318,340,22,0,318,339,29764,0,0,0,0,1
2020-05-11,US,Georgia,Liberty,44,0,0,31.82588896,-81.49251135,13179.0,44,44,0,0,44,43,61497,0,0,0,0,1
2020-05-11,US,Georgia,Lincoln,12,0,0,33.79201475,-82.45024131,13181.0,12,12,0,0,12,12,7915,0,0,0,0,0
2020-05-11,US,Georgia,Long,5,0,0,31.75218791,-81.74952375,13183.0,5,5,0,0,5,5,18998,0,0,0,0,0
2020-05-11,US,Georgia,Lowndes,185,4,0,30.83568832,-83.27056716,13185.0,181,185,4,0,181,184,116321,0,0,0,0,1
2020-05-11,US,Georgia,Lumpkin,76,1,0,34.57286511,-84.00425681,13187.0,75,76,1,0,75,76,32955,0,0,0,0,0
2020-05-11,US,Georgia,Macon,84,5,0,32.35207048,-84.04234127,13193.0,79,85,4,0,81,82,13143,-1,1,0,-2,3
2020-05-11,US,Georgia,Madison,29,1,0,34.12920917,-83.21218732,13195.0,28,29,1,0,28,29,29650,0,0,0,0,0
2020-05-11,US,Georgia,Marion,40,1,0,32.3483402,-84.52733571,13197.0,39,40,1,0,39,39,8351,0,0,0,0,1
2020-05-11,US,Georgia,McDuffie,51,4,0,33.47851918,-82.48252774,13189.0,47,51,4,0,47,50,21531,0,0,0,0,1
2020-05-11,US,Georgia,McIntosh,7,0,0,31.49683595,-81.40163426,13191.0,7,7,0,0,7,7,14340,0,0,0,0,0
2020-05-11,US,Georgia,Meriwether,66,1,0,33.04163534,-84.68859732,13199.0,65,65,1,0,64,65,21068,1,0,0,1,0
2020-05-11,US,Georgia,Miller,34,0,0,31.16568912,-84.73151117,13201.0,34,32,0,0,32,32,5686,2,0,0,2,0
2020-05-11,US,Georgia,Mitchell,352,32,0,31.22483255,-84.19381821,13205.0,320,352,31,0,321,350,22192,0,1,0,-1,2
2020-05-11,US,Georgia,Monroe,35,4,0,33.014289,-83.92097166,13207.0,31,34,4,0,30,34,27520,1,0,0,1,0
2020-05-11,US,Georgia,Montgomery,4,0,0,32.17201038,-82.53527476,13209.0,4,4,0,0,4,4,9193,0,0,0,0,0
2020-05-11,US,Georgia,Morgan,33,0,0,33.59232073,-83.49129491,13211.0,33,33,0,0,33,32,18853,0,0,0,0,1
2020-05-11,US,Georgia,Murray,47,1,0,34.78897608,-84.74993177,13213.0,46,47,1,0,46,46,39921,0,0,0,0,1
2020-05-11,US,Georgia,Muscogee,377,14,0,32.50931999,-84.87142262,13215.0,363,371,12,0,359,364,194160,6,2,0,4,7
2020-05-11,US,Georgia,Newton,260,8,0,33.55514538,-83.84547140000002,13217.0,252,258,8,0,250,252,109541,2,0,0,2,6
2020-05-11,US,Georgia,Oconee,66,0,0,33.83749973,-83.43679568,13219.0,66,67,0,0,67,66,39272,-1,0,0,-1,1
2020-05-11,US,Georgia,Oglethorpe,56,4,0,33.878629600000004,-83.08278123,13221.0,52,56,4,0,52,56,15054,0,0,0,0,0
2020-05-11,US,Georgia,Out of GA,1554,24,0,0.0,0.0,80013.0,1530,1490,22,0,1468,1108,,64,2,0,62,382
2020-05-11,US,Georgia,Paulding,226,10,0,33.91969522,-84.86848792,13223.0,216,223,10,0,213,222,164044,3,0,0,3,1
2020-05-11,US,Georgia,Peach,63,2,0,32.56934316,-83.82937,13225.0,61,63,2,0,61,62,27297,0,0,0,0,1
2020-05-11,US,Georgia,Pickens,33,2,0,34.46589159,-84.46406611,13227.0,31,33,2,0,31,33,31980,0,0,0,0,0
2020-05-11,US,Georgia,Pierce,67,4,0,31.35928155,-82.21598442,13229.0,63,67,3,0,64,65,19389,0,1,0,-1,2
2020-05-11,US,Georgia,Pike,44,2,0,33.09310242,-84.38790389,13231.0,42,44,2,0,42,41,18634,0,0,0,0,3
2020-05-11,US,Georgia,Polk,66,0,0,34.00267074,-85.18677781,13233.0,66,66,0,0,66,65,42470,0,0,0,0,1
2020-05-11,US,Georgia,Pulaski,34,1,0,32.23334561,-83.47549959999998,13235.0,33,34,1,0,33,34,11069,0,0,0,0,0
2020-05-11,US,Georgia,Putnam,58,6,0,33.32056115,-83.37552891,13237.0,52,55,6,0,49,55,21809,3,0,0,3,0
2020-05-11,US,Georgia,Quitman,6,1,0,31.86728114,-85.01773177,13239.0,5,6,1,0,5,6,2279,0,0,0,0,0
2020-05-11,US,Georgia,Rabun,14,1,0,34.88389445,-83.40304637,13241.0,13,14,1,0,13,14,16867,0,0,0,0,0
2020-05-11,US,Georgia,Randolph,168,21,0,31.76622818,-84.75732369,13243.0,147,168,21,0,147,168,6833,0,0,0,0,0
2020-05-11,US,Georgia,Richmond,449,16,0,33.35777107,-82.07026432,13245.0,433,447,16,0,431,444,201554,2,0,0,2,3
2020-05-11,US,Georgia,Rockdale,243,7,0,33.65145002,-84.02202167,13247.0,236,239,7,0,232,230,90594,4,0,0,4,9
2020-05-11,US,Georgia,Schley,15,1,0,32.2654021,-84.31258912,13249.0,14,15,1,0,14,15,5236,0,0,0,0,0
2020-05-11,US,Georgia,Screven,17,1,0,32.74976524,-81.60779441,13251.0,16,17,1,0,16,17,13938,0,0,0,0,0
2020-05-11,US,Georgia,Seminole,34,2,0,30.93464824,-84.86823924,13253.0,32,34,2,0,32,34,8315,0,0,0,0,0
2020-05-11,US,Georgia,Spalding,237,11,0,33.26310031,-84.28013991,13255.0,226,235,11,0,224,232,66100,2,0,0,2,3
2020-05-11,US,Georgia,Stephens,92,1,0,34.55151201,-83.29405315,13257.0,91,91,1,0,90,91,26035,1,0,0,1,0
2020-05-11,US,Georgia,Stewart,34,0,0,32.07996777,-84.83208037,13259.0,34,31,0,0,31,31,6199,3,0,0,3,0
2020-05-11,US,Georgia,Sumter,400,33,0,32.03650571,-84.19821492,13261.0,367,400,32,0,368,399,29733,0,1,0,-1,1
2020-05-11,US,Georgia,Talbot,27,1,0,32.69642758,-84.53351366,13263.0,26,27,1,0,26,27,6272,0,0,0,0,0
2020-05-11,US,Georgia,Taliaferro,1,0,0,33.56543317,-82.88136816,13265.0,1,1,0,0,1,1,1608,0,0,0,0,0
2020-05-11,US,Georgia,Tattnall,9,0,0,32.04785085,-82.05539188,13267.0,9,9,0,0,9,9,25391,0,0,0,0,0
2020-05-11,US,Georgia,Taylor,21,2,0,32.55792548,-84.25077141,13269.0,19,20,2,0,18,18,8039,1,0,0,1,2
2020-05-11,US,Georgia,Telfair,28,0,0,31.92829517,-82.93491155,13271.0,28,28,0,0,28,28,15876,0,0,0,0,0
2020-05-11,US,Georgia,Terrell,197,23,0,31.77527543,-84.44069698,13273.0,174,198,21,0,177,198,8611,-1,2,0,-3,0
2020-05-11,US,Georgia,Thomas,249,26,0,30.86392347,-83.91847289,13275.0,223,242,26,0,216,242,44448,7,0,0,7,0
2020-05-11,US,Georgia,Tift,157,6,0,31.45743864,-83.5236119,13277.0,151,156,6,0,150,152,40571,1,0,0,1,4
2020-05-11,US,Georgia,Toombs,40,4,0,32.12059861,-82.32957247,13279.0,36,40,3,0,37,40,26887,0,1,0,-1,0
2020-05-11,US,Georgia,Towns,20,1,0,34.91369188,-83.74107459999998,13281.0,19,20,1,0,19,20,11852,0,0,0,0,0
2020-05-11,US,Georgia,Treutlen,5,0,0,32.40422134,-82.56904553,13283.0,5,5,0,0,5,5,6809,0,0,0,0,0
2020-05-11,US,Georgia,Troup,190,5,0,33.03349196,-85.02812115,13285.0,185,186,5,0,181,185,70034,4,0,0,4,1
2020-05-11,US,Georgia,Turner,78,12,0,31.71612656,-83.62069378,13287.0,66,78,12,0,66,78,7912,0,0,0,0,0
2020-05-11,US,Georgia,Twiggs,8,0,0,32.67435595,-83.43078662,13289.0,8,8,0,0,8,8,8188,0,0,0,0,0
2020-05-11,US,Georgia,Unassigned,914,2,0,0.0,0.0,90013.0,912,840,2,0,838,750,,74,0,0,74,90
2020-05-11,US,Georgia,Union,35,1,0,34.82995757,-83.98967069,13291.0,34,34,1,0,33,34,24001,1,0,0,1,0
2020-05-11,US,Georgia,Upson,250,24,0,32.87920671,-84.30024826,13293.0,226,250,24,0,226,249,26215,0,0,0,0,1
2020-05-11,US,Georgia,Walker,65,0,0,34.73376362,-85.30165174,13295.0,65,65,0,0,65,64,69410,0,0,0,0,1
2020-05-11,US,Georgia,Walton,152,7,0,33.78017694,-83.73552314,13297.0,145,152,6,0,146,151,93503,0,1,0,-1,1
2020-05-11,US,Georgia,Ware,165,12,0,31.05449097,-82.42224148,13299.0,153,165,12,0,153,155,35680,0,0,0,0,10
2020-05-11,US,Georgia,Warren,15,0,0,33.41146451,-82.67795848,13301.0,15,15,0,0,15,14,5251,0,0,0,0,1
2020-05-11,US,Georgia,Washington,57,1,0,32.96711864,-82.79357039,13303.0,56,57,1,0,56,53,20386,0,0,0,0,4
2020-05-11,US,Georgia,Wayne,13,0,0,31.5521809,-81.91894878,13305.0,13,13,0,0,13,13,29808,0,0,0,0,0
2020-05-11,US,Georgia,Webster,10,2,0,32.04066113,-84.54742852,13307.0,8,10,2,0,8,10,2611,0,0,0,0,0
2020-05-11,US,Georgia,Wheeler,5,0,0,32.12009104,-82.72574721,13309.0,5,5,0,0,5,5,7879,0,0,0,0,0
2020-05-11,US,Georgia,White,88,1,0,34.64624278,-83.74905525,13311.0,87,88,1,0,87,88,29970,0,0,0,0,0
2020-05-11,US,Georgia,Whitfield,157,6,0,34.80987459,-84.96093476,13313.0,151,154,6,0,148,149,104062,3,0,0,3,5
2020-05-11,US,Georgia,Wilcox,95,12,0,31.97496928,-83.43438555,13315.0,83,95,12,0,83,95,8812,0,0,0,0,0
2020-05-11,US,Georgia,Wilkes,27,0,0,33.78290391,-82.74286107,13317.0,27,27,0,0,27,27,9876,0,0,0,0,0
2020-05-11,US,Georgia,Wilkinson,40,3,0,32.80291082,-83.17140684,13319.0,37,40,2,0,38,39,9036,0,1,0,-1,1
2020-05-11,US,Georgia,Worth,183,13,0,31.55162306,-83.85090513,13321.0,170,183,13,0,170,182,20299,0,0,0,0,1
2020-05-11,US,Hawaii,Hawaii,75,0,0,19.60121157,-155.5210167,15001.0,75,75,0,0,75,75,200983,0,0,0,0,0
2020-05-11,US,Hawaii,Honolulu,410,11,0,21.45803166,-157.97121819999995,15003.0,399,408,11,0,397,407,980080,2,0,0,2,1
2020-05-11,US,Hawaii,Kauai,21,0,0,22.03935037,-159.5966786,15007.0,21,21,0,0,21,21,72133,0,0,0,0,0
2020-05-11,US,Hawaii,Maui,117,6,0,20.86399628,-156.56890969999995,15009.0,111,117,6,0,111,117,167207,0,0,0,0,0
2020-05-11,US,Hawaii,Out of HI,11,0,0,0.0,0.0,80015.0,11,11,0,0,11,11,,0,0,0,0,0
2020-05-11,US,Idaho,Ada,739,21,0,43.4526575,-116.24155159999998,16001.0,718,733,19,0,714,731,469966,6,2,0,4,2
2020-05-11,US,Idaho,Adams,3,0,0,44.89333571,-116.4545247,16003.0,3,3,0,0,3,3,4250,0,0,0,0,0
2020-05-11,US,Idaho,Bannock,13,0,0,42.67002716,-112.2233311,16005.0,13,12,0,0,12,12,87138,1,0,0,1,0
2020-05-11,US,Idaho,Bingham,4,0,0,43.21672879999999,-112.3978437,16011.0,4,4,0,0,4,4,46236,0,0,0,0,0
2020-05-11,US,Idaho,Blaine,506,5,0,43.4085812,-113.9752658,16013.0,501,503,5,0,498,499,22601,3,0,0,3,4
2020-05-11,US,Idaho,Bonner,4,0,0,48.29996017,-116.6017932,16017.0,4,4,0,0,4,4,44727,0,0,0,0,0
2020-05-11,US,Idaho,Bonneville,30,0,0,43.38713372,-111.6161537,16019.0,30,30,0,0,30,30,116854,0,0,0,0,0
2020-05-11,US,Idaho,Camas,1,0,0,43.46665742,-114.8065892,16025.0,1,1,0,0,1,1,1127,0,0,0,0,0
2020-05-11,US,Idaho,Canyon,274,7,0,43.61970148,-116.70954990000001,16027.0,267,272,6,0,266,272,223499,2,1,0,1,0
2020-05-11,US,Idaho,Caribou,1,0,0,42.77149116,-111.5597683,16029.0,1,1,0,0,1,1,7060,0,0,0,0,0
2020-05-11,US,Idaho,Cassia,15,1,0,42.28347888,-113.6012409,16031.0,14,15,1,0,14,14,23864,0,0,0,0,1
2020-05-11,US,Idaho,Custer,2,0,0,44.24186819,-114.2855494,16037.0,2,2,0,0,2,2,4280,0,0,0,0,0
2020-05-11,US,Idaho,Elmore,31,2,0,43.3507101,-115.4701578,16039.0,29,31,2,0,29,31,27259,0,0,0,0,0
2020-05-11,US,Idaho,Fremont,3,0,0,44.22800938,-111.48099429999999,16043.0,3,3,0,0,3,3,13168,0,0,0,0,0
2020-05-11,US,Idaho,Gem,16,0,0,44.06482372,-116.398376,16045.0,16,16,0,0,16,16,17634,0,0,0,0,0
2020-05-11,US,Idaho,Gooding,18,0,0,42.96927962,-114.81083059999999,16047.0,18,17,0,0,17,16,15196,1,0,0,1,1
2020-05-11,US,Idaho,Idaho,3,0,0,45.84721541,-115.4634436,16049.0,3,3,0,0,3,3,16513,0,0,0,0,0
2020-05-11,US,Idaho,Jefferson,5,0,0,43.82078483,-112.3131749,16051.0,5,5,0,0,5,5,29439,0,0,0,0,0
2020-05-11,US,Idaho,Jerome,75,2,0,42.68891267,-114.2655033,16053.0,73,71,2,0,69,67,24015,4,0,0,4,4
2020-05-11,US,Idaho,Kootenai,64,0,0,47.67282258,-116.7020872,16055.0,64,63,0,0,63,63,161505,1,0,0,1,0
2020-05-11,US,Idaho,Latah,5,0,0,46.81587887,-116.71136979999999,16057.0,5,5,0,0,5,5,40134,0,0,0,0,0
2020-05-11,US,Idaho,Lemhi,1,0,0,44.9438088,-113.9309747,16059.0,1,1,0,0,1,1,7961,0,0,0,0,0
2020-05-11,US,Idaho,Lincoln,29,0,0,43.0012336,-114.1358773,16063.0,29,29,0,0,29,29,5360,0,0,0,0,0
2020-05-11,US,Idaho,Madison,18,0,0,43.78141028,-111.65384740000002,16065.0,18,17,0,0,17,16,39304,1,0,0,1,1
2020-05-11,US,Idaho,Minidoka,11,0,0,42.85518524,-113.6357257,16067.0,11,11,0,0,11,11,20825,0,0,0,0,0
2020-05-11,US,Idaho,Nez Perce,78,19,0,46.32638236,-116.75009750000001,16069.0,59,78,19,0,59,78,40408,0,0,0,0,0
2020-05-11,US,Idaho,Owyhee,8,0,0,42.58016894,-116.16938710000001,16073.0,8,8,0,0,8,8,11693,0,0,0,0,0
2020-05-11,US,Idaho,Payette,17,2,0,44.00545243,-116.7647695,16075.0,15,17,2,0,15,17,23551,0,0,0,0,0
2020-05-11,US,Idaho,Power,2,0,0,42.69254894,-112.83957420000002,16077.0,2,2,0,0,2,2,7768,0,0,0,0,0
2020-05-11,US,Idaho,Teton,11,0,0,43.75303583,-111.2056773,16081.0,11,11,0,0,11,10,11640,0,0,0,0,1
2020-05-11,US,Idaho,Twin Falls,269,11,0,42.35440512,-114.6685381,16083.0,258,259,11,0,248,248,86081,10,0,0,10,11
2020-05-11,US,Idaho,Valley,2,0,0,44.76728382,-115.5676773,16085.0,2,2,0,0,2,2,11041,0,0,0,0,0
2020-05-11,US,Idaho,Washington,2,0,0,44.45275475,-116.78476880000001,16087.0,2,1,0,0,1,1,10161,1,0,0,1,0
2020-05-11,US,Illinois,Adams,41,1,0,39.98815591,-91.18786813,17001.0,40,41,1,0,40,41,65691,0,0,0,0,0
2020-05-11,US,Illinois,Alexander,7,0,0,37.18049267,-89.32910838,17003.0,7,7,0,0,7,6,6060,0,0,0,0,1
2020-05-11,US,Illinois,Bond,9,1,0,38.88829622,-89.43534887,17005.0,8,8,1,0,7,8,16630,1,0,0,1,0
2020-05-11,US,Illinois,Boone,206,12,0,42.32359279,-88.82345779,17007.0,194,193,11,0,182,185,53577,13,1,0,12,8
2020-05-11,US,Illinois,Brown,9,0,0,39.96209138,-90.75068024,17009.0,9,8,0,0,8,8,6556,1,0,0,1,0
2020-05-11,US,Illinois,Bureau,14,1,0,41.40385234,-89.5283051,17011.0,13,14,1,0,13,12,32993,0,0,0,0,2
2020-05-11,US,Illinois,Calhoun,1,0,0,39.16840183,-90.66330078,17013.0,1,1,0,0,1,1,4802,0,0,0,0,0
2020-05-11,US,Illinois,Carroll,11,2,0,42.06823429,-89.93395545,17015.0,9,11,2,0,9,10,14312,0,0,0,0,1
2020-05-11,US,Illinois,Cass,56,0,0,39.96991073,-90.24734436,17017.0,56,56,0,0,56,56,12260,0,0,0,0,0
2020-05-11,US,Illinois,Champaign,279,6,0,40.13919438,-88.20046615,17019.0,273,263,6,0,257,256,209983,16,0,0,16,7
2020-05-11,US,Illinois,Christian,29,4,0,39.54581621,-89.27780482,17021.0,25,29,4,0,25,29,32661,0,0,0,0,0
2020-05-11,US,Illinois,Clark,8,0,0,39.33425789,-87.78705622,17023.0,8,8,0,0,8,7,15596,0,0,0,0,1
2020-05-11,US,Illinois,Clay,2,0,0,38.75388572,-88.48914513,17025.0,2,2,0,0,2,2,13253,0,0,0,0,0
2020-05-11,US,Illinois,Clinton,127,10,0,38.60704876,-89.42385254,17027.0,117,126,10,0,116,126,37639,1,0,0,1,0
2020-05-11,US,Illinois,Coles,41,2,0,39.51949084,-88.22358557,17029.0,39,24,1,0,23,23,50885,17,1,0,16,1
2020-05-11,US,Illinois,Cook,53381,2361,0,41.84144849,-87.81658794,17031.0,51020,52655,2317,0,50338,51674,5180493,726,44,0,682,981
2020-05-11,US,Illinois,Crawford,10,0,0,39.0032229,-87.75954624,17033.0,10,10,0,0,10,10,18807,0,0,0,0,0
2020-05-11,US,Illinois,Cumberland,4,0,0,39.27432424,-88.2401158,17035.0,4,4,0,0,4,4,10808,0,0,0,0,0
2020-05-11,US,Illinois,De Witt,3,0,0,40.17514519,-88.90959682,17039.0,3,3,0,0,3,3,15769,0,0,0,0,0
2020-05-11,US,Illinois,DeKalb,183,2,0,41.89373302,-88.76958483,17037.0,181,177,2,0,175,170,104143,6,0,0,6,7
2020-05-11,US,Illinois,Douglas,20,0,0,39.76768052,-88.21854195,17041.0,20,20,0,0,20,20,19479,0,0,0,0,0
2020-05-11,US,Illinois,DuPage,4745,251,0,41.85116968,-88.08642662,17043.0,4494,4603,248,0,4355,4493,928589,142,3,0,139,110
2020-05-11,US,Illinois,Effingham,6,1,0,39.05935711,-88.58969584,17049.0,5,6,1,0,5,6,34208,0,0,0,0,0
2020-05-11,US,Illinois,Fayette,17,2,0,39.00072038,-89.02452658,17051.0,15,17,2,0,15,17,21416,0,0,0,0,0
2020-05-11,US,Illinois,Ford,14,1,0,40.59706922,-88.22350769,17053.0,13,14,1,0,13,13,13264,0,0,0,0,1
2020-05-11,US,Illinois,Franklin,10,0,0,37.99189086,-88.92567818,17055.0,10,10,0,0,10,10,38701,0,0,0,0,0
2020-05-11,US,Illinois,Fulton,3,0,0,40.47289135,-90.20862357,17057.0,3,3,0,0,3,3,34844,0,0,0,0,0
2020-05-11,US,Illinois,Gallatin,2,0,0,37.76430935,-88.22953869,17059.0,2,2,0,0,2,2,5058,0,0,0,0,0
2020-05-11,US,Illinois,Greene,4,0,0,39.35907414,-90.388865,17061.0,4,4,0,0,4,4,13044,0,0,0,0,0
2020-05-11,US,Illinois,Grundy,60,1,0,41.28569601,-88.41905692,17063.0,59,58,1,0,57,58,50972,2,0,0,2,0
2020-05-11,US,Illinois,Hamilton,3,0,0,38.08163641,-88.53883373,17065.0,3,2,0,0,2,2,8163,1,0,0,1,0
2020-05-11,US,Illinois,Hancock,12,0,0,40.40423981,-91.16313899,17067.0,12,12,0,0,12,11,17844,0,0,0,0,1
2020-05-11,US,Illinois,Hardin,1,0,0,37.51810645,-88.26873022,17069.0,1,1,0,0,1,1,3910,0,0,0,0,0
2020-05-11,US,Illinois,Henderson,6,0,0,40.81908672,-90.92491462,17071.0,6,6,0,0,6,6,6709,0,0,0,0,0
2020-05-11,US,Illinois,Henry,58,0,0,41.3533994,-90.13296166,17073.0,58,58,0,0,58,58,49090,0,0,0,0,0
2020-05-11,US,Illinois,Iroquois,98,2,0,40.74717633,-87.82466784,17075.0,96,96,2,0,94,89,27604,2,0,0,2,7
2020-05-11,US,Illinois,Jackson,166,10,0,37.78595185,-89.38232563,17077.0,156,167,10,0,157,162,57419,-1,0,0,-1,5
2020-05-11,US,Illinois,Jasper,46,6,0,39.01054275,-88.15437049,17079.0,40,46,6,0,40,46,9611,0,0,0,0,0
2020-05-11,US,Illinois,Jefferson,94,15,0,38.29980057,-88.9240025,17081.0,79,97,15,0,82,94,37820,-3,0,0,-3,3
2020-05-11,US,Illinois,Jersey,17,1,0,39.08869046,-90.35393073,17083.0,16,17,1,0,16,16,21847,0,0,0,0,1
2020-05-11,US,Illinois,Jo Daviess,18,0,0,42.36542373,-90.21094405,17085.0,18,18,0,0,18,18,21366,0,0,0,0,0
2020-05-11,US,Illinois,Johnson,4,0,0,37.45939802,-88.88165419,17087.0,4,4,0,0,4,4,12456,0,0,0,0,0
2020-05-11,US,Illinois,Kane,3126,90,0,41.93842729,-88.42861412,17089.0,3036,3003,89,0,2914,2818,534216,123,1,0,122,185
2020-05-11,US,Illinois,Kankakee,557,30,0,41.13746989,-87.86205334,17091.0,527,540,30,0,510,479,110024,17,0,0,17,61
2020-05-11,US,Illinois,Kendall,431,12,0,41.59081014,-88.42869583,17093.0,419,421,12,0,409,388,127915,10,0,0,10,33
2020-05-11,US,Illinois,Knox,75,0,0,40.93148779,-90.21330340000002,17095.0,75,73,0,0,73,71,50112,2,0,0,2,2
2020-05-11,US,Illinois,LaSalle,105,5,0,41.34426129999999,-88.88633881,17099.0,100,105,5,0,100,102,109430,0,0,0,0,3
2020-05-11,US,Illinois,Lake,5323,173,0,42.3224907,-88.00367925,17097.0,5150,5245,173,0,5072,5199,700832,78,0,0,78,46
2020-05-11,US,Illinois,Lawrence,4,0,0,38.71987914,-87.72884035,17101.0,4,4,0,0,4,4,15765,0,0,0,0,0
2020-05-11,US,Illinois,Lee,63,0,0,41.74583951,-89.29977132,17103.0,63,63,0,0,63,63,34223,0,0,0,0,0
2020-05-11,US,Illinois,Livingston,24,1,0,40.89188292,-88.55784752,17105.0,23,24,1,0,23,24,35761,0,0,0,0,0
2020-05-11,US,Illinois,Logan,9,0,0,40.12581572,-89.36638784,17107.0,9,9,0,0,9,9,28925,0,0,0,0,0
2020-05-11,US,Illinois,Macon,146,15,0,39.86064913,-88.96342505,17115.0,131,144,15,0,129,140,104712,2,0,0,2,4
2020-05-11,US,Illinois,Macoupin,39,1,0,39.26119767,-89.92424028,17117.0,38,38,1,0,37,38,45313,1,0,0,1,0
2020-05-11,US,Illinois,Madison,435,31,0,38.83042506,-89.90422563,17119.0,404,427,31,0,396,414,264461,8,0,0,8,13
2020-05-11,US,Illinois,Marion,47,0,0,38.64963204,-88.91899208,17121.0,47,44,0,0,44,43,37620,3,0,0,3,1
2020-05-11,US,Illinois,Marshall,4,0,0,41.0327901,-89.34510444,17123.0,4,4,0,0,4,4,11534,0,0,0,0,0
2020-05-11,US,Illinois,Mason,15,0,0,40.23917274,-89.91824452,17125.0,15,15,0,0,15,15,13565,0,0,0,0,0
2020-05-11,US,Illinois,Massac,6,0,0,37.22078441,-88.71036614,17127.0,6,6,0,0,6,6,14080,0,0,0,0,0
2020-05-11,US,Illinois,McDonough,49,2,0,40.45674722,-90.67775541,17109.0,47,49,2,0,47,49,29955,0,0,0,0,0
2020-05-11,US,Illinois,McHenry,958,52,0,42.32451172,-88.45248227,17111.0,906,945,51,0,894,936,308570,13,1,0,12,9
2020-05-11,US,Illinois,McLean,121,3,0,40.48996987,-88.84621113,17113.0,118,117,3,0,114,115,172828,4,0,0,4,2
2020-05-11,US,Illinois,Menard,17,0,0,40.02742725,-89.80246001,17129.0,17,17,0,0,17,17,12288,0,0,0,0,0
2020-05-11,US,Illinois,Mercer,12,0,0,41.20596782,-90.74290052,17131.0,12,12,0,0,12,11,15601,0,0,0,0,1
2020-05-11,US,Illinois,Monroe,79,11,0,38.27594376,-90.17761038,17133.0,68,79,11,0,68,79,34335,0,0,0,0,0
2020-05-11,US,Illinois,Montgomery,34,1,0,39.23198845,-89.47809254,17135.0,33,34,1,0,33,34,28601,0,0,0,0,0
2020-05-11,US,Illinois,Morgan,30,1,0,39.71654544,-90.20255104,17137.0,29,30,1,0,29,30,33976,0,0,0,0,0
2020-05-11,US,Illinois,Moultrie,6,0,0,39.64187451,-88.62099969,17139.0,6,6,0,0,6,6,14717,0,0,0,0,0
2020-05-11,US,Illinois,Ogle,149,1,0,42.04165196,-89.32184679,17141.0,148,149,1,0,148,148,50923,0,0,0,0,1
2020-05-11,US,Illinois,Out of IL,84,2,0,0.0,0.0,80017.0,82,79,2,0,77,77,,5,0,0,5,2
2020-05-11,US,Illinois,Peoria,141,5,0,40.78702156,-89.76078901,17143.0,136,139,5,0,134,136,180621,2,0,0,2,3
2020-05-11,US,Illinois,Perry,38,0,0,38.08510853,-89.36856219,17145.0,38,38,0,0,38,36,21174,0,0,0,0,2
2020-05-11,US,Illinois,Piatt,7,0,0,40.01360584,-88.59319339,17147.0,7,7,0,0,7,7,16396,0,0,0,0,0
2020-05-11,US,Illinois,Pike,1,0,0,39.62265059,-90.8877017,17149.0,1,1,0,0,1,1,15611,0,0,0,0,0
2020-05-11,US,Illinois,Pope,1,0,0,37.41391284,-88.56152109,17151.0,1,1,0,0,1,1,4212,0,0,0,0,0
2020-05-11,US,Illinois,Pulaski,27,0,0,37.22631423,-89.13085001,17153.0,27,27,0,0,27,27,5463,0,0,0,0,0
2020-05-11,US,Illinois,Randolph,221,2,0,38.05095369,-89.82512254,17157.0,219,220,2,0,218,217,32106,1,0,0,1,3
2020-05-11,US,Illinois,Richland,3,0,0,38.71240969,-88.08475366,17159.0,3,3,0,0,3,3,15763,0,0,0,0,0
2020-05-11,US,Illinois,Rock Island,517,16,0,41.46613806,-90.57042164,17161.0,501,515,16,0,499,507,143477,2,0,0,2,8
2020-05-11,US,Illinois,Saline,5,0,0,37.75332999,-88.54119706,17165.0,5,5,0,0,5,5,23906,0,0,0,0,0
2020-05-11,US,Illinois,Sangamon,262,19,0,39.75836914,-89.65872023,17167.0,243,258,19,0,239,256,195348,4,0,0,4,2
2020-05-11,US,Illinois,Schuyler,7,0,0,40.157179799999994,-90.61114163,17169.0,7,7,0,0,7,7,6907,0,0,0,0,0
2020-05-11,US,Illinois,Shelby,10,1,0,39.39133527,-88.80611122,17173.0,9,10,1,0,9,10,21741,0,0,0,0,0
2020-05-11,US,Illinois,St. Clair,719,52,0,38.46996033,-89.93063427,17163.0,667,711,50,0,661,689,261059,8,2,0,6,22
2020-05-11,US,Illinois,Stark,1,0,0,41.09309773,-89.79745866,17175.0,1,1,0,0,1,1,5427,0,0,0,0,0
2020-05-11,US,Illinois,Stephenson,99,0,0,42.35129217,-89.662598,17177.0,99,97,0,0,97,88,44753,2,0,0,2,9
2020-05-11,US,Illinois,Tazewell,59,4,0,40.50716185,-89.51404662,17179.0,55,59,4,0,55,59,132328,0,0,0,0,0
2020-05-11,US,Illinois,Unassigned,66,0,0,0.0,0.0,90017.0,66,84,0,0,84,73,,-18,0,0,-18,11
2020-05-11,US,Illinois,Union,63,1,0,37.47119609,-89.25548938,17181.0,62,63,1,0,62,62,16841,0,0,0,0,1
2020-05-11,US,Illinois,Vermilion,25,1,0,40.18417171,-87.73384359,17183.0,24,25,1,0,24,25,76806,0,0,0,0,0
2020-05-11,US,Illinois,Wabash,1,0,0,38.44272901,-87.84922065,17185.0,1,1,0,0,1,1,11549,0,0,0,0,0
2020-05-11,US,Illinois,Warren,104,0,0,40.84925021,-90.6147432,17187.0,104,102,0,0,102,97,17032,2,0,0,2,5
2020-05-11,US,Illinois,Washington,17,0,0,38.35309213,-89.40982703,17189.0,17,15,0,0,15,15,13995,2,0,0,2,0
2020-05-11,US,Illinois,Wayne,3,0,0,38.42955355,-88.42586459,17191.0,3,3,0,0,3,3,16332,0,0,0,0,0
2020-05-11,US,Illinois,White,2,0,0,38.08706198,-88.17657461,17193.0,2,2,0,0,2,2,13665,0,0,0,0,0
2020-05-11,US,Illinois,Whiteside,104,6,0,41.75509713,-89.91556058,17195.0,98,104,6,0,98,102,55626,0,0,0,0,2
2020-05-11,US,Illinois,Will,3740,202,0,41.44619267,-87.97862712,17197.0,3538,3684,202,0,3482,3636,692310,56,0,0,56,48
2020-05-11,US,Illinois,Williamson,44,1,0,37.73033511,-88.92994027,17199.0,43,44,1,0,43,44,67056,0,0,0,0,0
2020-05-11,US,Illinois,Winnebago,932,25,0,42.33641854,-89.16085327,17201.0,907,917,25,0,892,877,284081,15,0,0,15,40
2020-05-11,US,Illinois,Woodford,15,1,0,40.78579374,-89.20973757,17203.0,14,15,1,0,14,15,38463,0,0,0,0,0
2020-05-11,US,Indiana,Adams,8,1,0,40.7457653,-84.93671406,18001.0,7,8,1,0,7,8,35636,0,0,0,0,0
2020-05-11,US,Indiana,Allen,834,59,0,41.09194313,-85.06800636,18003.0,775,816,58,0,758,800,375351,18,1,0,17,16
2020-05-11,US,Indiana,Bartholomew,360,26,0,39.20744865,-85.89558181,18005.0,334,346,26,0,320,342,82753,14,0,0,14,4
2020-05-11,US,Indiana,Benton,13,0,0,40.60626947,-87.31093999,18007.0,13,12,0,0,12,12,8653,1,0,0,1,0
2020-05-11,US,Indiana,Blackford,14,1,0,40.47388153,-85.32499702,18009.0,13,14,1,0,13,13,11930,0,0,0,0,1
2020-05-11,US,Indiana,Boone,226,31,0,40.0509304,-86.46841646,18011.0,195,223,31,0,192,219,66999,3,0,0,3,4
2020-05-11,US,Indiana,Brown,26,1,0,39.19605589,-86.22868909,18013.0,25,26,1,0,25,25,15234,0,0,0,0,1
2020-05-11,US,Indiana,Carroll,71,2,0,40.580783200000006,-86.56198812,18015.0,69,71,2,0,69,71,20127,0,0,0,0,0
2020-05-11,US,Indiana,Cass,1524,3,0,40.76135835,-86.34830753,18017.0,1521,1520,3,0,1517,1507,37955,4,0,0,4,13
2020-05-11,US,Indiana,Clark,380,25,0,38.48015445,-85.70510334,18019.0,355,377,25,0,352,374,117360,3,0,0,3,3
2020-05-11,US,Indiana,Clay,24,1,0,39.39561833,-87.11723506,18021.0,23,24,1,0,23,24,26170,0,0,0,0,0
2020-05-11,US,Indiana,Clinton,96,1,0,40.30319754,-86.47277257,18023.0,95,88,1,0,87,85,32250,8,0,0,8,3
2020-05-11,US,Indiana,Crawford,20,0,0,38.28814402,-86.44518825,18025.0,20,20,0,0,20,20,10558,0,0,0,0,0
2020-05-11,US,Indiana,Daviess,54,15,0,38.70186039,-87.07185406,18027.0,39,54,15,0,39,54,33147,0,0,0,0,0
2020-05-11,US,Indiana,DeKalb,23,1,0,41.39804622,-84.99906934,18033.0,22,23,1,0,22,23,43226,0,0,0,0,0
2020-05-11,US,Indiana,Dearborn,151,13,0,39.14647946,-84.97333539,18029.0,138,150,13,0,137,148,49568,1,0,0,1,2
2020-05-11,US,Indiana,Decatur,215,29,0,39.30712658,-85.50087166,18031.0,186,212,28,0,184,212,26794,3,1,0,2,0
2020-05-11,US,Indiana,Delaware,229,19,0,40.22787247,-85.39732772,18035.0,210,225,15,0,210,219,114772,4,4,0,0,6
2020-05-11,US,Indiana,Dubois,46,0,0,38.36597551,-86.87924170000002,18037.0,46,45,0,0,45,42,42565,1,0,0,1,3
2020-05-11,US,Indiana,Elkhart,494,18,0,41.59761169,-85.85875695,18039.0,476,484,18,0,466,436,205560,10,0,0,10,48
2020-05-11,US,Indiana,Fayette,38,4,0,39.63684962,-85.17797541,18041.0,34,36,4,0,32,36,23047,2,0,0,2,0
2020-05-11,US,Indiana,Floyd,232,29,0,38.32117957,-85.90385377,18043.0,203,232,28,0,204,230,77781,0,1,0,-1,2
2020-05-11,US,Indiana,Fountain,16,2,0,40.12361933,-87.24217689,18045.0,14,16,2,0,14,15,16351,0,0,0,0,1
2020-05-11,US,Indiana,Franklin,106,7,0,39.4142482,-85.06062647,18047.0,99,104,7,0,97,104,22736,2,0,0,2,0
2020-05-11,US,Indiana,Fulton,36,1,0,41.0469907,-86.26252745,18049.0,35,36,1,0,35,36,20092,0,0,0,0,0
2020-05-11,US,Indiana,Gibson,8,0,0,38.30393723,-87.58054938,18051.0,8,8,0,0,8,7,33452,0,0,0,0,1
2020-05-11,US,Indiana,Grant,153,16,0,40.51587228,-85.65468702,18053.0,137,153,15,0,138,153,65936,0,1,0,-1,0
2020-05-11,US,Indiana,Greene,147,14,0,39.03630547,-86.96223202,18055.0,133,147,10,0,137,147,32006,0,4,0,-4,0
2020-05-11,US,Indiana,Hamilton,936,82,0,40.07306535,-86.05244729,18057.0,854,925,80,0,845,920,330086,11,2,0,9,5
2020-05-11,US,Indiana,Hancock,270,19,0,39.82304555,-85.77566351,18059.0,251,264,18,0,246,264,76351,6,1,0,5,0
2020-05-11,US,Indiana,Harrison,160,12,0,38.19467379,-86.10948271,18061.0,148,157,11,0,146,156,40350,3,1,0,2,1
2020-05-11,US,Indiana,Hendricks,973,54,0,39.76719009,-86.51037283,18063.0,919,958,53,0,905,951,167009,15,1,0,14,7
2020-05-11,US,Indiana,Henry,85,2,0,39.93029017,-85.39625719,18065.0,83,81,2,0,79,72,48271,4,0,0,4,9
2020-05-11,US,Indiana,Howard,256,9,0,40.48527731,-86.11351892,18067.0,247,245,9,0,236,242,82366,11,0,0,11,3
2020-05-11,US,Indiana,Huntington,14,2,0,40.82907273,-85.48822092,18069.0,12,14,2,0,12,13,36240,0,0,0,0,1
2020-05-11,US,Indiana,Jackson,282,1,0,38.90915820000001,-86.03851889,18071.0,281,278,1,0,277,274,44111,4,0,0,4,4
2020-05-11,US,Indiana,Jasper,40,1,0,41.02078733,-87.11553319,18073.0,39,39,1,0,38,37,33370,1,0,0,1,2
2020-05-11,US,Indiana,Jay,22,0,0,40.43781032,-85.00576229,18075.0,22,22,0,0,22,21,20764,0,0,0,0,1
2020-05-11,US,Indiana,Jefferson,35,0,0,38.78576239,-85.43633383,18077.0,35,35,0,0,35,34,32208,0,0,0,0,1
2020-05-11,US,Indiana,Jennings,96,3,0,38.99588883,-85.62710784,18079.0,93,96,3,0,93,95,27611,0,0,0,0,1
2020-05-11,US,Indiana,Johnson,827,90,0,39.48994426,-86.10149107,18081.0,737,807,85,0,722,790,156225,20,5,0,15,17
2020-05-11,US,Indiana,Knox,21,0,0,38.68861576,-87.4194665,18083.0,21,21,0,0,21,20,36895,0,0,0,0,1
2020-05-11,US,Indiana,Kosciusko,45,1,0,41.24521668,-85.86312322,18085.0,44,41,1,0,40,39,79344,4,0,0,4,2
2020-05-11,US,Indiana,LaGrange,38,2,0,41.64232188,-85.42674232,18087.0,36,38,2,0,36,37,39330,0,0,0,0,1
2020-05-11,US,Indiana,LaPorte,329,12,0,41.54366008,-86.74072188,18091.0,317,324,11,0,313,321,110007,5,1,0,4,3
2020-05-11,US,Indiana,Lake,2493,125,0,41.41874274,-87.38277575,18089.0,2368,2445,124,0,2321,2392,484411,48,1,0,47,53
2020-05-11,US,Indiana,Lawrence,120,16,0,38.84112637,-86.48361629,18093.0,104,116,16,0,100,116,45668,4,0,0,4,0
2020-05-11,US,Indiana,Madison,509,57,0,40.16143691,-85.71964711,18095.0,452,503,57,0,446,497,129641,6,0,0,6,6
2020-05-11,US,Indiana,Marion,7510,423,0,39.78163624,-86.13826325,18097.0,7087,7336,416,0,6920,7245,954670,174,7,0,167,91
2020-05-11,US,Indiana,Marshall,34,1,0,41.32467367,-86.26185087,18099.0,33,33,1,0,32,32,46248,1,0,0,1,1
2020-05-11,US,Indiana,Martin,7,0,0,38.7099921,-86.80373186,18101.0,7,7,0,0,7,7,10217,0,0,0,0,0
2020-05-11,US,Indiana,Miami,126,1,0,40.76940965,-86.04525048,18103.0,125,125,1,0,124,123,35567,1,0,0,1,2
2020-05-11,US,Indiana,Monroe,145,9,0,39.16130004,-86.52414358,18105.0,136,143,9,0,134,142,146917,2,0,0,2,1
2020-05-11,US,Indiana,Montgomery,140,5,0,40.04034823,-86.89335024,18107.0,135,127,5,0,122,125,38346,13,0,0,13,2
2020-05-11,US,Indiana,Morgan,208,8,0,39.47899078,-86.44573375,18109.0,200,197,8,0,189,194,70116,11,0,0,11,3
2020-05-11,US,Indiana,Newton,64,8,0,40.95610449,-87.39635768,18111.0,56,64,8,0,56,64,14011,0,0,0,0,0
2020-05-11,US,Indiana,Noble,135,15,0,41.39672484,-85.41966713,18113.0,120,132,15,0,117,128,47532,3,0,0,3,4
2020-05-11,US,Indiana,Ohio,9,0,0,38.955304999999996,-84.96515993,18115.0,9,9,0,0,9,9,5844,0,0,0,0,0
2020-05-11,US,Indiana,Orange,113,18,0,38.54118920000001,-86.49523093,18117.0,95,114,18,0,96,113,19489,-1,0,0,-1,1
2020-05-11,US,Indiana,Owen,28,1,0,39.31145587,-86.83900724,18119.0,27,28,1,0,27,28,20845,0,0,0,0,0
2020-05-11,US,Indiana,Parke,16,0,0,39.77202286,-87.20375833,18121.0,16,17,0,0,17,16,16927,-1,0,0,-1,1
2020-05-11,US,Indiana,Perry,21,0,0,38.07809328,-86.63741946,18123.0,21,17,0,0,17,16,19102,4,0,0,4,1
2020-05-11,US,Indiana,Pike,3,0,0,38.40112197,-87.23574907,18125.0,3,3,0,0,3,2,12410,0,0,0,0,1
2020-05-11,US,Indiana,Porter,331,9,0,41.45986947,-87.06848888,18127.0,322,313,9,0,304,308,169594,18,0,0,18,5
2020-05-11,US,Indiana,Posey,15,0,0,38.02097333,-87.86480429,18129.0,15,15,0,0,15,15,25540,0,0,0,0,0
2020-05-11,US,Indiana,Pulaski,34,0,0,41.04166107,-86.69890683,18131.0,34,34,0,0,34,34,12469,0,0,0,0,0
2020-05-11,US,Indiana,Putnam,89,5,0,39.66437981,-86.84517605,18133.0,84,84,5,0,79,85,37779,5,0,0,5,-1
2020-05-11,US,Indiana,Randolph,23,2,0,40.15734772,-85.01139319,18135.0,21,21,2,0,19,21,24851,2,0,0,2,0
2020-05-11,US,Indiana,Ripley,101,6,0,39.10235626,-85.26212744,18137.0,95,101,6,0,95,98,28523,0,0,0,0,3
2020-05-11,US,Indiana,Rush,37,2,0,39.62002287,-85.4655599,18139.0,35,37,2,0,35,37,16663,0,0,0,0,0
2020-05-11,US,Indiana,Scott,81,2,0,38.68672078,-85.74627859,18143.0,79,81,2,0,79,79,23878,0,0,0,0,2
2020-05-11,US,Indiana,Shelby,272,16,0,39.52305623,-85.79158570000001,18145.0,256,261,16,0,245,255,44593,11,0,0,11,6
2020-05-11,US,Indiana,Spencer,7,1,0,38.01519732,-87.0079644,18147.0,6,7,1,0,6,7,20327,0,0,0,0,0
2020-05-11,US,Indiana,St. Joseph,829,26,0,41.61756781,-86.29040834,18141.0,803,810,25,0,785,785,270771,19,1,0,18,25
2020-05-11,US,Indiana,Starke,21,2,0,41.27890281,-86.64686895,18149.0,19,21,2,0,19,21,22935,0,0,0,0,0
2020-05-11,US,Indiana,Steuben,62,2,0,41.64423868,-85.00101094,18151.0,60,62,2,0,60,62,34586,0,0,0,0,0
2020-05-11,US,Indiana,Sullivan,20,0,0,39.08952258,-87.41414469,18153.0,20,20,0,0,20,20,20690,0,0,0,0,0
2020-05-11,US,Indiana,Switzerland,14,0,0,38.82767338,-85.03022429,18155.0,14,14,0,0,14,14,10717,0,0,0,0,0
2020-05-11,US,Indiana,Tippecanoe,244,2,0,40.38872739,-86.89413959,18157.0,242,233,2,0,231,225,193048,11,0,0,11,8
2020-05-11,US,Indiana,Tipton,21,1,0,40.31123252,-86.05234925,18159.0,20,21,1,0,20,21,15128,0,0,0,0,0
2020-05-11,US,Indiana,Unassigned,0,129,0,0.0,0.0,90018.0,-129,0,129,0,-129,0,,0,0,0,0,0
2020-05-11,US,Indiana,Union,8,0,0,39.62550777,-84.92497066,18161.0,8,8,0,0,8,8,7037,0,0,0,0,0
2020-05-11,US,Indiana,Vanderburgh,189,2,0,38.02658833,-87.58763124,18163.0,187,185,2,0,183,182,180974,4,0,0,4,3
2020-05-11,US,Indiana,Vermillion,7,0,0,39.8523352,-87.46160542,18165.0,7,7,0,0,7,7,15479,0,0,0,0,0
2020-05-11,US,Indiana,Vigo,83,6,0,39.42944561,-87.39169027,18167.0,77,80,6,0,74,77,107386,3,0,0,3,3
2020-05-11,US,Indiana,Wabash,64,2,0,40.84704239,-85.79328272,18169.0,62,64,2,0,62,64,31280,0,0,0,0,0
2020-05-11,US,Indiana,Warren,12,1,0,40.34728141,-87.35602659,18171.0,11,12,1,0,11,12,8263,0,0,0,0,0
2020-05-11,US,Indiana,Warrick,123,20,0,38.08922676,-87.2716085,18173.0,103,123,20,0,103,121,62567,0,0,0,0,2
2020-05-11,US,Indiana,Washington,48,1,0,38.60219804,-86.1049363,18175.0,47,48,1,0,47,48,27943,0,0,0,0,0
2020-05-11,US,Indiana,Wayne,53,5,0,39.863344399999995,-85.01044989,18177.0,48,53,5,0,48,52,65936,0,0,0,0,1
2020-05-11,US,Indiana,Wells,11,0,0,40.72934187,-85.22132966,18179.0,11,10,0,0,10,10,28206,1,0,0,1,0
2020-05-11,US,Indiana,White,152,1,0,40.74911165,-86.86492015,18181.0,151,148,1,0,147,145,24133,4,0,0,4,3
2020-05-11,US,Indiana,Whitley,22,1,0,41.13863784,-85.50791236,18183.0,21,22,1,0,21,22,34074,0,0,0,0,0
2020-05-11,US,Iowa,Adair,3,0,0,41.33075609,-94.47105874,19001.0,3,3,0,0,3,3,7063,0,0,0,0,0
2020-05-11,US,Iowa,Allamakee,112,4,0,43.28383218,-91.37860922,19005.0,108,111,4,0,107,101,13832,1,0,0,1,10
2020-05-11,US,Iowa,Appanoose,6,3,0,40.74324454,-92.86865906,19007.0,3,6,3,0,3,6,12437,0,0,0,0,0
2020-05-11,US,Iowa,Audubon,10,0,0,41.6844628,-94.90581859,19009.0,10,10,0,0,10,9,5506,0,0,0,0,1
2020-05-11,US,Iowa,Benton,35,1,0,42.08011739,-92.06463573,19011.0,34,35,1,0,34,34,25642,0,0,0,0,1
2020-05-11,US,Iowa,Black Hawk,1512,25,0,42.4704581,-92.30524729,19013.0,1487,1493,23,0,1470,1477,132408,19,2,0,17,16
2020-05-11,US,Iowa,Boone,36,0,0,42.03657094,-93.9313999,19015.0,36,34,0,0,34,34,26346,2,0,0,2,0
2020-05-11,US,Iowa,Bremer,58,5,0,42.77461496,-92.31795937,19017.0,53,58,5,0,53,58,24947,0,0,0,0,0
2020-05-11,US,Iowa,Buchanan,23,0,0,42.4709188,-91.83510825,19019.0,23,23,0,0,23,23,21199,0,0,0,0,0
2020-05-11,US,Iowa,Buena Vista,39,0,0,42.73545875,-95.15100162,19021.0,39,31,0,0,31,30,19874,8,0,0,8,1
2020-05-11,US,Iowa,Butler,12,0,0,42.73172833,-92.79015971,19023.0,12,12,0,0,12,12,14539,0,0,0,0,0
2020-05-11,US,Iowa,Calhoun,1,0,0,42.38521079,-94.64046046,19025.0,1,1,0,0,1,1,9699,0,0,0,0,0
2020-05-11,US,Iowa,Carroll,6,0,0,42.03617207,-94.86032705,19027.0,6,6,0,0,6,6,20154,0,0,0,0,0
2020-05-11,US,Iowa,Cass,1,0,0,41.33149454,-94.92792482,19029.0,1,1,0,0,1,1,12930,0,0,0,0,0
2020-05-11,US,Iowa,Cedar,43,1,0,41.77233777,-91.13246684,19031.0,42,42,1,0,41,40,18627,1,0,0,1,2
2020-05-11,US,Iowa,Cerro Gordo,14,0,0,43.08177563,-93.2612239,19033.0,14,14,0,0,14,15,42647,0,0,0,0,-1
2020-05-11,US,Iowa,Cherokee,6,0,0,42.73538914,-95.62389402,19035.0,6,4,0,0,4,4,11321,2,0,0,2,0
2020-05-11,US,Iowa,Chickasaw,7,0,0,43.06001295,-92.31773347,19037.0,7,6,0,0,6,6,11964,1,0,0,1,0
2020-05-11,US,Iowa,Clarke,8,0,0,41.02868181,-93.78499767,19039.0,8,6,0,0,6,5,9423,2,0,0,2,1
2020-05-11,US,Iowa,Clay,9,0,0,43.08247182,-95.15096481,19041.0,9,9,0,0,9,9,16134,0,0,0,0,0
2020-05-11,US,Iowa,Clayton,23,2,0,42.84443388,-91.34133693,19043.0,21,23,2,0,21,22,17556,0,0,0,0,1
2020-05-11,US,Iowa,Clinton,58,1,0,41.89981633,-90.53275096,19045.0,57,56,1,0,55,55,46518,2,0,0,2,1
2020-05-11,US,Iowa,Crawford,191,1,0,42.03718237,-95.3819718,19047.0,190,176,1,0,175,175,17158,15,0,0,15,1
2020-05-11,US,Iowa,Dallas,701,6,0,41.68560356,-94.04127625,19049.0,695,676,6,0,670,660,90180,25,0,0,25,16
2020-05-11,US,Iowa,Davis,11,0,0,40.74773536,-92.41005468,19051.0,11,9,0,0,9,9,9017,2,0,0,2,0
2020-05-11,US,Iowa,Delaware,9,1,0,42.47104597,-91.3664492,19055.0,8,9,1,0,8,7,17069,0,0,0,0,2
2020-05-11,US,Iowa,Des Moines,40,1,0,40.92012606,-91.18326592,19057.0,39,39,1,0,38,37,39138,1,0,0,1,2
2020-05-11,US,Iowa,Dickinson,6,0,0,43.37787725,-95.1510206,19059.0,6,6,0,0,6,6,17153,0,0,0,0,0
2020-05-11,US,Iowa,Dubuque,197,7,0,42.46815349,-90.88181925,19061.0,190,191,7,0,184,188,96854,6,0,0,6,3
2020-05-11,US,Iowa,Fayette,24,0,0,42.86271799,-91.84412309999999,19065.0,24,24,0,0,24,24,19660,0,0,0,0,0
2020-05-11,US,Iowa,Floyd,5,1,0,43.06000529999999,-92.78940097,19067.0,4,4,1,0,3,3,15761,1,0,0,1,1
2020-05-11,US,Iowa,Franklin,6,0,0,42.73270384,-93.26256925,19069.0,6,6,0,0,6,6,10124,0,0,0,0,0
2020-05-11,US,Iowa,Fremont,1,0,0,40.74542720000001,-95.60129045,19071.0,1,1,0,0,1,1,6993,0,0,0,0,0
2020-05-11,US,Iowa,Greene,13,0,0,42.03614551,-94.39658081,19073.0,13,13,0,0,13,13,8981,0,0,0,0,0
2020-05-11,US,Iowa,Grundy,15,0,0,42.40183723,-92.78829551,19075.0,15,15,0,0,15,15,12304,0,0,0,0,0
2020-05-11,US,Iowa,Guthrie,35,0,0,41.68378965,-94.50111014,19077.0,35,33,0,0,33,33,10720,2,0,0,2,0
2020-05-11,US,Iowa,Hamilton,11,0,0,42.38382428,-93.70197703,19079.0,11,10,0,0,10,9,14952,1,0,0,1,1
2020-05-11,US,Iowa,Hancock,3,0,0,43.08178477,-93.73454884,19081.0,3,3,0,0,3,3,10712,0,0,0,0,0
2020-05-11,US,Iowa,Hardin,12,0,0,42.38353877,-93.23654611,19083.0,12,12,0,0,12,12,16868,0,0,0,0,0
2020-05-11,US,Iowa,Harrison,17,0,0,41.68330137,-95.81558439,19085.0,17,17,0,0,17,17,14134,0,0,0,0,0
2020-05-11,US,Iowa,Henry,43,1,0,40.98767962,-91.54436349,19087.0,42,43,1,0,42,43,20067,0,0,0,0,0
2020-05-11,US,Iowa,Howard,12,0,0,43.35671042,-92.31702714,19089.0,12,12,0,0,12,12,9187,0,0,0,0,0
2020-05-11,US,Iowa,Humboldt,7,0,0,42.7764426,-94.20722537,19091.0,7,7,0,0,7,6,9547,0,0,0,0,1
2020-05-11,US,Iowa,Iowa,27,0,0,41.68630265,-92.0643373,19095.0,27,24,0,0,24,27,16141,3,0,0,3,-3
2020-05-11,US,Iowa,Jackson,7,0,0,42.17178824,-90.57354837,19097.0,7,7,0,0,7,7,19432,0,0,0,0,0
2020-05-11,US,Iowa,Jasper,238,8,0,41.68576082,-93.05567785,19099.0,230,238,8,0,230,238,37147,0,0,0,0,0
2020-05-11,US,Iowa,Jefferson,7,0,0,41.03192394,-91.94849466,19101.0,7,6,0,0,6,6,18381,1,0,0,1,0
2020-05-11,US,Iowa,Johnson,555,7,0,41.67169354,-91.58754744,19103.0,548,551,7,0,544,549,151260,4,0,0,4,2
2020-05-11,US,Iowa,Jones,34,0,0,42.12118609,-91.13139641,19105.0,34,31,0,0,31,31,20744,3,0,0,3,0
2020-05-11,US,Iowa,Keokuk,9,0,0,41.33649833,-92.1785067,19107.0,9,7,0,0,7,7,10225,2,0,0,2,0
2020-05-11,US,Iowa,Kossuth,2,0,0,43.20405458,-94.20691791,19109.0,2,2,0,0,2,2,14908,0,0,0,0,0
2020-05-11,US,Iowa,Lee,18,0,0,40.64181461,-91.48183025,19111.0,18,18,0,0,18,18,34055,0,0,0,0,0
2020-05-11,US,Iowa,Linn,841,59,0,42.07923082,-91.59809485,19113.0,782,827,58,0,769,819,225909,14,1,0,13,8
2020-05-11,US,Iowa,Louisa,285,3,0,41.21842119,-91.26102611,19115.0,282,282,3,0,279,282,11169,3,0,0,3,0
2020-05-11,US,Iowa,Lyon,16,0,0,43.38107862,-96.20926845,19119.0,16,16,0,0,16,16,11811,0,0,0,0,0
2020-05-11,US,Iowa,Madison,11,1,0,41.33081904,-94.01554631,19121.0,10,11,1,0,10,11,16249,0,0,0,0,0
2020-05-11,US,Iowa,Mahaska,20,1,0,41.33521503,-92.64083907,19123.0,19,20,1,0,19,20,22000,0,0,0,0,0
2020-05-11,US,Iowa,Marion,14,0,0,41.33445101,-93.09934783,19125.0,14,13,0,0,13,13,33407,1,0,0,1,0
2020-05-11,US,Iowa,Marshall,734,3,0,42.03586837,-92.99908190000001,19127.0,731,721,3,0,718,702,39981,13,0,0,13,19
2020-05-11,US,Iowa,Mills,8,0,0,41.03299766,-95.61920963,19129.0,8,8,0,0,8,8,15063,0,0,0,0,0
2020-05-11,US,Iowa,Mitchell,3,0,0,43.35638371,-92.78887719,19131.0,3,3,0,0,3,3,10569,0,0,0,0,0
2020-05-11,US,Iowa,Monona,12,0,0,42.05220391,-95.95743843,19133.0,12,12,0,0,12,12,8679,0,0,0,0,0
2020-05-11,US,Iowa,Monroe,8,0,0,41.02988815,-92.8690667,19135.0,8,4,0,0,4,4,7790,4,0,0,4,0
2020-05-11,US,Iowa,Montgomery,4,0,0,41.03018714,-95.15642896,19137.0,4,4,0,0,4,4,10003,0,0,0,0,0
2020-05-11,US,Iowa,Muscatine,495,23,0,41.48370744,-91.11216970000001,19139.0,472,488,22,0,466,471,42929,7,1,0,6,17
2020-05-11,US,Iowa,O'Brien,16,0,0,43.08310673,-95.62474482,19141.0,16,15,0,0,15,15,13840,1,0,0,1,0
2020-05-11,US,Iowa,Osceola,20,0,0,43.37824276,-95.62422844,19143.0,20,19,0,0,19,19,6040,1,0,0,1,0
2020-05-11,US,Iowa,Page,10,0,0,40.7393172,-95.1497813,19145.0,10,10,0,0,10,9,15249,0,0,0,0,1
2020-05-11,US,Iowa,Palo Alto,1,0,0,43.08193849,-94.67824621,19147.0,1,1,0,0,1,1,8929,0,0,0,0,0
2020-05-11,US,Iowa,Plymouth,62,0,0,42.737633,-96.21366621,19149.0,62,59,0,0,59,51,25095,3,0,0,3,8
2020-05-11,US,Iowa,Pocahontas,3,0,0,42.73420133,-94.67862564,19151.0,3,3,0,0,3,3,6740,0,0,0,0,0
2020-05-11,US,Iowa,Polk,2368,61,0,41.68679484,-93.57767461,19153.0,2307,2238,60,0,2178,2194,487204,130,1,0,129,44
2020-05-11,US,Iowa,Pottawattamie,86,2,0,41.33640314,-95.53907776,19155.0,84,85,2,0,83,82,93533,1,0,0,1,3
2020-05-11,US,Iowa,Poweshiek,81,5,0,41.68625425,-92.53155731,19157.0,76,79,5,0,74,79,18699,2,0,0,2,0
2020-05-11,US,Iowa,Sac,3,0,0,42.38624071,-95.10547892,19161.0,3,2,0,0,2,2,9719,1,0,0,1,0
2020-05-11,US,Iowa,Scott,286,8,0,41.63935978,-90.61959493,19163.0,278,280,8,0,272,279,173283,6,0,0,6,1
2020-05-11,US,Iowa,Shelby,19,0,0,41.6850066,-95.31015553,19165.0,19,19,0,0,19,18,11578,0,0,0,0,1
2020-05-11,US,Iowa,Sioux,93,0,0,43.08221074,-96.17675679999999,19167.0,93,84,0,0,84,42,34909,9,0,0,9,42
2020-05-11,US,Iowa,Story,61,1,0,42.03621213,-93.46499005,19169.0,60,58,1,0,57,55,98105,3,0,0,3,3
2020-05-11,US,Iowa,Tama,336,13,0,42.07991767,-92.53266945,19171.0,323,329,13,0,316,327,16904,7,0,0,7,2
2020-05-11,US,Iowa,Taylor,1,0,0,40.73710579,-94.69778563,19173.0,1,1,0,0,1,1,6191,0,0,0,0,0
2020-05-11,US,Iowa,Unassigned,5,0,0,0.0,0.0,90019.0,5,,,,,3,,,,,,
2020-05-11,US,Iowa,Union,2,0,0,41.0277278,-94.24234847,19175.0,2,1,0,0,1,1,12359,1,0,0,1,0
2020-05-11,US,Iowa,Van Buren,8,0,0,40.75326764,-91.95017958,19177.0,8,8,0,0,8,8,7020,0,0,0,0,0
2020-05-11,US,Iowa,Wapello,259,0,0,41.03064984,-92.40954728,19179.0,259,218,0,0,218,212,35205,41,0,0,41,6
2020-05-11,US,Iowa,Warren,44,0,0,41.33559454,-93.56007641,19181.0,44,42,0,0,42,42,51056,2,0,0,2,0
2020-05-11,US,Iowa,Washington,162,7,0,41.33577126,-91.71725711,19183.0,155,159,7,0,152,156,22141,3,0,0,3,3
2020-05-11,US,Iowa,Wayne,1,0,0,40.73969028,-93.32752197,19185.0,1,1,0,0,1,1,6401,0,0,0,0,0
2020-05-11,US,Iowa,Webster,10,0,0,42.42853483,-94.17987389,19187.0,10,9,0,0,9,9,36277,1,0,0,1,0
2020-05-11,US,Iowa,Winnebago,5,0,0,43.37751174,-93.73407298,19189.0,5,3,0,0,3,3,10518,2,0,0,2,0
2020-05-11,US,Iowa,Winneshiek,18,0,0,43.29094334,-91.84422722,19191.0,18,18,0,0,18,18,20029,0,0,0,0,0
2020-05-11,US,Iowa,Woodbury,1676,9,0,42.38979414,-96.0459439,19193.0,1667,1627,8,0,1619,1554,102539,49,1,0,48,73
2020-05-11,US,Iowa,Worth,2,0,0,43.37750768,-93.26087602,19195.0,2,2,0,0,2,1,7453,0,0,0,0,1
2020-05-11,US,Iowa,Wright,6,0,0,42.73305373,-93.73515113,19197.0,6,6,0,0,6,6,12690,0,0,0,0,0
2020-05-11,US,Kansas,Anderson,1,0,0,38.21413251,-95.29272815,20003.0,1,1,0,0,1,,7878,0,0,0,0,
2020-05-11,US,Kansas,Atchison,14,0,0,39.53185661,-95.30870026,20005.0,14,13,0,0,13,12,16193,1,0,0,1,1
2020-05-11,US,Kansas,Barber,1,0,0,37.2288586,-98.68460053,20007.0,1,1,0,0,1,1,4472,0,0,0,0,0
2020-05-11,US,Kansas,Barton,22,1,0,38.47889676,-98.75636726,20009.0,21,21,1,0,20,19,26111,1,0,0,1,2
2020-05-11,US,Kansas,Bourbon,6,1,0,37.85508555,-94.84865997,20011.0,5,6,1,0,5,6,14653,0,0,0,0,0
2020-05-11,US,Kansas,Brown,1,0,0,39.82652589,-95.56421698,20013.0,1,1,0,0,1,1,9598,0,0,0,0,0
2020-05-11,US,Kansas,Butler,14,0,0,37.78134351,-96.83878537,20015.0,14,14,0,0,14,14,66765,0,0,0,0,0
2020-05-11,US,Kansas,Chase,3,0,0,38.30292938,-96.59563862,20017.0,3,3,0,0,3,3,2629,0,0,0,0,0
2020-05-11,US,Kansas,Chautauqua,4,0,0,37.14994405,-96.2454192,20019.0,4,4,0,0,4,4,3309,0,0,0,0,0
2020-05-11,US,Kansas,Cherokee,8,0,0,37.16928494,-94.8462897,20021.0,8,8,0,0,8,8,20015,0,0,0,0,0
2020-05-11,US,Kansas,Cheyenne,2,0,0,39.78580976,-101.7318201,20023.0,2,2,0,0,2,2,2660,0,0,0,0,0
2020-05-11,US,Kansas,Clark,19,1,0,37.23577007,-99.81883015,20025.0,18,17,1,0,16,17,2005,2,0,0,2,0
2020-05-11,US,Kansas,Clay,4,1,0,39.34948772,-97.16518128,20027.0,3,4,1,0,3,4,7997,0,0,0,0,0
2020-05-11,US,Kansas,Cloud,4,0,0,39.48028352,-97.64925343,20029.0,4,4,0,0,4,4,8729,0,0,0,0,0
2020-05-11,US,Kansas,Coffey,50,8,0,38.2365018,-95.73379515,20031.0,42,50,8,0,42,50,8233,0,0,0,0,0
2020-05-11,US,Kansas,Cowley,3,1,0,37.23781842,-96.83776647,20035.0,2,3,1,0,2,3,35218,0,0,0,0,0
2020-05-11,US,Kansas,Crawford,8,1,0,37.50675523,-94.85245778,20037.0,7,8,1,0,7,8,39019,0,0,0,0,0
2020-05-11,US,Kansas,Dickinson,2,0,0,38.86600962,-97.15532383,20041.0,2,2,0,0,2,2,18717,0,0,0,0,0
2020-05-11,US,Kansas,Doniphan,8,0,0,39.79067154,-95.14056866,20043.0,8,8,0,0,8,7,7682,0,0,0,0,1
2020-05-11,US,Kansas,Douglas,57,0,0,38.88503636,-95.2925121,20045.0,57,56,0,0,56,56,121436,1,0,0,1,0
2020-05-11,US,Kansas,Edwards,4,0,0,37.88735543,-99.31263309,20047.0,4,4,0,0,4,4,2849,0,0,0,0,0
2020-05-11,US,Kansas,Ellis,8,0,0,38.91458712,-99.31751551,20051.0,8,8,0,0,8,8,28710,0,0,0,0,0
2020-05-11,US,Kansas,Ellsworth,2,0,0,38.69677695,-98.20462799,20053.0,2,2,0,0,2,2,6196,0,0,0,0,0
2020-05-11,US,Kansas,Finney,992,4,0,38.04340344,-100.73819379999999,20055.0,988,902,4,0,898,902,36611,90,0,0,90,0
2020-05-11,US,Kansas,Ford,1132,7,0,37.69200114,-99.88825298,20057.0,1125,1099,3,0,1096,1061,33888,33,4,0,29,38
2020-05-11,US,Kansas,Franklin,26,0,0,38.56443815,-95.28644341,20059.0,26,23,0,0,23,20,25631,3,0,0,3,3
2020-05-11,US,Kansas,Geary,14,0,0,38.99871131,-96.7577178,20061.0,14,14,0,0,14,14,32594,0,0,0,0,0
2020-05-11,US,Kansas,Gove,1,0,0,38.91588178,-100.4829321,20063.0,1,1,0,0,1,1,2612,0,0,0,0,0
2020-05-11,US,Kansas,Grant,11,0,0,37.56227336,-101.3079758,20067.0,11,11,0,0,11,11,7336,0,0,0,0,0
2020-05-11,US,Kansas,Gray,8,0,0,37.73836671,-100.4369088,20069.0,8,7,0,0,7,7,6033,1,0,0,1,0
2020-05-11,US,Kansas,Greenwood,3,0,0,37.8774388,-96.23250453,20073.0,3,3,0,0,3,3,6055,0,0,0,0,0
2020-05-11,US,Kansas,Hamilton,7,0,0,37.99978709,-101.7921066,20075.0,7,8,0,0,8,8,2607,-1,0,0,-1,0
2020-05-11,US,Kansas,Harper,1,0,0,37.19175361,-98.07578384,20077.0,1,1,0,0,1,1,5506,0,0,0,0,0
2020-05-11,US,Kansas,Harvey,9,0,0,38.04293782,-97.42747573,20079.0,9,9,0,0,9,9,34210,0,0,0,0,0
2020-05-11,US,Kansas,Haskell,16,0,0,37.562039399999996,-100.8710738,20081.0,16,16,0,0,16,15,3997,0,0,0,0,1
2020-05-11,US,Kansas,Jackson,4,0,0,39.41673394,-95.79356799,20085.0,4,4,0,0,4,3,13280,0,0,0,0,1
2020-05-11,US,Kansas,Jefferson,13,0,0,39.2347941,-95.38289232,20087.0,13,12,0,0,12,12,18975,1,0,0,1,0
2020-05-11,US,Kansas,Jewell,4,0,0,39.78470589,-98.21820662,20089.0,4,4,0,0,4,4,2841,0,0,0,0,0
2020-05-11,US,Kansas,Johnson,604,52,0,38.88548175,-94.82250877,20091.0,552,591,51,0,540,583,597555,13,1,0,12,8
2020-05-11,US,Kansas,Kearny,31,0,0,38.00017981,-101.32168100000001,20093.0,31,30,0,0,30,30,3943,1,0,0,1,0
2020-05-11,US,Kansas,Kiowa,2,0,0,37.55848695,-99.2856537,20097.0,2,2,0,0,2,2,2516,0,0,0,0,0
2020-05-11,US,Kansas,Labette,22,0,0,37.19113093,-95.29849679,20099.0,22,22,0,0,22,22,19964,0,0,0,0,0
2020-05-11,US,Kansas,Leavenworth,937,6,0,39.20183497,-95.03620809,20103.0,931,918,6,0,912,908,81352,19,0,0,19,10
2020-05-11,US,Kansas,Linn,6,0,0,38.21267844,-94.84254089,20107.0,6,6,0,0,6,6,9750,0,0,0,0,0
2020-05-11,US,Kansas,Lyon,303,2,0,38.45576156,-96.15275715,20111.0,301,302,2,0,300,298,33406,1,0,0,1,4
2020-05-11,US,Kansas,Marion,5,1,0,38.35855394,-97.09852509999999,20115.0,4,5,1,0,4,5,11950,0,0,0,0,0
2020-05-11,US,Kansas,McPherson,26,0,0,38.39184858,-97.64769869,20113.0,26,25,0,0,25,25,28537,1,0,0,1,0
2020-05-11,US,Kansas,Meade,22,0,0,37.23859987,-100.36483100000001,20119.0,22,21,0,0,21,21,4146,1,0,0,1,0
2020-05-11,US,Kansas,Miami,6,0,0,38.56383358,-94.83832189,20121.0,6,6,0,0,6,6,33680,0,0,0,0,0
2020-05-11,US,Kansas,Mitchell,3,0,0,39.39331582,-98.20906732,20123.0,3,3,0,0,3,3,6150,0,0,0,0,0
2020-05-11,US,Kansas,Montgomery,21,2,0,37.19236568,-95.74329258,20125.0,19,21,2,0,19,21,32120,0,0,0,0,0
2020-05-11,US,Kansas,Morris,3,0,0,38.68827511,-96.65128437,20127.0,3,3,0,0,3,3,5521,0,0,0,0,0
2020-05-11,US,Kansas,Morton,4,0,0,37.19141121,-101.79925190000002,20129.0,4,3,0,0,3,3,2667,1,0,0,1,0
2020-05-11,US,Kansas,Nemaha,1,0,0,39.78345387,-96.01392079,20131.0,1,1,0,0,1,1,10155,0,0,0,0,0
2020-05-11,US,Kansas,Neosho,2,0,0,37.55862897,-95.30670046,20133.0,2,2,0,0,2,2,15951,0,0,0,0,0
2020-05-11,US,Kansas,Norton,2,0,0,39.78443827,-99.90286639,20137.0,2,2,0,0,2,2,5430,0,0,0,0,0
2020-05-11,US,Kansas,Osage,6,0,0,38.65235984,-95.72707998,20139.0,6,5,0,0,5,5,15941,1,0,0,1,0
2020-05-11,US,Kansas,Osborne,2,0,0,39.3503437,-98.76753828,20141.0,2,2,0,0,2,2,3475,0,0,0,0,0
2020-05-11,US,Kansas,Ottawa,4,0,0,39.13237408,-97.65020313,20143.0,4,4,0,0,4,4,5802,0,0,0,0,0
2020-05-11,US,Kansas,Phillips,1,0,0,39.78465501,-99.34668865,20147.0,1,1,0,0,1,1,5317,0,0,0,0,0
2020-05-11,US,Kansas,Pottawatomie,19,0,0,39.37925655,-96.34564657,20149.0,19,19,0,0,19,16,24277,0,0,0,0,3
2020-05-11,US,Kansas,Pratt,1,0,0,37.64780729,-98.73922153,20151.0,1,1,0,0,1,1,9378,0,0,0,0,0
2020-05-11,US,Kansas,Reno,41,0,0,37.95230263,-98.08607292,20155.0,41,41,0,0,41,41,62342,0,0,0,0,0
2020-05-11,US,Kansas,Republic,4,0,0,39.82799632,-97.65036709,20157.0,4,4,0,0,4,4,4664,0,0,0,0,0
2020-05-11,US,Kansas,Rice,3,0,0,38.34616184,-98.19992118,20159.0,3,3,0,0,3,3,9531,0,0,0,0,0
2020-05-11,US,Kansas,Riley,58,0,0,39.28935726,-96.73420026,20161.0,58,58,0,0,58,57,73703,0,0,0,0,1
2020-05-11,US,Kansas,Rooks,6,0,0,39.35022773,-99.32484567,20163.0,6,6,0,0,6,6,5013,0,0,0,0,0
2020-05-11,US,Kansas,Saline,21,2,0,38.78369175,-97.65185177,20169.0,19,21,2,0,19,21,54401,0,0,0,0,0
2020-05-11,US,Kansas,Scott,4,0,0,38.48222076,-100.90665390000001,20171.0,4,3,0,0,3,3,4897,1,0,0,1,0
2020-05-11,US,Kansas,Sedgwick,469,19,0,37.6842718,-97.4608198,20173.0,450,468,19,0,449,458,513607,1,0,0,1,10
2020-05-11,US,Kansas,Seward,707,0,0,37.19324632,-100.85072009999999,20175.0,707,686,0,0,686,681,21780,21,0,0,21,5
2020-05-11,US,Kansas,Shawnee,166,5,0,39.04100763,-95.75572640000001,20177.0,161,160,5,0,155,160,177499,6,0,0,6,0
2020-05-11,US,Kansas,Sheridan,2,0,0,39.35018161,-100.44182590000001,20179.0,2,2,0,0,2,2,2533,0,0,0,0,0
2020-05-11,US,Kansas,Sherman,5,0,0,39.35147699,-101.71976240000001,20181.0,5,5,0,0,5,5,5899,0,0,0,0,0
2020-05-11,US,Kansas,Smith,2,0,0,39.78516566,-98.78566062,20183.0,2,2,0,0,2,2,3603,0,0,0,0,0
2020-05-11,US,Kansas,Stafford,1,0,0,38.03100851,-98.71762001,20185.0,1,1,0,0,1,1,4178,0,0,0,0,0
2020-05-11,US,Kansas,Stanton,9,0,0,37.56304714,-101.78435340000001,20187.0,9,9,0,0,9,9,1987,0,0,0,0,0
2020-05-11,US,Kansas,Stevens,18,0,0,37.1923008,-101.3118967,20189.0,18,17,0,0,17,17,5559,1,0,0,1,0
2020-05-11,US,Kansas,Sumner,4,1,0,37.23682549,-97.47721621,20191.0,3,4,1,0,3,4,22996,0,0,0,0,0
2020-05-11,US,Kansas,Wabaunsee,27,0,0,38.95471985,-96.20350509,20197.0,27,27,0,0,27,27,6899,0,0,0,0,0
2020-05-11,US,Kansas,Wilson,1,0,0,37.55937174,-95.74323255,20205.0,1,1,0,0,1,1,8665,0,0,0,0,0
2020-05-11,US,Kansas,Woodson,6,0,0,37.8865336,-95.74006277,20207.0,6,6,0,0,6,6,3183,0,0,0,0,0
2020-05-11,US,Kansas,Wyandotte,1086,65,0,39.11727348,-94.76378225,20209.0,1021,1078,64,0,1014,1045,165324,8,1,0,7,33
2020-05-11,US,Kentucky,Adair,88,13,0,37.10459774,-85.28129668,21001.0,75,86,13,0,73,86,19215,2,0,0,2,0
2020-05-11,US,Kentucky,Allen,29,1,0,36.75197631,-86.19457544,21003.0,28,25,0,0,25,25,21122,4,1,0,3,0
2020-05-11,US,Kentucky,Anderson,9,1,0,38.00671029,-84.99171713,21005.0,8,9,1,0,8,9,22663,0,0,0,0,0
2020-05-11,US,Kentucky,Ballard,8,0,0,37.05842757,-88.99427697,21007.0,8,8,0,0,8,8,7979,0,0,0,0,0
2020-05-11,US,Kentucky,Barren,28,0,0,36.96469836,-85.93338945,21009.0,28,28,0,0,28,28,44176,0,0,0,0,0
2020-05-11,US,Kentucky,Bath,6,1,0,38.14735938,-83.74588932,21011.0,5,5,1,0,4,5,12383,1,0,0,1,0
2020-05-11,US,Kentucky,Boone,232,4,0,38.97065142,-84.72615357,21015.0,228,210,4,0,206,210,131533,22,0,0,22,0
2020-05-11,US,Kentucky,Bourbon,8,1,0,38.2054607,-84.21827874,21017.0,7,8,1,0,7,8,20184,0,0,0,0,0
2020-05-11,US,Kentucky,Boyd,33,3,0,38.36176608,-82.68652187,21019.0,30,32,3,0,29,32,47240,1,0,0,1,0
2020-05-11,US,Kentucky,Boyle,17,0,0,37.62680923,-84.8633779,21021.0,17,17,0,0,17,17,30100,0,0,0,0,0
2020-05-11,US,Kentucky,Bracken,9,0,0,38.69158994,-84.08532444,21023.0,9,10,0,0,10,10,8239,-1,0,0,-1,0
2020-05-11,US,Kentucky,Breathitt,2,0,0,37.52333168,-83.31959161,21025.0,2,2,0,0,2,2,12726,0,0,0,0,0
2020-05-11,US,Kentucky,Breckinridge,13,0,0,37.77377239,-86.42885017,21027.0,13,13,0,0,13,13,20388,0,0,0,0,0
2020-05-11,US,Kentucky,Bullitt,83,4,0,37.97162523,-85.68955617,21029.0,79,82,3,0,79,82,81069,1,1,0,0,0
2020-05-11,US,Kentucky,Butler,201,6,0,37.20946153,-86.68748787,21031.0,195,195,6,0,189,195,12772,6,0,0,6,0
2020-05-11,US,Kentucky,Caldwell,12,0,0,37.14749129,-87.86948214,21033.0,12,12,0,0,12,12,12715,0,0,0,0,0
2020-05-11,US,Kentucky,Calloway,40,1,0,36.62093411,-88.2731593,21035.0,39,37,1,0,36,37,39135,3,0,0,3,0
2020-05-11,US,Kentucky,Campbell,118,9,0,38.94384345,-84.37875208,21037.0,109,115,9,0,106,115,93152,3,0,0,3,0
2020-05-11,US,Kentucky,Carlisle,3,1,0,36.85372876,-88.96692220000001,21039.0,2,3,1,0,2,3,4771,0,0,0,0,0
2020-05-11,US,Kentucky,Carroll,2,0,0,38.66599534,-85.12601074,21041.0,2,2,0,0,2,2,10737,0,0,0,0,0
2020-05-11,US,Kentucky,Carter,6,0,0,38.31690743,-83.05092385,21043.0,6,6,0,0,6,6,27004,0,0,0,0,0
2020-05-11,US,Kentucky,Casey,1,0,0,37.32533118,-84.92726209,21045.0,1,1,0,0,1,1,15888,0,0,0,0,0
2020-05-11,US,Kentucky,Christian,95,3,0,36.89267803,-87.49055367,21047.0,92,93,3,0,90,93,71671,2,0,0,2,0
2020-05-11,US,Kentucky,Clark,20,0,0,37.9689263,-84.14615986,21049.0,20,20,0,0,20,20,36249,0,0,0,0,0
2020-05-11,US,Kentucky,Clay,2,0,0,37.16451126,-83.712575,21051.0,2,2,0,0,2,2,20105,0,0,0,0,0
2020-05-11,US,Kentucky,Clinton,3,0,0,36.72581156,-85.13377529,21053.0,3,3,0,0,3,3,10206,0,0,0,0,0
2020-05-11,US,Kentucky,Crittenden,4,1,0,37.35839237,-88.08826090000002,21055.0,3,4,1,0,3,4,8915,0,0,0,0,0
2020-05-11,US,Kentucky,Cumberland,5,0,0,36.78926125,-85.39050034,21057.0,5,5,0,0,5,5,6659,0,0,0,0,0
2020-05-11,US,Kentucky,Daviess,270,4,0,37.73028906,-87.09019479999998,21059.0,266,260,4,0,256,260,101104,10,0,0,10,0
2020-05-11,US,Kentucky,Edmonson,45,6,0,37.21218923,-86.23955613,21061.0,39,45,6,0,39,45,12274,0,0,0,0,0
2020-05-11,US,Kentucky,Fayette,392,9,0,38.0368225,-84.45576892,21067.0,383,368,9,0,359,368,323780,24,0,0,24,0
2020-05-11,US,Kentucky,Fleming,1,0,0,38.36758311,-83.69657514,21069.0,1,1,0,0,1,1,14432,0,0,0,0,0
2020-05-11,US,Kentucky,Floyd,15,0,0,37.56213922,-82.74750924,21071.0,15,15,0,0,15,15,35845,0,0,0,0,0
2020-05-11,US,Kentucky,Franklin,17,0,0,38.2379395,-84.87962551,21073.0,17,17,0,0,17,17,50815,0,0,0,0,0
2020-05-11,US,Kentucky,Fulton,1,0,0,36.55238827,-89.20140068,21075.0,1,1,0,0,1,1,6120,0,0,0,0,0
2020-05-11,US,Kentucky,Gallatin,1,0,0,38.75398691,-84.8558382,21077.0,1,1,0,0,1,1,8832,0,0,0,0,0
2020-05-11,US,Kentucky,Garrard,3,0,0,37.638866799999995,-84.53289319,21079.0,3,3,0,0,3,3,17560,0,0,0,0,0
2020-05-11,US,Kentucky,Grant,31,3,0,38.64962758,-84.62415957,21081.0,28,30,3,0,27,30,25121,1,0,0,1,0
2020-05-11,US,Kentucky,Graves,149,18,0,36.72292505,-88.65143315,21083.0,131,148,18,0,130,148,37317,1,0,0,1,0
2020-05-11,US,Kentucky,Grayson,98,6,0,37.46231118,-86.34248968,21085.0,92,95,6,0,89,95,26321,3,0,0,3,0
2020-05-11,US,Kentucky,Green,1,0,0,37.26484328,-85.5540745,21087.0,1,1,0,0,1,1,11049,0,0,0,0,0
2020-05-11,US,Kentucky,Greenup,13,0,0,38.54332505,-82.9215658,21089.0,13,12,0,0,12,12,35268,1,0,0,1,0
2020-05-11,US,Kentucky,Hancock,6,0,0,37.83766422,-86.78280584,21091.0,6,6,0,0,6,6,8758,0,0,0,0,0
2020-05-11,US,Kentucky,Hardin,61,2,0,37.6976111,-85.96319251,21093.0,59,61,2,0,59,61,110356,0,0,0,0,0
2020-05-11,US,Kentucky,Harlan,1,0,0,36.85699301,-83.21899516,21095.0,1,1,0,0,1,1,26409,0,0,0,0,0
2020-05-11,US,Kentucky,Harrison,19,0,0,38.44188174,-84.32869741,21097.0,19,19,0,0,19,19,18778,0,0,0,0,0
2020-05-11,US,Kentucky,Hart,8,0,0,37.29943898,-85.88461055,21099.0,8,8,0,0,8,8,18906,0,0,0,0,0
2020-05-11,US,Kentucky,Henderson,80,3,0,37.79344553,-87.57392021,21101.0,77,77,2,0,75,77,45591,3,1,0,2,0
2020-05-11,US,Kentucky,Henry,10,0,0,38.44942688,-85.11587507,21103.0,10,9,0,0,9,9,16106,1,0,0,1,0
2020-05-11,US,Kentucky,Hickman,5,0,0,36.67948079999999,-88.97875928,21105.0,5,5,0,0,5,5,4421,0,0,0,0,0
2020-05-11,US,Kentucky,Hopkins,214,26,0,37.30939025,-87.54670406,21107.0,188,214,25,0,189,214,45068,0,1,0,-1,0
2020-05-11,US,Kentucky,Jackson,56,12,0,37.41866422,-83.99825483,21109.0,44,56,12,0,44,56,13442,0,0,0,0,0
2020-05-11,US,Kentucky,Jefferson,1691,112,0,38.18664655,-85.65931031,21111.0,1579,1642,109,0,1533,1642,770517,49,3,0,46,0
2020-05-11,US,Kentucky,Jessamine,47,0,0,37.87119786,-84.58252003,21113.0,47,46,0,0,46,46,53920,1,0,0,1,0
2020-05-11,US,Kentucky,Johnson,5,0,0,37.85106355,-82.8264322,21115.0,5,5,0,0,5,5,22386,0,0,0,0,0
2020-05-11,US,Kentucky,Kenton,401,26,0,38.93950319,-84.53241199,21117.0,375,383,26,0,357,383,166051,18,0,0,18,0
2020-05-11,US,Kentucky,Knott,4,0,0,37.35388197,-82.94981134,21119.0,4,4,0,0,4,4,15126,0,0,0,0,0
2020-05-11,US,Kentucky,Knox,7,0,0,36.89225732,-83.85403396,21121.0,7,7,0,0,7,7,31304,0,0,0,0,0
2020-05-11,US,Kentucky,Larue,6,0,0,37.54567114,-85.70138352,21123.0,6,6,0,0,6,6,14307,0,0,0,0,0
2020-05-11,US,Kentucky,Laurel,21,2,0,37.10975748,-84.11321779,21125.0,19,22,2,0,20,22,60669,-1,0,0,-1,0
2020-05-11,US,Kentucky,Lawrence,1,0,0,38.07136018,-82.72882223,21127.0,1,1,0,0,1,1,15571,0,0,0,0,0
2020-05-11,US,Kentucky,Leslie,5,0,0,37.09246661,-83.37999606,21131.0,5,5,0,0,5,5,10143,0,0,0,0,0
2020-05-11,US,Kentucky,Letcher,3,0,0,37.12306748,-82.85346474,21133.0,3,3,0,0,3,3,21899,0,0,0,0,0
2020-05-11,US,Kentucky,Lewis,6,0,0,38.53184419,-83.37735618,21135.0,6,5,0,0,5,5,13257,1,0,0,1,0
2020-05-11,US,Kentucky,Lincoln,5,1,0,37.45475628,-84.6565327,21137.0,4,5,1,0,4,5,24644,0,0,0,0,0
2020-05-11,US,Kentucky,Livingston,6,0,0,37.21137452,-88.34797529,21139.0,6,6,0,0,6,6,9242,0,0,0,0,0
2020-05-11,US,Kentucky,Logan,57,1,0,36.85949479,-86.877635,21141.0,56,46,1,0,45,46,26989,11,0,0,11,0
2020-05-11,US,Kentucky,Lyon,14,3,0,37.02080035,-88.07886257,21143.0,11,14,3,0,11,14,8009,0,0,0,0,0
2020-05-11,US,Kentucky,Madison,34,1,0,37.71659336,-84.27220275,21151.0,33,34,1,0,33,34,92368,0,0,0,0,0
2020-05-11,US,Kentucky,Marion,17,0,0,37.55218078,-85.26898542,21155.0,17,17,0,0,17,17,19404,0,0,0,0,0
2020-05-11,US,Kentucky,Marshall,34,1,0,36.88007070000001,-88.32803576,21157.0,33,34,1,0,33,34,31191,0,0,0,0,0
2020-05-11,US,Kentucky,Martin,3,0,0,37.79990579,-82.51247478,21159.0,3,3,0,0,3,3,11323,0,0,0,0,0
2020-05-11,US,Kentucky,Mason,7,0,0,38.59471935,-83.82151043,21161.0,7,7,0,0,7,7,17150,0,0,0,0,0
2020-05-11,US,Kentucky,McCracken,72,2,0,37.05350953,-88.70445755,21145.0,70,69,2,0,67,69,65346,3,0,0,3,0
2020-05-11,US,Kentucky,McCreary,13,0,0,36.73874143,-84.48102924,21147.0,13,12,0,0,12,12,17408,1,0,0,1,0
2020-05-11,US,Kentucky,McLean,17,1,0,37.5301951,-87.26803443,21149.0,16,16,1,0,15,16,9252,1,0,0,1,0
2020-05-11,US,Kentucky,Meade,18,2,0,37.96163597,-86.21028219,21163.0,16,18,2,0,16,18,28715,0,0,0,0,0
2020-05-11,US,Kentucky,Menifee,3,0,0,37.94090733,-83.59985712,21165.0,3,3,0,0,3,3,6451,0,0,0,0,0
2020-05-11,US,Kentucky,Mercer,11,0,0,37.81474237,-84.87488475,21167.0,11,11,0,0,11,11,21774,0,0,0,0,0
2020-05-11,US,Kentucky,Metcalfe,2,0,0,36.99459295,-85.63123699,21169.0,2,2,0,0,2,2,10030,0,0,0,0,0
2020-05-11,US,Kentucky,Monroe,6,0,0,36.71225341,-85.71596443,21171.0,6,6,0,0,6,6,10718,0,0,0,0,0
2020-05-11,US,Kentucky,Montgomery,11,0,0,38.03253032,-83.9145241,21173.0,11,11,0,0,11,11,28203,0,0,0,0,0
2020-05-11,US,Kentucky,Morgan,1,0,0,37.92465657,-83.25558245,21175.0,1,1,0,0,1,1,13345,0,0,0,0,0
2020-05-11,US,Kentucky,Muhlenberg,457,6,0,37.21425819,-87.14632053,21177.0,451,453,6,0,447,453,30774,4,0,0,4,0
2020-05-11,US,Kentucky,Nelson,31,0,0,37.80335779,-85.4657193,21179.0,31,30,0,0,30,30,45851,1,0,0,1,0
2020-05-11,US,Kentucky,Nicholas,1,0,0,38.33342292,-84.01889177,21181.0,1,1,0,0,1,1,7166,0,0,0,0,0
2020-05-11,US,Kentucky,Ohio,72,0,0,37.47751843,-86.85368087,21183.0,72,68,0,0,68,68,24087,4,0,0,4,0
2020-05-11,US,Kentucky,Oldham,37,0,0,38.39791089,-85.448222,21185.0,37,38,0,0,38,38,66470,-1,0,0,-1,0
2020-05-11,US,Kentucky,Owen,1,0,0,38.51679143,-84.82404619,21187.0,1,1,0,0,1,1,10880,0,0,0,0,0
2020-05-11,US,Kentucky,Owsley,2,0,0,37.42823949,-83.68811419,21189.0,2,2,0,0,2,2,4472,0,0,0,0,0
2020-05-11,US,Kentucky,Pendleton,6,0,0,38.69607718,-84.35599463,21191.0,6,5,0,0,5,5,14529,1,0,0,1,0
2020-05-11,US,Kentucky,Perry,16,0,0,37.25023553,-83.22922731,21193.0,16,14,0,0,14,14,26092,2,0,0,2,0
2020-05-11,US,Kentucky,Pike,15,2,0,37.47088263,-82.39487445,21195.0,13,15,2,0,13,15,58402,0,0,0,0,0
2020-05-11,US,Kentucky,Powell,1,0,0,37.83218794,-83.82553961,21197.0,1,1,0,0,1,1,12442,0,0,0,0,0
2020-05-11,US,Kentucky,Pulaski,44,2,0,37.10466131,-84.57629079,21199.0,42,43,2,0,41,43,64623,1,0,0,1,0
2020-05-11,US,Kentucky,Rockcastle,13,0,0,37.36642393,-84.31176452,21203.0,13,13,0,0,13,13,16750,0,0,0,0,0
2020-05-11,US,Kentucky,Rowan,6,0,0,38.19484205,-83.42088935,21205.0,6,3,0,0,3,3,24583,3,0,0,3,0
2020-05-11,US,Kentucky,Russell,18,4,0,36.99308373,-85.06070117,21207.0,14,18,4,0,14,18,17821,0,0,0,0,0
2020-05-11,US,Kentucky,Scott,32,0,0,38.29622293,-84.5816631,21209.0,32,32,0,0,32,32,56031,0,0,0,0,0
2020-05-11,US,Kentucky,Shelby,52,3,0,38.21476019,-85.194223,21211.0,49,49,3,0,46,49,48518,3,0,0,3,0
2020-05-11,US,Kentucky,Simpson,32,2,0,36.74058474,-86.58047435,21213.0,30,32,2,0,30,32,18529,0,0,0,0,0
2020-05-11,US,Kentucky,Spencer,17,0,0,38.03223971,-85.32749335,21215.0,17,16,0,0,16,16,18794,1,0,0,1,0
2020-05-11,US,Kentucky,Taylor,9,0,0,37.3677562,-85.3329931,21217.0,9,9,0,0,9,9,25549,0,0,0,0,0
2020-05-11,US,Kentucky,Todd,15,0,0,36.8381152,-87.17878374,21219.0,15,14,0,0,14,14,12311,1,0,0,1,0
2020-05-11,US,Kentucky,Trigg,9,0,0,36.80767017,-87.87333656,21221.0,9,9,0,0,9,9,14643,0,0,0,0,0
2020-05-11,US,Kentucky,Trimble,3,0,0,38.61056487,-85.33775972,21223.0,3,3,0,0,3,3,8515,0,0,0,0,0
2020-05-11,US,Kentucky,Unassigned,31,0,0,0.0,0.0,90021.0,31,34,0,0,34,34,,-3,0,0,-3,0
2020-05-11,US,Kentucky,Union,10,0,0,37.66166713,-87.94300009,21225.0,10,10,0,0,10,10,14505,0,0,0,0,0
2020-05-11,US,Kentucky,Warren,573,2,0,36.99903045,-86.42672751,21227.0,571,530,2,0,528,530,131264,43,0,0,43,0
2020-05-11,US,Kentucky,Washington,5,0,0,37.75599461,-85.17407732,21229.0,5,5,0,0,5,5,12084,0,0,0,0,0
2020-05-11,US,Kentucky,Wayne,8,0,0,36.80310688,-84.8251971,21231.0,8,8,0,0,8,8,20468,0,0,0,0,0
2020-05-11,US,Kentucky,Webster,29,0,0,37.52168356,-87.67989953,21233.0,29,26,0,0,26,26,13111,3,0,0,3,0
2020-05-11,US,Kentucky,Whitley,12,0,0,36.75700531,-84.14541217,21235.0,12,11,0,0,11,11,36242,1,0,0,1,0
2020-05-11,US,Kentucky,Woodford,18,0,0,38.04178222,-84.7417556,21239.0,18,17,0,0,17,17,26533,1,0,0,1,0
2020-05-11,US,Louisiana,Acadia,152,11,0,30.295064899999996,-92.41419698,22001.0,141,148,11,0,137,151,62190,4,0,0,4,-3
2020-05-11,US,Louisiana,Allen,90,9,0,30.65385745,-92.82442028,22003.0,81,90,9,0,81,90,25605,0,0,0,0,0
2020-05-11,US,Louisiana,Ascension,695,48,0,30.20406249,-90.91328409999998,22005.0,647,694,46,0,648,689,124672,1,2,0,-1,5
2020-05-11,US,Louisiana,Assumption,228,11,0,29.89946234,-91.06461642,22007.0,217,228,11,0,217,208,22300,0,0,0,0,20
2020-05-11,US,Louisiana,Avoyelles,75,7,0,31.07796211,-92.00079449,22009.0,68,74,7,0,67,74,40462,1,0,0,1,0
2020-05-11,US,Louisiana,Beauregard,46,4,0,30.64836518,-93.34173616,22011.0,42,46,4,0,42,46,37253,0,0,0,0,0
2020-05-11,US,Louisiana,Bienville,77,20,0,32.34569994,-93.05398492,22013.0,57,77,18,0,59,77,13308,0,2,0,-2,0
2020-05-11,US,Louisiana,Bossier,312,21,0,32.67932307,-93.60460152,22015.0,291,310,20,0,290,310,127185,2,1,0,1,0
2020-05-11,US,Louisiana,Caddo,1765,132,0,32.57991587,-93.88375652,22017.0,1633,1751,133,0,1618,1743,242922,14,-1,0,15,8
2020-05-11,US,Louisiana,Calcasieu,496,37,0,30.22931235,-93.35400434,22019.0,459,493,37,0,456,490,203112,3,0,0,3,3
2020-05-11,US,Louisiana,Caldwell,48,0,0,32.0902519,-92.11752148,22021.0,48,48,0,0,48,48,9960,0,0,0,0,0
2020-05-11,US,Louisiana,Cameron,3,0,0,29.87592238,-93.19310676,22023.0,3,3,0,0,3,3,6968,0,0,0,0,0
2020-05-11,US,Louisiana,Catahoula,85,3,0,31.66778967,-91.84526385,22025.0,82,85,2,0,83,83,9608,0,1,0,-1,2
2020-05-11,US,Louisiana,Claiborne,59,9,0,32.82308512,-92.99526883,22027.0,50,59,9,0,50,59,15944,0,0,0,0,0
2020-05-11,US,Louisiana,Concordia,43,4,0,31.44817835,-91.63814433,22029.0,39,43,4,0,39,43,19572,0,0,0,0,0
2020-05-11,US,Louisiana,De Soto,215,14,0,32.05457447,-93.74130302,22031.0,201,214,13,0,201,213,27436,1,1,0,0,1
2020-05-11,US,Louisiana,East Baton Rouge,2398,188,0,30.53842039,-91.09777565,22033.0,2210,2374,182,0,2192,2348,440956,24,6,0,18,26
2020-05-11,US,Louisiana,East Carroll,23,0,0,32.73926954,-91.23425694,22035.0,23,17,0,0,17,17,7037,6,0,0,6,0
2020-05-11,US,Louisiana,East Feliciana,136,20,0,30.84425359,-91.04976723,22037.0,116,135,21,0,114,136,19305,1,-1,0,2,-1
2020-05-11,US,Louisiana,Evangeline,67,1,0,30.72985248,-92.39915924,22039.0,66,67,1,0,66,67,33443,0,0,0,0,0
2020-05-11,US,Louisiana,Franklin,208,4,0,32.13675181,-91.67589857,22041.0,204,206,4,0,202,188,20156,2,0,0,2,18
2020-05-11,US,Louisiana,Grant,18,0,0,31.59882456,-92.56124347,22043.0,18,18,0,0,18,18,22482,0,0,0,0,0
2020-05-11,US,Louisiana,Iberia,286,26,0,29.86803617,-91.75871777,22045.0,260,285,26,0,259,285,70941,1,0,0,1,0
2020-05-11,US,Louisiana,Iberville,501,36,0,30.25734305,-91.3499598,22047.0,465,499,36,0,463,495,32721,2,0,0,2,4
2020-05-11,US,Louisiana,Jackson,67,5,0,32.30251776,-92.55692092,22049.0,62,64,4,0,60,59,15902,3,1,0,2,5
2020-05-11,US,Louisiana,Jefferson,6755,402,0,29.74075478,-90.11115756,22051.0,6353,6709,397,0,6312,6679,434051,46,5,0,41,30
2020-05-11,US,Louisiana,Jefferson Davis,68,6,0,30.26896765,-92.81210004,22053.0,62,67,6,0,61,67,31582,1,0,0,1,0
2020-05-11,US,Louisiana,LaSalle,33,0,0,31.67884782,-92.15907765,22059.0,33,33,0,0,33,33,14917,0,0,0,0,0
2020-05-11,US,Louisiana,Lafayette,508,22,0,30.2049055,-92.06959876,22055.0,486,501,22,0,479,498,242782,7,0,0,7,3
2020-05-11,US,Louisiana,Lafourche,713,59,0,29.52470226,-90.40976986,22057.0,654,711,59,0,652,706,98115,2,0,0,2,5
2020-05-11,US,Louisiana,Lincoln,107,11,0,32.6003154,-92.66597409999999,22061.0,96,106,11,0,95,106,47196,1,0,0,1,0
2020-05-11,US,Louisiana,Livingston,281,24,0,30.44143993,-90.73061664,22063.0,257,278,24,0,254,277,139567,3,0,0,3,1
2020-05-11,US,Louisiana,Madison,13,0,0,32.36918118,-91.23973355,22065.0,13,12,0,0,12,12,11161,1,0,0,1,0
2020-05-11,US,Louisiana,Morehouse,65,5,0,32.81686191,-91.80421614,22067.0,60,62,5,0,57,60,25398,3,0,0,3,2
2020-05-11,US,Louisiana,Natchitoches,100,9,0,31.72321584,-93.09816516,22069.0,91,100,9,0,91,98,38659,0,0,0,0,2
2020-05-11,US,Louisiana,Orleans,6693,470,0,30.06971951,-89.92660315,22071.0,6223,6682,468,0,6214,6674,391006,11,2,0,9,8
2020-05-11,US,Louisiana,Ouachita,842,25,0,32.47645559,-92.15704172,22073.0,817,842,25,0,817,836,154475,0,0,0,0,6
2020-05-11,US,Louisiana,Plaquemines,190,17,0,29.42245447,-89.60322085,22075.0,173,190,17,0,173,189,23410,0,0,0,0,1
2020-05-11,US,Louisiana,Pointe Coupee,136,17,0,30.71409502,-91.60209535,22077.0,119,126,17,0,109,126,21940,10,0,0,10,0
2020-05-11,US,Louisiana,Rapides,370,13,0,31.19778499,-92.52997303,22079.0,357,362,13,0,349,351,130562,8,0,0,8,11
2020-05-11,US,Louisiana,Red River,36,6,0,32.09530039,-93.34213308,22081.0,30,36,6,0,30,36,8477,0,0,0,0,0
2020-05-11,US,Louisiana,Richland,103,1,0,32.41391005,-91.76634876,22083.0,102,100,1,0,99,99,20192,3,0,0,3,1
2020-05-11,US,Louisiana,Sabine,19,1,0,31.56388699,-93.55433981,22085.0,18,17,1,0,16,17,24032,2,0,0,2,0
2020-05-11,US,Louisiana,St. Bernard,514,20,0,29.87761636,-89.51887093,22087.0,494,513,20,0,493,512,46721,1,0,0,1,1
2020-05-11,US,Louisiana,St. Charles,595,43,0,29.90709658,-90.35555967,22089.0,552,594,43,0,551,593,52879,1,0,0,1,1
2020-05-11,US,Louisiana,St. Helena,35,1,0,30.82210324,-90.71013176,22091.0,34,35,1,0,34,35,10262,0,0,0,0,0
2020-05-11,US,Louisiana,St. James,256,20,0,30.02531716,-90.80212061,22093.0,236,257,20,0,237,257,21037,-1,0,0,-1,0
2020-05-11,US,Louisiana,St. John the Baptist,801,77,0,30.12597499,-90.4753503,22095.0,724,801,76,0,725,801,43184,0,1,0,-1,0
2020-05-11,US,Louisiana,St. Landry,214,50,0,30.59724262,-92.00135806,22097.0,164,215,50,0,165,211,82764,-1,0,0,-1,4
2020-05-11,US,Louisiana,St. Martin,260,21,0,30.13112107,-91.61403569,22099.0,239,257,21,0,236,257,53621,3,0,0,3,0
2020-05-11,US,Louisiana,St. Mary,250,26,0,29.69262097,-91.44702164,22101.0,224,245,26,0,219,242,49774,5,0,0,5,3
2020-05-11,US,Louisiana,St. Tammany,1463,136,0,30.40942847,-89.95642711,22103.0,1327,1452,133,0,1319,1447,258111,11,3,0,8,5
2020-05-11,US,Louisiana,Tangipahoa,670,28,0,30.62888673,-90.40664996,22105.0,642,654,28,0,626,652,133777,16,0,0,16,2
2020-05-11,US,Louisiana,Tensas,6,0,0,32.00760749,-91.32915234,22107.0,6,6,0,0,6,6,4462,0,0,0,0,0
2020-05-11,US,Louisiana,Terrebonne,528,39,0,29.37343766,-90.82626855,22109.0,489,523,38,0,485,523,111021,5,1,0,4,0
2020-05-11,US,Louisiana,Unassigned,64,68,0,0.0,0.0,90022.0,-4,64,74,0,-10,64,,0,-6,0,6,0
2020-05-11,US,Louisiana,Union,169,10,0,32.83121059,-92.3749373,22111.0,159,165,9,0,156,162,22330,4,1,0,3,3
2020-05-11,US,Louisiana,Vermilion,41,2,0,29.83517605,-92.30292538,22113.0,39,41,2,0,39,41,59830,0,0,0,0,0
2020-05-11,US,Louisiana,Vernon,18,2,0,31.10884837,-93.18153838,22115.0,16,18,2,0,16,18,48860,0,0,0,0,0
2020-05-11,US,Louisiana,Washington,342,26,0,30.85288548,-90.03866652,22117.0,316,337,26,0,311,335,46582,5,0,0,5,2
2020-05-11,US,Louisiana,Webster,100,4,0,32.70847669,-93.33121835,22119.0,96,98,4,0,94,97,38798,2,0,0,2,1
2020-05-11,US,Louisiana,West Baton Rouge,123,29,0,30.46058217,-91.30989571,22121.0,94,123,26,0,97,122,26427,0,3,0,-3,1
2020-05-11,US,Louisiana,West Carroll,5,0,0,32.78550125,-91.461201,22123.0,5,4,0,0,4,4,10982,1,0,0,1,0
2020-05-11,US,Louisiana,West Feliciana,184,6,0,30.87882871,-91.41485379999999,22125.0,178,184,6,0,178,183,15460,0,0,0,0,1
2020-05-11,US,Louisiana,Winn,52,2,0,31.94449367,-92.63789413,22127.0,50,52,2,0,50,51,14134,0,0,0,0,1
2020-05-11,US,Maine,Androscoggin,92,2,0,44.1664747,-70.20380627,23001.0,90,84,2,0,82,82,107679,8,0,0,8,2
2020-05-11,US,Maine,Aroostook,6,0,0,46.65926321,-68.59841248,23003.0,6,6,0,0,6,6,67111,0,0,0,0,0
2020-05-11,US,Maine,Cumberland,714,31,0,43.8370751,-70.37226999,23005.0,683,702,30,0,672,685,293557,12,1,0,11,17
2020-05-11,US,Maine,Franklin,31,1,0,44.97330019,-70.44381045,23007.0,30,31,1,0,30,31,29897,0,0,0,0,0
2020-05-11,US,Maine,Hancock,10,1,0,44.59816444,-68.38401854,23009.0,9,10,1,0,9,10,54811,0,0,0,0,0
2020-05-11,US,Maine,Kennebec,110,8,0,44.40759555,-69.76738544,23011.0,102,109,8,0,101,109,122083,1,0,0,1,0
2020-05-11,US,Maine,Knox,19,0,0,44.11486325,-69.10529169,23013.0,19,18,0,0,18,18,39771,1,0,0,1,0
2020-05-11,US,Maine,Lincoln,15,0,0,44.05996956,-69.54227124,23015.0,15,15,0,0,15,15,34342,0,0,0,0,0
2020-05-11,US,Maine,Oxford,17,0,0,44.49952995,-70.75682123,23017.0,17,17,0,0,17,17,57618,0,0,0,0,0
2020-05-11,US,Maine,Penobscot,90,0,0,45.40194593,-68.65020455,23019.0,90,90,0,0,90,89,151096,0,0,0,0,1
2020-05-11,US,Maine,Piscataquis,1,0,0,45.83839062,-69.2860223,23021.0,1,1,0,0,1,1,16800,0,0,0,0,0
2020-05-11,US,Maine,Sagadahoc,21,0,0,43.95415864,-69.85074999,23023.0,21,21,0,0,21,20,35634,0,0,0,0,1
2020-05-11,US,Maine,Somerset,17,0,0,45.51229767,-69.95995554,23025.0,17,17,0,0,17,17,50592,0,0,0,0,0
2020-05-11,US,Maine,Unassigned,6,0,0,0.0,0.0,90023.0,6,3,0,0,3,1,,3,0,0,3,2
2020-05-11,US,Maine,Waldo,49,14,0,44.4858305,-69.12061935,23027.0,35,49,14,0,35,49,39694,0,0,0,0,0
2020-05-11,US,Maine,Washington,2,0,0,45.01607142,-67.62813524,23029.0,2,2,0,0,2,2,31490,0,0,0,0,0
2020-05-11,US,Maine,York,262,8,0,43.47808377,-70.71052375,23031.0,254,261,8,0,253,256,206229,1,0,0,1,5
2020-05-11,US,Maryland,Allegany,146,12,0,39.62357628,-78.69280486,24001.0,134,146,12,0,134,144,70975,0,0,0,0,2
2020-05-11,US,Maryland,Anne Arundel,2492,124,0,39.00670238,-76.60329337,24003.0,2368,2463,121,0,2342,2372,576031,29,3,0,26,91
2020-05-11,US,Maryland,Baltimore,3948,194,0,39.45784712,-76.62911955,24005.0,3754,3862,191,0,3671,3737,828431,86,3,0,83,125
2020-05-11,US,Maryland,Baltimore City,3353,171,0,39.30211911,-76.61151012,24510.0,3182,3317,169,0,3148,3208,621342,36,2,0,34,109
2020-05-11,US,Maryland,Calvert,209,11,0,38.53961642,-76.56820632,24009.0,198,206,11,0,195,202,92003,3,0,0,3,4
2020-05-11,US,Maryland,Caroline,167,0,0,38.87172293,-75.82904158,24011.0,167,133,0,0,133,110,33304,34,0,0,34,23
2020-05-11,US,Maryland,Carroll,583,58,0,39.56453592,-77.02373735,24013.0,525,560,58,0,502,551,168429,23,0,0,23,9
2020-05-11,US,Maryland,Cecil,267,13,0,39.56647682,-75.94627411,24015.0,254,242,13,0,229,219,102826,25,0,0,25,23
2020-05-11,US,Maryland,Charles,756,54,0,38.51092331,-76.98580666,24017.0,702,748,54,0,694,729,161503,8,0,0,8,19
2020-05-11,US,Maryland,Dorchester,98,2,0,38.45413522,-76.02752426,24019.0,96,95,2,0,93,91,31998,3,0,0,3,4
2020-05-11,US,Maryland,Frederick,1267,74,0,39.47296601,-77.39999394,24021.0,1193,1251,74,0,1177,1213,255648,16,0,0,16,38
2020-05-11,US,Maryland,Garrett,6,0,0,39.52786077,-79.27355126,24023.0,6,6,0,0,6,6,29163,0,0,0,0,0
2020-05-11,US,Maryland,Harford,605,25,0,39.55010644,-76.30775940000002,24025.0,580,605,25,0,580,589,253956,0,0,0,0,16
2020-05-11,US,Maryland,Howard,1223,31,0,39.25305293,-76.93126208,24027.0,1192,1205,29,0,1176,1170,323196,18,2,0,16,35
2020-05-11,US,Maryland,Kent,116,13,0,39.24976208,-76.04741541,24029.0,103,113,13,0,100,102,19383,3,0,0,3,11
2020-05-11,US,Maryland,Montgomery,6909,388,0,39.13676329,-77.20358245,24031.0,6521,6762,382,0,6380,6555,1052567,147,6,0,141,207
2020-05-11,US,Maryland,Prince George's,9687,359,0,38.83070039,-76.8496441,24033.0,9328,9496,353,0,9143,9205,909308,191,6,0,185,291
2020-05-11,US,Maryland,Queen Anne's,100,9,0,39.06198912,-76.03530977,24035.0,91,80,9,0,71,72,50251,20,0,0,20,8
2020-05-11,US,Maryland,Somerset,50,0,0,38.1163542,-75.75118623,24039.0,50,43,0,0,43,42,25675,7,0,0,7,1
2020-05-11,US,Maryland,St. Mary's,244,9,0,38.30058422,-76.60629279999998,24037.0,235,241,8,0,233,234,112664,3,1,0,2,7
2020-05-11,US,Maryland,Talbot,61,1,0,38.76618159,-76.10882561,24041.0,60,60,1,0,59,58,36968,1,0,0,1,2
2020-05-11,US,Maryland,Unassigned,0,106,0,0.0,0.0,90024.0,-106,0,91,0,-91,0,,0,15,0,-15,0
2020-05-11,US,Maryland,Washington,283,9,0,39.60835778,-77.82002295,24043.0,274,276,9,0,267,265,150926,7,0,0,7,11
2020-05-11,US,Maryland,Wicomico,690,16,0,38.37301947,-75.62705831,24045.0,674,571,15,0,556,558,103195,119,1,0,118,13
2020-05-11,US,Maryland,Worcester,113,4,0,38.21274277,-75.33200012,24047.0,109,106,4,0,102,102,51823,7,0,0,7,4
2020-05-11,US,Massachusetts,Barnstable,1075,73,0,41.72980578,-70.28854339,25001.0,1002,1068,68,0,1000,1056,213413,7,5,0,2,12
2020-05-11,US,Massachusetts,Berkshire,478,37,0,42.37428441,-73.20524838,25003.0,441,475,37,0,438,472,126348,3,0,0,3,3
2020-05-11,US,Massachusetts,Bristol,4999,274,0,41.79228404,-71.10872211,25005.0,4725,4931,266,0,4665,4847,564022,68,8,0,60,84
2020-05-11,US,Massachusetts,Dukes and Nantucket,35,1,0,41.40674725,-70.68763497,0.0,34,35,1,0,34,34,26707,0,0,0,0,1
2020-05-11,US,Massachusetts,Essex,11432,669,0,42.6687626,-70.94687179,25009.0,10763,11353,644,0,10709,11211,790638,79,25,0,54,142
2020-05-11,US,Massachusetts,Franklin,296,42,0,42.58119713,-72.58602547,25011.0,254,294,42,0,252,294,70963,2,0,0,2,0
2020-05-11,US,Massachusetts,Hampden,4763,458,0,42.13440424,-72.63235561,25013.0,4305,4714,449,0,4265,4647,470406,49,9,0,40,67
2020-05-11,US,Massachusetts,Hampshire,688,57,0,42.33997957,-72.65898478,25015.0,631,676,55,0,621,659,161355,12,2,0,10,17
2020-05-11,US,Massachusetts,Middlesex,17774,1235,0,42.48607732,-71.39049229,25017.0,16539,17589,1207,0,16382,17307,1614714,185,28,0,157,282
2020-05-11,US,Massachusetts,Norfolk,7004,661,0,42.16073095,-71.20530408,25021.0,6343,6952,650,0,6302,6887,705388,52,11,0,41,65
2020-05-11,US,Massachusetts,Plymouth,6457,408,0,41.94070556,-70.80802823,25023.0,6049,6382,393,0,5989,6311,518132,75,15,0,60,71
2020-05-11,US,Massachusetts,Suffolk,15356,731,0,42.327951399999996,-71.07850442,25025.0,14625,15279,718,0,14561,15119,807252,77,13,0,64,160
2020-05-11,US,Massachusetts,Unassigned,287,5,0,0.0,0.0,90025.0,282,302,5,0,297,288,,-15,0,0,-15,14
2020-05-11,US,Massachusetts,Worcester,7818,457,0,42.35026951,-71.90493363,25027.0,7361,7743,444,0,7299,7611,830839,75,13,0,62,132
2020-05-11,US,Michigan,Alcona,4,1,0,44.6846864,-83.59507875,26001.0,3,4,1,0,3,4,10362,0,0,0,0,0
2020-05-11,US,Michigan,Allegan,157,2,0,42.59147037,-85.89102866,26005.0,155,150,2,0,148,136,117327,7,0,0,7,14
2020-05-11,US,Michigan,Alpena,87,8,0,45.03477666,-83.62212411,26007.0,79,87,8,0,79,87,28360,0,0,0,0,0
2020-05-11,US,Michigan,Antrim,10,0,0,44.99690221,-85.15503082,26009.0,10,10,0,0,10,10,23365,0,0,0,0,0
2020-05-11,US,Michigan,Arenac,27,1,0,44.0636262,-83.89277559,26011.0,26,27,1,0,26,27,15041,0,0,0,0,0
2020-05-11,US,Michigan,Baraga,1,0,0,46.6720582,-88.36363591,26013.0,1,1,0,0,1,1,8320,0,0,0,0,0
2020-05-11,US,Michigan,Barry,51,1,0,42.59513984,-85.30834519,26015.0,50,48,1,0,47,49,61157,3,0,0,3,-1
2020-05-11,US,Michigan,Bay,204,9,0,43.70639106,-83.98731479,26017.0,195,192,9,0,183,189,103923,12,0,0,12,3
2020-05-11,US,Michigan,Benzie,4,0,0,44.63899297,-86.01608482,26019.0,4,4,0,0,4,4,17753,0,0,0,0,0
2020-05-11,US,Michigan,Berrien,403,24,0,41.95447397,-86.41313079999998,26021.0,379,391,22,0,369,384,154141,12,2,0,10,7
2020-05-11,US,Michigan,Branch,80,2,0,41.91600556,-85.05929476,26023.0,78,79,2,0,77,79,43622,1,0,0,1,0
2020-05-11,US,Michigan,Calhoun,268,17,0,42.24633834,-85.00493569,26025.0,251,260,17,0,243,258,134487,8,0,0,8,2
2020-05-11,US,Michigan,Cass,42,2,0,41.91522292,-85.99405727,26027.0,40,41,2,0,39,41,51653,1,0,0,1,0
2020-05-11,US,Michigan,Charlevoix,13,1,0,45.37790017,-85.19614053,26029.0,12,13,1,0,12,13,26244,0,0,0,0,0
2020-05-11,US,Michigan,Cheboygan,19,1,0,45.44787015,-84.50122149,26031.0,18,19,1,0,18,19,25413,0,0,0,0,0
2020-05-11,US,Michigan,Chippewa,2,0,0,46.29552653,-84.54353449,26033.0,2,2,0,0,2,2,37517,0,0,0,0,0
2020-05-11,US,Michigan,Clare,12,2,0,43.98794227,-84.84819859999998,26035.0,10,12,2,0,10,12,30757,0,0,0,0,0
2020-05-11,US,Michigan,Clinton,128,10,0,42.94400871,-84.60145248,26037.0,118,126,10,0,116,127,79332,2,0,0,2,-1
2020-05-11,US,Michigan,Crawford,57,4,0,44.68255561,-84.61006219,26039.0,53,57,4,0,53,57,13901,0,0,0,0,0
2020-05-11,US,Michigan,Delta,14,2,0,45.90484910000001,-86.9080745,26041.0,12,14,2,0,12,14,35857,0,0,0,0,0
2020-05-11,US,Michigan,Dickinson,5,2,0,46.00999672,-87.86961634,26043.0,3,5,2,0,3,5,25383,0,0,0,0,0
2020-05-11,US,Michigan,Eaton,151,6,0,42.59599185,-84.83740035,26045.0,145,150,6,0,144,150,109826,1,0,0,1,0
2020-05-11,US,Michigan,Emmet,21,2,0,45.52625509,-84.89083249,26047.0,19,21,2,0,19,21,33308,0,0,0,0,0
2020-05-11,US,Michigan,Federal Correctional Institution (FCI),114,3,0,0.0,0.0,0.0,111,110,3,0,107,110,,4,0,0,4,0
2020-05-11,US,Michigan,Genesee,1765,224,0,43.02244215,-83.70589709,26049.0,1541,1758,224,0,1534,1750,406892,7,0,0,7,8
2020-05-11,US,Michigan,Gladwin,17,1,0,43.98901072,-84.38774817,26051.0,16,17,1,0,16,16,25337,0,0,0,0,1
2020-05-11,US,Michigan,Gogebic,4,1,0,46.40862701,-89.69377193,26053.0,3,4,1,0,3,4,15096,0,0,0,0,0
2020-05-11,US,Michigan,Grand Traverse,20,5,0,44.69565625,-85.55585247,26055.0,15,20,5,0,15,20,92573,0,0,0,0,0
2020-05-11,US,Michigan,Gratiot,33,4,0,43.29265605,-84.60505416,26057.0,29,31,3,0,28,29,40599,2,1,0,1,2
2020-05-11,US,Michigan,Hillsdale,153,22,0,41.88753639,-84.59312019,26059.0,131,152,21,0,131,151,45749,1,1,0,0,1
2020-05-11,US,Michigan,Houghton,2,0,0,46.89988536,-88.68495385,26061.0,2,2,0,0,2,2,36219,0,0,0,0,0
2020-05-11,US,Michigan,Huron,36,1,0,43.83353985,-83.04078453,26063.0,35,35,1,0,34,34,31166,1,0,0,1,1
2020-05-11,US,Michigan,Ingham,586,17,0,42.59716886,-84.37472069,26065.0,569,579,16,0,563,575,292735,7,1,0,6,4
2020-05-11,US,Michigan,Ionia,110,3,0,42.94502238,-85.07413319,26067.0,107,108,2,0,106,107,64210,2,1,0,1,1
2020-05-11,US,Michigan,Iosco,55,8,0,44.35486835,-83.63484895,26069.0,47,55,8,0,47,54,25081,0,0,0,0,1
2020-05-11,US,Michigan,Isabella,62,7,0,43.64060976,-84.84664923,26073.0,55,62,7,0,55,61,70562,0,0,0,0,1
2020-05-11,US,Michigan,Jackson,400,26,0,42.24807035,-84.42258681,26075.0,374,393,26,0,367,389,158823,7,0,0,7,4
2020-05-11,US,Michigan,Kalamazoo,622,32,0,42.24542231,-85.53038622,26077.0,590,601,29,0,572,591,264870,21,3,0,18,10
2020-05-11,US,Michigan,Kalkaska,18,2,0,44.68512729,-85.09085699,26079.0,16,18,2,0,16,17,17824,0,0,0,0,1
2020-05-11,US,Michigan,Kent,2332,42,0,43.03197711,-85.54934642,26081.0,2290,2281,41,0,2240,2213,653786,51,1,0,50,68
2020-05-11,US,Michigan,Lake,2,0,0,43.99050893,-85.802173,26085.0,2,2,0,0,2,2,11881,0,0,0,0,0
2020-05-11,US,Michigan,Lapeer,177,30,0,43.09052506,-83.22153148,26087.0,147,176,29,0,147,175,88028,1,1,0,0,1
2020-05-11,US,Michigan,Leelanau,9,0,0,44.94430054,-85.80150326,26089.0,9,9,0,0,9,9,21764,0,0,0,0,0
2020-05-11,US,Michigan,Lenawee,128,2,0,41.89475156,-84.06603727,26091.0,126,127,2,0,125,127,98266,1,0,0,1,0
2020-05-11,US,Michigan,Livingston,376,22,0,42.60302282,-83.91297209,26093.0,354,376,22,0,354,375,191224,0,0,0,0,1
2020-05-11,US,Michigan,Luce,1,0,0,46.47227431,-85.54471223,26095.0,1,1,0,0,1,1,6283,0,0,0,0,0
2020-05-11,US,Michigan,Mackinac,6,0,0,46.07028979,-85.04980537,26097.0,6,6,0,0,6,6,10787,0,0,0,0,0
2020-05-11,US,Michigan,Macomb,6064,699,0,42.69158356,-82.92752801,26099.0,5365,6042,698,0,5344,6019,874759,22,1,0,21,23
2020-05-11,US,Michigan,Manistee,11,0,0,44.33352407,-86.05626916,26101.0,11,11,0,0,11,11,24528,0,0,0,0,0
2020-05-11,US,Michigan,Marquette,51,10,0,46.4338914,-87.64043701,26103.0,41,51,10,0,41,51,66516,0,0,0,0,0
2020-05-11,US,Michigan,Mason,21,0,0,43.99509218,-86.24988902,26105.0,21,21,0,0,21,19,29100,0,0,0,0,2
2020-05-11,US,Michigan,Mecosta,16,2,0,43.64064262,-85.32463223,26107.0,14,16,2,0,14,16,43545,0,0,0,0,0
2020-05-11,US,Michigan,Menominee,6,0,0,45.58038692,-87.55370409,26109.0,6,6,0,0,6,6,22983,0,0,0,0,0
2020-05-11,US,Michigan,Michigan Department of Corrections (MDOC),2139,54,0,0.0,0.0,0.0,2085,2138,51,0,2087,2136,,1,3,0,-2,2
2020-05-11,US,Michigan,Midland,66,8,0,43.64330771,-84.38804374,26111.0,58,66,8,0,58,66,83209,0,0,0,0,0
2020-05-11,US,Michigan,Missaukee,16,1,0,44.33772443,-85.09256478,26113.0,15,16,1,0,15,16,15113,0,0,0,0,0
2020-05-11,US,Michigan,Monroe,393,17,0,41.92734151,-83.53749864,26115.0,376,389,16,0,373,387,150439,4,1,0,3,2
2020-05-11,US,Michigan,Montcalm,46,1,0,43.31082541,-85.15252824,26117.0,45,46,1,0,45,46,63968,0,0,0,0,0
2020-05-11,US,Michigan,Montmorency,5,0,0,45.0275929,-84.12696227,26119.0,5,5,0,0,5,5,9265,0,0,0,0,0
2020-05-11,US,Michigan,Muskegon,384,20,0,43.29123859,-86.15176712,26121.0,364,367,20,0,347,354,173588,17,0,0,17,13
2020-05-11,US,Michigan,Newaygo,35,0,0,43.554373999999996,-85.80070107,26123.0,35,34,0,0,34,34,48892,1,0,0,1,0
2020-05-11,US,Michigan,Oakland,7752,849,0,42.66090111,-83.38595416,26125.0,6903,7736,843,0,6893,7692,1259201,16,6,0,10,44
2020-05-11,US,Michigan,Oceana,30,1,0,43.64124435,-86.26726673,26127.0,29,28,1,0,27,25,26625,2,0,0,2,3
2020-05-11,US,Michigan,Ogemaw,16,0,0,44.33481032,-84.12725175,26129.0,16,15,0,0,15,15,20952,1,0,0,1,0
2020-05-11,US,Michigan,Osceola,9,0,0,43.98992088,-85.32566756,26133.0,9,9,0,0,9,9,23341,0,0,0,0,0
2020-05-11,US,Michigan,Oscoda,5,1,0,44.68192279,-84.12939244,26135.0,4,5,1,0,4,5,8276,0,0,0,0,0
2020-05-11,US,Michigan,Otsego,98,10,0,45.02085831,-84.59898295,26137.0,88,97,9,0,88,97,24665,1,1,0,0,0
2020-05-11,US,Michigan,Ottawa,420,19,0,42.95996803,-85.9969107,26139.0,401,432,23,0,409,432,290494,-12,-4,0,-8,0
2020-05-11,US,Michigan,Out of MI,26,0,0,0.0,0.0,80026.0,26,22,0,0,22,21,,4,0,0,4,1
2020-05-11,US,Michigan,Presque Isle,11,0,0,45.34018577,-83.91498656,26141.0,11,11,0,0,11,11,12738,0,0,0,0,0
2020-05-11,US,Michigan,Roscommon,20,0,0,44.33473082,-84.61067651,26143.0,20,20,0,0,20,20,23884,0,0,0,0,0
2020-05-11,US,Michigan,Saginaw,809,85,0,43.33433923,-84.05131209999998,26145.0,724,789,83,0,706,780,190800,20,2,0,18,9
2020-05-11,US,Michigan,Sanilac,38,5,0,43.42406072,-82.82055898,26151.0,33,37,5,0,32,37,41182,1,0,0,1,0
2020-05-11,US,Michigan,Schoolcraft,4,0,0,46.19235734,-86.19972234,26153.0,4,4,0,0,4,4,8068,0,0,0,0,0
2020-05-11,US,Michigan,Shiawassee,211,17,0,42.95392800000001,-84.14585902,26155.0,194,204,17,0,187,203,68192,7,0,0,7,1
2020-05-11,US,Michigan,St. Clair,358,25,0,42.92655373,-82.67937954,26147.0,333,357,25,0,332,353,159337,1,0,0,1,4
2020-05-11,US,Michigan,St. Joseph,65,1,0,41.91441767,-85.52797979,26149.0,64,65,1,0,64,65,61043,0,0,0,0,0
2020-05-11,US,Michigan,Tuscola,139,17,0,43.46606813,-83.41897025,26157.0,122,134,17,0,117,131,52516,5,0,0,5,3
2020-05-11,US,Michigan,Unassigned,10,1,0,0.0,0.0,90026.0,9,17,1,0,16,12,,-7,0,0,-7,5
2020-05-11,US,Michigan,Van Buren,93,4,0,42.25190229,-86.01939087,26159.0,89,88,4,0,84,84,75448,5,0,0,5,4
2020-05-11,US,Michigan,Washtenaw,1192,81,0,42.253105,-83.83853204,26161.0,1111,1182,81,0,1101,1176,370963,10,0,0,10,6
2020-05-11,US,Michigan,Wayne,18194,2105,0,42.28098405,-83.281255,26163.0,16089,18075,2097,0,15978,17960,1753893,119,8,0,111,115
2020-05-11,US,Michigan,Wexford,11,2,0,44.33853602,-85.57712739,26165.0,9,11,2,0,9,10,33466,0,0,0,0,1
2020-05-11,US,Minnesota,Aitkin,2,0,0,46.60962049,-93.41168259999999,27001.0,2,2,0,0,2,2,15902,0,0,0,0,0
2020-05-11,US,Minnesota,Anoka,571,29,0,45.27476015,-93.24604565,27003.0,542,549,29,0,520,518,353813,22,0,0,22,31
2020-05-11,US,Minnesota,Becker,25,0,0,46.93479392,-95.67158144,27005.0,25,25,0,0,25,25,34371,0,0,0,0,0
2020-05-11,US,Minnesota,Beltrami,6,0,0,47.97373527,-94.93732139,27007.0,6,6,0,0,6,6,46847,0,0,0,0,0
2020-05-11,US,Minnesota,Benton,93,2,0,45.69804958,-93.99514135,27009.0,91,92,2,0,90,87,40545,1,0,0,1,5
2020-05-11,US,Minnesota,Big Stone,2,0,0,45.42712824,-96.41403739,27011.0,2,2,0,0,2,2,4989,0,0,0,0,0
2020-05-11,US,Minnesota,Blue Earth,67,0,0,44.03554215,-94.06699781,27013.0,67,65,0,0,65,64,67427,2,0,0,2,1
2020-05-11,US,Minnesota,Brown,9,1,0,44.24205652,-94.72562874,27015.0,8,9,1,0,8,9,25111,0,0,0,0,0
2020-05-11,US,Minnesota,Carlton,64,0,0,46.59180601,-92.67601019,27017.0,64,64,0,0,64,64,35837,0,0,0,0,0
2020-05-11,US,Minnesota,Carver,92,1,0,44.82017001,-93.80099179999999,27019.0,91,82,1,0,81,78,103551,10,0,0,10,4
2020-05-11,US,Minnesota,Cass,8,1,0,46.95043611,-94.32603968,27021.0,7,8,1,0,7,8,29519,0,0,0,0,0
2020-05-11,US,Minnesota,Chippewa,14,0,0,45.02343421,-95.56403693,27023.0,14,6,0,0,6,5,11924,8,0,0,8,1
2020-05-11,US,Minnesota,Chisago,20,1,0,45.5021011,-92.90861945,27025.0,19,20,1,0,19,19,55922,0,0,0,0,1
2020-05-11,US,Minnesota,Clay,247,17,0,46.89289518,-96.48761922,27027.0,230,235,17,0,218,233,63955,12,0,0,12,2
2020-05-11,US,Minnesota,Clearwater,2,0,0,47.57992111,-95.37790562,27029.0,2,2,0,0,2,2,8810,0,0,0,0,0
2020-05-11,US,Minnesota,Cottonwood,47,0,0,44.00715262,-95.18138802,27033.0,47,46,0,0,46,45,11277,1,0,0,1,1
2020-05-11,US,Minnesota,Crow Wing,23,1,0,46.48096553,-94.06755609,27035.0,22,23,1,0,22,24,64889,0,0,0,0,-1
2020-05-11,US,Minnesota,Dakota,471,15,0,44.67172617,-93.06299363,27037.0,456,430,15,0,415,408,425423,41,0,0,41,22
2020-05-11,US,Minnesota,Dodge,26,0,0,44.02238415,-92.86244324,27039.0,26,26,0,0,26,24,20822,0,0,0,0,2
2020-05-11,US,Minnesota,Douglas,16,0,0,45.93348491,-95.45335469,27041.0,16,16,0,0,16,15,37964,0,0,0,0,1
2020-05-11,US,Minnesota,Faribault,10,0,0,43.67381499,-93.94787458,27043.0,10,12,0,0,12,10,13758,-2,0,0,-2,2
2020-05-11,US,Minnesota,Fillmore,13,1,0,43.67394126,-92.08980382,27045.0,12,13,1,0,12,12,21058,0,0,0,0,1
2020-05-11,US,Minnesota,Freeborn,46,0,0,43.67385583,-93.34884422,27047.0,46,44,0,0,44,43,30444,2,0,0,2,1
2020-05-11,US,Minnesota,Goodhue,25,0,0,44.40849741,-92.72341949999999,27049.0,25,25,0,0,25,25,46403,0,0,0,0,0
2020-05-11,US,Minnesota,Grant,2,0,0,45.93424769,-96.01139609,27051.0,2,2,0,0,2,2,6021,0,0,0,0,0
2020-05-11,US,Minnesota,Hennepin,3744,398,0,45.00761521,-93.47694895,27053.0,3346,3558,389,0,3169,3379,1259428,186,9,0,177,179
2020-05-11,US,Minnesota,Houston,2,0,0,43.67129565,-91.49143057,27055.0,2,2,0,0,2,2,18578,0,0,0,0,0
2020-05-11,US,Minnesota,Isanti,8,0,0,45.56181234,-93.29487636,27059.0,8,7,0,0,7,7,39966,1,0,0,1,0
2020-05-11,US,Minnesota,Itasca,33,0,0,47.51009045,-93.63092229,27061.0,33,28,0,0,28,25,45108,5,0,0,5,3
2020-05-11,US,Minnesota,Jackson,33,0,0,43.67423373,-95.15398258,27063.0,33,32,0,0,32,31,9911,1,0,0,1,1
2020-05-11,US,Minnesota,Kanabec,10,0,0,45.9459309,-93.29275192,27065.0,10,9,0,0,9,9,16207,1,0,0,1,0
2020-05-11,US,Minnesota,Kandiyohi,316,1,0,45.1526059,-95.00586446,27067.0,315,284,1,0,283,276,42855,32,0,0,32,8
2020-05-11,US,Minnesota,Kittson,1,0,0,48.77754106,-96.78317184,27069.0,1,1,0,0,1,1,4248,0,0,0,0,0
2020-05-11,US,Minnesota,Koochiching,2,0,0,48.24539665,-93.78352843,27071.0,2,1,0,0,1,1,12440,1,0,0,1,0
2020-05-11,US,Minnesota,Lac qui Parle,2,0,0,44.9973857,-96.17488219,27073.0,2,2,0,0,2,2,6658,0,0,0,0,0
2020-05-11,US,Minnesota,Lake,1,0,0,47.64270764,-91.44557998,27075.0,1,1,0,0,1,1,10658,0,0,0,0,0
2020-05-11,US,Minnesota,Le Sueur,30,0,0,44.37136597,-93.72844721,27079.0,30,29,0,0,29,28,28494,1,0,0,1,1
2020-05-11,US,Minnesota,Lincoln,4,0,0,44.41311883,-96.26688165,27081.0,4,3,0,0,3,3,5673,1,0,0,1,0
2020-05-11,US,Minnesota,Lyon,18,0,0,44.41327865,-95.83806103,27083.0,18,17,0,0,17,17,25629,1,0,0,1,0
2020-05-11,US,Minnesota,Mahnomen,3,1,0,47.32557075,-95.80921485,27087.0,2,3,1,0,2,2,5519,0,0,0,0,1
2020-05-11,US,Minnesota,Marshall,8,0,0,48.35825983,-96.37017407,27089.0,8,8,0,0,8,8,9390,0,0,0,0,0
2020-05-11,US,Minnesota,Martin,112,4,0,43.67429718,-94.55099908,27091.0,108,112,4,0,108,112,19785,0,0,0,0,0
2020-05-11,US,Minnesota,McLeod,13,0,0,44.82367677,-94.27287017,27085.0,13,12,0,0,12,8,35873,1,0,0,1,4
2020-05-11,US,Minnesota,Meeker,21,0,0,45.12328869,-94.52839455,27093.0,21,21,0,0,21,21,23141,0,0,0,0,0
2020-05-11,US,Minnesota,Mille Lacs,7,1,0,45.93705297,-93.63236823,27095.0,6,7,1,0,6,7,26139,0,0,0,0,0
2020-05-11,US,Minnesota,Morrison,14,0,0,46.01265363,-94.27341528,27097.0,14,14,0,0,14,13,33169,0,0,0,0,1
2020-05-11,US,Minnesota,Mower,45,0,0,43.67142874,-92.75234549,27099.0,45,45,0,0,45,42,40011,0,0,0,0,3
2020-05-11,US,Minnesota,Murray,29,0,0,44.02216709,-95.76328482,27101.0,29,29,0,0,29,27,8276,0,0,0,0,2
2020-05-11,US,Minnesota,Nicollet,21,2,0,44.35291112,-94.24710352,27103.0,19,21,2,0,19,21,34220,0,0,0,0,0
2020-05-11,US,Minnesota,Nobles,1269,2,0,43.67434621,-95.75329576,27105.0,1267,1255,2,0,1253,1230,21924,14,0,0,14,25
2020-05-11,US,Minnesota,Norman,10,0,0,47.32628443,-96.45620947,27107.0,10,10,0,0,10,9,6475,0,0,0,0,1
2020-05-11,US,Minnesota,Olmsted,374,9,0,44.00374114,-92.40209944,27109.0,365,368,9,0,359,363,156277,6,0,0,6,5
2020-05-11,US,Minnesota,Otter Tail,25,0,0,46.40846929,-95.70835255,27111.0,25,23,0,0,23,23,58812,2,0,0,2,0
2020-05-11,US,Minnesota,Pennington,1,0,0,48.06642577,-96.0370814,27113.0,1,1,0,0,1,1,14178,0,0,0,0,0
2020-05-11,US,Minnesota,Pine,73,0,0,46.12105238,-92.74070188,27115.0,73,73,0,0,73,69,29483,0,0,0,0,4
2020-05-11,US,Minnesota,Pipestone,7,0,0,44.02301619,-96.25841142,27117.0,7,7,0,0,7,7,9047,0,0,0,0,0
2020-05-11,US,Minnesota,Polk,53,1,0,47.77372465,-96.40134647,27119.0,52,52,1,0,51,48,31529,1,0,0,1,4
2020-05-11,US,Minnesota,Pope,5,0,0,45.58606667,-95.44451209,27121.0,5,5,0,0,5,5,11097,0,0,0,0,0
2020-05-11,US,Minnesota,Ramsey,986,47,0,45.01625271,-93.09872295,27123.0,939,920,45,0,875,875,550210,66,2,0,64,45
2020-05-11,US,Minnesota,Red Lake,2,0,0,47.87197525,-96.09561104,27125.0,2,2,0,0,2,1,3999,0,0,0,0,1
2020-05-11,US,Minnesota,Redwood,3,0,0,44.40555844,-95.25207021,27127.0,3,3,0,0,3,3,15249,0,0,0,0,0
2020-05-11,US,Minnesota,Renville,6,0,0,44.72836381,-94.94553734,27129.0,6,6,0,0,6,6,14612,0,0,0,0,0
2020-05-11,US,Minnesota,Rice,126,2,0,44.3543376,-93.29658715,27131.0,124,114,1,0,113,102,66523,12,1,0,11,12
2020-05-11,US,Minnesota,Rock,19,0,0,43.67482683,-96.25296832,27133.0,19,19,0,0,19,19,9414,0,0,0,0,0
2020-05-11,US,Minnesota,Roseau,1,0,0,48.77501878,-95.81079919,27135.0,1,1,0,0,1,1,15150,0,0,0,0,0
2020-05-11,US,Minnesota,Scott,155,1,0,44.6490231,-93.53340251,27139.0,154,140,1,0,139,129,147381,15,0,0,15,11
2020-05-11,US,Minnesota,Sherburne,114,1,0,45.44447208,-93.77617511,27141.0,113,109,1,0,108,107,96036,5,0,0,5,2
2020-05-11,US,Minnesota,Sibley,4,0,0,44.5796592,-94.23164924,27143.0,4,4,0,0,4,3,15028,0,0,0,0,1
2020-05-11,US,Minnesota,St. Louis,96,12,0,47.604840700000004,-92.46879855,27137.0,84,92,12,0,80,91,199754,4,0,0,4,1
2020-05-11,US,Minnesota,Stearns,1443,6,0,45.55192576,-94.61078221,27145.0,1437,1405,5,0,1400,1348,159256,38,1,0,37,57
2020-05-11,US,Minnesota,Steele,65,0,0,44.02240351,-93.22627088,27147.0,65,60,0,0,60,58,36803,5,0,0,5,2
2020-05-11,US,Minnesota,Stevens,1,0,0,45.58613007,-96.00163705,27149.0,1,1,0,0,1,1,9753,0,0,0,0,0
2020-05-11,US,Minnesota,Swift,8,0,0,45.2829032,-95.68264092,27151.0,8,5,0,0,5,3,9345,3,0,0,3,2
2020-05-11,US,Minnesota,Todd,38,0,0,46.06996226,-94.89785296,27153.0,38,36,0,0,36,33,24582,2,0,0,2,3
2020-05-11,US,Minnesota,Traverse,3,0,0,45.77298854,-96.47062949,27155.0,3,3,0,0,3,3,3308,0,0,0,0,0
2020-05-11,US,Minnesota,Unassigned,25,0,0,0.0,0.0,90027.0,25,18,0,0,18,17,,7,0,0,7,1
2020-05-11,US,Minnesota,Wabasha,13,0,0,44.28424356,-92.23121312,27157.0,13,13,0,0,13,13,21645,0,0,0,0,0
2020-05-11,US,Minnesota,Wadena,4,0,0,46.58589171,-94.96968506,27159.0,4,4,0,0,4,4,13773,0,0,0,0,0
2020-05-11,US,Minnesota,Waseca,16,0,0,44.02211116,-93.58720034,27161.0,16,16,0,0,16,16,18691,0,0,0,0,0
2020-05-11,US,Minnesota,Washington,256,15,0,45.03864533,-92.88429635,27163.0,241,247,15,0,232,231,259201,9,0,0,9,16
2020-05-11,US,Minnesota,Watonwan,25,0,0,43.97823903,-94.61413846,27165.0,25,22,0,0,22,22,10980,3,0,0,3,0
2020-05-11,US,Minnesota,Wilkin,11,3,0,46.35721532,-96.4684375,27167.0,8,11,3,0,8,11,6254,0,0,0,0,0
2020-05-11,US,Minnesota,Winona,71,15,0,43.98772283,-91.78081305,27169.0,56,71,15,0,56,70,50825,0,0,0,0,1
2020-05-11,US,Minnesota,Wright,110,1,0,45.17297924,-93.96234781,27171.0,109,102,1,0,101,92,136349,8,0,0,8,10
2020-05-11,US,Minnesota,Yellow Medicine,3,0,0,44.71710183,-95.86842453,27173.0,3,3,0,0,3,3,9795,0,0,0,0,0
2020-05-11,US,Mississippi,Adams,160,13,0,31.47669768,-91.35326037,28001.0,147,159,12,0,147,158,31192,1,1,0,0,1
2020-05-11,US,Mississippi,Alcorn,10,1,0,34.88084463,-88.57996173,28003.0,9,10,1,0,9,10,36925,0,0,0,0,0
2020-05-11,US,Mississippi,Amite,38,0,0,31.17467303,-90.80501621,28005.0,38,38,0,0,38,34,12326,0,0,0,0,4
2020-05-11,US,Mississippi,Attala,196,4,0,33.08658803,-89.57838564,28007.0,192,190,4,0,186,191,18365,6,0,0,6,-1
2020-05-11,US,Mississippi,Benton,13,0,0,34.81681228,-89.18945516,28009.0,13,13,0,0,13,13,8271,0,0,0,0,0
2020-05-11,US,Mississippi,Bolivar,118,9,0,33.79696941,-90.87372121,28011.0,109,118,9,0,109,119,31333,0,0,0,0,-1
2020-05-11,US,Mississippi,Calhoun,58,4,0,33.93683395,-89.33686647,28013.0,54,57,4,0,53,57,14436,1,0,0,1,0
2020-05-11,US,Mississippi,Carroll,103,4,0,33.44834567,-89.91994479,28015.0,99,103,4,0,99,101,9911,0,0,0,0,2
2020-05-11,US,Mississippi,Chickasaw,93,10,0,33.91983202,-88.9481545,28017.0,83,92,10,0,82,92,17171,1,0,0,1,0
2020-05-11,US,Mississippi,Choctaw,16,2,0,33.34598242,-89.24809382,28019.0,14,16,2,0,14,15,8278,0,0,0,0,1
2020-05-11,US,Mississippi,Claiborne,41,0,0,31.97061673,-90.90702196,28021.0,41,41,0,0,41,41,9002,0,0,0,0,0
2020-05-11,US,Mississippi,Clarke,84,8,0,32.04158545,-88.68896219999998,28023.0,76,81,8,0,73,79,15604,3,0,0,3,2
2020-05-11,US,Mississippi,Clay,66,3,0,33.65358105,-88.77784255,28025.0,63,66,3,0,63,65,19386,0,0,0,0,1
2020-05-11,US,Mississippi,Coahoma,71,3,0,34.22772299,-90.60415045,28027.0,68,71,3,0,68,71,22628,0,0,0,0,0
2020-05-11,US,Mississippi,Copiah,163,1,0,31.86977774,-90.44565118,28029.0,162,162,1,0,161,157,28543,1,0,0,1,5
2020-05-11,US,Mississippi,Covington,93,1,0,31.63225413,-89.55389939,28031.0,92,90,1,0,89,89,18853,3,0,0,3,1
2020-05-11,US,Mississippi,DeSoto,336,5,0,34.87625235,-89.99091418,28033.0,331,331,5,0,326,333,182001,5,0,0,5,-2
2020-05-11,US,Mississippi,Forrest,315,21,0,31.18961454,-89.25832496,28035.0,294,314,21,0,293,309,75036,1,0,0,1,5
2020-05-11,US,Mississippi,Franklin,18,1,0,31.47786634,-90.89672989,28037.0,17,19,1,0,18,17,7788,-1,0,0,-1,2
2020-05-11,US,Mississippi,George,15,1,0,30.86259065,-88.64436789,28039.0,14,15,1,0,14,15,24250,0,0,0,0,0
2020-05-11,US,Mississippi,Greene,6,1,0,31.21444233,-88.63922281,28041.0,5,6,1,0,5,6,13586,0,0,0,0,0
2020-05-11,US,Mississippi,Grenada,52,2,0,33.77036166,-89.80245083,28043.0,50,51,2,0,49,47,21055,1,0,0,1,4
2020-05-11,US,Mississippi,Hancock,74,10,0,30.41830223,-89.48851033,28045.0,64,74,10,0,64,73,47334,0,0,0,0,1
2020-05-11,US,Mississippi,Harrison,198,6,0,30.51359752,-89.12467576,28047.0,192,198,6,0,192,198,206650,0,0,0,0,0
2020-05-11,US,Mississippi,Hinds,675,15,0,32.2656285,-90.44435448,28049.0,660,670,15,0,655,663,237085,5,0,0,5,7
2020-05-11,US,Mississippi,Holmes,223,19,0,33.12345854,-90.08923538,28051.0,204,213,19,0,194,206,17622,10,0,0,10,7
2020-05-11,US,Mississippi,Humphreys,34,4,0,33.12825718,-90.52252707,28053.0,30,30,4,0,26,30,8257,4,0,0,4,0
2020-05-11,US,Mississippi,Itawamba,69,7,0,34.27993475,-88.3606733,28057.0,62,68,6,0,62,68,23517,1,1,0,0,0
2020-05-11,US,Mississippi,Jackson,276,11,0,30.54020656,-88.64184064,28059.0,265,275,11,0,264,275,143277,1,0,0,1,0
2020-05-11,US,Mississippi,Jasper,89,2,0,32.01922104,-89.11786866,28061.0,87,86,2,0,84,86,16428,3,0,0,3,0
2020-05-11,US,Mississippi,Jefferson,31,0,0,31.73397872,-91.03764977,28063.0,31,30,0,0,30,30,7106,1,0,0,1,0
2020-05-11,US,Mississippi,Jefferson Davis,55,1,0,31.56884708,-89.82670990000004,28065.0,54,53,1,0,52,53,11234,2,0,0,2,0
2020-05-11,US,Mississippi,Jones,249,5,0,31.62257767,-89.16896899999998,28067.0,244,247,5,0,242,243,68461,2,0,0,2,4
2020-05-11,US,Mississippi,Kemper,93,6,0,32.75462946,-88.64105766,28069.0,87,92,6,0,86,91,10027,1,0,0,1,1
2020-05-11,US,Mississippi,Lafayette,101,3,0,34.35687874,-89.48490961,28071.0,98,98,3,0,95,98,54793,3,0,0,3,0
2020-05-11,US,Mississippi,Lamar,156,4,0,31.20572971,-89.5077704,28073.0,152,152,4,0,148,145,62447,4,0,0,4,7
2020-05-11,US,Mississippi,Lauderdale,492,44,0,32.40419769,-88.66229662,28075.0,448,482,43,0,439,471,75317,10,1,0,9,11
2020-05-11,US,Mississippi,Lawrence,66,0,0,31.55147224,-90.10841127,28077.0,66,66,0,0,66,64,12455,0,0,0,0,2
2020-05-11,US,Mississippi,Leake,307,4,0,32.7536828,-89.52402044,28079.0,303,299,3,0,296,299,22763,8,1,0,7,0
2020-05-11,US,Mississippi,Lee,80,4,0,34.291877500000005,-88.68149954,28081.0,76,77,4,0,73,78,85202,3,0,0,3,-1
2020-05-11,US,Mississippi,Leflore,185,18,0,33.55545125,-90.29900733,28083.0,167,185,18,0,167,185,28919,0,0,0,0,0
2020-05-11,US,Mississippi,Lincoln,186,14,0,31.53288662,-90.45391915,28085.0,172,186,14,0,172,184,34205,0,0,0,0,2
2020-05-11,US,Mississippi,Lowndes,86,3,0,33.47386518,-88.44191529999998,28087.0,83,83,3,0,80,79,58930,3,0,0,3,4
2020-05-11,US,Mississippi,Madison,466,12,0,32.63389156,-90.03513564,28089.0,454,431,12,0,419,422,105630,35,0,0,35,9
2020-05-11,US,Mississippi,Marion,84,7,0,31.23132643,-89.8209217,28091.0,77,81,7,0,74,83,24715,3,0,0,3,-2
2020-05-11,US,Mississippi,Marshall,56,2,0,34.76216286,-89.50299462,28093.0,54,55,2,0,53,55,35451,1,0,0,1,0
2020-05-11,US,Mississippi,Monroe,199,21,0,33.89236763,-88.4808438,28095.0,178,199,21,0,178,200,35564,0,0,0,0,-1
2020-05-11,US,Mississippi,Montgomery,69,1,0,33.49419589,-89.61729103,28097.0,68,69,1,0,68,67,10023,0,0,0,0,2
2020-05-11,US,Mississippi,Neshoba,320,15,0,32.75339664,-89.11726492,28099.0,305,315,14,0,301,307,29125,5,1,0,4,8
2020-05-11,US,Mississippi,Newton,142,1,0,32.40021118,-89.11843336,28101.0,141,138,1,0,137,137,21443,4,0,0,4,1
2020-05-11,US,Mississippi,Noxubee,105,2,0,33.11009499,-88.56949061,28103.0,103,102,2,0,100,102,10535,3,0,0,3,0
2020-05-11,US,Mississippi,Oktibbeha,89,4,0,33.42491685,-88.87905132,28105.0,85,89,4,0,85,86,49599,0,0,0,0,3
2020-05-11,US,Mississippi,Panola,43,2,0,34.36398677,-89.95064249,28107.0,41,43,2,0,41,43,34178,0,0,0,0,0
2020-05-11,US,Mississippi,Pearl River,190,24,0,30.77090935,-89.58677275,28109.0,166,189,24,0,165,190,55387,1,0,0,1,-1
2020-05-11,US,Mississippi,Perry,34,1,0,31.17161885,-88.99281835,28111.0,33,34,1,0,33,34,11931,0,0,0,0,0
2020-05-11,US,Mississippi,Pike,170,10,0,31.17507789,-90.40392572,28113.0,160,168,10,0,158,168,39563,2,0,0,2,0
2020-05-11,US,Mississippi,Pontotoc,23,2,0,34.226046000000004,-89.03636807,28115.0,21,24,2,0,22,24,31833,-1,0,0,-1,0
2020-05-11,US,Mississippi,Prentiss,36,2,0,34.61810501,-88.51986294,28117.0,34,36,2,0,34,35,25315,0,0,0,0,1
2020-05-11,US,Mississippi,Quitman,17,0,0,34.25157572,-90.28908,28119.0,17,17,0,0,17,16,7051,0,0,0,0,1
2020-05-11,US,Mississippi,Rankin,251,6,0,32.26469147,-89.94537876,28121.0,245,250,6,0,244,248,153902,1,0,0,1,2
2020-05-11,US,Mississippi,Scott,462,6,0,32.406704100000006,-89.53789439,28123.0,456,457,6,0,451,454,28287,5,0,0,5,3
2020-05-11,US,Mississippi,Sharkey,5,0,0,32.88149103,-90.81595379999999,28125.0,5,5,0,0,5,5,4377,0,0,0,0,0
2020-05-11,US,Mississippi,Simpson,62,0,0,31.91282117,-89.91716179,28127.0,62,61,0,0,61,61,26758,1,0,0,1,0
2020-05-11,US,Mississippi,Smith,104,6,0,32.01744532,-89.50644846,28129.0,98,100,6,0,94,100,16002,4,0,0,4,0
2020-05-11,US,Mississippi,Stone,24,0,0,30.79187949,-89.11547539,28131.0,24,24,0,0,24,24,18717,0,0,0,0,0
2020-05-11,US,Mississippi,Sunflower,63,3,0,33.60192578,-90.58882684,28133.0,60,63,3,0,60,63,25735,0,0,0,0,0
2020-05-11,US,Mississippi,Tallahatchie,12,1,0,33.95339918,-90.1729398,28135.0,11,12,1,0,11,12,13987,0,0,0,0,0
2020-05-11,US,Mississippi,Tate,52,0,0,34.65133709,-89.94485778,28137.0,52,50,0,0,50,50,28759,2,0,0,2,0
2020-05-11,US,Mississippi,Tippah,66,11,0,34.76872156,-88.90988194,28139.0,55,65,11,0,54,65,21995,1,0,0,1,0
2020-05-11,US,Mississippi,Tishomingo,10,0,0,34.74023475,-88.23917219,28141.0,10,10,0,0,10,10,19454,0,0,0,0,0
2020-05-11,US,Mississippi,Tunica,39,2,0,34.64967704,-90.37481167,28143.0,37,38,2,0,36,38,9944,1,0,0,1,0
2020-05-11,US,Mississippi,Union,50,3,0,34.49162015,-89.00776006,28145.0,47,47,3,0,44,48,28606,3,0,0,3,-1
2020-05-11,US,Mississippi,Walthall,41,0,0,31.14971548,-90.10446654,28147.0,41,39,0,0,39,37,14465,2,0,0,2,2
2020-05-11,US,Mississippi,Warren,117,2,0,32.35810271,-90.83352619,28149.0,115,117,2,0,115,98,46176,0,0,0,0,19
2020-05-11,US,Mississippi,Washington,85,3,0,33.28392041,-90.94196237,28151.0,82,82,3,0,79,82,45063,3,0,0,3,0
2020-05-11,US,Mississippi,Wayne,28,0,0,31.64135687,-88.69573913,28153.0,28,27,0,0,27,27,20298,1,0,0,1,0
2020-05-11,US,Mississippi,Webster,22,1,0,33.61300486,-89.28392912,28155.0,21,22,1,0,21,21,9788,0,0,0,0,1
2020-05-11,US,Mississippi,Wilkinson,77,9,0,31.16078225,-91.31018819,28157.0,68,77,9,0,68,75,8792,0,0,0,0,2
2020-05-11,US,Mississippi,Winston,66,0,0,33.08747908,-89.03391385,28159.0,66,63,0,0,63,61,18165,3,0,0,3,2
2020-05-11,US,Mississippi,Yalobusha,36,0,0,34.02824175,-89.70762049999998,28161.0,36,31,0,0,31,30,12392,5,0,0,5,1
2020-05-11,US,Mississippi,Yazoo,169,2,0,32.77890365,-90.39656148,28163.0,167,164,2,0,162,162,28248,5,0,0,5,2
2020-05-11,US,Missouri,Adair,12,0,0,40.19058551,-92.60078167,29001.0,12,12,0,0,12,12,25339,0,0,0,0,0
2020-05-11,US,Missouri,Andrew,8,0,0,39.98492163,-94.80163024,29003.0,8,8,0,0,8,7,17607,0,0,0,0,1
2020-05-11,US,Missouri,Atchison,2,0,0,40.43238737,-95.42970639,29005.0,2,2,0,0,2,2,5171,0,0,0,0,0
2020-05-11,US,Missouri,Audrain,2,0,0,39.215877,-91.84242683,29007.0,2,2,0,0,2,1,25473,0,0,0,0,1
2020-05-11,US,Missouri,Barry,6,0,0,36.70978521,-93.82919888,29009.0,6,6,0,0,6,6,35886,0,0,0,0,0
2020-05-11,US,Missouri,Bates,6,1,0,38.25271289,-94.34113157,29013.0,5,6,1,0,5,6,16320,0,0,0,0,0
2020-05-11,US,Missouri,Benton,8,0,0,38.29503305,-93.28756116,29015.0,8,8,0,0,8,8,19278,0,0,0,0,0
2020-05-11,US,Missouri,Bollinger,4,0,0,37.32449052,-90.02725304,29017.0,4,4,0,0,4,4,12169,0,0,0,0,0
2020-05-11,US,Missouri,Boone,100,1,0,38.99186229,-92.30723575,29019.0,99,100,1,0,99,98,180005,0,0,0,0,2
2020-05-11,US,Missouri,Buchanan,447,2,0,39.65816401,-94.80138942,29021.0,445,442,2,0,440,432,88571,5,0,0,5,10
2020-05-11,US,Missouri,Butler,27,0,0,36.71462476,-90.40421163,29023.0,27,27,0,0,27,26,42639,0,0,0,0,1
2020-05-11,US,Missouri,Caldwell,3,0,0,39.65620858,-93.98308093,29025.0,3,3,0,0,3,3,9108,0,0,0,0,0
2020-05-11,US,Missouri,Callaway,23,1,0,38.83674754,-91.92186505,29027.0,22,23,1,0,22,23,44889,0,0,0,0,0
2020-05-11,US,Missouri,Camden,36,1,0,38.02199522,-92.76083747,29029.0,35,36,1,0,35,35,45815,0,0,0,0,1
2020-05-11,US,Missouri,Cape Girardeau,51,1,0,37.38489388,-89.6843587,29031.0,50,51,1,0,50,49,78753,0,0,0,0,2
2020-05-11,US,Missouri,Carroll,3,0,0,39.42762566,-93.50626255,29033.0,3,3,0,0,3,3,8743,0,0,0,0,0
2020-05-11,US,Missouri,Carter,3,1,0,36.94160441,-90.96051322,29035.0,2,3,1,0,2,3,6054,0,0,0,0,0
2020-05-11,US,Missouri,Cass,69,8,0,38.64789422,-94.353399,29037.0,61,69,8,0,61,69,104954,0,0,0,0,0
2020-05-11,US,Missouri,Cedar,9,0,0,37.72391475,-93.85445441,29039.0,9,9,0,0,9,9,14165,0,0,0,0,0
2020-05-11,US,Missouri,Chariton,5,0,0,39.51499357,-92.9629191,29041.0,5,5,0,0,5,5,7451,0,0,0,0,0
2020-05-11,US,Missouri,Christian,20,0,0,36.9711783,-93.18537118,29043.0,20,20,0,0,20,20,86983,0,0,0,0,0
2020-05-11,US,Missouri,Clark,1,0,0,40.41040752,-91.73661677,29045.0,1,1,0,0,1,1,6842,0,0,0,0,0
2020-05-11,US,Missouri,Clay,96,1,0,39.31132056,-94.41850862,29047.0,95,96,1,0,95,96,246365,0,0,0,0,0
2020-05-11,US,Missouri,Clinton,14,0,0,39.6013098,-94.40465394,29049.0,14,14,0,0,14,14,20470,0,0,0,0,0
2020-05-11,US,Missouri,Cole,56,1,0,38.50455671,-92.27860244,29051.0,55,56,1,0,55,54,76796,0,0,0,0,2
2020-05-11,US,Missouri,Cooper,9,0,0,38.844478,-92.80896081,29053.0,9,9,0,0,9,9,17603,0,0,0,0,0
2020-05-11,US,Missouri,Crawford,8,0,0,37.97663738,-91.30528104,29055.0,8,8,0,0,8,8,23957,0,0,0,0,0
2020-05-11,US,Missouri,Dallas,2,0,0,37.681135499999996,-93.02127031,29059.0,2,2,0,0,2,2,16762,0,0,0,0,0
2020-05-11,US,Missouri,Daviess,3,0,0,39.96145298,-93.98519678,29061.0,3,3,0,0,3,3,8313,0,0,0,0,0
2020-05-11,US,Missouri,DeKalb,4,0,0,39.89201062,-94.40476508,29063.0,4,4,0,0,4,4,12630,0,0,0,0,0
2020-05-11,US,Missouri,Dunklin,24,2,0,36.27167174,-90.09122243,29069.0,22,24,2,0,22,24,29423,0,0,0,0,0
2020-05-11,US,Missouri,Franklin,130,13,0,38.41127108,-91.07522826,29071.0,117,129,13,0,116,129,103670,1,0,0,1,0
2020-05-11,US,Missouri,Gasconade,2,0,0,38.43947277,-91.50847147,29073.0,2,2,0,0,2,2,14705,0,0,0,0,0
2020-05-11,US,Missouri,Gentry,1,0,0,40.21097916,-94.40944419,29075.0,1,1,0,0,1,1,6628,0,0,0,0,0
2020-05-11,US,Missouri,Greene,103,8,0,37.2575872,-93.34230916,29077.0,95,103,8,0,95,103,291923,0,0,0,0,0
2020-05-11,US,Missouri,Harrison,6,0,0,40.35570088,-93.99222144,29081.0,6,6,0,0,6,6,8414,0,0,0,0,0
2020-05-11,US,Missouri,Henry,9,1,0,38.38482826,-93.79293734,29083.0,8,9,1,0,8,9,21792,0,0,0,0,0
2020-05-11,US,Missouri,Holt,1,0,0,40.09799248,-95.21638879999999,29087.0,1,1,0,0,1,1,4404,0,0,0,0,0
2020-05-11,US,Missouri,Howard,3,0,0,39.1435761,-92.69756691,29089.0,3,3,0,0,3,3,10137,0,0,0,0,0
2020-05-11,US,Missouri,Howell,5,0,0,36.77383887,-91.88683935,29091.0,5,5,0,0,5,5,40076,0,0,0,0,0
2020-05-11,US,Missouri,Iron,2,0,0,37.55487945,-90.7735296,29093.0,2,2,0,0,2,2,10177,0,0,0,0,0
2020-05-11,US,Missouri,Jackson,388,16,0,39.01002188,-94.34724536,29095.0,372,398,16,0,382,390,700307,-10,0,0,-10,8
2020-05-11,US,Missouri,Jasper,28,0,0,37.20351921,-94.34050458,29097.0,28,28,0,0,28,28,120636,0,0,0,0,0
2020-05-11,US,Missouri,Jefferson,309,12,0,38.25926778,-90.53870896,29099.0,297,309,12,0,297,309,224347,0,0,0,0,0
2020-05-11,US,Missouri,Johnson,63,0,0,38.74719601,-93.80691168,29101.0,63,63,0,0,63,63,53652,0,0,0,0,0
2020-05-11,US,Missouri,Kansas City,783,16,0,39.0997,-94.5786,0.0,767,767,16,0,751,752,491918,16,0,0,16,15
2020-05-11,US,Missouri,Laclede,2,0,0,37.65896829,-92.5888493,29105.0,2,2,0,0,2,1,35713,0,0,0,0,1
2020-05-11,US,Missouri,Lafayette,62,2,0,39.06986886,-93.78076396,29107.0,60,62,2,0,60,60,32598,0,0,0,0,2
2020-05-11,US,Missouri,Lawrence,7,0,0,37.10626634,-93.83293097,29109.0,7,7,0,0,7,7,38359,0,0,0,0,0
2020-05-11,US,Missouri,Lewis,6,1,0,40.09673161,-91.72070156,29111.0,5,6,1,0,5,6,9855,0,0,0,0,0
2020-05-11,US,Missouri,Lincoln,103,1,0,39.05345619,-90.95588181,29113.0,102,77,1,0,76,77,57686,26,0,0,26,0
2020-05-11,US,Missouri,Linn,5,1,0,39.87001769,-93.10704106,29115.0,4,5,1,0,4,5,12037,0,0,0,0,0
2020-05-11,US,Missouri,Livingston,3,0,0,39.78110272,-93.54645978,29117.0,3,3,0,0,3,3,15146,0,0,0,0,0
2020-05-11,US,Missouri,Macon,2,0,0,39.83049768,-92.56453089,29121.0,2,2,0,0,2,2,15153,0,0,0,0,0
2020-05-11,US,Missouri,Madison,3,0,0,37.47865134,-90.34671429999999,29123.0,3,3,0,0,3,3,12188,0,0,0,0,0
2020-05-11,US,Missouri,Maries,2,0,0,38.16193985,-91.92249662,29125.0,2,2,0,0,2,2,8769,0,0,0,0,0
2020-05-11,US,Missouri,Marion,5,0,0,39.80601912,-91.62203062,29127.0,5,5,0,0,5,5,28592,0,0,0,0,0
2020-05-11,US,Missouri,McDonald,5,0,0,36.62869595,-94.34867205,29119.0,5,4,0,0,4,4,23078,1,0,0,1,0
2020-05-11,US,Missouri,Miller,3,0,0,38.21450288,-92.42610898,29131.0,3,3,0,0,3,3,25336,0,0,0,0,0
2020-05-11,US,Missouri,Mississippi,49,0,0,36.82516239,-89.29505753,29133.0,49,49,0,0,49,49,13336,0,0,0,0,0
2020-05-11,US,Missouri,Moniteau,44,0,0,38.63571781,-92.57976951,29135.0,44,44,0,0,44,44,16121,0,0,0,0,0
2020-05-11,US,Missouri,Montgomery,7,0,0,38.94022054,-91.47000721,29139.0,7,7,0,0,7,7,11534,0,0,0,0,0
2020-05-11,US,Missouri,Morgan,7,0,0,38.4181765,-92.88791859,29141.0,7,7,0,0,7,7,20358,0,0,0,0,0
2020-05-11,US,Missouri,New Madrid,12,0,0,36.59666326,-89.66070007,29143.0,12,12,0,0,12,12,17296,0,0,0,0,0
2020-05-11,US,Missouri,Newton,11,1,0,36.90519407,-94.3394104,29145.0,10,11,1,0,10,11,58266,0,0,0,0,0
2020-05-11,US,Missouri,Nodaway,5,0,0,40.36079813,-94.88133008,29147.0,5,5,0,0,5,5,22304,0,0,0,0,0
2020-05-11,US,Missouri,Oregon,2,0,0,36.68710164,-91.4033755,29149.0,2,2,0,0,2,2,10541,0,0,0,0,0
2020-05-11,US,Missouri,Osage,5,0,0,38.46036182,-91.8613635,29151.0,5,5,0,0,5,5,13714,0,0,0,0,0
2020-05-11,US,Missouri,Pemiscot,65,3,0,36.2130572,-89.78742322,29155.0,62,63,3,0,60,57,16272,2,0,0,2,6
2020-05-11,US,Missouri,Perry,45,0,0,37.70660776,-89.82741088,29157.0,45,45,0,0,45,45,19150,0,0,0,0,0
2020-05-11,US,Missouri,Pettis,67,0,0,38.72798918,-93.28471706,29159.0,67,64,0,0,64,64,42542,3,0,0,3,0
2020-05-11,US,Missouri,Phelps,2,0,0,37.87736118,-91.79351727,29161.0,2,2,0,0,2,2,44732,0,0,0,0,0
2020-05-11,US,Missouri,Pike,13,0,0,39.34310674,-91.16980779,29163.0,13,13,0,0,13,13,18504,0,0,0,0,0
2020-05-11,US,Missouri,Platte,45,0,0,39.38154439,-94.77068479,29165.0,45,41,0,0,41,40,102985,4,0,0,4,1
2020-05-11,US,Missouri,Polk,1,0,0,37.616229600000004,-93.39828174,29167.0,1,1,0,0,1,1,32201,0,0,0,0,0
2020-05-11,US,Missouri,Pulaski,36,1,0,37.82462075,-92.20783203,29169.0,35,36,1,0,35,36,52014,0,0,0,0,0
2020-05-11,US,Missouri,Ralls,1,0,0,39.52817427,-91.51838643,29173.0,1,1,0,0,1,1,10212,0,0,0,0,0
2020-05-11,US,Missouri,Randolph,8,0,0,39.44007257,-92.49713740000001,29175.0,8,8,0,0,8,8,24763,0,0,0,0,0
2020-05-11,US,Missouri,Ray,12,0,0,39.353746799999996,-93.98905745,29177.0,12,12,0,0,12,12,22883,0,0,0,0,0
2020-05-11,US,Missouri,Reynolds,2,0,0,37.36085952,-90.97009925,29179.0,2,2,0,0,2,2,6254,0,0,0,0,0
2020-05-11,US,Missouri,Ripley,5,0,0,36.65460667,-90.85990261,29181.0,5,5,0,0,5,5,13401,0,0,0,0,0
2020-05-11,US,Missouri,Saline,219,0,0,39.13734288,-93.20259964,29195.0,219,219,0,0,219,215,22895,0,0,0,0,4
2020-05-11,US,Missouri,Scotland,4,0,0,40.45214695,-92.14709064,29199.0,4,4,0,0,4,4,4966,0,0,0,0,0
2020-05-11,US,Missouri,Scott,81,6,0,37.05588075,-89.56474493,29201.0,75,80,5,0,75,79,38458,1,1,0,0,1
2020-05-11,US,Missouri,Shelby,1,0,0,39.79742518,-92.07634971,29205.0,1,1,0,0,1,1,6050,0,0,0,0,0
2020-05-11,US,Missouri,St. Charles,673,50,0,38.77875681,-90.66662425,29183.0,623,665,46,0,619,663,399182,8,4,0,4,2
2020-05-11,US,Missouri,St. Clair,2,0,0,38.03699437,-93.77631447,29185.0,2,2,0,0,2,2,9395,0,0,0,0,0
2020-05-11,US,Missouri,St. Francois,33,2,0,37.81214171,-90.47598685,29187.0,31,33,2,0,31,33,66692,0,0,0,0,0
2020-05-11,US,Missouri,St. Louis,3951,266,0,38.63770039999999,-90.4458375,29189.0,3685,3932,262,0,3670,3864,996945,19,4,0,15,68
2020-05-11,US,Missouri,St. Louis City,1526,90,0,38.63555736,-90.24349225,29510.0,1436,1513,88,0,1425,1484,302838,13,2,0,11,29
2020-05-11,US,Missouri,Ste. Genevieve,8,1,0,37.89090059,-90.1949941,29186.0,7,8,1,0,7,8,17888,0,0,0,0,0
2020-05-11,US,Missouri,Stoddard,29,0,0,36.85571651,-89.9444155,29207.0,29,29,0,0,29,29,29206,0,0,0,0,0
2020-05-11,US,Missouri,Stone,3,0,0,36.75000327,-93.45256475,29209.0,3,3,0,0,3,3,31749,0,0,0,0,0
2020-05-11,US,Missouri,Sullivan,1,0,0,40.2099105,-93.11150106,29211.0,1,1,0,0,1,1,6221,0,0,0,0,0
2020-05-11,US,Missouri,Taney,12,2,0,36.65465345,-93.04075153,29213.0,10,12,2,0,10,12,55852,0,0,0,0,0
2020-05-11,US,Missouri,Vernon,4,0,0,37.8457799,-94.34127305,29217.0,4,4,0,0,4,4,20528,0,0,0,0,0
2020-05-11,US,Missouri,Warren,28,0,0,38.76529479,-91.16124662,29219.0,28,28,0,0,28,28,34711,0,0,0,0,0
2020-05-11,US,Missouri,Washington,9,1,0,37.96130078,-90.87948158,29221.0,8,9,1,0,8,9,24943,0,0,0,0,0
2020-05-11,US,Missouri,Webster,16,0,0,37.2813734,-92.876329,29225.0,16,16,0,0,16,16,39109,0,0,0,0,0
2020-05-11,US,Missouri,Worth,1,0,0,40.47945588,-94.42328751,29227.0,1,1,0,0,1,1,2040,0,0,0,0,0
2020-05-11,US,Missouri,Wright,10,0,0,37.27029221,-92.46914488,29229.0,10,10,0,0,10,10,18378,0,0,0,0,0
2020-05-11,US,Montana,Beaverhead,1,0,0,45.13434354,-112.89846940000001,30001.0,1,1,0,0,1,1,9404,0,0,0,0,0
2020-05-11,US,Montana,Big Horn,3,0,0,45.42335905,-107.492347,30003.0,3,3,0,0,3,3,13338,0,0,0,0,0
2020-05-11,US,Montana,Broadwater,4,0,0,46.33277565,-111.49558130000001,30007.0,4,4,0,0,4,4,6085,0,0,0,0,0
2020-05-11,US,Montana,Carbon,6,0,0,45.22850116,-109.0274047,30009.0,6,6,0,0,6,6,10714,0,0,0,0,0
2020-05-11,US,Montana,Cascade,16,2,0,47.30797024,-111.3467922,30013.0,14,16,2,0,14,16,81643,0,0,0,0,0
2020-05-11,US,Montana,Deer Lodge,3,0,0,46.05953325,-113.073353,30023.0,3,3,0,0,3,3,9131,0,0,0,0,0
2020-05-11,US,Montana,Flathead,37,2,0,48.29575866,-114.05205690000001,30029.0,35,37,2,0,35,37,102106,0,0,0,0,0
2020-05-11,US,Montana,Gallatin,149,1,0,45.54486106,-111.1692571,30031.0,148,149,1,0,148,149,111876,0,0,0,0,0
2020-05-11,US,Montana,Glacier,6,0,0,48.70513576,-112.9934235,30035.0,6,6,0,0,6,6,13747,0,0,0,0,0
2020-05-11,US,Montana,Golden Valley,3,0,0,46.3816474,-109.17685220000001,30037.0,3,3,0,0,3,3,826,0,0,0,0,0
2020-05-11,US,Montana,Hill,1,0,0,48.62879827,-110.1129252,30041.0,1,1,0,0,1,1,16347,0,0,0,0,0
2020-05-11,US,Montana,Jefferson,3,0,0,46.14907081,-112.094396,30043.0,3,2,0,0,2,2,12097,1,0,0,1,0
2020-05-11,US,Montana,Lake,5,0,0,47.64514965,-114.0898013,30047.0,5,5,0,0,5,5,30250,0,0,0,0,0
2020-05-11,US,Montana,Lewis and Clark,16,0,0,47.12610041,-112.39469799999999,30049.0,16,16,0,0,16,16,68700,0,0,0,0,0
2020-05-11,US,Montana,Liberty,1,0,0,48.56084317,-111.02430700000001,30051.0,1,1,0,0,1,1,2430,0,0,0,0,0
2020-05-11,US,Montana,Lincoln,7,1,0,48.54265777,-115.4046155,30053.0,6,7,1,0,6,7,19794,0,0,0,0,0
2020-05-11,US,Montana,Madison,8,1,0,45.30080065,-111.9173017,30057.0,7,8,1,0,7,8,8768,0,0,0,0,0
2020-05-11,US,Montana,Meagher,1,0,0,46.59907074,-110.8898557,30059.0,1,1,0,0,1,1,1866,0,0,0,0,0
2020-05-11,US,Montana,Missoula,39,1,0,47.03728583,-113.92135079999998,30063.0,38,39,1,0,38,39,118791,0,0,0,0,0
2020-05-11,US,Montana,Musselshell,1,0,0,46.49684637,-108.39498,30065.0,1,1,0,0,1,1,4651,0,0,0,0,0
2020-05-11,US,Montana,Park,8,0,0,45.48965095,-110.52643940000002,30067.0,8,8,0,0,8,8,16736,0,0,0,0,0
2020-05-11,US,Montana,Pondera,2,0,0,48.22773388,-112.22527029999999,30073.0,2,2,0,0,2,2,5972,0,0,0,0,0
2020-05-11,US,Montana,Ravalli,5,0,0,46.08520862,-114.11891640000002,30081.0,5,5,0,0,5,5,43172,0,0,0,0,0
2020-05-11,US,Montana,Richland,3,0,0,47.78668011,-104.5610786,30083.0,3,3,0,0,3,3,10913,0,0,0,0,0
2020-05-11,US,Montana,Roosevelt,7,0,0,48.29607488,-105.00792679999999,30085.0,7,7,0,0,7,7,11059,0,0,0,0,0
2020-05-11,US,Montana,Silver Bow,11,0,0,45.90018933,-112.6620092,30093.0,11,11,0,0,11,11,34993,0,0,0,0,0
2020-05-11,US,Montana,Stillwater,1,0,0,45.67071407,-109.3950061,30095.0,1,1,0,0,1,1,9534,0,0,0,0,0
2020-05-11,US,Montana,Toole,29,6,0,48.65577551,-111.69424140000001,30101.0,23,29,6,0,23,29,4853,0,0,0,0,0
2020-05-11,US,Montana,Wheatland,1,0,0,46.46652491,-109.84646359999999,30107.0,1,1,0,0,1,1,2236,0,0,0,0,0
2020-05-11,US,Montana,Yellowstone,82,2,0,45.93955949,-108.26914860000001,30111.0,80,82,2,0,80,82,160137,0,0,0,0,0
2020-05-11,US,Nebraska,Adams,227,3,0,40.52449420000001,-98.50117804,31001.0,224,223,3,0,220,223,31511,4,0,0,4,0
2020-05-11,US,Nebraska,Antelope,5,0,0,42.17695516,-98.06662829999999,31003.0,5,5,0,0,5,5,6336,0,0,0,0,0
2020-05-11,US,Nebraska,Boone,2,0,0,41.70759415,-98.06737183,31011.0,2,2,0,0,2,2,5239,0,0,0,0,0
2020-05-11,US,Nebraska,Box Butte,1,0,0,42.22079243,-103.08788340000001,31013.0,1,1,0,0,1,1,10772,0,0,0,0,0
2020-05-11,US,Nebraska,Buffalo,121,1,0,40.85486962,-99.07500296,31019.0,120,121,1,0,120,121,49615,0,0,0,0,0
2020-05-11,US,Nebraska,Burt,6,0,0,41.85056773,-96.32605633,31021.0,6,6,0,0,6,6,6488,0,0,0,0,0
2020-05-11,US,Nebraska,Butler,22,0,0,41.22703692,-97.13106306,31023.0,22,16,0,0,16,16,8058,6,0,0,6,0
2020-05-11,US,Nebraska,Cass,11,0,0,40.90899107,-96.13971217,31025.0,11,11,0,0,11,11,26159,0,0,0,0,0
2020-05-11,US,Nebraska,Cedar,6,0,0,42.598885100000004,-97.25311951,31027.0,6,6,0,0,6,5,8446,0,0,0,0,1
2020-05-11,US,Nebraska,Cherry,1,0,0,42.54502621,-101.1244332,31031.0,1,1,0,0,1,1,5761,0,0,0,0,0
2020-05-11,US,Nebraska,Cheyenne,8,0,0,41.21999357,-102.9941693,31033.0,8,8,0,0,8,8,9310,0,0,0,0,0
2020-05-11,US,Nebraska,Clay,11,0,0,40.52439441,-98.05126296,31035.0,11,11,0,0,11,11,6214,0,0,0,0,0
2020-05-11,US,Nebraska,Colfax,419,0,0,41.57486951,-97.0868542,31037.0,419,411,0,0,411,413,10881,8,0,0,8,-2
2020-05-11,US,Nebraska,Cuming,14,0,0,41.91637624,-96.78730772,31039.0,14,14,0,0,14,12,8940,0,0,0,0,2
2020-05-11,US,Nebraska,Custer,27,3,0,41.39374521,-99.72805369,31041.0,24,27,3,0,24,27,10840,0,0,0,0,0
2020-05-11,US,Nebraska,Dakota,1378,3,0,42.39040144,-96.56656425,31043.0,1375,1348,3,0,1345,1342,20083,30,0,0,30,6
2020-05-11,US,Nebraska,Dawes,1,0,0,42.71985036,-103.1313774,31045.0,1,1,0,0,1,1,8716,0,0,0,0,0
2020-05-11,US,Nebraska,Dawson,712,0,0,40.87028216,-99.82014609999999,31047.0,712,707,0,0,707,705,23709,5,0,0,5,2
2020-05-11,US,Nebraska,Dixon,24,0,0,42.49188363,-96.86782408,31051.0,24,24,0,0,24,24,5709,0,0,0,0,0
2020-05-11,US,Nebraska,Dodge,157,0,0,41.58071748,-96.65598179,31053.0,157,147,0,0,147,147,36791,10,0,0,10,0
2020-05-11,US,Nebraska,Douglas,1616,14,0,41.29518299,-96.15085305,31055.0,1602,1551,14,0,1537,1501,566880,65,0,0,65,50
2020-05-11,US,Nebraska,Fillmore,3,0,0,40.52458567,-97.59646937,31059.0,3,3,0,0,3,3,5527,0,0,0,0,0
2020-05-11,US,Nebraska,Franklin,5,0,0,40.17636348,-98.95299073,31061.0,5,5,0,0,5,5,3023,0,0,0,0,0
2020-05-11,US,Nebraska,Frontier,1,0,0,40.52993007,-100.3924658,31063.0,1,1,0,0,1,1,2608,0,0,0,0,0
2020-05-11,US,Nebraska,Furnas,4,0,0,40.17642064,-99.91247454,31065.0,4,4,0,0,4,4,4715,0,0,0,0,0
2020-05-11,US,Nebraska,Gage,41,3,0,40.26186809,-96.68946704,31067.0,38,41,3,0,38,40,21493,0,0,0,0,1
2020-05-11,US,Nebraska,Gosper,12,0,0,40.51481965,-99.83020279,31073.0,12,12,0,0,12,12,1996,0,0,0,0,0
2020-05-11,US,Nebraska,Greeley,2,0,0,41.56742671,-98.52150266,31077.0,2,2,0,0,2,2,2356,0,0,0,0,0
2020-05-11,US,Nebraska,Hall,1332,28,0,40.87257079,-98.50218293,31079.0,1304,1328,28,0,1300,1325,61607,4,0,0,4,3
2020-05-11,US,Nebraska,Hamilton,46,7,0,40.87349452,-98.02099117,31081.0,39,46,7,0,39,45,9280,0,0,0,0,1
2020-05-11,US,Nebraska,Hitchcock,1,0,0,40.17609175,-101.04164770000001,31087.0,1,1,0,0,1,1,2806,0,0,0,0,0
2020-05-11,US,Nebraska,Holt,1,0,0,42.45522056,-98.78402558,31089.0,1,1,0,0,1,1,10178,0,0,0,0,0
2020-05-11,US,Nebraska,Howard,21,0,0,41.2200529,-98.5166499,31093.0,21,21,0,0,21,21,6468,0,0,0,0,0
2020-05-11,US,Nebraska,Jefferson,5,0,0,40.17584531,-97.142601,31095.0,5,4,0,0,4,4,7097,1,0,0,1,0
2020-05-11,US,Nebraska,Johnson,5,0,0,40.39257596,-96.26522753,31097.0,5,5,0,0,5,5,5134,0,0,0,0,0
2020-05-11,US,Nebraska,Kearney,7,0,0,40.50663314,-98.94877182,31099.0,7,6,0,0,6,6,6544,1,0,0,1,0
2020-05-11,US,Nebraska,Keith,2,0,0,41.19930341,-101.66201640000001,31101.0,2,2,0,0,2,2,8021,0,0,0,0,0
2020-05-11,US,Nebraska,Kimball,9,0,0,41.19774275,-103.7148131,31105.0,9,9,0,0,9,9,3618,0,0,0,0,0
2020-05-11,US,Nebraska,Knox,6,0,0,42.63758421,-97.89178836,31107.0,6,6,0,0,6,5,8419,0,0,0,0,1
2020-05-11,US,Nebraska,Lancaster,634,1,0,40.78416049,-96.68777155,31109.0,633,595,1,0,594,595,317272,39,0,0,39,0
2020-05-11,US,Nebraska,Lincoln,40,1,0,41.04658298,-100.74753740000001,31111.0,39,39,1,0,38,39,35185,1,0,0,1,0
2020-05-11,US,Nebraska,Madison,257,3,0,41.91676024,-97.6005481,31119.0,254,251,3,0,248,249,35392,6,0,0,6,2
2020-05-11,US,Nebraska,Merrick,23,0,0,41.16624273,-98.0374887,31121.0,23,21,0,0,21,21,7733,2,0,0,2,0
2020-05-11,US,Nebraska,Morrill,9,0,0,41.71711774,-103.0061405,31123.0,9,9,0,0,9,9,4686,0,0,0,0,0
2020-05-11,US,Nebraska,Nance,4,0,0,41.39750195,-97.99327291,31125.0,4,4,0,0,4,4,3532,0,0,0,0,0
2020-05-11,US,Nebraska,Nemaha,1,0,0,40.38514847,-95.85433992,31127.0,1,1,0,0,1,1,6958,0,0,0,0,0
2020-05-11,US,Nebraska,Otoe,2,0,0,40.64843556,-96.13374142,31131.0,2,2,0,0,2,2,15985,0,0,0,0,0
2020-05-11,US,Nebraska,Phelps,11,0,0,40.51156033,-99.41461667,31137.0,11,10,0,0,10,10,8996,1,0,0,1,0
2020-05-11,US,Nebraska,Pierce,1,0,0,42.26434853,-97.60122773,31139.0,1,1,0,0,1,1,7142,0,0,0,0,0
2020-05-11,US,Nebraska,Platte,373,0,0,41.57246836,-97.52144359,31141.0,373,361,0,0,361,353,33363,12,0,0,12,8
2020-05-11,US,Nebraska,Polk,9,0,0,41.18813488,-97.56630712,31143.0,9,9,0,0,9,9,5278,0,0,0,0,0
2020-05-11,US,Nebraska,Red Willow,5,0,0,40.17556879999999,-100.476998,31145.0,5,5,0,0,5,5,10726,0,0,0,0,0
2020-05-11,US,Nebraska,Saline,367,0,0,40.52418865,-97.14085859,31151.0,367,349,0,0,349,349,14350,18,0,0,18,0
2020-05-11,US,Nebraska,Sarpy,248,0,0,41.11314181,-96.11156432,31153.0,248,236,0,0,236,234,184459,12,0,0,12,2
2020-05-11,US,Nebraska,Saunders,11,0,0,41.227810299999994,-96.63773905,31155.0,11,11,0,0,11,11,21303,0,0,0,0,0
2020-05-11,US,Nebraska,Scotts Bluff,44,0,0,41.85070896,-103.70809859999999,31157.0,44,41,0,0,41,41,35989,3,0,0,3,0
2020-05-11,US,Nebraska,Seward,17,1,0,40.87241834,-97.139673,31159.0,16,17,1,0,16,17,17318,0,0,0,0,0
2020-05-11,US,Nebraska,Sherman,2,0,0,41.22045983,-98.97588642,31163.0,2,2,0,0,2,2,3038,0,0,0,0,0
2020-05-11,US,Nebraska,Stanton,8,0,0,41.9169835,-97.19394708,31167.0,8,8,0,0,8,8,5970,0,0,0,0,0
2020-05-11,US,Nebraska,Thomas,1,0,0,41.91358968,-100.5556632,31171.0,1,1,0,0,1,1,720,0,0,0,0,0
2020-05-11,US,Nebraska,Thurston,13,0,0,42.15725356,-96.54157099,31173.0,13,13,0,0,13,12,7303,0,0,0,0,1
2020-05-11,US,Nebraska,Unassigned,0,29,0,0.0,0.0,90031.0,-29,0,21,0,-21,0,,0,8,0,-8,0
2020-05-11,US,Nebraska,Valley,1,0,0,41.56730777,-98.98197724,31175.0,1,1,0,0,1,1,4190,0,0,0,0,0
2020-05-11,US,Nebraska,Washington,22,1,0,41.52815707,-96.22019892,31177.0,21,22,1,0,21,22,20667,0,0,0,0,0
2020-05-11,US,Nebraska,Wayne,2,0,0,42.20934475,-97.11926964,31179.0,2,2,0,0,2,2,9403,0,0,0,0,0
2020-05-11,US,Nebraska,Webster,5,0,0,40.17642643,-98.50019851,31181.0,5,5,0,0,5,5,3533,0,0,0,0,0
2020-05-11,US,Nebraska,York,25,0,0,40.87272618,-97.59710186,31185.0,25,17,0,0,17,17,13772,8,0,0,8,0
2020-05-11,US,Nevada,Carson City,56,2,0,39.15509045,-119.7480219,32510.0,54,55,2,0,53,52,55414,1,0,0,1,3
2020-05-11,US,Nevada,Churchill,3,0,0,39.58105744,-118.3394607,32001.0,3,3,0,0,3,3,24440,0,0,0,0,0
2020-05-11,US,Nevada,Clark,4762,260,0,36.21458855,-115.0130241,32003.0,4502,4750,260,0,4490,4704,2231647,12,0,0,12,46
2020-05-11,US,Nevada,Douglas,24,0,0,38.912862,-119.61713329999999,32005.0,24,24,0,0,24,24,48467,0,0,0,0,0
2020-05-11,US,Nevada,Elko,18,1,0,41.14531606,-115.3577619,32007.0,17,15,1,0,14,15,52460,3,0,0,3,0
2020-05-11,US,Nevada,Humboldt,67,3,0,41.40692186,-118.11094270000001,32013.0,64,67,3,0,64,65,16786,0,0,0,0,2
2020-05-11,US,Nevada,Lander,17,0,0,39.933223299999995,-117.03970749999999,32015.0,17,17,0,0,17,17,5575,0,0,0,0,0
2020-05-11,US,Nevada,Lincoln,1,0,0,37.64268459,-114.8790388,32017.0,1,1,0,0,1,1,5201,0,0,0,0,0
2020-05-11,US,Nevada,Lyon,44,0,0,39.01777974,-119.18704790000001,32019.0,44,42,0,0,42,40,55808,2,0,0,2,2
2020-05-11,US,Nevada,Mineral,4,0,0,38.53841696,-118.4344506,32021.0,4,4,0,0,4,4,4514,0,0,0,0,0
2020-05-11,US,Nevada,Nye,44,0,0,38.04264256,-116.47227020000001,32023.0,44,44,0,0,44,44,45346,0,0,0,0,0
2020-05-11,US,Nevada,Unassigned,9,7,0,0.0,0.0,90032.0,2,0,5,0,-5,122,,9,2,0,7,-122
2020-05-11,US,Nevada,Washoe,1100,39,0,40.66562265,-119.6631594,32031.0,1061,1095,39,0,1056,1077,465735,5,0,0,5,18
2020-05-11,US,Nevada,White Pine,3,0,0,39.44157041,-114.89996599999999,32033.0,3,3,0,0,3,3,9475,0,0,0,0,0
2020-05-11,US,New Hampshire,Belknap,46,0,0,43.51637314,-71.41684235,33001.0,46,46,0,0,46,44,61022,0,0,0,0,2
2020-05-11,US,New Hampshire,Carroll,37,0,0,43.87498583,-71.20430216,33003.0,37,37,0,0,37,36,48779,0,0,0,0,1
2020-05-11,US,New Hampshire,Cheshire,43,2,0,42.92015988,-72.25311043,33005.0,41,43,2,0,41,43,76493,0,0,0,0,0
2020-05-11,US,New Hampshire,Coos,2,0,0,44.69063265,-71.30633239,33007.0,2,2,0,0,2,2,31589,0,0,0,0,0
2020-05-11,US,New Hampshire,Grafton,58,1,0,43.93779815,-71.82057197,33009.0,57,56,1,0,55,55,89786,2,0,0,2,1
2020-05-11,US,New Hampshire,Hillsborough,1496,40,0,42.91537785,-71.7200253,33011.0,1456,1438,40,0,1398,1404,415247,58,0,0,58,34
2020-05-11,US,New Hampshire,Merrimack,243,6,0,43.29662971,-71.6811573,33013.0,237,237,6,0,231,234,151132,6,0,0,6,3
2020-05-11,US,New Hampshire,Rockingham,994,28,0,42.98499744,-71.12883377,33015.0,966,978,28,0,950,964,309176,16,0,0,16,14
2020-05-11,US,New Hampshire,Strafford,196,8,0,43.291833000000004,-71.02336013,33017.0,188,192,8,0,184,183,130090,4,0,0,4,9
2020-05-11,US,New Hampshire,Sullivan,14,1,0,43.36094111,-72.22203125,33019.0,13,14,1,0,13,14,43144,0,0,0,0,0
2020-05-11,US,New Hampshire,Unassigned,31,47,0,0.0,0.0,90033.0,-16,28,47,0,-19,32,,3,0,0,3,-4
2020-05-11,US,New Jersey,Atlantic,1533,77,0,39.47538693,-74.65848483,34001.0,1456,1510,72,0,1438,1494,265429,23,5,0,18,16
2020-05-11,US,New Jersey,Bergen,17028,1358,0,40.96010917,-74.07164325,34003.0,15670,16929,1355,0,15574,16804,936692,99,3,0,96,125
2020-05-11,US,New Jersey,Burlington,3665,200,0,39.87681124,-74.66927768,34005.0,3465,3574,198,0,3376,3531,445384,91,2,0,89,43
2020-05-11,US,New Jersey,Camden,4959,227,0,39.80343818,-74.96388753,34007.0,4732,4870,225,0,4645,4758,507078,89,2,0,87,112
2020-05-11,US,New Jersey,Cape May,462,32,0,39.15008829,-74.80170244,34009.0,430,458,32,0,426,442,92560,4,0,0,4,16
2020-05-11,US,New Jersey,Cumberland,1363,40,0,39.37199394,-75.10712559,34011.0,1323,1287,36,0,1251,1245,150972,76,4,0,72,42
2020-05-11,US,New Jersey,Essex,15727,1431,0,40.78681335,-74.24657979,34013.0,14296,15646,1423,0,14223,15544,799767,81,8,0,73,102
2020-05-11,US,New Jersey,Gloucester,1690,83,0,39.71581067,-75.13995546,34015.0,1607,1654,81,0,1573,1631,291408,36,2,0,34,23
2020-05-11,US,New Jersey,Hudson,17801,996,0,40.73766234,-74.07515667,34017.0,16805,17513,969,0,16544,17365,676061,288,27,0,261,148
2020-05-11,US,New Jersey,Hunterdon,723,45,0,40.56335249,-74.91284156,34019.0,678,714,46,0,668,706,124714,9,-1,0,10,8
2020-05-11,US,New Jersey,Mercer,5393,340,0,40.28047017,-74.70479631,34021.0,5053,5317,334,0,4983,5233,369811,76,6,0,70,84
2020-05-11,US,New Jersey,Middlesex,14036,794,0,40.43629879,-74.41426991,34023.0,13242,13937,793,0,13144,13759,829685,99,1,0,98,178
2020-05-11,US,New Jersey,Monmouth,6988,445,0,40.26549699,-74.22240686,34025.0,6543,6894,443,0,6451,6815,621354,94,2,0,92,79
2020-05-11,US,New Jersey,Morris,5876,518,0,40.86095313,-74.54553709999998,34027.0,5358,5854,516,0,5338,5833,494228,22,2,0,20,21
2020-05-11,US,New Jersey,Ocean,7569,547,0,39.8895449,-74.28089251,34029.0,7022,7462,540,0,6922,7366,601651,107,7,0,100,96
2020-05-11,US,New Jersey,Passaic,14645,747,0,41.03238628,-74.29954144,34031.0,13898,14543,744,0,13799,14428,503310,102,3,0,99,115
2020-05-11,US,New Jersey,Salem,411,18,0,39.58719656,-75.34696629999998,34033.0,393,411,18,0,393,400,62607,0,0,0,0,11
2020-05-11,US,New Jersey,Somerset,4093,335,0,40.56465737,-74.61683016,34035.0,3758,4054,333,0,3721,3996,331164,39,2,0,37,58
2020-05-11,US,New Jersey,Sussex,1033,128,0,41.13891592,-74.69118243,34037.0,905,1026,127,0,899,1023,140799,7,1,0,6,3
2020-05-11,US,New Jersey,Union,14164,875,0,40.65835409,-74.30680092,34039.0,13289,14057,867,0,13190,13984,558067,107,8,0,99,73
2020-05-11,US,New Jersey,Warren,1047,104,0,40.85951833,-74.99556527,34041.0,943,1044,104,0,940,1040,105779,3,0,0,3,4
2020-05-11,US,New Mexico,Bernalillo,1086,48,0,35.05163625,-106.6703554,35001.0,1038,1073,46,0,1027,1050,678701,13,2,0,11,23
2020-05-11,US,New Mexico,Catron,2,1,0,33.91514144,-108.4046587,35003.0,1,2,1,0,1,2,3578,0,0,0,0,0
2020-05-11,US,New Mexico,Chaves,27,2,0,33.36406072,-104.4665365,35005.0,25,27,2,0,25,27,64689,0,0,0,0,0
2020-05-11,US,New Mexico,Cibola,86,4,0,34.91131525,-107.998876,35006.0,82,86,3,0,83,86,26746,0,1,0,-1,0
2020-05-11,US,New Mexico,Colfax,5,0,0,36.60569702,-104.64726740000002,35007.0,5,5,0,0,5,5,12110,0,0,0,0,0
2020-05-11,US,New Mexico,Curry,31,0,0,34.57421077,-103.34688759999999,35009.0,31,29,0,0,29,29,49437,2,0,0,2,0
2020-05-11,US,New Mexico,Dona Ana,245,2,0,32.35275771,-106.83293870000001,35013.0,243,221,2,0,219,201,217522,24,0,0,24,20
2020-05-11,US,New Mexico,Eddy,14,1,0,32.47167456,-104.3053527,35015.0,13,14,1,0,13,14,57900,0,0,0,0,0
2020-05-11,US,New Mexico,Grant,15,0,0,32.73911281,-108.3827845,35017.0,15,15,0,0,15,15,27346,0,0,0,0,0
2020-05-11,US,New Mexico,Guadalupe,15,0,0,34.86319296,-104.790669,35019.0,15,15,0,0,15,15,4341,0,0,0,0,0
2020-05-11,US,New Mexico,Harding,1,0,0,35.85751555,-103.82209379999999,35021.0,1,1,0,0,1,1,655,0,0,0,0,0
2020-05-11,US,New Mexico,Lea,15,0,0,32.79215361,-103.4123733,35025.0,15,15,0,0,15,14,69611,0,0,0,0,1
2020-05-11,US,New Mexico,Lincoln,2,0,0,33.74526079,-105.4586166,35027.0,2,2,0,0,2,2,19556,0,0,0,0,0
2020-05-11,US,New Mexico,Los Alamos,6,0,0,35.86631386,-106.31349850000001,35028.0,6,6,0,0,6,6,19101,0,0,0,0,0
2020-05-11,US,New Mexico,Luna,8,1,0,32.18179341,-107.75088259999998,35029.0,7,7,1,0,6,7,23963,1,0,0,1,0
2020-05-11,US,New Mexico,McKinley,1585,50,0,35.58007720000001,-108.262245,35031.0,1535,1522,46,0,1476,1508,72290,63,4,0,59,14
2020-05-11,US,New Mexico,Otero,12,0,0,32.61348406,-105.7417604,35035.0,12,8,0,0,8,7,66781,4,0,0,4,1
2020-05-11,US,New Mexico,Quay,4,1,0,35.10403332,-103.54817270000001,35037.0,3,4,1,0,3,4,8253,0,0,0,0,0
2020-05-11,US,New Mexico,Rio Arriba,28,0,0,36.51072137,-106.69316740000001,35039.0,28,27,0,0,27,27,39006,1,0,0,1,0
2020-05-11,US,New Mexico,Roosevelt,11,0,0,34.02097406,-103.4799493,35041.0,11,11,0,0,11,11,18743,0,0,0,0,0
2020-05-11,US,New Mexico,San Juan,1107,71,0,36.50838318,-108.32043700000001,35045.0,1036,1034,71,0,963,1015,125043,73,0,0,73,19
2020-05-11,US,New Mexico,San Miguel,7,0,0,35.48014807,-104.8163562,35047.0,7,6,0,0,6,6,27591,1,0,0,1,0
2020-05-11,US,New Mexico,Sandoval,467,21,0,35.68862401,-106.86878030000001,35043.0,446,458,21,0,437,452,145179,9,0,0,9,6
2020-05-11,US,New Mexico,Santa Fe,112,1,0,35.50708973,-105.9774716,35049.0,111,111,1,0,110,110,150056,1,0,0,1,1
2020-05-11,US,New Mexico,Sierra,1,0,0,33.13028233,-107.1925893,35051.0,1,1,0,0,1,1,10968,0,0,0,0,0
2020-05-11,US,New Mexico,Socorro,49,3,0,34.00715494,-106.9298354,35053.0,46,48,2,0,46,48,16735,1,1,0,0,0
2020-05-11,US,New Mexico,Taos,20,0,0,36.58006022,-105.63101979999999,35055.0,20,20,0,0,20,20,32835,0,0,0,0,0
2020-05-11,US,New Mexico,Torrance,18,1,0,34.64048375,-105.8508949,35057.0,17,18,1,0,17,18,15591,0,0,0,0,0
2020-05-11,US,New Mexico,Unassigned,30,0,0,0.0,0.0,90035.0,30,19,0,0,19,19,,11,0,0,11,0
2020-05-11,US,New Mexico,Union,3,0,0,36.48126404,-103.4709624,35059.0,3,3,0,0,3,3,4118,0,0,0,0,0
2020-05-11,US,New Mexico,Valencia,57,1,0,34.71669834,-106.8103733,35061.0,56,55,1,0,54,55,76456,2,0,0,2,0
2020-05-11,US,New York,Albany,1456,59,0,42.60060306,-73.97723916,36001.0,1397,1432,59,0,1373,1416,307117,24,0,0,24,16
2020-05-11,US,New York,Allegany,38,0,0,42.25748406,-78.02750466,36003.0,38,36,0,0,36,35,46430,2,0,0,2,1
2020-05-11,US,New York,Broome,378,23,0,42.15903158,-75.81326086,36007.0,355,373,23,0,350,372,191659,5,0,0,5,1
2020-05-11,US,New York,Cattaraugus,61,0,0,42.24778241,-78.67923096,36009.0,61,60,0,0,60,60,76840,1,0,0,1,0
2020-05-11,US,New York,Cayuga,60,1,0,42.91261714,-76.55731592,36011.0,59,58,1,0,57,53,77145,2,0,0,2,5
2020-05-11,US,New York,Chautauqua,41,4,0,42.22769210000001,-79.36691763,36013.0,37,41,4,0,37,40,127939,0,0,0,0,1
2020-05-11,US,New York,Chemung,131,1,0,42.13891056,-76.7638805,36015.0,130,131,1,0,130,131,84254,0,0,0,0,0
2020-05-11,US,New York,Chenango,111,0,0,42.49430041,-75.60887553,36017.0,111,109,0,0,109,109,47536,2,0,0,2,0
2020-05-11,US,New York,Clinton,76,4,0,44.74530905,-73.67875352,36019.0,72,76,4,0,72,76,80695,0,0,0,0,0
2020-05-11,US,New York,Columbia,314,19,0,42.24819348,-73.63089095,36021.0,295,312,19,0,293,304,59916,2,0,0,2,8
2020-05-11,US,New York,Cortland,29,0,0,42.59509207,-76.07048931,36023.0,29,29,0,0,29,29,47823,0,0,0,0,0
2020-05-11,US,New York,Delaware,65,4,0,42.19837623,-74.96709306,36025.0,61,64,4,0,60,63,44527,1,0,0,1,1
2020-05-11,US,New York,Dutchess,3378,98,0,41.76486060000001,-73.74356679,36027.0,3280,3359,98,0,3261,3319,293718,19,0,0,19,40
2020-05-11,US,New York,Erie,4483,357,0,42.76249024,-78.73063652,36029.0,4126,4453,357,0,4096,4337,919719,30,0,0,30,116
2020-05-11,US,New York,Essex,32,0,0,44.11630765,-73.77297842,36031.0,32,32,0,0,32,31,37300,0,0,0,0,1
2020-05-11,US,New York,Franklin,17,0,0,44.59040891,-74.29926032,36033.0,17,17,0,0,17,17,50293,0,0,0,0,0
2020-05-11,US,New York,Fulton,109,0,0,43.11363907,-74.41798804,36035.0,109,107,0,0,107,104,53591,2,0,0,2,3
2020-05-11,US,New York,Genesee,173,3,0,43.0022601,-78.19135193,36037.0,170,172,3,0,169,170,57511,1,0,0,1,2
2020-05-11,US,New York,Greene,206,10,0,42.275797,-74.12384884,36039.0,196,206,10,0,196,204,47491,0,0,0,0,2
2020-05-11,US,New York,Hamilton,5,0,0,43.66146647,-74.49721957,36041.0,5,5,0,0,5,5,4434,0,0,0,0,0
2020-05-11,US,New York,Herkimer,81,3,0,43.42034246,-74.96145307,36043.0,78,79,3,0,76,77,61833,2,0,0,2,2
2020-05-11,US,New York,Jefferson,68,0,0,44.04200959,-75.94653457,36045.0,68,68,0,0,68,67,111755,0,0,0,0,1
2020-05-11,US,New York,Lewis,11,0,0,43.784415700000004,-75.44903992,36049.0,11,11,0,0,11,11,26447,0,0,0,0,0
2020-05-11,US,New York,Livingston,102,6,0,42.72596275,-77.77966158,36051.0,96,102,6,0,96,101,63227,0,0,0,0,1
2020-05-11,US,New York,Madison,251,6,0,42.91653905,-75.67266639,36053.0,245,251,6,0,245,250,70795,0,0,0,0,1
2020-05-11,US,New York,Monroe,1850,147,0,43.14638895,-77.69322942,36055.0,1703,1821,147,0,1674,1775,742474,29,0,0,29,46
2020-05-11,US,New York,Montgomery,67,1,0,42.90123494,-74.44011632,36057.0,66,67,1,0,66,66,49455,0,0,0,0,1
2020-05-11,US,New York,Nassau,38337,1973,0,40.74066522,-73.58941873,36059.0,36364,38217,1963,0,36254,38028,1358343,120,10,0,110,189
2020-05-11,US,New York,New York City,185357,20056,0,40.76727260000001,-73.97152637,36061.0,165301,184417,19789,0,164628,183289,1628701,940,267,0,673,1128
2020-05-11,US,New York,Niagara,655,42,0,43.19898042,-78.74777412,36063.0,613,643,42,0,601,627,210433,12,0,0,12,16
2020-05-11,US,New York,Oneida,669,21,0,43.24375382,-75.43710392,36065.0,648,660,21,0,639,638,229577,9,0,0,9,22
2020-05-11,US,New York,Onondaga,1287,69,0,43.00491923,-76.19971155,36067.0,1218,1265,69,0,1196,1218,461809,22,0,0,22,47
2020-05-11,US,New York,Ontario,107,9,0,42.85145728,-77.30874425,36069.0,98,106,9,0,97,104,109864,1,0,0,1,2
2020-05-11,US,New York,Orange,9584,388,0,41.40337468,-74.30240757,36071.0,9196,9543,367,0,9176,9486,381951,41,21,0,20,57
2020-05-11,US,New York,Orleans,130,14,0,43.2516977,-78.2320066,36073.0,116,126,14,0,112,122,40612,4,0,0,4,4
2020-05-11,US,New York,Oswego,75,3,0,43.42778894,-76.14635194,36075.0,72,75,3,0,72,75,117898,0,0,0,0,0
2020-05-11,US,New York,Otsego,67,4,0,42.63492579,-75.03151402,36077.0,63,67,4,0,63,67,59749,0,0,0,0,0
2020-05-11,US,New York,Putnam,1098,7,0,41.42630093,-73.74965532,36079.0,1091,1089,7,0,1082,1080,98892,9,0,0,9,9
2020-05-11,US,New York,Rensselaer,411,23,0,42.71348136,-73.51089874,36083.0,388,409,23,0,386,407,159442,2,0,0,2,2
2020-05-11,US,New York,Rockland,12484,576,0,41.15027894,-74.02560498,36087.0,11908,12451,562,0,11889,12400,325695,33,14,0,19,51
2020-05-11,US,New York,Saratoga,403,11,0,43.10904162,-73.86653895,36091.0,392,402,11,0,391,399,230163,1,0,0,1,3
2020-05-11,US,New York,Schenectady,575,28,0,42.81668777,-74.05278291,36093.0,547,571,28,0,543,571,155350,4,0,0,4,0
2020-05-11,US,New York,Schoharie,46,0,0,42.58831742,-74.44339029999998,36095.0,46,46,0,0,46,46,31097,0,0,0,0,0
2020-05-11,US,New York,Schuyler,7,0,0,42.39184015,-76.8773299,36097.0,7,7,0,0,7,7,17912,0,0,0,0,0
2020-05-11,US,New York,Seneca,49,0,0,42.78081007,-76.82497064,36099.0,49,49,0,0,49,48,34300,0,0,0,0,1
2020-05-11,US,New York,St. Lawrence,190,0,0,44.4976179,-75.06550039,36089.0,190,187,0,0,187,187,108047,3,0,0,3,0
2020-05-11,US,New York,Steuben,228,39,0,42.2689144,-77.3829924,36101.0,189,227,39,0,188,226,95796,1,0,0,1,1
2020-05-11,US,New York,Suffolk,36911,1639,0,40.88320119,-72.8012172,36103.0,35272,36702,1617,0,35085,36461,1481093,209,22,0,187,241
2020-05-11,US,New York,Sullivan,1109,25,0,41.71579493,-74.76394559,36105.0,1084,1093,25,0,1068,1071,75498,16,0,0,16,22
2020-05-11,US,New York,Tioga,107,14,0,42.16852837,-76.30835812,36107.0,93,105,14,0,91,104,48560,2,0,0,2,1
2020-05-11,US,New York,Tompkins,132,0,0,42.44945765,-76.47229843,36109.0,132,132,0,0,132,132,102793,0,0,0,0,0
2020-05-11,US,New York,Ulster,1454,58,0,41.89027881,-74.26252104,36111.0,1396,1450,54,0,1396,1440,178599,4,4,0,0,10
2020-05-11,US,New York,Warren,217,0,0,43.56173026,-73.8433699,36113.0,217,207,0,0,207,202,64265,10,0,0,10,5
2020-05-11,US,New York,Washington,210,8,0,43.31153794,-73.43043448,36115.0,202,206,8,0,198,204,61197,4,0,0,4,2
2020-05-11,US,New York,Wayne,81,2,0,43.15494365,-77.02976528,36117.0,79,80,2,0,78,79,90064,1,0,0,1,1
2020-05-11,US,New York,Westchester,31384,1227,0,41.16278376,-73.75741653,36119.0,30157,31294,1218,0,30076,31087,967612,90,9,0,81,207
2020-05-11,US,New York,Wyoming,77,5,0,42.70145109,-78.22199579,36121.0,72,77,5,0,72,75,40085,0,0,0,0,2
2020-05-11,US,New York,Yates,21,1,0,42.63505484,-77.10369919,36123.0,20,21,1,0,20,20,24841,0,0,0,0,1
2020-05-11,US,North Carolina,Alamance,183,7,0,36.0434701,-79.39976137,37001.0,176,173,5,0,168,152,166436,10,2,0,8,21
2020-05-11,US,North Carolina,Alexander,12,0,0,35.922379600000006,-81.17751948,37003.0,12,12,0,0,12,10,37353,0,0,0,0,2
2020-05-11,US,North Carolina,Alleghany,8,0,0,36.49360862,-81.12857041,37005.0,8,8,0,0,8,7,11161,0,0,0,0,1
2020-05-11,US,North Carolina,Anson,38,0,0,34.97403241,-80.09953279,37007.0,38,38,0,0,38,38,24877,0,0,0,0,0
2020-05-11,US,North Carolina,Ashe,13,0,0,36.43296207,-81.49862729,37009.0,13,13,0,0,13,8,27109,0,0,0,0,5
2020-05-11,US,North Carolina,Beaufort,25,0,0,35.48531943,-76.84325809,37013.0,25,25,0,0,25,24,47079,0,0,0,0,1
2020-05-11,US,North Carolina,Bertie,61,3,0,36.0688473,-76.96545943,37015.0,58,61,3,0,58,60,19026,0,0,0,0,1
2020-05-11,US,North Carolina,Bladen,54,1,0,34.61296243,-78.56180059,37017.0,53,52,1,0,51,51,33190,2,0,0,2,1
2020-05-11,US,North Carolina,Brunswick,50,2,0,34.070565,-78.22814204,37019.0,48,50,2,0,48,50,136744,0,0,0,0,0
2020-05-11,US,North Carolina,Buncombe,102,4,0,35.61113393,-82.53305,37021.0,98,100,4,0,96,92,259103,2,0,0,2,8
2020-05-11,US,North Carolina,Burke,137,11,0,35.74989637,-81.70755735,37023.0,126,136,11,0,125,131,90382,1,0,0,1,5
2020-05-11,US,North Carolina,Cabarrus,352,17,0,35.3877799,-80.55267168,37025.0,335,352,17,0,335,341,211342,0,0,0,0,11
2020-05-11,US,North Carolina,Caldwell,60,0,0,35.95204977,-81.54799522,37027.0,60,60,0,0,60,59,82029,0,0,0,0,1
2020-05-11,US,North Carolina,Camden,2,0,0,36.33804939,-76.15568396,37029.0,2,2,0,0,2,2,10710,0,0,0,0,0
2020-05-11,US,North Carolina,Carteret,32,3,0,34.8932941,-76.54120135,37031.0,29,32,3,0,29,32,69524,0,0,0,0,0
2020-05-11,US,North Carolina,Caswell,41,1,0,36.39312665,-79.33353281,37033.0,40,39,1,0,38,38,22698,2,0,0,2,1
2020-05-11,US,North Carolina,Catawba,83,2,0,35.66211129,-81.2132617,37035.0,81,82,2,0,80,78,158652,1,0,0,1,4
2020-05-11,US,North Carolina,Chatham,458,11,0,35.70394416,-79.25541492,37037.0,447,455,11,0,444,447,73139,3,0,0,3,8
2020-05-11,US,North Carolina,Cherokee,27,1,0,35.1349263,-84.05970864,37039.0,26,27,1,0,26,27,28383,0,0,0,0,0
2020-05-11,US,North Carolina,Chowan,11,0,0,36.12908077,-76.60118385,37041.0,11,11,0,0,11,10,14029,0,0,0,0,1
2020-05-11,US,North Carolina,Clay,8,0,0,35.05704275,-83.74353633,37043.0,8,8,0,0,8,8,11139,0,0,0,0,0
2020-05-11,US,North Carolina,Cleveland,50,2,0,35.33553364,-81.55204486,37045.0,48,50,2,0,48,50,97645,0,0,0,0,0
2020-05-11,US,North Carolina,Columbus,213,16,0,34.26744084,-78.65801424,37047.0,197,203,14,0,189,196,55655,10,2,0,8,7
2020-05-11,US,North Carolina,Craven,55,4,0,35.11833364,-77.08398081,37049.0,51,54,4,0,50,51,102912,1,0,0,1,3
2020-05-11,US,North Carolina,Cumberland,368,9,0,35.04762133,-78.82623165,37051.0,359,368,9,0,359,356,332330,0,0,0,0,12
2020-05-11,US,North Carolina,Currituck,9,0,0,36.36123664,-75.95876401,37053.0,9,9,0,0,9,9,27072,0,0,0,0,0
2020-05-11,US,North Carolina,Dare,21,1,0,35.66520691,-75.71767334,37055.0,20,19,1,0,18,18,36501,2,0,0,2,1
2020-05-11,US,North Carolina,Davidson,205,10,0,35.79115496,-80.21256572,37057.0,195,202,10,0,192,201,166614,3,0,0,3,1
2020-05-11,US,North Carolina,Davie,37,2,0,35.93099927,-80.54496571,37059.0,35,35,2,0,33,32,42733,2,0,0,2,3
2020-05-11,US,North Carolina,Duplin,258,4,0,34.93449805,-77.93140529,37061.0,254,242,4,0,238,225,58856,16,0,0,16,17
2020-05-11,US,North Carolina,Durham,886,34,0,36.03638492,-78.87608331,37063.0,852,886,34,0,852,876,316739,0,0,0,0,10
2020-05-11,US,North Carolina,Edgecombe,155,7,0,35.91230639,-77.59436892,37065.0,148,153,7,0,146,151,52005,2,0,0,2,2
2020-05-11,US,North Carolina,Forsyth,395,5,0,36.12859861,-80.25459052,37067.0,390,386,5,0,381,369,379099,9,0,0,9,17
2020-05-11,US,North Carolina,Franklin,111,22,0,36.081519,-78.28708884,37069.0,89,111,22,0,89,111,67560,0,0,0,0,0
2020-05-11,US,North Carolina,Gaston,178,5,0,35.29373559,-81.17477045,37071.0,173,178,5,0,173,168,222846,0,0,0,0,10
2020-05-11,US,North Carolina,Gates,11,0,0,36.44667547,-76.69749701,37073.0,11,11,0,0,11,11,11573,0,0,0,0,0
2020-05-11,US,North Carolina,Graham,2,0,0,35.3506925,-83.83369267,37075.0,2,2,0,0,2,2,8484,0,0,0,0,0
2020-05-11,US,North Carolina,Granville,167,6,0,36.30337451,-78.65184241,37077.0,161,165,6,0,159,164,60115,2,0,0,2,1
2020-05-11,US,North Carolina,Greene,36,1,0,35.48544173,-77.67578087,37079.0,35,34,1,0,33,34,21012,2,0,0,2,0
2020-05-11,US,North Carolina,Guilford,641,38,0,36.07959451,-79.78824948,37081.0,603,592,38,0,554,574,533670,49,0,0,49,18
2020-05-11,US,North Carolina,Halifax,94,1,0,36.25669272,-77.6556109,37083.0,93,91,1,0,90,85,50574,3,0,0,3,6
2020-05-11,US,North Carolina,Harnett,228,13,0,35.36731853,-78.87243571,37085.0,215,217,13,0,204,212,134214,11,0,0,11,5
2020-05-11,US,North Carolina,Haywood,18,0,0,35.55269063,-82.98196486,37087.0,18,18,0,0,18,18,61971,0,0,0,0,0
2020-05-11,US,North Carolina,Henderson,230,28,0,35.33788927,-82.4766782,37089.0,202,226,27,0,199,224,116748,4,1,0,3,2
2020-05-11,US,North Carolina,Hertford,51,1,0,36.3607755,-76.98104134,37091.0,50,49,1,0,48,48,23659,2,0,0,2,1
2020-05-11,US,North Carolina,Hoke,123,0,0,35.01888303,-79.23651674,37093.0,123,120,0,0,120,120,54764,3,0,0,3,0
2020-05-11,US,North Carolina,Hyde,1,0,0,35.42017674,-76.15180542,37095.0,1,1,0,0,1,1,5230,0,0,0,0,0
2020-05-11,US,North Carolina,Iredell,153,6,0,35.80950511,-80.8743128,37097.0,147,151,6,0,145,147,178435,2,0,0,2,4
2020-05-11,US,North Carolina,Jackson,22,1,0,35.28814273,-83.14093385,37099.0,21,22,1,0,21,21,43327,0,0,0,0,1
2020-05-11,US,North Carolina,Johnston,212,18,0,35.51745004,-78.36622717,37101.0,194,205,17,0,188,201,202675,7,1,0,6,4
2020-05-11,US,North Carolina,Jones,20,3,0,35.02254606,-77.35870791,37103.0,17,18,2,0,16,19,9637,2,1,0,1,-1
2020-05-11,US,North Carolina,Lee,277,1,0,35.47623147,-79.17569362,37105.0,276,268,1,0,267,246,61452,9,0,0,9,22
2020-05-11,US,North Carolina,Lenoir,122,4,0,35.24032589999999,-77.64245615,37107.0,118,118,4,0,114,113,55976,4,0,0,4,5
2020-05-11,US,North Carolina,Lincoln,40,0,0,35.48508185,-81.21740317,37109.0,40,40,0,0,40,39,83770,0,0,0,0,1
2020-05-11,US,North Carolina,Macon,3,1,0,35.14867843,-83.41696617,37113.0,2,3,1,0,2,3,35285,0,0,0,0,0
2020-05-11,US,North Carolina,Madison,1,0,0,35.85402722,-82.71346418,37115.0,1,1,0,0,1,1,21763,0,0,0,0,0
2020-05-11,US,North Carolina,Martin,31,1,0,35.84326734,-77.10860251,37117.0,30,29,1,0,28,29,22671,2,0,0,2,0
2020-05-11,US,North Carolina,McDowell,30,1,0,35.67736232,-82.0482425,37111.0,29,30,1,0,29,29,45507,0,0,0,0,1
2020-05-11,US,North Carolina,Mecklenburg,2134,63,0,35.24469268,-80.8317671,37119.0,2071,2074,61,0,2013,2043,1093901,60,2,0,58,31
2020-05-11,US,North Carolina,Mitchell,5,0,0,36.01059309,-82.1582442,37121.0,5,5,0,0,5,5,15000,0,0,0,0,0
2020-05-11,US,North Carolina,Montgomery,46,2,0,35.33155144,-79.90416657,37123.0,44,45,2,0,43,43,27271,1,0,0,1,2
2020-05-11,US,North Carolina,Moore,156,9,0,35.30885257,-79.48474178,37125.0,147,151,9,0,142,148,98682,5,0,0,5,3
2020-05-11,US,North Carolina,Nash,123,3,0,35.96575634,-77.98422508,37127.0,120,123,3,0,120,118,94016,0,0,0,0,5
2020-05-11,US,North Carolina,New Hanover,117,3,0,34.25758282,-77.87075626,37129.0,114,107,3,0,104,97,232274,10,0,0,10,10
2020-05-11,US,North Carolina,Northampton,123,7,0,36.41736238,-77.39769443,37131.0,116,118,7,0,111,102,19676,5,0,0,5,16
2020-05-11,US,North Carolina,Onslow,56,2,0,34.72607366,-77.42908179,37133.0,54,53,2,0,51,54,197683,3,0,0,3,-1
2020-05-11,US,North Carolina,Orange,253,33,0,36.06092947,-79.12167935,37135.0,220,252,33,0,219,248,146027,1,0,0,1,4
2020-05-11,US,North Carolina,Pamlico,8,0,0,35.15253315,-76.66559823,37137.0,8,8,0,0,8,8,12670,0,0,0,0,0
2020-05-11,US,North Carolina,Pasquotank,82,5,0,36.26723798,-76.25134778,37139.0,77,82,3,0,79,81,39639,0,2,0,-2,1
2020-05-11,US,North Carolina,Pender,39,1,0,34.52265624,-77.90352133,37141.0,38,39,1,0,38,36,62162,0,0,0,0,3
2020-05-11,US,North Carolina,Perquimans,17,2,0,36.17847453,-76.40603143,37143.0,15,17,2,0,15,17,13422,0,0,0,0,0
2020-05-11,US,North Carolina,Person,31,1,0,36.38989032,-78.97217358,37145.0,30,30,1,0,29,30,39507,1,0,0,1,0
2020-05-11,US,North Carolina,Pitt,169,2,0,35.59535426,-77.37353178,37147.0,167,165,2,0,163,162,179914,4,0,0,4,3
2020-05-11,US,North Carolina,Polk,31,2,0,35.27820615,-82.16812354,37149.0,29,31,2,0,29,31,20611,0,0,0,0,0
2020-05-11,US,North Carolina,Randolph,354,6,0,35.71015088,-79.80570339,37151.0,348,338,6,0,332,317,143351,16,0,0,16,21
2020-05-11,US,North Carolina,Richmond,91,2,0,35.00417719,-79.74491009,37153.0,89,90,2,0,88,89,44887,1,0,0,1,1
2020-05-11,US,North Carolina,Robeson,391,6,0,34.64244496,-79.10250529999998,37155.0,385,388,6,0,382,365,131831,3,0,0,3,23
2020-05-11,US,North Carolina,Rockingham,43,2,0,36.39593137,-79.77504841,37157.0,41,40,2,0,38,39,90690,3,0,0,3,1
2020-05-11,US,North Carolina,Rowan,488,25,0,35.64003916,-80.52446628,37159.0,463,483,25,0,458,480,141262,5,0,0,5,3
2020-05-11,US,North Carolina,Rutherford,154,7,0,35.40114178,-81.92112099,37161.0,147,152,7,0,145,152,66826,2,0,0,2,0
2020-05-11,US,North Carolina,Sampson,167,1,0,34.98820368,-78.36914061,37163.0,166,156,1,0,155,145,63626,11,0,0,11,11
2020-05-11,US,North Carolina,Scotland,41,0,0,34.8386299,-79.4757978,37165.0,41,40,0,0,40,36,34810,1,0,0,1,4
2020-05-11,US,North Carolina,Stanly,30,4,0,35.31647813,-80.25093221,37167.0,26,30,4,0,26,30,62075,0,0,0,0,0
2020-05-11,US,North Carolina,Stokes,11,0,0,36.4017975,-80.23893369,37169.0,11,11,0,0,11,11,45467,0,0,0,0,0
2020-05-11,US,North Carolina,Surry,43,1,0,36.41689489,-80.69102283,37171.0,42,41,1,0,40,33,71948,2,0,0,2,8
2020-05-11,US,North Carolina,Swain,5,0,0,35.48665845,-83.48748932,37173.0,5,5,0,0,5,5,14245,0,0,0,0,0
2020-05-11,US,North Carolina,Transylvania,7,0,0,35.20383864,-82.79638423,37175.0,7,7,0,0,7,8,34215,0,0,0,0,-1
2020-05-11,US,North Carolina,Tyrrell,4,0,0,35.87147226,-76.17055253,37177.0,4,4,0,0,4,4,4131,0,0,0,0,0
2020-05-11,US,North Carolina,Union,301,17,0,34.98960527,-80.52955873,37179.0,284,297,17,0,280,294,235908,4,0,0,4,3
2020-05-11,US,North Carolina,Vance,162,12,0,36.36880673,-78.40670845,37181.0,150,161,12,0,149,161,44582,1,0,0,1,0
2020-05-11,US,North Carolina,Wake,1051,23,0,35.78879266,-78.65249174,37183.0,1028,1038,23,0,1015,1022,1092305,13,0,0,13,16
2020-05-11,US,North Carolina,Warren,23,0,0,36.39728256,-78.10652228,37185.0,23,23,0,0,23,23,19807,0,0,0,0,0
2020-05-11,US,North Carolina,Washington,25,3,0,35.83810081,-76.57299037,37187.0,22,25,3,0,22,25,11859,0,0,0,0,0
2020-05-11,US,North Carolina,Watauga,9,0,0,36.23103603,-81.70033724,37189.0,9,9,0,0,9,9,55945,0,0,0,0,0
2020-05-11,US,North Carolina,Wayne,752,13,0,35.36438125,-78.00027268,37191.0,739,743,13,0,730,726,123248,9,0,0,9,17
2020-05-11,US,North Carolina,Wilkes,242,1,0,36.2084135,-81.16232895,37193.0,241,239,1,0,238,202,68557,3,0,0,3,37
2020-05-11,US,North Carolina,Wilson,216,8,0,35.70625477,-77.917978,37195.0,208,212,8,0,204,203,81455,4,0,0,4,9
2020-05-11,US,North Carolina,Yadkin,54,1,0,36.16222629,-80.66239436,37197.0,53,54,1,0,53,49,37543,0,0,0,0,5
2020-05-11,US,North Carolina,Yancey,9,0,0,35.90079156,-82.31237181,37199.0,9,9,0,0,9,8,17903,0,0,0,0,1
2020-05-11,US,North Dakota,Barnes,4,0,0,46.93579637,-98.06605978,38003.0,4,4,0,0,4,4,10542,0,0,0,0,0
2020-05-11,US,North Dakota,Benson,2,0,0,48.0683985,-99.35916363,38005.0,2,2,0,0,2,2,6962,0,0,0,0,0
2020-05-11,US,North Dakota,Bowman,1,0,0,46.11285362,-103.5203343,38011.0,1,1,0,0,1,1,3076,0,0,0,0,0
2020-05-11,US,North Dakota,Burke,5,0,0,48.79094471,-102.51821170000001,38013.0,5,5,0,0,5,5,2100,0,0,0,0,0
2020-05-11,US,North Dakota,Burleigh,104,0,0,46.97847375,-100.46452140000001,38015.0,104,103,0,0,103,103,95273,1,0,0,1,0
2020-05-11,US,North Dakota,Cass,821,21,0,46.93201724,-97.24447190000001,38017.0,800,805,18,0,787,781,181516,16,3,0,13,24
2020-05-11,US,North Dakota,Divide,1,0,0,48.814938700000006,-103.48736109999999,38023.0,1,1,0,0,1,1,2283,0,0,0,0,0
2020-05-11,US,North Dakota,Dunn,12,0,0,47.35423935,-102.61604679999999,38025.0,12,11,0,0,11,11,4332,1,0,0,1,0
2020-05-11,US,North Dakota,Eddy,2,0,0,47.71701474,-98.90432337,38027.0,2,1,0,0,1,1,2313,1,0,0,1,0
2020-05-11,US,North Dakota,Emmons,1,1,0,46.28398398,-100.2389766,38029.0,0,1,1,0,0,1,3295,0,0,0,0,0
2020-05-11,US,North Dakota,Foster,1,0,0,47.457108399999996,-98.88279923,38031.0,1,1,0,0,1,1,3216,0,0,0,0,0
2020-05-11,US,North Dakota,Grand Forks,287,2,0,47.92093639,-97.45450447,38035.0,285,285,2,0,283,284,70770,2,0,0,2,1
2020-05-11,US,North Dakota,Grant,2,0,0,46.35821257,-101.63900129999999,38037.0,2,1,0,0,1,1,2374,1,0,0,1,0
2020-05-11,US,North Dakota,McHenry,2,1,0,48.23104458,-100.6324822,38049.0,1,2,1,0,1,2,5816,0,0,0,0,0
2020-05-11,US,North Dakota,McIntosh,1,0,0,46.11182017,-99.44145858,38051.0,1,1,0,0,1,1,2585,0,0,0,0,0
2020-05-11,US,North Dakota,McKenzie,15,0,0,47.74133370000001,-103.395905,38053.0,15,15,0,0,15,15,13632,0,0,0,0,0
2020-05-11,US,North Dakota,McLean,5,0,0,47.60766714,-101.3182418,38055.0,5,5,0,0,5,5,9541,0,0,0,0,0
2020-05-11,US,North Dakota,Mercer,4,0,0,47.31213126,-101.8318399,38057.0,4,3,0,0,3,3,8267,1,0,0,1,0
2020-05-11,US,North Dakota,Morton,37,2,0,46.71681782,-101.2822377,38059.0,35,36,2,0,34,35,31095,1,0,0,1,1
2020-05-11,US,North Dakota,Mountrail,37,0,0,48.20197971,-102.3555315,38061.0,37,37,0,0,37,37,10218,0,0,0,0,0
2020-05-11,US,North Dakota,Nelson,1,0,0,47.9226426,-98.19038437,38063.0,1,1,0,0,1,1,2869,0,0,0,0,0
2020-05-11,US,North Dakota,Oliver,1,0,0,47.11530482,-101.3406158,38065.0,1,1,0,0,1,1,1952,0,0,0,0,0
2020-05-11,US,North Dakota,Pembina,6,0,0,48.76623521,-97.5523809,38067.0,6,6,0,0,6,6,6947,0,0,0,0,0
2020-05-11,US,North Dakota,Pierce,3,0,0,48.24977025,-99.96407787,38069.0,3,3,0,0,3,3,4081,0,0,0,0,0
2020-05-11,US,North Dakota,Ramsey,7,0,0,48.26886249,-98.72223879,38071.0,7,7,0,0,7,7,11481,0,0,0,0,0
2020-05-11,US,North Dakota,Ransom,3,0,0,46.45621782,-97.65742504,38073.0,3,3,0,0,3,3,5237,0,0,0,0,0
2020-05-11,US,North Dakota,Renville,1,0,0,48.71982533,-101.6603912,38075.0,1,1,0,0,1,1,2374,0,0,0,0,0
2020-05-11,US,North Dakota,Richland,9,0,0,46.26440649,-96.94852979,38077.0,9,9,0,0,9,8,16239,0,0,0,0,1
2020-05-11,US,North Dakota,Rolette,3,0,0,48.77245354,-99.84097493,38079.0,3,3,0,0,3,3,14301,0,0,0,0,0
2020-05-11,US,North Dakota,Sargent,3,0,0,46.10830372,-97.63217159,38081.0,3,3,0,0,3,3,3870,0,0,0,0,0
2020-05-11,US,North Dakota,Sioux,1,0,0,46.11323337,-101.04401490000001,38085.0,1,1,0,0,1,1,4358,0,0,0,0,0
2020-05-11,US,North Dakota,Slope,3,0,0,46.44737738,-103.4601547,38087.0,3,3,0,0,3,3,763,0,0,0,0,0
2020-05-11,US,North Dakota,Stark,61,2,0,46.80851182,-102.65763259999999,38089.0,59,61,2,0,59,61,30997,0,0,0,0,0
2020-05-11,US,North Dakota,Stutsman,15,0,0,46.97962541,-98.95637318,38093.0,15,13,0,0,13,13,20917,2,0,0,2,0
2020-05-11,US,North Dakota,Traill,1,0,0,47.45367788,-97.16323288,38097.0,1,1,0,0,1,1,8037,0,0,0,0,0
2020-05-11,US,North Dakota,Unassigned,0,6,0,0.0,0.0,90038.0,-6,0,8,0,-8,0,,0,-2,0,2,0
2020-05-11,US,North Dakota,Walsh,8,0,0,48.36876964,-97.72574783,38099.0,8,8,0,0,8,8,10667,0,0,0,0,0
2020-05-11,US,North Dakota,Ward,27,1,0,48.22390169,-101.54367629999999,38101.0,26,27,1,0,26,27,67744,0,0,0,0,0
2020-05-11,US,North Dakota,Wells,2,0,0,47.58614526,-99.65904998,38103.0,2,2,0,0,2,2,3957,0,0,0,0,0
2020-05-11,US,North Dakota,Williams,19,0,0,48.34522353,-103.4793387,38105.0,19,18,0,0,18,18,35350,1,0,0,1,0
2020-05-11,US,Ohio,Adams,6,0,0,38.84541072,-83.4718964,39001.0,6,6,0,0,6,6,27724,0,0,0,0,0
2020-05-11,US,Ohio,Allen,146,29,0,40.77285242,-84.10802343,39003.0,117,144,29,0,115,144,102663,2,0,0,2,0
2020-05-11,US,Ohio,Ashland,15,0,0,40.84772277,-82.27280781,39005.0,15,14,0,0,14,14,53745,1,0,0,1,0
2020-05-11,US,Ohio,Ashtabula,193,19,0,41.70860332,-80.74830218,39007.0,174,192,18,0,174,190,97493,1,1,0,0,2
2020-05-11,US,Ohio,Athens,6,1,0,39.33425634,-82.04278644,39009.0,5,6,1,0,5,5,65818,0,0,0,0,1
2020-05-11,US,Ohio,Auglaize,43,3,0,40.55998859,-84.22421429999999,39011.0,40,42,3,0,39,42,45804,1,0,0,1,0
2020-05-11,US,Ohio,Belmont,258,7,0,40.01625942,-80.9924051,39013.0,251,234,7,0,227,229,67505,24,0,0,24,5
2020-05-11,US,Ohio,Brown,17,1,0,38.93416837,-83.86788395,39015.0,16,17,1,0,16,16,43602,0,0,0,0,1
2020-05-11,US,Ohio,Butler,479,13,0,39.44012838,-84.57388716,39017.0,466,452,13,0,439,436,382378,27,0,0,27,16
2020-05-11,US,Ohio,Carroll,24,1,0,40.578968599999996,-81.09178213,39019.0,23,23,1,0,22,23,27081,1,0,0,1,0
2020-05-11,US,Ohio,Champaign,19,1,0,40.13923427,-83.76875242,39021.0,18,18,1,0,17,17,38754,1,0,0,1,1
2020-05-11,US,Ohio,Clark,98,3,0,39.91592258,-83.78498252,39023.0,95,93,3,0,90,90,134585,5,0,0,5,3
2020-05-11,US,Ohio,Clermont,125,3,0,39.04847534,-84.15375786,39025.0,122,123,3,0,120,122,205466,2,0,0,2,1
2020-05-11,US,Ohio,Clinton,35,0,0,39.41485808,-83.80852286,39027.0,35,34,0,0,34,33,42057,1,0,0,1,1
2020-05-11,US,Ohio,Columbiana,336,37,0,40.76932373,-80.78094576,39029.0,299,325,35,0,290,319,102665,11,2,0,9,6
2020-05-11,US,Ohio,Coshocton,19,0,0,40.30096166,-81.91729018,39031.0,19,19,0,0,19,19,36629,0,0,0,0,0
2020-05-11,US,Ohio,Crawford,77,1,0,40.85065156,-82.91989099,39033.0,76,72,1,0,71,71,41550,5,0,0,5,1
2020-05-11,US,Ohio,Cuyahoga,2861,147,0,41.424119,-81.65918339,39035.0,2714,2795,146,0,2649,2755,1243857,66,1,0,65,40
2020-05-11,US,Ohio,Darke,89,14,0,40.13412966,-84.6194517,39037.0,75,84,14,0,70,84,51323,5,0,0,5,0
2020-05-11,US,Ohio,Defiance,26,1,0,41.32398837,-84.49076944,39039.0,25,26,1,0,25,26,38165,0,0,0,0,0
2020-05-11,US,Ohio,Delaware,222,4,0,40.27942393,-83.00457058,39041.0,218,220,4,0,216,211,204826,2,0,0,2,9
2020-05-11,US,Ohio,Erie,83,3,0,41.36796058,-82.62904521,39043.0,80,80,3,0,77,79,74615,3,0,0,3,1
2020-05-11,US,Ohio,Fairfield,178,3,0,39.75107189,-82.63088163,39045.0,175,177,2,0,175,177,155782,1,1,0,0,0
2020-05-11,US,Ohio,Fayette,23,0,0,39.56021306,-83.4562016,39047.0,23,26,0,0,26,27,28666,-3,0,0,-3,-1
2020-05-11,US,Ohio,Franklin,3881,124,0,39.96995815,-83.01115755,39049.0,3757,3777,119,0,3658,3710,1310300,104,5,0,99,67
2020-05-11,US,Ohio,Fulton,31,0,0,41.60213491,-84.12571393,39051.0,31,31,0,0,31,30,42276,0,0,0,0,1
2020-05-11,US,Ohio,Gallia,6,1,0,38.82708533,-82.31647569,39053.0,5,6,1,0,5,6,29979,0,0,0,0,0
2020-05-11,US,Ohio,Geauga,191,19,0,41.49952319,-81.17935342,39055.0,172,189,19,0,170,189,94031,2,0,0,2,0
2020-05-11,US,Ohio,Greene,63,5,0,39.69116283,-83.89032084,39057.0,58,59,5,0,54,53,167995,4,0,0,4,6
2020-05-11,US,Ohio,Guernsey,21,0,0,40.05026529,-81.49248905,39059.0,21,21,0,0,21,21,39022,0,0,0,0,0
2020-05-11,US,Ohio,Hamilton,1823,101,0,39.19673558,-84.54502924,39061.0,1722,1757,101,0,1656,1731,816684,66,0,0,66,26
2020-05-11,US,Ohio,Hancock,39,1,0,41.00250487,-83.66838948,39063.0,38,39,1,0,38,39,75930,0,0,0,0,0
2020-05-11,US,Ohio,Hardin,28,0,0,40.66015414,-83.65929931,39065.0,28,28,0,0,28,27,31480,0,0,0,0,1
2020-05-11,US,Ohio,Harrison,6,0,0,40.29380509,-81.09068544,39067.0,6,6,0,0,6,6,15174,0,0,0,0,0
2020-05-11,US,Ohio,Henry,9,0,0,41.333964200000004,-84.06830637,39069.0,9,8,0,0,8,8,27086,1,0,0,1,0
2020-05-11,US,Ohio,Highland,12,1,0,39.1839264,-83.60331456,39071.0,11,12,1,0,11,12,43058,0,0,0,0,0
2020-05-11,US,Ohio,Hocking,22,1,0,39.49537927,-82.47991446,39073.0,21,20,1,0,19,20,28385,2,0,0,2,0
2020-05-11,US,Ohio,Holmes,8,1,0,40.56163713,-81.92635677,39075.0,7,8,1,0,7,7,43892,0,0,0,0,1
2020-05-11,US,Ohio,Huron,38,1,0,41.14651175,-82.59867951,39077.0,37,38,1,0,37,38,58504,0,0,0,0,0
2020-05-11,US,Ohio,Jackson,8,0,0,39.01914254,-82.61818559999998,39079.0,8,8,0,0,8,7,32384,0,0,0,0,1
2020-05-11,US,Ohio,Jefferson,56,2,0,40.38614126,-80.76259514,39081.0,54,54,2,0,52,54,65767,2,0,0,2,0
2020-05-11,US,Ohio,Knox,20,1,0,40.39830217,-82.42027563,39083.0,19,20,1,0,19,20,61893,0,0,0,0,0
2020-05-11,US,Ohio,Lake,199,8,0,41.69710807,-81.23676539,39085.0,191,197,8,0,189,194,230514,2,0,0,2,3
2020-05-11,US,Ohio,Lawrence,25,0,0,38.59743452,-82.53466552,39087.0,25,25,0,0,25,24,59866,0,0,0,0,1
2020-05-11,US,Ohio,Licking,164,7,0,40.09136236,-82.48185785,39089.0,157,162,7,0,155,162,175769,2,0,0,2,0
2020-05-11,US,Ohio,Logan,23,0,0,40.38996525,-83.76784341,39091.0,23,23,0,0,23,23,45358,0,0,0,0,0
2020-05-11,US,Ohio,Lorain,554,45,0,41.29553751,-82.15083537,39093.0,509,548,44,0,504,543,309461,6,1,0,5,5
2020-05-11,US,Ohio,Lucas,1806,165,0,41.62101218,-83.65468618,39095.0,1641,1757,164,0,1593,1710,429899,49,1,0,48,47
2020-05-11,US,Ohio,Madison,84,3,0,39.89381073,-83.40178317,39097.0,81,83,3,0,80,81,44413,1,0,0,1,2
2020-05-11,US,Ohio,Mahoning,1144,123,0,41.01631101,-80.77287029,39099.0,1021,1119,122,0,997,1104,229642,25,1,0,24,15
2020-05-11,US,Ohio,Marion,2404,14,0,40.58610662,-83.15736305,39101.0,2390,2387,13,0,2374,2381,65256,17,1,0,16,6
2020-05-11,US,Ohio,Medina,195,17,0,41.11770589,-81.89986209999998,39103.0,178,194,17,0,177,193,179146,1,0,0,1,1
2020-05-11,US,Ohio,Meigs,3,0,0,39.09224872,-82.0305041,39105.0,3,3,0,0,3,3,23106,0,0,0,0,0
2020-05-11,US,Ohio,Mercer,84,1,0,40.54043046,-84.62912742,39107.0,83,67,1,0,66,66,40959,17,0,0,17,1
2020-05-11,US,Ohio,Miami,313,28,0,40.0543329,-84.22871271,39109.0,285,268,28,0,240,244,106222,45,0,0,45,24
2020-05-11,US,Ohio,Monroe,19,0,0,39.72984936,-81.08464734,39111.0,19,10,0,0,10,8,13790,9,0,0,9,2
2020-05-11,US,Ohio,Montgomery,422,10,0,39.75394919,-84.29050975,39113.0,412,390,10,0,380,369,532331,32,0,0,32,21
2020-05-11,US,Ohio,Morgan,5,0,0,39.62081738,-81.85308173,39115.0,5,5,0,0,5,5,14604,0,0,0,0,0
2020-05-11,US,Ohio,Morrow,87,1,0,40.52363560000001,-82.7892599,39117.0,86,84,1,0,83,84,35112,3,0,0,3,0
2020-05-11,US,Ohio,Muskingum,27,0,0,39.96575964,-81.94363275,39119.0,27,25,0,0,25,25,86183,2,0,0,2,0
2020-05-11,US,Ohio,Noble,5,0,0,39.76818851,-81.45937183,39121.0,5,5,0,0,5,6,14354,0,0,0,0,-1
2020-05-11,US,Ohio,Ottawa,47,2,0,41.53781826,-83.0940185,39123.0,45,46,2,0,44,46,40769,1,0,0,1,0
2020-05-11,US,Ohio,Paulding,9,0,0,41.11676341,-84.5801017,39125.0,9,9,0,0,9,9,18760,0,0,0,0,0
2020-05-11,US,Ohio,Perry,14,1,0,39.73508655,-82.23804971,39127.0,13,14,1,0,13,13,36033,0,0,0,0,1
2020-05-11,US,Ohio,Pickaway,1933,23,0,39.64170392,-83.0243386,39129.0,1910,1845,23,0,1822,1844,58086,88,0,0,88,1
2020-05-11,US,Ohio,Pike,5,0,0,39.07634001,-83.06769584,39131.0,5,5,0,0,5,5,28067,0,0,0,0,0
2020-05-11,US,Ohio,Portage,280,46,0,41.16793482,-81.19735782,39133.0,234,276,46,0,230,274,162927,4,0,0,4,2
2020-05-11,US,Ohio,Preble,28,1,0,39.7420247,-84.64787018,39135.0,27,28,1,0,27,28,40997,0,0,0,0,0
2020-05-11,US,Ohio,Putnam,76,13,0,41.02094889,-84.1336111,39137.0,63,76,13,0,63,76,33780,0,0,0,0,0
2020-05-11,US,Ohio,Richland,121,2,0,40.77180308,-82.53799609999999,39139.0,119,118,2,0,116,113,121099,3,0,0,3,5
2020-05-11,US,Ohio,Ross,53,1,0,39.33705391,-83.06000914,39141.0,52,51,1,0,50,48,76931,2,0,0,2,3
2020-05-11,US,Ohio,Sandusky,52,8,0,41.35624126,-83.137872,39143.0,44,49,7,0,42,48,58799,3,1,0,2,1
2020-05-11,US,Ohio,Scioto,13,0,0,38.80270163,-82.98907345,39145.0,13,13,0,0,13,13,75502,0,0,0,0,0
2020-05-11,US,Ohio,Seneca,14,1,0,41.12351311,-83.12783209,39147.0,13,14,1,0,13,14,55207,0,0,0,0,0
2020-05-11,US,Ohio,Shelby,32,1,0,40.33163494,-84.20258189,39149.0,31,31,1,0,30,31,48627,1,0,0,1,0
2020-05-11,US,Ohio,Stark,511,67,0,40.81482476,-81.36437305,39151.0,444,500,67,0,433,479,371574,11,0,0,11,21
2020-05-11,US,Ohio,Summit,915,78,0,41.12464734,-81.53123079,39153.0,837,892,78,0,814,880,541918,23,0,0,23,12
2020-05-11,US,Ohio,Trumbull,408,35,0,41.31735028,-80.76109643,39155.0,373,406,35,0,371,404,198627,2,0,0,2,2
2020-05-11,US,Ohio,Tuscarawas,216,1,0,40.44214695,-81.47226262,39157.0,215,211,1,0,210,196,92176,5,0,0,5,15
2020-05-11,US,Ohio,Union,28,0,0,40.30016061,-83.37239023,39159.0,28,28,0,0,28,28,57835,0,0,0,0,0
2020-05-11,US,Ohio,Van Wert,3,0,0,40.8554138,-84.59111700000003,39161.0,3,3,0,0,3,3,28281,0,0,0,0,0
2020-05-11,US,Ohio,Vinton,12,0,0,39.25208988,-82.4831444,39163.0,12,11,0,0,11,11,13139,1,0,0,1,0
2020-05-11,US,Ohio,Warren,209,13,0,39.42581994,-84.16557457,39165.0,196,206,13,0,193,202,232173,3,0,0,3,4
2020-05-11,US,Ohio,Washington,114,17,0,39.45690571,-81.49121382,39167.0,97,114,17,0,97,113,60155,0,0,0,0,1
2020-05-11,US,Ohio,Wayne,186,42,0,40.82925852,-81.88844833,39169.0,144,186,42,0,144,188,115967,0,0,0,0,-2
2020-05-11,US,Ohio,Williams,44,1,0,41.56052014,-84.58429552,39171.0,43,44,1,0,43,44,36804,0,0,0,0,0
2020-05-11,US,Ohio,Wood,225,31,0,41.36224827,-83.62285108,39173.0,194,224,30,0,194,222,130696,1,1,0,0,2
2020-05-11,US,Ohio,Wyandot,26,2,0,40.84339621,-83.30734173,39175.0,24,26,2,0,24,27,21935,0,0,0,0,-1
2020-05-11,US,Oklahoma,Adair,72,3,0,35.88494195,-94.65859267,40001.0,69,74,3,0,71,74,22082,-2,0,0,-2,0
2020-05-11,US,Oklahoma,Alfalfa,1,0,0,36.73090616,-98.32408495,40003.0,1,1,0,0,1,1,5754,0,0,0,0,0
2020-05-11,US,Oklahoma,Atoka,1,0,0,34.37366573,-96.03802487,40005.0,1,1,0,0,1,1,13838,0,0,0,0,0
2020-05-11,US,Oklahoma,Beaver,20,0,0,36.7496847,-100.4758872,40007.0,20,20,0,0,20,20,5319,0,0,0,0,0
2020-05-11,US,Oklahoma,Beckham,6,0,0,35.26862449,-99.68128023,40009.0,6,6,0,0,6,6,21709,0,0,0,0,0
2020-05-11,US,Oklahoma,Blaine,3,0,0,35.87518314,-98.43307003,40011.0,3,3,0,0,3,2,9485,0,0,0,0,1
2020-05-11,US,Oklahoma,Bryan,12,1,0,33.96472458,-96.25903472,40013.0,11,12,1,0,11,12,47192,0,0,0,0,0
2020-05-11,US,Oklahoma,Caddo,108,9,0,35.17364557,-98.37534464,40015.0,99,108,9,0,99,100,28977,0,0,0,0,8
2020-05-11,US,Oklahoma,Canadian,111,3,0,35.5426055,-97.98465569,40017.0,108,111,3,0,108,110,144447,0,0,0,0,1
2020-05-11,US,Oklahoma,Carter,6,1,0,34.25103751,-97.28552485,40019.0,5,6,1,0,5,6,48177,0,0,0,0,0
2020-05-11,US,Oklahoma,Cherokee,30,1,0,35.90692775,-94.99980896,40021.0,29,30,1,0,29,30,48675,0,0,0,0,0
2020-05-11,US,Oklahoma,Choctaw,3,0,0,34.02807439,-95.54771129,40023.0,3,3,0,0,3,3,14668,0,0,0,0,0
2020-05-11,US,Oklahoma,Cimarron,1,0,0,36.74817177,-102.5173885,40025.0,1,1,0,0,1,1,2153,0,0,0,0,0
2020-05-11,US,Oklahoma,Cleveland,456,32,0,35.20413532,-97.32519562,40027.0,424,456,32,0,424,455,281669,0,0,0,0,1
2020-05-11,US,Oklahoma,Comanche,124,2,0,34.65973764,-98.47195055,40031.0,122,124,2,0,122,124,120422,0,0,0,0,0
2020-05-11,US,Oklahoma,Cotton,5,2,0,34.28845626,-98.37053567,40033.0,3,5,2,0,3,5,5776,0,0,0,0,0
2020-05-11,US,Oklahoma,Craig,13,0,0,36.76268118,-95.20916602,40035.0,13,13,0,0,13,13,14306,0,0,0,0,0
2020-05-11,US,Oklahoma,Creek,82,7,0,35.90230551,-96.37086028,40037.0,75,82,7,0,75,82,71604,0,0,0,0,0
2020-05-11,US,Oklahoma,Custer,11,0,0,35.63853802,-99.00170785,40039.0,11,11,0,0,11,11,29036,0,0,0,0,0
2020-05-11,US,Oklahoma,Delaware,93,16,0,36.40823634,-94.80325046,40041.0,77,92,16,0,76,92,42733,1,0,0,1,0
2020-05-11,US,Oklahoma,Dewey,2,0,0,35.98772922,-99.00730714,40043.0,2,2,0,0,2,2,4894,0,0,0,0,0
2020-05-11,US,Oklahoma,Garfield,22,1,0,36.3791334,-97.78265517,40047.0,21,22,1,0,21,22,60913,0,0,0,0,0
2020-05-11,US,Oklahoma,Garvin,15,1,0,34.70418038,-97.30811132,40049.0,14,15,1,0,14,14,27811,0,0,0,0,1
2020-05-11,US,Oklahoma,Grady,46,2,0,35.0167709,-97.88339847,40051.0,44,45,2,0,43,45,55551,1,0,0,1,0
2020-05-11,US,Oklahoma,Grant,2,0,0,36.796296999999996,-97.78638765,40053.0,2,2,0,0,2,2,4326,0,0,0,0,0
2020-05-11,US,Oklahoma,Greer,65,6,0,34.93535801,-99.56056120000001,40055.0,59,65,6,0,59,65,5821,0,0,0,0,0
2020-05-11,US,Oklahoma,Harper,1,0,0,36.78836519,-99.6679804,40059.0,1,1,0,0,1,1,3797,0,0,0,0,0
2020-05-11,US,Oklahoma,Haskell,5,0,0,35.22257600000001,-95.11513306,40061.0,5,5,0,0,5,5,12668,0,0,0,0,0
2020-05-11,US,Oklahoma,Jackson,19,1,0,34.58781741,-99.41138784,40065.0,18,19,0,0,19,19,24949,0,1,0,-1,0
2020-05-11,US,Oklahoma,Jefferson,3,0,0,34.11130184,-97.83182974,40067.0,3,3,0,0,3,3,6123,0,0,0,0,0
2020-05-11,US,Oklahoma,Johnston,3,0,0,34.31440473,-96.66011537,40069.0,3,3,0,0,3,3,10949,0,0,0,0,0
2020-05-11,US,Oklahoma,Kay,48,7,0,36.81799745,-97.14421435,40071.0,41,48,7,0,41,48,44161,0,0,0,0,0
2020-05-11,US,Oklahoma,Kingfisher,8,0,0,35.94530008,-97.94193268,40073.0,8,8,0,0,8,8,15816,0,0,0,0,0
2020-05-11,US,Oklahoma,Kiowa,6,0,0,34.91671958,-98.97720696,40075.0,6,7,0,0,7,7,8729,-1,0,0,-1,0
2020-05-11,US,Oklahoma,Latimer,5,1,0,34.87844729,-95.25215049,40077.0,4,5,1,0,4,5,10231,0,0,0,0,0
2020-05-11,US,Oklahoma,Le Flore,13,1,0,34.89851864,-94.70392124,40079.0,12,13,1,0,12,13,49980,0,0,0,0,0
2020-05-11,US,Oklahoma,Lincoln,17,2,0,35.70270942,-96.8812462,40081.0,15,17,2,0,15,17,34920,0,0,0,0,0
2020-05-11,US,Oklahoma,Logan,18,1,0,35.91899576,-97.44352845,40083.0,17,18,1,0,17,18,47291,0,0,0,0,0
2020-05-11,US,Oklahoma,Love,3,0,0,33.95273467,-97.23906784,40085.0,3,3,0,0,3,3,10134,0,0,0,0,0
2020-05-11,US,Oklahoma,Major,5,1,0,36.31149996,-98.53467076,40093.0,4,5,1,0,4,5,7644,0,0,0,0,0
2020-05-11,US,Oklahoma,Marshall,2,0,0,34.02311222,-96.76855464,40095.0,2,2,0,0,2,2,16806,0,0,0,0,0
2020-05-11,US,Oklahoma,Mayes,25,4,0,36.30179091,-95.23175116,40097.0,21,24,4,0,20,24,41107,1,0,0,1,0
2020-05-11,US,Oklahoma,McClain,85,2,0,35.01123903,-97.44572302,40087.0,83,85,2,0,83,85,39985,0,0,0,0,0
2020-05-11,US,Oklahoma,McCurtain,8,0,0,34.11664328,-94.77222373,40089.0,8,8,0,0,8,8,32703,0,0,0,0,0
2020-05-11,US,Oklahoma,McIntosh,5,0,0,35.37235506,-95.66599306,40091.0,5,5,0,0,5,5,19815,0,0,0,0,0
2020-05-11,US,Oklahoma,Murray,2,0,0,34.48116015,-97.06826283,40099.0,2,2,0,0,2,2,13953,0,0,0,0,0
2020-05-11,US,Oklahoma,Muskogee,29,6,0,35.61318461,-95.37802952,40101.0,23,29,6,0,23,29,68362,0,0,0,0,0
2020-05-11,US,Oklahoma,Noble,7,0,0,36.38953329,-97.22928674,40103.0,7,7,0,0,7,7,11289,0,0,0,0,0
2020-05-11,US,Oklahoma,Nowata,22,0,0,36.79843529,-95.61902331,40105.0,22,22,0,0,22,22,10218,0,0,0,0,0
2020-05-11,US,Oklahoma,Okfuskee,1,0,0,35.46485198,-96.32639984,40107.0,1,1,0,0,1,1,12098,0,0,0,0,0
2020-05-11,US,Oklahoma,Oklahoma,954,43,0,35.55140095,-97.40716948,40109.0,911,945,43,0,902,927,792582,9,0,0,9,18
2020-05-11,US,Oklahoma,Okmulgee,16,0,0,35.64661916,-95.96432828,40111.0,16,16,0,0,16,16,38335,0,0,0,0,0
2020-05-11,US,Oklahoma,Osage,89,8,0,36.62888819,-96.39635704,40113.0,81,88,8,0,80,88,47014,1,0,0,1,0
2020-05-11,US,Oklahoma,Ottawa,34,1,0,36.83532655,-94.81011909,40115.0,33,34,1,0,33,34,31175,0,0,0,0,0
2020-05-11,US,Oklahoma,Pawnee,29,2,0,36.31743373,-96.70331759999999,40117.0,27,29,2,0,27,29,16390,0,0,0,0,0
2020-05-11,US,Oklahoma,Payne,45,1,0,36.07695283,-96.97584944,40119.0,44,45,1,0,44,45,82040,0,0,0,0,0
2020-05-11,US,Oklahoma,Pittsburg,39,3,0,34.92065823,-95.75134320000001,40121.0,36,39,3,0,36,39,43877,0,0,0,0,0
2020-05-11,US,Oklahoma,Pontotoc,10,2,0,34.72959848,-96.68337199,40123.0,8,10,2,0,8,10,38247,0,0,0,0,0
2020-05-11,US,Oklahoma,Pottawatomie,54,4,0,35.20614018,-96.94923008,40125.0,50,54,4,0,50,54,72679,0,0,0,0,0
2020-05-11,US,Oklahoma,Pushmataha,1,0,0,34.41635232,-95.37603505,40127.0,1,1,0,0,1,1,11179,0,0,0,0,0
2020-05-11,US,Oklahoma,Rogers,70,5,0,36.37004357,-95.60406759,40131.0,65,70,5,0,65,70,91984,0,0,0,0,0
2020-05-11,US,Oklahoma,Seminole,21,2,0,35.16478725,-96.61686741,40133.0,19,21,2,0,19,20,24578,0,0,0,0,1
2020-05-11,US,Oklahoma,Sequoyah,14,3,0,35.49447108,-94.75463785,40135.0,11,14,3,0,11,13,41179,0,0,0,0,1
2020-05-11,US,Oklahoma,Stephens,22,1,0,34.48556989,-97.85141892,40137.0,21,22,1,0,21,22,43265,0,0,0,0,0
2020-05-11,US,Oklahoma,Texas,404,4,0,36.74777635,-101.4889765,40139.0,400,403,3,0,400,345,20455,1,1,0,0,58
2020-05-11,US,Oklahoma,Tillman,19,0,0,34.37288446,-98.92426619,40141.0,19,19,0,0,19,19,7348,0,0,0,0,0
2020-05-11,US,Oklahoma,Tulsa,708,36,0,36.11939621,-95.94013939,40143.0,672,700,36,0,664,695,648360,8,0,0,8,5
2020-05-11,US,Oklahoma,Wagoner,129,17,0,35.96024096,-95.51911308,40145.0,112,129,17,0,112,125,80110,0,0,0,0,4
2020-05-11,US,Oklahoma,Washington,301,29,0,36.71380786,-95.90514104,40147.0,272,296,29,0,267,296,51843,5,0,0,5,0
2020-05-11,US,Oklahoma,Woods,3,0,0,36.76705782,-98.86573064,40151.0,3,3,0,0,3,3,8897,0,0,0,0,0
2020-05-11,US,Oklahoma,Woodward,1,0,0,36.42316318,-99.26283045,40153.0,1,1,0,0,1,1,20222,0,0,0,0,0
2020-05-11,US,Oregon,Baker,1,0,0,44.70915557,-117.6749883,41001.0,1,1,0,0,1,1,16006,0,0,0,0,0
2020-05-11,US,Oregon,Benton,49,5,0,44.49167306,-123.4316987,41003.0,44,47,5,0,42,44,92101,2,0,0,2,3
2020-05-11,US,Oregon,Clackamas,268,9,0,45.18787398,-122.2179634,41005.0,259,266,9,0,257,256,416075,2,0,0,2,10
2020-05-11,US,Oregon,Clatsop,33,0,0,45.99712889,-123.660711,41007.0,33,29,0,0,29,28,39764,4,0,0,4,1
2020-05-11,US,Oregon,Columbia,15,0,0,45.94464254,-123.08908980000001,41009.0,15,15,0,0,15,15,52377,0,0,0,0,0
2020-05-11,US,Oregon,Coos,30,0,0,43.17406868,-124.0594514,41011.0,30,30,0,0,30,30,64389,0,0,0,0,0
2020-05-11,US,Oregon,Crook,1,0,0,44.14230227,-120.356297,41013.0,1,1,0,0,1,1,23867,0,0,0,0,0
2020-05-11,US,Oregon,Curry,4,0,0,42.45911325,-124.15728200000001,41015.0,4,4,0,0,4,4,22813,0,0,0,0,0
2020-05-11,US,Oregon,Deschutes,86,0,0,43.91570171,-121.2289121,41017.0,86,86,0,0,86,85,191996,0,0,0,0,1
2020-05-11,US,Oregon,Douglas,24,0,0,43.27941273,-123.16729099999999,41019.0,24,24,0,0,24,24,110283,0,0,0,0,0
2020-05-11,US,Oregon,Grant,1,0,0,44.49024544,-119.0068631,41023.0,1,1,0,0,1,1,7176,0,0,0,0,0
2020-05-11,US,Oregon,Harney,1,0,0,43.06422669,-118.96663059999999,41025.0,1,1,0,0,1,1,7329,0,0,0,0,0
2020-05-11,US,Oregon,Hood River,13,0,0,45.51872811,-121.65520359999998,41027.0,13,13,0,0,13,12,23428,0,0,0,0,1
2020-05-11,US,Oregon,Jackson,49,0,0,42.43201126,-122.72893090000001,41029.0,49,49,0,0,49,49,219564,0,0,0,0,0
2020-05-11,US,Oregon,Jefferson,24,0,0,44.62806839,-121.17832,41031.0,24,24,0,0,24,24,24192,0,0,0,0,0
2020-05-11,US,Oregon,Josephine,24,1,0,42.3665549,-123.5561938,41033.0,23,24,1,0,23,24,87393,0,0,0,0,0
2020-05-11,US,Oregon,Klamath,40,0,0,42.68762984,-121.64964609999998,41035.0,40,39,0,0,39,39,67653,1,0,0,1,0
2020-05-11,US,Oregon,Lane,60,2,0,43.93727035,-122.847753,41039.0,58,60,2,0,58,60,379611,0,0,0,0,0
2020-05-11,US,Oregon,Lincoln,6,0,0,44.64252874,-123.86991200000001,41041.0,6,6,0,0,6,6,49388,0,0,0,0,0
2020-05-11,US,Oregon,Linn,103,8,0,44.48899494,-122.53731540000001,41043.0,95,102,8,0,94,102,127335,1,0,0,1,0
2020-05-11,US,Oregon,Malheur,14,0,0,43.1937027,-117.62273950000001,41045.0,14,14,0,0,14,14,30725,0,0,0,0,0
2020-05-11,US,Oregon,Marion,694,23,0,44.90287942,-122.58151170000001,41047.0,671,677,23,0,654,663,346868,17,0,0,17,14
2020-05-11,US,Oregon,Morrow,12,0,0,45.41846568,-119.584546,41049.0,12,12,0,0,12,12,11372,0,0,0,0,0
2020-05-11,US,Oregon,Multnomah,899,53,0,45.54747959,-122.4169351,41051.0,846,885,53,0,832,863,811880,14,0,0,14,22
2020-05-11,US,Oregon,Polk,87,6,0,44.90322804,-123.4128888,41053.0,81,84,5,0,79,82,85234,3,1,0,2,2
2020-05-11,US,Oregon,Sherman,1,0,0,45.41501554,-120.6827834,41055.0,1,1,0,0,1,1,1708,0,0,0,0,0
2020-05-11,US,Oregon,Tillamook,6,0,0,45.46248721,-123.712066,41057.0,6,6,0,0,6,6,26787,0,0,0,0,0
2020-05-11,US,Oregon,Umatilla,85,2,0,45.59073056,-118.7353826,41059.0,83,85,1,0,84,84,77516,0,1,0,-1,1
2020-05-11,US,Oregon,Union,4,0,0,45.30915495,-118.0068979,41061.0,4,4,0,0,4,4,26461,0,0,0,0,0
2020-05-11,US,Oregon,Wallowa,1,0,0,45.57894064,-117.18353799999998,41063.0,1,1,0,0,1,1,7081,0,0,0,0,0
2020-05-11,US,Oregon,Wasco,15,1,0,45.16292781,-121.16709540000001,41065.0,14,15,1,0,14,15,26505,0,0,0,0,0
2020-05-11,US,Oregon,Washington,587,13,0,45.55972701,-123.0955257,41067.0,574,573,12,0,561,562,597695,14,1,0,13,11
2020-05-11,US,Oregon,Yamhill,49,7,0,45.23330449,-123.3086963,41071.0,42,49,7,0,42,47,107002,0,0,0,0,2
2020-05-11,US,Pennsylvania,Adams,167,5,0,39.87140411,-77.21610347,42001.0,162,159,5,0,154,156,102811,8,0,0,8,3
2020-05-11,US,Pennsylvania,Allegheny,1511,123,0,40.46809875,-79.98167747,42003.0,1388,1503,122,0,1381,1486,1218452,8,1,0,7,17
2020-05-11,US,Pennsylvania,Armstrong,55,5,0,40.81665618,-79.46290811,42005.0,50,55,4,0,51,55,65263,0,1,0,-1,0
2020-05-11,US,Pennsylvania,Beaver,491,78,0,40.6825484,-80.34921611,42007.0,413,491,78,0,413,482,164742,0,0,0,0,9
2020-05-11,US,Pennsylvania,Bedford,29,1,0,40.00522157,-78.48998442,42009.0,28,29,1,0,28,29,48176,0,0,0,0,0
2020-05-11,US,Pennsylvania,Berks,3417,171,0,40.41570541,-75.92457766,42011.0,3246,3371,170,0,3201,3257,420152,46,1,0,45,114
2020-05-11,US,Pennsylvania,Blair,29,0,0,40.47961444,-78.34917412,42013.0,29,28,0,0,28,28,122492,1,0,0,1,0
2020-05-11,US,Pennsylvania,Bradford,38,2,0,41.78869215,-76.51570822,42015.0,36,38,2,0,36,38,60833,0,0,0,0,0
2020-05-11,US,Pennsylvania,Bucks,4028,349,0,40.33682119,-75.10836643,42017.0,3679,3966,341,0,3625,3852,628195,62,8,0,54,114
2020-05-11,US,Pennsylvania,Butler,195,6,0,40.91152759,-79.91351055,42019.0,189,195,6,0,189,194,187888,0,0,0,0,1
2020-05-11,US,Pennsylvania,Cambria,44,1,0,40.49527404,-78.71377428,42021.0,43,44,1,0,43,42,131730,0,0,0,0,2
2020-05-11,US,Pennsylvania,Cameron,2,0,0,41.43625568,-78.20376845,42023.0,2,2,0,0,2,2,4492,0,0,0,0,0
2020-05-11,US,Pennsylvania,Carbon,198,17,0,40.91545395,-75.7068525,42025.0,181,198,17,0,181,195,64227,0,0,0,0,3
2020-05-11,US,Pennsylvania,Centre,119,2,0,40.92058903,-77.82200624,42027.0,117,119,2,0,117,117,162805,0,0,0,0,2
2020-05-11,US,Pennsylvania,Chester,1884,187,0,39.97291773,-75.74768357,42029.0,1697,1865,184,0,1681,1774,522046,19,3,0,16,91
2020-05-11,US,Pennsylvania,Clarion,23,1,0,41.19265812,-79.42413524,42031.0,22,23,1,0,22,23,38779,0,0,0,0,0
2020-05-11,US,Pennsylvania,Clearfield,25,0,0,41.00110782,-78.47592663,42033.0,25,25,0,0,25,24,79388,0,0,0,0,1
2020-05-11,US,Pennsylvania,Clinton,41,0,0,41.23255967,-77.63785995,42035.0,41,41,0,0,41,41,38684,0,0,0,0,0
2020-05-11,US,Pennsylvania,Columbia,328,28,0,41.04821986,-76.40565017,42037.0,300,324,28,0,296,323,65456,4,0,0,4,1
2020-05-11,US,Pennsylvania,Crawford,21,0,0,41.68447709,-80.10760592,42039.0,21,20,0,0,20,20,85063,1,0,0,1,0
2020-05-11,US,Pennsylvania,Cumberland,451,33,0,40.1625372,-77.26130755,42041.0,418,434,33,0,401,425,251423,17,0,0,17,9
2020-05-11,US,Pennsylvania,Dauphin,830,36,0,40.41377078,-76.77993242,42043.0,794,823,36,0,787,797,277097,7,0,0,7,26
2020-05-11,US,Pennsylvania,Delaware,5046,399,0,39.91680171,-75.40243663,42045.0,4647,4976,395,0,4581,4836,564751,70,4,0,66,140
2020-05-11,US,Pennsylvania,Elk,5,1,0,41.42822061,-78.64524744,42047.0,4,5,1,0,4,5,30169,0,0,0,0,0
2020-05-11,US,Pennsylvania,Erie,123,2,0,41.99253829,-80.03301954,42049.0,121,124,2,0,122,120,272061,-1,0,0,-1,4
2020-05-11,US,Pennsylvania,Fayette,85,4,0,39.92041012,-79.64291195,42051.0,81,85,4,0,81,85,130441,0,0,0,0,0
2020-05-11,US,Pennsylvania,Forest,7,0,0,41.51095103,-79.23229292,42053.0,7,7,0,0,7,7,7279,0,0,0,0,0
2020-05-11,US,Pennsylvania,Franklin,513,12,0,39.92956518,-77.72157791,42055.0,501,493,12,0,481,478,154835,20,0,0,20,15
2020-05-11,US,Pennsylvania,Fulton,8,0,0,39.92913544,-78.11163677,42057.0,8,8,0,0,8,8,14523,0,0,0,0,0
2020-05-11,US,Pennsylvania,Greene,27,1,0,39.85746531,-80.22357106,42059.0,26,27,1,0,26,27,36506,0,0,0,0,0
2020-05-11,US,Pennsylvania,Huntingdon,187,0,0,40.42162652,-77.97673273,42061.0,187,181,0,0,181,119,45168,6,0,0,6,62
2020-05-11,US,Pennsylvania,Indiana,76,5,0,40.65241041,-79.08963285,42063.0,71,76,5,0,71,76,84501,0,0,0,0,0
2020-05-11,US,Pennsylvania,Jefferson,7,0,0,41.12913106,-78.9986361,42065.0,7,7,0,0,7,7,43641,0,0,0,0,0
2020-05-11,US,Pennsylvania,Juniata,93,1,0,40.53358749,-77.39975129999998,42067.0,92,93,1,0,92,93,24704,0,0,0,0,0
2020-05-11,US,Pennsylvania,Lackawanna,1187,117,0,41.43564672,-75.60379201,42069.0,1070,1172,117,0,1055,1134,210793,15,0,0,15,38
2020-05-11,US,Pennsylvania,Lancaster,2256,233,0,40.03904563,-76.24770128,42071.0,2023,2223,228,0,1995,2185,543557,33,5,0,28,38
2020-05-11,US,Pennsylvania,Lawrence,70,7,0,40.99206278,-80.33393706,42073.0,63,70,7,0,63,69,86184,0,0,0,0,1
2020-05-11,US,Pennsylvania,Lebanon,815,16,0,40.36680311,-76.45651841,42075.0,799,811,16,0,795,805,141314,4,0,0,4,6
2020-05-11,US,Pennsylvania,Lehigh,3259,121,0,40.6154815,-75.59435245,42077.0,3138,3241,121,0,3120,3169,368100,18,0,0,18,72
2020-05-11,US,Pennsylvania,Luzerne,2426,112,0,41.17823008,-75.98447579,42079.0,2314,2416,111,0,2305,2356,317646,10,1,0,9,60
2020-05-11,US,Pennsylvania,Lycoming,132,4,0,41.34310539,-77.06629984,42081.0,128,131,4,0,127,127,113664,1,0,0,1,4
2020-05-11,US,Pennsylvania,McKean,6,1,0,41.80938602,-78.56478358,42083.0,5,6,1,0,5,6,40968,0,0,0,0,0
2020-05-11,US,Pennsylvania,Mercer,75,2,0,41.30248872,-80.25816981,42085.0,73,73,2,0,71,73,110683,2,0,0,2,0
2020-05-11,US,Pennsylvania,Mifflin,52,0,0,40.61116939,-77.61070738,42087.0,52,52,0,0,52,50,46222,0,0,0,0,2
2020-05-11,US,Pennsylvania,Monroe,1224,64,0,41.05934058,-75.34031025,42089.0,1160,1218,64,0,1154,1206,169507,6,0,0,6,12
2020-05-11,US,Pennsylvania,Montgomery,5292,525,0,40.21053671,-75.36652296,42091.0,4767,5260,525,0,4735,5116,828604,32,0,0,32,144
2020-05-11,US,Pennsylvania,Montour,49,0,0,41.03023987,-76.66345939,42093.0,49,49,0,0,49,49,18240,0,0,0,0,0
2020-05-11,US,Pennsylvania,Northampton,2465,160,0,40.75182733,-75.30471829,42095.0,2305,2453,158,0,2295,2429,304807,12,2,0,10,24
2020-05-11,US,Pennsylvania,Northumberland,125,0,0,40.84785433,-76.70798222,42097.0,125,124,0,0,124,119,91083,1,0,0,1,5
2020-05-11,US,Pennsylvania,Perry,35,1,0,40.40206612,-77.26297447,42099.0,34,35,1,0,34,34,46139,0,0,0,0,1
2020-05-11,US,Pennsylvania,Philadelphia,18313,893,0,40.00338507,-75.1379271,42101.0,17420,18211,894,0,17317,17881,1584138,102,-1,0,103,330
2020-05-11,US,Pennsylvania,Pike,433,21,0,41.33155042,-75.03208106,42103.0,412,432,21,0,411,427,55933,1,0,0,1,5
2020-05-11,US,Pennsylvania,Potter,4,0,0,41.74471626,-77.89559864,42105.0,4,4,0,0,4,4,16622,0,0,0,0,0
2020-05-11,US,Pennsylvania,Schuylkill,453,13,0,40.70497338,-76.2150785,42107.0,440,451,13,0,438,437,142067,2,0,0,2,14
2020-05-11,US,Pennsylvania,Snyder,33,1,0,40.77129231,-77.06840691,42109.0,32,33,1,0,32,33,40540,0,0,0,0,0
2020-05-11,US,Pennsylvania,Somerset,32,1,0,39.97172723,-79.02699593,42111.0,31,32,1,0,31,32,73952,0,0,0,0,0
2020-05-11,US,Pennsylvania,Sullivan,1,0,0,41.44634738,-76.51246591,42113.0,1,1,0,0,1,1,6071,0,0,0,0,0
2020-05-11,US,Pennsylvania,Susquehanna,81,13,0,41.82147784,-75.80071959,42115.0,68,81,13,0,68,81,40589,0,0,0,0,0
2020-05-11,US,Pennsylvania,Tioga,16,1,0,41.77255149,-77.25433032,42117.0,15,16,1,0,15,16,40763,0,0,0,0,0
2020-05-11,US,Pennsylvania,Union,41,1,0,40.96188846,-77.05996014,42119.0,40,40,1,0,39,40,44785,1,0,0,1,0
2020-05-11,US,Pennsylvania,Venango,7,0,0,41.40323442,-79.75845449,42121.0,7,7,0,0,7,7,51266,0,0,0,0,0
2020-05-11,US,Pennsylvania,Warren,1,0,0,41.81304978,-79.26969577,42123.0,1,1,0,0,1,1,39498,0,0,0,0,0
2020-05-11,US,Pennsylvania,Washington,124,4,0,40.19208869,-80.24582867,42125.0,120,124,4,0,120,124,207346,0,0,0,0,0
2020-05-11,US,Pennsylvania,Wayne,117,5,0,41.64938475,-75.29956506,42127.0,112,117,5,0,112,116,51276,0,0,0,0,1
2020-05-11,US,Pennsylvania,Westmoreland,418,30,0,40.31377979999999,-79.46615476,42129.0,388,417,30,0,387,415,350611,1,0,0,1,2
2020-05-11,US,Pennsylvania,Wyoming,30,3,0,41.51955538,-76.01074915,42131.0,27,30,2,0,28,30,27046,0,1,0,-1,0
2020-05-11,US,Pennsylvania,York,784,13,0,39.9210089,-76.73040131,42133.0,771,773,13,0,760,767,448273,11,0,0,11,6
2020-05-11,US,Rhode Island,Bristol,171,0,0,41.71018079,-71.28652315,44001.0,171,154,0,0,154,154,48649,17,0,0,17,0
2020-05-11,US,Rhode Island,Kent,859,0,0,41.67106337,-71.57641596,44003.0,859,703,0,0,703,703,163861,156,0,0,156,0
2020-05-11,US,Rhode Island,Newport,182,0,0,41.5642026,-71.26569799,44005.0,182,161,0,0,161,161,82542,21,0,0,21,0
2020-05-11,US,Rhode Island,Providence,8674,0,0,41.87064746,-71.57753536,44007.0,8674,7138,0,0,7138,7138,636084,1536,0,0,1536,0
2020-05-11,US,Rhode Island,Unassigned,1158,430,0,0.0,0.0,90044.0,728,2755,422,0,2333,2470,,-1597,8,0,-1605,285
2020-05-11,US,Rhode Island,Washington,406,0,0,41.45961631,-71.61435303,44009.0,406,363,0,0,363,363,126179,43,0,0,43,0
2020-05-11,US,South Carolina,Abbeville,34,0,0,34.22333378,-82.46170658,45001.0,34,34,0,0,34,34,24541,0,0,0,0,0
2020-05-11,US,South Carolina,Aiken,119,6,0,33.54338026,-81.63645384,45003.0,113,118,6,0,112,116,169401,1,0,0,1,2
2020-05-11,US,South Carolina,Allendale,26,3,0,32.98837386,-81.35321066,45005.0,23,25,3,0,22,24,8903,1,0,0,1,1
2020-05-11,US,South Carolina,Anderson,186,8,0,34.51828081,-82.63959517,45007.0,178,185,8,0,177,184,200482,1,0,0,1,1
2020-05-11,US,South Carolina,Bamberg,16,0,0,33.21927586,-81.05659969,45009.0,16,16,0,0,16,15,14275,0,0,0,0,1
2020-05-11,US,South Carolina,Barnwell,33,0,0,33.26679302,-81.43584352,45011.0,33,33,0,0,33,33,21112,0,0,0,0,0
2020-05-11,US,South Carolina,Beaufort,280,12,0,32.39226291,-80.72619758,45013.0,268,279,12,0,267,273,188715,1,0,0,1,6
2020-05-11,US,South Carolina,Berkeley,195,15,0,33.20222596,-79.94654523,45015.0,180,192,15,0,177,192,221091,3,0,0,3,0
2020-05-11,US,South Carolina,Calhoun,8,1,0,33.66926881,-80.77722168,45017.0,7,8,1,0,7,8,14520,0,0,0,0,0
2020-05-11,US,South Carolina,Charleston,491,11,0,32.82487866,-79.96512315,45019.0,480,481,10,0,471,482,405905,10,1,0,9,-1
2020-05-11,US,South Carolina,Cherokee,22,0,0,35.05122251,-81.61828622,45021.0,22,22,0,0,22,22,57078,0,0,0,0,0
2020-05-11,US,South Carolina,Chester,40,0,0,34.69249168,-81.1583216,45023.0,40,38,0,0,38,39,32251,2,0,0,2,-1
2020-05-11,US,South Carolina,Chesterfield,80,1,0,34.64137396,-80.15640140000002,45025.0,79,79,1,0,78,75,45754,1,0,0,1,4
2020-05-11,US,South Carolina,Clarendon,265,27,0,33.66610974,-80.21647898,45027.0,238,263,26,0,237,262,33700,2,1,0,1,1
2020-05-11,US,South Carolina,Colleton,32,4,0,32.87582989,-80.67641292,45029.0,28,32,4,0,28,32,37660,0,0,0,0,0
2020-05-11,US,South Carolina,Darlington,179,3,0,34.33358335,-79.96027485,45031.0,176,174,3,0,171,173,66802,5,0,0,5,1
2020-05-11,US,South Carolina,Dillon,102,0,0,34.39007791,-79.37741872,45033.0,102,95,0,0,95,88,30599,7,0,0,7,7
2020-05-11,US,South Carolina,Dorchester,108,3,0,33.0794369,-80.40502652,45035.0,105,106,3,0,103,105,160647,2,0,0,2,1
2020-05-11,US,South Carolina,Edgefield,39,2,0,33.77221995,-81.96231108,45037.0,37,39,2,0,37,39,27052,0,0,0,0,0
2020-05-11,US,South Carolina,Fairfield,81,5,0,34.39287073,-81.1195624,45039.0,76,80,4,0,76,80,22402,1,1,0,0,0
2020-05-11,US,South Carolina,Florence,444,23,0,34.02361754,-79.70189312,45041.0,421,424,20,0,404,412,138159,20,3,0,17,12
2020-05-11,US,South Carolina,Georgetown,51,3,0,33.43443342,-79.33202141,45043.0,48,50,3,0,47,50,62249,1,0,0,1,0
2020-05-11,US,South Carolina,Greenville,946,45,0,34.89502264,-82.37295012,45045.0,901,933,45,0,888,912,514213,13,0,0,13,21
2020-05-11,US,South Carolina,Greenwood,63,0,0,34.15272415,-82.12715789,45047.0,63,62,0,0,62,62,70741,1,0,0,1,0
2020-05-11,US,South Carolina,Hampton,28,1,0,32.77419582,-81.13845571,45049.0,27,28,0,0,28,27,19351,0,1,0,-1,1
2020-05-11,US,South Carolina,Horry,267,18,0,33.9212828,-78.99555293,45051.0,249,262,18,0,244,256,344147,5,0,0,5,6
2020-05-11,US,South Carolina,Jasper,25,1,0,32.43171982,-81.02487495,45053.0,24,25,1,0,24,23,28971,0,0,0,0,2
2020-05-11,US,South Carolina,Kershaw,257,12,0,34.33988254,-80.58763164,45055.0,245,253,12,0,241,253,65592,4,0,0,4,0
2020-05-11,US,South Carolina,Lancaster,111,5,0,34.68270843,-80.70513032,45057.0,106,110,4,0,106,104,95380,1,1,0,0,6
2020-05-11,US,South Carolina,Laurens,48,2,0,34.48244419,-82.00490796,45059.0,46,47,2,0,45,46,66994,1,0,0,1,1
2020-05-11,US,South Carolina,Lee,115,8,0,34.16393091,-80.25690731,45061.0,107,106,8,0,98,99,17142,9,0,0,9,7
2020-05-11,US,South Carolina,Lexington,484,24,0,33.89665987,-81.27146426,45063.0,460,478,21,0,457,472,295032,6,3,0,3,6
2020-05-11,US,South Carolina,Marion,49,3,0,34.07859748,-79.36400756,45067.0,46,48,3,0,45,47,31039,1,0,0,1,1
2020-05-11,US,South Carolina,Marlboro,59,1,0,34.59905577,-79.67561152,45069.0,58,57,1,0,56,57,26398,2,0,0,2,0
2020-05-11,US,South Carolina,McCormick,7,1,0,33.90161443,-82.30794338,45065.0,6,7,1,0,6,7,9410,0,0,0,0,0
2020-05-11,US,South Carolina,Newberry,31,1,0,34.28629098,-81.59935761,45071.0,30,31,1,0,30,31,38520,0,0,0,0,0
2020-05-11,US,South Carolina,Oconee,37,0,0,34.75225169,-83.06742317,45073.0,37,37,0,0,37,37,78374,0,0,0,0,0
2020-05-11,US,South Carolina,Orangeburg,101,2,0,33.4391073,-80.79886287,45075.0,99,101,2,0,99,99,86934,0,0,0,0,2
2020-05-11,US,South Carolina,Pickens,73,1,0,34.88807695,-82.72791551,45077.0,72,73,1,0,72,68,124937,0,0,0,0,5
2020-05-11,US,South Carolina,Richland,1119,57,0,34.01791263,-80.90267209,45079.0,1062,1100,54,0,1046,1082,414576,19,3,0,16,18
2020-05-11,US,South Carolina,Saluda,90,0,0,34.00795823,-81.72713237,45081.0,90,87,0,0,87,86,20544,3,0,0,3,1
2020-05-11,US,South Carolina,Spartanburg,346,12,0,34.92960077,-81.99225984,45083.0,334,343,12,0,331,336,313888,3,0,0,3,7
2020-05-11,US,South Carolina,Sumter,290,13,0,33.91826534,-80.37942316,45085.0,277,287,12,0,275,286,106512,3,1,0,2,1
2020-05-11,US,South Carolina,Union,31,0,0,34.68835752,-81.61730349,45087.0,31,30,0,0,30,30,27410,1,0,0,1,0
2020-05-11,US,South Carolina,Williamsburg,142,7,0,33.62190129,-79.72767442,45089.0,135,137,7,0,130,136,30606,5,0,0,5,1
2020-05-11,US,South Carolina,York,242,5,0,34.97281497,-81.18085944,45091.0,237,238,5,0,233,237,274118,4,0,0,4,1
2020-05-11,US,South Dakota,Aurora,2,0,0,43.71757685,-98.56050467,46003.0,2,2,0,0,2,1,2801,0,0,0,0,1
2020-05-11,US,South Dakota,Beadle,21,2,0,44.41464384,-98.27858469,46005.0,19,21,2,0,19,21,18883,0,0,0,0,0
2020-05-11,US,South Dakota,Bon Homme,4,0,0,42.98914167,-97.88592746,46009.0,4,4,0,0,4,4,6980,0,0,0,0,0
2020-05-11,US,South Dakota,Brookings,14,0,0,44.36974375,-96.79079945,46011.0,14,14,0,0,14,14,35232,0,0,0,0,0
2020-05-11,US,South Dakota,Brown,127,0,0,45.58994323,-98.35165355,46013.0,127,120,0,0,120,110,39316,7,0,0,7,10
2020-05-11,US,South Dakota,Buffalo,1,0,0,44.07657829,-99.20814467,46017.0,1,1,0,0,1,1,2036,0,0,0,0,0
2020-05-11,US,South Dakota,Charles Mix,5,0,0,43.20660134,-98.58856175,46023.0,5,5,0,0,5,5,9338,0,0,0,0,0
2020-05-11,US,South Dakota,Clark,2,0,0,44.85834507,-97.72925109,46025.0,2,2,0,0,2,2,3739,0,0,0,0,0
2020-05-11,US,South Dakota,Clay,9,0,0,42.91296147,-96.97656917,46027.0,9,9,0,0,9,9,14041,0,0,0,0,0
2020-05-11,US,South Dakota,Codington,15,0,0,44.97788119,-97.18827677,46029.0,15,15,0,0,15,15,28015,0,0,0,0,0
2020-05-11,US,South Dakota,Corson,1,0,0,45.70889983,-101.1970473,46031.0,1,1,0,0,1,1,4165,0,0,0,0,0
2020-05-11,US,South Dakota,Davison,7,0,0,43.67490933,-98.14458906,46035.0,7,7,0,0,7,7,19790,0,0,0,0,0
2020-05-11,US,South Dakota,Day,10,0,0,45.367281,-97.60737498,46037.0,10,10,0,0,10,10,5505,0,0,0,0,0
2020-05-11,US,South Dakota,Deuel,1,0,0,44.75994309,-96.66943645,46039.0,1,1,0,0,1,1,4337,0,0,0,0,0
2020-05-11,US,South Dakota,Douglas,1,0,0,43.38520741,-98.36978007,46043.0,1,1,0,0,1,1,2935,0,0,0,0,0
2020-05-11,US,South Dakota,Fall River,2,0,0,43.23929297,-103.5275691,46047.0,2,2,0,0,2,2,6758,0,0,0,0,0
2020-05-11,US,South Dakota,Faulk,1,0,0,45.07082625,-99.14535601,46049.0,1,1,0,0,1,1,2330,0,0,0,0,0
2020-05-11,US,South Dakota,Grant,3,0,0,45.1723937,-96.77002276,46051.0,3,3,0,0,3,2,7147,0,0,0,0,1
2020-05-11,US,South Dakota,Hamlin,2,0,0,44.67385954,-97.18829593,46057.0,2,2,0,0,2,2,6111,0,0,0,0,0
2020-05-11,US,South Dakota,Hand,1,0,0,44.54708407,-99.00386459,46059.0,1,1,0,0,1,1,3262,0,0,0,0,0
2020-05-11,US,South Dakota,Hughes,15,0,0,44.39091534,-99.99661148,46065.0,15,15,0,0,15,15,17650,0,0,0,0,0
2020-05-11,US,South Dakota,Hutchinson,3,0,0,43.33449012,-97.75536441,46067.0,3,3,0,0,3,3,7380,0,0,0,0,0
2020-05-11,US,South Dakota,Hyde,1,0,0,44.54747703,-99.48572582,46069.0,1,1,0,0,1,1,1282,0,0,0,0,0
2020-05-11,US,South Dakota,Jerauld,6,1,0,44.06637798,-98.62965972,46073.0,5,6,1,0,5,6,2043,0,0,0,0,0
2020-05-11,US,South Dakota,Lake,5,0,0,44.02193107,-97.12926365,46079.0,5,5,0,0,5,5,13057,0,0,0,0,0
2020-05-11,US,South Dakota,Lawrence,9,0,0,44.35919441,-103.79294279999999,46081.0,9,9,0,0,9,9,25741,0,0,0,0,0
2020-05-11,US,South Dakota,Lincoln,191,0,0,43.27841182,-96.72039050000001,46083.0,191,188,0,0,188,186,58807,3,0,0,3,2
2020-05-11,US,South Dakota,Lyman,3,0,0,43.89522709,-99.85201878,46085.0,3,3,0,0,3,3,3821,0,0,0,0,0
2020-05-11,US,South Dakota,Marshall,1,0,0,45.75870838,-97.59855639,46091.0,1,1,0,0,1,1,5112,0,0,0,0,0
2020-05-11,US,South Dakota,McCook,4,1,0,43.6742571,-97.36863144,46087.0,3,4,1,0,3,4,5546,0,0,0,0,0
2020-05-11,US,South Dakota,McPherson,1,0,0,45.76626028,-99.22118798,46089.0,1,1,0,0,1,1,2407,0,0,0,0,0
2020-05-11,US,South Dakota,Meade,4,0,0,44.56676791,-102.71627409999999,46093.0,4,3,0,0,3,3,28294,1,0,0,1,0
2020-05-11,US,South Dakota,Miner,1,0,0,44.02197882,-97.60992207,46097.0,1,1,0,0,1,1,2213,0,0,0,0,0
2020-05-11,US,South Dakota,Minnehaha,2952,29,0,43.67441641,-96.7910885,46099.0,2923,2867,29,0,2838,2767,192876,85,0,0,85,100
2020-05-11,US,South Dakota,Moody,14,0,0,44.02266214,-96.67081159,46101.0,14,14,0,0,14,14,6579,0,0,0,0,0
2020-05-11,US,South Dakota,Oglala Lakota,1,0,0,43.33749164,-102.55554980000001,46102.0,1,1,0,0,1,1,14309,0,0,0,0,0
2020-05-11,US,South Dakota,Pennington,27,1,0,44.0025835,-102.8240777,46103.0,26,26,1,0,25,19,111729,1,0,0,1,7
2020-05-11,US,South Dakota,Roberts,14,0,0,45.62975048,-96.94672673,46109.0,14,14,0,0,14,13,10447,0,0,0,0,1
2020-05-11,US,South Dakota,Sanborn,3,0,0,44.02351092,-98.09098159999999,46111.0,3,3,0,0,3,3,2429,0,0,0,0,0
2020-05-11,US,South Dakota,Spink,4,0,0,44.93837606,-98.34626602,46115.0,4,4,0,0,4,4,6495,0,0,0,0,0
2020-05-11,US,South Dakota,Stanley,8,0,0,44.41381872,-100.7349153,46117.0,8,9,0,0,9,9,3022,-1,0,0,-1,0
2020-05-11,US,South Dakota,Sully,1,0,0,44.71571812,-100.1278092,46119.0,1,1,0,0,1,1,1392,0,0,0,0,0
2020-05-11,US,South Dakota,Todd,10,0,0,43.19338568,-100.71955030000001,46121.0,10,9,0,0,9,8,10283,1,0,0,1,1
2020-05-11,US,South Dakota,Turner,18,0,0,43.3109081,-97.14865776,46125.0,18,18,0,0,18,18,8424,0,0,0,0,0
2020-05-11,US,South Dakota,Union,53,0,0,42.83112163,-96.6557828,46127.0,53,53,0,0,53,53,15619,0,0,0,0,0
2020-05-11,US,South Dakota,Walworth,5,0,0,45.43019636,-100.03075140000001,46129.0,5,5,0,0,5,5,5587,0,0,0,0,0
2020-05-11,US,South Dakota,Yankton,30,0,0,43.00924485,-97.39467635,46135.0,30,30,0,0,30,29,22869,0,0,0,0,1
2020-05-11,US,South Dakota,Ziebach,1,0,0,44.97881876,-101.6654622,46137.0,1,1,0,0,1,1,2742,0,0,0,0,0
2020-05-11,US,Tennessee,Anderson,33,1,0,36.12684348,-84.19965764,47001.0,32,31,1,0,30,31,76482,2,0,0,2,0
2020-05-11,US,Tennessee,Bedford,238,3,0,35.51123746,-86.45549096,47003.0,235,237,3,0,234,231,49038,1,0,0,1,6
2020-05-11,US,Tennessee,Benton,6,1,0,36.07110411,-88.06849355,47005.0,5,6,1,0,5,6,16184,0,0,0,0,0
2020-05-11,US,Tennessee,Bledsoe,604,0,0,35.59942968,-85.20611967,47007.0,604,604,0,0,604,604,14755,0,0,0,0,0
2020-05-11,US,Tennessee,Blount,72,3,0,35.68938198,-83.92847788,47009.0,69,71,3,0,68,71,131349,1,0,0,1,0
2020-05-11,US,Tennessee,Bradley,72,1,0,35.15739424,-84.857186,47011.0,71,69,1,0,68,69,106727,3,0,0,3,0
2020-05-11,US,Tennessee,Campbell,17,1,0,36.40355516,-84.15108559999999,47013.0,16,17,1,0,16,16,39583,0,0,0,0,1
2020-05-11,US,Tennessee,Cannon,13,0,0,35.80990797,-86.05738983,47015.0,13,13,0,0,13,13,14462,0,0,0,0,0
2020-05-11,US,Tennessee,Carroll,21,1,0,35.97366108,-88.45189331,47017.0,20,19,1,0,18,18,28020,2,0,0,2,1
2020-05-11,US,Tennessee,Carter,18,1,0,36.28969086,-82.12588974,47019.0,17,18,1,0,17,18,56351,0,0,0,0,0
2020-05-11,US,Tennessee,Cheatham,66,0,0,36.26136216,-87.08903581,47021.0,66,63,0,0,63,61,40439,3,0,0,3,2
2020-05-11,US,Tennessee,Chester,12,0,0,35.42527478,-88.6095842,47023.0,12,12,0,0,12,12,17276,0,0,0,0,0
2020-05-11,US,Tennessee,Claiborne,7,0,0,36.48319149,-83.65947309,47025.0,7,7,0,0,7,7,31756,0,0,0,0,0
2020-05-11,US,Tennessee,Clay,6,0,0,36.55151008,-85.53930419,47027.0,6,6,0,0,6,6,7717,0,0,0,0,0
2020-05-11,US,Tennessee,Cocke,18,0,0,35.9278914,-83.11828725,47029.0,18,17,0,0,17,17,35774,1,0,0,1,0
2020-05-11,US,Tennessee,Coffee,54,0,0,35.49090731,-86.07311784,47031.0,54,53,0,0,53,52,55700,1,0,0,1,1
2020-05-11,US,Tennessee,Crockett,12,0,0,35.81830662,-89.14916269,47033.0,12,9,0,0,9,9,14328,3,0,0,3,0
2020-05-11,US,Tennessee,Cumberland,84,1,0,35.95271721,-84.99840585,47035.0,83,85,1,0,84,85,59673,-1,0,0,-1,0
2020-05-11,US,Tennessee,Davidson,3465,32,0,36.17007426,-86.78646056,47037.0,3433,3401,31,0,3370,3358,692587,64,1,0,63,43
2020-05-11,US,Tennessee,DeKalb,28,0,0,35.97616272,-85.83689361,47041.0,28,27,0,0,27,27,20138,1,0,0,1,0
2020-05-11,US,Tennessee,Decatur,4,0,0,35.60048904,-88.11043779,47039.0,4,4,0,0,4,4,11706,0,0,0,0,0
2020-05-11,US,Tennessee,Dickson,86,0,0,36.14669837,-87.35891709,47043.0,86,86,0,0,86,85,53446,0,0,0,0,1
2020-05-11,US,Tennessee,Dyer,43,0,0,36.05931946,-89.41542855,47045.0,43,41,0,0,41,41,37320,2,0,0,2,0
2020-05-11,US,Tennessee,Fayette,80,1,0,35.19615831,-89.41399032,47047.0,79,79,1,0,78,77,40507,1,0,0,1,2
2020-05-11,US,Tennessee,Fentress,6,0,0,36.38128818,-84.92870012,47049.0,6,6,0,0,6,6,18217,0,0,0,0,0
2020-05-11,US,Tennessee,Franklin,41,1,0,35.15634626,-86.09201039,47051.0,40,40,1,0,39,40,41890,1,0,0,1,0
2020-05-11,US,Tennessee,Gibson,56,1,0,35.99438059,-88.93358327,47053.0,55,54,1,0,53,53,49045,2,0,0,2,1
2020-05-11,US,Tennessee,Giles,9,0,0,35.20222469,-87.03992678,47055.0,9,9,0,0,9,9,29503,0,0,0,0,0
2020-05-11,US,Tennessee,Grainger,6,0,0,36.27469206,-83.51254721,47057.0,6,6,0,0,6,6,23145,0,0,0,0,0
2020-05-11,US,Tennessee,Greene,46,2,0,36.17470125,-82.84691273,47059.0,44,46,2,0,44,44,69087,0,0,0,0,2
2020-05-11,US,Tennessee,Grundy,30,1,0,35.38433717,-85.72142731,47061.0,29,30,1,0,29,30,13346,0,0,0,0,0
2020-05-11,US,Tennessee,Hamblen,21,2,0,36.21990035,-83.26586179,47063.0,19,21,2,0,19,21,64569,0,0,0,0,0
2020-05-11,US,Tennessee,Hamilton,240,13,0,35.17670231,-85.16652245,47065.0,227,233,13,0,220,232,364286,7,0,0,7,1
2020-05-11,US,Tennessee,Hardeman,171,0,0,35.20772017,-88.99161161,47069.0,171,151,0,0,151,116,25220,20,0,0,20,35
2020-05-11,US,Tennessee,Hardin,8,0,0,35.19732531,-88.18593755,47071.0,8,8,0,0,8,7,25776,0,0,0,0,1
2020-05-11,US,Tennessee,Hawkins,31,2,0,36.44355426,-82.94885298,47073.0,29,31,2,0,29,31,56530,0,0,0,0,0
2020-05-11,US,Tennessee,Haywood,26,1,0,35.58332824,-89.28536625,47075.0,25,26,1,0,25,26,17335,0,0,0,0,0
2020-05-11,US,Tennessee,Henderson,10,0,0,35.65581134,-88.38600175,47077.0,10,10,0,0,10,10,27847,0,0,0,0,0
2020-05-11,US,Tennessee,Henry,15,0,0,36.33160906,-88.30121797,47079.0,15,15,0,0,15,15,32358,0,0,0,0,0
2020-05-11,US,Tennessee,Hickman,52,0,0,35.80609681,-87.47643507,47081.0,52,52,0,0,52,49,25063,0,0,0,0,3
2020-05-11,US,Tennessee,Houston,6,0,0,36.28872054,-87.71878828,47083.0,6,6,0,0,6,6,8263,0,0,0,0,0
2020-05-11,US,Tennessee,Humphreys,12,1,0,36.03958805,-87.77992872,47085.0,11,12,1,0,11,11,18486,0,0,0,0,1
2020-05-11,US,Tennessee,Jackson,10,0,0,36.36380466,-85.67239905,47087.0,10,10,0,0,10,8,11758,0,0,0,0,2
2020-05-11,US,Tennessee,Jefferson,26,0,0,36.04818632,-83.45148924,47089.0,26,26,0,0,26,26,54012,0,0,0,0,0
2020-05-11,US,Tennessee,Johnson,5,0,0,36.45523950000001,-81.84886538,47091.0,5,5,0,0,5,5,17778,0,0,0,0,0
2020-05-11,US,Tennessee,Knox,280,5,0,35.99508821,-83.94635435,47093.0,275,263,5,0,258,262,465289,17,0,0,17,1
2020-05-11,US,Tennessee,Lake,61,0,0,36.34180170000001,-89.48921915,47095.0,61,59,0,0,59,59,7411,2,0,0,2,0
2020-05-11,US,Tennessee,Lauderdale,36,0,0,35.75893438,-89.63015909999999,47097.0,36,26,0,0,26,26,25825,10,0,0,10,0
2020-05-11,US,Tennessee,Lawrence,21,0,0,35.21675201,-87.39787695,47099.0,21,20,0,0,20,20,43734,1,0,0,1,0
2020-05-11,US,Tennessee,Lewis,2,0,0,35.52853208,-87.49022694,47101.0,2,2,0,0,2,2,12086,0,0,0,0,0
2020-05-11,US,Tennessee,Lincoln,16,0,0,35.13738622,-86.58910106,47103.0,16,16,0,0,16,16,34117,0,0,0,0,0
2020-05-11,US,Tennessee,Loudon,43,0,0,35.73939663,-84.31145275,47105.0,43,41,0,0,41,39,53054,2,0,0,2,2
2020-05-11,US,Tennessee,Macon,59,3,0,36.53157855,-86.00778595,47111.0,56,58,3,0,55,58,24265,1,0,0,1,0
2020-05-11,US,Tennessee,Madison,156,1,0,35.61181957,-88.84076036,47113.0,155,151,1,0,150,150,97605,5,0,0,5,1
2020-05-11,US,Tennessee,Marion,29,1,0,35.12997174,-85.62265895,47115.0,28,29,1,0,28,29,28575,0,0,0,0,0
2020-05-11,US,Tennessee,Marshall,24,1,0,35.45798777,-86.76420988,47117.0,23,24,1,0,23,24,33683,0,0,0,0,0
2020-05-11,US,Tennessee,Maury,55,0,0,35.618741299999996,-87.07462444,47119.0,55,55,0,0,55,55,94340,0,0,0,0,0
2020-05-11,US,Tennessee,McMinn,122,8,0,35.42812616,-84.61520715,47107.0,114,117,5,0,112,116,53285,5,3,0,2,1
2020-05-11,US,Tennessee,McNairy,11,0,0,35.17468549,-88.5647812,47109.0,11,11,0,0,11,11,25832,0,0,0,0,0
2020-05-11,US,Tennessee,Meigs,22,0,0,35.51558739,-84.81482914,47121.0,22,22,0,0,22,22,12306,0,0,0,0,0
2020-05-11,US,Tennessee,Monroe,31,1,0,35.44550387,-84.24902965,47123.0,30,28,1,0,27,30,46357,3,0,0,3,-2
2020-05-11,US,Tennessee,Montgomery,180,2,0,36.49609412,-87.38550661,47125.0,178,174,2,0,172,172,205950,6,0,0,6,2
2020-05-11,US,Tennessee,Moore,3,0,0,35.27724699,-86.36230578,47127.0,3,3,0,0,3,3,6411,0,0,0,0,0
2020-05-11,US,Tennessee,Morgan,12,0,0,36.13248031,-84.64880098,47129.0,12,12,0,0,12,10,21579,0,0,0,0,2
2020-05-11,US,Tennessee,Obion,16,1,0,36.35732446,-89.14921589,47131.0,15,16,1,0,15,16,30267,0,0,0,0,0
2020-05-11,US,Tennessee,Out of TN,395,6,0,0.0,0.0,80047.0,389,375,5,0,370,366,,20,1,0,19,9
2020-05-11,US,Tennessee,Overton,14,0,0,36.34117832,-85.28989535,47133.0,14,11,0,0,11,11,22068,3,0,0,3,0
2020-05-11,US,Tennessee,Perry,13,0,0,35.63708728,-87.86139634,47135.0,13,13,0,0,13,13,8064,0,0,0,0,0
2020-05-11,US,Tennessee,Pickett,1,0,0,36.55606529,-85.07763299999998,47137.0,1,1,0,0,1,,5082,0,0,0,0,
2020-05-11,US,Tennessee,Polk,12,0,0,35.12245443,-84.52075859,47139.0,12,12,0,0,12,12,16898,0,0,0,0,0
2020-05-11,US,Tennessee,Putnam,178,5,0,36.14005459,-85.50646123,47141.0,173,175,5,0,170,166,78843,3,0,0,3,9
2020-05-11,US,Tennessee,Rhea,6,0,0,35.60536161,-84.93076643,47143.0,6,6,0,0,6,6,33044,0,0,0,0,0
2020-05-11,US,Tennessee,Roane,8,0,0,35.84923189,-84.52458689,47145.0,8,8,0,0,8,8,53140,0,0,0,0,0
2020-05-11,US,Tennessee,Robertson,220,0,0,36.52454807,-86.87346725,47147.0,220,218,0,0,218,219,71012,2,0,0,2,-1
2020-05-11,US,Tennessee,Rutherford,745,14,0,35.84591405,-86.4107263,47149.0,731,725,14,0,711,720,324890,20,0,0,20,5
2020-05-11,US,Tennessee,Scott,11,0,0,36.42325673,-84.50360494,47151.0,11,11,0,0,11,11,22039,0,0,0,0,0
2020-05-11,US,Tennessee,Sequatchie,6,0,0,35.36979721,-85.41022136,47153.0,6,6,0,0,6,6,14876,0,0,0,0,0
2020-05-11,US,Tennessee,Sevier,65,2,0,35.78077323,-83.52244332,47155.0,63,65,2,0,63,65,97892,0,0,0,0,0
2020-05-11,US,Tennessee,Shelby,3372,70,0,35.1864775,-89.89692423,47157.0,3302,3260,68,0,3192,3189,935764,112,2,0,110,71
2020-05-11,US,Tennessee,Smith,24,1,0,36.25359775,-85.95411046,47159.0,23,24,1,0,23,24,19942,0,0,0,0,0
2020-05-11,US,Tennessee,Stewart,7,0,0,36.50235092,-87.83920548,47161.0,7,7,0,0,7,7,13561,0,0,0,0,0
2020-05-11,US,Tennessee,Sullivan,54,1,0,36.51240691,-82.30412917,47163.0,53,54,1,0,53,54,157668,0,0,0,0,0
2020-05-11,US,Tennessee,Sumner,699,38,0,36.46824103,-86.45917204,47165.0,661,698,38,0,660,693,187149,1,0,0,1,5
2020-05-11,US,Tennessee,Tipton,373,2,0,35.501942,-89.73694895,47167.0,371,159,2,0,157,158,61581,214,0,0,214,1
2020-05-11,US,Tennessee,Trousdale,1363,2,0,36.39026213,-86.16087954,47169.0,1361,1357,2,0,1355,1357,11012,6,0,0,6,0
2020-05-11,US,Tennessee,Unassigned,38,0,0,0.0,0.0,90047.0,38,34,0,0,34,33,,4,0,0,4,1
2020-05-11,US,Tennessee,Unicoi,3,0,0,36.10890856,-82.43709629,47171.0,3,3,0,0,3,2,17761,0,0,0,0,1
2020-05-11,US,Tennessee,Union,3,0,0,36.28590426,-83.83651902,47173.0,3,3,0,0,3,3,19688,0,0,0,0,0
2020-05-11,US,Tennessee,Van Buren,2,0,0,35.69864497,-85.45221699,47175.0,2,2,0,0,2,2,5765,0,0,0,0,0
2020-05-11,US,Tennessee,Warren,12,0,0,35.672829899999996,-85.77969117,47177.0,12,12,0,0,12,12,40878,0,0,0,0,0
2020-05-11,US,Tennessee,Washington,65,0,0,36.29472368,-82.49454720000001,47179.0,65,61,0,0,61,61,128607,4,0,0,4,0
2020-05-11,US,Tennessee,Wayne,3,0,0,35.23868267,-87.78644456,47181.0,3,3,0,0,3,3,16558,0,0,0,0,0
2020-05-11,US,Tennessee,Weakley,24,0,0,36.29896232,-88.71990865,47183.0,24,24,0,0,24,24,33415,0,0,0,0,0
2020-05-11,US,Tennessee,White,16,0,0,35.92929884,-85.45591799,47185.0,16,16,0,0,16,16,27107,0,0,0,0,0
2020-05-11,US,Tennessee,Williamson,445,10,0,35.89099229,-86.89281867,47187.0,435,443,10,0,433,441,231729,2,0,0,2,2
2020-05-11,US,Tennessee,Wilson,302,7,0,36.15496772,-86.29775884,47189.0,295,300,6,0,294,297,140625,2,1,0,1,3
2020-05-11,US,Texas,Anderson,41,0,0,31.81534745,-95.65354823,48001.0,41,41,0,0,41,41,58057,0,0,0,0,0
2020-05-11,US,Texas,Andrews,21,0,0,32.30468633,-102.63765479999999,48003.0,21,21,0,0,21,21,18128,0,0,0,0,0
2020-05-11,US,Texas,Angelina,100,0,0,31.25457347,-94.60901487,48005.0,100,100,0,0,100,100,87092,0,0,0,0,0
2020-05-11,US,Texas,Aransas,2,0,0,28.10556197,-96.9995047,48007.0,2,2,0,0,2,2,23792,0,0,0,0,0
2020-05-11,US,Texas,Armstrong,2,0,0,34.96507426,-101.35748740000001,48011.0,2,2,0,0,2,2,1892,0,0,0,0,0
2020-05-11,US,Texas,Atascosa,24,1,0,28.89333001,-98.52730485,48013.0,23,22,1,0,21,22,50310,2,0,0,2,0
2020-05-11,US,Texas,Austin,15,0,0,29.88548725,-96.27736949,48015.0,15,15,0,0,15,15,29989,0,0,0,0,0
2020-05-11,US,Texas,Bailey,3,0,0,34.06854817,-102.8299707,48017.0,3,3,0,0,3,2,7027,0,0,0,0,1
2020-05-11,US,Texas,Bandera,6,0,0,29.74619598,-99.24598147,48019.0,6,6,0,0,6,6,22824,0,0,0,0,0
2020-05-11,US,Texas,Bastrop,110,2,0,30.10370699,-97.31206354,48021.0,108,109,2,0,107,108,86976,1,0,0,1,1
2020-05-11,US,Texas,Bee,6,0,0,28.41761668,-97.74215593,48025.0,6,6,0,0,6,6,32587,0,0,0,0,0
2020-05-11,US,Texas,Bell,220,3,0,31.03736027,-97.4785025,48027.0,217,220,3,0,217,220,355642,0,0,0,0,0
2020-05-11,US,Texas,Bexar,1901,56,0,29.44928723,-98.52019748,48029.0,1845,1835,56,0,1779,1805,1986049,66,0,0,66,30
2020-05-11,US,Texas,Blanco,6,0,0,30.26640707,-98.3999852,48031.0,6,6,0,0,6,6,11702,0,0,0,0,0
2020-05-11,US,Texas,Bosque,5,0,0,31.89978581,-97.63613524,48035.0,5,5,0,0,5,5,18691,0,0,0,0,0
2020-05-11,US,Texas,Bowie,76,2,0,33.44626922,-94.41834132,48037.0,74,76,2,0,74,76,94324,0,0,0,0,0
2020-05-11,US,Texas,Brazoria,661,9,0,29.18757369,-95.44563172,48039.0,652,656,9,0,647,644,370200,5,0,0,5,12
2020-05-11,US,Texas,Brazos,271,18,0,30.663644800000004,-96.30205577,48041.0,253,265,18,0,247,256,226758,6,0,0,6,9
2020-05-11,US,Texas,Brewster,1,0,0,29.81008251,-103.25203259999999,48043.0,1,1,0,0,1,1,9267,0,0,0,0,0
2020-05-11,US,Texas,Briscoe,1,0,0,34.53026962,-101.2084947,48045.0,1,1,0,0,1,1,1516,0,0,0,0,0
2020-05-11,US,Texas,Brooks,1,0,0,27.03103197,-98.21808402,48047.0,1,1,0,0,1,1,7114,0,0,0,0,0
2020-05-11,US,Texas,Brown,38,6,0,31.77430356,-98.99907113,48049.0,32,38,6,0,32,38,37924,0,0,0,0,0
2020-05-11,US,Texas,Burleson,15,0,0,30.49273808,-96.62158484,48051.0,15,15,0,0,15,15,18389,0,0,0,0,0
2020-05-11,US,Texas,Burnet,26,0,0,30.78801353,-98.181887,48053.0,26,26,0,0,26,26,47542,0,0,0,0,0
2020-05-11,US,Texas,Caldwell,30,0,0,29.83668859,-97.61814775,48055.0,30,27,0,0,27,26,43247,3,0,0,3,1
2020-05-11,US,Texas,Calhoun,36,3,0,28.47048236,-96.61633945,48057.0,33,36,3,0,33,36,21561,0,0,0,0,0
2020-05-11,US,Texas,Callahan,6,1,0,32.29760619,-99.37326312,48059.0,5,6,1,0,5,6,13994,0,0,0,0,0
2020-05-11,US,Texas,Cameron,512,22,0,26.14524221,-97.48140372,48061.0,490,512,22,0,490,494,423908,0,0,0,0,18
2020-05-11,US,Texas,Camp,7,0,0,32.97195142,-94.97790104,48063.0,7,7,0,0,7,7,13033,0,0,0,0,0
2020-05-11,US,Texas,Carson,3,0,0,35.40365929,-101.35426690000001,48065.0,3,3,0,0,3,3,6005,0,0,0,0,0
2020-05-11,US,Texas,Cass,20,0,0,33.07499881,-94.34646905,48067.0,20,20,0,0,20,17,30119,0,0,0,0,3
2020-05-11,US,Texas,Castro,23,1,0,34.53016752,-102.2617243,48069.0,22,23,1,0,22,22,7665,0,0,0,0,1
2020-05-11,US,Texas,Chambers,50,0,0,29.70972016,-94.67154501,48071.0,50,49,0,0,49,48,42454,1,0,0,1,1
2020-05-11,US,Texas,Cherokee,20,1,0,31.837258000000002,-95.16559897,48073.0,19,20,1,0,19,20,52592,0,0,0,0,0
2020-05-11,US,Texas,Childress,2,0,0,34.529304100000004,-100.2077916,48075.0,2,2,0,0,2,1,7291,0,0,0,0,1
2020-05-11,US,Texas,Clay,3,0,0,33.78686685,-98.20771198,48077.0,3,3,0,0,3,3,10456,0,0,0,0,0
2020-05-11,US,Texas,Cochran,1,0,0,33.60425307,-102.82844990000001,48079.0,1,1,0,0,1,1,2836,0,0,0,0,0
2020-05-11,US,Texas,Coke,1,0,0,31.88911733,-100.5297533,48081.0,1,1,0,0,1,1,3370,0,0,0,0,0
2020-05-11,US,Texas,Coleman,2,0,0,31.76736834,-99.45240766,48083.0,2,2,0,0,2,2,8397,0,0,0,0,0
2020-05-11,US,Texas,Collin,918,28,0,33.18820114,-96.57264368,48085.0,890,918,28,0,890,887,1005146,0,0,0,0,31
2020-05-11,US,Texas,Collingsworth,4,0,0,34.96489496,-100.27001109999999,48087.0,4,4,0,0,4,1,2962,0,0,0,0,3
2020-05-11,US,Texas,Colorado,16,0,0,29.622097999999998,-96.5273805,48089.0,16,16,0,0,16,16,21217,0,0,0,0,0
2020-05-11,US,Texas,Comal,65,6,0,29.80811278,-98.27647225,48091.0,59,65,6,0,59,65,148373,0,0,0,0,0
2020-05-11,US,Texas,Comanche,3,1,0,31.94854689,-98.55876441,48093.0,2,3,1,0,2,3,13534,0,0,0,0,0
2020-05-11,US,Texas,Concho,1,0,0,31.32635934,-99.86473038,48095.0,1,1,0,0,1,1,4276,0,0,0,0,0
2020-05-11,US,Texas,Cooke,12,0,0,33.63979567,-97.21240912,48097.0,12,12,0,0,12,12,40574,0,0,0,0,0
2020-05-11,US,Texas,Coryell,208,2,0,31.39078397,-97.79936155,48099.0,206,208,2,0,206,207,74808,0,0,0,0,1
2020-05-11,US,Texas,Cottle,4,1,0,34.07783319,-100.27850620000001,48101.0,3,4,1,0,3,4,1389,0,0,0,0,0
2020-05-11,US,Texas,Crane,2,0,0,31.43052248,-102.5143314,48103.0,2,2,0,0,2,2,4794,0,0,0,0,0
2020-05-11,US,Texas,Crosby,2,1,0,33.61431553,-101.30003640000001,48107.0,1,2,1,0,1,2,5779,0,0,0,0,0
2020-05-11,US,Texas,Dallam,14,1,0,36.27787176,-102.60207249999999,48111.0,13,13,1,0,12,13,7200,1,0,0,1,0
2020-05-11,US,Texas,Dallas,6123,145,0,32.76670599,-96.77796049999999,48113.0,5978,5870,143,0,5727,5619,2637772,253,2,0,251,251
2020-05-11,US,Texas,Dawson,30,1,0,32.74255572,-101.94772420000001,48115.0,29,30,1,0,29,30,12619,0,0,0,0,0
2020-05-11,US,Texas,DeWitt,15,1,0,29.08101855,-97.35681170000001,48123.0,14,15,1,0,14,15,20187,0,0,0,0,0
2020-05-11,US,Texas,Deaf Smith,59,0,0,34.96522957,-102.6054267,48117.0,59,59,0,0,59,46,18760,0,0,0,0,13
2020-05-11,US,Texas,Delta,1,0,0,33.38570922,-95.66921122,48119.0,1,1,0,0,1,1,5349,0,0,0,0,0
2020-05-11,US,Texas,Denton,922,25,0,33.20521901,-97.11691153,48121.0,897,914,25,0,889,902,859064,8,0,0,8,12
2020-05-11,US,Texas,Dickens,1,0,0,33.61616822,-100.7788855,48125.0,1,1,0,0,1,1,2249,0,0,0,0,0
2020-05-11,US,Texas,Dimmit,1,0,0,28.42270064,-99.75645095,48127.0,1,1,0,0,1,1,10308,0,0,0,0,0
2020-05-11,US,Texas,Donley,26,0,0,34.96517499,-100.8140093,48129.0,26,26,0,0,26,25,3319,0,0,0,0,1
2020-05-11,US,Texas,Duval,5,0,0,27.68184592,-98.50864568,48131.0,5,5,0,0,5,5,11212,0,0,0,0,0
2020-05-11,US,Texas,Eastland,3,0,0,32.32743996,-98.83243566,48133.0,3,3,0,0,3,3,18322,0,0,0,0,0
2020-05-11,US,Texas,Ector,99,4,0,31.86898877,-102.54294279999999,48135.0,95,95,4,0,91,95,162124,4,0,0,4,0
2020-05-11,US,Texas,El Paso,1340,33,0,31.76980765,-106.23632749999999,48141.0,1307,1322,32,0,1290,1276,840758,18,1,0,17,46
2020-05-11,US,Texas,Ellis,211,11,0,32.34894117,-96.79371841,48139.0,200,202,11,0,191,202,179436,9,0,0,9,0
2020-05-11,US,Texas,Erath,14,1,0,32.23602653,-98.21773417,48143.0,13,14,1,0,13,14,42446,0,0,0,0,0
2020-05-11,US,Texas,Falls,6,0,0,31.25350609,-96.93630086,48145.0,6,6,0,0,6,6,17335,0,0,0,0,0
2020-05-11,US,Texas,Fannin,23,1,0,33.59564294,-96.10751083,48147.0,22,23,1,0,22,23,35286,0,0,0,0,0
2020-05-11,US,Texas,Fayette,25,1,0,29.87788372,-96.92076062,48149.0,24,25,1,0,24,24,25349,0,0,0,0,1
2020-05-11,US,Texas,Floyd,4,0,0,34.07227468,-101.3031546,48153.0,4,4,0,0,4,4,5837,0,0,0,0,0
2020-05-11,US,Texas,Fort Bend,1385,38,0,29.52704478,-95.77219463,48157.0,1347,1370,36,0,1334,1357,787858,15,2,0,13,13
2020-05-11,US,Texas,Franklin,3,0,0,33.17653242,-95.21917243,48159.0,3,3,0,0,3,3,10766,0,0,0,0,0
2020-05-11,US,Texas,Freestone,7,0,0,31.70422788,-96.15072516,48161.0,7,7,0,0,7,7,19808,0,0,0,0,0
2020-05-11,US,Texas,Frio,34,0,0,28.86751206,-99.10804207,48163.0,34,34,0,0,34,34,19816,0,0,0,0,0
2020-05-11,US,Texas,Gaines,3,0,0,32.74055318,-102.6353295,48165.0,3,3,0,0,3,3,20901,0,0,0,0,0
2020-05-11,US,Texas,Galveston,685,29,0,29.40167322,-94.90469073,48167.0,656,680,29,0,651,676,337890,5,0,0,5,4
2020-05-11,US,Texas,Garza,3,0,0,33.17969345,-101.2984114,48169.0,3,3,0,0,3,3,6578,0,0,0,0,0
2020-05-11,US,Texas,Gillespie,4,0,0,30.31824095,-98.94676915,48171.0,4,4,0,0,4,4,26804,0,0,0,0,0
2020-05-11,US,Texas,Glasscock,1,0,0,31.86942909,-101.5207776,48173.0,1,1,0,0,1,1,1388,0,0,0,0,0
2020-05-11,US,Texas,Goliad,7,0,0,28.65696592,-97.42760647,48175.0,7,7,0,0,7,7,7584,0,0,0,0,0
2020-05-11,US,Texas,Gonzales,59,2,0,29.45634206,-97.49424032,48177.0,57,53,2,0,51,40,20826,6,0,0,6,13
2020-05-11,US,Texas,Gray,75,0,0,35.40081878,-100.8129222,48179.0,75,75,0,0,75,73,21895,0,0,0,0,2
2020-05-11,US,Texas,Grayson,91,0,0,33.62744998,-96.67753461,48181.0,91,89,0,0,89,83,133991,2,0,0,2,6
2020-05-11,US,Texas,Gregg,118,0,0,32.47940482,-94.81591935,48183.0,118,118,0,0,118,117,123707,0,0,0,0,1
2020-05-11,US,Texas,Grimes,42,1,0,30.54579585,-95.98902499,48185.0,41,42,1,0,41,42,28360,0,0,0,0,0
2020-05-11,US,Texas,Guadalupe,97,0,0,29.58165339,-97.94786822,48187.0,97,95,0,0,95,92,163694,2,0,0,2,3
2020-05-11,US,Texas,Hale,37,4,0,34.07044901,-101.82681140000001,48189.0,33,37,4,0,33,37,33830,0,0,0,0,0
2020-05-11,US,Texas,Hamilton,7,0,0,31.70470573,-98.11083887,48193.0,7,6,0,0,6,6,8484,1,0,0,1,0
2020-05-11,US,Texas,Hansford,12,2,0,36.27743284,-101.3545796,48195.0,10,12,2,0,10,12,5463,0,0,0,0,0
2020-05-11,US,Texas,Hardin,115,3,0,30.33364686,-94.38931817,48199.0,112,115,3,0,112,113,57207,0,0,0,0,2
2020-05-11,US,Texas,Harris,8176,179,0,29.86,-95.39,48201.0,7997,7878,172,0,7706,7803,4698619,298,7,0,291,75
2020-05-11,US,Texas,Harrison,186,9,0,32.54935988,-94.36934071,48203.0,177,186,9,0,177,180,66726,0,0,0,0,6
2020-05-11,US,Texas,Hartley,8,2,0,35.84008013,-102.6029022,48205.0,6,8,2,0,6,8,5619,0,0,0,0,0
2020-05-11,US,Texas,Hays,203,2,0,30.05669873,-98.02944344,48209.0,201,203,2,0,201,203,222631,0,0,0,0,0
2020-05-11,US,Texas,Hemphill,1,0,0,35.83764858,-100.2703577,48211.0,1,1,0,0,1,1,3825,0,0,0,0,0
2020-05-11,US,Texas,Henderson,41,0,0,32.21128872,-95.85846587,48213.0,41,41,0,0,41,36,82299,0,0,0,0,5
2020-05-11,US,Texas,Hidalgo,389,8,0,26.39418217,-98.18299696,48215.0,381,387,8,0,379,377,865939,2,0,0,2,10
2020-05-11,US,Texas,Hill,19,1,0,31.99045053,-97.13423143,48217.0,18,19,1,0,18,19,36354,0,0,0,0,0
2020-05-11,US,Texas,Hockley,20,1,0,33.60771256,-102.3431676,48219.0,19,20,1,0,19,20,22980,0,0,0,0,0
2020-05-11,US,Texas,Hood,22,3,0,32.42990927,-97.83242024,48221.0,19,22,3,0,19,22,60537,0,0,0,0,0
2020-05-11,US,Texas,Hopkins,8,0,0,33.14875072,-95.56351139,48223.0,8,8,0,0,8,7,36810,0,0,0,0,1
2020-05-11,US,Texas,Houston,13,0,0,31.31925973,-95.42226208,48225.0,13,13,0,0,13,10,23169,0,0,0,0,3
2020-05-11,US,Texas,Howard,6,1,0,32.30621324,-101.4356444,48227.0,5,6,1,0,5,6,36459,0,0,0,0,0
2020-05-11,US,Texas,Hunt,57,3,0,33.12351514,-96.08551032,48231.0,54,57,3,0,54,57,96493,0,0,0,0,0
2020-05-11,US,Texas,Hutchinson,21,0,0,35.84006574,-101.3546643,48233.0,21,21,0,0,21,20,21198,0,0,0,0,1
2020-05-11,US,Texas,Jack,4,0,0,33.23377248,-98.17283469,48237.0,4,4,0,0,4,4,8843,0,0,0,0,0
2020-05-11,US,Texas,Jackson,14,0,0,28.95472367,-96.57749563,48239.0,14,14,0,0,14,14,14874,0,0,0,0,0
2020-05-11,US,Texas,Jasper,19,1,0,30.74685667,-94.02667579,48241.0,18,19,1,0,18,19,35872,0,0,0,0,0
2020-05-11,US,Texas,Jefferson,381,25,0,29.8832777,-94.16434171,48245.0,356,376,25,0,351,360,255001,5,0,0,5,16
2020-05-11,US,Texas,Jim Hogg,3,0,0,27.04453923,-98.69681870000001,48247.0,3,3,0,0,3,3,5248,0,0,0,0,0
2020-05-11,US,Texas,Jim Wells,7,0,0,27.73103938,-98.0904705,48249.0,7,7,0,0,7,6,40822,0,0,0,0,1
2020-05-11,US,Texas,Johnson,103,4,0,32.37877812,-97.36615819,48251.0,99,100,4,0,96,100,171361,3,0,0,3,0
2020-05-11,US,Texas,Jones,95,0,0,32.73997145,-99.87861576,48253.0,95,92,0,0,92,92,19817,3,0,0,3,0
2020-05-11,US,Texas,Karnes,3,0,0,28.90705334,-97.85960149,48255.0,3,3,0,0,3,3,15650,0,0,0,0,0
2020-05-11,US,Texas,Kaufman,120,1,0,32.599141700000004,-96.28734728,48257.0,119,116,1,0,115,116,128622,4,0,0,4,0
2020-05-11,US,Texas,Kendall,19,0,0,29.94414155,-98.7113588,48259.0,19,19,0,0,19,19,45641,0,0,0,0,0
2020-05-11,US,Texas,Kerr,9,0,0,30.06040006,-99.34930144,48265.0,9,9,0,0,9,9,52405,0,0,0,0,0
2020-05-11,US,Texas,Kimble,1,0,0,30.48678918,-99.74856473,48267.0,1,1,0,0,1,1,4362,0,0,0,0,0
2020-05-11,US,Texas,Kleberg,11,1,0,27.42435506,-97.69894948,48273.0,10,11,1,0,10,10,31129,0,0,0,0,1
2020-05-11,US,Texas,Knox,1,0,0,33.60519951,-99.74229059999999,48275.0,1,1,0,0,1,1,3653,0,0,0,0,0
2020-05-11,US,Texas,La Salle,2,0,0,28.34453111,-99.09908775,48283.0,2,2,0,0,2,2,7531,0,0,0,0,0
2020-05-11,US,Texas,Lamar,89,4,0,33.66981763,-95.57404777,48277.0,85,89,4,0,85,77,49728,0,0,0,0,12
2020-05-11,US,Texas,Lamb,7,0,0,34.06859623,-102.35162890000001,48279.0,7,7,0,0,7,5,13158,0,0,0,0,2
2020-05-11,US,Texas,Lampasas,8,0,0,31.19531316,-98.24206613,48281.0,8,8,0,0,8,8,21229,0,0,0,0,0
2020-05-11,US,Texas,Lavaca,6,1,0,29.38508402,-96.93186692,48285.0,5,6,1,0,5,6,20110,0,0,0,0,0
2020-05-11,US,Texas,Lee,5,0,0,30.31120597,-96.97045773,48287.0,5,5,0,0,5,5,17144,0,0,0,0,0
2020-05-11,US,Texas,Leon,9,0,0,31.29872538,-95.9936328,48289.0,9,9,0,0,9,9,17270,0,0,0,0,0
2020-05-11,US,Texas,Liberty,66,1,0,30.15152688,-94.81205615,48291.0,65,64,1,0,63,62,86323,2,0,0,2,2
2020-05-11,US,Texas,Limestone,15,1,0,31.5454767,-96.58095444,48293.0,14,15,1,0,14,14,23519,0,0,0,0,1
2020-05-11,US,Texas,Lipscomb,2,0,0,36.27783108,-100.27331509999999,48295.0,2,2,0,0,2,2,3355,0,0,0,0,0
2020-05-11,US,Texas,Live Oak,5,0,0,28.35101362,-98.1246786,48297.0,5,5,0,0,5,5,12166,0,0,0,0,0
2020-05-11,US,Texas,Llano,3,0,0,30.70645047,-98.68475262,48299.0,3,3,0,0,3,3,21646,0,0,0,0,0
2020-05-11,US,Texas,Lubbock,592,49,0,33.61008596,-101.82047890000001,48303.0,543,589,49,0,540,583,307412,3,0,0,3,6
2020-05-11,US,Texas,Lynn,5,1,0,33.17657705,-101.8162849,48305.0,4,5,1,0,4,5,5877,0,0,0,0,0
2020-05-11,US,Texas,Madison,3,0,0,30.96694679,-95.93003775,48313.0,3,3,0,0,3,3,14422,0,0,0,0,0
2020-05-11,US,Texas,Marion,15,0,0,32.79868409,-94.35661230000001,48315.0,15,16,0,0,16,16,9928,-1,0,0,-1,0
2020-05-11,US,Texas,Martin,3,1,0,32.30600051,-101.9513518,48317.0,2,3,1,0,2,3,5753,0,0,0,0,0
2020-05-11,US,Texas,Mason,28,0,0,30.71780434,-99.22629416,48319.0,28,28,0,0,28,28,4280,0,0,0,0,0
2020-05-11,US,Texas,Matagorda,64,3,0,28.81955746,-96.01230294,48321.0,61,64,3,0,61,64,36552,0,0,0,0,0
2020-05-11,US,Texas,Maverick,31,0,0,28.7429195,-100.3157686,48323.0,31,31,0,0,31,31,58485,0,0,0,0,0
2020-05-11,US,Texas,McCulloch,3,0,0,31.1925468,-99.34682807,48307.0,3,3,0,0,3,3,7987,0,0,0,0,0
2020-05-11,US,Texas,McLennan,94,4,0,31.55255453,-97.20217694,48309.0,90,94,4,0,90,94,254607,0,0,0,0,0
2020-05-11,US,Texas,Medina,32,2,0,29.355730100000002,-99.11030298,48325.0,30,31,2,0,29,22,50921,1,0,0,1,9
2020-05-11,US,Texas,Midland,101,11,0,31.86904128,-102.03156820000001,48329.0,90,101,11,0,90,101,172578,0,0,0,0,0
2020-05-11,US,Texas,Milam,20,1,0,30.78581830000001,-96.97718698,48331.0,19,20,1,0,19,20,25131,0,0,0,0,0
2020-05-11,US,Texas,Mitchell,1,0,0,32.30623474,-100.9212058,48335.0,1,1,0,0,1,1,8145,0,0,0,0,0
2020-05-11,US,Texas,Montague,9,1,0,33.67521893,-97.72500958,48337.0,8,9,1,0,8,9,19596,0,0,0,0,0
2020-05-11,US,Texas,Montgomery,724,17,0,30.30079133,-95.50572772,48339.0,707,699,16,0,683,699,590925,25,1,0,24,0
2020-05-11,US,Texas,Moore,526,9,0,35.83769242,-101.8930281,48341.0,517,527,8,0,519,494,21485,-1,1,0,-2,33
2020-05-11,US,Texas,Morris,9,0,0,33.11304005,-94.73255695,48343.0,9,9,0,0,9,9,12339,0,0,0,0,0
2020-05-11,US,Texas,Motley,1,0,0,34.07408766,-100.77972199999999,48345.0,1,1,0,0,1,1,1234,0,0,0,0,0
2020-05-11,US,Texas,Nacogdoches,211,9,0,31.62017125,-94.61803994,48347.0,202,206,9,0,197,202,65711,5,0,0,5,4
2020-05-11,US,Texas,Navarro,36,2,0,32.04620681,-96.47428766,48349.0,34,36,2,0,34,36,49565,0,0,0,0,0
2020-05-11,US,Texas,Newton,4,0,0,30.78548982,-93.74408813,48351.0,4,4,0,0,4,4,13746,0,0,0,0,0
2020-05-11,US,Texas,Nolan,2,0,0,32.30365282,-100.4060208,48353.0,2,2,0,0,2,2,14751,0,0,0,0,0
2020-05-11,US,Texas,Nueces,132,3,0,27.736286,-97.5433285,48355.0,129,129,3,0,126,128,362265,3,0,0,3,1
2020-05-11,US,Texas,Ochiltree,29,1,0,36.27829105,-100.8158184,48357.0,28,29,1,0,28,29,9947,0,0,0,0,0
2020-05-11,US,Texas,Oldham,3,1,0,35.40425596,-102.6027606,48359.0,2,3,1,0,2,3,2131,0,0,0,0,0
2020-05-11,US,Texas,Orange,85,2,0,30.11879481,-93.89412775,48361.0,83,85,2,0,83,85,83572,0,0,0,0,0
2020-05-11,US,Texas,Palo Pinto,9,2,0,32.75310985,-98.31319001,48363.0,7,9,2,0,7,9,28875,0,0,0,0,0
2020-05-11,US,Texas,Panola,162,8,0,32.163959600000005,-94.30552481,48365.0,154,168,8,0,160,168,23148,-6,0,0,-6,0
2020-05-11,US,Texas,Parker,45,0,0,32.77757172,-97.80500621,48367.0,45,45,0,0,45,45,138371,0,0,0,0,0
2020-05-11,US,Texas,Parmer,19,0,0,34.52993409,-102.78446679999999,48369.0,19,19,0,0,19,19,9864,0,0,0,0,0
2020-05-11,US,Texas,Pecos,15,0,0,30.78097267,-102.72412609999999,48371.0,15,15,0,0,15,15,15673,0,0,0,0,0
2020-05-11,US,Texas,Polk,35,0,0,30.79472531,-94.82766240000001,48373.0,35,35,0,0,35,35,50031,0,0,0,0,0
2020-05-11,US,Texas,Potter,1124,15,0,35.40133773,-101.893964,48375.0,1109,1124,15,0,1109,1101,119648,0,0,0,0,23
2020-05-11,US,Texas,Rains,2,0,0,32.87109387,-95.79232691,48379.0,2,2,0,0,2,2,12159,0,0,0,0,0
2020-05-11,US,Texas,Randall,358,3,0,34.96585996,-101.8971322,48381.0,355,358,3,0,355,355,136271,0,0,0,0,3
2020-05-11,US,Texas,Red River,9,0,0,33.61886692,-95.04841765,48387.0,9,9,0,0,9,3,12175,0,0,0,0,6
2020-05-11,US,Texas,Reeves,7,0,0,31.32323325,-103.69038959999999,48389.0,7,7,0,0,7,7,15695,0,0,0,0,0
2020-05-11,US,Texas,Refugio,1,0,0,28.323897600000002,-97.15766311,48391.0,1,1,0,0,1,1,7032,0,0,0,0,0
2020-05-11,US,Texas,Roberts,2,0,0,35.83809685,-100.813175,48393.0,2,2,0,0,2,2,903,0,0,0,0,0
2020-05-11,US,Texas,Robertson,5,0,0,31.02539637,-96.51272246,48395.0,5,5,0,0,5,5,17284,0,0,0,0,0
2020-05-11,US,Texas,Rockwall,104,5,0,32.89779518,-96.40771592,48397.0,99,100,4,0,96,100,100657,4,1,0,3,0
2020-05-11,US,Texas,Runnels,2,0,0,31.8314342,-99.97616148,48399.0,2,2,0,0,2,2,10234,0,0,0,0,0
2020-05-11,US,Texas,Rusk,40,1,0,32.10773545,-94.76176432,48401.0,39,40,1,0,39,40,54450,0,0,0,0,0
2020-05-11,US,Texas,Sabine,2,0,0,31.34318809,-93.85440451,48403.0,2,2,0,0,2,2,10589,0,0,0,0,0
2020-05-11,US,Texas,San Augustine,21,1,0,31.39457611,-94.17000399,48405.0,20,21,1,0,20,21,8232,0,0,0,0,0
2020-05-11,US,Texas,San Jacinto,11,0,0,30.57933681,-95.16260304,48407.0,11,11,0,0,11,10,28719,0,0,0,0,1
2020-05-11,US,Texas,San Patricio,22,0,0,28.00880118,-97.51763891,48409.0,22,20,0,0,20,18,66893,2,0,0,2,2
2020-05-11,US,Texas,Scurry,2,0,0,32.74613808,-100.91626640000001,48415.0,2,2,0,0,2,2,16866,0,0,0,0,0
2020-05-11,US,Texas,Shackelford,1,0,0,32.73587756,-99.35401337,48417.0,1,1,0,0,1,1,3253,0,0,0,0,0
2020-05-11,US,Texas,Shelby,152,5,0,31.79211404,-94.14550696,48419.0,147,152,5,0,147,149,25418,0,0,0,0,3
2020-05-11,US,Texas,Sherman,23,0,0,36.27751473,-101.8933156,48421.0,23,23,0,0,23,20,3079,0,0,0,0,3
2020-05-11,US,Texas,Smith,174,3,0,32.37474036,-95.27175679999999,48423.0,171,174,3,0,171,170,230221,0,0,0,0,4
2020-05-11,US,Texas,Starr,14,0,0,26.56150059,-98.73892358,48427.0,14,14,0,0,14,14,64525,0,0,0,0,0
2020-05-11,US,Texas,Stephens,1,0,0,32.73553157,-98.83631615,48429.0,1,1,0,0,1,1,9433,0,0,0,0,0
2020-05-11,US,Texas,Swisher,12,0,0,34.53028891,-101.73491740000001,48437.0,12,12,0,0,12,11,7462,0,0,0,0,1
2020-05-11,US,Texas,Tarrant,3695,103,0,32.77143818,-97.29101614,48439.0,3592,3210,101,0,3109,3127,2084931,485,2,0,483,83
2020-05-11,US,Texas,Taylor,208,6,0,32.30163422,-99.89007449,48441.0,202,208,6,0,202,208,137640,0,0,0,0,0
2020-05-11,US,Texas,Terry,12,0,0,33.17402785,-102.3354521,48445.0,12,12,0,0,12,12,12287,0,0,0,0,0
2020-05-11,US,Texas,Titus,35,0,0,33.21339719,-94.96797273,48449.0,35,35,0,0,35,29,33033,0,0,0,0,6
2020-05-11,US,Texas,Tom Green,84,1,0,31.40464436,-100.46244300000001,48451.0,83,84,1,0,83,84,118189,0,0,0,0,0
2020-05-11,US,Texas,Travis,2171,65,0,30.33432034,-97.78535620000001,48453.0,2106,2127,60,0,2067,2095,1248743,44,5,0,39,32
2020-05-11,US,Texas,Trinity,11,0,0,31.0879489,-95.1367187,48455.0,11,11,0,0,11,11,14740,0,0,0,0,0
2020-05-11,US,Texas,Tyler,7,0,0,30.77031716,-94.37690895,48457.0,7,7,0,0,7,7,21696,0,0,0,0,0
2020-05-11,US,Texas,Upshur,17,0,0,32.73706798,-94.93999853,48459.0,17,17,0,0,17,17,41260,0,0,0,0,0
2020-05-11,US,Texas,Uvalde,6,0,0,29.35739637,-99.76229172,48463.0,6,6,0,0,6,7,26846,0,0,0,0,-1
2020-05-11,US,Texas,Val Verde,13,0,0,29.89149232,-101.1525205,48465.0,13,13,0,0,13,13,49208,0,0,0,0,0
2020-05-11,US,Texas,Van Zandt,18,1,0,32.56483801,-95.83766469,48467.0,17,18,1,0,17,18,56019,0,0,0,0,0
2020-05-11,US,Texas,Victoria,150,5,0,28.79780988,-96.96813006,48469.0,145,150,5,0,145,148,92035,0,0,0,0,2
2020-05-11,US,Texas,Walker,342,2,0,30.73872995,-95.57440968,48471.0,340,340,2,0,338,337,72480,2,0,0,2,3
2020-05-11,US,Texas,Waller,39,0,0,30.01058447,-95.99011759,48473.0,39,38,0,0,38,38,53126,1,0,0,1,0
2020-05-11,US,Texas,Washington,164,18,0,30.21498498,-96.40946246,48477.0,146,164,18,0,146,164,35108,0,0,0,0,0
2020-05-11,US,Texas,Webb,435,17,0,27.7610369,-99.33237355,48479.0,418,434,17,0,417,424,275910,1,0,0,1,10
2020-05-11,US,Texas,Wharton,41,0,0,29.27765923,-96.22319248,48481.0,41,41,0,0,41,41,41619,0,0,0,0,0
2020-05-11,US,Texas,Wheeler,14,0,0,35.40114335,-100.26995140000001,48483.0,14,14,0,0,14,13,5191,0,0,0,0,1
2020-05-11,US,Texas,Wichita,75,2,0,33.98842886,-98.70410340000001,48485.0,73,75,2,0,73,74,132064,0,0,0,0,1
2020-05-11,US,Texas,Wilbarger,2,0,0,34.07945812,-99.24178437,48487.0,2,2,0,0,2,2,12820,0,0,0,0,0
2020-05-11,US,Texas,Willacy,14,1,0,26.47411727,-97.61535848,48489.0,13,14,1,0,13,14,21515,0,0,0,0,0
2020-05-11,US,Texas,Williamson,380,14,0,30.64655664,-97.60048540000001,48491.0,366,377,13,0,364,368,566719,3,1,0,2,9
2020-05-11,US,Texas,Wilson,36,4,0,29.1732598,-98.08693082,48493.0,32,35,4,0,31,34,50224,1,0,0,1,1
2020-05-11,US,Texas,Winkler,3,0,0,31.85008651,-103.04851629999999,48495.0,3,3,0,0,3,3,7720,0,0,0,0,0
2020-05-11,US,Texas,Wise,30,2,0,33.21570665,-97.65460265,48497.0,28,30,2,0,28,30,68305,0,0,0,0,0
2020-05-11,US,Texas,Wood,14,0,0,32.78722382,-95.38236368,48499.0,14,14,0,0,14,13,45129,0,0,0,0,1
2020-05-11,US,Texas,Yoakum,2,0,0,33.17320212,-102.82764329999999,48501.0,2,2,0,0,2,2,8591,0,0,0,0,0
2020-05-11,US,Texas,Young,4,1,0,33.17659707,-98.68790885,48503.0,3,4,1,0,3,4,18045,0,0,0,0,0
2020-05-11,US,Texas,Zapata,7,0,0,27.00156391,-99.16987152,48505.0,7,7,0,0,7,7,14190,0,0,0,0,0
2020-05-11,US,Texas,Zavala,2,0,0,28.86617238,-99.76050829,48507.0,2,2,0,0,2,2,11983,0,0,0,0,0
2020-05-11,US,Utah,Bear River,81,1,0,41.52106798,-113.08328159999999,0.0,80,78,1,0,77,71,,3,0,0,3,7
2020-05-11,US,Utah,Central Utah,28,0,0,39.37231946,-111.5758676,0.0,28,28,0,0,28,27,,0,0,0,0,1
2020-05-11,US,Utah,Davis,338,2,0,40.99001837,-112.1139997,49011.0,336,336,2,0,334,327,351713,2,0,0,2,9
2020-05-11,US,Utah,Salt Lake,3365,45,0,40.66616532,-111.92160109999999,49035.0,3320,3291,44,0,3247,3206,1152633,74,1,0,73,85
2020-05-11,US,Utah,San Juan,149,3,0,37.62762978,-109.80337140000002,49037.0,146,147,3,0,144,145,15449,2,0,0,2,2
2020-05-11,US,Utah,Southeast Utah,14,0,0,38.99617072,-110.70139579999999,0.0,14,13,0,0,13,13,,1,0,0,1,0
2020-05-11,US,Utah,Southwest Utah,170,3,0,37.85447192,-111.4418764,90049.0,167,164,3,0,161,155,,6,0,0,6,9
2020-05-11,US,Utah,Summit,386,0,0,40.86688146,-110.9535882,49043.0,386,385,0,0,385,385,41933,1,0,0,1,0
2020-05-11,US,Utah,Tooele,77,0,0,40.44862644,-113.12957150000001,49045.0,77,77,0,0,77,76,69907,0,0,0,0,1
2020-05-11,US,Utah,TriCounty,16,0,0,40.12491499,-109.5174415,0.0,16,16,0,0,16,16,,0,0,0,0,0
2020-05-11,US,Utah,Utah,1358,11,0,40.116672200000004,-111.66576620000001,49049.0,1347,1346,11,0,1335,1318,622213,12,0,0,12,28
2020-05-11,US,Utah,Wasatch,183,1,0,40.33110236,-111.1691419,49051.0,182,176,1,0,175,176,33240,7,0,0,7,0
2020-05-11,US,Utah,Weber-Morgan,197,2,0,41.27116049,-111.9145117,0.0,195,194,2,0,192,188,,3,0,0,3,6
2020-05-11,US,Vermont,Addison,62,2,0,44.03217337,-73.14130877,50001.0,60,62,2,0,60,62,36973,0,0,0,0,0
2020-05-11,US,Vermont,Bennington,60,1,0,43.03519828,-73.09048868,50003.0,59,61,1,0,60,56,35631,-1,0,0,-1,5
2020-05-11,US,Vermont,Caledonia,14,0,0,44.46548598,-72.10314651,50005.0,14,14,0,0,14,14,30302,0,0,0,0,0
2020-05-11,US,Vermont,Chittenden,432,37,0,44.46322849,-73.08359212,50007.0,395,432,37,0,395,431,164572,0,0,0,0,1
2020-05-11,US,Vermont,Essex,2,0,0,44.72736416,-71.73579864,50009.0,2,2,0,0,2,2,6250,0,0,0,0,0
2020-05-11,US,Vermont,Franklin,99,5,0,44.85627605,-72.91249563,50011.0,94,99,5,0,94,99,49421,0,0,0,0,0
2020-05-11,US,Vermont,Grand Isle,4,0,0,44.797582399999996,-73.29679772,50013.0,4,4,0,0,4,4,7090,0,0,0,0,0
2020-05-11,US,Vermont,Lamoille,26,1,0,44.60353043,-72.64356694,50015.0,25,26,1,0,25,26,25300,0,0,0,0,0
2020-05-11,US,Vermont,Orange,8,0,0,44.00470222,-72.37640104,50017.0,8,8,0,0,8,8,28999,0,0,0,0,0
2020-05-11,US,Vermont,Orleans,9,0,0,44.82964024,-72.24562697,50019.0,9,9,0,0,9,9,26907,0,0,0,0,0
2020-05-11,US,Vermont,Rutland,49,1,0,43.57723578,-73.03741676,50021.0,48,49,1,0,48,49,58672,0,0,0,0,0
2020-05-11,US,Vermont,Unassigned,4,0,0,0.0,0.0,90050.0,4,4,0,0,4,4,,0,0,0,0,0
2020-05-11,US,Vermont,Washington,38,1,0,44.27343241,-72.61604978,50023.0,37,38,1,0,37,37,58140,0,0,0,0,1
2020-05-11,US,Vermont,Windham,74,3,0,42.986982,-72.71268875,50025.0,71,74,3,0,71,74,42756,0,0,0,0,0
2020-05-11,US,Vermont,Windsor,45,2,0,43.58010937,-72.58595157,50027.0,43,45,2,0,43,46,55286,0,0,0,0,-1
2020-05-11,US,Virginia,Accomack,524,7,0,37.76707161,-75.63234615,51001.0,517,508,7,0,501,496,32412,16,0,0,16,12
2020-05-11,US,Virginia,Albemarle,123,4,0,38.02080697,-78.55481085,51003.0,119,120,4,0,116,119,108718,3,0,0,3,1
2020-05-11,US,Virginia,Alexandria,1224,30,0,38.814003,-77.08183073,51510.0,1194,1193,30,0,1163,1142,160530,31,0,0,31,51
2020-05-11,US,Virginia,Alleghany,6,0,0,37.78636074,-80.00222498,51005.0,6,6,0,0,6,6,14910,0,0,0,0,0
2020-05-11,US,Virginia,Amelia,17,1,0,37.34081025,-77.98584649,51007.0,16,17,1,0,16,17,13013,0,0,0,0,0
2020-05-11,US,Virginia,Amherst,16,0,0,37.60308293,-79.14548696,51009.0,16,15,0,0,15,15,31666,1,0,0,1,0
2020-05-11,US,Virginia,Appomattox,22,0,0,37.37569884,-78.81340003,51011.0,22,22,0,0,22,22,15841,0,0,0,0,0
2020-05-11,US,Virginia,Arlington,1399,60,0,38.8767675,-77.10139853,51013.0,1339,1368,61,0,1307,1332,237521,31,-1,0,32,36
2020-05-11,US,Virginia,Augusta,64,1,0,38.16404586,-79.12461614,51015.0,63,64,1,0,63,64,75457,0,0,0,0,0
2020-05-11,US,Virginia,Bedford,38,1,0,37.3080028,-79.5281964,51019.0,37,38,1,0,37,38,78747,0,0,0,0,0
2020-05-11,US,Virginia,Botetourt,30,3,0,37.55531756,-79.80982182,51023.0,27,29,3,0,26,29,33277,1,0,0,1,0
2020-05-11,US,Virginia,Bristol,3,0,0,36.616302399999995,-82.16359122,51520.0,3,3,0,0,3,2,16482,0,0,0,0,1
2020-05-11,US,Virginia,Brunswick,19,0,0,36.76366949,-77.8593436,51025.0,19,18,0,0,18,17,16384,1,0,0,1,1
2020-05-11,US,Virginia,Buchanan,16,0,0,37.26818323,-82.03749726,51027.0,16,16,0,0,16,16,21221,0,0,0,0,0
2020-05-11,US,Virginia,Buckingham,246,1,0,37.57242268,-78.52518834,51029.0,245,246,1,0,245,246,16999,0,0,0,0,0
2020-05-11,US,Virginia,Buena Vista,8,0,0,37.73484642,-79.35296097,51530.0,8,8,0,0,8,8,6237,0,0,0,0,0
2020-05-11,US,Virginia,Campbell,13,0,0,37.20553386,-79.09678609,51031.0,13,13,0,0,13,13,54973,0,0,0,0,0
2020-05-11,US,Virginia,Caroline,38,2,0,38.02679129,-77.34901405,51033.0,36,38,2,0,36,38,30772,0,0,0,0,0
2020-05-11,US,Virginia,Carroll,34,0,0,36.73066666,-80.73455942,51035.0,34,33,0,0,33,28,29636,1,0,0,1,5
2020-05-11,US,Virginia,Charles City,21,1,0,37.35358063,-77.05634116,51036.0,20,21,1,0,20,21,6941,0,0,0,0,0
2020-05-11,US,Virginia,Charlotte,11,0,0,37.01909701,-78.66314092,51037.0,11,11,0,0,11,12,11938,0,0,0,0,-1
2020-05-11,US,Virginia,Charlottesville,68,2,0,38.03527919,-78.48569588,51540.0,66,66,2,0,64,66,48117,2,0,0,2,0
2020-05-11,US,Virginia,Chesapeake,340,9,0,36.67670048,-76.30545744,51550.0,331,328,9,0,319,325,242634,12,0,0,12,3
2020-05-11,US,Virginia,Chesterfield,789,26,0,37.37373208,-77.58680140000001,51041.0,763,787,26,0,761,765,348556,2,0,0,2,22
2020-05-11,US,Virginia,Clarke,16,0,0,39.11271747,-77.99199425,51043.0,16,16,0,0,16,16,14523,0,0,0,0,0
2020-05-11,US,Virginia,Colonial Heights,66,6,0,37.26420587,-77.39609676,51570.0,60,66,6,0,60,65,17833,0,0,0,0,1
2020-05-11,US,Virginia,Covington,1,0,0,37.7824656,-79.98631446,51580.0,1,1,0,0,1,1,5460,0,0,0,0,0
2020-05-11,US,Virginia,Craig,4,0,0,37.48133648,-80.21072274,51045.0,4,4,0,0,4,4,5064,0,0,0,0,0
2020-05-11,US,Virginia,Culpeper,276,5,0,38.48199985,-77.95630870000002,51047.0,271,264,5,0,259,253,51859,12,0,0,12,11
2020-05-11,US,Virginia,Cumberland,13,0,0,37.51328851,-78.24398086,51049.0,13,13,0,0,13,13,9809,0,0,0,0,0
2020-05-11,US,Virginia,Danville,39,1,0,36.58022376,-79.40395668,51590.0,38,38,1,0,37,39,40693,1,0,0,1,-1
2020-05-11,US,Virginia,Dinwiddie,28,0,0,37.07544585,-77.63451754,51053.0,28,27,0,0,27,25,28529,1,0,0,1,2
2020-05-11,US,Virginia,Emporia,49,3,0,36.69455571,-77.53406129,51595.0,46,48,3,0,45,47,5121,1,0,0,1,1
2020-05-11,US,Virginia,Essex,24,0,0,37.93357639,-76.94230311,51057.0,24,23,0,0,23,22,10919,1,0,0,1,1
2020-05-11,US,Virginia,Fairfax,6200,243,0,38.83677558,-77.27565836,51059.0,5957,5892,239,0,5653,5610,1150795,308,4,0,304,282
2020-05-11,US,Virginia,Fairfax,6200,243,0,38.83677558,-77.27565836,51059.0,5957,5892,239,0,5653,5610,24574,308,4,0,304,282
2020-05-11,US,Virginia,Fairfax City,39,3,0,38.85157547,-77.29779640000002,51600.0,36,39,3,0,36,39,24574,0,0,0,0,0
2020-05-11,US,Virginia,Falls Church,37,4,0,38.88485255,-77.17560759,51610.0,33,37,4,0,33,37,14772,0,0,0,0,0
2020-05-11,US,Virginia,Fauquier,180,4,0,38.73564842,-77.80647472,51061.0,176,172,4,0,168,168,70675,8,0,0,8,4
2020-05-11,US,Virginia,Floyd,3,0,0,36.9302126,-80.36738849,51063.0,3,3,0,0,3,3,15795,0,0,0,0,0
2020-05-11,US,Virginia,Fluvanna,79,6,0,37.84157909,-78.27715475,51065.0,73,79,6,0,73,79,26783,0,0,0,0,0
2020-05-11,US,Virginia,Franklin,28,0,0,36.99536167,-79.88023649,51067.0,28,27,0,0,27,26,56195,1,0,0,1,1
2020-05-11,US,Virginia,Franklin,28,0,0,36.99536167,-79.88023649,51067.0,28,27,0,0,27,26,8013,1,0,0,1,1
2020-05-11,US,Virginia,Franklin City,26,1,0,36.6831435,-76.93859681,51620.0,25,26,1,0,25,25,8013,0,0,0,0,1
2020-05-11,US,Virginia,Frederick,166,2,0,39.20172582,-78.25974949,51069.0,164,164,2,0,162,162,88355,2,0,0,2,2
2020-05-11,US,Virginia,Fredericksburg,61,0,0,38.2977863,-77.4922454,51630.0,61,61,0,0,61,58,29144,0,0,0,0,3
2020-05-11,US,Virginia,Galax,55,0,0,36.66601852,-80.91703124,51640.0,55,45,0,0,45,34,6423,10,0,0,10,11
2020-05-11,US,Virginia,Giles,8,0,0,37.31234791,-80.70636931,51071.0,8,8,0,0,8,8,16844,0,0,0,0,0
2020-05-11,US,Virginia,Gloucester,27,1,0,37.40809042,-76.53524337,51073.0,26,27,1,0,26,27,37349,0,0,0,0,0
2020-05-11,US,Virginia,Goochland,81,5,0,37.71714806,-77.90381514,51075.0,76,81,5,0,76,81,23244,0,0,0,0,0
2020-05-11,US,Virginia,Grayson,15,0,0,36.65677234,-81.23215889,51077.0,15,12,0,0,12,5,15631,3,0,0,3,7
2020-05-11,US,Virginia,Greene,15,1,0,38.29545894,-78.46525378,51079.0,14,15,1,0,14,14,19779,0,0,0,0,1
2020-05-11,US,Virginia,Greensville,47,7,0,36.67878901,-77.56351439,51081.0,40,46,7,0,39,44,11627,1,0,0,1,2
2020-05-11,US,Virginia,Halifax,22,0,0,36.76654925,-78.93512622,51083.0,22,22,0,0,22,22,34120,0,0,0,0,0
2020-05-11,US,Virginia,Hampton,146,3,0,37.03513786,-76.35879121,51650.0,143,144,3,0,141,138,134313,2,0,0,2,6
2020-05-11,US,Virginia,Hanover,171,16,0,37.7583355,-77.49464673,51085.0,155,170,16,0,154,163,107239,1,0,0,1,7
2020-05-11,US,Virginia,Harrisonburg,583,21,0,38.43542574,-78.87536254,51660.0,562,579,21,0,558,578,54033,4,0,0,4,1
2020-05-11,US,Virginia,Henrico,1083,110,0,37.53460572,-77.39326555,51087.0,973,1067,109,0,958,1054,329261,16,1,0,15,13
2020-05-11,US,Virginia,Henry,25,1,0,36.68542395,-79.87634026,51089.0,24,22,1,0,21,22,50953,3,0,0,3,0
2020-05-11,US,Virginia,Highland,2,0,0,38.35799465,-79.56124594,51091.0,2,2,0,0,2,2,2210,0,0,0,0,0
2020-05-11,US,Virginia,Hopewell,39,0,0,37.29186313,-77.29754684,51670.0,39,37,0,0,37,33,22596,2,0,0,2,4
2020-05-11,US,Virginia,Isle of Wight,112,3,0,36.90579348,-76.70842863,51093.0,109,110,3,0,107,108,36953,2,0,0,2,2
2020-05-11,US,Virginia,James City,173,15,0,37.31156958,-76.76950618,51095.0,158,173,15,0,158,169,76397,0,0,0,0,4
2020-05-11,US,Virginia,King George,42,4,0,38.26818502,-77.15852768,51099.0,38,41,4,0,37,38,26575,1,0,0,1,3
2020-05-11,US,Virginia,King William,12,1,0,37.70965316,-77.09384941,51101.0,11,11,1,0,10,11,16939,1,0,0,1,0
2020-05-11,US,Virginia,King and Queen,5,0,0,37.71044922,-76.88689628,51097.0,5,5,0,0,5,5,7042,0,0,0,0,0
2020-05-11,US,Virginia,Lancaster,6,0,0,37.71889653,-76.46400482,51103.0,6,6,0,0,6,6,10783,0,0,0,0,0
2020-05-11,US,Virginia,Lee,10,0,0,36.70586667,-83.12606515,51105.0,10,10,0,0,10,10,23541,0,0,0,0,0
2020-05-11,US,Virginia,Lexington,5,0,0,37.78258621,-79.44262866,51678.0,5,4,0,0,4,4,7136,1,0,0,1,0
2020-05-11,US,Virginia,Loudoun,1195,30,0,39.08990083,-77.63481877,51107.0,1165,1159,30,0,1129,1127,406850,36,0,0,36,32
2020-05-11,US,Virginia,Louisa,56,0,0,37.97850256,-77.96274807,51109.0,56,55,0,0,55,55,36778,1,0,0,1,0
2020-05-11,US,Virginia,Lunenburg,6,0,0,36.94618528,-78.24133319,51111.0,6,6,0,0,6,6,12086,0,0,0,0,0
2020-05-11,US,Virginia,Lynchburg,69,1,0,37.40021399,-79.19888138,51680.0,68,68,1,0,67,68,82126,1,0,0,1,0
2020-05-11,US,Virginia,Madison,21,1,0,38.41531222,-78.28220331,51113.0,20,21,1,0,20,20,13295,0,0,0,0,1
2020-05-11,US,Virginia,Manassas,428,3,0,38.7464321,-77.48509905,51683.0,425,381,2,0,379,358,41641,47,1,0,46,23
2020-05-11,US,Virginia,Manassas Park,135,2,0,38.77058531,-77.44399307,51685.0,133,120,2,0,118,116,17307,15,0,0,15,4
2020-05-11,US,Virginia,Martinsville,2,0,0,36.68212094,-79.86352771,51690.0,2,2,0,0,2,2,12902,0,0,0,0,0
2020-05-11,US,Virginia,Mathews,5,0,0,37.44164146,-76.34098896,51115.0,5,5,0,0,5,5,8802,0,0,0,0,0
2020-05-11,US,Virginia,Mecklenburg,134,10,0,36.67882005,-78.36131056,51117.0,124,122,10,0,112,118,30650,12,0,0,12,4
2020-05-11,US,Virginia,Middlesex,10,0,0,37.63191998,-76.55064617,51119.0,10,10,0,0,10,10,10769,0,0,0,0,0
2020-05-11,US,Virginia,Montgomery,66,1,0,37.17746986,-80.37868691,51121.0,65,65,1,0,64,64,98985,1,0,0,1,1
2020-05-11,US,Virginia,Nelson,10,0,0,37.78790447,-78.88498513,51125.0,10,10,0,0,10,10,14836,0,0,0,0,0
2020-05-11,US,Virginia,New Kent,26,1,0,37.50694406,-76.99828634,51127.0,25,26,1,0,25,26,22391,0,0,0,0,0
2020-05-11,US,Virginia,Newport News,164,10,0,37.08166899,-76.51754109,51700.0,154,159,10,0,149,152,178626,5,0,0,5,7
2020-05-11,US,Virginia,Norfolk,308,5,0,36.89934014,-76.26420872,51710.0,303,304,5,0,299,290,244076,4,0,0,4,14
2020-05-11,US,Virginia,Northampton,170,5,0,37.34062933,-75.87751591,51131.0,165,163,5,0,158,159,11735,7,0,0,7,4
2020-05-11,US,Virginia,Northumberland,10,1,0,37.89202088,-76.41949732,51133.0,9,10,1,0,9,9,12147,0,0,0,0,1
2020-05-11,US,Virginia,Norton,2,0,0,36.93357076,-82.62750411,51720.0,2,2,0,0,2,2,3968,0,0,0,0,0
2020-05-11,US,Virginia,Nottoway,14,0,0,37.1435975,-78.05065922,51135.0,14,14,0,0,14,14,15420,0,0,0,0,0
2020-05-11,US,Virginia,Orange,47,0,0,38.24530219,-78.01560400000002,51137.0,47,46,0,0,46,44,36644,1,0,0,1,2
2020-05-11,US,Virginia,Page,129,12,0,38.61807452,-78.48797204,51139.0,117,128,12,0,116,128,23933,1,0,0,1,0
2020-05-11,US,Virginia,Patrick,4,0,0,36.680163799999995,-80.2865648,51141.0,4,4,0,0,4,4,17673,0,0,0,0,0
2020-05-11,US,Virginia,Petersburg,48,2,0,37.20530399,-77.39368102,51730.0,46,45,2,0,43,41,31567,3,0,0,3,4
2020-05-11,US,Virginia,Pittsylvania,17,1,0,36.81980341,-79.39731264,51143.0,16,17,1,0,16,17,60949,0,0,0,0,0
2020-05-11,US,Virginia,Poquoson,7,0,0,37.14259351,-76.35798148,51735.0,7,7,0,0,7,7,12190,0,0,0,0,0
2020-05-11,US,Virginia,Portsmouth,208,8,0,36.85914825,-76.35971629,51740.0,200,202,8,0,194,202,94632,6,0,0,6,0
2020-05-11,US,Virginia,Powhatan,18,0,0,37.55016038,-77.91267882,51145.0,18,18,0,0,18,18,29189,0,0,0,0,0
2020-05-11,US,Virginia,Prince Edward,66,2,0,37.22554789,-78.43597949,51147.0,64,66,2,0,64,66,22950,0,0,0,0,0
2020-05-11,US,Virginia,Prince George,45,0,0,37.18497668,-77.22922187,51149.0,45,44,0,0,44,42,38082,1,0,0,1,2
2020-05-11,US,Virginia,Prince William,2991,53,0,38.70916224,-77.48713689,51153.0,2938,2740,48,0,2692,2548,468011,251,5,0,246,192
2020-05-11,US,Virginia,Pulaski,9,0,0,37.06474963,-80.71229738,51155.0,9,9,0,0,9,9,34066,0,0,0,0,0
2020-05-11,US,Virginia,Radford,3,0,0,37.12222899,-80.56027320000003,51750.0,3,3,0,0,3,3,18339,0,0,0,0,0
2020-05-11,US,Virginia,Rappahannock,10,0,0,38.68295619,-78.15826963,51157.0,10,8,0,0,8,7,7252,2,0,0,2,1
2020-05-11,US,Virginia,Richmond,190,3,0,37.937575,-76.72920628,51159.0,187,189,3,0,186,188,9038,1,0,0,1,1
2020-05-11,US,Virginia,Richmond City,546,18,0,37.53255773,-77.47966921,51760.0,528,530,18,0,512,512,228783,16,0,0,16,18
2020-05-11,US,Virginia,Roanoke,79,0,0,37.26865804,-80.06396753,51161.0,79,62,0,0,62,62,94073,17,0,0,17,0
2020-05-11,US,Virginia,Roanoke City,106,1,0,37.27791025,-79.96189766,51770.0,105,93,1,0,92,93,99920,13,0,0,13,0
2020-05-11,US,Virginia,Rockbridge,9,0,0,37.81204314,-79.44605905,51163.0,9,9,0,0,9,9,22752,0,0,0,0,0
2020-05-11,US,Virginia,Rockingham,360,2,0,38.51006137,-78.87260325,51165.0,358,344,2,0,342,339,81244,16,0,0,16,5
2020-05-11,US,Virginia,Russell,6,0,0,36.93028320000001,-82.10095486,51167.0,6,6,0,0,6,6,26748,0,0,0,0,0
2020-05-11,US,Virginia,Salem,32,0,0,37.2836193,-80.06219455,51775.0,32,31,0,0,31,31,25643,1,0,0,1,0
2020-05-11,US,Virginia,Scott,7,2,0,36.71466456,-82.60171704,51169.0,5,7,2,0,5,7,21534,0,0,0,0,0
2020-05-11,US,Virginia,Shenandoah,250,6,0,38.85905135,-78.56813762,51171.0,244,245,6,0,239,242,43497,5,0,0,5,3
2020-05-11,US,Virginia,Smyth,13,0,0,36.84455636,-81.53344948,51173.0,13,13,0,0,13,13,30472,0,0,0,0,0
2020-05-11,US,Virginia,Southampton,131,1,0,36.72231125,-77.10642712,51175.0,130,131,1,0,130,131,17586,0,0,0,0,0
2020-05-11,US,Virginia,Spotsylvania,257,4,0,38.18574462,-77.655399,51177.0,253,248,4,0,244,239,134238,9,0,0,9,9
2020-05-11,US,Virginia,Stafford,384,2,0,38.41758738,-77.45917053,51179.0,382,374,2,0,372,354,149960,10,0,0,10,20
2020-05-11,US,Virginia,Staunton,18,0,0,38.15965544,-79.05979937,51790.0,18,15,0,0,15,15,24922,3,0,0,3,0
2020-05-11,US,Virginia,Suffolk,216,19,0,36.70155394,-76.63603554,51800.0,197,215,19,0,196,215,91185,1,0,0,1,0
2020-05-11,US,Virginia,Surry,5,1,0,37.11781893,-76.88450012,51181.0,4,5,1,0,4,5,6474,0,0,0,0,0
2020-05-11,US,Virginia,Sussex,34,1,0,36.92432914,-77.25791182,51183.0,33,33,1,0,32,32,11237,1,0,0,1,1
2020-05-11,US,Virginia,Tazewell,7,0,0,37.12191123,-81.56685568,51185.0,7,7,0,0,7,6,40855,0,0,0,0,1
2020-05-11,US,Virginia,Virginia Beach,505,17,0,36.73285734,-76.04566934,51810.0,488,491,17,0,474,478,450189,14,0,0,14,13
2020-05-11,US,Virginia,Warren,86,1,0,38.90847745,-78.20280433,51187.0,85,85,1,0,84,82,40003,1,0,0,1,3
2020-05-11,US,Virginia,Washington,49,3,0,36.72341572,-81.95666289,51191.0,46,49,3,0,46,42,54402,0,0,0,0,7
2020-05-11,US,Virginia,Waynesboro,21,0,0,38.06451466,-78.90293905,51820.0,21,21,0,0,21,21,22628,0,0,0,0,0
2020-05-11,US,Virginia,Westmoreland,38,0,0,38.11021557,-76.80213247,51193.0,38,38,0,0,38,37,17830,0,0,0,0,1
2020-05-11,US,Virginia,Williamsburg,42,3,0,37.28131268,-76.70905141,51830.0,39,39,2,0,37,31,14896,3,1,0,2,8
2020-05-11,US,Virginia,Winchester,66,0,0,39.17054517,-78.17325058,51840.0,66,66,0,0,66,64,28108,0,0,0,0,2
2020-05-11,US,Virginia,Wise,22,1,0,36.9746148,-82.62410519,51195.0,21,22,1,0,21,22,38012,0,0,0,0,0
2020-05-11,US,Virginia,Wythe,13,1,0,36.91582035,-81.07834059,51197.0,12,13,1,0,12,13,28754,0,0,0,0,0
2020-05-11,US,Virginia,York,57,2,0,37.24374789,-76.54412815,51199.0,55,56,2,0,54,55,67846,1,0,0,1,1
2020-05-11,US,Washington,Adams,49,0,0,46.98299757,-118.56017340000001,53001.0,49,49,0,0,49,49,19759,0,0,0,0,0
2020-05-11,US,Washington,Asotin,18,2,0,46.18894415,-117.2022851,53003.0,16,18,2,0,16,18,22610,0,0,0,0,0
2020-05-11,US,Washington,Benton,586,52,0,46.23946995,-119.51208340000001,53005.0,534,577,51,0,526,575,201877,9,1,0,8,2
2020-05-11,US,Washington,Chelan,149,6,0,47.87046092,-120.6173956,53007.0,143,148,5,0,143,143,77036,1,1,0,0,5
2020-05-11,US,Washington,Clallam,19,0,0,48.04754642,-123.92263190000001,53009.0,19,19,0,0,19,19,76737,0,0,0,0,0
2020-05-11,US,Washington,Clark,352,20,0,45.77568046,-122.48292040000001,53011.0,332,351,20,0,331,346,481857,1,0,0,1,5
2020-05-11,US,Washington,Columbia,1,0,0,46.29442881,-117.9051983,53013.0,1,1,0,0,1,1,4059,0,0,0,0,0
2020-05-11,US,Washington,Cowlitz,66,0,0,46.19074721,-122.6782231,53015.0,66,66,0,0,66,65,108987,0,0,0,0,1
2020-05-11,US,Washington,Douglas,114,2,0,47.7361335,-119.69293700000001,53017.0,112,112,2,0,110,107,42907,2,0,0,2,5
2020-05-11,US,Washington,Ferry,1,0,0,48.471143100000006,-118.5154041,53019.0,1,1,0,0,1,1,7649,0,0,0,0,0
2020-05-11,US,Washington,Franklin,420,16,0,46.53351425,-118.9018212,53021.0,404,412,16,0,396,408,94347,8,0,0,8,4
2020-05-11,US,Washington,Grant,183,3,0,47.20753737,-119.4500749,53025.0,180,181,3,0,178,181,97331,2,0,0,2,0
2020-05-11,US,Washington,Grays Harbor,13,0,0,47.14003705,-123.7820567,53027.0,13,13,0,0,13,14,73901,0,0,0,0,-1
2020-05-11,US,Washington,Island,174,9,0,48.14713305,-122.5216407,53029.0,165,174,9,0,165,173,84460,0,0,0,0,1
2020-05-11,US,Washington,Jefferson,29,0,0,47.75003077,-123.56097040000002,53031.0,29,29,0,0,29,29,31729,0,0,0,0,0
2020-05-11,US,Washington,King,7068,506,0,47.49137892,-121.8346131,53033.0,6562,7007,500,0,6507,6947,2233163,61,6,0,55,60
2020-05-11,US,Washington,Kitsap,156,2,0,47.63479026,-122.6436061,53035.0,154,155,2,0,153,155,269805,1,0,0,1,0
2020-05-11,US,Washington,Kittitas,40,0,0,47.12521214,-120.67943899999999,53037.0,40,18,0,0,18,17,47364,22,0,0,22,1
2020-05-11,US,Washington,Klickitat,20,3,0,45.87325839,-120.7913598,53039.0,17,19,3,0,16,19,22107,1,0,0,1,0
2020-05-11,US,Washington,Lewis,30,3,0,46.57756476,-122.39257690000001,53041.0,27,30,3,0,27,30,79604,0,0,0,0,0
2020-05-11,US,Washington,Lincoln,2,0,0,47.57705241,-118.41943880000001,53043.0,2,2,0,0,2,2,10740,0,0,0,0,0
2020-05-11,US,Washington,Mason,28,1,0,47.35007586,-123.1863685,53045.0,27,28,1,0,27,28,65507,0,0,0,0,0
2020-05-11,US,Washington,Okanogan,25,1,0,48.54855019,-119.73872240000001,53047.0,24,25,1,0,24,22,42132,0,0,0,0,3
2020-05-11,US,Washington,Pacific,9,0,0,46.55418369,-123.7285716,53049.0,9,9,0,0,9,9,22036,0,0,0,0,0
2020-05-11,US,Washington,Pend Oreille,2,0,0,48.53234021,-117.2741804,53051.0,2,2,0,0,2,2,13602,0,0,0,0,0
2020-05-11,US,Washington,Pierce,1582,58,0,47.03892768,-122.14059579999999,53053.0,1524,1562,57,0,1505,1539,891299,20,1,0,19,23
2020-05-11,US,Washington,San Juan,15,0,0,48.60182783,-122.96745,53055.0,15,15,0,0,15,15,17128,0,0,0,0,0
2020-05-11,US,Washington,Skagit,402,14,0,48.48171488,-121.766131,53057.0,388,401,14,0,387,397,128206,1,0,0,1,4
2020-05-11,US,Washington,Skamania,3,0,0,46.02408726,-121.91644029999999,53059.0,3,3,0,0,3,3,11924,0,0,0,0,0
2020-05-11,US,Washington,Snohomish,2690,118,0,48.04615983,-121.7170703,53061.0,2572,2681,117,0,2564,2664,814901,9,1,0,8,17
2020-05-11,US,Washington,Spokane,384,29,0,47.62113146,-117.4046494,53063.0,355,382,28,0,354,381,514631,2,1,0,1,1
2020-05-11,US,Washington,Stevens,9,1,0,48.40035475,-117.8542701,53065.0,8,9,1,0,8,9,45260,0,0,0,0,0
2020-05-11,US,Washington,Thurston,121,1,0,46.9291895,-122.82906559999999,53067.0,120,121,1,0,120,117,286419,0,0,0,0,4
2020-05-11,US,Washington,Unassigned,38,0,0,0.0,0.0,90053.0,38,40,0,0,40,56,,-2,0,0,-2,-16
2020-05-11,US,Washington,Wahkiakum,4,0,0,46.29180039999999,-123.4250831,53069.0,4,3,0,0,3,3,4426,1,0,0,1,0
2020-05-11,US,Washington,Walla Walla,103,2,0,46.23040051,-118.4775539,53071.0,101,99,2,0,97,99,60922,4,0,0,4,0
2020-05-11,US,Washington,Whatcom,338,34,0,48.82227976,-121.74900179999999,53073.0,304,333,34,0,299,330,225685,5,0,0,5,3
2020-05-11,US,Washington,Whitman,15,0,0,46.90022523,-117.52417630000001,53075.0,15,15,0,0,15,15,49791,0,0,0,0,0
2020-05-11,US,Washington,Yakima,1864,62,0,46.45738486,-120.73801259999999,53077.0,1802,1781,59,0,1722,1686,251446,83,3,0,80,95
2020-05-11,US,West Virginia,Barbour,7,1,0,39.1307219,-80.00350858,54001.0,6,7,1,0,6,7,16535,0,0,0,0,0
2020-05-11,US,West Virginia,Berkeley,190,5,0,39.46704621,-78.02414609,54003.0,185,188,5,0,183,184,117123,2,0,0,2,4
2020-05-11,US,West Virginia,Boone,9,0,0,38.01974191,-81.69888019,54005.0,9,9,0,0,9,8,21951,0,0,0,0,1
2020-05-11,US,West Virginia,Braxton,2,0,0,38.70036159,-80.72011184,54007.0,2,2,0,0,2,2,14089,0,0,0,0,0
2020-05-11,US,West Virginia,Brooke,3,0,0,40.27367263,-80.57915332,54009.0,3,3,0,0,3,3,22203,0,0,0,0,0
2020-05-11,US,West Virginia,Cabell,53,0,0,38.42424062,-82.23855912,54011.0,53,52,0,0,52,48,93224,1,0,0,1,4
2020-05-11,US,West Virginia,Clay,2,0,0,38.46231092,-81.07652217,54015.0,2,2,0,0,2,2,8632,0,0,0,0,0
2020-05-11,US,West Virginia,Fayette,35,0,0,38.02974928,-81.08286634,54019.0,35,35,0,0,35,30,43018,0,0,0,0,5
2020-05-11,US,West Virginia,Gilmer,8,0,0,38.9251277,-80.85952723,54021.0,8,8,0,0,8,4,8026,0,0,0,0,4
2020-05-11,US,West Virginia,Grant,3,0,0,39.10314817,-79.19440518,54023.0,3,3,0,0,3,3,11626,0,0,0,0,0
2020-05-11,US,West Virginia,Greenbrier,8,0,0,37.9463652,-80.45335881,54025.0,8,8,0,0,8,8,34786,0,0,0,0,0
2020-05-11,US,West Virginia,Hampshire,9,1,0,39.32103553,-78.60826476,54027.0,8,9,1,0,8,8,23347,0,0,0,0,1
2020-05-11,US,West Virginia,Hancock,12,0,0,40.51943859,-80.57461608,54029.0,12,12,0,0,12,12,29094,0,0,0,0,0
2020-05-11,US,West Virginia,Hardy,16,0,0,39.00683177,-78.85855301,54031.0,16,16,0,0,16,15,13775,0,0,0,0,1
2020-05-11,US,West Virginia,Harrison,34,1,0,39.2853852,-80.37919577,54033.0,33,33,1,0,32,33,67554,1,0,0,1,0
2020-05-11,US,West Virginia,Jackson,136,15,0,38.84263974,-81.68148753,54035.0,121,136,15,0,121,136,28706,0,0,0,0,0
2020-05-11,US,West Virginia,Jefferson,88,1,0,39.30776166,-77.86014147,54037.0,87,88,1,0,87,87,56811,0,0,0,0,1
2020-05-11,US,West Virginia,Kanawha,185,11,0,38.33860077,-81.52857054,54039.0,174,183,11,0,172,180,180454,2,0,0,2,3
2020-05-11,US,West Virginia,Lewis,4,0,0,38.9947249,-80.49988181,54041.0,4,4,0,0,4,4,16024,0,0,0,0,0
2020-05-11,US,West Virginia,Lincoln,5,0,0,38.172154,-82.07017953,54043.0,5,5,0,0,5,4,20599,0,0,0,0,1
2020-05-11,US,West Virginia,Logan,13,1,0,37.8299889,-81.93528571,54045.0,12,13,1,0,12,13,32607,0,0,0,0,0
2020-05-11,US,West Virginia,Marion,46,2,0,39.50984542,-80.24244659,54049.0,44,46,2,0,44,46,56097,0,0,0,0,0
2020-05-11,US,West Virginia,Marshall,22,0,0,39.86064362,-80.66591062,54051.0,22,22,0,0,22,20,30785,0,0,0,0,2
2020-05-11,US,West Virginia,Mason,13,0,0,38.77071799,-82.02524219,54053.0,13,13,0,0,13,13,26718,0,0,0,0,0
2020-05-11,US,West Virginia,McDowell,6,0,0,37.38002939,-81.65083669,54047.0,6,6,0,0,6,6,18223,0,0,0,0,0
2020-05-11,US,West Virginia,Mercer,11,0,0,37.40481169,-81.11023142,54055.0,11,11,0,0,11,11,59131,0,0,0,0,0
2020-05-11,US,West Virginia,Mineral,23,0,0,39.41561583,-78.94104895,54057.0,23,23,0,0,23,20,26940,0,0,0,0,3
2020-05-11,US,West Virginia,Mingo,2,1,0,37.73048351,-82.13338365,54059.0,1,2,1,0,1,2,23785,0,0,0,0,0
2020-05-11,US,West Virginia,Monongalia,113,5,0,39.63218457,-80.04766838,54061.0,108,114,5,0,109,111,106420,-1,0,0,-1,3
2020-05-11,US,West Virginia,Monroe,6,0,0,37.56274716,-80.54577965,54063.0,6,6,0,0,6,6,13280,0,0,0,0,0
2020-05-11,US,West Virginia,Morgan,16,0,0,39.55439028,-78.26311676,54065.0,16,16,0,0,16,16,17787,0,0,0,0,0
2020-05-11,US,West Virginia,Nicholas,8,0,0,38.29617706,-80.79759588,54067.0,8,8,0,0,8,8,24842,0,0,0,0,0
2020-05-11,US,West Virginia,Ohio,38,1,0,40.0955451,-80.62203992,54069.0,37,37,1,0,36,35,41755,1,0,0,1,2
2020-05-11,US,West Virginia,Pendleton,5,0,0,38.68314479,-79.35084086,54071.0,5,5,0,0,5,5,6997,0,0,0,0,0
2020-05-11,US,West Virginia,Pleasants,2,0,0,39.37091679,-81.16771771,54073.0,2,2,0,0,2,2,7507,0,0,0,0,0
2020-05-11,US,West Virginia,Pocahontas,2,0,0,38.32758728,-80.00993811,54075.0,2,2,0,0,2,2,8414,0,0,0,0,0
2020-05-11,US,West Virginia,Preston,14,0,0,39.46770987,-79.66712803,54077.0,14,14,0,0,14,14,33839,0,0,0,0,0
2020-05-11,US,West Virginia,Putnam,27,0,0,38.50782345,-81.9082131,54079.0,27,27,0,0,27,27,56682,0,0,0,0,0
2020-05-11,US,West Virginia,Raleigh,9,0,0,37.76936795,-81.2456041,54081.0,9,9,0,0,9,9,74254,0,0,0,0,0
2020-05-11,US,West Virginia,Randolph,5,0,0,38.769899,-79.87919615,54083.0,5,5,0,0,5,5,28823,0,0,0,0,0
2020-05-11,US,West Virginia,Ritchie,1,0,0,39.18094587,-81.06356878,54085.0,1,1,0,0,1,1,9721,0,0,0,0,0
2020-05-11,US,West Virginia,Roane,8,0,0,38.71622686,-81.35243568,54087.0,8,8,0,0,8,8,13932,0,0,0,0,0
2020-05-11,US,West Virginia,Summers,1,0,0,37.65390597,-80.86009693,54089.0,1,1,0,0,1,1,12760,0,0,0,0,0
2020-05-11,US,West Virginia,Taylor,8,0,0,39.33602617,-80.0421439,54091.0,8,8,0,0,8,8,16862,0,0,0,0,0
2020-05-11,US,West Virginia,Tucker,4,0,0,39.11240885,-79.57053576,54093.0,4,4,0,0,4,4,6955,0,0,0,0,0
2020-05-11,US,West Virginia,Tyler,3,0,0,39.46811972,-80.88772676,54095.0,3,3,0,0,3,3,8746,0,0,0,0,0
2020-05-11,US,West Virginia,Upshur,5,0,0,38.89285061,-80.23689136,54097.0,5,5,0,0,5,5,24415,0,0,0,0,0
2020-05-11,US,West Virginia,Wayne,93,7,0,38.14901357,-82.42287994,54099.0,86,93,7,0,86,93,39944,0,0,0,0,0
2020-05-11,US,West Virginia,Wetzel,6,0,0,39.6065771,-80.64016540000001,54103.0,6,6,0,0,6,4,15270,0,0,0,0,2
2020-05-11,US,West Virginia,Wirt,3,0,0,39.02775007,-81.37473928,54105.0,3,3,0,0,3,3,5830,0,0,0,0,0
2020-05-11,US,West Virginia,Wood,43,2,0,39.20967886,-81.5162836,54107.0,41,43,2,0,41,43,84203,0,0,0,0,0
2020-05-11,US,West Virginia,Wyoming,1,0,0,37.612327,-81.54511071,54109.0,1,1,0,0,1,1,20786,0,0,0,0,0
2020-05-11,US,Wisconsin,Adams,4,1,0,43.96974651,-89.76782777,55001.0,3,4,1,0,3,4,20348,0,0,0,0,0
2020-05-11,US,Wisconsin,Ashland,2,0,0,46.31956891,-90.67837132,55003.0,2,2,0,0,2,2,15600,0,0,0,0,0
2020-05-11,US,Wisconsin,Barron,11,0,0,45.42372701,-91.84833627,55005.0,11,12,0,0,12,10,45164,-1,0,0,-1,2
2020-05-11,US,Wisconsin,Bayfield,3,1,0,46.52868768,-91.19716729,55007.0,2,3,1,0,2,3,15042,0,0,0,0,0
2020-05-11,US,Wisconsin,Brown,1924,18,0,44.452655299999996,-88.00411844,55009.0,1906,1897,18,0,1879,1834,263378,27,0,0,27,63
2020-05-11,US,Wisconsin,Buffalo,5,1,0,44.37835084,-91.75332578,55011.0,4,5,1,0,4,5,13125,0,0,0,0,0
2020-05-11,US,Wisconsin,Calumet,41,1,0,44.0816316,-88.21780273,55015.0,40,40,1,0,39,35,50159,1,0,0,1,5
2020-05-11,US,Wisconsin,Chippewa,30,0,0,45.06939744,-91.28068855,55017.0,30,29,0,0,29,29,64135,1,0,0,1,0
2020-05-11,US,Wisconsin,Clark,24,4,0,44.73483377,-90.61207486,55019.0,20,24,4,0,20,24,34709,0,0,0,0,0
2020-05-11,US,Wisconsin,Columbia,32,1,0,43.46492199,-89.33589004,55021.0,31,32,1,0,31,32,57358,0,0,0,0,0
2020-05-11,US,Wisconsin,Crawford,17,0,0,43.23870316,-90.93073686,55023.0,17,17,0,0,17,17,16291,0,0,0,0,0
2020-05-11,US,Wisconsin,Dane,474,22,0,43.06601594,-89.41733797,55025.0,452,472,22,0,450,465,542364,2,0,0,2,7
2020-05-11,US,Wisconsin,Dodge,74,1,0,43.41576662,-88.70928178,55027.0,73,67,1,0,66,55,87847,7,0,0,7,12
2020-05-11,US,Wisconsin,Door,22,3,0,44.95856458,-87.30002707,55029.0,19,21,3,0,18,20,27610,1,0,0,1,1
2020-05-11,US,Wisconsin,Douglas,11,0,0,46.43222285,-91.91595768,55031.0,11,11,0,0,11,11,43208,0,0,0,0,0
2020-05-11,US,Wisconsin,Dunn,14,0,0,44.94562799,-91.8962481,55033.0,14,14,0,0,14,14,45131,0,0,0,0,0
2020-05-11,US,Wisconsin,Eau Claire,57,0,0,44.726614,-91.28609183,55035.0,57,54,0,0,54,54,104534,3,0,0,3,0
2020-05-11,US,Wisconsin,Florence,2,0,0,45.84963535,-88.39804137,55037.0,2,2,0,0,2,2,4321,0,0,0,0,0
2020-05-11,US,Wisconsin,Fond du Lac,101,3,0,43.75354908,-88.48885325,55039.0,98,93,3,0,90,86,103066,8,0,0,8,7
2020-05-11,US,Wisconsin,Forest,4,0,0,45.66678019,-88.77084892,55041.0,4,3,0,0,3,1,8991,1,0,0,1,2
2020-05-11,US,Wisconsin,Grant,68,9,0,42.8671731,-90.7063218,55043.0,59,68,7,0,61,67,51554,0,2,0,-2,1
2020-05-11,US,Wisconsin,Green,33,0,0,42.6794956,-89.60243287,55045.0,33,33,0,0,33,33,36929,0,0,0,0,0
2020-05-11,US,Wisconsin,Green Lake,8,0,0,43.80025981,-89.04679553,55047.0,8,8,0,0,8,7,18918,0,0,0,0,1
2020-05-11,US,Wisconsin,Iowa,10,0,0,43.00050278,-90.13469017,55049.0,10,10,0,0,10,10,23771,0,0,0,0,0
2020-05-11,US,Wisconsin,Iron,2,1,0,46.26302338,-90.24295041,55051.0,1,2,1,0,1,2,5676,0,0,0,0,0
2020-05-11,US,Wisconsin,Jackson,14,1,0,44.31864893,-90.80566792,55053.0,13,14,1,0,13,12,20478,0,0,0,0,2
2020-05-11,US,Wisconsin,Jefferson,51,2,0,43.02054068,-88.77529134,55055.0,49,50,2,0,48,50,85129,1,0,0,1,0
2020-05-11,US,Wisconsin,Juneau,21,1,0,43.92456975,-90.11120239,55057.0,20,21,1,0,20,21,26617,0,0,0,0,0
2020-05-11,US,Wisconsin,Kenosha,693,16,0,42.57639354,-88.04051686,55059.0,677,682,15,0,667,651,169290,11,1,0,10,31
2020-05-11,US,Wisconsin,Kewaunee,29,1,0,44.51727459,-87.61468386,55061.0,28,29,1,0,28,28,20383,0,0,0,0,1
2020-05-11,US,Wisconsin,La Crosse,32,0,0,43.90632465,-91.11451093,55063.0,32,33,0,0,33,32,118230,-1,0,0,-1,1
2020-05-11,US,Wisconsin,Lafayette,13,0,0,42.66005229,-90.1317729,55065.0,13,13,0,0,13,13,16665,0,0,0,0,0
2020-05-11,US,Wisconsin,Lincoln,1,0,0,45.33737523,-89.73411273,55069.0,1,1,0,0,1,1,27689,0,0,0,0,0
2020-05-11,US,Wisconsin,Manitowoc,19,1,0,44.11946801,-87.80928853,55071.0,18,19,1,0,18,19,79074,0,0,0,0,0
2020-05-11,US,Wisconsin,Marathon,25,1,0,44.89792533,-89.75863384,55073.0,24,24,1,0,23,24,135428,1,0,0,1,0
2020-05-11,US,Wisconsin,Marinette,21,1,0,45.38553432,-88.03324599999998,55075.0,20,16,1,0,15,16,40434,5,0,0,5,0
2020-05-11,US,Wisconsin,Marquette,3,1,0,43.81911946,-89.40073763,55077.0,2,3,1,0,2,3,15434,0,0,0,0,0
2020-05-11,US,Wisconsin,Menominee,2,0,0,45.00422544,-88.70950714,55078.0,2,2,0,0,2,2,4658,0,0,0,0,0
2020-05-11,US,Wisconsin,Milwaukee,4022,231,0,43.00486062,-87.96733172,55079.0,3791,3952,225,0,3727,3854,948201,70,6,0,64,98
2020-05-11,US,Wisconsin,Monroe,15,1,0,43.94641218,-90.61881899999999,55081.0,14,14,1,0,13,14,46051,1,0,0,1,0
2020-05-11,US,Wisconsin,Oconto,28,0,0,45.02715345,-88.26807503,55083.0,28,27,0,0,27,28,37830,1,0,0,1,-1
2020-05-11,US,Wisconsin,Oneida,7,0,0,45.70677897,-89.51944105,55085.0,7,7,0,0,7,7,35470,0,0,0,0,0
2020-05-11,US,Wisconsin,Outagamie,117,2,0,44.41578887,-88.46565023,55087.0,115,112,2,0,110,111,187365,5,0,0,5,1
2020-05-11,US,Wisconsin,Ozaukee,107,9,0,43.38352225,-87.94625009,55089.0,98,105,9,0,96,104,89147,2,0,0,2,1
2020-05-11,US,Wisconsin,Pierce,13,0,0,44.71850291,-92.4224416,55093.0,13,12,0,0,12,12,42555,1,0,0,1,0
2020-05-11,US,Wisconsin,Polk,5,0,0,45.46130348,-92.44182875,55095.0,5,5,0,0,5,5,43598,0,0,0,0,0
2020-05-11,US,Wisconsin,Portage,7,0,0,44.47558711,-89.50152965,55097.0,7,7,0,0,7,7,70942,0,0,0,0,0
2020-05-11,US,Wisconsin,Price,1,0,0,45.68051754,-90.36098879999999,55099.0,1,1,0,0,1,1,13397,0,0,0,0,0
2020-05-11,US,Wisconsin,Racine,724,16,0,42.74753117,-88.05941254,55101.0,708,704,16,0,688,680,196584,20,0,0,20,24
2020-05-11,US,Wisconsin,Richland,13,2,0,43.3762778,-90.43012729,55103.0,11,13,2,0,11,13,17377,0,0,0,0,0
2020-05-11,US,Wisconsin,Rock,361,13,0,42.67151616,-89.07147900000002,55105.0,348,354,13,0,341,347,163129,7,0,0,7,7
2020-05-11,US,Wisconsin,Rusk,4,0,0,45.47498854,-91.1333012,55107.0,4,4,0,0,4,4,14147,0,0,0,0,0
2020-05-11,US,Wisconsin,Sauk,72,3,0,43.42574087,-89.94966132,55111.0,69,71,3,0,68,71,64249,1,0,0,1,0
2020-05-11,US,Wisconsin,Sawyer,4,0,0,45.87931905,-91.14504927,55113.0,4,4,0,0,4,4,16489,0,0,0,0,0
2020-05-11,US,Wisconsin,Shawano,25,0,0,44.78902246,-88.76443896,55115.0,25,22,0,0,22,20,40796,3,0,0,3,2
2020-05-11,US,Wisconsin,Sheboygan,66,2,0,43.72099677,-87.94579284,55117.0,64,66,2,0,64,65,115456,0,0,0,0,1
2020-05-11,US,Wisconsin,St. Croix,29,0,0,45.03437474,-92.45000068,55109.0,29,27,0,0,27,27,89694,2,0,0,2,0
2020-05-11,US,Wisconsin,Trempealeau,5,0,0,44.30360275,-91.35893614,55121.0,5,5,0,0,5,5,29442,0,0,0,0,0
2020-05-11,US,Wisconsin,Vernon,3,0,0,43.59422667,-90.8324691,55123.0,3,3,0,0,3,3,30785,0,0,0,0,0
2020-05-11,US,Wisconsin,Vilas,4,0,0,46.05467334,-89.51719204,55125.0,4,4,0,0,4,4,21938,0,0,0,0,0
2020-05-11,US,Wisconsin,Walworth,240,10,0,42.66858202,-88.54163073,55127.0,230,235,10,0,225,229,103718,5,0,0,5,6
2020-05-11,US,Wisconsin,Washburn,1,0,0,45.89838588,-91.79050449,55129.0,1,1,0,0,1,1,15878,0,0,0,0,0
2020-05-11,US,Wisconsin,Washington,118,4,0,43.36863664,-88.22974712,55131.0,114,117,4,0,113,116,135693,1,0,0,1,1
2020-05-11,US,Wisconsin,Waukesha,409,23,0,43.01833055,-88.30431188,55133.0,386,400,23,0,377,396,403072,9,0,0,9,4
2020-05-11,US,Wisconsin,Waupaca,13,1,0,44.47068056,-88.96534501,55135.0,12,13,1,0,12,13,51128,0,0,0,0,0
2020-05-11,US,Wisconsin,Waushara,4,0,0,44.11324419,-89.24317107,55137.0,4,4,0,0,4,4,24263,0,0,0,0,0
2020-05-11,US,Wisconsin,Winnebago,100,1,0,44.06886922,-88.64477096,55139.0,99,98,1,0,97,98,171020,2,0,0,2,0
2020-05-11,US,Wisconsin,Wood,4,0,0,44.45537896,-90.04158336,55141.0,4,2,0,0,2,2,73055,2,0,0,2,0
2020-05-11,US,Wyoming,Albany,8,0,0,41.65498705,-105.72354150000001,56001.0,8,8,0,0,8,8,38601,0,0,0,0,0
2020-05-11,US,Wyoming,Big Horn,3,0,0,44.52405055,-107.9960365,56003.0,3,3,0,0,3,3,11881,0,0,0,0,0
2020-05-11,US,Wyoming,Campbell,29,0,0,44.24886082,-105.54744040000001,56005.0,29,29,0,0,29,29,46140,0,0,0,0,0
2020-05-11,US,Wyoming,Carbon,5,0,0,41.69357844,-106.9326084,56007.0,5,5,0,0,5,5,14971,0,0,0,0,0
2020-05-11,US,Wyoming,Converse,23,0,0,42.97272268,-105.5081848,56009.0,23,23,0,0,23,23,13640,0,0,0,0,0
2020-05-11,US,Wyoming,Crook,5,0,0,44.58855102,-104.56977049999999,56011.0,5,5,0,0,5,5,7450,0,0,0,0,0
2020-05-11,US,Wyoming,Fremont,191,0,0,43.04183996,-108.6296893,56013.0,191,187,0,0,187,180,39531,4,0,0,4,7
2020-05-11,US,Wyoming,Goshen,5,0,0,42.08798185,-104.3534743,56015.0,5,5,0,0,5,5,13376,0,0,0,0,0
2020-05-11,US,Wyoming,Hot Springs,3,0,0,43.71930657,-108.44231740000001,56017.0,3,3,0,0,3,3,4555,0,0,0,0,0
2020-05-11,US,Wyoming,Johnson,15,1,0,44.04057166,-106.58451740000001,56019.0,14,15,1,0,14,15,8460,0,0,0,0,0
2020-05-11,US,Wyoming,Laramie,166,0,0,41.30702520000001,-104.6887497,56021.0,166,164,0,0,164,163,98976,2,0,0,2,1
2020-05-11,US,Wyoming,Lincoln,11,0,0,42.26376367,-110.6563997,56023.0,11,11,0,0,11,10,19434,0,0,0,0,1
2020-05-11,US,Wyoming,Natrona,48,0,0,42.96180148,-106.79788500000001,56025.0,48,48,0,0,48,48,79115,0,0,0,0,0
2020-05-11,US,Wyoming,Niobrara,2,0,0,43.05607708,-104.47588959999999,56027.0,2,2,0,0,2,2,2388,0,0,0,0,0
2020-05-11,US,Wyoming,Park,1,0,0,44.52157546,-109.58528249999999,56029.0,1,1,0,0,1,1,29324,0,0,0,0,0
2020-05-11,US,Wyoming,Sheridan,16,0,0,44.79048913,-106.8862389,56033.0,16,16,0,0,16,16,30233,0,0,0,0,0
2020-05-11,US,Wyoming,Sublette,3,0,0,42.76558279,-109.91309220000001,56035.0,3,3,0,0,3,3,9813,0,0,0,0,0
2020-05-11,US,Wyoming,Sweetwater,20,0,0,41.65943896,-108.8827882,56037.0,20,19,0,0,19,19,43051,1,0,0,1,0
2020-05-11,US,Wyoming,Teton,98,0,0,43.93522482,-110.5890801,56039.0,98,98,0,0,98,98,23081,0,0,0,0,0
2020-05-11,US,Wyoming,Uinta,9,0,0,41.2878183,-110.54757820000002,56041.0,9,9,0,0,9,9,20299,0,0,0,0,0
2020-05-11,US,Wyoming,Unassigned,0,6,0,0.0,0.0,90056.0,-6,0,6,0,-6,0,,0,0,0,0,0
2020-05-11,US,Wyoming,Washakie,8,0,0,43.90451606,-107.68018700000002,56043.0,8,8,0,0,8,8,7885,0,0,0,0,0
