Date,Country/Region,Province/State,Admin2,Confirmed,Deaths,Recovered,Latitude,Longitude,FIPS,Active Cases,Previous Confirmed,Previous Deaths,Previous Recovered,Previous Active,Prev2 Confirmed,Population,Daily Confirmed,Daily Deaths,Daily Recovered,Daily Active,Previous Daily Confirmed
2020-05-28,US,Alabama,Autauga,205,3,0,32.53952745,-86.64408227,1001.0,202,192,3,0,189,189,55601,13,0,0,13,3
2020-05-28,US,Alabama,Baldwin,281,9,0,30.72774991,-87.72207058,1003.0,272,282,9,0,273,277,218022,-1,0,0,-1,5
2020-05-28,US,Alabama,Barbour,132,1,0,31.868263,-85.3871286,1005.0,131,130,1,0,129,122,24881,2,0,0,2,8
2020-05-28,US,Alabama,Bibb,71,1,0,32.99642064,-87.12511459999996,1007.0,70,71,1,0,70,66,22400,0,0,0,0,5
2020-05-28,US,Alabama,Blount,58,1,0,33.98210918,-86.56790593,1009.0,57,53,1,0,52,51,57840,5,0,0,5,2
2020-05-28,US,Alabama,Bullock,183,3,0,32.10030533,-85.71265535,1011.0,180,176,3,0,173,167,10138,7,0,0,7,9
2020-05-28,US,Alabama,Butler,392,13,0,31.75300095,-86.68057478,1013.0,379,391,13,0,378,380,19680,1,0,0,1,11
2020-05-28,US,Alabama,Calhoun,152,3,0,33.77483727,-85.82630386,1015.0,149,152,3,0,149,150,114277,0,0,0,0,2
2020-05-28,US,Alabama,Chambers,349,24,0,32.91360079,-85.39072749,1017.0,325,340,24,0,316,338,33615,9,0,0,9,2
2020-05-28,US,Alabama,Cherokee,34,2,0,34.17805983,-85.60638968,1019.0,32,33,2,0,31,33,26032,1,0,0,1,0
2020-05-28,US,Alabama,Chilton,97,1,0,32.85044126,-86.7173256,1021.0,96,93,1,0,92,90,44153,4,0,0,4,3
2020-05-28,US,Alabama,Choctaw,148,8,0,32.02227341,-88.26564429999998,1023.0,140,148,7,0,141,147,12841,0,1,0,-1,1
2020-05-28,US,Alabama,Clarke,129,2,0,31.68099859,-87.83548597,1025.0,127,128,2,0,126,120,23920,1,0,0,1,8
2020-05-28,US,Alabama,Clay,27,2,0,33.26984193,-85.85836077,1027.0,25,27,2,0,25,27,13275,0,0,0,0,0
2020-05-28,US,Alabama,Cleburne,13,1,0,33.67679204,-85.52005899,1029.0,12,13,1,0,12,13,14987,0,0,0,0,0
2020-05-28,US,Alabama,Coffee,224,1,0,31.39932826,-85.98901039,1031.0,223,219,1,0,218,216,51909,5,0,0,5,3
2020-05-28,US,Alabama,Colbert,161,2,0,34.69847452,-87.80168544,1033.0,159,161,2,0,159,155,54762,0,0,0,0,6
2020-05-28,US,Alabama,Conecuh,35,1,0,31.43401703,-86.99320044,1035.0,34,35,1,0,34,30,12277,0,0,0,0,5
2020-05-28,US,Alabama,Coosa,35,1,0,32.93690146,-86.24847739,1037.0,34,34,1,0,33,34,10715,1,0,0,1,0
2020-05-28,US,Alabama,Covington,77,1,0,31.247785399999998,-86.45050893,1039.0,76,75,1,0,74,71,36986,2,0,0,2,4
2020-05-28,US,Alabama,Crenshaw,72,2,0,31.72941803,-86.31593104,1041.0,70,66,2,0,64,62,13824,6,0,0,6,4
2020-05-28,US,Alabama,Cullman,96,0,0,34.13020303,-86.86888037,1043.0,96,88,0,0,88,83,83442,8,0,0,8,5
2020-05-28,US,Alabama,Dale,99,0,0,31.43037123,-85.61095742,1045.0,99,96,0,0,96,92,48956,3,0,0,3,4
2020-05-28,US,Alabama,Dallas,244,3,0,32.32688101,-87.10866709999998,1047.0,241,232,3,0,229,222,38310,12,0,0,12,10
2020-05-28,US,Alabama,DeKalb,241,3,0,34.45946862,-85.80782906,1049.0,238,240,3,0,237,234,71385,1,0,0,1,6
2020-05-28,US,Alabama,Elmore,313,7,0,32.59785413,-86.14415284,1051.0,306,300,7,0,293,292,81887,13,0,0,13,8
2020-05-28,US,Alabama,Escambia,49,3,0,31.1256789,-87.15918694,1053.0,46,48,3,0,45,45,36748,1,0,0,1,3
2020-05-28,US,Alabama,Etowah,244,11,0,34.04567266,-86.04051873,1055.0,233,240,11,0,229,240,102501,4,0,0,4,0
2020-05-28,US,Alabama,Fayette,13,0,0,33.72076938,-87.73886638,1057.0,13,13,0,0,13,13,16433,0,0,0,0,0
2020-05-28,US,Alabama,Franklin,514,7,0,34.44235334,-87.84289505,1059.0,507,498,6,0,492,486,31363,16,1,0,15,12
2020-05-28,US,Alabama,Geneva,40,0,0,31.09389027,-85.83572839,1061.0,40,40,0,0,40,40,26314,0,0,0,0,0
2020-05-28,US,Alabama,Greene,92,4,0,32.85504247,-87.95684022,1063.0,88,91,4,0,87,91,8233,1,0,0,1,0
2020-05-28,US,Alabama,Hale,151,7,0,32.76039258,-87.63284988,1065.0,144,141,6,0,135,135,14726,10,1,0,9,6
2020-05-28,US,Alabama,Henry,71,2,0,31.51148016,-85.24267944,1067.0,69,70,2,0,68,69,17209,1,0,0,1,1
2020-05-28,US,Alabama,Houston,188,4,0,31.15197924,-85.29939599,1069.0,184,185,4,0,181,183,104722,3,0,0,3,2
2020-05-28,US,Alabama,Jackson,75,2,0,34.78144169,-85.99750489,1071.0,73,74,2,0,72,72,51736,1,0,0,1,2
2020-05-28,US,Alabama,Jefferson,1712,100,0,33.55554728,-86.89506300000002,1073.0,1612,1673,97,0,1576,1645,659300,39,3,0,36,28
2020-05-28,US,Alabama,Lamar,21,0,0,33.77995024,-88.09668032,1075.0,21,21,0,0,21,21,13844,0,0,0,0,0
2020-05-28,US,Alabama,Lauderdale,153,2,0,34.90171875,-87.65624729,1077.0,151,145,2,0,143,141,92387,8,0,0,8,4
2020-05-28,US,Alabama,Lawrence,46,0,0,34.52041498,-87.31069453,1079.0,46,46,0,0,46,45,32957,0,0,0,0,1
2020-05-28,US,Alabama,Lee,533,32,0,32.60154883,-85.35132246,1081.0,501,526,32,0,494,522,163941,7,0,0,7,4
2020-05-28,US,Alabama,Limestone,87,0,0,34.81185586,-86.98310072,1083.0,87,86,0,0,86,82,96174,1,0,0,1,4
2020-05-28,US,Alabama,Lowndes,222,10,0,32.1597283,-86.65158371,1085.0,212,216,10,0,206,207,9974,6,0,0,6,9
2020-05-28,US,Alabama,Macon,71,2,0,32.38759944,-85.69267724,1087.0,69,67,2,0,65,65,18439,4,0,0,4,2
2020-05-28,US,Alabama,Madison,318,4,0,34.76327133,-86.55069633,1089.0,314,315,4,0,311,309,366519,3,0,0,3,6
2020-05-28,US,Alabama,Marengo,155,6,0,32.24767634,-87.78796182,1091.0,149,150,6,0,144,145,19066,5,0,0,5,5
2020-05-28,US,Alabama,Marion,119,11,0,34.13697363,-87.88704173,1093.0,108,117,11,0,106,117,29763,2,0,0,2,0
2020-05-28,US,Alabama,Marshall,668,9,0,34.36975964,-86.30486727,1095.0,659,660,9,0,651,660,96109,8,0,0,8,0
2020-05-28,US,Alabama,Mobile,2124,112,0,30.78472347,-88.20842409,1097.0,2012,2085,112,0,1973,2054,413757,39,0,0,39,31
2020-05-28,US,Alabama,Monroe,35,2,0,31.56729412,-87.36995001,1099.0,33,34,2,0,32,34,21067,1,0,0,1,0
2020-05-28,US,Alabama,Montgomery,1541,34,0,32.2206831,-86.20969272,1101.0,1507,1446,34,0,1412,1384,225763,95,0,0,95,62
2020-05-28,US,Alabama,Morgan,231,1,0,34.45500589,-86.85475946,1103.0,230,211,1,0,210,204,119089,20,0,0,20,7
2020-05-28,US,Alabama,Perry,35,0,0,32.64048341,-87.29770589,1105.0,35,36,0,0,36,36,9140,-1,0,0,-1,0
2020-05-28,US,Alabama,Pickens,101,4,0,33.28094866,-88.08818103,1107.0,97,96,4,0,92,95,19938,5,0,0,5,1
2020-05-28,US,Alabama,Pike,179,0,0,31.80396383,-85.9408295,1109.0,179,173,0,0,173,160,33338,6,0,0,6,13
2020-05-28,US,Alabama,Randolph,125,7,0,33.29526734,-85.45708831,1111.0,118,124,7,0,117,124,22725,1,0,0,1,0
2020-05-28,US,Alabama,Russell,159,0,0,32.28725256,-85.18415324,1113.0,159,148,0,0,148,144,57781,11,0,0,11,4
2020-05-28,US,Alabama,Shelby,484,19,0,33.26879845,-86.66232561,1117.0,465,470,19,0,451,467,215707,14,0,0,14,3
2020-05-28,US,Alabama,St. Clair,116,1,0,33.71902176,-86.31029372,1115.0,115,108,1,0,107,106,88690,8,0,0,8,2
2020-05-28,US,Alabama,Sumter,213,6,0,32.59117397,-88.19916205,1119.0,207,210,6,0,204,204,12691,3,0,0,3,6
2020-05-28,US,Alabama,Talladega,100,3,0,33.37823223,-86.16886178,1121.0,97,96,3,0,93,95,79828,4,0,0,4,1
2020-05-28,US,Alabama,Tallapoosa,418,64,0,32.86698258,-85.79833053,1123.0,354,410,63,0,347,408,40497,8,1,0,7,2
2020-05-28,US,Alabama,Tuscaloosa,678,13,0,33.28726072,-87.52556818,1125.0,665,632,12,0,620,607,208911,46,1,0,45,25
2020-05-28,US,Alabama,Walker,299,1,0,33.80270512,-87.30027177,1127.0,298,282,1,0,281,272,63711,17,0,0,17,10
2020-05-28,US,Alabama,Washington,66,6,0,31.4092794,-88.20689944,1129.0,60,65,6,0,59,65,16378,1,0,0,1,0
2020-05-28,US,Alabama,Wilcox,134,7,0,31.98773215,-87.30891118,1131.0,127,132,7,0,125,122,10627,2,0,0,2,10
2020-05-28,US,Alabama,Winston,82,0,0,34.15030532,-87.37325922,1133.0,82,77,0,0,77,75,23660,5,0,0,5,2
2020-05-28,US,Alaska,Anchorage,211,4,0,61.14998174,-149.14269860000005,2020.0,207,207,4,0,203,207,291538,4,0,0,4,0
2020-05-28,US,Alaska,Bethel,3,0,0,60.90980451,-159.8561831,2050.0,3,3,0,0,3,2,18216,0,0,0,0,1
2020-05-28,US,Alaska,Fairbanks North Star,85,2,0,64.80726247,-146.5692662,2090.0,83,85,2,0,83,85,98971,0,0,0,0,0
2020-05-28,US,Alaska,Juneau,32,0,0,58.45031811,-134.200436,2110.0,32,31,0,0,31,31,32113,1,0,0,1,0
2020-05-28,US,Alaska,Kenai Peninsula,34,2,0,60.24429722,-151.53888840000005,2122.0,32,27,2,0,25,27,58533,7,0,0,7,0
2020-05-28,US,Alaska,Ketchikan Gateway,16,0,0,55.57445008,-130.975561,2130.0,16,16,0,0,16,16,13918,0,0,0,0,0
2020-05-28,US,Alaska,Kodiak Island,1,0,0,57.65529415,-153.7493579,2150.0,1,1,0,0,1,1,13345,0,0,0,0,0
2020-05-28,US,Alaska,Matanuska-Susitna,24,1,0,62.31305045,-149.5741743,2170.0,23,24,1,0,23,24,107610,0,0,0,0,0
2020-05-28,US,Alaska,Nome,3,0,0,64.90320724,-164.0353804,2180.0,3,3,0,0,3,3,10008,0,0,0,0,0
2020-05-28,US,Alaska,North Slope,1,0,0,69.31479216,-153.4836093,2185.0,1,,,,,,9872,,,,,
2020-05-28,US,Alaska,Northwest Arctic,2,0,0,67.04919196,-159.7503946,2188.0,2,2,0,0,2,2,7671,0,0,0,0,0
2020-05-28,US,Alaska,Petersburg,4,1,0,57.13978948,-132.9540995,2195.0,3,4,1,0,3,4,3221,0,0,0,0,0
2020-05-28,US,Alaska,Prince of Wales-Hyder,2,0,0,55.76261984,-133.0511621,2198.0,2,2,0,0,2,2,6422,0,0,0,0,0
2020-05-28,US,Alaska,Sitka,2,0,0,57.24124555,-135.3206587,2220.0,2,2,0,0,2,2,8647,0,0,0,0,0
2020-05-28,US,Alaska,Southeast Fairbanks,3,0,0,63.87692095,-143.2127643,2240.0,3,3,0,0,3,3,6918,0,0,0,0,0
2020-05-28,US,Alaska,Yukon-Koyukuk,1,0,0,65.50815459,-151.39073869999999,2290.0,1,1,0,0,1,1,5327,0,0,0,0,0
2020-05-28,US,Arizona,Apache,1290,28,0,35.39465006,-109.4892383,4001.0,1262,1250,26,0,1224,1214,71818,40,2,0,38,36
2020-05-28,US,Arizona,Cochise,67,1,0,31.87934684,-109.7516088,4003.0,66,63,1,0,62,64,126770,4,0,0,4,-1
2020-05-28,US,Arizona,Coconino,1078,79,0,35.83883429,-111.77071780000001,4005.0,999,1066,75,0,991,1041,142854,12,4,0,8,25
2020-05-28,US,Arizona,Gila,25,1,0,33.80190085,-110.8132779,4007.0,24,25,1,0,24,24,53889,0,0,0,0,1
2020-05-28,US,Arizona,Graham,26,1,0,32.93166885,-109.8882178,4009.0,25,25,1,0,24,24,38072,1,0,0,1,1
2020-05-28,US,Arizona,Greenlee,4,0,0,33.21498827,-109.2405279,4011.0,4,3,0,0,3,3,9483,1,0,0,1,0
2020-05-28,US,Arizona,La Paz,53,1,0,33.72854224,-113.98100290000001,4012.0,52,54,1,0,53,51,21098,-1,0,0,-1,3
2020-05-28,US,Arizona,Maricopa,8896,403,0,33.34835867,-112.49181540000001,4013.0,8493,8627,397,0,8230,8448,4410824,269,6,0,263,179
2020-05-28,US,Arizona,Mohave,350,42,0,35.70471703,-113.7577902,4015.0,308,339,42,0,297,329,209550,11,0,0,11,10
2020-05-28,US,Arizona,Navajo,1678,58,0,35.3997715,-110.3218983,4017.0,1620,1652,57,0,1595,1550,110445,26,1,0,25,102
2020-05-28,US,Arizona,Pima,2167,186,0,32.0971334,-111.7890033,4019.0,1981,2119,175,0,1944,2075,1039073,48,11,0,37,44
2020-05-28,US,Arizona,Pinal,788,37,0,32.90525627,-111.3449483,4021.0,751,777,37,0,740,766,447138,11,0,0,11,11
2020-05-28,US,Arizona,Santa Cruz,225,0,0,31.52508998,-110.8479088,4023.0,225,188,0,0,188,187,46511,37,0,0,37,1
2020-05-28,US,Arizona,Unassigned,0,3,0,0.0,0.0,90004.0,-3,0,2,0,-2,0,,0,1,0,-1,0
2020-05-28,US,Arizona,Yavapai,294,6,0,34.59933926,-112.5538588,4025.0,288,292,6,0,286,291,231993,2,0,0,2,1
2020-05-28,US,Arizona,Yuma,936,14,0,32.76895712,-113.90666740000002,4027.0,922,838,13,0,825,797,212128,98,1,0,97,41
2020-05-28,US,Arkansas,Arkansas,3,0,0,34.29145151,-91.37277296,5001.0,3,3,0,0,3,3,17769,0,0,0,0,0
2020-05-28,US,Arkansas,Ashley,19,0,0,33.19153461,-91.76984709999999,5003.0,19,19,0,0,19,19,20046,0,0,0,0,0
2020-05-28,US,Arkansas,Baxter,9,0,0,36.28784385,-92.33782872,5005.0,9,8,0,0,8,8,41619,1,0,0,1,0
2020-05-28,US,Arkansas,Benton,428,0,0,36.33644656,-94.25680817,5007.0,428,339,0,0,339,315,272608,89,0,0,89,24
2020-05-28,US,Arkansas,Boone,6,0,0,36.3084504,-93.09374925,5009.0,6,6,0,0,6,6,37480,0,0,0,0,0
2020-05-28,US,Arkansas,Bradley,18,1,0,33.46755808,-92.15980837,5011.0,17,18,1,0,17,18,10897,0,0,0,0,0
2020-05-28,US,Arkansas,Carroll,24,0,0,36.34038560000001,-93.54270261,5015.0,24,21,0,0,21,17,28223,3,0,0,3,4
2020-05-28,US,Arkansas,Chicot,15,0,0,33.26458973,-91.29539209,5017.0,15,14,0,0,14,14,10438,1,0,0,1,0
2020-05-28,US,Arkansas,Clark,38,0,0,34.04613432,-93.17484713,5019.0,38,37,0,0,37,37,22061,1,0,0,1,0
2020-05-28,US,Arkansas,Clay,4,0,0,36.36826212,-90.4148172,5021.0,4,4,0,0,4,4,14847,0,0,0,0,0
2020-05-28,US,Arkansas,Cleburne,73,4,0,35.53864922,-92.02640019,5023.0,69,73,4,0,69,73,24965,0,0,0,0,0
2020-05-28,US,Arkansas,Cleveland,18,0,0,33.89723187,-92.18537045,5025.0,18,18,0,0,18,18,8018,0,0,0,0,0
2020-05-28,US,Arkansas,Columbia,20,2,0,33.21230701,-93.22642793,5027.0,18,20,2,0,18,20,23537,0,0,0,0,0
2020-05-28,US,Arkansas,Conway,14,1,0,35.26205537,-92.70506566,5029.0,13,14,1,0,13,14,20891,0,0,0,0,0
2020-05-28,US,Arkansas,Craighead,203,0,0,35.83018283,-90.63235729,5031.0,203,191,0,0,191,190,108558,12,0,0,12,1
2020-05-28,US,Arkansas,Crawford,17,0,0,35.58928601,-94.2446814,5033.0,17,17,0,0,17,17,63406,0,0,0,0,0
2020-05-28,US,Arkansas,Crittenden,318,9,0,35.21247318,-90.30839406,5035.0,309,301,9,0,292,297,48342,17,0,0,17,4
2020-05-28,US,Arkansas,Cross,48,0,0,35.29631396,-90.77185818,5037.0,48,46,0,0,46,46,16676,2,0,0,2,0
2020-05-28,US,Arkansas,Dallas,1,0,0,33.97042763,-92.65167437,5039.0,1,1,0,0,1,1,7182,0,0,0,0,0
2020-05-28,US,Arkansas,Desha,19,0,0,33.83011025,-91.25500948,5041.0,19,19,0,0,19,19,11512,0,0,0,0,0
2020-05-28,US,Arkansas,Drew,19,1,0,33.59035001,-91.71777921,5043.0,18,19,1,0,18,19,18328,0,0,0,0,0
2020-05-28,US,Arkansas,Faulkner,101,3,0,35.14719007,-92.33717519,5045.0,98,100,3,0,97,100,124806,1,0,0,1,0
2020-05-28,US,Arkansas,Franklin,4,0,0,35.51202821,-93.89299569,5047.0,4,4,0,0,4,4,17810,0,0,0,0,0
2020-05-28,US,Arkansas,Fulton,7,0,0,36.38177105,-91.81729127,5049.0,7,6,0,0,6,6,12269,1,0,0,1,0
2020-05-28,US,Arkansas,Garland,136,1,0,34.57692074,-93.14921604,5051.0,135,135,1,0,134,134,99154,1,0,0,1,1
2020-05-28,US,Arkansas,Grant,18,0,0,34.29017991,-92.42320562,5053.0,18,17,0,0,17,16,18188,1,0,0,1,1
2020-05-28,US,Arkansas,Greene,60,0,0,36.11735460000001,-90.55832668,5055.0,60,54,0,0,54,54,45325,6,0,0,6,0
2020-05-28,US,Arkansas,Hempstead,14,1,0,33.73325583,-93.66935133,5057.0,13,14,1,0,13,14,21741,0,0,0,0,0
2020-05-28,US,Arkansas,Hot Spring,31,0,0,34.31709259,-92.95396325,5059.0,31,30,0,0,30,30,33701,1,0,0,1,0
2020-05-28,US,Arkansas,Howard,18,0,0,34.09007427,-93.9934871,5061.0,18,17,0,0,17,17,13341,1,0,0,1,0
2020-05-28,US,Arkansas,Independence,29,0,0,35.74242707,-91.57001641,5063.0,29,29,0,0,29,29,37678,0,0,0,0,0
2020-05-28,US,Arkansas,Izard,16,0,0,36.09604046,-91.90847954,5065.0,16,15,0,0,15,15,13593,1,0,0,1,0
2020-05-28,US,Arkansas,Jackson,1,0,0,35.59802983,-91.21494602,5067.0,1,1,0,0,1,1,16811,0,0,0,0,0
2020-05-28,US,Arkansas,Jefferson,515,24,0,34.26767081,-91.92619839,5069.0,491,510,23,0,487,510,68114,5,1,0,4,0
2020-05-28,US,Arkansas,Johnson,40,0,0,35.56759135,-93.46036368,5071.0,40,38,0,0,38,38,26742,2,0,0,2,0
2020-05-28,US,Arkansas,Lafayette,9,1,0,33.24116713,-93.60677071,5073.0,8,9,1,0,8,9,6682,0,0,0,0,0
2020-05-28,US,Arkansas,Lawrence,82,5,0,36.04188196,-91.10867198,5075.0,77,82,5,0,77,82,16434,0,0,0,0,0
2020-05-28,US,Arkansas,Lee,18,1,0,34.78498904,-90.78383866,5077.0,17,17,1,0,16,17,8985,1,0,0,1,0
2020-05-28,US,Arkansas,Lincoln,975,9,0,33.95317155,-91.74002806,5079.0,966,975,8,0,967,975,13383,0,1,0,-1,0
2020-05-28,US,Arkansas,Little River,6,0,0,33.70375665,-94.23468591,5081.0,6,5,0,0,5,5,12326,1,0,0,1,0
2020-05-28,US,Arkansas,Logan,4,0,0,35.21413234,-93.71951016,5083.0,4,4,0,0,4,4,21737,0,0,0,0,0
2020-05-28,US,Arkansas,Lonoke,46,0,0,34.75392199,-91.88742357,5085.0,46,45,0,0,45,46,73657,1,0,0,1,-1
2020-05-28,US,Arkansas,Madison,6,0,0,36.01038185,-93.72524943,5087.0,6,6,0,0,6,6,16481,0,0,0,0,0
2020-05-28,US,Arkansas,Marion,1,0,0,36.26844485,-92.68451899,5089.0,1,1,0,0,1,1,16722,0,0,0,0,0
2020-05-28,US,Arkansas,Miller,42,1,0,33.31403423,-93.89285258,5091.0,41,42,1,0,41,42,43592,0,0,0,0,0
2020-05-28,US,Arkansas,Mississippi,73,2,0,35.76271485,-90.05194370000002,5093.0,71,72,2,0,70,72,41239,1,0,0,1,0
2020-05-28,US,Arkansas,Monroe,5,0,0,34.6815935,-91.20540287,5095.0,5,5,0,0,5,5,6900,0,0,0,0,0
2020-05-28,US,Arkansas,Montgomery,2,0,0,34.53704874,-93.65824478,5097.0,2,1,0,0,1,1,8924,1,0,0,1,0
2020-05-28,US,Arkansas,Nevada,5,0,0,33.66340119,-93.30632432,5099.0,5,5,0,0,5,4,8326,0,0,0,0,1
2020-05-28,US,Arkansas,Newton,3,0,0,35.91947491,-93.21612969,5101.0,3,3,0,0,3,3,7805,0,0,0,0,0
2020-05-28,US,Arkansas,Ouachita,10,0,0,33.58839816,-92.87795984,5103.0,10,10,0,0,10,10,23606,0,0,0,0,0
2020-05-28,US,Arkansas,Perry,14,0,0,34.945915299999996,-92.94372564,5105.0,14,14,0,0,14,13,10352,0,0,0,0,1
2020-05-28,US,Arkansas,Phillips,12,1,0,34.43268455,-90.84800154,5107.0,11,12,1,0,11,9,18029,0,0,0,0,3
2020-05-28,US,Arkansas,Pike,5,0,0,34.16250414,-93.65789349,5109.0,5,5,0,0,5,5,10673,0,0,0,0,0
2020-05-28,US,Arkansas,Poinsett,31,2,0,35.57433534,-90.66268713,5111.0,29,31,2,0,29,30,23974,0,0,0,0,1
2020-05-28,US,Arkansas,Polk,12,0,0,34.48254879,-94.22728802,5113.0,12,11,0,0,11,12,20049,1,0,0,1,-1
2020-05-28,US,Arkansas,Pope,129,1,0,35.44871474,-93.03212219,5115.0,128,125,1,0,124,124,64000,4,0,0,4,1
2020-05-28,US,Arkansas,Prairie,2,0,0,34.83624419,-91.55162157,5117.0,2,2,0,0,2,2,8074,0,0,0,0,0
2020-05-28,US,Arkansas,Pulaski,830,31,0,34.77054088,-92.31355101,5119.0,799,808,30,0,778,802,392680,22,1,0,21,6
2020-05-28,US,Arkansas,Randolph,26,0,0,36.3415714,-91.02455531,5121.0,26,26,0,0,26,26,17948,0,0,0,0,0
2020-05-28,US,Arkansas,Saline,108,1,0,34.64916145,-92.67583224,5125.0,107,99,1,0,98,100,121421,9,0,0,9,-1
2020-05-28,US,Arkansas,Scott,1,0,0,34.85588887,-94.0632176,5127.0,1,1,0,0,1,1,10319,0,0,0,0,0
2020-05-28,US,Arkansas,Searcy,7,0,0,35.9109364,-92.69936482,5129.0,7,7,0,0,7,7,7958,0,0,0,0,0
2020-05-28,US,Arkansas,Sebastian,24,0,0,35.19605503,-94.27162713,5131.0,24,23,0,0,23,22,127753,1,0,0,1,1
2020-05-28,US,Arkansas,Sevier,131,2,0,33.99780401,-94.2424869,5133.0,129,120,2,0,118,111,17139,11,0,0,11,9
2020-05-28,US,Arkansas,Sharp,45,2,0,36.16258158,-91.47819342,5135.0,43,42,2,0,40,42,17366,3,0,0,3,0
2020-05-28,US,Arkansas,St. Francis,660,1,0,35.02201976,-90.74828138,5123.0,659,655,1,0,654,651,25439,5,0,0,5,4
2020-05-28,US,Arkansas,Stone,8,0,0,35.86251946,-92.15684085,5137.0,8,8,0,0,8,8,12457,0,0,0,0,0
2020-05-28,US,Arkansas,Unassigned,199,0,0,0.0,0.0,90005.0,199,181,0,0,181,174,,18,0,0,18,7
2020-05-28,US,Arkansas,Union,164,8,0,33.16887091,-92.59746952,5139.0,156,162,6,0,156,162,39126,2,2,0,0,0
2020-05-28,US,Arkansas,Van Buren,28,2,0,35.58095779,-92.51295036,5141.0,26,28,2,0,26,28,16603,0,0,0,0,0
2020-05-28,US,Arkansas,Washington,352,6,0,35.976844,-94.21800746,5143.0,346,326,6,0,320,303,236961,26,0,0,26,23
2020-05-28,US,Arkansas,White,43,1,0,35.25688493,-91.74908296,5145.0,42,42,1,0,41,40,78727,1,0,0,1,2
2020-05-28,US,Arkansas,Woodruff,2,0,0,35.18902527,-91.2439489,5147.0,2,1,0,0,1,1,6490,1,0,0,1,0
2020-05-28,US,Arkansas,Yell,114,1,0,35.00292371,-93.41171338,5149.0,113,108,1,0,107,102,21535,6,0,0,6,6
2020-05-28,US,California,Alameda,3097,94,0,37.64629437,-121.8929271,6001.0,3003,3049,93,0,2956,2986,1666753,48,1,0,47,63
2020-05-28,US,California,Alpine,2,0,0,38.59678594,-119.82235940000001,6003.0,2,2,0,0,2,2,1101,0,0,0,0,0
2020-05-28,US,California,Amador,10,0,0,38.44583082,-120.65696000000001,6005.0,10,10,0,0,10,10,39383,0,0,0,0,0
2020-05-28,US,California,Butte,40,0,0,39.66727762,-121.6005252,6007.0,40,40,0,0,40,40,231256,0,0,0,0,0
2020-05-28,US,California,Calaveras,15,0,0,38.20537103,-120.55291299999999,6009.0,15,15,0,0,15,14,45602,0,0,0,0,1
2020-05-28,US,California,Colusa,5,0,0,39.17881957,-122.2331726,6011.0,5,5,0,0,5,5,21627,0,0,0,0,0
2020-05-28,US,California,Contra Costa,1384,37,0,37.91923498,-121.9289527,6013.0,1347,1375,37,0,1338,1353,1150215,9,0,0,9,22
2020-05-28,US,California,Del Norte,44,0,0,41.74228275,-123.89740630000001,6015.0,44,40,0,0,40,40,27828,4,0,0,4,0
2020-05-28,US,California,El Dorado,84,0,0,38.77965956,-120.5233166,6017.0,84,80,0,0,80,78,190678,4,0,0,4,2
2020-05-28,US,California,Fresno,1658,32,0,36.75733899,-119.6466953,6019.0,1626,1535,26,0,1509,1482,994400,123,6,0,117,53
2020-05-28,US,California,Glenn,14,0,0,39.59875897,-122.3938452,6021.0,14,13,0,0,13,12,28047,1,0,0,1,1
2020-05-28,US,California,Humboldt,98,3,0,40.69923009,-123.876044,6023.0,95,98,2,0,96,94,136373,0,1,0,-1,4
2020-05-28,US,California,Imperial,1443,26,0,33.0393082,-115.36690420000001,6025.0,1417,1352,24,0,1328,1352,181827,91,2,0,89,0
2020-05-28,US,California,Inyo,19,1,0,36.51112084,-117.41119779999998,6027.0,18,19,1,0,18,19,17987,0,0,0,0,0
2020-05-28,US,California,Kern,2007,37,0,35.34329425,-118.72777959999999,6029.0,1970,1941,36,0,1905,1876,896764,66,1,0,65,65
2020-05-28,US,California,Kings,704,3,0,36.07409056,-119.8159973,6031.0,701,698,3,0,695,688,151366,6,0,0,6,10
2020-05-28,US,California,Lake,23,0,0,39.10124298,-122.75362439999999,6033.0,23,19,0,0,19,14,64382,4,0,0,4,5
2020-05-28,US,California,Lassen,5,0,0,40.67311306,-120.59350990000002,6035.0,5,4,0,0,4,4,30802,1,0,0,1,0
2020-05-28,US,California,Los Angeles,49860,2241,0,34.30828379,-118.22824109999999,6037.0,47619,48761,2201,0,46560,47845,10105518,1099,40,0,1059,916
2020-05-28,US,California,Madera,94,2,0,37.21513971,-119.76655890000002,6039.0,92,90,2,0,88,85,157672,4,0,0,4,5
2020-05-28,US,California,Marin,436,14,0,38.07122463,-122.72106310000001,6041.0,422,420,14,0,406,417,259666,16,0,0,16,3
2020-05-28,US,California,Mariposa,16,1,0,37.57978556,-119.9073334,6043.0,15,16,1,0,15,16,17471,0,0,0,0,0
2020-05-28,US,California,Mendocino,25,0,0,39.4381191,-123.39113130000001,6045.0,25,23,0,0,23,22,87606,2,0,0,2,1
2020-05-28,US,California,Merced,280,7,0,37.18922369,-120.72090349999999,6047.0,273,273,7,0,266,268,274765,7,0,0,7,5
2020-05-28,US,California,Mono,35,1,0,37.93899289,-118.8872409,6051.0,34,35,1,0,34,34,14250,0,0,0,0,1
2020-05-28,US,California,Monterey,469,9,0,36.21862405,-121.24133970000001,6053.0,460,429,8,0,421,429,435594,40,1,0,39,0
2020-05-28,US,California,Napa,111,3,0,38.50735751,-122.33283899999999,6055.0,108,109,3,0,106,109,139417,2,0,0,2,0
2020-05-28,US,California,Nevada,41,1,0,39.30394768,-120.76272809999999,6057.0,40,41,1,0,40,41,99696,0,0,0,0,0
2020-05-28,US,California,Orange,5744,142,0,33.70147516,-117.76459979999998,6059.0,5602,5646,136,0,5510,5578,3185968,98,6,0,92,68
2020-05-28,US,California,Placer,196,9,0,39.06167234,-120.72405690000001,6061.0,187,194,9,0,185,188,393149,2,0,0,2,6
2020-05-28,US,California,Plumas,4,0,0,40.00355989,-120.8395236,6063.0,4,4,0,0,4,4,18804,0,0,0,0,0
2020-05-28,US,California,Riverside,7341,313,0,33.74314981,-115.9933578,6065.0,7028,7139,303,0,6836,7139,2450758,202,10,0,192,0
2020-05-28,US,California,Sacramento,1349,56,0,38.45106826,-121.34253740000001,6067.0,1293,1319,56,0,1263,1310,1540975,30,0,0,30,9
2020-05-28,US,California,San Benito,85,2,0,36.60308176,-121.069975,6069.0,83,76,2,0,74,76,61537,9,0,0,9,0
2020-05-28,US,California,San Bernardino,4914,190,0,34.84060306,-116.1774685,6071.0,4724,4567,176,0,4391,4567,2171603,347,14,0,333,0
2020-05-28,US,California,San Diego,7100,260,0,33.03484597,-116.73653259999999,6073.0,6840,6882,249,0,6633,6797,3343364,218,11,0,207,85
2020-05-28,US,California,San Francisco,2437,40,0,37.75215114,-122.43856720000001,6075.0,2397,2408,40,0,2368,2399,883305,29,0,0,29,9
2020-05-28,US,California,San Joaquin,842,35,0,37.93433732,-121.2730061,6077.0,807,771,33,0,738,771,752660,71,2,0,69,0
2020-05-28,US,California,San Luis Obispo,268,1,0,35.38822029,-120.4039028,6079.0,267,263,1,0,262,263,284010,5,0,0,5,0
2020-05-28,US,California,San Mateo,2022,82,0,37.422880799999994,-122.32755459999998,6081.0,1940,1963,82,0,1881,1904,769545,59,0,0,59,59
2020-05-28,US,California,Santa Barbara,1636,12,0,34.65329488,-120.0188492,6083.0,1624,1604,12,0,1592,1551,446527,32,0,0,32,53
2020-05-28,US,California,Santa Clara,2701,140,0,37.23104908,-121.6970462,6085.0,2561,2688,140,0,2548,2675,1937570,13,0,0,13,13
2020-05-28,US,California,Santa Cruz,206,2,0,37.05580291,-122.0066524,6087.0,204,205,2,0,203,200,274255,1,0,0,1,5
2020-05-28,US,California,Shasta,37,4,0,40.76391419,-122.0396884,6089.0,33,37,4,0,33,36,180040,0,0,0,0,1
2020-05-28,US,California,Sierra,1,0,0,39.57713498,-120.52007009999998,6091.0,1,1,0,0,1,1,2987,0,0,0,0,0
2020-05-28,US,California,Siskiyou,6,0,0,41.59198861,-122.54074340000001,6093.0,6,6,1,0,5,6,43724,0,-1,0,1,0
2020-05-28,US,California,Solano,509,22,0,38.26827353,-121.9357113,6095.0,487,499,20,0,479,455,446610,10,2,0,8,44
2020-05-28,US,California,Sonoma,530,4,0,38.52746429,-122.88625060000001,6097.0,526,524,4,0,520,515,499942,6,0,0,6,9
2020-05-28,US,California,Stanislaus,683,28,0,37.55862499,-120.9970722,6099.0,655,670,28,0,642,659,549815,13,0,0,13,11
2020-05-28,US,California,Sutter,42,2,0,39.03417539,-121.6945899,6101.0,40,42,2,0,40,42,96807,0,0,0,0,0
2020-05-28,US,California,Tehama,4,1,0,40.12570935,-122.23701709999999,6103.0,3,4,1,0,3,3,63916,0,0,0,0,1
2020-05-28,US,California,Trinity,1,0,0,40.64917670000001,-123.114713,6105.0,1,1,0,0,1,1,12535,0,0,0,0,0
2020-05-28,US,California,Tulare,1835,80,0,36.22026558,-118.8020203,6107.0,1755,1796,79,0,1717,1771,465861,39,1,0,38,25
2020-05-28,US,California,Tuolumne,4,0,0,38.02644018,-119.95250929999999,6109.0,4,4,0,0,4,3,54539,0,0,0,0,1
2020-05-28,US,California,Ventura,1062,32,0,34.44465746,-119.09106129999999,6111.0,1030,1017,32,0,985,912,850967,45,0,0,45,105
2020-05-28,US,California,Yolo,207,23,0,38.68278902,-121.90182879999999,6113.0,184,200,22,0,178,198,220408,7,1,0,6,2
2020-05-28,US,California,Yuba,28,1,0,39.26255932,-121.35356440000001,6115.0,27,28,1,0,27,28,78041,0,0,0,0,0
2020-05-28,US,Colorado,Adams,3070,118,0,39.87432092,-104.3362578,8001.0,2952,3006,118,0,2888,2964,511868,64,0,0,64,42
2020-05-28,US,Colorado,Alamosa,60,2,0,37.57250606,-105.7885451,8003.0,58,57,2,0,55,58,16683,3,0,0,3,-1
2020-05-28,US,Colorado,Arapahoe,4201,301,0,39.64977461,-104.3353617,8005.0,3900,4166,298,0,3868,4121,651215,35,3,0,32,45
2020-05-28,US,Colorado,Archuleta,8,0,0,37.19474156,-107.0476867,8007.0,8,8,0,0,8,8,13765,0,0,0,0,0
2020-05-28,US,Colorado,Baca,12,0,0,37.31940883,-102.5603223,8009.0,12,12,0,0,12,12,3585,0,0,0,0,0
2020-05-28,US,Colorado,Bent,2,0,0,37.95474293,-103.0720195,8011.0,2,2,0,0,2,2,5882,0,0,0,0,0
2020-05-28,US,Colorado,Boulder,956,63,0,40.09313619,-105.3546767,8013.0,893,947,63,0,884,941,326078,9,0,0,9,6
2020-05-28,US,Colorado,Broomfield,227,26,0,39.95998787,-105.0566324,8014.0,201,226,26,0,200,224,69267,1,0,0,1,2
2020-05-28,US,Colorado,Chaffee,72,19,0,38.74745778,-106.19265729999998,8015.0,53,71,19,0,52,72,20027,1,0,0,1,-1
2020-05-28,US,Colorado,Cheyenne,5,0,0,38.82777431,-102.6032558,8017.0,5,5,0,0,5,5,1876,0,0,0,0,0
2020-05-28,US,Colorado,Clear Creek,16,1,0,39.68864463,-105.6463118,8019.0,15,16,1,0,15,16,9605,0,0,0,0,0
2020-05-28,US,Colorado,Conejos,1,0,0,37.201606,-106.19174879999998,8021.0,1,1,0,0,1,1,8200,0,0,0,0,0
2020-05-28,US,Colorado,Costilla,5,0,0,37.27732493,-105.4276548,8023.0,5,5,0,0,5,3,3828,0,0,0,0,2
2020-05-28,US,Colorado,Crowley,63,1,0,38.32608609,-103.7844965,8025.0,62,63,1,0,62,63,5858,0,0,0,0,0
2020-05-28,US,Colorado,Custer,2,0,0,38.10883162,-105.3683478,8027.0,2,2,0,0,2,2,4954,0,0,0,0,0
2020-05-28,US,Colorado,Delta,67,1,0,38.86246243,-107.8631342,8029.0,66,67,1,0,66,67,30953,0,0,0,0,0
2020-05-28,US,Colorado,Denver,5434,324,0,39.76018276,-104.8725695,8031.0,5110,5316,313,0,5003,5269,716492,118,11,0,107,47
2020-05-28,US,Colorado,Douglas,699,45,0,39.33133796,-104.930001,8035.0,654,695,44,0,651,683,342776,4,1,0,3,12
2020-05-28,US,Colorado,Eagle,584,8,0,39.62754308,-106.6933637,8037.0,576,580,8,0,572,580,54993,4,0,0,4,0
2020-05-28,US,Colorado,El Paso,1636,88,0,38.83240149,-104.5251411,8041.0,1548,1600,88,0,1512,1581,713856,36,0,0,36,19
2020-05-28,US,Colorado,Elbert,51,2,0,39.28656773,-104.1358721,8039.0,49,51,2,0,49,49,26282,0,0,0,0,2
2020-05-28,US,Colorado,Fremont,26,0,0,38.47362326,-105.4399667,8043.0,26,26,0,0,26,26,48021,0,0,0,0,0
2020-05-28,US,Colorado,Garfield,135,2,0,39.59921777,-107.902708,8045.0,133,135,2,0,133,134,59770,0,0,0,0,1
2020-05-28,US,Colorado,Gilpin,3,0,0,39.85646523,-105.5252597,8047.0,3,3,0,0,3,3,6121,0,0,0,0,0
2020-05-28,US,Colorado,Grand,10,0,0,40.10603347,-106.1178042,8049.0,10,8,0,0,8,7,15525,2,0,0,2,1
2020-05-28,US,Colorado,Gunnison,177,6,0,38.66611652,-107.0320729,8051.0,171,177,6,0,171,178,17246,0,0,0,0,-1
2020-05-28,US,Colorado,Hinsdale,3,0,0,37.82247444,-107.3004345,8053.0,3,3,0,0,3,3,811,0,0,0,0,0
2020-05-28,US,Colorado,Huerfano,3,0,0,37.68473101,-104.9612585,8055.0,3,3,0,0,3,3,6889,0,0,0,0,0
2020-05-28,US,Colorado,Jefferson,2123,164,0,39.58635604,-105.2517692,8059.0,1959,2098,157,0,1941,2090,580233,25,7,0,18,8
2020-05-28,US,Colorado,Kit Carson,26,3,0,39.30497777,-102.6022199,8063.0,23,26,3,0,23,26,7163,0,0,0,0,0
2020-05-28,US,Colorado,La Plata,77,1,0,37.28632032,-107.8429014,8067.0,76,77,1,0,76,79,56310,0,0,0,0,-2
2020-05-28,US,Colorado,Lake,27,0,0,39.20278823,-106.3555697,8065.0,27,27,0,0,27,27,7824,0,0,0,0,0
2020-05-28,US,Colorado,Larimer,567,27,0,40.66671597,-105.4625784,8069.0,540,552,22,0,530,544,350518,15,5,0,10,8
2020-05-28,US,Colorado,Las Animas,5,0,0,37.3153406,-104.0376458,8071.0,5,5,0,0,5,5,14503,0,0,0,0,0
2020-05-28,US,Colorado,Lincoln,3,0,0,38.98749519,-103.5136649,8073.0,3,3,0,0,3,3,5610,0,0,0,0,0
2020-05-28,US,Colorado,Logan,585,3,0,40.7249637,-103.110817,8075.0,582,582,3,0,579,582,21528,3,0,0,3,0
2020-05-28,US,Colorado,Mesa,53,0,0,39.01787888,-108.469799,8077.0,53,51,0,0,51,55,153207,2,0,0,2,-4
2020-05-28,US,Colorado,Mineral,2,0,0,37.66954283,-106.9281698,8079.0,2,2,0,0,2,2,776,0,0,0,0,0
2020-05-28,US,Colorado,Moffat,7,0,0,40.61810999,-108.2070876,8081.0,7,7,0,0,7,7,13188,0,0,0,0,0
2020-05-28,US,Colorado,Montezuma,37,3,0,37.33859579,-108.5958857,8083.0,34,36,3,0,33,36,26158,1,0,0,1,0
2020-05-28,US,Colorado,Montrose,163,12,0,38.40214114,-108.26390220000002,8085.0,151,163,12,0,151,163,42214,0,0,0,0,0
2020-05-28,US,Colorado,Morgan,620,42,0,40.26279810000001,-103.8093302,8087.0,578,616,42,0,574,613,28558,4,0,0,4,3
2020-05-28,US,Colorado,Otero,18,1,0,37.9014485,-103.7173385,8089.0,17,15,1,0,14,15,18432,3,0,0,3,0
2020-05-28,US,Colorado,Ouray,8,1,0,38.14717457,-107.7675136,8091.0,7,8,1,0,7,8,4833,0,0,0,0,0
2020-05-28,US,Colorado,Park,23,0,0,39.120926,-105.7182065,8093.0,23,23,0,0,23,23,18556,0,0,0,0,0
2020-05-28,US,Colorado,Phillips,12,0,0,40.59414277,-102.3577703,8095.0,12,12,0,0,12,12,4286,0,0,0,0,0
2020-05-28,US,Colorado,Pitkin,57,2,0,39.21720112,-106.9310027,8097.0,55,57,2,0,55,57,17950,0,0,0,0,0
2020-05-28,US,Colorado,Prowers,13,0,0,37.95544985,-102.3926052,8099.0,13,13,0,0,13,12,12164,0,0,0,0,1
2020-05-28,US,Colorado,Pueblo,278,15,0,38.17359144,-104.5127437,8101.0,263,278,14,0,264,264,167529,0,1,0,-1,14
2020-05-28,US,Colorado,Rio Blanco,1,0,0,39.97913541,-108.2179009,8103.0,1,1,0,0,1,1,6336,0,0,0,0,0
2020-05-28,US,Colorado,Rio Grande,14,0,0,37.5836865,-106.3847838,8105.0,14,13,0,0,13,16,11250,1,0,0,1,-3
2020-05-28,US,Colorado,Routt,61,6,0,40.48596505,-106.9905548,8107.0,55,61,6,0,55,59,25733,0,0,0,0,2
2020-05-28,US,Colorado,Saguache,33,1,0,38.08054629,-106.282466,8109.0,32,25,1,0,24,36,6843,8,0,0,8,-11
2020-05-28,US,Colorado,San Juan,1,0,0,37.76248981,-107.67632890000002,8111.0,1,1,0,0,1,1,762,0,0,0,0,0
2020-05-28,US,Colorado,San Miguel,23,0,0,38.00450883,-108.4020725,8113.0,23,23,0,0,23,23,8191,0,0,0,0,0
2020-05-28,US,Colorado,Summit,213,2,0,39.63803232,-106.1150762,8117.0,211,214,2,0,212,212,31007,-1,0,0,-1,2
2020-05-28,US,Colorado,Teller,32,2,0,38.88133511,-105.1614893,8119.0,30,32,2,0,30,32,25083,0,0,0,0,0
2020-05-28,US,Colorado,Washington,33,0,0,39.97015535,-103.202587,8121.0,33,33,0,0,33,32,4909,0,0,0,0,1
2020-05-28,US,Colorado,Weld,2444,129,0,40.55499405,-104.3929621,8123.0,2315,2430,128,0,2302,2423,314305,14,1,0,13,7
2020-05-28,US,Colorado,Yuma,20,0,0,40.00346839,-102.4258673,8125.0,20,19,0,0,19,19,10020,1,0,0,1,0
2020-05-28,US,Connecticut,Fairfield,15353,1246,0,41.26809896,-73.3881171,9001.0,14107,15314,1242,0,14072,15355,943823,39,4,0,35,-41
2020-05-28,US,Connecticut,Hartford,10078,1208,0,41.80283011,-72.73103891,9003.0,8870,9962,1203,0,8759,9917,892697,116,5,0,111,45
2020-05-28,US,Connecticut,Litchfield,1366,128,0,41.7937534,-73.2451475,9005.0,1238,1360,130,0,1230,1360,181111,6,-2,0,8,0
2020-05-28,US,Connecticut,Middlesex,1082,144,0,41.45949668,-72.53714864,9007.0,938,1061,143,0,918,1026,162682,21,1,0,20,35
2020-05-28,US,Connecticut,New Haven,11198,946,0,41.408032500000004,-72.93620426,9009.0,10252,11124,934,0,10190,11121,857620,74,12,0,62,3
2020-05-28,US,Connecticut,New London,1067,83,0,41.48896435,-72.10430976,9011.0,984,1053,79,0,974,1075,266784,14,4,0,10,-22
2020-05-28,US,Connecticut,Tolland,822,57,0,41.85853803,-72.3308481,9013.0,765,815,57,0,758,821,150921,7,0,0,7,-6
2020-05-28,US,Connecticut,Unassigned,218,0,0,0.0,0.0,90009.0,218,228,1,0,227,257,,-10,-1,0,-9,-29
2020-05-28,US,Connecticut,Windham,375,14,0,41.82972709,-71.98182316,9015.0,361,371,14,0,357,371,117027,4,0,0,4,0
2020-05-28,US,Delaware,Kent,1392,61,0,39.08646628,-75.56884914,10001.0,1331,1374,61,0,1313,1368,178550,18,0,0,18,6
2020-05-28,US,Delaware,New Castle,3575,155,0,39.57992638,-75.64054974,10003.0,3420,3528,155,0,3373,3508,559335,47,0,0,47,20
2020-05-28,US,Delaware,Sussex,4151,129,0,38.66143781,-75.39031349,10005.0,4022,4140,128,0,4012,4132,229286,11,1,0,10,8
2020-05-28,US,Delaware,Unassigned,53,0,0,0.0,0.0,90010.0,53,54,0,0,54,58,,-1,0,0,-1,-4
2020-05-28,US,District of Columbia,District of Columbia,8492,453,0,38.90417773,-77.01655992,11001.0,8039,8406,445,0,7961,8334,702455,86,8,0,78,72
2020-05-28,US,Florida,Alachua,372,7,0,29.67866525,-82.35928158,12001.0,365,370,7,0,363,370,269956,2,0,0,2,0
2020-05-28,US,Florida,Baker,28,3,0,30.33060121,-82.28467476,12003.0,25,29,3,0,26,27,28355,-1,0,0,-1,2
2020-05-28,US,Florida,Bay,97,3,0,30.26548745,-85.62122584,12005.0,94,97,3,0,94,97,185287,0,0,0,0,0
2020-05-28,US,Florida,Bradford,51,2,0,29.95079741,-82.16611613,12007.0,49,51,2,0,49,51,27732,0,0,0,0,0
2020-05-28,US,Florida,Brevard,401,12,0,28.29409504,-80.73091022,12009.0,389,399,12,0,387,399,596849,2,0,0,2,0
2020-05-28,US,Florida,Broward,6870,307,0,26.15184651,-80.48725556,12011.0,6563,6825,305,0,6520,6799,1951260,45,2,0,43,26
2020-05-28,US,Florida,Calhoun,52,3,0,30.40666734,-85.19394153,12013.0,49,52,3,0,49,52,14587,0,0,0,0,0
2020-05-28,US,Florida,Charlotte,438,61,0,26.90131002,-81.92949121,12015.0,377,433,58,0,375,430,184998,5,3,0,2,3
2020-05-28,US,Florida,Citrus,119,12,0,28.84804315,-82.47614748,12017.0,107,119,12,0,107,119,147929,0,0,0,0,0
2020-05-28,US,Florida,Clay,369,28,0,29.98319144,-81.85609986,12019.0,341,366,28,0,338,365,216072,3,0,0,3,1
2020-05-28,US,Florida,Collier,1401,49,0,26.11091986,-81.34687065,12021.0,1352,1334,46,0,1288,1305,378488,67,3,0,64,29
2020-05-28,US,Florida,Columbia,136,2,0,30.22509788,-82.62160164,12023.0,134,135,2,0,133,132,70503,1,0,0,1,3
2020-05-28,US,Florida,DeSoto,132,8,0,27.18677893,-81.80941373,12027.0,124,124,8,0,116,121,37489,8,0,0,8,3
2020-05-28,US,Florida,Dixie,46,2,0,29.60631086,-83.15724673,12029.0,44,46,1,0,45,44,16700,0,1,0,-1,2
2020-05-28,US,Florida,Duval,1523,46,0,30.33225875,-81.66976468,12031.0,1477,1507,46,0,1461,1484,950181,16,0,0,16,23
2020-05-28,US,Florida,Escambia,784,29,0,30.67652764,-87.37284571,12033.0,755,776,29,0,747,769,315534,8,0,0,8,7
2020-05-28,US,Florida,Flagler,179,4,0,29.45933576,-81.31508595,12035.0,175,178,4,0,174,177,112067,1,0,0,1,1
2020-05-28,US,Florida,Franklin,2,0,0,29.83791238,-84.82731662,12037.0,2,2,0,0,2,2,11736,0,0,0,0,0
2020-05-28,US,Florida,Gadsden,268,1,0,30.57796289,-84.61915825,12039.0,267,268,1,0,267,266,45894,0,0,0,0,2
2020-05-28,US,Florida,Gilchrist,12,0,0,29.72856978,-82.79880657,12041.0,12,12,0,0,12,12,18256,0,0,0,0,0
2020-05-28,US,Florida,Glades,24,1,0,26.95635849,-81.18996211,12043.0,23,24,1,0,23,24,13724,0,0,0,0,0
2020-05-28,US,Florida,Gulf,1,0,0,29.93543004,-85.24270990000002,12045.0,1,1,0,0,1,1,16164,0,0,0,0,0
2020-05-28,US,Florida,Hamilton,209,0,0,30.49673973,-82.94998918,12047.0,209,208,0,0,208,206,14310,1,0,0,1,2
2020-05-28,US,Florida,Hardee,88,0,0,27.49293939,-81.80956574,12049.0,88,88,0,0,88,87,27245,0,0,0,0,1
2020-05-28,US,Florida,Hendry,354,13,0,26.55386945,-81.16469006,12051.0,341,339,12,0,327,337,41556,15,1,0,14,2
2020-05-28,US,Florida,Hernando,113,5,0,28.55364461,-82.42700204,12053.0,108,113,5,0,108,112,190865,0,0,0,0,1
2020-05-28,US,Florida,Highlands,119,8,0,27.34254618,-81.34071957,12055.0,111,114,8,0,106,114,105424,5,0,0,5,0
2020-05-28,US,Florida,Hillsborough,2019,76,0,27.9276559,-82.32013172,12057.0,1943,1995,72,0,1923,1969,1436888,24,4,0,20,26
2020-05-28,US,Florida,Holmes,18,0,0,30.86747479,-85.81319222,12059.0,18,18,0,0,18,18,19477,0,0,0,0,0
2020-05-28,US,Florida,Indian River,120,9,0,27.69308961,-80.60556721,12061.0,111,119,9,0,110,119,157413,1,0,0,1,0
2020-05-28,US,Florida,Jackson,241,0,0,30.795459700000002,-85.21500423,12063.0,241,240,0,0,240,239,48305,1,0,0,1,1
2020-05-28,US,Florida,Jefferson,29,3,0,30.43669112,-83.89442308,12065.0,26,29,3,0,26,29,14288,0,0,0,0,0
2020-05-28,US,Florida,Lafayette,8,0,0,29.98484137,-83.18166636,12067.0,8,8,0,0,8,8,8732,0,0,0,0,0
2020-05-28,US,Florida,Lake,280,15,0,28.76202069,-81.7125123,12069.0,265,279,15,0,264,277,356495,1,0,0,1,2
2020-05-28,US,Florida,Lee,1802,100,0,26.58410348,-81.88399313,12071.0,1702,1767,99,0,1668,1759,754610,35,1,0,34,8
2020-05-28,US,Florida,Leon,379,6,0,30.45955727,-84.27491114,12073.0,373,377,6,0,371,375,292502,2,0,0,2,2
2020-05-28,US,Florida,Levy,30,0,0,29.31829741,-82.74007147,12075.0,30,30,0,0,30,30,40770,0,0,0,0,0
2020-05-28,US,Florida,Liberty,209,0,0,30.23766008,-84.8829258,12077.0,209,209,0,0,209,209,8457,0,0,0,0,0
2020-05-28,US,Florida,Madison,69,4,0,30.44396917,-83.47398594,12079.0,65,69,4,0,65,69,18529,0,0,0,0,0
2020-05-28,US,Florida,Manatee,1007,95,0,27.47196942,-82.31831044,12081.0,912,996,93,0,903,990,394855,11,2,0,9,6
2020-05-28,US,Florida,Marion,241,5,0,29.21227113,-82.05803627,12083.0,236,240,5,0,235,240,359977,1,0,0,1,0
2020-05-28,US,Florida,Martin,557,9,0,27.0772071,-80.43109784,12085.0,548,550,9,0,541,535,160912,7,0,0,7,15
2020-05-28,US,Florida,Miami-Dade,17396,669,0,25.6112362,-80.55170587,12086.0,16727,17225,655,0,16570,17168,2761581,171,14,0,157,57
2020-05-28,US,Florida,Monroe,107,4,0,25.20904673,-81.07812416,12087.0,103,107,4,0,103,107,75027,0,0,0,0,0
2020-05-28,US,Florida,Nassau,74,1,0,30.61037141,-81.80297522,12089.0,73,72,1,0,71,70,85832,2,0,0,2,2
2020-05-28,US,Florida,Okaloosa,199,6,0,30.69143028,-86.59267105,12091.0,193,198,6,0,192,194,207269,1,0,0,1,4
2020-05-28,US,Florida,Okeechobee,68,0,0,27.386336199999995,-80.88944347,12093.0,68,67,0,0,67,67,41537,1,0,0,1,0
2020-05-28,US,Florida,Orange,1902,40,0,28.51367621,-81.31799498,12095.0,1862,1877,39,0,1838,1849,1380645,25,1,0,24,28
2020-05-28,US,Florida,Osceola,674,19,0,28.06312234,-81.14882926,12097.0,655,673,19,0,654,662,367990,1,0,0,1,11
2020-05-28,US,Florida,Palm Beach,5541,327,0,26.64676272,-80.46536002,12099.0,5214,5455,320,0,5135,5429,1485941,86,7,0,79,26
2020-05-28,US,Florida,Pasco,375,13,0,28.30810945,-82.40227529,12101.0,362,373,12,0,361,369,539630,2,1,0,1,4
2020-05-28,US,Florida,Pinellas,1218,80,0,27.93130349,-82.72239666,12103.0,1138,1205,79,0,1126,1196,975280,13,1,0,12,9
2020-05-28,US,Florida,Polk,939,54,0,27.95027105,-81.69732947,12105.0,885,907,54,0,853,891,708009,32,0,0,32,16
2020-05-28,US,Florida,Putnam,149,5,0,29.60779729,-81.74230285,12107.0,144,144,4,0,140,144,74163,5,1,0,4,0
2020-05-28,US,Florida,Santa Rosa,237,9,0,30.69341450000001,-87.02458128,12113.0,228,237,9,0,228,209,179349,0,0,0,0,28
2020-05-28,US,Florida,Sarasota,611,77,0,27.18546175,-82.33174248,12115.0,534,598,76,0,522,594,426718,13,1,0,12,4
2020-05-28,US,Florida,Seminole,474,12,0,28.7158582,-81.24060348,12117.0,462,471,12,0,459,465,467832,3,0,0,3,6
2020-05-28,US,Florida,St. Johns,247,5,0,29.90096506,-81.43589967,12109.0,242,245,5,0,240,241,254261,2,0,0,2,4
2020-05-28,US,Florida,St. Lucie,424,30,0,27.37763908,-80.47106649,12111.0,394,420,29,0,391,413,321128,4,1,0,3,7
2020-05-28,US,Florida,Sumter,253,17,0,28.70181754,-82.0794267,12119.0,236,253,17,0,236,254,128754,0,0,0,0,-1
2020-05-28,US,Florida,Suwannee,166,18,0,30.19746066,-82.99099670000003,12121.0,148,166,18,0,148,165,44191,0,0,0,0,1
2020-05-28,US,Florida,Taylor,16,0,0,30.04848048,-83.60445406,12123.0,16,14,0,0,14,14,21623,2,0,0,2,0
2020-05-28,US,Florida,Unassigned,86,0,0,0.0,0.0,90012.0,86,85,0,0,85,85,,1,0,0,1,0
2020-05-28,US,Florida,Union,31,0,0,30.04412971,-82.37497443,12125.0,31,31,0,0,31,31,14940,0,0,0,0,0
2020-05-28,US,Florida,Volusia,709,37,0,29.05858895,-81.18263252,12127.0,672,683,37,0,646,680,547538,26,0,0,26,3
2020-05-28,US,Florida,Wakulla,32,1,0,30.16548905,-84.39895211,12129.0,31,32,1,0,31,32,32461,0,0,0,0,0
2020-05-28,US,Florida,Walton,109,9,0,30.64204028,-86.16935664,12131.0,100,109,9,0,100,108,71375,0,0,0,0,1
2020-05-28,US,Florida,Washington,51,3,0,30.61359259,-85.66002461,12133.0,48,51,2,0,49,50,24880,0,1,0,-1,1
2020-05-28,US,Georgia,Appling,148,13,0,31.74847232,-82.28909114,13001.0,135,143,13,0,130,138,18507,5,0,0,5,5
2020-05-28,US,Georgia,Atkinson,41,2,0,31.29633502,-82.87545866,13003.0,39,38,2,0,36,35,8297,3,0,0,3,3
2020-05-28,US,Georgia,Bacon,91,3,0,31.55456473,-82.45936528,13005.0,88,83,2,0,81,80,11185,8,1,0,7,3
2020-05-28,US,Georgia,Baker,34,2,0,31.32669878,-84.44218806,13007.0,32,34,2,0,32,36,3092,0,0,0,0,-2
2020-05-28,US,Georgia,Baldwin,342,26,0,33.06882326,-83.24701748,13009.0,316,337,26,0,311,335,44823,5,0,0,5,2
2020-05-28,US,Georgia,Banks,92,0,0,34.35607081,-83.49644388,13011.0,92,88,0,0,88,80,18988,4,0,0,4,8
2020-05-28,US,Georgia,Barrow,321,13,0,33.99148694,-83.71436292,13013.0,308,316,13,0,303,307,80809,5,0,0,5,9
2020-05-28,US,Georgia,Bartow,469,38,0,34.23732119,-84.83887523,13015.0,431,458,38,0,420,452,106408,11,0,0,11,6
2020-05-28,US,Georgia,Ben Hill,71,1,0,31.76095874,-83.22145359,13017.0,70,69,1,0,68,65,16787,2,0,0,2,4
2020-05-28,US,Georgia,Berrien,42,0,0,31.27590016,-83.22529920000002,13019.0,42,39,0,0,39,38,19252,3,0,0,3,1
2020-05-28,US,Georgia,Bibb,444,25,0,32.80904227,-83.70489165,13021.0,419,441,24,0,417,436,153095,3,1,0,2,5
2020-05-28,US,Georgia,Bleckley,45,0,0,32.43829035,-83.33035166,13023.0,45,43,0,0,43,40,12838,2,0,0,2,3
2020-05-28,US,Georgia,Brantley,51,2,0,31.19576557,-81.97743999,13025.0,49,50,2,0,48,50,18897,1,0,0,1,0
2020-05-28,US,Georgia,Brooks,69,9,0,30.83922642,-83.58303423,13027.0,60,68,9,0,59,68,15513,1,0,0,1,0
2020-05-28,US,Georgia,Bryan,74,5,0,32.00979311,-81.44002948,13029.0,69,73,5,0,68,72,38109,1,0,0,1,1
2020-05-28,US,Georgia,Bulloch,60,2,0,32.39577406,-81.74811421,13031.0,58,54,2,0,52,53,77296,6,0,0,6,1
2020-05-28,US,Georgia,Burke,121,5,0,33.05917989,-81.99928721,13033.0,116,123,5,0,118,123,22423,-2,0,0,-2,0
2020-05-28,US,Georgia,Butts,223,22,0,33.283094500000004,-83.95435040000002,13035.0,201,219,21,0,198,214,24193,4,1,0,3,5
2020-05-28,US,Georgia,Calhoun,130,5,0,31.53169785,-84.62725131,13037.0,125,130,5,0,125,129,6352,0,0,0,0,1
2020-05-28,US,Georgia,Camden,62,1,0,30.92951916,-81.66601818,13039.0,61,56,1,0,55,55,53677,6,0,0,6,1
2020-05-28,US,Georgia,Candler,13,0,0,32.40209349,-82.07702563,13043.0,13,13,0,0,13,13,10836,0,0,0,0,0
2020-05-28,US,Georgia,Carroll,516,25,0,33.58138199,-85.07976677,13045.0,491,512,25,0,487,490,118121,4,0,0,4,22
2020-05-28,US,Georgia,Catoosa,119,0,0,34.89872298,-85.13757014,13047.0,119,115,0,0,115,111,67420,4,0,0,4,4
2020-05-28,US,Georgia,Charlton,33,1,0,30.78371028,-82.13951596,13049.0,32,33,1,0,32,30,12968,0,0,0,0,3
2020-05-28,US,Georgia,Chatham,477,24,0,32.00043026,-81.12489526,13051.0,453,476,23,0,453,472,289195,1,1,0,0,4
2020-05-28,US,Georgia,Chattahoochee,33,0,0,32.34341231,-84.78809239,13053.0,33,33,0,0,33,30,10684,0,0,0,0,3
2020-05-28,US,Georgia,Chattooga,24,2,0,34.47197698,-85.34535662,13055.0,22,24,2,0,22,24,24790,0,0,0,0,0
2020-05-28,US,Georgia,Cherokee,869,32,0,34.24393976,-84.47431861,13057.0,837,861,31,0,830,850,254149,8,1,0,7,11
2020-05-28,US,Georgia,Clarke,270,13,0,33.95436462,-83.37124007,13059.0,257,259,13,0,246,249,127330,11,0,0,11,10
2020-05-28,US,Georgia,Clay,37,2,0,31.62221166,-84.97713865,13061.0,35,37,2,0,35,35,2887,0,0,0,0,2
2020-05-28,US,Georgia,Clayton,1204,45,0,33.54187245,-84.35594188,13063.0,1159,1189,46,0,1143,1173,289615,15,-1,0,16,16
2020-05-28,US,Georgia,Clinch,58,2,0,30.91395822,-82.70432472,13065.0,56,57,2,0,55,57,6648,1,0,0,1,0
2020-05-28,US,Georgia,Cobb,2948,168,0,33.94243204,-84.5761255,13067.0,2780,2907,157,0,2750,2854,756865,41,11,0,30,53
2020-05-28,US,Georgia,Coffee,261,15,0,31.54892966,-82.85492059999999,13069.0,246,262,13,0,249,254,43093,-1,2,0,-3,8
2020-05-28,US,Georgia,Colquitt,461,14,0,31.18810588,-83.7677946,13071.0,447,434,14,0,420,379,45592,27,0,0,27,55
2020-05-28,US,Georgia,Columbia,243,7,0,33.54534185,-82.263524,13073.0,236,237,7,0,230,229,154291,6,0,0,6,8
2020-05-28,US,Georgia,Cook,48,2,0,31.16068491,-83.42947229,13075.0,46,47,2,0,45,45,17162,1,0,0,1,2
2020-05-28,US,Georgia,Coweta,403,8,0,33.35334302,-84.76129976,13077.0,395,397,8,0,389,383,145864,6,0,0,6,14
2020-05-28,US,Georgia,Crawford,28,0,0,32.71391813,-83.98061238,13079.0,28,28,0,0,28,29,12318,0,0,0,0,-1
2020-05-28,US,Georgia,Crisp,228,7,0,31.92289565,-83.76811843,13081.0,221,226,7,0,219,223,22601,2,0,0,2,3
2020-05-28,US,Georgia,Dade,28,1,0,34.854916700000004,-85.50490424,13083.0,27,27,1,0,26,27,16226,1,0,0,1,0
2020-05-28,US,Georgia,Dawson,108,1,0,34.44244079,-84.16964071,13085.0,107,108,1,0,107,104,25083,0,0,0,0,4
2020-05-28,US,Georgia,DeKalb,3635,112,0,33.76944049,-84.22396017,13089.0,3523,3573,111,0,3462,3421,756558,62,1,0,61,152
2020-05-28,US,Georgia,Decatur,181,4,0,30.87967778,-84.57619536,13087.0,177,161,4,0,157,156,26575,20,0,0,20,5
2020-05-28,US,Georgia,Dodge,51,2,0,32.17265114,-83.16948926,13091.0,49,50,2,0,48,50,20705,1,0,0,1,0
2020-05-28,US,Georgia,Dooly,177,12,0,32.15630737,-83.79746561,13093.0,165,176,12,0,164,174,13706,1,0,0,1,2
2020-05-28,US,Georgia,Dougherty,1764,144,0,31.53328528,-84.21722377,13095.0,1620,1784,144,0,1640,1774,91243,-20,0,0,-20,10
2020-05-28,US,Georgia,Douglas,528,24,0,33.70291126,-84.77026156,13097.0,504,521,24,0,497,517,145331,7,0,0,7,4
2020-05-28,US,Georgia,Early,238,30,0,31.32155345,-84.90255207,13099.0,208,239,30,0,209,236,10247,-1,0,0,-1,3
2020-05-28,US,Georgia,Echols,104,0,0,30.71101099,-82.89687287,13101.0,104,99,0,0,99,96,4000,5,0,0,5,3
2020-05-28,US,Georgia,Effingham,75,1,0,32.36616021,-81.34280942,13103.0,74,74,1,0,73,75,62190,1,0,0,1,-1
2020-05-28,US,Georgia,Elbert,73,0,0,34.11302332,-82.83936148,13105.0,73,73,0,0,73,73,19120,0,0,0,0,0
2020-05-28,US,Georgia,Emanuel,27,2,0,32.59221302,-82.30239915,13107.0,25,27,2,0,25,26,22612,0,0,0,0,1
2020-05-28,US,Georgia,Evans,5,0,0,32.15328841,-81.8870105,13109.0,5,5,0,0,5,5,10721,0,0,0,0,0
2020-05-28,US,Georgia,Fannin,41,1,0,34.86430205,-84.316964,13111.0,40,40,1,0,39,40,25964,1,0,0,1,0
2020-05-28,US,Georgia,Fayette,231,13,0,33.41357794,-84.49089434,13113.0,218,235,13,0,222,232,113459,-4,0,0,-4,3
2020-05-28,US,Georgia,Floyd,258,15,0,34.26268279,-85.21577392,13115.0,243,253,15,0,238,243,97927,5,0,0,5,10
2020-05-28,US,Georgia,Forsyth,507,12,0,34.22604035,-84.12315129999998,13117.0,495,502,13,0,489,492,236612,5,-1,0,6,10
2020-05-28,US,Georgia,Franklin,45,1,0,34.37525597,-83.23159927,13119.0,44,41,1,0,40,39,23023,4,0,0,4,2
2020-05-28,US,Georgia,Fulton,4367,224,0,33.79216944,-84.46319413,13121.0,4143,4309,214,0,4095,4230,1050114,58,10,0,48,79
2020-05-28,US,Georgia,Gilmer,148,0,0,34.69316688,-84.45802506,13123.0,148,145,0,0,145,139,30816,3,0,0,3,6
2020-05-28,US,Georgia,Glascock,1,0,0,33.22879932,-82.61297636,13125.0,1,1,0,0,1,1,2995,0,0,0,0,0
2020-05-28,US,Georgia,Glynn,112,1,0,31.23279254,-81.53811412,13127.0,111,102,1,0,101,93,85219,10,0,0,10,9
2020-05-28,US,Georgia,Gordon,148,15,0,34.50487351,-84.87296253,13129.0,133,142,15,0,127,137,57685,6,0,0,6,5
2020-05-28,US,Georgia,Grady,93,4,0,30.87454847,-84.23418364,13131.0,89,96,4,0,92,94,24748,-3,0,0,-3,2
2020-05-28,US,Georgia,Greene,67,7,0,33.5769205,-83.17139104,13133.0,60,66,7,0,59,65,17698,1,0,0,1,1
2020-05-28,US,Georgia,Gwinnett,3619,127,0,33.96044201,-84.02137802,13135.0,3492,3480,126,0,3354,3307,927781,139,1,0,138,173
2020-05-28,US,Georgia,Habersham,514,20,0,34.63331566,-83.53094677,13137.0,494,511,19,0,492,506,45388,3,1,0,2,5
2020-05-28,US,Georgia,Hall,2450,46,0,34.32207823,-83.81896936,13139.0,2404,2422,42,0,2380,2378,202148,28,4,0,24,44
2020-05-28,US,Georgia,Hancock,194,22,0,33.2721566,-82.99766919,13141.0,172,192,22,0,170,192,8348,2,0,0,2,0
2020-05-28,US,Georgia,Haralson,42,2,0,33.79602175,-85.21005667,13143.0,40,40,2,0,38,40,29533,2,0,0,2,0
2020-05-28,US,Georgia,Harris,89,5,0,32.73709786,-84.90538572,13145.0,84,88,5,0,83,84,34475,1,0,0,1,4
2020-05-28,US,Georgia,Hart,28,0,0,34.34626973,-82.96567682,13147.0,28,26,0,0,26,26,26099,2,0,0,2,0
2020-05-28,US,Georgia,Heard,32,2,0,33.29686567,-85.12886832,13149.0,30,30,2,0,28,28,11879,2,0,0,2,2
2020-05-28,US,Georgia,Henry,672,22,0,33.4533428,-84.14814659999998,13151.0,650,672,22,0,650,655,230220,0,0,0,0,17
2020-05-28,US,Georgia,Houston,363,16,0,32.45802497,-83.66879087,13153.0,347,362,16,0,346,356,155469,1,0,0,1,6
2020-05-28,US,Georgia,Irwin,25,1,0,31.60213036,-83.27501387,13155.0,24,24,1,0,23,24,9398,1,0,0,1,0
2020-05-28,US,Georgia,Jackson,175,5,0,34.13794553,-83.56814788,13157.0,170,171,5,0,166,153,70422,4,0,0,4,18
2020-05-28,US,Georgia,Jasper,32,1,0,33.31535543,-83.68844964,13159.0,31,32,1,0,31,32,14040,0,0,0,0,0
2020-05-28,US,Georgia,Jeff Davis,38,1,0,31.80405727,-82.63724870000001,13161.0,37,35,1,0,34,34,15029,3,0,0,3,1
2020-05-28,US,Georgia,Jefferson,33,1,0,33.05867328,-82.41609057,13163.0,32,32,1,0,31,30,15430,1,0,0,1,2
2020-05-28,US,Georgia,Jenkins,19,1,0,32.79248718,-81.96040187,13165.0,18,19,1,0,18,18,8683,0,0,0,0,1
2020-05-28,US,Georgia,Johnson,82,2,0,32.70211082,-82.66166794,13167.0,80,82,2,0,80,82,9708,0,0,0,0,0
2020-05-28,US,Georgia,Jones,35,0,0,33.02512137,-83.56019163,13169.0,35,34,0,0,34,34,28616,1,0,0,1,0
2020-05-28,US,Georgia,Lamar,66,1,0,33.07841647,-84.14263877,13171.0,65,60,1,0,59,57,19000,6,0,0,6,3
2020-05-28,US,Georgia,Lanier,20,2,0,31.03828570000001,-83.06472457,13173.0,18,20,2,0,18,16,10340,0,0,0,0,4
2020-05-28,US,Georgia,Laurens,104,1,0,32.46325233,-82.92221316,13175.0,103,104,1,0,103,105,47325,0,0,0,0,-1
2020-05-28,US,Georgia,Lee,361,22,0,31.779330600000005,-84.14324253,13177.0,339,363,23,0,340,362,29764,-2,-1,0,-1,1
2020-05-28,US,Georgia,Liberty,72,0,0,31.82588896,-81.49251135,13179.0,72,70,0,0,70,68,61497,2,0,0,2,2
2020-05-28,US,Georgia,Lincoln,16,0,0,33.79201475,-82.45024131,13181.0,16,16,0,0,16,16,7915,0,0,0,0,0
2020-05-28,US,Georgia,Long,15,1,0,31.75218791,-81.74952375,13183.0,14,15,1,0,14,12,18998,0,0,0,0,3
2020-05-28,US,Georgia,Lowndes,283,4,0,30.83568832,-83.27056716,13185.0,279,268,4,0,264,259,116321,15,0,0,15,9
2020-05-28,US,Georgia,Lumpkin,95,1,0,34.57286511,-84.00425681,13187.0,94,95,1,0,94,91,32955,0,0,0,0,4
2020-05-28,US,Georgia,Macon,99,6,0,32.35207048,-84.04234127,13193.0,93,99,6,0,93,98,13143,0,0,0,0,1
2020-05-28,US,Georgia,Madison,49,1,0,34.12920917,-83.21218732,13195.0,48,44,1,0,43,41,29650,5,0,0,5,3
2020-05-28,US,Georgia,Marion,53,2,0,32.3483402,-84.52733571,13197.0,51,52,2,0,50,49,8351,1,0,0,1,3
2020-05-28,US,Georgia,McDuffie,67,5,0,33.47851918,-82.48252774,13189.0,62,65,5,0,60,65,21531,2,0,0,2,0
2020-05-28,US,Georgia,McIntosh,16,0,0,31.49683595,-81.40163426,13191.0,16,12,0,0,12,12,14340,4,0,0,4,0
2020-05-28,US,Georgia,Meriwether,82,2,0,33.04163534,-84.68859732,13199.0,80,81,2,0,79,78,21068,1,0,0,1,3
2020-05-28,US,Georgia,Miller,41,0,0,31.16568912,-84.73151117,13201.0,41,40,0,0,40,39,5686,1,0,0,1,1
2020-05-28,US,Georgia,Mitchell,409,32,0,31.22483255,-84.19381821,13205.0,377,412,32,0,380,399,22192,-3,0,0,-3,13
2020-05-28,US,Georgia,Monroe,119,8,0,33.014289,-83.92097166,13207.0,111,118,8,0,110,119,27520,1,0,0,1,-1
2020-05-28,US,Georgia,Montgomery,9,0,0,32.17201038,-82.53527476,13209.0,9,9,0,0,9,9,9193,0,0,0,0,0
2020-05-28,US,Georgia,Morgan,37,0,0,33.59232073,-83.49129491,13211.0,37,37,0,0,37,37,18853,0,0,0,0,0
2020-05-28,US,Georgia,Murray,85,1,0,34.78897608,-84.74993177,13213.0,84,83,1,0,82,81,39921,2,0,0,2,2
2020-05-28,US,Georgia,Muscogee,593,17,0,32.50931999,-84.87142262,13215.0,576,587,17,0,570,568,194160,6,0,0,6,19
2020-05-28,US,Georgia,Newton,344,11,0,33.55514538,-83.84547140000002,13217.0,333,341,11,0,330,335,109541,3,0,0,3,6
2020-05-28,US,Georgia,Oconee,111,5,0,33.83749973,-83.43679568,13219.0,106,109,5,0,104,108,39272,2,0,0,2,1
2020-05-28,US,Georgia,Oglethorpe,58,6,0,33.878629600000004,-83.08278123,13221.0,52,58,6,0,52,58,15054,0,0,0,0,0
2020-05-28,US,Georgia,Out of GA,1903,31,0,0.0,0.0,80013.0,1872,1925,29,0,1896,1917,,-22,2,0,-24,8
2020-05-28,US,Georgia,Paulding,309,11,0,33.91969522,-84.86848792,13223.0,298,305,11,0,294,294,164044,4,0,0,4,11
2020-05-28,US,Georgia,Peach,70,4,0,32.56934316,-83.82937,13225.0,66,70,4,0,66,70,27297,0,0,0,0,0
2020-05-28,US,Georgia,Pickens,45,4,0,34.46589159,-84.46406611,13227.0,41,43,3,0,40,43,31980,2,1,0,1,0
2020-05-28,US,Georgia,Pierce,97,3,0,31.35928155,-82.21598442,13229.0,94,92,3,0,89,91,19389,5,0,0,5,1
2020-05-28,US,Georgia,Pike,54,2,0,33.09310242,-84.38790389,13231.0,52,54,2,0,52,52,18634,0,0,0,0,2
2020-05-28,US,Georgia,Polk,113,1,0,34.00267074,-85.18677781,13233.0,112,107,1,0,106,101,42470,6,0,0,6,6
2020-05-28,US,Georgia,Pulaski,40,2,0,32.23334561,-83.47549959999998,13235.0,38,39,2,0,37,39,11069,1,0,0,1,0
2020-05-28,US,Georgia,Putnam,88,9,0,33.32056115,-83.37552891,13237.0,79,88,9,0,79,88,21809,0,0,0,0,0
2020-05-28,US,Georgia,Quitman,12,1,0,31.86728114,-85.01773177,13239.0,11,12,1,0,11,12,2279,0,0,0,0,0
2020-05-28,US,Georgia,Rabun,19,1,0,34.88389445,-83.40304637,13241.0,18,17,1,0,16,16,16867,2,0,0,2,1
2020-05-28,US,Georgia,Randolph,177,19,0,31.76622818,-84.75732369,13243.0,158,176,19,0,157,175,6833,1,0,0,1,1
2020-05-28,US,Georgia,Richmond,576,22,0,33.35777107,-82.07026432,13245.0,554,563,20,0,543,553,201554,13,2,0,11,10
2020-05-28,US,Georgia,Rockdale,278,8,0,33.65145002,-84.02202167,13247.0,270,276,9,0,267,268,90594,2,-1,0,3,8
2020-05-28,US,Georgia,Schley,16,1,0,32.2654021,-84.31258912,13249.0,15,16,1,0,15,17,5236,0,0,0,0,-1
2020-05-28,US,Georgia,Screven,50,2,0,32.74976524,-81.60779441,13251.0,48,47,2,0,45,32,13938,3,0,0,3,15
2020-05-28,US,Georgia,Seminole,44,2,0,30.93464824,-84.86823924,13253.0,42,43,2,0,41,43,8315,1,0,0,1,0
2020-05-28,US,Georgia,Spalding,267,21,0,33.26310031,-84.28013991,13255.0,246,264,20,0,244,262,66100,3,1,0,2,2
2020-05-28,US,Georgia,Stephens,136,2,0,34.55151201,-83.29405315,13257.0,134,132,2,0,130,129,26035,4,0,0,4,3
2020-05-28,US,Georgia,Stewart,51,1,0,32.07996777,-84.83208037,13259.0,50,47,0,0,47,46,6199,4,1,0,3,1
2020-05-28,US,Georgia,Sumter,466,41,0,32.03650571,-84.19821492,13261.0,425,460,41,0,419,454,29733,6,0,0,6,6
2020-05-28,US,Georgia,Talbot,38,1,0,32.69642758,-84.53351366,13263.0,37,38,1,0,37,37,6272,0,0,0,0,1
2020-05-28,US,Georgia,Taliaferro,1,0,0,33.56543317,-82.88136816,13265.0,1,1,0,0,1,1,1608,0,0,0,0,0
2020-05-28,US,Georgia,Tattnall,20,0,0,32.04785085,-82.05539188,13267.0,20,19,0,0,19,19,25391,1,0,0,1,0
2020-05-28,US,Georgia,Taylor,22,2,0,32.55792548,-84.25077141,13269.0,20,21,2,0,19,21,8039,1,0,0,1,0
2020-05-28,US,Georgia,Telfair,36,1,0,31.92829517,-82.93491155,13271.0,35,34,1,0,33,34,15876,2,0,0,2,0
2020-05-28,US,Georgia,Terrell,213,26,0,31.77527543,-84.44069698,13273.0,187,215,26,0,189,213,8611,-2,0,0,-2,2
2020-05-28,US,Georgia,Thomas,324,31,0,30.86392347,-83.91847289,13275.0,293,324,31,0,293,323,44448,0,0,0,0,1
2020-05-28,US,Georgia,Tift,247,16,0,31.45743864,-83.5236119,13277.0,231,238,15,0,223,234,40571,9,1,0,8,4
2020-05-28,US,Georgia,Toombs,55,4,0,32.12059861,-82.32957247,13279.0,51,54,4,0,50,53,26887,1,0,0,1,1
2020-05-28,US,Georgia,Towns,23,1,0,34.91369188,-83.74107459999998,13281.0,22,23,1,0,22,22,11852,0,0,0,0,1
2020-05-28,US,Georgia,Treutlen,8,0,0,32.40422134,-82.56904553,13283.0,8,8,0,0,8,8,6809,0,0,0,0,0
2020-05-28,US,Georgia,Troup,283,10,0,33.03349196,-85.02812115,13285.0,273,268,10,0,258,268,70034,15,0,0,15,0
2020-05-28,US,Georgia,Turner,114,12,0,31.71612656,-83.62069378,13287.0,102,110,12,0,98,106,7912,4,0,0,4,4
2020-05-28,US,Georgia,Twiggs,15,0,0,32.67435595,-83.43078662,13289.0,15,15,0,0,15,14,8188,0,0,0,0,1
2020-05-28,US,Georgia,Unassigned,1319,0,0,0.0,0.0,90013.0,1319,1372,0,0,1372,1790,,-53,0,0,-53,-418
2020-05-28,US,Georgia,Union,43,1,0,34.82995757,-83.98967069,13291.0,42,44,1,0,43,41,24001,-1,0,0,-1,3
2020-05-28,US,Georgia,Upson,280,34,0,32.87920671,-84.30024826,13293.0,246,280,34,0,246,279,26215,0,0,0,0,1
2020-05-28,US,Georgia,Walker,112,0,0,34.73376362,-85.30165174,13295.0,112,109,0,0,109,102,69410,3,0,0,3,7
2020-05-28,US,Georgia,Walton,246,12,0,33.78017694,-83.73552314,13297.0,234,242,12,0,230,217,93503,4,0,0,4,25
2020-05-28,US,Georgia,Ware,225,14,0,31.05449097,-82.42224148,13299.0,211,223,14,0,209,221,35680,2,0,0,2,2
2020-05-28,US,Georgia,Warren,18,0,0,33.41146451,-82.67795848,13301.0,18,18,0,0,18,18,5251,0,0,0,0,0
2020-05-28,US,Georgia,Washington,74,1,0,32.96711864,-82.79357039,13303.0,73,74,1,0,73,73,20386,0,0,0,0,1
2020-05-28,US,Georgia,Wayne,18,0,0,31.5521809,-81.91894878,13305.0,18,18,0,0,18,17,29808,0,0,0,0,1
2020-05-28,US,Georgia,Webster,11,1,0,32.04066113,-84.54742852,13307.0,10,11,1,0,10,11,2611,0,0,0,0,0
2020-05-28,US,Georgia,Wheeler,13,0,0,32.12009104,-82.72574721,13309.0,13,9,0,0,9,9,7879,4,0,0,4,0
2020-05-28,US,Georgia,White,99,3,0,34.64624278,-83.74905525,13311.0,96,98,3,0,95,95,29970,1,0,0,1,3
2020-05-28,US,Georgia,Whitfield,322,7,0,34.80987459,-84.96093476,13313.0,315,311,7,0,304,303,104062,11,0,0,11,8
2020-05-28,US,Georgia,Wilcox,106,13,0,31.97496928,-83.43438555,13315.0,93,105,13,0,92,105,8812,1,0,0,1,0
2020-05-28,US,Georgia,Wilkes,33,1,0,33.78290391,-82.74286107,13317.0,32,33,1,0,32,33,9876,0,0,0,0,0
2020-05-28,US,Georgia,Wilkinson,68,4,0,32.80291082,-83.17140684,13319.0,64,70,4,0,66,65,9036,-2,0,0,-2,5
2020-05-28,US,Georgia,Worth,208,21,0,31.55162306,-83.85090513,13321.0,187,209,20,0,189,213,20299,-1,1,0,-2,-4
2020-05-28,US,Hawaii,Hawaii,82,0,0,19.60121157,-155.5210167,15001.0,82,82,0,0,82,81,200983,0,0,0,0,1
2020-05-28,US,Hawaii,Honolulu,417,11,0,21.45803166,-157.97121819999995,15003.0,406,414,11,0,403,414,980080,3,0,0,3,0
2020-05-28,US,Hawaii,Kauai,20,0,0,22.03935037,-159.5966786,15007.0,20,20,0,0,20,20,72133,0,0,0,0,0
2020-05-28,US,Hawaii,Maui,118,6,0,20.86399628,-156.56890969999995,15009.0,112,118,6,0,112,118,167207,0,0,0,0,0
2020-05-28,US,Hawaii,Out of HI,10,0,0,0.0,0.0,80015.0,10,10,0,0,10,10,,0,0,0,0,0
2020-05-28,US,Idaho,Ada,803,22,0,43.4526575,-116.24155159999998,16001.0,781,798,22,0,776,796,469966,5,0,0,5,2
2020-05-28,US,Idaho,Adams,3,0,0,44.89333571,-116.4545247,16003.0,3,3,0,0,3,3,4250,0,0,0,0,0
2020-05-28,US,Idaho,Bannock,24,0,0,42.67002716,-112.2233311,16005.0,24,20,0,0,20,18,87138,4,0,0,4,2
2020-05-28,US,Idaho,Benewah,9,0,0,47.21754179,-116.6586851,16009.0,9,3,0,0,3,,9226,6,0,0,6,
2020-05-28,US,Idaho,Bingham,6,0,0,43.21672879999999,-112.3978437,16011.0,6,6,0,0,6,6,46236,0,0,0,0,0
2020-05-28,US,Idaho,Blaine,512,5,0,43.4085812,-113.9752658,16013.0,507,510,5,0,505,510,22601,2,0,0,2,0
2020-05-28,US,Idaho,Bonner,4,0,0,48.29996017,-116.6017932,16017.0,4,4,0,0,4,4,44727,0,0,0,0,0
2020-05-28,US,Idaho,Bonneville,37,0,0,43.38713372,-111.6161537,16019.0,37,33,0,0,33,32,116854,4,0,0,4,1
2020-05-28,US,Idaho,Camas,1,0,0,43.46665742,-114.8065892,16025.0,1,1,0,0,1,1,1127,0,0,0,0,0
2020-05-28,US,Idaho,Canyon,294,6,0,43.61970148,-116.70954990000001,16027.0,288,287,6,0,281,284,223499,7,0,0,7,3
2020-05-28,US,Idaho,Caribou,1,0,0,42.77149116,-111.5597683,16029.0,1,1,0,0,1,1,7060,0,0,0,0,0
2020-05-28,US,Idaho,Cassia,56,1,0,42.28347888,-113.6012409,16031.0,55,49,1,0,48,28,23864,7,0,0,7,21
2020-05-28,US,Idaho,Custer,2,0,0,44.24186819,-114.2855494,16037.0,2,2,0,0,2,2,4280,0,0,0,0,0
2020-05-28,US,Idaho,Elmore,31,2,0,43.3507101,-115.4701578,16039.0,29,31,2,0,29,31,27259,0,0,0,0,0
2020-05-28,US,Idaho,Fremont,3,0,0,44.22800938,-111.48099429999999,16043.0,3,3,0,0,3,3,13168,0,0,0,0,0
2020-05-28,US,Idaho,Gem,17,0,0,44.06482372,-116.398376,16045.0,17,17,0,0,17,17,17634,0,0,0,0,0
2020-05-28,US,Idaho,Gooding,46,0,0,42.96927962,-114.81083059999999,16047.0,46,40,0,0,40,39,15196,6,0,0,6,1
2020-05-28,US,Idaho,Idaho,3,0,0,45.84721541,-115.4634436,16049.0,3,3,0,0,3,3,16513,0,0,0,0,0
2020-05-28,US,Idaho,Jefferson,7,0,0,43.82078483,-112.3131749,16051.0,7,7,0,0,7,7,29439,0,0,0,0,0
2020-05-28,US,Idaho,Jerome,161,2,0,42.68891267,-114.2655033,16053.0,159,154,2,0,152,145,24015,7,0,0,7,9
2020-05-28,US,Idaho,Kootenai,67,0,0,47.67282258,-116.7020872,16055.0,67,66,0,0,66,66,161505,1,0,0,1,0
2020-05-28,US,Idaho,Latah,7,0,0,46.81587887,-116.71136979999999,16057.0,7,7,0,0,7,7,40134,0,0,0,0,0
2020-05-28,US,Idaho,Lemhi,1,0,0,44.9438088,-113.9309747,16059.0,1,1,0,0,1,1,7961,0,0,0,0,0
2020-05-28,US,Idaho,Lincoln,33,0,0,43.0012336,-114.1358773,16063.0,33,32,0,0,32,30,5360,1,0,0,1,2
2020-05-28,US,Idaho,Madison,21,0,0,43.78141028,-111.65384740000002,16065.0,21,21,0,0,21,20,39304,0,0,0,0,1
2020-05-28,US,Idaho,Minidoka,45,0,0,42.85518524,-113.6357257,16067.0,45,40,0,0,40,29,20825,5,0,0,5,11
2020-05-28,US,Idaho,Nez Perce,82,19,0,46.32638236,-116.75009750000001,16069.0,63,82,19,0,63,81,40408,0,0,0,0,1
2020-05-28,US,Idaho,Owyhee,8,0,0,42.58016894,-116.16938710000001,16073.0,8,8,0,0,8,8,11693,0,0,0,0,0
2020-05-28,US,Idaho,Payette,23,2,0,44.00545243,-116.7647695,16075.0,21,23,2,0,21,23,23551,0,0,0,0,0
2020-05-28,US,Idaho,Power,3,0,0,42.69254894,-112.83957420000002,16077.0,3,3,0,0,3,3,7768,0,0,0,0,0
2020-05-28,US,Idaho,Teton,11,0,0,43.75303583,-111.2056773,16081.0,11,11,0,0,11,11,11640,0,0,0,0,0
2020-05-28,US,Idaho,Twin Falls,410,23,0,42.35440512,-114.6685381,16083.0,387,396,22,0,374,381,86081,14,1,0,13,15
2020-05-28,US,Idaho,Unassigned,1,0,0,0.0,0.0,90016.0,1,1,0,0,1,,,0,0,0,0,
2020-05-28,US,Idaho,Valley,2,0,0,44.76728382,-115.5676773,16085.0,2,2,0,0,2,2,11041,0,0,0,0,0
2020-05-28,US,Idaho,Washington,36,0,0,44.45275475,-116.78476880000001,16087.0,36,34,0,0,34,34,10161,2,0,0,2,0
2020-05-28,US,Illinois,Adams,44,1,0,39.98815591,-91.18786813,17001.0,43,44,1,0,43,44,65691,0,0,0,0,0
2020-05-28,US,Illinois,Alexander,8,0,0,37.18049267,-89.32910838,17003.0,8,8,0,0,8,8,6060,0,0,0,0,0
2020-05-28,US,Illinois,Bond,12,1,0,38.88829622,-89.43534887,17005.0,11,10,1,0,9,10,16630,2,0,0,2,0
2020-05-28,US,Illinois,Boone,424,16,0,42.32359279,-88.82345779,17007.0,408,410,16,0,394,407,53577,14,0,0,14,3
2020-05-28,US,Illinois,Brown,10,0,0,39.96209138,-90.75068024,17009.0,10,10,0,0,10,10,6556,0,0,0,0,0
2020-05-28,US,Illinois,Bureau,15,1,0,41.40385234,-89.5283051,17011.0,14,15,1,0,14,15,32993,0,0,0,0,0
2020-05-28,US,Illinois,Calhoun,1,0,0,39.16840183,-90.66330078,17013.0,1,1,0,0,1,1,4802,0,0,0,0,0
2020-05-28,US,Illinois,Carroll,14,2,0,42.06823429,-89.93395545,17015.0,12,14,2,0,12,13,14312,0,0,0,0,1
2020-05-28,US,Illinois,Cass,69,0,0,39.96991073,-90.24734436,17017.0,69,68,0,0,68,67,12260,1,0,0,1,1
2020-05-28,US,Illinois,Champaign,595,7,0,40.13919438,-88.20046615,17019.0,588,580,7,0,573,569,209983,15,0,0,15,11
2020-05-28,US,Illinois,Christian,33,4,0,39.54581621,-89.27780482,17021.0,29,33,4,0,29,33,32661,0,0,0,0,0
2020-05-28,US,Illinois,Clark,11,0,0,39.33425789,-87.78705622,17023.0,11,10,0,0,10,10,15596,1,0,0,1,0
2020-05-28,US,Illinois,Clay,2,0,0,38.75388572,-88.48914513,17025.0,2,2,0,0,2,2,13253,0,0,0,0,0
2020-05-28,US,Illinois,Clinton,180,17,0,38.60704876,-89.42385254,17027.0,163,178,17,0,161,178,37639,2,0,0,2,0
2020-05-28,US,Illinois,Coles,123,13,0,39.51949084,-88.22358557,17029.0,110,119,12,0,107,115,50885,4,1,0,3,4
2020-05-28,US,Illinois,Cook,75306,3519,0,41.84144849,-87.81658794,17031.0,71787,74521,3455,0,71066,73819,5180493,785,64,0,721,702
2020-05-28,US,Illinois,Crawford,11,0,0,39.0032229,-87.75954624,17033.0,11,11,0,0,11,11,18807,0,0,0,0,0
2020-05-28,US,Illinois,Cumberland,10,0,0,39.27432424,-88.2401158,17035.0,10,10,0,0,10,10,10808,0,0,0,0,0
2020-05-28,US,Illinois,De Witt,4,0,0,40.17514519,-88.90959682,17039.0,4,4,0,0,4,4,15769,0,0,0,0,0
2020-05-28,US,Illinois,DeKalb,370,4,0,41.89373302,-88.76958483,17037.0,366,334,3,0,331,331,104143,36,1,0,35,3
2020-05-28,US,Illinois,Douglas,26,0,0,39.76768052,-88.21854195,17041.0,26,26,0,0,26,28,19479,0,0,0,0,-2
2020-05-28,US,Illinois,DuPage,7460,350,0,41.85116968,-88.08642662,17043.0,7110,7350,347,0,7003,7290,928589,110,3,0,107,60
2020-05-28,US,Illinois,Edwards,2,0,0,38.41353228,-88.05720863,17047.0,2,2,0,0,2,2,6392,0,0,0,0,0
2020-05-28,US,Illinois,Effingham,6,1,0,39.05935711,-88.58969584,17049.0,5,6,1,0,5,6,34208,0,0,0,0,0
2020-05-28,US,Illinois,Fayette,20,3,0,39.00072038,-89.02452658,17051.0,17,20,3,0,17,20,21416,0,0,0,0,0
2020-05-28,US,Illinois,Ford,20,1,0,40.59706922,-88.22350769,17053.0,19,20,1,0,19,20,13264,0,0,0,0,0
2020-05-28,US,Illinois,Franklin,12,0,0,37.99189086,-88.92567818,17055.0,12,12,0,0,12,12,38701,0,0,0,0,0
2020-05-28,US,Illinois,Fulton,11,0,0,40.47289135,-90.20862357,17057.0,11,11,0,0,11,11,34844,0,0,0,0,0
2020-05-28,US,Illinois,Gallatin,2,0,0,37.76430935,-88.22953869,17059.0,2,2,0,0,2,2,5058,0,0,0,0,0
2020-05-28,US,Illinois,Greene,5,0,0,39.35907414,-90.388865,17061.0,5,5,0,0,5,5,13044,0,0,0,0,0
2020-05-28,US,Illinois,Grundy,95,2,0,41.28569601,-88.41905692,17063.0,93,88,2,0,86,89,50972,7,0,0,7,-1
2020-05-28,US,Illinois,Hamilton,2,0,0,38.08163641,-88.53883373,17065.0,2,2,0,0,2,2,8163,0,0,0,0,0
2020-05-28,US,Illinois,Hancock,16,0,0,40.40423981,-91.16313899,17067.0,16,15,0,0,15,15,17844,1,0,0,1,0
2020-05-28,US,Illinois,Hardin,1,0,0,37.51810645,-88.26873022,17069.0,1,1,0,0,1,1,3910,0,0,0,0,0
2020-05-28,US,Illinois,Henderson,8,0,0,40.81908672,-90.92491462,17071.0,8,8,0,0,8,8,6709,0,0,0,0,0
2020-05-28,US,Illinois,Henry,67,0,0,41.3533994,-90.13296166,17073.0,67,67,0,0,67,67,49090,0,0,0,0,0
2020-05-28,US,Illinois,Iroquois,131,4,0,40.74717633,-87.82466784,17075.0,127,131,4,0,127,131,27604,0,0,0,0,0
2020-05-28,US,Illinois,Jackson,256,10,0,37.78595185,-89.38232563,17077.0,246,242,10,0,232,228,57419,14,0,0,14,14
2020-05-28,US,Illinois,Jasper,45,7,0,39.01054275,-88.15437049,17079.0,38,45,7,0,38,45,9611,0,0,0,0,0
2020-05-28,US,Illinois,Jefferson,101,16,0,38.29980057,-88.9240025,17081.0,85,101,16,0,85,101,37820,0,0,0,0,0
2020-05-28,US,Illinois,Jersey,20,1,0,39.08869046,-90.35393073,17083.0,19,20,1,0,19,20,21847,0,0,0,0,0
2020-05-28,US,Illinois,Jo Daviess,32,0,0,42.36542373,-90.21094405,17085.0,32,31,0,0,31,27,21366,1,0,0,1,4
2020-05-28,US,Illinois,Johnson,7,0,0,37.45939802,-88.88165419,17087.0,7,7,0,0,7,7,12456,0,0,0,0,0
2020-05-28,US,Illinois,Kane,6083,167,0,41.93842729,-88.42861412,17089.0,5916,5947,162,0,5785,5866,534216,136,5,0,131,81
2020-05-28,US,Illinois,Kankakee,836,44,0,41.13746989,-87.86205334,17091.0,792,808,43,0,765,802,110024,28,1,0,27,6
2020-05-28,US,Illinois,Kendall,751,19,0,41.59081014,-88.42869583,17093.0,732,736,19,0,717,727,127915,15,0,0,15,9
2020-05-28,US,Illinois,Knox,96,0,0,40.93148779,-90.21330340000002,17095.0,96,94,0,0,94,95,50112,2,0,0,2,-1
2020-05-28,US,Illinois,LaSalle,141,13,0,41.34426129999999,-88.88633881,17099.0,128,140,13,0,127,140,109430,1,0,0,1,0
2020-05-28,US,Illinois,Lake,7933,281,0,42.3224907,-88.00367925,17097.0,7652,7845,270,0,7575,7767,700832,88,11,0,77,78
2020-05-28,US,Illinois,Lawrence,4,0,0,38.71987914,-87.72884035,17101.0,4,4,0,0,4,4,15765,0,0,0,0,0
2020-05-28,US,Illinois,Lee,79,1,0,41.74583951,-89.29977132,17103.0,78,76,1,0,75,76,34223,3,0,0,3,0
2020-05-28,US,Illinois,Livingston,32,2,0,40.89188292,-88.55784752,17105.0,30,31,2,0,29,31,35761,1,0,0,1,0
2020-05-28,US,Illinois,Logan,10,0,0,40.12581572,-89.36638784,17107.0,10,10,0,0,10,10,28925,0,0,0,0,0
2020-05-28,US,Illinois,Macon,192,19,0,39.86064913,-88.96342505,17115.0,173,189,19,0,170,188,104712,3,0,0,3,1
2020-05-28,US,Illinois,Macoupin,44,2,0,39.26119767,-89.92424028,17117.0,42,43,1,0,42,42,45313,1,1,0,0,1
2020-05-28,US,Illinois,Madison,545,57,0,38.83042506,-89.90422563,17119.0,488,544,57,0,487,540,264461,1,0,0,1,4
2020-05-28,US,Illinois,Marion,50,0,0,38.64963204,-88.91899208,17121.0,50,50,0,0,50,50,37620,0,0,0,0,0
2020-05-28,US,Illinois,Marshall,5,0,0,41.0327901,-89.34510444,17123.0,5,5,0,0,5,5,11534,0,0,0,0,0
2020-05-28,US,Illinois,Mason,18,0,0,40.23917274,-89.91824452,17125.0,18,17,0,0,17,17,13565,1,0,0,1,0
2020-05-28,US,Illinois,Massac,7,0,0,37.22078441,-88.71036614,17127.0,7,7,0,0,7,7,14080,0,0,0,0,0
2020-05-28,US,Illinois,McDonough,84,7,0,40.45674722,-90.67775541,17109.0,77,83,7,0,76,83,29955,1,0,0,1,0
2020-05-28,US,Illinois,McHenry,1488,70,0,42.32451172,-88.45248227,17111.0,1418,1475,69,0,1406,1452,308570,13,1,0,12,23
2020-05-28,US,Illinois,McLean,216,13,0,40.48996987,-88.84621113,17113.0,203,215,13,0,202,212,172828,1,0,0,1,3
2020-05-28,US,Illinois,Menard,19,0,0,40.02742725,-89.80246001,17129.0,19,17,0,0,17,17,12288,2,0,0,2,0
2020-05-28,US,Illinois,Mercer,16,0,0,41.20596782,-90.74290052,17131.0,16,16,0,0,16,15,15601,0,0,0,0,1
2020-05-28,US,Illinois,Monroe,93,11,0,38.27594376,-90.17761038,17133.0,82,93,11,0,82,92,34335,0,0,0,0,1
2020-05-28,US,Illinois,Montgomery,39,1,0,39.23198845,-89.47809254,17135.0,38,39,1,0,38,39,28601,0,0,0,0,0
2020-05-28,US,Illinois,Morgan,34,1,0,39.71654544,-90.20255104,17137.0,33,34,1,0,33,34,33976,0,0,0,0,0
2020-05-28,US,Illinois,Moultrie,10,0,0,39.64187451,-88.62099969,17139.0,10,10,0,0,10,10,14717,0,0,0,0,0
2020-05-28,US,Illinois,Ogle,200,2,0,42.04165196,-89.32184679,17141.0,198,193,2,0,191,192,50923,7,0,0,7,1
2020-05-28,US,Illinois,Out of IL,183,1,0,0.0,0.0,80017.0,182,205,1,0,204,177,,-22,0,0,-22,28
2020-05-28,US,Illinois,Peoria,191,8,0,40.78702156,-89.76078901,17143.0,183,188,8,0,180,185,180621,3,0,0,3,3
2020-05-28,US,Illinois,Perry,41,0,0,38.08510853,-89.36856219,17145.0,41,41,0,0,41,41,21174,0,0,0,0,0
2020-05-28,US,Illinois,Piatt,12,0,0,40.01360584,-88.59319339,17147.0,12,12,0,0,12,12,16396,0,0,0,0,0
2020-05-28,US,Illinois,Pike,1,0,0,39.62265059,-90.8877017,17149.0,1,1,0,0,1,1,15611,0,0,0,0,0
2020-05-28,US,Illinois,Pope,1,0,0,37.41391284,-88.56152109,17151.0,1,1,0,0,1,1,4212,0,0,0,0,0
2020-05-28,US,Illinois,Pulaski,41,0,0,37.22631423,-89.13085001,17153.0,41,41,0,0,41,40,5463,0,0,0,0,1
2020-05-28,US,Illinois,Putnam,1,0,0,41.2013541,-89.2869272,17155.0,1,1,0,0,1,1,5740,0,0,0,0,0
2020-05-28,US,Illinois,Randolph,267,4,0,38.05095369,-89.82512254,17157.0,263,264,4,0,260,259,32106,3,0,0,3,5
2020-05-28,US,Illinois,Richland,3,0,0,38.71240969,-88.08475366,17159.0,3,3,0,0,3,3,15763,0,0,0,0,0
2020-05-28,US,Illinois,Rock Island,639,23,0,41.46613806,-90.57042164,17161.0,616,638,23,0,615,639,143477,1,0,0,1,-1
2020-05-28,US,Illinois,Saline,7,0,0,37.75332999,-88.54119706,17165.0,7,7,0,0,7,7,23906,0,0,0,0,0
2020-05-28,US,Illinois,Sangamon,343,28,0,39.75836914,-89.65872023,17167.0,315,337,27,0,310,332,195348,6,1,0,5,5
2020-05-28,US,Illinois,Schuyler,12,0,0,40.157179799999994,-90.61114163,17169.0,12,12,0,0,12,10,6907,0,0,0,0,2
2020-05-28,US,Illinois,Shelby,16,1,0,39.39133527,-88.80611122,17173.0,15,16,1,0,15,16,21741,0,0,0,0,0
2020-05-28,US,Illinois,St. Clair,1050,77,0,38.46996033,-89.93063427,17163.0,973,1035,73,0,962,1017,261059,15,4,0,11,18
2020-05-28,US,Illinois,Stark,3,0,0,41.09309773,-89.79745866,17175.0,3,3,0,0,3,3,5427,0,0,0,0,0
2020-05-28,US,Illinois,Stephenson,199,2,0,42.35129217,-89.662598,17177.0,197,194,2,0,192,195,44753,5,0,0,5,-1
2020-05-28,US,Illinois,Tazewell,70,4,0,40.50716185,-89.51404662,17179.0,66,69,3,0,66,68,132328,1,1,0,0,1
2020-05-28,US,Illinois,Unassigned,149,0,0,0.0,0.0,90017.0,149,110,0,0,110,120,,39,0,0,39,-10
2020-05-28,US,Illinois,Union,151,9,0,37.47119609,-89.25548938,17181.0,142,143,7,0,136,141,16841,8,2,0,6,2
2020-05-28,US,Illinois,Vermilion,38,1,0,40.18417171,-87.73384359,17183.0,37,37,1,0,36,39,76806,1,0,0,1,-2
2020-05-28,US,Illinois,Wabash,2,0,0,38.44272901,-87.84922065,17185.0,2,2,0,0,2,2,11549,0,0,0,0,0
2020-05-28,US,Illinois,Warren,113,0,0,40.84925021,-90.6147432,17187.0,113,113,0,0,113,114,17032,0,0,0,0,-1
2020-05-28,US,Illinois,Washington,18,0,0,38.35309213,-89.40982703,17189.0,18,18,0,0,18,18,13995,0,0,0,0,0
2020-05-28,US,Illinois,Wayne,9,1,0,38.42955355,-88.42586459,17191.0,8,9,1,0,8,9,16332,0,0,0,0,0
2020-05-28,US,Illinois,White,2,0,0,38.08706198,-88.17657461,17193.0,2,2,0,0,2,2,13665,0,0,0,0,0
2020-05-28,US,Illinois,Whiteside,134,12,0,41.75509713,-89.91556058,17195.0,122,134,10,0,124,133,55626,0,2,0,-2,1
2020-05-28,US,Illinois,Will,5356,268,0,41.44619267,-87.97862712,17197.0,5088,5279,264,0,5015,5238,692310,77,4,0,73,41
2020-05-28,US,Illinois,Williamson,60,2,0,37.73033511,-88.92994027,17199.0,58,57,2,0,55,54,67056,3,0,0,3,3
2020-05-28,US,Illinois,Winnebago,2091,53,0,42.33641854,-89.16085327,17201.0,2038,2001,52,0,1949,1993,284081,90,1,0,89,8
2020-05-28,US,Illinois,Woodford,18,2,0,40.78579374,-89.20973757,17203.0,16,18,2,0,16,18,38463,0,0,0,0,0
2020-05-28,US,Indiana,Adams,13,1,0,40.7457653,-84.93671406,18001.0,12,12,1,0,11,12,35636,1,0,0,1,0
2020-05-28,US,Indiana,Allen,1419,66,0,41.09194313,-85.06800636,18003.0,1353,1353,66,0,1287,1309,375351,66,0,0,66,44
2020-05-28,US,Indiana,Bartholomew,490,34,0,39.20744865,-85.89558181,18005.0,456,486,34,0,452,481,82753,4,0,0,4,5
2020-05-28,US,Indiana,Benton,26,0,0,40.60626947,-87.31093999,18007.0,26,25,0,0,25,25,8653,1,0,0,1,0
2020-05-28,US,Indiana,Blackford,22,2,0,40.47388153,-85.32499702,18009.0,20,20,2,0,18,21,11930,2,0,0,2,-1
2020-05-28,US,Indiana,Boone,305,35,0,40.0509304,-86.46841646,18011.0,270,293,35,0,258,288,66999,12,0,0,12,5
2020-05-28,US,Indiana,Brown,33,1,0,39.19605589,-86.22868909,18013.0,32,33,1,0,32,33,15234,0,0,0,0,0
2020-05-28,US,Indiana,Carroll,93,3,0,40.580783200000006,-86.56198812,18015.0,90,93,2,0,91,92,20127,0,1,0,-1,1
2020-05-28,US,Indiana,Cass,1589,7,0,40.76135835,-86.34830753,18017.0,1582,1586,7,0,1579,1582,37955,3,0,0,3,4
2020-05-28,US,Indiana,Clark,479,41,0,38.48015445,-85.70510334,18019.0,438,471,41,0,430,461,117360,8,0,0,8,10
2020-05-28,US,Indiana,Clay,46,1,0,39.39561833,-87.11723506,18021.0,45,41,1,0,40,39,26170,5,0,0,5,2
2020-05-28,US,Indiana,Clinton,222,1,0,40.30319754,-86.47277257,18023.0,221,222,1,0,221,222,32250,0,0,0,0,0
2020-05-28,US,Indiana,Crawford,23,0,0,38.28814402,-86.44518825,18025.0,23,23,0,0,23,23,10558,0,0,0,0,0
2020-05-28,US,Indiana,Daviess,84,16,0,38.70186039,-87.07185406,18027.0,68,84,16,0,68,82,33147,0,0,0,0,2
2020-05-28,US,Indiana,DeKalb,33,1,0,41.39804622,-84.99906934,18033.0,32,33,1,0,32,31,43226,0,0,0,0,2
2020-05-28,US,Indiana,Dearborn,165,21,0,39.14647946,-84.97333539,18029.0,144,164,21,0,143,164,49568,1,0,0,1,0
2020-05-28,US,Indiana,Decatur,224,31,0,39.30712658,-85.50087166,18031.0,193,224,31,0,193,224,26794,0,0,0,0,0
2020-05-28,US,Indiana,Delaware,376,36,0,40.22787247,-85.39732772,18035.0,340,359,36,0,323,357,114772,17,0,0,17,2
2020-05-28,US,Indiana,Dubois,190,3,0,38.36597551,-86.87924170000002,18037.0,187,185,2,0,183,185,42565,5,1,0,4,0
2020-05-28,US,Indiana,Elkhart,1101,28,0,41.59761169,-85.85875695,18039.0,1073,1070,28,0,1042,1057,205560,31,0,0,31,13
2020-05-28,US,Indiana,Fayette,74,7,0,39.63684962,-85.17797541,18041.0,67,71,4,0,67,68,23047,3,3,0,0,3
2020-05-28,US,Indiana,Floyd,317,39,0,38.32117957,-85.90385377,18043.0,278,315,39,0,276,314,77781,2,0,0,2,1
2020-05-28,US,Indiana,Fountain,18,2,0,40.12361933,-87.24217689,18045.0,16,18,2,0,16,18,16351,0,0,0,0,0
2020-05-28,US,Indiana,Franklin,109,8,0,39.4142482,-85.06062647,18047.0,101,106,8,0,98,106,22736,3,0,0,3,0
2020-05-28,US,Indiana,Fulton,47,1,0,41.0469907,-86.26252745,18049.0,46,47,1,0,46,47,20092,0,0,0,0,0
2020-05-28,US,Indiana,Gibson,14,2,0,38.30393723,-87.58054938,18051.0,12,14,2,0,12,14,33452,0,0,0,0,0
2020-05-28,US,Indiana,Grant,197,21,0,40.51587228,-85.65468702,18053.0,176,195,21,0,174,191,65936,2,0,0,2,4
2020-05-28,US,Indiana,Greene,168,24,0,39.03630547,-86.96223202,18055.0,144,168,24,0,144,167,32006,0,0,0,0,1
2020-05-28,US,Indiana,Hamilton,1132,92,0,40.07306535,-86.05244729,18057.0,1040,1123,91,0,1032,1115,330086,9,1,0,8,8
2020-05-28,US,Indiana,Hancock,327,27,0,39.82304555,-85.77566351,18059.0,300,323,27,0,296,321,76351,4,0,0,4,2
2020-05-28,US,Indiana,Harrison,189,21,0,38.19467379,-86.10948271,18061.0,168,188,21,0,167,187,40350,1,0,0,1,1
2020-05-28,US,Indiana,Hendricks,1142,68,0,39.76719009,-86.51037283,18063.0,1074,1135,67,0,1068,1130,167009,7,1,0,6,5
2020-05-28,US,Indiana,Henry,169,10,0,39.93029017,-85.39625719,18065.0,159,170,9,0,161,161,48271,-1,1,0,-2,9
2020-05-28,US,Indiana,Howard,378,24,0,40.48527731,-86.11351892,18067.0,354,376,20,0,356,365,82366,2,4,0,-2,11
2020-05-28,US,Indiana,Huntington,26,2,0,40.82907273,-85.48822092,18069.0,24,26,2,0,24,26,36240,0,0,0,0,0
2020-05-28,US,Indiana,Jackson,372,1,0,38.90915820000001,-86.03851889,18071.0,371,368,1,0,367,367,44111,4,0,0,4,1
2020-05-28,US,Indiana,Jasper,66,1,0,41.02078733,-87.11553319,18073.0,65,62,1,0,61,58,33370,4,0,0,4,4
2020-05-28,US,Indiana,Jay,49,0,0,40.43781032,-85.00576229,18075.0,49,46,0,0,46,44,20764,3,0,0,3,2
2020-05-28,US,Indiana,Jefferson,43,1,0,38.78576239,-85.43633383,18077.0,42,42,1,0,41,41,32208,1,0,0,1,1
2020-05-28,US,Indiana,Jennings,129,4,0,38.99588883,-85.62710784,18079.0,125,128,4,0,124,127,27611,1,0,0,1,1
2020-05-28,US,Indiana,Johnson,1092,106,0,39.48994426,-86.10149107,18081.0,986,1092,104,0,988,1086,156225,0,2,0,-2,6
2020-05-28,US,Indiana,Knox,25,0,0,38.68861576,-87.4194665,18083.0,25,25,0,0,25,25,36895,0,0,0,0,0
2020-05-28,US,Indiana,Kosciusko,101,1,0,41.24521668,-85.86312322,18085.0,100,97,1,0,96,94,79344,4,0,0,4,3
2020-05-28,US,Indiana,LaGrange,68,2,0,41.64232188,-85.42674232,18087.0,66,62,2,0,60,60,39330,6,0,0,6,2
2020-05-28,US,Indiana,LaPorte,420,22,0,41.54366008,-86.74072188,18091.0,398,415,23,0,392,415,110007,5,-1,0,6,0
2020-05-28,US,Indiana,Lake,3494,175,0,41.41874274,-87.38277575,18089.0,3319,3347,170,0,3177,3320,484411,147,5,0,142,27
2020-05-28,US,Indiana,Lawrence,152,23,0,38.84112637,-86.48361629,18093.0,129,146,23,0,123,144,45668,6,0,0,6,2
2020-05-28,US,Indiana,Madison,584,59,0,40.16143691,-85.71964711,18095.0,525,582,59,0,523,582,129641,2,0,0,2,0
2020-05-28,US,Indiana,Marion,9524,558,0,39.78163624,-86.13826325,18097.0,8966,9371,546,0,8825,9268,954670,153,12,0,141,103
2020-05-28,US,Indiana,Marshall,80,1,0,41.32467367,-86.26185087,18099.0,79,80,1,0,79,76,46248,0,0,0,0,4
2020-05-28,US,Indiana,Martin,9,0,0,38.7099921,-86.80373186,18101.0,9,9,0,0,9,9,10217,0,0,0,0,0
2020-05-28,US,Indiana,Miami,140,1,0,40.76940965,-86.04525048,18103.0,139,139,1,0,138,139,35567,1,0,0,1,0
2020-05-28,US,Indiana,Monroe,165,12,0,39.16130004,-86.52414358,18105.0,153,162,11,0,151,160,146917,3,1,0,2,2
2020-05-28,US,Indiana,Montgomery,234,17,0,40.04034823,-86.89335024,18107.0,217,233,17,0,216,231,38346,1,0,0,1,2
2020-05-28,US,Indiana,Morgan,277,24,0,39.47899078,-86.44573375,18109.0,253,270,24,0,246,262,70116,7,0,0,7,8
2020-05-28,US,Indiana,Newton,76,10,0,40.95610449,-87.39635768,18111.0,66,74,10,0,64,74,14011,2,0,0,2,0
2020-05-28,US,Indiana,Noble,204,21,0,41.39672484,-85.41966713,18113.0,183,192,21,0,171,189,47532,12,0,0,12,3
2020-05-28,US,Indiana,Ohio,13,0,0,38.955304999999996,-84.96515993,18115.0,13,13,0,0,13,13,5844,0,0,0,0,0
2020-05-28,US,Indiana,Orange,124,22,0,38.54118920000001,-86.49523093,18117.0,102,124,22,0,102,124,19489,0,0,0,0,0
2020-05-28,US,Indiana,Owen,35,1,0,39.31145587,-86.83900724,18119.0,34,34,1,0,33,34,20845,1,0,0,1,0
2020-05-28,US,Indiana,Parke,19,0,0,39.77202286,-87.20375833,18121.0,19,18,0,0,18,17,16927,1,0,0,1,1
2020-05-28,US,Indiana,Perry,28,0,0,38.07809328,-86.63741946,18123.0,28,26,0,0,26,26,19102,2,0,0,2,0
2020-05-28,US,Indiana,Pike,6,0,0,38.40112197,-87.23574907,18125.0,6,6,0,0,6,6,12410,0,0,0,0,0
2020-05-28,US,Indiana,Porter,505,22,0,41.45986947,-87.06848888,18127.0,483,495,21,0,474,490,169594,10,1,0,9,5
2020-05-28,US,Indiana,Posey,16,0,0,38.02097333,-87.86480429,18129.0,16,16,0,0,16,17,25540,0,0,0,0,-1
2020-05-28,US,Indiana,Pulaski,41,0,0,41.04166107,-86.69890683,18131.0,41,40,0,0,40,39,12469,1,0,0,1,1
2020-05-28,US,Indiana,Putnam,135,7,0,39.66437981,-86.84517605,18133.0,128,134,7,0,127,133,37779,1,0,0,1,1
2020-05-28,US,Indiana,Randolph,45,3,0,40.15734772,-85.01139319,18135.0,42,45,3,0,42,43,24851,0,0,0,0,2
2020-05-28,US,Indiana,Ripley,110,6,0,39.10235626,-85.26212744,18137.0,104,113,6,0,107,112,28523,-3,0,0,-3,1
2020-05-28,US,Indiana,Rush,45,2,0,39.62002287,-85.4655599,18139.0,43,45,2,0,43,45,16663,0,0,0,0,0
2020-05-28,US,Indiana,Scott,120,3,0,38.68672078,-85.74627859,18143.0,117,118,3,0,115,118,23878,2,0,0,2,0
2020-05-28,US,Indiana,Shelby,368,22,0,39.52305623,-85.79158570000001,18145.0,346,321,21,0,300,315,44593,47,1,0,46,6
2020-05-28,US,Indiana,Spencer,19,1,0,38.01519732,-87.0079644,18147.0,18,17,1,0,16,17,20327,2,0,0,2,0
2020-05-28,US,Indiana,St. Joseph,1221,34,0,41.61756781,-86.29040834,18141.0,1187,1218,34,0,1184,1205,270771,3,0,0,3,13
2020-05-28,US,Indiana,Starke,32,3,0,41.27890281,-86.64686895,18149.0,29,31,3,0,28,31,22935,1,0,0,1,0
2020-05-28,US,Indiana,Steuben,81,2,0,41.64423868,-85.00101094,18151.0,79,80,2,0,78,80,34586,1,0,0,1,0
2020-05-28,US,Indiana,Sullivan,34,1,0,39.08952258,-87.41414469,18153.0,33,33,1,0,32,32,20690,1,0,0,1,1
2020-05-28,US,Indiana,Switzerland,19,0,0,38.82767338,-85.03022429,18155.0,19,19,0,0,19,19,10717,0,0,0,0,0
2020-05-28,US,Indiana,Tippecanoe,382,3,0,40.38872739,-86.89413959,18157.0,379,380,3,0,377,375,193048,2,0,0,2,5
2020-05-28,US,Indiana,Tipton,24,1,0,40.31123252,-86.05234925,18159.0,23,24,1,0,23,25,15128,0,0,0,0,-1
2020-05-28,US,Indiana,Unassigned,0,161,0,0.0,0.0,90018.0,-161,0,159,0,-159,0,,0,2,0,-2,0
2020-05-28,US,Indiana,Union,8,0,0,39.62550777,-84.92497066,18161.0,8,8,0,0,8,8,7037,0,0,0,0,0
2020-05-28,US,Indiana,Vanderburgh,259,2,0,38.02658833,-87.58763124,18163.0,257,253,2,0,251,248,180974,6,0,0,6,5
2020-05-28,US,Indiana,Vermillion,10,0,0,39.8523352,-87.46160542,18165.0,10,10,0,0,10,9,15479,0,0,0,0,1
2020-05-28,US,Indiana,Vigo,153,8,0,39.42944561,-87.39169027,18167.0,145,150,7,0,143,147,107386,3,1,0,2,3
2020-05-28,US,Indiana,Wabash,74,2,0,40.84704239,-85.79328272,18169.0,72,73,2,0,71,72,31280,1,0,0,1,1
2020-05-28,US,Indiana,Warren,12,1,0,40.34728141,-87.35602659,18171.0,11,12,1,0,11,12,8263,0,0,0,0,0
2020-05-28,US,Indiana,Warrick,165,28,0,38.08922676,-87.2716085,18173.0,137,165,28,0,137,164,62567,0,0,0,0,1
2020-05-28,US,Indiana,Washington,51,1,0,38.60219804,-86.1049363,18175.0,50,52,1,0,51,52,27943,-1,0,0,-1,0
2020-05-28,US,Indiana,Wayne,75,6,0,39.863344399999995,-85.01044989,18177.0,69,75,5,0,70,71,65936,0,1,0,-1,4
2020-05-28,US,Indiana,Wells,27,0,0,40.72934187,-85.22132966,18179.0,27,26,0,0,26,24,28206,1,0,0,1,2
2020-05-28,US,Indiana,White,230,8,0,40.74911165,-86.86492015,18181.0,222,228,8,0,220,226,24133,2,0,0,2,2
2020-05-28,US,Indiana,Whitley,38,3,0,41.13863784,-85.50791236,18183.0,35,41,2,0,39,40,34074,-3,1,0,-4,1
2020-05-28,US,Iowa,Adair,8,0,0,41.33075609,-94.47105874,19001.0,8,7,0,0,7,7,7063,1,0,0,1,0
2020-05-28,US,Iowa,Adams,7,0,0,41.02903567,-94.69932645,19003.0,7,7,0,0,7,5,3645,0,0,0,0,2
2020-05-28,US,Iowa,Allamakee,120,4,0,43.28383218,-91.37860922,19005.0,116,119,4,0,115,118,13832,1,0,0,1,1
2020-05-28,US,Iowa,Appanoose,14,3,0,40.74324454,-92.86865906,19007.0,11,13,3,0,10,13,12437,1,0,0,1,0
2020-05-28,US,Iowa,Audubon,12,1,0,41.6844628,-94.90581859,19009.0,11,12,1,0,11,12,5506,0,0,0,0,0
2020-05-28,US,Iowa,Benton,39,1,0,42.08011739,-92.06463573,19011.0,38,39,1,0,38,39,25642,0,0,0,0,0
2020-05-28,US,Iowa,Black Hawk,1724,43,0,42.4704581,-92.30524729,19013.0,1681,1713,43,0,1670,1692,132408,11,0,0,11,21
2020-05-28,US,Iowa,Boone,57,0,0,42.03657094,-93.9313999,19015.0,57,56,0,0,56,55,26346,1,0,0,1,1
2020-05-28,US,Iowa,Bremer,67,6,0,42.77461496,-92.31795937,19017.0,61,67,6,0,61,67,24947,0,0,0,0,0
2020-05-28,US,Iowa,Buchanan,32,0,0,42.4709188,-91.83510825,19019.0,32,31,0,0,31,31,21199,1,0,0,1,0
2020-05-28,US,Iowa,Buena Vista,702,0,0,42.73545875,-95.15100162,19021.0,702,682,0,0,682,252,19874,20,0,0,20,430
2020-05-28,US,Iowa,Butler,15,0,0,42.73172833,-92.79015971,19023.0,15,15,0,0,15,15,14539,0,0,0,0,0
2020-05-28,US,Iowa,Calhoun,2,0,0,42.38521079,-94.64046046,19025.0,2,2,0,0,2,2,9699,0,0,0,0,0
2020-05-28,US,Iowa,Carroll,9,0,0,42.03617207,-94.86032705,19027.0,9,9,0,0,9,9,20154,0,0,0,0,0
2020-05-28,US,Iowa,Cass,11,0,0,41.33149454,-94.92792482,19029.0,11,11,0,0,11,11,12930,0,0,0,0,0
2020-05-28,US,Iowa,Cedar,46,1,0,41.77233777,-91.13246684,19031.0,45,46,1,0,45,46,18627,0,0,0,0,0
2020-05-28,US,Iowa,Cerro Gordo,25,1,0,43.08177563,-93.2612239,19033.0,24,22,1,0,21,22,42647,3,0,0,3,0
2020-05-28,US,Iowa,Cherokee,24,0,0,42.73538914,-95.62389402,19035.0,24,23,0,0,23,18,11321,1,0,0,1,5
2020-05-28,US,Iowa,Chickasaw,8,0,0,43.06001295,-92.31773347,19037.0,8,8,0,0,8,8,11964,0,0,0,0,0
2020-05-28,US,Iowa,Clarke,45,0,0,41.02868181,-93.78499767,19039.0,45,40,0,0,40,35,9423,5,0,0,5,5
2020-05-28,US,Iowa,Clay,13,0,0,43.08247182,-95.15096481,19041.0,13,13,0,0,13,10,16134,0,0,0,0,3
2020-05-28,US,Iowa,Clayton,32,3,0,42.84443388,-91.34133693,19043.0,29,31,3,0,28,31,17556,1,0,0,1,0
2020-05-28,US,Iowa,Clinton,60,1,0,41.89981633,-90.53275096,19045.0,59,60,1,0,59,60,46518,0,0,0,0,0
2020-05-28,US,Iowa,Crawford,489,2,0,42.03718237,-95.3819718,19047.0,487,488,2,0,486,487,17158,1,0,0,1,1
2020-05-28,US,Iowa,Dallas,875,17,0,41.68560356,-94.04127625,19049.0,858,873,17,0,856,864,90180,2,0,0,2,9
2020-05-28,US,Iowa,Davis,20,0,0,40.74773536,-92.41005468,19051.0,20,20,0,0,20,20,9017,0,0,0,0,0
2020-05-28,US,Iowa,Decatur,1,0,0,40.73742757,-93.78645949,19053.0,1,1,0,0,1,,7890,0,0,0,0,
2020-05-28,US,Iowa,Delaware,15,0,0,42.47104597,-91.3664492,19055.0,15,15,0,0,15,15,17069,0,0,0,0,0
2020-05-28,US,Iowa,Des Moines,59,1,0,40.92012606,-91.18326592,19057.0,58,58,1,0,57,59,39138,1,0,0,1,-1
2020-05-28,US,Iowa,Dickinson,16,0,0,43.37787725,-95.1510206,19059.0,16,13,0,0,13,9,17153,3,0,0,3,4
2020-05-28,US,Iowa,Dubuque,334,18,0,42.46815349,-90.88181925,19061.0,316,330,16,0,314,323,96854,4,2,0,2,7
2020-05-28,US,Iowa,Emmet,12,0,0,43.37782951,-94.67858943,19063.0,12,8,0,0,8,7,9253,4,0,0,4,1
2020-05-28,US,Iowa,Fayette,26,0,0,42.86271799,-91.84412309999999,19065.0,26,26,0,0,26,26,19660,0,0,0,0,0
2020-05-28,US,Iowa,Floyd,18,1,0,43.06000529999999,-92.78940097,19067.0,17,18,1,0,17,18,15761,0,0,0,0,0
2020-05-28,US,Iowa,Franklin,10,0,0,42.73270384,-93.26256925,19069.0,10,9,0,0,9,8,10124,1,0,0,1,1
2020-05-28,US,Iowa,Fremont,4,0,0,40.74542720000001,-95.60129045,19071.0,4,4,0,0,4,4,6993,0,0,0,0,0
2020-05-28,US,Iowa,Greene,13,0,0,42.03614551,-94.39658081,19073.0,13,13,0,0,13,13,8981,0,0,0,0,0
2020-05-28,US,Iowa,Grundy,19,0,0,42.40183723,-92.78829551,19075.0,19,19,0,0,19,19,12304,0,0,0,0,0
2020-05-28,US,Iowa,Guthrie,46,3,0,41.68378965,-94.50111014,19077.0,43,44,3,0,41,43,10720,2,0,0,2,1
2020-05-28,US,Iowa,Hamilton,29,0,0,42.38382428,-93.70197703,19079.0,29,28,0,0,28,25,14952,1,0,0,1,3
2020-05-28,US,Iowa,Hancock,16,0,0,43.08178477,-93.73454884,19081.0,16,14,0,0,14,14,10712,2,0,0,2,0
2020-05-28,US,Iowa,Hardin,16,0,0,42.38353877,-93.23654611,19083.0,16,15,0,0,15,13,16868,1,0,0,1,2
2020-05-28,US,Iowa,Harrison,19,0,0,41.68330137,-95.81558439,19085.0,19,19,0,0,19,19,14134,0,0,0,0,0
2020-05-28,US,Iowa,Henry,67,1,0,40.98767962,-91.54436349,19087.0,66,67,1,0,66,67,20067,0,0,0,0,0
2020-05-28,US,Iowa,Howard,12,0,0,43.35671042,-92.31702714,19089.0,12,12,0,0,12,12,9187,0,0,0,0,0
2020-05-28,US,Iowa,Humboldt,15,0,0,42.7764426,-94.20722537,19091.0,15,14,0,0,14,13,9547,1,0,0,1,1
2020-05-28,US,Iowa,Ida,14,0,0,42.38696136,-95.51355387,19093.0,14,14,0,0,14,13,6841,0,0,0,0,1
2020-05-28,US,Iowa,Iowa,35,0,0,41.68630265,-92.0643373,19095.0,35,36,0,0,36,33,16141,-1,0,0,-1,3
2020-05-28,US,Iowa,Jackson,11,0,0,42.17178824,-90.57354837,19097.0,11,13,0,0,13,12,19432,-2,0,0,-2,1
2020-05-28,US,Iowa,Jasper,258,16,0,41.68576082,-93.05567785,19099.0,242,257,16,0,241,257,37147,1,0,0,1,0
2020-05-28,US,Iowa,Jefferson,19,0,0,41.03192394,-91.94849466,19101.0,19,19,0,0,19,18,18381,0,0,0,0,1
2020-05-28,US,Iowa,Johnson,607,8,0,41.67169354,-91.58754744,19103.0,599,605,8,0,597,605,151260,2,0,0,2,0
2020-05-28,US,Iowa,Jones,36,0,0,42.12118609,-91.13139641,19105.0,36,36,0,0,36,36,20744,0,0,0,0,0
2020-05-28,US,Iowa,Keokuk,14,0,0,41.33649833,-92.1785067,19107.0,14,14,0,0,14,14,10225,0,0,0,0,0
2020-05-28,US,Iowa,Kossuth,9,0,0,43.20405458,-94.20691791,19109.0,9,8,0,0,8,8,14908,1,0,0,1,0
2020-05-28,US,Iowa,Lee,24,0,0,40.64181461,-91.48183025,19111.0,24,23,0,0,23,21,34055,1,0,0,1,2
2020-05-28,US,Iowa,Linn,941,76,0,42.07923082,-91.59809485,19113.0,865,938,76,0,862,936,225909,3,0,0,3,2
2020-05-28,US,Iowa,Louisa,342,10,0,41.21842119,-91.26102611,19115.0,332,336,10,0,326,336,11169,6,0,0,6,0
2020-05-28,US,Iowa,Lucas,12,0,0,41.02958964,-93.32780803,19117.0,12,7,0,0,7,6,8645,5,0,0,5,1
2020-05-28,US,Iowa,Lyon,19,0,0,43.38107862,-96.20926845,19119.0,19,19,0,0,19,19,11811,0,0,0,0,0
2020-05-28,US,Iowa,Madison,27,1,0,41.33081904,-94.01554631,19121.0,26,26,1,0,25,25,16249,1,0,0,1,1
2020-05-28,US,Iowa,Mahaska,91,8,0,41.33521503,-92.64083907,19123.0,83,88,8,0,80,85,22000,3,0,0,3,3
2020-05-28,US,Iowa,Marion,31,0,0,41.33445101,-93.09934783,19125.0,31,30,0,0,30,30,33407,1,0,0,1,0
2020-05-28,US,Iowa,Marshall,882,15,0,42.03586837,-92.99908190000001,19127.0,867,878,15,0,863,875,39981,4,0,0,4,3
2020-05-28,US,Iowa,Mills,16,0,0,41.03299766,-95.61920963,19129.0,16,16,0,0,16,16,15063,0,0,0,0,0
2020-05-28,US,Iowa,Mitchell,5,0,0,43.35638371,-92.78887719,19131.0,5,5,0,0,5,4,10569,0,0,0,0,1
2020-05-28,US,Iowa,Monona,24,0,0,42.05220391,-95.95743843,19133.0,24,24,0,0,24,24,8679,0,0,0,0,0
2020-05-28,US,Iowa,Monroe,38,5,0,41.02988815,-92.8690667,19135.0,33,35,4,0,31,35,7790,3,1,0,2,0
2020-05-28,US,Iowa,Montgomery,6,0,0,41.03018714,-95.15642896,19137.0,6,6,0,0,6,6,10003,0,0,0,0,0
2020-05-28,US,Iowa,Muscatine,549,41,0,41.48370744,-91.11216970000001,19139.0,508,547,41,0,506,545,42929,2,0,0,2,2
2020-05-28,US,Iowa,O'Brien,27,0,0,43.08310673,-95.62474482,19141.0,27,27,0,0,27,27,13840,0,0,0,0,0
2020-05-28,US,Iowa,Osceola,32,0,0,43.37824276,-95.62422844,19143.0,32,31,0,0,31,32,6040,1,0,0,1,-1
2020-05-28,US,Iowa,Page,11,0,0,40.7393172,-95.1497813,19145.0,11,10,0,0,10,10,15249,1,0,0,1,0
2020-05-28,US,Iowa,Palo Alto,3,0,0,43.08193849,-94.67824621,19147.0,3,3,0,0,3,3,8929,0,0,0,0,0
2020-05-28,US,Iowa,Plymouth,119,1,0,42.737633,-96.21366621,19149.0,118,119,1,0,118,118,25095,0,0,0,0,1
2020-05-28,US,Iowa,Pocahontas,10,0,0,42.73420133,-94.67862564,19151.0,10,9,0,0,9,4,6740,1,0,0,1,5
2020-05-28,US,Iowa,Polk,3930,118,0,41.68679484,-93.57767461,19153.0,3812,3876,115,0,3761,3821,487204,54,3,0,51,55
2020-05-28,US,Iowa,Pottawattamie,234,8,0,41.33640314,-95.53907776,19155.0,226,227,7,0,220,220,93533,7,1,0,6,7
2020-05-28,US,Iowa,Poweshiek,89,8,0,41.68625425,-92.53155731,19157.0,81,88,8,0,80,88,18699,1,0,0,1,0
2020-05-28,US,Iowa,Ringgold,4,0,0,40.73518949,-94.24368535,19159.0,4,4,0,0,4,4,4968,0,0,0,0,0
2020-05-28,US,Iowa,Sac,17,0,0,42.38624071,-95.10547892,19161.0,17,17,0,0,17,13,9719,0,0,0,0,4
2020-05-28,US,Iowa,Scott,352,10,0,41.63935978,-90.61959493,19163.0,342,346,10,0,336,341,173283,6,0,0,6,5
2020-05-28,US,Iowa,Shelby,34,0,0,41.6850066,-95.31015553,19165.0,34,35,0,0,35,31,11578,-1,0,0,-1,4
2020-05-28,US,Iowa,Sioux,213,0,0,43.08221074,-96.17675679999999,19167.0,213,210,0,0,210,204,34909,3,0,0,3,6
2020-05-28,US,Iowa,Story,99,1,0,42.03621213,-93.46499005,19169.0,98,96,1,0,95,95,98105,3,0,0,3,1
2020-05-28,US,Iowa,Tama,400,26,0,42.07991767,-92.53266945,19171.0,374,400,26,0,374,398,16904,0,0,0,0,2
2020-05-28,US,Iowa,Taylor,49,0,0,40.73710579,-94.69778563,19173.0,49,48,0,0,48,40,6191,1,0,0,1,8
2020-05-28,US,Iowa,Unassigned,1,0,0,0.0,0.0,90019.0,1,8,0,0,8,2,,-7,0,0,-7,6
2020-05-28,US,Iowa,Union,7,0,0,41.0277278,-94.24234847,19175.0,7,6,0,0,6,6,12359,1,0,0,1,0
2020-05-28,US,Iowa,Van Buren,9,0,0,40.75326764,-91.95017958,19177.0,9,9,0,0,9,9,7020,0,0,0,0,0
2020-05-28,US,Iowa,Wapello,545,6,0,41.03064984,-92.40954728,19179.0,539,538,4,0,534,517,35205,7,2,0,5,21
2020-05-28,US,Iowa,Warren,116,0,0,41.33559454,-93.56007641,19181.0,116,114,0,0,114,112,51056,2,0,0,2,2
2020-05-28,US,Iowa,Washington,185,8,0,41.33577126,-91.71725711,19183.0,177,185,8,0,177,184,22141,0,0,0,0,1
2020-05-28,US,Iowa,Wayne,1,0,0,40.73969028,-93.32752197,19185.0,1,1,0,0,1,1,6401,0,0,0,0,0
2020-05-28,US,Iowa,Webster,32,1,0,42.42853483,-94.17987389,19187.0,31,29,1,0,28,28,36277,3,0,0,3,1
2020-05-28,US,Iowa,Winnebago,11,0,0,43.37751174,-93.73407298,19189.0,11,11,0,0,11,10,10518,0,0,0,0,1
2020-05-28,US,Iowa,Winneshiek,23,0,0,43.29094334,-91.84422722,19191.0,23,23,0,0,23,23,20029,0,0,0,0,0
2020-05-28,US,Iowa,Woodbury,2672,32,0,42.38979414,-96.0459439,19193.0,2640,2658,31,0,2627,2640,102539,14,1,0,13,18
2020-05-28,US,Iowa,Worth,3,0,0,43.37750768,-93.26087602,19195.0,3,3,0,0,3,3,7453,0,0,0,0,0
2020-05-28,US,Iowa,Wright,145,0,0,42.73305373,-93.73515113,19197.0,145,124,0,0,124,124,12690,21,0,0,21,0
2020-05-28,US,Kansas,Allen,1,0,0,37.88582951,-95.30030847,20001.0,1,1,0,0,1,1,12444,0,0,0,0,0
2020-05-28,US,Kansas,Anderson,1,0,0,38.21413251,-95.29272815,20003.0,1,1,0,0,1,1,7878,0,0,0,0,0
2020-05-28,US,Kansas,Atchison,21,0,0,39.53185661,-95.30870026,20005.0,21,21,0,0,21,21,16193,0,0,0,0,0
2020-05-28,US,Kansas,Barber,1,0,0,37.2288586,-98.68460053,20007.0,1,1,0,0,1,1,4472,0,0,0,0,0
2020-05-28,US,Kansas,Barton,45,1,0,38.47889676,-98.75636726,20009.0,44,45,1,0,44,45,26111,0,0,0,0,0
2020-05-28,US,Kansas,Bourbon,7,1,0,37.85508555,-94.84865997,20011.0,6,7,1,0,6,7,14653,0,0,0,0,0
2020-05-28,US,Kansas,Brown,6,0,0,39.82652589,-95.56421698,20013.0,6,6,0,0,6,6,9598,0,0,0,0,0
2020-05-28,US,Kansas,Butler,31,0,0,37.78134351,-96.83878537,20015.0,31,29,0,0,29,29,66765,2,0,0,2,0
2020-05-28,US,Kansas,Chase,4,0,0,38.30292938,-96.59563862,20017.0,4,4,0,0,4,4,2629,0,0,0,0,0
2020-05-28,US,Kansas,Chautauqua,4,0,0,37.14994405,-96.2454192,20019.0,4,4,0,0,4,4,3309,0,0,0,0,0
2020-05-28,US,Kansas,Cherokee,9,0,0,37.16928494,-94.8462897,20021.0,9,9,0,0,9,9,20015,0,0,0,0,0
2020-05-28,US,Kansas,Cheyenne,2,0,0,39.78580976,-101.7318201,20023.0,2,2,0,0,2,2,2660,0,0,0,0,0
2020-05-28,US,Kansas,Clark,31,1,0,37.23577007,-99.81883015,20025.0,30,31,1,0,30,31,2005,0,0,0,0,0
2020-05-28,US,Kansas,Clay,5,1,0,39.34948772,-97.16518128,20027.0,4,5,1,0,4,5,7997,0,0,0,0,0
2020-05-28,US,Kansas,Cloud,5,0,0,39.48028352,-97.64925343,20029.0,5,5,0,0,5,5,8729,0,0,0,0,0
2020-05-28,US,Kansas,Coffey,50,8,0,38.2365018,-95.73379515,20031.0,42,50,8,0,42,50,8233,0,0,0,0,0
2020-05-28,US,Kansas,Comanche,1,0,0,37.19114520000001,-99.27113247,20033.0,1,1,0,0,1,1,1748,0,0,0,0,0
2020-05-28,US,Kansas,Cowley,4,1,0,37.23781842,-96.83776647,20035.0,3,4,1,0,3,4,35218,0,0,0,0,0
2020-05-28,US,Kansas,Crawford,8,1,0,37.50675523,-94.85245778,20037.0,7,8,1,0,7,8,39019,0,0,0,0,0
2020-05-28,US,Kansas,Dickinson,3,0,0,38.86600962,-97.15532383,20041.0,3,3,0,0,3,3,18717,0,0,0,0,0
2020-05-28,US,Kansas,Doniphan,14,0,0,39.79067154,-95.14056866,20043.0,14,12,0,0,12,12,7682,2,0,0,2,0
2020-05-28,US,Kansas,Douglas,65,0,0,38.88503636,-95.2925121,20045.0,65,63,0,0,63,63,121436,2,0,0,2,0
2020-05-28,US,Kansas,Edwards,5,0,0,37.88735543,-99.31263309,20047.0,5,5,0,0,5,5,2849,0,0,0,0,0
2020-05-28,US,Kansas,Ellis,8,0,0,38.91458712,-99.31751551,20051.0,8,8,0,0,8,8,28710,0,0,0,0,0
2020-05-28,US,Kansas,Ellsworth,2,0,0,38.69677695,-98.20462799,20053.0,2,2,0,0,2,2,6196,0,0,0,0,0
2020-05-28,US,Kansas,Finney,1466,8,0,38.04340344,-100.73819379999999,20055.0,1458,1458,8,0,1450,1451,36611,8,0,0,8,7
2020-05-28,US,Kansas,Ford,1622,8,0,37.69200114,-99.88825298,20057.0,1614,1622,8,0,1614,1601,33888,0,0,0,0,21
2020-05-28,US,Kansas,Franklin,34,0,0,38.56443815,-95.28644341,20059.0,34,34,0,0,34,34,25631,0,0,0,0,0
2020-05-28,US,Kansas,Geary,20,0,0,38.99871131,-96.7577178,20061.0,20,19,0,0,19,19,32594,1,0,0,1,0
2020-05-28,US,Kansas,Gove,1,0,0,38.91588178,-100.4829321,20063.0,1,1,0,0,1,1,2612,0,0,0,0,0
2020-05-28,US,Kansas,Grant,18,0,0,37.56227336,-101.3079758,20067.0,18,18,0,0,18,18,7336,0,0,0,0,0
2020-05-28,US,Kansas,Gray,22,0,0,37.73836671,-100.4369088,20069.0,22,22,0,0,22,22,6033,0,0,0,0,0
2020-05-28,US,Kansas,Greenwood,3,0,0,37.8774388,-96.23250453,20073.0,3,3,0,0,3,3,6055,0,0,0,0,0
2020-05-28,US,Kansas,Hamilton,16,0,0,37.99978709,-101.7921066,20075.0,16,16,0,0,16,10,2607,0,0,0,0,6
2020-05-28,US,Kansas,Harper,2,0,0,37.19175361,-98.07578384,20077.0,2,2,0,0,2,1,5506,0,0,0,0,1
2020-05-28,US,Kansas,Harvey,11,0,0,38.04293782,-97.42747573,20079.0,11,11,0,0,11,11,34210,0,0,0,0,0
2020-05-28,US,Kansas,Haskell,18,0,0,37.562039399999996,-100.8710738,20081.0,18,18,0,0,18,18,3997,0,0,0,0,0
2020-05-28,US,Kansas,Hodgeman,1,0,0,38.08780079,-99.89829881,20083.0,1,1,0,0,1,1,1818,0,0,0,0,0
2020-05-28,US,Kansas,Jackson,95,1,0,39.41673394,-95.79356799,20085.0,94,93,1,0,92,93,13280,2,0,0,2,0
2020-05-28,US,Kansas,Jefferson,22,0,0,39.2347941,-95.38289232,20087.0,22,22,0,0,22,22,18975,0,0,0,0,0
2020-05-28,US,Kansas,Jewell,4,0,0,39.78470589,-98.21820662,20089.0,4,4,0,0,4,4,2841,0,0,0,0,0
2020-05-28,US,Kansas,Johnson,771,62,0,38.88548175,-94.82250877,20091.0,709,760,62,0,698,746,597555,11,0,0,11,14
2020-05-28,US,Kansas,Kearny,44,1,0,38.00017981,-101.32168100000001,20093.0,43,44,1,0,43,40,3943,0,0,0,0,4
2020-05-28,US,Kansas,Kiowa,2,0,0,37.55848695,-99.2856537,20097.0,2,2,0,0,2,2,2516,0,0,0,0,0
2020-05-28,US,Kansas,Labette,22,0,0,37.19113093,-95.29849679,20099.0,22,22,0,0,22,22,19964,0,0,0,0,0
2020-05-28,US,Kansas,Lane,3,0,0,38.48119447,-100.46607540000001,20101.0,3,3,0,0,3,3,1560,0,0,0,0,0
2020-05-28,US,Kansas,Leavenworth,1076,7,0,39.20183497,-95.03620809,20103.0,1069,1074,7,0,1067,1070,81352,2,0,0,2,4
2020-05-28,US,Kansas,Linn,7,0,0,38.21267844,-94.84254089,20107.0,7,7,0,0,7,7,9750,0,0,0,0,0
2020-05-28,US,Kansas,Lyon,339,3,0,38.45576156,-96.15275715,20111.0,336,339,3,0,336,332,33406,0,0,0,0,7
2020-05-28,US,Kansas,Marion,5,1,0,38.35855394,-97.09852509999999,20115.0,4,5,1,0,4,5,11950,0,0,0,0,0
2020-05-28,US,Kansas,McPherson,27,0,0,38.39184858,-97.64769869,20113.0,27,27,0,0,27,27,28537,0,0,0,0,0
2020-05-28,US,Kansas,Meade,26,0,0,37.23859987,-100.36483100000001,20119.0,26,26,0,0,26,24,4146,0,0,0,0,2
2020-05-28,US,Kansas,Miami,7,0,0,38.56383358,-94.83832189,20121.0,7,7,0,0,7,7,33680,0,0,0,0,0
2020-05-28,US,Kansas,Mitchell,3,0,0,39.39331582,-98.20906732,20123.0,3,3,0,0,3,3,6150,0,0,0,0,0
2020-05-28,US,Kansas,Montgomery,20,2,0,37.19236568,-95.74329258,20125.0,18,20,2,0,18,20,32120,0,0,0,0,0
2020-05-28,US,Kansas,Morris,5,0,0,38.68827511,-96.65128437,20127.0,5,5,0,0,5,4,5521,0,0,0,0,1
2020-05-28,US,Kansas,Morton,4,0,0,37.19141121,-101.79925190000002,20129.0,4,4,0,0,4,4,2667,0,0,0,0,0
2020-05-28,US,Kansas,Nemaha,15,0,0,39.78345387,-96.01392079,20131.0,15,14,0,0,14,14,10155,1,0,0,1,0
2020-05-28,US,Kansas,Neosho,2,0,0,37.55862897,-95.30670046,20133.0,2,2,0,0,2,2,15951,0,0,0,0,0
2020-05-28,US,Kansas,Ness,1,0,0,38.47974157,-99.91547333,20135.0,1,1,0,0,1,1,2840,0,0,0,0,0
2020-05-28,US,Kansas,Norton,2,0,0,39.78443827,-99.90286639,20137.0,2,2,0,0,2,2,5430,0,0,0,0,0
2020-05-28,US,Kansas,Osage,7,0,0,38.65235984,-95.72707998,20139.0,7,7,0,0,7,7,15941,0,0,0,0,0
2020-05-28,US,Kansas,Osborne,2,0,0,39.3503437,-98.76753828,20141.0,2,2,0,0,2,2,3475,0,0,0,0,0
2020-05-28,US,Kansas,Ottawa,4,0,0,39.13237408,-97.65020313,20143.0,4,4,0,0,4,4,5802,0,0,0,0,0
2020-05-28,US,Kansas,Phillips,2,0,0,39.78465501,-99.34668865,20147.0,2,2,0,0,2,2,5317,0,0,0,0,0
2020-05-28,US,Kansas,Pottawatomie,23,0,0,39.37925655,-96.34564657,20149.0,23,23,0,0,23,23,24277,0,0,0,0,0
2020-05-28,US,Kansas,Pratt,1,0,0,37.64780729,-98.73922153,20151.0,1,1,0,0,1,1,9378,0,0,0,0,0
2020-05-28,US,Kansas,Reno,43,0,0,37.95230263,-98.08607292,20155.0,43,43,0,0,43,43,62342,0,0,0,0,0
2020-05-28,US,Kansas,Republic,4,0,0,39.82799632,-97.65036709,20157.0,4,4,0,0,4,4,4664,0,0,0,0,0
2020-05-28,US,Kansas,Rice,4,0,0,38.34616184,-98.19992118,20159.0,4,4,0,0,4,4,9531,0,0,0,0,0
2020-05-28,US,Kansas,Riley,64,1,0,39.28935726,-96.73420026,20161.0,63,64,1,0,63,63,73703,0,0,0,0,1
2020-05-28,US,Kansas,Rooks,6,0,0,39.35022773,-99.32484567,20163.0,6,6,0,0,6,6,5013,0,0,0,0,0
2020-05-28,US,Kansas,Saline,25,2,0,38.78369175,-97.65185177,20169.0,23,24,2,0,22,24,54401,1,0,0,1,0
2020-05-28,US,Kansas,Scott,13,0,0,38.48222076,-100.90665390000001,20171.0,13,13,0,0,13,13,4897,0,0,0,0,0
2020-05-28,US,Kansas,Sedgwick,573,21,0,37.6842718,-97.4608198,20173.0,552,564,21,0,543,560,513607,9,0,0,9,4
2020-05-28,US,Kansas,Seward,856,2,0,37.19324632,-100.85072009999999,20175.0,854,849,2,0,847,837,21780,7,0,0,7,12
2020-05-28,US,Kansas,Shawnee,274,7,0,39.04100763,-95.75572640000001,20177.0,267,270,7,0,263,269,177499,4,0,0,4,1
2020-05-28,US,Kansas,Sheridan,2,0,0,39.35018161,-100.44182590000001,20179.0,2,2,0,0,2,2,2533,0,0,0,0,0
2020-05-28,US,Kansas,Sherman,7,0,0,39.35147699,-101.71976240000001,20181.0,7,6,0,0,6,6,5899,1,0,0,1,0
2020-05-28,US,Kansas,Smith,2,0,0,39.78516566,-98.78566062,20183.0,2,2,0,0,2,2,3603,0,0,0,0,0
2020-05-28,US,Kansas,Stafford,1,0,0,38.03100851,-98.71762001,20185.0,1,1,0,0,1,1,4178,0,0,0,0,0
2020-05-28,US,Kansas,Stanton,9,0,0,37.56304714,-101.78435340000001,20187.0,9,9,0,0,9,9,1987,0,0,0,0,0
2020-05-28,US,Kansas,Stevens,27,0,0,37.1923008,-101.3118967,20189.0,27,27,0,0,27,27,5559,0,0,0,0,0
2020-05-28,US,Kansas,Sumner,6,1,0,37.23682549,-97.47721621,20191.0,5,6,1,0,5,6,22996,0,0,0,0,0
2020-05-28,US,Kansas,Trego,1,0,0,38.91467218,-99.87284448,20195.0,1,1,0,0,1,1,2793,0,0,0,0,0
2020-05-28,US,Kansas,Wabaunsee,31,0,0,38.95471985,-96.20350509,20197.0,31,31,0,0,31,30,6899,0,0,0,0,1
2020-05-28,US,Kansas,Wilson,1,0,0,37.55937174,-95.74323255,20205.0,1,1,0,0,1,1,8665,0,0,0,0,0
2020-05-28,US,Kansas,Woodson,6,0,0,37.8865336,-95.74006277,20207.0,6,6,0,0,6,6,3183,0,0,0,0,0
2020-05-28,US,Kansas,Wyandotte,1308,73,0,39.11727348,-94.76378225,20209.0,1235,1281,72,0,1209,1275,165324,27,1,0,26,6
2020-05-28,US,Kentucky,Adair,96,19,0,37.10459774,-85.28129668,21001.0,77,96,19,0,77,96,19215,0,0,0,0,0
2020-05-28,US,Kentucky,Allen,63,3,0,36.75197631,-86.19457544,21003.0,60,56,3,0,53,56,21122,7,0,0,7,0
2020-05-28,US,Kentucky,Anderson,16,1,0,38.00671029,-84.99171713,21005.0,15,15,1,0,14,15,22663,1,0,0,1,0
2020-05-28,US,Kentucky,Ballard,10,0,0,37.05842757,-88.99427697,21007.0,10,10,0,0,10,10,7979,0,0,0,0,0
2020-05-28,US,Kentucky,Barren,44,1,0,36.96469836,-85.93338945,21009.0,43,44,1,0,43,43,44176,0,0,0,0,1
2020-05-28,US,Kentucky,Bath,8,1,0,38.14735938,-83.74588932,21011.0,7,8,1,0,7,8,12383,0,0,0,0,0
2020-05-28,US,Kentucky,Bell,1,0,0,36.73355174,-83.67766671,21013.0,1,1,0,0,1,1,26569,0,0,0,0,0
2020-05-28,US,Kentucky,Boone,409,17,0,38.97065142,-84.72615357,21015.0,392,403,13,0,390,392,131533,6,4,0,2,11
2020-05-28,US,Kentucky,Bourbon,10,1,0,38.2054607,-84.21827874,21017.0,9,10,1,0,9,9,20184,0,0,0,0,1
2020-05-28,US,Kentucky,Boyd,39,3,0,38.36176608,-82.68652187,21019.0,36,39,3,0,36,39,47240,0,0,0,0,0
2020-05-28,US,Kentucky,Boyle,23,0,0,37.62680923,-84.8633779,21021.0,23,23,0,0,23,22,30100,0,0,0,0,1
2020-05-28,US,Kentucky,Bracken,11,0,0,38.69158994,-84.08532444,21023.0,11,11,0,0,11,11,8239,0,0,0,0,0
2020-05-28,US,Kentucky,Breathitt,3,0,0,37.52333168,-83.31959161,21025.0,3,3,0,0,3,3,12726,0,0,0,0,0
2020-05-28,US,Kentucky,Breckinridge,17,2,0,37.77377239,-86.42885017,21027.0,15,17,2,0,15,16,20388,0,0,0,0,1
2020-05-28,US,Kentucky,Bullitt,109,4,0,37.97162523,-85.68955617,21029.0,105,109,4,0,105,105,81069,0,0,0,0,4
2020-05-28,US,Kentucky,Butler,227,7,0,37.20946153,-86.68748787,21031.0,220,226,6,0,220,224,12772,1,1,0,0,2
2020-05-28,US,Kentucky,Caldwell,12,0,0,37.14749129,-87.86948214,21033.0,12,12,0,0,12,12,12715,0,0,0,0,0
2020-05-28,US,Kentucky,Calloway,48,1,0,36.62093411,-88.2731593,21035.0,47,48,1,0,47,48,39135,0,0,0,0,0
2020-05-28,US,Kentucky,Campbell,153,11,0,38.94384345,-84.37875208,21037.0,142,150,11,0,139,148,93152,3,0,0,3,2
2020-05-28,US,Kentucky,Carlisle,5,1,0,36.85372876,-88.96692220000001,21039.0,4,5,1,0,4,5,4771,0,0,0,0,0
2020-05-28,US,Kentucky,Carroll,10,0,0,38.66599534,-85.12601074,21041.0,10,7,0,0,7,7,10737,3,0,0,3,0
2020-05-28,US,Kentucky,Carter,9,0,0,38.31690743,-83.05092385,21043.0,9,9,0,0,9,9,27004,0,0,0,0,0
2020-05-28,US,Kentucky,Casey,2,0,0,37.32533118,-84.92726209,21045.0,2,2,0,0,2,2,15888,0,0,0,0,0
2020-05-28,US,Kentucky,Christian,107,3,0,36.89267803,-87.49055367,21047.0,104,106,3,0,103,104,71671,1,0,0,1,2
2020-05-28,US,Kentucky,Clark,38,0,0,37.9689263,-84.14615986,21049.0,38,38,0,0,38,38,36249,0,0,0,0,0
2020-05-28,US,Kentucky,Clay,7,0,0,37.16451126,-83.712575,21051.0,7,7,0,0,7,7,20105,0,0,0,0,0
2020-05-28,US,Kentucky,Clinton,3,0,0,36.72581156,-85.13377529,21053.0,3,3,0,0,3,3,10206,0,0,0,0,0
2020-05-28,US,Kentucky,Crittenden,5,1,0,37.35839237,-88.08826090000002,21055.0,4,5,1,0,4,5,8915,0,0,0,0,0
2020-05-28,US,Kentucky,Cumberland,5,0,0,36.78926125,-85.39050034,21057.0,5,5,0,0,5,5,6659,0,0,0,0,0
2020-05-28,US,Kentucky,Daviess,313,6,0,37.73028906,-87.09019479999998,21059.0,307,312,6,0,306,308,101104,1,0,0,1,4
2020-05-28,US,Kentucky,Edmonson,56,9,0,37.21218923,-86.23955613,21061.0,47,56,9,0,47,56,12274,0,0,0,0,0
2020-05-28,US,Kentucky,Elliott,1,0,0,38.11624059,-83.09771563,21063.0,1,1,0,0,1,1,7508,0,0,0,0,0
2020-05-28,US,Kentucky,Fayette,661,13,0,38.0368225,-84.45576892,21067.0,648,650,13,0,637,644,323780,11,0,0,11,6
2020-05-28,US,Kentucky,Fleming,3,0,0,38.36758311,-83.69657514,21069.0,3,3,0,0,3,3,14432,0,0,0,0,0
2020-05-28,US,Kentucky,Floyd,16,0,0,37.56213922,-82.74750924,21071.0,16,16,0,0,16,16,35845,0,0,0,0,0
2020-05-28,US,Kentucky,Franklin,28,0,0,38.2379395,-84.87962551,21073.0,28,25,0,0,25,25,50815,3,0,0,3,0
2020-05-28,US,Kentucky,Fulton,5,0,0,36.55238827,-89.20140068,21075.0,5,4,0,0,4,3,6120,1,0,0,1,1
2020-05-28,US,Kentucky,Gallatin,15,0,0,38.75398691,-84.8558382,21077.0,15,12,0,0,12,8,8832,3,0,0,3,4
2020-05-28,US,Kentucky,Garrard,5,0,0,37.638866799999995,-84.53289319,21079.0,5,5,0,0,5,5,17560,0,0,0,0,0
2020-05-28,US,Kentucky,Grant,39,4,0,38.64962758,-84.62415957,21081.0,35,39,3,0,36,39,25121,0,1,0,-1,0
2020-05-28,US,Kentucky,Graves,159,19,0,36.72292505,-88.65143315,21083.0,140,159,19,0,140,157,37317,0,0,0,0,2
2020-05-28,US,Kentucky,Grayson,124,8,0,37.46231118,-86.34248968,21085.0,116,124,8,0,116,124,26321,0,0,0,0,0
2020-05-28,US,Kentucky,Green,1,0,0,37.26484328,-85.5540745,21087.0,1,1,0,0,1,1,11049,0,0,0,0,0
2020-05-28,US,Kentucky,Greenup,14,0,0,38.54332505,-82.9215658,21089.0,14,14,0,0,14,13,35268,0,0,0,0,1
2020-05-28,US,Kentucky,Hancock,7,0,0,37.83766422,-86.78280584,21091.0,7,7,0,0,7,7,8758,0,0,0,0,0
2020-05-28,US,Kentucky,Hardin,99,2,0,37.6976111,-85.96319251,21093.0,97,98,2,0,96,97,110356,1,0,0,1,1
2020-05-28,US,Kentucky,Harlan,1,0,0,36.85699301,-83.21899516,21095.0,1,1,0,0,1,1,26409,0,0,0,0,0
2020-05-28,US,Kentucky,Harrison,18,0,0,38.44188174,-84.32869741,21097.0,18,18,0,0,18,18,18778,0,0,0,0,0
2020-05-28,US,Kentucky,Hart,21,0,0,37.29943898,-85.88461055,21099.0,21,21,0,0,21,21,18906,0,0,0,0,0
2020-05-28,US,Kentucky,Henderson,103,3,0,37.79344553,-87.57392021,21101.0,100,103,3,0,100,99,45591,0,0,0,0,4
2020-05-28,US,Kentucky,Henry,19,0,0,38.44942688,-85.11587507,21103.0,19,19,0,0,19,18,16106,0,0,0,0,1
2020-05-28,US,Kentucky,Hickman,5,0,0,36.67948079999999,-88.97875928,21105.0,5,5,0,0,5,5,4421,0,0,0,0,0
2020-05-28,US,Kentucky,Hopkins,221,29,0,37.30939025,-87.54670406,21107.0,192,219,29,0,190,219,45068,2,0,0,2,0
2020-05-28,US,Kentucky,Jackson,61,13,0,37.41866422,-83.99825483,21109.0,48,61,13,0,48,61,13442,0,0,0,0,0
2020-05-28,US,Kentucky,Jefferson,2267,145,0,38.18664655,-85.65931031,21111.0,2122,2253,144,0,2109,2219,770517,14,1,0,13,34
2020-05-28,US,Kentucky,Jessamine,56,0,0,37.87119786,-84.58252003,21113.0,56,56,0,0,56,55,53920,0,0,0,0,1
2020-05-28,US,Kentucky,Johnson,5,0,0,37.85106355,-82.8264322,21115.0,5,5,0,0,5,5,22386,0,0,0,0,0
2020-05-28,US,Kentucky,Kenton,547,33,0,38.93950319,-84.53241199,21117.0,514,541,32,0,509,537,166051,6,1,0,5,4
2020-05-28,US,Kentucky,Knott,4,0,0,37.35388197,-82.94981134,21119.0,4,4,0,0,4,4,15126,0,0,0,0,0
2020-05-28,US,Kentucky,Knox,8,0,0,36.89225732,-83.85403396,21121.0,8,8,0,0,8,8,31304,0,0,0,0,0
2020-05-28,US,Kentucky,Larue,7,0,0,37.54567114,-85.70138352,21123.0,7,7,0,0,7,7,14307,0,0,0,0,0
2020-05-28,US,Kentucky,Laurel,21,2,0,37.10975748,-84.11321779,21125.0,19,21,2,0,19,21,60669,0,0,0,0,0
2020-05-28,US,Kentucky,Lawrence,2,0,0,38.07136018,-82.72882223,21127.0,2,2,0,0,2,2,15571,0,0,0,0,0
2020-05-28,US,Kentucky,Lee,1,0,0,37.59645942,-83.71513901,21129.0,1,,,,,,7033,,,,,
2020-05-28,US,Kentucky,Leslie,6,0,0,37.09246661,-83.37999606,21131.0,6,6,0,0,6,6,10143,0,0,0,0,0
2020-05-28,US,Kentucky,Letcher,4,0,0,37.12306748,-82.85346474,21133.0,4,4,0,0,4,4,21899,0,0,0,0,0
2020-05-28,US,Kentucky,Lewis,7,0,0,38.53184419,-83.37735618,21135.0,7,7,0,0,7,7,13257,0,0,0,0,0
2020-05-28,US,Kentucky,Lincoln,8,1,0,37.45475628,-84.6565327,21137.0,7,8,1,0,7,8,24644,0,0,0,0,0
2020-05-28,US,Kentucky,Livingston,9,0,0,37.21137452,-88.34797529,21139.0,9,9,0,0,9,8,9242,0,0,0,0,1
2020-05-28,US,Kentucky,Logan,128,3,0,36.85949479,-86.877635,21141.0,125,125,3,0,122,125,26989,3,0,0,3,0
2020-05-28,US,Kentucky,Lyon,14,3,0,37.02080035,-88.07886257,21143.0,11,14,3,0,11,14,8009,0,0,0,0,0
2020-05-28,US,Kentucky,Madison,47,1,0,37.71659336,-84.27220275,21151.0,46,47,1,0,46,47,92368,0,0,0,0,0
2020-05-28,US,Kentucky,Magoffin,2,0,0,37.70820545,-83.0657714,21153.0,2,2,0,0,2,2,12362,0,0,0,0,0
2020-05-28,US,Kentucky,Marion,20,0,0,37.55218078,-85.26898542,21155.0,20,19,0,0,19,18,19404,1,0,0,1,1
2020-05-28,US,Kentucky,Marshall,37,2,0,36.88007070000001,-88.32803576,21157.0,35,37,2,0,35,37,31191,0,0,0,0,0
2020-05-28,US,Kentucky,Martin,3,0,0,37.79990579,-82.51247478,21159.0,3,3,0,0,3,3,11323,0,0,0,0,0
2020-05-28,US,Kentucky,Mason,9,0,0,38.59471935,-83.82151043,21161.0,9,8,0,0,8,8,17150,1,0,0,1,0
2020-05-28,US,Kentucky,McCracken,95,2,0,37.05350953,-88.70445755,21145.0,93,89,2,0,87,89,65346,6,0,0,6,0
2020-05-28,US,Kentucky,McCreary,13,0,0,36.73874143,-84.48102924,21147.0,13,13,0,0,13,13,17408,0,0,0,0,0
2020-05-28,US,Kentucky,McLean,22,1,0,37.5301951,-87.26803443,21149.0,21,22,1,0,21,21,9252,0,0,0,0,1
2020-05-28,US,Kentucky,Meade,21,2,0,37.96163597,-86.21028219,21163.0,19,21,2,0,19,21,28715,0,0,0,0,0
2020-05-28,US,Kentucky,Menifee,10,0,0,37.94090733,-83.59985712,21165.0,10,10,0,0,10,8,6451,0,0,0,0,2
2020-05-28,US,Kentucky,Mercer,13,0,0,37.81474237,-84.87488475,21167.0,13,13,0,0,13,13,21774,0,0,0,0,0
2020-05-28,US,Kentucky,Metcalfe,4,0,0,36.99459295,-85.63123699,21169.0,4,4,0,0,4,4,10030,0,0,0,0,0
2020-05-28,US,Kentucky,Monroe,16,0,0,36.71225341,-85.71596443,21171.0,16,16,0,0,16,15,10718,0,0,0,0,1
2020-05-28,US,Kentucky,Montgomery,23,0,0,38.03253032,-83.9145241,21173.0,23,22,0,0,22,22,28203,1,0,0,1,0
2020-05-28,US,Kentucky,Morgan,1,0,0,37.92465657,-83.25558245,21175.0,1,1,0,0,1,1,13345,0,0,0,0,0
2020-05-28,US,Kentucky,Muhlenberg,482,7,0,37.21425819,-87.14632053,21177.0,475,475,7,0,468,474,30774,7,0,0,7,1
2020-05-28,US,Kentucky,Nelson,38,0,0,37.80335779,-85.4657193,21179.0,38,38,0,0,38,36,45851,0,0,0,0,2
2020-05-28,US,Kentucky,Nicholas,3,0,0,38.33342292,-84.01889177,21181.0,3,3,0,0,3,1,7166,0,0,0,0,2
2020-05-28,US,Kentucky,Ohio,141,0,0,37.47751843,-86.85368087,21183.0,141,138,0,0,138,128,24087,3,0,0,3,10
2020-05-28,US,Kentucky,Oldham,72,4,0,38.39791089,-85.448222,21185.0,68,70,4,0,66,65,66470,2,0,0,2,5
2020-05-28,US,Kentucky,Owen,2,0,0,38.51679143,-84.82404619,21187.0,2,1,0,0,1,1,10880,1,0,0,1,0
2020-05-28,US,Kentucky,Owsley,2,0,0,37.42823949,-83.68811419,21189.0,2,2,0,0,2,2,4472,0,0,0,0,0
2020-05-28,US,Kentucky,Pendleton,8,0,0,38.69607718,-84.35599463,21191.0,8,8,0,0,8,7,14529,0,0,0,0,1
2020-05-28,US,Kentucky,Perry,19,0,0,37.25023553,-83.22922731,21193.0,19,19,0,0,19,19,26092,0,0,0,0,0
2020-05-28,US,Kentucky,Pike,28,2,0,37.47088263,-82.39487445,21195.0,26,28,2,0,26,28,58402,0,0,0,0,0
2020-05-28,US,Kentucky,Powell,1,0,0,37.83218794,-83.82553961,21197.0,1,1,0,0,1,1,12442,0,0,0,0,0
2020-05-28,US,Kentucky,Pulaski,56,2,0,37.10466131,-84.57629079,21199.0,54,56,2,0,54,54,64623,0,0,0,0,2
2020-05-28,US,Kentucky,Rockcastle,13,0,0,37.36642393,-84.31176452,21203.0,13,13,0,0,13,13,16750,0,0,0,0,0
2020-05-28,US,Kentucky,Rowan,7,0,0,38.19484205,-83.42088935,21205.0,7,7,0,0,7,7,24583,0,0,0,0,0
2020-05-28,US,Kentucky,Russell,23,4,0,36.99308373,-85.06070117,21207.0,19,23,4,0,19,22,17821,0,0,0,0,1
2020-05-28,US,Kentucky,Scott,35,0,0,38.29622293,-84.5816631,21209.0,35,35,0,0,35,35,56031,0,0,0,0,0
2020-05-28,US,Kentucky,Shelby,140,4,0,38.21476019,-85.194223,21211.0,136,138,4,0,134,132,48518,2,0,0,2,6
2020-05-28,US,Kentucky,Simpson,49,3,0,36.74058474,-86.58047435,21213.0,46,49,3,0,46,49,18529,0,0,0,0,0
2020-05-28,US,Kentucky,Spencer,19,0,0,38.03223971,-85.32749335,21215.0,19,17,0,0,17,17,18794,2,0,0,2,0
2020-05-28,US,Kentucky,Taylor,11,0,0,37.3677562,-85.3329931,21217.0,11,11,0,0,11,11,25549,0,0,0,0,0
2020-05-28,US,Kentucky,Todd,17,0,0,36.8381152,-87.17878374,21219.0,17,17,0,0,17,17,12311,0,0,0,0,0
2020-05-28,US,Kentucky,Trigg,10,0,0,36.80767017,-87.87333656,21221.0,10,10,0,0,10,9,14643,0,0,0,0,1
2020-05-28,US,Kentucky,Trimble,5,0,0,38.61056487,-85.33775972,21223.0,5,5,0,0,5,5,8515,0,0,0,0,0
2020-05-28,US,Kentucky,Unassigned,29,0,0,0.0,0.0,90021.0,29,29,0,0,29,29,,0,0,0,0,0
2020-05-28,US,Kentucky,Union,10,0,0,37.66166713,-87.94300009,21225.0,10,10,0,0,10,10,14505,0,0,0,0,0
2020-05-28,US,Kentucky,Warren,964,6,0,36.99903045,-86.42672751,21227.0,958,950,5,0,945,949,131264,14,1,0,13,1
2020-05-28,US,Kentucky,Washington,6,0,0,37.75599461,-85.17407732,21229.0,6,6,0,0,6,6,12084,0,0,0,0,0
2020-05-28,US,Kentucky,Wayne,8,0,0,36.80310688,-84.8251971,21231.0,8,8,0,0,8,8,20468,0,0,0,0,0
2020-05-28,US,Kentucky,Webster,32,0,0,37.52168356,-87.67989953,21233.0,32,32,0,0,32,32,13111,0,0,0,0,0
2020-05-28,US,Kentucky,Whitley,13,0,0,36.75700531,-84.14541217,21235.0,13,13,0,0,13,13,36242,0,0,0,0,0
2020-05-28,US,Kentucky,Wolfe,1,0,0,37.73941626,-83.49303612,21237.0,1,1,0,0,1,1,7177,0,0,0,0,0
2020-05-28,US,Kentucky,Woodford,26,0,0,38.04178222,-84.7417556,21239.0,26,26,0,0,26,26,26533,0,0,0,0,0
2020-05-28,US,Louisiana,Acadia,401,22,0,30.295064899999996,-92.41419698,22001.0,379,397,22,0,375,395,62190,4,0,0,4,2
2020-05-28,US,Louisiana,Allen,184,10,0,30.65385745,-92.82442028,22003.0,174,184,10,0,174,184,25605,0,0,0,0,0
2020-05-28,US,Louisiana,Ascension,810,56,0,30.20406249,-90.91328409999998,22005.0,754,805,55,0,750,792,124672,5,1,0,4,13
2020-05-28,US,Louisiana,Assumption,248,13,0,29.89946234,-91.06461642,22007.0,235,245,12,0,233,245,22300,3,1,0,2,0
2020-05-28,US,Louisiana,Avoyelles,120,9,0,31.07796211,-92.00079449,22009.0,111,117,9,0,108,115,40462,3,0,0,3,2
2020-05-28,US,Louisiana,Beauregard,61,4,0,30.64836518,-93.34173616,22011.0,57,61,4,0,57,58,37253,0,0,0,0,3
2020-05-28,US,Louisiana,Bienville,139,23,0,32.34569994,-93.05398492,22013.0,116,139,22,0,117,138,13308,0,1,0,-1,1
2020-05-28,US,Louisiana,Bossier,406,26,0,32.67932307,-93.60460152,22015.0,380,402,26,0,376,398,127185,4,0,0,4,4
2020-05-28,US,Louisiana,Caddo,2480,180,0,32.57991587,-93.88375652,22017.0,2300,2427,178,0,2249,2347,242922,53,2,0,51,80
2020-05-28,US,Louisiana,Calcasieu,588,45,0,30.22931235,-93.35400434,22019.0,543,581,44,0,537,578,203112,7,1,0,6,3
2020-05-28,US,Louisiana,Caldwell,52,0,0,32.0902519,-92.11752148,22021.0,52,52,0,0,52,52,9960,0,0,0,0,0
2020-05-28,US,Louisiana,Cameron,3,0,0,29.87592238,-93.19310676,22023.0,3,3,0,0,3,3,6968,0,0,0,0,0
2020-05-28,US,Louisiana,Catahoula,112,3,0,31.66778967,-91.84526385,22025.0,109,112,3,0,109,112,9608,0,0,0,0,0
2020-05-28,US,Louisiana,Claiborne,62,10,0,32.82308512,-92.99526883,22027.0,52,62,10,0,52,61,15944,0,0,0,0,1
2020-05-28,US,Louisiana,Concordia,86,5,0,31.44817835,-91.63814433,22029.0,81,86,5,0,81,74,19572,0,0,0,0,12
2020-05-28,US,Louisiana,De Soto,242,17,0,32.05457447,-93.74130302,22031.0,225,241,17,0,224,239,27436,1,0,0,1,2
2020-05-28,US,Louisiana,East Baton Rouge,3526,233,0,30.53842039,-91.09777565,22033.0,3293,3491,233,0,3258,3462,440956,35,0,0,35,29
2020-05-28,US,Louisiana,East Carroll,118,0,0,32.73926954,-91.23425694,22035.0,118,115,0,0,115,111,7037,3,0,0,3,4
2020-05-28,US,Louisiana,East Feliciana,192,30,0,30.84425359,-91.04976723,22037.0,162,191,28,0,163,190,19305,1,2,0,-1,1
2020-05-28,US,Louisiana,Evangeline,75,1,0,30.72985248,-92.39915924,22039.0,74,75,1,0,74,75,33443,0,0,0,0,0
2020-05-28,US,Louisiana,Franklin,311,10,0,32.13675181,-91.67589857,22041.0,301,310,10,0,300,297,20156,1,0,0,1,13
2020-05-28,US,Louisiana,Grant,28,1,0,31.59882456,-92.56124347,22043.0,27,28,1,0,27,27,22482,0,0,0,0,1
2020-05-28,US,Louisiana,Iberia,404,37,0,29.86803617,-91.75871777,22045.0,367,403,37,0,366,393,70941,1,0,0,1,10
2020-05-28,US,Louisiana,Iberville,563,41,0,30.25734305,-91.3499598,22047.0,522,559,40,0,519,556,32721,4,1,0,3,3
2020-05-28,US,Louisiana,Jackson,100,12,0,32.30251776,-92.55692092,22049.0,88,100,11,0,89,96,15902,0,1,0,-1,4
2020-05-28,US,Louisiana,Jefferson,7424,441,0,29.74075478,-90.11115756,22051.0,6983,7394,438,0,6956,7332,434051,30,3,0,27,62
2020-05-28,US,Louisiana,Jefferson Davis,75,7,0,30.26896765,-92.81210004,22053.0,68,75,7,0,68,74,31582,0,0,0,0,1
2020-05-28,US,Louisiana,LaSalle,48,1,0,31.67884782,-92.15907765,22059.0,47,48,1,0,47,47,14917,0,0,0,0,1
2020-05-28,US,Louisiana,Lafayette,695,25,0,30.2049055,-92.06959876,22055.0,670,689,24,0,665,678,242782,6,1,0,5,11
2020-05-28,US,Louisiana,Lafourche,789,71,0,29.52470226,-90.40976986,22057.0,718,781,71,0,710,776,98115,8,0,0,8,5
2020-05-28,US,Louisiana,Lincoln,144,14,0,32.6003154,-92.66597409999999,22061.0,130,142,14,0,128,138,47196,2,0,0,2,4
2020-05-28,US,Louisiana,Livingston,408,27,0,30.44143993,-90.73061664,22063.0,381,403,27,0,376,399,139567,5,0,0,5,4
2020-05-28,US,Louisiana,Madison,79,0,0,32.36918118,-91.23973355,22065.0,79,77,0,0,77,70,11161,2,0,0,2,7
2020-05-28,US,Louisiana,Morehouse,121,5,0,32.81686191,-91.80421614,22067.0,116,121,5,0,116,119,25398,0,0,0,0,2
2020-05-28,US,Louisiana,Natchitoches,157,13,0,31.72321584,-93.09816516,22069.0,144,157,13,0,144,157,38659,0,0,0,0,0
2020-05-28,US,Louisiana,Orleans,7067,505,0,30.06971951,-89.92660315,22071.0,6562,7045,506,0,6539,7021,391006,22,-1,0,23,24
2020-05-28,US,Louisiana,Ouachita,1166,40,0,32.47645559,-92.15704172,22073.0,1126,1150,37,0,1113,1125,154475,16,3,0,13,25
2020-05-28,US,Louisiana,Plaquemines,201,17,0,29.42245447,-89.60322085,22075.0,184,201,17,0,184,200,23410,0,0,0,0,1
2020-05-28,US,Louisiana,Pointe Coupee,192,24,0,30.71409502,-91.60209535,22077.0,168,189,24,0,165,188,21940,3,0,0,3,1
2020-05-28,US,Louisiana,Rapides,703,23,0,31.19778499,-92.52997303,22079.0,680,679,23,0,656,663,130562,24,0,0,24,16
2020-05-28,US,Louisiana,Red River,49,7,0,32.09530039,-93.34213308,22081.0,42,48,7,0,41,48,8477,1,0,0,1,0
2020-05-28,US,Louisiana,Richland,125,3,0,32.41391005,-91.76634876,22083.0,122,124,3,0,121,119,20192,1,0,0,1,5
2020-05-28,US,Louisiana,Sabine,41,0,0,31.56388699,-93.55433981,22085.0,41,41,0,0,41,40,24032,0,0,0,0,1
2020-05-28,US,Louisiana,St. Bernard,534,22,0,29.87761636,-89.51887093,22087.0,512,531,22,0,509,529,46721,3,0,0,3,2
2020-05-28,US,Louisiana,St. Charles,633,44,0,29.90709658,-90.35555967,22089.0,589,631,44,0,587,625,52879,2,0,0,2,6
2020-05-28,US,Louisiana,St. Helena,51,1,0,30.82210324,-90.71013176,22091.0,50,51,1,0,50,51,10262,0,0,0,0,0
2020-05-28,US,Louisiana,St. James,294,25,0,30.02531716,-90.80212061,22093.0,269,293,25,0,268,292,21037,1,0,0,1,1
2020-05-28,US,Louisiana,St. John the Baptist,850,78,0,30.12597499,-90.4753503,22095.0,772,849,78,0,771,848,43184,1,0,0,1,1
2020-05-28,US,Louisiana,St. Landry,252,54,0,30.59724262,-92.00135806,22097.0,198,252,53,0,199,249,82764,0,1,0,-1,3
2020-05-28,US,Louisiana,St. Martin,293,22,0,30.13112107,-91.61403569,22099.0,271,292,22,0,270,291,53621,1,0,0,1,1
2020-05-28,US,Louisiana,St. Mary,309,29,0,29.69262097,-91.44702164,22101.0,280,308,29,0,279,304,49774,1,0,0,1,4
2020-05-28,US,Louisiana,St. Tammany,1703,156,0,30.40942847,-89.95642711,22103.0,1547,1687,156,0,1531,1678,258111,16,0,0,16,9
2020-05-28,US,Louisiana,Tangipahoa,831,34,0,30.62888673,-90.40664996,22105.0,797,826,34,0,792,810,133777,5,0,0,5,16
2020-05-28,US,Louisiana,Tensas,10,0,0,32.00760749,-91.32915234,22107.0,10,10,0,0,10,10,4462,0,0,0,0,0
2020-05-28,US,Louisiana,Terrebonne,653,48,0,29.37343766,-90.82626855,22109.0,605,647,48,0,599,641,111021,6,0,0,6,6
2020-05-28,US,Louisiana,Unassigned,84,105,0,0.0,0.0,90022.0,-21,84,105,0,-21,77,,0,0,0,0,7
2020-05-28,US,Louisiana,Union,306,17,0,32.83121059,-92.3749373,22111.0,289,303,17,0,286,295,22330,3,0,0,3,8
2020-05-28,US,Louisiana,Vermilion,53,3,0,29.83517605,-92.30292538,22113.0,50,53,3,0,50,51,59830,0,0,0,0,2
2020-05-28,US,Louisiana,Vernon,25,3,0,31.10884837,-93.18153838,22115.0,22,24,3,0,21,24,48860,1,0,0,1,0
2020-05-28,US,Louisiana,Washington,410,38,0,30.85288548,-90.03866652,22117.0,372,407,38,0,369,400,46582,3,0,0,3,7
2020-05-28,US,Louisiana,Webster,143,6,0,32.70847669,-93.33121835,22119.0,137,142,6,0,136,139,38798,1,0,0,1,3
2020-05-28,US,Louisiana,West Baton Rouge,159,31,0,30.46058217,-91.30989571,22121.0,128,158,30,0,128,157,26427,1,1,0,0,1
2020-05-28,US,Louisiana,West Carroll,56,0,0,32.78550125,-91.461201,22123.0,56,44,0,0,44,41,10982,12,0,0,12,3
2020-05-28,US,Louisiana,West Feliciana,205,12,0,30.87882871,-91.41485379999999,22125.0,193,205,12,0,193,205,15460,0,0,0,0,0
2020-05-28,US,Louisiana,Winn,153,2,0,31.94449367,-92.63789413,22127.0,151,150,2,0,148,145,14134,3,0,0,3,5
2020-05-28,US,Maine,Androscoggin,264,2,0,44.1664747,-70.20380627,23001.0,262,252,2,0,250,247,107679,12,0,0,12,5
2020-05-28,US,Maine,Aroostook,8,1,0,46.65926321,-68.59841248,23003.0,7,8,1,0,7,8,67111,0,0,0,0,0
2020-05-28,US,Maine,Cumberland,1092,46,0,43.8370751,-70.37226999,23005.0,1046,1065,43,0,1022,1056,293557,27,3,0,24,9
2020-05-28,US,Maine,Franklin,36,1,0,44.97330019,-70.44381045,23007.0,35,36,1,0,35,36,29897,0,0,0,0,0
2020-05-28,US,Maine,Hancock,11,1,0,44.59816444,-68.38401854,23009.0,10,11,1,0,10,11,54811,0,0,0,0,0
2020-05-28,US,Maine,Kennebec,128,9,0,44.40759555,-69.76738544,23011.0,119,128,9,0,119,128,122083,0,0,0,0,0
2020-05-28,US,Maine,Knox,20,0,0,44.11486325,-69.10529169,23013.0,20,20,0,0,20,20,39771,0,0,0,0,0
2020-05-28,US,Maine,Lincoln,20,0,0,44.05996956,-69.54227124,23015.0,20,20,0,0,20,20,34342,0,0,0,0,0
2020-05-28,US,Maine,Oxford,29,0,0,44.49952995,-70.75682123,23017.0,29,26,0,0,26,22,57618,3,0,0,3,4
2020-05-28,US,Maine,Penobscot,100,1,0,45.40194593,-68.65020455,23019.0,99,99,1,0,98,99,151096,1,0,0,1,0
2020-05-28,US,Maine,Piscataquis,1,0,0,45.83839062,-69.2860223,23021.0,1,1,0,0,1,1,16800,0,0,0,0,0
2020-05-28,US,Maine,Sagadahoc,30,0,0,43.95415864,-69.85074999,23023.0,30,29,0,0,29,28,35634,1,0,0,1,1
2020-05-28,US,Maine,Somerset,22,0,0,45.51229767,-69.95995554,23025.0,22,21,0,0,21,21,50592,1,0,0,1,0
2020-05-28,US,Maine,Unassigned,5,0,0,0.0,0.0,90023.0,5,3,0,0,3,,,2,0,0,2,
2020-05-28,US,Maine,Waldo,51,14,0,44.4858305,-69.12061935,23027.0,37,51,14,0,37,51,39694,0,0,0,0,0
2020-05-28,US,Maine,Washington,2,0,0,45.01607142,-67.62813524,23029.0,2,2,0,0,2,2,31490,0,0,0,0,0
2020-05-28,US,Maine,York,370,9,0,43.47808377,-70.71052375,23031.0,361,365,9,0,356,359,206229,5,0,0,5,6
2020-05-28,US,Maryland,Allegany,178,15,0,39.62357628,-78.69280486,24001.0,163,177,15,0,162,176,70975,1,0,0,1,1
2020-05-28,US,Maryland,Anne Arundel,3556,163,0,39.00670238,-76.60329337,24003.0,3393,3448,163,0,3285,3394,576031,108,0,0,108,54
2020-05-28,US,Maryland,Baltimore,5678,323,0,39.45784712,-76.62911955,24005.0,5355,5562,320,0,5242,5498,828431,116,3,0,113,64
2020-05-28,US,Maryland,Baltimore City,5203,240,0,39.30211911,-76.61151012,24510.0,4963,5054,236,0,4818,4997,621342,149,4,0,145,57
2020-05-28,US,Maryland,Calvert,320,17,0,38.53961642,-76.56820632,24009.0,303,314,18,0,296,308,92003,6,-1,0,7,6
2020-05-28,US,Maryland,Caroline,245,0,0,38.87172293,-75.82904158,24011.0,245,243,0,0,243,243,33304,2,0,0,2,0
2020-05-28,US,Maryland,Carroll,840,85,0,39.56453592,-77.02373735,24013.0,755,817,86,0,731,811,168429,23,-1,0,24,6
2020-05-28,US,Maryland,Cecil,356,22,0,39.56647682,-75.94627411,24015.0,334,354,21,0,333,353,102826,2,1,0,1,1
2020-05-28,US,Maryland,Charles,1027,72,0,38.51092331,-76.98580666,24017.0,955,1008,71,0,937,1001,161503,19,1,0,18,7
2020-05-28,US,Maryland,Dorchester,136,3,0,38.45413522,-76.02752426,24019.0,133,133,3,0,130,130,31998,3,0,0,3,3
2020-05-28,US,Maryland,Frederick,1824,104,0,39.47296601,-77.39999394,24021.0,1720,1786,103,0,1683,1746,255648,38,1,0,37,40
2020-05-28,US,Maryland,Garrett,10,0,0,39.52786077,-79.27355126,24023.0,10,10,0,0,10,10,29163,0,0,0,0,0
2020-05-28,US,Maryland,Harford,827,49,0,39.55010644,-76.30775940000002,24025.0,778,801,49,0,752,795,253956,26,0,0,26,6
2020-05-28,US,Maryland,Howard,1815,56,0,39.25305293,-76.93126208,24027.0,1759,1760,54,0,1706,1732,323196,55,2,0,53,28
2020-05-28,US,Maryland,Kent,165,15,0,39.24976208,-76.04741541,24029.0,150,160,15,0,145,158,19383,5,0,0,5,2
2020-05-28,US,Maryland,Montgomery,10752,581,0,39.13676329,-77.20358245,24031.0,10171,10467,572,0,9895,10291,1052567,285,9,0,276,176
2020-05-28,US,Maryland,Prince George's,14508,530,0,38.83070039,-76.8496441,24033.0,13978,14100,520,0,13580,13819,909308,408,10,0,398,281
2020-05-28,US,Maryland,Queen Anne's,152,12,0,39.06198912,-76.03530977,24035.0,140,151,12,0,139,151,50251,1,0,0,1,0
2020-05-28,US,Maryland,Somerset,73,2,0,38.1163542,-75.75118623,24039.0,71,73,2,0,71,73,25675,0,0,0,0,0
2020-05-28,US,Maryland,St. Mary's,417,19,0,38.30058422,-76.60629279999998,24037.0,398,400,16,0,384,400,112664,17,3,0,14,0
2020-05-28,US,Maryland,Talbot,87,1,0,38.76618159,-76.10882561,24041.0,86,84,1,0,83,86,36968,3,0,0,3,-2
2020-05-28,US,Maryland,Unassigned,0,69,0,0.0,0.0,90024.0,-69,0,67,0,-67,0,,0,2,0,-2,0
2020-05-28,US,Maryland,Washington,423,12,0,39.60835778,-77.82002295,24043.0,411,418,12,0,406,413,150926,5,0,0,5,5
2020-05-28,US,Maryland,Wicomico,919,27,0,38.37301947,-75.62705831,24045.0,892,910,25,0,885,908,103195,9,2,0,7,2
2020-05-28,US,Maryland,Worcester,198,11,0,38.21274277,-75.33200012,24047.0,187,193,11,0,182,194,51823,5,0,0,5,-1
2020-05-28,US,Massachusetts,Barnstable,1295,115,0,41.72980578,-70.28854339,25001.0,1180,1286,111,0,1175,1280,213413,9,4,0,5,6
2020-05-28,US,Massachusetts,Berkshire,539,40,0,42.37428441,-73.20524838,25003.0,499,539,40,0,499,537,126348,0,0,0,0,2
2020-05-28,US,Massachusetts,Bristol,6852,399,0,41.79228404,-71.10872211,25005.0,6453,6779,390,0,6389,6733,564022,73,9,0,64,46
2020-05-28,US,Massachusetts,Dukes and Nantucket,39,1,0,41.40674725,-70.68763497,0.0,38,39,1,0,38,39,26707,0,0,0,0,0
2020-05-28,US,Massachusetts,Essex,13899,895,0,42.6687626,-70.94687179,25009.0,13004,13778,878,0,12900,13670,790638,121,17,0,104,108
2020-05-28,US,Massachusetts,Franklin,319,47,0,42.58119713,-72.58602547,25011.0,272,317,47,0,270,315,70963,2,0,0,2,2
2020-05-28,US,Massachusetts,Hampden,5878,562,0,42.13440424,-72.63235561,25013.0,5316,5845,554,0,5291,5796,470406,33,8,0,25,49
2020-05-28,US,Massachusetts,Hampshire,845,83,0,42.33997957,-72.65898478,25015.0,762,843,82,0,761,840,161355,2,1,0,1,3
2020-05-28,US,Massachusetts,Middlesex,20857,1564,0,42.48607732,-71.39049229,25017.0,19293,20706,1549,0,19157,20601,1614714,151,15,0,136,105
2020-05-28,US,Massachusetts,Norfolk,7919,799,0,42.16073095,-71.20530408,25021.0,7120,7880,794,0,7086,7863,705388,39,5,0,34,17
2020-05-28,US,Massachusetts,Plymouth,7724,539,0,41.94070556,-70.80802823,25023.0,7185,7656,530,0,7126,7632,518132,68,9,0,59,24
2020-05-28,US,Massachusetts,Suffolk,17698,852,0,42.327951399999996,-71.07850442,25025.0,16846,17596,850,0,16746,17533,807252,102,2,0,100,63
2020-05-28,US,Massachusetts,Unassigned,318,6,0,0.0,0.0,90025.0,312,309,5,0,304,297,,9,1,0,8,12
2020-05-28,US,Massachusetts,Worcester,10713,738,0,42.35026951,-71.90493363,25027.0,9975,10647,716,0,9931,10557,830839,66,22,0,44,90
2020-05-28,US,Michigan,Alcona,14,1,0,44.6846864,-83.59507875,26001.0,13,12,1,0,11,11,10362,2,0,0,2,1
2020-05-28,US,Michigan,Allegan,214,6,0,42.59147037,-85.89102866,26005.0,208,211,6,0,205,212,117327,3,0,0,3,-1
2020-05-28,US,Michigan,Alpena,94,9,0,45.03477666,-83.62212411,26007.0,85,95,9,0,86,95,28360,-1,0,0,-1,0
2020-05-28,US,Michigan,Antrim,12,0,0,44.99690221,-85.15503082,26009.0,12,12,0,0,12,12,23365,0,0,0,0,0
2020-05-28,US,Michigan,Arenac,33,1,0,44.0636262,-83.89277559,26011.0,32,33,1,0,32,33,15041,0,0,0,0,0
2020-05-28,US,Michigan,Baraga,1,0,0,46.6720582,-88.36363591,26013.0,1,1,0,0,1,1,8320,0,0,0,0,0
2020-05-28,US,Michigan,Barry,62,2,0,42.59513984,-85.30834519,26015.0,60,62,2,0,60,61,61157,0,0,0,0,1
2020-05-28,US,Michigan,Bay,296,22,0,43.70639106,-83.98731479,26017.0,274,294,22,0,272,287,103923,2,0,0,2,7
2020-05-28,US,Michigan,Benzie,4,0,0,44.63899297,-86.01608482,26019.0,4,4,0,0,4,4,17753,0,0,0,0,0
2020-05-28,US,Michigan,Berrien,606,49,0,41.95447397,-86.41313079999998,26021.0,557,600,48,0,552,596,154141,6,1,0,5,4
2020-05-28,US,Michigan,Branch,109,2,0,41.91600556,-85.05929476,26023.0,107,105,2,0,103,103,43622,4,0,0,4,2
2020-05-28,US,Michigan,Calhoun,357,22,0,42.24633834,-85.00493569,26025.0,335,351,22,0,329,349,134487,6,0,0,6,2
2020-05-28,US,Michigan,Cass,80,2,0,41.91522292,-85.99405727,26027.0,78,79,2,0,77,78,51653,1,0,0,1,1
2020-05-28,US,Michigan,Charlevoix,15,1,0,45.37790017,-85.19614053,26029.0,14,15,1,0,14,15,26244,0,0,0,0,0
2020-05-28,US,Michigan,Cheboygan,21,1,0,45.44787015,-84.50122149,26031.0,20,21,1,0,20,21,25413,0,0,0,0,0
2020-05-28,US,Michigan,Chippewa,2,0,0,46.29552653,-84.54353449,26033.0,2,2,0,0,2,2,37517,0,0,0,0,0
2020-05-28,US,Michigan,Clare,18,2,0,43.98794227,-84.84819859999998,26035.0,16,17,2,0,15,17,30757,1,0,0,1,0
2020-05-28,US,Michigan,Clinton,139,10,0,42.94400871,-84.60145248,26037.0,129,142,10,0,132,138,79332,-3,0,0,-3,4
2020-05-28,US,Michigan,Crawford,58,5,0,44.68255561,-84.61006219,26039.0,53,58,5,0,53,58,13901,0,0,0,0,0
2020-05-28,US,Michigan,Delta,17,2,0,45.90484910000001,-86.9080745,26041.0,15,17,2,0,15,17,35857,0,0,0,0,0
2020-05-28,US,Michigan,Dickinson,5,2,0,46.00999672,-87.86961634,26043.0,3,5,2,0,3,5,25383,0,0,0,0,0
2020-05-28,US,Michigan,Eaton,183,6,0,42.59599185,-84.83740035,26045.0,177,179,6,0,173,178,109826,4,0,0,4,1
2020-05-28,US,Michigan,Emmet,21,2,0,45.52625509,-84.89083249,26047.0,19,21,2,0,19,21,33308,0,0,0,0,0
2020-05-28,US,Michigan,Federal Correctional Institution (FCI),142,4,0,0.0,0.0,0.0,138,138,4,0,134,138,,4,0,0,4,0
2020-05-28,US,Michigan,Genesee,1983,249,0,43.02244215,-83.70589709,26049.0,1734,1971,247,0,1724,1964,406892,12,2,0,10,7
2020-05-28,US,Michigan,Gladwin,18,1,0,43.98901072,-84.38774817,26051.0,17,18,1,0,17,18,25337,0,0,0,0,0
2020-05-28,US,Michigan,Gogebic,5,1,0,46.40862701,-89.69377193,26053.0,4,5,1,0,4,5,15096,0,0,0,0,0
2020-05-28,US,Michigan,Grand Traverse,23,5,0,44.69565625,-85.55585247,26055.0,18,23,5,0,18,23,92573,0,0,0,0,0
2020-05-28,US,Michigan,Gratiot,74,8,0,43.29265605,-84.60505416,26057.0,66,74,8,0,66,71,40599,0,0,0,0,3
2020-05-28,US,Michigan,Hillsdale,169,24,0,41.88753639,-84.59312019,26059.0,145,169,24,0,145,170,45749,0,0,0,0,-1
2020-05-28,US,Michigan,Houghton,5,0,0,46.89988536,-88.68495385,26061.0,5,4,0,0,4,3,36219,1,0,0,1,1
2020-05-28,US,Michigan,Huron,44,1,0,43.83353985,-83.04078453,26063.0,43,42,1,0,41,42,31166,2,0,0,2,0
2020-05-28,US,Michigan,Ingham,729,25,0,42.59716886,-84.37472069,26065.0,704,717,25,0,692,705,292735,12,0,0,12,12
2020-05-28,US,Michigan,Ionia,147,4,0,42.94502238,-85.07413319,26067.0,143,145,3,0,142,144,64210,2,1,0,1,1
2020-05-28,US,Michigan,Iosco,90,9,0,44.35486835,-83.63484895,26069.0,81,89,9,0,80,84,25081,1,0,0,1,5
2020-05-28,US,Michigan,Isabella,76,7,0,43.64060976,-84.84664923,26073.0,69,74,7,0,67,74,70562,2,0,0,2,0
2020-05-28,US,Michigan,Jackson,445,27,0,42.24807035,-84.42258681,26075.0,418,439,26,0,413,438,158823,6,1,0,5,1
2020-05-28,US,Michigan,Kalamazoo,820,54,0,42.24542231,-85.53038622,26077.0,766,814,51,0,763,802,264870,6,3,0,3,12
2020-05-28,US,Michigan,Kalkaska,19,2,0,44.68512729,-85.09085699,26079.0,17,19,2,0,17,19,17824,0,0,0,0,0
2020-05-28,US,Michigan,Kent,3540,79,0,43.03197711,-85.54934642,26081.0,3461,3454,76,0,3378,3420,653786,86,3,0,83,34
2020-05-28,US,Michigan,Lake,5,0,0,43.99050893,-85.802173,26085.0,5,5,0,0,5,5,11881,0,0,0,0,0
2020-05-28,US,Michigan,Lapeer,188,30,0,43.09052506,-83.22153148,26087.0,158,188,30,0,158,188,88028,0,0,0,0,0
2020-05-28,US,Michigan,Leelanau,11,0,0,44.94430054,-85.80150326,26089.0,11,11,0,0,11,11,21764,0,0,0,0,0
2020-05-28,US,Michigan,Lenawee,150,4,0,41.89475156,-84.06603727,26091.0,146,147,4,0,143,146,98266,3,0,0,3,1
2020-05-28,US,Michigan,Livingston,391,26,0,42.60302282,-83.91297209,26093.0,365,391,26,0,365,392,191224,0,0,0,0,-1
2020-05-28,US,Michigan,Luce,3,0,0,46.47227431,-85.54471223,26095.0,3,3,0,0,3,3,6283,0,0,0,0,0
2020-05-28,US,Michigan,Mackinac,8,0,0,46.07028979,-85.04980537,26097.0,8,6,0,0,6,6,10787,2,0,0,2,0
2020-05-28,US,Michigan,Macomb,6586,787,0,42.69158356,-82.92752801,26099.0,5799,6558,784,0,5774,6528,874759,28,3,0,25,30
2020-05-28,US,Michigan,Manistee,11,0,0,44.33352407,-86.05626916,26101.0,11,11,0,0,11,11,24528,0,0,0,0,0
2020-05-28,US,Michigan,Marquette,54,10,0,46.4338914,-87.64043701,26103.0,44,54,10,0,44,54,66516,0,0,0,0,0
2020-05-28,US,Michigan,Mason,31,0,0,43.99509218,-86.24988902,26105.0,31,31,0,0,31,31,29100,0,0,0,0,0
2020-05-28,US,Michigan,Mecosta,20,2,0,43.64064262,-85.32463223,26107.0,18,20,2,0,18,19,43545,0,0,0,0,1
2020-05-28,US,Michigan,Menominee,8,0,0,45.58038692,-87.55370409,26109.0,8,8,0,0,8,8,22983,0,0,0,0,0
2020-05-28,US,Michigan,Michigan Department of Corrections (MDOC),3604,65,0,0.0,0.0,0.0,3539,3548,64,0,3484,3305,,56,1,0,55,243
2020-05-28,US,Michigan,Midland,81,8,0,43.64330771,-84.38804374,26111.0,73,80,8,0,72,79,83209,1,0,0,1,1
2020-05-28,US,Michigan,Missaukee,16,1,0,44.33772443,-85.09256478,26113.0,15,16,1,0,15,16,15113,0,0,0,0,0
2020-05-28,US,Michigan,Monroe,468,19,0,41.92734151,-83.53749864,26115.0,449,464,19,0,445,464,150439,4,0,0,4,0
2020-05-28,US,Michigan,Montcalm,65,1,0,43.31082541,-85.15252824,26117.0,64,65,1,0,64,65,63968,0,0,0,0,0
2020-05-28,US,Michigan,Montmorency,5,0,0,45.0275929,-84.12696227,26119.0,5,5,0,0,5,5,9265,0,0,0,0,0
2020-05-28,US,Michigan,Muskegon,619,36,0,43.29123859,-86.15176712,26121.0,583,606,33,0,573,604,173588,13,3,0,10,2
2020-05-28,US,Michigan,Newaygo,101,0,0,43.554373999999996,-85.80070107,26123.0,101,96,0,0,96,92,48892,5,0,0,5,4
2020-05-28,US,Michigan,Oakland,8281,971,0,42.66090111,-83.38595416,26125.0,7310,8260,961,0,7299,8240,1259201,21,10,0,11,20
2020-05-28,US,Michigan,Oceana,85,2,0,43.64124435,-86.26726673,26127.0,83,85,2,0,83,85,26625,0,0,0,0,0
2020-05-28,US,Michigan,Ogemaw,21,1,0,44.33481032,-84.12725175,26129.0,20,21,0,0,21,20,20952,0,1,0,-1,1
2020-05-28,US,Michigan,Osceola,11,0,0,43.98992088,-85.32566756,26133.0,11,11,0,0,11,10,23341,0,0,0,0,1
2020-05-28,US,Michigan,Oscoda,5,1,0,44.68192279,-84.12939244,26135.0,4,5,1,0,4,5,8276,0,0,0,0,0
2020-05-28,US,Michigan,Otsego,100,10,0,45.02085831,-84.59898295,26137.0,90,100,10,0,90,100,24665,0,0,0,0,0
2020-05-28,US,Michigan,Ottawa,744,31,0,42.95996803,-85.9969107,26139.0,713,715,31,0,684,714,290494,29,0,0,29,1
2020-05-28,US,Michigan,Out of MI,70,0,0,0.0,0.0,80026.0,70,64,0,0,64,64,,6,0,0,6,0
2020-05-28,US,Michigan,Presque Isle,11,0,0,45.34018577,-83.91498656,26141.0,11,11,0,0,11,11,12738,0,0,0,0,0
2020-05-28,US,Michigan,Roscommon,21,0,0,44.33473082,-84.61067651,26143.0,21,21,0,0,21,21,23884,0,0,0,0,0
2020-05-28,US,Michigan,Saginaw,1013,108,0,43.33433923,-84.05131209999998,26145.0,905,1002,107,0,895,1000,190800,11,1,0,10,2
2020-05-28,US,Michigan,Sanilac,40,5,0,43.42406072,-82.82055898,26151.0,35,40,5,0,35,40,41182,0,0,0,0,0
2020-05-28,US,Michigan,Schoolcraft,4,0,0,46.19235734,-86.19972234,26153.0,4,4,0,0,4,4,8068,0,0,0,0,0
2020-05-28,US,Michigan,Shiawassee,239,26,0,42.95392800000001,-84.14585902,26155.0,213,237,26,0,211,236,68192,2,0,0,2,1
2020-05-28,US,Michigan,St. Clair,438,37,0,42.92655373,-82.67937954,26147.0,401,431,37,0,394,431,159337,7,0,0,7,0
2020-05-28,US,Michigan,St. Joseph,110,2,0,41.91441767,-85.52797979,26149.0,108,109,2,0,107,104,61043,1,0,0,1,5
2020-05-28,US,Michigan,Tuscola,186,23,0,43.46606813,-83.41897025,26157.0,163,186,23,0,163,186,52516,0,0,0,0,0
2020-05-28,US,Michigan,Unassigned,3,0,0,0.0,0.0,90026.0,3,16,0,0,16,3,,-13,0,0,-13,13
2020-05-28,US,Michigan,Van Buren,134,6,0,42.25190229,-86.01939087,26159.0,128,131,6,0,125,126,75448,3,0,0,3,5
2020-05-28,US,Michigan,Washtenaw,1313,100,0,42.253105,-83.83853204,26161.0,1213,1305,97,0,1208,1301,370963,8,3,0,5,4
2020-05-28,US,Michigan,Wayne,20059,2410,0,42.28098405,-83.281255,26163.0,17649,19999,2406,0,17593,19926,1753893,60,4,0,56,73
2020-05-28,US,Michigan,Wexford,11,3,0,44.33853602,-85.57712739,26165.0,8,11,2,0,9,11,33466,0,1,0,-1,0
2020-05-28,US,Minnesota,Aitkin,7,0,0,46.60962049,-93.41168259999999,27001.0,7,7,0,0,7,7,15902,0,0,0,0,0
2020-05-28,US,Minnesota,Anoka,1289,63,0,45.27476015,-93.24604565,27003.0,1226,1262,59,0,1203,1241,353813,27,4,0,23,21
2020-05-28,US,Minnesota,Becker,36,0,0,46.93479392,-95.67158144,27005.0,36,37,0,0,37,37,34371,-1,0,0,-1,0
2020-05-28,US,Minnesota,Beltrami,14,0,0,47.97373527,-94.93732139,27007.0,14,13,0,0,13,12,46847,1,0,0,1,1
2020-05-28,US,Minnesota,Benton,173,3,0,45.69804958,-93.99514135,27009.0,170,169,2,0,167,167,40545,4,1,0,3,2
2020-05-28,US,Minnesota,Big Stone,4,0,0,45.42712824,-96.41403739,27011.0,4,3,0,0,3,3,4989,1,0,0,1,0
2020-05-28,US,Minnesota,Blue Earth,126,1,0,44.03554215,-94.06699781,27013.0,125,122,1,0,121,119,67427,4,0,0,4,3
2020-05-28,US,Minnesota,Brown,14,2,0,44.24205652,-94.72562874,27015.0,12,14,2,0,12,13,25111,0,0,0,0,1
2020-05-28,US,Minnesota,Carlton,73,0,0,46.59180601,-92.67601019,27017.0,73,73,0,0,73,73,35837,0,0,0,0,0
2020-05-28,US,Minnesota,Carver,189,2,0,44.82017001,-93.80099179999999,27019.0,187,185,2,0,183,182,103551,4,0,0,4,3
2020-05-28,US,Minnesota,Cass,13,2,0,46.95043611,-94.32603968,27021.0,11,12,2,0,10,11,29519,1,0,0,1,1
2020-05-28,US,Minnesota,Chippewa,44,1,0,45.02343421,-95.56403693,27023.0,43,44,1,0,43,42,11924,0,0,0,0,2
2020-05-28,US,Minnesota,Chisago,54,1,0,45.5021011,-92.90861945,27025.0,53,50,1,0,49,49,55922,4,0,0,4,1
2020-05-28,US,Minnesota,Clay,416,25,0,46.89289518,-96.48761922,27027.0,391,406,25,0,381,386,63955,10,0,0,10,20
2020-05-28,US,Minnesota,Clearwater,3,0,0,47.57992111,-95.37790562,27029.0,3,3,0,0,3,3,8810,0,0,0,0,0
2020-05-28,US,Minnesota,Cottonwood,69,0,0,44.00715262,-95.18138802,27033.0,69,65,0,0,65,65,11277,4,0,0,4,0
2020-05-28,US,Minnesota,Crow Wing,59,1,0,46.48096553,-94.06755609,27035.0,58,57,1,0,56,56,64889,2,0,0,2,1
2020-05-28,US,Minnesota,Dakota,1202,49,0,44.67172617,-93.06299363,27037.0,1153,1182,44,0,1138,1164,425423,20,5,0,15,18
2020-05-28,US,Minnesota,Dodge,46,0,0,44.02238415,-92.86244324,27039.0,46,46,0,0,46,46,20822,0,0,0,0,0
2020-05-28,US,Minnesota,Douglas,39,0,0,45.93348491,-95.45335469,27041.0,39,39,0,0,39,30,37964,0,0,0,0,9
2020-05-28,US,Minnesota,Faribault,13,0,0,43.67381499,-93.94787458,27043.0,13,13,0,0,13,13,13758,0,0,0,0,0
2020-05-28,US,Minnesota,Fillmore,17,1,0,43.67394126,-92.08980382,27045.0,16,17,1,0,16,17,21058,0,0,0,0,0
2020-05-28,US,Minnesota,Freeborn,102,0,0,43.67385583,-93.34884422,27047.0,102,97,0,0,97,97,30444,5,0,0,5,0
2020-05-28,US,Minnesota,Goodhue,60,3,0,44.40849741,-92.72341949999999,27049.0,57,60,3,0,57,58,46403,0,0,0,0,2
2020-05-28,US,Minnesota,Grant,3,0,0,45.93424769,-96.01139609,27051.0,3,3,0,0,3,3,6021,0,0,0,0,0
2020-05-28,US,Minnesota,Hennepin,7695,581,0,45.00761521,-93.47694895,27053.0,7114,7540,565,0,6975,7421,1259428,155,16,0,139,119
2020-05-28,US,Minnesota,Houston,2,0,0,43.67129565,-91.49143057,27055.0,2,2,0,0,2,2,18578,0,0,0,0,0
2020-05-28,US,Minnesota,Hubbard,1,0,0,47.10778564,-94.91693868,27057.0,1,1,0,0,1,1,21332,0,0,0,0,0
2020-05-28,US,Minnesota,Isanti,32,0,0,45.56181234,-93.29487636,27059.0,32,33,0,0,33,30,39966,-1,0,0,-1,3
2020-05-28,US,Minnesota,Itasca,54,8,0,47.51009045,-93.63092229,27061.0,46,53,7,0,46,53,45108,1,1,0,0,0
2020-05-28,US,Minnesota,Jackson,39,0,0,43.67423373,-95.15398258,27063.0,39,39,0,0,39,39,9911,0,0,0,0,0
2020-05-28,US,Minnesota,Kanabec,11,1,0,45.9459309,-93.29275192,27065.0,10,11,1,0,10,11,16207,0,0,0,0,0
2020-05-28,US,Minnesota,Kandiyohi,476,1,0,45.1526059,-95.00586446,27067.0,475,475,1,0,474,471,42855,1,0,0,1,4
2020-05-28,US,Minnesota,Kittson,1,0,0,48.77754106,-96.78317184,27069.0,1,1,0,0,1,1,4248,0,0,0,0,0
2020-05-28,US,Minnesota,Koochiching,7,0,0,48.24539665,-93.78352843,27071.0,7,7,0,0,7,6,12440,0,0,0,0,1
2020-05-28,US,Minnesota,Lac qui Parle,3,0,0,44.9973857,-96.17488219,27073.0,3,3,0,0,3,3,6658,0,0,0,0,0
2020-05-28,US,Minnesota,Lake,1,0,0,47.64270764,-91.44557998,27075.0,1,1,0,0,1,1,10658,0,0,0,0,0
2020-05-28,US,Minnesota,Le Sueur,44,1,0,44.37136597,-93.72844721,27079.0,43,43,1,0,42,41,28494,1,0,0,1,2
2020-05-28,US,Minnesota,Lincoln,5,0,0,44.41311883,-96.26688165,27081.0,5,5,0,0,5,5,5673,0,0,0,0,0
2020-05-28,US,Minnesota,Lyon,38,0,0,44.41327865,-95.83806103,27083.0,38,36,0,0,36,36,25629,2,0,0,2,0
2020-05-28,US,Minnesota,Mahnomen,5,1,0,47.32557075,-95.80921485,27087.0,4,5,1,0,4,5,5519,0,0,0,0,0
2020-05-28,US,Minnesota,Marshall,9,0,0,48.35825983,-96.37017407,27089.0,9,9,0,0,9,9,9390,0,0,0,0,0
2020-05-28,US,Minnesota,Martin,126,5,0,43.67429718,-94.55099908,27091.0,121,126,5,0,121,126,19785,0,0,0,0,0
2020-05-28,US,Minnesota,McLeod,30,0,0,44.82367677,-94.27287017,27085.0,30,29,0,0,29,28,35873,1,0,0,1,1
2020-05-28,US,Minnesota,Meeker,44,0,0,45.12328869,-94.52839455,27093.0,44,44,0,0,44,42,23141,0,0,0,0,2
2020-05-28,US,Minnesota,Mille Lacs,19,1,0,45.93705297,-93.63236823,27095.0,18,17,1,0,16,17,26139,2,0,0,2,0
2020-05-28,US,Minnesota,Morrison,41,0,0,46.01265363,-94.27341528,27097.0,41,40,0,0,40,39,33169,1,0,0,1,1
2020-05-28,US,Minnesota,Mower,231,1,0,43.67142874,-92.75234549,27099.0,230,216,1,0,215,206,40011,15,0,0,15,10
2020-05-28,US,Minnesota,Murray,36,0,0,44.02216709,-95.76328482,27101.0,36,36,0,0,36,35,8276,0,0,0,0,1
2020-05-28,US,Minnesota,Nicollet,82,7,0,44.35291112,-94.24710352,27103.0,75,74,7,0,67,71,34220,8,0,0,8,3
2020-05-28,US,Minnesota,Nobles,1496,3,0,43.67434621,-95.75329576,27105.0,1493,1488,3,0,1485,1478,21924,8,0,0,8,10
2020-05-28,US,Minnesota,Norman,11,0,0,47.32628443,-96.45620947,27107.0,11,11,0,0,11,11,6475,0,0,0,0,0
2020-05-28,US,Minnesota,Olmsted,582,10,0,44.00374114,-92.40209944,27109.0,572,575,10,0,565,570,156277,7,0,0,7,5
2020-05-28,US,Minnesota,Otter Tail,63,0,0,46.40846929,-95.70835255,27111.0,63,62,0,0,62,59,58812,1,0,0,1,3
2020-05-28,US,Minnesota,Pennington,17,0,0,48.06642577,-96.0370814,27113.0,17,17,0,0,17,14,14178,0,0,0,0,3
2020-05-28,US,Minnesota,Pine,89,0,0,46.12105238,-92.74070188,27115.0,89,85,0,0,85,85,29483,4,0,0,4,0
2020-05-28,US,Minnesota,Pipestone,10,0,0,44.02301619,-96.25841142,27117.0,10,10,0,0,10,10,9047,0,0,0,0,0
2020-05-28,US,Minnesota,Polk,59,2,0,47.77372465,-96.40134647,27119.0,57,59,2,0,57,59,31529,0,0,0,0,0
2020-05-28,US,Minnesota,Pope,8,0,0,45.58606667,-95.44451209,27121.0,8,8,0,0,8,8,11097,0,0,0,0,0
2020-05-28,US,Minnesota,Ramsey,2698,110,0,45.01625271,-93.09872295,27123.0,2588,2610,103,0,2507,2551,550210,88,7,0,81,59
2020-05-28,US,Minnesota,Red Lake,4,0,0,47.87197525,-96.09561104,27125.0,4,4,0,0,4,3,3999,0,0,0,0,1
2020-05-28,US,Minnesota,Redwood,4,0,0,44.40555844,-95.25207021,27127.0,4,3,0,0,3,3,15249,1,0,0,1,0
2020-05-28,US,Minnesota,Renville,5,0,0,44.72836381,-94.94553734,27129.0,5,5,0,0,5,5,14612,0,0,0,0,0
2020-05-28,US,Minnesota,Rice,423,2,0,44.3543376,-93.29658715,27131.0,421,411,2,0,409,396,66523,12,0,0,12,15
2020-05-28,US,Minnesota,Rock,22,0,0,43.67482683,-96.25296832,27133.0,22,21,0,0,21,21,9414,1,0,0,1,0
2020-05-28,US,Minnesota,Roseau,2,0,0,48.77501878,-95.81079919,27135.0,2,1,0,0,1,1,15150,1,0,0,1,0
2020-05-28,US,Minnesota,Scott,383,2,0,44.6490231,-93.53340251,27139.0,381,379,2,0,377,374,147381,4,0,0,4,5
2020-05-28,US,Minnesota,Sherburne,222,2,0,45.44447208,-93.77617511,27141.0,220,219,2,0,217,217,96036,3,0,0,3,2
2020-05-28,US,Minnesota,Sibley,15,0,0,44.5796592,-94.23164924,27143.0,15,13,0,0,13,13,15028,2,0,0,2,0
2020-05-28,US,Minnesota,St. Louis,117,14,0,47.604840700000004,-92.46879855,27137.0,103,115,13,0,102,114,199754,2,1,0,1,1
2020-05-28,US,Minnesota,Stearns,1995,12,0,45.55192576,-94.61078221,27145.0,1983,1984,12,0,1972,1959,159256,11,0,0,11,25
2020-05-28,US,Minnesota,Steele,149,0,0,44.02240351,-93.22627088,27147.0,149,148,0,0,148,144,36803,1,0,0,1,4
2020-05-28,US,Minnesota,Stevens,1,0,0,45.58613007,-96.00163705,27149.0,1,,,,,,9753,,,,,
2020-05-28,US,Minnesota,Swift,17,0,0,45.2829032,-95.68264092,27151.0,17,17,0,0,17,16,9345,0,0,0,0,1
2020-05-28,US,Minnesota,Todd,296,0,0,46.06996226,-94.89785296,27153.0,296,296,0,0,296,220,24582,0,0,0,0,76
2020-05-28,US,Minnesota,Traverse,3,0,0,45.77298854,-96.47062949,27155.0,3,3,0,0,3,3,3308,0,0,0,0,0
2020-05-28,US,Minnesota,Unassigned,94,10,0,0.0,0.0,90027.0,84,61,10,0,51,15,,33,0,0,33,46
2020-05-28,US,Minnesota,Wabasha,17,0,0,44.28424356,-92.23121312,27157.0,17,17,0,0,17,17,21645,0,0,0,0,0
2020-05-28,US,Minnesota,Wadena,8,0,0,46.58589171,-94.96968506,27159.0,8,8,0,0,8,8,13773,0,0,0,0,0
2020-05-28,US,Minnesota,Waseca,25,0,0,44.02211116,-93.58720034,27161.0,25,24,0,0,24,24,18691,1,0,0,1,0
2020-05-28,US,Minnesota,Washington,576,30,0,45.03864533,-92.88429635,27163.0,546,562,30,0,532,553,259201,14,0,0,14,9
2020-05-28,US,Minnesota,Watonwan,64,0,0,43.97823903,-94.61413846,27165.0,64,59,0,0,59,58,10980,5,0,0,5,1
2020-05-28,US,Minnesota,Wilkin,11,3,0,46.35721532,-96.4684375,27167.0,8,11,3,0,8,11,6254,0,0,0,0,0
2020-05-28,US,Minnesota,Winona,78,15,0,43.98772283,-91.78081305,27169.0,63,78,15,0,63,78,50825,0,0,0,0,0
2020-05-28,US,Minnesota,Wright,280,1,0,45.17297924,-93.96234781,27171.0,279,269,1,0,268,263,136349,11,0,0,11,6
2020-05-28,US,Minnesota,Yellow Medicine,6,0,0,44.71710183,-95.86842453,27173.0,6,6,0,0,6,6,9795,0,0,0,0,0
2020-05-28,US,Mississippi,Adams,190,15,0,31.47669768,-91.35326037,28001.0,175,190,15,0,175,189,31192,0,0,0,0,1
2020-05-28,US,Mississippi,Alcorn,14,1,0,34.88084463,-88.57996173,28003.0,13,14,1,0,13,14,36925,0,0,0,0,0
2020-05-28,US,Mississippi,Amite,56,1,0,31.17467303,-90.80501621,28005.0,55,56,1,0,55,53,12326,0,0,0,0,3
2020-05-28,US,Mississippi,Attala,284,15,0,33.08658803,-89.57838564,28007.0,269,277,15,0,262,277,18365,7,0,0,7,0
2020-05-28,US,Mississippi,Benton,15,0,0,34.81681228,-89.18945516,28009.0,15,14,0,0,14,15,8271,1,0,0,1,-1
2020-05-28,US,Mississippi,Bolivar,154,11,0,33.79696941,-90.87372121,28011.0,143,149,11,0,138,142,31333,5,0,0,5,7
2020-05-28,US,Mississippi,Calhoun,63,4,0,33.93683395,-89.33686647,28013.0,59,61,4,0,57,60,14436,2,0,0,2,1
2020-05-28,US,Mississippi,Carroll,115,11,0,33.44834567,-89.91994479,28015.0,104,114,10,0,104,114,9911,1,1,0,0,0
2020-05-28,US,Mississippi,Chickasaw,130,12,0,33.91983202,-88.9481545,28017.0,118,128,12,0,116,127,17171,2,0,0,2,1
2020-05-28,US,Mississippi,Choctaw,34,2,0,33.34598242,-89.24809382,28019.0,32,35,2,0,33,33,8278,-1,0,0,-1,2
2020-05-28,US,Mississippi,Claiborne,69,2,0,31.97061673,-90.90702196,28021.0,67,64,2,0,62,58,9002,5,0,0,5,6
2020-05-28,US,Mississippi,Clarke,138,18,0,32.04158545,-88.68896219999998,28023.0,120,135,17,0,118,135,15604,3,1,0,2,0
2020-05-28,US,Mississippi,Clay,108,4,0,33.65358105,-88.77784255,28025.0,104,104,3,0,101,101,19386,4,1,0,3,3
2020-05-28,US,Mississippi,Coahoma,114,4,0,34.22772299,-90.60415045,28027.0,110,113,3,0,110,108,22628,1,1,0,0,5
2020-05-28,US,Mississippi,Copiah,290,4,0,31.86977774,-90.44565118,28029.0,286,285,4,0,281,284,28543,5,0,0,5,1
2020-05-28,US,Mississippi,Covington,143,1,0,31.63225413,-89.55389939,28031.0,142,141,1,0,140,140,18853,2,0,0,2,1
2020-05-28,US,Mississippi,DeSoto,503,6,0,34.87625235,-89.99091418,28033.0,497,493,6,0,487,485,182001,10,0,0,10,8
2020-05-28,US,Mississippi,Forrest,523,38,0,31.18961454,-89.25832496,28035.0,485,511,37,0,474,503,75036,12,1,0,11,8
2020-05-28,US,Mississippi,Franklin,28,2,0,31.47786634,-90.89672989,28037.0,26,27,2,0,25,27,7788,1,0,0,1,0
2020-05-28,US,Mississippi,George,21,1,0,30.86259065,-88.64436789,28039.0,20,20,1,0,19,20,24250,1,0,0,1,0
2020-05-28,US,Mississippi,Greene,9,1,0,31.21444233,-88.63922281,28041.0,8,11,1,0,10,8,13586,-2,0,0,-2,3
2020-05-28,US,Mississippi,Grenada,85,3,0,33.77036166,-89.80245083,28043.0,82,82,3,0,79,78,21055,3,0,0,3,4
2020-05-28,US,Mississippi,Hancock,87,11,0,30.41830223,-89.48851033,28045.0,76,87,11,0,76,88,47334,0,0,0,0,-1
2020-05-28,US,Mississippi,Harrison,247,7,0,30.51359752,-89.12467576,28047.0,240,245,7,0,238,237,206650,2,0,0,2,8
2020-05-28,US,Mississippi,Hinds,959,24,0,32.2656285,-90.44435448,28049.0,935,920,24,0,896,904,237085,39,0,0,39,16
2020-05-28,US,Mississippi,Holmes,385,24,0,33.12345854,-90.08923538,28051.0,361,373,24,0,349,370,17622,12,0,0,12,3
2020-05-28,US,Mississippi,Humphreys,58,7,0,33.12825718,-90.52252707,28053.0,51,53,7,0,46,52,8257,5,0,0,5,1
2020-05-28,US,Mississippi,Itawamba,84,7,0,34.27993475,-88.3606733,28057.0,77,85,7,0,78,86,23517,-1,0,0,-1,-1
2020-05-28,US,Mississippi,Jackson,303,13,0,30.54020656,-88.64184064,28059.0,290,300,13,0,287,296,143277,3,0,0,3,4
2020-05-28,US,Mississippi,Jasper,152,4,0,32.01922104,-89.11786866,28061.0,148,148,3,0,145,146,16428,4,1,0,3,2
2020-05-28,US,Mississippi,Jefferson,40,0,0,31.73397872,-91.03764977,28063.0,40,40,0,0,40,41,7106,0,0,0,0,-1
2020-05-28,US,Mississippi,Jefferson Davis,77,2,0,31.56884708,-89.82670990000004,28065.0,75,75,2,0,73,74,11234,2,0,0,2,1
2020-05-28,US,Mississippi,Jones,566,22,0,31.62257767,-89.16896899999998,28067.0,544,525,19,0,506,506,68461,41,3,0,38,19
2020-05-28,US,Mississippi,Kemper,136,11,0,32.75462946,-88.64105766,28069.0,125,131,10,0,121,132,10027,5,1,0,4,-1
2020-05-28,US,Mississippi,Lafayette,127,4,0,34.35687874,-89.48490961,28071.0,123,125,4,0,121,126,54793,2,0,0,2,-1
2020-05-28,US,Mississippi,Lamar,231,5,0,31.20572971,-89.5077704,28073.0,226,227,5,0,222,222,62447,4,0,0,4,5
2020-05-28,US,Mississippi,Lauderdale,713,58,0,32.40419769,-88.66229662,28075.0,655,699,57,0,642,689,75317,14,1,0,13,10
2020-05-28,US,Mississippi,Lawrence,102,1,0,31.55147224,-90.10841127,28077.0,101,99,1,0,98,97,12455,3,0,0,3,2
2020-05-28,US,Mississippi,Leake,400,12,0,32.7536828,-89.52402044,28079.0,388,395,12,0,383,389,22763,5,0,0,5,6
2020-05-28,US,Mississippi,Lee,124,5,0,34.291877500000005,-88.68149954,28081.0,119,117,5,0,112,113,85202,7,0,0,7,4
2020-05-28,US,Mississippi,Leflore,251,30,0,33.55545125,-90.29900733,28083.0,221,250,30,0,220,246,28919,1,0,0,1,4
2020-05-28,US,Mississippi,Lincoln,250,24,0,31.53288662,-90.45391915,28085.0,226,250,22,0,228,248,34205,0,2,0,-2,2
2020-05-28,US,Mississippi,Lowndes,189,9,0,33.47386518,-88.44191529999998,28087.0,180,182,8,0,174,166,58930,7,1,0,6,16
2020-05-28,US,Mississippi,Madison,694,22,0,32.63389156,-90.03513564,28089.0,672,687,21,0,666,675,105630,7,1,0,6,12
2020-05-28,US,Mississippi,Marion,114,9,0,31.23132643,-89.8209217,28091.0,105,112,9,0,103,110,24715,2,0,0,2,2
2020-05-28,US,Mississippi,Marshall,77,3,0,34.76216286,-89.50299462,28093.0,74,76,3,0,73,71,35451,1,0,0,1,5
2020-05-28,US,Mississippi,Monroe,252,25,0,33.89236763,-88.4808438,28095.0,227,253,24,0,229,249,35564,-1,1,0,-2,4
2020-05-28,US,Mississippi,Montgomery,81,1,0,33.49419589,-89.61729103,28097.0,80,81,1,0,80,80,10023,0,0,0,0,1
2020-05-28,US,Mississippi,Neshoba,589,37,0,32.75339664,-89.11726492,28099.0,552,565,34,0,531,539,29125,24,3,0,21,26
2020-05-28,US,Mississippi,Newton,256,4,0,32.40021118,-89.11843336,28101.0,252,250,4,0,246,231,21443,6,0,0,6,19
2020-05-28,US,Mississippi,Noxubee,173,6,0,33.11009499,-88.56949061,28103.0,167,169,6,0,163,166,10535,4,0,0,4,3
2020-05-28,US,Mississippi,Oktibbeha,154,11,0,33.42491685,-88.87905132,28105.0,143,150,10,0,140,144,49599,4,1,0,3,6
2020-05-28,US,Mississippi,Panola,64,3,0,34.36398677,-89.95064249,28107.0,61,64,3,0,61,64,34178,0,0,0,0,0
2020-05-28,US,Mississippi,Pearl River,206,31,0,30.77090935,-89.58677275,28109.0,175,207,31,0,176,205,55387,-1,0,0,-1,2
2020-05-28,US,Mississippi,Perry,50,3,0,31.17161885,-88.99281835,28111.0,47,49,2,0,47,49,11931,1,1,0,0,0
2020-05-28,US,Mississippi,Pike,203,11,0,31.17507789,-90.40392572,28113.0,192,202,11,0,191,201,39563,1,0,0,1,1
2020-05-28,US,Mississippi,Pontotoc,29,3,0,34.226046000000004,-89.03636807,28115.0,26,28,3,0,25,26,31833,1,0,0,1,2
2020-05-28,US,Mississippi,Prentiss,42,3,0,34.61810501,-88.51986294,28117.0,39,41,3,0,38,40,25315,1,0,0,1,1
2020-05-28,US,Mississippi,Quitman,25,0,0,34.25157572,-90.28908,28119.0,25,25,0,0,25,24,7051,0,0,0,0,1
2020-05-28,US,Mississippi,Rankin,385,6,0,32.26469147,-89.94537876,28121.0,379,373,6,0,367,358,153902,12,0,0,12,15
2020-05-28,US,Mississippi,Scott,630,10,0,32.406704100000006,-89.53789439,28123.0,620,623,10,0,613,597,28287,7,0,0,7,26
2020-05-28,US,Mississippi,Sharkey,7,0,0,32.88149103,-90.81595379999999,28125.0,7,7,0,0,7,7,4377,0,0,0,0,0
2020-05-28,US,Mississippi,Simpson,95,0,0,31.91282117,-89.91716179,28127.0,95,93,0,0,93,91,26758,2,0,0,2,2
2020-05-28,US,Mississippi,Smith,145,11,0,32.01744532,-89.50644846,28129.0,134,133,11,0,122,131,16002,12,0,0,12,2
2020-05-28,US,Mississippi,Stone,30,0,0,30.79187949,-89.11547539,28131.0,30,30,0,0,30,30,18717,0,0,0,0,0
2020-05-28,US,Mississippi,Sunflower,78,3,0,33.60192578,-90.58882684,28133.0,75,78,3,0,75,78,25735,0,0,0,0,0
2020-05-28,US,Mississippi,Tallahatchie,26,1,0,33.95339918,-90.1729398,28135.0,25,25,1,0,24,24,13987,1,0,0,1,1
2020-05-28,US,Mississippi,Tate,74,1,0,34.65133709,-89.94485778,28137.0,73,69,1,0,68,66,28759,5,0,0,5,3
2020-05-28,US,Mississippi,Tippah,71,11,0,34.76872156,-88.90988194,28139.0,60,71,11,0,60,71,21995,0,0,0,0,0
2020-05-28,US,Mississippi,Tishomingo,28,0,0,34.74023475,-88.23917219,28141.0,28,26,0,0,26,26,19454,2,0,0,2,0
2020-05-28,US,Mississippi,Tunica,53,3,0,34.64967704,-90.37481167,28143.0,50,52,3,0,49,50,9944,1,0,0,1,2
2020-05-28,US,Mississippi,Union,80,5,0,34.49162015,-89.00776006,28145.0,75,78,5,0,73,74,28606,2,0,0,2,4
2020-05-28,US,Mississippi,Walthall,52,0,0,31.14971548,-90.10446654,28147.0,52,51,0,0,51,50,14465,1,0,0,1,1
2020-05-28,US,Mississippi,Warren,159,7,0,32.35810271,-90.83352619,28149.0,152,158,7,0,151,158,46176,1,0,0,1,0
2020-05-28,US,Mississippi,Washington,166,7,0,33.28392041,-90.94196237,28151.0,159,163,6,0,157,159,45063,3,1,0,2,4
2020-05-28,US,Mississippi,Wayne,154,0,0,31.64135687,-88.69573913,28153.0,154,148,0,0,148,133,20298,6,0,0,6,15
2020-05-28,US,Mississippi,Webster,61,1,0,33.61300486,-89.28392912,28155.0,60,59,1,0,58,63,9788,2,0,0,2,-4
2020-05-28,US,Mississippi,Wilkinson,85,9,0,31.16078225,-91.31018819,28157.0,76,85,9,0,76,85,8792,0,0,0,0,0
2020-05-28,US,Mississippi,Winston,105,1,0,33.08747908,-89.03391385,28159.0,104,105,1,0,104,102,18165,0,0,0,0,3
2020-05-28,US,Mississippi,Yalobusha,85,5,0,34.02824175,-89.70762049999998,28161.0,80,85,5,0,80,84,12392,0,0,0,0,1
2020-05-28,US,Mississippi,Yazoo,227,4,0,32.77890365,-90.39656148,28163.0,223,223,3,0,220,221,28248,4,1,0,3,2
2020-05-28,US,Missouri,Adair,49,0,0,40.19058551,-92.60078167,29001.0,49,46,0,0,46,46,25339,3,0,0,3,0
2020-05-28,US,Missouri,Andrew,30,0,0,39.98492163,-94.80163024,29003.0,30,30,0,0,30,24,17607,0,0,0,0,6
2020-05-28,US,Missouri,Atchison,3,0,0,40.43238737,-95.42970639,29005.0,3,3,0,0,3,3,5171,0,0,0,0,0
2020-05-28,US,Missouri,Audrain,71,0,0,39.215877,-91.84242683,29007.0,71,68,0,0,68,61,25473,3,0,0,3,7
2020-05-28,US,Missouri,Barry,9,0,0,36.70978521,-93.82919888,29009.0,9,9,0,0,9,9,35886,0,0,0,0,0
2020-05-28,US,Missouri,Bates,7,1,0,38.25271289,-94.34113157,29013.0,6,7,1,0,6,7,16320,0,0,0,0,0
2020-05-28,US,Missouri,Benton,10,0,0,38.29503305,-93.28756116,29015.0,10,10,0,0,10,10,19278,0,0,0,0,0
2020-05-28,US,Missouri,Bollinger,6,0,0,37.32449052,-90.02725304,29017.0,6,6,0,0,6,6,12169,0,0,0,0,0
2020-05-28,US,Missouri,Boone,138,1,0,38.99186229,-92.30723575,29019.0,137,130,1,0,129,123,180005,8,0,0,8,7
2020-05-28,US,Missouri,Buchanan,677,2,0,39.65816401,-94.80138942,29021.0,675,662,2,0,660,640,88571,15,0,0,15,22
2020-05-28,US,Missouri,Butler,30,0,0,36.71462476,-90.40421163,29023.0,30,29,0,0,29,29,42639,1,0,0,1,0
2020-05-28,US,Missouri,Caldwell,5,0,0,39.65620858,-93.98308093,29025.0,5,5,0,0,5,5,9108,0,0,0,0,0
2020-05-28,US,Missouri,Callaway,27,1,0,38.83674754,-91.92186505,29027.0,26,26,1,0,25,26,44889,1,0,0,1,0
2020-05-28,US,Missouri,Camden,38,1,0,38.02199522,-92.76083747,29029.0,37,38,1,0,37,38,45815,0,0,0,0,0
2020-05-28,US,Missouri,Cape Girardeau,70,2,0,37.38489388,-89.6843587,29031.0,68,68,2,0,66,64,78753,2,0,0,2,4
2020-05-28,US,Missouri,Carroll,8,0,0,39.42762566,-93.50626255,29033.0,8,7,0,0,7,7,8743,1,0,0,1,0
2020-05-28,US,Missouri,Carter,5,1,0,36.94160441,-90.96051322,29035.0,4,5,1,0,4,5,6054,0,0,0,0,0
2020-05-28,US,Missouri,Cass,85,8,0,38.64789422,-94.353399,29037.0,77,82,8,0,74,82,104954,3,0,0,3,0
2020-05-28,US,Missouri,Cedar,9,0,0,37.72391475,-93.85445441,29039.0,9,9,0,0,9,9,14165,0,0,0,0,0
2020-05-28,US,Missouri,Chariton,6,0,0,39.51499357,-92.9629191,29041.0,6,6,0,0,6,6,7451,0,0,0,0,0
2020-05-28,US,Missouri,Christian,21,0,0,36.9711783,-93.18537118,29043.0,21,21,0,0,21,21,86983,0,0,0,0,0
2020-05-28,US,Missouri,Clark,1,0,0,40.41040752,-91.73661677,29045.0,1,1,0,0,1,1,6842,0,0,0,0,0
2020-05-28,US,Missouri,Clay,162,3,0,39.31132056,-94.41850862,29047.0,159,158,3,0,155,149,246365,4,0,0,4,9
2020-05-28,US,Missouri,Clinton,18,0,0,39.6013098,-94.40465394,29049.0,18,18,0,0,18,18,20470,0,0,0,0,0
2020-05-28,US,Missouri,Cole,60,1,0,38.50455671,-92.27860244,29051.0,59,60,1,0,59,60,76796,0,0,0,0,0
2020-05-28,US,Missouri,Cooper,9,0,0,38.844478,-92.80896081,29053.0,9,9,0,0,9,9,17603,0,0,0,0,0
2020-05-28,US,Missouri,Crawford,9,0,0,37.97663738,-91.30528104,29055.0,9,9,0,0,9,9,23957,0,0,0,0,0
2020-05-28,US,Missouri,Dallas,3,0,0,37.681135499999996,-93.02127031,29059.0,3,3,0,0,3,3,16762,0,0,0,0,0
2020-05-28,US,Missouri,Daviess,4,0,0,39.96145298,-93.98519678,29061.0,4,4,0,0,4,4,8313,0,0,0,0,0
2020-05-28,US,Missouri,DeKalb,6,0,0,39.89201062,-94.40476508,29063.0,6,6,0,0,6,6,12630,0,0,0,0,0
2020-05-28,US,Missouri,Dunklin,32,2,0,36.27167174,-90.09122243,29069.0,30,31,2,0,29,31,29423,1,0,0,1,0
2020-05-28,US,Missouri,Franklin,140,16,0,38.41127108,-91.07522826,29071.0,124,140,16,0,124,140,103670,0,0,0,0,0
2020-05-28,US,Missouri,Gasconade,2,0,0,38.43947277,-91.50847147,29073.0,2,2,0,0,2,2,14705,0,0,0,0,0
2020-05-28,US,Missouri,Gentry,25,0,0,40.21097916,-94.40944419,29075.0,25,21,0,0,21,19,6628,4,0,0,4,2
2020-05-28,US,Missouri,Greene,128,8,0,37.2575872,-93.34230916,29077.0,120,125,8,0,117,125,291923,3,0,0,3,0
2020-05-28,US,Missouri,Harrison,9,0,0,40.35570088,-93.99222144,29081.0,9,9,0,0,9,9,8414,0,0,0,0,0
2020-05-28,US,Missouri,Henry,10,3,0,38.38482826,-93.79293734,29083.0,7,10,3,0,7,10,21792,0,0,0,0,0
2020-05-28,US,Missouri,Holt,1,0,0,40.09799248,-95.21638879999999,29087.0,1,1,0,0,1,1,4404,0,0,0,0,0
2020-05-28,US,Missouri,Howard,3,0,0,39.1435761,-92.69756691,29089.0,3,3,0,0,3,3,10137,0,0,0,0,0
2020-05-28,US,Missouri,Howell,6,0,0,36.77383887,-91.88683935,29091.0,6,5,0,0,5,5,40076,1,0,0,1,0
2020-05-28,US,Missouri,Iron,2,0,0,37.55487945,-90.7735296,29093.0,2,2,0,0,2,2,10177,0,0,0,0,0
2020-05-28,US,Missouri,Jackson,554,17,0,39.01002188,-94.34724536,29095.0,537,515,16,0,499,528,700307,39,1,0,38,-13
2020-05-28,US,Missouri,Jasper,33,0,0,37.20351921,-94.34050458,29097.0,33,33,0,0,33,32,120636,0,0,0,0,1
2020-05-28,US,Missouri,Jefferson,348,16,0,38.25926778,-90.53870896,29099.0,332,345,15,0,330,344,224347,3,1,0,2,1
2020-05-28,US,Missouri,Johnson,74,0,0,38.74719601,-93.80691168,29101.0,74,73,0,0,73,73,53652,1,0,0,1,0
2020-05-28,US,Missouri,Kansas City,1105,26,0,39.0997,-94.5786,0.0,1079,1086,19,0,1067,1071,491918,19,7,0,12,15
2020-05-28,US,Missouri,Laclede,3,0,0,37.65896829,-92.5888493,29105.0,3,3,0,0,3,3,35713,0,0,0,0,0
2020-05-28,US,Missouri,Lafayette,73,3,0,39.06986886,-93.78076396,29107.0,70,72,3,0,69,71,32598,1,0,0,1,1
2020-05-28,US,Missouri,Lawrence,8,0,0,37.10626634,-93.83293097,29109.0,8,8,0,0,8,8,38359,0,0,0,0,0
2020-05-28,US,Missouri,Lewis,7,1,0,40.09673161,-91.72070156,29111.0,6,7,1,0,6,7,9855,0,0,0,0,0
2020-05-28,US,Missouri,Lincoln,109,1,0,39.05345619,-90.95588181,29113.0,108,109,1,0,108,106,57686,0,0,0,0,3
2020-05-28,US,Missouri,Linn,6,1,0,39.87001769,-93.10704106,29115.0,5,6,1,0,5,6,12037,0,0,0,0,0
2020-05-28,US,Missouri,Livingston,3,0,0,39.78110272,-93.54645978,29117.0,3,3,0,0,3,3,15146,0,0,0,0,0
2020-05-28,US,Missouri,Macon,3,0,0,39.83049768,-92.56453089,29121.0,3,2,0,0,2,2,15153,1,0,0,1,0
2020-05-28,US,Missouri,Madison,3,0,0,37.47865134,-90.34671429999999,29123.0,3,3,0,0,3,3,12188,0,0,0,0,0
2020-05-28,US,Missouri,Maries,2,0,0,38.16193985,-91.92249662,29125.0,2,2,0,0,2,2,8769,0,0,0,0,0
2020-05-28,US,Missouri,Marion,5,0,0,39.80601912,-91.62203062,29127.0,5,5,0,0,5,5,28592,0,0,0,0,0
2020-05-28,US,Missouri,McDonald,19,0,0,36.62869595,-94.34867205,29119.0,19,18,0,0,18,17,23078,1,0,0,1,1
2020-05-28,US,Missouri,Miller,4,0,0,38.21450288,-92.42610898,29131.0,4,4,0,0,4,4,25336,0,0,0,0,0
2020-05-28,US,Missouri,Mississippi,55,0,0,36.82516239,-89.29505753,29133.0,55,54,0,0,54,54,13336,1,0,0,1,0
2020-05-28,US,Missouri,Moniteau,46,0,0,38.63571781,-92.57976951,29135.0,46,45,0,0,45,45,16121,1,0,0,1,0
2020-05-28,US,Missouri,Montgomery,9,0,0,38.94022054,-91.47000721,29139.0,9,8,0,0,8,8,11534,1,0,0,1,0
2020-05-28,US,Missouri,Morgan,9,0,0,38.4181765,-92.88791859,29141.0,9,9,0,0,9,9,20358,0,0,0,0,0
2020-05-28,US,Missouri,New Madrid,19,0,0,36.59666326,-89.66070007,29143.0,19,17,0,0,17,17,17296,2,0,0,2,0
2020-05-28,US,Missouri,Newton,16,1,0,36.90519407,-94.3394104,29145.0,15,16,1,0,15,16,58266,0,0,0,0,0
2020-05-28,US,Missouri,Nodaway,12,0,0,40.36079813,-94.88133008,29147.0,12,12,0,0,12,12,22304,0,0,0,0,0
2020-05-28,US,Missouri,Oregon,2,0,0,36.68710164,-91.4033755,29149.0,2,2,0,0,2,2,10541,0,0,0,0,0
2020-05-28,US,Missouri,Osage,5,0,0,38.46036182,-91.8613635,29151.0,5,5,0,0,5,5,13714,0,0,0,0,0
2020-05-28,US,Missouri,Pemiscot,76,4,0,36.2130572,-89.78742322,29155.0,72,76,4,0,72,76,16272,0,0,0,0,0
2020-05-28,US,Missouri,Perry,50,0,0,37.70660776,-89.82741088,29157.0,50,50,0,0,50,49,19150,0,0,0,0,1
2020-05-28,US,Missouri,Pettis,78,1,0,38.72798918,-93.28471706,29159.0,77,72,1,0,71,72,42542,6,0,0,6,0
2020-05-28,US,Missouri,Phelps,4,0,0,37.87736118,-91.79351727,29161.0,4,4,0,0,4,4,44732,0,0,0,0,0
2020-05-28,US,Missouri,Pike,17,1,0,39.34310674,-91.16980779,29163.0,16,16,1,0,15,15,18504,1,0,0,1,1
2020-05-28,US,Missouri,Platte,69,0,0,39.38154439,-94.77068479,29165.0,69,68,0,0,68,67,102985,1,0,0,1,1
2020-05-28,US,Missouri,Polk,3,0,0,37.616229600000004,-93.39828174,29167.0,3,3,0,0,3,3,32201,0,0,0,0,0
2020-05-28,US,Missouri,Pulaski,34,1,0,37.82462075,-92.20783203,29169.0,33,34,1,0,33,33,52014,0,0,0,0,1
2020-05-28,US,Missouri,Ralls,3,0,0,39.52817427,-91.51838643,29173.0,3,3,0,0,3,3,10212,0,0,0,0,0
2020-05-28,US,Missouri,Randolph,9,0,0,39.44007257,-92.49713740000001,29175.0,9,9,0,0,9,9,24763,0,0,0,0,0
2020-05-28,US,Missouri,Ray,19,0,0,39.353746799999996,-93.98905745,29177.0,19,19,0,0,19,18,22883,0,0,0,0,1
2020-05-28,US,Missouri,Reynolds,2,0,0,37.36085952,-90.97009925,29179.0,2,2,0,0,2,2,6254,0,0,0,0,0
2020-05-28,US,Missouri,Ripley,7,0,0,36.65460667,-90.85990261,29181.0,7,7,0,0,7,7,13401,0,0,0,0,0
2020-05-28,US,Missouri,Saline,268,2,0,39.13734288,-93.20259964,29195.0,266,268,2,0,266,268,22895,0,0,0,0,0
2020-05-28,US,Missouri,Scotland,4,0,0,40.45214695,-92.14709064,29199.0,4,4,0,0,4,4,4966,0,0,0,0,0
2020-05-28,US,Missouri,Scott,98,9,0,37.05588075,-89.56474493,29201.0,89,94,8,0,86,94,38458,4,1,0,3,0
2020-05-28,US,Missouri,Shelby,1,0,0,39.79742518,-92.07634971,29205.0,1,1,0,0,1,1,6050,0,0,0,0,0
2020-05-28,US,Missouri,St. Charles,763,55,0,38.77875681,-90.66662425,29183.0,708,755,54,0,701,748,399182,8,1,0,7,7
2020-05-28,US,Missouri,St. Clair,3,0,0,38.03699437,-93.77631447,29185.0,3,3,0,0,3,3,9395,0,0,0,0,0
2020-05-28,US,Missouri,St. Francois,33,2,0,37.81214171,-90.47598685,29187.0,31,33,2,0,31,33,66692,0,0,0,0,0
2020-05-28,US,Missouri,St. Louis,4832,395,0,38.63770039999999,-90.4458375,29189.0,4437,4832,388,0,4444,4690,996945,0,7,0,-7,142
2020-05-28,US,Missouri,St. Louis City,1906,118,0,38.63555736,-90.24349225,29510.0,1788,1884,117,0,1767,1867,302838,22,1,0,21,17
2020-05-28,US,Missouri,Ste. Genevieve,9,1,0,37.89090059,-90.1949941,29186.0,8,9,1,0,8,9,17888,0,0,0,0,0
2020-05-28,US,Missouri,Stoddard,76,0,0,36.85571651,-89.9444155,29207.0,76,74,0,0,74,74,29206,2,0,0,2,0
2020-05-28,US,Missouri,Stone,4,0,0,36.75000327,-93.45256475,29209.0,4,4,0,0,4,4,31749,0,0,0,0,0
2020-05-28,US,Missouri,Sullivan,54,0,0,40.2099105,-93.11150106,29211.0,54,53,0,0,53,53,6221,1,0,0,1,0
2020-05-28,US,Missouri,Taney,14,2,0,36.65465345,-93.04075153,29213.0,12,14,2,0,12,14,55852,0,0,0,0,0
2020-05-28,US,Missouri,Vernon,9,0,0,37.8457799,-94.34127305,29217.0,9,9,0,0,9,9,20528,0,0,0,0,0
2020-05-28,US,Missouri,Warren,28,0,0,38.76529479,-91.16124662,29219.0,28,28,0,0,28,28,34711,0,0,0,0,0
2020-05-28,US,Missouri,Washington,10,1,0,37.96130078,-90.87948158,29221.0,9,10,1,0,9,10,24943,0,0,0,0,0
2020-05-28,US,Missouri,Webster,17,0,0,37.2813734,-92.876329,29225.0,17,17,0,0,17,17,39109,0,0,0,0,0
2020-05-28,US,Missouri,Worth,4,0,0,40.47945588,-94.42328751,29227.0,4,4,0,0,4,4,2040,0,0,0,0,0
2020-05-28,US,Missouri,Wright,11,0,0,37.27029221,-92.46914488,29229.0,11,11,0,0,11,11,18378,0,0,0,0,0
2020-05-28,US,Montana,Beaverhead,1,0,0,45.13434354,-112.89846940000001,30001.0,1,1,0,0,1,1,9404,0,0,0,0,0
2020-05-28,US,Montana,Big Horn,12,0,0,45.42335905,-107.492347,30003.0,12,9,0,0,9,8,13338,3,0,0,3,1
2020-05-28,US,Montana,Broadwater,4,0,0,46.33277565,-111.49558130000001,30007.0,4,4,0,0,4,4,6085,0,0,0,0,0
2020-05-28,US,Montana,Carbon,6,0,0,45.22850116,-109.0274047,30009.0,6,6,0,0,6,6,10714,0,0,0,0,0
2020-05-28,US,Montana,Cascade,17,2,0,47.30797024,-111.3467922,30013.0,15,17,2,0,15,17,81643,0,0,0,0,0
2020-05-28,US,Montana,Deer Lodge,3,0,0,46.05953325,-113.073353,30023.0,3,3,0,0,3,3,9131,0,0,0,0,0
2020-05-28,US,Montana,Flathead,37,2,0,48.29575866,-114.05205690000001,30029.0,35,37,2,0,35,37,102106,0,0,0,0,0
2020-05-28,US,Montana,Gallatin,149,1,0,45.54486106,-111.1692571,30031.0,148,149,1,0,148,149,111876,0,0,0,0,0
2020-05-28,US,Montana,Glacier,6,0,0,48.70513576,-112.9934235,30035.0,6,6,0,0,6,6,13747,0,0,0,0,0
2020-05-28,US,Montana,Golden Valley,3,0,0,46.3816474,-109.17685220000001,30037.0,3,3,0,0,3,3,826,0,0,0,0,0
2020-05-28,US,Montana,Hill,1,0,0,48.62879827,-110.1129252,30041.0,1,1,0,0,1,1,16347,0,0,0,0,0
2020-05-28,US,Montana,Jefferson,3,0,0,46.14907081,-112.094396,30043.0,3,3,0,0,3,3,12097,0,0,0,0,0
2020-05-28,US,Montana,Lake,5,0,0,47.64514965,-114.0898013,30047.0,5,5,0,0,5,5,30250,0,0,0,0,0
2020-05-28,US,Montana,Lewis and Clark,16,0,0,47.12610041,-112.39469799999999,30049.0,16,16,0,0,16,16,68700,0,0,0,0,0
2020-05-28,US,Montana,Liberty,1,0,0,48.56084317,-111.02430700000001,30051.0,1,1,0,0,1,1,2430,0,0,0,0,0
2020-05-28,US,Montana,Lincoln,7,1,0,48.54265777,-115.4046155,30053.0,6,7,1,0,6,7,19794,0,0,0,0,0
2020-05-28,US,Montana,Madison,8,1,0,45.30080065,-111.9173017,30057.0,7,8,1,0,7,8,8768,0,0,0,0,0
2020-05-28,US,Montana,Meagher,1,0,0,46.59907074,-110.8898557,30059.0,1,1,0,0,1,1,1866,0,0,0,0,0
2020-05-28,US,Montana,Missoula,39,1,0,47.03728583,-113.92135079999998,30063.0,38,39,1,0,38,39,118791,0,0,0,0,0
2020-05-28,US,Montana,Musselshell,1,0,0,46.49684637,-108.39498,30065.0,1,1,0,0,1,1,4651,0,0,0,0,0
2020-05-28,US,Montana,Park,8,0,0,45.48965095,-110.52643940000002,30067.0,8,8,0,0,8,8,16736,0,0,0,0,0
2020-05-28,US,Montana,Pondera,2,0,0,48.22773388,-112.22527029999999,30073.0,2,2,0,0,2,2,5972,0,0,0,0,0
2020-05-28,US,Montana,Ravalli,13,0,0,46.08520862,-114.11891640000002,30081.0,13,13,0,0,13,13,43172,0,0,0,0,0
2020-05-28,US,Montana,Richland,3,0,0,47.78668011,-104.5610786,30083.0,3,3,0,0,3,3,10913,0,0,0,0,0
2020-05-28,US,Montana,Roosevelt,7,0,0,48.29607488,-105.00792679999999,30085.0,7,7,0,0,7,7,11059,0,0,0,0,0
2020-05-28,US,Montana,Silver Bow,11,0,0,45.90018933,-112.6620092,30093.0,11,11,0,0,11,11,34993,0,0,0,0,0
2020-05-28,US,Montana,Stillwater,1,0,0,45.67071407,-109.3950061,30095.0,1,1,0,0,1,1,9534,0,0,0,0,0
2020-05-28,US,Montana,Toole,29,6,0,48.65577551,-111.69424140000001,30101.0,23,29,6,0,23,29,4853,0,0,0,0,0
2020-05-28,US,Montana,Wheatland,1,0,0,46.46652491,-109.84646359999999,30107.0,1,1,0,0,1,1,2236,0,0,0,0,0
2020-05-28,US,Montana,Yellowstone,90,3,0,45.93955949,-108.26914860000001,30111.0,87,89,3,0,86,88,160137,1,0,0,1,1
2020-05-28,US,Nebraska,Adams,265,11,0,40.52449420000001,-98.50117804,31001.0,254,264,11,0,253,265,31511,1,0,0,1,-1
2020-05-28,US,Nebraska,Antelope,8,0,0,42.17695516,-98.06662829999999,31003.0,8,8,0,0,8,8,6336,0,0,0,0,0
2020-05-28,US,Nebraska,Boone,4,0,0,41.70759415,-98.06737183,31011.0,4,3,0,0,3,3,5239,1,0,0,1,0
2020-05-28,US,Nebraska,Box Butte,2,0,0,42.22079243,-103.08788340000001,31013.0,2,2,0,0,2,2,10772,0,0,0,0,0
2020-05-28,US,Nebraska,Buffalo,150,1,0,40.85486962,-99.07500296,31019.0,149,148,1,0,147,145,49615,2,0,0,2,3
2020-05-28,US,Nebraska,Burt,9,0,0,41.85056773,-96.32605633,31021.0,9,9,0,0,9,9,6488,0,0,0,0,0
2020-05-28,US,Nebraska,Butler,47,0,0,41.22703692,-97.13106306,31023.0,47,45,0,0,45,45,8058,2,0,0,2,0
2020-05-28,US,Nebraska,Cass,42,0,0,40.90899107,-96.13971217,31025.0,42,40,0,0,40,39,26159,2,0,0,2,1
2020-05-28,US,Nebraska,Cedar,7,0,0,42.598885100000004,-97.25311951,31027.0,7,7,0,0,7,7,8446,0,0,0,0,0
2020-05-28,US,Nebraska,Chase,1,0,0,40.523719799999995,-101.69780259999999,31029.0,1,1,0,0,1,1,3977,0,0,0,0,0
2020-05-28,US,Nebraska,Cherry,1,0,0,42.54502621,-101.1244332,31031.0,1,1,0,0,1,1,5761,0,0,0,0,0
2020-05-28,US,Nebraska,Cheyenne,9,0,0,41.21999357,-102.9941693,31033.0,9,9,0,0,9,9,9310,0,0,0,0,0
2020-05-28,US,Nebraska,Clay,24,0,0,40.52439441,-98.05126296,31035.0,24,24,0,0,24,23,6214,0,0,0,0,1
2020-05-28,US,Nebraska,Colfax,609,2,0,41.57486951,-97.0868542,31037.0,607,604,2,0,602,604,10881,5,0,0,5,0
2020-05-28,US,Nebraska,Cuming,31,0,0,41.91637624,-96.78730772,31039.0,31,31,0,0,31,31,8940,0,0,0,0,0
2020-05-28,US,Nebraska,Custer,31,4,0,41.39374521,-99.72805369,31041.0,27,31,4,0,27,31,10840,0,0,0,0,0
2020-05-28,US,Nebraska,Dakota,1650,15,0,42.39040144,-96.56656425,31043.0,1635,1639,15,0,1624,1639,20083,11,0,0,11,0
2020-05-28,US,Nebraska,Dawes,1,0,0,42.71985036,-103.1313774,31045.0,1,1,0,0,1,1,8716,0,0,0,0,0
2020-05-28,US,Nebraska,Dawson,833,7,0,40.87028216,-99.82014609999999,31047.0,826,827,7,0,820,826,23709,6,0,0,6,1
2020-05-28,US,Nebraska,Dixon,26,0,0,42.49188363,-96.86782408,31051.0,26,25,0,0,25,25,5709,1,0,0,1,0
2020-05-28,US,Nebraska,Dodge,413,1,0,41.58071748,-96.65598179,31053.0,412,407,1,0,406,390,36791,6,0,0,6,17
2020-05-28,US,Nebraska,Douglas,3736,23,0,41.29518299,-96.15085305,31055.0,3713,3583,23,0,3560,3329,566880,153,0,0,153,254
2020-05-28,US,Nebraska,Fillmore,5,0,0,40.52458567,-97.59646937,31059.0,5,5,0,0,5,5,5527,0,0,0,0,0
2020-05-28,US,Nebraska,Franklin,6,0,0,40.17636348,-98.95299073,31061.0,6,6,0,0,6,6,3023,0,0,0,0,0
2020-05-28,US,Nebraska,Frontier,1,0,0,40.52993007,-100.3924658,31063.0,1,1,0,0,1,1,2608,0,0,0,0,0
2020-05-28,US,Nebraska,Furnas,8,0,0,40.17642064,-99.91247454,31065.0,8,8,0,0,8,8,4715,0,0,0,0,0
2020-05-28,US,Nebraska,Gage,44,3,0,40.26186809,-96.68946704,31067.0,41,44,3,0,41,44,21493,0,0,0,0,0
2020-05-28,US,Nebraska,Gosper,13,0,0,40.51481965,-99.83020279,31073.0,13,13,0,0,13,13,1996,0,0,0,0,0
2020-05-28,US,Nebraska,Greeley,2,0,0,41.56742671,-98.52150266,31077.0,2,2,0,0,2,3,2356,0,0,0,0,-1
2020-05-28,US,Nebraska,Hall,1476,39,0,40.87257079,-98.50218293,31079.0,1437,1472,39,0,1433,1470,61607,4,0,0,4,2
2020-05-28,US,Nebraska,Hamilton,54,10,0,40.87349452,-98.02099117,31081.0,44,54,10,0,44,54,9280,0,0,0,0,0
2020-05-28,US,Nebraska,Harlan,1,0,0,40.17658508,-99.40438879,31083.0,1,1,0,0,1,1,3401,0,0,0,0,0
2020-05-28,US,Nebraska,Hitchcock,1,0,0,40.17609175,-101.04164770000001,31087.0,1,1,0,0,1,1,2806,0,0,0,0,0
2020-05-28,US,Nebraska,Holt,1,0,0,42.45522056,-98.78402558,31089.0,1,1,0,0,1,1,10178,0,0,0,0,0
2020-05-28,US,Nebraska,Howard,40,0,0,41.2200529,-98.5166499,31093.0,40,40,0,0,40,40,6468,0,0,0,0,0
2020-05-28,US,Nebraska,Jefferson,6,0,0,40.17584531,-97.142601,31095.0,6,6,0,0,6,6,7097,0,0,0,0,0
2020-05-28,US,Nebraska,Johnson,7,0,0,40.39257596,-96.26522753,31097.0,7,7,0,0,7,7,5134,0,0,0,0,0
2020-05-28,US,Nebraska,Kearney,12,0,0,40.50663314,-98.94877182,31099.0,12,12,0,0,12,12,6544,0,0,0,0,0
2020-05-28,US,Nebraska,Keith,2,0,0,41.19930341,-101.66201640000001,31101.0,2,2,0,0,2,2,8021,0,0,0,0,0
2020-05-28,US,Nebraska,Kimball,8,0,0,41.19774275,-103.7148131,31105.0,8,8,0,0,8,8,3618,0,0,0,0,0
2020-05-28,US,Nebraska,Knox,10,0,0,42.63758421,-97.89178836,31107.0,10,10,0,0,10,10,8419,0,0,0,0,0
2020-05-28,US,Nebraska,Lancaster,1140,6,0,40.78416049,-96.68777155,31109.0,1134,1119,6,0,1113,1098,317272,21,0,0,21,21
2020-05-28,US,Nebraska,Lincoln,47,2,0,41.04658298,-100.74753740000001,31111.0,45,47,2,0,45,47,35185,0,0,0,0,0
2020-05-28,US,Nebraska,Madison,306,3,0,41.91676024,-97.6005481,31119.0,303,305,3,0,302,299,35392,1,0,0,1,6
2020-05-28,US,Nebraska,Merrick,33,0,0,41.16624273,-98.0374887,31121.0,33,33,0,0,33,32,7733,0,0,0,0,1
2020-05-28,US,Nebraska,Morrill,11,0,0,41.71711774,-103.0061405,31123.0,11,11,0,0,11,11,4686,0,0,0,0,0
2020-05-28,US,Nebraska,Nance,5,0,0,41.39750195,-97.99327291,31125.0,5,5,0,0,5,5,3532,0,0,0,0,0
2020-05-28,US,Nebraska,Nemaha,3,0,0,40.38514847,-95.85433992,31127.0,3,3,0,0,3,3,6958,0,0,0,0,0
2020-05-28,US,Nebraska,Nuckolls,1,0,0,40.17637905,-98.04743961,31129.0,1,1,0,0,1,1,4195,0,0,0,0,0
2020-05-28,US,Nebraska,Otoe,6,0,0,40.64843556,-96.13374142,31131.0,6,6,0,0,6,6,15985,0,0,0,0,0
2020-05-28,US,Nebraska,Phelps,20,0,0,40.51156033,-99.41461667,31137.0,20,20,0,0,20,20,8996,0,0,0,0,0
2020-05-28,US,Nebraska,Pierce,5,0,0,42.26434853,-97.60122773,31139.0,5,3,0,0,3,3,7142,2,0,0,2,0
2020-05-28,US,Nebraska,Platte,549,1,0,41.57246836,-97.52144359,31141.0,548,547,1,0,546,534,33363,2,0,0,2,13
2020-05-28,US,Nebraska,Polk,10,0,0,41.18813488,-97.56630712,31143.0,10,10,0,0,10,9,5278,0,0,0,0,1
2020-05-28,US,Nebraska,Red Willow,5,0,0,40.17556879999999,-100.476998,31145.0,5,5,0,0,5,5,10726,0,0,0,0,0
2020-05-28,US,Nebraska,Richardson,1,0,0,40.1247415,-95.71755036,31147.0,1,1,0,0,1,1,7937,0,0,0,0,0
2020-05-28,US,Nebraska,Saline,495,1,0,40.52418865,-97.14085859,31151.0,494,491,1,0,490,484,14350,4,0,0,4,7
2020-05-28,US,Nebraska,Sarpy,531,2,0,41.11314181,-96.11156432,31153.0,529,503,2,0,501,476,184459,28,0,0,28,27
2020-05-28,US,Nebraska,Saunders,33,1,0,41.227810299999994,-96.63773905,31155.0,32,31,1,0,30,30,21303,2,0,0,2,1
2020-05-28,US,Nebraska,Scotts Bluff,84,0,0,41.85070896,-103.70809859999999,31157.0,84,75,0,0,75,72,35989,9,0,0,9,3
2020-05-28,US,Nebraska,Seward,27,1,0,40.87241834,-97.139673,31159.0,26,27,1,0,26,27,17318,0,0,0,0,0
2020-05-28,US,Nebraska,Sherman,4,0,0,41.22045983,-98.97588642,31163.0,4,4,0,0,4,4,3038,0,0,0,0,0
2020-05-28,US,Nebraska,Stanton,21,0,0,41.9169835,-97.19394708,31167.0,21,21,0,0,21,20,5970,0,0,0,0,1
2020-05-28,US,Nebraska,Thomas,1,0,0,41.91358968,-100.5556632,31171.0,1,1,0,0,1,1,720,0,0,0,0,0
2020-05-28,US,Nebraska,Thurston,38,0,0,42.15725356,-96.54157099,31173.0,38,37,0,0,37,34,7303,1,0,0,1,3
2020-05-28,US,Nebraska,Unassigned,192,29,0,0.0,0.0,90031.0,163,192,19,0,173,189,,0,10,0,-10,3
2020-05-28,US,Nebraska,Valley,3,0,0,41.56730777,-98.98197724,31175.0,3,3,0,0,3,3,4190,0,0,0,0,0
2020-05-28,US,Nebraska,Washington,28,1,0,41.52815707,-96.22019892,31177.0,27,28,1,0,27,27,20667,0,0,0,0,1
2020-05-28,US,Nebraska,Wayne,14,0,0,42.20934475,-97.11926964,31179.0,14,13,0,0,13,13,9403,1,0,0,1,0
2020-05-28,US,Nebraska,Webster,5,0,0,40.17642643,-98.50019851,31181.0,5,5,0,0,5,5,3533,0,0,0,0,0
2020-05-28,US,Nebraska,York,35,0,0,40.87272618,-97.59710186,31185.0,35,35,0,0,35,35,13772,0,0,0,0,0
2020-05-28,US,Nevada,Carson City,94,4,0,39.15509045,-119.7480219,32510.0,90,91,4,0,87,90,55414,3,0,0,3,1
2020-05-28,US,Nevada,Churchill,7,1,0,39.58105744,-118.3394607,32001.0,6,7,1,0,6,7,24440,0,0,0,0,0
2020-05-28,US,Nevada,Clark,6352,339,0,36.21458855,-115.0130241,32003.0,6013,6287,331,0,5956,6226,2231647,65,8,0,57,61
2020-05-28,US,Nevada,Douglas,30,0,0,38.912862,-119.61713329999999,32005.0,30,30,0,0,30,29,48467,0,0,0,0,1
2020-05-28,US,Nevada,Elko,24,1,0,41.14531606,-115.3577619,32007.0,23,24,1,0,23,22,52460,0,0,0,0,2
2020-05-28,US,Nevada,Humboldt,78,4,0,41.40692186,-118.11094270000001,32013.0,74,78,4,0,74,78,16786,0,0,0,0,0
2020-05-28,US,Nevada,Lander,20,0,0,39.933223299999995,-117.03970749999999,32015.0,20,20,0,0,20,20,5575,0,0,0,0,0
2020-05-28,US,Nevada,Lincoln,2,0,0,37.64268459,-114.8790388,32017.0,2,2,0,0,2,2,5201,0,0,0,0,0
2020-05-28,US,Nevada,Lyon,57,1,0,39.01777974,-119.18704790000001,32019.0,56,56,0,0,56,56,55808,1,1,0,0,0
2020-05-28,US,Nevada,Mineral,4,0,0,38.53841696,-118.4344506,32021.0,4,4,0,0,4,4,4514,0,0,0,0,0
2020-05-28,US,Nevada,Nye,61,1,0,38.04264256,-116.47227020000001,32023.0,60,61,1,0,60,59,45346,0,0,0,0,2
2020-05-28,US,Nevada,Storey,1,0,0,39.44875482,-119.5250207,32029.0,1,1,0,0,1,1,4029,0,0,0,0,0
2020-05-28,US,Nevada,Washoe,1514,55,0,40.66562265,-119.6631594,32031.0,1459,1485,54,0,1431,1459,465735,29,1,0,28,26
2020-05-28,US,Nevada,White Pine,4,0,0,39.44157041,-114.89996599999999,32033.0,4,4,0,0,4,4,9475,0,0,0,0,0
2020-05-28,US,New Hampshire,Belknap,57,0,0,43.51637314,-71.41684235,33001.0,57,57,0,0,57,56,61022,0,0,0,0,1
2020-05-28,US,New Hampshire,Carroll,46,0,0,43.87498583,-71.20430216,33003.0,46,46,0,0,46,46,48779,0,0,0,0,0
2020-05-28,US,New Hampshire,Cheshire,55,2,0,42.92015988,-72.25311043,33005.0,53,54,2,0,52,54,76493,1,0,0,1,0
2020-05-28,US,New Hampshire,Coos,5,0,0,44.69063265,-71.30633239,33007.0,5,5,0,0,5,5,31589,0,0,0,0,0
2020-05-28,US,New Hampshire,Grafton,74,1,0,43.93779815,-71.82057197,33009.0,73,72,1,0,71,69,89786,2,0,0,2,3
2020-05-28,US,New Hampshire,Hillsborough,2254,81,0,42.91537785,-71.7200253,33011.0,2173,2183,81,0,2102,2149,415247,71,0,0,71,34
2020-05-28,US,New Hampshire,Merrimack,331,13,0,43.29662971,-71.6811573,33013.0,318,327,13,0,314,324,151132,4,0,0,4,3
2020-05-28,US,New Hampshire,Rockingham,1277,62,0,42.98499744,-71.12883377,33015.0,1215,1254,62,0,1192,1240,309176,23,0,0,23,14
2020-05-28,US,New Hampshire,Strafford,263,12,0,43.291833000000004,-71.02336013,33017.0,251,261,12,0,249,259,130090,2,0,0,2,2
2020-05-28,US,New Hampshire,Sullivan,17,1,0,43.36094111,-72.22203125,33019.0,16,17,1,0,16,17,43144,0,0,0,0,0
2020-05-28,US,New Hampshire,Unassigned,10,60,0,0.0,0.0,90033.0,-50,10,51,0,-41,12,,0,9,0,-9,-2
2020-05-28,US,New Jersey,Atlantic,2120,156,0,39.47538693,-74.65848483,34001.0,1964,2087,155,0,1932,2049,265429,33,1,0,32,38
2020-05-28,US,New Jersey,Bergen,18158,1553,0,40.96010917,-74.07164325,34003.0,16605,18023,1547,0,16476,17963,936692,135,6,0,129,60
2020-05-28,US,New Jersey,Burlington,4476,277,0,39.87681124,-74.66927768,34005.0,4199,4432,275,0,4157,4381,445384,44,2,0,42,51
2020-05-28,US,New Jersey,Camden,6292,318,0,39.80343818,-74.96388753,34007.0,5974,6227,313,0,5914,6171,507078,65,5,0,60,56
2020-05-28,US,New Jersey,Cape May,602,48,0,39.15008829,-74.80170244,34009.0,554,592,48,0,544,571,92560,10,0,0,10,21
2020-05-28,US,New Jersey,Cumberland,2146,65,0,39.37199394,-75.10712559,34011.0,2081,2098,65,0,2033,2024,150972,48,0,0,48,74
2020-05-28,US,New Jersey,Essex,17516,1636,0,40.78681335,-74.24657979,34013.0,15880,17338,1624,0,15714,17279,799767,178,12,0,166,59
2020-05-28,US,New Jersey,Gloucester,2165,143,0,39.71581067,-75.13995546,34015.0,2022,2130,140,0,1990,2103,291408,35,3,0,32,27
2020-05-28,US,New Jersey,Hudson,18660,1161,0,40.73766234,-74.07515667,34017.0,17499,18606,1158,0,17448,18927,676061,54,3,0,51,-321
2020-05-28,US,New Jersey,Hunterdon,974,58,0,40.56335249,-74.91284156,34019.0,916,973,57,0,916,967,124714,1,1,0,0,6
2020-05-28,US,New Jersey,Mercer,6670,462,0,40.28047017,-74.70479631,34021.0,6208,6592,458,0,6134,6544,369811,78,4,0,74,48
2020-05-28,US,New Jersey,Middlesex,15633,968,0,40.43629879,-74.41426991,34023.0,14665,15547,964,0,14583,15499,829685,86,4,0,82,48
2020-05-28,US,New Jersey,Monmouth,8012,578,0,40.26549699,-74.22240686,34025.0,7434,7961,575,0,7386,7911,621354,51,3,0,48,50
2020-05-28,US,New Jersey,Morris,6354,605,0,40.86095313,-74.54553709999998,34027.0,5749,6289,600,0,5689,6279,494228,65,5,0,60,10
2020-05-28,US,New Jersey,Ocean,8577,711,0,39.8895449,-74.28089251,34029.0,7866,8514,704,0,7810,8462,601651,63,7,0,56,52
2020-05-28,US,New Jersey,Passaic,15959,903,0,41.03238628,-74.29954144,34031.0,15056,15873,899,0,14974,15826,503310,86,4,0,82,47
2020-05-28,US,New Jersey,Salem,592,34,0,39.58719656,-75.34696629999998,34033.0,558,579,32,0,547,573,62607,13,2,0,11,6
2020-05-28,US,New Jersey,Somerset,4522,410,0,40.56465737,-74.61683016,34035.0,4112,4505,408,0,4097,4489,331164,17,2,0,15,16
2020-05-28,US,New Jersey,Sussex,1104,147,0,41.13891592,-74.69118243,34037.0,957,1095,146,0,949,1089,140799,9,1,0,8,6
2020-05-28,US,New Jersey,Unassigned,32,0,0,0.0,0.0,90034.0,32,698,0,0,698,228,,-666,0,0,-666,470
2020-05-28,US,New Jersey,Union,15475,1047,0,40.65835409,-74.30680092,34039.0,14428,15324,1042,0,14282,15293,558067,151,5,0,146,31
2020-05-28,US,New Jersey,Warren,1146,129,0,40.85951833,-74.99556527,34041.0,1017,1145,129,0,1016,1136,105779,1,0,0,1,9
2020-05-28,US,New Mexico,Bernalillo,1434,70,0,35.05163625,-106.6703554,35001.0,1364,1383,69,0,1314,1362,678701,51,1,0,50,21
2020-05-28,US,New Mexico,Catron,2,1,0,33.91514144,-108.4046587,35003.0,1,2,1,0,1,2,3578,0,0,0,0,0
2020-05-28,US,New Mexico,Chaves,42,2,0,33.36406072,-104.4665365,35005.0,40,42,2,0,40,42,64689,0,0,0,0,0
2020-05-28,US,New Mexico,Cibola,136,5,0,34.91131525,-107.998876,35006.0,131,134,5,0,129,130,26746,2,0,0,2,4
2020-05-28,US,New Mexico,Colfax,5,0,0,36.60569702,-104.64726740000002,35007.0,5,5,0,0,5,5,12110,0,0,0,0,0
2020-05-28,US,New Mexico,Curry,51,0,0,34.57421077,-103.34688759999999,35009.0,51,50,0,0,50,49,49437,1,0,0,1,1
2020-05-28,US,New Mexico,Dona Ana,442,2,0,32.35275771,-106.83293870000001,35013.0,440,439,2,0,437,428,217522,3,0,0,3,11
2020-05-28,US,New Mexico,Eddy,21,1,0,32.47167456,-104.3053527,35015.0,20,19,1,0,18,19,57900,2,0,0,2,0
2020-05-28,US,New Mexico,Grant,15,0,0,32.73911281,-108.3827845,35017.0,15,15,0,0,15,15,27346,0,0,0,0,0
2020-05-28,US,New Mexico,Guadalupe,20,0,0,34.86319296,-104.790669,35019.0,20,20,0,0,20,20,4341,0,0,0,0,0
2020-05-28,US,New Mexico,Harding,1,0,0,35.85751555,-103.82209379999999,35021.0,1,1,0,0,1,1,655,0,0,0,0,0
2020-05-28,US,New Mexico,Hidalgo,1,0,0,31.91383467,-108.7151824,35023.0,1,1,0,0,1,1,4240,0,0,0,0,0
2020-05-28,US,New Mexico,Lea,24,0,0,32.79215361,-103.4123733,35025.0,24,24,0,0,24,24,69611,0,0,0,0,0
2020-05-28,US,New Mexico,Lincoln,2,0,0,33.74526079,-105.4586166,35027.0,2,2,0,0,2,2,19556,0,0,0,0,0
2020-05-28,US,New Mexico,Los Alamos,6,0,0,35.86631386,-106.31349850000001,35028.0,6,6,0,0,6,6,19101,0,0,0,0,0
2020-05-28,US,New Mexico,Luna,7,1,0,32.18179341,-107.75088259999998,35029.0,6,7,1,0,6,7,23963,0,0,0,0,0
2020-05-28,US,New Mexico,McKinley,2291,100,0,35.58007720000001,-108.262245,35031.0,2191,2270,97,0,2173,2236,72290,21,3,0,18,34
2020-05-28,US,New Mexico,Otero,18,2,0,32.61348406,-105.7417604,35035.0,16,17,2,0,15,17,66781,1,0,0,1,0
2020-05-28,US,New Mexico,Quay,5,1,0,35.10403332,-103.54817270000001,35037.0,4,5,1,0,4,5,8253,0,0,0,0,0
2020-05-28,US,New Mexico,Rio Arriba,41,1,0,36.51072137,-106.69316740000001,35039.0,40,38,0,0,38,37,39006,3,1,0,2,1
2020-05-28,US,New Mexico,Roosevelt,37,0,0,34.02097406,-103.4799493,35041.0,37,37,0,0,37,36,18743,0,0,0,0,1
2020-05-28,US,New Mexico,San Juan,1662,114,0,36.50838318,-108.32043700000001,35045.0,1548,1642,113,0,1529,1605,125043,20,1,0,19,37
2020-05-28,US,New Mexico,San Miguel,14,0,0,35.48014807,-104.8163562,35047.0,14,14,0,0,14,15,27591,0,0,0,0,-1
2020-05-28,US,New Mexico,Sandoval,556,26,0,35.68862401,-106.86878030000001,35043.0,530,551,26,0,525,546,145179,5,0,0,5,5
2020-05-28,US,New Mexico,Santa Fe,138,3,0,35.50708973,-105.9774716,35049.0,135,137,3,0,134,133,150056,1,0,0,1,4
2020-05-28,US,New Mexico,Sierra,1,0,0,33.13028233,-107.1925893,35051.0,1,1,0,0,1,1,10968,0,0,0,0,0
2020-05-28,US,New Mexico,Socorro,50,4,0,34.00715494,-106.9298354,35053.0,46,49,4,0,45,49,16735,1,0,0,1,0
2020-05-28,US,New Mexico,Taos,24,0,0,36.58006022,-105.63101979999999,35055.0,24,24,0,0,24,24,32835,0,0,0,0,0
2020-05-28,US,New Mexico,Torrance,33,1,0,34.64048375,-105.8508949,35057.0,32,33,1,0,32,32,15591,0,0,0,0,1
2020-05-28,US,New Mexico,Unassigned,209,0,0,0.0,0.0,90035.0,209,208,0,0,208,205,,1,0,0,1,3
2020-05-28,US,New Mexico,Union,3,0,0,36.48126404,-103.4709624,35059.0,3,3,0,0,3,3,4118,0,0,0,0,0
2020-05-28,US,New Mexico,Valencia,73,1,0,34.71669834,-106.8103733,35061.0,72,73,1,0,72,73,76456,0,0,0,0,0
2020-05-28,US,New York,Albany,1814,76,0,42.60060306,-73.97723916,36001.0,1738,1796,76,0,1720,1793,307117,18,0,0,18,3
2020-05-28,US,New York,Allegany,45,0,0,42.25748406,-78.02750466,36003.0,45,45,0,0,45,44,46430,0,0,0,0,1
2020-05-28,US,New York,Broome,545,44,0,42.15903158,-75.81326086,36007.0,501,528,44,0,484,522,191659,17,0,0,17,6
2020-05-28,US,New York,Cattaraugus,85,0,0,42.24778241,-78.67923096,36009.0,85,82,0,0,82,81,76840,3,0,0,3,1
2020-05-28,US,New York,Cayuga,84,1,0,42.91261714,-76.55731592,36011.0,83,80,1,0,79,78,77145,4,0,0,4,2
2020-05-28,US,New York,Chautauqua,81,4,0,42.22769210000001,-79.36691763,36013.0,77,78,4,0,74,77,127939,3,0,0,3,1
2020-05-28,US,New York,Chemung,136,1,0,42.13891056,-76.7638805,36015.0,135,136,1,0,135,136,84254,0,0,0,0,0
2020-05-28,US,New York,Chenango,126,0,0,42.49430041,-75.60887553,36017.0,126,125,0,0,125,123,47536,1,0,0,1,2
2020-05-28,US,New York,Clinton,95,4,0,44.74530905,-73.67875352,36019.0,91,95,4,0,91,95,80695,0,0,0,0,0
2020-05-28,US,New York,Columbia,380,32,0,42.24819348,-73.63089095,36021.0,348,380,32,0,348,373,59916,0,0,0,0,7
2020-05-28,US,New York,Cortland,39,0,0,42.59509207,-76.07048931,36023.0,39,39,0,0,39,39,47823,0,0,0,0,0
2020-05-28,US,New York,Delaware,78,4,0,42.19837623,-74.96709306,36025.0,74,78,4,0,74,77,44527,0,0,0,0,1
2020-05-28,US,New York,Dutchess,3867,138,0,41.76486060000001,-73.74356679,36027.0,3729,3847,138,0,3709,3834,293718,20,0,0,20,13
2020-05-28,US,New York,Erie,5886,504,0,42.76249024,-78.73063652,36029.0,5382,5810,504,0,5306,5753,919719,76,0,0,76,57
2020-05-28,US,New York,Essex,36,0,0,44.11630765,-73.77297842,36031.0,36,36,0,0,36,36,37300,0,0,0,0,0
2020-05-28,US,New York,Franklin,20,0,0,44.59040891,-74.29926032,36033.0,20,20,0,0,20,20,50293,0,0,0,0,0
2020-05-28,US,New York,Fulton,200,18,0,43.11363907,-74.41798804,36035.0,182,198,18,0,180,196,53591,2,0,0,2,2
2020-05-28,US,New York,Genesee,197,4,0,43.0022601,-78.19135193,36037.0,193,195,4,0,191,193,57511,2,0,0,2,2
2020-05-28,US,New York,Greene,236,18,0,42.275797,-74.12384884,36039.0,218,231,18,0,213,225,47491,5,0,0,5,6
2020-05-28,US,New York,Hamilton,5,0,0,43.66146647,-74.49721957,36041.0,5,5,0,0,5,5,4434,0,0,0,0,0
2020-05-28,US,New York,Herkimer,106,3,0,43.42034246,-74.96145307,36043.0,103,105,3,0,102,103,61833,1,0,0,1,2
2020-05-28,US,New York,Jefferson,72,0,0,44.04200959,-75.94653457,36045.0,72,72,0,0,72,72,111755,0,0,0,0,0
2020-05-28,US,New York,Lewis,20,0,0,43.784415700000004,-75.44903992,36049.0,20,20,0,0,20,20,26447,0,0,0,0,0
2020-05-28,US,New York,Livingston,118,7,0,42.72596275,-77.77966158,36051.0,111,118,7,0,111,118,63227,0,0,0,0,0
2020-05-28,US,New York,Madison,310,10,0,42.91653905,-75.67266639,36053.0,300,310,10,0,300,303,70795,0,0,0,0,7
2020-05-28,US,New York,Monroe,2824,198,0,43.14638895,-77.69322942,36055.0,2626,2791,198,0,2593,2762,742474,33,0,0,33,29
2020-05-28,US,New York,Montgomery,82,4,0,42.90123494,-74.44011632,36057.0,78,82,4,0,78,80,49455,0,0,0,0,2
2020-05-28,US,New York,Nassau,40140,2114,0,40.74066522,-73.58941873,36059.0,38026,40034,2137,0,37897,39974,1358343,106,-23,0,129,60
2020-05-28,US,New York,New York City,201051,21415,0,40.76727260000001,-73.97152637,36061.0,179636,199968,21362,0,178606,199301,1628701,1083,53,0,1030,667
2020-05-28,US,New York,Niagara,984,63,0,43.19898042,-78.74777412,36063.0,921,972,63,0,909,965,210433,12,0,0,12,7
2020-05-28,US,New York,Oneida,959,46,0,43.24375382,-75.43710392,36065.0,913,929,46,0,883,917,229577,30,0,0,30,12
2020-05-28,US,New York,Onondaga,2054,127,0,43.00491923,-76.19971155,36067.0,1927,2033,127,0,1906,2012,461809,21,0,0,21,21
2020-05-28,US,New York,Ontario,201,9,0,42.85145728,-77.30874425,36069.0,192,198,9,0,189,195,109864,3,0,0,3,3
2020-05-28,US,New York,Orange,10325,443,0,41.40337468,-74.30240757,36071.0,9882,10292,443,0,9849,10277,381951,33,0,0,33,15
2020-05-28,US,New York,Orleans,212,33,0,43.2516977,-78.2320066,36073.0,179,210,33,0,177,208,40612,2,0,0,2,2
2020-05-28,US,New York,Oswego,107,3,0,43.42778894,-76.14635194,36075.0,104,105,3,0,102,104,117898,2,0,0,2,1
2020-05-28,US,New York,Otsego,70,5,0,42.63492579,-75.03151402,36077.0,65,69,5,0,64,69,59749,1,0,0,1,0
2020-05-28,US,New York,Putnam,1236,58,0,41.42630093,-73.74965532,36079.0,1178,1227,58,0,1169,1222,98892,9,0,0,9,5
2020-05-28,US,New York,Rensselaer,469,28,0,42.71348136,-73.51089874,36083.0,441,466,28,0,438,466,159442,3,0,0,3,0
2020-05-28,US,New York,Rockland,13076,626,0,41.15027894,-74.02560498,36087.0,12450,13047,626,0,12421,13019,325695,29,0,0,29,28
2020-05-28,US,New York,Saratoga,468,11,0,43.10904162,-73.86653895,36091.0,457,465,11,0,454,463,230163,3,0,0,3,2
2020-05-28,US,New York,Schenectady,676,29,0,42.81668777,-74.05278291,36093.0,647,673,29,0,644,668,155350,3,0,0,3,5
2020-05-28,US,New York,Schoharie,49,0,0,42.58831742,-74.44339029999998,36095.0,49,49,0,0,49,49,31097,0,0,0,0,0
2020-05-28,US,New York,Schuyler,11,0,0,42.39184015,-76.8773299,36097.0,11,11,0,0,11,11,17912,0,0,0,0,0
2020-05-28,US,New York,Seneca,56,0,0,42.78081007,-76.82497064,36099.0,56,55,0,0,55,55,34300,1,0,0,1,0
2020-05-28,US,New York,St. Lawrence,201,2,0,44.4976179,-75.06550039,36089.0,199,200,2,0,198,197,108047,1,0,0,1,3
2020-05-28,US,New York,Steuben,241,41,0,42.2689144,-77.3829924,36101.0,200,241,41,0,200,240,95796,0,0,0,0,1
2020-05-28,US,New York,Suffolk,39359,1871,0,40.88320119,-72.8012172,36103.0,37488,39258,1861,0,37397,39199,1481093,101,10,0,91,59
2020-05-28,US,New York,Sullivan,1351,30,0,41.71579493,-74.76394559,36105.0,1321,1340,30,0,1310,1338,75498,11,0,0,11,2
2020-05-28,US,New York,Tioga,126,21,0,42.16852837,-76.30835812,36107.0,105,124,21,0,103,122,48560,2,0,0,2,2
2020-05-28,US,New York,Tompkins,156,0,0,42.44945765,-76.47229843,36109.0,156,155,0,0,155,154,102793,1,0,0,1,1
2020-05-28,US,New York,Ulster,1658,74,0,41.89027881,-74.26252104,36111.0,1584,1645,74,0,1571,1638,178599,13,0,0,13,7
2020-05-28,US,New York,Warren,253,26,0,43.56173026,-73.8433699,36113.0,227,252,26,0,226,251,64265,1,0,0,1,1
2020-05-28,US,New York,Washington,231,13,0,43.31153794,-73.43043448,36115.0,218,228,13,0,215,228,61197,3,0,0,3,0
2020-05-28,US,New York,Wayne,112,3,0,43.15494365,-77.02976528,36117.0,109,110,3,0,107,110,90064,2,0,0,2,0
2020-05-28,US,New York,Westchester,33293,1357,0,41.16278376,-73.75741653,36119.0,31936,33186,1352,0,31834,33107,967612,107,5,0,102,79
2020-05-28,US,New York,Wyoming,82,5,0,42.70145109,-78.22199579,36121.0,77,82,5,0,77,82,40085,0,0,0,0,0
2020-05-28,US,New York,Yates,39,6,0,42.63505484,-77.10369919,36123.0,33,39,6,0,33,37,24841,0,0,0,0,2
2020-05-28,US,North Carolina,Alamance,325,24,0,36.0434701,-79.39976137,37001.0,301,305,23,0,282,300,166436,20,1,0,19,5
2020-05-28,US,North Carolina,Alexander,30,0,0,35.922379600000006,-81.17751948,37003.0,30,28,0,0,28,27,37353,2,0,0,2,1
2020-05-28,US,North Carolina,Alleghany,14,0,0,36.49360862,-81.12857041,37005.0,14,14,0,0,14,13,11161,0,0,0,0,1
2020-05-28,US,North Carolina,Anson,64,1,0,34.97403241,-80.09953279,37007.0,63,62,1,0,61,62,24877,2,0,0,2,0
2020-05-28,US,North Carolina,Ashe,35,0,0,36.43296207,-81.49862729,37009.0,35,35,0,0,35,35,27109,0,0,0,0,0
2020-05-28,US,North Carolina,Avery,2,0,0,36.07569796,-81.92308483,37011.0,2,2,0,0,2,2,17505,0,0,0,0,0
2020-05-28,US,North Carolina,Beaufort,36,0,0,35.48531943,-76.84325809,37013.0,36,36,0,0,36,35,47079,0,0,0,0,1
2020-05-28,US,North Carolina,Bertie,118,4,0,36.0688473,-76.96545943,37015.0,114,115,4,0,111,115,19026,3,0,0,3,0
2020-05-28,US,North Carolina,Bladen,94,2,0,34.61296243,-78.56180059,37017.0,92,94,2,0,92,94,33190,0,0,0,0,0
2020-05-28,US,North Carolina,Brunswick,83,2,0,34.070565,-78.22814204,37019.0,81,81,2,0,79,76,136744,2,0,0,2,5
2020-05-28,US,North Carolina,Buncombe,303,23,0,35.61113393,-82.53305,37021.0,280,279,20,0,259,277,259103,24,3,0,21,2
2020-05-28,US,North Carolina,Burke,350,15,0,35.74989637,-81.70755735,37023.0,335,337,15,0,322,324,90382,13,0,0,13,13
2020-05-28,US,North Carolina,Cabarrus,457,22,0,35.3877799,-80.55267168,37025.0,435,457,22,0,435,456,211342,0,0,0,0,1
2020-05-28,US,North Carolina,Caldwell,120,2,0,35.95204977,-81.54799522,37027.0,118,114,2,0,112,107,82029,6,0,0,6,7
2020-05-28,US,North Carolina,Camden,3,0,0,36.33804939,-76.15568396,37029.0,3,3,0,0,3,3,10710,0,0,0,0,0
2020-05-28,US,North Carolina,Carteret,37,9,0,34.8932941,-76.54120135,37031.0,28,37,9,0,28,36,69524,0,0,0,0,1
2020-05-28,US,North Carolina,Caswell,57,1,0,36.39312665,-79.33353281,37033.0,56,55,1,0,54,55,22698,2,0,0,2,0
2020-05-28,US,North Carolina,Catawba,194,5,0,35.66211129,-81.2132617,37035.0,189,181,5,0,176,171,158652,13,0,0,13,10
2020-05-28,US,North Carolina,Chatham,595,26,0,35.70394416,-79.25541492,37037.0,569,588,26,0,562,588,73139,7,0,0,7,0
2020-05-28,US,North Carolina,Cherokee,30,1,0,35.1349263,-84.05970864,37039.0,29,30,1,0,29,30,28383,0,0,0,0,0
2020-05-28,US,North Carolina,Chowan,17,0,0,36.12908077,-76.60118385,37041.0,17,16,0,0,16,15,14029,1,0,0,1,1
2020-05-28,US,North Carolina,Clay,8,0,0,35.05704275,-83.74353633,37043.0,8,8,0,0,8,8,11139,0,0,0,0,0
2020-05-28,US,North Carolina,Cleveland,78,2,0,35.33553364,-81.55204486,37045.0,76,73,2,0,71,69,97645,5,0,0,5,4
2020-05-28,US,North Carolina,Columbus,323,26,0,34.26744084,-78.65801424,37047.0,297,306,24,0,282,306,55655,17,2,0,15,0
2020-05-28,US,North Carolina,Craven,192,5,0,35.11833364,-77.08398081,37049.0,187,192,4,0,188,192,102912,0,1,0,-1,0
2020-05-28,US,North Carolina,Cumberland,622,18,0,35.04762133,-78.82623165,37051.0,604,600,18,0,582,590,332330,22,0,0,22,10
2020-05-28,US,North Carolina,Currituck,15,0,0,36.36123664,-75.95876401,37053.0,15,13,0,0,13,11,27072,2,0,0,2,2
2020-05-28,US,North Carolina,Dare,22,3,0,35.66520691,-75.71767334,37055.0,19,22,3,0,19,22,36501,0,0,0,0,0
2020-05-28,US,North Carolina,Davidson,368,12,0,35.79115496,-80.21256572,37057.0,356,361,11,0,350,361,166614,7,1,0,6,0
2020-05-28,US,North Carolina,Davie,82,2,0,35.93099927,-80.54496571,37059.0,80,79,2,0,77,76,42733,3,0,0,3,3
2020-05-28,US,North Carolina,Duplin,744,16,0,34.93449805,-77.93140529,37061.0,728,707,16,0,691,670,58856,37,0,0,37,37
2020-05-28,US,North Carolina,Durham,1411,46,0,36.03638492,-78.87608331,37063.0,1365,1379,46,0,1333,1353,316739,32,0,0,32,26
2020-05-28,US,North Carolina,Edgecombe,190,9,0,35.91230639,-77.59436892,37065.0,181,190,9,0,181,190,52005,0,0,0,0,0
2020-05-28,US,North Carolina,Forsyth,1081,9,0,36.12859861,-80.25459052,37067.0,1072,1022,9,0,1013,1012,379099,59,0,0,59,10
2020-05-28,US,North Carolina,Franklin,156,22,0,36.081519,-78.28708884,37069.0,134,151,22,0,129,146,67560,5,0,0,5,5
2020-05-28,US,North Carolina,Gaston,255,8,0,35.29373559,-81.17477045,37071.0,247,255,7,0,248,255,222846,0,1,0,-1,0
2020-05-28,US,North Carolina,Gates,25,1,0,36.44667547,-76.69749701,37073.0,24,24,1,0,23,23,11573,1,0,0,1,1
2020-05-28,US,North Carolina,Graham,2,0,0,35.3506925,-83.83369267,37075.0,2,2,0,0,2,2,8484,0,0,0,0,0
2020-05-28,US,North Carolina,Granville,278,9,0,36.30337451,-78.65184241,37077.0,269,258,8,0,250,254,60115,20,1,0,19,4
2020-05-28,US,North Carolina,Greene,68,2,0,35.48544173,-77.67578087,37079.0,66,66,2,0,64,66,21012,2,0,0,2,0
2020-05-28,US,North Carolina,Guilford,1173,56,0,36.07959451,-79.78824948,37081.0,1117,1143,54,0,1089,1092,533670,30,2,0,28,51
2020-05-28,US,North Carolina,Halifax,167,1,0,36.25669272,-77.6556109,37083.0,166,157,1,0,156,152,50574,10,0,0,10,5
2020-05-28,US,North Carolina,Harnett,281,24,0,35.36731853,-78.87243571,37085.0,257,278,21,0,257,276,134214,3,3,0,0,2
2020-05-28,US,North Carolina,Haywood,47,0,0,35.55269063,-82.98196486,37087.0,47,44,0,0,44,40,61971,3,0,0,3,4
2020-05-28,US,North Carolina,Henderson,327,48,0,35.33788927,-82.4766782,37089.0,279,325,46,0,279,319,116748,2,2,0,0,6
2020-05-28,US,North Carolina,Hertford,72,1,0,36.3607755,-76.98104134,37091.0,71,72,1,0,71,72,23659,0,0,0,0,0
2020-05-28,US,North Carolina,Hoke,227,1,0,35.01888303,-79.23651674,37093.0,226,214,1,0,213,201,54764,13,0,0,13,13
2020-05-28,US,North Carolina,Hyde,1,0,0,35.42017674,-76.15180542,37095.0,1,1,0,0,1,1,5230,0,0,0,0,0
2020-05-28,US,North Carolina,Iredell,239,6,0,35.80950511,-80.8743128,37097.0,233,236,6,0,230,233,178435,3,0,0,3,3
2020-05-28,US,North Carolina,Jackson,33,1,0,35.28814273,-83.14093385,37099.0,32,27,1,0,26,27,43327,6,0,0,6,0
2020-05-28,US,North Carolina,Johnston,408,21,0,35.51745004,-78.36622717,37101.0,387,365,20,0,345,361,202675,43,1,0,42,4
2020-05-28,US,North Carolina,Jones,28,3,0,35.02254606,-77.35870791,37103.0,25,28,3,0,25,28,9637,0,0,0,0,0
2020-05-28,US,North Carolina,Lee,396,4,0,35.47623147,-79.17569362,37105.0,392,376,3,0,373,372,61452,20,1,0,19,4
2020-05-28,US,North Carolina,Lenoir,200,7,0,35.24032589999999,-77.64245615,37107.0,193,197,7,0,190,193,55976,3,0,0,3,4
2020-05-28,US,North Carolina,Lincoln,63,0,0,35.48508185,-81.21740317,37109.0,63,61,0,0,61,60,83770,2,0,0,2,1
2020-05-28,US,North Carolina,Macon,19,1,0,35.14867843,-83.41696617,37113.0,18,18,1,0,17,18,35285,1,0,0,1,0
2020-05-28,US,North Carolina,Madison,4,0,0,35.85402722,-82.71346418,37115.0,4,4,0,0,4,4,21763,0,0,0,0,0
2020-05-28,US,North Carolina,Martin,62,4,0,35.84326734,-77.10860251,37117.0,58,61,4,0,57,56,22671,1,0,0,1,5
2020-05-28,US,North Carolina,McDowell,53,1,0,35.67736232,-82.0482425,37111.0,52,52,1,0,51,51,45507,1,0,0,1,1
2020-05-28,US,North Carolina,Mecklenburg,3605,85,0,35.24469268,-80.8317671,37119.0,3520,3478,80,0,3398,3403,1093901,127,5,0,122,75
2020-05-28,US,North Carolina,Mitchell,9,0,0,36.01059309,-82.1582442,37121.0,9,9,0,0,9,9,15000,0,0,0,0,0
2020-05-28,US,North Carolina,Montgomery,104,4,0,35.33155144,-79.90416657,37123.0,100,98,3,0,95,98,27271,6,1,0,5,0
2020-05-28,US,North Carolina,Moore,220,10,0,35.30885257,-79.48474178,37125.0,210,213,10,0,203,198,98682,7,0,0,7,15
2020-05-28,US,North Carolina,Nash,186,4,0,35.96575634,-77.98422508,37127.0,182,184,4,0,180,184,94016,2,0,0,2,0
2020-05-28,US,North Carolina,New Hanover,171,4,0,34.25758282,-77.87075626,37129.0,167,168,4,0,164,163,232274,3,0,0,3,5
2020-05-28,US,North Carolina,Northampton,149,12,0,36.41736238,-77.39769443,37131.0,137,149,12,0,137,147,19676,0,0,0,0,2
2020-05-28,US,North Carolina,Onslow,98,2,0,34.72607366,-77.42908179,37133.0,96,98,2,0,96,98,197683,0,0,0,0,0
2020-05-28,US,North Carolina,Orange,320,41,0,36.06092947,-79.12167935,37135.0,279,314,40,0,274,311,146027,6,1,0,5,3
2020-05-28,US,North Carolina,Pamlico,10,0,0,35.15253315,-76.66559823,37137.0,10,10,0,0,10,10,12670,0,0,0,0,0
2020-05-28,US,North Carolina,Pasquotank,104,9,0,36.26723798,-76.25134778,37139.0,95,100,9,0,91,96,39639,4,0,0,4,4
2020-05-28,US,North Carolina,Pender,76,1,0,34.52265624,-77.90352133,37141.0,75,74,1,0,73,72,62162,2,0,0,2,2
2020-05-28,US,North Carolina,Perquimans,23,2,0,36.17847453,-76.40603143,37143.0,21,23,2,0,21,23,13422,0,0,0,0,0
2020-05-28,US,North Carolina,Person,44,1,0,36.38989032,-78.97217358,37145.0,43,39,1,0,38,38,39507,5,0,0,5,1
2020-05-28,US,North Carolina,Pitt,273,2,0,35.59535426,-77.37353178,37147.0,271,267,2,0,265,267,179914,6,0,0,6,0
2020-05-28,US,North Carolina,Polk,35,4,0,35.27820615,-82.16812354,37149.0,31,35,4,0,31,35,20611,0,0,0,0,0
2020-05-28,US,North Carolina,Randolph,639,12,0,35.71015088,-79.80570339,37151.0,627,624,12,0,612,613,143351,15,0,0,15,11
2020-05-28,US,North Carolina,Richmond,162,2,0,35.00417719,-79.74491009,37153.0,160,153,2,0,151,152,44887,9,0,0,9,1
2020-05-28,US,North Carolina,Robeson,737,13,0,34.64244496,-79.10250529999998,37155.0,724,680,12,0,668,674,131831,57,1,0,56,6
2020-05-28,US,North Carolina,Rockingham,76,2,0,36.39593137,-79.77504841,37157.0,74,73,2,0,71,72,90690,3,0,0,3,1
2020-05-28,US,North Carolina,Rowan,619,27,0,35.64003916,-80.52446628,37159.0,592,613,27,0,586,612,141262,6,0,0,6,1
2020-05-28,US,North Carolina,Rutherford,174,7,0,35.40114178,-81.92112099,37161.0,167,174,7,0,167,171,66826,0,0,0,0,3
2020-05-28,US,North Carolina,Sampson,413,4,0,34.98820368,-78.36914061,37163.0,409,409,4,0,405,409,63626,4,0,0,4,0
2020-05-28,US,North Carolina,Scotland,78,0,0,34.8386299,-79.4757978,37165.0,78,69,0,0,69,68,34810,9,0,0,9,1
2020-05-28,US,North Carolina,Stanly,55,4,0,35.31647813,-80.25093221,37167.0,51,54,4,0,50,53,62075,1,0,0,1,1
2020-05-28,US,North Carolina,Stokes,60,0,0,36.4017975,-80.23893369,37169.0,60,58,0,0,58,57,45467,2,0,0,2,1
2020-05-28,US,North Carolina,Surry,187,1,0,36.41689489,-80.69102283,37171.0,186,173,1,0,172,168,71948,14,0,0,14,5
2020-05-28,US,North Carolina,Swain,10,0,0,35.48665845,-83.48748932,37173.0,10,10,0,0,10,10,14245,0,0,0,0,0
2020-05-28,US,North Carolina,Transylvania,12,0,0,35.20383864,-82.79638423,37175.0,12,11,0,0,11,11,34215,1,0,0,1,0
2020-05-28,US,North Carolina,Tyrrell,4,0,0,35.87147226,-76.17055253,37177.0,4,4,0,0,4,4,4131,0,0,0,0,0
2020-05-28,US,North Carolina,Union,417,17,0,34.98960527,-80.52955873,37179.0,400,408,17,0,391,408,235908,9,0,0,9,0
2020-05-28,US,North Carolina,Vance,297,20,0,36.36880673,-78.40670845,37181.0,277,266,19,0,247,250,44582,31,1,0,30,16
2020-05-28,US,North Carolina,Wake,1604,37,0,35.78879266,-78.65249174,37183.0,1567,1523,36,0,1487,1509,1092305,81,1,0,80,14
2020-05-28,US,North Carolina,Warren,57,2,0,36.39728256,-78.10652228,37185.0,55,54,2,0,52,54,19807,3,0,0,3,0
2020-05-28,US,North Carolina,Washington,27,3,0,35.83810081,-76.57299037,37187.0,24,27,3,0,24,26,11859,0,0,0,0,1
2020-05-28,US,North Carolina,Watauga,15,0,0,36.23103603,-81.70033724,37189.0,15,14,0,0,14,13,55945,1,0,0,1,1
2020-05-28,US,North Carolina,Wayne,1061,22,0,35.36438125,-78.00027268,37191.0,1039,1047,20,0,1027,1031,123248,14,2,0,12,16
2020-05-28,US,North Carolina,Wilkes,488,4,0,36.2084135,-81.16232895,37193.0,484,483,3,0,480,478,68557,5,1,0,4,5
2020-05-28,US,North Carolina,Wilson,331,10,0,35.70625477,-77.917978,37195.0,321,330,10,0,320,321,81455,1,0,0,1,9
2020-05-28,US,North Carolina,Yadkin,154,2,0,36.16222629,-80.66239436,37197.0,152,153,2,0,151,146,37543,1,0,0,1,7
2020-05-28,US,North Carolina,Yancey,12,0,0,35.90079156,-82.31237181,37199.0,12,11,0,0,11,10,17903,1,0,0,1,1
2020-05-28,US,North Dakota,Barnes,4,0,0,46.93579637,-98.06605978,38003.0,4,4,0,0,4,4,10542,0,0,0,0,0
2020-05-28,US,North Dakota,Benson,1,0,0,48.0683985,-99.35916363,38005.0,1,1,0,0,1,1,6962,0,0,0,0,0
2020-05-28,US,North Dakota,Bottineau,2,0,0,48.79106111,-100.8378166,38009.0,2,2,0,0,2,2,6411,0,0,0,0,0
2020-05-28,US,North Dakota,Bowman,1,0,0,46.11285362,-103.5203343,38011.0,1,1,0,0,1,1,3076,0,0,0,0,0
2020-05-28,US,North Dakota,Burke,5,0,0,48.79094471,-102.51821170000001,38013.0,5,5,0,0,5,5,2100,0,0,0,0,0
2020-05-28,US,North Dakota,Burleigh,125,0,0,46.97847375,-100.46452140000001,38015.0,125,123,0,0,123,123,95273,2,0,0,2,0
2020-05-28,US,North Dakota,Cass,1632,40,0,46.93201724,-97.24447190000001,38017.0,1592,1596,37,0,1559,1580,181516,36,3,0,33,16
2020-05-28,US,North Dakota,Divide,1,0,0,48.814938700000006,-103.48736109999999,38023.0,1,1,0,0,1,1,2283,0,0,0,0,0
2020-05-28,US,North Dakota,Dunn,12,0,0,47.35423935,-102.61604679999999,38025.0,12,12,0,0,12,12,4332,0,0,0,0,0
2020-05-28,US,North Dakota,Eddy,4,0,0,47.71701474,-98.90432337,38027.0,4,4,0,0,4,4,2313,0,0,0,0,0
2020-05-28,US,North Dakota,Emmons,4,1,0,46.28398398,-100.2389766,38029.0,3,4,1,0,3,4,3295,0,0,0,0,0
2020-05-28,US,North Dakota,Foster,1,0,0,47.457108399999996,-98.88279923,38031.0,1,1,0,0,1,1,3216,0,0,0,0,0
2020-05-28,US,North Dakota,Grand Forks,328,3,0,47.92093639,-97.45450447,38035.0,325,327,3,0,324,326,70770,1,0,0,1,1
2020-05-28,US,North Dakota,Grant,2,0,0,46.35821257,-101.63900129999999,38037.0,2,2,0,0,2,2,2374,0,0,0,0,0
2020-05-28,US,North Dakota,Griggs,1,0,0,47.45785838,-98.23850925,38039.0,1,1,0,0,1,1,2232,0,0,0,0,0
2020-05-28,US,North Dakota,McHenry,2,1,0,48.23104458,-100.6324822,38049.0,1,2,1,0,1,2,5816,0,0,0,0,0
2020-05-28,US,North Dakota,McIntosh,1,0,0,46.11182017,-99.44145858,38051.0,1,1,0,0,1,1,2585,0,0,0,0,0
2020-05-28,US,North Dakota,McKenzie,16,0,0,47.74133370000001,-103.395905,38053.0,16,16,0,0,16,16,13632,0,0,0,0,0
2020-05-28,US,North Dakota,McLean,7,0,0,47.60766714,-101.3182418,38055.0,7,7,0,0,7,7,9541,0,0,0,0,0
2020-05-28,US,North Dakota,Mercer,5,0,0,47.31213126,-101.8318399,38057.0,5,5,0,0,5,5,8267,0,0,0,0,0
2020-05-28,US,North Dakota,Morton,59,2,0,46.71681782,-101.2822377,38059.0,57,59,2,0,57,59,31095,0,0,0,0,0
2020-05-28,US,North Dakota,Mountrail,39,0,0,48.20197971,-102.3555315,38061.0,39,39,0,0,39,39,10218,0,0,0,0,0
2020-05-28,US,North Dakota,Nelson,1,0,0,47.9226426,-98.19038437,38063.0,1,1,0,0,1,1,2869,0,0,0,0,0
2020-05-28,US,North Dakota,Oliver,1,0,0,47.11530482,-101.3406158,38065.0,1,1,0,0,1,1,1952,0,0,0,0,0
2020-05-28,US,North Dakota,Pembina,6,0,0,48.76623521,-97.5523809,38067.0,6,6,0,0,6,6,6947,0,0,0,0,0
2020-05-28,US,North Dakota,Pierce,3,0,0,48.24977025,-99.96407787,38069.0,3,3,0,0,3,3,4081,0,0,0,0,0
2020-05-28,US,North Dakota,Ramsey,8,1,0,48.26886249,-98.72223879,38071.0,7,8,1,0,7,8,11481,0,0,0,0,0
2020-05-28,US,North Dakota,Ransom,8,0,0,46.45621782,-97.65742504,38073.0,8,8,0,0,8,8,5237,0,0,0,0,0
2020-05-28,US,North Dakota,Renville,1,0,0,48.71982533,-101.6603912,38075.0,1,1,0,0,1,1,2374,0,0,0,0,0
2020-05-28,US,North Dakota,Richland,20,0,0,46.26440649,-96.94852979,38077.0,20,19,0,0,19,19,16239,1,0,0,1,0
2020-05-28,US,North Dakota,Rolette,5,0,0,48.77245354,-99.84097493,38079.0,5,5,0,0,5,5,14301,0,0,0,0,0
2020-05-28,US,North Dakota,Sargent,3,0,0,46.10830372,-97.63217159,38081.0,3,3,0,0,3,3,3870,0,0,0,0,0
2020-05-28,US,North Dakota,Sioux,2,0,0,46.11323337,-101.04401490000001,38085.0,2,2,0,0,2,2,4358,0,0,0,0,0
2020-05-28,US,North Dakota,Slope,3,0,0,46.44737738,-103.4601547,38087.0,3,3,0,0,3,3,763,0,0,0,0,0
2020-05-28,US,North Dakota,Stark,61,2,0,46.80851182,-102.65763259999999,38089.0,59,61,2,0,59,61,30997,0,0,0,0,0
2020-05-28,US,North Dakota,Steele,1,0,0,47.45611548,-97.72728747,38091.0,1,1,0,0,1,1,1903,0,0,0,0,0
2020-05-28,US,North Dakota,Stutsman,18,0,0,46.97962541,-98.95637318,38093.0,18,18,0,0,18,18,20917,0,0,0,0,0
2020-05-28,US,North Dakota,Traill,11,0,0,47.45367788,-97.16323288,38097.0,11,10,0,0,10,10,8037,1,0,0,1,0
2020-05-28,US,North Dakota,Unassigned,0,6,0,0.0,0.0,90038.0,-6,0,8,0,-8,0,,0,-2,0,2,0
2020-05-28,US,North Dakota,Walsh,13,0,0,48.36876964,-97.72574783,38099.0,13,13,0,0,13,13,10667,0,0,0,0,0
2020-05-28,US,North Dakota,Ward,37,1,0,48.22390169,-101.54367629999999,38101.0,36,36,1,0,35,36,67744,1,0,0,1,0
2020-05-28,US,North Dakota,Wells,3,0,0,47.58614526,-99.65904998,38103.0,3,3,0,0,3,3,3957,0,0,0,0,0
2020-05-28,US,North Dakota,Williams,24,0,0,48.34522353,-103.4793387,38105.0,24,24,0,0,24,24,35350,0,0,0,0,0
2020-05-28,US,Ohio,Adams,8,1,0,38.84541072,-83.4718964,39001.0,7,8,1,0,7,8,27724,0,0,0,0,0
2020-05-28,US,Ohio,Allen,206,32,0,40.77285242,-84.10802343,39003.0,174,201,32,0,169,191,102663,5,0,0,5,10
2020-05-28,US,Ohio,Ashland,19,0,0,40.84772277,-82.27280781,39005.0,19,19,0,0,19,19,53745,0,0,0,0,0
2020-05-28,US,Ohio,Ashtabula,324,34,0,41.70860332,-80.74830218,39007.0,290,316,33,0,283,283,97493,8,1,0,7,33
2020-05-28,US,Ohio,Athens,18,1,0,39.33425634,-82.04278644,39009.0,17,18,1,0,17,18,65818,0,0,0,0,0
2020-05-28,US,Ohio,Auglaize,65,3,0,40.55998859,-84.22421429999999,39011.0,62,64,3,0,61,64,45804,1,0,0,1,0
2020-05-28,US,Ohio,Belmont,412,12,0,40.01625942,-80.9924051,39013.0,400,403,12,0,391,402,67505,9,0,0,9,1
2020-05-28,US,Ohio,Brown,28,1,0,38.93416837,-83.86788395,39015.0,27,25,1,0,24,25,43602,3,0,0,3,0
2020-05-28,US,Ohio,Butler,847,28,0,39.44012838,-84.57388716,39017.0,819,826,26,0,800,817,382378,21,2,0,19,9
2020-05-28,US,Ohio,Carroll,30,3,0,40.578968599999996,-81.09178213,39019.0,27,29,3,0,26,28,27081,1,0,0,1,1
2020-05-28,US,Ohio,Champaign,27,1,0,40.13923427,-83.76875242,39021.0,26,27,1,0,26,27,38754,0,0,0,0,0
2020-05-28,US,Ohio,Clark,234,5,0,39.91592258,-83.78498252,39023.0,229,231,6,0,225,225,134585,3,-1,0,4,6
2020-05-28,US,Ohio,Clermont,202,5,0,39.04847534,-84.15375786,39025.0,197,197,5,0,192,193,205466,5,0,0,5,4
2020-05-28,US,Ohio,Clinton,43,0,0,39.41485808,-83.80852286,39027.0,43,43,0,0,43,43,42057,0,0,0,0,0
2020-05-28,US,Ohio,Columbiana,684,51,0,40.76932373,-80.78094576,39029.0,633,682,50,0,632,657,102665,2,1,0,1,25
2020-05-28,US,Ohio,Coshocton,37,0,0,40.30096166,-81.91729018,39031.0,37,34,0,0,34,26,36629,3,0,0,3,8
2020-05-28,US,Ohio,Crawford,110,3,0,40.85065156,-82.91989099,39033.0,107,110,3,0,107,106,41550,0,0,0,0,4
2020-05-28,US,Ohio,Cuyahoga,4211,226,0,41.424119,-81.65918339,39035.0,3985,4137,224,0,3913,4060,1243857,74,2,0,72,77
2020-05-28,US,Ohio,Darke,162,21,0,40.13412966,-84.6194517,39037.0,141,156,19,0,137,156,51323,6,2,0,4,0
2020-05-28,US,Ohio,Defiance,33,2,0,41.32398837,-84.49076944,39039.0,31,33,2,0,31,32,38165,0,0,0,0,1
2020-05-28,US,Ohio,Delaware,310,13,0,40.27942393,-83.00457058,39041.0,297,302,13,0,289,302,204826,8,0,0,8,0
2020-05-28,US,Ohio,Erie,165,6,0,41.36796058,-82.62904521,39043.0,159,163,5,0,158,159,74615,2,1,0,1,4
2020-05-28,US,Ohio,Fairfield,251,5,0,39.75107189,-82.63088163,39045.0,246,248,4,0,244,246,155782,3,1,0,2,2
2020-05-28,US,Ohio,Fayette,39,0,0,39.56021306,-83.4562016,39047.0,39,37,0,0,37,37,28666,2,0,0,2,0
2020-05-28,US,Ohio,Franklin,5566,253,0,39.96995815,-83.01115755,39049.0,5313,5486,243,0,5243,5414,1310300,80,10,0,70,72
2020-05-28,US,Ohio,Fulton,37,0,0,41.60213491,-84.12571393,39051.0,37,36,0,0,36,35,42276,1,0,0,1,1
2020-05-28,US,Ohio,Gallia,7,1,0,38.82708533,-82.31647569,39053.0,6,7,1,0,6,7,29979,0,0,0,0,0
2020-05-28,US,Ohio,Geauga,272,31,0,41.49952319,-81.17935342,39055.0,241,261,29,0,232,258,94031,11,2,0,9,3
2020-05-28,US,Ohio,Greene,101,5,0,39.69116283,-83.89032084,39057.0,96,98,5,0,93,94,167995,3,0,0,3,4
2020-05-28,US,Ohio,Guernsey,34,0,0,40.05026529,-81.49248905,39059.0,34,33,0,0,33,32,39022,1,0,0,1,1
2020-05-28,US,Ohio,Hamilton,2555,135,0,39.19673558,-84.54502924,39061.0,2420,2523,131,0,2392,2492,816684,32,4,0,28,31
2020-05-28,US,Ohio,Hancock,51,2,0,41.00250487,-83.66838948,39063.0,49,48,1,0,47,48,75930,3,1,0,2,0
2020-05-28,US,Ohio,Hardin,42,0,0,40.66015414,-83.65929931,39065.0,42,41,0,0,41,41,31480,1,0,0,1,0
2020-05-28,US,Ohio,Harrison,10,0,0,40.29380509,-81.09068544,39067.0,10,10,0,0,10,10,15174,0,0,0,0,0
2020-05-28,US,Ohio,Henry,15,0,0,41.333964200000004,-84.06830637,39069.0,15,15,0,0,15,15,27086,0,0,0,0,0
2020-05-28,US,Ohio,Highland,22,1,0,39.1839264,-83.60331456,39071.0,21,19,1,0,18,19,43058,3,0,0,3,0
2020-05-28,US,Ohio,Hocking,69,4,0,39.49537927,-82.47991446,39073.0,65,69,4,0,65,69,28385,0,0,0,0,0
2020-05-28,US,Ohio,Holmes,29,1,0,40.56163713,-81.92635677,39075.0,28,29,1,0,28,28,43892,0,0,0,0,1
2020-05-28,US,Ohio,Huron,56,1,0,41.14651175,-82.59867951,39077.0,55,55,1,0,54,55,58504,1,0,0,1,0
2020-05-28,US,Ohio,Jackson,13,0,0,39.01914254,-82.61818559999998,39079.0,13,12,0,0,12,12,32384,1,0,0,1,0
2020-05-28,US,Ohio,Jefferson,66,2,0,40.38614126,-80.76259514,39081.0,64,65,2,0,63,63,65767,1,0,0,1,2
2020-05-28,US,Ohio,Knox,23,1,0,40.39830217,-82.42027563,39083.0,22,23,1,0,22,23,61893,0,0,0,0,0
2020-05-28,US,Ohio,Lake,290,12,0,41.69710807,-81.23676539,39085.0,278,287,12,0,275,282,230514,3,0,0,3,5
2020-05-28,US,Ohio,Lawrence,29,0,0,38.59743452,-82.53466552,39087.0,29,28,0,0,28,28,59866,1,0,0,1,0
2020-05-28,US,Ohio,Licking,222,10,0,40.09136236,-82.48185785,39089.0,212,218,11,0,207,214,175769,4,-1,0,5,4
2020-05-28,US,Ohio,Logan,37,0,0,40.38996525,-83.76784341,39091.0,37,37,0,0,37,37,45358,0,0,0,0,0
2020-05-28,US,Ohio,Lorain,667,59,0,41.29553751,-82.15083537,39093.0,608,659,59,0,600,653,309461,8,0,0,8,6
2020-05-28,US,Ohio,Lucas,2178,240,0,41.62101218,-83.65468618,39095.0,1938,2162,233,0,1929,2152,429899,16,7,0,9,10
2020-05-28,US,Ohio,Madison,148,7,0,39.89381073,-83.40178317,39097.0,141,144,7,0,137,141,44413,4,0,0,4,3
2020-05-28,US,Ohio,Mahoning,1397,173,0,41.01631101,-80.77287029,39099.0,1224,1367,173,0,1194,1347,229642,30,0,0,30,20
2020-05-28,US,Ohio,Marion,2642,25,0,40.58610662,-83.15736305,39101.0,2617,2628,23,0,2605,2623,65256,14,2,0,12,5
2020-05-28,US,Ohio,Medina,313,22,0,41.11770589,-81.89986209999998,39103.0,291,310,20,0,290,307,179146,3,2,0,1,3
2020-05-28,US,Ohio,Meigs,6,0,0,39.09224872,-82.0305041,39105.0,6,6,0,0,6,6,23106,0,0,0,0,0
2020-05-28,US,Ohio,Mercer,201,6,0,40.54043046,-84.62912742,39107.0,195,201,4,0,197,200,40959,0,2,0,-2,1
2020-05-28,US,Ohio,Miami,352,30,0,40.0543329,-84.22871271,39109.0,322,351,30,0,321,351,106222,1,0,0,1,0
2020-05-28,US,Ohio,Monroe,75,12,0,39.72984936,-81.08464734,39111.0,63,74,12,0,62,73,13790,1,0,0,1,1
2020-05-28,US,Ohio,Montgomery,637,17,0,39.75394919,-84.29050975,39113.0,620,617,16,0,601,609,532331,20,1,0,19,8
2020-05-28,US,Ohio,Morgan,5,0,0,39.62081738,-81.85308173,39115.0,5,5,0,0,5,5,14604,0,0,0,0,0
2020-05-28,US,Ohio,Morrow,104,1,0,40.52363560000001,-82.7892599,39117.0,103,104,1,0,103,104,35112,0,0,0,0,0
2020-05-28,US,Ohio,Muskingum,48,0,0,39.96575964,-81.94363275,39119.0,48,46,0,0,46,45,86183,2,0,0,2,1
2020-05-28,US,Ohio,Noble,5,0,0,39.76818851,-81.45937183,39121.0,5,5,0,0,5,5,14354,0,0,0,0,0
2020-05-28,US,Ohio,Ottawa,93,12,0,41.53781826,-83.0940185,39123.0,81,94,12,0,82,92,40769,-1,0,0,-1,2
2020-05-28,US,Ohio,Paulding,13,0,0,41.11676341,-84.5801017,39125.0,13,13,0,0,13,13,18760,0,0,0,0,0
2020-05-28,US,Ohio,Perry,18,1,0,39.73508655,-82.23804971,39127.0,17,18,1,0,17,18,36033,0,0,0,0,0
2020-05-28,US,Ohio,Pickaway,2048,36,0,39.64170392,-83.0243386,39129.0,2012,2046,35,0,2011,2046,58086,2,1,0,1,0
2020-05-28,US,Ohio,Pike,6,0,0,39.07634001,-83.06769584,39131.0,6,6,0,0,6,6,28067,0,0,0,0,0
2020-05-28,US,Ohio,Portage,318,57,0,41.16793482,-81.19735782,39133.0,261,313,57,0,256,316,162927,5,0,0,5,-3
2020-05-28,US,Ohio,Preble,33,1,0,39.7420247,-84.64787018,39135.0,32,31,1,0,30,30,40997,2,0,0,2,1
2020-05-28,US,Ohio,Putnam,88,14,0,41.02094889,-84.1336111,39137.0,74,87,14,0,73,87,33780,1,0,0,1,0
2020-05-28,US,Ohio,Richland,193,3,0,40.77180308,-82.53799609999999,39139.0,190,189,3,0,186,187,121099,4,0,0,4,2
2020-05-28,US,Ohio,Ross,67,2,0,39.33705391,-83.06000914,39141.0,65,67,2,0,65,66,76931,0,0,0,0,1
2020-05-28,US,Ohio,Sandusky,72,11,0,41.35624126,-83.137872,39143.0,61,70,11,0,59,70,58799,2,0,0,2,0
2020-05-28,US,Ohio,Scioto,15,0,0,38.80270163,-82.98907345,39145.0,15,15,0,0,15,15,75502,0,0,0,0,0
2020-05-28,US,Ohio,Seneca,20,2,0,41.12351311,-83.12783209,39147.0,18,19,2,0,17,19,55207,1,0,0,1,0
2020-05-28,US,Ohio,Shelby,40,3,0,40.33163494,-84.20258189,39149.0,37,40,2,0,38,40,48627,0,1,0,-1,0
2020-05-28,US,Ohio,Stark,705,91,0,40.81482476,-81.36437305,39151.0,614,700,91,0,609,697,371574,5,0,0,5,3
2020-05-28,US,Ohio,Summit,1335,172,0,41.12464734,-81.53123079,39153.0,1163,1315,160,0,1155,1277,541918,20,12,0,8,38
2020-05-28,US,Ohio,Trumbull,551,47,0,41.31735028,-80.76109643,39155.0,504,544,47,0,497,540,198627,7,0,0,7,4
2020-05-28,US,Ohio,Tuscarawas,337,3,0,40.44214695,-81.47226262,39157.0,334,326,4,0,322,321,92176,11,-1,0,12,5
2020-05-28,US,Ohio,Union,49,1,0,40.30016061,-83.37239023,39159.0,48,46,0,0,46,46,57835,3,1,0,2,0
2020-05-28,US,Ohio,Van Wert,6,0,0,40.8554138,-84.59111700000003,39161.0,6,6,0,0,6,6,28281,0,0,0,0,0
2020-05-28,US,Ohio,Vinton,19,2,0,39.25208988,-82.4831444,39163.0,17,19,1,0,18,19,13139,0,1,0,-1,0
2020-05-28,US,Ohio,Warren,351,19,0,39.42581994,-84.16557457,39165.0,332,344,19,0,325,340,232173,7,0,0,7,4
2020-05-28,US,Ohio,Washington,118,19,0,39.45690571,-81.49121382,39167.0,99,118,19,0,99,117,60155,0,0,0,0,1
2020-05-28,US,Ohio,Wayne,260,49,0,40.82925852,-81.88844833,39169.0,211,256,50,0,206,252,115967,4,-1,0,5,4
2020-05-28,US,Ohio,Williams,51,1,0,41.56052014,-84.58429552,39171.0,50,52,1,0,51,52,36804,-1,0,0,-1,0
2020-05-28,US,Ohio,Wood,282,46,0,41.36224827,-83.62285108,39173.0,236,280,45,0,235,277,130696,2,1,0,1,3
2020-05-28,US,Ohio,Wyandot,38,2,0,40.84339621,-83.30734173,39175.0,36,37,2,0,35,36,21935,1,0,0,1,1
2020-05-28,US,Oklahoma,Adair,84,3,0,35.88494195,-94.65859267,40001.0,81,82,3,0,79,82,22082,2,0,0,2,0
2020-05-28,US,Oklahoma,Alfalfa,1,0,0,36.73090616,-98.32408495,40003.0,1,1,0,0,1,1,5754,0,0,0,0,0
2020-05-28,US,Oklahoma,Atoka,2,0,0,34.37366573,-96.03802487,40005.0,2,2,0,0,2,1,13838,0,0,0,0,1
2020-05-28,US,Oklahoma,Beaver,24,0,0,36.7496847,-100.4758872,40007.0,24,24,0,0,24,24,5319,0,0,0,0,0
2020-05-28,US,Oklahoma,Beckham,6,0,0,35.26862449,-99.68128023,40009.0,6,6,0,0,6,6,21709,0,0,0,0,0
2020-05-28,US,Oklahoma,Blaine,6,0,0,35.87518314,-98.43307003,40011.0,6,6,0,0,6,6,9485,0,0,0,0,0
2020-05-28,US,Oklahoma,Bryan,23,1,0,33.96472458,-96.25903472,40013.0,22,23,1,0,22,22,47192,0,0,0,0,1
2020-05-28,US,Oklahoma,Caddo,154,10,0,35.17364557,-98.37534464,40015.0,144,153,10,0,143,150,28977,1,0,0,1,3
2020-05-28,US,Oklahoma,Canadian,128,3,0,35.5426055,-97.98465569,40017.0,125,128,3,0,125,128,144447,0,0,0,0,0
2020-05-28,US,Oklahoma,Carter,38,1,0,34.25103751,-97.28552485,40019.0,37,36,1,0,35,25,48177,2,0,0,2,11
2020-05-28,US,Oklahoma,Cherokee,29,1,0,35.90692775,-94.99980896,40021.0,28,29,1,0,28,29,48675,0,0,0,0,0
2020-05-28,US,Oklahoma,Choctaw,30,0,0,34.02807439,-95.54771129,40023.0,30,27,0,0,27,25,14668,3,0,0,3,2
2020-05-28,US,Oklahoma,Cimarron,1,0,0,36.74817177,-102.5173885,40025.0,1,1,0,0,1,1,2153,0,0,0,0,0
2020-05-28,US,Oklahoma,Cleveland,496,37,0,35.20413532,-97.32519562,40027.0,459,494,37,0,457,493,281669,2,0,0,2,1
2020-05-28,US,Oklahoma,Coal,1,0,0,34.58840127,-96.29798747,40029.0,1,1,0,0,1,1,5520,0,0,0,0,0
2020-05-28,US,Oklahoma,Comanche,278,3,0,34.65973764,-98.47195055,40031.0,275,274,3,0,271,270,120422,4,0,0,4,4
2020-05-28,US,Oklahoma,Cotton,5,2,0,34.28845626,-98.37053567,40033.0,3,5,2,0,3,5,5776,0,0,0,0,0
2020-05-28,US,Oklahoma,Craig,15,0,0,36.76268118,-95.20916602,40035.0,15,15,0,0,15,15,14306,0,0,0,0,0
2020-05-28,US,Oklahoma,Creek,93,7,0,35.90230551,-96.37086028,40037.0,86,93,7,0,86,92,71604,0,0,0,0,1
2020-05-28,US,Oklahoma,Custer,13,0,0,35.63853802,-99.00170785,40039.0,13,13,0,0,13,12,29036,0,0,0,0,1
2020-05-28,US,Oklahoma,Delaware,100,16,0,36.40823634,-94.80325046,40041.0,84,100,16,0,84,100,42733,0,0,0,0,0
2020-05-28,US,Oklahoma,Dewey,4,0,0,35.98772922,-99.00730714,40043.0,4,4,0,0,4,4,4894,0,0,0,0,0
2020-05-28,US,Oklahoma,Garfield,26,1,0,36.3791334,-97.78265517,40047.0,25,26,1,0,25,26,60913,0,0,0,0,0
2020-05-28,US,Oklahoma,Garvin,16,1,0,34.70418038,-97.30811132,40049.0,15,16,1,0,15,15,27811,0,0,0,0,1
2020-05-28,US,Oklahoma,Grady,83,3,0,35.0167709,-97.88339847,40051.0,80,83,3,0,80,80,55551,0,0,0,0,3
2020-05-28,US,Oklahoma,Grant,2,0,0,36.796296999999996,-97.78638765,40053.0,2,2,0,0,2,2,4326,0,0,0,0,0
2020-05-28,US,Oklahoma,Greer,66,7,0,34.93535801,-99.56056120000001,40055.0,59,66,7,0,59,66,5821,0,0,0,0,0
2020-05-28,US,Oklahoma,Harper,1,0,0,36.78836519,-99.6679804,40059.0,1,1,0,0,1,1,3797,0,0,0,0,0
2020-05-28,US,Oklahoma,Haskell,6,0,0,35.22257600000001,-95.11513306,40061.0,6,6,0,0,6,6,12668,0,0,0,0,0
2020-05-28,US,Oklahoma,Jackson,24,3,0,34.58781741,-99.41138784,40065.0,21,24,2,0,22,24,24949,0,1,0,-1,0
2020-05-28,US,Oklahoma,Jefferson,4,0,0,34.11130184,-97.83182974,40067.0,4,4,0,0,4,3,6123,0,0,0,0,1
2020-05-28,US,Oklahoma,Johnston,3,0,0,34.31440473,-96.66011537,40069.0,3,3,0,0,3,3,10949,0,0,0,0,0
2020-05-28,US,Oklahoma,Kay,52,7,0,36.81799745,-97.14421435,40071.0,45,52,7,0,45,52,44161,0,0,0,0,0
2020-05-28,US,Oklahoma,Kingfisher,11,0,0,35.94530008,-97.94193268,40073.0,11,11,0,0,11,11,15816,0,0,0,0,0
2020-05-28,US,Oklahoma,Kiowa,6,0,0,34.91671958,-98.97720696,40075.0,6,6,0,0,6,6,8729,0,0,0,0,0
2020-05-28,US,Oklahoma,Latimer,5,1,0,34.87844729,-95.25215049,40077.0,4,5,1,0,4,5,10231,0,0,0,0,0
2020-05-28,US,Oklahoma,Le Flore,14,1,0,34.89851864,-94.70392124,40079.0,13,14,1,0,13,14,49980,0,0,0,0,0
2020-05-28,US,Oklahoma,Lincoln,22,2,0,35.70270942,-96.8812462,40081.0,20,22,2,0,20,22,34920,0,0,0,0,0
2020-05-28,US,Oklahoma,Logan,19,1,0,35.91899576,-97.44352845,40083.0,18,19,1,0,18,19,47291,0,0,0,0,0
2020-05-28,US,Oklahoma,Love,15,0,0,33.95273467,-97.23906784,40085.0,15,15,0,0,15,15,10134,0,0,0,0,0
2020-05-28,US,Oklahoma,Major,6,1,0,36.31149996,-98.53467076,40093.0,5,6,1,0,5,6,7644,0,0,0,0,0
2020-05-28,US,Oklahoma,Marshall,8,0,0,34.02311222,-96.76855464,40095.0,8,8,0,0,8,8,16806,0,0,0,0,0
2020-05-28,US,Oklahoma,Mayes,30,4,0,36.30179091,-95.23175116,40097.0,26,30,4,0,26,30,41107,0,0,0,0,0
2020-05-28,US,Oklahoma,McClain,103,3,0,35.01123903,-97.44572302,40087.0,100,101,2,0,99,98,39985,2,1,0,1,3
2020-05-28,US,Oklahoma,McCurtain,33,0,0,34.11664328,-94.77222373,40089.0,33,32,0,0,32,29,32703,1,0,0,1,3
2020-05-28,US,Oklahoma,McIntosh,11,1,0,35.37235506,-95.66599306,40091.0,10,11,1,0,10,11,19815,0,0,0,0,0
2020-05-28,US,Oklahoma,Murray,4,0,0,34.48116015,-97.06826283,40099.0,4,3,0,0,3,2,13953,1,0,0,1,1
2020-05-28,US,Oklahoma,Muskogee,43,6,0,35.61318461,-95.37802952,40101.0,37,39,6,0,33,36,68362,4,0,0,4,3
2020-05-28,US,Oklahoma,Noble,7,0,0,36.38953329,-97.22928674,40103.0,7,7,0,0,7,7,11289,0,0,0,0,0
2020-05-28,US,Oklahoma,Nowata,23,0,0,36.79843529,-95.61902331,40105.0,23,23,0,0,23,23,10218,0,0,0,0,0
2020-05-28,US,Oklahoma,Okfuskee,3,0,0,35.46485198,-96.32639984,40107.0,3,3,0,0,3,3,12098,0,0,0,0,0
2020-05-28,US,Oklahoma,Oklahoma,1241,59,0,35.55140095,-97.40716948,40109.0,1182,1227,58,0,1169,1216,792582,14,1,0,13,11
2020-05-28,US,Oklahoma,Okmulgee,23,0,0,35.64661916,-95.96432828,40111.0,23,23,0,0,23,23,38335,0,0,0,0,0
2020-05-28,US,Oklahoma,Osage,94,8,0,36.62888819,-96.39635704,40113.0,86,93,8,0,85,94,47014,1,0,0,1,-1
2020-05-28,US,Oklahoma,Ottawa,35,2,0,36.83532655,-94.81011909,40115.0,33,35,2,0,33,35,31175,0,0,0,0,0
2020-05-28,US,Oklahoma,Pawnee,30,2,0,36.31743373,-96.70331759999999,40117.0,28,30,2,0,28,29,16390,0,0,0,0,1
2020-05-28,US,Oklahoma,Payne,45,1,0,36.07695283,-96.97584944,40119.0,44,45,1,0,44,45,82040,0,0,0,0,0
2020-05-28,US,Oklahoma,Pittsburg,40,3,0,34.92065823,-95.75134320000001,40121.0,37,40,3,0,37,40,43877,0,0,0,0,0
2020-05-28,US,Oklahoma,Pontotoc,12,2,0,34.72959848,-96.68337199,40123.0,10,12,2,0,10,12,38247,0,0,0,0,0
2020-05-28,US,Oklahoma,Pottawatomie,59,4,0,35.20614018,-96.94923008,40125.0,55,58,4,0,54,57,72679,1,0,0,1,1
2020-05-28,US,Oklahoma,Pushmataha,2,0,0,34.41635232,-95.37603505,40127.0,2,2,0,0,2,2,11179,0,0,0,0,0
2020-05-28,US,Oklahoma,Rogers,80,5,0,36.37004357,-95.60406759,40131.0,75,79,5,0,74,78,91984,1,0,0,1,1
2020-05-28,US,Oklahoma,Seminole,24,2,0,35.16478725,-96.61686741,40133.0,22,23,2,0,21,23,24578,1,0,0,1,0
2020-05-28,US,Oklahoma,Sequoyah,14,3,0,35.49447108,-94.75463785,40135.0,11,14,3,0,11,14,41179,0,0,0,0,0
2020-05-28,US,Oklahoma,Stephens,37,1,0,34.48556989,-97.85141892,40137.0,36,37,1,0,36,37,43265,0,0,0,0,0
2020-05-28,US,Oklahoma,Texas,904,5,0,36.74777635,-101.4889765,40139.0,899,902,5,0,897,890,20455,2,0,0,2,12
2020-05-28,US,Oklahoma,Tillman,23,1,0,34.37288446,-98.92426619,40141.0,22,23,1,0,22,23,7348,0,0,0,0,0
2020-05-28,US,Oklahoma,Tulsa,960,49,0,36.11939621,-95.94013939,40143.0,911,958,49,0,909,935,648360,2,0,0,2,23
2020-05-28,US,Oklahoma,Wagoner,150,17,0,35.96024096,-95.51911308,40145.0,133,150,17,0,133,149,80110,0,0,0,0,1
2020-05-28,US,Oklahoma,Washington,314,35,0,36.71380786,-95.90514104,40147.0,279,314,35,0,279,312,51843,0,0,0,0,2
2020-05-28,US,Oklahoma,Washita,2,0,0,35.29071824,-98.99180434,40149.0,2,2,0,0,2,2,11127,0,0,0,0,0
2020-05-28,US,Oklahoma,Woods,3,0,0,36.76705782,-98.86573064,40151.0,3,3,0,0,3,3,8897,0,0,0,0,0
2020-05-28,US,Oklahoma,Woodward,4,0,0,36.42316318,-99.26283045,40153.0,4,4,0,0,4,4,20222,0,0,0,0,0
2020-05-28,US,Oregon,Baker,1,0,0,44.70915557,-117.6749883,41001.0,1,1,0,0,1,1,16006,0,0,0,0,0
2020-05-28,US,Oregon,Benton,55,5,0,44.49167306,-123.4316987,41003.0,50,55,5,0,50,55,92101,0,0,0,0,0
2020-05-28,US,Oregon,Clackamas,304,11,0,45.18787398,-122.2179634,41005.0,293,300,10,0,290,296,416075,4,1,0,3,4
2020-05-28,US,Oregon,Clatsop,45,0,0,45.99712889,-123.660711,41007.0,45,45,0,0,45,45,39764,0,0,0,0,0
2020-05-28,US,Oregon,Columbia,16,0,0,45.94464254,-123.08908980000001,41009.0,16,16,0,0,16,16,52377,0,0,0,0,0
2020-05-28,US,Oregon,Coos,31,0,0,43.17406868,-124.0594514,41011.0,31,31,0,0,31,31,64389,0,0,0,0,0
2020-05-28,US,Oregon,Crook,6,0,0,44.14230227,-120.356297,41013.0,6,6,0,0,6,6,23867,0,0,0,0,0
2020-05-28,US,Oregon,Curry,6,0,0,42.45911325,-124.15728200000001,41015.0,6,6,0,0,6,6,22813,0,0,0,0,0
2020-05-28,US,Oregon,Deschutes,121,0,0,43.91570171,-121.2289121,41017.0,121,120,0,0,120,120,191996,1,0,0,1,0
2020-05-28,US,Oregon,Douglas,25,0,0,43.27941273,-123.16729099999999,41019.0,25,25,0,0,25,25,110283,0,0,0,0,0
2020-05-28,US,Oregon,Grant,1,0,0,44.49024544,-119.0068631,41023.0,1,1,0,0,1,1,7176,0,0,0,0,0
2020-05-28,US,Oregon,Harney,1,0,0,43.06422669,-118.96663059999999,41025.0,1,1,0,0,1,1,7329,0,0,0,0,0
2020-05-28,US,Oregon,Hood River,13,0,0,45.51872811,-121.65520359999998,41027.0,13,13,0,0,13,12,23428,0,0,0,0,1
2020-05-28,US,Oregon,Jackson,65,0,0,42.43201126,-122.72893090000001,41029.0,65,65,0,0,65,60,219564,0,0,0,0,5
2020-05-28,US,Oregon,Jefferson,25,0,0,44.62806839,-121.17832,41031.0,25,24,0,0,24,24,24192,1,0,0,1,0
2020-05-28,US,Oregon,Josephine,25,1,0,42.3665549,-123.5561938,41033.0,24,25,1,0,24,25,87393,0,0,0,0,0
2020-05-28,US,Oregon,Klamath,41,0,0,42.68762984,-121.64964609999998,41035.0,41,41,0,0,41,41,67653,0,0,0,0,0
2020-05-28,US,Oregon,Lake,2,0,0,42.79246693,-120.38501629999999,41037.0,2,2,0,0,2,,7879,0,0,0,0,
2020-05-28,US,Oregon,Lane,67,2,0,43.93727035,-122.847753,41039.0,65,67,2,0,65,67,379611,0,0,0,0,0
2020-05-28,US,Oregon,Lincoln,10,0,0,44.64252874,-123.86991200000001,41041.0,10,11,0,0,11,9,49388,-1,0,0,-1,2
2020-05-28,US,Oregon,Linn,115,9,0,44.48899494,-122.53731540000001,41043.0,106,115,9,0,106,115,127335,0,0,0,0,0
2020-05-28,US,Oregon,Malheur,33,0,0,43.1937027,-117.62273950000001,41045.0,33,28,0,0,28,28,30725,5,0,0,5,0
2020-05-28,US,Oregon,Marion,931,25,0,44.90287942,-122.58151170000001,41047.0,906,920,25,0,895,914,346868,11,0,0,11,6
2020-05-28,US,Oregon,Morrow,12,0,0,45.41846568,-119.584546,41049.0,12,12,0,0,12,12,11372,0,0,0,0,0
2020-05-28,US,Oregon,Multnomah,1103,59,0,45.54747959,-122.4169351,41051.0,1044,1093,58,0,1035,1052,811880,10,1,0,9,41
2020-05-28,US,Oregon,Polk,98,11,0,44.90322804,-123.4128888,41053.0,87,98,10,0,88,96,85234,0,1,0,-1,2
2020-05-28,US,Oregon,Sherman,1,0,0,45.41501554,-120.6827834,41055.0,1,1,0,0,1,1,1708,0,0,0,0,0
2020-05-28,US,Oregon,Tillamook,6,0,0,45.46248721,-123.712066,41057.0,6,6,0,0,6,6,26787,0,0,0,0,0
2020-05-28,US,Oregon,Umatilla,114,3,0,45.59073056,-118.7353826,41059.0,111,112,3,0,109,112,77516,2,0,0,2,0
2020-05-28,US,Oregon,Union,6,0,0,45.30915495,-118.0068979,41061.0,6,6,0,0,6,6,26461,0,0,0,0,0
2020-05-28,US,Oregon,Wallowa,2,0,0,45.57894064,-117.18353799999998,41063.0,2,2,0,0,2,2,7081,0,0,0,0,0
2020-05-28,US,Oregon,Wasco,21,1,0,45.16292781,-121.16709540000001,41065.0,20,20,1,0,19,18,26505,1,0,0,1,2
2020-05-28,US,Oregon,Washington,715,17,0,45.55972701,-123.0955257,41067.0,698,703,17,0,686,698,597695,12,0,0,12,5
2020-05-28,US,Oregon,Yamhill,69,7,0,45.23330449,-123.3086963,41071.0,62,67,7,0,60,66,107002,2,0,0,2,1
2020-05-28,US,Pennsylvania,Adams,240,7,0,39.87140411,-77.21610347,42001.0,233,236,7,0,229,233,102811,4,0,0,4,3
2020-05-28,US,Pennsylvania,Allegheny,1851,161,0,40.46809875,-79.98167747,42003.0,1690,1828,160,0,1668,1816,1218452,23,1,0,22,12
2020-05-28,US,Pennsylvania,Armstrong,62,4,0,40.81665618,-79.46290811,42005.0,58,61,4,0,57,59,65263,1,0,0,1,2
2020-05-28,US,Pennsylvania,Beaver,579,72,0,40.6825484,-80.34921611,42007.0,507,570,72,0,498,570,164742,9,0,0,9,0
2020-05-28,US,Pennsylvania,Bedford,38,2,0,40.00522157,-78.48998442,42009.0,36,38,2,0,36,37,48176,0,0,0,0,1
2020-05-28,US,Pennsylvania,Berks,3973,308,0,40.41570541,-75.92457766,42011.0,3665,3952,301,0,3651,3919,420152,21,7,0,14,33
2020-05-28,US,Pennsylvania,Blair,49,1,0,40.47961444,-78.34917412,42013.0,48,48,1,0,47,48,122492,1,0,0,1,0
2020-05-28,US,Pennsylvania,Bradford,46,3,0,41.78869215,-76.51570822,42015.0,43,46,3,0,43,45,60833,0,0,0,0,1
2020-05-28,US,Pennsylvania,Bucks,4966,486,0,40.33682119,-75.10836643,42017.0,4480,4930,473,0,4457,4916,628195,36,13,0,23,14
2020-05-28,US,Pennsylvania,Butler,226,12,0,40.91152759,-79.91351055,42019.0,214,222,12,0,210,220,187888,4,0,0,4,2
2020-05-28,US,Pennsylvania,Cambria,57,2,0,40.49527404,-78.71377428,42021.0,55,57,2,0,55,57,131730,0,0,0,0,0
2020-05-28,US,Pennsylvania,Cameron,2,0,0,41.43625568,-78.20376845,42023.0,2,2,0,0,2,2,4492,0,0,0,0,0
2020-05-28,US,Pennsylvania,Carbon,232,22,0,40.91545395,-75.7068525,42025.0,210,232,22,0,210,231,64227,0,0,0,0,1
2020-05-28,US,Pennsylvania,Centre,150,6,0,40.92058903,-77.82200624,42027.0,144,149,6,0,143,148,162805,1,0,0,1,1
2020-05-28,US,Pennsylvania,Chester,2555,270,0,39.97291773,-75.74768357,42029.0,2285,2504,260,0,2244,2454,522046,51,10,0,41,50
2020-05-28,US,Pennsylvania,Clarion,25,2,0,41.19265812,-79.42413524,42031.0,23,29,2,0,27,29,38779,-4,0,0,-4,0
2020-05-28,US,Pennsylvania,Clearfield,37,0,0,41.00110782,-78.47592663,42033.0,37,37,0,0,37,37,79388,0,0,0,0,0
2020-05-28,US,Pennsylvania,Clinton,55,2,0,41.23255967,-77.63785995,42035.0,53,54,1,0,53,54,38684,1,1,0,0,0
2020-05-28,US,Pennsylvania,Columbia,346,31,0,41.04821986,-76.40565017,42037.0,315,346,31,0,315,343,65456,0,0,0,0,3
2020-05-28,US,Pennsylvania,Crawford,23,0,0,41.68447709,-80.10760592,42039.0,23,23,0,0,23,22,85063,0,0,0,0,1
2020-05-28,US,Pennsylvania,Cumberland,618,47,0,40.1625372,-77.26130755,42041.0,571,611,47,0,564,602,251423,7,0,0,7,9
2020-05-28,US,Pennsylvania,Dauphin,1212,71,0,40.41377078,-76.77993242,42043.0,1141,1174,66,0,1108,1137,277097,38,5,0,33,37
2020-05-28,US,Pennsylvania,Delaware,6337,544,0,39.91680171,-75.40243663,42045.0,5793,6289,532,0,5757,6243,564751,48,12,0,36,46
2020-05-28,US,Pennsylvania,Elk,6,0,0,41.42822061,-78.64524744,42047.0,6,6,0,0,6,6,30169,0,0,0,0,0
2020-05-28,US,Pennsylvania,Erie,242,4,0,41.99253829,-80.03301954,42049.0,238,235,4,0,231,223,272061,7,0,0,7,12
2020-05-28,US,Pennsylvania,Fayette,95,4,0,39.92041012,-79.64291195,42051.0,91,95,4,0,91,95,130441,0,0,0,0,0
2020-05-28,US,Pennsylvania,Forest,7,0,0,41.51095103,-79.23229292,42053.0,7,7,0,0,7,7,7279,0,0,0,0,0
2020-05-28,US,Pennsylvania,Franklin,759,31,0,39.92956518,-77.72157791,42055.0,728,756,30,0,726,746,154835,3,1,0,2,10
2020-05-28,US,Pennsylvania,Fulton,15,1,0,39.92913544,-78.11163677,42057.0,14,15,1,0,14,15,14523,0,0,0,0,0
2020-05-28,US,Pennsylvania,Greene,27,0,0,39.85746531,-80.22357106,42059.0,27,27,0,0,27,27,36506,0,0,0,0,0
2020-05-28,US,Pennsylvania,Huntingdon,228,2,0,40.42162652,-77.97673273,42061.0,226,228,2,0,226,228,45168,0,0,0,0,0
2020-05-28,US,Pennsylvania,Indiana,90,5,0,40.65241041,-79.08963285,42063.0,85,90,5,0,85,89,84501,0,0,0,0,1
2020-05-28,US,Pennsylvania,Jefferson,7,0,0,41.12913106,-78.9986361,42065.0,7,7,0,0,7,7,43641,0,0,0,0,0
2020-05-28,US,Pennsylvania,Juniata,95,4,0,40.53358749,-77.39975129999998,42067.0,91,95,4,0,91,95,24704,0,0,0,0,0
2020-05-28,US,Pennsylvania,Lackawanna,1516,163,0,41.43564672,-75.60379201,42069.0,1353,1511,159,0,1352,1503,210793,5,4,0,1,8
2020-05-28,US,Pennsylvania,Lancaster,3056,286,0,40.03904563,-76.24770128,42071.0,2770,3031,282,0,2749,2985,543557,25,4,0,21,46
2020-05-28,US,Pennsylvania,Lawrence,74,8,0,40.99206278,-80.33393706,42073.0,66,74,8,0,66,74,86184,0,0,0,0,0
2020-05-28,US,Pennsylvania,Lebanon,944,33,0,40.36680311,-76.45651841,42075.0,911,936,31,0,905,922,141314,8,2,0,6,14
2020-05-28,US,Pennsylvania,Lehigh,3719,218,0,40.6154815,-75.59435245,42077.0,3501,3699,215,0,3484,3676,368100,20,3,0,17,23
2020-05-28,US,Pennsylvania,Luzerne,2689,139,0,41.17823008,-75.98447579,42079.0,2550,2677,138,0,2539,2662,317646,12,1,0,11,15
2020-05-28,US,Pennsylvania,Lycoming,162,16,0,41.34310539,-77.06629984,42081.0,146,161,15,0,146,161,113664,1,1,0,0,0
2020-05-28,US,Pennsylvania,McKean,12,1,0,41.80938602,-78.56478358,42083.0,11,12,1,0,11,12,40968,0,0,0,0,0
2020-05-28,US,Pennsylvania,Mercer,106,4,0,41.30248872,-80.25816981,42085.0,102,106,4,0,102,105,110683,0,0,0,0,1
2020-05-28,US,Pennsylvania,Mifflin,58,1,0,40.61116939,-77.61070738,42087.0,57,58,1,0,57,58,46222,0,0,0,0,0
2020-05-28,US,Pennsylvania,Monroe,1311,101,0,41.05934058,-75.34031025,42089.0,1210,1310,100,0,1210,1305,169507,1,1,0,0,5
2020-05-28,US,Pennsylvania,Montgomery,6811,656,0,40.21053671,-75.36652296,42091.0,6155,6738,644,0,6094,6598,828604,73,12,0,61,140
2020-05-28,US,Pennsylvania,Montour,50,0,0,41.03023987,-76.66345939,42093.0,50,50,0,0,50,50,18240,0,0,0,0,0
2020-05-28,US,Pennsylvania,Northampton,3022,206,0,40.75182733,-75.30471829,42095.0,2816,2958,203,0,2755,2933,304807,64,3,0,61,25
2020-05-28,US,Pennsylvania,Northumberland,186,3,0,40.84785433,-76.70798222,42097.0,183,182,3,0,179,177,91083,4,0,0,4,5
2020-05-28,US,Pennsylvania,Perry,54,2,0,40.40206612,-77.26297447,42099.0,52,53,1,0,52,48,46139,1,1,0,0,5
2020-05-28,US,Pennsylvania,Philadelphia,22150,1282,0,40.00338507,-75.1379271,42101.0,20868,21975,1262,0,20713,21738,1584138,175,20,0,155,237
2020-05-28,US,Pennsylvania,Pike,476,18,0,41.33155042,-75.03208106,42103.0,458,476,18,0,458,476,55933,0,0,0,0,0
2020-05-28,US,Pennsylvania,Potter,4,0,0,41.74471626,-77.89559864,42105.0,4,4,0,0,4,4,16622,0,0,0,0,0
2020-05-28,US,Pennsylvania,Schuylkill,606,31,0,40.70497338,-76.2150785,42107.0,575,601,28,0,573,600,142067,5,3,0,2,1
2020-05-28,US,Pennsylvania,Snyder,39,1,0,40.77129231,-77.06840691,42109.0,38,39,1,0,38,38,40540,0,0,0,0,1
2020-05-28,US,Pennsylvania,Somerset,37,0,0,39.97172723,-79.02699593,42111.0,37,37,0,0,37,37,73952,0,0,0,0,0
2020-05-28,US,Pennsylvania,Sullivan,2,0,0,41.44634738,-76.51246591,42113.0,2,2,0,0,2,2,6071,0,0,0,0,0
2020-05-28,US,Pennsylvania,Susquehanna,99,15,0,41.82147784,-75.80071959,42115.0,84,98,15,0,83,97,40589,1,0,0,1,1
2020-05-28,US,Pennsylvania,Tioga,16,2,0,41.77255149,-77.25433032,42117.0,14,16,2,0,14,16,40763,0,0,0,0,0
2020-05-28,US,Pennsylvania,Union,56,1,0,40.96188846,-77.05996014,42119.0,55,56,1,0,55,56,44785,0,0,0,0,0
2020-05-28,US,Pennsylvania,Venango,8,0,0,41.40323442,-79.75845449,42121.0,8,8,0,0,8,8,51266,0,0,0,0,0
2020-05-28,US,Pennsylvania,Warren,3,0,0,41.81304978,-79.26969577,42123.0,3,3,0,0,3,3,39498,0,0,0,0,0
2020-05-28,US,Pennsylvania,Washington,139,5,0,40.19208869,-80.24582867,42125.0,134,138,5,0,133,138,207346,1,0,0,1,0
2020-05-28,US,Pennsylvania,Wayne,118,7,0,41.64938475,-75.29956506,42127.0,111,118,7,0,111,118,51276,0,0,0,0,0
2020-05-28,US,Pennsylvania,Westmoreland,443,38,0,40.31377979999999,-79.46615476,42129.0,405,442,38,0,404,442,350611,1,0,0,1,0
2020-05-28,US,Pennsylvania,Wyoming,34,7,0,41.51955538,-76.01074915,42131.0,27,33,7,0,26,33,27046,1,0,0,1,0
2020-05-28,US,Pennsylvania,York,970,25,0,39.9210089,-76.73040131,42133.0,945,956,22,0,934,943,448273,14,3,0,11,13
2020-05-28,US,Rhode Island,Bristol,222,0,0,41.71018079,-71.28652315,44001.0,222,223,0,0,223,213,48649,-1,0,0,-1,10
2020-05-28,US,Rhode Island,Kent,1038,0,0,41.67106337,-71.57641596,44003.0,1038,1032,0,0,1032,1013,163861,6,0,0,6,19
2020-05-28,US,Rhode Island,Newport,237,0,0,41.5642026,-71.26569799,44005.0,237,235,0,0,235,228,82542,2,0,0,2,7
2020-05-28,US,Rhode Island,Providence,10968,0,0,41.87064746,-71.57753536,44007.0,10968,10874,0,0,10874,10607,636084,94,0,0,94,267
2020-05-28,US,Rhode Island,Unassigned,1533,677,0,0.0,0.0,90044.0,856,1496,655,0,841,1663,,37,22,0,15,-167
2020-05-28,US,Rhode Island,Washington,496,0,0,41.45961631,-71.61435303,44009.0,496,493,0,0,493,486,126179,3,0,0,3,7
2020-05-28,US,South Carolina,Abbeville,37,0,0,34.22333378,-82.46170658,45001.0,37,35,0,0,35,35,24541,2,0,0,2,0
2020-05-28,US,South Carolina,Aiken,189,7,0,33.54338026,-81.63645384,45003.0,182,184,7,0,177,181,169401,5,0,0,5,3
2020-05-28,US,South Carolina,Allendale,34,3,0,32.98837386,-81.35321066,45005.0,31,34,3,0,31,34,8903,0,0,0,0,0
2020-05-28,US,South Carolina,Anderson,226,8,0,34.51828081,-82.63959517,45007.0,218,222,8,0,214,221,200482,4,0,0,4,1
2020-05-28,US,South Carolina,Bamberg,21,0,0,33.21927586,-81.05659969,45009.0,21,21,0,0,21,21,14275,0,0,0,0,0
2020-05-28,US,South Carolina,Barnwell,44,1,0,33.26679302,-81.43584352,45011.0,43,43,1,0,42,43,21112,1,0,0,1,0
2020-05-28,US,South Carolina,Beaufort,351,14,0,32.39226291,-80.72619758,45013.0,337,346,14,0,332,342,188715,5,0,0,5,4
2020-05-28,US,South Carolina,Berkeley,224,15,0,33.20222596,-79.94654523,45015.0,209,219,15,0,204,219,221091,5,0,0,5,0
2020-05-28,US,South Carolina,Calhoun,10,1,0,33.66926881,-80.77722168,45017.0,9,10,1,0,9,10,14520,0,0,0,0,0
2020-05-28,US,South Carolina,Charleston,578,12,0,32.82487866,-79.96512315,45019.0,566,576,12,0,564,568,405905,2,0,0,2,8
2020-05-28,US,South Carolina,Cherokee,32,2,0,35.05122251,-81.61828622,45021.0,30,32,2,0,30,32,57078,0,0,0,0,0
2020-05-28,US,South Carolina,Chester,59,0,0,34.69249168,-81.1583216,45023.0,59,59,0,0,59,55,32251,0,0,0,0,4
2020-05-28,US,South Carolina,Chesterfield,151,4,0,34.64137396,-80.15640140000002,45025.0,147,149,3,0,146,141,45754,2,1,0,1,8
2020-05-28,US,South Carolina,Clarendon,296,38,0,33.66610974,-80.21647898,45027.0,258,295,38,0,257,294,33700,1,0,0,1,1
2020-05-28,US,South Carolina,Colleton,86,11,0,32.87582989,-80.67641292,45029.0,75,76,11,0,65,76,37660,10,0,0,10,0
2020-05-28,US,South Carolina,Darlington,262,8,0,34.33358335,-79.96027485,45031.0,254,260,8,0,252,254,66802,2,0,0,2,6
2020-05-28,US,South Carolina,Dillon,155,3,0,34.39007791,-79.37741872,45033.0,152,155,3,0,152,152,30599,0,0,0,0,3
2020-05-28,US,South Carolina,Dorchester,150,3,0,33.0794369,-80.40502652,45035.0,147,151,3,0,148,142,160647,-1,0,0,-1,9
2020-05-28,US,South Carolina,Edgefield,51,2,0,33.77221995,-81.96231108,45037.0,49,49,2,0,47,49,27052,2,0,0,2,0
2020-05-28,US,South Carolina,Fairfield,163,14,0,34.39287073,-81.1195624,45039.0,149,163,13,0,150,160,22402,0,1,0,-1,3
2020-05-28,US,South Carolina,Florence,622,34,0,34.02361754,-79.70189312,45041.0,588,612,34,0,578,605,138159,10,0,0,10,7
2020-05-28,US,South Carolina,Georgetown,71,3,0,33.43443342,-79.33202141,45043.0,68,71,3,0,68,71,62249,0,0,0,0,0
2020-05-28,US,South Carolina,Greenville,1382,56,0,34.89502264,-82.37295012,45045.0,1326,1364,55,0,1309,1344,514213,18,1,0,17,20
2020-05-28,US,South Carolina,Greenwood,121,1,0,34.15272415,-82.12715789,45047.0,120,103,1,0,102,92,70741,18,0,0,18,11
2020-05-28,US,South Carolina,Hampton,36,0,0,32.77419582,-81.13845571,45049.0,36,34,0,0,34,35,19351,2,0,0,2,-1
2020-05-28,US,South Carolina,Horry,395,24,0,33.9212828,-78.99555293,45051.0,371,392,24,0,368,382,344147,3,0,0,3,10
2020-05-28,US,South Carolina,Jasper,39,2,0,32.43171982,-81.02487495,45053.0,37,39,2,0,37,39,28971,0,0,0,0,0
2020-05-28,US,South Carolina,Kershaw,317,14,0,34.33988254,-80.58763164,45055.0,303,312,14,0,298,305,65592,5,0,0,5,7
2020-05-28,US,South Carolina,Lancaster,126,5,0,34.68270843,-80.70513032,45057.0,121,124,5,0,119,122,95380,2,0,0,2,2
2020-05-28,US,South Carolina,Laurens,63,3,0,34.48244419,-82.00490796,45059.0,60,60,3,0,57,59,66994,3,0,0,3,1
2020-05-28,US,South Carolina,Lee,209,15,0,34.16393091,-80.25690731,45061.0,194,208,15,0,193,207,17142,1,0,0,1,1
2020-05-28,US,South Carolina,Lexington,589,33,0,33.89665987,-81.27146426,45063.0,556,581,33,0,548,572,295032,8,0,0,8,9
2020-05-28,US,South Carolina,Marion,67,5,0,34.07859748,-79.36400756,45067.0,62,67,5,0,62,66,31039,0,0,0,0,1
2020-05-28,US,South Carolina,Marlboro,137,0,0,34.59905577,-79.67561152,45069.0,137,132,0,0,132,117,26398,5,0,0,5,15
2020-05-28,US,South Carolina,McCormick,8,1,0,33.90161443,-82.30794338,45065.0,7,8,1,0,7,8,9410,0,0,0,0,0
2020-05-28,US,South Carolina,Newberry,51,1,0,34.28629098,-81.59935761,45071.0,50,49,1,0,48,48,38520,2,0,0,2,1
2020-05-28,US,South Carolina,Oconee,49,0,0,34.75225169,-83.06742317,45073.0,49,48,0,0,48,47,78374,1,0,0,1,1
2020-05-28,US,South Carolina,Orangeburg,161,3,0,33.4391073,-80.79886287,45075.0,158,160,3,0,157,152,86934,1,0,0,1,8
2020-05-28,US,South Carolina,Pickens,129,3,0,34.88807695,-82.72791551,45077.0,126,128,3,0,125,127,124937,1,0,0,1,1
2020-05-28,US,South Carolina,Richland,1432,66,0,34.01791263,-80.90267209,45079.0,1366,1405,66,0,1339,1386,414576,27,0,0,27,19
2020-05-28,US,South Carolina,Saluda,139,0,0,34.00795823,-81.72713237,45081.0,139,137,0,0,137,137,20544,2,0,0,2,0
2020-05-28,US,South Carolina,Spartanburg,534,19,0,34.92960077,-81.99225984,45083.0,515,529,19,0,510,512,313888,5,0,0,5,17
2020-05-28,US,South Carolina,Sumter,359,18,0,33.91826534,-80.37942316,45085.0,341,357,18,0,339,347,106512,2,0,0,2,10
2020-05-28,US,South Carolina,Union,35,0,0,34.68835752,-81.61730349,45087.0,35,35,0,0,35,34,27410,0,0,0,0,1
2020-05-28,US,South Carolina,Williamsburg,227,11,0,33.62190129,-79.72767442,45089.0,216,226,11,0,215,221,30606,1,0,0,1,5
2020-05-28,US,South Carolina,York,371,7,0,34.97281497,-81.18085944,45091.0,364,363,6,0,357,352,274118,8,1,0,7,11
2020-05-28,US,South Dakota,Aurora,23,0,0,43.71757685,-98.56050467,46003.0,23,22,0,0,22,22,2801,1,0,0,1,0
2020-05-28,US,South Dakota,Beadle,190,2,0,44.41464384,-98.27858469,46005.0,188,163,2,0,161,150,18883,27,0,0,27,13
2020-05-28,US,South Dakota,Bon Homme,8,0,0,42.98914167,-97.88592746,46009.0,8,8,0,0,8,8,6980,0,0,0,0,0
2020-05-28,US,South Dakota,Brookings,15,0,0,44.36974375,-96.79079945,46011.0,15,15,0,0,15,15,35232,0,0,0,0,0
2020-05-28,US,South Dakota,Brown,266,1,0,45.58994323,-98.35165355,46013.0,265,261,1,0,260,259,39316,5,0,0,5,2
2020-05-28,US,South Dakota,Buffalo,10,0,0,44.07657829,-99.20814467,46017.0,10,9,0,0,9,9,2036,1,0,0,1,0
2020-05-28,US,South Dakota,Charles Mix,16,0,0,43.20660134,-98.58856175,46023.0,16,14,0,0,14,13,9338,2,0,0,2,1
2020-05-28,US,South Dakota,Clark,4,0,0,44.85834507,-97.72925109,46025.0,4,4,0,0,4,4,3739,0,0,0,0,0
2020-05-28,US,South Dakota,Clay,15,0,0,42.91296147,-96.97656917,46027.0,15,15,0,0,15,15,14041,0,0,0,0,0
2020-05-28,US,South Dakota,Codington,35,0,0,44.97788119,-97.18827677,46029.0,35,34,0,0,34,33,28015,1,0,0,1,1
2020-05-28,US,South Dakota,Corson,4,0,0,45.70889983,-101.1970473,46031.0,4,4,0,0,4,4,4165,0,0,0,0,0
2020-05-28,US,South Dakota,Davison,13,0,0,43.67490933,-98.14458906,46035.0,13,11,0,0,11,10,19790,2,0,0,2,1
2020-05-28,US,South Dakota,Day,13,0,0,45.367281,-97.60737498,46037.0,13,13,0,0,13,12,5505,0,0,0,0,1
2020-05-28,US,South Dakota,Deuel,1,0,0,44.75994309,-96.66943645,46039.0,1,1,0,0,1,1,4337,0,0,0,0,0
2020-05-28,US,South Dakota,Douglas,3,0,0,43.38520741,-98.36978007,46043.0,3,3,0,0,3,3,2935,0,0,0,0,0
2020-05-28,US,South Dakota,Fall River,4,0,0,43.23929297,-103.5275691,46047.0,4,4,0,0,4,4,6758,0,0,0,0,0
2020-05-28,US,South Dakota,Faulk,1,0,0,45.07082625,-99.14535601,46049.0,1,1,0,0,1,1,2330,0,0,0,0,0
2020-05-28,US,South Dakota,Grant,11,0,0,45.1723937,-96.77002276,46051.0,11,11,0,0,11,10,7147,0,0,0,0,1
2020-05-28,US,South Dakota,Hamlin,4,0,0,44.67385954,-97.18829593,46057.0,4,4,0,0,4,4,6111,0,0,0,0,0
2020-05-28,US,South Dakota,Hand,2,0,0,44.54708407,-99.00386459,46059.0,2,1,0,0,1,1,3262,1,0,0,1,0
2020-05-28,US,South Dakota,Hughes,19,0,0,44.39091534,-99.99661148,46065.0,19,19,0,0,19,19,17650,0,0,0,0,0
2020-05-28,US,South Dakota,Hutchinson,4,0,0,43.33449012,-97.75536441,46067.0,4,4,0,0,4,4,7380,0,0,0,0,0
2020-05-28,US,South Dakota,Hyde,1,0,0,44.54747703,-99.48572582,46069.0,1,1,0,0,1,1,1282,0,0,0,0,0
2020-05-28,US,South Dakota,Jackson,3,0,0,43.69318385,-101.6255063,46071.0,3,2,0,0,2,2,3307,1,0,0,1,0
2020-05-28,US,South Dakota,Jerauld,33,1,0,44.06637798,-98.62965972,46073.0,32,29,1,0,28,29,2043,4,0,0,4,0
2020-05-28,US,South Dakota,Lake,7,0,0,44.02193107,-97.12926365,46079.0,7,6,0,0,6,6,13057,1,0,0,1,0
2020-05-28,US,South Dakota,Lawrence,9,0,0,44.35919441,-103.79294279999999,46081.0,9,9,0,0,9,9,25741,0,0,0,0,0
2020-05-28,US,South Dakota,Lincoln,237,0,0,43.27841182,-96.72039050000001,46083.0,237,236,0,0,236,233,58807,1,0,0,1,3
2020-05-28,US,South Dakota,Lyman,14,0,0,43.89522709,-99.85201878,46085.0,14,13,0,0,13,12,3821,1,0,0,1,1
2020-05-28,US,South Dakota,Marshall,4,0,0,45.75870838,-97.59855639,46091.0,4,4,0,0,4,4,5112,0,0,0,0,0
2020-05-28,US,South Dakota,McCook,5,1,0,43.6742571,-97.36863144,46087.0,4,5,1,0,4,5,5546,0,0,0,0,0
2020-05-28,US,South Dakota,McPherson,1,0,0,45.76626028,-99.22118798,46089.0,1,1,0,0,1,1,2407,0,0,0,0,0
2020-05-28,US,South Dakota,Meade,10,0,0,44.56676791,-102.71627409999999,46093.0,10,10,0,0,10,10,28294,0,0,0,0,0
2020-05-28,US,South Dakota,Miner,1,0,0,44.02197882,-97.60992207,46097.0,1,1,0,0,1,1,2213,0,0,0,0,0
2020-05-28,US,South Dakota,Minnehaha,3317,45,0,43.67441641,-96.7910885,46099.0,3272,3300,45,0,3255,3289,192876,17,0,0,17,11
2020-05-28,US,South Dakota,Moody,19,0,0,44.02266214,-96.67081159,46101.0,19,18,0,0,18,18,6579,1,0,0,1,0
2020-05-28,US,South Dakota,Oglala Lakota,21,0,0,43.33749164,-102.55554980000001,46102.0,21,20,0,0,20,17,14309,1,0,0,1,3
2020-05-28,US,South Dakota,Pennington,186,3,0,44.0025835,-102.8240777,46103.0,183,172,3,0,169,162,111729,14,0,0,14,10
2020-05-28,US,South Dakota,Roberts,39,0,0,45.62975048,-96.94672673,46109.0,39,39,0,0,39,35,10447,0,0,0,0,4
2020-05-28,US,South Dakota,Sanborn,12,0,0,44.02351092,-98.09098159999999,46111.0,12,11,0,0,11,11,2429,1,0,0,1,0
2020-05-28,US,South Dakota,Spink,4,0,0,44.93837606,-98.34626602,46115.0,4,4,0,0,4,4,6495,0,0,0,0,0
2020-05-28,US,South Dakota,Stanley,10,0,0,44.41381872,-100.7349153,46117.0,10,10,0,0,10,9,3022,0,0,0,0,1
2020-05-28,US,South Dakota,Sully,1,0,0,44.71571812,-100.1278092,46119.0,1,1,0,0,1,1,1392,0,0,0,0,0
2020-05-28,US,South Dakota,Todd,23,1,0,43.19338568,-100.71955030000001,46121.0,22,22,1,0,21,20,10283,1,0,0,1,2
2020-05-28,US,South Dakota,Tripp,6,0,0,43.34459388,-99.8854891,46123.0,6,6,0,0,6,6,5478,0,0,0,0,0
2020-05-28,US,South Dakota,Turner,24,0,0,43.3109081,-97.14865776,46125.0,24,24,0,0,24,23,8424,0,0,0,0,1
2020-05-28,US,South Dakota,Union,88,0,0,42.83112163,-96.6557828,46127.0,88,87,0,0,87,86,15619,1,0,0,1,1
2020-05-28,US,South Dakota,Walworth,5,0,0,45.43019636,-100.03075140000001,46129.0,5,5,0,0,5,5,5587,0,0,0,0,0
2020-05-28,US,South Dakota,Yankton,51,0,0,43.00924485,-97.39467635,46135.0,51,51,0,0,51,51,22869,0,0,0,0,0
2020-05-28,US,South Dakota,Ziebach,1,0,0,44.97881876,-101.6654622,46137.0,1,1,0,0,1,1,2742,0,0,0,0,0
2020-05-28,US,Tennessee,Anderson,39,1,0,36.12684348,-84.19965764,47001.0,38,40,1,0,39,40,76482,-1,0,0,-1,0
2020-05-28,US,Tennessee,Bedford,274,4,0,35.51123746,-86.45549096,47003.0,270,270,4,0,266,269,49038,4,0,0,4,1
2020-05-28,US,Tennessee,Benton,7,1,0,36.07110411,-88.06849355,47005.0,6,7,1,0,6,7,16184,0,0,0,0,0
2020-05-28,US,Tennessee,Bledsoe,608,1,0,35.59942968,-85.20611967,47007.0,607,608,1,0,607,608,14755,0,0,0,0,0
2020-05-28,US,Tennessee,Blount,89,3,0,35.68938198,-83.92847788,47009.0,86,89,3,0,86,84,131349,0,0,0,0,5
2020-05-28,US,Tennessee,Bradley,108,1,0,35.15739424,-84.857186,47011.0,107,105,1,0,104,99,106727,3,0,0,3,6
2020-05-28,US,Tennessee,Campbell,17,1,0,36.40355516,-84.15108559999999,47013.0,16,17,1,0,16,17,39583,0,0,0,0,0
2020-05-28,US,Tennessee,Cannon,17,0,0,35.80990797,-86.05738983,47015.0,17,17,0,0,17,17,14462,0,0,0,0,0
2020-05-28,US,Tennessee,Carroll,27,1,0,35.97366108,-88.45189331,47017.0,26,27,1,0,26,27,28020,0,0,0,0,0
2020-05-28,US,Tennessee,Carter,19,1,0,36.28969086,-82.12588974,47019.0,18,19,1,0,18,19,56351,0,0,0,0,0
2020-05-28,US,Tennessee,Cheatham,118,0,0,36.26136216,-87.08903581,47021.0,118,114,0,0,114,112,40439,4,0,0,4,2
2020-05-28,US,Tennessee,Chester,12,0,0,35.42527478,-88.6095842,47023.0,12,13,0,0,13,12,17276,-1,0,0,-1,1
2020-05-28,US,Tennessee,Claiborne,9,0,0,36.48319149,-83.65947309,47025.0,9,8,0,0,8,8,31756,1,0,0,1,0
2020-05-28,US,Tennessee,Clay,6,0,0,36.55151008,-85.53930419,47027.0,6,6,0,0,6,6,7717,0,0,0,0,0
2020-05-28,US,Tennessee,Cocke,20,0,0,35.9278914,-83.11828725,47029.0,20,20,0,0,20,20,35774,0,0,0,0,0
2020-05-28,US,Tennessee,Coffee,68,0,0,35.49090731,-86.07311784,47031.0,68,66,0,0,66,66,55700,2,0,0,2,0
2020-05-28,US,Tennessee,Crockett,16,2,0,35.81830662,-89.14916269,47033.0,14,16,1,0,15,16,14328,0,1,0,-1,0
2020-05-28,US,Tennessee,Cumberland,111,1,0,35.95271721,-84.99840585,47035.0,110,111,1,0,110,111,59673,0,0,0,0,0
2020-05-28,US,Tennessee,Davidson,4894,60,0,36.17007426,-86.78646056,47037.0,4834,4826,60,0,4766,4716,692587,68,0,0,68,110
2020-05-28,US,Tennessee,DeKalb,37,0,0,35.97616272,-85.83689361,47041.0,37,37,0,0,37,35,20138,0,0,0,0,2
2020-05-28,US,Tennessee,Decatur,5,0,0,35.60048904,-88.11043779,47039.0,5,5,0,0,5,5,11706,0,0,0,0,0
2020-05-28,US,Tennessee,Dickson,110,0,0,36.14669837,-87.35891709,47043.0,110,107,0,0,107,106,53446,3,0,0,3,1
2020-05-28,US,Tennessee,Dyer,50,0,0,36.05931946,-89.41542855,47045.0,50,49,0,0,49,48,37320,1,0,0,1,1
2020-05-28,US,Tennessee,Fayette,110,2,0,35.19615831,-89.41399032,47047.0,108,110,2,0,108,108,40507,0,0,0,0,2
2020-05-28,US,Tennessee,Fentress,12,0,0,36.38128818,-84.92870012,47049.0,12,12,0,0,12,12,18217,0,0,0,0,0
2020-05-28,US,Tennessee,Franklin,49,1,0,35.15634626,-86.09201039,47051.0,48,49,1,0,48,48,41890,0,0,0,0,1
2020-05-28,US,Tennessee,Gibson,61,1,0,35.99438059,-88.93358327,47053.0,60,60,1,0,59,61,49045,1,0,0,1,-1
2020-05-28,US,Tennessee,Giles,12,0,0,35.20222469,-87.03992678,47055.0,12,12,0,0,12,12,29503,0,0,0,0,0
2020-05-28,US,Tennessee,Grainger,6,0,0,36.27469206,-83.51254721,47057.0,6,6,0,0,6,6,23145,0,0,0,0,0
2020-05-28,US,Tennessee,Greene,48,2,0,36.17470125,-82.84691273,47059.0,46,48,2,0,46,47,69087,0,0,0,0,1
2020-05-28,US,Tennessee,Grundy,32,1,0,35.38433717,-85.72142731,47061.0,31,32,1,0,31,32,13346,0,0,0,0,0
2020-05-28,US,Tennessee,Hamblen,30,2,0,36.21990035,-83.26586179,47063.0,28,30,2,0,28,26,64569,0,0,0,0,4
2020-05-28,US,Tennessee,Hamilton,719,15,0,35.17670231,-85.16652245,47065.0,704,670,15,0,655,642,364286,49,0,0,49,28
2020-05-28,US,Tennessee,Hancock,1,0,0,36.52692871,-83.22375847,47067.0,1,1,0,0,1,1,6549,0,0,0,0,0
2020-05-28,US,Tennessee,Hardeman,194,0,0,35.20772017,-88.99161161,47069.0,194,192,0,0,192,189,25220,2,0,0,2,3
2020-05-28,US,Tennessee,Hardin,11,2,0,35.19732531,-88.18593755,47071.0,9,11,2,0,9,11,25776,0,0,0,0,0
2020-05-28,US,Tennessee,Hawkins,31,2,0,36.44355426,-82.94885298,47073.0,29,31,2,0,29,31,56530,0,0,0,0,0
2020-05-28,US,Tennessee,Haywood,30,2,0,35.58332824,-89.28536625,47075.0,28,30,2,0,28,29,17335,0,0,0,0,1
2020-05-28,US,Tennessee,Henderson,14,0,0,35.65581134,-88.38600175,47077.0,14,14,0,0,14,13,27847,0,0,0,0,1
2020-05-28,US,Tennessee,Henry,30,0,0,36.33160906,-88.30121797,47079.0,30,30,0,0,30,29,32358,0,0,0,0,1
2020-05-28,US,Tennessee,Hickman,57,0,0,35.80609681,-87.47643507,47081.0,57,54,0,0,54,53,25063,3,0,0,3,1
2020-05-28,US,Tennessee,Houston,8,0,0,36.28872054,-87.71878828,47083.0,8,8,0,0,8,7,8263,0,0,0,0,1
2020-05-28,US,Tennessee,Humphreys,13,1,0,36.03958805,-87.77992872,47085.0,12,13,1,0,12,13,18486,0,0,0,0,0
2020-05-28,US,Tennessee,Jackson,17,0,0,36.36380466,-85.67239905,47087.0,17,17,0,0,17,17,11758,0,0,0,0,0
2020-05-28,US,Tennessee,Jefferson,28,0,0,36.04818632,-83.45148924,47089.0,28,28,0,0,28,28,54012,0,0,0,0,0
2020-05-28,US,Tennessee,Johnson,16,0,0,36.45523950000001,-81.84886538,47091.0,16,15,0,0,15,15,17778,1,0,0,1,0
2020-05-28,US,Tennessee,Knox,357,5,0,35.99508821,-83.94635435,47093.0,352,356,5,0,351,345,465289,1,0,0,1,11
2020-05-28,US,Tennessee,Lake,413,0,0,36.34180170000001,-89.48921915,47095.0,413,413,0,0,413,413,7411,0,0,0,0,0
2020-05-28,US,Tennessee,Lauderdale,56,1,0,35.75893438,-89.63015909999999,47097.0,55,56,1,0,55,56,25825,0,0,0,0,0
2020-05-28,US,Tennessee,Lawrence,24,0,0,35.21675201,-87.39787695,47099.0,24,24,0,0,24,24,43734,0,0,0,0,0
2020-05-28,US,Tennessee,Lewis,3,0,0,35.52853208,-87.49022694,47101.0,3,3,0,0,3,3,12086,0,0,0,0,0
2020-05-28,US,Tennessee,Lincoln,25,0,0,35.13738622,-86.58910106,47103.0,25,25,0,0,25,25,34117,0,0,0,0,0
2020-05-28,US,Tennessee,Loudon,137,0,0,35.73939663,-84.31145275,47105.0,137,137,0,0,137,136,53054,0,0,0,0,1
2020-05-28,US,Tennessee,Macon,124,3,0,36.53157855,-86.00778595,47111.0,121,119,3,0,116,108,24265,5,0,0,5,11
2020-05-28,US,Tennessee,Madison,175,2,0,35.61181957,-88.84076036,47113.0,173,174,2,0,172,174,97605,1,0,0,1,0
2020-05-28,US,Tennessee,Marion,38,1,0,35.12997174,-85.62265895,47115.0,37,37,1,0,36,37,28575,1,0,0,1,0
2020-05-28,US,Tennessee,Marshall,30,1,0,35.45798777,-86.76420988,47117.0,29,29,1,0,28,29,33683,1,0,0,1,0
2020-05-28,US,Tennessee,Maury,81,0,0,35.618741299999996,-87.07462444,47119.0,81,81,0,0,81,80,94340,0,0,0,0,1
2020-05-28,US,Tennessee,McMinn,136,14,0,35.42812616,-84.61520715,47107.0,122,136,14,0,122,135,53285,0,0,0,0,1
2020-05-28,US,Tennessee,McNairy,12,0,0,35.17468549,-88.5647812,47109.0,12,12,0,0,12,12,25832,0,0,0,0,0
2020-05-28,US,Tennessee,Meigs,26,0,0,35.51558739,-84.81482914,47121.0,26,25,0,0,25,25,12306,1,0,0,1,0
2020-05-28,US,Tennessee,Monroe,61,2,0,35.44550387,-84.24902965,47123.0,59,59,2,0,57,58,46357,2,0,0,2,1
2020-05-28,US,Tennessee,Montgomery,261,3,0,36.49609412,-87.38550661,47125.0,258,258,3,0,255,251,205950,3,0,0,3,7
2020-05-28,US,Tennessee,Moore,3,0,0,35.27724699,-86.36230578,47127.0,3,3,0,0,3,3,6411,0,0,0,0,0
2020-05-28,US,Tennessee,Morgan,17,0,0,36.13248031,-84.64880098,47129.0,17,17,0,0,17,17,21579,0,0,0,0,0
2020-05-28,US,Tennessee,Obion,28,1,0,36.35732446,-89.14921589,47131.0,27,28,1,0,27,27,30267,0,0,0,0,1
2020-05-28,US,Tennessee,Out of TN,379,4,0,0.0,0.0,80047.0,375,339,4,0,335,339,,40,0,0,40,0
2020-05-28,US,Tennessee,Overton,26,0,0,36.34117832,-85.28989535,47133.0,26,25,0,0,25,23,22068,1,0,0,1,2
2020-05-28,US,Tennessee,Perry,16,0,0,35.63708728,-87.86139634,47135.0,16,13,0,0,13,13,8064,3,0,0,3,0
2020-05-28,US,Tennessee,Pickett,3,0,0,36.55606529,-85.07763299999998,47137.0,3,3,0,0,3,3,5082,0,0,0,0,0
2020-05-28,US,Tennessee,Polk,15,0,0,35.12245443,-84.52075859,47139.0,15,15,0,0,15,14,16898,0,0,0,0,1
2020-05-28,US,Tennessee,Putnam,461,5,0,36.14005459,-85.50646123,47141.0,456,428,5,0,423,410,78843,33,0,0,33,18
2020-05-28,US,Tennessee,Rhea,198,0,0,35.60536161,-84.93076643,47143.0,198,197,0,0,197,197,33044,1,0,0,1,0
2020-05-28,US,Tennessee,Roane,16,0,0,35.84923189,-84.52458689,47145.0,16,16,0,0,16,15,53140,0,0,0,0,1
2020-05-28,US,Tennessee,Robertson,441,2,0,36.52454807,-86.87346725,47147.0,439,426,2,0,424,414,71012,15,0,0,15,12
2020-05-28,US,Tennessee,Rutherford,1116,22,0,35.84591405,-86.4107263,47149.0,1094,1090,22,0,1068,1063,324890,26,0,0,26,27
2020-05-28,US,Tennessee,Scott,11,0,0,36.42325673,-84.50360494,47151.0,11,11,0,0,11,11,22039,0,0,0,0,0
2020-05-28,US,Tennessee,Sequatchie,15,0,0,35.36979721,-85.41022136,47153.0,15,13,0,0,13,12,14876,2,0,0,2,1
2020-05-28,US,Tennessee,Sevier,76,2,0,35.78077323,-83.52244332,47155.0,74,75,2,0,73,75,97892,1,0,0,1,0
2020-05-28,US,Tennessee,Shelby,4718,107,0,35.1864775,-89.89692423,47157.0,4611,4615,105,0,4510,4516,935764,103,2,0,101,99
2020-05-28,US,Tennessee,Smith,30,1,0,36.25359775,-85.95411046,47159.0,29,30,1,0,29,30,19942,0,0,0,0,0
2020-05-28,US,Tennessee,Stewart,11,0,0,36.50235092,-87.83920548,47161.0,11,10,0,0,10,9,13561,1,0,0,1,1
2020-05-28,US,Tennessee,Sullivan,60,2,0,36.51240691,-82.30412917,47163.0,58,60,2,0,58,62,157668,0,0,0,0,-2
2020-05-28,US,Tennessee,Sumner,852,45,0,36.46824103,-86.45917204,47165.0,807,843,45,0,798,838,187149,9,0,0,9,5
2020-05-28,US,Tennessee,Tipton,430,3,0,35.501942,-89.73694895,47167.0,427,428,3,0,425,427,61581,2,0,0,2,1
2020-05-28,US,Tennessee,Trousdale,1393,4,0,36.39026213,-86.16087954,47169.0,1389,1392,4,0,1388,1392,11012,1,0,0,1,0
2020-05-28,US,Tennessee,Unassigned,67,0,0,0.0,0.0,90047.0,67,75,0,0,75,75,,-8,0,0,-8,0
2020-05-28,US,Tennessee,Unicoi,4,0,0,36.10890856,-82.43709629,47171.0,4,3,0,0,3,3,17761,1,0,0,1,0
2020-05-28,US,Tennessee,Union,4,0,0,36.28590426,-83.83651902,47173.0,4,4,0,0,4,4,19688,0,0,0,0,0
2020-05-28,US,Tennessee,Van Buren,4,0,0,35.69864497,-85.45221699,47175.0,4,4,0,0,4,4,5765,0,0,0,0,0
2020-05-28,US,Tennessee,Warren,22,0,0,35.672829899999996,-85.77969117,47177.0,22,22,0,0,22,21,40878,0,0,0,0,1
2020-05-28,US,Tennessee,Washington,75,0,0,36.29472368,-82.49454720000001,47179.0,75,75,0,0,75,75,128607,0,0,0,0,0
2020-05-28,US,Tennessee,Wayne,63,0,0,35.23868267,-87.78644456,47181.0,63,63,0,0,63,63,16558,0,0,0,0,0
2020-05-28,US,Tennessee,Weakley,26,0,0,36.29896232,-88.71990865,47183.0,26,26,0,0,26,26,33415,0,0,0,0,0
2020-05-28,US,Tennessee,White,30,0,0,35.92929884,-85.45591799,47185.0,30,28,0,0,28,27,27107,2,0,0,2,1
2020-05-28,US,Tennessee,Williamson,533,10,0,35.89099229,-86.89281867,47187.0,523,532,10,0,522,527,231729,1,0,0,1,5
2020-05-28,US,Tennessee,Wilson,387,8,0,36.15496772,-86.29775884,47189.0,379,382,8,0,374,371,140625,5,0,0,5,11
2020-05-28,US,Texas,Anderson,66,0,0,31.81534745,-95.65354823,48001.0,66,66,0,0,66,66,58057,0,0,0,0,0
2020-05-28,US,Texas,Andrews,27,0,0,32.30468633,-102.63765479999999,48003.0,27,27,0,0,27,27,18128,0,0,0,0,0
2020-05-28,US,Texas,Angelina,201,4,0,31.25457347,-94.60901487,48005.0,197,193,4,0,189,175,87092,8,0,0,8,18
2020-05-28,US,Texas,Aransas,5,0,0,28.10556197,-96.9995047,48007.0,5,5,0,0,5,5,23792,0,0,0,0,0
2020-05-28,US,Texas,Archer,1,0,0,33.61569967,-98.68754589,48009.0,1,1,0,0,1,1,8786,0,0,0,0,0
2020-05-28,US,Texas,Armstrong,2,0,0,34.96507426,-101.35748740000001,48011.0,2,2,0,0,2,2,1892,0,0,0,0,0
2020-05-28,US,Texas,Atascosa,35,2,0,28.89333001,-98.52730485,48013.0,33,35,2,0,33,35,50310,0,0,0,0,0
2020-05-28,US,Texas,Austin,24,0,0,29.88548725,-96.27736949,48015.0,24,24,0,0,24,22,29989,0,0,0,0,2
2020-05-28,US,Texas,Bailey,14,0,0,34.06854817,-102.8299707,48017.0,14,14,0,0,14,10,7027,0,0,0,0,4
2020-05-28,US,Texas,Bandera,6,0,0,29.74619598,-99.24598147,48019.0,6,6,0,0,6,6,22824,0,0,0,0,0
2020-05-28,US,Texas,Bastrop,196,3,0,30.10370699,-97.31206354,48021.0,193,190,2,0,188,184,86976,6,1,0,5,6
2020-05-28,US,Texas,Bee,9,0,0,28.41761668,-97.74215593,48025.0,9,9,0,0,9,9,32587,0,0,0,0,0
2020-05-28,US,Texas,Bell,335,3,0,31.03736027,-97.4785025,48027.0,332,329,3,0,326,298,355642,6,0,0,6,31
2020-05-28,US,Texas,Bexar,2583,71,0,29.44928723,-98.52019748,48029.0,2512,2449,69,0,2380,2449,1986049,134,2,0,132,0
2020-05-28,US,Texas,Blanco,8,0,0,30.26640707,-98.3999852,48031.0,8,8,0,0,8,8,11702,0,0,0,0,0
2020-05-28,US,Texas,Bosque,6,0,0,31.89978581,-97.63613524,48035.0,6,6,0,0,6,6,18691,0,0,0,0,0
2020-05-28,US,Texas,Bowie,189,11,0,33.44626922,-94.41834132,48037.0,178,156,11,0,145,153,94324,33,0,0,33,3
2020-05-28,US,Texas,Brazoria,861,12,0,29.18757369,-95.44563172,48039.0,849,853,12,0,841,843,370200,8,0,0,8,10
2020-05-28,US,Texas,Brazos,455,19,0,30.663644800000004,-96.30205577,48041.0,436,444,19,0,425,441,226758,11,0,0,11,3
2020-05-28,US,Texas,Brewster,1,0,0,29.81008251,-103.25203259999999,48043.0,1,1,0,0,1,1,9267,0,0,0,0,0
2020-05-28,US,Texas,Briscoe,1,0,0,34.53026962,-101.2084947,48045.0,1,1,0,0,1,1,1516,0,0,0,0,0
2020-05-28,US,Texas,Brooks,1,0,0,27.03103197,-98.21808402,48047.0,1,1,0,0,1,1,7114,0,0,0,0,0
2020-05-28,US,Texas,Brown,57,9,0,31.77430356,-98.99907113,48049.0,48,57,9,0,48,57,37924,0,0,0,0,0
2020-05-28,US,Texas,Burleson,23,0,0,30.49273808,-96.62158484,48051.0,23,22,0,0,22,22,18389,1,0,0,1,0
2020-05-28,US,Texas,Burnet,32,0,0,30.78801353,-98.181887,48053.0,32,30,0,0,30,29,47542,2,0,0,2,1
2020-05-28,US,Texas,Caldwell,57,0,0,29.83668859,-97.61814775,48055.0,57,52,0,0,52,51,43247,5,0,0,5,1
2020-05-28,US,Texas,Calhoun,37,3,0,28.47048236,-96.61633945,48057.0,34,37,3,0,34,37,21561,0,0,0,0,0
2020-05-28,US,Texas,Callahan,9,1,0,32.29760619,-99.37326312,48059.0,8,9,1,0,8,9,13994,0,0,0,0,0
2020-05-28,US,Texas,Cameron,731,33,0,26.14524221,-97.48140372,48061.0,698,711,33,0,678,698,423908,20,0,0,20,13
2020-05-28,US,Texas,Camp,74,0,0,32.97195142,-94.97790104,48063.0,74,58,0,0,58,51,13033,16,0,0,16,7
2020-05-28,US,Texas,Carson,6,0,0,35.40365929,-101.35426690000001,48065.0,6,6,0,0,6,6,6005,0,0,0,0,0
2020-05-28,US,Texas,Cass,29,0,0,33.07499881,-94.34646905,48067.0,29,25,0,0,25,23,30119,4,0,0,4,2
2020-05-28,US,Texas,Castro,32,1,0,34.53016752,-102.2617243,48069.0,31,32,1,0,31,32,7665,0,0,0,0,0
2020-05-28,US,Texas,Chambers,62,0,0,29.70972016,-94.67154501,48071.0,62,62,0,0,62,61,42454,0,0,0,0,1
2020-05-28,US,Texas,Cherokee,44,2,0,31.837258000000002,-95.16559897,48073.0,42,44,2,0,42,42,52592,0,0,0,0,2
2020-05-28,US,Texas,Childress,2,0,0,34.529304100000004,-100.2077916,48075.0,2,2,0,0,2,2,7291,0,0,0,0,0
2020-05-28,US,Texas,Clay,3,0,0,33.78686685,-98.20771198,48077.0,3,3,0,0,3,3,10456,0,0,0,0,0
2020-05-28,US,Texas,Cochran,1,0,0,33.60425307,-102.82844990000001,48079.0,1,1,0,0,1,1,2836,0,0,0,0,0
2020-05-28,US,Texas,Coke,1,0,0,31.88911733,-100.5297533,48081.0,1,1,0,0,1,1,3370,0,0,0,0,0
2020-05-28,US,Texas,Coleman,3,0,0,31.76736834,-99.45240766,48083.0,3,2,0,0,2,2,8397,1,0,0,1,0
2020-05-28,US,Texas,Collin,1217,33,0,33.18820114,-96.57264368,48085.0,1184,1189,33,0,1156,1157,1005146,28,0,0,28,32
2020-05-28,US,Texas,Collingsworth,5,0,0,34.96489496,-100.27001109999999,48087.0,5,5,0,0,5,5,2962,0,0,0,0,0
2020-05-28,US,Texas,Colorado,22,0,0,29.622097999999998,-96.5273805,48089.0,22,21,0,0,21,20,21217,1,0,0,1,1
2020-05-28,US,Texas,Comal,87,6,0,29.80811278,-98.27647225,48091.0,81,83,6,0,77,82,148373,4,0,0,4,1
2020-05-28,US,Texas,Comanche,9,1,0,31.94854689,-98.55876441,48093.0,8,9,1,0,8,9,13534,0,0,0,0,0
2020-05-28,US,Texas,Concho,1,0,0,31.32635934,-99.86473038,48095.0,1,1,0,0,1,1,4276,0,0,0,0,0
2020-05-28,US,Texas,Cooke,13,0,0,33.63979567,-97.21240912,48097.0,13,13,0,0,13,13,40574,0,0,0,0,0
2020-05-28,US,Texas,Coryell,227,2,0,31.39078397,-97.79936155,48099.0,225,227,2,0,225,227,74808,0,0,0,0,0
2020-05-28,US,Texas,Cottle,4,1,0,34.07783319,-100.27850620000001,48101.0,3,4,1,0,3,4,1389,0,0,0,0,0
2020-05-28,US,Texas,Crane,22,2,0,31.43052248,-102.5143314,48103.0,20,22,1,0,21,22,4794,0,1,0,-1,0
2020-05-28,US,Texas,Crosby,3,1,0,33.61431553,-101.30003640000001,48107.0,2,3,1,0,2,3,5779,0,0,0,0,0
2020-05-28,US,Texas,Dallam,24,1,0,36.27787176,-102.60207249999999,48111.0,23,22,1,0,21,22,7200,2,0,0,2,0
2020-05-28,US,Texas,Dallas,9587,222,0,32.76670599,-96.77796049999999,48113.0,9365,9385,221,0,9164,9188,2637772,202,1,0,201,197
2020-05-28,US,Texas,Dawson,40,1,0,32.74255572,-101.94772420000001,48115.0,39,40,1,0,39,40,12619,0,0,0,0,0
2020-05-28,US,Texas,DeWitt,17,1,0,29.08101855,-97.35681170000001,48123.0,16,17,1,0,16,17,20187,0,0,0,0,0
2020-05-28,US,Texas,Deaf Smith,161,13,0,34.96522957,-102.6054267,48117.0,148,158,14,0,144,157,18760,3,-1,0,4,1
2020-05-28,US,Texas,Delta,1,0,0,33.38570922,-95.66921122,48119.0,1,1,0,0,1,1,5349,0,0,0,0,0
2020-05-28,US,Texas,Denton,1285,30,0,33.20521901,-97.11691153,48121.0,1255,1255,30,0,1225,1233,859064,30,0,0,30,22
2020-05-28,US,Texas,Dickens,1,0,0,33.61616822,-100.7788855,48125.0,1,1,0,0,1,1,2249,0,0,0,0,0
2020-05-28,US,Texas,Dimmit,1,0,0,28.42270064,-99.75645095,48127.0,1,1,0,0,1,1,10308,0,0,0,0,0
2020-05-28,US,Texas,Donley,26,0,0,34.96517499,-100.8140093,48129.0,26,26,0,0,26,26,3319,0,0,0,0,0
2020-05-28,US,Texas,Duval,5,0,0,27.68184592,-98.50864568,48131.0,5,5,0,0,5,5,11212,0,0,0,0,0
2020-05-28,US,Texas,Eastland,6,0,0,32.32743996,-98.83243566,48133.0,6,6,0,0,6,5,18322,0,0,0,0,1
2020-05-28,US,Texas,Ector,152,5,0,31.86898877,-102.54294279999999,48135.0,147,152,5,0,147,151,162124,0,0,0,0,1
2020-05-28,US,Texas,El Paso,2569,72,0,31.76980765,-106.23632749999999,48141.0,2497,2461,68,0,2393,2393,840758,108,4,0,104,68
2020-05-28,US,Texas,Ellis,305,13,0,32.34894117,-96.79371841,48139.0,292,290,13,0,277,289,179436,15,0,0,15,1
2020-05-28,US,Texas,Erath,16,1,0,32.23602653,-98.21773417,48143.0,15,16,1,0,15,16,42446,0,0,0,0,0
2020-05-28,US,Texas,Falls,6,0,0,31.25350609,-96.93630086,48145.0,6,6,0,0,6,6,17335,0,0,0,0,0
2020-05-28,US,Texas,Fannin,37,2,0,33.59564294,-96.10751083,48147.0,35,37,2,0,35,37,35286,0,0,0,0,0
2020-05-28,US,Texas,Fayette,34,2,0,29.87788372,-96.92076062,48149.0,32,32,2,0,30,32,25349,2,0,0,2,0
2020-05-28,US,Texas,Fisher,2,1,0,32.74281316,-100.40193020000001,48151.0,1,2,1,0,1,2,3839,0,0,0,0,0
2020-05-28,US,Texas,Floyd,8,0,0,34.07227468,-101.3031546,48153.0,8,7,0,0,7,5,5837,1,0,0,1,2
2020-05-28,US,Texas,Fort Bend,1766,41,0,29.52704478,-95.77219463,48157.0,1725,1732,41,0,1691,1732,787858,34,0,0,34,0
2020-05-28,US,Texas,Franklin,13,0,0,33.17653242,-95.21917243,48159.0,13,13,0,0,13,12,10766,0,0,0,0,1
2020-05-28,US,Texas,Freestone,10,0,0,31.70422788,-96.15072516,48161.0,10,10,0,0,10,10,19808,0,0,0,0,0
2020-05-28,US,Texas,Frio,37,0,0,28.86751206,-99.10804207,48163.0,37,37,0,0,37,36,19816,0,0,0,0,1
2020-05-28,US,Texas,Gaines,7,0,0,32.74055318,-102.6353295,48165.0,7,7,0,0,7,6,20901,0,0,0,0,1
2020-05-28,US,Texas,Galveston,779,32,0,29.40167322,-94.90469073,48167.0,747,763,32,0,731,753,337890,16,0,0,16,10
2020-05-28,US,Texas,Garza,5,0,0,33.17969345,-101.2984114,48169.0,5,5,0,0,5,5,6578,0,0,0,0,0
2020-05-28,US,Texas,Gillespie,5,0,0,30.31824095,-98.94676915,48171.0,5,5,0,0,5,5,26804,0,0,0,0,0
2020-05-28,US,Texas,Glasscock,1,0,0,31.86942909,-101.5207776,48173.0,1,1,0,0,1,1,1388,0,0,0,0,0
2020-05-28,US,Texas,Goliad,7,0,0,28.65696592,-97.42760647,48175.0,7,7,0,0,7,7,7584,0,0,0,0,0
2020-05-28,US,Texas,Gonzales,111,2,0,29.45634206,-97.49424032,48177.0,109,100,2,0,98,91,20826,11,0,0,11,9
2020-05-28,US,Texas,Gray,96,2,0,35.40081878,-100.8129222,48179.0,94,96,2,0,94,96,21895,0,0,0,0,0
2020-05-28,US,Texas,Grayson,316,2,0,33.62744998,-96.67753461,48181.0,314,310,2,0,308,303,133991,6,0,0,6,7
2020-05-28,US,Texas,Gregg,201,6,0,32.47940482,-94.81591935,48183.0,195,197,5,0,192,185,123707,4,1,0,3,12
2020-05-28,US,Texas,Grimes,113,1,0,30.54579585,-95.98902499,48185.0,112,111,1,0,110,104,28360,2,0,0,2,7
2020-05-28,US,Texas,Guadalupe,126,0,0,29.58165339,-97.94786822,48187.0,126,124,0,0,124,122,163694,2,0,0,2,2
2020-05-28,US,Texas,Hale,56,4,0,34.07044901,-101.82681140000001,48189.0,52,56,4,0,52,55,33830,0,0,0,0,1
2020-05-28,US,Texas,Hall,2,0,0,34.5307555,-100.68138520000001,48191.0,2,2,0,0,2,2,3028,0,0,0,0,0
2020-05-28,US,Texas,Hamilton,7,1,0,31.70470573,-98.11083887,48193.0,6,7,1,0,6,7,8484,0,0,0,0,0
2020-05-28,US,Texas,Hansford,18,2,0,36.27743284,-101.3545796,48195.0,16,18,2,0,16,18,5463,0,0,0,0,0
2020-05-28,US,Texas,Hardeman,1,0,0,34.28944521,-99.74632408,48197.0,1,1,0,0,1,1,3922,0,0,0,0,0
2020-05-28,US,Texas,Hardin,137,5,0,30.33364686,-94.38931817,48199.0,132,136,5,0,131,136,57207,1,0,0,1,0
2020-05-28,US,Texas,Harris,11770,224,0,29.86,-95.39,48201.0,11546,11542,223,0,11319,11281,4698619,228,1,0,227,261
2020-05-28,US,Texas,Harrison,239,25,0,32.54935988,-94.36934071,48203.0,214,236,25,0,211,228,66726,3,0,0,3,8
2020-05-28,US,Texas,Hartley,11,2,0,35.84008013,-102.6029022,48205.0,9,11,2,0,9,11,5619,0,0,0,0,0
2020-05-28,US,Texas,Haskell,2,0,0,33.17823584,-99.73037358,48207.0,2,2,0,0,2,2,5813,0,0,0,0,0
2020-05-28,US,Texas,Hays,297,3,0,30.05669873,-98.02944344,48209.0,294,279,3,0,276,270,222631,18,0,0,18,9
2020-05-28,US,Texas,Hemphill,1,0,0,35.83764858,-100.2703577,48211.0,1,1,0,0,1,1,3825,0,0,0,0,0
2020-05-28,US,Texas,Henderson,57,0,0,32.21128872,-95.85846587,48213.0,57,56,0,0,56,55,82299,1,0,0,1,1
2020-05-28,US,Texas,Hidalgo,537,10,0,26.39418217,-98.18299696,48215.0,527,516,10,0,506,504,865939,21,0,0,21,12
2020-05-28,US,Texas,Hill,24,1,0,31.99045053,-97.13423143,48217.0,23,24,1,0,23,24,36354,0,0,0,0,0
2020-05-28,US,Texas,Hockley,27,1,0,33.60771256,-102.3431676,48219.0,26,27,1,0,26,27,22980,0,0,0,0,0
2020-05-28,US,Texas,Hood,26,3,0,32.42990927,-97.83242024,48221.0,23,26,3,0,23,26,60537,0,0,0,0,0
2020-05-28,US,Texas,Hopkins,24,0,0,33.14875072,-95.56351139,48223.0,24,21,0,0,21,18,36810,3,0,0,3,3
2020-05-28,US,Texas,Houston,84,0,0,31.31925973,-95.42226208,48225.0,84,84,0,0,84,84,23169,0,0,0,0,0
2020-05-28,US,Texas,Howard,7,1,0,32.30621324,-101.4356444,48227.0,6,6,1,0,5,6,36459,1,0,0,1,0
2020-05-28,US,Texas,Hudspeth,1,0,0,31.45628381,-105.388178,48229.0,1,1,0,0,1,1,4795,0,0,0,0,0
2020-05-28,US,Texas,Hunt,76,4,0,33.12351514,-96.08551032,48231.0,72,76,4,0,72,76,96493,0,0,0,0,0
2020-05-28,US,Texas,Hutchinson,34,0,0,35.84006574,-101.3546643,48233.0,34,30,0,0,30,30,21198,4,0,0,4,0
2020-05-28,US,Texas,Jack,4,0,0,33.23377248,-98.17283469,48237.0,4,4,0,0,4,4,8843,0,0,0,0,0
2020-05-28,US,Texas,Jackson,18,1,0,28.95472367,-96.57749563,48239.0,17,17,1,0,16,17,14874,1,0,0,1,0
2020-05-28,US,Texas,Jasper,28,1,0,30.74685667,-94.02667579,48241.0,27,28,1,0,27,28,35872,0,0,0,0,0
2020-05-28,US,Texas,Jefferson,518,27,0,29.8832777,-94.16434171,48245.0,491,506,27,0,479,503,255001,12,0,0,12,3
2020-05-28,US,Texas,Jim Hogg,4,0,0,27.04453923,-98.69681870000001,48247.0,4,4,0,0,4,4,5248,0,0,0,0,0
2020-05-28,US,Texas,Jim Wells,9,0,0,27.73103938,-98.0904705,48249.0,9,9,0,0,9,9,40822,0,0,0,0,0
2020-05-28,US,Texas,Johnson,165,4,0,32.37877812,-97.36615819,48251.0,161,158,4,0,154,155,171361,7,0,0,7,3
2020-05-28,US,Texas,Jones,323,0,0,32.73997145,-99.87861576,48253.0,323,101,0,0,101,101,19817,222,0,0,222,0
2020-05-28,US,Texas,Karnes,4,0,0,28.90705334,-97.85960149,48255.0,4,4,0,0,4,4,15650,0,0,0,0,0
2020-05-28,US,Texas,Kaufman,203,2,0,32.599141700000004,-96.28734728,48257.0,201,199,2,0,197,198,128622,4,0,0,4,1
2020-05-28,US,Texas,Kendall,28,0,0,29.94414155,-98.7113588,48259.0,28,28,0,0,28,24,45641,0,0,0,0,4
2020-05-28,US,Texas,Kerr,17,0,0,30.06040006,-99.34930144,48265.0,17,17,0,0,17,16,52405,0,0,0,0,1
2020-05-28,US,Texas,Kimble,1,0,0,30.48678918,-99.74856473,48267.0,1,1,0,0,1,1,4362,0,0,0,0,0
2020-05-28,US,Texas,Kleberg,16,1,0,27.42435506,-97.69894948,48273.0,15,16,1,0,15,16,31129,0,0,0,0,0
2020-05-28,US,Texas,Knox,1,0,0,33.60519951,-99.74229059999999,48275.0,1,1,0,0,1,1,3653,0,0,0,0,0
2020-05-28,US,Texas,La Salle,4,0,0,28.34453111,-99.09908775,48283.0,4,4,0,0,4,4,7531,0,0,0,0,0
2020-05-28,US,Texas,Lamar,136,9,0,33.66981763,-95.57404777,48277.0,127,134,9,0,125,134,49728,2,0,0,2,0
2020-05-28,US,Texas,Lamb,16,0,0,34.06859623,-102.35162890000001,48279.0,16,16,0,0,16,15,13158,0,0,0,0,1
2020-05-28,US,Texas,Lampasas,8,0,0,31.19531316,-98.24206613,48281.0,8,8,0,0,8,8,21229,0,0,0,0,0
2020-05-28,US,Texas,Lavaca,11,1,0,29.38508402,-96.93186692,48285.0,10,11,1,0,10,9,20110,0,0,0,0,2
2020-05-28,US,Texas,Lee,21,0,0,30.31120597,-96.97045773,48287.0,21,11,0,0,11,10,17144,10,0,0,10,1
2020-05-28,US,Texas,Leon,10,0,0,31.29872538,-95.9936328,48289.0,10,9,0,0,9,9,17270,1,0,0,1,0
2020-05-28,US,Texas,Liberty,81,3,0,30.15152688,-94.81205615,48291.0,78,80,3,0,77,80,86323,1,0,0,1,0
2020-05-28,US,Texas,Limestone,23,1,0,31.5454767,-96.58095444,48293.0,22,23,1,0,22,23,23519,0,0,0,0,0
2020-05-28,US,Texas,Lipscomb,2,0,0,36.27783108,-100.27331509999999,48295.0,2,2,0,0,2,2,3355,0,0,0,0,0
2020-05-28,US,Texas,Live Oak,9,0,0,28.35101362,-98.1246786,48297.0,9,9,0,0,9,9,12166,0,0,0,0,0
2020-05-28,US,Texas,Llano,3,0,0,30.70645047,-98.68475262,48299.0,3,3,0,0,3,3,21646,0,0,0,0,0
2020-05-28,US,Texas,Lubbock,677,50,0,33.61008596,-101.82047890000001,48303.0,627,674,50,0,624,667,307412,3,0,0,3,7
2020-05-28,US,Texas,Lynn,6,1,0,33.17657705,-101.8162849,48305.0,5,6,1,0,5,5,5877,0,0,0,0,1
2020-05-28,US,Texas,Madison,8,0,0,30.96694679,-95.93003775,48313.0,8,8,0,0,8,8,14422,0,0,0,0,0
2020-05-28,US,Texas,Marion,16,1,0,32.79868409,-94.35661230000001,48315.0,15,16,1,0,15,15,9928,0,0,0,0,1
2020-05-28,US,Texas,Martin,3,1,0,32.30600051,-101.9513518,48317.0,2,3,1,0,2,3,5753,0,0,0,0,0
2020-05-28,US,Texas,Mason,31,0,0,30.71780434,-99.22629416,48319.0,31,31,0,0,31,31,4280,0,0,0,0,0
2020-05-28,US,Texas,Matagorda,70,5,0,28.81955746,-96.01230294,48321.0,65,67,5,0,62,67,36552,3,0,0,3,0
2020-05-28,US,Texas,Maverick,109,1,0,28.7429195,-100.3157686,48323.0,108,109,1,0,108,97,58485,0,0,0,0,12
2020-05-28,US,Texas,McCulloch,3,0,0,31.1925468,-99.34682807,48307.0,3,3,0,0,3,3,7987,0,0,0,0,0
2020-05-28,US,Texas,McLennan,113,4,0,31.55255453,-97.20217694,48309.0,109,112,4,0,108,107,254607,1,0,0,1,5
2020-05-28,US,Texas,Medina,69,2,0,29.355730100000002,-99.11030298,48325.0,67,68,2,0,66,67,50921,1,0,0,1,1
2020-05-28,US,Texas,Midland,126,12,0,31.86904128,-102.03156820000001,48329.0,114,125,12,0,113,124,172578,1,0,0,1,1
2020-05-28,US,Texas,Milam,28,1,0,30.78581830000001,-96.97718698,48331.0,27,28,1,0,27,28,25131,0,0,0,0,0
2020-05-28,US,Texas,Mills,1,0,0,31.49557106,-98.59272068,48333.0,1,1,0,0,1,1,4921,0,0,0,0,0
2020-05-28,US,Texas,Mitchell,1,0,0,32.30623474,-100.9212058,48335.0,1,1,0,0,1,1,8145,0,0,0,0,0
2020-05-28,US,Texas,Montague,9,1,0,33.67521893,-97.72500958,48337.0,8,9,1,0,8,9,19596,0,0,0,0,0
2020-05-28,US,Texas,Montgomery,926,26,0,30.30079133,-95.50572772,48339.0,900,926,26,0,900,888,590925,0,0,0,0,38
2020-05-28,US,Texas,Moore,583,13,0,35.83769242,-101.8930281,48341.0,570,583,13,0,570,583,21485,0,0,0,0,0
2020-05-28,US,Texas,Morris,27,0,0,33.11304005,-94.73255695,48343.0,27,22,0,0,22,21,12339,5,0,0,5,1
2020-05-28,US,Texas,Motley,1,0,0,34.07408766,-100.77972199999999,48345.0,1,1,0,0,1,1,1234,0,0,0,0,0
2020-05-28,US,Texas,Nacogdoches,271,20,0,31.62017125,-94.61803994,48347.0,251,261,17,0,244,257,65711,10,3,0,7,4
2020-05-28,US,Texas,Navarro,49,2,0,32.04620681,-96.47428766,48349.0,47,49,2,0,47,45,49565,0,0,0,0,4
2020-05-28,US,Texas,Newton,4,0,0,30.78548982,-93.74408813,48351.0,4,4,0,0,4,4,13746,0,0,0,0,0
2020-05-28,US,Texas,Nolan,2,0,0,32.30365282,-100.4060208,48353.0,2,2,0,0,2,2,14751,0,0,0,0,0
2020-05-28,US,Texas,Nueces,268,3,0,27.736286,-97.5433285,48355.0,265,266,3,0,263,263,362265,2,0,0,2,3
2020-05-28,US,Texas,Ochiltree,48,2,0,36.27829105,-100.8158184,48357.0,46,43,2,0,41,43,9947,5,0,0,5,0
2020-05-28,US,Texas,Oldham,3,1,0,35.40425596,-102.6027606,48359.0,2,3,1,0,2,3,2131,0,0,0,0,0
2020-05-28,US,Texas,Orange,96,2,0,30.11879481,-93.89412775,48361.0,94,96,2,0,94,96,83572,0,0,0,0,0
2020-05-28,US,Texas,Palo Pinto,11,2,0,32.75310985,-98.31319001,48363.0,9,11,2,0,9,11,28875,0,0,0,0,0
2020-05-28,US,Texas,Panola,196,22,0,32.163959600000005,-94.30552481,48365.0,174,194,22,0,172,194,23148,2,0,0,2,0
2020-05-28,US,Texas,Parker,70,1,0,32.77757172,-97.80500621,48367.0,69,68,1,0,67,68,138371,2,0,0,2,0
2020-05-28,US,Texas,Parmer,53,0,0,34.52993409,-102.78446679999999,48369.0,53,54,0,0,54,54,9864,-1,0,0,-1,0
2020-05-28,US,Texas,Pecos,56,0,0,30.78097267,-102.72412609999999,48371.0,56,27,0,0,27,27,15673,29,0,0,29,0
2020-05-28,US,Texas,Polk,54,0,0,30.79472531,-94.82766240000001,48373.0,54,53,0,0,53,52,50031,1,0,0,1,1
2020-05-28,US,Texas,Potter,2266,27,0,35.40133773,-101.893964,48375.0,2239,2251,26,0,2225,2238,119648,15,1,0,14,13
2020-05-28,US,Texas,Presidio,1,0,0,29.99954402,-104.24080790000001,48377.0,1,1,0,0,1,1,6948,0,0,0,0,0
2020-05-28,US,Texas,Rains,3,0,0,32.87109387,-95.79232691,48379.0,3,3,0,0,3,3,12159,0,0,0,0,0
2020-05-28,US,Texas,Randall,655,6,0,34.96585996,-101.8971322,48381.0,649,652,6,0,646,648,136271,3,0,0,3,4
2020-05-28,US,Texas,Reagan,1,0,0,31.36607041,-101.52326590000001,48383.0,1,1,0,0,1,,3741,0,0,0,0,
2020-05-28,US,Texas,Red River,50,5,0,33.61886692,-95.04841765,48387.0,45,50,5,0,45,48,12175,0,0,0,0,2
2020-05-28,US,Texas,Reeves,7,0,0,31.32323325,-103.69038959999999,48389.0,7,7,0,0,7,7,15695,0,0,0,0,0
2020-05-28,US,Texas,Refugio,3,0,0,28.323897600000002,-97.15766311,48391.0,3,3,0,0,3,3,7032,0,0,0,0,0
2020-05-28,US,Texas,Roberts,2,0,0,35.83809685,-100.813175,48393.0,2,2,0,0,2,2,903,0,0,0,0,0
2020-05-28,US,Texas,Robertson,7,0,0,31.02539637,-96.51272246,48395.0,7,7,0,0,7,7,17284,0,0,0,0,0
2020-05-28,US,Texas,Rockwall,159,13,0,32.89779518,-96.40771592,48397.0,146,156,12,0,144,155,100657,3,1,0,2,1
2020-05-28,US,Texas,Runnels,2,0,0,31.8314342,-99.97616148,48399.0,2,2,0,0,2,2,10234,0,0,0,0,0
2020-05-28,US,Texas,Rusk,45,2,0,32.10773545,-94.76176432,48401.0,43,44,2,0,42,44,54450,1,0,0,1,0
2020-05-28,US,Texas,Sabine,6,0,0,31.34318809,-93.85440451,48403.0,6,5,0,0,5,5,10589,1,0,0,1,0
2020-05-28,US,Texas,San Augustine,31,2,0,31.39457611,-94.17000399,48405.0,29,31,2,0,29,29,8232,0,0,0,0,2
2020-05-28,US,Texas,San Jacinto,14,0,0,30.57933681,-95.16260304,48407.0,14,14,0,0,14,14,28719,0,0,0,0,0
2020-05-28,US,Texas,San Patricio,32,0,0,28.00880118,-97.51763891,48409.0,32,29,0,0,29,28,66893,3,0,0,3,1
2020-05-28,US,Texas,San Saba,1,0,0,31.1577796,-98.81758731,48411.0,1,1,0,0,1,1,6054,0,0,0,0,0
2020-05-28,US,Texas,Scurry,2,0,0,32.74613808,-100.91626640000001,48415.0,2,2,0,0,2,2,16866,0,0,0,0,0
2020-05-28,US,Texas,Shackelford,1,0,0,32.73587756,-99.35401337,48417.0,1,1,0,0,1,1,3253,0,0,0,0,0
2020-05-28,US,Texas,Shelby,189,6,0,31.79211404,-94.14550696,48419.0,183,187,6,0,181,183,25418,2,0,0,2,4
2020-05-28,US,Texas,Sherman,23,0,0,36.27751473,-101.8933156,48421.0,23,22,0,0,22,21,3079,1,0,0,1,1
2020-05-28,US,Texas,Smith,200,4,0,32.37474036,-95.27175679999999,48423.0,196,199,4,0,195,198,230221,1,0,0,1,1
2020-05-28,US,Texas,Starr,27,0,0,26.56150059,-98.73892358,48427.0,27,26,0,0,26,24,64525,1,0,0,1,2
2020-05-28,US,Texas,Stephens,4,0,0,32.73553157,-98.83631615,48429.0,4,4,0,0,4,4,9433,0,0,0,0,0
2020-05-28,US,Texas,Swisher,18,0,0,34.53028891,-101.73491740000001,48437.0,18,17,0,0,17,17,7462,1,0,0,1,0
2020-05-28,US,Texas,Tarrant,5190,155,0,32.77143818,-97.29101614,48439.0,5035,5039,144,0,4895,4977,2084931,151,11,0,140,62
2020-05-28,US,Texas,Taylor,231,5,0,32.30163422,-99.89007449,48441.0,226,230,5,0,225,230,137640,1,0,0,1,0
2020-05-28,US,Texas,Terry,13,0,0,33.17402785,-102.3354521,48445.0,13,13,0,0,13,13,12287,0,0,0,0,0
2020-05-28,US,Texas,Titus,443,2,0,33.21339719,-94.96797273,48449.0,441,347,2,0,345,321,33033,96,0,0,96,26
2020-05-28,US,Texas,Tom Green,93,1,0,31.40464436,-100.46244300000001,48451.0,92,93,1,0,92,90,118189,0,0,0,0,3
2020-05-28,US,Texas,Travis,3057,91,0,30.33432034,-97.78535620000001,48453.0,2966,2984,88,0,2896,2933,1248743,73,3,0,70,51
2020-05-28,US,Texas,Trinity,13,0,0,31.0879489,-95.1367187,48455.0,13,13,0,0,13,13,14740,0,0,0,0,0
2020-05-28,US,Texas,Tyler,11,0,0,30.77031716,-94.37690895,48457.0,11,11,0,0,11,11,21696,0,0,0,0,0
2020-05-28,US,Texas,Upshur,20,0,0,32.73706798,-94.93999853,48459.0,20,19,0,0,19,19,41260,1,0,0,1,0
2020-05-28,US,Texas,Uvalde,6,0,0,29.35739637,-99.76229172,48463.0,6,6,0,0,6,6,26846,0,0,0,0,0
2020-05-28,US,Texas,Val Verde,20,0,0,29.89149232,-101.1525205,48465.0,20,18,0,0,18,17,49208,2,0,0,2,1
2020-05-28,US,Texas,Van Zandt,30,1,0,32.56483801,-95.83766469,48467.0,29,30,1,0,29,26,56019,0,0,0,0,4
2020-05-28,US,Texas,Victoria,159,7,0,28.79780988,-96.96813006,48469.0,152,157,7,0,150,157,92035,2,0,0,2,0
2020-05-28,US,Texas,Walker,869,27,0,30.73872995,-95.57440968,48471.0,842,716,27,0,689,475,72480,153,0,0,153,241
2020-05-28,US,Texas,Waller,55,0,0,30.01058447,-95.99011759,48473.0,55,56,0,0,56,53,53126,-1,0,0,-1,3
2020-05-28,US,Texas,Ward,1,0,0,31.50999644,-103.09279090000001,48475.0,1,1,0,0,1,1,11720,0,0,0,0,0
2020-05-28,US,Texas,Washington,197,23,0,30.21498498,-96.40946246,48477.0,174,196,23,0,173,193,35108,1,0,0,1,3
2020-05-28,US,Texas,Webb,524,19,0,27.7610369,-99.33237355,48479.0,505,521,19,0,502,516,275910,3,0,0,3,5
2020-05-28,US,Texas,Wharton,57,0,0,29.27765923,-96.22319248,48481.0,57,56,0,0,56,55,41619,1,0,0,1,1
2020-05-28,US,Texas,Wheeler,15,0,0,35.40114335,-100.26995140000001,48483.0,15,15,0,0,15,15,5191,0,0,0,0,0
2020-05-28,US,Texas,Wichita,84,2,0,33.98842886,-98.70410340000001,48485.0,82,84,2,0,82,82,132064,0,0,0,0,2
2020-05-28,US,Texas,Wilbarger,6,0,0,34.07945812,-99.24178437,48487.0,6,6,0,0,6,6,12820,0,0,0,0,0
2020-05-28,US,Texas,Willacy,14,1,0,26.47411727,-97.61535848,48489.0,13,15,1,0,14,14,21515,-1,0,0,-1,1
2020-05-28,US,Texas,Williamson,596,23,0,30.64655664,-97.60048540000001,48491.0,573,588,22,0,566,584,566719,8,1,0,7,4
2020-05-28,US,Texas,Wilson,38,5,0,29.1732598,-98.08693082,48493.0,33,38,5,0,33,38,50224,0,0,0,0,0
2020-05-28,US,Texas,Winkler,3,0,0,31.85008651,-103.04851629999999,48495.0,3,3,0,0,3,3,7720,0,0,0,0,0
2020-05-28,US,Texas,Wise,45,3,0,33.21570665,-97.65460265,48497.0,42,45,3,0,42,45,68305,0,0,0,0,0
2020-05-28,US,Texas,Wood,26,1,0,32.78722382,-95.38236368,48499.0,25,25,1,0,24,23,45129,1,0,0,1,2
2020-05-28,US,Texas,Yoakum,3,0,0,33.17320212,-102.82764329999999,48501.0,3,3,0,0,3,3,8591,0,0,0,0,0
2020-05-28,US,Texas,Young,4,1,0,33.17659707,-98.68790885,48503.0,3,4,1,0,3,4,18045,0,0,0,0,0
2020-05-28,US,Texas,Zapata,8,0,0,27.00156391,-99.16987152,48505.0,8,8,0,0,8,8,14190,0,0,0,0,0
2020-05-28,US,Texas,Zavala,11,0,0,28.86617238,-99.76050829,48507.0,11,11,0,0,11,11,11983,0,0,0,0,0
2020-05-28,US,Utah,Bear River,117,2,0,41.52106798,-113.08328159999999,0.0,115,111,2,0,109,105,,6,0,0,6,6
2020-05-28,US,Utah,Central Utah,34,0,0,39.37231946,-111.5758676,0.0,34,33,0,0,33,33,,1,0,0,1,0
2020-05-28,US,Utah,Davis,435,2,0,40.99001837,-112.1139997,49011.0,433,424,2,0,422,419,351713,11,0,0,11,5
2020-05-28,US,Utah,Salt Lake,4806,70,0,40.66616532,-111.92160109999999,49035.0,4736,4682,70,0,4612,4632,1152633,124,0,0,124,50
2020-05-28,US,Utah,San Juan,283,5,0,37.62762978,-109.80337140000002,49037.0,278,272,5,0,267,272,15449,11,0,0,11,0
2020-05-28,US,Utah,Southeast Utah,23,0,0,38.99617072,-110.70139579999999,0.0,23,23,0,0,23,21,,0,0,0,0,2
2020-05-28,US,Utah,Southwest Utah,360,4,0,37.85447192,-111.4418764,0.0,356,335,4,0,331,330,,25,0,0,25,5
2020-05-28,US,Utah,Summit,409,0,0,40.86688146,-110.9535882,49043.0,409,407,0,0,407,405,41933,2,0,0,2,2
2020-05-28,US,Utah,Tooele,122,0,0,40.44862644,-113.12957150000001,49045.0,122,115,0,0,115,114,69907,7,0,0,7,1
2020-05-28,US,Utah,TriCounty,20,0,0,40.12491499,-109.5174415,0.0,20,20,0,0,20,20,,0,0,0,0,0
2020-05-28,US,Utah,Utah,1777,17,0,40.116672200000004,-111.66576620000001,49049.0,1760,1753,15,0,1738,1744,622213,24,2,0,22,9
2020-05-28,US,Utah,Wasatch,259,1,0,40.33110236,-111.1691419,49051.0,258,258,1,0,257,253,33240,1,0,0,1,5
2020-05-28,US,Utah,Weber-Morgan,276,5,0,41.27116049,-111.9145117,0.0,271,273,6,0,267,272,,3,-1,0,4,1
2020-05-28,US,Vermont,Addison,62,2,0,44.03217337,-73.14130877,50001.0,60,62,2,0,60,62,36973,0,0,0,0,0
2020-05-28,US,Vermont,Bennington,62,1,0,43.03519828,-73.09048868,50003.0,61,62,1,0,61,62,35631,0,0,0,0,0
2020-05-28,US,Vermont,Caledonia,15,0,0,44.46548598,-72.10314651,50005.0,15,15,0,0,15,15,30302,0,0,0,0,0
2020-05-28,US,Vermont,Chittenden,449,39,0,44.46322849,-73.08359212,50007.0,410,446,38,0,408,444,164572,3,1,0,2,2
2020-05-28,US,Vermont,Essex,3,0,0,44.72736416,-71.73579864,50009.0,3,3,0,0,3,3,6250,0,0,0,0,0
2020-05-28,US,Vermont,Franklin,99,5,0,44.85627605,-72.91249563,50011.0,94,99,5,0,94,99,49421,0,0,0,0,0
2020-05-28,US,Vermont,Grand Isle,7,0,0,44.797582399999996,-73.29679772,50013.0,7,7,0,0,7,7,7090,0,0,0,0,0
2020-05-28,US,Vermont,Lamoille,29,1,0,44.60353043,-72.64356694,50015.0,28,29,1,0,28,29,25300,0,0,0,0,0
2020-05-28,US,Vermont,Orange,8,0,0,44.00470222,-72.37640104,50017.0,8,8,0,0,8,8,28999,0,0,0,0,0
2020-05-28,US,Vermont,Orleans,10,0,0,44.82964024,-72.24562697,50019.0,10,10,0,0,10,10,26907,0,0,0,0,0
2020-05-28,US,Vermont,Rutland,54,1,0,43.57723578,-73.03741676,50021.0,53,54,1,0,53,53,58672,0,0,0,0,1
2020-05-28,US,Vermont,Unassigned,5,0,0,0.0,0.0,90050.0,5,6,0,0,6,5,,-1,0,0,-1,1
2020-05-28,US,Vermont,Washington,39,1,0,44.27343241,-72.61604978,50023.0,38,39,1,0,38,39,58140,0,0,0,0,0
2020-05-28,US,Vermont,Windham,81,3,0,42.986982,-72.71268875,50025.0,78,80,3,0,77,80,42756,1,0,0,1,0
2020-05-28,US,Vermont,Windsor,51,2,0,43.58010937,-72.58595157,50027.0,49,51,2,0,49,51,55286,0,0,0,0,0
2020-05-28,US,Virginia,Accomack,807,12,0,37.76707161,-75.63234615,51001.0,795,780,12,0,768,758,32412,27,0,0,27,22
2020-05-28,US,Virginia,Albemarle,170,8,0,38.02080697,-78.55481085,51003.0,162,168,8,0,160,161,108718,2,0,0,2,7
2020-05-28,US,Virginia,Alexandria,1887,44,0,38.814003,-77.08183073,51510.0,1843,1824,42,0,1782,1785,160530,63,2,0,61,39
2020-05-28,US,Virginia,Alleghany,17,2,0,37.78636074,-80.00222498,51005.0,15,16,2,0,14,16,14910,1,0,0,1,0
2020-05-28,US,Virginia,Amelia,23,1,0,37.34081025,-77.98584649,51007.0,22,23,1,0,22,23,13013,0,0,0,0,0
2020-05-28,US,Virginia,Amherst,27,0,0,37.60308293,-79.14548696,51009.0,27,27,0,0,27,26,31666,0,0,0,0,1
2020-05-28,US,Virginia,Appomattox,31,0,0,37.37569884,-78.81340003,51011.0,31,31,0,0,31,26,15841,0,0,0,0,5
2020-05-28,US,Virginia,Arlington,2039,109,0,38.8767675,-77.10139853,51013.0,1930,1988,109,0,1879,1935,237521,51,0,0,51,53
2020-05-28,US,Virginia,Augusta,105,1,0,38.16404586,-79.12461614,51015.0,104,102,1,0,101,100,75457,3,0,0,3,2
2020-05-28,US,Virginia,Bedford,47,2,0,37.3080028,-79.5281964,51019.0,45,45,2,0,43,43,78747,2,0,0,2,2
2020-05-28,US,Virginia,Botetourt,32,4,0,37.55531756,-79.80982182,51023.0,28,32,4,0,28,32,33277,0,0,0,0,0
2020-05-28,US,Virginia,Bristol,4,0,0,36.616302399999995,-82.16359122,51520.0,4,4,0,0,4,4,16482,0,0,0,0,0
2020-05-28,US,Virginia,Brunswick,24,1,0,36.76366949,-77.8593436,51025.0,23,21,1,0,20,21,16384,3,0,0,3,0
2020-05-28,US,Virginia,Buchanan,18,0,0,37.26818323,-82.03749726,51027.0,18,18,0,0,18,19,21221,0,0,0,0,-1
2020-05-28,US,Virginia,Buckingham,453,3,0,37.57242268,-78.52518834,51029.0,450,445,3,0,442,445,16999,8,0,0,8,0
2020-05-28,US,Virginia,Buena Vista,13,0,0,37.73484642,-79.35296097,51530.0,13,13,0,0,13,13,6237,0,0,0,0,0
2020-05-28,US,Virginia,Campbell,16,1,0,37.20553386,-79.09678609,51031.0,15,16,1,0,15,15,54973,0,0,0,0,1
2020-05-28,US,Virginia,Caroline,56,2,0,38.02679129,-77.34901405,51033.0,54,55,2,0,53,53,30772,1,0,0,1,2
2020-05-28,US,Virginia,Carroll,88,1,0,36.73066666,-80.73455942,51035.0,87,86,1,0,85,84,29636,2,0,0,2,2
2020-05-28,US,Virginia,Charles City,27,1,0,37.35358063,-77.05634116,51036.0,26,27,1,0,26,27,6941,0,0,0,0,0
2020-05-28,US,Virginia,Charlotte,23,0,0,37.01909701,-78.66314092,51037.0,23,23,0,0,23,23,11938,0,0,0,0,0
2020-05-28,US,Virginia,Charlottesville,102,3,0,38.03527919,-78.48569588,51540.0,99,97,3,0,94,90,48117,5,0,0,5,7
2020-05-28,US,Virginia,Chesapeake,481,14,0,36.67670048,-76.30545744,51550.0,467,472,14,0,458,459,242634,9,0,0,9,13
2020-05-28,US,Virginia,Chesterfield,1331,36,0,37.37373208,-77.58680140000001,51041.0,1295,1263,32,0,1231,1213,348556,68,4,0,64,50
2020-05-28,US,Virginia,Clarke,24,0,0,39.11271747,-77.99199425,51043.0,24,23,0,0,23,22,14523,1,0,0,1,1
2020-05-28,US,Virginia,Colonial Heights,86,15,0,37.26420587,-77.39609676,51570.0,71,85,10,0,75,85,17833,1,5,0,-4,0
2020-05-28,US,Virginia,Covington,3,0,0,37.7824656,-79.98631446,51580.0,3,3,0,0,3,3,5460,0,0,0,0,0
2020-05-28,US,Virginia,Craig,5,0,0,37.48133648,-80.21072274,51045.0,5,5,0,0,5,5,5064,0,0,0,0,0
2020-05-28,US,Virginia,Culpeper,656,5,0,38.48199985,-77.95630870000002,51047.0,651,645,5,0,640,638,51859,11,0,0,11,7
2020-05-28,US,Virginia,Cumberland,32,0,0,37.51328851,-78.24398086,51049.0,32,32,0,0,32,31,9809,0,0,0,0,1
2020-05-28,US,Virginia,Danville,50,2,0,36.58022376,-79.40395668,51590.0,48,48,2,0,46,48,40693,2,0,0,2,0
2020-05-28,US,Virginia,Dinwiddie,68,0,0,37.07544585,-77.63451754,51053.0,68,61,0,0,61,55,28529,7,0,0,7,6
2020-05-28,US,Virginia,Emporia,76,5,0,36.69455571,-77.53406129,51595.0,71,70,5,0,65,62,5121,6,0,0,6,8
2020-05-28,US,Virginia,Essex,46,0,0,37.93357639,-76.94230311,51057.0,46,43,0,0,43,44,10919,3,0,0,3,-1
2020-05-28,US,Virginia,Fairfax,10503,371,0,38.83677558,-77.27565836,51059.0,10132,10069,364,0,9705,9839,1150795,434,7,0,427,230
2020-05-28,US,Virginia,Fairfax,10503,371,0,38.83677558,-77.27565836,51059.0,10132,10069,364,0,9705,9839,24574,434,7,0,427,230
2020-05-28,US,Virginia,Fairfax City,63,6,0,38.85157547,-77.29779640000002,51600.0,57,59,4,0,55,59,24574,4,2,0,2,0
2020-05-28,US,Virginia,Falls Church,53,8,0,38.88485255,-77.17560759,51610.0,45,53,8,0,45,49,14772,0,0,0,0,4
2020-05-28,US,Virginia,Fauquier,303,6,0,38.73564842,-77.80647472,51061.0,297,302,5,0,297,300,70675,1,1,0,0,2
2020-05-28,US,Virginia,Floyd,5,0,0,36.9302126,-80.36738849,51063.0,5,5,0,0,5,5,15795,0,0,0,0,0
2020-05-28,US,Virginia,Fluvanna,88,6,0,37.84157909,-78.27715475,51065.0,82,87,6,0,81,87,26783,1,0,0,1,0
2020-05-28,US,Virginia,Franklin,35,1,0,36.99536167,-79.88023649,51067.0,34,35,2,0,33,34,56195,0,-1,0,1,1
2020-05-28,US,Virginia,Franklin,35,1,0,36.99536167,-79.88023649,51067.0,34,35,2,0,33,34,8013,0,-1,0,1,1
2020-05-28,US,Virginia,Franklin City,41,2,0,36.6831435,-76.93859681,51620.0,39,39,1,0,38,39,8013,2,1,0,1,0
2020-05-28,US,Virginia,Frederick,319,4,0,39.20172582,-78.25974949,51069.0,315,296,4,0,292,272,88355,23,0,0,23,24
2020-05-28,US,Virginia,Fredericksburg,142,0,0,38.2977863,-77.4922454,51630.0,142,135,0,0,135,136,29144,7,0,0,7,-1
2020-05-28,US,Virginia,Galax,107,0,0,36.66601852,-80.91703124,51640.0,107,106,0,0,106,104,6423,1,0,0,1,2
2020-05-28,US,Virginia,Giles,5,0,0,37.31234791,-80.70636931,51071.0,5,5,0,0,5,5,16844,0,0,0,0,0
2020-05-28,US,Virginia,Gloucester,30,1,0,37.40809042,-76.53524337,51073.0,29,30,1,0,29,30,37349,0,0,0,0,0
2020-05-28,US,Virginia,Goochland,93,6,0,37.71714806,-77.90381514,51075.0,87,94,6,0,88,93,23244,-1,0,0,-1,1
2020-05-28,US,Virginia,Grayson,32,0,0,36.65677234,-81.23215889,51077.0,32,32,0,0,32,31,15631,0,0,0,0,1
2020-05-28,US,Virginia,Greene,28,1,0,38.29545894,-78.46525378,51079.0,27,27,1,0,26,25,19779,1,0,0,1,2
2020-05-28,US,Virginia,Greensville,63,7,0,36.67878901,-77.56351439,51081.0,56,58,7,0,51,57,11627,5,0,0,5,1
2020-05-28,US,Virginia,Halifax,30,0,0,36.76654925,-78.93512622,51083.0,30,30,0,0,30,30,34120,0,0,0,0,0
2020-05-28,US,Virginia,Hampton,190,3,0,37.03513786,-76.35879121,51650.0,187,183,3,0,180,183,134313,7,0,0,7,0
2020-05-28,US,Virginia,Hanover,316,24,0,37.7583355,-77.49464673,51085.0,292,309,22,0,287,301,107239,7,2,0,5,8
2020-05-28,US,Virginia,Harrisonburg,757,23,0,38.43542574,-78.87536254,51660.0,734,746,21,0,725,742,54033,11,2,0,9,4
2020-05-28,US,Virginia,Henrico,1624,131,0,37.53460572,-77.39326555,51087.0,1493,1579,119,0,1460,1546,329261,45,12,0,33,33
2020-05-28,US,Virginia,Henry,95,3,0,36.68542395,-79.87634026,51089.0,92,92,3,0,89,84,50953,3,0,0,3,8
2020-05-28,US,Virginia,Highland,3,0,0,38.35799465,-79.56124594,51091.0,3,3,0,0,3,3,2210,0,0,0,0,0
2020-05-28,US,Virginia,Hopewell,81,0,0,37.29186313,-77.29754684,51670.0,81,78,0,0,78,73,22596,3,0,0,3,5
2020-05-28,US,Virginia,Isle of Wight,126,3,0,36.90579348,-76.70842863,51093.0,123,125,3,0,122,125,36953,1,0,0,1,0
2020-05-28,US,Virginia,James City,202,15,0,37.31156958,-76.76950618,51095.0,187,200,16,0,184,200,76397,2,-1,0,3,0
2020-05-28,US,Virginia,King George,62,4,0,38.26818502,-77.15852768,51099.0,58,60,4,0,56,60,26575,2,0,0,2,0
2020-05-28,US,Virginia,King William,26,0,0,37.70965316,-77.09384941,51101.0,26,25,0,0,25,24,16939,1,0,0,1,1
2020-05-28,US,Virginia,King and Queen,10,1,0,37.71044922,-76.88689628,51097.0,9,8,0,0,8,7,7042,2,1,0,1,1
2020-05-28,US,Virginia,Lancaster,10,0,0,37.71889653,-76.46400482,51103.0,10,10,0,0,10,10,10783,0,0,0,0,0
2020-05-28,US,Virginia,Lee,9,0,0,36.70586667,-83.12606515,51105.0,9,9,0,0,9,9,23541,0,0,0,0,0
2020-05-28,US,Virginia,Lexington,7,0,0,37.78258621,-79.44262866,51678.0,7,6,0,0,6,6,7136,1,0,0,1,0
2020-05-28,US,Virginia,Loudoun,2318,63,0,39.08990083,-77.63481877,51107.0,2255,2274,53,0,2221,2186,406850,44,10,0,34,88
2020-05-28,US,Virginia,Louisa,76,1,0,37.97850256,-77.96274807,51109.0,75,75,1,0,74,73,36778,1,0,0,1,2
2020-05-28,US,Virginia,Lunenburg,11,0,0,36.94618528,-78.24133319,51111.0,11,10,0,0,10,10,12086,1,0,0,1,0
2020-05-28,US,Virginia,Lynchburg,80,1,0,37.40021399,-79.19888138,51680.0,79,80,1,0,79,79,82126,0,0,0,0,1
2020-05-28,US,Virginia,Madison,38,1,0,38.41531222,-78.28220331,51113.0,37,38,1,0,37,37,13295,0,0,0,0,1
2020-05-28,US,Virginia,Manassas,971,10,0,38.7464321,-77.48509905,51683.0,961,966,10,0,956,956,41641,5,0,0,5,10
2020-05-28,US,Virginia,Manassas Park,281,6,0,38.77058531,-77.44399307,51685.0,275,280,6,0,274,277,17307,1,0,0,1,3
2020-05-28,US,Virginia,Martinsville,31,1,0,36.68212094,-79.86352771,51690.0,30,29,1,0,28,27,12902,2,0,0,2,2
2020-05-28,US,Virginia,Mathews,5,0,0,37.44164146,-76.34098896,51115.0,5,5,0,0,5,5,8802,0,0,0,0,0
2020-05-28,US,Virginia,Mecklenburg,214,21,0,36.67882005,-78.36131056,51117.0,193,212,21,0,191,211,30650,2,0,0,2,1
2020-05-28,US,Virginia,Middlesex,14,0,0,37.63191998,-76.55064617,51119.0,14,14,0,0,14,14,10769,0,0,0,0,0
2020-05-28,US,Virginia,Montgomery,72,1,0,37.17746986,-80.37868691,51121.0,71,70,1,0,69,69,98985,2,0,0,2,1
2020-05-28,US,Virginia,Nelson,16,0,0,37.78790447,-78.88498513,51125.0,16,16,0,0,16,15,14836,0,0,0,0,1
2020-05-28,US,Virginia,New Kent,36,1,0,37.50694406,-76.99828634,51127.0,35,35,1,0,34,35,22391,1,0,0,1,0
2020-05-28,US,Virginia,Newport News,257,10,0,37.08166899,-76.51754109,51700.0,247,254,10,0,244,250,178626,3,0,0,3,4
2020-05-28,US,Virginia,Norfolk,452,6,0,36.89934014,-76.26420872,51710.0,446,451,6,0,445,450,244076,1,0,0,1,1
2020-05-28,US,Virginia,Northampton,227,20,0,37.34062933,-75.87751591,51131.0,207,225,18,0,207,221,11735,2,2,0,0,4
2020-05-28,US,Virginia,Northumberland,25,1,0,37.89202088,-76.41949732,51133.0,24,23,1,0,22,23,12147,2,0,0,2,0
2020-05-28,US,Virginia,Norton,2,0,0,36.93357076,-82.62750411,51720.0,2,2,0,0,2,2,3968,0,0,0,0,0
2020-05-28,US,Virginia,Nottoway,24,0,0,37.1435975,-78.05065922,51135.0,24,21,0,0,21,20,15420,3,0,0,3,1
2020-05-28,US,Virginia,Orange,92,0,0,38.24530219,-78.01560400000002,51137.0,92,91,0,0,91,86,36644,1,0,0,1,5
2020-05-28,US,Virginia,Page,213,21,0,38.61807452,-78.48797204,51139.0,192,208,21,0,187,199,23933,5,0,0,5,9
2020-05-28,US,Virginia,Patrick,18,0,0,36.680163799999995,-80.2865648,51141.0,18,15,0,0,15,14,17673,3,0,0,3,1
2020-05-28,US,Virginia,Petersburg,112,3,0,37.20530399,-77.39368102,51730.0,109,101,3,0,98,96,31567,11,0,0,11,5
2020-05-28,US,Virginia,Pittsylvania,38,1,0,36.81980341,-79.39731264,51143.0,37,35,1,0,34,35,60949,3,0,0,3,0
2020-05-28,US,Virginia,Poquoson,7,0,0,37.14259351,-76.35798148,51735.0,7,7,0,0,7,7,12190,0,0,0,0,0
2020-05-28,US,Virginia,Portsmouth,284,11,0,36.85914825,-76.35971629,51740.0,273,282,11,0,271,281,94632,2,0,0,2,1
2020-05-28,US,Virginia,Powhatan,30,0,0,37.55016038,-77.91267882,51145.0,30,29,0,0,29,29,29189,1,0,0,1,0
2020-05-28,US,Virginia,Prince Edward,129,2,0,37.22554789,-78.43597949,51147.0,127,129,2,0,127,122,22950,0,0,0,0,7
2020-05-28,US,Virginia,Prince George,81,0,0,37.18497668,-77.22922187,51149.0,81,79,0,0,79,71,38082,2,0,0,2,8
2020-05-28,US,Virginia,Prince William,5157,101,0,38.70916224,-77.48713689,51153.0,5056,5074,99,0,4975,4992,468011,83,2,0,81,82
2020-05-28,US,Virginia,Pulaski,18,0,0,37.06474963,-80.71229738,51155.0,18,14,0,0,14,12,34066,4,0,0,4,2
2020-05-28,US,Virginia,Radford,6,0,0,37.12222899,-80.56027320000003,51750.0,6,7,0,0,7,7,18339,-1,0,0,-1,0
2020-05-28,US,Virginia,Rappahannock,13,0,0,38.68295619,-78.15826963,51157.0,13,13,0,0,13,13,7252,0,0,0,0,0
2020-05-28,US,Virginia,Richmond,275,4,0,37.937575,-76.72920628,51159.0,271,275,4,0,271,278,9038,0,0,0,0,-3
2020-05-28,US,Virginia,Richmond City,1133,21,0,37.53255773,-77.47966921,51760.0,1112,1112,21,0,1091,1089,228783,21,0,0,21,23
2020-05-28,US,Virginia,Roanoke,97,7,0,37.26865804,-80.06396753,51161.0,90,96,7,0,89,96,94073,1,0,0,1,0
2020-05-28,US,Virginia,Roanoke City,147,9,0,37.27791025,-79.96189766,51770.0,138,146,9,0,137,146,99920,1,0,0,1,0
2020-05-28,US,Virginia,Rockbridge,16,0,0,37.81204314,-79.44605905,51163.0,16,17,0,0,17,17,22752,-1,0,0,-1,0
2020-05-28,US,Virginia,Rockingham,490,6,0,38.51006137,-78.87260325,51165.0,484,483,6,0,477,478,81244,7,0,0,7,5
2020-05-28,US,Virginia,Russell,8,0,0,36.93028320000001,-82.10095486,51167.0,8,8,0,0,8,8,26748,0,0,0,0,0
2020-05-28,US,Virginia,Salem,32,3,0,37.2836193,-80.06219455,51775.0,29,32,3,0,29,32,25643,0,0,0,0,0
2020-05-28,US,Virginia,Scott,7,2,0,36.71466456,-82.60171704,51169.0,5,7,2,0,5,7,21534,0,0,0,0,0
2020-05-28,US,Virginia,Shenandoah,414,20,0,38.85905135,-78.56813762,51171.0,394,394,17,0,377,378,43497,20,3,0,17,16
2020-05-28,US,Virginia,Smyth,15,0,0,36.84455636,-81.53344948,51173.0,15,15,0,0,15,15,30472,0,0,0,0,0
2020-05-28,US,Virginia,Southampton,146,2,0,36.72231125,-77.10642712,51175.0,144,144,2,0,142,143,17586,2,0,0,2,1
2020-05-28,US,Virginia,Spotsylvania,487,6,0,38.18574462,-77.655399,51177.0,481,474,6,0,468,463,134238,13,0,0,13,11
2020-05-28,US,Virginia,Stafford,672,4,0,38.41758738,-77.45917053,51179.0,668,657,4,0,653,642,149960,15,0,0,15,15
2020-05-28,US,Virginia,Staunton,36,0,0,38.15965544,-79.05979937,51790.0,36,36,0,0,36,36,24922,0,0,0,0,0
2020-05-28,US,Virginia,Suffolk,308,31,0,36.70155394,-76.63603554,51800.0,277,308,31,0,277,303,91185,0,0,0,0,5
2020-05-28,US,Virginia,Surry,9,1,0,37.11781893,-76.88450012,51181.0,8,8,1,0,7,7,6474,1,0,0,1,1
2020-05-28,US,Virginia,Sussex,142,2,0,36.92432914,-77.25791182,51183.0,140,138,1,0,137,135,11237,4,1,0,3,3
2020-05-28,US,Virginia,Tazewell,7,0,0,37.12191123,-81.56685568,51185.0,7,6,0,0,6,6,40855,1,0,0,1,0
2020-05-28,US,Virginia,Virginia Beach,662,22,0,36.73285734,-76.04566934,51810.0,640,646,22,0,624,638,450189,16,0,0,16,8
2020-05-28,US,Virginia,Warren,141,2,0,38.90847745,-78.20280433,51187.0,139,129,2,0,127,117,40003,12,0,0,12,12
2020-05-28,US,Virginia,Washington,51,4,0,36.72341572,-81.95666289,51191.0,47,51,4,0,47,51,54402,0,0,0,0,0
2020-05-28,US,Virginia,Waynesboro,41,0,0,38.06451466,-78.90293905,51820.0,41,41,0,0,41,41,22628,0,0,0,0,0
2020-05-28,US,Virginia,Westmoreland,63,1,0,38.11021557,-76.80213247,51193.0,62,61,0,0,61,54,17830,2,1,0,1,7
2020-05-28,US,Virginia,Williamsburg,44,4,0,37.28131268,-76.70905141,51830.0,40,43,3,0,40,43,14896,1,1,0,0,0
2020-05-28,US,Virginia,Winchester,168,1,0,39.17054517,-78.17325058,51840.0,167,156,1,0,155,147,28108,12,0,0,12,9
2020-05-28,US,Virginia,Wise,24,2,0,36.9746148,-82.62410519,51195.0,22,24,2,0,22,24,38012,0,0,0,0,0
2020-05-28,US,Virginia,Wythe,21,1,0,36.91582035,-81.07834059,51197.0,20,21,1,0,20,21,28754,0,0,0,0,0
2020-05-28,US,Virginia,York,72,3,0,37.24374789,-76.54412815,51199.0,69,71,3,0,68,71,67846,1,0,0,1,0
2020-05-28,US,Washington,Adams,54,0,0,46.98299757,-118.56017340000001,53001.0,54,53,0,0,53,53,19759,1,0,0,1,0
2020-05-28,US,Washington,Asotin,19,2,0,46.18894415,-117.2022851,53003.0,17,19,2,0,17,19,22610,0,0,0,0,0
2020-05-28,US,Washington,Benton,742,61,0,46.23946995,-119.51208340000001,53005.0,681,733,60,0,673,727,201877,9,1,0,8,6
2020-05-28,US,Washington,Chelan,238,6,0,47.87046092,-120.6173956,53007.0,232,236,6,0,230,233,77036,2,0,0,2,3
2020-05-28,US,Washington,Clallam,25,0,0,48.04754642,-123.92263190000001,53009.0,25,25,0,0,25,25,76737,0,0,0,0,0
2020-05-28,US,Washington,Clark,449,22,0,45.77568046,-122.48292040000001,53011.0,427,424,22,0,402,421,481857,25,0,0,25,3
2020-05-28,US,Washington,Columbia,1,0,0,46.29442881,-117.9051983,53013.0,1,1,0,0,1,1,4059,0,0,0,0,0
2020-05-28,US,Washington,Cowlitz,73,0,0,46.19074721,-122.6782231,53015.0,73,73,0,0,73,73,108987,0,0,0,0,0
2020-05-28,US,Washington,Douglas,164,3,0,47.7361335,-119.69293700000001,53017.0,161,162,3,0,159,157,42907,2,0,0,2,5
2020-05-28,US,Washington,Ferry,1,0,0,48.471143100000006,-118.5154041,53019.0,1,1,0,0,1,1,7649,0,0,0,0,0
2020-05-28,US,Washington,Franklin,523,20,0,46.53351425,-118.9018212,53021.0,503,513,20,0,493,510,94347,10,0,0,10,3
2020-05-28,US,Washington,Grant,198,4,0,47.20753737,-119.4500749,53025.0,194,194,4,0,190,190,97331,4,0,0,4,4
2020-05-28,US,Washington,Grays Harbor,16,0,0,47.14003705,-123.7820567,53027.0,16,16,0,0,16,16,73901,0,0,0,0,0
2020-05-28,US,Washington,Island,177,11,0,48.14713305,-122.5216407,53029.0,166,177,11,0,166,177,84460,0,0,0,0,0
2020-05-28,US,Washington,Jefferson,30,0,0,47.75003077,-123.56097040000002,53031.0,30,30,0,0,30,30,31729,0,0,0,0,0
2020-05-28,US,Washington,King,7923,562,0,47.49137892,-121.8346131,53033.0,7361,7863,559,0,7304,7835,2233163,60,3,0,57,28
2020-05-28,US,Washington,Kitsap,161,2,0,47.63479026,-122.6436061,53035.0,159,161,2,0,159,161,269805,0,0,0,0,0
2020-05-28,US,Washington,Kittitas,80,0,0,47.12521214,-120.67943899999999,53037.0,80,80,0,0,80,75,47364,0,0,0,0,5
2020-05-28,US,Washington,Klickitat,24,3,0,45.87325839,-120.7913598,53039.0,21,24,3,0,21,24,22107,0,0,0,0,0
2020-05-28,US,Washington,Lewis,35,3,0,46.57756476,-122.39257690000001,53041.0,32,35,3,0,32,35,79604,0,0,0,0,0
2020-05-28,US,Washington,Lincoln,2,0,0,47.57705241,-118.41943880000001,53043.0,2,2,0,0,2,2,10740,0,0,0,0,0
2020-05-28,US,Washington,Mason,34,1,0,47.35007586,-123.1863685,53045.0,33,34,1,0,33,34,65507,0,0,0,0,0
2020-05-28,US,Washington,Okanogan,47,1,0,48.54855019,-119.73872240000001,53047.0,46,45,1,0,44,44,42132,2,0,0,2,1
2020-05-28,US,Washington,Pacific,9,1,0,46.55418369,-123.7285716,53049.0,8,9,1,0,8,9,22036,0,0,0,0,0
2020-05-28,US,Washington,Pend Oreille,3,0,0,48.53234021,-117.2741804,53051.0,3,3,0,0,3,3,13602,0,0,0,0,0
2020-05-28,US,Washington,Pierce,1884,78,0,47.03892768,-122.14059579999999,53053.0,1806,1856,75,0,1781,1766,891299,28,3,0,25,90
2020-05-28,US,Washington,San Juan,15,0,0,48.60182783,-122.96745,53055.0,15,15,0,0,15,15,17128,0,0,0,0,0
2020-05-28,US,Washington,Skagit,428,15,0,48.48171488,-121.766131,53057.0,413,428,15,0,413,427,128206,0,0,0,0,1
2020-05-28,US,Washington,Skamania,3,0,0,46.02408726,-121.91644029999999,53059.0,3,3,0,0,3,3,11924,0,0,0,0,0
2020-05-28,US,Washington,Snohomish,2937,147,0,48.04615983,-121.7170703,53061.0,2790,2927,145,0,2782,2916,814901,10,2,0,8,11
2020-05-28,US,Washington,Spokane,531,31,0,47.62113146,-117.4046494,53063.0,500,516,31,0,485,497,514631,15,0,0,15,19
2020-05-28,US,Washington,Stevens,11,1,0,48.40035475,-117.8542701,53065.0,10,10,1,0,9,10,45260,1,0,0,1,0
2020-05-28,US,Washington,Thurston,132,1,0,46.9291895,-122.82906559999999,53067.0,131,131,1,0,130,130,286419,1,0,0,1,1
2020-05-28,US,Washington,Unassigned,53,0,0,0.0,0.0,90053.0,53,51,0,0,51,48,,2,0,0,2,3
2020-05-28,US,Washington,Wahkiakum,4,0,0,46.29180039999999,-123.4250831,53069.0,4,4,0,0,4,4,4426,0,0,0,0,0
2020-05-28,US,Washington,Walla Walla,108,2,0,46.23040051,-118.4775539,53071.0,106,108,2,0,106,108,60922,0,0,0,0,0
2020-05-28,US,Washington,Whatcom,383,36,0,48.82227976,-121.74900179999999,53073.0,347,380,36,0,344,378,225685,3,0,0,3,2
2020-05-28,US,Washington,Whitman,16,0,0,46.90022523,-117.52417630000001,53075.0,16,16,0,0,16,16,49791,0,0,0,0,0
2020-05-28,US,Washington,Yakima,3231,93,0,46.45738486,-120.73801259999999,53077.0,3138,3048,91,0,2957,3008,251446,183,2,0,181,40
2020-05-28,US,West Virginia,Barbour,9,1,0,39.1307219,-80.00350858,54001.0,8,9,1,0,8,7,16535,0,0,0,0,2
2020-05-28,US,West Virginia,Berkeley,298,6,0,39.46704621,-78.02414609,54003.0,292,297,6,0,291,286,117123,1,0,0,1,11
2020-05-28,US,West Virginia,Boone,10,0,0,38.01974191,-81.69888019,54005.0,10,9,0,0,9,9,21951,1,0,0,1,0
2020-05-28,US,West Virginia,Braxton,2,0,0,38.70036159,-80.72011184,54007.0,2,2,0,0,2,2,14089,0,0,0,0,0
2020-05-28,US,West Virginia,Brooke,4,0,0,40.27367263,-80.57915332,54009.0,4,4,0,0,4,3,22203,0,0,0,0,1
2020-05-28,US,West Virginia,Cabell,61,0,0,38.42424062,-82.23855912,54011.0,61,60,0,0,60,59,93224,1,0,0,1,1
2020-05-28,US,West Virginia,Calhoun,2,0,0,38.84315422,-81.11934872,54013.0,2,2,0,0,2,2,7254,0,0,0,0,0
2020-05-28,US,West Virginia,Clay,2,0,0,38.46231092,-81.07652217,54015.0,2,2,0,0,2,2,8632,0,0,0,0,0
2020-05-28,US,West Virginia,Fayette,46,3,0,38.02974928,-81.08286634,54019.0,43,47,3,0,44,45,43018,-1,0,0,-1,2
2020-05-28,US,West Virginia,Gilmer,10,0,0,38.9251277,-80.85952723,54021.0,10,10,0,0,10,10,8026,0,0,0,0,0
2020-05-28,US,West Virginia,Grant,11,0,0,39.10314817,-79.19440518,54023.0,11,11,0,0,11,11,11626,0,0,0,0,0
2020-05-28,US,West Virginia,Greenbrier,9,0,0,37.9463652,-80.45335881,54025.0,9,9,0,0,9,9,34786,0,0,0,0,0
2020-05-28,US,West Virginia,Hampshire,29,1,0,39.32103553,-78.60826476,54027.0,28,23,1,0,22,21,23347,6,0,0,6,2
2020-05-28,US,West Virginia,Hancock,17,0,0,40.51943859,-80.57461608,54029.0,17,17,0,0,17,18,29094,0,0,0,0,-1
2020-05-28,US,West Virginia,Hardy,38,0,0,39.00683177,-78.85855301,54031.0,38,38,0,0,38,37,13775,0,0,0,0,1
2020-05-28,US,West Virginia,Harrison,40,1,0,39.2853852,-80.37919577,54033.0,39,40,1,0,39,39,67554,0,0,0,0,1
2020-05-28,US,West Virginia,Jackson,135,18,0,38.84263974,-81.68148753,54035.0,117,135,18,0,117,135,28706,0,0,0,0,0
2020-05-28,US,West Virginia,Jefferson,168,1,0,39.30776166,-77.86014147,54037.0,167,167,1,0,166,154,56811,1,0,0,1,13
2020-05-28,US,West Virginia,Kanawha,218,18,0,38.33860077,-81.52857054,54039.0,200,216,18,0,198,212,180454,2,0,0,2,4
2020-05-28,US,West Virginia,Lewis,6,1,0,38.9947249,-80.49988181,54041.0,5,6,1,0,5,5,16024,0,0,0,0,1
2020-05-28,US,West Virginia,Lincoln,5,0,0,38.172154,-82.07017953,54043.0,5,5,0,0,5,5,20599,0,0,0,0,0
2020-05-28,US,West Virginia,Logan,17,1,0,37.8299889,-81.93528571,54045.0,16,16,1,0,15,16,32607,1,0,0,1,0
2020-05-28,US,West Virginia,Marion,51,2,0,39.50984542,-80.24244659,54049.0,49,51,2,0,49,50,56097,0,0,0,0,1
2020-05-28,US,West Virginia,Marshall,28,0,0,39.86064362,-80.66591062,54051.0,28,28,0,0,28,27,30785,0,0,0,0,1
2020-05-28,US,West Virginia,Mason,15,0,0,38.77071799,-82.02524219,54053.0,15,15,0,0,15,16,26718,0,0,0,0,-1
2020-05-28,US,West Virginia,McDowell,6,0,0,37.38002939,-81.65083669,54047.0,6,6,0,0,6,6,18223,0,0,0,0,0
2020-05-28,US,West Virginia,Mercer,13,0,0,37.40481169,-81.11023142,54055.0,13,13,0,0,13,13,59131,0,0,0,0,0
2020-05-28,US,West Virginia,Mineral,44,1,0,39.41561583,-78.94104895,54057.0,43,41,1,0,40,38,26940,3,0,0,3,3
2020-05-28,US,West Virginia,Mingo,6,1,0,37.73048351,-82.13338365,54059.0,5,6,1,0,5,5,23785,0,0,0,0,1
2020-05-28,US,West Virginia,Monongalia,131,5,0,39.63218457,-80.04766838,54061.0,126,129,5,0,124,121,106420,2,0,0,2,8
2020-05-28,US,West Virginia,Monroe,7,0,0,37.56274716,-80.54577965,54063.0,7,7,0,0,7,7,13280,0,0,0,0,0
2020-05-28,US,West Virginia,Morgan,18,0,0,39.55439028,-78.26311676,54065.0,18,18,0,0,18,18,17787,0,0,0,0,0
2020-05-28,US,West Virginia,Nicholas,8,1,0,38.29617706,-80.79759588,54067.0,7,10,1,0,9,10,24842,-2,0,0,-2,0
2020-05-28,US,West Virginia,Ohio,41,1,0,40.0955451,-80.62203992,54069.0,40,41,1,0,40,39,41755,0,0,0,0,2
2020-05-28,US,West Virginia,Pendleton,11,0,0,38.68314479,-79.35084086,54071.0,11,10,0,0,10,9,6997,1,0,0,1,1
2020-05-28,US,West Virginia,Pleasants,4,0,0,39.37091679,-81.16771771,54073.0,4,5,0,0,5,4,7507,-1,0,0,-1,1
2020-05-28,US,West Virginia,Pocahontas,18,0,0,38.32758728,-80.00993811,54075.0,18,17,0,0,17,24,8414,1,0,0,1,-7
2020-05-28,US,West Virginia,Preston,22,1,0,39.46770987,-79.66712803,54077.0,21,22,1,0,21,21,33839,0,0,0,0,1
2020-05-28,US,West Virginia,Putnam,35,0,0,38.50782345,-81.9082131,54079.0,35,33,0,0,33,32,56682,2,0,0,2,1
2020-05-28,US,West Virginia,Raleigh,16,0,0,37.76936795,-81.2456041,54081.0,16,16,0,0,16,15,74254,0,0,0,0,1
2020-05-28,US,West Virginia,Randolph,123,0,0,38.769899,-79.87919615,54083.0,123,104,0,0,104,36,28823,19,0,0,19,68
2020-05-28,US,West Virginia,Ritchie,1,0,0,39.18094587,-81.06356878,54085.0,1,1,0,0,1,1,9721,0,0,0,0,0
2020-05-28,US,West Virginia,Roane,9,0,0,38.71622686,-81.35243568,54087.0,9,10,0,0,10,8,13932,-1,0,0,-1,2
2020-05-28,US,West Virginia,Summers,1,0,0,37.65390597,-80.86009693,54089.0,1,1,0,0,1,2,12760,0,0,0,0,-1
2020-05-28,US,West Virginia,Taylor,8,0,0,39.33602617,-80.0421439,54091.0,8,9,0,0,9,8,16862,-1,0,0,-1,1
2020-05-28,US,West Virginia,Tucker,4,0,0,39.11240885,-79.57053576,54093.0,4,4,0,0,4,4,6955,0,0,0,0,0
2020-05-28,US,West Virginia,Tyler,3,0,0,39.46811972,-80.88772676,54095.0,3,3,0,0,3,3,8746,0,0,0,0,0
2020-05-28,US,West Virginia,Unassigned,1,0,0,0.0,0.0,90054.0,1,,,,,,,,,,,
2020-05-28,US,West Virginia,Upshur,7,0,0,38.89285061,-80.23689136,54097.0,7,7,0,0,7,7,24415,0,0,0,0,0
2020-05-28,US,West Virginia,Wayne,98,9,0,38.14901357,-82.42287994,54099.0,89,97,9,0,88,97,39944,1,0,0,1,0
2020-05-28,US,West Virginia,Wetzel,8,0,0,39.6065771,-80.64016540000001,54103.0,8,9,0,0,9,8,15270,-1,0,0,-1,1
2020-05-28,US,West Virginia,Wirt,4,0,0,39.02775007,-81.37473928,54105.0,4,4,0,0,4,4,5830,0,0,0,0,0
2020-05-28,US,West Virginia,Wood,54,2,0,39.20967886,-81.5162836,54107.0,52,54,2,0,52,51,84203,0,0,0,0,3
2020-05-28,US,West Virginia,Wyoming,3,0,0,37.612327,-81.54511071,54109.0,3,3,0,0,3,3,20786,0,0,0,0,0
2020-05-28,US,Wisconsin,Adams,4,1,0,43.96974651,-89.76782777,55001.0,3,4,1,0,3,4,20348,0,0,0,0,0
2020-05-28,US,Wisconsin,Ashland,2,0,0,46.31956891,-90.67837132,55003.0,2,2,0,0,2,2,15600,0,0,0,0,0
2020-05-28,US,Wisconsin,Barron,14,0,0,45.42372701,-91.84833627,55005.0,14,14,0,0,14,12,45164,0,0,0,0,2
2020-05-28,US,Wisconsin,Bayfield,3,1,0,46.52868768,-91.19716729,55007.0,2,3,1,0,2,3,15042,0,0,0,0,0
2020-05-28,US,Wisconsin,Brown,2300,34,0,44.452655299999996,-88.00411844,55009.0,2266,2285,33,0,2252,2249,263378,15,1,0,14,36
2020-05-28,US,Wisconsin,Buffalo,5,1,0,44.37835084,-91.75332578,55011.0,4,5,1,0,4,5,13125,0,0,0,0,0
2020-05-28,US,Wisconsin,Burnett,1,1,0,45.86303537,-92.36711412,55013.0,0,1,1,0,0,1,15392,0,0,0,0,0
2020-05-28,US,Wisconsin,Calumet,74,1,0,44.0816316,-88.21780273,55015.0,73,74,1,0,73,73,50159,0,0,0,0,1
2020-05-28,US,Wisconsin,Chippewa,53,0,0,45.06939744,-91.28068855,55017.0,53,54,0,0,54,54,64135,-1,0,0,-1,0
2020-05-28,US,Wisconsin,Clark,32,4,0,44.73483377,-90.61207486,55019.0,28,29,4,0,25,28,34709,3,0,0,3,1
2020-05-28,US,Wisconsin,Columbia,42,1,0,43.46492199,-89.33589004,55021.0,41,40,1,0,39,38,57358,2,0,0,2,2
2020-05-28,US,Wisconsin,Crawford,26,0,0,43.23870316,-90.93073686,55023.0,26,26,0,0,26,26,16291,0,0,0,0,0
2020-05-28,US,Wisconsin,Dane,679,27,0,43.06601594,-89.41733797,55025.0,652,652,27,0,625,630,542364,27,0,0,27,22
2020-05-28,US,Wisconsin,Dodge,172,1,0,43.41576662,-88.70928178,55027.0,171,166,1,0,165,162,87847,6,0,0,6,4
2020-05-28,US,Wisconsin,Door,38,3,0,44.95856458,-87.30002707,55029.0,35,38,3,0,35,38,27610,0,0,0,0,0
2020-05-28,US,Wisconsin,Douglas,19,0,0,46.43222285,-91.91595768,55031.0,19,19,0,0,19,19,43208,0,0,0,0,0
2020-05-28,US,Wisconsin,Dunn,24,0,0,44.94562799,-91.8962481,55033.0,24,24,0,0,24,23,45131,0,0,0,0,1
2020-05-28,US,Wisconsin,Eau Claire,99,0,0,44.726614,-91.28609183,55035.0,99,99,0,0,99,100,104534,0,0,0,0,-1
2020-05-28,US,Wisconsin,Florence,2,0,0,45.84963535,-88.39804137,55037.0,2,2,0,0,2,2,4321,0,0,0,0,0
2020-05-28,US,Wisconsin,Fond du Lac,192,5,0,43.75354908,-88.48885325,55039.0,187,185,4,0,181,179,103066,7,1,0,6,6
2020-05-28,US,Wisconsin,Forest,26,1,0,45.66678019,-88.77084892,55041.0,25,24,1,0,23,12,8991,2,0,0,2,12
2020-05-28,US,Wisconsin,Grant,93,12,0,42.8671731,-90.7063218,55043.0,81,89,12,0,77,87,51554,4,0,0,4,2
2020-05-28,US,Wisconsin,Green,60,0,0,42.6794956,-89.60243287,55045.0,60,58,0,0,58,55,36929,2,0,0,2,3
2020-05-28,US,Wisconsin,Green Lake,16,0,0,43.80025981,-89.04679553,55047.0,16,16,0,0,16,15,18918,0,0,0,0,1
2020-05-28,US,Wisconsin,Iowa,14,0,0,43.00050278,-90.13469017,55049.0,14,12,0,0,12,12,23771,2,0,0,2,0
2020-05-28,US,Wisconsin,Iron,2,1,0,46.26302338,-90.24295041,55051.0,1,2,1,0,1,2,5676,0,0,0,0,0
2020-05-28,US,Wisconsin,Jackson,15,1,0,44.31864893,-90.80566792,55053.0,14,14,1,0,13,14,20478,1,0,0,1,0
2020-05-28,US,Wisconsin,Jefferson,96,3,0,43.02054068,-88.77529134,55055.0,93,92,3,0,89,90,85129,4,0,0,4,2
2020-05-28,US,Wisconsin,Juneau,22,1,0,43.92456975,-90.11120239,55057.0,21,22,1,0,21,22,26617,0,0,0,0,0
2020-05-28,US,Wisconsin,Kenosha,1088,25,0,42.57639354,-88.04051686,55059.0,1063,1033,24,0,1009,1008,169290,55,1,0,54,25
2020-05-28,US,Wisconsin,Kewaunee,34,1,0,44.51727459,-87.61468386,55061.0,33,33,1,0,32,33,20383,1,0,0,1,0
2020-05-28,US,Wisconsin,La Crosse,51,0,0,43.90632465,-91.11451093,55063.0,51,51,0,0,51,51,118230,0,0,0,0,0
2020-05-28,US,Wisconsin,Lafayette,26,0,0,42.66005229,-90.1317729,55065.0,26,25,0,0,25,25,16665,1,0,0,1,0
2020-05-28,US,Wisconsin,Langlade,2,0,0,45.26271619,-89.07483625,55067.0,2,2,0,0,2,3,19268,0,0,0,0,-1
2020-05-28,US,Wisconsin,Lincoln,7,0,0,45.33737523,-89.73411273,55069.0,7,5,0,0,5,5,27689,2,0,0,2,0
2020-05-28,US,Wisconsin,Manitowoc,36,1,0,44.11946801,-87.80928853,55071.0,35,32,1,0,31,31,79074,4,0,0,4,1
2020-05-28,US,Wisconsin,Marathon,43,1,0,44.89792533,-89.75863384,55073.0,42,43,1,0,42,42,135428,0,0,0,0,1
2020-05-28,US,Wisconsin,Marinette,33,2,0,45.38553432,-88.03324599999998,55075.0,31,32,2,0,30,32,40434,1,0,0,1,0
2020-05-28,US,Wisconsin,Marquette,3,1,0,43.81911946,-89.40073763,55077.0,2,3,1,0,2,3,15434,0,0,0,0,0
2020-05-28,US,Wisconsin,Menominee,3,0,0,45.00422544,-88.70950714,55078.0,3,3,0,0,3,3,4658,0,0,0,0,0
2020-05-28,US,Wisconsin,Milwaukee,6952,285,0,43.00486062,-87.96733172,55079.0,6667,6748,282,0,6466,6517,948201,204,3,0,201,231
2020-05-28,US,Wisconsin,Monroe,16,1,0,43.94641218,-90.61881899999999,55081.0,15,16,1,0,15,16,46051,0,0,0,0,0
2020-05-28,US,Wisconsin,Oconto,35,0,0,45.02715345,-88.26807503,55083.0,35,35,0,0,35,34,37830,0,0,0,0,1
2020-05-28,US,Wisconsin,Oneida,9,0,0,45.70677897,-89.51944105,55085.0,9,8,0,0,8,7,35470,1,0,0,1,1
2020-05-28,US,Wisconsin,Outagamie,204,8,0,44.41578887,-88.46565023,55087.0,196,198,8,0,190,196,187365,6,0,0,6,2
2020-05-28,US,Wisconsin,Ozaukee,156,11,0,43.38352225,-87.94625009,55089.0,145,144,11,0,133,138,89147,12,0,0,12,6
2020-05-28,US,Wisconsin,Pepin,1,0,0,44.58307413,-91.99949611,55091.0,1,1,0,0,1,1,7289,0,0,0,0,0
2020-05-28,US,Wisconsin,Pierce,44,0,0,44.71850291,-92.4224416,55093.0,44,43,0,0,43,43,42555,1,0,0,1,0
2020-05-28,US,Wisconsin,Polk,18,1,0,45.46130348,-92.44182875,55095.0,17,17,1,0,16,16,43598,1,0,0,1,1
2020-05-28,US,Wisconsin,Portage,11,0,0,44.47558711,-89.50152965,55097.0,11,10,0,0,10,10,70942,1,0,0,1,0
2020-05-28,US,Wisconsin,Price,2,0,0,45.68051754,-90.36098879999999,55099.0,2,2,0,0,2,2,13397,0,0,0,0,0
2020-05-28,US,Wisconsin,Racine,1605,33,0,42.74753117,-88.05941254,55101.0,1572,1579,28,0,1551,1395,196584,26,5,0,21,184
2020-05-28,US,Wisconsin,Richland,14,4,0,43.3762778,-90.43012729,55103.0,10,14,4,0,10,14,17377,0,0,0,0,0
2020-05-28,US,Wisconsin,Rock,607,18,0,42.67151616,-89.07147900000002,55105.0,589,588,18,0,570,583,163129,19,0,0,19,5
2020-05-28,US,Wisconsin,Rusk,5,0,0,45.47498854,-91.1333012,55107.0,5,5,0,0,5,4,14147,0,0,0,0,1
2020-05-28,US,Wisconsin,Sauk,78,3,0,43.42574087,-89.94966132,55111.0,75,78,3,0,75,77,64249,0,0,0,0,1
2020-05-28,US,Wisconsin,Sawyer,8,0,0,45.87931905,-91.14504927,55113.0,8,7,0,0,7,7,16489,1,0,0,1,0
2020-05-28,US,Wisconsin,Shawano,43,0,0,44.78902246,-88.76443896,55115.0,43,41,0,0,41,38,40796,2,0,0,2,3
2020-05-28,US,Wisconsin,Sheboygan,84,3,0,43.72099677,-87.94579284,55117.0,81,83,3,0,80,83,115456,1,0,0,1,0
2020-05-28,US,Wisconsin,St. Croix,74,0,0,45.03437474,-92.45000068,55109.0,74,71,0,0,71,70,89694,3,0,0,3,1
2020-05-28,US,Wisconsin,Taylor,1,0,0,45.21179252,-90.5004405,55119.0,1,1,0,0,1,1,20412,0,0,0,0,0
2020-05-28,US,Wisconsin,Trempealeau,23,0,0,44.30360275,-91.35893614,55121.0,23,22,0,0,22,21,29442,1,0,0,1,1
2020-05-28,US,Wisconsin,Vernon,20,0,0,43.59422667,-90.8324691,55123.0,20,19,0,0,19,17,30785,1,0,0,1,2
2020-05-28,US,Wisconsin,Vilas,6,0,0,46.05467334,-89.51719204,55125.0,6,6,0,0,6,6,21938,0,0,0,0,0
2020-05-28,US,Wisconsin,Walworth,372,16,0,42.66858202,-88.54163073,55127.0,356,363,16,0,347,351,103718,9,0,0,9,12
2020-05-28,US,Wisconsin,Washburn,2,0,0,45.89838588,-91.79050449,55129.0,2,2,0,0,2,2,15878,0,0,0,0,0
2020-05-28,US,Wisconsin,Washington,233,4,0,43.36863664,-88.22974712,55131.0,229,212,4,0,208,209,135693,21,0,0,21,3
2020-05-28,US,Wisconsin,Waukesha,650,28,0,43.01833055,-88.30431188,55133.0,622,593,28,0,565,578,403072,57,0,0,57,15
2020-05-28,US,Wisconsin,Waupaca,27,1,0,44.47068056,-88.96534501,55135.0,26,27,1,0,26,26,51128,0,0,0,0,1
2020-05-28,US,Wisconsin,Waushara,8,0,0,44.11324419,-89.24317107,55137.0,8,8,0,0,8,8,24263,0,0,0,0,0
2020-05-28,US,Wisconsin,Winnebago,205,3,0,44.06886922,-88.64477096,55139.0,202,199,3,0,196,191,171020,6,0,0,6,8
2020-05-28,US,Wisconsin,Wood,10,1,0,44.45537896,-90.04158336,55141.0,9,9,1,0,8,9,73055,1,0,0,1,0
2020-05-28,US,Wyoming,Albany,24,0,0,41.65498705,-105.72354150000001,56001.0,24,23,0,0,23,23,38601,1,0,0,1,0
2020-05-28,US,Wyoming,Big Horn,5,0,0,44.52405055,-107.9960365,56003.0,5,5,0,0,5,5,11881,0,0,0,0,0
2020-05-28,US,Wyoming,Campbell,30,0,0,44.24886082,-105.54744040000001,56005.0,30,30,0,0,30,30,46140,0,0,0,0,0
2020-05-28,US,Wyoming,Carbon,16,0,0,41.69357844,-106.9326084,56007.0,16,16,0,0,16,16,14971,0,0,0,0,0
2020-05-28,US,Wyoming,Converse,24,0,0,42.97272268,-105.5081848,56009.0,24,24,0,0,24,24,13640,0,0,0,0,0
2020-05-28,US,Wyoming,Crook,5,0,0,44.58855102,-104.56977049999999,56011.0,5,5,0,0,5,5,7450,0,0,0,0,0
2020-05-28,US,Wyoming,Fremont,261,0,0,43.04183996,-108.6296893,56013.0,261,255,0,0,255,250,39531,6,0,0,6,5
2020-05-28,US,Wyoming,Goshen,5,0,0,42.08798185,-104.3534743,56015.0,5,5,0,0,5,5,13376,0,0,0,0,0
2020-05-28,US,Wyoming,Hot Springs,12,0,0,43.71930657,-108.44231740000001,56017.0,12,12,0,0,12,10,4555,0,0,0,0,2
2020-05-28,US,Wyoming,Johnson,18,1,0,44.04057166,-106.58451740000001,56019.0,17,18,1,0,17,18,8460,0,0,0,0,0
2020-05-28,US,Wyoming,Laramie,188,0,0,41.30702520000001,-104.6887497,56021.0,188,185,0,0,185,183,98976,3,0,0,3,2
2020-05-28,US,Wyoming,Lincoln,15,0,0,42.26376367,-110.6563997,56023.0,15,15,0,0,15,15,19434,0,0,0,0,0
2020-05-28,US,Wyoming,Natrona,75,0,0,42.96180148,-106.79788500000001,56025.0,75,72,0,0,72,72,79115,3,0,0,3,0
2020-05-28,US,Wyoming,Niobrara,2,0,0,43.05607708,-104.47588959999999,56027.0,2,2,0,0,2,2,2388,0,0,0,0,0
2020-05-28,US,Wyoming,Park,2,0,0,44.52157546,-109.58528249999999,56029.0,2,2,0,0,2,2,29324,0,0,0,0,0
2020-05-28,US,Wyoming,Platte,1,0,0,42.13299116,-104.96633100000001,56031.0,1,1,0,0,1,1,8566,0,0,0,0,0
2020-05-28,US,Wyoming,Sheridan,16,0,0,44.79048913,-106.8862389,56033.0,16,16,0,0,16,16,30233,0,0,0,0,0
2020-05-28,US,Wyoming,Sublette,3,0,0,42.76558279,-109.91309220000001,56035.0,3,3,0,0,3,3,9813,0,0,0,0,0
2020-05-28,US,Wyoming,Sweetwater,26,0,0,41.65943896,-108.8827882,56037.0,26,25,0,0,25,25,43051,1,0,0,1,0
2020-05-28,US,Wyoming,Teton,100,0,0,43.93522482,-110.5890801,56039.0,100,100,0,0,100,100,23081,0,0,0,0,0
2020-05-28,US,Wyoming,Uinta,12,0,0,41.2878183,-110.54757820000002,56041.0,12,12,0,0,12,12,20299,0,0,0,0,0
2020-05-28,US,Wyoming,Unassigned,0,14,0,0.0,0.0,90056.0,-14,0,13,0,-13,0,,0,1,0,-1,0
2020-05-28,US,Wyoming,Washakie,35,0,0,43.90451606,-107.68018700000002,56043.0,35,33,0,0,33,33,7885,2,0,0,2,0
2020-05-28,US,Wyoming,Weston,1,0,0,43.83961191,-104.56748809999999,56045.0,1,1,0,0,1,,6967,0,0,0,0,
