Date,Country/Region,Province/State,Admin2,Confirmed,Deaths,Recovered,Latitude,Longitude,FIPS,Incidence_Rate,Case-Fatality_Ratio,Active Cases,Previous Confirmed,Previous Deaths,Previous Recovered,Previous Active,Prev2 Confirmed,Population,Daily Confirmed,Daily Deaths,Daily Recovered,Daily Active,Previous Daily Confirmed
2020-08-04,US,Alabama,Autauga,1030,20,0,32.53952745,-86.64408227,1001.0,1843.5984177271832,1.9417475728155342,1010,1024,20,0,1004,1010,55601,6,0,0,6,14
2020-08-04,US,Alabama,Baldwin,3263,23,0,30.72774991,-87.72207058,1003.0,1461.6949031061574,0.7048728164266013,3240,3210,23,0,3187,3175,218022,53,0,0,53,35
2020-08-04,US,Alabama,Barbour,563,5,0,31.868263,-85.3871286,1005.0,2280.644899943288,0.8880994671403197,558,563,5,0,558,562,24881,0,0,0,0,1
2020-08-04,US,Alabama,Bibb,381,3,0,32.99642064,-87.12511459999996,1007.0,1701.3485755112977,0.7874015748031497,378,374,3,0,371,364,22400,7,0,0,7,10
2020-08-04,US,Alabama,Blount,741,3,0,33.98210918,-86.56790593,1009.0,1281.4304983917266,0.4048582995951417,738,736,3,0,733,722,57840,5,0,0,5,14
2020-08-04,US,Alabama,Bullock,441,11,0,32.10030533,-85.71265535,1011.0,4365.9043659043655,2.4943310657596367,430,438,11,0,427,437,10138,3,0,0,3,1
2020-08-04,US,Alabama,Butler,751,35,0,31.75300095,-86.68057478,1013.0,3861.5795968737134,4.660452729693741,716,752,35,0,717,751,19680,-1,0,0,-1,1
2020-08-04,US,Alabama,Calhoun,1590,12,0,33.77483727,-85.82630386,1015.0,1399.5862858148846,0.7547169811320755,1578,1560,9,0,1551,1535,114277,30,3,0,27,25
2020-08-04,US,Alabama,Chambers,828,38,0,32.91360079,-85.39072749,1017.0,2489.92602393697,4.5893719806763285,790,821,38,0,783,814,33615,7,0,0,7,7
2020-08-04,US,Alabama,Cherokee,247,7,0,34.17805983,-85.60638968,1019.0,942.89204458696,2.8340080971659916,240,242,7,0,235,233,26032,5,0,0,5,9
2020-08-04,US,Alabama,Chilton,722,6,0,32.85044126,-86.7173256,1021.0,1625.1012874763662,0.8310249307479224,716,710,6,0,704,697,44153,12,0,0,12,13
2020-08-04,US,Alabama,Choctaw,276,12,0,32.02227341,-88.26564429999998,1023.0,2192.3901819048374,4.3478260869565215,264,274,12,0,262,273,12841,2,0,0,2,1
2020-08-04,US,Alabama,Clarke,487,9,0,31.68099859,-87.83548597,1025.0,2061.6374566082463,1.8480492813141685,478,486,9,0,477,484,23920,1,0,0,1,2
2020-08-04,US,Alabama,Clay,223,5,0,33.26984193,-85.85836077,1027.0,1684.9263316962601,2.242152466367713,218,217,5,0,212,216,13275,6,0,0,6,1
2020-08-04,US,Alabama,Cleburne,121,1,0,33.67679204,-85.52005899,1029.0,811.535881958417,0.8264462809917356,120,121,1,0,120,114,14987,0,0,0,0,7
2020-08-04,US,Alabama,Coffee,716,5,0,31.39932826,-85.98901039,1031.0,1367.9263306713538,0.6983240223463687,711,709,5,0,704,703,51909,7,0,0,7,6
2020-08-04,US,Alabama,Colbert,1107,12,0,34.69847452,-87.80168544,1033.0,2003.9463442008653,1.084010840108401,1095,1093,12,0,1081,1076,54762,14,0,0,14,17
2020-08-04,US,Alabama,Conecuh,372,10,0,31.43401703,-86.99320044,1035.0,3082.7877682936933,2.6881720430107525,362,373,10,0,363,371,12277,-1,0,0,-1,2
2020-08-04,US,Alabama,Coosa,92,2,0,32.93690146,-86.24847739,1037.0,862.7965863265497,2.1739130434782608,90,92,2,0,90,90,10715,0,0,0,0,2
2020-08-04,US,Alabama,Covington,715,20,0,31.247785399999998,-86.45050893,1039.0,1929.8766498421007,2.797202797202797,695,709,20,0,689,704,36986,6,0,0,6,5
2020-08-04,US,Alabama,Crenshaw,297,3,0,31.72941803,-86.31593104,1041.0,2156.549520766773,1.0101010101010102,294,286,3,0,283,284,13824,11,0,0,11,2
2020-08-04,US,Alabama,Cullman,1157,11,0,34.13020303,-86.86888037,1043.0,1381.195683315825,0.9507346585998272,1146,1141,11,0,1130,1113,83442,16,0,0,16,28
2020-08-04,US,Alabama,Dale,787,22,0,31.43037123,-85.61095742,1045.0,1600.504352070284,2.795425667090216,765,785,20,0,765,776,48956,2,2,0,0,9
2020-08-04,US,Alabama,Dallas,1294,23,0,32.32688101,-87.10866709999998,1047.0,3478.8686955586627,1.777434312210201,1271,1288,23,0,1265,1280,38310,6,0,0,6,8
2020-08-04,US,Alabama,DeKalb,1718,13,0,34.45946862,-85.80782906,1049.0,2402.360409995385,0.7566938300349243,1705,1701,13,0,1688,1677,71385,17,0,0,17,24
2020-08-04,US,Alabama,Elmore,1626,37,0,32.59785413,-86.14415284,1051.0,2002.241130909136,2.2755227552275517,1589,1602,37,0,1565,1584,81887,24,0,0,24,18
2020-08-04,US,Alabama,Escambia,979,15,0,31.1256789,-87.15918694,1053.0,2672.4537984877024,1.5321756894790604,964,979,15,0,964,965,36748,0,0,0,0,14
2020-08-04,US,Alabama,Etowah,1957,28,0,34.04567266,-86.04051873,1055.0,1913.5995619353075,1.430761369443025,1929,1930,26,0,1904,1914,102501,27,2,0,25,16
2020-08-04,US,Alabama,Fayette,176,5,0,33.72076938,-87.73886638,1057.0,1079.6221322537112,2.8409090909090913,171,174,5,0,169,169,16433,2,0,0,2,5
2020-08-04,US,Alabama,Franklin,1206,20,0,34.44235334,-87.84289505,1059.0,3845.4180218098336,1.658374792703151,1186,1196,20,0,1176,1184,31363,10,0,0,10,12
2020-08-04,US,Alabama,Geneva,242,0,0,31.09389027,-85.83572839,1061.0,921.1678276426476,0.0,242,232,0,0,232,226,26314,10,0,0,10,6
2020-08-04,US,Alabama,Greene,245,11,0,32.85504247,-87.95684022,1063.0,3020.589323141413,4.489795918367347,234,242,11,0,231,240,8233,3,0,0,3,2
2020-08-04,US,Alabama,Hale,457,26,0,32.76039258,-87.63284988,1065.0,3119.241007439765,5.689277899343545,431,459,26,0,433,449,14726,-2,0,0,-2,10
2020-08-04,US,Alabama,Henry,246,3,0,31.51148016,-85.24267944,1067.0,1429.8169136878814,1.2195121951219512,243,245,3,0,242,243,17209,1,0,0,1,2
2020-08-04,US,Alabama,Houston,1327,12,0,31.15197924,-85.29939599,1069.0,1253.2819553842958,0.904295403165034,1315,1319,12,0,1307,1309,104722,8,0,0,8,10
2020-08-04,US,Alabama,Jackson,870,4,0,34.78144169,-85.99750489,1071.0,1685.1973811645294,0.4597701149425287,866,828,3,0,825,816,51736,42,1,0,41,12
2020-08-04,US,Alabama,Jefferson,12039,228,0,33.55554728,-86.89506300000002,1073.0,1828.0433604171444,1.8938450037378516,11811,11859,225,0,11634,11650,659300,180,3,0,177,209
2020-08-04,US,Alabama,Lamar,203,2,0,33.77995024,-88.09668032,1075.0,1470.4817095255341,0.9852216748768472,201,198,2,0,196,194,13844,5,0,0,5,4
2020-08-04,US,Alabama,Lauderdale,1095,12,0,34.90171875,-87.65624729,1077.0,1180.8603565227706,1.095890410958904,1083,1071,12,0,1059,1053,92387,24,0,0,24,18
2020-08-04,US,Alabama,Lawrence,324,0,0,34.52041498,-87.31069453,1079.0,984.084558376868,0.0,324,310,0,0,310,306,32957,14,0,0,14,4
2020-08-04,US,Alabama,Lee,2519,40,0,32.60154883,-85.35132246,1081.0,1530.9161186809451,1.5879317189360858,2479,2505,40,0,2465,2491,163941,14,0,0,14,14
2020-08-04,US,Alabama,Limestone,1208,13,0,34.81185586,-86.98310072,1083.0,1221.2505686700702,1.0761589403973508,1195,1196,13,0,1183,1183,96174,12,0,0,12,13
2020-08-04,US,Alabama,Lowndes,558,24,0,32.1597283,-86.65158371,1085.0,5737.199259716224,4.301075268817204,534,552,24,0,528,546,9974,6,0,0,6,6
2020-08-04,US,Alabama,Macon,311,13,0,32.38759944,-85.69267724,1087.0,1721.2751826433469,4.180064308681672,298,309,13,0,296,308,18439,2,0,0,2,1
2020-08-04,US,Alabama,Madison,5082,27,0,34.76327133,-86.55069633,1089.0,1362.7989670402162,0.5312868949232585,5055,5014,25,0,4989,4932,366519,68,2,0,66,82
2020-08-04,US,Alabama,Marengo,526,14,0,32.24767634,-87.78796182,1091.0,2788.5278057573028,2.661596958174905,512,520,14,0,506,515,19066,6,0,0,6,5
2020-08-04,US,Alabama,Marion,547,24,0,34.13697363,-87.88704173,1093.0,1841.192904507052,4.387568555758683,523,542,24,0,518,535,29763,5,0,0,5,7
2020-08-04,US,Alabama,Marshall,2984,33,0,34.36975964,-86.30486727,1095.0,3083.472833612334,1.1058981233243967,2951,2966,30,0,2936,2947,96109,18,3,0,15,19
2020-08-04,US,Alabama,Mobile,9170,197,0,30.78472347,-88.20842409,1097.0,2219.2105708961544,2.148309705561614,8973,9086,191,0,8895,8998,413757,84,6,0,78,88
2020-08-04,US,Alabama,Monroe,395,4,0,31.56729412,-87.36995001,1099.0,1905.175324362128,1.0126582278481011,391,391,4,0,387,388,21067,4,0,0,4,3
2020-08-04,US,Alabama,Montgomery,6305,147,0,32.2206831,-86.20969272,1101.0,2783.8365285271498,2.3314829500396512,6158,6249,143,0,6106,6198,225763,56,4,0,52,51
2020-08-04,US,Alabama,Morgan,2243,15,0,34.45500589,-86.85475946,1103.0,1874.1800984299668,0.6687472135532768,2228,2223,15,0,2208,2206,119089,20,0,0,20,17
2020-08-04,US,Alabama,Perry,431,4,0,32.64048341,-87.29770589,1105.0,4830.214053569427,0.9280742459396752,427,429,4,0,425,428,9140,2,0,0,2,1
2020-08-04,US,Alabama,Pickens,371,9,0,33.28094866,-88.08818103,1107.0,1861.515303562469,2.4258760107816717,362,367,9,0,358,363,19938,4,0,0,4,4
2020-08-04,US,Alabama,Pike,660,7,0,31.80396383,-85.9408295,1109.0,1993.1146946910671,1.0606060606060606,653,660,7,0,653,654,33338,0,0,0,0,6
2020-08-04,US,Alabama,Randolph,391,10,0,33.29526734,-85.45708831,1111.0,1720.7992254202975,2.557544757033248,381,388,10,0,378,388,22725,3,0,0,3,0
2020-08-04,US,Alabama,Russell,1247,1,0,32.28725256,-85.18415324,1113.0,2151.4466624109314,0.08019246190858059,1246,1233,1,0,1232,1220,57781,14,0,0,14,13
2020-08-04,US,Alabama,Shelby,3075,32,0,33.26879845,-86.66232561,1117.0,1412.4812817521201,1.0406504065040652,3043,3050,32,0,3018,3002,215707,25,0,0,25,48
2020-08-04,US,Alabama,St. Clair,1236,12,0,33.71902176,-86.31029372,1115.0,1380.820448654929,0.9708737864077671,1224,1217,12,0,1205,1182,88690,19,0,0,19,35
2020-08-04,US,Alabama,Sumter,359,18,0,32.59117397,-88.19916205,1119.0,2888.871006679005,5.013927576601671,341,361,18,0,343,361,12691,-2,0,0,-2,0
2020-08-04,US,Alabama,Talladega,927,13,0,33.37823223,-86.16886178,1121.0,1159.0687439045735,1.4023732470334411,914,918,13,0,905,890,79828,9,0,0,9,28
2020-08-04,US,Alabama,Tallapoosa,822,78,0,32.86698258,-85.79833053,1123.0,2036.316793420368,9.489051094890511,744,814,78,0,736,804,40497,8,0,0,8,10
2020-08-04,US,Alabama,Tuscaloosa,3984,66,0,33.28726072,-87.52556818,1125.0,1902.987748083399,1.6566265060240963,3918,3974,63,0,3911,3912,208911,10,3,0,7,62
2020-08-04,US,Alabama,Unassigned,2812,55,0,0.0,0.0,90001.0,0.0,1.9559032716927451,2757,2734,53,0,2681,2633,,78,2,0,76,101
2020-08-04,US,Alabama,Walker,1474,64,0,33.80270512,-87.30027177,1127.0,2320.492435572488,4.341926729986431,1410,1470,63,0,1407,1457,63711,4,1,0,3,13
2020-08-04,US,Alabama,Washington,314,12,0,31.4092794,-88.20689944,1129.0,1923.3125076564984,3.8216560509554136,302,310,11,0,299,310,16378,4,1,0,3,0
2020-08-04,US,Alabama,Wilcox,408,9,0,31.98773215,-87.30891118,1131.0,3933.2883447411546,2.2058823529411766,399,405,9,0,396,402,10627,3,0,0,3,3
2020-08-04,US,Alabama,Winston,432,11,0,34.15030532,-87.37325922,1133.0,1828.2618815861865,2.5462962962962963,421,429,11,0,418,428,23660,3,0,0,3,1
2020-08-04,US,Alaska,Aleutians East,2,0,0,55.32222414,-161.9722021,2013.0,59.93407252022774,0.0,2,1,0,0,1,1,3515,1,0,0,1,0
2020-08-04,US,Alaska,Aleutians West,4,0,0,52.3233,-174.1596,2016.0,70.99751508697194,0.0,4,5,0,0,5,5,5723,-1,0,0,-1,0
2020-08-04,US,Alaska,Anchorage,1956,13,0,61.14998174,-149.14269860000005,2020.0,679.1666666666666,0.6646216768916156,1943,1918,13,0,1905,1877,291538,38,0,0,38,41
2020-08-04,US,Alaska,Bethel,22,0,0,60.90980451,-159.8561831,2050.0,119.65626019797672,0.0,22,22,0,0,22,21,18216,0,0,0,0,1
2020-08-04,US,Alaska,Bristol Bay,6,0,0,58.74513976,-156.701064,2060.0,717.7033492822967,0.0,6,6,0,0,6,6,877,0,0,0,0,0
2020-08-04,US,Alaska,Denali,1,0,0,63.67264044,-150.0076108,2068.0,47.687172150691474,0.0,1,1,0,0,1,1,2059,0,0,0,0,0
2020-08-04,US,Alaska,Dillingham,1,0,0,59.79603738,-158.23819419999995,2070.0,20.34174125305126,0.0,1,1,0,0,1,1,5000,0,0,0,0,0
2020-08-04,US,Alaska,Fairbanks North Star,413,5,0,64.80726247,-146.5692662,2090.0,426.437030841826,1.2106537530266344,408,410,5,0,405,406,98971,3,0,0,3,4
2020-08-04,US,Alaska,Haines,4,0,0,59.09893571,-135.4679843,2100.0,158.10276679841897,0.0,4,4,0,0,4,4,2474,0,0,0,0,0
2020-08-04,US,Alaska,Juneau,92,1,0,58.45031811,-134.200436,2110.0,287.73378369925564,1.0869565217391304,91,91,1,0,90,88,32113,1,0,0,1,3
2020-08-04,US,Alaska,Kenai Peninsula,304,2,0,60.24429722,-151.53888840000005,2122.0,517.8169925734142,0.6578947368421053,302,304,2,0,302,304,58533,0,0,0,0,0
2020-08-04,US,Alaska,Ketchikan Gateway,36,0,0,55.57445008,-130.975561,2130.0,258.97417451981875,0.0,36,35,0,0,35,35,13918,1,0,0,1,0
2020-08-04,US,Alaska,Kodiak Island,6,0,0,57.65529415,-153.7493579,2150.0,46.16094783812894,0.0,6,6,0,0,6,6,13345,0,0,0,0,0
2020-08-04,US,Alaska,Kusilvak,6,0,0,62.15429159999999,-163.39678830000003,2158.0,72.1674284339668,0.0,6,5,0,0,5,4,8303,1,0,0,1,1
2020-08-04,US,Alaska,Matanuska-Susitna,311,2,0,62.31305045,-149.5741743,2170.0,287.1202119704201,0.6430868167202572,309,305,2,0,303,301,107610,6,0,0,6,4
2020-08-04,US,Alaska,Nome,19,0,0,64.90320724,-164.0353804,2180.0,189.92403038784485,0.0,19,17,0,0,17,17,10008,2,0,0,2,0
2020-08-04,US,Alaska,North Slope,16,0,0,69.31479216,-153.4836093,2185.0,162.73393002441009,0.0,16,15,0,0,15,13,9872,1,0,0,1,2
2020-08-04,US,Alaska,Northwest Arctic,33,0,0,67.04919196,-159.7503946,2188.0,433.014040152211,0.0,33,33,0,0,33,31,7671,0,0,0,0,2
2020-08-04,US,Alaska,Petersburg,6,1,0,57.13978948,-132.9540995,2195.0,183.71096142069808,16.666666666666668,5,6,1,0,5,6,3221,0,0,0,0,0
2020-08-04,US,Alaska,Prince of Wales-Hyder,8,0,0,55.76261984,-133.0511621,2198.0,128.96985329679188,0.0,8,8,0,0,8,7,6422,0,0,0,0,1
2020-08-04,US,Alaska,Sitka,23,0,0,57.24124555,-135.3206587,2220.0,270.8112563287413,0.0,23,23,0,0,23,23,8647,0,0,0,0,0
2020-08-04,US,Alaska,Southeast Fairbanks,14,0,0,63.87692095,-143.2127643,2240.0,203.10459886841724,0.0,14,14,0,0,14,14,6918,0,0,0,0,0
2020-08-04,US,Alaska,Valdez-Cordova,48,0,0,61.47502768,-144.7126799,2261.0,521.6257335361878,0.0,48,49,0,0,49,48,9164,-1,0,0,-1,1
2020-08-04,US,Alaska,Wrangell,9,0,0,56.3202004,-132.05837309999998,2275.0,359.71223021582733,0.0,9,9,0,0,9,8,2503,0,0,0,0,1
2020-08-04,US,Alaska,Yakutat,7,0,0,59.890980799999994,-140.36014509999998,2282.0,1208.9810017271154,0.0,7,7,0,0,7,7,604,0,0,0,0,0
2020-08-04,US,Alaska,Yukon-Koyukuk,47,1,0,65.50815459,-151.39073869999999,2290.0,898.6615678776291,2.127659574468085,46,46,1,0,45,46,5327,1,0,0,1,0
2020-08-04,US,Arizona,Apache,3098,136,0,35.39465006,-109.4892383,4001.0,4309.5413635288705,4.389928986442866,2962,3084,136,0,2948,3064,71818,14,0,0,14,20
2020-08-04,US,Arizona,Cochise,1554,50,0,31.87934684,-109.7516088,4003.0,1234.097298327536,3.217503217503217,1504,1557,50,0,1507,1536,126770,-3,0,0,-3,21
2020-08-04,US,Arizona,Coconino,3013,117,0,35.83883429,-111.77071780000001,4005.0,2100.0027879227187,3.8831729173581153,2896,2997,116,0,2881,2990,142854,16,1,0,15,7
2020-08-04,US,Arizona,Gila,846,29,0,33.80190085,-110.8132779,4007.0,1566.1446184605136,3.4278959810874703,817,841,29,0,812,833,53889,5,0,0,5,8
2020-08-04,US,Arizona,Graham,492,11,0,32.93166885,-109.8882178,4009.0,1266.8331745500425,2.2357723577235773,481,490,9,0,481,489,38072,2,2,0,0,1
2020-08-04,US,Arizona,Greenlee,57,1,0,33.21498827,-109.2405279,4011.0,600.1263423878711,1.7543859649122806,56,57,1,0,56,55,9483,0,0,0,0,2
2020-08-04,US,Arizona,La Paz,476,10,0,33.72854224,-113.98100290000001,4012.0,2255.069168087929,2.100840336134454,466,474,10,0,464,473,21098,2,0,0,2,1
2020-08-04,US,Arizona,Maricopa,121789,2153,0,33.34835867,-112.49181540000001,4013.0,2715.2231655762434,1.7678115429143848,119636,120960,2108,0,118852,120279,4410824,829,45,0,784,681
2020-08-04,US,Arizona,Mohave,3048,157,0,35.70471703,-113.7577902,4015.0,1436.5093952804446,5.150918635170603,2891,3040,153,0,2887,3027,209550,8,4,0,4,13
2020-08-04,US,Arizona,Navajo,5301,192,0,35.3997715,-110.3218983,4017.0,4778.947748007646,3.6219581211092247,5109,5284,188,0,5096,5271,110445,17,4,0,13,13
2020-08-04,US,Arizona,Pima,16809,465,0,32.0971334,-111.7890033,4019.0,1605.016428287018,2.7663751561663394,16344,16741,462,0,16279,16655,1039073,68,3,0,65,86
2020-08-04,US,Arizona,Pinal,8304,142,0,32.90525627,-111.3449483,4021.0,1794.3382405372645,1.710019267822736,8162,8301,141,0,8160,8227,447138,3,1,0,2,74
2020-08-04,US,Arizona,Santa Cruz,2618,50,0,31.52508998,-110.8479088,4023.0,5630.34969245989,1.9098548510313216,2568,2610,50,0,2560,2608,46511,8,0,0,8,2
2020-08-04,US,Arizona,Unassigned,0,1,0,0.0,0.0,90004.0,0.0,0.0,-1,0,1,0,-1,0,,0,0,0,0,0
2020-08-04,US,Arizona,Yavapai,1883,64,0,34.59933926,-112.5538588,4025.0,800.9391788140315,3.3988316516197563,1819,1858,62,0,1796,1818,231993,25,2,0,23,40
2020-08-04,US,Arizona,Yuma,11217,267,0,32.76895712,-113.90666740000002,4027.0,5246.811078316267,2.3803155924043864,10950,11203,263,0,10940,11142,212128,14,4,0,10,61
2020-08-04,US,Arkansas,Arkansas,206,1,0,34.29145151,-91.37277296,5001.0,1178.0853254031795,0.4854368932038835,205,201,0,0,201,199,17769,5,1,0,4,2
2020-08-04,US,Arkansas,Ashley,262,4,0,33.19153461,-91.7698471,5003.0,1332.8585236811314,1.5267175572519085,258,254,4,0,250,249,20046,8,0,0,8,5
2020-08-04,US,Arkansas,Baxter,64,0,0,36.28784385,-92.33782872,5005.0,152.62806448535724,0.0,64,62,0,0,62,61,41619,2,0,0,2,1
2020-08-04,US,Arkansas,Benton,4611,40,0,36.33644656,-94.25680817,5007.0,1651.8533644287295,0.8674907829104316,4571,4572,39,0,4533,4528,272608,39,1,0,38,44
2020-08-04,US,Arkansas,Boone,184,1,0,36.3084504,-93.09374925,5009.0,491.5580252190639,0.5434782608695652,183,176,1,0,175,170,37480,8,0,0,8,6
2020-08-04,US,Arkansas,Bradley,155,3,0,33.46755808,-92.15980837,5011.0,1440.118925950014,1.935483870967742,152,147,3,0,144,142,10897,8,0,0,8,5
2020-08-04,US,Arkansas,Calhoun,13,0,0,33.55598792,-92.49974403,5013.0,250.5299672383889,0.0,13,13,0,0,13,13,5277,0,0,0,0,0
2020-08-04,US,Arkansas,Carroll,341,7,0,36.34038560000001,-93.54270261,5015.0,1201.5503875968993,2.0527859237536656,334,340,6,0,334,340,28223,1,1,0,0,0
2020-08-04,US,Arkansas,Chicot,552,7,0,33.26458973,-91.29539209,5017.0,5455.623641035778,1.2681159420289856,545,536,6,0,530,529,10438,16,1,0,15,7
2020-08-04,US,Arkansas,Clark,164,1,0,34.04613432,-93.17484713,5019.0,734.7670250896057,0.6097560975609756,163,159,0,0,159,154,22061,5,1,0,4,5
2020-08-04,US,Arkansas,Clay,112,4,0,36.36826212,-90.4148172,5021.0,769.7065493780498,3.571428571428572,108,109,4,0,105,107,14847,3,0,0,3,2
2020-08-04,US,Arkansas,Cleburne,183,5,0,35.53864922,-92.02640019,5023.0,734.3793892210762,2.7322404371584703,178,182,5,0,177,181,24965,1,0,0,1,1
2020-08-04,US,Arkansas,Cleveland,76,2,0,33.89723187,-92.18537045,5025.0,955.2538964303668,2.631578947368421,74,71,2,0,69,68,8018,5,0,0,5,3
2020-08-04,US,Arkansas,Columbia,207,7,0,33.21230701,-93.22642793,5027.0,882.4657884639978,3.3816425120772946,200,202,6,0,196,193,23537,5,1,0,4,9
2020-08-04,US,Arkansas,Conway,138,3,0,35.26205537,-92.70506566,5029.0,661.9975055166459,2.1739130434782608,135,137,3,0,134,136,20891,1,0,0,1,1
2020-08-04,US,Arkansas,Craighead,1156,12,0,35.83018283,-90.63235729,5031.0,1047.7468005655658,1.038062283737024,1144,1134,12,0,1122,1120,108558,22,0,0,22,14
2020-08-04,US,Arkansas,Crawford,566,3,0,35.58928601,-94.2446814,5033.0,894.7626349653003,0.5300353356890459,563,554,3,0,551,536,63406,12,0,0,12,18
2020-08-04,US,Arkansas,Crittenden,1269,20,0,35.21247318,-90.30839406,5035.0,2646.2308414138256,1.5760441292356189,1249,1242,20,0,1222,1213,48342,27,0,0,27,29
2020-08-04,US,Arkansas,Cross,172,2,0,35.29631396,-90.77185818,5037.0,1047.566843291309,1.162790697674419,170,172,2,0,170,166,16676,0,0,0,0,6
2020-08-04,US,Arkansas,Dallas,59,0,0,33.97042763,-92.65167437,5039.0,841.7748608931372,0.0,59,58,0,0,58,58,7182,1,0,0,1,0
2020-08-04,US,Arkansas,Desha,165,2,0,33.83011025,-91.25500948,5041.0,1452.3369421705836,1.2121212121212122,163,160,2,0,158,151,11512,5,0,0,5,9
2020-08-04,US,Arkansas,Drew,171,3,0,33.59035001,-91.71777921,5043.0,938.5806026675447,1.7543859649122806,168,166,2,0,164,162,18328,5,1,0,4,4
2020-08-04,US,Arkansas,Faulkner,1229,5,0,35.14719007,-92.33717519,5045.0,975.3426396946202,0.4068348250610253,1224,1212,5,0,1207,1203,124806,17,0,0,17,9
2020-08-04,US,Arkansas,Franklin,111,2,0,35.51202821,-93.89299569,5047.0,626.5876375952582,1.8018018018018016,109,108,2,0,106,108,17810,3,0,0,3,0
2020-08-04,US,Arkansas,Fulton,29,0,0,36.38177105,-91.81729127,5049.0,232.4276669071091,0.0,29,29,0,0,29,29,12269,0,0,0,0,0
2020-08-04,US,Arkansas,Garland,879,8,0,34.57692074,-93.14921604,5051.0,884.4304026724086,0.9101251422070534,871,875,8,0,867,843,99154,4,0,0,4,32
2020-08-04,US,Arkansas,Grant,130,0,0,34.29017991,-92.42320562,5053.0,711.7437722419929,0.0,130,127,0,0,127,125,18188,3,0,0,3,2
2020-08-04,US,Arkansas,Greene,403,1,0,36.11735460000001,-90.55832668,5055.0,889.1340319911749,0.2481389578163772,402,393,1,0,392,383,45325,10,0,0,10,10
2020-08-04,US,Arkansas,Hempstead,224,2,0,33.73325583,-93.66935133,5057.0,1040.3120936280884,0.8928571428571429,222,220,2,0,218,210,21741,4,0,0,4,10
2020-08-04,US,Arkansas,Hot Spring,1475,10,0,34.31709259,-92.95396325,5059.0,4367.652719789168,0.6779661016949152,1465,1465,9,0,1456,1457,33701,10,1,0,9,8
2020-08-04,US,Arkansas,Howard,303,2,0,34.09007427,-93.9934871,5061.0,2295.106801999697,0.6600660066006601,301,300,2,0,298,296,13341,3,0,0,3,4
2020-08-04,US,Arkansas,Independence,413,1,0,35.74242707,-91.57001641,5063.0,1091.8704560475876,0.2421307506053269,412,398,0,0,398,367,37678,15,1,0,14,31
2020-08-04,US,Arkansas,Izard,45,1,0,36.09604046,-91.90847954,5065.0,330.1782962799912,2.2222222222222223,44,45,1,0,44,44,13593,0,0,0,0,1
2020-08-04,US,Arkansas,Jackson,61,1,0,35.59802983,-91.21494602,5067.0,364.8543573180214,1.639344262295082,60,59,1,0,58,58,16811,2,0,0,2,1
2020-08-04,US,Arkansas,Jefferson,1404,39,0,34.26767081,-91.92619839,5069.0,2101.041541960972,2.7777777777777777,1365,1382,39,0,1343,1357,68114,22,0,0,22,25
2020-08-04,US,Arkansas,Johnson,639,0,0,35.56759135,-93.46036368,5071.0,2404.244111671307,0.0,639,636,0,0,636,631,26742,3,0,0,3,5
2020-08-04,US,Arkansas,Lafayette,50,2,0,33.24116713,-93.60677071,5073.0,754.8309178743962,4.0,48,49,2,0,47,49,6682,1,0,0,1,0
2020-08-04,US,Arkansas,Lawrence,186,10,0,36.04188196,-91.10867198,5075.0,1133.7315616237959,5.376344086021504,176,185,10,0,175,185,16434,1,0,0,1,0
2020-08-04,US,Arkansas,Lee,890,7,0,34.78498904,-90.78383866,5077.0,10048.549170147906,0.7865168539325843,883,890,7,0,883,885,8985,0,0,0,0,5
2020-08-04,US,Arkansas,Lincoln,1195,11,0,33.95317155,-91.74002806,5079.0,9175.36855036855,0.9205020920502092,1184,1186,11,0,1175,1182,13383,9,0,0,9,4
2020-08-04,US,Arkansas,Little River,158,1,0,33.70375665,-94.23468591,5081.0,1288.8490088914266,0.6329113924050633,157,156,1,0,155,153,12326,2,0,0,2,3
2020-08-04,US,Arkansas,Logan,196,1,0,35.21413234,-93.71951016,5083.0,913.0718345290227,0.5102040816326531,195,195,1,0,194,158,21737,1,0,0,1,37
2020-08-04,US,Arkansas,Lonoke,469,2,0,34.75392199,-91.88742357,5085.0,639.7577377948138,0.4264392324093816,467,452,2,0,450,433,73657,17,0,0,17,19
2020-08-04,US,Arkansas,Madison,265,1,0,36.01038185,-93.72524943,5087.0,1598.6969111969113,0.37735849056603776,264,262,1,0,261,259,16481,3,0,0,3,3
2020-08-04,US,Arkansas,Marion,24,0,0,36.26844485,-92.68451899,5089.0,143.76422666826406,0.0,24,23,0,0,23,23,16722,1,0,0,1,0
2020-08-04,US,Arkansas,Miller,475,4,0,33.31403423,-93.89285258,5091.0,1098.0881707006959,0.8421052631578947,471,470,4,0,466,462,43592,5,0,0,5,8
2020-08-04,US,Arkansas,Mississippi,853,11,0,35.76271485,-90.05194370000002,5093.0,2098.3493640992842,1.2895662368112544,842,797,11,0,786,775,41239,56,0,0,56,22
2020-08-04,US,Arkansas,Monroe,53,0,0,34.6815935,-91.20540287,5095.0,790.9267273541262,0.0,53,53,0,0,53,52,6900,0,0,0,0,1
2020-08-04,US,Arkansas,Montgomery,29,0,0,34.53704874,-93.65824478,5097.0,322.7242377030937,0.0,29,26,0,0,26,25,8924,3,0,0,3,1
2020-08-04,US,Arkansas,Nevada,134,9,0,33.66340119,-93.30632432,5099.0,1623.8487639360155,6.7164179104477615,125,133,9,0,124,130,8326,1,0,0,1,3
2020-08-04,US,Arkansas,Newton,100,3,0,35.91947491,-93.21612969,5101.0,1289.8232942086936,3.0,97,98,3,0,95,94,7805,2,0,0,2,4
2020-08-04,US,Arkansas,Ouachita,81,2,0,33.58839816,-92.87795984,5103.0,346.4203233256352,2.469135802469136,79,81,1,0,80,77,23606,0,1,0,-1,4
2020-08-04,US,Arkansas,Perry,49,0,0,34.9459153,-92.94372564,5105.0,468.67527498804395,0.0,49,49,0,0,49,49,10352,0,0,0,0,0
2020-08-04,US,Arkansas,Phillips,289,7,0,34.43268455,-90.84800154,5107.0,1625.2390057361374,2.4221453287197234,282,284,6,0,278,282,18029,5,1,0,4,2
2020-08-04,US,Arkansas,Pike,84,1,0,34.16250414,-93.65789349,5109.0,783.7283075200598,1.1904761904761905,83,81,1,0,80,78,10673,3,0,0,3,3
2020-08-04,US,Arkansas,Poinsett,173,3,0,35.57433534,-90.66268713,5111.0,735.2941176470587,1.7341040462427746,170,167,3,0,164,159,23974,6,0,0,6,8
2020-08-04,US,Arkansas,Polk,132,1,0,34.48254879,-94.22728802,5113.0,661.1901422560609,0.7575757575757576,131,131,1,0,130,128,20049,1,0,0,1,3
2020-08-04,US,Arkansas,Pope,1241,10,0,35.44871474,-93.03212219,5115.0,1936.8835060556878,0.8058017727639001,1231,1216,9,0,1207,1202,64000,25,1,0,24,14
2020-08-04,US,Arkansas,Prairie,76,0,0,34.83624419,-91.55162157,5117.0,942.6941205656163,0.0,76,74,0,0,74,66,8074,2,0,0,2,8
2020-08-04,US,Arkansas,Pulaski,5054,79,0,34.77054088,-92.31355101,5119.0,1289.5785012413533,1.5631183221210925,4975,4893,79,0,4814,4838,392680,161,0,0,161,55
2020-08-04,US,Arkansas,Randolph,178,3,0,36.3415714,-91.02455531,5121.0,991.2016928388464,1.6853932584269662,175,175,3,0,172,173,17948,3,0,0,3,2
2020-08-04,US,Arkansas,Saline,922,6,0,34.64916145,-92.67583224,5125.0,753.0403391131766,0.6507592190889371,916,892,5,0,887,879,121421,30,1,0,29,13
2020-08-04,US,Arkansas,Scott,45,0,0,34.85588887,-94.0632176,5127.0,437.70061278085785,0.0,45,44,0,0,44,42,10319,1,0,0,1,2
2020-08-04,US,Arkansas,Searcy,27,0,0,35.9109364,-92.69936482,5129.0,342.59611724400463,0.0,27,27,0,0,27,25,7958,0,0,0,0,2
2020-08-04,US,Arkansas,Sebastian,1919,15,0,35.19605503,-94.27162713,5131.0,1501.2477802029307,0.7816571130797291,1904,1856,15,0,1841,1768,127753,63,0,0,63,88
2020-08-04,US,Arkansas,Sevier,944,10,0,33.99780401,-94.2424869,5133.0,5550.655612394896,1.0593220338983051,934,939,10,0,929,935,17139,5,0,0,5,4
2020-08-04,US,Arkansas,Sharp,106,5,0,36.16258158,-91.47819342,5135.0,607.7284715055612,4.716981132075472,101,106,5,0,101,104,17366,0,0,0,0,2
2020-08-04,US,Arkansas,St. Francis,1144,3,0,35.02201976,-90.74828138,5123.0,4577.098503640874,0.26223776223776224,1141,1140,3,0,1137,1131,25439,4,0,0,4,9
2020-08-04,US,Arkansas,Stone,59,1,0,35.86251946,-92.15684085,5137.0,471.7735486966256,1.6949152542372878,58,55,1,0,54,53,12457,4,0,0,4,2
2020-08-04,US,Arkansas,Unassigned,1652,0,0,0.0,0.0,90005.0,0.0,0.0,1652,1641,0,0,1641,1578,,11,0,0,11,63
2020-08-04,US,Arkansas,Union,452,17,0,33.16887091,-92.59746952,5139.0,1168.5021457008427,3.761061946902655,435,435,16,0,419,433,39126,17,1,0,16,2
2020-08-04,US,Arkansas,Van Buren,52,2,0,35.58095779,-92.51295036,5141.0,314.2943487458447,3.8461538461538463,50,52,2,0,50,50,16603,0,0,0,0,2
2020-08-04,US,Arkansas,Washington,6120,48,0,35.976844,-94.21800746,5143.0,2558.667486109195,0.7843137254901961,6072,6072,47,0,6025,6005,236961,48,1,0,47,67
2020-08-04,US,Arkansas,White,271,2,0,35.25688493,-91.74908296,5145.0,344.1138750269831,0.7380073800738007,269,266,2,0,264,262,78727,5,0,0,5,4
2020-08-04,US,Arkansas,Woodruff,20,0,0,35.18902527,-91.2439489,5147.0,316.4556962025317,0.0,20,20,0,0,20,19,6490,0,0,0,0,1
2020-08-04,US,Arkansas,Yell,1043,14,0,35.00292371,-93.41171338,5149.0,4887.306124361558,1.342281879194631,1029,1030,14,0,1016,1022,21535,13,0,0,13,8
2020-08-04,US,California,Alameda,11909,192,0,37.64629437,-121.8929271,6001.0,712.5467218004352,1.6122260475270804,11717,11524,189,0,11335,11524,1666753,385,3,0,382,0
2020-08-04,US,California,Alpine,2,0,0,38.59678594,-119.82235940000001,6003.0,177.14791851195747,0.0,2,2,0,0,2,2,1101,0,0,0,0,0
2020-08-04,US,California,Amador,137,0,0,38.44583082,-120.65696000000001,6005.0,344.63674783658684,0.0,137,126,0,0,126,126,39383,11,0,0,11,0
2020-08-04,US,California,Butte,1012,8,0,39.66727762,-121.6005252,6007.0,461.7083207869116,0.7905138339920948,1004,941,7,0,934,941,231256,71,1,0,70,0
2020-08-04,US,California,Calaveras,136,1,0,38.20537103,-120.55291299999999,6009.0,296.26402352684886,0.7352941176470589,135,125,1,0,124,125,45602,11,0,0,11,0
2020-08-04,US,California,Colusa,357,4,0,39.17881957,-122.2331726,6011.0,1656.8431800250617,1.1204481792717087,353,331,4,0,327,323,21627,26,0,0,26,8
2020-08-04,US,California,Contra Costa,8176,131,0,37.91923498,-121.9289527,6013.0,708.7833304147458,1.6022504892367906,8045,8033,127,0,7906,7966,1150215,143,4,0,139,67
2020-08-04,US,California,Del Norte,90,0,0,41.74228275,-123.89740630000001,6015.0,323.6013231698548,0.0,90,88,0,0,88,88,27828,2,0,0,2,0
2020-08-04,US,California,El Dorado,668,1,0,38.77965956,-120.5233166,6017.0,346.39577272703696,0.1497005988023952,667,637,1,0,636,637,190678,31,0,0,31,0
2020-08-04,US,California,Fresno,15759,138,0,36.75733899,-119.6466953,6019.0,1577.3180088899921,0.8756900818579859,15621,15083,138,0,14945,15083,994400,676,0,0,676,0
2020-08-04,US,California,Glenn,332,1,0,39.59875897,-122.3938452,6021.0,1169.3022928186524,0.3012048192771085,331,332,1,0,331,325,28047,0,0,0,0,7
2020-08-04,US,California,Humboldt,245,4,0,40.69923009,-123.876044,6023.0,180.73444577228926,1.6326530612244898,241,233,4,0,229,233,136373,12,0,0,12,0
2020-08-04,US,California,Imperial,9513,232,0,33.0393082,-115.36690420000001,6025.0,5249.565433325056,2.4387680016819093,9281,9448,222,0,9226,9409,181827,65,10,0,55,39
2020-08-04,US,California,Inyo,64,1,0,36.51112084,-117.41119779999998,6027.0,354.7868507123455,1.5625,63,61,1,0,60,51,17987,3,0,0,3,10
2020-08-04,US,California,Kern,21228,151,0,35.34329425,-118.72777959999999,6029.0,2358.137395828936,0.7113246655360844,21077,20651,144,0,20507,20545,896764,577,7,0,570,106
2020-08-04,US,California,Kings,4453,56,0,36.07409056,-119.8159973,6031.0,2911.5993199947693,1.2575791601167752,4397,4453,56,0,4397,4380,151366,0,0,0,0,73
2020-08-04,US,California,Lake,211,1,0,39.10124298,-122.75362439999999,6033.0,327.7109930730283,0.4739336492890995,210,208,1,0,207,195,64382,3,0,0,3,13
2020-08-04,US,California,Lassen,632,0,0,40.67311306,-120.59350990000002,6035.0,2067.1834625323,0.0,632,626,0,0,626,631,30802,6,0,0,6,-5
2020-08-04,US,California,Los Angeles,195805,4760,0,34.30828379,-118.22824109999999,6037.0,1950.422482796528,2.4309900155767217,191045,193877,4702,0,189175,192177,10105518,1928,58,0,1870,1700
2020-08-04,US,California,Madera,2114,32,0,37.21513971,-119.76655890000002,6039.0,1343.6981573410796,1.5137180700094608,2082,1943,30,0,1913,1943,157672,171,2,0,169,0
2020-08-04,US,California,Marin,5180,76,0,38.07122463,-122.72106310000001,6041.0,2001.3445326203705,1.4671814671814671,5104,5092,70,0,5022,4994,259666,88,6,0,82,98
2020-08-04,US,California,Mariposa,59,2,0,37.57978556,-119.9073334,6043.0,342.9634366098936,3.3898305084745757,57,57,2,0,55,56,17471,2,0,0,2,1
2020-08-04,US,California,Mendocino,341,9,0,39.4381191,-123.39113130000001,6045.0,393.08810476201455,2.6392961876832843,332,322,9,0,313,317,87606,19,0,0,19,5
2020-08-04,US,California,Merced,4583,51,0,37.18922369,-120.72090349999999,6047.0,1650.460962258715,1.1128082042330352,4532,4285,50,0,4235,4285,274765,298,1,0,297,0
2020-08-04,US,California,Modoc,4,0,0,41.58965602,-120.7244817,6049.0,45.243750706933604,0.0,4,2,0,0,2,2,8777,2,0,0,2,0
2020-08-04,US,California,Mono,145,1,0,37.93899289,-118.8872409,6051.0,1003.8770423705344,0.6896551724137931,144,145,1,0,144,145,14250,0,0,0,0,0
2020-08-04,US,California,Monterey,4966,34,0,36.21862405,-121.24133970000001,6053.0,1144.0788276302178,0.6846556584776479,4932,4924,30,0,4894,4822,435594,42,4,0,38,102
2020-08-04,US,California,Napa,980,9,0,38.50735751,-122.33283899999999,6055.0,711.4647461958417,0.9183673469387756,971,888,8,0,880,888,139417,92,1,0,91,0
2020-08-04,US,California,Nevada,316,1,0,39.30394768,-120.76272809999999,6057.0,316.7761014485489,0.3164556962025317,315,299,1,0,298,299,99696,17,0,0,17,0
2020-08-04,US,California,Orange,38066,653,0,33.70147516,-117.76459979999998,6059.0,1198.6678808902122,1.7154416014290967,37413,37813,651,0,37162,37391,3185968,253,2,0,251,422
2020-08-04,US,California,Placer,1953,18,0,39.06167234,-120.72405690000001,6061.0,490.2982208174649,0.9216589861751152,1935,1925,16,0,1909,1925,393149,28,2,0,26,0
2020-08-04,US,California,Plumas,33,0,0,40.00355989,-120.8395236,6063.0,175.46658159196045,0.0,33,33,0,0,33,33,18804,0,0,0,0,0
2020-08-04,US,California,Riverside,38487,738,0,33.74314981,-115.9933578,6065.0,1557.8337743964291,1.917530594746278,37749,37011,695,0,36316,37011,2450758,1476,43,0,1433,0
2020-08-04,US,California,Sacramento,10174,148,0,38.45106826,-121.34253740000001,6067.0,655.5167397094698,1.4546884214664833,10026,10122,145,0,9977,10067,1540975,52,3,0,49,55
2020-08-04,US,California,San Benito,689,4,0,36.60308176,-121.069975,6069.0,1096.9940135014647,0.5805515239477503,685,647,4,0,643,643,61537,42,0,0,42,4
2020-08-04,US,California,San Bernardino,34017,477,0,34.84060306,-116.1774685,6071.0,1560.3520046236729,1.4022400564423672,33540,33432,418,0,33014,32980,2171603,585,59,0,526,452
2020-08-04,US,California,San Diego,30516,568,0,33.03484597,-116.73653259999999,6073.0,914.1097494855212,1.8613186525101584,29948,29883,565,0,29318,29883,3343364,633,3,0,630,0
2020-08-04,US,California,San Francisco,6989,61,0,37.75215114,-122.43856720000001,6075.0,792.8090213930252,0.8728001144655888,6928,6916,61,0,6855,6811,883305,73,0,0,73,105
2020-08-04,US,California,San Joaquin,11958,180,0,37.93433732,-121.2730061,6077.0,1568.986601027622,1.5052684395383844,11778,11885,180,0,11705,11483,752660,73,0,0,73,402
2020-08-04,US,California,San Luis Obispo,1926,16,0,35.38822029,-120.4039028,6079.0,680.2985401485638,0.8307372793354102,1910,1902,16,0,1886,1783,284010,24,0,0,24,119
2020-08-04,US,California,San Mateo,5744,120,0,37.422880799999994,-122.32755459999998,6081.0,749.3089373092972,2.0891364902506964,5624,5683,119,0,5564,5544,769545,61,1,0,60,139
2020-08-04,US,California,Santa Barbara,6526,63,0,34.65329488,-120.0188492,6083.0,1461.5934190222156,0.9653692920625192,6463,6167,60,0,6107,6167,446527,359,3,0,356,0
2020-08-04,US,California,Santa Clara,11030,192,0,37.23104908,-121.6970462,6085.0,572.1393550957231,1.740707162284678,10838,10794,191,0,10603,10626,1937570,236,1,0,235,168
2020-08-04,US,California,Santa Cruz,1196,4,0,37.05580291,-122.0066524,6087.0,437.7536940043116,0.33444816053511706,1192,1152,4,0,1148,1152,274255,44,0,0,44,0
2020-08-04,US,California,Shasta,397,9,0,40.76391419,-122.0396884,6089.0,220.45757441137272,2.267002518891688,388,390,9,0,381,369,180040,7,0,0,7,21
2020-08-04,US,California,Sierra,3,0,0,39.57713498,-120.52007009999998,6091.0,99.83361064891848,0.0,3,2,0,0,2,2,2987,1,0,0,1,0
2020-08-04,US,California,Siskiyou,88,0,0,41.59198861,-122.54074340000001,6093.0,202.11764165460846,0.0,88,73,0,0,73,73,43724,15,0,0,15,0
2020-08-04,US,California,Solano,3806,38,0,38.26827353,-121.9357113,6095.0,850.2310993358548,0.9984235417761428,3768,3611,37,0,3574,3611,446610,195,1,0,194,0
2020-08-04,US,California,Sonoma,3113,39,0,38.52746429,-122.88625060000001,6097.0,629.7336224754014,1.2528107934468358,3074,3113,39,0,3074,3055,499942,0,0,0,0,58
2020-08-04,US,California,Stanislaus,9308,135,0,37.55862499,-120.9970722,6099.0,1690.335234082737,1.4503652771809197,9173,9221,112,0,9109,9061,549815,87,23,0,64,160
2020-08-04,US,California,Sutter,840,6,0,39.03417539,-121.6945899,6101.0,866.2383599220386,0.7142857142857143,834,797,6,0,791,786,96807,43,0,0,43,11
2020-08-04,US,California,Tehama,246,1,0,40.12570935,-122.23701709999999,6103.0,377.9730809415525,0.4065040650406504,245,234,1,0,233,234,63916,12,0,0,12,0
2020-08-04,US,California,Trinity,5,0,0,40.64917670000001,-123.114713,6105.0,40.7000407000407,0.0,5,5,0,0,5,5,12535,0,0,0,0,0
2020-08-04,US,California,Tulare,9990,193,0,36.22026558,-118.8020203,6107.0,2142.880125269469,1.931931931931932,9797,9745,189,0,9556,9454,465861,245,4,0,241,291
2020-08-04,US,California,Tuolumne,144,2,0,38.02644018,-119.95250929999999,6109.0,264.32688424685193,1.3888888888888888,142,141,2,0,139,141,54539,3,0,0,3,0
2020-08-04,US,California,Ventura,7877,77,0,34.44465746,-119.09106129999999,6111.0,931.080867038768,0.9775295163133172,7800,7344,76,0,7268,7344,850967,533,1,0,532,0
2020-08-04,US,California,Yolo,1614,42,0,38.68278902,-121.90182879999999,6113.0,731.9727891156463,2.6022304832713754,1572,1572,42,0,1530,1544,220408,42,0,0,42,28
2020-08-04,US,California,Yuba,533,4,0,39.26255932,-121.35356440000001,6115.0,677.530889306961,0.7504690431519699,529,502,4,0,498,485,78041,31,0,0,31,17
2020-08-04,US,Colorado,Adams,6181,173,0,39.87432092,-104.3362578,8001.0,1194.5784960409414,2.798899854392493,6008,6115,171,0,5944,6090,511868,66,2,0,64,25
2020-08-04,US,Colorado,Alamosa,224,9,0,37.57250606,-105.7885451,8003.0,1379.9051315222077,4.017857142857143,215,224,9,0,215,224,16683,0,0,0,0,0
2020-08-04,US,Colorado,Arapahoe,7093,364,0,39.64977461,-104.3353617,8005.0,1080.2784081390214,5.131820104328211,6729,7023,363,0,6660,7006,651215,70,1,0,69,17
2020-08-04,US,Colorado,Archuleta,33,0,0,37.19474156,-107.0476867,8007.0,235.2270297241428,0.0,33,33,0,0,33,33,13765,0,0,0,0,0
2020-08-04,US,Colorado,Baca,14,0,0,37.31940883,-102.5603223,8009.0,390.9522479754258,0.0,14,14,0,0,14,14,3585,0,0,0,0,0
2020-08-04,US,Colorado,Bent,6,0,0,37.95474293,-103.0720195,8011.0,107.58472296933836,0.0,6,5,0,0,5,5,5882,1,0,0,1,0
2020-08-04,US,Colorado,Boulder,1946,75,0,40.09313619,-105.3546767,8013.0,596.5738390415578,3.854059609455293,1871,1927,75,0,1852,1912,326078,19,0,0,19,15
2020-08-04,US,Colorado,Broomfield,421,32,0,39.95998787,-105.0566324,8014.0,597.4597317817356,7.600950118764845,389,417,32,0,385,415,69267,4,0,0,4,2
2020-08-04,US,Colorado,Chaffee,292,19,0,38.74745778,-106.19265729999998,8015.0,1434.4664963647085,6.506849315068492,273,287,19,0,268,287,20027,5,0,0,5,0
2020-08-04,US,Colorado,Cheyenne,8,0,0,38.82777431,-102.6032558,8017.0,436.9197160021846,0.0,8,8,0,0,8,8,1876,0,0,0,0,0
2020-08-04,US,Colorado,Clear Creek,28,1,0,39.68864463,-105.6463118,8019.0,288.659793814433,3.571428571428572,27,27,1,0,26,27,9605,1,0,0,1,0
2020-08-04,US,Colorado,Conejos,23,0,0,37.201606,-106.19174879999998,8021.0,280.31687995124923,0.0,23,23,0,0,23,23,8200,0,0,0,0,0
2020-08-04,US,Colorado,Costilla,22,0,0,37.27732493,-105.4276548,8023.0,565.9891947517366,0.0,22,22,0,0,22,22,3828,0,0,0,0,0
2020-08-04,US,Colorado,Crowley,72,1,0,38.32608609,-103.7844965,8025.0,1187.922785018974,1.3888888888888888,71,72,1,0,71,72,5858,0,0,0,0,0
2020-08-04,US,Colorado,Custer,11,0,0,38.10883162,-105.3683478,8027.0,217.04814522494078,0.0,11,10,0,0,10,10,4954,1,0,0,1,0
2020-08-04,US,Colorado,Delta,115,1,0,38.86246243,-107.8631342,8029.0,369.0392144278288,0.8695652173913043,114,110,1,0,109,109,30953,5,0,0,5,1
2020-08-04,US,Colorado,Denver,9876,412,0,39.76018276,-104.8725695,8031.0,1358.065265789434,4.171729445119482,9464,9813,412,0,9401,9777,716492,63,0,0,63,36
2020-08-04,US,Colorado,Dolores,1,0,0,37.75208676,-108.5211585,8033.0,48.661800486618006,0.0,1,1,0,0,1,1,2074,0,0,0,0,0
2020-08-04,US,Colorado,Douglas,1670,59,0,39.33133796,-104.930001,8035.0,475.574819025271,3.532934131736527,1611,1653,59,0,1594,1647,342776,17,0,0,17,6
2020-08-04,US,Colorado,Eagle,1092,9,0,39.62754308,-106.6933637,8037.0,1980.8805122716635,0.8241758241758241,1083,1069,9,0,1060,1050,54993,23,0,0,23,19
2020-08-04,US,Colorado,El Paso,4663,137,0,38.83240149,-104.5251411,8041.0,647.2765937954173,2.9380227321466865,4526,4625,136,0,4489,4584,713856,38,1,0,37,41
2020-08-04,US,Colorado,Elbert,92,2,0,39.28656773,-104.1358721,8039.0,344.19544315163307,2.1739130434782608,90,87,2,0,85,86,26282,5,0,0,5,1
2020-08-04,US,Colorado,Fremont,113,0,0,38.47362326,-105.4399667,8043.0,236.20895085599616,0.0,113,112,0,0,112,111,48021,1,0,0,1,1
2020-08-04,US,Colorado,Garfield,734,4,0,39.59921777,-107.902708,8045.0,1222.0908742778176,0.5449591280653951,730,721,4,0,717,713,59770,13,0,0,13,8
2020-08-04,US,Colorado,Gilpin,16,0,0,39.85646523,-105.5252597,8047.0,256.28704148646483,0.0,16,16,0,0,16,16,6121,0,0,0,0,0
2020-08-04,US,Colorado,Grand,44,1,0,40.10603347,-106.1178042,8049.0,279.6491674081607,2.272727272727273,43,44,1,0,43,43,15525,0,0,0,0,1
2020-08-04,US,Colorado,Gunnison,262,6,0,38.66611652,-107.0320729,8051.0,1500.4008704615735,2.2900763358778624,256,257,6,0,251,254,17246,5,0,0,5,3
2020-08-04,US,Colorado,Hinsdale,3,0,0,37.82247444,-107.3004345,8053.0,365.8536585365854,0.0,3,3,0,0,3,3,811,0,0,0,0,0
2020-08-04,US,Colorado,Huerfano,6,1,0,37.68473101,-104.9612585,8055.0,86.99434536755109,16.666666666666668,5,6,1,0,5,6,6889,0,0,0,0,0
2020-08-04,US,Colorado,Jackson,8,0,0,40.66593870000001,-106.3408905,8057.0,574.7126436781608,0.0,8,8,0,0,8,8,1399,0,0,0,0,0
2020-08-04,US,Colorado,Jefferson,3994,227,0,39.58635604,-105.2517692,8059.0,685.2170511648175,5.683525287931897,3767,3971,227,0,3744,3949,580233,23,0,0,23,22
2020-08-04,US,Colorado,Kit Carson,43,3,0,39.30497777,-102.6022199,8063.0,605.8898125968717,6.9767441860465125,40,43,3,0,40,43,7163,0,0,0,0,0
2020-08-04,US,Colorado,La Plata,201,2,0,37.28632032,-107.8429014,8067.0,357.51765354582807,0.9950248756218906,199,198,2,0,196,200,56310,3,0,0,3,-2
2020-08-04,US,Colorado,Lake,73,0,0,39.20278823,-106.3555697,8065.0,898.240433124154,0.0,73,73,0,0,73,71,7824,0,0,0,0,2
2020-08-04,US,Colorado,Larimer,1420,35,0,40.66671597,-105.4625784,8069.0,397.8716667740733,2.4647887323943656,1385,1417,35,0,1382,1401,350518,3,0,0,3,16
2020-08-04,US,Colorado,Las Animas,15,0,0,37.3153406,-104.0376458,8071.0,103.40548738453056,0.0,15,15,0,0,15,15,14503,0,0,0,0,0
2020-08-04,US,Colorado,Lincoln,6,0,0,38.98749519,-103.5136649,8073.0,105.24469391334854,0.0,6,6,0,0,6,6,5610,0,0,0,0,0
2020-08-04,US,Colorado,Logan,649,5,0,40.7249637,-103.110817,8075.0,2896.157793743585,0.7704160246533128,644,648,5,0,643,648,21528,1,0,0,1,0
2020-08-04,US,Colorado,Mesa,274,3,0,39.01787888,-108.469799,8077.0,177.67978730302838,1.094890510948905,271,271,3,0,268,267,153207,3,0,0,3,4
2020-08-04,US,Colorado,Mineral,18,0,0,37.66954283,-106.9281698,8079.0,2340.702210663199,0.0,18,18,0,0,18,18,776,0,0,0,0,0
2020-08-04,US,Colorado,Moffat,26,1,0,40.61810999,-108.2070876,8081.0,195.73891440186702,3.8461538461538463,25,25,1,0,24,25,13188,1,0,0,1,0
2020-08-04,US,Colorado,Montezuma,108,4,0,37.33859579,-108.5958857,8083.0,412.4813810487721,3.703703703703704,104,108,4,0,104,108,26158,0,0,0,0,0
2020-08-04,US,Colorado,Montrose,287,13,0,38.40214114,-108.26390220000002,8085.0,671.219420927078,4.529616724738676,274,283,13,0,270,279,42214,4,0,0,4,4
2020-08-04,US,Colorado,Morgan,678,46,0,40.26279810000001,-103.8093302,8087.0,2332.4618136782715,6.784660766961652,632,677,46,0,631,677,28558,1,0,0,1,0
2020-08-04,US,Colorado,Otero,63,6,0,37.9014485,-103.7173385,8089.0,344.67666046613414,9.523809523809524,57,61,6,0,55,56,18432,2,0,0,2,5
2020-08-04,US,Colorado,Ouray,12,1,0,38.14717457,-107.7675136,8091.0,242.3263327948304,8.333333333333334,11,12,1,0,11,12,4833,0,0,0,0,0
2020-08-04,US,Colorado,Park,42,1,0,39.120926,-105.7182065,8093.0,222.870788007429,2.380952380952381,41,42,1,0,41,41,18556,0,0,0,0,1
2020-08-04,US,Colorado,Phillips,19,0,0,40.59414277,-102.3577703,8095.0,445.48651817116064,0.0,19,19,0,0,19,19,4286,0,0,0,0,0
2020-08-04,US,Colorado,Pitkin,177,2,0,39.21720112,-106.9310027,8097.0,996.2289638093092,1.1299435028248588,175,172,2,0,170,169,17950,5,0,0,5,3
2020-08-04,US,Colorado,Prowers,50,0,0,37.95544985,-102.3926052,8099.0,410.7788366743345,0.0,50,48,0,0,48,48,12164,2,0,0,2,0
2020-08-04,US,Colorado,Pueblo,617,34,0,38.17359144,-104.5127437,8101.0,366.33733909656576,5.5105348460291745,583,615,34,0,581,613,167529,2,0,0,2,2
2020-08-04,US,Colorado,Rio Blanco,8,0,0,39.97913541,-108.2179009,8103.0,126.5022137887413,0.0,8,8,0,0,8,7,6336,0,0,0,0,1
2020-08-04,US,Colorado,Rio Grande,87,2,0,37.5836865,-106.3847838,8105.0,772.1665039495872,2.2988505747126435,85,87,2,0,85,87,11250,0,0,0,0,0
2020-08-04,US,Colorado,Routt,110,6,0,40.48596505,-106.9905548,8107.0,429.05062797410096,5.454545454545454,104,108,6,0,102,107,25733,2,0,0,2,1
2020-08-04,US,Colorado,Saguache,107,2,0,38.08054629,-106.282466,8109.0,1567.9953106682299,1.8691588785046729,105,107,2,0,105,107,6843,0,0,0,0,0
2020-08-04,US,Colorado,San Juan,2,0,0,37.76248981,-107.67632890000002,8111.0,274.72527472527474,0.0,2,2,0,0,2,2,762,0,0,0,0,0
2020-08-04,US,Colorado,San Miguel,80,0,0,38.00450883,-108.4020725,8113.0,978.1146839466928,0.0,80,76,0,0,76,76,8191,4,0,0,4,0
2020-08-04,US,Colorado,Sedgwick,11,1,0,40.87595412,-102.3519227,8115.0,489.32384341637015,9.090909090909092,10,11,1,0,10,11,2303,0,0,0,0,0
2020-08-04,US,Colorado,Summit,324,4,0,39.63803232,-106.1150762,8117.0,1044.7905581890298,1.2345679012345678,320,323,4,0,319,323,31007,1,0,0,1,0
2020-08-04,US,Colorado,Teller,117,3,0,38.88133511,-105.1614893,8119.0,460.8476445564834,2.5641025641025643,114,113,3,0,110,113,25083,4,0,0,4,0
2020-08-04,US,Colorado,Washington,47,0,0,39.97015535,-103.202587,8121.0,957.6202118989404,0.0,47,47,0,0,47,47,4909,0,0,0,0,0
2020-08-04,US,Colorado,Weld,3580,142,0,40.55499405,-104.3929621,8123.0,1103.2629463900496,3.9664804469273744,3438,3552,141,0,3411,3546,314305,28,1,0,27,6
2020-08-04,US,Colorado,Yuma,62,0,0,40.00346839,-102.4258673,8125.0,618.8242339554846,0.0,62,62,0,0,62,62,10020,0,0,0,0,0
2020-08-04,US,Connecticut,Fairfield,17876,1408,0,41.26809896,-73.3881171,9001.0,1894.9850105795208,7.876482434549116,16468,17870,1408,0,16462,17793,943823,6,0,0,6,77
2020-08-04,US,Connecticut,Hartford,12711,1412,0,41.80283011,-72.73103891,9003.0,1425.4474498721572,11.108488710565652,11299,12701,1412,0,11289,12645,892697,10,0,0,10,56
2020-08-04,US,Connecticut,Litchfield,1600,138,0,41.7937534,-73.2451475,9005.0,887.2474810489482,8.625,1462,1598,138,0,1460,1597,181111,2,0,0,2,1
2020-08-04,US,Connecticut,Middlesex,1391,191,0,41.45949668,-72.53714864,9007.0,856.3372651382698,13.731128684399712,1200,1388,191,0,1197,1377,162682,3,0,0,3,11
2020-08-04,US,Connecticut,New Haven,13100,1104,0,41.408032500000004,-72.93620426,9009.0,1532.599323550436,8.427480916030534,11996,13086,1104,0,11982,13041,857620,14,0,0,14,45
2020-08-04,US,Connecticut,New London,1421,103,0,41.48896435,-72.10430976,9011.0,535.8098987202401,7.248416608022518,1318,1414,103,0,1311,1402,266784,7,0,0,7,12
2020-08-04,US,Connecticut,Tolland,1053,66,0,41.85853803,-72.3308481,9013.0,698.6418614526178,6.267806267806268,987,1050,66,0,984,1019,150921,3,0,0,3,31
2020-08-04,US,Connecticut,Unassigned,242,0,0,0.0,0.0,90009.0,0.0,0.0,242,243,0,0,243,243,,-1,0,0,-1,0
2020-08-04,US,Connecticut,Windham,716,15,0,41.82972709,-71.98182316,9015.0,613.108184480485,2.094972067039106,701,712,15,0,697,693,117027,4,0,0,4,19
2020-08-04,US,Delaware,Kent,2226,107,0,39.08646628,-75.56884914,10001.0,1231.2900335202944,4.806828391734052,2119,2215,107,0,2108,2199,178550,11,0,0,11,16
2020-08-04,US,Delaware,New Castle,6994,289,0,39.57992638,-75.64054974,10003.0,1251.715874456155,4.132113239919931,6705,6938,287,0,6651,6868,559335,56,2,0,54,70
2020-08-04,US,Delaware,Sussex,5685,191,0,38.66143781,-75.39031349,10005.0,2427.1533781620237,3.3597185576077395,5494,5673,191,0,5482,5656,229286,12,0,0,12,17
2020-08-04,US,Delaware,Unassigned,232,0,0,0.0,0.0,90010.0,0.0,0.0,232,229,0,0,229,226,,3,0,0,3,3
2020-08-04,US,District of Columbia,District of Columbia,12398,587,0,38.90417773,-77.01655992,11001.0,1756.7152061143552,4.7346346184868535,11811,12313,586,0,11727,12057,702455,85,1,0,84,256
2020-08-04,US,Florida,Alachua,3808,25,0,29.67866525,-82.35928158,12001.0,1415.3871314250882,0.6565126050420168,3783,3749,23,0,3726,3662,269956,59,2,0,57,87
2020-08-04,US,Florida,Baker,423,4,0,30.33060121,-82.28467476,12003.0,1448.1342006162274,0.9456264775413712,419,403,4,0,399,386,28355,20,0,0,20,17
2020-08-04,US,Florida,Bay,3921,37,0,30.26548745,-85.62122584,12005.0,2244.3547694685326,0.9436368273399643,3884,3701,22,0,3679,3673,185287,220,15,0,205,28
2020-08-04,US,Florida,Bradford,341,4,0,29.95079741,-82.16611613,12007.0,1209.1769795397329,1.1730205278592376,337,340,4,0,336,337,27732,1,0,0,1,3
2020-08-04,US,Florida,Brevard,5671,123,0,28.29409504,-80.73091022,12009.0,942.117346854016,2.1689296420384414,5548,5619,117,0,5502,5587,596849,52,6,0,46,32
2020-08-04,US,Florida,Broward,58953,765,0,26.15184651,-80.48725556,12011.0,3018.929955171556,1.2976438858073378,58188,58531,748,0,57783,57975,1951260,422,17,0,405,556
2020-08-04,US,Florida,Calhoun,333,7,0,30.40666734,-85.19394153,12013.0,2360.864941510103,2.1021021021021022,326,328,7,0,321,319,14587,5,0,0,5,9
2020-08-04,US,Florida,Charlotte,2076,89,0,26.90131002,-81.92949121,12015.0,1098.9360012704462,4.28709055876686,1987,2062,89,0,1973,2024,184998,14,0,0,14,38
2020-08-04,US,Florida,Citrus,1322,34,0,28.84804315,-82.47614748,12017.0,883.3532678057157,2.571860816944024,1288,1299,30,0,1269,1291,147929,23,4,0,19,8
2020-08-04,US,Florida,Clay,2984,49,0,29.98319144,-81.85609986,12019.0,1360.9910057832997,1.6420911528150135,2935,2935,48,0,2887,2908,216072,49,1,0,48,27
2020-08-04,US,Florida,Collier,9897,129,0,26.11091986,-81.34687065,12021.0,2571.3038643602786,1.3034252803879964,9768,9811,124,0,9687,9734,378488,86,5,0,81,77
2020-08-04,US,Florida,Columbia,2637,13,0,30.22509788,-82.62160164,12023.0,3678.5425327121056,0.4929844520288206,2624,2598,11,0,2587,2572,70503,39,2,0,37,26
2020-08-04,US,Florida,DeSoto,1308,16,0,27.18677893,-81.80941373,12027.0,3442.0146838241108,1.2232415902140672,1292,1297,15,0,1282,1292,37489,11,1,0,10,5
2020-08-04,US,Florida,Dixie,284,4,0,29.60631086,-83.15724673,12029.0,1687.8640199690954,1.4084507042253518,280,277,4,0,273,272,16700,7,0,0,7,5
2020-08-04,US,Florida,Duval,22034,162,0,30.33225875,-81.66976468,12031.0,2300.588355059488,0.7352273758736498,21872,21830,160,0,21670,21665,950181,204,2,0,202,165
2020-08-04,US,Florida,Escambia,8262,101,0,30.67652764,-87.37284571,12033.0,2595.5339976626997,1.2224642943597193,8161,8125,97,0,8028,8007,315534,137,4,0,133,118
2020-08-04,US,Florida,Flagler,961,13,0,29.45933576,-81.31508595,12035.0,835.0639984011261,1.352757544224766,948,945,11,0,934,930,112067,16,2,0,14,15
2020-08-04,US,Florida,Franklin,189,2,0,29.83791238,-84.82731662,12037.0,1558.7628865979382,1.058201058201058,187,158,2,0,156,130,11736,31,0,0,31,28
2020-08-04,US,Florida,Gadsden,1600,21,0,30.57796289,-84.61915825,12039.0,3504.161191414805,1.3125,1579,1576,20,0,1556,1552,45894,24,1,0,23,24
2020-08-04,US,Florida,Gilchrist,334,3,0,29.72856978,-82.79880657,12041.0,1797.4383812291464,0.8982035928143712,331,331,3,0,328,334,18256,3,0,0,3,-3
2020-08-04,US,Florida,Glades,392,3,0,26.95635849,-81.18996211,12043.0,2838.317283324886,0.7653061224489796,389,392,3,0,389,391,13724,0,0,0,0,1
2020-08-04,US,Florida,Gulf,415,2,0,29.93543004,-85.24270990000002,12045.0,3042.745069286605,0.4819277108433735,413,390,2,0,388,379,16164,25,0,0,25,11
2020-08-04,US,Florida,Hamilton,592,3,0,30.49673973,-82.94998918,12047.0,4103.132797338509,0.5067567567567568,589,586,3,0,583,587,14310,6,0,0,6,-1
2020-08-04,US,Florida,Hardee,857,7,0,27.49293939,-81.80956574,12049.0,3181.4975684003416,0.8168028004667445,850,857,7,0,850,857,27245,0,0,0,0,0
2020-08-04,US,Florida,Hendry,1691,37,0,26.55386945,-81.16469006,12051.0,4024.082623387749,2.1880544056771143,1654,1667,37,0,1630,1652,41556,24,0,0,24,15
2020-08-04,US,Florida,Hernando,1802,37,0,28.55364461,-82.42700204,12053.0,929.2491749174916,2.0532741398446173,1765,1766,33,0,1733,1749,190865,36,4,0,32,17
2020-08-04,US,Florida,Highlands,1296,30,0,27.34254618,-81.34071957,12055.0,1220.0977207896744,2.314814814814815,1266,1277,29,0,1248,1252,105424,19,1,0,18,25
2020-08-04,US,Florida,Hillsborough,30798,369,0,27.9276559,-82.32013172,12057.0,2092.3009195852082,1.1981297486849796,30429,30450,348,0,30102,30118,1436888,348,21,0,327,332
2020-08-04,US,Florida,Holmes,457,2,0,30.86747479,-85.81319222,12059.0,2329.612071162767,0.43763676148796504,455,455,2,0,453,445,19477,2,0,0,2,10
2020-08-04,US,Florida,Indian River,2369,50,0,27.69308961,-80.60556721,12061.0,1481.337893861421,2.110595187842972,2319,2340,48,0,2292,2302,157413,29,2,0,27,38
2020-08-04,US,Florida,Jackson,1643,33,0,30.795459700000002,-85.21500423,12063.0,3539.880208557763,2.008520998174072,1610,1618,33,0,1585,1613,48305,25,0,0,25,5
2020-08-04,US,Florida,Jefferson,417,5,0,30.43669112,-83.89442308,12065.0,2927.1374420890074,1.1990407673860912,412,363,5,0,358,344,14288,54,0,0,54,19
2020-08-04,US,Florida,Lafayette,113,1,0,29.98484137,-83.18166636,12067.0,1341.724056043695,0.8849557522123894,112,113,1,0,112,110,8732,0,0,0,0,3
2020-08-04,US,Florida,Lake,4769,52,0,28.76202069,-81.7125123,12069.0,1299.0373667322224,1.090375340742294,4717,4708,51,0,4657,4661,356495,61,1,0,60,47
2020-08-04,US,Florida,Lee,15874,312,0,26.58410348,-81.88399313,12071.0,2060.014768154253,1.9654781403552977,15562,15799,300,0,15499,15674,754610,75,12,0,63,125
2020-08-04,US,Florida,Leon,4489,15,0,30.45955727,-84.27491114,12073.0,1529.0446962007209,0.33415014479839605,4474,4448,15,0,4433,4387,292502,41,0,0,41,61
2020-08-04,US,Florida,Levy,627,4,0,29.31829741,-82.74007147,12075.0,1510.7341637953882,0.6379585326953748,623,618,3,0,615,595,40770,9,1,0,8,23
2020-08-04,US,Florida,Liberty,418,2,0,30.23766008,-84.8829258,12077.0,5003.591094086665,0.4784688995215311,416,412,2,0,410,409,8457,6,0,0,6,3
2020-08-04,US,Florida,Madison,661,8,0,30.44396917,-83.47398594,12079.0,3574.3254204293517,1.2102874432677762,653,655,8,0,647,643,18529,6,0,0,6,12
2020-08-04,US,Florida,Manatee,8887,187,0,27.47196942,-82.31831044,12081.0,2203.8273738819053,2.1041971418926524,8700,8825,187,0,8638,8733,394855,62,0,0,62,92
2020-08-04,US,Florida,Marion,5434,76,0,29.21227113,-82.05803627,12083.0,1486.409230289486,1.3986013986013983,5358,5286,64,0,5222,5173,359977,148,12,0,136,113
2020-08-04,US,Florida,Martin,3658,80,0,27.0772071,-80.43109784,12085.0,2272.049689440994,2.186987424822308,3578,3644,77,0,3567,3637,160912,14,3,0,11,7
2020-08-04,US,Florida,Miami-Dade,124759,1724,0,25.6112362,-80.55170587,12086.0,4591.893821725912,1.3818642342436216,123035,123644,1694,0,121950,122690,2761581,1115,30,0,1085,954
2020-08-04,US,Florida,Monroe,1389,13,0,25.20904673,-81.07812416,12087.0,1871.2615185644227,0.9359251259899208,1376,1379,11,0,1368,1357,75027,10,2,0,8,22
2020-08-04,US,Florida,Nassau,1138,11,0,30.61037141,-81.80297522,12089.0,1284.0620592383639,0.9666080843585236,1127,1121,11,0,1110,1104,85832,17,0,0,17,17
2020-08-04,US,Florida,Okaloosa,3106,34,0,30.69143028,-86.59267105,12091.0,1473.8680257001583,1.0946555054732776,3072,3031,30,0,3001,2931,207269,75,4,0,71,100
2020-08-04,US,Florida,Okeechobee,967,6,0,27.386336199999995,-80.88944347,12093.0,2293.208119901347,0.6204756980351603,961,958,6,0,952,945,41537,9,0,0,9,13
2020-08-04,US,Florida,Orange,30140,241,0,28.51367621,-81.31799498,12095.0,2162.9736797535893,0.7996018579960186,29899,29927,239,0,29688,29699,1380645,213,2,0,211,228
2020-08-04,US,Florida,Osceola,9018,88,0,28.06312234,-81.14882926,12097.0,2399.99361279145,0.9758261255267244,8930,8894,81,0,8813,8782,367990,124,7,0,117,112
2020-08-04,US,Florida,Palm Beach,34929,861,0,26.64676272,-80.46536002,12099.0,2333.625072656453,2.465000429442584,34068,34550,845,0,33705,34226,1485941,379,16,0,363,324
2020-08-04,US,Florida,Pasco,6636,101,0,28.30810945,-82.40227529,12101.0,1197.9485402033047,1.5220012055455094,6535,6548,99,0,6449,6479,539630,88,2,0,86,69
2020-08-04,US,Florida,Pinellas,17047,460,0,27.93130349,-82.72239666,12103.0,1748.417429404839,2.6984220097377842,16587,16886,442,0,16444,16774,975280,161,18,0,143,112
2020-08-04,US,Florida,Polk,13231,286,0,27.95027105,-81.69732947,12105.0,1825.527024174332,2.161590204822009,12945,13137,271,0,12866,12991,708009,94,15,0,79,146
2020-08-04,US,Florida,Putnam,1397,20,0,29.60779729,-81.74230285,12107.0,1874.6393634009205,1.4316392269148177,1377,1379,19,0,1360,1368,74163,18,1,0,17,11
2020-08-04,US,Florida,Santa Rosa,3552,30,0,30.69341450000001,-87.02458128,12113.0,1927.156521786309,0.8445945945945946,3522,3484,24,0,3460,3454,179349,68,6,0,62,30
2020-08-04,US,Florida,Sarasota,5854,128,0,27.18546175,-82.33174248,12115.0,1349.6502529153274,2.1865391185514182,5726,5814,121,0,5693,5724,426718,40,7,0,33,90
2020-08-04,US,Florida,Seminole,6760,89,0,28.7158582,-81.24060348,12117.0,1432.731557820044,1.316568047337278,6671,6687,88,0,6599,6639,467832,73,1,0,72,48
2020-08-04,US,Florida,St. Johns,3422,30,0,29.90096506,-81.43589967,12109.0,1292.9210494498852,0.8766803039158387,3392,3362,29,0,3333,3323,254261,60,1,0,59,39
2020-08-04,US,Florida,St. Lucie,5329,130,0,27.37763908,-80.47106649,12111.0,1623.2253112273333,2.439482079189341,5199,5256,125,0,5131,5210,321128,73,5,0,68,46
2020-08-04,US,Florida,Sumter,1163,38,0,28.70181754,-82.0794267,12119.0,878.2661229421537,3.2674118658641444,1125,1142,35,0,1107,1131,128754,21,3,0,18,11
2020-08-04,US,Florida,Suwannee,1203,37,0,30.19746066,-82.99099670000003,12121.0,2708.4224508634084,3.0756442227763925,1166,1190,36,0,1154,1171,44191,13,1,0,12,19
2020-08-04,US,Florida,Taylor,551,4,0,30.04848048,-83.60445406,12123.0,2554.592238861329,0.7259528130671506,547,396,3,0,393,372,21623,155,1,0,154,24
2020-08-04,US,Florida,Unassigned,638,0,0,0.0,0.0,90012.0,0.0,0.0,638,631,0,0,631,633,,7,0,0,7,-2
2020-08-04,US,Florida,Union,227,4,0,30.04412971,-82.37497443,12125.0,1489.7945789853643,1.7621145374449338,223,225,4,0,221,225,14940,2,0,0,2,0
2020-08-04,US,Florida,Volusia,7288,118,0,29.05858895,-81.18263252,12127.0,1317.2258731501365,1.6190998902305158,7170,7194,116,0,7078,7097,547538,94,2,0,92,97
2020-08-04,US,Florida,Wakulla,627,4,0,30.16548905,-84.39895211,12129.0,1858.383473131984,0.6379585326953748,623,612,4,0,608,611,32461,15,0,0,15,1
2020-08-04,US,Florida,Walton,1286,14,0,30.64204028,-86.16935664,12131.0,1736.1720511401224,1.088646967340591,1272,1256,13,0,1243,1245,71375,30,1,0,29,11
2020-08-04,US,Florida,Washington,676,15,0,30.61359259,-85.66002461,12133.0,2653.790287755663,2.218934911242604,661,597,14,0,583,590,24880,79,1,0,78,7
2020-08-04,US,Georgia,Appling,601,17,0,31.74847232,-82.28909114,13001.0,3268.791471772001,2.8286189683860234,584,602,16,0,586,594,18507,-1,1,0,-2,8
2020-08-04,US,Georgia,Atkinson,301,2,0,31.29633502,-82.87545866,13003.0,3686.466625842008,0.6644518272425249,299,296,2,0,294,293,8297,5,0,0,5,3
2020-08-04,US,Georgia,Bacon,419,6,0,31.55456473,-82.45936528,13005.0,3753.1350770333215,1.431980906921241,413,415,6,0,409,415,11185,4,0,0,4,0
2020-08-04,US,Georgia,Baker,62,3,0,31.32669878,-84.44218806,13007.0,2040.8163265306125,4.838709677419356,59,58,3,0,55,58,3092,4,0,0,4,0
2020-08-04,US,Georgia,Baldwin,978,38,0,33.06882326,-83.24701748,13009.0,2178.6589440855428,3.8854805725971366,940,972,38,0,934,965,44823,6,0,0,6,7
2020-08-04,US,Georgia,Banks,246,3,0,34.35607081,-83.49644388,13011.0,1278.9851304980764,1.2195121951219512,243,244,3,0,241,242,18988,2,0,0,2,2
2020-08-04,US,Georgia,Barrow,1152,32,0,33.99148694,-83.71436292,13013.0,1383.9500240269101,2.7777777777777777,1120,1127,32,0,1095,1112,80809,25,0,0,25,15
2020-08-04,US,Georgia,Bartow,1675,61,0,34.23732119,-84.83887523,13015.0,1554.6975069149235,3.6417910447761193,1614,1618,60,0,1558,1607,106408,57,1,0,56,11
2020-08-04,US,Georgia,Ben Hill,361,3,0,31.76095874,-83.22145359,13017.0,2161.676646706587,0.8310249307479224,358,351,3,0,348,346,16787,10,0,0,10,5
2020-08-04,US,Georgia,Berrien,265,0,0,31.27590016,-83.22529920000002,13019.0,1366.1906480383566,0.0,265,263,0,0,263,261,19252,2,0,0,2,2
2020-08-04,US,Georgia,Bibb,3265,62,0,32.80904227,-83.70489165,13021.0,2131.7715576622986,1.8989280245022968,3203,3214,61,0,3153,3150,153095,51,1,0,50,64
2020-08-04,US,Georgia,Bleckley,150,5,0,32.43829035,-83.33035166,13023.0,1165.2295502213935,3.333333333333333,145,133,3,0,130,132,12838,17,2,0,15,1
2020-08-04,US,Georgia,Brantley,232,4,0,31.19576557,-81.97743999,13025.0,1214.0876027002982,1.7241379310344829,228,228,4,0,224,224,18897,4,0,0,4,4
2020-08-04,US,Georgia,Brooks,375,17,0,30.83922642,-83.58303423,13027.0,2426.085268810248,4.533333333333333,358,374,15,0,359,371,15513,1,2,0,-1,3
2020-08-04,US,Georgia,Bryan,579,8,0,32.00979311,-81.44002948,13029.0,1461.1249905367554,1.381692573402418,571,566,7,0,559,551,38109,13,1,0,12,15
2020-08-04,US,Georgia,Bulloch,1123,13,0,32.39577406,-81.74811421,13031.0,1410.6622450005027,1.157613535173642,1110,1112,12,0,1100,1101,77296,11,1,0,10,11
2020-08-04,US,Georgia,Burke,424,7,0,33.05917989,-81.99928721,13033.0,1894.2947772863333,1.650943396226415,417,415,7,0,408,408,22423,9,0,0,9,7
2020-08-04,US,Georgia,Butts,468,37,0,33.283094500000004,-83.95435040000002,13035.0,1876.8046198267568,7.905982905982907,431,466,37,0,429,465,24193,2,0,0,2,1
2020-08-04,US,Georgia,Calhoun,195,6,0,31.53169785,-84.62725131,13037.0,3150.7513330101788,3.0769230769230766,189,194,6,0,188,194,6352,1,0,0,1,0
2020-08-04,US,Georgia,Camden,696,4,0,30.92951916,-81.66601818,13039.0,1273.1862583690045,0.5747126436781609,692,689,4,0,685,670,53677,7,0,0,7,19
2020-08-04,US,Georgia,Candler,232,4,0,32.40209349,-82.07702563,13043.0,2147.5516060353607,1.7241379310344829,228,229,4,0,225,229,10836,3,0,0,3,0
2020-08-04,US,Georgia,Carroll,1760,47,0,33.58138199,-85.07976677,13045.0,1466.7644509633976,2.6704545454545454,1713,1756,47,0,1709,1737,118121,4,0,0,4,19
2020-08-04,US,Georgia,Catoosa,572,9,0,34.89872298,-85.13757014,13047.0,846.4042616158628,1.573426573426573,563,546,9,0,537,540,67420,26,0,0,26,6
2020-08-04,US,Georgia,Charlton,391,3,0,30.78371028,-82.13951596,13049.0,2919.6535244922343,0.7672634271099744,388,389,3,0,386,380,12968,2,0,0,2,9
2020-08-04,US,Georgia,Chatham,5210,66,0,32.00043026,-81.12489526,13051.0,1800.0898317382441,1.2667946257197698,5144,5051,67,0,4984,4960,289195,159,-1,0,160,91
2020-08-04,US,Georgia,Chattahoochee,665,1,0,32.34341231,-84.78809239,13053.0,6097.00192536903,0.15037593984962405,664,665,1,0,664,660,10684,0,0,0,0,5
2020-08-04,US,Georgia,Chattooga,199,2,0,34.47197698,-85.34535662,13055.0,802.7754245834848,1.0050251256281406,197,198,2,0,196,198,24790,1,0,0,1,0
2020-08-04,US,Georgia,Cherokee,2976,57,0,34.24393976,-84.47431861,13057.0,1150.0427015183188,1.9153225806451613,2919,2885,56,0,2829,2853,254149,91,1,0,90,32
2020-08-04,US,Georgia,Clarke,1794,17,0,33.95436462,-83.37124007,13059.0,1397.9474951492623,0.947603121516165,1777,1741,17,0,1724,1717,127330,53,0,0,53,24
2020-08-04,US,Georgia,Clay,85,2,0,31.62221166,-84.97713865,13061.0,2999.294283697953,2.3529411764705883,83,80,2,0,78,80,2887,5,0,0,5,0
2020-08-04,US,Georgia,Clayton,4626,102,0,33.54187245,-84.35594188,13063.0,1582.8588634621701,2.2049286640726335,4524,4557,101,0,4456,4518,289615,69,1,0,68,39
2020-08-04,US,Georgia,Clinch,176,4,0,30.91395822,-82.70432472,13065.0,2659.413720157147,2.272727272727273,172,176,4,0,172,174,6648,0,0,0,0,2
2020-08-04,US,Georgia,Cobb,12135,304,0,33.94243204,-84.5761255,13067.0,1596.4143494430639,2.5051503914297486,11831,11844,298,0,11546,11690,756865,291,6,0,285,154
2020-08-04,US,Georgia,Coffee,1370,25,0,31.54892966,-82.85492059999999,13069.0,3165.946433110716,1.8248175182481752,1345,1347,25,0,1322,1341,43093,23,0,0,23,6
2020-08-04,US,Georgia,Colquitt,1503,22,0,31.18810588,-83.7677946,13071.0,3296.052631578948,1.4637391882900863,1481,1481,22,0,1459,1481,45592,22,0,0,22,0
2020-08-04,US,Georgia,Columbia,2008,21,0,33.54534185,-82.263524,13073.0,1281.3150069553453,1.045816733067729,1987,1969,19,0,1950,1919,154291,39,2,0,37,50
2020-08-04,US,Georgia,Cook,409,6,0,31.16068491,-83.42947229,13075.0,2368.268674001158,1.4669926650366751,403,405,6,0,399,402,17162,4,0,0,4,3
2020-08-04,US,Georgia,Coweta,1373,22,0,33.35334302,-84.76129976,13077.0,924.523092876526,1.602330662782229,1351,1359,21,0,1338,1338,145864,14,1,0,13,21
2020-08-04,US,Georgia,Crawford,90,0,0,32.71391813,-83.98061238,13079.0,725.5723960012898,0.0,90,89,0,0,89,89,12318,1,0,0,1,0
2020-08-04,US,Georgia,Crisp,364,14,0,31.92289565,-83.76811843,13081.0,1627.0337922403005,3.8461538461538463,350,363,14,0,349,363,22601,1,0,0,1,0
2020-08-04,US,Georgia,Dade,114,1,0,34.854916700000004,-85.50490424,13083.0,707.3715562174235,0.8771929824561403,113,111,1,0,110,110,16226,3,0,0,3,1
2020-08-04,US,Georgia,Dawson,318,3,0,34.44244079,-84.16964071,13085.0,1218.017465910832,0.9433962264150944,315,301,3,0,298,298,25083,17,0,0,17,3
2020-08-04,US,Georgia,DeKalb,12760,229,0,33.76944049,-84.22396017,13089.0,1680.5018326162226,1.7946708463949843,12531,12604,225,0,12379,12476,756558,156,4,0,152,128
2020-08-04,US,Georgia,Decatur,691,8,0,30.87967778,-84.57619536,13087.0,2617.027723072262,1.1577424023154848,683,677,8,0,669,666,26575,14,0,0,14,11
2020-08-04,US,Georgia,Dodge,189,3,0,32.17265114,-83.16948926,13091.0,917.2530939092453,1.5873015873015872,186,189,3,0,186,189,20705,0,0,0,0,0
2020-08-04,US,Georgia,Dooly,242,14,0,32.15630737,-83.79746561,13093.0,1807.3188946975354,5.785123966942148,228,242,14,0,228,242,13706,0,0,0,0,0
2020-08-04,US,Georgia,Dougherty,2631,169,0,31.53328528,-84.21722377,13095.0,2991.268361453454,6.423413150893197,2462,2621,169,0,2452,2602,91243,10,0,0,10,19
2020-08-04,US,Georgia,Douglas,2400,50,0,33.70291126,-84.77026156,13097.0,1639.982780180808,2.083333333333333,2350,2331,49,0,2282,2317,145331,69,1,0,68,14
2020-08-04,US,Georgia,Early,349,31,0,31.32155345,-84.90255207,13099.0,3424.9263984298327,8.882521489971346,318,346,31,0,315,346,10247,3,0,0,3,0
2020-08-04,US,Georgia,Echols,215,2,0,30.71101099,-82.89687287,13101.0,5366.949575636545,0.9302325581395348,213,218,2,0,216,218,4000,-3,0,0,-3,0
2020-08-04,US,Georgia,Effingham,657,1,0,32.36616021,-81.34280942,13103.0,1021.8365061590146,0.15220700152207,656,651,1,0,650,631,62190,6,0,0,6,20
2020-08-04,US,Georgia,Elbert,326,1,0,34.11302332,-82.83936148,13105.0,1698.447431489007,0.3067484662576687,325,324,1,0,323,323,19120,2,0,0,2,1
2020-08-04,US,Georgia,Emanuel,444,8,0,32.59221302,-82.30239915,13107.0,1960.6111454561512,1.8018018018018016,436,426,7,0,419,426,22612,18,1,0,17,0
2020-08-04,US,Georgia,Evans,228,1,0,32.15328841,-81.8870105,13109.0,2140.041299042613,0.43859649122807015,227,227,1,0,226,220,10721,1,0,0,1,7
2020-08-04,US,Georgia,Fannin,290,3,0,34.86430205,-84.316964,13111.0,1107.377424774706,1.0344827586206895,287,284,2,0,282,281,25964,6,1,0,5,3
2020-08-04,US,Georgia,Fayette,994,25,0,33.41357794,-84.49089434,13113.0,868.7216507459295,2.5150905432595567,969,980,25,0,955,970,113459,14,0,0,14,10
2020-08-04,US,Georgia,Floyd,1307,15,0,34.26268279,-85.21577392,13115.0,1326.9304960506813,1.1476664116296864,1292,1283,15,0,1268,1266,97927,24,0,0,24,17
2020-08-04,US,Georgia,Forsyth,1984,22,0,34.22604035,-84.12315129999998,13117.0,812.2758462571443,1.1088709677419355,1962,1942,20,0,1922,1926,236612,42,2,0,40,16
2020-08-04,US,Georgia,Franklin,381,5,0,34.37525597,-83.23159927,13119.0,1631.7615315431067,1.3123359580052494,376,375,4,0,371,365,23023,6,1,0,5,10
2020-08-04,US,Georgia,Fulton,18566,406,0,33.79216944,-84.46319413,13121.0,1745.0281360644476,2.1867930625875256,18160,18224,398,0,17826,18079,1050114,342,8,0,334,145
2020-08-04,US,Georgia,Gilmer,526,4,0,34.69316688,-84.45802506,13123.0,1676.814689661768,0.7604562737642585,522,518,3,0,515,512,30816,8,1,0,7,6
2020-08-04,US,Georgia,Glascock,23,0,0,33.22879932,-82.61297636,13125.0,774.1501178054527,0.0,23,23,0,0,23,22,2995,0,0,0,0,1
2020-08-04,US,Georgia,Glynn,2359,38,0,31.23279254,-81.53811412,13127.0,2765.7928058903526,1.6108520559559136,2321,2330,34,0,2296,2311,85219,29,4,0,25,19
2020-08-04,US,Georgia,Gordon,1039,23,0,34.50487351,-84.87296253,13129.0,1792.5228162793505,2.213666987487969,1016,1026,23,0,1003,1014,57685,13,0,0,13,12
2020-08-04,US,Georgia,Grady,425,5,0,30.87454847,-84.23418364,13131.0,1725.3278122843342,1.1764705882352942,420,419,5,0,414,407,24748,6,0,0,6,12
2020-08-04,US,Georgia,Greene,262,11,0,33.5769205,-83.17139104,13133.0,1429.8188168522156,4.198473282442748,251,254,11,0,243,248,17698,8,0,0,8,6
2020-08-04,US,Georgia,Gwinnett,18201,240,0,33.96044201,-84.02137802,13135.0,1944.0320427236315,1.3186088676446348,17961,17927,240,0,17687,17781,927781,274,0,0,274,146
2020-08-04,US,Georgia,Habersham,1057,48,0,34.63331566,-83.53094677,13137.0,2331.891987292622,4.541154210028382,1009,1048,48,0,1000,1037,45388,9,0,0,9,11
2020-08-04,US,Georgia,Hall,5657,86,0,34.32207823,-83.81896936,13139.0,2767.057488468556,1.5202404101113665,5571,5547,79,0,5468,5523,202148,110,7,0,103,24
2020-08-04,US,Georgia,Hancock,290,34,0,33.2721566,-82.99766919,13141.0,3429.111978242876,11.724137931034482,256,283,34,0,249,282,8348,7,0,0,7,1
2020-08-04,US,Georgia,Haralson,199,6,0,33.79602175,-85.21005667,13143.0,667.9645542427498,3.0150753768844223,193,196,6,0,190,192,29533,3,0,0,3,4
2020-08-04,US,Georgia,Harris,626,16,0,32.73709786,-84.90538572,13145.0,1776.5921216937222,2.5559105431309903,610,624,16,0,608,620,34475,2,0,0,2,4
2020-08-04,US,Georgia,Hart,272,4,0,34.34626973,-82.96567682,13147.0,1037.9698530814728,1.4705882352941178,268,269,2,0,267,266,26099,3,2,0,1,3
2020-08-04,US,Georgia,Heard,134,4,0,33.29686567,-85.12886832,13149.0,1123.878218569152,2.985074626865672,130,131,3,0,128,130,11879,3,1,0,2,1
2020-08-04,US,Georgia,Henry,3055,44,0,33.4533428,-84.14814659999998,13151.0,1302.4330557935893,1.440261865793781,3011,3019,42,0,2977,2987,230220,36,2,0,34,32
2020-08-04,US,Georgia,Houston,1817,51,0,32.45802497,-83.66879087,13153.0,1150.9980172681376,2.8068244358833243,1766,1802,49,0,1753,1785,155469,15,2,0,13,17
2020-08-04,US,Georgia,Irwin,157,1,0,31.60213036,-83.27501387,13155.0,1667.374681393373,0.6369426751592356,156,157,1,0,156,156,9398,0,0,0,0,1
2020-08-04,US,Georgia,Jackson,972,13,0,34.13794553,-83.56814788,13157.0,1331.9264973895886,1.337448559670782,959,958,13,0,945,950,70422,14,0,0,14,8
2020-08-04,US,Georgia,Jasper,129,1,0,33.31535543,-83.68844964,13159.0,907.2367958365567,0.7751937984496124,128,126,1,0,125,124,14040,3,0,0,3,2
2020-08-04,US,Georgia,Jeff Davis,404,7,0,31.80405727,-82.63724870000001,13161.0,2672.841548130996,1.7326732673267329,397,404,6,0,398,394,15029,0,1,0,-1,10
2020-08-04,US,Georgia,Jefferson,458,7,0,33.05867328,-82.41609057,13163.0,2981.3826324697307,1.5283842794759823,451,449,6,0,443,434,15430,9,1,0,8,15
2020-08-04,US,Georgia,Jenkins,231,22,0,32.79248718,-81.96040187,13165.0,2662.517289073305,9.523809523809524,209,230,22,0,208,230,8683,1,0,0,1,0
2020-08-04,US,Georgia,Johnson,232,11,0,32.70211082,-82.66166794,13167.0,2405.890283106917,4.741379310344827,221,227,10,0,217,227,9708,5,1,0,4,0
2020-08-04,US,Georgia,Jones,275,3,0,33.02512137,-83.56019163,13169.0,957.0210544631982,1.0909090909090908,272,270,3,0,267,261,28616,5,0,0,5,9
2020-08-04,US,Georgia,Lamar,239,10,0,33.07841647,-84.14263877,13171.0,1252.8175289615767,4.184100418410042,229,237,9,0,228,223,19000,2,1,0,1,14
2020-08-04,US,Georgia,Lanier,210,4,0,31.03828570000001,-83.06472457,13173.0,2014.7750167897918,1.9047619047619049,206,215,4,0,211,215,10340,-5,0,0,-5,0
2020-08-04,US,Georgia,Laurens,774,5,0,32.46325233,-82.92221316,13175.0,1627.8971942960502,0.6459948320413437,769,762,4,0,758,749,47325,12,1,0,11,13
2020-08-04,US,Georgia,Lee,522,22,0,31.779330600000005,-84.14324253,13177.0,1740.4641237663375,4.21455938697318,500,520,22,0,498,515,29764,2,0,0,2,5
2020-08-04,US,Georgia,Liberty,643,2,0,31.82588896,-81.49251135,13179.0,1046.6346545128997,0.3110419906687403,641,624,2,0,622,605,61497,19,0,0,19,19
2020-08-04,US,Georgia,Lincoln,129,4,0,33.79201475,-82.45024131,13181.0,1628.5822497159452,3.1007751937984502,125,129,4,0,125,129,7915,0,0,0,0,0
2020-08-04,US,Georgia,Long,126,1,0,31.75218791,-81.74952375,13183.0,644.2047139424305,0.7936507936507936,125,124,1,0,123,123,18998,2,0,0,2,1
2020-08-04,US,Georgia,Lowndes,3007,34,0,30.83568832,-83.27056716,13185.0,2561.197894485801,1.1306950448952444,2973,2985,32,0,2953,2971,116321,22,2,0,20,14
2020-08-04,US,Georgia,Lumpkin,309,6,0,34.57286511,-84.00425681,13187.0,919.3692353466228,1.9417475728155342,303,302,6,0,296,301,32955,7,0,0,7,1
2020-08-04,US,Georgia,Macon,174,10,0,32.35207048,-84.04234127,13193.0,1343.940681238897,5.747126436781608,164,175,10,0,165,175,13143,-1,0,0,-1,0
2020-08-04,US,Georgia,Madison,356,4,0,34.12920917,-83.21218732,13195.0,1191.4323962516733,1.1235955056179776,352,341,4,0,337,335,29650,15,0,0,15,6
2020-08-04,US,Georgia,Marion,145,4,0,32.3483402,-84.52733571,13197.0,1734.65725565259,2.7586206896551726,141,145,4,0,141,143,8351,0,0,0,0,2
2020-08-04,US,Georgia,McDuffie,301,10,0,33.47851918,-82.48252774,13189.0,1412.3498498498498,3.3222591362126246,291,296,9,0,287,293,21531,5,1,0,4,3
2020-08-04,US,Georgia,McIntosh,161,2,0,31.49683595,-81.40163426,13191.0,1119.7663096397273,1.2422360248447204,159,157,2,0,155,150,14340,4,0,0,4,7
2020-08-04,US,Georgia,Meriwether,358,6,0,33.04163534,-84.68859732,13199.0,1691.3119478433414,1.675977653631285,352,358,5,0,353,355,21068,0,1,0,-1,3
2020-08-04,US,Georgia,Miller,131,0,0,31.16568912,-84.73151117,13201.0,2291.010842952081,0.0,131,129,0,0,129,130,5686,2,0,0,2,-1
2020-08-04,US,Georgia,Mitchell,631,41,0,31.22483255,-84.19381821,13205.0,2886.154690573115,6.497622820919176,590,617,41,0,576,619,22192,14,0,0,14,-2
2020-08-04,US,Georgia,Monroe,433,23,0,33.014289,-83.92097166,13207.0,1570.0921024004642,5.311778290993073,410,428,23,0,405,423,27520,5,0,0,5,5
2020-08-04,US,Georgia,Montgomery,135,1,0,32.17201038,-82.53527476,13209.0,1471.8709114696906,0.7407407407407407,134,138,1,0,137,129,9193,-3,0,0,-3,9
2020-08-04,US,Georgia,Morgan,231,0,0,33.59232073,-83.49129491,13211.0,1198.3814069308985,0.0,231,226,0,0,226,219,18853,5,0,0,5,7
2020-08-04,US,Georgia,Murray,549,2,0,34.78897608,-84.74993177,13213.0,1369.2138866719872,0.3642987249544625,547,538,2,0,536,535,39921,11,0,0,11,3
2020-08-04,US,Georgia,Muscogee,4390,83,0,32.50931999,-84.87142262,13215.0,2242.4387926586946,1.8906605922551252,4307,4368,82,0,4286,4307,194160,22,1,0,21,61
2020-08-04,US,Georgia,Newton,1645,36,0,33.55514538,-83.84547140000002,13217.0,1472.1148339060708,2.188449848024316,1609,1618,35,0,1583,1596,109541,27,1,0,26,22
2020-08-04,US,Georgia,Oconee,401,15,0,33.83749973,-83.43679568,13219.0,995.5312810327707,3.740648379052369,386,396,15,0,381,394,39272,5,0,0,5,2
2020-08-04,US,Georgia,Oglethorpe,190,7,0,33.878629600000004,-83.08278123,13221.0,1245.166786814339,3.684210526315789,183,189,7,0,182,187,15054,1,0,0,1,2
2020-08-04,US,Georgia,Out of GA,15486,86,0,0.0,0.0,80013.0,0.0,0.5553403073744027,15400,15925,82,0,15843,15621,,-439,4,0,-443,304
2020-08-04,US,Georgia,Paulding,1495,19,0,33.91969522,-84.86848792,13223.0,886.3618846603067,1.2709030100334449,1476,1452,19,0,1433,1430,164044,43,0,0,43,22
2020-08-04,US,Georgia,Peach,336,12,0,32.56934316,-83.82937,13225.0,1219.7778261816595,3.571428571428572,324,334,12,0,322,326,27297,2,0,0,2,8
2020-08-04,US,Georgia,Pickens,321,5,0,34.46589159,-84.46406611,13227.0,984.9344911171796,1.557632398753894,316,295,5,0,290,290,31980,26,0,0,26,5
2020-08-04,US,Georgia,Pierce,382,6,0,31.35928155,-82.21598442,13229.0,1962.4967891086567,1.5706806282722514,376,380,6,0,374,378,19389,2,0,0,2,2
2020-08-04,US,Georgia,Pike,196,4,0,33.09310242,-84.38790389,13231.0,1033.6462398481174,2.0408163265306123,192,195,4,0,191,192,18634,1,0,0,1,3
2020-08-04,US,Georgia,Polk,690,9,0,34.00267074,-85.18677781,13233.0,1619.2241804144276,1.3043478260869563,681,682,9,0,673,675,42470,8,0,0,8,7
2020-08-04,US,Georgia,Pulaski,87,2,0,32.23334561,-83.47549959999998,13235.0,781.1798509472928,2.2988505747126435,85,88,2,0,86,86,11069,-1,0,0,-1,2
2020-08-04,US,Georgia,Putnam,384,17,0,33.32056115,-83.37552891,13237.0,1736.0640173606405,4.427083333333333,367,384,17,0,367,381,21809,0,0,0,0,3
2020-08-04,US,Georgia,Quitman,29,1,0,31.86728114,-85.01773177,13239.0,1261.418007829491,3.4482758620689653,28,29,1,0,28,29,2279,0,0,0,0,0
2020-08-04,US,Georgia,Rabun,198,3,0,34.88389445,-83.40304637,13241.0,1155.3947598762911,1.5151515151515151,195,193,3,0,190,191,16867,5,0,0,5,2
2020-08-04,US,Georgia,Randolph,261,26,0,31.76622818,-84.75732369,13243.0,3850.693419887873,9.961685823754788,235,261,26,0,235,259,6833,0,0,0,0,2
2020-08-04,US,Georgia,Richmond,3840,84,0,33.35777107,-82.07026432,13245.0,1896.1277516072646,2.1875,3756,3786,83,0,3703,3719,201554,54,1,0,53,67
2020-08-04,US,Georgia,Rockdale,1198,16,0,33.65145002,-84.02202167,13247.0,1317.9897905298362,1.335559265442404,1182,1176,16,0,1160,1169,90594,22,0,0,22,7
2020-08-04,US,Georgia,Schley,55,1,0,32.2654021,-84.31258912,13249.0,1046.2240821761459,1.818181818181818,54,55,1,0,54,51,5236,0,0,0,0,4
2020-08-04,US,Georgia,Screven,178,9,0,32.74976524,-81.60779441,13251.0,1274.5238436202205,5.056179775280898,169,175,9,0,166,173,13938,3,0,0,3,2
2020-08-04,US,Georgia,Seminole,162,2,0,30.93464824,-84.86823924,13253.0,2002.4721878862792,1.2345679012345678,160,145,2,0,143,145,8315,17,0,0,17,0
2020-08-04,US,Georgia,Spalding,876,40,0,33.26310031,-84.28013991,13255.0,1313.2842600782574,4.5662100456621015,836,868,39,0,829,861,66100,8,1,0,7,7
2020-08-04,US,Georgia,Stephens,566,10,0,34.55151201,-83.29405315,13257.0,2183.2208293153326,1.7667844522968197,556,561,10,0,551,556,26035,5,0,0,5,5
2020-08-04,US,Georgia,Stewart,251,5,0,32.07996777,-84.83208037,13259.0,3790.96813170216,1.99203187250996,246,250,5,0,245,248,6199,1,0,0,1,2
2020-08-04,US,Georgia,Sumter,740,56,0,32.03650571,-84.19821492,13261.0,2506.435442351985,7.567567567567567,684,732,56,0,676,729,29733,8,0,0,8,3
2020-08-04,US,Georgia,Talbot,129,3,0,32.69642758,-84.53351366,13263.0,2082.3244552058113,2.3255813953488373,126,128,3,0,125,126,6272,1,0,0,1,2
2020-08-04,US,Georgia,Taliaferro,12,0,0,33.56543317,-82.88136816,13265.0,780.7417046193884,0.0,12,13,0,0,13,13,1608,-1,0,0,-1,0
2020-08-04,US,Georgia,Tattnall,433,1,0,32.04785085,-82.05539188,13267.0,1712.410029265206,0.2309468822170901,432,425,1,0,424,416,25391,8,0,0,8,9
2020-08-04,US,Georgia,Taylor,74,2,0,32.55792548,-84.25077141,13269.0,922.6932668329176,2.702702702702702,72,71,2,0,69,70,8039,3,0,0,3,1
2020-08-04,US,Georgia,Telfair,256,7,0,31.92829517,-82.93491155,13271.0,1614.123581336696,2.734375,249,254,7,0,247,253,15876,2,0,0,2,1
2020-08-04,US,Georgia,Terrell,293,30,0,31.77527543,-84.44069698,13273.0,3434.532880084398,10.238907849829351,263,292,30,0,262,292,8611,1,0,0,1,0
2020-08-04,US,Georgia,Thomas,1021,40,0,30.86392347,-83.91847289,13275.0,2296.9112055971746,3.917727717923604,981,999,39,0,960,997,44448,22,1,0,21,2
2020-08-04,US,Georgia,Tift,1264,35,0,31.45743864,-83.5236119,13277.0,3109.9301249876976,2.7689873417721516,1229,1249,35,0,1214,1246,40571,15,0,0,15,3
2020-08-04,US,Georgia,Toombs,667,7,0,32.12059861,-82.32957247,13279.0,2486.0231084606785,1.0494752623688155,660,649,6,0,643,632,26887,18,1,0,17,17
2020-08-04,US,Georgia,Towns,120,1,0,34.91369188,-83.74107459999998,13281.0,996.9261443881364,0.8333333333333334,119,119,1,0,118,115,11852,1,0,0,1,4
2020-08-04,US,Georgia,Treutlen,101,3,0,32.40422134,-82.56904553,13283.0,1463.5560063758874,2.9702970297029703,98,100,3,0,97,99,6809,1,0,0,1,1
2020-08-04,US,Georgia,Troup,2193,64,0,33.03349196,-85.02812115,13285.0,3136.3519350133006,2.918376652986776,2129,2175,63,0,2112,2169,70034,18,1,0,17,6
2020-08-04,US,Georgia,Turner,234,18,0,31.71612656,-83.62069378,13287.0,2930.494677520351,7.6923076923076925,216,227,18,0,209,225,7912,7,0,0,7,2
2020-08-04,US,Georgia,Twiggs,96,3,0,32.67435595,-83.43078662,13289.0,1182.2660098522167,3.125,93,94,3,0,91,93,8188,2,0,0,2,1
2020-08-04,US,Georgia,Unassigned,2534,6,0,0.0,0.0,90013.0,0.0,0.2367797947908445,2528,2549,6,0,2543,2471,,-15,0,0,-15,78
2020-08-04,US,Georgia,Union,235,6,0,34.82995757,-83.98967069,13291.0,958.7532128432132,2.5531914893617023,229,227,6,0,221,218,24001,8,0,0,8,9
2020-08-04,US,Georgia,Upson,489,46,0,32.87920671,-84.30024826,13293.0,1857.9027355623105,9.406952965235174,443,488,46,0,442,484,26215,1,0,0,1,4
2020-08-04,US,Georgia,Walker,581,16,0,34.73376362,-85.30165174,13295.0,832.8435658892504,2.753872633390705,565,556,16,0,540,553,69410,25,0,0,25,3
2020-08-04,US,Georgia,Walton,982,35,0,33.78017694,-83.73552314,13297.0,1038.131785650101,3.564154786150713,947,969,34,0,935,955,93503,13,1,0,12,14
2020-08-04,US,Georgia,Ware,1084,24,0,31.05449097,-82.42224148,13299.0,3033.5254939273523,2.2140221402214024,1060,1083,23,0,1060,1077,35680,1,1,0,0,6
2020-08-04,US,Georgia,Warren,56,1,0,33.41146451,-82.67795848,13301.0,1065.8545869813474,1.7857142857142858,55,55,1,0,54,55,5251,1,0,0,1,0
2020-08-04,US,Georgia,Washington,435,2,0,32.96711864,-82.79357039,13303.0,2135.074114066948,0.4597701149425287,433,427,2,0,425,421,20386,8,0,0,8,6
2020-08-04,US,Georgia,Wayne,678,5,0,31.5521809,-81.91894878,13305.0,2265.512747686036,0.7374631268436578,673,630,4,0,626,622,29808,48,1,0,47,8
2020-08-04,US,Georgia,Webster,39,2,0,32.04066113,-84.54742852,13307.0,1495.9723820483316,5.128205128205129,37,37,2,0,35,36,2611,2,0,0,2,1
2020-08-04,US,Georgia,Wheeler,84,1,0,32.12009104,-82.72574721,13309.0,1069.3825588796944,1.1904761904761905,83,84,1,0,83,83,7879,0,0,0,0,1
2020-08-04,US,Georgia,White,308,5,0,34.64624278,-83.74905525,13311.0,1000.0649392817717,1.6233766233766234,303,302,5,0,297,301,29970,6,0,0,6,1
2020-08-04,US,Georgia,Whitfield,3272,27,0,34.80987459,-84.96093476,13313.0,3127.2699468593487,0.8251833740831296,3245,3232,27,0,3205,3204,104062,40,0,0,40,28
2020-08-04,US,Georgia,Wilcox,169,18,0,31.97496928,-83.43438555,13315.0,1957.1511291256518,10.650887573964496,151,167,18,0,149,166,8812,2,0,0,2,1
2020-08-04,US,Georgia,Wilkes,180,3,0,33.78290391,-82.74286107,13317.0,1841.055538508745,1.6666666666666667,177,179,3,0,176,177,9876,1,0,0,1,2
2020-08-04,US,Georgia,Wilkinson,188,10,0,32.80291082,-83.17140684,13319.0,2099.6202814384633,5.319148936170213,178,185,10,0,175,182,9036,3,0,0,3,3
2020-08-04,US,Georgia,Worth,429,23,0,31.55162306,-83.85090513,13321.0,2118.8324196177214,5.361305361305361,406,427,23,0,404,424,20299,2,0,0,2,3
2020-08-04,US,Hawaii,Hawaii,122,0,0,19.60121157,-155.5210167,15001.0,60.54199977172689,0.0,122,117,0,0,117,115,200983,5,0,0,5,2
2020-08-04,US,Hawaii,Honolulu,2221,20,0,21.45803166,-157.97121819999995,15003.0,227.8970164063277,0.9004952723998199,2201,2083,19,0,2064,1886,980080,138,1,0,137,197
2020-08-04,US,Hawaii,Kauai,47,0,0,22.03935037,-159.5966786,15007.0,65.01321013099471,0.0,47,47,0,0,47,47,72133,0,0,0,0,0
2020-08-04,US,Hawaii,Maui,178,6,0,20.86399628,-156.56890969999995,15009.0,106.32134132137121,3.3707865168539324,172,178,6,0,172,171,167207,0,0,0,0,7
2020-08-04,US,Hawaii,Out of HI,23,1,0,0.0,0.0,80015.0,0.0,4.3478260869565215,22,23,1,0,22,23,,0,0,0,0,0
2020-08-04,US,Idaho,Ada,8280,66,0,43.4526575,-116.24155159999998,16001.0,1719.3155130848636,0.7971014492753623,8214,8069,64,0,8005,8004,469966,211,2,0,209,65
2020-08-04,US,Idaho,Adams,18,0,0,44.89333571,-116.4545247,16003.0,419.18956683744767,0.0,18,18,0,0,18,18,4250,0,0,0,0,0
2020-08-04,US,Idaho,Bannock,329,2,0,42.67002716,-112.2233311,16005.0,374.6811224489797,0.6079027355623101,327,312,2,0,310,302,87138,17,0,0,17,10
2020-08-04,US,Idaho,Bear Lake,9,0,0,42.28269683,-111.32892379999998,16007.0,146.9387755102041,0.0,9,7,0,0,7,6,6050,2,0,0,2,1
2020-08-04,US,Idaho,Benewah,58,0,0,47.21754179,-116.6586851,16009.0,623.7900623790063,0.0,58,57,0,0,57,51,9226,1,0,0,1,6
2020-08-04,US,Idaho,Bingham,207,2,0,43.21672879999999,-112.3978437,16011.0,442.20375552754695,0.966183574879227,205,187,2,0,185,179,46236,20,0,0,20,8
2020-08-04,US,Idaho,Blaine,571,6,0,43.4085812,-113.9752658,16013.0,2480.344033708353,1.0507880910683012,565,570,6,0,564,569,22601,1,0,0,1,1
2020-08-04,US,Idaho,Boise,42,1,0,43.98829931,-115.7309284,16015.0,536.3299706295493,2.380952380952381,41,39,1,0,38,38,7634,3,0,0,3,1
2020-08-04,US,Idaho,Bonner,156,0,0,48.29996017,-116.6017932,16017.0,341.0656114038348,0.0,156,156,0,0,156,152,44727,0,0,0,0,4
2020-08-04,US,Idaho,Bonneville,808,2,0,43.38713372,-111.6161537,16019.0,678.6380205271204,0.2475247524752475,806,774,2,0,772,709,116854,34,0,0,34,65
2020-08-04,US,Idaho,Boundary,34,0,0,48.76684761,-116.4630179,16021.0,277.66435279706,0.0,34,34,0,0,34,33,11948,0,0,0,0,1
2020-08-04,US,Idaho,Camas,1,0,0,43.46665742,-114.8065892,16025.0,90.41591320072331,0.0,1,1,0,0,1,1,1127,0,0,0,0,0
2020-08-04,US,Idaho,Canyon,5111,42,0,43.61970148,-116.70954990000001,16027.0,2223.633776957916,0.8217569947172765,5069,4959,37,0,4922,4778,223499,152,5,0,147,181
2020-08-04,US,Idaho,Caribou,23,0,0,42.77149116,-111.5597683,16029.0,321.45352900069884,0.0,23,23,0,0,23,23,7060,0,0,0,0,0
2020-08-04,US,Idaho,Cassia,491,1,0,42.28347888,-113.6012409,16031.0,2043.2792342904706,0.20366598778004075,490,483,1,0,482,472,23864,8,0,0,8,11
2020-08-04,US,Idaho,Clark,5,0,0,44.28496071,-112.35057040000001,16033.0,591.7159763313608,0.0,5,3,0,0,3,1,852,2,0,0,2,2
2020-08-04,US,Idaho,Clearwater,15,0,0,46.67459924,-115.6622393,16035.0,171.31110095934216,0.0,15,15,0,0,15,15,8758,0,0,0,0,0
2020-08-04,US,Idaho,Custer,7,0,0,44.24186819,-114.2855494,16037.0,162.22479721900348,0.0,7,7,0,0,7,7,4280,0,0,0,0,0
2020-08-04,US,Idaho,Elmore,201,3,0,43.3507101,-115.4701578,16039.0,730.6168441714224,1.492537313432836,198,201,3,0,198,200,27259,0,0,0,0,1
2020-08-04,US,Idaho,Franklin,50,0,0,42.18332217,-111.81496659999999,16041.0,360.33439031421165,0.0,50,47,0,0,47,47,13726,3,0,0,3,0
2020-08-04,US,Idaho,Fremont,68,0,0,44.22800938,-111.48099429999999,16043.0,519.1235972211621,0.0,68,63,0,0,63,50,13168,5,0,0,5,13
2020-08-04,US,Idaho,Gem,161,0,0,44.06482372,-116.398376,16045.0,888.9134275618375,0.0,161,159,0,0,159,151,17634,2,0,0,2,8
2020-08-04,US,Idaho,Gooding,144,1,0,42.96927962,-114.81083059999999,16047.0,948.679096119639,0.6944444444444444,143,142,1,0,141,134,15196,2,0,0,2,8
2020-08-04,US,Idaho,Idaho,30,0,0,45.84721541,-115.4634436,16049.0,179.99640007199855,0.0,30,30,0,0,30,29,16513,0,0,0,0,1
2020-08-04,US,Idaho,Jefferson,158,1,0,43.82078483,-112.3131749,16051.0,528.9411134545211,0.6329113924050633,157,146,1,0,145,135,29439,12,0,0,12,11
2020-08-04,US,Idaho,Jerome,439,6,0,42.68891267,-114.2655033,16053.0,1798.295920039325,1.366742596810934,433,433,6,0,427,420,24015,6,0,0,6,13
2020-08-04,US,Idaho,Kootenai,1633,14,0,47.67282258,-116.7020872,16055.0,985.533835857016,0.8573178199632578,1619,1620,13,0,1607,1574,161505,13,1,0,12,46
2020-08-04,US,Idaho,Latah,88,0,0,46.81587887,-116.71136979999999,16057.0,219.4075994814001,0.0,88,88,0,0,88,79,40134,0,0,0,0,9
2020-08-04,US,Idaho,Lemhi,12,0,0,44.9438088,-113.9309747,16059.0,149.4954528466426,0.0,12,12,0,0,12,12,7961,0,0,0,0,0
2020-08-04,US,Idaho,Lewis,1,0,0,46.23315327,-116.434146,16061.0,26.055237102657642,0.0,1,1,0,0,1,1,3861,0,0,0,0,0
2020-08-04,US,Idaho,Lincoln,53,0,0,43.0012336,-114.1358773,16063.0,987.7003354453972,0.0,53,53,0,0,53,50,5360,0,0,0,0,3
2020-08-04,US,Idaho,Madison,142,0,0,43.78141028,-111.65384740000002,16065.0,355.8272984689403,0.0,142,135,0,0,135,132,39304,7,0,0,7,3
2020-08-04,US,Idaho,Minidoka,453,2,0,42.85518524,-113.6357257,16067.0,2153.1441608441464,0.44150110375275936,451,444,2,0,442,428,20825,9,0,0,9,16
2020-08-04,US,Idaho,Nez Perce,138,19,0,46.32638236,-116.75009750000001,16069.0,341.51653137992474,13.768115942028984,119,134,19,0,115,130,40408,4,0,0,4,4
2020-08-04,US,Idaho,Oneida,13,0,0,42.19494279999999,-112.5407838,16071.0,286.91238137276537,0.0,13,9,0,0,9,8,4488,4,0,0,4,1
2020-08-04,US,Idaho,Owyhee,239,2,0,42.58016894,-116.16938710000001,16073.0,2021.483549014633,0.8368200836820083,237,238,1,0,237,232,11693,1,1,0,0,6
2020-08-04,US,Idaho,Payette,348,2,0,44.00545243,-116.7647695,16075.0,1452.9664732161496,0.5747126436781609,346,343,2,0,341,326,23551,5,0,0,5,17
2020-08-04,US,Idaho,Power,53,0,0,42.69254894,-112.83957420000002,16077.0,690.0143210519466,0.0,53,43,0,0,43,42,7768,10,0,0,10,1
2020-08-04,US,Idaho,Shoshone,78,2,0,47.35364087,-115.89167490000001,16079.0,605.4960409874243,2.5641025641025643,76,78,2,0,76,73,12796,0,0,0,0,5
2020-08-04,US,Idaho,Teton,62,0,0,43.75303583,-111.2056773,16081.0,510.62427936089625,0.0,62,61,0,0,61,58,11640,1,0,0,1,3
2020-08-04,US,Idaho,Twin Falls,1257,32,0,42.35440512,-114.6685381,16083.0,1446.8565114298212,2.5457438345266508,1225,1238,32,0,1206,1206,86081,19,0,0,19,32
2020-08-04,US,Idaho,Unassigned,6,0,0,0.0,0.0,90016.0,0.0,0.0,6,,,,,,,,,,,
2020-08-04,US,Idaho,Valley,50,1,0,44.76728382,-115.5676773,16085.0,438.90449438202245,2.0,49,47,1,0,46,46,11041,3,0,0,3,1
2020-08-04,US,Idaho,Washington,194,3,0,44.45275475,-116.78476880000001,16087.0,1903.080243280361,1.5463917525773196,191,191,2,0,189,189,10161,3,1,0,2,2
2020-08-04,US,Illinois,Adams,454,5,0,39.98815591,-91.18786813,17001.0,693.8182929624817,1.1013215859030836,449,445,4,0,441,424,65691,9,1,0,8,21
2020-08-04,US,Illinois,Alexander,36,0,0,37.18049267,-89.32910838,17003.0,624.8915118902968,0.0,36,36,0,0,36,36,6060,0,0,0,0,0
2020-08-04,US,Illinois,Bond,57,2,0,38.88829622,-89.43534887,17005.0,347.0108364787532,3.5087719298245608,55,57,2,0,55,54,16630,0,0,0,0,3
2020-08-04,US,Illinois,Boone,739,23,0,42.32359279,-88.82345779,17007.0,1380.1733154041535,3.112313937753721,716,735,23,0,712,728,53577,4,0,0,4,7
2020-08-04,US,Illinois,Brown,13,0,0,39.96209138,-90.75068024,17009.0,197.6284584980237,0.0,13,13,0,0,13,13,6556,0,0,0,0,0
2020-08-04,US,Illinois,Bureau,154,2,0,41.40385234,-89.5283051,17011.0,471.9872502145397,1.2987012987012987,152,144,2,0,142,141,32993,10,0,0,10,3
2020-08-04,US,Illinois,Calhoun,8,0,0,39.16840183,-90.66330078,17013.0,168.81198565098126,0.0,8,7,0,0,7,7,4802,1,0,0,1,0
2020-08-04,US,Illinois,Carroll,46,3,0,42.06823429,-89.93395545,17015.0,321.56588605382734,6.521739130434782,43,46,3,0,43,45,14312,0,0,0,0,1
2020-08-04,US,Illinois,Cass,203,11,0,39.96991073,-90.24734436,17017.0,1671.1945336297028,5.41871921182266,192,202,11,0,191,202,12260,1,0,0,1,0
2020-08-04,US,Illinois,Champaign,1576,19,0,40.13919438,-88.20046615,17019.0,751.5892583778833,1.2055837563451777,1557,1547,19,0,1528,1544,209983,29,0,0,29,3
2020-08-04,US,Illinois,Christian,117,4,0,39.54581621,-89.27780482,17021.0,362.1842496285289,3.418803418803418,113,115,4,0,111,113,32661,2,0,0,2,2
2020-08-04,US,Illinois,Clark,70,0,0,39.33425789,-87.78705622,17023.0,453.3385143449258,0.0,70,68,0,0,68,66,15596,2,0,0,2,2
2020-08-04,US,Illinois,Clay,15,0,0,38.75388572,-88.48914513,17025.0,113.7742718446602,0.0,15,14,0,0,14,14,13253,1,0,0,1,0
2020-08-04,US,Illinois,Clinton,353,17,0,38.60704876,-89.42385254,17027.0,939.7795644534367,4.81586402266289,336,349,17,0,332,338,37639,4,0,0,4,11
2020-08-04,US,Illinois,Coles,411,19,0,39.51949084,-88.22358557,17029.0,811.9160032397623,4.622871046228711,392,401,19,0,382,399,50885,10,0,0,10,2
2020-08-04,US,Illinois,Cook,107744,4902,0,41.84144849,-87.81658794,17031.0,2092.021856098549,4.5496732996733,102842,107247,4897,0,102350,106713,5180493,497,5,0,492,534
2020-08-04,US,Illinois,Crawford,29,0,0,39.0032229,-87.75954624,17033.0,155.354368671988,0.0,29,29,0,0,29,29,18807,0,0,0,0,0
2020-08-04,US,Illinois,Cumberland,47,2,0,39.27432424,-88.2401158,17035.0,436.55953929035866,4.25531914893617,45,47,2,0,45,46,10808,0,0,0,0,1
2020-08-04,US,Illinois,De Witt,31,0,0,40.17514519,-88.90959682,17039.0,198.23506842307202,0.0,31,30,0,0,30,29,15769,1,0,0,1,1
2020-08-04,US,Illinois,DeKalb,871,29,0,41.89373302,-88.76958483,17037.0,830.3383318874705,3.3295063145809416,842,850,29,0,821,846,104143,21,0,0,21,4
2020-08-04,US,Illinois,Douglas,103,2,0,39.76768052,-88.21854195,17041.0,529.1548933984074,1.9417475728155342,101,102,2,0,100,102,19479,1,0,0,1,0
2020-08-04,US,Illinois,DuPage,11689,513,0,41.85116968,-88.08642662,17043.0,1266.5222700534498,4.388741551886389,11176,11558,510,0,11048,11470,928589,131,3,0,128,88
2020-08-04,US,Illinois,Edgar,26,0,0,39.6809186,-87.74759563,17045.0,151.50632247538022,0.0,26,26,0,0,26,26,17360,0,0,0,0,0
2020-08-04,US,Illinois,Edwards,14,0,0,38.41353228,-88.05720863,17047.0,218.921032056294,0.0,14,13,0,0,13,13,6392,1,0,0,1,0
2020-08-04,US,Illinois,Effingham,119,1,0,39.05935711,-88.58969584,17049.0,349.91766643142785,0.8403361344537815,118,116,1,0,115,113,34208,3,0,0,3,3
2020-08-04,US,Illinois,Fayette,58,3,0,39.00072038,-89.02452658,17051.0,271.8410198725159,5.172413793103448,55,58,3,0,55,55,21416,0,0,0,0,3
2020-08-04,US,Illinois,Ford,42,1,0,40.59706922,-88.22350769,17053.0,324.04907028778644,2.380952380952381,41,41,1,0,40,41,13264,1,0,0,1,0
2020-08-04,US,Illinois,Franklin,134,0,0,37.99189086,-88.92567818,17055.0,348.3324235098391,0.0,134,132,0,0,132,129,38701,2,0,0,2,3
2020-08-04,US,Illinois,Fulton,28,0,0,40.47289135,-90.20862357,17057.0,81.537565521258,0.0,28,26,0,0,26,26,34844,2,0,0,2,0
2020-08-04,US,Illinois,Gallatin,45,0,0,37.76430935,-88.22953869,17059.0,932.062966031483,0.0,45,45,0,0,45,45,5058,0,0,0,0,0
2020-08-04,US,Illinois,Greene,21,0,0,39.35907414,-90.388865,17061.0,161.92458940550543,0.0,21,20,0,0,20,19,13044,1,0,0,1,1
2020-08-04,US,Illinois,Grundy,287,5,0,41.28569601,-88.41905692,17063.0,562.1498805186666,1.7421602787456445,282,282,5,0,277,281,50972,5,0,0,5,1
2020-08-04,US,Illinois,Hamilton,23,0,0,38.08163641,-88.53883373,17065.0,283.390832922622,0.0,23,23,0,0,23,22,8163,0,0,0,0,1
2020-08-04,US,Illinois,Hancock,35,1,0,40.40423981,-91.16313899,17067.0,197.6507793087869,2.8571428571428568,34,34,1,0,33,32,17844,1,0,0,1,2
2020-08-04,US,Illinois,Hardin,17,0,0,37.51810645,-88.26873022,17069.0,444.9097095001308,0.0,17,17,0,0,17,17,3910,0,0,0,0,0
2020-08-04,US,Illinois,Henderson,9,0,0,40.81908672,-90.92491462,17071.0,135.4198013842913,0.0,9,9,0,0,9,9,6709,0,0,0,0,0
2020-08-04,US,Illinois,Henry,208,1,0,41.3533994,-90.13296166,17073.0,425.2448224398422,0.4807692307692308,207,207,1,0,206,205,49090,1,0,0,1,2
2020-08-04,US,Illinois,Iroquois,250,9,0,40.74717633,-87.82466784,17075.0,922.0328981338054,3.6,241,249,7,0,242,255,27604,1,2,0,-1,-6
2020-08-04,US,Illinois,Jackson,658,19,0,37.78595185,-89.38232563,17077.0,1159.4713656387664,2.8875379939209727,639,650,19,0,631,644,57419,8,0,0,8,6
2020-08-04,US,Illinois,Jasper,55,7,0,39.01054275,-88.15437049,17079.0,572.3204994797086,12.727272727272727,48,53,7,0,46,54,9611,2,0,0,2,-1
2020-08-04,US,Illinois,Jefferson,191,17,0,38.29980057,-88.9240025,17081.0,506.84640696316734,8.900523560209422,174,192,17,0,175,187,37820,-1,0,0,-1,5
2020-08-04,US,Illinois,Jersey,73,1,0,39.08869046,-90.35393073,17083.0,335.2776374408671,1.3698630136986298,72,70,1,0,69,69,21847,3,0,0,3,1
2020-08-04,US,Illinois,Jo Daviess,116,1,0,42.36542373,-90.21094405,17085.0,546.2679538497763,0.8620689655172413,115,113,1,0,112,112,21366,3,0,0,3,1
2020-08-04,US,Illinois,Johnson,59,0,0,37.45939802,-88.88165419,17087.0,475.15502939518404,0.0,59,57,0,0,57,57,12456,2,0,0,2,0
2020-08-04,US,Illinois,Kane,9336,298,0,41.93842729,-88.42861412,17089.0,1753.5588642438156,3.191945158526136,9038,9239,298,0,8941,9200,534216,97,0,0,97,39
2020-08-04,US,Illinois,Kankakee,1698,68,0,41.13746989,-87.86205334,17091.0,1545.5753581766214,4.004711425206125,1630,1686,68,0,1618,1684,110024,12,0,0,12,2
2020-08-04,US,Illinois,Kendall,1295,23,0,41.59081014,-88.42869583,17093.0,1003.9537948678192,1.776061776061776,1272,1291,23,0,1268,1284,127915,4,0,0,4,7
2020-08-04,US,Illinois,Knox,265,1,0,40.93148779,-90.21330340000002,17095.0,533.2099237409203,0.37735849056603776,264,262,1,0,261,259,50112,3,0,0,3,3
2020-08-04,US,Illinois,LaSalle,577,20,0,41.34426129999999,-88.88633881,17099.0,530.9701938915422,3.466204506065858,557,560,20,0,540,515,109430,17,0,0,17,45
2020-08-04,US,Illinois,Lake,12223,440,0,42.3224907,-88.00367925,17097.0,1754.829261989706,3.5997709236684936,11783,12089,440,0,11649,11982,700832,134,0,0,134,107
2020-08-04,US,Illinois,Lawrence,43,0,0,38.71987914,-87.72884035,17101.0,274.26967725475185,0.0,43,42,0,0,42,42,15765,1,0,0,1,0
2020-08-04,US,Illinois,Lee,148,2,0,41.74583951,-89.29977132,17103.0,434.0685124354763,1.351351351351351,146,148,2,0,146,146,34223,0,0,0,0,2
2020-08-04,US,Illinois,Livingston,96,2,0,40.89188292,-88.55784752,17105.0,269.2998204667864,2.083333333333333,94,92,2,0,90,92,35761,4,0,0,4,0
2020-08-04,US,Illinois,Logan,87,0,0,40.12581572,-89.36638784,17107.0,304.00447270948365,0.0,87,86,0,0,86,85,28925,1,0,0,1,1
2020-08-04,US,Illinois,Macon,502,23,0,39.86064913,-88.96342505,17115.0,482.6505398571277,4.581673306772909,479,489,23,0,466,473,104712,13,0,0,13,16
2020-08-04,US,Illinois,Macoupin,142,3,0,39.26119767,-89.92424028,17117.0,316.0753238659128,2.112676056338028,139,137,3,0,134,135,45313,5,0,0,5,2
2020-08-04,US,Illinois,Madison,2266,73,0,38.83042506,-89.90422563,17119.0,861.7083577344597,3.2215357458075906,2193,2222,73,0,2149,2186,264461,44,0,0,44,36
2020-08-04,US,Illinois,Marion,140,0,0,38.64963204,-88.91899208,17121.0,376.2935089369709,0.0,140,138,0,0,138,136,37620,2,0,0,2,2
2020-08-04,US,Illinois,Marshall,22,0,0,41.0327901,-89.34510444,17123.0,192.34131841230985,0.0,22,21,0,0,21,21,11534,1,0,0,1,0
2020-08-04,US,Illinois,Mason,43,0,0,40.23917274,-89.91824452,17125.0,321.88038026798415,0.0,43,42,0,0,42,42,13565,1,0,0,1,0
2020-08-04,US,Illinois,Massac,34,0,0,37.22078441,-88.71036614,17127.0,246.8777229160616,0.0,34,34,0,0,34,34,14080,0,0,0,0,0
2020-08-04,US,Illinois,McDonough,133,15,0,40.45674722,-90.67775541,17109.0,448.0830132740381,11.278195488721805,118,128,15,0,113,128,29955,5,0,0,5,0
2020-08-04,US,Illinois,McHenry,2991,114,0,42.32451172,-88.45248227,17111.0,971.8169825911219,3.8114343029087263,2877,2961,114,0,2847,2941,308570,30,0,0,30,20
2020-08-04,US,Illinois,McLean,584,15,0,40.48996987,-88.84621113,17113.0,340.4910300436691,2.568493150684932,569,572,15,0,557,562,172828,12,0,0,12,10
2020-08-04,US,Illinois,Menard,49,0,0,40.02742725,-89.80246001,17129.0,401.7710724827812,0.0,49,48,0,0,48,46,12288,1,0,0,1,2
2020-08-04,US,Illinois,Mercer,73,3,0,41.20596782,-90.74290052,17131.0,472.88981019628164,4.109589041095891,70,70,0,0,70,70,15601,3,3,0,0,0
2020-08-04,US,Illinois,Monroe,284,13,0,38.27594376,-90.17761038,17133.0,819.9324421861015,4.577464788732393,271,278,13,0,265,278,34335,6,0,0,6,0
2020-08-04,US,Illinois,Montgomery,147,7,0,39.23198845,-89.47809254,17135.0,517.3506018160061,4.761904761904762,140,147,7,0,140,143,28601,0,0,0,0,4
2020-08-04,US,Illinois,Morgan,205,6,0,39.71654544,-90.20255104,17137.0,609.067680789114,2.9268292682926833,199,203,5,0,198,196,33976,2,1,0,1,7
2020-08-04,US,Illinois,Moultrie,62,0,0,39.64187451,-88.62099969,17139.0,427.5567202261913,0.0,62,55,0,0,55,53,14717,7,0,0,7,2
2020-08-04,US,Illinois,Ogle,383,5,0,42.04165196,-89.32184679,17141.0,756.2743123432657,1.3054830287206267,378,377,5,0,372,371,50923,6,0,0,6,6
2020-08-04,US,Illinois,Peoria,1399,35,0,40.78702156,-89.76078901,17143.0,780.7834623477081,2.5017869907076484,1364,1341,35,0,1306,1302,180621,58,0,0,58,39
2020-08-04,US,Illinois,Perry,126,1,0,38.08510853,-89.36856219,17145.0,602.4096385542167,0.7936507936507936,125,126,1,0,125,126,21174,0,0,0,0,0
2020-08-04,US,Illinois,Piatt,51,0,0,40.01360584,-88.59319339,17147.0,312.04111600587373,0.0,51,48,0,0,48,44,16396,3,0,0,3,4
2020-08-04,US,Illinois,Pike,13,0,0,39.62265059,-90.8877017,17149.0,83.5421888053467,0.0,13,13,0,0,13,13,15611,0,0,0,0,0
2020-08-04,US,Illinois,Pope,8,0,0,37.41391284,-88.56152109,17151.0,191.5250179554704,0.0,8,8,0,0,8,8,4212,0,0,0,0,0
2020-08-04,US,Illinois,Pulaski,91,0,0,37.22631423,-89.13085001,17153.0,1705.7169634489221,0.0,91,91,0,0,91,91,5463,0,0,0,0,0
2020-08-04,US,Illinois,Putnam,9,0,0,41.2013541,-89.2869272,17155.0,156.82174594877156,0.0,9,8,0,0,8,7,5740,1,0,0,1,1
2020-08-04,US,Illinois,Randolph,435,7,0,38.05095369,-89.82512254,17157.0,1368.6992637341893,1.6091954022988506,428,435,7,0,428,432,32106,0,0,0,0,3
2020-08-04,US,Illinois,Richland,14,0,0,38.71240969,-88.08475366,17159.0,90.24688970540836,0.0,14,13,0,0,13,12,15763,1,0,0,1,1
2020-08-04,US,Illinois,Rock Island,1615,32,0,41.46613806,-90.57042164,17161.0,1138.2938983218096,1.9814241486068112,1583,1605,31,0,1574,1583,143477,10,1,0,9,22
2020-08-04,US,Illinois,Saline,115,1,0,37.75332999,-88.54119706,17165.0,489.549189051126,0.8695652173913043,114,113,1,0,112,111,23906,2,0,0,2,2
2020-08-04,US,Illinois,Sangamon,1057,33,0,39.75836914,-89.65872023,17167.0,542.9645763129778,3.1220435193945133,1024,1037,33,0,1004,1013,195348,20,0,0,20,24
2020-08-04,US,Illinois,Schuyler,17,0,0,40.1571798,-90.61114163,17169.0,251.18203309692672,0.0,17,17,0,0,17,16,6907,0,0,0,0,1
2020-08-04,US,Illinois,Scott,11,0,0,39.6429169,-90.47814431,17171.0,222.17733791153302,0.0,11,11,0,0,11,10,4926,0,0,0,0,1
2020-08-04,US,Illinois,Shelby,63,1,0,39.39133527,-88.80611122,17173.0,291.20828325783486,1.5873015873015872,62,60,1,0,59,60,21741,3,0,0,3,0
2020-08-04,US,Illinois,St. Clair,3696,156,0,38.46996033,-89.93063427,17163.0,1423.257318453825,4.220779220779221,3540,3655,156,0,3499,3610,261059,41,0,0,41,45
2020-08-04,US,Illinois,Stark,7,0,0,41.09309773,-89.79745866,17175.0,131.03706476974915,0.0,7,7,0,0,7,7,5427,0,0,0,0,0
2020-08-04,US,Illinois,Stephenson,321,6,0,42.35129217,-89.662598,17177.0,721.3807362128638,1.8691588785046729,315,318,6,0,312,317,44753,3,0,0,3,1
2020-08-04,US,Illinois,Tazewell,406,8,0,40.50716185,-89.51404662,17179.0,308.0354771894418,1.9704433497536944,398,388,8,0,380,369,132328,18,0,0,18,19
2020-08-04,US,Illinois,Unassigned,1365,197,0,0.0,0.0,90017.0,0.0,14.432234432234432,1168,1347,197,0,1150,1337,,18,0,0,18,10
2020-08-04,US,Illinois,Union,305,21,0,37.47119609,-89.25548938,17181.0,1831.5018315018312,6.885245901639344,284,303,21,0,282,303,16841,2,0,0,2,0
2020-08-04,US,Illinois,Vermilion,218,2,0,40.18417171,-87.73384359,17183.0,287.75838855302413,0.9174311926605504,216,215,2,0,213,212,76806,3,0,0,3,3
2020-08-04,US,Illinois,Wabash,33,0,0,38.44272901,-87.84922065,17185.0,286.4583333333333,0.0,33,32,0,0,32,32,11549,1,0,0,1,0
2020-08-04,US,Illinois,Warren,184,0,0,40.84925021,-90.6147432,17187.0,1092.3771075753978,0.0,184,183,0,0,183,180,17032,1,0,0,1,3
2020-08-04,US,Illinois,Washington,59,0,0,38.35309213,-89.40982703,17189.0,424.8577806581695,0.0,59,58,0,0,58,57,13995,1,0,0,1,1
2020-08-04,US,Illinois,Wayne,50,1,0,38.42955355,-88.42586459,17191.0,308.35646006783844,2.0,49,50,1,0,49,44,16332,0,0,0,0,6
2020-08-04,US,Illinois,White,60,0,0,38.08706198,-88.17657461,17193.0,443.22966683903365,0.0,60,58,0,0,58,57,13665,2,0,0,2,1
2020-08-04,US,Illinois,Whiteside,320,16,0,41.75509713,-89.91556058,17195.0,579.9728137743542,5.0,304,313,16,0,297,308,55626,7,0,0,7,5
2020-08-04,US,Illinois,Will,8729,340,0,41.44619267,-87.97862712,17197.0,1263.7116843746514,3.8950624355596286,8389,8650,339,0,8311,8592,692310,79,1,0,78,58
2020-08-04,US,Illinois,Williamson,344,5,0,37.73033511,-88.92994027,17199.0,516.5397840743577,1.4534883720930232,339,341,5,0,336,329,67056,3,0,0,3,12
2020-08-04,US,Illinois,Winnebago,3704,127,0,42.33641854,-89.16085327,17201.0,1310.8163583086791,3.4287257019438444,3577,3688,125,0,3563,3673,284081,16,2,0,14,15
2020-08-04,US,Illinois,Woodford,106,3,0,40.78579374,-89.20973757,17203.0,275.61819080059286,2.830188679245283,103,98,3,0,95,95,38463,8,0,0,8,3
2020-08-04,US,Indiana,Adams,82,2,0,40.7457653,-84.93671406,18001.0,229.19752913883218,2.4390243902439024,80,81,2,0,79,81,35636,1,0,0,1,0
2020-08-04,US,Indiana,Allen,3662,158,0,41.09194313,-85.06800636,18003.0,965.4652398239908,4.314582195521574,3504,3635,158,0,3477,3611,375351,27,0,0,27,24
2020-08-04,US,Indiana,Bartholomew,748,47,0,39.20744865,-85.89558181,18005.0,892.8251709855693,6.283422459893048,701,743,47,0,696,738,82753,5,0,0,5,5
2020-08-04,US,Indiana,Benton,60,0,0,40.60626947,-87.31093999,18007.0,685.8710562414266,0.0,60,60,0,0,60,60,8653,0,0,0,0,0
2020-08-04,US,Indiana,Blackford,55,2,0,40.47388153,-85.32499702,18009.0,467.7666269773771,3.636363636363636,53,53,2,0,51,53,11930,2,0,0,2,0
2020-08-04,US,Indiana,Boone,644,46,0,40.0509304,-86.46841646,18011.0,949.2504753622334,7.142857142857142,598,635,46,0,589,632,66999,9,0,0,9,3
2020-08-04,US,Indiana,Brown,70,1,0,39.19605589,-86.22868909,18013.0,463.821892393321,1.4285714285714286,69,70,1,0,69,70,15234,0,0,0,0,0
2020-08-04,US,Indiana,Carroll,148,2,0,40.580783200000006,-86.56198812,18015.0,730.6116404205952,1.351351351351351,146,145,2,0,143,142,20127,3,0,0,3,3
2020-08-04,US,Indiana,Cass,1754,9,0,40.76135835,-86.34830753,18017.0,4653.877789275385,0.5131128848346637,1745,1751,9,0,1742,1750,37955,3,0,0,3,1
2020-08-04,US,Indiana,Clark,1109,45,0,38.48015445,-85.70510334,18019.0,937.4313198424372,4.057709648331831,1064,1081,45,0,1036,1075,117360,28,0,0,28,6
2020-08-04,US,Indiana,Clay,101,5,0,39.39561833,-87.11723506,18021.0,385.1286939942802,4.950495049504951,96,97,5,0,92,97,26170,4,0,0,4,0
2020-08-04,US,Indiana,Clinton,360,3,0,40.30319754,-86.47277257,18023.0,1111.145405722399,0.8333333333333334,357,357,3,0,354,352,32250,3,0,0,3,5
2020-08-04,US,Indiana,Crawford,44,0,0,38.28814402,-86.44518825,18025.0,415.99697456745764,0.0,44,42,0,0,42,42,10558,2,0,0,2,0
2020-08-04,US,Indiana,Daviess,249,19,0,38.70186039,-87.07185406,18027.0,746.6042997211478,7.630522088353413,230,246,19,0,227,243,33147,3,0,0,3,3
2020-08-04,US,Indiana,DeKalb,221,4,0,41.39804622,-84.99906934,18033.0,508.33812535940194,1.8099547511312215,217,222,4,0,218,221,43226,-1,0,0,-1,1
2020-08-04,US,Indiana,Dearborn,473,28,0,39.14647946,-84.97333539,18029.0,956.3670184803267,5.919661733615223,445,465,28,0,437,461,49568,8,0,0,8,4
2020-08-04,US,Indiana,Decatur,318,32,0,39.30712658,-85.50087166,18031.0,1197.334236981814,10.062893081761006,286,314,32,0,282,313,26794,4,0,0,4,1
2020-08-04,US,Indiana,Delaware,654,52,0,40.22787247,-85.39732772,18035.0,573.0056512025234,7.951070336391437,602,638,52,0,586,633,114772,16,0,0,16,5
2020-08-04,US,Indiana,Dubois,643,12,0,38.36597551,-86.87924170000002,18037.0,1504.5862972669413,1.8662519440124417,631,626,12,0,614,624,42565,17,0,0,17,2
2020-08-04,US,Indiana,Elkhart,4630,77,0,41.59761169,-85.85875695,18039.0,2243.8584672944307,1.6630669546436283,4553,4597,77,0,4520,4582,205560,33,0,0,33,15
2020-08-04,US,Indiana,Fayette,162,7,0,39.63684962,-85.17797541,18041.0,701.2379880529825,4.320987654320987,155,155,7,0,148,154,23047,7,0,0,7,1
2020-08-04,US,Indiana,Floyd,718,45,0,38.32117957,-85.90385377,18043.0,914.393418405033,6.2674094707520895,673,694,44,0,650,684,77781,24,1,0,23,10
2020-08-04,US,Indiana,Fountain,64,2,0,40.12361933,-87.24217689,18045.0,391.5330967820874,3.125,62,63,2,0,61,63,16351,1,0,0,1,0
2020-08-04,US,Indiana,Franklin,229,11,0,39.4142482,-85.06062647,18047.0,1006.2395641093242,4.80349344978166,218,224,10,0,214,205,22736,5,1,0,4,19
2020-08-04,US,Indiana,Fulton,147,2,0,41.0469907,-86.26252745,18049.0,735.9567437668968,1.3605442176870748,145,146,2,0,144,144,20092,1,0,0,1,2
2020-08-04,US,Indiana,Gibson,202,4,0,38.30393723,-87.58054938,18051.0,600.13666478505,1.98019801980198,198,200,4,0,196,198,33452,2,0,0,2,2
2020-08-04,US,Indiana,Grant,507,29,0,40.51587228,-85.65468702,18053.0,770.8798978242029,5.719921104536488,478,496,29,0,467,496,65936,11,0,0,11,0
2020-08-04,US,Indiana,Greene,240,34,0,39.03630547,-86.96223202,18055.0,751.8325919428607,14.166666666666664,206,239,34,0,205,238,32006,1,0,0,1,1
2020-08-04,US,Indiana,Hamilton,2543,104,0,40.07306535,-86.05244729,18057.0,752.3423793900197,4.089657884388519,2439,2513,104,0,2409,2489,330086,30,0,0,30,24
2020-08-04,US,Indiana,Hancock,628,38,0,39.82304555,-85.77566351,18059.0,803.3978098454611,6.050955414012739,590,623,37,0,586,616,76351,5,1,0,4,7
2020-08-04,US,Indiana,Harrison,300,22,0,38.19467379,-86.10948271,18061.0,740.4664938911515,7.333333333333332,278,294,22,0,272,289,40350,6,0,0,6,5
2020-08-04,US,Indiana,Hendricks,1774,105,0,39.76719009,-86.51037283,18063.0,1041.6238528339334,5.918827508455467,1669,1750,105,0,1645,1742,167009,24,0,0,24,8
2020-08-04,US,Indiana,Henry,364,18,0,39.93029017,-85.39625719,18065.0,758.7759526390395,4.945054945054945,346,361,18,0,343,361,48271,3,0,0,3,0
2020-08-04,US,Indiana,Howard,824,65,0,40.48527731,-86.11351892,18067.0,998.2554758674162,7.8883495145631075,759,810,65,0,745,804,82366,14,0,0,14,6
2020-08-04,US,Indiana,Huntington,119,3,0,40.82907273,-85.48822092,18069.0,325.8488499452355,2.5210084033613445,116,118,3,0,115,118,36240,1,0,0,1,0
2020-08-04,US,Indiana,Jackson,554,4,0,38.90915820000001,-86.03851889,18071.0,1252.5152042684995,0.7220216606498195,550,552,4,0,548,551,44111,2,0,0,2,1
2020-08-04,US,Indiana,Jasper,210,2,0,41.02078733,-87.11553319,18073.0,625.7076455515166,0.9523809523809524,208,208,2,0,206,203,33370,2,0,0,2,5
2020-08-04,US,Indiana,Jay,81,0,0,40.43781032,-85.00576229,18075.0,396.35936582501466,0.0,81,82,0,0,82,82,20764,-1,0,0,-1,0
2020-08-04,US,Indiana,Jefferson,152,2,0,38.78576239,-85.43633383,18077.0,470.47170979324005,1.3157894736842106,150,149,2,0,147,149,32208,3,0,0,3,0
2020-08-04,US,Indiana,Jennings,213,12,0,38.99588883,-85.62710784,18079.0,767.9826933477556,5.633802816901407,201,210,12,0,198,207,27611,3,0,0,3,3
2020-08-04,US,Indiana,Johnson,1667,118,0,39.48994426,-86.10149107,18081.0,1053.949306745402,7.078584283143371,1549,1652,118,0,1534,1648,156225,15,0,0,15,4
2020-08-04,US,Indiana,Knox,134,0,0,38.68861576,-87.4194665,18083.0,366.18024812810836,0.0,134,131,0,0,131,129,36895,3,0,0,3,2
2020-08-04,US,Indiana,Kosciusko,822,13,0,41.24521668,-85.86312322,18085.0,1034.5348368908576,1.5815085158150852,809,819,12,0,807,816,79344,3,1,0,2,3
2020-08-04,US,Indiana,LaGrange,546,10,0,41.64232188,-85.42674232,18087.0,1378.3006007976978,1.8315018315018317,536,542,10,0,532,542,39330,4,0,0,4,0
2020-08-04,US,Indiana,LaPorte,843,29,0,41.54366008,-86.74072188,18091.0,767.1447291788002,3.4400948991696323,814,838,29,0,809,829,110007,5,0,0,5,9
2020-08-04,US,Indiana,Lake,7139,273,0,41.41874274,-87.38277575,18089.0,1470.4640437658215,3.824064995097352,6866,7101,271,0,6830,7037,484411,38,2,0,36,64
2020-08-04,US,Indiana,Lawrence,331,27,0,38.84112637,-86.48361629,18093.0,729.5569759753142,8.157099697885196,304,328,27,0,301,326,45668,3,0,0,3,2
2020-08-04,US,Indiana,Madison,862,65,0,40.16143691,-85.71964711,18095.0,665.2825907431561,7.5406032482598615,797,847,65,0,782,842,129641,15,0,0,15,5
2020-08-04,US,Indiana,Marion,15029,724,0,39.78163624,-86.13826325,18097.0,1558.0842271574634,4.81735311730654,14305,14863,719,0,14144,14710,954670,166,5,0,161,153
2020-08-04,US,Indiana,Marshall,744,22,0,41.32467367,-86.26185087,18099.0,1608.3704440313031,2.956989247311828,722,742,22,0,720,742,46248,2,0,0,2,0
2020-08-04,US,Indiana,Martin,42,0,0,38.7099921,-86.80373186,18101.0,409.55631399317406,0.0,42,42,0,0,42,42,10217,0,0,0,0,0
2020-08-04,US,Indiana,Miami,259,2,0,40.76940965,-86.04525048,18103.0,729.2487892780719,0.7722007722007722,257,258,2,0,256,258,35567,1,0,0,1,0
2020-08-04,US,Indiana,Monroe,695,30,0,39.16130004,-86.52414358,18105.0,468.23102990615166,4.316546762589929,665,686,30,0,656,684,146917,9,0,0,9,2
2020-08-04,US,Indiana,Montgomery,342,21,0,40.04034823,-86.89335024,18107.0,892.0653137878868,6.140350877192982,321,343,21,0,322,338,38346,-1,0,0,-1,5
2020-08-04,US,Indiana,Morgan,437,32,0,39.47899078,-86.44573375,18109.0,619.9548865780476,7.3226544622425624,405,425,32,0,393,418,70116,12,0,0,12,7
2020-08-04,US,Indiana,Newton,111,10,0,40.95610449,-87.39635768,18111.0,793.7643020594966,9.00900900900901,101,110,10,0,100,109,14011,1,0,0,1,1
2020-08-04,US,Indiana,Noble,637,29,0,41.39672484,-85.41966713,18113.0,1334.1990616621986,4.552590266875982,608,637,28,0,609,635,47532,0,1,0,-1,2
2020-08-04,US,Indiana,Ohio,51,4,0,38.955304999999996,-84.96515993,18115.0,868.0851063829788,7.84313725490196,47,51,4,0,47,50,5844,0,0,0,0,1
2020-08-04,US,Indiana,Orange,164,24,0,38.54118920000001,-86.49523093,18117.0,834.7755268247989,14.634146341463413,140,164,24,0,140,163,19489,0,0,0,0,1
2020-08-04,US,Indiana,Owen,82,1,0,39.31145587,-86.83900724,18119.0,394.24972354440115,1.2195121951219512,81,78,1,0,77,78,20845,4,0,0,4,0
2020-08-04,US,Indiana,Parke,48,1,0,39.77202286,-87.20375833,18121.0,283.4032000944677,2.083333333333333,47,45,1,0,44,45,16927,3,0,0,3,0
2020-08-04,US,Indiana,Perry,172,12,0,38.07809328,-86.63741946,18123.0,897.2820700088686,6.9767441860465125,160,172,12,0,160,171,19102,0,0,0,0,1
2020-08-04,US,Indiana,Pike,47,0,0,38.40112197,-87.23574907,18125.0,379.36879489870046,0.0,47,46,0,0,46,45,12410,1,0,0,1,1
2020-08-04,US,Indiana,Porter,1209,39,0,41.45986947,-87.06848888,18127.0,709.5528467213259,3.2258064516129035,1170,1195,39,0,1156,1174,169594,14,0,0,14,21
2020-08-04,US,Indiana,Posey,160,0,0,38.02097333,-87.86480429,18129.0,629.252369528454,0.0,160,158,0,0,158,157,25540,2,0,0,2,1
2020-08-04,US,Indiana,Pulaski,71,1,0,41.04166107,-86.69890683,18131.0,574.7591678134868,1.4084507042253518,70,72,1,0,71,71,12469,-1,0,0,-1,1
2020-08-04,US,Indiana,Putnam,233,8,0,39.66437981,-86.84517605,18133.0,620.0766446668086,3.433476394849785,225,222,8,0,214,221,37779,11,0,0,11,1
2020-08-04,US,Indiana,Randolph,107,4,0,40.15734772,-85.01139319,18135.0,433.8130954794243,3.7383177570093458,103,103,4,0,99,102,24851,4,0,0,4,1
2020-08-04,US,Indiana,Ripley,190,7,0,39.10235626,-85.26212744,18137.0,670.8092077390198,3.684210526315789,183,188,7,0,181,188,28523,2,0,0,2,0
2020-08-04,US,Indiana,Rush,80,4,0,39.62002287,-85.4655599,18139.0,482.4799469272057,5.0,76,79,4,0,75,79,16663,1,0,0,1,0
2020-08-04,US,Indiana,Scott,252,10,0,38.68672078,-85.74627859,18143.0,1055.5858082352452,3.968253968253968,242,250,10,0,240,247,23878,2,0,0,2,3
2020-08-04,US,Indiana,Shelby,522,26,0,39.52305623,-85.79158570000001,18145.0,1167.0281025732745,4.980842911877394,496,511,26,0,485,509,44593,11,0,0,11,2
2020-08-04,US,Indiana,Spencer,112,3,0,38.01519732,-87.0079644,18147.0,552.3499531488881,2.6785714285714284,109,114,3,0,111,113,20327,-2,0,0,-2,1
2020-08-04,US,Indiana,St. Joseph,3203,79,0,41.61756781,-86.29040834,18141.0,1178.327312324796,2.4664377146425225,3124,3154,79,0,3075,3114,270771,49,0,0,49,40
2020-08-04,US,Indiana,Starke,164,7,0,41.27890281,-86.64686895,18149.0,713.1985214176995,4.2682926829268295,157,165,7,0,158,164,22935,-1,0,0,-1,1
2020-08-04,US,Indiana,Steuben,201,3,0,41.64423868,-85.00101094,18151.0,581.0256113776958,1.492537313432836,198,200,3,0,197,199,34586,1,0,0,1,1
2020-08-04,US,Indiana,Sullivan,78,1,0,39.08952258,-87.41414469,18153.0,377.37674778654025,1.2820512820512822,77,76,1,0,75,75,20690,2,0,0,2,1
2020-08-04,US,Indiana,Switzerland,43,0,0,38.82767338,-85.03022429,18155.0,399.96279415868287,0.0,43,43,0,0,43,43,10717,0,0,0,0,0
2020-08-04,US,Indiana,Tippecanoe,1118,11,0,40.38872739,-86.89413959,18157.0,571.1891770379907,0.9838998211091234,1107,1103,11,0,1092,1094,193048,15,0,0,15,9
2020-08-04,US,Indiana,Tipton,117,6,0,40.31123252,-86.05234925,18159.0,772.3791919725377,5.128205128205129,111,107,5,0,102,106,15128,10,1,0,9,1
2020-08-04,US,Indiana,Unassigned,0,202,0,0.0,0.0,90018.0,0.0,0.0,-202,0,200,0,-200,0,,0,2,0,-2,0
2020-08-04,US,Indiana,Union,33,0,0,39.62550777,-84.92497066,18161.0,467.8196767791324,0.0,33,32,0,0,32,32,7037,1,0,0,1,0
2020-08-04,US,Indiana,Vanderburgh,1763,12,0,38.02658833,-87.58763124,18163.0,971.612170778888,0.6806579693703914,1751,1726,12,0,1714,1700,180974,37,0,0,37,26
2020-08-04,US,Indiana,Vermillion,42,0,0,39.8523352,-87.46160542,18165.0,271.00271002710025,0.0,42,38,0,0,38,38,15479,4,0,0,4,0
2020-08-04,US,Indiana,Vigo,509,10,0,39.42944561,-87.39169027,18167.0,475.5320540368842,1.9646365422396856,499,474,10,0,464,468,107386,35,0,0,35,6
2020-08-04,US,Indiana,Wabash,161,3,0,40.84704239,-85.79328272,18169.0,519.4218608852755,1.8633540372670807,158,161,3,0,158,158,31280,0,0,0,0,3
2020-08-04,US,Indiana,Warren,19,1,0,40.34728141,-87.35602659,18171.0,229.88505747126442,5.2631578947368425,18,19,1,0,18,19,8263,0,0,0,0,0
2020-08-04,US,Indiana,Warrick,528,30,0,38.08922676,-87.2716085,18173.0,838.1218451379407,5.6818181818181825,498,516,30,0,486,502,62567,12,0,0,12,14
2020-08-04,US,Indiana,Washington,117,1,0,38.60219804,-86.1049363,18175.0,417.3205878156656,0.8547008547008547,116,116,1,0,115,115,27943,1,0,0,1,1
2020-08-04,US,Indiana,Wayne,334,10,0,39.863344399999995,-85.01044989,18177.0,506.9516119239876,2.9940119760479043,324,317,9,0,308,315,65936,17,1,0,16,2
2020-08-04,US,Indiana,Wells,134,2,0,40.72934187,-85.22132966,18179.0,473.5651682216568,1.492537313432836,132,134,2,0,132,131,28206,0,0,0,0,3
2020-08-04,US,Indiana,White,347,10,0,40.74911165,-86.86492015,18181.0,1439.7145465106632,2.8818443804034577,337,347,10,0,337,345,24133,0,0,0,0,2
2020-08-04,US,Indiana,Whitley,148,6,0,41.13863784,-85.50791236,18183.0,435.755505829702,4.0540540540540535,142,148,6,0,142,148,34074,0,0,0,0,0
2020-08-04,US,Iowa,Adair,21,0,0,41.33075609,-94.47105874,19001.0,293.6241610738255,0.0,21,21,0,0,21,20,7063,0,0,0,0,1
2020-08-04,US,Iowa,Adams,16,0,0,41.02903567,-94.69932645,19003.0,444.1976679622432,0.0,16,16,0,0,16,16,3645,0,0,0,0,0
2020-08-04,US,Iowa,Allamakee,150,4,0,43.28383218,-91.37860922,19005.0,1095.9304449477606,2.6666666666666665,146,151,4,0,147,149,13832,-1,0,0,-1,2
2020-08-04,US,Iowa,Appanoose,43,3,0,40.74324454,-92.86865906,19007.0,346.0486077579268,6.9767441860465125,40,42,3,0,39,43,12437,1,0,0,1,-1
2020-08-04,US,Iowa,Audubon,28,1,0,41.6844628,-94.90581859,19009.0,509.4614264919942,3.571428571428572,27,28,1,0,27,28,5506,0,0,0,0,0
2020-08-04,US,Iowa,Benton,145,1,0,42.08011739,-92.06463573,19011.0,565.412361084032,0.6896551724137931,144,143,1,0,142,142,25642,2,0,0,2,1
2020-08-04,US,Iowa,Black Hawk,3022,62,0,42.4704581,-92.30524729,19013.0,2302.862194043954,2.0516214427531434,2960,3003,62,0,2941,2997,132408,19,0,0,19,6
2020-08-04,US,Iowa,Boone,231,2,0,42.03657094,-93.9313999,19015.0,880.5367080887398,0.8658008658008658,229,228,2,0,226,228,26346,3,0,0,3,0
2020-08-04,US,Iowa,Bremer,192,7,0,42.77461496,-92.31795937,19017.0,766.1000718218817,3.6458333333333335,185,187,7,0,180,187,24947,5,0,0,5,0
2020-08-04,US,Iowa,Buchanan,114,1,0,42.4709188,-91.83510825,19019.0,538.3707201889019,0.8771929824561403,113,111,1,0,110,110,21199,3,0,0,3,1
2020-08-04,US,Iowa,Buena Vista,1786,12,0,42.73545875,-95.15100162,19021.0,9102.956167176353,0.6718924972004481,1774,1785,12,0,1773,1784,19874,1,0,0,1,1
2020-08-04,US,Iowa,Butler,115,2,0,42.73172833,-92.79015971,19023.0,796.4540480642703,1.7391304347826086,113,114,2,0,112,113,14539,1,0,0,1,1
2020-08-04,US,Iowa,Calhoun,82,2,0,42.38521079,-94.64046046,19025.0,848.158874637981,2.4390243902439024,80,82,2,0,80,81,9699,0,0,0,0,1
2020-08-04,US,Iowa,Carroll,182,1,0,42.03617207,-94.86032705,19027.0,902.553930076866,0.5494505494505495,181,181,1,0,180,181,20154,1,0,0,1,0
2020-08-04,US,Iowa,Cass,48,1,0,41.33149454,-94.92792482,19029.0,373.94827048924896,2.083333333333333,47,48,1,0,47,47,12930,0,0,0,0,1
2020-08-04,US,Iowa,Cedar,120,1,0,41.77233777,-91.13246684,19031.0,644.2261233693026,0.8333333333333334,119,120,1,0,119,120,18627,0,0,0,0,0
2020-08-04,US,Iowa,Cerro Gordo,579,17,0,43.08177563,-93.2612239,19033.0,1363.957597173145,2.936096718480138,562,576,17,0,559,581,42647,3,0,0,3,-5
2020-08-04,US,Iowa,Cherokee,98,1,0,42.73538914,-95.62389402,19035.0,872.2741433021807,1.020408163265306,97,97,1,0,96,97,11321,1,0,0,1,0
2020-08-04,US,Iowa,Chickasaw,51,0,0,43.06001295,-92.31773347,19037.0,427.38623983910173,0.0,51,51,0,0,51,50,11964,0,0,0,0,1
2020-08-04,US,Iowa,Clarke,188,3,0,41.02868181,-93.78499767,19039.0,2001.0643959552954,1.5957446808510638,185,186,3,0,183,185,9423,2,0,0,2,1
2020-08-04,US,Iowa,Clay,171,1,0,43.08247182,-95.15096481,19041.0,1067.6823176823177,0.5847953216374269,170,171,1,0,170,171,16134,0,0,0,0,0
2020-08-04,US,Iowa,Clayton,99,3,0,42.84443388,-91.34133693,19043.0,564.1347085304006,3.0303030303030303,96,98,3,0,95,97,17556,1,0,0,1,1
2020-08-04,US,Iowa,Clinton,321,3,0,41.89981633,-90.53275096,19045.0,691.3782334316915,0.9345794392523364,318,317,3,0,314,312,46518,4,0,0,4,5
2020-08-04,US,Iowa,Crawford,721,3,0,42.03718237,-95.3819718,19047.0,4286.563614744352,0.4160887656033287,718,719,3,0,716,715,17158,2,0,0,2,4
2020-08-04,US,Iowa,Dallas,1796,35,0,41.68560356,-94.04127625,19049.0,1921.8216643660446,1.9487750556792875,1761,1789,35,0,1754,1787,90180,7,0,0,7,2
2020-08-04,US,Iowa,Davis,50,1,0,40.74773536,-92.41005468,19051.0,555.5555555555555,2.0,49,48,1,0,47,49,9017,2,0,0,2,-1
2020-08-04,US,Iowa,Decatur,22,0,0,40.73742757,-93.78645949,19053.0,279.5425667090216,0.0,22,22,0,0,22,21,7890,0,0,0,0,1
2020-08-04,US,Iowa,Delaware,91,1,0,42.47104597,-91.3664492,19055.0,534.9479748398095,1.0989010989010992,90,90,1,0,89,90,17069,1,0,0,1,0
2020-08-04,US,Iowa,Des Moines,139,2,0,40.92012606,-91.18326592,19057.0,356.71208971694,1.4388489208633093,137,139,2,0,137,139,39138,0,0,0,0,0
2020-08-04,US,Iowa,Dickinson,375,4,0,43.37787725,-95.1510206,19059.0,2172.9053192722213,1.0666666666666669,371,375,4,0,371,375,17153,0,0,0,0,0
2020-08-04,US,Iowa,Dubuque,1549,29,0,42.46815349,-90.88181925,19061.0,1591.8035987709507,1.8721755971594576,1520,1537,29,0,1508,1527,96854,12,0,0,12,10
2020-08-04,US,Iowa,Emmet,181,2,0,43.37782951,-94.67858943,19063.0,1965.6820156385752,1.1049723756906078,179,179,1,0,178,179,9253,2,1,0,1,0
2020-08-04,US,Iowa,Fayette,81,0,0,42.86271799,-91.8441231,19065.0,412.2137404580152,0.0,81,81,0,0,81,79,19660,0,0,0,0,2
2020-08-04,US,Iowa,Floyd,131,2,0,43.06000529999999,-92.78940097,19067.0,837.4888121723566,1.5267175572519085,129,129,2,0,127,124,15761,2,0,0,2,5
2020-08-04,US,Iowa,Franklin,225,6,0,42.73270384,-93.26256925,19069.0,2234.359483614697,2.6666666666666665,219,220,5,0,215,213,10124,5,1,0,4,7
2020-08-04,US,Iowa,Fremont,35,0,0,40.74542720000001,-95.60129045,19071.0,502.8735632183908,0.0,35,35,0,0,35,36,6993,0,0,0,0,-1
2020-08-04,US,Iowa,Greene,38,0,0,42.03614551,-94.39658081,19073.0,427.5427542754276,0.0,38,38,0,0,38,38,8981,0,0,0,0,0
2020-08-04,US,Iowa,Grundy,74,1,0,42.40183723,-92.78829551,19075.0,604.970568999346,1.351351351351351,73,74,1,0,73,72,12304,0,0,0,0,2
2020-08-04,US,Iowa,Guthrie,128,5,0,41.68378965,-94.50111014,19077.0,1197.4927495556176,3.90625,123,126,5,0,121,126,10720,2,0,0,2,0
2020-08-04,US,Iowa,Hamilton,241,1,0,42.38382428,-93.70197703,19079.0,1631.3544980708048,0.4149377593360996,240,241,1,0,240,239,14952,0,0,0,0,2
2020-08-04,US,Iowa,Hancock,117,2,0,43.08178477,-93.73454884,19081.0,1100.6585136406397,1.709401709401709,115,117,2,0,115,116,10712,0,0,0,0,1
2020-08-04,US,Iowa,Hardin,166,0,0,42.38353877,-93.23654611,19083.0,985.3971269144008,0.0,166,165,0,0,165,166,16868,1,0,0,1,-1
2020-08-04,US,Iowa,Harrison,98,0,0,41.68330137,-95.81558439,19085.0,697.5585450921774,0.0,98,97,0,0,97,96,14134,1,0,0,1,1
2020-08-04,US,Iowa,Henry,114,3,0,40.98767962,-91.54436349,19087.0,571.3140222511778,2.631578947368421,111,113,3,0,110,112,20067,1,0,0,1,1
2020-08-04,US,Iowa,Howard,49,0,0,43.35671042,-92.31702714,19089.0,535.051321249181,0.0,49,48,0,0,48,48,9187,1,0,0,1,0
2020-08-04,US,Iowa,Humboldt,92,1,0,42.7764426,-94.20722537,19091.0,962.544465369324,1.0869565217391304,91,92,1,0,91,89,9547,0,0,0,0,3
2020-08-04,US,Iowa,Ida,29,0,0,42.38696136,-95.51355387,19093.0,422.7405247813411,0.0,29,29,0,0,29,29,6841,0,0,0,0,0
2020-08-04,US,Iowa,Iowa,90,1,0,41.68630265,-92.0643373,19095.0,556.1047948591201,1.1111111111111112,89,89,1,0,88,88,16141,1,0,0,1,1
2020-08-04,US,Iowa,Jackson,141,1,0,42.17178824,-90.57354837,19097.0,725.3459540099799,0.7092198581560284,140,141,1,0,140,139,19432,0,0,0,0,2
2020-08-04,US,Iowa,Jasper,458,25,0,41.68576082,-93.05567785,19099.0,1231.6794406346644,5.458515283842795,433,455,24,0,431,454,37147,3,1,0,2,1
2020-08-04,US,Iowa,Jefferson,77,0,0,41.03192394,-91.94849466,19101.0,420.88002186389724,0.0,77,77,0,0,77,78,18381,0,0,0,0,-1
2020-08-04,US,Iowa,Johnson,1959,15,0,41.67169354,-91.58754744,19103.0,1296.14926558158,0.7656967840735069,1944,1933,15,0,1918,1918,151260,26,0,0,26,15
2020-08-04,US,Iowa,Jones,124,2,0,42.12118609,-91.13139641,19105.0,599.5841593733378,1.6129032258064515,122,124,2,0,122,123,20744,0,0,0,0,1
2020-08-04,US,Iowa,Keokuk,31,1,0,41.33649833,-92.1785067,19107.0,302.55709545188364,3.2258064516129035,30,30,1,0,29,30,10225,1,0,0,1,0
2020-08-04,US,Iowa,Kossuth,78,0,0,43.20405458,-94.20691791,19109.0,526.5645041517587,0.0,78,78,0,0,78,77,14908,0,0,0,0,1
2020-08-04,US,Iowa,Lee,97,3,0,40.64181461,-91.48183025,19111.0,288.20156282496947,3.0927835051546397,94,95,3,0,92,92,34055,2,0,0,2,3
2020-08-04,US,Iowa,Linn,2145,87,0,42.07923082,-91.59809485,19113.0,946.1593429375492,4.055944055944056,2058,2108,87,0,2021,2089,225909,37,0,0,37,19
2020-08-04,US,Iowa,Louisa,378,14,0,41.21842119,-91.26102611,19115.0,3425.46443135478,3.703703703703704,364,379,14,0,365,378,11169,-1,0,0,-1,1
2020-08-04,US,Iowa,Lucas,50,4,0,41.02958964,-93.32780803,19117.0,581.3953488372092,8.0,46,45,4,0,41,43,8645,5,0,0,5,2
2020-08-04,US,Iowa,Lyon,106,0,0,43.38107862,-96.20926845,19119.0,901.7439387494684,0.0,106,102,0,0,102,100,11811,4,0,0,4,2
2020-08-04,US,Iowa,Madison,105,2,0,41.33081904,-94.01554631,19121.0,642.6735218508998,1.9047619047619049,103,102,2,0,100,100,16249,3,0,0,3,2
2020-08-04,US,Iowa,Mahaska,136,17,0,41.33521503,-92.64083907,19123.0,615.5238741796786,12.5,119,136,17,0,119,136,22000,0,0,0,0,0
2020-08-04,US,Iowa,Marion,155,0,0,41.33445101,-93.09934783,19125.0,466.1233572910715,0.0,155,153,0,0,153,152,33407,2,0,0,2,1
2020-08-04,US,Iowa,Marshall,1394,24,0,42.03586837,-92.9990819,19127.0,3540.857019482333,1.721664275466284,1370,1389,24,0,1365,1383,39981,5,0,0,5,6
2020-08-04,US,Iowa,Mills,83,0,0,41.03299766,-95.61920963,19129.0,549.3414521146336,0.0,83,82,0,0,82,81,15063,1,0,0,1,1
2020-08-04,US,Iowa,Mitchell,76,0,0,43.35638371,-92.78887719,19131.0,717.9293406385792,0.0,76,76,0,0,76,76,10569,0,0,0,0,0
2020-08-04,US,Iowa,Monona,90,0,0,42.05220391,-95.95743843,19133.0,1044.689495066744,0.0,90,90,0,0,90,90,8679,0,0,0,0,0
2020-08-04,US,Iowa,Monroe,67,7,0,41.02988815,-92.8690667,19135.0,869.3395614376541,10.447761194029852,60,67,7,0,60,66,7790,0,0,0,0,1
2020-08-04,US,Iowa,Montgomery,45,3,0,41.03018714,-95.15642896,19137.0,453.76625995764846,6.666666666666668,42,43,3,0,40,43,10003,2,0,0,2,0
2020-08-04,US,Iowa,Muscatine,830,48,0,41.48370744,-91.1121697,19139.0,1945.434089630601,5.783132530120483,782,826,48,0,778,824,42929,4,0,0,4,2
2020-08-04,US,Iowa,O'Brien,131,1,0,43.08310673,-95.62474482,19141.0,952.5194503017523,0.7633587786259542,130,131,1,0,130,131,13840,0,0,0,0,0
2020-08-04,US,Iowa,Osceola,78,0,0,43.37824276,-95.62422844,19143.0,1309.164149043303,0.0,78,77,0,0,77,77,6040,1,0,0,1,0
2020-08-04,US,Iowa,Page,76,0,0,40.7393172,-95.1497813,19145.0,503.0780432911895,0.0,76,76,0,0,76,74,15249,0,0,0,0,2
2020-08-04,US,Iowa,Palo Alto,80,0,0,43.08193849,-94.67824621,19147.0,900.2925950934053,0.0,80,79,0,0,79,78,8929,1,0,0,1,1
2020-08-04,US,Iowa,Plymouth,443,8,0,42.737633,-96.21366621,19149.0,1759.542439528141,1.8058690744920995,435,443,8,0,435,443,25095,0,0,0,0,0
2020-08-04,US,Iowa,Pocahontas,114,1,0,42.73420133,-94.67862564,19151.0,1722.3145490255326,0.8771929824561403,113,113,1,0,112,113,6740,1,0,0,1,0
2020-08-04,US,Iowa,Polk,9781,203,0,41.68679484,-93.57767461,19153.0,1995.4667956038932,2.075452407729271,9578,9723,203,0,9520,9709,487204,58,0,0,58,14
2020-08-04,US,Iowa,Pottawattamie,1227,23,0,41.33640314,-95.53907776,19155.0,1316.438855867648,1.8744906275468625,1204,1217,23,0,1194,1212,93533,10,0,0,10,5
2020-08-04,US,Iowa,Poweshiek,150,8,0,41.68625425,-92.53155731,19157.0,810.6355382619977,5.333333333333333,142,146,8,0,138,146,18699,4,0,0,4,0
2020-08-04,US,Iowa,Ringgold,21,1,0,40.73518949,-94.24368535,19159.0,429.09685328974257,4.761904761904762,20,21,1,0,20,21,4968,0,0,0,0,0
2020-08-04,US,Iowa,Sac,81,0,0,42.38624071,-95.10547892,19161.0,833.2476082707541,0.0,81,81,0,0,81,81,9719,0,0,0,0,0
2020-08-04,US,Iowa,Scott,1615,12,0,41.63935978,-90.61959493,19163.0,933.8336908692461,0.7430340557275542,1603,1593,12,0,1581,1590,173283,22,0,0,22,3
2020-08-04,US,Iowa,Shelby,169,1,0,41.6850066,-95.31015553,19165.0,1475.4670857342417,0.591715976331361,168,161,1,0,160,159,11578,8,0,0,8,2
2020-08-04,US,Iowa,Sioux,602,2,0,43.08221074,-96.1767568,19167.0,1727.155357911347,0.3322259136212625,600,595,2,0,593,593,34909,7,0,0,7,2
2020-08-04,US,Iowa,Story,1117,14,0,42.03621213,-93.46499005,19169.0,1150.1590864627206,1.2533572068039391,1103,1109,14,0,1095,1110,98105,8,0,0,8,-1
2020-08-04,US,Iowa,Tama,539,29,0,42.07991767,-92.53266945,19171.0,3198.0538744511687,5.380333951762523,510,537,29,0,508,537,16904,2,0,0,2,0
2020-08-04,US,Iowa,Taylor,93,0,0,40.73710579,-94.69778563,19173.0,1519.3595817676846,0.0,93,93,0,0,93,93,6191,0,0,0,0,0
2020-08-04,US,Iowa,Union,72,1,0,41.0277278,-94.24234847,19175.0,588.1872396046075,1.3888888888888888,71,70,1,0,69,70,12359,2,0,0,2,0
2020-08-04,US,Iowa,Van Buren,33,1,0,40.75326764,-91.95017958,19177.0,468.4838160136286,3.0303030303030303,32,32,1,0,31,31,7020,1,0,0,1,1
2020-08-04,US,Iowa,Wapello,850,32,0,41.03064984,-92.40954728,19179.0,2430.724355858046,3.7647058823529416,818,849,32,0,817,845,35205,1,0,0,1,4
2020-08-04,US,Iowa,Warren,534,1,0,41.33559454,-93.56007641,19181.0,1037.5782069715926,0.18726591760299627,533,528,1,0,527,526,51056,6,0,0,6,2
2020-08-04,US,Iowa,Washington,288,10,0,41.33577126,-91.71725711,19183.0,1311.1768722968359,3.4722222222222223,278,287,10,0,277,287,22141,1,0,0,1,0
2020-08-04,US,Iowa,Wayne,18,1,0,40.73969028,-93.32752197,19185.0,279.4597112249651,5.5555555555555545,17,16,1,0,15,15,6401,2,0,0,2,1
2020-08-04,US,Iowa,Webster,736,6,0,42.42853483,-94.17987389,19187.0,2049.9108734402853,0.8152173913043478,730,725,5,0,720,712,36277,11,1,0,10,13
2020-08-04,US,Iowa,Winnebago,77,0,0,43.37751174,-93.73407298,19189.0,743.6739424377053,0.0,77,76,0,0,76,73,10518,1,0,0,1,3
2020-08-04,US,Iowa,Winneshiek,86,1,0,43.29094334,-91.84422722,19191.0,430.19358711420136,1.162790697674419,85,85,1,0,84,82,20029,1,0,0,1,3
2020-08-04,US,Iowa,Woodbury,3656,51,0,42.38979414,-96.0459439,19193.0,3545.8310299009772,1.3949671772428884,3605,3651,51,0,3600,3642,102539,5,0,0,5,9
2020-08-04,US,Iowa,Worth,61,0,0,43.37750768,-93.26087602,19195.0,826.4462809917355,0.0,61,61,0,0,61,61,7453,0,0,0,0,0
2020-08-04,US,Iowa,Wright,444,1,0,42.73305373,-93.73515113,19197.0,3534.469033593377,0.22522522522522526,443,443,1,0,442,441,12690,1,0,0,1,2
2020-08-04,US,Kansas,Allen,15,0,0,37.88582951,-95.30030847,20001.0,121.2709192335678,0.0,15,15,0,0,15,14,12444,0,0,0,0,1
2020-08-04,US,Kansas,Anderson,29,0,0,38.21413251,-95.29272815,20003.0,369.0506490201069,0.0,29,29,0,0,29,27,7878,0,0,0,0,2
2020-08-04,US,Kansas,Atchison,62,0,0,39.53185661,-95.30870026,20005.0,385.7400609718161,0.0,62,62,0,0,62,61,16193,0,0,0,0,1
2020-08-04,US,Kansas,Barber,4,0,0,37.2288586,-98.68460053,20007.0,90.35464196973119,0.0,4,4,0,0,4,4,4472,0,0,0,0,0
2020-08-04,US,Kansas,Barton,126,3,0,38.47889676,-98.75636726,20009.0,488.76992901198645,2.380952380952381,123,116,3,0,113,114,26111,10,0,0,10,2
2020-08-04,US,Kansas,Bourbon,73,1,0,37.85508555,-94.84865997,20011.0,502.2705380487134,1.3698630136986298,72,73,1,0,72,65,14653,0,0,0,0,8
2020-08-04,US,Kansas,Brown,32,0,0,39.82652589,-95.56421698,20013.0,334.58803847762437,0.0,32,32,0,0,32,32,9598,0,0,0,0,0
2020-08-04,US,Kansas,Butler,218,1,0,37.78134351,-96.83878537,20015.0,325.8059212984412,0.4587155963302753,217,215,0,0,215,200,66765,3,1,0,2,15
2020-08-04,US,Kansas,Chase,39,0,0,38.30292938,-96.59563862,20017.0,1472.8096676737161,0.0,39,34,0,0,34,6,2629,5,0,0,5,28
2020-08-04,US,Kansas,Chautauqua,5,0,0,37.14994405,-96.2454192,20019.0,153.84615384615384,0.0,5,5,0,0,5,5,3309,0,0,0,0,0
2020-08-04,US,Kansas,Cherokee,78,1,0,37.16928494,-94.8462897,20021.0,391.19313907417626,1.2820512820512822,77,78,1,0,77,73,20015,0,0,0,0,5
2020-08-04,US,Kansas,Cheyenne,2,0,0,39.78580976,-101.7318201,20023.0,75.27286413248024,0.0,2,2,0,0,2,2,2660,0,0,0,0,0
2020-08-04,US,Kansas,Clark,43,1,0,37.23577007,-99.81883015,20025.0,2156.469408224674,2.3255813953488373,42,43,1,0,42,43,2005,0,0,0,0,0
2020-08-04,US,Kansas,Clay,18,2,0,39.34948772,-97.16518128,20027.0,224.9437640589853,11.111111111111109,16,18,2,0,16,17,7997,0,0,0,0,1
2020-08-04,US,Kansas,Cloud,30,0,0,39.48028352,-97.64925343,20029.0,341.45231049396773,0.0,30,30,0,0,30,29,8729,0,0,0,0,1
2020-08-04,US,Kansas,Coffey,67,8,0,38.2365018,-95.73379515,20031.0,819.1710478053552,11.940298507462687,59,67,8,0,59,65,8233,0,0,0,0,2
2020-08-04,US,Kansas,Comanche,3,0,0,37.19114520000001,-99.27113247,20033.0,176.47058823529412,0.0,3,3,0,0,3,3,1748,0,0,0,0,0
2020-08-04,US,Kansas,Cowley,160,2,0,37.23781842,-96.83776647,20035.0,458.3476566976052,1.25,158,158,2,0,156,151,35218,2,0,0,2,7
2020-08-04,US,Kansas,Crawford,377,1,0,37.50675523,-94.85245778,20037.0,971.1989283322173,0.26525198938992045,376,377,1,0,376,368,39019,0,0,0,0,9
2020-08-04,US,Kansas,Decatur,5,0,0,39.78468441,-100.45940809999999,20039.0,176.86593562079943,0.0,5,5,0,0,5,5,2871,0,0,0,0,0
2020-08-04,US,Kansas,Dickinson,43,1,0,38.86600962,-97.15532383,20041.0,232.860392071916,2.3255813953488373,42,43,1,0,42,40,18717,0,0,0,0,3
2020-08-04,US,Kansas,Doniphan,46,0,0,39.79067154,-95.14056866,20043.0,605.2631578947369,0.0,46,46,0,0,46,44,7682,0,0,0,0,2
2020-08-04,US,Kansas,Douglas,684,4,0,38.88503636,-95.2925121,20045.0,559.4680146246902,0.5847953216374269,680,679,4,0,675,650,121436,5,0,0,5,29
2020-08-04,US,Kansas,Edwards,10,0,0,37.88735543,-99.31263309,20047.0,357.39814152966414,0.0,10,10,0,0,10,10,2849,0,0,0,0,0
2020-08-04,US,Kansas,Elk,1,0,0,37.45338105,-96.24369667,20049.0,39.52569169960474,0.0,1,1,0,0,1,1,2508,0,0,0,0,0
2020-08-04,US,Kansas,Ellis,133,1,0,38.91458712,-99.31751551,20051.0,465.8004412846285,0.7518796992481203,132,133,1,0,132,128,28710,0,0,0,0,5
2020-08-04,US,Kansas,Ellsworth,18,0,0,38.69677695,-98.20462799,20053.0,294.9852507374631,0.0,18,18,0,0,18,18,6196,0,0,0,0,0
2020-08-04,US,Kansas,Finney,1755,10,0,38.04340344,-100.73819379999999,20055.0,4812.570269010338,0.5698005698005698,1745,1740,10,0,1730,1737,36611,15,0,0,15,3
2020-08-04,US,Kansas,Ford,2042,8,0,37.69200114,-99.88825298,20057.0,6073.946280377168,0.3917727717923604,2034,2042,8,0,2034,2026,33888,0,0,0,0,16
2020-08-04,US,Kansas,Franklin,155,1,0,38.56443815,-95.28644341,20059.0,606.7961165048544,0.6451612903225806,154,155,1,0,154,149,25631,0,0,0,0,6
2020-08-04,US,Kansas,Geary,130,2,0,38.99871131,-96.7577178,20061.0,410.48310704136406,1.5384615384615383,128,128,2,0,126,128,32594,2,0,0,2,0
2020-08-04,US,Kansas,Gove,6,0,0,38.91588178,-100.4829321,20063.0,227.6176024279211,0.0,6,6,0,0,6,3,2612,0,0,0,0,3
2020-08-04,US,Kansas,Graham,16,0,0,39.34987223,-99.88332493,20065.0,644.64141821112,0.0,16,16,0,0,16,16,2492,0,0,0,0,0
2020-08-04,US,Kansas,Grant,97,2,0,37.56227336,-101.3079758,20067.0,1356.6433566433566,2.061855670103093,95,97,2,0,95,94,7336,0,0,0,0,3
2020-08-04,US,Kansas,Gray,71,0,0,37.73836671,-100.4369088,20069.0,1185.7047428189712,0.0,71,71,0,0,71,71,6033,0,0,0,0,0
2020-08-04,US,Kansas,Greeley,3,0,0,38.4808095,-101.8061079,20071.0,243.50649350649346,0.0,3,3,0,0,3,3,1227,0,0,0,0,0
2020-08-04,US,Kansas,Greenwood,19,0,0,37.8774388,-96.23250453,20073.0,317.6195252423938,0.0,19,19,0,0,19,19,6055,0,0,0,0,0
2020-08-04,US,Kansas,Hamilton,37,0,0,37.99978709,-101.7921066,20075.0,1457.26664040961,0.0,37,37,0,0,37,37,2607,0,0,0,0,0
2020-08-04,US,Kansas,Harper,9,0,0,37.19175361,-98.07578384,20077.0,165.56291390728478,0.0,9,9,0,0,9,8,5506,0,0,0,0,1
2020-08-04,US,Kansas,Harvey,169,1,0,38.04293782,-97.42747573,20079.0,490.86525893868543,0.591715976331361,168,169,1,0,168,157,34210,0,0,0,0,12
2020-08-04,US,Kansas,Haskell,44,0,0,37.562039399999996,-100.8710738,20081.0,1108.8709677419354,0.0,44,44,0,0,44,44,3997,0,0,0,0,0
2020-08-04,US,Kansas,Hodgeman,11,0,0,38.08780079,-99.89829881,20083.0,613.1549609810479,0.0,11,11,0,0,11,11,1818,0,0,0,0,0
2020-08-04,US,Kansas,Jackson,145,1,0,39.41673394,-95.79356799,20085.0,1100.9035001138866,0.6896551724137931,144,144,1,0,143,144,13280,1,0,0,1,0
2020-08-04,US,Kansas,Jefferson,70,0,0,39.2347941,-95.38289232,20087.0,367.58914036653886,0.0,70,70,0,0,70,59,18975,0,0,0,0,11
2020-08-04,US,Kansas,Jewell,10,0,0,39.78470589,-98.21820662,20089.0,347.34282737061477,0.0,10,10,0,0,10,9,2841,0,0,0,0,1
2020-08-04,US,Kansas,Johnson,5240,98,0,38.88548175,-94.82250877,20091.0,869.8524736844728,1.870229007633588,5142,5150,98,0,5052,5014,597555,90,0,0,90,136
2020-08-04,US,Kansas,Kearny,57,1,0,38.00017981,-101.32168100000001,20093.0,1485.148514851485,1.7543859649122806,56,57,1,0,56,57,3943,0,0,0,0,0
2020-08-04,US,Kansas,Kingman,10,0,0,37.55909527,-98.13638678,20095.0,139.82102908277406,0.0,10,10,0,0,10,9,7310,0,0,0,0,1
2020-08-04,US,Kansas,Kiowa,6,0,0,37.55848695,-99.2856537,20097.0,242.42424242424244,0.0,6,6,0,0,6,6,2516,0,0,0,0,0
2020-08-04,US,Kansas,Labette,118,0,0,37.19113093,-95.29849679,20099.0,601.4884289937813,0.0,118,110,0,0,110,107,19964,8,0,0,8,3
2020-08-04,US,Kansas,Lane,5,0,0,38.48119447,-100.46607540000001,20101.0,325.73289902280135,0.0,5,5,0,0,5,5,1560,0,0,0,0,0
2020-08-04,US,Kansas,Leavenworth,1425,8,0,39.20183497,-95.03620809,20103.0,1742.948702267668,0.5614035087719298,1417,1425,8,0,1417,1392,81352,0,0,0,0,33
2020-08-04,US,Kansas,Lincoln,6,0,0,39.04549684,-98.20756994,20105.0,202.56583389601624,0.0,6,6,0,0,6,6,3023,0,0,0,0,0
2020-08-04,US,Kansas,Linn,35,0,0,38.21267844,-94.84254089,20107.0,360.71318149026087,0.0,35,35,0,0,35,30,9750,0,0,0,0,5
2020-08-04,US,Kansas,Logan,2,0,0,38.91735806,-101.148475,20109.0,71.58196134574086,0.0,2,2,0,0,2,2,2844,0,0,0,0,0
2020-08-04,US,Kansas,Lyon,680,13,0,38.45576156,-96.15275715,20111.0,2048.5012803133004,1.9117647058823528,667,676,13,0,663,644,33406,4,0,0,4,32
2020-08-04,US,Kansas,Marion,46,1,0,38.35855394,-97.09852509999999,20115.0,387.07505890272637,2.1739130434782608,45,44,1,0,43,42,11950,2,0,0,2,2
2020-08-04,US,Kansas,Marshall,9,0,0,39.78359669,-96.52278974,20117.0,92.71659627073248,0.0,9,9,0,0,9,9,9722,0,0,0,0,0
2020-08-04,US,Kansas,McPherson,130,1,0,38.39184858,-97.64769869,20113.0,455.46913320720336,0.7692307692307693,129,130,1,0,129,129,28537,0,0,0,0,1
2020-08-04,US,Kansas,Meade,40,0,0,37.23859987,-100.36483100000001,20119.0,991.8175055789737,0.0,40,40,0,0,40,39,4146,0,0,0,0,1
2020-08-04,US,Kansas,Miami,120,0,0,38.56383358,-94.83832189,20121.0,350.4979992405877,0.0,120,120,0,0,120,117,33680,0,0,0,0,3
2020-08-04,US,Kansas,Mitchell,27,0,0,39.39331582,-98.20906732,20123.0,451.58053186151534,0.0,27,27,0,0,27,27,6150,0,0,0,0,0
2020-08-04,US,Kansas,Montgomery,162,5,0,37.19236568,-95.74329258,20125.0,508.9698074083384,3.08641975308642,157,161,5,0,156,152,32120,1,0,0,1,9
2020-08-04,US,Kansas,Morris,9,0,0,38.68827511,-96.65128437,20127.0,160.14234875444842,0.0,9,9,0,0,9,9,5521,0,0,0,0,0
2020-08-04,US,Kansas,Morton,9,2,0,37.19141121,-101.79925190000002,20129.0,347.89331271743333,22.222222222222218,7,9,2,0,7,9,2667,0,0,0,0,0
2020-08-04,US,Kansas,Nemaha,48,1,0,39.78345387,-96.01392079,20131.0,469.16234972143485,2.083333333333333,47,48,1,0,47,47,10155,0,0,0,0,1
2020-08-04,US,Kansas,Neosho,53,0,0,37.55862897,-95.30670046,20133.0,331.1051415005935,0.0,53,53,0,0,53,50,15951,0,0,0,0,3
2020-08-04,US,Kansas,Ness,6,0,0,38.47974157,-99.91547333,20135.0,218.1818181818182,0.0,6,6,0,0,6,5,2840,0,0,0,0,1
2020-08-04,US,Kansas,Norton,23,0,0,39.78443827,-99.90286639,20137.0,429.0244357396009,0.0,23,23,0,0,23,23,5430,0,0,0,0,0
2020-08-04,US,Kansas,Osage,38,0,0,38.65235984,-95.72707998,20139.0,238.25945200326044,0.0,38,38,0,0,38,38,15941,0,0,0,0,0
2020-08-04,US,Kansas,Osborne,4,0,0,39.3503437,-98.76753828,20141.0,116.92487576731949,0.0,4,4,0,0,4,4,3475,0,0,0,0,0
2020-08-04,US,Kansas,Ottawa,30,0,0,39.13237408,-97.65020313,20143.0,525.9467040673212,0.0,30,30,0,0,30,30,5802,0,0,0,0,0
2020-08-04,US,Kansas,Pawnee,7,0,0,38.18108732,-99.23692334,20145.0,109.13626442157779,0.0,7,7,0,0,7,7,6562,0,0,0,0,0
2020-08-04,US,Kansas,Phillips,50,8,0,39.78465501,-99.34668865,20147.0,955.2923194497516,16.0,42,49,8,0,41,47,5317,1,0,0,1,2
2020-08-04,US,Kansas,Pottawatomie,105,0,0,39.37925655,-96.34564657,20149.0,430.6278964852562,0.0,105,105,0,0,105,102,24277,0,0,0,0,3
2020-08-04,US,Kansas,Pratt,33,0,0,37.64780729,-98.73922153,20151.0,360.10475774770845,0.0,33,33,0,0,33,33,9378,0,0,0,0,0
2020-08-04,US,Kansas,Reno,232,1,0,37.95230263,-98.08607292,20155.0,374.20561953611406,0.4310344827586207,231,228,1,0,227,219,62342,4,0,0,4,9
2020-08-04,US,Kansas,Republic,32,0,0,39.82799632,-97.65036709,20157.0,690.2502157031925,0.0,32,32,0,0,32,27,4664,0,0,0,0,5
2020-08-04,US,Kansas,Rice,30,0,0,38.34616184,-98.19992118,20159.0,314.5643284051588,0.0,30,30,0,0,30,27,9531,0,0,0,0,3
2020-08-04,US,Kansas,Riley,452,5,0,39.28935726,-96.73420026,20161.0,608.9018213169522,1.106194690265487,447,450,5,0,445,449,73703,2,0,0,2,1
2020-08-04,US,Kansas,Rooks,16,0,0,39.35022773,-99.32484567,20163.0,325.2032520325203,0.0,16,16,0,0,16,15,5013,0,0,0,0,1
2020-08-04,US,Kansas,Rush,6,0,0,38.52275276,-99.30863983,20165.0,197.6284584980237,0.0,6,6,0,0,6,5,3093,0,0,0,0,1
2020-08-04,US,Kansas,Russell,13,0,0,38.91462787,-98.76254297,20167.0,189.6149358226371,0.0,13,13,0,0,13,10,6907,0,0,0,0,3
2020-08-04,US,Kansas,Saline,343,5,0,38.78369175,-97.65185177,20169.0,632.5612275007378,1.4577259475218658,338,343,5,0,338,340,54401,0,0,0,0,3
2020-08-04,US,Kansas,Scott,28,0,0,38.48222076,-100.90665390000001,20171.0,580.5515239477504,0.0,28,28,0,0,28,28,4897,0,0,0,0,0
2020-08-04,US,Kansas,Sedgwick,4436,43,0,37.6842718,-97.4608198,20173.0,859.6199534146448,0.9693417493237152,4393,4348,43,0,4305,4287,513607,88,0,0,88,61
2020-08-04,US,Kansas,Seward,1204,4,0,37.19324632,-100.85072009999999,20175.0,5618.816501773383,0.3322259136212625,1200,1188,4,0,1184,1188,21780,16,0,0,16,0
2020-08-04,US,Kansas,Shawnee,1441,19,0,39.04100763,-95.75572640000001,20177.0,814.6996466431094,1.31852879944483,1422,1434,19,0,1415,1420,177499,7,0,0,7,14
2020-08-04,US,Kansas,Sheridan,7,0,0,39.35018161,-100.44182590000001,20179.0,277.66759222530743,0.0,7,7,0,0,7,7,2533,0,0,0,0,0
2020-08-04,US,Kansas,Sherman,15,0,0,39.35147699,-101.71976240000001,20181.0,253.50684468480648,0.0,15,15,0,0,15,14,5899,0,0,0,0,1
2020-08-04,US,Kansas,Smith,3,0,0,39.78516566,-98.78566062,20183.0,83.72871895060004,0.0,3,3,0,0,3,3,3603,0,0,0,0,0
2020-08-04,US,Kansas,Stafford,3,0,0,38.03100851,-98.71762001,20185.0,72.18479307025987,0.0,3,3,0,0,3,3,4178,0,0,0,0,0
2020-08-04,US,Kansas,Stanton,16,1,0,37.56304714,-101.78435340000001,20187.0,797.6071784646061,6.25,15,16,1,0,15,16,1987,0,0,0,0,0
2020-08-04,US,Kansas,Stevens,44,0,0,37.1923008,-101.3118967,20189.0,802.1877848678212,0.0,44,44,0,0,44,43,5559,0,0,0,0,1
2020-08-04,US,Kansas,Sumner,98,3,0,37.23682549,-97.47721621,20191.0,429.14696093886846,3.0612244897959178,95,98,3,0,95,97,22996,0,0,0,0,1
2020-08-04,US,Kansas,Thomas,33,0,0,39.35107575,-101.0553705,20193.0,424.32814710042436,0.0,33,32,0,0,32,32,7711,1,0,0,1,0
2020-08-04,US,Kansas,Trego,5,1,0,38.91467218,-99.87284448,20195.0,178.38030681412772,20.0,4,5,1,0,4,5,2793,0,0,0,0,0
2020-08-04,US,Kansas,Unassigned,0,1,0,0.0,0.0,90020.0,0.0,0.0,-1,0,1,0,-1,0,,0,0,0,0,0
2020-08-04,US,Kansas,Wabaunsee,39,0,0,38.95471985,-96.20350509,20197.0,562.6893666137644,0.0,39,39,0,0,39,39,6899,0,0,0,0,0
2020-08-04,US,Kansas,Washington,2,0,0,39.78420784,-97.08753229999999,20201.0,36.99593044765076,0.0,2,2,0,0,2,2,5420,0,0,0,0,0
2020-08-04,US,Kansas,Wichita,4,0,0,38.48178252,-101.3471509,20203.0,188.76828692779614,0.0,4,4,0,0,4,3,2105,0,0,0,0,1
2020-08-04,US,Kansas,Wilson,8,0,0,37.55937174,-95.74323255,20205.0,93.84164222873899,0.0,8,8,0,0,8,8,8665,0,0,0,0,0
2020-08-04,US,Kansas,Woodson,11,0,0,37.8865336,-95.74006277,20207.0,350.54174633524536,0.0,11,11,0,0,11,11,3183,0,0,0,0,0
2020-08-04,US,Kansas,Wyandotte,4618,96,0,39.11727348,-94.76378225,20209.0,2791.5299010451613,2.078822000866176,4522,4535,96,0,4439,4492,165324,83,0,0,83,43
2020-08-04,US,Kentucky,Adair,203,19,0,37.10459774,-85.28129668,21001.0,1057.1815435892097,9.35960591133005,184,203,19,0,184,203,19215,0,0,0,0,0
2020-08-04,US,Kentucky,Allen,217,8,0,36.75197631,-86.19457544,21003.0,1018.0623973727423,3.6866359447004617,209,217,8,0,209,217,21122,0,0,0,0,0
2020-08-04,US,Kentucky,Anderson,77,1,0,38.00671029,-84.99171713,21005.0,338.50617663867763,1.2987012987012987,76,75,1,0,74,75,22663,2,0,0,2,0
2020-08-04,US,Kentucky,Ballard,31,0,0,37.05842757,-88.99427697,21007.0,393.00202839756594,0.0,31,31,0,0,31,30,7979,0,0,0,0,1
2020-08-04,US,Kentucky,Barren,342,2,0,36.96469836,-85.93338945,21009.0,772.8988225722618,0.5847953216374269,340,334,2,0,332,328,44176,8,0,0,8,6
2020-08-04,US,Kentucky,Bath,36,1,0,38.14735938,-83.74588932,21011.0,288.0,2.7777777777777777,35,35,1,0,34,35,12383,1,0,0,1,0
2020-08-04,US,Kentucky,Bell,285,2,0,36.73355174,-83.67766671,21013.0,1094.8063921327596,0.7017543859649122,283,281,2,0,279,274,26569,4,0,0,4,7
2020-08-04,US,Kentucky,Boone,1048,24,0,38.97065142,-84.72615357,21015.0,784.5427119126222,2.2900763358778624,1024,1021,24,0,997,1018,131533,27,0,0,27,3
2020-08-04,US,Kentucky,Bourbon,71,1,0,38.2054607,-84.21827874,21017.0,358.8033151404892,1.4084507042253518,70,69,1,0,68,69,20184,2,0,0,2,0
2020-08-04,US,Kentucky,Boyd,179,3,0,38.36176608,-82.68652187,21019.0,383.149963611456,1.675977653631285,176,174,3,0,171,171,47240,5,0,0,5,3
2020-08-04,US,Kentucky,Boyle,142,0,0,37.62680923,-84.8633779,21021.0,472.3885562208915,0.0,142,137,0,0,137,134,30100,5,0,0,5,3
2020-08-04,US,Kentucky,Bracken,29,0,0,38.69158994,-84.08532444,21023.0,349.27134770564857,0.0,29,29,0,0,29,29,8239,0,0,0,0,0
2020-08-04,US,Kentucky,Breathitt,26,0,0,37.52333168,-83.31959161,21025.0,205.8590657165479,0.0,26,26,0,0,26,26,12726,0,0,0,0,0
2020-08-04,US,Kentucky,Breckinridge,52,2,0,37.77377239,-86.42885017,21027.0,253.9434487473751,3.8461538461538463,50,52,2,0,50,52,20388,0,0,0,0,0
2020-08-04,US,Kentucky,Bullitt,318,4,0,37.97162523,-85.68955617,21029.0,389.34325872961455,1.2578616352201255,314,315,4,0,311,315,81069,3,0,0,3,0
2020-08-04,US,Kentucky,Butler,296,15,0,37.20946153,-86.68748787,21031.0,2298.3150865750445,5.067567567567568,281,295,15,0,280,292,12772,1,0,0,1,3
2020-08-04,US,Kentucky,Caldwell,49,0,0,37.14749129,-87.86948214,21033.0,384.40417353102686,0.0,49,49,0,0,49,49,12715,0,0,0,0,0
2020-08-04,US,Kentucky,Calloway,198,4,0,36.62093411,-88.2731593,21035.0,507.6792902746083,2.0202020202020203,194,196,3,0,193,192,39135,2,1,0,1,4
2020-08-04,US,Kentucky,Campbell,542,13,0,38.94384345,-84.37875208,21037.0,579.1588305693282,2.3985239852398523,529,525,13,0,512,523,93152,17,0,0,17,2
2020-08-04,US,Kentucky,Carlisle,32,1,0,36.85372876,-88.96692220000001,21039.0,672.2689075630253,3.125,31,31,1,0,30,26,4771,1,0,0,1,5
2020-08-04,US,Kentucky,Carroll,145,2,0,38.66599534,-85.12601074,21041.0,1363.9356598626655,1.3793103448275863,143,142,2,0,140,141,10737,3,0,0,3,1
2020-08-04,US,Kentucky,Carter,98,1,0,38.31690743,-83.05092385,21043.0,365.7125797663917,1.020408163265306,97,95,1,0,94,95,27004,3,0,0,3,0
2020-08-04,US,Kentucky,Casey,154,10,0,37.32533118,-84.92726209,21045.0,953.0292716133424,6.493506493506493,144,154,10,0,144,154,15888,0,0,0,0,0
2020-08-04,US,Kentucky,Christian,478,6,0,36.89267803,-87.49055367,21047.0,678.3894636749408,1.2552301255230125,472,476,6,0,470,475,71671,2,0,0,2,1
2020-08-04,US,Kentucky,Clark,162,7,0,37.9689263,-84.14615986,21049.0,446.7363428287786,4.320987654320987,155,156,7,0,149,156,36249,6,0,0,6,0
2020-08-04,US,Kentucky,Clay,144,5,0,37.16451126,-83.712575,21051.0,723.5817295613284,3.4722222222222223,139,143,5,0,138,143,20105,1,0,0,1,0
2020-08-04,US,Kentucky,Clinton,27,0,0,36.72581156,-85.13377529,21053.0,264.2395772166765,0.0,27,27,0,0,27,26,10206,0,0,0,0,1
2020-08-04,US,Kentucky,Crittenden,26,1,0,37.35839237,-88.08826090000002,21055.0,295.25323642970704,3.8461538461538463,25,26,1,0,25,26,8915,0,0,0,0,0
2020-08-04,US,Kentucky,Cumberland,40,0,0,36.78926125,-85.39050034,21057.0,604.7777441790142,0.0,40,40,0,0,40,40,6659,0,0,0,0,0
2020-08-04,US,Kentucky,Daviess,723,8,0,37.73028906,-87.09019479999998,21059.0,712.238082572332,1.1065006915629323,715,715,7,0,708,712,101104,8,1,0,7,3
2020-08-04,US,Kentucky,Edmonson,96,12,0,37.21218923,-86.23955613,21061.0,790.1234567901234,12.5,84,95,12,0,83,93,12274,1,0,0,1,2
2020-08-04,US,Kentucky,Elliott,8,0,0,38.11624059,-83.09771563,21063.0,106.42543567912732,0.0,8,8,0,0,8,7,7508,0,0,0,0,1
2020-08-04,US,Kentucky,Estill,17,0,0,37.69241417,-83.95956369,21065.0,120.51609244293208,0.0,17,12,0,0,12,12,14198,5,0,0,5,0
2020-08-04,US,Kentucky,Fayette,2851,46,0,38.0368225,-84.45576892,21067.0,882.2473634698223,1.6134689582602595,2805,2807,46,0,2761,2777,323780,44,0,0,44,30
2020-08-04,US,Kentucky,Fleming,57,0,0,38.36758311,-83.69657514,21069.0,390.9196900075441,0.0,57,56,0,0,56,55,14432,1,0,0,1,1
2020-08-04,US,Kentucky,Floyd,84,2,0,37.56213922,-82.74750924,21071.0,236.02798617550368,2.380952380952381,82,83,2,0,81,81,35845,1,0,0,1,2
2020-08-04,US,Kentucky,Franklin,260,5,0,38.2379395,-84.87962551,21073.0,509.8939028456002,1.9230769230769231,255,257,5,0,252,255,50815,3,0,0,3,2
2020-08-04,US,Kentucky,Fulton,62,1,0,36.55238827,-89.20140068,21075.0,1038.699949740325,1.6129032258064515,61,60,1,0,59,59,6120,2,0,0,2,1
2020-08-04,US,Kentucky,Gallatin,79,8,0,38.75398691,-84.8558382,21077.0,890.7430375465103,10.126582278481012,71,79,8,0,71,79,8832,0,0,0,0,0
2020-08-04,US,Kentucky,Garrard,69,0,0,37.6388668,-84.53289319,21079.0,390.5807766330805,0.0,69,68,0,0,68,68,17560,1,0,0,1,0
2020-08-04,US,Kentucky,Grant,106,5,0,38.64962758,-84.62415957,21081.0,422.8329809725159,4.716981132075472,101,101,5,0,96,100,25121,5,0,0,5,1
2020-08-04,US,Kentucky,Graves,522,22,0,36.72292505,-88.65143315,21083.0,1400.7406214780228,4.21455938697318,500,511,22,0,489,508,37317,11,0,0,11,3
2020-08-04,US,Kentucky,Grayson,186,11,0,37.46231118,-86.34248968,21085.0,703.8256328754683,5.913978494623656,175,181,11,0,170,179,26321,5,0,0,5,2
2020-08-04,US,Kentucky,Green,31,2,0,37.26484328,-85.5540745,21087.0,283.33790329951563,6.451612903225807,29,30,2,0,28,30,11049,1,0,0,1,0
2020-08-04,US,Kentucky,Greenup,94,1,0,38.54332505,-82.9215658,21089.0,267.8215282922104,1.0638297872340423,93,89,1,0,88,89,35268,5,0,0,5,0
2020-08-04,US,Kentucky,Hancock,49,0,0,37.83766422,-86.78280584,21091.0,561.7977528089888,0.0,49,47,0,0,47,47,8758,2,0,0,2,0
2020-08-04,US,Kentucky,Hardin,533,8,0,37.6976111,-85.96319251,21093.0,480.36193875159967,1.50093808630394,525,522,8,0,514,521,110356,11,0,0,11,1
2020-08-04,US,Kentucky,Harlan,212,3,0,36.85699301,-83.21899516,21095.0,815.0711264898116,1.4150943396226414,209,207,3,0,204,200,26409,5,0,0,5,7
2020-08-04,US,Kentucky,Harrison,117,0,0,38.44188174,-84.32869741,21097.0,619.5065127607752,0.0,117,116,0,0,116,116,18778,1,0,0,1,0
2020-08-04,US,Kentucky,Hart,84,0,0,37.29943898,-85.88461055,21099.0,441.29235618597323,0.0,84,80,0,0,80,77,18906,4,0,0,4,3
2020-08-04,US,Kentucky,Henderson,328,4,0,37.79344553,-87.57392021,21101.0,725.5032072550322,1.2195121951219512,324,324,4,0,320,323,45591,4,0,0,4,1
2020-08-04,US,Kentucky,Henry,100,2,0,38.44942688,-85.11587507,21103.0,620.1165819174005,2.0,98,94,2,0,92,91,16106,6,0,0,6,3
2020-08-04,US,Kentucky,Hickman,35,0,0,36.67948079999999,-88.97875928,21105.0,799.0867579908676,0.0,35,34,0,0,34,33,4421,1,0,0,1,1
2020-08-04,US,Kentucky,Hopkins,412,33,0,37.30939025,-87.54670406,21107.0,921.9889898402183,8.009708737864077,379,403,33,0,370,403,45068,9,0,0,9,0
2020-08-04,US,Kentucky,Jackson,143,14,0,37.41866422,-83.99825483,21109.0,1072.8486758196414,9.79020979020979,129,143,14,0,129,142,13442,0,0,0,0,1
2020-08-04,US,Kentucky,Jefferson,7414,236,0,38.18664655,-85.65931031,21111.0,966.9295487357792,3.183166981386566,7178,7206,233,0,6973,7131,770517,208,3,0,205,75
2020-08-04,US,Kentucky,Jessamine,308,0,0,37.87119786,-84.58252003,21113.0,569.1582740460133,0.0,308,300,0,0,300,290,53920,8,0,0,8,10
2020-08-04,US,Kentucky,Johnson,40,0,0,37.85106355,-82.8264322,21115.0,180.27762754642148,0.0,40,39,0,0,39,39,22386,1,0,0,1,0
2020-08-04,US,Kentucky,Kenton,1351,38,0,38.93950319,-84.53241199,21117.0,808.9917244517899,2.8127313101406366,1313,1323,37,0,1286,1317,166051,28,1,0,27,6
2020-08-04,US,Kentucky,Knott,47,1,0,37.35388197,-82.94981134,21119.0,317.4388761312981,2.127659574468085,46,45,1,0,44,40,15126,2,0,0,2,5
2020-08-04,US,Kentucky,Knox,216,8,0,36.89225732,-83.85403396,21121.0,693.5302616792422,3.703703703703704,208,201,8,0,193,201,31304,15,0,0,15,0
2020-08-04,US,Kentucky,Larue,51,1,0,37.54567114,-85.70138352,21123.0,354.21586331434924,1.96078431372549,50,51,1,0,50,49,14307,0,0,0,0,2
2020-08-04,US,Kentucky,Laurel,392,4,0,37.10975748,-84.11321779,21125.0,644.5990166576225,1.020408163265306,388,374,4,0,370,374,60669,18,0,0,18,0
2020-08-04,US,Kentucky,Lawrence,34,0,0,38.07136018,-82.72882223,21127.0,221.97558268590458,0.0,34,33,0,0,33,33,15571,1,0,0,1,0
2020-08-04,US,Kentucky,Lee,4,0,0,37.59645942,-83.71513901,21129.0,54.032149128731604,0.0,4,4,0,0,4,4,7033,0,0,0,0,0
2020-08-04,US,Kentucky,Leslie,27,0,0,37.09246661,-83.37999606,21131.0,273.3623569909892,0.0,27,26,0,0,26,26,10143,1,0,0,1,0
2020-08-04,US,Kentucky,Letcher,52,0,0,37.12306748,-82.85346474,21133.0,241.26571706954948,0.0,52,51,0,0,51,49,21899,1,0,0,1,2
2020-08-04,US,Kentucky,Lewis,37,0,0,38.53184419,-83.37735618,21135.0,278.71939736346513,0.0,37,36,0,0,36,35,13257,1,0,0,1,1
2020-08-04,US,Kentucky,Lincoln,99,1,0,37.45475628,-84.6565327,21137.0,403.2750824880851,1.0101010101010102,98,99,1,0,98,99,24644,0,0,0,0,0
2020-08-04,US,Kentucky,Livingston,33,1,0,37.21137452,-88.34797529,21139.0,358.9297367848597,3.0303030303030303,32,32,1,0,31,32,9242,1,0,0,1,0
2020-08-04,US,Kentucky,Logan,303,22,0,36.85949479,-86.877635,21141.0,1117.9986716847466,7.260726072607262,281,302,22,0,280,301,26989,1,0,0,1,1
2020-08-04,US,Kentucky,Lyon,30,4,0,37.02080035,-88.07886257,21143.0,365.4080389768576,13.333333333333336,26,30,4,0,26,30,8009,0,0,0,0,0
2020-08-04,US,Kentucky,Madison,411,1,0,37.71659336,-84.27220275,21151.0,441.9972684353727,0.24330900243309006,410,396,1,0,395,383,92368,15,0,0,15,13
2020-08-04,US,Kentucky,Magoffin,30,0,0,37.70820545,-83.0657714,21153.0,246.6902392895321,0.0,30,23,0,0,23,20,12362,7,0,0,7,3
2020-08-04,US,Kentucky,Marion,113,0,0,37.55218078,-85.26898542,21155.0,586.3124578425777,0.0,113,110,0,0,110,105,19404,3,0,0,3,5
2020-08-04,US,Kentucky,Marshall,128,2,0,36.88007070000001,-88.32803576,21157.0,411.57556270096467,1.5625,126,125,2,0,123,124,31191,3,0,0,3,1
2020-08-04,US,Kentucky,Martin,32,0,0,37.79990579,-82.51247478,21159.0,285.8418937025458,0.0,32,30,0,0,30,30,11323,2,0,0,2,0
2020-08-04,US,Kentucky,Mason,53,1,0,38.59471935,-83.82151043,21161.0,310.48623315758635,1.8867924528301887,52,53,1,0,52,53,17150,0,0,0,0,0
2020-08-04,US,Kentucky,McCracken,344,4,0,37.05350953,-88.70445755,21145.0,525.8491546669112,1.162790697674419,340,334,4,0,330,330,65346,10,0,0,10,4
2020-08-04,US,Kentucky,McCreary,37,0,0,36.73874143,-84.48102924,21147.0,214.72926701874528,0.0,37,37,0,0,37,36,17408,0,0,0,0,1
2020-08-04,US,Kentucky,McLean,40,1,0,37.5301951,-87.26803443,21149.0,434.4520473552733,2.5,39,38,1,0,37,38,9252,2,0,0,2,0
2020-08-04,US,Kentucky,Meade,91,2,0,37.96163597,-86.21028219,21163.0,318.4936301273975,2.1978021978021984,89,85,2,0,83,85,28715,6,0,0,6,0
2020-08-04,US,Kentucky,Menifee,29,0,0,37.94090733,-83.59985712,21165.0,446.9101556480197,0.0,29,29,0,0,29,29,6451,0,0,0,0,0
2020-08-04,US,Kentucky,Mercer,77,0,0,37.81474237,-84.87488475,21167.0,351.0691651848813,0.0,77,74,0,0,74,74,21774,3,0,0,3,0
2020-08-04,US,Kentucky,Metcalfe,53,2,0,36.99459295,-85.63123699,21169.0,526.263528944494,3.7735849056603774,51,51,2,0,49,50,10030,2,0,0,2,1
2020-08-04,US,Kentucky,Monroe,89,2,0,36.71225341,-85.71596443,21171.0,835.6807511737088,2.247191011235955,87,88,2,0,86,88,10718,1,0,0,1,0
2020-08-04,US,Kentucky,Montgomery,114,0,0,38.03253032,-83.9145241,21173.0,404.8726781972511,0.0,114,113,0,0,113,113,28203,1,0,0,1,0
2020-08-04,US,Kentucky,Morgan,30,0,0,37.92465657,-83.25558245,21175.0,225.4113757607634,0.0,30,30,0,0,30,29,13345,0,0,0,0,1
2020-08-04,US,Kentucky,Muhlenberg,618,10,0,37.21425819,-87.14632053,21177.0,2018.1568806740247,1.6181229773462784,608,612,10,0,602,611,30774,6,0,0,6,1
2020-08-04,US,Kentucky,Nelson,197,2,0,37.80335779,-85.4657193,21179.0,426.10256743019056,1.0152284263959392,195,190,2,0,188,189,45851,7,0,0,7,1
2020-08-04,US,Kentucky,Nicholas,20,0,0,38.33342292,-84.01889177,21181.0,275.14100976750586,0.0,20,20,0,0,20,20,7166,0,0,0,0,0
2020-08-04,US,Kentucky,Ohio,341,7,0,37.47751843,-86.85368087,21183.0,1421.188630490956,2.0527859237536656,334,340,6,0,334,340,24087,1,1,0,0,0
2020-08-04,US,Kentucky,Oldham,582,14,0,38.39791089,-85.448222,21185.0,871.2705280019162,2.405498281786941,568,575,14,0,561,555,66470,7,0,0,7,20
2020-08-04,US,Kentucky,Owen,43,0,0,38.51679143,-84.82404619,21187.0,394.45922392441065,0.0,43,42,0,0,42,42,10880,1,0,0,1,0
2020-08-04,US,Kentucky,Owsley,10,0,0,37.42823949,-83.68811419,21189.0,226.5005662514156,0.0,10,10,0,0,10,10,4472,0,0,0,0,0
2020-08-04,US,Kentucky,Pendleton,36,0,0,38.69607718,-84.35599463,21191.0,246.74434544208358,0.0,36,36,0,0,36,36,14529,0,0,0,0,0
2020-08-04,US,Kentucky,Perry,193,3,0,37.25023553,-83.22922731,21193.0,749.2817765354453,1.5544041450777202,190,189,3,0,186,187,26092,4,0,0,4,2
2020-08-04,US,Kentucky,Pike,224,3,0,37.47088263,-82.39487445,21195.0,387.0343492985002,1.3392857142857142,221,219,3,0,216,219,58402,5,0,0,5,0
2020-08-04,US,Kentucky,Powell,49,0,0,37.83218794,-83.82553961,21197.0,396.4722064891981,0.0,49,50,0,0,50,48,12442,-1,0,0,-1,2
2020-08-04,US,Kentucky,Pulaski,263,2,0,37.10466131,-84.57629079,21199.0,404.746148755752,0.7604562737642585,261,260,2,0,258,258,64623,3,0,0,3,2
2020-08-04,US,Kentucky,Robertson,3,0,0,38.51923469,-84.05055616,21201.0,142.31499051233396,0.0,3,3,0,0,3,3,2135,0,0,0,0,0
2020-08-04,US,Kentucky,Rockcastle,61,0,0,37.36642393,-84.31176452,21203.0,365.3788559448937,0.0,61,61,0,0,61,61,16750,0,0,0,0,0
2020-08-04,US,Kentucky,Rowan,69,0,0,38.19484205,-83.42088935,21205.0,282.09321340964834,0.0,69,68,0,0,68,68,24583,1,0,0,1,0
2020-08-04,US,Kentucky,Russell,100,5,0,36.99308373,-85.06070117,21207.0,557.9423087652737,5.0,95,100,5,0,95,100,17821,0,0,0,0,0
2020-08-04,US,Kentucky,Scott,346,0,0,38.29622293,-84.5816631,21209.0,606.974949126377,0.0,346,330,0,0,330,323,56031,16,0,0,16,7
2020-08-04,US,Kentucky,Shelby,720,22,0,38.21476019,-85.194223,21211.0,1468.6684073107047,3.055555555555556,698,711,22,0,689,708,48518,9,0,0,9,3
2020-08-04,US,Kentucky,Simpson,142,7,0,36.74058474,-86.58047435,21213.0,764.5918587120398,4.929577464788731,135,139,7,0,132,138,18529,3,0,0,3,1
2020-08-04,US,Kentucky,Spencer,107,0,0,38.03223971,-85.32749335,21215.0,552.9430003617383,0.0,107,102,0,0,102,97,18794,5,0,0,5,5
2020-08-04,US,Kentucky,Taylor,104,2,0,37.3677562,-85.3329931,21217.0,403.58570375257085,1.9230769230769231,102,101,2,0,99,101,25549,3,0,0,3,0
2020-08-04,US,Kentucky,Todd,33,0,0,36.8381152,-87.17878374,21219.0,268.4236212786725,0.0,33,33,0,0,33,33,12311,0,0,0,0,0
2020-08-04,US,Kentucky,Trigg,53,0,0,36.80767017,-87.87333656,21221.0,361.750051191045,0.0,53,50,0,0,50,49,14643,3,0,0,3,1
2020-08-04,US,Kentucky,Trimble,32,0,0,38.61056487,-85.33775972,21223.0,377.7594144729076,0.0,32,32,0,0,32,32,8515,0,0,0,0,0
2020-08-04,US,Kentucky,Union,57,0,0,37.66166713,-87.94300009,21225.0,396.3563034559488,0.0,57,54,0,0,54,53,14505,3,0,0,3,1
2020-08-04,US,Kentucky,Warren,2485,22,0,36.99903045,-86.42672751,21227.0,1869.8832169516013,0.8853118712273642,2463,2451,22,0,2429,2427,131264,34,0,0,34,24
2020-08-04,US,Kentucky,Washington,65,0,0,37.75599461,-85.17407732,21229.0,537.4121537825548,0.0,65,64,0,0,64,62,12084,1,0,0,1,2
2020-08-04,US,Kentucky,Wayne,53,0,0,36.80310688,-84.8251971,21231.0,260.6600108198495,0.0,53,53,0,0,53,52,20468,0,0,0,0,1
2020-08-04,US,Kentucky,Webster,83,1,0,37.52168356,-87.67989953,21233.0,641.322824911142,1.2048192771084338,82,81,1,0,80,81,13111,2,0,0,2,0
2020-08-04,US,Kentucky,Whitley,148,1,0,36.75700531,-84.14541217,21235.0,408.1182439885286,0.6756756756756757,147,144,1,0,143,136,36242,4,0,0,4,8
2020-08-04,US,Kentucky,Wolfe,11,0,0,37.73941626,-83.49303612,21237.0,153.69568254855386,0.0,11,11,0,0,11,9,7177,0,0,0,0,2
2020-08-04,US,Kentucky,Woodford,135,0,0,38.04178222,-84.7417556,21239.0,504.9749382808409,0.0,135,133,0,0,133,129,26533,2,0,0,2,4
2020-08-04,US,Louisiana,Acadia,2513,77,0,30.2950649,-92.41419698,22001.0,4050.2860826819237,3.064066852367688,2436,2403,77,0,2326,2380,62190,110,0,0,110,23
2020-08-04,US,Louisiana,Allen,1210,25,0,30.65385745,-92.82442028,22003.0,4721.582705740039,2.066115702479338,1185,1156,23,0,1133,1117,25605,54,2,0,52,39
2020-08-04,US,Louisiana,Ascension,2681,71,0,30.20406249,-90.91328409999998,22005.0,2117.626615272819,2.648265572547557,2610,2643,71,0,2572,2609,124672,38,0,0,38,34
2020-08-04,US,Louisiana,Assumption,557,20,0,29.89946234,-91.06461642,22007.0,2544.4246493992964,3.5906642728904847,537,555,20,0,535,552,22300,2,0,0,2,3
2020-08-04,US,Louisiana,Avoyelles,981,27,0,31.07796211,-92.00079449,22009.0,2443.702670386608,2.7522935779816518,954,951,27,0,924,939,40462,30,0,0,30,12
2020-08-04,US,Louisiana,Beauregard,797,17,0,30.64836518,-93.34173616,22011.0,2125.503373603221,2.132998745294856,780,789,17,0,772,773,37253,8,0,0,8,16
2020-08-04,US,Louisiana,Bienville,354,30,0,32.34569994,-93.05398492,22013.0,2673.5140850388943,8.474576271186441,324,353,30,0,323,353,13308,1,0,0,1,0
2020-08-04,US,Louisiana,Bossier,2192,73,0,32.67932307,-93.60460152,22015.0,1725.4543880225754,3.33029197080292,2119,2118,73,0,2045,2111,127185,74,0,0,74,7
2020-08-04,US,Louisiana,Caddo,6324,285,0,32.57991587,-93.88375652,22017.0,2632.762152170655,4.506641366223909,6039,6299,281,0,6018,6261,242922,25,4,0,21,38
2020-08-04,US,Louisiana,Calcasieu,6594,127,0,30.22931235,-93.35400434,22019.0,3241.314221671681,1.9259933272672125,6467,6527,127,0,6400,6440,203112,67,0,0,67,87
2020-08-04,US,Louisiana,Caldwell,202,2,0,32.0902519,-92.11752148,22021.0,2036.700947771728,0.99009900990099,200,200,2,0,198,197,9960,2,0,0,2,3
2020-08-04,US,Louisiana,Cameron,167,0,0,29.87592238,-93.19310676,22023.0,2394.951957550552,0.0,167,167,0,0,167,167,6968,0,0,0,0,0
2020-08-04,US,Louisiana,Catahoula,267,5,0,31.66778967,-91.84526385,22025.0,2812.302506846429,1.8726591760299625,262,264,4,0,260,256,9608,3,1,0,2,8
2020-08-04,US,Louisiana,Claiborne,227,11,0,32.82308512,-92.99526883,22027.0,1448.6279514996809,4.845814977973569,216,221,11,0,210,222,15944,6,0,0,6,-1
2020-08-04,US,Louisiana,Concordia,296,8,0,31.44817835,-91.63814433,22029.0,1536.9437665507035,2.702702702702702,288,287,8,0,279,278,19572,9,0,0,9,9
2020-08-04,US,Louisiana,De Soto,675,24,0,32.05457447,-93.74130302,22031.0,2457.852383206496,3.555555555555556,651,662,24,0,638,655,27436,13,0,0,13,7
2020-08-04,US,Louisiana,East Baton Rouge,11444,329,0,30.53842039,-91.09777565,22033.0,2600.560379403671,2.8748689269486194,11115,11263,328,0,10935,11169,440956,181,1,0,180,94
2020-08-04,US,Louisiana,East Carroll,510,1,0,32.73926954,-91.23425694,22035.0,7433.318758198513,0.19607843137254904,509,501,1,0,500,501,7037,9,0,0,9,0
2020-08-04,US,Louisiana,East Feliciana,532,35,0,30.84425359,-91.04976723,22037.0,2780.245623203555,6.578947368421053,497,522,35,0,487,518,19305,10,0,0,10,4
2020-08-04,US,Louisiana,Evangeline,805,2,0,30.72985248,-92.39915924,22039.0,2410.540500074861,0.2484472049689441,803,732,2,0,730,720,33443,73,0,0,73,12
2020-08-04,US,Louisiana,Franklin,850,17,0,32.13675181,-91.67589857,22041.0,4246.814888833375,2.0,833,839,17,0,822,826,20156,11,0,0,11,13
2020-08-04,US,Louisiana,Grant,284,11,0,31.59882456,-92.56124347,22043.0,1268.4800571709322,3.8732394366197194,273,282,9,0,273,280,22482,2,2,0,0,2
2020-08-04,US,Louisiana,Iberia,2408,66,0,29.86803617,-91.75871777,22045.0,3448.374624087069,2.740863787375415,2342,2247,65,0,2182,2218,70941,161,1,0,160,29
2020-08-04,US,Louisiana,Iberville,1170,47,0,30.25734305,-91.3499598,22047.0,3598.7819507243707,4.017094017094017,1123,1152,47,0,1105,1138,32721,18,0,0,18,14
2020-08-04,US,Louisiana,Jackson,361,18,0,32.30251776,-92.55692092,22049.0,2292.9369918699185,4.986149584487535,343,359,18,0,341,357,15902,2,0,0,2,2
2020-08-04,US,Louisiana,Jefferson,14795,518,0,29.74075478,-90.11115756,22051.0,3420.8646151498406,3.50118283203785,14277,14533,518,0,14015,14453,434051,262,0,0,262,80
2020-08-04,US,Louisiana,Jefferson Davis,974,24,0,30.26896765,-92.81210004,22053.0,3105.0752359092066,2.4640657084188917,950,963,24,0,939,954,31582,11,0,0,11,9
2020-08-04,US,Louisiana,LaSalle,248,2,0,31.67884782,-92.15907765,22059.0,1665.32366371206,0.8064516129032258,246,242,2,0,240,236,14917,6,0,0,6,6
2020-08-04,US,Louisiana,Lafayette,7280,89,0,30.2049055,-92.06959876,22055.0,2978.845288268751,1.2225274725274726,7191,6423,87,0,6336,6350,242782,857,2,0,855,73
2020-08-04,US,Louisiana,Lafourche,2656,96,0,29.52470226,-90.40976986,22057.0,2720.921179339029,3.614457831325301,2560,2589,96,0,2493,2572,98115,67,0,0,67,17
2020-08-04,US,Louisiana,Lincoln,733,24,0,32.6003154,-92.6659741,22061.0,1568.18279063797,3.2742155525238745,709,720,24,0,696,716,47196,13,0,0,13,4
2020-08-04,US,Louisiana,Livingston,2718,49,0,30.44143993,-90.73061664,22063.0,1930.5485513783042,1.8027961736571008,2669,2680,49,0,2631,2660,139567,38,0,0,38,20
2020-08-04,US,Louisiana,Madison,585,6,0,32.36918118,-91.23973355,22065.0,5341.9779015615,1.0256410256410255,579,566,6,0,560,564,11161,19,0,0,19,2
2020-08-04,US,Louisiana,Morehouse,461,11,0,32.81686191,-91.80421614,22067.0,1853.340837822626,2.386117136659436,450,443,11,0,432,441,25398,18,0,0,18,2
2020-08-04,US,Louisiana,Natchitoches,716,17,0,31.72321584,-93.09816516,22069.0,1876.408616803816,2.3743016759776543,699,691,17,0,674,687,38659,25,0,0,25,4
2020-08-04,US,Louisiana,Orleans,10487,560,0,30.06971951,-89.92660315,22071.0,2687.9818733595803,5.3399446934299615,9927,10426,560,0,9866,10384,391006,61,0,0,61,42
2020-08-04,US,Louisiana,Ouachita,4592,107,0,32.47645559,-92.15704172,22073.0,2995.8441795679773,2.3301393728223,4485,4509,105,0,4404,4474,154475,83,2,0,81,35
2020-08-04,US,Louisiana,Plaquemines,428,19,0,29.42245447,-89.60322085,22075.0,1845.0661723498727,4.439252336448599,409,425,19,0,406,425,23410,3,0,0,3,0
2020-08-04,US,Louisiana,Pointe Coupee,747,32,0,30.71409502,-91.60209535,22077.0,3437.6438104003682,4.28380187416332,715,739,32,0,707,726,21940,8,0,0,8,13
2020-08-04,US,Louisiana,Rapides,3126,107,0,31.19778499,-92.52997303,22079.0,2411.144020733062,3.4229046705054382,3019,3068,106,0,2962,3037,130562,58,1,0,57,31
2020-08-04,US,Louisiana,Red River,192,11,0,32.09530039,-93.34213308,22081.0,2274.342572850036,5.729166666666668,181,189,11,0,178,189,8477,3,0,0,3,0
2020-08-04,US,Louisiana,Richland,551,6,0,32.41391005,-91.76634876,22083.0,2738.296392008747,1.088929219600726,545,544,6,0,538,538,20192,7,0,0,7,6
2020-08-04,US,Louisiana,Sabine,585,10,0,31.56388699,-93.55433981,22085.0,2449.338469268129,1.709401709401709,575,535,10,0,525,534,24032,50,0,0,50,1
2020-08-04,US,Louisiana,St. Bernard,1058,23,0,29.87761636,-89.51887093,22087.0,2239.4378122089583,2.1739130434782608,1035,1037,23,0,1014,1028,46721,21,0,0,21,9
2020-08-04,US,Louisiana,St. Charles,1397,50,0,29.90709658,-90.35555967,22089.0,2630.885122410546,3.579098067287044,1347,1375,50,0,1325,1367,52879,22,0,0,22,8
2020-08-04,US,Louisiana,St. Helena,247,1,0,30.82210324,-90.71013176,22091.0,2437.820765890249,0.4048582995951417,246,246,1,0,245,246,10262,1,0,0,1,0
2020-08-04,US,Louisiana,St. James,667,32,0,30.02531716,-90.80212061,22093.0,3161.736822146379,4.7976011994003,635,649,31,0,618,645,21037,18,1,0,17,4
2020-08-04,US,Louisiana,St. John the Baptist,1374,88,0,30.12597499,-90.4753503,22095.0,3207.507528538413,6.404657933042213,1286,1355,88,0,1267,1348,43184,19,0,0,19,7
2020-08-04,US,Louisiana,St. Landry,2530,78,0,30.59724262,-92.00135806,22097.0,3080.707223223418,3.08300395256917,2452,2226,75,0,2151,2183,82764,304,3,0,301,43
2020-08-04,US,Louisiana,St. Martin,1580,42,0,30.13112107,-91.61403569,22099.0,2957.084838389699,2.6582278481012658,1538,1519,42,0,1477,1501,53621,61,0,0,61,18
2020-08-04,US,Louisiana,St. Mary,1504,49,0,29.69262097,-91.44702164,22101.0,3047.742563021804,3.2579787234042548,1455,1445,49,0,1396,1434,49774,59,0,0,59,11
2020-08-04,US,Louisiana,St. Tammany,4884,206,0,30.40942847,-89.95642711,22103.0,1875.4391960648034,4.217854217854218,4678,4808,203,0,4605,4759,258111,76,3,0,73,49
2020-08-04,US,Louisiana,Tangipahoa,3223,63,0,30.62888673,-90.40664996,22105.0,2391.694741685095,1.954700589512876,3160,3159,63,0,3096,3137,133777,64,0,0,64,22
2020-08-04,US,Louisiana,Tensas,68,0,0,32.00760749,-91.32915234,22107.0,1568.9893862482693,0.0,68,65,0,0,65,63,4462,3,0,0,3,2
2020-08-04,US,Louisiana,Terrebonne,2866,80,0,29.37343766,-90.82626855,22109.0,2594.580892803795,2.7913468248429867,2786,2800,78,0,2722,2781,111021,66,2,0,64,19
2020-08-04,US,Louisiana,Unassigned,218,114,0,0.0,0.0,90022.0,0.0,52.29357798165138,104,11,114,0,-103,11,,207,0,0,207,0
2020-08-04,US,Louisiana,Union,646,33,0,32.83121059,-92.3749373,22111.0,2922.01917857789,5.1083591331269345,613,623,33,0,590,619,22330,23,0,0,23,4
2020-08-04,US,Louisiana,Vermilion,1467,19,0,29.83517605,-92.30292538,22113.0,2465.090487472904,1.2951601908657124,1448,1378,17,0,1361,1325,59830,89,2,0,87,53
2020-08-04,US,Louisiana,Vernon,732,22,0,31.10884837,-93.18153838,22115.0,1543.3595479558921,3.0054644808743167,710,704,22,0,682,684,48860,28,0,0,28,20
2020-08-04,US,Louisiana,Washington,1211,58,0,30.85288548,-90.03866652,22117.0,2621.552582586483,4.789430222956233,1153,1199,58,0,1141,1193,46582,12,0,0,12,6
2020-08-04,US,Louisiana,Webster,840,13,0,32.70847669,-93.33121835,22119.0,2190.923317683881,1.5476190476190477,827,826,13,0,813,823,38798,14,0,0,14,3
2020-08-04,US,Louisiana,West Baton Rouge,675,36,0,30.46058217,-91.30989571,22121.0,2550.538447005479,5.333333333333333,639,661,36,0,625,655,26427,14,0,0,14,6
2020-08-04,US,Louisiana,West Carroll,272,5,0,32.78550125,-91.461201,22123.0,2511.542012927055,1.8382352941176472,267,259,5,0,254,258,10982,13,0,0,13,1
2020-08-04,US,Louisiana,West Feliciana,328,16,0,30.87882871,-91.4148538,22125.0,2106.885919835561,4.878048780487805,312,326,16,0,310,324,15460,2,0,0,2,2
2020-08-04,US,Louisiana,Winn,399,7,0,31.94449367,-92.63789413,22127.0,2869.6777905638664,1.7543859649122806,392,398,7,0,391,386,14134,1,0,0,1,12
2020-08-04,US,Maine,Androscoggin,548,7,0,44.1664747,-70.20380627,23001.0,506.10933069811693,1.2773722627737227,541,548,7,0,541,550,107679,0,0,0,0,-2
2020-08-04,US,Maine,Aroostook,32,1,0,46.65926321,-68.59841248,23003.0,47.722019237938994,3.125,31,32,1,0,31,32,67111,0,0,0,0,0
2020-08-04,US,Maine,Cumberland,2061,68,0,43.8370751,-70.37226999,23005.0,698.6369630139354,3.299369238233867,1993,2058,69,0,1989,2052,293557,3,-1,0,4,6
2020-08-04,US,Maine,Franklin,45,1,0,44.97330019,-70.44381045,23007.0,149.01155667406206,2.2222222222222223,44,45,1,0,44,45,29897,0,0,0,0,0
2020-08-04,US,Maine,Hancock,34,1,0,44.59816444,-68.38401854,23009.0,61.83279684289014,2.9411764705882355,33,34,1,0,33,34,54811,0,0,0,0,0
2020-08-04,US,Maine,Kennebec,169,11,0,44.40759555,-69.76738544,23011.0,138.18253176562934,6.508875739644972,158,169,11,0,158,167,122083,0,0,0,0,2
2020-08-04,US,Maine,Knox,26,1,0,44.11486325,-69.10529169,23013.0,65.37262395655236,3.8461538461538463,25,26,1,0,25,26,39771,0,0,0,0,0
2020-08-04,US,Maine,Lincoln,34,1,0,44.05996956,-69.54227124,23015.0,98.16942888491079,2.9411764705882355,33,34,1,0,33,34,34342,0,0,0,0,0
2020-08-04,US,Maine,Oxford,54,0,0,44.49952995,-70.75682123,23017.0,93.14359637774905,0.0,54,55,0,0,55,55,57618,-1,0,0,-1,0
2020-08-04,US,Maine,Penobscot,150,5,0,45.40194593,-68.65020455,23019.0,98.58821673633568,3.333333333333333,145,150,5,0,145,148,151096,0,0,0,0,2
2020-08-04,US,Maine,Piscataquis,3,0,0,45.83839062,-69.2860223,23021.0,17.873100983020553,0.0,3,3,0,0,3,3,16800,0,0,0,0,0
2020-08-04,US,Maine,Sagadahoc,51,0,0,43.95415864,-69.85074999,23023.0,142.23560910307899,0.0,51,51,0,0,51,50,35634,0,0,0,0,1
2020-08-04,US,Maine,Somerset,34,1,0,45.51229767,-69.95995554,23025.0,67.34807067585771,2.9411764705882355,33,34,1,0,33,34,50592,0,0,0,0,0
2020-08-04,US,Maine,Unassigned,2,0,0,0.0,0.0,90023.0,0.0,0.0,2,2,0,0,2,2,,0,0,0,0,0
2020-08-04,US,Maine,Waldo,62,14,0,44.4858305,-69.12061935,23027.0,156.11230013848672,22.580645161290327,48,62,14,0,48,62,39694,0,0,0,0,0
2020-08-04,US,Maine,Washington,12,0,0,45.01607142,-67.62813524,23029.0,38.242136460690276,0.0,12,9,0,0,9,9,31490,3,0,0,3,0
2020-08-04,US,Maine,York,660,12,0,43.47808377,-70.71052375,23031.0,317.8563000563472,1.818181818181818,648,658,12,0,646,655,206229,2,0,0,2,3
2020-08-04,US,Maryland,Allegany,276,18,0,39.62357628,-78.69280486,24001.0,391.9563735514656,6.521739130434782,258,273,18,0,255,271,70975,3,0,0,3,2
2020-08-04,US,Maryland,Anne Arundel,7071,218,0,39.00670238,-76.60329337,24003.0,1220.7501631465007,3.0830151322302366,6853,7007,217,0,6790,6958,576031,64,1,0,63,49
2020-08-04,US,Maryland,Baltimore,12525,553,0,39.45784712,-76.62911955,24005.0,1513.8329888683418,4.415169660678644,11972,12401,551,0,11850,12175,828431,124,2,0,122,226
2020-08-04,US,Maryland,Baltimore City,11844,417,0,39.30211911,-76.61151012,24510.0,1995.6528332406613,3.520770010131712,11427,11748,413,0,11335,11577,621342,96,4,0,92,171
2020-08-04,US,Maryland,Calvert,649,28,0,38.53961642,-76.56820632,24009.0,701.4320453931371,4.314329738058552,621,635,28,0,607,619,92003,14,0,0,14,16
2020-08-04,US,Maryland,Caroline,439,3,0,38.87172293,-75.82904158,24011.0,1314.1351852960545,0.683371298405467,436,438,3,0,435,432,33304,1,0,0,1,6
2020-08-04,US,Maryland,Carroll,1503,117,0,39.56453592,-77.02373735,24013.0,892.2687848403357,7.7844311377245505,1386,1491,117,0,1374,1481,168429,12,0,0,12,10
2020-08-04,US,Maryland,Cecil,662,30,0,39.56647682,-75.94627411,24015.0,643.6245199552767,4.531722054380665,632,655,30,0,625,647,102826,7,0,0,7,8
2020-08-04,US,Maryland,Charles,1932,91,0,38.51092331,-76.98580666,24017.0,1183.41020599423,4.710144927536232,1841,1909,91,0,1818,1878,161503,23,0,0,23,31
2020-08-04,US,Maryland,Dorchester,352,5,0,38.45413522,-76.02752426,24019.0,1102.4460521782705,1.4204545454545454,347,352,5,0,347,351,31998,0,0,0,0,1
2020-08-04,US,Maryland,Frederick,3016,121,0,39.47296601,-77.39999394,24021.0,1162.024604406909,4.0119363395225465,2895,3010,121,0,2889,2998,255648,6,0,0,6,12
2020-08-04,US,Maryland,Garrett,44,0,0,39.52786077,-79.27355126,24023.0,151.65092713862273,0.0,44,43,0,0,43,43,29163,1,0,0,1,0
2020-08-04,US,Maryland,Harford,1863,68,0,39.55010644,-76.30775940000002,24025.0,729.3269287232669,3.6500268384326353,1795,1853,68,0,1785,1818,253956,10,0,0,10,35
2020-08-04,US,Maryland,Howard,3690,106,0,39.25305293,-76.93126208,24027.0,1132.9792133623998,2.872628726287263,3584,3660,106,0,3554,3622,323196,30,0,0,30,38
2020-08-04,US,Maryland,Kent,235,23,0,39.24976208,-76.04741541,24029.0,1209.968077437957,9.787234042553193,212,235,23,0,212,235,19383,0,0,0,0,0
2020-08-04,US,Maryland,Montgomery,17910,794,0,39.13676329,-77.20358245,24031.0,1704.5973685813485,4.433277498604132,17116,17842,793,0,17049,17758,1052567,68,1,0,67,84
2020-08-04,US,Maryland,Prince George's,23082,744,0,38.83070039,-76.8496441,24033.0,2538.360787703433,3.2232908760072783,22338,22880,743,0,22137,22743,909308,202,1,0,201,137
2020-08-04,US,Maryland,Queen Anne's,399,25,0,39.06198912,-76.03530977,24035.0,791.9652249856098,6.265664160401004,374,399,25,0,374,397,50251,0,0,0,0,2
2020-08-04,US,Maryland,Somerset,129,3,0,38.1163542,-75.75118623,24039.0,503.59150530918174,2.3255813953488373,126,123,3,0,120,123,25675,6,0,0,6,0
2020-08-04,US,Maryland,St. Mary's,931,52,0,38.30058422,-76.60629279999998,24037.0,820.1920535635628,5.585392051557465,879,931,52,0,879,922,112664,0,0,0,0,9
2020-08-04,US,Maryland,Talbot,368,4,0,38.76618159,-76.10882561,24041.0,989.7528307468867,1.0869565217391304,364,368,4,0,364,366,36968,0,0,0,0,2
2020-08-04,US,Maryland,Unassigned,0,17,0,0.0,0.0,90024.0,0.0,0.0,-17,0,19,0,-19,0,,0,-2,0,2,0
2020-08-04,US,Maryland,Washington,986,30,0,39.60835778,-77.82002295,24043.0,652.7683069732337,3.042596348884381,956,982,30,0,952,978,150926,4,0,0,4,4
2020-08-04,US,Maryland,Wicomico,1309,44,0,38.37301947,-75.62705831,24045.0,1263.4037583607599,3.361344537815126,1265,1298,44,0,1254,1294,103195,11,0,0,11,4
2020-08-04,US,Maryland,Worcester,639,19,0,38.21274277,-75.33200012,24047.0,1222.3582523528962,2.97339593114241,620,611,19,0,592,588,51823,28,0,0,28,23
2020-08-04,US,Massachusetts,Barnstable,1770,157,0,41.72980578,-70.28854339,25001.0,831.0249307479222,8.870056497175142,1613,1764,157,0,1607,1757,213413,6,0,0,6,7
2020-08-04,US,Massachusetts,Berkshire,661,46,0,42.37428441,-73.20524838,25003.0,529.0370085798438,6.959152798789713,615,657,46,0,611,657,126348,4,0,0,4,0
2020-08-04,US,Massachusetts,Bristol,9224,626,0,41.79228404,-71.10872211,25005.0,1631.9395913427938,6.786643538594968,8598,9153,626,0,8527,9124,564022,71,0,0,71,29
2020-08-04,US,Massachusetts,Dukes and Nantucket,99,1,0,41.40674725,-70.68763497,0.0,344.57554557794714,1.0101010101010102,98,98,1,0,97,98,26707,1,0,0,1,0
2020-08-04,US,Massachusetts,Essex,17494,1186,0,42.6687626,-70.94687179,25009.0,2217.141466654162,6.779467245912883,16308,17422,1185,0,16237,17386,790638,72,1,0,71,36
2020-08-04,US,Massachusetts,Franklin,406,60,0,42.58119713,-72.58602547,25011.0,578.5123966942149,14.778325123152712,346,405,60,0,345,405,70963,1,0,0,1,0
2020-08-04,US,Massachusetts,Hampden,7499,699,0,42.13440424,-72.63235561,25013.0,1607.9438731313198,9.321242832377651,6800,7477,699,0,6778,7467,470406,22,0,0,22,10
2020-08-04,US,Massachusetts,Hampshire,1145,127,0,42.33997957,-72.65898478,25015.0,711.9318535099173,11.09170305676856,1018,1139,127,0,1012,1136,161355,6,0,0,6,3
2020-08-04,US,Massachusetts,Middlesex,26027,1989,0,42.48607732,-71.39049229,25017.0,1614.879701482721,7.642064010450686,24038,25932,1988,0,23944,25894,1614714,95,1,0,94,38
2020-08-04,US,Massachusetts,Norfolk,10447,991,0,42.16073095,-71.20530408,25021.0,1478.1224576421066,9.485976835455157,9456,10361,988,0,9373,10343,705388,86,3,0,83,18
2020-08-04,US,Massachusetts,Plymouth,9163,714,0,41.94070556,-70.80802823,25023.0,1758.0515807690686,7.792207792207793,8449,9126,713,0,8413,9115,518132,37,1,0,36,11
2020-08-04,US,Massachusetts,Suffolk,21481,1062,0,42.327951399999996,-71.07850442,25025.0,2672.075252485673,4.943903915087752,20419,21378,1059,0,20319,21355,807252,103,3,0,100,23
2020-08-04,US,Massachusetts,Unassigned,318,6,0,0.0,0.0,90025.0,0.0,1.8867924528301887,312,303,6,0,297,306,,15,0,0,15,-3
2020-08-04,US,Massachusetts,Worcester,13469,993,0,42.35026951,-71.90493363,25027.0,1621.5558942575565,7.3724849654762785,12476,13442,993,0,12449,13415,830839,27,0,0,27,27
2020-08-04,US,Michigan,Alcona,28,1,0,44.6846864,-83.59507875,26001.0,269.1013935607881,3.571428571428572,27,28,1,0,27,28,10362,0,0,0,0,0
2020-08-04,US,Michigan,Alger,8,0,0,46.41292944,-86.60260122,26003.0,87.83487044356609,0.0,8,9,0,0,9,8,9097,-1,0,0,-1,1
2020-08-04,US,Michigan,Allegan,505,7,0,42.59147037,-85.89102866,26005.0,427.6725298735614,1.3861386138613858,498,507,7,0,500,507,117327,-2,0,0,-2,0
2020-08-04,US,Michigan,Alpena,125,13,0,45.03477666,-83.62212411,26007.0,440.06336912515405,10.4,112,125,13,0,112,125,28360,0,0,0,0,0
2020-08-04,US,Michigan,Antrim,39,0,0,44.99690221,-85.15503082,26009.0,167.20974103927284,0.0,39,38,0,0,38,38,23365,1,0,0,1,0
2020-08-04,US,Michigan,Arenac,41,3,0,44.0636262,-83.89277559,26011.0,275.4820936639118,7.317073170731707,38,41,3,0,38,40,15041,0,0,0,0,1
2020-08-04,US,Michigan,Baraga,5,0,0,46.6720582,-88.36363591,26013.0,60.9087586794981,0.0,5,5,0,0,5,5,8320,0,0,0,0,0
2020-08-04,US,Michigan,Barry,167,2,0,42.59513984,-85.30834519,26015.0,271.3241267262389,1.1976047904191616,165,172,2,0,170,171,61157,-5,0,0,-5,1
2020-08-04,US,Michigan,Bay,559,31,0,43.70639106,-83.98731479,26017.0,542.0553497663053,5.545617173524151,528,550,31,0,519,547,103923,9,0,0,9,3
2020-08-04,US,Michigan,Benzie,28,1,0,44.63899297,-86.01608482,26019.0,157.60441292356185,3.571428571428572,27,28,1,0,27,28,17753,0,0,0,0,0
2020-08-04,US,Michigan,Berrien,1299,65,0,41.95447397,-86.41313079999998,26021.0,846.8002164262292,5.003849114703618,1234,1292,65,0,1227,1291,154141,7,0,0,7,1
2020-08-04,US,Michigan,Branch,340,2,0,41.91600556,-85.05929476,26023.0,781.3038582622883,0.5882352941176471,338,330,2,0,328,327,43622,10,0,0,10,3
2020-08-04,US,Michigan,Calhoun,754,41,0,42.24633834,-85.00493569,26025.0,562.0196930507832,5.43766578249337,713,749,42,0,707,747,134487,5,-1,0,6,2
2020-08-04,US,Michigan,Cass,295,11,0,41.91522292,-85.99405727,26027.0,569.6410296020238,3.7288135593220337,284,292,10,0,282,291,51653,3,1,0,2,1
2020-08-04,US,Michigan,Charlevoix,45,2,0,45.37790017,-85.19614053,26029.0,172.13020693875993,4.4444444444444455,43,44,2,0,42,42,26244,1,0,0,1,2
2020-08-04,US,Michigan,Cheboygan,39,2,0,45.44787015,-84.50122149,26031.0,154.2965659123279,5.128205128205129,37,38,2,0,36,38,25413,1,0,0,1,0
2020-08-04,US,Michigan,Chippewa,35,0,0,46.29552653,-84.54353449,26033.0,93.71067498460468,0.0,35,32,0,0,32,32,37517,3,0,0,3,0
2020-08-04,US,Michigan,Clare,64,3,0,43.98794227,-84.84819859999998,26035.0,206.78513731825524,4.6875,61,61,3,0,58,60,30757,3,0,0,3,1
2020-08-04,US,Michigan,Clinton,416,13,0,42.94400871,-84.60145248,26037.0,522.6458948426408,3.125,403,414,13,0,401,413,79332,2,0,0,2,1
2020-08-04,US,Michigan,Crawford,100,5,0,44.68255561,-84.61006219,26039.0,712.8091809822513,5.0,95,97,5,0,92,97,13901,3,0,0,3,0
2020-08-04,US,Michigan,Delta,83,3,0,45.90484910000001,-86.9080745,26041.0,231.94723898949246,3.614457831325301,80,81,3,0,78,80,35857,2,0,0,2,1
2020-08-04,US,Michigan,Dickinson,47,2,0,46.00999672,-87.86961634,26043.0,186.2197392923649,4.25531914893617,45,46,2,0,44,45,25383,1,0,0,1,1
2020-08-04,US,Michigan,Eaton,445,8,0,42.59599185,-84.83740035,26045.0,403.5622302027786,1.7977528089887642,437,456,8,0,448,454,109826,-11,0,0,-11,2
2020-08-04,US,Michigan,Emmet,59,2,0,45.52625509,-84.89083249,26047.0,176.56740984587762,3.3898305084745757,57,58,2,0,56,56,33308,1,0,0,1,2
2020-08-04,US,Michigan,Federal Correctional Institution (FCI),194,5,0,0.0,0.0,0.0,0.0,2.5773195876288657,189,194,5,0,189,194,,0,0,0,0,0
2020-08-04,US,Michigan,Genesee,3558,295,0,43.02244215,-83.70589709,26049.0,876.7585069970653,8.291174817313097,3263,3522,294,0,3228,3497,406892,36,1,0,35,25
2020-08-04,US,Michigan,Gladwin,55,2,0,43.98901072,-84.38774817,26051.0,216.1185115328697,3.636363636363636,53,53,2,0,51,52,25337,2,0,0,2,1
2020-08-04,US,Michigan,Gogebic,106,1,0,46.40862701,-89.69377193,26053.0,758.4973166368518,0.9433962264150944,105,99,1,0,98,96,15096,7,0,0,7,3
2020-08-04,US,Michigan,Grand Traverse,202,5,0,44.69565625,-85.55585247,26055.0,216.99896871777244,2.4752475247524752,197,202,5,0,197,200,92573,0,0,0,0,2
2020-08-04,US,Michigan,Gratiot,146,15,0,43.29265605,-84.60505416,26057.0,358.625432929675,10.273972602739725,131,145,15,0,130,144,40599,1,0,0,1,1
2020-08-04,US,Michigan,Hillsdale,253,25,0,41.88753639,-84.59312019,26059.0,554.7637320469247,9.881422924901186,228,251,25,0,226,251,45749,2,0,0,2,0
2020-08-04,US,Michigan,Houghton,48,0,0,46.89988536,-88.68495385,26061.0,134.5140679296043,0.0,48,48,0,0,48,47,36219,0,0,0,0,1
2020-08-04,US,Michigan,Huron,149,4,0,43.83353985,-83.04078453,26063.0,480.9399309254058,2.684563758389262,145,146,4,0,142,146,31166,3,0,0,3,0
2020-08-04,US,Michigan,Ingham,1500,30,0,42.59716886,-84.37472069,26065.0,512.9853696572574,2.0,1470,1493,34,0,1459,1482,292735,7,-4,0,11,11
2020-08-04,US,Michigan,Ionia,269,5,0,42.94502238,-85.07413319,26067.0,415.78434857875936,1.858736059479554,264,266,5,0,261,265,64210,3,0,0,3,1
2020-08-04,US,Michigan,Iosco,129,12,0,44.35486835,-83.63484895,26069.0,513.3919687985036,9.30232558139535,117,129,12,0,117,129,25081,0,0,0,0,0
2020-08-04,US,Michigan,Iron,17,1,0,46.20974132,-88.53136251,26071.0,153.6237122718236,5.882352941176472,16,17,1,0,16,17,11117,0,0,0,0,0
2020-08-04,US,Michigan,Isabella,202,9,0,43.64060976,-84.84664923,26073.0,289.100068697046,4.455445544554456,193,201,9,0,192,200,70562,1,0,0,1,1
2020-08-04,US,Michigan,Jackson,695,33,0,42.24807035,-84.42258681,26075.0,438.4581414421803,4.748201438848921,662,690,33,0,657,684,158823,5,0,0,5,6
2020-08-04,US,Michigan,Kalamazoo,1568,82,0,42.24542231,-85.53038622,26077.0,591.5507835784297,5.229591836734694,1486,1560,82,0,1478,1546,264870,8,0,0,8,14
2020-08-04,US,Michigan,Kalkaska,48,4,0,44.68512729,-85.09085699,26079.0,266.10488967734784,8.333333333333334,44,48,4,0,44,48,17824,0,0,0,0,0
2020-08-04,US,Michigan,Kent,7294,154,0,43.03197711,-85.54934642,26081.0,1110.2739152605584,2.111324376199616,7140,7233,154,0,7079,7198,653786,61,0,0,61,35
2020-08-04,US,Michigan,Keweenaw,3,0,0,47.63197653,-88.41434263,26083.0,141.77693761814746,0.0,3,3,0,0,3,3,2113,0,0,0,0,0
2020-08-04,US,Michigan,Lake,18,0,0,43.99050893,-85.802173,26085.0,151.86028853454818,0.0,18,18,0,0,18,17,11881,0,0,0,0,1
2020-08-04,US,Michigan,Lapeer,429,32,0,43.09052506,-83.22153148,26087.0,489.6868971657517,7.459207459207459,397,421,32,0,389,415,88028,8,0,0,8,6
2020-08-04,US,Michigan,Leelanau,66,0,0,44.94430054,-85.80150326,26089.0,303.29488534534266,0.0,66,66,0,0,66,64,21764,0,0,0,0,2
2020-08-04,US,Michigan,Lenawee,404,12,0,41.89475156,-84.06603727,26091.0,410.35642096068085,2.9702970297029703,392,402,12,0,390,392,98266,2,0,0,2,10
2020-08-04,US,Michigan,Livingston,795,28,0,42.60302282,-83.91297209,26093.0,414.0732831584156,3.5220125786163523,767,784,28,0,756,778,191224,11,0,0,11,6
2020-08-04,US,Michigan,Luce,3,0,0,46.47227431,-85.54471223,26095.0,48.16182372772515,0.0,3,3,0,0,3,3,6283,0,0,0,0,0
2020-08-04,US,Michigan,Mackinac,23,0,0,46.07028979,-85.04980537,26097.0,212.98268358181312,0.0,23,20,0,0,20,19,10787,3,0,0,3,1
2020-08-04,US,Michigan,Macomb,9834,937,0,42.69158356,-82.92752801,26099.0,1125.2076725570157,9.528167581858858,8897,9722,936,0,8786,9602,874759,112,1,0,111,120
2020-08-04,US,Michigan,Manistee,34,0,0,44.33352407,-86.05626916,26101.0,138.44775633194885,0.0,34,34,0,0,34,34,24528,0,0,0,0,0
2020-08-04,US,Michigan,Marquette,144,11,0,46.4338914,-87.64043701,26103.0,215.89529078396976,7.638888888888888,133,138,11,0,127,136,66516,6,0,0,6,2
2020-08-04,US,Michigan,Mason,98,0,0,43.99509218,-86.24988902,26105.0,336.2613230853692,0.0,98,97,0,0,97,97,29100,1,0,0,1,0
2020-08-04,US,Michigan,Mecosta,59,2,0,43.64064262,-85.32463223,26107.0,135.77888753365704,3.3898305084745757,57,57,2,0,55,56,43545,2,0,0,2,1
2020-08-04,US,Michigan,Menominee,108,0,0,45.58038692,-87.55370409,26109.0,474.10008779631255,0.0,108,100,0,0,100,94,22983,8,0,0,8,6
2020-08-04,US,Michigan,Michigan Department of Corrections (MDOC),4237,69,0,0.0,0.0,0.0,0.0,1.6285107387302336,4168,4147,69,0,4078,4146,,90,0,0,90,1
2020-08-04,US,Michigan,Midland,313,10,0,43.64330771,-84.38804374,26111.0,376.40098128818124,3.194888178913738,303,311,10,0,301,311,83209,2,0,0,2,0
2020-08-04,US,Michigan,Missaukee,40,1,0,44.33772443,-85.09256478,26113.0,264.58526260087314,2.5,39,40,1,0,39,40,15113,0,0,0,0,0
2020-08-04,US,Michigan,Monroe,920,22,0,41.92734151,-83.53749864,26115.0,611.295681063123,2.391304347826087,898,904,22,0,882,885,150439,16,0,0,16,19
2020-08-04,US,Michigan,Montcalm,181,1,0,43.31082541,-85.15252824,26117.0,283.30828950663664,0.5524861878453039,180,181,1,0,180,180,63968,0,0,0,0,1
2020-08-04,US,Michigan,Montmorency,8,0,0,45.0275929,-84.12696227,26119.0,85.76329331046313,0.0,8,8,0,0,8,8,9265,0,0,0,0,0
2020-08-04,US,Michigan,Muskegon,1131,58,0,43.29123859,-86.15176712,26121.0,651.6253183227128,5.128205128205129,1073,1127,58,0,1069,1124,173588,4,0,0,4,3
2020-08-04,US,Michigan,Newaygo,247,0,0,43.554373999999996,-85.80070107,26123.0,504.2874642711311,0.0,247,247,0,0,247,246,48892,0,0,0,0,1
2020-08-04,US,Michigan,Oakland,14950,1126,0,42.66090111,-83.38595416,26125.0,1188.7873891525335,7.5317725752508355,13824,14861,1126,0,13735,14777,1259201,89,0,0,89,84
2020-08-04,US,Michigan,Oceana,466,6,0,43.64124435,-86.26726673,26127.0,1760.6831148222311,1.2875536480686696,460,467,6,0,461,465,26625,-1,0,0,-1,2
2020-08-04,US,Michigan,Ogemaw,53,2,0,44.33481032,-84.12725175,26129.0,252.41701195408868,3.7735849056603774,51,51,2,0,49,51,20952,2,0,0,2,0
2020-08-04,US,Michigan,Ontonagon,7,0,0,46.665226200000006,-89.31390481,26131.0,122.37762237762236,0.0,7,5,0,0,5,4,5795,2,0,0,2,1
2020-08-04,US,Michigan,Osceola,70,0,0,43.98992088,-85.32566756,26133.0,298.38022165387895,0.0,70,70,0,0,70,70,23341,0,0,0,0,0
2020-08-04,US,Michigan,Oscoda,24,1,0,44.68192279,-84.12939244,26135.0,291.2267928649436,4.166666666666667,23,24,1,0,23,24,8276,0,0,0,0,0
2020-08-04,US,Michigan,Otsego,131,10,0,45.02085831,-84.59898295,26137.0,531.0523755472677,7.633587786259542,121,131,10,0,121,131,24665,0,0,0,0,0
2020-08-04,US,Michigan,Ottawa,1749,54,0,42.95996803,-85.9969107,26139.0,599.3215228043724,3.0874785591766725,1695,1746,54,0,1692,1729,290494,3,0,0,3,17
2020-08-04,US,Michigan,Out of MI,116,0,0,0.0,0.0,80026.0,0.0,0.0,116,117,0,0,117,94,,-1,0,0,-1,23
2020-08-04,US,Michigan,Presque Isle,18,1,0,45.34018577,-83.91498656,26141.0,142.94790343074968,5.5555555555555545,17,17,1,0,16,17,12738,1,0,0,1,0
2020-08-04,US,Michigan,Roscommon,48,0,0,44.33473082,-84.61067651,26143.0,199.84179191473416,0.0,48,48,0,0,48,48,23884,0,0,0,0,0
2020-08-04,US,Michigan,Saginaw,1883,129,0,43.33433923,-84.05131209999998,26145.0,988.2491248510803,6.850770047796071,1754,1855,129,0,1726,1845,190800,28,0,0,28,10
2020-08-04,US,Michigan,Sanilac,99,6,0,43.42406072,-82.82055898,26151.0,240.4663589992713,6.0606060606060606,93,97,6,0,91,95,41182,2,0,0,2,2
2020-08-04,US,Michigan,Schoolcraft,12,0,0,46.19235734,-86.19972234,26153.0,148.25796886582654,0.0,12,12,0,0,12,12,8068,0,0,0,0,0
2020-08-04,US,Michigan,Shiawassee,332,28,0,42.95392800000001,-84.14585902,26155.0,487.360911306186,8.433734939759036,304,329,28,0,301,323,68192,3,0,0,3,6
2020-08-04,US,Michigan,St. Clair,783,53,0,42.92655373,-82.67937954,26147.0,492.056709064401,6.7688378033205625,730,778,53,0,725,774,159337,5,0,0,5,4
2020-08-04,US,Michigan,St. Joseph,563,8,0,41.91441767,-85.52797979,26149.0,923.4958336067187,1.4209591474245116,555,561,7,0,554,557,61043,2,1,0,1,4
2020-08-04,US,Michigan,Tuscola,322,29,0,43.46606813,-83.41897025,26157.0,616.326921236482,9.006211180124225,293,310,28,0,282,307,52516,12,1,0,11,3
2020-08-04,US,Michigan,Unassigned,4,0,0,0.0,0.0,90026.0,0.0,0.0,4,4,0,0,4,10,,0,0,0,0,-6
2020-08-04,US,Michigan,Van Buren,418,11,0,42.25190229,-86.01939087,26159.0,552.3474767762992,2.631578947368421,407,414,11,0,403,408,75448,4,0,0,4,6
2020-08-04,US,Michigan,Washtenaw,2442,112,0,42.253105,-83.83853204,26161.0,664.307224409074,4.586404586404586,2330,2414,112,0,2302,2403,370963,28,0,0,28,11
2020-08-04,US,Michigan,Wayne,27564,2809,0,42.28098405,-83.281255,26163.0,1575.6772685516794,10.190828617036717,24755,27377,2805,0,24572,27234,1753893,187,4,0,183,143
2020-08-04,US,Michigan,Wexford,67,4,0,44.33853602,-85.57712739,26165.0,199.2209568552824,5.970149253731344,63,66,4,0,62,64,33466,1,0,0,1,2
2020-08-04,US,Minnesota,Aitkin,27,0,0,46.60962049,-93.41168259999999,27001.0,169.96097192496538,0.0,27,27,0,0,27,28,15902,0,0,0,0,-1
2020-08-04,US,Minnesota,Anoka,3410,113,0,45.27476015,-93.24604565,27003.0,955.393490436259,3.313782991202346,3297,3365,113,0,3252,3327,353813,45,0,0,45,38
2020-08-04,US,Minnesota,Becker,147,1,0,46.93479392,-95.67158144,27005.0,427.04006042471605,0.6802721088435374,146,143,1,0,142,142,34371,4,0,0,4,1
2020-08-04,US,Minnesota,Beltrami,200,0,0,47.97373527,-94.93732139,27007.0,423.83656861914045,0.0,200,193,0,0,193,191,46847,7,0,0,7,2
2020-08-04,US,Minnesota,Benton,310,3,0,45.69804958,-93.99514135,27009.0,758.1501137225171,0.967741935483871,307,306,3,0,303,304,40545,4,0,0,4,2
2020-08-04,US,Minnesota,Big Stone,22,0,0,45.42712824,-96.41403739,27011.0,440.79342817070733,0.0,22,22,0,0,22,22,4989,0,0,0,0,0
2020-08-04,US,Minnesota,Blue Earth,859,5,0,44.03554215,-94.06699781,27013.0,1269.7145728940327,0.5820721769499418,854,852,5,0,847,848,67427,7,0,0,7,4
2020-08-04,US,Minnesota,Brown,85,2,0,44.24205652,-94.72562874,27015.0,339.89123480486245,2.3529411764705883,83,85,2,0,83,83,25111,0,0,0,0,2
2020-08-04,US,Minnesota,Carlton,126,0,0,46.59180601,-92.67601019,27017.0,351.25867692565026,0.0,126,125,0,0,125,124,35837,1,0,0,1,1
2020-08-04,US,Minnesota,Carver,792,2,0,44.82017001,-93.80099179999999,27019.0,753.6469088106273,0.2525252525252525,790,779,2,0,777,769,103551,13,0,0,13,10
2020-08-04,US,Minnesota,Cass,62,2,0,46.95043611,-94.32603968,27021.0,208.20040968467708,3.2258064516129035,60,58,2,0,56,58,29519,4,0,0,4,0
2020-08-04,US,Minnesota,Chippewa,99,1,0,45.02343421,-95.56403693,27023.0,838.9830508474578,1.0101010101010102,98,98,1,0,97,97,11924,1,0,0,1,1
2020-08-04,US,Minnesota,Chisago,182,1,0,45.5021011,-92.90861945,27025.0,321.67411937291223,0.5494505494505495,181,179,1,0,178,176,55922,3,0,0,3,3
2020-08-04,US,Minnesota,Clay,752,40,0,46.89289518,-96.48761922,27027.0,1170.9383077450095,5.319148936170213,712,745,40,0,705,743,63955,7,0,0,7,2
2020-08-04,US,Minnesota,Clearwater,15,0,0,47.57992111,-95.37790562,27029.0,170.10660013608532,0.0,15,15,0,0,15,14,8810,0,0,0,0,1
2020-08-04,US,Minnesota,Cook,2,0,0,47.90504893,-90.52629546,27031.0,36.60992128866923,0.0,2,2,0,0,2,2,5393,0,0,0,0,0
2020-08-04,US,Minnesota,Cottonwood,173,0,0,44.00715262,-95.18138802,27033.0,1545.1947123972848,0.0,173,171,0,0,171,171,11277,2,0,0,2,0
2020-08-04,US,Minnesota,Crow Wing,213,13,0,46.48096553,-94.06755609,27035.0,327.41526400737837,6.103286384976527,200,213,13,0,200,206,64889,0,0,0,0,7
2020-08-04,US,Minnesota,Dakota,4049,103,0,44.67172617,-93.06299363,27037.0,943.7766449660973,2.5438379846875767,3946,3991,103,0,3888,3942,425423,58,0,0,58,49
2020-08-04,US,Minnesota,Dodge,123,0,0,44.02238415,-92.86244324,27039.0,587.5609057036402,0.0,123,123,0,0,123,122,20822,0,0,0,0,1
2020-08-04,US,Minnesota,Douglas,132,0,0,45.93348491,-95.45335469,27041.0,346.084266275137,0.0,132,130,0,0,130,129,37964,2,0,0,2,1
2020-08-04,US,Minnesota,Faribault,84,0,0,43.67381499,-93.94787458,27043.0,615.2493957372006,0.0,84,83,0,0,83,82,13758,1,0,0,1,1
2020-08-04,US,Minnesota,Fillmore,61,0,0,43.67394126,-92.08980382,27045.0,289.5523805003085,0.0,61,61,0,0,61,61,21058,0,0,0,0,0
2020-08-04,US,Minnesota,Freeborn,355,1,0,43.67385583,-93.34884422,27047.0,1172.3523001221888,0.28169014084507044,354,354,1,0,353,354,30444,1,0,0,1,0
2020-08-04,US,Minnesota,Goodhue,177,8,0,44.40849741,-92.72341949999999,27049.0,381.95943029779886,4.519774011299434,169,176,8,0,168,175,46403,1,0,0,1,1
2020-08-04,US,Minnesota,Grant,51,1,0,45.93424769,-96.01139609,27051.0,853.9852645679839,1.96078431372549,50,49,1,0,48,49,6021,2,0,0,2,0
2020-08-04,US,Minnesota,Hennepin,18197,820,0,45.00761521,-93.47694895,27053.0,1437.5400424855216,4.506237291861296,17377,18009,819,0,17190,17789,1259428,188,1,0,187,220
2020-08-04,US,Minnesota,Houston,39,0,0,43.67129565,-91.49143057,27055.0,209.67741935483872,0.0,39,39,0,0,39,40,18578,0,0,0,0,-1
2020-08-04,US,Minnesota,Hubbard,32,0,0,47.10778564,-94.91693868,27057.0,148.89953934205016,0.0,32,28,0,0,28,28,21332,4,0,0,4,0
2020-08-04,US,Minnesota,Isanti,110,0,0,45.56181234,-93.29487636,27059.0,270.9626564193517,0.0,110,110,0,0,110,108,39966,0,0,0,0,2
2020-08-04,US,Minnesota,Itasca,134,12,0,47.51009045,-93.63092229,27061.0,296.9200088632838,8.955223880597012,122,132,12,0,120,129,45108,2,0,0,2,3
2020-08-04,US,Minnesota,Jackson,70,0,0,43.67423373,-95.15398258,27063.0,710.948608572009,0.0,70,70,0,0,70,70,9911,0,0,0,0,0
2020-08-04,US,Minnesota,Kanabec,28,1,0,45.9459309,-93.29275192,27065.0,171.39009610087533,3.571428571428572,27,29,1,0,28,28,16207,-1,0,0,-1,1
2020-08-04,US,Minnesota,Kandiyohi,677,1,0,45.1526059,-95.00586446,27067.0,1567.1659066182085,0.14771048744460855,676,676,1,0,675,670,42855,1,0,0,1,6
2020-08-04,US,Minnesota,Kittson,3,0,0,48.77754106,-96.78317184,27069.0,69.79990693345742,0.0,3,4,0,0,4,4,4248,-1,0,0,-1,0
2020-08-04,US,Minnesota,Koochiching,74,3,0,48.24539665,-93.78352843,27071.0,605.1189794750184,4.0540540540540535,71,74,3,0,71,73,12440,0,0,0,0,1
2020-08-04,US,Minnesota,Lac qui Parle,6,0,0,44.9973857,-96.17488219,27073.0,90.59338668277216,0.0,6,6,0,0,6,6,6658,0,0,0,0,0
2020-08-04,US,Minnesota,Lake,18,0,0,47.64270764,-91.44557998,27075.0,169.1570341133352,0.0,18,18,0,0,18,17,10658,0,0,0,0,1
2020-08-04,US,Minnesota,Lake of the Woods,1,0,0,48.77217001,-94.90274472,27077.0,26.73796791443851,0.0,1,1,0,0,1,1,3758,0,0,0,0,0
2020-08-04,US,Minnesota,Le Sueur,202,1,0,44.37136597,-93.72844721,27079.0,699.2764911551909,0.4950495049504951,201,201,1,0,200,199,28494,1,0,0,1,2
2020-08-04,US,Minnesota,Lincoln,54,0,0,44.41311883,-96.26688165,27081.0,957.6165986877106,0.0,54,54,0,0,54,54,5673,0,0,0,0,0
2020-08-04,US,Minnesota,Lyon,416,3,0,44.41327865,-95.83806103,27083.0,1633.0376069718145,0.7211538461538461,413,416,3,0,413,415,25629,0,0,0,0,1
2020-08-04,US,Minnesota,Mahnomen,24,1,0,47.32557075,-95.80921485,27087.0,434.23195223448516,4.166666666666667,23,23,1,0,22,23,5519,1,0,0,1,0
2020-08-04,US,Minnesota,Marshall,29,0,0,48.35825983,-96.37017407,27089.0,310.62553556126824,0.0,29,28,0,0,28,28,9390,1,0,0,1,0
2020-08-04,US,Minnesota,Martin,204,5,0,43.67429718,-94.55099908,27091.0,1036.4273738759337,2.4509803921568634,199,204,5,0,199,203,19785,0,0,0,0,1
2020-08-04,US,Minnesota,McLeod,140,0,0,44.82367677,-94.27287017,27085.0,390.04819881313904,0.0,140,138,0,0,138,135,35873,2,0,0,2,3
2020-08-04,US,Minnesota,Meeker,83,2,0,45.12328869,-94.52839455,27093.0,357.4196882266816,2.409638554216868,81,83,2,0,81,83,23141,0,0,0,0,0
2020-08-04,US,Minnesota,Mille Lacs,68,3,0,45.93705297,-93.63236823,27095.0,258.7814438482323,4.411764705882354,65,65,3,0,62,64,26139,3,0,0,3,1
2020-08-04,US,Minnesota,Morrison,82,1,0,46.01265363,-94.27341528,27097.0,245.61193314563,1.2195121951219512,81,83,1,0,82,83,33169,-1,0,0,-1,0
2020-08-04,US,Minnesota,Mower,1084,2,0,43.67142874,-92.75234549,27099.0,2705.8060006989167,0.18450184501845016,1082,1081,2,0,1079,1078,40011,3,0,0,3,3
2020-08-04,US,Minnesota,Murray,122,1,0,44.02216709,-95.76328482,27101.0,1488.8943129118868,0.819672131147541,121,122,1,0,121,122,8276,0,0,0,0,0
2020-08-04,US,Minnesota,Nicollet,320,13,0,44.35291112,-94.24710352,27103.0,933.6523312131644,4.0625,307,312,13,0,299,307,34220,8,0,0,8,5
2020-08-04,US,Minnesota,Nobles,1749,6,0,43.67434621,-95.75329576,27105.0,8086.365527763651,0.3430531732418525,1743,1746,6,0,1740,1745,21924,3,0,0,3,1
2020-08-04,US,Minnesota,Norman,37,0,0,47.32628443,-96.45620947,27107.0,580.3921568627451,0.0,37,34,0,0,34,34,6475,3,0,0,3,0
2020-08-04,US,Minnesota,Olmsted,1635,23,0,44.00374114,-92.40209944,27109.0,1032.8946952802712,1.4067278287461773,1612,1629,23,0,1606,1620,156277,6,0,0,6,9
2020-08-04,US,Minnesota,Otter Tail,179,3,0,46.40846929,-95.70835255,27111.0,304.70159670445645,1.675977653631285,176,176,3,0,173,175,58812,3,0,0,3,1
2020-08-04,US,Minnesota,Pennington,73,1,0,48.06642577,-96.0370814,27113.0,517.0337842623417,1.3698630136986298,72,72,1,0,71,70,14178,1,0,0,1,2
2020-08-04,US,Minnesota,Pine,128,0,0,46.12105238,-92.74070188,27115.0,432.7394435241218,0.0,128,127,0,0,127,126,29483,1,0,0,1,1
2020-08-04,US,Minnesota,Pipestone,143,9,0,44.02301619,-96.25841142,27117.0,1566.951566951567,6.293706293706293,134,143,9,0,134,143,9047,0,0,0,0,0
2020-08-04,US,Minnesota,Polk,135,3,0,47.77372465,-96.40134647,27119.0,430.4297921183522,2.2222222222222223,132,131,3,0,128,129,31529,4,0,0,4,2
2020-08-04,US,Minnesota,Pope,45,0,0,45.58606667,-95.44451209,27121.0,400.03555871633034,0.0,45,43,0,0,43,39,11097,2,0,0,2,4
2020-08-04,US,Minnesota,Ramsey,7047,261,0,45.01625271,-93.09872295,27123.0,1280.52536610451,3.703703703703704,6786,6944,261,0,6683,6861,550210,103,0,0,103,83
2020-08-04,US,Minnesota,Red Lake,20,0,0,47.87197525,-96.09561104,27125.0,493.2182490752159,0.0,20,20,0,0,20,19,3999,0,0,0,0,1
2020-08-04,US,Minnesota,Redwood,32,0,0,44.40555844,-95.25207021,27127.0,210.94264996704013,0.0,32,30,0,0,30,30,15249,2,0,0,2,0
2020-08-04,US,Minnesota,Renville,60,5,0,44.72836381,-94.94553734,27129.0,412.4278251306022,8.333333333333334,55,59,5,0,54,58,14612,1,0,0,1,1
2020-08-04,US,Minnesota,Rice,1002,8,0,44.3543376,-93.29658715,27131.0,1496.1476437914353,0.7984031936127745,994,999,8,0,991,989,66523,3,0,0,3,10
2020-08-04,US,Minnesota,Rock,75,0,0,43.67482683,-96.25296832,27133.0,805.1529790660228,0.0,75,74,0,0,74,73,9414,1,0,0,1,1
2020-08-04,US,Minnesota,Roseau,46,0,0,48.77501878,-95.81079919,27135.0,303.33003626772165,0.0,46,46,0,0,46,45,15150,0,0,0,0,1
2020-08-04,US,Minnesota,Scott,1410,17,0,44.6490231,-93.53340251,27139.0,946.2261681866682,1.2056737588652482,1393,1390,14,0,1376,1362,147381,20,3,0,17,28
2020-08-04,US,Minnesota,Sherburne,657,7,0,45.44447208,-93.77617511,27141.0,675.6617783171188,1.06544901065449,650,649,7,0,642,638,96036,8,0,0,8,11
2020-08-04,US,Minnesota,Sibley,80,2,0,44.5796592,-94.23164924,27143.0,538.1769256643122,2.5,78,79,2,0,77,78,15028,1,0,0,1,1
2020-08-04,US,Minnesota,St. Louis,453,19,0,47.604840700000004,-92.46879855,27137.0,227.5581453759984,4.194260485651214,434,436,19,0,417,427,199754,17,0,0,17,9
2020-08-04,US,Minnesota,Stearns,2842,20,0,45.55192576,-94.61078221,27145.0,1764.3954679497128,0.7037297677691766,2822,2831,20,0,2811,2817,159256,11,0,0,11,14
2020-08-04,US,Minnesota,Steele,333,1,0,44.02240351,-93.22627088,27147.0,908.6196076291304,0.3003003003003003,332,330,1,0,329,327,36803,3,0,0,3,3
2020-08-04,US,Minnesota,Stevens,16,0,0,45.58613007,-96.00163705,27149.0,163.1820499745028,0.0,16,15,0,0,15,15,9753,1,0,0,1,0
2020-08-04,US,Minnesota,Swift,52,1,0,45.2829032,-95.68264092,27151.0,561.1914526224908,1.9230769230769231,51,52,1,0,51,52,9345,0,0,0,0,0
2020-08-04,US,Minnesota,Todd,420,2,0,46.06996226,-94.89785296,27153.0,1702.8867985728186,0.4761904761904762,418,420,2,0,418,418,24582,0,0,0,0,2
2020-08-04,US,Minnesota,Traverse,10,0,0,45.77298854,-96.47062949,27155.0,306.84258975145747,0.0,10,10,0,0,10,10,3308,0,0,0,0,0
2020-08-04,US,Minnesota,Unassigned,140,40,0,0.0,0.0,90027.0,0.0,28.57142857142857,100,140,40,0,100,135,,0,0,0,0,5
2020-08-04,US,Minnesota,Wabasha,82,0,0,44.28424356,-92.23121312,27157.0,379.1556850233504,0.0,82,81,0,0,81,78,21645,1,0,0,1,3
2020-08-04,US,Minnesota,Wadena,23,0,0,46.58589171,-94.96968506,27159.0,168.10407835111826,0.0,23,23,0,0,23,23,13773,0,0,0,0,0
2020-08-04,US,Minnesota,Waseca,130,0,0,44.02211116,-93.58720034,27161.0,698.4741027294217,0.0,130,128,0,0,128,128,18691,2,0,0,2,0
2020-08-04,US,Minnesota,Washington,1938,43,0,45.03864533,-92.88429635,27163.0,738.4545038866028,2.2187822497420018,1895,1917,43,0,1874,1886,259201,21,0,0,21,31
2020-08-04,US,Minnesota,Watonwan,299,0,0,43.97823903,-94.61413846,27165.0,2743.874460860787,0.0,299,298,0,0,298,298,10980,1,0,0,1,0
2020-08-04,US,Minnesota,Wilkin,28,3,0,46.35721532,-96.4684375,27167.0,451.1035927178991,10.714285714285714,25,28,3,0,25,28,6254,0,0,0,0,0
2020-08-04,US,Minnesota,Winona,249,16,0,43.98772283,-91.78081305,27169.0,493.225576420252,6.42570281124498,233,247,16,0,231,245,50825,2,0,0,2,2
2020-08-04,US,Minnesota,Wright,820,5,0,45.17297924,-93.96234781,27171.0,592.5840276924632,0.6097560975609756,815,813,5,0,808,801,136349,7,0,0,7,12
2020-08-04,US,Minnesota,Yellow Medicine,49,0,0,44.71710183,-95.86842453,27173.0,504.6863734679165,0.0,49,49,0,0,49,49,9795,0,0,0,0,0
2020-08-04,US,Mississippi,Adams,587,25,0,31.47669768,-91.35326037,28001.0,1912.4881894894602,4.258943781942079,562,584,25,0,559,580,31192,3,0,0,3,4
2020-08-04,US,Mississippi,Alcorn,363,4,0,34.88084463,-88.57996173,28003.0,982.3289042838196,1.1019283746556474,359,357,4,0,353,354,36925,6,0,0,6,3
2020-08-04,US,Mississippi,Amite,211,6,0,31.17467303,-90.80501621,28005.0,1715.8656582906399,2.8436018957345968,205,210,5,0,205,210,12326,1,1,0,0,0
2020-08-04,US,Mississippi,Attala,502,24,0,33.08658803,-89.57838564,28007.0,2762.1877407285133,4.7808764940239055,478,498,24,0,474,495,18365,4,0,0,4,3
2020-08-04,US,Mississippi,Benton,130,0,0,34.81681228,-89.18945516,28009.0,1574.0404407313233,0.0,130,125,0,0,125,124,8271,5,0,0,5,1
2020-08-04,US,Mississippi,Bolivar,987,32,0,33.79696941,-90.87372121,28011.0,3222.541465325846,3.2421479229989867,955,948,32,0,916,939,31333,39,0,0,39,9
2020-08-04,US,Mississippi,Calhoun,381,9,0,33.93683395,-89.33686647,28013.0,2653.0185920200547,2.3622047244094486,372,378,8,0,370,374,14436,3,1,0,2,4
2020-08-04,US,Mississippi,Carroll,248,11,0,33.44834567,-89.91994479,28015.0,2493.2140343822257,4.435483870967742,237,245,11,0,234,245,9911,3,0,0,3,0
2020-08-04,US,Mississippi,Chickasaw,443,19,0,33.91983202,-88.9481545,28017.0,2590.1888557563,4.288939051918736,424,438,19,0,419,435,17171,5,0,0,5,3
2020-08-04,US,Mississippi,Choctaw,129,4,0,33.34598242,-89.24809382,28019.0,1571.2545676004875,3.1007751937984502,125,127,4,0,123,126,8278,2,0,0,2,1
2020-08-04,US,Mississippi,Claiborne,401,13,0,31.97061673,-90.90702196,28021.0,4461.504227859368,3.2418952618453867,388,400,13,0,387,400,9002,1,0,0,1,0
2020-08-04,US,Mississippi,Clarke,310,25,0,32.04158545,-88.68896219999998,28023.0,1994.723634257769,8.064516129032258,285,300,25,0,275,298,15604,10,0,0,10,2
2020-08-04,US,Mississippi,Clay,374,13,0,33.65358105,-88.77784255,28025.0,1936.2186788154893,3.475935828877005,361,370,13,0,357,368,19386,4,0,0,4,2
2020-08-04,US,Mississippi,Coahoma,677,10,0,34.22772299,-90.60415045,28027.0,3060.025311878502,1.4771048744460855,667,663,10,0,653,659,22628,14,0,0,14,4
2020-08-04,US,Mississippi,Copiah,924,26,0,31.86977774,-90.44565118,28029.0,3292.357028327098,2.813852813852814,898,917,24,0,893,909,28543,7,2,0,5,8
2020-08-04,US,Mississippi,Covington,601,12,0,31.63225413,-89.55389939,28031.0,3224.940974458037,1.9966722129783692,589,588,11,0,577,578,18853,13,1,0,12,10
2020-08-04,US,Mississippi,DeSoto,3387,27,0,34.87625235,-89.99091418,28033.0,1831.3552677823136,0.7971656333038086,3360,3326,27,0,3299,3280,182001,61,0,0,61,46
2020-08-04,US,Mississippi,Forrest,1653,53,0,31.18961454,-89.25832496,28035.0,2207.0309892252026,3.2062915910465817,1600,1640,53,0,1587,1631,75036,13,0,0,13,9
2020-08-04,US,Mississippi,Franklin,117,2,0,31.47786634,-90.89672989,28037.0,1516.9194865810969,1.709401709401709,115,116,2,0,114,114,7788,1,0,0,1,2
2020-08-04,US,Mississippi,George,549,5,0,30.86259065,-88.64436789,28039.0,2240.816326530612,0.9107468123861566,544,547,5,0,542,541,24250,2,0,0,2,6
2020-08-04,US,Mississippi,Greene,232,11,0,31.21444233,-88.63922281,28041.0,1707.6402178713379,4.741379310344827,221,226,11,0,215,226,13586,6,0,0,6,0
2020-08-04,US,Mississippi,Grenada,816,21,0,33.77036166,-89.80245083,28043.0,3931.0145486077668,2.573529411764706,795,813,20,0,793,812,21055,3,1,0,2,1
2020-08-04,US,Mississippi,Hancock,344,14,0,30.41830223,-89.48851033,28045.0,722.2035606315081,4.069767441860465,330,336,14,0,322,326,47334,8,0,0,8,10
2020-08-04,US,Mississippi,Harrison,2228,33,0,30.51359752,-89.12467576,28047.0,1070.7420222991157,1.481149012567325,2195,2152,32,0,2120,2098,206650,76,1,0,75,54
2020-08-04,US,Mississippi,Hinds,5329,110,0,32.2656285,-90.44435448,28049.0,2298.567977915804,2.0641771439294425,5219,5269,106,0,5163,5209,237085,60,4,0,56,60
2020-08-04,US,Mississippi,Holmes,851,48,0,33.12345854,-90.08923538,28051.0,5002.939447383892,5.640423031727378,803,847,47,0,800,843,17622,4,1,0,3,4
2020-08-04,US,Mississippi,Humphreys,274,11,0,33.12825718,-90.52252707,28053.0,3397.81746031746,4.014598540145985,263,271,11,0,260,269,8257,3,0,0,3,2
2020-08-04,US,Mississippi,Issaquena,21,1,0,32.72531359,-90.97392828,28055.0,1582.5169555388093,4.761904761904762,20,21,1,0,20,21,1308,0,0,0,0,0
2020-08-04,US,Mississippi,Itawamba,317,10,0,34.27993475,-88.3606733,28057.0,1355.2800342026508,3.154574132492113,307,307,10,0,297,307,23517,10,0,0,10,0
2020-08-04,US,Mississippi,Jackson,2063,38,0,30.54020656,-88.64184064,28059.0,1436.45947206807,1.8419777023751815,2025,1994,34,0,1960,1929,143277,69,4,0,65,65
2020-08-04,US,Mississippi,Jasper,385,9,0,32.01922104,-89.11786866,28061.0,2349.996948055912,2.3376623376623376,376,376,8,0,368,375,16428,9,1,0,8,1
2020-08-04,US,Mississippi,Jefferson,193,6,0,31.73397872,-91.03764977,28063.0,2761.087267525036,3.1088082901554404,187,193,6,0,187,191,7106,0,0,0,0,2
2020-08-04,US,Mississippi,Jefferson Davis,214,6,0,31.56884708,-89.82670990000004,28065.0,1923.0769230769226,2.803738317757009,208,202,6,0,196,198,11234,12,0,0,12,4
2020-08-04,US,Mississippi,Jones,1804,57,0,31.62257767,-89.16896899999998,28067.0,2649.123322270845,3.1596452328159645,1747,1774,57,0,1717,1765,68461,30,0,0,30,9
2020-08-04,US,Mississippi,Kemper,227,15,0,32.75462946,-88.64105766,28069.0,2330.117019092589,6.607929515418503,212,223,15,0,208,223,10027,4,0,0,4,0
2020-08-04,US,Mississippi,Lafayette,885,12,0,34.35687874,-89.48490961,28071.0,1638.312445620985,1.3559322033898304,873,881,11,0,870,869,54793,4,1,0,3,12
2020-08-04,US,Mississippi,Lamar,1146,13,0,31.20572971,-89.5077704,28073.0,1809.1975435328293,1.1343804537521816,1133,1121,12,0,1109,1115,62447,25,1,0,24,6
2020-08-04,US,Mississippi,Lauderdale,1354,88,0,32.40419769,-88.66229662,28075.0,1826.644182124789,6.499261447562777,1266,1329,88,0,1241,1323,75317,25,0,0,25,6
2020-08-04,US,Mississippi,Lawrence,315,5,0,31.55147224,-90.10841127,28077.0,2502.780867630701,1.5873015873015872,310,313,5,0,308,313,12455,2,0,0,2,0
2020-08-04,US,Mississippi,Leake,771,25,0,32.7536828,-89.52402044,28079.0,3383.656631264812,3.2425421530479897,746,768,25,0,743,767,22763,3,0,0,3,1
2020-08-04,US,Mississippi,Lee,1274,30,0,34.291877500000005,-88.68149954,28081.0,1491.1746804625684,2.3547880690737832,1244,1239,30,0,1209,1232,85202,35,0,0,35,7
2020-08-04,US,Mississippi,Leflore,866,60,0,33.55545125,-90.29900733,28083.0,3072.7743675265233,6.928406466512703,806,840,59,0,781,832,28919,26,1,0,25,8
2020-08-04,US,Mississippi,Lincoln,756,41,0,31.53288662,-90.45391915,28085.0,2213.568354170937,5.423280423280422,715,745,40,0,705,743,34205,11,1,0,10,2
2020-08-04,US,Mississippi,Lowndes,999,32,0,33.47386518,-88.44191529999998,28087.0,1704.9236282959296,3.2032032032032034,967,989,32,0,957,973,58930,10,0,0,10,16
2020-08-04,US,Mississippi,Madison,2324,60,0,32.63389156,-90.03513564,28089.0,2186.841312857573,2.5817555938037864,2264,2297,56,0,2241,2281,105630,27,4,0,23,16
2020-08-04,US,Mississippi,Marion,625,19,0,31.23132643,-89.8209217,28091.0,2543.4419891751113,3.04,606,601,18,0,583,599,24715,24,1,0,23,2
2020-08-04,US,Mississippi,Marshall,585,8,0,34.76216286,-89.50299462,28093.0,1657.5055250184164,1.3675213675213675,577,571,8,0,563,566,35451,14,0,0,14,5
2020-08-04,US,Mississippi,Monroe,716,50,0,33.89236763,-88.4808438,28095.0,2031.0904345852719,6.983240223463688,666,702,50,0,652,697,35564,14,0,0,14,5
2020-08-04,US,Mississippi,Montgomery,297,3,0,33.49419589,-89.61729103,28097.0,3038.363171355499,1.0101010101010102,294,293,3,0,290,291,10023,4,0,0,4,2
2020-08-04,US,Mississippi,Neshoba,1232,88,0,32.75339664,-89.11726492,28099.0,4231.059825537468,7.142857142857142,1144,1197,88,0,1109,1194,29125,35,0,0,35,3
2020-08-04,US,Mississippi,Newton,526,11,0,32.40021118,-89.11843336,28101.0,2502.6168046436387,2.091254752851711,515,516,11,0,505,516,21443,10,0,0,10,0
2020-08-04,US,Mississippi,Noxubee,426,11,0,33.11009499,-88.56949061,28103.0,4089.469136987616,2.582159624413145,415,419,10,0,409,417,10535,7,1,0,6,2
2020-08-04,US,Mississippi,Oktibbeha,1060,36,0,33.42491685,-88.87905132,28105.0,2137.6570472099547,3.39622641509434,1024,1054,35,0,1019,1052,49599,6,1,0,5,2
2020-08-04,US,Mississippi,Panola,936,11,0,34.36398677,-89.95064249,28107.0,2737.482452035564,1.1752136752136753,925,912,11,0,901,907,34178,24,0,0,24,5
2020-08-04,US,Mississippi,Pearl River,496,37,0,30.77090935,-89.58677275,28109.0,893.1304582695598,7.459677419354839,459,485,36,0,449,482,55387,11,1,0,10,3
2020-08-04,US,Mississippi,Perry,226,7,0,31.17161885,-88.99281835,28111.0,1887.5803892090537,3.0973451327433628,219,222,7,0,215,221,11931,4,0,0,4,1
2020-08-04,US,Mississippi,Pike,846,32,0,31.17507789,-90.40392572,28113.0,2153.329260843005,3.7825059101654848,814,832,32,0,800,826,39563,14,0,0,14,6
2020-08-04,US,Mississippi,Pontotoc,752,7,0,34.226046000000004,-89.03636807,28115.0,2337.2909802946483,0.9308510638297872,745,737,7,0,730,724,31833,15,0,0,15,13
2020-08-04,US,Mississippi,Prentiss,351,6,0,34.61810501,-88.51986294,28117.0,1396.95932500199,1.709401709401709,345,342,6,0,336,337,25315,9,0,0,9,5
2020-08-04,US,Mississippi,Quitman,233,1,0,34.25157572,-90.28908,28119.0,3430.5064782096583,0.4291845493562232,232,225,1,0,224,221,7051,8,0,0,8,4
2020-08-04,US,Mississippi,Rankin,2168,30,0,32.26469147,-89.94537876,28121.0,1396.268459660851,1.3837638376383763,2138,2146,28,0,2118,2124,153902,22,2,0,20,22
2020-08-04,US,Mississippi,Scott,962,19,0,32.406704100000006,-89.53789439,28123.0,3420.5660645711855,1.975051975051975,943,955,17,0,938,953,28287,7,2,0,5,2
2020-08-04,US,Mississippi,Sharkey,183,1,0,32.88149103,-90.8159538,28125.0,4235.130756769267,0.5464480874316939,182,180,1,0,179,180,4377,3,0,0,3,0
2020-08-04,US,Mississippi,Simpson,723,28,0,31.91282117,-89.91716179,28127.0,2712.131442718884,3.8727524204702632,695,712,27,0,685,711,26758,11,1,0,10,1
2020-08-04,US,Mississippi,Smith,385,13,0,32.01744532,-89.50644846,28129.0,2418.9494847951746,3.3766233766233764,372,380,13,0,367,377,16002,5,0,0,5,3
2020-08-04,US,Mississippi,Stone,159,3,0,30.79187949,-89.11547539,28131.0,867.1465968586388,1.8867924528301887,156,152,3,0,149,148,18717,7,0,0,7,4
2020-08-04,US,Mississippi,Sunflower,926,23,0,33.60192578,-90.58882684,28133.0,3687.7737953006767,2.4838012958963285,903,908,22,0,886,906,25735,18,1,0,17,2
2020-08-04,US,Mississippi,Tallahatchie,496,10,0,33.95339918,-90.1729398,28135.0,3591.8603809109995,2.0161290322580645,486,493,10,0,483,493,13987,3,0,0,3,0
2020-08-04,US,Mississippi,Tate,665,24,0,34.65133709,-89.94485778,28137.0,2348.080929345715,3.609022556390977,641,650,23,0,627,645,28759,15,1,0,14,5
2020-08-04,US,Mississippi,Tippah,316,12,0,34.76872156,-88.90988194,28139.0,1435.3849647967295,3.79746835443038,304,312,12,0,300,304,21995,4,0,0,4,8
2020-08-04,US,Mississippi,Tishomingo,339,4,0,34.74023475,-88.23917219,28141.0,1748.9552700820307,1.1799410029498525,335,320,4,0,316,316,19454,19,0,0,19,4
2020-08-04,US,Mississippi,Tunica,292,6,0,34.64967704,-90.37481167,28143.0,3031.5614617940196,2.054794520547945,286,278,6,0,272,265,9944,14,0,0,14,13
2020-08-04,US,Mississippi,Union,538,14,0,34.49162015,-89.00776006,28145.0,1867.0831164324136,2.6022304832713754,524,531,13,0,518,519,28606,7,1,0,6,12
2020-08-04,US,Mississippi,Walthall,463,18,0,31.14971548,-90.10446654,28147.0,3240.9351812963732,3.887688984881209,445,453,18,0,435,442,14465,10,0,0,10,11
2020-08-04,US,Mississippi,Warren,976,30,0,32.35810271,-90.83352619,28149.0,2150.6797999162645,3.0737704918032787,946,964,27,0,937,964,46176,12,3,0,9,0
2020-08-04,US,Mississippi,Washington,1524,33,0,33.28392041,-90.94196237,28151.0,3470.814639367783,2.1653543307086616,1491,1492,32,0,1460,1480,45063,32,1,0,31,12
2020-08-04,US,Mississippi,Wayne,736,21,0,31.64135687,-88.69573913,28153.0,3646.633305256899,2.8532608695652173,715,733,21,0,712,732,20298,3,0,0,3,1
2020-08-04,US,Mississippi,Webster,201,12,0,33.61300486,-89.28392912,28155.0,2074.5174940654347,5.970149253731344,189,199,12,0,187,197,9788,2,0,0,2,2
2020-08-04,US,Mississippi,Wilkinson,188,13,0,31.16078225,-91.31018819,28157.0,2178.447276940904,6.914893617021277,175,187,12,0,175,187,8792,1,1,0,0,0
2020-08-04,US,Mississippi,Winston,584,15,0,33.08747908,-89.03391385,28159.0,3252.5758841548313,2.568493150684932,569,571,15,0,556,571,18165,13,0,0,13,0
2020-08-04,US,Mississippi,Yalobusha,313,10,0,34.02824175,-89.70762049999998,28161.0,2585.067723818963,3.194888178913738,303,312,10,0,302,316,12392,1,0,0,1,-4
2020-08-04,US,Mississippi,Yazoo,793,11,0,32.77890365,-90.39656148,28163.0,2670.932974065342,1.3871374527112232,782,786,11,0,775,773,28248,7,0,0,7,13
2020-08-04,US,Missouri,Adair,137,0,0,40.19058551,-92.60078167,29001.0,540.5831985163557,0.0,137,134,0,0,134,134,25339,3,0,0,3,0
2020-08-04,US,Missouri,Andrew,85,1,0,39.98492163,-94.80163024,29003.0,479.9006323396569,1.1764705882352942,84,84,1,0,83,84,17607,1,0,0,1,0
2020-08-04,US,Missouri,Atchison,12,0,0,40.43238737,-95.42970639,29005.0,233.326852031888,0.0,12,12,0,0,12,12,5171,0,0,0,0,0
2020-08-04,US,Missouri,Audrain,194,1,0,39.215877,-91.84242683,29007.0,764.1405388372459,0.5154639175257731,193,194,1,0,193,193,25473,0,0,0,0,1
2020-08-04,US,Missouri,Barry,233,2,0,36.70978521,-93.82919888,29009.0,651.0380284444941,0.8583690987124464,231,230,0,0,230,228,35886,3,2,0,1,2
2020-08-04,US,Missouri,Barton,66,0,0,37.50207671,-94.34757022,29011.0,561.5109749872383,0.0,66,65,0,0,65,65,11798,1,0,0,1,0
2020-08-04,US,Missouri,Bates,40,1,0,38.25271289,-94.34113157,29013.0,247.3410833539451,2.5,39,40,1,0,39,39,16320,0,0,0,0,1
2020-08-04,US,Missouri,Benton,75,1,0,38.29503305,-93.28756116,29015.0,385.7429409041815,1.3333333333333333,74,75,1,0,74,71,19278,0,0,0,0,4
2020-08-04,US,Missouri,Bollinger,58,0,0,37.32449052,-90.02725304,29017.0,478.0351108546938,0.0,58,56,0,0,56,56,12169,2,0,0,2,0
2020-08-04,US,Missouri,Boone,1259,3,0,38.99186229,-92.30723575,29019.0,697.6499337814398,0.23828435266084194,1256,1236,3,0,1233,1218,180005,23,0,0,23,18
2020-08-04,US,Missouri,Buchanan,1063,10,0,39.65816401,-94.80138942,29021.0,1216.7483173847352,0.940733772342427,1053,1062,10,0,1052,1056,88571,1,0,0,1,6
2020-08-04,US,Missouri,Butler,249,2,0,36.71462476,-90.40421163,29023.0,586.185790291445,0.8032128514056225,247,247,2,0,245,239,42639,2,0,0,2,8
2020-08-04,US,Missouri,Caldwell,34,1,0,39.65620858,-93.98308093,29025.0,376.940133037694,2.9411764705882355,33,35,1,0,34,30,9108,-1,0,0,-1,5
2020-08-04,US,Missouri,Callaway,131,1,0,38.83674754,-91.92186505,29027.0,292.78322866146664,0.7633587786259542,130,130,1,0,129,125,44889,1,0,0,1,5
2020-08-04,US,Missouri,Camden,317,5,0,38.02199522,-92.76083747,29029.0,684.5912968361947,1.5772870662460567,312,309,4,0,305,300,45815,8,1,0,7,9
2020-08-04,US,Missouri,Cape Girardeau,613,4,0,37.38489388,-89.6843587,29031.0,777.218496025155,0.6525285481239804,609,607,3,0,604,597,78753,6,1,0,5,10
2020-08-04,US,Missouri,Carroll,99,0,0,39.42762566,-93.50626255,29033.0,1140.6844106463875,0.0,99,99,0,0,99,98,8743,0,0,0,0,1
2020-08-04,US,Missouri,Carter,21,1,0,36.94160441,-90.96051322,29035.0,351.0531594784353,4.761904761904762,20,19,1,0,18,20,6054,2,0,0,2,-1
2020-08-04,US,Missouri,Cass,673,9,0,38.64789422,-94.353399,29037.0,636.2261297031575,1.337295690936107,664,654,9,0,645,636,104954,19,0,0,19,18
2020-08-04,US,Missouri,Cedar,35,0,0,37.72391475,-93.85445441,29039.0,243.91943689455712,0.0,35,34,0,0,34,34,14165,1,0,0,1,0
2020-08-04,US,Missouri,Chariton,17,0,0,39.51499357,-92.9629191,29041.0,228.92539725289524,0.0,17,16,0,0,16,14,7451,1,0,0,1,2
2020-08-04,US,Missouri,Christian,300,1,0,36.9711783,-93.18537118,29043.0,338.6195609233027,0.3333333333333333,299,286,1,0,285,281,86983,14,0,0,14,5
2020-08-04,US,Missouri,Clark,14,0,0,40.41040752,-91.73661677,29045.0,205.97322348094747,0.0,14,14,0,0,14,14,6842,0,0,0,0,0
2020-08-04,US,Missouri,Clay,944,20,0,39.31132056,-94.41850862,29047.0,377.67855713988513,2.1186440677966103,924,914,20,0,894,900,246365,30,0,0,30,14
2020-08-04,US,Missouri,Clinton,65,0,0,39.6013098,-94.40465394,29049.0,318.8306273605729,0.0,65,65,0,0,65,61,20470,0,0,0,0,4
2020-08-04,US,Missouri,Cole,338,3,0,38.50455671,-92.27860244,29051.0,440.4195713075769,0.8875739644970414,335,325,2,0,323,315,76796,13,1,0,12,10
2020-08-04,US,Missouri,Cooper,103,0,0,38.844478,-92.80896081,29053.0,581.6251623468293,0.0,103,98,0,0,98,94,17603,5,0,0,5,4
2020-08-04,US,Missouri,Crawford,58,0,0,37.97663738,-91.30528104,29055.0,242.47491638795987,0.0,58,57,0,0,57,56,23957,1,0,0,1,1
2020-08-04,US,Missouri,Dade,21,0,0,37.431814,-93.8503345,29057.0,277.74103954503374,0.0,21,21,0,0,21,15,7569,0,0,0,0,6
2020-08-04,US,Missouri,Dallas,52,1,0,37.6811355,-93.02127031,29059.0,308.0933759924162,1.9230769230769231,51,50,1,0,49,49,16762,2,0,0,2,1
2020-08-04,US,Missouri,Daviess,17,0,0,39.96145298,-93.98519678,29061.0,205.36361439961343,0.0,17,17,0,0,17,17,8313,0,0,0,0,0
2020-08-04,US,Missouri,DeKalb,35,1,0,39.89201062,-94.40476508,29063.0,278.95114369968917,2.8571428571428568,34,32,1,0,31,32,12630,3,0,0,3,0
2020-08-04,US,Missouri,Dent,9,0,0,37.60663134,-91.50790473,29065.0,57.792332883837396,0.0,9,9,0,0,9,9,15441,0,0,0,0,0
2020-08-04,US,Missouri,Douglas,83,2,0,36.9325593,-92.49905109,29067.0,629.5032233598788,2.409638554216868,81,81,2,0,79,73,13373,2,0,0,2,8
2020-08-04,US,Missouri,Dunklin,267,4,0,36.27167174,-90.09122243,29069.0,916.5493803851567,1.49812734082397,263,255,4,0,251,247,29423,12,0,0,12,8
2020-08-04,US,Missouri,Franklin,554,18,0,38.41127108,-91.07522826,29071.0,532.8613887098792,3.249097472924188,536,542,18,0,524,519,103670,12,0,0,12,23
2020-08-04,US,Missouri,Gasconade,21,0,0,38.43947277,-91.50847147,29073.0,142.7988576091391,0.0,21,20,0,0,20,20,14705,1,0,0,1,0
2020-08-04,US,Missouri,Gentry,82,9,0,40.21097916,-94.40944419,29075.0,1247.9074722264495,10.975609756097562,73,82,9,0,73,79,6628,0,0,0,0,3
2020-08-04,US,Missouri,Greene,1301,10,0,37.2575872,-93.34230916,29077.0,443.897013163372,0.7686395080707148,1291,1256,10,0,1246,1220,291923,45,0,0,45,36
2020-08-04,US,Missouri,Grundy,25,1,0,40.11406587,-93.56509276,29079.0,253.8071065989848,4.0,24,24,1,0,23,24,9914,1,0,0,1,0
2020-08-04,US,Missouri,Harrison,60,1,0,40.35570088,-93.99222144,29081.0,718.3908045977013,1.6666666666666667,59,60,1,0,59,60,8414,0,0,0,0,0
2020-08-04,US,Missouri,Henry,73,3,0,38.38482826,-93.79293734,29083.0,334.4941348973607,4.109589041095891,70,72,3,0,69,69,21792,1,0,0,1,3
2020-08-04,US,Missouri,Hickory,17,0,0,37.94163617,-93.3203037,29085.0,178.12238055322715,0.0,17,17,0,0,17,17,9509,0,0,0,0,0
2020-08-04,US,Missouri,Holt,6,0,0,40.09799248,-95.2163888,29087.0,136.2707245060186,0.0,6,6,0,0,6,6,4404,0,0,0,0,0
2020-08-04,US,Missouri,Howard,47,0,0,39.1435761,-92.69756691,29089.0,469.95300469952997,0.0,47,46,0,0,46,46,10137,1,0,0,1,0
2020-08-04,US,Missouri,Howell,142,2,0,36.77383887,-91.88683935,29091.0,353.9646533888377,1.4084507042253518,140,140,2,0,138,137,40076,2,0,0,2,3
2020-08-04,US,Missouri,Iron,20,0,0,37.55487945,-90.7735296,29093.0,197.53086419753086,0.0,20,17,0,0,17,16,10177,3,0,0,3,1
2020-08-04,US,Missouri,Jackson,3639,59,0,39.01002188,-94.34724536,29095.0,517.630591839957,1.6213245397087113,3580,3537,59,0,3478,3450,700307,102,0,0,102,87
2020-08-04,US,Missouri,Jasper,1675,27,0,37.20351921,-94.34050458,29097.0,1380.5551892390874,1.611940298507463,1648,1659,25,0,1634,1652,120636,16,2,0,14,7
2020-08-04,US,Missouri,Jefferson,1428,24,0,38.25926778,-90.53870896,29099.0,634.4382688898662,1.680672268907563,1404,1395,24,0,1371,1349,224347,33,0,0,33,46
2020-08-04,US,Missouri,Johnson,473,2,0,38.74719601,-93.80691168,29101.0,874.9213865561763,0.4228329809725159,471,473,2,0,471,464,53652,0,0,0,0,9
2020-08-04,US,Missouri,Kansas City,6137,55,0,39.0997,-94.5786,0.0,1255.1565315384414,0.8962033566889359,6082,6027,54,0,5973,5929,491918,110,1,0,109,98
2020-08-04,US,Missouri,Knox,19,0,0,40.12699751,-92.14780832,29103.0,479.91917150795655,0.0,19,19,0,0,19,15,3947,0,0,0,0,4
2020-08-04,US,Missouri,Laclede,199,1,0,37.65896829,-92.5888493,29105.0,557.0640763653669,0.5025125628140703,198,200,1,0,199,197,35713,-1,0,0,-1,3
2020-08-04,US,Missouri,Lafayette,164,2,0,39.06986886,-93.78076396,29107.0,501.40638375932485,1.2195121951219512,162,158,2,0,156,152,32598,6,0,0,6,6
2020-08-04,US,Missouri,Lawrence,195,2,0,37.10626634,-93.83293097,29109.0,508.4082909659757,1.0256410256410255,193,192,2,0,190,186,38359,3,0,0,3,6
2020-08-04,US,Missouri,Lewis,34,1,0,40.09673161,-91.72070156,29111.0,347.79050736497544,2.9411764705882355,33,34,1,0,33,33,9855,0,0,0,0,1
2020-08-04,US,Missouri,Lincoln,331,1,0,39.05345619,-90.95588181,29113.0,560.8933624794537,0.3021148036253776,330,314,1,0,313,301,57686,17,0,0,17,13
2020-08-04,US,Missouri,Linn,30,1,0,39.87001769,-93.10704106,29115.0,251.6778523489933,3.333333333333333,29,31,1,0,30,31,12037,-1,0,0,-1,0
2020-08-04,US,Missouri,Livingston,53,0,0,39.78110272,-93.54645978,29117.0,348.06593550929273,0.0,53,53,0,0,53,53,15146,0,0,0,0,0
2020-08-04,US,Missouri,Macon,54,0,0,39.83049768,-92.56453089,29121.0,357.2137328835086,0.0,54,53,0,0,53,53,15153,1,0,0,1,0
2020-08-04,US,Missouri,Madison,17,0,0,37.47865134,-90.3467143,29123.0,140.63534083388484,0.0,17,17,0,0,17,17,12188,0,0,0,0,0
2020-08-04,US,Missouri,Maries,17,0,0,38.16193985,-91.92249662,29125.0,195.4697021961596,0.0,17,17,0,0,17,14,8769,0,0,0,0,3
2020-08-04,US,Missouri,Marion,160,1,0,39.80601912,-91.62203062,29127.0,560.813179109709,0.625,159,157,1,0,156,150,28592,3,0,0,3,7
2020-08-04,US,Missouri,McDonald,940,7,0,36.62869595,-94.34867205,29119.0,4116.127337215921,0.7446808510638298,933,936,7,0,929,926,23078,4,0,0,4,10
2020-08-04,US,Missouri,Mercer,10,0,0,40.42212303,-93.5682959,29129.0,276.4722145424385,0.0,10,9,0,0,9,9,3641,1,0,0,1,0
2020-08-04,US,Missouri,Miller,107,0,0,38.21450288,-92.42610898,29131.0,417.6587688824701,0.0,107,104,0,0,104,96,25336,3,0,0,3,8
2020-08-04,US,Missouri,Mississippi,131,0,0,36.82516239,-89.29505753,29133.0,993.9301972685887,0.0,131,131,0,0,131,130,13336,0,0,0,0,1
2020-08-04,US,Missouri,Moniteau,130,2,0,38.63571781,-92.57976951,29135.0,805.8517232829158,1.5384615384615383,128,123,2,0,121,123,16121,7,0,0,7,0
2020-08-04,US,Missouri,Monroe,22,0,0,39.49593978,-92.00043978,29137.0,254.5118000925497,0.0,22,21,0,0,21,17,8664,1,0,0,1,4
2020-08-04,US,Missouri,Montgomery,40,0,0,38.94022054,-91.47000721,29139.0,346.2903644706086,0.0,40,38,0,0,38,36,11534,2,0,0,2,2
2020-08-04,US,Missouri,Morgan,71,0,0,38.4181765,-92.88791859,29141.0,344.2090463955011,0.0,71,71,0,0,71,67,20358,0,0,0,0,4
2020-08-04,US,Missouri,New Madrid,200,1,0,36.59666326,-89.66070007,29143.0,1171.2344811431246,0.5,199,194,1,0,193,184,17296,6,0,0,6,10
2020-08-04,US,Missouri,Newton,828,6,0,36.90519407,-94.3394104,29145.0,1421.8009478672986,0.7246376811594203,822,807,6,0,801,801,58266,21,0,0,21,6
2020-08-04,US,Missouri,Nodaway,165,0,0,40.36079813,-94.88133008,29147.0,746.8766974470396,0.0,165,162,0,0,162,157,22304,3,0,0,3,5
2020-08-04,US,Missouri,Oregon,14,0,0,36.68710164,-91.4033755,29149.0,132.96609364612024,0.0,14,14,0,0,14,14,10541,0,0,0,0,0
2020-08-04,US,Missouri,Osage,45,1,0,38.46036182,-91.8613635,29151.0,330.5178112376057,2.2222222222222223,44,42,0,0,42,39,13714,3,1,0,2,3
2020-08-04,US,Missouri,Ozark,8,0,0,36.64916339,-92.44459066,29153.0,87.20296490080662,0.0,8,7,0,0,7,7,9017,1,0,0,1,0
2020-08-04,US,Missouri,Pemiscot,220,8,0,36.2130572,-89.78742322,29155.0,1391.9645681746285,3.636363636363636,212,214,8,0,206,205,16272,6,0,0,6,9
2020-08-04,US,Missouri,Perry,211,4,0,37.70660776,-89.82741088,29157.0,1102.6337792642141,1.895734597156398,207,208,4,0,204,206,19150,3,0,0,3,2
2020-08-04,US,Missouri,Pettis,450,3,0,38.72798918,-93.28471706,29159.0,1062.8498547438533,0.6666666666666666,447,435,3,0,432,410,42542,15,0,0,15,25
2020-08-04,US,Missouri,Phelps,76,0,0,37.87736118,-91.79351727,29161.0,170.50680905480897,0.0,76,74,0,0,74,75,44732,2,0,0,2,-1
2020-08-04,US,Missouri,Pike,78,1,0,39.34310674,-91.16980779,29163.0,426.182930827232,1.2820512820512822,77,74,1,0,73,69,18504,4,0,0,4,5
2020-08-04,US,Missouri,Platte,328,10,0,39.38154439,-94.77068479,29165.0,314.12208623034337,3.0487804878048776,318,318,10,0,308,312,102985,10,0,0,10,6
2020-08-04,US,Missouri,Polk,194,0,0,37.6162296,-93.39828174,29167.0,603.4402314224393,0.0,194,192,0,0,192,191,32201,2,0,0,2,1
2020-08-04,US,Missouri,Pulaski,187,1,0,37.82462075,-92.20783203,29169.0,355.4660026232251,0.5347593582887701,186,183,1,0,182,180,52014,4,0,0,4,3
2020-08-04,US,Missouri,Putnam,12,1,0,40.47942497,-93.02042674,29171.0,255.5366269165247,8.333333333333334,11,10,1,0,9,10,4757,2,0,0,2,0
2020-08-04,US,Missouri,Ralls,25,0,0,39.52817427,-91.51838643,29173.0,242.5065476767873,0.0,25,23,0,0,23,21,10212,2,0,0,2,2
2020-08-04,US,Missouri,Randolph,57,1,0,39.44007257,-92.4971374,29175.0,230.32164215290126,1.7543859649122806,56,57,1,0,56,55,24763,0,0,0,0,2
2020-08-04,US,Missouri,Ray,103,0,0,39.3537468,-93.98905745,29177.0,447.47588843513773,0.0,103,96,0,0,96,90,22883,7,0,0,7,6
2020-08-04,US,Missouri,Reynolds,16,0,0,37.36085952,-90.97009925,29179.0,255.18341307814998,0.0,16,16,0,0,16,16,6254,0,0,0,0,0
2020-08-04,US,Missouri,Ripley,46,1,0,36.65460667,-90.85990261,29181.0,346.1770018061409,2.1739130434782608,45,45,0,0,45,40,13401,1,1,0,0,5
2020-08-04,US,Missouri,Saline,416,7,0,39.13734288,-93.20259964,29195.0,1827.6877114362287,1.6826923076923077,409,415,7,0,408,410,22895,1,0,0,1,5
2020-08-04,US,Missouri,Schuyler,9,0,0,40.46921489,-92.52311943,29197.0,193.13304721030042,0.0,9,9,0,0,9,9,4599,0,0,0,0,0
2020-08-04,US,Missouri,Scotland,12,1,0,40.45214695,-92.14709064,29199.0,244.79804161566707,8.333333333333334,11,12,1,0,11,12,4966,0,0,0,0,0
2020-08-04,US,Missouri,Scott,356,13,0,37.05588075,-89.56474493,29201.0,929.9895506792059,3.651685393258427,343,352,13,0,339,345,38458,4,0,0,4,7
2020-08-04,US,Missouri,Shannon,43,1,0,37.15772072,-91.40190382,29203.0,526.573597844722,2.3255813953488373,42,43,1,0,42,43,8189,0,0,0,0,0
2020-08-04,US,Missouri,Shelby,30,0,0,39.79742518,-92.07634971,29205.0,505.9021922428331,0.0,30,29,0,0,29,28,6050,1,0,0,1,1
2020-08-04,US,Missouri,St. Charles,3749,87,0,38.77875681,-90.66662425,29183.0,932.5360303664974,2.32061883168845,3662,3636,87,0,3549,3553,399182,113,0,0,113,83
2020-08-04,US,Missouri,St. Clair,19,0,0,38.03699437,-93.77631447,29185.0,202.19218899648826,0.0,19,18,0,0,18,18,9395,1,0,0,1,0
2020-08-04,US,Missouri,St. Francois,320,2,0,37.81214171,-90.47598685,29187.0,476.0842073941829,0.625,318,307,2,0,305,299,66692,13,0,0,13,8
2020-08-04,US,Missouri,St. Louis,13788,651,0,38.63770039999999,-90.4458375,29189.0,1386.8367187853617,4.721496953872934,13137,13474,650,0,12824,13271,996945,314,1,0,313,203
2020-08-04,US,Missouri,St. Louis City,4740,171,0,38.63555736,-90.24349225,29510.0,1576.9722133503674,3.6075949367088618,4569,4667,171,0,4496,4621,302838,73,0,0,73,46
2020-08-04,US,Missouri,Ste. Genevieve,48,1,0,37.89090059,-90.1949941,29186.0,268.24633955515816,2.083333333333333,47,46,1,0,45,44,17888,2,0,0,2,2
2020-08-04,US,Missouri,Stoddard,212,9,0,36.85571651,-89.9444155,29207.0,730.4048234280792,4.245283018867925,203,209,9,0,200,210,29206,3,0,0,3,-1
2020-08-04,US,Missouri,Stone,95,1,0,36.75000327,-93.45256475,29209.0,297.3209814722083,1.0526315789473684,94,88,1,0,87,86,31749,7,0,0,7,2
2020-08-04,US,Missouri,Sullivan,137,0,0,40.2099105,-93.11150106,29211.0,2249.9589423550665,0.0,137,136,0,0,136,135,6221,1,0,0,1,1
2020-08-04,US,Missouri,Taney,480,3,0,36.65465345,-93.04075153,29213.0,858.2463166928909,0.625,477,456,3,0,453,428,55852,24,0,0,24,28
2020-08-04,US,Missouri,Texas,43,0,0,37.31728859,-91.96564727,29215.0,169.30466965902824,0.0,43,38,0,0,38,36,25571,5,0,0,5,2
2020-08-04,US,Missouri,Vernon,47,0,0,37.8457799,-94.34127305,29217.0,228.56587073870546,0.0,47,46,0,0,46,45,20528,1,0,0,1,1
2020-08-04,US,Missouri,Warren,180,0,0,38.76529479,-91.16124662,29219.0,504.9229992426155,0.0,180,171,0,0,171,161,34711,9,0,0,9,10
2020-08-04,US,Missouri,Washington,60,1,0,37.96130078,-90.87948158,29221.0,242.62029923170243,1.6666666666666667,59,56,1,0,55,56,24943,4,0,0,4,0
2020-08-04,US,Missouri,Wayne,44,0,0,37.11303869,-90.46001416,29223.0,341.80066806494216,0.0,44,37,0,0,37,35,13122,7,0,0,7,2
2020-08-04,US,Missouri,Webster,123,1,0,37.2813734,-92.876329,29225.0,310.66882198423923,0.8130081300813008,122,118,1,0,117,116,39109,5,0,0,5,2
2020-08-04,US,Missouri,Worth,9,0,0,40.47945588,-94.42328751,29227.0,447.0938897168405,0.0,9,9,0,0,9,8,2040,0,0,0,0,1
2020-08-04,US,Missouri,Wright,58,0,0,37.27029221,-92.46914488,29229.0,317.13051561047627,0.0,58,58,0,0,58,58,18378,0,0,0,0,0
2020-08-04,US,Montana,Beaverhead,50,0,0,45.13434354,-112.89846940000001,30001.0,528.9326139849784,0.0,50,47,0,0,47,47,9404,3,0,0,3,0
2020-08-04,US,Montana,Big Horn,363,11,0,45.42335905,-107.492347,30003.0,2725.429837074856,3.0303030303030303,352,348,11,0,337,338,13338,15,0,0,15,10
2020-08-04,US,Montana,Blaine,9,0,0,48.43175214,-108.9582723,30005.0,134.7103726986978,0.0,9,9,0,0,9,9,6807,0,0,0,0,0
2020-08-04,US,Montana,Broadwater,11,0,0,46.33277565,-111.49558130000001,30007.0,176.36684303350967,0.0,11,11,0,0,11,10,6085,0,0,0,0,1
2020-08-04,US,Montana,Carbon,60,0,0,45.22850116,-109.0274047,30009.0,559.4405594405595,0.0,60,58,0,0,58,58,10714,2,0,0,2,0
2020-08-04,US,Montana,Cascade,154,2,0,47.30797024,-111.3467922,30013.0,189.26824472138242,1.2987012987012987,152,150,2,0,148,146,81643,4,0,0,4,4
2020-08-04,US,Montana,Chouteau,7,0,0,47.88084126,-110.4353362,30015.0,124.22360248447204,0.0,7,7,0,0,7,7,5745,0,0,0,0,0
2020-08-04,US,Montana,Custer,53,2,0,46.25319932,-105.57375259999998,30017.0,464.8307314506227,3.7735849056603774,51,52,2,0,50,52,11586,1,0,0,1,0
2020-08-04,US,Montana,Daniels,3,0,0,48.78420029,-105.54763429999998,30019.0,177.5147928994083,0.0,3,2,0,0,2,2,1747,1,0,0,1,0
2020-08-04,US,Montana,Dawson,16,0,0,47.26584855,-104.89444170000002,30021.0,185.76570300708232,0.0,16,16,0,0,16,16,8680,0,0,0,0,0
2020-08-04,US,Montana,Deer Lodge,22,0,0,46.05953325,-113.073353,30023.0,240.70021881838073,0.0,22,20,0,0,20,20,9131,2,0,0,2,0
2020-08-04,US,Montana,Fallon,2,0,0,46.33478338,-104.41835649999999,30025.0,70.27406886858749,0.0,2,2,0,0,2,2,2920,0,0,0,0,0
2020-08-04,US,Montana,Fergus,7,0,0,47.26331584,-109.2245206,30027.0,63.34841628959276,0.0,7,7,0,0,7,6,11113,0,0,0,0,1
2020-08-04,US,Montana,Flathead,272,2,0,48.29575866,-114.05205690000001,30029.0,262.02724312660155,0.7352941176470589,270,263,2,0,261,263,102106,9,0,0,9,0
2020-08-04,US,Montana,Gallatin,874,3,0,45.54486106,-111.1692571,30031.0,763.7590226680883,0.3432494279176201,871,868,3,0,865,870,111876,6,0,0,6,-2
2020-08-04,US,Montana,Garfield,12,0,0,47.27545948,-107.0002351,30033.0,953.8950715421304,0.0,12,12,0,0,12,12,1268,0,0,0,0,0
2020-08-04,US,Montana,Glacier,58,1,0,48.70513576,-112.9934235,30035.0,421.72616883589035,1.7241379310344829,57,58,1,0,57,56,13747,0,0,0,0,2
2020-08-04,US,Montana,Golden Valley,3,0,0,46.3816474,-109.17685220000001,30037.0,365.4080389768576,0.0,3,3,0,0,3,3,826,0,0,0,0,0
2020-08-04,US,Montana,Granite,8,0,0,46.40605220000001,-113.4414186,30039.0,236.756436815626,0.0,8,8,0,0,8,7,3378,0,0,0,0,1
2020-08-04,US,Montana,Hill,41,0,0,48.62879827,-110.1129252,30041.0,248.7260373695705,0.0,41,40,0,0,40,40,16347,1,0,0,1,0
2020-08-04,US,Montana,Jefferson,27,0,0,46.14907081,-112.094396,30043.0,220.9311840274937,0.0,27,27,0,0,27,25,12097,0,0,0,0,2
2020-08-04,US,Montana,Judith Basin,3,0,0,47.04581276,-110.26606880000001,30045.0,149.47683109118088,0.0,3,3,0,0,3,3,1952,0,0,0,0,0
2020-08-04,US,Montana,Lake,169,1,0,47.64514965,-114.0898013,30047.0,554.8624335150042,0.591715976331361,168,164,1,0,163,166,30250,5,0,0,5,-2
2020-08-04,US,Montana,Lewis and Clark,145,1,0,47.12610041,-112.39469799999999,30049.0,208.837423666321,0.6896551724137931,144,135,1,0,134,131,68700,10,0,0,10,4
2020-08-04,US,Montana,Liberty,1,0,0,48.56084317,-111.02430700000001,30051.0,42.78990158322636,0.0,1,1,0,0,1,1,2430,0,0,0,0,0
2020-08-04,US,Montana,Lincoln,71,2,0,48.54265777,-115.4046155,30053.0,355.35535535535536,2.8169014084507036,69,70,2,0,68,70,19794,1,0,0,1,0
2020-08-04,US,Montana,Madison,78,1,0,45.30080065,-111.9173017,30057.0,906.9767441860464,1.2820512820512822,77,76,1,0,75,75,8768,2,0,0,2,1
2020-08-04,US,Montana,McCone,2,0,0,47.64469406,-105.79449939999999,30055.0,120.19230769230772,0.0,2,1,0,0,1,1,1675,1,0,0,1,0
2020-08-04,US,Montana,Meagher,4,0,0,46.59907074,-110.8898557,30059.0,214.8227712137487,0.0,4,4,0,0,4,4,1866,0,0,0,0,0
2020-08-04,US,Montana,Missoula,267,1,0,47.03728583,-113.92135079999998,30063.0,223.24414715719064,0.3745318352059925,266,267,1,0,266,266,118791,0,0,0,0,1
2020-08-04,US,Montana,Musselshell,2,0,0,46.49684637,-108.39498,30065.0,43.16857327865314,0.0,2,2,0,0,2,2,4651,0,0,0,0,0
2020-08-04,US,Montana,Park,52,0,0,45.48965095,-110.52643940000002,30067.0,313.13982897747815,0.0,52,52,0,0,52,48,16736,0,0,0,0,4
2020-08-04,US,Montana,Pondera,9,0,0,48.22773388,-112.22527029999999,30073.0,152.25850109964472,0.0,9,9,0,0,9,9,5972,0,0,0,0,0
2020-08-04,US,Montana,Powder River,1,0,0,45.39617714,-105.636738,30075.0,59.453032104637344,0.0,1,1,0,0,1,1,1716,0,0,0,0,0
2020-08-04,US,Montana,Powell,2,0,0,46.85538891,-112.93591640000001,30077.0,29.027576197387518,0.0,2,2,0,0,2,2,6968,0,0,0,0,0
2020-08-04,US,Montana,Prairie,1,0,0,46.86048047,-105.379384,30079.0,92.85051067780873,0.0,1,,,,,,1087,,,,,
2020-08-04,US,Montana,Ravalli,74,1,0,46.08520862,-114.11891640000002,30081.0,168.9266310551066,1.351351351351351,73,73,1,0,72,72,43172,1,0,0,1,1
2020-08-04,US,Montana,Richland,46,1,0,47.78668011,-104.5610786,30083.0,425.80764602425245,2.1739130434782608,45,46,1,0,45,46,10913,0,0,0,0,0
2020-08-04,US,Montana,Roosevelt,20,0,0,48.29607488,-105.00792679999999,30085.0,181.75209014903672,0.0,20,19,0,0,19,19,11059,1,0,0,1,0
2020-08-04,US,Montana,Rosebud,23,1,0,46.23397237,-106.72928799999998,30087.0,257.3570549401365,4.3478260869565215,22,22,1,0,21,22,9063,1,0,0,1,0
2020-08-04,US,Montana,Sanders,9,0,0,47.67657534,-115.1329916,30089.0,74.30033847931973,0.0,9,9,0,0,9,9,11844,0,0,0,0,0
2020-08-04,US,Montana,Sheridan,3,0,0,48.72085833,-104.50382900000001,30091.0,90.66183136899366,0.0,3,3,0,0,3,3,3424,0,0,0,0,0
2020-08-04,US,Montana,Silver Bow,67,0,0,45.90018933,-112.6620092,30093.0,191.89460117428038,0.0,67,66,0,0,66,66,34993,1,0,0,1,0
2020-08-04,US,Montana,Stillwater,20,0,0,45.67071407,-109.3950061,30095.0,207.42584526031945,0.0,20,19,0,0,19,19,9534,1,0,0,1,0
2020-08-04,US,Montana,Sweet Grass,4,1,0,45.81367654,-109.9425686,30097.0,107.03773080010704,25.0,3,4,1,0,3,4,3710,0,0,0,0,0
2020-08-04,US,Montana,Teton,15,0,0,47.83741052,-112.24106880000001,30099.0,244.0214738897023,0.0,15,15,0,0,15,15,6162,0,0,0,0,0
2020-08-04,US,Montana,Toole,35,6,0,48.65577551,-111.69424140000001,30101.0,739.0202702702702,17.142857142857142,29,31,6,0,25,31,4853,4,0,0,4,0
2020-08-04,US,Montana,Treasure,2,0,0,46.20973220000001,-107.26665159999999,30103.0,287.3563218390805,0.0,2,2,0,0,2,2,679,0,0,0,0,0
2020-08-04,US,Montana,Valley,13,0,0,48.36435097,-106.6669635,30105.0,175.77068685776095,0.0,13,13,0,0,13,13,7437,0,0,0,0,0
2020-08-04,US,Montana,Wheatland,3,0,0,46.46652491,-109.84646359999999,30107.0,141.11006585136406,0.0,3,3,0,0,3,3,2236,0,0,0,0,0
2020-08-04,US,Montana,Wibaux,3,0,0,46.95925154,-104.2510927,30109.0,309.59752321981426,0.0,3,3,0,0,3,3,1034,0,0,0,0,0
2020-08-04,US,Montana,Yellowstone,1118,27,0,45.93955949,-108.26914860000001,30111.0,693.1184128952262,2.415026833631485,1091,1110,27,0,1083,1098,160137,8,0,0,8,12
2020-08-04,US,Nebraska,Adams,346,11,0,40.52449420000001,-98.50117804,31001.0,1103.2107897841406,3.1791907514450872,335,344,11,0,333,341,31511,2,0,0,2,3
2020-08-04,US,Nebraska,Antelope,19,1,0,42.17695516,-98.06662829999999,31003.0,301.6830739917434,5.2631578947368425,18,19,1,0,18,18,6336,0,0,0,0,1
2020-08-04,US,Nebraska,Banner,2,0,0,41.54634427,-103.7114332,31007.0,268.4563758389262,0.0,2,2,0,0,2,2,730,0,0,0,0,0
2020-08-04,US,Nebraska,Boone,7,0,0,41.70759415,-98.06737183,31011.0,134.82280431432974,0.0,7,8,0,0,8,7,5239,-1,0,0,-1,1
2020-08-04,US,Nebraska,Box Butte,11,0,0,42.22079243,-103.08788340000001,31013.0,102.01242696837616,0.0,11,11,0,0,11,11,10772,0,0,0,0,0
2020-08-04,US,Nebraska,Boyd,1,0,0,42.899727399999996,-98.76486568,31015.0,52.110474205315285,0.0,1,1,0,0,1,1,1955,0,0,0,0,0
2020-08-04,US,Nebraska,Buffalo,360,1,0,40.85486962,-99.07500296,31019.0,724.9441188908356,0.2777777777777778,359,357,1,0,356,347,49615,3,0,0,3,10
2020-08-04,US,Nebraska,Burt,25,0,0,41.85056773,-96.32605633,31021.0,387.05681994116736,0.0,25,25,0,0,25,25,6488,0,0,0,0,0
2020-08-04,US,Nebraska,Butler,57,0,0,41.22703692,-97.13106306,31023.0,711.0778443113772,0.0,57,56,0,0,56,56,8058,1,0,0,1,0
2020-08-04,US,Nebraska,Cass,160,1,0,40.90899107,-96.13971217,31025.0,609.570252971655,0.625,159,160,0,0,160,157,26159,0,1,0,-1,3
2020-08-04,US,Nebraska,Cedar,21,0,0,42.598885100000004,-97.25311951,31027.0,249.94049035943826,0.0,21,21,0,0,21,21,8446,0,0,0,0,0
2020-08-04,US,Nebraska,Chase,6,0,0,40.523719799999995,-101.69780259999999,31029.0,152.9051987767584,0.0,6,6,0,0,6,6,3977,0,0,0,0,0
2020-08-04,US,Nebraska,Cherry,4,0,0,42.54502621,-101.1244332,31031.0,70.31112673580594,0.0,4,4,0,0,4,4,5761,0,0,0,0,0
2020-08-04,US,Nebraska,Cheyenne,26,0,0,41.21999357,-102.9941693,31033.0,291.8069584736251,0.0,26,26,0,0,26,26,9310,0,0,0,0,0
2020-08-04,US,Nebraska,Clay,48,0,0,40.52439441,-98.05126296,31035.0,773.8191197807512,0.0,48,48,0,0,48,48,6214,0,0,0,0,0
2020-08-04,US,Nebraska,Colfax,695,4,0,41.57486951,-97.0868542,31037.0,6489.868335045289,0.5755395683453237,691,695,4,0,691,694,10881,0,0,0,0,1
2020-08-04,US,Nebraska,Cuming,63,0,0,41.91637624,-96.78730772,31039.0,712.1862988921547,0.0,63,59,0,0,59,58,8940,4,0,0,4,1
2020-08-04,US,Nebraska,Custer,43,4,0,41.39374521,-99.72805369,31041.0,398.9978658253688,9.30232558139535,39,43,4,0,39,43,10840,0,0,0,0,0
2020-08-04,US,Nebraska,Dakota,1904,41,0,42.39040144,-96.56656425,31043.0,9507.640067911714,2.153361344537815,1863,1901,41,0,1860,1901,20083,3,0,0,3,0
2020-08-04,US,Nebraska,Dawes,8,0,0,42.71985036,-103.1313774,31045.0,93.1423914309,0.0,8,8,0,0,8,8,8716,0,0,0,0,0
2020-08-04,US,Nebraska,Dawson,950,9,0,40.87028216,-99.82014609999999,31047.0,4026.2767535494813,0.9473684210526316,941,949,9,0,940,949,23709,1,0,0,1,0
2020-08-04,US,Nebraska,Deuel,1,0,0,41.11168186,-102.33333309999999,31049.0,55.74136008918617,0.0,1,1,0,0,1,1,1825,0,0,0,0,0
2020-08-04,US,Nebraska,Dixon,57,2,0,42.49188363,-96.86782408,31051.0,1011.3555713271824,3.5087719298245608,55,56,2,0,54,56,5709,1,0,0,1,0
2020-08-04,US,Nebraska,Dodge,781,8,0,41.58071748,-96.65598179,31053.0,2135.9223300970875,1.0243277848911652,773,775,8,0,767,772,36791,6,0,0,6,3
2020-08-04,US,Nebraska,Douglas,10719,131,0,41.29518299,-96.15085305,31055.0,1876.1584871710947,1.2221289299374942,10588,10611,131,0,10480,10480,566880,108,0,0,108,131
2020-08-04,US,Nebraska,Dundy,1,0,0,40.17638677,-101.6876522,31057.0,59.06674542232722,0.0,1,1,0,0,1,1,1770,0,0,0,0,0
2020-08-04,US,Nebraska,Fillmore,24,1,0,40.52458567,-97.59646937,31059.0,439.3994873672647,4.166666666666667,23,24,1,0,23,24,5527,0,0,0,0,0
2020-08-04,US,Nebraska,Franklin,9,0,0,40.17636348,-98.95299073,31061.0,302.1148036253776,0.0,9,9,0,0,9,9,3023,0,0,0,0,0
2020-08-04,US,Nebraska,Frontier,3,0,0,40.52993007,-100.3924658,31063.0,114.19870574800152,0.0,3,3,0,0,3,3,2608,0,0,0,0,0
2020-08-04,US,Nebraska,Furnas,15,1,0,40.17642064,-99.91247454,31065.0,320.786997433704,6.666666666666668,14,15,1,0,14,15,4715,0,0,0,0,0
2020-08-04,US,Nebraska,Gage,82,4,0,40.26186809,-96.68946704,31067.0,381.1648770510853,4.878048780487805,78,82,4,0,78,82,21493,0,0,0,0,0
2020-08-04,US,Nebraska,Garden,4,0,0,41.61703149,-102.3313973,31069.0,217.74632553075668,0.0,4,4,0,0,4,4,1897,0,0,0,0,0
2020-08-04,US,Nebraska,Garfield,3,0,0,41.91428955,-98.99111827,31071.0,152.36160487557137,0.0,3,3,0,0,3,3,1987,0,0,0,0,0
2020-08-04,US,Nebraska,Gosper,19,0,0,40.51481965,-99.83020279,31073.0,954.7738693467336,0.0,19,19,0,0,19,17,1996,0,0,0,0,2
2020-08-04,US,Nebraska,Greeley,9,0,0,41.56742671,-98.52150266,31077.0,382.00339558573853,0.0,9,8,0,0,8,8,2356,1,0,0,1,0
2020-08-04,US,Nebraska,Hall,1721,45,0,40.87257079,-98.50218293,31079.0,2805.078806252343,2.6147588611272514,1676,1717,45,0,1672,1713,61607,4,0,0,4,4
2020-08-04,US,Nebraska,Hamilton,96,12,0,40.87349452,-98.02099117,31081.0,1029.6010296010297,12.5,84,96,12,0,84,96,9280,0,0,0,0,0
2020-08-04,US,Nebraska,Harlan,1,0,0,40.17658508,-99.40438879,31083.0,29.58579881656805,0.0,1,1,0,0,1,1,3401,0,0,0,0,0
2020-08-04,US,Nebraska,Hitchcock,1,0,0,40.17609175,-101.04164770000001,31087.0,36.205648081100655,0.0,1,1,0,0,1,1,2806,0,0,0,0,0
2020-08-04,US,Nebraska,Holt,11,0,0,42.45522056,-98.78402558,31089.0,109.26790503625708,0.0,11,11,0,0,11,8,10178,0,0,0,0,3
2020-08-04,US,Nebraska,Hooker,4,0,0,41.91586243,-101.1354293,31091.0,586.5102639296188,0.0,4,4,0,0,4,4,682,0,0,0,0,0
2020-08-04,US,Nebraska,Howard,55,4,0,41.2200529,-98.5166499,31093.0,853.3747090768037,7.272727272727272,51,54,4,0,50,55,6468,1,0,0,1,-1
2020-08-04,US,Nebraska,Jefferson,14,0,0,40.17584531,-97.142601,31095.0,198.69429463525398,0.0,14,14,0,0,14,14,7097,0,0,0,0,0
2020-08-04,US,Nebraska,Johnson,13,0,0,40.39257596,-96.26522753,31097.0,256.35969236836917,0.0,13,13,0,0,13,12,5134,0,0,0,0,1
2020-08-04,US,Nebraska,Kearney,34,0,0,40.50663314,-98.94877182,31099.0,523.4795996920708,0.0,34,34,0,0,34,34,6544,0,0,0,0,0
2020-08-04,US,Nebraska,Keith,19,0,0,41.19930341,-101.66201640000001,31101.0,236.49489668907142,0.0,19,19,0,0,19,19,8021,0,0,0,0,0
2020-08-04,US,Nebraska,Kimball,15,0,0,41.19774275,-103.7148131,31105.0,412.9955947136564,0.0,15,15,0,0,15,15,3618,0,0,0,0,0
2020-08-04,US,Nebraska,Knox,32,0,0,42.63758421,-97.89178836,31107.0,384.0614498319731,0.0,32,32,0,0,32,31,8419,0,0,0,0,1
2020-08-04,US,Nebraska,Lancaster,3163,15,0,40.78416049,-96.68777155,31109.0,991.2563853458272,0.4742333227948151,3148,3133,15,0,3118,3102,317272,30,0,0,30,31
2020-08-04,US,Nebraska,Lincoln,93,2,0,41.04658298,-100.74753740000001,31111.0,266.36879188864066,2.150537634408602,91,94,2,0,92,95,35185,-1,0,0,-1,-1
2020-08-04,US,Nebraska,Madison,424,5,0,41.91676024,-97.6005481,31119.0,1208.0116242627996,1.179245283018868,419,420,5,0,415,419,35392,4,0,0,4,1
2020-08-04,US,Nebraska,McPherson,4,0,0,41.56797682,-101.05993620000001,31117.0,809.7165991902832,0.0,4,4,0,0,4,4,492,0,0,0,0,0
2020-08-04,US,Nebraska,Merrick,55,0,0,41.16624273,-98.0374887,31121.0,709.2198581560284,0.0,55,54,0,0,54,54,7733,1,0,0,1,0
2020-08-04,US,Nebraska,Morrill,58,0,0,41.71711774,-103.0061405,31123.0,1249.4614390348986,0.0,58,58,0,0,58,58,4686,0,0,0,0,0
2020-08-04,US,Nebraska,Nance,8,0,0,41.39750195,-97.99327291,31125.0,227.33731173628868,0.0,8,8,0,0,8,8,3532,0,0,0,0,0
2020-08-04,US,Nebraska,Nemaha,21,0,0,40.38514847,-95.85433992,31127.0,301.20481927710836,0.0,21,21,0,0,21,21,6958,0,0,0,0,0
2020-08-04,US,Nebraska,Nuckolls,5,0,0,40.17637905,-98.04743961,31129.0,120.54001928640308,0.0,5,5,0,0,5,5,4195,0,0,0,0,0
2020-08-04,US,Nebraska,Otoe,43,0,0,40.64843556,-96.13374142,31131.0,268.54858855858106,0.0,43,43,0,0,43,42,15985,0,0,0,0,1
2020-08-04,US,Nebraska,Pawnee,9,0,0,40.13141096,-96.23705437,31133.0,344.4316877152698,0.0,9,8,0,0,8,7,2632,1,0,0,1,1
2020-08-04,US,Nebraska,Perkins,17,1,0,40.85082525,-101.6502942,31135.0,588.031822898651,5.882352941176472,16,17,1,0,16,17,2929,0,0,0,0,0
2020-08-04,US,Nebraska,Phelps,37,0,0,40.51156033,-99.41461667,31137.0,409.56386982510514,0.0,37,36,0,0,36,36,8996,1,0,0,1,0
2020-08-04,US,Nebraska,Pierce,17,0,0,42.26434853,-97.60122773,31139.0,237.82876329043086,0.0,17,18,0,0,18,17,7142,-1,0,0,-1,1
2020-08-04,US,Nebraska,Platte,769,3,0,41.57246836,-97.52144359,31141.0,2297.579922318494,0.3901170351105331,766,767,3,0,764,766,33363,2,0,0,2,1
2020-08-04,US,Nebraska,Polk,24,0,0,41.18813488,-97.56630712,31143.0,460.3874928064455,0.0,24,24,0,0,24,24,5278,0,0,0,0,0
2020-08-04,US,Nebraska,Red Willow,16,0,0,40.17556879999999,-100.476998,31145.0,149.19806042521446,0.0,16,16,0,0,16,16,10726,0,0,0,0,0
2020-08-04,US,Nebraska,Richardson,20,1,0,40.1247415,-95.71755036,31147.0,254.29116338207248,5.0,19,20,1,0,19,20,7937,0,0,0,0,0
2020-08-04,US,Nebraska,Rock,2,0,0,42.42252217,-99.44832069,31149.0,147.38393515106853,0.0,2,2,0,0,2,2,1360,0,0,0,0,0
2020-08-04,US,Nebraska,Saline,586,2,0,40.52418865,-97.14085859,31151.0,4119.797525309336,0.3412969283276451,584,582,2,0,580,583,14350,4,0,0,4,-1
2020-08-04,US,Nebraska,Sarpy,2101,9,0,41.11314181,-96.11156432,31153.0,1122.3530417316608,0.4283674440742504,2092,2064,6,0,2058,2028,184459,37,3,0,34,36
2020-08-04,US,Nebraska,Saunders,142,2,0,41.227810299999994,-96.63773905,31155.0,658.0776717026603,1.4084507042253518,140,139,2,0,137,138,21303,3,0,0,3,1
2020-08-04,US,Nebraska,Scotts Bluff,291,6,0,41.85070896,-103.70809859999999,31157.0,817.0026391150543,2.061855670103093,285,289,6,0,283,289,35989,2,0,0,2,0
2020-08-04,US,Nebraska,Seward,104,1,0,40.87241834,-97.139673,31159.0,601.7125665355242,0.9615384615384616,103,100,1,0,99,96,17318,4,0,0,4,4
2020-08-04,US,Nebraska,Sheridan,9,0,0,42.50284406,-102.4126613,31161.0,171.55928326343883,0.0,9,9,0,0,9,9,5190,0,0,0,0,0
2020-08-04,US,Nebraska,Sherman,10,0,0,41.22045983,-98.97588642,31163.0,333.2222592469177,0.0,10,9,0,0,9,8,3038,1,0,0,1,1
2020-08-04,US,Nebraska,Sioux,5,0,0,42.48932059,-103.7576544,31165.0,428.8164665523156,0.0,5,5,0,0,5,5,1187,0,0,0,0,0
2020-08-04,US,Nebraska,Stanton,28,0,0,41.9169835,-97.19394708,31167.0,472.97297297297297,0.0,28,28,0,0,28,28,5970,0,0,0,0,0
2020-08-04,US,Nebraska,Thayer,26,0,0,40.17626377,-97.59504381,31169.0,519.6881870877473,0.0,26,26,0,0,26,25,5039,0,0,0,0,1
2020-08-04,US,Nebraska,Thomas,1,0,0,41.91358968,-100.5556632,31171.0,138.50415512465375,0.0,1,1,0,0,1,1,720,0,0,0,0,0
2020-08-04,US,Nebraska,Thurston,203,4,0,42.15725356,-96.54157099,31173.0,2810.077519379845,1.9704433497536944,199,202,4,0,198,201,7303,1,0,0,1,1
2020-08-04,US,Nebraska,Unassigned,151,0,0,0.0,0.0,90031.0,0.0,0.0,151,155,0,0,155,143,,-4,0,0,-4,12
2020-08-04,US,Nebraska,Valley,10,0,0,41.56730777,-98.98197724,31175.0,240.50024050024047,0.0,10,10,0,0,10,10,4190,0,0,0,0,0
2020-08-04,US,Nebraska,Washington,108,1,0,41.52815707,-96.22019892,31177.0,521.0092141444353,0.925925925925926,107,108,1,0,107,106,20667,0,0,0,0,2
2020-08-04,US,Nebraska,Wayne,37,0,0,42.20934475,-97.11926964,31179.0,394.2461374533831,0.0,37,35,0,0,35,35,9403,2,0,0,2,0
2020-08-04,US,Nebraska,Webster,9,0,0,40.17642643,-98.50019851,31181.0,258.1015199311729,0.0,9,9,0,0,9,9,3533,0,0,0,0,0
2020-08-04,US,Nebraska,York,73,0,0,40.87272618,-97.59710186,31185.0,533.6647415746766,0.0,73,72,0,0,72,74,13772,1,0,0,1,-2
2020-08-04,US,Nevada,Carson City,323,8,0,39.15509045,-119.7480219,32510.0,577.6521925745761,2.476780185758514,315,318,7,0,311,313,55414,5,1,0,4,5
2020-08-04,US,Nevada,Churchill,49,1,0,39.58105744,-118.3394607,32001.0,196.7160464089285,2.0408163265306123,48,48,1,0,47,47,24440,1,0,0,1,1
2020-08-04,US,Nevada,Clark,44997,716,0,36.21458855,-115.0130241,32003.0,1985.1194349532248,1.5912171922572615,44281,44066,702,0,43364,43147,2231647,931,14,0,917,919
2020-08-04,US,Nevada,Douglas,183,0,0,38.912862,-119.61713329999999,32005.0,374.1948676004498,0.0,183,180,0,0,180,174,48467,3,0,0,3,6
2020-08-04,US,Nevada,Elko,493,2,0,41.14531606,-115.3577619,32007.0,934.1013300996627,0.4056795131845842,491,488,2,0,486,482,52460,5,0,0,5,6
2020-08-04,US,Nevada,Eureka,2,0,0,39.98100864,-116.26832040000001,32011.0,98.57072449482504,0.0,2,2,0,0,2,2,2003,0,0,0,0,0
2020-08-04,US,Nevada,Humboldt,96,4,0,41.40692186,-118.11094270000001,32013.0,570.3760917354881,4.166666666666667,92,96,4,0,92,96,16786,0,0,0,0,0
2020-08-04,US,Nevada,Lander,50,1,0,39.933223299999995,-117.03970749999999,32015.0,903.8322487346347,2.0,49,50,1,0,49,50,5575,0,0,0,0,0
2020-08-04,US,Nevada,Lincoln,4,0,0,37.64268459,-114.8790388,32017.0,77.17538105344396,0.0,4,4,0,0,4,4,5201,0,0,0,0,0
2020-08-04,US,Nevada,Lyon,209,5,0,39.01777974,-119.18704790000001,32019.0,363.415058250739,2.392344497607656,204,206,5,0,201,204,55808,3,0,0,3,2
2020-08-04,US,Nevada,Mineral,11,0,0,38.53841696,-118.4344506,32021.0,244.173140954495,0.0,11,11,0,0,11,11,4514,0,0,0,0,0
2020-08-04,US,Nevada,Nye,362,9,0,38.04264256,-116.47227020000001,32023.0,778.1097521655955,2.4861878453038675,353,356,9,0,347,351,45346,6,0,0,6,5
2020-08-04,US,Nevada,Pershing,13,0,0,40.44003782,-118.40056409999998,32027.0,193.3085501858736,0.0,13,13,0,0,13,13,6666,0,0,0,0,0
2020-08-04,US,Nevada,Storey,4,0,0,39.44875482,-119.5250207,32029.0,97.01673538685421,0.0,4,4,0,0,4,4,4029,0,0,0,0,0
2020-08-04,US,Nevada,Washoe,5369,115,0,40.66562265,-119.6631594,32031.0,1138.6603721165002,2.14192587073943,5254,5343,115,0,5228,5293,465735,26,0,0,26,50
2020-08-04,US,Nevada,White Pine,14,1,0,39.44157041,-114.89996599999999,32033.0,146.13778705636744,7.142857142857142,13,14,1,0,13,14,9475,0,0,0,0,0
2020-08-04,US,New Hampshire,Belknap,110,4,0,43.51637314,-71.41684235,33001.0,179.4365691727974,3.636363636363636,106,109,4,0,105,109,61022,1,0,0,1,0
2020-08-04,US,New Hampshire,Carroll,90,1,0,43.87498583,-71.20430216,33003.0,184.01144960130853,1.1111111111111112,89,89,1,0,88,89,48779,1,0,0,1,0
2020-08-04,US,New Hampshire,Cheshire,93,3,0,42.92015988,-72.25311043,33005.0,122.2317145298022,3.2258064516129035,90,92,2,0,90,90,76493,1,1,0,0,2
2020-08-04,US,New Hampshire,Coos,16,0,0,44.69063265,-71.30633239,33007.0,50.69226626112854,0.0,16,16,0,0,16,16,31589,0,0,0,0,0
2020-08-04,US,New Hampshire,Grafton,103,1,0,43.93779815,-71.82057197,33009.0,114.58959126004049,0.9708737864077671,102,103,1,0,102,103,89786,0,0,0,0,0
2020-08-04,US,New Hampshire,Hillsborough,3787,279,0,42.91537785,-71.7200253,33011.0,908.0990348300462,7.367309215738051,3508,3775,279,0,3496,3767,415247,12,0,0,12,8
2020-08-04,US,New Hampshire,Merrimack,458,21,0,43.29662971,-71.6811573,33013.0,302.52789135417567,4.585152838427947,437,458,21,0,437,458,151132,0,0,0,0,0
2020-08-04,US,New Hampshire,Rockingham,1654,95,0,42.98499744,-71.12883377,33015.0,533.9462631832107,5.743651753325273,1559,1642,95,0,1547,1632,309176,12,0,0,12,10
2020-08-04,US,New Hampshire,Strafford,338,13,0,43.291833000000004,-71.02336013,33017.0,258.7401345754901,3.8461538461538463,325,335,13,0,322,330,130090,3,0,0,3,5
2020-08-04,US,New Hampshire,Sullivan,40,1,0,43.36094111,-72.22203125,33019.0,92.70847819033052,2.5,39,40,1,0,39,40,43144,0,0,0,0,0
2020-08-04,US,New Hampshire,Unassigned,4,0,0,0.0,0.0,90033.0,0.0,0.0,4,1,0,0,1,,,3,0,0,3,
2020-08-04,US,New Jersey,Atlantic,3420,252,0,39.47538693,-74.65848483,34001.0,1297.075890317442,7.36842105263158,3168,3408,252,0,3156,3393,265429,12,0,0,12,15
2020-08-04,US,New Jersey,Bergen,20609,2041,0,40.96010917,-74.07164325,34003.0,2210.786932445972,9.90344024455335,18568,20552,2041,0,18511,20521,936692,57,0,0,57,31
2020-08-04,US,New Jersey,Burlington,5880,470,0,39.87681124,-74.66927768,34005.0,1320.312833306014,7.9931972789115635,5410,5846,470,0,5376,5831,445384,34,0,0,34,15
2020-08-04,US,New Jersey,Camden,8400,576,0,39.80343818,-74.96388753,34007.0,1658.5352369632221,6.857142857142858,7824,8375,575,0,7800,8357,507078,25,1,0,24,18
2020-08-04,US,New Jersey,Cape May,817,87,0,39.15008829,-74.80170244,34009.0,887.6671845630658,10.648714810281518,730,813,87,0,726,810,92560,4,0,0,4,3
2020-08-04,US,New Jersey,Cumberland,3275,158,0,39.37199394,-75.10712559,34011.0,2190.239889785791,4.824427480916031,3117,3253,157,0,3096,3240,150972,22,1,0,21,13
2020-08-04,US,New Jersey,Essex,19588,2106,0,40.78681335,-74.24657979,34013.0,2451.6411652429674,10.751480498264243,17482,19558,2104,0,17454,19526,799767,30,2,0,28,32
2020-08-04,US,New Jersey,Gloucester,3130,209,0,39.71581067,-75.13995546,34015.0,1073.2557023138434,6.677316293929713,2921,3106,209,0,2897,3097,291408,24,0,0,24,9
2020-08-04,US,New Jersey,Hudson,19544,1503,0,40.73766234,-74.07515667,34017.0,2906.642117458443,7.690339746213674,18041,19528,1503,0,18025,19511,676061,16,0,0,16,17
2020-08-04,US,New Jersey,Hunterdon,1139,126,0,40.56335249,-74.91284156,34019.0,915.8083476051493,11.06233538191396,1013,1138,126,0,1012,1137,124714,1,0,0,1,1
2020-08-04,US,New Jersey,Mercer,8063,620,0,40.28047017,-74.70479631,34021.0,2194.43159241216,7.6894456157757665,7443,8051,619,0,7432,8042,369811,12,1,0,11,9
2020-08-04,US,New Jersey,Middlesex,17765,1403,0,40.43629879,-74.41426991,34023.0,2153.171519231282,7.8975513650436255,16362,17735,1403,0,16332,17713,829685,30,0,0,30,22
2020-08-04,US,New Jersey,Monmouth,10170,858,0,40.26549699,-74.22240686,34025.0,1643.5168351392624,8.436578171091448,9312,10137,858,0,9279,10117,621354,33,0,0,33,20
2020-08-04,US,New Jersey,Morris,7179,830,0,40.86095313,-74.54553709999998,34027.0,1459.6061767426736,11.561498815991087,6349,7167,830,0,6337,7156,494228,12,0,0,12,11
2020-08-04,US,New Jersey,Ocean,10501,1017,0,39.8895449,-74.28089251,34029.0,1729.4535776516586,9.684791924578613,9484,10469,1016,0,9453,10459,601651,32,1,0,31,10
2020-08-04,US,New Jersey,Passaic,17532,1243,0,41.03238628,-74.29954144,34031.0,3493.641222256321,7.089892767510837,16289,17507,1242,0,16265,17493,503310,25,1,0,24,14
2020-08-04,US,New Jersey,Salem,880,85,0,39.58719656,-75.34696629999998,34033.0,1410.5954957121105,9.659090909090908,795,877,85,0,792,871,62607,3,0,0,3,6
2020-08-04,US,New Jersey,Somerset,5199,558,0,40.56465737,-74.61683016,34035.0,1580.5602339679087,10.732833237160992,4641,5195,555,0,4640,5190,331164,4,3,0,1,5
2020-08-04,US,New Jersey,Sussex,1314,196,0,41.13891592,-74.69118243,34037.0,935.3112009566652,14.91628614916286,1118,1307,195,0,1112,1307,140799,7,1,0,6,0
2020-08-04,US,New Jersey,Unassigned,644,0,0,0.0,0.0,90034.0,0.0,0.0,644,672,0,0,672,674,,-28,0,0,-28,-2
2020-08-04,US,New Jersey,Union,16590,1348,0,40.65835409,-74.30680092,34039.0,2981.9840709205328,8.12537673297167,15242,16590,1348,0,15242,16575,558067,0,0,0,0,15
2020-08-04,US,New Jersey,Warren,1331,171,0,40.85951833,-74.99556527,34041.0,1264.4038492595018,12.84748309541698,1160,1330,171,0,1159,1330,105779,1,0,0,1,0
2020-08-04,US,New Mexico,Bernalillo,4947,124,0,35.05163625,-106.6703554,35001.0,728.4416179149222,2.5065696381645437,4823,4879,123,0,4756,4860,678701,68,1,0,67,19
2020-08-04,US,New Mexico,Catron,4,1,0,33.91514144,-108.4046587,35003.0,113.41083073433514,25.0,3,4,1,0,3,4,3578,0,0,0,0,0
2020-08-04,US,New Mexico,Chaves,384,6,0,33.36406072,-104.4665365,35005.0,594.2892517217365,1.5625,378,367,6,0,361,362,64689,17,0,0,17,5
2020-08-04,US,New Mexico,Cibola,345,17,0,34.91131525,-107.998876,35006.0,1293.3458294283034,4.9275362318840585,328,340,17,0,323,336,26746,5,0,0,5,4
2020-08-04,US,New Mexico,Colfax,14,1,0,36.60569702,-104.64726740000002,35007.0,117.24311196717191,7.142857142857142,13,14,1,0,13,14,12110,0,0,0,0,0
2020-08-04,US,New Mexico,Curry,493,2,0,34.57421077,-103.34688759999999,35009.0,1007.0678596233196,0.4056795131845842,491,483,2,0,481,480,49437,10,0,0,10,3
2020-08-04,US,New Mexico,Dona Ana,2272,24,0,32.35275771,-106.83293870000001,35013.0,1041.2704232452622,1.056338028169014,2248,2240,24,0,2216,2214,217522,32,0,0,32,26
2020-08-04,US,New Mexico,Eddy,267,4,0,32.47167456,-104.3053527,35015.0,456.7225453301403,1.49812734082397,263,258,4,0,254,253,57900,9,0,0,9,5
2020-08-04,US,New Mexico,Grant,68,2,0,32.73911281,-108.3827845,35017.0,251.87050892658715,2.9411764705882355,66,68,2,0,66,67,27346,0,0,0,0,1
2020-08-04,US,New Mexico,Guadalupe,31,0,0,34.86319296,-104.790669,35019.0,720.9302325581398,0.0,31,31,0,0,31,31,4341,0,0,0,0,0
2020-08-04,US,New Mexico,Harding,1,0,0,35.85751555,-103.82209379999999,35021.0,160.0,0.0,1,1,0,0,1,1,655,0,0,0,0,0
2020-08-04,US,New Mexico,Hidalgo,88,0,0,31.91383467,-108.7151824,35023.0,2096.236303001429,0.0,88,88,0,0,88,88,4240,0,0,0,0,0
2020-08-04,US,New Mexico,Lea,679,4,0,32.79215361,-103.4123733,35025.0,955.3960883635852,0.5891016200294551,675,656,4,0,652,641,69611,23,0,0,23,15
2020-08-04,US,New Mexico,Lincoln,110,1,0,33.74526079,-105.4586166,35027.0,562.0273860617208,0.9090909090909092,109,109,1,0,108,105,19556,1,0,0,1,4
2020-08-04,US,New Mexico,Los Alamos,20,0,0,35.86631386,-106.31349850000001,35028.0,103.2577830553978,0.0,20,20,0,0,20,20,19101,0,0,0,0,0
2020-08-04,US,New Mexico,Luna,238,3,0,32.18179341,-107.75088259999998,35029.0,1003.8382049010924,1.2605042016806722,235,235,3,0,232,226,23963,3,0,0,3,9
2020-08-04,US,New Mexico,McKinley,4009,222,0,35.58007720000001,-108.262245,35031.0,5617.44223520675,5.5375405337989525,3787,4004,221,0,3783,4002,72290,5,1,0,4,2
2020-08-04,US,New Mexico,Mora,6,0,0,36.01095101,-104.9497716,35033.0,132.71400132713998,0.0,6,6,0,0,6,6,4506,0,0,0,0,0
2020-08-04,US,New Mexico,Otero,193,10,0,32.61348406,-105.7417604,35035.0,285.9682915987553,5.181347150259066,183,188,10,0,178,184,66781,5,0,0,5,4
2020-08-04,US,New Mexico,Quay,34,1,0,35.10403332,-103.54817270000001,35037.0,411.97140433781664,2.9411764705882355,33,33,1,0,32,32,8253,1,0,0,1,1
2020-08-04,US,New Mexico,Rio Arriba,298,5,0,36.51072137,-106.69316740000001,35039.0,765.6535032501735,1.6778523489932886,293,296,5,0,291,294,39006,2,0,0,2,2
2020-08-04,US,New Mexico,Roosevelt,144,1,0,34.02097406,-103.4799493,35041.0,778.3783783783783,0.6944444444444444,143,142,1,0,141,141,18743,2,0,0,2,1
2020-08-04,US,New Mexico,San Juan,3008,182,0,36.50838318,-108.32043700000001,35045.0,2426.62837412672,6.050531914893617,2826,3003,181,0,2822,3002,125043,5,1,0,4,1
2020-08-04,US,New Mexico,San Miguel,42,0,0,35.48014807,-104.8163562,35047.0,153.97587711258566,0.0,42,42,0,0,42,42,27591,0,0,0,0,0
2020-08-04,US,New Mexico,Sandoval,1104,33,0,35.68862401,-106.86878030000001,35043.0,752.3100825905634,2.989130434782609,1071,1096,33,0,1063,1095,145179,8,0,0,8,1
2020-08-04,US,New Mexico,Santa Fe,602,3,0,35.50708973,-105.9774716,35049.0,400.37776506737254,0.4983388704318937,599,597,3,0,594,595,150056,5,0,0,5,2
2020-08-04,US,New Mexico,Sierra,30,0,0,33.13028233,-107.1925893,35051.0,278.0094523213789,0.0,30,30,0,0,30,29,10968,0,0,0,0,1
2020-08-04,US,New Mexico,Socorro,73,6,0,34.00715494,-106.9298354,35053.0,438.78103023381624,8.219178082191782,67,73,6,0,67,73,16735,0,0,0,0,0
2020-08-04,US,New Mexico,Taos,99,1,0,36.58006022,-105.63101979999999,35055.0,302.5394982122666,1.0101010101010102,98,99,1,0,98,98,32835,0,0,0,0,1
2020-08-04,US,New Mexico,Torrance,60,1,0,34.64048375,-105.8508949,35057.0,388.07321648017586,1.6666666666666667,59,60,1,0,59,60,15591,0,0,0,0,0
2020-08-04,US,New Mexico,Unassigned,1268,0,0,0.0,0.0,90035.0,0.0,0.0,1268,1268,0,0,1268,1265,,0,0,0,0,3
2020-08-04,US,New Mexico,Union,28,0,0,36.48126404,-103.4709624,35059.0,689.8250800689825,0.0,28,27,0,0,27,27,4118,1,0,0,1,0
2020-08-04,US,New Mexico,Valencia,381,4,0,34.71669834,-106.8103733,35061.0,496.8182766534529,1.0498687664041997,377,373,4,0,369,369,76456,8,0,0,8,4
2020-08-04,US,New York,Albany,2543,126,0,42.60060306,-73.97723916,36001.0,832.3895439042112,4.954777821470704,2417,2531,126,0,2405,2521,307117,12,0,0,12,10
2020-08-04,US,New York,Allegany,75,1,0,42.25748406,-78.02750466,36003.0,162.72157254127703,1.3333333333333333,74,75,1,0,74,74,46430,0,0,0,0,1
2020-08-04,US,New York,Broome,1078,64,0,42.15903158,-75.81326086,36007.0,565.9149132753769,5.936920222634507,1014,1064,64,0,1000,1054,191659,14,0,0,14,10
2020-08-04,US,New York,Cattaraugus,164,6,0,42.24778241,-78.67923096,36009.0,215.4577820986113,3.6585365853658534,158,162,6,0,156,159,76840,2,0,0,2,3
2020-08-04,US,New York,Cayuga,150,2,0,42.91261714,-76.55731592,36011.0,195.88382783117424,1.3333333333333333,148,148,2,0,146,148,77145,2,0,0,2,0
2020-08-04,US,New York,Chautauqua,241,9,0,42.22769210000001,-79.36691763,36013.0,189.90882800249008,3.734439834024896,232,234,9,0,225,232,127939,7,0,0,7,2
2020-08-04,US,New York,Chemung,163,3,0,42.13891056,-76.7638805,36015.0,195.3125,1.8404907975460123,160,163,3,0,160,163,84254,0,0,0,0,0
2020-08-04,US,New York,Chenango,212,6,0,42.49430041,-75.60887553,36017.0,449.085940644396,2.830188679245283,206,211,6,0,205,211,47536,1,0,0,1,0
2020-08-04,US,New York,Clinton,127,4,0,44.74530905,-73.67875352,36019.0,157.79337764800894,3.1496062992125986,123,127,4,0,123,127,80695,0,0,0,0,0
2020-08-04,US,New York,Columbia,529,37,0,42.24819348,-73.63089095,36021.0,889.6587679319217,6.994328922495273,492,523,37,0,486,522,59916,6,0,0,6,1
2020-08-04,US,New York,Cortland,93,0,0,42.59509207,-76.07048931,36023.0,195.45616947941411,0.0,93,92,0,0,92,92,47823,1,0,0,1,0
2020-08-04,US,New York,Delaware,104,4,0,42.19837623,-74.96709306,36025.0,235.640648011782,3.8461538461538463,100,104,4,0,100,103,44527,0,0,0,0,1
2020-08-04,US,New York,Dutchess,4557,153,0,41.76486060000001,-73.74356679,36027.0,1548.8515318573307,3.3574720210664912,4404,4543,153,0,4390,4520,293718,14,0,0,14,23
2020-08-04,US,New York,Erie,8667,669,0,42.76249024,-78.73063652,36029.0,943.3962264150942,7.718933887158187,7998,8626,669,0,7957,8572,919719,41,0,0,41,54
2020-08-04,US,New York,Essex,55,0,0,44.11630765,-73.77297842,36031.0,149.1121051918124,0.0,55,55,0,0,55,55,37300,0,0,0,0,0
2020-08-04,US,New York,Franklin,50,0,0,44.59040891,-74.29926032,36033.0,99.95601935148537,0.0,50,50,0,0,50,50,50293,0,0,0,0,0
2020-08-04,US,New York,Fulton,285,24,0,43.11363907,-74.41798804,36035.0,533.877826274282,8.421052631578947,261,285,24,0,261,283,53591,0,0,0,0,2
2020-08-04,US,New York,Genesee,273,5,0,43.0022601,-78.19135193,36037.0,476.60614525139664,1.8315018315018317,268,273,5,0,268,272,57511,0,0,0,0,1
2020-08-04,US,New York,Greene,289,18,0,42.275797,-74.12384884,36039.0,612.443841654658,6.228373702422147,271,289,18,0,271,289,47491,0,0,0,0,0
2020-08-04,US,New York,Hamilton,7,0,0,43.66146647,-74.49721957,36041.0,158.5144927536232,0.0,7,7,0,0,7,7,4434,0,0,0,0,0
2020-08-04,US,New York,Herkimer,262,4,0,43.42034246,-74.96145307,36043.0,427.2737650646618,1.5267175572519085,258,246,4,0,242,241,61833,16,0,0,16,5
2020-08-04,US,New York,Jefferson,139,0,0,44.04200959,-75.94653457,36045.0,126.55461878835337,0.0,139,134,0,0,134,134,111755,5,0,0,5,0
2020-08-04,US,New York,Lewis,37,0,0,43.784415700000004,-75.44903992,36049.0,140.7058107696988,0.0,37,35,0,0,35,35,26447,2,0,0,2,0
2020-08-04,US,New York,Livingston,170,8,0,42.72596275,-77.77966158,36051.0,270.21012811139013,4.705882352941177,162,167,8,0,159,167,63227,3,0,0,3,0
2020-08-04,US,New York,Madison,405,17,0,42.91653905,-75.67266639,36053.0,570.8969425297078,4.197530864197532,388,401,17,0,384,400,70795,4,0,0,4,1
2020-08-04,US,New York,Monroe,4821,277,0,43.14638895,-77.69322942,36055.0,649.931919597719,5.745695913710848,4544,4790,277,0,4513,4768,742474,31,0,0,31,22
2020-08-04,US,New York,Montgomery,160,4,0,42.90123494,-74.44011632,36057.0,325.0645049877085,2.5,156,160,4,0,156,157,49455,0,0,0,0,3
2020-08-04,US,New York,Nassau,43436,2194,0,40.74066522,-73.58941873,36059.0,3201.063582042915,5.051109678607606,41242,43380,2194,0,41186,43322,1358343,56,0,0,56,58
2020-08-04,US,New York,New York City,226280,23556,0,40.76727260000001,-73.97152637,36061.0,2714.2253452366767,10.410111366448648,202724,225964,23550,0,202414,225723,1628701,316,6,0,310,241
2020-08-04,US,New York,Niagara,1458,98,0,43.19898042,-78.74777412,36063.0,696.6709830323822,6.721536351165981,1360,1449,98,0,1351,1446,210433,9,0,0,9,3
2020-08-04,US,New York,Oneida,2103,112,0,43.24375382,-75.43710392,36065.0,919.6618722968808,5.325725154541132,1991,2090,112,0,1978,2087,229577,13,0,0,13,3
2020-08-04,US,New York,Onondaga,3515,200,0,43.00491923,-76.19971155,36067.0,763.2543515269431,5.689900426742533,3315,3490,200,0,3290,3485,461809,25,0,0,25,5
2020-08-04,US,New York,Ontario,352,34,0,42.85145728,-77.30874425,36069.0,320.6500450914126,9.659090909090908,318,351,34,0,317,349,109864,1,0,0,1,2
2020-08-04,US,New York,Orange,11105,489,0,41.40337468,-74.30240757,36071.0,2884.8651737933183,4.4034218820351185,10616,11096,489,0,10607,11093,381951,9,0,0,9,3
2020-08-04,US,New York,Orleans,295,54,0,43.2516977,-78.2320066,36073.0,731.0666137985727,18.305084745762716,241,295,54,0,241,295,40612,0,0,0,0,0
2020-08-04,US,New York,Oswego,249,3,0,43.42778894,-76.14635194,36075.0,212.59519825142587,1.2048192771084338,246,248,3,0,245,246,117898,1,0,0,1,2
2020-08-04,US,New York,Otsego,115,5,0,42.63492579,-75.03151402,36077.0,193.30005210697053,4.3478260869565215,110,114,5,0,109,112,59749,1,0,0,1,2
2020-08-04,US,New York,Putnam,1437,63,0,41.42630093,-73.74965532,36079.0,1461.554109031733,4.3841336116910234,1374,1433,63,0,1370,1428,98892,4,0,0,4,5
2020-08-04,US,New York,Rensselaer,748,30,0,42.71348136,-73.51089874,36083.0,471.2879771160704,4.0106951871657746,718,740,30,0,710,736,159442,8,0,0,8,4
2020-08-04,US,New York,Rockland,13893,674,0,41.15027894,-74.02560498,36087.0,4264.416539539395,4.851363996257108,13219,13885,674,0,13211,13882,325695,8,0,0,8,3
2020-08-04,US,New York,Saratoga,739,17,0,43.10904162,-73.86653895,36091.0,321.49584752657023,2.3004059539918806,722,733,17,0,716,732,230163,6,0,0,6,1
2020-08-04,US,New York,Schenectady,1041,37,0,42.81668777,-74.05278291,36093.0,670.3198346415624,3.554274735830932,1004,1037,37,0,1000,1035,155350,4,0,0,4,2
2020-08-04,US,New York,Schoharie,68,0,0,42.58831742,-74.44339029999998,36095.0,219.36191490048063,0.0,68,68,0,0,68,68,31097,0,0,0,0,0
2020-08-04,US,New York,Schuyler,22,0,0,42.39184015,-76.8773299,36097.0,123.54691975065985,0.0,22,22,0,0,22,22,17912,0,0,0,0,0
2020-08-04,US,New York,Seneca,86,3,0,42.78081007,-76.82497064,36099.0,252.82220131702732,3.4883720930232562,83,86,3,0,83,86,34300,0,0,0,0,0
2020-08-04,US,New York,St. Lawrence,262,4,0,44.4976179,-75.06550039,36089.0,243.1780211620568,1.5267175572519085,258,262,4,0,258,262,108047,0,0,0,0,0
2020-08-04,US,New York,Steuben,294,42,0,42.2689144,-77.3829924,36101.0,308.24395307143084,14.285714285714285,252,292,42,0,250,292,95796,2,0,0,2,0
2020-08-04,US,New York,Suffolk,43468,1997,0,40.88320119,-72.8012172,36103.0,2943.7877937235585,4.594184227477685,41471,43395,1997,0,41398,43345,1481093,73,0,0,73,50
2020-08-04,US,New York,Sullivan,1484,48,0,41.71579493,-74.76394559,36105.0,1967.334818114328,3.2345013477088953,1436,1483,48,0,1435,1483,75498,1,0,0,1,0
2020-08-04,US,New York,Tioga,191,25,0,42.16852837,-76.30835812,36107.0,396.24089786942716,13.089005235602095,166,190,25,0,165,189,48560,1,0,0,1,1
2020-08-04,US,New York,Tompkins,230,0,0,42.44945765,-76.47229843,36109.0,225.09297318457627,0.0,230,230,0,0,230,230,102793,0,0,0,0,0
2020-08-04,US,New York,Ulster,2039,91,0,41.89027881,-74.26252104,36111.0,1148.2601521627726,4.462972045120157,1948,2031,91,0,1940,2028,178599,8,0,0,8,3
2020-08-04,US,New York,Warren,302,33,0,43.56173026,-73.8433699,36113.0,472.2882522206932,10.927152317880797,269,300,33,0,267,300,64265,2,0,0,2,0
2020-08-04,US,New York,Washington,255,14,0,43.31153794,-73.43043448,36115.0,416.6394353310241,5.490196078431373,241,255,14,0,241,255,61197,0,0,0,0,0
2020-08-04,US,New York,Wayne,248,3,0,43.15494365,-77.02976528,36117.0,275.8068462376832,1.2096774193548387,245,247,3,0,244,246,90064,1,0,0,1,1
2020-08-04,US,New York,Westchester,36049,1446,0,41.16278376,-73.75741653,36119.0,3725.971725239947,4.011206968293156,34603,36014,1446,0,34568,35998,967612,35,0,0,35,16
2020-08-04,US,New York,Wyoming,113,5,0,42.70145109,-78.22199579,36121.0,283.4993351564264,4.424778761061948,108,113,5,0,108,112,40085,0,0,0,0,1
2020-08-04,US,New York,Yates,56,7,0,42.63505484,-77.10369919,36123.0,224.78224220286597,12.5,49,55,7,0,48,55,24841,1,0,0,1,0
2020-08-04,US,North Carolina,Alamance,2280,41,0,36.0434701,-79.39976137,37001.0,1345.0613241774772,1.7982456140350878,2239,2264,41,0,2223,2207,166436,16,0,0,16,57
2020-08-04,US,North Carolina,Alexander,295,2,0,35.922379600000006,-81.17751948,37003.0,786.7296050350694,0.6779661016949152,293,295,2,0,293,295,37353,0,0,0,0,0
2020-08-04,US,North Carolina,Alleghany,165,0,0,36.49360862,-81.12857041,37005.0,1481.5479931759,0.0,165,165,0,0,165,98,11161,0,0,0,0,67
2020-08-04,US,North Carolina,Anson,308,2,0,34.97403241,-80.09953279,37007.0,1259.9198232839728,0.6493506493506493,306,304,2,0,302,302,24877,4,0,0,4,2
2020-08-04,US,North Carolina,Ashe,126,1,0,36.43296207,-81.49862729,37009.0,463.1842076241591,0.7936507936507936,125,126,1,0,125,119,27109,0,0,0,0,7
2020-08-04,US,North Carolina,Avery,99,0,0,36.07569796,-81.92308483,37011.0,563.8776556359287,0.0,99,99,0,0,99,83,17505,0,0,0,0,16
2020-08-04,US,North Carolina,Beaufort,373,2,0,35.48531943,-76.84325809,37013.0,793.7183470230243,0.5361930294906166,371,373,2,0,371,348,47079,0,0,0,0,25
2020-08-04,US,North Carolina,Bertie,254,5,0,36.0688473,-76.96545943,37015.0,1340.581622420436,1.9685039370078738,249,249,5,0,244,247,19026,5,0,0,5,2
2020-08-04,US,North Carolina,Bladen,591,7,0,34.61296243,-78.56180059,37017.0,1806.1243200293384,1.1844331641285957,584,589,7,0,582,584,33190,2,0,0,2,5
2020-08-04,US,North Carolina,Brunswick,1202,17,0,34.070565,-78.22814204,37019.0,841.6188208934323,1.4143094841930115,1185,1198,17,0,1181,1188,136744,4,0,0,4,10
2020-08-04,US,North Carolina,Buncombe,1741,46,0,35.61113393,-82.53305,37021.0,666.5620178336926,2.642159678345778,1695,1715,46,0,1669,1689,259103,26,0,0,26,26
2020-08-04,US,North Carolina,Burke,1637,28,0,35.74989637,-81.70755735,37023.0,1809.139636403824,1.7104459376908983,1609,1637,28,0,1609,1556,90382,0,0,0,0,81
2020-08-04,US,North Carolina,Cabarrus,2504,49,0,35.3877799,-80.55267168,37025.0,1156.8331231260365,1.9568690095846648,2455,2504,49,0,2455,2406,211342,0,0,0,0,98
2020-08-04,US,North Carolina,Caldwell,1154,14,0,35.95204977,-81.54799522,37027.0,1404.2687823991823,1.2131715771230502,1140,1138,14,0,1124,1121,82029,16,0,0,16,17
2020-08-04,US,North Carolina,Camden,63,2,0,36.33804939,-76.15568396,37029.0,579.7368178890217,3.1746031746031744,61,63,2,0,61,63,10710,0,0,0,0,0
2020-08-04,US,North Carolina,Carteret,332,6,0,34.8932941,-76.54120135,37031.0,477.8834943071409,1.8072289156626504,326,332,6,0,326,295,69524,0,0,0,0,37
2020-08-04,US,North Carolina,Caswell,189,2,0,36.39312665,-79.33353281,37033.0,836.1351973102105,1.058201058201058,187,186,2,0,184,184,22698,3,0,0,3,2
2020-08-04,US,North Carolina,Catawba,1972,29,0,35.66211129,-81.2132617,37035.0,1235.9684364247169,1.4705882352941178,1943,1972,29,0,1943,1898,158652,0,0,0,0,74
2020-08-04,US,North Carolina,Chatham,1255,50,0,35.70394416,-79.25541492,37037.0,1685.2423794816705,3.98406374501992,1205,1245,50,0,1195,1234,73139,10,0,0,10,11
2020-08-04,US,North Carolina,Cherokee,265,3,0,35.1349263,-84.05970864,37039.0,926.184817559066,1.1320754716981132,262,265,3,0,262,236,28383,0,0,0,0,29
2020-08-04,US,North Carolina,Chowan,145,1,0,36.12908077,-76.60118385,37041.0,1039.948361184824,0.6896551724137931,144,144,1,0,143,138,14029,1,0,0,1,6
2020-08-04,US,North Carolina,Clay,76,0,0,35.05704275,-83.74353633,37043.0,676.6984240049862,0.0,76,76,0,0,76,65,11139,0,0,0,0,11
2020-08-04,US,North Carolina,Cleveland,1087,17,0,35.33553364,-81.55204486,37045.0,1109.7838627012568,1.5639374425022998,1070,1037,17,0,1020,1019,97645,50,0,0,50,18
2020-08-04,US,North Carolina,Columbus,838,46,0,34.26744084,-78.65801424,37047.0,1509.6922966058944,5.4892601431980905,792,833,46,0,787,826,55655,5,0,0,5,7
2020-08-04,US,North Carolina,Craven,673,10,0,35.11833364,-77.08398081,37049.0,658.9060006461783,1.4858841010401191,663,673,10,0,663,631,102912,0,0,0,0,42
2020-08-04,US,North Carolina,Cumberland,2833,50,0,35.04762133,-78.82623165,37051.0,844.3886751175079,1.7649135192375571,2783,2817,50,0,2767,2734,332330,16,0,0,16,83
2020-08-04,US,North Carolina,Currituck,71,0,0,36.36123664,-75.95876401,37053.0,255.73605157944027,0.0,71,70,0,0,70,70,27072,1,0,0,1,0
2020-08-04,US,North Carolina,Dare,202,2,0,35.66520691,-75.71767334,37055.0,545.8131805776973,0.99009900990099,200,202,2,0,200,199,36501,0,0,0,0,3
2020-08-04,US,North Carolina,Davidson,1675,18,0,35.79115496,-80.21256572,37057.0,999.3496769266568,1.0746268656716418,1657,1653,18,0,1635,1643,166614,22,0,0,22,10
2020-08-04,US,North Carolina,Davie,387,6,0,35.93099927,-80.54496571,37059.0,903.2348410586752,1.5503875968992251,381,386,6,0,380,371,42733,1,0,0,1,15
2020-08-04,US,North Carolina,Duplin,1952,47,0,34.93449805,-77.93140529,37061.0,3323.062256345653,2.4077868852459017,1905,1939,43,0,1896,1937,58856,13,4,0,9,2
2020-08-04,US,North Carolina,Durham,5946,79,0,36.03638492,-78.87608331,37063.0,1849.5247100980441,1.3286242852337706,5867,5917,79,0,5838,5871,316739,29,0,0,29,46
2020-08-04,US,North Carolina,Edgecombe,596,12,0,35.91230639,-77.59436892,37065.0,1157.911097295617,2.0134228187919465,584,589,11,0,578,579,52005,7,1,0,6,10
2020-08-04,US,North Carolina,Forsyth,5007,49,0,36.12859861,-80.25459052,37067.0,1309.7215501118244,0.9786299181146396,4958,4955,49,0,4906,4925,379099,52,0,0,52,30
2020-08-04,US,North Carolina,Franklin,805,25,0,36.081519,-78.28708884,37069.0,1155.1983927674535,3.1055900621118013,780,797,25,0,772,783,67560,8,0,0,8,14
2020-08-04,US,North Carolina,Gaston,3083,41,0,35.29373559,-81.17477045,37071.0,1373.0965710442752,1.3298734998378203,3042,3035,41,0,2994,3013,222846,48,0,0,48,22
2020-08-04,US,North Carolina,Gates,45,2,0,36.44667547,-76.69749701,37073.0,389.20601971977163,4.4444444444444455,43,45,2,0,43,43,11573,0,0,0,0,2
2020-08-04,US,North Carolina,Graham,29,0,0,35.3506925,-83.83369267,37075.0,343.5611894325317,0.0,29,27,0,0,27,27,8484,2,0,0,2,0
2020-08-04,US,North Carolina,Granville,1186,26,0,36.30337451,-78.65184241,37077.0,1962.1792432539746,2.1922428330522767,1160,1185,25,0,1160,1176,60115,1,1,0,0,9
2020-08-04,US,North Carolina,Greene,313,3,0,35.48544173,-77.67578087,37079.0,1485.5949499264325,0.9584664536741214,310,311,3,0,308,308,21012,2,0,0,2,3
2020-08-04,US,North Carolina,Guilford,5310,150,0,36.07959451,-79.78824948,37081.0,988.506517441276,2.824858757062147,5160,5254,147,0,5107,5209,533670,56,3,0,53,45
2020-08-04,US,North Carolina,Halifax,650,6,0,36.25669272,-77.6556109,37083.0,1299.740051989602,0.9230769230769232,644,650,6,0,644,639,50574,0,0,0,0,11
2020-08-04,US,North Carolina,Harnett,1178,36,0,35.36731853,-78.87243571,37085.0,866.3293522386302,3.0560271646859083,1142,1158,36,0,1122,1141,134214,20,0,0,20,17
2020-08-04,US,North Carolina,Haywood,356,7,0,35.55269063,-82.98196486,37087.0,571.2726864258549,1.9662921348314608,349,348,6,0,342,298,61971,8,1,0,7,50
2020-08-04,US,North Carolina,Henderson,1420,54,0,35.33788927,-82.4766782,37089.0,1209.3649130875426,3.8028169014084505,1366,1402,54,0,1348,1363,116748,18,0,0,18,39
2020-08-04,US,North Carolina,Hertford,307,11,0,36.3607755,-76.98104134,37091.0,1296.616970055328,3.5830618892508137,296,295,11,0,284,283,23659,12,0,0,12,12
2020-08-04,US,North Carolina,Hoke,681,9,0,35.01888303,-79.23651674,37093.0,1232.936234927762,1.3215859030837005,672,674,8,0,666,670,54764,7,1,0,6,4
2020-08-04,US,North Carolina,Hyde,37,0,0,35.42017674,-76.15180542,37095.0,749.4429815677538,0.0,37,37,0,0,37,37,5230,0,0,0,0,0
2020-08-04,US,North Carolina,Iredell,1771,18,0,35.80950511,-80.8743128,37097.0,974.1152657228032,1.0163749294184077,1753,1771,18,0,1753,1691,178435,0,0,0,0,80
2020-08-04,US,North Carolina,Jackson,412,3,0,35.28814273,-83.14093385,37099.0,937.6849196595202,0.7281553398058253,409,412,3,0,409,394,43327,0,0,0,0,18
2020-08-04,US,North Carolina,Johnston,3117,44,0,35.51745004,-78.36622717,37101.0,1488.9724322749225,1.4116137311517485,3073,3085,44,0,3041,3057,202675,32,0,0,32,28
2020-08-04,US,North Carolina,Jones,78,3,0,35.02254606,-77.35870791,37103.0,828.1133878331032,3.8461538461538463,75,78,3,0,75,59,9637,0,0,0,0,19
2020-08-04,US,North Carolina,Lee,1225,11,0,35.47623147,-79.17569362,37105.0,1982.8744395344693,0.8979591836734694,1214,1217,10,0,1207,1199,61452,8,1,0,7,18
2020-08-04,US,North Carolina,Lenoir,538,12,0,35.24032589999999,-77.64245615,37107.0,961.5900194820283,2.2304832713754648,526,536,12,0,524,535,55976,2,0,0,2,1
2020-08-04,US,North Carolina,Lincoln,773,3,0,35.48508185,-81.21740317,37109.0,897.6785776497777,0.38809831824062097,770,751,3,0,748,746,83770,22,0,0,22,5
2020-08-04,US,North Carolina,Macon,460,3,0,35.14867843,-83.41696617,37113.0,1282.837860449551,0.6521739130434783,457,460,3,0,457,446,35285,0,0,0,0,14
2020-08-04,US,North Carolina,Madison,41,0,0,35.85402722,-82.71346418,37115.0,188.4624224316249,0.0,41,40,0,0,40,38,21763,1,0,0,1,2
2020-08-04,US,North Carolina,Martin,245,6,0,35.84326734,-77.10860251,37117.0,1091.8003565062388,2.4489795918367347,239,244,6,0,238,239,22671,1,0,0,1,5
2020-08-04,US,North Carolina,McDowell,618,13,0,35.67736232,-82.0482425,37111.0,1350.6425386834514,2.103559870550162,605,609,13,0,596,604,45507,9,0,0,9,5
2020-08-04,US,North Carolina,Mecklenburg,21316,222,0,35.24469268,-80.8317671,37119.0,1919.744658469896,1.0414711953462188,21094,21054,222,0,20832,20864,1093901,262,0,0,262,190
2020-08-04,US,North Carolina,Mitchell,116,2,0,36.01059309,-82.1582442,37121.0,775.1937984496125,1.7241379310344829,114,116,2,0,114,108,15000,0,0,0,0,8
2020-08-04,US,North Carolina,Montgomery,644,14,0,35.33155144,-79.90416657,37123.0,2369.999631987635,2.1739130434782608,630,644,14,0,630,587,27271,0,0,0,0,57
2020-08-04,US,North Carolina,Moore,933,20,0,35.30885257,-79.48474178,37125.0,924.8612212529738,2.143622722400857,913,909,20,0,889,890,98682,24,0,0,24,19
2020-08-04,US,North Carolina,Nash,1074,12,0,35.96575634,-77.98422508,37127.0,1138.9425014316314,1.11731843575419,1062,1063,11,0,1052,1038,94016,11,1,0,10,25
2020-08-04,US,North Carolina,New Hanover,2449,20,0,34.25758282,-77.87075626,37129.0,1044.4699389695188,0.8166598611678236,2429,2449,20,0,2429,2337,232274,0,0,0,0,112
2020-08-04,US,North Carolina,Northampton,329,16,0,36.41736238,-77.39769443,37131.0,1688.6516450238669,4.863221884498481,313,329,16,0,313,307,19676,0,0,0,0,22
2020-08-04,US,North Carolina,Onslow,961,10,0,34.72607366,-77.42908179,37133.0,485.5055623478058,1.0405827263267429,951,934,10,0,924,930,197683,27,0,0,27,4
2020-08-04,US,North Carolina,Orange,1296,45,0,36.06092947,-79.12167935,37135.0,872.8683423583609,3.4722222222222223,1251,1293,45,0,1248,1286,146027,3,0,0,3,7
2020-08-04,US,North Carolina,Pamlico,65,1,0,35.15253315,-76.66559823,37137.0,510.7653622505108,1.5384615384615383,64,65,1,0,64,58,12670,0,0,0,0,7
2020-08-04,US,North Carolina,Pasquotank,360,17,0,36.26723798,-76.25134778,37139.0,903.9775010044194,4.722222222222221,343,359,17,0,342,351,39639,1,0,0,1,8
2020-08-04,US,North Carolina,Pender,632,3,0,34.52265624,-77.90352133,37141.0,1002.220107833809,0.4746835443037974,629,626,3,0,623,619,62162,6,0,0,6,7
2020-08-04,US,North Carolina,Perquimans,73,2,0,36.17847453,-76.40603143,37143.0,542.2268439426576,2.7397260273972597,71,71,2,0,69,67,13422,2,0,0,2,4
2020-08-04,US,North Carolina,Person,201,2,0,36.38989032,-78.97217358,37145.0,508.9896176247151,0.9950248756218906,199,201,2,0,199,193,39507,0,0,0,0,8
2020-08-04,US,North Carolina,Pitt,1802,11,0,35.59535426,-77.37353178,37147.0,997.0012504011244,0.6104328523862376,1791,1795,11,0,1784,1766,179914,7,0,0,7,29
2020-08-04,US,North Carolina,Polk,146,5,0,35.27820615,-82.16812354,37149.0,704.497201312488,3.4246575342465757,141,140,5,0,135,137,20611,6,0,0,6,3
2020-08-04,US,North Carolina,Randolph,2075,36,0,35.71015088,-79.80570339,37151.0,1444.3121941712436,1.7349397590361446,2039,2071,36,0,2035,2054,143351,4,0,0,4,17
2020-08-04,US,North Carolina,Richmond,486,8,0,35.00417719,-79.74491009,37153.0,1084.1196546878136,1.6460905349794241,478,486,8,0,478,478,44887,0,0,0,0,8
2020-08-04,US,North Carolina,Robeson,2682,51,0,34.64244496,-79.10250529999998,37155.0,2053.2057416267944,1.9015659955257271,2631,2658,51,0,2607,2635,131831,24,0,0,24,23
2020-08-04,US,North Carolina,Rockingham,494,7,0,36.39593137,-79.77504841,37157.0,542.7974947807933,1.4170040485829958,487,494,7,0,487,470,90690,0,0,0,0,24
2020-08-04,US,North Carolina,Rowan,2060,48,0,35.64003916,-80.52446628,37159.0,1449.8057541805078,2.3300970873786406,2012,2032,48,0,1984,2007,141262,28,0,0,28,25
2020-08-04,US,North Carolina,Rutherford,689,14,0,35.40114178,-81.92112099,37161.0,1027.9132912619912,2.0319303338171264,675,689,14,0,675,642,66826,0,0,0,0,47
2020-08-04,US,North Carolina,Sampson,1431,13,0,34.98820368,-78.36914061,37163.0,2252.443688907777,0.9084556254367576,1418,1427,12,0,1415,1421,63626,4,1,0,3,6
2020-08-04,US,North Carolina,Scotland,302,2,0,34.8386299,-79.4757978,37165.0,867.2429141659247,0.6622516556291391,300,293,2,0,291,281,34810,9,0,0,9,12
2020-08-04,US,North Carolina,Stanly,928,20,0,35.31647813,-80.25093221,37167.0,1477.5658376588226,2.155172413793104,908,912,20,0,892,897,62075,16,0,0,16,15
2020-08-04,US,North Carolina,Stokes,270,3,0,36.4017975,-80.23893369,37169.0,592.2221491083768,1.1111111111111112,267,266,3,0,263,265,45467,4,0,0,4,1
2020-08-04,US,North Carolina,Surry,877,9,0,36.41689489,-80.69102283,37171.0,1221.7377373472827,1.026225769669327,868,872,8,0,864,869,71948,5,1,0,4,3
2020-08-04,US,North Carolina,Swain,106,2,0,35.48665845,-83.48748932,37173.0,742.7650479994394,1.8867924528301887,104,105,2,0,103,105,14245,1,0,0,1,0
2020-08-04,US,North Carolina,Transylvania,132,1,0,35.20383864,-82.79638423,37175.0,383.88832339683,0.7575757575757576,131,132,1,0,131,127,34215,0,0,0,0,5
2020-08-04,US,North Carolina,Tyrrell,92,1,0,35.87147226,-76.17055253,37177.0,2290.8366533864537,1.0869565217391304,91,92,1,0,91,91,4131,0,0,0,0,1
2020-08-04,US,North Carolina,Union,2881,42,0,34.98960527,-80.52955873,37179.0,1201.1223260332113,1.4578271433530023,2839,2823,41,0,2782,2802,235908,58,1,0,57,21
2020-08-04,US,North Carolina,Vance,739,40,0,36.36880673,-78.40670845,37181.0,1659.3690355899853,5.412719891745602,699,738,40,0,698,731,44582,1,0,0,1,7
2020-08-04,US,North Carolina,Wake,11337,134,0,35.78879266,-78.65249174,37183.0,1019.7335578420184,1.1819705389432829,11203,11305,133,0,11172,11113,1092305,32,1,0,31,192
2020-08-04,US,North Carolina,Warren,246,7,0,36.39728256,-78.10652228,37185.0,1246.7690436369164,2.845528455284553,239,243,7,0,236,240,19807,3,0,0,3,3
2020-08-04,US,North Carolina,Washington,121,4,0,35.83810081,-76.57299037,37187.0,1044.9050086355783,3.3057851239669422,117,121,3,0,118,120,11859,0,1,0,-1,1
2020-08-04,US,North Carolina,Watauga,283,0,0,36.23103603,-81.70033724,37189.0,503.76488598536764,0.0,283,283,0,0,283,256,55945,0,0,0,0,27
2020-08-04,US,North Carolina,Wayne,2330,37,0,35.36438125,-78.00027268,37191.0,1892.2935735111387,1.5879828326180256,2293,2328,37,0,2291,2312,123248,2,0,0,2,16
2020-08-04,US,North Carolina,Wilkes,741,10,0,36.2084135,-81.16232895,37193.0,1083.1433081915454,1.349527665317139,731,736,10,0,726,734,68557,5,0,0,5,2
2020-08-04,US,North Carolina,Wilson,1436,35,0,35.70625477,-77.917978,37195.0,1755.479761861102,2.437325905292479,1401,1436,35,0,1401,1399,81455,0,0,0,0,37
2020-08-04,US,North Carolina,Yadkin,508,6,0,36.16222629,-80.66239436,37197.0,1348.6606313218467,1.1811023622047243,502,508,6,0,502,490,37543,0,0,0,0,18
2020-08-04,US,North Carolina,Yancey,101,0,0,35.90079156,-82.31237181,37199.0,558.9683989152693,0.0,101,101,0,0,101,94,17903,0,0,0,0,7
2020-08-04,US,North Dakota,Adams,2,0,0,46.09686891,-102.5285397,38001.0,90.25270758122744,0.0,2,2,0,0,2,2,2294,0,0,0,0,0
2020-08-04,US,North Dakota,Barnes,35,0,0,46.93579637,-98.06605978,38003.0,336.0537686029765,0.0,35,34,0,0,34,33,10542,1,0,0,1,1
2020-08-04,US,North Dakota,Benson,127,1,0,48.0683985,-99.35916363,38005.0,1858.899297423888,0.7874015748031497,126,94,1,0,93,94,6962,33,0,0,33,0
2020-08-04,US,North Dakota,Billings,2,0,0,47.02366884,-103.3762965,38007.0,215.5172413793104,0.0,2,2,0,0,2,2,919,0,0,0,0,0
2020-08-04,US,North Dakota,Bottineau,18,0,0,48.79106111,-100.8378166,38009.0,286.5329512893983,0.0,18,18,0,0,18,17,6411,0,0,0,0,1
2020-08-04,US,North Dakota,Bowman,6,0,0,46.11285362,-103.5203343,38011.0,198.4126984126984,0.0,6,6,0,0,6,6,3076,0,0,0,0,0
2020-08-04,US,North Dakota,Burke,23,0,0,48.79094471,-102.5182117,38013.0,1087.4704491725768,0.0,23,22,0,0,22,19,2100,1,0,0,1,3
2020-08-04,US,North Dakota,Burleigh,1007,5,0,46.97847375,-100.4645214,38015.0,1053.0608830234455,0.4965243296921549,1002,979,5,0,974,961,95273,28,0,0,28,18
2020-08-04,US,North Dakota,Cass,2938,76,0,46.93201724,-97.2444719,38017.0,1614.9689703885708,2.5867937372362158,2862,2932,76,0,2856,2922,181516,6,0,0,6,10
2020-08-04,US,North Dakota,Cavalier,31,0,0,48.77286211,-98.46685243,38019.0,824.0297713981925,0.0,31,31,0,0,31,31,3829,0,0,0,0,0
2020-08-04,US,North Dakota,Dickey,12,0,0,46.11017712,-98.5049008,38021.0,246.30541871921181,0.0,12,11,0,0,11,11,4903,1,0,0,1,0
2020-08-04,US,North Dakota,Divide,1,0,0,48.814938700000006,-103.4873611,38023.0,44.16961130742049,0.0,1,1,0,0,1,1,2283,0,0,0,0,0
2020-08-04,US,North Dakota,Dunn,30,0,0,47.35423935,-102.6160468,38025.0,678.1193490054251,0.0,30,30,0,0,30,29,4332,0,0,0,0,1
2020-08-04,US,North Dakota,Eddy,15,0,0,47.71701474,-98.90432337,38027.0,655.8810668998689,0.0,15,13,0,0,13,13,2313,2,0,0,2,0
2020-08-04,US,North Dakota,Emmons,17,1,0,46.28398398,-100.2389766,38029.0,524.5294662141314,5.882352941176472,16,16,1,0,15,15,3295,1,0,0,1,1
2020-08-04,US,North Dakota,Foster,17,0,0,47.4571084,-98.88279923,38031.0,529.5950155763238,0.0,17,19,0,0,19,17,3216,-2,0,0,-2,2
2020-08-04,US,North Dakota,Golden Valley,4,0,0,46.94022281,-103.8465421,38033.0,227.14366837024414,0.0,4,4,0,0,4,4,1769,0,0,0,0,0
2020-08-04,US,North Dakota,Grand Forks,642,5,0,47.92093639,-97.45450447,38035.0,924.3927373255963,0.778816199376947,637,637,5,0,632,626,70770,5,0,0,5,11
2020-08-04,US,North Dakota,Grant,4,0,0,46.35821257,-101.6390013,38037.0,175.9014951627089,0.0,4,4,0,0,4,4,2374,0,0,0,0,0
2020-08-04,US,North Dakota,Griggs,30,1,0,47.45785838,-98.23850925,38039.0,1344.688480502017,3.333333333333333,29,30,0,0,30,30,2232,0,1,0,-1,0
2020-08-04,US,North Dakota,Hettinger,6,0,0,46.43375068,-102.4632417,38041.0,240.09603841536614,0.0,6,6,0,0,6,6,2514,0,0,0,0,0
2020-08-04,US,North Dakota,Kidder,11,0,0,46.97830064,-99.77507857,38043.0,443.5483870967742,0.0,11,11,0,0,11,11,2450,0,0,0,0,0
2020-08-04,US,North Dakota,LaMoure,15,0,0,46.45681054,-98.53542355,38045.0,370.7365299060801,0.0,15,14,0,0,14,14,4062,1,0,0,1,0
2020-08-04,US,North Dakota,Logan,6,0,0,46.45729487,-99.47719806,38047.0,324.3243243243243,0.0,6,6,0,0,6,5,1903,0,0,0,0,1
2020-08-04,US,North Dakota,McHenry,15,1,0,48.23104458,-100.6324822,38049.0,261.0966057441253,6.666666666666668,14,15,1,0,14,14,5816,0,0,0,0,1
2020-08-04,US,North Dakota,McIntosh,27,1,0,46.11182017,-99.44145858,38051.0,1081.297557068482,3.703703703703704,26,26,1,0,25,24,2585,1,0,0,1,2
2020-08-04,US,North Dakota,McKenzie,84,1,0,47.74133370000001,-103.395905,38053.0,559.1054313099041,1.1904761904761905,83,79,1,0,78,79,13632,5,0,0,5,0
2020-08-04,US,North Dakota,McLean,39,0,0,47.60766714,-101.3182418,38055.0,412.6984126984127,0.0,39,39,0,0,39,37,9541,0,0,0,0,2
2020-08-04,US,North Dakota,Mercer,23,0,0,47.31213126,-101.8318399,38057.0,280.9331867594968,0.0,23,23,0,0,23,23,8267,0,0,0,0,0
2020-08-04,US,North Dakota,Morton,292,3,0,46.71681782,-101.2822377,38059.0,931.0036985078433,1.0273972602739727,289,281,3,0,278,272,31095,11,0,0,11,9
2020-08-04,US,North Dakota,Mountrail,122,1,0,48.20197971,-102.3555315,38061.0,1156.946420104315,0.819672131147541,121,119,1,0,118,115,10218,3,0,0,3,4
2020-08-04,US,North Dakota,Nelson,19,0,0,47.9226426,-98.19038437,38063.0,659.9513720041681,0.0,19,18,0,0,18,17,2869,1,0,0,1,1
2020-08-04,US,North Dakota,Oliver,7,0,0,47.11530482,-101.3406158,38065.0,357.32516590096986,0.0,7,7,0,0,7,7,1952,0,0,0,0,0
2020-08-04,US,North Dakota,Pembina,27,0,0,48.76623521,-97.5523809,38067.0,397.00044111160116,0.0,27,27,0,0,27,27,6947,0,0,0,0,0
2020-08-04,US,North Dakota,Pierce,11,0,0,48.24977025,-99.96407787,38069.0,276.7295597484277,0.0,11,11,0,0,11,11,4081,0,0,0,0,0
2020-08-04,US,North Dakota,Ramsey,60,2,0,48.26886249,-98.72223879,38071.0,520.8785484851114,3.333333333333333,58,47,2,0,45,43,11481,13,0,0,13,4
2020-08-04,US,North Dakota,Ransom,26,0,0,46.45621782,-97.65742504,38073.0,498.27520122652356,0.0,26,26,0,0,26,26,5237,0,0,0,0,0
2020-08-04,US,North Dakota,Renville,9,0,0,48.71982533,-101.6603912,38075.0,386.7640739149119,0.0,9,9,0,0,9,9,2374,0,0,0,0,0
2020-08-04,US,North Dakota,Richland,95,0,0,46.26440649,-96.94852979,38077.0,587.2535080670087,0.0,95,93,0,0,93,92,16239,2,0,0,2,1
2020-08-04,US,North Dakota,Rolette,35,0,0,48.77245354,-99.84097493,38079.0,246.8961625282167,0.0,35,34,0,0,34,33,14301,1,0,0,1,1
2020-08-04,US,North Dakota,Sargent,11,0,0,46.10830372,-97.63217159,38081.0,282.1959979476655,0.0,11,9,0,0,9,8,3870,2,0,0,2,1
2020-08-04,US,North Dakota,Sheridan,6,0,0,47.57700669,-100.3426391,38083.0,456.2737642585552,0.0,6,5,0,0,5,5,1349,1,0,0,1,0
2020-08-04,US,North Dakota,Sioux,59,1,0,46.11323337,-101.0440149,38085.0,1394.7990543735227,1.6949152542372878,58,59,0,0,59,58,4358,0,1,0,-1,1
2020-08-04,US,North Dakota,Slope,3,0,0,46.44737738,-103.4601547,38087.0,400.0,0.0,3,3,0,0,3,3,763,0,0,0,0,0
2020-08-04,US,North Dakota,Stark,221,3,0,46.80851182,-102.6576326,38089.0,701.8323859125409,1.3574660633484164,218,214,3,0,211,192,30997,7,0,0,7,22
2020-08-04,US,North Dakota,Steele,13,0,0,47.45611548,-97.72728747,38091.0,687.8306878306877,0.0,13,11,0,0,11,10,1903,2,0,0,2,1
2020-08-04,US,North Dakota,Stutsman,121,2,0,46.97962541,-98.95637318,38093.0,584.4281298299845,1.6528925619834711,119,118,2,0,116,115,20917,3,0,0,3,3
2020-08-04,US,North Dakota,Towner,5,0,0,48.68565745,-99.24564265,38095.0,228.41480127912288,0.0,5,5,0,0,5,5,2192,0,0,0,0,0
2020-08-04,US,North Dakota,Traill,47,0,0,47.45367788,-97.16323288,38097.0,584.868093578895,0.0,47,46,0,0,46,42,8037,1,0,0,1,4
2020-08-04,US,North Dakota,Walsh,99,0,0,48.36876964,-97.72574783,38099.0,930.3636876233437,0.0,99,98,0,0,98,98,10667,1,0,0,1,0
2020-08-04,US,North Dakota,Ward,195,1,0,48.22390169,-101.5436763,38101.0,288.2866900252805,0.5128205128205128,194,191,1,0,190,177,67744,4,0,0,4,14
2020-08-04,US,North Dakota,Wells,19,0,0,47.58614526,-99.65904998,38103.0,495.56598852373503,0.0,19,17,0,0,17,15,3957,2,0,0,2,2
2020-08-04,US,North Dakota,Williams,244,2,0,48.34522353,-103.4793387,38105.0,649.126074117428,0.819672131147541,242,233,2,0,231,230,35350,11,0,0,11,3
2020-08-04,US,Ohio,Adams,56,2,0,38.84541072,-83.4718964,39001.0,202.1806628637447,3.571428571428572,54,53,2,0,51,53,27724,3,0,0,3,0
2020-08-04,US,Ohio,Allen,667,42,0,40.77285242,-84.10802343,39003.0,651.6790260964721,6.296851574212892,625,654,42,0,612,646,102663,13,0,0,13,8
2020-08-04,US,Ohio,Ashland,133,3,0,40.84772277,-82.27280781,39005.0,248.67250018697186,2.255639097744361,130,133,3,0,130,130,53745,0,0,0,0,3
2020-08-04,US,Ohio,Ashtabula,544,45,0,41.70860332,-80.74830218,39007.0,559.4348063059821,8.272058823529411,499,539,45,0,494,538,97493,5,0,0,5,1
2020-08-04,US,Ohio,Athens,350,1,0,39.33425634,-82.04278644,39009.0,535.766222235829,0.2857142857142857,349,345,1,0,344,344,65818,5,0,0,5,1
2020-08-04,US,Ohio,Auglaize,226,5,0,40.55998859,-84.22421429999999,39011.0,495.00613281934477,2.2123893805309733,221,222,5,0,217,213,45804,4,0,0,4,9
2020-08-04,US,Ohio,Belmont,590,26,0,40.01625942,-80.9924051,39013.0,880.5181625526072,4.40677966101695,564,589,26,0,563,589,67505,1,0,0,1,0
2020-08-04,US,Ohio,Brown,118,1,0,38.93416837,-83.86788395,39015.0,271.68907717811754,0.8474576271186439,117,112,1,0,111,112,43602,6,0,0,6,0
2020-08-04,US,Ohio,Butler,2743,60,0,39.44012838,-84.57388716,39017.0,715.9375048938492,2.1873860736419983,2683,2714,59,0,2655,2683,382378,29,1,0,28,31
2020-08-04,US,Ohio,Carroll,110,5,0,40.5789686,-81.09178213,39019.0,408.7092219662629,4.545454545454546,105,108,5,0,103,107,27081,2,0,0,2,1
2020-08-04,US,Ohio,Champaign,150,2,0,40.13923427,-83.76875242,39021.0,385.75286100038574,1.3333333333333333,148,138,1,0,137,105,38754,12,1,0,11,33
2020-08-04,US,Ohio,Clark,1092,14,0,39.91592258,-83.78498252,39023.0,814.4209183863727,1.2820512820512822,1078,1086,13,0,1073,1076,134585,6,1,0,5,10
2020-08-04,US,Ohio,Clermont,859,11,0,39.04847534,-84.15375786,39025.0,416.12571937915396,1.280558789289872,848,855,11,0,844,835,205466,4,0,0,4,20
2020-08-04,US,Ohio,Clinton,153,6,0,39.41485808,-83.80852286,39027.0,364.56347693480745,3.92156862745098,147,148,6,0,142,146,42057,5,0,0,5,2
2020-08-04,US,Ohio,Columbiana,1583,60,0,40.76932373,-80.78094576,39029.0,1553.7430189531128,3.7902716361339235,1523,1582,60,0,1522,1570,102665,1,0,0,1,12
2020-08-04,US,Ohio,Coshocton,185,6,0,40.30096166,-81.91729018,39031.0,505.46448087431696,3.2432432432432434,179,186,6,0,180,185,36629,-1,0,0,-1,1
2020-08-04,US,Ohio,Crawford,168,5,0,40.85065156,-82.91989099,39033.0,404.87781365980624,2.9761904761904763,163,168,5,0,163,164,41550,0,0,0,0,4
2020-08-04,US,Ohio,Cuyahoga,12881,482,0,41.424119,-81.65918339,39035.0,1042.9351487200747,3.7419455011256892,12399,12753,477,0,12276,12646,1243857,128,5,0,123,107
2020-08-04,US,Ohio,Darke,341,26,0,40.13412966,-84.6194517,39037.0,667.1492575274393,7.624633431085044,315,321,27,0,294,316,51323,20,-1,0,21,5
2020-08-04,US,Ohio,Defiance,132,4,0,41.32398837,-84.49076944,39039.0,346.5749468322525,3.0303030303030303,128,129,4,0,125,129,38165,3,0,0,3,0
2020-08-04,US,Ohio,Delaware,1219,18,0,40.27942393,-83.00457058,39041.0,582.7600548817509,1.4766201804758001,1201,1206,18,0,1188,1194,204826,13,0,0,13,12
2020-08-04,US,Ohio,Erie,535,27,0,41.36796058,-82.62904521,39043.0,720.3834863867719,5.046728971962617,508,524,27,0,497,516,74615,11,0,0,11,8
2020-08-04,US,Ohio,Fairfield,1264,27,0,39.75107189,-82.63088163,39045.0,802.1627933542336,2.1360759493670884,1237,1254,25,0,1229,1238,155782,10,2,0,8,16
2020-08-04,US,Ohio,Fayette,102,0,0,39.56021306,-83.4562016,39047.0,357.581069237511,0.0,102,97,0,0,97,94,28666,5,0,0,5,3
2020-08-04,US,Ohio,Franklin,17404,515,0,39.96995815,-83.01115755,39049.0,1321.733107728387,2.9590898643989885,16889,17254,514,0,16740,17107,1310300,150,1,0,149,147
2020-08-04,US,Ohio,Fulton,141,1,0,41.60213491,-84.12571393,39051.0,334.7101552485401,0.7092198581560284,140,140,1,0,139,139,42276,1,0,0,1,1
2020-08-04,US,Ohio,Gallia,58,1,0,38.82708533,-82.31647569,39053.0,193.9929092246973,1.7241379310344829,57,58,1,0,57,57,29979,0,0,0,0,1
2020-08-04,US,Ohio,Geauga,535,44,0,41.49952319,-81.17935342,39055.0,571.2821279458402,8.22429906542056,491,531,43,0,488,528,94031,4,1,0,3,3
2020-08-04,US,Ohio,Greene,635,11,0,39.69116283,-83.89032084,39057.0,375.8797658298656,1.7322834645669292,624,626,11,0,615,619,167995,9,0,0,9,7
2020-08-04,US,Ohio,Guernsey,112,7,0,40.05026529,-81.49248905,39059.0,288.10289389067526,6.25,105,111,7,0,104,110,39022,1,0,0,1,1
2020-08-04,US,Ohio,Hamilton,9248,248,0,39.19673558,-84.54502924,39061.0,1131.2911863755744,2.6816608996539792,9000,9160,248,0,8912,9110,816684,88,0,0,88,50
2020-08-04,US,Ohio,Hancock,333,2,0,41.00250487,-83.66838948,39063.0,439.4125331538736,0.6006006006006006,331,320,2,0,318,315,75930,13,0,0,13,5
2020-08-04,US,Ohio,Hardin,153,12,0,40.66015414,-83.65929931,39065.0,487.8048780487805,7.84313725490196,141,150,12,0,138,150,31480,3,0,0,3,0
2020-08-04,US,Ohio,Harrison,21,1,0,40.29380509,-81.09068544,39067.0,139.62765957446808,4.761904761904762,20,20,1,0,19,19,15174,1,0,0,1,1
2020-08-04,US,Ohio,Henry,108,1,0,41.3339642,-84.06830637,39069.0,399.9111308598089,0.925925925925926,107,106,1,0,105,106,27086,2,0,0,2,0
2020-08-04,US,Ohio,Highland,136,1,0,39.1839264,-83.60331456,39071.0,315.0992794420889,0.7352941176470589,135,132,1,0,131,127,43058,4,0,0,4,5
2020-08-04,US,Ohio,Hocking,111,9,0,39.49537927,-82.47991446,39073.0,392.7257288423437,8.108108108108109,102,111,9,0,102,108,28385,0,0,0,0,3
2020-08-04,US,Ohio,Holmes,322,6,0,40.56163713,-81.92635677,39075.0,732.484076433121,1.8633540372670807,316,322,6,0,316,320,43892,0,0,0,0,2
2020-08-04,US,Ohio,Huron,378,4,0,41.14651175,-82.59867951,39077.0,648.7488415199258,1.058201058201058,374,376,4,0,372,371,58504,2,0,0,2,5
2020-08-04,US,Ohio,Jackson,68,0,0,39.01914254,-82.61818559999998,39079.0,209.79236726005,0.0,68,67,0,0,67,65,32384,1,0,0,1,2
2020-08-04,US,Ohio,Jefferson,210,3,0,40.38614126,-80.76259514,39081.0,321.4695752009185,1.4285714285714286,207,206,3,0,203,204,65767,4,0,0,4,2
2020-08-04,US,Ohio,Knox,185,7,0,40.39830217,-82.42027563,39083.0,296.8454157440392,3.783783783783784,178,169,2,0,167,165,61893,16,5,0,11,4
2020-08-04,US,Ohio,Lake,1054,36,0,41.69710807,-81.23676539,39085.0,457.96418841706895,3.415559772296015,1018,1043,36,0,1007,1034,230514,11,0,0,11,9
2020-08-04,US,Ohio,Lawrence,225,0,0,38.59743452,-82.53466552,39087.0,378.3865597093992,0.0,225,220,0,0,220,216,59866,5,0,0,5,4
2020-08-04,US,Ohio,Licking,1158,44,0,40.09136236,-82.48185785,39089.0,654.7477694473657,3.7996545768566494,1114,1125,43,0,1082,1116,175769,33,1,0,32,9
2020-08-04,US,Ohio,Logan,130,2,0,40.38996525,-83.76784341,39091.0,284.6382904186372,1.5384615384615383,128,123,1,0,122,120,45358,7,1,0,6,3
2020-08-04,US,Ohio,Lorain,1650,77,0,41.29553751,-82.15083537,39093.0,532.5449516352356,4.666666666666667,1573,1634,76,0,1558,1620,309461,16,1,0,15,14
2020-08-04,US,Ohio,Lucas,5035,319,0,41.62101218,-83.65468618,39095.0,1175.446132583787,6.335650446871897,4716,4944,318,0,4626,4852,429899,91,1,0,90,92
2020-08-04,US,Ohio,Madison,336,10,0,39.89381073,-83.40178317,39097.0,751.1569157854732,2.9761904761904763,326,333,10,0,323,329,44413,3,0,0,3,4
2020-08-04,US,Ohio,Mahoning,2437,253,0,41.01631101,-80.77287029,39099.0,1065.667321138869,10.381616741895773,2184,2411,253,0,2158,2393,229642,26,0,0,26,18
2020-08-04,US,Ohio,Marion,2896,44,0,40.58610662,-83.15736305,39101.0,4449.019095755304,1.5193370165745856,2852,2884,44,0,2840,2875,65256,12,0,0,12,9
2020-08-04,US,Ohio,Medina,848,33,0,41.11770589,-81.89986209999998,39103.0,471.77684065292135,3.8915094339622636,815,835,33,0,802,831,179146,13,0,0,13,4
2020-08-04,US,Ohio,Meigs,26,0,0,39.09224872,-82.0305041,39105.0,113.50242284017986,0.0,26,25,0,0,25,24,23106,1,0,0,1,1
2020-08-04,US,Ohio,Mercer,535,13,0,40.54043046,-84.62912742,39107.0,1299.4267949091616,2.4299065420560746,522,535,13,0,522,522,40959,0,0,0,0,13
2020-08-04,US,Ohio,Miami,781,37,0,40.0543329,-84.22871271,39109.0,729.9952330656996,4.737516005121639,744,769,37,0,732,768,106222,12,0,0,12,1
2020-08-04,US,Ohio,Monroe,91,18,0,39.72984936,-81.08464734,39111.0,666.4713637029442,19.78021978021978,73,91,18,0,73,90,13790,0,0,0,0,1
2020-08-04,US,Ohio,Montgomery,4092,80,0,39.75394919,-84.29050975,39113.0,769.6257384513823,1.9550342130987293,4012,4057,78,0,3979,4024,532331,35,2,0,33,33
2020-08-04,US,Ohio,Morgan,20,0,0,39.62081738,-81.85308173,39115.0,137.85497656465398,0.0,20,20,0,0,20,20,14604,0,0,0,0,0
2020-08-04,US,Ohio,Morrow,160,2,0,40.52363560000001,-82.7892599,39117.0,452.8985507246377,1.25,158,158,2,0,156,158,35112,2,0,0,2,0
2020-08-04,US,Ohio,Muskingum,199,1,0,39.96575964,-81.94363275,39119.0,230.81830307951046,0.5025125628140703,198,181,1,0,180,178,86183,18,0,0,18,3
2020-08-04,US,Ohio,Noble,16,0,0,39.76818851,-81.45937183,39121.0,110.92623405435387,0.0,16,17,0,0,17,16,14354,-1,0,0,-1,1
2020-08-04,US,Ohio,Ottawa,361,25,0,41.53781826,-83.0940185,39123.0,890.8081431215303,6.9252077562326875,336,359,25,0,334,352,40769,2,0,0,2,7
2020-08-04,US,Ohio,Paulding,62,0,0,41.11676341,-84.5801017,39125.0,332.0479862896315,0.0,62,61,0,0,61,59,18760,1,0,0,1,2
2020-08-04,US,Ohio,Perry,109,3,0,39.73508655,-82.23804971,39127.0,301.65495101566387,2.7522935779816518,106,106,2,0,104,105,36033,3,1,0,2,1
2020-08-04,US,Ohio,Pickaway,2365,42,0,39.64170392,-83.0243386,39129.0,4045.7088116051123,1.7758985200845665,2323,2357,42,0,2315,2352,58086,8,0,0,8,5
2020-08-04,US,Ohio,Pike,70,0,0,39.07634001,-83.06769584,39131.0,252.0524269047962,0.0,70,66,0,0,66,66,28067,4,0,0,4,0
2020-08-04,US,Ohio,Portage,724,60,0,41.16793482,-81.19735782,39133.0,445.6317014021395,8.287292817679559,664,717,60,0,657,711,162927,7,0,0,7,6
2020-08-04,US,Ohio,Preble,172,2,0,39.7420247,-84.64787018,39135.0,420.7230566019275,1.162790697674419,170,166,2,0,164,164,40997,6,0,0,6,2
2020-08-04,US,Ohio,Putnam,198,17,0,41.02094889,-84.1336111,39137.0,584.7435102330114,8.585858585858588,181,192,17,0,175,193,33780,6,0,0,6,-1
2020-08-04,US,Ohio,Richland,547,12,0,40.77180308,-82.53799609999999,39139.0,451.4914901695363,2.1937842778793417,535,540,12,0,528,536,121099,7,0,0,7,4
2020-08-04,US,Ohio,Ross,419,4,0,39.33705391,-83.06000914,39141.0,546.5264915347091,0.9546539379474941,415,401,4,0,397,387,76931,18,0,0,18,14
2020-08-04,US,Ohio,Sandusky,343,17,0,41.35624126,-83.137872,39143.0,586.144434191189,4.956268221574344,326,332,17,0,315,329,58799,11,0,0,11,3
2020-08-04,US,Ohio,Scioto,199,1,0,38.80270163,-82.98907345,39145.0,264.22710253073797,0.5025125628140703,198,188,1,0,187,185,75502,11,0,0,11,3
2020-08-04,US,Ohio,Seneca,167,3,0,41.12351311,-83.12783209,39147.0,302.6568559933307,1.7964071856287425,164,161,3,0,158,153,55207,6,0,0,6,8
2020-08-04,US,Ohio,Shelby,164,4,0,40.33163494,-84.20258189,39149.0,337.5180078205392,2.4390243902439024,160,160,4,0,156,157,48627,4,0,0,4,3
2020-08-04,US,Ohio,Stark,1713,137,0,40.81482476,-81.36437305,39151.0,462.21593822010436,7.997664915353181,1576,1690,132,0,1558,1679,371574,23,5,0,18,11
2020-08-04,US,Ohio,Summit,3338,217,0,41.12464734,-81.53123079,39153.0,616.9907192618292,6.500898741761534,3121,3294,217,0,3077,3248,541918,44,0,0,44,46
2020-08-04,US,Ohio,Trumbull,1451,105,0,41.31735028,-80.76109643,39155.0,732.9245254427349,7.236388697450034,1346,1433,103,0,1330,1421,198627,18,2,0,16,12
2020-08-04,US,Ohio,Tuscarawas,756,14,0,40.44214695,-81.47226262,39157.0,821.8552621566092,1.851851851851852,742,747,13,0,734,746,92176,9,1,0,8,1
2020-08-04,US,Ohio,Union,222,1,0,40.30016061,-83.37239023,39159.0,376.3477317420492,0.4504504504504505,221,216,1,0,215,214,57835,6,0,0,6,2
2020-08-04,US,Ohio,Van Wert,70,1,0,40.8554138,-84.59111700000003,39161.0,247.56852343059242,1.4285714285714286,69,69,1,0,68,68,28281,1,0,0,1,1
2020-08-04,US,Ohio,Vinton,30,2,0,39.25208988,-82.4831444,39163.0,229.2701566679404,6.666666666666668,28,30,2,0,28,30,13139,0,0,0,0,0
2020-08-04,US,Ohio,Warren,1669,35,0,39.42581994,-84.16557457,39165.0,711.4176349732737,2.097064110245656,1634,1634,35,0,1599,1600,232173,35,0,0,35,34
2020-08-04,US,Ohio,Washington,198,22,0,39.45690571,-81.49121382,39167.0,330.4902271703026,11.111111111111109,176,197,22,0,175,197,60155,1,0,0,1,0
2020-08-04,US,Ohio,Wayne,508,58,0,40.82925852,-81.88844833,39169.0,439.028605997753,11.417322834645667,450,499,58,0,441,492,115967,9,0,0,9,7
2020-08-04,US,Ohio,Williams,124,3,0,41.56052014,-84.58429552,39171.0,337.9483266107053,2.419354838709677,121,124,3,0,121,123,36804,0,0,0,0,1
2020-08-04,US,Ohio,Wood,954,58,0,41.36224827,-83.62285108,39173.0,729.2630162746433,6.079664570230608,896,924,58,0,866,910,130696,30,0,0,30,14
2020-08-04,US,Ohio,Wyandot,125,7,0,40.84339621,-83.30734173,39175.0,574.1319125482272,5.6,118,120,7,0,113,119,21935,5,0,0,5,1
2020-08-04,US,Oklahoma,Adair,311,6,0,35.88494195,-94.65859267,40001.0,1401.2796251239074,1.929260450160772,305,305,5,0,300,303,22082,6,1,0,5,2
2020-08-04,US,Oklahoma,Alfalfa,3,0,0,36.73090616,-98.32408495,40003.0,52.6131182041389,0.0,3,3,0,0,3,3,5754,0,0,0,0,0
2020-08-04,US,Oklahoma,Atoka,65,0,0,34.37366573,-96.03802487,40005.0,472.4523913359501,0.0,65,64,0,0,64,63,13838,1,0,0,1,1
2020-08-04,US,Oklahoma,Beaver,36,0,0,36.7496847,-100.4758872,40007.0,677.8384485031067,0.0,36,36,0,0,36,36,5319,0,0,0,0,0
2020-08-04,US,Oklahoma,Beckham,45,1,0,35.26862449,-99.68128023,40009.0,205.8648611555881,2.2222222222222223,44,45,1,0,44,45,21709,0,0,0,0,0
2020-08-04,US,Oklahoma,Blaine,38,0,0,35.87518314,-98.43307003,40011.0,403.01198430374376,0.0,38,38,0,0,38,47,9485,0,0,0,0,-9
2020-08-04,US,Oklahoma,Bryan,398,1,0,33.96472458,-96.25903472,40013.0,829.2530471924159,0.25125628140703515,397,385,1,0,384,386,47192,13,0,0,13,-1
2020-08-04,US,Oklahoma,Caddo,383,14,0,35.17364557,-98.37534464,40015.0,1331.6181072248105,3.655352480417754,369,373,14,0,359,358,28977,10,0,0,10,15
2020-08-04,US,Oklahoma,Canadian,1106,6,0,35.5426055,-97.98465569,40017.0,745.7553976238318,0.5424954792043399,1100,1089,5,0,1084,1078,144447,17,1,0,16,11
2020-08-04,US,Oklahoma,Carter,312,4,0,34.25103751,-97.28552485,40019.0,648.5003429569123,1.2820512820512822,308,308,3,0,305,304,48177,4,1,0,3,4
2020-08-04,US,Oklahoma,Cherokee,360,2,0,35.90692775,-94.99980896,40021.0,739.8729884703126,0.5555555555555556,358,351,1,0,350,346,48675,9,1,0,8,5
2020-08-04,US,Oklahoma,Choctaw,171,1,0,34.02807439,-95.54771129,40023.0,1165.485278080698,0.5847953216374269,170,166,1,0,165,166,14668,5,0,0,5,0
2020-08-04,US,Oklahoma,Cimarron,1,0,0,36.74817177,-102.5173885,40025.0,46.79457182966776,0.0,1,1,0,0,1,1,2153,0,0,0,0,0
2020-08-04,US,Oklahoma,Cleveland,2780,52,0,35.20413532,-97.32519562,40027.0,978.8249875006163,1.8705035971223019,2728,2725,49,0,2676,2703,281669,55,3,0,52,22
2020-08-04,US,Oklahoma,Coal,31,0,0,34.58840127,-96.29798747,40029.0,564.1492265696088,0.0,31,27,0,0,27,27,5520,4,0,0,4,0
2020-08-04,US,Oklahoma,Comanche,785,10,0,34.65973764,-98.47195055,40031.0,650.1089035934044,1.2738853503184713,775,778,10,0,768,771,120422,7,0,0,7,7
2020-08-04,US,Oklahoma,Cotton,18,2,0,34.28845626,-98.37053567,40033.0,317.6844334627604,11.111111111111109,16,17,2,0,15,17,5776,1,0,0,1,0
2020-08-04,US,Oklahoma,Craig,77,0,0,36.76268118,-95.20916602,40035.0,544.4774430773582,0.0,77,77,0,0,77,77,14306,0,0,0,0,0
2020-08-04,US,Oklahoma,Creek,510,13,0,35.90230551,-96.37086028,40037.0,713.0673079611867,2.5490196078431366,497,500,13,0,487,493,71604,10,0,0,10,7
2020-08-04,US,Oklahoma,Custer,194,0,0,35.63853802,-99.00170785,40039.0,668.8963210702342,0.0,194,192,0,0,192,190,29036,2,0,0,2,2
2020-08-04,US,Oklahoma,Delaware,404,19,0,36.40823634,-94.80325046,40041.0,939.3382780348301,4.702970297029704,385,403,19,0,384,401,42733,1,0,0,1,2
2020-08-04,US,Oklahoma,Dewey,8,0,0,35.98772922,-99.00730714,40043.0,163.5657329789409,0.0,8,8,0,0,8,7,4894,0,0,0,0,1
2020-08-04,US,Oklahoma,Ellis,3,0,0,36.218019399999996,-99.75324573,40045.0,77.74034724021767,0.0,3,3,0,0,3,3,3952,0,0,0,0,0
2020-08-04,US,Oklahoma,Garfield,382,4,0,36.3791334,-97.78265517,40047.0,625.6551362683438,1.0471204188481675,378,372,4,0,368,365,60913,10,0,0,10,7
2020-08-04,US,Oklahoma,Garvin,218,4,0,34.70418038,-97.30811132,40049.0,786.6912056584029,1.834862385321101,214,208,4,0,204,206,27811,10,0,0,10,2
2020-08-04,US,Oklahoma,Grady,417,6,0,35.0167709,-97.88339847,40051.0,746.8567539492067,1.4388489208633093,411,412,6,0,406,409,55551,5,0,0,5,3
2020-08-04,US,Oklahoma,Grant,12,0,0,36.796296999999996,-97.78638765,40053.0,276.944380336949,0.0,12,12,0,0,12,11,4326,0,0,0,0,1
2020-08-04,US,Oklahoma,Greer,81,8,0,34.93535801,-99.56056120000001,40055.0,1418.0672268907565,9.876543209876543,73,81,8,0,73,80,5821,0,0,0,0,1
2020-08-04,US,Oklahoma,Harmon,25,0,0,34.7440135,-99.84741652,40057.0,942.3294383716548,0.0,25,25,0,0,25,24,2664,0,0,0,0,1
2020-08-04,US,Oklahoma,Harper,9,0,0,36.78836519,-99.6679804,40059.0,244.0347071583514,0.0,9,9,0,0,9,9,3797,0,0,0,0,0
2020-08-04,US,Oklahoma,Haskell,47,0,0,35.22257600000001,-95.11513306,40061.0,372.21826245347273,0.0,47,43,0,0,43,41,12668,4,0,0,4,2
2020-08-04,US,Oklahoma,Hughes,115,1,0,35.04912569,-96.24921145,40063.0,866.0290684539499,0.8695652173913043,114,111,1,0,110,111,13335,4,0,0,4,0
2020-08-04,US,Oklahoma,Jackson,489,5,0,34.58781741,-99.41138784,40065.0,1993.477374643293,1.0224948875255624,484,486,4,0,482,486,24949,3,1,0,2,0
2020-08-04,US,Oklahoma,Jefferson,32,0,0,34.11130184,-97.83182974,40067.0,533.1556147950682,0.0,32,31,0,0,31,31,6123,1,0,0,1,0
2020-08-04,US,Oklahoma,Johnston,42,0,0,34.31440473,-96.66011537,40069.0,378.8903924221922,0.0,42,40,0,0,40,40,10949,2,0,0,2,0
2020-08-04,US,Oklahoma,Kay,223,10,0,36.81799745,-97.14421435,40071.0,512.1962423629933,4.484304932735426,213,217,10,0,207,214,44161,6,0,0,6,3
2020-08-04,US,Oklahoma,Kingfisher,113,0,0,35.94530008,-97.94193268,40073.0,716.7776720583571,0.0,113,111,0,0,111,109,15816,2,0,0,2,2
2020-08-04,US,Oklahoma,Kiowa,27,1,0,34.91671958,-98.97720696,40075.0,310.05971520440966,3.703703703703704,26,27,1,0,26,27,8729,0,0,0,0,0
2020-08-04,US,Oklahoma,Latimer,77,1,0,34.87844729,-95.25215049,40077.0,764.4197359277276,1.2987012987012987,76,71,1,0,70,69,10231,6,0,0,6,2
2020-08-04,US,Oklahoma,Le Flore,261,1,0,34.89851864,-94.70392124,40079.0,523.5392052634746,0.3831417624521073,260,249,1,0,248,236,49980,12,0,0,12,13
2020-08-04,US,Oklahoma,Lincoln,142,2,0,35.70270942,-96.8812462,40081.0,407.1451099578518,1.4084507042253518,140,132,2,0,130,130,34920,10,0,0,10,2
2020-08-04,US,Oklahoma,Logan,188,1,0,35.91899576,-97.44352845,40083.0,391.57693028680916,0.5319148936170213,187,189,1,0,188,185,47291,-1,0,0,-1,4
2020-08-04,US,Oklahoma,Love,65,0,0,33.95273467,-97.23906784,40085.0,633.9607919633277,0.0,65,65,0,0,65,65,10134,0,0,0,0,0
2020-08-04,US,Oklahoma,Major,26,1,0,36.31149996,-98.53467076,40093.0,340.8048236990432,3.8461538461538463,25,25,1,0,24,25,7644,1,0,0,1,0
2020-08-04,US,Oklahoma,Marshall,100,0,0,34.02311222,-96.76855464,40095.0,590.6325674797707,0.0,100,97,0,0,97,96,16806,3,0,0,3,1
2020-08-04,US,Oklahoma,Mayes,290,6,0,36.30179091,-95.23175116,40097.0,705.5961070559607,2.0689655172413794,284,285,6,0,279,285,41107,5,0,0,5,0
2020-08-04,US,Oklahoma,McClain,402,4,0,35.01123903,-97.44572302,40087.0,993.2302218708306,0.9950248756218906,398,397,4,0,393,396,39985,5,0,0,5,1
2020-08-04,US,Oklahoma,McCurtain,835,26,0,34.11664328,-94.77222373,40089.0,2543.250487329435,3.1137724550898205,809,829,25,0,804,826,32703,6,1,0,5,3
2020-08-04,US,Oklahoma,McIntosh,157,1,0,35.37235506,-95.66599306,40091.0,801.1839150847113,0.6369426751592356,156,151,1,0,150,151,19815,6,0,0,6,0
2020-08-04,US,Oklahoma,Murray,63,0,0,34.48116015,-97.06826283,40099.0,447.66574291195917,0.0,63,60,0,0,60,59,13953,3,0,0,3,1
2020-08-04,US,Oklahoma,Muskogee,463,16,0,35.61318461,-95.37802952,40101.0,680.9123931938174,3.4557235421166306,447,448,16,0,432,438,68362,15,0,0,15,10
2020-08-04,US,Oklahoma,Noble,81,2,0,36.38953329,-97.22928674,40103.0,727.6974216153087,2.469135802469136,79,77,2,0,75,77,11289,4,0,0,4,0
2020-08-04,US,Oklahoma,Nowata,56,1,0,36.79843529,-95.61902331,40105.0,555.77610162763,1.7857142857142858,55,56,1,0,55,55,10218,0,0,0,0,1
2020-08-04,US,Oklahoma,Okfuskee,57,0,0,35.46485198,-96.32639984,40107.0,475.2772450596182,0.0,57,57,0,0,57,56,12098,0,0,0,0,1
2020-08-04,US,Oklahoma,Oklahoma,9593,102,0,35.55140095,-97.40716948,40109.0,1202.9835698001339,1.06327530490983,9491,9439,98,0,9341,9357,792582,154,4,0,150,82
2020-08-04,US,Oklahoma,Okmulgee,405,3,0,35.64661916,-95.96432828,40111.0,1052.9052385285324,0.7407407407407407,402,396,3,0,393,399,38335,9,0,0,9,-3
2020-08-04,US,Oklahoma,Osage,376,11,0,36.62888819,-96.39635704,40113.0,800.630283414603,2.9255319148936163,365,367,11,0,356,366,47014,9,0,0,9,1
2020-08-04,US,Oklahoma,Ottawa,348,2,0,36.83532655,-94.81011909,40115.0,1118.000449770296,0.5747126436781609,346,347,2,0,345,345,31175,1,0,0,1,2
2020-08-04,US,Oklahoma,Pawnee,126,3,0,36.31743373,-96.70331759999999,40117.0,769.418661455789,2.380952380952381,123,122,3,0,119,120,16390,4,0,0,4,2
2020-08-04,US,Oklahoma,Payne,678,3,0,36.07695283,-96.97584944,40119.0,829.0130098796831,0.4424778761061947,675,672,3,0,669,663,82040,6,0,0,6,9
2020-08-04,US,Oklahoma,Pittsburg,214,3,0,34.92065823,-95.75134320000001,40121.0,490.21853667476057,1.4018691588785046,211,201,3,0,198,193,43877,13,0,0,13,8
2020-08-04,US,Oklahoma,Pontotoc,185,2,0,34.72959848,-96.68337199,40123.0,483.2305924145857,1.0810810810810811,183,177,2,0,175,176,38247,8,0,0,8,1
2020-08-04,US,Oklahoma,Pottawatomie,414,8,0,35.20614018,-96.94923008,40125.0,570.3107780471678,1.932367149758454,406,400,8,0,392,393,72679,14,0,0,14,7
2020-08-04,US,Oklahoma,Pushmataha,103,0,0,34.41635232,-95.37603505,40127.0,928.2624369142034,0.0,103,100,0,0,100,102,11179,3,0,0,3,-2
2020-08-04,US,Oklahoma,Roger Mills,8,0,0,35.68711719,-99.69666167,40129.0,223.27658386826684,0.0,8,8,0,0,8,8,3656,0,0,0,0,0
2020-08-04,US,Oklahoma,Rogers,855,16,0,36.37004357,-95.60406759,40131.0,924.7342065131572,1.871345029239766,839,823,14,0,809,800,91984,32,2,0,30,23
2020-08-04,US,Oklahoma,Seminole,209,5,0,35.16478725,-96.61686741,40133.0,861.5714403495754,2.392344497607656,204,193,5,0,188,193,24578,16,0,0,16,0
2020-08-04,US,Oklahoma,Sequoyah,279,4,0,35.49447108,-94.75463785,40135.0,671.1732300512401,1.4336917562724014,275,264,4,0,260,258,41179,15,0,0,15,6
2020-08-04,US,Oklahoma,Stephens,182,2,0,34.48556989,-97.85141892,40137.0,421.8529077718286,1.0989010989010992,180,175,2,0,173,174,43265,7,0,0,7,1
2020-08-04,US,Oklahoma,Texas,1037,7,0,36.74777635,-101.4889765,40139.0,5189.410999349447,0.6750241080038573,1030,1036,7,0,1029,1035,20455,1,0,0,1,1
2020-08-04,US,Oklahoma,Tillman,57,1,0,34.37288446,-98.92426619,40141.0,786.2068965517243,1.7543859649122806,56,56,1,0,55,55,7348,1,0,0,1,1
2020-08-04,US,Oklahoma,Tulsa,9418,101,0,36.11939621,-95.94013939,40143.0,1445.471735180001,1.0724145253769377,9317,9159,101,0,9058,9051,648360,259,0,0,259,108
2020-08-04,US,Oklahoma,Unassigned,11,0,0,0.0,0.0,90040.0,0.0,0.0,11,16,0,0,16,24,,-5,0,0,-5,-8
2020-08-04,US,Oklahoma,Wagoner,762,22,0,35.96024096,-95.51911308,40145.0,937.3962036683928,2.8871391076115485,740,738,22,0,716,733,80110,24,0,0,24,5
2020-08-04,US,Oklahoma,Washington,589,39,0,36.71380786,-95.90514104,40147.0,1143.0900304694624,6.621392190152801,550,575,39,0,536,571,51843,14,0,0,14,4
2020-08-04,US,Oklahoma,Washita,26,0,0,35.29071824,-98.99180434,40149.0,238.18248442652992,0.0,26,24,0,0,24,25,11127,2,0,0,2,-1
2020-08-04,US,Oklahoma,Woods,19,0,0,36.76705782,-98.86573064,40151.0,216.08097350164903,0.0,19,15,0,0,15,15,8897,4,0,0,4,0
2020-08-04,US,Oklahoma,Woodward,35,0,0,36.42316318,-99.26283045,40153.0,173.1730245905695,0.0,35,32,0,0,32,32,20222,3,0,0,3,0
2020-08-04,US,Oregon,Baker,35,0,0,44.70915557,-117.6749883,41001.0,217.06772513024063,0.0,35,33,0,0,33,30,16006,2,0,0,2,3
2020-08-04,US,Oregon,Benton,160,6,0,44.49167306,-123.4316987,41003.0,171.94502057966966,3.75,154,157,6,0,151,155,92101,3,0,0,3,2
2020-08-04,US,Oregon,Clackamas,1443,37,0,45.18787398,-122.2179634,41005.0,345.06094163615796,2.5641025641025643,1406,1421,36,0,1385,1401,416075,22,1,0,21,20
2020-08-04,US,Oregon,Clatsop,82,0,0,45.99712889,-123.660711,41007.0,203.85839299920445,0.0,82,82,0,0,82,80,39764,0,0,0,0,2
2020-08-04,US,Oregon,Columbia,84,0,0,45.94464254,-123.08908980000001,41009.0,160.4461932230584,0.0,84,79,0,0,79,78,52377,5,0,0,5,1
2020-08-04,US,Oregon,Coos,88,0,0,43.17406868,-124.0594514,41011.0,136.46161241800672,0.0,88,85,0,0,85,84,64389,3,0,0,3,1
2020-08-04,US,Oregon,Crook,43,1,0,44.14230227,-120.356297,41013.0,176.2006228487133,2.3255813953488373,42,43,1,0,42,43,23867,0,0,0,0,0
2020-08-04,US,Oregon,Curry,14,0,0,42.45911325,-124.15728200000001,41015.0,61.06870229007634,0.0,14,14,0,0,14,14,22813,0,0,0,0,0
2020-08-04,US,Oregon,Deschutes,548,8,0,43.91570171,-121.2289121,41017.0,277.1988750177043,1.45985401459854,540,540,8,0,532,537,191996,8,0,0,8,3
2020-08-04,US,Oregon,Douglas,139,1,0,43.27941273,-123.16729099999999,41019.0,125.24779239502612,0.7194244604316546,138,134,1,0,133,132,110283,5,0,0,5,2
2020-08-04,US,Oregon,Gilliam,4,0,0,45.37160076,-120.20488689999999,41021.0,209.20502092050208,0.0,4,4,0,0,4,4,1894,0,0,0,0,0
2020-08-04,US,Oregon,Grant,2,0,0,44.49024544,-119.0068631,41023.0,27.781636338380327,0.0,2,2,0,0,2,2,7176,0,0,0,0,0
2020-08-04,US,Oregon,Harney,10,0,0,43.06422669,-118.96663059999999,41025.0,135.26308670363858,0.0,10,8,0,0,8,8,7329,2,0,0,2,0
2020-08-04,US,Oregon,Hood River,174,0,0,45.51872811,-121.65520359999998,41027.0,744.1621760328458,0.0,174,169,0,0,169,169,23428,5,0,0,5,0
2020-08-04,US,Oregon,Jackson,411,1,0,42.43201126,-122.72893090000001,41029.0,186.0199869650228,0.24330900243309006,410,394,1,0,393,385,219564,17,0,0,17,9
2020-08-04,US,Oregon,Jefferson,324,3,0,44.62806839,-121.17832,41031.0,1313.9751804688133,0.925925925925926,321,311,3,0,308,310,24192,13,0,0,13,1
2020-08-04,US,Oregon,Josephine,107,1,0,42.3665549,-123.5561938,41033.0,122.30388514865065,0.9345794392523364,106,107,1,0,106,105,87393,0,0,0,0,2
2020-08-04,US,Oregon,Klamath,198,1,0,42.68762984,-121.64964609999998,41035.0,290.16090741229226,0.5050505050505051,197,196,1,0,195,194,67653,2,0,0,2,2
2020-08-04,US,Oregon,Lake,32,0,0,42.79246693,-120.38501629999999,41037.0,406.6590418096328,0.0,32,32,0,0,32,32,7879,0,0,0,0,0
2020-08-04,US,Oregon,Lane,535,3,0,43.93727035,-122.847753,41039.0,140.02779617187562,0.5607476635514018,532,523,3,0,520,518,379611,12,0,0,12,5
2020-08-04,US,Oregon,Lincoln,395,9,0,44.64252874,-123.86991200000001,41041.0,790.6008566510546,2.278481012658228,386,395,9,0,386,391,49388,0,0,0,0,4
2020-08-04,US,Oregon,Linn,255,10,0,44.48899494,-122.53731540000001,41043.0,196.53330661507988,3.92156862745098,245,254,10,0,244,248,127335,1,0,0,1,6
2020-08-04,US,Oregon,Malheur,708,12,0,43.1937027,-117.62273950000001,41045.0,2315.920316639953,1.6949152542372878,696,676,10,0,666,673,30725,32,2,0,30,3
2020-08-04,US,Oregon,Marion,2713,68,0,44.90287942,-122.58151170000001,41047.0,780.0056351310167,2.5064504238849983,2645,2692,68,0,2624,2667,346868,21,0,0,21,25
2020-08-04,US,Oregon,Morrow,316,2,0,45.41846568,-119.584546,41049.0,2723.4335947599757,0.6329113924050633,314,305,1,0,304,304,11372,11,1,0,10,1
2020-08-04,US,Oregon,Multnomah,4553,93,0,45.54747959,-122.4169351,41051.0,560.1244994494713,2.0426092686141004,4460,4497,93,0,4404,4450,811880,56,0,0,56,47
2020-08-04,US,Oregon,Polk,300,12,0,44.90322804,-123.4128888,41053.0,348.4927687750479,4.0,288,296,12,0,284,288,85234,4,0,0,4,8
2020-08-04,US,Oregon,Sherman,14,0,0,45.41501554,-120.6827834,41055.0,786.5168539325842,0.0,14,15,0,0,15,14,1708,-1,0,0,-1,1
2020-08-04,US,Oregon,Tillamook,32,0,0,45.46248721,-123.712066,41057.0,118.36070424619028,0.0,32,30,0,0,30,28,26787,2,0,0,2,2
2020-08-04,US,Oregon,Umatilla,2122,24,0,45.59073056,-118.7353826,41059.0,2722.2578576010264,1.1310084825636193,2098,2060,24,0,2036,1996,77516,62,0,0,62,64
2020-08-04,US,Oregon,Union,392,2,0,45.30915495,-118.0068979,41061.0,1460.778833612819,0.5102040816326531,390,388,2,0,386,388,26461,4,0,0,4,0
2020-08-04,US,Oregon,Wallowa,19,1,0,45.57894064,-117.18353799999998,41063.0,263.59600443951166,5.2631578947368425,18,19,1,0,18,19,7081,0,0,0,0,0
2020-08-04,US,Oregon,Wasco,171,3,0,45.16292781,-121.16709540000001,41065.0,640.8814931414438,1.7543859649122806,168,170,3,0,167,161,26505,1,0,0,1,9
2020-08-04,US,Oregon,Washington,2877,23,0,45.55972701,-123.0955257,41067.0,478.2310934985837,0.7994438651372958,2854,2849,23,0,2826,2830,597695,28,0,0,28,19
2020-08-04,US,Oregon,Yamhill,399,12,0,45.23330449,-123.3086963,41071.0,372.54901960784315,3.0075187969924815,387,386,11,0,375,359,107002,13,1,0,12,27
2020-08-04,US,Pennsylvania,Adams,481,20,0,39.87140411,-77.21610347,42001.0,466.9494898504016,4.158004158004158,461,480,20,0,460,474,102811,1,0,0,1,6
2020-08-04,US,Pennsylvania,Allegheny,8442,237,0,40.46809875,-79.98167747,42003.0,694.2177304293837,2.8073916133617627,8205,8310,234,0,8076,8242,1218452,132,3,0,129,68
2020-08-04,US,Pennsylvania,Armstrong,192,6,0,40.81665618,-79.46290811,42005.0,296.5938055147911,3.125,186,188,6,0,182,187,65263,4,0,0,4,1
2020-08-04,US,Pennsylvania,Beaver,1261,89,0,40.6825484,-80.34921611,42007.0,769.2354616937822,7.057890563045203,1172,1237,89,0,1148,1232,164742,24,0,0,24,5
2020-08-04,US,Pennsylvania,Bedford,133,4,0,40.00522157,-78.48998442,42009.0,277.731373204143,3.0075187969924815,129,130,4,0,126,130,48176,3,0,0,3,0
2020-08-04,US,Pennsylvania,Berks,5248,367,0,40.41570541,-75.92457766,42011.0,1246.0704143753976,6.993140243902439,4881,5218,365,0,4853,5190,420152,30,2,0,28,28
2020-08-04,US,Pennsylvania,Blair,238,3,0,40.47961444,-78.34917412,42013.0,195.35578556829654,1.2605042016806722,235,233,3,0,230,224,122492,5,0,0,5,9
2020-08-04,US,Pennsylvania,Bradford,84,3,0,41.78869215,-76.51570822,42015.0,139.25036884770321,3.571428571428572,81,82,3,0,79,81,60833,2,0,0,2,1
2020-08-04,US,Pennsylvania,Bucks,7056,580,0,40.33682119,-75.10836643,42017.0,1123.0840243844207,8.219954648526077,6476,7020,579,0,6441,6995,628195,36,1,0,35,25
2020-08-04,US,Pennsylvania,Butler,615,15,0,40.91152759,-79.91351055,42019.0,327.3836457229856,2.4390243902439024,600,605,15,0,590,602,187888,10,0,0,10,3
2020-08-04,US,Pennsylvania,Cambria,282,3,0,40.49527404,-78.71377428,42021.0,216.60317070173284,1.0638297872340423,279,274,3,0,271,267,131730,8,0,0,8,7
2020-08-04,US,Pennsylvania,Cameron,6,0,0,41.43625568,-78.20376845,42023.0,134.922419608725,0.0,6,6,0,0,6,6,4492,0,0,0,0,0
2020-08-04,US,Pennsylvania,Carbon,364,28,0,40.91545395,-75.7068525,42025.0,567.137203577327,7.6923076923076925,336,360,28,0,332,360,64227,4,0,0,4,0
2020-08-04,US,Pennsylvania,Centre,359,10,0,40.92058903,-77.82200624,42027.0,221.07953320811646,2.7855153203342615,349,358,10,0,348,357,162805,1,0,0,1,1
2020-08-04,US,Pennsylvania,Chester,5014,348,0,39.97291773,-75.74768357,42029.0,955.0676299884378,6.9405664140406875,4666,4965,348,0,4617,4885,522046,49,0,0,49,80
2020-08-04,US,Pennsylvania,Clarion,77,2,0,41.19265812,-79.42413524,42031.0,200.3225974296269,2.5974025974025974,75,76,2,0,74,76,38779,1,0,0,1,0
2020-08-04,US,Pennsylvania,Clearfield,142,0,0,41.00110782,-78.47592663,42033.0,179.168506718819,0.0,142,141,0,0,141,136,79388,1,0,0,1,5
2020-08-04,US,Pennsylvania,Clinton,115,5,0,41.23255967,-77.63785995,42035.0,297.6806792296542,4.3478260869565215,110,115,5,0,110,115,38684,0,0,0,0,0
2020-08-04,US,Pennsylvania,Columbia,464,35,0,41.04821986,-76.40565017,42037.0,714.2417338833818,7.543103448275862,429,462,35,0,427,461,65456,2,0,0,2,1
2020-08-04,US,Pennsylvania,Crawford,133,1,0,41.68447709,-80.10760592,42039.0,157.1565302674024,0.7518796992481203,132,132,1,0,131,127,85063,1,0,0,1,5
2020-08-04,US,Pennsylvania,Cumberland,1239,70,0,40.1625372,-77.26130755,42041.0,489.00816987015037,5.649717514124294,1169,1230,70,0,1160,1225,251423,9,0,0,9,5
2020-08-04,US,Pennsylvania,Dauphin,2702,156,0,40.41377078,-76.77993242,42043.0,970.898206605126,5.773501110288675,2546,2682,155,0,2527,2657,277097,20,1,0,19,25
2020-08-04,US,Pennsylvania,Delaware,8956,693,0,39.91680171,-75.40243663,42045.0,1580.2465650457789,7.737829388119696,8263,8859,687,0,8172,8804,564751,97,6,0,91,55
2020-08-04,US,Pennsylvania,Elk,46,2,0,41.42822061,-78.64524744,42047.0,153.7947174857907,4.3478260869565215,44,45,2,0,43,44,30169,1,0,0,1,1
2020-08-04,US,Pennsylvania,Erie,1025,17,0,41.99253829,-80.03301954,42049.0,380.01245699371214,1.6585365853658536,1008,983,16,0,967,967,272061,42,1,0,41,16
2020-08-04,US,Pennsylvania,Fayette,423,4,0,39.92041012,-79.64291195,42051.0,327.21196837724517,0.9456264775413712,419,414,4,0,410,408,130441,9,0,0,9,6
2020-08-04,US,Pennsylvania,Forest,9,0,0,41.51095103,-79.23229292,42053.0,124.1893197185042,0.0,9,9,0,0,9,9,7279,0,0,0,0,0
2020-08-04,US,Pennsylvania,Franklin,1294,46,0,39.92956518,-77.72157791,42055.0,834.6933114876764,3.554868624420402,1248,1284,46,0,1238,1281,154835,10,0,0,10,3
2020-08-04,US,Pennsylvania,Fulton,25,2,0,39.92913544,-78.11163677,42057.0,172.0578114246387,8.0,23,24,2,0,22,24,14523,1,0,0,1,0
2020-08-04,US,Pennsylvania,Greene,110,1,0,39.85746531,-80.22357106,42059.0,303.59064940799817,0.9090909090909092,109,109,1,0,108,108,36506,1,0,0,1,1
2020-08-04,US,Pennsylvania,Huntingdon,290,4,0,40.42162652,-77.97673273,42061.0,642.3888002835372,1.3793103448275863,286,290,4,0,286,288,45168,0,0,0,0,2
2020-08-04,US,Pennsylvania,Indiana,279,6,0,40.65241041,-79.08963285,42063.0,331.85445981468484,2.150537634408602,273,275,6,0,269,272,84501,4,0,0,4,3
2020-08-04,US,Pennsylvania,Jefferson,60,1,0,41.12913106,-78.9986361,42065.0,138.16925734024178,1.6666666666666667,59,58,1,0,57,58,43641,2,0,0,2,0
2020-08-04,US,Pennsylvania,Juniata,128,6,0,40.53358749,-77.39975129999998,42067.0,516.9002140289949,4.6875,122,127,6,0,121,126,24704,1,0,0,1,1
2020-08-04,US,Pennsylvania,Lackawanna,1903,212,0,41.43564672,-75.60379201,42069.0,907.599416236634,11.14030478192328,1691,1901,212,0,1689,1900,210793,2,0,0,2,1
2020-08-04,US,Pennsylvania,Lancaster,5705,408,0,40.03904563,-76.24770128,42071.0,1045.4002389486259,7.151621384750219,5297,5682,407,0,5275,5654,543557,23,1,0,22,28
2020-08-04,US,Pennsylvania,Lawrence,353,12,0,40.99206278,-80.33393706,42073.0,412.8075591729817,3.39943342776204,341,349,12,0,337,343,86184,4,0,0,4,6
2020-08-04,US,Pennsylvania,Lebanon,1581,54,0,40.36680311,-76.45651841,42075.0,1115.005677290134,3.415559772296015,1527,1577,54,0,1523,1571,141314,4,0,0,4,6
2020-08-04,US,Pennsylvania,Lehigh,4871,335,0,40.6154815,-75.59435245,42077.0,1318.9175723901894,6.877437897762268,4536,4853,335,0,4518,4849,368100,18,0,0,18,4
2020-08-04,US,Pennsylvania,Luzerne,3352,183,0,41.17823008,-75.98447579,42079.0,1056.0240944876928,5.459427207637232,3169,3338,183,0,3155,3324,317646,14,0,0,14,14
2020-08-04,US,Pennsylvania,Lycoming,342,20,0,41.34310539,-77.06629984,42081.0,301.8561505397223,5.847953216374268,322,339,20,0,319,337,113664,3,0,0,3,2
2020-08-04,US,Pennsylvania,McKean,33,1,0,41.80938602,-78.56478358,42083.0,81.23076923076924,3.0303030303030303,32,33,1,0,32,28,40968,0,0,0,0,5
2020-08-04,US,Pennsylvania,Mercer,364,9,0,41.30248872,-80.25816981,42085.0,332.6509723643808,2.4725274725274726,355,356,9,0,347,348,110683,8,0,0,8,8
2020-08-04,US,Pennsylvania,Mifflin,111,1,0,40.61116939,-77.61070738,42087.0,240.58260002600886,0.9009009009009008,110,109,1,0,108,106,46222,2,0,0,2,3
2020-08-04,US,Pennsylvania,Monroe,1608,124,0,41.05934058,-75.34031025,42089.0,944.3769050513594,7.711442786069652,1484,1598,123,0,1475,1591,169507,10,1,0,9,7
2020-08-04,US,Pennsylvania,Montgomery,9908,851,0,40.21053671,-75.36652296,42091.0,1192.420404012444,8.589018974566008,9057,9870,850,0,9020,9835,828604,38,1,0,37,35
2020-08-04,US,Pennsylvania,Montour,94,3,0,41.03023987,-76.66345939,42093.0,515.6335710367526,3.191489361702128,91,93,3,0,90,93,18240,1,0,0,1,0
2020-08-04,US,Pennsylvania,Northampton,3878,290,0,40.75182733,-75.30471829,42095.0,1270.2884190182945,7.478081485301701,3588,3863,290,0,3573,3860,304807,15,0,0,15,3
2020-08-04,US,Pennsylvania,Northumberland,416,11,0,40.84785433,-76.70798222,42097.0,457.9329172308268,2.644230769230769,405,407,11,0,396,403,91083,9,0,0,9,4
2020-08-04,US,Pennsylvania,Perry,120,5,0,40.40206612,-77.26297447,42099.0,259.33609958506224,4.166666666666667,115,120,5,0,115,120,46139,0,0,0,0,0
2020-08-04,US,Pennsylvania,Philadelphia,30771,1695,0,40.00338507,-75.1379271,42101.0,1942.5351500949453,5.508433265087256,29076,30665,1692,0,28973,30354,1584138,106,3,0,103,311
2020-08-04,US,Pennsylvania,Pike,526,21,0,41.33155042,-75.03208106,42103.0,942.500313569496,3.9923954372623576,505,526,21,0,505,525,55933,0,0,0,0,1
2020-08-04,US,Pennsylvania,Potter,20,0,0,41.74471626,-77.89559864,42105.0,121.0214207914801,0.0,20,20,0,0,20,20,16622,0,0,0,0,0
2020-08-04,US,Pennsylvania,Schuylkill,900,49,0,40.70497338,-76.2150785,42107.0,636.6768299153221,5.4444444444444455,851,896,49,0,847,892,142067,4,0,0,4,4
2020-08-04,US,Pennsylvania,Snyder,100,2,0,40.77129231,-77.06840691,42109.0,247.69642326364811,2.0,98,98,2,0,96,97,40540,2,0,0,2,1
2020-08-04,US,Pennsylvania,Somerset,128,3,0,39.97172723,-79.02699593,42111.0,174.2753277873841,2.34375,125,125,2,0,123,124,73952,3,1,0,2,1
2020-08-04,US,Pennsylvania,Sullivan,10,0,0,41.44634738,-76.51246591,42113.0,164.85328058028355,0.0,10,10,0,0,10,10,6071,0,0,0,0,0
2020-08-04,US,Pennsylvania,Susquehanna,212,27,0,41.82147784,-75.80071959,42115.0,525.6893473517158,12.735849056603776,185,210,26,0,184,210,40589,2,1,0,1,0
2020-08-04,US,Pennsylvania,Tioga,36,3,0,41.77255149,-77.25433032,42117.0,88.68961099751176,8.333333333333334,33,35,2,0,33,35,40763,1,1,0,0,0
2020-08-04,US,Pennsylvania,Union,191,2,0,40.96188846,-77.05996014,42119.0,425.17196091089204,1.0471204188481675,189,173,2,0,171,172,44785,18,0,0,18,1
2020-08-04,US,Pennsylvania,Venango,62,0,0,41.40323442,-79.75845449,42121.0,122.36520091576536,0.0,62,62,0,0,62,62,51266,0,0,0,0,0
2020-08-04,US,Pennsylvania,Warren,20,1,0,41.81304978,-79.26969577,42123.0,51.03212472251282,5.0,19,19,1,0,18,18,39498,1,0,0,1,1
2020-08-04,US,Pennsylvania,Washington,773,11,0,40.19208869,-80.24582867,42125.0,373.67365189858117,1.423027166882277,762,764,11,0,753,756,207346,9,0,0,9,8
2020-08-04,US,Pennsylvania,Wayne,157,8,0,41.64938475,-75.29956506,42127.0,305.6794065536107,5.095541401273885,149,158,8,0,150,158,51276,-1,0,0,-1,0
2020-08-04,US,Pennsylvania,Westmoreland,1464,46,0,40.31377979999999,-79.46615476,42129.0,419.6056738483057,3.1420765027322406,1418,1457,46,0,1411,1438,350611,7,0,0,7,19
2020-08-04,US,Pennsylvania,Wyoming,58,8,0,41.51955538,-76.01074915,42131.0,216.46637306859745,13.79310344827586,50,57,8,0,49,57,27046,1,0,0,1,0
2020-08-04,US,Pennsylvania,York,2365,89,0,39.9210089,-76.73040131,42133.0,526.658026357397,3.763213530655391,2276,2350,88,0,2262,2325,448273,15,1,0,14,25
2020-08-04,US,Puerto Rico,Adjuntas,89,0,0,18.180117000000006,-66.754367,72001.0,456.80849971770266,0.0,89,86,0,0,86,85,,3,0,0,3,1
2020-08-04,US,Puerto Rico,Aguada,109,0,0,18.360255,-67.17513100000001,72003.0,259.7774017493267,0.0,109,108,0,0,108,104,,1,0,0,1,4
2020-08-04,US,Puerto Rico,Aguadilla,193,0,0,18.459681,-67.12081500000001,72005.0,316.6581896339563,0.0,193,192,0,0,192,185,,1,0,0,1,7
2020-08-04,US,Puerto Rico,Aguas Buenas,115,0,0,18.251619,-66.126806,72007.0,401.2701071216722,0.0,115,114,0,0,114,111,,1,0,0,1,3
2020-08-04,US,Puerto Rico,Aibonito,79,0,0,18.131361,-66.264131,72009.0,305.019305019305,0.0,79,79,0,0,79,77,,0,0,0,0,2
2020-08-04,US,Puerto Rico,Anasco,128,0,0,18.287985,-67.120611,72011.0,437.442329380404,0.0,128,125,0,0,125,124,,3,0,0,3,1
2020-08-04,US,Puerto Rico,Arecibo,269,0,0,18.406631,-66.675077,72013.0,278.9299046038988,0.0,269,262,0,0,262,260,,7,0,0,7,2
2020-08-04,US,Puerto Rico,Arroyo,78,0,0,17.998457000000005,-66.056546,72015.0,398.46743295019166,0.0,78,78,0,0,78,78,,0,0,0,0,0
2020-08-04,US,Puerto Rico,Barceloneta,73,0,0,18.445533,-66.56053100000001,72017.0,294.1650548033527,0.0,73,73,0,0,73,72,,0,0,0,0,1
2020-08-04,US,Puerto Rico,Barranquitas,218,0,0,18.201592,-66.30963,72019.0,719.0447918728148,0.0,218,217,0,0,217,217,,1,0,0,1,0
2020-08-04,US,Puerto Rico,Bayamon,1255,0,0,18.34946,-66.168435,72021.0,603.0290799361893,0.0,1255,1209,0,0,1209,1179,,46,0,0,46,30
2020-08-04,US,Puerto Rico,Cabo Rojo,180,0,0,18.040993,-67.154391,72023.0,353.5165072569083,0.0,180,177,0,0,177,172,,3,0,0,3,5
2020-08-04,US,Puerto Rico,Caguas,624,0,0,18.211615,-66.050779,72025.0,436.6903907119313,0.0,624,611,0,0,611,599,,13,0,0,13,12
2020-08-04,US,Puerto Rico,Camuy,115,0,0,18.418578,-66.860206,72027.0,327.0855257544298,0.0,115,113,0,0,113,107,,2,0,0,2,6
2020-08-04,US,Puerto Rico,Canovanas,323,0,0,18.328802,-65.887612,72029.0,677.8878441907319,0.0,323,315,0,0,315,302,,8,0,0,8,13
2020-08-04,US,Puerto Rico,Carolina,1068,0,0,18.374986,-65.95683100000001,72031.0,604.2022606668854,0.0,1068,1015,0,0,1015,981,,53,0,0,53,34
2020-08-04,US,Puerto Rico,Catano,169,0,0,18.437269,-66.14330600000001,72033.0,600.5685856432125,0.0,169,164,0,0,164,162,,5,0,0,5,2
2020-08-04,US,Puerto Rico,Cayey,184,0,0,18.102851,-66.14914,72035.0,382.3853363536233,0.0,184,178,0,0,178,172,,6,0,0,6,6
2020-08-04,US,Puerto Rico,Ceiba,63,0,0,18.251818,-65.666416,72037.0,462.1817915046585,0.0,63,63,0,0,63,58,,0,0,0,0,5
2020-08-04,US,Puerto Rico,Ciales,125,0,0,18.28885,-66.516475,72039.0,665.5308273879248,0.0,125,122,0,0,122,122,,3,0,0,3,0
2020-08-04,US,Puerto Rico,Cidra,151,0,0,18.173559,-66.161179,72041.0,347.2861085556578,0.0,151,149,0,0,149,147,,2,0,0,2,2
2020-08-04,US,Puerto Rico,Coamo,129,0,0,18.097597,-66.36014,72043.0,318.4241706161137,0.0,129,125,0,0,125,123,,4,0,0,4,2
2020-08-04,US,Puerto Rico,Comerio,112,0,0,18.224687,-66.221622,72045.0,539.0316681105015,0.0,112,110,0,0,110,105,,2,0,0,2,5
2020-08-04,US,Puerto Rico,Corozal,188,0,0,18.304264,-66.327738,72047.0,506.1655268967746,0.0,188,178,0,0,178,176,,10,0,0,10,2
2020-08-04,US,Puerto Rico,Culebra,17,0,0,18.31586,-65.28813000000001,72049.0,935.093509350935,0.0,17,17,0,0,17,17,,0,0,0,0,0
2020-08-04,US,Puerto Rico,Dorado,266,0,0,18.436115,-66.278669,72051.0,696.9736669723569,0.0,266,263,0,0,263,260,,3,0,0,3,3
2020-08-04,US,Puerto Rico,Fajardo,209,0,0,18.318373,-65.666866,72053.0,564.9717514124294,0.0,209,208,0,0,208,201,,1,0,0,1,7
2020-08-04,US,Puerto Rico,Florida,158,0,0,18.373715,-66.560488,72054.0,1246.0567823343852,0.0,158,157,0,0,157,152,,1,0,0,1,5
2020-08-04,US,Puerto Rico,Guanica,54,0,0,17.982429,-66.91964300000001,72055.0,277.96365882534616,0.0,54,53,0,0,53,53,,1,0,0,1,0
2020-08-04,US,Puerto Rico,Guayama,140,0,0,18.007516,-66.13390799999999,72057.0,308.6283673559367,0.0,140,140,0,0,140,133,,0,0,0,0,7
2020-08-04,US,Puerto Rico,Guayanilla,117,0,0,18.039942,-66.79186,72059.0,542.1435521986933,0.0,117,117,0,0,117,115,,0,0,0,0,2
2020-08-04,US,Puerto Rico,Guaynabo,739,0,0,18.345114,-66.11452299999999,72061.0,754.666884522691,0.0,739,725,0,0,725,719,,14,0,0,14,6
2020-08-04,US,Puerto Rico,Gurabo,211,0,0,18.266461,-65.97970500000001,72063.0,465.07527166126647,0.0,211,209,0,0,209,204,,2,0,0,2,5
2020-08-04,US,Puerto Rico,Hatillo,97,0,0,18.410928,-66.79632600000001,72065.0,231.21111720258384,0.0,97,91,0,0,91,89,,6,0,0,6,2
2020-08-04,US,Puerto Rico,Hormigueros,84,0,0,18.134532,-67.113972,72067.0,486.9565217391304,0.0,84,81,0,0,81,81,,3,0,0,3,0
2020-08-04,US,Puerto Rico,Humacao,173,0,0,18.145211,-65.810174,72069.0,295.8984709061677,0.0,173,172,0,0,172,170,,1,0,0,1,2
2020-08-04,US,Puerto Rico,Isabela,123,0,0,18.44981,-67.005093,72071.0,269.5535929521597,0.0,123,123,0,0,123,118,,0,0,0,0,5
2020-08-04,US,Puerto Rico,Jayuya,179,0,0,18.211446,-66.58878,72073.0,1075.5918759764454,0.0,179,179,0,0,179,178,,0,0,0,0,1
2020-08-04,US,Puerto Rico,Juana Diaz,178,0,0,18.050764,-66.49458100000001,72075.0,222.78683805399453,0.0,178,175,0,0,175,172,,3,0,0,3,3
2020-08-04,US,Puerto Rico,Juncos,107,0,0,18.223793,-65.909109,72077.0,265.5745842640854,0.0,107,106,0,0,106,103,,1,0,0,1,3
2020-08-04,US,Puerto Rico,Lajas,73,0,0,18.011661,-67.040585,72079.0,283.4621209179513,0.0,73,73,0,0,73,72,,0,0,0,0,1
2020-08-04,US,Puerto Rico,Lares,146,0,0,18.269035,-66.867236,72081.0,474.75043085227463,0.0,146,145,0,0,145,141,,1,0,0,1,4
2020-08-04,US,Puerto Rico,Las Marias,55,0,0,18.23679,-66.98362,72083.0,556.6238234996458,0.0,55,54,0,0,54,52,,1,0,0,1,2
2020-08-04,US,Puerto Rico,Las Piedras,134,0,0,18.187527,-65.86946800000001,72085.0,346.4770523594052,0.0,134,133,0,0,133,130,,1,0,0,1,3
2020-08-04,US,Puerto Rico,Loiza,102,0,0,18.425688,-65.89943000000001,72087.0,339.3213572854292,0.0,102,98,0,0,98,94,,4,0,0,4,4
2020-08-04,US,Puerto Rico,Luquillo,92,0,0,18.342114,-65.72509699999999,72089.0,458.4412995814232,0.0,92,91,0,0,91,91,,1,0,0,1,0
2020-08-04,US,Puerto Rico,Manati,201,0,0,18.420473,-66.490461,72091.0,455.64799492213183,0.0,201,197,0,0,197,192,,4,0,0,4,5
2020-08-04,US,Puerto Rico,Maricao,42,0,0,18.171795,-66.942126,72093.0,669.2160611854682,0.0,42,41,0,0,41,41,,1,0,0,1,0
2020-08-04,US,Puerto Rico,Maunabo,56,0,0,18.017889,-65.922235,72095.0,458.077709611452,0.0,56,54,0,0,54,53,,2,0,0,2,1
2020-08-04,US,Puerto Rico,Mayaguez,447,0,0,18.2013,-67.1452,72097.0,501.7961383026493,0.0,447,440,0,0,440,434,,7,0,0,7,6
2020-08-04,US,Puerto Rico,Moca,161,0,0,18.377805,-67.080952,72099.0,401.4061681916777,0.0,161,153,0,0,153,153,,8,0,0,8,0
2020-08-04,US,Puerto Rico,Morovis,228,0,0,18.316963,-66.420383,72101.0,699.1720331186752,0.0,228,226,0,0,226,223,,2,0,0,2,3
2020-08-04,US,Puerto Rico,Naguabo,86,0,0,18.230637,-65.753897,72103.0,321.8562874251497,0.0,86,84,0,0,84,83,,2,0,0,2,1
2020-08-04,US,Puerto Rico,Naranjito,240,0,0,18.288019,-66.252703,72105.0,789.4217485691731,0.0,240,233,0,0,233,231,,7,0,0,7,2
2020-08-04,US,Puerto Rico,Orocovis,186,0,0,18.215046,-66.433604,72107.0,794.0912778038679,0.0,186,184,0,0,184,181,,2,0,0,2,3
2020-08-04,US,Puerto Rico,Out of PR,625,0,0,0.0,0.0,72888.0,0.0,0.0,625,624,0,0,624,624,,1,0,0,1,0
2020-08-04,US,Puerto Rico,Patillas,97,0,0,18.03174,-66.012242,72109.0,503.1903304456088,0.0,97,97,0,0,97,95,,0,0,0,0,2
2020-08-04,US,Puerto Rico,Penuelas,67,0,0,18.059645,-66.721572,72111.0,275.9245531669549,0.0,67,66,0,0,66,64,,1,0,0,1,2
2020-08-04,US,Puerto Rico,Ponce,444,0,0,18.059498,-66.613748,72113.0,266.9440319370878,0.0,444,433,0,0,433,428,,11,0,0,11,5
2020-08-04,US,Puerto Rico,Quebradillas,72,0,0,18.439692,-66.926113,72115.0,277.7884949265018,0.0,72,69,0,0,69,67,,3,0,0,3,2
2020-08-04,US,Puerto Rico,Rincon,89,0,0,18.335443,-67.23174,72117.0,585.5263157894736,0.0,89,87,0,0,87,83,,2,0,0,2,4
2020-08-04,US,Puerto Rico,Rio Grande,262,0,0,18.346329,-65.813742,72119.0,482.4690630524455,0.0,262,256,0,0,256,252,,6,0,0,6,4
2020-08-04,US,Puerto Rico,Sabana Grande,116,0,0,18.08282,-66.943758,72121.0,459.1331882050267,0.0,116,115,0,0,115,113,,1,0,0,1,2
2020-08-04,US,Puerto Rico,Salinas,139,0,0,18.010386999999994,-66.256592,72123.0,447.261728553961,0.0,139,134,0,0,134,131,,5,0,0,5,3
2020-08-04,US,Puerto Rico,San German,127,0,0,18.111484,-67.03858100000001,72125.0,357.4745967855434,0.0,127,125,0,0,125,123,,2,0,0,2,2
2020-08-04,US,Puerto Rico,San Juan,2752,0,0,18.386933,-66.061128,72127.0,696.1343296418652,0.0,2752,2609,0,0,2609,2547,,143,0,0,143,62
2020-08-04,US,Puerto Rico,San Lorenzo,143,0,0,18.147987,-65.976392,72129.0,348.2877880072093,0.0,143,142,0,0,142,138,,1,0,0,1,4
2020-08-04,US,Puerto Rico,San Sebastian,191,0,0,18.328646,-66.971214,72131.0,450.1531934951685,0.0,191,185,0,0,185,184,,6,0,0,6,1
2020-08-04,US,Puerto Rico,Santa Isabel,91,0,0,17.994525,-66.388913,72133.0,390.9942425023632,0.0,91,89,0,0,89,88,,2,0,0,2,1
2020-08-04,US,Puerto Rico,Toa Alta,498,0,0,18.362406,-66.246616,72135.0,672.373288688467,0.0,498,479,0,0,479,472,,19,0,0,19,7
2020-08-04,US,Puerto Rico,Toa Baja,456,0,0,18.431446,-66.213553,72137.0,508.8774565054849,0.0,456,445,0,0,445,440,,11,0,0,11,5
2020-08-04,US,Puerto Rico,Trujillo Alto,438,0,0,18.336159,-65.99888399999999,72139.0,585.2328906229122,0.0,438,427,0,0,427,418,,11,0,0,11,9
2020-08-04,US,Puerto Rico,Unassigned,574,237,0,0.0,0.0,72999.0,0.0,41.289198606271775,337,535,230,0,305,518,,39,7,0,32,17
2020-08-04,US,Puerto Rico,Utuado,57,0,0,18.271214,-66.702984,72141.0,171.95088841292346,0.0,57,57,0,0,57,57,,0,0,0,0,0
2020-08-04,US,Puerto Rico,Vega Alta,186,0,0,18.409346,-66.33725,72143.0,465.57032364646693,0.0,186,186,0,0,186,181,,0,0,0,0,5
2020-08-04,US,Puerto Rico,Vega Baja,321,0,0,18.428262,-66.397924,72145.0,538.0309074452749,0.0,321,313,0,0,313,308,,8,0,0,8,5
2020-08-04,US,Puerto Rico,Vieques,44,0,0,18.123276,-65.44097099999999,72147.0,473.0674121062252,0.0,44,44,0,0,44,43,,0,0,0,0,1
2020-08-04,US,Puerto Rico,Villalba,73,0,0,18.127951,-66.473115,72149.0,279.9831243048364,0.0,73,72,0,0,72,72,,1,0,0,1,0
2020-08-04,US,Puerto Rico,Yabucoa,102,0,0,18.070399,-65.896289,72151.0,268.8384597137661,0.0,102,100,0,0,100,100,,2,0,0,2,0
2020-08-04,US,Puerto Rico,Yauco,222,0,0,18.080374,-66.858814,72153.0,528.0308255833313,0.0,222,217,0,0,217,211,,5,0,0,5,6
2020-08-04,US,Rhode Island,Bristol,304,0,0,41.71018079,-71.28652315,44001.0,627.0756409991958,0.0,304,304,0,0,304,304,48649,0,0,0,0,0
2020-08-04,US,Rhode Island,Kent,1421,0,0,41.67106337,-71.57641596,44003.0,864.9234290166289,0.0,1421,1421,0,0,1421,1421,163861,0,0,0,0,0
2020-08-04,US,Rhode Island,Newport,380,0,0,41.5642026,-71.26569799,44005.0,462.9516824638777,0.0,380,380,0,0,380,380,82542,0,0,0,0,0
2020-08-04,US,Rhode Island,Providence,14549,0,0,41.87064746,-71.57753536,44007.0,2277.084693026321,0.0,14549,14549,0,0,14549,14549,636084,0,0,0,0,0
2020-08-04,US,Rhode Island,Unassigned,2146,1011,0,0.0,0.0,90044.0,0.0,47.11090400745573,1135,2002,1010,0,992,1778,,144,1,0,143,224
2020-08-04,US,Rhode Island,Washington,590,0,0,41.45961631,-71.61435303,44009.0,469.83125890887663,0.0,590,590,0,0,590,590,126179,0,0,0,0,0
2020-08-04,US,South Carolina,Abbeville,301,8,0,34.22333378,-82.46170658,45001.0,1227.2189831614141,2.6578073089701,293,298,7,0,291,290,24541,3,1,0,2,8
2020-08-04,US,South Carolina,Aiken,1638,31,0,33.54338026,-81.63645384,45003.0,958.6122945830797,1.8925518925518925,1607,1594,29,0,1565,1575,169401,44,2,0,42,19
2020-08-04,US,South Carolina,Allendale,195,3,0,32.98837386,-81.35321066,45005.0,2244.475138121547,1.5384615384615383,192,193,3,0,190,189,8903,2,0,0,2,4
2020-08-04,US,South Carolina,Anderson,2155,48,0,34.51828081,-82.63959517,45007.0,1063.8928109479757,2.2273781902552203,2107,2103,48,0,2055,2066,200482,52,0,0,52,37
2020-08-04,US,South Carolina,Bamberg,445,17,0,33.21927586,-81.05659969,45009.0,3163.6570453576,3.820224719101124,428,446,17,0,429,441,14275,-1,0,0,-1,5
2020-08-04,US,South Carolina,Barnwell,372,5,0,33.26679302,-81.43584352,45011.0,1782.804562446085,1.3440860215053765,367,369,4,0,365,340,21112,3,1,0,2,29
2020-08-04,US,South Carolina,Beaufort,3742,50,0,32.39226291,-80.72619758,45013.0,1947.7207191263885,1.3361838588989845,3692,3682,49,0,3633,3632,188715,60,1,0,59,50
2020-08-04,US,South Carolina,Berkeley,3965,61,0,33.20222596,-79.94654523,45015.0,1739.7447204342122,1.5384615384615383,3904,3880,59,0,3821,3854,221091,85,2,0,83,26
2020-08-04,US,South Carolina,Calhoun,339,10,0,33.66926881,-80.77722168,45017.0,2329.416615130901,2.949852507374631,329,337,10,0,327,314,14520,2,0,0,2,23
2020-08-04,US,South Carolina,Charleston,11814,178,0,32.82487866,-79.96512315,45019.0,2871.615873370831,1.5066869815473167,11636,11714,171,0,11543,11594,405905,100,7,0,93,120
2020-08-04,US,South Carolina,Cherokee,568,28,0,35.05122251,-81.61828622,45021.0,991.2739965095986,4.929577464788731,540,561,25,0,536,549,57078,7,3,0,4,12
2020-08-04,US,South Carolina,Chester,583,13,0,34.69249168,-81.1583216,45023.0,1808.088326510359,2.229845626072041,570,578,12,0,566,566,32251,5,1,0,4,12
2020-08-04,US,South Carolina,Chesterfield,712,19,0,34.64137396,-80.15640140000002,45025.0,1559.6933187294633,2.668539325842697,693,707,19,0,688,696,45754,5,0,0,5,11
2020-08-04,US,South Carolina,Clarendon,793,50,0,33.66610974,-80.21647898,45027.0,2349.977774485109,6.305170239596468,743,786,50,0,736,779,33700,7,0,0,7,7
2020-08-04,US,South Carolina,Colleton,771,31,0,32.87582989,-80.67641292,45029.0,2046.341269209332,4.020752269779507,740,765,31,0,734,763,37660,6,0,0,6,2
2020-08-04,US,South Carolina,Darlington,1151,33,0,34.33358335,-79.96027485,45031.0,1727.7612657239786,2.8670721112076456,1118,1133,33,0,1100,1089,66802,18,0,0,18,44
2020-08-04,US,South Carolina,Dillon,583,23,0,34.39007791,-79.37741872,45033.0,1912.792414449293,3.945111492281304,560,579,23,0,556,564,30599,4,0,0,4,15
2020-08-04,US,South Carolina,Dorchester,2855,40,0,33.0794369,-80.40502652,45035.0,1753.5885608289468,1.4010507880910683,2815,2839,40,0,2799,2780,160647,16,0,0,16,59
2020-08-04,US,South Carolina,Edgefield,292,6,0,33.77221995,-81.96231108,45037.0,1071.1665443873808,2.054794520547945,286,289,6,0,283,287,27052,3,0,0,3,2
2020-08-04,US,South Carolina,Fairfield,540,23,0,34.39287073,-81.1195624,45039.0,2416.431735803464,4.25925925925926,517,539,23,0,516,536,22402,1,0,0,1,3
2020-08-04,US,South Carolina,Florence,3133,100,0,34.02361754,-79.70189312,45041.0,2265.479814596545,3.191828917969997,3033,3091,99,0,2992,3033,138159,42,1,0,41,58
2020-08-04,US,South Carolina,Georgetown,1319,19,0,33.43443342,-79.33202141,45043.0,2104.3395022335667,1.4404852160727823,1300,1307,19,0,1288,1287,62249,12,0,0,12,20
2020-08-04,US,South Carolina,Greenville,10442,196,0,34.89502264,-82.37295012,45045.0,1994.4913684097935,1.87703505075656,10246,10306,189,0,10117,10211,514213,136,7,0,129,95
2020-08-04,US,South Carolina,Greenwood,1303,16,0,34.15272415,-82.12715789,45047.0,1840.1095874934686,1.2279355333844972,1287,1275,15,0,1260,1258,70741,28,1,0,27,17
2020-08-04,US,South Carolina,Hampton,395,7,0,32.77419582,-81.13845571,45049.0,2054.9370512953906,1.7721518987341771,388,392,7,0,385,364,19351,3,0,0,3,28
2020-08-04,US,South Carolina,Horry,8235,140,0,33.9212828,-78.99555293,45051.0,2325.739025816127,1.7000607164541592,8095,8174,130,0,8044,8116,344147,61,10,0,51,58
2020-08-04,US,South Carolina,Jasper,537,13,0,32.43171982,-81.02487495,45053.0,1785.6549063944394,2.4208566108007448,524,510,13,0,497,505,28971,27,0,0,27,5
2020-08-04,US,South Carolina,Kershaw,1311,23,0,34.33988254,-80.58763164,45055.0,1969.917807395832,1.7543859649122806,1288,1295,23,0,1272,1284,65592,16,0,0,16,11
2020-08-04,US,South Carolina,Lancaster,1101,22,0,34.68270843,-80.70513032,45057.0,1123.3318369179283,1.9981834695731155,1079,1085,21,0,1064,1063,95380,16,1,0,15,22
2020-08-04,US,South Carolina,Laurens,1244,37,0,34.48244419,-82.00490796,45059.0,1843.154104870135,2.974276527331189,1207,1236,34,0,1202,1222,66994,8,3,0,5,14
2020-08-04,US,South Carolina,Lee,532,27,0,34.16393091,-80.25690731,45061.0,3161.397670549085,5.075187969924812,505,526,27,0,499,522,17142,6,0,0,6,4
2020-08-04,US,South Carolina,Lexington,4750,105,0,33.89665987,-81.27146426,45063.0,1589.9581589958161,2.2105263157894743,4645,4685,104,0,4581,4654,295032,65,1,0,64,31
2020-08-04,US,South Carolina,Marion,527,12,0,34.07859748,-79.36400756,45067.0,1719.0201259092541,2.2770398481973437,515,523,12,0,511,522,31039,4,0,0,4,1
2020-08-04,US,South Carolina,Marlboro,447,4,0,34.59905577,-79.67561152,45069.0,1711.4633586032621,0.8948545861297539,443,443,4,0,439,436,26398,4,0,0,4,7
2020-08-04,US,South Carolina,McCormick,107,2,0,33.90161443,-82.30794338,45065.0,1130.7196449328965,1.8691588785046729,105,106,2,0,104,106,9410,1,0,0,1,0
2020-08-04,US,South Carolina,Newberry,802,9,0,34.28629098,-81.59935761,45071.0,2086.3683662851195,1.1221945137157108,793,782,9,0,773,775,38520,20,0,0,20,7
2020-08-04,US,South Carolina,Oconee,761,7,0,34.75225169,-83.06742317,45073.0,956.6791542000856,0.9198423127463864,754,755,7,0,748,746,78374,6,0,0,6,9
2020-08-04,US,South Carolina,Orangeburg,2257,60,0,33.4391073,-80.79886287,45075.0,2619.0890629532933,2.6583961010190515,2197,2231,58,0,2173,2190,86934,26,2,0,24,41
2020-08-04,US,South Carolina,Pickens,1767,23,0,34.88807695,-82.72791551,45077.0,1392.6105734371552,1.3016411997736277,1744,1747,23,0,1724,1725,124937,20,0,0,20,22
2020-08-04,US,South Carolina,Richland,8173,143,0,34.01791263,-80.90267209,45079.0,1965.8023037384642,1.749663526244953,8030,8040,141,0,7899,7975,414576,133,2,0,131,65
2020-08-04,US,South Carolina,Saluda,426,8,0,34.00795823,-81.72713237,45081.0,2080.7893322913105,1.8779342723004693,418,421,8,0,413,416,20544,5,0,0,5,5
2020-08-04,US,South Carolina,Spartanburg,3838,92,0,34.92960077,-81.99225984,45083.0,1200.181371859218,2.3970818134445024,3746,3793,87,0,3706,3741,313888,45,5,0,40,52
2020-08-04,US,South Carolina,Sumter,2367,45,0,33.91826534,-80.37942316,45085.0,2217.9327405103027,1.9011406844106464,2322,2316,45,0,2271,2312,106512,51,0,0,51,4
2020-08-04,US,South Carolina,Union,342,3,0,34.68835752,-81.61730349,45087.0,1252.0134719578266,0.8771929824561403,339,335,2,0,333,334,27410,7,1,0,6,1
2020-08-04,US,South Carolina,Williamsburg,947,29,0,33.62190129,-79.72767442,45089.0,3118.414120126449,3.0623020063357966,918,939,27,0,912,917,30606,8,2,0,6,22
2020-08-04,US,South Carolina,York,3313,28,0,34.97281497,-81.18085944,45091.0,1179.091675890369,0.8451554482342288,3285,3246,28,0,3218,3170,274118,67,0,0,67,76
2020-08-04,US,South Dakota,Aurora,37,0,0,43.71757685,-98.56050467,46003.0,1344.9654671028716,0.0,37,38,0,0,38,38,2801,-1,0,0,-1,0
2020-08-04,US,South Dakota,Beadle,587,9,0,44.41464384,-98.27858469,46005.0,3181.054571072454,1.5332197614991483,578,587,9,0,578,587,18883,0,0,0,0,0
2020-08-04,US,South Dakota,Bennett,6,0,0,43.19486375,-101.6665572,46007.0,178.30609212481426,0.0,6,6,0,0,6,6,3468,0,0,0,0,0
2020-08-04,US,South Dakota,Bon Homme,13,0,0,42.98914167,-97.88592746,46009.0,188.37849587016373,0.0,13,13,0,0,13,13,6980,0,0,0,0,0
2020-08-04,US,South Dakota,Brookings,121,1,0,44.36974375,-96.79079945,46011.0,344.95538386977216,0.8264462809917356,120,120,1,0,119,119,35232,1,0,0,1,1
2020-08-04,US,South Dakota,Brown,412,3,0,45.58994323,-98.35165355,46013.0,1060.7894127037255,0.7281553398058253,409,410,3,0,407,407,39316,2,0,0,2,3
2020-08-04,US,South Dakota,Brule,40,0,0,43.71756379,-99.08118954,46015.0,755.1444213705871,0.0,40,40,0,0,40,40,5229,0,0,0,0,0
2020-08-04,US,South Dakota,Buffalo,108,3,0,44.07657829,-99.20814467,46017.0,5504.587155963302,2.7777777777777777,105,108,3,0,105,107,2036,0,0,0,0,1
2020-08-04,US,South Dakota,Butte,11,1,0,44.90608745,-103.5079318,46019.0,105.47511746092628,9.090909090909092,10,11,1,0,10,11,10222,0,0,0,0,0
2020-08-04,US,South Dakota,Campbell,2,0,0,45.77074915,-100.0510181,46021.0,145.3488372093023,0.0,2,2,0,0,2,2,1377,0,0,0,0,0
2020-08-04,US,South Dakota,Charles Mix,100,0,0,43.20660134,-98.58856175,46023.0,1076.194575979337,0.0,100,100,0,0,100,99,9338,0,0,0,0,1
2020-08-04,US,South Dakota,Clark,16,0,0,44.85834507,-97.72925109,46025.0,428.2655246252677,0.0,16,16,0,0,16,16,3739,0,0,0,0,0
2020-08-04,US,South Dakota,Clay,120,0,0,42.91296147,-96.97656917,46027.0,852.8784648187633,0.0,120,118,0,0,118,117,14041,2,0,0,2,1
2020-08-04,US,South Dakota,Codington,120,1,0,44.97788119,-97.18827677,46029.0,428.43371773358564,0.8333333333333334,119,119,0,0,119,118,28015,1,1,0,0,1
2020-08-04,US,South Dakota,Corson,29,0,0,45.70889983,-101.1970473,46031.0,709.7405775819873,0.0,29,29,0,0,29,28,4165,0,0,0,0,1
2020-08-04,US,South Dakota,Custer,23,0,0,43.67741105,-103.45345209999999,46033.0,256.3530985287561,0.0,23,23,0,0,23,23,8726,0,0,0,0,0
2020-08-04,US,South Dakota,Davison,93,0,0,43.67490933,-98.14458906,46035.0,470.29077117572695,0.0,93,88,0,0,88,88,19790,5,0,0,5,0
2020-08-04,US,South Dakota,Day,21,0,0,45.367281,-97.60737498,46037.0,387.1681415929203,0.0,21,21,0,0,21,21,5505,0,0,0,0,0
2020-08-04,US,South Dakota,Deuel,9,0,0,44.75994309,-96.66943645,46039.0,206.84900022983226,0.0,9,8,0,0,8,8,4337,1,0,0,1,0
2020-08-04,US,South Dakota,Dewey,63,0,0,45.15639647,-100.8709139,46041.0,1069.246435845214,0.0,63,61,0,0,61,59,5904,2,0,0,2,2
2020-08-04,US,South Dakota,Douglas,16,0,0,43.38520741,-98.36978007,46043.0,547.757617254365,0.0,16,16,0,0,16,16,2935,0,0,0,0,0
2020-08-04,US,South Dakota,Edmunds,13,0,0,45.41846445,-99.21545423,46045.0,339.5142334813267,0.0,13,13,0,0,13,13,3875,0,0,0,0,0
2020-08-04,US,South Dakota,Fall River,18,0,0,43.23929297,-103.5275691,46047.0,268.1364516609564,0.0,18,16,0,0,16,16,6758,2,0,0,2,0
2020-08-04,US,South Dakota,Faulk,26,1,0,45.07082625,-99.14535601,46049.0,1130.9264897781645,3.8461538461538463,25,26,1,0,25,26,2330,0,0,0,0,0
2020-08-04,US,South Dakota,Grant,23,0,0,45.1723937,-96.77002276,46051.0,326.1486103233125,0.0,23,23,0,0,23,23,7147,0,0,0,0,0
2020-08-04,US,South Dakota,Gregory,7,0,0,43.19419064,-99.18883902,46053.0,167.26403823178018,0.0,7,7,0,0,7,7,4212,0,0,0,0,0
2020-08-04,US,South Dakota,Haakon,2,0,0,44.29299053,-101.539099,46055.0,105.318588730911,0.0,2,2,0,0,2,2,1918,0,0,0,0,0
2020-08-04,US,South Dakota,Hamlin,14,0,0,44.67385954,-97.18829593,46057.0,227.125243348475,0.0,14,14,0,0,14,14,6111,0,0,0,0,0
2020-08-04,US,South Dakota,Hand,7,0,0,44.54708407,-99.00386459,46059.0,219.36696960200558,0.0,7,7,0,0,7,7,3262,0,0,0,0,0
2020-08-04,US,South Dakota,Hanson,21,0,0,43.6746384,-97.78715148,46061.0,608.1668114682883,0.0,21,21,0,0,21,21,3376,0,0,0,0,0
2020-08-04,US,South Dakota,Hughes,84,2,0,44.39091534,-99.99661148,46065.0,479.2879150975693,2.380952380952381,82,84,2,0,82,84,17650,0,0,0,0,0
2020-08-04,US,South Dakota,Hutchinson,27,0,0,43.33449012,-97.75536441,46067.0,370.3195720751612,0.0,27,27,0,0,27,26,7380,0,0,0,0,1
2020-08-04,US,South Dakota,Hyde,3,0,0,44.54747703,-99.48572582,46069.0,230.59185242121444,0.0,3,3,0,0,3,3,1282,0,0,0,0,0
2020-08-04,US,South Dakota,Jackson,10,1,0,43.69318385,-101.6255063,46071.0,299.0430622009568,10.0,9,10,1,0,9,9,3307,0,0,0,0,1
2020-08-04,US,South Dakota,Jerauld,40,1,0,44.06637798,-98.62965972,46073.0,1987.083954297069,2.5,39,40,1,0,39,40,2043,0,0,0,0,0
2020-08-04,US,South Dakota,Jones,2,0,0,43.96278565,-100.6940008,46075.0,221.4839424141749,0.0,2,2,0,0,2,2,928,0,0,0,0,0
2020-08-04,US,South Dakota,Kingsbury,14,0,0,44.36956169,-97.4913945,46077.0,283.4581899169873,0.0,14,14,0,0,14,12,4919,0,0,0,0,2
2020-08-04,US,South Dakota,Lake,84,2,0,44.02193107,-97.12926365,46079.0,656.4038446510901,2.380952380952381,82,84,2,0,82,81,13057,0,0,0,0,3
2020-08-04,US,South Dakota,Lawrence,32,0,0,44.35919441,-103.79294279999999,46081.0,123.81984212970129,0.0,32,32,0,0,32,30,25741,0,0,0,0,2
2020-08-04,US,South Dakota,Lincoln,582,2,0,43.27841182,-96.72039050000001,46083.0,952.1005104043976,0.3436426116838488,580,579,2,0,577,571,58807,3,0,0,3,8
2020-08-04,US,South Dakota,Lyman,88,2,0,43.89522709,-99.85201878,46085.0,2327.4266067178,2.272727272727273,86,88,2,0,86,88,3821,0,0,0,0,0
2020-08-04,US,South Dakota,Marshall,8,0,0,45.75870838,-97.59855639,46091.0,162.10739614994938,0.0,8,8,0,0,8,8,5112,0,0,0,0,0
2020-08-04,US,South Dakota,McCook,24,1,0,43.6742571,-97.36863144,46087.0,429.6455424274973,4.166666666666667,23,24,1,0,23,24,5546,0,0,0,0,0
2020-08-04,US,South Dakota,McPherson,7,0,0,45.76626028,-99.22118798,46089.0,294.24127784783525,0.0,7,7,0,0,7,6,2407,0,0,0,0,1
2020-08-04,US,South Dakota,Meade,78,1,0,44.56676791,-102.71627409999999,46093.0,275.30707327403644,1.2820512820512822,77,76,1,0,75,74,28294,2,0,0,2,2
2020-08-04,US,South Dakota,Mellette,24,0,0,43.58078848,-100.7563186,46095.0,1164.4832605531294,0.0,24,24,0,0,24,24,2042,0,0,0,0,0
2020-08-04,US,South Dakota,Miner,15,0,0,44.02197882,-97.60992207,46097.0,676.8953068592058,0.0,15,15,0,0,15,15,2213,0,0,0,0,0
2020-08-04,US,South Dakota,Minnehaha,4258,64,0,43.67441641,-96.7910885,46099.0,2204.6869013223973,1.503053076561766,4194,4233,64,0,4169,4223,192876,25,0,0,25,10
2020-08-04,US,South Dakota,Moody,30,0,0,44.02266214,-96.67081159,46101.0,456.2043795620438,0.0,30,30,0,0,30,30,6579,0,0,0,0,0
2020-08-04,US,South Dakota,Oglala Lakota,151,1,0,43.33749164,-102.55554980000001,46102.0,1065.1054524934752,0.6622516556291391,150,149,1,0,148,148,14309,2,0,0,2,1
2020-08-04,US,South Dakota,Pennington,848,29,0,44.0025835,-102.8240777,46103.0,745.3306965502087,3.419811320754717,819,845,29,0,816,826,111729,3,0,0,3,19
2020-08-04,US,South Dakota,Perkins,6,0,0,45.49049506,-102.47555859999999,46105.0,209.42408376963348,0.0,6,6,0,0,6,6,2922,0,0,0,0,0
2020-08-04,US,South Dakota,Potter,1,0,0,45.06583079,-99.95498503,46107.0,46.44681839294008,0.0,1,1,0,0,1,1,2207,0,0,0,0,0
2020-08-04,US,South Dakota,Roberts,71,1,0,45.62975048,-96.94672673,46109.0,683.0863959976909,1.4084507042253518,70,70,1,0,69,70,10447,1,0,0,1,0
2020-08-04,US,South Dakota,Sanborn,13,0,0,44.02351092,-98.09098159999999,46111.0,554.6075085324234,0.0,13,13,0,0,13,13,2429,0,0,0,0,0
2020-08-04,US,South Dakota,Spink,22,0,0,44.93837606,-98.34626602,46115.0,345.0439146800502,0.0,22,21,0,0,21,20,6495,1,0,0,1,1
2020-08-04,US,South Dakota,Stanley,14,0,0,44.41381872,-100.7349153,46117.0,451.9044544867656,0.0,14,14,0,0,14,14,3022,0,0,0,0,0
2020-08-04,US,South Dakota,Sully,1,0,0,44.71571812,-100.1278092,46119.0,71.89072609633357,0.0,1,1,0,0,1,1,1392,0,0,0,0,0
2020-08-04,US,South Dakota,Todd,66,4,0,43.19338568,-100.71955030000001,46121.0,648.5211751989781,6.0606060606060606,62,66,4,0,62,66,10283,0,0,0,0,0
2020-08-04,US,South Dakota,Tripp,20,0,0,43.34459388,-99.8854891,46123.0,367.5794890645102,0.0,20,20,0,0,20,20,5478,0,0,0,0,0
2020-08-04,US,South Dakota,Turner,48,0,0,43.3109081,-97.14865776,46125.0,572.5190839694657,0.0,48,44,0,0,44,44,8424,4,0,0,4,0
2020-08-04,US,South Dakota,Union,201,4,0,42.83112163,-96.6557828,46127.0,1261.6118503640473,1.9900497512437807,197,199,4,0,195,196,15619,2,0,0,2,3
2020-08-04,US,South Dakota,Walworth,18,0,0,45.43019636,-100.03075140000001,46129.0,331.1867525298988,0.0,18,18,0,0,18,18,5587,0,0,0,0,0
2020-08-04,US,South Dakota,Yankton,103,2,0,43.00924485,-97.39467635,46135.0,451.47716314543686,1.9417475728155342,101,102,2,0,100,102,22869,1,0,0,1,0
2020-08-04,US,South Dakota,Ziebach,8,0,0,44.97881876,-101.6654622,46137.0,290.2757619738752,0.0,8,8,0,0,8,8,2742,0,0,0,0,0
2020-08-04,US,Tennessee,Anderson,630,7,0,36.12684348,-84.19965764,47001.0,818.4156512250254,1.1111111111111112,623,607,5,0,602,599,76482,23,2,0,21,8
2020-08-04,US,Tennessee,Bedford,877,11,0,35.51123746,-86.45549096,47003.0,1764.126083720556,1.2542759407069557,866,871,10,0,861,862,49038,6,1,0,5,9
2020-08-04,US,Tennessee,Benton,108,1,0,36.07110411,-88.06849355,47005.0,668.3168316831683,0.925925925925926,107,97,1,0,96,92,16184,11,0,0,11,5
2020-08-04,US,Tennessee,Bledsoe,674,1,0,35.59942968,-85.20611967,47007.0,4474.243228890069,0.14836795252225518,673,672,1,0,671,668,14755,2,0,0,2,4
2020-08-04,US,Tennessee,Blount,1181,7,0,35.68938198,-83.92847788,47009.0,887.3827843231546,0.5927180355630821,1174,1120,7,0,1113,1098,131349,61,0,0,61,22
2020-08-04,US,Tennessee,Bradley,1739,10,0,35.15739424,-84.857186,47011.0,1608.5468504301175,0.5750431282346176,1729,1713,10,0,1703,1705,106727,26,0,0,26,8
2020-08-04,US,Tennessee,Campbell,221,1,0,36.40355516,-84.15108559999999,47013.0,554.6910295667889,0.4524886877828054,220,213,1,0,212,207,39583,8,0,0,8,6
2020-08-04,US,Tennessee,Cannon,126,0,0,35.80990797,-86.05738983,47015.0,858.4275786891948,0.0,126,118,0,0,118,117,14462,8,0,0,8,1
2020-08-04,US,Tennessee,Carroll,244,3,0,35.97366108,-88.45189331,47017.0,878.7409514891777,1.2295081967213115,241,228,3,0,225,226,28020,16,0,0,16,2
2020-08-04,US,Tennessee,Carter,433,5,0,36.28969086,-82.12588974,47019.0,767.8530261921228,1.1547344110854505,428,427,5,0,422,424,56351,6,0,0,6,3
2020-08-04,US,Tennessee,Cheatham,548,6,0,36.26136216,-87.08903581,47021.0,1347.5299382791945,1.094890510948905,542,548,5,0,543,544,40439,0,1,0,-1,4
2020-08-04,US,Tennessee,Chester,196,2,0,35.42527478,-88.6095842,47023.0,1133.1444759206802,1.020408163265306,194,193,2,0,191,192,17276,3,0,0,3,1
2020-08-04,US,Tennessee,Claiborne,235,0,0,36.48319149,-83.65947309,47025.0,735.3171250664917,0.0,235,221,0,0,221,212,31756,14,0,0,14,9
2020-08-04,US,Tennessee,Clay,64,0,0,36.55151008,-85.53930419,47027.0,840.4464871963229,0.0,64,61,0,0,61,62,7717,3,0,0,3,-1
2020-08-04,US,Tennessee,Cocke,412,1,0,35.9278914,-83.11828725,47029.0,1144.3172980779914,0.2427184466019417,411,400,1,0,399,391,35774,12,0,0,12,9
2020-08-04,US,Tennessee,Coffee,421,2,0,35.49090731,-86.07311784,47031.0,744.8690728945506,0.4750593824228028,419,417,2,0,415,411,55700,4,0,0,4,6
2020-08-04,US,Tennessee,Crockett,236,4,0,35.81830662,-89.14916269,47033.0,1658.4680252986648,1.6949152542372878,232,226,3,0,223,223,14328,10,1,0,9,3
2020-08-04,US,Tennessee,Cumberland,385,6,0,35.95271721,-84.99840585,47035.0,636.1533377395903,1.5584415584415583,379,379,6,0,373,375,59673,6,0,0,6,4
2020-08-04,US,Tennessee,Davidson,19563,205,0,36.17007426,-86.78646056,47037.0,2818.2913055504328,1.0478965393855748,19358,19400,202,0,19198,19320,692587,163,3,0,160,80
2020-08-04,US,Tennessee,DeKalb,322,1,0,35.97616272,-85.83689361,47041.0,1571.4982918496826,0.3105590062111801,321,305,1,0,304,304,20138,17,0,0,17,1
2020-08-04,US,Tennessee,Decatur,169,2,0,35.60048904,-88.11043779,47039.0,1449.0268370059161,1.183431952662722,167,161,2,0,159,159,11706,8,0,0,8,2
2020-08-04,US,Tennessee,Dickson,609,1,0,36.14669837,-87.35891709,47043.0,1128.8648328019576,0.16420361247947454,608,595,1,0,594,587,53446,14,0,0,14,8
2020-08-04,US,Tennessee,Dyer,568,7,0,36.05931946,-89.41542855,47045.0,1528.5664307435613,1.2323943661971828,561,555,7,0,548,542,37320,13,0,0,13,13
2020-08-04,US,Tennessee,Fayette,642,8,0,35.19615831,-89.41399032,47047.0,1560.7906060827074,1.2461059190031152,634,620,8,0,612,617,40507,22,0,0,22,3
2020-08-04,US,Tennessee,Fentress,76,0,0,36.38128818,-84.92870012,47049.0,410.3007072288506,0.0,76,74,0,0,74,74,18217,2,0,0,2,0
2020-08-04,US,Tennessee,Franklin,286,4,0,35.15634626,-86.09201039,47051.0,677.5966641394996,1.3986013986013983,282,286,4,0,282,285,41890,0,0,0,0,1
2020-08-04,US,Tennessee,Gibson,590,2,0,35.99438059,-88.93358327,47053.0,1200.8222579529033,0.3389830508474576,588,567,2,0,565,558,49045,23,0,0,23,9
2020-08-04,US,Tennessee,Giles,354,10,0,35.20222469,-87.03992678,47055.0,1201.4661960358405,2.824858757062147,344,351,9,0,342,344,29503,3,1,0,2,7
2020-08-04,US,Tennessee,Grainger,179,0,0,36.27469206,-83.51254721,47057.0,767.5814751286449,0.0,179,169,0,0,169,168,23145,10,0,0,10,1
2020-08-04,US,Tennessee,Greene,376,5,0,36.17470125,-82.84691273,47059.0,544.3831530788052,1.3297872340425532,371,371,5,0,366,369,69087,5,0,0,5,2
2020-08-04,US,Tennessee,Grundy,102,2,0,35.38433717,-85.72142731,47061.0,759.6633648618456,1.96078431372549,100,101,2,0,99,101,13346,1,0,0,1,0
2020-08-04,US,Tennessee,Hamblen,1297,13,0,36.21990035,-83.26586179,47063.0,1997.412757569224,1.002313030069391,1284,1229,13,0,1216,1217,64569,68,0,0,68,12
2020-08-04,US,Tennessee,Hamilton,5720,47,0,35.17670231,-85.16652245,47065.0,1555.176126415156,0.8216783216783217,5673,5661,47,0,5614,5621,364286,59,0,0,59,40
2020-08-04,US,Tennessee,Hancock,76,1,0,36.52692871,-83.22375847,47067.0,1148.036253776435,1.3157894736842106,75,76,1,0,75,74,6549,0,0,0,0,2
2020-08-04,US,Tennessee,Hardeman,830,11,0,35.20772017,-88.99161161,47069.0,3313.373253493014,1.3253012048192772,819,801,11,0,790,794,25220,29,0,0,29,7
2020-08-04,US,Tennessee,Hardin,409,7,0,35.19732531,-88.18593755,47071.0,1594.4175892717915,1.7114914425427872,402,401,7,0,394,398,25776,8,0,0,8,3
2020-08-04,US,Tennessee,Hawkins,369,4,0,36.44355426,-82.94885298,47073.0,649.8080512802451,1.084010840108401,365,362,4,0,358,324,56530,7,0,0,7,38
2020-08-04,US,Tennessee,Haywood,402,5,0,35.58332824,-89.28536625,47075.0,2323.162274618585,1.243781094527363,397,374,5,0,369,369,17335,28,0,0,28,5
2020-08-04,US,Tennessee,Henderson,469,0,0,35.65581134,-88.38600175,47077.0,1668.0300174271792,0.0,469,431,0,0,431,426,27847,38,0,0,38,5
2020-08-04,US,Tennessee,Henry,225,0,0,36.33160906,-88.30121797,47079.0,695.6252898438707,0.0,225,216,0,0,216,211,32358,9,0,0,9,5
2020-08-04,US,Tennessee,Hickman,233,0,0,35.80609681,-87.47643507,47081.0,925.4110731591072,0.0,233,231,0,0,231,226,25063,2,0,0,2,5
2020-08-04,US,Tennessee,Houston,54,0,0,36.28872054,-87.71878828,47083.0,658.4562858188026,0.0,54,55,0,0,55,55,8263,-1,0,0,-1,0
2020-08-04,US,Tennessee,Humphreys,109,3,0,36.03958805,-87.77992872,47085.0,586.5891723172962,2.7522935779816518,106,105,3,0,102,101,18486,4,0,0,4,4
2020-08-04,US,Tennessee,Jackson,108,1,0,36.36380466,-85.67239905,47087.0,916.3414220261328,0.925925925925926,107,106,1,0,105,107,11758,2,0,0,2,-1
2020-08-04,US,Tennessee,Jefferson,508,3,0,36.04818632,-83.45148924,47089.0,932.1956142765393,0.5905511811023622,505,496,2,0,494,489,54012,12,1,0,11,7
2020-08-04,US,Tennessee,Johnson,177,0,0,36.45523950000001,-81.84886538,47091.0,995.0528446143468,0.0,177,172,0,0,172,160,17778,5,0,0,5,12
2020-08-04,US,Tennessee,Knox,4108,37,0,35.99508821,-83.94635435,47093.0,873.4608654236647,0.9006815968841285,4071,4032,36,0,3996,3926,465289,76,1,0,75,106
2020-08-04,US,Tennessee,Lake,756,0,0,36.34180170000001,-89.48921915,47095.0,10775.370581527935,0.0,756,749,0,0,749,744,7411,7,0,0,7,5
2020-08-04,US,Tennessee,Lauderdale,438,6,0,35.75893438,-89.63015909999999,47097.0,1708.7348340030426,1.3698630136986298,432,423,6,0,417,421,25825,15,0,0,15,2
2020-08-04,US,Tennessee,Lawrence,491,6,0,35.21675201,-87.39787695,47099.0,1112.3193330614833,1.2219959266802445,485,478,6,0,472,474,43734,13,0,0,13,4
2020-08-04,US,Tennessee,Lewis,58,1,0,35.52853208,-87.49022694,47101.0,472.7746984023477,1.7241379310344829,57,56,1,0,55,56,12086,2,0,0,2,0
2020-08-04,US,Tennessee,Lincoln,255,1,0,35.13738622,-86.58910106,47103.0,742.0124541698192,0.392156862745098,254,254,1,0,253,251,34117,1,0,0,1,3
2020-08-04,US,Tennessee,Loudon,682,3,0,35.73939663,-84.31145275,47105.0,1261.3745653621365,0.4398826979472141,679,653,3,0,650,649,53054,29,0,0,29,4
2020-08-04,US,Tennessee,Macon,841,13,0,36.53157855,-86.00778595,47111.0,3418.4212665636933,1.5457788347205708,828,832,13,0,819,834,24265,9,0,0,9,-2
2020-08-04,US,Tennessee,Madison,929,13,0,35.61181957,-88.84076036,47113.0,948.1139777922926,1.3993541442411197,916,912,13,0,899,889,97605,17,0,0,17,23
2020-08-04,US,Tennessee,Marion,209,4,0,35.12997174,-85.62265895,47115.0,723.0082678935897,1.9138755980861244,205,205,4,0,201,206,28575,4,0,0,4,-1
2020-08-04,US,Tennessee,Marshall,266,2,0,35.45798777,-86.76420988,47117.0,773.8181818181819,0.7518796992481203,264,265,2,0,263,263,33683,1,0,0,1,2
2020-08-04,US,Tennessee,Maury,1089,7,0,35.618741299999996,-87.07462444,47119.0,1129.8204114662765,0.6427915518824611,1082,1081,5,0,1076,1066,94340,8,2,0,6,15
2020-08-04,US,Tennessee,McMinn,493,20,0,35.42812616,-84.61520715,47107.0,916.4590846562813,4.056795131845842,473,489,20,0,469,479,53285,4,0,0,4,10
2020-08-04,US,Tennessee,McNairy,324,5,0,35.17468549,-88.5647812,47109.0,1260.9947847746555,1.5432098765432098,319,316,5,0,311,310,25832,8,0,0,8,6
2020-08-04,US,Tennessee,Meigs,99,0,0,35.51558739,-84.81482914,47121.0,796.9731122202544,0.0,99,98,0,0,98,96,12306,1,0,0,1,2
2020-08-04,US,Tennessee,Monroe,377,9,0,35.44550387,-84.24902965,47123.0,809.9688473520247,2.3872679045092844,368,366,9,0,357,356,46357,11,0,0,11,10
2020-08-04,US,Tennessee,Montgomery,1752,12,0,36.49609412,-87.38550661,47125.0,838.3055891824129,0.6849315068493149,1740,1734,11,0,1723,1711,205950,18,1,0,17,23
2020-08-04,US,Tennessee,Moore,44,0,0,35.27724699,-86.36230578,47127.0,678.1750924784218,0.0,44,45,0,0,45,42,6411,-1,0,0,-1,3
2020-08-04,US,Tennessee,Morgan,91,1,0,36.13248031,-84.64880098,47129.0,425.1740410222866,1.0989010989010992,90,82,1,0,81,79,21579,9,0,0,9,3
2020-08-04,US,Tennessee,Obion,453,4,0,36.35732446,-89.14921589,47131.0,1506.534969569989,0.8830022075055187,449,435,4,0,431,427,30267,18,0,0,18,8
2020-08-04,US,Tennessee,Out of TN,2789,14,0,0.0,0.0,80047.0,0.0,0.5019720329867337,2775,2783,14,0,2769,2823,,6,0,0,6,-40
2020-08-04,US,Tennessee,Overton,139,1,0,36.34117832,-85.28989535,47133.0,624.97189874556,0.7194244604316546,138,134,1,0,133,134,22068,5,0,0,5,0
2020-08-04,US,Tennessee,Perry,74,0,0,35.63708728,-87.86139634,47135.0,916.2951956414064,0.0,74,74,0,0,74,74,8064,0,0,0,0,0
2020-08-04,US,Tennessee,Pickett,25,1,0,36.55606529,-85.07763299999998,47137.0,495.24564183835184,4.0,24,22,1,0,21,22,5082,3,0,0,3,0
2020-08-04,US,Tennessee,Polk,179,3,0,35.12245443,-84.52075859,47139.0,1063.4505703422053,1.675977653631285,176,165,1,0,164,166,16898,14,2,0,12,-1
2020-08-04,US,Tennessee,Putnam,1601,13,0,36.14005459,-85.50646123,47141.0,1995.1398841049288,0.8119925046845722,1588,1544,13,0,1531,1547,78843,57,0,0,57,-3
2020-08-04,US,Tennessee,Rhea,511,1,0,35.60536161,-84.93076643,47143.0,1540.6880332860974,0.19569471624266144,510,502,1,0,501,497,33044,9,0,0,9,5
2020-08-04,US,Tennessee,Roane,392,2,0,35.84923189,-84.52458689,47145.0,734.3299239444008,0.5102040816326531,390,364,2,0,362,356,53140,28,0,0,28,8
2020-08-04,US,Tennessee,Robertson,1459,19,0,36.52454807,-86.87346725,47147.0,2031.665575870664,1.3022618231665524,1440,1450,17,0,1433,1432,71012,9,2,0,7,18
2020-08-04,US,Tennessee,Rutherford,6155,53,0,35.84591405,-86.4107263,47149.0,1852.3255638984606,0.8610885458976442,6102,6072,53,0,6019,6042,324890,83,0,0,83,30
2020-08-04,US,Tennessee,Scott,105,0,0,36.42325673,-84.50360494,47151.0,475.80206634040235,0.0,105,104,0,0,104,101,22039,1,0,0,1,3
2020-08-04,US,Tennessee,Sequatchie,96,0,0,35.36979721,-85.41022136,47153.0,638.8925861839479,0.0,96,94,0,0,94,94,14876,2,0,0,2,0
2020-08-04,US,Tennessee,Sevier,1756,5,0,35.78077323,-83.52244332,47155.0,1787.2773536895675,0.2847380410022779,1751,1713,5,0,1708,1702,97892,43,0,0,43,11
2020-08-04,US,Tennessee,Shelby,21728,293,0,35.1864775,-89.89692423,47157.0,2318.4793302360517,1.3484904270986746,21435,21492,288,0,21204,21296,935764,236,5,0,231,196
2020-08-04,US,Tennessee,Smith,384,3,0,36.25359775,-85.95411046,47159.0,1905.0453936597708,0.78125,381,363,3,0,360,361,19942,21,0,0,21,2
2020-08-04,US,Tennessee,Stewart,70,0,0,36.50235092,-87.83920548,47161.0,510.3900838497995,0.0,70,70,0,0,70,70,13561,0,0,0,0,0
2020-08-04,US,Tennessee,Sullivan,833,9,0,36.51240691,-82.30412917,47163.0,526.0565337105616,1.0804321728691475,824,806,9,0,797,780,157668,27,0,0,27,26
2020-08-04,US,Tennessee,Sumner,3219,70,0,36.46824103,-86.45917204,47165.0,1682.8468813224383,2.1745883814849334,3149,3178,70,0,3108,3160,187149,41,0,0,41,18
2020-08-04,US,Tennessee,Tipton,1123,9,0,35.501942,-89.73694895,47167.0,1823.0815435315506,0.8014247551202137,1114,1106,9,0,1097,1104,61581,17,0,0,17,2
2020-08-04,US,Tennessee,Trousdale,1576,6,0,36.39026213,-86.16087954,47169.0,13966.678482807514,0.3807106598984771,1570,1572,6,0,1566,1572,11012,4,0,0,4,0
2020-08-04,US,Tennessee,Unassigned,2957,5,0,0.0,0.0,90047.0,0.0,0.16909029421711194,2952,2954,4,0,2950,2924,,3,1,0,2,30
2020-08-04,US,Tennessee,Unicoi,139,0,0,36.10890856,-82.43709629,47171.0,777.274506514567,0.0,139,138,0,0,138,136,17761,1,0,0,1,2
2020-08-04,US,Tennessee,Union,129,0,0,36.28590426,-83.83651902,47173.0,645.9042659723613,0.0,129,120,0,0,120,118,19688,9,0,0,9,2
2020-08-04,US,Tennessee,Van Buren,33,0,0,35.69864497,-85.45221699,47175.0,561.9891008174386,0.0,33,33,0,0,33,32,5765,0,0,0,0,1
2020-08-04,US,Tennessee,Warren,429,4,0,35.672829899999996,-85.77969117,47177.0,1039.319718002762,0.9324009324009324,425,403,4,0,399,400,40878,26,0,0,26,3
2020-08-04,US,Tennessee,Washington,1089,2,0,36.29472368,-82.49454720000001,47179.0,841.7391304347825,0.18365472910927452,1087,1066,2,0,1064,1038,128607,23,0,0,23,28
2020-08-04,US,Tennessee,Wayne,219,1,0,35.23868267,-87.78644456,47181.0,1313.5008696695254,0.45662100456620996,218,216,1,0,215,214,16558,3,0,0,3,2
2020-08-04,US,Tennessee,Weakley,310,3,0,36.29896232,-88.71990865,47183.0,930.1488238118097,0.967741935483871,307,276,3,0,273,260,33415,34,0,0,34,16
2020-08-04,US,Tennessee,White,205,3,0,35.92929884,-85.45591799,47185.0,749.6800146279027,1.4634146341463414,202,194,3,0,191,191,27107,11,0,0,11,3
2020-08-04,US,Tennessee,Williamson,3308,22,0,35.89099229,-86.89281867,47187.0,1387.5140513061426,0.6650544135429263,3286,3269,22,0,3247,3230,231729,39,0,0,39,39
2020-08-04,US,Tennessee,Wilson,2102,22,0,36.15496772,-86.29775884,47189.0,1453.0924877468772,1.0466222645099903,2080,2072,21,0,2051,2064,140625,30,1,0,29,8
2020-08-04,US,Texas,Anderson,2329,10,0,31.81534745,-95.65354823,48001.0,4033.9482116567074,0.4293688278231,2319,2307,9,0,2298,2209,58057,22,1,0,21,98
2020-08-04,US,Texas,Andrews,268,6,0,32.30468633,-102.63765479999999,48003.0,1432.7719860999732,2.238805970149253,262,267,6,0,261,255,18128,1,0,0,1,12
2020-08-04,US,Texas,Angelina,1745,37,0,31.25457347,-94.60901487,48005.0,2012.3392723288928,2.1203438395415475,1708,1647,36,0,1611,1647,87092,98,1,0,97,0
2020-08-04,US,Texas,Aransas,158,12,0,28.10556197,-96.9995047,48007.0,672.0544449170567,7.594936708860758,146,158,12,0,146,153,23792,0,0,0,0,5
2020-08-04,US,Texas,Archer,20,0,0,33.61569967,-98.68754589,48009.0,233.836080907284,0.0,20,20,0,0,20,20,8786,0,0,0,0,0
2020-08-04,US,Texas,Armstrong,9,0,0,34.96507426,-101.35748740000001,48011.0,476.9475357710652,0.0,9,8,0,0,8,8,1892,1,0,0,1,0
2020-08-04,US,Texas,Atascosa,413,15,0,28.89333001,-98.52730485,48013.0,807.3817762399077,3.6319612590799033,398,405,15,0,390,405,50310,8,0,0,8,0
2020-08-04,US,Texas,Austin,216,3,0,29.88548725,-96.27736949,48015.0,719.2328183271178,1.3888888888888888,213,213,3,0,210,213,29989,3,0,0,3,0
2020-08-04,US,Texas,Bailey,159,4,0,34.06854817,-102.8299707,48017.0,2271.428571428572,2.5157232704402515,155,158,4,0,154,158,7027,1,0,0,1,0
2020-08-04,US,Texas,Bandera,83,3,0,29.74619598,-99.24598147,48019.0,359.1208030460366,3.614457831325301,80,83,3,0,80,83,22824,0,0,0,0,0
2020-08-04,US,Texas,Bastrop,1302,18,0,30.10370699,-97.31206354,48021.0,1467.4887007878451,1.3824884792626728,1284,1296,18,0,1278,1296,86976,6,0,0,6,0
2020-08-04,US,Texas,Baylor,7,0,0,33.61640794,-99.21352901,48023.0,199.48703334283272,0.0,7,7,0,0,7,7,3582,0,0,0,0,0
2020-08-04,US,Texas,Bee,669,9,0,28.41761668,-97.74215593,48025.0,2054.352832795946,1.345291479820628,660,626,9,0,617,511,32587,43,0,0,43,115
2020-08-04,US,Texas,Bell,3598,33,0,31.03736027,-97.4785025,48027.0,991.3921371967683,0.9171762090050029,3565,3496,32,0,3464,3496,355642,102,1,0,101,0
2020-08-04,US,Texas,Bexar,41274,646,0,29.44928723,-98.52019748,48029.0,2060.039310145871,1.5651499733488394,40628,41138,622,0,40516,41082,1986049,136,24,0,112,56
2020-08-04,US,Texas,Blanco,98,5,0,30.26640707,-98.3999852,48031.0,821.3896571955411,5.1020408163265305,93,98,4,0,94,98,11702,0,1,0,-1,0
2020-08-04,US,Texas,Bosque,135,2,0,31.89978581,-97.63613524,48035.0,722.5046829007225,1.4814814814814814,133,128,2,0,126,125,18691,7,0,0,7,3
2020-08-04,US,Texas,Bowie,706,31,0,33.44626922,-94.41834132,48037.0,757.1451552362057,4.390934844192635,675,708,31,0,677,708,94324,-2,0,0,-2,0
2020-08-04,US,Texas,Brazoria,6732,78,0,29.18757369,-95.44563172,48039.0,1798.7303080178697,1.1586452762923352,6654,6732,73,0,6659,6534,370200,0,5,0,-5,198
2020-08-04,US,Texas,Brazos,3936,43,0,30.663644800000004,-96.30205577,48041.0,1717.195073534865,1.0924796747967478,3893,3922,42,0,3880,3877,226758,14,1,0,13,45
2020-08-04,US,Texas,Brewster,186,2,0,29.81008251,-103.25203259999999,48043.0,2021.0800825817664,1.075268817204301,184,184,2,0,182,181,9267,2,0,0,2,3
2020-08-04,US,Texas,Briscoe,11,1,0,34.53026962,-101.2084947,48045.0,711.5135834411383,9.090909090909092,10,11,1,0,10,11,1516,0,0,0,0,0
2020-08-04,US,Texas,Brooks,91,1,0,27.03103197,-98.21808402,48047.0,1282.9550260820527,1.0989010989010992,90,87,1,0,86,85,7114,4,0,0,4,2
2020-08-04,US,Texas,Brown,356,15,0,31.77430356,-98.99907113,48049.0,940.2070568349884,4.213483146067416,341,351,14,0,337,351,37924,5,1,0,4,0
2020-08-04,US,Texas,Burleson,232,5,0,30.49273808,-96.62158484,48051.0,1257.9298378788699,2.155172413793104,227,231,5,0,226,231,18389,1,0,0,1,0
2020-08-04,US,Texas,Burnet,544,7,0,30.78801353,-98.181887,48053.0,1129.6853909251374,1.286764705882353,537,542,7,0,535,542,47542,2,0,0,2,0
2020-08-04,US,Texas,Caldwell,1080,24,0,29.83668859,-97.61814775,48055.0,2473.4334921216564,2.2222222222222223,1056,1071,23,0,1048,1070,43247,9,1,0,8,1
2020-08-04,US,Texas,Calhoun,493,4,0,28.47048236,-96.61633945,48057.0,2315.641146077971,0.8113590263691683,489,453,3,0,450,453,21561,40,1,0,39,0
2020-08-04,US,Texas,Callahan,43,3,0,32.29760619,-99.37326312,48059.0,308.3984795237754,6.9767441860465125,40,41,3,0,38,41,13994,2,0,0,2,0
2020-08-04,US,Texas,Cameron,14781,383,0,26.14524221,-97.48140372,48061.0,3492.9802463825995,2.5911643325891345,14398,13516,368,0,13148,10971,423908,1265,15,0,1250,2545
2020-08-04,US,Texas,Camp,218,5,0,32.97195142,-94.97790104,48063.0,1664.8846800061096,2.2935779816513757,213,218,4,0,214,214,13033,0,1,0,-1,4
2020-08-04,US,Texas,Carson,14,0,0,35.40365929,-101.35426690000001,48065.0,236.2470469119136,0.0,14,13,0,0,13,13,6005,1,0,0,1,0
2020-08-04,US,Texas,Cass,158,7,0,33.07499881,-94.34646905,48067.0,526.2106174648636,4.4303797468354436,151,153,7,0,146,153,30119,5,0,0,5,0
2020-08-04,US,Texas,Castro,182,4,0,34.53016752,-102.2617243,48069.0,2416.998671978752,2.1978021978021984,178,170,3,0,167,170,7665,12,1,0,11,0
2020-08-04,US,Texas,Chambers,912,2,0,29.70972016,-94.67154501,48071.0,2080.434336291261,0.21929824561403508,910,894,2,0,892,887,42454,18,0,0,18,7
2020-08-04,US,Texas,Cherokee,807,5,0,31.837258000000002,-95.16559897,48073.0,1532.8799908824985,0.6195786864931846,802,783,4,0,779,783,52592,24,1,0,23,0
2020-08-04,US,Texas,Childress,36,0,0,34.529304100000004,-100.2077916,48075.0,492.74568847522585,0.0,36,34,0,0,34,34,7291,2,0,0,2,0
2020-08-04,US,Texas,Clay,35,1,0,33.78686685,-98.20771198,48077.0,334.25651800210096,2.8571428571428568,34,34,1,0,33,34,10456,1,0,0,1,0
2020-08-04,US,Texas,Cochran,27,0,0,33.60425307,-102.82844990000001,48079.0,946.372239747634,0.0,27,21,0,0,21,21,2836,6,0,0,6,0
2020-08-04,US,Texas,Coke,40,1,0,31.88911733,-100.5297533,48081.0,1180.9861234130499,2.5,39,39,1,0,38,39,3370,1,0,0,1,0
2020-08-04,US,Texas,Coleman,13,0,0,31.76736834,-99.45240766,48083.0,159.02140672782875,0.0,13,11,0,0,11,11,8397,2,0,0,2,0
2020-08-04,US,Texas,Collin,6421,72,0,33.18820114,-96.57264368,48085.0,620.5483556096759,1.1213206665628406,6349,6403,72,0,6331,6353,1005146,18,0,0,18,50
2020-08-04,US,Texas,Collingsworth,7,0,0,34.96489496,-100.27001109999999,48087.0,239.72602739726028,0.0,7,7,0,0,7,7,2962,0,0,0,0,0
2020-08-04,US,Texas,Colorado,257,2,0,29.622097999999998,-96.5273805,48089.0,1195.7381473037733,0.7782101167315175,255,246,2,0,244,242,21217,11,0,0,11,4
2020-08-04,US,Texas,Comal,1720,65,0,29.80811278,-98.27647225,48091.0,1101.0889257341123,3.779069767441861,1655,1679,63,0,1616,1669,148373,41,2,0,39,10
2020-08-04,US,Texas,Comanche,236,3,0,31.94854689,-98.55876441,48093.0,1730.839750641731,1.2711864406779658,233,230,3,0,227,230,13534,6,0,0,6,0
2020-08-04,US,Texas,Concho,26,1,0,31.32635934,-99.86473038,48095.0,953.7784299339693,3.8461538461538463,25,26,1,0,25,26,4276,0,0,0,0,0
2020-08-04,US,Texas,Cooke,202,3,0,33.63979567,-97.21240912,48097.0,489.6138837045835,1.4851485148514851,199,200,3,0,197,200,40574,2,0,0,2,0
2020-08-04,US,Texas,Coryell,620,5,0,31.39078397,-97.79936155,48099.0,816.3157825440086,0.8064516129032258,615,614,5,0,609,612,74808,6,0,0,6,2
2020-08-04,US,Texas,Cottle,14,2,0,34.07783319,-100.27850620000001,48101.0,1001.4306151645208,14.285714285714285,12,14,2,0,12,14,1389,0,0,0,0,0
2020-08-04,US,Texas,Crane,75,2,0,31.43052248,-102.5143314,48103.0,1563.4771732332708,2.6666666666666665,73,75,2,0,73,75,4794,0,0,0,0,0
2020-08-04,US,Texas,Crockett,156,3,0,30.72367027,-101.4134238,48105.0,4503.464203233257,1.9230769230769231,153,154,3,0,151,153,3499,2,0,0,2,1
2020-08-04,US,Texas,Crosby,54,1,0,33.61431553,-101.30003640000001,48107.0,941.2584974725467,1.851851851851852,53,52,1,0,51,52,5779,2,0,0,2,0
2020-08-04,US,Texas,Culberson,16,2,0,31.44506775,-104.5185739,48109.0,736.9875633348688,12.5,14,15,2,0,13,15,2204,1,0,0,1,0
2020-08-04,US,Texas,Dallam,180,5,0,36.27787176,-102.60207249999999,48111.0,2470.152326060107,2.7777777777777777,175,179,5,0,174,179,7200,1,0,0,1,0
2020-08-04,US,Texas,Dallas,52131,722,0,32.76670599,-96.77796049999999,48113.0,1978.0187257447878,1.384972473192534,51409,51490,691,0,50799,51108,2637772,641,31,0,610,382
2020-08-04,US,Texas,Dawson,137,4,0,32.74255572,-101.94772420000001,48115.0,1076.3670647391575,2.9197080291970803,133,137,4,0,133,137,12619,0,0,0,0,0
2020-08-04,US,Texas,DeWitt,626,15,0,29.08101855,-97.35681170000001,48123.0,3105.158730158729,2.3961661341853038,611,531,15,0,516,531,20187,95,0,0,95,0
2020-08-04,US,Texas,Deaf Smith,612,17,0,34.96522957,-102.6054267,48117.0,3299.902944031058,2.7777777777777777,595,597,17,0,580,597,18760,15,0,0,15,0
2020-08-04,US,Texas,Delta,16,0,0,33.38570922,-95.66921122,48119.0,300.13130744700806,0.0,16,16,0,0,16,14,5349,0,0,0,0,2
2020-08-04,US,Texas,Denton,7032,78,0,33.20521901,-97.11691153,48121.0,792.5996977030162,1.1092150170648465,6954,6938,75,0,6863,6803,859064,94,3,0,91,135
2020-08-04,US,Texas,Dickens,4,1,0,33.61616822,-100.7788855,48125.0,180.91361374943463,25.0,3,4,1,0,3,4,2249,0,0,0,0,0
2020-08-04,US,Texas,Dimmit,131,1,0,28.42270064,-99.75645095,48127.0,1293.9549585144212,0.7633587786259542,130,124,1,0,123,124,10308,7,0,0,7,0
2020-08-04,US,Texas,Donley,44,0,0,34.96517499,-100.8140093,48129.0,1342.2818791946308,0.0,44,43,0,0,43,43,3319,1,0,0,1,0
2020-08-04,US,Texas,Duval,152,4,0,27.68184592,-98.50864568,48131.0,1362.37339786681,2.631578947368421,148,152,3,0,149,150,11212,0,1,0,-1,2
2020-08-04,US,Texas,Eastland,58,1,0,32.32743996,-98.83243566,48133.0,315.90413943355117,1.7241379310344829,57,51,1,0,50,51,18322,7,0,0,7,0
2020-08-04,US,Texas,Ector,3440,52,0,31.86898877,-102.54294279999999,48135.0,2069.5090330459684,1.5116279069767442,3388,3287,49,0,3238,3287,162124,153,3,0,150,0
2020-08-04,US,Texas,Edwards,25,0,0,29.98202582,-100.304252,48137.0,1293.9958592132505,0.0,25,24,0,0,24,24,1928,1,0,0,1,0
2020-08-04,US,Texas,El Paso,15142,254,0,31.76980765,-106.23632749999999,48141.0,1804.2557653490423,1.6774534407607975,14888,14914,251,0,14663,14410,840758,228,3,0,225,504
2020-08-04,US,Texas,Ellis,2545,35,0,32.34894117,-96.79371841,48139.0,1376.970772510361,1.3752455795677798,2510,2472,34,0,2438,2472,179436,73,1,0,72,0
2020-08-04,US,Texas,Erath,476,5,0,32.23602653,-98.21773417,48143.0,1114.8063141130733,1.050420168067227,471,462,5,0,457,462,42446,14,0,0,14,0
2020-08-04,US,Texas,Falls,112,2,0,31.25350609,-96.93630086,48145.0,647.5111290975314,1.7857142857142858,110,110,2,0,108,110,17335,2,0,0,2,0
2020-08-04,US,Texas,Fannin,219,8,0,33.59564294,-96.10751083,48147.0,616.6582192937998,3.6529680365296797,211,214,8,0,206,214,35286,5,0,0,5,0
2020-08-04,US,Texas,Fayette,372,13,0,29.87788372,-96.92076062,48149.0,1467.6872090270654,3.4946236559139785,359,367,13,0,354,367,25349,5,0,0,5,0
2020-08-04,US,Texas,Fisher,26,1,0,32.74281316,-100.40193020000001,48151.0,678.8511749347257,3.8461538461538463,25,24,1,0,23,24,3839,2,0,0,2,0
2020-08-04,US,Texas,Floyd,85,5,0,34.07227468,-101.3031546,48153.0,1488.095238095238,5.882352941176472,80,83,5,0,78,83,5837,2,0,0,2,0
2020-08-04,US,Texas,Foard,2,0,0,33.97308618,-99.7767797,48155.0,173.16017316017312,0.0,2,2,0,0,2,2,1200,0,0,0,0,0
2020-08-04,US,Texas,Fort Bend,7287,146,0,29.52704478,-95.77219463,48157.0,897.758744739358,2.0035679978043093,7141,7191,146,0,7045,7082,787858,96,0,0,96,109
2020-08-04,US,Texas,Franklin,87,1,0,33.17653242,-95.21917243,48159.0,811.1888111888112,1.1494252873563218,86,84,1,0,83,84,10766,3,0,0,3,0
2020-08-04,US,Texas,Freestone,139,0,0,31.70422788,-96.15072516,48161.0,704.9754019374144,0.0,139,139,0,0,139,138,19808,0,0,0,0,1
2020-08-04,US,Texas,Frio,476,5,0,28.86751206,-99.10804207,48163.0,2344.134738500936,1.050420168067227,471,475,5,0,470,475,19816,1,0,0,1,0
2020-08-04,US,Texas,Gaines,136,0,0,32.74055318,-102.6353295,48165.0,632.7935976177183,0.0,136,132,0,0,132,132,20901,4,0,0,4,0
2020-08-04,US,Texas,Galveston,8999,106,0,29.40167322,-94.90469073,48167.0,2630.2175431622823,1.1779086565173909,8893,8825,103,0,8722,8721,337890,174,3,0,171,104
2020-08-04,US,Texas,Garza,97,2,0,33.17969345,-101.2984114,48169.0,1557.2323005297799,2.061855670103093,95,97,2,0,95,97,6578,0,0,0,0,0
2020-08-04,US,Texas,Gillespie,171,5,0,30.31824095,-98.94676915,48171.0,633.6149399733215,2.9239766081871346,166,171,4,0,167,171,26804,0,1,0,-1,0
2020-08-04,US,Texas,Glasscock,6,0,0,31.86942909,-101.5207776,48173.0,425.83392476934,0.0,6,6,0,0,6,6,1388,0,0,0,0,0
2020-08-04,US,Texas,Goliad,77,3,0,28.65696592,-97.42760647,48175.0,1005.4844606946983,3.8961038961038965,74,77,3,0,74,77,7584,0,0,0,0,0
2020-08-04,US,Texas,Gonzales,631,8,0,29.45634206,-97.49424032,48177.0,3028.2670250035994,1.2678288431061806,623,617,7,0,610,617,20826,14,1,0,13,0
2020-08-04,US,Texas,Gray,196,2,0,35.40081878,-100.8129222,48179.0,895.5496664534405,1.020408163265306,194,183,2,0,181,183,21895,13,0,0,13,0
2020-08-04,US,Texas,Grayson,1035,11,0,33.62744998,-96.67753461,48181.0,759.8449475817108,1.0628019323671498,1024,1025,11,0,1014,1005,133991,10,0,0,10,20
2020-08-04,US,Texas,Gregg,1322,21,0,32.47940482,-94.81591935,48183.0,1066.6021219089114,1.5885022692889559,1301,1313,21,0,1292,1313,123707,9,0,0,9,0
2020-08-04,US,Texas,Grimes,854,20,0,30.54579585,-95.98902499,48185.0,2957.0637119113567,2.34192037470726,834,849,20,0,829,839,28360,5,0,0,5,10
2020-08-04,US,Texas,Guadalupe,1610,45,0,29.58165339,-97.94786822,48187.0,964.9559176970517,2.7950310559006213,1565,1597,44,0,1553,1597,163694,13,1,0,12,0
2020-08-04,US,Texas,Hale,1230,24,0,34.07044901,-101.82681140000001,48189.0,3681.973298209903,1.951219512195122,1206,1185,22,0,1163,1185,33830,45,2,0,43,0
2020-08-04,US,Texas,Hall,9,1,0,34.5307555,-100.68138520000001,48191.0,303.6437246963564,11.111111111111109,8,8,1,0,7,8,3028,1,0,0,1,0
2020-08-04,US,Texas,Hamilton,55,2,0,31.70470573,-98.11083887,48193.0,650.0413662687625,3.636363636363636,53,55,2,0,53,55,8484,0,0,0,0,0
2020-08-04,US,Texas,Hansford,58,2,0,36.27743284,-101.3545796,48195.0,1074.2730135210224,3.4482758620689653,56,59,2,0,57,59,5463,-1,0,0,-1,0
2020-08-04,US,Texas,Hardeman,16,0,0,34.28944521,-99.74632408,48197.0,406.81413679125353,0.0,16,15,0,0,15,15,3922,1,0,0,1,0
2020-08-04,US,Texas,Hardin,859,11,0,30.33364686,-94.38931817,48199.0,1491.2676643172113,1.280558789289872,848,811,11,0,800,811,57207,48,0,0,48,0
2020-08-04,US,Texas,Harris,79536,789,0,29.86,-95.39,48201.0,1687.4711588952598,0.9920036210018104,78747,78100,767,0,77333,76639,4698619,1436,22,0,1414,1461
2020-08-04,US,Texas,Harrison,630,22,0,32.54935988,-94.36934071,48203.0,946.6139768304961,3.492063492063492,608,624,22,0,602,620,66726,6,0,0,6,4
2020-08-04,US,Texas,Hartley,82,2,0,35.84008013,-102.6029022,48205.0,1470.588235294117,2.4390243902439024,80,82,2,0,80,82,5619,0,0,0,0,0
2020-08-04,US,Texas,Haskell,39,0,0,33.17823584,-99.73037358,48207.0,689.2895015906682,0.0,39,35,0,0,35,35,5813,4,0,0,4,0
2020-08-04,US,Texas,Hays,4931,34,0,30.05669873,-98.02944344,48209.0,2142.1341407787445,0.6895153112958832,4897,4893,33,0,4860,4297,222631,38,1,0,37,596
2020-08-04,US,Texas,Hemphill,42,0,0,35.83764858,-100.2703577,48211.0,1099.7643362136685,0.0,42,41,0,0,41,41,3825,1,0,0,1,0
2020-08-04,US,Texas,Henderson,604,11,0,32.21128872,-95.85846587,48213.0,730.0240521169487,1.8211920529801324,593,577,9,0,568,577,82299,27,2,0,25,0
2020-08-04,US,Texas,Hidalgo,17751,656,0,26.39418217,-98.18299696,48215.0,2043.381715584196,3.695566446960735,17095,17353,656,0,16697,17006,865939,398,0,0,398,347
2020-08-04,US,Texas,Hill,311,4,0,31.99045053,-97.13423143,48217.0,848.5906846025812,1.2861736334405145,307,308,3,0,305,308,36354,3,1,0,2,0
2020-08-04,US,Texas,Hockley,189,4,0,33.60771256,-102.3431676,48219.0,820.989531297511,2.1164021164021163,185,181,4,0,177,181,22980,8,0,0,8,0
2020-08-04,US,Texas,Hood,480,9,0,32.42990927,-97.83242024,48221.0,778.6772220690103,1.875,471,437,9,0,428,437,60537,43,0,0,43,0
2020-08-04,US,Texas,Hopkins,180,1,0,33.14875072,-95.56351139,48223.0,485.38453241290046,0.5555555555555556,179,169,1,0,168,169,36810,11,0,0,11,0
2020-08-04,US,Texas,Houston,304,6,0,31.31925973,-95.42226208,48225.0,1323.5806339254614,1.973684210526316,298,249,6,0,243,248,23169,55,0,0,55,1
2020-08-04,US,Texas,Howard,161,3,0,32.30621324,-101.4356444,48227.0,439.12284529783983,1.8633540372670807,158,157,3,0,154,157,36459,4,0,0,4,0
2020-08-04,US,Texas,Hudspeth,22,2,0,31.45628381,-105.388178,48229.0,450.26606631191163,9.090909090909092,20,22,2,0,20,22,4795,0,0,0,0,0
2020-08-04,US,Texas,Hunt,1105,20,0,33.12351514,-96.08551032,48231.0,1120.7578554475929,1.8099547511312215,1085,1059,20,0,1039,1049,96493,46,0,0,46,10
2020-08-04,US,Texas,Hutchinson,118,2,0,35.84006574,-101.3546643,48233.0,563.5686311968669,1.6949152542372878,116,114,2,0,112,114,21198,4,0,0,4,0
2020-08-04,US,Texas,Irion,9,0,0,31.30375559,-100.982439,48235.0,585.9375,0.0,9,9,0,0,9,9,1522,0,0,0,0,0
2020-08-04,US,Texas,Jack,43,0,0,33.23377248,-98.17283469,48237.0,481.2534974818131,0.0,43,40,0,0,40,40,8843,3,0,0,3,0
2020-08-04,US,Texas,Jackson,344,5,0,28.95472367,-96.57749563,48239.0,2330.6233062330625,1.4534883720930232,339,320,5,0,315,320,14874,24,0,0,24,0
2020-08-04,US,Texas,Jasper,301,5,0,30.74685667,-94.02667579,48241.0,847.1952489515606,1.6611295681063123,296,291,5,0,286,291,35872,10,0,0,10,0
2020-08-04,US,Texas,Jeff Davis,8,0,0,30.71490589,-104.1399973,48243.0,351.8029903254178,0.0,8,8,0,0,8,8,2252,0,0,0,0,0
2020-08-04,US,Texas,Jefferson,5609,73,0,29.8832777,-94.16434171,48245.0,2229.6424383360168,1.301479764663933,5536,5506,73,0,5433,5491,255001,103,0,0,103,15
2020-08-04,US,Texas,Jim Hogg,54,1,0,27.04453923,-98.69681870000001,48247.0,1038.4615384615388,1.851851851851852,53,53,1,0,52,53,5248,1,0,0,1,0
2020-08-04,US,Texas,Jim Wells,637,11,0,27.73103938,-98.0904705,48249.0,1573.5388567758512,1.7268445839874411,626,630,8,0,622,591,40822,7,3,0,4,39
2020-08-04,US,Texas,Johnson,1619,27,0,32.37877812,-97.36615819,48251.0,920.843831938891,1.6676961087090796,1592,1541,25,0,1516,1541,171361,78,2,0,76,0
2020-08-04,US,Texas,Jones,628,0,0,32.73997145,-99.87861576,48253.0,3127.022855151123,0.0,628,622,0,0,622,622,19817,6,0,0,6,0
2020-08-04,US,Texas,Karnes,344,5,0,28.90705334,-97.85960149,48255.0,2204.9868598166786,1.4534883720930232,339,300,4,0,296,298,15650,44,1,0,43,2
2020-08-04,US,Texas,Kaufman,1900,22,0,32.599141700000004,-96.28734728,48257.0,1395.4786491766674,1.1578947368421053,1878,1816,22,0,1794,1816,128622,84,0,0,84,0
2020-08-04,US,Texas,Kendall,148,4,0,29.94414155,-98.7113588,48259.0,312.03221521789544,2.702702702702702,144,145,2,0,143,145,45641,3,2,0,1,0
2020-08-04,US,Texas,Kenedy,6,1,0,26.92601662,-97.66413984,48261.0,1485.148514851485,16.666666666666668,5,6,1,0,5,6,442,0,0,0,0,0
2020-08-04,US,Texas,Kent,3,0,0,33.18104136,-100.7780939,48263.0,393.70078740157476,0.0,3,2,0,0,2,2,726,1,0,0,1,0
2020-08-04,US,Texas,Kerr,372,6,0,30.06040006,-99.34930144,48265.0,707.2243346007605,1.6129032258064515,366,348,6,0,342,348,52405,24,0,0,24,0
2020-08-04,US,Texas,Kimble,13,0,0,30.48678918,-99.74856473,48267.0,299.7463684574591,0.0,13,13,0,0,13,13,4362,0,0,0,0,0
2020-08-04,US,Texas,Kinney,17,0,0,29.34967888,-100.41866379999999,48271.0,463.5942187073902,0.0,17,17,0,0,17,17,3767,0,0,0,0,0
2020-08-04,US,Texas,Kleberg,375,6,0,27.42435506,-97.69894948,48273.0,1222.2946544980443,1.6,369,361,5,0,356,346,31129,14,1,0,13,15
2020-08-04,US,Texas,Knox,48,0,0,33.60519951,-99.74229059999999,48275.0,1310.043668122271,0.0,48,46,0,0,46,46,3653,2,0,0,2,0
2020-08-04,US,Texas,La Salle,357,1,0,28.34453111,-99.09908775,48283.0,4747.340425531916,0.2801120448179272,356,357,1,0,356,357,7531,0,0,0,0,0
2020-08-04,US,Texas,Lamar,640,16,0,33.66981763,-95.57404777,48277.0,1283.61980785816,2.5,624,625,16,0,609,620,49728,15,0,0,15,5
2020-08-04,US,Texas,Lamb,207,8,0,34.06859623,-102.35162890000001,48279.0,1605.5223764833636,3.864734299516908,199,203,7,0,196,203,13158,4,1,0,3,0
2020-08-04,US,Texas,Lampasas,83,2,0,31.19531316,-98.24206613,48281.0,387.3436624976666,2.409638554216868,81,84,1,0,83,84,21229,-1,1,0,-2,0
2020-08-04,US,Texas,Lavaca,613,14,0,29.38508402,-96.93186692,48285.0,3041.5798352684333,2.283849918433932,599,593,14,0,579,593,20110,20,0,0,20,0
2020-08-04,US,Texas,Lee,154,8,0,30.31120597,-96.97045773,48287.0,893.3232786124485,5.194805194805196,146,153,8,0,145,152,17144,1,0,0,1,1
2020-08-04,US,Texas,Leon,138,1,0,31.29872538,-95.9936328,48289.0,792.9211675476903,0.7246376811594203,137,138,1,0,137,138,17270,0,0,0,0,0
2020-08-04,US,Texas,Liberty,855,28,0,30.15152688,-94.81205615,48291.0,969.178975050726,3.2748538011695905,827,851,25,0,826,842,86323,4,3,0,1,9
2020-08-04,US,Texas,Limestone,201,3,0,31.5454767,-96.58095444,48293.0,857.6182958569783,1.492537313432836,198,199,3,0,196,199,23519,2,0,0,2,0
2020-08-04,US,Texas,Lipscomb,15,0,0,36.27783108,-100.27331509999999,48295.0,463.96535725332507,0.0,15,15,0,0,15,15,3355,0,0,0,0,0
2020-08-04,US,Texas,Live Oak,207,2,0,28.35101362,-98.1246786,48297.0,1695.7483411157532,0.966183574879227,205,207,1,0,206,207,12166,0,1,0,-1,0
2020-08-04,US,Texas,Llano,86,1,0,30.70645047,-98.68475262,48299.0,394.5859142005047,1.162790697674419,85,86,1,0,85,86,21646,0,0,0,0,0
2020-08-04,US,Texas,Lubbock,5652,66,0,33.61008596,-101.82047890000001,48303.0,1819.885436086667,1.167728237791932,5586,5593,65,0,5528,5512,307412,59,1,0,58,81
2020-08-04,US,Texas,Lynn,66,4,0,33.17657705,-101.8162849,48305.0,1109.0573012939,6.0606060606060606,62,65,4,0,61,65,5877,1,0,0,1,0
2020-08-04,US,Texas,Madison,645,2,0,30.96694679,-95.93003775,48313.0,4515.541865023802,0.31007751937984496,643,645,2,0,643,645,14422,0,0,0,0,0
2020-08-04,US,Texas,Marion,127,8,0,32.79868409,-94.35661230000001,48315.0,1288.8167241729248,6.299212598425197,119,127,7,0,120,123,9928,0,1,0,-1,4
2020-08-04,US,Texas,Martin,46,3,0,32.30600051,-101.9513518,48317.0,797.0888927395599,6.521739130434782,43,45,3,0,42,45,5753,1,0,0,1,0
2020-08-04,US,Texas,Mason,42,0,0,30.71780434,-99.22629416,48319.0,982.6860084230227,0.0,42,40,0,0,40,40,4280,2,0,0,2,0
2020-08-04,US,Texas,Matagorda,688,23,0,28.81955746,-96.01230294,48321.0,1877.5755260213407,3.3430232558139537,665,681,23,0,658,673,36552,7,0,0,7,8
2020-08-04,US,Texas,Maverick,2210,46,0,28.7429195,-100.3157686,48323.0,3763.495793739995,2.081447963800905,2164,1989,39,0,1950,1989,58485,221,7,0,214,0
2020-08-04,US,Texas,McCulloch,43,1,0,31.1925468,-99.34682807,48307.0,538.5771543086172,2.3255813953488373,42,41,1,0,40,41,7987,2,0,0,2,0
2020-08-04,US,Texas,McLennan,4571,40,0,31.55255453,-97.20217694,48309.0,1781.2121282971518,0.8750820389411508,4531,4436,39,0,4397,4326,254607,135,1,0,134,110
2020-08-04,US,Texas,McMullen,8,0,0,28.35251708,-98.56769164,48311.0,1076.7160161507402,0.0,8,8,0,0,8,8,749,0,0,0,0,0
2020-08-04,US,Texas,Medina,615,24,0,29.355730100000002,-99.11030298,48325.0,1192.2301488833748,3.902439024390244,591,595,24,0,571,594,50921,20,0,0,20,1
2020-08-04,US,Texas,Menard,17,0,0,30.88990665,-99.82047940000001,48327.0,795.1356407857811,0.0,17,16,0,0,16,16,2139,1,0,0,1,0
2020-08-04,US,Texas,Midland,2362,42,0,31.86904128,-102.03156820000001,48329.0,1335.7310893955846,1.7781541066892463,2320,2179,42,0,2137,2179,172578,183,0,0,183,0
2020-08-04,US,Texas,Milam,327,3,0,30.78581830000001,-96.97718698,48331.0,1317.3266728437336,0.9174311926605504,324,306,3,0,303,306,25131,21,0,0,21,0
2020-08-04,US,Texas,Mills,16,0,0,31.49557106,-98.59272068,48333.0,328.33983172583623,0.0,16,15,0,0,15,15,4921,1,0,0,1,0
2020-08-04,US,Texas,Mitchell,56,0,0,32.30623474,-100.9212058,48335.0,655.3540081919251,0.0,56,52,0,0,52,52,8145,4,0,0,4,0
2020-08-04,US,Texas,Montague,60,1,0,33.67521893,-97.72500958,48337.0,302.7550711474417,1.6666666666666667,59,57,1,0,56,57,19596,3,0,0,3,0
2020-08-04,US,Texas,Montgomery,6397,73,0,30.30079133,-95.50572772,48339.0,1053.193083203406,1.141159918711896,6324,6291,73,0,6218,6196,590925,106,0,0,106,95
2020-08-04,US,Texas,Moore,1023,12,0,35.83769242,-101.8930281,48341.0,4885.386819484241,1.1730205278592376,1011,1013,12,0,1001,1013,21485,10,0,0,10,0
2020-08-04,US,Texas,Morris,97,1,0,33.11304005,-94.73255695,48343.0,783.0158217629962,1.0309278350515465,96,97,1,0,96,96,12339,0,0,0,0,1
2020-08-04,US,Texas,Motley,4,0,0,34.07408766,-100.77972199999999,48345.0,333.3333333333333,0.0,4,4,0,0,4,4,1234,0,0,0,0,0
2020-08-04,US,Texas,Nacogdoches,1054,37,0,31.62017125,-94.61803994,48347.0,1616.4652475308262,3.510436432637571,1017,1035,36,0,999,1023,65711,19,1,0,18,12
2020-08-04,US,Texas,Navarro,794,8,0,32.04620681,-96.47428766,48349.0,1584.4192125795705,1.0075566750629723,786,767,8,0,759,767,49565,27,0,0,27,0
2020-08-04,US,Texas,Newton,89,4,0,30.78548982,-93.74408813,48351.0,654.6524457521148,4.49438202247191,85,86,4,0,82,86,13746,3,0,0,3,0
2020-08-04,US,Texas,Nolan,131,3,0,32.30365282,-100.4060208,48353.0,890.3085496805763,2.2900763358778624,128,131,3,0,128,131,14751,0,0,0,0,0
2020-08-04,US,Texas,Nueces,12813,204,0,27.736286,-97.5433285,48355.0,3536.6304713851177,1.5921329899321002,12609,12575,195,0,12380,12478,362265,238,9,0,229,97
2020-08-04,US,Texas,Ochiltree,86,2,0,36.27829105,-100.8158184,48357.0,874.3391622610817,2.3255813953488373,84,84,2,0,82,84,9947,2,0,0,2,0
2020-08-04,US,Texas,Oldham,14,1,0,35.40425596,-102.6027606,48359.0,662.8787878787879,7.142857142857142,13,13,1,0,12,13,2131,1,0,0,1,0
2020-08-04,US,Texas,Orange,1250,17,0,30.11879481,-93.89412775,48361.0,1498.8728476185904,1.36,1233,1021,17,0,1004,1021,83572,229,0,0,229,0
2020-08-04,US,Texas,Palo Pinto,224,6,0,32.75310985,-98.31319001,48363.0,767.4123813765459,2.6785714285714284,218,194,6,0,188,194,28875,30,0,0,30,0
2020-08-04,US,Texas,Panola,271,17,0,32.163959600000005,-94.30552481,48365.0,1168.405622143658,6.2730627306273075,254,270,17,0,253,269,23148,1,0,0,1,1
2020-08-04,US,Texas,Parker,1123,15,0,32.77757172,-97.80500621,48367.0,785.9852461540614,1.3357079252003559,1108,1070,12,0,1058,1070,138371,53,3,0,50,0
2020-08-04,US,Texas,Parmer,315,7,0,34.52993409,-102.78446679999999,48369.0,3279.541905257678,2.2222222222222223,308,311,7,0,304,311,9864,4,0,0,4,0
2020-08-04,US,Texas,Pecos,222,1,0,30.78097267,-102.72412609999999,48371.0,1403.0209189155025,0.4504504504504505,221,209,1,0,208,209,15673,13,0,0,13,0
2020-08-04,US,Texas,Polk,686,11,0,30.79472531,-94.82766240000001,48373.0,1335.8518489669545,1.6034985422740524,675,659,9,0,650,659,50031,27,2,0,25,0
2020-08-04,US,Texas,Potter,3546,39,0,35.40133773,-101.893964,48375.0,3020.0570625558917,1.0998307952622672,3507,3505,39,0,3466,3505,119648,41,0,0,41,0
2020-08-04,US,Texas,Presidio,44,0,0,29.99954402,-104.24080790000001,48377.0,656.3245823389021,0.0,44,44,0,0,44,44,6948,0,0,0,0,0
2020-08-04,US,Texas,Rains,45,1,0,32.87109387,-95.79232691,48379.0,359.59725107879166,2.2222222222222223,44,45,1,0,44,45,12159,0,0,0,0,0
2020-08-04,US,Texas,Randall,1623,18,0,34.96585996,-101.8971322,48381.0,1178.537973902246,1.1090573012939002,1605,1586,17,0,1569,1586,136271,37,1,0,36,0
2020-08-04,US,Texas,Reagan,60,3,0,31.36607041,-101.52326590000001,48383.0,1558.846453624318,5.0,57,58,3,0,55,58,3741,2,0,0,2,0
2020-08-04,US,Texas,Real,77,0,0,29.83321503,-99.82018052,48385.0,2230.590961761298,0.0,77,76,0,0,76,76,3478,1,0,0,1,0
2020-08-04,US,Texas,Red River,134,11,0,33.61886692,-95.04841765,48387.0,1114.5304832404559,8.208955223880597,123,134,11,0,123,134,12175,0,0,0,0,0
2020-08-04,US,Texas,Reeves,141,3,0,31.32323325,-103.69038959999999,48389.0,882.5738607911867,2.127659574468085,138,136,3,0,133,135,15695,5,0,0,5,1
2020-08-04,US,Texas,Refugio,214,0,0,28.323897600000002,-97.15766311,48391.0,3080.0230282095567,0.0,214,209,0,0,209,195,7032,5,0,0,5,14
2020-08-04,US,Texas,Roberts,7,0,0,35.83809685,-100.813175,48393.0,819.672131147541,0.0,7,7,0,0,7,7,903,0,0,0,0,0
2020-08-04,US,Texas,Robertson,216,2,0,31.02539637,-96.51272246,48395.0,1265.0814103314979,0.925925925925926,214,216,1,0,215,214,17284,0,1,0,-1,2
2020-08-04,US,Texas,Rockwall,737,17,0,32.89779518,-96.40771592,48397.0,702.4734308726113,2.306648575305292,720,720,17,0,703,720,100657,17,0,0,17,0
2020-08-04,US,Texas,Runnels,112,1,0,31.8314342,-99.97616148,48399.0,1091.1925175370227,0.8928571428571429,111,107,1,0,106,107,10234,5,0,0,5,0
2020-08-04,US,Texas,Rusk,338,2,0,32.10773545,-94.76176432,48401.0,621.2550086387531,0.591715976331361,336,334,2,0,332,332,54450,4,0,0,4,2
2020-08-04,US,Texas,Sabine,49,6,0,31.34318809,-93.85440451,48403.0,464.8074369189908,12.244897959183671,43,44,6,0,38,44,10589,5,0,0,5,0
2020-08-04,US,Texas,San Augustine,156,11,0,31.39457611,-94.17000399,48405.0,1893.8934077941,7.05128205128205,145,155,11,0,144,155,8232,1,0,0,1,0
2020-08-04,US,Texas,San Jacinto,150,8,0,30.57933681,-95.16260304,48407.0,519.7685297480855,5.333333333333333,142,148,8,0,140,145,28719,2,0,0,2,3
2020-08-04,US,Texas,San Patricio,834,17,0,28.00880118,-97.51763891,48409.0,1249.8126779559418,2.0383693045563547,817,797,16,0,781,797,66893,37,1,0,36,0
2020-08-04,US,Texas,San Saba,22,0,0,31.1577796,-98.81758731,48411.0,363.3360858794385,0.0,22,22,0,0,22,22,6054,0,0,0,0,0
2020-08-04,US,Texas,Schleicher,35,1,0,30.89740592,-100.5384842,48413.0,1253.1328320802004,2.8571428571428568,34,35,1,0,34,35,2895,0,0,0,0,0
2020-08-04,US,Texas,Scurry,454,1,0,32.74613808,-100.91626640000001,48415.0,2718.074597377717,0.22026431718061676,453,433,1,0,432,433,16866,21,0,0,21,0
2020-08-04,US,Texas,Shackelford,17,0,0,32.73587756,-99.35401337,48417.0,520.6738131699847,0.0,17,17,0,0,17,17,3253,0,0,0,0,0
2020-08-04,US,Texas,Shelby,383,17,0,31.79211404,-94.14550696,48419.0,1515.3913112289304,4.438642297650131,366,381,16,0,365,379,25418,2,1,0,1,2
2020-08-04,US,Texas,Sherman,37,0,0,36.27751473,-101.8933156,48421.0,1224.3547319655854,0.0,37,37,0,0,37,37,3079,0,0,0,0,0
2020-08-04,US,Texas,Smith,2369,18,0,32.37474036,-95.27175679999999,48423.0,1017.8259169670594,0.7598142676234698,2351,2309,17,0,2292,2309,230221,60,1,0,59,0
2020-08-04,US,Texas,Somervell,61,0,0,32.22236802,-97.77403489,48425.0,668.273444347064,0.0,61,58,0,0,58,58,9016,3,0,0,3,0
2020-08-04,US,Texas,Starr,1981,52,0,26.56150059,-98.73892358,48427.0,3064.997756563984,2.6249369005552747,1929,1894,51,0,1843,1806,64525,87,1,0,86,88
2020-08-04,US,Texas,Stephens,30,2,0,32.73553157,-98.83631615,48429.0,320.3074951953876,6.666666666666668,28,29,2,0,27,29,9433,1,0,0,1,0
2020-08-04,US,Texas,Sterling,1,0,0,31.82781912,-101.05007459999999,48431.0,77.45933384972889,0.0,1,1,0,0,1,1,1311,0,0,0,0,0
2020-08-04,US,Texas,Stonewall,4,0,0,33.17906744,-100.25384009999999,48433.0,296.2962962962963,0.0,4,4,0,0,4,4,1362,0,0,0,0,0
2020-08-04,US,Texas,Sutton,60,1,0,30.49856623,-100.5382014,48435.0,1588.9830508474577,1.6666666666666667,59,58,1,0,57,58,3758,2,0,0,2,0
2020-08-04,US,Texas,Swisher,76,2,0,34.53028891,-101.73491740000001,48437.0,1027.4435581992698,2.631578947368421,74,75,2,0,73,75,7462,1,0,0,1,0
2020-08-04,US,Texas,Tarrant,29357,398,0,32.77143818,-97.29101614,48439.0,1396.2801692259036,1.3557243587560035,28959,29054,391,0,28663,29054,2084931,303,7,0,296,0
2020-08-04,US,Texas,Taylor,1106,21,0,32.30163422,-99.89007449,48441.0,801.2518654824174,1.8987341772151896,1085,1092,19,0,1073,1082,137640,14,2,0,12,10
2020-08-04,US,Texas,Terrell,2,0,0,30.22429013,-102.0766732,48443.0,257.73195876288656,0.0,2,2,0,0,2,2,823,0,0,0,0,0
2020-08-04,US,Texas,Terry,121,2,0,33.17402785,-102.3354521,48445.0,980.7894950149956,1.6528925619834711,119,116,2,0,114,116,12287,5,0,0,5,0
2020-08-04,US,Texas,Throckmorton,4,0,0,33.17751417,-99.21226795,48447.0,266.4890073284477,0.0,4,4,0,0,4,4,1515,0,0,0,0,0
2020-08-04,US,Texas,Titus,1312,14,0,33.21339719,-94.96797273,48449.0,4006.106870229008,1.0670731707317074,1298,1289,14,0,1275,1289,33033,23,0,0,23,0
2020-08-04,US,Texas,Tom Green,2476,28,0,31.40464436,-100.46244300000001,48451.0,2077.181208053691,1.1308562197092085,2448,2421,24,0,2397,2374,118189,55,4,0,51,47
2020-08-04,US,Texas,Travis,21549,240,0,30.33432034,-97.78535620000001,48453.0,1691.5053447769699,1.1137407768341918,21309,21214,236,0,20978,20745,1248743,335,4,0,331,469
2020-08-04,US,Texas,Trinity,152,2,0,31.0879489,-95.1367187,48455.0,1037.4718449252612,1.3157894736842106,150,143,2,0,141,135,14740,9,0,0,9,8
2020-08-04,US,Texas,Tyler,115,2,0,30.77031716,-94.37690895,48457.0,530.6386120339608,1.7391304347826086,113,115,2,0,113,115,21696,0,0,0,0,0
2020-08-04,US,Texas,Unassigned,0,181,0,0.0,0.0,90048.0,0.0,0.0,-181,0,132,0,-132,0,,0,49,0,-49,0
2020-08-04,US,Texas,Upshur,194,2,0,32.73706798,-94.93999853,48459.0,464.6372715733001,1.0309278350515465,192,193,2,0,191,191,41260,1,0,0,1,2
2020-08-04,US,Texas,Upton,16,1,0,31.36868194,-102.0423217,48461.0,437.5170905113481,6.25,15,16,1,0,15,16,3671,0,0,0,0,0
2020-08-04,US,Texas,Uvalde,501,7,0,29.35739637,-99.76229172,48463.0,1873.5275419767402,1.3972055888223551,494,496,7,0,489,482,26846,5,0,0,5,14
2020-08-04,US,Texas,Val Verde,1564,49,0,29.89149232,-101.1525205,48465.0,3190.2090770015297,3.1329923273657285,1515,1507,49,0,1458,1507,49208,57,0,0,57,0
2020-08-04,US,Texas,Van Zandt,351,3,0,32.56483801,-95.83766469,48467.0,620.2509277257466,0.8547008547008547,348,332,3,0,329,332,56019,19,0,0,19,0
2020-08-04,US,Texas,Victoria,3331,32,0,28.79780988,-96.96813006,48469.0,3617.3493766560964,0.9606724707295108,3299,3203,29,0,3174,3203,92035,128,3,0,125,0
2020-08-04,US,Texas,Walker,2842,38,0,30.73872995,-95.57440968,48471.0,3894.6978936837922,1.3370865587614356,2804,2840,38,0,2802,2814,72480,2,0,0,2,26
2020-08-04,US,Texas,Waller,413,4,0,30.01058447,-95.99011759,48473.0,747.5654346016001,0.9685230024213076,409,408,3,0,405,399,53126,5,1,0,4,9
2020-08-04,US,Texas,Ward,84,1,0,31.50999644,-103.09279090000001,48475.0,700.1166861143524,1.1904761904761905,83,83,1,0,82,83,11720,1,0,0,1,0
2020-08-04,US,Texas,Washington,498,38,0,30.21498498,-96.40946246,48477.0,1387.882503762332,7.630522088353413,460,497,38,0,459,477,35108,1,0,0,1,20
2020-08-04,US,Texas,Webb,6629,79,0,27.7610369,-99.33237355,48479.0,2396.1511212642604,1.1917332931060491,6550,6411,77,0,6334,6131,275910,218,2,0,216,280
2020-08-04,US,Texas,Wharton,641,23,0,29.27765923,-96.22319248,48481.0,1542.496871691212,3.588143525741029,618,635,21,0,614,624,41619,6,2,0,4,11
2020-08-04,US,Texas,Wheeler,32,0,0,35.40114335,-100.26995140000001,48483.0,632.9113924050632,0.0,32,31,0,0,31,31,5191,1,0,0,1,0
2020-08-04,US,Texas,Wichita,932,10,0,33.98842886,-98.70410340000001,48485.0,704.8324888451939,1.072961373390558,922,902,10,0,892,902,132064,30,0,0,30,0
2020-08-04,US,Texas,Wilbarger,52,1,0,34.07945812,-99.24178437,48487.0,407.2362753543738,1.9230769230769231,51,50,1,0,49,50,12820,2,0,0,2,0
2020-08-04,US,Texas,Willacy,614,21,0,26.47411727,-97.61535848,48489.0,2874.8010113306486,3.420195439739414,593,594,20,0,574,586,21515,20,1,0,19,8
2020-08-04,US,Texas,Williamson,5930,80,0,30.64655664,-97.60048540000001,48491.0,1004.1469746050722,1.349072512647555,5850,5832,80,0,5752,5715,566719,98,0,0,98,117
2020-08-04,US,Texas,Wilson,422,16,0,29.1732598,-98.08693082,48493.0,826.3168200509108,3.791469194312796,406,414,16,0,398,414,50224,8,0,0,8,0
2020-08-04,US,Texas,Winkler,71,1,0,31.85008651,-103.04851629999999,48495.0,886.3920099875155,1.4084507042253518,70,68,1,0,67,68,7720,3,0,0,3,0
2020-08-04,US,Texas,Wise,329,5,0,33.21570665,-97.65460265,48497.0,470.1074531321445,1.5197568389057752,324,311,5,0,306,311,68305,18,0,0,18,0
2020-08-04,US,Texas,Wood,302,5,0,32.78722382,-95.38236368,48499.0,663.1678341641232,1.6556291390728477,297,291,5,0,286,291,45129,11,0,0,11,0
2020-08-04,US,Texas,Yoakum,89,2,0,33.17320212,-102.82764329999999,48501.0,1021.4621829450247,2.247191011235955,87,85,1,0,84,85,8591,4,1,0,3,0
2020-08-04,US,Texas,Young,145,4,0,33.17659707,-98.68790885,48503.0,805.1082731815657,2.7586206896551726,141,139,4,0,135,139,18045,6,0,0,6,0
2020-08-04,US,Texas,Zapata,160,2,0,27.00156391,-99.16987152,48505.0,1128.4293673742861,1.25,158,157,2,0,155,156,14190,3,0,0,3,1
2020-08-04,US,Texas,Zavala,183,5,0,28.86617238,-99.76050829,48507.0,1545.608108108108,2.7322404371584703,178,175,5,0,170,175,11983,8,0,0,8,0
2020-08-04,US,Utah,Bear River,2209,6,0,41.52106798,-113.0832816,0.0,1182.4342408119132,0.2716161158895428,2203,2198,6,0,2192,2184,,11,0,0,11,14
2020-08-04,US,Utah,Central Utah,396,2,0,39.37231946,-111.5758676,0.0,483.1978915001098,0.5050505050505051,394,388,2,0,386,381,,8,0,0,8,7
2020-08-04,US,Utah,Davis,3059,16,0,40.99001837,-112.1139997,49011.0,860.5241911663353,0.5230467473030402,3043,3026,15,0,3011,3008,351713,33,1,0,32,18
2020-08-04,US,Utah,Salt Lake,19683,184,0,40.66616532,-111.9216011,49035.0,1696.1713561356628,0.9348168470253518,19499,19556,178,0,19378,19408,1152633,127,6,0,121,148
2020-08-04,US,Utah,San Juan,630,24,0,37.62762978,-109.80337140000002,49037.0,4115.495165926312,3.809523809523809,606,628,24,0,604,623,15449,2,0,0,2,5
2020-08-04,US,Utah,Southeast Utah,96,0,0,38.99617072,-110.7013958,0.0,238.6338213726416,0.0,96,89,0,0,89,88,,7,0,0,7,1
2020-08-04,US,Utah,Southwest Utah,3049,24,0,37.85447192,-111.4418764,0.0,1209.7190150847875,0.7871433256805509,3025,3013,24,0,2989,2983,,36,0,0,36,30
2020-08-04,US,Utah,Summit,698,1,0,40.86688146,-110.9535882,49043.0,1656.186973543718,0.14326647564469913,697,697,1,0,696,695,41933,1,0,0,1,2
2020-08-04,US,Utah,Tooele,557,0,0,40.44862644,-113.1295715,49045.0,770.8382346835689,0.0,557,547,0,0,547,537,69907,10,0,0,10,10
2020-08-04,US,Utah,TriCounty,169,0,0,40.12491499,-109.5174415,0.0,298.47055914662144,0.0,169,167,0,0,167,164,,2,0,0,2,3
2020-08-04,US,Utah,Utah,8165,35,0,40.1166722,-111.6657662,49049.0,1283.3308447350428,0.4286589099816289,8130,8047,35,0,8012,7949,622213,118,0,0,118,98
2020-08-04,US,Utah,Wasatch,536,4,0,40.33110236,-111.1691419,49051.0,1572.2624739667365,0.746268656716418,532,533,4,0,529,531,33240,3,0,0,3,2
2020-08-04,US,Utah,Weber-Morgan,2660,25,0,41.27116049,-111.9145117,0.0,976.7310354450552,0.9398496240601504,2635,2640,25,0,2615,2624,,20,0,0,20,16
2020-08-04,US,Vermont,Addison,73,2,0,44.03217337,-73.14130877,50001.0,198.493623732224,2.7397260273972597,71,72,2,0,70,72,36973,1,0,0,1,0
2020-08-04,US,Vermont,Bennington,84,1,0,43.03519828,-73.09048868,50003.0,236.8198477586693,1.1904761904761905,83,84,1,0,83,84,35631,0,0,0,0,0
2020-08-04,US,Vermont,Caledonia,26,0,0,44.46548598,-72.10314651,50005.0,86.68689360850867,0.0,26,26,0,0,26,26,30302,0,0,0,0,0
2020-08-04,US,Vermont,Chittenden,723,39,0,44.46322849,-73.08359212,50007.0,441.46201472761237,5.394190871369295,684,721,39,0,682,720,164572,2,0,0,2,1
2020-08-04,US,Vermont,Essex,4,0,0,44.72736416,-71.73579864,50009.0,64.9034561090378,0.0,4,4,0,0,4,4,6250,0,0,0,0,0
2020-08-04,US,Vermont,Franklin,117,6,0,44.85627605,-72.91249563,50011.0,236.8325169021497,5.128205128205129,111,117,6,0,111,117,49421,0,0,0,0,0
2020-08-04,US,Vermont,Grand Isle,13,0,0,44.797582399999996,-73.29679772,50013.0,179.68210089841045,0.0,13,13,0,0,13,13,7090,0,0,0,0,0
2020-08-04,US,Vermont,Lamoille,42,1,0,44.60353043,-72.64356694,50015.0,165.60208185474332,2.380952380952381,41,42,1,0,41,42,25300,0,0,0,0,0
2020-08-04,US,Vermont,Orange,16,0,0,44.00470222,-72.37640104,50017.0,55.37865152983525,0.0,16,16,0,0,16,16,28999,0,0,0,0,0
2020-08-04,US,Vermont,Orleans,14,0,0,44.82964024,-72.24562697,50019.0,51.78089285053815,0.0,14,14,0,0,14,14,26907,0,0,0,0,0
2020-08-04,US,Vermont,Rutland,89,1,0,43.57723578,-73.03741676,50021.0,152.94461342819338,1.1235955056179776,88,89,1,0,88,89,58672,0,0,0,0,0
2020-08-04,US,Vermont,Unassigned,8,0,0,0.0,0.0,90050.0,0.0,0.0,8,8,0,0,8,8,,0,0,0,0,0
2020-08-04,US,Vermont,Washington,50,2,0,44.27343241,-72.61604978,50023.0,85.60324607509115,4.0,48,49,2,0,47,49,58140,1,0,0,1,0
2020-08-04,US,Vermont,Windham,101,3,0,42.986982,-72.71268875,50025.0,239.211785325186,2.9702970297029703,98,101,3,0,98,101,42756,0,0,0,0,0
2020-08-04,US,Vermont,Windsor,71,2,0,43.58010937,-72.58595157,50027.0,128.94555228651342,2.8169014084507036,69,71,2,0,69,71,55286,0,0,0,0,0
2020-08-04,US,Virginia,Accomack,1082,15,0,37.76707161,-75.63234615,51001.0,3348.186656764451,1.3863216266173752,1067,1080,15,0,1065,1079,32412,2,0,0,2,1
2020-08-04,US,Virginia,Albemarle,790,14,0,38.02080697,-78.55481085,51003.0,722.5830055794383,1.7721518987341771,776,775,12,0,763,758,108718,15,2,0,13,17
2020-08-04,US,Virginia,Alexandria,2867,60,0,38.814003,-77.08183073,51510.0,1798.3039365732493,2.0927799093128705,2807,2844,59,0,2785,2820,160530,23,1,0,22,24
2020-08-04,US,Virginia,Alleghany,56,3,0,37.78636074,-80.00222498,51005.0,376.8506056527591,5.357142857142857,53,56,3,0,53,56,14910,0,0,0,0,0
2020-08-04,US,Virginia,Amelia,73,1,0,37.34081025,-77.98584649,51007.0,555.3442373526055,1.3698630136986298,72,73,1,0,72,73,13013,0,0,0,0,0
2020-08-04,US,Virginia,Amherst,124,0,0,37.60308293,-79.14548696,51009.0,392.34298370510993,0.0,124,118,0,0,118,114,31666,6,0,0,6,4
2020-08-04,US,Virginia,Appomattox,72,0,0,37.37569884,-78.81340003,51011.0,452.51712651624666,0.0,72,71,0,0,71,70,15841,1,0,0,1,1
2020-08-04,US,Virginia,Arlington,2973,136,0,38.8767675,-77.10139853,51013.0,1255.2672245632111,4.574503868146653,2837,2945,136,0,2809,2925,237521,28,0,0,28,20
2020-08-04,US,Virginia,Augusta,260,4,0,38.16404586,-79.12461614,51015.0,344.1065142010111,1.5384615384615383,256,253,4,0,249,252,75457,7,0,0,7,1
2020-08-04,US,Virginia,Bath,4,0,0,38.05852573,-79.73912095,51017.0,96.45526886906195,0.0,4,4,0,0,4,4,4292,0,0,0,0,0
2020-08-04,US,Virginia,Bedford,311,7,0,37.3080028,-79.5281964,51019.0,393.6858361709938,2.2508038585209005,304,307,6,0,301,299,78747,4,1,0,3,8
2020-08-04,US,Virginia,Bland,7,0,0,37.13128068,-81.13599391,51021.0,111.46496815286623,0.0,7,7,0,0,7,7,6293,0,0,0,0,0
2020-08-04,US,Virginia,Botetourt,192,7,0,37.55531756,-79.80982182,51023.0,574.5234746700977,3.6458333333333335,185,192,7,0,185,188,33277,0,0,0,0,4
2020-08-04,US,Virginia,Bristol,66,0,0,36.616302399999995,-82.16359122,51520.0,393.7477627968023,0.0,66,65,0,0,65,63,16482,1,0,0,1,2
2020-08-04,US,Virginia,Brunswick,212,2,0,36.76366949,-77.8593436,51025.0,1306.1425666933646,0.9433962264150944,210,212,1,0,211,205,16384,0,1,0,-1,7
2020-08-04,US,Virginia,Buchanan,73,0,0,37.26818323,-82.03749726,51027.0,347.5528470767473,0.0,73,72,0,0,72,71,21221,1,0,0,1,1
2020-08-04,US,Virginia,Buckingham,596,8,0,37.57242268,-78.52518834,51029.0,3475.623979472825,1.342281879194631,588,596,6,0,590,596,16999,0,2,0,-2,0
2020-08-04,US,Virginia,Buena Vista,48,1,0,37.73484642,-79.35296097,51530.0,740.9694350108058,2.083333333333333,47,48,0,0,48,48,6237,0,1,0,-1,0
2020-08-04,US,Virginia,Campbell,162,2,0,37.20553386,-79.09678609,51031.0,295.16261273572013,1.2345679012345678,160,157,2,0,155,151,54973,5,0,0,5,6
2020-08-04,US,Virginia,Caroline,192,5,0,38.02679129,-77.34901405,51033.0,624.8982912937347,2.6041666666666665,187,191,4,0,187,191,30772,1,1,0,0,0
2020-08-04,US,Virginia,Carroll,304,12,0,36.73066666,-80.73455942,51035.0,1020.4424154946124,3.947368421052632,292,314,14,0,300,311,29636,-10,-2,0,-8,3
2020-08-04,US,Virginia,Charles City,51,5,0,37.35358063,-77.05634116,51036.0,732.4429125376993,9.803921568627453,46,50,5,0,45,50,6941,1,0,0,1,0
2020-08-04,US,Virginia,Charlotte,49,0,0,37.01909701,-78.66314092,51037.0,412.4579124579125,0.0,49,49,0,0,49,49,11938,0,0,0,0,0
2020-08-04,US,Virginia,Charlottesville,504,13,0,38.03527919,-78.48569588,51540.0,1066.3055896416029,2.5793650793650795,491,495,13,0,482,479,48117,9,0,0,9,16
2020-08-04,US,Virginia,Chesapeake,2689,30,0,36.67670048,-76.30545744,51550.0,1098.290685563747,1.1156563778356263,2659,2617,29,0,2588,2538,242634,72,1,0,71,79
2020-08-04,US,Virginia,Chesterfield,4141,75,0,37.37373208,-77.58680140000001,51041.0,1173.7461805772075,1.8111567254286405,4066,4097,75,0,4022,4020,348556,44,0,0,44,77
2020-08-04,US,Virginia,Clarke,69,0,0,39.11271747,-77.99199425,51043.0,471.9885081058896,0.0,69,69,0,0,69,69,14523,0,0,0,0,0
2020-08-04,US,Virginia,Colonial Heights,187,21,0,37.26420587,-77.39609676,51570.0,1076.5687967760507,11.229946524064172,166,185,21,0,164,184,17833,2,0,0,2,1
2020-08-04,US,Virginia,Covington,12,0,0,37.7824656,-79.98631446,51580.0,216.68472372697724,0.0,12,12,0,0,12,12,5460,0,0,0,0,0
2020-08-04,US,Virginia,Craig,16,0,0,37.48133648,-80.21072274,51045.0,311.8300526213214,0.0,16,16,0,0,16,16,5064,0,0,0,0,0
2020-08-04,US,Virginia,Culpeper,962,12,0,38.48199985,-77.95630870000002,51047.0,1828.723505370212,1.2474012474012477,950,957,12,0,945,951,51859,5,0,0,5,6
2020-08-04,US,Virginia,Cumberland,69,0,0,37.51328851,-78.24398086,51049.0,694.7241240434957,0.0,69,68,0,0,68,68,9809,1,0,0,1,0
2020-08-04,US,Virginia,Danville,347,7,0,36.58022376,-79.40395668,51590.0,866.5467985216263,2.0172910662824206,340,344,7,0,337,330,40693,3,0,0,3,14
2020-08-04,US,Virginia,Dickenson,29,0,0,37.12560977,-82.35124171,51051.0,202.5422545048191,0.0,29,29,0,0,29,24,14523,0,0,0,0,5
2020-08-04,US,Virginia,Dinwiddie,210,6,0,37.07544585,-77.63451754,51053.0,735.7062780269058,2.8571428571428568,204,209,6,0,203,200,28529,1,0,0,1,9
2020-08-04,US,Virginia,Emporia,171,15,0,36.69455571,-77.53406129,51595.0,3198.653198653198,8.771929824561402,156,167,15,0,152,165,5121,4,0,0,4,2
2020-08-04,US,Virginia,Essex,83,1,0,37.93357639,-76.94230311,51057.0,757.7832557290242,1.2048192771084338,82,83,1,0,82,77,10919,0,0,0,0,6
2020-08-04,US,Virginia,Fairfax,15987,528,0,38.83677558,-77.27565836,51059.0,1393.163763624893,3.3026834302871078,15459,15907,523,0,15384,15768,1150795,80,5,0,75,139
2020-08-04,US,Virginia,Fairfax,15987,528,0,38.83677558,-77.27565836,51059.0,1393.163763624893,3.3026834302871078,15459,15907,523,0,15384,15768,24574,80,5,0,75,139
2020-08-04,US,Virginia,Fairfax City,82,7,0,38.85157547,-77.29779640000002,51600.0,341.3963945210042,8.536585365853659,75,82,7,0,75,81,24574,0,0,0,0,1
2020-08-04,US,Virginia,Falls Church,58,5,0,38.88485255,-77.17560759,51610.0,396.79824861462686,8.620689655172415,53,59,6,0,53,59,14772,-1,-1,0,0,0
2020-08-04,US,Virginia,Fauquier,584,8,0,38.73564842,-77.80647472,51061.0,819.971357164921,1.3698630136986298,576,580,8,0,572,574,70675,4,0,0,4,6
2020-08-04,US,Virginia,Floyd,41,1,0,36.9302126,-80.36738849,51063.0,260.33398945964825,2.4390243902439024,40,39,1,0,38,37,15795,2,0,0,2,2
2020-08-04,US,Virginia,Fluvanna,175,8,0,37.84157909,-78.27715475,51065.0,641.7308397506417,4.571428571428571,167,175,8,0,167,174,26783,0,0,0,0,1
2020-08-04,US,Virginia,Franklin,164,1,0,36.99536167,-79.88023649,51067.0,292.63766460868635,0.6097560975609756,163,160,1,0,159,160,56195,4,0,0,4,0
2020-08-04,US,Virginia,Franklin,164,1,0,36.99536167,-79.88023649,51067.0,292.63766460868635,0.6097560975609756,163,160,1,0,159,160,8013,4,0,0,4,0
2020-08-04,US,Virginia,Franklin City,152,6,0,36.6831435,-76.93859681,51620.0,1907.8699635998487,3.947368421052632,146,148,6,0,142,126,8013,4,0,0,4,22
2020-08-04,US,Virginia,Frederick,672,9,0,39.20172582,-78.25974949,51069.0,752.410063484599,1.3392857142857142,663,670,9,0,661,663,88355,2,0,0,2,7
2020-08-04,US,Virginia,Fredericksburg,371,2,0,38.2977863,-77.4922454,51630.0,1277.7242044358727,0.5390835579514824,369,368,2,0,366,358,29144,3,0,0,3,10
2020-08-04,US,Virginia,Galax,341,24,0,36.66601852,-80.91703124,51640.0,5372.61698440208,7.038123167155424,317,338,22,0,316,331,6423,3,2,0,1,7
2020-08-04,US,Virginia,Giles,23,0,0,37.31234791,-80.70636931,51071.0,137.55980861244018,0.0,23,23,0,0,23,23,16844,0,0,0,0,0
2020-08-04,US,Virginia,Gloucester,147,2,0,37.40809042,-76.53524337,51073.0,393.5953732462248,1.3605442176870748,145,145,2,0,143,145,37349,2,0,0,2,0
2020-08-04,US,Virginia,Goochland,152,7,0,37.71714806,-77.90381514,51075.0,639.9191681050814,4.605263157894737,145,151,7,0,144,151,23244,1,0,0,1,0
2020-08-04,US,Virginia,Grayson,144,5,0,36.65677234,-81.23215889,51077.0,926.0450160771704,3.4722222222222223,139,134,4,0,130,130,15631,10,1,0,9,4
2020-08-04,US,Virginia,Greene,151,2,0,38.29545894,-78.46525378,51079.0,761.8951511176144,1.3245033112582782,149,147,2,0,145,138,19779,4,0,0,4,9
2020-08-04,US,Virginia,Greensville,438,10,0,36.67878901,-77.56351439,51081.0,3863.79675370501,2.2831050228310503,428,437,10,0,427,425,11627,1,0,0,1,12
2020-08-04,US,Virginia,Halifax,143,1,0,36.76654925,-78.93512622,51083.0,421.6920763174192,0.6993006993006993,142,141,1,0,140,137,34120,2,0,0,2,4
2020-08-04,US,Virginia,Hampton,1103,7,0,37.03513786,-76.35879121,51650.0,820.0133819046913,0.6346328195829556,1096,1070,5,0,1065,1048,134313,33,2,0,31,22
2020-08-04,US,Virginia,Hanover,605,31,0,37.7583355,-77.49464673,51085.0,561.4015552214985,5.12396694214876,574,597,31,0,566,590,107239,8,0,0,8,7
2020-08-04,US,Virginia,Harrisonburg,1065,29,0,38.43542574,-78.87536254,51660.0,2008.8275237664104,2.7230046948356814,1036,1055,29,0,1026,1048,54033,10,0,0,10,7
2020-08-04,US,Virginia,Henrico,3690,182,0,37.53460572,-77.39326555,51087.0,1115.4169362005696,4.932249322493225,3508,3654,182,0,3472,3609,329261,36,0,0,36,45
2020-08-04,US,Virginia,Henry,523,6,0,36.68542395,-79.87634026,51089.0,1034.4759380501216,1.147227533460803,517,511,6,0,505,511,50953,12,0,0,12,0
2020-08-04,US,Virginia,Highland,4,0,0,38.35799465,-79.56124594,51091.0,182.648401826484,0.0,4,3,0,0,3,3,2210,1,0,0,1,0
2020-08-04,US,Virginia,Hopewell,259,5,0,37.29186313,-77.29754684,51670.0,1149.6293665941675,1.9305019305019304,254,258,5,0,253,254,22596,1,0,0,1,4
2020-08-04,US,Virginia,Isle of Wight,363,9,0,36.90579348,-76.70842863,51093.0,978.1993586461508,2.479338842975207,354,353,9,0,344,338,36953,10,0,0,10,15
2020-08-04,US,Virginia,James City,572,16,0,37.31156958,-76.76950618,51095.0,747.4876834415796,2.797202797202797,556,562,16,0,546,549,76397,10,0,0,10,13
2020-08-04,US,Virginia,King George,124,4,0,38.26818502,-77.15852768,51099.0,462.0658816515129,3.2258064516129035,120,124,4,0,120,124,26575,0,0,0,0,0
2020-08-04,US,Virginia,King William,78,2,0,37.70965316,-77.09384941,51101.0,454.86354093771865,2.5641025641025643,76,77,2,0,75,77,16939,1,0,0,1,0
2020-08-04,US,Virginia,King and Queen,37,1,0,37.71044922,-76.88689628,51097.0,526.6903914590747,2.702702702702702,36,36,1,0,35,35,7042,1,0,0,1,1
2020-08-04,US,Virginia,Lancaster,32,0,0,37.71889653,-76.46400482,51103.0,301.8013769687824,0.0,32,31,0,0,31,31,10783,1,0,0,1,0
2020-08-04,US,Virginia,Lee,101,1,0,36.70586667,-83.12606515,51105.0,431.20010246339064,0.99009900990099,100,100,1,0,99,95,23541,1,0,0,1,5
2020-08-04,US,Virginia,Lexington,33,0,0,37.78258621,-79.44262866,51678.0,443.19097502014506,0.0,33,33,0,0,33,32,7136,0,0,0,0,1
2020-08-04,US,Virginia,Loudoun,5093,113,0,39.08990083,-77.63481877,51107.0,1231.5675947555,2.2187315923817006,4980,5059,112,0,4947,5034,406850,34,1,0,33,25
2020-08-04,US,Virginia,Louisa,170,2,0,37.97850256,-77.96274807,51109.0,452.235907531058,1.1764705882352942,168,167,2,0,165,166,36778,3,0,0,3,1
2020-08-04,US,Virginia,Lunenburg,59,1,0,36.94618528,-78.24133319,51111.0,483.7651689078386,1.6949152542372878,58,55,1,0,54,55,12086,4,0,0,4,0
2020-08-04,US,Virginia,Lynchburg,486,2,0,37.40021399,-79.19888138,51680.0,591.471132314283,0.41152263374485604,484,469,2,0,467,459,82126,17,0,0,17,10
2020-08-04,US,Virginia,Madison,62,1,0,38.41531222,-78.28220331,51113.0,467.5363848880175,1.6129032258064515,61,62,1,0,61,61,13295,0,0,0,0,1
2020-08-04,US,Virginia,Manassas,1614,20,0,38.7464321,-77.48509905,51683.0,3928.4410368747717,1.2391573729863692,1594,1612,20,0,1592,1609,41641,2,0,0,2,3
2020-08-04,US,Virginia,Manassas Park,502,7,0,38.77058531,-77.44399307,51685.0,2872.182171873212,1.3944223107569722,495,500,7,0,493,500,17307,2,0,0,2,0
2020-08-04,US,Virginia,Martinsville,173,3,0,36.68212094,-79.86352771,51690.0,1378.046837661303,1.7341040462427746,170,171,3,0,168,169,12902,2,0,0,2,2
2020-08-04,US,Virginia,Mathews,15,0,0,37.44164146,-76.34098896,51115.0,169.79850577314915,0.0,15,14,0,0,14,14,8802,1,0,0,1,0
2020-08-04,US,Virginia,Mecklenburg,311,32,0,36.67882005,-78.36131056,51117.0,1016.771831170105,10.289389067524118,279,309,32,0,277,308,30650,2,0,0,2,1
2020-08-04,US,Virginia,Middlesex,29,1,0,37.63191998,-76.55064617,51119.0,274.050274050274,3.4482758620689653,28,28,1,0,27,27,10769,1,0,0,1,1
2020-08-04,US,Virginia,Montgomery,288,3,0,37.17746986,-80.37868691,51121.0,292.28193027858117,1.0416666666666667,285,289,3,0,286,280,98985,-1,0,0,-1,9
2020-08-04,US,Virginia,Nelson,34,0,0,37.78790447,-78.88498513,51125.0,227.7294038847957,0.0,34,34,0,0,34,34,14836,0,0,0,0,0
2020-08-04,US,Virginia,New Kent,121,1,0,37.50694406,-76.99828634,51127.0,524.0136849854922,0.8264462809917356,120,119,1,0,118,117,22391,2,0,0,2,2
2020-08-04,US,Virginia,Newport News,1717,18,0,37.08166899,-76.51754109,51700.0,958.0136699679172,1.0483401281304598,1699,1671,16,0,1655,1639,178626,46,2,0,44,32
2020-08-04,US,Virginia,Norfolk,3425,26,0,36.89934014,-76.26420872,51710.0,1410.963080142703,0.7591240875912408,3399,3345,26,0,3319,3210,244076,80,0,0,80,135
2020-08-04,US,Virginia,Northampton,295,29,0,37.34062933,-75.87751591,51131.0,2519.214346712212,9.830508474576273,266,294,28,0,266,292,11735,1,1,0,0,2
2020-08-04,US,Virginia,Northumberland,69,2,0,37.89202088,-76.41949732,51133.0,570.4836709384042,2.898550724637681,67,66,2,0,64,66,12147,3,0,0,3,0
2020-08-04,US,Virginia,Norton,14,0,0,36.93357076,-82.62750411,51720.0,351.67043456417986,0.0,14,13,0,0,13,13,3968,1,0,0,1,0
2020-08-04,US,Virginia,Nottoway,177,9,0,37.1435975,-78.05065922,51135.0,1162.0273109243694,5.084745762711863,168,176,9,0,167,176,15420,1,0,0,1,0
2020-08-04,US,Virginia,Orange,215,3,0,38.24530219,-78.01560400000002,51137.0,580.2812339747915,1.3953488372093024,212,213,3,0,210,212,36644,2,0,0,2,1
2020-08-04,US,Virginia,Page,334,24,0,38.61807452,-78.48797204,51139.0,1397.3726048029453,7.185628742514971,310,333,24,0,309,332,23933,1,0,0,1,1
2020-08-04,US,Virginia,Patrick,118,3,0,36.680163799999995,-80.2865648,51141.0,670.1499318491594,2.5423728813559316,115,115,3,0,112,115,17673,3,0,0,3,0
2020-08-04,US,Virginia,Petersburg,478,16,0,37.20530399,-77.39368102,51730.0,1524.9154597077775,3.3472803347280333,462,473,13,0,460,465,31567,5,3,0,2,8
2020-08-04,US,Virginia,Pittsylvania,380,2,0,36.81980341,-79.39731264,51143.0,629.618583689565,0.5263157894736842,378,375,2,0,373,354,60949,5,0,0,5,21
2020-08-04,US,Virginia,Poquoson,40,0,0,37.14259351,-76.35798148,51735.0,325.9718034390025,0.0,40,39,0,0,39,36,12190,1,0,0,1,3
2020-08-04,US,Virginia,Portsmouth,1631,24,0,36.85914825,-76.35971629,51740.0,1727.790843026335,1.4714898835070511,1607,1540,24,0,1516,1539,94632,91,0,0,91,1
2020-08-04,US,Virginia,Powhatan,132,4,0,37.55016038,-77.91267882,51145.0,445.16390125455285,3.0303030303030303,128,128,4,0,124,127,29189,4,0,0,4,1
2020-08-04,US,Virginia,Prince Edward,358,10,0,37.22554789,-78.43597949,51147.0,1570.0377159898255,2.793296089385475,348,356,10,0,346,351,22950,2,0,0,2,5
2020-08-04,US,Virginia,Prince George,340,2,0,37.18497668,-77.22922187,51149.0,886.5017078194666,0.5882352941176471,338,341,2,0,339,334,38082,-1,0,0,-1,7
2020-08-04,US,Virginia,Prince William,9089,173,0,38.70916224,-77.48713689,51153.0,1932.45240094826,1.9033997139399277,8916,8988,173,0,8815,8907,468011,101,0,0,101,81
2020-08-04,US,Virginia,Pulaski,78,3,0,37.06474963,-80.71229738,51155.0,229.22972933258882,3.8461538461538463,75,75,3,0,72,74,34066,3,0,0,3,1
2020-08-04,US,Virginia,Radford,33,0,0,37.12222899,-80.56027320000003,51750.0,180.83182640144662,0.0,33,26,0,0,26,26,18339,7,0,0,7,0
2020-08-04,US,Virginia,Rappahannock,40,2,0,38.68295619,-78.15826963,51157.0,542.7408412483039,5.0,38,40,2,0,38,40,7252,0,0,0,0,0
2020-08-04,US,Virginia,Richmond,317,4,0,37.937575,-76.72920628,51159.0,3513.243932173335,1.2618296529968454,313,317,4,0,313,317,9038,0,0,0,0,0
2020-08-04,US,Virginia,Richmond City,3015,39,0,37.53255773,-77.47966921,51760.0,1308.389314169661,1.2935323383084578,2976,2992,39,0,2953,2946,228783,23,0,0,23,46
2020-08-04,US,Virginia,Roanoke,456,4,0,37.26865804,-80.06396753,51161.0,484.14838723377153,0.8771929824561403,452,456,7,0,449,447,94073,0,-3,0,3,9
2020-08-04,US,Virginia,Roanoke City,913,14,0,37.27791025,-79.96189766,51770.0,920.8920448241428,1.5334063526834611,899,909,11,0,898,903,99920,4,3,0,1,6
2020-08-04,US,Virginia,Rockbridge,66,0,0,37.81204314,-79.44605905,51163.0,292.3847073937892,0.0,66,67,0,0,67,68,22752,-1,0,0,-1,-1
2020-08-04,US,Virginia,Rockingham,919,17,0,38.51006137,-78.87260325,51165.0,1121.4428662078392,1.8498367791077257,902,908,17,0,891,901,81244,11,0,0,11,7
2020-08-04,US,Virginia,Russell,73,1,0,36.93028320000001,-82.10095486,51167.0,274.58060633416085,1.3698630136986298,72,70,1,0,69,62,26748,3,0,0,3,8
2020-08-04,US,Virginia,Salem,140,3,0,37.2836193,-80.06219455,51775.0,553.3378127346746,2.142857142857143,137,139,3,0,136,138,25643,1,0,0,1,1
2020-08-04,US,Virginia,Scott,62,3,0,36.71466456,-82.60171704,51169.0,287.48956691087824,4.838709677419356,59,60,3,0,57,54,21534,2,0,0,2,6
2020-08-04,US,Virginia,Shenandoah,685,42,0,38.85905135,-78.56813762,51171.0,1570.5245781364636,6.131386861313867,643,681,42,0,639,680,43497,4,0,0,4,1
2020-08-04,US,Virginia,Smyth,123,3,0,36.84455636,-81.53344948,51173.0,408.5835769332979,2.4390243902439024,120,123,3,0,120,120,30472,0,0,0,0,3
2020-08-04,US,Virginia,Southampton,245,13,0,36.72231125,-77.10642712,51175.0,1389.5978673926604,5.306122448979592,232,240,13,0,227,238,17586,5,0,0,5,2
2020-08-04,US,Virginia,Spotsylvania,1375,34,0,38.18574462,-77.655399,51177.0,1009.433615974746,2.4727272727272727,1341,1357,34,0,1323,1332,134238,18,0,0,18,25
2020-08-04,US,Virginia,Stafford,1294,7,0,38.41758738,-77.45917053,51179.0,846.4044164780679,0.5409582689335394,1287,1283,7,0,1276,1266,149960,11,0,0,11,17
2020-08-04,US,Virginia,Staunton,143,0,0,38.15965544,-79.05979937,51790.0,573.5600834269212,0.0,143,143,0,0,143,142,24922,0,0,0,0,1
2020-08-04,US,Virginia,Suffolk,1141,49,0,36.70155394,-76.63603554,51800.0,1238.7631910366092,4.294478527607362,1092,1112,49,0,1063,1092,91185,29,0,0,29,20
2020-08-04,US,Virginia,Surry,39,2,0,37.11781893,-76.88450012,51181.0,607.2874493927128,5.128205128205129,37,38,2,0,36,37,6474,1,0,0,1,1
2020-08-04,US,Virginia,Sussex,280,9,0,36.92432914,-77.25791182,51183.0,2509.185410879111,3.2142857142857144,271,279,9,0,270,277,11237,1,0,0,1,2
2020-08-04,US,Virginia,Tazewell,102,0,0,37.12191123,-81.56685568,51185.0,251.262470747629,0.0,102,98,0,0,98,95,40855,4,0,0,4,3
2020-08-04,US,Virginia,Virginia Beach,4529,49,0,36.73285734,-76.04566934,51810.0,1006.5025979278804,1.0819165378670788,4480,4427,47,0,4380,4299,450189,102,2,0,100,128
2020-08-04,US,Virginia,Warren,351,6,0,38.90847745,-78.20280433,51187.0,873.9169405437706,1.709401709401709,345,348,6,0,342,348,40003,3,0,0,3,0
2020-08-04,US,Virginia,Washington,184,4,0,36.72341572,-81.95666289,51191.0,342.3892817268329,2.1739130434782608,180,181,4,0,177,181,54402,3,0,0,3,0
2020-08-04,US,Virginia,Waynesboro,167,3,0,38.06451466,-78.90293905,51820.0,737.9584622182942,1.7964071856287425,164,167,3,0,164,166,22628,0,0,0,0,1
2020-08-04,US,Virginia,Westmoreland,195,2,0,38.11021557,-76.80213247,51193.0,1082.4313072439634,1.0256410256410255,193,195,2,0,193,193,17830,0,0,0,0,2
2020-08-04,US,Virginia,Williamsburg,117,6,0,37.28131268,-76.70905141,51830.0,782.399358031296,5.128205128205129,111,114,6,0,108,111,14896,3,0,0,3,3
2020-08-04,US,Virginia,Winchester,394,4,0,39.17054517,-78.17325058,51840.0,1403.2338485647126,1.0152284263959392,390,392,4,0,388,392,28108,2,0,0,2,0
2020-08-04,US,Virginia,Wise,102,3,0,36.9746148,-82.62410519,51195.0,272.8512960436562,2.9411764705882355,99,94,3,0,91,84,38012,8,0,0,8,10
2020-08-04,US,Virginia,Wythe,107,3,0,36.91582035,-81.07834059,51197.0,373.0302607725562,2.803738317757009,104,108,3,0,105,105,28754,-1,0,0,-1,3
2020-08-04,US,Virginia,York,330,3,0,37.24374789,-76.54412815,51199.0,483.3040421792618,0.9090909090909092,327,318,3,0,315,310,67846,12,0,0,12,8
2020-08-04,US,Washington,Adams,407,4,0,46.98299757,-118.56017340000001,53001.0,2036.731221538308,0.9828009828009828,403,400,4,0,396,396,19759,7,0,0,7,4
2020-08-04,US,Washington,Asotin,24,2,0,46.18894415,-117.2022851,53003.0,106.27933752546276,8.333333333333334,22,24,2,0,22,24,22610,0,0,0,0,0
2020-08-04,US,Washington,Benton,3569,111,0,46.23946995,-119.51208340000001,53005.0,1746.1715348109008,3.11011487811712,3458,3514,110,0,3404,3501,201877,55,1,0,54,13
2020-08-04,US,Washington,Chelan,1190,10,0,47.87046092,-120.6173956,53007.0,1541.4507772020725,0.8403361344537815,1180,1177,10,0,1167,1133,77036,13,0,0,13,44
2020-08-04,US,Washington,Clallam,96,0,0,48.04754642,-123.92263190000001,53009.0,124.14167668852077,0.0,96,94,0,0,94,94,76737,2,0,0,2,0
2020-08-04,US,Washington,Clark,1667,42,0,45.77568046,-122.48292040000001,53011.0,341.42974473671813,2.519496100779844,1625,1620,42,0,1578,1610,481857,47,0,0,47,10
2020-08-04,US,Washington,Columbia,13,1,0,46.29442881,-117.9051983,53013.0,326.2233375156838,7.6923076923076925,12,13,1,0,12,13,4059,0,0,0,0,0
2020-08-04,US,Washington,Cowlitz,453,5,0,46.19074721,-122.6782231,53015.0,409.6100114835478,1.1037527593818983,448,446,5,0,441,446,108987,7,0,0,7,0
2020-08-04,US,Washington,Douglas,840,7,0,47.7361335,-119.69293700000001,53017.0,1934.191438900274,0.8333333333333334,833,830,7,0,823,808,42907,10,0,0,10,22
2020-08-04,US,Washington,Ferry,20,0,0,48.471143100000006,-118.5154041,53019.0,262.2263012980202,0.0,20,18,0,0,18,18,7649,2,0,0,2,0
2020-08-04,US,Washington,Franklin,3374,47,0,46.53351425,-118.9018212,53021.0,3543.298817500157,1.3930053349140483,3327,3325,47,0,3278,3309,94347,49,0,0,49,16
2020-08-04,US,Washington,Garfield,2,0,0,46.43197502,-117.54540320000001,53023.0,89.88764044943821,0.0,2,2,0,0,2,2,2247,0,0,0,0,0
2020-08-04,US,Washington,Grant,1321,12,0,47.20753737,-119.4500749,53025.0,1351.641717741193,0.9084027252081756,1309,1294,12,0,1282,1276,97331,27,0,0,27,18
2020-08-04,US,Washington,Grays Harbor,101,1,0,47.14003705,-123.7820567,53027.0,134.55722678887838,0.99009900990099,100,99,1,0,98,97,73901,2,0,0,2,2
2020-08-04,US,Washington,Island,241,11,0,48.14713305,-122.5216407,53029.0,283.0598653997487,4.564315352697094,230,239,11,0,228,239,84460,2,0,0,2,0
2020-08-04,US,Washington,Jefferson,54,0,0,47.75003077,-123.56097040000002,53031.0,167.5925638558704,0.0,54,53,0,0,53,53,31729,1,0,0,1,0
2020-08-04,US,Washington,King,15726,659,0,47.49137892,-121.8346131,53033.0,698.0702083024457,4.190512527025309,15067,15603,658,0,14945,15501,2233163,123,1,0,122,102
2020-08-04,US,Washington,Kitsap,674,4,0,47.63479026,-122.6436061,53035.0,248.27515075164013,0.5934718100890207,670,658,4,0,654,645,269805,16,0,0,16,13
2020-08-04,US,Washington,Kittitas,353,18,0,47.12521214,-120.67943899999999,53037.0,736.4138938145405,5.09915014164306,335,348,17,0,331,348,47364,5,1,0,4,0
2020-08-04,US,Washington,Klickitat,106,3,0,45.87325839,-120.7913598,53039.0,472.6867335562988,2.830188679245283,103,106,3,0,103,106,22107,0,0,0,0,0
2020-08-04,US,Washington,Lewis,190,3,0,46.57756476,-122.39257690000001,53041.0,235.41948034247338,1.5789473684210529,187,189,3,0,186,186,79604,1,0,0,1,3
2020-08-04,US,Washington,Lincoln,15,0,0,47.57705241,-118.41943880000001,53043.0,137.12405155864337,0.0,15,13,0,0,13,13,10740,2,0,0,2,0
2020-08-04,US,Washington,Mason,175,1,0,47.35007586,-123.1863685,53045.0,262.1016055595495,0.5714285714285714,174,163,1,0,162,157,65507,12,0,0,12,6
2020-08-04,US,Washington,Okanogan,783,2,0,48.54855019,-119.73872240000001,53047.0,1853.5615368226688,0.2554278416347382,781,771,2,0,769,755,42132,12,0,0,12,16
2020-08-04,US,Washington,Pacific,41,2,0,46.55418369,-123.7285716,53049.0,182.4573895242757,4.878048780487805,39,40,2,0,38,40,22036,1,0,0,1,0
2020-08-04,US,Washington,Pend Oreille,37,0,0,48.53234021,-117.2741804,53051.0,269.60069950451765,0.0,37,36,0,0,36,36,13602,1,0,0,1,0
2020-08-04,US,Washington,Pierce,5280,129,0,47.03892768,-122.14059579999999,53053.0,583.4383080289068,2.4431818181818183,5151,5216,129,0,5087,5127,891299,64,0,0,64,89
2020-08-04,US,Washington,San Juan,29,0,0,48.60182783,-122.96745,53055.0,164.94141735866228,0.0,29,28,0,0,28,28,17128,1,0,0,1,0
2020-08-04,US,Washington,Skagit,836,21,0,48.48171488,-121.766131,53057.0,647.0337835223095,2.5119617224880377,815,826,21,0,805,815,128206,10,0,0,10,11
2020-08-04,US,Washington,Skamania,54,1,0,46.02408726,-121.91644029999999,53059.0,446.9088802449723,1.851851851851852,53,53,1,0,52,53,11924,1,0,0,1,0
2020-08-04,US,Washington,Snohomish,5219,191,0,48.04615983,-121.7170703,53061.0,634.850738915657,3.6597049243150033,5028,5159,190,0,4969,5143,814901,60,1,0,59,16
2020-08-04,US,Washington,Spokane,4005,67,0,47.62113146,-117.4046494,53063.0,766.070260406505,1.6729088639201,3938,3909,61,0,3848,3863,514631,96,6,0,90,46
2020-08-04,US,Washington,Stevens,94,1,0,48.40035475,-117.8542701,53065.0,205.5858102049297,1.0638297872340423,93,92,1,0,91,89,45260,2,0,0,2,3
2020-08-04,US,Washington,Thurston,649,10,0,46.9291895,-122.82906559999999,53067.0,223.38023515158199,1.5408320493066257,639,640,8,0,632,638,286419,9,2,0,7,2
2020-08-04,US,Washington,Unassigned,167,3,0,0.0,0.0,90053.0,0.0,1.7964071856287425,164,188,1,0,187,159,,-21,2,0,-23,29
2020-08-04,US,Washington,Wahkiakum,5,0,0,46.29180039999999,-123.4250831,53069.0,111.40819964349377,0.0,5,5,0,0,5,5,4426,0,0,0,0,0
2020-08-04,US,Washington,Walla Walla,460,3,0,46.23040051,-118.4775539,53071.0,757.0770243581302,0.6521739130434783,457,454,3,0,451,420,60922,6,0,0,6,34
2020-08-04,US,Washington,Whatcom,941,38,0,48.82227976,-121.74900179999999,53073.0,410.47429192094114,4.038257173219979,903,936,38,0,898,922,225685,5,0,0,5,14
2020-08-04,US,Washington,Whitman,87,0,0,46.90022523,-117.52417630000001,53075.0,173.63883123103943,0.0,87,87,0,0,87,88,49791,0,0,0,0,-1
2020-08-04,US,Washington,Yakima,10081,210,0,46.45738486,-120.73801259999999,53077.0,4018.3678594348535,2.083126673941077,9871,10047,205,0,9842,10017,251446,34,5,0,29,30
2020-08-04,US,West Virginia,Barbour,29,1,0,39.1307219,-80.00350858,54001.0,176.38829754881093,3.4482758620689653,28,29,1,0,28,29,16535,0,0,0,0,0
2020-08-04,US,West Virginia,Berkeley,661,11,0,39.46704621,-78.02414609,54003.0,554.6651450436767,1.6641452344931922,650,657,11,0,646,655,117123,4,0,0,4,2
2020-08-04,US,West Virginia,Boone,88,0,0,38.01974191,-81.69888019,54005.0,410.122570722841,0.0,88,79,0,0,79,77,21951,9,0,0,9,2
2020-08-04,US,West Virginia,Braxton,8,0,0,38.70036159,-80.72011184,54007.0,57.31890807480117,0.0,8,8,0,0,8,8,14089,0,0,0,0,0
2020-08-04,US,West Virginia,Brooke,62,1,0,40.27367263,-80.57915332,54009.0,282.60175942385706,1.6129032258064515,61,62,1,0,61,62,22203,0,0,0,0,0
2020-08-04,US,West Virginia,Cabell,350,2,0,38.42424062,-82.23855912,54011.0,380.6623524933384,0.5714285714285714,348,338,2,0,336,328,93224,12,0,0,12,10
2020-08-04,US,West Virginia,Calhoun,6,0,0,38.84315422,-81.11934872,54013.0,84.40005626670418,0.0,6,6,0,0,6,6,7254,0,0,0,0,0
2020-08-04,US,West Virginia,Clay,18,1,0,38.46231092,-81.07652217,54015.0,211.56558533145275,5.5555555555555545,17,17,1,0,16,17,8632,1,0,0,1,0
2020-08-04,US,West Virginia,Doddridge,4,0,0,39.27057157,-80.70671527,54017.0,47.34848484848485,0.0,4,4,0,0,4,4,8406,0,0,0,0,0
2020-08-04,US,West Virginia,Fayette,131,5,0,38.02974928,-81.08286634,54019.0,308.9185492618969,3.816793893129771,126,131,5,0,126,129,43018,0,0,0,0,2
2020-08-04,US,West Virginia,Gilmer,16,0,0,38.9251277,-80.85952723,54021.0,204.525118241084,0.0,16,16,0,0,16,16,8026,0,0,0,0,0
2020-08-04,US,West Virginia,Grant,81,1,0,39.10314817,-79.19440518,54023.0,700.207468879668,1.2345679012345678,80,81,0,0,81,77,11626,0,1,0,-1,4
2020-08-04,US,West Virginia,Greenbrier,87,3,0,37.9463652,-80.45335881,54025.0,250.99532629392414,3.4482758620689653,84,87,3,0,84,87,34786,0,0,0,0,0
2020-08-04,US,West Virginia,Hampshire,74,1,0,39.32103553,-78.60826476,54027.0,319.30960086299893,1.351351351351351,73,74,1,0,73,74,23347,0,0,0,0,0
2020-08-04,US,West Virginia,Hancock,104,0,0,40.51943859,-80.57461608,54029.0,360.98576883026726,0.0,104,102,0,0,102,100,29094,2,0,0,2,2
2020-08-04,US,West Virginia,Hardy,54,0,0,39.00683177,-78.85855301,54031.0,391.98606271777015,0.0,54,54,0,0,54,54,13775,0,0,0,0,0
2020-08-04,US,West Virginia,Harrison,199,1,0,39.2853852,-80.37919577,54033.0,295.8843820625669,0.5025125628140703,198,198,1,0,197,193,67554,1,0,0,1,5
2020-08-04,US,West Virginia,Jackson,158,19,0,38.84263974,-81.68148753,54035.0,552.9115341545353,12.025316455696206,139,157,19,0,138,157,28706,1,0,0,1,0
2020-08-04,US,West Virginia,Jefferson,292,4,0,39.30776166,-77.86014147,54037.0,510.97189654569,1.3698630136986298,288,292,4,0,288,289,56811,0,0,0,0,3
2020-08-04,US,West Virginia,Kanawha,851,22,0,38.33860077,-81.52857054,54039.0,477.75706810985605,2.585193889541716,829,851,21,0,830,822,180454,0,1,0,-1,29
2020-08-04,US,West Virginia,Lewis,27,2,0,38.9947249,-80.49988181,54041.0,169.73659395234802,7.407407407407407,25,27,2,0,25,27,16024,0,0,0,0,0
2020-08-04,US,West Virginia,Lincoln,69,0,0,38.172154,-82.07017953,54043.0,338.0861384683228,0.0,69,68,0,0,68,68,20599,1,0,0,1,0
2020-08-04,US,West Virginia,Logan,157,3,0,37.8299889,-81.93528571,54045.0,490.3338642680909,1.9108280254777068,154,154,3,0,151,148,32607,3,0,0,3,6
2020-08-04,US,West Virginia,Marion,179,2,0,39.50984542,-80.24244659,54049.0,319.2324154658297,1.11731843575419,177,179,2,0,177,176,56097,0,0,0,0,3
2020-08-04,US,West Virginia,Marshall,129,1,0,39.86064362,-80.66591062,54051.0,422.5213717205463,0.7751937984496124,128,127,0,0,127,125,30785,2,1,0,1,2
2020-08-04,US,West Virginia,Mason,50,1,0,38.77071799,-82.02524219,54053.0,188.56539447880525,2.0,49,49,1,0,48,46,26718,1,0,0,1,3
2020-08-04,US,West Virginia,McDowell,46,0,0,37.38002939,-81.65083669,54047.0,261.0077167498865,0.0,46,44,0,0,44,37,18223,2,0,0,2,7
2020-08-04,US,West Virginia,Mercer,167,3,0,37.40481169,-81.11023142,54055.0,284.21661731168524,1.7964071856287425,164,165,3,0,162,164,59131,2,0,0,2,1
2020-08-04,US,West Virginia,Mineral,114,4,0,39.41561583,-78.94104895,54057.0,424.2965609647163,3.5087719298245608,110,113,4,0,109,110,26940,1,0,0,1,3
2020-08-04,US,West Virginia,Mingo,144,3,0,37.73048351,-82.13338365,54059.0,614.7540983606558,2.083333333333333,141,134,2,0,132,127,23785,10,1,0,9,7
2020-08-04,US,West Virginia,Monongalia,929,5,0,39.63218457,-80.04766838,54061.0,879.6348899746242,0.5382131324004306,924,925,5,0,920,916,106420,4,0,0,4,9
2020-08-04,US,West Virginia,Monroe,19,0,0,37.56274716,-80.54577965,54063.0,143.1261770244821,0.0,19,19,0,0,19,19,13280,0,0,0,0,0
2020-08-04,US,West Virginia,Morgan,26,0,0,39.55439028,-78.26311676,54065.0,145.38134645493182,0.0,26,26,0,0,26,26,17787,0,0,0,0,0
2020-08-04,US,West Virginia,Nicholas,33,1,0,38.29617706,-80.79759588,54067.0,134.71587197909864,3.0303030303030303,32,32,1,0,31,32,24842,1,0,0,1,0
2020-08-04,US,West Virginia,Ohio,260,4,0,40.0955451,-80.62203992,54069.0,627.8525029581513,1.5384615384615383,256,255,4,0,251,252,41755,5,0,0,5,3
2020-08-04,US,West Virginia,Pendleton,41,1,0,38.68314479,-79.35084086,54071.0,588.3197015353709,2.4390243902439024,40,38,1,0,37,37,6997,3,0,0,3,1
2020-08-04,US,West Virginia,Pleasants,8,0,0,39.37091679,-81.16771771,54073.0,107.23860589812332,0.0,8,8,0,0,8,8,7507,0,0,0,0,0
2020-08-04,US,West Virginia,Pocahontas,41,0,0,38.32758728,-80.00993811,54075.0,497.1504789620468,0.0,41,41,0,0,41,41,8414,0,0,0,0,0
2020-08-04,US,West Virginia,Preston,125,4,0,39.46770987,-79.66712803,54077.0,373.8932759033261,3.2,121,124,3,0,121,123,33839,1,1,0,0,1
2020-08-04,US,West Virginia,Putnam,174,0,0,38.50782345,-81.9082131,54079.0,308.237378210806,0.0,174,172,0,0,172,167,56682,2,0,0,2,5
2020-08-04,US,West Virginia,Raleigh,198,1,0,37.76936795,-81.2456041,54081.0,269.898174779515,0.5050505050505051,197,196,1,0,195,189,74254,2,0,0,2,7
2020-08-04,US,West Virginia,Randolph,207,0,0,38.769899,-79.87919615,54083.0,721.3800313643492,0.0,207,207,0,0,207,207,28823,0,0,0,0,0
2020-08-04,US,West Virginia,Ritchie,3,0,0,39.18094587,-81.06356878,54085.0,31.400460540087924,0.0,3,3,0,0,3,3,9721,0,0,0,0,0
2020-08-04,US,West Virginia,Roane,14,1,0,38.71622686,-81.35243568,54087.0,102.27936879018118,7.142857142857142,13,14,1,0,13,14,13932,0,0,0,0,0
2020-08-04,US,West Virginia,Summers,7,0,0,37.65390597,-80.86009693,54089.0,55.67485882446513,0.0,7,7,0,0,7,7,12760,0,0,0,0,0
2020-08-04,US,West Virginia,Taylor,53,1,0,39.33602617,-80.0421439,54091.0,317.46031746031747,1.8867924528301887,52,53,0,0,53,53,16862,0,1,0,-1,0
2020-08-04,US,West Virginia,Tucker,11,0,0,39.11240885,-79.57053576,54093.0,160.84222839596433,0.0,11,11,0,0,11,10,6955,0,0,0,0,1
2020-08-04,US,West Virginia,Tyler,12,0,0,39.46811972,-80.88772676,54095.0,139.68106157606798,0.0,12,12,0,0,12,12,8746,0,0,0,0,0
2020-08-04,US,West Virginia,Upshur,39,0,0,38.89285061,-80.23689136,54097.0,161.31700860357378,0.0,39,38,0,0,38,38,24415,1,0,0,1,0
2020-08-04,US,West Virginia,Wayne,191,9,0,38.14901357,-82.42287994,54099.0,484.7469671590274,4.712041884816754,182,185,9,0,176,184,39944,6,0,0,6,1
2020-08-04,US,West Virginia,Webster,3,0,0,38.49370949,-80.4202023,54101.0,36.973132856790734,0.0,3,3,0,0,3,3,8285,0,0,0,0,0
2020-08-04,US,West Virginia,Wetzel,41,0,0,39.6065771,-80.64016540000001,54103.0,272.15399933620984,0.0,41,41,0,0,41,41,15270,0,0,0,0,0
2020-08-04,US,West Virginia,Wirt,6,0,0,39.02775007,-81.37473928,54105.0,103.07507301151009,0.0,6,6,0,0,6,6,5830,0,0,0,0,0
2020-08-04,US,West Virginia,Wood,240,5,0,39.20967886,-81.5162836,54107.0,287.3632031418377,2.083333333333333,235,236,4,0,232,235,84203,4,1,0,3,1
2020-08-04,US,West Virginia,Wyoming,23,1,0,37.612327,-81.54511071,54109.0,112.77826811807394,4.3478260869565215,22,23,1,0,22,23,20786,0,0,0,0,0
2020-08-04,US,Wisconsin,Adams,76,2,0,43.96974651,-89.76782777,55001.0,375.8654797230465,2.631578947368421,74,73,2,0,71,73,20348,3,0,0,3,0
2020-08-04,US,Wisconsin,Ashland,20,0,0,46.31956891,-90.67837132,55003.0,128.51818532322324,0.0,20,20,0,0,20,20,15600,0,0,0,0,0
2020-08-04,US,Wisconsin,Barron,264,3,0,45.42372701,-91.84833627,55005.0,583.5027848996552,1.1363636363636365,261,259,3,0,256,255,45164,5,0,0,5,4
2020-08-04,US,Wisconsin,Bayfield,21,1,0,46.52868768,-91.19716729,55007.0,139.66480446927375,4.761904761904762,20,20,1,0,19,20,15042,1,0,0,1,0
2020-08-04,US,Wisconsin,Brown,4063,52,0,44.452655299999996,-88.00411844,55009.0,1535.8619803282654,1.2798424809254243,4011,4011,51,0,3960,4008,263378,52,1,0,51,3
2020-08-04,US,Wisconsin,Buffalo,42,2,0,44.37835084,-91.75332578,55011.0,322.30834164684217,4.761904761904762,40,41,2,0,39,41,13125,1,0,0,1,0
2020-08-04,US,Wisconsin,Burnett,19,1,0,45.86303537,-92.36711412,55013.0,123.2645646814584,5.2631578947368425,18,18,1,0,17,14,15392,1,0,0,1,4
2020-08-04,US,Wisconsin,Calumet,266,2,0,44.0816316,-88.21780273,55015.0,531.054722593783,0.7518796992481203,264,258,2,0,256,256,50159,8,0,0,8,2
2020-08-04,US,Wisconsin,Chippewa,212,0,0,45.06939744,-91.28068855,55017.0,327.8789940919918,0.0,212,210,0,0,210,209,64135,2,0,0,2,1
2020-08-04,US,Wisconsin,Clark,179,7,0,44.73483377,-90.61207486,55019.0,514.7524012193019,3.910614525139665,172,177,7,0,170,174,34709,2,0,0,2,3
2020-08-04,US,Wisconsin,Columbia,228,1,0,43.46492199,-89.33589004,55021.0,396.3011889035666,0.43859649122807015,227,227,1,0,226,224,57358,1,0,0,1,3
2020-08-04,US,Wisconsin,Crawford,65,0,0,43.23870316,-90.93073686,55023.0,402.9508399975203,0.0,65,62,0,0,62,62,16291,3,0,0,3,0
2020-08-04,US,Wisconsin,Dane,4263,37,0,43.06601594,-89.41733797,55025.0,779.77665791712,0.8679333802486512,4226,4230,37,0,4193,4198,542364,33,0,0,33,32
2020-08-04,US,Wisconsin,Dodge,728,5,0,43.41576662,-88.70928178,55027.0,828.7890344835437,0.6868131868131868,723,705,5,0,700,702,87847,23,0,0,23,3
2020-08-04,US,Wisconsin,Door,91,3,0,44.95856458,-87.30002707,55029.0,328.89981205725024,3.2967032967032965,88,85,3,0,82,85,27610,6,0,0,6,0
2020-08-04,US,Wisconsin,Douglas,139,0,0,46.43222285,-91.91595768,55031.0,322.1320973348783,0.0,139,135,0,0,135,133,43208,4,0,0,4,2
2020-08-04,US,Wisconsin,Dunn,107,0,0,44.94562799,-91.8962481,55033.0,235.84905660377356,0.0,107,105,0,0,105,105,45131,2,0,0,2,0
2020-08-04,US,Wisconsin,Eau Claire,517,3,0,44.726614,-91.28609183,55035.0,494.04659518758484,0.5802707930367504,514,507,3,0,504,503,104534,10,0,0,10,4
2020-08-04,US,Wisconsin,Florence,7,0,0,45.84963535,-88.39804137,55037.0,162.98020954598368,0.0,7,7,0,0,7,7,4321,0,0,0,0,0
2020-08-04,US,Wisconsin,Fond du Lac,573,6,0,43.75354908,-88.48885325,55039.0,554.1425297138381,1.0471204188481675,567,571,6,0,565,560,103066,2,0,0,2,11
2020-08-04,US,Wisconsin,Forest,59,4,0,45.66678019,-88.77084892,55041.0,655.264326965793,6.779661016949151,55,59,4,0,55,59,8991,0,0,0,0,0
2020-08-04,US,Wisconsin,Grant,331,14,0,42.8671731,-90.7063218,55043.0,643.4806275394158,4.229607250755286,317,329,14,0,315,328,51554,2,0,0,2,1
2020-08-04,US,Wisconsin,Green,131,1,0,42.6794956,-89.60243287,55045.0,354.43722943722946,0.7633587786259542,130,131,1,0,130,130,36929,0,0,0,0,1
2020-08-04,US,Wisconsin,Green Lake,53,0,0,43.80025981,-89.04679553,55047.0,280.2305292655845,0.0,53,52,0,0,52,52,18918,1,0,0,1,0
2020-08-04,US,Wisconsin,Iowa,65,0,0,43.00050278,-90.13469017,55049.0,274.5164287524284,0.0,65,65,0,0,65,63,23771,0,0,0,0,2
2020-08-04,US,Wisconsin,Iron,72,1,0,46.26302338,-90.24295041,55051.0,1266.0453666256376,1.3888888888888888,71,72,1,0,71,72,5676,0,0,0,0,0
2020-08-04,US,Wisconsin,Jackson,49,1,0,44.31864893,-90.80566792,55053.0,237.3685995252628,2.0408163265306123,48,49,1,0,48,48,20478,0,0,0,0,1
2020-08-04,US,Wisconsin,Jefferson,573,5,0,43.02054068,-88.77529134,55055.0,675.9546532340833,0.8726003490401396,568,564,5,0,559,556,85129,9,0,0,9,8
2020-08-04,US,Wisconsin,Juneau,129,1,0,43.92456975,-90.11120239,55057.0,483.3814216659797,0.7751937984496124,128,129,1,0,128,129,26617,0,0,0,0,0
2020-08-04,US,Wisconsin,Kenosha,2517,58,0,42.57639354,-88.04051686,55059.0,1484.4215356125526,2.304330552244736,2459,2499,53,0,2446,2474,169290,18,5,0,13,25
2020-08-04,US,Wisconsin,Kewaunee,111,2,0,44.51727459,-87.61468386,55061.0,543.2122932367622,1.8018018018018016,109,110,2,0,108,110,20383,1,0,0,1,0
2020-08-04,US,Wisconsin,La Crosse,836,1,0,43.90632465,-91.11451093,55063.0,708.3785249457701,0.11961722488038275,835,825,1,0,824,821,118230,11,0,0,11,4
2020-08-04,US,Wisconsin,Lafayette,112,0,0,42.66005229,-90.1317729,55065.0,672.0672067206722,0.0,112,110,0,0,110,108,16665,2,0,0,2,2
2020-08-04,US,Wisconsin,Langlade,51,1,0,45.26271619,-89.07483625,55067.0,265.77726822658815,1.96078431372549,50,49,1,0,48,48,19268,2,0,0,2,1
2020-08-04,US,Wisconsin,Lincoln,65,0,0,45.33737523,-89.73411273,55069.0,235.56699162831157,0.0,65,64,0,0,64,63,27689,1,0,0,1,1
2020-08-04,US,Wisconsin,Manitowoc,311,1,0,44.11946801,-87.80928853,55071.0,393.76558919233736,0.3215434083601286,310,306,1,0,305,301,79074,5,0,0,5,5
2020-08-04,US,Wisconsin,Marathon,589,7,0,44.89792533,-89.75863384,55073.0,434.07127907319517,1.1884550084889642,582,580,6,0,574,578,135428,9,1,0,8,2
2020-08-04,US,Wisconsin,Marinette,342,3,0,45.38553432,-88.03324599999998,55075.0,847.5836431226767,0.8771929824561403,339,331,3,0,328,315,40434,11,0,0,11,16
2020-08-04,US,Wisconsin,Marquette,71,1,0,43.81911946,-89.40073763,55077.0,455.88801849235915,1.4084507042253518,70,71,1,0,70,71,15434,0,0,0,0,0
2020-08-04,US,Wisconsin,Menominee,21,0,0,45.00422544,-88.70950714,55078.0,460.9306409130817,0.0,21,20,0,0,20,19,4658,1,0,0,1,1
2020-08-04,US,Wisconsin,Milwaukee,20003,447,0,43.00486062,-87.96733172,55079.0,2115.094646863891,2.234664800279958,19556,19855,446,0,19409,19727,948201,148,1,0,147,128
2020-08-04,US,Wisconsin,Monroe,229,1,0,43.94641218,-90.61881899999999,55081.0,495.1030203446263,0.4366812227074236,228,226,1,0,225,222,46051,3,0,0,3,4
2020-08-04,US,Wisconsin,Oconto,191,0,0,45.02715345,-88.26807503,55083.0,503.55918797785375,0.0,191,183,0,0,183,183,37830,8,0,0,8,0
2020-08-04,US,Wisconsin,Oneida,93,0,0,45.70677897,-89.51944105,55085.0,261.2726506531816,0.0,93,89,0,0,89,88,35470,4,0,0,4,1
2020-08-04,US,Wisconsin,Outagamie,1132,13,0,44.41578887,-88.46565023,55087.0,602.496207786678,1.1484098939929328,1119,1113,13,0,1100,1102,187365,19,0,0,19,11
2020-08-04,US,Wisconsin,Ozaukee,592,17,0,43.38352225,-87.94625009,55089.0,663.520919962789,2.871621621621621,575,568,17,0,551,568,89147,24,0,0,24,0
2020-08-04,US,Wisconsin,Pepin,41,0,0,44.58307413,-91.99949611,55091.0,562.6458076025799,0.0,41,40,0,0,40,40,7289,1,0,0,1,0
2020-08-04,US,Wisconsin,Pierce,178,0,0,44.71850291,-92.4224416,55093.0,416.3353136548626,0.0,178,174,0,0,174,170,42555,4,0,0,4,4
2020-08-04,US,Wisconsin,Polk,125,2,0,45.46130348,-92.44182875,55095.0,285.49893794395086,1.6,123,120,2,0,118,120,43598,5,0,0,5,0
2020-08-04,US,Wisconsin,Portage,358,0,0,44.47558711,-89.50152965,55097.0,505.84977109591364,0.0,358,355,0,0,355,354,70942,3,0,0,3,1
2020-08-04,US,Wisconsin,Price,22,0,0,45.68051754,-90.36098879999999,55099.0,164.7816642948094,0.0,22,21,0,0,21,22,13397,1,0,0,1,-1
2020-08-04,US,Wisconsin,Racine,3311,77,0,42.74753117,-88.05941254,55101.0,1686.6095124572744,2.3255813953488373,3234,3249,76,0,3173,3245,196584,62,1,0,61,4
2020-08-04,US,Wisconsin,Richland,32,4,0,43.3762778,-90.43012729,55103.0,185.48574078367724,12.5,28,32,4,0,28,32,17377,0,0,0,0,0
2020-08-04,US,Wisconsin,Rock,1375,26,0,42.67151616,-89.07147900000002,55105.0,841.730230052524,1.8909090909090909,1349,1371,26,0,1345,1366,163129,4,0,0,4,5
2020-08-04,US,Wisconsin,Rusk,16,1,0,45.47498854,-91.1333012,55107.0,112.85089575398504,6.25,15,16,1,0,15,16,14147,0,0,0,0,0
2020-08-04,US,Wisconsin,Sauk,405,3,0,43.42574087,-89.94966132,55111.0,628.4721144595138,0.7407407407407407,402,392,3,0,389,386,64249,13,0,0,13,6
2020-08-04,US,Wisconsin,Sawyer,43,0,0,45.87931905,-91.14504927,55113.0,259.6931996617949,0.0,43,40,0,0,40,37,16489,3,0,0,3,3
2020-08-04,US,Wisconsin,Shawano,163,0,0,44.78902246,-88.76443896,55115.0,398.5427516565197,0.0,163,161,0,0,161,158,40796,2,0,0,2,3
2020-08-04,US,Wisconsin,Sheboygan,636,6,0,43.72099677,-87.94579284,55117.0,551.4132131090688,0.9433962264150944,630,622,5,0,617,609,115456,14,1,0,13,13
2020-08-04,US,Wisconsin,St. Croix,457,2,0,45.03437474,-92.45000068,55109.0,503.9311036863056,0.43763676148796504,455,452,2,0,450,447,89694,5,0,0,5,5
2020-08-04,US,Wisconsin,Taylor,55,0,0,45.21179252,-90.5004405,55119.0,270.3632699208573,0.0,55,54,0,0,54,52,20412,1,0,0,1,2
2020-08-04,US,Wisconsin,Trempealeau,313,2,0,44.30360275,-91.35893614,55121.0,1055.6848460319065,0.6389776357827476,311,307,2,0,305,307,29442,6,0,0,6,0
2020-08-04,US,Wisconsin,Vernon,60,0,0,43.59422667,-90.8324691,55123.0,194.66614755693985,0.0,60,58,0,0,58,58,30785,2,0,0,2,0
2020-08-04,US,Wisconsin,Vilas,39,0,0,46.05467334,-89.51719204,55125.0,175.71525118269886,0.0,39,38,0,0,38,38,21938,1,0,0,1,0
2020-08-04,US,Wisconsin,Walworth,1265,21,0,42.66858202,-88.54163073,55127.0,1217.8919397697075,1.6600790513833992,1244,1258,21,0,1237,1237,103718,7,0,0,7,21
2020-08-04,US,Wisconsin,Washburn,38,0,0,45.89838588,-91.79050449,55129.0,241.73027989821884,0.0,38,35,0,0,35,34,15878,3,0,0,3,1
2020-08-04,US,Wisconsin,Washington,913,22,0,43.36863664,-88.22974712,55131.0,671.1557404766455,2.409638554216868,891,880,22,0,858,880,135693,33,0,0,33,0
2020-08-04,US,Wisconsin,Waukesha,3765,57,0,43.01833055,-88.30431188,55133.0,931.4741784966774,1.5139442231075697,3708,3693,55,0,3638,3663,403072,72,2,0,70,30
2020-08-04,US,Wisconsin,Waupaca,392,15,0,44.47068056,-88.96534501,55135.0,768.7781918023143,3.826530612244898,377,379,15,0,364,370,51128,13,0,0,13,9
2020-08-04,US,Wisconsin,Waushara,109,0,0,44.11324419,-89.24317107,55137.0,445.93544163973326,0.0,109,107,0,0,107,106,24263,2,0,0,2,1
2020-08-04,US,Wisconsin,Winnebago,1082,18,0,44.06886922,-88.64477096,55139.0,629.4100880127046,1.6635859519408502,1064,1063,18,0,1045,1055,171020,19,0,0,19,8
2020-08-04,US,Wisconsin,Wood,255,1,0,44.45537896,-90.04158336,55141.0,349.31985369662596,0.392156862745098,254,241,1,0,240,238,73055,14,0,0,14,3
2020-08-04,US,Wyoming,Albany,88,0,0,41.65498705,-105.72354150000001,56001.0,226.33744855967083,0.0,88,88,0,0,88,87,38601,0,0,0,0,1
2020-08-04,US,Wyoming,Big Horn,36,0,0,44.52405055,-107.9960365,56003.0,305.3435114503817,0.0,36,36,0,0,36,36,11881,0,0,0,0,0
2020-08-04,US,Wyoming,Campbell,118,0,0,44.24886082,-105.54744040000001,56005.0,254.63412528862133,0.0,118,118,0,0,118,118,46140,0,0,0,0,0
2020-08-04,US,Wyoming,Carbon,84,0,0,41.69357844,-106.9326084,56007.0,567.5675675675676,0.0,84,82,0,0,82,78,14971,2,0,0,2,4
2020-08-04,US,Wyoming,Converse,32,0,0,42.97272268,-105.5081848,56009.0,231.51497612501808,0.0,32,31,0,0,31,31,13640,1,0,0,1,0
2020-08-04,US,Wyoming,Crook,10,0,0,44.58855102,-104.56977049999999,56011.0,131.85654008438817,0.0,10,9,0,0,9,9,7450,1,0,0,1,0
2020-08-04,US,Wyoming,Fremont,491,0,0,43.04183996,-108.6296893,56013.0,1250.6049260079978,0.0,491,488,0,0,488,475,39531,3,0,0,3,13
2020-08-04,US,Wyoming,Goshen,20,0,0,42.08798185,-104.3534743,56015.0,151.3889940201347,0.0,20,19,0,0,19,15,13376,1,0,0,1,4
2020-08-04,US,Wyoming,Hot Springs,18,0,0,43.71930657,-108.44231740000001,56017.0,407.8857919782462,0.0,18,18,0,0,18,18,4555,0,0,0,0,0
2020-08-04,US,Wyoming,Johnson,22,1,0,44.04057166,-106.58451740000001,56019.0,260.5091770278271,4.545454545454546,21,22,1,0,21,22,8460,0,0,0,0,0
2020-08-04,US,Wyoming,Laramie,484,0,0,41.30702520000001,-104.6887497,56021.0,486.43216080402016,0.0,484,479,0,0,479,473,98976,5,0,0,5,6
2020-08-04,US,Wyoming,Lincoln,93,0,0,42.26376367,-110.6563997,56023.0,468.98638426626326,0.0,93,92,0,0,92,92,19434,1,0,0,1,0
2020-08-04,US,Wyoming,Natrona,224,0,0,42.96180148,-106.79788500000001,56025.0,280.497883743645,0.0,224,217,0,0,217,216,79115,7,0,0,7,1
2020-08-04,US,Wyoming,Niobrara,2,0,0,43.05607708,-104.47588959999999,56027.0,84.88964346349746,0.0,2,2,0,0,2,2,2388,0,0,0,0,0
2020-08-04,US,Wyoming,Park,117,0,0,44.52157546,-109.58528249999999,56029.0,400.76728094813996,0.0,117,117,0,0,117,117,29324,0,0,0,0,0
2020-08-04,US,Wyoming,Platte,5,0,0,42.13299116,-104.96633100000001,56031.0,59.57345406886692,0.0,5,5,0,0,5,5,8566,0,0,0,0,0
2020-08-04,US,Wyoming,Sheridan,62,0,0,44.79048913,-106.8862389,56033.0,203.3787108413974,0.0,62,61,0,0,61,60,30233,1,0,0,1,1
2020-08-04,US,Wyoming,Sublette,39,0,0,42.76558279,-109.91309220000001,56035.0,396.7043027158987,0.0,39,37,0,0,37,37,9813,2,0,0,2,0
2020-08-04,US,Wyoming,Sweetwater,251,0,0,41.65943896,-108.8827882,56037.0,592.7780270646863,0.0,251,250,0,0,250,247,43051,1,0,0,1,3
2020-08-04,US,Wyoming,Teton,362,0,0,43.93522482,-110.5890801,56039.0,1542.7889532901465,0.0,362,358,0,0,358,354,23081,4,0,0,4,4
2020-08-04,US,Wyoming,Uinta,267,0,0,41.2878183,-110.54757820000002,56041.0,1320.083061406111,0.0,267,265,0,0,265,262,20299,2,0,0,2,3
2020-08-04,US,Wyoming,Unassigned,0,26,0,0.0,0.0,90056.0,0.0,0.0,-26,0,26,0,-26,0,,0,0,0,0,0
2020-08-04,US,Wyoming,Washakie,54,0,0,43.90451606,-107.68018700000002,56043.0,691.8641896220372,0.0,54,49,0,0,49,49,7885,5,0,0,5,0
2020-08-04,US,Wyoming,Weston,5,0,0,43.83961191,-104.56748809999999,56045.0,72.18131947452,0.0,5,5,0,0,5,5,6967,0,0,0,0,0
