Date,Country/Region,Province/State,Admin2,Confirmed,Deaths,Recovered,Latitude,Longitude,FIPS,Incidence_Rate,Case-Fatality_Ratio,Active Cases,Previous Confirmed,Previous Deaths,Previous Recovered,Previous Active,Prev2 Confirmed,Population,Daily Confirmed,Daily Deaths,Daily Recovered,Daily Active,Previous Daily Confirmed
2020-09-01,US,Alabama,Autauga,1354,23,0,32.53952745,-86.64408227,1001.0,2423.5264636918505,1.6986706056129983,1331,1348,22,0,1326,1345,55601,6,1,0,5,3
2020-09-01,US,Alabama,Baldwin,4445,38,0,30.72774991,-87.72207058,1003.0,1991.184138616877,0.8548931383577053,4407,4422,38,0,4384,4402,218022,23,0,0,23,20
2020-09-01,US,Alabama,Barbour,629,7,0,31.868263,-85.3871286,1005.0,2548.002916632909,1.1128775834658189,622,628,7,0,621,628,24881,1,0,0,1,0
2020-09-01,US,Alabama,Bibb,538,7,0,32.99642064,-87.12511459999996,1007.0,2402.4292221130663,1.3011152416356877,531,535,7,0,528,533,22400,3,0,0,3,2
2020-09-01,US,Alabama,Blount,1045,11,0,33.98210918,-86.56790593,1009.0,1807.145574655,1.0526315789473684,1034,1034,11,0,1023,1025,57840,11,0,0,11,9
2020-09-01,US,Alabama,Bullock,541,13,0,32.10030533,-85.71265535,1011.0,5355.9053559053555,2.4029574861367844,528,537,13,0,524,536,10138,4,0,0,4,1
2020-09-01,US,Alabama,Butler,840,36,0,31.75300095,-86.68057478,1013.0,4319.210201563143,4.285714285714286,804,837,36,0,801,835,19680,3,0,0,3,2
2020-09-01,US,Alabama,Calhoun,2411,32,0,33.77483727,-85.82630386,1015.0,2122.2657453457155,1.3272501036914144,2379,2377,30,0,2347,2346,114277,34,2,0,32,31
2020-09-01,US,Alabama,Chambers,874,39,0,32.91360079,-85.39072749,1017.0,2628.255247489024,4.462242562929061,835,873,39,0,834,868,33615,1,0,0,1,5
2020-09-01,US,Alabama,Cherokee,353,11,0,34.17805983,-85.60638968,1019.0,1347.5339746526188,3.1161473087818696,342,346,11,0,335,345,26032,7,0,0,7,1
2020-09-01,US,Alabama,Chilton,1107,10,0,32.85044126,-86.7173256,1021.0,2491.671918609886,0.9033423667570007,1097,1094,10,0,1084,1079,44153,13,0,0,13,15
2020-09-01,US,Alabama,Choctaw,316,12,0,32.02227341,-88.26564429999998,1023.0,2510.1278894272778,3.79746835443038,304,316,12,0,304,316,12841,0,0,0,0,0
2020-09-01,US,Alabama,Clarke,925,13,0,31.68099859,-87.83548597,1025.0,3915.841165015664,1.4054054054054057,912,923,13,0,910,921,23920,2,0,0,2,2
2020-09-01,US,Alabama,Clay,361,6,0,33.26984193,-85.85836077,1027.0,2727.6161692482056,1.6620498614958448,355,356,6,0,350,352,13275,5,0,0,5,4
2020-09-01,US,Alabama,Cleburne,206,5,0,33.67679204,-85.52005899,1029.0,1381.6230717639166,2.4271844660194173,201,202,5,0,197,200,14987,4,0,0,4,2
2020-09-01,US,Alabama,Coffee,968,5,0,31.39932826,-85.98901039,1031.0,1849.3752626953492,0.5165289256198347,963,961,5,0,956,954,51909,7,0,0,7,7
2020-09-01,US,Alabama,Colbert,1441,22,0,34.69847452,-87.80168544,1033.0,2608.569721764631,1.5267175572519085,1419,1435,22,0,1413,1426,54762,6,0,0,6,9
2020-09-01,US,Alabama,Conecuh,437,11,0,31.43401703,-86.99320044,1035.0,3621.446921355764,2.517162471395881,426,436,11,0,425,435,12277,1,0,0,1,1
2020-09-01,US,Alabama,Coosa,111,3,0,32.93690146,-86.24847739,1037.0,1040.982837850511,2.702702702702702,108,111,3,0,108,111,10715,0,0,0,0,0
2020-09-01,US,Alabama,Covington,816,25,0,31.247785399999998,-86.45050893,1039.0,2202.488596183433,3.063725490196078,791,816,24,0,792,813,36986,0,1,0,-1,3
2020-09-01,US,Alabama,Crenshaw,396,28,0,31.72941803,-86.31593104,1041.0,2875.399361022364,7.070707070707071,368,396,26,0,370,390,13824,0,2,0,-2,6
2020-09-01,US,Alabama,Cullman,1463,14,0,34.13020303,-86.86888037,1043.0,1746.4903065609778,0.9569377990430622,1449,1450,13,0,1437,1434,83442,13,1,0,12,16
2020-09-01,US,Alabama,Dale,1021,38,0,31.43037123,-85.61095742,1045.0,2076.384934515578,3.721841332027424,983,1017,38,0,979,1012,48956,4,0,0,4,5
2020-09-01,US,Alabama,Dallas,1431,25,0,32.32688101,-87.10866709999998,1047.0,3847.1878696634053,1.747030048916841,1406,1422,25,0,1397,1421,38310,9,0,0,9,1
2020-09-01,US,Alabama,DeKalb,2068,14,0,34.45946862,-85.80782906,1049.0,2891.781913777915,0.6769825918762089,2054,2059,14,0,2045,2051,71385,9,0,0,9,8
2020-09-01,US,Alabama,Elmore,2048,43,0,32.59785413,-86.14415284,1051.0,2521.887968082355,2.099609375,2005,2023,42,0,1981,2014,81887,25,1,0,24,9
2020-09-01,US,Alabama,Escambia,1240,22,0,31.1256789,-87.15918694,1053.0,3384.9261594736986,1.7741935483870968,1218,1214,22,0,1192,1213,36748,26,0,0,26,1
2020-09-01,US,Alabama,Etowah,2697,40,0,34.04567266,-86.04051873,1055.0,2637.188563382485,1.4831294030404152,2657,2672,40,0,2632,2657,102501,25,0,0,25,15
2020-09-01,US,Alabama,Fayette,292,6,0,33.72076938,-87.73886638,1057.0,1791.1912648754749,2.054794520547945,286,284,6,0,278,284,16433,8,0,0,8,0
2020-09-01,US,Alabama,Franklin,1543,27,0,34.44235334,-87.84289505,1059.0,4919.966838849563,1.7498379779650033,1516,1539,27,0,1512,1536,31363,4,0,0,4,3
2020-09-01,US,Alabama,Geneva,391,3,0,31.09389027,-85.83572839,1061.0,1488.333143009402,0.7672634271099744,388,387,3,0,384,382,26314,4,0,0,4,5
2020-09-01,US,Alabama,Greene,278,15,0,32.85504247,-87.95684022,1063.0,3427.4442115645425,5.395683453237409,263,278,15,0,263,277,8233,0,0,0,0,1
2020-09-01,US,Alabama,Hale,535,27,0,32.76039258,-87.63284988,1065.0,3651.62787523036,5.046728971962617,508,529,27,0,502,529,14726,6,0,0,6,0
2020-09-01,US,Alabama,Henry,333,3,0,31.51148016,-85.24267944,1067.0,1935.483870967742,0.9009009009009008,330,328,3,0,325,323,17209,5,0,0,5,5
2020-09-01,US,Alabama,Houston,1854,16,0,31.15197924,-85.29939599,1069.0,1751.0058366861224,0.8629989212513485,1838,1838,15,0,1823,1831,104722,16,1,0,15,7
2020-09-01,US,Alabama,Jackson,1276,7,0,34.78144169,-85.99750489,1071.0,2471.6228257079765,0.54858934169279,1269,1275,7,0,1268,1274,51736,1,0,0,1,1
2020-09-01,US,Alabama,Jefferson,16072,299,0,33.55554728,-86.89506300000002,1073.0,2440.428016332282,1.860378297660528,15773,15872,299,0,15573,15731,659300,200,0,0,200,141
2020-09-01,US,Alabama,Lamar,277,2,0,33.77995024,-88.09668032,1075.0,2006.5193770373053,0.7220216606498195,275,273,2,0,271,271,13844,4,0,0,4,2
2020-09-01,US,Alabama,Lauderdale,1424,24,0,34.90171875,-87.65624729,1077.0,1535.6576691218493,1.6853932584269662,1400,1411,23,0,1388,1405,92387,13,1,0,12,6
2020-09-01,US,Alabama,Lawrence,466,5,0,34.52041498,-87.31069453,1079.0,1415.380877171668,1.072961373390558,461,463,5,0,458,459,32957,3,0,0,3,4
2020-09-01,US,Alabama,Lee,3395,49,0,32.60154883,-85.35132246,1081.0,2063.302986471539,1.443298969072165,3346,3348,48,0,3300,3247,163941,47,1,0,46,101
2020-09-01,US,Alabama,Limestone,1662,15,0,34.81185586,-86.98310072,1083.0,1680.2305009351464,0.9025270758122744,1647,1647,15,0,1632,1638,96174,15,0,0,15,9
2020-09-01,US,Alabama,Lowndes,604,24,0,32.1597283,-86.65158371,1085.0,6210.158338474193,3.9735099337748334,580,600,24,0,576,600,9974,4,0,0,4,0
2020-09-01,US,Alabama,Macon,399,17,0,32.38759944,-85.69267724,1087.0,2208.324108921851,4.260651629072681,382,396,17,0,379,393,18439,3,0,0,3,3
2020-09-01,US,Alabama,Madison,6329,53,0,34.76327133,-86.55069633,1089.0,1697.1969032659442,0.8374150734713225,6276,6258,50,0,6208,6220,366519,71,3,0,68,38
2020-09-01,US,Alabama,Marengo,632,17,0,32.24767634,-87.78796182,1091.0,3350.474473837672,2.6898734177215187,615,625,17,0,608,624,19066,7,0,0,7,1
2020-09-01,US,Alabama,Marion,720,28,0,34.13697363,-87.88704173,1093.0,2423.508027870342,3.888888888888889,692,716,28,0,688,713,29763,4,0,0,4,3
2020-09-01,US,Alabama,Marshall,3493,41,0,34.36975964,-86.30486727,1095.0,3609.440552214438,1.1737761236759232,3452,3483,41,0,3442,3478,96109,10,0,0,10,5
2020-09-01,US,Alabama,Mobile,12083,257,0,30.78472347,-88.20842409,1097.0,2924.178988891847,2.126955226351072,11826,12043,255,0,11788,11981,413757,40,2,0,38,62
2020-09-01,US,Alabama,Monroe,444,6,0,31.56729412,-87.36995001,1099.0,2141.5135291564175,1.351351351351351,438,443,6,0,437,443,21067,1,0,0,1,0
2020-09-01,US,Alabama,Montgomery,7792,161,0,32.2206831,-86.20969272,1101.0,3440.3892514327595,2.066221765913758,7631,7750,160,0,7590,7737,225763,42,1,0,41,13
2020-09-01,US,Alabama,Morgan,2830,22,0,34.45500589,-86.85475946,1103.0,2364.6587956115945,0.7773851590106007,2808,2811,22,0,2789,2802,119089,19,0,0,19,9
2020-09-01,US,Alabama,Perry,480,5,0,32.64048341,-87.29770589,1105.0,5379.356718592402,1.0416666666666667,475,478,5,0,473,477,9140,2,0,0,2,1
2020-09-01,US,Alabama,Pickens,534,11,0,33.28094866,-88.08818103,1107.0,2679.3778223783247,2.059925093632959,523,533,10,0,523,531,19938,1,1,0,0,2
2020-09-01,US,Alabama,Pike,832,7,0,31.80396383,-85.9408295,1109.0,2512.532463610557,0.8413461538461539,825,824,7,0,817,821,33338,8,0,0,8,3
2020-09-01,US,Alabama,Randolph,480,11,0,33.29526734,-85.45708831,1111.0,2112.490097702667,2.2916666666666665,469,478,11,0,467,469,22725,2,0,0,2,9
2020-09-01,US,Alabama,Russell,1553,2,0,32.28725256,-85.18415324,1113.0,2679.3878642535497,0.12878300064391499,1551,1548,2,0,1546,1535,57781,5,0,0,5,13
2020-09-01,US,Alabama,Shelby,4166,42,0,33.26879845,-86.66232561,1117.0,1913.6250470827094,1.0081613058089294,4124,4095,42,0,4053,4068,215707,71,0,0,71,27
2020-09-01,US,Alabama,St. Clair,1671,28,0,33.71902176,-86.31029372,1115.0,1866.788810438824,1.6756433273488929,1643,1651,28,0,1623,1641,88690,20,0,0,20,10
2020-09-01,US,Alabama,Sumter,399,19,0,32.59117397,-88.19916205,1119.0,3210.750784581959,4.761904761904762,380,396,19,0,377,396,12691,3,0,0,3,0
2020-09-01,US,Alabama,Talladega,1314,19,0,33.37823223,-86.16886178,1121.0,1642.951811748231,1.4459665144596652,1295,1303,18,0,1285,1296,79828,11,1,0,10,7
2020-09-01,US,Alabama,Tallapoosa,931,81,0,32.86698258,-85.79833053,1123.0,2306.339336586816,8.70032223415682,850,930,81,0,849,924,40497,1,0,0,1,6
2020-09-01,US,Alabama,Tuscaloosa,5187,92,0,33.28726072,-87.52556818,1125.0,2477.609801533281,1.7736649315596684,5095,5130,92,0,5038,5123,208911,57,0,0,57,7
2020-09-01,US,Alabama,Unassigned,9482,98,0,0.0,0.0,90001.0,0.0,1.03353722843282,9384,8906,99,0,8807,8779,,576,-1,0,577,127
2020-09-01,US,Alabama,Walker,1843,73,0,33.80270512,-87.30027177,1127.0,2901.40268572598,3.96093326098752,1770,1823,73,0,1750,1815,63711,20,0,0,20,8
2020-09-01,US,Alabama,Washington,503,13,0,31.4092794,-88.20689944,1129.0,3080.97513169178,2.584493041749503,490,502,13,0,489,498,16378,1,0,0,1,4
2020-09-01,US,Alabama,Wilcox,479,11,0,31.98773215,-87.30891118,1131.0,4617.757640026993,2.2964509394572024,468,479,11,0,468,479,10627,0,0,0,0,0
2020-09-01,US,Alabama,Winston,556,11,0,34.15030532,-87.37325922,1133.0,2353.040755004444,1.9784172661870505,545,545,11,0,534,543,23660,11,0,0,11,2
2020-09-01,US,Alaska,Aleutians East,2,0,0,55.32222414,-161.9722021,2013.0,59.93407252022774,0.0,2,2,0,0,2,2,3515,0,0,0,0,0
2020-09-01,US,Alaska,Aleutians West,7,0,0,52.3233,-174.1596,2016.0,124.24565140220093,0.0,7,7,0,0,7,7,5723,0,0,0,0,0
2020-09-01,US,Alaska,Anchorage,3018,23,0,61.14998174,-149.14269860000005,2020.0,1047.9166666666667,0.7620941020543406,2995,3001,21,0,2980,2972,291538,17,2,0,15,29
2020-09-01,US,Alaska,Bethel,59,1,0,60.90980451,-159.8561831,2050.0,320.89633416730123,1.6949152542372878,58,59,1,0,58,59,18216,0,0,0,0,0
2020-09-01,US,Alaska,Bristol Bay,10,0,0,58.74513976,-156.701064,2060.0,1196.1722488038274,0.0,10,10,0,0,10,10,877,0,0,0,0,0
2020-09-01,US,Alaska,Denali,2,0,0,63.67264044,-150.0076108,2068.0,95.37434430138292,0.0,2,1,0,0,1,1,2059,1,0,0,1,0
2020-09-01,US,Alaska,Dillingham,5,0,0,59.79603738,-158.23819419999995,2070.0,101.70870626525631,0.0,5,5,0,0,5,5,5000,0,0,0,0,0
2020-09-01,US,Alaska,Fairbanks North Star,644,8,0,64.80726247,-146.5692662,2090.0,664.9526582618303,1.2422360248447204,636,640,8,0,632,635,98971,4,0,0,4,5
2020-09-01,US,Alaska,Haines,5,0,0,59.09893571,-135.4679843,2100.0,197.6284584980237,0.0,5,5,0,0,5,5,2474,0,0,0,0,0
2020-09-01,US,Alaska,Juneau,177,1,0,58.45031811,-134.200436,2110.0,553.5747795083505,0.5649717514124294,176,175,1,0,174,174,32113,2,0,0,2,1
2020-09-01,US,Alaska,Kenai Peninsula,412,2,0,60.24429722,-151.53888840000005,2122.0,701.7782925666008,0.4854368932038835,410,410,2,0,408,410,58533,2,0,0,2,0
2020-09-01,US,Alaska,Ketchikan Gateway,47,0,0,55.57445008,-130.975561,2130.0,338.1051722897633,0.0,47,46,0,0,46,46,13918,1,0,0,1,0
2020-09-01,US,Alaska,Kodiak Island,15,0,0,57.65529415,-153.7493579,2150.0,115.40236959532236,0.0,15,14,0,0,14,14,13345,1,0,0,1,0
2020-09-01,US,Alaska,Kusilvak,8,0,0,62.15429159999999,-163.39678830000003,2158.0,96.22323791195574,0.0,8,8,0,0,8,8,8303,0,0,0,0,0
2020-09-01,US,Alaska,Matanuska-Susitna,476,2,0,62.31305045,-149.5741743,2170.0,439.4508710544051,0.4201680672268908,474,472,2,0,470,472,107610,4,0,0,4,0
2020-09-01,US,Alaska,Nome,41,0,0,64.90320724,-164.0353804,2180.0,409.8360655737705,0.0,41,41,0,0,41,39,10008,0,0,0,0,2
2020-09-01,US,Alaska,North Slope,39,0,0,69.31479216,-153.4836093,2185.0,396.6639544344996,0.0,39,39,0,0,39,39,9872,0,0,0,0,0
2020-09-01,US,Alaska,Northwest Arctic,66,0,0,67.04919196,-159.7503946,2188.0,866.028080304422,0.0,66,66,0,0,66,66,7671,0,0,0,0,0
2020-09-01,US,Alaska,Petersburg,7,1,0,57.13978948,-132.9540995,2195.0,214.32945499081444,14.285714285714285,6,7,1,0,6,7,3221,0,0,0,0,0
2020-09-01,US,Alaska,Prince of Wales-Hyder,25,0,0,55.76261984,-133.0511621,2198.0,403.03079155247457,0.0,25,25,0,0,25,25,6422,0,0,0,0,0
2020-09-01,US,Alaska,Sitka,38,0,0,57.24124555,-135.3206587,2220.0,447.42729306487695,0.0,38,38,0,0,38,38,8647,0,0,0,0,0
2020-09-01,US,Alaska,Southeast Fairbanks,18,0,0,63.87692095,-143.2127643,2240.0,261.13448425939356,0.0,18,18,0,0,18,18,6918,0,0,0,0,0
2020-09-01,US,Alaska,Unassigned,2,0,0,0.0,0.0,90002.0,0.0,0.0,2,1,0,0,1,1,,1,0,0,1,0
2020-09-01,US,Alaska,Valdez-Cordova,73,0,0,61.47502768,-144.7126799,2261.0,793.3058030862856,0.0,73,73,0,0,73,73,9164,0,0,0,0,0
2020-09-01,US,Alaska,Wrangell,11,0,0,56.3202004,-132.05837309999998,2275.0,439.6482813749002,0.0,11,11,0,0,11,11,2503,0,0,0,0,0
2020-09-01,US,Alaska,Yakutat,19,0,0,59.890980799999994,-140.36014509999998,2282.0,3281.5198618307427,0.0,19,18,0,0,18,18,604,1,0,0,1,0
2020-09-01,US,Alaska,Yukon-Koyukuk,71,1,0,65.50815459,-151.39073869999999,2290.0,1357.5525812619505,1.4084507042253518,70,71,1,0,70,71,5327,0,0,0,0,0
2020-09-01,US,Arizona,Apache,3341,154,0,35.39465006,-109.4892383,4001.0,4647.5718836507285,4.6093983837174495,3187,3338,154,0,3184,3338,71818,3,0,0,3,0
2020-09-01,US,Arizona,Cochise,1824,61,0,31.87934684,-109.7516088,4003.0,1448.5157478439035,3.344298245614035,1763,1816,60,0,1756,1815,126770,8,1,0,7,1
2020-09-01,US,Arizona,Coconino,3334,126,0,35.83883429,-111.77071780000001,4005.0,2323.733586104993,3.7792441511697663,3208,3324,125,0,3199,3318,142854,10,1,0,9,6
2020-09-01,US,Arizona,Gila,1113,47,0,33.80190085,-110.8132779,4007.0,2060.424303010108,4.22282120395328,1066,1106,47,0,1059,1106,53889,7,0,0,7,0
2020-09-01,US,Arizona,Graham,717,22,0,32.93166885,-109.8882178,4009.0,1846.1776141308544,3.0683403068340307,695,714,22,0,692,714,38072,3,0,0,3,0
2020-09-01,US,Arizona,Greenlee,58,1,0,33.21498827,-109.2405279,4011.0,610.6548747104654,1.7241379310344829,57,58,1,0,57,58,9483,0,0,0,0,0
2020-09-01,US,Arizona,La Paz,498,15,0,33.72854224,-113.98100290000001,4012.0,2359.295054007959,3.0120481927710845,483,498,15,0,483,498,21098,0,0,0,0,0
2020-09-01,US,Arizona,Maricopa,134004,2976,0,33.34835867,-112.49181540000001,4013.0,2987.5503130814677,2.22082922897824,131028,133728,2961,0,130767,133641,4410824,276,15,0,261,87
2020-09-01,US,Arizona,Mohave,3639,206,0,35.70471703,-113.7577902,4015.0,1715.0451736960424,5.660895850508381,3433,3615,206,0,3409,3606,209550,24,0,0,24,9
2020-09-01,US,Arizona,Navajo,5602,220,0,35.3997715,-110.3218983,4017.0,5050.304713136922,3.9271688682613353,5382,5598,220,0,5378,5598,110445,4,0,0,4,0
2020-09-01,US,Arizona,Pima,21286,576,0,32.0971334,-111.7890033,4019.0,2032.5051872519168,2.706003946255755,20710,21221,576,0,20645,21189,1039073,65,0,0,65,32
2020-09-01,US,Arizona,Pinal,9616,186,0,32.90525627,-111.3449483,4021.0,2077.8367679439225,1.9342762063227956,9430,9550,186,0,9364,9524,447138,66,0,0,66,26
2020-09-01,US,Arizona,Santa Cruz,2732,57,0,31.52508998,-110.8479088,4023.0,5875.5215278076475,2.0863836017569546,2675,2728,57,0,2671,2723,46511,4,0,0,4,5
2020-09-01,US,Arizona,Unassigned,0,1,0,0.0,0.0,90004.0,0.0,0.0,-1,0,1,0,-1,0,,0,0,0,0,0
2020-09-01,US,Arizona,Yavapai,2321,77,0,34.59933926,-112.5538588,4025.0,987.2436718148524,3.3175355450236967,2244,2311,77,0,2234,2303,231993,10,0,0,10,8
2020-09-01,US,Arizona,Yuma,12257,319,0,32.76895712,-113.90666740000002,4027.0,5733.27657902492,2.602594435832585,11938,12230,321,0,11909,12230,212128,27,-2,0,29,0
2020-09-01,US,Arkansas,Arkansas,284,3,0,34.29145151,-91.37277296,5001.0,1624.156468031568,1.056338028169014,281,283,3,0,280,282,17769,1,0,0,1,1
2020-09-01,US,Arkansas,Ashley,388,7,0,33.19153461,-91.76984709999999,5003.0,1973.8515541537365,1.8041237113402064,381,388,7,0,381,388,20046,0,0,0,0,0
2020-09-01,US,Arkansas,Baxter,139,0,0,36.28784385,-92.33782872,5005.0,331.48907755413535,0.0,139,138,0,0,138,137,41619,1,0,0,1,1
2020-09-01,US,Arkansas,Benton,5394,54,0,36.33644656,-94.25680817,5007.0,1932.3567659354944,1.0011123470522802,5340,5364,52,0,5312,5334,272608,30,2,0,28,30
2020-09-01,US,Arkansas,Boone,369,3,0,36.3084504,-93.09374925,5009.0,985.7875614447532,0.8130081300813008,366,365,3,0,362,356,37480,4,0,0,4,9
2020-09-01,US,Arkansas,Bradley,295,6,0,33.46755808,-92.15980837,5011.0,2740.8715042274453,2.0338983050847457,289,295,5,0,290,289,10897,0,1,0,-1,6
2020-09-01,US,Arkansas,Calhoun,24,0,0,33.55598792,-92.49974403,5013.0,462.5168625939488,0.0,24,24,0,0,24,23,5277,0,0,0,0,1
2020-09-01,US,Arkansas,Carroll,470,7,0,36.34038560000001,-93.54270261,5015.0,1656.0958421423538,1.4893617021276595,463,469,7,0,462,465,28223,1,0,0,1,4
2020-09-01,US,Arkansas,Chicot,962,11,0,33.26458973,-91.29539209,5017.0,9507.807867167425,1.1434511434511434,951,962,10,0,952,962,10438,0,1,0,-1,0
2020-09-01,US,Arkansas,Clark,236,3,0,34.04613432,-93.17484713,5019.0,1057.347670250896,1.2711864406779658,233,233,3,0,230,229,22061,3,0,0,3,4
2020-09-01,US,Arkansas,Clay,182,5,0,36.36826212,-90.4148172,5021.0,1250.7731427393305,2.7472527472527477,177,182,6,0,176,180,14847,0,-1,0,1,2
2020-09-01,US,Arkansas,Cleburne,259,7,0,35.53864922,-92.02640019,5023.0,1039.3675508648018,2.702702702702702,252,259,7,0,252,258,24965,0,0,0,0,1
2020-09-01,US,Arkansas,Cleveland,137,4,0,33.89723187,-92.18537045,5025.0,1721.9708396178985,2.9197080291970803,133,136,4,0,132,136,8018,1,0,0,1,0
2020-09-01,US,Arkansas,Columbia,297,15,0,33.21230701,-93.22642793,5027.0,1266.1465660570404,5.05050505050505,282,295,15,0,280,293,23537,2,0,0,2,2
2020-09-01,US,Arkansas,Conway,210,3,0,35.26205537,-92.70506566,5029.0,1007.3875083948959,1.4285714285714286,207,206,3,0,203,202,20891,4,0,0,4,4
2020-09-01,US,Arkansas,Craighead,1881,15,0,35.83018283,-90.63235729,5031.0,1704.854439328572,0.7974481658692185,1866,1869,15,0,1854,1851,108558,12,0,0,12,18
2020-09-01,US,Arkansas,Crawford,931,9,0,35.58928601,-94.2446814,5033.0,1471.7738748280822,0.9667024704618691,922,921,9,0,912,916,63406,10,0,0,10,5
2020-09-01,US,Arkansas,Crittenden,1648,34,0,35.21247318,-90.30839406,5035.0,3436.5551037430932,2.063106796116505,1614,1643,34,0,1609,1641,48342,5,0,0,5,2
2020-09-01,US,Arkansas,Cross,280,5,0,35.29631396,-90.77185818,5037.0,1705.3413727998052,1.7857142857142858,275,279,5,0,274,275,16676,1,0,0,1,4
2020-09-01,US,Arkansas,Dallas,127,2,0,33.97042763,-92.65167437,5039.0,1811.9560564987883,1.5748031496062993,125,127,2,0,125,127,7182,0,0,0,0,0
2020-09-01,US,Arkansas,Desha,243,5,0,33.83011025,-91.25500948,5041.0,2138.8962239239504,2.05761316872428,238,243,5,0,238,239,11512,0,0,0,0,4
2020-09-01,US,Arkansas,Drew,305,5,0,33.59035001,-91.71777921,5043.0,1674.0765135298316,1.639344262295082,300,304,5,0,299,303,18328,1,0,0,1,1
2020-09-01,US,Arkansas,Faulkner,1703,9,0,35.14719007,-92.33717519,5045.0,1351.512217575214,0.5284791544333529,1694,1693,9,0,1684,1679,124806,10,0,0,10,14
2020-09-01,US,Arkansas,Franklin,168,2,0,35.51202821,-93.89299569,5047.0,948.3488569009314,1.1904761904761905,166,166,2,0,164,162,17810,2,0,0,2,4
2020-09-01,US,Arkansas,Fulton,71,0,0,36.38177105,-91.81729127,5049.0,569.0470465656807,0.0,71,70,0,0,70,69,12269,1,0,0,1,1
2020-09-01,US,Arkansas,Garland,1434,29,0,34.57692074,-93.14921604,5051.0,1442.859155213008,2.0223152022315203,1405,1428,29,0,1399,1407,99154,6,0,0,6,21
2020-09-01,US,Arkansas,Grant,191,1,0,34.29017991,-92.42320562,5053.0,1045.7158499863126,0.5235602094240838,190,192,1,0,191,192,18188,-1,0,0,-1,0
2020-09-01,US,Arkansas,Greene,635,4,0,36.11735460000001,-90.55832668,5055.0,1400.992829564258,0.6299212598425197,631,634,4,0,630,632,45325,1,0,0,1,2
2020-09-01,US,Arkansas,Hempstead,330,3,0,33.73325583,-93.66935133,5057.0,1532.6026379342375,0.9090909090909092,327,330,3,0,327,330,21741,0,0,0,0,0
2020-09-01,US,Arkansas,Hot Spring,1719,21,0,34.31709259,-92.95396325,5059.0,5090.166118859376,1.2216404886561956,1698,1717,20,0,1697,1717,33701,2,1,0,1,0
2020-09-01,US,Arkansas,Howard,425,5,0,34.09007427,-93.9934871,5061.0,3219.209210725648,1.1764705882352942,420,425,5,0,420,423,13341,0,0,0,0,2
2020-09-01,US,Arkansas,Independence,770,6,0,35.74242707,-91.57001641,5063.0,2035.6906807666892,0.7792207792207793,764,765,6,0,759,760,37678,5,0,0,5,5
2020-09-01,US,Arkansas,Izard,105,0,0,36.09604046,-91.90847954,5065.0,770.4160246533127,0.0,105,102,0,0,102,102,13593,3,0,0,3,0
2020-09-01,US,Arkansas,Jackson,184,1,0,35.59802983,-91.21494602,5067.0,1100.544290926491,0.5434782608695652,183,183,1,0,182,182,16811,1,0,0,1,1
2020-09-01,US,Arkansas,Jefferson,2112,50,0,34.26767081,-91.92619839,5069.0,3160.541122949838,2.3674242424242418,2062,2104,50,0,2054,2091,68114,8,0,0,8,13
2020-09-01,US,Arkansas,Johnson,765,4,0,35.56759135,-93.46036368,5071.0,2878.320415381142,0.5228758169934641,761,765,4,0,761,754,26742,0,0,0,0,11
2020-09-01,US,Arkansas,Lafayette,70,2,0,33.24116713,-93.60677071,5073.0,1056.7632850241546,2.8571428571428568,68,68,2,0,66,66,6682,2,0,0,2,2
2020-09-01,US,Arkansas,Lawrence,250,10,0,36.04188196,-91.10867198,5075.0,1523.8327441180054,4.0,240,249,10,0,239,248,16434,1,0,0,1,1
2020-09-01,US,Arkansas,Lee,1004,11,0,34.78498904,-90.78383866,5077.0,11335.666704301682,1.095617529880478,993,1003,11,0,992,1002,8985,1,0,0,1,1
2020-09-01,US,Arkansas,Lincoln,1608,13,0,33.95317155,-91.74002806,5079.0,12346.437346437346,0.8084577114427861,1595,1604,13,0,1591,1600,13383,4,0,0,4,4
2020-09-01,US,Arkansas,Little River,284,15,0,33.70375665,-94.23468591,5081.0,2316.6653071212986,5.28169014084507,269,281,14,0,267,278,12326,3,1,0,2,3
2020-09-01,US,Arkansas,Logan,365,1,0,35.21413234,-93.71951016,5083.0,1700.3633653219047,0.273972602739726,364,365,1,0,364,364,21737,0,0,0,0,1
2020-09-01,US,Arkansas,Lonoke,728,4,0,34.75392199,-91.88742357,5085.0,993.0567870247856,0.5494505494505495,724,726,4,0,722,717,73657,2,0,0,2,9
2020-09-01,US,Arkansas,Madison,296,2,0,36.01038185,-93.72524943,5087.0,1785.7142857142858,0.6756756756756757,294,296,2,0,294,295,16481,0,0,0,0,1
2020-09-01,US,Arkansas,Marion,46,0,0,36.26844485,-92.68451899,5089.0,275.5481011141728,0.0,46,45,0,0,45,44,16722,1,0,0,1,1
2020-09-01,US,Arkansas,Miller,612,9,0,33.31403423,-93.89285258,5091.0,1414.7999167764756,1.4705882352941178,603,602,8,0,594,601,43592,10,1,0,9,1
2020-09-01,US,Arkansas,Mississippi,1352,22,0,35.76271485,-90.05194370000002,5093.0,3325.8714422769426,1.6272189349112427,1330,1349,21,0,1328,1349,41239,3,1,0,2,0
2020-09-01,US,Arkansas,Monroe,95,0,0,34.6815935,-91.20540287,5095.0,1417.6988509177734,0.0,95,94,0,0,94,94,6900,1,0,0,1,0
2020-09-01,US,Arkansas,Montgomery,104,3,0,34.53704874,-93.65824478,5097.0,1157.3558869352325,2.8846153846153846,101,101,3,0,98,96,8924,3,0,0,3,5
2020-09-01,US,Arkansas,Nevada,162,12,0,33.66340119,-93.30632432,5099.0,1963.1604459524967,7.407407407407407,150,162,12,0,150,162,8326,0,0,0,0,0
2020-09-01,US,Arkansas,Newton,120,15,0,35.91947491,-93.21612969,5101.0,1547.7879530504322,12.5,105,120,15,0,105,120,7805,0,0,0,0,0
2020-09-01,US,Arkansas,Ouachita,158,4,0,33.58839816,-92.87795984,5103.0,675.733470190745,2.5316455696202533,154,158,4,0,154,157,23606,0,0,0,0,1
2020-09-01,US,Arkansas,Perry,63,1,0,34.945915299999996,-92.94372564,5105.0,602.5824964131995,1.5873015873015872,62,63,1,0,62,63,10352,0,0,0,0,0
2020-09-01,US,Arkansas,Phillips,407,10,0,34.43268455,-90.84800154,5107.0,2288.8314025418963,2.457002457002457,397,405,9,0,396,404,18029,2,1,0,1,1
2020-09-01,US,Arkansas,Pike,177,1,0,34.16250414,-93.65789349,5109.0,1651.4275051315549,0.5649717514124294,176,176,1,0,175,174,10673,1,0,0,1,2
2020-09-01,US,Arkansas,Poinsett,489,6,0,35.57433534,-90.66268713,5111.0,2078.374702482149,1.2269938650306749,483,489,6,0,483,486,23974,0,0,0,0,3
2020-09-01,US,Arkansas,Polk,225,3,0,34.48254879,-94.22728802,5113.0,1127.028651572831,1.3333333333333333,222,224,3,0,221,224,20049,1,0,0,1,0
2020-09-01,US,Arkansas,Pope,1776,16,0,35.44871474,-93.03212219,5115.0,2771.881633162692,0.9009009009009008,1760,1774,16,0,1758,1732,64000,2,0,0,2,42
2020-09-01,US,Arkansas,Prairie,115,0,0,34.83624419,-91.55162157,5117.0,1426.445050855867,0.0,115,115,0,0,115,115,8074,0,0,0,0,0
2020-09-01,US,Arkansas,Pulaski,7121,109,0,34.77054088,-92.31355101,5119.0,1816.994164491428,1.5306838927116977,7012,7072,106,0,6966,7024,392680,49,3,0,46,48
2020-09-01,US,Arkansas,Randolph,311,12,0,36.3415714,-91.02455531,5121.0,1731.8186880498945,3.858520900321544,299,311,12,0,299,309,17948,0,0,0,0,2
2020-09-01,US,Arkansas,Saline,1591,13,0,34.64916145,-92.67583224,5125.0,1299.443795584668,0.8170961659333752,1578,1576,12,0,1564,1567,121421,15,1,0,14,9
2020-09-01,US,Arkansas,Scott,86,0,0,34.85588887,-94.0632176,5127.0,836.4945044256395,0.0,86,86,0,0,86,86,10319,0,0,0,0,0
2020-09-01,US,Arkansas,Searcy,101,0,0,35.9109364,-92.69936482,5129.0,1281.5632533942396,0.0,101,100,0,0,100,100,7958,1,0,0,1,0
2020-09-01,US,Arkansas,Sebastian,2900,34,0,35.19605503,-94.27162713,5131.0,2268.691278055497,1.1724137931034482,2866,2877,33,0,2844,2862,127753,23,1,0,22,15
2020-09-01,US,Arkansas,Sevier,1159,12,0,33.99780401,-94.2424869,5133.0,6814.840947845005,1.035375323554789,1147,1157,12,0,1145,1157,17139,2,0,0,2,0
2020-09-01,US,Arkansas,Sharp,149,5,0,36.16258158,-91.47819342,5135.0,854.2598325880057,3.355704697986577,144,149,5,0,144,147,17366,0,0,0,0,2
2020-09-01,US,Arkansas,St. Francis,1348,4,0,35.02201976,-90.74828138,5123.0,5393.294390653757,0.2967359050445104,1344,1345,4,0,1341,1344,25439,3,0,0,3,1
2020-09-01,US,Arkansas,Stone,196,3,0,35.86251946,-92.15684085,5137.0,1567.247721093875,1.5306122448979589,193,193,2,0,191,194,12457,3,1,0,2,-1
2020-09-01,US,Arkansas,Unassigned,897,0,0,0.0,0.0,90005.0,0.0,0.0,897,904,0,0,904,904,,-7,0,0,-7,0
2020-09-01,US,Arkansas,Union,692,20,0,33.16887091,-92.59746952,5139.0,1788.945762887131,2.8901734104046244,672,691,20,0,671,690,39126,1,0,0,1,1
2020-09-01,US,Arkansas,Van Buren,120,2,0,35.58095779,-92.51295036,5141.0,725.2946509519493,1.6666666666666667,118,118,2,0,116,118,16603,2,0,0,2,0
2020-09-01,US,Arkansas,Washington,6921,68,0,35.976844,-94.21800746,5143.0,2893.5519070852515,0.9825169773154168,6853,6900,65,0,6835,6883,236961,21,3,0,18,17
2020-09-01,US,Arkansas,White,533,11,0,35.25688493,-91.74908296,5145.0,676.7996139829594,2.063789868667917,522,528,11,0,517,524,78727,5,0,0,5,4
2020-09-01,US,Arkansas,Woodruff,27,0,0,35.18902527,-91.2439489,5147.0,427.21518987341767,0.0,27,27,0,0,27,27,6490,0,0,0,0,0
2020-09-01,US,Arkansas,Yell,1166,23,0,35.00292371,-93.41171338,5149.0,5463.661496649642,1.972555746140652,1143,1162,23,0,1139,1143,21535,4,0,0,4,19
2020-09-01,US,California,Alameda,18445,257,0,37.64629437,-121.8929271,6001.0,1103.6127536828476,1.3933315261588506,18188,18187,258,0,17929,18040,1666753,258,-1,0,259,147
2020-09-01,US,California,Alpine,2,0,0,38.59678594,-119.82235940000001,6003.0,177.14791851195747,0.0,2,2,0,0,2,2,1101,0,0,0,0,0
2020-09-01,US,California,Amador,280,14,0,38.44583082,-120.65696000000001,6005.0,704.3670758703964,5.0,266,280,14,0,266,278,39383,0,0,0,0,2
2020-09-01,US,California,Butte,2069,23,0,39.66727762,-121.6005252,6007.0,943.9471499092095,1.1116481391976798,2046,2026,23,0,2003,1948,231256,43,0,0,43,78
2020-09-01,US,California,Calaveras,236,2,0,38.20537103,-120.55291299999999,6009.0,514.1052172965908,0.8474576271186439,234,236,2,0,234,236,45602,0,0,0,0,0
2020-09-01,US,California,Colusa,445,6,0,39.17881957,-122.2331726,6011.0,2065.2527033925835,1.348314606741573,439,445,6,0,439,441,21627,0,0,0,0,4
2020-09-01,US,California,Contra Costa,13938,175,0,37.91923498,-121.9289527,6013.0,1208.2952616586015,1.25556033864256,13763,13938,175,0,13763,13700,1150215,0,0,0,0,238
2020-09-01,US,California,Del Norte,123,1,0,41.74228275,-123.89740630000001,6015.0,442.2551416654682,0.8130081300813008,122,123,1,0,122,122,27828,0,0,0,0,1
2020-09-01,US,California,El Dorado,967,2,0,38.77965956,-120.5233166,6017.0,501.444179980606,0.2068252326783868,965,967,2,0,965,958,190678,0,0,0,0,9
2020-09-01,US,California,Fresno,25185,290,0,36.75733899,-119.6466953,6019.0,2520.7661687857385,1.1514790549930514,24895,24963,263,0,24700,24821,994400,222,27,0,195,142
2020-09-01,US,California,Glenn,453,3,0,39.59875897,-122.3938452,6021.0,1595.4636706230408,0.6622516556291391,450,453,3,0,450,440,28047,0,0,0,0,13
2020-09-01,US,California,Humboldt,393,4,0,40.69923009,-123.876044,6023.0,289.91280485106006,1.0178117048346056,389,388,4,0,384,368,136373,5,0,0,5,20
2020-09-01,US,California,Imperial,10719,294,0,33.0393082,-115.36690420000001,6025.0,5915.073255525205,2.7427931710047577,10425,10719,293,0,10426,10667,181827,0,1,0,-1,52
2020-09-01,US,California,Inyo,179,13,0,36.51112084,-117.41119779999998,6027.0,992.2944730860913,7.2625698324022325,166,179,13,0,166,174,17987,0,0,0,0,5
2020-09-01,US,California,Kern,29324,286,0,35.34329425,-118.72777959999999,6029.0,3257.4910964427986,0.9753103260128224,29038,29324,286,0,29038,29105,896764,0,0,0,0,219
2020-09-01,US,California,Kings,6340,72,0,36.07409056,-119.8159973,6031.0,4145.416503203871,1.135646687697161,6268,6340,72,0,6268,6142,151366,0,0,0,0,198
2020-09-01,US,California,Lake,345,4,0,39.10124298,-122.75362439999999,6033.0,535.8307706644301,1.1594202898550725,341,345,4,0,341,332,64382,0,0,0,0,13
2020-09-01,US,California,Lassen,716,0,0,40.67311306,-120.59350990000002,6035.0,2341.935694894188,0.0,716,716,0,0,716,716,30802,0,0,0,0,0
2020-09-01,US,California,Los Angeles,242521,5829,0,34.30828379,-118.22824109999999,6037.0,2415.7626768994487,2.403503201784588,236692,241768,5784,0,235984,240749,10105518,753,45,0,708,1019
2020-09-01,US,California,Madera,3836,55,0,37.21513971,-119.76655890000002,6039.0,2438.233742459972,1.4337851929092804,3781,3783,54,0,3729,3674,157672,53,1,0,52,109
2020-09-01,US,California,Marin,6164,96,0,38.07122463,-122.72106310000001,6041.0,2381.5227218285645,1.5574302401038287,6068,6164,96,0,6068,6068,259666,0,0,0,0,96
2020-09-01,US,California,Mariposa,71,2,0,37.57978556,-119.9073334,6043.0,412.71871185258385,2.8169014084507036,69,71,2,0,69,71,17471,0,0,0,0,0
2020-09-01,US,California,Mendocino,704,17,0,39.4381191,-123.39113130000001,6045.0,811.536732411901,2.414772727272727,687,704,17,0,687,689,87606,0,0,0,0,15
2020-09-01,US,California,Merced,8032,117,0,37.18922369,-120.72090349999999,6047.0,2892.538173437051,1.4566733067729083,7915,8032,117,0,7915,7890,274765,0,0,0,0,142
2020-09-01,US,California,Modoc,12,0,0,41.58965602,-120.7244817,6049.0,135.7312521208008,0.0,12,12,0,0,12,10,8777,0,0,0,0,2
2020-09-01,US,California,Mono,162,2,0,37.93899289,-118.8872409,6051.0,1121.5729714760457,1.2345679012345678,160,162,2,0,160,162,14250,0,0,0,0,0
2020-09-01,US,California,Monterey,7980,58,0,36.21862405,-121.24133970000001,6053.0,1838.4512775854087,0.7268170426065163,7922,7980,58,0,7922,7685,435594,0,0,0,0,295
2020-09-01,US,California,Napa,1434,13,0,38.50735751,-122.33283899999999,6055.0,1041.061679637589,0.9065550906555092,1421,1431,13,0,1418,1413,139417,3,0,0,3,18
2020-09-01,US,California,Nevada,447,5,0,39.30394768,-120.76272809999999,6057.0,448.09783970728284,1.1185682326621924,442,446,5,0,441,442,99696,1,0,0,1,4
2020-09-01,US,California,Orange,48825,988,0,33.70147516,-117.76459979999998,6059.0,1537.4601819068093,2.023553507424475,47837,48538,980,0,47558,48444,3185968,287,8,0,279,94
2020-09-01,US,California,Placer,3027,33,0,39.06167234,-120.72405690000001,6061.0,759.9245849536438,1.0901883052527257,2994,3003,33,0,2970,2973,393149,24,0,0,24,30
2020-09-01,US,California,Plumas,41,0,0,40.00355989,-120.8395236,6063.0,218.00393470516298,0.0,41,41,0,0,41,40,18804,0,0,0,0,1
2020-09-01,US,California,Riverside,53153,1026,0,33.74314981,-115.9933578,6065.0,2151.467732234089,1.9302767482550371,52127,52909,1019,0,51890,51918,2450758,244,7,0,237,991
2020-09-01,US,California,Sacramento,18052,293,0,38.45106826,-121.34253740000001,6067.0,1163.100863498658,1.6230888544205628,17759,18052,293,0,17759,17588,1540975,0,0,0,0,464
2020-09-01,US,California,San Benito,1112,8,0,36.60308176,-121.069975,6069.0,1770.4750987135394,0.7194244604316546,1104,1097,8,0,1089,1090,61537,15,0,0,15,7
2020-09-01,US,California,San Bernardino,47879,736,0,34.84060306,-116.1774685,6071.0,2196.1987720662273,1.5372083794565468,47143,47642,716,0,46926,47373,2171603,237,20,0,217,269
2020-09-01,US,California,San Diego,38871,688,0,33.03484597,-116.73653259999999,6073.0,1164.3845875033326,1.7699570373800517,38183,38604,682,0,37922,38300,3343364,267,6,0,261,304
2020-09-01,US,California,San Francisco,9544,83,0,37.75215114,-122.43856720000001,6075.0,1082.6397625089473,0.8696563285834031,9461,9494,83,0,9411,9428,883305,50,0,0,50,66
2020-09-01,US,California,San Joaquin,17807,330,0,37.93433732,-121.2730061,6077.0,2336.422847006093,1.8532037962598975,17477,17637,328,0,17309,17493,752660,170,2,0,168,144
2020-09-01,US,California,San Luis Obispo,2981,21,0,35.38822029,-120.4039028,6079.0,1052.9438983296304,0.7044615900704462,2960,2981,21,0,2960,2917,284010,0,0,0,0,64
2020-09-01,US,California,San Mateo,8260,132,0,37.422880799999994,-122.32755459999998,6081.0,1077.522949542966,1.5980629539951574,8128,8169,131,0,8038,8074,769545,91,1,0,90,95
2020-09-01,US,California,Santa Barbara,8143,93,0,34.65329488,-120.0188492,6083.0,1823.744286101425,1.1420852265749724,8050,8143,93,0,8050,8052,446527,0,0,0,0,91
2020-09-01,US,California,Santa Clara,17349,248,0,37.23104908,-121.6970462,6085.0,899.9134788355123,1.42947720329702,17101,17349,244,0,17105,17013,1937570,0,4,0,-4,336
2020-09-01,US,California,Santa Cruz,1744,7,0,37.05580291,-122.0066524,6087.0,638.3298012905682,0.4013761467889908,1737,1744,7,0,1737,1746,274255,0,0,0,0,-2
2020-09-01,US,California,Shasta,572,12,0,40.76391419,-122.0396884,6089.0,317.6366059529098,2.097902097902098,560,570,12,0,558,562,180040,2,0,0,2,8
2020-09-01,US,California,Sierra,6,0,0,39.57713498,-120.52007009999998,6091.0,199.6672212978369,0.0,6,6,0,0,6,6,2987,0,0,0,0,0
2020-09-01,US,California,Siskiyou,137,0,0,41.59198861,-122.54074340000001,6093.0,314.66041939410644,0.0,137,137,0,0,137,128,43724,0,0,0,0,9
2020-09-01,US,California,Solano,5547,47,0,38.26827353,-121.9357113,6095.0,1239.1570961681516,0.8473048494681809,5500,5512,47,0,5465,5388,446610,35,0,0,35,124
2020-09-01,US,California,Sonoma,5917,83,0,38.52746429,-122.88625060000001,6097.0,1196.9591532884515,1.402737873922596,5834,5718,80,0,5638,5654,499942,199,3,0,196,64
2020-09-01,US,California,Stanislaus,14786,262,0,37.55862499,-120.9970722,6099.0,2685.1414666037117,1.7719464358176653,14524,14710,258,0,14452,14544,549815,76,4,0,72,166
2020-09-01,US,California,Sutter,1409,10,0,39.03417539,-121.6945899,6101.0,1453.0117251549432,0.7097232079489,1399,1409,10,0,1399,1368,96807,0,0,0,0,41
2020-09-01,US,California,Tehama,421,1,0,40.12570935,-122.23701709999999,6103.0,646.8563702292422,0.2375296912114014,420,419,1,0,418,417,63916,2,0,0,2,2
2020-09-01,US,California,Trinity,13,0,0,40.64917670000001,-123.114713,6105.0,105.82010582010582,0.0,13,13,0,0,13,13,12535,0,0,0,0,0
2020-09-01,US,California,Tulare,14079,233,0,36.22026558,-118.8020203,6107.0,3019.9809092761607,1.6549470843099652,13846,14079,233,0,13846,13890,465861,0,0,0,0,189
2020-09-01,US,California,Tuolumne,189,2,0,38.02644018,-119.95250929999999,6109.0,346.92903557399325,1.058201058201058,187,189,2,0,187,189,54539,0,0,0,0,0
2020-09-01,US,California,Ventura,10866,116,0,34.44465746,-119.09106129999999,6111.0,1284.3880539854324,1.067550156451316,10750,10775,116,0,10659,10705,850967,91,0,0,91,70
2020-09-01,US,California,Yolo,2438,52,0,38.68278902,-121.90182879999999,6113.0,1105.6689342403633,2.1328958162428218,2386,2424,52,0,2372,2386,220408,14,0,0,14,38
2020-09-01,US,California,Yuba,927,6,0,39.26255932,-121.35356440000001,6115.0,1178.3698581379974,0.6472491909385113,921,927,6,0,921,909,78041,0,0,0,0,18
2020-09-01,US,Colorado,Adams,7578,197,0,39.87432092,-104.3362578,8001.0,1464.5714031707255,2.5996305093692267,7381,7507,197,0,7310,7482,511868,71,0,0,71,25
2020-09-01,US,Colorado,Alamosa,238,9,0,37.57250606,-105.7885451,8003.0,1466.1492022423458,3.7815126050420167,229,238,9,0,229,238,16683,0,0,0,0,0
2020-09-01,US,Colorado,Arapahoe,8141,368,0,39.64977461,-104.3353617,8005.0,1239.8909517354816,4.5203291978872375,7773,8096,368,0,7728,8067,651215,45,0,0,45,29
2020-09-01,US,Colorado,Archuleta,48,0,0,37.19474156,-107.04768670000001,8007.0,342.14840687148046,0.0,48,48,0,0,48,47,13765,0,0,0,0,1
2020-09-01,US,Colorado,Baca,16,0,0,37.31940883,-102.5603223,8009.0,446.8025691147723,0.0,16,16,0,0,16,16,3585,0,0,0,0,0
2020-09-01,US,Colorado,Bent,11,0,0,37.95474293,-103.0720195,8011.0,197.23865877712032,0.0,11,11,0,0,11,11,5882,0,0,0,0,0
2020-09-01,US,Colorado,Boulder,2315,79,0,40.09313619,-105.3546767,8013.0,709.6960109872592,3.4125269978401733,2236,2300,79,0,2221,2287,326078,15,0,0,15,13
2020-09-01,US,Colorado,Broomfield,540,33,0,39.95998787,-105.0566324,8014.0,766.3378982473569,6.111111111111112,507,535,33,0,502,532,69267,5,0,0,5,3
2020-09-01,US,Colorado,Chaffee,316,19,0,38.74745778,-106.19265729999998,8015.0,1552.3678522303005,6.012658227848102,297,316,19,0,297,316,20027,0,0,0,0,0
2020-09-01,US,Colorado,Cheyenne,9,0,0,38.82777431,-102.6032558,8017.0,491.53468050245766,0.0,9,9,0,0,9,9,1876,0,0,0,0,0
2020-09-01,US,Colorado,Clear Creek,35,1,0,39.68864463,-105.6463118,8019.0,360.8247422680412,2.8571428571428568,34,35,1,0,34,35,9605,0,0,0,0,0
2020-09-01,US,Colorado,Conejos,31,0,0,37.201606,-106.19174879999998,8021.0,377.8184034125533,0.0,31,31,0,0,31,31,8200,0,0,0,0,0
2020-09-01,US,Colorado,Costilla,32,1,0,37.27732493,-105.4276548,8023.0,823.2570105479805,3.125,31,32,1,0,31,32,3828,0,0,0,0,0
2020-09-01,US,Colorado,Crowley,73,1,0,38.32608609,-103.7844965,8025.0,1204.4217125886814,1.3698630136986298,72,73,1,0,72,73,5858,0,0,0,0,0
2020-09-01,US,Colorado,Custer,17,0,0,38.10883162,-105.3683478,8027.0,335.43804262036303,0.0,17,17,0,0,17,17,4954,0,0,0,0,0
2020-09-01,US,Colorado,Delta,165,2,0,38.86246243,-107.86313419999999,8029.0,529.4910467877543,1.2121212121212122,163,166,2,0,164,162,30953,-1,0,0,-1,4
2020-09-01,US,Colorado,Denver,11307,429,0,39.76018276,-104.87256950000001,8031.0,1554.8444674241723,3.794109843459804,10878,11265,428,0,10837,11225,716492,42,1,0,41,40
2020-09-01,US,Colorado,Dolores,2,0,0,37.75208676,-108.5211585,8033.0,97.32360097323601,0.0,2,2,0,0,2,2,2074,0,0,0,0,0
2020-09-01,US,Colorado,Douglas,2023,60,0,39.33133796,-104.930001,8035.0,576.1005143042654,2.9658922392486406,1963,2004,60,0,1944,1994,342776,19,0,0,19,10
2020-09-01,US,Colorado,Eagle,1184,9,0,39.62754308,-106.6933637,8037.0,2147.767881437408,0.7601351351351351,1175,1182,9,0,1173,1179,54993,2,0,0,2,3
2020-09-01,US,Colorado,El Paso,6048,152,0,38.83240149,-104.5251411,8041.0,839.5300963488492,2.513227513227513,5896,6018,152,0,5866,6007,713856,30,0,0,30,11
2020-09-01,US,Colorado,Elbert,121,2,0,39.28656773,-104.13587209999999,8039.0,452.6918328407348,1.6528925619834711,119,121,2,0,119,121,26282,0,0,0,0,0
2020-09-01,US,Colorado,Fremont,157,0,0,38.47362326,-105.43996670000001,8043.0,328.1841175609858,0.0,157,157,0,0,157,157,48021,0,0,0,0,0
2020-09-01,US,Colorado,Garfield,845,4,0,39.59921777,-107.902708,8045.0,1406.902981968332,0.4733727810650887,841,844,4,0,840,839,59770,1,0,0,1,5
2020-09-01,US,Colorado,Gilpin,18,0,0,39.85646523,-105.5252597,8047.0,288.32292167227297,0.0,18,17,0,0,17,17,6121,1,0,0,1,0
2020-09-01,US,Colorado,Grand,66,1,0,40.10603347,-106.11780420000001,8049.0,419.4737511122409,1.5151515151515151,65,63,1,0,62,62,15525,3,0,0,3,1
2020-09-01,US,Colorado,Gunnison,291,7,0,38.66611652,-107.0320729,8051.0,1666.4757759706793,2.405498281786941,284,291,7,0,284,290,17246,0,0,0,0,1
2020-09-01,US,Colorado,Hinsdale,3,0,0,37.82247444,-107.3004345,8053.0,365.8536585365854,0.0,3,3,0,0,3,3,811,0,0,0,0,0
2020-09-01,US,Colorado,Huerfano,9,1,0,37.68473101,-104.9612585,8055.0,130.49151805132666,11.111111111111109,8,9,1,0,8,9,6889,0,0,0,0,0
2020-09-01,US,Colorado,Jackson,9,0,0,40.66593870000001,-106.3408905,8057.0,646.5517241379309,0.0,9,9,0,0,9,9,1399,0,0,0,0,0
2020-09-01,US,Colorado,Jefferson,4834,237,0,39.58635604,-105.2517692,8059.0,829.3287995319797,4.902772031443939,4597,4792,237,0,4555,4777,580233,42,0,0,42,15
2020-09-01,US,Colorado,Kit Carson,75,3,0,39.30497777,-102.60221990000001,8063.0,1056.7845568550092,4.0,72,74,3,0,71,74,7163,1,0,0,1,0
2020-09-01,US,Colorado,La Plata,241,2,0,37.28632032,-107.8429014,8067.0,428.6654452962416,0.8298755186721992,239,240,2,0,238,240,56310,1,0,0,1,0
2020-09-01,US,Colorado,Lake,80,0,0,39.20278823,-106.35556969999999,8065.0,984.3730773963333,0.0,80,80,0,0,80,80,7824,0,0,0,0,0
2020-09-01,US,Colorado,Larimer,1976,42,0,40.66671597,-105.4625784,8069.0,553.6580377081472,2.125506072874494,1934,1953,42,0,1911,1938,350518,23,0,0,23,15
2020-09-01,US,Colorado,Las Animas,20,0,0,37.3153406,-104.03764579999999,8071.0,137.87398317937405,0.0,20,20,0,0,20,20,14503,0,0,0,0,0
2020-09-01,US,Colorado,Lincoln,8,0,0,38.98749519,-103.51366490000001,8073.0,140.3262585511314,0.0,8,8,0,0,8,8,5610,0,0,0,0,0
2020-09-01,US,Colorado,Logan,691,5,0,40.7249637,-103.110817,8075.0,3083.582489178455,0.723589001447178,686,688,5,0,683,684,21528,3,0,0,3,4
2020-09-01,US,Colorado,Mesa,416,5,0,39.01787888,-108.469799,8077.0,269.76201283963434,1.2019230769230769,411,408,5,0,403,407,153207,8,0,0,8,1
2020-09-01,US,Colorado,Mineral,19,0,0,37.66954283,-106.92816979999999,8079.0,2470.74122236671,0.0,19,19,0,0,19,19,776,0,0,0,0,0
2020-09-01,US,Colorado,Moffat,34,1,0,40.61810999,-108.2070876,8081.0,255.96627267936455,2.9411764705882355,33,34,1,0,33,34,13188,0,0,0,0,0
2020-09-01,US,Colorado,Montezuma,126,5,0,37.33859579,-108.59588570000001,8083.0,481.2282778902342,3.968253968253968,121,124,5,0,119,124,26158,2,0,0,2,0
2020-09-01,US,Colorado,Montrose,344,13,0,38.40214114,-108.26390220000002,8085.0,804.5278076617241,3.779069767441861,331,343,13,0,330,342,42214,1,0,0,1,1
2020-09-01,US,Colorado,Morgan,716,48,0,40.26279810000001,-103.8093302,8087.0,2463.189761937526,6.70391061452514,668,713,48,0,665,713,28558,3,0,0,3,0
2020-09-01,US,Colorado,Otero,82,6,0,37.9014485,-103.7173385,8089.0,448.6267644162381,7.317073170731707,76,82,6,0,76,82,18432,0,0,0,0,0
2020-09-01,US,Colorado,Ouray,25,1,0,38.14717457,-107.7675136,8091.0,504.8465266558966,4.0,24,25,1,0,24,23,4833,0,0,0,0,2
2020-09-01,US,Colorado,Park,43,1,0,39.120926000000004,-105.7182065,8093.0,228.1772353409393,2.3255813953488373,42,43,1,0,42,43,18556,0,0,0,0,0
2020-09-01,US,Colorado,Phillips,19,0,0,40.59414277,-102.3577703,8095.0,445.48651817116064,0.0,19,19,0,0,19,19,4286,0,0,0,0,0
2020-09-01,US,Colorado,Pitkin,198,2,0,39.21720112,-106.9310027,8097.0,1114.4256205324477,1.0101010101010102,196,197,2,0,195,197,17950,1,0,0,1,0
2020-09-01,US,Colorado,Prowers,85,0,0,37.95544985,-102.3926052,8099.0,698.3240223463687,0.0,85,85,0,0,85,84,12164,0,0,0,0,1
2020-09-01,US,Colorado,Pueblo,875,34,0,38.17359144,-104.5127437,8101.0,519.5221583622287,3.8857142857142857,841,868,34,0,834,866,167529,7,0,0,7,2
2020-09-01,US,Colorado,Rio Blanco,23,0,0,39.97913541,-108.2179009,8103.0,363.69386464263124,0.0,23,23,0,0,23,23,6336,0,0,0,0,0
2020-09-01,US,Colorado,Rio Grande,94,2,0,37.5836865,-106.3847838,8105.0,834.2948433478299,2.127659574468085,92,94,2,0,92,94,11250,0,0,0,0,0
2020-09-01,US,Colorado,Routt,134,8,0,40.48596505,-106.9905548,8107.0,522.6616740775412,5.970149253731344,126,134,8,0,126,132,25733,0,0,0,0,2
2020-09-01,US,Colorado,Saguache,111,2,0,38.08054629,-106.28246599999999,8109.0,1626.6119577960142,1.8018018018018016,109,111,2,0,109,110,6843,0,0,0,0,1
2020-09-01,US,Colorado,San Juan,6,0,0,37.76248981,-107.67632890000002,8111.0,824.1758241758242,0.0,6,6,0,0,6,4,762,0,0,0,0,2
2020-09-01,US,Colorado,San Miguel,93,0,0,38.00450883,-108.4020725,8113.0,1137.0583200880305,0.0,93,93,0,0,93,93,8191,0,0,0,0,0
2020-09-01,US,Colorado,Sedgwick,12,1,0,40.87595412,-102.3519227,8115.0,533.8078291814946,8.333333333333334,11,12,1,0,11,12,2303,0,0,0,0,0
2020-09-01,US,Colorado,Summit,364,4,0,39.63803232,-106.1150762,8117.0,1173.777046854342,1.0989010989010992,360,363,4,0,359,363,31007,1,0,0,1,0
2020-09-01,US,Colorado,Teller,162,3,0,38.88133511,-105.16148929999999,8119.0,638.0967386166692,1.851851851851852,159,162,3,0,159,162,25083,0,0,0,0,0
2020-09-01,US,Colorado,Washington,53,0,0,39.97015535,-103.202587,8121.0,1079.8696006519967,0.0,53,53,0,0,53,53,4909,0,0,0,0,0
2020-09-01,US,Colorado,Weld,4085,146,0,40.55499405,-104.39296209999999,8123.0,1258.8908201126685,3.5740514075887386,3939,4060,146,0,3914,4051,314305,25,0,0,25,9
2020-09-01,US,Colorado,Yuma,63,0,0,40.00346839,-102.4258673,8125.0,628.8052699870246,0.0,63,63,0,0,63,63,10020,0,0,0,0,0
2020-09-01,US,Connecticut,Fairfield,18939,1415,0,41.26809896,-73.3881171,9001.0,2007.6706822200451,7.471355404192407,17524,18903,1414,0,17489,18774,943823,36,1,0,35,129
2020-09-01,US,Connecticut,Hartford,13529,1425,0,41.80283011,-72.73103891,9003.0,1517.1802808056339,10.532929263064528,12104,13504,1425,0,12079,13392,892697,25,0,0,25,112
2020-09-01,US,Connecticut,Litchfield,1713,138,0,41.7937534,-73.2451475,9005.0,949.9093343980304,8.056042031523642,1575,1709,138,0,1571,1688,181111,4,0,0,4,21
2020-09-01,US,Connecticut,Middlesex,1466,192,0,41.45949668,-72.53714864,9007.0,902.5092959688741,13.096862210095498,1274,1455,192,0,1263,1446,162682,11,0,0,11,9
2020-09-01,US,Connecticut,New Haven,13711,1109,0,41.408032500000004,-72.93620426,9009.0,1604.0816278778648,8.08839617825104,12602,13675,1109,0,12566,13622,857620,36,0,0,36,53
2020-09-01,US,Connecticut,New London,1587,107,0,41.48896435,-72.10430976,9011.0,598.4027510689804,6.7422810333963445,1480,1577,107,0,1470,1554,266784,10,0,0,10,23
2020-09-01,US,Connecticut,Tolland,1147,65,0,41.85853803,-72.3308481,9013.0,761.0087512689007,5.6669572798605055,1082,1145,65,0,1080,1126,150921,2,0,0,2,19
2020-09-01,US,Connecticut,Unassigned,107,0,0,0.0,0.0,90009.0,0.0,0.0,107,110,0,0,110,104,,-3,0,0,-3,6
2020-09-01,US,Connecticut,Windham,807,15,0,41.82972709,-71.98182316,9015.0,691.0311520611052,1.858736059479554,792,801,15,0,786,789,117027,6,0,0,6,12
2020-09-01,US,Delaware,Kent,2639,110,0,39.08646628,-75.56884914,10001.0,1459.7369265319214,4.168245547555893,2529,2624,110,0,2514,2608,178550,15,0,0,15,16
2020-09-01,US,Delaware,New Castle,8250,300,0,39.57992638,-75.64054974,10003.0,1476.5021395858275,3.636363636363636,7950,8190,300,0,7890,8139,559335,60,0,0,60,51
2020-09-01,US,Delaware,Sussex,6357,195,0,38.66143781,-75.39031349,10005.0,2714.056996477745,3.0674846625766867,6162,6330,195,0,6135,6317,229286,27,0,0,27,13
2020-09-01,US,Delaware,Unassigned,289,0,0,0.0,0.0,90010.0,0.0,0.0,289,285,0,0,285,279,,4,0,0,4,6
2020-09-01,US,District of Columbia,District of Columbia,14049,607,0,38.90417773,-77.01655992,11001.0,1990.6510671641047,4.320592212968895,13442,13992,607,0,13385,13959,702455,57,0,0,57,33
2020-09-01,US,Florida,Alachua,5251,33,0,29.67866525,-82.35928158,12001.0,1951.7326226662653,0.6284517234812417,5218,5196,33,0,5163,5193,269956,55,0,0,55,3
2020-09-01,US,Florida,Baker,1164,6,0,30.33060121,-82.28467476,12003.0,3984.936665525505,0.5154639175257731,1158,1153,5,0,1148,1151,28355,11,1,0,10,2
2020-09-01,US,Florida,Bay,5399,79,0,30.26548745,-85.62122584,12005.0,3090.352308176641,1.4632339322096684,5320,5363,78,0,5285,5355,185287,36,1,0,35,8
2020-09-01,US,Florida,Bradford,753,5,0,29.95079741,-82.16611613,12007.0,2670.1180809191164,0.6640106241699867,748,738,5,0,733,729,27732,15,0,0,15,9
2020-09-01,US,Florida,Brevard,7378,210,0,28.29409504,-80.73091022,12009.0,1225.6994859969898,2.8462998102466788,7168,7234,210,0,7024,7201,596849,144,0,0,144,33
2020-09-01,US,Florida,Broward,72245,1187,0,26.15184651,-80.48725556,12011.0,3699.601285962869,1.643020278219946,71058,71121,1184,0,69937,70950,1951260,1124,3,0,1121,171
2020-09-01,US,Florida,Calhoun,571,9,0,30.40666734,-85.19394153,12013.0,4048.209854661468,1.5761821366024518,562,570,8,0,562,568,14587,1,1,0,0,2
2020-09-01,US,Florida,Charlotte,2713,112,0,26.90131002,-81.92949121,12015.0,1436.1336085966861,4.128271286398822,2601,2677,110,0,2567,2656,184998,36,2,0,34,21
2020-09-01,US,Florida,Citrus,2124,59,0,28.84804315,-82.47614748,12017.0,1419.2453410131166,2.7777777777777777,2065,2095,57,0,2038,2082,147929,29,2,0,27,13
2020-09-01,US,Florida,Clay,4155,77,0,29.98319144,-81.85609986,12019.0,1895.0796343933007,1.8531889290012036,4078,4092,76,0,4016,3960,216072,63,1,0,62,132
2020-09-01,US,Florida,Collier,11796,177,0,26.11091986,-81.34687065,12021.0,3064.6762032933057,1.5005086469989828,11619,11609,176,0,11433,11604,378488,187,1,0,186,5
2020-09-01,US,Florida,Columbia,3379,38,0,30.22509788,-82.62160164,12023.0,4713.6121418408065,1.1245930748742232,3341,3340,33,0,3307,3335,70503,39,5,0,34,5
2020-09-01,US,Florida,DeSoto,1493,22,0,27.18677893,-81.80941373,12027.0,3928.843977790058,1.4735432016075016,1471,1489,22,0,1467,1478,37489,4,0,0,4,11
2020-09-01,US,Florida,Dixie,735,4,0,29.60631086,-83.15724673,12029.0,4368.2396291453715,0.54421768707483,731,719,4,0,715,712,16700,16,0,0,16,7
2020-09-01,US,Florida,Duval,26683,259,0,30.33225875,-81.66976468,12031.0,2785.994330491619,0.9706554735224676,26424,26460,254,0,26206,26391,950181,223,5,0,218,69
2020-09-01,US,Florida,Escambia,11256,188,0,30.67652764,-87.37284571,12033.0,3536.108772414833,1.6702203269367448,11068,11183,186,0,10997,11151,315534,73,2,0,71,32
2020-09-01,US,Florida,Flagler,1323,15,0,29.45933576,-81.31508595,12035.0,1149.625046706233,1.1337868480725624,1308,1312,15,0,1297,1310,112067,11,0,0,11,2
2020-09-01,US,Florida,Franklin,549,3,0,29.83791238,-84.82731662,12037.0,4527.835051546393,0.5464480874316939,546,544,3,0,541,542,11736,5,0,0,5,2
2020-09-01,US,Florida,Gadsden,2361,31,0,30.57796289,-84.61915825,12039.0,5170.827858081472,1.3130029648454045,2330,2324,31,0,2293,2317,45894,37,0,0,37,7
2020-09-01,US,Florida,Gilchrist,468,10,0,29.72856978,-82.79880657,12041.0,2518.5663545366488,2.1367521367521367,458,464,10,0,454,460,18256,4,0,0,4,4
2020-09-01,US,Florida,Glades,458,3,0,26.95635849,-81.18996211,12043.0,3316.1972340887696,0.6550218340611353,455,456,3,0,453,454,13724,2,0,0,2,2
2020-09-01,US,Florida,Gulf,827,12,0,29.93543004,-85.24270990000002,12045.0,6063.4943910843895,1.4510278113663846,815,824,11,0,813,824,16164,3,1,0,2,0
2020-09-01,US,Florida,Hamilton,703,6,0,30.49673973,-82.94998918,12047.0,4872.470196839478,0.8534850640113798,697,699,6,0,693,697,14310,4,0,0,4,2
2020-09-01,US,Florida,Hardee,1104,9,0,27.49293939,-81.80956574,12049.0,4098.4519434235435,0.8152173913043478,1095,1097,9,0,1088,1092,27245,7,0,0,7,5
2020-09-01,US,Florida,Hendry,1979,39,0,26.55386945,-81.16469006,12051.0,4709.437913473896,1.9706922688226376,1940,1975,39,0,1936,1969,41556,4,0,0,4,6
2020-09-01,US,Florida,Hernando,2685,85,0,28.55364461,-82.42700204,12053.0,1384.5915841584158,3.165735567970205,2600,2615,83,0,2532,2601,190865,70,2,0,68,14
2020-09-01,US,Florida,Highlands,1838,67,0,27.34254618,-81.34071957,12055.0,1730.3546379717761,3.6452665941240485,1771,1823,67,0,1756,1821,105424,15,0,0,15,2
2020-09-01,US,Florida,Hillsborough,37458,551,0,27.9276559,-82.32013172,12057.0,2544.756407747995,1.4709808318650222,36907,37136,551,0,36585,37013,1436888,322,0,0,322,123
2020-09-01,US,Florida,Holmes,640,5,0,30.86747479,-85.81319222,12059.0,3262.476423510221,0.78125,635,622,5,0,617,622,19477,18,0,0,18,0
2020-09-01,US,Florida,Indian River,2858,102,0,27.69308961,-80.60556721,12061.0,1787.1100467099786,3.568929321203639,2756,2835,98,0,2737,2834,157413,23,4,0,19,1
2020-09-01,US,Florida,Jackson,2385,66,0,30.795459700000002,-85.21500423,12063.0,5138.5357866161075,2.767295597484277,2319,2336,66,0,2270,2335,48305,49,0,0,49,1
2020-09-01,US,Florida,Jefferson,502,6,0,30.43669112,-83.89442308,12065.0,3523.7961533061907,1.195219123505976,496,500,6,0,494,498,14288,2,0,0,2,2
2020-09-01,US,Florida,Lafayette,1204,10,0,29.98484137,-83.18166636,12067.0,14295.89171218238,0.8305647840531561,1194,1204,7,0,1197,1202,8732,0,3,0,-3,2
2020-09-01,US,Florida,Lake,6538,118,0,28.76202069,-81.7125123,12069.0,1780.898784586972,1.8048332823493425,6420,6396,117,0,6279,6385,356495,142,1,0,141,11
2020-09-01,US,Florida,Lee,18824,426,0,26.58410348,-81.88399313,12071.0,2442.844777355151,2.263068423289418,18398,18673,423,0,18250,18634,754610,151,3,0,148,39
2020-09-01,US,Florida,Leon,6475,35,0,30.45955727,-84.27491114,12073.0,2205.516686990347,0.5405405405405406,6440,6321,33,0,6288,6294,292502,154,2,0,152,27
2020-09-01,US,Florida,Levy,921,6,0,29.31829741,-82.74007147,12075.0,2219.116690359733,0.6514657980456026,915,911,6,0,905,907,40770,10,0,0,10,4
2020-09-01,US,Florida,Liberty,436,7,0,30.23766008,-84.8829258,12077.0,5219.05673928657,1.6055045871559632,429,433,7,0,426,433,8457,3,0,0,3,0
2020-09-01,US,Florida,Madison,877,15,0,30.44396917,-83.47398594,12079.0,4742.334937543937,1.710376282782212,862,868,14,0,854,867,18529,9,1,0,8,1
2020-09-01,US,Florida,Manatee,10490,260,0,27.47196942,-82.31831044,12081.0,2601.3445653225144,2.478551000953289,10230,10426,258,0,10168,10418,394855,64,2,0,62,8
2020-09-01,US,Florida,Marion,8582,187,0,29.21227113,-82.05803627,12083.0,2347.509019938235,2.1789792589140062,8395,8496,180,0,8316,8469,359977,86,7,0,79,27
2020-09-01,US,Florida,Martin,4533,118,0,27.0772071,-80.43109784,12085.0,2815.527950310559,2.6031325832781818,4415,4497,118,0,4379,4450,160912,36,0,0,36,47
2020-09-01,US,Florida,Miami-Dade,159059,2537,0,25.6112362,-80.55170587,12086.0,5854.343489366714,1.5950056268428696,156522,156910,2437,0,154473,156559,2761581,2149,100,0,2049,351
2020-09-01,US,Florida,Monroe,1743,16,0,25.20904673,-81.07812416,12087.0,2348.1705016974724,0.9179575444635686,1727,1734,16,0,1718,1727,75027,9,0,0,9,7
2020-09-01,US,Florida,Nassau,1728,20,0,30.61037141,-81.80297522,12089.0,1949.7884344146685,1.1574074074074074,1708,1704,19,0,1685,1659,85832,24,1,0,23,45
2020-09-01,US,Florida,Okaloosa,4199,77,0,30.69143028,-86.59267105,12091.0,1992.52151961203,1.833769945225053,4122,4154,77,0,4077,4134,207269,45,0,0,45,20
2020-09-01,US,Florida,Okeechobee,1248,15,0,27.386336199999995,-80.88944347,12093.0,2959.590210586226,1.2019230769230769,1233,1243,15,0,1228,1239,41537,5,0,0,5,4
2020-09-01,US,Florida,Orange,36400,378,0,28.51367621,-81.31799498,12095.0,2612.217715429021,1.0384615384615383,36022,35902,377,0,35525,35770,1380645,498,1,0,497,132
2020-09-01,US,Florida,Osceola,11260,129,0,28.06312234,-81.14882926,12097.0,2996.665344869342,1.1456483126110124,11131,11134,129,0,11005,11091,367990,126,0,0,126,43
2020-09-01,US,Florida,Palm Beach,42387,1128,0,26.64676272,-80.46536002,12099.0,2831.8980204039367,2.6611932903956403,41259,41965,1119,0,40846,41865,1485941,422,9,0,413,100
2020-09-01,US,Florida,Pasco,8135,180,0,28.30810945,-82.40227529,12101.0,1468.5520455928095,2.2126613398893666,7955,8048,180,0,7868,8028,539630,87,0,0,87,20
2020-09-01,US,Florida,Pinellas,20026,663,0,27.93130349,-82.72239666,12103.0,2053.957144439567,3.3106960950764006,19363,19929,658,0,19271,19888,975280,97,5,0,92,41
2020-09-01,US,Florida,Polk,17159,447,0,27.95027105,-81.69732947,12105.0,2367.4868269826443,2.605046914155837,16712,17011,443,0,16568,16894,708009,148,4,0,144,117
2020-09-01,US,Florida,Putnam,1790,38,0,29.60779729,-81.74230285,12107.0,2402.0074878222244,2.122905027932961,1752,1780,37,0,1743,1774,74163,10,1,0,9,6
2020-09-01,US,Florida,Santa Rosa,4714,57,0,30.69341450000001,-87.02458128,12113.0,2557.6058118526635,1.2091641917691982,4657,4671,55,0,4616,4659,179349,43,2,0,41,12
2020-09-01,US,Florida,Sarasota,7239,204,0,27.18546175,-82.33174248,12115.0,1668.9644996334227,2.818068794032325,7035,7207,202,0,7005,7193,426718,32,2,0,30,14
2020-09-01,US,Florida,Seminole,8173,173,0,28.7158582,-81.24060348,12117.0,1732.2063642105352,2.11672580447816,8000,8029,172,0,7857,8006,467832,144,1,0,143,23
2020-09-01,US,Florida,St. Johns,4389,59,0,29.90096506,-81.43589967,12109.0,1658.2789263692416,1.344269765322397,4330,4332,57,0,4275,4321,254261,57,2,0,55,11
2020-09-01,US,Florida,St. Lucie,7120,236,0,27.37763908,-80.47106649,12111.0,2168.767914418956,3.3146067415730336,6884,6992,235,0,6757,6975,321128,128,1,0,127,17
2020-09-01,US,Florida,Sumter,1881,53,0,28.70181754,-82.0794267,12119.0,1420.480289986407,2.8176501860712384,1828,1852,50,0,1802,1848,128754,29,3,0,26,4
2020-09-01,US,Florida,Suwannee,2455,60,0,30.19746066,-82.99099670000003,12121.0,5527.163023166805,2.4439918533604894,2395,2439,60,0,2379,2431,44191,16,0,0,16,8
2020-09-01,US,Florida,Taylor,1208,9,0,30.04848048,-83.60445406,12123.0,5600.630534563494,0.7450331125827815,1199,1200,5,0,1195,1199,21623,8,4,0,4,1
2020-09-01,US,Florida,Unassigned,1027,0,0,0.0,0.0,90012.0,0.0,0.0,1027,1000,0,0,1000,998,,27,0,0,27,2
2020-09-01,US,Florida,Union,603,5,0,30.04412971,-82.37497443,12125.0,3957.4719432959255,0.8291873963515755,598,594,5,0,589,592,14940,9,0,0,9,2
2020-09-01,US,Florida,Volusia,9417,190,0,29.05858895,-81.18263252,12127.0,1702.0192161710806,2.0176276945948817,9227,9283,189,0,9094,9244,547538,134,1,0,133,39
2020-09-01,US,Florida,Wakulla,896,7,0,30.16548905,-84.39895211,12129.0,2655.680369898337,0.78125,889,888,7,0,881,886,32461,8,0,0,8,2
2020-09-01,US,Florida,Walton,1662,20,0,30.64204028,-86.16935664,12131.0,2243.793117414373,1.203369434416366,1642,1638,20,0,1618,1636,71375,24,0,0,24,2
2020-09-01,US,Florida,Washington,1009,16,0,30.61359259,-85.66002461,12133.0,3961.0568052447693,1.5857284440039645,993,1006,16,0,990,1006,24880,3,0,0,3,0
2020-09-01,US,Georgia,Appling,892,23,0,31.74847232,-82.28909114,13001.0,4851.517458936147,2.57847533632287,869,886,23,0,863,885,18507,6,0,0,6,1
2020-09-01,US,Georgia,Atkinson,408,3,0,31.29633502,-82.87545866,13003.0,4996.938150642988,0.7352941176470589,405,406,3,0,403,405,8297,2,0,0,2,1
2020-09-01,US,Georgia,Bacon,523,9,0,31.55456473,-82.45936528,13005.0,4684.700824077391,1.7208413001912046,514,517,9,0,508,516,11185,6,0,0,6,1
2020-09-01,US,Georgia,Baker,71,3,0,31.32669878,-84.44218806,13007.0,2337.063857801185,4.225352112676056,68,72,3,0,69,71,3092,-1,0,0,-1,1
2020-09-01,US,Georgia,Baldwin,1705,52,0,33.06882326,-83.24701748,13009.0,3798.1733125417686,3.0498533724340176,1653,1679,50,0,1629,1652,44823,26,2,0,24,27
2020-09-01,US,Georgia,Banks,385,6,0,34.35607081,-83.49644388,13011.0,2001.6637204949566,1.5584415584415583,379,377,6,0,371,370,18988,8,0,0,8,7
2020-09-01,US,Georgia,Barrow,1772,38,0,33.99148694,-83.71436292,13013.0,2128.7842383469488,2.144469525959368,1734,1734,37,0,1697,1725,80809,38,1,0,37,9
2020-09-01,US,Georgia,Bartow,2450,72,0,34.23732119,-84.83887523,13015.0,2274.035159368097,2.9387755102040822,2378,2431,70,0,2361,2426,106408,19,2,0,17,5
2020-09-01,US,Georgia,Ben Hill,632,14,0,31.76095874,-83.22145359,13017.0,3784.431137724551,2.2151898734177213,618,619,13,0,606,620,16787,13,1,0,12,-1
2020-09-01,US,Georgia,Berrien,382,6,0,31.27590016,-83.22529920000002,13019.0,1969.3767077383106,1.5706806282722514,376,380,6,0,374,379,19252,2,0,0,2,1
2020-09-01,US,Georgia,Bibb,5430,127,0,32.80904227,-83.70489165,13021.0,3545.3352398487846,2.3388581952117864,5303,5404,121,0,5283,5375,153095,26,6,0,20,29
2020-09-01,US,Georgia,Bleckley,352,17,0,32.43829035,-83.33035166,13023.0,2734.4053445195373,4.829545454545454,335,352,17,0,335,349,12838,0,0,0,0,3
2020-09-01,US,Georgia,Brantley,310,8,0,31.19576557,-81.97743999,13025.0,1622.2722277460882,2.5806451612903225,302,308,8,0,300,304,18897,2,0,0,2,4
2020-09-01,US,Georgia,Brooks,478,22,0,30.83922642,-83.58303423,13027.0,3092.4500226434625,4.602510460251046,456,478,22,0,456,476,15513,0,0,0,0,2
2020-09-01,US,Georgia,Bryan,866,9,0,32.00979311,-81.44002948,13029.0,2185.378655966891,1.039260969976905,857,857,9,0,848,855,38109,9,0,0,9,2
2020-09-01,US,Georgia,Bulloch,2049,21,0,32.39577406,-81.74811421,13031.0,2573.861923424781,1.0248901903367496,2028,2003,21,0,1982,1919,77296,46,0,0,46,84
2020-09-01,US,Georgia,Burke,658,8,0,33.05917989,-81.99928721,13033.0,2939.7310458830357,1.2158054711246202,650,654,8,0,646,650,22423,4,0,0,4,4
2020-09-01,US,Georgia,Butts,569,40,0,33.283094500000004,-83.95435040000002,13035.0,2281.841514276548,7.029876977152901,529,566,40,0,526,564,24193,3,0,0,3,2
2020-09-01,US,Georgia,Calhoun,225,7,0,31.53169785,-84.62725131,13037.0,3635.482307319437,3.111111111111111,218,227,7,0,220,227,6352,-2,0,0,-2,0
2020-09-01,US,Georgia,Camden,1023,7,0,30.92951916,-81.66601818,13039.0,1871.364284930304,0.6842619745845552,1016,1019,7,0,1012,1013,53677,4,0,0,4,6
2020-09-01,US,Georgia,Candler,356,14,0,32.40209349,-82.07702563,13043.0,3295.380912709433,3.9325842696629216,342,353,14,0,339,348,10836,3,0,0,3,5
2020-09-01,US,Georgia,Carroll,2336,62,0,33.58138199,-85.07976677,13045.0,1946.796453096873,2.6541095890410955,2274,2320,61,0,2259,2310,118121,16,1,0,15,10
2020-09-01,US,Georgia,Catoosa,877,17,0,34.89872298,-85.13757014,13047.0,1297.7212192956495,1.9384264538198404,860,860,17,0,843,860,67420,17,0,0,17,0
2020-09-01,US,Georgia,Charlton,572,6,0,30.78371028,-82.13951596,13049.0,4271.206690561529,1.048951048951049,566,561,6,0,555,558,12968,11,0,0,11,3
2020-09-01,US,Georgia,Chatham,7129,124,0,32.00043026,-81.12489526,13051.0,2463.1171613170713,1.7393743863094404,7005,7065,121,0,6944,7012,289195,64,3,0,61,53
2020-09-01,US,Georgia,Chattahoochee,1192,2,0,32.34341231,-84.78809239,13053.0,10928.761345924637,0.16778523489932887,1190,1152,3,0,1149,1113,10684,40,-1,0,41,39
2020-09-01,US,Georgia,Chattooga,584,6,0,34.47197698,-85.34535662,13055.0,2355.8836580741463,1.0273972602739727,578,558,6,0,552,553,24790,26,0,0,26,5
2020-09-01,US,Georgia,Cherokee,4895,79,0,34.24393976,-84.47431861,13057.0,1891.619295676133,1.6138917262512769,4816,4856,78,0,4778,4817,254149,39,1,0,38,39
2020-09-01,US,Georgia,Clarke,3070,30,0,33.95436462,-83.37124007,13059.0,2392.25128768575,0.977198697068404,3040,2916,26,0,2890,2842,127330,154,4,0,150,74
2020-09-01,US,Georgia,Clay,113,2,0,31.62221166,-84.97713865,13061.0,3987.297106563162,1.7699115044247788,111,111,2,0,109,111,2887,2,0,0,2,0
2020-09-01,US,Georgia,Clayton,6529,142,0,33.54187245,-84.35594188,13063.0,2234.0003284791414,2.1749119313830603,6387,6478,138,0,6340,6458,289615,51,4,0,47,20
2020-09-01,US,Georgia,Clinch,294,4,0,30.91395822,-82.70432472,13065.0,4442.429737080689,1.3605442176870748,290,288,4,0,284,285,6648,6,0,0,6,3
2020-09-01,US,Georgia,Cobb,17097,395,0,33.94243204,-84.5761255,13067.0,2249.187979598522,2.310346844475639,16702,16966,391,0,16575,16896,756865,131,4,0,127,70
2020-09-01,US,Georgia,Coffee,1797,37,0,31.54892966,-82.85492059999999,13069.0,4152.704919926975,2.058987200890373,1760,1793,37,0,1756,1775,43093,4,0,0,4,18
2020-09-01,US,Georgia,Colquitt,1770,26,0,31.18810588,-83.7677946,13071.0,3881.578947368421,1.4689265536723164,1744,1758,26,0,1732,1751,45592,12,0,0,12,7
2020-09-01,US,Georgia,Columbia,3179,45,0,33.54534185,-82.263524,13073.0,2028.5360593182488,1.4155394778232149,3134,3142,44,0,3098,3109,154291,37,1,0,36,33
2020-09-01,US,Georgia,Cook,510,11,0,31.16068491,-83.42947229,13075.0,2953.0978575564563,2.156862745098039,499,510,11,0,499,508,17162,0,0,0,0,2
2020-09-01,US,Georgia,Coweta,2266,26,0,33.35334302,-84.76129976,13077.0,1525.8334511713094,1.147396293027361,2240,2249,26,0,2223,2244,145864,17,0,0,17,5
2020-09-01,US,Georgia,Crawford,153,3,0,32.71391813,-83.98061238,13079.0,1233.4730732021926,1.96078431372549,150,151,3,0,148,151,12318,2,0,0,2,0
2020-09-01,US,Georgia,Crisp,474,15,0,31.92289565,-83.76811843,13081.0,2118.7198283568746,3.1645569620253164,459,466,15,0,451,466,22601,8,0,0,8,0
2020-09-01,US,Georgia,Dade,200,3,0,34.854916700000004,-85.50490424,13083.0,1241.0027302060064,1.5,197,196,3,0,193,192,16226,4,0,0,4,4
2020-09-01,US,Georgia,Dawson,680,7,0,34.44244079,-84.16964071,13085.0,2604.565650375364,1.0294117647058822,673,670,7,0,663,669,25083,10,0,0,10,1
2020-09-01,US,Georgia,DeKalb,16650,304,0,33.76944049,-84.22396017,13089.0,2192.8178301771245,1.8258258258258255,16346,16555,300,0,16255,16498,756558,95,4,0,91,57
2020-09-01,US,Georgia,Decatur,992,21,0,30.87967778,-84.57619536,13087.0,3757.006514164521,2.1169354838709675,971,990,21,0,969,986,26575,2,0,0,2,4
2020-09-01,US,Georgia,Dodge,331,7,0,32.17265114,-83.16948926,13091.0,1606.4062120844455,2.114803625377644,324,325,7,0,318,323,20705,6,0,0,6,2
2020-09-01,US,Georgia,Dooly,285,14,0,32.15630737,-83.79746561,13093.0,2128.454070201643,4.912280701754386,271,286,14,0,272,283,13706,-1,0,0,-1,3
2020-09-01,US,Georgia,Dougherty,2993,180,0,31.53328528,-84.21722377,13095.0,3402.8377825276275,6.0140327430671565,2813,2985,179,0,2806,2977,91243,8,1,0,7,8
2020-09-01,US,Georgia,Douglas,3179,67,0,33.70291126,-84.77026156,13097.0,2172.2938575811622,2.1075810003145645,3112,3167,64,0,3103,3154,145331,12,3,0,9,13
2020-09-01,US,Georgia,Early,418,32,0,31.32155345,-84.90255207,13099.0,4102.060843964671,7.655502392344498,386,414,32,0,382,409,10247,4,0,0,4,5
2020-09-01,US,Georgia,Echols,237,2,0,30.71101099,-82.89687287,13101.0,5916.125811283077,0.8438818565400844,235,235,2,0,233,234,4000,2,0,0,2,1
2020-09-01,US,Georgia,Effingham,1080,17,0,32.36616021,-81.34280942,13103.0,1679.7312430011198,1.5740740740740742,1063,1068,16,0,1052,1054,62190,12,1,0,11,14
2020-09-01,US,Georgia,Elbert,480,1,0,34.11302332,-82.83936148,13105.0,2500.781494216943,0.20833333333333331,479,471,1,0,470,464,19120,9,0,0,9,7
2020-09-01,US,Georgia,Emanuel,771,22,0,32.59221302,-82.30239915,13107.0,3404.5747593393976,2.8534370946822314,749,758,22,0,736,765,22612,13,0,0,13,-7
2020-09-01,US,Georgia,Evans,373,5,0,32.15328841,-81.8870105,13109.0,3501.032476065328,1.3404825737265416,368,365,5,0,360,360,10721,8,0,0,8,5
2020-09-01,US,Georgia,Fannin,465,8,0,34.86430205,-84.316964,13111.0,1775.6224224835805,1.7204301075268815,457,446,8,0,438,439,25964,19,0,0,19,7
2020-09-01,US,Georgia,Fayette,1585,38,0,33.41357794,-84.49089434,13113.0,1385.2352277990924,2.3974763406940065,1547,1573,38,0,1535,1568,113459,12,0,0,12,5
2020-09-01,US,Georgia,Floyd,2313,32,0,34.26268279,-85.21577392,13115.0,2348.271030883876,1.3834846519671422,2281,2277,32,0,2245,2269,97927,36,0,0,36,8
2020-09-01,US,Georgia,Forsyth,3154,33,0,34.22604035,-84.12315129999998,13117.0,1291.2893241406414,1.0462904248573242,3121,3091,33,0,3058,3079,236612,63,0,0,63,12
2020-09-01,US,Georgia,Franklin,563,11,0,34.37525597,-83.23159927,13119.0,2411.2381686581866,1.9538188277087036,552,554,11,0,543,537,23023,9,0,0,9,17
2020-09-01,US,Georgia,Fulton,25063,525,0,33.79216944,-84.46319413,13121.0,2355.6845941066063,2.0947213023181583,24538,24891,518,0,24373,24801,1050114,172,7,0,165,90
2020-09-01,US,Georgia,Gilmer,751,8,0,34.69316688,-84.45802506,13123.0,2394.083330676783,1.0652463382157125,743,750,7,0,743,745,30816,1,1,0,0,5
2020-09-01,US,Georgia,Glascock,34,2,0,33.22879932,-82.61297636,13125.0,1144.3958263211039,5.882352941176472,32,33,2,0,31,34,2995,1,0,0,1,-1
2020-09-01,US,Georgia,Glynn,3053,71,0,31.23279254,-81.53811412,13127.0,3579.4681798996394,2.3255813953488373,2982,3041,70,0,2971,3032,85219,12,1,0,11,9
2020-09-01,US,Georgia,Gordon,1534,30,0,34.50487351,-84.87296253,13129.0,2646.5158808205233,1.9556714471968708,1504,1527,29,0,1498,1522,57685,7,1,0,6,5
2020-09-01,US,Georgia,Grady,669,12,0,30.87454847,-84.23418364,13131.0,2715.8689562781633,1.7937219730941705,657,667,12,0,655,662,24748,2,0,0,2,5
2020-09-01,US,Georgia,Greene,445,17,0,33.5769205,-83.17139104,13133.0,2428.509059157389,3.820224719101124,428,435,16,0,419,433,17698,10,1,0,9,2
2020-09-01,US,Georgia,Gwinnett,24477,341,0,33.96044201,-84.02137802,13135.0,2614.365821094793,1.3931445847121788,24136,24252,336,0,23916,24182,927781,225,5,0,220,70
2020-09-01,US,Georgia,Habersham,1363,62,0,34.63331566,-83.53094677,13137.0,3006.971408400989,4.5487894350697005,1301,1341,63,0,1278,1327,45388,22,-1,0,23,14
2020-09-01,US,Georgia,Hall,7801,128,0,34.32207823,-83.81896936,13139.0,3815.770809182112,1.640815280092296,7673,7714,125,0,7589,7605,202148,87,3,0,84,109
2020-09-01,US,Georgia,Hancock,360,39,0,33.2721566,-82.99766919,13141.0,4256.828662646329,10.833333333333336,321,359,39,0,320,356,8348,1,0,0,1,3
2020-09-01,US,Georgia,Haralson,333,8,0,33.79602175,-85.21005667,13143.0,1117.749731471536,2.4024024024024024,325,332,7,0,325,330,29533,1,1,0,0,2
2020-09-01,US,Georgia,Harris,728,21,0,32.73709786,-84.90538572,13145.0,2066.0687932796004,2.8846153846153846,707,725,21,0,704,723,34475,3,0,0,3,2
2020-09-01,US,Georgia,Hart,420,11,0,34.34626973,-82.96567682,13147.0,1602.7475672581568,2.619047619047619,409,412,10,0,402,408,26099,8,1,0,7,4
2020-09-01,US,Georgia,Heard,172,5,0,33.29686567,-85.12886832,13149.0,1442.5899521932404,2.9069767441860463,167,171,5,0,166,169,11879,1,0,0,1,2
2020-09-01,US,Georgia,Henry,4442,80,0,33.4533428,-84.14814659999998,13151.0,1893.750452973853,1.8009905447996395,4362,4417,78,0,4339,4399,230220,25,2,0,23,18
2020-09-01,US,Georgia,Houston,2647,69,0,32.45802497,-83.66879087,13153.0,1676.770364176533,2.606724593879864,2578,2629,67,0,2562,2616,155469,18,2,0,16,13
2020-09-01,US,Georgia,Irwin,222,4,0,31.60213036,-83.27501387,13155.0,2357.6890399320305,1.8018018018018016,218,221,4,0,217,220,9398,1,0,0,1,1
2020-09-01,US,Georgia,Jackson,1523,26,0,34.13794553,-83.56814788,13157.0,2086.9589048604353,1.707156927117531,1497,1497,25,0,1472,1480,70422,26,1,0,25,17
2020-09-01,US,Georgia,Jasper,195,4,0,33.31535543,-83.68844964,13159.0,1371.404458822702,2.051282051282051,191,195,3,0,192,195,14040,0,1,0,-1,0
2020-09-01,US,Georgia,Jeff Davis,645,11,0,31.80405727,-82.63724870000001,13161.0,4267.284154813099,1.7054263565891472,634,641,11,0,630,639,15029,4,0,0,4,2
2020-09-01,US,Georgia,Jefferson,671,18,0,33.05867328,-82.41609057,13163.0,4367.92084364015,2.6825633383010428,653,661,16,0,645,654,15430,10,2,0,8,7
2020-09-01,US,Georgia,Jenkins,322,25,0,32.79248718,-81.96040187,13165.0,3711.3877362840017,7.763975155279502,297,314,25,0,289,309,8683,8,0,0,8,5
2020-09-01,US,Georgia,Johnson,342,13,0,32.70211082,-82.66166794,13167.0,3546.6141242351964,3.801169590643275,329,336,13,0,323,312,9708,6,0,0,6,24
2020-09-01,US,Georgia,Jones,459,5,0,33.02512137,-83.56019163,13169.0,1597.3551418131199,1.0893246187363834,454,452,5,0,447,449,28616,7,0,0,7,3
2020-09-01,US,Georgia,Lamar,325,16,0,33.07841647,-84.14263877,13171.0,1703.6221628138596,4.9230769230769225,309,323,16,0,307,323,19000,2,0,0,2,0
2020-09-01,US,Georgia,Lanier,265,5,0,31.03828570000001,-83.06472457,13173.0,2542.4541878537852,1.8867924528301887,260,247,5,0,242,247,10340,18,0,0,18,0
2020-09-01,US,Georgia,Laurens,1353,48,0,32.46325233,-82.92221316,13175.0,2845.665250494257,3.547671840354768,1305,1342,47,0,1295,1323,47325,11,1,0,10,19
2020-09-01,US,Georgia,Lee,666,24,0,31.779330600000005,-84.14324253,13177.0,2220.592157908776,3.603603603603604,642,663,24,0,639,660,29764,3,0,0,3,3
2020-09-01,US,Georgia,Liberty,932,18,0,31.82588896,-81.49251135,13179.0,1517.0505412224302,1.931330472103004,914,930,17,0,913,929,61497,2,1,0,1,1
2020-09-01,US,Georgia,Lincoln,196,7,0,33.79201475,-82.45024131,13181.0,2474.435046080041,3.571428571428572,189,196,7,0,189,192,7915,0,0,0,0,4
2020-09-01,US,Georgia,Long,184,3,0,31.75218791,-81.74952375,13183.0,940.7433917889464,1.6304347826086956,181,183,3,0,180,184,18998,1,0,0,1,-1
2020-09-01,US,Georgia,Lowndes,3496,66,0,30.83568832,-83.27056716,13185.0,2977.701309984157,1.8878718535469108,3430,3492,66,0,3426,3468,116321,4,0,0,4,24
2020-09-01,US,Georgia,Lumpkin,719,12,0,34.57286511,-84.00425681,13187.0,2139.2442725379346,1.6689847009735743,707,701,12,0,689,701,32955,18,0,0,18,0
2020-09-01,US,Georgia,Macon,206,10,0,32.35207048,-84.04234127,13193.0,1591.1021858345562,4.854368932038835,196,204,10,0,194,205,13143,2,0,0,2,-1
2020-09-01,US,Georgia,Madison,540,8,0,34.12920917,-83.21218732,13195.0,1807.2289156626507,1.4814814814814814,532,535,8,0,527,532,29650,5,0,0,5,3
2020-09-01,US,Georgia,Marion,171,6,0,32.3483402,-84.52733571,13197.0,2045.6992463213305,3.5087719298245608,165,170,6,0,164,169,8351,1,0,0,1,1
2020-09-01,US,Georgia,McDuffie,521,13,0,33.47851918,-82.48252774,13189.0,2444.632132132132,2.4952015355086368,508,517,13,0,504,512,21531,4,0,0,4,5
2020-09-01,US,Georgia,McIntosh,248,5,0,31.49683595,-81.40163426,13191.0,1724.8574210599527,2.0161290322580645,243,248,5,0,243,245,14340,0,0,0,0,3
2020-09-01,US,Georgia,Meriwether,488,9,0,33.04163534,-84.68859732,13199.0,2305.4755043227665,1.8442622950819672,479,484,9,0,475,481,21068,4,0,0,4,3
2020-09-01,US,Georgia,Miller,216,0,0,31.16568912,-84.73151117,13201.0,3777.544596012592,0.0,216,212,0,0,212,212,5686,4,0,0,4,0
2020-09-01,US,Georgia,Mitchell,714,45,0,31.22483255,-84.19381821,13205.0,3265.791519919498,6.302521008403361,669,710,44,0,666,710,22192,4,1,0,3,0
2020-09-01,US,Georgia,Monroe,597,42,0,33.014289,-83.92097166,13207.0,2164.769018783088,7.035175879396986,555,594,41,0,553,591,27520,3,1,0,2,3
2020-09-01,US,Georgia,Montgomery,217,3,0,32.17201038,-82.53527476,13209.0,2365.896205843873,1.3824884792626728,214,217,3,0,214,213,9193,0,0,0,0,4
2020-09-01,US,Georgia,Morgan,419,2,0,33.59232073,-83.49129491,13211.0,2173.687487030504,0.47732696897374705,417,415,2,0,413,414,18853,4,0,0,4,1
2020-09-01,US,Georgia,Murray,716,3,0,34.78897608,-84.74993177,13213.0,1785.7142857142858,0.4189944134078212,713,713,3,0,710,708,39921,3,0,0,3,5
2020-09-01,US,Georgia,Muscogee,5484,135,0,32.50931999,-84.87142262,13215.0,2801.260669462479,2.461706783369803,5349,5466,134,0,5332,5440,194160,18,1,0,17,26
2020-09-01,US,Georgia,Newton,2325,62,0,33.55514538,-83.84547140000002,13217.0,2080.648625429553,2.6666666666666665,2263,2306,61,0,2245,2295,109541,19,1,0,18,11
2020-09-01,US,Georgia,Oconee,560,20,0,33.83749973,-83.43679568,13219.0,1390.2681231380338,3.571428571428572,540,552,20,0,532,551,39272,8,0,0,8,1
2020-09-01,US,Georgia,Oglethorpe,281,11,0,33.878629600000004,-83.08278123,13221.0,1841.5361426043646,3.9145907473309607,270,281,9,0,272,280,15054,0,2,0,-2,1
2020-09-01,US,Georgia,Out of GA,16153,129,0,0.0,0.0,80013.0,0.0,0.7986132606946078,16024,16233,127,0,16106,16160,,-80,2,0,-82,73
2020-09-01,US,Georgia,Paulding,2300,34,0,33.91969522,-84.86848792,13223.0,1363.6336687081646,1.4782608695652173,2266,2269,34,0,2235,2262,164044,31,0,0,31,7
2020-09-01,US,Georgia,Peach,572,17,0,32.56934316,-83.82937,13225.0,2076.5265374283013,2.9720279720279716,555,567,16,0,551,564,27297,5,1,0,4,3
2020-09-01,US,Georgia,Pickens,525,6,0,34.46589159,-84.46406611,13227.0,1610.874167715013,1.1428571428571428,519,521,6,0,515,517,31980,4,0,0,4,4
2020-09-01,US,Georgia,Pierce,520,13,0,31.35928155,-82.21598442,13229.0,2671.4615977395324,2.5,507,519,12,0,507,518,19389,1,1,0,0,1
2020-09-01,US,Georgia,Pike,280,8,0,33.09310242,-84.38790389,13231.0,1476.6374854973105,2.8571428571428568,272,277,8,0,269,276,18634,3,0,0,3,1
2020-09-01,US,Georgia,Polk,1220,15,0,34.00267074,-85.18677781,13233.0,2862.9760871095673,1.2295081967213115,1205,1216,15,0,1201,1212,42470,4,0,0,4,4
2020-09-01,US,Georgia,Pulaski,223,7,0,32.23334561,-83.47549959999998,13235.0,2002.3345604740955,3.1390134529147984,216,223,7,0,216,210,11069,0,0,0,0,13
2020-09-01,US,Georgia,Putnam,616,20,0,33.32056115,-83.37552891,13237.0,2784.9360278493605,3.2467532467532467,596,611,20,0,591,610,21809,5,0,0,5,1
2020-09-01,US,Georgia,Quitman,31,1,0,31.86728114,-85.01773177,13239.0,1348.4123531970422,3.2258064516129035,30,31,1,0,30,33,2279,0,0,0,0,-2
2020-09-01,US,Georgia,Rabun,283,6,0,34.88389445,-83.40304637,13241.0,1651.3975608332846,2.120141342756184,277,278,5,0,273,278,16867,5,1,0,4,0
2020-09-01,US,Georgia,Randolph,314,27,0,31.76622818,-84.75732369,13243.0,4632.634995573916,8.598726114649683,287,312,27,0,285,310,6833,2,0,0,2,2
2020-09-01,US,Georgia,Richmond,6062,131,0,33.35777107,-82.07026432,13245.0,2993.3141745425096,2.1610029693170567,5931,6040,126,0,5914,5965,201554,22,5,0,17,75
2020-09-01,US,Georgia,Rockdale,1665,33,0,33.65145002,-84.02202167,13247.0,1831.7637739834533,1.981981981981982,1632,1651,32,0,1619,1638,90594,14,1,0,13,13
2020-09-01,US,Georgia,Schley,95,2,0,32.2654021,-84.31258912,13249.0,1807.1143237587976,2.1052631578947367,93,94,2,0,92,94,5236,1,0,0,1,0
2020-09-01,US,Georgia,Screven,295,9,0,32.74976524,-81.60779441,13251.0,2112.2726621795787,3.0508474576271185,286,293,9,0,284,281,13938,2,0,0,2,12
2020-09-01,US,Georgia,Seminole,295,8,0,30.93464824,-84.86823924,13253.0,3646.477132262052,2.7118644067796613,287,285,8,0,277,282,8315,10,0,0,10,3
2020-09-01,US,Georgia,Spalding,1182,51,0,33.26310031,-84.28013991,13255.0,1772.0342413384706,4.314720812182741,1131,1172,50,0,1122,1163,66100,10,1,0,9,9
2020-09-01,US,Georgia,Stephens,853,27,0,34.55151201,-83.29405315,13257.0,3290.260366441659,3.165298944900352,826,845,27,0,818,820,26035,8,0,0,8,25
2020-09-01,US,Georgia,Stewart,356,11,0,32.07996777,-84.83208037,13259.0,5376.83129436641,3.0898876404494384,345,355,11,0,344,354,6199,1,0,0,1,1
2020-09-01,US,Georgia,Sumter,861,60,0,32.03650571,-84.19821492,13261.0,2916.2715079257555,6.968641114982578,801,856,59,0,797,852,29733,5,1,0,4,4
2020-09-01,US,Georgia,Talbot,155,5,0,32.69642758,-84.53351366,13263.0,2502.0177562550443,3.2258064516129035,150,154,5,0,149,154,6272,1,0,0,1,0
2020-09-01,US,Georgia,Taliaferro,19,0,0,33.56543317,-82.88136816,13265.0,1236.174365647365,0.0,19,19,0,0,19,19,1608,0,0,0,0,0
2020-09-01,US,Georgia,Tattnall,685,7,0,32.04785085,-82.05539188,13267.0,2709.0089377521163,1.0218978102189782,678,676,7,0,669,671,25391,9,0,0,9,5
2020-09-01,US,Georgia,Taylor,160,7,0,32.55792548,-84.25077141,13269.0,1995.0124688279307,4.375,153,157,7,0,150,156,8039,3,0,0,3,1
2020-09-01,US,Georgia,Telfair,349,13,0,31.92829517,-82.93491155,13271.0,2200.504413619168,3.7249283667621778,336,348,13,0,335,347,15876,1,0,0,1,1
2020-09-01,US,Georgia,Terrell,320,31,0,31.77527543,-84.44069698,13273.0,3751.0256710819363,9.6875,289,319,31,0,288,318,8611,1,0,0,1,1
2020-09-01,US,Georgia,Thomas,1413,49,0,30.86392347,-83.91847289,13275.0,3178.781129783357,3.4677990092002835,1364,1407,49,0,1358,1396,44448,6,0,0,6,11
2020-09-01,US,Georgia,Tift,1511,49,0,31.45743864,-83.5236119,13277.0,3717.645900993997,3.2428855062872275,1462,1501,49,0,1452,1499,40571,10,0,0,10,2
2020-09-01,US,Georgia,Toombs,1080,19,0,32.12059861,-82.32957247,13279.0,4025.344763324637,1.7592592592592593,1061,1072,18,0,1054,1056,26887,8,1,0,7,16
2020-09-01,US,Georgia,Towns,213,6,0,34.91369188,-83.74107459999998,13281.0,1769.5439062889425,2.8169014084507036,207,209,6,0,203,204,11852,4,0,0,4,5
2020-09-01,US,Georgia,Treutlen,215,5,0,32.40422134,-82.56904553,13283.0,3115.490508621939,2.3255813953488373,210,208,4,0,204,204,6809,7,1,0,6,4
2020-09-01,US,Georgia,Troup,2602,85,0,33.03349196,-85.02812115,13285.0,3721.289436801007,3.2667179093005383,2517,2589,84,0,2505,2588,70034,13,1,0,12,1
2020-09-01,US,Georgia,Turner,279,21,0,31.71612656,-83.62069378,13287.0,3494.051346274264,7.526881720430107,258,277,20,0,257,277,7912,2,1,0,1,0
2020-09-01,US,Georgia,Twiggs,166,7,0,32.67435595,-83.43078662,13289.0,2044.334975369458,4.216867469879518,159,166,7,0,159,165,8188,0,0,0,0,1
2020-09-01,US,Georgia,Unassigned,2480,4,0,0.0,0.0,90013.0,0.0,0.16129032258064516,2476,2470,4,0,2466,2598,,10,0,0,10,-128
2020-09-01,US,Georgia,Union,488,11,0,34.82995757,-83.98967069,13291.0,1990.9428419893106,2.2540983606557377,477,480,10,0,470,474,24001,8,1,0,7,6
2020-09-01,US,Georgia,Upson,664,57,0,32.87920671,-84.30024826,13293.0,2522.796352583587,8.58433734939759,607,661,55,0,606,659,26215,3,2,0,1,2
2020-09-01,US,Georgia,Walker,1046,22,0,34.73376362,-85.30165174,13295.0,1499.4051117386505,2.103250478011472,1024,1025,22,0,1003,1025,69410,21,0,0,21,0
2020-09-01,US,Georgia,Walton,1506,48,0,33.78017694,-83.73552314,13297.0,1592.0839808442483,3.187250996015936,1458,1466,47,0,1419,1458,93503,40,1,0,39,8
2020-09-01,US,Georgia,Ware,1347,45,0,31.05449097,-82.42224148,13299.0,3769.519225387586,3.3407572383073503,1302,1340,44,0,1296,1333,35680,7,1,0,6,7
2020-09-01,US,Georgia,Warren,120,5,0,33.41146451,-82.67795848,13301.0,2283.9741149600304,4.166666666666667,115,117,5,0,112,117,5251,3,0,0,3,0
2020-09-01,US,Georgia,Washington,617,4,0,32.96711864,-82.79357039,13303.0,3028.3694905271423,0.6482982171799028,613,614,4,0,610,609,20386,3,0,0,3,5
2020-09-01,US,Georgia,Wayne,967,25,0,31.5521809,-81.91894878,13305.0,3231.1959100477834,2.5853154084798344,942,957,25,0,932,954,29808,10,0,0,10,3
2020-09-01,US,Georgia,Webster,38,2,0,32.04066113,-84.54742852,13307.0,1457.6141158419641,5.2631578947368425,36,38,2,0,36,38,2611,0,0,0,0,0
2020-09-01,US,Georgia,Wheeler,149,6,0,32.12009104,-82.72574721,13309.0,1896.8809675366006,4.026845637583893,143,149,5,0,144,147,7879,0,1,0,-1,2
2020-09-01,US,Georgia,White,529,13,0,34.64624278,-83.74905525,13311.0,1717.6440028573286,2.457466918714556,516,517,13,0,504,511,29970,12,0,0,12,6
2020-09-01,US,Georgia,Whitfield,4002,53,0,34.80987459,-84.96093476,13313.0,3824.9799288909276,1.3243378310844578,3949,3989,51,0,3938,3971,104062,13,2,0,11,18
2020-09-01,US,Georgia,Wilcox,224,20,0,31.97496928,-83.43438555,13315.0,2594.093804284887,8.928571428571429,204,222,20,0,202,222,8812,2,0,0,2,0
2020-09-01,US,Georgia,Wilkes,225,3,0,33.78290391,-82.74286107,13317.0,2301.319423135931,1.3333333333333333,222,225,3,0,222,222,9876,0,0,0,0,3
2020-09-01,US,Georgia,Wilkinson,291,17,0,32.80291082,-83.17140684,13319.0,3249.944159035068,5.841924398625428,274,291,17,0,274,290,9036,0,0,0,0,1
2020-09-01,US,Georgia,Worth,504,29,0,31.55162306,-83.85090513,13321.0,2489.2576678026376,5.753968253968254,475,498,28,0,470,497,20299,6,1,0,5,1
2020-09-01,US,Hawaii,Hawaii,383,3,0,19.60121157,-155.5210167,15001.0,190.06217961124096,0.783289817232376,380,364,2,0,362,340,200983,19,1,0,18,24
2020-09-01,US,Hawaii,Honolulu,7848,62,0,21.45803166,-157.97121819999995,15003.0,805.2840093457272,0.7900101936799184,7786,7691,59,0,7632,7584,980080,157,3,0,154,107
2020-09-01,US,Hawaii,Kauai,57,0,0,22.03935037,-159.5966786,15007.0,78.84580803120635,0.0,57,57,0,0,57,57,72133,0,0,0,0,0
2020-09-01,US,Hawaii,Maui,340,8,0,20.86399628,-156.56890969999995,15009.0,203.08570814194496,2.3529411764705883,332,335,8,0,327,334,167207,5,0,0,5,1
2020-09-01,US,Hawaii,Out of HI,25,1,0,0.0,0.0,80015.0,0.0,4.0,24,25,1,0,24,24,,0,0,0,0,1
2020-09-01,US,Idaho,Ada,11267,127,0,43.4526575,-116.24155159999998,16001.0,2339.5565079622165,1.1271855862252596,11140,11176,125,0,11051,11109,469966,91,2,0,89,67
2020-09-01,US,Idaho,Adams,25,0,0,44.89333571,-116.4545247,16003.0,582.2077317186772,0.0,25,25,0,0,25,25,4250,0,0,0,0,0
2020-09-01,US,Idaho,Bannock,624,2,0,42.67002716,-112.2233311,16005.0,710.6413994169096,0.3205128205128205,622,619,2,0,617,612,87138,5,0,0,5,7
2020-09-01,US,Idaho,Bear Lake,30,0,0,42.28269683,-111.32892379999998,16007.0,489.79591836734687,0.0,30,30,0,0,30,30,6050,0,0,0,0,0
2020-09-01,US,Idaho,Benewah,111,1,0,47.21754179,-116.6586851,16009.0,1247.5801247580125,0.9009009009009008,110,111,1,0,110,110,9226,0,0,0,0,1
2020-09-01,US,Idaho,Bingham,451,5,0,43.21672879999999,-112.3978437,16011.0,963.4487620431096,1.1086474501108647,446,451,5,0,446,446,46236,0,0,0,0,5
2020-09-01,US,Idaho,Blaine,606,6,0,43.4085812,-113.9752658,16013.0,2632.379132096781,0.99009900990099,600,606,6,0,600,605,22601,0,0,0,0,1
2020-09-01,US,Idaho,Boise,62,1,0,43.98829931,-115.7309284,16015.0,791.7251947388584,1.6129032258064515,61,61,1,0,60,61,7634,1,0,0,1,0
2020-09-01,US,Idaho,Bonner,215,0,0,48.29996017,-116.6017932,16017.0,470.05837469118256,0.0,215,213,0,0,213,213,44727,2,0,0,2,0
2020-09-01,US,Idaho,Bonneville,1817,11,0,43.38713372,-111.6161537,16019.0,1526.0956476457645,0.6053935057787562,1806,1777,10,0,1767,1755,116854,40,1,0,39,22
2020-09-01,US,Idaho,Boundary,44,1,0,48.76684761,-116.4630179,16021.0,359.3303389138424,2.272727272727273,43,43,1,0,42,43,11948,1,0,0,1,0
2020-09-01,US,Idaho,Butte,12,0,0,43.72592209,-113.1735463,16023.0,462.0716211012707,0.0,12,11,0,0,11,10,2611,1,0,0,1,1
2020-09-01,US,Idaho,Camas,4,0,0,43.46665742,-114.8065892,16025.0,361.6636528028933,0.0,4,4,0,0,4,4,1127,0,0,0,0,0
2020-09-01,US,Idaho,Canyon,7261,80,0,43.61970148,-116.70954990000001,16027.0,3159.030493932973,1.1017766147913508,7181,7222,78,0,7144,7205,223499,39,2,0,37,17
2020-09-01,US,Idaho,Caribou,40,0,0,42.77149116,-111.5597683,16029.0,559.0496156533892,0.0,40,40,0,0,40,39,7060,0,0,0,0,1
2020-09-01,US,Idaho,Cassia,584,4,0,42.28347888,-113.6012409,16031.0,2430.295464003329,0.6849315068493149,580,581,4,0,577,581,23864,3,0,0,3,0
2020-09-01,US,Idaho,Clark,21,0,0,44.28496071,-112.35057040000001,16033.0,2485.207100591716,0.0,21,21,0,0,21,21,852,0,0,0,0,0
2020-09-01,US,Idaho,Clearwater,21,0,0,46.67459924,-115.6622393,16035.0,239.83554134307903,0.0,21,21,0,0,21,21,8758,0,0,0,0,0
2020-09-01,US,Idaho,Custer,37,0,0,44.24186819,-114.2855494,16037.0,857.4739281575899,0.0,37,36,0,0,36,32,4280,1,0,0,1,4
2020-09-01,US,Idaho,Elmore,288,3,0,43.3507101,-115.4701578,16039.0,1046.853985678456,1.0416666666666667,285,281,3,0,278,279,27259,7,0,0,7,2
2020-09-01,US,Idaho,Franklin,57,0,0,42.18332217,-111.81496659999999,16041.0,410.7812049582012,0.0,57,57,0,0,57,56,13726,0,0,0,0,1
2020-09-01,US,Idaho,Fremont,115,2,0,44.22800938,-111.48099429999999,16043.0,877.9296129475532,1.7391304347826086,113,113,2,0,111,112,13168,2,0,0,2,1
2020-09-01,US,Idaho,Gem,212,2,0,44.06482372,-116.398376,16045.0,1170.494699646643,0.9433962264150944,210,210,2,0,208,210,17634,2,0,0,2,0
2020-09-01,US,Idaho,Gooding,232,1,0,42.96927962,-114.81083059999999,16047.0,1528.427432637196,0.4310344827586207,231,231,1,0,230,227,15196,1,0,0,1,4
2020-09-01,US,Idaho,Idaho,43,0,0,45.84721541,-115.4634436,16049.0,257.994840103198,0.0,43,42,0,0,42,40,16513,1,0,0,1,2
2020-09-01,US,Idaho,Jefferson,362,1,0,43.82078483,-112.3131749,16051.0,1211.8777409527636,0.27624309392265195,361,352,1,0,351,349,29439,10,0,0,10,3
2020-09-01,US,Idaho,Jerome,603,6,0,42.68891267,-114.2655033,16053.0,2470.096673767,0.9950248756218906,597,601,6,0,595,597,24015,2,0,0,2,4
2020-09-01,US,Idaho,Kootenai,2200,30,0,47.67282258,-116.7020872,16055.0,1327.7247023180867,1.3636363636363635,2170,2187,29,0,2158,2170,161505,13,1,0,12,17
2020-09-01,US,Idaho,Latah,245,0,0,46.81587887,-116.71136979999999,16057.0,610.8507031016256,0.0,245,242,0,0,242,233,40134,3,0,0,3,9
2020-09-01,US,Idaho,Lemhi,70,0,0,44.9438088,-113.9309747,16059.0,872.0568082720818,0.0,70,70,0,0,70,70,7961,0,0,0,0,0
2020-09-01,US,Idaho,Lincoln,67,0,0,43.0012336,-114.1358773,16063.0,1248.602310846068,0.0,67,67,0,0,67,67,5360,0,0,0,0,0
2020-09-01,US,Idaho,Madison,252,0,0,43.78141028,-111.65384740000002,16065.0,631.4681634800912,0.0,252,240,0,0,240,237,39304,12,0,0,12,3
2020-09-01,US,Idaho,Minidoka,556,2,0,42.85518524,-113.6357257,16067.0,2642.711155473169,0.3597122302158273,554,553,2,0,551,553,20825,3,0,0,3,0
2020-09-01,US,Idaho,Nez Perce,301,19,0,46.32638236,-116.75009750000001,16069.0,744.9019996040387,6.312292358803988,282,298,19,0,279,284,40408,3,0,0,3,14
2020-09-01,US,Idaho,Oneida,21,0,0,42.19494279999999,-112.5407838,16071.0,463.4738468329287,0.0,21,21,0,0,21,21,4488,0,0,0,0,0
2020-09-01,US,Idaho,Owyhee,305,5,0,42.58016894,-116.16938710000001,16073.0,2579.717499788548,1.639344262295082,300,304,5,0,299,303,11693,1,0,0,1,1
2020-09-01,US,Idaho,Payette,690,4,0,44.00545243,-116.7647695,16075.0,2880.8818003423658,0.5797101449275363,686,672,4,0,668,663,23551,18,0,0,18,9
2020-09-01,US,Idaho,Power,119,0,0,42.69254894,-112.83957420000002,16077.0,1549.2774378336155,0.0,119,119,0,0,119,113,7768,0,0,0,0,6
2020-09-01,US,Idaho,Shoshone,197,15,0,47.35364087,-115.89167490000001,16079.0,1529.265641981059,7.614213197969542,182,197,15,0,182,196,12796,0,0,0,0,1
2020-09-01,US,Idaho,Teton,126,0,0,43.75303583,-111.2056773,16081.0,1037.7203096689177,0.0,126,126,0,0,126,125,11640,0,0,0,0,1
2020-09-01,US,Idaho,Twin Falls,1689,34,0,42.35440512,-114.6685381,16083.0,1944.1055272911442,2.0130254588513914,1655,1685,34,0,1651,1673,86081,4,0,0,4,12
2020-09-01,US,Idaho,Unassigned,3,0,0,0.0,0.0,90016.0,0.0,0.0,3,3,0,0,3,3,,0,0,0,0,0
2020-09-01,US,Idaho,Valley,84,1,0,44.76728382,-115.5676773,16085.0,737.3595505617978,1.1904761904761905,83,84,1,0,83,84,11041,0,0,0,0,0
2020-09-01,US,Idaho,Washington,284,4,0,44.45275475,-116.78476880000001,16087.0,2785.952521090837,1.4084507042253518,280,278,4,0,274,271,10161,6,0,0,6,7
2020-09-01,US,Illinois,Adams,786,8,0,39.98815591,-91.18786813,17001.0,1201.192022617865,1.0178117048346056,778,771,7,0,764,769,65691,15,1,0,14,2
2020-09-01,US,Illinois,Alexander,44,0,0,37.18049267,-89.32910838,17003.0,763.7562923103627,0.0,44,44,0,0,44,44,6060,0,0,0,0,0
2020-09-01,US,Illinois,Bond,154,3,0,38.88829622,-89.43534887,17005.0,937.5380494338243,1.9480519480519483,151,144,3,0,141,143,16630,10,0,0,10,1
2020-09-01,US,Illinois,Boone,873,23,0,42.32359279,-88.82345779,17007.0,1630.4347826086953,2.6345933562428407,850,865,23,0,842,860,53577,8,0,0,8,5
2020-09-01,US,Illinois,Brown,20,0,0,39.96209138,-90.75068024,17009.0,304.04378230465187,0.0,20,20,0,0,20,20,6556,0,0,0,0,0
2020-09-01,US,Illinois,Bureau,378,9,0,41.40385234,-89.5283051,17011.0,1158.5141596175065,2.380952380952381,369,370,7,0,363,360,32993,8,2,0,6,10
2020-09-01,US,Illinois,Calhoun,26,0,0,39.16840183,-90.66330078,17013.0,548.638953365689,0.0,26,26,0,0,26,26,4802,0,0,0,0,0
2020-09-01,US,Illinois,Carroll,135,4,0,42.06823429,-89.93395545,17015.0,943.7259699405804,2.962962962962963,131,134,4,0,130,133,14312,1,0,0,1,1
2020-09-01,US,Illinois,Cass,299,11,0,39.96991073,-90.24734436,17017.0,2461.513130814193,3.6789297658862883,288,299,11,0,288,297,12260,0,0,0,0,2
2020-09-01,US,Illinois,Champaign,2498,20,0,40.13919438,-88.20046615,17019.0,1191.2880503984472,0.800640512409928,2478,2462,20,0,2442,2423,209983,36,0,0,36,39
2020-09-01,US,Illinois,Christian,244,5,0,39.54581621,-89.27780482,17021.0,755.3244180287271,2.0491803278688523,239,232,4,0,228,231,32661,12,1,0,11,1
2020-09-01,US,Illinois,Clark,116,2,0,39.33425789,-87.78705622,17023.0,751.2466809144487,1.7241379310344829,114,116,2,0,114,116,15596,0,0,0,0,0
2020-09-01,US,Illinois,Clay,84,0,0,38.75388572,-88.48914513,17025.0,637.1359223300973,0.0,84,80,0,0,80,78,13253,4,0,0,4,2
2020-09-01,US,Illinois,Clinton,740,17,0,38.60704876,-89.42385254,17027.0,1970.0761407805758,2.2972972972972974,723,715,17,0,698,692,37639,25,0,0,25,23
2020-09-01,US,Illinois,Coles,986,22,0,39.51949084,-88.22358557,17029.0,1947.8082218841987,2.231237322515213,964,974,21,0,953,952,50885,12,1,0,11,22
2020-09-01,US,Illinois,Cook,126992,5065,0,41.84144849,-87.81658794,17031.0,2465.752520322867,3.988440216706564,121927,126577,5058,0,121519,126003,5180493,415,7,0,408,574
2020-09-01,US,Illinois,Crawford,80,0,0,39.0032229,-87.75954624,17033.0,428.5637756468634,0.0,80,78,0,0,78,77,18807,2,0,0,2,1
2020-09-01,US,Illinois,Cumberland,140,3,0,39.27432424,-88.2401158,17035.0,1300.3901170351105,2.142857142857143,137,140,3,0,137,137,10808,0,0,0,0,3
2020-09-01,US,Illinois,De Witt,44,1,0,40.17514519,-88.90959682,17039.0,281.3659035682312,2.272727272727273,43,43,1,0,42,42,15769,1,0,0,1,1
2020-09-01,US,Illinois,DeKalb,1127,36,0,41.89373302,-88.76958483,17037.0,1074.3872560702403,3.194321206743567,1091,1110,35,0,1075,1103,104143,17,1,0,16,7
2020-09-01,US,Illinois,Douglas,223,5,0,39.76768052,-88.21854195,17041.0,1145.6460313382995,2.242152466367713,218,222,5,0,217,217,19479,1,0,0,1,5
2020-09-01,US,Illinois,DuPage,14679,534,0,41.85116968,-88.08642662,17043.0,1590.4936608875516,3.63784998978132,14145,14615,533,0,14082,14493,928589,64,1,0,63,122
2020-09-01,US,Illinois,Edgar,84,0,0,39.6809186,-87.74759563,17045.0,489.48196492045923,0.0,84,83,0,0,83,83,17360,1,0,0,1,0
2020-09-01,US,Illinois,Edwards,42,0,0,38.41353228,-88.05720863,17047.0,656.7630961688819,0.0,42,39,0,0,39,39,6392,3,0,0,3,0
2020-09-01,US,Illinois,Effingham,549,1,0,39.05935711,-88.58969584,17049.0,1614.326040931545,0.18214936247723126,548,535,1,0,534,523,34208,14,0,0,14,12
2020-09-01,US,Illinois,Fayette,172,3,0,39.00072038,-89.02452658,17051.0,806.1492313460817,1.7441860465116281,169,169,3,0,166,165,21416,3,0,0,3,4
2020-09-01,US,Illinois,Ford,71,2,0,40.59706922,-88.22350769,17053.0,547.7972378674485,2.8169014084507036,69,70,2,0,68,70,13264,1,0,0,1,0
2020-09-01,US,Illinois,Franklin,345,1,0,37.99189086,-88.92567818,17055.0,896.8260157529439,0.2898550724637681,344,343,1,0,342,337,38701,2,0,0,2,6
2020-09-01,US,Illinois,Fulton,89,0,0,40.47289135,-90.20862357,17057.0,259.1729761211415,0.0,89,86,0,0,86,84,34844,3,0,0,3,2
2020-09-01,US,Illinois,Gallatin,63,2,0,37.76430935,-88.22953869,17059.0,1304.8881524440762,3.1746031746031744,61,63,2,0,61,62,5058,0,0,0,0,1
2020-09-01,US,Illinois,Greene,115,1,0,39.35907414,-90.388865,17061.0,886.729894363482,0.8695652173913043,114,115,1,0,114,105,13044,0,0,0,0,10
2020-09-01,US,Illinois,Grundy,483,5,0,41.28569601,-88.41905692,17063.0,946.0571159948288,1.0351966873706004,478,481,5,0,476,474,50972,2,0,0,2,7
2020-09-01,US,Illinois,Hamilton,45,0,0,38.08163641,-88.53883373,17065.0,554.4603252833908,0.0,45,45,0,0,45,45,8163,0,0,0,0,0
2020-09-01,US,Illinois,Hancock,140,2,0,40.40423981,-91.16313899,17067.0,790.6031172351477,1.4285714285714286,138,138,2,0,136,136,17844,2,0,0,2,2
2020-09-01,US,Illinois,Hardin,19,0,0,37.51810645,-88.26873022,17069.0,497.25202826485213,0.0,19,18,0,0,18,18,3910,1,0,0,1,0
2020-09-01,US,Illinois,Henderson,45,0,0,40.81908672,-90.92491462,17071.0,677.0990069214565,0.0,45,45,0,0,45,44,6709,0,0,0,0,1
2020-09-01,US,Illinois,Henry,468,1,0,41.3533994,-90.13296166,17073.0,956.8008504896447,0.21367521367521367,467,465,1,0,464,460,49090,3,0,0,3,5
2020-09-01,US,Illinois,Iroquois,306,19,0,40.74717633,-87.82466784,17075.0,1128.5682673157778,6.209150326797387,287,298,19,0,279,296,27604,8,0,0,8,2
2020-09-01,US,Illinois,Jackson,951,22,0,37.78595185,-89.38232563,17077.0,1675.770925110132,2.3133543638275498,929,929,21,0,908,915,57419,22,1,0,21,14
2020-09-01,US,Illinois,Jasper,132,7,0,39.01054275,-88.15437049,17079.0,1373.5691987513007,5.303030303030303,125,129,7,0,122,124,9611,3,0,0,3,5
2020-09-01,US,Illinois,Jefferson,462,34,0,38.29980057,-88.9240025,17081.0,1225.984502706719,7.359307359307358,428,457,34,0,423,455,37820,5,0,0,5,2
2020-09-01,US,Illinois,Jersey,278,6,0,39.08869046,-90.35393073,17083.0,1276.810728884398,2.1582733812949644,272,276,6,0,270,275,21847,2,0,0,2,1
2020-09-01,US,Illinois,Jo Daviess,177,2,0,42.36542373,-90.21094405,17085.0,833.5295502707794,1.1299435028248588,175,176,2,0,174,173,21366,1,0,0,1,3
2020-09-01,US,Illinois,Johnson,117,0,0,37.45939802,-88.88165419,17087.0,942.2565837158734,0.0,117,116,0,0,116,115,12456,1,0,0,1,1
2020-09-01,US,Illinois,Kane,11285,313,0,41.93842729,-88.42861412,17089.0,2119.6349381953146,2.7735932653965443,10972,11204,312,0,10892,11155,534216,81,1,0,80,49
2020-09-01,US,Illinois,Kankakee,2256,71,0,41.13746989,-87.86205334,17091.0,2053.4852815350173,3.1471631205673765,2185,2237,71,0,2166,2216,110024,19,0,0,19,21
2020-09-01,US,Illinois,Kendall,1660,23,0,41.59081014,-88.42869583,17093.0,1286.9214667803706,1.3855421686746987,1637,1653,23,0,1630,1644,127915,7,0,0,7,9
2020-09-01,US,Illinois,Knox,459,3,0,40.93148779,-90.21330340000002,17095.0,923.5598301776697,0.6535947712418301,456,458,3,0,455,449,50112,1,0,0,1,9
2020-09-01,US,Illinois,LaSalle,1273,48,0,41.34426129999999,-88.88633881,17099.0,1171.4472388629692,3.7706205813040063,1225,1256,45,0,1211,1237,109430,17,3,0,14,19
2020-09-01,US,Illinois,Lake,14639,467,0,42.3224907,-88.00367925,17097.0,2101.689075207994,3.1901086139763644,14172,14594,466,0,14128,14522,700832,45,1,0,44,72
2020-09-01,US,Illinois,Lawrence,136,0,0,38.71987914,-87.72884035,17101.0,867.4575838754944,0.0,136,137,0,0,137,135,15765,-1,0,0,-1,2
2020-09-01,US,Illinois,Lee,243,1,0,41.74583951,-89.29977132,17103.0,712.6935710933832,0.41152263374485604,242,244,1,0,243,241,34223,-1,0,0,-1,3
2020-09-01,US,Illinois,Livingston,199,4,0,40.89188292,-88.55784752,17105.0,558.2360861759425,2.010050251256281,195,193,4,0,189,189,35761,6,0,0,6,4
2020-09-01,US,Illinois,Logan,265,1,0,40.12581572,-89.36638784,17107.0,925.9906352645187,0.37735849056603776,264,263,1,0,262,260,28925,2,0,0,2,3
2020-09-01,US,Illinois,Macon,988,27,0,39.86064913,-88.96342505,17115.0,949.9177955753827,2.7327935222672064,961,942,26,0,916,936,104712,46,1,0,45,6
2020-09-01,US,Illinois,Macoupin,352,4,0,39.26119767,-89.92424028,17117.0,783.5106619774741,1.1363636363636365,348,349,3,0,346,345,45313,3,1,0,2,4
2020-09-01,US,Illinois,Madison,4102,100,0,38.83042506,-89.90422563,17119.0,1559.8974772404038,2.4378352023403216,4002,4040,98,0,3942,3982,264461,62,2,0,60,58
2020-09-01,US,Illinois,Marion,278,0,0,38.64963204,-88.91899208,17121.0,747.2113963176993,0.0,278,272,0,0,272,266,37620,6,0,0,6,6
2020-09-01,US,Illinois,Marshall,53,0,0,41.0327901,-89.34510444,17123.0,463.36772162965553,0.0,53,51,0,0,51,46,11534,2,0,0,2,5
2020-09-01,US,Illinois,Mason,87,1,0,40.23917274,-89.91824452,17125.0,651.2463507747586,1.1494252873563218,86,86,1,0,85,84,13565,1,0,0,1,2
2020-09-01,US,Illinois,Massac,65,1,0,37.22078441,-88.71036614,17127.0,471.9721173395295,1.5384615384615383,64,65,1,0,64,65,14080,0,0,0,0,0
2020-09-01,US,Illinois,McDonough,215,15,0,40.45674722,-90.67775541,17109.0,724.3447207061519,6.9767441860465125,200,203,15,0,188,196,29955,12,0,0,12,7
2020-09-01,US,Illinois,McHenry,3881,115,0,42.32451172,-88.45248227,17111.0,1260.990207100015,2.963153826333419,3766,3855,115,0,3740,3834,308570,26,0,0,26,21
2020-09-01,US,Illinois,McLean,1869,16,0,40.48996987,-88.84621113,17113.0,1089.6879026568795,0.8560727661851257,1853,1788,16,0,1772,1674,172828,81,0,0,81,114
2020-09-01,US,Illinois,Menard,70,0,0,40.02742725,-89.80246001,17129.0,573.9586749754018,0.0,70,70,0,0,70,68,12288,0,0,0,0,2
2020-09-01,US,Illinois,Mercer,103,5,0,41.20596782,-90.74290052,17131.0,667.2280883591371,4.854368932038835,98,100,4,0,96,99,15601,3,1,0,2,1
2020-09-01,US,Illinois,Monroe,461,14,0,38.27594376,-90.17761038,17133.0,1330.946675520397,3.0368763557483733,447,454,14,0,440,448,34335,7,0,0,7,6
2020-09-01,US,Illinois,Montgomery,251,8,0,39.23198845,-89.47809254,17135.0,883.3673541212079,3.187250996015936,243,252,8,0,244,248,28601,-1,0,0,-1,4
2020-09-01,US,Illinois,Morgan,495,20,0,39.71654544,-90.20255104,17137.0,1470.6756194663974,4.040404040404041,475,481,18,0,463,481,33976,14,2,0,12,0
2020-09-01,US,Illinois,Moultrie,162,2,0,39.64187451,-88.62099969,17139.0,1117.1643334942419,1.2345679012345678,160,161,1,0,160,156,14717,1,1,0,0,5
2020-09-01,US,Illinois,Ogle,483,5,0,42.04165196,-89.32184679,17141.0,953.7349683075647,1.0351966873706004,478,476,5,0,471,473,50923,7,0,0,7,3
2020-09-01,US,Illinois,Out of IL,2,0,0,0.0,0.0,80017.0,0.0,0.0,2,2,0,0,2,2,,0,0,0,0,0
2020-09-01,US,Illinois,Peoria,2414,40,0,40.78702156,-89.76078901,17143.0,1347.256095859448,1.6570008285004143,2374,2406,40,0,2366,2382,180621,8,0,0,8,24
2020-09-01,US,Illinois,Perry,294,9,0,38.08510853,-89.36856219,17145.0,1405.6224899598394,3.0612244897959178,285,291,9,0,282,287,21174,3,0,0,3,4
2020-09-01,US,Illinois,Piatt,80,0,0,40.01360584,-88.59319339,17147.0,489.47626040137055,0.0,80,79,0,0,79,78,16396,1,0,0,1,1
2020-09-01,US,Illinois,Pike,73,0,0,39.62265059,-90.8877017,17149.0,469.12152175310064,0.0,73,72,0,0,72,71,15611,1,0,0,1,1
2020-09-01,US,Illinois,Pope,19,1,0,37.41391284,-88.56152109,17151.0,454.87191764424233,5.2631578947368425,18,19,1,0,18,19,4212,0,0,0,0,0
2020-09-01,US,Illinois,Pulaski,125,1,0,37.22631423,-89.13085001,17153.0,2343.017806935333,0.8,124,121,1,0,120,121,5463,4,0,0,4,0
2020-09-01,US,Illinois,Putnam,20,0,0,41.2013541,-89.2869272,17155.0,348.4927687750479,0.0,20,20,0,0,20,19,5740,0,0,0,0,1
2020-09-01,US,Illinois,Randolph,748,7,0,38.05095369,-89.82512254,17157.0,2353.533446604997,0.9358288770053476,741,739,7,0,732,730,32106,9,0,0,9,9
2020-09-01,US,Illinois,Richland,65,3,0,38.71240969,-88.08475366,17159.0,419.003416489396,4.615384615384615,62,63,3,0,60,62,15763,2,0,0,2,1
2020-09-01,US,Illinois,Rock Island,2228,57,0,41.46613806,-90.57042164,17161.0,1570.3522015238336,2.55834829443447,2171,2212,54,0,2158,2189,143477,16,3,0,13,23
2020-09-01,US,Illinois,Saline,164,3,0,37.75332999,-88.54119706,17165.0,698.1397130816057,1.8292682926829267,161,164,3,0,161,162,23906,0,0,0,0,2
2020-09-01,US,Illinois,Sangamon,1804,39,0,39.75836914,-89.65872023,17167.0,926.6869400838333,2.161862527716186,1765,1784,37,0,1747,1751,195348,20,2,0,18,33
2020-09-01,US,Illinois,Schuyler,23,0,0,40.157179799999994,-90.61114163,17169.0,339.83451536643025,0.0,23,21,0,0,21,21,6907,2,0,0,2,0
2020-09-01,US,Illinois,Scott,46,0,0,39.642916899999996,-90.47814431,17171.0,929.1052312664107,0.0,46,46,0,0,46,45,4926,0,0,0,0,1
2020-09-01,US,Illinois,Shelby,210,3,0,39.39133527,-88.80611122,17173.0,970.6942775261164,1.4285714285714286,207,201,3,0,198,194,21741,9,0,0,9,7
2020-09-01,US,Illinois,St. Clair,5347,170,0,38.46996033,-89.93063427,17163.0,2059.0251303497307,3.179352908172808,5177,5264,170,0,5094,5244,261059,83,0,0,83,20
2020-09-01,US,Illinois,Stark,24,0,0,41.09309773,-89.79745866,17175.0,449.2699363534257,0.0,24,24,0,0,24,22,5427,0,0,0,0,2
2020-09-01,US,Illinois,Stephenson,381,6,0,42.35129217,-89.662598,17177.0,856.2182570003148,1.5748031496062993,375,380,6,0,374,378,44753,1,0,0,1,2
2020-09-01,US,Illinois,Tazewell,1109,10,0,40.50716185,-89.51404662,17179.0,841.4072517317512,0.9017132551848512,1099,1089,9,0,1080,1068,132328,20,1,0,19,21
2020-09-01,US,Illinois,Unassigned,1779,209,0,0.0,0.0,90017.0,0.0,11.748173130972454,1570,1762,209,0,1553,1783,,17,0,0,17,-21
2020-09-01,US,Illinois,Union,432,24,0,37.47119609,-89.25548938,17181.0,2594.127184291119,5.5555555555555545,408,426,24,0,402,424,16841,6,0,0,6,2
2020-09-01,US,Illinois,Vermilion,344,4,0,40.18417171,-87.73384359,17183.0,454.07745716623987,1.162790697674419,340,341,3,0,338,329,76806,3,1,0,2,12
2020-09-01,US,Illinois,Wabash,108,1,0,38.44272901,-87.84922065,17185.0,937.5,0.925925925925926,107,108,1,0,107,106,11549,0,0,0,0,2
2020-09-01,US,Illinois,Warren,258,1,0,40.84925021,-90.6147432,17187.0,1531.7026834481119,0.3875968992248062,257,258,1,0,257,255,17032,0,0,0,0,3
2020-09-01,US,Illinois,Washington,115,1,0,38.35309213,-89.40982703,17189.0,828.1126233167711,0.8695652173913043,114,114,1,0,113,111,13995,1,0,0,1,3
2020-09-01,US,Illinois,Wayne,112,2,0,38.42955355,-88.42586459,17191.0,690.718470551958,1.7857142857142858,110,111,2,0,109,101,16332,1,0,0,1,10
2020-09-01,US,Illinois,White,125,0,0,38.08706198,-88.17657461,17193.0,923.395139247987,0.0,125,123,0,0,123,121,13665,2,0,0,2,2
2020-09-01,US,Illinois,Whiteside,511,19,0,41.75509713,-89.91556058,17195.0,926.144086995922,3.718199608610568,492,507,19,0,488,503,55626,4,0,0,4,4
2020-09-01,US,Illinois,Will,11619,360,0,41.44619267,-87.97862712,17197.0,1682.1017368254184,3.0983733539891567,11259,11546,359,0,11187,11447,692310,73,1,0,72,99
2020-09-01,US,Illinois,Williamson,927,13,0,37.73033511,-88.92994027,17199.0,1391.9545925492139,1.4023732470334411,914,908,12,0,896,879,67056,19,1,0,18,29
2020-09-01,US,Illinois,Winnebago,4278,147,0,42.33641854,-89.16085327,17201.0,1513.9504267938794,3.436185133239832,4131,4248,146,0,4102,4218,284081,30,1,0,29,30
2020-09-01,US,Illinois,Woodford,281,3,0,40.78579374,-89.20973757,17203.0,730.6482227827037,1.0676156583629892,278,278,3,0,275,273,38463,3,0,0,3,5
2020-09-01,US,Indiana,Adams,190,2,0,40.7457653,-84.93671406,18001.0,531.0674455655868,1.0526315789473684,188,188,2,0,186,185,35636,2,0,0,2,3
2020-09-01,US,Indiana,Allen,5009,178,0,41.09194313,-85.06800636,18003.0,1320.594043221838,3.5536035136753843,4831,4979,178,0,4801,4953,375351,30,0,0,30,26
2020-09-01,US,Indiana,Bartholomew,1070,54,0,39.20744865,-85.89558181,18005.0,1277.1696964633145,5.046728971962617,1016,1062,54,0,1008,1050,82753,8,0,0,8,12
2020-09-01,US,Indiana,Benton,81,0,0,40.60626947,-87.31093999,18007.0,925.9259259259261,0.0,81,80,0,0,80,79,8653,1,0,0,1,1
2020-09-01,US,Indiana,Blackford,74,2,0,40.47388153,-85.32499702,18009.0,629.3587344786529,2.702702702702702,72,74,2,0,72,73,11930,0,0,0,0,1
2020-09-01,US,Indiana,Boone,847,46,0,40.0509304,-86.46841646,18011.0,1248.4707339003287,5.430932703659977,801,843,46,0,797,833,66999,4,0,0,4,10
2020-09-01,US,Indiana,Brown,90,2,0,39.19605589,-86.22868909,18013.0,596.342433077127,2.2222222222222223,88,89,2,0,87,89,15234,1,0,0,1,0
2020-09-01,US,Indiana,Carroll,257,13,0,40.580783200000006,-86.56198812,18015.0,1268.697240460088,5.058365758754863,244,255,13,0,242,255,20127,2,0,0,2,0
2020-09-01,US,Indiana,Cass,1872,9,0,40.76135835,-86.34830753,18017.0,4966.966488895964,0.4807692307692308,1863,1872,9,0,1863,1869,37955,0,0,0,0,3
2020-09-01,US,Indiana,Clark,1769,51,0,38.48015445,-85.70510334,18019.0,1495.3255228144915,2.8829847371396267,1718,1758,51,0,1707,1732,117360,11,0,0,11,26
2020-09-01,US,Indiana,Clay,233,5,0,39.39561833,-87.11723506,18021.0,888.4652049571021,2.145922746781116,228,229,5,0,224,227,26170,4,0,0,4,2
2020-09-01,US,Indiana,Clinton,553,9,0,40.30319754,-86.47277257,18023.0,1706.8428037902404,1.6274864376130198,544,551,9,0,542,545,32250,2,0,0,2,6
2020-09-01,US,Indiana,Crawford,64,0,0,38.28814402,-86.44518825,18025.0,605.0865084617567,0.0,64,64,0,0,64,62,10558,0,0,0,0,2
2020-09-01,US,Indiana,Daviess,500,24,0,38.70186039,-87.07185406,18027.0,1499.2054211268028,4.8,476,495,23,0,472,480,33147,5,1,0,4,15
2020-09-01,US,Indiana,DeKalb,345,7,0,41.39804622,-84.99906934,18033.0,793.5595169637722,2.028985507246377,338,343,7,0,336,331,43226,2,0,0,2,12
2020-09-01,US,Indiana,Dearborn,575,28,0,39.14647946,-84.97333539,18029.0,1162.602612317522,4.869565217391305,547,574,28,0,546,571,49568,1,0,0,1,3
2020-09-01,US,Indiana,Decatur,404,35,0,39.30712658,-85.50087166,18031.0,1521.1416092473362,8.663366336633661,369,399,35,0,364,398,26794,5,0,0,5,1
2020-09-01,US,Indiana,Delaware,1230,57,0,40.22787247,-85.39732772,18035.0,1077.671178867131,4.634146341463413,1173,1175,57,0,1118,1140,114772,55,0,0,55,35
2020-09-01,US,Indiana,Dubois,848,17,0,38.36597551,-86.87924170000002,18037.0,1984.2755522276307,2.0047169811320757,831,839,17,0,822,837,42565,9,0,0,9,2
2020-09-01,US,Indiana,Elkhart,5611,98,0,41.59761169,-85.85875695,18039.0,2719.285066952278,1.7465692389948315,5513,5602,98,0,5504,5577,205560,9,0,0,9,25
2020-09-01,US,Indiana,Fayette,331,9,0,39.63684962,-85.17797541,18041.0,1432.7763829971432,2.7190332326283992,322,326,8,0,318,322,23047,5,1,0,4,4
2020-09-01,US,Indiana,Floyd,1083,57,0,38.32117957,-85.90385377,18043.0,1379.2312982348894,5.2631578947368425,1026,1078,54,0,1024,1071,77781,5,3,0,2,7
2020-09-01,US,Indiana,Fountain,96,2,0,40.12361933,-87.24217689,18045.0,587.299645173131,2.083333333333333,94,94,2,0,92,93,16351,2,0,0,2,1
2020-09-01,US,Indiana,Franklin,276,25,0,39.4142482,-85.06062647,18047.0,1212.7603480094913,9.057971014492754,251,274,25,0,249,273,22736,2,0,0,2,1
2020-09-01,US,Indiana,Fulton,207,2,0,41.0469907,-86.26252745,18049.0,1036.3472514268547,0.966183574879227,205,205,2,0,203,205,20092,2,0,0,2,0
2020-09-01,US,Indiana,Gibson,318,4,0,38.30393723,-87.58054938,18051.0,944.7696009982473,1.2578616352201255,314,317,4,0,313,313,33452,1,0,0,1,4
2020-09-01,US,Indiana,Grant,671,31,0,40.51587228,-85.65468702,18053.0,1020.2374979093494,4.619970193740684,640,660,30,0,630,649,65936,11,1,0,10,11
2020-09-01,US,Indiana,Greene,369,35,0,39.03630547,-86.96223202,18055.0,1155.9426101121485,9.48509485094851,334,371,35,0,336,366,32006,-2,0,0,-2,5
2020-09-01,US,Indiana,Hamilton,3957,107,0,40.07306535,-86.05244729,18057.0,1170.6719603799875,2.704068738943644,3850,3914,107,0,3807,3852,330086,43,0,0,43,62
2020-09-01,US,Indiana,Hancock,819,41,0,39.82304555,-85.77566351,18059.0,1047.7433220755297,5.006105006105006,778,823,41,0,782,818,76351,-4,0,0,-4,5
2020-09-01,US,Indiana,Harrison,485,24,0,38.19467379,-86.10948271,18061.0,1197.0874984573616,4.948453608247423,461,485,24,0,461,477,40350,0,0,0,0,8
2020-09-01,US,Indiana,Hendricks,2337,113,0,39.76719009,-86.51037283,18063.0,1372.1955716307227,4.835258878904579,2224,2329,111,0,2218,2304,167009,8,2,0,6,25
2020-09-01,US,Indiana,Henry,622,22,0,39.93029017,-85.39625719,18065.0,1296.5896773117654,3.536977491961415,600,608,21,0,587,602,48271,14,1,0,13,6
2020-09-01,US,Indiana,Howard,1086,62,0,40.48527731,-86.11351892,18067.0,1315.6619499903081,5.709023941068139,1024,1079,62,0,1017,1067,82366,7,0,0,7,12
2020-09-01,US,Indiana,Huntington,168,3,0,40.82907273,-85.48822092,18069.0,460.0219058050383,1.7857142857142858,165,170,3,0,167,163,36240,-2,0,0,-2,7
2020-09-01,US,Indiana,Jackson,700,9,0,38.90915820000001,-86.03851889,18071.0,1582.6004386064076,1.2857142857142858,691,699,9,0,690,696,44111,1,0,0,1,3
2020-09-01,US,Indiana,Jasper,324,2,0,41.02078733,-87.11553319,18073.0,965.3775102794827,0.6172839506172839,322,323,2,0,321,320,33370,1,0,0,1,3
2020-09-01,US,Indiana,Jay,130,0,0,40.43781032,-85.00576229,18075.0,636.1323155216285,0.0,130,129,0,0,129,128,20764,1,0,0,1,1
2020-09-01,US,Indiana,Jefferson,211,3,0,38.78576239,-85.43633383,18077.0,653.0890181998267,1.4218009478672986,208,207,3,0,204,205,32208,4,0,0,4,2
2020-09-01,US,Indiana,Jennings,272,12,0,38.99588883,-85.62710784,18079.0,980.7102938525328,4.411764705882354,260,269,12,0,257,267,27611,3,0,0,3,2
2020-09-01,US,Indiana,Johnson,2039,121,0,39.48994426,-86.10149107,18081.0,1289.1437531217005,5.934281510544385,1918,2034,121,0,1913,2024,156225,5,0,0,5,10
2020-09-01,US,Indiana,Knox,349,3,0,38.68861576,-87.4194665,18083.0,953.708258184402,0.8595988538681948,346,345,3,0,342,339,36895,4,0,0,4,6
2020-09-01,US,Indiana,Kosciusko,1035,17,0,41.24521668,-85.86312322,18085.0,1302.6077325815545,1.6425120772946862,1018,1029,16,0,1013,1024,79344,6,1,0,5,5
2020-09-01,US,Indiana,LaGrange,600,11,0,41.64232188,-85.42674232,18087.0,1514.616044832635,1.8333333333333333,589,600,11,0,589,599,39330,0,0,0,0,1
2020-09-01,US,Indiana,LaPorte,1189,31,0,41.54366008,-86.74072188,18091.0,1082.0107746068725,2.607232968881413,1158,1185,31,0,1154,1173,110007,4,0,0,4,12
2020-09-01,US,Indiana,Lake,9173,297,0,41.41874274,-87.38277575,18089.0,1889.4196208802184,3.237763000109016,8876,9143,296,0,8847,9075,484411,30,1,0,29,68
2020-09-01,US,Indiana,Lawrence,463,27,0,38.84112637,-86.48361629,18093.0,1020.4981265153184,5.8315334773218135,436,454,27,0,427,451,45668,9,0,0,9,3
2020-09-01,US,Indiana,Madison,1327,69,0,40.16143691,-85.71964711,18095.0,1024.1647307612159,5.199698568198945,1258,1297,69,0,1228,1279,129641,30,0,0,30,18
2020-09-01,US,Indiana,Marion,18567,747,0,39.78163624,-86.13826325,18097.0,1924.8752309290448,4.023267086766844,17820,18466,748,0,17718,18335,954670,101,-1,0,102,131
2020-09-01,US,Indiana,Marshall,895,23,0,41.32467367,-86.26185087,18099.0,1934.800466946258,2.569832402234637,872,895,23,0,872,888,46248,0,0,0,0,7
2020-09-01,US,Indiana,Martin,120,0,0,38.7099921,-86.80373186,18101.0,1170.1608971233545,0.0,120,117,0,0,117,108,10217,3,0,0,3,9
2020-09-01,US,Indiana,Miami,319,2,0,40.76940965,-86.04525048,18103.0,898.1867327401732,0.6269592476489029,317,318,2,0,316,316,35567,1,0,0,1,2
2020-09-01,US,Indiana,Monroe,1180,36,0,39.16130004,-86.52414358,18105.0,794.9821802723151,3.0508474576271185,1144,1150,36,0,1114,1093,146917,30,0,0,30,57
2020-09-01,US,Indiana,Montgomery,426,21,0,40.04034823,-86.89335024,18107.0,1111.169075069122,4.929577464788731,405,425,21,0,404,423,38346,1,0,0,1,2
2020-09-01,US,Indiana,Morgan,597,35,0,39.47899078,-86.44573375,18109.0,846.9406574075388,5.8626465661641545,562,595,35,0,560,587,70116,2,0,0,2,8
2020-09-01,US,Indiana,Newton,146,10,0,40.95610449,-87.39635768,18111.0,1044.050343249428,6.849315068493151,136,145,10,0,135,143,14011,1,0,0,1,2
2020-09-01,US,Indiana,Noble,810,31,0,41.39672484,-85.41966713,18113.0,1696.548257372654,3.8271604938271606,779,804,31,0,773,801,47532,6,0,0,6,3
2020-09-01,US,Indiana,Ohio,73,7,0,38.955304999999996,-84.96515993,18115.0,1242.5531914893618,9.58904109589041,66,73,7,0,66,73,5844,0,0,0,0,0
2020-09-01,US,Indiana,Orange,242,24,0,38.54118920000001,-86.49523093,18117.0,1231.8029115341544,9.917355371900827,218,240,24,0,216,237,19489,2,0,0,2,3
2020-09-01,US,Indiana,Owen,146,1,0,39.31145587,-86.83900724,18119.0,701.9568248473485,0.6849315068493149,145,142,1,0,141,140,20845,4,0,0,4,2
2020-09-01,US,Indiana,Parke,79,2,0,39.77202286,-87.20375833,18121.0,466.43443348881135,2.5316455696202533,77,79,2,0,77,80,16927,0,0,0,0,-1
2020-09-01,US,Indiana,Perry,196,14,0,38.07809328,-86.63741946,18123.0,1022.4842193124316,7.142857142857142,182,196,13,0,183,196,19102,0,1,0,-1,0
2020-09-01,US,Indiana,Pike,102,1,0,38.40112197,-87.23574907,18125.0,823.311001695052,0.9803921568627452,101,101,1,0,100,99,12410,1,0,0,1,2
2020-09-01,US,Indiana,Porter,1733,41,0,41.45986947,-87.06848888,18127.0,1017.0844362018672,2.365839584535488,1692,1719,41,0,1678,1704,169594,14,0,0,14,15
2020-09-01,US,Indiana,Posey,219,0,0,38.02097333,-87.86480429,18129.0,861.2891807920714,0.0,219,214,0,0,214,212,25540,5,0,0,5,2
2020-09-01,US,Indiana,Pulaski,100,1,0,41.04166107,-86.69890683,18131.0,809.5199546668823,1.0,99,100,1,0,99,99,12469,0,0,0,0,1
2020-09-01,US,Indiana,Putnam,435,8,0,39.66437981,-86.84517605,18133.0,1157.653821588248,1.839080459770115,427,433,8,0,425,432,37779,2,0,0,2,1
2020-09-01,US,Indiana,Randolph,174,7,0,40.15734772,-85.01139319,18135.0,705.4530711534562,4.022988505747127,167,172,7,0,165,166,24851,2,0,0,2,6
2020-09-01,US,Indiana,Ripley,245,8,0,39.10235626,-85.26212744,18137.0,864.9908205055783,3.26530612244898,237,245,8,0,237,244,28523,0,0,0,0,1
2020-09-01,US,Indiana,Rush,134,4,0,39.62002287,-85.4655599,18139.0,808.1539111030697,2.985074626865672,130,133,4,0,129,132,16663,1,0,0,1,1
2020-09-01,US,Indiana,Scott,317,10,0,38.68672078,-85.74627859,18143.0,1327.8599254387802,3.154574132492113,307,315,10,0,305,312,23878,2,0,0,2,3
2020-09-01,US,Indiana,Shelby,622,28,0,39.52305623,-85.79158570000001,18145.0,1390.5967045988061,4.501607717041801,594,619,28,0,591,618,44593,3,0,0,3,1
2020-09-01,US,Indiana,Spencer,159,3,0,38.01519732,-87.0079644,18147.0,784.1396656310104,1.8867924528301887,156,158,3,0,155,158,20327,1,0,0,1,0
2020-09-01,US,Indiana,St. Joseph,5180,94,0,41.61756781,-86.29040834,18141.0,1905.6308079433165,1.8146718146718144,5086,5151,92,0,5059,5100,270771,29,2,0,27,51
2020-09-01,US,Indiana,Starke,212,7,0,41.27890281,-86.64686895,18149.0,921.9395520765383,3.30188679245283,205,210,7,0,203,209,22935,2,0,0,2,1
2020-09-01,US,Indiana,Steuben,286,5,0,41.64423868,-85.00101094,18151.0,826.732959472741,1.7482517482517483,281,279,4,0,275,271,34586,7,1,0,6,8
2020-09-01,US,Indiana,Sullivan,291,8,0,39.08952258,-87.41414469,18153.0,1407.9055590497846,2.7491408934707904,283,290,8,0,282,289,20690,1,0,0,1,1
2020-09-01,US,Indiana,Switzerland,64,0,0,38.82767338,-85.03022429,18155.0,595.2934610733885,0.0,64,64,0,0,64,64,10717,0,0,0,0,0
2020-09-01,US,Indiana,Tippecanoe,1589,13,0,40.38872739,-86.89413959,18157.0,811.8243312284143,0.8181246066708622,1576,1584,13,0,1571,1570,193048,5,0,0,5,14
2020-09-01,US,Indiana,Tipton,189,21,0,40.31123252,-86.05234925,18159.0,1247.6894639556376,11.111111111111109,168,187,19,0,168,185,15128,2,2,0,0,2
2020-09-01,US,Indiana,Unassigned,0,219,0,0.0,0.0,90018.0,0.0,0.0,-219,0,219,0,-219,0,,0,0,0,0,0
2020-09-01,US,Indiana,Union,64,0,0,39.62550777,-84.92497066,18161.0,907.2866458746812,0.0,64,63,0,0,63,62,7037,1,0,0,1,1
2020-09-01,US,Indiana,Vanderburgh,2606,19,0,38.02658833,-87.58763124,18163.0,1436.2004067213738,0.7290867229470452,2587,2588,19,0,2569,2560,180974,18,0,0,18,28
2020-09-01,US,Indiana,Vermillion,95,0,0,39.8523352,-87.46160542,18165.0,612.9823202993935,0.0,95,94,0,0,94,94,15479,1,0,0,1,0
2020-09-01,US,Indiana,Vigo,1339,17,0,39.42944561,-87.39169027,18167.0,1250.9576038416265,1.2696041822255415,1322,1260,17,0,1243,1249,107386,79,0,0,79,11
2020-09-01,US,Indiana,Wabash,210,6,0,40.84704239,-85.79328272,18169.0,677.5067750677508,2.8571428571428568,204,209,6,0,203,206,31280,1,0,0,1,3
2020-09-01,US,Indiana,Warren,38,1,0,40.34728141,-87.35602659,18171.0,459.7701149425288,2.631578947368421,37,38,1,0,37,38,8263,0,0,0,0,0
2020-09-01,US,Indiana,Warrick,777,31,0,38.08922676,-87.2716085,18173.0,1233.3724880154925,3.9897039897039903,746,768,31,0,737,763,62567,9,0,0,9,5
2020-09-01,US,Indiana,Washington,229,1,0,38.60219804,-86.1049363,18175.0,816.8069624768158,0.4366812227074236,228,225,1,0,224,218,27943,4,0,0,4,7
2020-09-01,US,Indiana,Wayne,560,10,0,39.863344399999995,-85.01044989,18177.0,849.9787505312368,1.7857142857142858,550,550,10,0,540,539,65936,10,0,0,10,11
2020-09-01,US,Indiana,Wells,212,2,0,40.72934187,-85.22132966,18179.0,749.2225049476958,0.9433962264150944,210,211,2,0,209,209,28206,1,0,0,1,2
2020-09-01,US,Indiana,White,442,12,0,40.74911165,-86.86492015,18181.0,1833.8727076591158,2.7149321266968327,430,440,12,0,428,439,24133,2,0,0,2,1
2020-09-01,US,Indiana,Whitley,213,6,0,41.13863784,-85.50791236,18183.0,627.1346131197739,2.8169014084507036,207,213,6,0,207,211,34074,0,0,0,0,2
2020-09-01,US,Iowa,Adair,49,1,0,41.33075609,-94.47105874,19001.0,685.1230425055927,2.0408163265306123,48,49,1,0,48,51,7063,0,0,0,0,-2
2020-09-01,US,Iowa,Adams,22,0,0,41.02903567,-94.69932645,19003.0,610.7717934480844,0.0,22,22,0,0,22,22,3645,0,0,0,0,0
2020-09-01,US,Iowa,Allamakee,183,5,0,43.28383218,-91.37860922,19005.0,1337.035142836268,2.7322404371584703,178,178,4,0,174,174,13832,5,1,0,4,4
2020-09-01,US,Iowa,Appanoose,85,3,0,40.74324454,-92.86865906,19007.0,684.0495734749718,3.5294117647058822,82,85,3,0,82,82,12437,0,0,0,0,3
2020-09-01,US,Iowa,Audubon,38,1,0,41.6844628,-94.90581859,19009.0,691.4119359534208,2.631578947368421,37,39,1,0,38,41,5506,-1,0,0,-1,-2
2020-09-01,US,Iowa,Benton,205,1,0,42.08011739,-92.06463573,19011.0,799.3760967050107,0.4878048780487805,204,203,1,0,202,200,25642,2,0,0,2,3
2020-09-01,US,Iowa,Black Hawk,3830,76,0,42.4704581,-92.30524729,19013.0,2918.584448440881,1.9843342036553524,3754,3800,75,0,3725,3787,132408,30,1,0,29,13
2020-09-01,US,Iowa,Boone,348,4,0,42.03657094,-93.9313999,19015.0,1326.5228329648548,1.1494252873563218,344,345,4,0,341,344,26346,3,0,0,3,1
2020-09-01,US,Iowa,Bremer,339,7,0,42.77461496,-92.31795937,19017.0,1352.64543931051,2.0648967551622417,332,330,7,0,323,298,24947,9,0,0,9,32
2020-09-01,US,Iowa,Buchanan,176,1,0,42.4709188,-91.83510825,19019.0,831.1688311688312,0.5681818181818182,175,175,1,0,174,174,21199,1,0,0,1,1
2020-09-01,US,Iowa,Buena Vista,1827,12,0,42.73545875,-95.15100162,19021.0,9311.926605504586,0.6568144499178982,1815,1826,12,0,1814,1826,19874,1,0,0,1,0
2020-09-01,US,Iowa,Butler,211,2,0,42.73172833,-92.79015971,19023.0,1461.3200360135745,0.9478672985781992,209,208,2,0,206,201,14539,3,0,0,3,7
2020-09-01,US,Iowa,Calhoun,130,2,0,42.38521079,-94.64046046,19025.0,1344.6421183285065,1.5384615384615383,128,129,2,0,127,126,9699,1,0,0,1,3
2020-09-01,US,Iowa,Carroll,428,3,0,42.03617207,-94.86032705,19027.0,2122.4894619390034,0.7009345794392523,425,390,3,0,387,387,20154,38,0,0,38,3
2020-09-01,US,Iowa,Cass,112,2,0,41.33149454,-94.92792482,19029.0,872.5459644749143,1.7857142857142858,110,112,2,0,110,112,12930,0,0,0,0,0
2020-09-01,US,Iowa,Cedar,155,1,0,41.77233777,-91.13246684,19031.0,832.1254093520157,0.6451612903225806,154,154,1,0,153,154,18627,1,0,0,1,0
2020-09-01,US,Iowa,Cerro Gordo,839,20,0,43.08177563,-93.2612239,19033.0,1976.442873969376,2.3837902264600714,819,830,20,0,810,822,42647,9,0,0,9,8
2020-09-01,US,Iowa,Cherokee,140,2,0,42.73538914,-95.62389402,19035.0,1246.1059190031153,1.4285714285714286,138,140,2,0,138,140,11321,0,0,0,0,0
2020-09-01,US,Iowa,Chickasaw,112,0,0,43.06001295,-92.31773347,19037.0,938.5737031760665,0.0,112,110,0,0,110,107,11964,2,0,0,2,3
2020-09-01,US,Iowa,Clarke,240,3,0,41.02868181,-93.78499767,19039.0,2554.550292708888,1.25,237,241,3,0,238,239,9423,-1,0,0,-1,2
2020-09-01,US,Iowa,Clay,236,3,0,43.08247182,-95.15096481,19041.0,1473.5264735264734,1.2711864406779658,233,236,3,0,233,236,16134,0,0,0,0,0
2020-09-01,US,Iowa,Clayton,183,3,0,42.84443388,-91.34133693,19043.0,1042.7944612228616,1.639344262295082,180,180,3,0,177,179,17556,3,0,0,3,1
2020-09-01,US,Iowa,Clinton,853,10,0,41.89981633,-90.53275096,19045.0,1837.2138103340585,1.172332942555686,843,835,10,0,825,821,46518,18,0,0,18,14
2020-09-01,US,Iowa,Crawford,836,3,0,42.03718237,-95.3819718,19047.0,4970.273483947682,0.3588516746411483,833,836,3,0,833,832,17158,0,0,0,0,4
2020-09-01,US,Iowa,Dallas,2386,38,0,41.68560356,-94.04127625,19049.0,2553.155061902775,1.592623637887678,2348,2379,39,0,2340,2378,90180,7,-1,0,8,1
2020-09-01,US,Iowa,Davis,84,2,0,40.74773536,-92.41005468,19051.0,933.3333333333336,2.380952380952381,82,83,2,0,81,81,9017,1,0,0,1,2
2020-09-01,US,Iowa,Decatur,46,0,0,40.73742757,-93.78645949,19053.0,584.4980940279543,0.0,46,44,0,0,44,44,7890,2,0,0,2,0
2020-09-01,US,Iowa,Delaware,226,3,0,42.47104597,-91.3664492,19055.0,1328.5521133384282,1.327433628318584,223,217,3,0,214,212,17069,9,0,0,9,5
2020-09-01,US,Iowa,Des Moines,576,5,0,40.92012606,-91.18326592,19057.0,1478.1738394025715,0.8680555555555556,571,568,5,0,563,567,39138,8,0,0,8,1
2020-09-01,US,Iowa,Dickinson,424,6,0,43.37787725,-95.1510206,19059.0,2456.831614323792,1.4150943396226414,418,424,6,0,418,424,17153,0,0,0,0,0
2020-09-01,US,Iowa,Dubuque,2049,36,0,42.46815349,-90.88181925,19061.0,2105.6201251657058,1.7569546120058566,2013,2036,36,0,2000,2027,96854,13,0,0,13,9
2020-09-01,US,Iowa,Emmet,221,8,0,43.37782951,-94.67858943,19063.0,2400.086880973067,3.619909502262444,213,221,8,0,213,221,9253,0,0,0,0,0
2020-09-01,US,Iowa,Fayette,143,1,0,42.86271799,-91.84412309999999,19065.0,727.7353689567433,0.6993006993006993,142,140,1,0,139,138,19660,3,0,0,3,2
2020-09-01,US,Iowa,Floyd,219,3,0,43.06000529999999,-92.78940097,19067.0,1400.0767165324128,1.3698630136986298,216,215,3,0,212,215,15761,4,0,0,4,0
2020-09-01,US,Iowa,Franklin,297,17,0,42.73270384,-93.26256925,19069.0,2949.3545183714,5.723905723905723,280,295,17,0,278,296,10124,2,0,0,2,-1
2020-09-01,US,Iowa,Fremont,59,0,0,40.74542720000001,-95.60129045,19071.0,847.7011494252873,0.0,59,59,0,0,59,58,6993,0,0,0,0,1
2020-09-01,US,Iowa,Greene,58,0,0,42.03614551,-94.39658081,19073.0,652.5652565256528,0.0,58,53,0,0,53,54,8981,5,0,0,5,-1
2020-09-01,US,Iowa,Grundy,132,1,0,42.40183723,-92.78829551,19075.0,1079.136690647482,0.7575757575757576,131,129,1,0,128,128,12304,3,0,0,3,1
2020-09-01,US,Iowa,Guthrie,173,5,0,41.68378965,-94.50111014,19077.0,1618.486294321265,2.8901734104046244,168,173,5,0,168,173,10720,0,0,0,0,0
2020-09-01,US,Iowa,Hamilton,282,2,0,42.38382428,-93.70197703,19079.0,1908.887835916876,0.7092198581560284,280,280,2,0,278,279,14952,2,0,0,2,1
2020-09-01,US,Iowa,Hancock,156,2,0,43.08178477,-93.73454884,19081.0,1467.5446848541865,1.2820512820512822,154,157,2,0,155,154,10712,-1,0,0,-1,3
2020-09-01,US,Iowa,Hardin,231,1,0,42.38353877,-93.23654611,19083.0,1371.2453995013652,0.4329004329004329,230,230,1,0,229,230,16868,1,0,0,1,0
2020-09-01,US,Iowa,Harrison,148,2,0,41.68330137,-95.81558439,19085.0,1053.4557619759414,1.351351351351351,146,147,1,0,146,147,14134,1,1,0,0,0
2020-09-01,US,Iowa,Henry,294,4,0,40.98767962,-91.54436349,19087.0,1473.3887942267215,1.3605442176870748,290,284,4,0,280,279,20067,10,0,0,10,5
2020-09-01,US,Iowa,Howard,136,2,0,43.35671042,-92.31702714,19089.0,1485.0404018344614,1.4705882352941178,134,133,2,0,131,132,9187,3,0,0,3,1
2020-09-01,US,Iowa,Humboldt,152,2,0,42.7764426,-94.20722537,19091.0,1590.290855827579,1.3157894736842106,150,153,2,0,151,153,9547,-1,0,0,-1,0
2020-09-01,US,Iowa,Ida,44,0,0,42.38696136,-95.51355387,19093.0,641.399416909621,0.0,44,43,0,0,43,40,6841,1,0,0,1,3
2020-09-01,US,Iowa,Iowa,116,1,0,41.68630265,-92.0643373,19095.0,716.7572911517548,0.8620689655172413,115,115,1,0,114,113,16141,1,0,0,1,2
2020-09-01,US,Iowa,Jackson,215,1,0,42.17178824,-90.57354837,19097.0,1106.0239724265653,0.4651162790697674,214,211,1,0,210,208,19432,4,0,0,4,3
2020-09-01,US,Iowa,Jasper,588,30,0,41.68576082,-93.05567785,19099.0,1581.282775312626,5.1020408163265305,558,588,30,0,558,585,37147,0,0,0,0,3
2020-09-01,US,Iowa,Jefferson,120,0,0,41.03192394,-91.94849466,19101.0,655.9169171904892,0.0,120,118,0,0,118,117,18381,2,0,0,2,1
2020-09-01,US,Iowa,Johnson,4050,26,0,41.67169354,-91.58754744,19103.0,2679.634775704645,0.6419753086419753,4024,3926,26,0,3900,3828,151260,124,0,0,124,98
2020-09-01,US,Iowa,Jones,175,2,0,42.12118609,-91.13139641,19105.0,846.187321696243,1.1428571428571428,173,170,2,0,168,170,20744,5,0,0,5,0
2020-09-01,US,Iowa,Keokuk,66,1,0,41.33649833,-92.1785067,19107.0,644.1538161233652,1.5151515151515151,65,63,1,0,62,60,10225,3,0,0,3,3
2020-09-01,US,Iowa,Kossuth,122,0,0,43.20405458,-94.20691791,19109.0,823.6008911091609,0.0,122,122,0,0,122,121,14908,0,0,0,0,1
2020-09-01,US,Iowa,Lee,440,5,0,40.64181461,-91.48183025,19111.0,1307.3060581751195,1.1363636363636365,435,422,5,0,417,409,34055,18,0,0,18,13
2020-09-01,US,Iowa,Linn,2993,94,0,42.07923082,-91.59809485,19113.0,1320.2120808447944,3.140661543601737,2899,2984,94,0,2890,2971,225909,9,0,0,9,13
2020-09-01,US,Iowa,Louisa,397,14,0,41.21842119,-91.26102611,19115.0,3597.643860444042,3.5264483627204033,383,396,14,0,382,397,11169,1,0,0,1,-1
2020-09-01,US,Iowa,Lucas,97,5,0,41.02958964,-93.32780803,19117.0,1127.9069767441858,5.154639175257731,92,96,5,0,91,93,8645,1,0,0,1,3
2020-09-01,US,Iowa,Lyon,152,2,0,43.38107862,-96.20926845,19119.0,1293.0667800935769,1.3157894736842106,150,150,2,0,148,148,11811,2,0,0,2,2
2020-09-01,US,Iowa,Madison,165,2,0,41.33081904,-94.01554631,19121.0,1009.9155343371284,1.2121212121212122,163,164,2,0,162,164,16249,1,0,0,1,0
2020-09-01,US,Iowa,Mahaska,223,18,0,41.33521503,-92.64083907,19123.0,1009.2781172210907,8.071748878923767,205,219,18,0,201,216,22000,4,0,0,4,3
2020-09-01,US,Iowa,Marion,490,1,0,41.33445101,-93.09934783,19125.0,1473.5512585330646,0.20408163265306126,489,484,1,0,483,475,33407,6,0,0,6,9
2020-09-01,US,Iowa,Marshall,1656,32,0,42.03586837,-92.99908190000001,19127.0,4206.355254133963,1.932367149758454,1624,1643,32,0,1611,1639,39981,13,0,0,13,4
2020-09-01,US,Iowa,Mills,131,1,0,41.03299766,-95.61920963,19129.0,867.0328943014098,0.7633587786259542,130,128,1,0,127,128,15063,3,0,0,3,0
2020-09-01,US,Iowa,Mitchell,114,0,0,43.35638371,-92.78887719,19131.0,1076.8940109578689,0.0,114,107,0,0,107,109,10569,7,0,0,7,-2
2020-09-01,US,Iowa,Monona,107,1,0,42.05220391,-95.95743843,19133.0,1242.0197330237954,0.9345794392523364,106,107,1,0,106,107,8679,0,0,0,0,0
2020-09-01,US,Iowa,Monroe,112,8,0,41.02988815,-92.8690667,19135.0,1453.2243415077207,7.142857142857142,104,110,8,0,102,107,7790,2,0,0,2,3
2020-09-01,US,Iowa,Montgomery,82,5,0,41.03018714,-95.15642896,19137.0,826.8629625894928,6.097560975609755,77,77,5,0,72,76,10003,5,0,0,5,1
2020-09-01,US,Iowa,Muscatine,973,52,0,41.48370744,-91.11216970000001,19139.0,2280.611288205513,5.344295991778006,921,966,52,0,914,959,42929,7,0,0,7,7
2020-09-01,US,Iowa,O'Brien,204,7,0,43.08310673,-95.62474482,19141.0,1483.3127317676144,3.431372549019608,197,201,7,0,194,196,13840,3,0,0,3,5
2020-09-01,US,Iowa,Osceola,99,0,0,43.37824276,-95.62422844,19143.0,1661.631419939577,0.0,99,99,0,0,99,99,6040,0,0,0,0,0
2020-09-01,US,Iowa,Page,113,0,0,40.7393172,-95.1497813,19145.0,747.9976169987423,0.0,113,112,0,0,112,112,15249,1,0,0,1,0
2020-09-01,US,Iowa,Palo Alto,119,0,0,43.08193849,-94.67824621,19147.0,1339.1852352014405,0.0,119,116,0,0,116,112,8929,3,0,0,3,4
2020-09-01,US,Iowa,Plymouth,746,18,0,42.737633,-96.21366621,19149.0,2963.021805616237,2.412868632707774,728,744,18,0,726,737,25095,2,0,0,2,7
2020-09-01,US,Iowa,Pocahontas,131,2,0,42.73420133,-94.67862564,19151.0,1979.1509291433752,1.5267175572519085,129,131,2,0,129,130,6740,0,0,0,0,1
2020-09-01,US,Iowa,Polk,13465,226,0,41.68679484,-93.57767461,19153.0,2747.0565793688197,1.6784255477163017,13239,13370,225,0,13145,13292,487204,95,1,0,94,78
2020-09-01,US,Iowa,Pottawattamie,1648,34,0,41.33640314,-95.53907776,19155.0,1768.1265154603782,2.063106796116505,1614,1634,34,0,1600,1631,93533,14,0,0,14,3
2020-09-01,US,Iowa,Poweshiek,184,8,0,41.68625425,-92.53155731,19157.0,994.3795936013837,4.3478260869565215,176,183,8,0,175,184,18699,1,0,0,1,-1
2020-09-01,US,Iowa,Ringgold,31,1,0,40.73518949,-94.24368535,19159.0,633.4286881896202,3.2258064516129035,30,31,1,0,30,32,4968,0,0,0,0,-1
2020-09-01,US,Iowa,Sac,119,0,0,42.38624071,-95.10547892,19161.0,1224.1538936323425,0.0,119,114,0,0,114,114,9719,5,0,0,5,0
2020-09-01,US,Iowa,Scott,2250,21,0,41.63935978,-90.61959493,19163.0,1301.0066900655127,0.9333333333333332,2229,2234,21,0,2213,2208,173283,16,0,0,16,26
2020-09-01,US,Iowa,Shelby,217,1,0,41.6850066,-95.31015553,19165.0,1894.5346603806527,0.4608294930875576,216,215,1,0,214,215,11578,2,0,0,2,0
2020-09-01,US,Iowa,Sioux,908,3,0,43.08221074,-96.17675679999999,19167.0,2605.07818103572,0.3303964757709251,905,896,3,0,893,893,34909,12,0,0,12,3
2020-09-01,US,Iowa,Story,2534,16,0,42.03621213,-93.46499005,19169.0,2609.2239257802444,0.6314127861089187,2518,2444,16,0,2428,2362,98105,90,0,0,90,82
2020-09-01,US,Iowa,Tama,623,29,0,42.07991767,-92.53266945,19171.0,3696.451880859143,4.654895666131621,594,623,29,0,594,622,16904,0,0,0,0,1
2020-09-01,US,Iowa,Taylor,113,1,0,40.73710579,-94.69778563,19173.0,1846.103577846757,0.8849557522123894,112,113,1,0,112,113,6191,0,0,0,0,0
2020-09-01,US,Iowa,Unassigned,3,0,0,0.0,0.0,90019.0,0.0,0.0,3,9,0,0,9,19,,-6,0,0,-6,-10
2020-09-01,US,Iowa,Union,93,3,0,41.0277278,-94.24234847,19175.0,759.7418511559513,3.2258064516129035,90,93,3,0,90,93,12359,0,0,0,0,0
2020-09-01,US,Iowa,Van Buren,101,1,0,40.75326764,-91.95017958,19177.0,1433.8444065871665,0.99009900990099,100,100,1,0,99,101,7020,1,0,0,1,-1
2020-09-01,US,Iowa,Wapello,1089,51,0,41.03064984,-92.40954728,19179.0,3114.186851211073,4.683195592286501,1038,1085,50,0,1035,1082,35205,4,1,0,3,3
2020-09-01,US,Iowa,Warren,784,5,0,41.33559454,-93.56007641,19181.0,1523.3357945051102,0.6377551020408163,779,777,5,0,772,775,51056,7,0,0,7,2
2020-09-01,US,Iowa,Washington,346,11,0,41.33577126,-91.71725711,19183.0,1575.2333257455045,3.1791907514450872,335,340,11,0,329,336,22141,6,0,0,6,4
2020-09-01,US,Iowa,Wayne,52,2,0,40.73969028,-93.32752197,19185.0,807.3280546498993,3.8461538461538463,50,50,2,0,48,48,6401,2,0,0,2,2
2020-09-01,US,Iowa,Webster,1038,9,0,42.42853483,-94.17987389,19187.0,2891.0427807486626,0.8670520231213873,1029,1023,9,0,1014,1006,36277,15,0,0,15,17
2020-09-01,US,Iowa,Winnebago,164,9,0,43.37751174,-93.73407298,19189.0,1583.9289163608264,5.487804878048781,155,160,9,0,151,161,10518,4,0,0,4,-1
2020-09-01,US,Iowa,Winneshiek,224,4,0,43.29094334,-91.84422722,19191.0,1120.504226902106,1.7857142857142858,220,219,3,0,216,217,20029,5,1,0,4,2
2020-09-01,US,Iowa,Woodbury,4152,56,0,42.38979414,-96.0459439,19193.0,4026.8846926008905,1.348747591522158,4096,4143,56,0,4087,4126,102539,9,0,0,9,17
2020-09-01,US,Iowa,Worth,80,0,0,43.37750768,-93.26087602,19195.0,1083.8639750711286,0.0,80,79,0,0,79,79,7453,1,0,0,1,0
2020-09-01,US,Iowa,Wright,520,1,0,42.73305373,-93.73515113,19197.0,4139.468237541792,0.19230769230769232,519,519,1,0,518,519,12690,1,0,0,1,0
2020-09-01,US,Kansas,Allen,21,0,0,37.88582951,-95.30030847,20001.0,169.77928692699493,0.0,21,21,0,0,21,20,12444,0,0,0,0,1
2020-09-01,US,Kansas,Anderson,34,0,0,38.21413251,-95.29272815,20003.0,432.68007126495286,0.0,34,34,0,0,34,32,7878,0,0,0,0,2
2020-09-01,US,Kansas,Atchison,219,1,0,39.53185661,-95.30870026,20005.0,1362.5334411746408,0.45662100456620996,218,219,1,0,218,219,16193,0,0,0,0,0
2020-09-01,US,Kansas,Barber,6,0,0,37.2288586,-98.68460053,20007.0,135.5319629545968,0.0,6,6,0,0,6,5,4472,0,0,0,0,1
2020-09-01,US,Kansas,Barton,284,5,0,38.47889676,-98.75636726,20009.0,1101.6719034873347,1.7605633802816902,279,284,5,0,279,273,26111,0,0,0,0,11
2020-09-01,US,Kansas,Bourbon,82,2,0,37.85508555,-94.84865997,20011.0,564.1943030136233,2.4390243902439024,80,82,2,0,80,82,14653,0,0,0,0,0
2020-09-01,US,Kansas,Brown,76,1,0,39.82652589,-95.56421698,20013.0,794.6465913843581,1.3157894736842106,75,76,1,0,75,72,9598,0,0,0,0,4
2020-09-01,US,Kansas,Butler,416,2,0,37.78134351,-96.83878537,20015.0,621.7213911016124,0.4807692307692308,414,399,2,0,397,397,66765,17,0,0,17,2
2020-09-01,US,Kansas,Chase,76,1,0,38.30292938,-96.59563862,20017.0,2870.0906344410882,1.3157894736842106,75,65,0,0,65,65,2629,11,1,0,10,0
2020-09-01,US,Kansas,Chautauqua,9,0,0,37.14994405,-96.2454192,20019.0,276.9230769230769,0.0,9,9,0,0,9,8,3309,0,0,0,0,1
2020-09-01,US,Kansas,Cherokee,260,1,0,37.16928494,-94.8462897,20021.0,1303.977130247254,0.38461538461538464,259,246,1,0,245,246,20015,14,0,0,14,0
2020-09-01,US,Kansas,Cheyenne,7,0,0,39.78580976,-101.7318201,20023.0,263.45502446368084,0.0,7,7,0,0,7,6,2660,0,0,0,0,1
2020-09-01,US,Kansas,Clark,46,1,0,37.23577007,-99.81883015,20025.0,2306.9207622868607,2.1739130434782608,45,46,1,0,45,46,2005,0,0,0,0,0
2020-09-01,US,Kansas,Clay,31,2,0,39.34948772,-97.16518128,20027.0,387.40314921269686,6.451612903225807,29,31,2,0,29,30,7997,0,0,0,0,1
2020-09-01,US,Kansas,Cloud,59,0,0,39.48028352,-97.64925343,20029.0,671.522877304803,0.0,59,59,0,0,59,52,8729,0,0,0,0,7
2020-09-01,US,Kansas,Coffey,81,8,0,38.2365018,-95.73379515,20031.0,990.3411174960263,9.876543209876543,73,79,8,0,71,79,8233,2,0,0,2,0
2020-09-01,US,Kansas,Comanche,9,0,0,37.19114520000001,-99.27113247,20033.0,529.4117647058823,0.0,9,9,0,0,9,9,1748,0,0,0,0,0
2020-09-01,US,Kansas,Cowley,255,3,0,37.23781842,-96.83776647,20035.0,730.4915778618083,1.1764705882352942,252,255,3,0,252,249,35218,0,0,0,0,6
2020-09-01,US,Kansas,Crawford,602,3,0,37.50675523,-94.85245778,20037.0,1550.8269359575454,0.4983388704318937,599,602,3,0,599,518,39019,0,0,0,0,84
2020-09-01,US,Kansas,Decatur,8,0,0,39.78468441,-100.45940809999999,20039.0,282.98549699327907,0.0,8,8,0,0,8,6,2871,0,0,0,0,2
2020-09-01,US,Kansas,Dickinson,80,1,0,38.86600962,-97.15532383,20041.0,433.2286364128669,1.25,79,80,1,0,79,76,18717,0,0,0,0,4
2020-09-01,US,Kansas,Doniphan,68,0,0,39.79067154,-95.14056866,20043.0,894.736842105263,0.0,68,68,0,0,68,68,7682,0,0,0,0,0
2020-09-01,US,Kansas,Douglas,1423,8,0,38.88503636,-95.2925121,20045.0,1163.9224924136465,0.5621925509486999,1415,1378,8,0,1370,1306,121436,45,0,0,45,72
2020-09-01,US,Kansas,Edwards,25,0,0,37.88735543,-99.31263309,20047.0,893.4953538241601,0.0,25,25,0,0,25,25,2849,0,0,0,0,0
2020-09-01,US,Kansas,Elk,1,0,0,37.45338105,-96.24369667,20049.0,39.52569169960474,0.0,1,1,0,0,1,1,2508,0,0,0,0,0
2020-09-01,US,Kansas,Ellis,419,1,0,38.91458712,-99.31751551,20051.0,1467.4465029944315,0.2386634844868735,418,419,1,0,418,341,28710,0,0,0,0,78
2020-09-01,US,Kansas,Ellsworth,25,0,0,38.69677695,-98.20462799,20053.0,409.70173713536553,0.0,25,25,0,0,25,25,6196,0,0,0,0,0
2020-09-01,US,Kansas,Finney,1893,12,0,38.04340344,-100.73819379999999,20055.0,5190.994597855595,0.6339144215530903,1881,1889,12,0,1877,1877,36611,4,0,0,4,12
2020-09-01,US,Kansas,Ford,2329,10,0,37.69200114,-99.88825298,20057.0,6927.630209107945,0.4293688278231,2319,2329,10,0,2319,2309,33888,0,0,0,0,20
2020-09-01,US,Kansas,Franklin,262,3,0,38.56443815,-95.28644341,20059.0,1025.6811775759475,1.1450381679389312,259,262,3,0,259,256,25631,0,0,0,0,6
2020-09-01,US,Kansas,Geary,221,2,0,38.99871131,-96.7577178,20061.0,697.8212819703189,0.9049773755656108,219,216,2,0,214,207,32594,5,0,0,5,9
2020-09-01,US,Kansas,Gove,11,0,0,38.91588178,-100.4829321,20063.0,417.298937784522,0.0,11,11,0,0,11,10,2612,0,0,0,0,1
2020-09-01,US,Kansas,Graham,25,0,0,39.34987223,-99.88332493,20065.0,1007.252215954875,0.0,25,25,0,0,25,25,2492,0,0,0,0,0
2020-09-01,US,Kansas,Grant,160,3,0,37.56227336,-101.3079758,20067.0,2237.762237762238,1.875,157,159,3,0,156,159,7336,1,0,0,1,0
2020-09-01,US,Kansas,Gray,113,0,0,37.73836671,-100.4369088,20069.0,1887.1075484301932,0.0,113,106,0,0,106,106,6033,7,0,0,7,0
2020-09-01,US,Kansas,Greeley,5,0,0,38.4808095,-101.8061079,20071.0,405.84415584415603,0.0,5,5,0,0,5,5,1227,0,0,0,0,0
2020-09-01,US,Kansas,Greenwood,25,0,0,37.8774388,-96.23250453,20073.0,417.92042795051816,0.0,25,25,0,0,25,23,6055,0,0,0,0,2
2020-09-01,US,Kansas,Hamilton,42,0,0,37.99978709,-101.7921066,20075.0,1654.1945647892871,0.0,42,42,0,0,42,42,2607,0,0,0,0,0
2020-09-01,US,Kansas,Harper,112,1,0,37.19175361,-98.07578384,20077.0,2060.338484179544,0.8928571428571429,111,112,1,0,111,108,5506,0,0,0,0,4
2020-09-01,US,Kansas,Harvey,296,4,0,38.04293782,-97.42747573,20079.0,859.7403351825496,1.351351351351351,292,293,4,0,289,291,34210,3,0,0,3,2
2020-09-01,US,Kansas,Haskell,47,0,0,37.562039399999996,-100.8710738,20081.0,1184.475806451613,0.0,47,47,0,0,47,47,3997,0,0,0,0,0
2020-09-01,US,Kansas,Hodgeman,13,0,0,38.08780079,-99.89829881,20083.0,724.6376811594204,0.0,13,13,0,0,13,13,1818,0,0,0,0,0
2020-09-01,US,Kansas,Jackson,211,1,0,39.41673394,-95.79356799,20085.0,1602.0044036140005,0.4739336492890995,210,204,1,0,203,204,13280,7,0,0,7,0
2020-09-01,US,Kansas,Jefferson,123,0,0,39.2347941,-95.38289232,20087.0,645.9066323583469,0.0,123,119,0,0,119,118,18975,4,0,0,4,1
2020-09-01,US,Kansas,Jewell,14,1,0,39.78470589,-98.21820662,20089.0,486.2799583188608,7.142857142857142,13,14,1,0,13,14,2841,0,0,0,0,0
2020-09-01,US,Kansas,Johnson,8300,117,0,38.88548175,-94.82250877,20091.0,1377.8197579353287,1.4096385542168677,8183,8216,116,0,8100,8124,597555,84,1,0,83,92
2020-09-01,US,Kansas,Kearny,74,1,0,38.00017981,-101.32168100000001,20093.0,1928.087545596665,1.351351351351351,73,71,1,0,70,70,3943,3,0,0,3,1
2020-09-01,US,Kansas,Kingman,41,0,0,37.55909527,-98.13638678,20095.0,573.2662192393736,0.0,41,41,0,0,41,39,7310,0,0,0,0,2
2020-09-01,US,Kansas,Kiowa,8,0,0,37.55848695,-99.2856537,20097.0,323.2323232323232,0.0,8,8,0,0,8,8,2516,0,0,0,0,0
2020-09-01,US,Kansas,Labette,187,3,0,37.19113093,-95.29849679,20099.0,953.2062391681108,1.60427807486631,184,183,1,0,182,183,19964,4,2,0,2,0
2020-09-01,US,Kansas,Lane,7,0,0,38.48119447,-100.46607540000001,20101.0,456.02605863192184,0.0,7,7,0,0,7,8,1560,0,0,0,0,-1
2020-09-01,US,Kansas,Leavenworth,1669,9,0,39.20183497,-95.03620809,20103.0,2041.3904449717456,0.5392450569203115,1660,1669,9,0,1660,1638,81352,0,0,0,0,31
2020-09-01,US,Kansas,Lincoln,7,0,0,39.04549684,-98.20756994,20105.0,236.32680621201888,0.0,7,7,0,0,7,7,3023,0,0,0,0,0
2020-09-01,US,Kansas,Linn,55,0,0,38.21267844,-94.84254089,20107.0,566.8349994846955,0.0,55,55,0,0,55,52,9750,0,0,0,0,3
2020-09-01,US,Kansas,Logan,2,0,0,38.91735806,-101.148475,20109.0,71.58196134574086,0.0,2,2,0,0,2,2,2844,0,0,0,0,0
2020-09-01,US,Kansas,Lyon,931,17,0,38.45576156,-96.15275715,20111.0,2804.639252899533,1.825993555316864,914,931,17,0,914,916,33406,0,0,0,0,15
2020-09-01,US,Kansas,Marion,64,1,0,38.35855394,-97.09852509999999,20115.0,538.5392123864019,1.5625,63,64,1,0,63,62,11950,0,0,0,0,2
2020-09-01,US,Kansas,Marshall,17,0,0,39.78359669,-96.52278974,20117.0,175.13134851138355,0.0,17,17,0,0,17,14,9722,0,0,0,0,3
2020-09-01,US,Kansas,McPherson,220,1,0,38.39184858,-97.64769869,20113.0,770.7939177352672,0.4545454545454545,219,212,1,0,211,212,28537,8,0,0,8,0
2020-09-01,US,Kansas,Meade,64,0,0,37.23859987,-100.36483100000001,20119.0,1586.9080089263575,0.0,64,64,0,0,64,63,4146,0,0,0,0,1
2020-09-01,US,Kansas,Miami,200,0,0,38.56383358,-94.83832189,20121.0,584.1633320676461,0.0,200,200,0,0,200,188,33680,0,0,0,0,12
2020-09-01,US,Kansas,Mitchell,32,0,0,39.39331582,-98.20906732,20123.0,535.2065562803144,0.0,32,32,0,0,32,30,6150,0,0,0,0,2
2020-09-01,US,Kansas,Montgomery,255,5,0,37.19236568,-95.74329258,20125.0,801.1561783279401,1.96078431372549,250,255,5,0,250,247,32120,0,0,0,0,8
2020-09-01,US,Kansas,Morris,20,0,0,38.68827511,-96.65128437,20127.0,355.87188612099646,0.0,20,20,0,0,20,19,5521,0,0,0,0,1
2020-09-01,US,Kansas,Morton,10,2,0,37.19141121,-101.79925190000002,20129.0,386.54812524159263,20.0,8,10,2,0,8,10,2667,0,0,0,0,0
2020-09-01,US,Kansas,Nemaha,55,1,0,39.78345387,-96.01392079,20131.0,537.5818590558108,1.818181818181818,54,55,1,0,54,55,10155,0,0,0,0,0
2020-09-01,US,Kansas,Neosho,104,0,0,37.55862897,-95.30670046,20133.0,649.7157493596552,0.0,104,83,0,0,83,83,15951,21,0,0,21,0
2020-09-01,US,Kansas,Ness,22,0,0,38.47974157,-99.91547333,20135.0,800.0,0.0,22,22,0,0,22,18,2840,0,0,0,0,4
2020-09-01,US,Kansas,Norton,23,0,0,39.78443827,-99.90286639,20137.0,429.0244357396009,0.0,23,23,0,0,23,23,5430,0,0,0,0,0
2020-09-01,US,Kansas,Osage,65,0,0,38.65235984,-95.72707998,20139.0,407.549062637156,0.0,65,65,0,0,65,62,15941,0,0,0,0,3
2020-09-01,US,Kansas,Osborne,4,0,0,39.3503437,-98.76753828,20141.0,116.92487576731949,0.0,4,4,0,0,4,4,3475,0,0,0,0,0
2020-09-01,US,Kansas,Ottawa,43,0,0,39.13237408,-97.65020313,20143.0,753.8569424964937,0.0,43,43,0,0,43,40,5802,0,0,0,0,3
2020-09-01,US,Kansas,Pawnee,206,0,0,38.18108732,-99.23692334,20145.0,3211.7243529778607,0.0,206,206,0,0,206,206,6562,0,0,0,0,0
2020-09-01,US,Kansas,Phillips,56,8,0,39.78465501,-99.34668865,20147.0,1069.9273977837215,14.285714285714285,48,51,8,0,43,51,5317,5,0,0,5,0
2020-09-01,US,Kansas,Pottawatomie,163,0,0,39.37925655,-96.34564657,20149.0,668.4985440675881,0.0,163,163,0,0,163,158,24277,0,0,0,0,5
2020-09-01,US,Kansas,Pratt,42,0,0,37.64780729,-98.73922153,20151.0,458.31514622435617,0.0,42,42,0,0,42,40,9378,0,0,0,0,2
2020-09-01,US,Kansas,Rawlins,1,0,0,39.78525843,-101.07616170000001,20153.0,39.52569169960474,0.0,1,1,0,0,1,1,2508,0,0,0,0,0
2020-09-01,US,Kansas,Reno,756,1,0,37.95230263,-98.08607292,20155.0,1219.3941740056132,0.13227513227513227,755,753,1,0,752,751,62342,3,0,0,3,2
2020-09-01,US,Kansas,Republic,36,0,0,39.82799632,-97.65036709,20157.0,776.5314926660915,0.0,36,36,0,0,36,36,4664,0,0,0,0,0
2020-09-01,US,Kansas,Rice,44,1,0,38.34616184,-98.19992118,20159.0,461.36101499423296,2.272727272727273,43,44,1,0,43,44,9531,0,0,0,0,0
2020-09-01,US,Kansas,Riley,934,5,0,39.28935726,-96.73420026,20161.0,1258.2174803319326,0.5353319057815846,929,934,5,0,929,822,73703,0,0,0,0,112
2020-09-01,US,Kansas,Rooks,29,0,0,39.35022773,-99.32484567,20163.0,589.430894308943,0.0,29,29,0,0,29,25,5013,0,0,0,0,4
2020-09-01,US,Kansas,Rush,17,0,0,38.52275276,-99.30863983,20165.0,559.9472990777339,0.0,17,17,0,0,17,15,3093,0,0,0,0,2
2020-09-01,US,Kansas,Russell,18,0,0,38.91462787,-98.76254297,20167.0,262.54375729288216,0.0,18,18,0,0,18,18,6907,0,0,0,0,0
2020-09-01,US,Kansas,Saline,481,9,0,38.78369175,-97.65185177,20169.0,887.0610799645913,1.8711018711018712,472,481,9,0,472,465,54401,0,0,0,0,16
2020-09-01,US,Kansas,Scott,96,1,0,38.48222076,-100.90665390000001,20171.0,1990.4623678208584,1.0416666666666667,95,95,1,0,94,95,4897,1,0,0,1,0
2020-09-01,US,Kansas,Sedgwick,6949,50,0,37.6842718,-97.4608198,20173.0,1346.5958197201005,0.7195279896387969,6899,6917,50,0,6867,6830,513607,32,0,0,32,87
2020-09-01,US,Kansas,Seward,1416,4,0,37.19324632,-100.85072009999999,20175.0,6608.1762180324795,0.2824858757062147,1412,1380,4,0,1376,1380,21780,36,0,0,36,0
2020-09-01,US,Kansas,Shawnee,2203,22,0,39.04100763,-95.75572640000001,20177.0,1245.5123674911658,0.9986382206082616,2181,2187,22,0,2165,2129,177499,16,0,0,16,58
2020-09-01,US,Kansas,Sheridan,10,0,0,39.35018161,-100.44182590000001,20179.0,396.6679888932963,0.0,10,10,0,0,10,10,2533,0,0,0,0,0
2020-09-01,US,Kansas,Sherman,18,0,0,39.35147699,-101.71976240000001,20181.0,304.2082136217678,0.0,18,18,0,0,18,17,5899,0,0,0,0,1
2020-09-01,US,Kansas,Smith,4,0,0,39.78516566,-98.78566062,20183.0,111.63829193413342,0.0,4,4,0,0,4,3,3603,0,0,0,0,1
2020-09-01,US,Kansas,Stafford,31,1,0,38.03100851,-98.71762001,20185.0,745.9095283926853,3.2258064516129035,30,31,1,0,30,31,4178,0,0,0,0,0
2020-09-01,US,Kansas,Stanton,21,2,0,37.56304714,-101.78435340000001,20187.0,1046.8594217347957,9.523809523809524,19,21,2,0,19,21,1987,0,0,0,0,0
2020-09-01,US,Kansas,Stevens,68,0,0,37.1923008,-101.3118967,20189.0,1239.7447584320876,0.0,68,68,0,0,68,67,5559,0,0,0,0,1
2020-09-01,US,Kansas,Sumner,121,3,0,37.23682549,-97.47721621,20191.0,529.8651252408478,2.479338842975207,118,121,3,0,118,117,22996,0,0,0,0,4
2020-09-01,US,Kansas,Thomas,54,0,0,39.35107575,-101.0553705,20193.0,694.3551498006942,0.0,54,53,0,0,53,53,7711,1,0,0,1,0
2020-09-01,US,Kansas,Trego,26,1,0,38.91467218,-99.87284448,20195.0,927.577595433464,3.8461538461538463,25,26,1,0,25,26,2793,0,0,0,0,0
2020-09-01,US,Kansas,Wabaunsee,56,0,0,38.95471985,-96.20350509,20197.0,807.9642187274562,0.0,56,56,0,0,56,54,6899,0,0,0,0,2
2020-09-01,US,Kansas,Wallace,5,0,0,38.91686134,-101.76388759999999,20199.0,329.3807641633729,0.0,5,4,0,0,4,2,1503,1,0,0,1,2
2020-09-01,US,Kansas,Washington,9,0,0,39.78420784,-97.08753229999999,20201.0,166.48168701442842,0.0,9,9,0,0,9,5,5420,0,0,0,0,4
2020-09-01,US,Kansas,Wichita,4,0,0,38.48178252,-101.3471509,20203.0,188.76828692779614,0.0,4,4,0,0,4,4,2105,0,0,0,0,0
2020-09-01,US,Kansas,Wilson,16,0,0,37.55937174,-95.74323255,20205.0,187.68328445747798,0.0,16,16,0,0,16,16,8665,0,0,0,0,0
2020-09-01,US,Kansas,Woodson,12,0,0,37.8865336,-95.74006277,20207.0,382.4091778202677,0.0,12,12,0,0,12,12,3183,0,0,0,0,0
2020-09-01,US,Kansas,Wyandotte,6057,114,0,39.11727348,-94.76378225,20209.0,3661.3894782656,1.882119861317484,5943,6029,113,0,5916,6010,165324,28,1,0,27,19
2020-09-01,US,Kentucky,Adair,263,19,0,37.10459774,-85.28129668,21001.0,1369.6489948963651,7.224334600760456,244,260,19,0,241,260,19215,3,0,0,3,0
2020-09-01,US,Kentucky,Allen,254,9,0,36.75197631,-86.19457544,21003.0,1191.6490734224726,3.543307086614173,245,253,9,0,244,253,21122,1,0,0,1,0
2020-09-01,US,Kentucky,Anderson,118,1,0,38.00671029,-84.99171713,21005.0,518.7497252384929,0.8474576271186439,117,115,1,0,114,115,22663,3,0,0,3,0
2020-09-01,US,Kentucky,Ballard,43,0,0,37.05842757,-88.99427697,21007.0,545.131845841785,0.0,43,42,0,0,42,42,7979,1,0,0,1,0
2020-09-01,US,Kentucky,Barren,504,8,0,36.96469836,-85.93338945,21009.0,1139.0087911591222,1.5873015873015872,496,499,8,0,491,499,44176,5,0,0,5,0
2020-09-01,US,Kentucky,Bath,66,1,0,38.14735938,-83.74588932,21011.0,528.0,1.5151515151515151,65,65,1,0,64,65,12383,1,0,0,1,0
2020-09-01,US,Kentucky,Bell,400,7,0,36.73355174,-83.67766671,21013.0,1536.5703749231714,1.75,393,395,7,0,388,395,26569,5,0,0,5,0
2020-09-01,US,Kentucky,Boone,1307,25,0,38.97065142,-84.72615357,21015.0,978.4325615169822,1.912777352716144,1282,1296,25,0,1271,1290,131533,11,0,0,11,6
2020-09-01,US,Kentucky,Bourbon,116,1,0,38.2054607,-84.21827874,21017.0,586.213866990095,0.8620689655172413,115,114,1,0,113,113,20184,2,0,0,2,1
2020-09-01,US,Kentucky,Boyd,245,4,0,38.36176608,-82.68652187,21019.0,524.4231345519928,1.6326530612244898,241,241,4,0,237,239,47240,4,0,0,4,2
2020-09-01,US,Kentucky,Boyle,210,0,0,37.62680923,-84.8633779,21021.0,698.6027944111778,0.0,210,208,0,0,208,208,30100,2,0,0,2,0
2020-09-01,US,Kentucky,Bracken,37,0,0,38.69158994,-84.08532444,21023.0,445.6220643141034,0.0,37,37,0,0,37,37,8239,0,0,0,0,0
2020-09-01,US,Kentucky,Breathitt,56,0,0,37.52333168,-83.31959161,21025.0,443.3887569279493,0.0,56,55,0,0,55,55,12726,1,0,0,1,0
2020-09-01,US,Kentucky,Breckinridge,100,2,0,37.77377239,-86.42885017,21027.0,488.3527860526444,2.0,98,99,2,0,97,95,20388,1,0,0,1,4
2020-09-01,US,Kentucky,Bullitt,633,5,0,37.97162523,-85.68955617,21029.0,775.0134678485724,0.7898894154818326,628,621,5,0,616,617,81069,12,0,0,12,4
2020-09-01,US,Kentucky,Butler,322,16,0,37.20946153,-86.68748787,21031.0,2500.19411444988,4.9689440993788825,306,320,16,0,304,320,12772,2,0,0,2,0
2020-09-01,US,Kentucky,Caldwell,84,0,0,37.14749129,-87.86948214,21033.0,658.9785831960461,0.0,84,79,0,0,79,79,12715,5,0,0,5,0
2020-09-01,US,Kentucky,Calloway,419,7,0,36.62093411,-88.2731593,21035.0,1074.3314273992974,1.6706443914081146,412,413,6,0,407,395,39135,6,1,0,5,18
2020-09-01,US,Kentucky,Campbell,711,17,0,38.94384345,-84.37875208,21037.0,759.7452555992478,2.3909985935302394,694,701,13,0,688,692,93152,10,4,0,6,9
2020-09-01,US,Kentucky,Carlisle,61,1,0,36.85372876,-88.96692220000001,21039.0,1281.5126050420167,1.639344262295082,60,61,1,0,60,60,4771,0,0,0,0,1
2020-09-01,US,Kentucky,Carroll,192,4,0,38.66599534,-85.12601074,21041.0,1806.0389427147024,2.083333333333333,188,189,3,0,186,191,10737,3,1,0,2,-2
2020-09-01,US,Kentucky,Carter,120,3,0,38.31690743,-83.05092385,21043.0,447.81132216292883,2.5,117,116,3,0,113,113,27004,4,0,0,4,3
2020-09-01,US,Kentucky,Casey,247,13,0,37.32533118,-84.92726209,21045.0,1528.5599356395817,5.2631578947368425,234,247,13,0,234,245,15888,0,0,0,0,2
2020-09-01,US,Kentucky,Christian,869,12,0,36.89267803,-87.49055367,21047.0,1233.3063680617647,1.380897583429229,857,861,12,0,849,861,71671,8,0,0,8,0
2020-09-01,US,Kentucky,Clark,255,8,0,37.9689263,-84.14615986,21049.0,703.1960951934477,3.1372549019607843,247,249,8,0,241,243,36249,6,0,0,6,6
2020-09-01,US,Kentucky,Clay,221,6,0,37.16451126,-83.712575,21051.0,1110.4969599517613,2.7149321266968327,215,214,6,0,208,214,20105,7,0,0,7,0
2020-09-01,US,Kentucky,Clinton,71,1,0,36.72581156,-85.13377529,21053.0,694.8522215697789,1.4084507042253518,70,71,1,0,70,71,10206,0,0,0,0,0
2020-09-01,US,Kentucky,Crittenden,60,1,0,37.35839237,-88.08826090000002,21055.0,681.3536225300933,1.6666666666666667,59,52,1,0,51,50,8915,8,0,0,8,2
2020-09-01,US,Kentucky,Cumberland,89,0,0,36.78926125,-85.39050034,21057.0,1345.6304807983067,0.0,89,88,0,0,88,87,6659,1,0,0,1,1
2020-09-01,US,Kentucky,Daviess,978,11,0,37.73028906,-87.09019479999998,21059.0,963.4423855542748,1.1247443762781186,967,961,11,0,950,953,101104,17,0,0,17,8
2020-09-01,US,Kentucky,Edmonson,118,12,0,37.21218923,-86.23955613,21061.0,971.19341563786,10.169491525423727,106,117,12,0,105,117,12274,1,0,0,1,0
2020-09-01,US,Kentucky,Elliott,25,0,0,38.11624059,-83.09771563,21063.0,332.5794864972728,0.0,25,25,0,0,25,25,7508,0,0,0,0,0
2020-09-01,US,Kentucky,Estill,45,0,0,37.69241417,-83.95956369,21065.0,319.0131858783496,0.0,45,43,0,0,43,41,14198,2,0,0,2,2
2020-09-01,US,Kentucky,Fayette,4266,55,0,38.0368225,-84.45576892,21067.0,1320.1218002673666,1.2892639474917955,4211,4188,54,0,4134,4153,323780,78,1,0,77,35
2020-09-01,US,Kentucky,Fleming,73,0,0,38.36758311,-83.69657514,21069.0,500.65153281667915,0.0,73,71,0,0,71,70,14432,2,0,0,2,1
2020-09-01,US,Kentucky,Floyd,148,2,0,37.56213922,-82.74750924,21071.0,415.8588327854112,1.351351351351351,146,145,2,0,143,145,35845,3,0,0,3,0
2020-09-01,US,Kentucky,Franklin,481,11,0,38.2379395,-84.87962551,21073.0,943.3037202643603,2.286902286902287,470,466,11,0,455,466,50815,15,0,0,15,0
2020-09-01,US,Kentucky,Fulton,120,2,0,36.55238827,-89.20140068,21075.0,2010.3869994974032,1.6666666666666667,118,120,2,0,118,120,6120,0,0,0,0,0
2020-09-01,US,Kentucky,Gallatin,95,8,0,38.75398691,-84.8558382,21077.0,1071.1466907204872,8.421052631578947,87,93,8,0,85,93,8832,2,0,0,2,0
2020-09-01,US,Kentucky,Garrard,128,2,0,37.638866799999995,-84.53289319,21079.0,724.5556436091928,1.5625,126,122,2,0,120,119,17560,6,0,0,6,3
2020-09-01,US,Kentucky,Grant,136,6,0,38.64962758,-84.62415957,21081.0,542.502692568511,4.411764705882354,130,136,6,0,130,136,25121,0,0,0,0,0
2020-09-01,US,Kentucky,Graves,648,29,0,36.72292505,-88.65143315,21083.0,1738.8504266623734,4.4753086419753085,619,646,29,0,617,643,37317,2,0,0,2,3
2020-09-01,US,Kentucky,Grayson,261,12,0,37.46231118,-86.34248968,21085.0,987.6262912929958,4.597701149425287,249,259,11,0,248,258,26321,2,1,0,1,1
2020-09-01,US,Kentucky,Green,162,7,0,37.26484328,-85.5540745,21087.0,1480.6690430490814,4.320987654320987,155,158,7,0,151,155,11049,4,0,0,4,3
2020-09-01,US,Kentucky,Greenup,210,2,0,38.54332505,-82.9215658,21089.0,598.3246908655764,0.9523809523809524,208,199,2,0,197,195,35268,11,0,0,11,4
2020-09-01,US,Kentucky,Hancock,59,0,0,37.83766422,-86.78280584,21091.0,676.4503554230681,0.0,59,57,0,0,57,56,8758,2,0,0,2,1
2020-09-01,US,Kentucky,Hardin,939,9,0,37.6976111,-85.96319251,21093.0,846.266154761261,0.9584664536741214,930,917,9,0,908,915,110356,22,0,0,22,2
2020-09-01,US,Kentucky,Harlan,306,8,0,36.85699301,-83.21899516,21095.0,1176.4705882352941,2.6143790849673203,298,299,7,0,292,293,26409,7,1,0,6,6
2020-09-01,US,Kentucky,Harrison,155,0,0,38.44188174,-84.32869741,21097.0,820.7137562215397,0.0,155,151,0,0,151,151,18778,4,0,0,4,0
2020-09-01,US,Kentucky,Hart,131,1,0,37.29943898,-85.88461055,21099.0,688.2059364328868,0.7633587786259542,130,130,1,0,129,130,18906,1,0,0,1,0
2020-09-01,US,Kentucky,Henderson,430,3,0,37.79344553,-87.57392021,21101.0,951.1170095111701,0.6976744186046512,427,424,3,0,421,423,45591,6,0,0,6,1
2020-09-01,US,Kentucky,Henry,162,2,0,38.44942688,-85.11587507,21103.0,1004.5888627061888,1.2345679012345678,160,162,2,0,160,161,16106,0,0,0,0,1
2020-09-01,US,Kentucky,Hickman,68,0,0,36.67948079999999,-88.97875928,21105.0,1552.5114155251142,0.0,68,66,0,0,66,66,4421,2,0,0,2,0
2020-09-01,US,Kentucky,Hopkins,518,36,0,37.30939025,-87.54670406,21107.0,1159.1997493622164,6.94980694980695,482,514,36,0,478,512,45068,4,0,0,4,2
2020-09-01,US,Kentucky,Jackson,243,15,0,37.41866422,-83.99825483,21109.0,1823.0925050641456,6.172839506172839,228,226,15,0,211,223,13442,17,0,0,17,3
2020-09-01,US,Kentucky,Jefferson,11987,265,0,38.18664655,-85.65931031,21111.0,1563.3375371858358,2.2107282889797277,11722,11851,263,0,11588,11741,770517,136,2,0,134,110
2020-09-01,US,Kentucky,Jessamine,461,0,0,37.87119786,-84.58252003,21113.0,851.8894945948442,0.0,461,457,0,0,457,457,53920,4,0,0,4,0
2020-09-01,US,Kentucky,Johnson,124,1,0,37.85106355,-82.8264322,21115.0,558.8606453939067,0.8064516129032258,123,121,1,0,120,117,22386,3,0,0,3,4
2020-09-01,US,Kentucky,Kenton,1720,41,0,38.93950319,-84.53241199,21117.0,1029.9524545204133,2.3837209302325584,1679,1716,41,0,1675,1710,166051,4,0,0,4,6
2020-09-01,US,Kentucky,Knott,89,1,0,37.35388197,-82.94981134,21119.0,601.107659057139,1.1235955056179776,88,89,1,0,88,89,15126,0,0,0,0,0
2020-09-01,US,Kentucky,Knox,361,9,0,36.89225732,-83.85403396,21121.0,1159.0945577139187,2.4930747922437675,352,357,9,0,348,356,31304,4,0,0,4,1
2020-09-01,US,Kentucky,Larue,87,1,0,37.54567114,-85.70138352,21123.0,604.2505903597722,1.1494252873563218,86,83,1,0,82,83,14307,4,0,0,4,0
2020-09-01,US,Kentucky,Laurel,584,5,0,37.10975748,-84.11321779,21125.0,960.3209840001317,0.8561643835616438,579,565,5,0,560,561,60669,19,0,0,19,4
2020-09-01,US,Kentucky,Lawrence,44,0,0,38.07136018,-82.72882223,21127.0,287.26251876999413,0.0,44,43,0,0,43,43,15571,1,0,0,1,0
2020-09-01,US,Kentucky,Lee,12,0,0,37.59645942,-83.71513901,21129.0,162.09644738619482,0.0,12,12,0,0,12,12,7033,0,0,0,0,0
2020-09-01,US,Kentucky,Leslie,40,0,0,37.09246661,-83.37999606,21131.0,404.9812696162802,0.0,40,40,0,0,40,40,10143,0,0,0,0,0
2020-09-01,US,Kentucky,Letcher,73,2,0,37.12306748,-82.85346474,21133.0,338.69994896302137,2.7397260273972597,71,73,2,0,71,73,21899,0,0,0,0,0
2020-09-01,US,Kentucky,Lewis,167,10,0,38.53184419,-83.37735618,21135.0,1258.0037664783424,5.9880239520958085,157,163,10,0,153,162,13257,4,0,0,4,1
2020-09-01,US,Kentucky,Lincoln,141,9,0,37.45475628,-84.6565327,21137.0,574.3614811193937,6.382978723404255,132,139,7,0,132,138,24644,2,2,0,0,1
2020-09-01,US,Kentucky,Livingston,48,1,0,37.21137452,-88.34797529,21139.0,522.0796171416141,2.083333333333333,47,47,1,0,46,46,9242,1,0,0,1,1
2020-09-01,US,Kentucky,Logan,423,26,0,36.85949479,-86.877635,21141.0,1560.7704228470225,6.1465721040189125,397,420,26,0,394,419,26989,3,0,0,3,1
2020-09-01,US,Kentucky,Lyon,40,4,0,37.02080035,-88.07886257,21143.0,487.21071863580994,10.0,36,38,4,0,34,37,8009,2,0,0,2,1
2020-09-01,US,Kentucky,Madison,1085,3,0,37.71659336,-84.27220275,21151.0,1166.8297719035995,0.2764976958525346,1082,1020,3,0,1017,1001,92368,65,0,0,65,19
2020-09-01,US,Kentucky,Magoffin,67,0,0,37.70820545,-83.0657714,21153.0,550.9415344132883,0.0,67,67,0,0,67,67,12362,0,0,0,0,0
2020-09-01,US,Kentucky,Marion,172,2,0,37.55218078,-85.26898542,21155.0,892.4402013179059,1.162790697674419,170,173,2,0,171,174,19404,-1,0,0,-1,-1
2020-09-01,US,Kentucky,Marshall,193,2,0,36.88007070000001,-88.32803576,21157.0,620.5787781350482,1.0362694300518134,191,188,2,0,186,187,31191,5,0,0,5,1
2020-09-01,US,Kentucky,Martin,58,1,0,37.79990579,-82.51247478,21159.0,518.0884323358641,1.7241379310344829,57,55,1,0,54,55,11323,3,0,0,3,0
2020-09-01,US,Kentucky,Mason,97,2,0,38.59471935,-83.82151043,21161.0,568.248388986526,2.061855670103093,95,89,2,0,87,89,17150,8,0,0,8,0
2020-09-01,US,Kentucky,McCracken,516,6,0,37.05350953,-88.70445755,21145.0,788.7737320003669,1.162790697674419,510,510,6,0,504,504,65346,6,0,0,6,6
2020-09-01,US,Kentucky,McCreary,98,0,0,36.73874143,-84.48102924,21147.0,568.7423829145146,0.0,98,94,0,0,94,89,17408,4,0,0,4,5
2020-09-01,US,Kentucky,McLean,53,1,0,37.5301951,-87.26803443,21149.0,575.648962745737,1.8867924528301887,52,53,1,0,52,53,9252,0,0,0,0,0
2020-09-01,US,Kentucky,Meade,126,3,0,37.96163597,-86.21028219,21163.0,440.9911801763965,2.380952380952381,123,125,3,0,122,124,28715,1,0,0,1,1
2020-09-01,US,Kentucky,Menifee,34,0,0,37.94090733,-83.59985712,21165.0,523.9636307597473,0.0,34,33,0,0,33,33,6451,1,0,0,1,0
2020-09-01,US,Kentucky,Mercer,122,1,0,37.81474237,-84.87488475,21167.0,556.2394565266949,0.819672131147541,121,112,1,0,111,111,21774,10,0,0,10,1
2020-09-01,US,Kentucky,Metcalfe,82,2,0,36.99459295,-85.63123699,21169.0,814.2190447820474,2.4390243902439024,80,81,2,0,79,82,10030,1,0,0,1,-1
2020-09-01,US,Kentucky,Monroe,144,3,0,36.71225341,-85.71596443,21171.0,1352.112676056338,2.083333333333333,141,140,2,0,138,139,10718,4,1,0,3,1
2020-09-01,US,Kentucky,Montgomery,199,1,0,38.03253032,-83.9145241,21173.0,706.7514294846753,0.5025125628140703,198,192,1,0,191,190,28203,7,0,0,7,2
2020-09-01,US,Kentucky,Morgan,47,0,0,37.92465657,-83.25558245,21175.0,353.14448869186265,0.0,47,46,0,0,46,45,13345,1,0,0,1,1
2020-09-01,US,Kentucky,Muhlenberg,662,11,0,37.21425819,-87.14632053,21177.0,2161.844425576383,1.661631419939577,651,660,11,0,649,659,30774,2,0,0,2,1
2020-09-01,US,Kentucky,Nelson,334,2,0,37.80335779,-85.4657193,21179.0,722.4277031557547,0.5988023952095808,332,332,2,0,330,331,45851,2,0,0,2,1
2020-09-01,US,Kentucky,Nicholas,23,1,0,38.33342292,-84.01889177,21181.0,316.41216123263166,4.3478260869565215,22,22,1,0,21,22,7166,1,0,0,1,0
2020-09-01,US,Kentucky,Ohio,386,9,0,37.47751843,-86.85368087,21183.0,1608.7355172126365,2.33160621761658,377,386,9,0,377,385,24087,0,0,0,0,1
2020-09-01,US,Kentucky,Oldham,838,23,0,38.39791089,-85.448222,21185.0,1254.509798050869,2.7446300715990453,815,819,23,0,796,810,66470,19,0,0,19,9
2020-09-01,US,Kentucky,Owen,80,1,0,38.51679143,-84.82404619,21187.0,733.8776259058803,1.25,79,81,1,0,80,80,10880,-1,0,0,-1,1
2020-09-01,US,Kentucky,Owsley,34,0,0,37.42823949,-83.68811419,21189.0,770.1019252548132,0.0,34,34,0,0,34,34,4472,0,0,0,0,0
2020-09-01,US,Kentucky,Pendleton,64,0,0,38.69607718,-84.35599463,21191.0,438.6566141192597,0.0,64,63,0,0,63,63,14529,1,0,0,1,0
2020-09-01,US,Kentucky,Perry,289,7,0,37.25023553,-83.22922731,21193.0,1121.9815203043715,2.4221453287197234,282,287,7,0,280,287,26092,2,0,0,2,0
2020-09-01,US,Kentucky,Pike,318,3,0,37.47088263,-82.39487445,21195.0,549.4505494505495,0.9433962264150944,315,317,3,0,314,314,58402,1,0,0,1,3
2020-09-01,US,Kentucky,Powell,75,0,0,37.83218794,-83.82553961,21197.0,606.8452140140788,0.0,75,75,0,0,75,76,12442,0,0,0,0,-1
2020-09-01,US,Kentucky,Pulaski,547,7,0,37.10466131,-84.57629079,21199.0,841.8104310623432,1.279707495429616,540,536,6,0,530,516,64623,11,1,0,10,20
2020-09-01,US,Kentucky,Robertson,6,0,0,38.51923469,-84.05055616,21201.0,284.62998102466787,0.0,6,6,0,0,6,6,2135,0,0,0,0,0
2020-09-01,US,Kentucky,Rockcastle,123,0,0,37.36642393,-84.31176452,21203.0,736.7475292003594,0.0,123,122,0,0,122,121,16750,1,0,0,1,1
2020-09-01,US,Kentucky,Rowan,167,0,0,38.19484205,-83.42088935,21205.0,682.7473426001635,0.0,167,159,0,0,159,159,24583,8,0,0,8,0
2020-09-01,US,Kentucky,Russell,186,6,0,36.99308373,-85.06070117,21207.0,1037.772694303409,3.2258064516129035,180,175,6,0,169,174,17821,11,0,0,11,1
2020-09-01,US,Kentucky,Scott,587,5,0,38.29622293,-84.5816631,21209.0,1029.7522980843448,0.8517887563884157,582,572,5,0,567,572,56031,15,0,0,15,0
2020-09-01,US,Kentucky,Shelby,909,23,0,38.21476019,-85.194223,21211.0,1854.193864229765,2.5302530253025304,886,902,23,0,879,900,48518,7,0,0,7,2
2020-09-01,US,Kentucky,Simpson,215,7,0,36.74058474,-86.58047435,21213.0,1157.6566874865387,3.255813953488372,208,207,7,0,200,207,18529,8,0,0,8,0
2020-09-01,US,Kentucky,Spencer,169,0,0,38.03223971,-85.32749335,21215.0,873.3398790760167,0.0,169,169,0,0,169,169,18794,0,0,0,0,0
2020-09-01,US,Kentucky,Taylor,205,5,0,37.3677562,-85.3329931,21217.0,795.5295122045869,2.4390243902439024,200,203,5,0,198,203,25549,2,0,0,2,0
2020-09-01,US,Kentucky,Todd,146,0,0,36.8381152,-87.17878374,21219.0,1187.5711729298846,0.0,146,139,0,0,139,139,12311,7,0,0,7,0
2020-09-01,US,Kentucky,Trigg,90,0,0,36.80767017,-87.87333656,21221.0,614.2925397583782,0.0,90,86,0,0,86,85,14643,4,0,0,4,1
2020-09-01,US,Kentucky,Trimble,46,0,0,38.61056487,-85.33775972,21223.0,543.0291583048046,0.0,46,46,0,0,46,46,8515,0,0,0,0,0
2020-09-01,US,Kentucky,Union,98,1,0,37.66166713,-87.94300009,21225.0,681.4546971698769,1.020408163265306,97,95,1,0,94,95,14505,3,0,0,3,0
2020-09-01,US,Kentucky,Warren,3344,26,0,36.99903045,-86.42672751,21227.0,2516.2533108596194,0.7775119617224879,3318,3305,26,0,3279,3284,131264,39,0,0,39,21
2020-09-01,US,Kentucky,Washington,124,1,0,37.75599461,-85.17407732,21229.0,1025.2170318313354,0.8064516129032258,123,122,1,0,121,122,12084,2,0,0,2,0
2020-09-01,US,Kentucky,Wayne,97,0,0,36.80310688,-84.8251971,21231.0,477.05700093444153,0.0,97,95,0,0,95,95,20468,2,0,0,2,0
2020-09-01,US,Kentucky,Webster,108,2,0,37.52168356,-87.67989953,21233.0,834.4923504867872,1.851851851851852,106,99,2,0,97,98,13111,9,0,0,9,1
2020-09-01,US,Kentucky,Whitley,203,2,0,36.75700531,-84.14541217,21235.0,559.7838076329142,0.9852216748768472,201,197,2,0,195,195,36242,6,0,0,6,2
2020-09-01,US,Kentucky,Wolfe,27,0,0,37.73941626,-83.49303612,21237.0,377.253038982814,0.0,27,27,0,0,27,27,7177,0,0,0,0,0
2020-09-01,US,Kentucky,Woodford,213,0,0,38.04178222,-84.7417556,21239.0,796.7382359542157,0.0,213,210,0,0,210,207,26533,3,0,0,3,3
2020-09-01,US,Louisiana,Acadia,2817,93,0,30.295064899999996,-92.41419698,22001.0,4540.253042146829,3.301384451544196,2724,2809,93,0,2716,2808,62190,8,0,0,8,1
2020-09-01,US,Louisiana,Allen,1441,40,0,30.65385745,-92.82442028,22003.0,5622.975767744956,2.775850104094379,1401,1447,39,0,1408,1443,25605,-6,1,0,-7,4
2020-09-01,US,Louisiana,Ascension,3377,92,0,30.20406249,-90.91328409999998,22005.0,2667.372278916938,2.7243115190997926,3285,3344,92,0,3252,3324,124672,33,0,0,33,20
2020-09-01,US,Louisiana,Assumption,669,22,0,29.89946234,-91.06461642,22007.0,3056.050431684255,3.2884902840059786,647,667,22,0,645,664,22300,2,0,0,2,3
2020-09-01,US,Louisiana,Avoyelles,1294,45,0,31.07796211,-92.00079449,22009.0,3223.395775209246,3.4775888717156107,1249,1285,45,0,1240,1279,40462,9,0,0,9,6
2020-09-01,US,Louisiana,Beauregard,941,31,0,30.64836518,-93.34173616,22011.0,2509.5340960610183,3.2943676939426143,910,942,31,0,911,940,37253,-1,0,0,-1,2
2020-09-01,US,Louisiana,Bienville,418,32,0,32.34569994,-93.05398492,22013.0,3156.861264254965,7.655502392344498,386,414,31,0,383,417,13308,4,1,0,3,-3
2020-09-01,US,Louisiana,Bossier,2728,92,0,32.67932307,-93.60460152,22015.0,2147.3720668456144,3.372434017595308,2636,2703,92,0,2611,2693,127185,25,0,0,25,10
2020-09-01,US,Louisiana,Caddo,7452,322,0,32.57991587,-93.88375652,22017.0,3102.3629914572607,4.320987654320987,7130,7417,320,0,7097,7407,242922,35,2,0,33,10
2020-09-01,US,Louisiana,Calcasieu,7445,190,0,30.22931235,-93.35400434,22019.0,3659.627597868617,2.5520483546004034,7255,7441,182,0,7259,7439,203112,4,8,0,-4,2
2020-09-01,US,Louisiana,Caldwell,280,3,0,32.0902519,-92.11752148,22021.0,2823.149828594475,1.0714285714285714,277,279,3,0,276,278,9960,1,0,0,1,1
2020-09-01,US,Louisiana,Cameron,208,1,0,29.87592238,-93.19310676,22023.0,2982.934174673741,0.4807692307692308,207,202,1,0,201,203,6968,6,0,0,6,-1
2020-09-01,US,Louisiana,Catahoula,375,6,0,31.66778967,-91.84526385,22025.0,3949.8630714135243,1.6,369,371,6,0,365,369,9608,4,0,0,4,2
2020-09-01,US,Louisiana,Claiborne,380,13,0,32.82308512,-92.99526883,22027.0,2425.015954052329,3.421052631578948,367,376,13,0,363,373,15944,4,0,0,4,3
2020-09-01,US,Louisiana,Concordia,436,10,0,31.44817835,-91.63814433,22029.0,2263.876629108469,2.2935779816513757,426,433,10,0,423,433,19572,3,0,0,3,0
2020-09-01,US,Louisiana,De Soto,818,33,0,32.05457447,-93.74130302,22031.0,2978.5529621672795,4.034229828850855,785,817,33,0,784,816,27436,1,0,0,1,1
2020-09-01,US,Louisiana,East Baton Rouge,13826,414,0,30.53842039,-91.09777565,22033.0,3141.851433557773,2.9943584550846234,13412,13778,410,0,13368,13727,440956,48,4,0,44,51
2020-09-01,US,Louisiana,East Carroll,529,3,0,32.73926954,-91.23425694,22035.0,7710.246319778458,0.5671077504725898,526,533,3,0,530,532,7037,-4,0,0,-4,1
2020-09-01,US,Louisiana,East Feliciana,1102,45,0,30.84425359,-91.04976723,22037.0,5759.0802194930775,4.083484573502722,1057,1092,45,0,1047,1079,19305,10,0,0,10,13
2020-09-01,US,Louisiana,Evangeline,1118,27,0,30.72985248,-92.39915924,22039.0,3347.8065578679443,2.415026833631485,1091,1119,24,0,1095,1115,33443,-1,3,0,-4,4
2020-09-01,US,Louisiana,Franklin,1088,31,0,32.13675181,-91.67589857,22041.0,5435.923057706721,2.8492647058823533,1057,1086,30,0,1056,1081,20156,2,1,0,1,5
2020-09-01,US,Louisiana,Grant,435,28,0,31.59882456,-92.56124347,22043.0,1942.918397427308,6.436781609195402,407,430,28,0,402,430,22482,5,0,0,5,0
2020-09-01,US,Louisiana,Iberia,2717,87,0,29.86803617,-91.75871777,22045.0,3890.877846197909,3.202061096797939,2630,2715,87,0,2628,2711,70941,2,0,0,2,4
2020-09-01,US,Louisiana,Iberville,1344,54,0,30.25734305,-91.3499598,22047.0,4133.985420319276,4.017857142857143,1290,1332,54,0,1278,1331,32721,12,0,0,12,1
2020-09-01,US,Louisiana,Jackson,475,21,0,32.30251776,-92.55692092,22049.0,3017.0223577235774,4.421052631578949,454,477,21,0,456,470,15902,-2,0,0,-2,7
2020-09-01,US,Louisiana,Jefferson,16526,549,0,29.74075478,-90.11115756,22051.0,3821.1023068581458,3.3220380007261285,15977,16461,546,0,15915,16438,434051,65,3,0,62,23
2020-09-01,US,Louisiana,Jefferson Davis,1166,36,0,30.26896765,-92.81210004,22053.0,3717.1639887783726,3.0874785591766725,1130,1160,35,0,1125,1160,31582,6,1,0,5,0
2020-09-01,US,Louisiana,LaSalle,391,5,0,31.67884782,-92.15907765,22059.0,2625.570776255708,1.278772378516624,386,381,5,0,376,382,14917,10,0,0,10,-1
2020-09-01,US,Louisiana,Lafayette,8275,111,0,30.2049055,-92.06959876,22055.0,3385.9814231351534,1.341389728096677,8164,8275,111,0,8164,8251,242782,0,0,0,0,24
2020-09-01,US,Louisiana,Lafourche,3284,109,0,29.52470226,-90.40976986,22057.0,3364.271518429733,3.3191230207064555,3175,3268,108,0,3160,3263,98115,16,1,0,15,5
2020-09-01,US,Louisiana,Lincoln,912,40,0,32.6003154,-92.66597409999999,22061.0,1951.1360232767106,4.385964912280701,872,906,40,0,866,905,47196,6,0,0,6,1
2020-09-01,US,Louisiana,Livingston,3405,66,0,30.44143993,-90.73061664,22063.0,2418.512809949641,1.9383259911894275,3339,3364,66,0,3298,3368,139567,41,0,0,41,-4
2020-09-01,US,Louisiana,Madison,825,7,0,32.36918118,-91.23973355,22065.0,7533.558579125194,0.8484848484848485,818,791,7,0,784,790,11161,34,0,0,34,1
2020-09-01,US,Louisiana,Morehouse,602,17,0,32.81686191,-91.80421614,22067.0,2420.197796896357,2.8239202657807314,585,597,17,0,580,595,25398,5,0,0,5,2
2020-09-01,US,Louisiana,Natchitoches,922,23,0,31.72321584,-93.09816516,22069.0,2416.2691964987685,2.4945770065075923,899,919,22,0,897,920,38659,3,1,0,2,-1
2020-09-01,US,Louisiana,Orleans,11573,577,0,30.06971951,-89.92660315,22071.0,2966.3406332020995,4.9857426769204185,10996,11514,577,0,10937,11494,391006,59,0,0,59,20
2020-09-01,US,Louisiana,Ouachita,5509,129,0,32.47645559,-92.15704172,22073.0,3594.0996483536555,2.34162279905609,5380,5481,128,0,5353,5468,154475,28,1,0,27,13
2020-09-01,US,Louisiana,Plaquemines,538,19,0,29.42245447,-89.60322085,22075.0,2319.2654222528777,3.5315985130111525,519,525,19,0,506,521,23410,13,0,0,13,4
2020-09-01,US,Louisiana,Pointe Coupee,957,37,0,30.71409502,-91.60209535,22077.0,4404.049700874367,3.8662486938349008,920,948,37,0,911,941,21940,9,0,0,9,7
2020-09-01,US,Louisiana,Rapides,3839,135,0,31.19778499,-92.52997303,22079.0,2961.094656300136,3.5165407658244336,3704,3833,135,0,3698,3827,130562,6,0,0,6,6
2020-09-01,US,Louisiana,Red River,321,20,0,32.09530039,-93.34213308,22081.0,3802.416488983653,6.230529595015576,301,320,20,0,300,318,8477,1,0,0,1,2
2020-09-01,US,Louisiana,Richland,696,9,0,32.41391005,-91.76634876,22083.0,3458.9007056952587,1.293103448275862,687,687,9,0,678,686,20192,9,0,0,9,1
2020-09-01,US,Louisiana,Sabine,750,13,0,31.56388699,-93.55433981,22085.0,3140.17752470273,1.7333333333333334,737,743,13,0,730,742,24032,7,0,0,7,1
2020-09-01,US,Louisiana,St. Bernard,1242,27,0,29.87761636,-89.51887093,22087.0,2628.905257810516,2.1739130434782608,1215,1238,27,0,1211,1233,46721,4,0,0,4,5
2020-09-01,US,Louisiana,St. Charles,1660,56,0,29.90709658,-90.35555967,22089.0,3126.1770244821087,3.3734939759036147,1604,1648,55,0,1593,1643,52879,12,1,0,11,5
2020-09-01,US,Louisiana,St. Helena,373,2,0,30.82210324,-90.71013176,22091.0,3681.405448085274,0.5361930294906166,371,365,2,0,363,367,10262,8,0,0,8,-2
2020-09-01,US,Louisiana,St. James,761,36,0,30.02531716,-90.80212061,22093.0,3607.3189230185817,4.730617608409987,725,761,36,0,725,759,21037,0,0,0,0,2
2020-09-01,US,Louisiana,St. John the Baptist,1515,96,0,30.12597499,-90.4753503,22095.0,3536.662231248687,6.336633663366338,1419,1512,96,0,1416,1513,43184,3,0,0,3,-1
2020-09-01,US,Louisiana,St. Landry,3110,115,0,30.59724262,-92.00135806,22097.0,3786.9563099702887,3.6977491961414786,2995,3098,113,0,2985,3096,82764,12,2,0,10,2
2020-09-01,US,Louisiana,St. Martin,1975,57,0,30.13112107,-91.61403569,22099.0,3696.356047987124,2.8860759493670884,1918,1962,56,0,1906,1964,53621,13,1,0,12,-2
2020-09-01,US,Louisiana,St. Mary,1768,70,0,29.69262097,-91.44702164,22101.0,3582.718651211802,3.959276018099548,1698,1762,70,0,1692,1757,49774,6,0,0,6,5
2020-09-01,US,Louisiana,St. Tammany,6087,239,0,30.40942847,-89.95642711,22103.0,2337.387057011969,3.9264005257105303,5848,6053,237,0,5816,6037,258111,34,2,0,32,16
2020-09-01,US,Louisiana,Tangipahoa,4071,98,0,30.62888673,-90.40664996,22105.0,3020.970925659329,2.407270940800786,3973,4046,98,0,3948,4030,133777,25,0,0,25,16
2020-09-01,US,Louisiana,Tensas,151,1,0,32.00760749,-91.32915234,22107.0,3484.079372404245,0.6622516556291391,150,146,1,0,145,147,4462,5,0,0,5,-1
2020-09-01,US,Louisiana,Terrebonne,3347,99,0,29.37343766,-90.82626855,22109.0,3030.028697911481,2.9578727218404537,3248,3343,99,0,3244,3333,111021,4,0,0,4,10
2020-09-01,US,Louisiana,Unassigned,186,163,0,0.0,0.0,90022.0,0.0,87.63440860215056,23,190,163,0,27,188,,-4,0,0,-4,2
2020-09-01,US,Louisiana,Union,829,39,0,32.83121059,-92.3749373,22111.0,3749.773837524877,4.704463208685163,790,825,39,0,786,823,22330,4,0,0,4,2
2020-09-01,US,Louisiana,Vermilion,1873,46,0,29.83517605,-92.30292538,22113.0,3147.317302683537,2.455953016550988,1827,1867,46,0,1821,1861,59830,6,0,0,6,6
2020-09-01,US,Louisiana,Vernon,957,39,0,31.10884837,-93.18153838,22115.0,2017.7528516308587,4.075235109717869,918,954,39,0,915,956,48860,3,0,0,3,-2
2020-09-01,US,Louisiana,Washington,1473,60,0,30.85288548,-90.03866652,22117.0,3188.725808546565,4.073319755600815,1413,1460,60,0,1400,1460,46582,13,0,0,13,0
2020-09-01,US,Louisiana,Webster,1030,20,0,32.70847669,-93.33121835,22119.0,2686.4893062076158,1.9417475728155342,1010,1032,19,0,1013,1030,38798,-2,1,0,-3,2
2020-09-01,US,Louisiana,West Baton Rouge,829,39,0,30.46058217,-91.30989571,22121.0,3132.439070470433,4.704463208685163,790,833,39,0,794,832,26427,-4,0,0,-4,1
2020-09-01,US,Louisiana,West Carroll,314,9,0,32.78550125,-91.461201,22123.0,2899.353647276085,2.8662420382165603,305,315,9,0,306,312,10982,-1,0,0,-1,3
2020-09-01,US,Louisiana,West Feliciana,575,20,0,30.87882871,-91.41485379999999,22125.0,3693.473792394656,3.4782608695652173,555,553,20,0,533,549,15460,22,0,0,22,4
2020-09-01,US,Louisiana,Winn,552,16,0,31.94449367,-92.63789413,22127.0,3970.0805523590334,2.898550724637681,536,548,16,0,532,546,14134,4,0,0,4,2
2020-09-01,US,Maine,Androscoggin,615,10,0,44.1664747,-70.20380627,23001.0,567.9876612761713,1.6260162601626016,605,613,10,0,603,612,107679,2,0,0,2,1
2020-09-01,US,Maine,Aroostook,38,1,0,46.65926321,-68.59841248,23003.0,56.66989784505257,2.631578947368421,37,38,1,0,37,38,67111,0,0,0,0,0
2020-09-01,US,Maine,Cumberland,2196,70,0,43.8370751,-70.37226999,23005.0,744.3992094995642,3.1876138433515484,2126,2191,70,0,2121,2187,293557,5,0,0,5,4
2020-09-01,US,Maine,Franklin,52,1,0,44.97330019,-70.44381045,23007.0,172.19113215669393,1.9230769230769231,51,53,1,0,52,53,29897,-1,0,0,-1,0
2020-09-01,US,Maine,Hancock,47,1,0,44.59816444,-68.38401854,23009.0,85.47474857693636,2.127659574468085,46,45,1,0,44,45,54811,2,0,0,2,0
2020-09-01,US,Maine,Kennebec,192,11,0,44.40759555,-69.76738544,23011.0,156.98843845562627,5.729166666666668,181,190,11,0,179,188,122083,2,0,0,2,2
2020-09-01,US,Maine,Knox,29,1,0,44.11486325,-69.10529169,23013.0,72.91561902846225,3.4482758620689653,28,29,1,0,28,29,39771,0,0,0,0,0
2020-09-01,US,Maine,Lincoln,36,1,0,44.05996956,-69.54227124,23015.0,103.94410117225848,2.7777777777777777,35,36,1,0,35,36,34342,0,0,0,0,0
2020-09-01,US,Maine,Oxford,65,0,0,44.49952995,-70.75682123,23017.0,112.11729193617936,0.0,65,64,0,0,64,61,57618,1,0,0,1,3
2020-09-01,US,Maine,Penobscot,230,6,0,45.40194593,-68.65020455,23019.0,151.1685989957147,2.608695652173913,224,229,6,0,223,229,151096,1,0,0,1,0
2020-09-01,US,Maine,Piscataquis,8,0,0,45.83839062,-69.2860223,23021.0,47.66160262138814,0.0,8,8,0,0,8,8,16800,0,0,0,0,0
2020-09-01,US,Maine,Sagadahoc,61,0,0,43.95415864,-69.85074999,23023.0,170.12494422132974,0.0,61,61,0,0,61,60,35634,0,0,0,0,1
2020-09-01,US,Maine,Somerset,54,1,0,45.51229767,-69.95995554,23025.0,106.96458283812693,1.851851851851852,53,51,1,0,50,51,50592,3,0,0,3,0
2020-09-01,US,Maine,Unassigned,1,0,0,0.0,0.0,90023.0,0.0,0.0,1,3,0,0,3,3,,-2,0,0,-2,0
2020-09-01,US,Maine,Waldo,69,14,0,44.4858305,-69.12061935,23027.0,173.73788241218682,20.28985507246377,55,69,14,0,55,69,39694,0,0,0,0,0
2020-09-01,US,Maine,Washington,15,0,0,45.01607142,-67.62813524,23029.0,47.802670575862855,0.0,15,15,0,0,15,15,31490,0,0,0,0,0
2020-09-01,US,Maine,York,841,15,0,43.47808377,-70.71052375,23031.0,405.02598234452734,1.78359096313912,826,834,15,0,819,830,206229,7,0,0,7,4
2020-09-01,US,Maryland,Allegany,395,20,0,39.62357628,-78.69280486,24001.0,560.9520563508294,5.063291139240507,375,393,20,0,373,391,70975,2,0,0,2,2
2020-09-01,US,Maryland,Anne Arundel,8400,237,0,39.00670238,-76.60329337,24003.0,1450.1911144718717,2.821428571428572,8163,8351,236,0,8115,8300,576031,49,1,0,48,51
2020-09-01,US,Maryland,Baltimore,15593,604,0,39.45784712,-76.62911955,24005.0,1884.6465305727786,3.8735329955749376,14989,15479,602,0,14877,15382,828431,114,2,0,112,97
2020-09-01,US,Maryland,Baltimore City,14535,461,0,39.30211911,-76.61151012,24510.0,2449.072435929839,3.1716546267629857,14074,14478,463,0,14015,14424,621342,57,-2,0,59,54
2020-09-01,US,Maryland,Calvert,791,28,0,38.53961642,-76.56820632,24009.0,854.9040799783843,3.5398230088495577,763,788,28,0,760,786,92003,3,0,0,3,2
2020-09-01,US,Maryland,Caroline,513,3,0,38.87172293,-75.82904158,24011.0,1535.6522780338862,0.5847953216374269,510,510,3,0,507,504,33304,3,0,0,3,6
2020-09-01,US,Maryland,Carroll,1700,123,0,39.56453592,-77.02373735,24013.0,1009.219517118144,7.235294117647059,1577,1694,123,0,1571,1686,168429,6,0,0,6,8
2020-09-01,US,Maryland,Cecil,795,31,0,39.56647682,-75.94627411,24015.0,772.9327694326965,3.89937106918239,764,788,31,0,757,782,102826,7,0,0,7,6
2020-09-01,US,Maryland,Charles,2403,94,0,38.51092331,-76.98580666,24017.0,1471.9123835425128,3.9117769454848106,2309,2394,94,0,2300,2382,161503,9,0,0,9,12
2020-09-01,US,Maryland,Dorchester,462,6,0,38.45413522,-76.02752426,24019.0,1446.96044348398,1.2987012987012987,456,461,6,0,455,458,31998,1,0,0,1,3
2020-09-01,US,Maryland,Frederick,3505,125,0,39.47296601,-77.39999394,24021.0,1350.429787283228,3.5663338088445085,3380,3492,125,0,3367,3477,255648,13,0,0,13,15
2020-09-01,US,Maryland,Garrett,63,0,0,39.52786077,-79.27355126,24023.0,217.1365547666644,0.0,63,63,0,0,63,63,29163,0,0,0,0,0
2020-09-01,US,Maryland,Harford,2500,70,0,39.55010644,-76.30775940000002,24025.0,978.6995822910184,2.8,2430,2475,69,0,2406,2459,253956,25,1,0,24,16
2020-09-01,US,Maryland,Howard,4415,117,0,39.25305293,-76.93126208,24027.0,1355.5835303509473,2.6500566251415627,4298,4381,117,0,4264,4367,323196,34,0,0,34,14
2020-09-01,US,Maryland,Kent,264,24,0,39.24976208,-76.04741541,24029.0,1359.2832869941305,9.090909090909092,240,263,24,0,239,263,19383,1,0,0,1,0
2020-09-01,US,Maryland,Montgomery,20103,821,0,39.13676329,-77.20358245,24031.0,1913.3177498934035,4.083967567029797,19282,20006,821,0,19185,19946,1052567,97,0,0,97,60
2020-09-01,US,Maryland,Prince George's,26356,793,0,38.83070039,-76.8496441,24033.0,2898.4072836284417,3.0088025497040523,25563,26215,792,0,25423,26151,909308,141,1,0,140,64
2020-09-01,US,Maryland,Queen Anne's,556,26,0,39.06198912,-76.03530977,24035.0,1103.5906393283183,4.676258992805756,530,553,26,0,527,543,50251,3,0,0,3,10
2020-09-01,US,Maryland,Somerset,196,4,0,38.1163542,-75.75118623,24039.0,765.1467832604621,2.0408163265306123,192,195,4,0,191,192,25675,1,0,0,1,3
2020-09-01,US,Maryland,St. Mary's,1121,55,0,38.30058422,-76.60629279999998,24037.0,987.5781869438816,4.906333630686887,1066,1112,55,0,1057,1108,112664,9,0,0,9,4
2020-09-01,US,Maryland,Talbot,473,4,0,38.76618159,-76.10882561,24041.0,1272.1551329980366,0.8456659619450317,469,473,4,0,469,472,36968,0,0,0,0,1
2020-09-01,US,Maryland,Unassigned,0,11,0,0.0,0.0,90024.0,0.0,0.0,-11,0,8,0,-8,0,,0,3,0,-3,0
2020-09-01,US,Maryland,Washington,1321,33,0,39.60835778,-77.82002295,24043.0,874.5506425067363,2.498107494322483,1288,1312,33,0,1279,1308,150926,9,0,0,9,4
2020-09-01,US,Maryland,Wicomico,1568,47,0,38.37301947,-75.62705831,24045.0,1513.3820421005896,2.997448979591837,1521,1565,47,0,1518,1547,103195,3,0,0,3,18
2020-09-01,US,Maryland,Worcester,835,24,0,38.21274277,-75.33200012,24047.0,1597.291300022955,2.8742514970059885,811,808,24,0,784,800,51823,27,0,0,27,8
2020-09-01,US,Massachusetts,Barnstable,1630,165,0,41.72980578,-70.28854339,25001.0,765.2941452650357,10.122699386503069,1465,1624,165,0,1459,1619,213413,6,0,0,6,5
2020-09-01,US,Massachusetts,Berkshire,665,46,0,42.37428441,-73.20524838,25003.0,532.2384428223843,6.917293233082707,619,662,46,0,616,661,126348,3,0,0,3,1
2020-09-01,US,Massachusetts,Bristol,9175,659,0,41.79228404,-71.10872211,25005.0,1623.270354571784,7.182561307901907,8516,9141,659,0,8482,9108,564022,34,0,0,34,33
2020-09-01,US,Massachusetts,Dukes and Nantucket,98,1,0,41.40674725,-70.68763497,0.0,341.09498451150324,1.020408163265306,97,97,1,0,96,97,26707,1,0,0,1,0
2020-09-01,US,Massachusetts,Essex,18056,1240,0,42.6687626,-70.94687179,25009.0,2288.367801640994,6.867523260965884,16816,18007,1239,0,16768,17979,790638,49,1,0,48,28
2020-09-01,US,Massachusetts,Franklin,392,65,0,42.58119713,-72.58602547,25011.0,558.5636933599317,16.581632653061224,327,391,65,0,326,389,70963,1,0,0,1,2
2020-09-01,US,Massachusetts,Hampden,7680,747,0,42.13440424,-72.63235561,25013.0,1646.7540932989114,9.7265625,6933,7664,746,0,6918,7638,470406,16,1,0,15,26
2020-09-01,US,Massachusetts,Hampshire,1173,140,0,42.33997957,-72.65898478,25015.0,729.3415407573214,11.935208866155158,1033,1167,140,0,1027,1165,161355,6,0,0,6,2
2020-09-01,US,Massachusetts,Middlesex,25374,2071,0,42.48607732,-71.39049229,25017.0,1574.363451239965,8.161898005832743,23303,25307,2070,0,23237,25237,1614714,67,1,0,66,70
2020-09-01,US,Massachusetts,Norfolk,9547,1018,0,42.16073095,-71.20530408,25021.0,1350.783488380319,10.663035508536714,8529,9530,1018,0,8512,9503,705388,17,0,0,17,27
2020-09-01,US,Massachusetts,Plymouth,9118,742,0,41.94070556,-70.80802823,25023.0,1749.4176921807666,8.137749506470717,8376,9097,742,0,8355,9084,518132,21,0,0,21,13
2020-09-01,US,Massachusetts,Suffolk,22434,1110,0,42.327951399999996,-71.07850442,25025.0,2790.621303210446,4.947847017919231,21324,22354,1109,0,21245,22285,807252,80,1,0,79,69
2020-09-01,US,Massachusetts,Unassigned,10088,5,0,0.0,0.0,90025.0,0.0,0.049563838223632035,10083,10075,5,0,10070,10069,,13,0,0,13,6
2020-09-01,US,Massachusetts,Worcester,13458,1055,0,42.35026951,-71.90493363,25027.0,1620.231585486539,7.839203447763412,12403,13417,1055,0,12362,13395,830839,41,0,0,41,22
2020-09-01,US,Michigan,Alcona,36,2,0,44.6846864,-83.59507875,26001.0,345.9875060067276,5.5555555555555545,34,34,2,0,32,33,10362,2,0,0,2,1
2020-09-01,US,Michigan,Alger,17,0,0,46.41292944,-86.60260122,26003.0,186.649099692578,0.0,17,17,0,0,17,17,9097,0,0,0,0,0
2020-09-01,US,Michigan,Allegan,644,6,0,42.59147037,-85.89102866,26005.0,545.3883351258881,0.9316770186335404,638,643,6,0,637,637,117327,1,0,0,1,6
2020-09-01,US,Michigan,Alpena,133,14,0,45.03477666,-83.62212411,26007.0,468.2274247491639,10.526315789473683,119,132,14,0,118,132,28360,1,0,0,1,0
2020-09-01,US,Michigan,Antrim,60,0,0,44.99690221,-85.15503082,26009.0,257.2457554450352,0.0,60,60,0,0,60,58,23365,0,0,0,0,2
2020-09-01,US,Michigan,Arenac,59,3,0,44.0636262,-83.89277559,26011.0,396.4254518578244,5.084745762711863,56,59,3,0,56,55,15041,0,0,0,0,4
2020-09-01,US,Michigan,Baraga,8,0,0,46.6720582,-88.36363591,26013.0,97.45401388719698,0.0,8,8,0,0,8,8,8320,0,0,0,0,0
2020-09-01,US,Michigan,Barry,216,2,0,42.59513984,-85.30834519,26015.0,350.9341998375305,0.925925925925926,214,214,2,0,212,215,61157,2,0,0,2,-1
2020-09-01,US,Michigan,Bay,831,41,0,43.70639106,-83.98731479,26017.0,805.8103678994628,4.9338146811071,790,825,41,0,784,814,103923,6,0,0,6,11
2020-09-01,US,Michigan,Benzie,47,2,0,44.63899297,-86.01608482,26019.0,264.55026455026456,4.25531914893617,45,47,2,0,45,46,17753,0,0,0,0,1
2020-09-01,US,Michigan,Berrien,1624,70,0,41.95447397,-86.41313079999998,26021.0,1058.6632420909905,4.310344827586206,1554,1614,70,0,1544,1604,154141,10,0,0,10,10
2020-09-01,US,Michigan,Branch,491,3,0,41.91600556,-85.05929476,26023.0,1128.2946894317165,0.6109979633401222,488,483,3,0,480,472,43622,8,0,0,8,11
2020-09-01,US,Michigan,Calhoun,1004,44,0,42.24633834,-85.00493569,26025.0,748.3657451233238,4.382470119521912,960,994,44,0,950,983,134487,10,0,0,10,11
2020-09-01,US,Michigan,Cass,417,16,0,41.91522292,-85.99405727,26027.0,805.2213876069284,3.836930455635492,401,412,16,0,396,411,51653,5,0,0,5,1
2020-09-01,US,Michigan,Charlevoix,73,2,0,45.37790017,-85.19614053,26029.0,279.233446811766,2.7397260273972597,71,72,2,0,70,73,26244,1,0,0,1,-1
2020-09-01,US,Michigan,Cheboygan,80,2,0,45.44787015,-84.50122149,26031.0,316.5057762304162,2.5,78,79,2,0,77,79,25413,1,0,0,1,0
2020-09-01,US,Michigan,Chippewa,58,0,0,46.29552653,-84.54353449,26033.0,155.29197568877345,0.0,58,57,0,0,57,57,37517,1,0,0,1,0
2020-09-01,US,Michigan,Clare,101,4,0,43.98794227,-84.84819859999998,26035.0,326.33279483037154,3.96039603960396,97,99,4,0,95,100,30757,2,0,0,2,-1
2020-09-01,US,Michigan,Clinton,499,13,0,42.94400871,-84.60145248,26037.0,626.9238017463407,2.6052104208416837,486,488,13,0,475,488,79332,11,0,0,11,0
2020-09-01,US,Michigan,Crawford,113,5,0,44.68255561,-84.61006219,26039.0,805.4743745099437,4.424778761061948,108,113,5,0,108,113,13901,0,0,0,0,0
2020-09-01,US,Michigan,Delta,160,3,0,45.90484910000001,-86.9080745,26041.0,447.127207690588,1.875,157,157,3,0,154,151,35857,3,0,0,3,6
2020-09-01,US,Michigan,Dickinson,65,2,0,46.00999672,-87.86961634,26043.0,257.53793731922815,3.0769230769230766,63,65,2,0,63,65,25383,0,0,0,0,0
2020-09-01,US,Michigan,Eaton,518,9,0,42.59599185,-84.83740035,26045.0,469.7645735843581,1.7374517374517375,509,512,8,0,504,510,109826,6,1,0,5,2
2020-09-01,US,Michigan,Emmet,127,3,0,45.52625509,-84.89083249,26047.0,380.06883136316026,2.3622047244094486,124,125,2,0,123,122,33308,2,1,0,1,3
2020-09-01,US,Michigan,Federal Correctional Institution (FCI),196,5,0,0.0,0.0,0.0,0.0,2.5510204081632653,191,196,5,0,191,196,,0,0,0,0,0
2020-09-01,US,Michigan,Genesee,3980,305,0,43.02244215,-83.70589709,26049.0,980.7472900079596,7.663316582914572,3675,3967,305,0,3662,3960,406892,13,0,0,13,7
2020-09-01,US,Michigan,Gladwin,79,2,0,43.98901072,-84.38774817,26051.0,310.4247711108491,2.5316455696202533,77,78,2,0,76,75,25337,1,0,0,1,3
2020-09-01,US,Michigan,Gogebic,144,1,0,46.40862701,-89.69377193,26053.0,1030.4114490161003,0.6944444444444444,143,144,1,0,143,144,15096,0,0,0,0,0
2020-09-01,US,Michigan,Grand Traverse,358,7,0,44.69565625,-85.55585247,26055.0,384.5823306978343,1.9553072625698324,351,353,6,0,347,347,92573,5,1,0,4,6
2020-09-01,US,Michigan,Gratiot,189,15,0,43.29265605,-84.60505416,26057.0,464.2479919432095,7.936507936507938,174,188,15,0,173,185,40599,1,0,0,1,3
2020-09-01,US,Michigan,Hillsdale,304,26,0,41.88753639,-84.59312019,26059.0,666.5935752658702,8.552631578947368,278,303,26,0,277,302,45749,1,0,0,1,1
2020-09-01,US,Michigan,Houghton,80,1,0,46.89988536,-88.68495385,26061.0,224.1901132160072,1.25,79,74,1,0,73,72,36219,6,0,0,6,2
2020-09-01,US,Michigan,Huron,203,4,0,43.83353985,-83.04078453,26063.0,655.2403085762243,1.9704433497536944,199,201,4,0,197,200,31166,2,0,0,2,1
2020-09-01,US,Michigan,Ingham,1796,40,0,42.59716886,-84.37472069,26065.0,614.2144826029562,2.2271714922049,1756,1783,41,0,1742,1772,292735,13,-1,0,14,11
2020-09-01,US,Michigan,Ionia,300,7,0,42.94502238,-85.07413319,26067.0,463.70001700233394,2.333333333333333,293,298,7,0,291,297,64210,2,0,0,2,1
2020-09-01,US,Michigan,Iosco,143,12,0,44.35486835,-83.63484895,26069.0,569.1089266526047,8.391608391608392,131,143,12,0,131,143,25081,0,0,0,0,0
2020-09-01,US,Michigan,Iron,35,1,0,46.20974132,-88.53136251,26071.0,316.2841135008133,2.8571428571428568,34,35,1,0,34,33,11117,0,0,0,0,2
2020-09-01,US,Michigan,Isabella,507,9,0,43.64060976,-84.84664923,26073.0,725.6125486604076,1.7751479289940828,498,491,9,0,482,472,70562,16,0,0,16,19
2020-09-01,US,Michigan,Jackson,843,40,0,42.24807035,-84.42258681,26075.0,531.8276449435367,4.744958481613286,803,827,40,0,787,820,158823,16,0,0,16,7
2020-09-01,US,Michigan,Kalamazoo,1965,88,0,42.24542231,-85.53038622,26077.0,741.3248021247539,4.478371501272265,1877,1942,88,0,1854,1935,264870,23,0,0,23,7
2020-09-01,US,Michigan,Kalkaska,65,4,0,44.68512729,-85.09085699,26079.0,360.3503714380752,6.153846153846153,61,65,4,0,61,65,17824,0,0,0,0,0
2020-09-01,US,Michigan,Kent,8531,168,0,43.03197711,-85.54934642,26081.0,1298.5668729212807,1.9692884773180168,8363,8484,167,0,8317,8443,653786,47,1,0,46,41
2020-09-01,US,Michigan,Keweenaw,2,0,0,47.63197653,-88.41434263,26083.0,94.5179584120983,0.0,2,2,0,0,2,2,2113,0,0,0,0,0
2020-09-01,US,Michigan,Lake,29,0,0,43.99050893,-85.802173,26085.0,244.6637981945499,0.0,29,29,0,0,29,29,11881,0,0,0,0,0
2020-09-01,US,Michigan,Lapeer,536,35,0,43.09052506,-83.22153148,26087.0,611.8232561325008,6.529850746268656,501,536,35,0,501,533,88028,0,0,0,0,3
2020-09-01,US,Michigan,Leelanau,92,1,0,44.94430054,-85.80150326,26089.0,422.7746886632048,1.0869565217391304,91,91,1,0,90,90,21764,1,0,0,1,1
2020-09-01,US,Michigan,Lenawee,600,13,0,41.89475156,-84.06603727,26091.0,609.4402291495262,2.1666666666666665,587,570,13,0,557,561,98266,30,0,0,30,9
2020-09-01,US,Michigan,Livingston,1123,29,0,42.60302282,-83.91297209,26093.0,584.9110653923277,2.5823686553873557,1094,1109,29,0,1080,1096,191224,14,0,0,14,13
2020-09-01,US,Michigan,Luce,5,0,0,46.47227431,-85.54471223,26095.0,80.26970621287526,0.0,5,5,0,0,5,5,6283,0,0,0,0,0
2020-09-01,US,Michigan,Mackinac,37,0,0,46.07028979,-85.04980537,26097.0,342.624317066395,0.0,37,37,0,0,37,36,10787,0,0,0,0,1
2020-09-01,US,Michigan,Macomb,12883,969,0,42.69158356,-82.92752801,26099.0,1474.074684314829,7.521540013971901,11914,12780,968,0,11812,12755,874759,103,1,0,102,25
2020-09-01,US,Michigan,Manistee,55,1,0,44.33352407,-86.05626916,26101.0,223.95960583109368,1.818181818181818,54,54,1,0,53,54,24528,1,0,0,1,0
2020-09-01,US,Michigan,Marquette,248,11,0,46.4338914,-87.64043701,26103.0,371.81966746128126,4.435483870967742,237,244,11,0,233,243,66516,4,0,0,4,1
2020-09-01,US,Michigan,Mason,120,0,0,43.99509218,-86.24988902,26105.0,411.7485588800438,0.0,120,120,0,0,120,119,29100,0,0,0,0,1
2020-09-01,US,Michigan,Mecosta,92,2,0,43.64064262,-85.32463223,26107.0,211.7230110694313,2.1739130434782608,90,88,2,0,86,86,43545,4,0,0,4,2
2020-09-01,US,Michigan,Menominee,253,0,0,45.58038692,-87.55370409,26109.0,1110.6233538191395,0.0,253,250,0,0,250,246,22983,3,0,0,3,4
2020-09-01,US,Michigan,Michigan Department of Corrections (MDOC),5301,71,0,0.0,0.0,0.0,0.0,1.3393699302018487,5230,5284,71,0,5213,5276,,17,0,0,17,8
2020-09-01,US,Michigan,Midland,425,11,0,43.64330771,-84.38804374,26111.0,511.08759440088517,2.588235294117647,414,417,11,0,406,413,83209,8,0,0,8,4
2020-09-01,US,Michigan,Missaukee,47,1,0,44.33772443,-85.09256478,26113.0,310.88768355602593,2.127659574468085,46,46,1,0,45,44,15113,1,0,0,1,2
2020-09-01,US,Michigan,Monroe,1325,27,0,41.92734151,-83.53749864,26115.0,880.3986710963455,2.037735849056604,1298,1320,27,0,1293,1310,150439,5,0,0,5,10
2020-09-01,US,Michigan,Montcalm,230,4,0,43.31082541,-85.15252824,26117.0,360.00500876533937,1.7391304347826086,226,224,4,0,220,225,63968,6,0,0,6,-1
2020-09-01,US,Michigan,Montmorency,12,0,0,45.0275929,-84.12696227,26119.0,128.6449399656947,0.0,12,12,0,0,12,12,9265,0,0,0,0,0
2020-09-01,US,Michigan,Muskegon,1346,68,0,43.29123859,-86.15176712,26121.0,775.4975052717697,5.052005943536403,1278,1339,67,0,1272,1335,173588,7,1,0,6,4
2020-09-01,US,Michigan,Newaygo,300,1,0,43.554373999999996,-85.80070107,26123.0,612.4948958758678,0.3333333333333333,299,298,1,0,297,296,48892,2,0,0,2,2
2020-09-01,US,Michigan,Oakland,18168,1165,0,42.66090111,-83.38595416,26125.0,1444.6748686370056,6.412373403786877,17003,18053,1163,0,16890,17996,1259201,115,2,0,113,57
2020-09-01,US,Michigan,Oceana,501,6,0,43.64124435,-86.26726673,26127.0,1892.9232629311973,1.1976047904191616,495,501,6,0,495,500,26625,0,0,0,0,1
2020-09-01,US,Michigan,Ogemaw,58,5,0,44.33481032,-84.12725175,26129.0,276.22993761013475,8.620689655172415,53,58,4,0,54,57,20952,0,1,0,-1,1
2020-09-01,US,Michigan,Ontonagon,35,0,0,46.665226200000006,-89.31390481,26131.0,611.8881118881119,0.0,35,34,0,0,34,34,5795,1,0,0,1,0
2020-09-01,US,Michigan,Osceola,79,0,0,43.98992088,-85.32566756,26133.0,336.74339300937766,0.0,79,79,0,0,79,77,23341,0,0,0,0,2
2020-09-01,US,Michigan,Oscoda,29,1,0,44.68192279,-84.12939244,26135.0,351.8990413784735,3.4482758620689653,28,29,1,0,28,29,8276,0,0,0,0,0
2020-09-01,US,Michigan,Otsego,147,11,0,45.02085831,-84.59898295,26137.0,595.9137343927355,7.482993197278912,136,144,11,0,133,144,24665,3,0,0,3,0
2020-09-01,US,Michigan,Ottawa,2204,63,0,42.95996803,-85.9969107,26139.0,755.2342116985916,2.8584392014519056,2141,2149,63,0,2086,2112,290494,55,0,0,55,37
2020-09-01,US,Michigan,Out of MI,120,0,0,0.0,0.0,80026.0,0.0,0.0,120,113,0,0,113,113,,7,0,0,7,0
2020-09-01,US,Michigan,Presque Isle,21,1,0,45.34018577,-83.91498656,26141.0,166.77255400254128,4.761904761904762,20,21,1,0,20,21,12738,0,0,0,0,0
2020-09-01,US,Michigan,Roscommon,76,4,0,44.33473082,-84.61067651,26143.0,316.41617053166243,5.2631578947368425,72,76,4,0,72,76,23884,0,0,0,0,0
2020-09-01,US,Michigan,Saginaw,2539,132,0,43.33433923,-84.05131209999998,26145.0,1332.5355963870911,5.198897203623473,2407,2528,133,0,2395,2506,190800,11,-1,0,12,22
2020-09-01,US,Michigan,Sanilac,126,7,0,43.42406072,-82.82055898,26151.0,306.04809327179987,5.5555555555555545,119,125,7,0,118,125,41182,1,0,0,1,0
2020-09-01,US,Michigan,Schoolcraft,15,0,0,46.19235734,-86.19972234,26153.0,185.32246108228318,0.0,15,15,0,0,15,15,8068,0,0,0,0,0
2020-09-01,US,Michigan,Shiawassee,435,30,0,42.95392800000001,-84.14585902,26155.0,638.5602301752738,6.896551724137932,405,421,29,0,392,419,68192,14,1,0,13,2
2020-09-01,US,Michigan,St. Clair,930,53,0,42.92655373,-82.67937954,26147.0,584.435171685687,5.698924731182796,877,923,53,0,870,919,159337,7,0,0,7,4
2020-09-01,US,Michigan,St. Joseph,685,11,0,41.91441767,-85.52797979,26149.0,1123.613936093432,1.6058394160583942,674,683,11,0,672,680,61043,2,0,0,2,3
2020-09-01,US,Michigan,Tuscola,455,29,0,43.46606813,-83.41897025,26157.0,870.8967365298115,6.373626373626371,426,454,29,0,425,451,52516,1,0,0,1,3
2020-09-01,US,Michigan,Unassigned,16,0,0,0.0,0.0,90026.0,0.0,0.0,16,19,0,0,19,16,,-3,0,0,-3,3
2020-09-01,US,Michigan,Van Buren,637,16,0,42.25190229,-86.01939087,26159.0,841.7352696327814,2.5117739403453694,621,628,16,0,612,624,75448,9,0,0,9,4
2020-09-01,US,Michigan,Washtenaw,2922,115,0,42.253105,-83.83853204,26161.0,794.8835830152801,3.935660506502396,2807,2903,115,0,2788,2890,370963,19,0,0,19,13
2020-09-01,US,Michigan,Wayne,31357,2889,0,42.28098405,-83.281255,26163.0,1792.5015277164057,9.213253818924004,28468,31231,2883,0,28348,31153,1753893,126,6,0,120,78
2020-09-01,US,Michigan,Wexford,105,4,0,44.33853602,-85.57712739,26165.0,312.2119473105172,3.809523809523809,101,102,4,0,98,99,33466,3,0,0,3,3
2020-09-01,US,Minnesota,Aitkin,51,1,0,46.60962049,-93.41168259999999,27001.0,321.0373914138235,1.96078431372549,50,48,1,0,47,48,15902,3,0,0,3,0
2020-09-01,US,Minnesota,Anoka,4782,121,0,45.27476015,-93.24604565,27003.0,1339.7922789636925,2.5303220409870346,4661,4741,121,0,4620,4681,353813,41,0,0,41,60
2020-09-01,US,Minnesota,Becker,200,2,0,46.93479392,-95.67158144,27005.0,581.0068849315866,1.0,198,198,2,0,196,197,34371,2,0,0,2,1
2020-09-01,US,Minnesota,Beltrami,321,1,0,47.97373527,-94.93732139,27007.0,680.2576926337205,0.3115264797507788,320,321,1,0,320,319,46847,0,0,0,0,2
2020-09-01,US,Minnesota,Benton,409,3,0,45.69804958,-93.99514135,27009.0,1000.2690210080953,0.7334963325183375,406,402,3,0,399,398,40545,7,0,0,7,4
2020-09-01,US,Minnesota,Big Stone,35,0,0,45.42712824,-96.41403739,27011.0,701.2622720897616,0.0,35,35,0,0,35,34,4989,0,0,0,0,1
2020-09-01,US,Minnesota,Blue Earth,1278,5,0,44.03554215,-94.06699781,27013.0,1889.0514833045092,0.3912363067292645,1273,1243,5,0,1238,1223,67427,35,0,0,35,20
2020-09-01,US,Minnesota,Brown,131,2,0,44.24205652,-94.72562874,27015.0,523.8323736404351,1.5267175572519085,129,128,2,0,126,130,25111,3,0,0,3,-2
2020-09-01,US,Minnesota,Carlton,193,1,0,46.59180601,-92.67601019,27017.0,538.0390844972262,0.5181347150259067,192,191,1,0,190,188,35837,2,0,0,2,3
2020-09-01,US,Minnesota,Carver,1128,4,0,44.82017001,-93.80099179999999,27019.0,1073.375900427257,0.3546099290780142,1124,1123,4,0,1119,1113,103551,5,0,0,5,10
2020-09-01,US,Minnesota,Cass,105,3,0,46.95043611,-94.32603968,27021.0,352.59746801437257,2.8571428571428568,102,105,3,0,102,103,29519,0,0,0,0,2
2020-09-01,US,Minnesota,Chippewa,136,1,0,45.02343421,-95.56403693,27023.0,1152.542372881356,0.7352941176470589,135,135,1,0,134,135,11924,1,0,0,1,0
2020-09-01,US,Minnesota,Chisago,319,1,0,45.5021011,-92.90861945,27025.0,563.8134290107638,0.31347962382445144,318,316,1,0,315,311,55922,3,0,0,3,5
2020-09-01,US,Minnesota,Clay,893,40,0,46.89289518,-96.48761922,27027.0,1390.4892404471989,4.479283314669654,853,880,40,0,840,872,63955,13,0,0,13,8
2020-09-01,US,Minnesota,Clearwater,19,0,0,47.57992111,-95.37790562,27029.0,215.46836017237467,0.0,19,19,0,0,19,19,8810,0,0,0,0,0
2020-09-01,US,Minnesota,Cook,6,0,0,47.90504893,-90.52629546,27031.0,109.82976386600771,0.0,6,6,0,0,6,6,5393,0,0,0,0,0
2020-09-01,US,Minnesota,Cottonwood,204,0,0,44.00715262,-95.18138802,27033.0,1822.0793140407288,0.0,204,203,0,0,203,200,11277,1,0,0,1,3
2020-09-01,US,Minnesota,Crow Wing,312,16,0,46.48096553,-94.06755609,27035.0,479.5941895319345,5.128205128205129,296,309,16,0,293,303,64889,3,0,0,3,6
2020-09-01,US,Minnesota,Dakota,5973,111,0,44.67172617,-93.06299363,27037.0,1392.2395407217828,1.8583626318432949,5862,5936,110,0,5826,5867,425423,37,1,0,36,69
2020-09-01,US,Minnesota,Dodge,156,0,0,44.02238415,-92.86244324,27039.0,745.1991974777874,0.0,156,158,0,0,158,157,20822,-2,0,0,-2,1
2020-09-01,US,Minnesota,Douglas,171,1,0,45.93348491,-95.45335469,27041.0,448.3364358564274,0.5847953216374269,170,167,1,0,166,166,37964,4,0,0,4,1
2020-09-01,US,Minnesota,Faribault,115,0,0,43.67381499,-93.94787458,27043.0,842.3057203545009,0.0,115,117,0,0,117,115,13758,-2,0,0,-2,2
2020-09-01,US,Minnesota,Fillmore,86,0,0,43.67394126,-92.08980382,27045.0,408.22138890207435,0.0,86,86,0,0,86,86,21058,0,0,0,0,0
2020-09-01,US,Minnesota,Freeborn,403,1,0,43.67385583,-93.34884422,27047.0,1330.8675407020905,0.2481389578163772,402,401,1,0,400,400,30444,2,0,0,2,1
2020-09-01,US,Minnesota,Goodhue,261,9,0,44.40849741,-92.72341949999999,27049.0,563.2283124730253,3.4482758620689653,252,267,9,0,258,263,46403,-6,0,0,-6,4
2020-09-01,US,Minnesota,Grant,55,4,0,45.93424769,-96.01139609,27051.0,920.9645010046886,7.272727272727272,51,55,4,0,51,55,6021,0,0,0,0,0
2020-09-01,US,Minnesota,Hennepin,23209,881,0,45.00761521,-93.47694895,27053.0,1833.4817192969429,3.795941229695377,22328,23134,879,0,22255,22984,1259428,75,2,0,73,150
2020-09-01,US,Minnesota,Houston,77,0,0,43.67129565,-91.49143057,27055.0,413.97849462365593,0.0,77,77,0,0,77,76,18578,0,0,0,0,1
2020-09-01,US,Minnesota,Hubbard,46,0,0,47.10778564,-94.91693868,27057.0,214.04308780419709,0.0,46,45,0,0,45,44,21332,1,0,0,1,1
2020-09-01,US,Minnesota,Isanti,177,0,0,45.56181234,-93.29487636,27059.0,436.0035471475022,0.0,177,175,0,0,175,174,39966,2,0,0,2,1
2020-09-01,US,Minnesota,Itasca,201,12,0,47.51009045,-93.63092229,27061.0,445.38001329492585,5.970149253731344,189,198,12,0,186,196,45108,3,0,0,3,2
2020-09-01,US,Minnesota,Jackson,96,1,0,43.67423373,-95.15398258,27063.0,975.0152346130408,1.0416666666666667,95,96,1,0,95,95,9911,0,0,0,0,1
2020-09-01,US,Minnesota,Kanabec,65,5,0,45.9459309,-93.29275192,27065.0,397.8698659484605,7.6923076923076925,60,65,5,0,60,65,16207,0,0,0,0,0
2020-09-01,US,Minnesota,Kandiyohi,820,1,0,45.1526059,-95.00586446,27067.0,1898.1920877798093,0.12195121951219512,819,816,1,0,815,814,42855,4,0,0,4,2
2020-09-01,US,Minnesota,Kittson,7,0,0,48.77754106,-96.78317184,27069.0,162.86644951140062,0.0,7,7,0,0,7,7,4248,0,0,0,0,0
2020-09-01,US,Minnesota,Koochiching,88,3,0,48.24539665,-93.78352843,27071.0,719.6009485648868,3.4090909090909087,85,88,3,0,85,87,12440,0,0,0,0,1
2020-09-01,US,Minnesota,Lac qui Parle,17,0,0,44.9973857,-96.17488219,27073.0,256.68126226785444,0.0,17,15,0,0,15,15,6658,2,0,0,2,0
2020-09-01,US,Minnesota,Lake,34,0,0,47.64270764,-91.44557998,27075.0,319.5188422140776,0.0,34,34,0,0,34,33,10658,0,0,0,0,1
2020-09-01,US,Minnesota,Lake of the Woods,10,0,0,48.77217001,-94.90274472,27077.0,267.379679144385,0.0,10,7,0,0,7,7,3758,3,0,0,3,0
2020-09-01,US,Minnesota,Le Sueur,384,2,0,44.37136597,-93.72844721,27079.0,1329.3176861564025,0.5208333333333334,382,378,2,0,376,375,28494,6,0,0,6,3
2020-09-01,US,Minnesota,Lincoln,70,0,0,44.41311883,-96.26688165,27081.0,1241.354850150736,0.0,70,69,0,0,69,68,5673,1,0,0,1,1
2020-09-01,US,Minnesota,Lyon,538,3,0,44.41327865,-95.83806103,27083.0,2111.957289785664,0.5576208178438662,535,525,3,0,522,516,25629,13,0,0,13,9
2020-09-01,US,Minnesota,Mahnomen,37,1,0,47.32557075,-95.80921485,27087.0,669.4409263614981,2.702702702702702,36,35,1,0,34,35,5519,2,0,0,2,0
2020-09-01,US,Minnesota,Marshall,37,0,0,48.35825983,-96.37017407,27089.0,396.3153384747215,0.0,37,36,0,0,36,35,9390,1,0,0,1,1
2020-09-01,US,Minnesota,Martin,236,6,0,43.67429718,-94.55099908,27091.0,1199.0042168368645,2.5423728813559316,230,236,6,0,230,231,19785,0,0,0,0,5
2020-09-01,US,Minnesota,McLeod,367,1,0,44.82367677,-94.27287017,27085.0,1022.4834926030144,0.2724795640326976,366,362,1,0,361,360,35873,5,0,0,5,2
2020-09-01,US,Minnesota,Meeker,110,2,0,45.12328869,-94.52839455,27093.0,473.6887434329515,1.818181818181818,108,108,2,0,106,108,23141,2,0,0,2,0
2020-09-01,US,Minnesota,Mille Lacs,101,3,0,45.93705297,-93.63236823,27095.0,384.36655630399207,2.9702970297029703,98,102,3,0,99,99,26139,-1,0,0,-1,3
2020-09-01,US,Minnesota,Morrison,119,1,0,46.01265363,-94.27341528,27097.0,356.43682980890196,0.8403361344537815,118,117,1,0,116,114,33169,2,0,0,2,3
2020-09-01,US,Minnesota,Mower,1185,3,0,43.67142874,-92.75234549,27099.0,2957.915231391343,0.2531645569620253,1182,1179,3,0,1176,1176,40011,6,0,0,6,3
2020-09-01,US,Minnesota,Murray,144,2,0,44.02216709,-95.76328482,27101.0,1757.3834513058334,1.3888888888888888,142,141,1,0,140,141,8276,3,1,0,2,0
2020-09-01,US,Minnesota,Nicollet,442,15,0,44.35291112,-94.24710352,27103.0,1289.6072824881835,3.3936651583710407,427,442,15,0,427,438,34220,0,0,0,0,4
2020-09-01,US,Minnesota,Nobles,1869,13,0,43.67434621,-95.75329576,27105.0,8641.17619862222,0.6955591225254146,1856,1865,13,0,1852,1863,21924,4,0,0,4,2
2020-09-01,US,Minnesota,Norman,46,0,0,47.32628443,-96.45620947,27107.0,721.5686274509802,0.0,46,46,0,0,46,46,6475,0,0,0,0,0
2020-09-01,US,Minnesota,Olmsted,2045,24,0,44.00374114,-92.40209944,27109.0,1291.9080439438258,1.1735941320293402,2021,2036,24,0,2012,2016,156277,9,0,0,9,20
2020-09-01,US,Minnesota,Otter Tail,299,4,0,46.40846929,-95.70835255,27111.0,508.9708235454329,1.3377926421404682,295,294,4,0,290,293,58812,5,0,0,5,1
2020-09-01,US,Minnesota,Pennington,91,1,0,48.06642577,-96.0370814,27113.0,644.5215666831929,1.0989010989010992,90,88,1,0,87,87,14178,3,0,0,3,1
2020-09-01,US,Minnesota,Pine,157,0,0,46.12105238,-92.74070188,27115.0,530.7819736975557,0.0,157,155,0,0,155,152,29483,2,0,0,2,3
2020-09-01,US,Minnesota,Pipestone,187,9,0,44.02301619,-96.25841142,27117.0,2049.090510628972,4.81283422459893,178,187,9,0,178,187,9047,0,0,0,0,0
2020-09-01,US,Minnesota,Polk,204,4,0,47.77372465,-96.40134647,27119.0,650.4272414232877,1.96078431372549,200,200,4,0,196,199,31529,4,0,0,4,1
2020-09-01,US,Minnesota,Pope,64,0,0,45.58606667,-95.44451209,27121.0,568.9394612854476,0.0,64,64,0,0,64,64,11097,0,0,0,0,0
2020-09-01,US,Minnesota,Ramsey,9243,298,0,45.01625271,-93.09872295,27123.0,1679.5651992200915,3.2240614519095536,8945,9203,298,0,8905,9132,550210,40,0,0,40,71
2020-09-01,US,Minnesota,Red Lake,29,0,0,47.87197525,-96.09561104,27125.0,715.1664611590628,0.0,29,29,0,0,29,29,3999,0,0,0,0,0
2020-09-01,US,Minnesota,Redwood,66,0,0,44.40555844,-95.25207021,27127.0,435.06921555702036,0.0,66,62,0,0,62,61,15249,4,0,0,4,1
2020-09-01,US,Minnesota,Renville,84,6,0,44.72836381,-94.94553734,27129.0,577.398955182843,7.142857142857142,78,84,6,0,78,84,14612,0,0,0,0,0
2020-09-01,US,Minnesota,Rice,1199,8,0,44.3543376,-93.29658715,27131.0,1790.3004240578152,0.6672226855713094,1191,1193,8,0,1185,1185,66523,6,0,0,6,8
2020-09-01,US,Minnesota,Rock,107,0,0,43.67482683,-96.25296832,27133.0,1148.6849168008591,0.0,107,104,0,0,104,103,9414,3,0,0,3,1
2020-09-01,US,Minnesota,Roseau,74,0,0,48.77501878,-95.81079919,27135.0,487.9657105176393,0.0,74,73,0,0,73,73,15150,1,0,0,1,0
2020-09-01,US,Minnesota,Scott,2021,32,0,44.6490231,-93.53340251,27139.0,1356.2575077342246,1.5833745670460169,1989,2010,31,0,1979,1992,147381,11,1,0,10,18
2020-09-01,US,Minnesota,Sherburne,920,13,0,45.44447208,-93.77617511,27141.0,946.1321705506076,1.4130434782608696,907,915,13,0,902,910,96036,5,0,0,5,5
2020-09-01,US,Minnesota,Sibley,140,3,0,44.5796592,-94.23164924,27143.0,941.8096199125464,2.142857142857143,137,140,3,0,137,139,15028,0,0,0,0,1
2020-09-01,US,Minnesota,St. Louis,902,23,0,47.604840700000004,-92.46879855,27137.0,453.1069473049681,2.5498891352549893,879,885,23,0,862,867,199754,17,0,0,17,18
2020-09-01,US,Minnesota,Stearns,3285,22,0,45.55192576,-94.61078221,27145.0,2039.4226292099954,0.6697108066971079,3263,3268,22,0,3246,3244,159256,17,0,0,17,24
2020-09-01,US,Minnesota,Steele,436,2,0,44.02240351,-93.22627088,27147.0,1189.6641108897925,0.4587155963302753,434,433,2,0,431,428,36803,3,0,0,3,5
2020-09-01,US,Minnesota,Stevens,52,0,0,45.58613007,-96.00163705,27149.0,530.3416624171341,0.0,52,47,0,0,47,45,9753,5,0,0,5,2
2020-09-01,US,Minnesota,Swift,65,1,0,45.2829032,-95.68264092,27151.0,701.4893157781136,1.5384615384615383,64,65,1,0,64,63,9345,0,0,0,0,2
2020-09-01,US,Minnesota,Todd,451,2,0,46.06996226,-94.89785296,27153.0,1828.5760622770028,0.4434589800443459,449,449,2,0,447,449,24582,2,0,0,2,0
2020-09-01,US,Minnesota,Traverse,21,0,0,45.77298854,-96.47062949,27155.0,644.3694384780607,0.0,21,21,0,0,21,21,3308,0,0,0,0,0
2020-09-01,US,Minnesota,Unassigned,164,49,0,0.0,0.0,90027.0,0.0,29.87804878048781,115,159,49,0,110,154,,5,0,0,5,5
2020-09-01,US,Minnesota,Wabasha,124,0,0,44.28424356,-92.23121312,27157.0,573.3573773523838,0.0,124,123,0,0,123,122,21645,1,0,0,1,1
2020-09-01,US,Minnesota,Wadena,49,0,0,46.58589171,-94.96968506,27159.0,358.1347756175997,0.0,49,49,0,0,49,49,13773,0,0,0,0,0
2020-09-01,US,Minnesota,Waseca,270,3,0,44.02211116,-93.58720034,27161.0,1450.676982591876,1.1111111111111112,267,266,3,0,263,258,18691,4,0,0,4,8
2020-09-01,US,Minnesota,Washington,3003,54,0,45.03864533,-92.88429635,27163.0,1144.2615454961133,1.7982017982017982,2949,2996,54,0,2942,2962,259201,7,0,0,7,34
2020-09-01,US,Minnesota,Watonwan,445,4,0,43.97823903,-94.61413846,27165.0,4083.692759475085,0.8988764044943821,441,443,4,0,439,438,10980,2,0,0,2,5
2020-09-01,US,Minnesota,Wilkin,51,3,0,46.35721532,-96.4684375,27167.0,821.6529724504593,5.882352941176472,48,51,3,0,48,51,6254,0,0,0,0,0
2020-09-01,US,Minnesota,Winona,481,17,0,43.98772283,-91.78081305,27169.0,952.777117502575,3.5343035343035343,464,446,17,0,429,427,50825,35,0,0,35,19
2020-09-01,US,Minnesota,Wright,1262,6,0,45.17297924,-93.96234781,27171.0,912.0012718876692,0.4754358161648177,1256,1251,6,0,1245,1229,136349,11,0,0,11,22
2020-09-01,US,Minnesota,Yellow Medicine,90,1,0,44.71710183,-95.86842453,27173.0,926.9749716757648,1.1111111111111112,89,87,1,0,86,85,9795,3,0,0,3,2
2020-09-01,US,Mississippi,Adams,791,32,0,31.47669768,-91.35326037,28001.0,2577.134851594826,4.04551201011378,759,791,32,0,759,790,31192,0,0,0,0,1
2020-09-01,US,Mississippi,Alcorn,641,6,0,34.88084463,-88.57996173,28003.0,1734.6358888317593,0.93603744149766,635,630,6,0,624,624,36925,11,0,0,11,6
2020-09-01,US,Mississippi,Amite,278,7,0,31.17467303,-90.80501621,28005.0,2260.7139952834023,2.5179856115107917,271,275,7,0,268,273,12326,3,0,0,3,2
2020-09-01,US,Mississippi,Attala,585,25,0,33.08658803,-89.57838564,28007.0,3218.8841201716737,4.2735042735042725,560,583,25,0,558,583,18365,2,0,0,2,0
2020-09-01,US,Mississippi,Benton,194,1,0,34.81681228,-89.18945516,28009.0,2348.952657706744,0.5154639175257731,193,193,1,0,192,194,8271,1,0,0,1,-1
2020-09-01,US,Mississippi,Bolivar,1512,51,0,33.79696941,-90.87372121,28011.0,4936.659266031083,3.373015873015873,1461,1492,49,0,1443,1488,31333,20,2,0,18,4
2020-09-01,US,Mississippi,Calhoun,476,10,0,33.93683395,-89.33686647,28013.0,3314.532414177286,2.100840336134454,466,470,10,0,460,470,14436,6,0,0,6,0
2020-09-01,US,Mississippi,Carroll,292,12,0,33.44834567,-89.91994479,28015.0,2935.558459837137,4.109589041095891,280,292,12,0,280,291,9911,0,0,0,0,1
2020-09-01,US,Mississippi,Chickasaw,598,22,0,33.91983202,-88.9481545,28017.0,3496.4626088990235,3.6789297658862883,576,592,22,0,570,584,17171,6,0,0,6,8
2020-09-01,US,Mississippi,Choctaw,158,4,0,33.34598242,-89.24809382,28019.0,1924.4823386114488,2.5316455696202533,154,155,4,0,151,155,8278,3,0,0,3,0
2020-09-01,US,Mississippi,Claiborne,440,16,0,31.97061673,-90.90702196,28021.0,4895.416110369381,3.636363636363636,424,440,16,0,424,439,9002,0,0,0,0,1
2020-09-01,US,Mississippi,Clarke,468,30,0,32.04158545,-88.68896219999998,28023.0,3011.389228492375,6.410256410256411,438,462,30,0,432,462,15604,6,0,0,6,0
2020-09-01,US,Mississippi,Clay,481,16,0,33.65358105,-88.77784255,28025.0,2490.163594947194,3.3264033264033266,465,473,15,0,458,472,19386,8,1,0,7,1
2020-09-01,US,Mississippi,Coahoma,987,19,0,34.22772299,-90.60415045,28027.0,4461.218586150787,1.9250253292806483,968,984,19,0,965,975,22628,3,0,0,3,9
2020-09-01,US,Mississippi,Copiah,1100,31,0,31.86977774,-90.44565118,28029.0,3919.4726527703547,2.8181818181818183,1069,1095,31,0,1064,1092,28543,5,0,0,5,3
2020-09-01,US,Mississippi,Covington,719,17,0,31.63225413,-89.55389939,28031.0,3858.124060957287,2.364394993045897,702,718,17,0,701,719,18853,1,0,0,1,-1
2020-09-01,US,Mississippi,DeSoto,4671,45,0,34.87625235,-89.99091418,28033.0,2525.615723593501,0.9633911368015414,4626,4624,44,0,4580,4585,182001,47,1,0,46,39
2020-09-01,US,Mississippi,Forrest,2140,63,0,31.18961454,-89.25832496,28035.0,2857.257300025369,2.9439252336448596,2077,2128,62,0,2066,2125,75036,12,1,0,11,3
2020-09-01,US,Mississippi,Franklin,176,3,0,31.47786634,-90.89672989,28037.0,2281.861791780112,1.7045454545454546,173,175,3,0,172,175,7788,1,0,0,1,0
2020-09-01,US,Mississippi,George,687,13,0,30.86259065,-88.64436789,28039.0,2804.0816326530608,1.8922852983988356,674,685,13,0,672,684,24250,2,0,0,2,1
2020-09-01,US,Mississippi,Greene,298,14,0,31.21444233,-88.63922281,28041.0,2193.434417783012,4.697986577181208,284,295,14,0,281,294,13586,3,0,0,3,1
2020-09-01,US,Mississippi,Grenada,952,32,0,33.77036166,-89.80245083,28043.0,4586.183640042394,3.361344537815126,920,947,32,0,915,941,21055,5,0,0,5,6
2020-09-01,US,Mississippi,Hancock,501,20,0,30.41830223,-89.48851033,28045.0,1051.8139066174,3.992015968063872,481,495,20,0,475,490,47334,6,0,0,6,5
2020-09-01,US,Mississippi,Harrison,3336,57,0,30.51359752,-89.12467576,28047.0,1603.2295271049595,1.70863309352518,3279,3300,57,0,3243,3285,206650,36,0,0,36,15
2020-09-01,US,Mississippi,Hinds,6547,140,0,32.2656285,-90.44435448,28049.0,2823.9302967563835,2.1383839926683983,6407,6531,140,0,6391,6523,237085,16,0,0,16,8
2020-09-01,US,Mississippi,Holmes,1045,54,0,33.12345854,-90.08923538,28051.0,6143.445032333922,5.167464114832536,991,1041,54,0,987,1039,17622,4,0,0,4,2
2020-09-01,US,Mississippi,Humphreys,338,15,0,33.12825718,-90.52252707,28053.0,4191.4682539682535,4.437869822485207,323,336,14,0,322,335,8257,2,1,0,1,1
2020-09-01,US,Mississippi,Issaquena,98,3,0,32.72531359,-90.97392828,28055.0,7385.079125847778,3.0612244897959178,95,97,3,0,94,97,1308,1,0,0,1,0
2020-09-01,US,Mississippi,Itawamba,581,17,0,34.27993475,-88.3606733,28057.0,2483.9675074818297,2.9259896729776247,564,557,17,0,540,555,23517,24,0,0,24,2
2020-09-01,US,Mississippi,Jackson,3052,60,0,30.54020656,-88.64184064,28059.0,2125.096611125424,1.965923984272608,2992,3005,60,0,2945,2990,143277,47,0,0,47,15
2020-09-01,US,Mississippi,Jasper,484,13,0,32.01922104,-89.11786866,28061.0,2954.2818775560027,2.6859504132231407,471,481,13,0,468,480,16428,3,0,0,3,1
2020-09-01,US,Mississippi,Jefferson,221,9,0,31.73397872,-91.03764977,28063.0,3161.659513590844,4.072398190045249,212,221,9,0,212,219,7106,0,0,0,0,2
2020-09-01,US,Mississippi,Jefferson Davis,305,9,0,31.56884708,-89.82670990000004,28065.0,2740.8339324227177,2.950819672131148,296,303,9,0,294,303,11234,2,0,0,2,0
2020-09-01,US,Mississippi,Jones,2169,73,0,31.62257767,-89.16896899999998,28067.0,3185.1155687391692,3.3656062701705856,2096,2159,72,0,2087,2153,68461,10,1,0,9,6
2020-09-01,US,Mississippi,Kemper,273,15,0,32.75462946,-88.64105766,28069.0,2802.299322521043,5.494505494505495,258,270,15,0,255,270,10027,3,0,0,3,0
2020-09-01,US,Mississippi,Lafayette,1470,36,0,34.35687874,-89.48490961,28071.0,2721.264740184009,2.4489795918367347,1434,1436,35,0,1401,1419,54793,34,1,0,33,17
2020-09-01,US,Mississippi,Lamar,1440,30,0,31.20572971,-89.5077704,28073.0,2273.3372274758067,2.083333333333333,1410,1437,29,0,1408,1438,62447,3,1,0,2,-1
2020-09-01,US,Mississippi,Lauderdale,1782,108,0,32.40419769,-88.66229662,28075.0,2404.047217537943,6.0606060606060606,1674,1756,106,0,1650,1755,75317,26,2,0,24,1
2020-09-01,US,Mississippi,Lawrence,404,10,0,31.55147224,-90.10841127,28077.0,3209.91577943747,2.4752475247524752,394,402,10,0,392,402,12455,2,0,0,2,0
2020-09-01,US,Mississippi,Leake,883,31,0,32.7536828,-89.52402044,28079.0,3875.186518037392,3.5107587768969424,852,878,31,0,847,878,22763,5,0,0,5,0
2020-09-01,US,Mississippi,Lee,2211,58,0,34.291877500000005,-88.68149954,28081.0,2587.902055339669,2.6232473993668024,2153,2177,56,0,2121,2162,85202,34,2,0,32,15
2020-09-01,US,Mississippi,Leflore,1244,75,0,33.55545125,-90.29900733,28083.0,4414.008444807153,6.028938906752412,1169,1235,75,0,1160,1234,28919,9,0,0,9,1
2020-09-01,US,Mississippi,Lincoln,974,51,0,31.53288662,-90.45391915,28085.0,2851.872456299593,5.236139630390143,923,971,51,0,920,970,34205,3,0,0,3,1
2020-09-01,US,Mississippi,Lowndes,1294,55,0,33.47386518,-88.44191529999998,28087.0,2208.3795545695025,4.250386398763523,1239,1285,54,0,1231,1279,58930,9,1,0,8,6
2020-09-01,US,Mississippi,Madison,2994,83,0,32.63389156,-90.03513564,28089.0,2817.2990063233965,2.7722110888443554,2911,2971,83,0,2888,2967,105630,23,0,0,23,4
2020-09-01,US,Mississippi,Marion,783,26,0,31.23132643,-89.8209217,28091.0,3186.424124038579,3.3205619412515963,757,781,26,0,755,781,24715,2,0,0,2,0
2020-09-01,US,Mississippi,Marshall,956,13,0,34.76216286,-89.50299462,28093.0,2708.6756955856517,1.3598326359832635,943,945,12,0,933,940,35451,11,1,0,10,5
2020-09-01,US,Mississippi,Monroe,1046,59,0,33.89236763,-88.4808438,28095.0,2967.207534324293,5.640535372848947,987,1037,59,0,978,1035,35564,9,0,0,9,2
2020-09-01,US,Mississippi,Montgomery,412,17,0,33.49419589,-89.61729103,28097.0,4214.833759590792,4.12621359223301,395,410,17,0,393,408,10023,2,0,0,2,2
2020-09-01,US,Mississippi,Neshoba,1435,100,0,32.75339664,-89.11726492,28099.0,4928.223092245346,6.968641114982578,1335,1430,100,0,1330,1429,29125,5,0,0,5,1
2020-09-01,US,Mississippi,Newton,672,17,0,32.40021118,-89.11843336,28101.0,3197.2594918641166,2.5297619047619047,655,665,17,0,648,664,21443,7,0,0,7,1
2020-09-01,US,Mississippi,Noxubee,520,14,0,33.11009499,-88.56949061,28103.0,4991.840261111644,2.6923076923076925,506,519,14,0,505,518,10535,1,0,0,1,1
2020-09-01,US,Mississippi,Oktibbeha,1459,46,0,33.42491685,-88.87905132,28105.0,2942.3034263012482,3.15284441398218,1413,1439,46,0,1393,1426,49599,20,0,0,20,13
2020-09-01,US,Mississippi,Panola,1295,23,0,34.36398677,-89.95064249,28107.0,3787.435657463734,1.776061776061776,1272,1294,23,0,1271,1293,34178,1,0,0,1,1
2020-09-01,US,Mississippi,Pearl River,752,48,0,30.77090935,-89.58677275,28109.0,1354.1010173764294,6.382978723404255,704,751,48,0,703,748,55387,1,0,0,1,3
2020-09-01,US,Mississippi,Perry,294,9,0,31.17161885,-88.99281835,28111.0,2455.5249310949634,3.0612244897959178,285,294,9,0,285,293,11931,0,0,0,0,1
2020-09-01,US,Mississippi,Pike,1137,45,0,31.17507789,-90.40392572,28113.0,2894.0134392180817,3.9577836411609497,1092,1132,45,0,1087,1129,39563,5,0,0,5,3
2020-09-01,US,Mississippi,Pontotoc,1071,13,0,34.226046000000004,-89.03636807,28115.0,3328.77478709517,1.2138188608776843,1058,1059,12,0,1047,1058,31833,12,1,0,11,1
2020-09-01,US,Mississippi,Prentiss,639,14,0,34.61810501,-88.51986294,28117.0,2543.1823609010585,2.1909233176838807,625,624,13,0,611,615,25315,15,1,0,14,9
2020-09-01,US,Mississippi,Quitman,327,4,0,34.25157572,-90.28908,28119.0,4814.487632508834,1.2232415902140672,323,322,3,0,319,320,7051,5,1,0,4,2
2020-09-01,US,Mississippi,Rankin,2857,63,0,32.26469147,-89.94537876,28121.0,1840.008758879636,2.205110255512776,2794,2850,63,0,2787,2842,153902,7,0,0,7,8
2020-09-01,US,Mississippi,Scott,1099,22,0,32.406704100000006,-89.53789439,28123.0,3907.6944958042964,2.001819836214741,1077,1093,22,0,1071,1092,28287,6,0,0,6,1
2020-09-01,US,Mississippi,Sharkey,251,8,0,32.88149103,-90.81595379999999,28125.0,5808.840546169869,3.187250996015936,243,251,8,0,243,250,4377,0,0,0,0,1
2020-09-01,US,Mississippi,Simpson,938,39,0,31.91282117,-89.91716179,28127.0,3518.643559156726,4.157782515991471,899,938,39,0,899,938,26758,0,0,0,0,0
2020-09-01,US,Mississippi,Smith,474,13,0,32.01744532,-89.50644846,28129.0,2978.1352098517214,2.7426160337552736,461,467,13,0,454,467,16002,7,0,0,7,0
2020-09-01,US,Mississippi,Stone,321,10,0,30.79187949,-89.11547539,28131.0,1750.65445026178,3.115264797507788,311,316,10,0,306,312,18717,5,0,0,5,4
2020-09-01,US,Mississippi,Sunflower,1266,39,0,33.60192578,-90.58882684,28133.0,5041.816009557945,3.080568720379147,1227,1260,39,0,1221,1258,25735,6,0,0,6,2
2020-09-01,US,Mississippi,Tallahatchie,636,13,0,33.95339918,-90.1729398,28135.0,4605.691940039105,2.0440251572327046,623,630,13,0,617,629,13987,6,0,0,6,1
2020-09-01,US,Mississippi,Tate,859,32,0,34.65133709,-89.94485778,28137.0,3033.0849899367963,3.725261932479627,827,856,32,0,824,854,28759,3,0,0,3,2
2020-09-01,US,Mississippi,Tippah,551,15,0,34.76872156,-88.90988194,28139.0,2502.8389734272087,2.722323049001815,536,548,15,0,533,545,21995,3,0,0,3,3
2020-09-01,US,Mississippi,Tishomingo,561,29,0,34.74023475,-88.23917219,28141.0,2894.288809781768,5.16934046345811,532,556,29,0,527,551,19454,5,0,0,5,5
2020-09-01,US,Mississippi,Tunica,451,12,0,34.64967704,-90.37481167,28143.0,4682.308970099668,2.6607538802660757,439,450,12,0,438,449,9944,1,0,0,1,1
2020-09-01,US,Mississippi,Union,887,23,0,34.49162015,-89.00776006,28145.0,3078.2578518132923,2.5930101465614435,864,881,23,0,858,878,28606,6,0,0,6,3
2020-09-01,US,Mississippi,Walthall,564,24,0,31.14971548,-90.10446654,28147.0,3947.9210415791686,4.25531914893617,540,564,24,0,540,563,14465,0,0,0,0,1
2020-09-01,US,Mississippi,Warren,1314,46,0,32.35810271,-90.83352619,28149.0,2895.484894559397,3.5007610350076104,1268,1314,46,0,1268,1313,46176,0,0,0,0,1
2020-09-01,US,Mississippi,Washington,2007,62,0,33.28392041,-90.94196237,28151.0,4570.816916805211,3.089187842551071,1945,1989,61,0,1928,1983,45063,18,1,0,17,6
2020-09-01,US,Mississippi,Wayne,849,21,0,31.64135687,-88.69573913,28153.0,4206.51042956944,2.4734982332155475,828,847,21,0,826,846,20298,2,0,0,2,1
2020-09-01,US,Mississippi,Webster,306,13,0,33.61300486,-89.28392912,28155.0,3158.22066260708,4.248366013071895,293,304,13,0,291,303,9788,2,0,0,2,1
2020-09-01,US,Mississippi,Wilkinson,277,17,0,31.16078225,-91.31018819,28157.0,3209.7334878331403,6.137184115523466,260,277,17,0,260,277,8792,0,0,0,0,0
2020-09-01,US,Mississippi,Winston,696,19,0,33.08747908,-89.03391385,28159.0,3876.357560568087,2.7298850574712645,677,695,19,0,676,694,18165,1,0,0,1,1
2020-09-01,US,Mississippi,Yalobusha,374,13,0,34.02824175,-89.70762049999998,28161.0,3088.866864882722,3.475935828877005,361,365,12,0,353,363,12392,9,1,0,8,2
2020-09-01,US,Mississippi,Yazoo,958,21,0,32.77890365,-90.39656148,28163.0,3226.675648366453,2.1920668058455117,937,954,21,0,933,954,28248,4,0,0,4,0
2020-09-01,US,Missouri,Adair,231,0,0,40.19058551,-92.60078167,29001.0,911.4942982283077,0.0,231,229,0,0,229,228,25339,2,0,0,2,1
2020-09-01,US,Missouri,Andrew,125,1,0,39.98492163,-94.80163024,29003.0,705.7362240289067,0.8,124,126,1,0,125,127,17607,-1,0,0,-1,-1
2020-09-01,US,Missouri,Atchison,29,0,0,40.43238737,-95.42970639,29005.0,563.8732257437292,0.0,29,28,0,0,28,28,5171,1,0,0,1,0
2020-09-01,US,Missouri,Audrain,268,1,0,39.215877,-91.84242683,29007.0,1055.6168268473295,0.373134328358209,267,268,1,0,267,264,25473,0,0,0,0,4
2020-09-01,US,Missouri,Barry,358,5,0,36.70978521,-93.82919888,29009.0,1000.3073570091368,1.3966480446927374,353,355,5,0,350,353,35886,3,0,0,3,2
2020-09-01,US,Missouri,Barton,105,0,0,37.50207671,-94.34757022,29011.0,893.3129147524247,0.0,105,103,0,0,103,102,11798,2,0,0,2,1
2020-09-01,US,Missouri,Bates,77,1,0,38.25271289,-94.34113157,29013.0,476.1315854563443,1.2987012987012987,76,77,1,0,76,72,16320,0,0,0,0,5
2020-09-01,US,Missouri,Benton,155,1,0,38.29503305,-93.28756116,29015.0,797.2020778686418,0.6451612903225806,154,156,1,0,155,156,19278,-1,0,0,-1,0
2020-09-01,US,Missouri,Bollinger,130,1,0,37.32449052,-90.02725304,29017.0,1071.4580070881068,0.7692307692307693,129,129,1,0,128,125,12169,1,0,0,1,4
2020-09-01,US,Missouri,Boone,2714,6,0,38.99186229,-92.30723575,29019.0,1503.9093886281396,0.2210759027266028,2708,2618,6,0,2612,2514,180005,96,0,0,96,104
2020-09-01,US,Missouri,Buchanan,1302,10,0,39.65816401,-94.80138942,29021.0,1490.3163774552447,0.7680491551459293,1292,1300,10,0,1290,1298,88571,2,0,0,2,2
2020-09-01,US,Missouri,Butler,379,3,0,36.71462476,-90.40421163,29023.0,892.2265643391873,0.7915567282321899,376,376,2,0,374,373,42639,3,1,0,2,3
2020-09-01,US,Missouri,Caldwell,42,1,0,39.65620858,-93.98308093,29025.0,465.6319290465632,2.380952380952381,41,42,1,0,41,41,9108,0,0,0,0,1
2020-09-01,US,Missouri,Callaway,338,2,0,38.83674754,-91.92186505,29027.0,755.4254296761502,0.591715976331361,336,332,2,0,330,325,44889,6,0,0,6,7
2020-09-01,US,Missouri,Camden,536,8,0,38.02199522,-92.76083747,29029.0,1157.542382032178,1.492537313432836,528,528,8,0,520,519,45815,8,0,0,8,9
2020-09-01,US,Missouri,Cape Girardeau,975,8,0,37.38489388,-89.6843587,29031.0,1236.1958134168453,0.8205128205128205,967,968,7,0,961,960,78753,7,1,0,6,8
2020-09-01,US,Missouri,Carroll,112,0,0,39.42762566,-93.50626255,29033.0,1290.4712524484387,0.0,112,112,0,0,112,110,8743,0,0,0,0,2
2020-09-01,US,Missouri,Carter,37,1,0,36.94160441,-90.96051322,29035.0,618.522233366767,2.702702702702702,36,37,1,0,36,36,6054,0,0,0,0,1
2020-09-01,US,Missouri,Cass,1080,11,0,38.64789422,-94.353399,29037.0,1020.986954055587,1.0185185185185186,1069,1075,11,0,1064,1065,104954,5,0,0,5,10
2020-09-01,US,Missouri,Cedar,51,0,0,37.72391475,-93.85445441,29039.0,355.42546518921165,0.0,51,51,0,0,51,51,14165,0,0,0,0,0
2020-09-01,US,Missouri,Chariton,29,0,0,39.51499357,-92.9629191,29041.0,390.51979531376253,0.0,29,28,0,0,28,26,7451,1,0,0,1,2
2020-09-01,US,Missouri,Christian,693,1,0,36.9711783,-93.18537118,29043.0,782.2111857328293,0.1443001443001443,692,675,1,0,674,654,86983,18,0,0,18,21
2020-09-01,US,Missouri,Clark,44,0,0,40.41040752,-91.73661677,29045.0,647.3444166544064,0.0,44,43,0,0,43,42,6842,1,0,0,1,1
2020-09-01,US,Missouri,Clay,1403,31,0,39.31132056,-94.41850862,29047.0,561.316753884808,2.209550962223806,1372,1381,31,0,1350,1363,246365,22,0,0,22,18
2020-09-01,US,Missouri,Clinton,129,0,0,39.6013098,-94.40465394,29049.0,632.7561681463677,0.0,129,127,0,0,127,132,20470,2,0,0,2,-5
2020-09-01,US,Missouri,Cole,863,4,0,38.50455671,-92.27860244,29051.0,1124.503224965796,0.4634994206257242,859,846,4,0,842,831,76796,17,0,0,17,15
2020-09-01,US,Missouri,Cooper,239,1,0,38.844478,-92.80896081,29053.0,1349.596250494099,0.41841004184100417,238,232,1,0,231,223,17603,7,0,0,7,9
2020-09-01,US,Missouri,Crawford,193,1,0,37.97663738,-91.30528104,29055.0,806.85618729097,0.5181347150259067,192,186,1,0,185,179,23957,7,0,0,7,7
2020-09-01,US,Missouri,Dade,30,0,0,37.431814,-93.8503345,29057.0,396.7729136357625,0.0,30,30,0,0,30,27,7569,0,0,0,0,3
2020-09-01,US,Missouri,Dallas,108,1,0,37.681135499999996,-93.02127031,29059.0,639.8862424457874,0.925925925925926,107,109,1,0,108,108,16762,-1,0,0,-1,1
2020-09-01,US,Missouri,Daviess,26,0,0,39.96145298,-93.98519678,29061.0,314.0855279052912,0.0,26,26,0,0,26,24,8313,0,0,0,0,2
2020-09-01,US,Missouri,DeKalb,67,1,0,39.89201062,-94.40476508,29063.0,533.9921893679764,1.492537313432836,66,65,1,0,64,65,12630,2,0,0,2,0
2020-09-01,US,Missouri,Dent,39,0,0,37.60663134,-91.50790473,29065.0,250.4334424966288,0.0,39,39,0,0,39,38,15441,0,0,0,0,1
2020-09-01,US,Missouri,Douglas,112,2,0,36.9325593,-92.49905109,29067.0,849.4501327265832,1.7857142857142858,110,112,2,0,110,110,13373,0,0,0,0,2
2020-09-01,US,Missouri,Dunklin,517,4,0,36.27167174,-90.09122243,29069.0,1774.7416841165768,0.7736943907156673,513,491,4,0,487,487,29423,26,0,0,26,4
2020-09-01,US,Missouri,Franklin,1040,22,0,38.41127108,-91.07522826,29071.0,1000.3174084084372,2.1153846153846154,1018,1025,22,0,1003,1018,103670,15,0,0,15,7
2020-09-01,US,Missouri,Gasconade,93,3,0,38.43947277,-91.50847147,29073.0,632.3949408404733,3.2258064516129035,90,95,4,0,91,94,14705,-2,-1,0,-1,1
2020-09-01,US,Missouri,Gentry,94,9,0,40.21097916,-94.40944419,29075.0,1430.528077918125,9.574468085106382,85,93,9,0,84,93,6628,1,0,0,1,0
2020-09-01,US,Missouri,Greene,3248,10,0,37.2575872,-93.34230916,29077.0,1108.2071473901858,0.3078817733990148,3238,3158,10,0,3148,3039,291923,90,0,0,90,119
2020-09-01,US,Missouri,Grundy,52,1,0,40.11406587,-93.56509276,29079.0,527.9187817258884,1.9230769230769231,51,49,1,0,48,43,9914,3,0,0,3,6
2020-09-01,US,Missouri,Harrison,73,1,0,40.35570088,-93.99222144,29081.0,874.0421455938698,1.3698630136986298,72,73,1,0,72,71,8414,0,0,0,0,2
2020-09-01,US,Missouri,Henry,116,3,0,38.38482826,-93.79293734,29083.0,531.524926686217,2.586206896551724,113,115,3,0,112,114,21792,1,0,0,1,1
2020-09-01,US,Missouri,Hickory,64,0,0,37.94163617,-93.3203037,29085.0,670.5783738474435,0.0,64,64,0,0,64,63,9509,0,0,0,0,1
2020-09-01,US,Missouri,Holt,64,0,0,40.09799248,-95.21638879999999,29087.0,1453.5543947308654,0.0,64,62,0,0,62,62,4404,2,0,0,2,0
2020-09-01,US,Missouri,Howard,125,0,0,39.1435761,-92.69756691,29089.0,1249.87501249875,0.0,125,118,0,0,118,114,10137,7,0,0,7,4
2020-09-01,US,Missouri,Howell,274,3,0,36.77383887,-91.88683935,29091.0,683.0022185108558,1.094890510948905,271,264,3,0,261,255,40076,10,0,0,10,9
2020-09-01,US,Missouri,Iron,50,0,0,37.55487945,-90.7735296,29093.0,493.8271604938272,0.0,50,49,0,0,49,48,10177,1,0,0,1,1
2020-09-01,US,Missouri,Jackson,5606,78,0,39.01002188,-94.34724536,29095.0,797.4270672862872,1.3913663931501965,5528,5521,77,0,5444,5462,700307,85,1,0,84,59
2020-09-01,US,Missouri,Jasper,2375,35,0,37.20351921,-94.34050458,29097.0,1957.5036265330343,1.4736842105263157,2340,2353,35,0,2318,2328,120636,22,0,0,22,25
2020-09-01,US,Missouri,Jefferson,2770,40,0,38.25926778,-90.53870896,29099.0,1230.6680706056932,1.444043321299639,2730,2710,40,0,2670,2665,224347,60,0,0,60,45
2020-09-01,US,Missouri,Johnson,597,3,0,38.74719601,-93.80691168,29101.0,1104.2876697125523,0.5025125628140703,594,595,3,0,592,592,53652,2,0,0,2,3
2020-09-01,US,Missouri,Kansas City,9316,71,0,39.0997,-94.5786,0.0,1905.334568651152,0.7621296693860026,9245,9295,70,0,9225,9183,491918,21,1,0,20,112
2020-09-01,US,Missouri,Knox,38,0,0,40.12699751,-92.14780832,29103.0,959.8383430159132,0.0,38,38,0,0,38,38,3947,0,0,0,0,0
2020-09-01,US,Missouri,Laclede,301,1,0,37.65896829,-92.5888493,29105.0,842.5944069647006,0.3322259136212625,300,293,1,0,292,290,35713,8,0,0,8,3
2020-09-01,US,Missouri,Lafayette,245,2,0,39.06986886,-93.78076396,29107.0,749.0522196404552,0.8163265306122449,243,239,2,0,237,234,32598,6,0,0,6,5
2020-09-01,US,Missouri,Lawrence,356,2,0,37.10626634,-93.83293097,29109.0,928.171033763525,0.5617977528089888,354,354,2,0,352,352,38359,2,0,0,2,2
2020-09-01,US,Missouri,Lewis,60,2,0,40.09673161,-91.72070156,29111.0,613.747954173486,3.333333333333333,58,60,2,0,58,59,9855,0,0,0,0,1
2020-09-01,US,Missouri,Lincoln,574,1,0,39.05345619,-90.95588181,29113.0,972.6670394658804,0.17421602787456447,573,564,1,0,563,559,57686,10,0,0,10,5
2020-09-01,US,Missouri,Linn,49,1,0,39.87001769,-93.10704106,29115.0,411.0738255033557,2.0408163265306123,48,47,1,0,46,47,12037,2,0,0,2,0
2020-09-01,US,Missouri,Livingston,74,1,0,39.78110272,-93.54645978,29117.0,485.97885335259735,1.351351351351351,73,74,1,0,73,74,15146,0,0,0,0,0
2020-09-01,US,Missouri,Macon,80,0,0,39.83049768,-92.56453089,29121.0,529.2055301977906,0.0,80,79,0,0,79,76,15153,1,0,0,1,3
2020-09-01,US,Missouri,Madison,147,0,0,37.47865134,-90.34671429999999,29123.0,1216.08206485771,0.0,147,143,0,0,143,131,12188,4,0,0,4,12
2020-09-01,US,Missouri,Maries,46,0,0,38.16193985,-91.92249662,29125.0,528.9180177072553,0.0,46,46,0,0,46,46,8769,0,0,0,0,0
2020-09-01,US,Missouri,Marion,483,3,0,39.80601912,-91.62203062,29127.0,1692.9547844374345,0.6211180124223602,480,471,3,0,468,463,28592,12,0,0,12,8
2020-09-01,US,Missouri,McDonald,992,10,0,36.62869595,-94.34867205,29119.0,4343.827998423611,1.0080645161290325,982,988,10,0,978,987,23078,4,0,0,4,1
2020-09-01,US,Missouri,Mercer,20,0,0,40.42212303,-93.56829590000001,29129.0,552.944429084877,0.0,20,20,0,0,20,17,3641,0,0,0,0,3
2020-09-01,US,Missouri,Miller,252,1,0,38.21450288,-92.42610898,29131.0,983.64495101292,0.3968253968253968,251,252,1,0,251,245,25336,0,0,0,0,7
2020-09-01,US,Missouri,Mississippi,236,0,0,36.82516239,-89.29505753,29133.0,1790.5918057663125,0.0,236,234,0,0,234,234,13336,2,0,0,2,0
2020-09-01,US,Missouri,Moniteau,191,3,0,38.63571781,-92.57976951,29135.0,1183.9821472848994,1.5706806282722514,188,188,2,0,186,188,16121,3,1,0,2,0
2020-09-01,US,Missouri,Monroe,70,0,0,39.49593978,-92.00043978,29137.0,809.8102730217491,0.0,70,69,0,0,69,68,8664,1,0,0,1,1
2020-09-01,US,Missouri,Montgomery,56,1,0,38.94022054,-91.47000721,29139.0,484.80651025885203,1.7857142857142858,55,56,1,0,55,56,11534,0,0,0,0,0
2020-09-01,US,Missouri,Morgan,121,0,0,38.4181765,-92.88791859,29141.0,586.6097832937412,0.0,121,120,0,0,120,118,20358,1,0,0,1,2
2020-09-01,US,Missouri,New Madrid,413,4,0,36.59666326,-89.66070007,29143.0,2418.599203560553,0.9685230024213076,409,410,4,0,406,407,17296,3,0,0,3,3
2020-09-01,US,Missouri,Newton,1094,13,0,36.90519407,-94.3394104,29145.0,1878.5630881241848,1.1882998171846435,1081,1086,13,0,1073,1077,58266,8,0,0,8,9
2020-09-01,US,Missouri,Nodaway,553,6,0,40.36079813,-94.88133008,29147.0,2503.168567807351,1.08499095840868,547,507,5,0,502,392,22304,46,1,0,45,115
2020-09-01,US,Missouri,Oregon,49,0,0,36.68710164,-91.4033755,29149.0,465.38132776142083,0.0,49,50,0,0,50,50,10541,-1,0,0,-1,0
2020-09-01,US,Missouri,Osage,82,1,0,38.46036182,-91.8613635,29151.0,602.2769004774146,1.2195121951219512,81,80,1,0,79,78,13714,2,0,0,2,2
2020-09-01,US,Missouri,Ozark,26,0,0,36.64916339,-92.44459066,29153.0,283.4096359276216,0.0,26,26,0,0,26,25,9017,0,0,0,0,1
2020-09-01,US,Missouri,Pemiscot,340,9,0,36.2130572,-89.78742322,29155.0,2151.2179689971526,2.647058823529412,331,334,9,0,325,328,16272,6,0,0,6,6
2020-09-01,US,Missouri,Perry,395,4,0,37.70660776,-89.82741088,29157.0,2064.1722408026762,1.0126582278481011,391,394,4,0,390,388,19150,1,0,0,1,6
2020-09-01,US,Missouri,Pettis,802,8,0,38.72798918,-93.28471706,29159.0,1894.234630010156,0.9975062344139652,794,797,8,0,789,790,42542,5,0,0,5,7
2020-09-01,US,Missouri,Phelps,212,0,0,37.87736118,-91.79351727,29161.0,475.6242568370987,0.0,212,210,0,0,210,208,44732,2,0,0,2,2
2020-09-01,US,Missouri,Pike,145,2,0,39.34310674,-91.16980779,29163.0,792.2631406403673,1.3793103448275863,143,145,1,0,144,143,18504,0,1,0,-1,2
2020-09-01,US,Missouri,Platte,492,10,0,39.38154439,-94.77068479,29165.0,471.1831293455152,2.0325203252032518,482,477,10,0,467,478,102985,15,0,0,15,-1
2020-09-01,US,Missouri,Polk,292,0,0,37.616229600000004,-93.39828174,29167.0,908.2708637904756,0.0,292,291,0,0,291,281,32201,1,0,0,1,10
2020-09-01,US,Missouri,Pulaski,389,2,0,37.82462075,-92.20783203,29169.0,739.4453209648906,0.5141388174807198,387,392,2,0,390,385,52014,-3,0,0,-3,7
2020-09-01,US,Missouri,Putnam,24,1,0,40.47942497,-93.02042674,29171.0,511.0732538330494,4.166666666666667,23,23,1,0,22,23,4757,1,0,0,1,0
2020-09-01,US,Missouri,Ralls,115,0,0,39.52817427,-91.51838643,29173.0,1115.5301193132213,0.0,115,112,0,0,112,109,10212,3,0,0,3,3
2020-09-01,US,Missouri,Randolph,128,1,0,39.44007257,-92.49713740000001,29175.0,517.2135122030063,0.78125,127,128,1,0,127,118,24763,0,0,0,0,10
2020-09-01,US,Missouri,Ray,124,0,0,39.353746799999996,-93.98905745,29177.0,538.7088365626902,0.0,124,124,0,0,124,125,22883,0,0,0,0,-1
2020-09-01,US,Missouri,Reynolds,22,0,0,37.36085952,-90.97009925,29179.0,350.8771929824562,0.0,22,22,0,0,22,22,6254,0,0,0,0,0
2020-09-01,US,Missouri,Ripley,91,0,0,36.65460667,-90.85990261,29181.0,684.8284166164959,0.0,91,88,0,0,88,87,13401,3,0,0,3,1
2020-09-01,US,Missouri,Saline,547,7,0,39.13734288,-93.20259964,29195.0,2403.233601335618,1.279707495429616,540,546,7,0,539,543,22895,1,0,0,1,3
2020-09-01,US,Missouri,Schuyler,18,0,0,40.46921489,-92.52311943,29197.0,386.26609442060084,0.0,18,18,0,0,18,18,4599,0,0,0,0,0
2020-09-01,US,Missouri,Scotland,18,1,0,40.45214695,-92.14709064,29199.0,367.1970624235006,5.5555555555555545,17,18,1,0,17,18,4966,0,0,0,0,0
2020-09-01,US,Missouri,Scott,632,14,0,37.05588075,-89.56474493,29201.0,1650.9926854754447,2.2151898734177213,618,625,14,0,611,619,38458,7,0,0,7,6
2020-09-01,US,Missouri,Shannon,53,1,0,37.15772072,-91.40190382,29203.0,649.0325740876806,1.8867924528301887,52,52,1,0,51,52,8189,1,0,0,1,0
2020-09-01,US,Missouri,Shelby,46,0,0,39.79742518,-92.07634971,29205.0,775.716694772344,0.0,46,46,0,0,46,46,6050,0,0,0,0,0
2020-09-01,US,Missouri,St. Charles,5801,105,0,38.77875681,-90.66662425,29183.0,1442.9558581371164,1.810032752973625,5696,5729,105,0,5624,5693,399182,72,0,0,72,36
2020-09-01,US,Missouri,St. Clair,27,0,0,38.03699437,-93.77631447,29185.0,287.3257422581675,0.0,27,27,0,0,27,27,9395,0,0,0,0,0
2020-09-01,US,Missouri,St. Francois,1099,5,0,37.81214171,-90.47598685,29187.0,1635.0516997693967,0.4549590536851683,1094,1085,5,0,1080,1041,66692,14,0,0,14,44
2020-09-01,US,Missouri,St. Louis,19665,738,0,38.63770039999999,-90.4458375,29189.0,1977.9622914791214,3.7528604118993134,18927,19432,729,0,18703,19278,996945,233,9,0,224,154
2020-09-01,US,Missouri,St. Louis City,6216,188,0,38.63555736,-90.24349225,29510.0,2068.02938358352,3.0244530244530243,6028,6174,188,0,5986,6147,302838,42,0,0,42,27
2020-09-01,US,Missouri,Ste. Genevieve,112,1,0,37.89090059,-90.1949941,29186.0,625.9081256287024,0.8928571428571429,111,109,1,0,108,109,17888,3,0,0,3,0
2020-09-01,US,Missouri,Stoddard,296,9,0,36.85571651,-89.9444155,29207.0,1019.8105081826013,3.0405405405405403,287,295,9,0,286,294,29206,1,0,0,1,1
2020-09-01,US,Missouri,Stone,281,2,0,36.75000327,-93.45256475,29209.0,879.4441662493739,0.7117437722419929,279,279,2,0,277,274,31749,2,0,0,2,5
2020-09-01,US,Missouri,Sullivan,174,0,0,40.2099105,-93.11150106,29211.0,2857.612087370669,0.0,174,173,0,0,173,173,6221,1,0,0,1,0
2020-09-01,US,Missouri,Taney,914,14,0,36.65465345,-93.04075153,29213.0,1634.2440280360465,1.5317286652078774,900,913,14,0,899,906,55852,1,0,0,1,7
2020-09-01,US,Missouri,Texas,101,1,0,37.31728859,-91.96564727,29215.0,397.66910780376406,0.99009900990099,100,98,1,0,97,98,25571,3,0,0,3,0
2020-09-01,US,Missouri,Vernon,83,0,0,37.8457799,-94.34127305,29217.0,403.63760151728826,0.0,83,82,0,0,82,82,20528,1,0,0,1,0
2020-09-01,US,Missouri,Warren,330,0,0,38.76529479,-91.16124662,29219.0,925.6921652781284,0.0,330,323,0,0,323,321,34711,7,0,0,7,2
2020-09-01,US,Missouri,Washington,239,1,0,37.96130078,-90.87948158,29221.0,966.4375252729477,0.41841004184100417,238,238,1,0,237,237,24943,1,0,0,1,1
2020-09-01,US,Missouri,Wayne,87,0,0,37.11303869,-90.46001416,29223.0,675.8331391284083,0.0,87,85,0,0,85,84,13122,2,0,0,2,1
2020-09-01,US,Missouri,Webster,224,1,0,37.2813734,-92.876329,29225.0,565.7708628005657,0.44642857142857145,223,217,1,0,216,217,39109,7,0,0,7,0
2020-09-01,US,Missouri,Worth,12,0,0,40.47945588,-94.42328751,29227.0,596.1251862891207,0.0,12,12,0,0,12,12,2040,0,0,0,0,0
2020-09-01,US,Missouri,Wright,91,0,0,37.27029221,-92.46914488,29229.0,497.56684345781616,0.0,91,89,0,0,89,89,18378,2,0,0,2,0
2020-09-01,US,Montana,Beaverhead,70,1,0,45.13434354,-112.89846940000001,30001.0,740.5056595789696,1.4285714285714286,69,70,1,0,69,70,9404,0,0,0,0,0
2020-09-01,US,Montana,Big Horn,669,16,0,45.42335905,-107.492347,30003.0,5022.89961708837,2.391629297458894,653,665,15,0,650,652,13338,4,1,0,3,13
2020-09-01,US,Montana,Blaine,15,0,0,48.43175214,-108.9582723,30005.0,224.51728783116297,0.0,15,15,0,0,15,15,6807,0,0,0,0,0
2020-09-01,US,Montana,Broadwater,16,0,0,46.33277565,-111.49558130000001,30007.0,256.5335898669232,0.0,16,16,0,0,16,16,6085,0,0,0,0,0
2020-09-01,US,Montana,Carbon,87,0,0,45.22850116,-109.0274047,30009.0,811.1888111888112,0.0,87,87,0,0,87,86,10714,0,0,0,0,1
2020-09-01,US,Montana,Cascade,293,5,0,47.30797024,-111.3467922,30013.0,360.1012708010717,1.706484641638225,288,284,5,0,279,280,81643,9,0,0,9,4
2020-09-01,US,Montana,Chouteau,11,0,0,47.88084126,-110.4353362,30015.0,195.20851818988464,0.0,11,10,0,0,10,10,5745,1,0,0,1,0
2020-09-01,US,Montana,Custer,66,2,0,46.25319932,-105.57375259999998,30017.0,578.8458165234169,3.0303030303030303,64,66,2,0,64,66,11586,0,0,0,0,0
2020-09-01,US,Montana,Daniels,3,0,0,48.78420029,-105.54763429999998,30019.0,177.5147928994083,0.0,3,3,0,0,3,3,1747,0,0,0,0,0
2020-09-01,US,Montana,Dawson,47,0,0,47.26584855,-104.89444170000002,30021.0,545.6867525833043,0.0,47,44,0,0,44,44,8680,3,0,0,3,0
2020-09-01,US,Montana,Deer Lodge,33,0,0,46.05953325,-113.073353,30023.0,361.05032822757113,0.0,33,33,0,0,33,33,9131,0,0,0,0,0
2020-09-01,US,Montana,Fallon,2,0,0,46.33478338,-104.41835649999999,30025.0,70.27406886858749,0.0,2,2,0,0,2,2,2920,0,0,0,0,0
2020-09-01,US,Montana,Fergus,32,0,0,47.26331584,-109.2245206,30027.0,289.59276018099547,0.0,32,31,0,0,31,31,11113,1,0,0,1,0
2020-09-01,US,Montana,Flathead,611,7,0,48.29575866,-114.05205690000001,30029.0,588.5979615821823,1.1456628477905073,604,599,7,0,592,588,102106,12,0,0,12,11
2020-09-01,US,Montana,Gallatin,1078,3,0,45.54486106,-111.1692571,30031.0,942.0277190345528,0.2782931354359926,1075,1073,3,0,1070,1074,111876,5,0,0,5,-1
2020-09-01,US,Montana,Garfield,13,0,0,47.27545948,-107.0002351,30033.0,1033.3863275039746,0.0,13,13,0,0,13,13,1268,0,0,0,0,0
2020-09-01,US,Montana,Glacier,135,1,0,48.70513576,-112.9934235,30035.0,981.6040136697447,0.7407407407407407,134,135,1,0,134,135,13747,0,0,0,0,0
2020-09-01,US,Montana,Golden Valley,3,0,0,46.3816474,-109.17685220000001,30037.0,365.4080389768576,0.0,3,3,0,0,3,3,826,0,0,0,0,0
2020-09-01,US,Montana,Granite,20,0,0,46.40605220000001,-113.4414186,30039.0,591.8910920390647,0.0,20,19,0,0,19,19,3378,1,0,0,1,0
2020-09-01,US,Montana,Hill,88,2,0,48.62879827,-110.1129252,30041.0,533.8510070371268,2.272727272727273,86,82,2,0,80,81,16347,6,0,0,6,1
2020-09-01,US,Montana,Jefferson,39,0,0,46.14907081,-112.094396,30043.0,319.1228213730464,0.0,39,39,0,0,39,39,12097,0,0,0,0,0
2020-09-01,US,Montana,Judith Basin,6,0,0,47.04581276,-110.26606880000001,30045.0,298.95366218236165,0.0,6,6,0,0,6,6,1952,0,0,0,0,0
2020-09-01,US,Montana,Lake,203,1,0,47.64514965,-114.0898013,30047.0,666.491562151159,0.4926108374384237,202,202,1,0,201,202,30250,1,0,0,1,0
2020-09-01,US,Montana,Lewis and Clark,197,2,0,47.12610041,-112.39469799999999,30049.0,283.7308445673465,1.0152284263959392,195,196,2,0,194,196,68700,1,0,0,1,0
2020-09-01,US,Montana,Liberty,6,0,0,48.56084317,-111.02430700000001,30051.0,256.73940949935815,0.0,6,6,0,0,6,5,2430,0,0,0,0,1
2020-09-01,US,Montana,Lincoln,89,2,0,48.54265777,-115.4046155,30053.0,445.4454454454454,2.247191011235955,87,89,2,0,87,89,19794,0,0,0,0,0
2020-09-01,US,Montana,Madison,93,1,0,45.30080065,-111.9173017,30057.0,1081.3953488372092,1.075268817204301,92,93,1,0,92,93,8768,0,0,0,0,0
2020-09-01,US,Montana,McCone,14,0,0,47.64469406,-105.79449939999999,30055.0,841.3461538461537,0.0,14,12,0,0,12,12,1675,2,0,0,2,0
2020-09-01,US,Montana,Meagher,4,0,0,46.59907074,-110.8898557,30059.0,214.8227712137487,0.0,4,4,0,0,4,4,1866,0,0,0,0,0
2020-09-01,US,Montana,Mineral,2,0,0,47.15283992,-115.00152390000001,30061.0,45.48555833522857,0.0,2,2,0,0,2,2,4316,0,0,0,0,0
2020-09-01,US,Montana,Missoula,436,3,0,47.03728583,-113.92135079999998,30063.0,364.5484949832776,0.6880733944954128,433,435,3,0,432,433,118791,1,0,0,1,2
2020-09-01,US,Montana,Musselshell,13,0,0,46.49684637,-108.39498,30065.0,280.5957263112454,0.0,13,12,0,0,12,12,4651,1,0,0,1,0
2020-09-01,US,Montana,Park,64,0,0,45.48965095,-110.52643940000002,30067.0,385.4028664338191,0.0,64,63,0,0,63,63,16736,1,0,0,1,0
2020-09-01,US,Montana,Phillips,112,0,0,48.25936577,-107.9128511,30071.0,2832.5746079919068,0.0,112,111,0,0,111,110,4074,1,0,0,1,1
2020-09-01,US,Montana,Pondera,16,0,0,48.22773388,-112.22527029999999,30073.0,270.68177973270167,0.0,16,16,0,0,16,15,5972,0,0,0,0,1
2020-09-01,US,Montana,Powder River,2,0,0,45.39617714,-105.636738,30075.0,118.90606420927469,0.0,2,2,0,0,2,2,1716,0,0,0,0,0
2020-09-01,US,Montana,Powell,10,0,0,46.85538891,-112.93591640000001,30077.0,145.1378809869376,0.0,10,10,0,0,10,10,6968,0,0,0,0,0
2020-09-01,US,Montana,Prairie,1,0,0,46.86048047,-105.379384,30079.0,92.85051067780873,0.0,1,1,0,0,1,1,1087,0,0,0,0,0
2020-09-01,US,Montana,Ravalli,110,2,0,46.08520862,-114.11891640000002,30081.0,251.1071542711044,1.818181818181818,108,107,2,0,105,107,43172,3,0,0,3,0
2020-09-01,US,Montana,Richland,58,2,0,47.78668011,-104.5610786,30083.0,536.8879015088402,3.4482758620689653,56,58,2,0,56,58,10913,0,0,0,0,0
2020-09-01,US,Montana,Roosevelt,43,1,0,48.29607488,-105.00792679999999,30085.0,390.76699382042887,2.3255813953488373,42,42,1,0,41,34,11059,1,0,0,1,8
2020-09-01,US,Montana,Rosebud,266,2,0,46.23397237,-106.72928799999998,30087.0,2976.3902875685358,0.7518796992481203,264,266,2,0,264,260,9063,0,0,0,0,6
2020-09-01,US,Montana,Sanders,37,0,0,47.67657534,-115.1329916,30089.0,305.4569470816478,0.0,37,31,0,0,31,31,11844,6,0,0,6,0
2020-09-01,US,Montana,Sheridan,5,0,0,48.72085833,-104.50382900000001,30091.0,151.1030522816561,0.0,5,5,0,0,5,5,3424,0,0,0,0,0
2020-09-01,US,Montana,Silver Bow,115,0,0,45.90018933,-112.6620092,30093.0,329.37133037376486,0.0,115,112,0,0,112,111,34993,3,0,0,3,1
2020-09-01,US,Montana,Stillwater,38,2,0,45.67071407,-109.3950061,30095.0,394.10910599460686,5.2631578947368425,36,36,2,0,34,36,9534,2,0,0,2,0
2020-09-01,US,Montana,Sweet Grass,19,1,0,45.81367654,-109.9425686,30097.0,508.42922130050835,5.2631578947368425,18,19,1,0,18,14,3710,0,0,0,0,5
2020-09-01,US,Montana,Teton,18,0,0,47.83741052,-112.24106880000001,30099.0,292.8257686676428,0.0,18,18,0,0,18,18,6162,0,0,0,0,0
2020-09-01,US,Montana,Toole,50,6,0,48.65577551,-111.69424140000001,30101.0,1055.7432432432433,12.0,44,47,6,0,41,47,4853,3,0,0,3,0
2020-09-01,US,Montana,Treasure,3,0,0,46.20973220000001,-107.26665159999999,30103.0,431.0344827586207,0.0,3,3,0,0,3,3,679,0,0,0,0,0
2020-09-01,US,Montana,Valley,46,0,0,48.36435097,-106.6669635,30105.0,621.9578150351541,0.0,46,40,0,0,40,40,7437,6,0,0,6,0
2020-09-01,US,Montana,Wheatland,3,0,0,46.46652491,-109.84646359999999,30107.0,141.11006585136406,0.0,3,3,0,0,3,3,2236,0,0,0,0,0
2020-09-01,US,Montana,Wibaux,5,0,0,46.95925154,-104.2510927,30109.0,515.9958720330237,0.0,5,5,0,0,5,5,1034,0,0,0,0,0
2020-09-01,US,Montana,Yellowstone,2094,43,0,45.93955949,-108.26914860000001,30111.0,1298.2021078735274,2.0534861509073545,2051,2080,43,0,2037,2053,160137,14,0,0,14,27
2020-09-01,US,Nebraska,Adams,416,11,0,40.52449420000001,-98.50117804,31001.0,1326.4037241335334,2.644230769230769,405,410,11,0,399,403,31511,6,0,0,6,7
2020-09-01,US,Nebraska,Antelope,25,1,0,42.17695516,-98.06662829999999,31003.0,396.9514131470308,4.0,24,25,1,0,24,25,6336,0,0,0,0,0
2020-09-01,US,Nebraska,Arthur,1,0,0,41.56896142,-101.6959559,31005.0,215.98272138228938,0.0,1,1,0,0,1,1,465,0,0,0,0,0
2020-09-01,US,Nebraska,Banner,2,0,0,41.54634427,-103.7114332,31007.0,268.4563758389262,0.0,2,2,0,0,2,2,730,0,0,0,0,0
2020-09-01,US,Nebraska,Boone,26,0,0,41.70759415,-98.06737183,31011.0,500.77041602465323,0.0,26,26,0,0,26,24,5239,0,0,0,0,2
2020-09-01,US,Nebraska,Box Butte,28,0,0,42.22079243,-103.08788340000001,31013.0,259.6679959195029,0.0,28,25,0,0,25,23,10772,3,0,0,3,2
2020-09-01,US,Nebraska,Boyd,10,0,0,42.899727399999996,-98.76486568,31015.0,521.1047420531527,0.0,10,10,0,0,10,10,1955,0,0,0,0,0
2020-09-01,US,Nebraska,Brown,4,0,0,42.43018907,-99.92904055,31017.0,135.36379018612521,0.0,4,3,0,0,3,3,2973,1,0,0,1,0
2020-09-01,US,Nebraska,Buffalo,697,3,0,40.85486962,-99.07500296,31019.0,1403.572363519201,0.430416068866571,694,682,3,0,679,676,49615,15,0,0,15,6
2020-09-01,US,Nebraska,Burt,68,0,0,41.85056773,-96.32605633,31021.0,1052.7945502399753,0.0,68,66,0,0,66,64,6488,2,0,0,2,2
2020-09-01,US,Nebraska,Butler,94,0,0,41.22703692,-97.13106306,31023.0,1172.6546906187625,0.0,94,94,0,0,94,94,8058,0,0,0,0,0
2020-09-01,US,Nebraska,Cass,259,2,0,40.90899107,-96.13971217,31025.0,986.7418469978668,0.7722007722007722,257,256,2,0,254,253,26159,3,0,0,3,3
2020-09-01,US,Nebraska,Cedar,48,0,0,42.598885100000004,-97.25311951,31027.0,571.2925493930018,0.0,48,48,0,0,48,46,8446,0,0,0,0,2
2020-09-01,US,Nebraska,Chase,13,0,0,40.523719799999995,-101.69780259999999,31029.0,331.2945973496432,0.0,13,11,0,0,11,11,3977,2,0,0,2,0
2020-09-01,US,Nebraska,Cherry,22,0,0,42.54502621,-101.1244332,31031.0,386.7111970469327,0.0,22,21,0,0,21,21,5761,1,0,0,1,0
2020-09-01,US,Nebraska,Cheyenne,29,0,0,41.21999357,-102.9941693,31033.0,325.47699214365883,0.0,29,28,0,0,28,28,9310,1,0,0,1,0
2020-09-01,US,Nebraska,Clay,58,0,0,40.52439441,-98.05126296,31035.0,935.0314364017412,0.0,58,57,0,0,57,57,6214,1,0,0,1,0
2020-09-01,US,Nebraska,Colfax,729,5,0,41.57486951,-97.0868542,31037.0,6807.358296759735,0.6858710562414266,724,729,5,0,724,726,10881,0,0,0,0,3
2020-09-01,US,Nebraska,Cuming,83,0,0,41.91637624,-96.78730772,31039.0,938.2771874293468,0.0,83,83,0,0,83,82,8940,0,0,0,0,1
2020-09-01,US,Nebraska,Custer,74,4,0,41.39374521,-99.72805369,31041.0,686.6474900250532,5.405405405405406,70,74,4,0,70,73,10840,0,0,0,0,1
2020-09-01,US,Nebraska,Dakota,2013,42,0,42.39040144,-96.56656425,31043.0,10051.932487765904,2.0864381520119224,1971,2010,42,0,1968,2000,20083,3,0,0,3,10
2020-09-01,US,Nebraska,Dawes,85,0,0,42.71985036,-103.1313774,31045.0,989.6379089533124,0.0,85,76,0,0,76,73,8716,9,0,0,9,3
2020-09-01,US,Nebraska,Dawson,1009,11,0,40.87028216,-99.82014609999999,31047.0,4276.329730875185,1.0901883052527257,998,1005,11,0,994,1002,23709,4,0,0,4,3
2020-09-01,US,Nebraska,Deuel,3,0,0,41.11168186,-102.33333309999999,31049.0,167.22408026755855,0.0,3,3,0,0,3,2,1825,0,0,0,0,1
2020-09-01,US,Nebraska,Dixon,63,2,0,42.49188363,-96.86782408,31051.0,1117.8140525195174,3.1746031746031744,61,61,2,0,59,61,5709,2,0,0,2,0
2020-09-01,US,Nebraska,Dodge,918,11,0,41.58071748,-96.65598179,31053.0,2510.5975659783944,1.198257080610022,907,912,11,0,901,911,36791,6,0,0,6,1
2020-09-01,US,Nebraska,Douglas,13559,160,0,41.29518299,-96.15085305,31055.0,2373.2468446266325,1.1800280256656095,13399,13482,158,0,13324,13431,566880,77,2,0,75,51
2020-09-01,US,Nebraska,Dundy,9,0,0,40.17638677,-101.6876522,31057.0,531.6007088009451,0.0,9,8,0,0,8,8,1770,1,0,0,1,0
2020-09-01,US,Nebraska,Fillmore,31,1,0,40.52458567,-97.59646937,31059.0,567.557671182717,3.2258064516129035,30,31,1,0,30,31,5527,0,0,0,0,0
2020-09-01,US,Nebraska,Franklin,20,0,0,40.17636348,-98.95299073,31061.0,671.366230278617,0.0,20,20,0,0,20,19,3023,0,0,0,0,1
2020-09-01,US,Nebraska,Frontier,6,0,0,40.52993007,-100.3924658,31063.0,228.39741149600303,0.0,6,6,0,0,6,6,2608,0,0,0,0,0
2020-09-01,US,Nebraska,Furnas,28,1,0,40.17642064,-99.91247454,31065.0,598.8023952095807,3.571428571428572,27,29,1,0,28,26,4715,-1,0,0,-1,3
2020-09-01,US,Nebraska,Gage,133,4,0,40.26186809,-96.68946704,31067.0,618.2308371682237,3.0075187969924815,129,132,4,0,128,130,21493,1,0,0,1,2
2020-09-01,US,Nebraska,Garden,7,0,0,41.61703149,-102.3313973,31069.0,381.05606967882414,0.0,7,7,0,0,7,7,1897,0,0,0,0,0
2020-09-01,US,Nebraska,Garfield,6,0,0,41.91428955,-98.99111827,31071.0,304.7232097511427,0.0,6,6,0,0,6,6,1987,0,0,0,0,0
2020-09-01,US,Nebraska,Gosper,24,0,0,40.51481965,-99.83020279,31073.0,1206.0301507537688,0.0,24,24,0,0,24,23,1996,0,0,0,0,1
2020-09-01,US,Nebraska,Greeley,12,0,0,41.56742671,-98.52150266,31077.0,509.3378607809847,0.0,12,12,0,0,12,12,2356,0,0,0,0,0
2020-09-01,US,Nebraska,Hall,1859,46,0,40.87257079,-98.50218293,31079.0,3030.006682639805,2.4744486282947817,1813,1849,46,0,1803,1843,61607,10,0,0,10,6
2020-09-01,US,Nebraska,Hamilton,105,12,0,40.87349452,-98.02099117,31081.0,1126.1261261261259,11.428571428571427,93,106,12,0,94,106,9280,-1,0,0,-1,0
2020-09-01,US,Nebraska,Harlan,7,0,0,40.17658508,-99.40438879,31083.0,207.1005917159763,0.0,7,6,0,0,6,5,3401,1,0,0,1,1
2020-09-01,US,Nebraska,Hitchcock,2,0,0,40.17609175,-101.04164770000001,31087.0,72.41129616220131,0.0,2,2,0,0,2,2,2806,0,0,0,0,0
2020-09-01,US,Nebraska,Holt,21,0,0,42.45522056,-98.78402558,31089.0,208.60236416012714,0.0,21,20,0,0,20,20,10178,1,0,0,1,0
2020-09-01,US,Nebraska,Hooker,4,0,0,41.91586243,-101.1354293,31091.0,586.5102639296188,0.0,4,4,0,0,4,4,682,0,0,0,0,0
2020-09-01,US,Nebraska,Howard,64,5,0,41.2200529,-98.5166499,31093.0,993.0178432893716,7.8125,59,64,5,0,59,64,6468,0,0,0,0,0
2020-09-01,US,Nebraska,Jefferson,19,0,0,40.17584531,-97.142601,31095.0,269.6565427192733,0.0,19,19,0,0,19,19,7097,0,0,0,0,0
2020-09-01,US,Nebraska,Johnson,26,0,0,40.39257596,-96.26522753,31097.0,512.7193847367383,0.0,26,23,0,0,23,23,5134,3,0,0,3,0
2020-09-01,US,Nebraska,Kearney,111,0,0,40.50663314,-98.94877182,31099.0,1709.0069284064664,0.0,111,111,0,0,111,110,6544,0,0,0,0,1
2020-09-01,US,Nebraska,Keith,47,0,0,41.19930341,-101.66201640000001,31101.0,585.0136918098083,0.0,47,46,0,0,46,46,8021,1,0,0,1,0
2020-09-01,US,Nebraska,Keya Paha,1,0,0,42.87990694,-99.71343729,31103.0,124.06947890818859,0.0,1,1,0,0,1,1,810,0,0,0,0,0
2020-09-01,US,Nebraska,Kimball,15,0,0,41.19774275,-103.7148131,31105.0,412.9955947136564,0.0,15,15,0,0,15,15,3618,0,0,0,0,0
2020-09-01,US,Nebraska,Knox,69,0,0,42.63758421,-97.89178836,31107.0,828.132501200192,0.0,69,66,0,0,66,63,8419,3,0,0,3,3
2020-09-01,US,Nebraska,Lancaster,4102,21,0,40.78416049,-96.68777155,31109.0,1285.530728007772,0.5119453924914675,4081,4050,21,0,4029,3990,317272,52,0,0,52,60
2020-09-01,US,Nebraska,Lincoln,272,2,0,41.04658298,-100.74753740000001,31111.0,779.0571117603254,0.7352941176470589,270,270,2,0,268,269,35185,2,0,0,2,1
2020-09-01,US,Nebraska,Logan,3,0,0,41.56650314,-100.4817851,31113.0,401.06951871657753,0.0,3,3,0,0,3,3,749,0,0,0,0,0
2020-09-01,US,Nebraska,Loup,2,0,0,41.91371961,-99.45440415,31115.0,301.20481927710836,0.0,2,2,0,0,2,2,618,0,0,0,0,0
2020-09-01,US,Nebraska,Madison,609,5,0,41.91676024,-97.6005481,31119.0,1735.0921678680304,0.8210180623973727,604,602,5,0,597,588,35392,7,0,0,7,14
2020-09-01,US,Nebraska,McPherson,6,0,0,41.56797682,-101.05993620000001,31117.0,1214.5748987854256,0.0,6,6,0,0,6,6,492,0,0,0,0,0
2020-09-01,US,Nebraska,Merrick,70,1,0,41.16624273,-98.0374887,31121.0,902.6434558349453,1.4285714285714286,69,67,1,0,66,66,7733,3,0,0,3,1
2020-09-01,US,Nebraska,Morrill,66,0,0,41.71711774,-103.0061405,31123.0,1421.8009478672986,0.0,66,66,0,0,66,64,4686,0,0,0,0,2
2020-09-01,US,Nebraska,Nance,11,0,0,41.39750195,-97.99327291,31125.0,312.588803637397,0.0,11,11,0,0,11,11,3532,0,0,0,0,0
2020-09-01,US,Nebraska,Nemaha,86,0,0,40.38514847,-95.85433992,31127.0,1233.5054503729202,0.0,86,80,0,0,80,78,6958,6,0,0,6,2
2020-09-01,US,Nebraska,Nuckolls,11,0,0,40.17637905,-98.04743961,31129.0,265.1880424300868,0.0,11,10,0,0,10,10,4195,1,0,0,1,0
2020-09-01,US,Nebraska,Otoe,121,1,0,40.64843556,-96.13374142,31131.0,755.6832375718211,0.8264462809917356,120,114,1,0,113,114,15985,7,0,0,7,0
2020-09-01,US,Nebraska,Pawnee,11,0,0,40.13141096,-96.23705437,31133.0,420.97206276310754,0.0,11,10,0,0,10,10,2632,1,0,0,1,0
2020-09-01,US,Nebraska,Perkins,30,7,0,40.85082525,-101.6502942,31135.0,1037.7032168799724,23.33333333333333,23,30,7,0,23,29,2929,0,0,0,0,1
2020-09-01,US,Nebraska,Phelps,71,0,0,40.51156033,-99.41461667,31137.0,785.9198583130395,0.0,71,68,0,0,68,67,8996,3,0,0,3,1
2020-09-01,US,Nebraska,Pierce,60,3,0,42.26434853,-97.60122773,31139.0,839.3956351426973,5.0,57,60,2,0,58,60,7142,0,1,0,-1,0
2020-09-01,US,Nebraska,Platte,873,3,0,41.57246836,-97.52144359,31141.0,2608.3059456229457,0.3436426116838488,870,872,3,0,869,864,33363,1,0,0,1,8
2020-09-01,US,Nebraska,Polk,33,1,0,41.18813488,-97.56630712,31143.0,633.0328026088624,3.0303030303030303,32,33,1,0,32,33,5278,0,0,0,0,0
2020-09-01,US,Nebraska,Red Willow,20,0,0,40.17556879999999,-100.476998,31145.0,186.4975755315181,0.0,20,20,0,0,20,18,10726,0,0,0,0,2
2020-09-01,US,Nebraska,Richardson,35,1,0,40.1247415,-95.71755036,31147.0,445.00953591862685,2.8571428571428568,34,34,1,0,33,34,7937,1,0,0,1,0
2020-09-01,US,Nebraska,Rock,10,0,0,42.42252217,-99.44832069,31149.0,736.9196757553427,0.0,10,9,0,0,9,9,1360,1,0,0,1,0
2020-09-01,US,Nebraska,Saline,635,2,0,40.52418865,-97.14085859,31151.0,4464.285714285715,0.31496062992125984,633,634,2,0,632,633,14350,1,0,0,1,1
2020-09-01,US,Nebraska,Sarpy,2858,15,0,41.11314181,-96.11156432,31153.0,1526.7420244022308,0.5248425472358292,2843,2841,15,0,2826,2832,184459,17,0,0,17,9
2020-09-01,US,Nebraska,Saunders,237,2,0,41.227810299999994,-96.63773905,31155.0,1098.3409027713412,0.8438818565400844,235,226,2,0,224,222,21303,11,0,0,11,4
2020-09-01,US,Nebraska,Scotts Bluff,363,6,0,41.85070896,-103.70809859999999,31157.0,1019.147621988882,1.6528925619834711,357,358,6,0,352,357,35989,5,0,0,5,1
2020-09-01,US,Nebraska,Seward,166,2,0,40.87241834,-97.139673,31159.0,960.425827354779,1.2048192771084338,164,164,2,0,162,163,17318,2,0,0,2,1
2020-09-01,US,Nebraska,Sheridan,27,0,0,42.50284406,-102.4126613,31161.0,514.6778497903165,0.0,27,23,0,0,23,21,5190,4,0,0,4,2
2020-09-01,US,Nebraska,Sherman,17,1,0,41.22045983,-98.97588642,31163.0,566.47784071976,5.882352941176472,16,16,1,0,15,15,3038,1,0,0,1,1
2020-09-01,US,Nebraska,Sioux,6,0,0,42.48932059,-103.7576544,31165.0,514.5797598627787,0.0,6,6,0,0,6,6,1187,0,0,0,0,0
2020-09-01,US,Nebraska,Stanton,33,0,0,41.9169835,-97.19394708,31167.0,557.4324324324324,0.0,33,34,0,0,34,33,5970,-1,0,0,-1,1
2020-09-01,US,Nebraska,Thayer,27,0,0,40.17626377,-97.59504381,31169.0,539.6761942834298,0.0,27,27,0,0,27,27,5039,0,0,0,0,0
2020-09-01,US,Nebraska,Thomas,3,0,0,41.91358968,-100.5556632,31171.0,415.51246537396116,0.0,3,3,0,0,3,3,720,0,0,0,0,0
2020-09-01,US,Nebraska,Thurston,224,4,0,42.15725356,-96.54157099,31173.0,3100.775193798449,1.7857142857142858,220,223,4,0,219,221,7303,1,0,0,1,2
2020-09-01,US,Nebraska,Unassigned,137,0,0,0.0,0.0,90031.0,0.0,0.0,137,132,1,0,131,125,,5,-1,0,6,7
2020-09-01,US,Nebraska,Valley,19,0,0,41.56730777,-98.98197724,31175.0,456.95045695045684,0.0,19,19,0,0,19,18,4190,0,0,0,0,1
2020-09-01,US,Nebraska,Washington,176,1,0,41.52815707,-96.22019892,31177.0,849.0520526798206,0.5681818181818182,175,176,1,0,175,175,20667,0,0,0,0,1
2020-09-01,US,Nebraska,Wayne,54,0,0,42.20934475,-97.11926964,31179.0,575.3862546616942,0.0,54,54,0,0,54,52,9403,0,0,0,0,2
2020-09-01,US,Nebraska,Webster,13,0,0,40.17642643,-98.50019851,31181.0,372.8133065672498,0.0,13,13,0,0,13,13,3533,0,0,0,0,0
2020-09-01,US,Nebraska,Wheeler,1,0,0,41.91482725,-98.52798941,31183.0,127.7139208173691,0.0,1,1,0,0,1,1,805,0,0,0,0,0
2020-09-01,US,Nebraska,York,114,0,0,40.87272618,-97.59710186,31185.0,833.3942539659332,0.0,114,113,0,0,113,113,13772,1,0,0,1,0
2020-09-01,US,Nevada,Carson City,430,8,0,39.15509045,-119.7480219,32510.0,769.0106588454111,1.8604651162790695,422,427,8,0,419,425,55414,3,0,0,3,2
2020-09-01,US,Nevada,Churchill,113,1,0,39.58105744,-118.3394607,32001.0,453.65129069814117,0.8849557522123894,112,84,1,0,83,84,24440,29,0,0,29,0
2020-09-01,US,Nevada,Clark,59716,1134,0,36.21458855,-115.0130241,32003.0,2634.4732354971843,1.8989885457833744,58582,59420,1126,0,58294,59153,2231647,296,8,0,288,267
2020-09-01,US,Nevada,Douglas,252,1,0,38.912862,-119.61713329999999,32005.0,515.2847357120949,0.3968253968253968,251,247,1,0,246,244,48467,5,0,0,5,3
2020-09-01,US,Nevada,Elko,813,4,0,41.14531606,-115.3577619,32007.0,1540.4145666755087,0.4920049200492005,809,803,4,0,799,792,52460,10,0,0,10,11
2020-09-01,US,Nevada,Eureka,6,0,0,39.98100864,-116.26832040000001,32011.0,295.71217348447516,0.0,6,6,0,0,6,5,2003,0,0,0,0,1
2020-09-01,US,Nevada,Humboldt,111,4,0,41.40692186,-118.11094270000001,32013.0,659.4973560691581,3.603603603603604,107,111,4,0,107,111,16786,0,0,0,0,0
2020-09-01,US,Nevada,Lander,61,1,0,39.933223299999995,-117.03970749999999,32015.0,1102.6753434562545,1.639344262295082,60,59,1,0,58,59,5575,2,0,0,2,0
2020-09-01,US,Nevada,Lincoln,6,0,0,37.64268459,-114.8790388,32017.0,115.76307158016591,0.0,6,6,0,0,6,6,5201,0,0,0,0,0
2020-09-01,US,Nevada,Lyon,332,6,0,39.01777974,-119.18704790000001,32019.0,577.2909059294036,1.8072289156626504,326,326,6,0,320,324,55808,6,0,0,6,2
2020-09-01,US,Nevada,Mineral,12,0,0,38.53841696,-118.4344506,32021.0,266.37069922308547,0.0,12,12,0,0,12,12,4514,0,0,0,0,0
2020-09-01,US,Nevada,Nye,469,14,0,38.04264256,-116.47227020000001,32023.0,1008.1035186896803,2.985074626865672,455,469,14,0,455,467,45346,0,0,0,0,2
2020-09-01,US,Nevada,Pershing,21,0,0,40.44003782,-118.40056409999998,32027.0,312.2676579925651,0.0,21,22,0,0,22,21,6666,-1,0,0,-1,1
2020-09-01,US,Nevada,Storey,7,0,0,39.44875482,-119.5250207,32029.0,169.77928692699493,0.0,7,7,0,0,7,6,4029,0,0,0,0,1
2020-09-01,US,Nevada,Washoe,7259,139,0,40.66562265,-119.6631594,32031.0,1539.4925761210047,1.914864306378289,7120,7204,139,0,7065,7174,465735,55,0,0,55,30
2020-09-01,US,Nevada,White Pine,25,1,0,39.44157041,-114.89996599999999,32033.0,260.9603340292276,4.0,24,25,1,0,24,25,9475,0,0,0,0,0
2020-09-01,US,New Hampshire,Belknap,125,4,0,43.51637314,-71.41684235,33001.0,203.9051922418153,3.2,121,125,4,0,121,125,61022,0,0,0,0,0
2020-09-01,US,New Hampshire,Carroll,105,1,0,43.87498583,-71.20430216,33003.0,214.68002453486,0.9523809523809524,104,105,1,0,104,104,48779,0,0,0,0,1
2020-09-01,US,New Hampshire,Cheshire,129,3,0,42.92015988,-72.25311043,33005.0,169.54721692843532,2.3255813953488373,126,129,3,0,126,129,76493,0,0,0,0,0
2020-09-01,US,New Hampshire,Coos,19,0,0,44.69063265,-71.30633239,33007.0,60.197066185090144,0.0,19,18,0,0,18,18,31589,1,0,0,1,0
2020-09-01,US,New Hampshire,Grafton,114,1,0,43.93779815,-71.82057197,33009.0,126.82731459849144,0.8771929824561403,113,114,1,0,113,113,89786,0,0,0,0,1
2020-09-01,US,New Hampshire,Hillsborough,4048,286,0,42.91537785,-71.7200253,33011.0,970.6852107187816,7.065217391304348,3762,4040,286,0,3754,4027,415247,8,0,0,8,13
2020-09-01,US,New Hampshire,Merrimack,504,23,0,43.29662971,-71.6811573,33013.0,332.91278873909283,4.563492063492063,481,502,23,0,479,500,151132,2,0,0,2,2
2020-09-01,US,New Hampshire,Rockingham,1813,100,0,42.98499744,-71.12883377,33015.0,585.2748338277878,5.515719801434087,1713,1809,100,0,1709,1805,309176,4,0,0,4,4
2020-09-01,US,New Hampshire,Strafford,390,13,0,43.291833000000004,-71.02336013,33017.0,298.54630912556564,3.333333333333333,377,383,13,0,370,383,130090,7,0,0,7,0
2020-09-01,US,New Hampshire,Sullivan,48,1,0,43.36094111,-72.22203125,33019.0,111.25017382839658,2.083333333333333,47,48,1,0,47,47,43144,0,0,0,0,1
2020-09-01,US,New Hampshire,Unassigned,2,0,0,0.0,0.0,90033.0,0.0,0.0,2,2,0,0,2,3,,0,0,0,0,-1
2020-09-01,US,New Jersey,Atlantic,3763,251,0,39.47538693,-74.65848483,34001.0,1427.1627413054196,6.670209938878554,3512,3752,251,0,3501,3739,265429,11,0,0,11,13
2020-09-01,US,New Jersey,Bergen,21665,2035,0,40.96010917,-74.07164325,34003.0,2324.067101336406,9.393030233094851,19630,21600,2033,0,19567,21557,936692,65,2,0,63,43
2020-09-01,US,New Jersey,Burlington,6421,481,0,39.87681124,-74.66927768,34005.0,1441.7905956901218,7.491045008565644,5940,6395,481,0,5914,6382,445384,26,0,0,26,13
2020-09-01,US,New Jersey,Camden,9178,590,0,39.80343818,-74.96388753,34007.0,1812.1471910533871,6.428415776857703,8588,9157,590,0,8567,9142,507078,21,0,0,21,15
2020-09-01,US,New Jersey,Cape May,908,94,0,39.15008829,-74.80170244,34009.0,986.5383152793924,10.352422907488986,814,905,94,0,811,898,92560,3,0,0,3,7
2020-09-01,US,New Jersey,Cumberland,3587,155,0,39.37199394,-75.10712559,34011.0,2398.897857911949,4.321159743518259,3432,3573,155,0,3418,3560,150972,14,0,0,14,13
2020-09-01,US,New Jersey,Essex,20368,2116,0,40.78681335,-74.24657979,34013.0,2549.266247379455,10.388845247446977,18252,20324,2115,0,18209,20301,799767,44,1,0,43,23
2020-09-01,US,New Jersey,Gloucester,3708,219,0,39.71581067,-75.13995546,34015.0,1271.4479693864955,5.906148867313916,3489,3685,219,0,3466,3668,291408,23,0,0,23,17
2020-09-01,US,New Jersey,Hudson,20163,1508,0,40.73766234,-74.07515667,34017.0,2998.701648296899,7.479045776918117,18655,20144,1508,0,18636,20131,676061,19,0,0,19,13
2020-09-01,US,New Jersey,Hunterdon,1212,124,0,40.56335249,-74.91284156,34019.0,974.5037026316423,10.231023102310232,1088,1213,124,0,1089,1212,124714,-1,0,0,-1,1
2020-09-01,US,New Jersey,Mercer,8342,630,0,40.28047017,-74.70479631,34021.0,2270.364423155431,7.552145768400862,7712,8333,627,0,7706,8326,369811,9,3,0,6,7
2020-09-01,US,New Jersey,Middlesex,18468,1417,0,40.43629879,-74.41426991,34023.0,2238.377237104605,7.672731210742906,17051,18456,1418,0,17038,18432,829685,12,-1,0,13,24
2020-09-01,US,New Jersey,Monmouth,10763,858,0,40.26549699,-74.22240686,34025.0,1739.3482494202442,7.971755086871691,9905,10734,858,0,9876,10710,621354,29,0,0,29,24
2020-09-01,US,New Jersey,Morris,7507,829,0,40.86095313,-74.54553709999998,34027.0,1526.2938527381589,11.04302650859198,6678,7491,829,0,6662,7474,494228,16,0,0,16,17
2020-09-01,US,New Jersey,Ocean,11213,1023,0,39.8895449,-74.28089251,34029.0,1846.715833369017,9.123338981539282,10190,11181,1022,0,10159,11145,601651,32,1,0,31,36
2020-09-01,US,New Jersey,Passaic,18380,1245,0,41.03238628,-74.29954144,34031.0,3662.624096798492,6.7736670293797605,17135,18351,1246,0,17105,18327,503310,29,-1,0,30,24
2020-09-01,US,New Jersey,Salem,980,89,0,39.58719656,-75.34696629999998,34033.0,1570.8904384066684,9.081632653061224,891,981,89,0,892,980,62607,-1,0,0,-1,1
2020-09-01,US,New Jersey,Somerset,5425,567,0,40.56465737,-74.61683016,34035.0,1649.2670262119452,10.451612903225808,4858,5420,567,0,4853,5400,331164,5,0,0,5,20
2020-09-01,US,New Jersey,Sussex,1402,197,0,41.13891592,-74.69118243,34037.0,997.9500028472183,14.051355206847363,1205,1399,197,0,1202,1394,140799,3,0,0,3,5
2020-09-01,US,New Jersey,Unassigned,316,0,0,0.0,0.0,90034.0,0.0,0.0,316,368,0,0,368,364,,-52,0,0,-52,4
2020-09-01,US,New Jersey,Union,17124,1351,0,40.65835409,-74.30680092,34039.0,3077.9683683208677,7.8895117963092725,15773,17103,1351,0,15752,17077,558067,21,0,0,21,26
2020-09-01,US,New Jersey,Warren,1397,171,0,40.85951833,-74.99556527,34041.0,1327.101560793031,12.240515390121688,1226,1395,171,0,1224,1392,105779,2,0,0,2,3
2020-09-01,US,New Mexico,Bernalillo,5838,158,0,35.05163625,-106.6703554,35001.0,859.6406236885623,2.7064063035286057,5680,5809,156,0,5653,5795,678701,29,2,0,27,14
2020-09-01,US,New Mexico,Catron,5,1,0,33.91514144,-108.4046587,35003.0,141.7635384179189,20.0,4,5,1,0,4,5,3578,0,0,0,0,0
2020-09-01,US,New Mexico,Chaves,731,6,0,33.36406072,-104.4665365,35005.0,1131.316257834868,0.8207934336525308,725,727,6,0,721,722,64689,4,0,0,4,5
2020-09-01,US,New Mexico,Cibola,398,20,0,34.91131525,-107.998876,35006.0,1492.0337394564199,5.025125628140704,378,398,20,0,378,397,26746,0,0,0,0,1
2020-09-01,US,New Mexico,Colfax,19,1,0,36.60569702,-104.64726740000002,35007.0,159.11565195544762,5.2631578947368425,18,19,1,0,18,19,12110,0,0,0,0,0
2020-09-01,US,New Mexico,Curry,675,5,0,34.57421077,-103.34688759999999,35009.0,1378.8454467459244,0.7407407407407407,670,672,4,0,668,671,49437,3,1,0,2,1
2020-09-01,US,New Mexico,Dona Ana,2859,43,0,32.35275771,-106.83293870000001,35013.0,1310.295836293224,1.504022385449458,2816,2827,43,0,2784,2819,217522,32,0,0,32,8
2020-09-01,US,New Mexico,Eddy,500,5,0,32.47167456,-104.3053527,35015.0,855.2856654122478,1.0,495,492,5,0,487,486,57900,8,0,0,8,6
2020-09-01,US,New Mexico,Grant,83,2,0,32.73911281,-108.3827845,35017.0,307.4301800133344,2.409638554216868,81,82,2,0,80,79,27346,1,0,0,1,3
2020-09-01,US,New Mexico,Guadalupe,32,1,0,34.86319296,-104.790669,35019.0,744.1860465116278,3.125,31,32,1,0,31,32,4341,0,0,0,0,0
2020-09-01,US,New Mexico,Harding,2,0,0,35.85751555,-103.82209379999999,35021.0,320.0,0.0,2,2,0,0,2,2,655,0,0,0,0,0
2020-09-01,US,New Mexico,Hidalgo,98,2,0,31.91383467,-108.7151824,35023.0,2334.444973797047,2.0408163265306123,96,98,2,0,96,97,4240,0,0,0,0,1
2020-09-01,US,New Mexico,Lea,1132,15,0,32.79215361,-103.4123733,35025.0,1592.7958350921624,1.3250883392226152,1117,1131,12,0,1119,1126,69611,1,3,0,-2,5
2020-09-01,US,New Mexico,Lincoln,171,2,0,33.74526079,-105.4586166,35027.0,873.6971183323114,1.1695906432748535,169,169,2,0,167,168,19556,2,0,0,2,1
2020-09-01,US,New Mexico,Los Alamos,27,0,0,35.86631386,-106.31349850000001,35028.0,139.39800712478706,0.0,27,27,0,0,27,27,19101,0,0,0,0,0
2020-09-01,US,New Mexico,Luna,316,5,0,32.18179341,-107.75088259999998,35029.0,1332.8271964232993,1.5822784810126582,311,316,5,0,311,315,23963,0,0,0,0,1
2020-09-01,US,New Mexico,McKinley,4213,243,0,35.58007720000001,-108.262245,35031.0,5903.288634803201,5.767861381438405,3970,4203,242,0,3961,4195,72290,10,1,0,9,8
2020-09-01,US,New Mexico,Mora,6,0,0,36.01095101,-104.9497716,35033.0,132.71400132713998,0.0,6,6,0,0,6,6,4506,0,0,0,0,0
2020-09-01,US,New Mexico,Otero,222,12,0,32.61348406,-105.7417604,35035.0,328.9376203882057,5.405405405405406,210,218,12,0,206,218,66781,4,0,0,4,0
2020-09-01,US,New Mexico,Quay,62,2,0,35.10403332,-103.54817270000001,35037.0,751.2419726160184,3.2258064516129035,60,63,2,0,61,62,8253,-1,0,0,-1,1
2020-09-01,US,New Mexico,Rio Arriba,358,13,0,36.51072137,-106.69316740000001,35039.0,919.8119267233627,3.6312849162011163,345,358,13,0,345,358,39006,0,0,0,0,0
2020-09-01,US,New Mexico,Roosevelt,201,2,0,34.02097406,-103.4799493,35041.0,1086.4864864864865,0.9950248756218906,199,201,1,0,200,201,18743,0,1,0,-1,0
2020-09-01,US,New Mexico,San Juan,3194,191,0,36.50838318,-108.32043700000001,35045.0,2576.679197792801,5.979962429555418,3003,3192,191,0,3001,3187,125043,2,0,0,2,5
2020-09-01,US,New Mexico,San Miguel,82,0,0,35.48014807,-104.8163562,35047.0,300.6195696007625,0.0,82,81,0,0,81,78,27591,1,0,0,1,3
2020-09-01,US,New Mexico,Sandoval,1254,37,0,35.68862401,-106.86878030000001,35043.0,854.526126420803,2.9505582137161084,1217,1247,37,0,1210,1246,145179,7,0,0,7,1
2020-09-01,US,New Mexico,Santa Fe,823,4,0,35.50708973,-105.9774716,35049.0,547.3603000838,0.4860267314702309,819,821,4,0,817,818,150056,2,0,0,2,3
2020-09-01,US,New Mexico,Sierra,38,1,0,33.13028233,-107.1925893,35051.0,352.14530627374666,2.631578947368421,37,37,1,0,36,37,10968,1,0,0,1,0
2020-09-01,US,New Mexico,Socorro,77,6,0,34.00715494,-106.9298354,35053.0,462.8238264110117,7.792207792207793,71,77,6,0,71,77,16735,0,0,0,0,0
2020-09-01,US,New Mexico,Taos,115,3,0,36.58006022,-105.63101979999999,35055.0,351.43477065061273,2.608695652173913,112,115,3,0,112,115,32835,0,0,0,0,0
2020-09-01,US,New Mexico,Torrance,63,1,0,34.64048375,-105.8508949,35057.0,407.4768773041847,1.5873015873015872,62,63,1,0,62,63,15591,0,0,0,0,0
2020-09-01,US,New Mexico,Unassigned,1321,0,0,0.0,0.0,90035.0,0.0,0.0,1321,1320,0,0,1320,1320,,1,0,0,1,0
2020-09-01,US,New Mexico,Union,31,2,0,36.48126404,-103.4709624,35059.0,763.7349100763735,6.451612903225807,29,31,2,0,29,31,4118,0,0,0,0,0
2020-09-01,US,New Mexico,Valencia,514,4,0,34.71669834,-106.8103733,35061.0,670.2482787398291,0.7782101167315175,510,513,4,0,509,511,76456,1,0,0,1,2
2020-09-01,US,New York,Albany,2786,133,0,42.60060306,-73.97723916,36001.0,911.9297166013106,4.773869346733668,2653,2770,133,0,2637,2764,307117,16,0,0,16,6
2020-09-01,US,New York,Allegany,89,1,0,42.25748406,-78.02750466,36003.0,193.09626608231545,1.1235955056179776,88,89,1,0,88,89,46430,0,0,0,0,0
2020-09-01,US,New York,Bronx,51663,4912,0,40.85209301,-73.86282755,36005.0,3642.839162407181,9.50777151926911,46751,51610,4909,0,46701,,1432132,53,3,0,50,
2020-09-01,US,New York,Broome,1311,69,0,42.15903158,-75.81326086,36007.0,688.232329595565,5.2631578947368425,1242,1307,69,0,1238,1295,191659,4,0,0,4,12
2020-09-01,US,New York,Cattaraugus,206,6,0,42.24778241,-78.67923096,36009.0,270.6359945872801,2.9126213592233015,200,205,6,0,199,201,76840,1,0,0,1,4
2020-09-01,US,New York,Cayuga,180,2,0,42.91261714,-76.55731592,36011.0,235.06059339740912,1.1111111111111112,178,178,2,0,176,177,77145,2,0,0,2,1
2020-09-01,US,New York,Chautauqua,405,9,0,42.22769210000001,-79.36691763,36013.0,319.14139145646675,2.2222222222222223,396,394,9,0,385,382,127939,11,0,0,11,12
2020-09-01,US,New York,Chemung,205,3,0,42.13891056,-76.7638805,36015.0,245.63842024539883,1.4634146341463414,202,203,3,0,200,200,84254,2,0,0,2,3
2020-09-01,US,New York,Chenango,229,7,0,42.49430041,-75.60887553,36017.0,485.0975490922957,3.056768558951965,222,228,7,0,221,227,47536,1,0,0,1,1
2020-09-01,US,New York,Clinton,151,5,0,44.74530905,-73.67875352,36019.0,187.612598620861,3.3112582781456954,146,150,5,0,145,150,80695,1,0,0,1,0
2020-09-01,US,New York,Columbia,569,37,0,42.24819348,-73.63089095,36021.0,956.9297522746001,6.502636203866433,532,569,37,0,532,569,59916,0,0,0,0,0
2020-09-01,US,New York,Cortland,101,0,0,42.59509207,-76.07048931,36023.0,212.2696034131271,0.0,101,100,0,0,100,99,47823,1,0,0,1,1
2020-09-01,US,New York,Delaware,115,4,0,42.19837623,-74.96709306,36025.0,260.56417808995127,3.4782608695652173,111,115,4,0,111,115,44527,0,0,0,0,0
2020-09-01,US,New York,Dutchess,4868,153,0,41.76486060000001,-73.74356679,36027.0,1654.5554656751115,3.142974527526705,4715,4865,153,0,4712,4852,293718,3,0,0,3,13
2020-09-01,US,New York,Erie,9947,678,0,42.76249024,-78.73063652,36029.0,1082.7232334315154,6.816125464964311,9269,9872,678,0,9194,9807,919719,75,0,0,75,65
2020-09-01,US,New York,Essex,131,0,0,44.11630765,-73.77297842,36031.0,355.1579232750441,0.0,131,129,0,0,129,128,37300,2,0,0,2,1
2020-09-01,US,New York,Franklin,58,0,0,44.59040891,-74.29926032,36033.0,115.94898244772301,0.0,58,58,0,0,58,58,50293,0,0,0,0,0
2020-09-01,US,New York,Fulton,311,24,0,43.11363907,-74.41798804,36035.0,582.5824700747429,7.717041800643088,287,311,24,0,287,311,53591,0,0,0,0,0
2020-09-01,US,New York,Genesee,297,5,0,43.0022601,-78.19135193,36037.0,518.5055865921788,1.6835016835016836,292,295,5,0,290,294,57511,2,0,0,2,1
2020-09-01,US,New York,Greene,309,18,0,42.275797,-74.12384884,36039.0,654.8274985165721,5.825242718446603,291,307,18,0,289,307,47491,2,0,0,2,0
2020-09-01,US,New York,Hamilton,14,0,0,43.66146647,-74.49721957,36041.0,317.0289855072464,0.0,14,14,0,0,14,14,4434,0,0,0,0,0
2020-09-01,US,New York,Herkimer,298,4,0,43.42034246,-74.96145307,36043.0,485.98313736362303,1.342281879194631,294,297,4,0,293,297,61833,1,0,0,1,0
2020-09-01,US,New York,Jefferson,150,0,0,44.04200959,-75.94653457,36045.0,136.56973250541728,0.0,150,150,0,0,150,150,111755,0,0,0,0,0
2020-09-01,US,New York,Kings,65118,7290,0,40.636182500000004,-73.94935552,36047.0,2543.768259969225,11.195061273380633,57828,64998,7290,0,57708,,2582830,120,0,0,120,
2020-09-01,US,New York,Lewis,49,0,0,43.784415700000004,-75.44903992,36049.0,186.3401277760876,0.0,49,49,0,0,49,49,26447,0,0,0,0,0
2020-09-01,US,New York,Livingston,183,8,0,42.72596275,-77.77966158,36051.0,290.8732555552023,4.371584699453551,175,183,8,0,175,182,63227,0,0,0,0,1
2020-09-01,US,New York,Madison,461,17,0,42.91653905,-75.67266639,36053.0,649.8357790276427,3.6876355748373104,444,461,17,0,444,461,70795,0,0,0,0,0
2020-09-01,US,New York,Monroe,5462,289,0,43.14638895,-77.69322942,36055.0,736.3468460574032,5.291102160380813,5173,5452,289,0,5163,5443,742474,10,0,0,10,9
2020-09-01,US,New York,Montgomery,207,4,0,42.90123494,-74.44011632,36057.0,420.5522033278479,1.932367149758454,203,206,4,0,202,202,49455,1,0,0,1,4
2020-09-01,US,New York,Nassau,44761,2198,0,40.74066522,-73.58941873,36059.0,3298.7109079064116,4.910524787203146,42563,44677,2198,0,42479,44610,1358343,84,0,0,84,67
2020-09-01,US,New York,New York,32165,3170,0,40.76727260000001,-73.97152637,36061.0,1974.8806721409512,9.855432923985699,28995,32119,3170,0,28949,,,46,0,0,46,
2020-09-01,US,New York,Niagara,1626,101,0,43.19898042,-78.74777412,36063.0,776.9458288138915,6.211562115621157,1525,1618,101,0,1517,1612,210433,8,0,0,8,6
2020-09-01,US,New York,Oneida,2281,120,0,43.24375382,-75.43710392,36065.0,997.5029627718424,5.26085050416484,2161,2274,120,0,2154,2272,229577,7,0,0,7,2
2020-09-01,US,New York,Onondaga,3912,204,0,43.00491923,-76.19971155,36067.0,849.459750547198,5.214723926380368,3708,3892,204,0,3688,3883,461809,20,0,0,20,9
2020-09-01,US,New York,Ontario,393,35,0,42.85145728,-77.30874425,36069.0,357.99848784353736,8.9058524173028,358,391,35,0,356,389,109864,2,0,0,2,2
2020-09-01,US,New York,Orange,11445,494,0,41.40337468,-74.30240757,36071.0,2973.190627110719,4.316295325469637,10951,11433,494,0,10939,11418,381951,12,0,0,12,15
2020-09-01,US,New York,Orleans,306,54,0,43.2516977,-78.2320066,36073.0,758.3267248215703,17.647058823529417,252,306,54,0,252,306,40612,0,0,0,0,0
2020-09-01,US,New York,Oswego,304,3,0,43.42778894,-76.14635194,36075.0,259.55397698166047,0.986842105263158,301,303,3,0,300,295,117898,1,0,0,1,8
2020-09-01,US,New York,Otsego,179,5,0,42.63492579,-75.03151402,36077.0,300.8757332795455,2.793296089385475,174,144,5,0,139,143,59749,35,0,0,35,1
2020-09-01,US,New York,Putnam,1505,63,0,41.42630093,-73.74965532,36079.0,1530.7160292921076,4.186046511627906,1442,1501,63,0,1438,1500,98892,4,0,0,4,1
2020-09-01,US,New York,Queens,70288,7224,0,40.71088124,-73.81684712,36081.0,3118.563813691901,10.277714545868427,63064,70222,7222,0,63000,,2278906,66,2,0,64,
2020-09-01,US,New York,Rensselaer,841,40,0,42.71348136,-73.51089874,36083.0,529.8839421853145,4.756242568370987,801,838,40,0,798,833,159442,3,0,0,3,5
2020-09-01,US,New York,Richmond,15308,1083,0,40.58582155,-74.14808598,36085.0,3215.000535553395,7.074732166187613,14225,15288,1083,0,14205,,476179,20,0,0,20,
2020-09-01,US,New York,Rockland,14271,674,0,41.15027894,-74.02560498,36087.0,4380.442556378515,4.722864550487001,13597,14255,674,0,13581,14233,325695,16,0,0,16,22
2020-09-01,US,New York,Saratoga,846,17,0,43.10904162,-73.86653895,36091.0,368.0453139478733,2.0094562647754137,829,844,17,0,827,842,230163,2,0,0,2,2
2020-09-01,US,New York,Schenectady,1271,45,0,42.81668777,-74.05278291,36093.0,818.4212390292274,3.5405192761605035,1226,1263,45,0,1218,1260,155350,8,0,0,8,3
2020-09-01,US,New York,Schoharie,70,0,0,42.58831742,-74.44339029999998,36095.0,225.81373592696545,0.0,70,69,0,0,69,69,31097,1,0,0,1,0
2020-09-01,US,New York,Schuyler,26,0,0,42.39184015,-76.8773299,36097.0,146.0099960689616,0.0,26,26,0,0,26,26,17912,0,0,0,0,0
2020-09-01,US,New York,Seneca,100,3,0,42.78081007,-76.82497064,36099.0,293.9793038570085,3.0,97,100,3,0,97,100,34300,0,0,0,0,0
2020-09-01,US,New York,St. Lawrence,275,4,0,44.4976179,-75.06550039,36089.0,255.24410618154812,1.4545454545454546,271,275,4,0,271,274,108047,0,0,0,0,1
2020-09-01,US,New York,Steuben,315,42,0,42.2689144,-77.3829924,36101.0,330.26137829081875,13.333333333333336,273,315,42,0,273,315,95796,0,0,0,0,0
2020-09-01,US,New York,Suffolk,44885,2002,0,40.88320119,-72.8012172,36103.0,3039.751429126758,4.460287401136237,42883,44820,2002,0,42818,44763,1481093,65,0,0,65,57
2020-09-01,US,New York,Sullivan,1530,48,0,41.71579493,-74.76394559,36105.0,2028.3168946866047,3.1372549019607843,1482,1529,48,0,1481,1521,75498,1,0,0,1,8
2020-09-01,US,New York,Tioga,209,25,0,42.16852837,-76.30835812,36107.0,433.58297201419,11.961722488038278,184,209,25,0,184,208,48560,0,0,0,0,1
2020-09-01,US,New York,Tompkins,270,0,0,42.44945765,-76.47229843,36109.0,264.2395772166765,0.0,270,265,0,0,265,264,102793,5,0,0,5,1
2020-09-01,US,New York,Ulster,2176,94,0,41.89027881,-74.26252104,36111.0,1225.4115208956316,4.319852941176471,2082,2175,94,0,2081,2168,178599,1,0,0,1,7
2020-09-01,US,New York,Unassigned,0,24,0,0.0,0.0,90036.0,0.0,0.0,-24,0,21,0,-21,,,0,3,0,-3,
2020-09-01,US,New York,Warren,322,33,0,43.56173026,-73.8433699,36113.0,503.5656199174277,10.248447204968944,289,321,33,0,288,321,64265,1,0,0,1,0
2020-09-01,US,New York,Washington,268,14,0,43.31153794,-73.43043448,36115.0,437.8798771322136,5.223880597014926,254,267,14,0,253,267,61197,1,0,0,1,0
2020-09-01,US,New York,Wayne,280,5,0,43.15494365,-77.02976528,36117.0,311.3948263973843,1.7857142857142858,275,280,5,0,275,280,90064,0,0,0,0,0
2020-09-01,US,New York,Westchester,37021,1452,0,41.16278376,-73.75741653,36119.0,3826.4362184834004,3.9220982685502817,35569,36984,1451,0,35533,36949,967612,37,1,0,36,35
2020-09-01,US,New York,Wyoming,126,5,0,42.70145109,-78.22199579,36121.0,316.1143029177852,3.968253968253968,121,126,5,0,121,126,40085,0,0,0,0,0
2020-09-01,US,New York,Yates,62,7,0,42.63505484,-77.10369919,36123.0,248.8660538674588,11.290322580645164,55,62,7,0,55,61,24841,0,0,0,0,1
2020-09-01,US,North Carolina,Alamance,3243,46,0,36.0434701,-79.39976137,37001.0,1913.17275188928,1.4184397163120568,3197,3209,46,0,3163,3100,166436,34,0,0,34,109
2020-09-01,US,North Carolina,Alexander,409,3,0,35.922379600000006,-81.17751948,37003.0,1090.753926980825,0.7334963325183375,406,401,2,0,399,397,37353,8,1,0,7,4
2020-09-01,US,North Carolina,Alleghany,202,0,0,36.49360862,-81.12857041,37005.0,1813.7739067971627,0.0,202,203,0,0,203,203,11161,-1,0,0,-1,0
2020-09-01,US,North Carolina,Anson,445,3,0,34.97403241,-80.09953279,37007.0,1820.3387057187272,0.6741573033707865,442,441,3,0,438,438,24877,4,0,0,4,3
2020-09-01,US,North Carolina,Ashe,206,1,0,36.43296207,-81.49862729,37009.0,757.2694188141014,0.4854368932038835,205,200,1,0,199,196,27109,6,0,0,6,4
2020-09-01,US,North Carolina,Avery,144,0,0,36.07569796,-81.92308483,37011.0,820.1856809249872,0.0,144,138,0,0,138,136,17505,6,0,0,6,2
2020-09-01,US,North Carolina,Beaufort,593,9,0,35.48531943,-76.84325809,37013.0,1261.86321658084,1.5177065767284992,584,586,9,0,577,573,47079,7,0,0,7,13
2020-09-01,US,North Carolina,Bertie,441,6,0,36.0688473,-76.96545943,37015.0,2327.5452578244576,1.3605442176870748,435,435,6,0,429,427,19026,6,0,0,6,8
2020-09-01,US,North Carolina,Bladen,724,10,0,34.61296243,-78.56180059,37017.0,2212.5786932339097,1.3812154696132597,714,716,10,0,706,708,33190,8,0,0,8,8
2020-09-01,US,North Carolina,Brunswick,1401,24,0,34.070565,-78.22814204,37019.0,980.9550483125612,1.7130620985010707,1377,1389,24,0,1365,1385,136744,12,0,0,12,4
2020-09-01,US,North Carolina,Buncombe,2492,72,0,35.61113393,-82.53305,37021.0,954.0910674563825,2.8892455858747987,2420,2468,70,0,2398,2440,259103,24,2,0,22,28
2020-09-01,US,North Carolina,Burke,1855,30,0,35.74989637,-81.70755735,37023.0,2050.063546444162,1.6172506738544474,1825,1850,30,0,1820,1846,90382,5,0,0,5,4
2020-09-01,US,North Carolina,Cabarrus,3221,54,0,35.3877799,-80.55267168,37025.0,1488.0828632543783,1.6764979819931698,3167,3169,54,0,3115,3142,211342,52,0,0,52,27
2020-09-01,US,North Carolina,Caldwell,1436,17,0,35.95204977,-81.54799522,37027.0,1747.4263184793986,1.1838440111420614,1419,1424,17,0,1407,1419,82029,12,0,0,12,5
2020-09-01,US,North Carolina,Camden,97,3,0,36.33804939,-76.15568396,37029.0,892.6106561148431,3.0927835051546397,94,97,3,0,94,97,10710,0,0,0,0,0
2020-09-01,US,North Carolina,Carteret,509,5,0,34.8932941,-76.54120135,37031.0,732.6587307299237,0.9823182711198428,504,500,5,0,495,492,69524,9,0,0,9,8
2020-09-01,US,North Carolina,Caswell,249,2,0,36.39312665,-79.33353281,37033.0,1101.5749424880553,0.8032128514056225,247,249,2,0,247,245,22698,0,0,0,0,4
2020-09-01,US,North Carolina,Catawba,2638,45,0,35.66211129,-81.2132617,37035.0,1653.389825196959,1.7058377558756634,2593,2616,44,0,2572,2594,158652,22,1,0,21,22
2020-09-01,US,North Carolina,Chatham,1494,56,0,35.70394416,-79.25541492,37037.0,2006.1769840204108,3.748326639892905,1438,1482,56,0,1426,1480,73139,12,0,0,12,2
2020-09-01,US,North Carolina,Cherokee,446,5,0,35.1349263,-84.05970864,37039.0,1558.7865231371454,1.1210762331838564,441,433,5,0,428,410,28383,13,0,0,13,23
2020-09-01,US,North Carolina,Chowan,223,2,0,36.12908077,-76.60118385,37041.0,1599.3688589256255,0.8968609865470852,221,220,2,0,218,214,14029,3,0,0,3,6
2020-09-01,US,North Carolina,Clay,89,1,0,35.05704275,-83.74353633,37043.0,792.4494702163654,1.1235955056179776,88,89,1,0,88,88,11139,0,0,0,0,1
2020-09-01,US,North Carolina,Cleveland,1624,42,0,35.33553364,-81.55204486,37045.0,1658.0395520026136,2.586206896551724,1582,1604,37,0,1567,1592,97645,20,5,0,15,12
2020-09-01,US,North Carolina,Columbus,1124,52,0,34.26744084,-78.65801424,37047.0,2024.9333429415576,4.6263345195729535,1072,1102,51,0,1051,1096,55655,22,1,0,21,6
2020-09-01,US,North Carolina,Craven,995,26,0,35.11833364,-77.08398081,37049.0,974.1626606878862,2.613065326633166,969,971,26,0,945,967,102912,24,0,0,24,4
2020-09-01,US,North Carolina,Cumberland,4117,67,0,35.04762133,-78.82623165,37051.0,1227.0907784888036,1.6273985912071898,4050,4048,66,0,3982,4016,332330,69,1,0,68,32
2020-09-01,US,North Carolina,Currituck,109,0,0,36.36123664,-75.95876401,37053.0,392.60886791773225,0.0,109,107,0,0,107,96,27072,2,0,0,2,11
2020-09-01,US,North Carolina,Dare,242,2,0,35.66520691,-75.71767334,37055.0,653.894998513875,0.8264462809917356,240,243,2,0,241,242,36501,-1,0,0,-1,1
2020-09-01,US,North Carolina,Davidson,2203,32,0,35.79115496,-80.21256572,37057.0,1314.3685601608506,1.4525646845211075,2171,2171,32,0,2139,2159,166614,32,0,0,32,12
2020-09-01,US,North Carolina,Davie,484,6,0,35.93099927,-80.54496571,37059.0,1129.6270363627875,1.2396694214876034,478,478,6,0,472,474,42733,6,0,0,6,4
2020-09-01,US,North Carolina,Duplin,2085,52,0,34.93449805,-77.93140529,37061.0,3549.47992032822,2.4940047961630696,2033,2083,52,0,2031,2078,58856,2,0,0,2,5
2020-09-01,US,North Carolina,Durham,6942,84,0,36.03638492,-78.87608331,37063.0,2159.3340964515005,1.2100259291270528,6858,6908,84,0,6824,6878,316739,34,0,0,34,30
2020-09-01,US,North Carolina,Edgecombe,968,20,0,35.91230639,-77.59436892,37065.0,1880.6341311781161,2.066115702479338,948,955,19,0,936,948,52005,13,1,0,12,7
2020-09-01,US,North Carolina,Forsyth,6220,76,0,36.12859861,-80.25459052,37067.0,1627.0157862383762,1.2218649517684887,6144,6160,74,0,6086,6141,379099,60,2,0,58,19
2020-09-01,US,North Carolina,Franklin,1063,29,0,36.081519,-78.28708884,37069.0,1525.435890076774,2.7281279397930387,1034,1056,29,0,1027,1050,67560,7,0,0,7,6
2020-09-01,US,North Carolina,Gaston,4126,63,0,35.29373559,-81.17477045,37071.0,1837.6245384783256,1.5269025690741638,4063,4091,63,0,4028,4068,222846,35,0,0,35,23
2020-09-01,US,North Carolina,Gates,87,3,0,36.44667547,-76.69749701,37073.0,752.4649714582252,3.4482758620689653,84,84,3,0,81,85,11573,3,0,0,3,-1
2020-09-01,US,North Carolina,Graham,58,0,0,35.3506925,-83.83369267,37075.0,687.1223788650634,0.0,58,55,0,0,55,55,8484,3,0,0,3,0
2020-09-01,US,North Carolina,Granville,1546,45,0,36.30337451,-78.65184241,37077.0,2557.781711695316,2.9107373868046573,1501,1529,43,0,1486,1522,60115,17,2,0,15,7
2020-09-01,US,North Carolina,Greene,420,4,0,35.48544173,-77.67578087,37079.0,1993.45009255304,0.9523809523809524,416,414,4,0,410,410,21012,6,0,0,6,4
2020-09-01,US,North Carolina,Guilford,6967,170,0,36.07959451,-79.78824948,37081.0,1296.9726755204088,2.4400746375771494,6797,6861,170,0,6691,6810,533670,106,0,0,106,51
2020-09-01,US,North Carolina,Halifax,874,11,0,36.25669272,-77.6556109,37083.0,1747.6504699060188,1.2585812356979404,863,862,11,0,851,862,50574,12,0,0,12,0
2020-09-01,US,North Carolina,Harnett,1665,46,0,35.36731853,-78.87243571,37085.0,1224.4807907277757,2.7627627627627627,1619,1625,46,0,1579,1606,134214,40,0,0,40,19
2020-09-01,US,North Carolina,Haywood,512,25,0,35.55269063,-82.98196486,37087.0,821.6056613765103,4.8828125,487,511,25,0,486,505,61971,1,0,0,1,6
2020-09-01,US,North Carolina,Henderson,1695,60,0,35.33788927,-82.4766782,37089.0,1443.5729068192852,3.5398230088495577,1635,1697,60,0,1637,1694,116748,-2,0,0,-2,3
2020-09-01,US,North Carolina,Hertford,556,16,0,36.3607755,-76.98104134,37091.0,2348.270473455252,2.8776978417266186,540,549,14,0,535,542,23659,7,2,0,5,7
2020-09-01,US,North Carolina,Hoke,880,12,0,35.01888303,-79.23651674,37093.0,1593.2215664264763,1.3636363636363635,868,874,12,0,862,872,54764,6,0,0,6,2
2020-09-01,US,North Carolina,Hyde,96,0,0,35.42017674,-76.15180542,37095.0,1944.5007089325504,0.0,96,96,0,0,96,94,5230,0,0,0,0,2
2020-09-01,US,North Carolina,Iredell,2376,24,0,35.80950511,-80.8743128,37097.0,1306.8875614666185,1.0101010101010102,2352,2336,24,0,2312,2323,178435,40,0,0,40,13
2020-09-01,US,North Carolina,Jackson,492,7,0,35.28814273,-83.14093385,37099.0,1119.7596613409803,1.4227642276422765,485,492,7,0,485,489,43327,0,0,0,0,3
2020-09-01,US,North Carolina,Johnston,3860,52,0,35.51745004,-78.36622717,37101.0,1843.899130119089,1.3471502590673574,3808,3803,50,0,3753,3793,202675,57,2,0,55,10
2020-09-01,US,North Carolina,Jones,134,7,0,35.02254606,-77.35870791,37103.0,1422.6563329440494,5.223880597014926,127,136,7,0,129,135,9637,-2,0,0,-2,1
2020-09-01,US,North Carolina,Lee,1448,13,0,35.47623147,-79.17569362,37105.0,2343.838521180337,0.8977900552486188,1435,1432,12,0,1420,1427,61452,16,1,0,15,5
2020-09-01,US,North Carolina,Lenoir,805,17,0,35.24032589999999,-77.64245615,37107.0,1438.8103451357485,2.111801242236025,788,797,16,0,781,788,55976,8,1,0,7,9
2020-09-01,US,North Carolina,Lincoln,1128,13,0,35.48508185,-81.21740317,37109.0,1309.9371741124828,1.1524822695035462,1115,1105,12,0,1093,1103,83770,23,1,0,22,2
2020-09-01,US,North Carolina,Macon,545,2,0,35.14867843,-83.41696617,37113.0,1519.883986836968,0.3669724770642202,543,540,2,0,538,539,35285,5,0,0,5,1
2020-09-01,US,North Carolina,Madison,70,1,0,35.85402722,-82.71346418,37115.0,321.7651114686279,1.4285714285714286,69,69,1,0,68,68,21763,1,0,0,1,1
2020-09-01,US,North Carolina,Martin,350,7,0,35.84326734,-77.10860251,37117.0,1559.7147950089127,2.0,343,347,7,0,340,342,22671,3,0,0,3,5
2020-09-01,US,North Carolina,McDowell,804,24,0,35.67736232,-82.0482425,37111.0,1757.1466037241019,2.985074626865672,780,788,24,0,764,788,45507,16,0,0,16,0
2020-09-01,US,North Carolina,Mecklenburg,25558,291,0,35.24469268,-80.8317671,37119.0,2301.7842926052544,1.1385867438766726,25267,25345,289,0,25056,25198,1093901,213,2,0,211,147
2020-09-01,US,North Carolina,Mitchell,93,3,0,36.01059309,-82.1582442,37121.0,621.4915797914996,3.2258064516129035,90,93,3,0,90,93,15000,0,0,0,0,0
2020-09-01,US,North Carolina,Montgomery,893,18,0,35.33155144,-79.90416657,37123.0,3286.3504213741576,2.0156774916013442,875,885,18,0,867,881,27271,8,0,0,8,4
2020-09-01,US,North Carolina,Moore,1310,21,0,35.30885257,-79.48474178,37125.0,1298.5725614591595,1.6030534351145038,1289,1305,21,0,1284,1293,98682,5,0,0,5,12
2020-09-01,US,North Carolina,Nash,1703,24,0,35.96575634,-77.98422508,37127.0,1805.97679696282,1.4092777451556078,1679,1661,22,0,1639,1652,94016,42,2,0,40,9
2020-09-01,US,North Carolina,New Hanover,3122,21,0,34.25758282,-77.87075626,37129.0,1331.4965902257402,0.672645739910314,3101,3031,21,0,3010,3004,232274,91,0,0,91,27
2020-09-01,US,North Carolina,Northampton,340,17,0,36.41736238,-77.39769443,37131.0,1745.1111225170666,5.0,323,338,17,0,321,337,19676,2,0,0,2,1
2020-09-01,US,North Carolina,Onslow,1501,12,0,34.72607366,-77.42908179,37133.0,758.3182612737323,0.7994670219853431,1489,1474,12,0,1462,1460,197683,27,0,0,27,14
2020-09-01,US,North Carolina,Orange,2305,50,0,36.06092947,-79.12167935,37135.0,1552.4394514938442,2.169197396963124,2255,2268,50,0,2218,2255,146027,37,0,0,37,13
2020-09-01,US,North Carolina,Pamlico,168,2,0,35.15253315,-76.66559823,37137.0,1320.1320132013202,1.1904761904761905,166,155,2,0,153,146,12670,13,0,0,13,9
2020-09-01,US,North Carolina,Pasquotank,564,23,0,36.26723798,-76.25134778,37139.0,1416.2314182402572,4.078014184397163,541,548,23,0,525,546,39639,16,0,0,16,2
2020-09-01,US,North Carolina,Pender,772,4,0,34.52265624,-77.90352133,37141.0,1224.2308912147162,0.5181347150259067,768,768,4,0,764,767,62162,4,0,0,4,1
2020-09-01,US,North Carolina,Perquimans,141,2,0,36.17847453,-76.40603143,37143.0,1047.314862957736,1.4184397163120568,139,138,2,0,136,135,13422,3,0,0,3,3
2020-09-01,US,North Carolina,Person,332,5,0,36.38989032,-78.97217358,37145.0,840.7191694099772,1.5060240963855422,327,323,5,0,318,322,39507,9,0,0,9,1
2020-09-01,US,North Carolina,Pitt,3617,19,0,35.59535426,-77.37353178,37147.0,2001.1950736408805,0.5252972076306331,3598,3529,19,0,3510,3490,179914,88,0,0,88,39
2020-09-01,US,North Carolina,Polk,229,7,0,35.27820615,-82.16812354,37149.0,1104.9990349353407,3.056768558951965,222,227,7,0,220,225,20611,2,0,0,2,2
2020-09-01,US,North Carolina,Randolph,2431,44,0,35.71015088,-79.80570339,37151.0,1692.1074429061648,1.8099547511312215,2387,2417,43,0,2374,2413,143351,14,1,0,13,4
2020-09-01,US,North Carolina,Richmond,673,11,0,35.00417719,-79.74491009,37153.0,1501.2603448660464,1.6344725111441307,662,672,11,0,661,665,44887,1,0,0,1,7
2020-09-01,US,North Carolina,Robeson,3607,60,0,34.64244496,-79.10250529999998,37155.0,2761.33971291866,1.6634322151372332,3547,3539,60,0,3479,3511,131831,68,0,0,68,28
2020-09-01,US,North Carolina,Rockingham,846,8,0,36.39593137,-79.77504841,37157.0,929.5681793209536,0.9456264775413712,838,813,8,0,805,804,90690,33,0,0,33,9
2020-09-01,US,North Carolina,Rowan,2841,65,0,35.64003916,-80.52446628,37159.0,1999.4651202071955,2.2879267863428367,2776,2805,61,0,2744,2777,141262,36,4,0,32,28
2020-09-01,US,North Carolina,Rutherford,942,19,0,35.40114178,-81.92112099,37161.0,1405.361858300139,2.0169851380042463,923,938,19,0,919,926,66826,4,0,0,4,12
2020-09-01,US,North Carolina,Sampson,1623,21,0,34.98820368,-78.36914061,37163.0,2554.658355763328,1.2939001848428835,1602,1609,21,0,1588,1607,63626,14,0,0,14,2
2020-09-01,US,North Carolina,Scotland,672,8,0,34.8386299,-79.4757978,37165.0,1929.7590672831175,1.1904761904761905,664,659,8,0,651,645,34810,13,0,0,13,14
2020-09-01,US,North Carolina,Stanly,1528,31,0,35.31647813,-80.25093221,37167.0,2432.8885775244407,2.0287958115183247,1497,1490,31,0,1459,1475,62075,38,0,0,38,15
2020-09-01,US,North Carolina,Stokes,335,3,0,36.4017975,-80.23893369,37169.0,734.7941479678008,0.8955223880597015,332,331,3,0,328,331,45467,4,0,0,4,0
2020-09-01,US,North Carolina,Surry,1167,17,0,36.41689489,-80.69102283,37171.0,1625.7331122967835,1.456726649528706,1150,1157,16,0,1141,1155,71948,10,1,0,9,2
2020-09-01,US,North Carolina,Swain,131,3,0,35.48665845,-83.48748932,37173.0,917.9454838483638,2.2900763358778624,128,131,3,0,128,131,14245,0,0,0,0,0
2020-09-01,US,North Carolina,Transylvania,261,2,0,35.20383864,-82.79638423,37175.0,759.0519121710048,0.7662835249042146,259,248,2,0,246,244,34215,13,0,0,13,4
2020-09-01,US,North Carolina,Tyrrell,107,2,0,35.87147226,-76.17055253,37177.0,2664.3426294820715,1.8691588785046729,105,107,2,0,105,107,4131,0,0,0,0,0
2020-09-01,US,North Carolina,Union,3991,51,0,34.98960527,-80.52955873,37179.0,1663.8942045118176,1.2778752192432974,3940,3930,49,0,3881,3908,235908,61,2,0,59,22
2020-09-01,US,North Carolina,Vance,915,42,0,36.36880673,-78.40670845,37181.0,2054.5638262041093,4.590163934426228,873,911,42,0,869,904,44582,4,0,0,4,7
2020-09-01,US,North Carolina,Wake,15203,201,0,35.78879266,-78.65249174,37183.0,1367.4701666994974,1.3221074787870817,15002,14967,199,0,14768,14868,1092305,236,2,0,234,99
2020-09-01,US,North Carolina,Warren,291,6,0,36.39728256,-78.10652228,37185.0,1474.8365516192796,2.061855670103093,285,288,6,0,282,287,19807,3,0,0,3,1
2020-09-01,US,North Carolina,Washington,180,6,0,35.83810081,-76.57299037,37187.0,1554.4041450777206,3.333333333333333,174,177,6,0,171,175,11859,3,0,0,3,2
2020-09-01,US,North Carolina,Watauga,442,0,0,36.23103603,-81.70033724,37189.0,786.7988678640726,0.0,442,434,0,0,434,426,55945,8,0,0,8,8
2020-09-01,US,North Carolina,Wayne,2830,53,0,35.36438125,-78.00027268,37191.0,2298.3651558096662,1.8727915194346292,2777,2820,51,0,2769,2812,123248,10,2,0,8,8
2020-09-01,US,North Carolina,Wilkes,1044,22,0,36.2084135,-81.16232895,37193.0,1526.0480617435535,2.10727969348659,1022,1026,22,0,1004,1021,68557,18,0,0,18,5
2020-09-01,US,North Carolina,Wilson,1752,36,0,35.70625477,-77.917978,37195.0,2141.7831077859682,2.054794520547945,1716,1733,36,0,1697,1721,81455,19,0,0,19,12
2020-09-01,US,North Carolina,Yadkin,644,7,0,36.16222629,-80.66239436,37197.0,1709.7193830143094,1.0869565217391304,637,633,7,0,626,632,37543,11,0,0,11,1
2020-09-01,US,North Carolina,Yancey,93,0,0,35.90079156,-82.31237181,37199.0,514.6936742487133,0.0,93,92,0,0,92,91,17903,1,0,0,1,1
2020-09-01,US,North Dakota,Adams,4,0,0,46.09686891,-102.5285397,38001.0,180.50541516245488,0.0,4,4,0,0,4,4,2294,0,0,0,0,0
2020-09-01,US,North Dakota,Barnes,114,0,0,46.93579637,-98.06605978,38003.0,1094.5751320211234,0.0,114,112,0,0,112,107,10542,2,0,0,2,5
2020-09-01,US,North Dakota,Benson,233,4,0,48.0683985,-99.35916363,38005.0,3410.4215456674474,1.7167381974248928,229,229,4,0,225,227,6962,4,0,0,4,2
2020-09-01,US,North Dakota,Billings,4,0,0,47.02366884,-103.3762965,38007.0,431.0344827586207,0.0,4,5,0,0,5,4,919,-1,0,0,-1,1
2020-09-01,US,North Dakota,Bottineau,28,0,0,48.79106111,-100.8378166,38009.0,445.7179242279529,0.0,28,28,0,0,28,28,6411,0,0,0,0,0
2020-09-01,US,North Dakota,Bowman,16,0,0,46.11285362,-103.5203343,38011.0,529.1005291005291,0.0,16,15,0,0,15,15,3076,1,0,0,1,0
2020-09-01,US,North Dakota,Burke,24,1,0,48.79094471,-102.51821170000001,38013.0,1134.7517730496456,4.166666666666667,23,24,1,0,23,24,2100,0,0,0,0,0
2020-09-01,US,North Dakota,Burleigh,2038,17,0,46.97847375,-100.46452140000001,38015.0,2131.219542802167,0.8341511285574092,2021,2016,16,0,2000,1987,95273,22,1,0,21,29
2020-09-01,US,North Dakota,Cass,3554,76,0,46.93201724,-97.24447190000001,38017.0,1953.573764724636,2.1384355655599325,3478,3526,76,0,3450,3510,181516,28,0,0,28,16
2020-09-01,US,North Dakota,Cavalier,34,0,0,48.77286211,-98.46685243,38019.0,903.7745879851144,0.0,34,33,0,0,33,33,3829,1,0,0,1,0
2020-09-01,US,North Dakota,Dickey,27,0,0,46.11017712,-98.50490079999999,38021.0,554.1871921182267,0.0,27,26,0,0,26,26,4903,1,0,0,1,0
2020-09-01,US,North Dakota,Divide,5,0,0,48.814938700000006,-103.48736109999999,38023.0,220.84805653710248,0.0,5,5,0,0,5,5,2283,0,0,0,0,0
2020-09-01,US,North Dakota,Dunn,49,0,0,47.35423935,-102.61604679999999,38025.0,1107.5949367088608,0.0,49,49,0,0,49,49,4332,0,0,0,0,0
2020-09-01,US,North Dakota,Eddy,33,0,0,47.71701474,-98.90432337,38027.0,1442.9383471797116,0.0,33,32,0,0,32,33,2313,1,0,0,1,-1
2020-09-01,US,North Dakota,Emmons,27,1,0,46.28398398,-100.2389766,38029.0,833.0762110459732,3.703703703703704,26,27,1,0,26,26,3295,0,0,0,0,1
2020-09-01,US,North Dakota,Foster,33,0,0,47.457108399999996,-98.88279923,38031.0,1028.0373831775698,0.0,33,32,0,0,32,32,3216,1,0,0,1,0
2020-09-01,US,North Dakota,Golden Valley,34,0,0,46.94022281,-103.8465421,38033.0,1930.7211811470754,0.0,34,35,0,0,35,35,1769,-1,0,0,-1,0
2020-09-01,US,North Dakota,Grand Forks,1512,11,0,47.92093639,-97.45450447,38035.0,2177.0744841686947,0.7275132275132276,1501,1482,11,0,1471,1468,70770,30,0,0,30,14
2020-09-01,US,North Dakota,Grant,9,0,0,46.35821257,-101.63900129999999,38037.0,395.77836411609496,0.0,9,9,0,0,9,9,2374,0,0,0,0,0
2020-09-01,US,North Dakota,Griggs,38,1,0,47.45785838,-98.23850925,38039.0,1703.2720753025546,2.631578947368421,37,38,1,0,37,38,2232,0,0,0,0,0
2020-09-01,US,North Dakota,Hettinger,25,0,0,46.43375068,-102.4632417,38041.0,1000.4001600640256,0.0,25,24,0,0,24,23,2514,1,0,0,1,1
2020-09-01,US,North Dakota,Kidder,33,0,0,46.97830064,-99.77507857,38043.0,1330.6451612903227,0.0,33,34,0,0,34,34,2450,-1,0,0,-1,0
2020-09-01,US,North Dakota,LaMoure,20,0,0,46.45681054,-98.53542355,38045.0,494.31537320810685,0.0,20,20,0,0,20,20,4062,0,0,0,0,0
2020-09-01,US,North Dakota,Logan,11,0,0,46.45729487,-99.47719806,38047.0,594.5945945945947,0.0,11,11,0,0,11,11,1903,0,0,0,0,0
2020-09-01,US,North Dakota,McHenry,41,1,0,48.23104458,-100.6324822,38049.0,713.6640557006093,2.4390243902439024,40,38,1,0,37,38,5816,3,0,0,3,0
2020-09-01,US,North Dakota,McIntosh,44,3,0,46.11182017,-99.44145858,38051.0,1762.1145374449338,6.8181818181818175,41,44,3,0,41,44,2585,0,0,0,0,0
2020-09-01,US,North Dakota,McKenzie,123,2,0,47.74133370000001,-103.395905,38053.0,818.6900958466454,1.6260162601626016,121,122,2,0,120,118,13632,1,0,0,1,4
2020-09-01,US,North Dakota,McLean,169,1,0,47.60766714,-101.3182418,38055.0,1788.3597883597886,0.591715976331361,168,165,1,0,164,164,9541,4,0,0,4,1
2020-09-01,US,North Dakota,Mercer,38,0,0,47.31213126,-101.8318399,38057.0,464.15048247221205,0.0,38,38,0,0,38,38,8267,0,0,0,0,0
2020-09-01,US,North Dakota,Morton,653,6,0,46.71681782,-101.2822377,38059.0,2082.004846320622,0.9188361408882084,647,641,5,0,636,632,31095,12,1,0,11,9
2020-09-01,US,North Dakota,Mountrail,173,1,0,48.20197971,-102.3555315,38061.0,1640.5879563774301,0.5780346820809249,172,172,1,0,171,172,10218,1,0,0,1,0
2020-09-01,US,North Dakota,Nelson,31,0,0,47.9226426,-98.19038437,38063.0,1076.7627648489058,0.0,31,30,0,0,30,29,2869,1,0,0,1,1
2020-09-01,US,North Dakota,Oliver,10,0,0,47.11530482,-101.3406158,38065.0,510.46452271567125,0.0,10,10,0,0,10,10,1952,0,0,0,0,0
2020-09-01,US,North Dakota,Pembina,35,0,0,48.76623521,-97.5523809,38067.0,514.6302014409647,0.0,35,35,0,0,35,34,6947,0,0,0,0,1
2020-09-01,US,North Dakota,Pierce,25,0,0,48.24977025,-99.96407787,38069.0,628.9308176100631,0.0,25,25,0,0,25,25,4081,0,0,0,0,0
2020-09-01,US,North Dakota,Ramsey,122,2,0,48.26886249,-98.72223879,38071.0,1059.11971525306,1.639344262295082,120,121,2,0,119,120,11481,1,0,0,1,1
2020-09-01,US,North Dakota,Ransom,41,0,0,46.45621782,-97.65742504,38073.0,785.7416634725947,0.0,41,41,0,0,41,41,5237,0,0,0,0,0
2020-09-01,US,North Dakota,Renville,11,0,0,48.71982533,-101.6603912,38075.0,472.71164589600335,0.0,11,11,0,0,11,11,2374,0,0,0,0,0
2020-09-01,US,North Dakota,Richland,134,1,0,46.26440649,-96.94852979,38077.0,828.3365271682018,0.746268656716418,133,136,1,0,135,135,16239,-2,0,0,-2,1
2020-09-01,US,North Dakota,Rolette,120,2,0,48.77245354,-99.84097493,38079.0,846.5011286681715,1.6666666666666667,118,120,2,0,118,119,14301,0,0,0,0,1
2020-09-01,US,North Dakota,Sargent,16,0,0,46.10830372,-97.63217159,38081.0,410.4669061056952,0.0,16,17,0,0,17,15,3870,-1,0,0,-1,2
2020-09-01,US,North Dakota,Sheridan,9,0,0,47.57700669,-100.3426391,38083.0,684.4106463878327,0.0,9,9,0,0,9,9,1349,0,0,0,0,0
2020-09-01,US,North Dakota,Sioux,121,2,0,46.11323337,-101.04401490000001,38085.0,2860.5200945626475,1.6528925619834711,119,121,2,0,119,119,4358,0,0,0,0,2
2020-09-01,US,North Dakota,Slope,7,0,0,46.44737738,-103.4601547,38087.0,933.3333333333336,0.0,7,6,0,0,6,6,763,1,0,0,1,0
2020-09-01,US,North Dakota,Stark,740,6,0,46.80851182,-102.65763259999999,38089.0,2350.0269935533042,0.8108108108108109,734,687,6,0,681,677,30997,53,0,0,53,10
2020-09-01,US,North Dakota,Steele,19,0,0,47.45611548,-97.72728747,38091.0,1005.2910052910053,0.0,19,18,0,0,18,18,1903,1,0,0,1,0
2020-09-01,US,North Dakota,Stutsman,213,3,0,46.97962541,-98.95637318,38093.0,1028.7867078825348,1.4084507042253518,210,215,3,0,212,207,20917,-2,0,0,-2,8
2020-09-01,US,North Dakota,Towner,9,0,0,48.68565745,-99.24564265,38095.0,411.1466423024212,0.0,9,8,0,0,8,7,2192,1,0,0,1,1
2020-09-01,US,North Dakota,Traill,70,0,0,47.45367788,-97.16323288,38097.0,871.0801393728223,0.0,70,70,0,0,70,68,8037,0,0,0,0,2
2020-09-01,US,North Dakota,Walsh,144,1,0,48.36876964,-97.72574783,38099.0,1353.2562729066815,0.6944444444444444,143,141,1,0,140,141,10667,3,0,0,3,0
2020-09-01,US,North Dakota,Ward,509,1,0,48.22390169,-101.54367629999999,38101.0,752.5021806300913,0.19646365422396853,508,502,1,0,501,502,67744,7,0,0,7,0
2020-09-01,US,North Dakota,Wells,28,0,0,47.58614526,-99.65904998,38103.0,730.3077725612936,0.0,28,28,0,0,28,28,3957,0,0,0,0,0
2020-09-01,US,North Dakota,Williams,440,2,0,48.34522353,-103.4793387,38105.0,1170.5552156215915,0.4545454545454545,438,429,2,0,427,427,35350,11,0,0,11,2
2020-09-01,US,Ohio,Adams,93,4,0,38.84541072,-83.4718964,39001.0,335.76431511300456,4.301075268817204,89,93,4,0,89,91,27724,0,0,0,0,2
2020-09-01,US,Ohio,Allen,1162,54,0,40.77285242,-84.10802343,39003.0,1135.3088880421294,4.647160068846817,1108,1150,53,0,1097,1135,102663,12,1,0,11,15
2020-09-01,US,Ohio,Ashland,171,4,0,40.84772277,-82.27280781,39005.0,319.721785954678,2.3391812865497075,167,167,4,0,163,165,53745,4,0,0,4,2
2020-09-01,US,Ohio,Ashtabula,612,46,0,41.70860332,-80.74830218,39007.0,629.3641570942298,7.516339869281047,566,611,46,0,565,609,97493,1,0,0,1,2
2020-09-01,US,Ohio,Athens,396,2,0,39.33425634,-82.04278644,39009.0,606.1812114439665,0.5050505050505051,394,389,2,0,387,387,65818,7,0,0,7,2
2020-09-01,US,Ohio,Auglaize,427,8,0,40.55998859,-84.22421429999999,39011.0,935.2549500613279,1.873536299765808,419,419,8,0,411,416,45804,8,0,0,8,3
2020-09-01,US,Ohio,Belmont,684,26,0,40.01625942,-80.9924051,39013.0,1020.8041070948873,3.801169590643275,658,682,26,0,656,682,67505,2,0,0,2,0
2020-09-01,US,Ohio,Brown,218,2,0,38.93416837,-83.86788395,39015.0,501.9340578375391,0.9174311926605504,216,211,2,0,209,209,43602,7,0,0,7,2
2020-09-01,US,Ohio,Butler,4147,74,0,39.44012838,-84.57388716,39017.0,1082.3889291997057,1.7844224740776464,4073,4029,73,0,3956,3972,382378,118,1,0,117,57
2020-09-01,US,Ohio,Carroll,126,6,0,40.578968599999996,-81.09178213,39019.0,468.15783607044665,4.761904761904762,120,125,6,0,119,125,27081,1,0,0,1,0
2020-09-01,US,Ohio,Champaign,249,3,0,40.13923427,-83.76875242,39021.0,640.3497492606405,1.2048192771084338,246,249,2,0,247,246,38754,0,1,0,-1,3
2020-09-01,US,Ohio,Clark,1433,28,0,39.91592258,-83.78498252,39023.0,1068.7410037066593,1.9539427773900908,1405,1420,27,0,1393,1407,134585,13,1,0,12,13
2020-09-01,US,Ohio,Clermont,1303,15,0,39.04847534,-84.15375786,39025.0,631.2128199662836,1.1511895625479662,1288,1280,15,0,1265,1265,205466,23,0,0,23,15
2020-09-01,US,Ohio,Clinton,249,10,0,39.41485808,-83.80852286,39027.0,593.3091879527259,4.016064257028113,239,244,10,0,234,243,42057,5,0,0,5,1
2020-09-01,US,Ohio,Columbiana,1841,66,0,40.76932373,-80.78094576,39029.0,1806.9746670200132,3.5850081477457905,1775,1828,64,0,1764,1820,102665,13,2,0,11,8
2020-09-01,US,Ohio,Coshocton,217,9,0,40.30096166,-81.91729018,39031.0,592.896174863388,4.147465437788019,208,217,9,0,208,217,36629,0,0,0,0,0
2020-09-01,US,Ohio,Crawford,196,5,0,40.85065156,-82.91989099,39033.0,472.357449269774,2.5510204081632653,191,194,5,0,189,193,41550,2,0,0,2,1
2020-09-01,US,Ohio,Cuyahoga,15804,581,0,41.424119,-81.65918339,39035.0,1279.601513110167,3.6762844849405214,15223,15714,575,0,15139,15624,1243857,90,6,0,84,90
2020-09-01,US,Ohio,Darke,622,35,0,40.13412966,-84.6194517,39037.0,1216.911548921018,5.627009646302251,587,622,35,0,587,616,51323,0,0,0,0,6
2020-09-01,US,Ohio,Defiance,213,7,0,41.32398837,-84.49076944,39039.0,559.2459369338618,3.286384976525821,206,210,6,0,204,209,38165,3,1,0,2,1
2020-09-01,US,Ohio,Delaware,1674,20,0,40.27942393,-83.00457058,39041.0,800.2791893946277,1.1947431302270013,1654,1651,20,0,1631,1645,204826,23,0,0,23,6
2020-09-01,US,Ohio,Erie,774,36,0,41.36796058,-82.62904521,39043.0,1042.1996606791804,4.651162790697675,738,776,36,0,740,772,74615,-2,0,0,-2,4
2020-09-01,US,Ohio,Fairfield,1738,40,0,39.75107189,-82.63088163,39045.0,1102.9738408620713,2.3014959723820483,1698,1724,40,0,1684,1709,155782,14,0,0,14,15
2020-09-01,US,Ohio,Fayette,192,5,0,39.56021306,-83.4562016,39047.0,673.093777388256,2.6041666666666665,187,189,5,0,184,189,28666,3,0,0,3,0
2020-09-01,US,Ohio,Franklin,22005,563,0,39.96995815,-83.01115755,39049.0,1671.1524382649482,2.5585094296750737,21442,21785,562,0,21223,21619,1310300,220,1,0,219,166
2020-09-01,US,Ohio,Fulton,187,1,0,41.60213491,-84.12571393,39051.0,443.9063761097658,0.5347593582887701,186,184,1,0,183,181,42276,3,0,0,3,3
2020-09-01,US,Ohio,Gallia,147,4,0,38.82708533,-82.31647569,39053.0,491.67168372466386,2.7210884353741496,143,144,4,0,140,140,29979,3,0,0,3,4
2020-09-01,US,Ohio,Geauga,623,46,0,41.49952319,-81.17935342,39055.0,665.2500293649692,7.3836276083467105,577,616,46,0,570,608,94031,7,0,0,7,8
2020-09-01,US,Ohio,Greene,992,19,0,39.69116283,-83.89032084,39057.0,587.2011459893332,1.9153225806451613,973,977,18,0,959,969,167995,15,1,0,14,8
2020-09-01,US,Ohio,Guernsey,133,7,0,40.05026529,-81.49248905,39059.0,342.12218649517683,5.2631578947368425,126,131,7,0,124,130,39022,2,0,0,2,1
2020-09-01,US,Ohio,Hamilton,11285,287,0,39.19673558,-84.54502924,39061.0,1380.4737281842947,2.54319893664156,10998,11174,286,0,10888,11102,816684,111,1,0,110,72
2020-09-01,US,Ohio,Hancock,527,7,0,41.00250487,-83.66838948,39063.0,695.4066215378119,1.3282732447817838,520,524,7,0,517,519,75930,3,0,0,3,5
2020-09-01,US,Ohio,Hardin,223,13,0,40.66015414,-83.65929931,39065.0,710.9835804240396,5.829596412556054,210,220,13,0,207,219,31480,3,0,0,3,1
2020-09-01,US,Ohio,Harrison,31,1,0,40.29380509,-81.09068544,39067.0,206.1170212765957,3.2258064516129035,30,29,1,0,28,28,15174,2,0,0,2,1
2020-09-01,US,Ohio,Henry,216,3,0,41.333964200000004,-84.06830637,39069.0,799.8222617196178,1.3888888888888888,213,216,3,0,213,210,27086,0,0,0,0,6
2020-09-01,US,Ohio,Highland,191,3,0,39.1839264,-83.60331456,39071.0,442.5291350988162,1.5706806282722514,188,190,3,0,187,190,43058,1,0,0,1,0
2020-09-01,US,Ohio,Hocking,143,9,0,39.49537927,-82.47991446,39073.0,505.9439569770733,6.293706293706293,134,139,9,0,130,139,28385,4,0,0,4,0
2020-09-01,US,Ohio,Holmes,351,7,0,40.56163713,-81.92635677,39075.0,798.4531392174704,1.9943019943019944,344,350,7,0,343,349,43892,1,0,0,1,1
2020-09-01,US,Ohio,Huron,479,6,0,41.14651175,-82.59867951,39077.0,822.0917859472078,1.2526096033402925,473,475,6,0,469,470,58504,4,0,0,4,5
2020-09-01,US,Ohio,Jackson,173,1,0,39.01914254,-82.61818559999998,39079.0,533.7364637645388,0.5780346820809249,172,170,1,0,169,165,32384,3,0,0,3,5
2020-09-01,US,Ohio,Jefferson,275,4,0,40.38614126,-80.76259514,39081.0,420.97206276310754,1.4545454545454546,271,270,4,0,266,267,65767,5,0,0,5,3
2020-09-01,US,Ohio,Knox,248,14,0,40.39830217,-82.42027563,39083.0,397.9333140784954,5.645161290322582,234,248,14,0,234,245,61893,0,0,0,0,3
2020-09-01,US,Ohio,Lake,1328,44,0,41.69710807,-81.23676539,39085.0,577.0174973604056,3.3132530120481927,1284,1320,44,0,1276,1310,230514,8,0,0,8,10
2020-09-01,US,Ohio,Lawrence,445,14,0,38.59743452,-82.53466552,39087.0,748.3645292030337,3.1460674157303368,431,434,14,0,420,429,59866,11,0,0,11,5
2020-09-01,US,Ohio,Licking,1611,57,0,40.09136236,-82.48185785,39089.0,910.8796688943922,3.538175046554935,1554,1589,57,0,1532,1576,175769,22,0,0,22,13
2020-09-01,US,Ohio,Logan,242,2,0,40.38996525,-83.76784341,39091.0,529.8651252408478,0.8264462809917356,240,235,2,0,233,233,45358,7,0,0,7,2
2020-09-01,US,Ohio,Lorain,2111,81,0,41.29553751,-82.15083537,39093.0,681.3347835769592,3.837044054950261,2030,2107,81,0,2026,2103,309461,4,0,0,4,4
2020-09-01,US,Ohio,Lucas,6475,343,0,41.62101218,-83.65468618,39095.0,1511.6213919523377,5.297297297297297,6132,6418,342,0,6076,6389,429899,57,1,0,56,29
2020-09-01,US,Ohio,Madison,704,11,0,39.89381073,-83.40178317,39097.0,1573.852585455277,1.5625,693,696,11,0,685,689,44413,8,0,0,8,7
2020-09-01,US,Ohio,Mahoning,2864,266,0,41.01631101,-80.77287029,39099.0,1252.3886777766604,9.287709497206704,2598,2854,265,0,2589,2847,229642,10,1,0,9,7
2020-09-01,US,Ohio,Marion,3006,46,0,40.58610662,-83.15736305,39101.0,4618.00808074601,1.5302727877578175,2960,3002,46,0,2956,3001,65256,4,0,0,4,1
2020-09-01,US,Ohio,Medina,1219,38,0,41.11770589,-81.89986209999998,39103.0,678.1792084385744,3.1173092698933558,1181,1199,37,0,1162,1190,179146,20,1,0,19,9
2020-09-01,US,Ohio,Meigs,127,3,0,39.09224872,-82.0305041,39105.0,554.4156807962631,2.3622047244094486,124,127,3,0,124,127,23106,0,0,0,0,0
2020-09-01,US,Ohio,Mercer,833,17,0,40.54043046,-84.62912742,39107.0,2023.2196638492185,2.0408163265306123,816,827,17,0,810,817,40959,6,0,0,6,10
2020-09-01,US,Ohio,Miami,1075,43,0,40.0543329,-84.22871271,39109.0,1004.7949750904316,4.0,1032,1060,43,0,1017,1054,106222,15,0,0,15,6
2020-09-01,US,Ohio,Monroe,104,18,0,39.72984936,-81.08464734,39111.0,761.6815585176505,17.307692307692307,86,103,18,0,85,103,13790,1,0,0,1,0
2020-09-01,US,Ohio,Montgomery,6092,133,0,39.75394919,-84.29050975,39113.0,1145.7869009398387,2.1831910702560737,5959,5786,131,0,5655,5728,532331,306,2,0,304,58
2020-09-01,US,Ohio,Morgan,44,0,0,39.62081738,-81.85308173,39115.0,303.28094844223875,0.0,44,44,0,0,44,43,14604,0,0,0,0,1
2020-09-01,US,Ohio,Morrow,233,2,0,40.52363560000001,-82.7892599,39117.0,659.5335144927536,0.8583690987124464,231,231,2,0,229,226,35112,2,0,0,2,5
2020-09-01,US,Ohio,Muskingum,301,2,0,39.96575964,-81.94363275,39119.0,349.12718204488783,0.6644518272425249,299,299,2,0,297,296,86183,2,0,0,2,3
2020-09-01,US,Ohio,Noble,23,0,0,39.76818851,-81.45937183,39121.0,159.45646145313367,0.0,23,22,0,0,22,22,14354,1,0,0,1,0
2020-09-01,US,Ohio,Ottawa,451,29,0,41.53781826,-83.0940185,39123.0,1112.8932757557063,6.430155210643015,422,453,29,0,424,448,40769,-2,0,0,-2,5
2020-09-01,US,Ohio,Paulding,79,1,0,41.11676341,-84.5801017,39125.0,444.515852613539,1.2658227848101269,78,79,1,0,78,79,18760,0,0,0,0,0
2020-09-01,US,Ohio,Perry,235,7,0,39.73508655,-82.23804971,39127.0,650.3570044833123,2.9787234042553186,228,229,7,0,222,226,36033,6,0,0,6,3
2020-09-01,US,Ohio,Pickaway,2495,43,0,39.64170392,-83.0243386,39129.0,4268.094496809621,1.723446893787575,2452,2493,43,0,2450,2493,58086,2,0,0,2,0
2020-09-01,US,Ohio,Pike,108,0,0,39.07634001,-83.06769584,39131.0,388.88088722454285,0.0,108,104,0,0,104,104,28067,4,0,0,4,0
2020-09-01,US,Ohio,Portage,865,65,0,41.16793482,-81.19735782,39133.0,532.4190907636059,7.514450867052022,800,858,65,0,793,850,162927,7,0,0,7,8
2020-09-01,US,Ohio,Preble,352,4,0,39.7420247,-84.64787018,39135.0,861.0146274644098,1.1363636363636365,348,347,4,0,343,345,40997,5,0,0,5,2
2020-09-01,US,Ohio,Putnam,343,17,0,41.02094889,-84.1336111,39137.0,1012.9647677268837,4.956268221574344,326,335,17,0,318,325,33780,8,0,0,8,10
2020-09-01,US,Ohio,Richland,703,17,0,40.77180308,-82.53799609999999,39139.0,580.253231424468,2.418207681365576,686,698,17,0,681,696,121099,5,0,0,5,2
2020-09-01,US,Ohio,Ross,712,13,0,39.33705391,-83.06000914,39141.0,928.7037278585033,1.8258426966292132,699,695,11,0,684,692,76931,17,2,0,15,3
2020-09-01,US,Ohio,Sandusky,520,17,0,41.35624126,-83.137872,39143.0,888.6154687446598,3.2692307692307687,503,518,17,0,501,517,58799,2,0,0,2,1
2020-09-01,US,Ohio,Scioto,365,3,0,38.80270163,-82.98907345,39145.0,484.63765037044914,0.821917808219178,362,357,3,0,354,350,75502,8,0,0,8,7
2020-09-01,US,Ohio,Seneca,359,12,0,41.12351311,-83.12783209,39147.0,650.6216245605133,3.3426183844011144,347,351,11,0,340,347,55207,8,1,0,7,4
2020-09-01,US,Ohio,Shelby,374,4,0,40.33163494,-84.20258189,39149.0,769.7057007614735,1.0695187165775402,370,364,4,0,360,359,48627,10,0,0,10,5
2020-09-01,US,Ohio,Stark,2354,152,0,40.81482476,-81.36437305,39151.0,635.1759010917252,6.457094307561598,2202,2326,151,0,2175,2308,371574,28,1,0,27,18
2020-09-01,US,Ohio,Summit,4505,236,0,41.12464734,-81.53123079,39153.0,832.6971810289218,5.238623751387348,4269,4471,236,0,4235,4418,541918,34,0,0,34,53
2020-09-01,US,Ohio,Trumbull,1751,123,0,41.31735028,-80.76109643,39155.0,884.4595754998131,7.024557395773844,1628,1749,121,0,1628,1744,198627,2,2,0,0,5
2020-09-01,US,Ohio,Tuscarawas,865,17,0,40.44214695,-81.47226262,39157.0,940.3502668855382,1.9653179190751444,848,859,17,0,842,858,92176,6,0,0,6,1
2020-09-01,US,Ohio,Union,376,1,0,40.30016061,-83.37239023,39159.0,637.4177798874348,0.26595744680851063,375,369,1,0,368,362,57835,7,0,0,7,7
2020-09-01,US,Ohio,Van Wert,91,2,0,40.8554138,-84.59111700000003,39161.0,321.8390804597701,2.1978021978021984,89,89,2,0,87,88,28281,2,0,0,2,1
2020-09-01,US,Ohio,Vinton,39,2,0,39.25208988,-82.4831444,39163.0,298.0512036683225,5.128205128205129,37,38,2,0,36,38,13139,1,0,0,1,0
2020-09-01,US,Ohio,Warren,2367,42,0,39.42581994,-84.16557457,39165.0,1008.9428052616772,1.7743979721166032,2325,2313,42,0,2271,2286,232173,54,0,0,54,27
2020-09-01,US,Ohio,Washington,227,23,0,39.45690571,-81.49121382,39167.0,378.89536145282165,10.13215859030837,204,227,23,0,204,227,60155,0,0,0,0,0
2020-09-01,US,Ohio,Wayne,765,61,0,40.82925852,-81.88844833,39169.0,661.1355976147265,7.973856209150328,704,759,61,0,698,756,115967,6,0,0,6,3
2020-09-01,US,Ohio,Williams,160,3,0,41.56052014,-84.58429552,39171.0,436.0623569170392,1.875,157,158,3,0,155,159,36804,2,0,0,2,-1
2020-09-01,US,Ohio,Wood,1351,61,0,41.36224827,-83.62285108,39173.0,1032.7403930681794,4.515173945225759,1290,1341,61,0,1280,1320,130696,10,0,0,10,21
2020-09-01,US,Ohio,Wyandot,187,10,0,40.84339621,-83.30734173,39175.0,858.9013411721477,5.3475935828877015,177,186,10,0,176,186,21935,1,0,0,1,0
2020-09-01,US,Oklahoma,Adair,458,9,0,35.88494195,-94.65859267,40001.0,2063.620798413985,1.965065502183406,449,447,8,0,439,442,22082,11,1,0,10,5
2020-09-01,US,Oklahoma,Alfalfa,14,0,0,36.73090616,-98.32408495,40003.0,245.5278849526482,0.0,14,13,0,0,13,12,5754,1,0,0,1,1
2020-09-01,US,Oklahoma,Atoka,113,1,0,34.37366573,-96.03802487,40005.0,821.3403110917285,0.8849557522123894,112,111,1,0,110,108,13838,2,0,0,2,3
2020-09-01,US,Oklahoma,Beaver,44,0,0,36.7496847,-100.4758872,40007.0,828.4692148371304,0.0,44,44,0,0,44,44,5319,0,0,0,0,0
2020-09-01,US,Oklahoma,Beckham,125,1,0,35.26862449,-99.68128023,40009.0,571.8468365433002,0.8,124,123,1,0,122,123,21709,2,0,0,2,0
2020-09-01,US,Oklahoma,Blaine,75,1,0,35.87518314,-98.43307003,40011.0,795.4183900731784,1.3333333333333333,74,75,1,0,74,73,9485,0,0,0,0,2
2020-09-01,US,Oklahoma,Bryan,609,3,0,33.96472458,-96.25903472,40013.0,1268.882175226586,0.4926108374384237,606,599,3,0,596,595,47192,10,0,0,10,4
2020-09-01,US,Oklahoma,Caddo,571,20,0,35.17364557,-98.37534464,40015.0,1985.2583269591823,3.5026269702276713,551,562,20,0,542,561,28977,9,0,0,9,1
2020-09-01,US,Oklahoma,Canadian,1547,12,0,35.5426055,-97.98465569,40017.0,1043.1135624991568,0.7756948933419522,1535,1541,12,0,1529,1518,144447,6,0,0,6,23
2020-09-01,US,Oklahoma,Carter,416,6,0,34.25103751,-97.28552485,40019.0,864.6671239425496,1.4423076923076923,410,411,6,0,405,405,48177,5,0,0,5,6
2020-09-01,US,Oklahoma,Cherokee,686,7,0,35.90692775,-94.99980896,40021.0,1409.8690835850955,1.020408163265306,679,684,6,0,678,662,48675,2,1,0,1,22
2020-09-01,US,Oklahoma,Choctaw,246,1,0,34.02807439,-95.54771129,40023.0,1676.6630316248636,0.4065040650406504,245,245,1,0,244,240,14668,1,0,0,1,5
2020-09-01,US,Oklahoma,Cimarron,14,0,0,36.74817177,-102.5173885,40025.0,655.1240056153488,0.0,14,14,0,0,14,14,2153,0,0,0,0,0
2020-09-01,US,Oklahoma,Cleveland,3991,64,0,35.20413532,-97.32519562,40027.0,1405.2124191061005,1.6036081182660986,3927,3930,64,0,3866,3882,281669,61,0,0,61,48
2020-09-01,US,Oklahoma,Coal,59,0,0,34.58840127,-96.29798747,40029.0,1073.7033666969974,0.0,59,57,0,0,57,54,5520,2,0,0,2,3
2020-09-01,US,Oklahoma,Comanche,1261,11,0,34.65973764,-98.47195055,40031.0,1044.315066791443,0.8723235527359239,1250,1251,11,0,1240,1225,120422,10,0,0,10,26
2020-09-01,US,Oklahoma,Cotton,31,2,0,34.28845626,-98.37053567,40033.0,547.1231909636426,6.451612903225807,29,29,2,0,27,28,5776,2,0,0,2,1
2020-09-01,US,Oklahoma,Craig,123,1,0,36.76268118,-95.20916602,40035.0,869.749681798897,0.8130081300813008,122,119,1,0,118,118,14306,4,0,0,4,1
2020-09-01,US,Oklahoma,Creek,828,21,0,35.90230551,-96.37086028,40037.0,1157.6857470428681,2.5362318840579707,807,812,21,0,791,803,71604,16,0,0,16,9
2020-09-01,US,Oklahoma,Custer,332,0,0,35.63853802,-99.00170785,40039.0,1144.7091680171018,0.0,332,326,0,0,326,324,29036,6,0,0,6,2
2020-09-01,US,Oklahoma,Delaware,546,21,0,36.40823634,-94.80325046,40041.0,1269.501732195587,3.8461538461538463,525,540,21,0,519,543,42733,6,0,0,6,-3
2020-09-01,US,Oklahoma,Dewey,21,1,0,35.98772922,-99.00730714,40043.0,429.3600490697198,4.761904761904762,20,21,0,0,21,21,4894,0,1,0,-1,0
2020-09-01,US,Oklahoma,Ellis,6,0,0,36.218019399999996,-99.75324573,40045.0,155.48069448043537,0.0,6,6,0,0,6,6,3952,0,0,0,0,0
2020-09-01,US,Oklahoma,Garfield,993,12,0,36.3791334,-97.78265517,40047.0,1626.375786163522,1.2084592145015105,981,980,12,0,968,960,60913,13,0,0,13,20
2020-09-01,US,Oklahoma,Garvin,261,4,0,34.70418038,-97.30811132,40049.0,941.8642416368953,1.5325670498084292,257,261,4,0,257,264,27811,0,0,0,0,-3
2020-09-01,US,Oklahoma,Grady,535,7,0,35.0167709,-97.88339847,40051.0,958.1975140595337,1.308411214953271,528,533,7,0,526,530,55551,2,0,0,2,3
2020-09-01,US,Oklahoma,Grant,25,0,0,36.796296999999996,-97.78638765,40053.0,576.9674590353104,0.0,25,25,0,0,25,24,4326,0,0,0,0,1
2020-09-01,US,Oklahoma,Greer,88,8,0,34.93535801,-99.56056120000001,40055.0,1540.6162464985996,9.090909090909092,80,88,8,0,80,88,5821,0,0,0,0,0
2020-09-01,US,Oklahoma,Harmon,39,0,0,34.7440135,-99.84741652,40057.0,1470.0339238597815,0.0,39,39,0,0,39,39,2664,0,0,0,0,0
2020-09-01,US,Oklahoma,Harper,17,0,0,36.78836519,-99.6679804,40059.0,460.95444685466384,0.0,17,17,0,0,17,17,3797,0,0,0,0,0
2020-09-01,US,Oklahoma,Haskell,167,4,0,35.22257600000001,-95.11513306,40061.0,1322.5627623346795,2.395209580838323,163,164,4,0,160,163,12668,3,0,0,3,1
2020-09-01,US,Oklahoma,Hughes,217,3,0,35.04912569,-96.24921145,40063.0,1634.1591987348443,1.3824884792626728,214,215,3,0,212,214,13335,2,0,0,2,1
2020-09-01,US,Oklahoma,Jackson,596,9,0,34.58781741,-99.41138784,40065.0,2429.677945373013,1.5100671140939597,587,596,9,0,587,591,24949,0,0,0,0,5
2020-09-01,US,Oklahoma,Jefferson,36,0,0,34.11130184,-97.83182974,40067.0,599.8000666444517,0.0,36,36,0,0,36,36,6123,0,0,0,0,0
2020-09-01,US,Oklahoma,Johnston,94,1,0,34.31440473,-96.66011537,40069.0,847.9927830401442,1.0638297872340423,93,88,1,0,87,89,10949,6,0,0,6,-1
2020-09-01,US,Oklahoma,Kay,326,12,0,36.81799745,-97.14421435,40071.0,748.771188387156,3.6809815950920246,314,309,12,0,297,309,44161,17,0,0,17,0
2020-09-01,US,Oklahoma,Kingfisher,262,1,0,35.94530008,-97.94193268,40073.0,1668.2524579765302,0.3816793893129771,261,262,1,0,261,257,15816,0,0,0,0,5
2020-09-01,US,Oklahoma,Kiowa,44,1,0,34.91671958,-98.97720696,40075.0,505.2824988516307,2.272727272727273,43,44,1,0,43,43,8729,0,0,0,0,1
2020-09-01,US,Oklahoma,Latimer,113,2,0,34.87844729,-95.25215049,40077.0,1121.8107812965352,1.7699115044247788,111,113,2,0,111,109,10231,0,0,0,0,4
2020-09-01,US,Oklahoma,Le Flore,672,7,0,34.89851864,-94.70392124,40079.0,1347.963011253084,1.0416666666666667,665,648,6,0,642,641,49980,24,1,0,23,7
2020-09-01,US,Oklahoma,Lincoln,303,8,0,35.70270942,-96.8812462,40081.0,868.7673825156979,2.64026402640264,295,296,8,0,288,294,34920,7,0,0,7,2
2020-09-01,US,Oklahoma,Logan,305,1,0,35.91899576,-97.44352845,40083.0,635.2710837099831,0.3278688524590164,304,301,1,0,300,292,47291,4,0,0,4,9
2020-09-01,US,Oklahoma,Love,108,0,0,33.95273467,-97.23906784,40085.0,1053.3502389544524,0.0,108,107,0,0,107,102,10134,1,0,0,1,5
2020-09-01,US,Oklahoma,Major,52,1,0,36.31149996,-98.53467076,40093.0,681.6096473980863,1.9230769230769231,51,52,1,0,51,49,7644,0,0,0,0,3
2020-09-01,US,Oklahoma,Marshall,131,1,0,34.02311222,-96.76855464,40095.0,773.7286633984997,0.7633587786259542,130,130,1,0,129,130,16806,1,0,0,1,0
2020-09-01,US,Oklahoma,Mayes,417,9,0,36.30179091,-95.23175116,40097.0,1014.5985401459856,2.1582733812949644,408,414,9,0,405,413,41107,3,0,0,3,1
2020-09-01,US,Oklahoma,McClain,580,4,0,35.01123903,-97.44572302,40087.0,1433.0187280723428,0.6896551724137931,576,574,4,0,570,570,39985,6,0,0,6,4
2020-09-01,US,Oklahoma,McCurtain,1030,30,0,34.11664328,-94.77222373,40089.0,3137.1832358674465,2.9126213592233015,1000,1025,29,0,996,1021,32703,5,1,0,4,4
2020-09-01,US,Oklahoma,McIntosh,239,4,0,35.37235506,-95.66599306,40091.0,1219.636660542968,1.6736401673640169,235,237,4,0,233,235,19815,2,0,0,2,2
2020-09-01,US,Oklahoma,Murray,90,1,0,34.48116015,-97.06826283,40099.0,639.5224898742272,1.1111111111111112,89,89,1,0,88,89,13953,1,0,0,1,0
2020-09-01,US,Oklahoma,Muskogee,1327,16,0,35.61318461,-95.37802952,40101.0,1951.5566863243967,1.205727204220045,1311,1287,16,0,1271,1126,68362,40,0,0,40,161
2020-09-01,US,Oklahoma,Noble,107,2,0,36.38953329,-97.22928674,40103.0,961.2793100350373,1.8691588785046729,105,105,2,0,103,104,11289,2,0,0,2,1
2020-09-01,US,Oklahoma,Nowata,100,1,0,36.79843529,-95.61902331,40105.0,992.4573243350536,1.0,99,99,1,0,98,97,10218,1,0,0,1,2
2020-09-01,US,Oklahoma,Okfuskee,103,3,0,35.46485198,-96.32639984,40107.0,858.8343200200118,2.9126213592233015,100,101,3,0,98,101,12098,2,0,0,2,0
2020-09-01,US,Oklahoma,Oklahoma,13566,154,0,35.55140095,-97.40716948,40109.0,1701.206620234402,1.1351909184726523,13412,13436,154,0,13282,13357,792582,130,0,0,130,79
2020-09-01,US,Oklahoma,Okmulgee,621,4,0,35.64661916,-95.96432828,40111.0,1614.4546990770832,0.644122383252818,617,613,4,0,609,614,38335,8,0,0,8,-1
2020-09-01,US,Oklahoma,Osage,647,12,0,36.62888819,-96.39635704,40113.0,1377.6803015139578,1.854714064914992,635,640,12,0,628,636,47014,7,0,0,7,4
2020-09-01,US,Oklahoma,Ottawa,531,4,0,36.83532655,-94.81011909,40115.0,1705.914479390883,0.7532956685499058,527,524,4,0,520,520,31175,7,0,0,7,4
2020-09-01,US,Oklahoma,Pawnee,219,3,0,36.31743373,-96.70331759999999,40117.0,1337.3229115779186,1.3698630136986298,216,219,3,0,216,217,16390,0,0,0,0,2
2020-09-01,US,Oklahoma,Payne,1196,5,0,36.07695283,-96.97584944,40119.0,1462.3887312921845,0.4180602006688963,1191,1180,5,0,1175,1145,82040,16,0,0,16,35
2020-09-01,US,Oklahoma,Pittsburg,593,16,0,34.92065823,-95.75134320000001,40121.0,1358.409309570715,2.69814502529511,577,581,15,0,566,576,43877,12,1,0,11,5
2020-09-01,US,Oklahoma,Pontotoc,244,3,0,34.72959848,-96.68337199,40123.0,637.3419705359943,1.2295081967213115,241,241,3,0,238,235,38247,3,0,0,3,6
2020-09-01,US,Oklahoma,Pottawatomie,872,9,0,35.20614018,-96.94923008,40125.0,1201.2342957901694,1.0321100917431192,863,863,9,0,854,852,72679,9,0,0,9,11
2020-09-01,US,Oklahoma,Pushmataha,126,1,0,34.41635232,-95.37603505,40127.0,1135.544340302812,0.7936507936507936,125,126,1,0,125,126,11179,0,0,0,0,0
2020-09-01,US,Oklahoma,Roger Mills,13,1,0,35.68711719,-99.69666167,40129.0,362.8244487859336,7.6923076923076925,12,13,1,0,12,13,3656,0,0,0,0,0
2020-09-01,US,Oklahoma,Rogers,1322,41,0,36.37004357,-95.60406759,40131.0,1429.8229485501681,3.1013615733736764,1281,1314,41,0,1273,1308,91984,8,0,0,8,6
2020-09-01,US,Oklahoma,Seminole,327,5,0,35.16478725,-96.61686741,40133.0,1348.0089042790007,1.529051987767584,322,323,5,0,318,319,24578,4,0,0,4,4
2020-09-01,US,Oklahoma,Sequoyah,583,8,0,35.49447108,-94.75463785,40135.0,1402.4874305371786,1.37221269296741,575,581,8,0,573,580,41179,2,0,0,2,1
2020-09-01,US,Oklahoma,Stephens,253,4,0,34.48556989,-97.85141892,40137.0,586.4218992652342,1.5810276679841897,249,252,4,0,248,251,43265,1,0,0,1,1
2020-09-01,US,Oklahoma,Texas,1160,7,0,36.74777635,-101.4889765,40139.0,5804.934194064957,0.603448275862069,1153,1143,7,0,1136,1144,20455,17,0,0,17,-1
2020-09-01,US,Oklahoma,Tillman,69,1,0,34.37288446,-98.92426619,40141.0,951.7241379310344,1.4492753623188406,68,68,1,0,67,68,7348,1,0,0,1,0
2020-09-01,US,Oklahoma,Tulsa,13376,134,0,36.11939621,-95.94013939,40143.0,2052.944354403025,1.0017942583732058,13242,13233,132,0,13101,13175,648360,143,2,0,141,58
2020-09-01,US,Oklahoma,Unassigned,60,0,0,0.0,0.0,90040.0,0.0,0.0,60,82,0,0,82,103,,-22,0,0,-22,-21
2020-09-01,US,Oklahoma,Wagoner,1164,23,0,35.96024096,-95.51911308,40145.0,1431.928059146994,1.975945017182131,1141,1147,23,0,1124,1137,80110,17,0,0,17,10
2020-09-01,US,Oklahoma,Washington,798,39,0,36.71380786,-95.90514104,40147.0,1548.7026219263687,4.887218045112782,759,795,39,0,756,790,51843,3,0,0,3,5
2020-09-01,US,Oklahoma,Washita,42,0,0,35.29071824,-98.99180434,40149.0,384.756320996702,0.0,42,42,0,0,42,43,11127,0,0,0,0,-1
2020-09-01,US,Oklahoma,Woods,25,0,0,36.76705782,-98.86573064,40151.0,284.3170703969066,0.0,25,25,0,0,25,24,8897,0,0,0,0,1
2020-09-01,US,Oklahoma,Woodward,98,0,0,36.42316318,-99.26283045,40153.0,484.88446885359457,0.0,98,97,0,0,97,88,20222,1,0,0,1,9
2020-09-01,US,Oregon,Baker,74,2,0,44.70915557,-117.6749883,41001.0,458.9431902753659,2.702702702702702,72,70,2,0,68,70,16006,4,0,0,4,0
2020-09-01,US,Oregon,Benton,217,6,0,44.49167306,-123.4316987,41003.0,233.200434161177,2.7649769585253456,211,213,6,0,207,213,92101,4,0,0,4,0
2020-09-01,US,Oregon,Clackamas,1979,56,0,45.18787398,-122.2179634,41005.0,473.2332664573504,2.8297119757453264,1923,1953,56,0,1897,1939,416075,26,0,0,26,14
2020-09-01,US,Oregon,Clatsop,96,0,0,45.99712889,-123.660711,41007.0,238.6634844868735,0.0,96,95,0,0,95,95,39764,1,0,0,1,0
2020-09-01,US,Oregon,Columbia,130,1,0,45.94464254,-123.08908980000001,41009.0,248.30958474997126,0.7692307692307693,129,130,1,0,129,130,52377,0,0,0,0,0
2020-09-01,US,Oregon,Coos,116,0,0,43.17406868,-124.0594514,41011.0,179.88121636919067,0.0,116,116,0,0,116,115,64389,0,0,0,0,1
2020-09-01,US,Oregon,Crook,55,1,0,44.14230227,-120.356297,41013.0,225.37288969021472,1.818181818181818,54,55,1,0,54,54,23867,0,0,0,0,1
2020-09-01,US,Oregon,Curry,20,0,0,42.45911325,-124.15728200000001,41015.0,87.24100327153762,0.0,20,20,0,0,20,20,22813,0,0,0,0,0
2020-09-01,US,Oregon,Deschutes,693,11,0,43.91570171,-121.2289121,41017.0,350.5452926774983,1.5873015873015872,682,693,11,0,682,690,191996,0,0,0,0,3
2020-09-01,US,Oregon,Douglas,178,3,0,43.27941273,-123.16729099999999,41019.0,160.3892593260047,1.6853932584269662,175,177,3,0,174,177,110283,1,0,0,1,0
2020-09-01,US,Oregon,Gilliam,4,0,0,45.37160076,-120.20488689999999,41021.0,209.20502092050208,0.0,4,4,0,0,4,4,1894,0,0,0,0,0
2020-09-01,US,Oregon,Grant,8,0,0,44.49024544,-119.0068631,41023.0,111.12654535352131,0.0,8,8,0,0,8,8,7176,0,0,0,0,0
2020-09-01,US,Oregon,Harney,12,0,0,43.06422669,-118.96663059999999,41025.0,162.31570404436633,0.0,12,12,0,0,12,12,7329,0,0,0,0,0
2020-09-01,US,Oregon,Hood River,236,0,0,45.51872811,-121.65520359999998,41027.0,1009.3234111709862,0.0,236,234,0,0,234,233,23428,2,0,0,2,1
2020-09-01,US,Oregon,Jackson,821,2,0,42.43201126,-122.72893090000001,41029.0,371.58737055543486,0.243605359317905,819,811,2,0,809,805,219564,10,0,0,10,6
2020-09-01,US,Oregon,Jefferson,461,7,0,44.62806839,-121.17832,41031.0,1869.575796901614,1.5184381778741864,454,457,7,0,450,457,24192,4,0,0,4,0
2020-09-01,US,Oregon,Josephine,158,2,0,42.3665549,-123.5561938,41033.0,180.5982603129608,1.2658227848101269,156,154,2,0,152,154,87393,4,0,0,4,0
2020-09-01,US,Oregon,Klamath,235,2,0,42.68762984,-121.64964609999998,41035.0,344.382895161054,0.851063829787234,233,235,2,0,233,235,67653,0,0,0,0,0
2020-09-01,US,Oregon,Lake,30,0,0,42.79246693,-120.38501629999999,41037.0,381.2428516965307,0.0,30,30,0,0,30,30,7879,0,0,0,0,0
2020-09-01,US,Oregon,Lane,726,6,0,43.93727035,-122.847753,41039.0,190.01902807622744,0.8264462809917356,720,717,6,0,711,702,379611,9,0,0,9,15
2020-09-01,US,Oregon,Lincoln,466,13,0,44.64252874,-123.86991200000001,41041.0,932.7088587326367,2.7896995708154506,453,466,13,0,453,465,49388,0,0,0,0,1
2020-09-01,US,Oregon,Linn,389,13,0,44.48899494,-122.53731540000001,41043.0,299.8096324441807,3.341902313624679,376,389,12,0,377,385,127335,0,1,0,-1,4
2020-09-01,US,Oregon,Malheur,1189,19,0,43.1937027,-117.62273950000001,41045.0,3889.3068594419537,1.5979814970563502,1170,1179,19,0,1160,1170,30725,10,0,0,10,9
2020-09-01,US,Oregon,Marion,3870,80,0,44.90287942,-122.58151170000001,41047.0,1112.6508691327074,2.0671834625323,3790,3830,80,0,3750,3794,346868,40,0,0,40,36
2020-09-01,US,Oregon,Morrow,439,3,0,45.41846568,-119.584546,41049.0,3783.504266138068,0.683371298405467,436,437,3,0,434,437,11372,2,0,0,2,0
2020-09-01,US,Oregon,Multnomah,6053,120,0,45.54747959,-122.4169351,41051.0,744.6592565709752,1.9824880224681976,5933,6007,118,0,5889,5975,811880,46,2,0,44,32
2020-09-01,US,Oregon,Polk,429,13,0,44.90322804,-123.4128888,41053.0,498.34465934831854,3.0303030303030303,416,425,14,0,411,419,85234,4,-1,0,5,6
2020-09-01,US,Oregon,Sherman,17,0,0,45.41501554,-120.6827834,41055.0,955.0561797752812,0.0,17,17,0,0,17,17,1708,0,0,0,0,0
2020-09-01,US,Oregon,Tillamook,38,0,0,45.46248721,-123.712066,41057.0,140.55333629235093,0.0,38,38,0,0,38,38,26787,0,0,0,0,0
2020-09-01,US,Oregon,Umatilla,2694,38,0,45.59073056,-118.7353826,41059.0,3456.0615779345726,1.4105419450631032,2656,2680,37,0,2643,2674,77516,14,1,0,13,6
2020-09-01,US,Oregon,Union,420,2,0,45.30915495,-118.0068979,41061.0,1565.1201788708775,0.4761904761904762,418,419,2,0,417,419,26461,1,0,0,1,0
2020-09-01,US,Oregon,Wallowa,22,1,0,45.57894064,-117.18353799999998,41063.0,305.2164261931188,4.545454545454546,21,22,1,0,21,22,7081,0,0,0,0,0
2020-09-01,US,Oregon,Wasco,207,3,0,45.16292781,-121.16709540000001,41065.0,775.8039127501687,1.4492753623188406,204,207,3,0,204,206,26505,0,0,0,0,1
2020-09-01,US,Oregon,Washington,3822,46,0,45.55972701,-123.0955257,41067.0,635.3142993922793,1.2035583464154893,3776,3783,44,0,3739,3760,597695,39,2,0,37,23
2020-09-01,US,Oregon,Yamhill,642,14,0,45.23330449,-123.3086963,41071.0,599.4397759103641,2.1806853582554515,628,630,14,0,616,630,107002,12,0,0,12,0
2020-09-01,US,Pennsylvania,Adams,648,23,0,39.87140411,-77.21610347,42001.0,629.0712462017882,3.5493827160493834,625,642,23,0,619,637,102811,6,0,0,6,5
2020-09-01,US,Pennsylvania,Allegheny,10376,314,0,40.46809875,-79.98167747,42003.0,853.2578975284633,3.02621434078643,10062,10347,313,0,10034,10310,1218452,29,1,0,28,37
2020-09-01,US,Pennsylvania,Armstrong,320,9,0,40.81665618,-79.46290811,42005.0,494.32300919131853,2.8125,311,314,9,0,305,313,65263,6,0,0,6,1
2020-09-01,US,Pennsylvania,Beaver,1618,96,0,40.6825484,-80.34921611,42007.0,987.0126701193808,5.933250927070457,1522,1611,96,0,1515,1603,164742,7,0,0,7,8
2020-09-01,US,Pennsylvania,Bedford,170,5,0,40.00522157,-78.48998442,42009.0,354.99498830604745,2.9411764705882355,165,170,5,0,165,170,48176,0,0,0,0,0
2020-09-01,US,Pennsylvania,Berks,6095,382,0,40.41570541,-75.92457766,42011.0,1447.179720963805,6.267432321575061,5713,6056,380,0,5676,6041,420152,39,2,0,37,15
2020-09-01,US,Pennsylvania,Blair,465,11,0,40.47961444,-78.34917412,42013.0,381.68252222377265,2.3655913978494625,454,461,11,0,450,456,122492,4,0,0,4,5
2020-09-01,US,Pennsylvania,Bradford,99,3,0,41.78869215,-76.51570822,42015.0,164.1165061419359,3.0303030303030303,96,99,3,0,96,98,60833,0,0,0,0,1
2020-09-01,US,Pennsylvania,Bucks,7824,586,0,40.33682119,-75.10836643,42017.0,1245.3244624126567,7.489775051124744,7238,7805,586,0,7219,7777,628195,19,0,0,19,28
2020-09-01,US,Pennsylvania,Butler,789,18,0,40.91152759,-79.91351055,42019.0,420.0092625616839,2.281368821292776,771,785,18,0,767,780,187888,4,0,0,4,5
2020-09-01,US,Pennsylvania,Cambria,467,5,0,40.49527404,-78.71377428,42021.0,358.7009954528696,1.0706638115631693,462,461,4,0,457,460,131730,6,1,0,5,1
2020-09-01,US,Pennsylvania,Cameron,8,0,0,41.43625568,-78.20376845,42023.0,179.89655947830002,0.0,8,8,0,0,8,8,4492,0,0,0,0,0
2020-09-01,US,Pennsylvania,Carbon,423,28,0,40.91545395,-75.7068525,42025.0,659.063288772553,6.619385342789598,395,422,28,0,394,422,64227,1,0,0,1,0
2020-09-01,US,Pennsylvania,Centre,491,11,0,40.92058903,-77.82200624,42027.0,302.3678295409058,2.240325865580448,480,486,11,0,475,469,162805,5,0,0,5,17
2020-09-01,US,Pennsylvania,Chester,5719,357,0,39.97291773,-75.74768357,42029.0,1089.3561579385473,6.24235006119951,5362,5678,357,0,5321,5604,522046,41,0,0,41,74
2020-09-01,US,Pennsylvania,Clarion,98,3,0,41.19265812,-79.42413524,42031.0,254.95603309225243,3.0612244897959178,95,98,3,0,95,99,38779,0,0,0,0,-1
2020-09-01,US,Pennsylvania,Clearfield,228,1,0,41.00110782,-78.47592663,42033.0,287.6790107879628,0.43859649122807015,227,227,1,0,226,227,79388,1,0,0,1,0
2020-09-01,US,Pennsylvania,Clinton,137,5,0,41.23255967,-77.63785995,42035.0,354.62828743010976,3.6496350364963503,132,136,5,0,131,135,38684,1,0,0,1,1
2020-09-01,US,Pennsylvania,Columbia,675,35,0,41.04821986,-76.40565017,42037.0,1039.0370051105228,5.185185185185184,640,665,35,0,630,659,65456,10,0,0,10,6
2020-09-01,US,Pennsylvania,Crawford,217,2,0,41.68447709,-80.10760592,42039.0,256.41328622576185,0.9216589861751152,215,214,2,0,212,214,85063,3,0,0,3,0
2020-09-01,US,Pennsylvania,Cumberland,1546,72,0,40.1625372,-77.26130755,42041.0,610.1748431148122,4.657179818887451,1474,1533,72,0,1461,1523,251423,13,0,0,13,10
2020-09-01,US,Pennsylvania,Dauphin,3355,163,0,40.41377078,-76.77993242,42043.0,1205.5379286307173,4.858420268256334,3192,3329,163,0,3166,3302,277097,26,0,0,26,27
2020-09-01,US,Pennsylvania,Delaware,10429,724,0,39.91680171,-75.40243663,42045.0,1840.1508962552955,6.9421804583373286,9705,10357,724,0,9633,10317,564751,72,0,0,72,40
2020-09-01,US,Pennsylvania,Elk,64,2,0,41.42822061,-78.64524744,42047.0,213.97525911066532,3.125,62,64,2,0,62,64,30169,0,0,0,0,0
2020-09-01,US,Pennsylvania,Erie,1358,35,0,41.99253829,-80.03301954,42049.0,503.4701625341085,2.5773195876288657,1323,1349,33,0,1316,1348,272061,9,2,0,7,1
2020-09-01,US,Pennsylvania,Fayette,694,6,0,39.92041012,-79.64291195,42051.0,536.8442223494284,0.8645533141210374,688,692,6,0,686,689,130441,2,0,0,2,3
2020-09-01,US,Pennsylvania,Forest,14,0,0,41.51095103,-79.23229292,42053.0,193.1833862287843,0.0,14,14,0,0,14,14,7279,0,0,0,0,0
2020-09-01,US,Pennsylvania,Franklin,1525,47,0,39.92956518,-77.72157791,42055.0,983.6996136156928,3.081967213114754,1478,1514,46,0,1468,1508,154835,11,1,0,10,6
2020-09-01,US,Pennsylvania,Fulton,34,2,0,39.92913544,-78.11163677,42057.0,233.9986235375086,5.882352941176472,32,34,2,0,32,34,14523,0,0,0,0,0
2020-09-01,US,Pennsylvania,Greene,140,1,0,39.85746531,-80.22357106,42059.0,386.3880992465432,0.7142857142857143,139,140,1,0,139,139,36506,0,0,0,0,1
2020-09-01,US,Pennsylvania,Huntingdon,370,5,0,40.42162652,-77.97673273,42061.0,819.5995038100301,1.351351351351351,365,364,5,0,359,364,45168,6,0,0,6,0
2020-09-01,US,Pennsylvania,Indiana,430,10,0,40.65241041,-79.08963285,42063.0,511.46027856743547,2.3255813953488373,420,427,10,0,417,426,84501,3,0,0,3,1
2020-09-01,US,Pennsylvania,Jefferson,97,1,0,41.12913106,-78.9986361,42065.0,223.3736327000576,1.0309278350515465,96,97,1,0,96,97,43641,0,0,0,0,0
2020-09-01,US,Pennsylvania,Juniata,151,6,0,40.53358749,-77.39975129999998,42067.0,609.7807212373299,3.9735099337748334,145,150,6,0,144,148,24704,1,0,0,1,2
2020-09-01,US,Pennsylvania,Lackawanna,2093,214,0,41.43564672,-75.60379201,42069.0,998.2162786039281,10.224558050645006,1879,2085,213,0,1872,2079,210793,8,1,0,7,6
2020-09-01,US,Pennsylvania,Lancaster,6789,432,0,40.03904563,-76.24770128,42071.0,1244.0354464894342,6.363234644277508,6357,6731,432,0,6299,6697,543557,58,0,0,58,34
2020-09-01,US,Pennsylvania,Lawrence,464,18,0,40.99206278,-80.33393706,42073.0,542.6139021423894,3.8793103448275854,446,459,18,0,441,455,86184,5,0,0,5,4
2020-09-01,US,Pennsylvania,Lebanon,1736,57,0,40.36680311,-76.45651841,42075.0,1224.3199593774025,3.2834101382488483,1679,1728,57,0,1671,1721,141314,8,0,0,8,7
2020-09-01,US,Pennsylvania,Lehigh,5212,343,0,40.6154815,-75.59435245,42077.0,1411.2499255384243,6.58096699923254,4869,5204,343,0,4861,5196,368100,8,0,0,8,8
2020-09-01,US,Pennsylvania,Luzerne,3788,188,0,41.17823008,-75.98447579,42079.0,1193.3828370881206,4.963041182682153,3600,3778,188,0,3590,3771,317646,10,0,0,10,7
2020-09-01,US,Pennsylvania,Lycoming,526,23,0,41.34310539,-77.06629984,42081.0,464.2582900113858,4.372623574144487,503,522,22,0,500,518,113664,4,1,0,3,4
2020-09-01,US,Pennsylvania,McKean,40,2,0,41.80938602,-78.56478358,42083.0,98.46153846153848,5.0,38,37,1,0,36,37,40968,3,1,0,2,0
2020-09-01,US,Pennsylvania,Mercer,549,13,0,41.30248872,-80.25816981,42085.0,501.7180874396842,2.3679417122040074,536,546,13,0,533,545,110683,3,0,0,3,1
2020-09-01,US,Pennsylvania,Mifflin,161,1,0,40.61116939,-77.61070738,42087.0,348.95314057826516,0.6211180124223602,160,161,1,0,160,160,46222,0,0,0,0,1
2020-09-01,US,Pennsylvania,Monroe,1716,127,0,41.05934058,-75.34031025,42089.0,1007.8052046443613,7.400932400932401,1589,1714,127,0,1587,1712,169507,2,0,0,2,2
2020-09-01,US,Pennsylvania,Montgomery,11093,863,0,40.21053671,-75.36652296,42091.0,1335.0342694499436,7.77968087983413,10230,11035,861,0,10174,10996,828604,58,2,0,56,39
2020-09-01,US,Pennsylvania,Montour,133,5,0,41.03023987,-76.66345939,42093.0,729.5666483817881,3.7593984962406015,128,132,5,0,127,133,18240,1,0,0,1,-1
2020-09-01,US,Pennsylvania,Northampton,4120,301,0,40.75182733,-75.30471829,42095.0,1349.558609168482,7.305825242718448,3819,4117,300,0,3817,4114,304807,3,1,0,2,3
2020-09-01,US,Pennsylvania,Northumberland,692,35,0,40.84785433,-76.70798222,42097.0,761.7537950089716,5.0578034682080935,657,681,34,0,647,672,91083,11,1,0,10,9
2020-09-01,US,Pennsylvania,Perry,176,5,0,40.40206612,-77.26297447,42099.0,380.35961272475794,2.8409090909090913,171,176,5,0,171,175,46139,0,0,0,0,1
2020-09-01,US,Pennsylvania,Philadelphia,33909,1751,0,40.00338507,-75.1379271,42101.0,2140.6332067391213,5.163820814533015,32158,33778,1749,0,32029,33607,1584138,131,2,0,129,171
2020-09-01,US,Pennsylvania,Pike,543,21,0,41.33155042,-75.03208106,42103.0,972.9613503198407,3.867403314917127,522,542,21,0,521,542,55933,1,0,0,1,0
2020-09-01,US,Pennsylvania,Potter,25,0,0,41.74471626,-77.89559864,42105.0,151.27677598935009,0.0,25,25,0,0,25,25,16622,0,0,0,0,0
2020-09-01,US,Pennsylvania,Schuylkill,992,51,0,40.70497338,-76.2150785,42107.0,701.759350306666,5.141129032258065,941,987,51,0,936,985,142067,5,0,0,5,2
2020-09-01,US,Pennsylvania,Snyder,166,2,0,40.77129231,-77.06840691,42109.0,411.1760626176558,1.2048192771084338,164,164,2,0,162,164,40540,2,0,0,2,0
2020-09-01,US,Pennsylvania,Somerset,167,3,0,39.97172723,-79.02699593,42111.0,227.3748417226027,1.7964071856287425,164,165,3,0,162,164,73952,2,0,0,2,1
2020-09-01,US,Pennsylvania,Sullivan,10,0,0,41.44634738,-76.51246591,42113.0,164.85328058028355,0.0,10,10,0,0,10,10,6071,0,0,0,0,0
2020-09-01,US,Pennsylvania,Susquehanna,269,27,0,41.82147784,-75.80071959,42115.0,667.0303511208092,10.037174721189592,242,267,27,0,240,265,40589,2,0,0,2,2
2020-09-01,US,Pennsylvania,Tioga,49,3,0,41.77255149,-77.25433032,42117.0,120.71641496883544,6.1224489795918355,46,49,3,0,46,48,40763,0,0,0,0,1
2020-09-01,US,Pennsylvania,Union,386,6,0,40.96188846,-77.05996014,42119.0,859.2480466576143,1.5544041450777202,380,377,4,0,373,371,44785,9,2,0,7,6
2020-09-01,US,Pennsylvania,Venango,70,1,0,41.40323442,-79.75845449,42121.0,138.15425909844478,1.4285714285714286,69,70,1,0,69,70,51266,0,0,0,0,0
2020-09-01,US,Pennsylvania,Warren,28,1,0,41.81304978,-79.26969577,42123.0,71.44497461151795,3.571428571428572,27,27,1,0,26,27,39498,1,0,0,1,0
2020-09-01,US,Pennsylvania,Washington,1066,27,0,40.19208869,-80.24582867,42125.0,515.3119184008896,2.5328330206378986,1039,1054,27,0,1027,1042,207346,12,0,0,12,12
2020-09-01,US,Pennsylvania,Wayne,178,10,0,41.64938475,-75.29956506,42127.0,346.5664609333931,5.617977528089888,168,175,10,0,165,175,51276,3,0,0,3,0
2020-09-01,US,Pennsylvania,Westmoreland,1819,49,0,40.31377979999999,-79.46615476,42129.0,521.354317438571,2.6937877954920286,1770,1815,49,0,1766,1809,350611,4,0,0,4,6
2020-09-01,US,Pennsylvania,Wyoming,67,8,0,41.51955538,-76.01074915,42131.0,250.0559826826901,11.940298507462687,59,67,8,0,59,66,27046,0,0,0,0,1
2020-09-01,US,Pennsylvania,York,3442,123,0,39.9210089,-76.73040131,42133.0,766.4934151045078,3.57350377687391,3319,3368,122,0,3246,3328,448273,74,1,0,73,40
2020-09-01,US,Puerto Rico,Adjuntas,124,0,0,18.180117000000006,-66.754367,72001.0,636.4522917415183,0.0,124,121,0,0,121,121,,3,0,0,3,0
2020-09-01,US,Puerto Rico,Aguada,223,0,0,18.360255,-67.17513100000001,72003.0,531.4711980743107,0.0,223,221,0,0,221,218,,2,0,0,2,3
2020-09-01,US,Puerto Rico,Aguadilla,327,0,0,18.459681,-67.12081500000001,72005.0,536.514134768413,0.0,327,326,0,0,326,322,,1,0,0,1,4
2020-09-01,US,Puerto Rico,Aguas Buenas,202,0,0,18.251619,-66.126806,72007.0,704.8396664224153,0.0,202,200,0,0,200,197,,2,0,0,2,3
2020-09-01,US,Puerto Rico,Aibonito,123,0,0,18.131361,-66.264131,72009.0,474.9034749034749,0.0,123,122,0,0,122,122,,1,0,0,1,0
2020-09-01,US,Puerto Rico,Anasco,193,0,0,18.287985,-67.120611,72011.0,659.5810122688903,0.0,193,192,0,0,192,192,,1,0,0,1,0
2020-09-01,US,Puerto Rico,Arecibo,511,0,0,18.406631,-66.675077,72013.0,529.8631273330568,0.0,511,510,0,0,510,501,,1,0,0,1,9
2020-09-01,US,Puerto Rico,Arroyo,127,0,0,17.998457000000005,-66.056546,72015.0,648.7867177522351,0.0,127,127,0,0,127,126,,0,0,0,0,1
2020-09-01,US,Puerto Rico,Barceloneta,124,0,0,18.445532999999998,-66.56053100000001,72017.0,499.6776273372018,0.0,124,124,0,0,124,122,,0,0,0,0,2
2020-09-01,US,Puerto Rico,Barranquitas,333,0,0,18.201592,-66.30963,72019.0,1098.3574114387493,0.0,333,332,0,0,332,331,,1,0,0,1,1
2020-09-01,US,Puerto Rico,Bayamon,2604,0,0,18.34946,-66.168435,72021.0,1251.2252782102291,0.0,2604,2590,0,0,2590,2564,,14,0,0,14,26
2020-09-01,US,Puerto Rico,Cabo Rojo,280,0,0,18.040993,-67.154391,72023.0,549.9145668440796,0.0,280,280,0,0,280,279,,0,0,0,0,1
2020-09-01,US,Puerto Rico,Caguas,1098,0,0,18.211615,-66.050779,72025.0,768.4071298104176,0.0,1098,1092,0,0,1092,1086,,6,0,0,6,6
2020-09-01,US,Puerto Rico,Camuy,193,0,0,18.418578,-66.860206,72027.0,548.9348388748258,0.0,193,191,0,0,191,191,,2,0,0,2,0
2020-09-01,US,Puerto Rico,Canovanas,523,0,0,18.328802,-65.887612,72029.0,1097.632639355272,0.0,523,522,0,0,522,514,,1,0,0,1,8
2020-09-01,US,Puerto Rico,Carolina,1903,0,0,18.374986,-65.95683100000001,72031.0,1076.5888595965196,0.0,1903,1886,0,0,1886,1863,,17,0,0,17,23
2020-09-01,US,Puerto Rico,Catano,306,0,0,18.437269,-66.14330600000001,72033.0,1087.4200426439234,0.0,306,305,0,0,305,301,,1,0,0,1,4
2020-09-01,US,Puerto Rico,Cayey,271,0,0,18.102851,-66.14914,72035.0,563.1870986512604,0.0,271,269,0,0,269,265,,2,0,0,2,4
2020-09-01,US,Puerto Rico,Ceiba,88,0,0,18.251818,-65.666416,72037.0,645.5872643239675,0.0,88,88,0,0,88,87,,0,0,0,0,1
2020-09-01,US,Puerto Rico,Ciales,190,0,0,18.28885,-66.516475,72039.0,1011.6068576296452,0.0,190,190,0,0,190,189,,0,0,0,0,1
2020-09-01,US,Puerto Rico,Cidra,239,0,0,18.173559,-66.161179,72041.0,549.6780128794849,0.0,239,239,0,0,239,238,,0,0,0,0,1
2020-09-01,US,Puerto Rico,Coamo,213,0,0,18.097597,-66.36014,72043.0,525.7701421800948,0.0,213,211,0,0,211,211,,2,0,0,2,0
2020-09-01,US,Puerto Rico,Comerio,174,0,0,18.224687,-66.221622,72045.0,837.424198671672,0.0,174,173,0,0,173,170,,1,0,0,1,3
2020-09-01,US,Puerto Rico,Corozal,418,0,0,18.304264,-66.327738,72047.0,1125.4105863981476,0.0,418,415,0,0,415,412,,3,0,0,3,3
2020-09-01,US,Puerto Rico,Culebra,20,0,0,18.31586,-65.28813000000001,72049.0,1100.1100110011,0.0,20,20,0,0,20,20,,0,0,0,0,0
2020-09-01,US,Puerto Rico,Dorado,523,0,0,18.436115,-66.278669,72051.0,1370.3655181448974,0.0,523,514,0,0,514,511,,9,0,0,9,3
2020-09-01,US,Puerto Rico,Fajardo,350,0,0,18.318373,-65.666866,72053.0,946.1249425567,0.0,350,349,0,0,349,348,,1,0,0,1,1
2020-09-01,US,Puerto Rico,Florida,208,0,0,18.373715,-66.560488,72054.0,1640.378548895899,0.0,208,208,0,0,208,208,,0,0,0,0,0
2020-09-01,US,Puerto Rico,Guanica,82,0,0,17.982429,-66.91964300000001,72055.0,422.0929634014517,0.0,82,82,0,0,82,82,,0,0,0,0,0
2020-09-01,US,Puerto Rico,Guayama,232,0,0,18.007516,-66.13390799999999,72057.0,511.44129447555224,0.0,232,231,0,0,231,230,,1,0,0,1,1
2020-09-01,US,Puerto Rico,Guayanilla,146,0,0,18.039942,-66.79186,72059.0,676.5210138547798,0.0,146,146,0,0,146,146,,0,0,0,0,0
2020-09-01,US,Puerto Rico,Guaynabo,1273,0,0,18.345114000000002,-66.11452299999999,72061.0,1299.9877455986275,0.0,1273,1267,0,0,1267,1251,,6,0,0,6,16
2020-09-01,US,Puerto Rico,Gurabo,359,0,0,18.266461,-65.97970500000001,72063.0,791.2892062862306,0.0,359,357,0,0,357,356,,2,0,0,2,1
2020-09-01,US,Puerto Rico,Hatillo,190,0,0,18.410928,-66.79632600000001,72065.0,452.8877553452674,0.0,190,190,0,0,190,188,,0,0,0,0,2
2020-09-01,US,Puerto Rico,Hormigueros,124,0,0,18.134532,-67.113972,72067.0,718.8405797101448,0.0,124,124,0,0,124,124,,0,0,0,0,0
2020-09-01,US,Puerto Rico,Humacao,300,0,0,18.145211,-65.810174,72069.0,513.1187356754353,0.0,300,299,0,0,299,294,,1,0,0,1,5
2020-09-01,US,Puerto Rico,Isabela,206,0,0,18.44981,-67.005093,72071.0,451.4474808792268,0.0,206,205,0,0,205,202,,1,0,0,1,3
2020-09-01,US,Puerto Rico,Jayuya,206,0,0,18.211446,-66.58878,72073.0,1237.8319913471942,0.0,206,206,0,0,206,205,,0,0,0,0,1
2020-09-01,US,Puerto Rico,Juana Diaz,269,0,0,18.050764,-66.49458100000001,72075.0,336.6834799804749,0.0,269,262,0,0,262,256,,7,0,0,7,6
2020-09-01,US,Puerto Rico,Juncos,242,0,0,18.223793,-65.909109,72077.0,600.6453214197071,0.0,242,240,0,0,240,237,,2,0,0,2,3
2020-09-01,US,Puerto Rico,Lajas,119,0,0,18.011661,-67.040585,72079.0,462.0820875237836,0.0,119,118,0,0,118,117,,1,0,0,1,1
2020-09-01,US,Puerto Rico,Lares,239,0,0,18.269035000000002,-66.867236,72081.0,777.1599518746139,0.0,239,238,0,0,238,237,,1,0,0,1,1
2020-09-01,US,Puerto Rico,Las Marias,80,0,0,18.23679,-66.98362,72083.0,809.6346523631212,0.0,80,80,0,0,80,79,,0,0,0,0,1
2020-09-01,US,Puerto Rico,Las Piedras,277,0,0,18.187527,-65.86946800000001,72085.0,716.224951519069,0.0,277,274,0,0,274,271,,3,0,0,3,3
2020-09-01,US,Puerto Rico,Loiza,186,0,0,18.425688,-65.89943000000001,72087.0,618.7624750499003,0.0,186,183,0,0,183,181,,3,0,0,3,2
2020-09-01,US,Puerto Rico,Luquillo,177,0,0,18.342114000000002,-65.72509699999999,72089.0,882.0011959338251,0.0,177,175,0,0,175,173,,2,0,0,2,2
2020-09-01,US,Puerto Rico,Manati,358,0,0,18.420473,-66.490461,72091.0,811.5521501598167,0.0,358,357,0,0,357,355,,1,0,0,1,2
2020-09-01,US,Puerto Rico,Maricao,57,0,0,18.171795,-66.942126,72093.0,908.2217973231357,0.0,57,56,0,0,56,53,,1,0,0,1,3
2020-09-01,US,Puerto Rico,Maunabo,89,0,0,18.017889,-65.922235,72095.0,728.0163599182007,0.0,89,88,0,0,88,87,,1,0,0,1,1
2020-09-01,US,Puerto Rico,Mayaguez,650,0,0,18.2013,-67.1452,72097.0,729.6811854512797,0.0,650,639,0,0,639,632,,11,0,0,11,7
2020-09-01,US,Puerto Rico,Moca,255,0,0,18.377805,-67.080952,72099.0,635.7675334712908,0.0,255,255,0,0,255,254,,0,0,0,0,1
2020-09-01,US,Puerto Rico,Morovis,399,0,0,18.316963,-66.420383,72101.0,1223.5510579576815,0.0,399,397,0,0,397,393,,2,0,0,2,4
2020-09-01,US,Puerto Rico,Naguabo,138,0,0,18.230636999999998,-65.753897,72103.0,516.4670658682635,0.0,138,138,0,0,138,133,,0,0,0,0,5
2020-09-01,US,Puerto Rico,Naranjito,468,0,0,18.288019,-66.252703,72105.0,1539.3724097098873,0.0,468,466,0,0,466,463,,2,0,0,2,3
2020-09-01,US,Puerto Rico,Orocovis,274,0,0,18.215046,-66.433604,72107.0,1169.7903769798916,0.0,274,273,0,0,273,271,,1,0,0,1,2
2020-09-01,US,Puerto Rico,Out of PR,741,0,0,0.0,0.0,72888.0,0.0,0.0,741,741,0,0,741,741,,0,0,0,0,0
2020-09-01,US,Puerto Rico,Patillas,134,0,0,18.03174,-66.012242,72109.0,695.1289101001194,0.0,134,134,0,0,134,133,,0,0,0,0,1
2020-09-01,US,Puerto Rico,Penuelas,98,0,0,18.059645,-66.721572,72111.0,403.59113746808333,0.0,98,98,0,0,98,98,,0,0,0,0,0
2020-09-01,US,Puerto Rico,Ponce,657,0,0,18.059498,-66.613748,72113.0,395.00502023123113,0.0,657,656,0,0,656,649,,1,0,0,1,7
2020-09-01,US,Puerto Rico,Quebradillas,117,0,0,18.439692,-66.926113,72115.0,451.40630425556543,0.0,117,117,0,0,117,117,,0,0,0,0,0
2020-09-01,US,Puerto Rico,Rincon,125,0,0,18.335442999999998,-67.23174,72117.0,822.3684210526317,0.0,125,124,0,0,124,124,,1,0,0,1,0
2020-09-01,US,Puerto Rico,Rio Grande,436,0,0,18.346329,-65.813742,72119.0,802.8874484384207,0.0,436,436,0,0,436,435,,0,0,0,0,1
2020-09-01,US,Puerto Rico,Sabana Grande,165,0,0,18.08282,-66.943758,72121.0,653.0773797743915,0.0,165,164,0,0,164,161,,1,0,0,1,3
2020-09-01,US,Puerto Rico,Salinas,310,0,0,18.010386999999994,-66.256592,72123.0,997.490185983654,0.0,310,310,0,0,310,306,,0,0,0,0,4
2020-09-01,US,Puerto Rico,San German,193,0,0,18.111484,-67.03858100000001,72125.0,543.2487966898416,0.0,193,193,0,0,193,192,,0,0,0,0,1
2020-09-01,US,Puerto Rico,San Juan,5366,0,0,18.386933,-66.061128,72127.0,1357.3607604862825,0.0,5366,5319,0,0,5319,5263,,47,0,0,47,56
2020-09-01,US,Puerto Rico,San Lorenzo,269,0,0,18.147987,-65.976392,72129.0,655.1707340834918,0.0,269,267,0,0,267,263,,2,0,0,2,4
2020-09-01,US,Puerto Rico,San Sebastian,276,0,0,18.328646,-66.971214,72131.0,650.4831487155315,0.0,276,276,0,0,276,276,,0,0,0,0,0
2020-09-01,US,Puerto Rico,Santa Isabel,133,0,0,17.994525,-66.388913,72133.0,571.4531236573,0.0,133,129,0,0,129,129,,4,0,0,4,0
2020-09-01,US,Puerto Rico,Toa Alta,929,0,0,18.362406,-66.246616,72135.0,1254.2867172521806,0.0,929,920,0,0,920,909,,9,0,0,9,11
2020-09-01,US,Puerto Rico,Toa Baja,905,0,0,18.431445999999998,-66.213553,72137.0,1009.9431976698767,0.0,905,895,0,0,895,885,,10,0,0,10,10
2020-09-01,US,Puerto Rico,Trujillo Alto,748,0,0,18.336159,-65.99888399999999,72139.0,999.438817776115,0.0,748,746,0,0,746,737,,2,0,0,2,9
2020-09-01,US,Puerto Rico,Unassigned,595,435,0,0.0,0.0,72999.0,0.0,73.10924369747899,160,579,434,0,145,553,,16,1,0,15,26
2020-09-01,US,Puerto Rico,Utuado,101,0,0,18.271214,-66.702984,72141.0,304.68490753868895,0.0,101,100,0,0,100,98,,1,0,0,1,2
2020-09-01,US,Puerto Rico,Vega Alta,479,0,0,18.409346,-66.33725,72143.0,1198.9687367024605,0.0,479,475,0,0,475,458,,4,0,0,4,17
2020-09-01,US,Puerto Rico,Vega Baja,657,0,0,18.428262,-66.397924,72145.0,1101.2034460795817,0.0,657,655,0,0,655,644,,2,0,0,2,11
2020-09-01,US,Puerto Rico,Vieques,86,0,0,18.123276,-65.44097099999999,72147.0,924.6317600258037,0.0,86,86,0,0,86,86,,0,0,0,0,0
2020-09-01,US,Puerto Rico,Villalba,97,0,0,18.127951,-66.473115,72149.0,372.032370651632,0.0,97,97,0,0,97,96,,0,0,0,0,1
2020-09-01,US,Puerto Rico,Yabucoa,204,0,0,18.070399,-65.896289,72151.0,537.6769194275322,0.0,204,203,0,0,203,200,,1,0,0,1,3
2020-09-01,US,Puerto Rico,Yauco,317,0,0,18.080374,-66.858814,72153.0,753.9899626572792,0.0,317,316,0,0,316,316,,1,0,0,1,0
2020-09-01,US,Rhode Island,Bristol,349,0,0,41.71018079,-71.28652315,44001.0,719.8993378576291,0.0,349,349,0,0,349,349,48649,0,0,0,0,0
2020-09-01,US,Rhode Island,Kent,1664,0,0,41.67106337,-71.57641596,44003.0,1012.8308134297473,0.0,1664,1664,0,0,1664,1664,163861,0,0,0,0,0
2020-09-01,US,Rhode Island,Newport,434,0,0,41.5642026,-71.26569799,44005.0,528.7395531297972,0.0,434,434,0,0,434,434,82542,0,0,0,0,0
2020-09-01,US,Rhode Island,Providence,16668,0,0,41.87064746,-71.57753536,44007.0,2608.7323983340925,0.0,16668,16668,0,0,16668,16668,636084,0,0,0,0,0
2020-09-01,US,Rhode Island,Unassigned,2193,1050,0,0.0,0.0,90044.0,0.0,47.87961696306429,1143,2140,1048,0,1092,1874,,53,2,0,51,266
2020-09-01,US,Rhode Island,Washington,694,0,0,41.45961631,-71.61435303,44009.0,552.6489723436616,0.0,694,694,0,0,694,694,126179,0,0,0,0,0
2020-09-01,US,South Carolina,Abbeville,434,10,0,34.22333378,-82.46170658,45001.0,1769.4785338606437,2.3041474654377883,424,418,10,0,408,415,24541,16,0,0,16,3
2020-09-01,US,South Carolina,Aiken,2369,64,0,33.54338026,-81.63645384,45003.0,1386.4179034599,2.701561840439004,2305,2364,63,0,2301,2354,169401,5,1,0,4,10
2020-09-01,US,South Carolina,Allendale,296,6,0,32.98837386,-81.35321066,45005.0,3406.9981583793738,2.0270270270270268,290,294,6,0,288,291,8903,2,0,0,2,3
2020-09-01,US,South Carolina,Anderson,3203,121,0,34.51828081,-82.63959517,45007.0,1581.2754865273155,3.777708398376522,3082,3167,120,0,3047,3146,200482,36,1,0,35,21
2020-09-01,US,South Carolina,Bamberg,543,28,0,33.21927586,-81.05659969,45009.0,3860.3725295037675,5.156537753222835,515,544,28,0,516,538,14275,-1,0,0,-1,6
2020-09-01,US,South Carolina,Barnwell,538,14,0,33.26679302,-81.43584352,45011.0,2578.3571360107353,2.6022304832713754,524,535,13,0,522,532,21112,3,1,0,2,3
2020-09-01,US,South Carolina,Beaufort,4791,68,0,32.39226291,-80.72619758,45013.0,2493.727943702439,1.419327906491338,4723,4761,67,0,4694,4749,188715,30,1,0,29,12
2020-09-01,US,South Carolina,Berkeley,4850,81,0,33.20222596,-79.94654523,45015.0,2128.0610073407133,1.6701030927835052,4769,4823,78,0,4745,4805,221091,27,3,0,24,18
2020-09-01,US,South Carolina,Calhoun,417,15,0,33.66926881,-80.77722168,45017.0,2865.388579674294,3.5971223021582728,402,419,15,0,404,416,14520,-2,0,0,-2,3
2020-09-01,US,South Carolina,Charleston,14105,239,0,32.82487866,-79.96512315,45019.0,3428.486701700996,1.694434597660404,13866,14053,238,0,13815,14000,405905,52,1,0,51,53
2020-09-01,US,South Carolina,Cherokee,793,32,0,35.05122251,-81.61828622,45021.0,1383.9441535776614,4.03530895334174,761,789,32,0,757,790,57078,4,0,0,4,-1
2020-09-01,US,South Carolina,Chester,889,18,0,34.69249168,-81.1583216,45023.0,2757.10209651408,2.0247469066366706,871,879,18,0,861,870,32251,10,0,0,10,9
2020-09-01,US,South Carolina,Chesterfield,1006,27,0,34.64137396,-80.15640140000002,45025.0,2203.723986856517,2.6838966202783303,979,1001,26,0,975,997,45754,5,1,0,4,4
2020-09-01,US,South Carolina,Clarendon,984,63,0,33.66610974,-80.21647898,45027.0,2915.987553711661,6.402439024390245,921,977,62,0,915,972,33700,7,1,0,6,5
2020-09-01,US,South Carolina,Colleton,893,39,0,32.87582989,-80.67641292,45029.0,2370.1462430660613,4.367301231802911,854,890,39,0,851,889,37660,3,0,0,3,1
2020-09-01,US,South Carolina,Darlington,1661,46,0,34.33358335,-79.96027485,45031.0,2493.3201236902937,2.769416014449127,1615,1644,46,0,1598,1631,66802,17,0,0,17,13
2020-09-01,US,South Carolina,Dillon,768,28,0,34.39007791,-79.37741872,45033.0,2519.7677089143344,3.6458333333333335,740,761,28,0,733,757,30599,7,0,0,7,4
2020-09-01,US,South Carolina,Dorchester,3641,77,0,33.0794369,-80.40502652,45035.0,2236.3628546333434,2.114803625377644,3564,3618,76,0,3542,3625,160647,23,1,0,22,-7
2020-09-01,US,South Carolina,Edgefield,494,13,0,33.77221995,-81.96231108,45037.0,1812.1790168745413,2.631578947368421,481,494,13,0,481,494,27052,0,0,0,0,0
2020-09-01,US,South Carolina,Fairfield,645,29,0,34.39287073,-81.1195624,45039.0,2886.293462209693,4.496124031007752,616,641,28,0,613,644,22402,4,1,0,3,-3
2020-09-01,US,South Carolina,Florence,4318,153,0,34.02361754,-79.70189312,45041.0,3122.3561568553723,3.543307086614173,4165,4258,150,0,4108,4226,138159,60,3,0,57,32
2020-09-01,US,South Carolina,Georgetown,1742,37,0,33.43443342,-79.33202141,45043.0,2779.195915762604,2.123995407577497,1705,1731,37,0,1694,1725,62249,11,0,0,11,6
2020-09-01,US,South Carolina,Greenville,12175,259,0,34.89502264,-82.37295012,45045.0,2325.5058810945443,2.127310061601643,11916,12137,256,0,11881,12089,514213,38,3,0,35,48
2020-09-01,US,South Carolina,Greenwood,1863,47,0,34.15272415,-82.12715789,45047.0,2630.9471692251204,2.522812667740204,1816,1850,47,0,1803,1830,70741,13,0,0,13,20
2020-09-01,US,South Carolina,Hampton,547,23,0,32.77419582,-81.13845571,45049.0,2845.697638122984,4.204753199268739,524,544,22,0,522,542,19351,3,1,0,2,2
2020-09-01,US,South Carolina,Horry,9404,186,0,33.9212828,-78.99555293,45051.0,2655.8894716180757,1.977881752445768,9218,9376,183,0,9193,9358,344147,28,3,0,25,18
2020-09-01,US,South Carolina,Jasper,687,18,0,32.43171982,-81.02487495,45053.0,2284.4411930967976,2.6200873362445414,669,687,18,0,669,687,28971,0,0,0,0,0
2020-09-01,US,South Carolina,Kershaw,1626,29,0,34.33988254,-80.58763164,45055.0,2443.2390196991782,1.7835178351783518,1597,1606,29,0,1577,1600,65592,20,0,0,20,6
2020-09-01,US,South Carolina,Lancaster,1676,40,0,34.68270843,-80.70513032,45057.0,1709.9946945272006,2.386634844868735,1636,1658,39,0,1619,1639,95380,18,1,0,17,19
2020-09-01,US,South Carolina,Laurens,1499,54,0,34.48244419,-82.00490796,45059.0,2220.971063665861,3.602401601067378,1445,1492,54,0,1438,1483,66994,7,0,0,7,9
2020-09-01,US,South Carolina,Lee,652,32,0,34.16393091,-80.25690731,45061.0,3874.494889469931,4.9079754601227,620,650,32,0,618,648,17142,2,0,0,2,2
2020-09-01,US,South Carolina,Lexington,5818,139,0,33.89665987,-81.27146426,45063.0,1947.44769874477,2.3891371605362672,5679,5766,136,0,5630,5736,295032,52,3,0,49,30
2020-09-01,US,South Carolina,Marion,718,17,0,34.07859748,-79.36400756,45067.0,2342.042600384904,2.367688022284123,701,709,17,0,692,687,31039,9,0,0,9,22
2020-09-01,US,South Carolina,Marlboro,726,5,0,34.59905577,-79.67561152,45069.0,2779.692166322077,0.6887052341597796,721,718,5,0,713,705,26398,8,0,0,8,13
2020-09-01,US,South Carolina,McCormick,161,5,0,33.90161443,-82.30794338,45065.0,1701.3632040579098,3.1055900621118013,156,160,5,0,155,159,9410,1,0,0,1,1
2020-09-01,US,South Carolina,Newberry,972,15,0,34.28629098,-81.59935761,45071.0,2528.616024973985,1.5432098765432098,957,971,15,0,956,966,38520,1,0,0,1,5
2020-09-01,US,South Carolina,Oconee,1082,19,0,34.75225169,-83.06742317,45073.0,1360.2192442108972,1.7560073937153418,1063,1077,19,0,1058,1062,78374,5,0,0,5,15
2020-09-01,US,South Carolina,Orangeburg,2837,101,0,33.4391073,-80.79886287,45075.0,3292.138091093705,3.5600986958054284,2736,2833,101,0,2732,2819,86934,4,0,0,4,14
2020-09-01,US,South Carolina,Pickens,2212,35,0,34.88807695,-82.72791551,45077.0,1743.3246114561332,1.5822784810126582,2177,2194,35,0,2159,2180,124937,18,0,0,18,14
2020-09-01,US,South Carolina,Richland,11363,196,0,34.01791263,-80.90267209,45079.0,2733.0737278086585,1.7248965942092758,11167,11194,196,0,10998,11011,414576,169,0,0,169,183
2020-09-01,US,South Carolina,Saluda,572,14,0,34.00795823,-81.72713237,45081.0,2793.9237043911494,2.4475524475524475,558,559,13,0,546,558,20544,13,1,0,12,1
2020-09-01,US,South Carolina,Spartanburg,5047,157,0,34.92960077,-81.99225984,45083.0,1578.2478852979345,3.1107588666534576,4890,5016,150,0,4866,4994,313888,31,7,0,24,22
2020-09-01,US,South Carolina,Sumter,2865,65,0,33.91826534,-80.37942316,45085.0,2684.570047132242,2.2687609075043635,2800,2832,64,0,2768,2830,106512,33,1,0,32,2
2020-09-01,US,South Carolina,Union,460,7,0,34.68835752,-81.61730349,45087.0,1683.9947283643287,1.5217391304347827,453,458,5,0,453,455,27410,2,2,0,0,3
2020-09-01,US,South Carolina,Williamsburg,1202,39,0,33.62190129,-79.72767442,45089.0,3958.113804004215,3.24459234608985,1163,1200,39,0,1161,1192,30606,2,0,0,2,8
2020-09-01,US,South Carolina,York,4302,47,0,34.97281497,-81.18085944,45091.0,1531.0752760882485,1.0925151092515109,4255,4244,47,0,4197,4228,274118,58,0,0,58,16
2020-09-01,US,South Dakota,Aurora,42,0,0,43.71757685,-98.56050467,46003.0,1526.7175572519086,0.0,42,42,0,0,42,42,2801,0,0,0,0,0
2020-09-01,US,South Dakota,Beadle,639,9,0,44.41464384,-98.27858469,46005.0,3462.851568850593,1.4084507042253518,630,639,9,0,630,636,18883,0,0,0,0,3
2020-09-01,US,South Dakota,Bennett,23,0,0,43.19486375,-101.6665572,46007.0,683.5066864784546,0.0,23,23,0,0,23,22,3468,0,0,0,0,1
2020-09-01,US,South Dakota,Bon Homme,52,1,0,42.98914167,-97.88592746,46009.0,753.5139834806549,1.9230769230769231,51,52,1,0,51,51,6980,0,0,0,0,1
2020-09-01,US,South Dakota,Brookings,340,1,0,44.36974375,-96.79079945,46011.0,969.2961199646492,0.29411764705882354,339,321,1,0,320,308,35232,19,0,0,19,13
2020-09-01,US,South Dakota,Brown,695,3,0,45.58994323,-98.35165355,46013.0,1789.4384510414789,0.4316546762589928,692,675,3,0,672,662,39316,20,0,0,20,13
2020-09-01,US,South Dakota,Brule,67,0,0,43.71756379,-99.08118954,46015.0,1264.8669057957336,0.0,67,66,0,0,66,66,5229,1,0,0,1,0
2020-09-01,US,South Dakota,Buffalo,110,3,0,44.07657829,-99.20814467,46017.0,5606.523955147808,2.727272727272727,107,110,3,0,107,110,2036,0,0,0,0,0
2020-09-01,US,South Dakota,Butte,47,1,0,44.90608745,-103.5079318,46019.0,450.66641096941214,2.127659574468085,46,47,1,0,46,46,10222,0,0,0,0,1
2020-09-01,US,South Dakota,Campbell,5,0,0,45.77074915,-100.0510181,46021.0,363.37209302325584,0.0,5,5,0,0,5,5,1377,0,0,0,0,0
2020-09-01,US,South Dakota,Charles Mix,122,0,0,43.20660134,-98.58856175,46023.0,1312.9573826947912,0.0,122,122,0,0,122,122,9338,0,0,0,0,0
2020-09-01,US,South Dakota,Clark,19,0,0,44.85834507,-97.72925109,46025.0,508.5653104925053,0.0,19,19,0,0,19,19,3739,0,0,0,0,0
2020-09-01,US,South Dakota,Clay,372,2,0,42.91296147,-96.97656917,46027.0,2643.9232409381657,0.5376344086021505,370,353,2,0,351,344,14041,19,0,0,19,9
2020-09-01,US,South Dakota,Codington,330,2,0,44.97788119,-97.18827677,46029.0,1178.1927237673606,0.6060606060606061,328,318,2,0,316,310,28015,12,0,0,12,8
2020-09-01,US,South Dakota,Corson,58,0,0,45.70889983,-101.1970473,46031.0,1419.4811551639746,0.0,58,58,0,0,58,55,4165,0,0,0,0,3
2020-09-01,US,South Dakota,Custer,117,0,0,43.67741105,-103.45345209999999,46033.0,1304.0570664288898,0.0,117,117,0,0,117,116,8726,0,0,0,0,1
2020-09-01,US,South Dakota,Davison,143,2,0,43.67490933,-98.14458906,46035.0,723.1352718078383,1.3986013986013983,141,136,2,0,134,135,19790,7,0,0,7,1
2020-09-01,US,South Dakota,Day,37,0,0,45.367281,-97.60737498,46037.0,682.1533923303832,0.0,37,37,0,0,37,37,5505,0,0,0,0,0
2020-09-01,US,South Dakota,Deuel,48,0,0,44.75994309,-96.66943645,46039.0,1103.1946678924382,0.0,48,45,0,0,45,44,4337,3,0,0,3,1
2020-09-01,US,South Dakota,Dewey,82,0,0,45.15639647,-100.8709139,46041.0,1391.7175831636114,0.0,82,79,0,0,79,79,5904,3,0,0,3,0
2020-09-01,US,South Dakota,Douglas,29,0,0,43.38520741,-98.36978007,46043.0,992.8106812735364,0.0,29,27,0,0,27,26,2935,2,0,0,2,1
2020-09-01,US,South Dakota,Edmunds,31,0,0,45.41846445,-99.21545423,46045.0,809.6108644554712,0.0,31,31,0,0,31,31,3875,0,0,0,0,0
2020-09-01,US,South Dakota,Fall River,50,1,0,43.23929297,-103.5275691,46047.0,744.8234768359897,2.0,49,42,1,0,41,38,6758,8,0,0,8,4
2020-09-01,US,South Dakota,Faulk,32,1,0,45.07082625,-99.14535601,46049.0,1391.9095258808175,3.125,31,32,1,0,31,32,2330,0,0,0,0,0
2020-09-01,US,South Dakota,Grant,42,0,0,45.1723937,-96.77002276,46051.0,595.5757231990924,0.0,42,42,0,0,42,42,7147,0,0,0,0,0
2020-09-01,US,South Dakota,Gregory,25,0,0,43.19419064,-99.18883902,46053.0,597.3715651135008,0.0,25,22,0,0,22,19,4212,3,0,0,3,3
2020-09-01,US,South Dakota,Haakon,6,0,0,44.29299053,-101.539099,46055.0,315.955766192733,0.0,6,6,0,0,6,6,1918,0,0,0,0,0
2020-09-01,US,South Dakota,Hamlin,58,0,0,44.67385954,-97.18829593,46057.0,940.9474367293964,0.0,58,57,0,0,57,54,6111,1,0,0,1,3
2020-09-01,US,South Dakota,Hand,15,0,0,44.54708407,-99.00386459,46059.0,470.0720777185835,0.0,15,15,0,0,15,15,3262,0,0,0,0,0
2020-09-01,US,South Dakota,Hanson,23,0,0,43.6746384,-97.78715148,46061.0,666.087460179554,0.0,23,23,0,0,23,23,3376,0,0,0,0,0
2020-09-01,US,South Dakota,Harding,2,0,0,45.58015551,-103.4958629,46063.0,154.08320493066256,0.0,2,2,0,0,2,2,1249,0,0,0,0,0
2020-09-01,US,South Dakota,Hughes,132,4,0,44.39091534,-99.99661148,46065.0,753.1667237247517,3.0303030303030303,128,133,4,0,129,133,17650,-1,0,0,-1,0
2020-09-01,US,South Dakota,Hutchinson,44,1,0,43.33449012,-97.75536441,46067.0,603.4837470854478,2.272727272727273,43,41,1,0,40,39,7380,3,0,0,3,2
2020-09-01,US,South Dakota,Hyde,7,0,0,44.54747703,-99.48572582,46069.0,538.0476556495004,0.0,7,7,0,0,7,7,1282,0,0,0,0,0
2020-09-01,US,South Dakota,Jackson,12,1,0,43.69318385,-101.6255063,46071.0,358.85167464114835,8.333333333333334,11,12,1,0,11,12,3307,0,0,0,0,0
2020-09-01,US,South Dakota,Jerauld,41,1,0,44.06637798,-98.62965972,46073.0,2036.7610531544958,2.4390243902439024,40,40,1,0,39,40,2043,1,0,0,1,0
2020-09-01,US,South Dakota,Jones,3,0,0,43.96278565,-100.6940008,46075.0,332.2259136212625,0.0,3,3,0,0,3,3,928,0,0,0,0,0
2020-09-01,US,South Dakota,Kingsbury,23,0,0,44.36956169,-97.4913945,46077.0,465.6813120064791,0.0,23,23,0,0,23,23,4919,0,0,0,0,0
2020-09-01,US,South Dakota,Lake,119,6,0,44.02193107,-97.12926365,46079.0,929.9054465890443,5.042016806722689,113,117,6,0,111,116,13057,2,0,0,2,1
2020-09-01,US,South Dakota,Lawrence,229,3,0,44.35919441,-103.79294279999999,46081.0,886.0857452406748,1.310043668122271,226,225,3,0,222,217,25741,4,0,0,4,8
2020-09-01,US,South Dakota,Lincoln,919,2,0,43.27841182,-96.72039050000001,46083.0,1503.4026959822013,0.2176278563656148,917,907,2,0,905,888,58807,12,0,0,12,19
2020-09-01,US,South Dakota,Lyman,105,3,0,43.89522709,-99.85201878,46085.0,2777.0431102882835,2.8571428571428568,102,105,3,0,102,105,3821,0,0,0,0,0
2020-09-01,US,South Dakota,Marshall,19,0,0,45.75870838,-97.59855639,46091.0,385.0050658561297,0.0,19,19,0,0,19,19,5112,0,0,0,0,0
2020-09-01,US,South Dakota,McCook,53,1,0,43.6742571,-97.36863144,46087.0,948.8005728607233,1.8867924528301887,52,52,1,0,51,49,5546,1,0,0,1,3
2020-09-01,US,South Dakota,McPherson,10,0,0,45.76626028,-99.22118798,46089.0,420.34468263976464,0.0,10,10,0,0,10,11,2407,0,0,0,0,-1
2020-09-01,US,South Dakota,Meade,305,1,0,44.56676791,-102.71627409999999,46093.0,1076.5212480587322,0.3278688524590164,304,300,1,0,299,294,28294,5,0,0,5,6
2020-09-01,US,South Dakota,Mellette,24,0,0,43.58078848,-100.7563186,46095.0,1164.4832605531294,0.0,24,24,0,0,24,24,2042,0,0,0,0,0
2020-09-01,US,South Dakota,Miner,16,0,0,44.02197882,-97.60992207,46097.0,722.0216606498195,0.0,16,16,0,0,16,16,2213,0,0,0,0,0
2020-09-01,US,South Dakota,Minnehaha,5340,70,0,43.67441641,-96.7910885,46099.0,2764.9196930628477,1.310861423220974,5270,5267,70,0,5197,5235,192876,73,0,0,73,32
2020-09-01,US,South Dakota,Moody,42,0,0,44.02266214,-96.67081159,46101.0,638.6861313868612,0.0,42,41,0,0,41,41,6579,1,0,0,1,0
2020-09-01,US,South Dakota,Oglala Lakota,176,2,0,43.33749164,-102.55554980000001,46102.0,1241.4474148268325,1.1363636363636365,174,174,2,0,172,173,14309,2,0,0,2,1
2020-09-01,US,South Dakota,Pennington,1448,33,0,44.0025835,-102.8240777,46103.0,1272.6873214678094,2.2790055248618786,1415,1432,33,0,1399,1406,111729,16,0,0,16,26
2020-09-01,US,South Dakota,Perkins,16,0,0,45.49049506,-102.47555859999999,46105.0,558.4642233856894,0.0,16,16,0,0,16,13,2922,0,0,0,0,3
2020-09-01,US,South Dakota,Potter,16,0,0,45.06583079,-99.95498503,46107.0,743.1490942870413,0.0,16,16,0,0,16,16,2207,0,0,0,0,0
2020-09-01,US,South Dakota,Roberts,100,1,0,45.62975048,-96.94672673,46109.0,962.0935154897056,1.0,99,100,1,0,99,97,10447,0,0,0,0,3
2020-09-01,US,South Dakota,Sanborn,15,0,0,44.02351092,-98.09098159999999,46111.0,639.9317406143344,0.0,15,15,0,0,15,15,2429,0,0,0,0,0
2020-09-01,US,South Dakota,Spink,54,0,0,44.93837606,-98.34626602,46115.0,846.9259723964868,0.0,54,52,0,0,52,52,6495,2,0,0,2,0
2020-09-01,US,South Dakota,Stanley,21,0,0,44.41381872,-100.7349153,46117.0,677.8566817301485,0.0,21,21,0,0,21,21,3022,0,0,0,0,0
2020-09-01,US,South Dakota,Sully,8,0,0,44.71571812,-100.1278092,46119.0,575.1258087706685,0.0,8,8,0,0,8,8,1392,0,0,0,0,0
2020-09-01,US,South Dakota,Todd,82,5,0,43.19338568,-100.71955030000001,46121.0,805.7384297926696,6.097560975609755,77,78,5,0,73,78,10283,4,0,0,4,0
2020-09-01,US,South Dakota,Tripp,23,0,0,43.34459388,-99.8854891,46123.0,422.7164124241868,0.0,23,22,0,0,22,22,5478,1,0,0,1,0
2020-09-01,US,South Dakota,Turner,84,0,0,43.3109081,-97.14865776,46125.0,1001.9083969465648,0.0,84,83,0,0,83,81,8424,1,0,0,1,2
2020-09-01,US,South Dakota,Union,270,4,0,42.83112163,-96.6557828,46127.0,1694.7024855636457,1.4814814814814814,266,265,4,0,261,263,15619,5,0,0,5,2
2020-09-01,US,South Dakota,Walworth,43,0,0,45.43019636,-100.03075140000001,46129.0,791.1683532658693,0.0,43,43,0,0,43,42,5587,0,0,0,0,1
2020-09-01,US,South Dakota,Yankton,240,3,0,43.00924485,-97.39467635,46135.0,1051.9856228631545,1.25,237,231,3,0,228,218,22869,9,0,0,9,13
2020-09-01,US,South Dakota,Ziebach,49,0,0,44.97881876,-101.6654622,46137.0,1777.9390420899854,0.0,49,48,0,0,48,48,2742,1,0,0,1,0
2020-09-01,US,Tennessee,Anderson,879,8,0,36.12684348,-84.19965764,47001.0,1141.8846943282495,0.9101251422070534,871,874,8,0,866,862,76482,5,0,0,5,12
2020-09-01,US,Tennessee,Bedford,1127,14,0,35.51123746,-86.45549096,47003.0,2267.0126526260738,1.2422360248447204,1113,1114,14,0,1100,1107,49038,13,0,0,13,7
2020-09-01,US,Tennessee,Benton,260,6,0,36.07110411,-88.06849355,47005.0,1608.9108910891089,2.3076923076923075,254,257,5,0,252,253,16184,3,1,0,2,4
2020-09-01,US,Tennessee,Bledsoe,777,4,0,35.59942968,-85.20611967,47007.0,5157.992565055762,0.5148005148005148,773,775,4,0,771,775,14755,2,0,0,2,0
2020-09-01,US,Tennessee,Blount,2021,17,0,35.68938198,-83.92847788,47009.0,1518.5441211829764,0.8411677387431964,2004,2010,17,0,1993,2003,131349,11,0,0,11,7
2020-09-01,US,Tennessee,Bradley,2501,16,0,35.15739424,-84.857186,47011.0,2313.3845157709743,0.6397441023590564,2485,2473,16,0,2457,2468,106727,28,0,0,28,5
2020-09-01,US,Tennessee,Campbell,328,3,0,36.40355516,-84.15108559999999,47013.0,823.2518447869082,0.9146341463414634,325,328,2,0,326,325,39583,0,1,0,-1,3
2020-09-01,US,Tennessee,Cannon,202,0,0,35.80990797,-86.05738983,47015.0,1376.2092928191848,0.0,202,200,0,0,200,198,14462,2,0,0,2,2
2020-09-01,US,Tennessee,Carroll,643,8,0,35.97366108,-88.45189331,47017.0,2315.698491014514,1.2441679626749609,635,637,8,0,629,624,28020,6,0,0,6,13
2020-09-01,US,Tennessee,Carter,845,18,0,36.28969086,-82.12588974,47019.0,1498.4660672802395,2.1301775147929,827,829,18,0,811,818,56351,16,0,0,16,11
2020-09-01,US,Tennessee,Cheatham,716,10,0,36.26136216,-87.08903581,47021.0,1760.6413062188017,1.3966480446927374,706,710,10,0,700,710,40439,6,0,0,6,0
2020-09-01,US,Tennessee,Chester,383,6,0,35.42527478,-88.6095842,47023.0,2214.2568075388795,1.566579634464752,377,377,5,0,372,376,17276,6,1,0,5,1
2020-09-01,US,Tennessee,Claiborne,368,3,0,36.48319149,-83.65947309,47025.0,1151.4753277636976,0.8152173913043478,365,366,3,0,363,363,31756,2,0,0,2,3
2020-09-01,US,Tennessee,Clay,116,2,0,36.55151008,-85.53930419,47027.0,1523.3092580433356,1.7241379310344829,114,112,0,0,112,111,7717,4,2,0,2,1
2020-09-01,US,Tennessee,Cocke,644,7,0,35.9278914,-83.11828725,47029.0,1788.6901455393845,1.0869565217391304,637,642,7,0,635,641,35774,2,0,0,2,1
2020-09-01,US,Tennessee,Coffee,772,6,0,35.49090731,-86.07311784,47031.0,1365.8881811748054,0.7772020725388601,766,764,6,0,758,760,55700,8,0,0,8,4
2020-09-01,US,Tennessee,Crockett,408,14,0,35.81830662,-89.14916269,47033.0,2867.1820098383696,3.431372549019608,394,403,14,0,389,401,14328,5,0,0,5,2
2020-09-01,US,Tennessee,Cumberland,831,8,0,35.95271721,-84.99840585,47035.0,1373.0998017184402,0.9626955475330926,823,826,8,0,818,812,59673,5,0,0,5,14
2020-09-01,US,Tennessee,Davidson,23622,259,0,36.17007426,-86.78646056,47037.0,3403.0402913516505,1.0964355262043857,23363,23474,259,0,23215,23430,692587,148,0,0,148,44
2020-09-01,US,Tennessee,DeKalb,474,6,0,35.97616272,-85.83689361,47041.0,2313.323572474377,1.2658227848101269,468,469,5,0,464,469,20138,5,1,0,4,0
2020-09-01,US,Tennessee,Decatur,305,4,0,35.60048904,-88.11043779,47039.0,2615.107605247364,1.3114754098360657,301,303,4,0,299,302,11706,2,0,0,2,1
2020-09-01,US,Tennessee,Dickson,920,9,0,36.14669837,-87.35891709,47043.0,1705.3458886334988,0.9782608695652174,911,913,9,0,904,907,53446,7,0,0,7,6
2020-09-01,US,Tennessee,Dyer,975,10,0,36.05931946,-89.41542855,47045.0,2623.8596302376277,1.0256410256410255,965,964,10,0,954,952,37320,11,0,0,11,12
2020-09-01,US,Tennessee,Fayette,888,10,0,35.19615831,-89.41399032,47047.0,2158.850557946175,1.1261261261261262,878,886,10,0,876,882,40507,2,0,0,2,4
2020-09-01,US,Tennessee,Fentress,230,0,0,36.38128818,-84.92870012,47049.0,1241.69950871889,0.0,230,223,0,0,223,218,18217,7,0,0,7,5
2020-09-01,US,Tennessee,Franklin,517,4,0,35.15634626,-86.09201039,47051.0,1224.8862774829415,0.7736943907156673,513,492,4,0,488,488,41890,25,0,0,25,4
2020-09-01,US,Tennessee,Gibson,1138,16,0,35.99438059,-88.93358327,47053.0,2316.162253475261,1.40597539543058,1122,1115,14,0,1101,1104,49045,23,2,0,21,11
2020-09-01,US,Tennessee,Giles,448,14,0,35.20222469,-87.03992678,47055.0,1520.4995927233233,3.125,434,442,14,0,428,441,29503,6,0,0,6,1
2020-09-01,US,Tennessee,Grainger,278,1,0,36.27469206,-83.51254721,47057.0,1192.1097770154374,0.3597122302158273,277,278,1,0,277,274,23145,0,0,0,0,4
2020-09-01,US,Tennessee,Greene,844,16,0,36.17470125,-82.84691273,47059.0,1221.9664393577436,1.895734597156398,828,820,16,0,804,814,69087,24,0,0,24,6
2020-09-01,US,Tennessee,Grundy,152,3,0,35.38433717,-85.72142731,47061.0,1132.0473672451033,1.973684210526316,149,149,2,0,147,149,13346,3,1,0,2,0
2020-09-01,US,Tennessee,Hamblen,1665,22,0,36.21990035,-83.26586179,47063.0,2564.142051929652,1.3213213213213213,1643,1659,22,0,1637,1649,64569,6,0,0,6,10
2020-09-01,US,Tennessee,Hamilton,8136,76,0,35.17670231,-85.16652245,47065.0,2212.04772106883,0.9341199606686332,8060,7998,74,0,7924,7965,364286,138,2,0,136,33
2020-09-01,US,Tennessee,Hancock,92,2,0,36.52692871,-83.22375847,47067.0,1389.728096676737,2.1739130434782608,90,92,2,0,90,92,6549,0,0,0,0,0
2020-09-01,US,Tennessee,Hardeman,1241,22,0,35.20772017,-88.99161161,47069.0,4954.091816367266,1.7727639000805802,1219,1238,21,0,1217,1237,25220,3,1,0,2,1
2020-09-01,US,Tennessee,Hardin,713,10,0,35.19732531,-88.18593755,47071.0,2779.510369561828,1.4025245441795229,703,700,10,0,690,685,25776,13,0,0,13,15
2020-09-01,US,Tennessee,Hawkins,673,13,0,36.44355426,-82.94885298,47073.0,1185.1512696791465,1.9316493313521543,660,669,13,0,656,667,56530,4,0,0,4,2
2020-09-01,US,Tennessee,Haywood,747,11,0,35.58332824,-89.28536625,47075.0,4316.920943134535,1.4725568942436411,736,744,11,0,733,740,17335,3,0,0,3,4
2020-09-01,US,Tennessee,Henderson,883,8,0,35.65581134,-88.38600175,47077.0,3140.4488387808087,0.9060022650056624,875,878,7,0,871,873,27847,5,1,0,4,5
2020-09-01,US,Tennessee,Henry,463,6,0,36.33160906,-88.30121797,47079.0,1431.442263100943,1.2958963282937366,457,460,5,0,455,455,32358,3,1,0,2,5
2020-09-01,US,Tennessee,Hickman,379,4,0,35.80609681,-87.47643507,47081.0,1505.2823893875607,1.0554089709762533,375,376,3,0,373,371,25063,3,1,0,2,5
2020-09-01,US,Tennessee,Houston,96,0,0,36.28872054,-87.71878828,47083.0,1170.5889525667599,0.0,96,93,0,0,93,93,8263,3,0,0,3,0
2020-09-01,US,Tennessee,Humphreys,172,3,0,36.03958805,-87.77992872,47085.0,925.6269508126145,1.7441860465116281,169,168,3,0,165,169,18486,4,0,0,4,-1
2020-09-01,US,Tennessee,Jackson,220,1,0,36.36380466,-85.67239905,47087.0,1866.6214152384186,0.4545454545454545,219,217,1,0,216,217,11758,3,0,0,3,0
2020-09-01,US,Tennessee,Jefferson,817,6,0,36.04818632,-83.45148924,47089.0,1499.220111936875,0.7343941248470012,811,815,6,0,809,805,54012,2,0,0,2,10
2020-09-01,US,Tennessee,Johnson,416,1,0,36.45523950000001,-81.84886538,47091.0,2338.6552732179002,0.2403846153846154,415,407,1,0,406,407,17778,9,0,0,9,0
2020-09-01,US,Tennessee,Knox,6516,59,0,35.99508821,-83.94635435,47093.0,1385.4603211053063,0.9054634745242479,6457,6429,57,0,6372,6336,465289,87,2,0,85,93
2020-09-01,US,Tennessee,Lake,840,2,0,36.34180170000001,-89.48921915,47095.0,11972.633979475484,0.2380952380952381,838,837,2,0,835,834,7411,3,0,0,3,3
2020-09-01,US,Tennessee,Lauderdale,722,12,0,35.75893438,-89.63015909999999,47097.0,2816.6816213474817,1.6620498614958448,710,725,12,0,713,720,25825,-3,0,0,-3,5
2020-09-01,US,Tennessee,Lawrence,768,9,0,35.21675201,-87.39787695,47099.0,1739.839608536088,1.171875,759,762,9,0,753,759,43734,6,0,0,6,3
2020-09-01,US,Tennessee,Lewis,133,1,0,35.52853208,-87.49022694,47101.0,1084.121291164004,0.7518796992481203,132,132,1,0,131,132,12086,1,0,0,1,0
2020-09-01,US,Tennessee,Lincoln,411,1,0,35.13738622,-86.58910106,47103.0,1195.9494849560613,0.24330900243309006,410,412,1,0,411,409,34117,-1,0,0,-1,3
2020-09-01,US,Tennessee,Loudon,963,3,0,35.73939663,-84.31145275,47105.0,1781.0904786565063,0.3115264797507788,960,952,3,0,949,944,53054,11,0,0,11,8
2020-09-01,US,Tennessee,Macon,907,15,0,36.53157855,-86.00778595,47111.0,3686.6921388504998,1.6538037486218302,892,906,15,0,891,907,24265,1,0,0,1,-1
2020-09-01,US,Tennessee,Madison,1839,44,0,35.61181957,-88.84076036,47113.0,1876.8370346178967,2.3926046764545954,1795,1804,40,0,1764,1781,97605,35,4,0,31,23
2020-09-01,US,Tennessee,Marion,328,7,0,35.12997174,-85.62265895,47115.0,1134.6732625315667,2.1341463414634148,321,325,7,0,318,325,28575,3,0,0,3,0
2020-09-01,US,Tennessee,Marshall,549,4,0,35.45798777,-86.76420988,47117.0,1597.090909090909,0.7285974499089253,545,533,4,0,529,532,33683,16,0,0,16,1
2020-09-01,US,Tennessee,Maury,1778,15,0,35.618741299999996,-87.07462444,47119.0,1844.6470997126169,0.843644544431946,1763,1749,15,0,1734,1735,94340,29,0,0,29,14
2020-09-01,US,Tennessee,McMinn,803,23,0,35.42812616,-84.61520715,47107.0,1492.7315313975535,2.86425902864259,780,791,23,0,768,791,53285,12,0,0,12,0
2020-09-01,US,Tennessee,McNairy,555,12,0,35.17468549,-88.5647812,47109.0,2160.0373628084376,2.1621621621621623,543,549,11,0,538,544,25832,6,1,0,5,5
2020-09-01,US,Tennessee,Meigs,163,2,0,35.51558739,-84.81482914,47121.0,1312.1880534535499,1.2269938650306749,161,162,2,0,160,162,12306,1,0,0,1,0
2020-09-01,US,Tennessee,Monroe,759,15,0,35.44550387,-84.24902965,47123.0,1630.6799871092492,1.9762845849802368,744,749,15,0,734,738,46357,10,0,0,10,11
2020-09-01,US,Tennessee,Montgomery,2494,30,0,36.49609412,-87.38550661,47125.0,1193.341403779074,1.202886928628709,2464,2475,30,0,2445,2467,205950,19,0,0,19,8
2020-09-01,US,Tennessee,Moore,94,0,0,35.27724699,-86.36230578,47127.0,1448.8286066584465,0.0,94,93,0,0,93,93,6411,1,0,0,1,0
2020-09-01,US,Tennessee,Morgan,214,2,0,36.13248031,-84.64880098,47129.0,999.8598327337288,0.9345794392523364,212,209,2,0,207,207,21579,5,0,0,5,2
2020-09-01,US,Tennessee,Obion,830,8,0,36.35732446,-89.14921589,47131.0,2760.3179354152117,0.9638554216867471,822,829,8,0,821,820,30267,1,0,0,1,9
2020-09-01,US,Tennessee,Out of TN,3055,28,0,0.0,0.0,80047.0,0.0,0.9165302782324058,3027,3010,27,0,2983,2994,,45,1,0,44,16
2020-09-01,US,Tennessee,Overton,439,2,0,36.34117832,-85.28989535,47133.0,1973.8321118654737,0.4555808656036446,437,435,2,0,433,433,22068,4,0,0,4,2
2020-09-01,US,Tennessee,Perry,112,0,0,35.63708728,-87.86139634,47135.0,1386.8251609707777,0.0,112,110,0,0,110,107,8064,2,0,0,2,3
2020-09-01,US,Tennessee,Pickett,67,1,0,36.55606529,-85.07763299999998,47137.0,1327.2583201267828,1.492537313432836,66,63,1,0,62,61,5082,4,0,0,4,2
2020-09-01,US,Tennessee,Polk,331,10,0,35.12245443,-84.52075859,47139.0,1966.4923954372625,3.0211480362537766,321,327,10,0,317,326,16898,4,0,0,4,1
2020-09-01,US,Tennessee,Putnam,2387,30,0,36.14005459,-85.50646123,47141.0,2974.6401644962293,1.2568077084206115,2357,2368,30,0,2338,2362,78843,19,0,0,19,6
2020-09-01,US,Tennessee,Rhea,661,5,0,35.60536161,-84.93076643,47143.0,1992.9447945246786,0.75642965204236,656,652,4,0,648,647,33044,9,1,0,8,5
2020-09-01,US,Tennessee,Roane,659,2,0,35.84923189,-84.52458689,47145.0,1234.4985201004085,0.30349013657056145,657,651,2,0,649,643,53140,8,0,0,8,8
2020-09-01,US,Tennessee,Robertson,1892,26,0,36.52454807,-86.87346725,47147.0,2634.620472616379,1.3742071881606766,1866,1886,26,0,1860,1885,71012,6,0,0,6,1
2020-09-01,US,Tennessee,Rutherford,7868,70,0,35.84591405,-86.4107263,47149.0,2367.8468784326706,0.8896797153024911,7798,7825,70,0,7755,7799,324890,43,0,0,43,26
2020-09-01,US,Tennessee,Scott,156,2,0,36.42325673,-84.50360494,47151.0,706.9059271343123,1.2820512820512822,154,155,2,0,153,155,22039,1,0,0,1,0
2020-09-01,US,Tennessee,Sequatchie,144,1,0,35.36979721,-85.41022136,47153.0,958.3388792759216,0.6944444444444444,143,142,1,0,141,142,14876,2,0,0,2,0
2020-09-01,US,Tennessee,Sevier,2246,12,0,35.78077323,-83.52244332,47155.0,2286.0050890585244,0.5342831700801425,2234,2236,12,0,2224,2232,97892,10,0,0,10,4
2020-09-01,US,Tennessee,Shelby,27173,387,0,35.1864775,-89.89692423,47157.0,2899.486323660909,1.4242078533838738,26786,27120,387,0,26733,26976,935764,53,0,0,53,144
2020-09-01,US,Tennessee,Smith,516,8,0,36.25359775,-85.95411046,47159.0,2559.904747730317,1.5503875968992251,508,516,8,0,508,515,19942,0,0,0,0,1
2020-09-01,US,Tennessee,Stewart,99,0,0,36.50235092,-87.83920548,47161.0,721.8374043018592,0.0,99,96,0,0,96,96,13561,3,0,0,3,0
2020-09-01,US,Tennessee,Sullivan,1663,25,0,36.51240691,-82.30412917,47163.0,1050.2185060752267,1.5033072760072157,1638,1640,25,0,1615,1615,157668,23,0,0,23,25
2020-09-01,US,Tennessee,Sumner,4117,87,0,36.46824103,-86.45917204,47165.0,2152.308359864703,2.1131892154481418,4030,4094,86,0,4008,4065,187149,23,1,0,22,29
2020-09-01,US,Tennessee,Tipton,1470,15,0,35.501942,-89.73694895,47167.0,2386.402376661959,1.020408163265306,1455,1462,15,0,1447,1455,61581,8,0,0,8,7
2020-09-01,US,Tennessee,Trousdale,1618,6,0,36.39026213,-86.16087954,47169.0,14338.88691953208,0.3708281829419036,1612,1618,6,0,1612,1618,11012,0,0,0,0,0
2020-09-01,US,Tennessee,Unassigned,3348,7,0,0.0,0.0,90047.0,0.0,0.2090800477897252,3341,3368,7,0,3361,3360,,-20,0,0,-20,8
2020-09-01,US,Tennessee,Unicoi,228,1,0,36.10890856,-82.43709629,47171.0,1274.9538668008724,0.43859649122807015,227,225,1,0,224,221,17761,3,0,0,3,4
2020-09-01,US,Tennessee,Union,227,1,0,36.28590426,-83.83651902,47173.0,1136.5912277188065,0.4405286343612335,226,225,1,0,224,222,19688,2,0,0,2,3
2020-09-01,US,Tennessee,Van Buren,80,0,0,35.69864497,-85.45221699,47175.0,1362.3978201634875,0.0,80,71,0,0,71,71,5765,9,0,0,9,0
2020-09-01,US,Tennessee,Warren,860,7,0,35.672829899999996,-85.77969117,47177.0,2083.4847493761663,0.813953488372093,853,853,7,0,846,851,40878,7,0,0,7,2
2020-09-01,US,Tennessee,Washington,1771,13,0,36.29472368,-82.49454720000001,47179.0,1368.888888888889,0.7340485601355167,1758,1741,13,0,1728,1718,128607,30,0,0,30,23
2020-09-01,US,Tennessee,Wayne,1439,3,0,35.23868267,-87.78644456,47181.0,8630.720326276016,0.2084781097984712,1436,1279,3,0,1276,312,16558,160,0,0,160,967
2020-09-01,US,Tennessee,Weakley,854,13,0,36.29896232,-88.71990865,47183.0,2562.409985597696,1.5222482435597189,841,842,13,0,829,831,33415,12,0,0,12,11
2020-09-01,US,Tennessee,White,566,7,0,35.92929884,-85.45591799,47185.0,2069.8482355092333,1.2367491166077738,559,564,7,0,557,560,27107,2,0,0,2,4
2020-09-01,US,Tennessee,Williamson,4422,30,0,35.89099229,-86.89281867,47187.0,1854.772410784692,0.6784260515603799,4392,4369,28,0,4341,4334,231729,53,2,0,51,35
2020-09-01,US,Tennessee,Wilson,2870,31,0,36.15496772,-86.29775884,47189.0,1984.0035394070112,1.0801393728222997,2839,2828,31,0,2797,2811,140625,42,0,0,42,17
2020-09-01,US,Texas,Anderson,2520,18,0,31.81534745,-95.65354823,48001.0,4364.770070148091,0.7142857142857143,2502,2502,18,0,2484,2502,58057,18,0,0,18,0
2020-09-01,US,Texas,Andrews,368,8,0,32.30468633,-102.63765479999999,48003.0,1967.388398823844,2.1739130434782608,360,367,8,0,359,362,18128,1,0,0,1,5
2020-09-01,US,Texas,Angelina,2013,69,0,31.25457347,-94.60901487,48005.0,2321.397682061927,3.4277198211624436,1944,2005,67,0,1938,2002,87092,8,2,0,6,3
2020-09-01,US,Texas,Aransas,212,18,0,28.10556197,-96.9995047,48007.0,901.7439387494684,8.49056603773585,194,212,18,0,194,210,23792,0,0,0,0,2
2020-09-01,US,Texas,Archer,53,0,0,33.61569967,-98.68754589,48009.0,619.6656144043026,0.0,53,49,0,0,49,49,8786,4,0,0,4,0
2020-09-01,US,Texas,Armstrong,11,0,0,34.96507426,-101.35748740000001,48011.0,582.9358770535241,0.0,11,11,0,0,11,11,1892,0,0,0,0,0
2020-09-01,US,Texas,Atascosa,569,27,0,28.89333001,-98.52730485,48013.0,1112.349226829316,4.745166959578207,542,568,27,0,541,568,50310,1,0,0,1,0
2020-09-01,US,Texas,Austin,418,6,0,29.88548725,-96.27736949,48015.0,1391.8486947256256,1.4354066985645932,412,417,6,0,411,417,29989,1,0,0,1,0
2020-09-01,US,Texas,Bailey,202,4,0,34.06854817,-102.8299707,48017.0,2885.714285714286,1.98019801980198,198,202,4,0,198,202,7027,0,0,0,0,0
2020-09-01,US,Texas,Bandera,109,5,0,29.74619598,-99.24598147,48019.0,471.61647628937345,4.587155963302751,104,109,4,0,105,109,22824,0,1,0,-1,0
2020-09-01,US,Texas,Bastrop,1596,27,0,30.10370699,-97.31206354,48021.0,1798.8571170947782,1.6917293233082706,1569,1582,27,0,1555,1580,86976,14,0,0,14,2
2020-09-01,US,Texas,Baylor,15,0,0,33.61640794,-99.21352901,48023.0,427.4722143060701,0.0,15,16,0,0,16,16,3582,-1,0,0,-1,0
2020-09-01,US,Texas,Bee,1614,22,0,28.41761668,-97.74215593,48025.0,4956.241363426992,1.3630731102850062,1592,1605,22,0,1583,1591,32587,9,0,0,9,14
2020-09-01,US,Texas,Bell,4858,65,0,31.03736027,-97.4785025,48027.0,1338.572263063341,1.3379991766158914,4793,4768,64,0,4704,4768,355642,90,1,0,89,0
2020-09-01,US,Texas,Bexar,46663,1101,0,29.44928723,-98.52019748,48029.0,2329.0113468366712,2.3594711013008163,45562,46441,1086,0,45355,46401,1986049,222,15,0,207,40
2020-09-01,US,Texas,Blanco,127,5,0,30.26640707,-98.3999852,48031.0,1064.4539435085073,3.9370078740157477,122,125,5,0,120,124,11702,2,0,0,2,1
2020-09-01,US,Texas,Bosque,222,5,0,31.89978581,-97.63613524,48035.0,1188.118811881188,2.2522522522522523,217,216,5,0,211,216,18691,6,0,0,6,0
2020-09-01,US,Texas,Bowie,969,44,0,33.44626922,-94.41834132,48037.0,1039.1978122151322,4.540763673890608,925,969,44,0,925,970,94324,0,0,0,0,-1
2020-09-01,US,Texas,Brazoria,9419,138,0,29.18757369,-95.44563172,48039.0,2516.67272299767,1.4651236861662598,9281,9389,138,0,9251,9309,370200,30,0,0,30,80
2020-09-01,US,Texas,Brazos,4772,56,0,30.663644800000004,-96.30205577,48041.0,2081.9245149665594,1.173512154233026,4716,4719,55,0,4664,4703,226758,53,1,0,52,16
2020-09-01,US,Texas,Brewster,192,2,0,29.81008251,-103.25203259999999,48043.0,2086.276214277953,1.0416666666666667,190,191,2,0,189,191,9267,1,0,0,1,0
2020-09-01,US,Texas,Briscoe,12,1,0,34.53026962,-101.2084947,48045.0,776.1966364812421,8.333333333333334,11,12,1,0,11,12,1516,0,0,0,0,0
2020-09-01,US,Texas,Brooks,218,16,0,27.03103197,-98.21808402,48047.0,3073.452699844917,7.339449541284404,202,215,16,0,199,215,7114,3,0,0,3,0
2020-09-01,US,Texas,Brown,480,20,0,31.77430356,-98.99907113,48049.0,1267.6949080921192,4.166666666666667,460,470,20,0,450,470,37924,10,0,0,10,0
2020-09-01,US,Texas,Burleson,292,6,0,30.49273808,-96.62158484,48051.0,1583.2565200889223,2.054794520547945,286,288,6,0,282,287,18389,4,0,0,4,1
2020-09-01,US,Texas,Burnet,670,12,0,30.78801353,-98.181887,48053.0,1391.3404630879452,1.791044776119403,658,666,12,0,654,665,47542,4,0,0,4,1
2020-09-01,US,Texas,Caldwell,1236,33,0,29.83668859,-97.61814775,48055.0,2830.7072187614513,2.66990291262136,1203,1229,32,0,1197,1225,43247,7,1,0,6,4
2020-09-01,US,Texas,Calhoun,607,7,0,28.47048236,-96.61633945,48057.0,2851.1038046031,1.1532125205930808,600,603,7,0,596,603,21561,4,0,0,4,0
2020-09-01,US,Texas,Callahan,70,3,0,32.29760619,-99.37326312,48059.0,502.04403643405294,4.285714285714286,67,88,3,0,85,88,13994,-18,0,0,-18,0
2020-09-01,US,Texas,Cameron,21048,767,0,26.14524221,-97.48140372,48061.0,4973.96984140863,3.644051691372102,20281,20959,757,0,20202,20853,423908,89,10,0,79,106
2020-09-01,US,Texas,Camp,296,8,0,32.97195142,-94.97790104,48063.0,2260.5773636780204,2.702702702702702,288,296,8,0,288,296,13033,0,0,0,0,0
2020-09-01,US,Texas,Carson,17,0,0,35.40365929,-101.35426690000001,48065.0,286.87141410732363,0.0,17,17,0,0,17,17,6005,0,0,0,0,0
2020-09-01,US,Texas,Cass,260,12,0,33.07499881,-94.34646905,48067.0,865.9162059548391,4.615384615384615,248,257,11,0,246,257,30119,3,1,0,2,0
2020-09-01,US,Texas,Castro,229,4,0,34.53016752,-102.2617243,48069.0,3041.1686586985393,1.7467248908296944,225,227,4,0,223,227,7665,2,0,0,2,0
2020-09-01,US,Texas,Chambers,1149,5,0,29.70972016,-94.67154501,48071.0,2621.0735223669503,0.4351610095735422,1144,1123,5,0,1118,1123,42454,26,0,0,26,0
2020-09-01,US,Texas,Cherokee,1424,16,0,31.837258000000002,-95.16559897,48073.0,2704.8588686699845,1.1235955056179776,1408,1408,16,0,1392,1408,52592,16,0,0,16,0
2020-09-01,US,Texas,Childress,57,0,0,34.529304100000004,-100.2077916,48075.0,780.1806734191076,0.0,57,57,0,0,57,57,7291,0,0,0,0,0
2020-09-01,US,Texas,Clay,67,1,0,33.78686685,-98.20771198,48077.0,639.8624773183077,1.492537313432836,66,63,1,0,62,63,10456,4,0,0,4,0
2020-09-01,US,Texas,Cochran,37,1,0,33.60425307,-102.82844990000001,48079.0,1296.880476691202,2.702702702702702,36,37,1,0,36,37,2836,0,0,0,0,0
2020-09-01,US,Texas,Coke,49,3,0,31.88911733,-100.5297533,48081.0,1446.7080011809862,6.1224489795918355,46,49,3,0,46,49,3370,0,0,0,0,0
2020-09-01,US,Texas,Coleman,53,2,0,31.76736834,-99.45240766,48083.0,648.3180428134557,3.7735849056603774,51,52,2,0,50,52,8397,1,0,0,1,0
2020-09-01,US,Texas,Collin,11054,114,0,33.18820114,-96.57264368,48085.0,1068.2980101089172,1.0313008865569024,10940,10989,112,0,10877,10946,1005146,65,2,0,63,43
2020-09-01,US,Texas,Collingsworth,16,0,0,34.96489496,-100.27001109999999,48087.0,547.9452054794519,0.0,16,16,0,0,16,16,2962,0,0,0,0,0
2020-09-01,US,Texas,Colorado,446,3,0,29.622097999999998,-96.5273805,48089.0,2075.094216721724,0.672645739910314,443,444,3,0,441,444,21217,2,0,0,2,0
2020-09-01,US,Texas,Comal,2382,96,0,29.80811278,-98.27647225,48091.0,1524.8801285457305,4.030226700251888,2286,2353,95,0,2258,2353,148373,29,1,0,28,0
2020-09-01,US,Texas,Comanche,216,3,0,31.94854689,-98.55876441,48093.0,1584.1584158415842,1.3888888888888888,213,214,3,0,211,214,13534,2,0,0,2,0
2020-09-01,US,Texas,Concho,56,1,0,31.32635934,-99.86473038,48095.0,2054.292002934703,1.7857142857142858,55,55,1,0,54,53,4276,1,0,0,1,2
2020-09-01,US,Texas,Cooke,325,4,0,33.63979567,-97.21240912,48097.0,787.7451099207408,1.2307692307692308,321,318,4,0,314,318,40574,7,0,0,7,0
2020-09-01,US,Texas,Coryell,1431,10,0,31.39078397,-97.79936155,48099.0,1884.1094916459297,0.6988120195667366,1421,1151,10,0,1141,868,74808,280,0,0,280,283
2020-09-01,US,Texas,Cottle,18,2,0,34.07783319,-100.27850620000001,48101.0,1287.5536480686694,11.111111111111109,16,18,2,0,16,18,1389,0,0,0,0,0
2020-09-01,US,Texas,Crane,71,2,0,31.43052248,-102.5143314,48103.0,1480.091723994163,2.8169014084507036,69,70,2,0,68,70,4794,1,0,0,1,0
2020-09-01,US,Texas,Crockett,162,6,0,30.72367027,-101.4134238,48105.0,4676.674364896075,3.703703703703704,156,162,6,0,156,162,3499,0,0,0,0,0
2020-09-01,US,Texas,Crosby,81,1,0,33.61431553,-101.30003640000001,48107.0,1411.8877462088199,1.2345679012345678,80,81,1,0,80,81,5779,0,0,0,0,0
2020-09-01,US,Texas,Culberson,29,2,0,31.44506775,-104.5185739,48109.0,1335.7899585444495,6.896551724137932,27,23,2,0,21,23,2204,6,0,0,6,0
2020-09-01,US,Texas,Dallam,209,7,0,36.27787176,-102.60207249999999,48111.0,2868.1213119253466,3.3492822966507183,202,208,7,0,201,208,7200,1,0,0,1,0
2020-09-01,US,Texas,Dallas,72252,959,0,32.76670599,-96.77796049999999,48113.0,2741.474534778009,1.327298898300393,71293,71630,947,0,70683,70810,2637772,622,12,0,610,820
2020-09-01,US,Texas,Dawson,224,8,0,32.74255572,-101.94772420000001,48115.0,1759.8994343180386,3.571428571428572,216,207,8,0,199,207,12619,17,0,0,17,0
2020-09-01,US,Texas,DeWitt,850,25,0,29.08101855,-97.35681170000001,48123.0,4216.269841269841,2.9411764705882355,825,844,25,0,819,844,20187,6,0,0,6,0
2020-09-01,US,Texas,Deaf Smith,806,20,0,34.96522957,-102.6054267,48117.0,4345.950609295805,2.481389578163772,786,801,20,0,781,801,18760,5,0,0,5,0
2020-09-01,US,Texas,Delta,17,0,0,33.38570922,-95.66921122,48119.0,318.88951416244606,0.0,17,17,0,0,17,17,5349,0,0,0,0,0
2020-09-01,US,Texas,Denton,10239,132,0,33.20521901,-97.11691153,48121.0,1154.0711468687691,1.2891883973044242,10107,10125,131,0,9994,9994,859064,114,1,0,113,131
2020-09-01,US,Texas,Dickens,34,1,0,33.61616822,-100.7788855,48125.0,1537.7657168701944,2.9411764705882355,33,27,1,0,26,27,2249,7,0,0,7,0
2020-09-01,US,Texas,Dimmit,181,6,0,28.42270064,-99.75645095,48127.0,1787.8308968787042,3.3149171270718236,175,180,6,0,174,180,10308,1,0,0,1,0
2020-09-01,US,Texas,Donley,55,1,0,34.96517499,-100.8140093,48129.0,1677.8523489932886,1.818181818181818,54,55,1,0,54,55,3319,0,0,0,0,0
2020-09-01,US,Texas,Duval,322,10,0,27.68184592,-98.50864568,48131.0,2886.080487586269,3.1055900621118013,312,259,10,0,249,257,11212,63,0,0,63,2
2020-09-01,US,Texas,Eastland,114,3,0,32.32743996,-98.83243566,48133.0,620.9150326797386,2.631578947368421,111,130,2,0,128,130,18322,-16,1,0,-17,0
2020-09-01,US,Texas,Ector,4289,71,0,31.86898877,-102.54294279999999,48135.0,2580.268675213418,1.6553975285614362,4218,4241,70,0,4171,4217,162124,48,1,0,47,24
2020-09-01,US,Texas,Edwards,34,1,0,29.98202582,-100.304252,48137.0,1759.8343685300208,2.9411764705882355,33,34,1,0,33,34,1928,0,0,0,0,0
2020-09-01,US,Texas,El Paso,20539,433,0,31.76980765,-106.23632749999999,48141.0,2447.339133833311,2.108184429621695,20106,20460,428,0,20032,20350,840758,79,5,0,74,110
2020-09-01,US,Texas,Ellis,3801,56,0,32.34894117,-96.79371841,48139.0,2056.528843344551,1.4732965009208103,3745,3758,56,0,3702,3758,179436,43,0,0,43,0
2020-09-01,US,Texas,Erath,693,9,0,32.23602653,-98.21773417,48143.0,1623.0268396646213,1.2987012987012987,684,667,9,0,658,667,42446,26,0,0,26,0
2020-09-01,US,Texas,Falls,168,3,0,31.25350609,-96.93630086,48145.0,971.2666936462973,1.7857142857142858,165,166,3,0,163,166,17335,2,0,0,2,0
2020-09-01,US,Texas,Fannin,593,12,0,33.59564294,-96.10751083,48147.0,1669.7640367179142,2.023608768971332,581,585,12,0,573,585,35286,8,0,0,8,0
2020-09-01,US,Texas,Fayette,467,16,0,29.87788372,-96.92076062,48149.0,1842.4998027302136,3.426124197002141,451,462,16,0,446,457,25349,5,0,0,5,5
2020-09-01,US,Texas,Fisher,59,1,0,32.74281316,-100.40193020000001,48151.0,1540.4699738903394,1.6949152542372878,58,58,1,0,57,58,3839,1,0,0,1,0
2020-09-01,US,Texas,Floyd,99,7,0,34.07227468,-101.3031546,48153.0,1733.1932773109245,7.070707070707071,92,100,7,0,93,100,5837,-1,0,0,-1,0
2020-09-01,US,Texas,Foard,3,0,0,33.97308618,-99.7767797,48155.0,259.7402597402597,0.0,3,3,0,0,3,3,1200,0,0,0,0,0
2020-09-01,US,Texas,Fort Bend,14983,239,0,29.52704478,-95.77219463,48157.0,1845.9063088280227,1.595141159981312,14744,14957,237,0,14720,14933,787858,26,2,0,24,24
2020-09-01,US,Texas,Franklin,111,6,0,33.17653242,-95.21917243,48159.0,1034.9650349650349,5.405405405405406,105,111,4,0,107,111,10766,0,2,0,-2,0
2020-09-01,US,Texas,Freestone,385,1,0,31.70422788,-96.15072516,48161.0,1952.6297104021908,0.2597402597402597,384,384,1,0,383,384,19808,1,0,0,1,0
2020-09-01,US,Texas,Frio,638,7,0,28.86751206,-99.10804207,48163.0,3141.9284940411712,1.09717868338558,631,633,7,0,626,633,19816,5,0,0,5,0
2020-09-01,US,Texas,Gaines,251,7,0,32.74055318,-102.6353295,48165.0,1167.8764191327004,2.7888446215139444,244,247,7,0,240,247,20901,4,0,0,4,0
2020-09-01,US,Texas,Galveston,10613,140,0,29.40167322,-94.90469073,48167.0,3101.955637913246,1.3191369075661925,10473,10575,140,0,10435,10543,337890,38,0,0,38,32
2020-09-01,US,Texas,Garza,102,3,0,33.17969345,-101.2984114,48169.0,1637.5020067426553,2.9411764705882355,99,102,3,0,99,102,6578,0,0,0,0,0
2020-09-01,US,Texas,Gillespie,200,6,0,30.31824095,-98.94676915,48171.0,741.0701052319548,3.0,194,198,6,0,192,198,26804,2,0,0,2,0
2020-09-01,US,Texas,Glasscock,6,0,0,31.86942909,-101.5207776,48173.0,425.83392476934,0.0,6,6,0,0,6,6,1388,0,0,0,0,0
2020-09-01,US,Texas,Goliad,121,6,0,28.65696592,-97.42760647,48175.0,1580.0470096630975,4.958677685950414,115,121,6,0,115,121,7584,0,0,0,0,0
2020-09-01,US,Texas,Gonzales,817,13,0,29.45634206,-97.49424032,48177.0,3920.9099198541053,1.591187270501836,804,813,13,0,800,813,20826,4,0,0,4,0
2020-09-01,US,Texas,Gray,243,4,0,35.40081878,-100.8129222,48179.0,1110.2988211642146,1.6460905349794241,239,242,4,0,238,242,21895,1,0,0,1,0
2020-09-01,US,Texas,Grayson,1512,27,0,33.62744998,-96.67753461,48181.0,1110.0343582063254,1.7857142857142858,1485,1483,25,0,1458,1474,133991,29,2,0,27,9
2020-09-01,US,Texas,Gregg,1901,48,0,32.47940482,-94.81591935,48183.0,1533.7448061640243,2.524986849026828,1853,1880,48,0,1832,1880,123707,21,0,0,21,0
2020-09-01,US,Texas,Grimes,986,30,0,30.54579585,-95.98902499,48185.0,3414.1274238227147,3.042596348884381,956,983,30,0,953,970,28360,3,0,0,3,13
2020-09-01,US,Texas,Guadalupe,1901,72,0,29.58165339,-97.94786822,48187.0,1139.3672046845313,3.7874802735402415,1829,1899,72,0,1827,1899,163694,2,0,0,2,0
2020-09-01,US,Texas,Hale,1644,45,0,34.07044901,-101.82681140000001,48189.0,4921.271627851284,2.7372262773722627,1599,1618,44,0,1574,1606,33830,26,1,0,25,12
2020-09-01,US,Texas,Hall,16,1,0,34.5307555,-100.68138520000001,48191.0,539.8110661268556,6.25,15,16,1,0,15,16,3028,0,0,0,0,0
2020-09-01,US,Texas,Hamilton,102,3,0,31.70470573,-98.11083887,48193.0,1205.5312610802505,2.9411764705882355,99,101,3,0,98,101,8484,1,0,0,1,0
2020-09-01,US,Texas,Hansford,102,3,0,36.27743284,-101.3545796,48195.0,1889.2387479162808,2.9411764705882355,99,102,3,0,99,102,5463,0,0,0,0,0
2020-09-01,US,Texas,Hardeman,22,0,0,34.28944521,-99.74632408,48197.0,559.3694380879734,0.0,22,22,0,0,22,22,3922,0,0,0,0,0
2020-09-01,US,Texas,Hardin,1254,20,0,30.33364686,-94.38931817,48199.0,2177.0077427867086,1.5948963317384368,1234,1254,19,0,1235,1254,57207,0,1,0,-1,0
2020-09-01,US,Texas,Harris,107490,2208,0,29.85864939,-95.39339521,48201.0,2280.555658691052,2.054144571588054,105282,106595,2192,0,104403,105757,4698619,895,16,0,879,838
2020-09-01,US,Texas,Harrison,805,28,0,32.54935988,-94.36934071,48203.0,1209.562303727856,3.4782608695652173,777,796,28,0,768,796,66726,9,0,0,9,0
2020-09-01,US,Texas,Hartley,102,0,0,35.84008013,-102.6029022,48205.0,1829.2682926829266,0.0,102,101,0,0,101,101,5619,1,0,0,1,0
2020-09-01,US,Texas,Haskell,54,2,0,33.17823584,-99.73037358,48207.0,954.4008483563097,3.703703703703704,52,54,2,0,52,54,5813,0,0,0,0,0
2020-09-01,US,Texas,Hays,5410,56,0,30.05669873,-98.02944344,48209.0,2350.222206776112,1.0351201478743068,5354,5396,56,0,5340,5361,222631,14,0,0,14,35
2020-09-01,US,Texas,Hemphill,58,0,0,35.83764858,-100.2703577,48211.0,1518.7221785807806,0.0,58,55,0,0,55,55,3825,3,0,0,3,0
2020-09-01,US,Texas,Henderson,825,16,0,32.21128872,-95.85846587,48213.0,997.1355016498061,1.9393939393939397,809,815,16,0,799,815,82299,10,0,0,10,0
2020-09-01,US,Texas,Hidalgo,27669,1185,0,26.39418217,-98.18299696,48215.0,3185.078513238641,4.28277133253822,26484,27538,1171,0,26367,27408,865939,131,14,0,117,130
2020-09-01,US,Texas,Hill,369,9,0,31.99045053,-97.13423143,48217.0,1006.8487543998473,2.4390243902439024,360,369,8,0,361,369,36354,0,1,0,-1,0
2020-09-01,US,Texas,Hockley,269,5,0,33.60771256,-102.3431676,48219.0,1168.4983276139176,1.858736059479554,264,262,5,0,257,262,22980,7,0,0,7,0
2020-09-01,US,Texas,Hood,779,22,0,32.42990927,-97.83242024,48221.0,1263.728241649498,2.82413350449294,757,767,22,0,745,767,60537,12,0,0,12,0
2020-09-01,US,Texas,Hopkins,246,7,0,33.14875072,-95.56351139,48223.0,663.3588609642973,2.845528455284553,239,244,7,0,237,244,36810,2,0,0,2,0
2020-09-01,US,Texas,Houston,341,9,0,31.31925973,-95.42226208,48225.0,1484.6743295019155,2.6392961876832843,332,341,9,0,332,538,23169,0,0,0,0,-197
2020-09-01,US,Texas,Howard,281,8,0,32.30621324,-101.4356444,48227.0,766.4193759546149,2.846975088967972,273,280,8,0,272,280,36459,1,0,0,1,0
2020-09-01,US,Texas,Hudspeth,39,2,0,31.45628381,-105.388178,48229.0,798.1989357347524,5.128205128205129,37,38,2,0,36,38,4795,1,0,0,1,0
2020-09-01,US,Texas,Hunt,1429,29,0,33.12351514,-96.08551032,48231.0,1449.3782583118646,2.0293911826452065,1400,1415,29,0,1386,1415,96493,14,0,0,14,0
2020-09-01,US,Texas,Hutchinson,148,3,0,35.84006574,-101.3546643,48233.0,706.8487916706466,2.0270270270270268,145,147,3,0,144,147,21198,1,0,0,1,0
2020-09-01,US,Texas,Irion,10,0,0,31.30375559,-100.982439,48235.0,651.0416666666666,0.0,10,10,0,0,10,10,1522,0,0,0,0,0
2020-09-01,US,Texas,Jack,126,1,0,33.23377248,-98.17283469,48237.0,1410.1846670397315,0.7936507936507936,125,121,0,0,121,121,8843,5,1,0,4,0
2020-09-01,US,Texas,Jackson,502,14,0,28.95472367,-96.57749563,48239.0,3401.0840108401085,2.7888446215139444,488,501,14,0,487,501,14874,1,0,0,1,0
2020-09-01,US,Texas,Jasper,406,18,0,30.74685667,-94.02667579,48241.0,1142.728475330012,4.433497536945813,388,393,18,0,375,393,35872,13,0,0,13,0
2020-09-01,US,Texas,Jeff Davis,8,0,0,30.71490589,-104.1399973,48243.0,351.8029903254178,0.0,8,8,0,0,8,8,2252,0,0,0,0,0
2020-09-01,US,Texas,Jefferson,6642,107,0,29.8832777,-94.16434171,48245.0,2640.271897919027,1.6109605540499852,6535,6615,107,0,6508,6615,255001,27,0,0,27,0
2020-09-01,US,Texas,Jim Hogg,79,2,0,27.04453923,-98.69681870000001,48247.0,1519.2307692307693,2.5316455696202533,77,79,2,0,77,77,5248,0,0,0,0,2
2020-09-01,US,Texas,Jim Wells,1044,24,0,27.73103938,-98.0904705,48249.0,2578.923966207203,2.2988505747126435,1020,1044,24,0,1020,1034,40822,0,0,0,0,10
2020-09-01,US,Texas,Johnson,2533,45,0,32.37877812,-97.36615819,48251.0,1440.7025486727675,1.7765495459928935,2488,2500,44,0,2456,2500,171361,33,1,0,32,0
2020-09-01,US,Texas,Jones,598,0,0,32.73997145,-99.87861576,48253.0,2977.642782452821,0.0,598,598,0,0,598,598,19817,0,0,0,0,0
2020-09-01,US,Texas,Karnes,746,12,0,28.90705334,-97.85960149,48255.0,4781.744759951285,1.6085790884718498,734,740,12,0,728,740,15650,6,0,0,6,0
2020-09-01,US,Texas,Kaufman,2817,38,0,32.599141700000004,-96.28734728,48257.0,2068.9807130161435,1.3489527866524669,2779,2757,37,0,2720,2757,128622,60,1,0,59,0
2020-09-01,US,Texas,Kendall,197,5,0,29.94414155,-98.7113588,48259.0,415.3401783643608,2.538071065989848,192,197,5,0,192,197,45641,0,0,0,0,0
2020-09-01,US,Texas,Kenedy,7,1,0,26.92601662,-97.66413984,48261.0,1732.6732673267327,14.285714285714285,6,7,1,0,6,7,442,0,0,0,0,0
2020-09-01,US,Texas,Kent,7,0,0,33.18104136,-100.7780939,48263.0,918.6351706036743,0.0,7,7,0,0,7,7,726,0,0,0,0,0
2020-09-01,US,Texas,Kerr,438,9,0,30.06040006,-99.34930144,48265.0,832.6996197718631,2.054794520547945,429,435,9,0,426,435,52405,3,0,0,3,0
2020-09-01,US,Texas,Kimble,16,1,0,30.48678918,-99.74856473,48267.0,368.9186073322573,6.25,15,16,1,0,15,16,4362,0,0,0,0,0
2020-09-01,US,Texas,Kinney,22,1,0,29.34967888,-100.41866379999999,48271.0,599.9454595036815,4.545454545454546,21,22,1,0,21,22,3767,0,0,0,0,0
2020-09-01,US,Texas,Kleberg,642,26,0,27.42435506,-97.69894948,48273.0,2092.568448500652,4.0498442367601255,616,642,26,0,616,632,31129,0,0,0,0,10
2020-09-01,US,Texas,Knox,67,8,0,33.60519951,-99.74229059999999,48275.0,1828.6026200873362,11.940298507462687,59,67,8,0,59,67,3653,0,0,0,0,0
2020-09-01,US,Texas,La Salle,365,4,0,28.34453111,-99.09908775,48283.0,4853.723404255319,1.095890410958904,361,365,4,0,361,365,7531,0,0,0,0,0
2020-09-01,US,Texas,Lamar,791,26,0,33.66981763,-95.57404777,48277.0,1586.4738562746945,3.2869785082174463,765,791,26,0,765,791,49728,0,0,0,0,0
2020-09-01,US,Texas,Lamb,287,19,0,34.06859623,-102.35162890000001,48279.0,2226.0141161870783,6.620209059233449,268,278,19,0,259,278,13158,9,0,0,9,0
2020-09-01,US,Texas,Lampasas,154,6,0,31.19531316,-98.24206613,48281.0,718.6858316221768,3.8961038961038965,148,154,6,0,148,154,21229,0,0,0,0,0
2020-09-01,US,Texas,Lavaca,687,31,0,29.38508402,-96.93186692,48285.0,3408.752604941947,4.512372634643377,656,682,30,0,652,682,20110,5,1,0,4,0
2020-09-01,US,Texas,Lee,196,14,0,30.31120597,-96.97045773,48287.0,1136.9569000522072,7.142857142857142,182,196,14,0,182,197,17144,0,0,0,0,-1
2020-09-01,US,Texas,Leon,192,5,0,31.29872538,-95.9936328,48289.0,1103.1946678924382,2.6041666666666665,187,188,4,0,184,188,17270,4,1,0,3,0
2020-09-01,US,Texas,Liberty,1829,43,0,30.15152688,-94.81205615,48291.0,2073.249526745939,2.3510114816839804,1786,1826,43,0,1783,1826,86323,3,0,0,3,0
2020-09-01,US,Texas,Limestone,459,8,0,31.5454767,-96.58095444,48293.0,1958.4417800913088,1.7429193899782136,451,455,7,0,448,457,23519,4,1,0,3,-2
2020-09-01,US,Texas,Lipscomb,25,0,0,36.27783108,-100.27331509999999,48295.0,773.2755954222084,0.0,25,25,0,0,25,25,3355,0,0,0,0,0
2020-09-01,US,Texas,Live Oak,330,6,0,28.35101362,-98.1246786,48297.0,2703.366920619317,1.818181818181818,324,330,6,0,324,330,12166,0,0,0,0,0
2020-09-01,US,Texas,Llano,101,1,0,30.70645047,-98.68475262,48299.0,463.4090387703602,0.99009900990099,100,101,1,0,100,101,21646,0,0,0,0,0
2020-09-01,US,Texas,Lubbock,7485,96,0,33.61008596,-101.82047890000001,48303.0,2410.092443225177,1.282565130260521,7389,7397,93,0,7304,7344,307412,88,3,0,85,53
2020-09-01,US,Texas,Lynn,81,4,0,33.17657705,-101.8162849,48305.0,1361.1157788606954,4.938271604938271,77,79,4,0,75,79,5877,2,0,0,2,0
2020-09-01,US,Texas,Madison,690,5,0,30.96694679,-95.93003775,48313.0,4830.579669560348,0.7246376811594203,685,692,5,0,687,830,14422,-2,0,0,-2,-138
2020-09-01,US,Texas,Marion,140,10,0,32.79868409,-94.35661230000001,48315.0,1420.7428455449563,7.142857142857142,130,140,10,0,130,140,9928,0,0,0,0,0
2020-09-01,US,Texas,Martin,73,5,0,32.30600051,-101.9513518,48317.0,1264.9454167388667,6.849315068493151,68,71,5,0,66,71,5753,2,0,0,2,0
2020-09-01,US,Texas,Mason,73,1,0,30.71780434,-99.22629416,48319.0,1708.0018717828732,1.3698630136986298,72,73,1,0,72,73,4280,0,0,0,0,0
2020-09-01,US,Texas,Matagorda,913,38,0,28.81955746,-96.01230294,48321.0,2491.608219850995,4.162102957283681,875,913,38,0,875,913,36552,0,0,0,0,0
2020-09-01,US,Texas,Maverick,3293,82,0,28.7429195,-100.3157686,48323.0,5607.779026599911,2.4901305800182203,3211,3258,82,0,3176,3258,58485,35,0,0,35,0
2020-09-01,US,Texas,McCulloch,109,1,0,31.1925468,-99.34682807,48307.0,1365.2304609218436,0.9174311926605504,108,109,1,0,108,109,7987,0,0,0,0,0
2020-09-01,US,Texas,McLennan,6355,81,0,31.55255453,-97.20217694,48309.0,2476.395334790724,1.2745869394177811,6274,6264,81,0,6183,6228,254607,91,0,0,91,36
2020-09-01,US,Texas,McMullen,15,0,0,28.35251708,-98.56769164,48311.0,2018.8425302826377,0.0,15,15,0,0,15,15,749,0,0,0,0,0
2020-09-01,US,Texas,Medina,1121,36,0,29.355730100000002,-99.11030298,48325.0,2173.1544665012407,3.2114183764495987,1085,1111,36,0,1075,1111,50921,10,0,0,10,0
2020-09-01,US,Texas,Menard,20,0,0,30.88990665,-99.82047940000001,48327.0,935.4536950420952,0.0,20,20,0,0,20,20,2139,0,0,0,0,0
2020-09-01,US,Texas,Midland,3272,69,0,31.86904128,-102.03156820000001,48329.0,1850.3438291711907,2.10880195599022,3203,3272,69,0,3203,3239,172578,0,0,0,0,33
2020-09-01,US,Texas,Milam,430,5,0,30.78581830000001,-96.97718698,48331.0,1732.2644321798334,1.162790697674419,425,430,5,0,425,425,25131,0,0,0,0,5
2020-09-01,US,Texas,Mills,35,0,0,31.49557106,-98.59272068,48333.0,718.2433819002667,0.0,35,35,0,0,35,34,4921,0,0,0,0,1
2020-09-01,US,Texas,Mitchell,73,1,0,32.30623474,-100.9212058,48335.0,854.3007606787595,1.3698630136986298,72,73,1,0,72,73,8145,0,0,0,0,0
2020-09-01,US,Texas,Montague,129,3,0,33.67521893,-97.72500958,48337.0,650.9234029669998,2.3255813953488373,126,122,3,0,119,122,19596,7,0,0,7,0
2020-09-01,US,Texas,Montgomery,8800,125,0,30.30079133,-95.50572772,48339.0,1448.8196236032475,1.4204545454545454,8675,8736,122,0,8614,8580,590925,64,3,0,61,156
2020-09-01,US,Texas,Moore,1122,18,0,35.83769242,-101.8930281,48341.0,5358.166189111748,1.60427807486631,1104,1118,18,0,1100,1118,21485,4,0,0,4,0
2020-09-01,US,Texas,Morris,158,3,0,33.11304005,-94.73255695,48343.0,1275.4278333871491,1.8987341772151896,155,156,3,0,153,156,12339,2,0,0,2,0
2020-09-01,US,Texas,Motley,6,0,0,34.07408766,-100.77972199999999,48345.0,500.0,0.0,6,6,0,0,6,6,1234,0,0,0,0,0
2020-09-01,US,Texas,Nacogdoches,1354,49,0,31.62017125,-94.61803994,48347.0,2076.5597202625604,3.6189069423929103,1305,1338,48,0,1290,1338,65711,16,1,0,15,0
2020-09-01,US,Texas,Navarro,1095,17,0,32.04620681,-96.47428766,48349.0,2185.061760421448,1.5525114155251138,1078,1074,17,0,1057,1074,49565,21,0,0,21,0
2020-09-01,US,Texas,Newton,163,6,0,30.78548982,-93.74408813,48351.0,1198.9702096358956,3.6809815950920246,157,162,6,0,156,162,13746,1,0,0,1,0
2020-09-01,US,Texas,Nolan,153,4,0,32.30365282,-100.4060208,48353.0,1039.8260160391465,2.6143790849673203,149,150,4,0,146,150,14751,3,0,0,3,0
2020-09-01,US,Texas,Nueces,18992,363,0,27.736286,-97.5433285,48355.0,5242.151401900114,1.9113310867733784,18629,18886,353,0,18533,18830,362265,106,10,0,96,56
2020-09-01,US,Texas,Ochiltree,110,3,0,36.27829105,-100.8158184,48357.0,1118.3407889385926,2.727272727272727,107,109,3,0,106,109,9947,1,0,0,1,0
2020-09-01,US,Texas,Oldham,15,1,0,35.40425596,-102.6027606,48359.0,710.2272727272727,6.666666666666668,14,15,1,0,14,15,2131,0,0,0,0,0
2020-09-01,US,Texas,Orange,1782,35,0,30.11879481,-93.89412775,48361.0,2136.793131565063,1.9640852974186307,1747,1782,35,0,1747,1782,83572,0,0,0,0,0
2020-09-01,US,Texas,Palo Pinto,430,11,0,32.75310985,-98.31319001,48363.0,1473.1576963924765,2.5581395348837206,419,423,11,0,412,423,28875,7,0,0,7,0
2020-09-01,US,Texas,Panola,318,21,0,32.163959600000005,-94.30552481,48365.0,1371.0442355781668,6.60377358490566,297,315,21,0,294,313,23148,3,0,0,3,2
2020-09-01,US,Texas,Parker,1666,25,0,32.77757172,-97.80500621,48367.0,1166.0297596550904,1.5006002400960383,1641,1645,25,0,1620,1645,138371,21,0,0,21,0
2020-09-01,US,Texas,Parmer,386,7,0,34.52993409,-102.78446679999999,48369.0,4018.740239458615,1.8134715025906736,379,385,7,0,378,385,9864,1,0,0,1,0
2020-09-01,US,Texas,Pecos,299,4,0,30.78097267,-102.72412609999999,48371.0,1889.6543007015107,1.3377926421404682,295,296,3,0,293,296,15673,3,1,0,2,0
2020-09-01,US,Texas,Polk,778,18,0,30.79472531,-94.82766240000001,48373.0,1515.0039919770995,2.3136246786632397,760,778,18,0,760,778,50031,0,0,0,0,0
2020-09-01,US,Texas,Potter,4098,52,0,35.40133773,-101.893964,48375.0,3490.1843887067243,1.2689116642264522,4046,4055,51,0,4004,4034,119648,43,1,0,42,21
2020-09-01,US,Texas,Presidio,52,5,0,29.99954402,-104.24080790000001,48377.0,775.6563245823387,9.615384615384617,47,50,5,0,45,50,6948,2,0,0,2,0
2020-09-01,US,Texas,Rains,60,3,0,32.87109387,-95.79232691,48379.0,479.4630014383889,5.0,57,59,3,0,56,59,12159,1,0,0,1,0
2020-09-01,US,Texas,Randall,2187,30,0,34.96585996,-101.8971322,48381.0,1588.0853659422132,1.3717421124828533,2157,2168,29,0,2139,2168,136271,19,1,0,18,0
2020-09-01,US,Texas,Reagan,84,6,0,31.36607041,-101.52326590000001,48383.0,2182.385035074045,7.142857142857142,78,83,6,0,77,83,3741,1,0,0,1,0
2020-09-01,US,Texas,Real,105,5,0,29.83321503,-99.82018052,48385.0,3041.7149478563147,4.761904761904762,100,104,5,0,99,104,3478,1,0,0,1,0
2020-09-01,US,Texas,Red River,145,14,0,33.61886692,-95.04841765,48387.0,1206.0217915661653,9.655172413793103,131,145,14,0,131,145,12175,0,0,0,0,0
2020-09-01,US,Texas,Reeves,173,5,0,31.32323325,-103.69038959999999,48389.0,1082.8743114672009,2.8901734104046244,168,169,5,0,164,169,15695,4,0,0,4,0
2020-09-01,US,Texas,Refugio,268,10,0,28.323897600000002,-97.15766311,48391.0,3857.225100748417,3.7313432835820897,258,266,10,0,256,266,7032,2,0,0,2,0
2020-09-01,US,Texas,Roberts,8,0,0,35.83809685,-100.813175,48393.0,936.768149882904,0.0,8,8,0,0,8,8,903,0,0,0,0,0
2020-09-01,US,Texas,Robertson,251,5,0,31.02539637,-96.51272246,48395.0,1470.0714536722503,1.99203187250996,246,248,4,0,244,248,17284,3,1,0,2,0
2020-09-01,US,Texas,Rockwall,1360,21,0,32.89779518,-96.40771592,48397.0,1296.287470809703,1.5441176470588236,1339,1316,21,0,1295,1316,100657,44,0,0,44,0
2020-09-01,US,Texas,Runnels,200,3,0,31.8314342,-99.97616148,48399.0,1948.5580670303973,1.5,197,191,3,0,188,191,10234,9,0,0,9,0
2020-09-01,US,Texas,Rusk,713,5,0,32.10773545,-94.76176432,48401.0,1310.5172223651805,0.7012622720897616,708,705,4,0,701,720,54450,8,1,0,7,-15
2020-09-01,US,Texas,Sabine,73,8,0,31.34318809,-93.85440451,48403.0,692.4682223487006,10.958904109589039,65,72,6,0,66,72,10589,1,2,0,-1,0
2020-09-01,US,Texas,San Augustine,192,12,0,31.39457611,-94.17000399,48405.0,2330.945732669661,6.25,180,190,12,0,178,188,8232,2,0,0,2,2
2020-09-01,US,Texas,San Jacinto,202,8,0,30.57933681,-95.16260304,48407.0,699.9549533940884,3.96039603960396,194,202,8,0,194,202,28719,0,0,0,0,0
2020-09-01,US,Texas,San Patricio,1286,60,0,28.00880118,-97.51763891,48409.0,1927.1691892701929,4.665629860031103,1226,1257,59,0,1198,1257,66893,29,1,0,28,0
2020-09-01,US,Texas,San Saba,38,0,0,31.1577796,-98.81758731,48411.0,627.5805119735755,0.0,38,38,0,0,38,38,6054,0,0,0,0,0
2020-09-01,US,Texas,Schleicher,38,2,0,30.89740592,-100.5384842,48413.0,1360.544217687075,5.2631578947368425,36,38,2,0,36,38,2895,0,0,0,0,0
2020-09-01,US,Texas,Scurry,546,2,0,32.74613808,-100.91626640000001,48415.0,3268.8738549961085,0.3663003663003663,544,546,2,0,544,546,16866,0,0,0,0,0
2020-09-01,US,Texas,Shackelford,24,0,0,32.73587756,-99.35401337,48417.0,735.0689127105666,0.0,24,23,0,0,23,23,3253,1,0,0,1,0
2020-09-01,US,Texas,Shelby,438,19,0,31.79211404,-94.14550696,48419.0,1733.0062514837382,4.337899543378995,419,436,19,0,417,436,25418,2,0,0,2,0
2020-09-01,US,Texas,Sherman,53,0,0,36.27751473,-101.8933156,48421.0,1753.8054268696228,0.0,53,53,0,0,53,53,3079,0,0,0,0,0
2020-09-01,US,Texas,Smith,3315,63,0,32.37474036,-95.27175679999999,48423.0,1424.2688538395112,1.9004524886877827,3252,3207,58,0,3149,3207,230221,108,5,0,103,0
2020-09-01,US,Texas,Somervell,119,4,0,32.22236802,-97.77403489,48425.0,1303.680981595092,3.361344537815126,115,118,4,0,114,118,9016,1,0,0,1,0
2020-09-01,US,Texas,Starr,2782,135,0,26.56150059,-98.73892358,48427.0,4304.302755558307,4.852624011502517,2647,2782,134,0,2648,2782,64525,0,1,0,-1,0
2020-09-01,US,Texas,Stephens,113,3,0,32.73553157,-98.83631615,48429.0,1206.4915652359598,2.6548672566371683,110,110,3,0,107,110,9433,3,0,0,3,0
2020-09-01,US,Texas,Sterling,3,0,0,31.82781912,-101.05007459999999,48431.0,232.3780015491867,0.0,3,3,0,0,3,2,1311,0,0,0,0,1
2020-09-01,US,Texas,Stonewall,10,1,0,33.17906744,-100.25384009999999,48433.0,740.7407407407408,10.0,9,10,1,0,9,10,1362,0,0,0,0,0
2020-09-01,US,Texas,Sutton,76,2,0,30.49856623,-100.5382014,48435.0,2012.71186440678,2.631578947368421,74,76,2,0,74,76,3758,0,0,0,0,0
2020-09-01,US,Texas,Swisher,94,3,0,34.53028891,-101.73491740000001,48437.0,1270.785453562255,3.191489361702128,91,93,3,0,90,93,7462,1,0,0,1,0
2020-09-01,US,Texas,Tarrant,41860,614,0,32.77143818,-97.29101614,48439.0,1990.9489349659812,1.4667940754897275,41246,41617,610,0,41007,41486,2084931,243,4,0,239,131
2020-09-01,US,Texas,Taylor,1317,34,0,32.30163422,-99.89007449,48441.0,954.1127548285208,2.5816249050873195,1283,1317,34,0,1283,1317,137640,0,0,0,0,0
2020-09-01,US,Texas,Terrell,3,0,0,30.22429013,-102.0766732,48443.0,386.59793814432993,0.0,3,3,0,0,3,3,823,0,0,0,0,0
2020-09-01,US,Texas,Terry,203,3,0,33.17402785,-102.3354521,48445.0,1645.4567560995379,1.477832512315271,200,199,3,0,196,199,12287,4,0,0,4,0
2020-09-01,US,Texas,Throckmorton,5,2,0,33.17751417,-99.21226795,48447.0,333.1112591605596,40.0,3,4,2,0,2,4,1515,1,0,0,1,0
2020-09-01,US,Texas,Titus,1502,25,0,33.21339719,-94.96797273,48449.0,4586.259541984733,1.664447403462051,1477,1502,24,0,1478,1487,33033,0,1,0,-1,15
2020-09-01,US,Texas,Tom Green,3250,53,0,31.40464436,-100.46244300000001,48451.0,2726.510067114094,1.6307692307692307,3197,3233,52,0,3181,3217,118189,17,1,0,16,16
2020-09-01,US,Texas,Travis,26563,385,0,30.33432034,-97.78535620000001,48453.0,2085.083134869862,1.4493844821744533,26178,26516,385,0,26131,26434,1248743,47,0,0,47,82
2020-09-01,US,Texas,Trinity,178,6,0,31.0879489,-95.1367187,48455.0,1214.9341341887925,3.3707865168539324,172,178,6,0,172,178,14740,0,0,0,0,0
2020-09-01,US,Texas,Tyler,185,3,0,30.77031716,-94.37690895,48457.0,853.6360280546327,1.6216216216216215,182,175,3,0,172,175,21696,10,0,0,10,0
2020-09-01,US,Texas,Upshur,328,6,0,32.73706798,-94.93999853,48459.0,785.5722942064043,1.8292682926829267,322,327,6,0,321,327,41260,1,0,0,1,0
2020-09-01,US,Texas,Upton,19,2,0,31.36868194,-102.0423217,48461.0,519.5515449822259,10.526315789473683,17,19,1,0,18,19,3671,0,1,0,-1,0
2020-09-01,US,Texas,Uvalde,704,18,0,29.35739637,-99.76229172,48463.0,2632.6614561908677,2.5568181818181817,686,700,18,0,682,689,26846,4,0,0,4,11
2020-09-01,US,Texas,Val Verde,1957,86,0,29.89149232,-101.1525205,48465.0,3991.840897501275,4.394481349003577,1871,1912,86,0,1826,1912,49208,45,0,0,45,0
2020-09-01,US,Texas,Van Zandt,520,18,0,32.56483801,-95.83766469,48467.0,918.8902632974024,3.4615384615384617,502,516,18,0,498,516,56019,4,0,0,4,0
2020-09-01,US,Texas,Victoria,3796,77,0,28.79780988,-96.96813006,48469.0,4122.323096303376,2.0284510010537407,3719,3768,75,0,3693,3768,92035,28,2,0,26,0
2020-09-01,US,Texas,Walker,3651,48,0,30.73872995,-95.57440968,48471.0,5003.35749818421,1.3147082990961378,3603,3647,48,0,3599,3647,72480,4,0,0,4,0
2020-09-01,US,Texas,Waller,674,8,0,30.01058447,-95.99011759,48473.0,1219.9978278970425,1.1869436201780414,666,668,8,0,660,668,53126,6,0,0,6,0
2020-09-01,US,Texas,Ward,109,1,0,31.50999644,-103.09279090000001,48475.0,908.4847474579097,0.9174311926605504,108,106,1,0,105,106,11720,3,0,0,3,0
2020-09-01,US,Texas,Washington,565,45,0,30.21498498,-96.40946246,48477.0,1574.605651858871,7.9646017699115035,520,565,45,0,520,564,35108,0,0,0,0,1
2020-09-01,US,Texas,Webb,11094,244,0,27.7610369,-99.33237355,48479.0,4010.0921012680187,2.1993870560663416,10850,10845,244,0,10601,10814,275910,249,0,0,249,31
2020-09-01,US,Texas,Wharton,1198,43,0,29.27765923,-96.22319248,48481.0,2882.8568678409856,3.5893155258764606,1155,1198,43,0,1155,1198,41619,0,0,0,0,0
2020-09-01,US,Texas,Wheeler,42,0,0,35.40114335,-100.26995140000001,48483.0,830.6962025316458,0.0,42,42,0,0,42,42,5191,0,0,0,0,0
2020-09-01,US,Texas,Wichita,1324,14,0,33.98842886,-98.70410340000001,48485.0,1001.2856386599108,1.0574018126888218,1310,1295,14,0,1281,1295,132064,29,0,0,29,0
2020-09-01,US,Texas,Wilbarger,103,2,0,34.07945812,-99.24178437,48487.0,806.6410838750097,1.9417475728155342,101,103,2,0,101,103,12820,0,0,0,0,0
2020-09-01,US,Texas,Willacy,866,42,0,26.47411727,-97.61535848,48489.0,4054.6867684240087,4.849884526558892,824,864,42,0,822,864,21515,2,0,0,2,0
2020-09-01,US,Texas,Williamson,7969,123,0,30.64655664,-97.60048540000001,48491.0,1349.4177471547755,1.5434809888317231,7846,7949,123,0,7826,7893,566719,20,0,0,20,56
2020-09-01,US,Texas,Wilson,540,25,0,29.1732598,-98.08693082,48493.0,1057.3722341883688,4.62962962962963,515,539,25,0,514,539,50224,1,0,0,1,0
2020-09-01,US,Texas,Winkler,95,1,0,31.85008651,-103.04851629999999,48495.0,1186.0174781523096,1.0526315789473684,94,93,1,0,92,93,7720,2,0,0,2,0
2020-09-01,US,Texas,Wise,661,12,0,33.21570665,-97.65460265,48497.0,944.501600365798,1.815431164901664,649,646,12,0,634,646,68305,15,0,0,15,0
2020-09-01,US,Texas,Wood,407,15,0,32.78722382,-95.38236368,48499.0,893.7394321350929,3.6855036855036856,392,398,15,0,383,398,45129,9,0,0,9,0
2020-09-01,US,Texas,Yoakum,149,4,0,33.17320212,-102.82764329999999,48501.0,1710.0883736944793,2.684563758389262,145,145,4,0,141,145,8591,4,0,0,4,0
2020-09-01,US,Texas,Young,227,6,0,33.17659707,-98.68790885,48503.0,1260.410882842865,2.643171806167401,221,244,6,0,238,244,18045,-17,0,0,-17,0
2020-09-01,US,Texas,Zapata,281,4,0,27.00156391,-99.16987152,48505.0,1981.8040764510893,1.4234875444839858,277,276,4,0,272,272,14190,5,0,0,5,4
2020-09-01,US,Texas,Zavala,261,10,0,28.86617238,-99.76050829,48507.0,2204.391891891892,3.8314176245210727,251,261,10,0,251,261,11983,0,0,0,0,0
2020-09-01,US,Utah,Bear River,2585,11,0,41.52106798,-113.08328159999999,0.0,1383.6996435033027,0.425531914893617,2574,2577,11,0,2566,2568,,8,0,0,8,9
2020-09-01,US,Utah,Central Utah,511,3,0,39.37231946,-111.5758676,0.0,623.5205115064548,0.5870841487279843,508,511,3,0,508,510,,0,0,0,0,1
2020-09-01,US,Utah,Davis,3934,23,0,40.99001837,-112.1139997,49011.0,1106.6695547722663,0.5846466700559227,3911,3892,23,0,3869,3870,351713,42,0,0,42,22
2020-09-01,US,Utah,Salt Lake,24105,231,0,40.66616532,-111.92160109999999,49035.0,2077.234696928829,0.9583074051026758,23874,23987,230,0,23757,23862,1152633,118,1,0,117,125
2020-09-01,US,Utah,San Juan,667,28,0,37.62762978,-109.80337140000002,49037.0,4357.198850274366,4.197901049475262,639,667,28,0,639,666,15449,0,0,0,0,1
2020-09-01,US,Utah,Southeast Utah,145,1,0,38.99617072,-110.70139579999999,0.0,360.43650103159416,0.6896551724137931,144,143,1,0,142,142,,2,0,0,2,1
2020-09-01,US,Utah,Southwest Utah,3610,27,0,37.85447192,-111.4418764,0.0,1432.3009657120635,0.7479224376731302,3583,3598,27,0,3571,3583,,12,0,0,12,15
2020-09-01,US,Utah,Summit,852,1,0,40.86688146,-110.9535882,49043.0,2021.5921224344524,0.11737089201877934,851,847,1,0,846,841,41933,5,0,0,5,6
2020-09-01,US,Utah,Tooele,697,0,0,40.44862644,-113.12957150000001,49045.0,964.5857263455072,0.0,697,692,0,0,692,689,69907,5,0,0,5,3
2020-09-01,US,Utah,TriCounty,211,1,0,40.12491499,-109.5174415,0.0,372.6466744374978,0.4739336492890995,210,207,1,0,206,207,,4,0,0,4,0
2020-09-01,US,Utah,Utah,11064,47,0,40.116672200000004,-111.66576620000001,49049.0,1738.9800938332535,0.4248011569052784,11017,11001,46,0,10955,10947,622213,63,1,0,62,54
2020-09-01,US,Utah,Wasatch,640,7,0,40.33110236,-111.1691419,49051.0,1877.328327124461,1.09375,633,639,7,0,632,633,33240,1,0,0,1,6
2020-09-01,US,Utah,Weber-Morgan,3382,29,0,41.27116049,-111.9145117,0.0,1241.843745065856,0.8574807806031933,3353,3346,29,0,3317,3336,,36,0,0,36,10
2020-09-01,US,Vermont,Addison,81,2,0,44.03217337,-73.14130877,50001.0,220.24634962068683,2.469135802469136,79,81,2,0,79,81,36973,0,0,0,0,0
2020-09-01,US,Vermont,Bennington,102,1,0,43.03519828,-73.09048868,50003.0,287.56695799266987,0.9803921568627452,101,102,1,0,101,102,35631,0,0,0,0,0
2020-09-01,US,Vermont,Caledonia,33,0,0,44.46548598,-72.10314651,50005.0,110.02567265695328,0.0,33,33,0,0,33,34,30302,0,0,0,0,-1
2020-09-01,US,Vermont,Chittenden,803,39,0,44.46322849,-73.08359212,50007.0,490.30981718709916,4.85678704856787,764,797,39,0,758,789,164572,6,0,0,6,8
2020-09-01,US,Vermont,Essex,6,0,0,44.72736416,-71.73579864,50009.0,97.35518416355671,0.0,6,6,0,0,6,6,6250,0,0,0,0,0
2020-09-01,US,Vermont,Franklin,122,7,0,44.85627605,-72.91249563,50011.0,246.9535646330108,5.737704918032787,115,122,7,0,115,122,49421,0,0,0,0,0
2020-09-01,US,Vermont,Grand Isle,13,0,0,44.797582399999996,-73.29679772,50013.0,179.68210089841045,0.0,13,13,0,0,13,13,7090,0,0,0,0,0
2020-09-01,US,Vermont,Lamoille,45,1,0,44.60353043,-72.64356694,50015.0,177.43080198722495,2.2222222222222223,44,45,1,0,44,45,25300,0,0,0,0,0
2020-09-01,US,Vermont,Orange,20,0,0,44.00470222,-72.37640104,50017.0,69.22331441229406,0.0,20,20,0,0,20,20,28999,0,0,0,0,0
2020-09-01,US,Vermont,Orleans,15,0,0,44.82964024,-72.24562697,50019.0,55.479528054148034,0.0,15,15,0,0,15,15,26907,0,0,0,0,0
2020-09-01,US,Vermont,Rutland,122,1,0,43.57723578,-73.03741676,50021.0,209.65441391280442,0.819672131147541,121,118,1,0,117,117,58672,4,0,0,4,1
2020-09-01,US,Vermont,Unassigned,8,0,0,0.0,0.0,90050.0,0.0,0.0,8,8,0,0,8,8,,0,0,0,0,0
2020-09-01,US,Vermont,Washington,62,2,0,44.27343241,-72.61604978,50023.0,106.14802513311304,3.2258064516129035,60,62,2,0,60,62,58140,0,0,0,0,0
2020-09-01,US,Vermont,Windham,123,3,0,42.986982,-72.71268875,50025.0,291.3173227227512,2.4390243902439024,120,123,3,0,120,123,42756,0,0,0,0,0
2020-09-01,US,Vermont,Windsor,80,2,0,43.58010937,-72.58595157,50027.0,145.2907631397334,2.5,78,79,2,0,77,79,55286,1,0,0,1,0
2020-09-01,US,Virginia,Accomack,1148,19,0,37.76707161,-75.63234615,51001.0,3552.4198539423205,1.6550522648083623,1129,1145,19,0,1126,1143,32412,3,0,0,3,2
2020-09-01,US,Virginia,Albemarle,1042,18,0,38.02080697,-78.55481085,51003.0,953.0778377389557,1.727447216890595,1024,1034,18,0,1016,1027,108718,8,0,0,8,7
2020-09-01,US,Virginia,Alexandria,3395,62,0,38.814003,-77.08183073,51510.0,2129.487919311539,1.8262150220913107,3333,3378,62,0,3316,3369,160530,17,0,0,17,9
2020-09-01,US,Virginia,Alleghany,65,4,0,37.78636074,-80.00222498,51005.0,437.41588156123817,6.153846153846153,61,65,4,0,61,64,14910,0,0,0,0,1
2020-09-01,US,Virginia,Amelia,100,3,0,37.34081025,-77.98584649,51007.0,760.7455306200078,3.0,97,98,3,0,95,98,13013,2,0,0,2,0
2020-09-01,US,Virginia,Amherst,298,1,0,37.60308293,-79.14548696,51009.0,942.8887834203447,0.3355704697986577,297,290,1,0,289,286,31666,8,0,0,8,4
2020-09-01,US,Virginia,Appomattox,172,1,0,37.37569884,-78.81340003,51011.0,1081.0131355665892,0.5813953488372093,171,169,1,0,168,166,15841,3,0,0,3,3
2020-09-01,US,Virginia,Arlington,3560,140,0,38.8767675,-77.10139853,51013.0,1503.1117791607908,3.9325842696629216,3420,3555,138,0,3417,3540,237521,5,2,0,3,15
2020-09-01,US,Virginia,Augusta,369,4,0,38.16404586,-79.12461614,51015.0,488.3665528468197,1.084010840108401,365,364,4,0,360,363,75457,5,0,0,5,1
2020-09-01,US,Virginia,Bath,4,0,0,38.05852573,-79.73912095,51017.0,96.45526886906195,0.0,4,4,0,0,4,4,4292,0,0,0,0,0
2020-09-01,US,Virginia,Bedford,551,9,0,37.3080028,-79.5281964,51019.0,697.4948415762624,1.6333938294010892,542,546,8,0,538,537,78747,5,1,0,4,9
2020-09-01,US,Virginia,Bland,47,0,0,37.13128068,-81.13599391,51021.0,748.4076433121019,0.0,47,47,0,0,47,47,6293,0,0,0,0,0
2020-09-01,US,Virginia,Botetourt,250,10,0,37.55531756,-79.80982182,51023.0,748.0774409766899,4.0,240,249,8,0,241,248,33277,1,2,0,-1,1
2020-09-01,US,Virginia,Bristol,121,2,0,36.616302399999995,-82.16359122,51520.0,721.8708984608043,1.6528925619834711,119,121,2,0,119,121,16482,0,0,0,0,0
2020-09-01,US,Virginia,Brunswick,295,2,0,36.76366949,-77.8593436,51025.0,1817.5097036535026,0.6779661016949152,293,293,2,0,291,285,16384,2,0,0,2,8
2020-09-01,US,Virginia,Buchanan,99,1,0,37.26818323,-82.03749726,51027.0,471.33879261093125,1.0101010101010102,98,99,1,0,98,97,21221,0,0,0,0,2
2020-09-01,US,Virginia,Buckingham,648,8,0,37.57242268,-78.52518834,51029.0,3778.8663400979713,1.2345679012345678,640,644,8,0,636,644,16999,4,0,0,4,0
2020-09-01,US,Virginia,Buena Vista,75,1,0,37.73484642,-79.35296097,51530.0,1157.764742204384,1.3333333333333333,74,75,1,0,74,73,6237,0,0,0,0,2
2020-09-01,US,Virginia,Campbell,329,3,0,37.20553386,-79.09678609,51031.0,599.4351826546415,0.9118541033434652,326,324,3,0,321,317,54973,5,0,0,5,7
2020-09-01,US,Virginia,Caroline,264,5,0,38.02679129,-77.34901405,51033.0,859.2351505288852,1.893939393939394,259,263,5,0,258,261,30772,1,0,0,1,2
2020-09-01,US,Virginia,Carroll,410,19,0,36.73066666,-80.73455942,51035.0,1376.2545735289182,4.634146341463413,391,396,19,0,377,395,29636,14,0,0,14,1
2020-09-01,US,Virginia,Charles City,69,5,0,37.35358063,-77.05634116,51036.0,990.952175786299,7.246376811594202,64,70,5,0,65,70,6941,-1,0,0,-1,0
2020-09-01,US,Virginia,Charlotte,74,0,0,37.01909701,-78.66314092,51037.0,622.8956228956229,0.0,74,69,0,0,69,69,11938,5,0,0,5,0
2020-09-01,US,Virginia,Charlottesville,686,18,0,38.03527919,-78.48569588,51540.0,1451.3603859010705,2.623906705539359,668,681,18,0,663,674,48117,5,0,0,5,7
2020-09-01,US,Virginia,Chesapeake,3811,48,0,36.67670048,-76.30545744,51550.0,1556.5584985806768,1.2595119391235896,3763,3801,47,0,3754,3778,242634,10,1,0,9,23
2020-09-01,US,Virginia,Chesterfield,5106,83,0,37.37373208,-77.58680140000001,51041.0,1447.270707082159,1.6255385820603212,5023,5046,82,0,4964,5027,348556,60,1,0,59,19
2020-09-01,US,Virginia,Clarke,81,0,0,39.11271747,-77.99199425,51043.0,554.0734660373487,0.0,81,81,0,0,81,80,14523,0,0,0,0,1
2020-09-01,US,Virginia,Colonial Heights,228,23,0,37.26420587,-77.39609676,51570.0,1312.607944732297,10.087719298245617,205,220,22,0,198,219,17833,8,1,0,7,1
2020-09-01,US,Virginia,Covington,25,0,0,37.7824656,-79.98631446,51580.0,451.4265077645359,0.0,25,25,0,0,25,23,5460,0,0,0,0,2
2020-09-01,US,Virginia,Craig,21,0,0,37.48133648,-80.21072274,51045.0,409.2769440654843,0.0,21,21,0,0,21,21,5064,0,0,0,0,0
2020-09-01,US,Virginia,Culpeper,1122,13,0,38.48199985,-77.95630870000002,51047.0,2132.877102936983,1.1586452762923352,1109,1117,13,0,1104,1113,51859,5,0,0,5,4
2020-09-01,US,Virginia,Cumberland,99,0,0,37.51328851,-78.24398086,51049.0,996.7780910189286,0.0,99,97,0,0,97,97,9809,2,0,0,2,0
2020-09-01,US,Virginia,Danville,611,16,0,36.58022376,-79.40395668,51590.0,1525.8215962441311,2.6186579378068737,595,606,16,0,590,604,40693,5,0,0,5,2
2020-09-01,US,Virginia,Dickenson,67,1,0,37.12560977,-82.35124171,51051.0,467.9424500628579,1.492537313432836,66,67,1,0,66,65,14523,0,0,0,0,2
2020-09-01,US,Virginia,Dinwiddie,296,8,0,37.07544585,-77.63451754,51053.0,1036.9955156950673,2.702702702702702,288,292,8,0,284,286,28529,4,0,0,4,6
2020-09-01,US,Virginia,Emporia,233,17,0,36.69455571,-77.53406129,51595.0,4358.398802843249,7.296137339055795,216,231,16,0,215,230,5121,2,1,0,1,1
2020-09-01,US,Virginia,Essex,130,2,0,37.93357639,-76.94230311,51057.0,1186.8894366840136,1.5384615384615383,128,128,2,0,126,122,10919,2,0,0,2,6
2020-09-01,US,Virginia,Fairfax,18508,560,0,38.83677558,-77.27565836,51059.0,1612.852626331989,3.02571860816944,17948,18417,558,0,17859,18310,1150795,91,2,0,89,107
2020-09-01,US,Virginia,Fairfax,18508,560,0,38.83677558,-77.27565836,51059.0,1612.852626331989,3.02571860816944,17948,18417,558,0,17859,18310,24574,91,2,0,89,107
2020-09-01,US,Virginia,Fairfax City,122,7,0,38.85157547,-77.29779640000002,51600.0,507.931221116616,5.737704918032787,115,120,7,0,113,120,24574,2,0,0,2,0
2020-09-01,US,Virginia,Falls Church,66,7,0,38.88485255,-77.17560759,51610.0,451.5290415269892,10.606060606060606,59,66,7,0,59,66,14772,0,0,0,0,0
2020-09-01,US,Virginia,Fauquier,770,9,0,38.73564842,-77.80647472,51061.0,1081.126618179776,1.1688311688311688,761,762,9,0,753,756,70675,8,0,0,8,6
2020-09-01,US,Virginia,Floyd,152,2,0,36.9302126,-80.36738849,51063.0,965.1406438504033,1.3157894736842106,150,153,2,0,151,153,15795,-1,0,0,-1,0
2020-09-01,US,Virginia,Fluvanna,226,9,0,37.84157909,-78.27715475,51065.0,828.7495416208287,3.9823008849557517,217,226,9,0,217,225,26783,0,0,0,0,1
2020-09-01,US,Virginia,Franklin,194,1,0,36.99536167,-79.88023649,51067.0,346.1689447200313,0.5154639175257731,193,194,1,0,193,194,56195,0,0,0,0,0
2020-09-01,US,Virginia,Franklin,194,1,0,36.99536167,-79.88023649,51067.0,346.1689447200313,0.5154639175257731,193,194,1,0,193,194,8013,0,0,0,0,0
2020-09-01,US,Virginia,Franklin City,312,6,0,36.6831435,-76.93859681,51620.0,3916.154135810217,1.9230769230769231,306,298,6,0,292,298,8013,14,0,0,14,0
2020-09-01,US,Virginia,Frederick,766,11,0,39.20172582,-78.25974949,51069.0,857.6578997458377,1.4360313315926894,755,764,10,0,754,763,88355,2,1,0,1,1
2020-09-01,US,Virginia,Fredericksburg,482,5,0,38.2977863,-77.4922454,51630.0,1660.0082656013226,1.037344398340249,477,481,5,0,476,479,29144,1,0,0,1,2
2020-09-01,US,Virginia,Galax,397,28,0,36.66601852,-80.91703124,51640.0,6254.923585946116,7.052896725440807,369,396,28,0,368,396,6423,1,0,0,1,0
2020-09-01,US,Virginia,Giles,47,0,0,37.31234791,-80.70636931,51071.0,281.1004784688995,0.0,47,43,0,0,43,41,16844,4,0,0,4,2
2020-09-01,US,Virginia,Gloucester,204,2,0,37.40809042,-76.53524337,51073.0,546.2139873621079,0.9803921568627452,202,201,2,0,199,201,37349,3,0,0,3,0
2020-09-01,US,Virginia,Goochland,222,7,0,37.71714806,-77.90381514,51075.0,934.6187849955796,3.1531531531531534,215,220,7,0,213,219,23244,2,0,0,2,1
2020-09-01,US,Virginia,Grayson,199,7,0,36.65677234,-81.23215889,51077.0,1279.742765273312,3.5175879396984926,192,194,6,0,188,190,15631,5,1,0,4,4
2020-09-01,US,Virginia,Greene,199,3,0,38.29545894,-78.46525378,51079.0,1004.0869872344721,1.5075376884422111,196,199,3,0,196,199,19779,0,0,0,0,0
2020-09-01,US,Virginia,Greensville,711,11,0,36.67878901,-77.56351439,51081.0,6272.0536344389575,1.5471167369901546,700,709,11,0,698,706,11627,2,0,0,2,3
2020-09-01,US,Virginia,Halifax,212,2,0,36.76654925,-78.93512622,51083.0,625.1658753796703,0.9433962264150944,210,210,2,0,208,205,34120,2,0,0,2,5
2020-09-01,US,Virginia,Hampton,1562,16,0,37.03513786,-76.35879121,51650.0,1161.2519515277675,1.0243277848911652,1546,1554,16,0,1538,1542,134313,8,0,0,8,12
2020-09-01,US,Virginia,Hanover,810,35,0,37.7583355,-77.49464673,51085.0,751.6285284783697,4.320987654320987,775,794,35,0,759,787,107239,16,0,0,16,7
2020-09-01,US,Virginia,Harrisonburg,1423,33,0,38.43542574,-78.87536254,51660.0,2684.095367436246,2.3190442726633878,1390,1346,33,0,1313,1285,54033,77,0,0,77,61
2020-09-01,US,Virginia,Henrico,4651,193,0,37.53460572,-77.39326555,51087.0,1405.9089892327506,4.149645237583314,4458,4608,192,0,4416,4579,329261,43,1,0,42,29
2020-09-01,US,Virginia,Henry,849,16,0,36.68542395,-79.87634026,51089.0,1679.2926795498154,1.8845700824499407,833,844,16,0,828,844,50953,5,0,0,5,0
2020-09-01,US,Virginia,Highland,6,0,0,38.35799465,-79.56124594,51091.0,273.97260273972597,0.0,6,6,0,0,6,6,2210,0,0,0,0,0
2020-09-01,US,Virginia,Hopewell,350,4,0,37.29186313,-77.29754684,51670.0,1553.5531981002264,1.1428571428571428,346,350,4,0,346,348,22596,0,0,0,0,2
2020-09-01,US,Virginia,Isle of Wight,560,11,0,36.90579348,-76.70842863,51093.0,1509.067881107009,1.9642857142857144,549,552,11,0,541,546,36953,8,0,0,8,6
2020-09-01,US,Virginia,James City,746,18,0,37.31156958,-76.76950618,51095.0,974.8703004325496,2.412868632707774,728,743,18,0,725,735,76397,3,0,0,3,8
2020-09-01,US,Virginia,King George,202,4,0,38.26818502,-77.15852768,51099.0,752.7202265613355,1.98019801980198,198,201,4,0,197,201,26575,1,0,0,1,0
2020-09-01,US,Virginia,King William,115,2,0,37.70965316,-77.09384941,51101.0,670.6321436902263,1.7391304347826086,113,115,2,0,113,114,16939,0,0,0,0,1
2020-09-01,US,Virginia,King and Queen,49,1,0,37.71044922,-76.88689628,51097.0,697.508896797153,2.0408163265306123,48,49,1,0,48,49,7042,0,0,0,0,0
2020-09-01,US,Virginia,Lancaster,72,0,0,37.71889653,-76.46400482,51103.0,679.0530981797605,0.0,72,71,0,0,71,69,10783,1,0,0,1,2
2020-09-01,US,Virginia,Lee,210,3,0,36.70586667,-83.12606515,51105.0,896.5546684882381,1.4285714285714286,207,201,3,0,198,194,23541,9,0,0,9,7
2020-09-01,US,Virginia,Lexington,43,0,0,37.78258621,-79.44262866,51678.0,577.491270480795,0.0,43,43,0,0,43,43,7136,0,0,0,0,0
2020-09-01,US,Virginia,Loudoun,6008,118,0,39.08990083,-77.63481877,51107.0,1452.8290024133212,1.96404793608522,5890,5979,118,0,5861,5945,406850,29,0,0,29,34
2020-09-01,US,Virginia,Louisa,251,2,0,37.97850256,-77.96274807,51109.0,667.7130164135033,0.796812749003984,249,250,2,0,248,248,36778,1,0,0,1,2
2020-09-01,US,Virginia,Lunenburg,97,2,0,36.94618528,-78.24133319,51111.0,795.3427353230568,2.061855670103093,95,93,2,0,91,93,12086,4,0,0,4,0
2020-09-01,US,Virginia,Lynchburg,1007,5,0,37.40021399,-79.19888138,51680.0,1225.5379223055204,0.4965243296921549,1002,986,5,0,981,980,82126,21,0,0,21,6
2020-09-01,US,Virginia,Madison,91,2,0,38.41531222,-78.28220331,51113.0,686.2227584646707,2.1978021978021984,89,91,2,0,89,91,13295,0,0,0,0,0
2020-09-01,US,Virginia,Manassas,1810,24,0,38.7464321,-77.48509905,51683.0,4405.50079104296,1.3259668508287292,1786,1805,23,0,1782,1795,41641,5,1,0,4,10
2020-09-01,US,Virginia,Manassas Park,568,7,0,38.77058531,-77.44399307,51685.0,3249.7997482549486,1.2323943661971828,561,565,7,0,558,562,17307,3,0,0,3,3
2020-09-01,US,Virginia,Martinsville,328,6,0,36.68212094,-79.86352771,51690.0,2612.713079496575,1.8292682926829267,322,327,6,0,321,326,12902,1,0,0,1,1
2020-09-01,US,Virginia,Mathews,23,0,0,37.44164146,-76.34098896,51115.0,260.3577088521621,0.0,23,23,0,0,23,23,8802,0,0,0,0,0
2020-09-01,US,Virginia,Mecklenburg,529,33,0,36.67882005,-78.36131056,51117.0,1729.4929218295356,6.238185255198487,496,516,33,0,483,506,30650,13,0,0,13,10
2020-09-01,US,Virginia,Middlesex,55,1,0,37.63191998,-76.55064617,51119.0,519.7505197505197,1.818181818181818,54,55,1,0,54,55,10769,0,0,0,0,0
2020-09-01,US,Virginia,Montgomery,532,4,0,37.17746986,-80.37868691,51121.0,539.9096767646014,0.7518796992481203,528,493,4,0,489,477,98985,39,0,0,39,16
2020-09-01,US,Virginia,Nelson,86,0,0,37.78790447,-78.88498513,51125.0,576.0214333556597,0.0,86,85,0,0,85,85,14836,1,0,0,1,0
2020-09-01,US,Virginia,New Kent,151,1,0,37.50694406,-76.99828634,51127.0,653.9344333290028,0.6622516556291391,150,151,1,0,150,150,22391,0,0,0,0,1
2020-09-01,US,Virginia,Newport News,2335,27,0,37.08166899,-76.51754109,51700.0,1302.831636211466,1.1563169164882228,2308,2317,25,0,2292,2300,178626,18,2,0,16,17
2020-09-01,US,Virginia,Norfolk,4406,55,0,36.89934014,-76.26420872,51710.0,1815.095863097445,1.2482977757603269,4351,4394,52,0,4342,4361,244076,12,3,0,9,33
2020-09-01,US,Virginia,Northampton,304,29,0,37.34062933,-75.87751591,51131.0,2596.071733561059,9.539473684210526,275,304,29,0,275,304,11735,0,0,0,0,0
2020-09-01,US,Virginia,Northumberland,90,5,0,37.89202088,-76.41949732,51133.0,744.1091360066142,5.5555555555555545,85,89,4,0,85,88,12147,1,1,0,0,1
2020-09-01,US,Virginia,Norton,26,0,0,36.93357076,-82.62750411,51720.0,653.1022356191911,0.0,26,26,0,0,26,26,3968,0,0,0,0,0
2020-09-01,US,Virginia,Nottoway,201,14,0,37.1435975,-78.05065922,51135.0,1319.5903361344538,6.965174129353233,187,198,14,0,184,198,15420,3,0,0,3,0
2020-09-01,US,Virginia,Orange,264,4,0,38.24530219,-78.01560400000002,51137.0,712.5313756713717,1.5151515151515151,260,262,4,0,258,262,36644,2,0,0,2,0
2020-09-01,US,Virginia,Page,361,25,0,38.61807452,-78.48797204,51139.0,1510.3338632750394,6.9252077562326875,336,361,25,0,336,360,23933,0,0,0,0,1
2020-09-01,US,Virginia,Patrick,229,11,0,36.680163799999995,-80.2865648,51141.0,1300.5452067242165,4.80349344978166,218,224,11,0,213,224,17673,5,0,0,5,0
2020-09-01,US,Virginia,Petersburg,633,22,0,37.20530399,-77.39368102,51730.0,2019.3964142155291,3.4755134281200637,611,631,20,0,611,627,31567,2,2,0,0,4
2020-09-01,US,Virginia,Pittsylvania,780,4,0,36.81980341,-79.39731264,51143.0,1292.3749875733176,0.5128205128205128,776,770,4,0,766,768,60949,10,0,0,10,2
2020-09-01,US,Virginia,Poquoson,68,0,0,37.14259351,-76.35798148,51735.0,554.1520658463044,0.0,68,67,0,0,67,67,12190,1,0,0,1,0
2020-09-01,US,Virginia,Portsmouth,2234,36,0,36.85914825,-76.35971629,51740.0,2366.5755630415892,1.6114592658907791,2198,2213,34,0,2179,2213,94632,21,2,0,19,0
2020-09-01,US,Virginia,Powhatan,190,4,0,37.55016038,-77.91267882,51145.0,640.7662215027655,2.1052631578947367,186,189,4,0,185,187,29189,1,0,0,1,2
2020-09-01,US,Virginia,Prince Edward,493,12,0,37.22554789,-78.43597949,51147.0,2162.0910446452067,2.4340770791075053,481,488,11,0,477,488,22950,5,1,0,4,0
2020-09-01,US,Virginia,Prince George,560,2,0,37.18497668,-77.22922187,51149.0,1460.1204599379446,0.35714285714285715,558,554,2,0,552,529,38082,6,0,0,6,25
2020-09-01,US,Virginia,Prince William,10904,185,0,38.70916224,-77.48713689,51153.0,2318.347560781145,1.6966250917094643,10719,10836,185,0,10651,10767,468011,68,0,0,68,69
2020-09-01,US,Virginia,Pulaski,137,3,0,37.06474963,-80.71229738,51155.0,402.621447673906,2.18978102189781,134,135,3,0,132,132,34066,2,0,0,2,3
2020-09-01,US,Virginia,Radford,467,0,0,37.12222899,-80.56027320000003,51750.0,2559.0443311962304,0.0,467,399,0,0,399,384,18339,68,0,0,68,15
2020-09-01,US,Virginia,Rappahannock,53,2,0,38.68295619,-78.15826963,51157.0,719.1316146540026,3.7735849056603774,51,53,2,0,51,53,7252,0,0,0,0,0
2020-09-01,US,Virginia,Richmond,328,4,0,37.937575,-76.72920628,51159.0,3635.154604898592,1.2195121951219512,324,333,5,0,328,332,9038,-5,-1,0,-4,1
2020-09-01,US,Virginia,Richmond City,3920,49,0,37.53255773,-77.47966921,51760.0,1701.1230884063255,1.25,3871,3897,47,0,3850,3879,228783,23,2,0,21,18
2020-09-01,US,Virginia,Roanoke,611,4,0,37.26865804,-80.06396753,51161.0,648.7163697364789,0.6546644844517185,607,606,4,0,602,590,94073,5,0,0,5,16
2020-09-01,US,Virginia,Roanoke City,1201,15,0,37.27791025,-79.96189766,51770.0,1211.3815397960525,1.2489592006661117,1186,1200,15,0,1185,1189,99920,1,0,0,1,11
2020-09-01,US,Virginia,Rockbridge,86,1,0,37.81204314,-79.44605905,51163.0,380.9861338767554,1.162790697674419,85,85,1,0,84,85,22752,1,0,0,1,0
2020-09-01,US,Virginia,Rockingham,1069,20,0,38.51006137,-78.87260325,51165.0,1304.4857714648313,1.8709073900841908,1049,1058,20,0,1038,1050,81244,11,0,0,11,8
2020-09-01,US,Virginia,Russell,188,4,0,36.93028320000001,-82.10095486,51167.0,707.1390957646881,2.127659574468085,184,187,4,0,183,179,26748,1,0,0,1,8
2020-09-01,US,Virginia,Salem,210,4,0,37.2836193,-80.06219455,51775.0,830.0067191020117,1.9047619047619049,206,212,3,0,209,210,25643,-2,1,0,-3,2
2020-09-01,US,Virginia,Scott,156,4,0,36.71466456,-82.60171704,51169.0,723.3608457757581,2.5641025641025643,152,153,4,0,149,151,21534,3,0,0,3,2
2020-09-01,US,Virginia,Shenandoah,773,48,0,38.85905135,-78.56813762,51171.0,1772.2853998532648,6.209573091849936,725,769,48,0,721,766,43497,4,0,0,4,3
2020-09-01,US,Virginia,Smyth,281,5,0,36.84455636,-81.53344948,51173.0,933.4307733191603,1.7793594306049825,276,273,3,0,270,268,30472,8,2,0,6,5
2020-09-01,US,Virginia,Southampton,359,13,0,36.72231125,-77.10642712,51175.0,2036.186262832511,3.62116991643454,346,351,13,0,338,344,17586,8,0,0,8,7
2020-09-01,US,Virginia,Spotsylvania,1824,38,0,38.18574462,-77.655399,51177.0,1339.059574936681,2.083333333333333,1786,1801,38,0,1763,1793,134238,23,0,0,23,8
2020-09-01,US,Virginia,Stafford,1717,10,0,38.41758738,-77.45917053,51179.0,1123.088394971285,0.5824111822946999,1707,1704,10,0,1694,1691,149960,13,0,0,13,13
2020-09-01,US,Virginia,Staunton,173,0,0,38.15965544,-79.05979937,51790.0,693.8873736563452,0.0,173,170,0,0,170,170,24922,3,0,0,3,0
2020-09-01,US,Virginia,Suffolk,1660,61,0,36.70155394,-76.63603554,51800.0,1802.232162244322,3.6746987951807233,1599,1635,61,0,1574,1631,91185,25,0,0,25,4
2020-09-01,US,Virginia,Surry,71,3,0,37.11781893,-76.88450012,51181.0,1105.5745873559638,4.225352112676056,68,68,3,0,65,66,6474,3,0,0,3,2
2020-09-01,US,Virginia,Sussex,342,9,0,36.92432914,-77.25791182,51183.0,3064.7907518594857,2.631578947368421,333,339,9,0,330,337,11237,3,0,0,3,2
2020-09-01,US,Virginia,Tazewell,196,2,0,37.12191123,-81.56685568,51185.0,482.81808104446367,1.020408163265306,194,195,1,0,194,189,40855,1,1,0,0,6
2020-09-01,US,Virginia,Virginia Beach,6049,69,0,36.73285734,-76.04566934,51810.0,1344.2998928827,1.1406844106463878,5980,6028,68,0,5960,5985,450189,21,1,0,20,43
2020-09-01,US,Virginia,Warren,391,6,0,38.90847745,-78.20280433,51187.0,973.5086146798128,1.5345268542199488,385,391,6,0,385,391,40003,0,0,0,0,0
2020-09-01,US,Virginia,Washington,375,9,0,36.72341572,-81.95666289,51191.0,697.8042426497954,2.4,366,368,9,0,359,362,54402,7,0,0,7,6
2020-09-01,US,Virginia,Waynesboro,216,3,0,38.06451466,-78.90293905,51820.0,954.4851966416264,1.3888888888888888,213,215,3,0,212,215,22628,1,0,0,1,0
2020-09-01,US,Virginia,Westmoreland,224,3,0,38.11021557,-76.80213247,51193.0,1243.4082708853732,1.3392857142857142,221,223,3,0,220,223,17830,1,0,0,1,0
2020-09-01,US,Virginia,Williamsburg,155,6,0,37.28131268,-76.70905141,51830.0,1036.5119700414605,3.870967741935484,149,155,6,0,149,154,14896,0,0,0,0,1
2020-09-01,US,Virginia,Winchester,446,4,0,39.17054517,-78.17325058,51840.0,1588.4322245174158,0.8968609865470852,442,439,4,0,435,438,28108,7,0,0,7,1
2020-09-01,US,Virginia,Wise,332,5,0,36.9746148,-82.62410519,51195.0,888.1042184950377,1.5060240963855422,327,329,5,0,324,328,38012,3,0,0,3,1
2020-09-01,US,Virginia,Wythe,164,3,0,36.91582035,-81.07834059,51197.0,571.7473155766281,1.8292682926829267,161,160,3,0,157,159,28754,4,0,0,4,1
2020-09-01,US,Virginia,York,467,6,0,37.24374789,-76.54412815,51199.0,683.9484475688342,1.284796573875803,461,461,6,0,455,454,67846,6,0,0,6,7
2020-09-01,US,Washington,Adams,635,7,0,46.98299757,-118.56017340000001,53001.0,3177.701045889006,1.1023622047244095,628,634,7,0,627,625,19759,1,0,0,1,9
2020-09-01,US,Washington,Asotin,52,2,0,46.18894415,-117.2022851,53003.0,230.271897971836,3.8461538461538463,50,52,2,0,50,52,22610,0,0,0,0,0
2020-09-01,US,Washington,Benton,4168,122,0,46.23946995,-119.51208340000001,53005.0,2039.2387103087235,2.927063339731286,4046,4159,122,0,4037,4153,201877,9,0,0,9,6
2020-09-01,US,Washington,Chelan,1726,12,0,47.87046092,-120.6173956,53007.0,2235.751295336788,0.6952491309385863,1714,1734,12,0,1722,1728,77036,-8,0,0,-8,6
2020-09-01,US,Washington,Clallam,209,1,0,48.04754642,-123.92263190000001,53009.0,270.26677529063375,0.4784688995215311,208,209,1,0,208,209,76737,0,0,0,0,0
2020-09-01,US,Washington,Clark,2210,56,0,45.77568046,-122.48292040000001,53011.0,452.64531245839663,2.5339366515837103,2154,2183,55,0,2128,2173,481857,27,1,0,26,10
2020-09-01,US,Washington,Columbia,13,1,0,46.29442881,-117.9051983,53013.0,326.2233375156838,7.6923076923076925,12,13,1,0,12,13,4059,0,0,0,0,0
2020-09-01,US,Washington,Cowlitz,545,6,0,46.19074721,-122.6782231,53015.0,492.7979166855045,1.1009174311926606,539,542,6,0,536,539,108987,3,0,0,3,3
2020-09-01,US,Washington,Douglas,1155,8,0,47.7361335,-119.69293700000001,53017.0,2659.513228487877,0.6926406926406926,1147,1154,8,0,1146,1152,42907,1,0,0,1,2
2020-09-01,US,Washington,Ferry,25,0,0,48.471143100000006,-118.5154041,53019.0,327.78287662252524,0.0,25,25,0,0,25,25,7649,0,0,0,0,0
2020-09-01,US,Washington,Franklin,3964,58,0,46.53351425,-118.9018212,53021.0,4162.903530696688,1.4631685166498487,3906,3944,57,0,3887,3930,94347,20,1,0,19,14
2020-09-01,US,Washington,Garfield,4,0,0,46.43197502,-117.54540320000001,53023.0,179.77528089887642,0.0,4,4,0,0,4,4,2247,0,0,0,0,0
2020-09-01,US,Washington,Grant,2309,15,0,47.20753737,-119.4500749,53025.0,2362.559217459814,0.6496318752706799,2294,2289,15,0,2274,2267,97331,20,0,0,20,22
2020-09-01,US,Washington,Grays Harbor,243,6,0,47.14003705,-123.7820567,53027.0,323.73669415542025,2.469135802469136,237,242,6,0,236,236,73901,1,0,0,1,6
2020-09-01,US,Washington,Island,272,11,0,48.14713305,-122.5216407,53029.0,319.47005555490307,4.044117647058823,261,270,11,0,259,270,84460,2,0,0,2,0
2020-09-01,US,Washington,Jefferson,70,0,0,47.75003077,-123.56097040000002,53031.0,217.2496198131653,0.0,70,70,0,0,70,69,31729,0,0,0,0,1
2020-09-01,US,Washington,King,19698,728,0,47.49137892,-121.8346131,53033.0,874.3855375264894,3.6958066808813084,18970,19643,723,0,18920,19553,2233163,55,5,0,50,90
2020-09-01,US,Washington,Kitsap,1006,9,0,47.63479026,-122.6436061,53035.0,370.57092233850136,0.8946322067594433,997,999,9,0,990,988,269805,7,0,0,7,11
2020-09-01,US,Washington,Kittitas,452,21,0,47.12521214,-120.67943899999999,53037.0,942.9435694169188,4.6460176991150455,431,451,21,0,430,451,47364,1,0,0,1,0
2020-09-01,US,Washington,Klickitat,177,3,0,45.87325839,-120.7913598,53039.0,789.2976588628762,1.6949152542372878,174,176,3,0,173,175,22107,1,0,0,1,1
2020-09-01,US,Washington,Lewis,344,4,0,46.57756476,-122.39257690000001,53041.0,426.2331644095308,1.162790697674419,340,341,4,0,337,338,79604,3,0,0,3,3
2020-09-01,US,Washington,Lincoln,31,1,0,47.57705241,-118.41943880000001,53043.0,283.3897065545296,3.2258064516129035,30,31,1,0,30,31,10740,0,0,0,0,0
2020-09-01,US,Washington,Mason,320,1,0,47.35007586,-123.1863685,53045.0,479.27150730889053,0.3125,319,319,1,0,318,313,65507,1,0,0,1,6
2020-09-01,US,Washington,Okanogan,997,7,0,48.54855019,-119.73872240000001,53047.0,2360.1543450985964,0.7021063189568706,990,996,7,0,989,996,42132,1,0,0,1,0
2020-09-01,US,Washington,Pacific,60,3,0,46.55418369,-123.7285716,53049.0,267.01081393796454,5.0,57,60,3,0,57,60,22036,0,0,0,0,0
2020-09-01,US,Washington,Pend Oreille,54,0,0,48.53234021,-117.2741804,53051.0,393.4712911687553,0.0,54,53,0,0,53,53,13602,1,0,0,1,0
2020-09-01,US,Washington,Pierce,6830,173,0,47.03892768,-122.14059579999999,53053.0,754.7128113328471,2.5329428989751097,6657,6794,169,0,6625,6756,891299,36,4,0,32,38
2020-09-01,US,Washington,San Juan,29,0,0,48.60182783,-122.96745,53055.0,164.94141735866228,0.0,29,29,0,0,29,29,17128,0,0,0,0,0
2020-09-01,US,Washington,Skagit,1022,22,0,48.48171488,-121.766131,53057.0,790.9910607174644,2.152641878669276,1000,1020,22,0,998,1017,128206,2,0,0,2,3
2020-09-01,US,Washington,Skamania,59,1,0,46.02408726,-121.91644029999999,53059.0,488.2893321195068,1.6949152542372878,58,58,1,0,57,58,11924,1,0,0,1,0
2020-09-01,US,Washington,Snohomish,6220,208,0,48.04615983,-121.7170703,53061.0,756.6145997423617,3.344051446945337,6012,6198,209,0,5989,6178,814901,22,-1,0,23,20
2020-09-01,US,Washington,Spokane,5344,136,0,47.62113146,-117.4046494,53063.0,1022.1921277434114,2.5449101796407185,5208,5307,135,0,5172,5286,514631,37,1,0,36,21
2020-09-01,US,Washington,Stevens,126,1,0,48.40035475,-117.8542701,53065.0,275.5724689980973,0.7936507936507936,125,126,1,0,125,125,45260,0,0,0,0,1
2020-09-01,US,Washington,Thurston,928,15,0,46.9291895,-122.82906559999999,53067.0,319.40964286697687,1.6163793103448276,913,925,13,0,912,923,286419,3,2,0,1,2
2020-09-01,US,Washington,Unassigned,273,5,0,0.0,0.0,90053.0,0.0,1.8315018315018317,268,268,4,0,264,281,,5,1,0,4,-13
2020-09-01,US,Washington,Wahkiakum,6,0,0,46.29180039999999,-123.4250831,53069.0,133.6898395721925,0.0,6,6,0,0,6,6,4426,0,0,0,0,0
2020-09-01,US,Washington,Walla Walla,766,5,0,46.23040051,-118.4775539,53071.0,1260.6978275181038,0.6527415143603134,761,763,5,0,758,757,60922,3,0,0,3,6
2020-09-01,US,Washington,Whatcom,1106,39,0,48.82227976,-121.74900179999999,53073.0,482.4490614926257,3.5262206148282096,1067,1102,39,0,1063,1088,225685,4,0,0,4,14
2020-09-01,US,Washington,Whitman,528,0,0,46.90022523,-117.52417630000001,53075.0,1053.808079195274,0.0,528,498,0,0,498,471,49791,30,0,0,30,27
2020-09-01,US,Washington,Yakima,10963,244,0,46.45738486,-120.73801259999999,53077.0,4369.940168930096,2.2256681565264977,10719,10948,242,0,10706,10942,251446,15,2,0,13,6
2020-09-01,US,West Virginia,Barbour,33,1,0,39.1307219,-80.00350858,54001.0,200.717717900371,3.0303030303030303,32,33,1,0,32,33,16535,0,0,0,0,0
2020-09-01,US,West Virginia,Berkeley,804,11,0,39.46704621,-78.02414609,54003.0,674.6607815659851,1.3681592039800996,793,801,11,0,790,798,117123,3,0,0,3,3
2020-09-01,US,West Virginia,Boone,143,0,0,38.01974191,-81.69888019,54005.0,666.4491774246168,0.0,143,139,0,0,139,139,21951,4,0,0,4,0
2020-09-01,US,West Virginia,Braxton,9,0,0,38.70036159,-80.72011184,54007.0,64.48377158415133,0.0,9,9,0,0,9,9,14089,0,0,0,0,0
2020-09-01,US,West Virginia,Brooke,94,2,0,40.27367263,-80.57915332,54009.0,428.46073202971877,2.127659574468085,92,88,2,0,86,88,22203,6,0,0,6,0
2020-09-01,US,West Virginia,Cabell,544,8,0,38.42424062,-82.23855912,54011.0,591.6580564467888,1.4705882352941178,536,541,8,0,533,530,93224,3,0,0,3,11
2020-09-01,US,West Virginia,Calhoun,10,0,0,38.84315422,-81.11934872,54013.0,140.66676044450696,0.0,10,10,0,0,10,9,7254,0,0,0,0,1
2020-09-01,US,West Virginia,Clay,27,2,0,38.46231092,-81.07652217,54015.0,317.3483779971791,7.407407407407407,25,27,2,0,25,26,8632,0,0,0,0,1
2020-09-01,US,West Virginia,Doddridge,6,0,0,39.27057157,-80.70671527,54017.0,71.02272727272727,0.0,6,6,0,0,6,6,8406,0,0,0,0,0
2020-09-01,US,West Virginia,Fayette,360,10,0,38.02974928,-81.08286634,54019.0,848.9364712540677,2.7777777777777777,350,292,9,0,283,268,43018,68,1,0,67,24
2020-09-01,US,West Virginia,Gilmer,19,0,0,38.9251277,-80.85952723,54021.0,242.87357791128724,0.0,19,18,0,0,18,18,8026,1,0,0,1,0
2020-09-01,US,West Virginia,Grant,141,6,0,39.10314817,-79.19440518,54023.0,1218.8796680497924,4.25531914893617,135,141,6,0,135,139,11626,0,0,0,0,2
2020-09-01,US,West Virginia,Greenbrier,105,3,0,37.9463652,-80.45335881,54025.0,302.925393803012,2.8571428571428568,102,105,3,0,102,106,34786,0,0,0,0,-1
2020-09-01,US,West Virginia,Hampshire,92,1,0,39.32103553,-78.60826476,54027.0,396.97950377562034,1.0869565217391304,91,92,1,0,91,92,23347,0,0,0,0,0
2020-09-01,US,West Virginia,Hancock,122,0,0,40.51943859,-80.57461608,54029.0,423.46407497396734,0.0,122,122,0,0,122,122,29094,0,0,0,0,0
2020-09-01,US,West Virginia,Hardy,75,0,0,39.00683177,-78.85855301,54031.0,544.4250871080138,0.0,75,73,0,0,73,73,13775,2,0,0,2,0
2020-09-01,US,West Virginia,Harrison,269,1,0,39.2853852,-80.37919577,54033.0,399.9643154514096,0.3717472118959108,268,265,1,0,264,265,67554,4,0,0,4,0
2020-09-01,US,West Virginia,Jackson,205,19,0,38.84263974,-81.68148753,54035.0,717.3852183650616,9.268292682926827,186,202,19,0,183,201,28706,3,0,0,3,1
2020-09-01,US,West Virginia,Jefferson,360,4,0,39.30776166,-77.86014147,54037.0,629.9653519056452,1.1111111111111112,356,356,4,0,352,355,56811,4,0,0,4,1
2020-09-01,US,West Virginia,Kanawha,1491,34,0,38.33860077,-81.52857054,54039.0,837.057330848173,2.280348759221998,1457,1417,31,0,1386,1393,180454,74,3,0,71,24
2020-09-01,US,West Virginia,Lewis,32,2,0,38.9947249,-80.49988181,54041.0,201.16929653611615,6.25,30,32,2,0,30,32,16024,0,0,0,0,0
2020-09-01,US,West Virginia,Lincoln,119,1,0,38.172154,-82.07017953,54043.0,583.0760938801509,0.8403361344537815,118,115,1,0,114,115,20599,4,0,0,4,0
2020-09-01,US,West Virginia,Logan,493,29,0,37.8299889,-81.93528571,54045.0,1539.710796714451,5.882352941176472,464,484,27,0,457,479,32607,9,2,0,7,5
2020-09-01,US,West Virginia,Marion,220,2,0,39.50984542,-80.24244659,54049.0,392.3526893993437,0.9090909090909092,218,220,2,0,218,217,56097,0,0,0,0,3
2020-09-01,US,West Virginia,Marshall,133,1,0,39.86064362,-80.66591062,54051.0,435.622809603354,0.7518796992481203,132,133,1,0,132,133,30785,0,0,0,0,0
2020-09-01,US,West Virginia,Mason,105,1,0,38.77071799,-82.02524219,54053.0,395.98732840549104,0.9523809523809524,104,104,1,0,103,102,26718,1,0,0,1,2
2020-09-01,US,West Virginia,McDowell,70,1,0,37.38002939,-81.65083669,54047.0,397.1856559237403,1.4285714285714286,69,70,1,0,69,70,18223,0,0,0,0,0
2020-09-01,US,West Virginia,Mercer,311,23,0,37.40481169,-81.11023142,54055.0,529.2896286463118,7.395498392282957,288,310,23,0,287,297,59131,1,0,0,1,13
2020-09-01,US,West Virginia,Mineral,147,4,0,39.41561583,-78.94104895,54057.0,547.119249665029,2.7210884353741496,143,145,4,0,141,144,26940,2,0,0,2,1
2020-09-01,US,West Virginia,Mingo,249,7,0,37.73048351,-82.13338365,54059.0,1063.0122950819673,2.8112449799196786,242,243,5,0,238,236,23785,6,2,0,4,7
2020-09-01,US,West Virginia,Monongalia,1170,5,0,39.63218457,-80.04766838,54061.0,1107.8286558345642,0.4273504273504273,1165,1126,5,0,1121,1113,106420,44,0,0,44,13
2020-09-01,US,West Virginia,Monroe,124,5,0,37.56274716,-80.54577965,54063.0,934.0866290018832,4.032258064516129,119,123,4,0,119,117,13280,1,1,0,0,6
2020-09-01,US,West Virginia,Morgan,38,0,0,39.55439028,-78.26311676,54065.0,212.48042943413105,0.0,38,38,0,0,38,37,17787,0,0,0,0,1
2020-09-01,US,West Virginia,Nicholas,52,2,0,38.29617706,-80.79759588,54067.0,212.2795558458524,3.8461538461538463,50,52,2,0,50,52,24842,0,0,0,0,0
2020-09-01,US,West Virginia,Ohio,293,5,0,40.0955451,-80.62203992,54069.0,707.5414744874548,1.706484641638225,288,293,5,0,288,290,41755,0,0,0,0,3
2020-09-01,US,West Virginia,Pendleton,45,1,0,38.68314479,-79.35084086,54071.0,645.7167455876022,2.2222222222222223,44,44,1,0,43,44,6997,1,0,0,1,0
2020-09-01,US,West Virginia,Pleasants,15,2,0,39.37091679,-81.16771771,54073.0,201.07238605898124,13.333333333333336,13,15,2,0,13,15,7507,0,0,0,0,0
2020-09-01,US,West Virginia,Pocahontas,45,0,0,38.32758728,-80.00993811,54075.0,545.6529647144416,0.0,45,42,0,0,42,42,8414,3,0,0,3,0
2020-09-01,US,West Virginia,Preston,140,4,0,39.46770987,-79.66712803,54077.0,418.7604690117253,2.8571428571428568,136,140,4,0,136,140,33839,0,0,0,0,0
2020-09-01,US,West Virginia,Putnam,286,0,0,38.50782345,-81.9082131,54079.0,506.6430469441984,0.0,286,283,0,0,283,278,56682,3,0,0,3,5
2020-09-01,US,West Virginia,Raleigh,366,4,0,37.76936795,-81.2456041,54081.0,498.9026867136489,1.0928961748633879,362,363,4,0,359,356,74254,3,0,0,3,7
2020-09-01,US,West Virginia,Randolph,226,0,0,38.769899,-79.87919615,54083.0,787.5936574316082,0.0,226,224,0,0,224,223,28823,2,0,0,2,1
2020-09-01,US,West Virginia,Ritchie,5,0,0,39.18094587,-81.06356878,54085.0,52.33410090014655,0.0,5,5,0,0,5,5,9721,0,0,0,0,0
2020-09-01,US,West Virginia,Roane,33,1,0,38.71622686,-81.35243568,54087.0,241.08708357685563,3.0303030303030303,32,31,1,0,30,29,13932,2,0,0,2,2
2020-09-01,US,West Virginia,Summers,20,0,0,37.65390597,-80.86009693,54089.0,159.0710252127575,0.0,20,19,0,0,19,19,12760,1,0,0,1,0
2020-09-01,US,West Virginia,Taylor,106,4,0,39.33602617,-80.0421439,54091.0,634.9206349206347,3.7735849056603774,102,105,4,0,101,105,16862,1,0,0,1,0
2020-09-01,US,West Virginia,Tucker,11,0,0,39.11240885,-79.57053576,54093.0,160.84222839596433,0.0,11,11,0,0,11,11,6955,0,0,0,0,0
2020-09-01,US,West Virginia,Tyler,15,0,0,39.46811972,-80.88772676,54095.0,174.60132697008495,0.0,15,15,0,0,15,15,8746,0,0,0,0,0
2020-09-01,US,West Virginia,Upshur,43,0,0,38.89285061,-80.23689136,54097.0,177.86234281932497,0.0,43,43,0,0,43,43,24415,0,0,0,0,0
2020-09-01,US,West Virginia,Wayne,253,10,0,38.14901357,-82.42287994,54099.0,642.0993858179787,3.9525691699604737,243,248,10,0,238,248,39944,5,0,0,5,0
2020-09-01,US,West Virginia,Webster,7,0,0,38.49370949,-80.4202023,54101.0,86.27064333251171,0.0,7,7,0,0,7,7,8285,0,0,0,0,0
2020-09-01,US,West Virginia,Wetzel,45,0,0,39.6065771,-80.64016540000001,54103.0,298.70560902754727,0.0,45,45,0,0,45,45,15270,0,0,0,0,0
2020-09-01,US,West Virginia,Wirt,9,0,0,39.02775007,-81.37473928,54105.0,154.6126095172651,0.0,9,9,0,0,9,9,5830,0,0,0,0,0
2020-09-01,US,West Virginia,Wood,310,5,0,39.20967886,-81.5162836,54107.0,371.1774707248737,1.6129032258064515,305,308,5,0,303,305,84203,2,0,0,2,3
2020-09-01,US,West Virginia,Wyoming,68,3,0,37.612327,-81.54511071,54109.0,333.43140139256644,4.411764705882354,65,67,3,0,64,66,20786,1,0,0,1,1
2020-09-01,US,Wisconsin,Adams,119,3,0,43.96974651,-89.76782777,55001.0,588.5262116716123,2.5210084033613445,116,112,3,0,109,110,20348,7,0,0,7,2
2020-09-01,US,Wisconsin,Ashland,36,1,0,46.31956891,-90.67837132,55003.0,231.33273358180185,2.7777777777777777,35,34,1,0,33,34,15600,2,0,0,2,0
2020-09-01,US,Wisconsin,Barron,372,3,0,45.42372701,-91.84833627,55005.0,822.2084696313324,0.8064516129032258,369,370,3,0,367,370,45164,2,0,0,2,0
2020-09-01,US,Wisconsin,Bayfield,46,1,0,46.52868768,-91.19716729,55007.0,305.9324288374568,2.1739130434782608,45,45,1,0,44,45,15042,1,0,0,1,0
2020-09-01,US,Wisconsin,Brown,5469,58,0,44.452655299999996,-88.00411844,55009.0,2067.346583907281,1.060522947522399,5411,5376,58,0,5318,5370,263378,93,0,0,93,6
2020-09-01,US,Wisconsin,Buffalo,67,2,0,44.37835084,-91.75332578,55011.0,514.1585450080577,2.985074626865672,65,64,2,0,62,64,13125,3,0,0,3,0
2020-09-01,US,Wisconsin,Burnett,40,2,0,45.86303537,-92.36711412,55013.0,259.5043466978072,5.0,38,40,2,0,38,40,15392,0,0,0,0,0
2020-09-01,US,Wisconsin,Calumet,513,2,0,44.0816316,-88.21780273,55015.0,1024.176965002296,0.3898635477582846,511,502,2,0,500,500,50159,11,0,0,11,2
2020-09-01,US,Wisconsin,Chippewa,350,0,0,45.06939744,-91.28068855,55017.0,541.3096600575335,0.0,350,347,0,0,347,345,64135,3,0,0,3,2
2020-09-01,US,Wisconsin,Clark,246,8,0,44.73483377,-90.61207486,55019.0,707.425087709208,3.2520325203252027,238,241,8,0,233,240,34709,5,0,0,5,1
2020-09-01,US,Wisconsin,Columbia,361,2,0,43.46492199,-89.33589004,55021.0,627.4768824306473,0.554016620498615,359,351,2,0,349,351,57358,10,0,0,10,0
2020-09-01,US,Wisconsin,Crawford,104,0,0,43.23870316,-90.93073686,55023.0,644.7213439960325,0.0,104,102,0,0,102,102,16291,2,0,0,2,0
2020-09-01,US,Wisconsin,Dane,5520,40,0,43.06601594,-89.41733797,55025.0,1009.7037653536247,0.7246376811594203,5480,5429,40,0,5389,5426,542364,91,0,0,91,3
2020-09-01,US,Wisconsin,Dodge,1188,5,0,43.41576662,-88.70928178,55027.0,1352.4744134154532,0.4208754208754209,1183,1162,5,0,1157,1133,87847,26,0,0,26,29
2020-09-01,US,Wisconsin,Door,134,3,0,44.95856458,-87.30002707,55029.0,484.3140089634235,2.238805970149253,131,128,3,0,125,128,27610,6,0,0,6,0
2020-09-01,US,Wisconsin,Douglas,257,0,0,46.43222285,-91.91595768,55031.0,595.5967555040556,0.0,257,252,0,0,252,249,43208,5,0,0,5,3
2020-09-01,US,Wisconsin,Dunn,179,0,0,44.94562799,-91.8962481,55033.0,394.5512255334156,0.0,179,175,0,0,175,176,45131,4,0,0,4,-1
2020-09-01,US,Wisconsin,Eau Claire,825,6,0,44.726614,-91.28609183,55035.0,788.3722263631672,0.7272727272727273,819,801,6,0,795,801,104534,24,0,0,24,0
2020-09-01,US,Wisconsin,Florence,27,0,0,45.84963535,-88.39804137,55037.0,628.6379511059373,0.0,27,25,0,0,25,25,4321,2,0,0,2,0
2020-09-01,US,Wisconsin,Fond du Lac,1157,9,0,43.75354908,-88.48885325,55039.0,1118.9230486542945,0.7778738115816768,1148,1120,9,0,1111,1093,103066,37,0,0,37,27
2020-09-01,US,Wisconsin,Forest,78,4,0,45.66678019,-88.77084892,55041.0,866.2816525988451,5.128205128205129,74,78,4,0,74,77,8991,0,0,0,0,1
2020-09-01,US,Wisconsin,Grant,434,17,0,42.8671731,-90.7063218,55043.0,843.7178016679951,3.91705069124424,417,434,17,0,417,435,51554,0,0,0,0,-1
2020-09-01,US,Wisconsin,Green,270,1,0,42.6794956,-89.60243287,55045.0,730.5194805194806,0.3703703703703704,269,270,1,0,269,268,36929,0,0,0,0,2
2020-09-01,US,Wisconsin,Green Lake,94,0,0,43.80025981,-89.04679553,55047.0,497.01263681065933,0.0,94,92,0,0,92,91,18918,2,0,0,2,1
2020-09-01,US,Wisconsin,Iowa,121,0,0,43.00050278,-90.13469017,55049.0,511.0228904468283,0.0,121,121,0,0,121,120,23771,0,0,0,0,1
2020-09-01,US,Wisconsin,Iron,123,1,0,46.26302338,-90.24295041,55051.0,2162.827501318797,0.8130081300813008,122,122,1,0,121,122,5676,1,0,0,1,0
2020-09-01,US,Wisconsin,Jackson,76,1,0,44.31864893,-90.80566792,55053.0,368.16354212081575,1.3157894736842106,75,76,1,0,75,76,20478,0,0,0,0,0
2020-09-01,US,Wisconsin,Jefferson,923,6,0,43.02054068,-88.77529134,55055.0,1088.8414396772405,0.6500541711809318,917,902,6,0,896,900,85129,21,0,0,21,2
2020-09-01,US,Wisconsin,Juneau,238,1,0,43.92456975,-90.11120239,55057.0,891.8199872597145,0.4201680672268908,237,199,1,0,198,197,26617,39,0,0,39,2
2020-09-01,US,Wisconsin,Kenosha,2979,63,0,42.57639354,-88.04051686,55059.0,1756.8898508501363,2.114803625377644,2916,2967,63,0,2904,2961,169290,12,0,0,12,6
2020-09-01,US,Wisconsin,Kewaunee,188,2,0,44.51727459,-87.61468386,55061.0,920.0352353919938,1.0638297872340423,186,181,2,0,179,171,20383,7,0,0,7,10
2020-09-01,US,Wisconsin,La Crosse,1202,1,0,43.90632465,-91.11451093,55063.0,1018.5059652928417,0.08319467554076539,1201,1182,1,0,1181,1177,118230,20,0,0,20,5
2020-09-01,US,Wisconsin,Lafayette,185,0,0,42.66005229,-90.1317729,55065.0,1110.1110111011099,0.0,185,185,0,0,185,185,16665,0,0,0,0,0
2020-09-01,US,Wisconsin,Langlade,84,2,0,45.26271619,-89.07483625,55067.0,437.75079472614516,2.380952380952381,82,83,2,0,81,83,19268,1,0,0,1,0
2020-09-01,US,Wisconsin,Lincoln,84,1,0,45.33737523,-89.73411273,55069.0,304.42503533504873,1.1904761904761905,83,83,1,0,82,82,27689,1,0,0,1,1
2020-09-01,US,Wisconsin,Manitowoc,535,2,0,44.11946801,-87.80928853,55071.0,677.3781035945352,0.37383177570093457,533,518,2,0,516,517,79074,17,0,0,17,1
2020-09-01,US,Wisconsin,Marathon,784,14,0,44.89792533,-89.75863384,55073.0,577.7790879344398,1.7857142857142858,770,778,13,0,765,773,135428,6,1,0,5,5
2020-09-01,US,Wisconsin,Marinette,614,6,0,45.38553432,-88.03324599999998,55075.0,1521.6852540272614,0.977198697068404,608,610,6,0,604,610,40434,4,0,0,4,0
2020-09-01,US,Wisconsin,Marquette,90,1,0,43.81911946,-89.40073763,55077.0,577.8862206241171,1.1111111111111112,89,91,1,0,90,89,15434,-1,0,0,-1,2
2020-09-01,US,Wisconsin,Menominee,29,0,0,45.00422544,-88.70950714,55078.0,636.523266022827,0.0,29,29,0,0,29,29,4658,0,0,0,0,0
2020-09-01,US,Wisconsin,Milwaukee,24189,493,0,43.00486062,-87.96733172,55079.0,2557.7175630150805,2.0381164992351897,23696,24079,489,0,23590,24040,948201,110,4,0,106,39
2020-09-01,US,Wisconsin,Monroe,286,2,0,43.94641218,-90.61881899999999,55081.0,618.3382699500572,0.6993006993006993,284,282,2,0,280,281,46051,4,0,0,4,1
2020-09-01,US,Wisconsin,Oconto,430,2,0,45.02715345,-88.26807503,55083.0,1133.6672818349589,0.4651162790697674,428,429,2,0,427,424,37830,1,0,0,1,5
2020-09-01,US,Wisconsin,Oneida,216,0,0,45.70677897,-89.51944105,55085.0,606.826801517067,0.0,216,212,0,0,212,210,35470,4,0,0,4,2
2020-09-01,US,Wisconsin,Outagamie,1940,19,0,44.41578887,-88.46565023,55087.0,1032.546504510738,0.9793814432989691,1921,1866,20,0,1846,1845,187365,74,-1,0,75,21
2020-09-01,US,Wisconsin,Ozaukee,926,18,0,43.38352225,-87.94625009,55089.0,1037.87224980666,1.9438444924406049,908,909,18,0,891,909,89147,17,0,0,17,0
2020-09-01,US,Wisconsin,Pepin,47,0,0,44.58307413,-91.99949611,55091.0,644.9842184712502,0.0,47,46,0,0,46,46,7289,1,0,0,1,0
2020-09-01,US,Wisconsin,Pierce,293,5,0,44.71850291,-92.4224416,55093.0,685.3159938251391,1.706484641638225,288,291,5,0,286,291,42555,2,0,0,2,0
2020-09-01,US,Wisconsin,Polk,171,2,0,45.46130348,-92.44182875,55095.0,390.5625471073248,1.1695906432748535,169,171,2,0,169,171,43598,0,0,0,0,0
2020-09-01,US,Wisconsin,Portage,633,1,0,44.47558711,-89.50152965,55097.0,894.4215226360707,0.1579778830963665,632,603,1,0,602,596,70942,30,0,0,30,7
2020-09-01,US,Wisconsin,Price,36,0,0,45.68051754,-90.36098879999999,55099.0,269.64272339150625,0.0,36,36,0,0,36,36,13397,0,0,0,0,0
2020-09-01,US,Wisconsin,Racine,4026,90,0,42.74753117,-88.05941254,55101.0,2050.827513486254,2.2354694485842033,3936,4006,89,0,3917,3998,196584,20,1,0,19,8
2020-09-01,US,Wisconsin,Richland,51,4,0,43.3762778,-90.43012729,55103.0,295.6178993739856,7.84313725490196,47,49,4,0,45,49,17377,2,0,0,2,0
2020-09-01,US,Wisconsin,Rock,1704,26,0,42.67151616,-89.07147900000002,55105.0,1043.1333178250916,1.5258215962441315,1678,1686,26,0,1660,1667,163129,18,0,0,18,19
2020-09-01,US,Wisconsin,Rusk,24,1,0,45.47498854,-91.1333012,55107.0,169.27634363097758,4.166666666666667,23,24,1,0,23,24,14147,0,0,0,0,0
2020-09-01,US,Wisconsin,Sauk,650,3,0,43.42574087,-89.94966132,55111.0,1008.6589491325533,0.4615384615384616,647,644,3,0,641,644,64249,6,0,0,6,0
2020-09-01,US,Wisconsin,Sawyer,162,0,0,45.87931905,-91.14504927,55113.0,978.3790312839716,0.0,162,160,0,0,160,159,16489,2,0,0,2,1
2020-09-01,US,Wisconsin,Shawano,279,0,0,44.78902246,-88.76443896,55115.0,682.1682681728158,0.0,279,271,0,0,271,268,40796,8,0,0,8,3
2020-09-01,US,Wisconsin,Sheboygan,1069,9,0,43.72099677,-87.94579284,55117.0,926.8250390150856,0.8419083255378859,1060,1037,9,0,1028,1032,115456,32,0,0,32,5
2020-09-01,US,Wisconsin,St. Croix,645,7,0,45.03437474,-92.45000068,55109.0,711.2375533428165,1.0852713178294573,638,637,7,0,630,636,89694,8,0,0,8,1
2020-09-01,US,Wisconsin,Taylor,112,3,0,45.21179252,-90.5004405,55119.0,550.5579314752003,2.6785714285714284,109,104,3,0,101,103,20412,8,0,0,8,1
2020-09-01,US,Wisconsin,Trempealeau,421,2,0,44.30360275,-91.35893614,55121.0,1419.9467098384432,0.4750593824228028,419,411,2,0,409,411,29442,10,0,0,10,0
2020-09-01,US,Wisconsin,Vernon,103,0,0,43.59422667,-90.8324691,55123.0,334.1768866394134,0.0,103,107,0,0,107,98,30785,-4,0,0,-4,9
2020-09-01,US,Wisconsin,Vilas,111,0,0,46.05467334,-89.51719204,55125.0,500.1126379815274,0.0,111,105,0,0,105,104,21938,6,0,0,6,1
2020-09-01,US,Wisconsin,Walworth,1712,28,0,42.66858202,-88.54163073,55127.0,1648.2458505025604,1.6355140186915889,1684,1703,27,0,1676,1695,103718,9,1,0,8,8
2020-09-01,US,Wisconsin,Washburn,69,0,0,45.89838588,-91.79050449,55129.0,438.9312977099237,0.0,69,65,0,0,65,64,15878,4,0,0,4,1
2020-09-01,US,Wisconsin,Washington,1656,29,0,43.36863664,-88.22974712,55131.0,1217.3427231427436,1.7512077294685993,1627,1622,29,0,1593,1622,135693,34,0,0,34,0
2020-09-01,US,Wisconsin,Waukesha,5607,75,0,43.01833055,-88.30431188,55133.0,1387.191425984295,1.3376136971642592,5532,5568,74,0,5494,5565,403072,39,1,0,38,3
2020-09-01,US,Wisconsin,Waupaca,684,17,0,44.47068056,-88.96534501,55135.0,1341.4394979407728,2.4853801169590644,667,663,17,0,646,662,51128,21,0,0,21,1
2020-09-01,US,Wisconsin,Waushara,164,2,0,44.11324419,-89.24317107,55137.0,670.9487378799656,1.2195121951219512,162,154,2,0,152,154,24263,10,0,0,10,0
2020-09-01,US,Wisconsin,Winnebago,1555,21,0,44.06886922,-88.64477096,55139.0,904.558860314007,1.3504823151125402,1534,1528,21,0,1507,1512,171020,27,0,0,27,16
2020-09-01,US,Wisconsin,Wood,472,3,0,44.45537896,-90.04158336,55141.0,646.5841997835587,0.6355932203389829,469,458,2,0,456,456,73055,14,1,0,13,2
2020-09-01,US,Wyoming,Albany,141,0,0,41.65498705,-105.72354150000001,56001.0,362.65432098765433,0.0,141,134,0,0,134,134,38601,7,0,0,7,0
2020-09-01,US,Wyoming,Big Horn,44,0,0,44.52405055,-107.9960365,56003.0,373.19762510602203,0.0,44,43,0,0,43,42,11881,1,0,0,1,1
2020-09-01,US,Wyoming,Campbell,196,0,0,44.24886082,-105.54744040000001,56005.0,422.95159793703203,0.0,196,193,0,0,193,189,46140,3,0,0,3,4
2020-09-01,US,Wyoming,Carbon,191,0,0,41.69357844,-106.9326084,56007.0,1290.5405405405404,0.0,191,191,0,0,191,190,14971,0,0,0,0,1
2020-09-01,US,Wyoming,Converse,31,0,0,42.97272268,-105.5081848,56009.0,224.2801331211113,0.0,31,31,0,0,31,31,13640,0,0,0,0,0
2020-09-01,US,Wyoming,Crook,14,0,0,44.58855102,-104.56977049999999,56011.0,184.59915611814347,0.0,14,14,0,0,14,14,7450,0,0,0,0,0
2020-09-01,US,Wyoming,Fremont,606,0,0,43.04183996,-108.6296893,56013.0,1543.5164667227018,0.0,606,606,0,0,606,604,39531,0,0,0,0,2
2020-09-01,US,Wyoming,Goshen,61,0,0,42.08798185,-104.3534743,56015.0,461.7364317614109,0.0,61,61,0,0,61,60,13376,0,0,0,0,1
2020-09-01,US,Wyoming,Hot Springs,29,0,0,43.71930657,-108.44231740000001,56017.0,657.1493315205076,0.0,29,29,0,0,29,29,4555,0,0,0,0,0
2020-09-01,US,Wyoming,Johnson,27,1,0,44.04057166,-106.58451740000001,56019.0,319.7158081705151,3.703703703703704,26,27,1,0,26,27,8460,0,0,0,0,0
2020-09-01,US,Wyoming,Laramie,572,0,0,41.30702520000001,-104.6887497,56021.0,574.8743718592965,0.0,572,570,0,0,570,568,98976,2,0,0,2,2
2020-09-01,US,Wyoming,Lincoln,114,0,0,42.26376367,-110.6563997,56023.0,574.8865355521938,0.0,114,112,0,0,112,112,19434,2,0,0,2,0
2020-09-01,US,Wyoming,Natrona,248,0,0,42.96180148,-106.79788500000001,56025.0,310.55122843046405,0.0,248,246,0,0,246,246,79115,2,0,0,2,0
2020-09-01,US,Wyoming,Niobrara,3,0,0,43.05607708,-104.47588959999999,56027.0,127.33446519524618,0.0,3,3,0,0,3,3,2388,0,0,0,0,0
2020-09-01,US,Wyoming,Park,167,0,0,44.52157546,-109.58528249999999,56029.0,572.0353497293963,0.0,167,164,0,0,164,160,29324,3,0,0,3,4
2020-09-01,US,Wyoming,Platte,7,0,0,42.13299116,-104.96633100000001,56031.0,83.40283569641367,0.0,7,7,0,0,7,7,8566,0,0,0,0,0
2020-09-01,US,Wyoming,Sheridan,150,0,0,44.79048913,-106.8862389,56033.0,492.0452681646712,0.0,150,149,0,0,149,148,30233,1,0,0,1,1
2020-09-01,US,Wyoming,Sublette,48,0,0,42.76558279,-109.91309220000001,56035.0,488.2514494964907,0.0,48,48,0,0,48,48,9813,0,0,0,0,0
2020-09-01,US,Wyoming,Sweetwater,302,0,0,41.65943896,-108.8827882,56037.0,713.2229648348015,0.0,302,302,0,0,302,301,43051,0,0,0,0,1
2020-09-01,US,Wyoming,Teton,430,0,0,43.93522482,-110.5890801,56039.0,1832.5946130242075,0.0,430,430,0,0,430,429,23081,0,0,0,0,1
2020-09-01,US,Wyoming,Uinta,301,0,0,41.2878183,-110.54757820000002,56041.0,1488.1835261544547,0.0,301,298,0,0,298,295,20299,3,0,0,3,3
2020-09-01,US,Wyoming,Unassigned,73,36,0,0.0,0.0,90056.0,0.0,49.31506849315068,37,73,36,0,37,73,,0,0,0,0,0
2020-09-01,US,Wyoming,Washakie,108,0,0,43.90451606,-107.68018700000002,56043.0,1383.7283792440744,0.0,108,108,0,0,108,108,7885,0,0,0,0,0
2020-09-01,US,Wyoming,Weston,11,0,0,43.83961191,-104.56748809999999,56045.0,158.79890284394398,0.0,11,11,0,0,11,11,6967,0,0,0,0,0
