Date,Country/Region,Province/State,Admin2,Confirmed,Deaths,Recovered,Latitude,Longitude,FIPS,Incidence_Rate,Case-Fatality_Ratio,Active Cases,Previous Confirmed,Previous Deaths,Previous Recovered,Previous Active,Prev2 Confirmed,Population,Daily Confirmed,Daily Deaths,Daily Recovered,Daily Active,Previous Daily Confirmed
2020-08-18,US,Alabama,Autauga,1235,22,0,32.53952745,-86.64408227,1001.0,2210.5282,1.781376518,1213,1219,22,0,1197,1218,55601,16,0,0,16,1
2020-08-18,US,Alabama,Baldwin,3906,30,0,30.72774991,-87.72207058,1003.0,1749.7334640000001,0.768049155,3876,3888,29,0,3859,3877,218022,18,1,0,17,11
2020-08-18,US,Alabama,Barbour,606,6,0,31.868263,-85.3871286,1005.0,2454.832699,0.99009901,600,605,6,0,599,604,24881,1,0,0,1,1
2020-08-18,US,Alabama,Bibb,476,5,0,32.99642064,-87.12511459999999,1007.0,2125.569349,1.050420168,471,474,5,0,469,469,22400,2,0,0,2,5
2020-08-18,US,Alabama,Blount,887,5,0,33.98210918,-86.56790593,1009.0,1533.912081,0.5636978579999999,882,863,5,0,858,860,57840,24,0,0,24,3
2020-08-18,US,Alabama,Bullock,504,13,0,32.10030533,-85.71265535,1011.0,4989.60499,2.579365079,491,496,13,0,483,496,10138,8,0,0,8,0
2020-08-18,US,Alabama,Butler,796,36,0,31.75300095,-86.68057478,1013.0,4092.965858,4.522613065,760,795,36,0,759,792,19680,1,0,0,1,3
2020-08-18,US,Alabama,Calhoun,1982,23,0,33.77483727,-85.82630386,1015.0,1744.641521,1.160443996,1959,1936,21,0,1915,1919,114277,46,2,0,44,17
2020-08-18,US,Alabama,Chambers,859,38,0,32.91360079,-85.39072749,1017.0,2583.147892,4.423748545,821,855,38,0,817,854,33615,4,0,0,4,1
2020-08-18,US,Alabama,Cherokee,313,8,0,34.17805983,-85.60638968,1019.0,1194.838907,2.555910543,305,306,8,0,298,302,26032,7,0,0,7,4
2020-08-18,US,Alabama,Chilton,880,9,0,32.85044126,-86.7173256,1021.0,1980.7328710000002,1.0227272729999999,871,864,9,0,855,859,44153,16,0,0,16,5
2020-08-18,US,Alabama,Choctaw,297,12,0,32.02227341,-88.26564429999999,1023.0,2359.202478,4.04040404,285,296,12,0,284,293,12841,1,0,0,1,3
2020-08-18,US,Alabama,Clarke,839,10,0,31.68099859,-87.83548597,1025.0,3551.7737700000002,1.191895113,829,835,10,0,825,833,23920,4,0,0,4,2
2020-08-18,US,Alabama,Clay,310,5,0,33.26984193,-85.85836077,1027.0,2342.274273,1.612903226,305,304,5,0,299,301,13275,6,0,0,6,3
2020-08-18,US,Alabama,Cleburne,148,1,0,33.67679204,-85.52005899,1029.0,992.6224011,0.6756756759999999,147,134,1,0,133,133,14987,14,0,0,14,1
2020-08-18,US,Alabama,Coffee,847,6,0,31.39932826,-85.98901039,1031.0,1618.203355,0.708382527,841,816,6,0,810,812,51909,31,0,0,31,4
2020-08-18,US,Alabama,Colbert,1300,18,0,34.69847452,-87.80168544,1033.0,2353.324523,1.384615385,1282,1276,18,0,1258,1272,54762,24,0,0,24,4
2020-08-18,US,Alabama,Conecuh,408,10,0,31.43401703,-86.99320044,1035.0,3381.122068,2.450980392,398,403,10,0,393,403,12277,5,0,0,5,0
2020-08-18,US,Alabama,Coosa,106,3,0,32.93690146,-86.24847739,1037.0,994.0917189999999,2.830188679,103,106,3,0,103,106,10715,0,0,0,0,0
2020-08-18,US,Alabama,Covington,786,22,0,31.247785399999998,-86.45050893,1039.0,2121.514751,2.798982188,764,775,22,0,753,773,36986,11,0,0,11,2
2020-08-18,US,Alabama,Crenshaw,353,9,0,31.72941803,-86.31593104,1041.0,2563.1716530000003,2.549575071,344,350,9,0,341,349,13824,3,0,0,3,1
2020-08-18,US,Alabama,Cullman,1303,12,0,34.13020303,-86.86888037,1043.0,1555.486582,0.92095165,1291,1284,12,0,1272,1274,83442,19,0,0,19,10
2020-08-18,US,Alabama,Dale,890,30,0,31.43037123,-85.61095742,1045.0,1809.9731550000001,3.370786517,860,885,30,0,855,879,48956,5,0,0,5,6
2020-08-18,US,Alabama,Dallas,1368,25,0,32.32688101,-87.10866709999999,1047.0,3677.8148189999997,1.82748538,1343,1365,25,0,1340,1363,38310,3,0,0,3,2
2020-08-18,US,Alabama,DeKalb,1932,14,0,34.45946862,-85.80782906,1049.0,2701.606701,0.7246376809999999,1918,1899,14,0,1885,1896,71385,33,0,0,33,3
2020-08-18,US,Alabama,Elmore,1837,40,0,32.59785413,-86.14415284,1051.0,2262.0645489999997,2.177463255,1797,1826,39,0,1787,1826,81887,11,1,0,10,0
2020-08-18,US,Alabama,Escambia,1126,17,0,31.1256789,-87.15918694,1053.0,3073.731335,1.5097690940000001,1109,1114,17,0,1097,1113,36748,12,0,0,12,1
2020-08-18,US,Alabama,Etowah,2336,36,0,34.04567266,-86.04051873,1055.0,2284.194469,1.54109589,2300,2292,35,0,2257,2263,102501,44,1,0,43,29
2020-08-18,US,Alabama,Fayette,247,6,0,33.72076938,-87.73886638,1057.0,1515.151515,2.429149798,241,246,5,0,241,241,16433,1,1,0,0,5
2020-08-18,US,Alabama,Franklin,1373,22,0,34.44235334,-87.84289505,1059.0,4377.909572,1.602330663,1351,1360,22,0,1338,1351,31363,13,0,0,13,9
2020-08-18,US,Alabama,Geneva,297,2,0,31.09389027,-85.83572839,1061.0,1130.524152,0.673400673,295,287,2,0,285,283,26314,10,0,0,10,4
2020-08-18,US,Alabama,Greene,261,13,0,32.85504247,-87.95684022,1063.0,3217.8522989999997,4.980842912,248,258,13,0,245,258,8233,3,0,0,3,0
2020-08-18,US,Alabama,Hale,498,26,0,32.76039258,-87.63284988,1065.0,3399.0853869999996,5.2208835339999995,472,497,26,0,471,495,14726,1,0,0,1,2
2020-08-18,US,Alabama,Henry,278,3,0,31.51148016,-85.24267944,1067.0,1615.809358,1.079136691,275,277,3,0,274,275,17209,1,0,0,1,2
2020-08-18,US,Alabama,Houston,1540,13,0,31.15197924,-85.29939599,1069.0,1454.449293,0.8441558440000001,1527,1532,13,0,1519,1519,104722,8,0,0,8,13
2020-08-18,US,Alabama,Jackson,1156,5,0,34.78144169,-85.99750489,1071.0,2239.181808,0.43252595200000005,1151,1130,5,0,1125,1124,51736,26,0,0,26,6
2020-08-18,US,Alabama,Jefferson,14198,264,0,33.55554728,-86.89506300000001,1073.0,2155.873381,1.859416819,13934,14059,262,0,13797,13988,659300,139,2,0,137,71
2020-08-18,US,Alabama,Lamar,247,2,0,33.77995024,-88.09668032,1075.0,1789.206809,0.809716599,245,245,2,0,243,240,13844,2,0,0,2,5
2020-08-18,US,Alabama,Lauderdale,1269,21,0,34.90171875,-87.65624729,1077.0,1368.5039199999999,1.6548463359999999,1248,1240,21,0,1219,1238,92387,29,0,0,29,2
2020-08-18,US,Alabama,Lawrence,377,3,0,34.52041498,-87.31069453,1079.0,1145.0613529999998,0.7957559679999999,374,370,3,0,367,370,32957,7,0,0,7,0
2020-08-18,US,Alabama,Lee,2861,47,0,32.60154883,-85.35132246,1081.0,1738.765786,1.6427822440000002,2814,2779,47,0,2732,2776,163941,82,0,0,82,3
2020-08-18,US,Alabama,Limestone,1473,13,0,34.81185586,-86.98310072,1083.0,1489.157357,0.8825526140000001,1460,1455,13,0,1442,1449,96174,18,0,0,18,6
2020-08-18,US,Alabama,Lowndes,585,24,0,32.1597283,-86.65158371,1085.0,6014.805676,4.102564103,561,580,24,0,556,578,9974,5,0,0,5,2
2020-08-18,US,Alabama,Macon,355,15,0,32.38759944,-85.69267724,1087.0,1964.7996460000002,4.2253521130000005,340,346,15,0,331,346,18439,9,0,0,9,0
2020-08-18,US,Alabama,Madison,5773,38,0,34.76327133,-86.55069633,1089.0,1548.098866,0.658236619,5735,5735,37,0,5698,5687,366519,38,1,0,37,48
2020-08-18,US,Alabama,Marengo,591,17,0,32.24767634,-87.78796182,1091.0,3133.117744,2.8764805410000003,574,591,17,0,574,585,19066,0,0,0,0,6
2020-08-18,US,Alabama,Marion,619,27,0,34.13697363,-87.88704173,1093.0,2083.543707,4.36187399,592,608,27,0,581,606,29763,11,0,0,11,2
2020-08-18,US,Alabama,Marshall,3317,38,0,34.36975964,-86.30486727,1095.0,3427.5735219999997,1.145613506,3279,3253,38,0,3215,3233,96109,64,0,0,64,20
2020-08-18,US,Alabama,Mobile,11138,229,0,30.78472347,-88.20842409,1097.0,2695.4817160000002,2.056024421,10909,11074,228,0,10846,11022,413757,64,1,0,63,52
2020-08-18,US,Alabama,Monroe,434,6,0,31.56729412,-87.36995001,1099.0,2093.281242,1.382488479,428,432,6,0,426,432,21067,2,0,0,2,0
2020-08-18,US,Alabama,Montgomery,7226,153,0,32.2206831,-86.20969272,1101.0,3190.48418,2.117353999,7073,7165,153,0,7012,7152,225763,61,0,0,61,13
2020-08-18,US,Alabama,Morgan,2555,22,0,34.45500589,-86.85475946,1103.0,2134.877464,0.8610567509999999,2533,2515,21,0,2494,2502,119089,40,1,0,39,13
2020-08-18,US,Alabama,Perry,459,4,0,32.64048341,-87.29770589,1105.0,5144.009862,0.871459695,455,457,4,0,453,456,9140,2,0,0,2,1
2020-08-18,US,Alabama,Pickens,443,10,0,33.28094866,-88.08818103,1107.0,2222.779729,2.257336343,433,440,10,0,430,436,19938,3,0,0,3,4
2020-08-18,US,Alabama,Pike,731,7,0,31.80396383,-85.9408295,1109.0,2207.525518,0.9575923390000001,724,725,7,0,718,723,33338,6,0,0,6,2
2020-08-18,US,Alabama,Randolph,416,11,0,33.29526734,-85.45708831,1111.0,1830.824751,2.644230769,405,409,11,0,398,409,22725,7,0,0,7,0
2020-08-18,US,Alabama,Russell,1453,2,0,32.28725256,-85.18415324,1113.0,2506.85806,0.137646249,1451,1410,2,0,1408,1407,57781,43,0,0,43,3
2020-08-18,US,Alabama,Shelby,3538,38,0,33.26879845,-86.66232561,1117.0,1625.157325,1.074053137,3500,3517,38,0,3479,3495,215707,21,0,0,21,22
2020-08-18,US,Alabama,St. Clair,1442,22,0,33.71902176,-86.31029372,1115.0,1610.95719,1.525658807,1420,1419,22,0,1397,1412,88690,23,0,0,23,7
2020-08-18,US,Alabama,Sumter,379,19,0,32.59117397,-88.19916205,1119.0,3049.810896,5.013192612,360,378,19,0,359,374,12691,1,0,0,1,4
2020-08-18,US,Alabama,Talladega,1170,15,0,33.37823223,-86.16886178,1121.0,1462.902298,1.282051282,1155,1144,15,0,1129,1133,79828,26,0,0,26,11
2020-08-18,US,Alabama,Tallapoosa,902,79,0,32.86698258,-85.79833053,1123.0,2234.498476,8.758314856,823,889,79,0,810,887,40497,13,0,0,13,2
2020-08-18,US,Alabama,Tuscaloosa,4524,85,0,33.28726072,-87.52556818,1125.0,2160.922834,1.878868258,4439,4484,85,0,4399,4449,208911,40,0,0,40,35
2020-08-18,US,Alabama,Unassigned,4546,69,0,0.0,0.0,90001.0,0.0,1.5178178619999998,4477,4409,70,0,4339,4354,,137,-1,0,138,55
2020-08-18,US,Alabama,Walker,1645,67,0,33.80270512,-87.30027177,1127.0,2589.694747,4.072948328,1578,1628,66,0,1562,1618,63711,17,1,0,16,10
2020-08-18,US,Alabama,Washington,475,13,0,31.4092794,-88.20689944,1129.0,2909.469558,2.736842105,462,467,13,0,454,465,16378,8,0,0,8,2
2020-08-18,US,Alabama,Wilcox,456,10,0,31.98773215,-87.30891118,1131.0,4396.02815,2.1929824559999997,446,455,10,0,445,449,10627,1,0,0,1,6
2020-08-18,US,Alabama,Winston,484,11,0,34.15030532,-87.37325922,1133.0,2048.330441,2.272727273,473,478,11,0,467,477,23660,6,0,0,6,1
2020-08-18,US,Alaska,Aleutians East,2,0,0,55.32222414,-161.9722021,2013.0,59.93407252,0.0,2,2,0,0,2,2,3515,0,0,0,0,0
2020-08-18,US,Alaska,Aleutians West,5,0,0,52.3233,-174.1596,2016.0,88.74689386,0.0,5,5,0,0,5,5,5723,0,0,0,0,0
2020-08-18,US,Alaska,Anchorage,2519,16,0,61.14998174,-149.14269860000002,2020.0,874.6527777999999,0.6351726879999999,2503,2497,15,0,2482,2461,291538,22,1,0,21,36
2020-08-18,US,Alaska,Bethel,33,0,0,60.90980451,-159.8561831,2050.0,179.48439030000003,0.0,33,33,0,0,33,31,18216,0,0,0,0,2
2020-08-18,US,Alaska,Bristol Bay,11,0,0,58.74513976,-156.701064,2060.0,1315.789474,0.0,11,11,0,0,11,11,877,0,0,0,0,0
2020-08-18,US,Alaska,Denali,1,0,0,63.67264044,-150.0076108,2068.0,47.68717215,0.0,1,1,0,0,1,1,2059,0,0,0,0,0
2020-08-18,US,Alaska,Dillingham,4,0,0,59.79603738,-158.23819419999998,2070.0,81.36696501,0.0,4,4,0,0,4,4,5000,0,0,0,0,0
2020-08-18,US,Alaska,Fairbanks North Star,503,6,0,64.80726247,-146.5692662,2090.0,519.3651973999999,1.192842942,497,495,6,0,489,491,98971,8,0,0,8,4
2020-08-18,US,Alaska,Haines,5,0,0,59.09893571,-135.4679843,2100.0,197.6284585,0.0,5,5,0,0,5,5,2474,0,0,0,0,0
2020-08-18,US,Alaska,Juneau,150,1,0,58.45031811,-134.200436,2110.0,469.1311691000001,0.666666667,149,148,1,0,147,147,32113,2,0,0,2,1
2020-08-18,US,Alaska,Kenai Peninsula,379,2,0,60.24429722,-151.53888840000002,2122.0,645.5678952999999,0.527704485,377,365,2,0,363,364,58533,14,0,0,14,1
2020-08-18,US,Alaska,Ketchikan Gateway,39,0,0,55.57445008,-130.975561,2130.0,280.5553557,0.0,39,39,0,0,39,39,13918,0,0,0,0,0
2020-08-18,US,Alaska,Kodiak Island,11,0,0,57.65529415,-153.7493579,2150.0,84.62840437,0.0,11,11,0,0,11,11,13345,0,0,0,0,0
2020-08-18,US,Alaska,Kusilvak,8,0,0,62.15429159999999,-163.39678830000003,2158.0,96.22323791,0.0,8,8,0,0,8,8,8303,0,0,0,0,0
2020-08-18,US,Alaska,Matanuska-Susitna,389,2,0,62.31305045,-149.5741743,2170.0,359.13106899999997,0.5141388170000001,387,381,2,0,379,379,107610,8,0,0,8,2
2020-08-18,US,Alaska,Nome,26,0,0,64.90320724,-164.0353804,2180.0,259.8960416,0.0,26,26,0,0,26,24,10008,0,0,0,0,2
2020-08-18,US,Alaska,North Slope,24,0,0,69.31479216,-153.4836093,2185.0,244.100895,0.0,24,24,0,0,24,23,9872,0,0,0,0,1
2020-08-18,US,Alaska,Northwest Arctic,48,0,0,67.04919196,-159.7503946,2188.0,629.8386039,0.0,48,45,0,0,45,45,7671,3,0,0,3,0
2020-08-18,US,Alaska,Petersburg,7,1,0,57.13978948,-132.9540995,2195.0,214.32945499999997,14.28571429,6,7,1,0,6,7,3221,0,0,0,0,0
2020-08-18,US,Alaska,Prince of Wales-Hyder,16,0,0,55.76261984,-133.0511621,2198.0,257.9397066,0.0,16,15,0,0,15,15,6422,1,0,0,1,0
2020-08-18,US,Alaska,Sitka,33,0,0,57.24124555,-135.3206587,2220.0,388.5552808,0.0,33,31,0,0,31,31,8647,2,0,0,2,0
2020-08-18,US,Alaska,Southeast Fairbanks,18,0,0,63.87692095,-143.2127643,2240.0,261.13448430000005,0.0,18,18,0,0,18,18,6918,0,0,0,0,0
2020-08-18,US,Alaska,Unassigned,1,0,0,0.0,0.0,90002.0,0.0,0.0,1,1,0,0,1,1,,0,0,0,0,0
2020-08-18,US,Alaska,Valdez-Cordova,63,0,0,61.47502768,-144.7126799,2261.0,684.6337752999999,0.0,63,62,0,0,62,62,9164,1,0,0,1,0
2020-08-18,US,Alaska,Wrangell,8,0,0,56.3202004,-132.05837309999998,2275.0,319.7442046,0.0,8,8,0,0,8,8,2503,0,0,0,0,0
2020-08-18,US,Alaska,Yakutat,9,0,0,59.890980799999994,-140.36014509999998,2282.0,1554.404145,0.0,9,9,0,0,9,9,604,0,0,0,0,0
2020-08-18,US,Alaska,Yukon-Koyukuk,59,1,0,65.50815459,-151.39073869999999,2290.0,1128.107075,1.694915254,58,58,1,0,57,57,5327,1,0,0,1,1
2020-08-18,US,Arizona,Apache,3257,142,0,35.39465006,-109.4892383,4001.0,4530.721827,4.359840344,3115,3241,142,0,3099,3241,71818,16,0,0,16,0
2020-08-18,US,Arizona,Cochise,1772,57,0,31.87934684,-109.7516088,4003.0,1407.220343,3.216704289,1715,1762,57,0,1705,1761,126770,10,0,0,10,1
2020-08-18,US,Arizona,Coconino,3196,121,0,35.83883429,-111.77071780000001,4005.0,2227.550252,3.785982478,3075,3188,120,0,3068,3180,142854,8,1,0,7,8
2020-08-18,US,Arizona,Gila,1016,42,0,33.80190085,-110.8132779,4007.0,1880.85453,4.133858268,974,1002,42,0,960,1002,53889,14,0,0,14,0
2020-08-18,US,Arizona,Graham,614,21,0,32.93166885,-109.8882178,4009.0,1580.966604,3.42019544,593,609,21,0,588,604,38072,5,0,0,5,5
2020-08-18,US,Arizona,Greenlee,57,1,0,33.21498827,-109.2405279,4011.0,600.1263424,1.754385965,56,57,1,0,56,57,9483,0,0,0,0,0
2020-08-18,US,Arizona,La Paz,492,12,0,33.72854224,-113.98100290000001,4012.0,2330.869812,2.43902439,480,490,12,0,478,490,21098,2,0,0,2,0
2020-08-18,US,Arizona,Maricopa,129958,2612,0,33.34835867,-112.49181540000001,4013.0,2897.346822,2.009880115,127346,129562,2596,0,126966,129385,4410824,396,16,0,380,177
2020-08-18,US,Arizona,Mohave,3383,185,0,35.70471703,-113.7577902,4015.0,1594.393466,5.468519066,3198,3368,184,0,3184,3363,209550,15,1,0,14,5
2020-08-18,US,Arizona,Navajo,5468,208,0,35.3997715,-110.3218983,4017.0,4929.5012799999995,3.8039502560000003,5260,5455,208,0,5247,5452,110445,13,0,0,13,3
2020-08-18,US,Arizona,Pima,19976,534,0,32.0971334,-111.7890033,4019.0,1907.4191309999999,2.673207849,19442,19743,531,0,19212,19581,1039073,233,3,0,230,162
2020-08-18,US,Arizona,Pinal,8935,171,0,32.90525627,-111.3449483,4021.0,1930.6854739999999,1.913822048,8764,8777,169,0,8608,8710,447138,158,2,0,156,67
2020-08-18,US,Arizona,Santa Cruz,2708,55,0,31.52508998,-110.8479088,4023.0,5823.906405,2.031019202,2653,2705,55,0,2650,2704,46511,3,0,0,3,1
2020-08-18,US,Arizona,Unassigned,0,1,0,0.0,0.0,90004.0,0.0,0.0,-1,0,1,0,-1,0,,0,0,0,0,0
2020-08-18,US,Arizona,Yavapai,2180,73,0,34.59933926,-112.5538588,4025.0,927.2689377999999,3.3486238530000003,2107,2160,73,0,2087,2146,231993,20,0,0,20,14
2020-08-18,US,Arizona,Yuma,11908,294,0,32.76895712,-113.90666740000002,4027.0,5570.029982999999,2.468928451,11614,11886,294,0,11592,11861,212128,22,0,0,22,25
2020-08-18,US,Arkansas,Arkansas,251,2,0,34.29145151,-91.37277296,5001.0,1435.4340619999998,0.7968127490000001,249,249,2,0,247,247,17769,2,0,0,2,2
2020-08-18,US,Arkansas,Ashley,362,6,0,33.19153461,-91.76984709999999,5003.0,1841.5831510000003,1.6574585640000001,356,363,6,0,357,362,20046,-1,0,0,-1,1
2020-08-18,US,Arkansas,Baxter,89,0,0,36.28784385,-92.33782872,5005.0,212.2484022,0.0,89,89,0,0,89,86,41619,0,0,0,0,3
2020-08-18,US,Arkansas,Benton,4950,43,0,36.33644656,-94.25680817,5007.0,1773.297366,0.868686869,4907,4933,43,0,4890,4917,272608,17,0,0,17,16
2020-08-18,US,Arkansas,Boone,232,2,0,36.3084504,-93.09374925,5009.0,619.7905535,0.8620689659999999,230,230,2,0,228,230,37480,2,0,0,2,0
2020-08-18,US,Arkansas,Bradley,230,4,0,33.46755808,-92.15980837,5011.0,2136.950664,1.739130435,226,227,4,0,223,221,10897,3,0,0,3,6
2020-08-18,US,Arkansas,Calhoun,22,0,0,33.55598792,-92.49974403,5013.0,423.97379069999994,0.0,22,16,0,0,16,16,5277,6,0,0,6,0
2020-08-18,US,Arkansas,Carroll,401,7,0,36.340385600000005,-93.54270261,5015.0,1412.966878,1.74563591,394,395,7,0,388,392,28223,6,0,0,6,3
2020-08-18,US,Arkansas,Chicot,926,9,0,33.26458973,-91.29539209,5017.0,9152.006325,0.971922246,917,925,9,0,916,921,10438,1,0,0,1,4
2020-08-18,US,Arkansas,Clark,195,2,0,34.04613432,-93.17484713,5019.0,873.655914,1.025641026,193,192,2,0,190,189,22061,3,0,0,3,3
2020-08-18,US,Arkansas,Clay,147,5,0,36.36826212,-90.4148172,5021.0,1010.2398460000001,3.4013605439999997,142,147,5,0,142,146,14847,0,0,0,0,1
2020-08-18,US,Arkansas,Cleburne,229,5,0,35.53864922,-92.02640019,5023.0,918.9774871,2.183406114,224,228,5,0,223,225,24965,1,0,0,1,3
2020-08-18,US,Arkansas,Cleveland,121,2,0,33.89723187,-92.18537045,5025.0,1520.864756,1.652892562,119,121,2,0,119,120,8018,0,0,0,0,1
2020-08-18,US,Arkansas,Columbia,250,12,0,33.21230701,-93.22642793,5027.0,1065.7799380000001,4.8,238,244,12,0,232,242,23537,6,0,0,6,2
2020-08-18,US,Arkansas,Conway,169,3,0,35.26205537,-92.70506566,5029.0,810.7070901000001,1.775147929,166,168,3,0,165,162,20891,1,0,0,1,6
2020-08-18,US,Arkansas,Craighead,1512,14,0,35.83018283,-90.63235729,5031.0,1370.40931,0.9259259259999999,1498,1498,14,0,1484,1482,108558,14,0,0,14,16
2020-08-18,US,Arkansas,Crawford,757,5,0,35.58928601,-94.2446814,5033.0,1196.705503,0.660501982,752,746,5,0,741,736,63406,11,0,0,11,10
2020-08-18,US,Arkansas,Crittenden,1503,26,0,35.21247318,-90.30839406,5035.0,3134.188302,1.7298735859999999,1477,1493,24,0,1469,1482,48342,10,2,0,8,11
2020-08-18,US,Arkansas,Cross,229,4,0,35.29631396,-90.77185818,5037.0,1394.725623,1.746724891,225,228,4,0,224,225,16676,1,0,0,1,3
2020-08-18,US,Arkansas,Dallas,71,2,0,33.97042763,-92.65167437,5039.0,1012.9833070000001,2.816901408,69,68,2,0,66,68,7182,3,0,0,3,0
2020-08-18,US,Arkansas,Desha,212,3,0,33.83011025,-91.25500948,5041.0,1866.0329199999999,1.41509434,209,211,2,0,209,210,11512,1,1,0,0,1
2020-08-18,US,Arkansas,Drew,277,3,0,33.59035001,-91.71777921,5043.0,1520.390801,1.083032491,274,270,3,0,267,260,18328,7,0,0,7,10
2020-08-18,US,Arkansas,Faulkner,1412,7,0,35.14719007,-92.33717519,5045.0,1120.572667,0.495750708,1405,1402,6,0,1396,1397,124806,10,1,0,9,5
2020-08-18,US,Arkansas,Franklin,146,2,0,35.51202821,-93.89299569,5047.0,824.1603161,1.369863014,144,141,2,0,139,140,17810,5,0,0,5,1
2020-08-18,US,Arkansas,Fulton,51,0,0,36.38177105,-91.81729127,5049.0,408.7521039,0.0,51,49,0,0,49,48,12269,2,0,0,2,1
2020-08-18,US,Arkansas,Garland,1207,18,0,34.57692074,-93.14921604,5051.0,1214.4567650000001,1.4913007459999998,1189,1201,17,0,1184,1182,99154,6,1,0,5,19
2020-08-18,US,Arkansas,Grant,157,0,0,34.29017991,-92.42320562,5053.0,859.5674787999999,0.0,157,154,0,0,154,150,18188,3,0,0,3,4
2020-08-18,US,Arkansas,Greene,548,3,0,36.117354600000006,-90.55832668,5055.0,1209.0457800000001,0.547445255,545,544,3,0,541,534,45325,4,0,0,4,10
2020-08-18,US,Arkansas,Hempstead,272,2,0,33.73325583,-93.66935133,5057.0,1263.236114,0.735294118,270,271,2,0,269,267,21741,1,0,0,1,4
2020-08-18,US,Arkansas,Hot Spring,1647,14,0,34.31709259,-92.95396325,5059.0,4876.9654439999995,0.8500303579999999,1633,1644,13,0,1631,1643,33701,3,1,0,2,1
2020-08-18,US,Arkansas,Howard,376,4,0,34.09007427,-93.9934871,5061.0,2848.053325,1.063829787,372,376,4,0,372,374,13341,0,0,0,0,2
2020-08-18,US,Arkansas,Independence,626,2,0,35.74242707,-91.57001641,5063.0,1654.990086,0.319488818,624,621,2,0,619,614,37678,5,0,0,5,7
2020-08-18,US,Arkansas,Izard,65,0,0,36.09604046,-91.90847954,5065.0,476.9242057,0.0,65,61,0,0,61,61,13593,4,0,0,4,0
2020-08-18,US,Arkansas,Jackson,131,1,0,35.59802983,-91.21494602,5067.0,783.5396853999999,0.763358779,130,124,1,0,123,124,16811,7,0,0,7,0
2020-08-18,US,Arkansas,Jefferson,1718,41,0,34.26767081,-91.92619839,5069.0,2570.9325989999998,2.386495925,1677,1710,41,0,1669,1696,68114,8,0,0,8,14
2020-08-18,US,Arkansas,Johnson,695,2,0,35.56759135,-93.46036368,5071.0,2614.944691,0.287769784,693,695,2,0,693,691,26742,0,0,0,0,4
2020-08-18,US,Arkansas,Lafayette,62,2,0,33.24116713,-93.60677071,5073.0,935.9903382000001,3.225806452,60,61,2,0,59,59,6682,1,0,0,1,2
2020-08-18,US,Arkansas,Lawrence,232,9,0,36.04188196,-91.10867198,5075.0,1414.116787,3.879310345,223,231,9,0,222,230,16434,1,0,0,1,1
2020-08-18,US,Arkansas,Lee,983,8,0,34.78498904,-90.78383866,5077.0,11098.56611,0.8138351979999999,975,979,8,0,971,977,8985,4,0,0,4,2
2020-08-18,US,Arkansas,Lincoln,1355,12,0,33.95317155,-91.74002806,5079.0,10403.869779999999,0.8856088559999999,1343,1348,12,0,1336,1346,13383,7,0,0,7,2
2020-08-18,US,Arkansas,Little River,227,4,0,33.70375665,-94.23468591,5081.0,1851.700791,1.762114537,223,219,3,0,216,218,12326,8,1,0,7,1
2020-08-18,US,Arkansas,Logan,337,1,0,35.21413234,-93.71951016,5083.0,1569.924532,0.296735905,336,338,1,0,337,337,21737,-1,0,0,-1,1
2020-08-18,US,Arkansas,Lonoke,589,2,0,34.75392199,-91.88742357,5085.0,803.448417,0.339558574,587,580,2,0,578,573,73657,9,0,0,9,7
2020-08-18,US,Arkansas,Madison,280,2,0,36.01038185,-93.72524943,5087.0,1689.1891890000002,0.7142857140000001,278,279,2,0,277,278,16481,1,0,0,1,1
2020-08-18,US,Arkansas,Marion,34,0,0,36.26844485,-92.68451899,5089.0,203.6659878,0.0,34,34,0,0,34,33,16722,0,0,0,0,1
2020-08-18,US,Arkansas,Miller,541,5,0,33.31403423,-93.89285258,5091.0,1250.664632,0.9242144179999999,536,538,5,0,533,535,43592,3,0,0,3,3
2020-08-18,US,Arkansas,Mississippi,1164,15,0,35.76271485,-90.05194370000001,5093.0,2863.3981940000003,1.288659794,1149,1159,14,0,1145,1154,41239,5,1,0,4,5
2020-08-18,US,Arkansas,Monroe,79,0,0,34.6815935,-91.20540287,5095.0,1178.928518,0.0,79,76,0,0,76,76,6900,3,0,0,3,0
2020-08-18,US,Arkansas,Montgomery,45,1,0,34.53704874,-93.65824478,5097.0,500.77898949999997,2.222222222,44,44,1,0,43,43,8924,1,0,0,1,1
2020-08-18,US,Arkansas,Nevada,147,9,0,33.66340119,-93.30632432,5099.0,1781.386331,6.12244898,138,147,9,0,138,147,8326,0,0,0,0,0
2020-08-18,US,Arkansas,Newton,107,11,0,35.91947491,-93.21612969,5101.0,1380.110925,10.28037383,96,107,11,0,96,107,7805,0,0,0,0,0
2020-08-18,US,Arkansas,Ouachita,118,3,0,33.58839816,-92.87795984,5103.0,504.6617056,2.542372881,115,118,3,0,115,118,23606,0,0,0,0,0
2020-08-18,US,Arkansas,Perry,55,0,0,34.945915299999996,-92.94372564,5105.0,526.0640842,0.0,55,55,0,0,55,55,10352,0,0,0,0,0
2020-08-18,US,Arkansas,Phillips,357,9,0,34.43268455,-90.84800154,5107.0,2007.648184,2.521008403,348,355,9,0,346,349,18029,2,0,0,2,6
2020-08-18,US,Arkansas,Pike,146,1,0,34.16250414,-93.65789349,5109.0,1362.194439,0.684931507,145,144,1,0,143,140,10673,2,0,0,2,4
2020-08-18,US,Arkansas,Poinsett,350,4,0,35.57433534,-90.66268713,5111.0,1487.589255,1.142857143,346,347,4,0,343,340,23974,3,0,0,3,7
2020-08-18,US,Arkansas,Polk,177,1,0,34.48254879,-94.22728802,5113.0,886.5958726,0.564971751,176,171,1,0,170,161,20049,6,0,0,6,10
2020-08-18,US,Arkansas,Pope,1468,12,0,35.44871474,-93.03212219,5115.0,2291.172431,0.8174386920000001,1456,1465,12,0,1453,1449,64000,3,0,0,3,16
2020-08-18,US,Arkansas,Prairie,112,0,0,34.83624419,-91.55162157,5117.0,1389.233441,0.0,112,111,0,0,111,109,8074,1,0,0,1,2
2020-08-18,US,Arkansas,Pulaski,6201,91,0,34.77054088,-92.31355101,5119.0,1582.24699,1.467505241,6110,6146,88,0,6058,6085,392680,55,3,0,52,61
2020-08-18,US,Arkansas,Randolph,271,11,0,36.3415714,-91.02455531,5121.0,1509.0767349999999,4.05904059,260,265,11,0,254,260,17948,6,0,0,6,5
2020-08-18,US,Arkansas,Saline,1293,9,0,34.64916145,-92.67583224,5125.0,1056.0533169999999,0.6960556840000001,1284,1277,8,0,1269,1267,121421,16,1,0,15,10
2020-08-18,US,Arkansas,Scott,79,0,0,34.85588887,-94.0632176,5127.0,768.4077424,0.0,79,78,0,0,78,78,10319,1,0,0,1,0
2020-08-18,US,Arkansas,Searcy,35,0,0,35.9109364,-92.69936482,5129.0,444.1060779,0.0,35,34,0,0,34,34,7958,1,0,0,1,0
2020-08-18,US,Arkansas,Sebastian,2499,23,0,35.19605503,-94.27162713,5131.0,1954.986036,0.920368147,2476,2456,22,0,2434,2435,127753,43,1,0,42,21
2020-08-18,US,Arkansas,Sevier,1074,11,0,33.99780401,-94.2424869,5133.0,6315.046745000001,1.024208566,1063,1067,11,0,1056,1058,17139,7,0,0,7,9
2020-08-18,US,Arkansas,Sharp,126,5,0,36.16258158,-91.47819342,5135.0,722.3942208,3.968253968,121,128,5,0,123,128,17366,-2,0,0,-2,0
2020-08-18,US,Arkansas,St. Francis,1243,3,0,35.02201976,-90.74828138,5123.0,4973.193566,0.241351569,1240,1243,3,0,1240,1238,25439,0,0,0,0,5
2020-08-18,US,Arkansas,Stone,91,1,0,35.86251946,-92.15684085,5137.0,727.6507277000001,1.098901099,90,87,1,0,86,86,12457,4,0,0,4,1
2020-08-18,US,Arkansas,Unassigned,785,0,0,0.0,0.0,90005.0,0.0,0.0,785,774,0,0,774,755,,11,0,0,11,19
2020-08-18,US,Arkansas,Union,578,21,0,33.16887091,-92.59746952,5139.0,1494.235045,3.633217993,557,561,20,0,541,556,39126,17,1,0,16,5
2020-08-18,US,Arkansas,Van Buren,62,2,0,35.58095779,-92.51295036,5141.0,374.7355697,3.225806452,60,58,2,0,56,55,16603,4,0,0,4,3
2020-08-18,US,Arkansas,Washington,6472,53,0,35.976844,-94.21800746,5143.0,2705.832675,0.818912237,6419,6442,53,0,6389,6430,236961,30,0,0,30,12
2020-08-18,US,Arkansas,White,409,4,0,35.25688493,-91.74908296,5145.0,519.3452948,0.97799511,405,408,3,0,405,394,78727,1,1,0,0,14
2020-08-18,US,Arkansas,Woodruff,25,0,0,35.18902527,-91.2439489,5147.0,395.5696203,0.0,25,25,0,0,25,24,6490,0,0,0,0,1
2020-08-18,US,Arkansas,Yell,1093,19,0,35.00292371,-93.41171338,5149.0,5121.596926,1.7383348580000002,1074,1088,18,0,1070,1088,21535,5,1,0,4,0
2020-08-18,US,California,Alameda,15437,224,0,37.64629437,-121.8929271,6001.0,923.63622,1.451059144,15213,15123,221,0,14902,14973,1666753,314,3,0,311,150
2020-08-18,US,California,Alpine,2,0,0,38.59678594,-119.82235940000001,6003.0,177.1479185,0.0,2,2,0,0,2,2,1101,0,0,0,0,0
2020-08-18,US,California,Amador,211,11,0,38.44583082,-120.65696000000001,6005.0,530.7909036,5.213270142,200,210,11,0,199,208,39383,1,0,0,1,2
2020-08-18,US,California,Butte,1421,12,0,39.66727762,-121.6005252,6007.0,648.3078299,0.8444757209999999,1409,1370,12,0,1358,1370,231256,51,0,0,51,0
2020-08-18,US,California,Calaveras,174,1,0,38.20537103,-120.55291299999999,6009.0,379.0436772,0.574712644,173,174,1,0,173,174,45602,0,0,0,0,0
2020-08-18,US,California,Colusa,420,5,0,39.17881957,-122.2331726,6011.0,1949.2272710000002,1.19047619,415,415,5,0,410,409,21627,5,0,0,5,6
2020-08-18,US,California,Contra Costa,11668,157,0,37.91923498,-121.9289527,6013.0,1011.5073259999999,1.3455605069999999,11511,11408,157,0,11251,11228,1150215,260,0,0,260,180
2020-08-18,US,California,Del Norte,108,0,0,41.74228275,-123.89740630000001,6015.0,388.3215878,0.0,108,106,0,0,106,106,27828,2,0,0,2,0
2020-08-18,US,California,El Dorado,849,2,0,38.77965956,-120.5233166,6017.0,440.2545076,0.23557126,847,827,2,0,825,827,190678,22,0,0,22,0
2020-08-18,US,California,Fresno,21010,208,0,36.75733899,-119.6466953,6019.0,2102.8904989999996,0.99000476,20802,19900,203,0,19697,19900,994400,1110,5,0,1105,0
2020-08-18,US,California,Glenn,421,3,0,39.59875897,-122.3938452,6021.0,1482.759835,0.712589074,418,413,3,0,410,407,28047,8,0,0,8,6
2020-08-18,US,California,Humboldt,320,4,0,40.69923009,-123.876044,6023.0,236.06131690000004,1.25,316,309,4,0,305,309,136373,11,0,0,11,0
2020-08-18,US,California,Imperial,10268,265,0,33.0393082,-115.36690420000001,6025.0,5666.197611,2.580833658,10003,10145,257,0,9888,10058,181827,123,8,0,115,87
2020-08-18,US,California,Inyo,148,8,0,36.51112084,-117.41119779999998,6027.0,820.4445923,5.405405405,140,127,5,0,122,127,17987,21,3,0,18,0
2020-08-18,US,California,Kern,26968,216,0,35.34329425,-118.72777959999999,6029.0,2995.7720600000002,0.800949273,26752,26788,204,0,26584,26570,896764,180,12,0,168,218
2020-08-18,US,California,Kings,5543,66,0,36.07409056,-119.8159973,6031.0,3624.29711,1.1906909620000001,5477,5514,66,0,5448,5409,151366,29,0,0,29,105
2020-08-18,US,California,Lake,275,2,0,39.10124298,-122.75362439999999,6033.0,427.1114839,0.727272727,273,272,2,0,270,268,64382,3,0,0,3,4
2020-08-18,US,California,Lassen,703,0,0,40.67311306,-120.59350990000002,6035.0,2299.414516,0.0,703,703,0,0,703,703,30802,0,0,0,0,0
2020-08-18,US,California,Los Angeles,224105,5340,0,34.30828379,-118.22824109999999,6037.0,2232.320066,2.3828116280000002,218765,223230,5273,0,217957,221971,10105518,875,67,0,808,1259
2020-08-18,US,California,Madera,3129,47,0,37.21513971,-119.76655890000002,6039.0,1988.8512460000002,1.502077341,3082,2924,47,0,2877,2924,157672,205,0,0,205,0
2020-08-18,US,California,Marin,5788,83,0,38.07122463,-122.72106310000001,6041.0,2236.251381,1.434001382,5705,5774,82,0,5692,5750,259666,14,1,0,13,24
2020-08-18,US,California,Mariposa,64,2,0,37.57978556,-119.9073334,6043.0,372.02813460000004,3.125,62,64,2,0,62,64,17471,0,0,0,0,0
2020-08-18,US,California,Mendocino,556,10,0,39.4381191,-123.39113130000001,6045.0,640.9295784,1.798561151,546,541,10,0,531,537,87606,15,0,0,15,4
2020-08-18,US,California,Merced,7041,93,0,37.18922369,-120.72090349999999,6047.0,2535.65255,1.3208351090000001,6948,6777,89,0,6688,6777,274765,264,4,0,260,0
2020-08-18,US,California,Modoc,5,0,0,41.58965602,-120.7244817,6049.0,56.55468838,0.0,5,5,0,0,5,5,8777,0,0,0,0,0
2020-08-18,US,California,Mono,161,1,0,37.93899289,-118.8872409,6051.0,1114.649682,0.621118012,160,161,1,0,160,160,14250,0,0,0,0,1
2020-08-18,US,California,Monterey,6662,46,0,36.21862405,-121.24133970000001,6053.0,1534.80732,0.690483338,6616,6548,46,0,6502,6461,435594,114,0,0,114,87
2020-08-18,US,California,Napa,1264,13,0,38.50735751,-122.33283899999999,6055.0,917.6443257000001,1.028481013,1251,1245,13,0,1232,1206,139417,19,0,0,19,39
2020-08-18,US,California,Nevada,385,2,0,39.30394768,-120.76272809999999,6057.0,385.9455666,0.519480519,383,373,2,0,371,373,99696,12,0,0,12,0
2020-08-18,US,California,Orange,44212,815,0,33.70147516,-117.76459979999998,6059.0,1392.200503,1.843390935,43397,43925,810,0,43115,43709,3185968,287,5,0,282,216
2020-08-18,US,California,Placer,2643,28,0,39.06167234,-120.72405690000001,6061.0,663.5218626,1.059402194,2615,2625,28,0,2597,2582,393149,18,0,0,18,43
2020-08-18,US,California,Plumas,39,0,0,40.00355989,-120.8395236,6063.0,207.3695964,0.0,39,39,0,0,39,39,18804,0,0,0,0,0
2020-08-18,US,California,Riverside,47490,912,0,33.74314981,-115.9933578,6065.0,1922.2471469999998,1.9204042959999998,46578,45662,881,0,44781,45662,2450758,1828,31,0,1797,0
2020-08-18,US,California,Sacramento,14602,219,0,38.45106826,-121.34253740000001,6067.0,940.8153561,1.499794549,14383,14326,218,0,14108,13615,1540975,276,1,0,275,711
2020-08-18,US,California,San Benito,848,4,0,36.60308176,-121.069975,6069.0,1350.146478,0.471698113,844,836,4,0,832,828,61537,12,0,0,12,8
2020-08-18,US,California,San Bernardino,42150,616,0,34.84060306,-116.1774685,6071.0,1933.410853,1.461447212,41534,41564,568,0,40996,41124,2171603,586,48,0,538,440
2020-08-18,US,California,San Diego,34960,626,0,33.03484597,-116.73653259999999,6073.0,1047.230202,1.790617849,34334,34678,626,0,34052,34344,3343364,282,0,0,282,334
2020-08-18,US,California,San Francisco,8427,70,0,37.75215114,-122.43856720000001,6075.0,955.9309806,0.8306633440000001,8357,8346,69,0,8277,8292,883305,81,1,0,80,54
2020-08-18,US,California,San Joaquin,15201,280,0,37.93433732,-121.2730061,6077.0,1994.4945079999998,1.84198408,14921,15008,269,0,14739,14651,752660,193,11,0,182,357
2020-08-18,US,California,San Luis Obispo,2571,19,0,35.38822029,-120.4039028,6079.0,908.1243752,0.7390120579999999,2552,2562,19,0,2543,2439,284010,9,0,0,9,123
2020-08-18,US,California,San Mateo,7228,127,0,37.422880799999994,-122.32755459999998,6081.0,942.8978062000001,1.757055894,7101,7150,126,0,7024,6952,769545,78,1,0,77,198
2020-08-18,US,California,Santa Barbara,7454,80,0,34.65329488,-120.0188492,6083.0,1669.43263,1.073249262,7374,7274,77,0,7197,7274,446527,180,3,0,177,0
2020-08-18,US,California,Santa Clara,14636,209,0,37.23104908,-121.6970462,6085.0,759.1869085,1.4279857880000002,14427,14429,209,0,14220,14207,1937570,207,0,0,207,222
2020-08-18,US,California,Santa Cruz,1505,7,0,37.05580291,-122.0066524,6087.0,550.8522654,0.46511627899999997,1498,1454,7,0,1447,1454,274255,51,0,0,51,0
2020-08-18,US,California,Shasta,511,11,0,40.76391419,-122.0396884,6089.0,283.76277210000006,2.152641879,500,488,10,0,478,488,180040,23,1,0,22,0
2020-08-18,US,California,Sierra,6,0,0,39.57713498,-120.52007009999998,6091.0,199.66722130000002,0.0,6,6,0,0,6,6,2987,0,0,0,0,0
2020-08-18,US,California,Siskiyou,114,0,0,41.59198861,-122.54074340000001,6093.0,261.8342176,0.0,114,113,0,0,113,111,43724,1,0,0,1,2
2020-08-18,US,California,Solano,4767,41,0,38.26827353,-121.9357113,6095.0,1064.911101,0.860079715,4726,4596,41,0,4555,4596,446610,171,0,0,171,0
2020-08-18,US,California,Sonoma,4465,57,0,38.52746429,-122.88625060000001,6097.0,903.2318098999999,1.276595745,4408,4377,57,0,4320,4293,499942,88,0,0,88,84
2020-08-18,US,California,Stanislaus,12668,200,0,37.55862499,-120.9970722,6099.0,2300.5121129999998,1.5787811809999999,12468,12541,198,0,12343,12379,549815,127,2,0,125,162
2020-08-18,US,California,Sutter,1157,7,0,39.03417539,-121.6945899,6101.0,1193.140217,0.605012965,1150,1137,7,0,1130,1094,96807,20,0,0,20,43
2020-08-18,US,California,Tehama,330,1,0,40.12570935,-122.23701709999999,6103.0,507.0370598,0.303030303,329,318,1,0,317,318,63916,12,0,0,12,0
2020-08-18,US,California,Trinity,8,0,0,40.649176700000005,-123.114713,6105.0,65.12006512,0.0,8,8,0,0,8,8,12535,0,0,0,0,0
2020-08-18,US,California,Tulare,12718,206,0,36.22026558,-118.8020203,6107.0,2728.042986,1.619751533,12512,12451,206,0,12245,12105,465861,267,0,0,267,346
2020-08-18,US,California,Tuolumne,165,2,0,38.02644018,-119.95250929999999,6109.0,302.87455489999996,1.212121212,163,160,2,0,158,160,54539,5,0,0,5,0
2020-08-18,US,California,Ventura,9297,96,0,34.44465746,-119.09106129999999,6111.0,1098.928376,1.032591158,9201,9090,95,0,8995,9090,850967,207,1,0,206,0
2020-08-18,US,California,Yolo,2076,46,0,38.68278902,-121.90182879999999,6113.0,941.4965986,2.215799615,2030,2046,46,0,2000,2019,220408,30,0,0,30,27
2020-08-18,US,California,Yuba,786,4,0,39.26255932,-121.35356440000001,6115.0,999.1356079,0.508905852,782,758,4,0,754,758,78041,28,0,0,28,0
2020-08-18,US,Colorado,Adams,6899,185,0,39.87432092,-104.3362578,8001.0,1333.343641,2.68154805,6714,6848,184,0,6664,6816,511868,51,1,0,50,32
2020-08-18,US,Colorado,Alamosa,234,9,0,37.57250606,-105.7885451,8003.0,1441.508039,3.8461538460000004,225,233,9,0,224,233,16683,1,0,0,1,0
2020-08-18,US,Colorado,Arapahoe,7646,364,0,39.64977461,-104.3353617,8005.0,1164.5014390000001,4.760659168,7282,7610,364,0,7246,7594,651215,36,0,0,36,16
2020-08-18,US,Colorado,Archuleta,42,0,0,37.19474156,-107.04768670000001,8007.0,299.379856,0.0,42,41,0,0,41,40,13765,1,0,0,1,1
2020-08-18,US,Colorado,Baca,15,0,0,37.31940883,-102.5603223,8009.0,418.8774085,0.0,15,15,0,0,15,15,3585,0,0,0,0,0
2020-08-18,US,Colorado,Bent,11,0,0,37.95474293,-103.0720195,8011.0,197.23865880000002,0.0,11,11,0,0,11,11,5882,0,0,0,0,0
2020-08-18,US,Colorado,Boulder,2145,77,0,40.09313619,-105.3546767,8013.0,657.5801052,3.58974359,2068,2141,77,0,2064,2136,326078,4,0,0,4,5
2020-08-18,US,Colorado,Broomfield,498,32,0,39.95998787,-105.0566324,8014.0,706.7338394999999,6.425702811,466,492,32,0,460,489,69267,6,0,0,6,3
2020-08-18,US,Colorado,Chaffee,305,19,0,38.74745778,-106.19265729999998,8015.0,1498.329731,6.229508197,286,304,19,0,285,304,20027,1,0,0,1,0
2020-08-18,US,Colorado,Cheyenne,9,0,0,38.82777431,-102.6032558,8017.0,491.5346805,0.0,9,9,0,0,9,9,1876,0,0,0,0,0
2020-08-18,US,Colorado,Clear Creek,31,1,0,39.68864463,-105.6463118,8019.0,319.58762889999997,3.225806452,30,31,1,0,30,31,9605,0,0,0,0,0
2020-08-18,US,Colorado,Conejos,27,0,0,37.201606,-106.19174879999998,8021.0,329.06764169999997,0.0,27,27,0,0,27,27,8200,0,0,0,0,0
2020-08-18,US,Colorado,Costilla,25,0,0,37.27732493,-105.4276548,8023.0,643.1695394999999,0.0,25,24,0,0,24,24,3828,1,0,0,1,0
2020-08-18,US,Colorado,Crowley,73,1,0,38.32608609,-103.7844965,8025.0,1204.4217130000002,1.369863014,72,73,1,0,72,73,5858,0,0,0,0,0
2020-08-18,US,Colorado,Custer,13,0,0,38.10883162,-105.3683478,8027.0,256.5114444,0.0,13,13,0,0,13,13,4954,0,0,0,0,0
2020-08-18,US,Colorado,Delta,138,1,0,38.86246243,-107.86313419999999,8029.0,442.84705729999996,0.7246376809999999,137,133,1,0,132,133,30953,5,0,0,5,0
2020-08-18,US,Colorado,Denver,10651,421,0,39.76018276,-104.87256950000001,8031.0,1464.6368109999999,3.952680499,10230,10607,420,0,10187,10572,716492,44,1,0,43,35
2020-08-18,US,Colorado,Dolores,2,0,0,37.75208676,-108.5211585,8033.0,97.32360097,0.0,2,2,0,0,2,1,2074,0,0,0,0,1
2020-08-18,US,Colorado,Douglas,1849,59,0,39.33133796,-104.930001,8035.0,526.5496049999999,3.190914008,1790,1840,59,0,1781,1833,342776,9,0,0,9,7
2020-08-18,US,Colorado,Eagle,1155,9,0,39.62754308,-106.6933637,8037.0,2095.16208,0.7792207790000001,1146,1154,9,0,1145,1152,54993,1,0,0,1,2
2020-08-18,US,Colorado,El Paso,5534,144,0,38.83240149,-104.5251411,8041.0,768.1811431,2.6020961330000003,5390,5509,144,0,5365,5478,713856,25,0,0,25,31
2020-08-18,US,Colorado,Elbert,114,2,0,39.28656773,-104.13587209999999,8039.0,426.50304910000006,1.754385965,112,111,2,0,109,110,26282,3,0,0,3,1
2020-08-18,US,Colorado,Fremont,138,0,0,38.47362326,-105.43996670000001,8043.0,288.46756830000004,0.0,138,138,0,0,138,137,48021,0,0,0,0,1
2020-08-18,US,Colorado,Garfield,804,4,0,39.59921777,-107.902708,8045.0,1338.63905,0.49751243799999995,800,802,4,0,798,797,59770,2,0,0,2,5
2020-08-18,US,Colorado,Gilpin,17,0,0,39.85646523,-105.5252597,8047.0,272.3049816,0.0,17,17,0,0,17,17,6121,0,0,0,0,0
2020-08-18,US,Colorado,Grand,55,1,0,40.10603347,-106.11780420000001,8049.0,349.5614593,1.8181818180000002,54,54,1,0,53,54,15525,1,0,0,1,0
2020-08-18,US,Colorado,Gunnison,280,7,0,38.66611652,-107.0320729,8051.0,1603.4818460000001,2.5,273,279,7,0,272,279,17246,1,0,0,1,0
2020-08-18,US,Colorado,Hinsdale,3,0,0,37.82247444,-107.3004345,8053.0,365.8536585,0.0,3,3,0,0,3,3,811,0,0,0,0,0
2020-08-18,US,Colorado,Huerfano,8,1,0,37.68473101,-104.9612585,8055.0,115.99246049999999,12.5,7,8,1,0,7,8,6889,0,0,0,0,0
2020-08-18,US,Colorado,Jackson,9,0,0,40.665938700000005,-106.3408905,8057.0,646.5517241,0.0,9,9,0,0,9,9,1399,0,0,0,0,0
2020-08-18,US,Colorado,Jefferson,4453,235,0,39.58635604,-105.2517692,8059.0,763.963828,5.277341118,4218,4429,235,0,4194,4414,580233,24,0,0,24,15
2020-08-18,US,Colorado,Kit Carson,70,3,0,39.30497777,-102.60221990000001,8063.0,986.3322531,4.285714286,67,70,3,0,67,70,7163,0,0,0,0,0
2020-08-18,US,Colorado,La Plata,233,2,0,37.28632032,-107.8429014,8067.0,414.4358869,0.858369099,231,233,2,0,231,228,56310,0,0,0,0,5
2020-08-18,US,Colorado,Lake,79,0,0,39.20278823,-106.35556969999999,8065.0,972.0684139,0.0,79,79,0,0,79,79,7824,0,0,0,0,0
2020-08-18,US,Colorado,Larimer,1711,37,0,40.66671597,-105.4625784,8069.0,479.4073393,2.1624780830000003,1674,1700,36,0,1664,1687,350518,11,1,0,10,13
2020-08-18,US,Colorado,Las Animas,19,0,0,37.3153406,-104.03764579999999,8071.0,130.980284,0.0,19,18,0,0,18,18,14503,1,0,0,1,0
2020-08-18,US,Colorado,Lincoln,8,0,0,38.98749519,-103.51366490000001,8073.0,140.3262586,0.0,8,8,0,0,8,8,5610,0,0,0,0,0
2020-08-18,US,Colorado,Logan,658,5,0,40.7249637,-103.110817,8075.0,2936.320228,0.7598784190000001,653,658,5,0,653,658,21528,0,0,0,0,0
2020-08-18,US,Colorado,Mesa,369,5,0,39.01787888,-108.469799,8077.0,239.28409309999998,1.35501355,364,368,5,0,363,367,153207,1,0,0,1,1
2020-08-18,US,Colorado,Mineral,18,0,0,37.66954283,-106.92816979999999,8079.0,2340.702211,0.0,18,18,0,0,18,18,776,0,0,0,0,0
2020-08-18,US,Colorado,Moffat,33,1,0,40.61810999,-108.2070876,8081.0,248.4378529,3.03030303,32,32,1,0,31,32,13188,1,0,0,1,0
2020-08-18,US,Colorado,Montezuma,117,5,0,37.33859579,-108.59588570000001,8083.0,446.8548295,4.2735042739999995,112,117,5,0,112,115,26158,0,0,0,0,2
2020-08-18,US,Colorado,Montrose,327,13,0,38.40214114,-108.26390220000002,8085.0,764.769166,3.975535168,314,323,13,0,310,321,42214,4,0,0,4,2
2020-08-18,US,Colorado,Morgan,700,47,0,40.262798100000005,-103.8093302,8087.0,2408.1464149999997,6.714285714,653,699,47,0,652,698,28558,1,0,0,1,1
2020-08-18,US,Colorado,Otero,78,6,0,37.9014485,-103.7173385,8089.0,426.74253200000004,7.692307692000001,72,78,6,0,72,78,18432,0,0,0,0,0
2020-08-18,US,Colorado,Ouray,13,1,0,38.14717457,-107.7675136,8091.0,262.52019390000004,7.692307692000001,12,13,1,0,12,13,4833,0,0,0,0,0
2020-08-18,US,Colorado,Park,42,1,0,39.120926000000004,-105.7182065,8093.0,222.87078799999998,2.3809523809999997,41,42,1,0,41,42,18556,0,0,0,0,0
2020-08-18,US,Colorado,Phillips,19,0,0,40.59414277,-102.3577703,8095.0,445.4865182,0.0,19,19,0,0,19,19,4286,0,0,0,0,0
2020-08-18,US,Colorado,Pitkin,190,2,0,39.21720112,-106.9310027,8097.0,1069.3983230000001,1.052631579,188,190,2,0,188,191,17950,0,0,0,0,-1
2020-08-18,US,Colorado,Prowers,70,0,0,37.95544985,-102.3926052,8099.0,575.0903712999999,0.0,70,69,0,0,69,69,12164,1,0,0,1,0
2020-08-18,US,Colorado,Pueblo,760,34,0,38.17359144,-104.5127437,8101.0,451.2421033,4.473684211,726,757,34,0,723,754,167529,3,0,0,3,3
2020-08-18,US,Colorado,Rio Blanco,20,0,0,39.97913541,-108.2179009,8103.0,316.2555345,0.0,20,20,0,0,20,20,6336,0,0,0,0,0
2020-08-18,US,Colorado,Rio Grande,92,2,0,37.5836865,-106.3847838,8105.0,816.5438892000001,2.173913043,90,92,2,0,90,92,11250,0,0,0,0,0
2020-08-18,US,Colorado,Routt,129,8,0,40.48596505,-106.9905548,8107.0,503.1593728,6.201550387999999,121,128,8,0,120,127,25733,1,0,0,1,1
2020-08-18,US,Colorado,Saguache,108,2,0,38.08054629,-106.28246599999999,8109.0,1582.649472,1.8518518519999998,106,107,2,0,105,106,6843,1,0,0,1,1
2020-08-18,US,Colorado,San Juan,2,0,0,37.76248981,-107.67632890000002,8111.0,274.7252747,0.0,2,2,0,0,2,2,762,0,0,0,0,0
2020-08-18,US,Colorado,San Miguel,93,0,0,38.00450883,-108.4020725,8113.0,1137.0583199999999,0.0,93,93,0,0,93,93,8191,0,0,0,0,0
2020-08-18,US,Colorado,Sedgwick,11,1,0,40.87595412,-102.3519227,8115.0,489.32384339999993,9.090909091,10,11,1,0,10,11,2303,0,0,0,0,0
2020-08-18,US,Colorado,Summit,346,4,0,39.63803232,-106.1150762,8117.0,1115.733127,1.1560693640000002,342,345,4,0,341,344,31007,1,0,0,1,1
2020-08-18,US,Colorado,Teller,145,3,0,38.88133511,-105.16148929999999,8119.0,571.1359697,2.068965517,142,145,3,0,142,146,25083,0,0,0,0,-1
2020-08-18,US,Colorado,Washington,51,0,0,39.97015535,-103.202587,8121.0,1039.119804,0.0,51,51,0,0,51,51,4909,0,0,0,0,0
2020-08-18,US,Colorado,Weld,3855,145,0,40.55499405,-104.39296209999999,8123.0,1188.010798,3.761348898,3710,3836,145,0,3691,3825,314305,19,0,0,19,11
2020-08-18,US,Colorado,Yuma,63,0,0,40.00346839,-102.4258673,8125.0,628.8052700000001,0.0,63,63,0,0,63,63,10020,0,0,0,0,0
2020-08-18,US,Connecticut,Fairfield,18322,1411,0,41.26809896,-73.3881171,9001.0,1942.264229,7.701124331,16911,18317,1411,0,16906,18160,943823,5,0,0,5,157
2020-08-18,US,Connecticut,Hartford,12949,1420,0,41.80283011,-72.73103891,9003.0,1452.137442,10.96609777,11529,12956,1420,0,11536,12871,892697,-7,0,0,-7,85
2020-08-18,US,Connecticut,Litchfield,1636,139,0,41.7937534,-73.2451475,9005.0,907.2105493999999,8.496332518,1497,1637,139,0,1498,1632,181111,-1,0,0,-1,5
2020-08-18,US,Connecticut,Middlesex,1424,192,0,41.45949668,-72.53714864,9007.0,876.6529587000001,13.48314607,1232,1425,192,0,1233,1414,162682,-1,0,0,-1,11
2020-08-18,US,Connecticut,New Haven,13376,1109,0,41.408032500000004,-72.93620426,9009.0,1564.889202,8.2909689,12267,13378,1109,0,12269,13316,857620,-2,0,0,-2,62
2020-08-18,US,Connecticut,New London,1497,105,0,41.48896435,-72.10430976,9011.0,564.4668673,7.014028056,1392,1499,105,0,1394,1477,266784,-2,0,0,-2,22
2020-08-18,US,Connecticut,Tolland,1075,65,0,41.85853803,-72.3308481,9013.0,713.2383676,6.046511627999999,1010,1059,65,0,994,1056,150921,16,0,0,16,3
2020-08-18,US,Connecticut,Unassigned,214,0,0,0.0,0.0,90009.0,0.0,0.0,214,234,0,0,234,216,,-20,0,0,-20,18
2020-08-18,US,Connecticut,Windham,762,15,0,41.82972709,-71.98182316,9015.0,652.4978164,1.968503937,747,762,15,0,747,755,117027,0,0,0,0,7
2020-08-18,US,Delaware,Kent,2503,108,0,39.08646628,-75.56884914,10001.0,1384.5098619999999,4.314822213,2395,2496,108,0,2388,2485,178550,7,0,0,7,11
2020-08-18,US,Delaware,New Castle,7617,293,0,39.57992638,-75.64054974,10003.0,1363.2141570000001,3.84665879,7324,7580,293,0,7287,7524,559335,37,0,0,37,56
2020-08-18,US,Delaware,Sussex,6209,192,0,38.66143781,-75.39031349,10005.0,2650.86989,3.092285392,6017,6197,192,0,6005,6181,229286,12,0,0,12,16
2020-08-18,US,Delaware,Unassigned,264,0,0,0.0,0.0,90010.0,0.0,0.0,264,263,0,0,263,261,,1,0,0,1,2
2020-08-18,US,District of Columbia,District of Columbia,13325,599,0,38.90417773,-77.01655992,11001.0,1888.06502,4.495309568,12726,13273,597,0,12676,13220,702455,52,2,0,50,53
2020-08-18,US,Florida,Alachua,4713,29,0,29.67866525,-82.35928158,12001.0,1751.764588,0.61531933,4684,4670,29,0,4641,4629,269956,43,0,0,43,41
2020-08-18,US,Florida,Baker,1086,4,0,30.33060121,-82.28467476,12003.0,3717.9048270000003,0.368324125,1082,1078,4,0,1074,1077,28355,8,0,0,8,1
2020-08-18,US,Florida,Bay,4886,67,0,30.26548745,-85.62122584,12005.0,2796.714462,1.371264838,4819,4836,64,0,4772,4821,185287,50,3,0,47,15
2020-08-18,US,Florida,Bradford,581,4,0,29.95079741,-82.16611613,12007.0,2060.210631,0.6884681579999999,577,573,4,0,569,569,27732,8,0,0,8,4
2020-08-18,US,Florida,Brevard,6614,181,0,28.29409504,-80.73091022,12009.0,1098.776959,2.736619292,6433,6538,178,0,6360,6511,596849,76,3,0,73,27
2020-08-18,US,Florida,Broward,67193,1025,0,26.15184651,-80.48725556,12011.0,3440.892923,1.525456521,66168,66826,1013,0,65813,66447,1951260,367,12,0,355,379
2020-08-18,US,Florida,Calhoun,506,8,0,30.40666734,-85.19394153,12013.0,3587.380362,1.5810276680000002,498,503,8,0,495,503,14587,3,0,0,3,0
2020-08-18,US,Florida,Charlotte,2394,103,0,26.90131002,-81.92949121,12015.0,1267.270129,4.302422723,2291,2388,101,0,2287,2378,184998,6,2,0,4,10
2020-08-18,US,Florida,Citrus,1823,43,0,28.84804315,-82.47614748,12017.0,1218.118765,2.358749314,1780,1799,40,0,1759,1778,147929,24,3,0,21,21
2020-08-18,US,Florida,Clay,3512,69,0,29.98319144,-81.85609986,12019.0,1601.80979,1.964692483,3443,3484,65,0,3419,3461,216072,28,4,0,24,23
2020-08-18,US,Florida,Collier,10977,159,0,26.11091986,-81.34687065,12021.0,2851.894768,1.4484831919999999,10818,10918,154,0,10764,10891,378488,59,5,0,54,27
2020-08-18,US,Florida,Columbia,3071,26,0,30.22509788,-82.62160164,12023.0,4283.960606000001,0.8466297620000001,3045,3045,26,0,3019,3038,70503,26,0,0,26,7
2020-08-18,US,Florida,DeSoto,1424,21,0,27.18677893,-81.80941373,12027.0,3747.2698090000004,1.474719101,1403,1422,20,0,1402,1420,37489,2,1,0,1,2
2020-08-18,US,Florida,Dixie,609,4,0,29.60631086,-83.15724673,12029.0,3619.39855,0.65681445,605,595,4,0,591,591,16700,14,0,0,14,4
2020-08-18,US,Florida,Duval,24836,230,0,30.33225875,-81.66976468,12031.0,2593.1475170000003,0.9260750520000001,24606,24731,222,0,24509,24629,950181,105,8,0,97,102
2020-08-18,US,Florida,Escambia,10405,159,0,30.67652764,-87.37284571,12033.0,3268.764373,1.528111485,10246,10317,152,0,10165,10265,315534,88,7,0,81,52
2020-08-18,US,Florida,Flagler,1170,14,0,29.45933576,-81.31508595,12035.0,1016.675211,1.196581197,1156,1163,14,0,1149,1160,112067,7,0,0,7,3
2020-08-18,US,Florida,Franklin,479,3,0,29.83791238,-84.82731662,12037.0,3950.515464,0.626304802,476,472,3,0,469,473,11736,7,0,0,7,-1
2020-08-18,US,Florida,Gadsden,2060,29,0,30.57796289,-84.61915825,12039.0,4511.607534000001,1.40776699,2031,2046,28,0,2018,2037,45894,14,1,0,13,9
2020-08-18,US,Florida,Gilchrist,416,8,0,29.72856978,-82.79880657,12041.0,2238.725648,1.9230769230000002,408,405,7,0,398,402,18256,11,1,0,10,3
2020-08-18,US,Florida,Glades,423,3,0,26.95635849,-81.18996211,12043.0,3062.776048,0.709219858,420,422,3,0,419,421,13724,1,0,0,1,1
2020-08-18,US,Florida,Gulf,760,5,0,29.93543004,-85.24270990000001,12045.0,5572.256031,0.657894737,755,756,4,0,752,743,16164,4,1,0,3,13
2020-08-18,US,Florida,Hamilton,640,4,0,30.49673973,-82.94998918,12047.0,4435.81924,0.625,636,635,4,0,631,635,14310,5,0,0,5,0
2020-08-18,US,Florida,Hardee,1019,8,0,27.49293939,-81.80956574,12049.0,3782.900843,0.785083415,1011,1012,8,0,1004,1011,27245,7,0,0,7,1
2020-08-18,US,Florida,Hendry,1886,39,0,26.55386945,-81.16469006,12051.0,4488.125268,2.067868505,1847,1884,39,0,1845,1879,41556,2,0,0,2,5
2020-08-18,US,Florida,Hernando,2284,61,0,28.55364461,-82.42700204,12053.0,1177.8052810000002,2.670753065,2223,2255,60,0,2195,2225,190865,29,1,0,28,30
2020-08-18,US,Florida,Highlands,1639,42,0,27.34254618,-81.34071957,12055.0,1543.009386,2.5625381330000003,1597,1632,41,0,1591,1608,105424,7,1,0,6,24
2020-08-18,US,Florida,Hillsborough,34605,490,0,27.9276559,-82.32013172,12057.0,2350.934259,1.41598035,34115,34368,487,0,33881,34238,1436888,237,3,0,234,130
2020-08-18,US,Florida,Holmes,556,4,0,30.86747479,-85.81319222,12059.0,2834.276393,0.71942446,552,534,4,0,530,533,19477,22,0,0,22,1
2020-08-18,US,Florida,Indian River,2668,67,0,27.69308961,-80.60556721,12061.0,1668.302871,2.511244378,2601,2661,67,0,2594,2652,157413,7,0,0,7,9
2020-08-18,US,Florida,Jackson,2111,53,0,30.795459700000002,-85.21500423,12063.0,4548.1966649999995,2.510658456,2058,2036,53,0,1983,2030,48305,75,0,0,75,6
2020-08-18,US,Florida,Jefferson,474,5,0,30.43669112,-83.89442308,12065.0,3327.249754,1.054852321,469,469,5,0,464,467,14288,5,0,0,5,2
2020-08-18,US,Florida,Lafayette,1030,4,0,29.98484137,-83.18166636,12067.0,12229.87414,0.388349515,1026,1009,2,0,1007,989,8732,21,2,0,19,20
2020-08-18,US,Florida,Lake,5698,89,0,28.76202069,-81.7125123,12069.0,1552.0895189999999,1.561951562,5609,5650,86,0,5564,5619,356495,48,3,0,45,31
2020-08-18,US,Florida,Lee,17495,384,0,26.58410348,-81.88399313,12071.0,2270.3766140000002,2.194912832,17111,17451,375,0,17076,17401,754610,44,9,0,35,50
2020-08-18,US,Florida,Leon,5516,27,0,30.45955727,-84.27491114,12073.0,1878.8617829999998,0.489485134,5489,5443,27,0,5416,5402,292502,73,0,0,73,41
2020-08-18,US,Florida,Levy,794,5,0,29.31829741,-82.74007147,12075.0,1913.114715,0.629722922,789,785,6,0,779,767,40770,9,-1,0,10,18
2020-08-18,US,Florida,Liberty,412,7,0,30.23766008,-84.8829258,12077.0,4931.769212,1.699029126,405,411,7,0,404,411,8457,1,0,0,1,0
2020-08-18,US,Florida,Madison,772,12,0,30.44396917,-83.47398594,12079.0,4174.552533,1.554404145,760,766,11,0,755,763,18529,6,1,0,5,3
2020-08-18,US,Florida,Manatee,9891,247,0,27.47196942,-82.31831044,12081.0,2452.8025829999997,2.497219695,9644,9843,245,0,9598,9781,394855,48,2,0,46,62
2020-08-18,US,Florida,Marion,7448,118,0,29.21227113,-82.05803627,12083.0,2037.316148,1.584317938,7330,7319,115,0,7204,7247,359977,129,3,0,126,72
2020-08-18,US,Florida,Martin,3967,104,0,27.0772071,-80.43109784,12085.0,2463.975155,2.621628435,3863,3937,104,0,3833,3923,160912,30,0,0,30,14
2020-08-18,US,Florida,Miami-Dade,146990,2126,0,25.6112362,-80.55170587,12086.0,5410.130514,1.446356895,144864,146026,2081,0,143945,145307,2761581,964,45,0,919,719
2020-08-18,US,Florida,Monroe,1650,13,0,25.20904673,-81.07812416,12087.0,2222.880854,0.787878788,1637,1643,13,0,1630,1633,75027,7,0,0,7,10
2020-08-18,US,Florida,Nassau,1354,13,0,30.61037141,-81.80297522,12089.0,1527.7856140000001,0.9601181679999999,1341,1345,13,0,1332,1334,85832,9,0,0,9,11
2020-08-18,US,Florida,Okaloosa,3773,63,0,30.69143028,-86.59267105,12091.0,1790.374778,1.669758813,3710,3742,50,0,3692,3728,207269,31,13,0,18,14
2020-08-18,US,Florida,Okeechobee,1155,12,0,27.386336199999995,-80.88944347,12093.0,2739.043825,1.0389610390000001,1143,1148,12,0,1136,1142,41537,7,0,0,7,6
2020-08-18,US,Florida,Orange,33709,352,0,28.51367621,-81.31799498,12095.0,2419.100191,1.044231511,33357,33486,351,0,33135,33382,1380645,223,1,0,222,104
2020-08-18,US,Florida,Osceola,10424,121,0,28.06312234,-81.14882926,12097.0,2774.17758,1.160782809,10303,10373,119,0,10254,10314,367990,51,2,0,49,59
2020-08-18,US,Florida,Palm Beach,39460,1006,0,26.64676272,-80.46536002,12099.0,2636.343593,2.549417131,38454,39274,992,0,38282,39129,1485941,186,14,0,172,145
2020-08-18,US,Florida,Pasco,7527,152,0,28.30810945,-82.40227529,12101.0,1358.794253,2.019396838,7375,7490,152,0,7338,7453,539630,37,0,0,37,37
2020-08-18,US,Florida,Pinellas,18876,570,0,27.93130349,-82.72239666,12103.0,1936.007943,3.019707565,18306,18774,558,0,18216,18730,975280,102,12,0,90,44
2020-08-18,US,Florida,Polk,15607,387,0,27.95027105,-81.69732947,12105.0,2153.3519969999998,2.479656564,15220,15506,360,0,15146,15429,708009,101,27,0,74,77
2020-08-18,US,Florida,Putnam,1624,33,0,29.60779729,-81.74230285,12107.0,2179.251486,2.032019704,1591,1611,33,0,1578,1611,74163,13,0,0,13,0
2020-08-18,US,Florida,Santa Rosa,4264,50,0,30.693414500000003,-87.02458128,12113.0,2313.455915,1.17260788,4214,4237,47,0,4190,4223,179349,27,3,0,24,14
2020-08-18,US,Florida,Sarasota,6764,178,0,27.18546175,-82.33174248,12115.0,1559.452393,2.631578947,6586,6728,173,0,6555,6689,426718,36,5,0,31,39
2020-08-18,US,Florida,Seminole,7530,151,0,28.7158582,-81.24060348,12117.0,1595.927312,2.005312085,7379,7492,145,0,7347,7471,467832,38,6,0,32,21
2020-08-18,US,Florida,St. Johns,4021,50,0,29.90096506,-81.43589967,12109.0,1519.238907,1.243471773,3971,3978,47,0,3931,3971,254261,43,3,0,40,7
2020-08-18,US,Florida,St. Lucie,6326,206,0,27.37763908,-80.47106649,12111.0,1926.91374,3.25640215,6120,6283,197,0,6086,6254,321128,43,9,0,34,29
2020-08-18,US,Florida,Sumter,1586,45,0,28.70181754,-82.0794267,12119.0,1197.704274,2.837326608,1541,1558,44,0,1514,1540,128754,28,1,0,27,18
2020-08-18,US,Florida,Suwannee,2292,48,0,30.19746066,-82.99099670000001,12121.0,5160.186415,2.094240838,2244,2259,47,0,2212,2253,44191,33,1,0,32,6
2020-08-18,US,Florida,Taylor,1110,5,0,30.04848048,-83.60445406,12123.0,5146.274746,0.45045045,1105,1102,5,0,1097,1100,21623,8,0,0,8,2
2020-08-18,US,Florida,Unassigned,780,0,0,0.0,0.0,90012.0,0.0,0.0,780,776,0,0,776,770,,4,0,0,4,6
2020-08-18,US,Florida,Union,493,5,0,30.04412971,-82.37497443,12125.0,3235.545055,1.0141987829999999,488,489,5,0,484,488,14940,4,0,0,4,1
2020-08-18,US,Florida,Volusia,8543,171,0,29.05858895,-81.18263252,12127.0,1544.053325,2.001638769,8372,8482,169,0,8313,8452,547538,61,2,0,59,30
2020-08-18,US,Florida,Wakulla,791,5,0,30.16548905,-84.39895211,12129.0,2344.467827,0.6321112520000001,786,781,5,0,776,773,32461,10,0,0,10,8
2020-08-18,US,Florida,Walton,1506,18,0,30.64204028,-86.16935664,12131.0,2033.184377,1.195219124,1488,1491,18,0,1473,1486,71375,15,0,0,15,5
2020-08-18,US,Florida,Washington,934,14,0,30.61359259,-85.66002461,12133.0,3666.627409,1.498929336,920,933,14,0,919,929,24880,1,0,0,1,4
2020-08-18,US,Georgia,Appling,814,19,0,31.74847232,-82.28909114,13001.0,4427.281627,2.334152334,795,804,19,0,785,789,18507,10,0,0,10,15
2020-08-18,US,Georgia,Atkinson,361,3,0,31.29633502,-82.87545866,13003.0,4421.310472,0.831024931,358,357,3,0,354,352,8297,4,0,0,4,5
2020-08-18,US,Georgia,Bacon,473,8,0,31.55456473,-82.45936528,13005.0,4236.832676,1.691331924,465,472,8,0,464,472,11185,1,0,0,1,0
2020-08-18,US,Georgia,Baker,73,3,0,31.32669878,-84.44218806,13007.0,2402.896643,4.109589041,70,72,3,0,69,72,3092,1,0,0,1,0
2020-08-18,US,Georgia,Baldwin,1201,45,0,33.06882326,-83.24701748,13009.0,2675.4288260000003,3.746877602,1156,1182,44,0,1138,1168,44823,19,1,0,18,14
2020-08-18,US,Georgia,Banks,307,6,0,34.35607081,-83.49644388,13011.0,1596.13185,1.9543973940000001,301,302,6,0,296,301,18988,5,0,0,5,1
2020-08-18,US,Georgia,Barrow,1466,34,0,33.99148694,-83.71436292,13013.0,1761.172513,2.319236016,1432,1438,34,0,1404,1433,80809,28,0,0,28,5
2020-08-18,US,Georgia,Bartow,2083,65,0,34.23732119,-84.83887523,13015.0,1933.3939739999998,3.12049928,2018,2063,64,0,1999,2057,106408,20,1,0,19,6
2020-08-18,US,Georgia,Ben Hill,550,7,0,31.76095874,-83.22145359,13017.0,3293.413174,1.2727272729999999,543,544,7,0,537,535,16787,6,0,0,6,9
2020-08-18,US,Georgia,Berrien,340,1,0,31.27590016,-83.22529920000001,13019.0,1752.848379,0.294117647,339,338,1,0,337,337,19252,2,0,0,2,1
2020-08-18,US,Georgia,Bibb,4262,85,0,32.80904227,-83.70489165,13021.0,2782.729059,1.994368841,4177,4134,84,0,4050,4061,153095,128,1,0,127,73
2020-08-18,US,Georgia,Bleckley,286,11,0,32.43829035,-83.33035166,13023.0,2221.704342,3.8461538460000004,275,281,10,0,271,279,12838,5,1,0,4,2
2020-08-18,US,Georgia,Brantley,277,8,0,31.19576557,-81.97743999,13025.0,1449.578733,2.8880866430000003,269,275,8,0,267,272,18897,2,0,0,2,3
2020-08-18,US,Georgia,Brooks,440,18,0,30.83922642,-83.58303423,13027.0,2846.606715,4.090909091,422,432,18,0,414,432,15513,8,0,0,8,0
2020-08-18,US,Georgia,Bryan,749,9,0,32.00979311,-81.44002948,13029.0,1890.1254199999998,1.201602136,740,740,9,0,731,732,38109,9,0,0,9,8
2020-08-18,US,Georgia,Bulloch,1416,18,0,32.39577406,-81.74811421,13031.0,1778.715707,1.271186441,1398,1405,17,0,1388,1395,77296,11,1,0,10,10
2020-08-18,US,Georgia,Burke,573,7,0,33.05917989,-81.99928721,13033.0,2559.978555,1.221640489,566,563,7,0,556,546,22423,10,0,0,10,17
2020-08-18,US,Georgia,Butts,515,40,0,33.283094500000004,-83.95435040000001,13035.0,2065.287135,7.766990291,475,512,40,0,472,511,24193,3,0,0,3,1
2020-08-18,US,Georgia,Calhoun,215,7,0,31.53169785,-84.62725131,13037.0,3473.905316,3.255813953,208,215,6,0,209,214,6352,0,1,0,-1,1
2020-08-18,US,Georgia,Camden,873,7,0,30.92951916,-81.66601818,13039.0,1596.970695,0.8018327609999999,866,863,7,0,856,860,53677,10,0,0,10,3
2020-08-18,US,Georgia,Candler,284,10,0,32.40209349,-82.07702563,13043.0,2628.8993800000003,3.521126761,274,282,9,0,273,280,10836,2,1,0,1,2
2020-08-18,US,Georgia,Carroll,2082,54,0,33.58138199,-85.07976677,13045.0,1735.115674,2.593659942,2028,2052,54,0,1998,2043,118121,30,0,0,30,9
2020-08-18,US,Georgia,Catoosa,727,17,0,34.89872298,-85.13757014,13047.0,1075.76206,2.338376891,710,713,17,0,696,709,67420,14,0,0,14,4
2020-08-18,US,Georgia,Charlton,499,4,0,30.78371028,-82.13951596,13049.0,3726.1051369999996,0.8016032059999999,495,497,3,0,494,490,12968,2,1,0,1,7
2020-08-18,US,Georgia,Chatham,6371,101,0,32.00043026,-81.12489526,13051.0,2201.223094,1.5853084290000001,6270,6317,96,0,6221,6247,289195,54,5,0,49,70
2020-08-18,US,Georgia,Chattahoochee,821,2,0,32.34341231,-84.78809239,13053.0,7527.276061,0.243605359,819,810,2,0,808,810,10684,11,0,0,11,0
2020-08-18,US,Georgia,Chattooga,379,4,0,34.47197698,-85.34535662,13055.0,1528.903949,1.0554089709999999,375,366,4,0,362,360,24790,13,0,0,13,6
2020-08-18,US,Georgia,Cherokee,4065,68,0,34.24393976,-84.47431861,13057.0,1570.874859,1.6728167280000001,3997,4005,67,0,3938,3981,254149,60,1,0,59,24
2020-08-18,US,Georgia,Clarke,2305,21,0,33.95436462,-83.37124007,13059.0,1796.136553,0.911062907,2284,2264,21,0,2243,2250,127330,41,0,0,41,14
2020-08-18,US,Georgia,Clay,106,2,0,31.62221166,-84.97713865,13061.0,3740.2964009999996,1.8867924530000002,104,103,2,0,101,103,2887,3,0,0,3,0
2020-08-18,US,Georgia,Clayton,5640,117,0,33.54187245,-84.35594188,13063.0,1929.814957,2.074468085,5523,5570,116,0,5454,5522,289615,70,1,0,69,48
2020-08-18,US,Georgia,Clinch,217,4,0,30.91395822,-82.70432472,13065.0,3278.936235,1.843317972,213,217,4,0,213,216,6648,0,0,0,0,1
2020-08-18,US,Georgia,Cobb,15086,349,0,33.94243204,-84.5761255,13067.0,1984.6317989999998,2.313403155,14737,14962,340,0,14622,14893,756865,124,9,0,115,69
2020-08-18,US,Georgia,Coffee,1616,33,0,31.54892966,-82.85492059999999,13069.0,3734.4302450000005,2.042079208,1583,1608,33,0,1575,1591,43093,8,0,0,8,17
2020-08-18,US,Georgia,Colquitt,1640,24,0,31.18810588,-83.7677946,13071.0,3596.4912280000003,1.463414634,1616,1627,24,0,1603,1623,45592,13,0,0,13,4
2020-08-18,US,Georgia,Columbia,2761,35,0,33.54534185,-82.263524,13073.0,1761.8081350000002,1.2676566459999998,2726,2695,34,0,2661,2635,154291,66,1,0,65,60
2020-08-18,US,Georgia,Cook,475,9,0,31.16068491,-83.42947229,13075.0,2750.434279,1.894736842,466,472,9,0,463,472,17162,3,0,0,3,0
2020-08-18,US,Georgia,Coweta,1832,26,0,33.35334302,-84.76129976,13077.0,1233.59527,1.419213974,1806,1793,26,0,1767,1768,145864,39,0,0,39,25
2020-08-18,US,Georgia,Crawford,124,0,0,32.71391813,-83.98061238,13079.0,999.6775233999999,0.0,124,120,0,0,120,117,12318,4,0,0,4,3
2020-08-18,US,Georgia,Crisp,417,15,0,31.92289565,-83.76811843,13081.0,1863.937064,3.597122302,402,416,15,0,401,415,22601,1,0,0,1,1
2020-08-18,US,Georgia,Dade,161,2,0,34.854916700000004,-85.50490424,13083.0,999.0071978,1.242236025,159,157,2,0,155,154,16226,4,0,0,4,3
2020-08-18,US,Georgia,Dawson,504,5,0,34.44244079,-84.16964071,13085.0,1930.442776,0.992063492,499,486,5,0,481,484,25083,18,0,0,18,2
2020-08-18,US,Georgia,DeKalb,15312,266,0,33.76944049,-84.22396017,13089.0,2016.602199,1.737199582,15046,15101,264,0,14837,15030,756558,211,2,0,209,71
2020-08-18,US,Georgia,Decatur,860,18,0,30.87967778,-84.57619536,13087.0,3257.08226,2.093023256,842,850,17,0,833,846,26575,10,1,0,9,4
2020-08-18,US,Georgia,Dodge,260,4,0,32.17265114,-83.16948926,13091.0,1261.829653,1.5384615380000002,256,254,3,0,251,253,20705,6,1,0,5,1
2020-08-18,US,Georgia,Dooly,266,14,0,32.15630737,-83.79746561,13093.0,1986.5571320000001,5.263157895,252,264,14,0,250,264,13706,2,0,0,2,0
2020-08-18,US,Georgia,Dougherty,2837,173,0,31.53328528,-84.21722377,13095.0,3225.476375,6.097990835,2664,2837,173,0,2664,2826,91243,0,0,0,0,11
2020-08-18,US,Georgia,Douglas,2911,59,0,33.70291126,-84.77026156,13097.0,1989.162447,2.026794916,2852,2892,58,0,2834,2874,145331,19,1,0,18,18
2020-08-18,US,Georgia,Early,390,32,0,31.32155345,-84.90255207,13099.0,3827.281649,8.205128205,358,383,32,0,351,383,10247,7,0,0,7,0
2020-08-18,US,Georgia,Echols,226,2,0,30.71101099,-82.89687287,13101.0,5641.537693,0.884955752,224,226,2,0,224,226,4000,0,0,0,0,0
2020-08-18,US,Georgia,Effingham,857,6,0,32.36616021,-81.34280942,13103.0,1332.897847,0.700116686,851,833,6,0,827,823,62190,24,0,0,24,10
2020-08-18,US,Georgia,Elbert,403,1,0,34.11302332,-82.83936148,13105.0,2099.614463,0.24813895800000002,402,386,1,0,385,385,19120,17,0,0,17,1
2020-08-18,US,Georgia,Emanuel,619,15,0,32.59221302,-82.30239915,13107.0,2733.374547,2.423263328,604,599,14,0,585,591,22612,20,1,0,19,8
2020-08-18,US,Georgia,Evans,322,3,0,32.15328841,-81.8870105,13109.0,3022.3390280000003,0.9316770190000001,319,319,3,0,316,313,10721,3,0,0,3,6
2020-08-18,US,Georgia,Fannin,388,5,0,34.86430205,-84.316964,13111.0,1481.594623,1.288659794,383,374,5,0,369,368,25964,14,0,0,14,6
2020-08-18,US,Georgia,Fayette,1341,34,0,33.41357794,-84.49089434,13113.0,1171.98766,2.535421327,1307,1305,34,0,1271,1277,113459,36,0,0,36,28
2020-08-18,US,Georgia,Floyd,1845,20,0,34.26268279,-85.21577392,13115.0,1873.1344800000002,1.08401084,1825,1823,20,0,1803,1805,97927,22,0,0,22,18
2020-08-18,US,Georgia,Forsyth,2625,27,0,34.22604035,-84.12315129999999,13117.0,1074.709726,1.028571429,2598,2586,27,0,2559,2569,236612,39,0,0,39,17
2020-08-18,US,Georgia,Franklin,471,6,0,34.37525597,-83.23159927,13119.0,2017.217011,1.27388535,465,460,6,0,454,456,23023,11,0,0,11,4
2020-08-18,US,Georgia,Fulton,22484,477,0,33.79216944,-84.46319413,13121.0,2113.283023,2.121508628,22007,22107,476,0,21631,21993,1050114,377,1,0,376,114
2020-08-18,US,Georgia,Gilmer,687,4,0,34.69316688,-84.45802506,13123.0,2190.0602510000003,0.58224163,683,685,4,0,681,684,30816,2,0,0,2,1
2020-08-18,US,Georgia,Glascock,28,1,0,33.22879932,-82.61297636,13125.0,942.4436217,3.571428571,27,29,1,0,28,27,2995,-1,0,0,-1,2
2020-08-18,US,Georgia,Glynn,2766,58,0,31.23279254,-81.53811412,13127.0,3242.9770670000003,2.096890817,2708,2754,56,0,2698,2750,85219,12,2,0,10,4
2020-08-18,US,Georgia,Gordon,1358,25,0,34.50487351,-84.87296253,13129.0,2342.873902,1.840942563,1333,1338,24,0,1314,1335,57685,20,1,0,19,3
2020-08-18,US,Georgia,Grady,567,8,0,30.87454847,-84.23418364,13131.0,2301.790281,1.410934744,559,564,8,0,556,560,24748,3,0,0,3,4
2020-08-18,US,Georgia,Greene,384,13,0,33.5769205,-83.17139104,13133.0,2095.612312,3.385416667,371,371,13,0,358,361,17698,13,0,0,13,10
2020-08-18,US,Georgia,Gwinnett,21936,293,0,33.96044201,-84.02137802,13135.0,2342.963952,1.335703866,21643,21655,290,0,21365,21534,927781,281,3,0,278,121
2020-08-18,US,Georgia,Habersham,1219,52,0,34.63331566,-83.53094677,13137.0,2689.286975,4.265791632,1167,1212,52,0,1160,1212,45388,7,0,0,7,0
2020-08-18,US,Georgia,Hall,6687,105,0,34.32207823,-83.81896936,13139.0,3270.870324,1.570210857,6582,6581,105,0,6476,6552,202148,106,0,0,106,29
2020-08-18,US,Georgia,Hancock,340,37,0,33.2721566,-82.99766919,13141.0,4020.338181,10.88235294,303,340,35,0,305,338,8348,0,2,0,-2,2
2020-08-18,US,Georgia,Haralson,256,7,0,33.79602175,-85.21005667,13143.0,859.2910849,2.734375,249,256,7,0,249,251,29533,0,0,0,0,5
2020-08-18,US,Georgia,Harris,692,18,0,32.73709786,-84.90538572,13145.0,1963.9005559999998,2.601156069,674,688,17,0,671,685,34475,4,1,0,3,3
2020-08-18,US,Georgia,Hart,357,8,0,34.34626973,-82.96567682,13147.0,1362.335432,2.240896359,349,351,8,0,343,350,26099,6,0,0,6,1
2020-08-18,US,Georgia,Heard,153,5,0,33.29686567,-85.12886832,13149.0,1283.234085,3.2679738560000002,148,152,5,0,147,152,11879,1,0,0,1,0
2020-08-18,US,Georgia,Henry,3819,59,0,33.4533428,-84.14814659999999,13151.0,1628.147902,1.5449070440000001,3760,3786,59,0,3727,3735,230220,33,0,0,33,51
2020-08-18,US,Georgia,Houston,2273,62,0,32.45802497,-83.66879087,13153.0,1439.856078,2.727672679,2211,2251,62,0,2189,2218,155469,22,0,0,22,33
2020-08-18,US,Georgia,Irwin,184,1,0,31.60213036,-83.27501387,13155.0,1954.120646,0.543478261,183,180,1,0,179,178,9398,4,0,0,4,2
2020-08-18,US,Georgia,Jackson,1221,18,0,34.13794553,-83.56814788,13157.0,1673.12989,1.474201474,1203,1190,17,0,1173,1188,70422,31,1,0,30,2
2020-08-18,US,Georgia,Jasper,185,2,0,33.31535543,-83.68844964,13159.0,1301.076025,1.081081081,183,183,2,0,181,176,14040,2,0,0,2,7
2020-08-18,US,Georgia,Jeff Davis,554,8,0,31.80405727,-82.63724870000001,13161.0,3665.2332119999996,1.4440433209999999,546,541,8,0,533,532,15029,13,0,0,13,9
2020-08-18,US,Georgia,Jefferson,589,12,0,33.05867328,-82.41609057,13163.0,3834.1361799999995,2.037351443,577,577,11,0,566,567,15430,12,1,0,11,10
2020-08-18,US,Georgia,Jenkins,265,24,0,32.79248718,-81.96040187,13165.0,3054.402951,9.056603774,241,264,24,0,240,263,8683,1,0,0,1,1
2020-08-18,US,Georgia,Johnson,272,12,0,32.70211082,-82.66166794,13167.0,2820.698953,4.4117647060000005,260,266,12,0,254,264,9708,6,0,0,6,2
2020-08-18,US,Georgia,Jones,362,4,0,33.02512137,-83.56019163,13169.0,1259.787715,1.1049723759999999,358,353,4,0,349,348,28616,9,0,0,9,5
2020-08-18,US,Georgia,Lamar,298,14,0,33.07841647,-84.14263877,13171.0,1562.090475,4.697986577,284,296,14,0,282,294,19000,2,0,0,2,2
2020-08-18,US,Georgia,Lanier,233,5,0,31.038285700000003,-83.06472457,13173.0,2235.440852,2.1459227469999997,228,232,5,0,227,231,10340,1,0,0,1,1
2020-08-18,US,Georgia,Laurens,1154,19,0,32.46325233,-82.92221316,13175.0,2427.123207,1.64644714,1135,1142,19,0,1123,1128,47325,12,0,0,12,14
2020-08-18,US,Georgia,Lee,616,23,0,31.779330600000005,-84.14324253,13177.0,2053.8810350000003,3.733766234,593,611,23,0,588,607,29764,5,0,0,5,4
2020-08-18,US,Georgia,Liberty,811,8,0,31.82588896,-81.49251135,13179.0,1320.094409,0.986436498,803,805,7,0,798,803,61497,6,1,0,5,2
2020-08-18,US,Georgia,Lincoln,173,5,0,33.79201475,-82.45024131,13181.0,2184.067668,2.89017341,168,169,5,0,164,168,7915,4,0,0,4,1
2020-08-18,US,Georgia,Long,152,2,0,31.75218791,-81.74952375,13183.0,777.1358454,1.315789474,150,149,2,0,147,145,18998,3,0,0,3,4
2020-08-18,US,Georgia,Lowndes,3276,52,0,30.83568832,-83.27056716,13185.0,2790.31736,1.5873015869999998,3224,3259,50,0,3209,3256,116321,17,2,0,15,3
2020-08-18,US,Georgia,Lumpkin,444,10,0,34.57286511,-84.00425681,13187.0,1321.035406,2.252252252,434,417,9,0,408,417,32955,27,1,0,26,0
2020-08-18,US,Georgia,Macon,189,10,0,32.35207048,-84.04234127,13193.0,1459.797637,5.291005291,179,189,10,0,179,189,13143,0,0,0,0,0
2020-08-18,US,Georgia,Madison,462,7,0,34.12920917,-83.21218732,13195.0,1546.184739,1.515151515,455,450,7,0,443,447,29650,12,0,0,12,3
2020-08-18,US,Georgia,Marion,162,5,0,32.3483402,-84.52733571,13197.0,1938.030865,3.086419753,157,162,5,0,157,162,8351,0,0,0,0,0
2020-08-18,US,Georgia,McDuffie,443,11,0,33.47851918,-82.48252774,13189.0,2078.641141,2.483069977,432,436,10,0,426,415,21531,7,1,0,6,21
2020-08-18,US,Georgia,McIntosh,213,3,0,31.49683595,-81.40163426,13191.0,1481.429962,1.408450704,210,213,3,0,210,211,14340,0,0,0,0,2
2020-08-18,US,Georgia,Meriwether,442,7,0,33.04163534,-84.68859732,13199.0,2088.156092,1.5837104069999999,435,440,7,0,433,436,21068,2,0,0,2,4
2020-08-18,US,Georgia,Miller,171,0,0,31.16568912,-84.73151117,13201.0,2990.5561390000003,0.0,171,164,0,0,164,164,5686,7,0,0,7,0
2020-08-18,US,Georgia,Mitchell,676,41,0,31.22483255,-84.19381821,13205.0,3091.981887,6.065088757000001,635,674,41,0,633,673,22192,2,0,0,2,1
2020-08-18,US,Georgia,Monroe,508,31,0,33.014289,-83.92097166,13207.0,1842.048009,6.102362205,477,505,30,0,475,501,27520,3,1,0,2,4
2020-08-18,US,Georgia,Montgomery,183,2,0,32.17201038,-82.53527476,13209.0,1995.202791,1.092896175,181,180,2,0,178,178,9193,3,0,0,3,2
2020-08-18,US,Georgia,Morgan,335,1,0,33.59232073,-83.49129491,13211.0,1737.91243,0.29850746300000003,334,329,1,0,328,320,18853,6,0,0,6,9
2020-08-18,US,Georgia,Murray,662,3,0,34.78897608,-84.74993177,13213.0,1651.0375099999999,0.453172205,659,656,3,0,653,655,39921,6,0,0,6,1
2020-08-18,US,Georgia,Muscogee,5136,113,0,32.50931999,-84.87142262,13215.0,2623.5001460000003,2.200155763,5023,5092,110,0,4982,5066,194160,44,3,0,41,26
2020-08-18,US,Georgia,Newton,2060,50,0,33.55514538,-83.84547140000001,13217.0,1843.499427,2.427184466,2010,2038,50,0,1988,2012,109541,22,0,0,22,26
2020-08-18,US,Georgia,Oconee,475,16,0,33.83749973,-83.43679568,13219.0,1179.245283,3.368421053,459,474,16,0,458,472,39272,1,0,0,1,2
2020-08-18,US,Georgia,Oglethorpe,253,8,0,33.878629600000004,-83.08278123,13221.0,1658.037879,3.1620553360000003,245,252,8,0,244,252,15054,1,0,0,1,0
2020-08-18,US,Georgia,Out of GA,16996,103,0,0.0,0.0,80013.0,0.0,0.606024947,16893,17020,103,0,16917,16865,,-24,0,0,-24,155
2020-08-18,US,Georgia,Paulding,1916,26,0,33.91969522,-84.86848792,13223.0,1135.966134,1.3569937369999998,1890,1894,26,0,1868,1886,164044,22,0,0,22,8
2020-08-18,US,Georgia,Peach,477,16,0,32.56934316,-83.82937,13225.0,1731.6488780000002,3.3542976939999996,461,464,16,0,448,451,27297,13,0,0,13,13
2020-08-18,US,Georgia,Pickens,450,6,0,34.46589159,-84.46406611,13227.0,1380.7492869999999,1.333333333,444,446,6,0,440,444,31980,4,0,0,4,2
2020-08-18,US,Georgia,Pierce,469,9,0,31.35928155,-82.21598442,13229.0,2409.452864,1.918976546,460,466,9,0,457,442,19389,3,0,0,3,24
2020-08-18,US,Georgia,Pike,254,6,0,33.09310242,-84.38790389,13231.0,1339.521148,2.362204724,248,246,6,0,240,241,18634,8,0,0,8,5
2020-08-18,US,Georgia,Polk,974,11,0,34.00267074,-85.18677781,13233.0,2285.687466,1.12936345,963,961,11,0,950,958,42470,13,0,0,13,3
2020-08-18,US,Georgia,Pulaski,148,3,0,32.23334561,-83.47549959999999,13235.0,1328.903654,2.027027027,145,143,3,0,140,139,11069,5,0,0,5,4
2020-08-18,US,Georgia,Putnam,502,18,0,33.32056115,-83.37552891,13237.0,2269.542023,3.5856573710000004,484,489,18,0,471,476,21809,13,0,0,13,13
2020-08-18,US,Georgia,Quitman,32,1,0,31.86728114,-85.01773177,13239.0,1391.909526,3.125,31,32,1,0,31,32,2279,0,0,0,0,0
2020-08-18,US,Georgia,Rabun,237,3,0,34.88389445,-83.40304637,13241.0,1382.972516,1.265822785,234,234,3,0,231,234,16867,3,0,0,3,0
2020-08-18,US,Georgia,Randolph,290,26,0,31.76622818,-84.75732369,13243.0,4278.548244,8.965517241,264,287,26,0,261,287,6833,3,0,0,3,0
2020-08-18,US,Georgia,Richmond,5268,102,0,33.35777107,-82.07026432,13245.0,2601.250259,1.936218679,5166,5192,98,0,5094,5064,201554,76,4,0,72,128
2020-08-18,US,Georgia,Rockdale,1503,27,0,33.65145002,-84.02202167,13247.0,1653.538109,1.796407186,1476,1487,27,0,1460,1471,90594,16,0,0,16,16
2020-08-18,US,Georgia,Schley,83,1,0,32.2654021,-84.31258912,13249.0,1578.847251,1.2048192770000001,82,79,1,0,78,79,5236,4,0,0,4,0
2020-08-18,US,Georgia,Screven,243,9,0,32.74976524,-81.60779441,13251.0,1739.939854,3.7037037039999996,234,240,9,0,231,228,13938,3,0,0,3,12
2020-08-18,US,Georgia,Seminole,250,6,0,30.93464824,-84.86823924,13253.0,3090.234858,2.4,244,242,6,0,236,242,8315,8,0,0,8,0
2020-08-18,US,Georgia,Spalding,1049,43,0,33.26310031,-84.28013991,13255.0,1572.64291,4.09914204,1006,1039,43,0,996,1036,66100,10,0,0,10,3
2020-08-18,US,Georgia,Stephens,711,19,0,34.55151201,-83.29405315,13257.0,2742.526519,2.672292546,692,700,18,0,682,696,26035,11,1,0,10,4
2020-08-18,US,Georgia,Stewart,275,10,0,32.07996777,-84.83208037,13259.0,4153.45114,3.6363636360000005,265,275,10,0,265,275,6199,0,0,0,0,0
2020-08-18,US,Georgia,Sumter,794,56,0,32.03650571,-84.19821492,13261.0,2689.337488,7.052896725,738,789,56,0,733,783,29733,5,0,0,5,6
2020-08-18,US,Georgia,Talbot,148,5,0,32.69642758,-84.53351366,13263.0,2389.023406,3.3783783780000003,143,147,5,0,142,147,6272,1,0,0,1,0
2020-08-18,US,Georgia,Taliaferro,17,0,0,33.56543317,-82.88136816,13265.0,1106.050748,0.0,17,17,0,0,17,17,1608,0,0,0,0,0
2020-08-18,US,Georgia,Tattnall,608,3,0,32.04785085,-82.05539188,13267.0,2404.492605,0.49342105299999994,605,603,2,0,601,597,25391,5,1,0,4,6
2020-08-18,US,Georgia,Taylor,108,4,0,32.55792548,-84.25077141,13269.0,1346.6334160000001,3.7037037039999996,104,107,4,0,103,105,8039,1,0,0,1,2
2020-08-18,US,Georgia,Telfair,316,12,0,31.92829517,-82.93491155,13271.0,1992.433796,3.797468354,304,313,12,0,301,309,15876,3,0,0,3,4
2020-08-18,US,Georgia,Terrell,310,30,0,31.77527543,-84.44069698,13273.0,3633.806119,9.677419355,280,308,30,0,278,307,8611,2,0,0,2,1
2020-08-18,US,Georgia,Thomas,1261,44,0,30.86392347,-83.91847289,13275.0,2836.831567,3.4892942110000003,1217,1250,44,0,1206,1248,44448,11,0,0,11,2
2020-08-18,US,Georgia,Tift,1412,46,0,31.45743864,-83.5236119,13277.0,3474.0675130000004,3.257790368,1366,1402,45,0,1357,1399,40571,10,1,0,9,3
2020-08-18,US,Georgia,Toombs,892,9,0,32.12059861,-82.32957247,13279.0,3324.636601,1.00896861,883,878,9,0,869,871,26887,14,0,0,14,7
2020-08-18,US,Georgia,Towns,165,3,0,34.91369188,-83.74107459999999,13281.0,1370.773449,1.8181818180000002,162,159,2,0,157,158,11852,6,1,0,5,1
2020-08-18,US,Georgia,Treutlen,146,3,0,32.40422134,-82.56904553,13283.0,2115.6354149999997,2.054794521,143,145,3,0,142,143,6809,1,0,0,1,2
2020-08-18,US,Georgia,Troup,2431,77,0,33.03349196,-85.02812115,13285.0,3476.731215,3.1674208139999998,2354,2419,77,0,2342,2413,70034,12,0,0,12,6
2020-08-18,US,Georgia,Turner,266,18,0,31.71612656,-83.62069378,13287.0,3331.246086,6.766917293,248,263,18,0,245,262,7912,3,0,0,3,1
2020-08-18,US,Georgia,Twiggs,142,4,0,32.67435595,-83.43078662,13289.0,1748.768473,2.816901408,138,139,4,0,135,135,8188,3,0,0,3,4
2020-08-18,US,Georgia,Unassigned,2725,8,0,0.0,0.0,90013.0,0.0,0.293577982,2717,2761,5,0,2756,2731,,-36,3,0,-39,30
2020-08-18,US,Georgia,Union,363,7,0,34.82995757,-83.98967069,13291.0,1480.967729,1.928374656,356,335,7,0,328,331,24001,28,0,0,28,4
2020-08-18,US,Georgia,Upson,639,49,0,32.87920671,-84.30024826,13293.0,2427.81155,7.6682316120000005,590,632,49,0,583,626,26215,7,0,0,7,6
2020-08-18,US,Georgia,Walker,837,17,0,34.73376362,-85.30165174,13295.0,1199.810783,2.031063321,820,823,17,0,806,814,69410,14,0,0,14,9
2020-08-18,US,Georgia,Walton,1294,43,0,33.78017694,-83.73552314,13297.0,1367.965917,3.323029366,1251,1280,43,0,1237,1268,93503,14,0,0,14,12
2020-08-18,US,Georgia,Ware,1242,35,0,31.05449097,-82.42224148,13299.0,3475.6814240000003,2.818035427,1207,1237,34,0,1203,1229,35680,5,1,0,4,8
2020-08-18,US,Georgia,Warren,97,2,0,33.41146451,-82.67795848,13301.0,1846.21241,2.06185567,95,92,2,0,90,92,5251,5,0,0,5,0
2020-08-18,US,Georgia,Washington,559,3,0,32.96711864,-82.79357039,13303.0,2743.692942,0.53667263,556,540,3,0,537,536,20386,19,0,0,19,4
2020-08-18,US,Georgia,Wayne,882,13,0,31.5521809,-81.91894878,13305.0,2947.171451,1.473922902,869,877,14,0,863,871,29808,5,-1,0,6,6
2020-08-18,US,Georgia,Webster,40,2,0,32.04066113,-84.54742852,13307.0,1534.330648,5.0,38,40,2,0,38,39,2611,0,0,0,0,1
2020-08-18,US,Georgia,Wheeler,113,2,0,32.12009104,-82.72574721,13309.0,1438.574157,1.769911504,111,107,2,0,105,106,7879,6,0,0,6,1
2020-08-18,US,Georgia,White,400,7,0,34.64624278,-83.74905525,13311.0,1298.785635,1.75,393,395,6,0,389,394,29970,5,1,0,4,1
2020-08-18,US,Georgia,Whitfield,3740,42,0,34.80987459,-84.96093476,13313.0,3574.5689490000004,1.122994652,3698,3730,40,0,3690,3720,104062,10,2,0,8,10
2020-08-18,US,Georgia,Wilcox,199,19,0,31.97496928,-83.43438555,13315.0,2304.5744059999997,9.547738693,180,199,19,0,180,198,8812,0,0,0,0,1
2020-08-18,US,Georgia,Wilkes,202,3,0,33.78290391,-82.74286107,13317.0,2066.073438,1.485148515,199,202,3,0,199,201,9876,0,0,0,0,1
2020-08-18,US,Georgia,Wilkinson,245,12,0,32.80291082,-83.17140684,13319.0,2736.207282,4.897959183999999,233,240,12,0,228,238,9036,5,0,0,5,2
2020-08-18,US,Georgia,Worth,473,24,0,31.55162306,-83.85090513,13321.0,2336.148565,5.073995772,449,472,23,0,449,471,20299,1,1,0,0,1
2020-08-18,US,Hawaii,Hawaii,152,0,0,19.60121157,-155.5210167,15001.0,75.42937676,0.0,152,149,0,0,149,148,200983,3,0,0,3,1
2020-08-18,US,Hawaii,Honolulu,4878,34,0,21.45803166,-157.97121819999998,15003.0,500.5320333000001,0.69700697,4844,4754,33,0,4721,4591,980080,124,1,0,123,163
2020-08-18,US,Hawaii,Kauai,54,0,0,22.03935037,-159.5966786,15007.0,74.69602866,0.0,54,54,0,0,54,54,72133,0,0,0,0,0
2020-08-18,US,Hawaii,Maui,242,6,0,20.86399628,-156.56890969999998,15009.0,144.5492393,2.4793388430000003,236,235,6,0,229,226,167207,7,0,0,7,9
2020-08-18,US,Hawaii,Out of HI,23,1,0,0.0,0.0,80015.0,0.0,4.347826087,22,23,1,0,22,23,,0,0,0,0,0
2020-08-18,US,Idaho,Ada,10132,98,0,43.4526575,-116.24155159999998,16001.0,2103.877389,0.967232531,10034,10030,95,0,9935,9968,469966,102,3,0,99,62
2020-08-18,US,Idaho,Adams,22,0,0,44.89333571,-116.4545247,16003.0,512.3428039,0.0,22,22,0,0,22,22,4250,0,0,0,0,0
2020-08-18,US,Idaho,Bannock,529,2,0,42.67002716,-112.2233311,16005.0,602.4508017,0.378071834,527,507,2,0,505,487,87138,22,0,0,22,20
2020-08-18,US,Idaho,Bear Lake,24,0,0,42.28269683,-111.32892379999998,16007.0,391.8367347,0.0,24,21,0,0,21,21,6050,3,0,0,3,0
2020-08-18,US,Idaho,Benewah,86,1,0,47.21754179,-116.6586851,16009.0,924.9300925000001,1.162790698,85,80,1,0,79,80,9226,6,0,0,6,0
2020-08-18,US,Idaho,Bingham,360,2,0,43.21672879999999,-112.3978437,16011.0,769.0500096,0.5555555560000001,358,351,2,0,349,339,46236,9,0,0,9,12
2020-08-18,US,Idaho,Blaine,590,6,0,43.4085812,-113.9752658,16013.0,2562.8773730000003,1.0169491529999999,584,586,6,0,580,585,22601,4,0,0,4,1
2020-08-18,US,Idaho,Boise,54,1,0,43.98829931,-115.7309284,16015.0,689.5671051,1.8518518519999998,53,54,1,0,53,53,7634,0,0,0,0,1
2020-08-18,US,Idaho,Bonner,192,0,0,48.29996017,-116.6017932,16017.0,419.7730602,0.0,192,192,0,0,192,191,44727,0,0,0,0,1
2020-08-18,US,Idaho,Bonneville,1374,6,0,43.38713372,-111.6161537,16019.0,1154.0205939999998,0.43668122299999995,1368,1338,6,0,1332,1317,116854,36,0,0,36,21
2020-08-18,US,Idaho,Boundary,42,0,0,48.76684761,-116.4630179,16021.0,342.9971417,0.0,42,40,0,0,40,38,11948,2,0,0,2,2
2020-08-18,US,Idaho,Butte,3,0,0,43.72592209,-113.1735463,16023.0,115.51790530000001,0.0,3,1,0,0,1,1,2611,2,0,0,2,0
2020-08-18,US,Idaho,Camas,1,0,0,43.46665742,-114.8065892,16025.0,90.41591319999999,0.0,1,1,0,0,1,1,1127,0,0,0,0,0
2020-08-18,US,Idaho,Canyon,6501,61,0,43.61970148,-116.70954990000001,16027.0,2828.378631,0.938317182,6440,6422,58,0,6364,6362,223499,79,3,0,76,60
2020-08-18,US,Idaho,Caribou,34,0,0,42.77149116,-111.5597683,16029.0,475.1921733,0.0,34,34,0,0,34,34,7060,0,0,0,0,0
2020-08-18,US,Idaho,Cassia,560,1,0,42.28347888,-113.6012409,16031.0,2330.4203079999997,0.17857142899999998,559,553,1,0,552,547,23864,7,0,0,7,6
2020-08-18,US,Idaho,Clark,15,0,0,44.28496071,-112.35057040000001,16033.0,1775.147929,0.0,15,14,0,0,14,12,852,1,0,0,1,2
2020-08-18,US,Idaho,Clearwater,18,0,0,46.67459924,-115.6622393,16035.0,205.57332119999998,0.0,18,18,0,0,18,17,8758,0,0,0,0,1
2020-08-18,US,Idaho,Custer,15,0,0,44.24186819,-114.2855494,16037.0,347.62456549999996,0.0,15,11,0,0,11,11,4280,4,0,0,4,0
2020-08-18,US,Idaho,Elmore,241,3,0,43.3507101,-115.4701578,16039.0,876.0132311000001,1.244813278,238,234,3,0,231,234,27259,7,0,0,7,0
2020-08-18,US,Idaho,Franklin,53,0,0,42.18332217,-111.81496659999999,16041.0,381.9544537,0.0,53,52,0,0,52,52,13726,1,0,0,1,0
2020-08-18,US,Idaho,Fremont,96,0,0,44.22800938,-111.48099429999999,16043.0,732.8803724999999,0.0,96,94,0,0,94,94,13168,2,0,0,2,0
2020-08-18,US,Idaho,Gem,195,1,0,44.06482372,-116.398376,16045.0,1076.634276,0.512820513,194,195,1,0,194,189,17634,0,0,0,0,6
2020-08-18,US,Idaho,Gooding,185,1,0,42.96927962,-114.81083059999999,16047.0,1218.789117,0.540540541,184,183,1,0,182,181,15196,2,0,0,2,2
2020-08-18,US,Idaho,Idaho,36,0,0,45.84721541,-115.4634436,16049.0,215.9956801,0.0,36,36,0,0,36,34,16513,0,0,0,0,2
2020-08-18,US,Idaho,Jefferson,270,1,0,43.82078483,-112.3131749,16051.0,903.8867129,0.37037037,269,260,1,0,259,252,29439,10,0,0,10,8
2020-08-18,US,Idaho,Jerome,532,6,0,42.68891267,-114.2655033,16053.0,2179.256104,1.127819549,526,528,6,0,522,525,24015,4,0,0,4,3
2020-08-18,US,Idaho,Kootenai,2015,22,0,47.67282258,-116.7020872,16055.0,1216.075125,1.0918114140000001,1993,1994,21,0,1973,1989,161505,21,1,0,20,5
2020-08-18,US,Idaho,Latah,154,0,0,46.81587887,-116.71136979999999,16057.0,383.96329910000003,0.0,154,146,0,0,146,133,40134,8,0,0,8,13
2020-08-18,US,Idaho,Lemhi,53,0,0,44.9438088,-113.9309747,16059.0,660.2715833999999,0.0,53,51,0,0,51,48,7961,2,0,0,2,3
2020-08-18,US,Idaho,Lincoln,62,0,0,43.0012336,-114.1358773,16063.0,1155.423034,0.0,62,62,0,0,62,62,5360,0,0,0,0,0
2020-08-18,US,Idaho,Madison,200,0,0,43.78141028,-111.65384740000002,16065.0,501.1652091,0.0,200,195,0,0,195,190,39304,5,0,0,5,5
2020-08-18,US,Idaho,Minidoka,509,2,0,42.85518524,-113.6357257,16067.0,2419.316507,0.392927308,507,507,2,0,505,504,20825,2,0,0,2,3
2020-08-18,US,Idaho,Nez Perce,194,19,0,46.32638236,-116.75009750000001,16069.0,480.1029499,9.793814433,175,188,19,0,169,174,40408,6,0,0,6,14
2020-08-18,US,Idaho,Oneida,16,0,0,42.19494279999999,-112.5407838,16071.0,353.1229309,0.0,16,16,0,0,16,16,4488,0,0,0,0,0
2020-08-18,US,Idaho,Owyhee,282,4,0,42.58016894,-116.16938710000001,16073.0,2385.181426,1.418439716,278,281,4,0,277,279,11693,1,0,0,1,2
2020-08-18,US,Idaho,Payette,468,4,0,44.00545243,-116.7647695,16075.0,1953.9893949999998,0.854700855,464,451,3,0,448,447,23551,17,1,0,16,4
2020-08-18,US,Idaho,Power,74,0,0,42.69254894,-112.83957420000002,16077.0,963.4162218,0.0,74,67,0,0,67,66,7768,7,0,0,7,1
2020-08-18,US,Idaho,Shoshone,172,4,0,47.35364087,-115.89167490000001,16079.0,1335.196398,2.325581395,168,168,3,0,165,166,12796,4,1,0,3,2
2020-08-18,US,Idaho,Teton,102,0,0,43.75303583,-111.2056773,16081.0,840.0592982999999,0.0,102,101,0,0,101,97,11640,1,0,0,1,4
2020-08-18,US,Idaho,Twin Falls,1537,33,0,42.35440512,-114.6685381,16083.0,1769.14754,2.147039688,1504,1533,33,0,1500,1521,86081,4,0,0,4,12
2020-08-18,US,Idaho,Unassigned,3,0,0,0.0,0.0,90016.0,0.0,0.0,3,3,0,0,3,3,,0,0,0,0,0
2020-08-18,US,Idaho,Valley,76,1,0,44.76728382,-115.5676773,16085.0,667.1348315,1.315789474,75,76,1,0,75,76,11041,0,0,0,0,0
2020-08-18,US,Idaho,Washington,244,3,0,44.45275475,-116.78476880000001,16087.0,2393.564842,1.2295081970000001,241,241,3,0,238,238,10161,3,0,0,3,3
2020-08-18,US,Illinois,Adams,672,7,0,39.98815591,-91.18786813,17001.0,1026.973332,1.041666667,665,665,7,0,658,643,65691,7,0,0,7,22
2020-08-18,US,Illinois,Alexander,40,0,0,37.18049267,-89.32910838,17003.0,694.3239021,0.0,40,40,0,0,40,40,6060,0,0,0,0,0
2020-08-18,US,Illinois,Bond,88,3,0,38.88829622,-89.43534887,17005.0,535.7360282,3.4090909089999997,85,82,3,0,79,80,16630,6,0,0,6,2
2020-08-18,US,Illinois,Boone,778,23,0,42.32359279,-88.82345779,17007.0,1453.010608,2.956298201,755,771,23,0,748,769,53577,7,0,0,7,2
2020-08-18,US,Illinois,Brown,15,0,0,39.96209138,-90.75068024,17009.0,228.03283670000002,0.0,15,16,0,0,16,15,6556,-1,0,0,-1,1
2020-08-18,US,Illinois,Bureau,282,4,0,41.40385234,-89.5283051,17011.0,864.2883412999998,1.418439716,278,276,4,0,272,277,32993,6,0,0,6,-1
2020-08-18,US,Illinois,Calhoun,15,0,0,39.16840183,-90.66330078,17013.0,316.5224731,0.0,15,14,0,0,14,14,4802,1,0,0,1,0
2020-08-18,US,Illinois,Carroll,92,4,0,42.06823429,-89.93395545,17015.0,643.1317721,4.347826087,88,89,4,0,85,84,14312,3,0,0,3,5
2020-08-18,US,Illinois,Cass,259,11,0,39.96991073,-90.24734436,17017.0,2132.213715,4.247104247,248,258,11,0,247,257,12260,1,0,0,1,1
2020-08-18,US,Illinois,Champaign,1793,19,0,40.13919438,-88.20046615,17019.0,855.0758504,1.05967652,1774,1776,19,0,1757,1766,209983,17,0,0,17,10
2020-08-18,US,Illinois,Christian,161,4,0,39.54581621,-89.27780482,17021.0,498.39029220000003,2.48447205,157,157,4,0,153,153,32661,4,0,0,4,4
2020-08-18,US,Illinois,Clark,96,2,0,39.33425789,-87.78705622,17023.0,621.7213911,2.083333333,94,96,2,0,94,95,15596,0,0,0,0,1
2020-08-18,US,Illinois,Clay,40,0,0,38.75388572,-88.48914513,17025.0,303.3980583,0.0,40,38,0,0,38,36,13253,2,0,0,2,2
2020-08-18,US,Illinois,Clinton,512,17,0,38.60704876,-89.42385254,17027.0,1363.079708,3.3203125,495,492,17,0,475,485,37639,20,0,0,20,7
2020-08-18,US,Illinois,Coles,648,21,0,39.51949084,-88.22358557,17029.0,1280.101144,3.240740741,627,630,21,0,609,612,50885,18,0,0,18,18
2020-08-18,US,Illinois,Cook,117171,4974,0,41.84144849,-87.81658794,17031.0,2275.062119,4.245077707,112197,116620,4964,0,111656,115960,5180493,551,10,0,541,660
2020-08-18,US,Illinois,Crawford,38,0,0,39.0032229,-87.75954624,17033.0,203.5677934,0.0,38,37,0,0,37,35,18807,1,0,0,1,2
2020-08-18,US,Illinois,Cumberland,75,3,0,39.27432424,-88.2401158,17035.0,696.6375627,4.0,72,69,3,0,66,66,10808,6,0,0,6,3
2020-08-18,US,Illinois,De Witt,38,0,0,40.17514519,-88.90959682,17039.0,242.9978258,0.0,38,38,0,0,38,36,15769,0,0,0,0,2
2020-08-18,US,Illinois,DeKalb,1004,32,0,41.89373302,-88.76958483,17037.0,957.1293744999999,3.1872509960000004,972,993,32,0,961,985,104143,11,0,0,11,8
2020-08-18,US,Illinois,Douglas,152,3,0,39.76768052,-88.21854195,17041.0,780.8887747,1.973684211,149,151,3,0,148,146,19479,1,0,0,1,5
2020-08-18,US,Illinois,DuPage,13151,527,0,41.85116968,-88.08642662,17043.0,1424.932361,4.007299825,12624,13032,526,0,12506,12892,928589,119,1,0,118,140
2020-08-18,US,Illinois,Edgar,46,0,0,39.6809186,-87.74759563,17045.0,268.0496475,0.0,46,35,0,0,35,35,17360,11,0,0,11,0
2020-08-18,US,Illinois,Edwards,28,0,0,38.41353228,-88.05720863,17047.0,437.84206409999996,0.0,28,27,0,0,27,25,6392,1,0,0,1,2
2020-08-18,US,Illinois,Effingham,266,1,0,39.05935711,-88.58969584,17049.0,782.1689014,0.37593985,265,252,1,0,251,241,34208,14,0,0,14,11
2020-08-18,US,Illinois,Fayette,81,3,0,39.00072038,-89.02452658,17051.0,379.64004500000004,3.7037037039999996,78,80,3,0,77,78,21416,1,0,0,1,2
2020-08-18,US,Illinois,Ford,61,2,0,40.59706922,-88.22350769,17053.0,470.6426973,3.278688525,59,60,2,0,58,60,13264,1,0,0,1,0
2020-08-18,US,Illinois,Franklin,258,1,0,37.99189086,-88.92567818,17055.0,670.66989,0.387596899,257,249,1,0,248,242,38701,9,0,0,9,7
2020-08-18,US,Illinois,Fulton,48,0,0,40.47289135,-90.20862357,17057.0,139.7786838,0.0,48,48,0,0,48,45,34844,0,0,0,0,3
2020-08-18,US,Illinois,Gallatin,56,2,0,37.76430935,-88.22953869,17059.0,1159.90058,3.571428571,54,54,2,0,52,53,5058,2,0,0,2,1
2020-08-18,US,Illinois,Greene,78,0,0,39.35907414,-90.388865,17061.0,601.4341892000001,0.0,78,73,0,0,73,72,13044,5,0,0,5,1
2020-08-18,US,Illinois,Grundy,392,5,0,41.28569601,-88.41905692,17063.0,767.814471,1.2755102040000001,387,391,5,0,386,384,50972,1,0,0,1,7
2020-08-18,US,Illinois,Hamilton,38,0,0,38.08163641,-88.53883373,17065.0,468.21094139999997,0.0,38,37,0,0,37,37,8163,1,0,0,1,0
2020-08-18,US,Illinois,Hancock,102,1,0,40.40423981,-91.16313899,17067.0,576.0108426,0.980392157,101,95,1,0,94,92,17844,7,0,0,7,3
2020-08-18,US,Illinois,Hardin,18,0,0,37.51810645,-88.26873022,17069.0,471.0808688999999,0.0,18,18,0,0,18,18,3910,0,0,0,0,0
2020-08-18,US,Illinois,Henderson,24,0,0,40.81908672,-90.92491462,17071.0,361.1194704,0.0,24,24,0,0,24,23,6709,0,0,0,0,1
2020-08-18,US,Illinois,Henry,318,1,0,41.3533994,-90.13296166,17073.0,650.1339112000001,0.314465409,317,313,1,0,312,297,49090,5,0,0,5,16
2020-08-18,US,Illinois,Iroquois,280,14,0,40.74717633,-87.82466784,17075.0,1032.676846,5.0,266,280,14,0,266,280,27604,0,0,0,0,0
2020-08-18,US,Illinois,Jackson,796,20,0,37.78595185,-89.38232563,17077.0,1402.643172,2.5125628140000003,776,778,20,0,758,772,57419,18,0,0,18,6
2020-08-18,US,Illinois,Jasper,73,7,0,39.01054275,-88.15437049,17079.0,759.6253902000001,9.589041096,66,72,7,0,65,66,9611,1,0,0,1,6
2020-08-18,US,Illinois,Jefferson,357,24,0,38.29980057,-88.9240025,17081.0,947.3516612,6.722689076,333,356,22,0,334,353,37820,1,2,0,-1,3
2020-08-18,US,Illinois,Jersey,173,2,0,39.08869046,-90.35393073,17083.0,794.5620723,1.1560693640000002,171,157,2,0,155,151,21847,16,0,0,16,6
2020-08-18,US,Illinois,Jo Daviess,148,2,0,42.36542373,-90.21094405,17085.0,696.9625618,1.351351351,146,145,2,0,143,141,21366,3,0,0,3,4
2020-08-18,US,Illinois,Johnson,81,0,0,37.45939802,-88.88165419,17087.0,652.3314809999999,0.0,81,79,0,0,79,78,12456,2,0,0,2,1
2020-08-18,US,Illinois,Kane,10384,305,0,41.93842729,-88.42861412,17089.0,1950.4022329999998,2.937211094,10079,10314,304,0,10010,10184,534216,70,1,0,69,130
2020-08-18,US,Illinois,Kankakee,1909,71,0,41.13746989,-87.86205334,17091.0,1737.634487,3.719224725,1838,1900,70,0,1830,1886,110024,9,1,0,8,14
2020-08-18,US,Illinois,Kendall,1495,23,0,41.59081014,-88.42869583,17093.0,1159.004574,1.5384615380000002,1472,1479,23,0,1456,1461,127915,16,0,0,16,18
2020-08-18,US,Illinois,Knox,384,1,0,40.93148779,-90.21330340000002,17095.0,772.6513612000001,0.260416667,383,370,1,0,369,361,50112,14,0,0,14,9
2020-08-18,US,Illinois,LaSalle,992,34,0,41.34426129999999,-88.88633881,17099.0,912.8638342,3.427419355,958,960,33,0,927,953,109430,32,1,0,31,7
2020-08-18,US,Illinois,Lake,13485,452,0,42.3224907,-88.00367925,17097.0,1936.0118300000001,3.351872451,13033,13375,450,0,12925,13282,700832,110,2,0,108,93
2020-08-18,US,Illinois,Lawrence,67,0,0,38.71987914,-87.72884035,17101.0,427.3504274,0.0,67,65,0,0,65,62,15765,2,0,0,2,3
2020-08-18,US,Illinois,Lee,199,1,0,41.74583951,-89.29977132,17103.0,583.6461755,0.502512563,198,198,1,0,197,194,34223,1,0,0,1,4
2020-08-18,US,Illinois,Livingston,151,3,0,40.89188292,-88.55784752,17105.0,423.58617589999994,1.986754967,148,151,3,0,148,150,35761,0,0,0,0,1
2020-08-18,US,Illinois,Logan,204,1,0,40.12581572,-89.36638784,17107.0,712.8380739,0.490196078,203,201,1,0,200,196,28925,3,0,0,3,5
2020-08-18,US,Illinois,Macon,772,23,0,39.86064913,-88.96342505,17115.0,742.2434597,2.979274611,749,762,23,0,739,755,104712,10,0,0,10,7
2020-08-18,US,Illinois,Macoupin,252,3,0,39.26119767,-89.92424028,17117.0,560.9224057,1.19047619,249,245,3,0,242,241,45313,7,0,0,7,4
2020-08-18,US,Illinois,Madison,3241,86,0,38.83042506,-89.90422563,17119.0,1232.478723,2.653502006,3155,3152,85,0,3067,3111,264461,89,1,0,88,41
2020-08-18,US,Illinois,Marion,196,0,0,38.64963204,-88.91899208,17121.0,526.8109125,0.0,196,188,0,0,188,182,37620,8,0,0,8,6
2020-08-18,US,Illinois,Marshall,36,0,0,41.0327901,-89.34510444,17123.0,314.7403392,0.0,36,35,0,0,35,35,11534,1,0,0,1,0
2020-08-18,US,Illinois,Mason,64,0,0,40.23917274,-89.91824452,17125.0,479.07777530000004,0.0,64,63,0,0,63,61,13565,1,0,0,1,2
2020-08-18,US,Illinois,Massac,45,0,0,37.22078441,-88.71036614,17127.0,326.7499274,0.0,45,45,0,0,45,43,14080,0,0,0,0,2
2020-08-18,US,Illinois,McDonough,157,15,0,40.45674722,-90.67775541,17109.0,528.9400984,9.554140127,142,157,15,0,142,158,29955,0,0,0,0,-1
2020-08-18,US,Illinois,McHenry,3446,115,0,42.32451172,-88.45248227,17111.0,1119.652732,3.3372025539999997,3331,3417,115,0,3302,3389,308570,29,0,0,29,28
2020-08-18,US,Illinois,McLean,834,16,0,40.48996987,-88.84621113,17113.0,486.2491765,1.918465228,818,782,16,0,766,773,172828,52,0,0,52,9
2020-08-18,US,Illinois,Menard,62,0,0,40.02742725,-89.80246001,17129.0,508.36339780000003,0.0,62,62,0,0,62,61,12288,0,0,0,0,1
2020-08-18,US,Illinois,Mercer,82,4,0,41.20596782,-90.74290052,17131.0,531.1912936000001,4.87804878,78,81,4,0,77,79,15601,1,0,0,1,2
2020-08-18,US,Illinois,Monroe,369,13,0,38.27594376,-90.17761038,17133.0,1065.334758,3.52303523,356,358,13,0,345,354,34335,11,0,0,11,4
2020-08-18,US,Illinois,Montgomery,193,7,0,39.23198845,-89.47809254,17135.0,679.2426268999999,3.626943005,186,192,7,0,185,190,28601,1,0,0,1,2
2020-08-18,US,Illinois,Morgan,405,12,0,39.71654544,-90.20255104,17137.0,1203.280052,2.9629629630000003,393,402,11,0,391,392,33976,3,1,0,2,10
2020-08-18,US,Illinois,Moultrie,115,0,0,39.64187451,-88.62099969,17139.0,793.0487552999999,0.0,115,113,0,0,113,111,14717,2,0,0,2,2
2020-08-18,US,Illinois,Ogle,439,5,0,42.04165196,-89.32184679,17141.0,866.8522797,1.138952164,434,437,5,0,432,433,50923,2,0,0,2,4
2020-08-18,US,Illinois,Out of IL,1,0,0,0.0,0.0,80017.0,0.0,0.0,1,2,0,0,2,,,-1,0,0,-1,
2020-08-18,US,Illinois,Peoria,1966,37,0,40.78702156,-89.76078901,17143.0,1097.2267960000001,1.881993896,1929,1917,37,0,1880,1890,180621,49,0,0,49,27
2020-08-18,US,Illinois,Perry,228,4,0,38.08510853,-89.36856219,17145.0,1090.074584,1.754385965,224,213,3,0,210,210,21174,15,1,0,14,3
2020-08-18,US,Illinois,Piatt,70,0,0,40.01360584,-88.59319339,17147.0,428.2917279,0.0,70,70,0,0,70,69,16396,0,0,0,0,1
2020-08-18,US,Illinois,Pike,38,0,0,39.62265059,-90.8877017,17149.0,244.2002442,0.0,38,35,0,0,35,34,15611,3,0,0,3,1
2020-08-18,US,Illinois,Pope,11,0,0,37.41391284,-88.56152109,17151.0,263.3468997,0.0,11,11,0,0,11,11,4212,0,0,0,0,0
2020-08-18,US,Illinois,Pulaski,101,1,0,37.22631423,-89.13085001,17153.0,1893.1583879999998,0.99009901,100,101,1,0,100,101,5463,0,0,0,0,0
2020-08-18,US,Illinois,Putnam,13,0,0,41.2013541,-89.2869272,17155.0,226.5202997,0.0,13,13,0,0,13,13,5740,0,0,0,0,0
2020-08-18,US,Illinois,Randolph,550,7,0,38.05095369,-89.82512254,17157.0,1730.5392989999998,1.2727272729999999,543,539,7,0,532,523,32106,11,0,0,11,16
2020-08-18,US,Illinois,Richland,42,0,0,38.71240969,-88.08475366,17159.0,270.7406691,0.0,42,42,0,0,42,41,15763,0,0,0,0,1
2020-08-18,US,Illinois,Rock Island,1897,44,0,41.46613806,-90.57042164,17161.0,1337.054814,2.319451766,1853,1884,41,0,1843,1869,143477,13,3,0,10,15
2020-08-18,US,Illinois,Saline,145,2,0,37.75332999,-88.54119706,17165.0,617.2576732000001,1.379310345,143,140,2,0,138,138,23906,5,0,0,5,2
2020-08-18,US,Illinois,Sangamon,1487,35,0,39.75836914,-89.65872023,17167.0,763.8489356,2.353732347,1452,1462,35,0,1427,1447,195348,25,0,0,25,15
2020-08-18,US,Illinois,Schuyler,19,0,0,40.157179799999994,-90.61114163,17169.0,280.7328605,0.0,19,19,0,0,19,19,6907,0,0,0,0,0
2020-08-18,US,Illinois,Scott,35,0,0,39.642916899999996,-90.47814431,17171.0,706.9278933999999,0.0,35,35,0,0,35,35,4926,0,0,0,0,0
2020-08-18,US,Illinois,Shelby,112,2,0,39.39133527,-88.80611122,17173.0,517.7036147,1.785714286,110,109,2,0,107,108,21741,3,0,0,3,1
2020-08-18,US,Illinois,St. Clair,4551,163,0,38.46996033,-89.93063427,17163.0,1752.5010969999998,3.5816304110000003,4388,4484,162,0,4322,4425,261059,67,1,0,66,59
2020-08-18,US,Illinois,Stark,7,0,0,41.09309773,-89.79745866,17175.0,131.0370648,0.0,7,7,0,0,7,7,5427,0,0,0,0,0
2020-08-18,US,Illinois,Stephenson,351,6,0,42.35129217,-89.662598,17177.0,788.7994966,1.709401709,345,348,6,0,342,345,44753,3,0,0,3,3
2020-08-18,US,Illinois,Tazewell,765,9,0,40.50716185,-89.51404662,17179.0,580.411675,1.176470588,756,724,9,0,715,700,132328,41,0,0,41,24
2020-08-18,US,Illinois,Unassigned,1370,211,0,0.0,0.0,90017.0,0.0,15.40145985,1159,1378,211,0,1167,1372,,-8,0,0,-8,6
2020-08-18,US,Illinois,Union,368,23,0,37.47119609,-89.25548938,17181.0,2209.812046,6.25,345,363,23,0,340,361,16841,5,0,0,5,2
2020-08-18,US,Illinois,Vermilion,273,2,0,40.18417171,-87.73384359,17183.0,360.357982,0.732600733,271,273,2,0,271,267,76806,0,0,0,0,6
2020-08-18,US,Illinois,Wabash,70,1,0,38.44272901,-87.84922065,17185.0,616.3194444000001,1.428571429,69,70,1,0,69,63,11549,0,0,0,0,7
2020-08-18,US,Illinois,Warren,209,0,0,40.84925021,-90.6147432,17187.0,1240.79791,0.0,209,205,0,0,205,203,17032,4,0,0,4,2
2020-08-18,US,Illinois,Washington,76,1,0,38.35309213,-89.40982703,17189.0,547.2744293,1.315789474,75,75,1,0,74,73,13995,1,0,0,1,2
2020-08-18,US,Illinois,Wayne,77,2,0,38.42955355,-88.42586459,17191.0,474.86894850000004,2.597402597,75,75,2,0,73,72,16332,2,0,0,2,3
2020-08-18,US,Illinois,White,95,0,0,38.08706198,-88.17657461,17193.0,701.7803058,0.0,95,87,0,0,87,84,13665,8,0,0,8,3
2020-08-18,US,Illinois,Whiteside,406,17,0,41.75509713,-89.91556058,17195.0,735.8405075000001,4.1871921180000005,389,399,17,0,382,391,55626,7,0,0,7,8
2020-08-18,US,Illinois,Will,10102,353,0,41.44619267,-87.97862712,17197.0,1462.483152,3.494357553,9749,10013,351,0,9662,9874,692310,89,2,0,87,139
2020-08-18,US,Illinois,Williamson,568,7,0,37.73033511,-88.92994027,17199.0,852.8912713999999,1.2323943659999999,561,552,7,0,545,534,67056,16,0,0,16,18
2020-08-18,US,Illinois,Winnebago,3901,135,0,42.33641854,-89.16085327,17201.0,1380.533103,3.460651115,3766,3885,135,0,3750,3861,284081,16,0,0,16,24
2020-08-18,US,Illinois,Woodford,200,3,0,40.78579374,-89.20973757,17203.0,520.0343223,1.5,197,188,3,0,185,186,38463,12,0,0,12,2
2020-08-18,US,Indiana,Adams,141,2,0,40.7457653,-84.93671406,18001.0,394.10794639999995,1.418439716,139,139,2,0,137,135,35636,2,0,0,2,4
2020-08-18,US,Indiana,Allen,4350,169,0,41.09194313,-85.06800636,18003.0,1146.8524830000001,3.885057471,4181,4314,166,0,4148,4277,375351,36,3,0,33,37
2020-08-18,US,Indiana,Bartholomew,936,48,0,39.20744865,-85.89558181,18005.0,1117.2250800000002,5.128205128,888,924,47,0,877,910,82753,12,1,0,11,14
2020-08-18,US,Indiana,Benton,72,0,0,40.60626947,-87.31093999,18007.0,823.0452675,0.0,72,69,0,0,69,69,8653,3,0,0,3,0
2020-08-18,US,Indiana,Blackford,67,2,0,40.47388153,-85.32499702,18009.0,569.8248001000001,2.985074627,65,67,2,0,65,67,11930,0,0,0,0,0
2020-08-18,US,Indiana,Boone,748,46,0,40.0509304,-86.46841646,18011.0,1102.545583,6.14973262,702,740,46,0,694,734,66999,8,0,0,8,6
2020-08-18,US,Indiana,Brown,80,2,0,39.19605589,-86.22868909,18013.0,530.0821627,2.5,78,79,2,0,77,79,15234,1,0,0,1,0
2020-08-18,US,Indiana,Carroll,233,7,0,40.580783200000006,-86.56198812,18015.0,1150.219677,3.004291845,226,230,7,0,223,227,20127,3,0,0,3,3
2020-08-18,US,Indiana,Cass,1818,9,0,40.76135835,-86.34830753,18017.0,4823.688609000001,0.495049505,1809,1820,9,0,1811,1821,37955,-2,0,0,-2,-1
2020-08-18,US,Indiana,Clark,1458,50,0,38.48015445,-85.70510334,18019.0,1232.4390119999998,3.4293552810000003,1408,1421,50,0,1371,1410,117360,37,0,0,37,11
2020-08-18,US,Indiana,Clay,187,5,0,39.39561833,-87.11723506,18021.0,713.0600572000001,2.673796791,182,175,5,0,170,169,26170,12,0,0,12,6
2020-08-18,US,Indiana,Clinton,479,4,0,40.30319754,-86.47277257,18023.0,1478.440693,0.8350730690000001,475,478,4,0,474,474,32250,1,0,0,1,4
2020-08-18,US,Indiana,Crawford,52,0,0,38.28814402,-86.44518825,18025.0,491.6327881,0.0,52,52,0,0,52,52,10558,0,0,0,0,0
2020-08-18,US,Indiana,Daviess,332,21,0,38.70186039,-87.07185406,18027.0,995.4723995999999,6.325301205,311,320,21,0,299,314,33147,12,0,0,12,6
2020-08-18,US,Indiana,DeKalb,256,4,0,41.39804622,-84.99906934,18033.0,588.8441633,1.5625,252,254,4,0,250,252,43226,2,0,0,2,2
2020-08-18,US,Indiana,Dearborn,539,28,0,39.14647946,-84.97333539,18029.0,1089.813579,5.194805195,511,536,28,0,508,535,49568,3,0,0,3,1
2020-08-18,US,Indiana,Decatur,359,32,0,39.30712658,-85.50087166,18031.0,1351.707519,8.913649025,327,359,32,0,327,358,26794,0,0,0,0,1
2020-08-18,US,Indiana,Delaware,813,53,0,40.22787247,-85.39732772,18035.0,712.3143646000001,6.519065191,760,806,53,0,753,802,114772,7,0,0,7,4
2020-08-18,US,Indiana,Dubois,758,14,0,38.36597551,-86.87924170000001,18037.0,1773.6802699999998,1.846965699,744,747,13,0,734,743,42565,11,1,0,10,4
2020-08-18,US,Indiana,Elkhart,5190,93,0,41.59761169,-85.85875695,18039.0,2515.253876,1.791907514,5097,5153,92,0,5061,5120,205560,37,1,0,36,33
2020-08-18,US,Indiana,Fayette,235,8,0,39.63684962,-85.17797541,18041.0,1017.2279460000001,3.404255319,227,223,7,0,216,220,23047,12,1,0,11,3
2020-08-18,US,Indiana,Floyd,920,54,0,38.32117957,-85.90385377,18043.0,1171.6461630000001,5.869565217000001,866,902,50,0,852,890,77781,18,4,0,14,12
2020-08-18,US,Indiana,Fountain,76,2,0,40.12361933,-87.24217689,18045.0,464.9455524,2.631578947,74,76,2,0,74,76,16351,0,0,0,0,0
2020-08-18,US,Indiana,Franklin,253,22,0,39.4142482,-85.06062647,18047.0,1111.696986,8.695652174,231,253,19,0,234,253,22736,0,3,0,-3,0
2020-08-18,US,Indiana,Fulton,184,2,0,41.0469907,-86.26252745,18049.0,921.1975568,1.086956522,182,180,2,0,178,178,20092,4,0,0,4,2
2020-08-18,US,Indiana,Gibson,254,4,0,38.30393723,-87.58054938,18051.0,754.6272914,1.57480315,250,249,4,0,245,247,33452,5,0,0,5,2
2020-08-18,US,Indiana,Grant,545,30,0,40.51587228,-85.65468702,18053.0,828.6578783,5.504587156,515,544,30,0,514,540,65936,1,0,0,1,4
2020-08-18,US,Indiana,Greene,275,34,0,39.03630547,-86.96223202,18055.0,861.4748448999999,12.36363636,241,273,34,0,239,266,32006,2,0,0,2,7
2020-08-18,US,Indiana,Hamilton,3231,106,0,40.07306535,-86.05244729,18057.0,955.886051,3.280718044,3125,3169,105,0,3064,3144,330086,62,1,0,61,25
2020-08-18,US,Indiana,Hancock,723,41,0,39.82304555,-85.77566351,18059.0,924.930918,5.6708160439999995,682,720,41,0,679,719,76351,3,0,0,3,1
2020-08-18,US,Indiana,Harrison,395,24,0,38.19467379,-86.10948271,18061.0,974.9475502999999,6.075949367000001,371,389,24,0,365,381,40350,6,0,0,6,8
2020-08-18,US,Indiana,Hendricks,2038,109,0,39.76719009,-86.51037283,18063.0,1196.634392,5.348380765,1929,2018,109,0,1909,2015,167009,20,0,0,20,3
2020-08-18,US,Indiana,Henry,515,21,0,39.93029017,-85.39625719,18065.0,1073.5429,4.077669903,494,504,21,0,483,504,48271,11,0,0,11,0
2020-08-18,US,Indiana,Howard,988,61,0,40.48527731,-86.11351892,18067.0,1196.937391,6.174089069,927,982,61,0,921,979,82366,6,0,0,6,3
2020-08-18,US,Indiana,Huntington,137,3,0,40.82907273,-85.48822092,18069.0,375.1369113,2.189781022,134,137,3,0,134,136,36240,0,0,0,0,1
2020-08-18,US,Indiana,Jackson,632,6,0,38.90915820000001,-86.03851889,18071.0,1428.86211,0.9493670890000001,626,632,5,0,627,628,44111,0,1,0,-1,4
2020-08-18,US,Indiana,Jasper,276,2,0,41.02078733,-87.11553319,18073.0,822.3586199,0.7246376809999999,274,272,2,0,270,271,33370,4,0,0,4,1
2020-08-18,US,Indiana,Jay,104,0,0,40.43781032,-85.00576229,18075.0,508.9058524,0.0,104,102,0,0,102,100,20764,2,0,0,2,2
2020-08-18,US,Indiana,Jefferson,187,2,0,38.78576239,-85.43633383,18077.0,578.8040114,1.069518717,185,184,2,0,182,184,32208,3,0,0,3,0
2020-08-18,US,Indiana,Jennings,238,12,0,38.99588883,-85.62710784,18079.0,858.1215071,5.0420168069999995,226,237,12,0,225,235,27611,1,0,0,1,2
2020-08-18,US,Indiana,Johnson,1862,120,0,39.48994426,-86.10149107,18081.0,1177.2367179999999,6.444683136,1742,1848,119,0,1729,1845,156225,14,1,0,13,3
2020-08-18,US,Indiana,Knox,205,3,0,38.68861576,-87.4194665,18083.0,560.2011259,1.463414634,202,196,3,0,193,184,36895,9,0,0,9,12
2020-08-18,US,Indiana,Kosciusko,888,12,0,41.24521668,-85.86312322,18085.0,1117.599678,1.351351351,876,886,12,0,874,882,79344,2,0,0,2,4
2020-08-18,US,Indiana,LaGrange,575,10,0,41.64232188,-85.42674232,18087.0,1451.507043,1.739130435,565,574,10,0,564,573,39330,1,0,0,1,1
2020-08-18,US,Indiana,LaPorte,1011,30,0,41.54366008,-86.74072188,18091.0,920.0276644999999,2.96735905,981,1010,30,0,980,1000,110007,1,0,0,1,10
2020-08-18,US,Indiana,Lake,8256,286,0,41.41874274,-87.38277575,18089.0,1700.539452,3.464147287,7970,8171,284,0,7887,8095,484411,85,2,0,83,76
2020-08-18,US,Indiana,Lawrence,370,27,0,38.84112637,-86.48361629,18093.0,815.5168614,7.297297297,343,368,27,0,341,364,45668,2,0,0,2,4
2020-08-18,US,Indiana,Madison,1124,66,0,40.16143691,-85.71964711,18095.0,867.4914524000001,5.871886121,1058,1106,66,0,1040,1100,129641,18,0,0,18,6
2020-08-18,US,Indiana,Marion,16869,738,0,39.78163624,-86.13826325,18097.0,1748.84043,4.3748888489999995,16131,16706,735,0,15971,16640,954670,163,3,0,160,66
2020-08-18,US,Indiana,Marshall,814,23,0,41.32467367,-86.26185087,18099.0,1759.69562,2.825552826,791,814,23,0,791,808,46248,0,0,0,0,6
2020-08-18,US,Indiana,Martin,55,0,0,38.7099921,-86.80373186,18101.0,536.3237445,0.0,55,56,0,0,56,54,10217,-1,0,0,-1,2
2020-08-18,US,Indiana,Miami,288,2,0,40.76940965,-86.04525048,18103.0,810.9021286000001,0.694444444,286,286,2,0,284,286,35567,2,0,0,2,0
2020-08-18,US,Indiana,Monroe,808,33,0,39.16130004,-86.52414358,18105.0,544.3606794,4.084158416,775,804,33,0,771,802,146917,4,0,0,4,2
2020-08-18,US,Indiana,Montgomery,370,21,0,40.04034823,-86.89335024,18107.0,965.0999009,5.675675676,349,370,21,0,349,369,38346,0,0,0,0,1
2020-08-18,US,Indiana,Morgan,520,35,0,39.47899078,-86.44573375,18109.0,737.7037552,6.730769231,485,512,35,0,477,507,70116,8,0,0,8,5
2020-08-18,US,Indiana,Newton,123,10,0,40.95610449,-87.39635768,18111.0,879.576659,8.130081301,113,122,10,0,112,122,14011,1,0,0,1,0
2020-08-18,US,Indiana,Noble,745,29,0,41.39672484,-85.41966713,18113.0,1560.405496,3.89261745,716,741,29,0,712,737,47532,4,0,0,4,4
2020-08-18,US,Indiana,Ohio,68,7,0,38.955304999999996,-84.96515993,18115.0,1157.446809,10.29411765,61,68,7,0,61,68,5844,0,0,0,0,0
2020-08-18,US,Indiana,Orange,195,24,0,38.541189200000005,-86.49523093,18117.0,992.5684617999999,12.30769231,171,193,24,0,169,190,19489,2,0,0,2,3
2020-08-18,US,Indiana,Owen,117,1,0,39.31145587,-86.83900724,18119.0,562.5270446000001,0.854700855,116,115,1,0,114,115,20845,2,0,0,2,0
2020-08-18,US,Indiana,Parke,65,1,0,39.77202286,-87.20375833,18121.0,383.7751668,1.5384615380000002,64,64,1,0,63,61,16927,1,0,0,1,3
2020-08-18,US,Indiana,Perry,195,13,0,38.07809328,-86.63741946,18123.0,1017.2674630000001,6.666666667,182,194,13,0,181,192,19102,1,0,0,1,2
2020-08-18,US,Indiana,Pike,76,0,0,38.40112197,-87.23574907,18125.0,613.447413,0.0,76,73,0,0,73,73,12410,3,0,0,3,0
2020-08-18,US,Indiana,Porter,1481,39,0,41.45986947,-87.06848888,18127.0,869.1875649,2.6333558409999998,1442,1469,39,0,1430,1450,169594,12,0,0,12,19
2020-08-18,US,Indiana,Posey,191,0,0,38.02097333,-87.86480429,18129.0,751.1700161,0.0,191,190,0,0,190,188,25540,1,0,0,1,2
2020-08-18,US,Indiana,Pulaski,87,1,0,41.04166107,-86.69890683,18131.0,704.2823606000001,1.1494252870000001,86,86,1,0,85,87,12469,1,0,0,1,-1
2020-08-18,US,Indiana,Putnam,364,8,0,39.66437981,-86.84517605,18133.0,968.7034277,2.197802198,356,343,8,0,335,341,37779,21,0,0,21,2
2020-08-18,US,Indiana,Randolph,139,6,0,40.15734772,-85.01139319,18135.0,563.5515912999999,4.316546763,133,138,5,0,133,135,24851,1,1,0,0,3
2020-08-18,US,Indiana,Ripley,227,8,0,39.10235626,-85.26212744,18137.0,801.4404745,3.524229075,219,226,8,0,218,225,28523,1,0,0,1,1
2020-08-18,US,Indiana,Rush,105,4,0,39.62002287,-85.4655599,18139.0,633.2549303,3.80952381,101,105,4,0,101,103,16663,0,0,0,0,2
2020-08-18,US,Indiana,Scott,291,10,0,38.68672078,-85.74627859,18143.0,1218.950279,3.436426117,281,290,10,0,280,289,23878,1,0,0,1,1
2020-08-18,US,Indiana,Shelby,587,28,0,39.52305623,-85.79158570000001,18145.0,1312.347694,4.7700170360000005,559,582,28,0,554,582,44593,5,0,0,5,0
2020-08-18,US,Indiana,Spencer,141,3,0,38.01519732,-87.0079644,18147.0,695.3691374,2.127659574,138,141,3,0,138,141,20327,0,0,0,0,0
2020-08-18,US,Indiana,St. Joseph,3938,87,0,41.61756781,-86.29040834,18141.0,1448.720873,2.209243271,3851,3884,85,0,3799,3844,270771,54,2,0,52,40
2020-08-18,US,Indiana,Starke,184,7,0,41.27890281,-86.64686895,18149.0,800.1739508999999,3.8043478260000003,177,186,7,0,179,185,22935,-2,0,0,-2,1
2020-08-18,US,Indiana,Steuben,226,3,0,41.64423868,-85.00101094,18151.0,653.2924785,1.3274336279999999,223,225,3,0,222,222,34586,1,0,0,1,3
2020-08-18,US,Indiana,Sullivan,203,1,0,39.08952258,-87.41414469,18153.0,982.1471769,0.492610837,202,193,1,0,192,180,20690,10,0,0,10,13
2020-08-18,US,Indiana,Switzerland,61,0,0,38.82767338,-85.03022429,18155.0,567.3890801,0.0,61,60,0,0,60,59,10717,1,0,0,1,1
2020-08-18,US,Indiana,Tippecanoe,1363,12,0,40.38872739,-86.89413959,18157.0,696.3603294,0.880410858,1351,1352,12,0,1340,1337,193048,11,0,0,11,15
2020-08-18,US,Indiana,Tipton,166,18,0,40.31123252,-86.05234925,18159.0,1095.8542380000001,10.84337349,148,164,17,0,147,162,15128,2,1,0,1,2
2020-08-18,US,Indiana,Unassigned,0,211,0,0.0,0.0,90018.0,0.0,0.0,-211,0,209,0,-209,0,,0,2,0,-2,0
2020-08-18,US,Indiana,Union,47,0,0,39.62550777,-84.92497066,18161.0,666.2886306,0.0,47,47,0,0,47,47,7037,0,0,0,0,0
2020-08-18,US,Indiana,Vanderburgh,2222,16,0,38.02658833,-87.58763124,18163.0,1224.573025,0.7200720070000001,2206,2200,15,0,2185,2181,180974,22,1,0,21,19
2020-08-18,US,Indiana,Vermillion,67,0,0,39.8523352,-87.46160542,18165.0,432.31384689999993,0.0,67,68,0,0,68,65,15479,-1,0,0,-1,3
2020-08-18,US,Indiana,Vigo,883,14,0,39.42944561,-87.39169027,18167.0,824.9406753,1.5855039640000002,869,860,13,0,847,840,107386,23,1,0,22,20
2020-08-18,US,Indiana,Wabash,185,5,0,40.84704239,-85.79328272,18169.0,596.8512066000001,2.702702703,180,184,5,0,179,183,31280,1,0,0,1,1
2020-08-18,US,Indiana,Warren,28,1,0,40.34728141,-87.35602659,18171.0,338.7779794,3.571428571,27,27,1,0,26,27,8263,1,0,0,1,0
2020-08-18,US,Indiana,Warrick,638,30,0,38.08922676,-87.2716085,18173.0,1012.7305630000001,4.702194357,608,633,30,0,603,630,62567,5,0,0,5,3
2020-08-18,US,Indiana,Washington,162,1,0,38.60219804,-86.1049363,18175.0,577.8285062000001,0.617283951,161,162,1,0,161,159,27943,0,0,0,0,3
2020-08-18,US,Indiana,Wayne,436,10,0,39.863344399999995,-85.01044989,18177.0,661.7691701,2.293577982,426,435,10,0,425,430,65936,1,0,0,1,5
2020-08-18,US,Indiana,Wells,183,2,0,40.72934187,-85.22132966,18179.0,646.7345207999999,1.092896175,181,183,2,0,181,181,28206,0,0,0,0,2
2020-08-18,US,Indiana,White,398,11,0,40.74911165,-86.86492015,18181.0,1651.315244,2.763819095,387,397,11,0,386,394,24133,1,0,0,1,3
2020-08-18,US,Indiana,Whitley,171,6,0,41.13863784,-85.50791236,18183.0,503.4742669,3.50877193,165,170,6,0,164,167,34074,1,0,0,1,3
2020-08-18,US,Iowa,Adair,42,1,0,41.33075609,-94.47105874,19001.0,587.2483221,2.3809523809999997,41,40,0,0,40,38,7063,2,1,0,1,2
2020-08-18,US,Iowa,Adams,17,0,0,41.02903567,-94.69932645,19003.0,471.9600222,0.0,17,17,0,0,17,17,3645,0,0,0,0,0
2020-08-18,US,Iowa,Allamakee,164,4,0,43.28383218,-91.37860922,19005.0,1198.2172859999998,2.43902439,160,163,4,0,159,163,13832,1,0,0,1,0
2020-08-18,US,Iowa,Appanoose,59,3,0,40.74324454,-92.86865906,19007.0,474.8108804,5.084745763,56,58,3,0,55,56,12437,1,0,0,1,2
2020-08-18,US,Iowa,Audubon,30,1,0,41.6844628,-94.90581859,19009.0,545.8515284,3.333333333,29,30,1,0,29,30,5506,0,0,0,0,0
2020-08-18,US,Iowa,Benton,177,1,0,42.08011739,-92.06463573,19011.0,690.1930201,0.564971751,176,172,1,0,171,171,25642,5,0,0,5,1
2020-08-18,US,Iowa,Black Hawk,3343,67,0,42.4704581,-92.30524729,19013.0,2547.474624,2.004187855,3276,3322,67,0,3255,3297,132408,21,0,0,21,25
2020-08-18,US,Iowa,Boone,296,3,0,42.03657094,-93.9313999,19015.0,1128.306777,1.013513514,293,295,3,0,292,293,26346,1,0,0,1,2
2020-08-18,US,Iowa,Bremer,248,7,0,42.77461496,-92.31795937,19017.0,989.5459261,2.822580645,241,245,7,0,238,243,24947,3,0,0,3,2
2020-08-18,US,Iowa,Buchanan,151,1,0,42.4709188,-91.83510825,19019.0,713.1050767,0.662251656,150,149,1,0,148,150,21199,2,0,0,2,-1
2020-08-18,US,Iowa,Buena Vista,1808,12,0,42.73545875,-95.15100162,19021.0,9215.086646,0.6637168139999999,1796,1806,12,0,1794,1804,19874,2,0,0,2,2
2020-08-18,US,Iowa,Butler,142,2,0,42.73172833,-92.79015971,19023.0,983.4476072000001,1.408450704,140,141,2,0,139,140,14539,1,0,0,1,1
2020-08-18,US,Iowa,Calhoun,99,2,0,42.38521079,-94.64046046,19025.0,1023.9966900000001,2.02020202,97,97,2,0,95,95,9699,2,0,0,2,2
2020-08-18,US,Iowa,Carroll,224,2,0,42.03617207,-94.86032705,19027.0,1110.835606,0.892857143,222,223,2,0,221,223,20154,1,0,0,1,0
2020-08-18,US,Iowa,Cass,96,2,0,41.33149454,-94.92792482,19029.0,747.8965410000001,2.083333333,94,95,2,0,93,94,12930,1,0,0,1,1
2020-08-18,US,Iowa,Cedar,139,1,0,41.77233777,-91.13246684,19031.0,746.2285929,0.71942446,138,137,1,0,136,137,18627,2,0,0,2,0
2020-08-18,US,Iowa,Cerro Gordo,695,20,0,43.08177563,-93.2612239,19033.0,1637.220259,2.877697842,675,687,19,0,668,686,42647,8,1,0,7,1
2020-08-18,US,Iowa,Cherokee,115,1,0,42.73538914,-95.62389402,19035.0,1023.5870050000001,0.869565217,114,114,1,0,113,113,11321,1,0,0,1,1
2020-08-18,US,Iowa,Chickasaw,70,0,0,43.06001295,-92.31773347,19037.0,586.6085644999999,0.0,70,68,0,0,68,68,11964,2,0,0,2,0
2020-08-18,US,Iowa,Clarke,213,3,0,41.02868181,-93.78499767,19039.0,2267.1633850000003,1.408450704,210,212,3,0,209,212,9423,1,0,0,1,0
2020-08-18,US,Iowa,Clay,218,1,0,43.08247182,-95.15096481,19041.0,1361.138861,0.458715596,217,219,1,0,218,215,16134,-1,0,0,-1,4
2020-08-18,US,Iowa,Clayton,125,3,0,42.84443388,-91.34133693,19043.0,712.2912986,2.4,122,122,3,0,119,120,17556,3,0,0,3,2
2020-08-18,US,Iowa,Clinton,543,4,0,41.89981633,-90.53275096,19045.0,1169.527666,0.73664825,539,537,4,0,533,508,46518,6,0,0,6,29
2020-08-18,US,Iowa,Crawford,756,3,0,42.03718237,-95.3819718,19047.0,4494.649227,0.396825397,753,757,3,0,754,754,17158,-1,0,0,-1,3
2020-08-18,US,Iowa,Dallas,2002,35,0,41.68560356,-94.04127625,19049.0,2142.253325,1.7482517480000002,1967,1996,35,0,1961,1990,90180,6,0,0,6,6
2020-08-18,US,Iowa,Davis,72,2,0,40.74773536,-92.41005468,19051.0,800.0,2.777777778,70,69,2,0,67,65,9017,3,0,0,3,4
2020-08-18,US,Iowa,Decatur,31,0,0,40.73742757,-93.78645949,19053.0,393.9008895,0.0,31,30,0,0,30,29,7890,1,0,0,1,1
2020-08-18,US,Iowa,Delaware,145,1,0,42.47104597,-91.3664492,19055.0,852.3896302,0.689655172,144,139,1,0,138,136,17069,6,0,0,6,3
2020-08-18,US,Iowa,Des Moines,289,2,0,40.92012606,-91.18326592,19057.0,741.6531937000001,0.692041522,287,271,2,0,269,250,39138,18,0,0,18,21
2020-08-18,US,Iowa,Dickinson,393,5,0,43.37787725,-95.1510206,19059.0,2277.204775,1.2722646309999999,388,392,4,0,388,390,17153,1,1,0,0,2
2020-08-18,US,Iowa,Dubuque,1823,33,0,42.46815349,-90.88181925,19061.0,1873.375055,1.810202962,1790,1816,31,0,1785,1797,96854,7,2,0,5,19
2020-08-18,US,Iowa,Emmet,200,5,0,43.37782951,-94.67858943,19063.0,2172.024327,2.5,195,200,5,0,195,199,9253,0,0,0,0,1
2020-08-18,US,Iowa,Fayette,106,0,0,42.86271799,-91.84412309999999,19065.0,539.4402036,0.0,106,105,0,0,105,102,19660,1,0,0,1,3
2020-08-18,US,Iowa,Floyd,185,3,0,43.06000529999999,-92.78940097,19067.0,1182.713208,1.621621622,182,179,3,0,176,178,15761,6,0,0,6,1
2020-08-18,US,Iowa,Franklin,271,16,0,42.73270384,-93.26256925,19069.0,2691.1618670000003,5.904059041,255,271,15,0,256,265,10124,0,1,0,-1,6
2020-08-18,US,Iowa,Fremont,46,0,0,40.74542720000001,-95.60129045,19071.0,660.9195402,0.0,46,46,0,0,46,46,6993,0,0,0,0,0
2020-08-18,US,Iowa,Greene,42,0,0,42.03614551,-94.39658081,19073.0,472.54725470000005,0.0,42,42,0,0,42,42,8981,0,0,0,0,0
2020-08-18,US,Iowa,Grundy,95,1,0,42.40183723,-92.78829551,19075.0,776.6514061,1.052631579,94,91,1,0,90,91,12304,4,0,0,4,0
2020-08-18,US,Iowa,Guthrie,149,5,0,41.68378965,-94.50111014,19077.0,1393.956404,3.3557046980000003,144,147,5,0,142,147,10720,2,0,0,2,0
2020-08-18,US,Iowa,Hamilton,263,1,0,42.38382428,-93.70197703,19079.0,1780.274826,0.380228137,262,264,1,0,263,262,14952,-1,0,0,-1,2
2020-08-18,US,Iowa,Hancock,129,2,0,43.08178477,-93.73454884,19081.0,1213.546566,1.5503875969999998,127,128,2,0,126,127,10712,1,0,0,1,1
2020-08-18,US,Iowa,Hardin,194,1,0,42.38353877,-93.23654611,19083.0,1151.60869,0.515463918,193,193,0,0,193,194,16868,1,1,0,0,-1
2020-08-18,US,Iowa,Harrison,119,1,0,41.68330137,-95.81558439,19085.0,847.0353762,0.8403361340000001,118,118,1,0,117,117,14134,1,0,0,1,1
2020-08-18,US,Iowa,Henry,171,4,0,40.98767962,-91.54436349,19087.0,856.9710333999999,2.3391812869999997,167,166,4,0,162,166,20067,5,0,0,5,0
2020-08-18,US,Iowa,Howard,67,0,0,43.35671042,-92.31702714,19089.0,731.6007862,0.0,67,67,0,0,67,65,9187,0,0,0,0,2
2020-08-18,US,Iowa,Humboldt,134,2,0,42.7764426,-94.20722537,19091.0,1401.9669390000001,1.4925373130000001,132,135,2,0,133,133,9547,-1,0,0,-1,2
2020-08-18,US,Iowa,Ida,34,0,0,42.38696136,-95.51355387,19093.0,495.6268222,0.0,34,34,0,0,34,34,6841,0,0,0,0,0
2020-08-18,US,Iowa,Iowa,100,1,0,41.68630265,-92.0643373,19095.0,617.8942165,1.0,99,100,1,0,99,99,16141,0,0,0,0,1
2020-08-18,US,Iowa,Jackson,171,1,0,42.17178824,-90.57354837,19097.0,879.6748804,0.5847953220000001,170,171,1,0,170,169,19432,0,0,0,0,2
2020-08-18,US,Iowa,Jasper,503,29,0,41.68576082,-93.05567785,19099.0,1352.69598,5.765407555,474,501,28,0,473,498,37147,2,1,0,1,3
2020-08-18,US,Iowa,Jefferson,95,0,0,41.03192394,-91.94849466,19101.0,519.2675594,0.0,95,94,0,0,94,91,18381,1,0,0,1,3
2020-08-18,US,Iowa,Johnson,2255,22,0,41.67169354,-91.58754744,19103.0,1491.994178,0.975609756,2233,2208,21,0,2187,2191,151260,47,1,0,46,17
2020-08-18,US,Iowa,Jones,140,2,0,42.12118609,-91.13139641,19105.0,676.9498574,1.428571429,138,138,2,0,136,139,20744,2,0,0,2,-1
2020-08-18,US,Iowa,Keokuk,44,1,0,41.33649833,-92.1785067,19107.0,429.43587740000004,2.272727273,43,43,1,0,42,43,10225,1,0,0,1,0
2020-08-18,US,Iowa,Kossuth,107,0,0,43.20405458,-94.20691791,19109.0,722.3384865,0.0,107,106,0,0,106,106,14908,1,0,0,1,0
2020-08-18,US,Iowa,Lee,169,5,0,40.64181461,-91.48183025,19111.0,502.1243723,2.958579882,164,167,5,0,162,154,34055,2,0,0,2,13
2020-08-18,US,Iowa,Linn,2596,89,0,42.07923082,-91.59809485,19113.0,1145.09541,3.42835131,2507,2568,89,0,2479,2549,225909,28,0,0,28,19
2020-08-18,US,Iowa,Louisa,378,14,0,41.21842119,-91.26102611,19115.0,3425.4644310000003,3.7037037039999996,364,378,14,0,364,378,11169,0,0,0,0,0
2020-08-18,US,Iowa,Lucas,78,4,0,41.02958964,-93.32780803,19117.0,906.9767442,5.128205128,74,78,4,0,74,75,8645,0,0,0,0,3
2020-08-18,US,Iowa,Lyon,130,2,0,43.38107862,-96.20926845,19119.0,1105.912378,1.5384615380000002,128,130,2,0,128,128,11811,0,0,0,0,2
2020-08-18,US,Iowa,Madison,140,2,0,41.33081904,-94.01554631,19121.0,856.8980291000001,1.428571429,138,136,2,0,134,134,16249,4,0,0,4,2
2020-08-18,US,Iowa,Mahaska,150,17,0,41.33521503,-92.64083907,19123.0,678.8866259,11.33333333,133,147,17,0,130,146,22000,3,0,0,3,1
2020-08-18,US,Iowa,Marion,217,0,0,41.33445101,-93.09934783,19125.0,652.5727002,0.0,217,209,0,0,209,209,33407,8,0,0,8,0
2020-08-18,US,Iowa,Marshall,1522,28,0,42.03586837,-92.99908190000001,19127.0,3865.985928,1.839684625,1494,1515,27,0,1488,1509,39981,7,1,0,6,6
2020-08-18,US,Iowa,Mills,101,1,0,41.03299766,-95.61920963,19129.0,668.4757429,0.99009901,100,99,1,0,98,98,15063,2,0,0,2,1
2020-08-18,US,Iowa,Mitchell,85,0,0,43.35638371,-92.78887719,19131.0,802.9472889,0.0,85,83,0,0,83,83,10569,2,0,0,2,0
2020-08-18,US,Iowa,Monona,93,1,0,42.05220391,-95.95743843,19133.0,1079.5124779999999,1.075268817,92,93,1,0,92,93,8679,0,0,0,0,0
2020-08-18,US,Iowa,Monroe,81,8,0,41.02988815,-92.8690667,19135.0,1050.9926039999998,9.87654321,73,79,8,0,71,78,7790,2,0,0,2,1
2020-08-18,US,Iowa,Montgomery,65,4,0,41.03018714,-95.15642896,19137.0,655.4401533,6.153846154,61,64,4,0,60,64,10003,1,0,0,1,0
2020-08-18,US,Iowa,Muscatine,901,48,0,41.48370744,-91.11216970000001,19139.0,2111.850741,5.327413984,853,892,48,0,844,891,42929,9,0,0,9,1
2020-08-18,US,Iowa,O'Brien,151,6,0,43.08310673,-95.62474482,19141.0,1097.942267,3.973509934,145,150,5,0,145,149,13840,1,1,0,0,1
2020-08-18,US,Iowa,Osceola,90,0,0,43.37824276,-95.62422844,19143.0,1510.574018,0.0,90,89,0,0,89,89,6040,1,0,0,1,0
2020-08-18,US,Iowa,Page,104,0,0,40.7393172,-95.1497813,19145.0,688.4225856,0.0,104,102,0,0,102,101,15249,2,0,0,2,1
2020-08-18,US,Iowa,Palo Alto,104,0,0,43.08193849,-94.67824621,19147.0,1170.380374,0.0,104,103,0,0,103,102,8929,1,0,0,1,1
2020-08-18,US,Iowa,Plymouth,530,13,0,42.737633,-96.21366621,19149.0,2105.095921,2.452830189,517,523,13,0,510,509,25095,7,0,0,7,14
2020-08-18,US,Iowa,Pocahontas,122,2,0,42.73420133,-94.67862564,19151.0,1843.178728,1.6393442619999998,120,122,2,0,120,122,6740,0,0,0,0,0
2020-08-18,US,Iowa,Polk,11101,212,0,41.68679484,-93.57767461,19153.0,2264.766067,1.909737861,10889,11036,211,0,10825,10983,487204,65,1,0,64,53
2020-08-18,US,Iowa,Pottawattamie,1431,30,0,41.33640314,-95.53907776,19155.0,1535.308886,2.096436059,1401,1427,30,0,1397,1426,93533,4,0,0,4,1
2020-08-18,US,Iowa,Poweshiek,164,8,0,41.68625425,-92.53155731,19157.0,886.2948552000001,4.87804878,156,163,8,0,155,163,18699,1,0,0,1,0
2020-08-18,US,Iowa,Ringgold,25,1,0,40.73518949,-94.24368535,19159.0,510.82958719999993,4.0,24,25,1,0,24,24,4968,0,0,0,0,1
2020-08-18,US,Iowa,Sac,91,0,0,42.38624071,-95.10547892,19161.0,936.1176833999999,0.0,91,90,0,0,90,90,9719,1,0,0,1,0
2020-08-18,US,Iowa,Scott,1874,17,0,41.63935978,-90.61959493,19163.0,1083.594017,0.90715048,1857,1863,16,0,1847,1853,173283,11,1,0,10,10
2020-08-18,US,Iowa,Shelby,195,1,0,41.6850066,-95.31015553,19165.0,1702.462022,0.512820513,194,193,1,0,192,194,11578,2,0,0,2,-1
2020-08-18,US,Iowa,Sioux,703,3,0,43.08221074,-96.17675679999999,19167.0,2016.92727,0.426742532,700,698,3,0,695,693,34909,5,0,0,5,5
2020-08-18,US,Iowa,Story,1420,16,0,42.03621213,-93.46499005,19169.0,1462.1538970000001,1.126760563,1404,1413,15,0,1398,1398,98105,7,1,0,6,15
2020-08-18,US,Iowa,Tama,563,29,0,42.07991767,-92.53266945,19171.0,3340.453305,5.150976909,534,562,29,0,533,562,16904,1,0,0,1,0
2020-08-18,US,Iowa,Taylor,104,0,0,40.73710579,-94.69778563,19173.0,1699.06878,0.0,104,104,0,0,104,104,6191,0,0,0,0,0
2020-08-18,US,Iowa,Unassigned,3,0,0,0.0,0.0,90019.0,0.0,0.0,3,6,0,0,6,,,-3,0,0,-3,
2020-08-18,US,Iowa,Union,88,3,0,41.0277278,-94.24234847,19175.0,718.8955151,3.4090909089999997,85,88,3,0,85,88,12359,0,0,0,0,0
2020-08-18,US,Iowa,Van Buren,42,1,0,40.75326764,-91.95017958,19177.0,596.2521295,2.3809523809999997,41,42,1,0,41,42,7020,0,0,0,0,0
2020-08-18,US,Iowa,Wapello,968,38,0,41.03064984,-92.40954728,19179.0,2768.1660899999997,3.925619835,930,959,38,0,921,955,35205,9,0,0,9,4
2020-08-18,US,Iowa,Warren,608,3,0,41.33559454,-93.56007641,19181.0,1181.362453,0.49342105299999994,605,606,3,0,603,603,51056,2,0,0,2,3
2020-08-18,US,Iowa,Washington,312,10,0,41.33577126,-91.71725711,19183.0,1420.4416119999999,3.205128205,302,310,10,0,300,309,22141,2,0,0,2,1
2020-08-18,US,Iowa,Wayne,26,2,0,40.73969028,-93.32752197,19185.0,403.6640273,7.692307692000001,24,26,2,0,24,25,6401,0,0,0,0,1
2020-08-18,US,Iowa,Webster,891,8,0,42.42853483,-94.17987389,19187.0,2481.617647,0.897867565,883,899,8,0,891,884,36277,-8,0,0,-8,15
2020-08-18,US,Iowa,Winnebago,119,1,0,43.37751174,-93.73407298,19189.0,1149.314275,0.8403361340000001,118,117,0,0,117,119,10518,2,1,0,1,-2
2020-08-18,US,Iowa,Winneshiek,116,1,0,43.29094334,-91.84422722,19191.0,580.2611175,0.8620689659999999,115,113,1,0,112,109,20029,3,0,0,3,4
2020-08-18,US,Iowa,Woodbury,3838,54,0,42.38979414,-96.0459439,19193.0,3722.346688,1.406982804,3784,3828,54,0,3774,3807,102539,10,0,0,10,21
2020-08-18,US,Iowa,Worth,71,0,0,43.37750768,-93.26087602,19195.0,961.9292778999999,0.0,71,71,0,0,71,71,7453,0,0,0,0,0
2020-08-18,US,Iowa,Wright,496,1,0,42.73305373,-93.73515113,19197.0,3948.415857,0.201612903,495,497,1,0,496,496,12690,-1,0,0,-1,1
2020-08-18,US,Kansas,Allen,20,0,0,37.88582951,-95.30030847,20001.0,161.694559,0.0,20,20,0,0,20,22,12444,0,0,0,0,-2
2020-08-18,US,Kansas,Anderson,32,0,0,38.21413251,-95.29272815,20003.0,407.22830239999996,0.0,32,31,0,0,31,30,7878,1,0,0,1,1
2020-08-18,US,Kansas,Atchison,99,0,0,39.53185661,-95.30870026,20005.0,615.9397748,0.0,99,99,0,0,99,83,16193,0,0,0,0,16
2020-08-18,US,Kansas,Barber,6,0,0,37.2288586,-98.68460053,20007.0,135.531963,0.0,6,6,0,0,6,4,4472,0,0,0,0,2
2020-08-18,US,Kansas,Barton,195,3,0,38.47889676,-98.75636726,20009.0,756.4296519999999,1.5384615380000002,192,186,3,0,183,149,26111,9,0,0,9,37
2020-08-18,US,Kansas,Bourbon,82,2,0,37.85508555,-94.84865997,20011.0,564.194303,2.43902439,80,82,2,0,80,78,14653,0,0,0,0,4
2020-08-18,US,Kansas,Brown,53,0,0,39.82652589,-95.56421698,20013.0,554.1614387,0.0,53,53,0,0,53,47,9598,0,0,0,0,6
2020-08-18,US,Kansas,Butler,338,2,0,37.78134351,-96.83878537,20015.0,505.14863030000004,0.591715976,336,330,2,0,328,333,66765,8,0,0,8,-3
2020-08-18,US,Kansas,Chase,58,0,0,38.30292938,-96.59563862,20017.0,2190.332326,0.0,58,58,0,0,58,46,2629,0,0,0,0,12
2020-08-18,US,Kansas,Chautauqua,6,0,0,37.14994405,-96.2454192,20019.0,184.6153846,0.0,6,6,0,0,6,6,3309,0,0,0,0,0
2020-08-18,US,Kansas,Cherokee,168,0,0,37.16928494,-94.8462897,20021.0,842.5698380000001,0.0,168,168,0,0,168,157,20015,0,0,0,0,11
2020-08-18,US,Kansas,Cheyenne,5,0,0,39.78580976,-101.7318201,20023.0,188.18216030000002,0.0,5,5,0,0,5,5,2660,0,0,0,0,0
2020-08-18,US,Kansas,Clark,45,1,0,37.23577007,-99.81883015,20025.0,2256.7703109999998,2.222222222,44,45,1,0,44,45,2005,0,0,0,0,0
2020-08-18,US,Kansas,Clay,21,2,0,39.34948772,-97.16518128,20027.0,262.4343914,9.523809523999999,19,21,2,0,19,22,7997,0,0,0,0,-1
2020-08-18,US,Kansas,Cloud,42,0,0,39.48028352,-97.64925343,20029.0,478.0332347,0.0,42,42,0,0,42,41,8729,0,0,0,0,1
2020-08-18,US,Kansas,Coffey,71,8,0,38.2365018,-95.73379515,20031.0,868.076782,11.26760563,63,71,8,0,63,70,8233,0,0,0,0,1
2020-08-18,US,Kansas,Comanche,9,0,0,37.19114520000001,-99.27113247,20033.0,529.4117646999999,0.0,9,9,0,0,9,9,1748,0,0,0,0,0
2020-08-18,US,Kansas,Cowley,198,2,0,37.23781842,-96.83776647,20035.0,567.2052252000001,1.01010101,196,198,2,0,196,182,35218,0,0,0,0,16
2020-08-18,US,Kansas,Crawford,400,1,0,37.50675523,-94.85245778,20037.0,1030.449791,0.25,399,400,1,0,399,415,39019,0,0,0,0,-15
2020-08-18,US,Kansas,Decatur,6,0,0,39.78468441,-100.45940809999999,20039.0,212.2391227,0.0,6,6,0,0,6,5,2871,0,0,0,0,1
2020-08-18,US,Kansas,Dickinson,53,1,0,38.86600962,-97.15532383,20041.0,287.0139716,1.8867924530000002,52,53,1,0,52,47,18717,0,0,0,0,6
2020-08-18,US,Kansas,Doniphan,50,0,0,39.79067154,-95.14056866,20043.0,657.8947368,0.0,50,50,0,0,50,46,7682,0,0,0,0,4
2020-08-18,US,Kansas,Douglas,847,5,0,38.88503636,-95.2925121,20045.0,692.7915327000001,0.590318772,842,839,5,0,834,805,121436,8,0,0,8,34
2020-08-18,US,Kansas,Edwards,12,0,0,37.88735543,-99.31263309,20047.0,428.8777698,0.0,12,12,0,0,12,16,2849,0,0,0,0,-4
2020-08-18,US,Kansas,Elk,1,0,0,37.45338105,-96.24369667,20049.0,39.5256917,0.0,1,1,0,0,1,1,2508,0,0,0,0,0
2020-08-18,US,Kansas,Ellis,161,1,0,38.91458712,-99.31751551,20051.0,563.8636921,0.621118012,160,161,1,0,160,153,28710,0,0,0,0,8
2020-08-18,US,Kansas,Ellsworth,22,0,0,38.69677695,-98.20462799,20053.0,360.5375287,0.0,22,22,0,0,22,21,6196,0,0,0,0,1
2020-08-18,US,Kansas,Finney,1830,12,0,38.04340344,-100.73819379999999,20055.0,5018.235665,0.655737705,1818,1820,11,0,1809,1730,36611,10,1,0,9,90
2020-08-18,US,Kansas,Ford,2180,10,0,37.69200114,-99.88825298,20057.0,6484.428448,0.458715596,2170,2180,10,0,2170,2206,33888,0,0,0,0,-26
2020-08-18,US,Kansas,Franklin,237,2,0,38.56443815,-95.28644341,20059.0,927.8108361999999,0.8438818570000001,235,237,2,0,235,222,25631,0,0,0,0,15
2020-08-18,US,Kansas,Geary,174,2,0,38.99871131,-96.7577178,20061.0,549.415851,1.1494252870000001,172,174,2,0,172,223,32594,0,0,0,0,-49
2020-08-18,US,Kansas,Gove,6,0,0,38.91588178,-100.4829321,20063.0,227.6176024,0.0,6,6,0,0,6,5,2612,0,0,0,0,1
2020-08-18,US,Kansas,Graham,23,0,0,39.34987223,-99.88332493,20065.0,926.6720387,0.0,23,23,0,0,23,18,2492,0,0,0,0,5
2020-08-18,US,Kansas,Grant,132,2,0,37.56227336,-101.3079758,20067.0,1846.1538460000002,1.515151515,130,130,2,0,128,102,7336,2,0,0,2,28
2020-08-18,US,Kansas,Gray,98,0,0,37.73836671,-100.4369088,20069.0,1636.606546,0.0,98,90,0,0,90,77,6033,8,0,0,8,13
2020-08-18,US,Kansas,Greeley,4,0,0,38.4808095,-101.8061079,20071.0,324.6753247,0.0,4,4,0,0,4,4,1227,0,0,0,0,0
2020-08-18,US,Kansas,Greenwood,23,0,0,37.8774388,-96.23250453,20073.0,384.48679369999996,0.0,23,23,0,0,23,23,6055,0,0,0,0,0
2020-08-18,US,Kansas,Hamilton,42,0,0,37.99978709,-101.7921066,20075.0,1654.194565,0.0,42,42,0,0,42,43,2607,0,0,0,0,-1
2020-08-18,US,Kansas,Harper,24,0,0,37.19175361,-98.07578384,20077.0,441.50110379999995,0.0,24,24,0,0,24,21,5506,0,0,0,0,3
2020-08-18,US,Kansas,Harvey,255,3,0,38.04293782,-97.42747573,20079.0,740.6546806,1.176470588,252,246,2,0,244,224,34210,9,1,0,8,22
2020-08-18,US,Kansas,Haskell,44,0,0,37.562039399999996,-100.8710738,20081.0,1108.870968,0.0,44,44,0,0,44,49,3997,0,0,0,0,-5
2020-08-18,US,Kansas,Hodgeman,11,0,0,38.08780079,-99.89829881,20083.0,613.1549610000001,0.0,11,11,0,0,11,11,1818,0,0,0,0,0
2020-08-18,US,Kansas,Jackson,174,1,0,39.41673394,-95.79356799,20085.0,1321.0842,0.574712644,173,166,1,0,165,164,13280,8,0,0,8,2
2020-08-18,US,Kansas,Jefferson,95,0,0,39.2347941,-95.38289232,20087.0,498.87097620000003,0.0,95,95,0,0,95,89,18975,0,0,0,0,6
2020-08-18,US,Kansas,Jewell,14,1,0,39.78470589,-98.21820662,20089.0,486.27995830000003,7.142857143,13,14,1,0,13,13,2841,0,0,0,0,1
2020-08-18,US,Kansas,Johnson,6655,108,0,38.88548175,-94.82250877,20091.0,1104.745842,1.62283997,6547,6582,108,0,6474,6357,597555,73,0,0,73,225
2020-08-18,US,Kansas,Kearny,67,1,0,38.00017981,-101.32168100000001,20093.0,1745.7008859999999,1.4925373130000001,66,67,1,0,66,66,3943,0,0,0,0,1
2020-08-18,US,Kansas,Kingman,27,0,0,37.55909527,-98.13638678,20095.0,377.5167785,0.0,27,27,0,0,27,25,7310,0,0,0,0,2
2020-08-18,US,Kansas,Kiowa,8,0,0,37.55848695,-99.2856537,20097.0,323.2323232,0.0,8,8,0,0,8,8,2516,0,0,0,0,0
2020-08-18,US,Kansas,Labette,159,1,0,37.19113093,-95.29849679,20099.0,810.4801712999999,0.628930818,158,159,1,0,158,153,19964,0,0,0,0,6
2020-08-18,US,Kansas,Lane,6,0,0,38.48119447,-100.46607540000001,20101.0,390.8794788,0.0,6,6,0,0,6,6,1560,0,0,0,0,0
2020-08-18,US,Kansas,Leavenworth,1548,9,0,39.20183497,-95.03620809,20103.0,1893.3926960000001,0.581395349,1539,1548,9,0,1539,1549,81352,0,0,0,0,-1
2020-08-18,US,Kansas,Lincoln,6,0,0,39.04549684,-98.20756994,20105.0,202.5658339,0.0,6,6,0,0,6,6,3023,0,0,0,0,0
2020-08-18,US,Kansas,Linn,50,0,0,38.21267844,-94.84254089,20107.0,515.304545,0.0,50,50,0,0,50,50,9750,0,0,0,0,0
2020-08-18,US,Kansas,Logan,2,0,0,38.91735806,-101.148475,20109.0,71.58196135,0.0,2,2,0,0,2,2,2844,0,0,0,0,0
2020-08-18,US,Kansas,Lyon,765,14,0,38.45576156,-96.15275715,20111.0,2304.56394,1.830065359,751,762,14,0,748,703,33406,3,0,0,3,59
2020-08-18,US,Kansas,Marion,59,1,0,38.35855394,-97.09852509999999,20115.0,496.4658364,1.694915254,58,59,1,0,58,59,11950,0,0,0,0,0
2020-08-18,US,Kansas,Marshall,15,0,0,39.78359669,-96.52278974,20117.0,154.5276605,0.0,15,15,0,0,15,14,9722,0,0,0,0,1
2020-08-18,US,Kansas,McPherson,176,1,0,38.39184858,-97.64769869,20113.0,616.6351342,0.568181818,175,169,1,0,168,164,28537,7,0,0,7,5
2020-08-18,US,Kansas,Meade,52,0,0,37.23859987,-100.36483100000001,20119.0,1289.362757,0.0,52,52,0,0,52,59,4146,0,0,0,0,-7
2020-08-18,US,Kansas,Miami,150,0,0,38.56383358,-94.83832189,20121.0,438.1224991,0.0,150,150,0,0,150,152,33680,0,0,0,0,-2
2020-08-18,US,Kansas,Mitchell,28,0,0,39.39331582,-98.20906732,20123.0,468.30573669999995,0.0,28,28,0,0,28,28,6150,0,0,0,0,0
2020-08-18,US,Kansas,Montgomery,193,5,0,37.19236568,-95.74329258,20125.0,606.3652643999999,2.590673575,188,193,5,0,188,168,32120,0,0,0,0,25
2020-08-18,US,Kansas,Morris,12,0,0,38.68827511,-96.65128437,20127.0,213.5231317,0.0,12,12,0,0,12,13,5521,0,0,0,0,-1
2020-08-18,US,Kansas,Morton,10,2,0,37.19141121,-101.79925190000002,20129.0,386.54812519999996,20.0,8,10,2,0,8,10,2667,0,0,0,0,0
2020-08-18,US,Kansas,Nemaha,53,1,0,39.78345387,-96.01392079,20131.0,518.0334278,1.8867924530000002,52,50,1,0,49,50,10155,3,0,0,3,0
2020-08-18,US,Kansas,Neosho,66,0,0,37.55862897,-95.30670046,20133.0,412.3196102,0.0,66,66,0,0,66,67,15951,0,0,0,0,-1
2020-08-18,US,Kansas,Ness,8,0,0,38.47974157,-99.91547333,20135.0,290.9090909,0.0,8,8,0,0,8,7,2840,0,0,0,0,1
2020-08-18,US,Kansas,Norton,23,0,0,39.78443827,-99.90286639,20137.0,429.02443569999997,0.0,23,23,0,0,23,23,5430,0,0,0,0,0
2020-08-18,US,Kansas,Osage,50,0,0,38.65235984,-95.72707998,20139.0,313.499279,0.0,50,50,0,0,50,47,15941,0,0,0,0,3
2020-08-18,US,Kansas,Osborne,4,0,0,39.3503437,-98.76753828,20141.0,116.9248758,0.0,4,4,0,0,4,4,3475,0,0,0,0,0
2020-08-18,US,Kansas,Ottawa,39,0,0,39.13237408,-97.65020313,20143.0,683.7307153,0.0,39,39,0,0,39,37,5802,0,0,0,0,2
2020-08-18,US,Kansas,Pawnee,65,0,0,38.18108732,-99.23692334,20145.0,1013.4081699999999,0.0,65,65,0,0,65,63,6562,0,0,0,0,2
2020-08-18,US,Kansas,Phillips,51,8,0,39.78465501,-99.34668865,20147.0,974.3981658,15.68627451,43,51,8,0,43,48,5317,0,0,0,0,3
2020-08-18,US,Kansas,Pottawatomie,119,0,0,39.37925655,-96.34564657,20149.0,488.0449493,0.0,119,119,0,0,119,119,24277,0,0,0,0,0
2020-08-18,US,Kansas,Pratt,35,0,0,37.64780729,-98.73922153,20151.0,381.9292885,0.0,35,35,0,0,35,35,9378,0,0,0,0,0
2020-08-18,US,Kansas,Reno,500,1,0,37.95230263,-98.08607292,20155.0,806.4776283,0.2,499,491,1,0,490,418,62342,9,0,0,9,73
2020-08-18,US,Kansas,Republic,32,0,0,39.82799632,-97.65036709,20157.0,690.2502157,0.0,32,32,0,0,32,31,4664,0,0,0,0,1
2020-08-18,US,Kansas,Rice,41,0,0,38.34616184,-98.19992118,20159.0,429.9045822,0.0,41,41,0,0,41,39,9531,0,0,0,0,2
2020-08-18,US,Kansas,Riley,512,5,0,39.28935726,-96.73420026,20161.0,689.7294967,0.9765625,507,512,5,0,507,451,73703,0,0,0,0,61
2020-08-18,US,Kansas,Rooks,19,0,0,39.35022773,-99.32484567,20163.0,386.17886180000005,0.0,19,19,0,0,19,18,5013,0,0,0,0,1
2020-08-18,US,Kansas,Rush,10,0,0,38.52275276,-99.30863983,20165.0,329.3807642,0.0,10,10,0,0,10,10,3093,0,0,0,0,0
2020-08-18,US,Kansas,Russell,17,0,0,38.91462787,-98.76254297,20167.0,247.95799300000002,0.0,17,17,0,0,17,19,6907,0,0,0,0,-2
2020-08-18,US,Kansas,Saline,416,7,0,38.78369175,-97.65185177,20169.0,767.1879611,1.682692308,409,416,7,0,409,385,54401,0,0,0,0,31
2020-08-18,US,Kansas,Scott,79,0,0,38.48222076,-100.90665390000001,20171.0,1637.984657,0.0,79,79,0,0,79,54,4897,0,0,0,0,25
2020-08-18,US,Kansas,Sedgwick,5460,47,0,37.6842718,-97.4608198,20173.0,1058.053414,0.8608058609999999,5413,5429,47,0,5382,5718,513607,31,0,0,31,-289
2020-08-18,US,Kansas,Seward,1306,4,0,37.19324632,-100.85072009999999,20175.0,6094.829195,0.306278714,1302,1306,4,0,1302,1189,21780,0,0,0,0,117
2020-08-18,US,Kansas,Shawnee,1814,21,0,39.04100763,-95.75572640000001,20177.0,1025.583039,1.157662624,1793,1788,19,0,1769,1720,177499,26,2,0,24,68
2020-08-18,US,Kansas,Sheridan,9,0,0,39.35018161,-100.44182590000001,20179.0,357.00119,0.0,9,9,0,0,9,7,2533,0,0,0,0,2
2020-08-18,US,Kansas,Sherman,17,0,0,39.35147699,-101.71976240000001,20181.0,287.30775730000005,0.0,17,17,0,0,17,17,5899,0,0,0,0,0
2020-08-18,US,Kansas,Smith,3,0,0,39.78516566,-98.78566062,20183.0,83.72871895,0.0,3,3,0,0,3,3,3603,0,0,0,0,0
2020-08-18,US,Kansas,Stafford,12,1,0,38.03100851,-98.71762001,20185.0,288.7391723,8.333333332999999,11,12,1,0,11,7,4178,0,0,0,0,5
2020-08-18,US,Kansas,Stanton,20,1,0,37.56304714,-101.78435340000001,20187.0,997.0089731,5.0,19,20,1,0,19,40,1987,0,0,0,0,-20
2020-08-18,US,Kansas,Stevens,46,0,0,37.1923008,-101.3118967,20189.0,838.6508660000001,0.0,46,46,0,0,46,46,5559,0,0,0,0,0
2020-08-18,US,Kansas,Sumner,107,3,0,37.23682549,-97.47721621,20191.0,468.5584165,2.803738318,104,107,3,0,104,104,22996,0,0,0,0,3
2020-08-18,US,Kansas,Thomas,51,0,0,39.35107575,-101.0553705,20193.0,655.7798637,0.0,51,51,0,0,51,45,7711,0,0,0,0,6
2020-08-18,US,Kansas,Trego,7,1,0,38.91467218,-99.87284448,20195.0,249.7324295,14.28571429,6,7,1,0,6,7,2793,0,0,0,0,0
2020-08-18,US,Kansas,Wabaunsee,45,0,0,38.95471985,-96.20350509,20197.0,649.2569615,0.0,45,45,0,0,45,43,6899,0,0,0,0,2
2020-08-18,US,Kansas,Washington,2,0,0,39.78420784,-97.08753229999999,20201.0,36.99593045,0.0,2,2,0,0,2,1,5420,0,0,0,0,1
2020-08-18,US,Kansas,Wichita,4,0,0,38.48178252,-101.3471509,20203.0,188.7682869,0.0,4,4,0,0,4,4,2105,0,0,0,0,0
2020-08-18,US,Kansas,Wilson,16,0,0,37.55937174,-95.74323255,20205.0,187.68328449999998,0.0,16,16,0,0,16,14,8665,0,0,0,0,2
2020-08-18,US,Kansas,Woodson,12,0,0,37.8865336,-95.74006277,20207.0,382.4091778,0.0,12,12,0,0,12,12,3183,0,0,0,0,0
2020-08-18,US,Kansas,Wyandotte,5450,108,0,39.11727348,-94.76378225,20209.0,3294.464695,1.9816513759999999,5342,5405,107,0,5298,5329,165324,45,1,0,44,76
2020-08-18,US,Kentucky,Adair,233,19,0,37.10459774,-85.28129668,21001.0,1213.4152689999999,8.154506438,214,233,19,0,214,224,19215,0,0,0,0,9
2020-08-18,US,Kentucky,Allen,236,8,0,36.75197631,-86.19457544,21003.0,1107.201501,3.389830508,228,236,8,0,228,234,21122,0,0,0,0,2
2020-08-18,US,Kentucky,Anderson,94,1,0,38.00671029,-84.99171713,21005.0,413.2413065,1.063829787,93,92,1,0,91,90,22663,2,0,0,2,2
2020-08-18,US,Kentucky,Ballard,38,0,0,37.05842757,-88.99427697,21007.0,481.74442189999996,0.0,38,37,0,0,37,37,7979,1,0,0,1,0
2020-08-18,US,Kentucky,Barren,437,3,0,36.96469836,-85.93338945,21009.0,987.59294,0.6864988559999999,434,432,3,0,429,429,44176,5,0,0,5,3
2020-08-18,US,Kentucky,Bath,41,1,0,38.14735938,-83.74588932,21011.0,328.0,2.43902439,40,41,1,0,40,41,12383,0,0,0,0,0
2020-08-18,US,Kentucky,Bell,351,5,0,36.73355174,-83.67766671,21013.0,1348.340504,1.424501425,346,350,5,0,345,338,26569,1,0,0,1,12
2020-08-18,US,Kentucky,Boone,1174,24,0,38.97065142,-84.72615357,21015.0,878.8675036000001,2.044293015,1150,1157,24,0,1133,1149,131533,17,0,0,17,8
2020-08-18,US,Kentucky,Bourbon,98,1,0,38.2054607,-84.21827874,21017.0,495.24964630000005,1.020408163,97,99,1,0,98,97,20184,-1,0,0,-1,2
2020-08-18,US,Kentucky,Boyd,203,4,0,38.36176608,-82.68652187,21019.0,434.52202580000005,1.97044335,199,203,4,0,199,201,47240,0,0,0,0,2
2020-08-18,US,Kentucky,Boyle,177,0,0,37.62680923,-84.8633779,21021.0,588.8223552999999,0.0,177,172,0,0,172,168,30100,5,0,0,5,4
2020-08-18,US,Kentucky,Bracken,37,0,0,38.69158994,-84.08532444,21023.0,445.62206430000003,0.0,37,37,0,0,37,37,8239,0,0,0,0,0
2020-08-18,US,Kentucky,Breathitt,33,0,0,37.52333168,-83.31959161,21025.0,261.28266030000003,0.0,33,33,0,0,33,33,12726,0,0,0,0,0
2020-08-18,US,Kentucky,Breckinridge,88,2,0,37.77377239,-86.42885017,21027.0,429.7504517,2.272727273,86,87,2,0,85,84,20388,1,0,0,1,3
2020-08-18,US,Kentucky,Bullitt,467,5,0,37.97162523,-85.68955617,21029.0,571.7713894,1.070663812,462,448,5,0,443,440,81069,19,0,0,19,8
2020-08-18,US,Kentucky,Butler,306,15,0,37.20946153,-86.68748787,21031.0,2375.9608670000002,4.901960784,291,304,15,0,289,303,12772,2,0,0,2,1
2020-08-18,US,Kentucky,Caldwell,59,0,0,37.14749129,-87.86948214,21033.0,462.85400489999995,0.0,59,57,0,0,57,55,12715,2,0,0,2,2
2020-08-18,US,Kentucky,Calloway,303,5,0,36.62093411,-88.2731593,21035.0,776.9031562999999,1.650165017,298,294,5,0,289,289,39135,9,0,0,9,5
2020-08-18,US,Kentucky,Campbell,629,13,0,38.94384345,-84.37875208,21037.0,672.1234399,2.066772655,616,622,13,0,609,612,93152,7,0,0,7,10
2020-08-18,US,Kentucky,Carlisle,51,1,0,36.85372876,-88.96692220000001,21039.0,1071.4285710000001,1.960784314,50,50,1,0,49,50,4771,1,0,0,1,0
2020-08-18,US,Kentucky,Carroll,170,2,0,38.66599534,-85.12601074,21041.0,1599.0969810000001,1.176470588,168,170,2,0,168,170,10737,0,0,0,0,0
2020-08-18,US,Kentucky,Carter,105,3,0,38.31690743,-83.05092385,21043.0,391.83490689999996,2.857142857,102,105,2,0,103,105,27004,0,1,0,-1,0
2020-08-18,US,Kentucky,Casey,216,11,0,37.32533118,-84.92726209,21045.0,1336.716381,5.092592593,205,213,11,0,202,213,15888,3,0,0,3,0
2020-08-18,US,Kentucky,Christian,543,10,0,36.89267803,-87.49055367,21047.0,770.6390769,1.8416206259999999,533,540,10,0,530,532,71671,3,0,0,3,8
2020-08-18,US,Kentucky,Clark,195,7,0,37.9689263,-84.14615986,21049.0,537.7381904,3.58974359,188,189,7,0,182,186,36249,6,0,0,6,3
2020-08-18,US,Kentucky,Clay,191,5,0,37.16451126,-83.712575,21051.0,959.7507662999999,2.617801047,186,190,5,0,185,185,20105,1,0,0,1,5
2020-08-18,US,Kentucky,Clinton,50,1,0,36.72581156,-85.13377529,21053.0,489.33255039999995,2.0,49,48,1,0,47,42,10206,2,0,0,2,6
2020-08-18,US,Kentucky,Crittenden,34,1,0,37.35839237,-88.08826090000001,21055.0,386.1003861,2.9411764710000003,33,34,1,0,33,34,8915,0,0,0,0,0
2020-08-18,US,Kentucky,Cumberland,68,0,0,36.78926125,-85.39050034,21057.0,1028.122165,0.0,68,67,0,0,67,66,6659,1,0,0,1,1
2020-08-18,US,Kentucky,Daviess,833,10,0,37.73028906,-87.09019479999999,21059.0,820.6007231000001,1.2004801920000001,823,827,9,0,818,824,101104,6,1,0,5,3
2020-08-18,US,Kentucky,Edmonson,115,12,0,37.21218923,-86.23955613,21061.0,946.5020576,10.43478261,103,115,12,0,103,115,12274,0,0,0,0,0
2020-08-18,US,Kentucky,Elliott,15,0,0,38.11624059,-83.09771563,21063.0,199.5476919,0.0,15,15,0,0,15,15,7508,0,0,0,0,0
2020-08-18,US,Kentucky,Estill,27,0,0,37.69241417,-83.95956369,21065.0,191.4079115,0.0,27,27,0,0,27,27,14198,0,0,0,0,0
2020-08-18,US,Kentucky,Fayette,3493,50,0,38.0368225,-84.45576892,21067.0,1080.915482,1.4314342969999998,3443,3460,50,0,3410,3385,323780,33,0,0,33,75
2020-08-18,US,Kentucky,Fleming,64,0,0,38.36758311,-83.69657514,21069.0,438.92737120000004,0.0,64,64,0,0,64,64,14432,0,0,0,0,0
2020-08-18,US,Kentucky,Floyd,121,2,0,37.56213922,-82.74750924,21071.0,339.99269439999995,1.652892562,119,119,2,0,117,119,35845,2,0,0,2,0
2020-08-18,US,Kentucky,Franklin,375,11,0,38.2379395,-84.87962551,21073.0,735.4238982999999,2.933333333,364,357,11,0,346,349,50815,18,0,0,18,8
2020-08-18,US,Kentucky,Fulton,101,2,0,36.55238827,-89.20140068,21075.0,1692.075725,1.98019802,99,101,2,0,99,98,6120,0,0,0,0,3
2020-08-18,US,Kentucky,Gallatin,85,7,0,38.75398691,-84.8558382,21077.0,958.3944074999999,8.235294117999999,78,82,7,0,75,82,8832,3,0,0,3,0
2020-08-18,US,Kentucky,Garrard,96,0,0,37.638866799999995,-84.53289319,21079.0,543.4167327,0.0,96,93,0,0,93,91,17560,3,0,0,3,2
2020-08-18,US,Kentucky,Grant,129,6,0,38.64962758,-84.62415957,21081.0,514.5797599,4.651162791,123,128,6,0,122,127,25121,1,0,0,1,1
2020-08-18,US,Kentucky,Graves,586,27,0,36.72292505,-88.65143315,21083.0,1572.4789349999999,4.607508532,559,582,26,0,556,580,37317,4,1,0,3,2
2020-08-18,US,Kentucky,Grayson,226,11,0,37.46231118,-86.34248968,21085.0,855.185984,4.867256637,215,220,11,0,209,219,26321,6,0,0,6,1
2020-08-18,US,Kentucky,Green,61,2,0,37.26484328,-85.5540745,21087.0,557.5358742000001,3.278688525,59,57,2,0,55,57,11049,4,0,0,4,0
2020-08-18,US,Kentucky,Greenup,152,1,0,38.54332505,-82.9215658,21089.0,433.0731096,0.657894737,151,147,1,0,146,139,35268,5,0,0,5,8
2020-08-18,US,Kentucky,Hancock,55,0,0,37.83766422,-86.78280584,21091.0,630.5893143999999,0.0,55,54,0,0,54,52,8758,1,0,0,1,2
2020-08-18,US,Kentucky,Hardin,776,8,0,37.6976111,-85.96319251,21093.0,699.3637232000001,1.030927835,768,750,8,0,742,744,110356,26,0,0,26,6
2020-08-18,US,Kentucky,Harlan,260,3,0,36.85699301,-83.21899516,21095.0,999.6155325,1.153846154,257,257,3,0,254,253,26409,3,0,0,3,4
2020-08-18,US,Kentucky,Harrison,132,0,0,38.44188174,-84.32869741,21097.0,698.9304247,0.0,132,123,0,0,123,123,18778,9,0,0,9,0
2020-08-18,US,Kentucky,Hart,114,0,0,37.29943898,-85.88461055,21099.0,598.8967691,0.0,114,110,0,0,110,109,18906,4,0,0,4,1
2020-08-18,US,Kentucky,Henderson,383,3,0,37.79344553,-87.57392021,21101.0,847.1577085000001,0.783289817,380,376,3,0,373,371,45591,7,0,0,7,5
2020-08-18,US,Kentucky,Henry,145,2,0,38.44942688,-85.11587507,21103.0,899.1690437999999,1.379310345,143,146,3,0,143,142,16106,-1,-1,0,0,4
2020-08-18,US,Kentucky,Hickman,62,0,0,36.67948079999999,-88.97875928,21105.0,1415.525114,0.0,62,62,0,0,62,58,4421,0,0,0,0,4
2020-08-18,US,Kentucky,Hopkins,452,35,0,37.30939025,-87.54670406,21107.0,1011.502484,7.743362832000001,417,440,35,0,405,439,45068,12,0,0,12,1
2020-08-18,US,Kentucky,Jackson,161,14,0,37.41866422,-83.99825483,21109.0,1207.892565,8.695652174,147,158,14,0,144,155,13442,3,0,0,3,3
2020-08-18,US,Kentucky,Jefferson,9749,255,0,38.18664655,-85.65931031,21111.0,1271.458885,2.615652887,9494,9629,251,0,9378,9350,770517,120,4,0,116,279
2020-08-18,US,Kentucky,Jessamine,386,0,0,37.87119786,-84.58252003,21113.0,713.295759,0.0,386,377,0,0,377,372,53920,9,0,0,9,5
2020-08-18,US,Kentucky,Johnson,90,0,0,37.85106355,-82.8264322,21115.0,405.624662,0.0,90,84,0,0,84,83,22386,6,0,0,6,1
2020-08-18,US,Kentucky,Kenton,1545,41,0,38.93950319,-84.53241199,21117.0,925.1607803999999,2.653721683,1504,1526,41,0,1485,1507,166051,19,0,0,19,19
2020-08-18,US,Kentucky,Knott,82,1,0,37.35388197,-82.94981134,21119.0,553.8295286,1.219512195,81,79,1,0,78,75,15126,3,0,0,3,4
2020-08-18,US,Kentucky,Knox,288,8,0,36.89225732,-83.85403396,21121.0,924.7070156,2.777777778,280,269,8,0,261,268,31304,19,0,0,19,1
2020-08-18,US,Kentucky,Larue,70,1,0,37.54567114,-85.70138352,21123.0,486.1786359,1.428571429,69,67,1,0,66,66,14307,3,0,0,3,1
2020-08-18,US,Kentucky,Laurel,488,5,0,37.10975748,-84.11321779,21125.0,802.4600002999999,1.0245901640000001,483,480,5,0,475,480,60669,8,0,0,8,0
2020-08-18,US,Kentucky,Lawrence,39,0,0,38.07136018,-82.72882223,21127.0,254.61905069999997,0.0,39,38,0,0,38,38,15571,1,0,0,1,0
2020-08-18,US,Kentucky,Lee,6,0,0,37.59645942,-83.71513901,21129.0,81.04822369,0.0,6,7,0,0,7,5,7033,-1,0,0,-1,2
2020-08-18,US,Kentucky,Leslie,39,0,0,37.09246661,-83.37999606,21131.0,394.8567379,0.0,39,38,0,0,38,34,10143,1,0,0,1,4
2020-08-18,US,Kentucky,Letcher,66,1,0,37.12306748,-82.85346474,21133.0,306.22187169999995,1.515151515,65,67,0,0,67,65,21899,-1,1,0,-2,2
2020-08-18,US,Kentucky,Lewis,86,1,0,38.53184419,-83.37735618,21135.0,647.834275,1.162790698,85,86,1,0,85,84,13257,0,0,0,0,2
2020-08-18,US,Kentucky,Lincoln,121,2,0,37.45475628,-84.6565327,21137.0,492.89176749999996,1.652892562,119,121,2,0,119,119,24644,0,0,0,0,2
2020-08-18,US,Kentucky,Livingston,37,1,0,37.21137452,-88.34797529,21139.0,402.4363715,2.702702703,36,37,1,0,36,36,9242,0,0,0,0,1
2020-08-18,US,Kentucky,Logan,360,23,0,36.85949479,-86.877635,21141.0,1328.315253,6.3888888889999995,337,359,23,0,336,354,26989,1,0,0,1,5
2020-08-18,US,Kentucky,Lyon,32,4,0,37.02080035,-88.07886257,21143.0,389.7685749,12.5,28,32,4,0,28,32,8009,0,0,0,0,0
2020-08-18,US,Kentucky,Madison,686,1,0,37.71659336,-84.27220275,21151.0,737.7375332,0.145772595,685,676,1,0,675,630,92368,10,0,0,10,46
2020-08-18,US,Kentucky,Magoffin,54,0,0,37.70820545,-83.0657714,21153.0,444.0424307,0.0,54,53,0,0,53,49,12362,1,0,0,1,4
2020-08-18,US,Kentucky,Marion,141,0,0,37.55218078,-85.26898542,21155.0,731.5934208,0.0,141,142,0,0,142,129,19404,-1,0,0,-1,13
2020-08-18,US,Kentucky,Marshall,157,2,0,36.880070700000005,-88.32803576,21157.0,504.8231511,1.27388535,155,155,2,0,153,155,31191,2,0,0,2,0
2020-08-18,US,Kentucky,Martin,41,0,0,37.79990579,-82.51247478,21159.0,366.23492630000004,0.0,41,42,0,0,42,41,11323,-1,0,0,-1,1
2020-08-18,US,Kentucky,Mason,61,1,0,38.59471935,-83.82151043,21161.0,357.3520797,1.6393442619999998,60,59,1,0,58,56,17150,2,0,0,2,3
2020-08-18,US,Kentucky,McCracken,414,5,0,37.05350953,-88.70445755,21145.0,632.8533431,1.207729469,409,409,5,0,404,401,65346,5,0,0,5,8
2020-08-18,US,Kentucky,McCreary,56,0,0,36.73874143,-84.48102924,21147.0,324.9956474,0.0,56,54,0,0,54,52,17408,2,0,0,2,2
2020-08-18,US,Kentucky,McLean,44,1,0,37.5301951,-87.26803443,21149.0,477.89725210000006,2.272727273,43,44,1,0,43,44,9252,0,0,0,0,0
2020-08-18,US,Kentucky,Meade,107,3,0,37.96163597,-86.21028219,21163.0,374.4925101,2.803738318,104,103,3,0,100,103,28715,4,0,0,4,0
2020-08-18,US,Kentucky,Menifee,28,0,0,37.94090733,-83.59985712,21165.0,431.4994606000001,0.0,28,28,0,0,28,28,6451,0,0,0,0,0
2020-08-18,US,Kentucky,Mercer,95,0,0,37.81474237,-84.87488475,21167.0,433.13728169999996,0.0,95,92,0,0,92,91,21774,3,0,0,3,1
2020-08-18,US,Kentucky,Metcalfe,69,2,0,36.99459295,-85.63123699,21169.0,685.1355377,2.898550725,67,66,2,0,64,65,10030,3,0,0,3,1
2020-08-18,US,Kentucky,Monroe,107,2,0,36.71225341,-85.71596443,21171.0,1004.6948359999999,1.869158879,105,107,2,0,105,104,10718,0,0,0,0,3
2020-08-18,US,Kentucky,Montgomery,154,0,0,38.03253032,-83.9145241,21173.0,546.933267,0.0,154,141,0,0,141,139,28203,13,0,0,13,2
2020-08-18,US,Kentucky,Morgan,36,0,0,37.92465657,-83.25558245,21175.0,270.4936509,0.0,36,36,0,0,36,35,13345,0,0,0,0,1
2020-08-18,US,Kentucky,Muhlenberg,641,11,0,37.21425819,-87.14632053,21177.0,2093.266279,1.716068643,630,639,11,0,628,633,30774,2,0,0,2,6
2020-08-18,US,Kentucky,Nelson,272,2,0,37.80335779,-85.4657193,21179.0,588.3243571,0.735294118,270,255,2,0,253,253,45851,17,0,0,17,2
2020-08-18,US,Kentucky,Nicholas,21,1,0,38.33342292,-84.01889177,21181.0,288.8980603,4.7619047619999995,20,21,1,0,20,21,7166,0,0,0,0,0
2020-08-18,US,Kentucky,Ohio,365,9,0,37.47751843,-86.85368087,21183.0,1521.2136369999998,2.465753425,356,365,9,0,356,365,24087,0,0,0,0,0
2020-08-18,US,Kentucky,Oldham,682,18,0,38.39791089,-85.448222,21185.0,1020.9733679999999,2.6392961880000003,664,675,17,0,658,663,66470,7,1,0,6,12
2020-08-18,US,Kentucky,Owen,68,0,0,38.51679143,-84.82404619,21187.0,623.795982,0.0,68,65,0,0,65,65,10880,3,0,0,3,0
2020-08-18,US,Kentucky,Owsley,17,0,0,37.42823949,-83.68811419,21189.0,385.0509626,0.0,17,16,0,0,16,15,4472,1,0,0,1,1
2020-08-18,US,Kentucky,Pendleton,52,0,0,38.69607718,-84.35599463,21191.0,356.408499,0.0,52,51,0,0,51,51,14529,1,0,0,1,0
2020-08-18,US,Kentucky,Perry,260,6,0,37.25023553,-83.22922731,21193.0,1009.3951390000001,2.307692308,254,256,4,0,252,254,26092,4,2,0,2,2
2020-08-18,US,Kentucky,Pike,276,3,0,37.47088263,-82.39487445,21195.0,476.88160899999997,1.086956522,273,270,3,0,267,270,58402,6,0,0,6,0
2020-08-18,US,Kentucky,Powell,70,0,0,37.83218794,-83.82553961,21197.0,566.3888664,0.0,70,69,0,0,69,68,12442,1,0,0,1,1
2020-08-18,US,Kentucky,Pulaski,395,5,0,37.10466131,-84.57629079,21199.0,607.8887025,1.265822785,390,385,5,0,380,376,64623,10,0,0,10,9
2020-08-18,US,Kentucky,Robertson,3,0,0,38.51923469,-84.05055616,21201.0,142.3149905,0.0,3,3,0,0,3,3,2135,0,0,0,0,0
2020-08-18,US,Kentucky,Rockcastle,97,0,0,37.36642393,-84.31176452,21203.0,581.0122791,0.0,97,92,0,0,92,86,16750,5,0,0,5,6
2020-08-18,US,Kentucky,Rowan,88,0,0,38.19484205,-83.42088935,21205.0,359.7710548,0.0,88,88,0,0,88,88,24583,0,0,0,0,0
2020-08-18,US,Kentucky,Russell,146,5,0,36.99308373,-85.06070117,21207.0,814.5957708,3.4246575339999996,141,140,5,0,135,139,17821,6,0,0,6,1
2020-08-18,US,Kentucky,Scott,463,0,0,38.29622293,-84.5816631,21209.0,812.2237036,0.0,463,437,0,0,437,426,56031,26,0,0,26,11
2020-08-18,US,Kentucky,Shelby,827,22,0,38.21476019,-85.194223,21211.0,1686.9288510000001,2.660217654,805,820,21,0,799,817,48518,7,1,0,6,3
2020-08-18,US,Kentucky,Simpson,179,7,0,36.74058474,-86.58047435,21213.0,963.816498,3.910614525,172,173,7,0,166,167,18529,6,0,0,6,6
2020-08-18,US,Kentucky,Spencer,142,0,0,38.03223971,-85.32749335,21215.0,733.8122061,0.0,142,141,0,0,141,138,18794,1,0,0,1,3
2020-08-18,US,Kentucky,Taylor,159,3,0,37.3677562,-85.3329931,21217.0,617.0204509,1.8867924530000002,156,158,3,0,155,153,25549,1,0,0,1,5
2020-08-18,US,Kentucky,Todd,38,0,0,36.8381152,-87.17878374,21219.0,309.09386689999997,0.0,38,38,0,0,38,35,12311,0,0,0,0,3
2020-08-18,US,Kentucky,Trigg,61,0,0,36.80767017,-87.87333656,21221.0,416.3538325,0.0,61,60,0,0,60,59,14643,1,0,0,1,1
2020-08-18,US,Kentucky,Trimble,36,0,0,38.61056487,-85.33775972,21223.0,424.9793413,0.0,36,35,0,0,35,35,8515,1,0,0,1,0
2020-08-18,US,Kentucky,Union,76,0,0,37.66166713,-87.94300009,21225.0,528.4750713000001,0.0,76,76,0,0,76,73,14505,0,0,0,0,3
2020-08-18,US,Kentucky,Warren,2828,22,0,36.99903045,-86.42672751,21227.0,2127.979774,0.777934936,2806,2802,22,0,2780,2773,131264,26,0,0,26,29
2020-08-18,US,Kentucky,Washington,104,1,0,37.75599461,-85.17407732,21229.0,859.8594461000001,0.961538462,103,102,0,0,102,101,12084,2,1,0,1,1
2020-08-18,US,Kentucky,Wayne,80,0,0,36.80310688,-84.8251971,21231.0,393.4490729,0.0,80,80,0,0,80,77,20468,0,0,0,0,3
2020-08-18,US,Kentucky,Webster,96,1,0,37.52168356,-87.67989953,21233.0,741.7709782000001,1.041666667,95,95,1,0,94,92,13111,1,0,0,1,3
2020-08-18,US,Kentucky,Whitley,173,1,0,36.75700531,-84.14541217,21235.0,477.05713660000004,0.5780346820000001,172,170,1,0,169,170,36242,3,0,0,3,0
2020-08-18,US,Kentucky,Wolfe,19,0,0,37.73941626,-83.49303612,21237.0,265.4743608,0.0,19,18,0,0,18,16,7177,1,0,0,1,2
2020-08-18,US,Kentucky,Woodford,185,0,0,38.04178222,-84.7417556,21239.0,692.0026932,0.0,185,183,0,0,183,177,26533,2,0,0,2,6
2020-08-18,US,Louisiana,Acadia,2708,91,0,30.295064899999996,-92.41419698,22001.0,4364.574099,3.3604135889999998,2617,2701,90,0,2611,2696,62190,7,1,0,6,5
2020-08-18,US,Louisiana,Allen,1386,33,0,30.65385745,-92.82442028,22003.0,5408.358372,2.3809523809999997,1353,1382,33,0,1349,1378,25605,4,0,0,4,4
2020-08-18,US,Louisiana,Ascension,3108,81,0,30.20406249,-90.91328409999998,22005.0,2454.898739,2.606177606,3027,3084,81,0,3003,3064,124672,24,0,0,24,20
2020-08-18,US,Louisiana,Assumption,617,20,0,29.89946234,-91.06461642,22007.0,2818.50989,3.2414910860000004,597,616,20,0,596,613,22300,1,0,0,1,3
2020-08-18,US,Louisiana,Avoyelles,1157,38,0,31.07796211,-92.00079449,22009.0,2882.124352,3.284356093,1119,1149,37,0,1112,1143,40462,8,1,0,7,6
2020-08-18,US,Louisiana,Beauregard,896,28,0,30.64836518,-93.34173616,22011.0,2389.524495,3.125,868,886,27,0,859,884,37253,10,1,0,9,2
2020-08-18,US,Louisiana,Bienville,400,30,0,32.34569994,-93.05398492,22013.0,3020.9198699999997,7.5,370,399,30,0,369,395,13308,1,0,0,1,4
2020-08-18,US,Louisiana,Bossier,2488,84,0,32.67932307,-93.60460152,22015.0,1958.4537030000001,3.376205788,2404,2471,84,0,2387,2464,127185,17,0,0,17,7
2020-08-18,US,Louisiana,Caddo,6980,304,0,32.57991587,-93.88375652,22017.0,2905.8633489999997,4.35530086,6676,6949,300,0,6649,6936,242922,31,4,0,27,13
2020-08-18,US,Louisiana,Calcasieu,7093,157,0,30.22931235,-93.35400434,22019.0,3486.600208,2.21344988,6936,7045,157,0,6888,7044,203112,48,0,0,48,1
2020-08-18,US,Louisiana,Caldwell,245,3,0,32.0902519,-92.11752148,22021.0,2470.2561,1.2244897959999999,242,245,3,0,242,242,9960,0,0,0,0,3
2020-08-18,US,Louisiana,Cameron,174,1,0,29.87592238,-93.19310676,22023.0,2495.339165,0.574712644,173,174,0,0,174,174,6968,0,1,0,-1,0
2020-08-18,US,Louisiana,Catahoula,323,5,0,31.66778967,-91.84526385,22025.0,3402.148726,1.547987616,318,321,5,0,316,319,9608,2,0,0,2,2
2020-08-18,US,Louisiana,Claiborne,307,12,0,32.82308512,-92.99526883,22027.0,1959.1576260000002,3.9087947880000002,295,303,12,0,291,299,15944,4,0,0,4,4
2020-08-18,US,Louisiana,Concordia,378,9,0,31.44817835,-91.63814433,22029.0,1962.718729,2.3809523809999997,369,376,9,0,367,367,19572,2,0,0,2,9
2020-08-18,US,Louisiana,De Soto,783,28,0,32.05457447,-93.74130302,22031.0,2851.108765,3.5759897830000003,755,780,28,0,752,775,27436,3,0,0,3,5
2020-08-18,US,Louisiana,East Baton Rouge,12942,388,0,30.53842039,-91.09777565,22033.0,2940.969279,2.997991037,12554,12875,384,0,12491,12824,440956,67,4,0,63,51
2020-08-18,US,Louisiana,East Carroll,525,2,0,32.73926954,-91.23425694,22035.0,7651.94578,0.380952381,523,525,2,0,523,524,7037,0,0,0,0,1
2020-08-18,US,Louisiana,East Feliciana,647,40,0,30.84425359,-91.04976723,22037.0,3381.2385679999998,6.182380216,607,637,40,0,597,626,19305,10,0,0,10,11
2020-08-18,US,Louisiana,Evangeline,968,17,0,30.72985248,-92.39915924,22039.0,2898.637521,1.7561983469999998,951,966,17,0,949,967,33443,2,0,0,2,-1
2020-08-18,US,Louisiana,Franklin,998,23,0,32.13675181,-91.67589857,22041.0,4986.260305,2.304609218,975,996,22,0,974,993,20156,2,1,0,1,3
2020-08-18,US,Louisiana,Grant,361,24,0,31.59882456,-92.56124347,22043.0,1612.398946,6.6481994460000005,337,359,24,0,335,357,22482,2,0,0,2,2
2020-08-18,US,Louisiana,Iberia,2632,79,0,29.86803617,-91.75871777,22045.0,3769.1536590000005,3.001519757,2553,2627,79,0,2548,2616,70941,5,0,0,5,11
2020-08-18,US,Louisiana,Iberville,1301,51,0,30.25734305,-91.3499598,22047.0,4001.7224939999996,3.9200614910000002,1250,1288,51,0,1237,1290,32721,13,0,0,13,-2
2020-08-18,US,Louisiana,Jackson,403,19,0,32.30251776,-92.55692092,22049.0,2559.705285,4.714640199,384,403,19,0,384,402,15902,0,0,0,0,1
2020-08-18,US,Louisiana,Jefferson,15865,532,0,29.74075478,-90.11115756,22051.0,3668.267463,3.3532934130000003,15333,15815,531,0,15284,15789,434051,50,1,0,49,26
2020-08-18,US,Louisiana,Jefferson Davis,1084,30,0,30.26896765,-92.81210004,22053.0,3455.7510840000004,2.767527675,1054,1080,30,0,1050,1078,31582,4,0,0,4,2
2020-08-18,US,Louisiana,LaSalle,350,4,0,31.67884782,-92.15907765,22059.0,2350.2551710000002,1.142857143,346,350,4,0,346,349,14917,0,0,0,0,1
2020-08-18,US,Louisiana,Lafayette,8005,102,0,30.2049055,-92.06959876,22055.0,3275.5022710000003,1.274203623,7903,7976,101,0,7875,7947,242782,29,1,0,28,29
2020-08-18,US,Louisiana,Lafourche,3030,105,0,29.52470226,-90.40976986,22057.0,3104.062942,3.465346535,2925,3014,105,0,2909,2985,98115,16,0,0,16,29
2020-08-18,US,Louisiana,Lincoln,857,36,0,32.6003154,-92.66597409999999,22061.0,1833.468829,4.200700117,821,856,35,0,821,857,47196,1,1,0,0,-1
2020-08-18,US,Louisiana,Livingston,3146,59,0,30.44143993,-90.73061664,22063.0,2234.5495739999997,1.87539733,3087,3119,57,0,3062,3100,139567,27,2,0,25,19
2020-08-18,US,Louisiana,Madison,648,6,0,32.36918118,-91.23973355,22065.0,5917.267829,0.9259259259999999,642,646,6,0,640,640,11161,2,0,0,2,6
2020-08-18,US,Louisiana,Morehouse,553,14,0,32.81686191,-91.80421614,22067.0,2223.204953,2.53164557,539,553,14,0,539,554,25398,0,0,0,0,-1
2020-08-18,US,Louisiana,Natchitoches,851,19,0,31.72321584,-93.09816516,22069.0,2230.200744,2.23266745,832,843,18,0,825,825,38659,8,1,0,7,18
2020-08-18,US,Louisiana,Orleans,11039,568,0,30.06971951,-89.92660315,22071.0,2829.4680940000003,5.145393604,10471,11027,568,0,10459,10992,391006,12,0,0,12,35
2020-08-18,US,Louisiana,Ouachita,5187,117,0,32.47645559,-92.15704172,22073.0,3384.0252090000004,2.255639098,5070,5161,117,0,5044,5144,154475,26,0,0,26,17
2020-08-18,US,Louisiana,Plaquemines,479,19,0,29.42245447,-89.60322085,22075.0,2064.922188,3.966597077,460,478,19,0,459,472,23410,1,0,0,1,6
2020-08-18,US,Louisiana,Pointe Coupee,852,33,0,30.71409502,-91.60209535,22077.0,3920.8467560000004,3.873239437,819,850,33,0,817,844,21940,2,0,0,2,6
2020-08-18,US,Louisiana,Rapides,3499,128,0,31.19778499,-92.52997303,22079.0,2698.846106,3.6581880539999996,3371,3472,128,0,3344,3472,130562,27,0,0,27,0
2020-08-18,US,Louisiana,Red River,296,16,0,32.09530039,-93.34213308,22081.0,3506.278133,5.405405405,280,290,16,0,274,291,8477,6,0,0,6,-1
2020-08-18,US,Louisiana,Richland,643,8,0,32.41391005,-91.76634876,22083.0,3195.5074050000003,1.244167963,635,642,8,0,634,641,20192,1,0,0,1,1
2020-08-18,US,Louisiana,Sabine,703,12,0,31.56388699,-93.55433981,22085.0,2943.393066,1.706970128,691,705,11,0,694,699,24032,-2,1,0,-3,6
2020-08-18,US,Louisiana,St. Bernard,1147,24,0,29.87761636,-89.51887093,22087.0,2427.8215219999997,2.092414996,1123,1141,24,0,1117,1136,46721,6,0,0,6,5
2020-08-18,US,Louisiana,St. Charles,1549,54,0,29.90709658,-90.35555967,22089.0,2917.1374760000003,3.486120077,1495,1545,54,0,1491,1542,52879,4,0,0,4,3
2020-08-18,US,Louisiana,St. Helena,294,2,0,30.82210324,-90.71013176,22091.0,2901.697592,0.680272109,292,294,2,0,292,288,10262,0,0,0,0,6
2020-08-18,US,Louisiana,St. James,741,32,0,30.02531716,-90.80212061,22093.0,3512.514221,4.318488529,709,741,32,0,709,737,21037,0,0,0,0,4
2020-08-18,US,Louisiana,St. John the Baptist,1470,93,0,30.12597499,-90.4753503,22095.0,3431.612858,6.326530612000001,1377,1465,93,0,1372,1462,43184,5,0,0,5,3
2020-08-18,US,Louisiana,St. Landry,2925,98,0,30.59724262,-92.00135806,22097.0,3561.6872049999997,3.35042735,2827,2908,96,0,2812,2895,82764,17,2,0,15,13
2020-08-18,US,Louisiana,St. Martin,1795,49,0,30.13112107,-91.61403569,22099.0,3359.472965,2.7298050139999996,1746,1790,48,0,1742,1783,53621,5,1,0,4,7
2020-08-18,US,Louisiana,St. Mary,1689,62,0,29.69262097,-91.44702164,22101.0,3422.6311100000003,3.6708111310000002,1627,1685,61,0,1624,1677,49774,4,1,0,3,8
2020-08-18,US,Louisiana,St. Tammany,5626,221,0,30.40942847,-89.95642711,22103.0,2160.364643,3.9281905439999996,5405,5600,221,0,5379,5552,258111,26,0,0,26,48
2020-08-18,US,Louisiana,Tangipahoa,3798,85,0,30.62888673,-90.40664996,22105.0,2818.38555,2.238020011,3713,3756,83,0,3673,3710,133777,42,2,0,40,46
2020-08-18,US,Louisiana,Tensas,117,0,0,32.00760749,-91.32915234,22107.0,2699.584679,0.0,117,117,0,0,117,116,4462,0,0,0,0,1
2020-08-18,US,Louisiana,Terrebonne,3227,90,0,29.37343766,-90.82626855,22109.0,2921.393071,2.788968082,3137,3212,90,0,3122,3196,111021,15,0,0,15,16
2020-08-18,US,Louisiana,Unassigned,240,123,0,0.0,0.0,90022.0,0.0,51.25,117,236,123,0,113,235,,4,0,0,4,1
2020-08-18,US,Louisiana,Union,756,35,0,32.83121059,-92.3749373,22111.0,3419.5766240000003,4.62962963,721,754,35,0,719,752,22330,2,0,0,2,2
2020-08-18,US,Louisiana,Vermilion,1737,31,0,29.83517605,-92.30292538,22113.0,2918.7881230000003,1.784686241,1706,1735,30,0,1705,1724,59830,2,1,0,1,11
2020-08-18,US,Louisiana,Vernon,824,31,0,31.10884837,-93.18153838,22115.0,1737.3336989999998,3.7621359219999997,793,814,31,0,783,810,48860,10,0,0,10,4
2020-08-18,US,Louisiana,Washington,1346,59,0,30.85288548,-90.03866652,22117.0,2913.7983289999997,4.383358098,1287,1346,59,0,1287,1335,46582,0,0,0,0,11
2020-08-18,US,Louisiana,Webster,955,17,0,32.70847669,-93.33121835,22119.0,2490.871153,1.780104712,938,949,17,0,932,949,38798,6,0,0,6,0
2020-08-18,US,Louisiana,West Baton Rouge,761,37,0,30.46058217,-91.30989571,22121.0,2875.495938,4.8620236530000005,724,757,37,0,720,756,26427,4,0,0,4,1
2020-08-18,US,Louisiana,West Carroll,312,8,0,32.78550125,-91.461201,22123.0,2880.886427,2.564102564,304,306,8,0,298,307,10982,6,0,0,6,-1
2020-08-18,US,Louisiana,West Feliciana,414,18,0,30.87882871,-91.41485379999999,22125.0,2659.3011309999997,4.347826087,396,408,18,0,390,406,15460,6,0,0,6,2
2020-08-18,US,Louisiana,Winn,495,10,0,31.94449367,-92.63789413,22127.0,3560.126582,2.02020202,485,492,9,0,483,479,14134,3,1,0,2,13
2020-08-18,US,Maine,Androscoggin,581,9,0,44.1664747,-70.20380627,23001.0,536.5867174,1.549053356,572,580,9,0,571,577,107679,1,0,0,1,3
2020-08-18,US,Maine,Aroostook,33,1,0,46.65926321,-68.59841248,23003.0,49.21333234,3.03030303,32,33,1,0,32,33,67111,0,0,0,0,0
2020-08-18,US,Maine,Cumberland,2143,69,0,43.8370751,-70.37226999,23005.0,726.4332905,3.2197853480000003,2074,2130,69,0,2061,2126,293557,13,0,0,13,4
2020-08-18,US,Maine,Franklin,47,1,0,44.97330019,-70.44381045,23007.0,155.63429250000002,2.127659574,46,47,1,0,46,47,29897,0,0,0,0,0
2020-08-18,US,Maine,Hancock,40,1,0,44.59816444,-68.38401854,23009.0,72.74446687,2.5,39,40,1,0,39,40,54811,0,0,0,0,0
2020-08-18,US,Maine,Kennebec,172,11,0,44.40759555,-69.76738544,23011.0,140.6354761,6.395348837,161,172,11,0,161,172,122083,0,0,0,0,0
2020-08-18,US,Maine,Knox,28,1,0,44.11486325,-69.10529169,23013.0,70.40128734,3.571428571,27,28,1,0,27,28,39771,0,0,0,0,0
2020-08-18,US,Maine,Lincoln,35,1,0,44.05996956,-69.54227124,23015.0,101.056765,2.857142857,34,35,1,0,34,35,34342,0,0,0,0,0
2020-08-18,US,Maine,Oxford,59,0,0,44.49952995,-70.75682123,23017.0,101.76800340000001,0.0,59,59,0,0,59,58,57618,0,0,0,0,1
2020-08-18,US,Maine,Penobscot,192,5,0,45.40194593,-68.65020455,23019.0,126.19291740000001,2.604166667,187,191,5,0,186,178,151096,1,0,0,1,13
2020-08-18,US,Maine,Piscataquis,12,0,0,45.83839062,-69.2860223,23021.0,71.49240393,0.0,12,12,0,0,12,11,16800,0,0,0,0,1
2020-08-18,US,Maine,Sagadahoc,58,0,0,43.95415864,-69.85074999,23023.0,161.7581437,0.0,58,58,0,0,58,58,35634,0,0,0,0,0
2020-08-18,US,Maine,Somerset,40,1,0,45.51229767,-69.95995554,23025.0,79.23302432,2.5,39,40,1,0,39,37,50592,0,0,0,0,3
2020-08-18,US,Maine,Unassigned,1,0,0,0.0,0.0,90023.0,0.0,0.0,1,1,0,0,1,2,,0,0,0,0,-1
2020-08-18,US,Maine,Waldo,63,14,0,44.4858305,-69.12061935,23027.0,158.6302405,22.22222222,49,63,14,0,49,63,39694,0,0,0,0,0
2020-08-18,US,Maine,Washington,15,0,0,45.01607142,-67.62813524,23029.0,47.80267058,0.0,15,15,0,0,15,14,31490,0,0,0,0,1
2020-08-18,US,Maine,York,694,13,0,43.47808377,-70.71052375,23031.0,334.2307155,1.8731988469999998,681,693,13,0,680,689,206229,1,0,0,1,4
2020-08-18,US,Maryland,Allegany,348,19,0,39.62357628,-78.69280486,24001.0,494.2058623,5.459770115,329,343,19,0,324,341,70975,5,0,0,5,2
2020-08-18,US,Maryland,Anne Arundel,7734,229,0,39.00670238,-76.60329337,24003.0,1335.211676,2.960951642,7505,7700,229,0,7471,7648,576031,34,0,0,34,52
2020-08-18,US,Maryland,Baltimore,14116,576,0,39.45784712,-76.62911955,24005.0,1706.1290600000002,4.080476056,13540,14043,574,0,13469,13941,828431,73,2,0,71,102
2020-08-18,US,Maryland,Baltimore City,13566,444,0,39.30211911,-76.61151012,24510.0,2285.8009399999996,3.272888103,13122,13507,444,0,13063,13425,621342,59,0,0,59,82
2020-08-18,US,Maryland,Calvert,745,28,0,38.53961642,-76.56820632,24009.0,805.1877871,3.7583892619999997,717,742,28,0,714,737,92003,3,0,0,3,5
2020-08-18,US,Maryland,Caroline,468,3,0,38.87172293,-75.82904158,24011.0,1400.945938,0.641025641,465,465,3,0,462,461,33304,3,0,0,3,4
2020-08-18,US,Maryland,Carroll,1622,119,0,39.56453592,-77.02373735,24013.0,962.914151,7.336621455,1503,1613,119,0,1494,1608,168429,9,0,0,9,5
2020-08-18,US,Maryland,Cecil,738,30,0,39.56647682,-75.94627411,24015.0,717.5149482,4.06504065,708,736,30,0,706,726,102826,2,0,0,2,10
2020-08-18,US,Maryland,Charles,2198,93,0,38.51092331,-76.98580666,24017.0,1346.3434949999998,4.231119199,2105,2175,93,0,2082,2165,161503,23,0,0,23,10
2020-08-18,US,Maryland,Dorchester,407,5,0,38.45413522,-76.02752426,24019.0,1274.703248,1.2285012290000001,402,413,5,0,408,408,31998,-6,0,0,-6,5
2020-08-18,US,Maryland,Frederick,3247,121,0,39.47296601,-77.39999394,24021.0,1251.025826,3.726516785,3126,3231,121,0,3110,3216,255648,16,0,0,16,15
2020-08-18,US,Maryland,Garrett,58,0,0,39.52786077,-79.27355126,24023.0,199.9034949,0.0,58,58,0,0,58,58,29163,0,0,0,0,0
2020-08-18,US,Maryland,Harford,2183,69,0,39.55010644,-76.30775940000001,24025.0,854.6004752999999,3.160787907,2114,2167,69,0,2098,2150,253956,16,0,0,16,17
2020-08-18,US,Maryland,Howard,4111,117,0,39.25305293,-76.93126208,24027.0,1262.243237,2.846022865,3994,4089,116,0,3973,4071,323196,22,1,0,21,18
2020-08-18,US,Maryland,Kent,249,23,0,39.24976208,-76.04741541,24029.0,1282.0512820000001,9.236947791,226,246,23,0,223,244,19383,3,0,0,3,2
2020-08-18,US,Maryland,Montgomery,19127,812,0,39.13676329,-77.20358245,24031.0,1820.4262350000001,4.24530768,18315,19071,810,0,18261,19003,1052567,56,2,0,54,68
2020-08-18,US,Maryland,Prince George's,24888,769,0,38.83070039,-76.8496441,24033.0,2736.969209,3.0898424939999996,24119,24719,768,0,23951,24654,909308,169,1,0,168,65
2020-08-18,US,Maryland,Queen Anne's,493,26,0,39.06198912,-76.03530977,24035.0,978.5434984999999,5.273833671,467,487,26,0,461,482,50251,6,0,0,6,5
2020-08-18,US,Maryland,Somerset,155,3,0,38.1163542,-75.75118623,24039.0,605.0905683999999,1.935483871,152,154,3,0,151,151,25675,1,0,0,1,3
2020-08-18,US,Maryland,St. Mary's,1064,52,0,38.30058422,-76.60629279999999,24037.0,937.3623469,4.887218045,1012,1061,52,0,1009,1048,112664,3,0,0,3,13
2020-08-18,US,Maryland,Talbot,424,4,0,38.76618159,-76.10882561,24041.0,1140.3673919999999,0.943396226,420,421,4,0,417,420,36968,3,0,0,3,1
2020-08-18,US,Maryland,Unassigned,0,12,0,0.0,0.0,90024.0,0.0,0.0,-12,0,9,0,-9,0,,0,3,0,-3,0
2020-08-18,US,Maryland,Washington,1148,31,0,39.60835778,-77.82002295,24043.0,760.0182722,2.7003484319999997,1117,1138,31,0,1107,1125,150926,10,0,0,10,13
2020-08-18,US,Maryland,Wicomico,1410,45,0,38.37301947,-75.62705831,24045.0,1360.8856369999999,3.191489362,1365,1405,45,0,1360,1401,103195,5,0,0,5,4
2020-08-18,US,Maryland,Worcester,736,20,0,38.21274277,-75.33200012,24047.0,1407.911852,2.717391304,716,731,20,0,711,729,51823,5,0,0,5,2
2020-08-18,US,Massachusetts,Barnstable,1803,158,0,41.72980578,-70.28854339,25001.0,846.5186159,8.76317249,1645,1803,158,0,1645,1803,213413,0,0,0,0,0
2020-08-18,US,Massachusetts,Berkshire,667,46,0,42.37428441,-73.20524838,25003.0,533.8391598999999,6.896551724,621,667,46,0,621,667,126348,0,0,0,0,0
2020-08-18,US,Massachusetts,Bristol,9408,637,0,41.79228404,-71.10872211,25005.0,1664.49346,6.770833333,8771,9408,637,0,8771,9408,564022,0,0,0,0,0
2020-08-18,US,Massachusetts,Dukes and Nantucket,103,1,0,41.40674725,-70.68763497,0.0,358.4977898,0.970873786,102,103,1,0,102,103,26707,0,0,0,0,0
2020-08-18,US,Massachusetts,Essex,17930,1194,0,42.6687626,-70.94687179,25009.0,2272.3989079999997,6.65923034,16736,17930,1194,0,16736,17930,790638,0,0,0,0,0
2020-08-18,US,Massachusetts,Franklin,411,61,0,42.58119713,-72.58602547,25011.0,585.6369336,14.84184915,350,411,61,0,350,411,70963,0,0,0,0,0
2020-08-18,US,Massachusetts,Hampden,7637,709,0,42.13440424,-72.63235561,25013.0,1637.533986,9.283750164,6928,7637,709,0,6928,7637,470406,0,0,0,0,0
2020-08-18,US,Massachusetts,Hampshire,1184,130,0,42.33997957,-72.65898478,25015.0,736.1810607000001,10.97972973,1054,1184,130,0,1054,1184,161355,0,0,0,0,0
2020-08-18,US,Massachusetts,Middlesex,26565,2006,0,42.48607732,-71.39049229,25017.0,1648.260624,7.55128929,24559,26565,2006,0,24559,26565,1614714,0,0,0,0,0
2020-08-18,US,Massachusetts,Norfolk,10682,997,0,42.16073095,-71.20530408,25021.0,1511.372077,9.333458154,9685,10682,997,0,9685,10682,705388,0,0,0,0,0
2020-08-18,US,Massachusetts,Plymouth,9288,723,0,41.94070556,-70.80802823,25023.0,1782.034605,7.784237726000001,8565,9288,723,0,8565,9288,518132,0,0,0,0,0
2020-08-18,US,Massachusetts,Suffolk,22017,1076,0,42.327951399999996,-71.07850442,25025.0,2738.7496309999997,4.88713267,20941,22017,1076,0,20941,22017,807252,0,0,0,0,0
2020-08-18,US,Massachusetts,Unassigned,2682,103,0,0.0,0.0,90025.0,0.0,3.840417599,2579,2460,97,0,2363,2212,,222,6,0,216,248
2020-08-18,US,Massachusetts,Worcester,13686,1007,0,42.35026951,-71.90493363,25027.0,1647.680895,7.3578839689999995,12679,13686,1007,0,12679,13686,830839,0,0,0,0,0
2020-08-18,US,Michigan,Alcona,29,1,0,44.6846864,-83.59507875,26001.0,278.7121576,3.448275862,28,29,1,0,28,29,10362,0,0,0,0,0
2020-08-18,US,Michigan,Alger,17,0,0,46.41292944,-86.60260122,26003.0,186.6490997,0.0,17,17,0,0,17,17,9097,0,0,0,0,0
2020-08-18,US,Michigan,Allegan,573,6,0,42.59147037,-85.89102866,26005.0,485.2601181,1.047120419,567,572,6,0,566,571,117327,1,0,0,1,1
2020-08-18,US,Michigan,Alpena,130,14,0,45.03477666,-83.62212411,26007.0,457.6659039,10.76923077,116,130,13,0,117,129,28360,0,1,0,-1,1
2020-08-18,US,Michigan,Antrim,43,0,0,44.99690221,-85.15503082,26009.0,184.3594581,0.0,43,43,0,0,43,43,23365,0,0,0,0,0
2020-08-18,US,Michigan,Arenac,49,3,0,44.0636262,-83.89277559,26011.0,329.23469730000005,6.12244898,46,49,3,0,46,49,15041,0,0,0,0,0
2020-08-18,US,Michigan,Baraga,6,0,0,46.6720582,-88.36363591,26013.0,73.09051042,0.0,6,5,0,0,5,5,8320,1,0,0,1,0
2020-08-18,US,Michigan,Barry,198,2,0,42.59513984,-85.30834519,26015.0,321.6896832,1.01010101,196,200,2,0,198,198,61157,-2,0,0,-2,2
2020-08-18,US,Michigan,Bay,723,35,0,43.70639106,-83.98731479,26017.0,701.0841107000001,4.840940526,688,712,35,0,677,707,103923,11,0,0,11,5
2020-08-18,US,Michigan,Benzie,37,1,0,44.63899297,-86.01608482,26019.0,208.26297419999997,2.702702703,36,35,1,0,34,36,17753,2,0,0,2,-1
2020-08-18,US,Michigan,Berrien,1472,69,0,41.95447397,-86.41313079999999,26021.0,959.5765347000001,4.6875,1403,1467,68,0,1399,1462,154141,5,1,0,4,5
2020-08-18,US,Michigan,Branch,387,2,0,41.91600556,-85.05929476,26023.0,889.3076269,0.516795866,385,383,2,0,381,382,43622,4,0,0,4,1
2020-08-18,US,Michigan,Calhoun,853,43,0,42.24633834,-85.00493569,26025.0,635.8127297,5.041031653,810,849,43,0,806,839,134487,4,0,0,4,10
2020-08-18,US,Michigan,Cass,369,15,0,41.91522292,-85.99405727,26027.0,712.5340336,4.06504065,354,363,15,0,348,361,51653,6,0,0,6,2
2020-08-18,US,Michigan,Charlevoix,58,2,0,45.37790017,-85.19614053,26029.0,221.85671119999998,3.448275862,56,58,2,0,56,54,26244,0,0,0,0,4
2020-08-18,US,Michigan,Cheboygan,57,2,0,45.44787015,-84.50122149,26031.0,225.5103656,3.50877193,55,57,2,0,55,56,25413,0,0,0,0,1
2020-08-18,US,Michigan,Chippewa,47,0,0,46.29552653,-84.54353449,26033.0,125.8400493,0.0,47,44,0,0,44,44,37517,3,0,0,3,0
2020-08-18,US,Michigan,Clare,88,3,0,43.98794227,-84.84819859999999,26035.0,284.3295638,3.4090909089999997,85,84,3,0,81,81,30757,4,0,0,4,3
2020-08-18,US,Michigan,Clinton,443,13,0,42.94400871,-84.60145248,26037.0,556.5676236,2.934537246,430,440,13,0,427,439,79332,3,0,0,3,1
2020-08-18,US,Michigan,Crawford,111,5,0,44.68255561,-84.61006219,26039.0,791.2181909,4.504504505,106,110,5,0,105,110,13901,1,0,0,1,0
2020-08-18,US,Michigan,Delta,116,3,0,45.90484910000001,-86.9080745,26041.0,324.1672256,2.586206897,113,116,3,0,113,114,35857,0,0,0,0,2
2020-08-18,US,Michigan,Dickinson,60,2,0,46.00999672,-87.86961634,26043.0,237.72732680000001,3.333333333,58,59,2,0,57,60,25383,1,0,0,1,-1
2020-08-18,US,Michigan,Eaton,476,8,0,42.59599185,-84.83740035,26045.0,431.6755541,1.680672269,468,474,8,0,466,473,109826,2,0,0,2,1
2020-08-18,US,Michigan,Emmet,85,2,0,45.52625509,-84.89083249,26047.0,254.37677689999998,2.352941176,83,79,2,0,77,74,33308,6,0,0,6,5
2020-08-18,US,Michigan,Federal Correctional Institution (FCI),195,5,0,0.0,0.0,0.0,0.0,2.564102564,190,195,5,0,190,195,,0,0,0,0,0
2020-08-18,US,Michigan,Genesee,3771,298,0,43.02244215,-83.70589709,26049.0,929.2457363,7.9024131529999995,3473,3758,298,0,3460,3741,406892,13,0,0,13,17
2020-08-18,US,Michigan,Gladwin,70,2,0,43.98901072,-84.38774817,26051.0,275.0599238,2.857142857,68,68,2,0,66,68,25337,2,0,0,2,0
2020-08-18,US,Michigan,Gogebic,137,1,0,46.40862701,-89.69377193,26053.0,980.3220036,0.729927007,136,135,1,0,134,135,15096,2,0,0,2,0
2020-08-18,US,Michigan,Grand Traverse,245,5,0,44.69565625,-85.55585247,26055.0,263.1918185,2.040816327,240,245,5,0,240,240,92573,0,0,0,0,5
2020-08-18,US,Michigan,Gratiot,168,15,0,43.29265605,-84.60505416,26057.0,412.66488169999997,8.928571429,153,166,15,0,151,166,40599,2,0,0,2,0
2020-08-18,US,Michigan,Hillsdale,283,25,0,41.88753639,-84.59312019,26059.0,620.5459927999999,8.833922261,258,283,25,0,258,283,45749,0,0,0,0,0
2020-08-18,US,Michigan,Houghton,55,0,0,46.89988536,-88.68495385,26061.0,154.13070280000002,0.0,55,55,0,0,55,54,36219,0,0,0,0,1
2020-08-18,US,Michigan,Huron,178,4,0,43.83353985,-83.04078453,26063.0,574.5456892999999,2.247191011,174,176,4,0,172,173,31166,2,0,0,2,3
2020-08-18,US,Michigan,Ingham,1640,33,0,42.59716886,-84.37472069,26065.0,560.8640042000001,2.012195122,1607,1641,33,0,1608,1624,292735,-1,0,0,-1,17
2020-08-18,US,Michigan,Ionia,277,7,0,42.94502238,-85.07413319,26067.0,428.1496824,2.527075812,270,277,7,0,270,277,64210,0,0,0,0,0
2020-08-18,US,Michigan,Iosco,138,12,0,44.35486835,-83.63484895,26069.0,549.2100131,8.695652174,126,136,12,0,124,136,25081,2,0,0,2,0
2020-08-18,US,Michigan,Iron,23,1,0,46.20974132,-88.53136251,26071.0,207.84384599999998,4.347826087,22,24,1,0,23,23,11117,-1,0,0,-1,1
2020-08-18,US,Michigan,Isabella,228,9,0,43.64060976,-84.84664923,26073.0,326.3109686,3.947368421,219,227,9,0,218,225,70562,1,0,0,1,2
2020-08-18,US,Michigan,Jackson,748,36,0,42.24807035,-84.42258681,26075.0,471.8945177,4.812834225,712,745,35,0,710,742,158823,3,1,0,2,3
2020-08-18,US,Michigan,Kalamazoo,1765,86,0,42.24542231,-85.53038622,26077.0,665.8718961,4.872521246,1679,1754,86,0,1668,1746,264870,11,0,0,11,8
2020-08-18,US,Michigan,Kalkaska,56,4,0,44.68512729,-85.09085699,26079.0,310.4557046,7.142857143,52,56,4,0,52,56,17824,0,0,0,0,0
2020-08-18,US,Michigan,Kent,7843,158,0,43.03197711,-85.54934642,26081.0,1193.841283,2.014535254,7685,7802,158,0,7644,7777,653786,41,0,0,41,25
2020-08-18,US,Michigan,Keweenaw,2,0,0,47.63197653,-88.41434263,26083.0,94.51795841,0.0,2,3,0,0,3,4,2113,-1,0,0,-1,-1
2020-08-18,US,Michigan,Lake,29,0,0,43.99050893,-85.802173,26085.0,244.66379819999997,0.0,29,28,0,0,28,27,11881,1,0,0,1,1
2020-08-18,US,Michigan,Lapeer,508,33,0,43.09052506,-83.22153148,26087.0,579.8623397999999,6.496062992000001,475,506,33,0,473,498,88028,2,0,0,2,8
2020-08-18,US,Michigan,Leelanau,76,0,0,44.94430054,-85.80150326,26089.0,349.2486559,0.0,76,76,0,0,76,75,21764,0,0,0,0,1
2020-08-18,US,Michigan,Lenawee,478,13,0,41.89475156,-84.06603727,26091.0,485.52071589999997,2.719665272,465,476,13,0,463,476,98266,2,0,0,2,0
2020-08-18,US,Michigan,Livingston,935,29,0,42.60302282,-83.91297209,26093.0,486.9918487,3.101604278,906,923,28,0,895,917,191224,12,1,0,11,6
2020-08-18,US,Michigan,Luce,4,0,0,46.47227431,-85.54471223,26095.0,64.21576497,0.0,4,4,0,0,4,4,6283,0,0,0,0,0
2020-08-18,US,Michigan,Mackinac,28,0,0,46.07028979,-85.04980537,26097.0,259.28326699999997,0.0,28,27,0,0,27,27,10787,1,0,0,1,0
2020-08-18,US,Michigan,Macomb,11484,956,0,42.69158356,-82.92752801,26099.0,1314.000906,8.324625566,10528,11405,955,0,10450,11316,874759,79,1,0,78,89
2020-08-18,US,Michigan,Manistee,43,1,0,44.33352407,-86.05626916,26101.0,175.0956918,2.325581395,42,43,1,0,42,42,24528,0,0,0,0,1
2020-08-18,US,Michigan,Marquette,210,11,0,46.4338914,-87.64043701,26103.0,314.84729910000004,5.2380952380000005,199,196,11,0,185,196,66516,14,0,0,14,0
2020-08-18,US,Michigan,Mason,107,0,0,43.99509218,-86.24988902,26105.0,367.142465,0.0,107,107,0,0,107,107,29100,0,0,0,0,0
2020-08-18,US,Michigan,Mecosta,76,2,0,43.64064262,-85.32463223,26107.0,174.9016178,2.631578947,74,74,2,0,72,74,43545,2,0,0,2,0
2020-08-18,US,Michigan,Menominee,196,0,0,45.58038692,-87.55370409,26109.0,860.4038630000001,0.0,196,182,0,0,182,181,22983,14,0,0,14,1
2020-08-18,US,Michigan,Michigan Department of Corrections (MDOC),4901,69,0,0.0,0.0,0.0,0.0,1.4078759440000002,4832,4899,69,0,4830,4894,,2,0,0,2,5
2020-08-18,US,Michigan,Midland,362,10,0,43.64330771,-84.38804374,26111.0,435.3263745,2.7624309389999997,352,360,10,0,350,358,83209,2,0,0,2,2
2020-08-18,US,Michigan,Missaukee,42,1,0,44.33772443,-85.09256478,26113.0,277.8145257,2.3809523809999997,41,42,1,0,41,42,15113,0,0,0,0,0
2020-08-18,US,Michigan,Monroe,1094,24,0,41.92734151,-83.53749864,26115.0,726.910299,2.1937842780000003,1070,1074,23,0,1051,1064,150439,20,1,0,19,10
2020-08-18,US,Michigan,Montcalm,207,3,0,43.31082541,-85.15252824,26117.0,324.00450789999996,1.4492753619999998,204,204,3,0,201,204,63968,3,0,0,3,0
2020-08-18,US,Michigan,Montmorency,8,0,0,45.0275929,-84.12696227,26119.0,85.76329331,0.0,8,8,0,0,8,8,9265,0,0,0,0,0
2020-08-18,US,Michigan,Muskegon,1238,63,0,43.29123859,-86.15176712,26121.0,713.2733369,5.088852988999999,1175,1227,63,0,1164,1222,173588,11,0,0,11,5
2020-08-18,US,Michigan,Newaygo,275,0,0,43.554373999999996,-85.80070107,26123.0,561.4536546,0.0,275,268,0,0,268,266,48892,7,0,0,7,2
2020-08-18,US,Michigan,Oakland,16639,1144,0,42.66090111,-83.38595416,26125.0,1323.092533,6.875413186,15495,16547,1142,0,15405,16469,1259201,92,2,0,90,78
2020-08-18,US,Michigan,Oceana,490,6,0,43.64124435,-86.26726673,26127.0,1851.362074,1.2244897959999999,484,488,6,0,482,485,26625,2,0,0,2,3
2020-08-18,US,Michigan,Ogemaw,54,3,0,44.33481032,-84.12725175,26129.0,257.17959709999997,5.555555556,51,55,3,0,52,54,20952,-1,0,0,-1,1
2020-08-18,US,Michigan,Ontonagon,30,0,0,46.665226200000006,-89.31390481,26131.0,524.4755245,0.0,30,29,0,0,29,26,5795,1,0,0,1,3
2020-08-18,US,Michigan,Osceola,71,0,0,43.98992088,-85.32566756,26133.0,302.64279619999996,0.0,71,71,0,0,71,71,23341,0,0,0,0,0
2020-08-18,US,Michigan,Oscoda,29,1,0,44.68192279,-84.12939244,26135.0,351.8990414,3.448275862,28,27,1,0,26,26,8276,2,0,0,2,1
2020-08-18,US,Michigan,Otsego,136,11,0,45.02085831,-84.59898295,26137.0,551.3215502,8.088235294,125,136,11,0,125,136,24665,0,0,0,0,0
2020-08-18,US,Michigan,Ottawa,1943,59,0,42.95996803,-85.9969107,26139.0,665.7985813999999,3.0365414310000003,1884,1930,59,0,1871,1926,290494,13,0,0,13,4
2020-08-18,US,Michigan,Out of MI,128,1,0,0.0,0.0,80026.0,0.0,0.78125,127,128,1,0,127,127,,0,0,0,0,1
2020-08-18,US,Michigan,Presque Isle,21,1,0,45.34018577,-83.91498656,26141.0,166.772554,4.7619047619999995,20,21,1,0,20,21,12738,0,0,0,0,0
2020-08-18,US,Michigan,Roscommon,59,2,0,44.33473082,-84.61067651,26143.0,245.6388692,3.389830508,57,58,2,0,56,57,23884,1,0,0,1,1
2020-08-18,US,Michigan,Saginaw,2211,128,0,43.33433923,-84.05131209999999,26145.0,1160.392361,5.78923564,2083,2188,128,0,2060,2178,190800,23,0,0,23,10
2020-08-18,US,Michigan,Sanilac,117,6,0,43.42406072,-82.82055898,26151.0,284.18751519999995,5.128205128,111,117,6,0,111,115,41182,0,0,0,0,2
2020-08-18,US,Michigan,Schoolcraft,14,0,0,46.19235734,-86.19972234,26153.0,172.9676303,0.0,14,13,0,0,13,13,8068,1,0,0,1,0
2020-08-18,US,Michigan,Shiawassee,361,29,0,42.953928000000005,-84.14585902,26155.0,529.9315933,8.033240997,332,354,28,0,326,354,68192,7,1,0,6,0
2020-08-18,US,Michigan,St. Clair,847,53,0,42.92655373,-82.67937954,26147.0,532.2759037,6.257378985,794,842,53,0,789,841,159337,5,0,0,5,1
2020-08-18,US,Michigan,St. Joseph,636,10,0,41.91441767,-85.52797979,26149.0,1043.238633,1.5723270440000001,626,637,10,0,627,622,61043,-1,0,0,-1,15
2020-08-18,US,Michigan,Tuscola,391,29,0,43.46606813,-83.41897025,26157.0,748.3969758,7.416879795,362,386,29,0,357,385,52516,5,0,0,5,1
2020-08-18,US,Michigan,Unassigned,23,1,0,0.0,0.0,90026.0,0.0,4.347826087,22,15,1,0,14,15,,8,0,0,8,0
2020-08-18,US,Michigan,Van Buren,514,13,0,42.25190229,-86.01939087,26159.0,679.2023997,2.529182879,501,509,13,0,496,508,75448,5,0,0,5,1
2020-08-18,US,Michigan,Washtenaw,2669,115,0,42.253105,-83.83853204,26161.0,726.0589607000001,4.308729861000001,2554,2657,114,0,2543,2651,370963,12,1,0,11,6
2020-08-18,US,Michigan,Wayne,29394,2845,0,42.28098405,-83.281255,26163.0,1680.2879710000002,9.678846023,26549,29217,2839,0,26378,29111,1753893,177,6,0,171,106
2020-08-18,US,Michigan,Wexford,75,4,0,44.33853602,-85.57712739,26165.0,223.0085338,5.333333333,71,74,4,0,70,72,33466,1,0,0,1,2
2020-08-18,US,Minnesota,Aitkin,44,1,0,46.60962049,-93.41168259999999,27001.0,276.9734357,2.272727273,43,44,1,0,43,42,15902,0,0,0,0,2
2020-08-18,US,Minnesota,Anoka,4096,116,0,45.27476015,-93.24604565,27003.0,1147.592885,2.83203125,3980,4064,115,0,3949,4013,353813,32,1,0,31,51
2020-08-18,US,Minnesota,Becker,167,1,0,46.93479392,-95.67158144,27005.0,485.1407489,0.598802395,166,166,1,0,165,165,34371,1,0,0,1,1
2020-08-18,US,Minnesota,Beltrami,279,1,0,47.97373527,-94.93732139,27007.0,591.2520132,0.358422939,278,275,1,0,274,271,46847,4,0,0,4,4
2020-08-18,US,Minnesota,Benton,338,3,0,45.69804958,-93.99514135,27009.0,826.6281885,0.8875739640000001,335,332,3,0,329,332,40545,6,0,0,6,0
2020-08-18,US,Minnesota,Big Stone,26,0,0,45.42712824,-96.41403739,27011.0,520.9376878,0.0,26,25,0,0,25,25,4989,1,0,0,1,0
2020-08-18,US,Minnesota,Blue Earth,998,5,0,44.03554215,-94.06699781,27013.0,1475.1747890000001,0.501002004,993,994,5,0,989,982,67427,4,0,0,4,12
2020-08-18,US,Minnesota,Brown,99,2,0,44.24205652,-94.72562874,27015.0,395.87332050000003,2.02020202,97,99,2,0,97,99,25111,0,0,0,0,0
2020-08-18,US,Minnesota,Carlton,158,1,0,46.59180601,-92.67601019,27017.0,440.46722980000004,0.632911392,157,158,1,0,157,156,35837,0,0,0,0,2
2020-08-18,US,Minnesota,Carver,973,4,0,44.82017001,-93.80099179999999,27019.0,925.8818716,0.411099692,969,964,3,0,961,954,103551,9,1,0,8,10
2020-08-18,US,Minnesota,Cass,83,3,0,46.95043611,-94.32603968,27021.0,278.71990330000006,3.614457831,80,81,3,0,78,80,29519,2,0,0,2,1
2020-08-18,US,Minnesota,Chippewa,126,1,0,45.02343421,-95.56403693,27023.0,1067.7966099999999,0.793650794,125,124,1,0,123,124,11924,2,0,0,2,0
2020-08-18,US,Minnesota,Chisago,227,1,0,45.5021011,-92.90861945,27025.0,401.20892910000003,0.440528634,226,221,1,0,220,214,55922,6,0,0,6,7
2020-08-18,US,Minnesota,Clay,799,40,0,46.89289518,-96.48761922,27027.0,1244.121952,5.006257822,759,799,40,0,759,797,63955,0,0,0,0,2
2020-08-18,US,Minnesota,Clearwater,14,0,0,47.57992111,-95.37790562,27029.0,158.7661601,0.0,14,14,0,0,14,14,8810,0,0,0,0,0
2020-08-18,US,Minnesota,Cook,6,0,0,47.90504893,-90.52629546,27031.0,109.8297639,0.0,6,6,0,0,6,6,5393,0,0,0,0,0
2020-08-18,US,Minnesota,Cottonwood,188,0,0,44.00715262,-95.18138802,27033.0,1679.1711329999998,0.0,188,187,0,0,187,182,11277,1,0,0,1,5
2020-08-18,US,Minnesota,Crow Wing,272,14,0,46.48096553,-94.06755609,27035.0,418.107755,5.147058824,258,271,14,0,257,268,64889,1,0,0,1,3
2020-08-18,US,Minnesota,Dakota,4921,106,0,44.67172617,-93.06299363,27037.0,1147.030099,2.1540337330000003,4815,4881,106,0,4775,4810,425423,40,0,0,40,71
2020-08-18,US,Minnesota,Dodge,141,0,0,44.02238415,-92.86244324,27039.0,673.5454285000001,0.0,141,137,0,0,137,137,20822,4,0,0,4,0
2020-08-18,US,Minnesota,Douglas,147,1,0,45.93348491,-95.45335469,27041.0,385.4120238,0.680272109,146,147,1,0,146,147,37964,0,0,0,0,0
2020-08-18,US,Minnesota,Faribault,96,0,0,43.67381499,-93.94787458,27043.0,703.1421666,0.0,96,96,0,0,96,95,13758,0,0,0,0,1
2020-08-18,US,Minnesota,Fillmore,77,0,0,43.67394126,-92.08980382,27045.0,365.50054589999996,0.0,77,76,0,0,76,74,21058,1,0,0,1,2
2020-08-18,US,Minnesota,Freeborn,374,1,0,43.67385583,-93.34884422,27047.0,1235.097916,0.267379679,373,370,1,0,369,367,30444,4,0,0,4,3
2020-08-18,US,Minnesota,Goodhue,217,9,0,44.40849741,-92.72341949999999,27049.0,468.2779456,4.147465438,208,215,9,0,206,213,46403,2,0,0,2,2
2020-08-18,US,Minnesota,Grant,57,4,0,45.93424769,-96.01139609,27051.0,954.4541192,7.01754386,53,57,4,0,53,57,6021,0,0,0,0,0
2020-08-18,US,Minnesota,Hennepin,20722,851,0,45.00761521,-93.47694895,27053.0,1637.011857,4.106746453,19871,20625,851,0,19774,20469,1259428,97,0,0,97,156
2020-08-18,US,Minnesota,Houston,60,0,0,43.67129565,-91.49143057,27055.0,322.5806452,0.0,60,59,0,0,59,57,18578,1,0,0,1,2
2020-08-18,US,Minnesota,Hubbard,37,0,0,47.10778564,-94.91693868,27057.0,172.16509240000002,0.0,37,37,0,0,37,37,21332,0,0,0,0,0
2020-08-18,US,Minnesota,Isanti,148,0,0,45.56181234,-93.29487636,27059.0,364.56793769999996,0.0,148,148,0,0,148,147,39966,0,0,0,0,1
2020-08-18,US,Minnesota,Itasca,150,12,0,47.51009045,-93.63092229,27061.0,332.37314419999996,8.0,138,148,12,0,136,147,45108,2,0,0,2,1
2020-08-18,US,Minnesota,Jackson,85,0,0,43.67423373,-95.15398258,27063.0,863.294739,0.0,85,84,0,0,84,83,9911,1,0,0,1,1
2020-08-18,US,Minnesota,Kanabec,45,3,0,45.9459309,-93.29275192,27065.0,275.4483687,6.666666667,42,43,3,0,40,41,16207,2,0,0,2,2
2020-08-18,US,Minnesota,Kandiyohi,742,1,0,45.1526059,-95.00586446,27067.0,1717.6323530000002,0.134770889,741,739,1,0,738,739,42855,3,0,0,3,0
2020-08-18,US,Minnesota,Kittson,3,0,0,48.77754106,-96.78317184,27069.0,69.79990693,0.0,3,3,0,0,3,3,4248,0,0,0,0,0
2020-08-18,US,Minnesota,Koochiching,84,3,0,48.24539665,-93.78352843,27071.0,686.8918145,3.571428571,81,84,3,0,81,84,12440,0,0,0,0,0
2020-08-18,US,Minnesota,Lac qui Parle,10,0,0,44.9973857,-96.17488219,27073.0,150.98897780000001,0.0,10,10,0,0,10,10,6658,0,0,0,0,0
2020-08-18,US,Minnesota,Lake,25,0,0,47.64270764,-91.44557998,27075.0,234.9403252,0.0,25,25,0,0,25,25,10658,0,0,0,0,0
2020-08-18,US,Minnesota,Lake of the Woods,7,0,0,48.77217001,-94.90274472,27077.0,187.1657754,0.0,7,7,0,0,7,7,3758,0,0,0,0,0
2020-08-18,US,Minnesota,Le Sueur,259,2,0,44.37136597,-93.72844721,27079.0,896.5970852,0.772200772,257,255,2,0,253,248,28494,4,0,0,4,7
2020-08-18,US,Minnesota,Lincoln,61,0,0,44.41311883,-96.26688165,27081.0,1081.752084,0.0,61,61,0,0,61,61,5673,0,0,0,0,0
2020-08-18,US,Minnesota,Lyon,432,3,0,44.41327865,-95.83806103,27083.0,1695.8467460000002,0.694444444,429,432,3,0,429,430,25629,0,0,0,0,2
2020-08-18,US,Minnesota,Mahnomen,29,1,0,47.32557075,-95.80921485,27087.0,524.6969423,3.448275862,28,28,1,0,27,28,5519,1,0,0,1,0
2020-08-18,US,Minnesota,Marshall,30,0,0,48.35825983,-96.37017407,27089.0,321.33676089999994,0.0,30,30,0,0,30,30,9390,0,0,0,0,0
2020-08-18,US,Minnesota,Martin,212,6,0,43.67429718,-94.55099908,27091.0,1077.071585,2.830188679,206,212,6,0,206,211,19785,0,0,0,0,1
2020-08-18,US,Minnesota,McLeod,278,0,0,44.82367677,-94.27287017,27085.0,774.5242804999999,0.0,278,271,0,0,271,260,35873,7,0,0,7,11
2020-08-18,US,Minnesota,Meeker,91,2,0,45.12328869,-94.52839455,27093.0,391.8697787,2.197802198,89,90,2,0,88,90,23141,1,0,0,1,0
2020-08-18,US,Minnesota,Mille Lacs,79,3,0,45.93705297,-93.63236823,27095.0,300.643148,3.797468354,76,79,3,0,76,78,26139,0,0,0,0,1
2020-08-18,US,Minnesota,Morrison,102,1,0,46.01265363,-94.27341528,27097.0,305.5172827,0.980392157,101,104,1,0,103,103,33169,-2,0,0,-2,1
2020-08-18,US,Minnesota,Mower,1128,3,0,43.67142874,-92.75234549,27099.0,2815.635765,0.265957447,1125,1126,2,0,1124,1126,40011,2,1,0,1,0
2020-08-18,US,Minnesota,Murray,130,1,0,44.02216709,-95.76328482,27101.0,1586.526727,0.7692307690000001,129,129,1,0,128,129,8276,1,0,0,1,0
2020-08-18,US,Minnesota,Nicollet,384,13,0,44.35291112,-94.24710352,27103.0,1120.382797,3.385416667,371,378,13,0,365,375,34220,6,0,0,6,3
2020-08-18,US,Minnesota,Nobles,1801,11,0,43.67434621,-95.75329576,27105.0,8326.783485,0.610771793,1790,1799,9,0,1790,1792,21924,2,2,0,0,7
2020-08-18,US,Minnesota,Norman,43,0,0,47.32628443,-96.45620947,27107.0,674.5098039,0.0,43,43,0,0,43,40,6475,0,0,0,0,3
2020-08-18,US,Minnesota,Olmsted,1851,23,0,44.00374114,-92.40209944,27109.0,1169.350508,1.242571583,1828,1843,23,0,1820,1835,156277,8,0,0,8,8
2020-08-18,US,Minnesota,Otter Tail,227,4,0,46.40846929,-95.70835255,27111.0,386.4092874,1.762114537,223,223,4,0,219,217,58812,4,0,0,4,6
2020-08-18,US,Minnesota,Pennington,75,1,0,48.06642577,-96.0370814,27113.0,531.1990933999999,1.333333333,74,75,1,0,74,75,14178,0,0,0,0,0
2020-08-18,US,Minnesota,Pine,132,0,0,46.12105238,-92.74070188,27115.0,446.2625511,0.0,132,133,0,0,133,132,29483,-1,0,0,-1,1
2020-08-18,US,Minnesota,Pipestone,165,9,0,44.02301619,-96.25841142,27117.0,1808.021039,5.454545455,156,164,9,0,155,163,9047,1,0,0,1,1
2020-08-18,US,Minnesota,Polk,161,4,0,47.77372465,-96.40134647,27119.0,513.3273816999999,2.48447205,157,161,4,0,157,161,31529,0,0,0,0,0
2020-08-18,US,Minnesota,Pope,49,0,0,45.58606667,-95.44451209,27121.0,435.594275,0.0,49,48,0,0,48,48,11097,1,0,0,1,0
2020-08-18,US,Minnesota,Ramsey,8170,275,0,45.01625271,-93.09872295,27123.0,1484.588086,3.365973072,7895,8132,274,0,7858,8054,550210,38,1,0,37,78
2020-08-18,US,Minnesota,Red Lake,26,0,0,47.87197525,-96.09561104,27125.0,641.1837237999999,0.0,26,26,0,0,26,26,3999,0,0,0,0,0
2020-08-18,US,Minnesota,Redwood,38,0,0,44.40555844,-95.25207021,27127.0,250.49439680000003,0.0,38,38,0,0,38,38,15249,0,0,0,0,0
2020-08-18,US,Minnesota,Renville,69,5,0,44.72836381,-94.94553734,27129.0,474.2919989,7.246376812,64,69,5,0,64,69,14612,0,0,0,0,0
2020-08-18,US,Minnesota,Rice,1073,8,0,44.3543376,-93.29658715,27131.0,1602.162098,0.7455731590000001,1065,1067,8,0,1059,1065,66523,6,0,0,6,2
2020-08-18,US,Minnesota,Rock,90,0,0,43.67482683,-96.25296832,27133.0,966.1835748999999,0.0,90,90,0,0,90,90,9414,0,0,0,0,0
2020-08-18,US,Minnesota,Roseau,57,0,0,48.77501878,-95.81079919,27135.0,375.8654797,0.0,57,56,0,0,56,56,15150,1,0,0,1,0
2020-08-18,US,Minnesota,Scott,1750,25,0,44.6490231,-93.53340251,27139.0,1174.39418,1.428571429,1725,1734,24,0,1710,1717,147381,16,1,0,15,17
2020-08-18,US,Minnesota,Sherburne,787,11,0,45.44447208,-93.77617511,27141.0,809.3543676,1.397712834,776,782,10,0,772,780,96036,5,1,0,4,2
2020-08-18,US,Minnesota,Sibley,93,2,0,44.5796592,-94.23164924,27143.0,625.6306761,2.150537634,91,91,2,0,89,89,15028,2,0,0,2,2
2020-08-18,US,Minnesota,St. Louis,681,21,0,47.604840700000004,-92.46879855,27137.0,342.09072189999995,3.0837004410000004,660,677,21,0,656,670,199754,4,0,0,4,7
2020-08-18,US,Minnesota,Stearns,2973,21,0,45.55192576,-94.61078221,27145.0,1845.7240420000003,0.706357215,2952,2962,21,0,2941,2957,159256,11,0,0,11,5
2020-08-18,US,Minnesota,Steele,371,2,0,44.02240351,-93.22627088,27147.0,1012.3059289999999,0.539083558,369,369,2,0,367,367,36803,2,0,0,2,2
2020-08-18,US,Minnesota,Stevens,22,0,0,45.58613007,-96.00163705,27149.0,224.37531869999998,0.0,22,22,0,0,22,22,9753,0,0,0,0,0
2020-08-18,US,Minnesota,Swift,58,1,0,45.2829032,-95.68264092,27151.0,625.9443125,1.724137931,57,58,1,0,57,58,9345,0,0,0,0,0
2020-08-18,US,Minnesota,Todd,436,2,0,46.06996226,-94.89785296,27153.0,1767.758677,0.458715596,434,435,2,0,433,435,24582,1,0,0,1,0
2020-08-18,US,Minnesota,Traverse,17,0,0,45.77298854,-96.47062949,27155.0,521.6324026000001,0.0,17,16,0,0,16,16,3308,1,0,0,1,0
2020-08-18,US,Minnesota,Unassigned,148,46,0,0.0,0.0,90027.0,0.0,31.08108108,102,148,46,0,102,146,,0,0,0,0,2
2020-08-18,US,Minnesota,Wabasha,101,0,0,44.28424356,-92.23121312,27157.0,467.00883160000006,0.0,101,101,0,0,101,101,21645,0,0,0,0,0
2020-08-18,US,Minnesota,Wadena,30,0,0,46.58589171,-94.96968506,27159.0,219.26618919999999,0.0,30,30,0,0,30,29,13773,0,0,0,0,1
2020-08-18,US,Minnesota,Waseca,180,1,0,44.02211116,-93.58720034,27161.0,967.1179884,0.5555555560000001,179,172,1,0,171,169,18691,8,0,0,8,3
2020-08-18,US,Minnesota,Washington,2404,48,0,45.03864533,-92.88429635,27163.0,916.0188995999999,1.996672213,2356,2392,48,0,2344,2354,259201,12,0,0,12,38
2020-08-18,US,Minnesota,Watonwan,394,3,0,43.97823903,-94.61413846,27165.0,3615.674039,0.76142132,391,393,2,0,391,391,10980,1,1,0,0,2
2020-08-18,US,Minnesota,Wilkin,39,3,0,46.35721532,-96.4684375,27167.0,628.3228613,7.692307692000001,36,39,3,0,36,39,6254,0,0,0,0,0
2020-08-18,US,Minnesota,Winona,279,17,0,43.98772283,-91.78081305,27169.0,552.6503447000001,6.093189964,262,279,17,0,262,279,50825,0,0,0,0,0
2020-08-18,US,Minnesota,Wright,990,5,0,45.17297924,-93.96234781,27171.0,715.4368139,0.505050505,985,985,5,0,980,976,136349,5,0,0,5,9
2020-08-18,US,Minnesota,Yellow Medicine,56,0,0,44.71710183,-95.86842453,27173.0,576.7844267999999,0.0,56,54,0,0,54,54,9795,2,0,0,2,0
2020-08-18,US,Mississippi,Adams,679,28,0,31.47669768,-91.35326037,28001.0,2212.230802,4.12371134,651,669,28,0,641,668,31192,10,0,0,10,1
2020-08-18,US,Mississippi,Alcorn,465,6,0,34.88084463,-88.57996173,28003.0,1258.355208,1.2903225809999999,459,457,5,0,452,457,36925,8,1,0,7,0
2020-08-18,US,Mississippi,Amite,252,6,0,31.17467303,-90.80501621,28005.0,2049.2803120000003,2.3809523809999997,246,249,6,0,243,248,12326,3,0,0,3,1
2020-08-18,US,Mississippi,Attala,553,25,0,33.08658803,-89.57838564,28007.0,3042.808408,4.52079566,528,551,25,0,526,551,18365,2,0,0,2,0
2020-08-18,US,Mississippi,Benton,169,1,0,34.81681228,-89.18945516,28009.0,2046.252573,0.591715976,168,167,1,0,166,166,8271,2,0,0,2,1
2020-08-18,US,Mississippi,Bolivar,1251,41,0,33.79696941,-90.87372121,28011.0,4084.4978450000003,3.2773780980000002,1210,1224,40,0,1184,1221,31333,27,1,0,26,3
2020-08-18,US,Mississippi,Calhoun,437,9,0,33.93683395,-89.33686647,28013.0,3042.963582,2.059496568,428,435,9,0,426,433,14436,2,0,0,2,2
2020-08-18,US,Mississippi,Carroll,268,11,0,33.44834567,-89.91994479,28015.0,2694.279682,4.104477612,257,268,11,0,257,267,9911,0,0,0,0,1
2020-08-18,US,Mississippi,Chickasaw,518,19,0,33.91983202,-88.9481545,28017.0,3028.708414,3.667953668,499,513,19,0,494,513,17171,5,0,0,5,0
2020-08-18,US,Mississippi,Choctaw,143,4,0,33.34598242,-89.24809382,28019.0,1741.7783190000002,2.7972027969999997,139,141,4,0,137,141,8278,2,0,0,2,0
2020-08-18,US,Mississippi,Claiborne,416,15,0,31.97061673,-90.90702196,28021.0,4628.393413000001,3.605769231,401,414,14,0,400,414,9002,2,1,0,1,0
2020-08-18,US,Mississippi,Clarke,375,28,0,32.04158545,-88.68896219999999,28023.0,2412.972138,7.466666667,347,372,28,0,344,369,15604,3,0,0,3,3
2020-08-18,US,Mississippi,Clay,430,14,0,33.65358105,-88.77784255,28025.0,2226.133775,3.255813953,416,420,14,0,406,417,19386,10,0,0,10,3
2020-08-18,US,Mississippi,Coahoma,834,14,0,34.22772299,-90.60415045,28027.0,3769.6619060000003,1.678657074,820,830,13,0,817,817,22628,4,1,0,3,13
2020-08-18,US,Mississippi,Copiah,991,30,0,31.86977774,-90.44565118,28029.0,3531.0885439999997,3.027245207,961,987,30,0,957,985,28543,4,0,0,4,2
2020-08-18,US,Mississippi,Covington,672,17,0,31.63225413,-89.55389939,28031.0,3605.924018,2.529761905,655,666,16,0,650,664,18853,6,1,0,5,2
2020-08-18,US,Mississippi,DeSoto,3983,34,0,34.87625235,-89.99091418,28033.0,2153.613236,0.853627919,3949,3913,34,0,3879,3911,182001,70,0,0,70,2
2020-08-18,US,Mississippi,Forrest,1937,59,0,31.18961454,-89.25832496,28035.0,2586.218407,3.045947341,1878,1924,57,0,1867,1914,75036,13,2,0,11,10
2020-08-18,US,Mississippi,Franklin,157,2,0,31.47786634,-90.89672989,28037.0,2035.524439,1.27388535,155,153,2,0,151,152,7788,4,0,0,4,1
2020-08-18,US,Mississippi,George,641,10,0,30.86259065,-88.64436789,28039.0,2616.3265309999997,1.5600624019999998,631,639,10,0,629,638,24250,2,0,0,2,1
2020-08-18,US,Mississippi,Greene,276,13,0,31.21444233,-88.63922281,28041.0,2031.5030179999999,4.710144928,263,276,13,0,263,276,13586,0,0,0,0,0
2020-08-18,US,Mississippi,Grenada,878,27,0,33.77036166,-89.80245083,28043.0,4229.694576,3.075170843,851,870,27,0,843,869,21055,8,0,0,8,1
2020-08-18,US,Mississippi,Hancock,432,17,0,30.41830223,-89.48851033,28045.0,906.9533087000001,3.935185185,415,432,16,0,416,425,47334,0,1,0,-1,7
2020-08-18,US,Mississippi,Harrison,2836,40,0,30.51359752,-89.12467576,28047.0,1362.937332,1.410437236,2796,2804,38,0,2766,2788,206650,32,2,0,30,16
2020-08-18,US,Mississippi,Hinds,5995,128,0,32.2656285,-90.44435448,28049.0,2585.835059,2.135112594,5867,5917,129,0,5788,5902,237085,78,-1,0,79,15
2020-08-18,US,Mississippi,Holmes,964,50,0,33.12345854,-90.08923538,28051.0,5667.254556,5.186721992,914,957,50,0,907,951,17622,7,0,0,7,6
2020-08-18,US,Mississippi,Humphreys,313,12,0,33.12825718,-90.52252707,28053.0,3881.448413,3.833865815,301,313,12,0,301,312,8257,0,0,0,0,1
2020-08-18,US,Mississippi,Issaquena,28,2,0,32.72531359,-90.97392828,28055.0,2110.022607,7.142857143,26,28,2,0,26,28,1308,0,0,0,0,0
2020-08-18,US,Mississippi,Itawamba,440,12,0,34.27993475,-88.3606733,28057.0,1881.1457890000001,2.727272727,428,427,10,0,417,424,23517,13,2,0,11,3
2020-08-18,US,Mississippi,Jackson,2518,48,0,30.54020656,-88.64184064,28059.0,1753.274334,1.906274821,2470,2482,47,0,2435,2462,143277,36,1,0,35,20
2020-08-18,US,Mississippi,Jasper,435,11,0,32.01922104,-89.11786866,28061.0,2655.191357,2.528735632,424,432,11,0,421,429,16428,3,0,0,3,3
2020-08-18,US,Mississippi,Jefferson,202,8,0,31.73397872,-91.03764977,28063.0,2889.842632,3.96039604,194,198,8,0,190,198,7106,4,0,0,4,0
2020-08-18,US,Mississippi,Jefferson Davis,255,7,0,31.56884708,-89.82670990000001,28065.0,2291.5168940000003,2.7450980389999997,248,255,7,0,248,254,11234,0,0,0,0,1
2020-08-18,US,Mississippi,Jones,2007,66,0,31.62257767,-89.16896899999999,28067.0,2947.22312,3.288490284,1941,2002,65,0,1937,1987,68461,5,1,0,4,15
2020-08-18,US,Mississippi,Kemper,253,14,0,32.75462946,-88.64105766,28069.0,2597.002669,5.533596837999999,239,251,14,0,237,250,10027,2,0,0,2,1
2020-08-18,US,Mississippi,Lafayette,1084,23,0,34.35687874,-89.48490961,28071.0,2006.701346,2.121771218,1061,1072,21,0,1051,1065,54793,12,2,0,10,7
2020-08-18,US,Mississippi,Lamar,1298,22,0,31.20572971,-89.5077704,28073.0,2049.160918,1.694915254,1276,1297,22,0,1275,1291,62447,1,0,0,1,6
2020-08-18,US,Mississippi,Lauderdale,1509,99,0,32.40419769,-88.66229662,28075.0,2035.7504219999998,6.560636183,1410,1497,98,0,1399,1493,75317,12,1,0,11,4
2020-08-18,US,Mississippi,Lawrence,347,8,0,31.55147224,-90.10841127,28077.0,2757.031622,2.305475504,339,342,8,0,334,342,12455,5,0,0,5,0
2020-08-18,US,Mississippi,Leake,818,27,0,32.7536828,-89.52402044,28079.0,3589.923637,3.3007334960000003,791,813,27,0,786,811,22763,5,0,0,5,2
2020-08-18,US,Mississippi,Lee,1780,43,0,34.291877500000005,-88.68149954,28081.0,2083.430872,2.415730337,1737,1737,43,0,1694,1724,85202,43,0,0,43,13
2020-08-18,US,Mississippi,Leflore,1002,70,0,33.55545125,-90.29900733,28083.0,3555.3347759999997,6.986027944,932,998,70,0,928,990,28919,4,0,0,4,8
2020-08-18,US,Mississippi,Lincoln,885,45,0,31.53288662,-90.45391915,28085.0,2591.2804149999997,5.084745763,840,879,45,0,834,876,34205,6,0,0,6,3
2020-08-18,US,Mississippi,Lowndes,1153,46,0,33.47386518,-88.44191529999999,28087.0,1967.744688,3.9895923680000003,1107,1140,42,0,1098,1140,58930,13,4,0,9,0
2020-08-18,US,Mississippi,Madison,2583,75,0,32.63389156,-90.03513564,28089.0,2430.555556,2.903600465,2508,2556,74,0,2482,2556,105630,27,1,0,26,0
2020-08-18,US,Mississippi,Marion,716,23,0,31.23132643,-89.8209217,28091.0,2913.767143,3.212290503,693,713,22,0,691,708,24715,3,1,0,2,5
2020-08-18,US,Mississippi,Marshall,795,10,0,34.76216286,-89.50299462,28093.0,2252.5075079999997,1.257861635,785,770,10,0,760,768,35451,25,0,0,25,2
2020-08-18,US,Mississippi,Monroe,893,55,0,33.89236763,-88.4808438,28095.0,2533.189606,6.159014557999999,838,883,55,0,828,873,35564,10,0,0,10,10
2020-08-18,US,Mississippi,Montgomery,373,10,0,33.49419589,-89.61729103,28097.0,3815.8567770000004,2.6809651469999998,363,369,10,0,359,366,10023,4,0,0,4,3
2020-08-18,US,Mississippi,Neshoba,1337,96,0,32.75339664,-89.11726492,28099.0,4591.661515,7.180254301000001,1241,1328,96,0,1232,1328,29125,9,0,0,9,0
2020-08-18,US,Mississippi,Newton,591,12,0,32.40021118,-89.11843336,28101.0,2811.875535,2.030456853,579,588,12,0,576,587,21443,3,0,0,3,1
2020-08-18,US,Mississippi,Noxubee,489,12,0,33.11009499,-88.56949061,28103.0,4694.249784000001,2.45398773,477,486,12,0,474,484,10535,3,0,0,3,2
2020-08-18,US,Mississippi,Oktibbeha,1205,43,0,33.42491685,-88.87905132,28105.0,2430.0723980000002,3.56846473,1162,1183,42,0,1141,1178,49599,22,1,0,21,5
2020-08-18,US,Mississippi,Panola,1152,18,0,34.36398677,-89.95064249,28107.0,3369.209172,1.5625,1134,1143,18,0,1125,1140,34178,9,0,0,9,3
2020-08-18,US,Mississippi,Pearl River,618,42,0,30.77090935,-89.58677275,28109.0,1112.81174,6.796116505,576,613,42,0,571,601,55387,5,0,0,5,12
2020-08-18,US,Mississippi,Perry,266,8,0,31.17161885,-88.99281835,28111.0,2221.665414,3.007518797,258,262,8,0,254,260,11931,4,0,0,4,2
2020-08-18,US,Mississippi,Pike,1011,39,0,31.17507789,-90.40392572,28113.0,2573.304826,3.857566766,972,984,38,0,946,982,39563,27,1,0,26,2
2020-08-18,US,Mississippi,Pontotoc,900,9,0,34.226046000000004,-89.03636807,28115.0,2797.289737,1.0,891,892,9,0,883,888,31833,8,0,0,8,4
2020-08-18,US,Mississippi,Prentiss,506,11,0,34.61810501,-88.51986294,28117.0,2013.850195,2.173913043,495,498,11,0,487,497,25315,8,0,0,8,1
2020-08-18,US,Mississippi,Quitman,279,1,0,34.25157572,-90.28908,28119.0,4107.773852,0.358422939,278,279,1,0,278,278,7051,0,0,0,0,1
2020-08-18,US,Mississippi,Rankin,2456,43,0,32.26469147,-89.94537876,28121.0,1581.750617,1.7508143319999998,2413,2437,42,0,2395,2429,153902,19,1,0,18,8
2020-08-18,US,Mississippi,Scott,1040,21,0,32.406704100000006,-89.53789439,28123.0,3697.9092590000005,2.019230769,1019,1033,21,0,1012,1032,28287,7,0,0,7,1
2020-08-18,US,Mississippi,Sharkey,220,7,0,32.88149103,-90.81595379999999,28125.0,5091.414025,3.1818181819999998,213,219,7,0,212,218,4377,1,0,0,1,1
2020-08-18,US,Mississippi,Simpson,867,36,0,31.91282117,-89.91716179,28127.0,3252.3070000000002,4.152249135,831,861,36,0,825,858,26758,6,0,0,6,3
2020-08-18,US,Mississippi,Smith,429,13,0,32.01744532,-89.50644846,28129.0,2695.400854,3.03030303,416,422,13,0,409,421,16002,7,0,0,7,1
2020-08-18,US,Mississippi,Stone,259,6,0,30.79187949,-89.11547539,28131.0,1412.521815,2.316602317,253,256,6,0,250,255,18717,3,0,0,3,1
2020-08-18,US,Mississippi,Sunflower,1127,30,0,33.60192578,-90.58882684,28133.0,4488.251693,2.661934339,1097,1116,29,0,1087,1115,25735,11,1,0,10,1
2020-08-18,US,Mississippi,Tallahatchie,580,11,0,33.95339918,-90.1729398,28135.0,4200.159315999999,1.896551724,569,568,11,0,557,568,13987,12,0,0,12,0
2020-08-18,US,Mississippi,Tate,781,31,0,34.65133709,-89.94485778,28137.0,2757.670986,3.9692701660000003,750,774,30,0,744,773,28759,7,1,0,6,1
2020-08-18,US,Mississippi,Tippah,451,14,0,34.76872156,-88.90988194,28139.0,2048.603225,3.10421286,437,443,14,0,429,438,21995,8,0,0,8,5
2020-08-18,US,Mississippi,Tishomingo,478,13,0,34.74023475,-88.23917219,28141.0,2466.078522,2.719665272,465,476,12,0,464,469,19454,2,1,0,1,7
2020-08-18,US,Mississippi,Tunica,387,9,0,34.64967704,-90.37481167,28143.0,4017.857143,2.325581395,378,381,9,0,372,381,9944,6,0,0,6,0
2020-08-18,US,Mississippi,Union,780,19,0,34.49162015,-89.00776006,28145.0,2706.923477,2.435897436,761,772,19,0,753,763,28606,8,0,0,8,9
2020-08-18,US,Mississippi,Walthall,530,23,0,31.14971548,-90.10446654,28147.0,3709.925801,4.339622642,507,525,22,0,503,525,14465,5,1,0,4,0
2020-08-18,US,Mississippi,Warren,1204,37,0,32.35810271,-90.83352619,28149.0,2653.0927039999997,3.0730897010000002,1167,1182,37,0,1145,1179,46176,22,0,0,22,3
2020-08-18,US,Mississippi,Washington,1834,48,0,33.28392041,-90.94196237,28151.0,4176.820242,2.6172300980000003,1786,1818,46,0,1772,1817,45063,16,2,0,14,1
2020-08-18,US,Mississippi,Wayne,813,21,0,31.64135687,-88.69573913,28153.0,4028.142496,2.58302583,792,810,21,0,789,809,20298,3,0,0,3,1
2020-08-18,US,Mississippi,Webster,257,13,0,33.61300486,-89.28392912,28155.0,2652.492517,5.058365759,244,257,13,0,244,257,9788,0,0,0,0,0
2020-08-18,US,Mississippi,Wilkinson,239,14,0,31.16078225,-91.31018819,28157.0,2769.409038,5.857740586,225,234,14,0,220,234,8792,5,0,0,5,0
2020-08-18,US,Mississippi,Winston,653,18,0,33.08747908,-89.03391385,28159.0,3636.869953,2.756508423,635,653,18,0,635,652,18165,0,0,0,0,1
2020-08-18,US,Mississippi,Yalobusha,329,10,0,34.02824175,-89.70762049999999,28161.0,2717.211761,3.039513678,319,326,10,0,316,326,12392,3,0,0,3,0
2020-08-18,US,Mississippi,Yazoo,900,15,0,32.77890365,-90.39656148,28163.0,3031.323678,1.6666666669999999,885,891,14,0,877,890,28248,9,1,0,8,1
2020-08-18,US,Missouri,Adair,189,0,0,40.19058551,-92.60078167,29001.0,745.7680622,0.0,189,184,0,0,184,183,25339,5,0,0,5,1
2020-08-18,US,Missouri,Andrew,102,1,0,39.98492163,-94.80163024,29003.0,575.8807588,0.980392157,101,101,1,0,100,98,17607,1,0,0,1,3
2020-08-18,US,Missouri,Atchison,21,0,0,40.43238737,-95.42970639,29005.0,408.32199110000005,0.0,21,20,0,0,20,20,5171,1,0,0,1,0
2020-08-18,US,Missouri,Audrain,227,1,0,39.215877,-91.84242683,29007.0,894.1232077999999,0.440528634,226,226,1,0,225,227,25473,1,0,0,1,-1
2020-08-18,US,Missouri,Barry,293,4,0,36.70978521,-93.82919888,29009.0,818.6873062000001,1.365187713,289,296,4,0,292,293,35886,-3,0,0,-3,3
2020-08-18,US,Missouri,Barton,74,0,0,37.50207671,-94.34757022,29011.0,629.5729113,0.0,74,73,0,0,73,72,11798,1,0,0,1,1
2020-08-18,US,Missouri,Bates,55,1,0,38.25271289,-94.34113157,29013.0,340.09398960000004,1.8181818180000002,54,54,1,0,53,54,16320,1,0,0,1,0
2020-08-18,US,Missouri,Benton,119,1,0,38.29503305,-93.28756116,29015.0,612.0454662000001,0.8403361340000001,118,118,1,0,117,117,19278,1,0,0,1,1
2020-08-18,US,Missouri,Bollinger,84,1,0,37.32449052,-90.02725304,29017.0,692.3267122999999,1.19047619,83,82,1,0,81,81,12169,2,0,0,2,1
2020-08-18,US,Missouri,Boone,1635,5,0,38.99186229,-92.30723575,29019.0,906.0028926000001,0.305810398,1630,1610,3,0,1607,1594,180005,25,2,0,23,16
2020-08-18,US,Missouri,Buchanan,1140,10,0,39.65816401,-94.80138942,29021.0,1304.885307,0.8771929820000001,1130,1141,10,0,1131,1129,88571,-1,0,0,-1,12
2020-08-18,US,Missouri,Butler,322,2,0,36.71462476,-90.40421163,29023.0,758.0394557,0.621118012,320,321,2,0,319,317,42639,1,0,0,1,4
2020-08-18,US,Missouri,Caldwell,36,1,0,39.65620858,-93.98308093,29025.0,399.11308199999996,2.777777778,35,36,1,0,35,36,9108,0,0,0,0,0
2020-08-18,US,Missouri,Callaway,205,1,0,38.83674754,-91.92186505,29027.0,458.17222810000004,0.487804878,204,202,1,0,201,198,44889,3,0,0,3,4
2020-08-18,US,Missouri,Camden,415,7,0,38.02199522,-92.76083747,29029.0,896.2315085000001,1.6867469880000001,408,412,7,0,405,408,45815,3,0,0,3,4
2020-08-18,US,Missouri,Cape Girardeau,776,6,0,37.38489388,-89.6843587,29031.0,983.8850782,0.773195876,770,770,6,0,764,742,78753,6,0,0,6,28
2020-08-18,US,Missouri,Carroll,104,0,0,39.42762566,-93.50626255,29033.0,1198.294734,0.0,104,104,0,0,104,104,8743,0,0,0,0,0
2020-08-18,US,Missouri,Carter,23,1,0,36.94160441,-90.96051322,29035.0,384.48679369999996,4.347826087,22,23,1,0,22,23,6054,0,0,0,0,0
2020-08-18,US,Missouri,Cass,887,9,0,38.64789422,-94.353399,29037.0,838.5328039,1.0146561440000001,878,883,9,0,874,863,104954,4,0,0,4,20
2020-08-18,US,Missouri,Cedar,45,0,0,37.72391475,-93.85445441,29039.0,313.6107046,0.0,45,45,0,0,45,45,14165,0,0,0,0,0
2020-08-18,US,Missouri,Chariton,21,0,0,39.51499357,-92.9629191,29041.0,282.7901966,0.0,21,21,0,0,21,21,7451,0,0,0,0,0
2020-08-18,US,Missouri,Christian,472,1,0,36.9711783,-93.18537118,29043.0,532.7614424999999,0.211864407,471,453,1,0,452,441,86983,19,0,0,19,12
2020-08-18,US,Missouri,Clark,29,0,0,40.41040752,-91.73661677,29045.0,426.6588201,0.0,29,29,0,0,29,29,6842,0,0,0,0,0
2020-08-18,US,Missouri,Clay,1167,30,0,39.31132056,-94.41850862,29047.0,466.89711460000007,2.5706940869999997,1137,1158,30,0,1128,1143,246365,9,0,0,9,15
2020-08-18,US,Missouri,Clinton,103,0,0,39.6013098,-94.40465394,29049.0,505.2239172,0.0,103,101,0,0,101,97,20470,2,0,0,2,4
2020-08-18,US,Missouri,Cole,613,3,0,38.50455671,-92.27860244,29051.0,798.7491042,0.48939641100000003,610,597,3,0,594,589,76796,16,0,0,16,8
2020-08-18,US,Missouri,Cooper,166,0,0,38.844478,-92.80896081,29053.0,937.3764752000001,0.0,166,162,0,0,162,159,17603,4,0,0,4,3
2020-08-18,US,Missouri,Crawford,115,0,0,37.97663738,-91.30528104,29055.0,480.7692308,0.0,115,115,0,0,115,111,23957,0,0,0,0,4
2020-08-18,US,Missouri,Dade,18,0,0,37.431814,-93.8503345,29057.0,238.0637482,0.0,18,17,0,0,17,17,7569,1,0,0,1,0
2020-08-18,US,Missouri,Dallas,81,1,0,37.681135499999996,-93.02127031,29059.0,479.9146818,1.234567901,80,78,1,0,77,76,16762,3,0,0,3,2
2020-08-18,US,Missouri,Daviess,19,0,0,39.96145298,-93.98519678,29061.0,229.52403959999998,0.0,19,19,0,0,19,19,8313,0,0,0,0,0
2020-08-18,US,Missouri,DeKalb,44,1,0,39.89201062,-94.40476508,29063.0,350.6814378,2.272727273,43,44,1,0,43,41,12630,0,0,0,0,3
2020-08-18,US,Missouri,Dent,22,0,0,37.60663134,-91.50790473,29065.0,141.270147,0.0,22,23,0,0,23,23,15441,-1,0,0,-1,0
2020-08-18,US,Missouri,Douglas,94,2,0,36.9325593,-92.49905109,29067.0,712.9313614,2.127659574,92,94,2,0,92,94,13373,0,0,0,0,0
2020-08-18,US,Missouri,Dunklin,402,4,0,36.27167174,-90.09122243,29069.0,1379.973224,0.9950248759999999,398,398,4,0,394,388,29423,4,0,0,4,10
2020-08-18,US,Missouri,Franklin,778,19,0,38.41127108,-91.07522826,29071.0,748.314369,2.442159383,759,762,19,0,743,742,103670,16,0,0,16,20
2020-08-18,US,Missouri,Gasconade,41,0,0,38.43947277,-91.50847147,29073.0,278.79776960000004,0.0,41,38,0,0,38,37,14705,3,0,0,3,1
2020-08-18,US,Missouri,Gentry,87,9,0,40.21097916,-94.40944419,29075.0,1323.999391,10.34482759,78,87,9,0,78,87,6628,0,0,0,0,0
2020-08-18,US,Missouri,Greene,2004,10,0,37.2575872,-93.34230916,29077.0,683.7583507999999,0.499001996,1994,1940,10,0,1930,1902,291923,64,0,0,64,38
2020-08-18,US,Missouri,Grundy,30,1,0,40.11406587,-93.56509276,29079.0,304.56852789999994,3.333333333,29,31,1,0,30,30,9914,-1,0,0,-1,1
2020-08-18,US,Missouri,Harrison,62,1,0,40.35570088,-93.99222144,29081.0,742.3371647999999,1.612903226,61,62,1,0,61,62,8414,0,0,0,0,0
2020-08-18,US,Missouri,Henry,95,3,0,38.38482826,-93.79293734,29083.0,435.3005865,3.157894737,92,95,3,0,92,95,21792,0,0,0,0,0
2020-08-18,US,Missouri,Hickory,45,0,0,37.94163617,-93.3203037,29085.0,471.50041910000004,0.0,45,43,0,0,43,40,9509,2,0,0,2,3
2020-08-18,US,Missouri,Holt,46,0,0,40.09799248,-95.21638879999999,29087.0,1044.7422210000002,0.0,46,46,0,0,46,46,4404,0,0,0,0,0
2020-08-18,US,Missouri,Howard,71,0,0,39.1435761,-92.69756691,29089.0,709.9290071,0.0,71,71,0,0,71,69,10137,0,0,0,0,2
2020-08-18,US,Missouri,Howell,178,2,0,36.77383887,-91.88683935,29091.0,443.7021711,1.123595506,176,177,2,0,175,176,40076,1,0,0,1,1
2020-08-18,US,Missouri,Iron,31,0,0,37.55487945,-90.7735296,29093.0,306.1728395,0.0,31,27,0,0,27,25,10177,4,0,0,4,2
2020-08-18,US,Missouri,Jackson,4712,67,0,39.01002188,-94.34724536,29095.0,670.2597826,1.421901528,4645,4640,66,0,4574,4560,700307,72,1,0,71,80
2020-08-18,US,Missouri,Jasper,1981,34,0,37.20351921,-94.34050458,29097.0,1632.764078,1.7163048969999999,1947,1968,32,0,1936,1947,120636,13,2,0,11,21
2020-08-18,US,Missouri,Jefferson,2028,30,0,38.25926778,-90.53870896,29099.0,901.0089700999999,1.479289941,1998,1998,30,0,1968,1944,224347,30,0,0,30,54
2020-08-18,US,Missouri,Johnson,520,3,0,38.74719601,-93.80691168,29101.0,961.8586068,0.576923077,517,517,3,0,514,513,53652,3,0,0,3,4
2020-08-18,US,Missouri,Kansas City,7857,66,0,39.0997,-94.5786,0.0,1606.935778,0.840015273,7791,7773,66,0,7707,7649,491918,84,0,0,84,124
2020-08-18,US,Missouri,Knox,36,0,0,40.12699751,-92.14780832,29103.0,909.3205355,0.0,36,36,0,0,36,36,3947,0,0,0,0,0
2020-08-18,US,Missouri,Laclede,243,1,0,37.65896829,-92.5888493,29105.0,680.2340228999999,0.411522634,242,238,1,0,237,235,35713,5,0,0,5,3
2020-08-18,US,Missouri,Lafayette,200,2,0,39.06986886,-93.78076396,29107.0,611.4711997,1.0,198,199,2,0,197,198,32598,1,0,0,1,1
2020-08-18,US,Missouri,Lawrence,275,2,0,37.10626634,-93.83293097,29109.0,716.9860514,0.727272727,273,271,2,0,269,264,38359,4,0,0,4,7
2020-08-18,US,Missouri,Lewis,53,1,0,40.09673161,-91.72070156,29111.0,542.1440262,1.8867924530000002,52,54,1,0,53,54,9855,-1,0,0,-1,0
2020-08-18,US,Missouri,Lincoln,454,1,0,39.05345619,-90.95588181,29113.0,769.3220137999999,0.220264317,453,449,1,0,448,439,57686,5,0,0,5,10
2020-08-18,US,Missouri,Linn,41,1,0,39.87001769,-93.10704106,29115.0,343.9597315,2.43902439,40,41,1,0,40,41,12037,0,0,0,0,0
2020-08-18,US,Missouri,Livingston,65,1,0,39.78110272,-93.54645978,29117.0,426.8733171,1.5384615380000002,64,65,0,0,65,64,15146,0,1,0,-1,1
2020-08-18,US,Missouri,Macon,69,0,0,39.83049768,-92.56453089,29121.0,456.43976979999997,0.0,69,69,0,0,69,69,15153,0,0,0,0,0
2020-08-18,US,Missouri,Madison,41,0,0,37.47865134,-90.34671429999999,29123.0,339.1793514,0.0,41,38,0,0,38,35,12188,3,0,0,3,3
2020-08-18,US,Missouri,Maries,31,0,0,38.16193985,-91.92249662,29125.0,356.4447511,0.0,31,31,0,0,31,28,8769,0,0,0,0,3
2020-08-18,US,Missouri,Marion,278,1,0,39.80601912,-91.62203062,29127.0,974.4128987,0.35971223,277,272,1,0,271,269,28592,6,0,0,6,3
2020-08-18,US,Missouri,McDonald,964,8,0,36.62869595,-94.34867205,29119.0,4221.21995,0.829875519,956,962,8,0,954,959,23078,2,0,0,2,3
2020-08-18,US,Missouri,Mercer,15,0,0,40.42212303,-93.56829590000001,29129.0,414.7083218,0.0,15,15,0,0,15,15,3641,0,0,0,0,0
2020-08-18,US,Missouri,Miller,161,1,0,38.21450288,-92.42610898,29131.0,628.4398298,0.621118012,160,159,1,0,158,157,25336,2,0,0,2,2
2020-08-18,US,Missouri,Mississippi,180,0,0,36.82516239,-89.29505753,29133.0,1365.705615,0.0,180,174,0,0,174,172,13336,6,0,0,6,2
2020-08-18,US,Missouri,Moniteau,166,2,0,38.63571781,-92.57976951,29135.0,1029.010662,1.2048192770000001,164,164,2,0,162,163,16121,2,0,0,2,1
2020-08-18,US,Missouri,Monroe,37,0,0,39.49593978,-92.00043978,29137.0,428.0425728999999,0.0,37,37,0,0,37,37,8664,0,0,0,0,0
2020-08-18,US,Missouri,Montgomery,47,0,0,38.94022054,-91.47000721,29139.0,406.89117830000004,0.0,47,45,0,0,45,44,11534,2,0,0,2,1
2020-08-18,US,Missouri,Morgan,98,0,0,38.4181765,-92.88791859,29141.0,475.1054443,0.0,98,98,0,0,98,95,20358,0,0,0,0,3
2020-08-18,US,Missouri,New Madrid,306,3,0,36.59666326,-89.66070007,29143.0,1791.988756,0.980392157,303,304,3,0,301,299,17296,2,0,0,2,5
2020-08-18,US,Missouri,Newton,963,6,0,36.90519407,-94.3394104,29145.0,1653.6163199999999,0.62305296,957,962,6,0,956,946,58266,1,0,0,1,16
2020-08-18,US,Missouri,Nodaway,238,0,0,40.36079813,-94.88133008,29147.0,1077.313054,0.0,238,232,0,0,232,226,22304,6,0,0,6,6
2020-08-18,US,Missouri,Oregon,25,0,0,36.68710164,-91.4033755,29149.0,237.43945290000002,0.0,25,25,0,0,25,21,10541,0,0,0,0,4
2020-08-18,US,Missouri,Osage,64,1,0,38.46036182,-91.8613635,29151.0,470.069776,1.5625,63,62,1,0,61,62,13714,2,0,0,2,0
2020-08-18,US,Missouri,Ozark,16,0,0,36.64916339,-92.44459066,29153.0,174.40592980000002,0.0,16,16,0,0,16,16,9017,0,0,0,0,0
2020-08-18,US,Missouri,Pemiscot,274,9,0,36.2130572,-89.78742322,29155.0,1733.628599,3.284671533,265,268,9,0,259,263,16272,6,0,0,6,5
2020-08-18,US,Missouri,Perry,264,4,0,37.70660776,-89.82741088,29157.0,1379.5986619999999,1.515151515,260,263,4,0,259,256,19150,1,0,0,1,7
2020-08-18,US,Missouri,Pettis,666,5,0,38.72798918,-93.28471706,29159.0,1573.017785,0.750750751,661,656,5,0,651,651,42542,10,0,0,10,5
2020-08-18,US,Missouri,Phelps,129,0,0,37.87736118,-91.79351727,29161.0,289.4128733,0.0,129,128,0,0,128,123,44732,1,0,0,1,5
2020-08-18,US,Missouri,Pike,145,1,0,39.34310674,-91.16980779,29163.0,792.2631406,0.689655172,144,145,1,0,144,144,18504,0,0,0,0,1
2020-08-18,US,Missouri,Platte,418,10,0,39.38154439,-94.77068479,29165.0,400.3141221,2.392344498,408,412,10,0,402,407,102985,6,0,0,6,5
2020-08-18,US,Missouri,Polk,244,0,0,37.616229600000004,-93.39828174,29167.0,758.9660643,0.0,244,243,0,0,243,238,32201,1,0,0,1,5
2020-08-18,US,Missouri,Pulaski,275,1,0,37.82462075,-92.20783203,29169.0,522.7441215,0.363636364,274,275,1,0,274,273,52014,0,0,0,0,2
2020-08-18,US,Missouri,Putnam,15,1,0,40.47942497,-93.02042674,29171.0,319.4207836,6.666666667,14,14,1,0,13,14,4757,1,0,0,1,0
2020-08-18,US,Missouri,Ralls,61,0,0,39.52817427,-91.51838643,29173.0,591.7159763,0.0,61,58,0,0,58,57,10212,3,0,0,3,1
2020-08-18,US,Missouri,Randolph,87,1,0,39.44007257,-92.49713740000001,29175.0,351.5435591,1.1494252870000001,86,84,1,0,83,82,24763,3,0,0,3,2
2020-08-18,US,Missouri,Ray,119,0,0,39.353746799999996,-93.98905745,29177.0,516.9867061000001,0.0,119,119,0,0,119,119,22883,0,0,0,0,0
2020-08-18,US,Missouri,Reynolds,16,0,0,37.36085952,-90.97009925,29179.0,255.1834131,0.0,16,16,0,0,16,16,6254,0,0,0,0,0
2020-08-18,US,Missouri,Ripley,76,0,0,36.65460667,-90.85990261,29181.0,571.9446117000001,0.0,76,74,0,0,74,75,13401,2,0,0,2,-1
2020-08-18,US,Missouri,Saline,483,7,0,39.13734288,-93.20259964,29195.0,2122.0508760000002,1.4492753619999998,476,483,7,0,476,483,22895,0,0,0,0,0
2020-08-18,US,Missouri,Schuyler,13,0,0,40.46921489,-92.52311943,29197.0,278.96995710000004,0.0,13,13,0,0,13,13,4599,0,0,0,0,0
2020-08-18,US,Missouri,Scotland,19,1,0,40.45214695,-92.14709064,29199.0,387.5968992,5.263157895,18,19,1,0,18,19,4966,0,0,0,0,0
2020-08-18,US,Missouri,Scott,492,13,0,37.05588075,-89.56474493,29201.0,1285.266458,2.642276423,479,492,13,0,479,476,38458,0,0,0,0,16
2020-08-18,US,Missouri,Shannon,44,1,0,37.15772072,-91.40190382,29203.0,538.8194955,2.272727273,43,44,1,0,43,44,8189,0,0,0,0,0
2020-08-18,US,Missouri,Shelby,43,0,0,39.79742518,-92.07634971,29205.0,725.1264755,0.0,43,43,0,0,43,42,6050,0,0,0,0,1
2020-08-18,US,Missouri,St. Charles,4810,95,0,38.77875681,-90.66662425,29183.0,1196.451935,1.975051975,4715,4760,95,0,4665,4649,399182,50,0,0,50,111
2020-08-18,US,Missouri,St. Clair,24,0,0,38.03699437,-93.77631447,29185.0,255.40065980000003,0.0,24,23,0,0,23,23,9395,1,0,0,1,0
2020-08-18,US,Missouri,St. Francois,612,4,0,37.81214171,-90.47598685,29187.0,910.5110466,0.653594771,608,599,4,0,595,571,66692,13,0,0,13,28
2020-08-18,US,Missouri,St. Louis,16968,705,0,38.63770039999999,-90.4458375,29189.0,1706.6902699999998,4.154879773999999,16263,16764,701,0,16063,16614,996945,204,4,0,200,150
2020-08-18,US,Missouri,St. Louis City,5693,181,0,38.63555736,-90.24349225,29510.0,1894.030129,3.179343053,5512,5652,181,0,5471,5614,302838,41,0,0,41,38
2020-08-18,US,Missouri,Ste. Genevieve,75,1,0,37.89090059,-90.1949941,29186.0,419.1349056,1.333333333,74,72,1,0,71,69,17888,3,0,0,3,3
2020-08-18,US,Missouri,Stoddard,244,9,0,36.85571651,-89.9444155,29207.0,840.6546081,3.68852459,235,244,9,0,235,242,29206,0,0,0,0,2
2020-08-18,US,Missouri,Stone,204,1,0,36.75000327,-93.45256475,29209.0,638.4576865,0.490196078,203,196,1,0,195,191,31749,8,0,0,8,5
2020-08-18,US,Missouri,Sullivan,155,0,0,40.2099105,-93.11150106,29211.0,2545.573986,0.0,155,155,0,0,155,155,6221,0,0,0,0,0
2020-08-18,US,Missouri,Taney,778,3,0,36.65465345,-93.04075153,29213.0,1391.0742380000002,0.38560411299999997,775,763,3,0,760,739,55852,15,0,0,15,24
2020-08-18,US,Missouri,Texas,67,1,0,37.31728859,-91.96564727,29215.0,263.8002992,1.4925373130000001,66,68,1,0,67,67,25571,-1,0,0,-1,1
2020-08-18,US,Missouri,Vernon,64,0,0,37.8457799,-94.34127305,29217.0,311.2386325,0.0,64,63,0,0,63,63,20528,1,0,0,1,0
2020-08-18,US,Missouri,Warren,267,0,0,38.76529479,-91.16124662,29219.0,748.9691155,0.0,267,264,0,0,264,248,34711,3,0,0,3,16
2020-08-18,US,Missouri,Washington,149,1,0,37.96130078,-90.87948158,29221.0,602.5070764,0.67114094,148,143,1,0,142,133,24943,6,0,0,6,10
2020-08-18,US,Missouri,Wayne,69,0,0,37.11303869,-90.46001416,29223.0,536.0055930999999,0.0,69,68,0,0,68,66,13122,1,0,0,1,2
2020-08-18,US,Missouri,Webster,161,1,0,37.2813734,-92.876329,29225.0,406.6478076,0.621118012,160,157,1,0,156,154,39109,4,0,0,4,3
2020-08-18,US,Missouri,Worth,9,0,0,40.47945588,-94.42328751,29227.0,447.0938897,0.0,9,9,0,0,9,9,2040,0,0,0,0,0
2020-08-18,US,Missouri,Wright,73,0,0,37.27029221,-92.46914488,29229.0,399.14702830000004,0.0,73,73,0,0,73,74,18378,0,0,0,0,-1
2020-08-18,US,Montana,Beaverhead,68,0,0,45.13434354,-112.89846940000001,30001.0,719.348355,0.0,68,68,0,0,68,68,9404,0,0,0,0,0
2020-08-18,US,Montana,Big Horn,543,14,0,45.42335905,-107.492347,30003.0,4076.882649,2.5782688769999997,529,529,14,0,515,519,13338,14,0,0,14,10
2020-08-18,US,Montana,Blaine,14,0,0,48.43175214,-108.9582723,30005.0,209.5494686,0.0,14,14,0,0,14,15,6807,0,0,0,0,-1
2020-08-18,US,Montana,Broadwater,14,0,0,46.33277565,-111.49558130000001,30007.0,224.4668911,0.0,14,14,0,0,14,14,6085,0,0,0,0,0
2020-08-18,US,Montana,Carbon,77,0,0,45.22850116,-109.0274047,30009.0,717.9487178999999,0.0,77,77,0,0,77,75,10714,0,0,0,0,2
2020-08-18,US,Montana,Cascade,184,5,0,47.30797024,-111.3467922,30013.0,226.138682,2.717391304,179,183,4,0,179,182,81643,1,1,0,0,1
2020-08-18,US,Montana,Chouteau,10,0,0,47.88084126,-110.4353362,30015.0,177.4622893,0.0,10,10,0,0,10,10,5745,0,0,0,0,0
2020-08-18,US,Montana,Custer,61,2,0,46.25319932,-105.57375259999998,30017.0,534.9938607,3.278688525,59,61,2,0,59,61,11586,0,0,0,0,0
2020-08-18,US,Montana,Daniels,3,0,0,48.78420029,-105.54763429999998,30019.0,177.5147929,0.0,3,3,0,0,3,3,1747,0,0,0,0,0
2020-08-18,US,Montana,Dawson,31,0,0,47.26584855,-104.89444170000002,30021.0,359.9210496,0.0,31,30,0,0,30,30,8680,1,0,0,1,0
2020-08-18,US,Montana,Deer Lodge,30,0,0,46.05953325,-113.073353,30023.0,328.22757110000003,0.0,30,30,0,0,30,30,9131,0,0,0,0,0
2020-08-18,US,Montana,Fallon,2,0,0,46.33478338,-104.41835649999999,30025.0,70.27406887,0.0,2,2,0,0,2,2,2920,0,0,0,0,0
2020-08-18,US,Montana,Fergus,23,0,0,47.26331584,-109.2245206,30027.0,208.14479640000002,0.0,23,23,0,0,23,23,11113,0,0,0,0,0
2020-08-18,US,Montana,Flathead,412,3,0,48.29575866,-114.05205690000001,30029.0,396.8942065,0.72815534,409,407,3,0,404,392,102106,5,0,0,5,15
2020-08-18,US,Montana,Gallatin,993,3,0,45.54486106,-111.1692571,30031.0,867.7490955,0.30211480399999996,990,992,3,0,989,991,111876,1,0,0,1,1
2020-08-18,US,Montana,Garfield,12,0,0,47.27545948,-107.0002351,30033.0,953.8950715,0.0,12,12,0,0,12,12,1268,0,0,0,0,0
2020-08-18,US,Montana,Glacier,92,1,0,48.70513576,-112.9934235,30035.0,668.9449575,1.086956522,91,88,1,0,87,88,13747,4,0,0,4,0
2020-08-18,US,Montana,Golden Valley,3,0,0,46.3816474,-109.17685220000001,30037.0,365.40803900000003,0.0,3,3,0,0,3,3,826,0,0,0,0,0
2020-08-18,US,Montana,Granite,18,0,0,46.406052200000005,-113.4414186,30039.0,532.7019828,0.0,18,18,0,0,18,18,3378,0,0,0,0,0
2020-08-18,US,Montana,Hill,48,2,0,48.62879827,-110.1129252,30041.0,291.1914584,4.166666667,46,48,2,0,46,48,16347,0,0,0,0,0
2020-08-18,US,Montana,Jefferson,32,0,0,46.14907081,-112.094396,30043.0,261.8443663,0.0,32,31,0,0,31,31,12097,1,0,0,1,0
2020-08-18,US,Montana,Judith Basin,3,0,0,47.04581276,-110.26606880000001,30045.0,149.4768311,0.0,3,3,0,0,3,3,1952,0,0,0,0,0
2020-08-18,US,Montana,Lake,189,1,0,47.64514965,-114.0898013,30047.0,620.5266267999999,0.5291005289999999,188,187,1,0,186,187,30250,2,0,0,2,0
2020-08-18,US,Montana,Lewis and Clark,180,2,0,47.12610041,-112.39469799999999,30049.0,259.24645699999996,1.111111111,178,178,2,0,176,178,68700,2,0,0,2,0
2020-08-18,US,Montana,Liberty,1,0,0,48.56084317,-111.02430700000001,30051.0,42.78990158,0.0,1,1,0,0,1,1,2430,0,0,0,0,0
2020-08-18,US,Montana,Lincoln,79,2,0,48.54265777,-115.4046155,30053.0,395.3953954,2.53164557,77,78,2,0,76,78,19794,1,0,0,1,0
2020-08-18,US,Montana,Madison,87,1,0,45.30080065,-111.9173017,30057.0,1011.627907,1.1494252870000001,86,86,1,0,85,85,8768,1,0,0,1,1
2020-08-18,US,Montana,McCone,5,0,0,47.64469406,-105.79449939999999,30055.0,300.4807692,0.0,5,5,0,0,5,5,1675,0,0,0,0,0
2020-08-18,US,Montana,Meagher,4,0,0,46.59907074,-110.8898557,30059.0,214.82277119999998,0.0,4,4,0,0,4,4,1866,0,0,0,0,0
2020-08-18,US,Montana,Mineral,2,0,0,47.15283992,-115.00152390000001,30061.0,45.48555834,0.0,2,2,0,0,2,2,4316,0,0,0,0,0
2020-08-18,US,Montana,Missoula,388,2,0,47.03728583,-113.92135079999998,30063.0,324.4147157,0.515463918,386,385,2,0,383,384,118791,3,0,0,3,1
2020-08-18,US,Montana,Musselshell,4,0,0,46.49684637,-108.39498,30065.0,86.33714656,0.0,4,4,0,0,4,4,4651,0,0,0,0,0
2020-08-18,US,Montana,Park,63,0,0,45.48965095,-110.52643940000002,30067.0,379.3809466,0.0,63,63,0,0,63,63,16736,0,0,0,0,0
2020-08-18,US,Montana,Phillips,93,0,0,48.25936577,-107.9128511,30071.0,2352.048558,0.0,93,93,0,0,93,92,4074,0,0,0,0,1
2020-08-18,US,Montana,Pondera,13,0,0,48.22773388,-112.22527029999999,30073.0,219.928946,0.0,13,11,0,0,11,11,5972,2,0,0,2,0
2020-08-18,US,Montana,Powder River,1,0,0,45.39617714,-105.636738,30075.0,59.4530321,0.0,1,1,0,0,1,1,1716,0,0,0,0,0
2020-08-18,US,Montana,Powell,2,0,0,46.85538891,-112.93591640000001,30077.0,29.0275762,0.0,2,2,0,0,2,2,6968,0,0,0,0,0
2020-08-18,US,Montana,Prairie,1,0,0,46.86048047,-105.379384,30079.0,92.85051068,0.0,1,1,0,0,1,1,1087,0,0,0,0,0
2020-08-18,US,Montana,Ravalli,88,2,0,46.08520862,-114.11891640000002,30081.0,200.88572340000002,2.272727273,86,85,2,0,83,85,43172,3,0,0,3,0
2020-08-18,US,Montana,Richland,50,2,0,47.78668011,-104.5610786,30083.0,462.83439789999994,4.0,48,50,2,0,48,50,10913,0,0,0,0,0
2020-08-18,US,Montana,Roosevelt,30,1,0,48.29607488,-105.00792679999999,30085.0,272.6281352,3.333333333,29,35,0,0,35,35,11059,-5,1,0,-6,0
2020-08-18,US,Montana,Rosebud,79,1,0,46.23397237,-106.72928799999998,30087.0,883.9655365,1.265822785,78,78,1,0,77,78,9063,1,0,0,1,0
2020-08-18,US,Montana,Sanders,18,0,0,47.67657534,-115.1329916,30089.0,148.600677,0.0,18,18,0,0,18,18,11844,0,0,0,0,0
2020-08-18,US,Montana,Sheridan,5,0,0,48.72085833,-104.50382900000001,30091.0,151.1030523,0.0,5,5,0,0,5,5,3424,0,0,0,0,0
2020-08-18,US,Montana,Silver Bow,106,0,0,45.90018933,-112.6620092,30093.0,303.59444360000003,0.0,106,105,0,0,105,105,34993,1,0,0,1,0
2020-08-18,US,Montana,Stillwater,32,1,0,45.67071407,-109.3950061,30095.0,331.88135239999997,3.125,31,31,1,0,30,31,9534,1,0,0,1,0
2020-08-18,US,Montana,Sweet Grass,7,1,0,45.81367654,-109.9425686,30097.0,187.31602890000002,14.28571429,6,6,1,0,5,6,3710,1,0,0,1,0
2020-08-18,US,Montana,Teton,16,0,0,47.83741052,-112.24106880000001,30099.0,260.2895721,0.0,16,15,0,0,15,15,6162,1,0,0,1,0
2020-08-18,US,Montana,Toole,47,6,0,48.65577551,-111.69424140000001,30101.0,992.3986486,12.76595745,41,46,6,0,40,46,4853,1,0,0,1,0
2020-08-18,US,Montana,Treasure,2,0,0,46.209732200000005,-107.26665159999999,30103.0,287.35632180000005,0.0,2,2,0,0,2,2,679,0,0,0,0,0
2020-08-18,US,Montana,Valley,36,0,0,48.36435097,-106.6669635,30105.0,486.74959440000003,0.0,36,30,0,0,30,30,7437,6,0,0,6,0
2020-08-18,US,Montana,Wheatland,3,0,0,46.46652491,-109.84646359999999,30107.0,141.1100659,0.0,3,3,0,0,3,3,2236,0,0,0,0,0
2020-08-18,US,Montana,Wibaux,3,0,0,46.95925154,-104.2510927,30109.0,309.5975232,0.0,3,3,0,0,3,3,1034,0,0,0,0,0
2020-08-18,US,Montana,Yellowstone,1539,32,0,45.93955949,-108.26914860000001,30111.0,954.1227526,2.079272255,1507,1533,32,0,1501,1522,160137,6,0,0,6,11
2020-08-18,US,Nebraska,Adams,370,11,0,40.52449420000001,-98.50117804,31001.0,1147.849377,3.0555555560000003,359,370,11,0,359,365,31511,0,0,0,0,5
2020-08-18,US,Nebraska,Antelope,21,1,0,42.17695516,-98.06662829999999,31003.0,254.04890440000003,6.25,20,21,1,0,20,21,6336,0,0,0,0,0
2020-08-18,US,Nebraska,Arthur,1,0,0,41.56896142,-101.6959559,31005.0,215.9827214,0.0,1,1,0,0,1,1,465,0,0,0,0,0
2020-08-18,US,Nebraska,Banner,2,0,0,41.54634427,-103.7114332,31007.0,134.2281879,0.0,2,2,0,0,2,2,730,0,0,0,0,0
2020-08-18,US,Nebraska,Boone,15,0,0,41.70759415,-98.06737183,31011.0,308.1664099,0.0,15,14,0,0,14,11,5239,1,0,0,1,3
2020-08-18,US,Nebraska,Box Butte,18,0,0,42.22079243,-103.08788340000001,31013.0,157.65556899999999,0.0,18,17,0,0,17,16,10772,1,0,0,1,1
2020-08-18,US,Nebraska,Boyd,8,0,0,42.899727399999996,-98.76486568,31015.0,364.7733194,0.0,8,8,0,0,8,8,1955,0,0,0,0,0
2020-08-18,US,Nebraska,Brown,2,0,0,42.43018907,-99.92904055,31017.0,33.84094755,0.0,2,2,0,0,2,2,2973,0,0,0,0,0
2020-08-18,US,Nebraska,Buffalo,515,1,0,40.85486962,-99.07500296,31019.0,966.5921585000001,0.208333333,514,512,1,0,511,500,49615,3,0,0,3,12
2020-08-18,US,Nebraska,Burt,54,0,0,41.85056773,-96.32605633,31021.0,882.4895495,0.0,54,54,0,0,54,53,6488,0,0,0,0,1
2020-08-18,US,Nebraska,Butler,69,0,0,41.22703692,-97.13106306,31023.0,860.7784431,0.0,69,66,0,0,66,66,8058,3,0,0,3,0
2020-08-18,US,Nebraska,Cass,223,2,0,40.90899107,-96.13971217,31025.0,811.4903992999999,0.9389671359999999,221,215,2,0,213,214,26159,8,0,0,8,1
2020-08-18,US,Nebraska,Cedar,32,0,0,42.598885100000004,-97.25311951,31027.0,357.05784339999997,0.0,32,29,0,0,29,28,8446,3,0,0,3,1
2020-08-18,US,Nebraska,Chase,9,0,0,40.523719799999995,-101.69780259999999,31029.0,229.3577982,0.0,9,9,0,0,9,9,3977,0,0,0,0,0
2020-08-18,US,Nebraska,Cherry,4,0,0,42.54502621,-101.1244332,31031.0,87.88890842,0.0,4,4,0,0,4,4,5761,0,0,0,0,0
2020-08-18,US,Nebraska,Cheyenne,26,0,0,41.21999357,-102.9941693,31033.0,291.8069585,0.0,26,26,0,0,26,26,9310,0,0,0,0,0
2020-08-18,US,Nebraska,Clay,50,0,0,40.52439441,-98.05126296,31035.0,789.9403513999999,0.0,50,50,0,0,50,50,6214,0,0,0,0,0
2020-08-18,US,Nebraska,Colfax,709,4,0,41.57486951,-97.0868542,31037.0,6377.813054,0.585651537,705,709,4,0,705,708,10881,0,0,0,0,1
2020-08-18,US,Nebraska,Cuming,73,0,0,41.91637624,-96.78730772,31039.0,836.5362876,0.0,73,73,0,0,73,72,8940,0,0,0,0,1
2020-08-18,US,Nebraska,Custer,63,4,0,41.39374521,-99.72805369,31041.0,510.3461075,7.272727272999999,59,59,4,0,55,57,10840,4,0,0,4,2
2020-08-18,US,Nebraska,Dakota,1944,42,0,42.39040144,-96.56656425,31043.0,9607.510237,2.1829521830000003,1902,1944,42,0,1902,1943,20083,0,0,0,0,1
2020-08-18,US,Nebraska,Dawes,22,0,0,42.71985036,-103.1313774,31045.0,267.78437540000004,0.0,22,17,0,0,17,16,8716,5,0,0,5,1
2020-08-18,US,Nebraska,Dawson,981,9,0,40.87028216,-99.82014609999999,31047.0,4043.2294979999997,0.943396226,972,980,9,0,971,977,23709,1,0,0,1,3
2020-08-18,US,Nebraska,Deuel,2,0,0,41.11168186,-102.33333309999999,31049.0,222.9654404,0.0,2,2,0,0,2,2,1825,0,0,0,0,0
2020-08-18,US,Nebraska,Dixon,57,2,0,42.49188363,-96.86782408,31051.0,1011.355571,3.50877193,55,57,2,0,55,57,5709,0,0,0,0,0
2020-08-18,US,Nebraska,Dodge,852,11,0,41.58071748,-96.65598179,31053.0,2310.953097,1.301775148,841,849,10,0,839,843,36791,3,1,0,2,6
2020-08-18,US,Nebraska,Douglas,12249,147,0,41.29518299,-96.15085305,31055.0,2096.522657,1.227249958,12102,12137,143,0,11994,12065,566880,112,4,0,108,72
2020-08-18,US,Nebraska,Dundy,3,0,0,40.17638677,-101.6876522,31057.0,177.2002363,0.0,3,3,0,0,3,2,1770,0,0,0,0,1
2020-08-18,US,Nebraska,Fillmore,29,1,0,40.52458567,-97.59646937,31059.0,512.6327353,3.571428571,28,29,1,0,28,29,5527,0,0,0,0,0
2020-08-18,US,Nebraska,Franklin,16,0,0,40.17636348,-98.95299073,31061.0,570.6612957000001,0.0,16,15,0,0,15,15,3023,1,0,0,1,0
2020-08-18,US,Nebraska,Frontier,4,0,0,40.52993007,-100.3924658,31063.0,152.264941,0.0,4,4,0,0,4,4,2608,0,0,0,0,0
2020-08-18,US,Nebraska,Furnas,17,1,0,40.17642064,-99.91247454,31065.0,342.1727973,6.25,16,17,1,0,16,17,4715,0,0,0,0,0
2020-08-18,US,Nebraska,Gage,108,4,0,40.26186809,-96.68946704,31067.0,483.42862460000003,3.8461538460000004,104,100,4,0,96,97,21493,8,0,0,8,3
2020-08-18,US,Nebraska,Garden,4,0,0,41.61703149,-102.3313973,31069.0,326.6194883,0.0,4,4,0,0,4,4,1897,0,0,0,0,0
2020-08-18,US,Nebraska,Garfield,6,0,0,41.91428955,-98.99111827,31071.0,355.51041139999995,0.0,6,6,0,0,6,6,1987,0,0,0,0,0
2020-08-18,US,Nebraska,Gosper,22,0,0,40.51481965,-99.83020279,31073.0,954.7738693,0.0,22,22,0,0,22,22,1996,0,0,0,0,0
2020-08-18,US,Nebraska,Greeley,10,0,0,41.56742671,-98.52150266,31077.0,382.00339560000003,0.0,10,10,0,0,10,10,2356,0,0,0,0,0
2020-08-18,US,Nebraska,Hall,1779,45,0,40.87257079,-98.50218293,31079.0,2658.386713,2.7590435319999997,1734,1773,45,0,1728,1770,61607,6,0,0,6,3
2020-08-18,US,Nebraska,Hamilton,104,12,0,40.87349452,-98.02099117,31081.0,1136.8511369999999,11.32075472,92,104,12,0,92,103,9280,0,0,0,0,1
2020-08-18,US,Nebraska,Harlan,2,0,0,40.17658508,-99.40438879,31083.0,29.58579882,0.0,2,2,0,0,2,2,3401,0,0,0,0,0
2020-08-18,US,Nebraska,Hitchcock,1,0,0,40.17609175,-101.04164770000001,31087.0,36.20564808,0.0,1,1,0,0,1,1,2806,0,0,0,0,0
2020-08-18,US,Nebraska,Holt,14,0,0,42.45522056,-98.78402558,31089.0,139.0682428,0.0,14,14,0,0,14,14,10178,0,0,0,0,0
2020-08-18,US,Nebraska,Hooker,4,0,0,41.91586243,-101.1354293,31091.0,586.5102638999999,0.0,4,4,0,0,4,4,682,0,0,0,0,0
2020-08-18,US,Nebraska,Howard,57,5,0,41.2200529,-98.5166499,31093.0,837.8588053,9.259259259,52,57,5,0,52,57,6468,0,0,0,0,0
2020-08-18,US,Nebraska,Jefferson,19,0,0,40.17584531,-97.142601,31095.0,241.2716435,0.0,19,19,0,0,19,19,7097,0,0,0,0,0
2020-08-18,US,Nebraska,Johnson,20,0,0,40.39257596,-96.26522753,31097.0,433.83947939999996,0.0,20,19,0,0,19,17,5134,1,0,0,1,2
2020-08-18,US,Nebraska,Kearney,85,0,0,40.50663314,-98.94877182,31099.0,1216.320246,0.0,85,84,0,0,84,83,6544,1,0,0,1,1
2020-08-18,US,Nebraska,Keith,43,0,0,41.19930341,-101.66201640000001,31101.0,560.1194922000001,0.0,43,41,0,0,41,38,8021,2,0,0,2,3
2020-08-18,US,Nebraska,Kimball,15,0,0,41.19774275,-103.7148131,31105.0,385.46255510000003,0.0,15,15,0,0,15,15,3618,0,0,0,0,0
2020-08-18,US,Nebraska,Knox,44,0,0,42.63758421,-97.89178836,31107.0,504.0806529,0.0,44,43,0,0,43,42,8419,1,0,0,1,1
2020-08-18,US,Nebraska,Lancaster,3470,20,0,40.78416049,-96.68777155,31109.0,1066.783666,0.587544066,3450,3451,19,0,3432,3446,317272,19,1,0,18,5
2020-08-18,US,Nebraska,Lincoln,213,2,0,41.04658298,-100.74753740000001,31111.0,595.7495561000001,0.961538462,211,200,2,0,198,194,35185,13,0,0,13,6
2020-08-18,US,Nebraska,Logan,1,0,0,41.56650314,-100.4817851,31113.0,0.0,0.0,1,,,,,,749,,,,,
2020-08-18,US,Nebraska,Madison,499,5,0,41.91676024,-97.6005481,31119.0,1378.956665,1.033057851,494,492,5,0,487,490,35392,7,0,0,7,2
2020-08-18,US,Nebraska,McPherson,6,0,0,41.56797682,-101.05993620000001,31117.0,1214.574899,0.0,6,6,0,0,6,6,492,0,0,0,0,0
2020-08-18,US,Nebraska,Merrick,63,0,0,41.16624273,-98.0374887,31121.0,773.6943907000001,0.0,63,63,0,0,63,63,7733,0,0,0,0,0
2020-08-18,US,Nebraska,Morrill,63,0,0,41.71711774,-103.0061405,31123.0,1292.546316,0.0,63,63,0,0,63,63,4686,0,0,0,0,0
2020-08-18,US,Nebraska,Nance,11,0,0,41.39750195,-97.99327291,31125.0,284.1716397,0.0,11,11,0,0,11,10,3532,0,0,0,0,1
2020-08-18,US,Nebraska,Nemaha,52,0,0,40.38514847,-95.85433992,31127.0,502.00803210000004,0.0,52,52,0,0,52,50,6958,0,0,0,0,2
2020-08-18,US,Nebraska,Nuckolls,6,0,0,40.17637905,-98.04743961,31129.0,168.756027,0.0,6,6,0,0,6,6,4195,0,0,0,0,0
2020-08-18,US,Nebraska,Otoe,72,0,0,40.64843556,-96.13374142,31131.0,449.6627529,0.0,72,70,0,0,70,64,15985,2,0,0,2,6
2020-08-18,US,Nebraska,Pawnee,9,0,0,40.13141096,-96.23705437,31133.0,306.1615002,0.0,9,9,0,0,9,9,2632,0,0,0,0,0
2020-08-18,US,Nebraska,Perkins,24,7,0,40.85082525,-101.6502942,31135.0,553.4417157,43.75,17,24,7,0,17,24,2929,0,0,0,0,0
2020-08-18,US,Nebraska,Phelps,51,0,0,40.51156033,-99.41461667,31137.0,464.9103387,0.0,51,49,0,0,49,45,8996,2,0,0,2,4
2020-08-18,US,Nebraska,Pierce,51,1,0,42.26434853,-97.60122773,31139.0,643.5366536,2.173913043,50,48,0,0,48,45,7142,3,1,0,2,3
2020-08-18,US,Nebraska,Platte,823,3,0,41.57246836,-97.52144359,31141.0,2318.494174,0.386597938,820,821,3,0,818,817,33363,2,0,0,2,4
2020-08-18,US,Nebraska,Polk,28,0,0,41.18813488,-97.56630712,31143.0,517.9359294,0.0,28,28,0,0,28,28,5278,0,0,0,0,0
2020-08-18,US,Nebraska,Red Willow,18,0,0,40.17556879999999,-100.476998,31145.0,149.1980604,0.0,18,18,0,0,18,18,10726,0,0,0,0,0
2020-08-18,US,Nebraska,Richardson,28,1,0,40.1247415,-95.71755036,31147.0,330.57851239999997,3.8461538460000004,27,28,1,0,27,27,7937,0,0,0,0,1
2020-08-18,US,Nebraska,Rock,3,0,0,42.42252217,-99.44832069,31149.0,147.3839352,0.0,3,3,0,0,3,3,1360,0,0,0,0,0
2020-08-18,US,Nebraska,Saline,604,2,0,40.52418865,-97.14085859,31151.0,4169.010124,0.33726812799999994,602,604,2,0,602,603,14350,0,0,0,0,1
2020-08-18,US,Nebraska,Sarpy,2545,11,0,41.11314181,-96.11156432,31153.0,1311.993846,0.447882736,2534,2506,11,0,2495,2488,184459,39,0,0,39,18
2020-08-18,US,Nebraska,Saunders,181,2,0,41.227810299999994,-96.63773905,31155.0,815.6455649000001,1.136363636,179,181,2,0,179,177,21303,0,0,0,0,4
2020-08-18,US,Nebraska,Scotts Bluff,319,6,0,41.85070896,-103.70809859999999,31157.0,895.6145769,1.880877743,313,315,6,0,309,313,35989,4,0,0,4,2
2020-08-18,US,Nebraska,Seward,135,1,0,40.87241834,-97.139673,31159.0,728.9979171,0.793650794,134,134,1,0,133,133,17318,1,0,0,1,1
2020-08-18,US,Nebraska,Sheridan,12,0,0,42.50284406,-102.4126613,31161.0,228.745711,0.0,12,12,0,0,12,12,5190,0,0,0,0,0
2020-08-18,US,Nebraska,Sherman,15,0,0,41.22045983,-98.97588642,31163.0,433.188937,0.0,15,15,0,0,15,14,3038,0,0,0,0,1
2020-08-18,US,Nebraska,Sioux,5,0,0,42.48932059,-103.7576544,31165.0,0.0,0.0,5,5,0,0,5,5,1187,0,0,0,0,0
2020-08-18,US,Nebraska,Stanton,32,0,0,41.9169835,-97.19394708,31167.0,219.5945946,0.0,32,33,0,0,33,33,5970,-1,0,0,-1,0
2020-08-18,US,Nebraska,Thayer,27,0,0,40.17626377,-97.59504381,31169.0,559.6642015,0.0,27,27,0,0,27,27,5039,0,0,0,0,0
2020-08-18,US,Nebraska,Thomas,2,0,0,41.91358968,-100.5556632,31171.0,277.0083102,0.0,2,2,0,0,2,2,720,0,0,0,0,0
2020-08-18,US,Nebraska,Thurston,212,4,0,42.15725356,-96.54157099,31173.0,1702.657807,3.25203252,208,211,4,0,207,211,7303,1,0,0,1,0
2020-08-18,US,Nebraska,Unassigned,163,1,0,0.0,0.0,90031.0,0.0,0.628930818,162,159,1,0,158,154,,4,0,0,4,5
2020-08-18,US,Nebraska,Valley,13,0,0,41.56730777,-98.98197724,31175.0,264.5502646,0.0,13,13,0,0,13,13,4190,0,0,0,0,0
2020-08-18,US,Nebraska,Washington,148,1,0,41.52815707,-96.22019892,31177.0,723.6239085,0.666666667,147,148,1,0,147,147,20667,0,0,0,0,1
2020-08-18,US,Nebraska,Wayne,39,0,0,42.20934475,-97.11926964,31179.0,415.5567395,0.0,39,39,0,0,39,40,9403,0,0,0,0,-1
2020-08-18,US,Nebraska,Webster,10,0,0,40.17642643,-98.50019851,31181.0,315.45741319999996,0.0,10,10,0,0,10,10,3533,0,0,0,0,0
2020-08-18,US,Nebraska,Wheeler,1,0,0,41.91482725,-98.52798941,31183.0,255.42784159999997,0.0,1,1,0,0,1,1,805,0,0,0,0,0
2020-08-18,US,Nebraska,York,94,0,0,40.87272618,-97.59710186,31185.0,650.6323562000001,0.0,94,93,0,0,93,94,13772,1,0,0,1,-1
2020-08-18,US,Nevada,Carson City,391,8,0,39.15509045,-119.7480219,32510.0,699.2631805,2.046035806,383,388,8,0,380,388,55414,3,0,0,3,0
2020-08-18,US,Nevada,Churchill,87,1,0,39.58105744,-118.3394607,32001.0,349.2713477,1.1494252870000001,86,82,1,0,81,82,24440,5,0,0,5,0
2020-08-18,US,Nevada,Clark,54076,937,0,36.21458855,-115.0130241,32003.0,2385.655012,1.732746505,53139,53458,913,0,52545,52867,2231647,618,24,0,594,591
2020-08-18,US,Nevada,Douglas,216,1,0,38.912862,-119.61713329999999,32005.0,441.6726306,0.46296296299999995,215,216,1,0,215,216,48467,0,0,0,0,0
2020-08-18,US,Nevada,Elko,643,3,0,41.14531606,-115.3577619,32007.0,1218.3106599999999,0.466562986,640,640,3,0,637,640,52460,3,0,0,3,0
2020-08-18,US,Nevada,Eureka,5,0,0,39.98100864,-116.26832040000001,32011.0,246.42681119999997,0.0,5,5,0,0,5,5,2003,0,0,0,0,0
2020-08-18,US,Nevada,Humboldt,104,4,0,41.40692186,-118.11094270000001,32013.0,617.9074327000001,3.8461538460000004,100,104,4,0,100,104,16786,0,0,0,0,0
2020-08-18,US,Nevada,Lander,52,1,0,39.933223299999995,-117.03970749999999,32015.0,939.9855387,1.9230769230000002,51,52,1,0,51,52,5575,0,0,0,0,0
2020-08-18,US,Nevada,Lincoln,5,0,0,37.64268459,-114.8790388,32017.0,96.46922632,0.0,5,5,0,0,5,5,5201,0,0,0,0,0
2020-08-18,US,Nevada,Lyon,273,6,0,39.01777974,-119.18704790000001,32019.0,474.7000522,2.197802198,267,271,6,0,265,269,55808,2,0,0,2,2
2020-08-18,US,Nevada,Mineral,11,0,0,38.53841696,-118.4344506,32021.0,244.17314100000002,0.0,11,11,0,0,11,11,4514,0,0,0,0,0
2020-08-18,US,Nevada,Nye,441,13,0,38.04264256,-116.47227020000001,32023.0,947.918234,2.947845805,428,441,12,0,429,439,45346,0,1,0,-1,2
2020-08-18,US,Nevada,Pershing,15,0,0,40.44003782,-118.40056409999998,32027.0,223.04832709999997,0.0,15,14,0,0,14,14,6666,1,0,0,1,0
2020-08-18,US,Nevada,Storey,6,0,0,39.44875482,-119.5250207,32029.0,145.5251031,0.0,6,6,0,0,6,6,4029,0,0,0,0,0
2020-08-18,US,Nevada,Washoe,6297,127,0,40.66562265,-119.6631594,32031.0,1335.471105,2.016833413,6170,6258,127,0,6131,6191,465735,39,0,0,39,67
2020-08-18,US,Nevada,White Pine,17,1,0,39.44157041,-114.89996599999999,32033.0,177.45302709999999,5.882352941000001,16,16,1,0,15,16,9475,1,0,0,1,0
2020-08-18,US,New Hampshire,Belknap,121,4,0,43.51637314,-71.41684235,33001.0,197.3802261,3.305785124,117,121,4,0,117,121,61022,0,0,0,0,0
2020-08-18,US,New Hampshire,Carroll,98,1,0,43.87498583,-71.20430216,33003.0,200.3680229,1.020408163,97,96,1,0,95,96,48779,2,0,0,2,0
2020-08-18,US,New Hampshire,Cheshire,107,3,0,42.92015988,-72.25311043,33005.0,140.63218769999997,2.803738318,104,107,3,0,104,106,76493,0,0,0,0,1
2020-08-18,US,New Hampshire,Coos,17,0,0,44.69063265,-71.30633239,33007.0,53.8605329,0.0,17,17,0,0,17,17,31589,0,0,0,0,0
2020-08-18,US,New Hampshire,Grafton,107,1,0,43.93779815,-71.82057197,33009.0,119.03967250000001,0.9345794390000001,106,107,1,0,106,107,89786,0,0,0,0,0
2020-08-18,US,New Hampshire,Hillsborough,3948,281,0,42.91537785,-71.7200253,33011.0,946.705833,7.117527862,3667,3942,281,0,3661,3935,415247,6,0,0,6,7
2020-08-18,US,New Hampshire,Merrimack,475,23,0,43.29662971,-71.6811573,33013.0,313.7570926,4.8421052630000005,452,474,23,0,451,472,151132,1,0,0,1,2
2020-08-18,US,New Hampshire,Rockingham,1733,97,0,42.98499744,-71.12883377,33015.0,559.4491379,5.597230237000001,1636,1729,96,0,1633,1723,309176,4,1,0,3,6
2020-08-18,US,New Hampshire,Strafford,367,13,0,43.291833000000004,-71.02336013,33017.0,280.93973189999997,3.542234332,354,367,13,0,354,367,130090,0,0,0,0,0
2020-08-18,US,New Hampshire,Sullivan,44,1,0,43.36094111,-72.22203125,33019.0,101.979326,2.272727273,43,44,1,0,43,44,43144,0,0,0,0,0
2020-08-18,US,New Jersey,Atlantic,3618,254,0,39.47538693,-74.65848483,34001.0,1372.169758,7.020453289,3364,3602,253,0,3349,3585,265429,16,1,0,15,17
2020-08-18,US,New Jersey,Bergen,21303,2036,0,40.96010917,-74.07164325,34003.0,2285.234316,9.557339342,19267,21277,2036,0,19241,21195,936692,26,0,0,26,82
2020-08-18,US,New Jersey,Burlington,6175,478,0,39.87681124,-74.66927768,34005.0,1386.553018,7.7408906879999995,5697,6159,477,0,5682,6145,445384,16,1,0,15,14
2020-08-18,US,New Jersey,Camden,8845,583,0,39.80343818,-74.96388753,34007.0,1746.398116,6.591294517000001,8262,8820,583,0,8237,8793,507078,25,0,0,25,27
2020-08-18,US,New Jersey,Cape May,853,90,0,39.15008829,-74.80170244,34009.0,926.7810385,10.55099648,763,848,89,0,759,847,92560,5,1,0,4,1
2020-08-18,US,New Jersey,Cumberland,3441,158,0,39.37199394,-75.10712559,34011.0,2301.256629,4.5916884630000006,3283,3438,158,0,3280,3427,150972,3,0,0,3,11
2020-08-18,US,New Jersey,Essex,20001,2111,0,40.78681335,-74.24657979,34013.0,2503.332395,10.55447228,17890,19938,2111,0,17827,19927,799767,63,0,0,63,11
2020-08-18,US,New Jersey,Gloucester,3458,217,0,39.71581067,-75.13995546,34015.0,1185.7246699999998,6.275303644,3241,3445,215,0,3230,3413,291408,13,2,0,11,32
2020-08-18,US,New Jersey,Hudson,19936,1509,0,40.73766234,-74.07515667,34017.0,2964.94153,7.569221509,18427,19911,1508,0,18403,19892,676061,25,1,0,24,19
2020-08-18,US,New Jersey,Hunterdon,1165,124,0,40.56335249,-74.91284156,34019.0,936.7135425000001,10.64377682,1041,1163,124,0,1039,1161,124714,2,0,0,2,2
2020-08-18,US,New Jersey,Mercer,8211,623,0,40.28047017,-74.70479631,34021.0,2234.711374,7.5873827789999995,7588,8199,622,0,7577,8190,369811,12,1,0,11,9
2020-08-18,US,New Jersey,Middlesex,18133,1416,0,40.43629879,-74.41426991,34023.0,2197.774228,7.808967077,16717,18119,1415,0,16704,18099,829685,14,1,0,13,20
2020-08-18,US,New Jersey,Monmouth,10509,858,0,40.26549699,-74.22240686,34025.0,1698.3007300000002,8.164430487999999,9651,10496,858,0,9638,10474,621354,13,0,0,13,22
2020-08-18,US,New Jersey,Morris,7358,830,0,40.86095313,-74.54553709999999,34027.0,1495.9997560000002,11.280239199999999,6528,7350,830,0,6520,7341,494228,8,0,0,8,9
2020-08-18,US,New Jersey,Ocean,10805,1020,0,39.8895449,-74.28089251,34029.0,1779.5206079999998,9.44007404,9785,10763,1020,0,9743,10752,601651,42,0,0,42,11
2020-08-18,US,New Jersey,Passaic,18002,1245,0,41.03238628,-74.29954144,34031.0,3587.2991829999996,6.915898234,16757,17963,1244,0,16719,17950,503310,39,1,0,38,13
2020-08-18,US,New Jersey,Salem,937,87,0,39.58719656,-75.34696629999999,34033.0,1501.9636130000001,9.284951974,850,933,87,0,846,930,62607,4,0,0,4,3
2020-08-18,US,New Jersey,Somerset,5323,566,0,40.56465737,-74.61683016,34035.0,1618.257766,10.63310163,4757,5317,566,0,4751,5307,331164,6,0,0,6,10
2020-08-18,US,New Jersey,Sussex,1355,198,0,41.13891592,-74.69118243,34037.0,964.4951882000001,14.61254613,1157,1353,198,0,1155,1351,140799,2,0,0,2,2
2020-08-18,US,New Jersey,Unassigned,402,0,0,0.0,0.0,90034.0,0.0,0.0,402,426,0,0,426,442,,-24,0,0,-24,-16
2020-08-18,US,New Jersey,Union,16898,1350,0,40.65835409,-74.30680092,34039.0,3037.345801,7.989111137,15548,16879,1350,0,15529,16869,558067,19,0,0,19,10
2020-08-18,US,New Jersey,Warren,1370,172,0,40.85951833,-74.99556527,34041.0,1301.452497,12.55474453,1198,1368,172,0,1196,1365,105779,2,0,0,2,3
2020-08-18,US,New Mexico,Bernalillo,5383,140,0,35.05163625,-106.6703554,35001.0,792.6422537000001,2.600780234,5243,5365,139,0,5226,5337,678701,18,1,0,17,28
2020-08-18,US,New Mexico,Catron,5,1,0,33.91514144,-108.4046587,35003.0,141.76353840000002,20.0,4,6,1,0,5,6,3578,-1,0,0,-1,0
2020-08-18,US,New Mexico,Chaves,548,6,0,33.36406072,-104.4665365,35005.0,848.1002863,1.094890511,542,544,6,0,538,538,64689,4,0,0,4,6
2020-08-18,US,New Mexico,Cibola,385,19,0,34.91131525,-107.998876,35006.0,1443.298969,4.935064935,366,383,19,0,364,381,26746,2,0,0,2,2
2020-08-18,US,New Mexico,Colfax,19,1,0,36.60569702,-104.64726740000002,35007.0,159.115652,5.263157895,18,18,1,0,17,18,12110,1,0,0,1,0
2020-08-18,US,New Mexico,Curry,603,3,0,34.57421077,-103.34688759999999,35009.0,1231.768599,0.49751243799999995,600,597,3,0,594,594,49437,6,0,0,6,3
2020-08-18,US,New Mexico,Dona Ana,2648,36,0,32.35275771,-106.83293870000001,35013.0,1213.593345,1.3595166159999998,2612,2640,35,0,2605,2630,217522,8,1,0,7,10
2020-08-18,US,New Mexico,Eddy,379,5,0,32.47167456,-104.3053527,35015.0,648.3065343999999,1.319261214,374,376,5,0,371,373,57900,3,0,0,3,3
2020-08-18,US,New Mexico,Grant,72,2,0,32.73911281,-108.3827845,35017.0,266.6864212,2.777777778,70,72,2,0,70,72,27346,0,0,0,0,0
2020-08-18,US,New Mexico,Guadalupe,32,0,0,34.86319296,-104.790669,35019.0,744.1860465,0.0,32,32,0,0,32,32,4341,0,0,0,0,0
2020-08-18,US,New Mexico,Harding,2,0,0,35.85751555,-103.82209379999999,35021.0,320.0,0.0,2,2,0,0,2,2,655,0,0,0,0,0
2020-08-18,US,New Mexico,Hidalgo,93,0,0,31.91383467,-108.7151824,35023.0,2215.3406379999997,0.0,93,93,0,0,93,90,4240,0,0,0,0,3
2020-08-18,US,New Mexico,Lea,942,7,0,32.79215361,-103.4123733,35025.0,1325.4537779999998,0.743099788,935,930,6,0,924,922,69611,12,1,0,11,8
2020-08-18,US,New Mexico,Lincoln,157,2,0,33.74526079,-105.4586166,35027.0,802.1663601,1.27388535,155,157,2,0,155,155,19556,0,0,0,0,2
2020-08-18,US,New Mexico,Los Alamos,23,0,0,35.86631386,-106.31349850000001,35028.0,118.7464505,0.0,23,24,0,0,24,24,19101,-1,0,0,-1,0
2020-08-18,US,New Mexico,Luna,257,5,0,32.18179341,-107.75088259999998,35029.0,1083.976549,1.945525292,252,257,5,0,252,257,23963,0,0,0,0,0
2020-08-18,US,New Mexico,McKinley,4131,234,0,35.580077200000005,-108.262245,35031.0,5788.389592,5.664488017,3897,4125,233,0,3892,4121,72290,6,1,0,5,4
2020-08-18,US,New Mexico,Mora,6,0,0,36.01095101,-104.9497716,35033.0,132.7140013,0.0,6,6,0,0,6,6,4506,0,0,0,0,0
2020-08-18,US,New Mexico,Otero,211,11,0,32.61348406,-105.7417604,35035.0,312.6389095,5.213270142,200,209,11,0,198,209,66781,2,0,0,2,0
2020-08-18,US,New Mexico,Quay,51,1,0,35.10403332,-103.54817270000001,35037.0,617.9571065,1.960784314,50,50,1,0,49,50,8253,1,0,0,1,0
2020-08-18,US,New Mexico,Rio Arriba,327,10,0,36.51072137,-106.69316740000001,35039.0,840.1634079,3.0581039760000004,317,326,10,0,316,326,39006,1,0,0,1,0
2020-08-18,US,New Mexico,Roosevelt,176,1,0,34.02097406,-103.4799493,35041.0,951.3513514,0.568181818,175,175,1,0,174,175,18743,1,0,0,1,0
2020-08-18,US,New Mexico,San Juan,3106,188,0,36.50838318,-108.32043700000001,35045.0,2505.68741,6.05280103,2918,3104,187,0,2917,3102,125043,2,1,0,1,2
2020-08-18,US,New Mexico,San Miguel,55,0,0,35.48014807,-104.8163562,35047.0,201.63507719999998,0.0,55,55,0,0,55,53,27591,0,0,0,0,2
2020-08-18,US,New Mexico,Sandoval,1162,33,0,35.68862401,-106.86878030000001,35043.0,791.8336195,2.839931153,1129,1161,33,0,1128,1158,145179,1,0,0,1,3
2020-08-18,US,New Mexico,Santa Fe,711,3,0,35.50708973,-105.9774716,35049.0,472.8714136,0.421940928,708,701,3,0,698,695,150056,10,0,0,10,6
2020-08-18,US,New Mexico,Sierra,34,1,0,33.13028233,-107.1925893,35051.0,315.0773793,2.9411764710000003,33,34,1,0,33,34,10968,0,0,0,0,0
2020-08-18,US,New Mexico,Socorro,75,6,0,34.00715494,-106.9298354,35053.0,450.8024283,8.0,69,75,6,0,69,75,16735,0,0,0,0,0
2020-08-18,US,New Mexico,Taos,116,1,0,36.58006022,-105.63101979999999,35055.0,354.4907252,0.8620689659999999,115,115,1,0,114,115,32835,1,0,0,1,0
2020-08-18,US,New Mexico,Torrance,63,1,0,34.64048375,-105.8508949,35057.0,407.4768773,1.5873015869999998,62,63,1,0,62,63,15591,0,0,0,0,0
2020-08-18,US,New Mexico,Unassigned,1311,0,0,0.0,0.0,90035.0,0.0,0.0,1311,1311,0,0,1311,1305,,0,0,0,0,6
2020-08-18,US,New Mexico,Union,30,2,0,36.48126404,-103.4709624,35059.0,739.0983001,6.666666667,28,30,2,0,28,30,4118,0,0,0,0,0
2020-08-18,US,New Mexico,Valencia,466,4,0,34.71669834,-106.8103733,35061.0,607.6569998,0.858369099,462,464,4,0,460,460,76456,2,0,0,2,4
2020-08-18,US,New York,Albany,2661,129,0,42.60060306,-73.97723916,36001.0,871.0139899000001,4.847801578,2532,2657,129,0,2528,2654,307117,4,0,0,4,3
2020-08-18,US,New York,Allegany,80,1,0,42.25748406,-78.02750466,36003.0,173.5696774,1.25,79,80,1,0,79,80,46430,0,0,0,0,0
2020-08-18,US,New York,Broome,1177,69,0,42.15903158,-75.81326086,36007.0,617.886691,5.862361937,1108,1172,69,0,1103,1166,191659,5,0,0,5,6
2020-08-18,US,New York,Cattaraugus,172,6,0,42.24778241,-78.67923096,36009.0,225.96791780000004,3.488372093,166,171,6,0,165,171,76840,1,0,0,1,0
2020-08-18,US,New York,Cayuga,164,2,0,42.91261714,-76.55731592,36011.0,214.1663184,1.219512195,162,164,2,0,162,164,77145,0,0,0,0,0
2020-08-18,US,New York,Chautauqua,271,9,0,42.227692100000006,-79.36691763,36013.0,213.54893109999998,3.32103321,262,265,9,0,256,263,127939,6,0,0,6,2
2020-08-18,US,New York,Chemung,190,3,0,42.13891056,-76.7638805,36015.0,227.6648773,1.5789473680000001,187,190,3,0,187,189,84254,0,0,0,0,1
2020-08-18,US,New York,Chenango,218,6,0,42.49430041,-75.60887553,36017.0,461.79592010000005,2.752293578,212,218,6,0,212,218,47536,0,0,0,0,0
2020-08-18,US,New York,Clinton,134,4,0,44.74530905,-73.67875352,36019.0,166.4906504,2.985074627,130,133,4,0,129,132,80695,1,0,0,1,1
2020-08-18,US,New York,Columbia,558,37,0,42.24819348,-73.63089095,36021.0,938.4302316,6.630824372999999,521,552,37,0,515,552,59916,6,0,0,6,0
2020-08-18,US,New York,Cortland,97,0,0,42.59509207,-76.07048931,36023.0,203.8628864,0.0,97,97,0,0,97,97,47823,0,0,0,0,0
2020-08-18,US,New York,Delaware,107,4,0,42.19837623,-74.96709306,36025.0,242.4379744,3.738317757,103,107,4,0,103,107,44527,0,0,0,0,0
2020-08-18,US,New York,Dutchess,4704,153,0,41.764860600000006,-73.74356679,36027.0,1598.814484,3.25255102,4551,4700,153,0,4547,4686,293718,4,0,0,4,14
2020-08-18,US,New York,Erie,9187,674,0,42.76249024,-78.73063652,36029.0,999.997823,7.336453685,8513,9157,674,0,8483,9147,919719,30,0,0,30,10
2020-08-18,US,New York,Essex,63,0,0,44.11630765,-73.77297842,36031.0,170.8011387,0.0,63,59,0,0,59,59,37300,4,0,0,4,0
2020-08-18,US,New York,Franklin,55,0,0,44.59040891,-74.29926032,36033.0,109.9516213,0.0,55,54,0,0,54,54,50293,1,0,0,1,0
2020-08-18,US,New York,Fulton,305,24,0,43.11363907,-74.41798804,36035.0,571.3429369,7.868852459,281,303,24,0,279,303,53591,2,0,0,2,0
2020-08-18,US,New York,Genesee,288,5,0,43.0022601,-78.19135193,36037.0,502.7932961,1.736111111,283,285,5,0,280,285,57511,3,0,0,3,0
2020-08-18,US,New York,Greene,300,18,0,42.275797,-74.12384884,36039.0,635.7548529000001,6.0,282,298,18,0,280,298,47491,2,0,0,2,0
2020-08-18,US,New York,Hamilton,11,0,0,43.66146647,-74.49721957,36041.0,249.0942029,0.0,11,11,0,0,11,11,4434,0,0,0,0,0
2020-08-18,US,New York,Herkimer,284,4,0,43.42034246,-74.96145307,36043.0,463.1517148,1.408450704,280,284,4,0,280,283,61833,0,0,0,0,1
2020-08-18,US,New York,Jefferson,143,0,0,44.04200959,-75.94653457,36045.0,130.1964783,0.0,143,143,0,0,143,143,111755,0,0,0,0,0
2020-08-18,US,New York,Lewis,47,0,0,43.784415700000004,-75.44903992,36049.0,178.7344083,0.0,47,47,0,0,47,47,26447,0,0,0,0,0
2020-08-18,US,New York,Livingston,178,8,0,42.72596275,-77.77966158,36051.0,282.92589879999997,4.494382022,170,178,8,0,170,178,63227,0,0,0,0,0
2020-08-18,US,New York,Madison,423,17,0,42.91653905,-75.67266639,36053.0,596.2701400000001,4.01891253,406,421,17,0,404,421,70795,2,0,0,2,0
2020-08-18,US,New York,Monroe,5213,285,0,43.14638895,-77.69322942,36055.0,702.7784892999999,5.467101477000001,4928,5183,285,0,4898,5165,742474,30,0,0,30,18
2020-08-18,US,New York,Montgomery,188,4,0,42.90123494,-74.44011632,36057.0,381.9507934,2.127659574,184,188,4,0,184,187,49455,0,0,0,0,1
2020-08-18,US,New York,Nassau,44001,2195,0,40.74066522,-73.58941873,36059.0,3242.701876,4.988522988,41806,43955,2195,0,41760,43929,1358343,46,0,0,46,26
2020-08-18,US,New York,New York City,230742,23642,0,40.767272600000005,-73.97152637,36061.0,2767.746971,10.2460757,207100,230458,23634,0,206824,230223,1628701,284,8,0,276,235
2020-08-18,US,New York,Niagara,1535,98,0,43.19898042,-78.74777412,36063.0,733.4636207000001,6.384364821,1437,1532,98,0,1434,1532,210433,3,0,0,3,0
2020-08-18,US,New York,Oneida,2213,117,0,43.24375382,-75.43710392,36065.0,967.765917,5.286940803999999,2096,2201,117,0,2084,2198,229577,12,0,0,12,3
2020-08-18,US,New York,Onondaga,3696,203,0,43.00491923,-76.19971155,36067.0,802.5570649,5.492424242,3493,3680,203,0,3477,3674,461809,16,0,0,16,6
2020-08-18,US,New York,Ontario,371,34,0,42.85145728,-77.30874425,36069.0,337.95786,9.164420485,337,369,34,0,335,368,109864,2,0,0,2,1
2020-08-18,US,New York,Orange,11269,491,0,41.40337468,-74.30240757,36071.0,2927.469216,4.357085811,10778,11256,491,0,10765,11254,381951,13,0,0,13,2
2020-08-18,US,New York,Orleans,302,54,0,43.2516977,-78.2320066,36073.0,748.4139572,17.8807947,248,302,54,0,248,301,40612,0,0,0,0,1
2020-08-18,US,New York,Oswego,272,3,0,43.42778894,-76.14635194,36075.0,232.2325057,1.1029411759999999,269,272,3,0,269,271,117898,0,0,0,0,1
2020-08-18,US,New York,Otsego,120,5,0,42.63492579,-75.03151402,36077.0,201.70440219999998,4.166666667,115,118,5,0,113,118,59749,2,0,0,2,0
2020-08-18,US,New York,Putnam,1463,63,0,41.42630093,-73.74965532,36079.0,1487.9983730000001,4.3062200960000006,1400,1463,63,0,1400,1461,98892,0,0,0,0,2
2020-08-18,US,New York,Rensselaer,801,38,0,42.71348136,-73.51089874,36083.0,504.68137659999996,4.744069913,763,795,38,0,757,795,159442,6,0,0,6,0
2020-08-18,US,New York,Rockland,14053,674,0,41.15027894,-74.02560498,36087.0,4313.528081,4.79612894,13379,14011,674,0,13337,14007,325695,42,0,0,42,4
2020-08-18,US,New York,Saratoga,800,17,0,43.10904162,-73.86653895,36091.0,348.0333938,2.125,783,795,17,0,778,792,230163,5,0,0,5,3
2020-08-18,US,New York,Schenectady,1130,37,0,42.81668777,-74.05278291,36093.0,727.6286388999999,3.2743362830000002,1093,1121,37,0,1084,1119,155350,9,0,0,9,2
2020-08-18,US,New York,Schoharie,69,0,0,42.58831742,-74.44339029999999,36095.0,222.5878254,0.0,69,69,0,0,69,69,31097,0,0,0,0,0
2020-08-18,US,New York,Schuyler,23,0,0,42.39184015,-76.8773299,36097.0,129.1626888,0.0,23,23,0,0,23,23,17912,0,0,0,0,0
2020-08-18,US,New York,Seneca,95,3,0,42.78081007,-76.82497064,36099.0,279.2803387,3.157894737,92,94,3,0,91,93,34300,1,0,0,1,1
2020-08-18,US,New York,St. Lawrence,263,4,0,44.4976179,-75.06550039,36089.0,244.1061815,1.520912548,259,263,4,0,259,263,108047,0,0,0,0,0
2020-08-18,US,New York,Steuben,307,42,0,42.2689144,-77.3829924,36101.0,321.8737877,13.68078176,265,307,42,0,265,306,95796,0,0,0,0,1
2020-08-18,US,New York,Suffolk,44235,2000,0,40.88320119,-72.8012172,36103.0,2995.731413,4.521306658,42235,44185,1998,0,42187,44159,1481093,50,2,0,48,26
2020-08-18,US,New York,Sullivan,1493,48,0,41.71579493,-74.76394559,36105.0,1979.266094,3.215003349,1445,1493,48,0,1445,1493,75498,0,0,0,0,0
2020-08-18,US,New York,Tioga,198,25,0,42.16852837,-76.30835812,36107.0,410.76281560000007,12.62626263,173,196,25,0,171,195,48560,2,0,0,2,1
2020-08-18,US,New York,Tompkins,238,0,0,42.44945765,-76.47229843,36109.0,232.922294,0.0,238,238,0,0,238,238,102793,0,0,0,0,0
2020-08-18,US,New York,Ulster,2100,92,0,41.89027881,-74.26252104,36111.0,1182.612221,4.380952381,2008,2098,92,0,2006,2095,178599,2,0,0,2,3
2020-08-18,US,New York,Warren,313,33,0,43.56173026,-73.8433699,36113.0,489.49080449999997,10.54313099,280,312,33,0,279,312,64265,1,0,0,1,0
2020-08-18,US,New York,Washington,262,14,0,43.31153794,-73.43043448,36115.0,428.07659630000006,5.34351145,248,261,14,0,247,261,61197,1,0,0,1,0
2020-08-18,US,New York,Wayne,270,3,0,43.15494365,-77.02976528,36117.0,300.27358260000005,1.111111111,267,269,3,0,266,269,90064,1,0,0,1,0
2020-08-18,US,New York,Westchester,36540,1448,0,41.16278376,-73.75741653,36119.0,3776.720765,3.962780515,35092,36486,1447,0,35039,36453,967612,54,1,0,53,33
2020-08-18,US,New York,Wyoming,120,5,0,42.70145109,-78.22199579,36121.0,301.0612409,4.166666667,115,118,5,0,113,118,40085,2,0,0,2,0
2020-08-18,US,New York,Yates,59,7,0,42.63505484,-77.10369919,36123.0,236.824148,11.86440678,52,59,7,0,52,59,24841,0,0,0,0,0
2020-08-18,US,North Carolina,Alamance,2681,42,0,36.0434701,-79.39976137,37001.0,1581.626934,1.566579634,2639,2653,42,0,2611,2639,166436,28,0,0,28,14
2020-08-18,US,North Carolina,Alexander,346,2,0,35.922379600000006,-81.17751948,37003.0,922.7404859,0.5780346820000001,344,342,2,0,340,338,37353,4,0,0,4,4
2020-08-18,US,North Carolina,Alleghany,181,0,0,36.49360862,-81.12857041,37005.0,1625.213253,0.0,181,180,0,0,180,179,11161,1,0,0,1,1
2020-08-18,US,North Carolina,Anson,381,3,0,34.97403241,-80.09953279,37007.0,1558.537184,0.787401575,378,377,3,0,374,374,24877,4,0,0,4,3
2020-08-18,US,North Carolina,Ashe,175,1,0,36.43296207,-81.49862729,37009.0,643.3113995,0.571428571,174,174,1,0,173,174,27109,1,0,0,1,0
2020-08-18,US,North Carolina,Avery,110,0,0,36.07569796,-81.92308483,37011.0,626.5307285,0.0,110,108,0,0,108,107,17505,2,0,0,2,1
2020-08-18,US,North Carolina,Beaufort,462,2,0,35.48531943,-76.84325809,37013.0,983.1042261,0.432900433,460,460,2,0,458,448,47079,2,0,0,2,12
2020-08-18,US,North Carolina,Bertie,326,5,0,36.0688473,-76.96545943,37015.0,1720.589011,1.533742331,321,323,5,0,318,317,19026,3,0,0,3,6
2020-08-18,US,North Carolina,Bladen,658,8,0,34.61296243,-78.56180059,37017.0,2010.8795309999998,1.215805471,650,653,7,0,646,652,33190,5,1,0,4,1
2020-08-18,US,North Carolina,Brunswick,1326,22,0,34.070565,-78.22814204,37019.0,928.4413947999999,1.659125189,1304,1312,22,0,1290,1310,136744,14,0,0,14,2
2020-08-18,US,North Carolina,Buncombe,2113,54,0,35.61113393,-82.53305,37021.0,808.9865271000001,2.55560814,2059,2092,54,0,2038,2079,259103,21,0,0,21,13
2020-08-18,US,North Carolina,Burke,1720,27,0,35.74989637,-81.70755735,37023.0,1900.8675469999998,1.5697674419999998,1693,1716,27,0,1689,1710,90382,4,0,0,4,6
2020-08-18,US,North Carolina,Cabarrus,2828,50,0,35.3877799,-80.55267168,37025.0,1306.519198,1.7680339459999999,2778,2809,50,0,2759,2803,211342,19,0,0,19,6
2020-08-18,US,North Carolina,Caldwell,1295,14,0,35.95204977,-81.54799522,37027.0,1575.84755,1.081081081,1281,1283,13,0,1270,1277,82029,12,1,0,11,6
2020-08-18,US,North Carolina,Camden,79,2,0,36.33804939,-76.15568396,37029.0,726.9715653,2.53164557,77,78,2,0,76,76,10710,1,0,0,1,2
2020-08-18,US,North Carolina,Carteret,385,5,0,34.8932941,-76.54120135,37031.0,554.1721244,1.298701299,380,381,5,0,376,377,69524,4,0,0,4,4
2020-08-18,US,North Carolina,Caswell,203,2,0,36.39312665,-79.33353281,37033.0,898.0711379,0.985221675,201,203,2,0,201,201,22698,0,0,0,0,2
2020-08-18,US,North Carolina,Catawba,2288,35,0,35.66211129,-81.2132617,37035.0,1434.02423,1.52972028,2253,2266,33,0,2233,2265,158652,22,2,0,20,1
2020-08-18,US,North Carolina,Chatham,1372,55,0,35.70394416,-79.25541492,37037.0,1842.352625,4.0087463560000005,1317,1363,55,0,1308,1353,73139,9,0,0,9,10
2020-08-18,US,North Carolina,Cherokee,299,4,0,35.1349263,-84.05970864,37039.0,1045.016077,1.337792642,295,294,4,0,290,294,28383,5,0,0,5,0
2020-08-18,US,North Carolina,Chowan,168,2,0,36.12908077,-76.60118385,37041.0,1204.905687,1.19047619,166,167,2,0,165,166,14029,1,0,0,1,1
2020-08-18,US,North Carolina,Clay,76,1,0,35.05704275,-83.74353633,37043.0,676.698424,1.315789474,75,76,1,0,75,76,11139,0,0,0,0,0
2020-08-18,US,North Carolina,Cleveland,1341,24,0,35.33553364,-81.55204486,37045.0,1369.107783,1.7897091719999998,1317,1332,24,0,1308,1322,97645,9,0,0,9,10
2020-08-18,US,North Carolina,Columbus,990,50,0,34.26744084,-78.65801424,37047.0,1783.5266989999998,5.050505051,940,973,48,0,925,973,55655,17,2,0,15,0
2020-08-18,US,North Carolina,Craven,792,19,0,35.11833364,-77.08398081,37049.0,775.4138967,2.398989899,773,785,18,0,767,784,102912,7,1,0,6,1
2020-08-18,US,North Carolina,Cumberland,3493,61,0,35.04762133,-78.82623165,37051.0,1041.10471,1.7463498430000002,3432,3434,56,0,3378,3425,332330,59,5,0,54,9
2020-08-18,US,North Carolina,Currituck,85,0,0,36.36123664,-75.95876401,37053.0,306.1628787,0.0,85,83,0,0,83,83,27072,2,0,0,2,0
2020-08-18,US,North Carolina,Dare,216,2,0,35.66520691,-75.71767334,37055.0,583.6418169,0.9259259259999999,214,215,2,0,213,212,36501,1,0,0,1,3
2020-08-18,US,North Carolina,Davidson,1913,26,0,35.79115496,-80.21256572,37057.0,1141.346825,1.359121798,1887,1886,23,0,1863,1879,166614,27,3,0,24,7
2020-08-18,US,North Carolina,Davie,443,5,0,35.93099927,-80.54496571,37059.0,1033.93549,1.128668172,438,439,5,0,434,437,42733,4,0,0,4,2
2020-08-18,US,North Carolina,Duplin,2030,49,0,34.93449805,-77.93140529,37061.0,3455.8485560000004,2.413793103,1981,2025,49,0,1976,2027,58856,5,0,0,5,-2
2020-08-18,US,North Carolina,Durham,6447,81,0,36.03638492,-78.87608331,37063.0,2005.362564,1.256398325,6366,6428,79,0,6349,6409,316739,19,2,0,17,19
2020-08-18,US,North Carolina,Edgecombe,753,14,0,35.91230639,-77.59436892,37065.0,1462.931302,1.8592297480000002,739,745,13,0,732,736,52005,8,1,0,7,9
2020-08-18,US,North Carolina,Forsyth,5601,60,0,36.12859861,-80.25459052,37067.0,1465.098942,1.071237279,5541,5561,56,0,5505,5552,379099,40,4,0,36,9
2020-08-18,US,North Carolina,Franklin,934,28,0,36.081519,-78.28708884,37069.0,1340.317141,2.997858672,906,932,26,0,906,929,67560,2,2,0,0,3
2020-08-18,US,North Carolina,Gaston,3636,58,0,35.29373559,-81.17477045,37071.0,1619.389923,1.5951595159999998,3578,3579,57,0,3522,3570,222846,57,1,0,56,9
2020-08-18,US,North Carolina,Gates,58,2,0,36.44667547,-76.69749701,37073.0,501.64331430000004,3.448275862,56,57,2,0,55,55,11573,1,0,0,1,2
2020-08-18,US,North Carolina,Graham,49,0,0,35.3506925,-83.83369267,37075.0,580.4999408,0.0,49,49,0,0,49,46,8484,0,0,0,0,3
2020-08-18,US,North Carolina,Granville,1364,29,0,36.30337451,-78.65184241,37077.0,2256.671575,2.126099707,1335,1360,29,0,1331,1353,60115,4,0,0,4,7
2020-08-18,US,North Carolina,Greene,346,3,0,35.48544173,-77.67578087,37079.0,1642.223171,0.867052023,343,343,3,0,340,342,21012,3,0,0,3,1
2020-08-18,US,North Carolina,Guilford,6025,160,0,36.07959451,-79.78824948,37081.0,1121.610502,2.65560166,5865,5974,158,0,5816,5959,533670,51,2,0,49,15
2020-08-18,US,North Carolina,Halifax,761,8,0,36.25669272,-77.6556109,37083.0,1521.695661,1.051248357,753,755,8,0,747,754,50574,6,0,0,6,1
2020-08-18,US,North Carolina,Harnett,1432,41,0,35.36731853,-78.87243571,37085.0,1053.1270220000001,2.863128492,1391,1414,40,0,1374,1412,134214,18,1,0,17,2
2020-08-18,US,North Carolina,Haywood,467,24,0,35.55269063,-82.98196486,37087.0,749.3942262999999,5.139186296,443,463,24,0,439,460,61971,4,0,0,4,3
2020-08-18,US,North Carolina,Henderson,1575,58,0,35.33788927,-82.4766782,37089.0,1341.373055,3.6825396830000003,1517,1568,56,0,1512,1558,116748,7,2,0,5,10
2020-08-18,US,North Carolina,Hertford,410,12,0,36.3607755,-76.98104134,37091.0,1731.6382989999997,2.926829268,398,404,11,0,393,401,23659,6,1,0,5,3
2020-08-18,US,North Carolina,Hoke,788,12,0,35.01888303,-79.23651674,37093.0,1426.657494,1.52284264,776,782,11,0,771,780,54764,6,1,0,5,2
2020-08-18,US,North Carolina,Hyde,62,0,0,35.42017674,-76.15180542,37095.0,1255.823375,0.0,62,58,0,0,58,57,5230,4,0,0,4,1
2020-08-18,US,North Carolina,Iredell,2026,17,0,35.80950511,-80.8743128,37097.0,1114.374663,0.8390918070000001,2009,2013,17,0,1996,2010,178435,13,0,0,13,3
2020-08-18,US,North Carolina,Jackson,460,7,0,35.28814273,-83.14093385,37099.0,1046.929765,1.52173913,453,460,7,0,453,460,43327,0,0,0,0,0
2020-08-18,US,North Carolina,Johnston,3461,47,0,35.51745004,-78.36622717,37101.0,1653.299194,1.3579890209999999,3414,3444,45,0,3399,3435,202675,17,2,0,15,9
2020-08-18,US,North Carolina,Jones,113,4,0,35.02254606,-77.35870791,37103.0,1199.7027289999999,3.5398230089999996,109,114,4,0,110,113,9637,-1,0,0,-1,1
2020-08-18,US,North Carolina,Lee,1342,11,0,35.47623147,-79.17569362,37105.0,2172.2591820000002,0.8196721309999999,1331,1339,11,0,1328,1335,61452,3,0,0,3,4
2020-08-18,US,North Carolina,Lenoir,649,11,0,35.240325899999995,-77.64245615,37107.0,1159.984986,1.694915254,638,646,11,0,635,642,55976,3,0,0,3,4
2020-08-18,US,North Carolina,Lincoln,939,10,0,35.48508185,-81.21740317,37109.0,1090.45302,1.0649627259999999,929,933,10,0,923,930,83770,6,0,0,6,3
2020-08-18,US,North Carolina,Macon,480,2,0,35.14867843,-83.41696617,37113.0,1338.61342,0.41666666700000005,478,480,2,0,478,478,35285,0,0,0,0,2
2020-08-18,US,North Carolina,Madison,49,1,0,35.85402722,-82.71346418,37115.0,225.23557799999998,2.040816327,48,49,1,0,48,49,21763,0,0,0,0,0
2020-08-18,US,North Carolina,Martin,286,7,0,35.84326734,-77.10860251,37117.0,1274.5098039999998,2.447552448,279,285,6,0,279,282,22671,1,1,0,0,3
2020-08-18,US,North Carolina,McDowell,720,21,0,35.67736232,-82.0482425,37111.0,1573.564123,2.916666667,699,714,20,0,694,713,45507,6,1,0,5,1
2020-08-18,US,North Carolina,Mecklenburg,23318,259,0,35.24469268,-80.8317671,37119.0,2100.047192,1.110729908,23059,23164,258,0,22906,23110,1093901,154,1,0,153,54
2020-08-18,US,North Carolina,Mitchell,80,3,0,36.01059309,-82.1582442,37121.0,534.6164127000001,3.75,77,80,3,0,77,80,15000,0,0,0,0,0
2020-08-18,US,North Carolina,Montgomery,722,16,0,35.33155144,-79.90416657,37123.0,2657.049277,2.216066482,706,714,16,0,698,701,27271,8,0,0,8,13
2020-08-18,US,North Carolina,Moore,1108,20,0,35.30885257,-79.48474178,37125.0,1098.334655,1.8050541519999999,1088,1105,20,0,1085,1093,98682,3,0,0,3,12
2020-08-18,US,North Carolina,Nash,1359,16,0,35.96575634,-77.98422508,37127.0,1441.175847,1.177336277,1343,1335,14,0,1321,1333,94016,24,2,0,22,2
2020-08-18,US,North Carolina,New Hanover,2729,21,0,34.25758282,-77.87075626,37129.0,1163.886674,0.769512642,2708,2710,21,0,2689,2704,232274,19,0,0,19,6
2020-08-18,US,North Carolina,Northampton,321,16,0,36.41736238,-77.39769443,37131.0,1647.590207,4.9844236760000005,305,319,16,0,303,319,19676,2,0,0,2,0
2020-08-18,US,North Carolina,Onslow,1242,12,0,34.72607366,-77.42908179,37133.0,627.4692075,0.966183575,1230,1208,12,0,1196,1200,197683,34,0,0,34,8
2020-08-18,US,North Carolina,Orange,1514,48,0,36.06092947,-79.12167935,37135.0,1019.693418,3.1704095110000003,1466,1475,48,0,1427,1447,146027,39,0,0,39,28
2020-08-18,US,North Carolina,Pamlico,74,1,0,35.15253315,-76.66559823,37137.0,581.4867201000001,1.351351351,73,74,1,0,73,74,12670,0,0,0,0,0
2020-08-18,US,North Carolina,Pasquotank,458,21,0,36.26723798,-76.25134778,37139.0,1150.060265,4.585152838,437,456,20,0,436,447,39639,2,1,0,1,9
2020-08-18,US,North Carolina,Pender,705,4,0,34.52265624,-77.90352133,37141.0,1117.9828730000002,0.5673758870000001,701,696,3,0,693,696,62162,9,1,0,8,0
2020-08-18,US,North Carolina,Perquimans,93,2,0,36.17847453,-76.40603143,37143.0,690.7821437000001,2.150537634,91,93,2,0,91,93,13422,0,0,0,0,0
2020-08-18,US,North Carolina,Person,250,2,0,36.38989032,-78.97217358,37145.0,633.0716637,0.8,248,247,2,0,245,247,39507,3,0,0,3,0
2020-08-18,US,North Carolina,Pitt,2341,14,0,35.59535426,-77.37353178,37147.0,1295.2163859999998,0.598035028,2327,2308,14,0,2294,2278,179914,33,0,0,33,30
2020-08-18,US,North Carolina,Polk,184,6,0,35.27820615,-82.16812354,37149.0,887.8594866000001,3.260869565,178,182,6,0,176,177,20611,2,0,0,2,5
2020-08-18,US,North Carolina,Randolph,2269,39,0,35.71015088,-79.80570339,37151.0,1579.346684,1.718818863,2230,2256,39,0,2217,2250,143351,13,0,0,13,6
2020-08-18,US,North Carolina,Richmond,573,9,0,35.00417719,-79.74491009,37153.0,1278.190457,1.570680628,564,569,9,0,560,562,44887,4,0,0,4,7
2020-08-18,US,North Carolina,Robeson,3067,56,0,34.64244496,-79.10250529999999,37155.0,2347.942584,1.82588849,3011,3039,56,0,2983,3023,131831,28,0,0,28,16
2020-08-18,US,North Carolina,Rockingham,626,6,0,36.39593137,-79.77504841,37157.0,687.8365014999999,0.9584664540000001,620,594,6,0,588,592,90690,32,0,0,32,2
2020-08-18,US,North Carolina,Rowan,2390,51,0,35.64003916,-80.52446628,37159.0,1682.0561910000001,2.133891213,2339,2367,51,0,2316,2359,141262,23,0,0,23,8
2020-08-18,US,North Carolina,Rutherford,843,14,0,35.40114178,-81.92112099,37161.0,1257.664593,1.660735469,829,837,14,0,823,820,66826,6,0,0,6,17
2020-08-18,US,North Carolina,Sampson,1517,19,0,34.98820368,-78.36914061,37163.0,2387.810675,1.252471984,1498,1518,19,0,1499,1513,63626,-1,0,0,-1,5
2020-08-18,US,North Carolina,Scotland,448,6,0,34.8386299,-79.4757978,37165.0,1286.5060449999999,1.339285714,442,436,5,0,431,432,34810,12,1,0,11,4
2020-08-18,US,North Carolina,Stanly,1261,31,0,35.31647813,-80.25093221,37167.0,2007.7699579999999,2.458366376,1230,1237,31,0,1206,1235,62075,24,0,0,24,2
2020-08-18,US,North Carolina,Stokes,306,3,0,36.4017975,-80.23893369,37169.0,671.1851022999999,0.980392157,303,303,3,0,300,304,45467,3,0,0,3,-1
2020-08-18,US,North Carolina,Surry,1009,11,0,36.41689489,-80.69102283,37171.0,1405.6252869999998,1.090188305,998,1007,10,0,997,1005,71948,2,1,0,1,2
2020-08-18,US,North Carolina,Swain,122,2,0,35.48665845,-83.48748932,37173.0,854.8805269,1.6393442619999998,120,121,2,0,119,120,14245,1,0,0,1,1
2020-08-18,US,North Carolina,Transylvania,164,1,0,35.20383864,-82.79638423,37175.0,476.95215939999997,0.609756098,163,161,1,0,160,161,34215,3,0,0,3,0
2020-08-18,US,North Carolina,Tyrrell,103,2,0,35.87147226,-76.17055253,37177.0,2564.741036,1.9417475730000002,101,103,2,0,101,101,4131,0,0,0,0,2
2020-08-18,US,North Carolina,Union,3419,46,0,34.98960527,-80.52955873,37179.0,1425.420768,1.345422638,3373,3384,44,0,3340,3375,235908,35,2,0,33,9
2020-08-18,US,North Carolina,Vance,822,41,0,36.36880673,-78.40670845,37181.0,1845.739306,4.98783455,781,820,41,0,779,816,44582,2,0,0,2,4
2020-08-18,US,North Carolina,Wake,12847,185,0,35.78879266,-78.65249174,37183.0,1155.554116,1.4400249090000001,12662,12754,183,0,12571,12714,1092305,93,2,0,91,40
2020-08-18,US,North Carolina,Warren,273,6,0,36.39728256,-78.10652228,37185.0,1383.6095480000001,2.197802198,267,271,6,0,265,271,19807,2,0,0,2,0
2020-08-18,US,North Carolina,Washington,146,4,0,35.83810081,-76.57299037,37187.0,1260.7944730000002,2.7397260269999997,142,144,4,0,140,142,11859,2,0,0,2,2
2020-08-18,US,North Carolina,Watauga,348,0,0,36.23103603,-81.70033724,37189.0,619.4706017999999,0.0,348,344,0,0,344,339,55945,4,0,0,4,5
2020-08-18,US,North Carolina,Wayne,2555,43,0,35.36438125,-78.00027268,37191.0,2075.025786,1.68297456,2512,2532,42,0,2490,2527,123248,23,1,0,22,5
2020-08-18,US,North Carolina,Wilkes,920,18,0,36.2084135,-81.16232895,37193.0,1344.793311,1.956521739,902,914,18,0,896,910,68557,6,0,0,6,4
2020-08-18,US,North Carolina,Wilson,1582,36,0,35.70625477,-77.917978,37195.0,1933.9616879999999,2.275600506,1546,1563,36,0,1527,1562,81455,19,0,0,19,1
2020-08-18,US,North Carolina,Yadkin,579,6,0,36.16222629,-80.66239436,37197.0,1537.154538,1.03626943,573,565,6,0,559,563,37543,14,0,0,14,2
2020-08-18,US,North Carolina,Yancey,84,0,0,35.90079156,-82.31237181,37199.0,464.884609,0.0,84,80,0,0,80,80,17903,4,0,0,4,0
2020-08-18,US,North Dakota,Adams,4,0,0,46.09686891,-102.5285397,38001.0,180.5054152,0.0,4,3,0,0,3,3,2294,1,0,0,1,0
2020-08-18,US,North Dakota,Barnes,47,0,0,46.93579637,-98.06605978,38003.0,451.2722036,0.0,47,46,0,0,46,45,10542,1,0,0,1,1
2020-08-18,US,North Dakota,Benson,176,2,0,48.0683985,-99.35916363,38005.0,2576.112412,1.136363636,174,173,2,0,171,168,6962,3,0,0,3,5
2020-08-18,US,North Dakota,Billings,3,0,0,47.02366884,-103.3762965,38007.0,323.27586210000004,0.0,3,3,0,0,3,3,919,0,0,0,0,0
2020-08-18,US,North Dakota,Bottineau,22,0,0,48.79106111,-100.8378166,38009.0,350.2069405,0.0,22,22,0,0,22,22,6411,0,0,0,0,0
2020-08-18,US,North Dakota,Bowman,11,0,0,46.11285362,-103.5203343,38011.0,363.7566138,0.0,11,11,0,0,11,11,3076,0,0,0,0,0
2020-08-18,US,North Dakota,Burke,23,0,0,48.79094471,-102.51821170000001,38013.0,1087.470449,0.0,23,23,0,0,23,23,2100,0,0,0,0,0
2020-08-18,US,North Dakota,Burleigh,1460,12,0,46.97847375,-100.46452140000001,38015.0,1526.781419,0.8219178079999999,1448,1409,11,0,1398,1388,95273,51,1,0,50,21
2020-08-18,US,North Dakota,Cass,3148,76,0,46.93201724,-97.24447190000001,38017.0,1730.402423,2.414231258,3072,3135,76,0,3059,3128,181516,13,0,0,13,7
2020-08-18,US,North Dakota,Cavalier,31,0,0,48.77286211,-98.46685243,38019.0,824.0297714,0.0,31,31,0,0,31,31,3829,0,0,0,0,0
2020-08-18,US,North Dakota,Dickey,14,0,0,46.11017712,-98.50490079999999,38021.0,287.35632180000005,0.0,14,14,0,0,14,14,4903,0,0,0,0,0
2020-08-18,US,North Dakota,Divide,5,0,0,48.814938700000006,-103.48736109999999,38023.0,220.84805649999998,0.0,5,4,0,0,4,4,2283,1,0,0,1,0
2020-08-18,US,North Dakota,Dunn,32,0,0,47.35423935,-102.61604679999999,38025.0,723.3273055999999,0.0,32,32,0,0,32,32,4332,0,0,0,0,0
2020-08-18,US,North Dakota,Eddy,21,0,0,47.71701474,-98.90432337,38027.0,918.2334937,0.0,21,20,0,0,20,20,2313,1,0,0,1,0
2020-08-18,US,North Dakota,Emmons,23,1,0,46.28398398,-100.2389766,38029.0,709.6575131,4.347826087,22,23,1,0,22,23,3295,0,0,0,0,0
2020-08-18,US,North Dakota,Foster,26,0,0,47.457108399999996,-98.88279923,38031.0,809.9688474,0.0,26,27,0,0,27,26,3216,-1,0,0,-1,1
2020-08-18,US,North Dakota,Golden Valley,14,0,0,46.94022281,-103.8465421,38033.0,795.0028392999999,0.0,14,12,0,0,12,12,1769,2,0,0,2,0
2020-08-18,US,North Dakota,Grand Forks,805,9,0,47.92093639,-97.45450447,38035.0,1159.090582,1.118012422,796,799,8,0,791,789,70770,6,1,0,5,10
2020-08-18,US,North Dakota,Grant,4,0,0,46.35821257,-101.63900129999999,38037.0,175.90149519999997,0.0,4,4,0,0,4,4,2374,0,0,0,0,0
2020-08-18,US,North Dakota,Griggs,37,1,0,47.45785838,-98.23850925,38039.0,1658.449126,2.702702703,36,37,1,0,36,37,2232,0,0,0,0,0
2020-08-18,US,North Dakota,Hettinger,8,0,0,46.43375068,-102.4632417,38041.0,320.1280512,0.0,8,8,0,0,8,7,2514,0,0,0,0,1
2020-08-18,US,North Dakota,Kidder,23,0,0,46.97830064,-99.77507857,38043.0,927.4193548000001,0.0,23,23,0,0,23,22,2450,0,0,0,0,1
2020-08-18,US,North Dakota,LaMoure,16,0,0,46.45681054,-98.53542355,38045.0,395.4522986,0.0,16,16,0,0,16,16,4062,0,0,0,0,0
2020-08-18,US,North Dakota,Logan,7,0,0,46.45729487,-99.47719806,38047.0,378.3783784,0.0,7,7,0,0,7,7,1903,0,0,0,0,0
2020-08-18,US,North Dakota,McHenry,24,1,0,48.23104458,-100.6324822,38049.0,417.7545692,4.166666667,23,24,1,0,23,24,5816,0,0,0,0,0
2020-08-18,US,North Dakota,McIntosh,41,2,0,46.11182017,-99.44145858,38051.0,1641.970364,4.87804878,39,41,2,0,39,41,2585,0,0,0,0,0
2020-08-18,US,North Dakota,McKenzie,94,2,0,47.741333700000006,-103.395905,38053.0,625.6656017000001,2.127659574,92,94,2,0,92,93,13632,0,0,0,0,1
2020-08-18,US,North Dakota,McLean,105,0,0,47.60766714,-101.3182418,38055.0,1111.111111,0.0,105,102,0,0,102,102,9541,3,0,0,3,0
2020-08-18,US,North Dakota,Mercer,34,0,0,47.31213126,-101.8318399,38057.0,415.2925369,0.0,34,34,0,0,34,34,8267,0,0,0,0,0
2020-08-18,US,North Dakota,Morton,473,4,0,46.71681782,-101.2822377,38059.0,1508.098457,0.845665962,469,455,4,0,451,452,31095,18,0,0,18,3
2020-08-18,US,North Dakota,Mountrail,156,1,0,48.20197971,-102.3555315,38061.0,1479.3741109999999,0.641025641,155,155,1,0,154,155,10218,1,0,0,1,0
2020-08-18,US,North Dakota,Nelson,27,0,0,47.9226426,-98.19038437,38063.0,937.8256339,0.0,27,27,0,0,27,27,2869,0,0,0,0,0
2020-08-18,US,North Dakota,Oliver,7,0,0,47.11530482,-101.3406158,38065.0,357.3251659,0.0,7,7,0,0,7,7,1952,0,0,0,0,0
2020-08-18,US,North Dakota,Pembina,27,0,0,48.76623521,-97.5523809,38067.0,397.00044110000005,0.0,27,27,0,0,27,27,6947,0,0,0,0,0
2020-08-18,US,North Dakota,Pierce,16,0,0,48.24977025,-99.96407787,38069.0,402.5157233,0.0,16,16,0,0,16,16,4081,0,0,0,0,0
2020-08-18,US,North Dakota,Ramsey,89,2,0,48.26886249,-98.72223879,38071.0,772.6365136,2.247191011,87,89,2,0,87,87,11481,0,0,0,0,2
2020-08-18,US,North Dakota,Ransom,28,0,0,46.45621782,-97.65742504,38073.0,536.6040628999999,0.0,28,28,0,0,28,28,5237,0,0,0,0,0
2020-08-18,US,North Dakota,Renville,10,0,0,48.71982533,-101.6603912,38075.0,429.73785989999993,0.0,10,10,0,0,10,10,2374,0,0,0,0,0
2020-08-18,US,North Dakota,Richland,117,1,0,46.26440649,-96.94852979,38077.0,723.2490573,0.854700855,116,117,1,0,116,117,16239,0,0,0,0,0
2020-08-18,US,North Dakota,Rolette,89,0,0,48.77245354,-99.84097493,38079.0,627.8216704,0.0,89,88,0,0,88,88,14301,1,0,0,1,0
2020-08-18,US,North Dakota,Sargent,10,0,0,46.10830372,-97.63217159,38081.0,256.5418163,0.0,10,10,0,0,10,10,3870,0,0,0,0,0
2020-08-18,US,North Dakota,Sheridan,9,0,0,47.57700669,-100.3426391,38083.0,684.4106464,0.0,9,9,0,0,9,9,1349,0,0,0,0,0
2020-08-18,US,North Dakota,Sioux,102,2,0,46.11323337,-101.04401490000001,38085.0,2411.347518,1.960784314,100,97,2,0,95,97,4358,5,0,0,5,0
2020-08-18,US,North Dakota,Slope,4,0,0,46.44737738,-103.4601547,38087.0,533.3333333,0.0,4,4,0,0,4,4,763,0,0,0,0,0
2020-08-18,US,North Dakota,Stark,402,6,0,46.80851182,-102.65763259999999,38089.0,1276.636286,1.4925373130000001,396,395,6,0,389,391,30997,7,0,0,7,4
2020-08-18,US,North Dakota,Steele,16,0,0,47.45611548,-97.72728747,38091.0,846.5608466,0.0,16,16,0,0,16,16,1903,0,0,0,0,0
2020-08-18,US,North Dakota,Stutsman,130,3,0,46.97962541,-98.95637318,38093.0,627.8979907,2.307692308,127,130,3,0,127,130,20917,0,0,0,0,0
2020-08-18,US,North Dakota,Towner,6,0,0,48.68565745,-99.24564265,38095.0,274.09776150000005,0.0,6,6,0,0,6,5,2192,0,0,0,0,1
2020-08-18,US,North Dakota,Traill,64,0,0,47.45367788,-97.16323288,38097.0,796.4161274,0.0,64,64,0,0,64,64,8037,0,0,0,0,0
2020-08-18,US,North Dakota,Walsh,122,0,0,48.36876964,-97.72574783,38099.0,1146.508787,0.0,122,116,0,0,116,116,10667,6,0,0,6,0
2020-08-18,US,North Dakota,Ward,289,1,0,48.22390169,-101.54367629999999,38101.0,427.2556586,0.346020761,288,277,1,0,276,276,67744,12,0,0,12,1
2020-08-18,US,North Dakota,Wells,24,0,0,47.58614526,-99.65904998,38103.0,625.9780908,0.0,24,24,0,0,24,24,3957,0,0,0,0,0
2020-08-18,US,North Dakota,Williams,307,2,0,48.34522353,-103.4793387,38105.0,816.7282982,0.6514657979999999,305,303,2,0,301,302,35350,4,0,0,4,1
2020-08-18,US,Ohio,Adams,74,3,0,38.84541072,-83.4718964,39001.0,267.1673045,4.054054054,71,72,2,0,70,70,27724,2,1,0,1,2
2020-08-18,US,Ohio,Allen,899,46,0,40.77285242,-84.10802343,39003.0,878.3499917000001,5.11679644,853,888,46,0,842,875,102663,11,0,0,11,13
2020-08-18,US,Ohio,Ashland,162,3,0,40.84772277,-82.27280781,39005.0,302.8943235,1.8518518519999998,159,162,3,0,159,161,53745,0,0,0,0,1
2020-08-18,US,Ohio,Ashtabula,588,46,0,41.70860332,-80.74830218,39007.0,604.6832098,7.823129252,542,588,46,0,542,588,97493,0,0,0,0,0
2020-08-18,US,Ohio,Athens,368,2,0,39.33425634,-82.04278644,39009.0,563.3199137,0.543478261,366,368,2,0,366,367,65818,0,0,0,0,1
2020-08-18,US,Ohio,Auglaize,310,8,0,40.55998859,-84.22421429999999,39011.0,678.9907132000001,2.580645161,302,301,8,0,293,291,45804,9,0,0,9,10
2020-08-18,US,Ohio,Belmont,644,26,0,40.01625942,-80.9924051,39013.0,961.1079605,4.037267081,618,640,26,0,614,638,67505,4,0,0,4,2
2020-08-18,US,Ohio,Brown,169,2,0,38.93416837,-83.86788395,39015.0,389.1140173,1.183431953,167,165,2,0,163,158,43602,4,0,0,4,7
2020-08-18,US,Ohio,Butler,3265,69,0,39.44012838,-84.57388716,39017.0,852.1822652000001,2.113323124,3196,3218,69,0,3149,3197,382378,47,0,0,47,21
2020-08-18,US,Ohio,Carroll,117,5,0,40.578968599999996,-81.09178213,39019.0,434.71799060000006,4.2735042739999995,112,117,5,0,112,116,27081,0,0,0,0,1
2020-08-18,US,Ohio,Champaign,213,2,0,40.13923427,-83.76875242,39021.0,547.7690626,0.9389671359999999,211,205,2,0,203,202,38754,8,0,0,8,3
2020-08-18,US,Ohio,Clark,1275,16,0,39.91592258,-83.78498252,39023.0,950.9035447999998,1.2549019609999998,1259,1261,16,0,1245,1244,134585,14,0,0,14,17
2020-08-18,US,Ohio,Clermont,1062,11,0,39.04847534,-84.15375786,39025.0,514.4650919,1.035781544,1051,1043,11,0,1032,1034,205466,19,0,0,19,9
2020-08-18,US,Ohio,Clinton,189,6,0,39.41485808,-83.80852286,39027.0,450.3431186000001,3.174603175,183,186,6,0,180,185,42057,3,0,0,3,1
2020-08-18,US,Ohio,Columbiana,1733,62,0,40.76932373,-80.78094576,39029.0,1700.9707210000001,3.577611079,1671,1729,62,0,1667,1721,102665,4,0,0,4,8
2020-08-18,US,Ohio,Coshocton,204,9,0,40.30096166,-81.91729018,39031.0,557.3770492000001,4.4117647060000005,195,203,9,0,194,202,36629,1,0,0,1,1
2020-08-18,US,Ohio,Crawford,184,5,0,40.85065156,-82.91989099,39033.0,443.43760539999994,2.717391304,179,183,5,0,178,183,41550,1,0,0,1,0
2020-08-18,US,Ohio,Cuyahoga,14487,541,0,41.424119,-81.65918339,39035.0,1172.968054,3.73438255,13946,14418,528,0,13890,14335,1243857,69,13,0,56,83
2020-08-18,US,Ohio,Darke,479,31,0,40.13412966,-84.6194517,39037.0,937.1392796,6.471816284,448,476,30,0,446,459,51323,3,1,0,2,17
2020-08-18,US,Ohio,Defiance,178,4,0,41.32398837,-84.49076944,39039.0,467.3510647,2.247191011,174,172,4,0,168,169,38165,6,0,0,6,3
2020-08-18,US,Ohio,Delaware,1441,19,0,40.27942393,-83.00457058,39041.0,688.89027,1.318528799,1422,1434,19,0,1415,1412,204826,7,0,0,7,22
2020-08-18,US,Ohio,Erie,662,31,0,41.36796058,-82.62904521,39043.0,891.3904074999999,4.6827794560000005,631,637,31,0,606,632,74615,25,0,0,25,5
2020-08-18,US,Ohio,Fairfield,1521,35,0,39.75107189,-82.63088163,39045.0,965.2607663999999,2.301117686,1486,1514,35,0,1479,1498,155782,7,0,0,7,16
2020-08-18,US,Ohio,Fayette,135,0,0,39.56021306,-83.4562016,39047.0,473.26906219999995,0.0,135,134,0,0,134,130,28666,1,0,0,1,4
2020-08-18,US,Ohio,Franklin,19818,542,0,39.96995815,-83.01115755,39049.0,1505.062441,2.7348874760000004,19276,19683,537,0,19146,19553,1310300,135,5,0,130,130
2020-08-18,US,Ohio,Fulton,165,1,0,41.60213491,-84.12571393,39051.0,391.6820966,0.606060606,164,165,1,0,164,163,42276,0,0,0,0,2
2020-08-18,US,Ohio,Gallia,90,2,0,38.82708533,-82.31647569,39053.0,301.0234798,2.222222222,88,89,2,0,87,89,29979,1,0,0,1,0
2020-08-18,US,Ohio,Geauga,579,46,0,41.49952319,-81.17935342,39055.0,618.2660787000001,7.944732297000001,533,574,46,0,528,570,94031,5,0,0,5,4
2020-08-18,US,Ohio,Greene,812,14,0,39.69116283,-83.89032084,39057.0,480.65255099999996,1.724137931,798,806,13,0,793,799,167995,6,1,0,5,7
2020-08-18,US,Ohio,Guernsey,121,7,0,40.05026529,-81.49248905,39059.0,311.2540193,5.7851239670000005,114,121,7,0,114,121,39022,0,0,0,0,0
2020-08-18,US,Ohio,Hamilton,10259,269,0,39.19673558,-84.54502924,39061.0,1254.9649960000002,2.622087923,9990,10184,270,0,9914,10142,816684,75,-1,0,76,42
2020-08-18,US,Ohio,Hancock,444,3,0,41.00250487,-83.66838948,39063.0,585.8833775,0.6756756759999999,441,433,3,0,430,428,75930,11,0,0,11,5
2020-08-18,US,Ohio,Hardin,190,12,0,40.66015414,-83.65929931,39065.0,605.7707636,6.315789474,178,189,12,0,177,187,31480,1,0,0,1,2
2020-08-18,US,Ohio,Harrison,27,1,0,40.29380509,-81.09068544,39067.0,179.5212766,3.7037037039999996,26,26,1,0,25,26,15174,1,0,0,1,0
2020-08-18,US,Ohio,Henry,135,2,0,41.333964200000004,-84.06830637,39069.0,499.88891359999997,1.4814814809999999,133,128,2,0,126,128,27086,7,0,0,7,0
2020-08-18,US,Ohio,Highland,175,2,0,39.1839264,-83.60331456,39071.0,405.4586316,1.142857143,173,174,2,0,172,171,43058,1,0,0,1,3
2020-08-18,US,Ohio,Hocking,129,9,0,39.49537927,-82.47991446,39073.0,456.4109822,6.976744186,120,126,9,0,117,125,28385,3,0,0,3,1
2020-08-18,US,Ohio,Holmes,338,7,0,40.56163713,-81.92635677,39075.0,768.8808007,2.071005917,331,338,7,0,331,335,43892,0,0,0,0,3
2020-08-18,US,Ohio,Huron,423,5,0,41.14651175,-82.59867951,39077.0,725.9808465,1.182033097,418,420,5,0,415,418,58504,3,0,0,3,2
2020-08-18,US,Ohio,Jackson,87,0,0,39.01914254,-82.61818559999999,39079.0,268.4108228,0.0,87,83,0,0,83,83,32384,4,0,0,4,0
2020-08-18,US,Ohio,Jefferson,256,3,0,40.38614126,-80.76259514,39081.0,391.8867202,1.171875,253,250,3,0,247,250,65767,6,0,0,6,0
2020-08-18,US,Ohio,Knox,230,9,0,40.39830217,-82.42027563,39083.0,369.05105739999993,3.913043478,221,225,9,0,216,226,61893,5,0,0,5,-1
2020-08-18,US,Ohio,Lake,1199,43,0,41.69710807,-81.23676539,39085.0,520.9668518999999,3.586321935,1156,1187,43,0,1144,1176,230514,12,0,0,12,11
2020-08-18,US,Ohio,Lawrence,364,5,0,38.59743452,-82.53466552,39087.0,612.1453677000001,1.373626374,359,355,5,0,350,344,59866,9,0,0,9,11
2020-08-18,US,Ohio,Licking,1443,55,0,40.09136236,-82.48185785,39089.0,815.8903552,3.8115038119999998,1388,1431,55,0,1376,1419,175769,12,0,0,12,12
2020-08-18,US,Ohio,Logan,191,2,0,40.38996525,-83.76784341,39091.0,418.19933439999994,1.047120419,189,186,2,0,184,184,45358,5,0,0,5,2
2020-08-18,US,Ohio,Lorain,1945,77,0,41.29553751,-82.15083537,39093.0,627.7575339,3.958868895,1868,1937,77,0,1860,1915,309461,8,0,0,8,22
2020-08-18,US,Ohio,Lucas,5783,331,0,41.62101218,-83.65468618,39095.0,1350.070503,5.723672833999999,5452,5744,329,0,5415,5704,429899,39,2,0,37,40
2020-08-18,US,Ohio,Madison,601,11,0,39.89381073,-83.40178317,39097.0,1343.587221,1.8302828619999998,590,595,10,0,585,592,44413,6,1,0,5,3
2020-08-18,US,Ohio,Mahoning,2702,261,0,41.01631101,-80.77287029,39099.0,1181.548257,9.659511473,2441,2691,260,0,2431,2681,229642,11,1,0,10,10
2020-08-18,US,Ohio,Marion,2968,45,0,40.58610662,-83.15736305,39101.0,4559.630068,1.5161725069999998,2923,2966,45,0,2921,2964,65256,2,0,0,2,2
2020-08-18,US,Ohio,Medina,1015,36,0,41.11770589,-81.89986209999999,39103.0,564.6857232000001,3.54679803,979,1002,36,0,966,996,179146,13,0,0,13,6
2020-08-18,US,Ohio,Meigs,70,0,0,39.09224872,-82.0305041,39105.0,305.5834461,0.0,70,69,0,0,69,67,23106,1,0,0,1,2
2020-08-18,US,Ohio,Mercer,705,14,0,40.54043046,-84.62912742,39107.0,1712.3287670000002,1.985815603,691,694,14,0,680,694,40959,11,0,0,11,0
2020-08-18,US,Ohio,Miami,927,40,0,40.0543329,-84.22871271,39109.0,866.4604111,4.314994606,887,921,39,0,882,911,106222,6,1,0,5,10
2020-08-18,US,Ohio,Monroe,100,18,0,39.72984936,-81.08464734,39111.0,732.386114,18.0,82,98,18,0,80,96,13790,2,0,0,2,2
2020-08-18,US,Ohio,Montgomery,4741,108,0,39.75394919,-84.29050975,39113.0,891.6900357000001,2.278000422,4633,4716,105,0,4611,4693,532331,25,3,0,22,23
2020-08-18,US,Ohio,Morgan,35,0,0,39.62081738,-81.85308173,39115.0,241.246209,0.0,35,33,0,0,33,33,14604,2,0,0,2,0
2020-08-18,US,Ohio,Morrow,195,2,0,40.523635600000006,-82.7892599,39117.0,551.9701087000001,1.025641026,193,191,2,0,189,190,35112,4,0,0,4,1
2020-08-18,US,Ohio,Muskingum,275,1,0,39.96575964,-81.94363275,39119.0,318.9700168,0.363636364,274,267,1,0,266,267,86183,8,0,0,8,0
2020-08-18,US,Ohio,Noble,20,0,0,39.76818851,-81.45937183,39121.0,138.6577926,0.0,20,20,0,0,20,19,14354,0,0,0,0,1
2020-08-18,US,Ohio,Ottawa,418,27,0,41.53781826,-83.0940185,39123.0,1031.46206,6.459330144,391,413,27,0,386,411,40769,5,0,0,5,2
2020-08-18,US,Ohio,Paulding,75,0,0,41.11676341,-84.5801017,39125.0,401.6709512,0.0,75,75,0,0,75,75,18760,0,0,0,0,0
2020-08-18,US,Ohio,Perry,183,4,0,39.73508655,-82.23804971,39127.0,506.4482205,2.18579235,179,180,3,0,177,179,36033,3,1,0,2,1
2020-08-18,US,Ohio,Pickaway,2428,42,0,39.64170392,-83.0243386,39129.0,4153.480336,1.7298187809999999,2386,2421,42,0,2379,2418,58086,7,0,0,7,3
2020-08-18,US,Ohio,Pike,85,0,0,39.07634001,-83.06769584,39131.0,306.06366119999996,0.0,85,85,0,0,85,84,28067,0,0,0,0,1
2020-08-18,US,Ohio,Portage,793,65,0,41.16793482,-81.19735782,39133.0,488.102126,8.196721311000001,728,791,65,0,726,789,162927,2,0,0,2,2
2020-08-18,US,Ohio,Preble,268,2,0,39.7420247,-84.64787018,39135.0,655.5452277,0.746268657,266,259,2,0,257,256,40997,9,0,0,9,3
2020-08-18,US,Ohio,Putnam,235,17,0,41.02094889,-84.1336111,39137.0,694.0137621,7.234042552999999,218,227,17,0,210,225,33780,8,0,0,8,2
2020-08-18,US,Ohio,Richland,657,14,0,40.77180308,-82.53799609999999,39139.0,542.2850257,2.130898021,643,652,12,0,640,644,121099,5,2,0,3,8
2020-08-18,US,Ohio,Ross,561,6,0,39.33705391,-83.06000914,39141.0,731.7454934,1.069518717,555,560,6,0,554,547,76931,1,0,0,1,13
2020-08-18,US,Ohio,Sandusky,472,17,0,41.35624126,-83.137872,39143.0,806.5894255,3.601694915,455,450,17,0,433,442,58799,22,0,0,22,8
2020-08-18,US,Ohio,Scioto,279,1,0,38.80270163,-82.98907345,39145.0,370.4490533,0.358422939,278,274,1,0,273,269,75502,5,0,0,5,5
2020-08-18,US,Ohio,Seneca,251,4,0,41.12351311,-83.12783209,39147.0,478.4515568,1.5936254980000002,247,251,4,0,247,250,55207,0,0,0,0,1
2020-08-18,US,Ohio,Shelby,256,4,0,40.33163494,-84.20258189,39149.0,526.8573781,1.5625,252,257,4,0,253,242,48627,-1,0,0,-1,15
2020-08-18,US,Ohio,Stark,2046,145,0,40.81482476,-81.36437305,39151.0,552.0687738,7.0869990220000005,1901,2023,143,0,1880,2008,371574,23,2,0,21,15
2020-08-18,US,Ohio,Summit,3846,228,0,41.12464734,-81.53123079,39153.0,710.8886478,5.928237128999999,3618,3818,228,0,3590,3788,541918,28,0,0,28,30
2020-08-18,US,Ohio,Trumbull,1642,113,0,41.31735028,-80.76109643,39155.0,829.4018406,6.8818514010000005,1529,1637,112,0,1525,1629,198627,5,1,0,4,8
2020-08-18,US,Ohio,Tuscarawas,818,14,0,40.44214695,-81.47226262,39157.0,889.2560904999999,1.7114914430000001,804,816,14,0,802,812,92176,2,0,0,2,4
2020-08-18,US,Ohio,Union,297,1,0,40.30016061,-83.37239023,39159.0,503.4922357,0.336700337,296,293,1,0,292,289,57835,4,0,0,4,4
2020-08-18,US,Ohio,Van Wert,74,2,0,40.8554138,-84.59111700000001,39161.0,261.71529619999995,2.702702703,72,74,2,0,72,74,28281,0,0,0,0,0
2020-08-18,US,Ohio,Vinton,34,2,0,39.25208988,-82.4831444,39163.0,259.8395109,5.882352941000001,32,33,2,0,31,32,13139,1,0,0,1,1
2020-08-18,US,Ohio,Warren,1981,40,0,39.42581994,-84.16557457,39165.0,844.4088286,2.019182231,1941,1962,40,0,1922,1946,232173,19,0,0,19,16
2020-08-18,US,Ohio,Washington,217,22,0,39.45690571,-81.49121382,39167.0,362.2039358,10.13824885,195,213,22,0,191,213,60155,4,0,0,4,0
2020-08-18,US,Ohio,Wayne,608,60,0,40.82925852,-81.88844833,39169.0,525.4515598999999,9.868421052999999,548,604,60,0,544,593,115967,4,0,0,4,11
2020-08-18,US,Ohio,Williams,143,3,0,41.56052014,-84.58429552,39171.0,389.7307315,2.097902098,140,142,3,0,139,141,36804,1,0,0,1,1
2020-08-18,US,Ohio,Wood,1163,58,0,41.36224827,-83.62285108,39173.0,889.0281844000001,4.987102322,1105,1162,58,0,1104,1146,130696,1,0,0,1,16
2020-08-18,US,Ohio,Wyandot,164,10,0,40.84339621,-83.30734173,39175.0,753.2610693,6.0975609760000005,154,159,10,0,149,159,21935,5,0,0,5,0
2020-08-18,US,Oklahoma,Adair,384,6,0,35.88494195,-94.65859267,40001.0,1730.1973510000003,1.5625,378,383,6,0,377,378,22082,1,0,0,1,5
2020-08-18,US,Oklahoma,Alfalfa,6,0,0,36.73090616,-98.32408495,40003.0,105.2262364,0.0,6,6,0,0,6,6,5754,0,0,0,0,0
2020-08-18,US,Oklahoma,Atoka,89,1,0,34.37366573,-96.03802487,40005.0,646.8963512,1.123595506,88,88,1,0,87,84,13838,1,0,0,1,4
2020-08-18,US,Oklahoma,Beaver,41,0,0,36.7496847,-100.4758872,40007.0,771.9826775,0.0,41,40,0,0,40,39,5319,1,0,0,1,1
2020-08-18,US,Oklahoma,Beckham,101,1,0,35.26862449,-99.68128023,40009.0,462.05224389999995,0.99009901,100,101,1,0,100,102,21709,0,0,0,0,-1
2020-08-18,US,Oklahoma,Blaine,46,0,0,35.87518314,-98.43307003,40011.0,487.8566126,0.0,46,46,0,0,46,46,9485,0,0,0,0,0
2020-08-18,US,Oklahoma,Bryan,517,2,0,33.96472458,-96.25903472,40013.0,1077.195541,0.386847195,515,512,2,0,510,512,47192,5,0,0,5,0
2020-08-18,US,Oklahoma,Caddo,474,20,0,35.17364557,-98.37534464,40015.0,1648.0077880000001,4.219409283,454,470,19,0,451,464,28977,4,1,0,3,6
2020-08-18,US,Oklahoma,Canadian,1343,9,0,35.5426055,-97.98465569,40017.0,905.5601257000001,0.670141474,1334,1339,9,0,1330,1331,144447,4,0,0,4,8
2020-08-18,US,Oklahoma,Carter,375,5,0,34.25103751,-97.28552485,40019.0,779.4475276000001,1.333333333,370,370,5,0,365,367,48177,5,0,0,5,3
2020-08-18,US,Oklahoma,Cherokee,531,2,0,35.90692775,-94.99980896,40021.0,1091.312658,0.37664783399999996,529,535,2,0,533,521,48675,-4,0,0,-4,14
2020-08-18,US,Oklahoma,Choctaw,209,1,0,34.02807439,-95.54771129,40023.0,1424.482007,0.47846890000000003,208,209,1,0,208,209,14668,0,0,0,0,0
2020-08-18,US,Oklahoma,Cimarron,14,0,0,36.74817177,-102.5173885,40025.0,655.1240056,0.0,14,11,0,0,11,11,2153,3,0,0,3,0
2020-08-18,US,Oklahoma,Cleveland,3246,61,0,35.20413532,-97.32519562,40027.0,1142.901406,1.879235983,3185,3215,58,0,3157,3192,281669,31,3,0,28,23
2020-08-18,US,Oklahoma,Coal,46,0,0,34.58840127,-96.29798747,40029.0,837.1246587999999,0.0,46,46,0,0,46,46,5520,0,0,0,0,0
2020-08-18,US,Oklahoma,Comanche,892,11,0,34.65973764,-98.47195055,40031.0,738.7224739,1.233183857,881,884,11,0,873,884,120422,8,0,0,8,0
2020-08-18,US,Oklahoma,Cotton,21,2,0,34.28845626,-98.37053567,40033.0,370.631839,9.523809523999999,19,21,2,0,19,21,5776,0,0,0,0,0
2020-08-18,US,Oklahoma,Craig,95,1,0,36.76268118,-95.20916602,40035.0,671.7578842999999,1.052631579,94,94,1,0,93,94,14306,1,0,0,1,0
2020-08-18,US,Oklahoma,Creek,705,18,0,35.90230551,-96.37086028,40037.0,985.7106903999999,2.553191489,687,681,15,0,666,681,71604,24,3,0,21,0
2020-08-18,US,Oklahoma,Custer,243,0,0,35.63853802,-99.00170785,40039.0,837.8443609,0.0,243,241,0,0,241,232,29036,2,0,0,2,9
2020-08-18,US,Oklahoma,Delaware,476,20,0,36.40823634,-94.80325046,40041.0,1106.7451,4.201680672,456,473,20,0,453,469,42733,3,0,0,3,4
2020-08-18,US,Oklahoma,Dewey,14,0,0,35.98772922,-99.00730714,40043.0,286.24003270000003,0.0,14,13,0,0,13,13,4894,1,0,0,1,0
2020-08-18,US,Oklahoma,Ellis,5,0,0,36.218019399999996,-99.75324573,40045.0,129.56724540000002,0.0,5,5,0,0,5,5,3952,0,0,0,0,0
2020-08-18,US,Oklahoma,Garfield,642,9,0,36.3791334,-97.78265517,40047.0,1051.4937109999998,1.401869159,633,617,8,0,609,609,60913,25,1,0,24,8
2020-08-18,US,Oklahoma,Garvin,244,4,0,34.70418038,-97.30811132,40049.0,880.5167623,1.6393442619999998,240,242,4,0,238,242,27811,2,0,0,2,0
2020-08-18,US,Oklahoma,Grady,473,7,0,35.0167709,-97.88339847,40051.0,847.1540638,1.4799154330000002,466,472,7,0,465,469,55551,1,0,0,1,3
2020-08-18,US,Oklahoma,Grant,17,0,0,36.796296999999996,-97.78638765,40053.0,392.3378721,0.0,17,17,0,0,17,17,4326,0,0,0,0,0
2020-08-18,US,Oklahoma,Greer,84,8,0,34.93535801,-99.56056120000001,40055.0,1470.588235,9.523809523999999,76,85,8,0,77,85,5821,-1,0,0,-1,0
2020-08-18,US,Oklahoma,Harmon,32,0,0,34.7440135,-99.84741652,40057.0,1206.181681,0.0,32,32,0,0,32,32,2664,0,0,0,0,0
2020-08-18,US,Oklahoma,Harper,13,0,0,36.78836519,-99.6679804,40059.0,352.494577,0.0,13,13,0,0,13,11,3797,0,0,0,0,2
2020-08-18,US,Oklahoma,Haskell,92,1,0,35.222576000000004,-95.11513306,40061.0,728.5974499,1.086956522,91,88,1,0,87,88,12668,4,0,0,4,0
2020-08-18,US,Oklahoma,Hughes,181,3,0,35.04912569,-96.24921145,40063.0,1363.054447,1.6574585640000001,178,179,2,0,177,178,13335,2,1,0,1,1
2020-08-18,US,Oklahoma,Jackson,544,7,0,34.58781741,-99.41138784,40065.0,2217.692621,1.286764706,537,538,7,0,531,537,24949,6,0,0,6,1
2020-08-18,US,Oklahoma,Jefferson,34,0,0,34.11130184,-97.83182974,40067.0,566.4778407000001,0.0,34,34,0,0,34,33,6123,0,0,0,0,1
2020-08-18,US,Oklahoma,Johnston,59,0,0,34.31440473,-96.66011537,40069.0,532.2507893999999,0.0,59,55,0,0,55,54,10949,4,0,0,4,1
2020-08-18,US,Oklahoma,Kay,270,11,0,36.81799745,-97.14421435,40071.0,620.1479168,4.074074073999999,259,267,11,0,256,266,44161,3,0,0,3,1
2020-08-18,US,Oklahoma,Kingfisher,169,0,0,35.94530008,-97.94193268,40073.0,1071.994925,0.0,169,160,0,0,160,157,15816,9,0,0,9,3
2020-08-18,US,Oklahoma,Kiowa,33,1,0,34.91671958,-98.97720696,40075.0,378.96187410000005,3.03030303,32,33,1,0,32,32,8729,0,0,0,0,1
2020-08-18,US,Oklahoma,Latimer,101,2,0,34.87844729,-95.25215049,40077.0,1002.680433,1.98019802,99,100,2,0,98,101,10231,1,0,0,1,-1
2020-08-18,US,Oklahoma,Le Flore,436,1,0,34.89851864,-94.70392124,40079.0,898.6420075,0.229357798,435,436,1,0,435,430,49980,0,0,0,0,6
2020-08-18,US,Oklahoma,Lincoln,250,3,0,35.70270942,-96.8812462,40081.0,716.8047711,1.2,247,248,3,0,245,243,34920,2,0,0,2,5
2020-08-18,US,Oklahoma,Logan,246,1,0,35.91899576,-97.44352845,40083.0,512.382579,0.406504065,245,244,1,0,243,244,47291,2,0,0,2,0
2020-08-18,US,Oklahoma,Love,84,0,0,33.95273467,-97.23906784,40085.0,819.2724081,0.0,84,83,0,0,83,82,10134,1,0,0,1,1
2020-08-18,US,Oklahoma,Major,38,1,0,36.31149996,-98.53467076,40093.0,498.0993577,2.631578947,37,40,1,0,39,40,7644,-2,0,0,-2,0
2020-08-18,US,Oklahoma,Marshall,126,1,0,34.02311222,-96.76855464,40095.0,744.1970349999999,0.793650794,125,121,1,0,120,121,16806,5,0,0,5,0
2020-08-18,US,Oklahoma,Mayes,374,8,0,36.30179091,-95.23175116,40097.0,909.9756691,2.139037433,366,368,8,0,360,366,41107,6,0,0,6,2
2020-08-18,US,Oklahoma,McClain,494,4,0,35.01123903,-97.44572302,40087.0,1220.536641,0.809716599,490,483,4,0,479,480,39985,11,0,0,11,3
2020-08-18,US,Oklahoma,McCurtain,903,28,0,34.11664328,-94.77222373,40089.0,2750.365497,3.1007751939999997,875,896,28,0,868,895,32703,7,0,0,7,1
2020-08-18,US,Oklahoma,McIntosh,208,3,0,35.37235506,-95.66599306,40091.0,1061.44111,1.442307692,205,207,2,0,205,207,19815,1,1,0,0,0
2020-08-18,US,Oklahoma,Murray,81,0,0,34.48116015,-97.06826283,40099.0,575.5702409,0.0,81,82,0,0,82,81,13953,-1,0,0,-1,1
2020-08-18,US,Oklahoma,Muskogee,607,16,0,35.61318461,-95.37802952,40101.0,892.6864419999999,2.635914333,591,588,16,0,572,578,68362,19,0,0,19,10
2020-08-18,US,Oklahoma,Noble,92,2,0,36.38953329,-97.22928674,40103.0,826.5205283,2.173913043,90,92,2,0,90,91,11289,0,0,0,0,1
2020-08-18,US,Oklahoma,Nowata,63,1,0,36.79843529,-95.61902331,40105.0,625.2481142999999,1.5873015869999998,62,63,1,0,62,62,10218,0,0,0,0,1
2020-08-18,US,Oklahoma,Okfuskee,83,1,0,35.46485198,-96.32639984,40107.0,708.7467688999999,1.2048192770000001,82,83,1,0,82,83,12098,0,0,0,0,0
2020-08-18,US,Oklahoma,Oklahoma,11801,132,0,35.55140095,-97.40716948,40109.0,1479.8716880000002,1.118549275,11669,11715,132,0,11583,11600,792582,86,0,0,86,115
2020-08-18,US,Oklahoma,Okmulgee,520,3,0,35.64661916,-95.96432828,40111.0,1351.8783310000001,0.576923077,517,508,3,0,505,505,38335,12,0,0,12,3
2020-08-18,US,Oklahoma,Osage,573,12,0,36.62888819,-96.39635704,40113.0,1220.1094480000002,2.094240838,561,564,12,0,552,558,47014,9,0,0,9,6
2020-08-18,US,Oklahoma,Ottawa,430,3,0,36.83532655,-94.81011909,40115.0,1381.4373369999998,0.697674419,427,418,3,0,415,417,31175,12,0,0,12,1
2020-08-18,US,Oklahoma,Pawnee,170,3,0,36.31743373,-96.70331759999999,40117.0,1038.104543,1.764705882,167,168,3,0,165,166,16390,2,0,0,2,2
2020-08-18,US,Oklahoma,Payne,814,4,0,36.07695283,-96.97584944,40119.0,995.3047051000001,0.491400491,810,800,4,0,796,794,82040,14,0,0,14,6
2020-08-18,US,Oklahoma,Pittsburg,462,4,0,34.92065823,-95.75134320000001,40121.0,1058.322261,0.865800866,458,437,4,0,433,433,43877,25,0,0,25,4
2020-08-18,US,Oklahoma,Pontotoc,215,2,0,34.72959848,-96.68337199,40123.0,561.5923101,0.9302325579999999,213,215,2,0,213,211,38247,0,0,0,0,4
2020-08-18,US,Oklahoma,Pottawatomie,608,9,0,35.20614018,-96.94923008,40125.0,837.5578576,1.480263158,599,595,9,0,586,590,72679,13,0,0,13,5
2020-08-18,US,Oklahoma,Pushmataha,117,0,0,34.41635232,-95.37603505,40127.0,1054.4340300000001,0.0,117,116,0,0,116,117,11179,1,0,0,1,-1
2020-08-18,US,Oklahoma,Roger Mills,9,1,0,35.68711719,-99.69666167,40129.0,251.18615690000001,11.11111111,8,9,1,0,8,9,3656,0,0,0,0,0
2020-08-18,US,Oklahoma,Rogers,1149,21,0,36.37004357,-95.60406759,40131.0,1242.712986,1.82767624,1128,1139,21,0,1118,1131,91984,10,0,0,10,8
2020-08-18,US,Oklahoma,Seminole,265,5,0,35.16478725,-96.61686741,40133.0,1092.423118,1.8867924530000002,260,257,5,0,252,257,24578,8,0,0,8,0
2020-08-18,US,Oklahoma,Sequoyah,449,4,0,35.49447108,-94.75463785,40135.0,1080.131829,0.890868597,445,439,4,0,435,433,41179,10,0,0,10,6
2020-08-18,US,Oklahoma,Stephens,225,3,0,34.48556989,-97.85141892,40137.0,521.5214519,1.333333333,222,218,3,0,215,217,43265,7,0,0,7,1
2020-08-18,US,Oklahoma,Texas,1081,7,0,36.74777635,-101.4889765,40139.0,5409.598158,0.647548566,1074,1079,7,0,1072,1078,20455,2,0,0,2,1
2020-08-18,US,Oklahoma,Tillman,59,1,0,34.37288446,-98.92426619,40141.0,813.7931034,1.694915254,58,59,1,0,58,59,7348,0,0,0,0,0
2020-08-18,US,Oklahoma,Tulsa,11614,120,0,36.11939621,-95.94013939,40143.0,1782.5131379999998,1.03323575,11494,11443,116,0,11327,11375,648360,171,4,0,167,68
2020-08-18,US,Oklahoma,Unassigned,1,0,0,0.0,0.0,90040.0,0.0,0.0,1,2,0,0,2,7,,-1,0,0,-1,-5
2020-08-18,US,Oklahoma,Wagoner,981,23,0,35.96024096,-95.51911308,40145.0,1206.805349,2.344546381,958,968,23,0,945,960,80110,13,0,0,13,8
2020-08-18,US,Oklahoma,Washington,711,39,0,36.71380786,-95.90514104,40147.0,1379.859103,5.485232067999999,672,705,39,0,666,696,51843,6,0,0,6,9
2020-08-18,US,Oklahoma,Washita,36,0,0,35.29071824,-98.99180434,40149.0,329.7911323,0.0,36,35,0,0,35,35,11127,1,0,0,1,0
2020-08-18,US,Oklahoma,Woods,22,0,0,36.76705782,-98.86573064,40151.0,250.1990219,0.0,22,21,0,0,21,21,8897,1,0,0,1,0
2020-08-18,US,Oklahoma,Woodward,54,0,0,36.42316318,-99.26283045,40153.0,267.18123790000004,0.0,54,52,0,0,52,52,20222,2,0,0,2,0
2020-08-18,US,Oregon,Baker,54,0,0,44.70915557,-117.6749883,41001.0,334.9044902,0.0,54,53,0,0,53,53,16006,1,0,0,1,0
2020-08-18,US,Oregon,Benton,189,6,0,44.49167306,-123.4316987,41003.0,203.11005559999998,3.174603175,183,186,6,0,180,186,92101,3,0,0,3,0
2020-08-18,US,Oregon,Clackamas,1709,52,0,45.18787398,-122.2179634,41005.0,408.66884910000005,3.0427150380000003,1657,1699,50,0,1649,1689,416075,10,2,0,8,10
2020-08-18,US,Oregon,Clatsop,91,0,0,45.99712889,-123.660711,41007.0,226.23309469999998,0.0,91,92,0,0,92,91,39764,-1,0,0,-1,1
2020-08-18,US,Oregon,Columbia,115,1,0,45.94464254,-123.08908980000001,41009.0,219.6584788,0.869565217,114,113,1,0,112,110,52377,2,0,0,2,3
2020-08-18,US,Oregon,Coos,93,0,0,43.17406868,-124.0594514,41011.0,144.2151131,0.0,93,93,0,0,93,93,64389,0,0,0,0,0
2020-08-18,US,Oregon,Crook,53,1,0,44.14230227,-120.356297,41013.0,217.17751189999998,1.8867924530000002,52,53,1,0,52,52,23867,0,0,0,0,1
2020-08-18,US,Oregon,Curry,19,0,0,42.45911325,-124.15728200000001,41015.0,82.87895311,0.0,19,19,0,0,19,19,22813,0,0,0,0,0
2020-08-18,US,Oregon,Deschutes,650,11,0,43.91570171,-121.2289121,41017.0,328.7942861,1.692307692,639,645,11,0,634,639,191996,5,0,0,5,6
2020-08-18,US,Oregon,Douglas,165,1,0,43.27941273,-123.16729099999999,41019.0,148.67543700000002,0.606060606,164,162,1,0,161,160,110283,3,0,0,3,2
2020-08-18,US,Oregon,Gilliam,4,0,0,45.37160076,-120.20488689999999,41021.0,209.2050209,0.0,4,4,0,0,4,4,1894,0,0,0,0,0
2020-08-18,US,Oregon,Grant,4,0,0,44.49024544,-119.0068631,41023.0,55.56327268,0.0,4,4,0,0,4,4,7176,0,0,0,0,0
2020-08-18,US,Oregon,Harney,11,0,0,43.06422669,-118.96663059999999,41025.0,148.78939540000002,0.0,11,11,0,0,11,11,7329,0,0,0,0,0
2020-08-18,US,Oregon,Hood River,220,0,0,45.51872811,-121.65520359999998,41027.0,940.8947052999999,0.0,220,218,0,0,218,218,23428,2,0,0,2,0
2020-08-18,US,Oregon,Jackson,594,2,0,42.43201126,-122.72893090000001,41029.0,268.8464045,0.336700337,592,576,2,0,574,559,219564,18,0,0,18,17
2020-08-18,US,Oregon,Jefferson,417,6,0,44.62806839,-121.17832,41031.0,1691.1347230000001,1.438848921,411,413,5,0,408,411,24192,4,1,0,3,2
2020-08-18,US,Oregon,Josephine,148,2,0,42.3665549,-123.5561938,41033.0,169.1679907,1.351351351,146,140,2,0,138,139,87393,8,0,0,8,1
2020-08-18,US,Oregon,Klamath,216,2,0,42.68762984,-121.64964609999998,41035.0,316.5391717,0.9259259259999999,214,210,2,0,208,210,67653,6,0,0,6,0
2020-08-18,US,Oregon,Lake,32,0,0,42.79246693,-120.38501629999999,41037.0,406.6590418,0.0,32,32,0,0,32,32,7879,0,0,0,0,0
2020-08-18,US,Oregon,Lane,632,4,0,43.93727035,-122.847753,41039.0,165.4160134,0.632911392,628,629,4,0,625,625,379611,3,0,0,3,4
2020-08-18,US,Oregon,Lincoln,440,11,0,44.64252874,-123.86991200000001,41041.0,880.6693087000001,2.5,429,440,9,0,431,438,49388,0,2,0,-2,2
2020-08-18,US,Oregon,Linn,342,11,0,44.48899494,-122.53731540000001,41043.0,263.5858465,3.2163742689999997,331,338,11,0,327,333,127335,4,0,0,4,5
2020-08-18,US,Oregon,Malheur,947,16,0,43.1937027,-117.62273950000001,41045.0,3097.706977,1.689545935,931,916,15,0,901,905,30725,31,1,0,30,11
2020-08-18,US,Oregon,Marion,3284,73,0,44.90287942,-122.58151170000001,41047.0,944.1719519999999,2.222898904,3211,3234,73,0,3161,3204,346868,50,0,0,50,30
2020-08-18,US,Oregon,Morrow,410,3,0,45.41846568,-119.584546,41049.0,3533.5689049999996,0.731707317,407,407,3,0,404,407,11372,3,0,0,3,0
2020-08-18,US,Oregon,Multnomah,5410,102,0,45.54747959,-122.4169351,41051.0,665.5553574,1.8853974119999999,5308,5387,102,0,5285,5330,811880,23,0,0,23,57
2020-08-18,US,Oregon,Polk,370,12,0,44.90322804,-123.4128888,41053.0,429.8077482,3.243243243,358,367,12,0,355,364,85234,3,0,0,3,3
2020-08-18,US,Oregon,Sherman,16,0,0,45.41501554,-120.6827834,41055.0,898.8764045,0.0,16,16,0,0,16,16,1708,0,0,0,0,0
2020-08-18,US,Oregon,Tillamook,35,0,0,45.46248721,-123.712066,41057.0,129.4570203,0.0,35,35,0,0,35,35,26787,0,0,0,0,0
2020-08-18,US,Oregon,Umatilla,2468,32,0,45.59073056,-118.7353826,41059.0,3166.1321359999997,1.296596434,2436,2456,32,0,2424,2450,77516,12,0,0,12,6
2020-08-18,US,Oregon,Union,400,2,0,45.30915495,-118.0068979,41061.0,1490.590647,0.5,398,398,2,0,396,398,26461,2,0,0,2,0
2020-08-18,US,Oregon,Wallowa,21,1,0,45.57894064,-117.18353799999998,41063.0,291.3429523,4.7619047619999995,20,21,1,0,20,21,7081,0,0,0,0,0
2020-08-18,US,Oregon,Wasco,204,3,0,45.16292781,-121.16709540000001,41065.0,764.5603778,1.470588235,201,203,3,0,200,202,26505,1,0,0,1,1
2020-08-18,US,Oregon,Washington,3380,30,0,45.55972701,-123.0955257,41067.0,561.8425777000001,0.8875739640000001,3350,3358,27,0,3331,3337,597695,22,3,0,19,21
2020-08-18,US,Oregon,Yamhill,533,13,0,45.23330449,-123.3086963,41071.0,497.665733,2.43902439,520,523,13,0,510,517,107002,10,0,0,10,6
2020-08-18,US,Pennsylvania,Adams,548,22,0,39.87140411,-77.21610347,42001.0,531.9923502,4.01459854,526,548,22,0,526,548,102811,0,0,0,0,0
2020-08-18,US,Pennsylvania,Allegheny,9549,274,0,40.46809875,-79.98167747,42003.0,785.2505457999999,2.869410409,9275,9504,270,0,9234,9433,1218452,45,4,0,41,71
2020-08-18,US,Pennsylvania,Armstrong,245,9,0,40.81665618,-79.46290811,42005.0,378.46605389999996,3.673469388,236,244,9,0,235,242,65263,1,0,0,1,2
2020-08-18,US,Pennsylvania,Beaver,1423,95,0,40.6825484,-80.34921611,42007.0,868.0587327,6.6760365429999995,1328,1410,94,0,1316,1407,164742,13,1,0,12,3
2020-08-18,US,Pennsylvania,Bedford,155,4,0,40.00522157,-78.48998442,42009.0,323.6719011,2.580645161,151,154,4,0,150,153,48176,1,0,0,1,1
2020-08-18,US,Pennsylvania,Berks,5645,375,0,40.41570541,-75.92457766,42011.0,1340.3329820000001,6.643046944,5270,5601,375,0,5226,5589,420152,44,0,0,44,12
2020-08-18,US,Pennsylvania,Blair,355,8,0,40.47961444,-78.34917412,42013.0,291.39203310000005,2.253521127,347,354,8,0,346,351,122492,1,0,0,1,3
2020-08-18,US,Pennsylvania,Bradford,93,3,0,41.78869215,-76.51570822,42015.0,154.1700512,3.225806452,90,93,3,0,90,92,60833,0,0,0,0,1
2020-08-18,US,Pennsylvania,Bucks,7458,584,0,40.33682119,-75.10836643,42017.0,1187.069254,7.830517565,6874,7441,583,0,6858,7419,628195,17,1,0,16,22
2020-08-18,US,Pennsylvania,Butler,729,17,0,40.91152759,-79.91351055,42019.0,388.0693947,2.331961591,712,723,17,0,706,718,187888,6,0,0,6,5
2020-08-18,US,Pennsylvania,Cambria,402,3,0,40.49527404,-78.71377428,42021.0,308.7747327,0.746268657,399,393,3,0,390,383,131730,9,0,0,9,10
2020-08-18,US,Pennsylvania,Cameron,8,0,0,41.43625568,-78.20376845,42023.0,179.8965595,0.0,8,8,0,0,8,8,4492,0,0,0,0,0
2020-08-18,US,Pennsylvania,Carbon,406,28,0,40.91545395,-75.7068525,42025.0,632.5761117000001,6.896551724,378,397,28,0,369,390,64227,9,0,0,9,7
2020-08-18,US,Pennsylvania,Centre,399,11,0,40.92058903,-77.82200624,42027.0,245.7123503,2.756892231,388,393,11,0,382,392,162805,6,0,0,6,1
2020-08-18,US,Pennsylvania,Chester,5362,350,0,39.97291773,-75.74768357,42029.0,1021.354733,6.527415144,5012,5347,350,0,4997,5293,522046,15,0,0,15,54
2020-08-18,US,Pennsylvania,Clarion,94,3,0,41.19265812,-79.42413524,42031.0,244.54966439999998,3.191489362,91,90,2,0,88,89,38779,4,1,0,3,1
2020-08-18,US,Pennsylvania,Clearfield,195,1,0,41.00110782,-78.47592663,42033.0,246.04125919999998,0.512820513,194,194,1,0,193,194,79388,1,0,0,1,0
2020-08-18,US,Pennsylvania,Clinton,128,5,0,41.23255967,-77.63785995,42035.0,331.33153860000004,3.90625,123,128,5,0,123,128,38684,0,0,0,0,0
2020-08-18,US,Pennsylvania,Columbia,496,35,0,41.04821986,-76.40565017,42037.0,763.4997844999999,7.056451612999999,461,492,35,0,457,491,65456,4,0,0,4,1
2020-08-18,US,Pennsylvania,Crawford,172,1,0,41.68447709,-80.10760592,42039.0,203.2400241,0.581395349,171,169,1,0,168,168,85063,3,0,0,3,1
2020-08-18,US,Pennsylvania,Cumberland,1380,71,0,40.1625372,-77.26130755,42041.0,544.65801,5.144927536,1309,1373,71,0,1302,1369,251423,7,0,0,7,4
2020-08-18,US,Pennsylvania,Dauphin,3014,161,0,40.41377078,-76.77993242,42043.0,1083.007844,5.341738553,2853,2995,160,0,2835,2982,277097,19,1,0,18,13
2020-08-18,US,Pennsylvania,Delaware,9793,715,0,39.91680171,-75.40243663,42045.0,1727.931511,7.301133462999999,9078,9731,713,0,9018,9691,564751,62,2,0,60,40
2020-08-18,US,Pennsylvania,Elk,58,2,0,41.42822061,-78.64524744,42047.0,193.9150786,3.448275862,56,58,2,0,56,56,30169,0,0,0,0,2
2020-08-18,US,Pennsylvania,Erie,1229,28,0,41.99253829,-80.03301954,42049.0,455.6442045,2.27827502,1201,1217,27,0,1190,1211,272061,12,1,0,11,6
2020-08-18,US,Pennsylvania,Fayette,631,6,0,39.92041012,-79.64291195,42051.0,488.1105249,0.950871632,625,628,6,0,622,624,130441,3,0,0,3,4
2020-08-18,US,Pennsylvania,Forest,13,0,0,41.51095103,-79.23229292,42053.0,179.3845729,0.0,13,12,0,0,12,12,7279,1,0,0,1,0
2020-08-18,US,Pennsylvania,Franklin,1427,46,0,39.92956518,-77.72157791,42055.0,920.4848188,3.2235459,1381,1417,46,0,1371,1416,154835,10,0,0,10,1
2020-08-18,US,Pennsylvania,Fulton,28,2,0,39.92913544,-78.11163677,42057.0,192.7047488,7.142857143,26,28,2,0,26,28,14523,0,0,0,0,0
2020-08-18,US,Pennsylvania,Greene,129,1,0,39.85746531,-80.22357106,42059.0,356.02903430000003,0.775193798,128,126,1,0,125,126,36506,3,0,0,3,0
2020-08-18,US,Pennsylvania,Huntingdon,340,5,0,40.42162652,-77.97673273,42061.0,753.14549,1.470588235,335,336,5,0,331,333,45168,4,0,0,4,3
2020-08-18,US,Pennsylvania,Indiana,359,8,0,40.65241041,-79.08963285,42063.0,427.00986050000006,2.228412256,351,359,8,0,351,358,84501,0,0,0,0,1
2020-08-18,US,Pennsylvania,Jefferson,78,1,0,41.12913106,-78.9986361,42065.0,179.6200345,1.282051282,77,78,1,0,77,75,43641,0,0,0,0,3
2020-08-18,US,Pennsylvania,Juniata,140,6,0,40.53358749,-77.39975129999999,42067.0,565.3596091000001,4.285714286,134,139,6,0,133,139,24704,1,0,0,1,0
2020-08-18,US,Pennsylvania,Lackawanna,1967,212,0,41.43564672,-75.60379201,42069.0,938.1229909,10.77783427,1755,1966,212,0,1754,1963,210793,1,0,0,1,3
2020-08-18,US,Pennsylvania,Lancaster,6260,422,0,40.03904563,-76.24770128,42071.0,1147.099999,6.741214058,5838,6228,421,0,5807,6212,543557,32,1,0,31,16
2020-08-18,US,Pennsylvania,Lawrence,429,16,0,40.99206278,-80.33393706,42073.0,501.68397419999997,3.72960373,413,429,16,0,413,423,86184,0,0,0,0,6
2020-08-18,US,Pennsylvania,Lebanon,1653,55,0,40.36680311,-76.45651841,42075.0,1165.783924,3.3272837269999997,1598,1651,55,0,1596,1650,141314,2,0,0,2,1
2020-08-18,US,Pennsylvania,Lehigh,5085,341,0,40.6154815,-75.59435245,42077.0,1376.862216,6.705998032999999,4744,5073,341,0,4732,5070,368100,12,0,0,12,3
2020-08-18,US,Pennsylvania,Luzerne,3633,185,0,41.17823008,-75.98447579,42079.0,1144.551174,5.092210295,3448,3621,185,0,3436,3607,317646,12,0,0,12,14
2020-08-18,US,Pennsylvania,Lycoming,452,20,0,41.34310539,-77.06629984,42081.0,398.94438610000003,4.424778761000001,432,444,20,0,424,442,113664,8,0,0,8,2
2020-08-18,US,Pennsylvania,McKean,34,1,0,41.80938602,-78.56478358,42083.0,83.69230769,2.9411764710000003,33,34,1,0,33,34,40968,0,0,0,0,0
2020-08-18,US,Pennsylvania,Mercer,504,12,0,41.30248872,-80.25816981,42085.0,460.593654,2.3809523809999997,492,495,12,0,483,493,110683,9,0,0,9,2
2020-08-18,US,Pennsylvania,Mifflin,130,1,0,40.61116939,-77.61070738,42087.0,281.76340539999995,0.7692307690000001,129,126,1,0,125,125,46222,4,0,0,4,1
2020-08-18,US,Pennsylvania,Monroe,1670,125,0,41.05934058,-75.34031025,42089.0,980.7894474,7.48502994,1545,1669,125,0,1544,1667,169507,1,0,0,1,2
2020-08-18,US,Pennsylvania,Montgomery,10479,859,0,40.21053671,-75.36652296,42091.0,1261.1398279999999,8.197347075,9620,10433,859,0,9574,10405,828604,46,0,0,46,28
2020-08-18,US,Pennsylvania,Montour,116,3,0,41.03023987,-76.66345939,42093.0,636.3137684999999,2.586206897,113,113,3,0,110,112,18240,3,0,0,3,1
2020-08-18,US,Pennsylvania,Northampton,4014,296,0,40.75182733,-75.30471829,42095.0,1314.836956,7.374190334,3718,4013,295,0,3718,4008,304807,1,1,0,0,5
2020-08-18,US,Pennsylvania,Northumberland,586,20,0,40.84785433,-76.70798222,42097.0,645.0689651,3.4129692830000002,566,575,18,0,557,563,91083,11,2,0,9,12
2020-08-18,US,Pennsylvania,Perry,150,5,0,40.40206612,-77.26297447,42099.0,324.1701245,3.333333333,145,145,5,0,140,140,46139,5,0,0,5,5
2020-08-18,US,Pennsylvania,Philadelphia,32432,1717,0,40.00338507,-75.1379271,42101.0,2047.392025,5.294153922,30715,32348,1717,0,30631,32186,1584138,84,0,0,84,162
2020-08-18,US,Pennsylvania,Pike,528,21,0,41.33155042,-75.03208106,42103.0,946.083965,3.977272727,507,528,21,0,507,528,55933,0,0,0,0,0
2020-08-18,US,Pennsylvania,Potter,21,0,0,41.74471626,-77.89559864,42105.0,127.07249180000001,0.0,21,21,0,0,21,21,16622,0,0,0,0,0
2020-08-18,US,Pennsylvania,Schuylkill,952,51,0,40.70497338,-76.2150785,42107.0,673.4626023,5.3571428569999995,901,950,51,0,899,947,142067,2,0,0,2,3
2020-08-18,US,Pennsylvania,Snyder,128,2,0,40.77129231,-77.06840691,42109.0,317.0514218,1.5625,126,124,2,0,122,122,40540,4,0,0,4,2
2020-08-18,US,Pennsylvania,Somerset,143,3,0,39.97172723,-79.02699593,42111.0,194.6982178,2.097902098,140,143,3,0,140,142,73952,0,0,0,0,1
2020-08-18,US,Pennsylvania,Sullivan,10,0,0,41.44634738,-76.51246591,42113.0,164.85328059999998,0.0,10,10,0,0,10,10,6071,0,0,0,0,0
2020-08-18,US,Pennsylvania,Susquehanna,226,27,0,41.82147784,-75.80071959,42115.0,560.4046816,11.94690265,199,221,27,0,194,221,40589,5,0,0,5,0
2020-08-18,US,Pennsylvania,Tioga,42,3,0,41.77255149,-77.25433032,42117.0,103.4712128,7.142857143,39,41,3,0,38,41,40763,1,0,0,1,0
2020-08-18,US,Pennsylvania,Union,310,2,0,40.96188846,-77.05996014,42119.0,690.0696747999999,0.64516129,308,305,2,0,303,306,44785,5,0,0,5,-1
2020-08-18,US,Pennsylvania,Venango,68,0,0,41.40323442,-79.75845449,42121.0,134.2069946,0.0,68,67,0,0,67,67,51266,1,0,0,1,0
2020-08-18,US,Pennsylvania,Warren,23,1,0,41.81304978,-79.26969577,42123.0,58.68694343,4.347826087,22,23,1,0,22,23,39498,0,0,0,0,0
2020-08-18,US,Pennsylvania,Washington,924,20,0,40.19208869,-80.24582867,42125.0,446.6681169,2.164502165,904,910,17,0,893,903,207346,14,3,0,11,7
2020-08-18,US,Pennsylvania,Wayne,165,10,0,41.64938475,-75.29956506,42127.0,321.2554273,6.0606060610000005,155,164,10,0,154,164,51276,1,0,0,1,0
2020-08-18,US,Pennsylvania,Westmoreland,1640,48,0,40.31377979999999,-79.46615476,42129.0,470.0500718,2.926829268,1592,1627,48,0,1579,1620,350611,13,0,0,13,7
2020-08-18,US,Pennsylvania,Wyoming,63,8,0,41.51955538,-76.01074915,42131.0,235.1272673,12.698412699999999,55,63,8,0,55,63,27046,0,0,0,0,0
2020-08-18,US,Pennsylvania,York,2929,108,0,39.9210089,-76.73040131,42133.0,652.2542745000001,3.687265278,2821,2907,105,0,2802,2884,448273,22,3,0,19,23
2020-08-18,US,Puerto Rico,Adjuntas,103,0,0,18.180117000000003,-66.754367,72001.0,528.6660165,0.0,103,102,0,0,102,101,,1,0,0,1,1
2020-08-18,US,Puerto Rico,Aguada,173,0,0,18.360255,-67.17513100000001,72003.0,412.3072523,0.0,173,165,0,0,165,161,,8,0,0,8,4
2020-08-18,US,Puerto Rico,Aguadilla,259,0,0,18.459681,-67.12081500000001,72005.0,424.94544620000005,0.0,259,256,0,0,256,250,,3,0,0,3,6
2020-08-18,US,Puerto Rico,Aguas Buenas,160,0,0,18.251619,-66.126806,72007.0,558.2888447,0.0,160,155,0,0,155,153,,5,0,0,5,2
2020-08-18,US,Puerto Rico,Aibonito,103,0,0,18.131361,-66.264131,72009.0,397.6833977,0.0,103,100,0,0,100,100,,3,0,0,3,0
2020-08-18,US,Puerto Rico,Anasco,166,0,0,18.287985,-67.120611,72011.0,567.3080209,0.0,166,161,0,0,161,156,,5,0,0,5,5
2020-08-18,US,Puerto Rico,Arecibo,404,0,0,18.406631,-66.675077,72013.0,418.913314,0.0,404,389,0,0,389,384,,15,0,0,15,5
2020-08-18,US,Puerto Rico,Arroyo,107,0,0,17.998457000000002,-66.056546,72015.0,546.6155811000001,0.0,107,107,0,0,107,105,,0,0,0,0,2
2020-08-18,US,Puerto Rico,Barceloneta,112,0,0,18.445532999999998,-66.56053100000001,72017.0,451.3217279,0.0,112,110,0,0,110,104,,2,0,0,2,6
2020-08-18,US,Puerto Rico,Barranquitas,288,0,0,18.201592,-66.30963,72019.0,949.9307342000001,0.0,288,280,0,0,280,275,,8,0,0,8,5
2020-08-18,US,Puerto Rico,Bayamon,1996,0,0,18.34946,-66.168435,72021.0,959.0805127999998,0.0,1996,1944,0,0,1944,1864,,52,0,0,52,80
2020-08-18,US,Puerto Rico,Cabo Rojo,243,0,0,18.040993,-67.154391,72023.0,477.24728480000005,0.0,243,241,0,0,241,241,,2,0,0,2,0
2020-08-18,US,Puerto Rico,Caguas,924,0,0,18.211615,-66.050779,72025.0,646.6376938999999,0.0,924,875,0,0,875,852,,49,0,0,49,23
2020-08-18,US,Puerto Rico,Camuy,169,0,0,18.418578,-66.860206,72027.0,480.67351179999997,0.0,169,164,0,0,164,158,,5,0,0,5,6
2020-08-18,US,Puerto Rico,Canovanas,438,0,0,18.328802,-65.887612,72029.0,919.2411014,0.0,438,432,0,0,432,425,,6,0,0,6,7
2020-08-18,US,Puerto Rico,Carolina,1580,0,0,18.374986,-65.95683100000001,72031.0,893.857277,0.0,1580,1533,0,0,1533,1493,,47,0,0,47,40
2020-08-18,US,Puerto Rico,Catano,243,0,0,18.437269,-66.14330600000001,72033.0,863.5394456,0.0,243,233,0,0,233,230,,10,0,0,10,3
2020-08-18,US,Puerto Rico,Cayey,229,0,0,18.102851,-66.14914,72035.0,475.9034893,0.0,229,227,0,0,227,223,,2,0,0,2,4
2020-08-18,US,Puerto Rico,Ceiba,77,0,0,18.251818,-65.666416,72037.0,564.8888562999999,0.0,77,76,0,0,76,75,,1,0,0,1,1
2020-08-18,US,Puerto Rico,Ciales,172,0,0,18.28885,-66.516475,72039.0,915.7704185,0.0,172,171,0,0,171,170,,1,0,0,1,1
2020-08-18,US,Puerto Rico,Cidra,208,0,0,18.173559,-66.161179,72041.0,478.3808648,0.0,208,198,0,0,198,195,,10,0,0,10,3
2020-08-18,US,Puerto Rico,Coamo,186,0,0,18.097597,-66.36014,72043.0,459.1232227,0.0,186,179,0,0,179,178,,7,0,0,7,1
2020-08-18,US,Puerto Rico,Comerio,144,0,0,18.224687,-66.221622,72045.0,693.0407161,0.0,144,141,0,0,141,138,,3,0,0,3,3
2020-08-18,US,Puerto Rico,Corozal,307,0,0,18.304264,-66.327738,72047.0,826.5575359000001,0.0,307,296,0,0,296,281,,11,0,0,11,15
2020-08-18,US,Puerto Rico,Culebra,19,0,0,18.31586,-65.28813000000001,72049.0,1045.10451,0.0,19,19,0,0,19,19,,0,0,0,0,0
2020-08-18,US,Puerto Rico,Dorado,395,0,0,18.436115,-66.278669,72051.0,1034.979693,0.0,395,382,0,0,382,365,,13,0,0,13,17
2020-08-18,US,Puerto Rico,Fajardo,301,0,0,18.318373,-65.666866,72053.0,813.6674506,0.0,301,293,0,0,293,290,,8,0,0,8,3
2020-08-18,US,Puerto Rico,Florida,195,0,0,18.373715,-66.560488,72054.0,1537.85489,0.0,195,194,0,0,194,192,,1,0,0,1,2
2020-08-18,US,Puerto Rico,Guanica,70,0,0,17.982429,-66.91964300000001,72055.0,360.3232614,0.0,70,70,0,0,70,68,,0,0,0,0,2
2020-08-18,US,Puerto Rico,Guayama,194,0,0,18.007516,-66.13390799999999,72057.0,427.6707376,0.0,194,191,0,0,191,189,,3,0,0,3,2
2020-08-18,US,Puerto Rico,Guayanilla,137,0,0,18.039942,-66.79186,72059.0,634.8176637,0.0,137,136,0,0,136,135,,1,0,0,1,1
2020-08-18,US,Puerto Rico,Guaynabo,1065,0,0,18.345114000000002,-66.11452299999999,72061.0,1087.5781220000001,0.0,1065,1013,0,0,1013,988,,52,0,0,52,25
2020-08-18,US,Puerto Rico,Gurabo,305,0,0,18.266461,-65.97970500000001,72063.0,672.2652031,0.0,305,299,0,0,299,295,,6,0,0,6,4
2020-08-18,US,Puerto Rico,Hatillo,137,0,0,18.410928,-66.79632600000001,72065.0,326.5559078,0.0,137,123,0,0,123,121,,14,0,0,14,2
2020-08-18,US,Puerto Rico,Hormigueros,111,0,0,18.134532,-67.113972,72067.0,643.4782609,0.0,111,111,0,0,111,109,,0,0,0,0,2
2020-08-18,US,Puerto Rico,Humacao,236,0,0,18.145211,-65.810174,72069.0,403.65340539999994,0.0,236,227,0,0,227,223,,9,0,0,9,4
2020-08-18,US,Puerto Rico,Isabela,160,0,0,18.44981,-67.005093,72071.0,350.63882010000003,0.0,160,157,0,0,157,155,,3,0,0,3,2
2020-08-18,US,Puerto Rico,Jayuya,186,0,0,18.211446,-66.58878,72073.0,1117.654128,0.0,186,184,0,0,184,183,,2,0,0,2,1
2020-08-18,US,Puerto Rico,Juana Diaz,228,0,0,18.050764,-66.49458100000001,72075.0,285.3674105,0.0,228,224,0,0,224,220,,4,0,0,4,4
2020-08-18,US,Puerto Rico,Juncos,181,0,0,18.223793,-65.909109,72077.0,449.24298830000004,0.0,181,178,0,0,178,169,,3,0,0,3,9
2020-08-18,US,Puerto Rico,Lajas,92,0,0,18.011661,-67.040585,72079.0,357.2399332,0.0,92,92,0,0,92,92,,0,0,0,0,0
2020-08-18,US,Puerto Rico,Lares,206,0,0,18.269035000000002,-66.867236,72081.0,669.8533476,0.0,206,203,0,0,203,202,,3,0,0,3,1
2020-08-18,US,Puerto Rico,Las Marias,80,0,0,18.23679,-66.98362,72083.0,809.6346524,0.0,80,80,0,0,80,79,,0,0,0,0,1
2020-08-18,US,Puerto Rico,Las Piedras,205,0,0,18.187527,-65.86946800000001,72085.0,530.0581771000001,0.0,205,198,0,0,198,185,,7,0,0,7,13
2020-08-18,US,Puerto Rico,Loiza,164,0,0,18.425688,-65.89943000000001,72087.0,545.5755156,0.0,164,156,0,0,156,153,,8,0,0,8,3
2020-08-18,US,Puerto Rico,Luquillo,140,0,0,18.342114000000002,-65.72509699999999,72089.0,697.6280646,0.0,140,137,0,0,137,132,,3,0,0,3,5
2020-08-18,US,Puerto Rico,Manati,303,0,0,18.420473,-66.490461,72091.0,686.8723506,0.0,303,296,0,0,296,288,,7,0,0,7,8
2020-08-18,US,Puerto Rico,Maricao,44,0,0,18.171795,-66.942126,72093.0,701.0834927,0.0,44,44,0,0,44,44,,0,0,0,0,0
2020-08-18,US,Puerto Rico,Maunabo,72,0,0,18.017889,-65.922235,72095.0,588.9570552,0.0,72,72,0,0,72,72,,0,0,0,0,0
2020-08-18,US,Puerto Rico,Mayaguez,569,0,0,18.2013,-67.1452,72097.0,638.7516839,0.0,569,563,0,0,563,557,,6,0,0,6,6
2020-08-18,US,Puerto Rico,Moca,217,0,0,18.377805,-67.080952,72099.0,541.025705,0.0,217,206,0,0,206,195,,11,0,0,11,11
2020-08-18,US,Puerto Rico,Morovis,317,0,0,18.316963,-66.420383,72101.0,972.0944496,0.0,317,310,0,0,310,305,,7,0,0,7,5
2020-08-18,US,Puerto Rico,Naguabo,109,0,0,18.230636999999998,-65.753897,72103.0,407.93413169999997,0.0,109,106,0,0,106,103,,3,0,0,3,3
2020-08-18,US,Puerto Rico,Naranjito,383,0,0,18.288019,-66.252703,72105.0,1259.78554,0.0,383,356,0,0,356,343,,27,0,0,27,13
2020-08-18,US,Puerto Rico,Orocovis,248,0,0,18.215046,-66.433604,72107.0,1058.78837,0.0,248,242,0,0,242,239,,6,0,0,6,3
2020-08-18,US,Puerto Rico,Out of PR,682,0,0,0.0,0.0,72888.0,0.0,0.0,682,682,0,0,682,682,,0,0,0,0,0
2020-08-18,US,Puerto Rico,Patillas,119,0,0,18.03174,-66.012242,72109.0,617.3159724,0.0,119,116,0,0,116,113,,3,0,0,3,3
2020-08-18,US,Puerto Rico,Penuelas,85,0,0,18.059645,-66.721572,72111.0,350.0535376,0.0,85,84,0,0,84,84,,1,0,0,1,0
2020-08-18,US,Puerto Rico,Ponce,580,0,0,18.059498,-66.613748,72113.0,348.7106724,0.0,580,569,0,0,569,564,,11,0,0,11,5
2020-08-18,US,Puerto Rico,Quebradillas,88,0,0,18.439692,-66.926113,72115.0,339.5192716,0.0,88,86,0,0,86,84,,2,0,0,2,2
2020-08-18,US,Puerto Rico,Rincon,114,0,0,18.335442999999998,-67.23174,72117.0,750.0,0.0,114,112,0,0,112,111,,2,0,0,2,1
2020-08-18,US,Puerto Rico,Rio Grande,374,0,0,18.346329,-65.813742,72119.0,688.7153801,0.0,374,361,0,0,361,354,,13,0,0,13,7
2020-08-18,US,Puerto Rico,Sabana Grande,136,0,0,18.08282,-66.943758,72121.0,538.2940827000001,0.0,136,135,0,0,135,133,,1,0,0,1,2
2020-08-18,US,Puerto Rico,Salinas,254,0,0,18.010386999999998,-66.256592,72123.0,817.2984105,0.0,254,240,0,0,240,232,,14,0,0,14,8
2020-08-18,US,Puerto Rico,San German,164,0,0,18.111484,-67.03858100000001,72125.0,461.6207392,0.0,164,164,0,0,164,161,,0,0,0,0,3
2020-08-18,US,Puerto Rico,San Juan,4294,0,0,18.386933,-66.061128,72127.0,1086.1921550000002,0.0,4294,4142,0,0,4142,3991,,152,0,0,152,151
2020-08-18,US,Puerto Rico,San Lorenzo,219,0,0,18.147987,-65.976392,72129.0,533.3917872,0.0,219,208,0,0,208,204,,11,0,0,11,4
2020-08-18,US,Puerto Rico,San Sebastian,257,0,0,18.328646,-66.971214,72131.0,605.7035117,0.0,257,253,0,0,253,253,,4,0,0,4,0
2020-08-18,US,Puerto Rico,Santa Isabel,113,0,0,17.994525,-66.388913,72133.0,485.52032310000004,0.0,113,110,0,0,110,108,,3,0,0,3,2
2020-08-18,US,Puerto Rico,Toa Alta,741,0,0,18.362406,-66.246616,72135.0,1000.45905,0.0,741,709,0,0,709,679,,32,0,0,32,30
2020-08-18,US,Puerto Rico,Toa Baja,716,0,0,18.431445999999998,-66.213553,72137.0,799.0268834999999,0.0,716,687,0,0,687,663,,29,0,0,29,24
2020-08-18,US,Puerto Rico,Trujillo Alto,631,0,0,18.336159,-65.99888399999999,72139.0,843.109484,0.0,631,605,0,0,605,591,,26,0,0,26,14
2020-08-18,US,Puerto Rico,Unassigned,719,346,0,0.0,0.0,72999.0,0.0,48.12239221,373,592,335,0,257,516,,127,11,0,116,76
2020-08-18,US,Puerto Rico,Utuado,89,0,0,18.271214,-66.702984,72141.0,268.4847205,0.0,89,81,0,0,81,81,,8,0,0,8,0
2020-08-18,US,Puerto Rico,Vega Alta,342,0,0,18.409346,-66.33725,72143.0,856.0486596000001,0.0,342,329,0,0,329,314,,13,0,0,13,15
2020-08-18,US,Puerto Rico,Vega Baja,528,0,0,18.428262,-66.397924,72145.0,884.9854178999999,0.0,528,503,0,0,503,484,,25,0,0,25,19
2020-08-18,US,Puerto Rico,Vieques,76,0,0,18.123276,-65.44097099999999,72147.0,817.1164391,0.0,76,73,0,0,73,70,,3,0,0,3,3
2020-08-18,US,Puerto Rico,Villalba,90,0,0,18.127951,-66.473115,72149.0,345.1846738,0.0,90,89,0,0,89,88,,1,0,0,1,1
2020-08-18,US,Puerto Rico,Yabucoa,164,0,0,18.070399,-65.896289,72151.0,432.2500725,0.0,164,157,0,0,157,152,,7,0,0,7,5
2020-08-18,US,Puerto Rico,Yauco,278,0,0,18.080374,-66.858814,72153.0,661.2277906,0.0,278,276,0,0,276,272,,2,0,0,2,4
2020-08-18,US,Rhode Island,Bristol,322,0,0,41.71018079,-71.28652315,44001.0,664.2051197000001,0.0,322,322,0,0,322,322,48649,0,0,0,0,0
2020-08-18,US,Rhode Island,Kent,1544,0,0,41.67106337,-71.57641596,44003.0,939.7901298,0.0,1544,1544,0,0,1544,1544,163861,0,0,0,0,0
2020-08-18,US,Rhode Island,Newport,405,0,0,41.5642026,-71.26569799,44005.0,493.40903,0.0,405,405,0,0,405,405,82542,0,0,0,0,0
2020-08-18,US,Rhode Island,Providence,15644,0,0,41.87064746,-71.57753536,44007.0,2448.4647010000003,0.0,15644,15644,0,0,15644,15644,636084,0,0,0,0,0
2020-08-18,US,Rhode Island,Unassigned,2156,1024,0,0.0,0.0,90044.0,0.0,47.49536178,1132,2036,1023,0,1013,1799,,120,1,0,119,237
2020-08-18,US,Rhode Island,Washington,621,0,0,41.45961631,-71.61435303,44009.0,494.51730810000004,0.0,621,621,0,0,621,621,126179,0,0,0,0,0
2020-08-18,US,South Carolina,Abbeville,366,8,0,34.22333378,-82.46170658,45001.0,1492.233049,2.18579235,358,363,8,0,355,362,24541,3,0,0,3,1
2020-08-18,US,South Carolina,Aiken,2155,49,0,33.54338026,-81.63645384,45003.0,1261.177958,2.273781903,2106,2137,46,0,2091,2121,169401,18,3,0,15,16
2020-08-18,US,South Carolina,Allendale,255,6,0,32.98837386,-81.35321066,45005.0,2935.082873,2.352941176,249,253,6,0,247,250,8903,2,0,0,2,3
2020-08-18,US,South Carolina,Anderson,2667,81,0,34.51828081,-82.63959517,45007.0,1316.6599199999998,3.03712036,2586,2605,76,0,2529,2599,200482,62,5,0,57,6
2020-08-18,US,South Carolina,Bamberg,493,27,0,33.21927586,-81.05659969,45009.0,3504.905446,5.476673428,466,490,27,0,463,490,14275,3,0,0,3,0
2020-08-18,US,South Carolina,Barnwell,469,9,0,33.26679302,-81.43584352,45011.0,2247.675645,1.918976546,460,460,9,0,451,459,21112,9,0,0,9,1
2020-08-18,US,South Carolina,Beaufort,4397,60,0,32.39226291,-80.72619758,45013.0,2288.64992,1.36456675,4337,4372,60,0,4312,4359,188715,25,0,0,25,13
2020-08-18,US,South Carolina,Berkeley,4489,76,0,33.20222596,-79.94654523,45015.0,1969.663064,1.6930273999999998,4413,4462,74,0,4388,4449,221091,27,2,0,25,13
2020-08-18,US,South Carolina,Calhoun,396,15,0,33.66926881,-80.77722168,45017.0,2721.088435,3.787878788,381,392,14,0,378,396,14520,4,1,0,3,-4
2020-08-18,US,South Carolina,Charleston,12956,217,0,32.82487866,-79.96512315,45019.0,3149.200546,1.67489966,12739,12911,214,0,12697,12879,405905,45,3,0,42,32
2020-08-18,US,South Carolina,Cherokee,728,31,0,35.05122251,-81.61828622,45021.0,1270.506108,4.2582417580000005,697,718,31,0,687,717,57078,10,0,0,10,1
2020-08-18,US,South Carolina,Chester,758,15,0,34.69249168,-81.1583216,45023.0,2350.8249600000004,1.978891821,743,753,14,0,739,744,32251,5,1,0,4,9
2020-08-18,US,South Carolina,Chesterfield,841,23,0,34.64137396,-80.15640140000001,45025.0,1842.278204,2.734839477,818,837,22,0,815,826,45754,4,1,0,3,11
2020-08-18,US,South Carolina,Clarendon,911,59,0,33.66610974,-80.21647898,45027.0,2699.659209,6.476399561,852,909,59,0,850,902,33700,2,0,0,2,7
2020-08-18,US,South Carolina,Colleton,852,36,0,32.87582989,-80.67641292,45029.0,2261.326539,4.2253521130000005,816,850,36,0,814,850,37660,2,0,0,2,0
2020-08-18,US,South Carolina,Darlington,1463,41,0,34.33358335,-79.96027485,45031.0,2196.1031550000002,2.802460697,1422,1459,38,0,1421,1445,66802,4,3,0,1,14
2020-08-18,US,South Carolina,Dillon,684,26,0,34.39007791,-79.37741872,45033.0,2244.168116,3.8011695910000003,658,679,26,0,653,679,30599,5,0,0,5,0
2020-08-18,US,South Carolina,Dorchester,3300,59,0,33.0794369,-80.40502652,45035.0,2026.9149739999998,1.7878787880000002,3241,3282,58,0,3224,3271,160647,18,1,0,17,11
2020-08-18,US,South Carolina,Edgefield,371,7,0,33.77221995,-81.96231108,45037.0,1360.9684519999998,1.8867924530000002,364,368,7,0,361,366,27052,3,0,0,3,2
2020-08-18,US,South Carolina,Fairfield,589,25,0,34.39287073,-81.1195624,45039.0,2635.700541,4.244482173,564,587,24,0,563,585,22402,2,1,0,1,2
2020-08-18,US,South Carolina,Florence,3816,136,0,34.02361754,-79.70189312,45041.0,2759.358753,3.5639413,3680,3791,131,0,3660,3753,138159,25,5,0,20,38
2020-08-18,US,South Carolina,Georgetown,1556,27,0,33.43443342,-79.33202141,45043.0,2482.450542,1.735218509,1529,1543,26,0,1517,1535,62249,13,1,0,12,8
2020-08-18,US,South Carolina,Greenville,11327,235,0,34.89502264,-82.37295012,45045.0,2163.532248,2.074688797,11092,11277,229,0,11048,11252,514213,50,6,0,44,25
2020-08-18,US,South Carolina,Greenwood,1571,20,0,34.15272415,-82.12715789,45047.0,2218.581859,1.273074475,1551,1569,20,0,1549,1544,70741,2,0,0,2,25
2020-08-18,US,South Carolina,Hampton,482,15,0,32.77419582,-81.13845571,45049.0,2507.54344,3.112033195,467,480,15,0,465,473,19351,2,0,0,2,7
2020-08-18,US,South Carolina,Horry,8926,172,0,33.9212828,-78.99555293,45051.0,2520.892112,1.926954963,8754,8889,169,0,8720,8865,344147,37,3,0,34,24
2020-08-18,US,South Carolina,Jasper,641,19,0,32.43171982,-81.02487495,45053.0,2131.4800649999997,2.964118565,622,635,19,0,616,632,28971,6,0,0,6,3
2020-08-18,US,South Carolina,Kershaw,1457,29,0,34.33988254,-80.58763164,45055.0,2189.298433,1.990391215,1428,1461,29,0,1432,1455,65592,-4,0,0,-4,6
2020-08-18,US,South Carolina,Lancaster,1405,27,0,34.68270843,-80.70513032,45057.0,1433.497939,1.921708185,1378,1392,27,0,1365,1375,95380,13,0,0,13,17
2020-08-18,US,South Carolina,Laurens,1386,51,0,34.48244419,-82.00490796,45059.0,2053.546294,3.67965368,1335,1379,49,0,1330,1377,66994,7,2,0,5,2
2020-08-18,US,South Carolina,Lee,588,30,0,34.16393091,-80.25690731,45061.0,3494.176373,5.102040816000001,558,588,30,0,558,586,17142,0,0,0,0,2
2020-08-18,US,South Carolina,Lexington,5277,121,0,33.89665987,-81.27146426,45063.0,1766.3598329999998,2.29296949,5156,5235,121,0,5114,5216,295032,42,0,0,42,19
2020-08-18,US,South Carolina,Marion,592,14,0,34.07859748,-79.36400756,45067.0,1931.043481,2.364864865,578,590,14,0,576,586,31039,2,0,0,2,4
2020-08-18,US,South Carolina,Marlboro,590,5,0,34.59905577,-79.67561152,45069.0,2258.978482,0.847457627,585,554,5,0,549,552,26398,36,0,0,36,2
2020-08-18,US,South Carolina,McCormick,147,3,0,33.90161443,-82.30794338,45065.0,1553.418578,2.040816327,144,141,2,0,139,140,9410,6,1,0,5,1
2020-08-18,US,South Carolina,Newberry,901,13,0,34.28629098,-81.59935761,45071.0,2343.912591,1.4428412869999998,888,895,13,0,882,892,38520,6,0,0,6,3
2020-08-18,US,South Carolina,Oconee,890,15,0,34.75225169,-83.06742317,45073.0,1118.849471,1.6853932580000002,875,882,13,0,869,877,78374,8,2,0,6,5
2020-08-18,US,South Carolina,Orangeburg,2611,80,0,33.4391073,-80.79886287,45075.0,3029.8810559999997,3.0639601689999996,2531,2596,78,0,2518,2578,86934,15,2,0,13,18
2020-08-18,US,South Carolina,Pickens,1942,30,0,34.88807695,-82.72791551,45077.0,1530.531824,1.544799176,1912,1934,30,0,1904,1929,124937,8,0,0,8,5
2020-08-18,US,South Carolina,Richland,9468,178,0,34.01791263,-80.90267209,45079.0,2277.280829,1.8800168990000001,9290,9404,170,0,9234,9365,414576,64,8,0,56,39
2020-08-18,US,South Carolina,Saluda,494,10,0,34.00795823,-81.72713237,45081.0,2412.934108,2.024291498,484,491,10,0,481,485,20544,3,0,0,3,6
2020-08-18,US,South Carolina,Spartanburg,4469,118,0,34.92960077,-81.99225984,45083.0,1397.501446,2.640411725,4351,4400,115,0,4285,4389,313888,69,3,0,66,11
2020-08-18,US,South Carolina,Sumter,2648,56,0,33.91826534,-80.37942316,45085.0,2481.23612,2.114803625,2592,2643,56,0,2587,2632,106512,5,0,0,5,11
2020-08-18,US,South Carolina,Union,407,4,0,34.68835752,-81.61730349,45087.0,1489.969249,0.982800983,403,403,4,0,399,400,27410,4,0,0,4,3
2020-08-18,US,South Carolina,Williamsburg,1093,33,0,33.62190129,-79.72767442,45089.0,3599.1833509999997,3.019213175,1060,1087,32,0,1055,1086,30606,6,1,0,5,1
2020-08-18,US,South Carolina,York,3848,32,0,34.97281497,-81.18085944,45091.0,1369.497365,0.831600832,3816,3807,32,0,3775,3774,274118,41,0,0,41,33
2020-08-18,US,South Dakota,Aurora,40,0,0,43.71757685,-98.56050467,46003.0,1454.0167210000002,0.0,40,40,0,0,40,40,2801,0,0,0,0,0
2020-08-18,US,South Dakota,Beadle,598,9,0,44.41464384,-98.27858469,46005.0,3240.665474,1.505016722,589,598,9,0,589,598,18883,0,0,0,0,0
2020-08-18,US,South Dakota,Bennett,6,0,0,43.19486375,-101.6665572,46007.0,178.30609209999997,0.0,6,6,0,0,6,6,3468,0,0,0,0,0
2020-08-18,US,South Dakota,Bon Homme,26,0,0,42.98914167,-97.88592746,46009.0,376.7569917,0.0,26,26,0,0,26,24,6980,0,0,0,0,2
2020-08-18,US,South Dakota,Brookings,157,1,0,44.36974375,-96.79079945,46011.0,447.5867377,0.636942675,156,156,1,0,155,154,35232,1,0,0,1,2
2020-08-18,US,South Dakota,Brown,491,3,0,45.58994323,-98.35165355,46013.0,1264.193208,0.610997963,488,485,3,0,482,473,39316,6,0,0,6,12
2020-08-18,US,South Dakota,Brule,47,0,0,43.71756379,-99.08118954,46015.0,887.2946950999999,0.0,47,47,0,0,47,47,5229,0,0,0,0,0
2020-08-18,US,South Dakota,Buffalo,109,3,0,44.07657829,-99.20814467,46017.0,5555.555556,2.752293578,106,109,3,0,106,109,2036,0,0,0,0,0
2020-08-18,US,South Dakota,Butte,20,1,0,44.90608745,-103.5079318,46019.0,191.77294080000001,5.0,19,20,1,0,19,20,10222,0,0,0,0,0
2020-08-18,US,South Dakota,Campbell,3,0,0,45.77074915,-100.0510181,46021.0,218.02325580000002,0.0,3,3,0,0,3,3,1377,0,0,0,0,0
2020-08-18,US,South Dakota,Charles Mix,113,0,0,43.20660134,-98.58856175,46023.0,1216.0998710000001,0.0,113,113,0,0,113,113,9338,0,0,0,0,0
2020-08-18,US,South Dakota,Clark,17,0,0,44.85834507,-97.72925109,46025.0,455.0321199,0.0,17,17,0,0,17,17,3739,0,0,0,0,0
2020-08-18,US,South Dakota,Clay,141,0,0,42.91296147,-96.97656917,46027.0,1002.1321960000001,0.0,141,141,0,0,141,142,14041,0,0,0,0,-1
2020-08-18,US,South Dakota,Codington,173,1,0,44.97788119,-97.18827677,46029.0,617.6586097,0.5780346820000001,172,169,1,0,168,163,28015,4,0,0,4,6
2020-08-18,US,South Dakota,Corson,48,0,0,45.70889983,-101.1970473,46031.0,1174.743025,0.0,48,47,0,0,47,47,4165,1,0,0,1,0
2020-08-18,US,South Dakota,Custer,49,0,0,43.67741105,-103.45345209999999,46033.0,546.1435577000001,0.0,49,47,0,0,47,45,8726,2,0,0,2,2
2020-08-18,US,South Dakota,Davison,101,1,0,43.67490933,-98.14458906,46035.0,510.7458913,0.99009901,100,101,1,0,100,100,19790,0,0,0,0,1
2020-08-18,US,South Dakota,Day,29,0,0,45.367281,-97.60737498,46037.0,534.660767,0.0,29,28,0,0,28,26,5505,1,0,0,1,2
2020-08-18,US,South Dakota,Deuel,24,0,0,44.75994309,-96.66943645,46039.0,551.5973339,0.0,24,24,0,0,24,19,4337,0,0,0,0,5
2020-08-18,US,South Dakota,Dewey,59,0,0,45.15639647,-100.8709139,46041.0,1001.3577730000001,0.0,59,59,0,0,59,58,5904,0,0,0,0,1
2020-08-18,US,South Dakota,Douglas,20,0,0,43.38520741,-98.36978007,46043.0,684.6970216,0.0,20,20,0,0,20,19,2935,0,0,0,0,1
2020-08-18,US,South Dakota,Edmunds,21,0,0,45.41846445,-99.21545423,46045.0,548.4460695,0.0,21,19,0,0,19,19,3875,2,0,0,2,0
2020-08-18,US,South Dakota,Fall River,23,0,0,43.23929297,-103.5275691,46047.0,342.61879930000003,0.0,23,23,0,0,23,23,6758,0,0,0,0,0
2020-08-18,US,South Dakota,Faulk,29,1,0,45.07082625,-99.14535601,46049.0,1261.418008,3.448275862,28,29,1,0,28,29,2330,0,0,0,0,0
2020-08-18,US,South Dakota,Grant,34,0,0,45.1723937,-96.77002276,46051.0,482.1327283,0.0,34,33,0,0,33,33,7147,1,0,0,1,0
2020-08-18,US,South Dakota,Gregory,8,0,0,43.19419064,-99.18883902,46053.0,191.15890080000003,0.0,8,8,0,0,8,7,4212,0,0,0,0,1
2020-08-18,US,South Dakota,Haakon,2,0,0,44.29299053,-101.539099,46055.0,105.3185887,0.0,2,2,0,0,2,2,1918,0,0,0,0,0
2020-08-18,US,South Dakota,Hamlin,32,0,0,44.67385954,-97.18829593,46057.0,519.1434134,0.0,32,31,0,0,31,30,6111,1,0,0,1,1
2020-08-18,US,South Dakota,Hand,12,0,0,44.54708407,-99.00386459,46059.0,376.0576622,0.0,12,12,0,0,12,12,3262,0,0,0,0,0
2020-08-18,US,South Dakota,Hanson,22,0,0,43.6746384,-97.78715148,46061.0,637.1271357999999,0.0,22,22,0,0,22,22,3376,0,0,0,0,0
2020-08-18,US,South Dakota,Harding,2,0,0,45.58015551,-103.4958629,46063.0,154.0832049,0.0,2,2,0,0,2,2,1249,0,0,0,0,0
2020-08-18,US,South Dakota,Hughes,100,3,0,44.39091534,-99.99661148,46065.0,570.5808513,3.0,97,100,3,0,97,98,17650,0,0,0,0,2
2020-08-18,US,South Dakota,Hutchinson,35,0,0,43.33449012,-97.75536441,46067.0,480.04388969999997,0.0,35,31,0,0,31,31,7380,4,0,0,4,0
2020-08-18,US,South Dakota,Hyde,4,0,0,44.54747703,-99.48572582,46069.0,307.4558032,0.0,4,4,0,0,4,4,1282,0,0,0,0,0
2020-08-18,US,South Dakota,Jackson,12,1,0,43.69318385,-101.6255063,46071.0,358.8516746,8.333333332999999,11,12,1,0,11,12,3307,0,0,0,0,0
2020-08-18,US,South Dakota,Jerauld,39,1,0,44.06637798,-98.62965972,46073.0,1937.4068550000002,2.564102564,38,39,1,0,38,39,2043,0,0,0,0,0
2020-08-18,US,South Dakota,Jones,2,0,0,43.96278565,-100.6940008,46075.0,221.48394240000002,0.0,2,2,0,0,2,2,928,0,0,0,0,0
2020-08-18,US,South Dakota,Kingsbury,15,0,0,44.36956169,-97.4913945,46077.0,303.70520350000004,0.0,15,15,0,0,15,15,4919,0,0,0,0,0
2020-08-18,US,South Dakota,Lake,104,5,0,44.02193107,-97.12926365,46079.0,812.6904743,4.807692308,99,103,4,0,99,101,13057,1,1,0,0,2
2020-08-18,US,South Dakota,Lawrence,77,1,0,44.35919441,-103.79294279999999,46081.0,297.94149510000005,1.298701299,76,74,1,0,73,73,25741,3,0,0,3,1
2020-08-18,US,South Dakota,Lincoln,723,2,0,43.27841182,-96.72039050000001,46083.0,1182.764036,0.276625173,721,711,2,0,709,708,58807,12,0,0,12,3
2020-08-18,US,South Dakota,Lyman,91,3,0,43.89522709,-99.85201878,46085.0,2406.770696,3.296703297,88,91,3,0,88,91,3821,0,0,0,0,0
2020-08-18,US,South Dakota,Marshall,12,0,0,45.75870838,-97.59855639,46091.0,243.16109419999998,0.0,12,12,0,0,12,12,5112,0,0,0,0,0
2020-08-18,US,South Dakota,McCook,37,1,0,43.6742571,-97.36863144,46087.0,662.3702112000001,2.702702703,36,36,1,0,35,36,5546,1,0,0,1,0
2020-08-18,US,South Dakota,McPherson,8,0,0,45.76626028,-99.22118798,46089.0,336.2757461,0.0,8,8,0,0,8,8,2407,0,0,0,0,0
2020-08-18,US,South Dakota,Meade,112,1,0,44.56676791,-102.71627409999999,46093.0,395.31272060000003,0.892857143,111,106,1,0,105,104,28294,6,0,0,6,2
2020-08-18,US,South Dakota,Mellette,24,0,0,43.58078848,-100.7563186,46095.0,1164.4832609999999,0.0,24,24,0,0,24,24,2042,0,0,0,0,0
2020-08-18,US,South Dakota,Miner,15,0,0,44.02197882,-97.60992207,46097.0,676.8953069,0.0,15,15,0,0,15,15,2213,0,0,0,0,0
2020-08-18,US,South Dakota,Minnehaha,4682,68,0,43.67441641,-96.7910885,46099.0,2424.2235960000003,1.4523707819999998,4614,4655,68,0,4587,4629,192876,27,0,0,27,26
2020-08-18,US,South Dakota,Moody,33,0,0,44.02266214,-96.67081159,46101.0,501.8248175,0.0,33,33,0,0,33,33,6579,0,0,0,0,0
2020-08-18,US,South Dakota,Oglala Lakota,158,2,0,43.33749164,-102.55554980000001,46102.0,1114.481202,1.265822785,156,158,2,0,156,158,14309,0,0,0,0,0
2020-08-18,US,South Dakota,Pennington,958,33,0,44.0025835,-102.8240777,46103.0,842.0127445,3.444676409,925,951,33,0,918,942,111729,7,0,0,7,9
2020-08-18,US,South Dakota,Perkins,6,0,0,45.49049506,-102.47555859999999,46105.0,209.42408380000003,0.0,6,6,0,0,6,6,2922,0,0,0,0,0
2020-08-18,US,South Dakota,Potter,2,0,0,45.06583079,-99.95498503,46107.0,92.89363679,0.0,2,2,0,0,2,2,2207,0,0,0,0,0
2020-08-18,US,South Dakota,Roberts,87,1,0,45.62975048,-96.94672673,46109.0,837.0213585,1.1494252870000001,86,87,1,0,86,87,10447,0,0,0,0,0
2020-08-18,US,South Dakota,Sanborn,13,0,0,44.02351092,-98.09098159999999,46111.0,554.6075085,0.0,13,13,0,0,13,13,2429,0,0,0,0,0
2020-08-18,US,South Dakota,Spink,27,0,0,44.93837606,-98.34626602,46115.0,423.4629862,0.0,27,27,0,0,27,27,6495,0,0,0,0,0
2020-08-18,US,South Dakota,Stanley,16,0,0,44.41381872,-100.7349153,46117.0,516.4622337000001,0.0,16,16,0,0,16,15,3022,0,0,0,0,1
2020-08-18,US,South Dakota,Sully,4,0,0,44.71571812,-100.1278092,46119.0,287.5629044,0.0,4,4,0,0,4,4,1392,0,0,0,0,0
2020-08-18,US,South Dakota,Todd,75,5,0,43.19338568,-100.71955030000001,46121.0,736.9558808999999,6.666666667,70,75,5,0,70,75,10283,0,0,0,0,0
2020-08-18,US,South Dakota,Tripp,20,0,0,43.34459388,-99.8854891,46123.0,367.57948910000005,0.0,20,20,0,0,20,20,5478,0,0,0,0,0
2020-08-18,US,South Dakota,Turner,60,0,0,43.3109081,-97.14865776,46125.0,715.648855,0.0,60,60,0,0,60,59,8424,0,0,0,0,1
2020-08-18,US,South Dakota,Union,223,4,0,42.83112163,-96.6557828,46127.0,1399.6987199999999,1.793721973,219,223,4,0,219,223,15619,0,0,0,0,0
2020-08-18,US,South Dakota,Walworth,18,0,0,45.43019636,-100.03075140000001,46129.0,331.1867525,0.0,18,18,0,0,18,18,5587,0,0,0,0,0
2020-08-18,US,South Dakota,Yankton,158,3,0,43.00924485,-97.39467635,46135.0,692.5572017000001,1.898734177,155,157,3,0,154,153,22869,1,0,0,1,4
2020-08-18,US,South Dakota,Ziebach,35,0,0,44.97881876,-101.6654622,46137.0,1269.956459,0.0,35,35,0,0,35,35,2742,0,0,0,0,0
2020-08-18,US,Tennessee,Anderson,778,6,0,36.12684348,-84.19965764,47001.0,1010.678376,0.7712082259999999,772,772,6,0,766,759,76482,6,0,0,6,13
2020-08-18,US,Tennessee,Bedford,989,12,0,35.51123746,-86.45549096,47003.0,1989.4192670000002,1.213346815,977,987,12,0,975,984,49038,2,0,0,2,3
2020-08-18,US,Tennessee,Benton,190,2,0,36.07110411,-88.06849355,47005.0,1175.742574,1.052631579,188,187,2,0,185,183,16184,3,0,0,3,4
2020-08-18,US,Tennessee,Bledsoe,752,2,0,35.59942968,-85.20611967,47007.0,4992.033988,0.265957447,750,751,2,0,749,749,14755,1,0,0,1,2
2020-08-18,US,Tennessee,Blount,1542,15,0,35.68938198,-83.92847788,47009.0,1158.631883,0.972762646,1527,1507,15,0,1492,1477,131349,35,0,0,35,30
2020-08-18,US,Tennessee,Bradley,2192,16,0,35.15739424,-84.857186,47011.0,2027.564518,0.729927007,2176,2175,16,0,2159,2166,106727,17,0,0,17,9
2020-08-18,US,Tennessee,Campbell,279,2,0,36.40355516,-84.15108559999999,47013.0,700.2660509,0.716845878,277,275,2,0,273,271,39583,4,0,0,4,4
2020-08-18,US,Tennessee,Cannon,165,0,0,35.80990797,-86.05738983,47015.0,1124.131353,0.0,165,166,0,0,166,163,14462,-1,0,0,-1,3
2020-08-18,US,Tennessee,Carroll,411,6,0,35.97366108,-88.45189331,47017.0,1480.174308,1.459854015,405,401,6,0,395,394,28020,10,0,0,10,7
2020-08-18,US,Tennessee,Carter,648,9,0,36.28969086,-82.12588974,47019.0,1149.1195400000001,1.388888889,639,643,6,0,637,634,56351,5,3,0,2,9
2020-08-18,US,Tennessee,Cheatham,656,9,0,36.26136216,-87.08903581,47021.0,1613.1015320000001,1.37195122,647,648,9,0,639,637,40439,8,0,0,8,11
2020-08-18,US,Tennessee,Chester,290,2,0,35.42527478,-88.6095842,47023.0,1676.591316,0.689655172,288,278,2,0,276,274,17276,12,0,0,12,4
2020-08-18,US,Tennessee,Claiborne,315,1,0,36.48319149,-83.65947309,47025.0,985.6378484999999,0.317460317,314,313,1,0,312,306,31756,2,0,0,2,7
2020-08-18,US,Tennessee,Clay,92,0,0,36.55151008,-85.53930419,47027.0,1208.141825,0.0,92,91,0,0,91,89,7717,1,0,0,1,2
2020-08-18,US,Tennessee,Cocke,560,5,0,35.9278914,-83.11828725,47029.0,1555.382735,0.892857143,555,557,5,0,552,547,35774,3,0,0,3,10
2020-08-18,US,Tennessee,Coffee,630,4,0,35.49090731,-86.07311784,47031.0,1114.649682,0.634920635,626,617,4,0,613,608,55700,13,0,0,13,9
2020-08-18,US,Tennessee,Crockett,313,8,0,35.81830662,-89.14916269,47033.0,2199.578356,2.555910543,305,308,7,0,301,303,14328,5,1,0,4,5
2020-08-18,US,Tennessee,Cumberland,598,7,0,35.95271721,-84.99840585,47035.0,988.1031063999999,1.170568562,591,592,7,0,585,567,59673,6,0,0,6,25
2020-08-18,US,Tennessee,Davidson,22190,231,0,36.17007426,-86.78646056,47037.0,3196.743039,1.041009464,21959,22005,230,0,21775,21893,692587,185,1,0,184,112
2020-08-18,US,Tennessee,DeKalb,394,2,0,35.97616272,-85.83689361,47041.0,1922.889214,0.507614213,392,390,2,0,388,387,20138,4,0,0,4,3
2020-08-18,US,Tennessee,Decatur,247,3,0,35.60048904,-88.11043779,47039.0,2117.808454,1.214574899,244,244,3,0,241,239,11706,3,0,0,3,5
2020-08-18,US,Tennessee,Dickson,794,4,0,36.14669837,-87.35891709,47043.0,1471.787647,0.5037783379999999,790,784,4,0,780,777,53446,10,0,0,10,7
2020-08-18,US,Tennessee,Dyer,751,9,0,36.05931946,-89.41542855,47045.0,2021.0447,1.19840213,742,747,9,0,738,737,37320,4,0,0,4,10
2020-08-18,US,Tennessee,Fayette,766,10,0,35.19615831,-89.41399032,47047.0,1862.25172,1.3054830290000001,756,759,8,0,751,755,40507,7,2,0,5,4
2020-08-18,US,Tennessee,Fentress,127,0,0,36.38128818,-84.92870012,47049.0,685.6340766,0.0,127,124,0,0,124,122,18217,3,0,0,3,2
2020-08-18,US,Tennessee,Franklin,384,4,0,35.15634626,-86.09201039,47051.0,909.7801365,1.041666667,380,383,4,0,379,380,41890,1,0,0,1,3
2020-08-18,US,Tennessee,Gibson,846,10,0,35.99438059,-88.93358327,47053.0,1721.8570000000002,1.182033097,836,832,9,0,823,819,49045,14,1,0,13,13
2020-08-18,US,Tennessee,Giles,416,14,0,35.20222469,-87.03992678,47055.0,1411.8924789999999,3.365384615,402,416,14,0,402,415,29503,0,0,0,0,1
2020-08-18,US,Tennessee,Grainger,228,1,0,36.27469206,-83.51254721,47057.0,977.7015437000001,0.43859649100000003,227,223,1,0,222,219,23145,5,0,0,5,4
2020-08-18,US,Tennessee,Greene,627,9,0,36.17470125,-82.84691273,47059.0,907.7878642999999,1.435406699,618,609,9,0,600,605,69087,18,0,0,18,4
2020-08-18,US,Tennessee,Grundy,133,2,0,35.38433717,-85.72142731,47061.0,990.5414463,1.5037593980000001,131,130,2,0,128,130,13346,3,0,0,3,0
2020-08-18,US,Tennessee,Hamblen,1512,16,0,36.21990035,-83.26586179,47063.0,2328.518188,1.0582010579999999,1496,1507,15,0,1492,1494,64569,5,1,0,4,13
2020-08-18,US,Tennessee,Hamilton,6995,61,0,35.17670231,-85.16652245,47065.0,1901.828148,0.872051465,6934,6862,60,0,6802,6801,364286,133,1,0,132,61
2020-08-18,US,Tennessee,Hancock,84,2,0,36.52692871,-83.22375847,47067.0,1268.882175,2.3809523809999997,82,84,2,0,82,84,6549,0,0,0,0,0
2020-08-18,US,Tennessee,Hardeman,1091,19,0,35.20772017,-88.99161161,47069.0,4355.289421,1.74152154,1072,1082,18,0,1064,1056,25220,9,1,0,8,26
2020-08-18,US,Tennessee,Hardin,525,8,0,35.19732531,-88.18593755,47071.0,2046.624045,1.523809524,517,517,8,0,509,510,25776,8,0,0,8,7
2020-08-18,US,Tennessee,Hawkins,585,10,0,36.44355426,-82.94885298,47073.0,1030.183496,1.709401709,575,579,10,0,569,572,56530,6,0,0,6,7
2020-08-18,US,Tennessee,Haywood,625,8,0,35.58332824,-89.28536625,47075.0,3611.8816460000003,1.28,617,619,7,0,612,608,17335,6,1,0,5,11
2020-08-18,US,Tennessee,Henderson,716,4,0,35.65581134,-88.38600175,47077.0,2546.502116,0.558659218,712,695,3,0,692,684,27847,21,1,0,20,11
2020-08-18,US,Tennessee,Henry,336,1,0,36.33160906,-88.30121797,47079.0,1063.533776,0.297619048,335,336,1,0,335,328,32358,0,0,0,0,8
2020-08-18,US,Tennessee,Hickman,309,1,0,35.80609681,-87.47643507,47081.0,1227.2618949999999,0.323624595,308,305,1,0,304,305,25063,4,0,0,4,0
2020-08-18,US,Tennessee,Houston,67,0,0,36.28872054,-87.71878828,47083.0,816.9735397999999,0.0,67,67,0,0,67,66,8263,0,0,0,0,1
2020-08-18,US,Tennessee,Humphreys,145,3,0,36.03958805,-87.77992872,47085.0,780.3250457,2.068965517,142,140,3,0,137,140,18486,5,0,0,5,0
2020-08-18,US,Tennessee,Jackson,156,1,0,36.36380466,-85.67239905,47087.0,1323.604276,0.641025641,155,153,1,0,152,149,11758,3,0,0,3,4
2020-08-18,US,Tennessee,Jefferson,652,4,0,36.04818632,-83.45148924,47089.0,1196.44004,0.613496933,648,651,4,0,647,650,54012,1,0,0,1,1
2020-08-18,US,Tennessee,Johnson,353,1,0,36.455239500000005,-81.84886538,47091.0,1984.483922,0.283286119,352,349,1,0,348,349,17778,4,0,0,4,0
2020-08-18,US,Tennessee,Knox,5349,43,0,35.99508821,-83.94635435,47093.0,1137.327695,0.803888577,5306,5297,43,0,5254,5231,465289,52,0,0,52,66
2020-08-18,US,Tennessee,Lake,805,1,0,36.341801700000005,-89.48921915,47095.0,11473.774229999999,0.12422360199999999,804,804,1,0,803,801,7411,1,0,0,1,3
2020-08-18,US,Tennessee,Lauderdale,572,9,0,35.75893438,-89.63015909999999,47097.0,2231.498459,1.573426573,563,569,9,0,560,565,25825,3,0,0,3,4
2020-08-18,US,Tennessee,Lawrence,655,8,0,35.21675201,-87.39787695,47099.0,1483.847583,1.221374046,647,646,7,0,639,639,43734,9,1,0,8,7
2020-08-18,US,Tennessee,Lewis,92,1,0,35.52853208,-87.49022694,47101.0,749.9184871,1.086956522,91,89,1,0,88,88,12086,3,0,0,3,1
2020-08-18,US,Tennessee,Lincoln,351,1,0,35.13738622,-86.58910106,47103.0,1021.3583189999999,0.284900285,350,349,1,0,348,344,34117,2,0,0,2,5
2020-08-18,US,Tennessee,Loudon,819,3,0,35.73939663,-84.31145275,47105.0,1514.759192,0.366300366,816,815,3,0,812,809,53054,4,0,0,4,6
2020-08-18,US,Tennessee,Macon,869,13,0,36.53157855,-86.00778595,47111.0,3532.2331520000002,1.495972382,856,871,13,0,858,864,24265,-2,0,0,-2,7
2020-08-18,US,Tennessee,Madison,1414,27,0,35.61181957,-88.84076036,47113.0,1443.09275,1.9094766619999999,1387,1373,26,0,1347,1330,97605,41,1,0,40,43
2020-08-18,US,Tennessee,Marion,262,5,0,35.12997174,-85.62265895,47115.0,906.3548621,1.908396947,257,258,5,0,253,256,28575,4,0,0,4,2
2020-08-18,US,Tennessee,Marshall,373,4,0,35.45798777,-86.76420988,47117.0,1085.090909,1.072386059,369,372,4,0,368,369,33683,1,0,0,1,3
2020-08-18,US,Tennessee,Maury,1449,11,0,35.618741299999996,-87.07462444,47119.0,1503.314762,0.759144237,1438,1445,10,0,1435,1433,94340,4,1,0,3,12
2020-08-18,US,Tennessee,McMinn,627,20,0,35.42812616,-84.61520715,47107.0,1165.557497,3.189792663,607,617,20,0,597,609,53285,10,0,0,10,8
2020-08-18,US,Tennessee,McNairy,437,7,0,35.17468549,-88.5647812,47109.0,1700.786176,1.601830664,430,430,6,0,424,419,25832,7,1,0,6,11
2020-08-18,US,Tennessee,Meigs,121,1,0,35.51558739,-84.81482914,47121.0,974.0782482999999,0.826446281,120,121,1,0,120,121,12306,0,0,0,0,0
2020-08-18,US,Tennessee,Monroe,526,10,0,35.44550387,-84.24902965,47123.0,1130.0891609999999,1.901140684,516,524,10,0,514,511,46357,2,0,0,2,13
2020-08-18,US,Tennessee,Montgomery,2182,18,0,36.49609412,-87.38550661,47125.0,1044.054107,0.824931256,2164,2169,16,0,2153,2150,205950,13,2,0,11,19
2020-08-18,US,Tennessee,Moore,77,0,0,35.27724699,-86.36230578,47127.0,1186.806412,0.0,77,77,0,0,77,75,6411,0,0,0,0,2
2020-08-18,US,Tennessee,Morgan,148,1,0,36.13248031,-84.64880098,47129.0,691.4918468999999,0.6756756759999999,147,145,1,0,144,141,21579,3,0,0,3,4
2020-08-18,US,Tennessee,Obion,687,4,0,36.35732446,-89.14921589,47131.0,2284.745086,0.58224163,683,681,4,0,677,665,30267,6,0,0,6,16
2020-08-18,US,Tennessee,Out of TN,2982,22,0,0.0,0.0,80047.0,0.0,0.737759893,2960,3016,21,0,2995,3088,,-34,1,0,-35,-72
2020-08-18,US,Tennessee,Overton,288,1,0,36.34117832,-85.28989535,47133.0,1294.905805,0.347222222,287,280,1,0,279,272,22068,8,0,0,8,8
2020-08-18,US,Tennessee,Perry,92,0,0,35.63708728,-87.86139634,47135.0,1139.177811,0.0,92,91,0,0,91,90,8064,1,0,0,1,1
2020-08-18,US,Tennessee,Pickett,39,1,0,36.55606529,-85.07763299999999,47137.0,772.5832012999999,2.564102564,38,38,1,0,37,38,5082,1,0,0,1,0
2020-08-18,US,Tennessee,Polk,281,9,0,35.12245443,-84.52075859,47139.0,1669.439163,3.202846975,272,270,8,0,262,268,16898,11,1,0,10,2
2020-08-18,US,Tennessee,Putnam,1959,21,0,36.14005459,-85.50646123,47141.0,2441.2736,1.071975498,1938,1959,20,0,1939,1931,78843,0,1,0,-1,28
2020-08-18,US,Tennessee,Rhea,589,2,0,35.60536161,-84.93076643,47143.0,1775.8615489999997,0.339558574,587,583,2,0,581,581,33044,6,0,0,6,2
2020-08-18,US,Tennessee,Roane,545,2,0,35.84923189,-84.52458689,47145.0,1020.943389,0.366972477,543,542,2,0,540,533,53140,3,0,0,3,9
2020-08-18,US,Tennessee,Robertson,1650,22,0,36.52454807,-86.87346725,47147.0,2297.634133,1.333333333,1628,1647,21,0,1626,1638,71012,3,1,0,2,9
2020-08-18,US,Tennessee,Rutherford,7179,61,0,35.84591405,-86.4107263,47149.0,2160.494756,0.849700515,7118,7137,59,0,7078,7080,324890,42,2,0,40,57
2020-08-18,US,Tennessee,Scott,143,2,0,36.42325673,-84.50360494,47151.0,647.9970999,1.3986013990000001,141,144,2,0,142,142,22039,-1,0,0,-1,2
2020-08-18,US,Tennessee,Sequatchie,128,1,0,35.36979721,-85.41022136,47153.0,851.8567816,0.78125,127,124,1,0,123,122,14876,4,0,0,4,2
2020-08-18,US,Tennessee,Sevier,2060,10,0,35.78077323,-83.52244332,47155.0,2096.692112,0.485436893,2050,2055,10,0,2045,2038,97892,5,0,0,5,17
2020-08-18,US,Tennessee,Shelby,24905,340,0,35.1864775,-89.89692423,47157.0,2657.480105,1.365187713,24565,24798,334,0,24464,24692,935764,107,6,0,101,106
2020-08-18,US,Tennessee,Smith,480,4,0,36.25359775,-85.95411046,47159.0,2381.306742,0.833333333,476,483,4,0,479,479,19942,-3,0,0,-3,4
2020-08-18,US,Tennessee,Stewart,85,0,0,36.50235092,-87.83920548,47161.0,619.7593875,0.0,85,84,0,0,84,82,13561,1,0,0,1,2
2020-08-18,US,Tennessee,Sullivan,1212,19,0,36.51240691,-82.30412917,47163.0,765.4027837,1.567656766,1193,1202,18,0,1184,1197,157668,10,1,0,9,5
2020-08-18,US,Tennessee,Sumner,3665,77,0,36.46824103,-86.45917204,47165.0,1916.009264,2.10095498,3588,3649,76,0,3573,3636,187149,16,1,0,15,13
2020-08-18,US,Tennessee,Tipton,1274,12,0,35.501942,-89.73694895,47167.0,2068.215393,0.9419152279999999,1262,1268,12,0,1256,1256,61581,6,0,0,6,12
2020-08-18,US,Tennessee,Trousdale,1587,6,0,36.39026213,-86.16087954,47169.0,14064.16164,0.378071834,1581,1587,6,0,1581,1585,11012,0,0,0,0,2
2020-08-18,US,Tennessee,Unassigned,3157,4,0,0.0,0.0,90047.0,0.0,0.126702566,3153,3172,5,0,3167,3182,,-15,-1,0,-14,-10
2020-08-18,US,Tennessee,Unicoi,184,0,0,36.10890856,-82.43709629,47171.0,1028.9101380000002,0.0,184,184,0,0,184,184,17761,0,0,0,0,0
2020-08-18,US,Tennessee,Union,184,0,0,36.28590426,-83.83651902,47173.0,921.2898057,0.0,184,179,0,0,179,177,19688,5,0,0,5,2
2020-08-18,US,Tennessee,Van Buren,46,0,0,35.69864497,-85.45221699,47175.0,783.3787466,0.0,46,45,0,0,45,45,5765,1,0,0,1,0
2020-08-18,US,Tennessee,Warren,629,6,0,35.672829899999996,-85.77969117,47177.0,1523.851055,0.953895072,623,626,6,0,620,592,40878,3,0,0,3,34
2020-08-18,US,Tennessee,Washington,1476,3,0,36.29472368,-82.49454720000001,47179.0,1140.869565,0.203252033,1473,1466,2,0,1464,1455,128607,10,1,0,9,11
2020-08-18,US,Tennessee,Wayne,238,2,0,35.23868267,-87.78644456,47181.0,1427.457566,0.8403361340000001,236,239,2,0,237,236,16558,-1,0,0,-1,3
2020-08-18,US,Tennessee,Weakley,637,7,0,36.29896232,-88.71990865,47183.0,1911.305809,1.098901099,630,625,5,0,620,603,33415,12,2,0,10,22
2020-08-18,US,Tennessee,White,349,6,0,35.92929884,-85.45591799,47185.0,1276.284513,1.719197708,343,345,6,0,339,336,27107,4,0,0,4,9
2020-08-18,US,Tennessee,Williamson,3932,27,0,35.89099229,-86.89281867,47187.0,1649.245843,0.686673449,3905,3893,26,0,3867,3861,231729,39,1,0,38,32
2020-08-18,US,Tennessee,Wilson,2526,26,0,36.15496772,-86.29775884,47189.0,1746.199631,1.029295329,2500,2501,25,0,2476,2484,140625,25,1,0,24,17
2020-08-18,US,Texas,Anderson,2438,17,0,31.81534745,-95.65354823,48001.0,4222.741838,0.6972928629999999,2421,2434,17,0,2417,2434,58057,4,0,0,4,0
2020-08-18,US,Texas,Andrews,346,7,0,32.30468633,-102.63765479999999,48003.0,1849.772788,2.0231213869999998,339,338,7,0,331,338,18128,8,0,0,8,0
2020-08-18,US,Texas,Angelina,1930,54,0,31.25457347,-94.60901487,48005.0,2225.681831,2.7979274610000004,1876,1906,54,0,1852,1906,87092,24,0,0,24,0
2020-08-18,US,Texas,Aransas,190,16,0,28.10556197,-96.9995047,48007.0,808.1667376,8.421052632,174,187,16,0,171,187,23792,3,0,0,3,0
2020-08-18,US,Texas,Archer,33,0,0,33.61569967,-98.68754589,48009.0,385.82953349999997,0.0,33,33,0,0,33,33,8786,0,0,0,0,0
2020-08-18,US,Texas,Armstrong,8,0,0,34.96507426,-101.35748740000001,48011.0,423.95336510000004,0.0,8,8,0,0,8,8,1892,0,0,0,0,0
2020-08-18,US,Texas,Atascosa,519,19,0,28.89333001,-98.52730485,48013.0,1014.603249,3.66088632,500,517,19,0,498,517,50310,2,0,0,2,0
2020-08-18,US,Texas,Austin,335,4,0,29.88548725,-96.27736949,48015.0,1115.476825,1.194029851,331,332,4,0,328,331,29989,3,0,0,3,1
2020-08-18,US,Texas,Bailey,195,4,0,34.06854817,-102.8299707,48017.0,2785.714286,2.051282051,191,187,4,0,183,187,7027,8,0,0,8,0
2020-08-18,US,Texas,Bandera,100,3,0,29.74619598,-99.24598147,48019.0,432.6756663,3.0,97,100,3,0,97,100,22824,0,0,0,0,0
2020-08-18,US,Texas,Bastrop,1469,23,0,30.10370699,-97.31206354,48021.0,1655.714978,1.565690946,1446,1452,23,0,1429,1448,86976,17,0,0,17,4
2020-08-18,US,Texas,Baylor,13,0,0,33.61640794,-99.21352901,48023.0,370.4759191,0.0,13,13,0,0,13,13,3582,0,0,0,0,0
2020-08-18,US,Texas,Bee,1412,17,0,28.41761668,-97.74215593,48025.0,4335.943498,1.203966006,1395,1387,17,0,1370,1382,32587,25,0,0,25,5
2020-08-18,US,Texas,Bell,4369,50,0,31.03736027,-97.4785025,48027.0,1203.8333089999999,1.144426642,4319,4281,49,0,4232,4281,355642,88,1,0,87,0
2020-08-18,US,Texas,Bexar,44265,913,0,29.44928723,-98.52019748,48029.0,2209.3240309999996,2.062577657,43352,44122,892,0,43230,44052,1986049,143,21,0,122,70
2020-08-18,US,Texas,Blanco,127,5,0,30.26640707,-98.3999852,48031.0,1064.4539439999999,3.937007874,122,126,5,0,121,116,11702,1,0,0,1,10
2020-08-18,US,Texas,Bosque,181,2,0,31.89978581,-97.63613524,48035.0,968.6914637,1.1049723759999999,179,180,2,0,178,180,18691,1,0,0,1,0
2020-08-18,US,Texas,Bowie,811,39,0,33.44626922,-94.41834132,48037.0,869.7517293,4.808877928,772,791,39,0,752,790,94324,20,0,0,20,1
2020-08-18,US,Texas,Brazoria,8303,114,0,29.18757369,-95.44563172,48039.0,2218.487485,1.3729977119999999,8189,8233,111,0,8122,8148,370200,70,3,0,67,85
2020-08-18,US,Texas,Brazos,4206,51,0,30.663644800000004,-96.30205577,48041.0,1834.990467,1.212553495,4155,4192,51,0,4141,4185,226758,14,0,0,14,7
2020-08-18,US,Texas,Brewster,187,2,0,29.81008251,-103.25203259999999,48043.0,2031.946105,1.069518717,185,187,2,0,185,187,9267,0,0,0,0,0
2020-08-18,US,Texas,Briscoe,12,1,0,34.53026962,-101.2084947,48045.0,776.1966365000001,8.333333332999999,11,12,1,0,11,12,1516,0,0,0,0,0
2020-08-18,US,Texas,Brooks,151,7,0,27.03103197,-98.21808402,48047.0,2128.859439,4.6357615889999995,144,148,6,0,142,147,7114,3,1,0,2,1
2020-08-18,US,Texas,Brown,419,18,0,31.77430356,-98.99907113,48049.0,1106.592014,4.295942721,401,408,18,0,390,408,37924,11,0,0,11,0
2020-08-18,US,Texas,Burleson,257,6,0,30.49273808,-96.62158484,48051.0,1393.482622,2.33463035,251,251,6,0,245,250,18389,6,0,0,6,1
2020-08-18,US,Texas,Burnet,578,11,0,30.78801353,-98.181887,48053.0,1200.290728,1.903114187,567,577,11,0,566,576,47542,1,0,0,1,1
2020-08-18,US,Texas,Caldwell,1189,30,0,29.83668859,-97.61814775,48055.0,2723.0670579999996,2.52312868,1159,1183,29,0,1154,1179,43247,6,1,0,5,4
2020-08-18,US,Texas,Calhoun,558,7,0,28.47048236,-96.61633945,48057.0,2620.948802,1.254480287,551,555,7,0,548,555,21561,3,0,0,3,0
2020-08-18,US,Texas,Callahan,56,3,0,32.29760619,-99.37326312,48059.0,401.6352291,5.3571428569999995,53,52,3,0,49,52,13994,4,0,0,4,0
2020-08-18,US,Texas,Cameron,18170,589,0,26.14524221,-97.48140372,48061.0,4293.853669,3.241607045,17581,18005,565,0,17440,17816,423908,165,24,0,141,189
2020-08-18,US,Texas,Camp,255,7,0,32.97195142,-94.97790104,48063.0,1947.45685,2.7450980389999997,248,253,6,0,247,256,13033,2,1,0,1,-3
2020-08-18,US,Texas,Carson,17,0,0,35.40365929,-101.35426690000001,48065.0,286.87141410000004,0.0,17,17,0,0,17,17,6005,0,0,0,0,0
2020-08-18,US,Texas,Cass,206,9,0,33.07499881,-94.34646905,48067.0,686.0720709,4.368932039,197,203,9,0,194,199,30119,3,0,0,3,4
2020-08-18,US,Texas,Castro,210,4,0,34.53016752,-102.2617243,48069.0,2788.844622,1.904761905,206,209,4,0,205,209,7665,1,0,0,1,0
2020-08-18,US,Texas,Chambers,1028,5,0,29.70972016,-94.67154501,48071.0,2345.050984,0.486381323,1023,1028,5,0,1023,1028,42454,0,0,0,0,0
2020-08-18,US,Texas,Cherokee,1262,12,0,31.837258000000002,-95.16559897,48073.0,2397.1431829999997,0.950871632,1250,1234,11,0,1223,1232,52592,28,1,0,27,2
2020-08-18,US,Texas,Childress,53,0,0,34.529304100000004,-100.2077916,48075.0,725.4311525,0.0,53,53,0,0,53,53,7291,0,0,0,0,0
2020-08-18,US,Texas,Clay,47,1,0,33.78686685,-98.20771198,48077.0,448.85875269999997,2.127659574,46,47,1,0,46,47,10456,0,0,0,0,0
2020-08-18,US,Texas,Cochran,34,0,0,33.60425307,-102.82844990000001,48079.0,1191.728006,0.0,34,33,0,0,33,33,2836,1,0,0,1,0
2020-08-18,US,Texas,Coke,43,2,0,31.88911733,-100.5297533,48081.0,1269.560083,4.651162791,41,43,2,0,41,42,3370,0,0,0,0,1
2020-08-18,US,Texas,Coleman,37,0,0,31.76736834,-99.45240766,48083.0,452.59938839999995,0.0,37,33,0,0,33,33,8397,4,0,0,4,0
2020-08-18,US,Texas,Collin,10379,102,0,33.18820114,-96.57264368,48085.0,1003.063601,0.9827536370000001,10277,10169,100,0,10069,10007,1005146,210,2,0,208,162
2020-08-18,US,Texas,Collingsworth,14,0,0,34.96489496,-100.27001109999999,48087.0,479.45205480000004,0.0,14,13,0,0,13,13,2962,1,0,0,1,0
2020-08-18,US,Texas,Colorado,364,2,0,29.622097999999998,-96.5273805,48089.0,1693.574652,0.549450549,362,362,2,0,360,360,21217,2,0,0,2,2
2020-08-18,US,Texas,Comal,2132,81,0,29.80811278,-98.27647225,48091.0,1364.838134,3.799249531,2051,2132,80,0,2052,2132,148373,0,1,0,-1,0
2020-08-18,US,Texas,Comanche,182,3,0,31.94854689,-98.55876441,48093.0,1334.8001470000002,1.6483516480000002,179,172,3,0,169,172,13534,10,0,0,10,0
2020-08-18,US,Texas,Concho,36,0,0,31.32635934,-99.86473038,48095.0,1320.6162880000002,0.0,36,34,0,0,34,34,4276,2,0,0,2,0
2020-08-18,US,Texas,Cooke,282,3,0,33.63979567,-97.21240912,48097.0,683.5203723,1.063829787,279,265,3,0,262,265,40574,17,0,0,17,0
2020-08-18,US,Texas,Coryell,737,6,0,31.39078397,-97.79936155,48099.0,970.3624705,0.8141112620000001,731,727,6,0,721,717,74808,10,0,0,10,10
2020-08-18,US,Texas,Cottle,18,2,0,34.07783319,-100.27850620000001,48101.0,1287.553648,11.11111111,16,18,2,0,16,18,1389,0,0,0,0,0
2020-08-18,US,Texas,Crane,70,2,0,31.43052248,-102.5143314,48103.0,1459.245362,2.857142857,68,70,2,0,68,70,4794,0,0,0,0,0
2020-08-18,US,Texas,Crockett,157,4,0,30.72367027,-101.4134238,48105.0,4532.332564,2.547770701,153,157,4,0,153,157,3499,0,0,0,0,0
2020-08-18,US,Texas,Crosby,69,1,0,33.61431553,-101.30003640000001,48107.0,1202.719191,1.4492753619999998,68,65,1,0,64,65,5779,4,0,0,4,0
2020-08-18,US,Texas,Culberson,22,2,0,31.44506775,-104.5185739,48109.0,1013.3579,9.090909091,20,21,2,0,19,21,2204,1,0,0,1,0
2020-08-18,US,Texas,Dallam,199,6,0,36.27787176,-102.60207249999999,48111.0,2730.8906269999998,3.015075377,193,196,6,0,190,196,7200,3,0,0,3,0
2020-08-18,US,Texas,Dallas,66065,839,0,32.76670599,-96.77796049999999,48113.0,2506.719747,1.269961402,65226,65278,829,0,64449,63428,2637772,787,10,0,777,1850
2020-08-18,US,Texas,Dawson,172,5,0,32.74255572,-101.94772420000001,48115.0,1351.351351,2.9069767439999996,167,172,5,0,167,172,12619,0,0,0,0,0
2020-08-18,US,Texas,DeWitt,760,21,0,29.08101855,-97.35681170000001,48123.0,3769.8412700000003,2.763157895,739,745,21,0,724,745,20187,15,0,0,15,0
2020-08-18,US,Texas,Deaf Smith,738,19,0,34.96522957,-102.6054267,48117.0,3979.2947270000004,2.574525745,719,726,18,0,708,726,18760,12,1,0,11,0
2020-08-18,US,Texas,Delta,17,0,0,33.38570922,-95.66921122,48119.0,318.8895142,0.0,17,17,0,0,17,17,5349,0,0,0,0,0
2020-08-18,US,Texas,Denton,8584,107,0,33.20521901,-97.11691153,48121.0,967.530689,1.246505126,8477,8427,105,0,8322,8300,859064,157,2,0,155,127
2020-08-18,US,Texas,Dickens,5,1,0,33.61616822,-100.7788855,48125.0,226.14201719999997,20.0,4,5,1,0,4,5,2249,0,0,0,0,0
2020-08-18,US,Texas,Dimmit,167,4,0,28.42270064,-99.75645095,48127.0,1649.545634,2.395209581,163,164,4,0,160,164,10308,3,0,0,3,0
2020-08-18,US,Texas,Donley,49,0,0,34.96517499,-100.8140093,48129.0,1494.813911,0.0,49,49,0,0,49,49,3319,0,0,0,0,0
2020-08-18,US,Texas,Duval,205,7,0,27.68184592,-98.50864568,48131.0,1837.411491,3.414634146,198,198,7,0,191,195,11212,7,0,0,7,3
2020-08-18,US,Texas,Eastland,98,1,0,32.32743996,-98.83243566,48133.0,533.7690632,1.020408163,97,92,1,0,91,92,18322,6,0,0,6,0
2020-08-18,US,Texas,Ector,3889,62,0,31.86898877,-102.54294279999999,48135.0,2339.6280899999997,1.594240165,3827,3814,60,0,3754,3771,162124,75,2,0,73,43
2020-08-18,US,Texas,Edwards,30,0,0,29.98202582,-100.304252,48137.0,1552.795031,0.0,30,30,0,0,30,30,1928,0,0,0,0,0
2020-08-18,US,Texas,El Paso,18682,366,0,31.76980765,-106.23632749999999,48141.0,2226.06698,1.9591050209999998,18316,18486,361,0,18125,18350,840758,196,5,0,191,136
2020-08-18,US,Texas,Ellis,3433,51,0,32.34894117,-96.79371841,48139.0,1857.422657,1.485581124,3382,3255,51,0,3204,3255,179436,178,0,0,178,0
2020-08-18,US,Texas,Erath,603,7,0,32.23602653,-98.21773417,48143.0,1412.244133,1.160862355,596,580,7,0,573,580,42446,23,0,0,23,0
2020-08-18,US,Texas,Falls,146,3,0,31.25350609,-96.93630086,48145.0,844.0770075999999,2.054794521,143,145,3,0,142,145,17335,1,0,0,1,0
2020-08-18,US,Texas,Fannin,352,9,0,33.59564294,-96.10751083,48147.0,991.1584163999999,2.5568181819999998,343,321,9,0,312,321,35286,31,0,0,31,0
2020-08-18,US,Texas,Fayette,411,14,0,29.87788372,-96.92076062,48149.0,1621.557642,3.4063260339999997,397,408,14,0,394,405,25349,3,0,0,3,3
2020-08-18,US,Texas,Fisher,36,1,0,32.74281316,-100.40193020000001,48151.0,939.9477807,2.777777778,35,31,1,0,30,31,3839,5,0,0,5,0
2020-08-18,US,Texas,Floyd,94,6,0,34.07227468,-101.3031546,48153.0,1645.658263,6.382978723,88,94,6,0,88,94,5837,0,0,0,0,0
2020-08-18,US,Texas,Foard,3,0,0,33.97308618,-99.7767797,48155.0,259.7402597,0.0,3,3,0,0,3,3,1200,0,0,0,0,0
2020-08-18,US,Texas,Fort Bend,13034,194,0,29.52704478,-95.77219463,48157.0,1605.789417,1.488414915,12840,12623,194,0,12429,12228,787858,411,0,0,411,395
2020-08-18,US,Texas,Franklin,98,4,0,33.17653242,-95.21917243,48159.0,913.7529138,4.081632653,94,98,3,0,95,95,10766,0,1,0,-1,3
2020-08-18,US,Texas,Freestone,187,0,0,31.70422788,-96.15072516,48161.0,948.4201450999999,0.0,187,185,0,0,185,182,19808,2,0,0,2,3
2020-08-18,US,Texas,Frio,588,7,0,28.86751206,-99.10804207,48163.0,2895.695853,1.19047619,581,571,6,0,565,571,19816,17,1,0,16,0
2020-08-18,US,Texas,Gaines,199,4,0,32.74055318,-102.6353295,48165.0,925.9259258999999,2.010050251,195,199,4,0,195,199,20901,0,0,0,0,0
2020-08-18,US,Texas,Galveston,10135,126,0,29.40167322,-94.90469073,48167.0,2962.246338,1.243216576,10009,10033,125,0,9908,9937,337890,102,1,0,101,96
2020-08-18,US,Texas,Garza,101,3,0,33.17969345,-101.2984114,48169.0,1621.448066,2.97029703,98,101,3,0,98,101,6578,0,0,0,0,0
2020-08-18,US,Texas,Gillespie,190,6,0,30.31824095,-98.94676915,48171.0,704.0166,3.157894737,184,188,6,0,182,188,26804,2,0,0,2,0
2020-08-18,US,Texas,Glasscock,6,0,0,31.86942909,-101.5207776,48173.0,425.8339248,0.0,6,6,0,0,6,6,1388,0,0,0,0,0
2020-08-18,US,Texas,Goliad,121,6,0,28.65696592,-97.42760647,48175.0,1580.04701,4.958677686000001,115,119,6,0,113,119,7584,2,0,0,2,0
2020-08-18,US,Texas,Gonzales,738,11,0,29.45634206,-97.49424032,48177.0,3541.7766469999997,1.490514905,727,721,11,0,710,721,20826,17,0,0,17,0
2020-08-18,US,Texas,Gray,230,2,0,35.40081878,-100.8129222,48179.0,1050.900119,0.869565217,228,226,2,0,224,226,21895,4,0,0,4,0
2020-08-18,US,Texas,Grayson,1298,16,0,33.62744998,-96.67753461,48181.0,952.9263207,1.2326656390000001,1282,1272,16,0,1256,1260,133991,26,0,0,26,12
2020-08-18,US,Texas,Gregg,1680,33,0,32.47940482,-94.81591935,48183.0,1355.4399130000002,1.964285714,1647,1646,32,0,1614,1646,123707,34,1,0,33,0
2020-08-18,US,Texas,Grimes,935,29,0,30.54579585,-95.98902499,48185.0,3237.534626,3.101604278,906,933,27,0,906,932,28360,2,2,0,0,1
2020-08-18,US,Texas,Guadalupe,1810,59,0,29.58165339,-97.94786822,48187.0,1084.826218,3.2596685080000003,1751,1799,59,0,1740,1799,163694,11,0,0,11,0
2020-08-18,US,Texas,Hale,1491,32,0,34.07044901,-101.82681140000001,48189.0,4463.270071,2.146210597,1459,1478,31,0,1447,1478,33830,13,1,0,12,0
2020-08-18,US,Texas,Hall,15,1,0,34.5307555,-100.68138520000001,48191.0,506.0728745,6.666666667,14,15,1,0,14,15,3028,0,0,0,0,0
2020-08-18,US,Texas,Hamilton,96,3,0,31.70470573,-98.11083887,48193.0,1134.617657,3.125,93,92,3,0,89,92,8484,4,0,0,4,0
2020-08-18,US,Texas,Hansford,97,2,0,36.27743284,-101.3545796,48195.0,1796.629005,2.06185567,95,93,2,0,91,93,5463,4,0,0,4,0
2020-08-18,US,Texas,Hardeman,22,0,0,34.28944521,-99.74632408,48197.0,559.3694381,0.0,22,22,0,0,22,22,3922,0,0,0,0,0
2020-08-18,US,Texas,Hardin,1144,18,0,30.33364686,-94.38931817,48199.0,1986.042151,1.573426573,1126,1124,18,0,1106,1124,57207,20,0,0,20,0
2020-08-18,US,Texas,Harris,93872,1875,0,29.85864939,-95.39339521,48201.0,1991.630113,1.997400716,91997,92944,1838,0,91106,92253,4698619,928,37,0,891,691
2020-08-18,US,Texas,Harrison,749,24,0,32.54935988,-94.36934071,48203.0,1125.4188390000002,3.2042723630000003,725,735,24,0,711,735,66726,14,0,0,14,0
2020-08-18,US,Texas,Hartley,95,0,0,35.84008013,-102.6029022,48205.0,1703.7302730000001,0.0,95,94,0,0,94,94,5619,1,0,0,1,0
2020-08-18,US,Texas,Haskell,53,0,0,33.17823584,-99.73037358,48207.0,936.7267586000002,0.0,53,52,0,0,52,52,5813,1,0,0,1,0
2020-08-18,US,Texas,Hays,5192,46,0,30.05669873,-98.02944344,48209.0,2255.5182440000003,0.8859784279999999,5146,5150,46,0,5104,5111,222631,42,0,0,42,39
2020-08-18,US,Texas,Hemphill,45,0,0,35.83764858,-100.2703577,48211.0,1178.3189320000001,0.0,45,45,0,0,45,45,3825,0,0,0,0,0
2020-08-18,US,Texas,Henderson,712,13,0,32.21128872,-95.85846587,48213.0,860.5581542000001,1.825842697,699,697,12,0,685,697,82299,15,1,0,14,0
2020-08-18,US,Texas,Hidalgo,22826,999,0,26.39418217,-98.18299696,48215.0,2627.583293,4.376588101,21827,22013,955,0,21058,22013,865939,813,44,0,769,0
2020-08-18,US,Texas,Hill,341,7,0,31.99045053,-97.13423143,48217.0,930.4483069,2.052785924,334,341,7,0,334,340,36354,0,0,0,0,1
2020-08-18,US,Texas,Hockley,228,5,0,33.60771256,-102.3431676,48219.0,990.4000695000001,2.1929824559999997,223,223,5,0,218,223,22980,5,0,0,5,0
2020-08-18,US,Texas,Hood,665,13,0,32.42990927,-97.83242024,48221.0,1078.792401,1.954887218,652,657,13,0,644,657,60537,8,0,0,8,0
2020-08-18,US,Texas,Hopkins,222,3,0,33.14875072,-95.56351139,48223.0,598.6409232999999,1.351351351,219,217,3,0,214,217,36810,5,0,0,5,0
2020-08-18,US,Texas,Houston,323,8,0,31.31925973,-95.42226208,48225.0,1406.304424,2.476780186,315,323,8,0,315,323,23169,0,0,0,0,0
2020-08-18,US,Texas,Howard,217,8,0,32.30621324,-101.4356444,48227.0,591.8612262999999,3.686635945,209,201,7,0,194,201,36459,16,1,0,15,0
2020-08-18,US,Texas,Hudspeth,35,2,0,31.45628381,-105.388178,48229.0,716.3323782000001,5.714285714,33,35,2,0,33,35,4795,0,0,0,0,0
2020-08-18,US,Texas,Hunt,1284,21,0,33.12351514,-96.08551032,48231.0,1302.310485,1.6355140190000002,1263,1284,21,0,1263,1284,96493,0,0,0,0,0
2020-08-18,US,Texas,Hutchinson,133,3,0,35.84006574,-101.3546643,48233.0,635.2087114,2.255639098,130,133,3,0,130,133,21198,0,0,0,0,0
2020-08-18,US,Texas,Irion,9,0,0,31.30375559,-100.982439,48235.0,585.9375,0.0,9,9,0,0,9,9,1522,0,0,0,0,0
2020-08-18,US,Texas,Jack,102,0,0,33.23377248,-98.17283469,48237.0,1141.578064,0.0,102,99,0,0,99,99,8843,3,0,0,3,0
2020-08-18,US,Texas,Jackson,438,11,0,28.95472367,-96.57749563,48239.0,2967.479675,2.511415525,427,418,11,0,407,418,14874,20,0,0,20,0
2020-08-18,US,Texas,Jasper,362,15,0,30.74685667,-94.02667579,48241.0,1018.88598,4.143646409,347,362,15,0,347,359,35872,0,0,0,0,3
2020-08-18,US,Texas,Jeff Davis,8,0,0,30.71490589,-104.1399973,48243.0,351.8029903,0.0,8,8,0,0,8,8,2252,0,0,0,0,0
2020-08-18,US,Texas,Jefferson,6316,96,0,29.8832777,-94.16434171,48245.0,2510.6831239999997,1.519949335,6220,6247,95,0,6152,6247,255001,69,1,0,68,0
2020-08-18,US,Texas,Jim Hogg,65,2,0,27.04453923,-98.69681870000001,48247.0,1250.0,3.076923077,63,65,2,0,63,65,5248,0,0,0,0,0
2020-08-18,US,Texas,Jim Wells,872,19,0,27.73103938,-98.0904705,48249.0,2154.043773,2.178899083,853,841,19,0,822,824,40822,31,0,0,31,17
2020-08-18,US,Texas,Johnson,2320,34,0,32.37877812,-97.36615819,48251.0,1319.553854,1.465517241,2286,2159,34,0,2125,2159,171361,161,0,0,161,0
2020-08-18,US,Texas,Jones,603,0,0,32.73997145,-99.87861576,48253.0,3002.539461,0.0,603,600,0,0,600,600,19817,3,0,0,3,0
2020-08-18,US,Texas,Karnes,691,10,0,28.90705334,-97.85960149,48255.0,4429.203256000001,1.447178003,681,672,10,0,662,672,15650,19,0,0,19,0
2020-08-18,US,Texas,Kaufman,2606,32,0,32.599141700000004,-96.28734728,48257.0,1914.009137,1.227935533,2574,2446,32,0,2414,2446,128622,160,0,0,160,0
2020-08-18,US,Texas,Kendall,185,4,0,29.94414155,-98.7113588,48259.0,390.04026899999997,2.162162162,181,180,4,0,176,180,45641,5,0,0,5,0
2020-08-18,US,Texas,Kenedy,7,1,0,26.92601662,-97.66413984,48261.0,1732.6732670000001,14.28571429,6,6,1,0,5,6,442,1,0,0,1,0
2020-08-18,US,Texas,Kent,4,0,0,33.18104136,-100.7780939,48263.0,524.9343832,0.0,4,3,0,0,3,3,726,1,0,0,1,0
2020-08-18,US,Texas,Kerr,418,6,0,30.06040006,-99.34930144,48265.0,794.6768061,1.435406699,412,416,6,0,410,416,52405,2,0,0,2,0
2020-08-18,US,Texas,Kimble,16,1,0,30.48678918,-99.74856473,48267.0,368.9186073,6.25,15,16,1,0,15,16,4362,0,0,0,0,0
2020-08-18,US,Texas,Kinney,21,0,0,29.34967888,-100.41866379999999,48271.0,572.6752113,0.0,21,21,0,0,21,21,3767,0,0,0,0,0
2020-08-18,US,Texas,Kleberg,517,19,0,27.42435506,-97.69894948,48273.0,1685.1368969999999,3.6750483560000005,498,498,18,0,480,489,31129,19,1,0,18,9
2020-08-18,US,Texas,Knox,62,5,0,33.60519951,-99.74229059999999,48275.0,1692.1397379999999,8.064516129,57,62,5,0,57,62,3653,0,0,0,0,0
2020-08-18,US,Texas,La Salle,364,2,0,28.34453111,-99.09908775,48283.0,4840.425532,0.549450549,362,364,2,0,362,364,7531,0,0,0,0,0
2020-08-18,US,Texas,Lamar,730,19,0,33.66981763,-95.57404777,48277.0,1464.128843,2.602739726,711,730,19,0,711,705,49728,0,0,0,0,25
2020-08-18,US,Texas,Lamb,249,18,0,34.06859623,-102.35162890000001,48279.0,1931.2805399999997,7.2289156629999995,231,246,17,0,229,246,13158,3,1,0,2,0
2020-08-18,US,Texas,Lampasas,132,5,0,31.19531316,-98.24206613,48281.0,616.0164271000001,3.787878788,127,131,5,0,126,128,21229,1,0,0,1,3
2020-08-18,US,Texas,Lavaca,650,25,0,29.38508402,-96.93186692,48285.0,3225.16622,3.8461538460000004,625,641,25,0,616,641,20110,9,0,0,9,0
2020-08-18,US,Texas,Lee,183,12,0,30.31120597,-96.97045773,48287.0,1061.546493,6.557377048999999,171,181,12,0,169,180,17144,2,0,0,2,1
2020-08-18,US,Texas,Leon,159,3,0,31.29872538,-95.9936328,48289.0,913.5830843,1.8867924530000002,156,158,3,0,155,158,17270,1,0,0,1,0
2020-08-18,US,Texas,Liberty,1132,37,0,30.15152688,-94.81205615,48291.0,1283.170292,3.268551237,1095,1115,36,0,1079,1115,86323,17,1,0,16,0
2020-08-18,US,Texas,Limestone,318,3,0,31.5454767,-96.58095444,48293.0,1356.828946,0.943396226,315,308,3,0,305,298,23519,10,0,0,10,10
2020-08-18,US,Texas,Lipscomb,22,0,0,36.27783108,-100.27331509999999,48295.0,680.482524,0.0,22,22,0,0,22,22,3355,0,0,0,0,0
2020-08-18,US,Texas,Live Oak,240,5,0,28.35101362,-98.1246786,48297.0,1966.0850329999998,2.083333333,235,240,5,0,235,240,12166,0,0,0,0,0
2020-08-18,US,Texas,Llano,92,1,0,30.70645047,-98.68475262,48299.0,422.115164,1.086956522,91,92,1,0,91,92,21646,0,0,0,0,0
2020-08-18,US,Texas,Lubbock,6542,80,0,33.61008596,-101.82047890000001,48303.0,2106.4562140000003,1.222867625,6462,6542,80,0,6462,6528,307412,0,0,0,0,14
2020-08-18,US,Texas,Lynn,74,4,0,33.17657705,-101.8162849,48305.0,1243.488489,5.405405405,70,74,4,0,70,74,5877,0,0,0,0,0
2020-08-18,US,Texas,Madison,684,3,0,30.96694679,-95.93003775,48313.0,4788.574629,0.43859649100000003,681,684,3,0,681,684,14422,0,0,0,0,0
2020-08-18,US,Texas,Marion,136,10,0,32.79868409,-94.35661230000001,48315.0,1380.150193,7.352941176,126,136,9,0,127,136,9928,0,1,0,-1,0
2020-08-18,US,Texas,Martin,69,5,0,32.30600051,-101.9513518,48317.0,1195.633339,7.246376812,64,67,5,0,62,67,5753,2,0,0,2,0
2020-08-18,US,Texas,Mason,63,0,0,30.71780434,-99.22629416,48319.0,1474.029013,0.0,63,60,0,0,60,60,4280,3,0,0,3,0
2020-08-18,US,Texas,Matagorda,840,36,0,28.81955746,-96.01230294,48321.0,2292.388724,4.285714286,804,832,35,0,797,831,36552,8,1,0,7,1
2020-08-18,US,Texas,Maverick,2596,54,0,28.7429195,-100.3157686,48323.0,4420.830353,2.080123267,2542,2596,54,0,2542,2596,58485,0,0,0,0,0
2020-08-18,US,Texas,McCulloch,63,1,0,31.1925468,-99.34682807,48307.0,789.0781562999999,1.5873015869999998,62,58,1,0,57,57,7987,5,0,0,5,1
2020-08-18,US,Texas,McLennan,5372,65,0,31.55255453,-97.20217694,48309.0,2093.3431530000003,1.209977662,5307,5356,62,0,5294,5322,254607,16,3,0,13,34
2020-08-18,US,Texas,McMullen,10,0,0,28.35251708,-98.56769164,48311.0,1345.89502,0.0,10,10,0,0,10,10,749,0,0,0,0,0
2020-08-18,US,Texas,Medina,1002,33,0,29.355730100000002,-99.11030298,48325.0,1942.462779,3.293413174,969,987,32,0,955,987,50921,15,1,0,14,0
2020-08-18,US,Texas,Menard,19,0,0,30.88990665,-99.82047940000001,48327.0,888.6810103,0.0,19,18,0,0,18,18,2139,1,0,0,1,0
2020-08-18,US,Texas,Midland,2953,60,0,31.86904128,-102.03156820000001,48329.0,1669.946616,2.031832035,2893,2948,60,0,2888,2888,172578,5,0,0,5,60
2020-08-18,US,Texas,Milam,374,3,0,30.785818300000003,-96.97718698,48331.0,1506.6672039999999,0.802139037,371,366,3,0,363,366,25131,8,0,0,8,0
2020-08-18,US,Texas,Mills,27,0,0,31.49557106,-98.59272068,48333.0,554.073466,0.0,27,26,0,0,26,26,4921,1,0,0,1,0
2020-08-18,US,Texas,Mitchell,70,1,0,32.30623474,-100.9212058,48335.0,819.1925102000001,1.428571429,69,70,1,0,69,70,8145,0,0,0,0,0
2020-08-18,US,Texas,Montague,89,2,0,33.67521893,-97.72500958,48337.0,449.08668889999996,2.247191011,87,86,2,0,84,86,19596,3,0,0,3,0
2020-08-18,US,Texas,Montgomery,7327,107,0,30.30079133,-95.50572772,48339.0,1206.306975,1.460352122,7220,7160,103,0,7057,6957,590925,167,4,0,163,203
2020-08-18,US,Texas,Moore,1092,14,0,35.83769242,-101.8930281,48341.0,5214.899713000001,1.282051282,1078,1082,14,0,1068,1082,21485,10,0,0,10,0
2020-08-18,US,Texas,Morris,135,3,0,33.11304005,-94.73255695,48343.0,1089.764288,2.222222222,132,134,3,0,131,134,12339,1,0,0,1,0
2020-08-18,US,Texas,Motley,6,0,0,34.07408766,-100.77972199999999,48345.0,500.0,0.0,6,6,0,0,6,6,1234,0,0,0,0,0
2020-08-18,US,Texas,Nacogdoches,1221,44,0,31.62017125,-94.61803994,48347.0,1872.584504,3.603603604,1177,1204,43,0,1161,1202,65711,17,1,0,16,2
2020-08-18,US,Texas,Navarro,981,12,0,32.04620681,-96.47428766,48349.0,1957.575879,1.22324159,969,942,11,0,931,942,49565,39,1,0,38,0
2020-08-18,US,Texas,Newton,124,4,0,30.78548982,-93.74408813,48351.0,912.1000367999999,3.225806452,120,124,4,0,120,124,13746,0,0,0,0,0
2020-08-18,US,Texas,Nolan,141,3,0,32.30365282,-100.4060208,48353.0,958.2710344000001,2.127659574,138,140,3,0,137,140,14751,1,0,0,1,0
2020-08-18,US,Texas,Nueces,17322,295,0,27.736286,-97.5433285,48355.0,4781.199799,1.703036601,17027,17124,290,0,16834,17044,362265,198,5,0,193,80
2020-08-18,US,Texas,Ochiltree,100,2,0,36.27829105,-100.8158184,48357.0,1016.6734439999999,2.0,98,100,2,0,98,100,9947,0,0,0,0,0
2020-08-18,US,Texas,Oldham,14,1,0,35.40425596,-102.6027606,48359.0,662.8787879,7.142857143,13,14,1,0,13,14,2131,0,0,0,0,0
2020-08-18,US,Texas,Orange,1624,29,0,30.11879481,-93.89412775,48361.0,1947.3356039999999,1.785714286,1595,1579,29,0,1550,1579,83572,45,0,0,45,0
2020-08-18,US,Texas,Palo Pinto,378,10,0,32.75310985,-98.31319001,48363.0,1295.008394,2.6455026459999997,368,347,10,0,337,347,28875,31,0,0,31,0
2020-08-18,US,Texas,Panola,301,18,0,32.163959600000005,-94.30552481,48365.0,1297.7494179999999,5.980066445,283,301,18,0,283,301,23148,0,0,0,0,0
2020-08-18,US,Texas,Parker,1492,20,0,32.77757172,-97.80500621,48367.0,1044.24754,1.3404825740000001,1472,1401,20,0,1381,1401,138371,91,0,0,91,0
2020-08-18,US,Texas,Parmer,363,7,0,34.52993409,-102.78446679999999,48369.0,3779.281624,1.928374656,356,360,7,0,353,360,9864,3,0,0,3,0
2020-08-18,US,Texas,Pecos,263,2,0,30.78097267,-102.72412609999999,48371.0,1662.137395,0.760456274,261,258,2,0,256,258,15673,5,0,0,5,0
2020-08-18,US,Texas,Polk,772,14,0,30.79472531,-94.82766240000001,48373.0,1503.320157,1.8134715030000002,758,769,14,0,755,769,50031,3,0,0,3,0
2020-08-18,US,Texas,Potter,3866,47,0,35.40133773,-101.893964,48375.0,3292.594643,1.2157268490000002,3819,3823,47,0,3776,3802,119648,43,0,0,43,21
2020-08-18,US,Texas,Presidio,49,4,0,29.99954402,-104.24080790000001,48377.0,730.9069212,8.163265306,45,49,4,0,45,49,6948,0,0,0,0,0
2020-08-18,US,Texas,Rains,54,1,0,32.87109387,-95.79232691,48379.0,431.5167013,1.8518518519999998,53,54,1,0,53,54,12159,0,0,0,0,0
2020-08-18,US,Texas,Randall,1927,25,0,34.96585996,-101.8971322,48381.0,1399.2869230000001,1.2973533990000001,1902,1899,25,0,1874,1899,136271,28,0,0,28,0
2020-08-18,US,Texas,Reagan,66,5,0,31.36607041,-101.52326590000001,48383.0,1714.7310989999999,7.575757576,61,66,4,0,62,66,3741,0,1,0,-1,0
2020-08-18,US,Texas,Real,91,3,0,29.83321503,-99.82018052,48385.0,2636.152955,3.296703297,88,91,3,0,88,91,3478,0,0,0,0,0
2020-08-18,US,Texas,Red River,140,12,0,33.61886692,-95.04841765,48387.0,1164.434833,8.571428571,128,141,12,0,129,141,12175,-1,0,0,-1,0
2020-08-18,US,Texas,Reeves,154,5,0,31.32323325,-103.69038959999999,48389.0,963.9459188999999,3.246753247,149,152,5,0,147,152,15695,2,0,0,2,0
2020-08-18,US,Texas,Refugio,246,9,0,28.323897600000002,-97.15766311,48391.0,3540.5872189999995,3.658536585,237,246,9,0,237,243,7032,0,0,0,0,3
2020-08-18,US,Texas,Roberts,6,0,0,35.83809685,-100.813175,48393.0,702.5761123999999,0.0,6,6,0,0,6,6,903,0,0,0,0,0
2020-08-18,US,Texas,Robertson,240,3,0,31.02539637,-96.51272246,48395.0,1405.646011,1.25,237,239,3,0,236,239,17284,1,0,0,1,0
2020-08-18,US,Texas,Rockwall,1241,17,0,32.89779518,-96.40771592,48397.0,1182.862317,1.369863014,1224,1105,16,0,1089,1105,100657,136,1,0,135,0
2020-08-18,US,Texas,Runnels,169,2,0,31.8314342,-99.97616148,48399.0,1646.531567,1.183431953,167,152,2,0,150,152,10234,17,0,0,17,0
2020-08-18,US,Texas,Rusk,409,2,0,32.10773545,-94.76176432,48401.0,751.7553211000001,0.488997555,407,398,2,0,396,398,54450,11,0,0,11,0
2020-08-18,US,Texas,Sabine,66,6,0,31.34318809,-93.85440451,48403.0,626.0671599,9.090909091,60,66,6,0,60,65,10589,0,0,0,0,1
2020-08-18,US,Texas,San Augustine,181,11,0,31.39457611,-94.17000399,48405.0,2197.4019670000002,6.077348066,170,178,11,0,167,178,8232,3,0,0,3,0
2020-08-18,US,Texas,San Jacinto,189,8,0,30.57933681,-95.16260304,48407.0,654.9083475,4.232804233,181,187,8,0,179,187,28719,2,0,0,2,0
2020-08-18,US,Texas,San Patricio,1141,41,0,28.00880118,-97.51763891,48409.0,1709.875618,3.593339176,1100,1114,35,0,1079,1114,66893,27,6,0,21,0
2020-08-18,US,Texas,San Saba,29,0,0,31.1577796,-98.81758731,48411.0,478.9430223,0.0,29,27,0,0,27,27,6054,2,0,0,2,0
2020-08-18,US,Texas,Schleicher,36,1,0,30.89740592,-100.5384842,48413.0,1288.936627,2.777777778,35,36,1,0,35,36,2895,0,0,0,0,0
2020-08-18,US,Texas,Scurry,507,2,0,32.74613808,-100.91626640000001,48415.0,3035.382865,0.39447731799999997,505,505,2,0,503,505,16866,2,0,0,2,0
2020-08-18,US,Texas,Shackelford,20,0,0,32.73587756,-99.35401337,48417.0,612.5574272999999,0.0,20,19,0,0,19,19,3253,1,0,0,1,0
2020-08-18,US,Texas,Shelby,416,18,0,31.79211404,-94.14550696,48419.0,1645.960275,4.326923077,398,411,18,0,393,411,25418,5,0,0,5,0
2020-08-18,US,Texas,Sherman,46,0,0,36.27751473,-101.8933156,48421.0,1522.170748,0.0,46,44,0,0,44,44,3079,2,0,0,2,0
2020-08-18,US,Texas,Smith,2839,37,0,32.37474036,-95.27175679999999,48423.0,1219.7584539999998,1.3032758009999998,2802,2750,34,0,2716,2750,230221,89,3,0,86,0
2020-08-18,US,Texas,Somervell,95,0,0,32.22236802,-97.77403489,48425.0,1040.753725,0.0,95,85,0,0,85,85,9016,10,0,0,10,0
2020-08-18,US,Texas,Starr,2449,96,0,26.56150059,-98.73892358,48427.0,3789.086071,3.919967334,2353,2443,94,0,2349,2422,64525,6,2,0,4,21
2020-08-18,US,Texas,Stephens,130,3,0,32.73553157,-98.83631615,48429.0,1387.999146,2.307692308,127,131,3,0,128,131,9433,-1,0,0,-1,0
2020-08-18,US,Texas,Sterling,1,0,0,31.82781912,-101.05007459999999,48431.0,77.45933385,0.0,1,1,0,0,1,1,1311,0,0,0,0,0
2020-08-18,US,Texas,Stonewall,7,0,0,33.17906744,-100.25384009999999,48433.0,518.5185184999999,0.0,7,7,0,0,7,7,1362,0,0,0,0,0
2020-08-18,US,Texas,Sutton,70,1,0,30.49856623,-100.5382014,48435.0,1853.813559,1.428571429,69,68,1,0,67,68,3758,2,0,0,2,0
2020-08-18,US,Texas,Swisher,84,3,0,34.53028891,-101.73491740000001,48437.0,1135.5955119999999,3.571428571,81,83,3,0,80,83,7462,1,0,0,1,0
2020-08-18,US,Texas,Tarrant,36239,513,0,32.77143818,-97.29101614,48439.0,1723.602448,1.415601976,35726,35997,504,0,35493,35310,2084931,242,9,0,233,687
2020-08-18,US,Texas,Taylor,1160,30,0,32.30163422,-99.89007449,48441.0,840.3726617999998,2.586206897,1130,1158,29,0,1129,1156,137640,2,1,0,1,2
2020-08-18,US,Texas,Terrell,3,0,0,30.22429013,-102.0766732,48443.0,386.5979381,0.0,3,2,0,0,2,2,823,1,0,0,1,0
2020-08-18,US,Texas,Terry,173,2,0,33.17402785,-102.3354521,48445.0,1402.285807,1.1560693640000002,171,173,2,0,171,173,12287,0,0,0,0,0
2020-08-18,US,Texas,Throckmorton,4,2,0,33.17751417,-99.21226795,48447.0,266.4890073,50.0,2,4,2,0,2,4,1515,0,0,0,0,0
2020-08-18,US,Texas,Titus,1397,18,0,33.21339719,-94.96797273,48449.0,4265.6488549999995,1.288475304,1379,1397,17,0,1380,1397,33033,0,1,0,-1,0
2020-08-18,US,Texas,Tom Green,2942,36,0,31.40464436,-100.46244300000001,48451.0,2468.120805,1.223657376,2906,2923,34,0,2889,2903,118189,19,2,0,17,20
2020-08-18,US,Texas,Travis,24759,337,0,30.33432034,-97.78535620000001,48453.0,1943.476766,1.3611212080000001,24422,24409,335,0,24074,24144,1248743,350,2,0,348,265
2020-08-18,US,Texas,Trinity,163,4,0,31.0879489,-95.1367187,48455.0,1112.552044,2.45398773,159,163,4,0,159,163,14740,0,0,0,0,0
2020-08-18,US,Texas,Tyler,152,3,0,30.77031716,-94.37690895,48457.0,701.3658176,1.973684211,149,152,3,0,149,146,21696,0,0,0,0,6
2020-08-18,US,Texas,Upshur,279,2,0,32.73706798,-94.93999853,48459.0,668.2154576,0.716845878,277,269,2,0,267,267,41260,10,0,0,10,2
2020-08-18,US,Texas,Upton,16,1,0,31.36868194,-102.0423217,48461.0,437.51709050000005,6.25,15,16,1,0,15,16,3671,0,0,0,0,0
2020-08-18,US,Texas,Uvalde,609,14,0,29.35739637,-99.76229172,48463.0,2277.401743,2.298850575,595,604,12,0,592,595,26846,5,2,0,3,9
2020-08-18,US,Texas,Val Verde,1693,49,0,29.89149232,-101.1525205,48465.0,3453.3401329999997,2.894270526,1644,1693,49,0,1644,1693,49208,0,0,0,0,0
2020-08-18,US,Texas,Van Zandt,463,8,0,32.56483801,-95.83766469,48467.0,818.1657537000001,1.727861771,455,446,8,0,438,446,56019,17,0,0,17,0
2020-08-18,US,Texas,Victoria,3631,58,0,28.79780988,-96.96813006,48469.0,3943.138873,1.5973561,3573,3584,57,0,3527,3584,92035,47,1,0,46,0
2020-08-18,US,Texas,Walker,3197,44,0,30.73872995,-95.57440968,48471.0,4381.192529,1.3762902719999999,3153,3190,44,0,3146,3189,72480,7,0,0,7,1
2020-08-18,US,Texas,Waller,531,5,0,30.01058447,-95.99011759,48473.0,961.1555588,0.941619586,526,526,5,0,521,526,53126,5,0,0,5,0
2020-08-18,US,Texas,Ward,100,1,0,31.50999644,-103.09279090000001,48475.0,833.4722454,1.0,99,99,1,0,98,99,11720,1,0,0,1,0
2020-08-18,US,Texas,Washington,534,41,0,30.21498498,-96.40946246,48477.0,1488.211359,7.677902622,493,526,41,0,485,526,35108,8,0,0,8,0
2020-08-18,US,Texas,Webb,9857,207,0,27.7610369,-99.33237355,48479.0,3562.959964,2.100030435,9650,9646,202,0,9444,9552,275910,211,5,0,206,94
2020-08-18,US,Texas,Wharton,1031,30,0,29.27765923,-96.22319248,48481.0,2480.9895079999997,2.909796314,1001,1020,30,0,990,1019,41619,11,0,0,11,1
2020-08-18,US,Texas,Wheeler,39,0,0,35.40114335,-100.26995140000001,48483.0,771.3607595,0.0,39,36,0,0,36,36,5191,3,0,0,3,0
2020-08-18,US,Texas,Wichita,1149,13,0,33.98842886,-98.70410340000001,48485.0,868.9404824999999,1.131418625,1136,1117,12,0,1105,1117,132064,32,1,0,31,0
2020-08-18,US,Texas,Wilbarger,86,1,0,34.07945812,-99.24178437,48487.0,673.5061477,1.162790698,85,78,1,0,77,78,12820,8,0,0,8,0
2020-08-18,US,Texas,Willacy,781,33,0,26.47411727,-97.61535848,48489.0,3656.70943,4.2253521130000005,748,774,30,0,744,767,21515,7,3,0,4,7
2020-08-18,US,Texas,Williamson,7581,105,0,30.64655664,-97.60048540000001,48491.0,1283.716394,1.385041551,7476,7482,103,0,7379,7330,566719,99,2,0,97,152
2020-08-18,US,Texas,Wilson,503,20,0,29.1732598,-98.08693082,48493.0,984.9226552000001,3.976143141,483,499,20,0,479,499,50224,4,0,0,4,0
2020-08-18,US,Texas,Winkler,88,1,0,31.85008651,-103.04851629999999,48495.0,1098.626717,1.136363636,87,88,1,0,87,88,7720,0,0,0,0,0
2020-08-18,US,Texas,Wise,568,10,0,33.21570665,-97.65460265,48497.0,811.6140832000001,1.76056338,558,536,10,0,526,536,68305,32,0,0,32,0
2020-08-18,US,Texas,Wood,365,11,0,32.78722382,-95.38236368,48499.0,801.5107929,3.01369863,354,360,9,0,351,360,45129,5,2,0,3,0
2020-08-18,US,Texas,Yoakum,124,3,0,33.17320212,-102.82764329999999,48501.0,1423.160794,2.419354839,121,124,3,0,121,124,8591,0,0,0,0,0
2020-08-18,US,Texas,Young,205,6,0,33.17659707,-98.68790885,48503.0,1138.2565240000001,2.926829268,199,200,6,0,194,200,18045,5,0,0,5,0
2020-08-18,US,Texas,Zapata,224,3,0,27.00156391,-99.16987152,48505.0,1579.801114,1.339285714,221,204,3,0,201,203,14190,20,0,0,20,1
2020-08-18,US,Texas,Zavala,244,6,0,28.86617238,-99.76050829,48507.0,2060.810811,2.459016393,238,243,6,0,237,243,11983,1,0,0,1,0
2020-08-18,US,Utah,Bear River,2405,8,0,41.52106798,-113.08328159999999,0.0,1287.349185,0.332640333,2397,2398,7,0,2391,2393,,7,1,0,6,5
2020-08-18,US,Utah,Central Utah,459,2,0,39.37231946,-111.5758676,0.0,560.0702832999999,0.435729847,457,455,2,0,453,454,,4,0,0,4,1
2020-08-18,US,Utah,Davis,3442,21,0,40.99001837,-112.1139997,49011.0,968.2655332,0.610110401,3421,3422,21,0,3401,3414,351713,20,0,0,20,8
2020-08-18,US,Utah,Salt Lake,21951,215,0,40.66616532,-111.92160109999999,49035.0,1891.6149690000002,0.9794542390000001,21736,21870,212,0,21658,21771,1152633,81,3,0,78,99
2020-08-18,US,Utah,San Juan,656,26,0,37.62762978,-109.80337140000002,49037.0,4285.340998,3.963414634,630,653,26,0,627,653,15449,3,0,0,3,0
2020-08-18,US,Utah,Southeast Utah,118,1,0,38.99617072,-110.70139579999999,0.0,293.3207388,0.847457627,117,119,1,0,118,117,,-1,0,0,-1,2
2020-08-18,US,Utah,Southwest Utah,3358,26,0,37.85447192,-111.4418764,0.0,1332.31763,0.774270399,3332,3341,26,0,3315,3321,,17,0,0,17,20
2020-08-18,US,Utah,Summit,758,1,0,40.86688146,-110.9535882,49043.0,1798.552616,0.131926121,757,746,1,0,745,733,41933,12,0,0,12,13
2020-08-18,US,Utah,Tooele,623,0,0,40.44862644,-113.12957150000001,49045.0,862.1763379,0.0,623,619,0,0,619,618,69907,4,0,0,4,1
2020-08-18,US,Utah,TriCounty,192,0,0,40.12491499,-109.5174415,0.0,339.0908128,0.0,192,191,0,0,191,190,,1,0,0,1,1
2020-08-18,US,Utah,Utah,9576,39,0,40.116672200000004,-111.66576620000001,49049.0,1505.104246,0.40726817,9537,9478,39,0,9439,9398,622213,98,0,0,98,80
2020-08-18,US,Utah,Wasatch,600,4,0,40.33110236,-111.1691419,49051.0,1759.9953070000001,0.666666667,596,600,4,0,596,598,33240,0,0,0,0,2
2020-08-18,US,Utah,Weber-Morgan,3019,26,0,41.27116049,-111.9145117,0.0,1108.553006,0.861212322,2993,3002,25,0,2977,2992,,17,1,0,16,10
2020-08-18,US,Vermont,Addison,76,2,0,44.03217337,-73.14130877,50001.0,206.6508959,2.631578947,74,76,2,0,74,76,36973,0,0,0,0,0
2020-08-18,US,Vermont,Bennington,92,1,0,43.03519828,-73.09048868,50003.0,259.374119,1.086956522,91,92,1,0,91,92,35631,0,0,0,0,0
2020-08-18,US,Vermont,Caledonia,29,0,0,44.46548598,-72.10314651,50005.0,96.68922749,0.0,29,29,0,0,29,29,30302,0,0,0,0,0
2020-08-18,US,Vermont,Chittenden,763,39,0,44.46322849,-73.08359212,50007.0,465.885916,5.1114023589999995,724,763,39,0,724,756,164572,0,0,0,0,7
2020-08-18,US,Vermont,Essex,6,0,0,44.72736416,-71.73579864,50009.0,97.35518416,0.0,6,6,0,0,6,6,6250,0,0,0,0,0
2020-08-18,US,Vermont,Franklin,121,7,0,44.85627605,-72.91249563,50011.0,244.9293551,5.7851239670000005,114,121,7,0,114,121,49421,0,0,0,0,0
2020-08-18,US,Vermont,Grand Isle,13,0,0,44.797582399999996,-73.29679772,50013.0,179.6821009,0.0,13,13,0,0,13,13,7090,0,0,0,0,0
2020-08-18,US,Vermont,Lamoille,45,1,0,44.60353043,-72.64356694,50015.0,177.430802,2.222222222,44,45,1,0,44,43,25300,0,0,0,0,2
2020-08-18,US,Vermont,Orange,18,0,0,44.00470222,-72.37640104,50017.0,62.30098297,0.0,18,18,0,0,18,17,28999,0,0,0,0,1
2020-08-18,US,Vermont,Orleans,15,0,0,44.82964024,-72.24562697,50019.0,55.47952805,0.0,15,15,0,0,15,15,26907,0,0,0,0,0
2020-08-18,US,Vermont,Rutland,102,1,0,43.57723578,-73.03741676,50021.0,175.28483789999999,0.980392157,101,101,1,0,100,101,58672,1,0,0,1,0
2020-08-18,US,Vermont,Unassigned,8,0,0,0.0,0.0,90050.0,0.0,0.0,8,8,0,0,8,8,,0,0,0,0,0
2020-08-18,US,Vermont,Washington,58,2,0,44.27343241,-72.61604978,50023.0,99.29976545,3.448275862,56,58,2,0,56,58,58140,0,0,0,0,0
2020-08-18,US,Vermont,Windham,109,3,0,42.986982,-72.71268875,50025.0,258.15925350000003,2.752293578,106,107,3,0,104,105,42756,2,0,0,2,2
2020-08-18,US,Vermont,Windsor,75,2,0,43.58010937,-72.58595157,50027.0,136.2100904,2.666666667,73,75,2,0,73,75,55286,0,0,0,0,0
2020-08-18,US,Virginia,Accomack,1127,17,0,37.76707161,-75.63234615,51001.0,3487.436564,1.508429459,1110,1127,17,0,1110,1123,32412,0,0,0,0,4
2020-08-18,US,Virginia,Albemarle,916,16,0,38.02080697,-78.55481085,51003.0,837.8304217,1.746724891,900,913,16,0,897,906,108718,3,0,0,3,7
2020-08-18,US,Virginia,Alexandria,3146,61,0,38.814003,-77.08183073,51510.0,1973.304564,1.9389701209999999,3085,3130,61,0,3069,3104,160530,16,0,0,16,26
2020-08-18,US,Virginia,Alleghany,59,4,0,37.78636074,-80.00222498,51005.0,397.039031,6.7796610170000005,55,60,4,0,56,60,14910,-1,0,0,-1,0
2020-08-18,US,Virginia,Amelia,85,2,0,37.34081025,-77.98584649,51007.0,646.633701,2.352941176,83,85,2,0,83,85,13013,0,0,0,0,0
2020-08-18,US,Virginia,Amherst,223,1,0,37.60308293,-79.14548696,51009.0,705.5845594,0.448430493,222,217,1,0,216,219,31666,6,0,0,6,-2
2020-08-18,US,Virginia,Appomattox,109,0,0,37.37569884,-78.81340003,51011.0,685.0606498999999,0.0,109,103,0,0,103,103,15841,6,0,0,6,0
2020-08-18,US,Virginia,Arlington,3264,135,0,38.8767675,-77.10139853,51013.0,1378.1339460000002,4.136029412,3129,3246,135,0,3111,3229,237521,18,0,0,18,17
2020-08-18,US,Virginia,Augusta,315,4,0,38.16404586,-79.12461614,51015.0,416.8982768,1.26984127,311,313,4,0,309,310,75457,2,0,0,2,3
2020-08-18,US,Virginia,Bath,4,0,0,38.05852573,-79.73912095,51017.0,96.45526887,0.0,4,4,0,0,4,4,4292,0,0,0,0,0
2020-08-18,US,Virginia,Bedford,429,8,0,37.3080028,-79.5281964,51019.0,543.0585972,1.864801865,421,418,8,0,410,414,78747,11,0,0,11,4
2020-08-18,US,Virginia,Bland,38,0,0,37.13128068,-81.13599391,51021.0,605.0955414,0.0,38,37,0,0,37,31,6293,1,0,0,1,6
2020-08-18,US,Virginia,Botetourt,222,7,0,37.55531756,-79.80982182,51023.0,664.2927676,3.1531531530000003,215,223,7,0,216,220,33277,-1,0,0,-1,3
2020-08-18,US,Virginia,Bristol,100,1,0,36.616302399999995,-82.16359122,51520.0,596.5875194,1.0,99,100,1,0,99,92,16482,0,0,0,0,8
2020-08-18,US,Virginia,Brunswick,250,2,0,36.76366949,-77.8593436,51025.0,1540.262461,0.8,248,248,2,0,246,247,16384,2,0,0,2,1
2020-08-18,US,Virginia,Buchanan,84,1,0,37.26818323,-82.03749726,51027.0,399.923824,1.19047619,83,84,1,0,83,84,21221,0,0,0,0,0
2020-08-18,US,Virginia,Buckingham,622,8,0,37.57242268,-78.52518834,51029.0,3627.24516,1.286173633,614,620,8,0,612,617,16999,2,0,0,2,3
2020-08-18,US,Virginia,Buena Vista,67,1,0,37.73484642,-79.35296097,51530.0,1034.269836,1.4925373130000001,66,65,1,0,64,65,6237,2,0,0,2,0
2020-08-18,US,Virginia,Campbell,260,3,0,37.20553386,-79.09678609,51031.0,473.7177735,1.153846154,257,253,3,0,250,251,54973,7,0,0,7,2
2020-08-18,US,Virginia,Caroline,230,5,0,38.02679129,-77.34901405,51033.0,748.5760781,2.173913043,225,229,5,0,224,228,30772,1,0,0,1,1
2020-08-18,US,Virginia,Carroll,349,15,0,36.73066666,-80.73455942,51035.0,1171.494747,4.297994269,334,344,14,0,330,341,29636,5,1,0,4,3
2020-08-18,US,Virginia,Charles City,56,5,0,37.35358063,-77.05634116,51036.0,804.2510412,8.928571429,51,56,5,0,51,55,6941,0,0,0,0,1
2020-08-18,US,Virginia,Charlotte,59,0,0,37.01909701,-78.66314092,51037.0,496.6329966,0.0,59,58,0,0,58,58,11938,1,0,0,1,0
2020-08-18,US,Virginia,Charlottesville,561,15,0,38.03527919,-78.48569588,51540.0,1186.899674,2.673796791,546,560,15,0,545,560,48117,1,0,0,1,0
2020-08-18,US,Virginia,Chesapeake,3319,41,0,36.67670048,-76.30545744,51550.0,1355.6068369999998,1.235311841,3278,3303,41,0,3262,3258,242634,16,0,0,16,45
2020-08-18,US,Virginia,Chesterfield,4684,81,0,37.37373208,-77.58680140000001,51041.0,1327.6568730000001,1.7292912040000001,4603,4623,80,0,4543,4621,348556,61,1,0,60,2
2020-08-18,US,Virginia,Clarke,74,0,0,39.11271747,-77.99199425,51043.0,506.1905739,0.0,74,74,0,0,74,74,14523,0,0,0,0,0
2020-08-18,US,Virginia,Colonial Heights,209,22,0,37.26420587,-77.39609676,51570.0,1203.223949,10.52631579,187,207,22,0,185,206,17833,2,0,0,2,1
2020-08-18,US,Virginia,Covington,15,0,0,37.7824656,-79.98631446,51580.0,270.8559047,0.0,15,13,0,0,13,13,5460,2,0,0,2,0
2020-08-18,US,Virginia,Craig,20,0,0,37.48133648,-80.21072274,51045.0,389.78756580000004,0.0,20,19,0,0,19,19,5064,1,0,0,1,0
2020-08-18,US,Virginia,Culpeper,1045,12,0,38.48199985,-77.95630870000001,51047.0,1986.503184,1.148325359,1033,1041,12,0,1029,1039,51859,4,0,0,4,2
2020-08-18,US,Virginia,Cumberland,85,0,0,37.51328851,-78.24398086,51049.0,855.8195731000001,0.0,85,84,0,0,84,81,9809,1,0,0,1,3
2020-08-18,US,Virginia,Danville,487,9,0,36.58022376,-79.40395668,51590.0,1216.1622220000002,1.848049281,478,477,9,0,468,465,40693,10,0,0,10,12
2020-08-18,US,Virginia,Dickenson,54,1,0,37.12560977,-82.35124171,51051.0,377.1476463,1.8518518519999998,53,52,1,0,51,52,14523,2,0,0,2,0
2020-08-18,US,Virginia,Dinwiddie,243,7,0,37.07544585,-77.63451754,51053.0,851.3172645999999,2.880658436,236,240,7,0,233,238,28529,3,0,0,3,2
2020-08-18,US,Virginia,Emporia,192,15,0,36.69455571,-77.53406129,51595.0,3591.470258,7.8125,177,192,15,0,177,188,5121,0,0,0,0,4
2020-08-18,US,Virginia,Essex,108,1,0,37.93357639,-76.94230311,51057.0,986.0312242999998,0.9259259259999999,107,109,1,0,108,108,10919,-1,0,0,-1,1
2020-08-18,US,Virginia,Fairfax,17154,537,0,38.83677558,-77.27565836,51059.0,1494.8602740000001,3.130465198,16617,17070,535,0,16535,16995,1150795,84,2,0,82,75
2020-08-18,US,Virginia,Fairfax,17154,537,0,38.83677558,-77.27565836,51059.0,1494.8602740000001,3.130465198,16617,17070,535,0,16535,16995,24574,84,2,0,82,75
2020-08-18,US,Virginia,Fairfax City,102,7,0,38.85157547,-77.29779640000001,51600.0,424.6638078,6.8627450979999995,95,103,7,0,96,103,24574,-1,0,0,-1,0
2020-08-18,US,Virginia,Falls Church,63,6,0,38.88485255,-77.17560759,51610.0,431.0049942,9.523809523999999,57,63,6,0,57,62,14772,0,0,0,0,1
2020-08-18,US,Virginia,Fauquier,647,9,0,38.73564842,-77.80647472,51061.0,908.4271714,1.3910355490000001,638,642,9,0,633,638,70675,5,0,0,5,4
2020-08-18,US,Virginia,Floyd,115,2,0,36.9302126,-80.36738849,51063.0,730.2050924,1.739130435,113,114,2,0,112,112,15795,1,0,0,1,2
2020-08-18,US,Virginia,Fluvanna,204,9,0,37.84157909,-78.27715475,51065.0,748.0748075,4.4117647060000005,195,203,9,0,194,202,26783,1,0,0,1,1
2020-08-18,US,Virginia,Franklin,192,1,0,36.99536167,-79.88023649,51067.0,342.6001927,0.520833333,191,182,1,0,181,182,56195,10,0,0,10,0
2020-08-18,US,Virginia,Franklin,192,1,0,36.99536167,-79.88023649,51067.0,342.6001927,0.520833333,191,182,1,0,181,182,8013,10,0,0,10,0
2020-08-18,US,Virginia,Franklin City,219,6,0,36.6831435,-76.93859681,51620.0,2748.838961,2.7397260269999997,213,212,6,0,206,210,8013,7,0,0,7,2
2020-08-18,US,Virginia,Frederick,709,10,0,39.20172582,-78.25974949,51069.0,793.8374033,1.410437236,699,701,10,0,691,698,88355,8,0,0,8,3
2020-08-18,US,Virginia,Fredericksburg,428,3,0,38.2977863,-77.4922454,51630.0,1474.032236,0.7009345790000001,425,428,4,0,424,428,29144,0,-1,0,1,0
2020-08-18,US,Virginia,Galax,356,27,0,36.66601852,-80.91703124,51640.0,5608.9491100000005,7.584269663,329,354,27,0,327,353,6423,2,0,0,2,1
2020-08-18,US,Virginia,Giles,33,0,0,37.31234791,-80.70636931,51071.0,197.36842109999998,0.0,33,33,0,0,33,32,16844,0,0,0,0,1
2020-08-18,US,Virginia,Gloucester,178,2,0,37.40809042,-76.53524337,51073.0,476.59847919999993,1.123595506,176,179,2,0,177,175,37349,-1,0,0,-1,4
2020-08-18,US,Virginia,Goochland,174,7,0,37.71714806,-77.90381514,51075.0,732.5390477000001,4.022988506,167,173,7,0,166,172,23244,1,0,0,1,1
2020-08-18,US,Virginia,Grayson,166,5,0,36.65677234,-81.23215889,51077.0,1067.524116,3.012048193,161,165,5,0,160,165,15631,1,0,0,1,0
2020-08-18,US,Virginia,Greene,182,2,0,38.29545894,-78.46525378,51079.0,918.3107118999999,1.098901099,180,179,2,0,177,177,19779,3,0,0,3,2
2020-08-18,US,Virginia,Greensville,573,11,0,36.67878901,-77.56351439,51081.0,5054.693013,1.9197207680000001,562,572,11,0,561,570,11627,1,0,0,1,2
2020-08-18,US,Virginia,Halifax,170,2,0,36.76654925,-78.93512622,51083.0,501.3122586,1.176470588,168,170,2,0,168,169,34120,0,0,0,0,1
2020-08-18,US,Virginia,Hampton,1362,9,0,37.03513786,-76.35879121,51650.0,1012.5641220000001,0.660792952,1353,1349,9,0,1340,1337,134313,13,0,0,13,12
2020-08-18,US,Virginia,Hanover,716,33,0,37.7583355,-77.49464673,51085.0,664.4025017000001,4.608938547,683,703,33,0,670,700,107239,13,0,0,13,3
2020-08-18,US,Virginia,Harrisonburg,1109,31,0,38.43542574,-78.87536254,51660.0,2091.8213370000003,2.7953110910000003,1078,1106,31,0,1075,1099,54033,3,0,0,3,7
2020-08-18,US,Virginia,Henrico,4189,187,0,37.53460572,-77.39326555,51087.0,1266.255161,4.464072571,4002,4149,187,0,3962,4109,329261,40,0,0,40,40
2020-08-18,US,Virginia,Henry,692,9,0,36.68542395,-79.87634026,51089.0,1368.752102,1.300578035,683,672,9,0,663,672,50953,20,0,0,20,0
2020-08-18,US,Virginia,Highland,6,0,0,38.35799465,-79.56124594,51091.0,273.9726027,0.0,6,6,0,0,6,6,2210,0,0,0,0,0
2020-08-18,US,Virginia,Hopewell,298,5,0,37.29186313,-77.29754684,51670.0,1322.7395800000002,1.6778523490000001,293,297,5,0,292,291,22596,1,0,0,1,6
2020-08-18,US,Virginia,Isle of Wight,443,10,0,36.90579348,-76.70842863,51093.0,1193.780485,2.257336343,433,437,9,0,428,431,36953,6,1,0,5,6
2020-08-18,US,Virginia,James City,653,17,0,37.31156958,-76.76950618,51095.0,853.3382119999999,2.603369066,636,651,17,0,634,641,76397,2,0,0,2,10
2020-08-18,US,Virginia,King George,170,4,0,38.26818502,-77.15852768,51099.0,633.4774183999999,2.352941176,166,169,4,0,165,167,26575,1,0,0,1,2
2020-08-18,US,Virginia,King William,105,2,0,37.70965316,-77.09384941,51101.0,612.3163051,1.904761905,103,105,2,0,103,102,16939,0,0,0,0,3
2020-08-18,US,Virginia,King and Queen,43,1,0,37.71044922,-76.88689628,51097.0,612.0996441000001,2.325581395,42,42,1,0,41,42,7042,1,0,0,1,0
2020-08-18,US,Virginia,Lancaster,49,0,0,37.71889653,-76.46400482,51103.0,462.1333585,0.0,49,49,0,0,49,49,10783,0,0,0,0,0
2020-08-18,US,Virginia,Lee,152,2,0,36.70586667,-83.12606515,51105.0,648.9348077000001,1.315789474,150,150,2,0,148,148,23541,2,0,0,2,2
2020-08-18,US,Virginia,Lexington,37,0,0,37.78258621,-79.44262866,51678.0,496.9110932,0.0,37,37,0,0,37,36,7136,0,0,0,0,1
2020-08-18,US,Virginia,Loudoun,5552,115,0,39.08990083,-77.63481877,51107.0,1342.561022,2.071325648,5437,5528,115,0,5413,5511,406850,24,0,0,24,17
2020-08-18,US,Virginia,Louisa,215,2,0,37.97850256,-77.96274807,51109.0,571.9454125,0.9302325579999999,213,209,2,0,207,204,36778,6,0,0,6,5
2020-08-18,US,Virginia,Lunenburg,71,1,0,36.94618528,-78.24133319,51111.0,582.1580845999999,1.408450704,70,70,1,0,69,68,12086,1,0,0,1,2
2020-08-18,US,Virginia,Lynchburg,753,5,0,37.40021399,-79.19888138,51680.0,916.4151493999999,0.664010624,748,735,5,0,730,736,82126,18,0,0,18,-1
2020-08-18,US,Virginia,Madison,76,1,0,38.41531222,-78.28220331,51113.0,573.109117,1.315789474,75,76,1,0,75,72,13295,0,0,0,0,4
2020-08-18,US,Virginia,Manassas,1723,22,0,38.7464321,-77.48509905,51683.0,4193.744675999999,1.276842716,1701,1716,22,0,1694,1710,41641,7,0,0,7,6
2020-08-18,US,Virginia,Manassas Park,540,7,0,38.77058531,-77.44399307,51685.0,3089.598352,1.296296296,533,538,7,0,531,535,17307,2,0,0,2,3
2020-08-18,US,Virginia,Martinsville,256,3,0,36.68212094,-79.86352771,51690.0,2039.1906960000001,1.171875,253,241,3,0,238,240,12902,15,0,0,15,1
2020-08-18,US,Virginia,Mathews,23,0,0,37.44164146,-76.34098896,51115.0,260.35770890000003,0.0,23,23,0,0,23,23,8802,0,0,0,0,0
2020-08-18,US,Virginia,Mecklenburg,465,33,0,36.67882005,-78.36131056,51117.0,1520.2537029999999,7.096774194,432,459,32,0,427,459,30650,6,1,0,5,0
2020-08-18,US,Virginia,Middlesex,54,1,0,37.63191998,-76.55064617,51119.0,510.3005103,1.8518518519999998,53,52,1,0,51,51,10769,2,0,0,2,1
2020-08-18,US,Virginia,Montgomery,337,3,0,37.17746986,-80.37868691,51121.0,342.01045310000006,0.890207715,334,332,3,0,329,327,98985,5,0,0,5,5
2020-08-18,US,Virginia,Nelson,75,0,0,37.78790447,-78.88498513,51125.0,502.3442733,0.0,75,70,0,0,70,67,14836,5,0,0,5,3
2020-08-18,US,Virginia,New Kent,134,1,0,37.50694406,-76.99828634,51127.0,580.3126758999999,0.746268657,133,136,1,0,135,135,22391,-2,0,0,-2,1
2020-08-18,US,Virginia,Newport News,2016,20,0,37.08166899,-76.51754109,51700.0,1124.8430740000001,0.992063492,1996,1993,20,0,1973,1980,178626,23,0,0,23,13
2020-08-18,US,Virginia,Norfolk,4032,34,0,36.89934014,-76.26420872,51710.0,1661.0228140000002,0.843253968,3998,4002,34,0,3968,3982,244076,30,0,0,30,20
2020-08-18,US,Virginia,Northampton,300,29,0,37.34062933,-75.87751591,51131.0,2561.912895,9.666666667000001,271,299,29,0,270,299,11735,1,0,0,1,0
2020-08-18,US,Virginia,Northumberland,81,3,0,37.89202088,-76.41949732,51133.0,669.6982224,3.7037037039999996,78,81,3,0,78,79,12147,0,0,0,0,2
2020-08-18,US,Virginia,Norton,22,0,0,36.93357076,-82.62750411,51720.0,552.6249686000001,0.0,22,23,0,0,23,23,3968,-1,0,0,-1,0
2020-08-18,US,Virginia,Nottoway,183,14,0,37.1435975,-78.05065922,51135.0,1201.418067,7.650273224,169,183,14,0,169,183,15420,0,0,0,0,0
2020-08-18,US,Virginia,Orange,239,3,0,38.24530219,-78.01560400000001,51137.0,645.0568135999999,1.2552301259999998,236,236,3,0,233,235,36644,3,0,0,3,1
2020-08-18,US,Virginia,Page,354,25,0,38.61807452,-78.48797204,51139.0,1481.047611,7.0621468929999995,329,353,25,0,328,353,23933,1,0,0,1,0
2020-08-18,US,Virginia,Patrick,183,5,0,36.680163799999995,-80.2865648,51141.0,1039.300318,2.7322404369999997,178,176,5,0,171,176,17673,7,0,0,7,0
2020-08-18,US,Virginia,Petersburg,546,19,0,37.20530399,-77.39368102,51730.0,1741.8490399999998,3.47985348,527,544,19,0,525,541,31567,2,0,0,2,3
2020-08-18,US,Virginia,Pittsylvania,581,2,0,36.81980341,-79.39731264,51143.0,962.6536766,0.34423407899999997,579,571,2,0,569,567,60949,10,0,0,10,4
2020-08-18,US,Virginia,Poquoson,49,0,0,37.14259351,-76.35798148,51735.0,399.31545919999996,0.0,49,48,0,0,48,46,12190,1,0,0,1,2
2020-08-18,US,Virginia,Portsmouth,2022,25,0,36.85914825,-76.35971629,51740.0,2141.994534,1.236399604,1997,1995,25,0,1970,1965,94632,27,0,0,27,30
2020-08-18,US,Virginia,Powhatan,167,4,0,37.55016038,-77.91267882,51145.0,563.1997842000001,2.395209581,163,167,4,0,163,167,29189,0,0,0,0,0
2020-08-18,US,Virginia,Prince Edward,451,10,0,37.22554789,-78.43597949,51147.0,1977.896676,2.2172949,441,449,10,0,439,447,22950,2,0,0,2,2
2020-08-18,US,Virginia,Prince George,462,2,0,37.18497668,-77.22922187,51149.0,1204.599379,0.432900433,460,459,2,0,457,456,38082,3,0,0,3,3
2020-08-18,US,Virginia,Prince William,9989,179,0,38.70916224,-77.48713689,51153.0,2123.805373,1.7919711680000001,9810,9924,178,0,9746,9890,468011,65,1,0,64,34
2020-08-18,US,Virginia,Pulaski,95,3,0,37.06474963,-80.71229738,51155.0,279.190055,3.157894737,92,91,3,0,88,91,34066,4,0,0,4,0
2020-08-18,US,Virginia,Radford,69,0,0,37.12222899,-80.56027320000001,51750.0,378.1029097,0.0,69,68,0,0,68,67,18339,1,0,0,1,1
2020-08-18,US,Virginia,Rappahannock,46,2,0,38.68295619,-78.15826963,51157.0,624.1519674,4.347826087,44,46,2,0,44,46,7252,0,0,0,0,0
2020-08-18,US,Virginia,Richmond,324,4,0,37.937575,-76.72920628,51159.0,3590.8234509999997,1.234567901,320,327,4,0,323,324,9038,-3,0,0,-3,3
2020-08-18,US,Virginia,Richmond City,3425,42,0,37.53255773,-77.47966921,51760.0,1486.312902,1.226277372,3383,3404,42,0,3362,3354,228783,21,0,0,21,50
2020-08-18,US,Virginia,Roanoke,527,4,0,37.26865804,-80.06396753,51161.0,559.5311405,0.7590132829999999,523,522,4,0,518,514,94073,5,0,0,5,8
2020-08-18,US,Virginia,Roanoke City,1084,15,0,37.27791025,-79.96189766,51770.0,1093.370182,1.3837638380000001,1069,1082,15,0,1067,1064,99920,2,0,0,2,18
2020-08-18,US,Virginia,Rockbridge,78,1,0,37.81204314,-79.44605905,51163.0,345.54556329999997,1.282051282,77,80,1,0,79,80,22752,-2,0,0,-2,0
2020-08-18,US,Virginia,Rockingham,980,20,0,38.51006137,-78.87260325,51165.0,1195.880314,2.040816327,960,979,20,0,959,975,81244,1,0,0,1,4
2020-08-18,US,Virginia,Russell,160,3,0,36.930283200000005,-82.10095486,51167.0,601.820507,1.875,157,157,3,0,154,150,26748,3,0,0,3,7
2020-08-18,US,Virginia,Salem,172,3,0,37.2836193,-80.06219455,51775.0,679.8150271000001,1.744186047,169,170,3,0,167,165,25643,2,0,0,2,5
2020-08-18,US,Virginia,Scott,127,3,0,36.71466456,-82.60171704,51169.0,588.8899193,2.362204724,124,120,3,0,117,118,21534,7,0,0,7,2
2020-08-18,US,Virginia,Shenandoah,747,47,0,38.85905135,-78.56813762,51171.0,1712.674248,6.291834003,700,743,47,0,696,742,43497,4,0,0,4,1
2020-08-18,US,Virginia,Smyth,182,3,0,36.84455636,-81.53344948,51173.0,604.5708212000001,1.6483516480000002,179,171,3,0,168,169,30472,11,0,0,11,2
2020-08-18,US,Virginia,Southampton,310,13,0,36.72231125,-77.10642712,51175.0,1758.266689,4.193548387,297,309,13,0,296,303,17586,1,0,0,1,6
2020-08-18,US,Virginia,Spotsylvania,1642,36,0,38.18574462,-77.655399,51177.0,1205.447271,2.192448234,1606,1621,35,0,1586,1607,134238,21,1,0,20,14
2020-08-18,US,Virginia,Stafford,1534,10,0,38.41758738,-77.45917053,51179.0,1003.388234,0.651890482,1524,1506,10,0,1496,1496,149960,28,0,0,28,10
2020-08-18,US,Virginia,Staunton,161,0,0,38.15965544,-79.05979937,51790.0,645.7564576000001,0.0,161,159,0,0,159,158,24922,2,0,0,2,1
2020-08-18,US,Virginia,Suffolk,1458,55,0,36.70155394,-76.63603554,51800.0,1582.924393,3.772290809,1403,1438,53,0,1385,1425,91185,20,2,0,18,13
2020-08-18,US,Virginia,Surry,52,2,0,37.11781893,-76.88450012,51181.0,809.7165992,3.8461538460000004,50,52,2,0,50,51,6474,0,0,0,0,1
2020-08-18,US,Virginia,Sussex,318,9,0,36.92432914,-77.25791182,51183.0,2849.717717,2.830188679,309,317,9,0,308,316,11237,1,0,0,1,1
2020-08-18,US,Virginia,Tazewell,138,0,0,37.12191123,-81.56685568,51185.0,339.94334280000004,0.0,138,131,0,0,131,131,40855,7,0,0,7,0
2020-08-18,US,Virginia,Virginia Beach,5470,56,0,36.73285734,-76.04566934,51810.0,1215.625792,1.0237659959999998,5414,5444,55,0,5389,5394,450189,26,1,0,25,50
2020-08-18,US,Virginia,Warren,374,6,0,38.90847745,-78.20280433,51187.0,931.1821532,1.604278075,368,367,6,0,361,367,40003,7,0,0,7,0
2020-08-18,US,Virginia,Washington,290,7,0,36.72341572,-81.95666289,51191.0,539.635281,2.413793103,283,288,6,0,282,283,54402,2,1,0,1,5
2020-08-18,US,Virginia,Waynesboro,195,3,0,38.06451466,-78.90293905,51820.0,861.6880247000001,1.5384615380000002,192,195,3,0,192,188,22628,0,0,0,0,7
2020-08-18,US,Virginia,Westmoreland,219,3,0,38.11021557,-76.80213247,51193.0,1215.653622,1.369863014,216,217,3,0,214,216,17830,2,0,0,2,1
2020-08-18,US,Virginia,Williamsburg,137,6,0,37.28131268,-76.70905141,51830.0,916.1428380000001,4.379562044,131,136,6,0,130,135,14896,1,0,0,1,1
2020-08-18,US,Virginia,Winchester,422,4,0,39.17054517,-78.17325058,51840.0,1502.956051,0.9478672990000001,418,421,4,0,417,421,28108,1,0,0,1,0
2020-08-18,US,Virginia,Wise,256,5,0,36.9746148,-82.62410519,51195.0,684.8032528,1.953125,251,244,5,0,239,238,38012,12,0,0,12,6
2020-08-18,US,Virginia,Wythe,130,3,0,36.91582035,-81.07834059,51197.0,453.21433550000006,2.307692308,127,127,3,0,124,125,28754,3,0,0,3,2
2020-08-18,US,Virginia,York,410,4,0,37.24374789,-76.54412815,51199.0,600.4686585,0.975609756,406,409,4,0,405,406,67846,1,0,0,1,3
2020-08-18,US,Washington,Adams,509,6,0,46.98299757,-118.56017340000001,53001.0,2547.16509,1.178781925,503,504,6,0,498,504,19759,5,0,0,5,0
2020-08-18,US,Washington,Asotin,42,2,0,46.18894415,-117.2022851,53003.0,185.9888407,4.7619047619999995,40,41,2,0,39,41,22610,1,0,0,1,0
2020-08-18,US,Washington,Benton,3892,122,0,46.23946995,-119.51208340000001,53005.0,1904.20275,3.1346351489999997,3770,3860,121,0,3739,3851,201877,32,1,0,31,9
2020-08-18,US,Washington,Chelan,1553,10,0,47.87046092,-120.6173956,53007.0,2011.658031,0.6439150029999999,1543,1548,10,0,1538,1544,77036,5,0,0,5,4
2020-08-18,US,Washington,Clallam,171,1,0,48.04754642,-123.92263190000001,53009.0,221.1273616,0.5847953220000001,170,169,1,0,168,163,76737,2,0,0,2,6
2020-08-18,US,Washington,Clark,1979,50,0,45.77568046,-122.48292040000001,53011.0,405.33261239999996,2.52652855,1929,1938,49,0,1889,1933,481857,41,1,0,40,5
2020-08-18,US,Washington,Columbia,13,1,0,46.29442881,-117.9051983,53013.0,326.2233375,7.692307692000001,12,13,1,0,12,13,4059,0,0,0,0,0
2020-08-18,US,Washington,Cowlitz,510,7,0,46.19074721,-122.6782231,53015.0,461.15034410000004,1.37254902,503,506,5,0,501,505,108987,4,2,0,2,1
2020-08-18,US,Washington,Douglas,1041,7,0,47.7361335,-119.69293700000001,53017.0,2397.015819,0.672430355,1034,1034,7,0,1027,1031,42907,7,0,0,7,3
2020-08-18,US,Washington,Ferry,25,0,0,48.471143100000006,-118.5154041,53019.0,327.7828766,0.0,25,22,0,0,22,22,7649,3,0,0,3,0
2020-08-18,US,Washington,Franklin,3758,55,0,46.53351425,-118.9018212,53021.0,3946.5669700000003,1.463544439,3703,3735,54,0,3681,3713,94347,23,1,0,22,22
2020-08-18,US,Washington,Garfield,4,0,0,46.43197502,-117.54540320000001,53023.0,179.7752809,0.0,4,4,0,0,4,4,2247,0,0,0,0,0
2020-08-18,US,Washington,Grant,1872,14,0,47.20753737,-119.4500749,53025.0,1915.422631,0.7478632479999999,1858,1833,14,0,1819,1821,97331,39,0,0,39,12
2020-08-18,US,Washington,Grays Harbor,144,3,0,47.14003705,-123.7820567,53027.0,191.8439669,2.083333333,141,144,3,0,141,142,73901,0,0,0,0,2
2020-08-18,US,Washington,Island,254,11,0,48.14713305,-122.5216407,53029.0,298.3286548,4.330708661,243,254,12,0,242,253,84460,0,-1,0,1,1
2020-08-18,US,Washington,Jefferson,61,0,0,47.75003077,-123.56097040000002,53031.0,189.31752580000003,0.0,61,59,0,0,59,59,31729,2,0,0,2,0
2020-08-18,US,Washington,King,17908,698,0,47.49137892,-121.8346131,53033.0,794.9282264999999,3.897699352,17210,17745,694,0,17051,17623,2233163,163,4,0,159,122
2020-08-18,US,Washington,Kitsap,826,7,0,47.63479026,-122.6436061,53035.0,304.2659859,0.847457627,819,812,7,0,805,806,269805,14,0,0,14,6
2020-08-18,US,Washington,Kittitas,448,20,0,47.12521214,-120.67943899999999,53037.0,934.5989361,4.464285714,428,448,20,0,428,446,47364,0,0,0,0,2
2020-08-18,US,Washington,Klickitat,152,3,0,45.87325839,-120.7913598,53039.0,677.8149387,1.973684211,149,134,3,0,131,134,22107,18,0,0,18,0
2020-08-18,US,Washington,Lewis,267,4,0,46.57756476,-122.39257690000001,53041.0,330.8263224,1.498127341,263,262,4,0,258,261,79604,5,0,0,5,1
2020-08-18,US,Washington,Lincoln,31,0,0,47.57705241,-118.41943880000001,53043.0,283.3897066,0.0,31,31,0,0,31,31,10740,0,0,0,0,0
2020-08-18,US,Washington,Mason,264,1,0,47.35007586,-123.1863685,53045.0,396.89671699999997,0.378787879,263,264,1,0,263,262,65507,0,0,0,0,2
2020-08-18,US,Washington,Okanogan,930,6,0,48.54855019,-119.73872240000001,53047.0,2201.548185,0.64516129,924,925,6,0,919,924,42132,5,0,0,5,1
2020-08-18,US,Washington,Pacific,58,2,0,46.55418369,-123.7285716,53049.0,258.1104535,3.448275862,56,58,2,0,56,58,22036,0,0,0,0,0
2020-08-18,US,Washington,Pend Oreille,51,0,0,48.53234021,-117.2741804,53051.0,371.611775,0.0,51,50,0,0,50,50,13602,1,0,0,1,0
2020-08-18,US,Washington,Pierce,6212,149,0,47.03892768,-122.14059579999999,53053.0,686.4240093999999,2.398583387,6063,6177,147,0,6030,6150,891299,35,2,0,33,27
2020-08-18,US,Washington,San Juan,29,0,0,48.60182783,-122.96745,53055.0,164.9414174,0.0,29,29,0,0,29,30,17128,0,0,0,0,-1
2020-08-18,US,Washington,Skagit,936,22,0,48.48171488,-121.766131,53057.0,724.4301691000001,2.35042735,914,934,23,0,911,932,128206,2,-1,0,3,2
2020-08-18,US,Washington,Skamania,60,1,0,46.02408726,-121.91644029999999,53059.0,496.56542249999995,1.6666666669999999,59,58,1,0,57,58,11924,2,0,0,2,0
2020-08-18,US,Washington,Snohomish,5800,206,0,48.04615983,-121.7170703,53061.0,705.5248679,3.551724138,5594,5741,203,0,5538,5730,814901,59,3,0,56,11
2020-08-18,US,Washington,Spokane,4836,114,0,47.62113146,-117.4046494,53063.0,925.0226664999999,2.3573200990000003,4722,4806,109,0,4697,4791,514631,30,5,0,25,15
2020-08-18,US,Washington,Stevens,118,1,0,48.40035475,-117.8542701,53065.0,258.0758043,0.847457627,117,116,1,0,115,117,45260,2,0,0,2,-1
2020-08-18,US,Washington,Thurston,806,11,0,46.9291895,-122.82906559999999,53067.0,277.418289,1.364764268,795,798,11,0,787,790,286419,8,0,0,8,8
2020-08-18,US,Washington,Unassigned,223,3,0,0.0,0.0,90053.0,0.0,1.34529148,220,224,4,0,220,253,,-1,-1,0,0,-29
2020-08-18,US,Washington,Wahkiakum,5,0,0,46.29180039999999,-123.4250831,53069.0,111.4081996,0.0,5,5,0,0,5,5,4426,0,0,0,0,0
2020-08-18,US,Washington,Walla Walla,650,5,0,46.23040051,-118.4775539,53071.0,1069.7827519999998,0.7692307690000001,645,642,4,0,638,638,60922,8,1,0,7,4
2020-08-18,US,Washington,Whatcom,1034,39,0,48.82227976,-121.74900179999999,53073.0,451.04188930000004,3.771760155,995,1029,39,0,990,1024,225685,5,0,0,5,5
2020-08-18,US,Washington,Whitman,126,0,0,46.90022523,-117.52417630000001,53075.0,251.476928,0.0,126,124,0,0,124,124,49791,2,0,0,2,0
2020-08-18,US,Washington,Yakima,10665,227,0,46.45738486,-120.73801259999999,53077.0,4251.154967,2.1284575709999998,10438,10645,221,0,10424,10625,251446,20,6,0,14,20
2020-08-18,US,West Virginia,Barbour,33,1,0,39.1307219,-80.00350858,54001.0,200.7177179,3.03030303,32,33,1,0,32,33,16535,0,0,0,0,0
2020-08-18,US,West Virginia,Berkeley,745,11,0,39.46704621,-78.02414609,54003.0,625.1520924,1.476510067,734,738,11,0,727,734,117123,7,0,0,7,4
2020-08-18,US,West Virginia,Boone,123,0,0,38.01974191,-81.69888019,54005.0,573.2395022999999,0.0,123,120,0,0,120,118,21951,3,0,0,3,2
2020-08-18,US,West Virginia,Braxton,8,0,0,38.70036159,-80.72011184,54007.0,57.31890807,0.0,8,8,0,0,8,8,14089,0,0,0,0,0
2020-08-18,US,West Virginia,Brooke,79,1,0,40.27367263,-80.57915332,54009.0,360.0893386,1.265822785,78,77,1,0,76,76,22203,2,0,0,2,1
2020-08-18,US,West Virginia,Cabell,466,3,0,38.42424062,-82.23855912,54011.0,506.82473219999997,0.643776824,463,459,3,0,456,450,93224,7,0,0,7,9
2020-08-18,US,West Virginia,Calhoun,7,0,0,38.84315422,-81.11934872,54013.0,98.46673231,0.0,7,7,0,0,7,7,7254,0,0,0,0,0
2020-08-18,US,West Virginia,Clay,18,1,0,38.46231092,-81.07652217,54015.0,211.5655853,5.555555556,17,18,1,0,17,18,8632,0,0,0,0,0
2020-08-18,US,West Virginia,Doddridge,6,0,0,39.27057157,-80.70671527,54017.0,71.02272727,0.0,6,6,0,0,6,6,8406,0,0,0,0,0
2020-08-18,US,West Virginia,Fayette,175,7,0,38.02974928,-81.08286634,54019.0,412.67745130000003,4.0,168,170,7,0,163,170,43018,5,0,0,5,0
2020-08-18,US,West Virginia,Gilmer,18,0,0,38.9251277,-80.85952723,54021.0,230.090758,0.0,18,18,0,0,18,18,8026,0,0,0,0,0
2020-08-18,US,West Virginia,Grant,131,4,0,39.10314817,-79.19440518,54023.0,1132.434302,3.053435115,127,131,4,0,127,131,11626,0,0,0,0,0
2020-08-18,US,West Virginia,Greenbrier,96,3,0,37.9463652,-80.45335881,54025.0,276.96036000000004,3.125,93,96,3,0,93,96,34786,0,0,0,0,0
2020-08-18,US,West Virginia,Hampshire,90,1,0,39.32103553,-78.60826476,54027.0,388.3495146,1.111111111,89,89,1,0,88,88,23347,1,0,0,1,1
2020-08-18,US,West Virginia,Hancock,114,0,0,40.51943859,-80.57461608,54029.0,395.6959389,0.0,114,114,0,0,114,113,29094,0,0,0,0,1
2020-08-18,US,West Virginia,Hardy,64,0,0,39.00683177,-78.85855301,54031.0,464.57607429999996,0.0,64,63,0,0,63,63,13775,1,0,0,1,0
2020-08-18,US,West Virginia,Harrison,248,1,0,39.2853852,-80.37919577,54033.0,368.7403354,0.403225806,247,248,1,0,247,248,67554,0,0,0,0,0
2020-08-18,US,West Virginia,Jackson,169,19,0,38.84263974,-81.68148753,54035.0,591.4053751,11.24260355,150,168,19,0,149,168,28706,1,0,0,1,0
2020-08-18,US,West Virginia,Jefferson,310,4,0,39.30776166,-77.86014147,54037.0,542.4701641,1.2903225809999999,306,305,4,0,301,305,56811,5,0,0,5,0
2020-08-18,US,West Virginia,Kanawha,1113,25,0,38.33860077,-81.52857054,54039.0,624.8456132,2.2461814909999998,1088,1095,24,0,1071,1080,180454,18,1,0,17,15
2020-08-18,US,West Virginia,Lewis,28,2,0,38.9947249,-80.49988181,54041.0,176.0231345,7.142857143,26,28,2,0,26,28,16024,0,0,0,0,0
2020-08-18,US,West Virginia,Lincoln,110,0,0,38.172154,-82.07017953,54043.0,538.9779018999999,0.0,110,108,0,0,108,108,20599,2,0,0,2,0
2020-08-18,US,West Virginia,Logan,374,12,0,37.8299889,-81.93528571,54045.0,1168.056466,3.20855615,362,362,11,0,351,356,32607,12,1,0,11,6
2020-08-18,US,West Virginia,Marion,202,2,0,39.50984542,-80.24244659,54049.0,360.2511057,0.99009901,200,199,2,0,197,199,56097,3,0,0,3,0
2020-08-18,US,West Virginia,Marshall,130,1,0,39.86064362,-80.66591062,54051.0,425.7967312,0.7692307690000001,129,130,1,0,129,130,30785,0,0,0,0,0
2020-08-18,US,West Virginia,Mason,75,1,0,38.77071799,-82.02524219,54053.0,282.8480917,1.333333333,74,74,1,0,73,73,26718,1,0,0,1,1
2020-08-18,US,West Virginia,McDowell,67,0,0,37.38002939,-81.65083669,54047.0,380.1634135,0.0,67,67,0,0,67,67,18223,0,0,0,0,0
2020-08-18,US,West Virginia,Mercer,244,18,0,37.40481169,-81.11023142,54055.0,415.2626025,7.37704918,226,243,18,0,225,240,59131,1,0,0,1,3
2020-08-18,US,West Virginia,Mineral,129,4,0,39.41561583,-78.94104895,54057.0,480.12505580000004,3.1007751939999997,125,127,4,0,123,127,26940,2,0,0,2,0
2020-08-18,US,West Virginia,Mingo,204,5,0,37.73048351,-82.13338365,54059.0,870.9016392999999,2.450980392,199,202,5,0,197,201,23785,2,0,0,2,1
2020-08-18,US,West Virginia,Monongalia,1001,5,0,39.63218457,-80.04766838,54061.0,947.8089610999999,0.4995005,996,992,5,0,987,989,106420,9,0,0,9,3
2020-08-18,US,West Virginia,Monroe,21,0,0,37.56274716,-80.54577965,54063.0,158.1920904,0.0,21,21,0,0,21,21,13280,0,0,0,0,0
2020-08-18,US,West Virginia,Morgan,33,0,0,39.55439028,-78.26311676,54065.0,184.5224782,0.0,33,33,0,0,33,33,17787,0,0,0,0,0
2020-08-18,US,West Virginia,Nicholas,40,1,0,38.29617706,-80.79759588,54067.0,163.291966,2.5,39,40,1,0,39,40,24842,0,0,0,0,0
2020-08-18,US,West Virginia,Ohio,285,4,0,40.0955451,-80.62203992,54069.0,688.2229359,1.403508772,281,283,4,0,279,279,41755,2,0,0,2,4
2020-08-18,US,West Virginia,Pendleton,43,1,0,38.68314479,-79.35084086,54071.0,617.0182236,2.325581395,42,43,1,0,42,43,6997,0,0,0,0,0
2020-08-18,US,West Virginia,Pleasants,14,2,0,39.37091679,-81.16771771,54073.0,187.66756030000002,14.28571429,12,14,2,0,12,14,7507,0,0,0,0,0
2020-08-18,US,West Virginia,Pocahontas,42,0,0,38.32758728,-80.00993811,54075.0,509.27610039999996,0.0,42,42,0,0,42,42,8414,0,0,0,0,0
2020-08-18,US,West Virginia,Preston,131,4,0,39.46770987,-79.66712803,54077.0,391.84015310000007,3.053435115,127,130,4,0,126,130,33839,1,0,0,1,0
2020-08-18,US,West Virginia,Putnam,227,0,0,38.50782345,-81.9082131,54079.0,402.125775,0.0,227,225,0,0,225,218,56682,2,0,0,2,7
2020-08-18,US,West Virginia,Raleigh,304,1,0,37.76936795,-81.2456041,54081.0,417.115361,0.328947368,303,304,1,0,303,297,74254,0,0,0,0,7
2020-08-18,US,West Virginia,Randolph,217,0,0,38.769899,-79.87919615,54083.0,756.2293082,0.0,217,214,0,0,214,214,28823,3,0,0,3,0
2020-08-18,US,West Virginia,Ritchie,3,0,0,39.18094587,-81.06356878,54085.0,31.40046054,0.0,3,3,0,0,3,3,9721,0,0,0,0,0
2020-08-18,US,West Virginia,Roane,20,1,0,38.71622686,-81.35243568,54087.0,146.113384,5.0,19,20,1,0,19,19,13932,0,0,0,0,1
2020-08-18,US,West Virginia,Summers,19,0,0,37.65390597,-80.86009693,54089.0,151.117474,0.0,19,19,0,0,19,19,12760,0,0,0,0,0
2020-08-18,US,West Virginia,Taylor,84,1,0,39.33602617,-80.0421439,54091.0,503.1446541,1.19047619,83,81,1,0,80,74,16862,3,0,0,3,7
2020-08-18,US,West Virginia,Tucker,11,0,0,39.11240885,-79.57053576,54093.0,160.8422284,0.0,11,11,0,0,11,11,6955,0,0,0,0,0
2020-08-18,US,West Virginia,Tyler,15,0,0,39.46811972,-80.88772676,54095.0,174.601327,0.0,15,15,0,0,15,15,8746,0,0,0,0,0
2020-08-18,US,West Virginia,Upshur,40,0,0,38.89285061,-80.23689136,54097.0,165.45334219999998,0.0,40,40,0,0,40,40,24415,0,0,0,0,0
2020-08-18,US,West Virginia,Wayne,221,9,0,38.14901357,-82.42287994,54099.0,560.8852343,4.07239819,212,221,9,0,212,221,39944,0,0,0,0,0
2020-08-18,US,West Virginia,Webster,6,0,0,38.49370949,-80.4202023,54101.0,73.94626571,0.0,6,4,0,0,4,4,8285,2,0,0,2,0
2020-08-18,US,West Virginia,Wetzel,45,0,0,39.6065771,-80.64016540000001,54103.0,298.705609,0.0,45,45,0,0,45,45,15270,0,0,0,0,0
2020-08-18,US,West Virginia,Wirt,7,0,0,39.02775007,-81.37473928,54105.0,120.25425179999999,0.0,7,7,0,0,7,7,5830,0,0,0,0,0
2020-08-18,US,West Virginia,Wood,285,5,0,39.20967886,-81.5162836,54107.0,341.2438037,1.754385965,280,283,5,0,278,283,84203,2,0,0,2,0
2020-08-18,US,West Virginia,Wyoming,48,2,0,37.612327,-81.54511071,54109.0,235.36334219999998,4.166666667,46,48,2,0,46,47,20786,0,0,0,0,1
2020-08-18,US,Wisconsin,Adams,94,2,0,43.96974651,-89.76782777,55001.0,464.8862512,2.127659574,92,94,2,0,92,94,20348,0,0,0,0,0
2020-08-18,US,Wisconsin,Ashland,30,1,0,46.31956891,-90.67837132,55003.0,192.777278,3.333333333,29,30,1,0,29,30,15600,0,0,0,0,0
2020-08-18,US,Wisconsin,Barron,328,3,0,45.42372701,-91.84833627,55005.0,724.9580055,0.9146341459999999,325,328,3,0,325,326,45164,0,0,0,0,2
2020-08-18,US,Wisconsin,Bayfield,37,1,0,46.52868768,-91.19716729,55007.0,246.0760841,2.702702703,36,37,1,0,36,34,15042,0,0,0,0,3
2020-08-18,US,Wisconsin,Brown,4505,55,0,44.452655299999996,-88.00411844,55009.0,1702.9432,1.220865705,4450,4505,55,0,4450,4505,263378,0,0,0,0,0
2020-08-18,US,Wisconsin,Buffalo,47,2,0,44.37835084,-91.75332578,55011.0,360.6783823,4.255319149,45,47,2,0,45,47,13125,0,0,0,0,0
2020-08-18,US,Wisconsin,Burnett,28,1,0,45.86303537,-92.36711412,55013.0,181.6530427,3.571428571,27,28,1,0,27,27,15392,0,0,0,0,1
2020-08-18,US,Wisconsin,Calumet,402,2,0,44.0816316,-88.21780273,55015.0,802.5714228999999,0.49751243799999995,400,402,2,0,400,403,50159,0,0,0,0,-1
2020-08-18,US,Wisconsin,Chippewa,279,0,0,45.06939744,-91.28068855,55017.0,431.501129,0.0,279,279,0,0,279,274,64135,0,0,0,0,5
2020-08-18,US,Wisconsin,Clark,200,8,0,44.73483377,-90.61207486,55019.0,575.1423477000001,4.0,192,200,8,0,192,197,34709,0,0,0,0,3
2020-08-18,US,Wisconsin,Columbia,291,2,0,43.46492199,-89.33589004,55021.0,505.8054648,0.687285223,289,291,2,0,289,288,57358,0,0,0,0,3
2020-08-18,US,Wisconsin,Crawford,90,0,0,43.23870316,-90.93073686,55023.0,557.9319323,0.0,90,90,0,0,90,86,16291,0,0,0,0,4
2020-08-18,US,Wisconsin,Dane,4874,39,0,43.06601594,-89.41733797,55025.0,891.539158,0.8001641359999999,4835,4874,39,0,4835,4849,542364,0,0,0,0,25
2020-08-18,US,Wisconsin,Dodge,942,5,0,43.41576662,-88.70928178,55027.0,1072.41658,0.530785563,937,942,5,0,937,930,87847,0,0,0,0,12
2020-08-18,US,Wisconsin,Door,118,3,0,44.95856458,-87.30002707,55029.0,426.48547060000004,2.542372881,115,118,3,0,115,114,27610,0,0,0,0,4
2020-08-18,US,Wisconsin,Douglas,225,0,0,46.43222285,-91.91595768,55031.0,521.4368482,0.0,225,225,0,0,225,223,43208,0,0,0,0,2
2020-08-18,US,Wisconsin,Dunn,142,0,0,44.94562799,-91.8962481,55033.0,312.9959443,0.0,142,142,0,0,142,139,45131,0,0,0,0,3
2020-08-18,US,Wisconsin,Eau Claire,668,4,0,44.726614,-91.28609183,55035.0,638.3426027,0.598802395,664,668,4,0,664,658,104534,0,0,0,0,10
2020-08-18,US,Wisconsin,Florence,16,0,0,45.84963535,-88.39804137,55037.0,372.5261932,0.0,16,16,0,0,16,16,4321,0,0,0,0,0
2020-08-18,US,Wisconsin,Fond du Lac,791,8,0,43.75354908,-88.48885325,55039.0,764.9681343999999,1.011378003,783,791,8,0,783,763,103066,0,0,0,0,28
2020-08-18,US,Wisconsin,Forest,61,4,0,45.66678019,-88.77084892,55041.0,677.476677,6.557377048999999,57,61,4,0,57,61,8991,0,0,0,0,0
2020-08-18,US,Wisconsin,Grant,398,16,0,42.8671731,-90.7063218,55043.0,773.7319932,4.020100503,382,398,16,0,382,396,51554,0,0,0,0,2
2020-08-18,US,Wisconsin,Green,220,1,0,42.6794956,-89.60243287,55045.0,595.2380952000001,0.454545455,219,220,1,0,219,214,36929,0,0,0,0,6
2020-08-18,US,Wisconsin,Green Lake,63,0,0,43.80025981,-89.04679553,55047.0,333.104214,0.0,63,63,0,0,63,62,18918,0,0,0,0,1
2020-08-18,US,Wisconsin,Iowa,100,0,0,43.00050278,-90.13469017,55049.0,422.33296730000006,0.0,100,100,0,0,100,100,23771,0,0,0,0,0
2020-08-18,US,Wisconsin,Iron,85,1,0,46.26302338,-90.24295041,55051.0,1494.636891,1.176470588,84,85,1,0,84,80,5676,0,0,0,0,5
2020-08-18,US,Wisconsin,Jackson,62,1,0,44.31864893,-90.80566792,55053.0,300.3439423,1.612903226,61,62,1,0,61,62,20478,0,0,0,0,0
2020-08-18,US,Wisconsin,Jefferson,732,5,0,43.02054068,-88.77529134,55055.0,863.5232219000001,0.683060109,727,732,5,0,727,718,85129,0,0,0,0,14
2020-08-18,US,Wisconsin,Juneau,152,1,0,43.92456975,-90.11120239,55057.0,569.5657061,0.657894737,151,152,1,0,151,152,26617,0,0,0,0,0
2020-08-18,US,Wisconsin,Kenosha,2792,60,0,42.57639354,-88.04051686,55059.0,1646.605057,2.148997135,2732,2792,60,0,2732,2780,169290,0,0,0,0,12
2020-08-18,US,Wisconsin,Kewaunee,143,2,0,44.51727459,-87.61468386,55061.0,699.8140354,1.3986013990000001,141,143,2,0,141,143,20383,0,0,0,0,0
2020-08-18,US,Wisconsin,La Crosse,973,1,0,43.90632465,-91.11451093,55063.0,824.4644794,0.102774923,972,973,1,0,972,967,118230,0,0,0,0,6
2020-08-18,US,Wisconsin,Lafayette,172,0,0,42.66005229,-90.1317729,55065.0,1032.10321,0.0,172,172,0,0,172,171,16665,0,0,0,0,1
2020-08-18,US,Wisconsin,Langlade,74,1,0,45.26271619,-89.07483625,55067.0,385.6376049,1.351351351,73,74,1,0,73,74,19268,0,0,0,0,0
2020-08-18,US,Wisconsin,Lincoln,73,0,0,45.33737523,-89.73411273,55069.0,264.55985209999994,0.0,73,73,0,0,73,73,27689,0,0,0,0,0
2020-08-18,US,Wisconsin,Manitowoc,406,1,0,44.11946801,-87.80928853,55071.0,514.0476824,0.246305419,405,406,1,0,405,399,79074,0,0,0,0,7
2020-08-18,US,Wisconsin,Marathon,703,12,0,44.89792533,-89.75863384,55073.0,518.085075,1.706970128,691,703,12,0,691,697,135428,0,0,0,0,6
2020-08-18,US,Wisconsin,Marinette,501,5,0,45.38553432,-88.03324599999999,55075.0,1241.635688,0.998003992,496,501,5,0,496,495,40434,0,0,0,0,6
2020-08-18,US,Wisconsin,Marquette,81,1,0,43.81911946,-89.40073763,55077.0,520.0975986000001,1.234567901,80,81,1,0,80,81,15434,0,0,0,0,0
2020-08-18,US,Wisconsin,Menominee,26,0,0,45.00422544,-88.70950714,55078.0,570.6760316000001,0.0,26,26,0,0,26,26,4658,0,0,0,0,0
2020-08-18,US,Wisconsin,Milwaukee,22334,466,0,43.00486062,-87.96733172,55079.0,2361.571956,2.08650488,21868,22334,466,0,21868,22212,948201,0,0,0,0,122
2020-08-18,US,Wisconsin,Monroe,254,2,0,43.94641218,-90.61881899999999,55081.0,549.1535683999999,0.787401575,252,254,2,0,252,254,46051,0,0,0,0,0
2020-08-18,US,Wisconsin,Oconto,290,1,0,45.02715345,-88.26807503,55083.0,764.5663063999999,0.344827586,289,290,1,0,289,276,37830,0,0,0,0,14
2020-08-18,US,Wisconsin,Oneida,179,0,0,45.70677897,-89.51944105,55085.0,502.87961789999997,0.0,179,179,0,0,179,176,35470,0,0,0,0,3
2020-08-18,US,Wisconsin,Outagamie,1401,14,0,44.41578887,-88.46565023,55087.0,745.6688932,0.9992862240000001,1387,1401,14,0,1387,1388,187365,0,0,0,0,13
2020-08-18,US,Wisconsin,Ozaukee,784,18,0,43.38352225,-87.94625009,55089.0,878.7168939999999,2.295918367,766,784,18,0,766,783,89147,0,0,0,0,1
2020-08-18,US,Wisconsin,Pepin,46,0,0,44.58307413,-91.99949611,55091.0,631.26115,0.0,46,46,0,0,46,46,7289,0,0,0,0,0
2020-08-18,US,Wisconsin,Pierce,247,4,0,44.71850291,-92.4224416,55093.0,577.7237217999999,1.619433198,243,247,4,0,243,244,42555,0,0,0,0,3
2020-08-18,US,Wisconsin,Polk,143,2,0,45.46130348,-92.44182875,55095.0,326.610785,1.3986013990000001,141,143,2,0,141,143,43598,0,0,0,0,0
2020-08-18,US,Wisconsin,Portage,470,0,0,44.47558711,-89.50152965,55097.0,664.1044481,0.0,470,470,0,0,470,467,70942,0,0,0,0,3
2020-08-18,US,Wisconsin,Price,33,0,0,45.68051754,-90.36098879999999,55099.0,247.17249640000003,0.0,33,33,0,0,33,33,13397,0,0,0,0,0
2020-08-18,US,Wisconsin,Racine,3689,81,0,42.74753117,-88.05941254,55101.0,1879.1611269999999,2.195716996,3608,3689,81,0,3608,3676,196584,0,0,0,0,13
2020-08-18,US,Wisconsin,Richland,38,4,0,43.3762778,-90.43012729,55103.0,220.26431719999997,10.52631579,34,38,4,0,34,38,17377,0,0,0,0,0
2020-08-18,US,Wisconsin,Rock,1494,26,0,42.67151616,-89.07147900000001,55105.0,914.5781553999999,1.7402945109999999,1468,1494,26,0,1468,1484,163129,0,0,0,0,10
2020-08-18,US,Wisconsin,Rusk,23,1,0,45.47498854,-91.1333012,55107.0,162.2231626,4.347826087,22,23,1,0,22,22,14147,0,0,0,0,1
2020-08-18,US,Wisconsin,Sauk,513,3,0,43.42574087,-89.94966132,55111.0,796.0646783,0.5847953220000001,510,513,3,0,510,512,64249,0,0,0,0,1
2020-08-18,US,Wisconsin,Sawyer,113,0,0,45.87931905,-91.14504927,55113.0,682.4495712,0.0,113,113,0,0,113,110,16489,0,0,0,0,3
2020-08-18,US,Wisconsin,Shawano,221,0,0,44.78902246,-88.76443896,55115.0,540.3555098999999,0.0,221,221,0,0,221,217,40796,0,0,0,0,4
2020-08-18,US,Wisconsin,Sheboygan,850,8,0,43.72099677,-87.94579284,55117.0,736.9516212999999,0.9411764709999999,842,850,8,0,842,842,115456,0,0,0,0,8
2020-08-18,US,Wisconsin,St. Croix,544,6,0,45.03437474,-92.45000068,55109.0,599.8654713,1.1029411759999999,538,544,6,0,538,536,89694,0,0,0,0,8
2020-08-18,US,Wisconsin,Taylor,78,2,0,45.21179252,-90.5004405,55119.0,383.42427369999996,2.564102564,76,78,2,0,76,78,20412,0,0,0,0,0
2020-08-18,US,Wisconsin,Trempealeau,370,2,0,44.30360275,-91.35893614,55121.0,1247.9341630000001,0.540540541,368,370,2,0,368,371,29442,0,0,0,0,-1
2020-08-18,US,Wisconsin,Vernon,77,0,0,43.59422667,-90.8324691,55123.0,249.82155600000002,0.0,77,77,0,0,77,74,30785,0,0,0,0,3
2020-08-18,US,Wisconsin,Vilas,74,0,0,46.05467334,-89.51719204,55125.0,333.4084253,0.0,74,74,0,0,74,74,21938,0,0,0,0,0
2020-08-18,US,Wisconsin,Walworth,1516,25,0,42.66858202,-88.54163073,55127.0,1459.544807,1.649076517,1491,1516,25,0,1491,1499,103718,0,0,0,0,17
2020-08-18,US,Wisconsin,Washburn,50,0,0,45.89838588,-91.79050449,55129.0,318.06615780000004,0.0,50,50,0,0,50,50,15878,0,0,0,0,0
2020-08-18,US,Wisconsin,Washington,1259,23,0,43.36863664,-88.22974712,55131.0,925.5039181,1.826846704,1236,1259,23,0,1236,1259,135693,0,0,0,0,0
2020-08-18,US,Wisconsin,Waukesha,4854,65,0,43.01833055,-88.30431188,55133.0,1200.89659,1.339101772,4789,4854,65,0,4789,4810,403072,0,0,0,0,44
2020-08-18,US,Wisconsin,Waupaca,531,16,0,44.47068056,-88.96534501,55135.0,1041.3806630000001,3.013182674,515,531,16,0,515,526,51128,0,0,0,0,5
2020-08-18,US,Wisconsin,Waushara,128,1,0,44.11324419,-89.24317107,55137.0,523.6673076000001,0.78125,127,128,1,0,127,128,24263,0,0,0,0,0
2020-08-18,US,Wisconsin,Winnebago,1288,19,0,44.06886922,-88.64477096,55139.0,749.2423229,1.47515528,1269,1288,19,0,1269,1280,171020,0,0,0,0,8
2020-08-18,US,Wisconsin,Wood,381,2,0,44.45537896,-90.04158336,55141.0,521.9249579,0.524934383,379,381,2,0,379,379,73055,0,0,0,0,2
2020-08-18,US,Wyoming,Albany,104,0,0,41.65498705,-105.72354150000001,56001.0,267.4897119,0.0,104,103,0,0,103,95,38601,1,0,0,1,8
2020-08-18,US,Wyoming,Big Horn,39,0,0,44.52405055,-107.9960365,56003.0,330.7888041,0.0,39,39,0,0,39,37,11881,0,0,0,0,2
2020-08-18,US,Wyoming,Campbell,150,0,0,44.24886082,-105.54744040000001,56005.0,323.6874474,0.0,150,148,0,0,148,148,46140,2,0,0,2,0
2020-08-18,US,Wyoming,Carbon,171,0,0,41.69357844,-106.9326084,56007.0,1155.405405,0.0,171,169,0,0,169,167,14971,2,0,0,2,2
2020-08-18,US,Wyoming,Converse,33,0,0,42.97272268,-105.5081848,56009.0,238.74981910000002,0.0,33,33,0,0,33,31,13640,0,0,0,0,2
2020-08-18,US,Wyoming,Crook,11,0,0,44.58855102,-104.56977049999999,56011.0,145.0421941,0.0,11,11,0,0,11,11,7450,0,0,0,0,0
2020-08-18,US,Wyoming,Fremont,535,0,0,43.04183996,-108.6296893,56013.0,1362.675429,0.0,535,533,0,0,533,523,39531,2,0,0,2,10
2020-08-18,US,Wyoming,Goshen,39,0,0,42.08798185,-104.3534743,56015.0,295.2085383,0.0,39,39,0,0,39,39,13376,0,0,0,0,0
2020-08-18,US,Wyoming,Hot Springs,23,0,0,43.71930657,-108.44231740000001,56017.0,521.1874009,0.0,23,23,0,0,23,23,4555,0,0,0,0,0
2020-08-18,US,Wyoming,Johnson,26,1,0,44.04057166,-106.58451740000001,56019.0,307.8744819,3.8461538460000004,25,25,1,0,24,25,8460,1,0,0,1,0
2020-08-18,US,Wyoming,Laramie,528,0,0,41.307025200000005,-104.6887497,56021.0,530.6532662999999,0.0,528,523,0,0,523,517,98976,5,0,0,5,6
2020-08-18,US,Wyoming,Lincoln,104,0,0,42.26376367,-110.6563997,56023.0,524.4578921,0.0,104,104,0,0,104,102,19434,0,0,0,0,2
2020-08-18,US,Wyoming,Natrona,249,0,0,42.96180148,-106.79788500000001,56025.0,311.8034511,0.0,249,248,0,0,248,248,79115,1,0,0,1,0
2020-08-18,US,Wyoming,Niobrara,2,0,0,43.05607708,-104.47588959999999,56027.0,84.88964346,0.0,2,2,0,0,2,2,2388,0,0,0,0,0
2020-08-18,US,Wyoming,Park,148,0,0,44.52157546,-109.58528249999999,56029.0,506.9534836,0.0,148,146,0,0,146,144,29324,2,0,0,2,2
2020-08-18,US,Wyoming,Platte,7,0,0,42.13299116,-104.96633100000001,56031.0,83.40283570000001,0.0,7,6,0,0,6,6,8566,1,0,0,1,0
2020-08-18,US,Wyoming,Sheridan,91,0,0,44.79048913,-106.8862389,56033.0,298.50746269999996,0.0,91,86,0,0,86,83,30233,5,0,0,5,3
2020-08-18,US,Wyoming,Sublette,40,0,0,42.76558279,-109.91309220000001,56035.0,406.8762079,0.0,40,40,0,0,40,40,9813,0,0,0,0,0
2020-08-18,US,Wyoming,Sweetwater,279,0,0,41.65943896,-108.8827882,56037.0,658.9046596,0.0,279,278,0,0,278,276,43051,1,0,0,1,2
2020-08-18,US,Wyoming,Teton,393,0,0,43.93522482,-110.5890801,56039.0,1674.9062390000001,0.0,393,390,0,0,390,389,23081,3,0,0,3,1
2020-08-18,US,Wyoming,Uinta,278,0,0,41.2878183,-110.54757820000002,56041.0,1374.4685060000002,0.0,278,277,0,0,277,276,20299,1,0,0,1,1
2020-08-18,US,Wyoming,Unassigned,0,29,0,0.0,0.0,90056.0,0.0,0.0,-29,0,29,0,-29,0,,0,0,0,0,0
2020-08-18,US,Wyoming,Washakie,102,0,0,43.90451606,-107.68018700000002,56043.0,1306.8545800000002,0.0,102,100,0,0,100,97,7885,2,0,0,2,3
2020-08-18,US,Wyoming,Weston,8,0,0,43.83961191,-104.56748809999999,56045.0,115.4901112,0.0,8,8,0,0,8,7,6967,0,0,0,0,1
