Date,Country/Region,Province/State,Admin2,Confirmed,Deaths,Recovered,Latitude,Longitude,FIPS,Incidence_Rate,Case-Fatality_Ratio,Active Cases,Previous Confirmed,Previous Deaths,Previous Recovered,Previous Active,Prev2 Confirmed,Population,Daily Confirmed,Daily Deaths,Daily Recovered,Daily Active,Previous Daily Confirmed
2020-08-02,US,Alabama,Autauga,1010,20,0,32.53952745,-86.64408227,1001.0,1807.8003901985,1.98019801980198,990,988,20,0,968,972,55601,22,0,0,22,16
2020-08-02,US,Alabama,Baldwin,3175,22,0,30.72774991,-87.72207058,1003.0,1422.274384726341,0.6929133858267716,3153,3095,21,0,3074,3056,218022,80,1,0,79,39
2020-08-02,US,Alabama,Barbour,562,5,0,31.868263,-85.3871286,1005.0,2276.594020902536,0.8896797153024911,557,554,5,0,549,550,24881,8,0,0,8,4
2020-08-02,US,Alabama,Bibb,364,3,0,32.99642064,-87.12511459999996,1007.0,1625.4353844779853,0.8241758241758241,361,360,2,0,358,355,22400,4,1,0,3,5
2020-08-02,US,Alabama,Blount,722,3,0,33.98210918,-86.56790593,1009.0,1248.5733061252724,0.4155124653739612,719,704,3,0,701,685,57840,18,0,0,18,19
2020-08-02,US,Alabama,Bullock,437,11,0,32.10030533,-85.71265535,1011.0,4326.304326304326,2.517162471395881,426,436,11,0,425,430,10138,1,0,0,1,6
2020-08-02,US,Alabama,Butler,751,35,0,31.75300095,-86.68057478,1013.0,3861.5795968737134,4.660452729693741,716,743,35,0,708,739,19680,8,0,0,8,4
2020-08-02,US,Alabama,Calhoun,1535,9,0,33.77483727,-85.82630386,1015.0,1351.1729237269487,0.5863192182410424,1526,1438,9,0,1429,1409,114277,97,0,0,97,29
2020-08-02,US,Alabama,Chambers,814,38,0,32.91360079,-85.39072749,1017.0,2447.8258254646053,4.6683046683046685,776,807,38,0,769,806,33615,7,0,0,7,1
2020-08-02,US,Alabama,Cherokee,233,7,0,34.17805983,-85.60638968,1019.0,889.448770804703,3.004291845493562,226,222,7,0,215,219,26032,11,0,0,11,3
2020-08-02,US,Alabama,Chilton,697,6,0,32.85044126,-86.7173256,1021.0,1568.830467272891,0.860832137733142,691,673,5,0,668,660,44153,24,1,0,23,13
2020-08-02,US,Alabama,Choctaw,273,12,0,32.02227341,-88.26564429999998,1023.0,2168.559853840655,4.395604395604397,261,271,12,0,259,271,12841,2,0,0,2,0
2020-08-02,US,Alabama,Clarke,484,9,0,31.68099859,-87.83548597,1025.0,2048.937431208196,1.859504132231405,475,479,9,0,470,473,23920,5,0,0,5,6
2020-08-02,US,Alabama,Clay,216,5,0,33.26984193,-85.85836077,1027.0,1632.0362674726105,2.314814814814815,211,200,5,0,195,194,13275,16,0,0,16,6
2020-08-02,US,Alabama,Cleburne,114,1,0,33.67679204,-85.52005899,1029.0,764.5875251509053,0.8771929824561403,113,112,1,0,111,111,14987,2,0,0,2,1
2020-08-02,US,Alabama,Coffee,703,5,0,31.39932826,-85.98901039,1031.0,1343.0896794161474,0.7112375533428165,698,695,5,0,690,689,51909,8,0,0,8,6
2020-08-02,US,Alabama,Colbert,1076,12,0,34.69847452,-87.80168544,1033.0,1947.828605564708,1.1152416356877324,1064,1050,11,0,1039,1041,54762,26,1,0,25,9
2020-08-02,US,Alabama,Conecuh,371,10,0,31.43401703,-86.99320044,1035.0,3074.500704400431,2.6954177897574123,361,363,10,0,353,358,12277,8,0,0,8,5
2020-08-02,US,Alabama,Coosa,90,2,0,32.93690146,-86.24847739,1037.0,844.0401387977118,2.2222222222222223,88,89,2,0,87,89,10715,1,0,0,1,0
2020-08-02,US,Alabama,Covington,704,20,0,31.247785399999998,-86.45050893,1039.0,1900.1862398445307,2.8409090909090913,684,684,20,0,664,680,36986,20,0,0,20,4
2020-08-02,US,Alabama,Crenshaw,284,3,0,31.72941803,-86.31593104,1041.0,2062.155097298867,1.056338028169014,281,279,3,0,276,276,13824,5,0,0,5,3
2020-08-02,US,Alabama,Cullman,1113,11,0,34.13020303,-86.86888037,1043.0,1328.6696590583515,0.9883198562443846,1102,1090,11,0,1079,1075,83442,23,0,0,23,15
2020-08-02,US,Alabama,Dale,776,19,0,31.43037123,-85.61095742,1045.0,1578.1338973399497,2.4484536082474233,757,763,18,0,745,749,48956,13,1,0,12,14
2020-08-02,US,Alabama,Dallas,1280,23,0,32.32688101,-87.10866709999998,1047.0,3441.2302398107317,1.796875,1257,1265,23,0,1242,1259,38310,15,0,0,15,6
2020-08-02,US,Alabama,DeKalb,1677,13,0,34.45946862,-85.80782906,1049.0,2345.0281766951457,0.7751937984496124,1664,1650,11,0,1639,1628,71385,27,2,0,25,22
2020-08-02,US,Alabama,Elmore,1584,37,0,32.59785413,-86.14415284,1051.0,1950.5227253136968,2.3358585858585856,1547,1562,37,0,1525,1544,81887,22,0,0,22,18
2020-08-02,US,Alabama,Escambia,965,15,0,31.1256789,-87.15918694,1053.0,2634.23689023558,1.5544041450777202,950,952,15,0,937,943,36748,13,0,0,13,9
2020-08-02,US,Alabama,Etowah,1914,25,0,34.04567266,-86.04051873,1055.0,1871.5531740133765,1.3061650992685476,1889,1884,24,0,1860,1857,102501,30,1,0,29,27
2020-08-02,US,Alabama,Fayette,169,5,0,33.72076938,-87.73886638,1057.0,1036.682615629984,2.9585798816568047,164,167,5,0,162,163,16433,2,0,0,2,4
2020-08-02,US,Alabama,Franklin,1184,20,0,34.44235334,-87.84289505,1059.0,3775.2694343473,1.6891891891891893,1164,1165,20,0,1145,1162,31363,19,0,0,19,3
2020-08-02,US,Alabama,Geneva,226,0,0,31.09389027,-85.83572839,1061.0,860.2641696166876,0.0,226,216,0,0,216,210,26314,10,0,0,10,6
2020-08-02,US,Alabama,Greene,240,11,0,32.85504247,-87.95684022,1063.0,2958.9446430773023,4.583333333333333,229,239,11,0,228,239,8233,1,0,0,1,0
2020-08-02,US,Alabama,Hale,449,25,0,32.76039258,-87.63284988,1065.0,3064.637226127909,5.567928730512249,424,448,25,0,423,446,14726,1,0,0,1,2
2020-08-02,US,Alabama,Henry,243,3,0,31.51148016,-85.24267944,1067.0,1412.3801220575415,1.2345679012345678,240,238,3,0,235,233,17209,5,0,0,5,5
2020-08-02,US,Alabama,Houston,1309,12,0,31.15197924,-85.29939599,1069.0,1236.28189871744,0.9167303284950344,1297,1275,12,0,1263,1242,104722,34,0,0,34,33
2020-08-02,US,Alabama,Jackson,816,3,0,34.78144169,-85.99750489,1071.0,1580.5989230232829,0.36764705882352944,813,783,3,0,780,749,51736,33,0,0,33,34
2020-08-02,US,Alabama,Jefferson,11650,225,0,33.55554728,-86.89506300000002,1073.0,1768.976256238868,1.931330472103004,11425,11465,225,0,11240,11194,659300,185,0,0,185,271
2020-08-02,US,Alabama,Lamar,194,2,0,33.77995024,-88.09668032,1075.0,1405.2879391524814,1.0309278350515465,192,191,2,0,189,191,13844,3,0,0,3,0
2020-08-02,US,Alabama,Lauderdale,1053,12,0,34.90171875,-87.65624729,1077.0,1135.5670825739521,1.1396011396011396,1041,1028,12,0,1016,1014,92387,25,0,0,25,14
2020-08-02,US,Alabama,Lawrence,306,0,0,34.52041498,-87.31069453,1079.0,929.4131940225976,0.0,306,298,0,0,298,295,32957,8,0,0,8,3
2020-08-02,US,Alabama,Lee,2491,40,0,32.60154883,-85.35132246,1081.0,1513.8991868337564,1.6057808109193097,2451,2455,40,0,2415,2430,163941,36,0,0,36,25
2020-08-02,US,Alabama,Limestone,1183,13,0,34.81185586,-86.98310072,1083.0,1195.976343325077,1.0989010989010992,1170,1155,12,0,1143,1146,96174,28,1,0,27,9
2020-08-02,US,Alabama,Lowndes,546,24,0,32.1597283,-86.65158371,1085.0,5613.818630475013,4.395604395604397,522,545,24,0,521,546,9974,1,0,0,1,-1
2020-08-02,US,Alabama,Macon,308,13,0,32.38759944,-85.69267724,1087.0,1704.6712419747619,4.220779220779221,295,304,12,0,292,300,18439,4,1,0,3,4
2020-08-02,US,Alabama,Madison,4932,25,0,34.76327133,-86.55069633,1089.0,1322.5746763955815,0.5068937550689375,4907,4817,25,0,4792,4720,366519,115,0,0,115,97
2020-08-02,US,Alabama,Marengo,515,14,0,32.24767634,-87.78796182,1091.0,2730.2125854848114,2.718446601941748,501,506,14,0,492,504,19066,9,0,0,9,2
2020-08-02,US,Alabama,Marion,535,24,0,34.13697363,-87.88704173,1093.0,1800.801104042546,4.485981308411215,511,528,24,0,504,523,29763,7,0,0,7,5
2020-08-02,US,Alabama,Marshall,2947,30,0,34.36975964,-86.30486727,1095.0,3045.2394238121806,1.017984390906006,2917,2878,30,0,2848,2823,96109,69,0,0,69,55
2020-08-02,US,Alabama,Mobile,8998,191,0,30.78472347,-88.20842409,1097.0,2177.5852472108613,2.1226939319848857,8807,8466,188,0,8278,8084,413757,532,3,0,529,382
2020-08-02,US,Alabama,Monroe,388,4,0,31.56729412,-87.36995001,1099.0,1871.4127236772288,1.0309278350515465,384,385,3,0,382,384,21067,3,1,0,2,1
2020-08-02,US,Alabama,Montgomery,6198,143,0,32.2206831,-86.20969272,1101.0,2736.5929902952053,2.3071958696353656,6055,6093,141,0,5952,6047,225763,105,2,0,103,46
2020-08-02,US,Alabama,Morgan,2206,15,0,34.45500589,-86.85475946,1103.0,1843.2640647064236,0.6799637352674524,2191,2156,14,0,2142,2129,119089,50,1,0,49,27
2020-08-02,US,Alabama,Perry,428,4,0,32.64048341,-87.29770589,1105.0,4796.593074078225,0.9345794392523364,424,419,3,0,416,417,9140,9,1,0,8,2
2020-08-02,US,Alabama,Pickens,363,9,0,33.28094866,-88.08818103,1107.0,1821.374811841445,2.479338842975207,354,359,9,0,350,355,19938,4,0,0,4,4
2020-08-02,US,Alabama,Pike,654,7,0,31.80396383,-85.9408295,1109.0,1974.9954701938761,1.0703363914373092,647,644,7,0,637,640,33338,10,0,0,10,4
2020-08-02,US,Alabama,Randolph,388,10,0,33.29526734,-85.45708831,1111.0,1707.5961623096564,2.5773195876288657,378,386,10,0,376,384,22725,2,0,0,2,2
2020-08-02,US,Alabama,Russell,1220,1,0,32.28725256,-85.18415324,1113.0,2104.863615189524,0.08196721311475409,1219,1185,1,0,1184,1161,57781,35,0,0,35,24
2020-08-02,US,Alabama,Shelby,3002,32,0,33.26879845,-86.66232561,1117.0,1378.9492057950774,1.0659560293137909,2970,2954,31,0,2923,2911,215707,48,1,0,47,43
2020-08-02,US,Alabama,St. Clair,1182,12,0,33.71902176,-86.31029372,1115.0,1320.4933416748593,1.0152284263959392,1170,1169,11,0,1158,1151,88690,13,1,0,12,18
2020-08-02,US,Alabama,Sumter,361,18,0,32.59117397,-88.19916205,1119.0,2904.964995574153,4.986149584487535,343,361,18,0,343,360,12691,0,0,0,0,1
2020-08-02,US,Alabama,Talladega,890,13,0,33.37823223,-86.16886178,1121.0,1112.8060216559554,1.4606741573033708,877,862,13,0,849,847,79828,28,0,0,28,15
2020-08-02,US,Alabama,Tallapoosa,804,78,0,32.86698258,-85.79833053,1123.0,1991.725914732331,9.701492537313431,726,801,78,0,723,798,40497,3,0,0,3,3
2020-08-02,US,Alabama,Tuscaloosa,3912,63,0,33.28726072,-87.52556818,1125.0,1868.5964032385184,1.6104294478527608,3849,3851,61,0,3790,3805,208911,61,2,0,59,46
2020-08-02,US,Alabama,Unassigned,2633,51,0,0.0,0.0,90001.0,0.0,1.9369540448157996,2582,2569,50,0,2519,2445,,64,1,0,63,124
2020-08-02,US,Alabama,Walker,1457,63,0,33.80270512,-87.30027177,1127.0,2293.729632719888,4.323953328757721,1394,1450,63,0,1387,1441,63711,7,0,0,7,9
2020-08-02,US,Alabama,Washington,310,11,0,31.4092794,-88.20689944,1129.0,1898.8117113806202,3.548387096774193,299,304,11,0,293,301,16378,6,0,0,6,3
2020-08-02,US,Alabama,Wilcox,402,9,0,31.98773215,-87.30891118,1131.0,3875.445869083197,2.238805970149253,393,400,9,0,391,397,10627,2,0,0,2,3
2020-08-02,US,Alabama,Winston,428,11,0,34.15030532,-87.37325922,1133.0,1811.3335308307587,2.5700934579439254,417,426,10,0,416,418,23660,2,1,0,1,8
2020-08-02,US,Alaska,Aleutians East,1,0,0,55.32222414,-161.9722021,2013.0,29.96703626011388,0.0,1,1,0,0,1,1,3515,0,0,0,0,0
2020-08-02,US,Alaska,Aleutians West,5,0,0,52.3233,-174.1596,2016.0,88.74689385871494,0.0,5,5,0,0,5,5,5723,0,0,0,0,0
2020-08-02,US,Alaska,Anchorage,1877,12,0,61.14998174,-149.14269860000005,2020.0,651.7361111111112,0.6393180607352158,1865,1769,12,0,1757,1659,291538,108,0,0,108,110
2020-08-02,US,Alaska,Bethel,21,0,0,60.90980451,-159.8561831,2050.0,114.21733927988687,0.0,21,20,0,0,20,19,18216,1,0,0,1,1
2020-08-02,US,Alaska,Bristol Bay,6,0,0,58.74513976,-156.701064,2060.0,717.7033492822967,0.0,6,6,0,0,6,6,877,0,0,0,0,0
2020-08-02,US,Alaska,Denali,1,0,0,63.67264044,-150.0076108,2068.0,47.687172150691474,0.0,1,1,0,0,1,1,2059,0,0,0,0,0
2020-08-02,US,Alaska,Dillingham,1,0,0,59.79603738,-158.23819419999995,2070.0,20.34174125305126,0.0,1,1,0,0,1,1,5000,0,0,0,0,0
2020-08-02,US,Alaska,Fairbanks North Star,406,5,0,64.80726247,-146.5692662,2090.0,419.20928455637113,1.2315270935960592,401,403,5,0,398,398,98971,3,0,0,3,5
2020-08-02,US,Alaska,Haines,4,0,0,59.09893571,-135.4679843,2100.0,158.10276679841897,0.0,4,4,0,0,4,4,2474,0,0,0,0,0
2020-08-02,US,Alaska,Juneau,88,1,0,58.45031811,-134.200436,2110.0,275.22361919059244,1.1363636363636365,87,87,1,0,86,87,32113,1,0,0,1,0
2020-08-02,US,Alaska,Kenai Peninsula,304,2,0,60.24429722,-151.53888840000005,2122.0,517.8169925734142,0.6578947368421053,302,300,2,0,298,293,58533,4,0,0,4,7
2020-08-02,US,Alaska,Ketchikan Gateway,35,0,0,55.57445008,-130.975561,2130.0,251.78044744982373,0.0,35,35,0,0,35,34,13918,0,0,0,0,1
2020-08-02,US,Alaska,Kodiak Island,6,0,0,57.65529415,-153.7493579,2150.0,46.16094783812894,0.0,6,6,0,0,6,6,13345,0,0,0,0,0
2020-08-02,US,Alaska,Kusilvak,4,0,0,62.15429159999999,-163.39678830000003,2158.0,48.11161895597787,0.0,4,4,0,0,4,4,8303,0,0,0,0,0
2020-08-02,US,Alaska,Matanuska-Susitna,301,2,0,62.31305045,-149.5741743,2170.0,277.888050813815,0.6644518272425249,299,287,2,0,285,267,107610,14,0,0,14,20
2020-08-02,US,Alaska,Nome,17,0,0,64.90320724,-164.0353804,2180.0,169.93202718912434,0.0,17,17,0,0,17,17,10008,0,0,0,0,0
2020-08-02,US,Alaska,North Slope,13,0,0,69.31479216,-153.4836093,2185.0,132.2213181448332,0.0,13,13,0,0,13,13,9872,0,0,0,0,0
2020-08-02,US,Alaska,Northwest Arctic,31,0,0,67.04919196,-159.7503946,2188.0,406.77076499147086,0.0,31,28,0,0,28,28,7671,3,0,0,3,0
2020-08-02,US,Alaska,Petersburg,6,1,0,57.13978948,-132.9540995,2195.0,183.71096142069808,16.666666666666668,5,6,1,0,5,6,3221,0,0,0,0,0
2020-08-02,US,Alaska,Prince of Wales-Hyder,7,0,0,55.76261984,-133.0511621,2198.0,112.84862163469288,0.0,7,5,0,0,5,5,6422,2,0,0,2,0
2020-08-02,US,Alaska,Sitka,23,0,0,57.24124555,-135.3206587,2220.0,270.8112563287413,0.0,23,22,0,0,22,21,8647,1,0,0,1,1
2020-08-02,US,Alaska,Southeast Fairbanks,14,0,0,63.87692095,-143.2127643,2240.0,203.10459886841724,0.0,14,14,0,0,14,14,6918,0,0,0,0,0
2020-08-02,US,Alaska,Valdez-Cordova,48,0,0,61.47502768,-144.7126799,2261.0,521.6257335361878,0.0,48,45,0,0,45,44,9164,3,0,0,3,1
2020-08-02,US,Alaska,Wrangell,8,0,0,56.3202004,-132.05837309999998,2275.0,319.744204636291,0.0,8,5,0,0,5,5,2503,3,0,0,3,0
2020-08-02,US,Alaska,Yakutat,7,0,0,59.890980799999994,-140.36014509999998,2282.0,1208.9810017271154,0.0,7,7,0,0,7,7,604,0,0,0,0,0
2020-08-02,US,Alaska,Yukon-Koyukuk,46,1,0,65.50815459,-151.39073869999999,2290.0,879.5411089866158,2.1739130434782608,45,45,1,0,44,45,5327,1,0,0,1,0
2020-08-02,US,Arizona,Apache,3064,136,0,35.39465006,-109.4892383,4001.0,4262.244912153797,4.438642297650131,2928,3054,135,0,2919,2994,71818,10,1,0,9,60
2020-08-02,US,Arizona,Cochise,1536,49,0,31.87934684,-109.7516088,4003.0,1219.802735026445,3.1901041666666665,1487,1523,49,0,1474,1503,126770,13,0,0,13,20
2020-08-02,US,Arizona,Coconino,2990,115,0,35.83883429,-111.77071780000001,4005.0,2083.972232289721,3.8461538461538463,2875,2964,117,0,2847,2947,142854,26,-2,0,28,17
2020-08-02,US,Arizona,Gila,833,29,0,33.80190085,-110.8132779,4007.0,1542.0785664037912,3.4813925570228093,804,822,29,0,793,809,53889,11,0,0,11,13
2020-08-02,US,Arizona,Graham,489,9,0,32.93166885,-109.8882178,4009.0,1259.1085820222984,1.8404907975460123,480,478,9,0,469,451,38072,11,0,0,11,27
2020-08-02,US,Arizona,Greenlee,55,1,0,33.21498827,-109.2405279,4011.0,579.0692777426826,1.818181818181818,54,55,1,0,54,55,9483,0,0,0,0,0
2020-08-02,US,Arizona,La Paz,473,10,0,33.72854224,-113.98100290000001,4012.0,2240.8565472806517,2.1141649048625792,463,472,10,0,462,469,21098,1,0,0,1,3
2020-08-02,US,Arizona,Maricopa,120279,2101,0,33.34835867,-112.49181540000001,4013.0,2681.558491590743,1.7467720882282027,118178,119295,2089,0,117206,117293,4410824,984,12,0,972,2002
2020-08-02,US,Arizona,Mohave,3027,153,0,35.70471703,-113.7577902,4015.0,1426.6121848798905,5.054509415262636,2874,2990,153,0,2837,2918,209550,37,0,0,37,72
2020-08-02,US,Arizona,Navajo,5271,188,0,35.3997715,-110.3218983,4017.0,4751.902203310375,3.5666856383987864,5083,5255,188,0,5067,5202,110445,16,0,0,16,53
2020-08-02,US,Arizona,Pima,16655,462,0,32.0971334,-111.7890033,4019.0,1590.3116552513704,2.773941759231462,16193,16475,462,0,16013,16167,1039073,180,0,0,180,308
2020-08-02,US,Arizona,Pinal,8227,141,0,32.90525627,-111.3449483,4021.0,1777.6999885476964,1.7138689680320895,8086,8153,140,0,8013,7990,447138,74,1,0,73,163
2020-08-02,US,Arizona,Santa Cruz,2608,50,0,31.52508998,-110.8479088,4023.0,5608.843391113596,1.9171779141104293,2558,2610,50,0,2560,2599,46511,-2,0,0,-2,11
2020-08-02,US,Arizona,Unassigned,0,1,0,0.0,0.0,90004.0,0.0,0.0,-1,0,1,0,-1,0,,0,0,0,0,0
2020-08-02,US,Arizona,Yavapai,1818,61,0,34.59933926,-112.5538588,4025.0,773.2912517705307,3.3553355335533555,1757,1778,60,0,1718,1733,231993,40,1,0,39,45
2020-08-02,US,Arizona,Yuma,11142,259,0,32.76895712,-113.90666740000002,4027.0,5211.729431630548,2.3245377849578173,10883,11078,254,0,10824,10880,212128,64,5,0,59,198
2020-08-02,US,Arkansas,Arkansas,199,0,0,34.29145151,-91.37277296,5001.0,1138.0532997826833,0.0,199,194,0,0,194,189,17769,5,0,0,5,5
2020-08-02,US,Arkansas,Ashley,249,4,0,33.19153461,-91.7698471,5003.0,1266.7243221244341,1.606425702811245,245,238,4,0,234,230,20046,11,0,0,11,8
2020-08-02,US,Arkansas,Baxter,61,0,0,36.28784385,-92.33782872,5005.0,145.47362396260613,0.0,61,60,0,0,60,62,41619,1,0,0,1,-2
2020-08-02,US,Arkansas,Benton,4528,39,0,36.33644656,-94.25680817,5007.0,1622.1192873852285,0.8613074204946997,4489,4495,39,0,4456,4458,272608,33,0,0,33,37
2020-08-02,US,Arkansas,Boone,170,1,0,36.3084504,-93.09374925,5009.0,454.15687112630906,0.5882352941176471,169,162,1,0,161,157,37480,8,0,0,8,5
2020-08-02,US,Arkansas,Bradley,142,3,0,33.46755808,-92.15980837,5011.0,1319.3347579671095,2.112676056338028,139,142,3,0,139,138,10897,0,0,0,0,4
2020-08-02,US,Arkansas,Calhoun,13,0,0,33.55598792,-92.49974403,5013.0,250.5299672383889,0.0,13,13,0,0,13,12,5277,0,0,0,0,1
2020-08-02,US,Arkansas,Carroll,340,6,0,36.34038560000001,-93.54270261,5015.0,1198.0267794221284,1.7647058823529411,334,337,6,0,331,331,28223,3,0,0,3,6
2020-08-02,US,Arkansas,Chicot,529,6,0,33.26458973,-91.29539209,5017.0,5228.305989325952,1.1342155009451795,523,522,6,0,516,506,10438,7,0,0,7,16
2020-08-02,US,Arkansas,Clark,154,0,0,34.04613432,-93.17484713,5019.0,689.9641577060931,0.0,154,152,0,0,152,152,22061,2,0,0,2,0
2020-08-02,US,Arkansas,Clay,107,4,0,36.36826212,-90.4148172,5021.0,735.3446498522438,3.7383177570093458,103,105,4,0,101,102,14847,2,0,0,2,3
2020-08-02,US,Arkansas,Cleburne,181,5,0,35.53864922,-92.02640019,5023.0,726.353384967294,2.7624309392265194,176,179,5,0,174,178,24965,2,0,0,2,1
2020-08-02,US,Arkansas,Cleveland,68,2,0,33.89723187,-92.18537045,5025.0,854.7008547008548,2.9411764705882355,66,67,2,0,65,63,8018,1,0,0,1,4
2020-08-02,US,Arkansas,Columbia,193,6,0,33.21230701,-93.22642793,5027.0,822.7821119495247,3.1088082901554404,187,186,6,0,180,184,23537,7,0,0,7,2
2020-08-02,US,Arkansas,Conway,136,3,0,35.26205537,-92.70506566,5029.0,652.4033387700279,2.2058823529411766,133,134,3,0,131,134,20891,2,0,0,2,0
2020-08-02,US,Arkansas,Craighead,1120,11,0,35.83018283,-90.63235729,5031.0,1015.1180074683682,0.9821428571428572,1109,1104,11,0,1093,1088,108558,16,0,0,16,16
2020-08-02,US,Arkansas,Crawford,536,3,0,35.58928601,-94.2446814,5033.0,847.3370536067157,0.5597014925373134,533,522,3,0,519,514,63406,14,0,0,14,8
2020-08-02,US,Arkansas,Crittenden,1213,20,0,35.21247318,-90.30839406,5035.0,2529.4546971118757,1.6488046166529269,1193,1191,18,0,1173,1172,48342,22,2,0,20,19
2020-08-02,US,Arkansas,Cross,166,1,0,35.29631396,-90.77185818,5037.0,1011.0238138741702,0.6024096385542169,165,162,1,0,161,157,16676,4,0,0,4,5
2020-08-02,US,Arkansas,Dallas,58,0,0,33.97042763,-92.65167437,5039.0,827.5074903695247,0.0,58,56,0,0,56,56,7182,2,0,0,2,0
2020-08-02,US,Arkansas,Desha,151,2,0,33.83011025,-91.25500948,5041.0,1329.108353137928,1.3245033112582782,149,144,2,0,142,142,11512,7,0,0,7,2
2020-08-02,US,Arkansas,Drew,162,2,0,33.59035001,-91.71777921,5043.0,889.1816235797794,1.2345679012345678,160,155,2,0,153,155,18328,7,0,0,7,0
2020-08-02,US,Arkansas,Faulkner,1203,5,0,35.14719007,-92.33717519,5045.0,954.7088653804947,0.4156275976724855,1198,1190,5,0,1185,1175,124806,13,0,0,13,15
2020-08-02,US,Arkansas,Franklin,108,2,0,35.51202821,-93.89299569,5047.0,609.6528365791702,1.851851851851852,106,105,2,0,103,104,17810,3,0,0,3,1
2020-08-02,US,Arkansas,Fulton,29,0,0,36.38177105,-91.81729127,5049.0,232.4276669071091,0.0,29,27,0,0,27,27,12269,2,0,0,2,0
2020-08-02,US,Arkansas,Garland,843,7,0,34.57692074,-93.14921604,5051.0,848.2079971022075,0.8303677342823249,836,837,7,0,830,814,99154,6,0,0,6,23
2020-08-02,US,Arkansas,Grant,125,0,0,34.29017991,-92.42320562,5053.0,684.369011771147,0.0,125,124,0,0,124,124,18188,1,0,0,1,0
2020-08-02,US,Arkansas,Greene,383,1,0,36.11735460000001,-90.55832668,5055.0,845.0082735797023,0.2610966057441253,382,359,1,0,358,293,45325,24,0,0,24,66
2020-08-02,US,Arkansas,Hempstead,210,2,0,33.73325583,-93.66935133,5057.0,975.2925877763327,0.9523809523809524,208,207,2,0,205,200,21741,3,0,0,3,7
2020-08-02,US,Arkansas,Hot Spring,1457,8,0,34.31709259,-92.95396325,5059.0,4314.3525510053005,0.5490734385724091,1449,1451,8,0,1443,1436,33701,6,0,0,6,15
2020-08-02,US,Arkansas,Howard,296,2,0,34.09007427,-93.9934871,5061.0,2242.0845326465687,0.6756756756756757,294,294,2,0,292,291,13341,2,0,0,2,3
2020-08-02,US,Arkansas,Independence,367,0,0,35.74242707,-91.57001641,5063.0,970.2577660277594,0.0,367,345,0,0,345,331,37678,22,0,0,22,14
2020-08-02,US,Arkansas,Izard,44,1,0,36.09604046,-91.90847954,5065.0,322.8410008071025,2.272727272727273,43,44,1,0,43,43,13593,0,0,0,0,1
2020-08-02,US,Arkansas,Jackson,58,1,0,35.59802983,-91.21494602,5067.0,346.91070040074163,1.7241379310344829,57,58,1,0,57,57,16811,0,0,0,0,1
2020-08-02,US,Arkansas,Jefferson,1357,38,0,34.26767081,-91.92619839,5069.0,2030.7075302286605,2.8002947678703016,1319,1315,38,0,1277,1293,68114,42,0,0,42,22
2020-08-02,US,Arkansas,Johnson,631,0,0,35.56759135,-93.46036368,5071.0,2374.1440288960794,0.0,631,617,0,0,617,612,26742,14,0,0,14,5
2020-08-02,US,Arkansas,Lafayette,49,2,0,33.24116713,-93.60677071,5073.0,739.7342995169082,4.081632653061225,47,49,2,0,47,48,6682,0,0,0,0,1
2020-08-02,US,Arkansas,Lawrence,185,10,0,36.04188196,-91.10867198,5075.0,1127.636230647324,5.405405405405406,175,182,9,0,173,179,16434,3,1,0,2,3
2020-08-02,US,Arkansas,Lee,885,6,0,34.78498904,-90.78383866,5077.0,9992.096646720107,0.6779661016949152,879,885,6,0,879,882,8985,0,0,0,0,3
2020-08-02,US,Arkansas,Lincoln,1182,11,0,33.95317155,-91.74002806,5079.0,9075.552825552826,0.9306260575296108,1171,1168,11,0,1157,1165,13383,14,0,0,14,3
2020-08-02,US,Arkansas,Little River,153,1,0,33.70375665,-94.23468591,5081.0,1248.0626478505587,0.6535947712418301,152,152,1,0,151,149,12326,1,0,0,1,3
2020-08-02,US,Arkansas,Logan,158,1,0,35.21413234,-93.71951016,5083.0,736.0477033448244,0.6329113924050633,157,141,0,0,141,139,21737,17,1,0,16,2
2020-08-02,US,Arkansas,Lonoke,433,2,0,34.75392199,-91.88742357,5085.0,590.650534040841,0.4618937644341801,431,416,2,0,414,405,73657,17,0,0,17,11
2020-08-02,US,Arkansas,Madison,259,1,0,36.01038185,-93.72524943,5087.0,1562.5,0.3861003861003861,258,254,1,0,253,253,16481,5,0,0,5,1
2020-08-02,US,Arkansas,Marion,23,0,0,36.26844485,-92.68451899,5089.0,137.77405055708638,0.0,23,23,0,0,23,23,16722,0,0,0,0,0
2020-08-02,US,Arkansas,Miller,462,4,0,33.31403423,-93.89285258,5091.0,1068.0352312920452,0.8658008658008658,458,457,4,0,453,451,43592,5,0,0,5,6
2020-08-02,US,Arkansas,Mississippi,775,10,0,35.76271485,-90.05194370000002,5093.0,1906.472165506384,1.2903225806451613,765,752,10,0,742,677,41239,23,0,0,23,75
2020-08-02,US,Arkansas,Monroe,52,0,0,34.6815935,-91.20540287,5095.0,776.0035815549918,0.0,52,51,0,0,51,49,6900,1,0,0,1,2
2020-08-02,US,Arkansas,Montgomery,25,0,0,34.53704874,-93.65824478,5097.0,278.2105497440463,0.0,25,25,0,0,25,25,8924,0,0,0,0,0
2020-08-02,US,Arkansas,Nevada,130,9,0,33.66340119,-93.30632432,5099.0,1575.3756665050894,6.9230769230769225,121,129,9,0,120,129,8326,1,0,0,1,0
2020-08-02,US,Arkansas,Newton,94,3,0,35.91947491,-93.21612969,5101.0,1212.4338965561715,3.191489361702128,91,93,3,0,90,91,7805,1,0,0,1,2
2020-08-02,US,Arkansas,Ouachita,77,1,0,33.58839816,-92.87795984,5103.0,329.31314686510984,1.2987012987012987,76,76,1,0,75,75,23606,1,0,0,1,1
2020-08-02,US,Arkansas,Perry,49,0,0,34.9459153,-92.94372564,5105.0,468.67527498804395,0.0,49,49,0,0,49,49,10352,0,0,0,0,0
2020-08-02,US,Arkansas,Phillips,282,6,0,34.43268455,-90.84800154,5107.0,1585.873355078169,2.127659574468085,276,273,6,0,267,270,18029,9,0,0,9,3
2020-08-02,US,Arkansas,Pike,78,1,0,34.16250414,-93.65789349,5109.0,727.7477141257698,1.2820512820512822,77,77,1,0,76,77,10673,1,0,0,1,0
2020-08-02,US,Arkansas,Poinsett,159,3,0,35.57433534,-90.66268713,5111.0,675.790547432846,1.8867924528301887,156,156,3,0,153,151,23974,3,0,0,3,5
2020-08-02,US,Arkansas,Polk,128,1,0,34.48254879,-94.22728802,5113.0,641.1540773392106,0.78125,127,128,1,0,127,125,20049,0,0,0,0,3
2020-08-02,US,Arkansas,Pope,1202,9,0,35.44871474,-93.03212219,5115.0,1876.014483705831,0.7487520798668885,1193,1174,9,0,1165,1161,64000,28,0,0,28,13
2020-08-02,US,Arkansas,Prairie,66,0,0,34.83624419,-91.55162157,5117.0,818.6554204911932,0.0,66,63,0,0,63,59,8074,3,0,0,3,4
2020-08-02,US,Arkansas,Pulaski,4838,78,0,34.77054088,-92.31355101,5119.0,1234.4639471716796,1.6122364613476643,4760,4803,77,0,4726,4733,392680,35,1,0,34,70
2020-08-02,US,Arkansas,Randolph,173,2,0,36.3415714,-91.02455531,5121.0,963.3589486579796,1.1560693641618498,171,170,2,0,168,164,17948,3,0,0,3,6
2020-08-02,US,Arkansas,Saline,879,4,0,34.64916145,-92.67583224,5125.0,717.9202365298073,0.4550625711035267,875,868,4,0,864,855,121421,11,0,0,11,13
2020-08-02,US,Arkansas,Scott,42,0,0,34.85588887,-94.0632176,5127.0,408.5205719288007,0.0,42,41,0,0,41,41,10319,1,0,0,1,0
2020-08-02,US,Arkansas,Searcy,25,0,0,35.9109364,-92.69936482,5129.0,317.218627077782,0.0,25,25,0,0,25,25,7958,0,0,0,0,0
2020-08-02,US,Arkansas,Sebastian,1768,15,0,35.19605503,-94.27162713,5131.0,1383.1193722765927,0.8484162895927602,1753,1724,14,0,1710,1689,127753,44,1,0,43,35
2020-08-02,US,Arkansas,Sevier,935,10,0,33.99780401,-94.2424869,5133.0,5497.736226259775,1.0695187165775402,925,933,10,0,923,929,17139,2,0,0,2,4
2020-08-02,US,Arkansas,Sharp,104,5,0,36.16258158,-91.47819342,5135.0,596.2618965714939,4.807692307692308,99,102,5,0,97,99,17366,2,0,0,2,3
2020-08-02,US,Arkansas,St. Francis,1131,3,0,35.02201976,-90.74828138,5123.0,4525.086020644955,0.26525198938992045,1128,1117,3,0,1114,1112,25439,14,0,0,14,5
2020-08-02,US,Arkansas,Stone,53,1,0,35.86251946,-92.15684085,5137.0,423.7965776427314,1.8867924528301887,52,52,1,0,51,52,12457,1,0,0,1,0
2020-08-02,US,Arkansas,Unassigned,1578,0,0,0.0,0.0,90005.0,0.0,0.0,1578,1555,0,0,1555,1554,,23,0,0,23,1
2020-08-02,US,Arkansas,Union,433,16,0,33.16887091,-92.59746952,5139.0,1119.3836926735949,3.6951501154734414,417,430,16,0,414,428,39126,3,0,0,3,2
2020-08-02,US,Arkansas,Van Buren,50,2,0,35.58095779,-92.51295036,5141.0,302.2061045633122,4.0,48,50,2,0,48,50,16603,0,0,0,0,0
2020-08-02,US,Arkansas,Washington,6005,46,0,35.976844,-94.21800746,5143.0,2510.587950014006,0.7660283097418817,5959,5952,46,0,5906,5896,236961,53,0,0,53,56
2020-08-02,US,Arkansas,White,262,2,0,35.25688493,-91.74908296,5145.0,332.68573895597626,0.7633587786259542,260,254,2,0,252,250,78727,8,0,0,8,4
2020-08-02,US,Arkansas,Woodruff,19,0,0,35.18902527,-91.2439489,5147.0,300.63291139240505,0.0,19,19,0,0,19,18,6490,0,0,0,0,1
2020-08-02,US,Arkansas,Yell,1022,14,0,35.00292371,-93.41171338,5149.0,4788.9039876294455,1.3698630136986298,1008,1012,14,0,998,1004,21535,10,0,0,10,8
2020-08-02,US,California,Alameda,11524,189,0,37.64629437,-121.8929271,6001.0,689.5111614768846,1.6400555362721276,11335,11484,189,0,11295,11139,1666753,40,0,0,40,345
2020-08-02,US,California,Alpine,2,0,0,38.59678594,-119.82235940000001,6003.0,177.14791851195747,0.0,2,2,0,0,2,2,1101,0,0,0,0,0
2020-08-02,US,California,Amador,126,0,0,38.44583082,-120.65696000000001,6005.0,316.9651841416784,0.0,126,125,0,0,125,115,39383,1,0,0,1,10
2020-08-02,US,California,Butte,941,7,0,39.66727762,-121.6005252,6007.0,429.3157409688575,0.7438894792773645,934,941,7,0,934,941,231256,0,0,0,0,0
2020-08-02,US,California,Calaveras,125,1,0,38.20537103,-120.55291299999999,6009.0,272.3014922121773,0.8,124,125,1,0,124,125,45602,0,0,0,0,0
2020-08-02,US,California,Colusa,323,4,0,39.17881957,-122.2331726,6011.0,1499.048591451246,1.238390092879257,319,323,4,0,319,323,21627,0,0,0,0,0
2020-08-02,US,California,Contra Costa,7966,125,0,37.91923498,-121.9289527,6013.0,690.5782791198465,1.5691689681144865,7841,7806,121,0,7685,7670,1150215,160,4,0,156,136
2020-08-02,US,California,Del Norte,88,0,0,41.74228275,-123.89740630000001,6015.0,316.41018265496916,0.0,88,88,0,0,88,88,27828,0,0,0,0,0
2020-08-02,US,California,El Dorado,637,1,0,38.77965956,-120.5233166,6017.0,330.32051980108173,0.15698587127158556,636,637,1,0,636,637,190678,0,0,0,0,0
2020-08-02,US,California,Fresno,15083,138,0,36.75733899,-119.6466953,6019.0,1509.657181806444,0.9149373466816946,14945,14439,138,0,14301,14439,994400,644,0,0,644,0
2020-08-02,US,California,Glenn,325,1,0,39.59875897,-122.3938452,6021.0,1144.64832881344,0.3076923076923077,324,325,1,0,324,325,28047,0,0,0,0,0
2020-08-02,US,California,Humboldt,233,4,0,40.69923009,-123.876044,6023.0,171.88214638752416,1.7167381974248928,229,233,4,0,229,233,136373,0,0,0,0,0
2020-08-02,US,California,Imperial,9409,220,0,33.0393082,-115.36690420000001,6025.0,5192.175040697514,2.3381868423849506,9189,9409,220,0,9189,9366,181827,0,0,0,0,43
2020-08-02,US,California,Inyo,51,1,0,36.51112084,-117.41119779999998,6027.0,282.7207716614003,1.96078431372549,50,51,1,0,50,50,17987,0,0,0,0,1
2020-08-02,US,California,Kern,20545,144,0,35.34329425,-118.72777959999999,6029.0,2282.265535957485,0.7009004623996106,20401,19882,144,0,19738,19335,896764,663,0,0,663,547
2020-08-02,US,California,Kings,4380,56,0,36.07409056,-119.8159973,6031.0,2863.8681836014125,1.2785388127853878,4324,4380,56,0,4324,4146,151366,0,0,0,0,234
2020-08-02,US,California,Lake,195,1,0,39.10124298,-122.75362439999999,6033.0,302.8608703755475,0.5128205128205128,194,195,1,0,194,195,64382,0,0,0,0,0
2020-08-02,US,California,Lassen,631,0,0,40.67311306,-120.59350990000002,6035.0,2063.9126026232293,0.0,631,631,0,0,631,631,30802,0,0,0,0,0
2020-08-02,US,California,Los Angeles,192177,4693,0,34.30828379,-118.22824109999999,6037.0,1914.283810303048,2.442019596517793,187484,190857,4669,0,186188,188541,10105518,1320,24,0,1296,2316
2020-08-02,US,California,Madera,1943,30,0,37.21513971,-119.76655890000002,6039.0,1235.0073413972173,1.5440041173443129,1913,1943,30,0,1913,1943,157672,0,0,0,0,0
2020-08-02,US,California,Marin,4994,70,0,38.07122463,-122.72106310000001,6041.0,1929.4815822212606,1.4016820184221066,4924,4994,70,0,4924,4987,259666,0,0,0,0,7
2020-08-02,US,California,Mariposa,56,2,0,37.57978556,-119.9073334,6043.0,325.52461779922106,3.571428571428572,54,54,2,0,52,53,17471,2,0,0,2,1
2020-08-02,US,California,Mendocino,317,9,0,39.4381191,-123.39113130000001,6045.0,365.42207979342703,2.8391167192429023,308,312,9,0,303,312,87606,5,0,0,5,0
2020-08-02,US,California,Merced,4285,50,0,37.18922369,-120.72090349999999,6047.0,1543.1431864016129,1.166861143523921,4235,4285,50,0,4235,4065,274765,0,0,0,0,220
2020-08-02,US,California,Modoc,2,0,0,41.58965602,-120.7244817,6049.0,22.621875353466802,0.0,2,2,0,0,2,2,8777,0,0,0,0,0
2020-08-02,US,California,Mono,145,1,0,37.93899289,-118.8872409,6051.0,1003.8770423705344,0.6896551724137931,144,142,1,0,141,142,14250,3,0,0,3,0
2020-08-02,US,California,Monterey,4822,30,0,36.21862405,-121.24133970000001,6053.0,1110.9037669820602,0.6221484861053505,4792,4797,30,0,4767,4542,435594,25,0,0,25,255
2020-08-02,US,California,Napa,888,8,0,38.50735751,-122.33283899999999,6055.0,644.6741781856198,0.9009009009009008,880,888,8,0,880,888,139417,0,0,0,0,0
2020-08-02,US,California,Nevada,299,1,0,39.30394768,-120.76272809999999,6057.0,299.7343491554308,0.33444816053511706,298,299,1,0,298,299,99696,0,0,0,0,0
2020-08-02,US,California,Orange,37391,651,0,33.70147516,-117.76459979999998,6059.0,1177.4126710020994,1.7410606830520714,36740,36833,649,0,36184,36196,3185968,558,2,0,556,637
2020-08-02,US,California,Placer,1925,16,0,39.06167234,-120.72405690000001,6061.0,483.26885564445473,0.8311688311688312,1909,1912,15,0,1897,1876,393149,13,1,0,12,36
2020-08-02,US,California,Plumas,33,0,0,40.00355989,-120.8395236,6063.0,175.46658159196045,0.0,33,33,0,0,33,33,18804,0,0,0,0,0
2020-08-02,US,California,Riverside,37011,695,0,33.74314981,-115.9933578,6065.0,1498.0898959177443,1.8778201075355976,36316,37011,695,0,36316,37011,2450758,0,0,0,0,0
2020-08-02,US,California,Sacramento,10067,142,0,38.45106826,-121.34253740000001,6067.0,648.6226674518607,1.4105493195589551,9925,9820,133,0,9687,9820,1540975,247,9,0,238,0
2020-08-02,US,California,San Benito,643,4,0,36.60308176,-121.069975,6069.0,1023.7549356769838,0.6220839813374806,639,622,4,0,618,622,61537,21,0,0,21,0
2020-08-02,US,California,San Bernardino,32980,417,0,34.84060306,-116.1774685,6071.0,1512.7850519589829,1.2644026682838083,32563,32696,417,0,32279,32230,2171603,284,0,0,284,466
2020-08-02,US,California,San Diego,29883,565,0,33.03484597,-116.73653259999999,6073.0,895.1481728888397,1.8907070909881876,29318,29048,561,0,28487,29048,3343364,835,4,0,831,0
2020-08-02,US,California,San Francisco,6811,61,0,37.75215114,-122.43856720000001,6075.0,772.6172907008005,0.8956100425781823,6750,6723,61,0,6662,6575,883305,88,0,0,88,148
2020-08-02,US,California,San Joaquin,11483,168,0,37.93433732,-121.2730061,6077.0,1506.6627479177273,1.4630323086301489,11315,11483,168,0,11315,11483,752660,0,0,0,0,0
2020-08-02,US,California,San Luis Obispo,1783,15,0,35.38822029,-120.4039028,6079.0,629.7883162434522,0.8412787436904094,1768,1783,15,0,1768,1783,284010,0,0,0,0,0
2020-08-02,US,California,San Mateo,5544,119,0,37.422880799999994,-122.32755459999998,6081.0,723.2187932525667,2.146464646464646,5425,5544,119,0,5425,5469,769545,0,0,0,0,75
2020-08-02,US,California,Santa Barbara,6167,60,0,34.65329488,-120.0188492,6083.0,1381.1901034492798,0.9729203826820172,6107,6167,60,0,6107,6167,446527,0,0,0,0,0
2020-08-02,US,California,Santa Clara,10626,191,0,37.23104908,-121.6970462,6085.0,551.1833895962968,1.797477884434406,10435,10321,191,0,10130,9913,1937570,305,0,0,305,408
2020-08-02,US,California,Santa Cruz,1152,4,0,37.05580291,-122.0066524,6087.0,421.6490430543202,0.3472222222222222,1148,1152,4,0,1148,1109,274255,0,0,0,0,43
2020-08-02,US,California,Shasta,369,9,0,40.76391419,-122.0396884,6089.0,204.90892936472682,2.4390243902439024,360,369,9,0,360,369,180040,0,0,0,0,0
2020-08-02,US,California,Sierra,2,0,0,39.57713498,-120.52007009999998,6091.0,66.55574043261231,0.0,2,2,0,0,2,2,2987,0,0,0,0,0
2020-08-02,US,California,Siskiyou,73,0,0,41.59198861,-122.54074340000001,6093.0,167.6657709180275,0.0,73,73,0,0,73,72,43724,0,0,0,0,1
2020-08-02,US,California,Solano,3611,37,0,38.26827353,-121.9357113,6095.0,806.6696005522258,1.0246469122126836,3574,3611,37,0,3574,3611,446610,0,0,0,0,0
2020-08-02,US,California,Sonoma,3055,37,0,38.52746429,-122.88625060000001,6097.0,618.000712066287,1.2111292962356792,3018,2944,37,0,2907,2842,499942,111,0,0,111,102
2020-08-02,US,California,Stanislaus,9061,110,0,37.55862499,-120.9970722,6099.0,1645.479969491156,1.2139940403928926,8951,8890,104,0,8786,8890,549815,171,6,0,165,0
2020-08-02,US,California,Sutter,786,6,0,39.03417539,-121.6945899,6101.0,810.5516082127648,0.7633587786259542,780,768,6,0,762,755,96807,18,0,0,18,13
2020-08-02,US,California,Tehama,234,1,0,40.12570935,-122.23701709999999,6103.0,359.53536967611086,0.4273504273504273,233,234,1,0,233,227,63916,0,0,0,0,7
2020-08-02,US,California,Trinity,5,0,0,40.64917670000001,-123.114713,6105.0,40.7000407000407,0.0,5,5,0,0,5,5,12535,0,0,0,0,0
2020-08-02,US,California,Tulare,9454,178,0,36.22026558,-118.8020203,6107.0,2027.906777206963,1.8828009308229319,9276,9454,178,0,9276,9454,465861,0,0,0,0,0
2020-08-02,US,California,Tuolumne,141,2,0,38.02644018,-119.95250929999999,6109.0,258.82007415837586,1.4184397163120568,139,141,2,0,139,141,54539,0,0,0,0,0
2020-08-02,US,California,Ventura,7344,76,0,34.44465746,-119.09106129999999,6111.0,868.0789497946823,1.0348583877995643,7268,7344,76,0,7268,7344,850967,0,0,0,0,0
2020-08-02,US,California,Yolo,1544,42,0,38.68278902,-121.90182879999999,6113.0,700.2267573696146,2.7202072538860103,1502,1510,41,0,1469,1510,220408,34,1,0,33,0
2020-08-02,US,California,Yuba,485,4,0,39.26255932,-121.35356440000001,6115.0,616.5149743224691,0.8247422680412371,481,471,4,0,467,465,78041,14,0,0,14,6
2020-08-02,US,Colorado,Adams,6090,171,0,39.87432092,-104.3362578,8001.0,1176.9912701649139,2.8078817733990147,5919,6018,171,0,5847,5957,511868,72,0,0,72,61
2020-08-02,US,Colorado,Alamosa,224,9,0,37.57250606,-105.7885451,8003.0,1379.9051315222077,4.017857142857143,215,224,9,0,215,224,16683,0,0,0,0,0
2020-08-02,US,Colorado,Arapahoe,7006,363,0,39.64977461,-104.3353617,8005.0,1067.0281301877883,5.181273194404795,6643,6932,363,0,6569,6877,651215,74,0,0,74,55
2020-08-02,US,Colorado,Archuleta,33,0,0,37.19474156,-107.0476867,8007.0,235.2270297241428,0.0,33,33,0,0,33,32,13765,0,0,0,0,1
2020-08-02,US,Colorado,Baca,14,0,0,37.31940883,-102.5603223,8009.0,390.9522479754258,0.0,14,14,0,0,14,14,3585,0,0,0,0,0
2020-08-02,US,Colorado,Bent,5,0,0,37.95474293,-103.0720195,8011.0,89.65393580778195,0.0,5,5,0,0,5,5,5882,0,0,0,0,0
2020-08-02,US,Colorado,Boulder,1912,75,0,40.09313619,-105.3546767,8013.0,586.1506578866694,3.9225941422594137,1837,1890,75,0,1815,1872,326078,22,0,0,22,18
2020-08-02,US,Colorado,Broomfield,415,32,0,39.95998787,-105.0566324,8014.0,588.9448662456539,7.710843373493977,383,406,32,0,374,398,69267,9,0,0,9,8
2020-08-02,US,Colorado,Chaffee,287,19,0,38.74745778,-106.19265729999998,8015.0,1409.9037138927094,6.620209059233449,268,286,19,0,267,286,20027,1,0,0,1,0
2020-08-02,US,Colorado,Cheyenne,8,0,0,38.82777431,-102.6032558,8017.0,436.9197160021846,0.0,8,8,0,0,8,8,1876,0,0,0,0,0
2020-08-02,US,Colorado,Clear Creek,27,1,0,39.68864463,-105.6463118,8019.0,278.3505154639176,3.703703703703704,26,27,1,0,26,26,9605,0,0,0,0,1
2020-08-02,US,Colorado,Conejos,23,0,0,37.201606,-106.19174879999998,8021.0,280.31687995124923,0.0,23,23,0,0,23,23,8200,0,0,0,0,0
2020-08-02,US,Colorado,Costilla,22,0,0,37.27732493,-105.4276548,8023.0,565.9891947517366,0.0,22,22,0,0,22,22,3828,0,0,0,0,0
2020-08-02,US,Colorado,Crowley,72,1,0,38.32608609,-103.7844965,8025.0,1187.922785018974,1.3888888888888888,71,72,1,0,71,72,5858,0,0,0,0,0
2020-08-02,US,Colorado,Custer,10,0,0,38.10883162,-105.3683478,8027.0,197.3164956590371,0.0,10,10,0,0,10,10,4954,0,0,0,0,0
2020-08-02,US,Colorado,Delta,109,1,0,38.86246243,-107.8631342,8029.0,349.7849945446377,0.9174311926605504,108,105,1,0,104,104,30953,4,0,0,4,1
2020-08-02,US,Colorado,Denver,9777,412,0,39.76018276,-104.8725695,8031.0,1344.4516103304268,4.2139715659200165,9365,9693,413,0,9280,9623,716492,84,-1,0,85,70
2020-08-02,US,Colorado,Dolores,1,0,0,37.75208676,-108.5211585,8033.0,48.661800486618006,0.0,1,1,0,0,1,1,2074,0,0,0,0,0
2020-08-02,US,Colorado,Douglas,1647,59,0,39.33133796,-104.930001,8035.0,469.024986188396,3.5822707953855493,1588,1624,59,0,1565,1616,342776,23,0,0,23,8
2020-08-02,US,Colorado,Eagle,1050,9,0,39.62754308,-106.6933637,8037.0,1904.6928002612146,0.8571428571428571,1041,1041,9,0,1032,1026,54993,9,0,0,9,15
2020-08-02,US,Colorado,El Paso,4584,136,0,38.83240149,-104.5251411,8041.0,636.3105095342468,2.9668411867364752,4448,4541,135,0,4406,4473,713856,43,1,0,42,68
2020-08-02,US,Colorado,Elbert,86,2,0,39.28656773,-104.1358721,8039.0,321.74791425043963,2.3255813953488373,84,85,2,0,83,85,26282,1,0,0,1,0
2020-08-02,US,Colorado,Fremont,111,0,0,38.47362326,-105.4399667,8043.0,232.02826146031484,0.0,111,110,0,0,110,102,48021,1,0,0,1,8
2020-08-02,US,Colorado,Garfield,713,4,0,39.59921777,-107.902708,8045.0,1187.126421471504,0.5610098176718092,709,705,4,0,701,691,59770,8,0,0,8,14
2020-08-02,US,Colorado,Gilpin,16,0,0,39.85646523,-105.5252597,8047.0,256.28704148646483,0.0,16,16,0,0,16,13,6121,0,0,0,0,3
2020-08-02,US,Colorado,Grand,43,1,0,40.10603347,-106.1178042,8049.0,273.29350451252066,2.3255813953488373,42,43,1,0,42,42,15525,0,0,0,0,1
2020-08-02,US,Colorado,Gunnison,254,6,0,38.66611652,-107.0320729,8051.0,1454.5871034245788,2.3622047244094486,248,246,6,0,240,246,17246,8,0,0,8,0
2020-08-02,US,Colorado,Hinsdale,3,0,0,37.82247444,-107.3004345,8053.0,365.8536585365854,0.0,3,3,0,0,3,3,811,0,0,0,0,0
2020-08-02,US,Colorado,Huerfano,6,1,0,37.68473101,-104.9612585,8055.0,86.99434536755109,16.666666666666668,5,6,1,0,5,6,6889,0,0,0,0,0
2020-08-02,US,Colorado,Jackson,8,0,0,40.66593870000001,-106.3408905,8057.0,574.7126436781608,0.0,8,8,0,0,8,8,1399,0,0,0,0,0
2020-08-02,US,Colorado,Jefferson,3949,227,0,39.58635604,-105.2517692,8059.0,677.4967789308623,5.7482907065079765,3722,3915,227,0,3688,3874,580233,34,0,0,34,41
2020-08-02,US,Colorado,Kit Carson,43,3,0,39.30497777,-102.6022199,8063.0,605.8898125968717,6.9767441860465125,40,43,3,0,40,42,7163,0,0,0,0,1
2020-08-02,US,Colorado,La Plata,200,2,0,37.28632032,-107.8429014,8067.0,355.73895875206773,1.0,198,198,2,0,196,197,56310,2,0,0,2,1
2020-08-02,US,Colorado,Lake,71,0,0,39.20278823,-106.3555697,8065.0,873.6311061892458,0.0,71,70,0,0,70,70,7824,1,0,0,1,0
2020-08-02,US,Colorado,Larimer,1401,35,0,40.66671597,-105.4625784,8069.0,392.54803179611037,2.498215560314061,1366,1376,35,0,1341,1359,350518,25,0,0,25,17
2020-08-02,US,Colorado,Las Animas,15,0,0,37.3153406,-104.0376458,8071.0,103.40548738453056,0.0,15,15,0,0,15,15,14503,0,0,0,0,0
2020-08-02,US,Colorado,Lincoln,6,0,0,38.98749519,-103.5136649,8073.0,105.24469391334854,0.0,6,6,0,0,6,6,5610,0,0,0,0,0
2020-08-02,US,Colorado,Logan,648,5,0,40.7249637,-103.110817,8075.0,2891.695300995136,0.7716049382716049,643,647,5,0,642,647,21528,1,0,0,1,0
2020-08-02,US,Colorado,Mesa,267,3,0,39.01787888,-108.469799,8077.0,173.14052266389987,1.1235955056179776,264,260,3,0,257,255,153207,7,0,0,7,5
2020-08-02,US,Colorado,Mineral,18,0,0,37.66954283,-106.9281698,8079.0,2340.702210663199,0.0,18,18,0,0,18,18,776,0,0,0,0,0
2020-08-02,US,Colorado,Moffat,25,1,0,40.61810999,-108.2070876,8081.0,188.21049461717982,4.0,24,25,1,0,24,24,13188,0,0,0,0,1
2020-08-02,US,Colorado,Montezuma,108,4,0,37.33859579,-108.5958857,8083.0,412.4813810487721,3.703703703703704,104,108,4,0,104,107,26158,0,0,0,0,1
2020-08-02,US,Colorado,Montrose,279,13,0,38.40214114,-108.26390220000002,8085.0,652.509471911689,4.659498207885305,266,278,13,0,265,274,42214,1,0,0,1,4
2020-08-02,US,Colorado,Morgan,677,46,0,40.26279810000001,-103.8093302,8087.0,2329.0216045135544,6.794682422451994,631,676,46,0,630,674,28558,1,0,0,1,2
2020-08-02,US,Colorado,Otero,56,6,0,37.9014485,-103.7173385,8089.0,306.37925374767485,10.714285714285714,50,54,6,0,48,52,18432,2,0,0,2,2
2020-08-02,US,Colorado,Ouray,12,1,0,38.14717457,-107.7675136,8091.0,242.3263327948304,8.333333333333334,11,12,1,0,11,12,4833,0,0,0,0,0
2020-08-02,US,Colorado,Park,41,1,0,39.120926,-105.7182065,8093.0,217.5643406739188,2.4390243902439024,40,41,1,0,40,42,18556,0,0,0,0,-1
2020-08-02,US,Colorado,Phillips,19,0,0,40.59414277,-102.3577703,8095.0,445.48651817116064,0.0,19,19,0,0,19,19,4286,0,0,0,0,0
2020-08-02,US,Colorado,Pitkin,169,2,0,39.21720112,-106.9310027,8097.0,951.2016660100186,1.183431952662722,167,168,2,0,166,166,17950,1,0,0,1,2
2020-08-02,US,Colorado,Prowers,48,0,0,37.95544985,-102.3926052,8099.0,394.34768320736123,0.0,48,48,0,0,48,47,12164,0,0,0,0,1
2020-08-02,US,Colorado,Pueblo,613,34,0,38.17359144,-104.5127437,8101.0,363.9623806583385,5.5464926590538335,579,611,34,0,577,597,167529,2,0,0,2,14
2020-08-02,US,Colorado,Rio Blanco,7,0,0,39.97913541,-108.2179009,8103.0,110.68943706514864,0.0,7,7,0,0,7,6,6336,0,0,0,0,1
2020-08-02,US,Colorado,Rio Grande,87,2,0,37.5836865,-106.3847838,8105.0,772.1665039495872,2.2988505747126435,85,87,2,0,85,87,11250,0,0,0,0,0
2020-08-02,US,Colorado,Routt,107,6,0,40.48596505,-106.9905548,8107.0,417.3492472111709,5.607476635514018,101,106,6,0,100,99,25733,1,0,0,1,7
2020-08-02,US,Colorado,Saguache,107,2,0,38.08054629,-106.282466,8109.0,1567.9953106682299,1.8691588785046729,105,107,2,0,105,107,6843,0,0,0,0,0
2020-08-02,US,Colorado,San Juan,2,0,0,37.76248981,-107.67632890000002,8111.0,274.72527472527474,0.0,2,2,0,0,2,2,762,0,0,0,0,0
2020-08-02,US,Colorado,San Miguel,76,0,0,38.00450883,-108.4020725,8113.0,929.2089497493581,0.0,76,76,0,0,76,73,8191,0,0,0,0,3
2020-08-02,US,Colorado,Sedgwick,11,1,0,40.87595412,-102.3519227,8115.0,489.32384341637015,9.090909090909092,10,11,1,0,10,11,2303,0,0,0,0,0
2020-08-02,US,Colorado,Summit,323,4,0,39.63803232,-106.1150762,8117.0,1041.565895972397,1.238390092879257,319,322,4,0,318,322,31007,1,0,0,1,0
2020-08-02,US,Colorado,Teller,113,3,0,38.88133511,-105.1614893,8119.0,445.0921695289113,2.6548672566371683,110,112,3,0,109,110,25083,1,0,0,1,2
2020-08-02,US,Colorado,Washington,47,0,0,39.97015535,-103.202587,8121.0,957.6202118989404,0.0,47,47,0,0,47,47,4909,0,0,0,0,0
2020-08-02,US,Colorado,Weld,3546,141,0,40.55499405,-104.3929621,8123.0,1092.7850301394178,3.976311336717428,3405,3525,141,0,3384,3503,314305,21,0,0,21,22
2020-08-02,US,Colorado,Yuma,62,0,0,40.00346839,-102.4258673,8125.0,618.8242339554846,0.0,62,62,0,0,62,62,10020,0,0,0,0,0
2020-08-02,US,Connecticut,Fairfield,17793,1406,0,41.26809896,-73.3881171,9001.0,1886.1864115709,7.901983926263138,16387,17793,1406,0,16387,17793,943823,0,0,0,0,0
2020-08-02,US,Connecticut,Hartford,12645,1412,0,41.80283011,-72.73103891,9003.0,1418.0460234154218,11.166468960063266,11233,12645,1412,0,11233,12645,892697,0,0,0,0,0
2020-08-02,US,Connecticut,Litchfield,1597,138,0,41.7937534,-73.2451475,9005.0,885.5838920219818,8.641202254226675,1459,1597,138,0,1459,1597,181111,0,0,0,0,0
2020-08-02,US,Connecticut,Middlesex,1377,191,0,41.45949668,-72.53714864,9007.0,847.7184860498904,13.870733478576614,1186,1377,191,0,1186,1377,162682,0,0,0,0,0
2020-08-02,US,Connecticut,New Haven,13041,1101,0,41.408032500000004,-72.93620426,9009.0,1525.6967769787204,8.442604094778007,11940,13041,1101,0,11940,13041,857620,0,0,0,0,0
2020-08-02,US,Connecticut,New London,1402,103,0,41.48896435,-72.10430976,9011.0,528.6456565839385,7.3466476462196875,1299,1402,103,0,1299,1402,266784,0,0,0,0,0
2020-08-02,US,Connecticut,Tolland,1019,66,0,41.85853803,-72.3308481,9013.0,676.0836247105581,6.47693817468106,953,1019,66,0,953,1019,150921,0,0,0,0,0
2020-08-02,US,Connecticut,Unassigned,243,0,0,0.0,0.0,90009.0,0.0,0.0,243,243,0,0,243,243,,0,0,0,0,0
2020-08-02,US,Connecticut,Windham,693,15,0,41.82972709,-71.98182316,9015.0,593.41336849857,2.1645021645021645,678,693,15,0,678,693,117027,0,0,0,0,0
2020-08-02,US,Delaware,Kent,2199,107,0,39.08646628,-75.56884914,10001.0,1216.3552487471375,4.8658481127785365,2092,2183,107,0,2076,2167,178550,16,0,0,16,16
2020-08-02,US,Delaware,New Castle,6868,287,0,39.57992638,-75.64054974,10003.0,1229.1656599606624,4.178800232964473,6581,6843,287,0,6556,6794,559335,25,0,0,25,49
2020-08-02,US,Delaware,Sussex,5656,191,0,38.66143781,-75.39031349,10005.0,2414.772120823994,3.376944837340877,5465,5630,191,0,5439,5608,229286,26,0,0,26,22
2020-08-02,US,Delaware,Unassigned,226,0,0,0.0,0.0,90010.0,0.0,0.0,226,221,0,0,221,219,,5,0,0,5,2
2020-08-02,US,District of Columbia,District of Columbia,12057,584,0,38.90417773,-77.01655992,11001.0,1708.39774480729,4.8436592850626194,11473,12057,584,0,11473,12057,702455,0,0,0,0,0
2020-08-02,US,Florida,Alachua,3662,23,0,29.67866525,-82.35928158,12001.0,1361.12071304587,0.6280720917531404,3639,3590,21,0,3569,3526,269956,72,2,0,70,64
2020-08-02,US,Florida,Baker,386,4,0,30.33060121,-82.28467476,12003.0,1321.4652516261556,1.0362694300518134,382,371,4,0,367,356,28355,15,0,0,15,15
2020-08-02,US,Florida,Bay,3673,21,0,30.26548745,-85.62122584,12005.0,2102.401190578404,0.5717397222978492,3652,3620,21,0,3599,3475,185287,53,0,0,53,145
2020-08-02,US,Florida,Bradford,337,4,0,29.95079741,-82.16611613,12007.0,1194.9930853515832,1.1869436201780414,333,332,4,0,328,325,27732,5,0,0,5,7
2020-08-02,US,Florida,Brevard,5587,117,0,28.29409504,-80.73091022,12009.0,928.1625139963652,2.09414712725971,5470,5521,115,0,5406,5420,596849,66,2,0,64,101
2020-08-02,US,Florida,Broward,57975,745,0,26.15184651,-80.48725556,12011.0,2968.8474573146564,1.2850366537300562,57230,56797,742,0,56055,55411,1951260,1178,3,0,1175,1386
2020-08-02,US,Florida,Calhoun,319,7,0,30.40666734,-85.19394153,12013.0,2261.609358383552,2.19435736677116,312,287,7,0,280,281,14587,32,0,0,32,6
2020-08-02,US,Florida,Charlotte,2024,89,0,26.90131002,-81.92949121,12015.0,1071.4096659785082,4.3972332015810265,1935,1984,89,0,1895,1946,184998,40,0,0,40,38
2020-08-02,US,Florida,Citrus,1291,30,0,28.84804315,-82.47614748,12017.0,862.6392350508162,2.323780015491866,1261,1228,29,0,1199,1205,147929,63,1,0,62,23
2020-08-02,US,Florida,Clay,2908,48,0,29.98319144,-81.85609986,12019.0,1326.3276959845293,1.6506189821182944,2860,2853,48,0,2805,2808,216072,55,0,0,55,45
2020-08-02,US,Florida,Collier,9734,124,0,26.11091986,-81.34687065,12021.0,2528.955422419213,1.2738853503184713,9610,9662,124,0,9538,9581,378488,72,0,0,72,81
2020-08-02,US,Florida,Columbia,2572,10,0,30.22509788,-82.62160164,12023.0,3587.869318974417,0.3888024883359253,2562,2550,10,0,2540,2476,70503,22,0,0,22,74
2020-08-02,US,Florida,DeSoto,1292,15,0,27.18677893,-81.80941373,12027.0,3399.910528670298,1.1609907120743037,1277,1285,15,0,1270,1264,37489,7,0,0,7,21
2020-08-02,US,Florida,Dixie,272,4,0,29.60631086,-83.15724673,12029.0,1616.5458219422324,1.4705882352941178,268,264,4,0,260,252,16700,8,0,0,8,12
2020-08-02,US,Florida,Duval,21665,158,0,30.33225875,-81.66976468,12031.0,2262.0607566653266,0.7292868682206324,21507,21322,157,0,21165,21038,950181,343,1,0,342,284
2020-08-02,US,Florida,Escambia,8007,97,0,30.67652764,-87.37284571,12033.0,2515.424923660765,1.2114399900087425,7910,7908,97,0,7811,7738,315534,99,0,0,99,170
2020-08-02,US,Florida,Flagler,930,10,0,29.45933576,-81.31508595,12035.0,808.1264500656059,1.075268817204301,920,919,10,0,909,901,112067,11,0,0,11,18
2020-08-02,US,Florida,Franklin,130,2,0,29.83791238,-84.82731662,12037.0,1072.1649484536083,1.5384615384615383,128,116,2,0,114,108,11736,14,0,0,14,8
2020-08-02,US,Florida,Gadsden,1552,20,0,30.57796289,-84.61915825,12039.0,3399.036355672361,1.2886597938144329,1532,1437,19,0,1418,1347,45894,115,1,0,114,90
2020-08-02,US,Florida,Gilchrist,334,3,0,29.72856978,-82.79880657,12041.0,1797.4383812291464,0.8982035928143712,331,329,3,0,326,309,18256,5,0,0,5,20
2020-08-02,US,Florida,Glades,391,3,0,26.95635849,-81.18996211,12043.0,2831.076678010281,0.7672634271099744,388,391,3,0,388,389,13724,0,0,0,0,2
2020-08-02,US,Florida,Gulf,379,2,0,29.93543004,-85.24270990000002,12045.0,2778.796099420779,0.5277044854881267,377,373,2,0,371,336,16164,6,0,0,6,37
2020-08-02,US,Florida,Hamilton,587,3,0,30.49673973,-82.94998918,12047.0,4068.477959523149,0.5110732538330494,584,574,3,0,571,570,14310,13,0,0,13,4
2020-08-02,US,Florida,Hardee,857,7,0,27.49293939,-81.80956574,12049.0,3181.4975684003416,0.8168028004667445,850,841,7,0,834,833,27245,16,0,0,16,8
2020-08-02,US,Florida,Hendry,1652,37,0,26.55386945,-81.16469006,12051.0,3931.274094521917,2.2397094430992737,1615,1649,36,0,1613,1632,41556,3,1,0,2,17
2020-08-02,US,Florida,Hernando,1749,33,0,28.55364461,-82.42700204,12053.0,901.9183168316832,1.8867924528301887,1716,1707,33,0,1674,1674,190865,42,0,0,42,33
2020-08-02,US,Florida,Highlands,1252,29,0,27.34254618,-81.34071957,12055.0,1178.6746500221236,2.31629392971246,1223,1197,29,0,1168,1163,105424,55,0,0,55,34
2020-08-02,US,Florida,Hillsborough,30118,347,0,27.9276559,-82.32013172,12057.0,2046.1042631361554,1.1521349359187196,29771,29589,341,0,29248,29116,1436888,529,6,0,523,473
2020-08-02,US,Florida,Holmes,445,2,0,30.86747479,-85.81319222,12059.0,2268.4406382219504,0.44943820224719105,443,433,2,0,431,422,19477,12,0,0,12,11
2020-08-02,US,Florida,Indian River,2302,48,0,27.69308961,-80.60556721,12061.0,1439.4427318146859,2.0851433536055604,2254,2270,48,0,2222,2204,157413,32,0,0,32,66
2020-08-02,US,Florida,Jackson,1613,33,0,30.795459700000002,-85.21500423,12063.0,3475.244538285862,2.045877247365158,1580,1588,32,0,1556,1566,48305,25,1,0,24,22
2020-08-02,US,Florida,Jefferson,344,5,0,30.43669112,-83.89442308,12065.0,2414.712901867191,1.4534883720930232,339,337,5,0,332,229,14288,7,0,0,7,108
2020-08-02,US,Florida,Lafayette,110,1,0,29.98484137,-83.18166636,12067.0,1306.1030634053668,0.9090909090909092,109,111,1,0,110,102,8732,-1,0,0,-1,9
2020-08-02,US,Florida,Lake,4661,51,0,28.76202069,-81.7125123,12069.0,1269.6190325726336,1.094185797039262,4610,4612,51,0,4561,4516,356495,49,0,0,49,96
2020-08-02,US,Florida,Lee,15674,300,0,26.58410348,-81.88399313,12071.0,2034.0601912592767,1.913997703202756,15374,15551,300,0,15251,15416,754610,123,0,0,123,135
2020-08-02,US,Florida,Leon,4387,14,0,30.45955727,-84.27491114,12073.0,1494.3014217492898,0.3191246865739685,4373,4294,14,0,4280,4171,292502,93,0,0,93,123
2020-08-02,US,Florida,Levy,595,3,0,29.31829741,-82.74007147,12075.0,1433.631303761174,0.5042016806722689,592,583,3,0,580,575,40770,12,0,0,12,8
2020-08-02,US,Florida,Liberty,409,2,0,30.23766008,-84.8829258,12077.0,4895.858271486713,0.4889975550122249,407,399,2,0,397,370,8457,10,0,0,10,29
2020-08-02,US,Florida,Madison,643,7,0,30.44396917,-83.47398594,12079.0,3476.991294003137,1.088646967340591,636,618,7,0,611,604,18529,25,0,0,25,14
2020-08-02,US,Florida,Manatee,8733,186,0,27.47196942,-82.31831044,12081.0,2165.637949376694,2.1298522844383374,8547,8655,185,0,8470,8517,394855,78,1,0,77,138
2020-08-02,US,Florida,Marion,5173,61,0,29.21227113,-82.05803627,12083.0,1415.015632736016,1.1791996907017204,5112,5069,61,0,5008,4892,359977,104,0,0,104,177
2020-08-02,US,Florida,Martin,3637,78,0,27.0772071,-80.43109784,12085.0,2259.0062111801244,2.1446246906791306,3559,3626,75,0,3551,3591,160912,11,3,0,8,35
2020-08-02,US,Florida,Miami-Dade,122690,1669,0,25.6112362,-80.55170587,12086.0,4515.741974427113,1.3603390659385444,121021,121207,1647,0,119560,118462,2761581,1483,22,0,1461,2745
2020-08-02,US,Florida,Monroe,1357,11,0,25.20904673,-81.07812416,12087.0,1828.1511020100231,0.8106116433308771,1346,1325,9,0,1316,1300,75027,32,2,0,30,25
2020-08-02,US,Florida,Nassau,1104,10,0,30.61037141,-81.80297522,12089.0,1245.6981664315938,0.9057971014492754,1094,1079,10,0,1069,1054,85832,25,0,0,25,25
2020-08-02,US,Florida,Okaloosa,2931,30,0,30.69143028,-86.59267105,12091.0,1390.8265239301886,1.0235414534288638,2901,2850,30,0,2820,2765,207269,81,0,0,81,85
2020-08-02,US,Florida,Okeechobee,945,6,0,27.386336199999995,-80.88944347,12093.0,2241.035856573705,0.6349206349206349,939,920,6,0,914,893,41537,25,0,0,25,27
2020-08-02,US,Florida,Orange,29699,234,0,28.51367621,-81.31799498,12095.0,2131.3256574320467,0.7879053166773292,29465,29466,232,0,29234,29011,1380645,233,2,0,231,455
2020-08-02,US,Florida,Osceola,8782,80,0,28.06312234,-81.14882926,12097.0,2337.186062046409,0.9109542245502164,8702,8649,79,0,8570,8470,367990,133,1,0,132,179
2020-08-02,US,Florida,Palm Beach,34226,833,0,26.64676272,-80.46536002,12099.0,2286.6572686518302,2.433822240402033,33393,33854,833,0,33021,33274,1485941,372,0,0,372,580
2020-08-02,US,Florida,Pasco,6479,97,0,28.30810945,-82.40227529,12101.0,1169.606478598133,1.4971446210835004,6382,6394,96,0,6298,6299,539630,85,1,0,84,95
2020-08-02,US,Florida,Pinellas,16774,439,0,27.93130349,-82.72239666,12103.0,1720.4173145325726,2.6171455824490284,16335,16604,437,0,16167,16356,975280,170,2,0,168,248
2020-08-02,US,Florida,Polk,12991,271,0,27.95027105,-81.69732947,12105.0,1792.4133906015231,2.0860595797090293,12720,12735,269,0,12466,12488,708009,256,2,0,254,247
2020-08-02,US,Florida,Putnam,1368,19,0,29.60779729,-81.74230285,12107.0,1835.7241582909514,1.3888888888888888,1349,1317,16,0,1301,1301,74163,51,3,0,48,16
2020-08-02,US,Florida,Santa Rosa,3454,24,0,30.69341450000001,-87.02458128,12113.0,1873.9860997325202,0.6948465547191662,3430,3399,24,0,3375,3336,179349,55,0,0,55,63
2020-08-02,US,Florida,Sarasota,5724,121,0,27.18546175,-82.33174248,12115.0,1319.6785185663366,2.1139063591893783,5603,5672,121,0,5551,5588,426718,52,0,0,52,84
2020-08-02,US,Florida,Seminole,6639,87,0,28.7158582,-81.24060348,12117.0,1407.0865107052175,1.3104383190239497,6552,6566,84,0,6482,6487,467832,73,3,0,70,79
2020-08-02,US,Florida,St. Johns,3323,29,0,29.90096506,-81.43589967,12109.0,1255.516261637045,0.8727053866987662,3294,3264,28,0,3236,3216,254261,59,1,0,58,48
2020-08-02,US,Florida,St. Lucie,5210,124,0,27.37763908,-80.47106649,12111.0,1586.9776452419608,2.3800383877159312,5086,5106,125,0,4981,5002,321128,104,-1,0,105,104
2020-08-02,US,Florida,Sumter,1131,32,0,28.70181754,-82.0794267,12119.0,854.100589034889,2.8293545534924847,1099,1091,32,0,1059,1077,128754,40,0,0,40,14
2020-08-02,US,Florida,Suwannee,1171,32,0,30.19746066,-82.99099670000003,12121.0,2636.3779633923946,2.7327070879590094,1139,1155,32,0,1123,1131,44191,16,0,0,16,24
2020-08-02,US,Florida,Taylor,372,3,0,30.04848048,-83.60445406,12123.0,1724.6974824980296,0.8064516129032258,369,360,3,0,357,330,21623,12,0,0,12,30
2020-08-02,US,Florida,Unassigned,633,0,0,0.0,0.0,90012.0,0.0,0.0,633,601,0,0,601,570,,32,0,0,32,31
2020-08-02,US,Florida,Union,225,4,0,30.04412971,-82.37497443,12125.0,1476.6686355581808,1.7777777777777777,221,218,4,0,214,215,14940,7,0,0,7,3
2020-08-02,US,Florida,Volusia,7097,115,0,29.05858895,-81.18263252,12127.0,1282.7047230716955,1.6204029871776806,6982,6959,113,0,6846,6834,547538,138,2,0,136,125
2020-08-02,US,Florida,Wakulla,611,4,0,30.16548905,-84.39895211,12129.0,1810.9606093837992,0.6546644844517185,607,598,4,0,594,572,32461,13,0,0,13,26
2020-08-02,US,Florida,Walton,1245,13,0,30.64204028,-86.16935664,12131.0,1680.8197540197918,1.0441767068273091,1232,1239,13,0,1226,1205,71375,6,0,0,6,34
2020-08-02,US,Florida,Washington,590,14,0,30.61359259,-85.66002461,12133.0,2316.1779138695874,2.3728813559322037,576,558,14,0,544,495,24880,32,0,0,32,63
2020-08-02,US,Georgia,Appling,594,16,0,31.74847232,-82.28909114,13001.0,3230.719025345372,2.6936026936026938,578,586,16,0,570,555,18507,8,0,0,8,31
2020-08-02,US,Georgia,Atkinson,293,2,0,31.29633502,-82.87545866,13003.0,3588.487446417637,0.6825938566552902,291,289,2,0,287,283,8297,4,0,0,4,6
2020-08-02,US,Georgia,Bacon,415,6,0,31.55456473,-82.45936528,13005.0,3717.305625223934,1.4457831325301205,409,410,6,0,404,404,11185,5,0,0,5,6
2020-08-02,US,Georgia,Baker,58,3,0,31.32669878,-84.44218806,13007.0,1909.1507570770245,5.172413793103448,55,58,3,0,55,55,3092,0,0,0,0,3
2020-08-02,US,Georgia,Baldwin,965,38,0,33.06882326,-83.24701748,13009.0,2149.6992648696814,3.937823834196891,927,943,38,0,905,917,44823,22,0,0,22,26
2020-08-02,US,Georgia,Banks,242,3,0,34.35607081,-83.49644388,13011.0,1258.1886243111155,1.2396694214876034,239,241,3,0,238,235,18988,1,0,0,1,6
2020-08-02,US,Georgia,Barrow,1112,32,0,33.99148694,-83.71436292,13013.0,1335.8962037481979,2.8776978417266186,1080,1096,32,0,1064,1061,80809,16,0,0,16,35
2020-08-02,US,Georgia,Bartow,1607,60,0,34.23732119,-84.83887523,13015.0,1491.5814290222575,3.73366521468575,1547,1583,59,0,1524,1545,106408,24,1,0,23,38
2020-08-02,US,Georgia,Ben Hill,346,3,0,31.76095874,-83.22145359,13017.0,2071.8562874251497,0.8670520231213873,343,343,3,0,340,335,16787,3,0,0,3,8
2020-08-02,US,Georgia,Berrien,261,0,0,31.27590016,-83.22529920000002,13019.0,1345.568902407589,0.0,261,259,0,0,259,256,19252,2,0,0,2,3
2020-08-02,US,Georgia,Bibb,3150,61,0,32.80904227,-83.70489165,13021.0,2056.6861888625544,1.9365079365079363,3089,3107,61,0,3046,3052,153095,43,0,0,43,55
2020-08-02,US,Georgia,Bleckley,132,3,0,32.43829035,-83.33035166,13023.0,1025.4020041948263,2.272727272727273,129,129,3,0,126,127,12838,3,0,0,3,2
2020-08-02,US,Georgia,Brantley,224,4,0,31.19576557,-81.97743999,13025.0,1172.222512952012,1.7857142857142858,220,224,4,0,220,219,18897,0,0,0,0,5
2020-08-02,US,Georgia,Brooks,371,15,0,30.83922642,-83.58303423,13027.0,2400.2070259429383,4.043126684636119,356,370,15,0,355,364,15513,1,0,0,1,6
2020-08-02,US,Georgia,Bryan,551,7,0,32.00979311,-81.44002948,13029.0,1390.4660963484494,1.2704174228675136,544,546,7,0,539,530,38109,5,0,0,5,16
2020-08-02,US,Georgia,Bulloch,1101,12,0,32.39577406,-81.74811421,13031.0,1383.0268314742236,1.0899182561307903,1089,1093,12,0,1081,1055,77296,8,0,0,8,38
2020-08-02,US,Georgia,Burke,408,7,0,33.05917989,-81.99928721,13033.0,1822.8119555019434,1.7156862745098038,401,400,7,0,393,390,22423,8,0,0,8,10
2020-08-02,US,Georgia,Butts,465,37,0,33.283094500000004,-83.95435040000002,13035.0,1864.7738209817126,7.956989247311827,428,463,37,0,426,460,24193,2,0,0,2,3
2020-08-02,US,Georgia,Calhoun,194,6,0,31.53169785,-84.62725131,13037.0,3134.593633866537,3.0927835051546397,188,193,6,0,187,189,6352,1,0,0,1,4
2020-08-02,US,Georgia,Camden,670,4,0,30.92951916,-81.66601818,13039.0,1225.6247027402776,0.5970149253731343,666,634,4,0,630,607,53677,36,0,0,36,27
2020-08-02,US,Georgia,Candler,229,4,0,32.40209349,-82.07702563,13043.0,2119.781542164213,1.7467248908296944,225,223,4,0,219,211,10836,6,0,0,6,12
2020-08-02,US,Georgia,Carroll,1737,47,0,33.58138199,-85.07976677,13045.0,1447.5965064337622,2.7058146229130684,1690,1701,47,0,1654,1687,118121,36,0,0,36,14
2020-08-02,US,Georgia,Catoosa,540,9,0,34.89872298,-85.13757014,13047.0,799.0529742527374,1.6666666666666667,531,539,9,0,530,527,67420,1,0,0,1,12
2020-08-02,US,Georgia,Charlton,380,3,0,30.78371028,-82.13951596,13049.0,2837.5149342891277,0.7894736842105263,377,377,3,0,374,348,12968,3,0,0,3,29
2020-08-02,US,Georgia,Chatham,4960,67,0,32.00043026,-81.12489526,13051.0,1713.7131603496528,1.3508064516129032,4893,4911,67,0,4844,4808,289195,49,0,0,49,103
2020-08-02,US,Georgia,Chattahoochee,660,1,0,32.34341231,-84.78809239,13053.0,6051.1598056294115,0.15151515151515152,659,660,1,0,659,594,10684,0,0,0,0,66
2020-08-02,US,Georgia,Chattooga,198,2,0,34.47197698,-85.34535662,13055.0,798.7413772237686,1.0101010101010102,196,187,2,0,185,175,24790,11,0,0,11,12
2020-08-02,US,Georgia,Cherokee,2853,56,0,34.24393976,-84.47431861,13057.0,1102.5106947015338,1.9628461268839816,2797,2791,56,0,2735,2743,254149,62,0,0,62,48
2020-08-02,US,Georgia,Clarke,1717,17,0,33.95436462,-83.37124007,13059.0,1337.9464042203365,0.99009900990099,1700,1694,17,0,1677,1665,127330,23,0,0,23,29
2020-08-02,US,Georgia,Clay,80,2,0,31.62221166,-84.97713865,13061.0,2822.8652081863092,2.5,78,76,2,0,74,72,2887,4,0,0,4,4
2020-08-02,US,Georgia,Clayton,4518,101,0,33.54187245,-84.35594188,13063.0,1545.9049600350374,2.235502434705622,4417,4468,100,0,4368,4413,289615,50,1,0,49,55
2020-08-02,US,Georgia,Clinch,174,4,0,30.91395822,-82.70432472,13065.0,2629.193109700816,2.2988505747126435,170,172,4,0,168,169,6648,2,0,0,2,3
2020-08-02,US,Georgia,Cobb,11690,298,0,33.94243204,-84.5761255,13067.0,1537.8725789031243,2.549187339606501,11392,11436,298,0,11138,11206,756865,254,0,0,254,230
2020-08-02,US,Georgia,Coffee,1341,25,0,31.54892966,-82.85492059999999,13069.0,3098.930048760197,1.864280387770321,1316,1324,25,0,1299,1299,43093,17,0,0,17,25
2020-08-02,US,Georgia,Colquitt,1481,22,0,31.18810588,-83.7677946,13071.0,3247.8070175438597,1.4854827819041188,1459,1473,22,0,1451,1454,45592,8,0,0,8,19
2020-08-02,US,Georgia,Columbia,1919,19,0,33.54534185,-82.263524,13073.0,1224.523654555432,0.99009900990099,1900,1848,19,0,1829,1793,154291,71,0,0,71,55
2020-08-02,US,Georgia,Cook,402,6,0,31.16068491,-83.42947229,13075.0,2327.7359583092066,1.492537313432836,396,397,6,0,391,394,17162,5,0,0,5,3
2020-08-02,US,Georgia,Coweta,1338,21,0,33.35334302,-84.76129976,13077.0,900.9554976466072,1.5695067264573992,1317,1313,21,0,1292,1296,145864,25,0,0,25,17
2020-08-02,US,Georgia,Crawford,89,0,0,32.71391813,-83.98061238,13079.0,717.5104804901645,0.0,89,90,0,0,90,88,12318,-1,0,0,-1,2
2020-08-02,US,Georgia,Crisp,363,14,0,31.92289565,-83.76811843,13081.0,1622.5639191846951,3.8567493112947657,349,361,14,0,347,358,22601,2,0,0,2,3
2020-08-02,US,Georgia,Dade,110,1,0,34.854916700000004,-85.50490424,13083.0,682.5515016133036,0.9090909090909092,109,109,1,0,108,107,16226,1,0,0,1,2
2020-08-02,US,Georgia,Dawson,298,3,0,34.44244079,-84.16964071,13085.0,1141.4125938409684,1.0067114093959733,295,295,3,0,292,290,25083,3,0,0,3,5
2020-08-02,US,Georgia,DeKalb,12476,225,0,33.76944049,-84.22396017,13089.0,1643.0988137711593,1.8034626482847067,12251,12348,225,0,12123,12127,756558,128,0,0,128,221
2020-08-02,US,Georgia,Decatur,666,8,0,30.87967778,-84.57619536,13087.0,2522.3450992273897,1.2012012012012012,658,630,8,0,622,604,26575,36,0,0,36,26
2020-08-02,US,Georgia,Dodge,189,3,0,32.17265114,-83.16948926,13091.0,917.2530939092453,1.5873015873015872,186,188,3,0,185,186,20705,1,0,0,1,2
2020-08-02,US,Georgia,Dooly,242,14,0,32.15630737,-83.79746561,13093.0,1807.3188946975354,5.785123966942148,228,242,14,0,228,239,13706,0,0,0,0,3
2020-08-02,US,Georgia,Dougherty,2602,168,0,31.53328528,-84.21722377,13095.0,2958.297330483424,6.456571867794005,2434,2589,168,0,2421,2571,91243,13,0,0,13,18
2020-08-02,US,Georgia,Douglas,2317,49,0,33.70291126,-84.77026156,13097.0,1583.2667090328885,2.114803625377644,2268,2279,49,0,2230,2245,145331,38,0,0,38,34
2020-08-02,US,Georgia,Early,346,31,0,31.32155345,-84.90255207,13099.0,3395.485770363101,8.959537572254336,315,346,31,0,315,342,10247,0,0,0,0,4
2020-08-02,US,Georgia,Echols,218,2,0,30.71101099,-82.89687287,13101.0,5441.8372441338,0.9174311926605504,216,218,2,0,216,220,4000,0,0,0,0,-2
2020-08-02,US,Georgia,Effingham,631,1,0,32.36616021,-81.34280942,13103.0,981.3985317904692,0.15847860538827258,630,626,1,0,625,614,62190,5,0,0,5,12
2020-08-02,US,Georgia,Elbert,323,1,0,34.11302332,-82.83936148,13105.0,1682.817547150151,0.30959752321981426,322,323,1,0,322,318,19120,0,0,0,0,5
2020-08-02,US,Georgia,Emanuel,426,7,0,32.59221302,-82.30239915,13107.0,1881.1269098295504,1.6431924882629108,419,409,7,0,402,391,22612,17,0,0,17,18
2020-08-02,US,Georgia,Evans,220,1,0,32.15328841,-81.8870105,13109.0,2064.952130655153,0.4545454545454545,219,210,1,0,209,202,10721,10,0,0,10,8
2020-08-02,US,Georgia,Fannin,281,2,0,34.86430205,-84.316964,13111.0,1073.0105391782497,0.7117437722419929,279,270,2,0,268,266,25964,11,0,0,11,4
2020-08-02,US,Georgia,Fayette,970,25,0,33.41357794,-84.49089434,13113.0,847.7464801041768,2.5773195876288657,945,949,25,0,924,918,113459,21,0,0,21,31
2020-08-02,US,Georgia,Floyd,1266,15,0,34.26268279,-85.21577392,13115.0,1285.3052853865054,1.1848341232227488,1251,1243,15,0,1228,1206,97927,23,0,0,23,37
2020-08-02,US,Georgia,Forsyth,1926,20,0,34.22604035,-84.12315129999998,13117.0,788.5298789774495,1.038421599169263,1906,1898,19,0,1879,1858,236612,28,1,0,27,40
2020-08-02,US,Georgia,Franklin,365,4,0,34.37525597,-83.23159927,13119.0,1563.2361128956272,1.095890410958904,361,354,4,0,350,350,23023,11,0,0,11,4
2020-08-02,US,Georgia,Fulton,18079,398,0,33.79216944,-84.46319413,13121.0,1699.2547491063851,2.2014491951988493,17681,17858,398,0,17460,17646,1050114,221,0,0,221,212
2020-08-02,US,Georgia,Gilmer,512,3,0,34.69316688,-84.45802506,13123.0,1632.1846408875006,0.5859375,509,491,3,0,488,484,30816,21,0,0,21,7
2020-08-02,US,Georgia,Glascock,22,0,0,33.22879932,-82.61297636,13125.0,740.4914170313026,0.0,22,22,0,0,22,21,2995,0,0,0,0,1
2020-08-02,US,Georgia,Glynn,2311,34,0,31.23279254,-81.53811412,13127.0,2709.515546592881,1.4712245781047166,2277,2281,29,0,2252,2250,85219,30,5,0,25,31
2020-08-02,US,Georgia,Gordon,1014,23,0,34.50487351,-84.87296253,13129.0,1749.391853423736,2.268244575936884,991,1001,23,0,978,985,57685,13,0,0,13,16
2020-08-02,US,Georgia,Grady,407,5,0,30.87454847,-84.23418364,13131.0,1652.255104940527,1.2285012285012284,402,400,5,0,395,394,24748,7,0,0,7,6
2020-08-02,US,Georgia,Greene,248,11,0,33.5769205,-83.17139104,13133.0,1353.4162846540055,4.435483870967742,237,247,11,0,236,236,17698,1,0,0,1,11
2020-08-02,US,Georgia,Gwinnett,17781,240,0,33.96044201,-84.02137802,13135.0,1899.1722296395194,1.3497553568415726,17541,17511,240,0,17271,17130,927781,270,0,0,270,381
2020-08-02,US,Georgia,Habersham,1037,48,0,34.63331566,-83.53094677,13137.0,2287.769149311684,4.628736740597878,989,1026,48,0,978,1011,45388,11,0,0,11,15
2020-08-02,US,Georgia,Hall,5523,79,0,34.32207823,-83.81896936,13139.0,2701.5129059239584,1.4303820387470578,5444,5482,79,0,5403,5372,202148,41,0,0,41,110
2020-08-02,US,Georgia,Hancock,282,34,0,33.2721566,-82.99766919,13141.0,3334.515785739624,12.05673758865248,248,281,34,0,247,280,8348,1,0,0,1,1
2020-08-02,US,Georgia,Haralson,192,6,0,33.79602175,-85.21005667,13143.0,644.468313641246,3.125,186,191,6,0,185,189,29533,1,0,0,1,2
2020-08-02,US,Georgia,Harris,620,16,0,32.73709786,-84.90538572,13145.0,1759.5640821886707,2.5806451612903225,604,616,16,0,600,607,34475,4,0,0,4,9
2020-08-02,US,Georgia,Hart,266,2,0,34.34626973,-82.96567682,13147.0,1015.0734592634993,0.7518796992481203,264,263,2,0,261,255,26099,3,0,0,3,8
2020-08-02,US,Georgia,Heard,130,3,0,33.29686567,-85.12886832,13149.0,1090.3296150297742,2.3076923076923075,127,129,3,0,126,128,11879,1,0,0,1,1
2020-08-02,US,Georgia,Henry,2987,42,0,33.4533428,-84.14814659999998,13151.0,1273.4427291834536,1.4060930699698695,2945,2954,41,0,2913,2895,230220,33,1,0,32,59
2020-08-02,US,Georgia,Houston,1785,49,0,32.45802497,-83.66879087,13153.0,1130.727276182513,2.7450980392156863,1736,1746,49,0,1697,1714,155469,39,0,0,39,32
2020-08-02,US,Georgia,Irwin,156,1,0,31.60213036,-83.27501387,13155.0,1656.7544604927782,0.6410256410256411,155,153,1,0,152,152,9398,3,0,0,3,1
2020-08-02,US,Georgia,Jackson,950,13,0,34.13794553,-83.56814788,13157.0,1301.7800128807708,1.368421052631579,937,936,13,0,923,912,70422,14,0,0,14,24
2020-08-02,US,Georgia,Jasper,124,1,0,33.31535543,-83.68844964,13159.0,872.0725789436667,0.8064516129032258,123,123,1,0,122,121,14040,1,0,0,1,2
2020-08-02,US,Georgia,Jeff Davis,394,6,0,31.80405727,-82.63724870000001,13161.0,2606.6821038703274,1.5228426395939083,388,366,6,0,360,349,15029,28,0,0,28,17
2020-08-02,US,Georgia,Jefferson,434,6,0,33.05867328,-82.41609057,13163.0,2825.152974873064,1.3824884792626728,428,422,6,0,416,417,15430,12,0,0,12,5
2020-08-02,US,Georgia,Jenkins,230,22,0,32.79248718,-81.96040187,13165.0,2650.9912402028585,9.565217391304348,208,230,22,0,208,225,8683,0,0,0,0,5
2020-08-02,US,Georgia,Johnson,227,10,0,32.70211082,-82.66166794,13167.0,2354.039199419268,4.405286343612334,217,221,10,0,211,215,9708,6,0,0,6,6
2020-08-02,US,Georgia,Jones,261,3,0,33.02512137,-83.56019163,13169.0,908.2999825996174,1.1494252873563218,258,258,3,0,255,253,28616,3,0,0,3,5
2020-08-02,US,Georgia,Lamar,223,9,0,33.07841647,-84.14263877,13171.0,1168.9468994076638,4.035874439461884,214,221,9,0,212,219,19000,2,0,0,2,2
2020-08-02,US,Georgia,Lanier,215,4,0,31.03828570000001,-83.06472457,13173.0,2062.745850522882,1.8604651162790695,211,214,4,0,210,212,10340,1,0,0,1,2
2020-08-02,US,Georgia,Laurens,749,4,0,32.46325233,-82.92221316,13175.0,1575.3165355655576,0.5340453938584779,745,727,4,0,723,706,47325,22,0,0,22,21
2020-08-02,US,Georgia,Lee,515,22,0,31.779330600000005,-84.14324253,13177.0,1717.1245665510805,4.271844660194175,493,506,22,0,484,501,29764,9,0,0,9,5
2020-08-02,US,Georgia,Liberty,605,2,0,31.82588896,-81.49251135,13179.0,984.7806624888092,0.3305785123966942,603,594,2,0,592,575,61497,11,0,0,11,19
2020-08-02,US,Georgia,Lincoln,129,4,0,33.79201475,-82.45024131,13181.0,1628.5822497159452,3.1007751937984502,125,125,4,0,121,124,7915,4,0,0,4,1
2020-08-02,US,Georgia,Long,123,1,0,31.75218791,-81.74952375,13183.0,628.8665064676109,0.8130081300813008,122,122,1,0,121,114,18998,1,0,0,1,8
2020-08-02,US,Georgia,Lowndes,2971,32,0,30.83568832,-83.27056716,13185.0,2530.535066350953,1.0770784247728038,2939,2931,32,0,2899,2894,116321,40,0,0,40,37
2020-08-02,US,Georgia,Lumpkin,301,6,0,34.57286511,-84.00425681,13187.0,895.5667955965488,1.9933554817275747,295,301,6,0,295,291,32955,0,0,0,0,10
2020-08-02,US,Georgia,Macon,175,10,0,32.35207048,-84.04234127,13193.0,1351.6644782575113,5.7142857142857135,165,174,10,0,164,171,13143,1,0,0,1,3
2020-08-02,US,Georgia,Madison,335,4,0,34.12920917,-83.21218732,13195.0,1121.1512717536814,1.1940298507462686,331,326,4,0,322,321,29650,9,0,0,9,5
2020-08-02,US,Georgia,Marion,143,4,0,32.3483402,-84.52733571,13197.0,1710.7309486780716,2.797202797202797,139,142,4,0,138,136,8351,1,0,0,1,6
2020-08-02,US,Georgia,McDuffie,293,9,0,33.47851918,-82.48252774,13189.0,1374.8123123123125,3.0716723549488054,284,286,9,0,277,280,21531,7,0,0,7,6
2020-08-02,US,Georgia,McIntosh,150,2,0,31.49683595,-81.40163426,13191.0,1043.260536931423,1.3333333333333333,148,147,2,0,145,145,14340,3,0,0,3,2
2020-08-02,US,Georgia,Meriwether,355,5,0,33.04163534,-84.68859732,13199.0,1677.1389426938156,1.4084507042253518,350,347,5,0,342,347,21068,8,0,0,8,0
2020-08-02,US,Georgia,Miller,130,0,0,31.16568912,-84.73151117,13201.0,2273.5222105631337,0.0,130,130,0,0,130,125,5686,0,0,0,0,5
2020-08-02,US,Georgia,Mitchell,619,41,0,31.22483255,-84.19381821,13205.0,2831.267438137493,6.623586429725362,578,609,41,0,568,604,22192,10,0,0,10,5
2020-08-02,US,Georgia,Monroe,423,23,0,33.014289,-83.92097166,13207.0,1533.8313148161578,5.4373522458628845,400,416,23,0,393,408,27520,7,0,0,7,8
2020-08-02,US,Georgia,Montgomery,129,1,0,32.17201038,-82.53527476,13209.0,1406.4544265154818,0.7751937984496124,128,128,0,0,128,124,9193,1,1,0,0,4
2020-08-02,US,Georgia,Morgan,219,0,0,33.59232073,-83.49129491,13211.0,1136.1278273500727,0.0,219,216,0,0,216,191,18853,3,0,0,3,25
2020-08-02,US,Georgia,Murray,535,2,0,34.78897608,-84.74993177,13213.0,1334.2976855546688,0.37383177570093457,533,527,2,0,525,520,39921,8,0,0,8,7
2020-08-02,US,Georgia,Muscogee,4307,82,0,32.50931999,-84.87142262,13215.0,2200.041886100455,1.9038774088692825,4225,4259,82,0,4177,4201,194160,48,0,0,48,58
2020-08-02,US,Georgia,Newton,1596,35,0,33.55514538,-83.84547140000002,13217.0,1428.2646048109964,2.1929824561403506,1561,1566,35,0,1531,1533,109541,30,0,0,30,33
2020-08-02,US,Georgia,Oconee,394,15,0,33.83749973,-83.43679568,13219.0,978.1529294935452,3.807106598984772,379,387,15,0,372,378,39272,7,0,0,7,9
2020-08-02,US,Georgia,Oglethorpe,187,7,0,33.878629600000004,-83.08278123,13221.0,1225.506258601481,3.7433155080213902,180,184,7,0,177,181,15054,3,0,0,3,3
2020-08-02,US,Georgia,Out of GA,15621,82,0,0.0,0.0,80013.0,0.0,0.5249343832020997,15539,15178,81,0,15097,15010,,443,1,0,442,168
2020-08-02,US,Georgia,Paulding,1430,19,0,33.91969522,-84.86848792,13223.0,847.8244114142067,1.3286713286713288,1411,1401,19,0,1382,1370,164044,29,0,0,29,31
2020-08-02,US,Georgia,Peach,326,12,0,32.56934316,-83.82937,13225.0,1183.474914688158,3.6809815950920246,314,318,12,0,306,308,27297,8,0,0,8,10
2020-08-02,US,Georgia,Pickens,290,5,0,34.46589159,-84.46406611,13227.0,889.8162069282931,1.7241379310344829,285,276,5,0,271,274,31980,14,0,0,14,2
2020-08-02,US,Georgia,Pierce,378,6,0,31.35928155,-82.21598442,13229.0,1941.9470845106605,1.5873015873015872,372,376,6,0,370,373,19389,2,0,0,2,3
2020-08-02,US,Georgia,Pike,192,4,0,33.09310242,-84.38790389,13231.0,1012.5514186267272,2.083333333333333,188,187,4,0,183,186,18634,5,0,0,5,1
2020-08-02,US,Georgia,Polk,675,9,0,34.00267074,-85.18677781,13233.0,1584.0236547532447,1.3333333333333333,666,664,6,0,658,637,42470,11,3,0,8,27
2020-08-02,US,Georgia,Pulaski,86,2,0,32.23334561,-83.47549959999998,13235.0,772.2007722007722,2.3255813953488373,84,85,2,0,83,81,11069,1,0,0,1,4
2020-08-02,US,Georgia,Putnam,381,17,0,33.32056115,-83.37552891,13237.0,1722.5010172250104,4.461942257217848,364,377,17,0,360,364,21809,4,0,0,4,13
2020-08-02,US,Georgia,Quitman,29,1,0,31.86728114,-85.01773177,13239.0,1261.418007829491,3.4482758620689653,28,29,1,0,28,29,2279,0,0,0,0,0
2020-08-02,US,Georgia,Rabun,191,3,0,34.88389445,-83.40304637,13241.0,1114.547470385715,1.5706806282722514,188,190,3,0,187,186,16867,1,0,0,1,4
2020-08-02,US,Georgia,Randolph,259,26,0,31.76622818,-84.75732369,13243.0,3821.186190616701,10.038610038610038,233,259,26,0,233,257,6833,0,0,0,0,2
2020-08-02,US,Georgia,Richmond,3719,83,0,33.35777107,-82.07026432,13245.0,1836.3799761008893,2.231782737294972,3636,3588,83,0,3505,3482,201554,131,0,0,131,106
2020-08-02,US,Georgia,Rockdale,1169,16,0,33.65145002,-84.02202167,13247.0,1286.0851962682627,1.3686911890504705,1153,1152,16,0,1136,1122,90594,17,0,0,17,30
2020-08-02,US,Georgia,Schley,51,1,0,32.2654021,-84.31258912,13249.0,970.135058017881,1.96078431372549,50,50,1,0,49,49,5236,1,0,0,1,1
2020-08-02,US,Georgia,Screven,173,9,0,32.74976524,-81.60779441,13251.0,1238.7226120578548,5.202312138728324,164,172,9,0,163,167,13938,1,0,0,1,5
2020-08-02,US,Georgia,Seminole,145,2,0,30.93464824,-84.86823924,13253.0,1792.336217552534,1.3793103448275863,143,144,2,0,142,135,8315,1,0,0,1,9
2020-08-02,US,Georgia,Spalding,861,39,0,33.26310031,-84.28013991,13255.0,1290.7965158988352,4.529616724738676,822,846,39,0,807,837,66100,15,0,0,15,9
2020-08-02,US,Georgia,Stephens,556,10,0,34.55151201,-83.29405315,13257.0,2144.6480231436835,1.7985611510791366,546,547,10,0,537,542,26035,9,0,0,9,5
2020-08-02,US,Georgia,Stewart,248,5,0,32.07996777,-84.83208037,13259.0,3745.657755626039,2.0161290322580645,243,247,5,0,242,245,6199,1,0,0,1,2
2020-08-02,US,Georgia,Sumter,729,56,0,32.03650571,-84.19821492,13261.0,2469.177618208915,7.681755829903978,673,724,56,0,668,717,29733,5,0,0,5,7
2020-08-02,US,Georgia,Talbot,126,3,0,32.69642758,-84.53351366,13263.0,2033.8983050847453,2.380952380952381,123,126,3,0,123,122,6272,0,0,0,0,4
2020-08-02,US,Georgia,Taliaferro,13,0,0,33.56543317,-82.88136816,13265.0,845.8035133376708,0.0,13,12,0,0,12,12,1608,1,0,0,1,0
2020-08-02,US,Georgia,Tattnall,416,1,0,32.04785085,-82.05539188,13267.0,1645.1791505180731,0.2403846153846154,415,407,1,0,406,394,25391,9,0,0,9,13
2020-08-02,US,Georgia,Taylor,70,2,0,32.55792548,-84.25077141,13269.0,872.8179551122197,2.8571428571428568,68,69,2,0,67,69,8039,1,0,0,1,0
2020-08-02,US,Georgia,Telfair,253,7,0,31.92829517,-82.93491155,13271.0,1595.2080706179067,2.766798418972332,246,251,7,0,244,251,15876,2,0,0,2,0
2020-08-02,US,Georgia,Terrell,292,30,0,31.77527543,-84.44069698,13273.0,3422.810924862267,10.273972602739725,262,291,30,0,261,289,8611,1,0,0,1,2
2020-08-02,US,Georgia,Thomas,997,39,0,30.86392347,-83.91847289,13275.0,2242.91916942251,3.9117352056168495,958,982,39,0,943,943,44448,15,0,0,15,39
2020-08-02,US,Georgia,Tift,1246,35,0,31.45743864,-83.5236119,13277.0,3065.643145359709,2.808988764044944,1211,1241,35,0,1206,1220,40571,5,0,0,5,21
2020-08-02,US,Georgia,Toombs,632,6,0,32.12059861,-82.32957247,13279.0,2355.572120760343,0.9493670886075948,626,622,6,0,616,592,26887,10,0,0,10,30
2020-08-02,US,Georgia,Towns,115,1,0,34.91369188,-83.74107459999998,13281.0,955.3875550386307,0.8695652173913043,114,111,1,0,110,107,11852,4,0,0,4,4
2020-08-02,US,Georgia,Treutlen,99,3,0,32.40422134,-82.56904553,13283.0,1434.5746993189387,3.0303030303030303,96,96,3,0,93,89,6809,3,0,0,3,7
2020-08-02,US,Georgia,Troup,2169,63,0,33.03349196,-85.02812115,13285.0,3102.027974028203,2.904564315352697,2106,2159,63,0,2096,2158,70034,10,0,0,10,1
2020-08-02,US,Georgia,Turner,225,18,0,31.71612656,-83.62069378,13287.0,2817.783343769568,8.0,207,224,18,0,206,222,7912,1,0,0,1,2
2020-08-02,US,Georgia,Twiggs,93,3,0,32.67435595,-83.43078662,13289.0,1145.320197044335,3.2258064516129035,90,93,3,0,90,93,8188,0,0,0,0,0
2020-08-02,US,Georgia,Unassigned,2471,6,0,0.0,0.0,90013.0,0.0,0.24281667341157426,2465,2377,6,0,2371,2311,,94,0,0,94,66
2020-08-02,US,Georgia,Union,218,6,0,34.82995757,-83.98967069,13291.0,889.3965974460448,2.7522935779816518,212,205,6,0,199,197,24001,13,0,0,13,8
2020-08-02,US,Georgia,Upson,484,46,0,32.87920671,-84.30024826,13293.0,1838.9057750759878,9.504132231404961,438,481,46,0,435,471,26215,3,0,0,3,10
2020-08-02,US,Georgia,Walker,553,16,0,34.73376362,-85.30165174,13295.0,792.7065265692868,2.8933092224231465,537,548,16,0,532,539,69410,5,0,0,5,9
2020-08-02,US,Georgia,Walton,955,34,0,33.78017694,-83.73552314,13297.0,1009.5884473481124,3.56020942408377,921,934,34,0,900,900,93503,21,0,0,21,34
2020-08-02,US,Georgia,Ware,1077,23,0,31.05449097,-82.42224148,13299.0,3013.9363071584485,2.1355617455896008,1054,1073,23,0,1050,1055,35680,4,0,0,4,18
2020-08-02,US,Georgia,Warren,55,0,0,33.41146451,-82.67795848,13301.0,1046.8214693566806,0.0,55,55,0,0,55,53,5251,0,0,0,0,2
2020-08-02,US,Georgia,Washington,421,2,0,32.96711864,-82.79357039,13303.0,2066.3590851084714,0.4750593824228028,419,410,2,0,408,400,20386,11,0,0,11,10
2020-08-02,US,Georgia,Wayne,622,4,0,31.5521809,-81.91894878,13305.0,2078.390750827012,0.6430868167202572,618,615,4,0,611,559,29808,7,0,0,7,56
2020-08-02,US,Georgia,Webster,36,2,0,32.04066113,-84.54742852,13307.0,1380.8975834292291,5.5555555555555545,34,36,2,0,34,36,2611,0,0,0,0,0
2020-08-02,US,Georgia,Wheeler,83,1,0,32.12009104,-82.72574721,13309.0,1056.6518141311267,1.2048192771084338,82,84,1,0,83,84,7879,-1,0,0,-1,0
2020-08-02,US,Georgia,White,301,5,0,34.64624278,-83.74905525,13311.0,977.3361906617313,1.6611295681063123,296,299,5,0,294,292,29970,2,0,0,2,7
2020-08-02,US,Georgia,Whitfield,3204,27,0,34.80987459,-84.96093476,13313.0,3062.2777841495586,0.8426966292134831,3177,3135,26,0,3109,3061,104062,69,1,0,68,74
2020-08-02,US,Georgia,Wilcox,166,18,0,31.97496928,-83.43438555,13315.0,1922.408801389693,10.843373493975903,148,164,18,0,146,161,8812,2,0,0,2,3
2020-08-02,US,Georgia,Wilkes,177,3,0,33.78290391,-82.74286107,13317.0,1810.3712795335998,1.6949152542372878,174,176,3,0,173,176,9876,1,0,0,1,0
2020-08-02,US,Georgia,Wilkinson,182,10,0,32.80291082,-83.17140684,13319.0,2032.6111235202145,5.494505494505495,172,178,10,0,168,172,9036,4,0,0,4,6
2020-08-02,US,Georgia,Worth,424,23,0,31.55162306,-83.85090513,13321.0,2094.1374030720604,5.4245283018867925,401,421,23,0,398,418,20299,3,0,0,3,3
2020-08-02,US,Hawaii,Hawaii,115,0,0,19.60121157,-155.5210167,15001.0,57.06827847334911,0.0,115,115,0,0,115,115,200983,0,0,0,0,0
2020-08-02,US,Hawaii,Honolulu,1886,19,0,21.45803166,-157.97121819999995,15003.0,193.52263527345082,1.0074231177094382,1867,1842,19,0,1823,1755,980080,44,0,0,44,87
2020-08-02,US,Hawaii,Kauai,47,0,0,22.03935037,-159.5966786,15007.0,65.01321013099471,0.0,47,47,0,0,47,47,72133,0,0,0,0,0
2020-08-02,US,Hawaii,Maui,171,6,0,20.86399628,-156.56890969999995,15009.0,102.14016497727232,3.5087719298245608,165,170,6,0,164,171,167207,1,0,0,1,-1
2020-08-02,US,Hawaii,Out of HI,23,1,0,0.0,0.0,80015.0,0.0,4.3478260869565215,22,23,1,0,22,23,,0,0,0,0,0
2020-08-02,US,Idaho,Ada,8004,62,0,43.4526575,-116.24155159999998,16001.0,1662.0049959820346,0.7746126936531734,7942,8004,62,0,7942,7828,469966,0,0,0,0,176
2020-08-02,US,Idaho,Adams,18,0,0,44.89333571,-116.4545247,16003.0,419.18956683744767,0.0,18,18,0,0,18,18,4250,0,0,0,0,0
2020-08-02,US,Idaho,Bannock,302,2,0,42.67002716,-112.2233311,16005.0,343.93221574344017,0.6622516556291391,300,302,2,0,300,301,87138,0,0,0,0,1
2020-08-02,US,Idaho,Bear Lake,6,0,0,42.28269683,-111.32892379999998,16007.0,97.95918367346935,0.0,6,6,0,0,6,6,6050,0,0,0,0,0
2020-08-02,US,Idaho,Benewah,51,0,0,47.21754179,-116.6586851,16009.0,548.5050548505055,0.0,51,51,0,0,51,50,9226,0,0,0,0,1
2020-08-02,US,Idaho,Bingham,179,2,0,43.21672879999999,-112.3978437,16011.0,382.38875477985937,1.11731843575419,177,179,2,0,177,176,46236,0,0,0,0,3
2020-08-02,US,Idaho,Blaine,569,6,0,43.4085812,-113.9752658,16013.0,2471.656313800443,1.054481546572935,563,569,6,0,563,568,22601,0,0,0,0,1
2020-08-02,US,Idaho,Boise,38,1,0,43.98829931,-115.7309284,16015.0,485.2509258076874,2.631578947368421,37,38,1,0,37,38,7634,0,0,0,0,0
2020-08-02,US,Idaho,Bonner,152,0,0,48.29996017,-116.6017932,16017.0,332.320339316557,0.0,152,152,0,0,152,145,44727,0,0,0,0,7
2020-08-02,US,Idaho,Bonneville,709,2,0,43.38713372,-111.6161537,16019.0,595.488065041743,0.2820874471086037,707,709,2,0,707,685,116854,0,0,0,0,24
2020-08-02,US,Idaho,Boundary,33,0,0,48.76684761,-116.4630179,16021.0,269.49775418538184,0.0,33,33,0,0,33,33,11948,0,0,0,0,0
2020-08-02,US,Idaho,Camas,1,0,0,43.46665742,-114.8065892,16025.0,90.41591320072331,0.0,1,1,0,0,1,1,1127,0,0,0,0,0
2020-08-02,US,Idaho,Canyon,4778,37,0,43.61970148,-116.70954990000001,16027.0,2078.7560528868953,0.7743825868564252,4741,4778,37,0,4741,4706,223499,0,0,0,0,72
2020-08-02,US,Idaho,Caribou,23,0,0,42.77149116,-111.5597683,16029.0,321.45352900069884,0.0,23,23,0,0,23,23,7060,0,0,0,0,0
2020-08-02,US,Idaho,Cassia,472,1,0,42.28347888,-113.6012409,16031.0,1964.2114024136497,0.21186440677966098,471,472,1,0,471,461,23864,0,0,0,0,11
2020-08-02,US,Idaho,Clark,1,0,0,44.28496071,-112.35057040000001,16033.0,118.3431952662722,0.0,1,1,0,0,1,1,852,0,0,0,0,0
2020-08-02,US,Idaho,Clearwater,15,0,0,46.67459924,-115.6622393,16035.0,171.31110095934216,0.0,15,15,0,0,15,15,8758,0,0,0,0,0
2020-08-02,US,Idaho,Custer,7,0,0,44.24186819,-114.2855494,16037.0,162.22479721900348,0.0,7,7,0,0,7,7,4280,0,0,0,0,0
2020-08-02,US,Idaho,Elmore,200,3,0,43.3507101,-115.4701578,16039.0,726.9819344989278,1.5,197,200,3,0,197,197,27259,0,0,0,0,3
2020-08-02,US,Idaho,Franklin,47,0,0,42.18332217,-111.81496659999999,16041.0,338.7143268953589,0.0,47,47,0,0,47,47,13726,0,0,0,0,0
2020-08-02,US,Idaho,Fremont,50,0,0,44.22800938,-111.48099429999999,16043.0,381.7085273685013,0.0,50,50,0,0,50,45,13168,0,0,0,0,5
2020-08-02,US,Idaho,Gem,151,0,0,44.06482372,-116.398376,16045.0,833.701413427562,0.0,151,151,0,0,151,150,17634,0,0,0,0,1
2020-08-02,US,Idaho,Gooding,134,1,0,42.96927962,-114.81083059999999,16047.0,882.7986033335527,0.746268656716418,133,134,1,0,133,131,15196,0,0,0,0,3
2020-08-02,US,Idaho,Idaho,29,0,0,45.84721541,-115.4634436,16049.0,173.99652006959857,0.0,29,29,0,0,29,29,16513,0,0,0,0,0
2020-08-02,US,Idaho,Jefferson,135,1,0,43.82078483,-112.3131749,16051.0,451.9433564326606,0.7407407407407407,134,135,1,0,134,131,29439,0,0,0,0,4
2020-08-02,US,Idaho,Jerome,420,6,0,42.68891267,-114.2655033,16053.0,1720.4653449123382,1.4285714285714286,414,420,6,0,414,414,24015,0,0,0,0,6
2020-08-02,US,Idaho,Kootenai,1574,13,0,47.67282258,-116.7020872,16055.0,949.9266733857584,0.8259212198221093,1561,1574,13,0,1561,1538,161505,0,0,0,0,36
2020-08-02,US,Idaho,Latah,79,0,0,46.81587887,-116.71136979999999,16057.0,196.96818589807518,0.0,79,79,0,0,79,78,40134,0,0,0,0,1
2020-08-02,US,Idaho,Lemhi,12,0,0,44.9438088,-113.9309747,16059.0,149.4954528466426,0.0,12,12,0,0,12,12,7961,0,0,0,0,0
2020-08-02,US,Idaho,Lewis,1,0,0,46.23315327,-116.434146,16061.0,26.055237102657642,0.0,1,1,0,0,1,1,3861,0,0,0,0,0
2020-08-02,US,Idaho,Lincoln,50,0,0,43.0012336,-114.1358773,16063.0,931.7927692881103,0.0,50,50,0,0,50,50,5360,0,0,0,0,0
2020-08-02,US,Idaho,Madison,132,0,0,43.78141028,-111.65384740000002,16065.0,330.7690380133812,0.0,132,132,0,0,132,131,39304,0,0,0,0,1
2020-08-02,US,Idaho,Minidoka,428,2,0,42.85518524,-113.6357257,16067.0,2034.3172204002087,0.4672897196261682,426,428,2,0,426,419,20825,0,0,0,0,9
2020-08-02,US,Idaho,Nez Perce,130,19,0,46.32638236,-116.75009750000001,16069.0,321.7184715897842,14.615384615384615,111,130,19,0,111,130,40408,0,0,0,0,0
2020-08-02,US,Idaho,Oneida,8,0,0,42.19494279999999,-112.5407838,16071.0,176.5614654601633,0.0,8,8,0,0,8,8,4488,0,0,0,0,0
2020-08-02,US,Idaho,Owyhee,232,1,0,42.58016894,-116.16938710000001,16073.0,1962.2769178719445,0.4310344827586207,231,232,1,0,231,227,11693,0,0,0,0,5
2020-08-02,US,Idaho,Payette,326,2,0,44.00545243,-116.7647695,16075.0,1361.1122708863934,0.6134969325153374,324,326,2,0,324,323,23551,0,0,0,0,3
2020-08-02,US,Idaho,Power,42,0,0,42.69254894,-112.83957420000002,16077.0,546.8038015883349,0.0,42,42,0,0,42,41,7768,0,0,0,0,1
2020-08-02,US,Idaho,Shoshone,73,2,0,47.35364087,-115.89167490000001,16079.0,566.6821922061791,2.7397260273972597,71,73,2,0,71,67,12796,0,0,0,0,6
2020-08-02,US,Idaho,Teton,58,0,0,43.75303583,-111.2056773,16081.0,477.6807774666448,0.0,58,58,0,0,58,57,11640,0,0,0,0,1
2020-08-02,US,Idaho,Twin Falls,1206,31,0,42.35440512,-114.6685381,16083.0,1388.1535026128595,2.5704809286898844,1175,1206,31,0,1175,1199,86081,0,0,0,0,7
2020-08-02,US,Idaho,Valley,46,1,0,44.76728382,-115.5676773,16085.0,403.7921348314607,2.1739130434782608,45,46,1,0,45,46,11041,0,0,0,0,0
2020-08-02,US,Idaho,Washington,189,2,0,44.45275475,-116.78476880000001,16087.0,1854.031783402001,1.058201058201058,187,189,2,0,187,183,10161,0,0,0,0,6
2020-08-02,US,Illinois,Adams,424,2,0,39.98815591,-91.18786813,17001.0,647.9712691984413,0.4716981132075472,422,410,1,0,409,393,65691,14,1,0,13,17
2020-08-02,US,Illinois,Alexander,36,0,0,37.18049267,-89.32910838,17003.0,624.8915118902968,0.0,36,36,0,0,36,35,6060,0,0,0,0,1
2020-08-02,US,Illinois,Bond,54,2,0,38.88829622,-89.43534887,17005.0,328.74710824302934,3.703703703703704,52,49,2,0,47,48,16630,5,0,0,5,1
2020-08-02,US,Illinois,Boone,728,23,0,42.32359279,-88.82345779,17007.0,1359.629463618706,3.1593406593406588,705,727,23,0,704,722,53577,1,0,0,1,5
2020-08-02,US,Illinois,Brown,13,0,0,39.96209138,-90.75068024,17009.0,197.6284584980237,0.0,13,13,0,0,13,13,6556,0,0,0,0,0
2020-08-02,US,Illinois,Bureau,141,2,0,41.40385234,-89.5283051,17011.0,432.1441706509747,1.4184397163120568,139,132,2,0,130,123,32993,9,0,0,9,9
2020-08-02,US,Illinois,Calhoun,7,0,0,39.16840183,-90.66330078,17013.0,147.71048744460856,0.0,7,7,0,0,7,6,4802,0,0,0,0,1
2020-08-02,US,Illinois,Carroll,45,3,0,42.06823429,-89.93395545,17015.0,314.57532331352667,6.666666666666668,42,44,3,0,41,43,14312,1,0,0,1,1
2020-08-02,US,Illinois,Cass,202,11,0,39.96991073,-90.24734436,17017.0,1662.9620482423645,5.445544554455446,191,198,11,0,187,192,12260,4,0,0,4,6
2020-08-02,US,Illinois,Champaign,1544,19,0,40.13919438,-88.20046615,17019.0,736.3285627763022,1.2305699481865284,1525,1513,19,0,1494,1486,209983,31,0,0,31,27
2020-08-02,US,Illinois,Christian,113,4,0,39.54581621,-89.27780482,17021.0,349.8018821198613,3.5398230088495577,109,111,4,0,107,101,32661,2,0,0,2,10
2020-08-02,US,Illinois,Clark,66,0,0,39.33425789,-87.78705622,17023.0,427.4334563823586,0.0,66,66,0,0,66,66,15596,0,0,0,0,0
2020-08-02,US,Illinois,Clay,14,0,0,38.75388572,-88.48914513,17025.0,106.18932038834951,0.0,14,13,0,0,13,12,13253,1,0,0,1,1
2020-08-02,US,Illinois,Clinton,338,17,0,38.60704876,-89.42385254,17027.0,899.8455886268034,5.029585798816568,321,333,17,0,316,330,37639,5,0,0,5,3
2020-08-02,US,Illinois,Coles,399,19,0,39.51949084,-88.22358557,17029.0,788.2104265028348,4.761904761904762,380,385,19,0,366,367,50885,14,0,0,14,18
2020-08-02,US,Illinois,Cook,106713,4894,0,41.84144849,-87.81658794,17031.0,2072.0033443147136,4.586132898522204,101819,106131,4888,0,101243,105493,5180493,582,6,0,576,638
2020-08-02,US,Illinois,Crawford,29,0,0,39.0032229,-87.75954624,17033.0,155.354368671988,0.0,29,29,0,0,29,29,18807,0,0,0,0,0
2020-08-02,US,Illinois,Cumberland,46,2,0,39.27432424,-88.2401158,17035.0,427.2710384543935,4.3478260869565215,44,46,2,0,44,46,10808,0,0,0,0,0
2020-08-02,US,Illinois,De Witt,29,0,0,40.17514519,-88.90959682,17039.0,185.4457091699706,0.0,29,27,0,0,27,27,15769,2,0,0,2,0
2020-08-02,US,Illinois,DeKalb,846,29,0,41.89373302,-88.76958483,17037.0,806.5054291352469,3.4278959810874703,817,827,29,0,798,808,104143,19,0,0,19,19
2020-08-02,US,Illinois,Douglas,102,2,0,39.76768052,-88.21854195,17041.0,524.0174672489081,1.96078431372549,100,102,2,0,100,103,19479,0,0,0,0,-1
2020-08-02,US,Illinois,DuPage,11470,510,0,41.85116968,-88.08642662,17043.0,1242.7932618284774,4.446381865736704,10960,11380,510,0,10870,11267,928589,90,0,0,90,113
2020-08-02,US,Illinois,Edgar,26,0,0,39.6809186,-87.74759563,17045.0,151.50632247538022,0.0,26,25,0,0,25,25,17360,1,0,0,1,0
2020-08-02,US,Illinois,Edwards,13,0,0,38.41353228,-88.05720863,17047.0,203.28381548084442,0.0,13,13,0,0,13,12,6392,0,0,0,0,1
2020-08-02,US,Illinois,Effingham,113,1,0,39.05935711,-88.58969584,17049.0,332.27475888026345,0.8849557522123894,112,95,1,0,94,83,34208,18,0,0,18,12
2020-08-02,US,Illinois,Fayette,55,3,0,39.00072038,-89.02452658,17051.0,257.78027746531683,5.454545454545454,52,54,3,0,51,53,21416,1,0,0,1,1
2020-08-02,US,Illinois,Ford,41,1,0,40.59706922,-88.22350769,17053.0,316.3336162333153,2.4390243902439024,40,39,1,0,38,38,13264,2,0,0,2,1
2020-08-02,US,Illinois,Franklin,129,0,0,37.99189086,-88.92567818,17055.0,335.334945020666,0.0,129,118,0,0,118,116,38701,11,0,0,11,2
2020-08-02,US,Illinois,Fulton,26,0,0,40.47289135,-90.20862357,17057.0,75.71345369831101,0.0,26,25,0,0,25,24,34844,1,0,0,1,1
2020-08-02,US,Illinois,Gallatin,45,0,0,37.76430935,-88.22953869,17059.0,932.062966031483,0.0,45,43,0,0,43,42,5058,2,0,0,2,1
2020-08-02,US,Illinois,Greene,19,0,0,39.35907414,-90.388865,17061.0,146.5031999383144,0.0,19,19,0,0,19,17,13044,0,0,0,0,2
2020-08-02,US,Illinois,Grundy,281,5,0,41.28569601,-88.41905692,17063.0,550.3976182081717,1.7793594306049825,276,274,5,0,269,269,50972,7,0,0,7,5
2020-08-02,US,Illinois,Hamilton,22,0,0,38.08163641,-88.53883373,17065.0,271.06949236076883,0.0,22,20,0,0,20,19,8163,2,0,0,2,1
2020-08-02,US,Illinois,Hancock,32,1,0,40.40423981,-91.16313899,17067.0,180.70928393946238,3.125,31,30,1,0,29,28,17844,2,0,0,2,2
2020-08-02,US,Illinois,Hardin,17,0,0,37.51810645,-88.26873022,17069.0,444.9097095001308,0.0,17,16,0,0,16,16,3910,1,0,0,1,0
2020-08-02,US,Illinois,Henderson,9,0,0,40.81908672,-90.92491462,17071.0,135.4198013842913,0.0,9,9,0,0,9,9,6709,0,0,0,0,0
2020-08-02,US,Illinois,Henry,205,1,0,41.3533994,-90.13296166,17073.0,419.1114836546522,0.4878048780487805,204,195,1,0,194,194,49090,10,0,0,10,1
2020-08-02,US,Illinois,Iroquois,255,7,0,40.74717633,-87.82466784,17075.0,940.4735560964816,2.7450980392156863,248,245,7,0,238,240,27604,10,0,0,10,5
2020-08-02,US,Illinois,Jackson,644,19,0,37.78595185,-89.38232563,17077.0,1134.8017621145375,2.950310559006211,625,631,19,0,612,616,57419,13,0,0,13,15
2020-08-02,US,Illinois,Jasper,54,7,0,39.01054275,-88.15437049,17079.0,561.9146722164412,12.962962962962965,47,51,7,0,44,50,9611,3,0,0,3,1
2020-08-02,US,Illinois,Jefferson,187,17,0,38.29980057,-88.9240025,17081.0,496.2318225241482,9.090909090909092,170,184,17,0,167,176,37820,3,0,0,3,8
2020-08-02,US,Illinois,Jersey,69,1,0,39.08869046,-90.35393073,17083.0,316.906260046847,1.4492753623188406,68,65,1,0,64,62,21847,4,0,0,4,3
2020-08-02,US,Illinois,Jo Daviess,112,1,0,42.36542373,-90.21094405,17085.0,527.4311278549565,0.8928571428571429,111,112,1,0,111,110,21366,0,0,0,0,2
2020-08-02,US,Illinois,Johnson,57,0,0,37.45939802,-88.88165419,17087.0,459.04807924619485,0.0,57,55,0,0,55,53,12456,2,0,0,2,2
2020-08-02,US,Illinois,Kane,9200,298,0,41.93842729,-88.42861412,17089.0,1728.0143049532028,3.239130434782609,8902,9138,297,0,8841,9069,534216,62,1,0,61,69
2020-08-02,US,Illinois,Kankakee,1684,68,0,41.13746989,-87.86205334,17091.0,1532.8320984507834,4.0380047505938235,1616,1672,68,0,1604,1659,110024,12,0,0,12,13
2020-08-02,US,Illinois,Kendall,1284,23,0,41.59081014,-88.42869583,17093.0,995.4260020156604,1.7912772585669785,1261,1277,23,0,1254,1262,127915,7,0,0,7,15
2020-08-02,US,Illinois,Knox,259,1,0,40.93148779,-90.21330340000002,17095.0,521.137246222258,0.3861003861003861,258,251,1,0,250,241,50112,8,0,0,8,10
2020-08-02,US,Illinois,LaSalle,515,18,0,41.34426129999999,-88.88633881,17099.0,473.91620425328284,3.4951456310679614,497,497,18,0,479,480,109430,18,0,0,18,17
2020-08-02,US,Illinois,Lake,11982,440,0,42.3224907,-88.00367925,17097.0,1720.2294213499679,3.672174929060257,11542,11952,440,0,11512,11855,700832,30,0,0,30,97
2020-08-02,US,Illinois,Lawrence,42,0,0,38.71987914,-87.72884035,17101.0,267.8913126674321,0.0,42,40,0,0,40,40,15765,2,0,0,2,0
2020-08-02,US,Illinois,Lee,146,2,0,41.74583951,-89.29977132,17103.0,428.2027217268888,1.3698630136986298,144,146,2,0,144,136,34223,0,0,0,0,10
2020-08-02,US,Illinois,Livingston,92,2,0,40.89188292,-88.55784752,17105.0,258.0789946140036,2.1739130434782608,90,92,2,0,90,85,35761,0,0,0,0,7
2020-08-02,US,Illinois,Logan,85,0,0,40.12581572,-89.36638784,17107.0,297.01586414144936,0.0,85,85,0,0,85,79,28925,0,0,0,0,6
2020-08-02,US,Illinois,Macon,473,23,0,39.86064913,-88.96342505,17115.0,454.76833735542124,4.8625792811839315,450,450,23,0,427,434,104712,23,0,0,23,16
2020-08-02,US,Illinois,Macoupin,135,3,0,39.26119767,-89.92424028,17117.0,300.4941459288608,2.2222222222222223,132,131,3,0,128,127,45313,4,0,0,4,4
2020-08-02,US,Illinois,Madison,2186,73,0,38.83042506,-89.90422563,17119.0,831.2861738779918,3.339432753888381,2113,2137,72,0,2065,2099,264461,49,1,0,48,38
2020-08-02,US,Illinois,Marion,136,0,0,38.64963204,-88.91899208,17121.0,365.542265824486,0.0,136,132,0,0,132,130,37620,4,0,0,4,2
2020-08-02,US,Illinois,Marshall,21,0,0,41.0327901,-89.34510444,17123.0,183.5985312117503,0.0,21,21,0,0,21,18,11534,0,0,0,0,3
2020-08-02,US,Illinois,Mason,42,0,0,40.23917274,-89.91824452,17125.0,314.3947900291938,0.0,42,42,0,0,42,42,13565,0,0,0,0,0
2020-08-02,US,Illinois,Massac,34,0,0,37.22078441,-88.71036614,17127.0,246.8777229160616,0.0,34,34,0,0,34,33,14080,0,0,0,0,1
2020-08-02,US,Illinois,McDonough,128,15,0,40.45674722,-90.67775541,17109.0,431.2377872111044,11.71875,113,125,15,0,110,123,29955,3,0,0,3,2
2020-08-02,US,Illinois,McHenry,2941,114,0,42.32451172,-88.45248227,17111.0,955.5712958209597,3.8762325739544368,2827,2909,113,0,2796,2866,308570,32,1,0,31,43
2020-08-02,US,Illinois,McLean,562,15,0,40.48996987,-88.84621113,17113.0,327.66431315846245,2.6690391459074734,547,552,15,0,537,536,172828,10,0,0,10,16
2020-08-02,US,Illinois,Menard,46,0,0,40.02742725,-89.80246001,17129.0,377.17284355526397,0.0,46,45,0,0,45,44,12288,1,0,0,1,1
2020-08-02,US,Illinois,Mercer,70,0,0,41.20596782,-90.74290052,17131.0,453.4559823799961,0.0,70,68,0,0,68,65,15601,2,0,0,2,3
2020-08-02,US,Illinois,Monroe,278,13,0,38.27594376,-90.17761038,17133.0,802.6099258018883,4.676258992805756,265,270,13,0,257,261,34335,8,0,0,8,9
2020-08-02,US,Illinois,Montgomery,143,7,0,39.23198845,-89.47809254,17135.0,503.27303441965233,4.895104895104895,136,141,6,0,135,138,28601,2,1,0,1,3
2020-08-02,US,Illinois,Morgan,196,5,0,39.71654544,-90.20255104,17137.0,582.3281240715431,2.5510204081632653,191,189,5,0,184,184,33976,7,0,0,7,5
2020-08-02,US,Illinois,Moultrie,53,0,0,39.64187451,-88.62099969,17139.0,365.4920350320668,0.0,53,52,0,0,52,52,14717,1,0,0,1,0
2020-08-02,US,Illinois,Ogle,371,5,0,42.04165196,-89.32184679,17141.0,732.5790336275497,1.3477088948787062,366,371,5,0,366,368,50923,0,0,0,0,3
2020-08-02,US,Illinois,Peoria,1302,34,0,40.78702156,-89.76078901,17143.0,726.6476540219555,2.6113671274961603,1268,1280,34,0,1246,1252,180621,22,0,0,22,28
2020-08-02,US,Illinois,Perry,126,1,0,38.08510853,-89.36856219,17145.0,602.4096385542167,0.7936507936507936,125,101,1,0,100,101,21174,25,0,0,25,0
2020-08-02,US,Illinois,Piatt,44,0,0,40.01360584,-88.59319339,17147.0,269.21194322075377,0.0,44,40,0,0,40,37,16396,4,0,0,4,3
2020-08-02,US,Illinois,Pike,13,0,0,39.62265059,-90.8877017,17149.0,83.5421888053467,0.0,13,13,0,0,13,13,15611,0,0,0,0,0
2020-08-02,US,Illinois,Pope,8,0,0,37.41391284,-88.56152109,17151.0,191.5250179554704,0.0,8,7,0,0,7,7,4212,1,0,0,1,0
2020-08-02,US,Illinois,Pulaski,91,0,0,37.22631423,-89.13085001,17153.0,1705.7169634489221,0.0,91,90,0,0,90,90,5463,1,0,0,1,0
2020-08-02,US,Illinois,Putnam,7,0,0,41.2013541,-89.2869272,17155.0,121.97246907126677,0.0,7,7,0,0,7,7,5740,0,0,0,0,0
2020-08-02,US,Illinois,Randolph,432,7,0,38.05095369,-89.82512254,17157.0,1359.2599584670568,1.6203703703703705,425,422,7,0,415,417,32106,10,0,0,10,5
2020-08-02,US,Illinois,Richland,12,0,0,38.71240969,-88.08475366,17159.0,77.35447689035003,0.0,12,12,0,0,12,12,15763,0,0,0,0,0
2020-08-02,US,Illinois,Rock Island,1583,31,0,41.46613806,-90.57042164,17161.0,1115.7394681383432,1.9583070120025268,1552,1564,30,0,1534,1549,143477,19,1,0,18,15
2020-08-02,US,Illinois,Saline,111,1,0,37.75332999,-88.54119706,17165.0,472.5213911710868,0.9009009009009008,110,105,1,0,104,102,23906,6,0,0,6,3
2020-08-02,US,Illinois,Sangamon,1013,33,0,39.75836914,-89.65872023,17167.0,520.3624558231281,3.2576505429417573,980,986,33,0,953,953,195348,27,0,0,27,33
2020-08-02,US,Illinois,Schuyler,16,0,0,40.1571798,-90.61114163,17169.0,236.40661938534282,0.0,16,15,0,0,15,15,6907,1,0,0,1,0
2020-08-02,US,Illinois,Scott,10,0,0,39.6429169,-90.47814431,17171.0,201.9793981013937,0.0,10,10,0,0,10,9,4926,0,0,0,0,1
2020-08-02,US,Illinois,Shelby,60,1,0,39.39133527,-88.80611122,17173.0,277.34122215031897,1.6666666666666667,59,56,1,0,55,53,21741,4,0,0,4,3
2020-08-02,US,Illinois,St. Clair,3610,156,0,38.46996033,-89.93063427,17163.0,1390.1404003296286,4.321329639889196,3454,3569,156,0,3413,3507,261059,41,0,0,41,62
2020-08-02,US,Illinois,Stark,7,0,0,41.09309773,-89.79745866,17175.0,131.03706476974915,0.0,7,7,0,0,7,7,5427,0,0,0,0,0
2020-08-02,US,Illinois,Stephenson,317,6,0,42.35129217,-89.662598,17177.0,712.3915681603668,1.892744479495268,311,313,6,0,307,313,44753,4,0,0,4,0
2020-08-02,US,Illinois,Tazewell,369,8,0,40.50716185,-89.51404662,17179.0,279.9632785293203,2.168021680216802,361,361,8,0,353,335,132328,8,0,0,8,26
2020-08-02,US,Illinois,Unassigned,1337,197,0,0.0,0.0,90017.0,0.0,14.734480179506356,1140,1339,197,0,1142,1344,,-2,0,0,-2,-5
2020-08-02,US,Illinois,Union,303,21,0,37.47119609,-89.25548938,17181.0,1819.4919834264097,6.9306930693069315,282,296,21,0,275,276,16841,7,0,0,7,20
2020-08-02,US,Illinois,Vermilion,212,2,0,40.18417171,-87.73384359,17183.0,279.83843290477574,0.9433962264150944,210,200,2,0,198,189,76806,12,0,0,12,11
2020-08-02,US,Illinois,Wabash,32,0,0,38.44272901,-87.84922065,17185.0,277.77777777777777,0.0,32,30,0,0,30,29,11549,2,0,0,2,1
2020-08-02,US,Illinois,Warren,180,0,0,40.84925021,-90.6147432,17187.0,1068.6297791498455,0.0,180,180,0,0,180,179,17032,0,0,0,0,1
2020-08-02,US,Illinois,Washington,57,0,0,38.35309213,-89.40982703,17189.0,410.45582199179086,0.0,57,56,0,0,56,56,13995,1,0,0,1,0
2020-08-02,US,Illinois,Wayne,44,1,0,38.42955355,-88.42586459,17191.0,271.3536848596978,2.272727272727273,43,43,1,0,42,40,16332,1,0,0,1,3
2020-08-02,US,Illinois,White,57,0,0,38.08706198,-88.17657461,17193.0,421.0681834970822,0.0,57,57,0,0,57,56,13665,0,0,0,0,1
2020-08-02,US,Illinois,Whiteside,308,16,0,41.75509713,-89.91556058,17195.0,558.2238332578162,5.194805194805196,292,307,16,0,291,304,55626,1,0,0,1,3
2020-08-02,US,Illinois,Will,8592,339,0,41.44619267,-87.97862712,17197.0,1243.877969085463,3.9455307262569828,8253,8502,339,0,8163,8443,692310,90,0,0,90,59
2020-08-02,US,Illinois,Williamson,329,5,0,37.73033511,-88.92994027,17199.0,494.0162469780921,1.5197568389057752,324,315,5,0,310,301,67056,14,0,0,14,14
2020-08-02,US,Illinois,Winnebago,3673,124,0,42.33641854,-89.16085327,17201.0,1299.8457030420564,3.3759869316634905,3549,3663,122,0,3541,3641,284081,10,2,0,8,22
2020-08-02,US,Illinois,Woodford,95,3,0,40.78579374,-89.20973757,17203.0,247.01630307600303,3.1578947368421053,92,91,3,0,88,87,38463,4,0,0,4,4
2020-08-02,US,Indiana,Adams,81,2,0,40.7457653,-84.93671406,18001.0,226.40243732006599,2.469135802469136,79,79,2,0,77,74,35636,2,0,0,2,5
2020-08-02,US,Indiana,Allen,3611,157,0,41.09194313,-85.06800636,18003.0,952.0193831251863,4.3478260869565215,3454,3557,157,0,3400,3509,375351,54,0,0,54,48
2020-08-02,US,Indiana,Bartholomew,738,47,0,39.20744865,-85.89558181,18005.0,880.8890055980615,6.3685636856368575,691,727,47,0,680,723,82753,11,0,0,11,4
2020-08-02,US,Indiana,Benton,60,0,0,40.60626947,-87.31093999,18007.0,685.8710562414266,0.0,60,60,0,0,60,59,8653,0,0,0,0,1
2020-08-02,US,Indiana,Blackford,53,2,0,40.47388153,-85.32499702,18009.0,450.75693145092697,3.7735849056603774,51,51,2,0,49,51,11930,2,0,0,2,0
2020-08-02,US,Indiana,Boone,632,46,0,40.0509304,-86.46841646,18011.0,931.5625783057942,7.2784810126582276,586,626,46,0,580,613,66999,6,0,0,6,13
2020-08-02,US,Indiana,Brown,70,1,0,39.19605589,-86.22868909,18013.0,463.821892393321,1.4285714285714286,69,69,1,0,68,68,15234,1,0,0,1,1
2020-08-02,US,Indiana,Carroll,142,2,0,40.580783200000006,-86.56198812,18015.0,700.9922495927333,1.4084507042253518,140,139,2,0,137,128,20127,3,0,0,3,11
2020-08-02,US,Indiana,Cass,1750,9,0,40.76135835,-86.34830753,18017.0,4643.2646130170615,0.5142857142857142,1741,1743,9,0,1734,1740,37955,7,0,0,7,3
2020-08-02,US,Indiana,Clark,1075,45,0,38.48015445,-85.70510334,18019.0,908.6913154469072,4.186046511627906,1030,1062,45,0,1017,1023,117360,13,0,0,13,39
2020-08-02,US,Indiana,Clay,97,5,0,39.39561833,-87.11723506,18021.0,369.8760724499524,5.154639175257731,92,94,5,0,89,94,26170,3,0,0,3,0
2020-08-02,US,Indiana,Clinton,352,3,0,40.30319754,-86.47277257,18023.0,1086.4532855952343,0.8522727272727273,349,349,3,0,346,341,32250,3,0,0,3,8
2020-08-02,US,Indiana,Crawford,42,0,0,38.28814402,-86.44518825,18025.0,397.0880211780278,0.0,42,41,0,0,41,40,10558,1,0,0,1,1
2020-08-02,US,Indiana,Daviess,243,19,0,38.70186039,-87.07185406,18027.0,728.6138346676262,7.818930041152264,224,240,19,0,221,235,33147,3,0,0,3,5
2020-08-02,US,Indiana,DeKalb,221,4,0,41.39804622,-84.99906934,18033.0,508.33812535940194,1.8099547511312215,217,214,4,0,210,212,43226,7,0,0,7,2
2020-08-02,US,Indiana,Dearborn,461,28,0,39.14647946,-84.97333539,18029.0,932.1040074406567,6.073752711496747,433,456,28,0,428,447,49568,5,0,0,5,9
2020-08-02,US,Indiana,Decatur,313,32,0,39.30712658,-85.50087166,18031.0,1178.5082269663767,10.223642172523961,281,310,32,0,278,306,26794,3,0,0,3,4
2020-08-02,US,Indiana,Delaware,633,52,0,40.22787247,-85.39732772,18035.0,554.6063871730845,8.214849921011059,581,628,52,0,576,614,114772,5,0,0,5,14
2020-08-02,US,Indiana,Dubois,624,12,0,38.36597551,-86.87924170000002,18037.0,1460.1272931486335,1.9230769230769231,612,616,12,0,604,605,42565,8,0,0,8,11
2020-08-02,US,Indiana,Elkhart,4582,76,0,41.59761169,-85.85875695,18039.0,2220.596003702609,1.6586643387167177,4506,4566,76,0,4490,4521,205560,16,0,0,16,45
2020-08-02,US,Indiana,Fayette,154,7,0,39.63684962,-85.17797541,18041.0,666.6089516059218,4.545454545454546,147,150,7,0,143,149,23047,4,0,0,4,1
2020-08-02,US,Indiana,Floyd,684,44,0,38.32117957,-85.90385377,18043.0,871.0934515167723,6.432748538011697,640,665,44,0,621,658,77781,19,0,0,19,7
2020-08-02,US,Indiana,Fountain,63,2,0,40.12361933,-87.24217689,18045.0,385.41539214486727,3.1746031746031744,61,62,2,0,60,61,16351,1,0,0,1,1
2020-08-02,US,Indiana,Franklin,205,10,0,39.4142482,-85.06062647,18047.0,900.7821425432816,4.878048780487805,195,197,10,0,187,191,22736,8,0,0,8,6
2020-08-02,US,Indiana,Fulton,144,2,0,41.0469907,-86.26252745,18049.0,720.9372183838991,1.3888888888888888,142,139,1,0,138,134,20092,5,1,0,4,5
2020-08-02,US,Indiana,Gibson,198,4,0,38.30393723,-87.58054938,18051.0,588.2527704328709,2.0202020202020203,194,196,3,0,193,194,33452,2,1,0,1,2
2020-08-02,US,Indiana,Grant,496,29,0,40.51587228,-85.65468702,18053.0,754.1546929404428,5.846774193548387,467,496,29,0,467,493,65936,0,0,0,0,3
2020-08-02,US,Indiana,Greene,238,34,0,39.03630547,-86.96223202,18055.0,745.567320343337,14.285714285714285,204,235,34,0,201,233,32006,3,0,0,3,2
2020-08-02,US,Indiana,Hamilton,2489,104,0,40.07306535,-86.05244729,18057.0,736.3665679519305,4.178384893531539,2385,2446,104,0,2342,2410,330086,43,0,0,43,36
2020-08-02,US,Indiana,Hancock,616,37,0,39.82304555,-85.77566351,18059.0,788.0462593388597,6.0064935064935066,579,608,37,0,571,597,76351,8,0,0,8,11
2020-08-02,US,Indiana,Harrison,289,22,0,38.19467379,-86.10948271,18061.0,713.3160557818093,7.612456747404845,267,282,22,0,260,269,40350,7,0,0,7,13
2020-08-02,US,Indiana,Hendricks,1742,105,0,39.76719009,-86.51037283,18063.0,1022.8346965257676,6.027554535017222,1637,1731,105,0,1626,1711,167009,11,0,0,11,20
2020-08-02,US,Indiana,Henry,361,18,0,39.93029017,-85.39625719,18065.0,752.5223046777287,4.986149584487535,343,358,18,0,340,356,48271,3,0,0,3,2
2020-08-02,US,Indiana,Howard,804,64,0,40.48527731,-86.11351892,18067.0,974.0259740259739,7.960199004975125,740,798,64,0,734,786,82366,6,0,0,6,12
2020-08-02,US,Indiana,Huntington,118,3,0,40.82907273,-85.48822092,18069.0,323.1106243154436,2.5423728813559316,115,118,3,0,115,119,36240,0,0,0,0,-1
2020-08-02,US,Indiana,Jackson,551,4,0,38.90915820000001,-86.03851889,18071.0,1245.7326309601865,0.7259528130671506,547,547,4,0,543,543,44111,4,0,0,4,4
2020-08-02,US,Indiana,Jasper,203,2,0,41.02078733,-87.11553319,18073.0,604.8507240331328,0.9852216748768472,201,199,2,0,197,197,33370,4,0,0,4,2
2020-08-02,US,Indiana,Jay,82,0,0,40.43781032,-85.00576229,18075.0,401.2526913290272,0.0,82,81,0,0,81,80,20764,1,0,0,1,1
2020-08-02,US,Indiana,Jefferson,149,2,0,38.78576239,-85.43633383,18077.0,461.18608394205773,1.342281879194631,147,148,2,0,146,145,32208,1,0,0,1,3
2020-08-02,US,Indiana,Jennings,207,12,0,38.99588883,-85.62710784,18079.0,746.3493780421851,5.797101449275362,195,208,12,0,196,206,27611,-1,0,0,-1,2
2020-08-02,US,Indiana,Johnson,1648,118,0,39.48994426,-86.10149107,18081.0,1041.936687172419,7.160194174757281,1530,1631,118,0,1513,1616,156225,17,0,0,17,15
2020-08-02,US,Indiana,Knox,129,0,0,38.68861576,-87.4194665,18083.0,352.5168060337761,0.0,129,126,0,0,126,125,36895,3,0,0,3,1
2020-08-02,US,Indiana,Kosciusko,816,12,0,41.24521668,-85.86312322,18085.0,1026.983487716472,1.4705882352941178,804,814,12,0,802,796,79344,2,0,0,2,18
2020-08-02,US,Indiana,LaGrange,542,10,0,41.64232188,-85.42674232,18087.0,1368.2031604988135,1.845018450184502,532,539,10,0,529,536,39330,3,0,0,3,3
2020-08-02,US,Indiana,LaPorte,829,29,0,41.54366008,-86.74072188,18091.0,754.4044845661036,3.4981905910735827,800,818,29,0,789,800,110007,11,0,0,11,18
2020-08-02,US,Indiana,Lake,7037,269,0,41.41874274,-87.38277575,18089.0,1449.4544720521203,3.822651698166832,6768,6994,269,0,6725,6935,484411,43,0,0,43,59
2020-08-02,US,Indiana,Lawrence,326,27,0,38.84112637,-86.48361629,18093.0,718.5364778487987,8.282208588957053,299,325,27,0,298,317,45668,1,0,0,1,8
2020-08-02,US,Indiana,Madison,842,65,0,40.16143691,-85.71964711,18095.0,649.8467997746375,7.719714964370548,777,833,64,0,769,812,129641,9,1,0,8,21
2020-08-02,US,Indiana,Marion,14710,719,0,39.78163624,-86.13826325,18097.0,1525.0129071452716,4.887831407205981,13991,14578,718,0,13860,14432,954670,132,1,0,131,146
2020-08-02,US,Indiana,Marshall,742,22,0,41.32467367,-86.26185087,18099.0,1604.0468675688533,2.964959568733154,720,739,22,0,717,732,46248,3,0,0,3,7
2020-08-02,US,Indiana,Martin,42,0,0,38.7099921,-86.80373186,18101.0,409.55631399317406,0.0,42,42,0,0,42,42,10217,0,0,0,0,0
2020-08-02,US,Indiana,Miami,258,2,0,40.76940965,-86.04525048,18103.0,726.4331568870367,0.7751937984496124,256,256,2,0,254,247,35567,2,0,0,2,9
2020-08-02,US,Indiana,Monroe,684,30,0,39.16130004,-86.52414358,18105.0,460.8201790731048,4.385964912280701,654,674,30,0,644,661,146917,10,0,0,10,13
2020-08-02,US,Indiana,Montgomery,338,21,0,40.04034823,-86.89335024,18107.0,881.6318013459231,6.213017751479289,317,336,21,0,315,334,38346,2,0,0,2,2
2020-08-02,US,Indiana,Morgan,418,32,0,39.47899078,-86.44573375,18109.0,593.0003262920455,7.655502392344498,386,412,32,0,380,410,70116,6,0,0,6,2
2020-08-02,US,Indiana,Newton,109,10,0,40.95610449,-87.39635768,18111.0,779.4622425629291,9.174311926605503,99,109,10,0,99,108,14011,0,0,0,0,1
2020-08-02,US,Indiana,Noble,635,28,0,41.39672484,-85.41966713,18113.0,1330.0100536193029,4.409448818897638,607,624,28,0,596,617,47532,11,0,0,11,7
2020-08-02,US,Indiana,Ohio,50,4,0,38.955304999999996,-84.96515993,18115.0,851.063829787234,8.0,46,45,4,0,41,43,5844,5,0,0,5,2
2020-08-02,US,Indiana,Orange,163,24,0,38.54118920000001,-86.49523093,18117.0,829.685432149038,14.723926380368097,139,161,24,0,137,158,19489,2,0,0,2,3
2020-08-02,US,Indiana,Owen,78,1,0,39.31145587,-86.83900724,18119.0,375.01802971296684,1.2820512820512822,77,78,1,0,77,73,20845,0,0,0,0,5
2020-08-02,US,Indiana,Parke,45,1,0,39.77202286,-87.20375833,18121.0,265.6905000885635,2.2222222222222223,44,46,1,0,45,45,16927,-1,0,0,-1,1
2020-08-02,US,Indiana,Perry,171,12,0,38.07809328,-86.63741946,18123.0,892.0653137878868,7.0175438596491215,159,170,12,0,158,170,19102,1,0,0,1,0
2020-08-02,US,Indiana,Pike,45,0,0,38.40112197,-87.23574907,18125.0,363.22544192428774,0.0,45,41,0,0,41,37,12410,4,0,0,4,4
2020-08-02,US,Indiana,Porter,1174,39,0,41.45986947,-87.06848888,18127.0,689.011614599534,3.3219761499148213,1135,1144,39,0,1105,1130,169594,30,0,0,30,14
2020-08-02,US,Indiana,Posey,157,0,0,38.02097333,-87.86480429,18129.0,617.4538875997955,0.0,157,154,0,0,154,155,25540,3,0,0,3,-1
2020-08-02,US,Indiana,Pulaski,71,1,0,41.04166107,-86.69890683,18131.0,574.7591678134868,1.4084507042253518,70,71,1,0,70,71,12469,0,0,0,0,0
2020-08-02,US,Indiana,Putnam,221,8,0,39.66437981,-86.84517605,18133.0,588.1413668298915,3.619909502262444,213,217,8,0,209,217,37779,4,0,0,4,0
2020-08-02,US,Indiana,Randolph,102,4,0,40.15734772,-85.01139319,18135.0,413.54145550375017,3.92156862745098,98,102,4,0,98,101,24851,0,0,0,0,1
2020-08-02,US,Indiana,Ripley,188,7,0,39.10235626,-85.26212744,18137.0,663.7480581838722,3.723404255319149,181,186,7,0,179,185,28523,2,0,0,2,1
2020-08-02,US,Indiana,Rush,79,4,0,39.62002287,-85.4655599,18139.0,476.44894759061583,5.063291139240507,75,79,4,0,75,79,16663,0,0,0,0,0
2020-08-02,US,Indiana,Scott,247,10,0,38.68672078,-85.74627859,18143.0,1034.6416453734344,4.048582995951417,237,244,10,0,234,243,23878,3,0,0,3,1
2020-08-02,US,Indiana,Shelby,509,26,0,39.52305623,-85.79158570000001,18145.0,1137.9641843099555,5.108055009823183,483,508,26,0,482,500,44593,1,0,0,1,8
2020-08-02,US,Indiana,Spencer,113,3,0,38.01519732,-87.0079644,18147.0,557.2816491591458,2.6548672566371683,110,110,3,0,107,110,20327,3,0,0,3,0
2020-08-02,US,Indiana,St. Joseph,3114,79,0,41.61756781,-86.29040834,18141.0,1145.5857791381254,2.536929993577393,3035,3071,79,0,2992,3015,270771,43,0,0,43,56
2020-08-02,US,Indiana,Starke,164,7,0,41.27890281,-86.64686895,18149.0,713.1985214176995,4.2682926829268295,157,161,7,0,154,156,22935,3,0,0,3,5
2020-08-02,US,Indiana,Steuben,199,3,0,41.64423868,-85.00101094,18151.0,575.2442620107532,1.5075376884422111,196,195,3,0,192,193,34586,4,0,0,4,2
2020-08-02,US,Indiana,Sullivan,75,1,0,39.08952258,-87.41414469,18153.0,362.8622574870579,1.3333333333333333,74,74,1,0,73,69,20690,1,0,0,1,5
2020-08-02,US,Indiana,Switzerland,43,0,0,38.82767338,-85.03022429,18155.0,399.96279415868287,0.0,43,43,0,0,43,40,10717,0,0,0,0,3
2020-08-02,US,Indiana,Tippecanoe,1094,11,0,40.38872739,-86.89413959,18157.0,558.9275131301985,1.0054844606946984,1083,1085,11,0,1074,1053,193048,9,0,0,9,32
2020-08-02,US,Indiana,Tipton,106,5,0,40.31123252,-86.05234925,18159.0,699.7623448640085,4.716981132075472,101,102,5,0,97,96,15128,4,0,0,4,6
2020-08-02,US,Indiana,Unassigned,0,200,0,0.0,0.0,90018.0,0.0,0.0,-200,0,200,0,-200,0,,0,0,0,0,0
2020-08-02,US,Indiana,Union,32,0,0,39.62550777,-84.92497066,18161.0,453.6433229373405,0.0,32,28,0,0,28,28,7037,4,0,0,4,0
2020-08-02,US,Indiana,Vanderburgh,1700,12,0,38.02658833,-87.58763124,18163.0,936.8920535020476,0.7058823529411765,1688,1679,12,0,1667,1621,180974,21,0,0,21,58
2020-08-02,US,Indiana,Vermillion,38,0,0,39.8523352,-87.46160542,18165.0,245.19292811975743,0.0,38,34,0,0,34,30,15479,4,0,0,4,4
2020-08-02,US,Indiana,Vigo,468,10,0,39.42944561,-87.39169027,18167.0,437.2279003718306,2.1367521367521367,458,454,10,0,444,424,107386,14,0,0,14,30
2020-08-02,US,Indiana,Wabash,158,3,0,40.84704239,-85.79328272,18169.0,509.7431926700218,1.8987341772151896,155,155,3,0,152,151,31280,3,0,0,3,4
2020-08-02,US,Indiana,Warren,19,1,0,40.34728141,-87.35602659,18171.0,229.88505747126442,5.2631578947368425,18,19,1,0,18,19,8263,0,0,0,0,0
2020-08-02,US,Indiana,Warrick,502,30,0,38.08922676,-87.2716085,18173.0,796.8506936728149,5.9760956175298805,472,488,30,0,458,471,62567,14,0,0,14,17
2020-08-02,US,Indiana,Washington,115,1,0,38.60219804,-86.1049363,18175.0,410.1869025538594,0.8695652173913043,114,107,1,0,106,104,27943,8,0,0,8,3
2020-08-02,US,Indiana,Wayne,315,9,0,39.863344399999995,-85.01044989,18177.0,478.11304717382063,2.8571428571428568,306,313,9,0,304,304,65936,2,0,0,2,9
2020-08-02,US,Indiana,Wells,131,2,0,40.72934187,-85.22132966,18179.0,462.9629629629631,1.5267175572519085,129,129,2,0,127,124,28206,2,0,0,2,5
2020-08-02,US,Indiana,White,345,10,0,40.74911165,-86.86492015,18181.0,1431.4164799601695,2.898550724637681,335,344,10,0,334,341,24133,1,0,0,1,3
2020-08-02,US,Indiana,Whitley,148,6,0,41.13863784,-85.50791236,18183.0,435.755505829702,4.0540540540540535,142,144,6,0,138,143,34074,4,0,0,4,1
2020-08-02,US,Iowa,Adair,20,0,0,41.33075609,-94.47105874,19001.0,279.6420581655481,0.0,20,20,0,0,20,20,7063,0,0,0,0,0
2020-08-02,US,Iowa,Adams,16,0,0,41.02903567,-94.69932645,19003.0,444.1976679622432,0.0,16,16,0,0,16,15,3645,0,0,0,0,1
2020-08-02,US,Iowa,Allamakee,149,4,0,43.28383218,-91.37860922,19005.0,1088.6242419814423,2.684563758389262,145,149,4,0,145,148,13832,0,0,0,0,1
2020-08-02,US,Iowa,Appanoose,43,3,0,40.74324454,-92.86865906,19007.0,346.0486077579268,6.9767441860465125,40,40,3,0,37,40,12437,3,0,0,3,0
2020-08-02,US,Iowa,Audubon,28,1,0,41.6844628,-94.90581859,19009.0,509.4614264919942,3.571428571428572,27,28,1,0,27,28,5506,0,0,0,0,0
2020-08-02,US,Iowa,Benton,142,1,0,42.08011739,-92.06463573,19011.0,553.714174302983,0.7042253521126759,141,139,1,0,138,130,25642,3,0,0,3,9
2020-08-02,US,Iowa,Black Hawk,2997,62,0,42.4704581,-92.30524729,19013.0,2283.811381717317,2.0687354020687354,2935,2984,62,0,2922,2970,132408,13,0,0,13,14
2020-08-02,US,Iowa,Boone,228,2,0,42.03657094,-93.9313999,19015.0,869.1011664252496,0.8771929824561403,226,228,2,0,226,226,26346,0,0,0,0,2
2020-08-02,US,Iowa,Bremer,187,7,0,42.77461496,-92.31795937,19017.0,746.149549118187,3.7433155080213902,180,187,7,0,180,181,24947,0,0,0,0,6
2020-08-02,US,Iowa,Buchanan,110,1,0,42.4709188,-91.83510825,19019.0,519.4805194805194,0.9090909090909092,109,108,1,0,107,105,21199,2,0,0,2,3
2020-08-02,US,Iowa,Buena Vista,1784,12,0,42.73545875,-95.15100162,19021.0,9092.7624872579,0.672645739910314,1772,1783,12,0,1771,1782,19874,1,0,0,1,1
2020-08-02,US,Iowa,Butler,113,2,0,42.73172833,-92.79015971,19023.0,782.6026733153267,1.7699115044247788,111,111,2,0,109,111,14539,2,0,0,2,0
2020-08-02,US,Iowa,Calhoun,81,2,0,42.38521079,-94.64046046,19025.0,837.8154737277617,2.469135802469136,79,81,2,0,79,81,9699,0,0,0,0,0
2020-08-02,US,Iowa,Carroll,181,1,0,42.03617207,-94.86032705,19027.0,897.594842548971,0.5524861878453039,180,176,1,0,175,175,20154,5,0,0,5,1
2020-08-02,US,Iowa,Cass,47,1,0,41.33149454,-94.92792482,19029.0,366.15768152072303,2.127659574468085,46,43,1,0,42,42,12930,4,0,0,4,1
2020-08-02,US,Iowa,Cedar,120,1,0,41.77233777,-91.13246684,19031.0,644.2261233693026,0.8333333333333334,119,119,1,0,118,117,18627,1,0,0,1,2
2020-08-02,US,Iowa,Cerro Gordo,581,17,0,43.08177563,-93.2612239,19033.0,1368.6690223792698,2.9259896729776247,564,578,17,0,561,572,42647,3,0,0,3,6
2020-08-02,US,Iowa,Cherokee,97,1,0,42.73538914,-95.62389402,19035.0,863.3733867378728,1.0309278350515465,96,97,1,0,96,97,11321,0,0,0,0,0
2020-08-02,US,Iowa,Chickasaw,50,0,0,43.06001295,-92.31773347,19037.0,419.0061174893153,0.0,50,50,0,0,50,48,11964,0,0,0,0,2
2020-08-02,US,Iowa,Clarke,185,3,0,41.02868181,-93.78499767,19039.0,1969.1325172964346,1.6216216216216215,182,178,3,0,175,174,9423,7,0,0,7,4
2020-08-02,US,Iowa,Clay,171,1,0,43.08247182,-95.15096481,19041.0,1067.6823176823177,0.5847953216374269,170,170,1,0,169,168,16134,1,0,0,1,2
2020-08-02,US,Iowa,Clayton,97,3,0,42.84443388,-91.34133693,19043.0,552.7380477520087,3.0927835051546397,94,95,3,0,92,94,17556,2,0,0,2,1
2020-08-02,US,Iowa,Clinton,312,3,0,41.89981633,-90.53275096,19045.0,671.9937969803358,0.9615384615384616,309,304,3,0,301,288,46518,8,0,0,8,16
2020-08-02,US,Iowa,Crawford,715,3,0,42.03718237,-95.3819718,19047.0,4250.891795481571,0.4195804195804196,712,710,3,0,707,707,17158,5,0,0,5,3
2020-08-02,US,Iowa,Dallas,1787,35,0,41.68560356,-94.04127625,19049.0,1912.1911549120948,1.95858981533296,1752,1767,35,0,1732,1739,90180,20,0,0,20,28
2020-08-02,US,Iowa,Davis,49,1,0,40.74773536,-92.41005468,19051.0,544.4444444444445,2.0408163265306123,48,49,1,0,48,49,9017,0,0,0,0,0
2020-08-02,US,Iowa,Decatur,21,0,0,40.73742757,-93.78645949,19053.0,266.83608640406607,0.0,21,21,0,0,21,21,7890,0,0,0,0,0
2020-08-02,US,Iowa,Delaware,90,1,0,42.47104597,-91.3664492,19055.0,529.0694256657457,1.1111111111111112,89,87,1,0,86,85,17069,3,0,0,3,2
2020-08-02,US,Iowa,Des Moines,139,2,0,40.92012606,-91.18326592,19057.0,356.71208971694,1.4388489208633093,137,138,2,0,136,144,39138,1,0,0,1,-6
2020-08-02,US,Iowa,Dickinson,375,4,0,43.37787725,-95.1510206,19059.0,2172.9053192722213,1.0666666666666669,371,374,4,0,370,371,17153,1,0,0,1,3
2020-08-02,US,Iowa,Dubuque,1527,29,0,42.46815349,-90.88181925,19061.0,1569.1956716095815,1.8991486574983627,1498,1503,29,0,1474,1484,96854,24,0,0,24,19
2020-08-02,US,Iowa,Emmet,179,1,0,43.37782951,-94.67858943,19063.0,1943.9617723718509,0.5586592178770949,178,178,1,0,177,178,9253,1,0,0,1,0
2020-08-02,US,Iowa,Fayette,79,0,0,42.86271799,-91.8441231,19065.0,402.0356234096692,0.0,79,77,0,0,77,77,19660,2,0,0,2,0
2020-08-02,US,Iowa,Floyd,124,2,0,43.06000529999999,-92.78940097,19067.0,792.7375015982611,1.6129032258064515,122,116,2,0,114,109,15761,8,0,0,8,7
2020-08-02,US,Iowa,Franklin,213,4,0,42.73270384,-93.26256925,19069.0,2115.19364448858,1.8779342723004693,209,212,4,0,208,209,10124,1,0,0,1,3
2020-08-02,US,Iowa,Fremont,36,0,0,40.74542720000001,-95.60129045,19071.0,517.2413793103449,0.0,36,35,0,0,35,32,6993,1,0,0,1,3
2020-08-02,US,Iowa,Greene,38,0,0,42.03614551,-94.39658081,19073.0,427.5427542754276,0.0,38,38,0,0,38,38,8981,0,0,0,0,0
2020-08-02,US,Iowa,Grundy,72,1,0,42.40183723,-92.78829551,19075.0,588.6200130804447,1.3888888888888888,71,72,1,0,71,72,12304,0,0,0,0,0
2020-08-02,US,Iowa,Guthrie,126,5,0,41.68378965,-94.50111014,19077.0,1178.7819253438115,3.968253968253968,121,125,5,0,120,124,10720,1,0,0,1,1
2020-08-02,US,Iowa,Hamilton,239,1,0,42.38382428,-93.70197703,19079.0,1617.816286468557,0.41841004184100417,238,238,1,0,237,237,14952,1,0,0,1,1
2020-08-02,US,Iowa,Hancock,116,2,0,43.08178477,-93.73454884,19081.0,1091.2511759172155,1.7241379310344829,114,114,2,0,112,114,10712,2,0,0,2,0
2020-08-02,US,Iowa,Hardin,166,0,0,42.38353877,-93.23654611,19083.0,985.3971269144008,0.0,166,162,0,0,162,161,16868,4,0,0,4,1
2020-08-02,US,Iowa,Harrison,96,0,0,41.68330137,-95.81558439,19085.0,683.3226564168268,0.0,96,95,0,0,95,90,14134,1,0,0,1,5
2020-08-02,US,Iowa,Henry,112,3,0,40.98767962,-91.54436349,19087.0,561.2909692292272,2.6785714285714284,109,111,3,0,108,109,20067,1,0,0,1,2
2020-08-02,US,Iowa,Howard,48,0,0,43.35671042,-92.31702714,19089.0,524.13190652981,0.0,48,48,0,0,48,47,9187,0,0,0,0,1
2020-08-02,US,Iowa,Humboldt,89,1,0,42.7764426,-94.20722537,19091.0,931.1571458464116,1.1235955056179776,88,89,1,0,88,87,9547,0,0,0,0,2
2020-08-02,US,Iowa,Ida,29,0,0,42.38696136,-95.51355387,19093.0,422.7405247813411,0.0,29,29,0,0,29,29,6841,0,0,0,0,0
2020-08-02,US,Iowa,Iowa,88,1,0,41.68630265,-92.0643373,19095.0,543.7469105289174,1.1363636363636365,87,90,1,0,89,87,16141,-2,0,0,-2,3
2020-08-02,US,Iowa,Jackson,139,1,0,42.17178824,-90.57354837,19097.0,715.0573589176398,0.7194244604316546,138,134,1,0,133,132,19432,5,0,0,5,2
2020-08-02,US,Iowa,Jasper,454,24,0,41.68576082,-93.05567785,19099.0,1220.9224149522654,5.286343612334802,430,453,24,0,429,450,37147,1,0,0,1,3
2020-08-02,US,Iowa,Jefferson,78,0,0,41.03192394,-91.94849466,19101.0,426.345996173818,0.0,78,76,0,0,76,75,18381,2,0,0,2,1
2020-08-02,US,Iowa,Johnson,1918,15,0,41.67169354,-91.58754744,19103.0,1269.022098716422,0.7820646506777894,1903,1901,15,0,1886,1881,151260,17,0,0,17,20
2020-08-02,US,Iowa,Jones,123,1,0,42.12118609,-91.13139641,19105.0,594.7488032493593,0.8130081300813008,122,122,1,0,121,122,20744,1,0,0,1,0
2020-08-02,US,Iowa,Keokuk,30,1,0,41.33649833,-92.1785067,19107.0,292.7971891469842,3.333333333333333,29,30,1,0,29,28,10225,0,0,0,0,2
2020-08-02,US,Iowa,Kossuth,77,0,0,43.20405458,-94.20691791,19109.0,519.813677175454,0.0,77,77,0,0,77,76,14908,0,0,0,0,1
2020-08-02,US,Iowa,Lee,92,3,0,40.64181461,-91.48183025,19111.0,273.34581216388864,3.260869565217391,89,88,3,0,85,89,34055,4,0,0,4,-1
2020-08-02,US,Iowa,Linn,2089,87,0,42.07923082,-91.59809485,19113.0,921.4577470380141,4.164672091910004,2002,2064,87,0,1977,2005,225909,25,0,0,25,59
2020-08-02,US,Iowa,Louisa,378,14,0,41.21842119,-91.26102611,19115.0,3425.46443135478,3.703703703703704,364,377,14,0,363,378,11169,1,0,0,1,-1
2020-08-02,US,Iowa,Lucas,43,4,0,41.02958964,-93.32780803,19117.0,500.0,9.30232558139535,39,42,4,0,38,42,8645,1,0,0,1,0
2020-08-02,US,Iowa,Lyon,100,0,0,43.38107862,-96.20926845,19119.0,850.7018290089324,0.0,100,99,0,0,99,99,11811,1,0,0,1,0
2020-08-02,US,Iowa,Madison,100,2,0,41.33081904,-94.01554631,19121.0,612.0700208103808,2.0,98,96,2,0,94,93,16249,4,0,0,4,3
2020-08-02,US,Iowa,Mahaska,136,17,0,41.33521503,-92.64083907,19123.0,615.5238741796786,12.5,119,135,17,0,118,133,22000,1,0,0,1,2
2020-08-02,US,Iowa,Marion,152,0,0,41.33445101,-93.09934783,19125.0,457.10161489188937,0.0,152,148,0,0,148,147,33407,4,0,0,4,1
2020-08-02,US,Iowa,Marshall,1383,24,0,42.03586837,-92.9990819,19127.0,3512.9162539053573,1.735357917570499,1359,1381,24,0,1357,1373,39981,2,0,0,2,8
2020-08-02,US,Iowa,Mills,81,0,0,41.03299766,-95.61920963,19129.0,536.1043086901847,0.0,81,79,0,0,79,76,15063,2,0,0,2,3
2020-08-02,US,Iowa,Mitchell,76,0,0,43.35638371,-92.78887719,19131.0,717.9293406385792,0.0,76,76,0,0,76,76,10569,0,0,0,0,0
2020-08-02,US,Iowa,Monona,90,0,0,42.05220391,-95.95743843,19133.0,1044.689495066744,0.0,90,90,0,0,90,89,8679,0,0,0,0,1
2020-08-02,US,Iowa,Monroe,66,7,0,41.02988815,-92.8690667,19135.0,856.3643441027639,10.606060606060606,59,66,7,0,59,66,7790,0,0,0,0,0
2020-08-02,US,Iowa,Montgomery,43,3,0,41.03018714,-95.15642896,19137.0,433.59887062619737,6.9767441860465125,40,43,3,0,40,42,10003,0,0,0,0,1
2020-08-02,US,Iowa,Muscatine,824,48,0,41.48370744,-91.1121697,19139.0,1931.3707106694171,5.825242718446603,776,815,47,0,768,807,42929,9,1,0,8,8
2020-08-02,US,Iowa,O'Brien,131,1,0,43.08310673,-95.62474482,19141.0,952.5194503017523,0.7633587786259542,130,116,1,0,115,116,13840,15,0,0,15,0
2020-08-02,US,Iowa,Osceola,77,0,0,43.37824276,-95.62422844,19143.0,1292.3799932863374,0.0,77,77,0,0,77,77,6040,0,0,0,0,0
2020-08-02,US,Iowa,Page,74,0,0,40.7393172,-95.1497813,19145.0,489.8391474151056,0.0,74,71,0,0,71,69,15249,3,0,0,3,2
2020-08-02,US,Iowa,Palo Alto,78,0,0,43.08193849,-94.67824621,19147.0,877.7852802160703,0.0,78,74,0,0,74,74,8929,4,0,0,4,0
2020-08-02,US,Iowa,Plymouth,443,8,0,42.737633,-96.21366621,19149.0,1759.542439528141,1.8058690744920995,435,440,8,0,432,435,25095,3,0,0,3,5
2020-08-02,US,Iowa,Pocahontas,113,1,0,42.73420133,-94.67862564,19151.0,1707.2065266656596,0.8849557522123894,112,113,1,0,112,113,6740,0,0,0,0,0
2020-08-02,US,Iowa,Polk,9709,202,0,41.68679484,-93.57767461,19153.0,1980.7777444553933,2.0805438253167163,9507,9609,202,0,9407,9479,487204,100,0,0,100,130
2020-08-02,US,Iowa,Pottawattamie,1212,23,0,41.33640314,-95.53907776,19155.0,1300.3454713215888,1.8976897689768977,1189,1204,21,0,1183,1153,93533,8,2,0,6,51
2020-08-02,US,Iowa,Poweshiek,146,8,0,41.68625425,-92.53155731,19157.0,789.0185905750106,5.479452054794519,138,145,8,0,137,137,18699,1,0,0,1,8
2020-08-02,US,Iowa,Ringgold,21,1,0,40.73518949,-94.24368535,19159.0,429.09685328974257,4.761904761904762,20,21,1,0,20,21,4968,0,0,0,0,0
2020-08-02,US,Iowa,Sac,81,0,0,42.38624071,-95.10547892,19161.0,833.2476082707541,0.0,81,81,0,0,81,79,9719,0,0,0,0,2
2020-08-02,US,Iowa,Scott,1590,12,0,41.63935978,-90.61959493,19163.0,919.3780609796293,0.7547169811320755,1578,1576,12,0,1564,1557,173283,14,0,0,14,19
2020-08-02,US,Iowa,Shelby,159,1,0,41.6850066,-95.31015553,19165.0,1388.1613410162388,0.6289308176100629,158,156,1,0,155,155,11578,3,0,0,3,1
2020-08-02,US,Iowa,Sioux,593,2,0,43.08221074,-96.1767568,19167.0,1701.334098407689,0.3372681281618887,591,588,2,0,586,588,34909,5,0,0,5,0
2020-08-02,US,Iowa,Story,1110,13,0,42.03621213,-93.46499005,19169.0,1142.9512855627747,1.1711711711711712,1097,1101,13,0,1088,1088,98105,9,0,0,9,13
2020-08-02,US,Iowa,Tama,537,29,0,42.07991767,-92.53266945,19171.0,3186.187255250979,5.400372439478584,508,535,29,0,506,534,16904,2,0,0,2,1
2020-08-02,US,Iowa,Taylor,93,0,0,40.73710579,-94.69778563,19173.0,1519.3595817676846,0.0,93,93,0,0,93,93,6191,0,0,0,0,0
2020-08-02,US,Iowa,Unassigned,7,0,0,0.0,0.0,90019.0,0.0,0.0,7,5,0,0,5,5,,2,0,0,2,0
2020-08-02,US,Iowa,Union,70,1,0,41.0277278,-94.24234847,19175.0,571.8487051711461,1.4285714285714286,69,70,1,0,69,66,12359,0,0,0,0,4
2020-08-02,US,Iowa,Van Buren,31,1,0,40.75326764,-91.95017958,19177.0,440.0908574673481,3.2258064516129035,30,30,1,0,29,29,7020,1,0,0,1,1
2020-08-02,US,Iowa,Wapello,845,31,0,41.03064984,-92.40954728,19179.0,2416.425977294175,3.668639053254438,814,829,31,0,798,827,35205,16,0,0,16,2
2020-08-02,US,Iowa,Warren,526,1,0,41.33559454,-93.56007641,19181.0,1022.0339641705203,0.19011406844106465,525,517,1,0,516,503,51056,9,0,0,9,14
2020-08-02,US,Iowa,Washington,287,10,0,41.33577126,-91.71725711,19183.0,1306.624174823583,3.484320557491289,277,285,10,0,275,284,22141,2,0,0,2,1
2020-08-02,US,Iowa,Wayne,15,1,0,40.73969028,-93.32752197,19185.0,232.8830926874709,6.666666666666668,14,15,1,0,14,15,6401,0,0,0,0,0
2020-08-02,US,Iowa,Webster,712,5,0,42.42853483,-94.17987389,19187.0,1983.0659536541891,0.702247191011236,707,709,5,0,704,699,36277,3,0,0,3,10
2020-08-02,US,Iowa,Winnebago,73,0,0,43.37751174,-93.73407298,19189.0,705.0415298435388,0.0,73,71,0,0,71,71,10518,2,0,0,2,0
2020-08-02,US,Iowa,Winneshiek,82,1,0,43.29094334,-91.84422722,19191.0,410.18458306237807,1.2195121951219512,81,78,1,0,77,77,20029,4,0,0,4,1
2020-08-02,US,Iowa,Woodbury,3642,50,0,42.38979414,-96.0459439,19193.0,3532.2529023247694,1.372872048325096,3592,3630,49,0,3581,3620,102539,12,1,0,11,10
2020-08-02,US,Iowa,Worth,61,0,0,43.37750768,-93.26087602,19195.0,826.4462809917355,0.0,61,60,0,0,60,59,7453,1,0,0,1,1
2020-08-02,US,Iowa,Wright,441,1,0,42.73305373,-93.73515113,19197.0,3510.5874860690974,0.2267573696145125,440,440,1,0,439,439,12690,1,0,0,1,1
2020-08-02,US,Kansas,Allen,14,0,0,37.88582951,-95.30030847,20001.0,113.18619128466328,0.0,14,14,0,0,14,14,12444,0,0,0,0,0
2020-08-02,US,Kansas,Anderson,27,0,0,38.21413251,-95.29272815,20003.0,343.5988801221685,0.0,27,27,0,0,27,27,7878,0,0,0,0,0
2020-08-02,US,Kansas,Atchison,61,0,0,39.53185661,-95.30870026,20005.0,379.5184470851739,0.0,61,61,0,0,61,61,16193,0,0,0,0,0
2020-08-02,US,Kansas,Barber,4,0,0,37.2288586,-98.68460053,20007.0,90.35464196973119,0.0,4,4,0,0,4,4,4472,0,0,0,0,0
2020-08-02,US,Kansas,Barton,114,3,0,38.47889676,-98.75636726,20009.0,442.2204119632258,2.631578947368421,111,114,3,0,111,109,26111,0,0,0,0,5
2020-08-02,US,Kansas,Bourbon,65,1,0,37.85508555,-94.84865997,20011.0,447.22719141323785,1.5384615384615383,64,65,1,0,64,65,14653,0,0,0,0,0
2020-08-02,US,Kansas,Brown,32,0,0,39.82652589,-95.56421698,20013.0,334.58803847762437,0.0,32,32,0,0,32,32,9598,0,0,0,0,0
2020-08-02,US,Kansas,Butler,200,0,0,37.78134351,-96.83878537,20015.0,298.9045149526984,0.0,200,200,0,0,200,200,66765,0,0,0,0,0
2020-08-02,US,Kansas,Chase,6,0,0,38.30292938,-96.59563862,20017.0,226.5861027190332,0.0,6,6,0,0,6,6,2629,0,0,0,0,0
2020-08-02,US,Kansas,Chautauqua,5,0,0,37.14994405,-96.2454192,20019.0,153.84615384615384,0.0,5,5,0,0,5,5,3309,0,0,0,0,0
2020-08-02,US,Kansas,Cherokee,73,1,0,37.16928494,-94.8462897,20021.0,366.11665580019064,1.3698630136986298,72,73,1,0,72,73,20015,0,0,0,0,0
2020-08-02,US,Kansas,Cheyenne,2,0,0,39.78580976,-101.7318201,20023.0,75.27286413248024,0.0,2,2,0,0,2,2,2660,0,0,0,0,0
2020-08-02,US,Kansas,Clark,43,1,0,37.23577007,-99.81883015,20025.0,2156.469408224674,2.3255813953488373,42,43,1,0,42,43,2005,0,0,0,0,0
2020-08-02,US,Kansas,Clay,17,2,0,39.34948772,-97.16518128,20027.0,212.44688827793053,11.764705882352944,15,17,2,0,15,17,7997,0,0,0,0,0
2020-08-02,US,Kansas,Cloud,29,0,0,39.48028352,-97.64925343,20029.0,330.07056681083543,0.0,29,29,0,0,29,29,8729,0,0,0,0,0
2020-08-02,US,Kansas,Coffey,65,8,0,38.2365018,-95.73379515,20031.0,794.7181807066878,12.307692307692307,57,65,8,0,57,65,8233,0,0,0,0,0
2020-08-02,US,Kansas,Comanche,3,0,0,37.19114520000001,-99.27113247,20033.0,176.47058823529412,0.0,3,3,0,0,3,3,1748,0,0,0,0,0
2020-08-02,US,Kansas,Cowley,151,2,0,37.23781842,-96.83776647,20035.0,432.56560100836487,1.3245033112582782,149,151,2,0,149,151,35218,0,0,0,0,0
2020-08-02,US,Kansas,Crawford,368,1,0,37.50675523,-94.85245778,20037.0,948.0138080272037,0.2717391304347826,367,368,1,0,367,368,39019,0,0,0,0,0
2020-08-02,US,Kansas,Decatur,5,0,0,39.78468441,-100.45940809999999,20039.0,176.86593562079943,0.0,5,5,0,0,5,5,2871,0,0,0,0,0
2020-08-02,US,Kansas,Dickinson,40,1,0,38.86600962,-97.15532383,20041.0,216.61431820643344,2.5,39,40,1,0,39,40,18717,0,0,0,0,0
2020-08-02,US,Kansas,Doniphan,44,0,0,39.79067154,-95.14056866,20043.0,578.9473684210526,0.0,44,44,0,0,44,44,7682,0,0,0,0,0
2020-08-02,US,Kansas,Douglas,650,3,0,38.88503636,-95.2925121,20045.0,531.6582010322348,0.4615384615384616,647,650,3,0,647,650,121436,0,0,0,0,0
2020-08-02,US,Kansas,Edwards,10,0,0,37.88735543,-99.31263309,20047.0,357.39814152966414,0.0,10,10,0,0,10,10,2849,0,0,0,0,0
2020-08-02,US,Kansas,Elk,1,0,0,37.45338105,-96.24369667,20049.0,39.52569169960474,0.0,1,1,0,0,1,1,2508,0,0,0,0,0
2020-08-02,US,Kansas,Ellis,128,1,0,38.91458712,-99.31751551,20051.0,448.2891464994922,0.78125,127,128,1,0,127,128,28710,0,0,0,0,0
2020-08-02,US,Kansas,Ellsworth,18,0,0,38.69677695,-98.20462799,20053.0,294.9852507374631,0.0,18,18,0,0,18,18,6196,0,0,0,0,0
2020-08-02,US,Kansas,Finney,1737,10,0,38.04340344,-100.73819379999999,20055.0,4763.2105739435665,0.5757052389176741,1727,1737,10,0,1727,1737,36611,0,0,0,0,0
2020-08-02,US,Kansas,Ford,2026,8,0,37.69200114,-99.88825298,20057.0,6026.354144977541,0.3948667324777888,2018,2026,8,0,2018,2026,33888,0,0,0,0,0
2020-08-02,US,Kansas,Franklin,149,1,0,38.56443815,-95.28644341,20059.0,583.3072345756342,0.6711409395973155,148,149,1,0,148,149,25631,0,0,0,0,0
2020-08-02,US,Kansas,Geary,128,2,0,38.99871131,-96.7577178,20061.0,404.1679823176509,1.5625,126,128,2,0,126,128,32594,0,0,0,0,0
2020-08-02,US,Kansas,Gove,3,0,0,38.91588178,-100.4829321,20063.0,113.80880121396058,0.0,3,3,0,0,3,3,2612,0,0,0,0,0
2020-08-02,US,Kansas,Graham,16,0,0,39.34987223,-99.88332493,20065.0,644.64141821112,0.0,16,16,0,0,16,16,2492,0,0,0,0,0
2020-08-02,US,Kansas,Grant,94,2,0,37.56227336,-101.3079758,20067.0,1314.6853146853148,2.127659574468085,92,94,2,0,92,92,7336,0,0,0,0,2
2020-08-02,US,Kansas,Gray,71,0,0,37.73836671,-100.4369088,20069.0,1185.7047428189712,0.0,71,71,0,0,71,71,6033,0,0,0,0,0
2020-08-02,US,Kansas,Greeley,3,0,0,38.4808095,-101.8061079,20071.0,243.50649350649346,0.0,3,3,0,0,3,3,1227,0,0,0,0,0
2020-08-02,US,Kansas,Greenwood,19,0,0,37.8774388,-96.23250453,20073.0,317.6195252423938,0.0,19,19,0,0,19,15,6055,0,0,0,0,4
2020-08-02,US,Kansas,Hamilton,37,0,0,37.99978709,-101.7921066,20075.0,1457.26664040961,0.0,37,37,0,0,37,37,2607,0,0,0,0,0
2020-08-02,US,Kansas,Harper,8,0,0,37.19175361,-98.07578384,20077.0,147.16703458425312,0.0,8,8,0,0,8,8,5506,0,0,0,0,0
2020-08-02,US,Kansas,Harvey,157,1,0,38.04293782,-97.42747573,20079.0,456.01092102587927,0.6369426751592356,156,157,1,0,156,157,34210,0,0,0,0,0
2020-08-02,US,Kansas,Haskell,44,0,0,37.562039399999996,-100.8710738,20081.0,1108.8709677419354,0.0,44,44,0,0,44,44,3997,0,0,0,0,0
2020-08-02,US,Kansas,Hodgeman,11,0,0,38.08780079,-99.89829881,20083.0,613.1549609810479,0.0,11,11,0,0,11,11,1818,0,0,0,0,0
2020-08-02,US,Kansas,Jackson,144,1,0,39.41673394,-95.79356799,20085.0,1093.3110621820667,0.6944444444444444,143,144,1,0,143,144,13280,0,0,0,0,0
2020-08-02,US,Kansas,Jefferson,59,0,0,39.2347941,-95.38289232,20087.0,309.8251325946542,0.0,59,59,0,0,59,59,18975,0,0,0,0,0
2020-08-02,US,Kansas,Jewell,9,0,0,39.78470589,-98.21820662,20089.0,312.6085446335533,0.0,9,9,0,0,9,9,2841,0,0,0,0,0
2020-08-02,US,Kansas,Johnson,5014,98,0,38.88548175,-94.82250877,20091.0,832.335935697318,1.954527323494216,4916,5014,98,0,4916,4883,597555,0,0,0,0,131
2020-08-02,US,Kansas,Kearny,57,1,0,38.00017981,-101.32168100000001,20093.0,1485.148514851485,1.7543859649122806,56,57,1,0,56,57,3943,0,0,0,0,0
2020-08-02,US,Kansas,Kingman,9,0,0,37.55909527,-98.13638678,20095.0,125.83892617449663,0.0,9,9,0,0,9,9,7310,0,0,0,0,0
2020-08-02,US,Kansas,Kiowa,6,0,0,37.55848695,-99.2856537,20097.0,242.42424242424244,0.0,6,6,0,0,6,6,2516,0,0,0,0,0
2020-08-02,US,Kansas,Labette,107,0,0,37.19113093,-95.29849679,20099.0,545.4174737485981,0.0,107,107,0,0,107,107,19964,0,0,0,0,0
2020-08-02,US,Kansas,Lane,5,0,0,38.48119447,-100.46607540000001,20101.0,325.73289902280135,0.0,5,5,0,0,5,5,1560,0,0,0,0,0
2020-08-02,US,Kansas,Leavenworth,1392,8,0,39.20183497,-95.03620809,20103.0,1702.585679688838,0.5747126436781609,1384,1392,8,0,1384,1392,81352,0,0,0,0,0
2020-08-02,US,Kansas,Lincoln,6,0,0,39.04549684,-98.20756994,20105.0,202.56583389601624,0.0,6,6,0,0,6,6,3023,0,0,0,0,0
2020-08-02,US,Kansas,Linn,30,0,0,38.21267844,-94.84254089,20107.0,309.1827269916521,0.0,30,30,0,0,30,30,9750,0,0,0,0,0
2020-08-02,US,Kansas,Logan,2,0,0,38.91735806,-101.148475,20109.0,71.58196134574086,0.0,2,2,0,0,2,2,2844,0,0,0,0,0
2020-08-02,US,Kansas,Lyon,644,11,0,38.45576156,-96.15275715,20111.0,1940.051212532008,1.708074534161491,633,644,11,0,633,644,33406,0,0,0,0,0
2020-08-02,US,Kansas,Marion,42,1,0,38.35855394,-97.09852509999999,20115.0,353.4163581285763,2.380952380952381,41,42,1,0,41,48,11950,0,0,0,0,-6
2020-08-02,US,Kansas,Marshall,9,0,0,39.78359669,-96.52278974,20117.0,92.71659627073248,0.0,9,9,0,0,9,9,9722,0,0,0,0,0
2020-08-02,US,Kansas,McPherson,129,1,0,38.39184858,-97.64769869,20113.0,451.96552449022494,0.7751937984496124,128,129,1,0,128,129,28537,0,0,0,0,0
2020-08-02,US,Kansas,Meade,39,0,0,37.23859987,-100.36483100000001,20119.0,967.0220679394992,0.0,39,39,0,0,39,39,4146,0,0,0,0,0
2020-08-02,US,Kansas,Miami,117,0,0,38.56383358,-94.83832189,20121.0,341.73554925957296,0.0,117,117,0,0,117,117,33680,0,0,0,0,0
2020-08-02,US,Kansas,Mitchell,27,0,0,39.39331582,-98.20906732,20123.0,451.58053186151534,0.0,27,27,0,0,27,27,6150,0,0,0,0,0
2020-08-02,US,Kansas,Montgomery,152,5,0,37.19236568,-95.74329258,20125.0,477.55191806214464,3.2894736842105265,147,152,5,0,147,152,32120,0,0,0,0,0
2020-08-02,US,Kansas,Morris,9,0,0,38.68827511,-96.65128437,20127.0,160.14234875444842,0.0,9,9,0,0,9,9,5521,0,0,0,0,0
2020-08-02,US,Kansas,Morton,9,2,0,37.19141121,-101.79925190000002,20129.0,347.89331271743333,22.222222222222218,7,9,2,0,7,9,2667,0,0,0,0,0
2020-08-02,US,Kansas,Nemaha,47,0,0,39.78345387,-96.01392079,20131.0,459.3881341022383,0.0,47,47,0,0,47,47,10155,0,0,0,0,0
2020-08-02,US,Kansas,Neosho,50,0,0,37.55862897,-95.30670046,20133.0,312.36334103829574,0.0,50,50,0,0,50,50,15951,0,0,0,0,0
2020-08-02,US,Kansas,Ness,5,0,0,38.47974157,-99.91547333,20135.0,181.8181818181818,0.0,5,5,0,0,5,5,2840,0,0,0,0,0
2020-08-02,US,Kansas,Norton,23,0,0,39.78443827,-99.90286639,20137.0,429.0244357396009,0.0,23,23,0,0,23,22,5430,0,0,0,0,1
2020-08-02,US,Kansas,Osage,38,0,0,38.65235984,-95.72707998,20139.0,238.25945200326044,0.0,38,38,0,0,38,38,15941,0,0,0,0,0
2020-08-02,US,Kansas,Osborne,4,0,0,39.3503437,-98.76753828,20141.0,116.92487576731949,0.0,4,4,0,0,4,4,3475,0,0,0,0,0
2020-08-02,US,Kansas,Ottawa,30,0,0,39.13237408,-97.65020313,20143.0,525.9467040673212,0.0,30,30,0,0,30,30,5802,0,0,0,0,0
2020-08-02,US,Kansas,Pawnee,7,0,0,38.18108732,-99.23692334,20145.0,109.13626442157779,0.0,7,7,0,0,7,7,6562,0,0,0,0,0
2020-08-02,US,Kansas,Phillips,47,8,0,39.78465501,-99.34668865,20147.0,897.9747802827666,17.02127659574468,39,47,8,0,39,47,5317,0,0,0,0,0
2020-08-02,US,Kansas,Pottawatomie,102,0,0,39.37925655,-96.34564657,20149.0,418.32424229996315,0.0,102,102,0,0,102,102,24277,0,0,0,0,0
2020-08-02,US,Kansas,Pratt,33,0,0,37.64780729,-98.73922153,20151.0,360.10475774770845,0.0,33,33,0,0,33,33,9378,0,0,0,0,0
2020-08-02,US,Kansas,Reno,219,1,0,37.95230263,-98.08607292,20155.0,353.23720120003867,0.45662100456620996,218,219,1,0,218,214,62342,0,0,0,0,5
2020-08-02,US,Kansas,Republic,27,0,0,39.82799632,-97.65036709,20157.0,582.3986194995688,0.0,27,27,0,0,27,27,4664,0,0,0,0,0
2020-08-02,US,Kansas,Rice,27,0,0,38.34616184,-98.19992118,20159.0,283.10789556464294,0.0,27,27,0,0,27,27,9531,0,0,0,0,0
2020-08-02,US,Kansas,Riley,449,5,0,39.28935726,-96.73420026,20161.0,604.8604375471493,1.11358574610245,444,449,5,0,444,449,73703,0,0,0,0,0
2020-08-02,US,Kansas,Rooks,15,0,0,39.35022773,-99.32484567,20163.0,304.8780487804878,0.0,15,15,0,0,15,15,5013,0,0,0,0,0
2020-08-02,US,Kansas,Rush,5,0,0,38.52275276,-99.30863983,20165.0,164.69038208168644,0.0,5,5,0,0,5,5,3093,0,0,0,0,0
2020-08-02,US,Kansas,Russell,10,0,0,38.91462787,-98.76254297,20167.0,145.85764294049008,0.0,10,10,0,0,10,10,6907,0,0,0,0,0
2020-08-02,US,Kansas,Saline,340,5,0,38.78369175,-97.65185177,20169.0,627.028622012393,1.4705882352941178,335,340,5,0,335,340,54401,0,0,0,0,0
2020-08-02,US,Kansas,Scott,28,0,0,38.48222076,-100.90665390000001,20171.0,580.5515239477504,0.0,28,28,0,0,28,28,4897,0,0,0,0,0
2020-08-02,US,Kansas,Sedgwick,4287,42,0,37.6842718,-97.4608198,20173.0,830.7463346006723,0.979706088173548,4245,4158,39,0,4119,4072,513607,129,3,0,126,86
2020-08-02,US,Kansas,Seward,1188,4,0,37.19324632,-100.85072009999999,20175.0,5544.147843942506,0.3367003367003367,1184,1188,4,0,1184,1188,21780,0,0,0,0,0
2020-08-02,US,Kansas,Shawnee,1420,19,0,39.04100763,-95.75572640000001,20177.0,802.8268551236749,1.3380281690140845,1401,1389,19,0,1370,1389,177499,31,0,0,31,0
2020-08-02,US,Kansas,Sheridan,7,0,0,39.35018161,-100.44182590000001,20179.0,277.66759222530743,0.0,7,7,0,0,7,7,2533,0,0,0,0,0
2020-08-02,US,Kansas,Sherman,14,0,0,39.35147699,-101.71976240000001,20181.0,236.60638837248607,0.0,14,14,0,0,14,14,5899,0,0,0,0,0
2020-08-02,US,Kansas,Smith,3,0,0,39.78516566,-98.78566062,20183.0,83.72871895060004,0.0,3,3,0,0,3,3,3603,0,0,0,0,0
2020-08-02,US,Kansas,Stafford,3,0,0,38.03100851,-98.71762001,20185.0,72.18479307025987,0.0,3,3,0,0,3,3,4178,0,0,0,0,0
2020-08-02,US,Kansas,Stanton,16,1,0,37.56304714,-101.78435340000001,20187.0,797.6071784646061,6.25,15,16,1,0,15,16,1987,0,0,0,0,0
2020-08-02,US,Kansas,Stevens,43,0,0,37.1923008,-101.3118967,20189.0,783.9562443026434,0.0,43,43,0,0,43,43,5559,0,0,0,0,0
2020-08-02,US,Kansas,Sumner,97,3,0,37.23682549,-97.47721621,20191.0,424.7679103170433,3.0927835051546397,94,97,3,0,94,97,22996,0,0,0,0,0
2020-08-02,US,Kansas,Thomas,32,0,0,39.35107575,-101.0553705,20193.0,411.46971840041147,0.0,32,32,0,0,32,32,7711,0,0,0,0,0
2020-08-02,US,Kansas,Trego,5,1,0,38.91467218,-99.87284448,20195.0,178.38030681412772,20.0,4,5,1,0,4,5,2793,0,0,0,0,0
2020-08-02,US,Kansas,Unassigned,0,1,0,0.0,0.0,90020.0,0.0,0.0,-1,0,1,0,-1,0,,0,0,0,0,0
2020-08-02,US,Kansas,Wabaunsee,39,0,0,38.95471985,-96.20350509,20197.0,562.6893666137644,0.0,39,39,0,0,39,39,6899,0,0,0,0,0
2020-08-02,US,Kansas,Washington,2,0,0,39.78420784,-97.08753229999999,20201.0,36.99593044765076,0.0,2,2,0,0,2,2,5420,0,0,0,0,0
2020-08-02,US,Kansas,Wichita,3,0,0,38.48178252,-101.3471509,20203.0,141.57621519584708,0.0,3,3,0,0,3,3,2105,0,0,0,0,0
2020-08-02,US,Kansas,Wilson,8,0,0,37.55937174,-95.74323255,20205.0,93.84164222873899,0.0,8,8,0,0,8,8,8665,0,0,0,0,0
2020-08-02,US,Kansas,Woodson,11,0,0,37.8865336,-95.74006277,20207.0,350.54174633524536,0.0,11,11,0,0,11,11,3183,0,0,0,0,0
2020-08-02,US,Kansas,Wyandotte,4492,95,0,39.11727348,-94.76378225,20209.0,2715.364295256575,2.1148708815672306,4397,4373,95,0,4278,4373,165324,119,0,0,119,0
2020-08-02,US,Kentucky,Adair,203,19,0,37.10459774,-85.28129668,21001.0,1057.1815435892097,9.35960591133005,184,201,19,0,182,201,19215,2,0,0,2,0
2020-08-02,US,Kentucky,Allen,217,8,0,36.75197631,-86.19457544,21003.0,1018.0623973727423,3.6866359447004617,209,217,8,0,209,216,21122,0,0,0,0,1
2020-08-02,US,Kentucky,Anderson,75,1,0,38.00671029,-84.99171713,21005.0,329.71380841429635,1.3333333333333333,74,74,1,0,73,72,22663,1,0,0,1,2
2020-08-02,US,Kentucky,Ballard,30,0,0,37.05842757,-88.99427697,21007.0,380.3245436105477,0.0,30,30,0,0,30,30,7979,0,0,0,0,0
2020-08-02,US,Kentucky,Barren,328,2,0,36.96469836,-85.93338945,21009.0,741.2596894845082,0.6097560975609756,326,324,2,0,322,315,44176,4,0,0,4,9
2020-08-02,US,Kentucky,Bath,35,1,0,38.14735938,-83.74588932,21011.0,280.0,2.8571428571428568,34,34,1,0,33,32,12383,1,0,0,1,2
2020-08-02,US,Kentucky,Bell,274,2,0,36.73355174,-83.67766671,21013.0,1052.5507068223724,0.7299270072992701,272,270,2,0,268,267,26569,4,0,0,4,3
2020-08-02,US,Kentucky,Boone,1018,24,0,38.97065142,-84.72615357,21015.0,762.0844281746655,2.357563850687623,994,1006,24,0,982,984,131533,12,0,0,12,22
2020-08-02,US,Kentucky,Bourbon,69,1,0,38.2054607,-84.21827874,21017.0,348.6961795027289,1.4492753623188406,68,69,1,0,68,68,20184,0,0,0,0,1
2020-08-02,US,Kentucky,Boyd,171,3,0,38.36176608,-82.68652187,21019.0,366.02594289139086,1.7543859649122806,168,166,3,0,163,165,47240,5,0,0,5,1
2020-08-02,US,Kentucky,Boyle,134,0,0,37.62680923,-84.8633779,21021.0,445.77511643379904,0.0,134,131,0,0,131,129,30100,3,0,0,3,2
2020-08-02,US,Kentucky,Bracken,29,0,0,38.69158994,-84.08532444,21023.0,349.27134770564857,0.0,29,29,0,0,29,29,8239,0,0,0,0,0
2020-08-02,US,Kentucky,Breathitt,26,0,0,37.52333168,-83.31959161,21025.0,205.8590657165479,0.0,26,25,0,0,25,24,12726,1,0,0,1,1
2020-08-02,US,Kentucky,Breckinridge,52,2,0,37.77377239,-86.42885017,21027.0,253.9434487473751,3.8461538461538463,50,51,2,0,49,49,20388,1,0,0,1,2
2020-08-02,US,Kentucky,Bullitt,315,4,0,37.97162523,-85.68955617,21029.0,385.6702091189578,1.2698412698412698,311,311,4,0,307,300,81069,4,0,0,4,11
2020-08-02,US,Kentucky,Butler,292,15,0,37.20946153,-86.68748787,21031.0,2267.256774594301,5.136986301369864,277,291,15,0,276,291,12772,1,0,0,1,0
2020-08-02,US,Kentucky,Caldwell,49,0,0,37.14749129,-87.86948214,21033.0,384.40417353102686,0.0,49,49,0,0,49,45,12715,0,0,0,0,4
2020-08-02,US,Kentucky,Calloway,192,2,0,36.62093411,-88.2731593,21035.0,492.295069357196,1.0416666666666667,190,178,2,0,176,175,39135,14,0,0,14,3
2020-08-02,US,Kentucky,Campbell,523,13,0,38.94384345,-84.37875208,21037.0,558.856214737562,2.48565965583174,510,517,13,0,504,494,93152,6,0,0,6,23
2020-08-02,US,Kentucky,Carlisle,26,1,0,36.85372876,-88.96692220000001,21039.0,546.218487394958,3.8461538461538463,25,26,1,0,25,22,4771,0,0,0,0,4
2020-08-02,US,Kentucky,Carroll,141,2,0,38.66599534,-85.12601074,21041.0,1326.3098485561095,1.4184397163120568,139,140,2,0,138,140,10737,1,0,0,1,0
2020-08-02,US,Kentucky,Carter,95,1,0,38.31690743,-83.05092385,21043.0,354.51729671231857,1.0526315789473684,94,95,1,0,94,94,27004,0,0,0,0,1
2020-08-02,US,Kentucky,Casey,154,10,0,37.32533118,-84.92726209,21045.0,953.0292716133424,6.493506493506493,144,149,10,0,139,148,15888,5,0,0,5,1
2020-08-02,US,Kentucky,Christian,475,6,0,36.89267803,-87.49055367,21047.0,674.1317892167298,1.263157894736842,469,472,6,0,466,470,71671,3,0,0,3,2
2020-08-02,US,Kentucky,Clark,156,7,0,37.9689263,-84.14615986,21049.0,430.1905523536387,4.487179487179487,149,152,7,0,145,148,36249,4,0,0,4,4
2020-08-02,US,Kentucky,Clay,143,5,0,37.16451126,-83.712575,21051.0,718.5568564393749,3.4965034965034967,138,142,5,0,137,142,20105,1,0,0,1,0
2020-08-02,US,Kentucky,Clinton,26,0,0,36.72581156,-85.13377529,21053.0,254.45292620865138,0.0,26,23,0,0,23,23,10206,3,0,0,3,0
2020-08-02,US,Kentucky,Crittenden,26,1,0,37.35839237,-88.08826090000002,21055.0,295.25323642970704,3.8461538461538463,25,26,1,0,25,26,8915,0,0,0,0,0
2020-08-02,US,Kentucky,Cumberland,40,0,0,36.78926125,-85.39050034,21057.0,604.7777441790142,0.0,40,37,0,0,37,33,6659,3,0,0,3,4
2020-08-02,US,Kentucky,Daviess,712,7,0,37.73028906,-87.09019479999998,21059.0,701.4018185221306,0.9831460674157304,705,699,7,0,692,689,101104,13,0,0,13,10
2020-08-02,US,Kentucky,Edmonson,93,12,0,37.21218923,-86.23955613,21061.0,765.4320987654321,12.903225806451614,81,91,12,0,79,89,12274,2,0,0,2,2
2020-08-02,US,Kentucky,Elliott,7,0,0,38.11624059,-83.09771563,21063.0,93.1222562192364,0.0,7,7,0,0,7,7,7508,0,0,0,0,0
2020-08-02,US,Kentucky,Estill,12,0,0,37.69241417,-83.95956369,21065.0,85.07018290089323,0.0,12,12,0,0,12,12,14198,0,0,0,0,0
2020-08-02,US,Kentucky,Fayette,2777,46,0,38.0368225,-84.45576892,21067.0,859.3479229588553,1.6564638098667628,2731,2697,46,0,2651,2654,323780,80,0,0,80,43
2020-08-02,US,Kentucky,Fleming,55,0,0,38.36758311,-83.69657514,21069.0,377.2032096564022,0.0,55,54,0,0,54,53,14432,1,0,0,1,1
2020-08-02,US,Kentucky,Floyd,81,1,0,37.56213922,-82.74750924,21071.0,227.59841524066425,1.2345679012345678,80,81,1,0,80,80,35845,0,0,0,0,1
2020-08-02,US,Kentucky,Franklin,255,5,0,38.2379395,-84.87962551,21073.0,500.08825086780024,1.96078431372549,250,250,5,0,245,245,50815,5,0,0,5,5
2020-08-02,US,Kentucky,Fulton,59,1,0,36.55238827,-89.20140068,21075.0,988.44027475289,1.6949152542372878,58,56,1,0,55,49,6120,3,0,0,3,7
2020-08-02,US,Kentucky,Gallatin,79,8,0,38.75398691,-84.8558382,21077.0,890.7430375465103,10.126582278481012,71,79,8,0,71,77,8832,0,0,0,0,2
2020-08-02,US,Kentucky,Garrard,68,0,0,37.6388668,-84.53289319,21079.0,384.92018566738363,0.0,68,67,0,0,67,67,17560,1,0,0,1,0
2020-08-02,US,Kentucky,Grant,100,5,0,38.64962758,-84.62415957,21081.0,398.8990386533168,5.0,95,97,5,0,92,93,25121,3,0,0,3,4
2020-08-02,US,Kentucky,Graves,508,22,0,36.72292505,-88.65143315,21083.0,1363.1728653464286,4.330708661417323,486,501,22,0,479,494,37317,7,0,0,7,7
2020-08-02,US,Kentucky,Grayson,179,11,0,37.46231118,-86.34248968,21085.0,677.3375714231657,6.145251396648044,168,176,11,0,165,175,26321,3,0,0,3,1
2020-08-02,US,Kentucky,Green,30,2,0,37.26484328,-85.5540745,21087.0,274.197970935015,6.666666666666668,28,30,2,0,28,29,11049,0,0,0,0,1
2020-08-02,US,Kentucky,Greenup,89,1,0,38.54332505,-82.9215658,21089.0,253.57570231922043,1.1235955056179776,88,88,1,0,87,88,35268,1,0,0,1,0
2020-08-02,US,Kentucky,Hancock,47,0,0,37.83766422,-86.78280584,21091.0,538.8672322861729,0.0,47,45,0,0,45,43,8758,2,0,0,2,2
2020-08-02,US,Kentucky,Hardin,521,8,0,37.6976111,-85.96319251,21093.0,469.54703581535364,1.5355086372360844,513,517,8,0,509,511,110356,4,0,0,4,6
2020-08-02,US,Kentucky,Harlan,200,3,0,36.85699301,-83.21899516,21095.0,768.9350249903882,1.5,197,198,3,0,195,193,26409,2,0,0,2,5
2020-08-02,US,Kentucky,Harrison,116,0,0,38.44188174,-84.32869741,21097.0,614.2115853012814,0.0,116,115,0,0,115,113,18778,1,0,0,1,2
2020-08-02,US,Kentucky,Hart,77,0,0,37.29943898,-85.88461055,21099.0,404.51799317047545,0.0,77,77,0,0,77,76,18906,0,0,0,0,1
2020-08-02,US,Kentucky,Henderson,323,4,0,37.79344553,-87.57392021,21101.0,714.4437071444371,1.238390092879257,319,319,4,0,315,314,45591,4,0,0,4,5
2020-08-02,US,Kentucky,Henry,91,2,0,38.44942688,-85.11587507,21103.0,564.3060895448342,2.1978021978021984,89,89,2,0,87,88,16106,2,0,0,2,1
2020-08-02,US,Kentucky,Hickman,33,0,0,36.67948079999999,-88.97875928,21105.0,753.4246575342465,0.0,33,33,0,0,33,33,4421,0,0,0,0,0
2020-08-02,US,Kentucky,Hopkins,403,33,0,37.30939025,-87.54670406,21107.0,901.8484536543884,8.188585607940446,370,403,33,0,370,396,45068,0,0,0,0,7
2020-08-02,US,Kentucky,Jackson,142,14,0,37.41866422,-83.99825483,21109.0,1065.3462375271963,9.859154929577462,128,140,14,0,126,140,13442,2,0,0,2,0
2020-08-02,US,Kentucky,Jefferson,7131,233,0,38.18664655,-85.65931031,21111.0,930.0208540645864,3.267423923713364,6898,7040,233,0,6807,6888,770517,91,0,0,91,152
2020-08-02,US,Kentucky,Jessamine,290,0,0,37.87119786,-84.58252003,21113.0,535.8957775108564,0.0,290,278,0,0,278,264,53920,12,0,0,12,14
2020-08-02,US,Kentucky,Johnson,39,0,0,37.85106355,-82.8264322,21115.0,175.77068685776095,0.0,39,37,0,0,37,32,22386,2,0,0,2,5
2020-08-02,US,Kentucky,Kenton,1317,37,0,38.93950319,-84.53241199,21117.0,788.6321991880142,2.809415337889142,1280,1297,37,0,1260,1269,166051,20,0,0,20,28
2020-08-02,US,Kentucky,Knott,40,1,0,37.35388197,-82.94981134,21119.0,270.160745643658,2.5,39,40,1,0,39,38,15126,0,0,0,0,2
2020-08-02,US,Kentucky,Knox,201,8,0,36.89225732,-83.85403396,21121.0,645.3684379515171,3.9800995024875614,193,200,8,0,192,194,31304,1,0,0,1,6
2020-08-02,US,Kentucky,Larue,49,1,0,37.54567114,-85.70138352,21123.0,340.3250451451591,2.0408163265306123,48,47,1,0,46,46,14307,2,0,0,2,1
2020-08-02,US,Kentucky,Laurel,374,4,0,37.10975748,-84.11321779,21125.0,615.0000822192624,1.0695187165775402,370,373,4,0,369,367,60669,1,0,0,1,6
2020-08-02,US,Kentucky,Lawrence,33,0,0,38.07136018,-82.72882223,21127.0,215.44688907749557,0.0,33,33,0,0,33,32,15571,0,0,0,0,1
2020-08-02,US,Kentucky,Lee,4,0,0,37.59645942,-83.71513901,21129.0,54.032149128731604,0.0,4,3,0,0,3,3,7033,1,0,0,1,0
2020-08-02,US,Kentucky,Leslie,26,0,0,37.09246661,-83.37999606,21131.0,263.23782525058215,0.0,26,26,0,0,26,25,10143,0,0,0,0,1
2020-08-02,US,Kentucky,Letcher,49,0,0,37.12306748,-82.85346474,21133.0,227.3465410847677,0.0,49,49,0,0,49,46,21899,0,0,0,0,3
2020-08-02,US,Kentucky,Lewis,35,0,0,38.53184419,-83.37735618,21135.0,263.65348399246705,0.0,35,33,0,0,33,33,13257,2,0,0,2,0
2020-08-02,US,Kentucky,Lincoln,99,1,0,37.45475628,-84.6565327,21137.0,403.2750824880851,1.0101010101010102,98,98,1,0,97,96,24644,1,0,0,1,2
2020-08-02,US,Kentucky,Livingston,32,1,0,37.21137452,-88.34797529,21139.0,348.0530780944094,3.125,31,32,1,0,31,32,9242,0,0,0,0,0
2020-08-02,US,Kentucky,Logan,301,22,0,36.85949479,-86.877635,21141.0,1110.6191424987082,7.308970099667773,279,300,22,0,278,297,26989,1,0,0,1,3
2020-08-02,US,Kentucky,Lyon,30,4,0,37.02080035,-88.07886257,21143.0,365.4080389768576,13.333333333333336,26,30,4,0,26,29,8009,0,0,0,0,1
2020-08-02,US,Kentucky,Madison,383,1,0,37.71659336,-84.27220275,21151.0,411.8855323862474,0.2610966057441253,382,380,1,0,379,370,92368,3,0,0,3,10
2020-08-02,US,Kentucky,Magoffin,20,0,0,37.70820545,-83.0657714,21153.0,164.46015952635474,0.0,20,19,0,0,19,18,12362,1,0,0,1,1
2020-08-02,US,Kentucky,Marion,105,0,0,37.55218078,-85.26898542,21155.0,544.8036112696518,0.0,105,102,0,0,102,101,19404,3,0,0,3,1
2020-08-02,US,Kentucky,Marshall,124,2,0,36.88007070000001,-88.32803576,21157.0,398.71382636655954,1.6129032258064515,122,124,2,0,122,120,31191,0,0,0,0,4
2020-08-02,US,Kentucky,Martin,30,0,0,37.79990579,-82.51247478,21159.0,267.9767753461366,0.0,30,29,0,0,29,29,11323,1,0,0,1,0
2020-08-02,US,Kentucky,Mason,53,1,0,38.59471935,-83.82151043,21161.0,310.48623315758635,1.8867924528301887,52,53,1,0,52,52,17150,0,0,0,0,1
2020-08-02,US,Kentucky,McCracken,330,4,0,37.05350953,-88.70445755,21145.0,504.4483169769789,1.2121212121212122,326,328,4,0,324,325,65346,2,0,0,2,3
2020-08-02,US,Kentucky,McCreary,36,0,0,36.73874143,-84.48102924,21147.0,208.925773315536,0.0,36,35,0,0,35,33,17408,1,0,0,1,2
2020-08-02,US,Kentucky,McLean,38,1,0,37.5301951,-87.26803443,21149.0,412.7294449875095,2.631578947368421,37,38,1,0,37,38,9252,0,0,0,0,0
2020-08-02,US,Kentucky,Meade,85,2,0,37.96163597,-86.21028219,21163.0,297.4940501189976,2.3529411764705883,83,82,2,0,80,81,28715,3,0,0,3,1
2020-08-02,US,Kentucky,Menifee,29,0,0,37.94090733,-83.59985712,21165.0,446.9101556480197,0.0,29,29,0,0,29,29,6451,0,0,0,0,0
2020-08-02,US,Kentucky,Mercer,74,0,0,37.81474237,-84.87488475,21167.0,337.39114576209363,0.0,74,73,0,0,73,70,21774,1,0,0,1,3
2020-08-02,US,Kentucky,Metcalfe,50,2,0,36.99459295,-85.63123699,21169.0,496.4750273061265,4.0,48,50,2,0,48,46,10030,0,0,0,0,4
2020-08-02,US,Kentucky,Monroe,88,2,0,36.71225341,-85.71596443,21171.0,826.2910798122066,2.272727272727273,86,88,2,0,86,87,10718,0,0,0,0,1
2020-08-02,US,Kentucky,Montgomery,113,0,0,38.03253032,-83.9145241,21173.0,401.3211634762225,0.0,113,110,0,0,110,110,28203,3,0,0,3,0
2020-08-02,US,Kentucky,Morgan,29,0,0,37.92465657,-83.25558245,21175.0,217.89766323540462,0.0,29,28,0,0,28,28,13345,1,0,0,1,0
2020-08-02,US,Kentucky,Muhlenberg,611,10,0,37.21425819,-87.14632053,21177.0,1995.2974985304684,1.6366612111292962,601,610,9,0,601,609,30774,1,1,0,0,1
2020-08-02,US,Kentucky,Nelson,189,2,0,37.80335779,-85.4657193,21179.0,408.79890986957366,1.058201058201058,187,187,2,0,185,186,45851,2,0,0,2,1
2020-08-02,US,Kentucky,Nicholas,20,0,0,38.33342292,-84.01889177,21181.0,275.14100976750586,0.0,20,20,0,0,20,20,7166,0,0,0,0,0
2020-08-02,US,Kentucky,Ohio,340,6,0,37.47751843,-86.85368087,21183.0,1417.0209218971409,1.7647058823529411,334,339,6,0,333,339,24087,1,0,0,1,0
2020-08-02,US,Kentucky,Oldham,555,14,0,38.39791089,-85.448222,21185.0,830.8507612389408,2.5225225225225225,541,546,13,0,533,542,66470,9,1,0,8,4
2020-08-02,US,Kentucky,Owen,42,0,0,38.51679143,-84.82404619,21187.0,385.28575360058716,0.0,42,42,0,0,42,42,10880,0,0,0,0,0
2020-08-02,US,Kentucky,Owsley,10,0,0,37.42823949,-83.68811419,21189.0,226.5005662514156,0.0,10,9,0,0,9,9,4472,1,0,0,1,0
2020-08-02,US,Kentucky,Pendleton,36,0,0,38.69607718,-84.35599463,21191.0,246.74434544208358,0.0,36,36,0,0,36,34,14529,0,0,0,0,2
2020-08-02,US,Kentucky,Perry,187,3,0,37.25023553,-83.22922731,21193.0,725.9880425498874,1.60427807486631,184,184,3,0,181,177,26092,3,0,0,3,7
2020-08-02,US,Kentucky,Pike,219,3,0,37.47088263,-82.39487445,21195.0,378.39518971594435,1.3698630136986298,216,219,3,0,216,212,58402,0,0,0,0,7
2020-08-02,US,Kentucky,Powell,48,0,0,37.83218794,-83.82553961,21197.0,388.38093696901046,0.0,48,44,0,0,44,42,12442,4,0,0,4,2
2020-08-02,US,Kentucky,Pulaski,258,2,0,37.10466131,-84.57629079,21199.0,397.05135505317116,0.7751937984496124,256,239,2,0,237,236,64623,19,0,0,19,3
2020-08-02,US,Kentucky,Robertson,3,0,0,38.51923469,-84.05055616,21201.0,142.31499051233396,0.0,3,3,0,0,3,3,2135,0,0,0,0,0
2020-08-02,US,Kentucky,Rockcastle,61,0,0,37.36642393,-84.31176452,21203.0,365.3788559448937,0.0,61,60,0,0,60,60,16750,1,0,0,1,0
2020-08-02,US,Kentucky,Rowan,68,0,0,38.19484205,-83.42088935,21205.0,278.0049059689289,0.0,68,68,0,0,68,67,24583,0,0,0,0,1
2020-08-02,US,Kentucky,Russell,100,5,0,36.99308373,-85.06070117,21207.0,557.9423087652737,5.0,95,95,5,0,90,95,17821,5,0,0,5,0
2020-08-02,US,Kentucky,Scott,323,0,0,38.29622293,-84.5816631,21209.0,566.6269033752018,0.0,323,318,0,0,318,311,56031,5,0,0,5,7
2020-08-02,US,Kentucky,Shelby,708,22,0,38.21476019,-85.194223,21211.0,1444.1906005221927,3.1073446327683616,686,703,22,0,681,699,48518,5,0,0,5,4
2020-08-02,US,Kentucky,Simpson,138,7,0,36.74058474,-86.58047435,21213.0,743.0540598750807,5.0724637681159415,131,138,7,0,131,136,18529,0,0,0,0,2
2020-08-02,US,Kentucky,Spencer,97,0,0,38.03223971,-85.32749335,21215.0,501.2660844400807,0.0,97,96,0,0,96,94,18794,1,0,0,1,2
2020-08-02,US,Kentucky,Taylor,101,2,0,37.3677562,-85.3329931,21217.0,391.943808452016,1.98019801980198,99,100,2,0,98,100,25549,1,0,0,1,0
2020-08-02,US,Kentucky,Todd,33,0,0,36.8381152,-87.17878374,21219.0,268.4236212786725,0.0,33,33,0,0,33,31,12311,0,0,0,0,2
2020-08-02,US,Kentucky,Trigg,49,0,0,36.80767017,-87.87333656,21221.0,334.4481605351171,0.0,49,48,0,0,48,48,14643,1,0,0,1,0
2020-08-02,US,Kentucky,Trimble,32,0,0,38.61056487,-85.33775972,21223.0,377.7594144729076,0.0,32,32,0,0,32,32,8515,0,0,0,0,0
2020-08-02,US,Kentucky,Union,53,0,0,37.66166713,-87.94300009,21225.0,368.54182602044375,0.0,53,53,0,0,53,53,14505,0,0,0,0,0
2020-08-02,US,Kentucky,Warren,2427,22,0,36.99903045,-86.42672751,21227.0,1826.2400674211408,0.9064688916357644,2405,2404,22,0,2382,2372,131264,23,0,0,23,32
2020-08-02,US,Kentucky,Washington,62,0,0,37.75599461,-85.17407732,21229.0,512.6085159156677,0.0,62,59,0,0,59,55,12084,3,0,0,3,4
2020-08-02,US,Kentucky,Wayne,52,0,0,36.80310688,-84.8251971,21231.0,255.7418974081543,0.0,52,50,0,0,50,50,20468,2,0,0,2,0
2020-08-02,US,Kentucky,Webster,81,1,0,37.52168356,-87.67989953,21233.0,625.8692628650904,1.2345679012345678,80,79,1,0,78,79,13111,2,0,0,2,0
2020-08-02,US,Kentucky,Whitley,136,1,0,36.75700531,-84.14541217,21235.0,375.02757555702624,0.7352941176470589,135,133,1,0,132,114,36242,3,0,0,3,19
2020-08-02,US,Kentucky,Wolfe,9,0,0,37.73941626,-83.49303612,21237.0,125.75101299427135,0.0,9,9,0,0,9,9,7177,0,0,0,0,0
2020-08-02,US,Kentucky,Woodford,129,0,0,38.04178222,-84.7417556,21239.0,482.53160769058127,0.0,129,127,0,0,127,127,26533,2,0,0,2,0
2020-08-02,US,Louisiana,Acadia,2380,72,0,30.2950649,-92.41419698,22001.0,3835.925537916029,3.0252100840336134,2308,2331,71,0,2260,2331,62190,49,1,0,48,0
2020-08-02,US,Louisiana,Allen,1117,23,0,30.65385745,-92.82442028,22003.0,4358.684200257541,2.0590868397493285,1094,1036,19,0,1017,1036,25605,81,4,0,77,0
2020-08-02,US,Louisiana,Ascension,2609,68,0,30.20406249,-90.91328409999998,22005.0,2060.756374206186,2.6063625910310457,2541,2458,68,0,2390,2458,124672,151,0,0,151,0
2020-08-02,US,Louisiana,Assumption,552,19,0,29.89946234,-91.06461642,22007.0,2521.5842126901466,3.4420289855072466,533,537,19,0,518,537,22300,15,0,0,15,0
2020-08-02,US,Louisiana,Avoyelles,939,27,0,31.07796211,-92.00079449,22009.0,2339.0793144679155,2.8753993610223643,912,907,26,0,881,907,40462,32,1,0,31,0
2020-08-02,US,Louisiana,Beauregard,773,17,0,30.64836518,-93.34173616,22011.0,2061.498253193589,2.1992238033635187,756,743,14,0,729,743,37253,30,3,0,27,0
2020-08-02,US,Louisiana,Bienville,353,30,0,32.34569994,-93.05398492,22013.0,2665.961785363643,8.498583569405099,323,348,30,0,318,348,13308,5,0,0,5,0
2020-08-02,US,Louisiana,Bossier,2111,73,0,32.67932307,-93.60460152,22015.0,1661.6944402899896,3.4580767408810984,2038,2054,67,0,1987,2054,127185,57,6,0,51,0
2020-08-02,US,Louisiana,Caddo,6261,281,0,32.57991587,-93.88375652,22017.0,2606.534445721137,4.488100942341479,5980,6144,277,0,5867,6144,242922,117,4,0,113,0
2020-08-02,US,Louisiana,Calcasieu,6440,127,0,30.22931235,-93.35400434,22019.0,3165.614738787629,1.9720496894409936,6313,6278,121,0,6157,6278,203112,162,6,0,156,0
2020-08-02,US,Louisiana,Caldwell,197,2,0,32.0902519,-92.11752148,22021.0,1986.2875579753986,1.0152284263959392,195,190,1,0,189,190,9960,7,1,0,6,0
2020-08-02,US,Louisiana,Cameron,167,0,0,29.87592238,-93.19310676,22023.0,2394.951957550552,0.0,167,164,0,0,164,164,6968,3,0,0,3,0
2020-08-02,US,Louisiana,Catahoula,256,4,0,31.66778967,-91.84526385,22025.0,2696.439856751633,1.5625,252,249,4,0,245,249,9608,7,0,0,7,0
2020-08-02,US,Louisiana,Claiborne,222,11,0,32.82308512,-92.99526883,22027.0,1416.7198468410975,4.954954954954955,211,216,11,0,205,216,15944,6,0,0,6,0
2020-08-02,US,Louisiana,Concordia,278,8,0,31.44817835,-91.63814433,22029.0,1443.4809699361338,2.8776978417266186,270,261,7,0,254,261,19572,17,1,0,16,0
2020-08-02,US,Louisiana,De Soto,655,24,0,32.05457447,-93.74130302,22031.0,2385.027127407785,3.66412213740458,631,633,24,0,609,633,27436,22,0,0,22,0
2020-08-02,US,Louisiana,East Baton Rouge,11169,327,0,30.53842039,-91.09777565,22033.0,2538.0687589618665,2.9277464410421703,10842,10690,326,0,10364,10690,440956,479,1,0,478,0
2020-08-02,US,Louisiana,East Carroll,501,1,0,32.73926954,-91.23425694,22035.0,7302.142544818539,0.1996007984031936,500,493,1,0,492,493,7037,8,0,0,8,0
2020-08-02,US,Louisiana,East Feliciana,518,35,0,30.84425359,-91.04976723,22037.0,2707.081264698197,6.756756756756758,483,490,35,0,455,490,19305,28,0,0,28,0
2020-08-02,US,Louisiana,Evangeline,720,2,0,30.72985248,-92.39915924,22039.0,2156.0113789489446,0.2777777777777778,718,699,2,0,697,699,33443,21,0,0,21,0
2020-08-02,US,Louisiana,Franklin,826,17,0,32.13675181,-91.67589857,22041.0,4126.9048213839615,2.0581113801452786,809,785,16,0,769,785,20156,41,1,0,40,0
2020-08-02,US,Louisiana,Grant,280,9,0,31.59882456,-92.56124347,22043.0,1250.6141408727499,3.2142857142857144,271,270,8,0,262,270,22482,10,1,0,9,0
2020-08-02,US,Louisiana,Iberia,2218,63,0,29.86803617,-91.75871777,22045.0,3176.285264213089,2.840396753832281,2155,2160,62,0,2098,2160,70941,58,1,0,57,0
2020-08-02,US,Louisiana,Iberville,1138,47,0,30.25734305,-91.3499598,22047.0,3500.353726431054,4.130052724077329,1091,1100,47,0,1053,1100,32721,38,0,0,38,0
2020-08-02,US,Louisiana,Jackson,357,18,0,32.30251776,-92.55692092,22049.0,2267.530487804879,5.042016806722689,339,349,18,0,331,349,15902,8,0,0,8,0
2020-08-02,US,Louisiana,Jefferson,14453,518,0,29.74075478,-90.11115756,22051.0,3341.788190791527,3.584030997024839,13935,14155,513,0,13642,14155,434051,298,5,0,293,0
2020-08-02,US,Louisiana,Jefferson Davis,954,24,0,30.26896765,-92.81210004,22053.0,3041.315990818668,2.5157232704402515,930,944,24,0,920,944,31582,10,0,0,10,0
2020-08-02,US,Louisiana,LaSalle,236,2,0,31.67884782,-92.15907765,22059.0,1584.7434864356699,0.8474576271186439,234,219,2,0,217,219,14917,17,0,0,17,0
2020-08-02,US,Louisiana,Lafayette,6350,86,0,30.2049055,-92.06959876,22055.0,2598.30598633332,1.3543307086614174,6264,6155,84,0,6071,6155,242782,195,2,0,193,0
2020-08-02,US,Louisiana,Lafourche,2572,96,0,29.52470226,-90.40976986,22057.0,2634.8679492695724,3.7325038880248833,2476,2516,96,0,2420,2516,98115,56,0,0,56,0
2020-08-02,US,Louisiana,Lincoln,716,24,0,32.6003154,-92.6659741,22061.0,1531.8129305549612,3.35195530726257,692,695,23,0,672,695,47196,21,1,0,20,0
2020-08-02,US,Louisiana,Livingston,2660,49,0,30.44143993,-90.73061664,22063.0,1889.3521510913488,1.8421052631578947,2611,2561,48,0,2513,2561,139567,99,1,0,98,0
2020-08-02,US,Louisiana,Madison,564,6,0,32.36918118,-91.23973355,22065.0,5150.214592274678,1.0638297872340423,558,551,6,0,545,551,11161,13,0,0,13,0
2020-08-02,US,Louisiana,Morehouse,441,11,0,32.81686191,-91.80421614,22067.0,1772.93559540082,2.4943310657596367,430,428,11,0,417,428,25398,13,0,0,13,0
2020-08-02,US,Louisiana,Natchitoches,687,17,0,31.72321584,-93.09816516,22069.0,1800.4088264584095,2.4745269286754,670,662,17,0,645,662,38659,25,0,0,25,0
2020-08-02,US,Louisiana,Orleans,10384,560,0,30.06971951,-89.92660315,22071.0,2661.5813648293965,5.392912172573189,9824,10255,560,0,9695,10255,391006,129,0,0,129,0
2020-08-02,US,Louisiana,Ouachita,4474,105,0,32.47645559,-92.15704172,22073.0,2918.8603787863963,2.3468931604827894,4369,4372,105,0,4267,4372,154475,102,0,0,102,0
2020-08-02,US,Louisiana,Plaquemines,425,19,0,29.42245447,-89.60322085,22075.0,1832.1334655343364,4.470588235294118,406,420,19,0,401,420,23410,5,0,0,5,0
2020-08-02,US,Louisiana,Pointe Coupee,726,32,0,30.71409502,-91.60209535,22077.0,3341.003221352969,4.40771349862259,694,706,32,0,674,706,21940,20,0,0,20,0
2020-08-02,US,Louisiana,Rapides,3037,104,0,31.19778499,-92.52997303,22079.0,2342.4966061952364,3.424432005268357,2933,2945,102,0,2843,2945,130562,92,2,0,90,0
2020-08-02,US,Louisiana,Red River,189,11,0,32.09530039,-93.34213308,22081.0,2238.8059701492543,5.8201058201058204,178,179,10,0,169,179,8477,10,1,0,9,0
2020-08-02,US,Louisiana,Richland,538,6,0,32.41391005,-91.76634876,22083.0,2673.6904880230595,1.1152416356877324,532,513,6,0,507,513,20192,25,0,0,25,0
2020-08-02,US,Louisiana,Sabine,534,9,0,31.56388699,-93.55433981,22085.0,2235.806397588344,1.6853932584269662,525,518,7,0,511,518,24032,16,2,0,14,0
2020-08-02,US,Louisiana,St. Bernard,1028,23,0,29.87761636,-89.51887093,22087.0,2175.937685208704,2.2373540856031133,1005,1001,23,0,978,1001,46721,27,0,0,27,0
2020-08-02,US,Louisiana,St. Charles,1367,50,0,29.90709658,-90.35555967,22089.0,2574.3879472693034,3.65764447695684,1317,1340,50,0,1290,1340,52879,27,0,0,27,0
2020-08-02,US,Louisiana,St. Helena,246,1,0,30.82210324,-90.71013176,22091.0,2427.9510461902883,0.4065040650406504,245,238,1,0,237,238,10262,8,0,0,8,0
2020-08-02,US,Louisiana,St. James,645,31,0,30.02531716,-90.80212061,22093.0,3057.4516496018205,4.8062015503875966,614,624,31,0,593,624,21037,21,0,0,21,0
2020-08-02,US,Louisiana,St. John the Baptist,1348,88,0,30.12597499,-90.4753503,22095.0,3146.8123351308445,6.528189910979228,1260,1334,88,0,1246,1334,43184,14,0,0,14,0
2020-08-02,US,Louisiana,St. Landry,2183,74,0,30.59724262,-92.00135806,22097.0,2658.1754420145153,3.3898305084745757,2109,2082,72,0,2010,2082,82764,101,2,0,99,0
2020-08-02,US,Louisiana,St. Martin,1501,42,0,30.13112107,-91.61403569,22099.0,2809.230596470214,2.798134576948701,1459,1468,42,0,1426,1468,53621,33,0,0,33,0
2020-08-02,US,Louisiana,St. Mary,1434,49,0,29.69262097,-91.44702164,22101.0,2905.892842668396,3.4170153417015343,1385,1381,48,0,1333,1381,49774,53,1,0,52,0
2020-08-02,US,Louisiana,St. Tammany,4759,203,0,30.40942847,-89.95642711,22103.0,1827.4396261409495,4.265602017230512,4556,4621,201,0,4420,4621,258111,138,2,0,136,0
2020-08-02,US,Louisiana,Tangipahoa,3137,63,0,30.62888673,-90.40664996,22105.0,2327.87663812167,2.00828817341409,3074,3037,62,0,2975,3037,133777,100,1,0,99,0
2020-08-02,US,Louisiana,Tensas,63,0,0,32.00760749,-91.32915234,22107.0,1453.6225196123673,0.0,63,56,0,0,56,56,4462,7,0,0,7,0
2020-08-02,US,Louisiana,Terrebonne,2781,78,0,29.37343766,-90.82626855,22109.0,2517.6306569739545,2.8047464940668823,2703,2693,74,0,2619,2693,111021,88,4,0,84,0
2020-08-02,US,Louisiana,Unassigned,11,114,0,0.0,0.0,90022.0,0.0,1036.3636363636363,-103,10,114,0,-104,10,,1,0,0,1,0
2020-08-02,US,Louisiana,Union,619,33,0,32.83121059,-92.3749373,22111.0,2799.891442011941,5.331179321486268,586,596,32,0,564,596,22330,23,1,0,22,0
2020-08-02,US,Louisiana,Vermilion,1325,17,0,29.83517605,-92.30292538,22113.0,2226.4791383105644,1.2830188679245282,1308,1224,17,0,1207,1224,59830,101,0,0,101,0
2020-08-02,US,Louisiana,Vernon,684,22,0,31.10884837,-93.18153838,22115.0,1442.155643171899,3.2163742690058483,662,663,21,0,642,663,48860,21,1,0,20,0
2020-08-02,US,Louisiana,Washington,1193,58,0,30.85288548,-90.03866652,22117.0,2582.5864830930427,4.861693210393964,1135,1166,58,0,1108,1166,46582,27,0,0,27,0
2020-08-02,US,Louisiana,Webster,823,13,0,32.70847669,-93.33121835,22119.0,2146.583202921231,1.5795868772782502,810,811,13,0,798,811,38798,12,0,0,12,0
2020-08-02,US,Louisiana,West Baton Rouge,655,36,0,30.46058217,-91.30989571,22121.0,2474.966937464576,5.496183206106871,619,613,36,0,577,613,26427,42,0,0,42,0
2020-08-02,US,Louisiana,West Carroll,258,5,0,32.78550125,-91.461201,22123.0,2382.2714681440443,1.937984496124031,253,247,5,0,242,247,10982,11,0,0,11,0
2020-08-02,US,Louisiana,West Feliciana,324,16,0,30.87882871,-91.4148538,22125.0,2081.1921891058582,4.938271604938271,308,322,15,0,307,322,15460,2,1,0,1,0
2020-08-02,US,Louisiana,Winn,386,7,0,31.94449367,-92.63789413,22127.0,2776.179516685846,1.8134715025906736,379,374,7,0,367,374,14134,12,0,0,12,0
2020-08-02,US,Maine,Androscoggin,550,7,0,44.1664747,-70.20380627,23001.0,507.9564450437304,1.2727272727272727,543,550,7,0,543,548,107679,0,0,0,0,2
2020-08-02,US,Maine,Aroostook,32,1,0,46.65926321,-68.59841248,23003.0,47.722019237938994,3.125,31,32,1,0,31,32,67111,0,0,0,0,0
2020-08-02,US,Maine,Cumberland,2052,68,0,43.8370751,-70.37226999,23005.0,695.5861465815602,3.313840155945419,1984,2047,68,0,1979,2039,293557,5,0,0,5,8
2020-08-02,US,Maine,Franklin,45,1,0,44.97330019,-70.44381045,23007.0,149.01155667406206,2.2222222222222223,44,45,1,0,44,45,29897,0,0,0,0,0
2020-08-02,US,Maine,Hancock,34,1,0,44.59816444,-68.38401854,23009.0,61.83279684289014,2.9411764705882355,33,27,1,0,26,27,54811,7,0,0,7,0
2020-08-02,US,Maine,Kennebec,167,11,0,44.40759555,-69.76738544,23011.0,136.54723553171658,6.586826347305388,156,167,11,0,156,164,122083,0,0,0,0,3
2020-08-02,US,Maine,Knox,26,1,0,44.11486325,-69.10529169,23013.0,65.37262395655236,3.8461538461538463,25,26,1,0,25,26,39771,0,0,0,0,0
2020-08-02,US,Maine,Lincoln,34,1,0,44.05996956,-69.54227124,23015.0,98.16942888491079,2.9411764705882355,33,34,1,0,33,33,34342,0,0,0,0,1
2020-08-02,US,Maine,Oxford,55,0,0,44.49952995,-70.75682123,23017.0,94.8684777921518,0.0,55,54,0,0,54,54,57618,1,0,0,1,0
2020-08-02,US,Maine,Penobscot,148,5,0,45.40194593,-68.65020455,23019.0,97.27370717985121,3.3783783783783785,143,146,5,0,141,145,151096,2,0,0,2,1
2020-08-02,US,Maine,Piscataquis,3,0,0,45.83839062,-69.2860223,23021.0,17.873100983020553,0.0,3,3,0,0,3,3,16800,0,0,0,0,0
2020-08-02,US,Maine,Sagadahoc,50,0,0,43.95415864,-69.85074999,23023.0,139.44667559125392,0.0,50,50,0,0,50,46,35634,0,0,0,0,4
2020-08-02,US,Maine,Somerset,34,1,0,45.51229767,-69.95995554,23025.0,67.34807067585771,2.9411764705882355,33,34,1,0,33,34,50592,0,0,0,0,0
2020-08-02,US,Maine,Unassigned,2,0,0,0.0,0.0,90023.0,0.0,0.0,2,2,0,0,2,2,,0,0,0,0,0
2020-08-02,US,Maine,Waldo,62,14,0,44.4858305,-69.12061935,23027.0,156.11230013848672,22.580645161290327,48,62,14,0,48,62,39694,0,0,0,0,0
2020-08-02,US,Maine,Washington,9,0,0,45.01607142,-67.62813524,23029.0,28.681602345517703,0.0,9,8,0,0,8,7,31490,1,0,0,1,1
2020-08-02,US,Maine,York,655,12,0,43.47808377,-70.71052375,23031.0,315.44829778319314,1.83206106870229,643,650,12,0,638,645,206229,5,0,0,5,5
2020-08-02,US,Maryland,Allegany,271,18,0,39.62357628,-78.69280486,24001.0,384.8557146103158,6.6420664206642055,253,267,18,0,249,266,70975,4,0,0,4,1
2020-08-02,US,Maryland,Anne Arundel,6958,217,0,39.00670238,-76.60329337,24003.0,1201.2416398208668,3.118712273641851,6741,6855,217,0,6638,6770,576031,103,0,0,103,85
2020-08-02,US,Maryland,Baltimore,12175,551,0,39.45784712,-76.62911955,24005.0,1471.5302706165319,4.525667351129363,11624,11997,549,0,11448,11818,828431,178,2,0,176,179
2020-08-02,US,Maryland,Baltimore City,11577,413,0,39.30211911,-76.61151012,24510.0,1950.6647121265728,3.567418156689989,11164,11406,409,0,10997,11192,621342,171,4,0,167,214
2020-08-02,US,Maryland,Calvert,619,28,0,38.53961642,-76.56820632,24009.0,669.0083761145636,4.523424878836834,591,612,28,0,584,588,92003,7,0,0,7,24
2020-08-02,US,Maryland,Caroline,432,3,0,38.87172293,-75.82904158,24011.0,1293.1808657127465,0.6944444444444444,429,430,3,0,427,423,33304,2,0,0,2,7
2020-08-02,US,Maryland,Carroll,1481,116,0,39.56453592,-77.02373735,24013.0,879.2082969717477,7.8325455773126285,1365,1467,116,0,1351,1449,168429,14,0,0,14,18
2020-08-02,US,Maryland,Cecil,647,30,0,39.56647682,-75.94627411,24015.0,629.0408827961694,4.636785162287482,617,630,30,0,600,622,102826,17,0,0,17,8
2020-08-02,US,Maryland,Charles,1878,91,0,38.51092331,-76.98580666,24017.0,1150.3335232179934,4.845580404685836,1787,1855,91,0,1764,1832,161503,23,0,0,23,23
2020-08-02,US,Maryland,Dorchester,351,5,0,38.45413522,-76.02752426,24019.0,1099.3141031664004,1.4245014245014245,346,349,5,0,344,340,31998,2,0,0,2,9
2020-08-02,US,Maryland,Frederick,2998,121,0,39.47296601,-77.39999394,24021.0,1155.0894443010322,4.036024016010674,2877,2989,121,0,2868,2986,255648,9,0,0,9,3
2020-08-02,US,Maryland,Garrett,43,0,0,39.52786077,-79.27355126,24023.0,148.20431515819945,0.0,43,43,0,0,43,45,29163,0,0,0,0,-2
2020-08-02,US,Maryland,Harford,1818,68,0,39.55010644,-76.30775940000002,24025.0,711.7103362420285,3.74037403740374,1750,1780,67,0,1713,1750,253956,38,1,0,37,30
2020-08-02,US,Maryland,Howard,3622,106,0,39.25305293,-76.93126208,24027.0,1112.1004636310602,2.926559911651021,3516,3570,106,0,3464,3530,323196,52,0,0,52,40
2020-08-02,US,Maryland,Kent,235,23,0,39.24976208,-76.04741541,24029.0,1209.968077437957,9.787234042553193,212,235,23,0,212,232,19383,0,0,0,0,3
2020-08-02,US,Maryland,Montgomery,17758,791,0,39.13676329,-77.20358245,24031.0,1690.1306572455387,4.454330442617413,16967,17665,789,0,16876,17568,1052567,93,2,0,91,97
2020-08-02,US,Maryland,Prince George's,22743,743,0,38.83070039,-76.8496441,24033.0,2501.080469402096,3.2669392780196103,22000,22606,741,0,21865,22416,909308,137,2,0,135,190
2020-08-02,US,Maryland,Queen Anne's,397,25,0,39.06198912,-76.03530977,24035.0,787.9954744844287,6.297229219143577,372,386,25,0,361,383,50251,11,0,0,11,3
2020-08-02,US,Maryland,Somerset,123,3,0,38.1163542,-75.75118623,24039.0,480.16864459712684,2.4390243902439024,120,121,3,0,118,119,25675,2,0,0,2,2
2020-08-02,US,Maryland,St. Mary's,922,52,0,38.30058422,-76.60629279999998,24037.0,812.2632367192317,5.6399132321041225,870,904,52,0,852,896,112664,18,0,0,18,8
2020-08-02,US,Maryland,Talbot,366,4,0,38.76618159,-76.10882561,24041.0,984.3737392754364,1.0928961748633879,362,361,4,0,357,340,36968,5,0,0,5,21
2020-08-02,US,Maryland,Unassigned,0,14,0,0.0,0.0,90024.0,0.0,0.0,-14,0,16,0,-16,0,,0,-2,0,2,0
2020-08-02,US,Maryland,Washington,978,30,0,39.60835778,-77.82002295,24043.0,647.4720123933294,3.0674846625766867,948,967,30,0,937,952,150926,11,0,0,11,15
2020-08-02,US,Maryland,Wicomico,1294,44,0,38.37301947,-75.62705831,24045.0,1248.9262515804612,3.4003091190108186,1250,1287,44,0,1243,1279,103195,7,0,0,7,8
2020-08-02,US,Maryland,Worcester,588,19,0,38.21274277,-75.33200012,24047.0,1124.7991430101767,3.2312925170068025,569,583,19,0,564,550,51823,5,0,0,5,33
2020-08-02,US,Massachusetts,Barnstable,1757,157,0,41.72980578,-70.28854339,25001.0,824.9213578102257,8.935685828116107,1600,1755,156,0,1599,1745,213413,2,1,0,1,10
2020-08-02,US,Massachusetts,Berkshire,657,46,0,42.37428441,-73.20524838,25003.0,525.8355743373031,7.001522070015222,611,654,46,0,608,653,126348,3,0,0,3,1
2020-08-02,US,Massachusetts,Bristol,9124,625,0,41.79228404,-71.10872211,25005.0,1614.247271401957,6.850065760631303,8499,9088,623,0,8465,9073,564022,36,2,0,34,15
2020-08-02,US,Massachusetts,Dukes and Nantucket,98,1,0,41.40674725,-70.68763497,0.0,341.09498451150324,1.020408163265306,97,98,1,0,97,98,26707,0,0,0,0,0
2020-08-02,US,Massachusetts,Essex,17386,1183,0,42.6687626,-70.94687179,25009.0,2203.453843560607,6.804325319222362,16203,17305,1182,0,16123,17232,790638,81,1,0,80,73
2020-08-02,US,Massachusetts,Franklin,405,60,0,42.58119713,-72.58602547,25011.0,577.0874893131946,14.814814814814815,345,404,60,0,344,402,70963,1,0,0,1,2
2020-08-02,US,Massachusetts,Hampden,7467,698,0,42.13440424,-72.63235561,25013.0,1601.0823977425744,9.347796973349404,6769,7433,697,0,6736,7404,470406,34,1,0,33,29
2020-08-02,US,Massachusetts,Hampshire,1136,127,0,42.33997957,-72.65898478,25015.0,706.335882608966,11.179577464788732,1009,1132,127,0,1005,1126,161355,4,0,0,4,6
2020-08-02,US,Massachusetts,Middlesex,25894,1985,0,42.48607732,-71.39049229,25017.0,1606.6275402541046,7.665868540974742,23909,25801,1983,0,23818,25706,1614714,93,2,0,91,95
2020-08-02,US,Massachusetts,Norfolk,10343,988,0,42.16073095,-71.20530408,25021.0,1463.4077323051886,9.5523542492507,9355,10305,986,0,9319,10236,705388,38,2,0,36,69
2020-08-02,US,Massachusetts,Plymouth,9115,712,0,41.94070556,-70.80802823,25023.0,1748.8420996082134,7.8113000548546365,8403,9107,711,0,8396,9086,518132,8,1,0,7,21
2020-08-02,US,Massachusetts,Suffolk,21355,1058,0,42.327951399999996,-71.07850442,25025.0,2656.401797720383,4.954343245141653,20297,21279,1057,0,20222,21222,807252,76,1,0,75,57
2020-08-02,US,Massachusetts,Unassigned,306,6,0,0.0,0.0,90025.0,0.0,1.96078431372549,300,303,6,0,297,307,,3,0,0,3,-4
2020-08-02,US,Massachusetts,Worcester,13415,992,0,42.35026951,-71.90493363,25027.0,1615.0547421089254,7.3947074170704425,12423,13376,991,0,12385,13322,830839,39,1,0,38,54
2020-08-02,US,Michigan,Alcona,28,1,0,44.6846864,-83.59507875,26001.0,269.1013935607881,3.571428571428572,27,28,1,0,27,28,10362,0,0,0,0,0
2020-08-02,US,Michigan,Alger,8,0,0,46.41292944,-86.60260122,26003.0,87.83487044356609,0.0,8,8,0,0,8,8,9097,0,0,0,0,0
2020-08-02,US,Michigan,Allegan,507,7,0,42.59147037,-85.89102866,26005.0,429.3662824671201,1.3806706114398422,500,498,7,0,491,495,117327,9,0,0,9,3
2020-08-02,US,Michigan,Alpena,125,13,0,45.03477666,-83.62212411,26007.0,440.06336912515405,10.4,112,125,13,0,112,125,28360,0,0,0,0,0
2020-08-02,US,Michigan,Antrim,38,0,0,44.99690221,-85.15503082,26009.0,162.9223117818556,0.0,38,36,0,0,36,36,23365,2,0,0,2,0
2020-08-02,US,Michigan,Arenac,40,3,0,44.0636262,-83.89277559,26011.0,268.76301820869446,7.5,37,40,3,0,37,40,15041,0,0,0,0,0
2020-08-02,US,Michigan,Baraga,5,0,0,46.6720582,-88.36363591,26013.0,60.9087586794981,0.0,5,5,0,0,5,5,8320,0,0,0,0,0
2020-08-02,US,Michigan,Barry,171,2,0,42.59513984,-85.30834519,26015.0,277.8229082047116,1.1695906432748535,169,171,2,0,169,170,61157,0,0,0,0,1
2020-08-02,US,Michigan,Bay,547,31,0,43.70639106,-83.98731479,26017.0,530.4190989663131,5.6672760511883,516,542,31,0,511,539,103923,5,0,0,5,3
2020-08-02,US,Michigan,Benzie,28,1,0,44.63899297,-86.01608482,26019.0,157.60441292356185,3.571428571428572,27,28,1,0,27,27,17753,0,0,0,0,1
2020-08-02,US,Michigan,Berrien,1291,65,0,41.95447397,-86.41313079999998,26021.0,841.5851265637123,5.034856700232377,1226,1283,65,0,1218,1269,154141,8,0,0,8,14
2020-08-02,US,Michigan,Branch,327,2,0,41.91600556,-85.05929476,26023.0,751.4304754463773,0.6116207951070336,325,327,2,0,325,319,43622,0,0,0,0,8
2020-08-02,US,Michigan,Calhoun,747,42,0,42.24633834,-85.00493569,26025.0,556.8020035927518,5.622489959839356,705,737,42,0,695,728,134487,10,0,0,10,9
2020-08-02,US,Michigan,Cass,291,10,0,41.91522292,-85.99405727,26027.0,561.9170834379285,3.436426116838488,281,290,10,0,280,284,51653,1,0,0,1,6
2020-08-02,US,Michigan,Charlevoix,42,2,0,45.37790017,-85.19614053,26029.0,160.65485980950925,4.761904761904762,40,42,2,0,40,42,26244,0,0,0,0,0
2020-08-02,US,Michigan,Cheboygan,38,2,0,45.44787015,-84.50122149,26031.0,150.3402437094477,5.2631578947368425,36,38,2,0,36,37,25413,0,0,0,0,1
2020-08-02,US,Michigan,Chippewa,32,0,0,46.29552653,-84.54353449,26033.0,85.6783314144957,0.0,32,31,0,0,31,29,37517,1,0,0,1,2
2020-08-02,US,Michigan,Clare,60,3,0,43.98794227,-84.84819859999998,26035.0,193.86106623586429,5.0,57,59,3,0,56,58,30757,1,0,0,1,1
2020-08-02,US,Michigan,Clinton,413,13,0,42.94400871,-84.60145248,26037.0,518.8768138702179,3.1476997578692494,400,412,13,0,399,404,79332,1,0,0,1,8
2020-08-02,US,Michigan,Crawford,97,5,0,44.68255561,-84.61006219,26039.0,691.4249055527838,5.154639175257731,92,95,5,0,90,93,13901,2,0,0,2,2
2020-08-02,US,Michigan,Delta,80,3,0,45.90484910000001,-86.9080745,26041.0,223.563603845294,3.75,77,77,3,0,74,72,35857,3,0,0,3,5
2020-08-02,US,Michigan,Dickinson,45,2,0,46.00999672,-87.86961634,26043.0,178.29549506715801,4.4444444444444455,43,45,2,0,43,44,25383,0,0,0,0,1
2020-08-02,US,Michigan,Eaton,454,7,0,42.59599185,-84.83740035,26045.0,411.7241629484529,1.5418502202643172,447,451,7,0,444,447,109826,3,0,0,3,4
2020-08-02,US,Michigan,Emmet,56,2,0,45.52625509,-84.89083249,26047.0,167.58940595540923,3.571428571428572,54,56,2,0,54,58,33308,0,0,0,0,-2
2020-08-02,US,Michigan,Federal Correctional Institution (FCI),194,5,0,0.0,0.0,0.0,0.0,2.5773195876288657,189,194,5,0,189,193,,0,0,0,0,1
2020-08-02,US,Michigan,Genesee,3497,294,0,43.02244215,-83.70589709,26049.0,861.726953054732,8.407206176722905,3203,3487,294,0,3193,3463,406892,10,0,0,10,24
2020-08-02,US,Michigan,Gladwin,52,2,0,43.98901072,-84.38774817,26051.0,204.33022908562225,3.8461538461538463,50,52,2,0,50,51,25337,0,0,0,0,1
2020-08-02,US,Michigan,Gogebic,96,1,0,46.40862701,-89.69377193,26053.0,686.9409660107333,1.0416666666666667,95,88,1,0,87,83,15096,8,0,0,8,5
2020-08-02,US,Michigan,Grand Traverse,200,5,0,44.69565625,-85.55585247,26055.0,214.8504640770024,2.5,195,196,5,0,191,191,92573,4,0,0,4,5
2020-08-02,US,Michigan,Gratiot,144,15,0,43.29265605,-84.60505416,26057.0,353.7127557662548,10.416666666666666,129,144,15,0,129,143,40599,0,0,0,0,1
2020-08-02,US,Michigan,Hillsdale,251,25,0,41.88753639,-84.59312019,26059.0,550.3782479991229,9.9601593625498,226,250,25,0,225,246,45749,1,0,0,1,4
2020-08-02,US,Michigan,Houghton,47,0,0,46.89988536,-88.68495385,26061.0,131.7116915144042,0.0,47,47,0,0,47,47,36219,0,0,0,0,0
2020-08-02,US,Michigan,Huron,146,4,0,43.83353985,-83.04078453,26063.0,471.2565766114715,2.7397260273972597,142,146,4,0,142,146,31166,0,0,0,0,0
2020-08-02,US,Michigan,Ingham,1482,30,0,42.59716886,-84.37472069,26065.0,506.8295452213703,2.0242914979757085,1452,1473,30,0,1443,1459,292735,9,0,0,9,14
2020-08-02,US,Michigan,Ionia,265,5,0,42.94502238,-85.07413319,26067.0,409.60168168539496,1.8867924528301887,260,266,5,0,261,265,64210,-1,0,0,-1,1
2020-08-02,US,Michigan,Iosco,129,12,0,44.35486835,-83.63484895,26069.0,513.3919687985036,9.30232558139535,117,129,12,0,117,129,25081,0,0,0,0,0
2020-08-02,US,Michigan,Iron,17,1,0,46.20974132,-88.53136251,26071.0,153.6237122718236,5.882352941176472,16,17,1,0,16,17,11117,0,0,0,0,0
2020-08-02,US,Michigan,Isabella,200,9,0,43.64060976,-84.84664923,26073.0,286.2376917792535,4.5,191,198,9,0,189,199,70562,2,0,0,2,-1
2020-08-02,US,Michigan,Jackson,684,33,0,42.24807035,-84.42258681,26075.0,431.5185161819443,4.824561403508771,651,680,33,0,647,671,158823,4,0,0,4,9
2020-08-02,US,Michigan,Kalamazoo,1546,81,0,42.24542231,-85.53038622,26077.0,583.250963910875,5.239327296248383,1465,1541,81,0,1460,1522,264870,5,0,0,5,19
2020-08-02,US,Michigan,Kalkaska,48,4,0,44.68512729,-85.09085699,26079.0,266.10488967734784,8.333333333333334,44,48,4,0,44,48,17824,0,0,0,0,0
2020-08-02,US,Michigan,Kent,7198,154,0,43.03197711,-85.54934642,26081.0,1095.6610422327253,2.1394831897749373,7044,7105,154,0,6951,7053,653786,93,0,0,93,52
2020-08-02,US,Michigan,Keweenaw,3,0,0,47.63197653,-88.41434263,26083.0,141.77693761814746,0.0,3,3,0,0,3,3,2113,0,0,0,0,0
2020-08-02,US,Michigan,Lake,17,0,0,43.99050893,-85.802173,26085.0,143.42360583818441,0.0,17,17,0,0,17,16,11881,0,0,0,0,1
2020-08-02,US,Michigan,Lapeer,415,32,0,43.09052506,-83.22153148,26087.0,473.70643898318633,7.710843373493977,383,412,32,0,380,404,88028,3,0,0,3,8
2020-08-02,US,Michigan,Leelanau,64,0,0,44.94430054,-85.80150326,26089.0,294.1041312439686,0.0,64,64,0,0,64,64,21764,0,0,0,0,0
2020-08-02,US,Michigan,Lenawee,392,12,0,41.89475156,-84.06603727,26091.0,398.16761637769036,3.0612244897959178,380,390,12,0,378,388,98266,2,0,0,2,2
2020-08-02,US,Michigan,Livingston,778,28,0,42.60302282,-83.91297209,26093.0,405.21888590848715,3.5989717223650386,750,769,28,0,741,760,191224,9,0,0,9,9
2020-08-02,US,Michigan,Luce,3,0,0,46.47227431,-85.54471223,26095.0,48.16182372772515,0.0,3,3,0,0,3,3,6283,0,0,0,0,0
2020-08-02,US,Michigan,Mackinac,19,0,0,46.07028979,-85.04980537,26097.0,175.94221687193257,0.0,19,20,0,0,20,20,10787,-1,0,0,-1,0
2020-08-02,US,Michigan,Macomb,9602,936,0,42.69158356,-82.92752801,26099.0,1098.6621997043385,9.74796917308894,8666,9565,936,0,8629,9448,874759,37,0,0,37,117
2020-08-02,US,Michigan,Manistee,34,0,0,44.33352407,-86.05626916,26101.0,138.44775633194885,0.0,34,32,0,0,32,31,24528,2,0,0,2,1
2020-08-02,US,Michigan,Marquette,136,11,0,46.4338914,-87.64043701,26103.0,203.9011079626381,8.088235294117647,125,133,11,0,122,127,66516,3,0,0,3,6
2020-08-02,US,Michigan,Mason,97,0,0,43.99509218,-86.24988902,26105.0,332.8300850947022,0.0,97,97,0,0,97,95,29100,0,0,0,0,2
2020-08-02,US,Michigan,Mecosta,56,2,0,43.64064262,-85.32463223,26107.0,128.87487630313208,3.571428571428572,54,56,2,0,54,55,43545,0,0,0,0,1
2020-08-02,US,Michigan,Menominee,94,0,0,45.58038692,-87.55370409,26109.0,412.6426690079017,0.0,94,91,0,0,91,86,22983,3,0,0,3,5
2020-08-02,US,Michigan,Michigan Department of Corrections (MDOC),4146,69,0,0.0,0.0,0.0,0.0,1.664254703328509,4077,4146,69,0,4077,4140,,0,0,0,0,6
2020-08-02,US,Michigan,Midland,311,10,0,43.64330771,-84.38804374,26111.0,373.99586319688285,3.2154340836012865,301,298,9,0,289,292,83209,13,1,0,12,6
2020-08-02,US,Michigan,Missaukee,40,1,0,44.33772443,-85.09256478,26113.0,264.58526260087314,2.5,39,40,1,0,39,40,15113,0,0,0,0,0
2020-08-02,US,Michigan,Monroe,885,22,0,41.92734151,-83.53749864,26115.0,588.0398671096344,2.485875706214689,863,882,22,0,860,867,150439,3,0,0,3,15
2020-08-02,US,Michigan,Montcalm,180,1,0,43.31082541,-85.15252824,26117.0,281.7430503380917,0.5555555555555556,179,179,1,0,178,174,63968,1,0,0,1,5
2020-08-02,US,Michigan,Montmorency,8,0,0,45.0275929,-84.12696227,26119.0,85.76329331046313,0.0,8,8,0,0,8,8,9265,0,0,0,0,0
2020-08-02,US,Michigan,Muskegon,1124,58,0,43.29123859,-86.15176712,26121.0,647.5922703755343,5.160142348754448,1066,1122,58,0,1064,1125,173588,2,0,0,2,-3
2020-08-02,US,Michigan,Newaygo,246,0,0,43.554373999999996,-85.80070107,26123.0,502.2458146182115,0.0,246,246,0,0,246,247,48892,0,0,0,0,-1
2020-08-02,US,Michigan,Oakland,14777,1126,0,42.66090111,-83.38595416,26125.0,1175.030852809832,7.619949922176355,13651,14721,1126,0,13595,14614,1259201,56,0,0,56,107
2020-08-02,US,Michigan,Oceana,465,6,0,43.64124435,-86.26726673,26127.0,1756.904824876261,1.2903225806451613,459,462,6,0,456,461,26625,3,0,0,3,1
2020-08-02,US,Michigan,Ogemaw,51,2,0,44.33481032,-84.12725175,26129.0,242.89184169167027,3.92156862745098,49,51,2,0,49,50,20952,0,0,0,0,1
2020-08-02,US,Michigan,Ontonagon,4,0,0,46.665226200000006,-89.31390481,26131.0,69.93006993006993,0.0,4,4,0,0,4,4,5795,0,0,0,0,0
2020-08-02,US,Michigan,Osceola,70,0,0,43.98992088,-85.32566756,26133.0,298.38022165387895,0.0,70,68,0,0,68,66,23341,2,0,0,2,2
2020-08-02,US,Michigan,Oscoda,24,1,0,44.68192279,-84.12939244,26135.0,291.2267928649436,4.166666666666667,23,24,1,0,23,24,8276,0,0,0,0,0
2020-08-02,US,Michigan,Otsego,131,10,0,45.02085831,-84.59898295,26137.0,531.0523755472677,7.633587786259542,121,131,10,0,121,131,24665,0,0,0,0,0
2020-08-02,US,Michigan,Ottawa,1729,54,0,42.95996803,-85.9969107,26139.0,592.4682177980333,3.1231925968768075,1675,1739,54,0,1685,1672,290494,-10,0,0,-10,67
2020-08-02,US,Michigan,Out of MI,94,0,0,0.0,0.0,80026.0,0.0,0.0,94,84,0,0,84,66,,10,0,0,10,18
2020-08-02,US,Michigan,Presque Isle,17,1,0,45.34018577,-83.91498656,26141.0,135.00635324015246,5.882352941176472,16,16,1,0,15,15,12738,1,0,0,1,1
2020-08-02,US,Michigan,Roscommon,48,0,0,44.33473082,-84.61067651,26143.0,199.84179191473416,0.0,48,47,0,0,47,47,23884,1,0,0,1,0
2020-08-02,US,Michigan,Saginaw,1845,129,0,43.33433923,-84.05131209999998,26145.0,968.3057011950308,6.991869918699187,1716,1836,129,0,1707,1822,190800,9,0,0,9,14
2020-08-02,US,Michigan,Sanilac,95,6,0,43.42406072,-82.82055898,26151.0,230.75054651445228,6.315789473684211,89,91,6,0,85,92,41182,4,0,0,4,-1
2020-08-02,US,Michigan,Schoolcraft,12,0,0,46.19235734,-86.19972234,26153.0,148.25796886582654,0.0,12,9,0,0,9,8,8068,3,0,0,3,1
2020-08-02,US,Michigan,Shiawassee,323,28,0,42.95392800000001,-84.14585902,26155.0,474.1493203370424,8.6687306501548,295,325,28,0,297,321,68192,-2,0,0,-2,4
2020-08-02,US,Michigan,St. Clair,774,53,0,42.92655373,-82.67937954,26147.0,486.4008848222815,6.847545219638243,721,771,53,0,718,754,159337,3,0,0,3,17
2020-08-02,US,Michigan,St. Joseph,557,7,0,41.91441767,-85.52797979,26149.0,913.6539597139296,1.2567324955116697,550,551,7,0,544,549,61043,6,0,0,6,2
2020-08-02,US,Michigan,Tuscola,307,27,0,43.46606813,-83.41897025,26157.0,587.6160398124223,8.794788273615637,280,304,27,0,277,300,52516,3,0,0,3,4
2020-08-02,US,Michigan,Unassigned,10,0,0,0.0,0.0,90026.0,0.0,0.0,10,4,0,0,4,4,,6,0,0,6,0
2020-08-02,US,Michigan,Van Buren,408,11,0,42.25190229,-86.01939087,26159.0,539.1334223079667,2.6960784313725488,397,404,11,0,393,394,75448,4,0,0,4,10
2020-08-02,US,Michigan,Washtenaw,2403,112,0,42.253105,-83.83853204,26161.0,653.6978952723197,4.660840615896796,2291,2385,112,0,2273,2374,370963,18,0,0,18,11
2020-08-02,US,Michigan,Wayne,27234,2802,0,42.28098405,-83.281255,26163.0,1556.8130435254834,10.288609825952854,24432,27183,2803,0,24380,27067,1753893,51,-1,0,52,116
2020-08-02,US,Michigan,Wexford,64,4,0,44.33853602,-85.57712739,26165.0,190.30061550355327,6.25,60,64,4,0,60,63,33466,0,0,0,0,1
2020-08-02,US,Minnesota,Aitkin,28,0,0,46.60962049,-93.41168259999999,27001.0,176.25582273700113,0.0,28,28,0,0,28,27,15902,0,0,0,0,1
2020-08-02,US,Minnesota,Anoka,3327,112,0,45.27476015,-93.24604565,27003.0,932.1390447746139,3.3663961526901116,3215,3277,112,0,3165,3245,353813,50,0,0,50,32
2020-08-02,US,Minnesota,Becker,142,1,0,46.93479392,-95.67158144,27005.0,412.51488830142637,0.7042253521126759,141,138,1,0,137,134,34371,4,0,0,4,4
2020-08-02,US,Minnesota,Beltrami,191,0,0,47.97373527,-94.93732139,27007.0,404.7639230312792,0.0,191,188,0,0,188,184,46847,3,0,0,3,4
2020-08-02,US,Minnesota,Benton,304,3,0,45.69804958,-93.99514135,27009.0,743.4762405536943,0.986842105263158,301,300,3,0,297,299,40545,4,0,0,4,1
2020-08-02,US,Minnesota,Big Stone,22,0,0,45.42712824,-96.41403739,27011.0,440.79342817070733,0.0,22,22,0,0,22,22,4989,0,0,0,0,0
2020-08-02,US,Minnesota,Blue Earth,848,5,0,44.03554215,-94.06699781,27013.0,1253.455131331944,0.589622641509434,843,841,4,0,837,824,67427,7,1,0,6,17
2020-08-02,US,Minnesota,Brown,83,2,0,44.24205652,-94.72562874,27015.0,331.8937939859245,2.409638554216868,81,82,2,0,80,79,25111,1,0,0,1,3
2020-08-02,US,Minnesota,Carlton,124,0,0,46.59180601,-92.67601019,27017.0,345.68314237127487,0.0,124,121,0,0,121,121,35837,3,0,0,3,0
2020-08-02,US,Minnesota,Carver,769,2,0,44.82017001,-93.80099179999999,27019.0,731.760698074965,0.2600780234070221,767,751,2,0,749,744,103551,18,0,0,18,7
2020-08-02,US,Minnesota,Cass,58,2,0,46.95043611,-94.32603968,27021.0,194.76812518889147,3.4482758620689653,56,57,2,0,55,54,29519,1,0,0,1,3
2020-08-02,US,Minnesota,Chippewa,97,1,0,45.02343421,-95.56403693,27023.0,822.0338983050847,1.0309278350515465,96,96,1,0,95,93,11924,1,0,0,1,3
2020-08-02,US,Minnesota,Chisago,176,1,0,45.5021011,-92.90861945,27025.0,311.0694780749041,0.5681818181818182,175,172,1,0,171,167,55922,4,0,0,4,5
2020-08-02,US,Minnesota,Clay,743,40,0,46.89289518,-96.48761922,27027.0,1156.9244184235934,5.383580080753701,703,742,40,0,702,740,63955,1,0,0,1,2
2020-08-02,US,Minnesota,Clearwater,14,0,0,47.57992111,-95.37790562,27029.0,158.76616012701294,0.0,14,14,0,0,14,14,8810,0,0,0,0,0
2020-08-02,US,Minnesota,Cook,2,0,0,47.90504893,-90.52629546,27031.0,36.60992128866923,0.0,2,2,0,0,2,2,5393,0,0,0,0,0
2020-08-02,US,Minnesota,Cottonwood,171,0,0,44.00715262,-95.18138802,27033.0,1527.331189710611,0.0,171,170,0,0,170,167,11277,1,0,0,1,3
2020-08-02,US,Minnesota,Crow Wing,206,13,0,46.48096553,-94.06755609,27035.0,316.6551379601875,6.310679611650484,193,198,13,0,185,192,64889,8,0,0,8,6
2020-08-02,US,Minnesota,Dakota,3942,102,0,44.67172617,-93.06299363,27037.0,918.8361408882083,2.5875190258751903,3840,3860,102,0,3758,3797,425423,82,0,0,82,63
2020-08-02,US,Minnesota,Dodge,122,0,0,44.02238415,-92.86244324,27039.0,582.7839877710901,0.0,122,122,0,0,122,122,20822,0,0,0,0,0
2020-08-02,US,Minnesota,Douglas,129,0,0,45.93348491,-95.45335469,27041.0,338.21871476888384,0.0,129,126,0,0,126,124,37964,3,0,0,3,2
2020-08-02,US,Minnesota,Faribault,82,0,0,43.67381499,-93.94787458,27043.0,600.6006006006006,0.0,82,82,0,0,82,80,13758,0,0,0,0,2
2020-08-02,US,Minnesota,Fillmore,61,0,0,43.67394126,-92.08980382,27045.0,289.5523805003085,0.0,61,61,0,0,61,59,21058,0,0,0,0,2
2020-08-02,US,Minnesota,Freeborn,354,1,0,43.67385583,-93.34884422,27047.0,1169.0498992767739,0.2824858757062147,353,354,1,0,353,353,30444,0,0,0,0,1
2020-08-02,US,Minnesota,Goodhue,175,8,0,44.40849741,-92.72341949999999,27049.0,377.64350453172204,4.571428571428571,167,173,8,0,165,169,46403,2,0,0,2,4
2020-08-02,US,Minnesota,Grant,49,1,0,45.93424769,-96.01139609,27051.0,820.4956463496318,2.0408163265306123,48,48,1,0,47,44,6021,1,0,0,1,4
2020-08-02,US,Minnesota,Hennepin,17789,819,0,45.00761521,-93.47694895,27053.0,1405.308557222341,4.6039687447298885,16970,17547,815,0,16732,17316,1259428,242,4,0,238,231
2020-08-02,US,Minnesota,Houston,40,0,0,43.67129565,-91.49143057,27055.0,215.05376344086025,0.0,40,38,0,0,38,37,18578,2,0,0,2,1
2020-08-02,US,Minnesota,Hubbard,28,0,0,47.10778564,-94.91693868,27057.0,130.28709692429388,0.0,28,27,0,0,27,27,21332,1,0,0,1,0
2020-08-02,US,Minnesota,Isanti,108,0,0,45.56181234,-93.29487636,27059.0,266.0360626662725,0.0,108,102,0,0,102,102,39966,6,0,0,6,0
2020-08-02,US,Minnesota,Itasca,129,12,0,47.51009045,-93.63092229,27061.0,285.8409040549524,9.30232558139535,117,125,12,0,113,125,45108,4,0,0,4,0
2020-08-02,US,Minnesota,Jackson,70,0,0,43.67423373,-95.15398258,27063.0,710.948608572009,0.0,70,69,0,0,69,68,9911,1,0,0,1,1
2020-08-02,US,Minnesota,Kanabec,28,1,0,45.9459309,-93.29275192,27065.0,171.39009610087533,3.571428571428572,27,27,1,0,26,23,16207,1,0,0,1,4
2020-08-02,US,Minnesota,Kandiyohi,670,1,0,45.1526059,-95.00586446,27067.0,1550.9618278200885,0.14925373134328354,669,667,1,0,666,662,42855,3,0,0,3,5
2020-08-02,US,Minnesota,Kittson,4,0,0,48.77754106,-96.78317184,27069.0,93.06654257794321,0.0,4,3,0,0,3,3,4248,1,0,0,1,0
2020-08-02,US,Minnesota,Koochiching,73,3,0,48.24539665,-93.78352843,27071.0,596.9416959685992,4.109589041095891,70,70,3,0,67,68,12440,3,0,0,3,2
2020-08-02,US,Minnesota,Lac qui Parle,6,0,0,44.9973857,-96.17488219,27073.0,90.59338668277216,0.0,6,6,0,0,6,6,6658,0,0,0,0,0
2020-08-02,US,Minnesota,Lake,17,0,0,47.64270764,-91.44557998,27075.0,159.7594211070388,0.0,17,17,0,0,17,15,10658,0,0,0,0,2
2020-08-02,US,Minnesota,Lake of the Woods,1,0,0,48.77217001,-94.90274472,27077.0,26.73796791443851,0.0,1,1,0,0,1,1,3758,0,0,0,0,0
2020-08-02,US,Minnesota,Le Sueur,199,1,0,44.37136597,-93.72844721,27079.0,688.8911967320938,0.5025125628140703,198,196,1,0,195,196,28494,3,0,0,3,0
2020-08-02,US,Minnesota,Lincoln,54,0,0,44.41311883,-96.26688165,27081.0,957.6165986877106,0.0,54,53,0,0,53,53,5673,1,0,0,1,0
2020-08-02,US,Minnesota,Lyon,415,3,0,44.41327865,-95.83806103,27083.0,1629.112035801209,0.7228915662650602,412,414,3,0,411,414,25629,1,0,0,1,0
2020-08-02,US,Minnesota,Mahnomen,23,1,0,47.32557075,-95.80921485,27087.0,416.13895422471495,4.3478260869565215,22,22,1,0,21,22,5519,1,0,0,1,0
2020-08-02,US,Minnesota,Marshall,28,0,0,48.35825983,-96.37017407,27089.0,299.9143101970865,0.0,28,28,0,0,28,27,9390,0,0,0,0,1
2020-08-02,US,Minnesota,Martin,203,5,0,43.67429718,-94.55099908,27091.0,1031.3468475334048,2.4630541871921183,198,201,5,0,196,202,19785,2,0,0,2,-1
2020-08-02,US,Minnesota,McLeod,135,0,0,44.82367677,-94.27287017,27085.0,376.1179059983841,0.0,135,132,0,0,132,125,35873,3,0,0,3,7
2020-08-02,US,Minnesota,Meeker,83,2,0,45.12328869,-94.52839455,27093.0,357.4196882266816,2.409638554216868,81,83,2,0,81,83,23141,0,0,0,0,0
2020-08-02,US,Minnesota,Mille Lacs,64,3,0,45.93705297,-93.63236823,27095.0,243.55900597480687,4.6875,61,56,3,0,53,54,26139,8,0,0,8,2
2020-08-02,US,Minnesota,Morrison,83,1,0,46.01265363,-94.27341528,27097.0,248.60720062301564,1.2048192771084338,82,81,1,0,80,81,33169,2,0,0,2,0
2020-08-02,US,Minnesota,Mower,1078,2,0,43.67142874,-92.75234549,27099.0,2690.8292147171883,0.1855287569573284,1076,1067,2,0,1065,1064,40011,11,0,0,11,3
2020-08-02,US,Minnesota,Murray,122,1,0,44.02216709,-95.76328482,27101.0,1488.8943129118868,0.819672131147541,121,120,1,0,119,120,8276,2,0,0,2,0
2020-08-02,US,Minnesota,Nicollet,307,13,0,44.35291112,-94.24710352,27103.0,895.7227052576297,4.234527687296417,294,303,13,0,290,298,34220,4,0,0,4,5
2020-08-02,US,Minnesota,Nobles,1745,6,0,43.67434621,-95.75329576,27105.0,8067.871838735032,0.3438395415472779,1739,1740,6,0,1734,1738,21924,5,0,0,5,2
2020-08-02,US,Minnesota,Norman,34,0,0,47.32628443,-96.45620947,27107.0,533.3333333333334,0.0,34,34,0,0,34,34,6475,0,0,0,0,0
2020-08-02,US,Minnesota,Olmsted,1620,23,0,44.00374114,-92.40209944,27109.0,1023.418597158434,1.4197530864197532,1597,1608,23,0,1585,1588,156277,12,0,0,12,20
2020-08-02,US,Minnesota,Otter Tail,175,3,0,46.40846929,-95.70835255,27111.0,297.89262247642387,1.7142857142857142,172,171,3,0,168,164,58812,4,0,0,4,7
2020-08-02,US,Minnesota,Pennington,70,1,0,48.06642577,-96.0370814,27113.0,495.785820525533,1.4285714285714286,69,70,1,0,69,70,14178,0,0,0,0,0
2020-08-02,US,Minnesota,Pine,126,0,0,46.12105238,-92.74070188,27115.0,425.9778897190575,0.0,126,126,0,0,126,124,29483,0,0,0,0,2
2020-08-02,US,Minnesota,Pipestone,143,9,0,44.02301619,-96.25841142,27117.0,1566.951566951567,6.293706293706293,134,142,9,0,133,142,9047,1,0,0,1,0
2020-08-02,US,Minnesota,Polk,129,3,0,47.77372465,-96.40134647,27119.0,411.2995791353144,2.3255813953488373,126,127,3,0,124,125,31529,2,0,0,2,2
2020-08-02,US,Minnesota,Pope,39,0,0,45.58606667,-95.44451209,27121.0,346.6974842208196,0.0,39,39,0,0,39,38,11097,0,0,0,0,1
2020-08-02,US,Minnesota,Ramsey,6861,261,0,45.01625271,-93.09872295,27123.0,1246.726910294174,3.80411018801924,6600,6763,260,0,6503,6686,550210,98,1,0,97,77
2020-08-02,US,Minnesota,Red Lake,19,0,0,47.87197525,-96.09561104,27125.0,468.557336621455,0.0,19,17,0,0,17,16,3999,2,0,0,2,1
2020-08-02,US,Minnesota,Redwood,30,0,0,44.40555844,-95.25207021,27127.0,197.7587343441002,0.0,30,30,0,0,30,30,15249,0,0,0,0,0
2020-08-02,US,Minnesota,Renville,58,5,0,44.72836381,-94.94553734,27129.0,398.68023095958205,8.620689655172415,53,57,5,0,52,56,14612,1,0,0,1,1
2020-08-02,US,Minnesota,Rice,989,8,0,44.3543376,-93.29658715,27131.0,1476.7365466164965,0.8088978766430738,981,982,8,0,974,975,66523,7,0,0,7,7
2020-08-02,US,Minnesota,Rock,73,0,0,43.67482683,-96.25296832,27133.0,783.6822329575953,0.0,73,73,0,0,73,72,9414,0,0,0,0,1
2020-08-02,US,Minnesota,Roseau,45,0,0,48.77501878,-95.81079919,27135.0,296.7359050445104,0.0,45,42,0,0,42,42,15150,3,0,0,3,0
2020-08-02,US,Minnesota,Scott,1362,14,0,44.6490231,-93.53340251,27139.0,914.0142135249944,1.027900146842878,1348,1339,13,0,1326,1296,147381,23,1,0,22,43
2020-08-02,US,Minnesota,Sherburne,638,7,0,45.44447208,-93.77617511,27141.0,656.1220921861824,1.09717868338558,631,629,7,0,622,615,96036,9,0,0,9,14
2020-08-02,US,Minnesota,Sibley,78,2,0,44.5796592,-94.23164924,27143.0,524.7225025227043,2.5641025641025643,76,77,2,0,75,76,15028,1,0,0,1,1
2020-08-02,US,Minnesota,St. Louis,427,19,0,47.604840700000004,-92.46879855,27137.0,214.497412970312,4.4496487119437935,408,409,18,0,391,383,199754,18,1,0,17,26
2020-08-02,US,Minnesota,Stearns,2817,20,0,45.55192576,-94.61078221,27145.0,1748.874747788297,0.7099751508697195,2797,2807,20,0,2787,2791,159256,10,0,0,10,16
2020-08-02,US,Minnesota,Steele,327,1,0,44.02240351,-93.22627088,27147.0,892.2480831673442,0.3058103975535168,326,326,1,0,325,321,36803,1,0,0,1,5
2020-08-02,US,Minnesota,Stevens,15,0,0,45.58613007,-96.00163705,27149.0,152.98317185109642,0.0,15,15,0,0,15,15,9753,0,0,0,0,0
2020-08-02,US,Minnesota,Swift,52,1,0,45.2829032,-95.68264092,27151.0,561.1914526224908,1.9230769230769231,51,51,1,0,50,51,9345,1,0,0,1,0
2020-08-02,US,Minnesota,Todd,418,2,0,46.06996226,-94.89785296,27153.0,1694.77781381771,0.4784688995215311,416,413,2,0,411,413,24582,5,0,0,5,0
2020-08-02,US,Minnesota,Traverse,10,0,0,45.77298854,-96.47062949,27155.0,306.84258975145747,0.0,10,10,0,0,10,10,3308,0,0,0,0,0
2020-08-02,US,Minnesota,Unassigned,135,40,0,0.0,0.0,90027.0,0.0,29.62962962962963,95,128,40,0,88,116,,7,0,0,7,12
2020-08-02,US,Minnesota,Wabasha,78,0,0,44.28424356,-92.23121312,27157.0,360.6602857539187,0.0,78,78,0,0,78,78,21645,0,0,0,0,0
2020-08-02,US,Minnesota,Wadena,23,0,0,46.58589171,-94.96968506,27159.0,168.10407835111826,0.0,23,23,0,0,23,23,13773,0,0,0,0,0
2020-08-02,US,Minnesota,Waseca,128,0,0,44.02211116,-93.58720034,27161.0,687.7283473028152,0.0,128,127,0,0,127,128,18691,1,0,0,1,-1
2020-08-02,US,Minnesota,Washington,1886,43,0,45.03864533,-92.88429635,27163.0,718.6404511507393,2.279957582184517,1843,1852,43,0,1809,1817,259201,34,0,0,34,35
2020-08-02,US,Minnesota,Watonwan,298,0,0,43.97823903,-94.61413846,27165.0,2734.697623199045,0.0,298,298,0,0,298,299,10980,0,0,0,0,-1
2020-08-02,US,Minnesota,Wilkin,28,3,0,46.35721532,-96.4684375,27167.0,451.1035927178991,10.714285714285714,25,27,3,0,24,26,6254,1,0,0,1,1
2020-08-02,US,Minnesota,Winona,245,16,0,43.98772283,-91.78081305,27169.0,485.3022739877982,6.530612244897959,229,243,16,0,227,240,50825,2,0,0,2,3
2020-08-02,US,Minnesota,Wright,801,5,0,45.17297924,-93.96234781,27171.0,578.8534221727599,0.6242197253433208,796,786,5,0,781,770,136349,15,0,0,15,16
2020-08-02,US,Minnesota,Yellow Medicine,49,0,0,44.71710183,-95.86842453,27173.0,504.6863734679165,0.0,49,49,0,0,49,47,9795,0,0,0,0,2
2020-08-02,US,Mississippi,Adams,580,25,0,31.47669768,-91.35326037,28001.0,1889.681686378001,4.310344827586206,555,578,25,0,553,565,31192,2,0,0,2,13
2020-08-02,US,Mississippi,Alcorn,354,4,0,34.88084463,-88.57996173,28003.0,957.9736421941384,1.1299435028248588,350,349,4,0,345,335,36925,5,0,0,5,14
2020-08-02,US,Mississippi,Amite,210,5,0,31.17467303,-90.80501621,28005.0,1707.7335935594047,2.380952380952381,205,204,5,0,199,193,12326,6,0,0,6,11
2020-08-02,US,Mississippi,Attala,495,24,0,33.08658803,-89.57838564,28007.0,2723.6711786068013,4.848484848484849,471,495,24,0,471,486,18365,0,0,0,0,9
2020-08-02,US,Mississippi,Benton,124,0,0,34.81681228,-89.18945516,28009.0,1501.3924203898775,0.0,124,124,0,0,124,118,8271,0,0,0,0,6
2020-08-02,US,Mississippi,Bolivar,939,32,0,33.79696941,-90.87372121,28011.0,3065.8221235470814,3.407880724174654,907,933,32,0,901,917,31333,6,0,0,6,16
2020-08-02,US,Mississippi,Calhoun,374,8,0,33.93683395,-89.33686647,28013.0,2604.275468282153,2.1390374331550803,366,373,8,0,365,366,14436,1,0,0,1,7
2020-08-02,US,Mississippi,Carroll,245,11,0,33.44834567,-89.91994479,28015.0,2463.0541871921178,4.489795918367347,234,245,11,0,234,240,9911,0,0,0,0,5
2020-08-02,US,Mississippi,Chickasaw,435,19,0,33.91983202,-88.9481545,28017.0,2543.4134362392565,4.367816091954023,416,427,19,0,408,420,17171,8,0,0,8,7
2020-08-02,US,Mississippi,Choctaw,126,4,0,33.34598242,-89.24809382,28019.0,1534.7137637028015,3.1746031746031744,122,125,4,0,121,124,8278,1,0,0,1,1
2020-08-02,US,Mississippi,Claiborne,400,13,0,31.97061673,-90.90702196,28021.0,4450.3782821539835,3.25,387,399,13,0,386,398,9002,1,0,0,1,1
2020-08-02,US,Mississippi,Clarke,298,25,0,32.04158545,-88.68896219999998,28023.0,1917.5085258348886,8.389261744966444,273,297,25,0,272,297,15604,1,0,0,1,0
2020-08-02,US,Mississippi,Clay,368,14,0,33.65358105,-88.77784255,28025.0,1905.1563470697868,3.804347826086957,354,364,14,0,350,363,19386,4,0,0,4,1
2020-08-02,US,Mississippi,Coahoma,659,10,0,34.22772299,-90.60415045,28027.0,2978.6657024046285,1.5174506828528074,649,648,10,0,638,632,22628,11,0,0,11,16
2020-08-02,US,Mississippi,Copiah,909,24,0,31.86977774,-90.44565118,28029.0,3238.9096739711376,2.64026402640264,885,903,23,0,880,897,28543,6,1,0,5,6
2020-08-02,US,Mississippi,Covington,578,11,0,31.63225413,-89.55389939,28031.0,3101.5239321742865,1.9031141868512111,567,576,11,0,565,575,18853,2,0,0,2,1
2020-08-02,US,Mississippi,DeSoto,3280,27,0,34.87625235,-89.99091418,28033.0,1773.5002297980484,0.8231707317073171,3253,3215,27,0,3188,3113,182001,65,0,0,65,102
2020-08-02,US,Mississippi,Forrest,1631,53,0,31.18961454,-89.25832496,28035.0,2177.657316047372,3.2495401594114037,1578,1615,51,0,1564,1564,75036,16,2,0,14,51
2020-08-02,US,Mississippi,Franklin,114,2,0,31.47786634,-90.89672989,28037.0,1478.0241151302994,1.7543859649122806,112,111,2,0,109,111,7788,3,0,0,3,0
2020-08-02,US,Mississippi,George,541,5,0,30.86259065,-88.64436789,28039.0,2208.1632653061224,0.9242144177449167,536,539,5,0,534,525,24250,2,0,0,2,14
2020-08-02,US,Mississippi,Greene,226,11,0,31.21444233,-88.63922281,28041.0,1663.477108788459,4.867256637168142,215,226,11,0,215,223,13586,0,0,0,0,3
2020-08-02,US,Mississippi,Grenada,812,20,0,33.77036166,-89.80245083,28043.0,3911.744869447924,2.4630541871921183,792,805,20,0,785,796,21055,7,0,0,7,9
2020-08-02,US,Mississippi,Hancock,326,14,0,30.41830223,-89.48851033,28045.0,684.4138394356735,4.294478527607362,312,324,14,0,310,323,47334,2,0,0,2,1
2020-08-02,US,Mississippi,Harrison,2098,32,0,30.51359752,-89.12467576,28047.0,1008.2660515186467,1.5252621544327931,2066,2067,32,0,2035,2048,206650,31,0,0,31,19
2020-08-02,US,Mississippi,Hinds,5209,106,0,32.2656285,-90.44435448,28049.0,2246.808143547274,2.034939527740449,5103,5176,106,0,5070,5091,237085,33,0,0,33,85
2020-08-02,US,Mississippi,Holmes,843,47,0,33.12345854,-90.08923538,28051.0,4955.908289241623,5.575326215895611,796,835,46,0,789,825,17622,8,1,0,7,10
2020-08-02,US,Mississippi,Humphreys,269,11,0,33.12825718,-90.52252707,28053.0,3335.8134920634916,4.089219330855019,258,265,11,0,254,262,8257,4,0,0,4,3
2020-08-02,US,Mississippi,Issaquena,21,1,0,32.72531359,-90.97392828,28055.0,1582.5169555388093,4.761904761904762,20,21,1,0,20,20,1308,0,0,0,0,1
2020-08-02,US,Mississippi,Itawamba,307,10,0,34.27993475,-88.3606733,28057.0,1312.5267208208636,3.2573289902280136,297,306,10,0,296,297,23517,1,0,0,1,9
2020-08-02,US,Mississippi,Jackson,1929,34,0,30.54020656,-88.64184064,28059.0,1343.1557545415933,1.7625712804561948,1895,1874,34,0,1840,1837,143277,55,0,0,55,37
2020-08-02,US,Mississippi,Jasper,375,8,0,32.01922104,-89.11786866,28061.0,2288.958066288225,2.1333333333333333,367,373,8,0,365,368,16428,2,0,0,2,5
2020-08-02,US,Mississippi,Jefferson,191,6,0,31.73397872,-91.03764977,28063.0,2732.474964234621,3.141361256544503,185,191,6,0,185,188,7106,0,0,0,0,3
2020-08-02,US,Mississippi,Jefferson Davis,198,6,0,31.56884708,-89.82670990000004,28065.0,1779.295470884256,3.0303030303030303,192,196,6,0,190,191,11234,2,0,0,2,5
2020-08-02,US,Mississippi,Jones,1765,57,0,31.62257767,-89.16896899999998,28067.0,2591.852917853681,3.229461756373938,1708,1740,57,0,1683,1705,68461,25,0,0,25,35
2020-08-02,US,Mississippi,Kemper,223,15,0,32.75462946,-88.64105766,28069.0,2289.05768835968,6.726457399103139,208,223,15,0,208,223,10027,0,0,0,0,0
2020-08-02,US,Mississippi,Lafayette,869,9,0,34.35687874,-89.48490961,28071.0,1608.6932375645606,1.0356731875719218,860,861,9,0,852,837,54793,8,0,0,8,24
2020-08-02,US,Mississippi,Lamar,1115,12,0,31.20572971,-89.5077704,28073.0,1760.2576448857806,1.0762331838565022,1103,1105,12,0,1093,1080,62447,10,0,0,10,25
2020-08-02,US,Mississippi,Lauderdale,1323,88,0,32.40419769,-88.66229662,28075.0,1784.8229342327152,6.651549508692366,1235,1321,88,0,1233,1316,75317,2,0,0,2,5
2020-08-02,US,Mississippi,Lawrence,313,5,0,31.55147224,-90.10841127,28077.0,2486.8901954552675,1.597444089456869,308,307,5,0,302,300,12455,6,0,0,6,7
2020-08-02,US,Mississippi,Leake,767,25,0,32.7536828,-89.52402044,28079.0,3366.1019924515053,3.259452411994785,742,762,25,0,737,755,22763,5,0,0,5,7
2020-08-02,US,Mississippi,Lee,1232,30,0,34.291877500000005,-88.68149954,28081.0,1442.0150756121539,2.435064935064935,1202,1194,30,0,1164,1162,85202,38,0,0,38,32
2020-08-02,US,Mississippi,Leflore,832,59,0,33.55545125,-90.29900733,28083.0,2952.134265337261,7.091346153846153,773,827,59,0,768,814,28919,5,0,0,5,13
2020-08-02,US,Mississippi,Lincoln,743,39,0,31.53288662,-90.45391915,28085.0,2175.504348080696,5.248990578734858,704,735,39,0,696,730,34205,8,0,0,8,5
2020-08-02,US,Mississippi,Lowndes,973,32,0,33.47386518,-88.44191529999998,28087.0,1660.5512415735132,3.28879753340185,941,958,30,0,928,941,58930,15,2,0,13,17
2020-08-02,US,Mississippi,Madison,2281,54,0,32.63389156,-90.03513564,28089.0,2146.3791026799163,2.3673827268741783,2227,2272,53,0,2219,2250,105630,9,1,0,8,22
2020-08-02,US,Mississippi,Marion,599,18,0,31.23132643,-89.8209217,28091.0,2437.634802425426,3.005008347245409,581,594,18,0,576,581,24715,5,0,0,5,13
2020-08-02,US,Mississippi,Marshall,566,8,0,34.76216286,-89.50299462,28093.0,1603.6720122400409,1.413427561837456,558,556,8,0,548,536,35451,10,0,0,10,20
2020-08-02,US,Mississippi,Monroe,697,50,0,33.89236763,-88.4808438,28095.0,1977.1927833881768,7.173601147776184,647,687,50,0,637,675,35564,10,0,0,10,12
2020-08-02,US,Mississippi,Montgomery,291,3,0,33.49419589,-89.61729103,28097.0,2976.982097186701,1.0309278350515465,288,291,3,0,288,276,10023,0,0,0,0,15
2020-08-02,US,Mississippi,Neshoba,1194,87,0,32.75339664,-89.11726492,28099.0,4100.556356892644,7.286432160804019,1107,1190,87,0,1103,1186,29125,4,0,0,4,4
2020-08-02,US,Mississippi,Newton,516,11,0,32.40021118,-89.11843336,28101.0,2455.038538395661,2.1317829457364343,505,514,11,0,503,514,21443,2,0,0,2,0
2020-08-02,US,Mississippi,Noxubee,417,10,0,33.11009499,-88.56949061,28103.0,4003.0719016991457,2.3980815347721824,407,414,10,0,404,411,10535,3,0,0,3,3
2020-08-02,US,Mississippi,Oktibbeha,1052,35,0,33.42491685,-88.87905132,28105.0,2121.5237864762944,3.3269961977186315,1017,1044,34,0,1010,1039,49599,8,1,0,7,5
2020-08-02,US,Mississippi,Panola,907,11,0,34.36398677,-89.95064249,28107.0,2652.667290594291,1.2127894156560088,896,896,11,0,885,877,34178,11,0,0,11,19
2020-08-02,US,Mississippi,Pearl River,482,36,0,30.77090935,-89.58677275,28109.0,867.9211308184027,7.4688796680497935,446,480,36,0,444,471,55387,2,0,0,2,9
2020-08-02,US,Mississippi,Perry,221,7,0,31.17161885,-88.99281835,28111.0,1845.819761129208,3.1674208144796383,214,213,7,0,206,209,11931,8,0,0,8,4
2020-08-02,US,Mississippi,Pike,826,32,0,31.17507789,-90.40392572,28113.0,2102.423131745062,3.87409200968523,794,819,32,0,787,808,39563,7,0,0,7,11
2020-08-02,US,Mississippi,Pontotoc,724,7,0,34.226046000000004,-89.03636807,28115.0,2250.264188475166,0.9668508287292816,717,716,7,0,709,699,31833,8,0,0,8,17
2020-08-02,US,Mississippi,Prentiss,337,6,0,34.61810501,-88.51986294,28117.0,1341.2401496457853,1.7804154302670625,331,331,6,0,325,318,25315,6,0,0,6,13
2020-08-02,US,Mississippi,Quitman,221,1,0,34.25157572,-90.28908,28119.0,3253.8280329799763,0.4524886877828054,220,220,1,0,219,211,7051,1,0,0,1,9
2020-08-02,US,Mississippi,Rankin,2124,28,0,32.26469147,-89.94537876,28121.0,1367.9309078965166,1.3182674199623352,2096,2111,28,0,2083,2091,153902,13,0,0,13,20
2020-08-02,US,Mississippi,Scott,953,17,0,32.406704100000006,-89.53789439,28123.0,3388.564926752951,1.7838405036726128,936,951,17,0,934,947,28287,2,0,0,2,4
2020-08-02,US,Mississippi,Sharkey,180,1,0,32.88149103,-90.8159538,28125.0,4165.702383707475,0.5555555555555556,179,180,1,0,179,139,4377,0,0,0,0,41
2020-08-02,US,Mississippi,Simpson,711,26,0,31.91282117,-89.91716179,28127.0,2667.116812964213,3.6568213783403656,685,707,26,0,681,696,26758,4,0,0,4,11
2020-08-02,US,Mississippi,Smith,377,13,0,32.01744532,-89.50644846,28129.0,2368.685599396833,3.4482758620689653,364,374,13,0,361,367,16002,3,0,0,3,7
2020-08-02,US,Mississippi,Stone,148,3,0,30.79187949,-89.11547539,28131.0,807.1553228621292,2.0270270270270268,145,146,3,0,143,144,18717,2,0,0,2,2
2020-08-02,US,Mississippi,Sunflower,906,22,0,33.60192578,-90.58882684,28133.0,3608.124253285544,2.428256070640177,884,903,22,0,881,893,25735,3,0,0,3,10
2020-08-02,US,Mississippi,Tallahatchie,493,10,0,33.95339918,-90.1729398,28135.0,3570.135418929683,2.028397565922921,483,446,10,0,436,399,13987,47,0,0,47,47
2020-08-02,US,Mississippi,Tate,645,23,0,34.65133709,-89.94485778,28137.0,2277.4619540270473,3.5658914728682167,622,638,22,0,616,621,28759,7,1,0,6,17
2020-08-02,US,Mississippi,Tippah,304,12,0,34.76872156,-88.90988194,28139.0,1380.876674994322,3.947368421052632,292,294,12,0,282,285,21995,10,0,0,10,9
2020-08-02,US,Mississippi,Tishomingo,316,3,0,34.74023475,-88.23917219,28141.0,1630.2945880410668,0.9493670886075948,313,306,3,0,303,299,19454,10,0,0,10,7
2020-08-02,US,Mississippi,Tunica,265,6,0,34.64967704,-90.37481167,28143.0,2751.2458471760797,2.2641509433962264,259,252,6,0,246,228,9944,13,0,0,13,24
2020-08-02,US,Mississippi,Union,519,13,0,34.49162015,-89.00776006,28145.0,1801.1452368558043,2.5048169556840083,506,513,13,0,500,503,28606,6,0,0,6,10
2020-08-02,US,Mississippi,Walthall,442,18,0,31.14971548,-90.10446654,28147.0,3093.938121237575,4.072398190045249,424,439,18,0,421,425,14465,3,0,0,3,14
2020-08-02,US,Mississippi,Warren,964,26,0,32.35810271,-90.83352619,28149.0,2124.2370154910645,2.6970954356846475,938,964,25,0,939,946,46176,0,1,0,-1,18
2020-08-02,US,Mississippi,Washington,1480,32,0,33.28392041,-90.94196237,28151.0,3370.607392561889,2.1621621621621623,1448,1457,32,0,1425,1419,45063,23,0,0,23,38
2020-08-02,US,Mississippi,Wayne,732,21,0,31.64135687,-88.69573913,28153.0,3626.814645989199,2.8688524590163933,711,731,21,0,710,729,20298,1,0,0,1,2
2020-08-02,US,Mississippi,Webster,197,12,0,33.61300486,-89.28392912,28155.0,2033.2335638352768,6.091370558375634,185,195,12,0,183,181,9788,2,0,0,2,14
2020-08-02,US,Mississippi,Wilkinson,187,12,0,31.16078225,-91.31018819,28157.0,2166.859791425261,6.4171122994652405,175,183,12,0,171,178,8792,4,0,0,4,5
2020-08-02,US,Mississippi,Winston,571,15,0,33.08747908,-89.03391385,28159.0,3180.172653856865,2.626970227670753,556,566,15,0,551,560,18165,5,0,0,5,6
2020-08-02,US,Mississippi,Yalobusha,316,10,0,34.02824175,-89.70762049999998,28161.0,2609.8447307565248,3.1645569620253164,306,312,10,0,302,308,12392,4,0,0,4,4
2020-08-02,US,Mississippi,Yazoo,773,11,0,32.77890365,-90.39656148,28163.0,2603.570225665207,1.423027166882277,762,764,11,0,753,757,28248,9,0,0,9,7
2020-08-02,US,Missouri,Adair,134,0,0,40.19058551,-92.60078167,29001.0,528.7456102276764,0.0,134,134,0,0,134,132,25339,0,0,0,0,2
2020-08-02,US,Missouri,Andrew,84,1,0,39.98492163,-94.80163024,29003.0,474.2547425474256,1.1904761904761905,83,83,1,0,82,81,17607,1,0,0,1,2
2020-08-02,US,Missouri,Atchison,12,0,0,40.43238737,-95.42970639,29005.0,233.326852031888,0.0,12,11,0,0,11,11,5171,1,0,0,1,0
2020-08-02,US,Missouri,Audrain,193,1,0,39.215877,-91.84242683,29007.0,760.201670080353,0.5181347150259067,192,192,1,0,191,192,25473,1,0,0,1,0
2020-08-02,US,Missouri,Barry,228,0,0,36.70978521,-93.82919888,29009.0,637.0672553019083,0.0,228,227,0,0,227,218,35886,1,0,0,1,9
2020-08-02,US,Missouri,Barton,65,0,0,37.50207671,-94.34757022,29011.0,553.0032329419771,0.0,65,65,0,0,65,65,11798,0,0,0,0,0
2020-08-02,US,Missouri,Bates,39,1,0,38.25271289,-94.34113157,29013.0,241.15755627009645,2.5641025641025643,38,39,1,0,38,36,16320,0,0,0,0,3
2020-08-02,US,Missouri,Benton,71,1,0,38.29503305,-93.28756116,29015.0,365.1699840559584,1.4084507042253518,70,71,1,0,70,71,19278,0,0,0,0,0
2020-08-02,US,Missouri,Bollinger,56,0,0,37.32449052,-90.02725304,29017.0,461.5511415148768,0.0,56,56,0,0,56,56,12169,0,0,0,0,0
2020-08-02,US,Missouri,Boone,1218,3,0,38.99186229,-92.30723575,29019.0,674.930595191258,0.24630541871921185,1215,1205,3,0,1202,1152,180005,13,0,0,13,53
2020-08-02,US,Missouri,Buchanan,1056,10,0,39.65816401,-94.80138942,29021.0,1208.7358637425027,0.946969696969697,1046,1056,10,0,1046,1054,88571,0,0,0,0,2
2020-08-02,US,Missouri,Butler,239,2,0,36.71462476,-90.40421163,29023.0,562.6441922877725,0.8368200836820083,237,239,2,0,237,236,42639,0,0,0,0,3
2020-08-02,US,Missouri,Caldwell,30,1,0,39.65620858,-93.98308093,29025.0,332.59423503325945,3.333333333333333,29,30,1,0,29,30,9108,0,0,0,0,0
2020-08-02,US,Missouri,Callaway,125,1,0,38.83674754,-91.92186505,29027.0,279.37330979147583,0.8,124,123,1,0,122,118,44889,2,0,0,2,5
2020-08-02,US,Missouri,Camden,300,4,0,38.02199522,-92.76083747,29029.0,647.878198898607,1.3333333333333333,296,294,4,0,290,285,45815,6,0,0,6,9
2020-08-02,US,Missouri,Cape Girardeau,597,3,0,37.38489388,-89.6843587,29031.0,756.9322057536992,0.5025125628140703,594,596,3,0,593,594,78753,1,0,0,1,2
2020-08-02,US,Missouri,Carroll,98,0,0,39.42762566,-93.50626255,29033.0,1129.162345892384,0.0,98,98,0,0,98,95,8743,0,0,0,0,3
2020-08-02,US,Missouri,Carter,20,1,0,36.94160441,-90.96051322,29035.0,334.33634236041456,5.0,19,19,1,0,18,18,6054,1,0,0,1,1
2020-08-02,US,Missouri,Cass,636,9,0,38.64789422,-94.353399,29037.0,601.2478729438458,1.4150943396226414,627,630,9,0,621,621,104954,6,0,0,6,9
2020-08-02,US,Missouri,Cedar,34,0,0,37.72391475,-93.85445441,29039.0,236.9503101261412,0.0,34,34,0,0,34,34,14165,0,0,0,0,0
2020-08-02,US,Missouri,Chariton,14,0,0,39.51499357,-92.9629191,29041.0,188.52679773767846,0.0,14,14,0,0,14,14,7451,0,0,0,0,0
2020-08-02,US,Missouri,Christian,281,1,0,36.9711783,-93.18537118,29043.0,317.1736553981602,0.3558718861209965,280,275,1,0,274,265,86983,6,0,0,6,10
2020-08-02,US,Missouri,Clark,14,0,0,40.41040752,-91.73661677,29045.0,205.97322348094747,0.0,14,13,0,0,13,11,6842,1,0,0,1,2
2020-08-02,US,Missouri,Clay,900,20,0,39.31132056,-94.41850862,29047.0,360.0748955782804,2.2222222222222223,880,896,20,0,876,882,246365,4,0,0,4,14
2020-08-02,US,Missouri,Clinton,61,0,0,39.6013098,-94.40465394,29049.0,299.2102810614608,0.0,61,61,0,0,61,61,20470,0,0,0,0,0
2020-08-02,US,Missouri,Cole,315,2,0,38.50455671,-92.27860244,29051.0,410.45019219493133,0.6349206349206349,313,307,2,0,305,288,76796,8,0,0,8,19
2020-08-02,US,Missouri,Cooper,94,0,0,38.844478,-92.80896081,29053.0,530.8035462194365,0.0,94,91,0,0,91,86,17603,3,0,0,3,5
2020-08-02,US,Missouri,Crawford,56,0,0,37.97663738,-91.30528104,29055.0,234.11371237458198,0.0,56,52,0,0,52,47,23957,4,0,0,4,5
2020-08-02,US,Missouri,Dade,15,0,0,37.431814,-93.8503345,29057.0,198.3864568178812,0.0,15,14,0,0,14,14,7569,1,0,0,1,0
2020-08-02,US,Missouri,Dallas,49,1,0,37.6811355,-93.02127031,29059.0,290.31875814669985,2.0408163265306123,48,48,1,0,47,47,16762,1,0,0,1,1
2020-08-02,US,Missouri,Daviess,17,0,0,39.96145298,-93.98519678,29061.0,205.36361439961343,0.0,17,17,0,0,17,17,8313,0,0,0,0,0
2020-08-02,US,Missouri,DeKalb,32,1,0,39.89201062,-94.40476508,29063.0,255.04104566828724,3.125,31,32,1,0,31,32,12630,0,0,0,0,0
2020-08-02,US,Missouri,Dent,9,0,0,37.60663134,-91.50790473,29065.0,57.792332883837396,0.0,9,9,0,0,9,9,15441,0,0,0,0,0
2020-08-02,US,Missouri,Douglas,73,2,0,36.9325593,-92.49905109,29067.0,553.6594615092908,2.7397260273972597,71,73,2,0,71,68,13373,0,0,0,0,5
2020-08-02,US,Missouri,Dunklin,247,4,0,36.27167174,-90.09122243,29069.0,847.893996086643,1.6194331983805668,243,242,4,0,238,239,29423,5,0,0,5,3
2020-08-02,US,Missouri,Franklin,519,18,0,38.41127108,-91.07522826,29071.0,499.19686054228754,3.4682080924855487,501,516,18,0,498,509,103670,3,0,0,3,7
2020-08-02,US,Missouri,Gasconade,20,0,0,38.43947277,-91.50847147,29073.0,135.99891200870394,0.0,20,20,0,0,20,19,14705,0,0,0,0,1
2020-08-02,US,Missouri,Gentry,79,9,0,40.21097916,-94.40944419,29075.0,1202.2523208035307,11.39240506329114,70,79,9,0,70,79,6628,0,0,0,0,0
2020-08-02,US,Missouri,Greene,1220,10,0,37.2575872,-93.34230916,29077.0,416.2600738349836,0.819672131147541,1210,1204,10,0,1194,1182,291923,16,0,0,16,22
2020-08-02,US,Missouri,Grundy,24,1,0,40.11406587,-93.56509276,29079.0,243.65482233502541,4.166666666666667,23,24,1,0,23,24,9914,0,0,0,0,0
2020-08-02,US,Missouri,Harrison,60,1,0,40.35570088,-93.99222144,29081.0,718.3908045977013,1.6666666666666667,59,60,1,0,59,59,8414,0,0,0,0,1
2020-08-02,US,Missouri,Henry,69,3,0,38.38482826,-93.79293734,29083.0,316.16568914956014,4.3478260869565215,66,69,3,0,66,69,21792,0,0,0,0,0
2020-08-02,US,Missouri,Hickory,17,0,0,37.94163617,-93.3203037,29085.0,178.12238055322715,0.0,17,16,0,0,16,16,9509,1,0,0,1,0
2020-08-02,US,Missouri,Holt,6,0,0,40.09799248,-95.2163888,29087.0,136.2707245060186,0.0,6,6,0,0,6,6,4404,0,0,0,0,0
2020-08-02,US,Missouri,Howard,46,0,0,39.1435761,-92.69756691,29089.0,459.95400459954004,0.0,46,45,0,0,45,43,10137,1,0,0,1,2
2020-08-02,US,Missouri,Howell,137,2,0,36.77383887,-91.88683935,29091.0,341.5011092554279,1.45985401459854,135,133,2,0,131,127,40076,4,0,0,4,6
2020-08-02,US,Missouri,Iron,16,0,0,37.55487945,-90.7735296,29093.0,158.02469135802468,0.0,16,14,0,0,14,12,10177,2,0,0,2,2
2020-08-02,US,Missouri,Jackson,3450,59,0,39.01002188,-94.34724536,29095.0,490.746232989242,1.710144927536232,3391,3396,59,0,3337,3320,700307,54,0,0,54,76
2020-08-02,US,Missouri,Jasper,1652,25,0,37.20351921,-94.34050458,29097.0,1361.5983120137148,1.513317191283293,1627,1646,25,0,1621,1626,120636,6,0,0,6,20
2020-08-02,US,Missouri,Jefferson,1349,24,0,38.25926778,-90.53870896,29099.0,599.3397932299928,1.7790956263899185,1325,1328,24,0,1304,1295,224347,21,0,0,21,33
2020-08-02,US,Missouri,Johnson,464,2,0,38.74719601,-93.80691168,29101.0,858.2738337464392,0.4310344827586207,462,463,2,0,461,454,53652,1,0,0,1,9
2020-08-02,US,Missouri,Kansas City,5929,53,0,39.0997,-94.5786,0.0,1212.615785480107,0.8939112835216732,5876,5865,53,0,5812,5798,491918,64,0,0,64,67
2020-08-02,US,Missouri,Knox,15,0,0,40.12699751,-92.14780832,29103.0,378.88355645364993,0.0,15,11,0,0,11,9,3947,4,0,0,4,2
2020-08-02,US,Missouri,Laclede,197,1,0,37.65896829,-92.5888493,29105.0,551.4654424320465,0.5076142131979695,196,194,1,0,193,188,35713,3,0,0,3,6
2020-08-02,US,Missouri,Lafayette,152,2,0,39.06986886,-93.78076396,29107.0,464.71811177693536,1.3157894736842106,150,151,2,0,149,150,32598,1,0,0,1,1
2020-08-02,US,Missouri,Lawrence,186,2,0,37.10626634,-93.83293097,29109.0,484.9432929213922,1.075268817204301,184,184,2,0,182,182,38359,2,0,0,2,2
2020-08-02,US,Missouri,Lewis,33,1,0,40.09673161,-91.72070156,29111.0,337.56137479541735,3.0303030303030303,32,32,1,0,31,27,9855,1,0,0,1,5
2020-08-02,US,Missouri,Lincoln,301,1,0,39.05345619,-90.95588181,29113.0,510.0571060613763,0.3322259136212625,300,293,1,0,292,288,57686,8,0,0,8,5
2020-08-02,US,Missouri,Linn,31,1,0,39.87001769,-93.10704106,29115.0,260.06711409395973,3.2258064516129035,30,30,1,0,29,30,12037,1,0,0,1,0
2020-08-02,US,Missouri,Livingston,53,0,0,39.78110272,-93.54645978,29117.0,348.06593550929273,0.0,53,53,0,0,53,51,15146,0,0,0,0,2
2020-08-02,US,Missouri,Macon,53,0,0,39.83049768,-92.56453089,29121.0,350.5986637560363,0.0,53,53,0,0,53,52,15153,0,0,0,0,1
2020-08-02,US,Missouri,Madison,17,0,0,37.47865134,-90.3467143,29123.0,140.63534083388484,0.0,17,17,0,0,17,17,12188,0,0,0,0,0
2020-08-02,US,Missouri,Maries,14,0,0,38.16193985,-91.92249662,29125.0,160.97504886742556,0.0,14,14,0,0,14,11,8769,0,0,0,0,3
2020-08-02,US,Missouri,Marion,150,1,0,39.80601912,-91.62203062,29127.0,525.7623554153523,0.6666666666666666,149,150,1,0,149,139,28592,0,0,0,0,11
2020-08-02,US,Missouri,McDonald,926,7,0,36.62869595,-94.34867205,29119.0,4054.823313044621,0.7559395248380129,919,926,7,0,919,925,23078,0,0,0,0,1
2020-08-02,US,Missouri,Mercer,9,0,0,40.42212303,-93.5682959,29129.0,248.82499308819462,0.0,9,8,0,0,8,8,3641,1,0,0,1,0
2020-08-02,US,Missouri,Miller,96,0,0,38.21450288,-92.42610898,29131.0,374.72188610015996,0.0,96,93,0,0,93,89,25336,3,0,0,3,4
2020-08-02,US,Missouri,Mississippi,130,0,0,36.82516239,-89.29505753,29133.0,986.3429438543247,0.0,130,129,0,0,129,129,13336,1,0,0,1,0
2020-08-02,US,Missouri,Moniteau,123,2,0,38.63571781,-92.57976951,29135.0,762.4597074138359,1.6260162601626016,121,121,2,0,119,111,16121,2,0,0,2,10
2020-08-02,US,Missouri,Monroe,17,0,0,39.49593978,-92.00043978,29137.0,196.6682091624248,0.0,17,17,0,0,17,14,8664,0,0,0,0,3
2020-08-02,US,Missouri,Montgomery,36,0,0,38.94022054,-91.47000721,29139.0,311.66132802354775,0.0,36,33,0,0,33,33,11534,3,0,0,3,0
2020-08-02,US,Missouri,Morgan,67,0,0,38.4181765,-92.88791859,29141.0,324.81698744364184,0.0,67,62,0,0,62,62,20358,5,0,0,5,0
2020-08-02,US,Missouri,New Madrid,184,1,0,36.59666326,-89.66070007,29143.0,1077.5357226516749,0.5434782608695652,183,179,1,0,178,171,17296,5,0,0,5,8
2020-08-02,US,Missouri,Newton,801,6,0,36.90519407,-94.3394104,29145.0,1375.4378734803213,0.7490636704119851,795,799,6,0,793,794,58266,2,0,0,2,5
2020-08-02,US,Missouri,Nodaway,157,0,0,40.36079813,-94.88133008,29147.0,710.6644939344559,0.0,157,153,0,0,153,147,22304,4,0,0,4,6
2020-08-02,US,Missouri,Oregon,14,0,0,36.68710164,-91.4033755,29149.0,132.96609364612024,0.0,14,13,0,0,13,13,10541,1,0,0,1,0
2020-08-02,US,Missouri,Osage,39,0,0,38.46036182,-91.8613635,29151.0,286.4487697392582,0.0,39,37,0,0,37,36,13714,2,0,0,2,1
2020-08-02,US,Missouri,Ozark,7,0,0,36.64916339,-92.44459066,29153.0,76.3025942882058,0.0,7,6,0,0,6,6,9017,1,0,0,1,0
2020-08-02,US,Missouri,Pemiscot,205,8,0,36.2130572,-89.78742322,29155.0,1297.0578930718127,3.902439024390244,197,204,8,0,196,199,16272,1,0,0,1,5
2020-08-02,US,Missouri,Perry,206,4,0,37.70660776,-89.82741088,29157.0,1076.505016722408,1.9417475728155342,202,202,4,0,198,201,19150,4,0,0,4,1
2020-08-02,US,Missouri,Pettis,410,3,0,38.72798918,-93.28471706,29159.0,968.3743120999553,0.7317073170731707,407,407,3,0,404,405,42542,3,0,0,3,2
2020-08-02,US,Missouri,Phelps,75,0,0,37.87736118,-91.79351727,29161.0,168.26329840935097,0.0,75,75,0,0,75,72,44732,0,0,0,0,3
2020-08-02,US,Missouri,Pike,69,1,0,39.34310674,-91.16980779,29163.0,377.00797727024366,1.4492753623188406,68,69,1,0,68,68,18504,0,0,0,0,1
2020-08-02,US,Missouri,Platte,312,10,0,39.38154439,-94.77068479,29165.0,298.7990576337413,3.2051282051282053,302,308,10,0,298,301,102985,4,0,0,4,7
2020-08-02,US,Missouri,Polk,191,0,0,37.6162296,-93.39828174,29167.0,594.1086814519891,0.0,191,189,0,0,189,187,32201,2,0,0,2,2
2020-08-02,US,Missouri,Pulaski,180,1,0,37.82462075,-92.20783203,29169.0,342.1597886212862,0.5555555555555556,179,179,1,0,178,178,52014,1,0,0,1,1
2020-08-02,US,Missouri,Putnam,10,1,0,40.47942497,-93.02042674,29171.0,212.94718909710392,10.0,9,10,1,0,9,8,4757,0,0,0,0,2
2020-08-02,US,Missouri,Ralls,21,0,0,39.52817427,-91.51838643,29173.0,203.7055000485013,0.0,21,21,0,0,21,20,10212,0,0,0,0,1
2020-08-02,US,Missouri,Randolph,55,1,0,39.44007257,-92.4971374,29175.0,222.24018102472928,1.818181818181818,54,55,1,0,54,52,24763,0,0,0,0,3
2020-08-02,US,Missouri,Ray,90,0,0,39.3537468,-93.98905745,29177.0,390.99834911808153,0.0,90,90,0,0,90,87,22883,0,0,0,0,3
2020-08-02,US,Missouri,Reynolds,16,0,0,37.36085952,-90.97009925,29179.0,255.18341307814998,0.0,16,16,0,0,16,17,6254,0,0,0,0,-1
2020-08-02,US,Missouri,Ripley,40,0,0,36.65460667,-90.85990261,29181.0,301.02347983142687,0.0,40,41,0,0,41,41,13401,-1,0,0,-1,0
2020-08-02,US,Missouri,Saline,410,7,0,39.13734288,-93.20259964,29195.0,1801.3268309828213,1.7073170731707317,403,409,7,0,402,407,22895,1,0,0,1,2
2020-08-02,US,Missouri,Schuyler,9,0,0,40.46921489,-92.52311943,29197.0,193.13304721030042,0.0,9,9,0,0,9,9,4599,0,0,0,0,0
2020-08-02,US,Missouri,Scotland,12,1,0,40.45214695,-92.14709064,29199.0,244.79804161566707,8.333333333333334,11,12,1,0,11,12,4966,0,0,0,0,0
2020-08-02,US,Missouri,Scott,345,13,0,37.05588075,-89.56474493,29201.0,901.253918495298,3.768115942028986,332,341,13,0,328,342,38458,4,0,0,4,-1
2020-08-02,US,Missouri,Shannon,43,1,0,37.15772072,-91.40190382,29203.0,526.573597844722,2.3255813953488373,42,43,1,0,42,43,8189,0,0,0,0,0
2020-08-02,US,Missouri,Shelby,28,0,0,39.79742518,-92.07634971,29205.0,472.1753794266442,0.0,28,28,0,0,28,14,6050,0,0,0,0,14
2020-08-02,US,Missouri,St. Charles,3553,87,0,38.77875681,-90.66662425,29183.0,883.7824795657947,2.4486349563748946,3466,3508,87,0,3421,3432,399182,45,0,0,45,76
2020-08-02,US,Missouri,St. Clair,18,0,0,38.03699437,-93.77631447,29185.0,191.5504948387783,0.0,18,18,0,0,18,17,9395,0,0,0,0,1
2020-08-02,US,Missouri,St. Francois,299,2,0,37.81214171,-90.47598685,29187.0,444.8411812839396,0.6688963210702341,297,297,2,0,295,285,66692,2,0,0,2,12
2020-08-02,US,Missouri,St. Louis,13271,650,0,38.63770039999999,-90.4458375,29189.0,1334.835370974799,4.897897671614799,12621,13162,650,0,12512,12880,996945,109,0,0,109,282
2020-08-02,US,Missouri,St. Louis City,4621,169,0,38.63555736,-90.24349225,29510.0,1537.3815607367194,3.65721705258602,4452,4579,169,0,4410,4491,302838,42,0,0,42,88
2020-08-02,US,Missouri,Ste. Genevieve,44,1,0,37.89090059,-90.1949941,29186.0,245.89247792556165,2.272727272727273,43,43,1,0,42,46,17888,1,0,0,1,-3
2020-08-02,US,Missouri,Stoddard,210,9,0,36.85571651,-89.9444155,29207.0,723.5142118863049,4.285714285714286,201,207,9,0,198,208,29206,3,0,0,3,-1
2020-08-02,US,Missouri,Stone,86,1,0,36.75000327,-93.45256475,29209.0,269.1537305958938,1.162790697674419,85,82,1,0,81,80,31749,4,0,0,4,2
2020-08-02,US,Missouri,Sullivan,135,0,0,40.2099105,-93.11150106,29211.0,2217.1128264082768,0.0,135,134,0,0,134,134,6221,1,0,0,1,0
2020-08-02,US,Missouri,Taney,428,3,0,36.65465345,-93.04075153,29213.0,765.2696323844943,0.7009345794392523,425,403,3,0,400,391,55852,25,0,0,25,12
2020-08-02,US,Missouri,Texas,36,0,0,37.31728859,-91.96564727,29215.0,141.74344436569808,0.0,36,35,0,0,35,32,25571,1,0,0,1,3
2020-08-02,US,Missouri,Vernon,45,0,0,37.8457799,-94.34127305,29217.0,218.8396634732286,0.0,45,44,0,0,44,44,20528,1,0,0,1,0
2020-08-02,US,Missouri,Warren,161,0,0,38.76529479,-91.16124662,29219.0,451.6255715447838,0.0,161,157,0,0,157,153,34711,4,0,0,4,4
2020-08-02,US,Missouri,Washington,56,1,0,37.96130078,-90.87948158,29221.0,226.4456126162556,1.7857142857142858,55,54,1,0,53,55,24943,2,0,0,2,-1
2020-08-02,US,Missouri,Wayne,35,0,0,37.11303869,-90.46001416,29223.0,271.88689505165854,0.0,35,34,0,0,34,31,13122,1,0,0,1,3
2020-08-02,US,Missouri,Webster,116,1,0,37.2813734,-92.876329,29225.0,292.98848252172155,0.8620689655172413,115,113,1,0,112,111,39109,3,0,0,3,2
2020-08-02,US,Missouri,Worth,8,0,0,40.47945588,-94.42328751,29227.0,397.4167908594138,0.0,8,8,0,0,8,8,2040,0,0,0,0,0
2020-08-02,US,Missouri,Wright,58,0,0,37.27029221,-92.46914488,29229.0,317.13051561047627,0.0,58,58,0,0,58,56,18378,0,0,0,0,2
2020-08-02,US,Montana,Beaverhead,47,0,0,45.13434354,-112.89846940000001,30001.0,497.1966571458796,0.0,47,47,0,0,47,45,9404,0,0,0,0,2
2020-08-02,US,Montana,Big Horn,338,9,0,45.42335905,-107.492347,30003.0,2537.7280576619864,2.662721893491124,329,319,9,0,310,312,13338,19,0,0,19,7
2020-08-02,US,Montana,Blaine,9,0,0,48.43175214,-108.9582723,30005.0,134.7103726986978,0.0,9,8,0,0,8,7,6807,1,0,0,1,1
2020-08-02,US,Montana,Broadwater,10,0,0,46.33277565,-111.49558130000001,30007.0,160.333493666827,0.0,10,10,0,0,10,10,6085,0,0,0,0,0
2020-08-02,US,Montana,Carbon,58,0,0,45.22850116,-109.0274047,30009.0,540.7925407925408,0.0,58,57,0,0,57,57,10714,1,0,0,1,0
2020-08-02,US,Montana,Cascade,146,2,0,47.30797024,-111.3467922,30013.0,179.4361281124794,1.3698630136986298,144,144,2,0,142,136,81643,2,0,0,2,8
2020-08-02,US,Montana,Chouteau,7,0,0,47.88084126,-110.4353362,30015.0,124.22360248447204,0.0,7,6,0,0,6,6,5745,1,0,0,1,0
2020-08-02,US,Montana,Custer,52,2,0,46.25319932,-105.57375259999998,30017.0,456.060340291177,3.8461538461538463,50,52,2,0,50,52,11586,0,0,0,0,0
2020-08-02,US,Montana,Daniels,2,0,0,48.78420029,-105.54763429999998,30019.0,118.3431952662722,0.0,2,2,0,0,2,2,1747,0,0,0,0,0
2020-08-02,US,Montana,Dawson,16,0,0,47.26584855,-104.89444170000002,30021.0,185.76570300708232,0.0,16,16,0,0,16,14,8680,0,0,0,0,2
2020-08-02,US,Montana,Deer Lodge,20,0,0,46.05953325,-113.073353,30023.0,218.81838074398246,0.0,20,20,0,0,20,20,9131,0,0,0,0,0
2020-08-02,US,Montana,Fallon,2,0,0,46.33478338,-104.41835649999999,30025.0,70.27406886858749,0.0,2,2,0,0,2,2,2920,0,0,0,0,0
2020-08-02,US,Montana,Fergus,6,0,0,47.26331584,-109.2245206,30027.0,54.29864253393665,0.0,6,6,0,0,6,6,11113,0,0,0,0,0
2020-08-02,US,Montana,Flathead,263,2,0,48.29575866,-114.05205690000001,30029.0,253.3572240525596,0.7604562737642585,261,253,2,0,251,237,102106,10,0,0,10,16
2020-08-02,US,Montana,Gallatin,870,3,0,45.54486106,-111.1692571,30031.0,760.2635580334515,0.3448275862068966,867,864,3,0,861,849,111876,6,0,0,6,15
2020-08-02,US,Montana,Garfield,12,0,0,47.27545948,-107.0002351,30033.0,953.8950715421304,0.0,12,12,0,0,12,12,1268,0,0,0,0,0
2020-08-02,US,Montana,Glacier,56,1,0,48.70513576,-112.9934235,30035.0,407.18388715189417,1.7857142857142858,55,54,1,0,53,53,13747,2,0,0,2,1
2020-08-02,US,Montana,Golden Valley,3,0,0,46.3816474,-109.17685220000001,30037.0,365.4080389768576,0.0,3,3,0,0,3,3,826,0,0,0,0,0
2020-08-02,US,Montana,Granite,7,0,0,46.40605220000001,-113.4414186,30039.0,207.16188221367267,0.0,7,7,0,0,7,6,3378,0,0,0,0,1
2020-08-02,US,Montana,Hill,40,0,0,48.62879827,-110.1129252,30041.0,242.6595486532395,0.0,40,40,0,0,40,40,16347,0,0,0,0,0
2020-08-02,US,Montana,Jefferson,25,0,0,46.14907081,-112.094396,30043.0,204.5659111365682,0.0,25,25,0,0,25,22,12097,0,0,0,0,3
2020-08-02,US,Montana,Judith Basin,3,0,0,47.04581276,-110.26606880000001,30045.0,149.47683109118088,0.0,3,3,0,0,3,3,1952,0,0,0,0,0
2020-08-02,US,Montana,Lake,166,1,0,47.64514965,-114.0898013,30047.0,545.0128045176965,0.6024096385542169,165,165,1,0,164,165,30250,1,0,0,1,0
2020-08-02,US,Montana,Lewis and Clark,131,1,0,47.12610041,-112.39469799999999,30049.0,188.6738103468141,0.7633587786259542,130,129,1,0,128,122,68700,2,0,0,2,7
2020-08-02,US,Montana,Liberty,1,0,0,48.56084317,-111.02430700000001,30051.0,42.78990158322636,0.0,1,1,0,0,1,1,2430,0,0,0,0,0
2020-08-02,US,Montana,Lincoln,70,2,0,48.54265777,-115.4046155,30053.0,350.35035035035037,2.8571428571428568,68,69,2,0,67,68,19794,1,0,0,1,1
2020-08-02,US,Montana,Madison,75,1,0,45.30080065,-111.9173017,30057.0,872.0930232558139,1.3333333333333333,74,74,1,0,73,73,8768,1,0,0,1,1
2020-08-02,US,Montana,McCone,1,0,0,47.64469406,-105.79449939999999,30055.0,60.09615384615386,0.0,1,1,0,0,1,1,1675,0,0,0,0,0
2020-08-02,US,Montana,Meagher,4,0,0,46.59907074,-110.8898557,30059.0,214.8227712137487,0.0,4,4,0,0,4,4,1866,0,0,0,0,0
2020-08-02,US,Montana,Missoula,266,1,0,47.03728583,-113.92135079999998,30063.0,222.4080267558529,0.3759398496240601,265,256,1,0,255,247,118791,10,0,0,10,9
2020-08-02,US,Montana,Musselshell,2,0,0,46.49684637,-108.39498,30065.0,43.16857327865314,0.0,2,2,0,0,2,2,4651,0,0,0,0,0
2020-08-02,US,Montana,Park,48,0,0,45.48965095,-110.52643940000002,30067.0,289.0521498253643,0.0,48,47,0,0,47,47,16736,1,0,0,1,0
2020-08-02,US,Montana,Pondera,9,0,0,48.22773388,-112.22527029999999,30073.0,152.25850109964472,0.0,9,9,0,0,9,9,5972,0,0,0,0,0
2020-08-02,US,Montana,Powder River,1,0,0,45.39617714,-105.636738,30075.0,59.453032104637344,0.0,1,1,0,0,1,1,1716,0,0,0,0,0
2020-08-02,US,Montana,Powell,2,0,0,46.85538891,-112.93591640000001,30077.0,29.027576197387518,0.0,2,2,0,0,2,2,6968,0,0,0,0,0
2020-08-02,US,Montana,Ravalli,72,1,0,46.08520862,-114.11891640000002,30081.0,164.36104643199562,1.3888888888888888,71,72,1,0,71,65,43172,0,0,0,0,7
2020-08-02,US,Montana,Richland,46,1,0,47.78668011,-104.5610786,30083.0,425.80764602425245,2.1739130434782608,45,46,1,0,45,45,10913,0,0,0,0,1
2020-08-02,US,Montana,Roosevelt,19,0,0,48.29607488,-105.00792679999999,30085.0,172.6644856415849,0.0,19,19,0,0,19,17,11059,0,0,0,0,2
2020-08-02,US,Montana,Rosebud,22,1,0,46.23397237,-106.72928799999998,30087.0,246.16761776882626,4.545454545454546,21,22,1,0,21,22,9063,0,0,0,0,0
2020-08-02,US,Montana,Sanders,9,0,0,47.67657534,-115.1329916,30089.0,74.30033847931973,0.0,9,9,0,0,9,9,11844,0,0,0,0,0
2020-08-02,US,Montana,Sheridan,3,0,0,48.72085833,-104.50382900000001,30091.0,90.66183136899366,0.0,3,3,0,0,3,3,3424,0,0,0,0,0
2020-08-02,US,Montana,Silver Bow,66,0,0,45.90018933,-112.6620092,30093.0,189.03050264929112,0.0,66,64,0,0,64,61,34993,2,0,0,2,3
2020-08-02,US,Montana,Stillwater,19,0,0,45.67071407,-109.3950061,30095.0,197.05455299730343,0.0,19,19,0,0,19,18,9534,0,0,0,0,1
2020-08-02,US,Montana,Sweet Grass,4,1,0,45.81367654,-109.9425686,30097.0,107.03773080010704,25.0,3,4,1,0,3,4,3710,0,0,0,0,0
2020-08-02,US,Montana,Teton,15,0,0,47.83741052,-112.24106880000001,30099.0,244.0214738897023,0.0,15,15,0,0,15,15,6162,0,0,0,0,0
2020-08-02,US,Montana,Toole,31,6,0,48.65577551,-111.69424140000001,30101.0,654.5608108108107,19.354838709677423,25,31,6,0,25,31,4853,0,0,0,0,0
2020-08-02,US,Montana,Treasure,2,0,0,46.20973220000001,-107.26665159999999,30103.0,287.3563218390805,0.0,2,2,0,0,2,2,679,0,0,0,0,0
2020-08-02,US,Montana,Valley,13,0,0,48.36435097,-106.6669635,30105.0,175.77068685776095,0.0,13,11,0,0,11,11,7437,2,0,0,2,0
2020-08-02,US,Montana,Wheatland,3,0,0,46.46652491,-109.84646359999999,30107.0,141.11006585136406,0.0,3,3,0,0,3,3,2236,0,0,0,0,0
2020-08-02,US,Montana,Wibaux,3,0,0,46.95925154,-104.2510927,30109.0,309.59752321981426,0.0,3,3,0,0,3,1,1034,0,0,0,0,2
2020-08-02,US,Montana,Yellowstone,1098,26,0,45.93955949,-108.26914860000001,30111.0,680.719156850589,2.3679417122040074,1072,1048,26,0,1022,1022,160137,50,0,0,50,26
2020-08-02,US,Nebraska,Adams,341,11,0,40.52449420000001,-98.50117804,31001.0,1087.2684373306124,3.2258064516129035,330,340,11,0,329,339,31511,1,0,0,1,1
2020-08-02,US,Nebraska,Antelope,18,1,0,42.17695516,-98.06662829999999,31003.0,285.8050174658622,5.5555555555555545,17,18,1,0,17,18,6336,0,0,0,0,0
2020-08-02,US,Nebraska,Banner,2,0,0,41.54634427,-103.7114332,31007.0,268.4563758389262,0.0,2,2,0,0,2,2,730,0,0,0,0,0
2020-08-02,US,Nebraska,Boone,7,0,0,41.70759415,-98.06737183,31011.0,134.82280431432974,0.0,7,7,0,0,7,7,5239,0,0,0,0,0
2020-08-02,US,Nebraska,Box Butte,11,0,0,42.22079243,-103.08788340000001,31013.0,102.01242696837616,0.0,11,11,0,0,11,10,10772,0,0,0,0,1
2020-08-02,US,Nebraska,Boyd,1,0,0,42.899727399999996,-98.76486568,31015.0,52.110474205315285,0.0,1,1,0,0,1,1,1955,0,0,0,0,0
2020-08-02,US,Nebraska,Buffalo,347,1,0,40.85486962,-99.07500296,31019.0,698.765581264222,0.2881844380403458,346,333,1,0,332,329,49615,14,0,0,14,4
2020-08-02,US,Nebraska,Burt,25,0,0,41.85056773,-96.32605633,31021.0,387.05681994116736,0.0,25,22,0,0,22,19,6488,3,0,0,3,3
2020-08-02,US,Nebraska,Butler,56,0,0,41.22703692,-97.13106306,31023.0,698.6027944111778,0.0,56,56,0,0,56,56,8058,0,0,0,0,0
2020-08-02,US,Nebraska,Cass,157,1,0,40.90899107,-96.13971217,31025.0,598.1408107284365,0.6369426751592356,156,156,1,0,155,154,26159,1,0,0,1,2
2020-08-02,US,Nebraska,Cedar,21,0,0,42.598885100000004,-97.25311951,31027.0,249.94049035943826,0.0,21,21,0,0,21,21,8446,0,0,0,0,0
2020-08-02,US,Nebraska,Chase,6,0,0,40.523719799999995,-101.69780259999999,31029.0,152.9051987767584,0.0,6,6,0,0,6,6,3977,0,0,0,0,0
2020-08-02,US,Nebraska,Cherry,4,0,0,42.54502621,-101.1244332,31031.0,70.31112673580594,0.0,4,4,0,0,4,4,5761,0,0,0,0,0
2020-08-02,US,Nebraska,Cheyenne,26,0,0,41.21999357,-102.9941693,31033.0,291.8069584736251,0.0,26,26,0,0,26,26,9310,0,0,0,0,0
2020-08-02,US,Nebraska,Clay,48,0,0,40.52439441,-98.05126296,31035.0,773.8191197807512,0.0,48,47,0,0,47,47,6214,1,0,0,1,0
2020-08-02,US,Nebraska,Colfax,694,4,0,41.57486951,-97.0868542,31037.0,6480.530394994865,0.5763688760806917,690,692,4,0,688,692,10881,2,0,0,2,0
2020-08-02,US,Nebraska,Cuming,58,0,0,41.91637624,-96.78730772,31039.0,655.6635767578566,0.0,58,57,0,0,57,57,8940,1,0,0,1,0
2020-08-02,US,Nebraska,Custer,43,4,0,41.39374521,-99.72805369,31041.0,398.9978658253688,9.30232558139535,39,43,4,0,39,43,10840,0,0,0,0,0
2020-08-02,US,Nebraska,Dakota,1901,41,0,42.39040144,-96.56656425,31043.0,9492.659542594627,2.156759600210416,1860,1901,41,0,1860,1901,20083,0,0,0,0,0
2020-08-02,US,Nebraska,Dawes,8,0,0,42.71985036,-103.1313774,31045.0,93.1423914309,0.0,8,8,0,0,8,8,8716,0,0,0,0,0
2020-08-02,US,Nebraska,Dawson,949,9,0,40.87028216,-99.82014609999999,31047.0,4022.0385674931126,0.9483667017913592,940,943,9,0,934,942,23709,6,0,0,6,1
2020-08-02,US,Nebraska,Deuel,1,0,0,41.11168186,-102.33333309999999,31049.0,55.74136008918617,0.0,1,1,0,0,1,1,1825,0,0,0,0,0
2020-08-02,US,Nebraska,Dixon,56,2,0,42.49188363,-96.86782408,31051.0,993.61249112846,3.571428571428572,54,56,2,0,54,56,5709,0,0,0,0,0
2020-08-02,US,Nebraska,Dodge,772,8,0,41.58071748,-96.65598179,31053.0,2111.308628469849,1.0362694300518134,764,758,8,0,750,755,36791,14,0,0,14,3
2020-08-02,US,Nebraska,Douglas,10480,131,0,41.29518299,-96.15085305,31055.0,1834.3260514556464,1.25,10349,10340,131,0,10209,10241,566880,140,0,0,140,99
2020-08-02,US,Nebraska,Dundy,1,0,0,40.17638677,-101.6876522,31057.0,59.06674542232722,0.0,1,1,0,0,1,1,1770,0,0,0,0,0
2020-08-02,US,Nebraska,Fillmore,24,1,0,40.52458567,-97.59646937,31059.0,439.3994873672647,4.166666666666667,23,23,1,0,22,22,5527,1,0,0,1,1
2020-08-02,US,Nebraska,Franklin,9,0,0,40.17636348,-98.95299073,31061.0,302.1148036253776,0.0,9,9,0,0,9,9,3023,0,0,0,0,0
2020-08-02,US,Nebraska,Frontier,3,0,0,40.52993007,-100.3924658,31063.0,114.19870574800152,0.0,3,3,0,0,3,3,2608,0,0,0,0,0
2020-08-02,US,Nebraska,Furnas,15,1,0,40.17642064,-99.91247454,31065.0,320.786997433704,6.666666666666668,14,15,1,0,14,15,4715,0,0,0,0,0
2020-08-02,US,Nebraska,Gage,82,4,0,40.26186809,-96.68946704,31067.0,381.1648770510853,4.878048780487805,78,81,4,0,77,81,21493,1,0,0,1,0
2020-08-02,US,Nebraska,Garden,4,0,0,41.61703149,-102.3313973,31069.0,217.74632553075668,0.0,4,4,0,0,4,4,1897,0,0,0,0,0
2020-08-02,US,Nebraska,Garfield,3,0,0,41.91428955,-98.99111827,31071.0,152.36160487557137,0.0,3,3,0,0,3,3,1987,0,0,0,0,0
2020-08-02,US,Nebraska,Gosper,17,0,0,40.51481965,-99.83020279,31073.0,854.2713567839197,0.0,17,15,0,0,15,15,1996,2,0,0,2,0
2020-08-02,US,Nebraska,Greeley,8,0,0,41.56742671,-98.52150266,31077.0,339.55857385398986,0.0,8,8,0,0,8,8,2356,0,0,0,0,0
2020-08-02,US,Nebraska,Hall,1713,45,0,40.87257079,-98.50218293,31079.0,2792.039509070461,2.626970227670753,1668,1708,45,0,1663,1708,61607,5,0,0,5,0
2020-08-02,US,Nebraska,Hamilton,96,12,0,40.87349452,-98.02099117,31081.0,1029.6010296010297,12.5,84,95,12,0,83,96,9280,1,0,0,1,-1
2020-08-02,US,Nebraska,Harlan,1,0,0,40.17658508,-99.40438879,31083.0,29.58579881656805,0.0,1,1,0,0,1,1,3401,0,0,0,0,0
2020-08-02,US,Nebraska,Hitchcock,1,0,0,40.17609175,-101.04164770000001,31087.0,36.205648081100655,0.0,1,1,0,0,1,1,2806,0,0,0,0,0
2020-08-02,US,Nebraska,Holt,8,0,0,42.45522056,-98.78402558,31089.0,79.46756729909606,0.0,8,7,0,0,7,7,10178,1,0,0,1,0
2020-08-02,US,Nebraska,Hooker,4,0,0,41.91586243,-101.1354293,31091.0,586.5102639296188,0.0,4,4,0,0,4,4,682,0,0,0,0,0
2020-08-02,US,Nebraska,Howard,55,4,0,41.2200529,-98.5166499,31093.0,853.3747090768037,7.272727272727272,51,55,4,0,51,55,6468,0,0,0,0,0
2020-08-02,US,Nebraska,Jefferson,14,0,0,40.17584531,-97.142601,31095.0,198.69429463525398,0.0,14,14,0,0,14,14,7097,0,0,0,0,0
2020-08-02,US,Nebraska,Johnson,12,0,0,40.39257596,-96.26522753,31097.0,236.6397160323408,0.0,12,11,0,0,11,11,5134,1,0,0,1,0
2020-08-02,US,Nebraska,Kearney,34,0,0,40.50663314,-98.94877182,31099.0,523.4795996920708,0.0,34,29,0,0,29,28,6544,5,0,0,5,1
2020-08-02,US,Nebraska,Keith,19,0,0,41.19930341,-101.66201640000001,31101.0,236.49489668907142,0.0,19,18,0,0,18,18,8021,1,0,0,1,0
2020-08-02,US,Nebraska,Kimball,15,0,0,41.19774275,-103.7148131,31105.0,412.9955947136564,0.0,15,15,0,0,15,15,3618,0,0,0,0,0
2020-08-02,US,Nebraska,Knox,31,0,0,42.63758421,-97.89178836,31107.0,372.059529524724,0.0,31,31,0,0,31,30,8419,0,0,0,0,1
2020-08-02,US,Nebraska,Lancaster,3102,15,0,40.78416049,-96.68777155,31109.0,972.1395217650193,0.4835589941972921,3087,3053,15,0,3038,3028,317272,49,0,0,49,25
2020-08-02,US,Nebraska,Lincoln,95,2,0,41.04658298,-100.74753740000001,31111.0,272.0971530045254,2.1052631578947367,93,94,2,0,92,95,35185,1,0,0,1,-1
2020-08-02,US,Nebraska,Madison,419,5,0,41.91676024,-97.6005481,31119.0,1193.766204165361,1.1933174224343674,414,415,5,0,410,414,35392,4,0,0,4,1
2020-08-02,US,Nebraska,McPherson,4,0,0,41.56797682,-101.05993620000001,31117.0,809.7165991902832,0.0,4,4,0,0,4,4,492,0,0,0,0,0
2020-08-02,US,Nebraska,Merrick,54,0,0,41.16624273,-98.0374887,31121.0,696.3249516441008,0.0,54,48,0,0,48,47,7733,6,0,0,6,1
2020-08-02,US,Nebraska,Morrill,58,0,0,41.71711774,-103.0061405,31123.0,1249.4614390348986,0.0,58,58,0,0,58,58,4686,0,0,0,0,0
2020-08-02,US,Nebraska,Nance,8,0,0,41.39750195,-97.99327291,31125.0,227.33731173628868,0.0,8,8,0,0,8,8,3532,0,0,0,0,0
2020-08-02,US,Nebraska,Nemaha,21,0,0,40.38514847,-95.85433992,31127.0,301.20481927710836,0.0,21,20,0,0,20,19,6958,1,0,0,1,1
2020-08-02,US,Nebraska,Nuckolls,5,0,0,40.17637905,-98.04743961,31129.0,120.54001928640308,0.0,5,5,0,0,5,5,4195,0,0,0,0,0
2020-08-02,US,Nebraska,Otoe,42,0,0,40.64843556,-96.13374142,31131.0,262.3032725455908,0.0,42,42,0,0,42,42,15985,0,0,0,0,0
2020-08-02,US,Nebraska,Pawnee,7,0,0,40.13141096,-96.23705437,31133.0,267.8913126674321,0.0,7,7,0,0,7,7,2632,0,0,0,0,0
2020-08-02,US,Nebraska,Perkins,17,1,0,40.85082525,-101.6502942,31135.0,588.031822898651,5.882352941176472,16,15,1,0,14,15,2929,2,0,0,2,0
2020-08-02,US,Nebraska,Phelps,36,0,0,40.51156033,-99.41461667,31137.0,398.4945760460483,0.0,36,34,0,0,34,34,8996,2,0,0,2,0
2020-08-02,US,Nebraska,Pierce,17,0,0,42.26434853,-97.60122773,31139.0,237.82876329043086,0.0,17,18,0,0,18,17,7142,-1,0,0,-1,1
2020-08-02,US,Nebraska,Platte,766,3,0,41.57246836,-97.52144359,31141.0,2288.616671646251,0.391644908616188,763,764,3,0,761,766,33363,2,0,0,2,-2
2020-08-02,US,Nebraska,Polk,24,0,0,41.18813488,-97.56630712,31143.0,460.3874928064455,0.0,24,24,0,0,24,24,5278,0,0,0,0,0
2020-08-02,US,Nebraska,Red Willow,16,0,0,40.17556879999999,-100.476998,31145.0,149.19806042521446,0.0,16,16,0,0,16,15,10726,0,0,0,0,1
2020-08-02,US,Nebraska,Richardson,20,1,0,40.1247415,-95.71755036,31147.0,254.29116338207248,5.0,19,20,1,0,19,20,7937,0,0,0,0,0
2020-08-02,US,Nebraska,Rock,2,0,0,42.42252217,-99.44832069,31149.0,147.38393515106853,0.0,2,2,0,0,2,2,1360,0,0,0,0,0
2020-08-02,US,Nebraska,Saline,583,2,0,40.52418865,-97.14085859,31151.0,4098.7064116985375,0.3430531732418525,581,581,2,0,579,581,14350,2,0,0,2,0
2020-08-02,US,Nebraska,Sarpy,2028,9,0,41.11314181,-96.11156432,31153.0,1083.3564819761107,0.4437869822485207,2019,2008,9,0,1999,1978,184459,20,0,0,20,30
2020-08-02,US,Nebraska,Saunders,138,2,0,41.227810299999994,-96.63773905,31155.0,639.5402724997682,1.4492753623188406,136,128,2,0,126,128,21303,10,0,0,10,0
2020-08-02,US,Nebraska,Scotts Bluff,289,6,0,41.85070896,-103.70809859999999,31157.0,811.3875007018922,2.0761245674740483,283,287,6,0,281,284,35989,2,0,0,2,3
2020-08-02,US,Nebraska,Seward,96,1,0,40.87241834,-97.139673,31159.0,555.42698449433,1.0416666666666667,95,95,1,0,94,94,17318,1,0,0,1,1
2020-08-02,US,Nebraska,Sheridan,9,0,0,42.50284406,-102.4126613,31161.0,171.55928326343883,0.0,9,9,0,0,9,9,5190,0,0,0,0,0
2020-08-02,US,Nebraska,Sherman,8,0,0,41.22045983,-98.97588642,31163.0,266.5778073975342,0.0,8,7,0,0,7,7,3038,1,0,0,1,0
2020-08-02,US,Nebraska,Sioux,5,0,0,42.48932059,-103.7576544,31165.0,428.8164665523156,0.0,5,5,0,0,5,5,1187,0,0,0,0,0
2020-08-02,US,Nebraska,Stanton,28,0,0,41.9169835,-97.19394708,31167.0,472.97297297297297,0.0,28,26,0,0,26,26,5970,2,0,0,2,0
2020-08-02,US,Nebraska,Thayer,25,0,0,40.17626377,-97.59504381,31169.0,499.7001798920648,0.0,25,25,0,0,25,25,5039,0,0,0,0,0
2020-08-02,US,Nebraska,Thomas,1,0,0,41.91358968,-100.5556632,31171.0,138.50415512465375,0.0,1,1,0,0,1,1,720,0,0,0,0,0
2020-08-02,US,Nebraska,Thurston,201,4,0,42.15725356,-96.54157099,31173.0,2782.392026578073,1.9900497512437807,197,201,4,0,197,200,7303,0,0,0,0,1
2020-08-02,US,Nebraska,Unassigned,143,0,0,0.0,0.0,90031.0,0.0,0.0,143,140,0,0,140,145,,3,0,0,3,-5
2020-08-02,US,Nebraska,Valley,10,0,0,41.56730777,-98.98197724,31175.0,240.50024050024047,0.0,10,10,0,0,10,10,4190,0,0,0,0,0
2020-08-02,US,Nebraska,Washington,106,1,0,41.52815707,-96.22019892,31177.0,511.3608953639829,0.9433962264150944,105,104,1,0,103,101,20667,2,0,0,2,3
2020-08-02,US,Nebraska,Wayne,35,0,0,42.20934475,-97.11926964,31179.0,372.9355354288759,0.0,35,35,0,0,35,35,9403,0,0,0,0,0
2020-08-02,US,Nebraska,Webster,9,0,0,40.17642643,-98.50019851,31181.0,258.1015199311729,0.0,9,9,0,0,9,9,3533,0,0,0,0,0
2020-08-02,US,Nebraska,York,74,0,0,40.87272618,-97.59710186,31185.0,540.9752174866584,0.0,74,73,0,0,73,69,13772,1,0,0,1,4
2020-08-02,US,Nevada,Carson City,313,7,0,39.15509045,-119.7480219,32510.0,559.7682237642177,2.236421725239617,306,308,7,0,301,305,55414,5,0,0,5,3
2020-08-02,US,Nevada,Churchill,47,1,0,39.58105744,-118.3394607,32001.0,188.6868200248906,2.127659574468085,46,44,1,0,43,44,24440,3,0,0,3,0
2020-08-02,US,Nevada,Clark,43147,688,0,36.21458855,-115.0130241,32003.0,1903.503528233589,1.5945488678239508,42459,42167,688,0,41479,41245,2231647,980,0,0,980,922
2020-08-02,US,Nevada,Douglas,174,0,0,38.912862,-119.61713329999999,32005.0,355.7918413250178,0.0,174,169,0,0,169,162,48467,5,0,0,5,7
2020-08-02,US,Nevada,Elko,482,2,0,41.14531606,-115.3577619,32007.0,913.259312592368,0.4149377593360996,480,467,2,0,465,461,52460,15,0,0,15,6
2020-08-02,US,Nevada,Eureka,2,0,0,39.98100864,-116.26832040000001,32011.0,98.57072449482504,0.0,2,2,0,0,2,2,2003,0,0,0,0,0
2020-08-02,US,Nevada,Humboldt,96,4,0,41.40692186,-118.11094270000001,32013.0,570.3760917354881,4.166666666666667,92,96,4,0,92,96,16786,0,0,0,0,0
2020-08-02,US,Nevada,Lander,50,1,0,39.933223299999995,-117.03970749999999,32015.0,903.8322487346347,2.0,49,50,1,0,49,49,5575,0,0,0,0,1
2020-08-02,US,Nevada,Lincoln,4,0,0,37.64268459,-114.8790388,32017.0,77.17538105344396,0.0,4,3,0,0,3,3,5201,1,0,0,1,0
2020-08-02,US,Nevada,Lyon,204,5,0,39.01777974,-119.18704790000001,32019.0,354.7209181011998,2.4509803921568634,199,201,5,0,196,194,55808,3,0,0,3,7
2020-08-02,US,Nevada,Mineral,11,0,0,38.53841696,-118.4344506,32021.0,244.173140954495,0.0,11,11,0,0,11,11,4514,0,0,0,0,0
2020-08-02,US,Nevada,Nye,351,9,0,38.04264256,-116.47227020000001,32023.0,754.4655331771382,2.5641025641025643,342,340,9,0,331,342,45346,11,0,0,11,-2
2020-08-02,US,Nevada,Pershing,13,0,0,40.44003782,-118.40056409999998,32027.0,193.3085501858736,0.0,13,13,0,0,13,13,6666,0,0,0,0,0
2020-08-02,US,Nevada,Storey,4,0,0,39.44875482,-119.5250207,32029.0,97.01673538685421,0.0,4,4,0,0,4,4,4029,0,0,0,0,0
2020-08-02,US,Nevada,Washoe,5293,114,0,40.66562265,-119.6631594,32031.0,1122.542251743832,2.1537880219157377,5179,5186,114,0,5072,5144,465735,107,0,0,107,42
2020-08-02,US,Nevada,White Pine,14,1,0,39.44157041,-114.89996599999999,32033.0,146.13778705636744,7.142857142857142,13,13,1,0,12,13,9475,1,0,0,1,0
2020-08-02,US,New Hampshire,Belknap,109,4,0,43.51637314,-71.41684235,33001.0,177.8053276348629,3.669724770642202,105,105,4,0,101,104,61022,4,0,0,4,1
2020-08-02,US,New Hampshire,Carroll,89,1,0,43.87498583,-71.20430216,33003.0,181.96687793907174,1.1235955056179776,88,89,1,0,88,86,48779,0,0,0,0,3
2020-08-02,US,New Hampshire,Cheshire,90,2,0,42.92015988,-72.25311043,33005.0,118.28875599658278,2.2222222222222223,88,90,2,0,88,85,76493,0,0,0,0,5
2020-08-02,US,New Hampshire,Coos,16,0,0,44.69063265,-71.30633239,33007.0,50.69226626112854,0.0,16,16,0,0,16,16,31589,0,0,0,0,0
2020-08-02,US,New Hampshire,Grafton,103,1,0,43.93779815,-71.82057197,33009.0,114.58959126004049,0.9708737864077671,102,103,1,0,102,103,89786,0,0,0,0,0
2020-08-02,US,New Hampshire,Hillsborough,3767,279,0,42.91537785,-71.7200253,33011.0,903.3031592830166,7.406424210246882,3488,3755,278,0,3477,3743,415247,12,1,0,11,12
2020-08-02,US,New Hampshire,Merrimack,458,21,0,43.29662971,-71.6811573,33013.0,302.52789135417567,4.585152838427947,437,458,21,0,437,457,151132,0,0,0,0,1
2020-08-02,US,New Hampshire,Rockingham,1632,95,0,42.98499744,-71.12883377,33015.0,526.8441968047158,5.821078431372548,1537,1629,95,0,1534,1624,309176,3,0,0,3,5
2020-08-02,US,New Hampshire,Strafford,330,13,0,43.291833000000004,-71.02336013,33017.0,252.61610772163243,3.939393939393939,317,328,13,0,315,325,130090,2,0,0,2,3
2020-08-02,US,New Hampshire,Sullivan,40,1,0,43.36094111,-72.22203125,33019.0,92.70847819033052,2.5,39,40,1,0,39,39,43144,0,0,0,0,1
2020-08-02,US,New Jersey,Atlantic,3393,252,0,39.47538693,-74.65848483,34001.0,1286.8358174991467,7.427055702917772,3141,3381,252,0,3129,3364,265429,12,0,0,12,17
2020-08-02,US,New Jersey,Bergen,20521,2040,0,40.96010917,-74.07164325,34003.0,2201.346918371769,9.941036011890258,18481,20494,2040,0,18454,20472,936692,27,0,0,27,22
2020-08-02,US,New Jersey,Burlington,5831,470,0,39.87681124,-74.66927768,34005.0,1309.310226361797,8.060367003944435,5361,5812,470,0,5342,5781,445384,19,0,0,19,31
2020-08-02,US,New Jersey,Camden,8357,575,0,39.80343818,-74.96388753,34007.0,1650.0451161073388,6.880459495034104,7782,8334,573,0,7761,8301,507078,23,2,0,21,33
2020-08-02,US,New Jersey,Cape May,810,87,0,39.15008829,-74.80170244,34009.0,880.0617129695021,10.74074074074074,723,809,87,0,722,806,92560,1,0,0,1,3
2020-08-02,US,New Jersey,Cumberland,3240,157,0,39.37199394,-75.10712559,34011.0,2166.832745925485,4.845679012345679,3083,3228,157,0,3071,3215,150972,12,0,0,12,13
2020-08-02,US,New Jersey,Essex,19526,2102,0,40.78681335,-74.24657979,34013.0,2443.881222816734,10.76513366792994,17424,19505,2102,0,17403,19488,799767,21,0,0,21,17
2020-08-02,US,New Jersey,Gloucester,3097,209,0,39.71581067,-75.13995546,34015.0,1061.9402268581382,6.7484662576687136,2888,3080,209,0,2871,3059,291408,17,0,0,17,21
2020-08-02,US,New Jersey,Hudson,19511,1501,0,40.73766234,-74.07515667,34017.0,2901.734258786926,7.6930962021423825,18010,19497,1501,0,17996,19478,676061,14,0,0,14,19
2020-08-02,US,New Jersey,Hunterdon,1137,126,0,40.56335249,-74.91284156,34019.0,914.200255686615,11.081794195250659,1011,1136,126,0,1010,1130,124714,1,0,0,1,6
2020-08-02,US,New Jersey,Mercer,8042,616,0,40.28047017,-74.70479631,34021.0,2188.71621805514,7.659786122855011,7426,8027,615,0,7412,8020,369811,15,1,0,14,7
2020-08-02,US,New Jersey,Middlesex,17713,1404,0,40.43629879,-74.41426991,34023.0,2146.868962574934,7.9263817535143675,16309,17700,1404,0,16296,17673,829685,13,0,0,13,27
2020-08-02,US,New Jersey,Monmouth,10117,858,0,40.26549699,-74.22240686,34025.0,1634.9518014851444,8.480774933280617,9259,10093,858,0,9235,10057,621354,24,0,0,24,36
2020-08-02,US,New Jersey,Morris,7156,829,0,40.86095313,-74.54553709999998,34027.0,1454.9299067795748,11.584684181106764,6327,7144,829,0,6315,7136,494228,12,0,0,12,8
2020-08-02,US,New Jersey,Ocean,10459,1016,0,39.8895449,-74.28089251,34029.0,1722.5364221177695,9.714121808968352,9443,10439,1015,0,9424,10414,601651,20,1,0,19,25
2020-08-02,US,New Jersey,Passaic,17493,1242,0,41.03238628,-74.29954144,34031.0,3485.869604205441,7.099982850282969,16251,17465,1242,0,16223,17429,503310,28,0,0,28,36
2020-08-02,US,New Jersey,Salem,871,83,0,39.58719656,-75.34696629999998,34033.0,1396.1689508696002,9.529276693455797,788,869,83,0,786,865,62607,2,0,0,2,4
2020-08-02,US,New Jersey,Somerset,5190,555,0,40.56465737,-74.61683016,34035.0,1577.8241227723495,10.693641618497107,4635,5186,555,0,4631,5177,331164,4,0,0,4,9
2020-08-02,US,New Jersey,Sussex,1307,195,0,41.13891592,-74.69118243,34037.0,930.3285689880986,14.91966335118592,1112,1300,195,0,1105,1295,140799,7,0,0,7,5
2020-08-02,US,New Jersey,Unassigned,674,0,0,0.0,0.0,90034.0,0.0,0.0,674,656,0,0,656,648,,18,0,0,18,8
2020-08-02,US,New Jersey,Union,16575,1348,0,40.65835409,-74.30680092,34039.0,2979.287882791309,8.132730015082956,15227,16545,1347,0,15198,16523,558067,30,1,0,29,22
2020-08-02,US,New Jersey,Warren,1330,171,0,40.85951833,-74.99556527,34041.0,1263.4538839332365,12.857142857142858,1159,1329,170,0,1159,1329,105779,1,1,0,0,0
2020-08-02,US,New Mexico,Bernalillo,4860,123,0,35.05163625,-106.6703554,35001.0,715.6309405834895,2.5308641975308643,4737,4800,123,0,4677,4735,678701,60,0,0,60,65
2020-08-02,US,New Mexico,Catron,4,1,0,33.91514144,-108.4046587,35003.0,113.41083073433514,25.0,3,4,1,0,3,4,3578,0,0,0,0,0
2020-08-02,US,New Mexico,Chaves,362,6,0,33.36406072,-104.4665365,35005.0,560.241430008512,1.6574585635359116,356,348,5,0,343,334,64689,14,1,0,13,14
2020-08-02,US,New Mexico,Cibola,336,17,0,34.91131525,-107.998876,35006.0,1259.606373008435,5.059523809523808,319,333,17,0,316,331,26746,3,0,0,3,2
2020-08-02,US,New Mexico,Colfax,14,1,0,36.60569702,-104.64726740000002,35007.0,117.24311196717191,7.142857142857142,13,13,1,0,12,13,12110,1,0,0,1,0
2020-08-02,US,New Mexico,Curry,480,2,0,34.57421077,-103.34688759999999,35009.0,980.5123176859912,0.4166666666666667,478,459,2,0,457,453,49437,21,0,0,21,6
2020-08-02,US,New Mexico,Dona Ana,2214,23,0,32.35275771,-106.83293870000001,35013.0,1014.68869589129,1.0388437217705508,2191,2178,23,0,2155,2171,217522,36,0,0,36,7
2020-08-02,US,New Mexico,Eddy,253,4,0,32.47167456,-104.3053527,35015.0,432.7745466985974,1.5810276679841897,249,247,4,0,243,242,57900,6,0,0,6,5
2020-08-02,US,New Mexico,Grant,67,2,0,32.73911281,-108.3827845,35017.0,248.1665308541373,2.985074626865672,65,67,2,0,65,66,27346,0,0,0,0,1
2020-08-02,US,New Mexico,Guadalupe,31,0,0,34.86319296,-104.790669,35019.0,720.9302325581398,0.0,31,31,0,0,31,31,4341,0,0,0,0,0
2020-08-02,US,New Mexico,Harding,1,0,0,35.85751555,-103.82209379999999,35021.0,160.0,0.0,1,1,0,0,1,1,655,0,0,0,0,0
2020-08-02,US,New Mexico,Hidalgo,88,0,0,31.91383467,-108.7151824,35023.0,2096.236303001429,0.0,88,88,0,0,88,85,4240,0,0,0,0,3
2020-08-02,US,New Mexico,Lea,641,4,0,32.79215361,-103.4123733,35025.0,901.92767693823,0.62402496099844,637,626,4,0,622,605,69611,15,0,0,15,21
2020-08-02,US,New Mexico,Lincoln,105,1,0,33.74526079,-105.4586166,35027.0,536.480686695279,0.9523809523809524,104,99,1,0,98,97,19556,6,0,0,6,2
2020-08-02,US,New Mexico,Los Alamos,20,0,0,35.86631386,-106.31349850000001,35028.0,103.2577830553978,0.0,20,20,0,0,20,20,19101,0,0,0,0,0
2020-08-02,US,New Mexico,Luna,226,3,0,32.18179341,-107.75088259999998,35029.0,953.2245138976759,1.327433628318584,223,225,3,0,222,223,23963,1,0,0,1,2
2020-08-02,US,New Mexico,McKinley,4002,221,0,35.58007720000001,-108.262245,35031.0,5607.633780318634,5.52223888055972,3781,3999,220,0,3779,3988,72290,3,1,0,2,11
2020-08-02,US,New Mexico,Mora,6,0,0,36.01095101,-104.9497716,35033.0,132.71400132713998,0.0,6,6,0,0,6,6,4506,0,0,0,0,0
2020-08-02,US,New Mexico,Otero,184,10,0,32.61348406,-105.7417604,35035.0,272.6329826640984,5.434782608695652,174,183,10,0,173,182,66781,1,0,0,1,1
2020-08-02,US,New Mexico,Quay,32,1,0,35.10403332,-103.54817270000001,35037.0,387.73779231794487,3.125,31,31,1,0,30,31,8253,1,0,0,1,0
2020-08-02,US,New Mexico,Rio Arriba,294,5,0,36.51072137,-106.69316740000001,35039.0,755.3762750186273,1.7006802721088434,289,294,4,0,290,293,39006,0,1,0,-1,1
2020-08-02,US,New Mexico,Roosevelt,141,1,0,34.02097406,-103.4799493,35041.0,762.1621621621623,0.7092198581560284,140,140,1,0,139,139,18743,1,0,0,1,1
2020-08-02,US,New Mexico,San Juan,3002,181,0,36.50838318,-108.32043700000001,35045.0,2421.788024976201,6.029313790806129,2821,2999,181,0,2818,2994,125043,3,0,0,3,5
2020-08-02,US,New Mexico,San Miguel,42,0,0,35.48014807,-104.8163562,35047.0,153.97587711258566,0.0,42,41,0,0,41,41,27591,1,0,0,1,0
2020-08-02,US,New Mexico,Sandoval,1095,33,0,35.68862401,-106.86878030000001,35043.0,746.1771199607491,3.0136986301369864,1062,1082,33,0,1049,1070,145179,13,0,0,13,12
2020-08-02,US,New Mexico,Santa Fe,595,3,0,35.50708973,-105.9774716,35049.0,395.72220965961236,0.5042016806722689,592,576,3,0,573,561,150056,19,0,0,19,15
2020-08-02,US,New Mexico,Sierra,29,0,0,33.13028233,-107.1925893,35051.0,268.74247057733294,0.0,29,29,0,0,29,28,10968,0,0,0,0,1
2020-08-02,US,New Mexico,Socorro,73,6,0,34.00715494,-106.9298354,35053.0,438.78103023381624,8.219178082191782,67,73,6,0,67,73,16735,0,0,0,0,0
2020-08-02,US,New Mexico,Taos,98,1,0,36.58006022,-105.63101979999999,35055.0,299.48354368486997,1.020408163265306,97,96,1,0,95,94,32835,2,0,0,2,2
2020-08-02,US,New Mexico,Torrance,60,1,0,34.64048375,-105.8508949,35057.0,388.07321648017586,1.6666666666666667,59,59,1,0,58,59,15591,1,0,0,1,0
2020-08-02,US,New Mexico,Unassigned,1265,0,0,0.0,0.0,90035.0,0.0,0.0,1265,1265,0,0,1265,1251,,0,0,0,0,14
2020-08-02,US,New Mexico,Union,27,0,0,36.48126404,-103.4709624,35059.0,665.1884700665189,0.0,27,27,0,0,27,25,4118,0,0,0,0,2
2020-08-02,US,New Mexico,Valencia,369,4,0,34.71669834,-106.8103733,35061.0,481.1704569163362,1.084010840108401,365,357,4,0,353,354,76456,12,0,0,12,3
2020-08-02,US,New York,Albany,2521,126,0,42.60060306,-73.97723916,36001.0,825.1883760057085,4.9980166600555345,2395,2515,126,0,2389,2503,307117,6,0,0,6,12
2020-08-02,US,New York,Allegany,74,1,0,42.25748406,-78.02750466,36003.0,160.55195157406,1.351351351351351,73,74,1,0,73,74,46430,0,0,0,0,0
2020-08-02,US,New York,Broome,1054,64,0,42.15903158,-75.81326086,36007.0,553.3156944269457,6.072106261859582,990,1048,64,0,984,1037,191659,6,0,0,6,11
2020-08-02,US,New York,Cattaraugus,159,6,0,42.24778241,-78.67923096,36009.0,208.88894727853173,3.7735849056603774,153,158,6,0,152,158,76840,1,0,0,1,0
2020-08-02,US,New York,Cayuga,148,2,0,42.91261714,-76.55731592,36011.0,193.27204346009202,1.351351351351351,146,144,2,0,142,143,77145,4,0,0,4,1
2020-08-02,US,New York,Chautauqua,232,9,0,42.22769210000001,-79.36691763,36013.0,182.81679708123528,3.8793103448275854,223,231,9,0,222,228,127939,1,0,0,1,3
2020-08-02,US,New York,Chemung,163,3,0,42.13891056,-76.7638805,36015.0,195.3125,1.8404907975460123,160,163,3,0,160,163,84254,0,0,0,0,0
2020-08-02,US,New York,Chenango,211,6,0,42.49430041,-75.60887553,36017.0,446.96761073569604,2.8436018957345968,205,209,6,0,203,207,47536,2,0,0,2,2
2020-08-02,US,New York,Clinton,127,4,0,44.74530905,-73.67875352,36019.0,157.79337764800894,3.1496062992125986,123,127,4,0,123,126,80695,0,0,0,0,1
2020-08-02,US,New York,Columbia,522,37,0,42.24819348,-73.63089095,36021.0,877.886345671953,7.088122605363985,485,519,37,0,482,516,59916,3,0,0,3,3
2020-08-02,US,New York,Cortland,92,0,0,42.59509207,-76.07048931,36023.0,193.3544902377,0.0,92,91,0,0,91,91,47823,1,0,0,1,0
2020-08-02,US,New York,Delaware,103,4,0,42.19837623,-74.96709306,36025.0,233.37487255013028,3.8834951456310685,99,103,4,0,99,102,44527,0,0,0,0,1
2020-08-02,US,New York,Dutchess,4520,153,0,41.76486060000001,-73.74356679,36027.0,1536.2758226892984,3.384955752212389,4367,4504,153,0,4351,4490,293718,16,0,0,16,14
2020-08-02,US,New York,Erie,8572,669,0,42.76249024,-78.73063652,36029.0,933.0555501130943,7.804479701353243,7903,8548,669,0,7879,8492,919719,24,0,0,24,56
2020-08-02,US,New York,Essex,55,0,0,44.11630765,-73.77297842,36031.0,149.1121051918124,0.0,55,55,0,0,55,55,37300,0,0,0,0,0
2020-08-02,US,New York,Franklin,50,0,0,44.59040891,-74.29926032,36033.0,99.95601935148537,0.0,50,50,0,0,50,50,50293,0,0,0,0,0
2020-08-02,US,New York,Fulton,283,24,0,43.11363907,-74.41798804,36035.0,530.1313152127082,8.480565371024735,259,282,24,0,258,275,53591,1,0,0,1,7
2020-08-02,US,New York,Genesee,272,5,0,43.0022601,-78.19135193,36037.0,474.86033519553075,1.8382352941176472,267,272,5,0,267,270,57511,0,0,0,0,2
2020-08-02,US,New York,Greene,289,18,0,42.275797,-74.12384884,36039.0,612.443841654658,6.228373702422147,271,289,18,0,271,289,47491,0,0,0,0,0
2020-08-02,US,New York,Hamilton,7,0,0,43.66146647,-74.49721957,36041.0,158.5144927536232,0.0,7,7,0,0,7,7,4434,0,0,0,0,0
2020-08-02,US,New York,Herkimer,241,4,0,43.42034246,-74.96145307,36043.0,393.02663122360116,1.6597510373443984,237,240,4,0,236,239,61833,1,0,0,1,1
2020-08-02,US,New York,Jefferson,134,0,0,44.04200959,-75.94653457,36045.0,122.0022943715061,0.0,134,130,0,0,130,129,111755,4,0,0,4,1
2020-08-02,US,New York,Lewis,35,0,0,43.784415700000004,-75.44903992,36049.0,133.100091268634,0.0,35,34,0,0,34,34,26447,1,0,0,1,0
2020-08-02,US,New York,Livingston,167,8,0,42.72596275,-77.77966158,36051.0,265.44171408589506,4.790419161676646,159,166,8,0,158,165,63227,1,0,0,1,1
2020-08-02,US,New York,Madison,400,17,0,42.91653905,-75.67266639,36053.0,563.8488321281064,4.25,383,399,17,0,382,398,70795,1,0,0,1,1
2020-08-02,US,New York,Monroe,4768,277,0,43.14638895,-77.69322942,36055.0,642.7868476751554,5.809563758389262,4491,4742,277,0,4465,4710,742474,26,0,0,26,32
2020-08-02,US,New York,Montgomery,157,4,0,42.90123494,-74.44011632,36057.0,318.9695455191889,2.5477707006369426,153,155,4,0,151,154,49455,2,0,0,2,1
2020-08-02,US,New York,Nassau,43322,2194,0,40.74066522,-73.58941873,36059.0,3192.6622272139043,5.064401458843082,41128,43271,2194,0,41077,43203,1358343,51,0,0,51,68
2020-08-02,US,New York,New York City,225723,23541,0,40.76727260000001,-73.97152637,36061.0,2707.5441382484464,10.429154317459897,202182,225460,23536,0,201924,225148,1628701,263,5,0,258,312
2020-08-02,US,New York,Niagara,1446,98,0,43.19898042,-78.74777412,36063.0,690.9370654765602,6.77731673582296,1348,1444,96,0,1348,1440,210433,2,2,0,0,4
2020-08-02,US,New York,Oneida,2087,112,0,43.24375382,-75.43710392,36065.0,912.6649203440753,5.366554863440345,1975,2081,112,0,1969,2070,229577,6,0,0,6,11
2020-08-02,US,New York,Onondaga,3485,200,0,43.00491923,-76.19971155,36067.0,756.7400896362436,5.738880918220946,3285,3477,194,0,3283,3464,461809,8,6,0,2,13
2020-08-02,US,New York,Ontario,349,34,0,42.85145728,-77.30874425,36069.0,317.9172322071108,9.742120343839543,315,349,34,0,315,349,109864,0,0,0,0,0
2020-08-02,US,New York,Orange,11093,489,0,41.40337468,-74.30240757,36071.0,2881.7478048527037,4.408185342107634,10604,11088,489,0,10599,11082,381951,5,0,0,5,6
2020-08-02,US,New York,Orleans,295,54,0,43.2516977,-78.2320066,36073.0,731.0666137985727,18.305084745762716,241,295,54,0,241,293,40612,0,0,0,0,2
2020-08-02,US,New York,Oswego,246,3,0,43.42778894,-76.14635194,36075.0,210.03381032068577,1.2195121951219512,243,244,3,0,241,241,117898,2,0,0,2,3
2020-08-02,US,New York,Otsego,112,5,0,42.63492579,-75.03151402,36077.0,188.2574420520061,4.464285714285714,107,112,5,0,107,112,59749,0,0,0,0,0
2020-08-02,US,New York,Putnam,1428,63,0,41.42630093,-73.74965532,36079.0,1452.40032546786,4.411764705882354,1365,1425,63,0,1362,1421,98892,3,0,0,3,4
2020-08-02,US,New York,Rensselaer,736,30,0,42.71348136,-73.51089874,36083.0,463.7272074297163,4.076086956521738,706,734,30,0,704,724,159442,2,0,0,2,10
2020-08-02,US,New York,Rockland,13882,674,0,41.15027894,-74.02560498,36087.0,4261.04012105995,4.855208183258896,13208,13880,674,0,13206,13864,325695,2,0,0,2,16
2020-08-02,US,New York,Saratoga,732,17,0,43.10904162,-73.86653895,36091.0,318.45055533078397,2.3224043715847,715,726,17,0,709,715,230163,6,0,0,6,11
2020-08-02,US,New York,Schenectady,1035,37,0,42.81668777,-74.05278291,36093.0,666.4563197444929,3.5748792270531404,998,1032,37,0,995,1023,155350,3,0,0,3,9
2020-08-02,US,New York,Schoharie,68,0,0,42.58831742,-74.44339029999998,36095.0,219.36191490048063,0.0,68,68,0,0,68,68,31097,0,0,0,0,0
2020-08-02,US,New York,Schuyler,22,0,0,42.39184015,-76.8773299,36097.0,123.54691975065985,0.0,22,22,0,0,22,21,17912,0,0,0,0,1
2020-08-02,US,New York,Seneca,86,3,0,42.78081007,-76.82497064,36099.0,252.82220131702732,3.4883720930232562,83,85,3,0,82,84,34300,1,0,0,1,1
2020-08-02,US,New York,St. Lawrence,262,4,0,44.4976179,-75.06550039,36089.0,243.1780211620568,1.5267175572519085,258,261,4,0,257,260,108047,1,0,0,1,1
2020-08-02,US,New York,Steuben,292,42,0,42.2689144,-77.3829924,36101.0,306.1470554314892,14.383561643835616,250,290,42,0,248,290,95796,2,0,0,2,0
2020-08-02,US,New York,Suffolk,43345,1997,0,40.88320119,-72.8012172,36103.0,2935.4578521889116,4.607221132771946,41348,43300,1996,0,41304,43224,1481093,45,1,0,44,76
2020-08-02,US,New York,Sullivan,1483,48,0,41.71579493,-74.76394559,36105.0,1966.0091207975395,3.236682400539447,1435,1483,48,0,1435,1480,75498,0,0,0,0,3
2020-08-02,US,New York,Tioga,189,25,0,42.16852837,-76.30835812,36107.0,392.09177852000914,13.227513227513228,164,188,24,0,164,187,48560,1,1,0,0,1
2020-08-02,US,New York,Tompkins,230,0,0,42.44945765,-76.47229843,36109.0,225.09297318457627,0.0,230,230,0,0,230,228,102793,0,0,0,0,2
2020-08-02,US,New York,Ulster,2028,91,0,41.89027881,-74.26252104,36111.0,1142.0655167170685,4.487179487179487,1937,2026,91,0,1935,2021,178599,2,0,0,2,5
2020-08-02,US,New York,Warren,300,33,0,43.56173026,-73.8433699,36113.0,469.16051545101965,11.0,267,300,33,0,267,300,64265,0,0,0,0,0
2020-08-02,US,New York,Washington,255,14,0,43.31153794,-73.43043448,36115.0,416.6394353310241,5.490196078431373,241,255,14,0,241,254,61197,0,0,0,0,1
2020-08-02,US,New York,Wayne,246,3,0,43.15494365,-77.02976528,36117.0,273.58259747770194,1.2195121951219512,243,245,3,0,242,245,90064,1,0,0,1,0
2020-08-02,US,New York,Westchester,35998,1446,0,41.16278376,-73.75741653,36119.0,3720.7004401006293,4.016889827212623,34552,35974,1445,0,34529,35933,967612,24,1,0,23,41
2020-08-02,US,New York,Wyoming,112,5,0,42.70145109,-78.22199579,36121.0,280.9904914824757,4.464285714285714,107,112,5,0,107,112,40085,0,0,0,0,0
2020-08-02,US,New York,Yates,55,7,0,42.63505484,-77.10369919,36123.0,220.76827359210048,12.727272727272727,48,55,7,0,48,53,24841,0,0,0,0,2
2020-08-02,US,North Carolina,Alamance,2207,41,0,36.0434701,-79.39976137,37001.0,1301.9957642367074,1.8577254191209789,2166,2189,41,0,2148,2148,166436,18,0,0,18,41
2020-08-02,US,North Carolina,Alexander,295,2,0,35.922379600000006,-81.17751948,37003.0,786.7296050350694,0.6779661016949152,293,295,2,0,293,295,37353,0,0,0,0,0
2020-08-02,US,North Carolina,Alleghany,98,0,0,36.49360862,-81.12857041,37005.0,879.9497171590193,0.0,98,67,0,0,67,67,11161,31,0,0,31,0
2020-08-02,US,North Carolina,Anson,302,2,0,34.97403241,-80.09953279,37007.0,1235.3759306225968,0.6622516556291391,300,301,2,0,299,301,24877,1,0,0,1,0
2020-08-02,US,North Carolina,Ashe,119,1,0,36.43296207,-81.49862729,37009.0,437.4517516450392,0.8403361344537815,118,119,1,0,118,114,27109,0,0,0,0,5
2020-08-02,US,North Carolina,Avery,83,0,0,36.07569796,-81.92308483,37011.0,472.7459133109301,0.0,83,82,0,0,82,82,17505,1,0,0,1,0
2020-08-02,US,North Carolina,Beaufort,348,2,0,35.48531943,-76.84325809,37013.0,740.5200663914543,0.5747126436781609,346,339,2,0,337,335,47079,9,0,0,9,4
2020-08-02,US,North Carolina,Bertie,247,5,0,36.0688473,-76.96545943,37015.0,1303.6364595978255,2.0242914979757085,242,245,5,0,240,232,19026,2,0,0,2,13
2020-08-02,US,North Carolina,Bladen,584,7,0,34.61296243,-78.56180059,37017.0,1784.7319845975187,1.1986301369863013,577,577,7,0,570,563,33190,7,0,0,7,14
2020-08-02,US,North Carolina,Brunswick,1188,17,0,34.070565,-78.22814204,37019.0,831.81627223078,1.4309764309764308,1171,1174,16,0,1158,1165,136744,14,1,0,13,9
2020-08-02,US,North Carolina,Buncombe,1689,46,0,35.61113393,-82.53305,37021.0,646.6532154630138,2.723505032563647,1643,1657,46,0,1611,1605,259103,32,0,0,32,52
2020-08-02,US,North Carolina,Burke,1556,26,0,35.74989637,-81.70755735,37023.0,1719.6220368016798,1.6709511568123394,1530,1550,26,0,1524,1537,90382,6,0,0,6,13
2020-08-02,US,North Carolina,Cabarrus,2406,46,0,35.3877799,-80.55267168,37025.0,1111.557705367909,1.9118869492934327,2360,2375,45,0,2330,2342,211342,31,1,0,30,33
2020-08-02,US,North Carolina,Caldwell,1121,12,0,35.95204977,-81.54799522,37027.0,1364.112049453625,1.0704727921498662,1109,1103,12,0,1091,1085,82029,18,0,0,18,18
2020-08-02,US,North Carolina,Camden,63,2,0,36.33804939,-76.15568396,37029.0,579.7368178890217,3.1746031746031744,61,62,2,0,60,56,10710,1,0,0,1,6
2020-08-02,US,North Carolina,Carteret,295,5,0,34.8932941,-76.54120135,37031.0,424.6253940379717,1.6949152542372878,290,286,5,0,281,284,69524,9,0,0,9,2
2020-08-02,US,North Carolina,Caswell,184,2,0,36.39312665,-79.33353281,37033.0,814.0152185453903,1.0869565217391304,182,183,2,0,181,183,22698,1,0,0,1,0
2020-08-02,US,North Carolina,Catawba,1898,24,0,35.66211129,-81.2132617,37035.0,1189.5882821166902,1.2644889357218123,1874,1883,24,0,1859,1859,158652,15,0,0,15,24
2020-08-02,US,North Carolina,Chatham,1234,50,0,35.70394416,-79.25541492,37037.0,1657.0431046058814,4.051863857374392,1184,1220,50,0,1170,1208,73139,14,0,0,14,12
2020-08-02,US,North Carolina,Cherokee,236,3,0,35.1349263,-84.05970864,37039.0,824.8287431846777,1.2711864406779658,233,235,3,0,232,231,28383,1,0,0,1,4
2020-08-02,US,North Carolina,Chowan,138,1,0,36.12908077,-76.60118385,37041.0,989.7439575414186,0.7246376811594203,137,126,1,0,125,120,14029,12,0,0,12,6
2020-08-02,US,North Carolina,Clay,65,0,0,35.05704275,-83.74353633,37043.0,578.755231056896,0.0,65,65,0,0,65,65,11139,0,0,0,0,0
2020-08-02,US,North Carolina,Cleveland,1019,14,0,35.33553364,-81.55204486,37045.0,1040.3585612627237,1.3738959764474976,1005,999,14,0,985,964,97645,20,0,0,20,35
2020-08-02,US,North Carolina,Columbus,826,46,0,34.26744084,-78.65801424,37047.0,1488.0737911652375,5.569007263922519,780,821,46,0,775,807,55655,5,0,0,5,14
2020-08-02,US,North Carolina,Craven,631,10,0,35.11833364,-77.08398081,37049.0,617.7855667276946,1.584786053882726,621,626,10,0,616,621,102912,5,0,0,5,5
2020-08-02,US,North Carolina,Cumberland,2734,50,0,35.04762133,-78.82623165,37051.0,814.8812699510298,1.82882223847842,2684,2694,50,0,2644,2636,332330,40,0,0,40,58
2020-08-02,US,North Carolina,Currituck,70,0,0,36.36123664,-75.95876401,37053.0,252.13413536001158,0.0,70,70,0,0,70,70,27072,0,0,0,0,0
2020-08-02,US,North Carolina,Dare,199,1,0,35.66520691,-75.71767334,37055.0,537.707044232484,0.5025125628140703,198,198,1,0,197,189,36501,1,0,0,1,9
2020-08-02,US,North Carolina,Davidson,1643,17,0,35.79115496,-80.21256572,37057.0,980.2576233973116,1.0346926354230066,1626,1635,17,0,1618,1620,166614,8,0,0,8,15
2020-08-02,US,North Carolina,Davie,371,4,0,35.93099927,-80.54496571,37059.0,865.8917985342856,1.0781671159029649,367,361,4,0,357,349,42733,10,0,0,10,12
2020-08-02,US,North Carolina,Duplin,1937,42,0,34.93449805,-77.93140529,37061.0,3297.526429580702,2.1683014971605576,1895,1924,42,0,1882,1913,58856,13,0,0,13,11
2020-08-02,US,North Carolina,Durham,5871,77,0,36.03638492,-78.87608331,37063.0,1826.195690041308,1.311531255322773,5794,5830,77,0,5753,5761,316739,41,0,0,41,69
2020-08-02,US,North Carolina,Edgecombe,579,11,0,35.91230639,-77.59436892,37065.0,1124.8834317687283,1.8998272884283247,568,574,11,0,563,564,52005,5,0,0,5,10
2020-08-02,US,North Carolina,Forsyth,4925,49,0,36.12859861,-80.25459052,37067.0,1288.272145855949,0.9949238578680204,4876,4883,49,0,4834,4833,379099,42,0,0,42,50
2020-08-02,US,North Carolina,Franklin,783,25,0,36.081519,-78.28708884,37069.0,1123.6277534620076,3.1928480204342278,758,774,25,0,749,762,67560,9,0,0,9,12
2020-08-02,US,North Carolina,Gaston,3013,37,0,35.29373559,-81.17477045,37071.0,1341.9201973909828,1.2280119482243608,2976,2994,37,0,2957,2939,222846,19,0,0,19,55
2020-08-02,US,North Carolina,Gates,43,2,0,36.44667547,-76.69749701,37073.0,371.9079743988929,4.651162790697675,41,43,2,0,41,41,11573,0,0,0,0,2
2020-08-02,US,North Carolina,Graham,27,0,0,35.3506925,-83.83369267,37075.0,319.8673142992536,0.0,27,26,0,0,26,23,8484,1,0,0,1,3
2020-08-02,US,North Carolina,Granville,1176,25,0,36.30337451,-78.65184241,37077.0,1945.6347302417155,2.1258503401360542,1151,1164,25,0,1139,1144,60115,12,0,0,12,20
2020-08-02,US,North Carolina,Greene,308,3,0,35.48544173,-77.67578087,37079.0,1461.8634012055627,0.9740259740259741,305,305,3,0,302,297,21012,3,0,0,3,8
2020-08-02,US,North Carolina,Guilford,5209,147,0,36.07959451,-79.78824948,37081.0,969.7044160737488,2.8220387790362835,5062,5167,147,0,5020,5093,533670,42,0,0,42,74
2020-08-02,US,North Carolina,Halifax,639,6,0,36.25669272,-77.6556109,37083.0,1277.744451109778,0.9389671361502347,633,622,6,0,616,610,50574,17,0,0,17,12
2020-08-02,US,North Carolina,Harnett,1141,36,0,35.36731853,-78.87243571,37085.0,839.1186680002353,3.155127081507449,1105,1123,36,0,1087,1094,134214,18,0,0,18,29
2020-08-02,US,North Carolina,Haywood,298,6,0,35.55269063,-82.98196486,37087.0,478.2001700980471,2.0134228187919465,292,295,6,0,289,276,61971,3,0,0,3,19
2020-08-02,US,North Carolina,Henderson,1363,53,0,35.33788927,-82.4766782,37089.0,1160.8199834776904,3.888481291269259,1310,1358,53,0,1305,1344,116748,5,0,0,5,14
2020-08-02,US,North Carolina,Hertford,283,11,0,36.3607755,-76.98104134,37091.0,1195.2527769565402,3.886925795053004,272,277,11,0,266,273,23659,6,0,0,6,4
2020-08-02,US,North Carolina,Hoke,670,8,0,35.01888303,-79.23651674,37093.0,1213.020965347431,1.1940298507462686,662,666,8,0,658,659,54764,4,0,0,4,7
2020-08-02,US,North Carolina,Hyde,37,0,0,35.42017674,-76.15180542,37095.0,749.4429815677538,0.0,37,37,0,0,37,37,5230,0,0,0,0,0
2020-08-02,US,North Carolina,Iredell,1691,18,0,35.80950511,-80.8743128,37097.0,930.1123175252742,1.064458900059137,1673,1670,18,0,1652,1661,178435,21,0,0,21,9
2020-08-02,US,North Carolina,Jackson,394,3,0,35.28814273,-83.14093385,37099.0,896.7181027811915,0.7614213197969543,391,395,3,0,392,389,43327,-1,0,0,-1,6
2020-08-02,US,North Carolina,Johnston,3057,44,0,35.51745004,-78.36622717,37101.0,1460.3107877652994,1.4393195943735688,3013,3000,44,0,2956,2929,202675,57,0,0,57,71
2020-08-02,US,North Carolina,Jones,59,3,0,35.02254606,-77.35870791,37103.0,626.3934600276037,5.084745762711863,56,58,3,0,55,58,9637,1,0,0,1,0
2020-08-02,US,North Carolina,Lee,1199,10,0,35.47623147,-79.17569362,37105.0,1940.7889412259824,0.8340283569641368,1189,1178,10,0,1168,1141,61452,21,0,0,21,37
2020-08-02,US,North Carolina,Lenoir,535,12,0,35.24032589999999,-77.64245615,37107.0,956.2279933510877,2.2429906542056077,523,531,12,0,519,522,55976,4,0,0,4,9
2020-08-02,US,North Carolina,Lincoln,746,3,0,35.48508185,-81.21740317,37109.0,866.3236984821916,0.4021447721179625,743,729,3,0,726,721,83770,17,0,0,17,8
2020-08-02,US,North Carolina,Macon,446,2,0,35.14867843,-83.41696617,37113.0,1243.7949690445646,0.4484304932735426,444,445,2,0,443,445,35285,1,0,0,1,0
2020-08-02,US,North Carolina,Madison,38,0,0,35.85402722,-82.71346418,37115.0,174.67248908296943,0.0,38,38,0,0,38,38,21763,0,0,0,0,0
2020-08-02,US,North Carolina,Martin,239,6,0,35.84326734,-77.10860251,37117.0,1065.0623885918003,2.510460251046025,233,239,6,0,233,236,22671,0,0,0,0,3
2020-08-02,US,North Carolina,McDowell,604,9,0,35.67736232,-82.0482425,37111.0,1320.0454585191017,1.4900662251655632,595,595,9,0,586,573,45507,9,0,0,9,22
2020-08-02,US,North Carolina,Mecklenburg,20864,210,0,35.24469268,-80.8317671,37119.0,1879.0369935408105,1.0065184049079754,20654,20679,210,0,20469,20502,1093901,185,0,0,185,177
2020-08-02,US,North Carolina,Mitchell,108,2,0,36.01059309,-82.1582442,37121.0,721.7321571772252,1.851851851851852,106,108,2,0,106,108,15000,0,0,0,0,0
2020-08-02,US,North Carolina,Montgomery,587,14,0,35.33155144,-79.90416657,37123.0,2160.2325838148167,2.385008517887564,573,585,14,0,571,569,27271,2,0,0,2,16
2020-08-02,US,North Carolina,Moore,890,20,0,35.30885257,-79.48474178,37125.0,882.2363203806502,2.247191011235955,870,888,20,0,868,872,98682,2,0,0,2,16
2020-08-02,US,North Carolina,Nash,1038,11,0,35.96575634,-77.98422508,37127.0,1100.765657808225,1.0597302504816957,1027,1014,11,0,1003,994,94016,24,0,0,24,20
2020-08-02,US,North Carolina,New Hanover,2337,19,0,34.25758282,-77.87075626,37129.0,996.7032451497612,0.8130081300813008,2318,2322,19,0,2303,2285,232274,15,0,0,15,37
2020-08-02,US,North Carolina,Northampton,307,16,0,36.41736238,-77.39769443,37131.0,1575.7326900374685,5.2117263843648205,291,307,16,0,291,307,19676,0,0,0,0,0
2020-08-02,US,North Carolina,Onslow,930,10,0,34.72607366,-77.42908179,37133.0,469.8440925946509,1.075268817204301,920,917,10,0,907,890,197683,13,0,0,13,27
2020-08-02,US,North Carolina,Orange,1286,45,0,36.06092947,-79.12167935,37135.0,866.1332471241142,3.4992223950233283,1241,1278,45,0,1233,1266,146027,8,0,0,8,12
2020-08-02,US,North Carolina,Pamlico,58,1,0,35.15253315,-76.66559823,37137.0,455.75986170045576,1.7241379310344829,57,57,1,0,56,54,12670,1,0,0,1,3
2020-08-02,US,North Carolina,Pasquotank,351,17,0,36.26723798,-76.25134778,37139.0,881.3780634793089,4.843304843304844,334,351,17,0,334,346,39639,0,0,0,0,5
2020-08-02,US,North Carolina,Pender,619,3,0,34.52265624,-77.90352133,37141.0,981.604820805582,0.4846526655896608,616,612,3,0,609,610,62162,7,0,0,7,2
2020-08-02,US,North Carolina,Perquimans,67,2,0,36.17847453,-76.40603143,37143.0,497.6602540295625,2.985074626865672,65,65,2,0,63,64,13422,2,0,0,2,1
2020-08-02,US,North Carolina,Person,193,2,0,36.38989032,-78.97217358,37145.0,488.73132438592046,1.0362694300518134,191,191,2,0,189,189,39507,2,0,0,2,2
2020-08-02,US,North Carolina,Pitt,1766,11,0,35.59535426,-77.37353178,37147.0,977.0833563864514,0.6228765571913929,1755,1739,11,0,1728,1699,179914,27,0,0,27,40
2020-08-02,US,North Carolina,Polk,137,5,0,35.27820615,-82.16812354,37149.0,661.0692916425403,3.6496350364963503,132,136,5,0,131,132,20611,1,0,0,1,4
2020-08-02,US,North Carolina,Randolph,2054,36,0,35.71015088,-79.80570339,37151.0,1429.6950587121607,1.7526777020447906,2018,2049,36,0,2013,2026,143351,5,0,0,5,23
2020-08-02,US,North Carolina,Richmond,478,8,0,35.00417719,-79.74491009,37153.0,1066.274063664146,1.6736401673640169,470,478,8,0,470,475,44887,0,0,0,0,3
2020-08-02,US,North Carolina,Robeson,2635,51,0,34.64244496,-79.10250529999998,37155.0,2017.2248803827758,1.935483870967742,2584,2606,51,0,2555,2563,131831,29,0,0,29,43
2020-08-02,US,North Carolina,Rockingham,470,7,0,36.39593137,-79.77504841,37157.0,516.4267662894188,1.4893617021276595,463,461,7,0,454,450,90690,9,0,0,9,11
2020-08-02,US,North Carolina,Rowan,2007,48,0,35.64003916,-80.52446628,37159.0,1412.5049265244074,2.391629297458894,1959,1986,48,0,1938,1957,141262,21,0,0,21,29
2020-08-02,US,North Carolina,Rutherford,642,13,0,35.40114178,-81.92112099,37161.0,957.7943875039164,2.0249221183800623,629,638,13,0,625,628,66826,4,0,0,4,10
2020-08-02,US,North Carolina,Sampson,1421,12,0,34.98820368,-78.36914061,37163.0,2236.7033416757167,0.8444757213230121,1409,1417,12,0,1405,1411,63626,4,0,0,4,6
2020-08-02,US,North Carolina,Scotland,281,2,0,34.8386299,-79.4757978,37165.0,806.9379433133272,0.7117437722419929,279,273,2,0,271,263,34810,8,0,0,8,10
2020-08-02,US,North Carolina,Stanly,897,11,0,35.31647813,-80.25093221,37167.0,1428.2074960990988,1.226309921962096,886,884,11,0,873,866,62075,13,0,0,13,18
2020-08-02,US,North Carolina,Stokes,265,3,0,36.4017975,-80.23893369,37169.0,581.2550722730364,1.1320754716981132,262,256,3,0,253,248,45467,9,0,0,9,8
2020-08-02,US,North Carolina,Surry,869,7,0,36.41689489,-80.69102283,37171.0,1210.5930373486756,0.8055235903337169,862,860,7,0,853,845,71948,9,0,0,9,15
2020-08-02,US,North Carolina,Swain,105,2,0,35.48665845,-83.48748932,37173.0,735.7578305654822,1.9047619047619049,103,103,2,0,101,103,14245,2,0,0,2,0
2020-08-02,US,North Carolina,Transylvania,127,1,0,35.20383864,-82.79638423,37175.0,369.347099025738,0.7874015748031497,126,122,1,0,121,121,34215,5,0,0,5,1
2020-08-02,US,North Carolina,Tyrrell,91,1,0,35.87147226,-76.17055253,37177.0,2265.93625498008,1.0989010989010992,90,91,1,0,90,91,4131,0,0,0,0,0
2020-08-02,US,North Carolina,Union,2802,40,0,34.98960527,-80.52955873,37179.0,1168.186309456806,1.4275517487508922,2762,2762,39,0,2723,2720,235908,40,1,0,39,42
2020-08-02,US,North Carolina,Vance,731,40,0,36.36880673,-78.40670845,37181.0,1641.4056360166162,5.471956224350206,691,727,40,0,687,721,44582,4,0,0,4,6
2020-08-02,US,North Carolina,Wake,11113,133,0,35.78879266,-78.65249174,37183.0,999.5853425331524,1.1967965445874202,10980,10969,132,0,10837,10859,1092305,144,1,0,143,110
2020-08-02,US,North Carolina,Warren,240,6,0,36.39728256,-78.10652228,37185.0,1216.3600425726015,2.5,234,239,6,0,233,238,19807,1,0,0,1,1
2020-08-02,US,North Carolina,Washington,120,3,0,35.83810081,-76.57299037,37187.0,1036.2694300518137,2.5,117,118,3,0,115,114,11859,2,0,0,2,4
2020-08-02,US,North Carolina,Watauga,256,0,0,36.23103603,-81.70033724,37189.0,455.70251170407823,0.0,256,251,0,0,251,251,55945,5,0,0,5,0
2020-08-02,US,North Carolina,Wayne,2312,37,0,35.36438125,-78.00027268,37191.0,1877.674996548392,1.6003460207612457,2275,2299,37,0,2262,2285,123248,13,0,0,13,14
2020-08-02,US,North Carolina,Wilkes,734,10,0,36.2084135,-81.16232895,37193.0,1072.9111851721918,1.3623978201634876,724,729,10,0,719,723,68557,5,0,0,5,6
2020-08-02,US,North Carolina,Wilson,1399,34,0,35.70625477,-77.917978,37195.0,1710.2480409774942,2.4303073624017157,1365,1382,34,0,1348,1370,81455,17,0,0,17,12
2020-08-02,US,North Carolina,Yadkin,490,6,0,36.16222629,-80.66239436,37197.0,1300.8734435978442,1.2244897959183674,484,486,6,0,480,480,37543,4,0,0,4,6
2020-08-02,US,North Carolina,Yancey,94,0,0,35.90079156,-82.31237181,37199.0,520.2280148320327,0.0,94,94,0,0,94,94,17903,0,0,0,0,0
2020-08-02,US,North Dakota,Adams,2,0,0,46.09686891,-102.5285397,38001.0,90.25270758122744,0.0,2,2,0,0,2,2,2294,0,0,0,0,0
2020-08-02,US,North Dakota,Barnes,33,0,0,46.93579637,-98.06605978,38003.0,316.85069611137783,0.0,33,32,0,0,32,31,10542,1,0,0,1,1
2020-08-02,US,North Dakota,Benson,94,1,0,48.0683985,-99.35916363,38005.0,1375.8782201405152,1.0638297872340423,93,93,1,0,92,86,6962,1,0,0,1,7
2020-08-02,US,North Dakota,Billings,2,0,0,47.02366884,-103.3762965,38007.0,215.5172413793104,0.0,2,2,0,0,2,2,919,0,0,0,0,0
2020-08-02,US,North Dakota,Bottineau,17,0,0,48.79106111,-100.8378166,38009.0,270.6144539955428,0.0,17,17,0,0,17,11,6411,0,0,0,0,6
2020-08-02,US,North Dakota,Bowman,6,0,0,46.11285362,-103.5203343,38011.0,198.4126984126984,0.0,6,6,0,0,6,6,3076,0,0,0,0,0
2020-08-02,US,North Dakota,Burke,19,0,0,48.79094471,-102.5182117,38013.0,898.3451536643026,0.0,19,19,0,0,19,17,2100,0,0,0,0,2
2020-08-02,US,North Dakota,Burleigh,961,5,0,46.97847375,-100.4645214,38015.0,1004.9568109091672,0.5202913631633714,956,944,4,0,940,915,95273,17,1,0,16,29
2020-08-02,US,North Dakota,Cass,2922,76,0,46.93201724,-97.2444719,38017.0,1606.1740406655567,2.6009582477754964,2846,2917,76,0,2841,2897,181516,5,0,0,5,20
2020-08-02,US,North Dakota,Cavalier,31,0,0,48.77286211,-98.46685243,38019.0,824.0297713981925,0.0,31,31,0,0,31,31,3829,0,0,0,0,0
2020-08-02,US,North Dakota,Dickey,11,0,0,46.11017712,-98.5049008,38021.0,225.7799671592775,0.0,11,11,0,0,11,11,4903,0,0,0,0,0
2020-08-02,US,North Dakota,Divide,1,0,0,48.814938700000006,-103.4873611,38023.0,44.16961130742049,0.0,1,1,0,0,1,1,2283,0,0,0,0,0
2020-08-02,US,North Dakota,Dunn,29,0,0,47.35423935,-102.6160468,38025.0,655.5153707052441,0.0,29,29,0,0,29,28,4332,0,0,0,0,1
2020-08-02,US,North Dakota,Eddy,13,0,0,47.71701474,-98.90432337,38027.0,568.4302579798863,0.0,13,13,0,0,13,13,2313,0,0,0,0,0
2020-08-02,US,North Dakota,Emmons,15,1,0,46.28398398,-100.2389766,38029.0,462.8201172477632,6.666666666666668,14,15,1,0,14,15,3295,0,0,0,0,0
2020-08-02,US,North Dakota,Foster,17,0,0,47.4571084,-98.88279923,38031.0,529.5950155763238,0.0,17,17,0,0,17,12,3216,0,0,0,0,5
2020-08-02,US,North Dakota,Golden Valley,4,0,0,46.94022281,-103.8465421,38033.0,227.14366837024414,0.0,4,4,0,0,4,4,1769,0,0,0,0,0
2020-08-02,US,North Dakota,Grand Forks,626,5,0,47.92093639,-97.45450447,38035.0,901.3549120962981,0.7987220447284346,621,624,4,0,620,619,70770,2,1,0,1,5
2020-08-02,US,North Dakota,Grant,4,0,0,46.35821257,-101.6390013,38037.0,175.9014951627089,0.0,4,4,0,0,4,4,2374,0,0,0,0,0
2020-08-02,US,North Dakota,Griggs,30,0,0,47.45785838,-98.23850925,38039.0,1344.688480502017,0.0,30,29,0,0,29,25,2232,1,0,0,1,4
2020-08-02,US,North Dakota,Hettinger,6,0,0,46.43375068,-102.4632417,38041.0,240.09603841536614,0.0,6,6,0,0,6,6,2514,0,0,0,0,0
2020-08-02,US,North Dakota,Kidder,11,0,0,46.97830064,-99.77507857,38043.0,443.5483870967742,0.0,11,11,0,0,11,11,2450,0,0,0,0,0
2020-08-02,US,North Dakota,LaMoure,14,0,0,46.45681054,-98.53542355,38045.0,346.02076124567475,0.0,14,14,0,0,14,14,4062,0,0,0,0,0
2020-08-02,US,North Dakota,Logan,5,0,0,46.45729487,-99.47719806,38047.0,270.27027027027026,0.0,5,4,0,0,4,4,1903,1,0,0,1,0
2020-08-02,US,North Dakota,McHenry,14,1,0,48.23104458,-100.6324822,38049.0,243.69016536118363,7.142857142857142,13,14,1,0,13,14,5816,0,0,0,0,0
2020-08-02,US,North Dakota,McIntosh,24,1,0,46.11182017,-99.44145858,38051.0,961.153384060873,4.166666666666667,23,19,1,0,18,18,2585,5,0,0,5,1
2020-08-02,US,North Dakota,McKenzie,79,1,0,47.74133370000001,-103.395905,38053.0,525.825346112886,1.2658227848101269,78,78,1,0,77,73,13632,1,0,0,1,5
2020-08-02,US,North Dakota,McLean,37,0,0,47.60766714,-101.3182418,38055.0,391.5343915343917,0.0,37,37,0,0,37,35,9541,0,0,0,0,2
2020-08-02,US,North Dakota,Mercer,23,0,0,47.31213126,-101.8318399,38057.0,280.9331867594968,0.0,23,23,0,0,23,23,8267,0,0,0,0,0
2020-08-02,US,North Dakota,Morton,272,3,0,46.71681782,-101.2822377,38059.0,867.2363218977173,1.1029411764705883,269,268,3,0,265,262,31095,4,0,0,4,6
2020-08-02,US,North Dakota,Mountrail,115,1,0,48.20197971,-102.3555315,38061.0,1090.5642484589853,0.8695652173913043,114,113,1,0,112,108,10218,2,0,0,2,5
2020-08-02,US,North Dakota,Nelson,17,0,0,47.9226426,-98.19038437,38063.0,590.4828065300452,0.0,17,17,0,0,17,13,2869,0,0,0,0,4
2020-08-02,US,North Dakota,Oliver,7,0,0,47.11530482,-101.3406158,38065.0,357.32516590096986,0.0,7,6,0,0,6,6,1952,1,0,0,1,0
2020-08-02,US,North Dakota,Pembina,27,0,0,48.76623521,-97.5523809,38067.0,397.00044111160116,0.0,27,27,0,0,27,27,6947,0,0,0,0,0
2020-08-02,US,North Dakota,Pierce,11,0,0,48.24977025,-99.96407787,38069.0,276.7295597484277,0.0,11,11,0,0,11,11,4081,0,0,0,0,0
2020-08-02,US,North Dakota,Ramsey,43,2,0,48.26886249,-98.72223879,38071.0,373.29629308099663,4.651162790697675,41,40,2,0,38,37,11481,3,0,0,3,3
2020-08-02,US,North Dakota,Ransom,26,0,0,46.45621782,-97.65742504,38073.0,498.27520122652356,0.0,26,26,0,0,26,26,5237,0,0,0,0,0
2020-08-02,US,North Dakota,Renville,9,0,0,48.71982533,-101.6603912,38075.0,386.7640739149119,0.0,9,9,0,0,9,9,2374,0,0,0,0,0
2020-08-02,US,North Dakota,Richland,92,0,0,46.26440649,-96.94852979,38077.0,568.70866044384,0.0,92,91,0,0,91,87,16239,1,0,0,1,4
2020-08-02,US,North Dakota,Rolette,33,0,0,48.77245354,-99.84097493,38079.0,232.78781038374717,0.0,33,32,0,0,32,29,14301,1,0,0,1,3
2020-08-02,US,North Dakota,Sargent,8,0,0,46.10830372,-97.63217159,38081.0,205.2334530528476,0.0,8,8,0,0,8,8,3870,0,0,0,0,0
2020-08-02,US,North Dakota,Sheridan,5,0,0,47.57700669,-100.3426391,38083.0,380.22813688212926,0.0,5,5,0,0,5,5,1349,0,0,0,0,0
2020-08-02,US,North Dakota,Sioux,58,0,0,46.11323337,-101.0440149,38085.0,1371.1583924349882,0.0,58,58,0,0,58,57,4358,0,0,0,0,1
2020-08-02,US,North Dakota,Slope,3,0,0,46.44737738,-103.4601547,38087.0,400.0,0.0,3,3,0,0,3,3,763,0,0,0,0,0
2020-08-02,US,North Dakota,Stark,192,3,0,46.80851182,-102.6576326,38089.0,609.7367334624787,1.5625,189,187,3,0,184,182,30997,5,0,0,5,5
2020-08-02,US,North Dakota,Steele,10,0,0,47.45611548,-97.72728747,38091.0,529.1005291005291,0.0,10,10,0,0,10,10,1903,0,0,0,0,0
2020-08-02,US,North Dakota,Stutsman,115,2,0,46.97962541,-98.95637318,38093.0,555.4482225656878,1.7391304347826086,113,109,2,0,107,105,20917,6,0,0,6,4
2020-08-02,US,North Dakota,Towner,5,0,0,48.68565745,-99.24564265,38095.0,228.41480127912288,0.0,5,6,0,0,6,6,2192,-1,0,0,-1,0
2020-08-02,US,North Dakota,Traill,42,0,0,47.45367788,-97.16323288,38097.0,522.6480836236934,0.0,42,42,0,0,42,41,8037,0,0,0,0,1
2020-08-02,US,North Dakota,Walsh,98,0,0,48.36876964,-97.72574783,38099.0,920.9660746170473,0.0,98,98,0,0,98,96,10667,0,0,0,0,2
2020-08-02,US,North Dakota,Ward,177,1,0,48.22390169,-101.5436763,38101.0,261.6756109460239,0.5649717514124294,176,176,1,0,175,174,67744,1,0,0,1,2
2020-08-02,US,North Dakota,Wells,15,0,0,47.58614526,-99.65904998,38103.0,391.2363067292645,0.0,15,15,0,0,15,15,3957,0,0,0,0,0
2020-08-02,US,North Dakota,Williams,230,2,0,48.34522353,-103.4793387,38105.0,611.8811354385591,0.8695652173913043,228,229,2,0,227,224,35350,1,0,0,1,5
2020-08-02,US,Ohio,Adams,53,2,0,38.84541072,-83.4718964,39001.0,191.34955592461552,3.7735849056603774,51,53,2,0,51,53,27724,0,0,0,0,0
2020-08-02,US,Ohio,Allen,646,42,0,40.77285242,-84.10802343,39003.0,631.1613955896863,6.5015479876160995,604,635,42,0,593,628,102663,11,0,0,11,7
2020-08-02,US,Ohio,Ashland,130,3,0,40.84772277,-82.27280781,39005.0,243.06334604741605,2.3076923076923075,127,127,3,0,124,126,53745,3,0,0,3,1
2020-08-02,US,Ohio,Ashtabula,538,45,0,41.70860332,-80.74830218,39007.0,553.2645694717248,8.364312267657992,493,537,45,0,492,534,97493,1,0,0,1,3
2020-08-02,US,Ohio,Athens,344,1,0,39.33425634,-82.04278644,39009.0,526.581658426072,0.2906976744186047,343,342,1,0,341,339,65818,2,0,0,2,3
2020-08-02,US,Ohio,Auglaize,213,5,0,40.55998859,-84.22421429999999,39011.0,466.5323287191169,2.347417840375587,208,208,5,0,203,200,45804,5,0,0,5,8
2020-08-02,US,Ohio,Belmont,589,26,0,40.01625942,-80.9924051,39013.0,879.0257588872638,4.414261460101868,563,589,26,0,563,589,67505,0,0,0,0,0
2020-08-02,US,Ohio,Brown,112,1,0,38.93416837,-83.86788395,39015.0,257.87437833855216,0.8928571428571429,111,113,1,0,112,107,43602,-1,0,0,-1,6
2020-08-02,US,Ohio,Butler,2683,59,0,39.44012838,-84.57388716,39017.0,700.277187615821,2.1990309355199398,2624,2652,59,0,2593,2619,382378,31,0,0,31,33
2020-08-02,US,Ohio,Carroll,107,5,0,40.5789686,-81.09178213,39019.0,397.56260682172854,4.672897196261682,102,107,5,0,102,107,27081,0,0,0,0,0
2020-08-02,US,Ohio,Champaign,105,1,0,40.13923427,-83.76875242,39021.0,270.02700270027003,0.9523809523809524,104,102,1,0,101,102,38754,3,0,0,3,0
2020-08-02,US,Ohio,Clark,1076,13,0,39.91592258,-83.78498252,39023.0,802.4880111572683,1.20817843866171,1063,1067,13,0,1054,1058,134585,9,0,0,9,9
2020-08-02,US,Ohio,Clermont,835,10,0,39.04847534,-84.15375786,39025.0,404.49938961768754,1.1976047904191616,825,821,10,0,811,802,205466,14,0,0,14,19
2020-08-02,US,Ohio,Clinton,146,6,0,39.41485808,-83.80852286,39027.0,347.8841021730844,4.109589041095891,140,144,6,0,138,144,42057,2,0,0,2,0
2020-08-02,US,Ohio,Columbiana,1570,60,0,40.76932373,-80.78094576,39029.0,1540.9832847481916,3.8216560509554136,1510,1566,60,0,1506,1565,102665,4,0,0,4,1
2020-08-02,US,Ohio,Coshocton,185,6,0,40.30096166,-81.91729018,39031.0,505.46448087431696,3.2432432432432434,179,185,6,0,179,185,36629,0,0,0,0,0
2020-08-02,US,Ohio,Crawford,164,5,0,40.85065156,-82.91989099,39033.0,395.2378657155251,3.0487804878048776,159,164,5,0,159,163,41550,0,0,0,0,1
2020-08-02,US,Ohio,Cuyahoga,12646,477,0,41.424119,-81.65918339,39035.0,1023.9079179189554,3.771943697611893,12169,12518,475,0,12043,12399,1243857,128,2,0,126,119
2020-08-02,US,Ohio,Darke,316,27,0,40.13412966,-84.6194517,39037.0,618.2380216383308,8.544303797468354,289,313,27,0,286,312,51323,3,0,0,3,1
2020-08-02,US,Ohio,Defiance,129,4,0,41.32398837,-84.49076944,39039.0,338.69824349515585,3.1007751937984502,125,129,4,0,125,127,38165,0,0,0,0,2
2020-08-02,US,Ohio,Delaware,1194,18,0,40.27942393,-83.00457058,39041.0,570.80845408434,1.5075376884422111,1176,1180,18,0,1162,1168,204826,14,0,0,14,12
2020-08-02,US,Ohio,Erie,516,27,0,41.36796058,-82.62904521,39043.0,694.7997737861201,5.232558139534883,489,507,27,0,480,499,74615,9,0,0,9,8
2020-08-02,US,Ohio,Fairfield,1238,25,0,39.75107189,-82.63088163,39045.0,785.6626093137191,2.0193861066235863,1213,1228,22,0,1206,1216,155782,10,3,0,7,12
2020-08-02,US,Ohio,Fayette,94,0,0,39.56021306,-83.4562016,39047.0,329.53549517966695,0.0,94,91,0,0,91,88,28666,3,0,0,3,3
2020-08-02,US,Ohio,Franklin,17107,514,0,39.96995815,-83.01115755,39049.0,1299.1776760462835,3.0046179926345937,16593,16952,513,0,16439,16842,1310300,155,1,0,154,110
2020-08-02,US,Ohio,Fulton,139,1,0,41.60213491,-84.12571393,39051.0,329.96249347196505,0.7194244604316546,138,138,1,0,137,137,42276,1,0,0,1,1
2020-08-02,US,Ohio,Gallia,57,1,0,38.82708533,-82.31647569,39053.0,190.648203893237,1.7543859649122806,56,58,1,0,57,49,29979,-1,0,0,-1,9
2020-08-02,US,Ohio,Geauga,528,43,0,41.49952319,-81.17935342,39055.0,563.8074085147732,8.143939393939394,485,522,43,0,479,519,94031,6,0,0,6,3
2020-08-02,US,Ohio,Greene,619,11,0,39.69116283,-83.89032084,39057.0,366.4087796042312,1.777059773828756,608,617,11,0,606,610,167995,2,0,0,2,7
2020-08-02,US,Ohio,Guernsey,110,6,0,40.05026529,-81.49248905,39059.0,282.9581993569132,5.454545454545454,104,110,6,0,104,107,39022,0,0,0,0,3
2020-08-02,US,Ohio,Hamilton,9110,247,0,39.19673558,-84.54502924,39061.0,1114.4098948833785,2.7113062568605937,8863,9048,246,0,8802,8977,816684,62,1,0,61,71
2020-08-02,US,Ohio,Hancock,315,2,0,41.00250487,-83.66838948,39063.0,415.66050433474527,0.6349206349206349,313,309,2,0,307,303,75930,6,0,0,6,6
2020-08-02,US,Ohio,Hardin,150,12,0,40.66015414,-83.65929931,39065.0,478.24007651841225,8.0,138,150,12,0,138,149,31480,0,0,0,0,1
2020-08-02,US,Ohio,Harrison,19,1,0,40.29380509,-81.09068544,39067.0,126.32978723404257,5.2631578947368425,18,19,1,0,18,19,15174,0,0,0,0,0
2020-08-02,US,Ohio,Henry,106,1,0,41.3339642,-84.06830637,39069.0,392.50536917721985,0.9433962264150944,105,104,1,0,103,101,27086,2,0,0,2,3
2020-08-02,US,Ohio,Highland,127,1,0,39.1839264,-83.60331456,39071.0,294.24712124371536,0.7874015748031497,126,121,1,0,120,118,43058,6,0,0,6,3
2020-08-02,US,Ohio,Hocking,108,9,0,39.49537927,-82.47991446,39073.0,382.11151995471283,8.333333333333334,99,106,9,0,97,106,28385,2,0,0,2,0
2020-08-02,US,Ohio,Holmes,320,6,0,40.56163713,-81.92635677,39075.0,727.9344858962693,1.875,314,319,6,0,313,318,43892,1,0,0,1,1
2020-08-02,US,Ohio,Huron,371,4,0,41.14651175,-82.59867951,39077.0,636.7349740843716,1.0781671159029649,367,368,4,0,364,369,58504,3,0,0,3,-1
2020-08-02,US,Ohio,Jackson,65,0,0,39.01914254,-82.61818559999998,39079.0,200.536821645636,0.0,65,65,0,0,65,64,32384,0,0,0,0,1
2020-08-02,US,Ohio,Jefferson,204,3,0,40.38614126,-80.76259514,39081.0,312.28473019517793,1.4705882352941178,201,203,3,0,200,196,65767,1,0,0,1,7
2020-08-02,US,Ohio,Knox,165,2,0,40.39830217,-82.42027563,39083.0,264.75401944738616,1.2121212121212122,163,157,2,0,155,154,61893,8,0,0,8,3
2020-08-02,US,Ohio,Lake,1034,35,0,41.69710807,-81.23676539,39085.0,449.27416586646035,3.3849129593810443,999,1024,34,0,990,1008,230514,10,1,0,9,16
2020-08-02,US,Ohio,Lawrence,216,0,0,38.59743452,-82.53466552,39087.0,363.25109732102317,0.0,216,211,0,0,211,206,59866,5,0,0,5,5
2020-08-02,US,Ohio,Licking,1116,42,0,40.09136236,-82.48185785,39089.0,631.0004410218137,3.7634408602150535,1074,1094,41,0,1053,1081,175769,22,1,0,21,13
2020-08-02,US,Ohio,Logan,120,1,0,40.38996525,-83.76784341,39091.0,262.7430373095113,0.8333333333333334,119,116,1,0,115,114,45358,4,0,0,4,2
2020-08-02,US,Ohio,Lorain,1620,76,0,41.29553751,-82.15083537,39093.0,522.8623161509587,4.691358024691358,1544,1596,76,0,1520,1584,309461,24,0,0,24,12
2020-08-02,US,Ohio,Lucas,4852,318,0,41.62101218,-83.65468618,39095.0,1132.7238600390338,6.553998351195383,4534,4762,316,0,4446,4658,429899,90,2,0,88,104
2020-08-02,US,Ohio,Madison,329,10,0,39.89381073,-83.40178317,39097.0,735.5078133732758,3.0395136778115504,319,322,10,0,312,313,44413,7,0,0,7,9
2020-08-02,US,Ohio,Mahoning,2393,253,0,41.01631101,-80.77287029,39099.0,1046.426712960736,10.572503134141243,2140,2383,253,0,2130,2371,229642,10,0,0,10,12
2020-08-02,US,Ohio,Marion,2875,44,0,40.58610662,-83.15736305,39101.0,4416.7575622570785,1.5304347826086957,2831,2867,44,0,2823,2860,65256,8,0,0,8,7
2020-08-02,US,Ohio,Medina,831,33,0,41.11770589,-81.89986209999998,39103.0,462.3190502153038,3.9711191335740073,798,821,33,0,788,812,179146,10,0,0,10,9
2020-08-02,US,Ohio,Meigs,24,0,0,39.09224872,-82.0305041,39105.0,104.7714672370891,0.0,24,23,0,0,23,23,23106,1,0,0,1,0
2020-08-02,US,Ohio,Mercer,522,13,0,40.54043046,-84.62912742,39107.0,1267.8519382104346,2.490421455938697,509,517,13,0,504,498,40959,5,0,0,5,19
2020-08-02,US,Ohio,Miami,768,37,0,40.0543329,-84.22871271,39109.0,717.844224064606,4.817708333333333,731,762,36,0,726,747,106222,6,1,0,5,15
2020-08-02,US,Ohio,Monroe,90,18,0,39.72984936,-81.08464734,39111.0,659.1475025633514,20.0,72,89,18,0,71,89,13790,1,0,0,1,0
2020-08-02,US,Ohio,Montgomery,4024,77,0,39.75394919,-84.29050975,39113.0,756.8362589267746,1.9135188866799204,3947,3970,75,0,3895,3926,532331,54,2,0,52,44
2020-08-02,US,Ohio,Morgan,20,0,0,39.62081738,-81.85308173,39115.0,137.85497656465398,0.0,20,18,0,0,18,17,14604,2,0,0,2,1
2020-08-02,US,Ohio,Morrow,158,2,0,40.52363560000001,-82.7892599,39117.0,447.2373188405797,1.2658227848101269,156,158,2,0,156,157,35112,0,0,0,0,1
2020-08-02,US,Ohio,Muskingum,178,1,0,39.96575964,-81.94363275,39119.0,206.4605927042858,0.5617977528089888,177,175,1,0,174,172,86183,3,0,0,3,3
2020-08-02,US,Ohio,Noble,16,0,0,39.76818851,-81.45937183,39121.0,110.92623405435387,0.0,16,16,0,0,16,16,14354,0,0,0,0,0
2020-08-02,US,Ohio,Ottawa,352,25,0,41.53781826,-83.0940185,39123.0,868.5996298581122,7.102272727272728,327,346,25,0,321,341,40769,6,0,0,6,5
2020-08-02,US,Ohio,Paulding,59,0,0,41.11676341,-84.5801017,39125.0,315.9811482433591,0.0,59,59,0,0,59,58,18760,0,0,0,0,1
2020-08-02,US,Ohio,Perry,105,2,0,39.73508655,-82.23804971,39127.0,290.5850445563735,1.9047619047619049,103,102,2,0,100,100,36033,3,0,0,3,2
2020-08-02,US,Ohio,Pickaway,2352,42,0,39.64170392,-83.0243386,39129.0,4023.4702430846614,1.7857142857142858,2310,2348,42,0,2306,2345,58086,4,0,0,4,3
2020-08-02,US,Ohio,Pike,66,0,0,39.07634001,-83.06769584,39131.0,237.649431081665,0.0,66,63,0,0,63,61,28067,3,0,0,3,2
2020-08-02,US,Ohio,Portage,711,60,0,41.16793482,-81.19735782,39133.0,437.6300272056923,8.438818565400844,651,708,60,0,648,704,162927,3,0,0,3,4
2020-08-02,US,Ohio,Preble,164,2,0,39.7420247,-84.64787018,39135.0,401.1545423413729,1.2195121951219512,162,162,2,0,160,154,40997,2,0,0,2,8
2020-08-02,US,Ohio,Putnam,193,17,0,41.02094889,-84.1336111,39137.0,569.977259974602,8.808290155440414,176,192,17,0,175,188,33780,1,0,0,1,4
2020-08-02,US,Ohio,Richland,536,10,0,40.77180308,-82.53799609999999,39139.0,442.41213661950906,1.8656716417910448,526,531,10,0,521,525,121099,5,0,0,5,6
2020-08-02,US,Ohio,Ross,387,4,0,39.33705391,-83.06000914,39141.0,504.78699814781,1.0335917312661498,383,381,6,0,375,374,76931,6,-2,0,8,7
2020-08-02,US,Ohio,Sandusky,329,17,0,41.35624126,-83.137872,39143.0,562.2201715711406,5.1671732522796345,312,319,17,0,302,315,58799,10,0,0,10,4
2020-08-02,US,Ohio,Scioto,185,1,0,38.80270163,-82.98907345,39145.0,245.638261146666,0.5405405405405406,184,180,1,0,179,179,75502,5,0,0,5,1
2020-08-02,US,Ohio,Seneca,153,3,0,41.12351311,-83.12783209,39147.0,277.2844249519736,1.96078431372549,150,147,3,0,144,140,55207,6,0,0,6,7
2020-08-02,US,Ohio,Shelby,157,4,0,40.33163494,-84.20258189,39149.0,323.11175138917474,2.5477707006369426,153,153,4,0,149,148,48627,4,0,0,4,5
2020-08-02,US,Ohio,Stark,1679,132,0,40.81482476,-81.36437305,39151.0,453.0417748228577,7.861822513400834,1547,1661,132,0,1529,1643,371574,18,0,0,18,18
2020-08-02,US,Ohio,Summit,3248,217,0,41.12464734,-81.53123079,39153.0,600.3552594854468,6.681034482758621,3031,3212,217,0,2995,3188,541918,36,0,0,36,24
2020-08-02,US,Ohio,Trumbull,1421,103,0,41.31735028,-80.76109643,39155.0,717.7710204370271,7.248416608022518,1318,1408,102,0,1306,1393,198627,13,1,0,12,15
2020-08-02,US,Ohio,Tuscarawas,746,13,0,40.44214695,-81.47226262,39157.0,810.9841608053313,1.7426273458445043,733,743,13,0,730,736,92176,3,0,0,3,7
2020-08-02,US,Ohio,Union,214,1,0,40.30016061,-83.37239023,39159.0,362.7856513189123,0.4672897196261682,213,212,1,0,211,209,57835,2,0,0,2,3
2020-08-02,US,Ohio,Van Wert,68,1,0,40.8554138,-84.59111700000003,39161.0,240.4951370468612,1.4705882352941178,67,66,1,0,65,65,28281,2,0,0,2,1
2020-08-02,US,Ohio,Vinton,30,2,0,39.25208988,-82.4831444,39163.0,229.2701566679404,6.666666666666668,28,30,2,0,28,29,13139,0,0,0,0,1
2020-08-02,US,Ohio,Warren,1600,35,0,39.42581994,-84.16557457,39165.0,682.0061210049362,2.1875,1565,1579,35,0,1544,1551,232173,21,0,0,21,28
2020-08-02,US,Ohio,Washington,197,22,0,39.45690571,-81.49121382,39167.0,328.82108460883643,11.167512690355329,175,195,21,0,174,192,60155,2,1,0,1,3
2020-08-02,US,Ohio,Wayne,492,58,0,40.82925852,-81.88844833,39169.0,425.2009333679025,11.788617886178862,434,488,58,0,430,485,115967,4,0,0,4,3
2020-08-02,US,Ohio,Williams,123,3,0,41.56052014,-84.58429552,39171.0,335.2229368799738,2.4390243902439024,120,120,3,0,117,117,36804,3,0,0,3,3
2020-08-02,US,Ohio,Wood,910,58,0,41.36224827,-83.62285108,39173.0,695.628244035561,6.373626373626371,852,895,58,0,837,880,130696,15,0,0,15,15
2020-08-02,US,Ohio,Wyandot,119,5,0,40.84339621,-83.30734173,39175.0,546.5735807459122,4.201680672268908,114,119,5,0,114,119,21935,0,0,0,0,0
2020-08-02,US,Oklahoma,Adair,303,5,0,35.88494195,-94.65859267,40001.0,1365.2338469856718,1.6501650165016502,298,289,5,0,284,283,22082,14,0,0,14,6
2020-08-02,US,Oklahoma,Alfalfa,3,0,0,36.73090616,-98.32408495,40003.0,52.6131182041389,0.0,3,3,0,0,3,4,5754,0,0,0,0,-1
2020-08-02,US,Oklahoma,Atoka,63,0,0,34.37366573,-96.03802487,40005.0,457.91539467945915,0.0,63,62,0,0,62,60,13838,1,0,0,1,2
2020-08-02,US,Oklahoma,Beaver,36,0,0,36.7496847,-100.4758872,40007.0,677.8384485031067,0.0,36,36,0,0,36,36,5319,0,0,0,0,0
2020-08-02,US,Oklahoma,Beckham,45,1,0,35.26862449,-99.68128023,40009.0,205.8648611555881,2.2222222222222223,44,43,1,0,42,42,21709,2,0,0,2,1
2020-08-02,US,Oklahoma,Blaine,47,0,0,35.87518314,-98.43307003,40011.0,498.4621911125252,0.0,47,46,0,0,46,45,9485,1,0,0,1,1
2020-08-02,US,Oklahoma,Bryan,386,1,0,33.96472458,-96.25903472,40013.0,804.2504427544536,0.2590673575129533,385,381,1,0,380,374,47192,5,0,0,5,7
2020-08-02,US,Oklahoma,Caddo,358,14,0,35.17364557,-98.37534464,40015.0,1244.6978652388568,3.910614525139665,344,359,14,0,345,348,28977,-1,0,0,-1,11
2020-08-02,US,Oklahoma,Canadian,1078,5,0,35.5426055,-97.98465569,40017.0,726.8755141396841,0.463821892393321,1073,1059,5,0,1054,1009,144447,19,0,0,19,50
2020-08-02,US,Oklahoma,Carter,304,3,0,34.25103751,-97.28552485,40019.0,631.87212903494,0.986842105263158,301,302,3,0,299,289,48177,2,0,0,2,13
2020-08-02,US,Oklahoma,Cherokee,346,1,0,35.90692775,-94.99980896,40021.0,711.1001500298006,0.28901734104046245,345,321,1,0,320,301,48675,25,0,0,25,20
2020-08-02,US,Oklahoma,Choctaw,166,1,0,34.02807439,-95.54771129,40023.0,1131.4067611777534,0.6024096385542169,165,164,1,0,163,160,14668,2,0,0,2,4
2020-08-02,US,Oklahoma,Cimarron,1,0,0,36.74817177,-102.5173885,40025.0,46.79457182966776,0.0,1,1,0,0,1,1,2153,0,0,0,0,0
2020-08-02,US,Oklahoma,Cleveland,2703,49,0,35.20413532,-97.32519562,40027.0,951.7136479187643,1.8128005919348869,2654,2652,49,0,2603,2555,281669,51,0,0,51,97
2020-08-02,US,Oklahoma,Coal,27,0,0,34.58840127,-96.29798747,40029.0,491.35577797998184,0.0,27,26,0,0,26,28,5520,1,0,0,1,-2
2020-08-02,US,Oklahoma,Comanche,771,10,0,34.65973764,-98.47195055,40031.0,638.5146046758151,1.2970168612191961,761,762,10,0,752,756,120422,9,0,0,9,6
2020-08-02,US,Oklahoma,Cotton,17,2,0,34.28845626,-98.37053567,40033.0,300.0352982703848,11.764705882352944,15,17,2,0,15,17,5776,0,0,0,0,0
2020-08-02,US,Oklahoma,Craig,77,0,0,36.76268118,-95.20916602,40035.0,544.4774430773582,0.0,77,72,0,0,72,69,14306,5,0,0,5,3
2020-08-02,US,Oklahoma,Creek,493,13,0,35.90230551,-96.37086028,40037.0,689.2983976958137,2.636916835699797,480,495,13,0,482,473,71604,-2,0,0,-2,22
2020-08-02,US,Oklahoma,Custer,190,0,0,35.63853802,-99.00170785,40039.0,655.1046443471365,0.0,190,190,0,0,190,185,29036,0,0,0,0,5
2020-08-02,US,Oklahoma,Delaware,401,19,0,36.40823634,-94.80325046,40041.0,932.362993791997,4.7381546134663335,382,399,19,0,380,390,42733,2,0,0,2,9
2020-08-02,US,Oklahoma,Dewey,7,0,0,35.98772922,-99.00730714,40043.0,143.1200163565733,0.0,7,7,0,0,7,7,4894,0,0,0,0,0
2020-08-02,US,Oklahoma,Ellis,3,0,0,36.218019399999996,-99.75324573,40045.0,77.74034724021767,0.0,3,3,0,0,3,3,3952,0,0,0,0,0
2020-08-02,US,Oklahoma,Garfield,365,4,0,36.3791334,-97.78265517,40047.0,597.8118448637316,1.095890410958904,361,363,4,0,359,330,60913,2,0,0,2,33
2020-08-02,US,Oklahoma,Garvin,206,4,0,34.70418038,-97.30811132,40049.0,743.3871025946376,1.9417475728155342,202,202,4,0,198,197,27811,4,0,0,4,5
2020-08-02,US,Oklahoma,Grady,409,6,0,35.0167709,-97.88339847,40051.0,732.5285668230828,1.4669926650366751,403,406,6,0,400,397,55551,3,0,0,3,9
2020-08-02,US,Oklahoma,Grant,11,0,0,36.796296999999996,-97.78638765,40053.0,253.86568197553657,0.0,11,11,0,0,11,11,4326,0,0,0,0,0
2020-08-02,US,Oklahoma,Greer,80,8,0,34.93535801,-99.56056120000001,40055.0,1400.5602240896355,10.0,72,80,7,0,73,80,5821,0,1,0,-1,0
2020-08-02,US,Oklahoma,Harmon,24,0,0,34.7440135,-99.84741652,40057.0,904.6362608367888,0.0,24,24,0,0,24,22,2664,0,0,0,0,2
2020-08-02,US,Oklahoma,Harper,9,0,0,36.78836519,-99.6679804,40059.0,244.0347071583514,0.0,9,9,0,0,9,5,3797,0,0,0,0,4
2020-08-02,US,Oklahoma,Haskell,41,0,0,35.22257600000001,-95.11513306,40061.0,324.70103745941236,0.0,41,40,0,0,40,35,12668,1,0,0,1,5
2020-08-02,US,Oklahoma,Hughes,111,1,0,35.04912569,-96.24921145,40063.0,835.9063182468559,0.9009009009009008,110,107,1,0,106,100,13335,4,0,0,4,7
2020-08-02,US,Oklahoma,Jackson,486,4,0,34.58781741,-99.41138784,40065.0,1981.24745209947,0.8230452674897121,482,478,4,0,474,468,24949,8,0,0,8,10
2020-08-02,US,Oklahoma,Jefferson,31,0,0,34.11130184,-97.83182974,40067.0,516.4945018327224,0.0,31,30,0,0,30,29,6123,1,0,0,1,1
2020-08-02,US,Oklahoma,Johnston,40,0,0,34.31440473,-96.66011537,40069.0,360.8479927830402,0.0,40,40,0,0,40,39,10949,0,0,0,0,1
2020-08-02,US,Oklahoma,Kay,214,10,0,36.81799745,-97.14421435,40071.0,491.5246451375811,4.672897196261682,204,214,10,0,204,207,44161,0,0,0,0,7
2020-08-02,US,Oklahoma,Kingfisher,109,0,0,35.94530008,-97.94193268,40073.0,691.4050111005391,0.0,109,107,0,0,107,101,15816,2,0,0,2,6
2020-08-02,US,Oklahoma,Kiowa,27,1,0,34.91671958,-98.97720696,40075.0,310.05971520440966,3.703703703703704,26,27,1,0,26,24,8729,0,0,0,0,3
2020-08-02,US,Oklahoma,Latimer,69,1,0,34.87844729,-95.25215049,40077.0,684.9995036235481,1.4492753623188406,68,67,1,0,66,64,10231,2,0,0,2,3
2020-08-02,US,Oklahoma,Le Flore,236,1,0,34.89851864,-94.70392124,40079.0,473.3917718091189,0.42372881355932196,235,229,1,0,228,218,49980,7,0,0,7,11
2020-08-02,US,Oklahoma,Lincoln,130,2,0,35.70270942,-96.8812462,40081.0,372.73848094732915,1.5384615384615383,128,125,2,0,123,118,34920,5,0,0,5,7
2020-08-02,US,Oklahoma,Logan,185,1,0,35.91899576,-97.44352845,40083.0,385.32836225031764,0.5405405405405406,184,180,1,0,179,170,47291,5,0,0,5,10
2020-08-02,US,Oklahoma,Love,65,0,0,33.95273467,-97.23906784,40085.0,633.9607919633277,0.0,65,64,0,0,64,64,10134,1,0,0,1,0
2020-08-02,US,Oklahoma,Major,25,1,0,36.31149996,-98.53467076,40093.0,327.69694586446457,4.0,24,25,1,0,24,26,7644,0,0,0,0,-1
2020-08-02,US,Oklahoma,Marshall,96,0,0,34.02311222,-96.76855464,40095.0,567.0072647805799,0.0,96,97,0,0,97,93,16806,-1,0,0,-1,4
2020-08-02,US,Oklahoma,Mayes,285,6,0,36.30179091,-95.23175116,40097.0,693.4306569343066,2.1052631578947367,279,282,6,0,276,271,41107,3,0,0,3,11
2020-08-02,US,Oklahoma,McClain,396,4,0,35.01123903,-97.44572302,40087.0,978.4058902011168,1.0101010101010102,392,389,4,0,385,383,39985,7,0,0,7,6
2020-08-02,US,Oklahoma,McCurtain,826,25,0,34.11664328,-94.77222373,40089.0,2515.8382066276804,3.026634382566586,801,818,25,0,793,815,32703,8,0,0,8,3
2020-08-02,US,Oklahoma,McIntosh,151,1,0,35.37235506,-95.66599306,40091.0,770.5654215145947,0.6622516556291391,150,151,1,0,150,143,19815,0,0,0,0,8
2020-08-02,US,Oklahoma,Murray,59,0,0,34.48116015,-97.06826283,40099.0,419.2425211397712,0.0,59,59,0,0,59,59,13953,0,0,0,0,0
2020-08-02,US,Oklahoma,Muskogee,438,16,0,35.61318461,-95.37802952,40101.0,644.1460652675852,3.6529680365296797,422,433,16,0,417,416,68362,5,0,0,5,17
2020-08-02,US,Oklahoma,Noble,77,2,0,36.38953329,-97.22928674,40103.0,691.761746473812,2.5974025974025974,75,77,2,0,75,77,11289,0,0,0,0,0
2020-08-02,US,Oklahoma,Nowata,55,1,0,36.79843529,-95.61902331,40105.0,545.8515283842795,1.818181818181818,54,55,1,0,54,51,10218,0,0,0,0,4
2020-08-02,US,Oklahoma,Okfuskee,56,0,0,35.46485198,-96.32639984,40107.0,466.9390477778704,0.0,56,55,0,0,55,53,12098,1,0,0,1,2
2020-08-02,US,Oklahoma,Oklahoma,9357,98,0,35.55140095,-97.40716948,40109.0,1173.3886440758733,1.0473442342631183,9259,9214,98,0,9116,8910,792582,143,0,0,143,304
2020-08-02,US,Oklahoma,Okmulgee,399,3,0,35.64661916,-95.96432828,40111.0,1037.3066424021838,0.7518796992481203,396,394,3,0,391,370,38335,5,0,0,5,24
2020-08-02,US,Oklahoma,Osage,366,11,0,36.62888819,-96.39635704,40113.0,779.3369248131507,3.0054644808743167,355,360,11,0,349,351,47014,6,0,0,6,9
2020-08-02,US,Oklahoma,Ottawa,345,2,0,36.83532655,-94.81011909,40115.0,1108.3625148584829,0.5797101449275363,343,337,2,0,335,327,31175,8,0,0,8,10
2020-08-02,US,Oklahoma,Pawnee,120,3,0,36.31743373,-96.70331759999999,40117.0,732.7796775769417,2.5,117,122,3,0,119,116,16390,-2,0,0,-2,6
2020-08-02,US,Oklahoma,Payne,663,3,0,36.07695283,-96.97584944,40119.0,810.6720140858847,0.4524886877828054,660,661,3,0,658,651,82040,2,0,0,2,10
2020-08-02,US,Oklahoma,Pittsburg,193,3,0,34.92065823,-95.75134320000001,40121.0,442.1129793375178,1.5544041450777202,190,191,3,0,188,171,43877,2,0,0,2,20
2020-08-02,US,Oklahoma,Pontotoc,176,2,0,34.72959848,-96.68337199,40123.0,459.7220771079302,1.1363636363636365,174,171,2,0,169,164,38247,5,0,0,5,7
2020-08-02,US,Oklahoma,Pottawatomie,393,7,0,35.20614018,-96.94923008,40125.0,541.381970465065,1.7811704834605595,386,383,7,0,376,359,72679,10,0,0,10,24
2020-08-02,US,Oklahoma,Pushmataha,102,0,0,34.41635232,-95.37603505,40127.0,919.2501802451334,0.0,102,101,0,0,101,89,11179,1,0,0,1,12
2020-08-02,US,Oklahoma,Roger Mills,8,0,0,35.68711719,-99.69666167,40129.0,223.27658386826684,0.0,8,8,0,0,8,8,3656,0,0,0,0,0
2020-08-02,US,Oklahoma,Rogers,800,14,0,36.37004357,-95.60406759,40131.0,865.2483803631883,1.75,786,778,14,0,764,756,91984,22,0,0,22,22
2020-08-02,US,Oklahoma,Seminole,193,5,0,35.16478725,-96.61686741,40133.0,795.6138181218566,2.5906735751295336,188,189,5,0,184,187,24578,4,0,0,4,2
2020-08-02,US,Oklahoma,Sequoyah,258,4,0,35.49447108,-94.75463785,40135.0,620.6548148860929,1.5503875968992251,254,252,4,0,248,220,41179,6,0,0,6,32
2020-08-02,US,Oklahoma,Stephens,174,2,0,34.48556989,-97.85141892,40137.0,403.30992281482514,1.1494252873563218,172,174,2,0,172,168,43265,0,0,0,0,6
2020-08-02,US,Oklahoma,Texas,1035,7,0,36.74777635,-101.4889765,40139.0,5179.402492118301,0.6763285024154589,1028,1034,7,0,1027,1031,20455,1,0,0,1,3
2020-08-02,US,Oklahoma,Tillman,55,1,0,34.37288446,-98.92426619,40141.0,758.6206896551724,1.818181818181818,54,55,1,0,54,53,7348,0,0,0,0,2
2020-08-02,US,Oklahoma,Tulsa,9051,101,0,36.11939621,-95.94013939,40143.0,1389.1446883748342,1.115898795713181,8950,8986,101,0,8885,8710,648360,65,0,0,65,276
2020-08-02,US,Oklahoma,Unassigned,24,0,0,0.0,0.0,90040.0,0.0,0.0,24,25,0,0,25,31,,-1,0,0,-1,-6
2020-08-02,US,Oklahoma,Wagoner,733,22,0,35.96024096,-95.51911308,40145.0,901.7210200642153,3.001364256480218,711,726,22,0,704,686,80110,7,0,0,7,40
2020-08-02,US,Oklahoma,Washington,571,39,0,36.71380786,-95.90514104,40147.0,1108.156888621499,6.830122591943956,532,566,39,0,527,557,51843,5,0,0,5,9
2020-08-02,US,Oklahoma,Washita,25,0,0,35.29071824,-98.99180434,40149.0,229.0216196408941,0.0,25,24,0,0,24,24,11127,1,0,0,1,0
2020-08-02,US,Oklahoma,Woods,15,0,0,36.76705782,-98.86573064,40151.0,170.590242238144,0.0,15,15,0,0,15,15,8897,0,0,0,0,0
2020-08-02,US,Oklahoma,Woodward,32,0,0,36.42316318,-99.26283045,40153.0,158.32962248280643,0.0,32,32,0,0,32,32,20222,0,0,0,0,0
2020-08-02,US,Oregon,Baker,30,0,0,44.70915557,-117.6749883,41001.0,186.05805011163483,0.0,30,30,0,0,30,28,16006,0,0,0,0,2
2020-08-02,US,Oregon,Benton,155,6,0,44.49167306,-123.4316987,41003.0,166.57173868655497,3.870967741935484,149,154,6,0,148,151,92101,1,0,0,1,3
2020-08-02,US,Oregon,Clackamas,1401,36,0,45.18787398,-122.2179634,41005.0,335.0175878255421,2.569593147751606,1365,1377,36,0,1341,1361,416075,24,0,0,24,16
2020-08-02,US,Oregon,Clatsop,80,0,0,45.99712889,-123.660711,41007.0,198.8862370723945,0.0,80,78,0,0,78,73,39764,2,0,0,2,5
2020-08-02,US,Oregon,Columbia,78,0,0,45.94464254,-123.08908980000001,41009.0,148.98575084998282,0.0,78,78,0,0,78,73,52377,0,0,0,0,5
2020-08-02,US,Oregon,Coos,84,0,0,43.17406868,-124.0594514,41011.0,130.2588118535519,0.0,84,84,0,0,84,84,64389,0,0,0,0,0
2020-08-02,US,Oregon,Crook,43,1,0,44.14230227,-120.356297,41013.0,176.2006228487133,2.3255813953488373,42,43,1,0,42,42,23867,0,0,0,0,1
2020-08-02,US,Oregon,Curry,14,0,0,42.45911325,-124.15728200000001,41015.0,61.06870229007634,0.0,14,14,0,0,14,14,22813,0,0,0,0,0
2020-08-02,US,Oregon,Deschutes,537,8,0,43.91570171,-121.2289121,41017.0,271.63466402282336,1.48975791433892,529,530,8,0,522,517,191996,7,0,0,7,13
2020-08-02,US,Oregon,Douglas,132,1,0,43.27941273,-123.16729099999999,41019.0,118.9403496125428,0.7575757575757576,131,128,1,0,127,125,110283,4,0,0,4,3
2020-08-02,US,Oregon,Gilliam,4,0,0,45.37160076,-120.20488689999999,41021.0,209.20502092050208,0.0,4,4,0,0,4,4,1894,0,0,0,0,0
2020-08-02,US,Oregon,Grant,2,0,0,44.49024544,-119.0068631,41023.0,27.781636338380327,0.0,2,2,0,0,2,2,7176,0,0,0,0,0
2020-08-02,US,Oregon,Harney,8,0,0,43.06422669,-118.96663059999999,41025.0,108.21046936291086,0.0,8,8,0,0,8,8,7329,0,0,0,0,0
2020-08-02,US,Oregon,Hood River,169,0,0,45.51872811,-121.65520359999998,41027.0,722.7782054571892,0.0,169,165,0,0,165,165,23428,4,0,0,4,0
2020-08-02,US,Oregon,Jackson,385,1,0,42.43201126,-122.72893090000001,41029.0,174.25229922514302,0.2597402597402597,384,370,1,0,369,352,219564,15,0,0,15,18
2020-08-02,US,Oregon,Jefferson,310,3,0,44.62806839,-121.17832,41031.0,1257.1984751399139,0.967741935483871,307,303,3,0,300,299,24192,7,0,0,7,4
2020-08-02,US,Oregon,Josephine,105,1,0,42.3665549,-123.5561938,41033.0,120.0178312206385,0.9523809523809524,104,103,1,0,102,98,87393,2,0,0,2,5
2020-08-02,US,Oregon,Klamath,194,1,0,42.68762984,-121.64964609999998,41035.0,284.29907089891265,0.5154639175257731,193,194,1,0,193,194,67653,0,0,0,0,0
2020-08-02,US,Oregon,Lake,32,0,0,42.79246693,-120.38501629999999,41037.0,406.6590418096328,0.0,32,32,0,0,32,32,7879,0,0,0,0,0
2020-08-02,US,Oregon,Lane,518,3,0,43.93727035,-122.847753,41039.0,135.57831479818984,0.5791505791505791,515,511,3,0,508,501,379611,7,0,0,7,10
2020-08-02,US,Oregon,Lincoln,391,9,0,44.64252874,-123.86991200000001,41041.0,782.5947720267403,2.301790281329924,382,391,9,0,382,391,49388,0,0,0,0,0
2020-08-02,US,Oregon,Linn,248,10,0,44.48899494,-122.53731540000001,41043.0,191.1382746687836,4.032258064516129,238,244,10,0,234,238,127335,4,0,0,4,6
2020-08-02,US,Oregon,Malheur,673,10,0,43.1937027,-117.62273950000001,41045.0,2201.432730365379,1.4858841010401191,663,663,9,0,654,646,30725,10,1,0,9,17
2020-08-02,US,Oregon,Marion,2667,67,0,44.90287942,-122.58151170000001,41047.0,766.7803276426176,2.512185976752906,2600,2614,67,0,2547,2575,346868,53,0,0,53,39
2020-08-02,US,Oregon,Morrow,304,1,0,45.41846568,-119.584546,41049.0,2620.01206584504,0.32894736842105265,303,296,1,0,295,289,11372,8,0,0,8,7
2020-08-02,US,Oregon,Multnomah,4450,92,0,45.54747959,-122.4169351,41051.0,547.4531127937947,2.0674157303370793,4358,4403,92,0,4311,4335,811880,47,0,0,47,68
2020-08-02,US,Oregon,Polk,288,12,0,44.90322804,-123.4128888,41053.0,334.553058024046,4.166666666666667,276,286,12,0,274,282,85234,2,0,0,2,4
2020-08-02,US,Oregon,Sherman,14,0,0,45.41501554,-120.6827834,41055.0,786.5168539325842,0.0,14,13,0,0,13,9,1708,1,0,0,1,4
2020-08-02,US,Oregon,Tillamook,28,0,0,45.46248721,-123.712066,41057.0,103.56561621541648,0.0,28,24,0,0,24,24,26787,4,0,0,4,0
2020-08-02,US,Oregon,Umatilla,1996,24,0,45.59073056,-118.7353826,41059.0,2560.6157793457346,1.2024048096192386,1972,1977,24,0,1953,1943,77516,19,0,0,19,34
2020-08-02,US,Oregon,Union,388,2,0,45.30915495,-118.0068979,41061.0,1445.872927147382,0.5154639175257731,386,388,2,0,386,388,26461,0,0,0,0,0
2020-08-02,US,Oregon,Wallowa,19,1,0,45.57894064,-117.18353799999998,41063.0,263.59600443951166,5.2631578947368425,18,19,1,0,18,19,7081,0,0,0,0,0
2020-08-02,US,Oregon,Wasco,161,3,0,45.16292781,-121.16709540000001,41065.0,603.4030432501312,1.8633540372670807,158,158,3,0,155,154,26505,3,0,0,3,4
2020-08-02,US,Oregon,Washington,2830,23,0,45.55972701,-123.0955257,41067.0,470.41848960757454,0.8127208480565371,2807,2783,23,0,2760,2740,597695,47,0,0,47,43
2020-08-02,US,Oregon,Yamhill,359,11,0,45.23330449,-123.3086963,41071.0,335.2007469654528,3.064066852367688,348,350,11,0,339,336,107002,9,0,0,9,14
2020-08-02,US,Pennsylvania,Adams,474,20,0,39.87140411,-77.21610347,42001.0,460.15396712908586,4.219409282700422,454,469,20,0,449,462,102811,5,0,0,5,7
2020-08-02,US,Pennsylvania,Allegheny,8242,234,0,40.46809875,-79.98167747,42003.0,677.7709706466453,2.8391167192429023,8008,8160,233,0,7927,8094,1218452,82,1,0,81,66
2020-08-02,US,Pennsylvania,Armstrong,187,6,0,40.81665618,-79.46290811,42005.0,288.8700084961767,3.2085561497326203,181,184,6,0,178,179,65263,3,0,0,3,5
2020-08-02,US,Pennsylvania,Beaver,1232,89,0,40.6825484,-80.34921611,42007.0,751.5448761353999,7.224025974025973,1143,1219,89,0,1130,1212,164742,13,0,0,13,7
2020-08-02,US,Pennsylvania,Bedford,130,4,0,40.00522157,-78.48998442,42009.0,271.46675576344796,3.0769230769230766,126,128,4,0,124,128,48176,2,0,0,2,0
2020-08-02,US,Pennsylvania,Berks,5190,365,0,40.41570541,-75.92457766,42011.0,1232.29905689945,7.032755298651253,4825,5168,365,0,4803,5152,420152,22,0,0,22,16
2020-08-02,US,Pennsylvania,Blair,224,3,0,40.47961444,-78.34917412,42013.0,183.86426877016143,1.3392857142857142,221,214,3,0,211,204,122492,10,0,0,10,10
2020-08-02,US,Pennsylvania,Bradford,81,3,0,41.78869215,-76.51570822,42015.0,134.27714138885665,3.703703703703704,78,81,3,0,78,80,60833,0,0,0,0,1
2020-08-02,US,Pennsylvania,Bucks,6995,579,0,40.33682119,-75.10836643,42017.0,1113.3748229264488,8.27734095782702,6416,6959,578,0,6381,6902,628195,36,1,0,35,57
2020-08-02,US,Pennsylvania,Butler,602,15,0,40.91152759,-79.91351055,42019.0,320.463341016646,2.491694352159469,587,600,15,0,585,597,187888,2,0,0,2,3
2020-08-02,US,Pennsylvania,Cambria,267,3,0,40.49527404,-78.71377428,42021.0,205.08172545164064,1.1235955056179776,264,259,3,0,256,250,131730,8,0,0,8,9
2020-08-02,US,Pennsylvania,Cameron,6,0,0,41.43625568,-78.20376845,42023.0,134.922419608725,0.0,6,6,0,0,6,5,4492,0,0,0,0,1
2020-08-02,US,Pennsylvania,Carbon,360,28,0,40.91545395,-75.7068525,42025.0,560.9049266149386,7.777777777777778,332,359,28,0,331,356,64227,1,0,0,1,3
2020-08-02,US,Pennsylvania,Centre,357,10,0,40.92058903,-77.82200624,42027.0,219.84789235458942,2.8011204481792715,347,354,10,0,344,357,162805,3,0,0,3,-3
2020-08-02,US,Pennsylvania,Chester,4885,349,0,39.97291773,-75.74768357,42029.0,930.4956865762904,7.14431934493347,4536,4885,349,0,4536,4885,522046,0,0,0,0,0
2020-08-02,US,Pennsylvania,Clarion,76,2,0,41.19265812,-79.42413524,42031.0,197.72100525521614,2.631578947368421,74,76,2,0,74,75,38779,0,0,0,0,1
2020-08-02,US,Pennsylvania,Clearfield,136,0,0,41.00110782,-78.47592663,42033.0,171.59800643492525,0.0,136,134,0,0,134,131,79388,2,0,0,2,3
2020-08-02,US,Pennsylvania,Clinton,115,5,0,41.23255967,-77.63785995,42035.0,297.6806792296542,4.3478260869565215,110,115,5,0,110,113,38684,0,0,0,0,2
2020-08-02,US,Pennsylvania,Columbia,461,35,0,41.04821986,-76.40565017,42037.0,709.6237916384459,7.592190889370933,426,459,35,0,424,457,65456,2,0,0,2,2
2020-08-02,US,Pennsylvania,Crawford,127,1,0,41.68447709,-80.10760592,42039.0,150.06676198466246,0.7874015748031497,126,126,1,0,125,124,85063,1,0,0,1,2
2020-08-02,US,Pennsylvania,Cumberland,1225,70,0,40.1625372,-77.26130755,42041.0,483.48265382641983,5.7142857142857135,1155,1219,70,0,1149,1203,251423,6,0,0,6,16
2020-08-02,US,Pennsylvania,Dauphin,2657,155,0,40.41377078,-76.77993242,42043.0,954.7285473537454,5.8336469702672185,2502,2649,155,0,2494,2640,277097,8,0,0,8,9
2020-08-02,US,Pennsylvania,Delaware,8804,687,0,39.91680171,-75.40243663,42045.0,1553.4268377247695,7.803271240345298,8117,8770,686,0,8084,8669,564751,34,1,0,33,101
2020-08-02,US,Pennsylvania,Elk,44,2,0,41.42822061,-78.64524744,42047.0,147.1079906385824,4.545454545454546,42,43,2,0,41,43,30169,1,0,0,1,0
2020-08-02,US,Pennsylvania,Erie,967,16,0,41.99253829,-80.03301954,42049.0,358.5093130857753,1.654601861427094,951,954,16,0,938,923,272061,13,0,0,13,31
2020-08-02,US,Pennsylvania,Fayette,408,4,0,39.92041012,-79.64291195,42051.0,315.608707087272,0.9803921568627452,404,403,4,0,399,387,130441,5,0,0,5,16
2020-08-02,US,Pennsylvania,Forest,9,0,0,41.51095103,-79.23229292,42053.0,124.1893197185042,0.0,9,9,0,0,9,9,7279,0,0,0,0,0
2020-08-02,US,Pennsylvania,Franklin,1281,46,0,39.92956518,-77.72157791,42055.0,826.307675437182,3.590944574551132,1235,1276,46,0,1230,1268,154835,5,0,0,5,8
2020-08-02,US,Pennsylvania,Fulton,24,2,0,39.92913544,-78.11163677,42057.0,165.1754989676531,8.333333333333334,22,22,2,0,20,22,14523,2,0,0,2,0
2020-08-02,US,Pennsylvania,Greene,108,1,0,39.85746531,-80.22357106,42059.0,298.0708194187618,0.925925925925926,107,107,1,0,106,107,36506,1,0,0,1,0
2020-08-02,US,Pennsylvania,Huntingdon,288,4,0,40.42162652,-77.97673273,42061.0,637.9585326953749,1.3888888888888888,284,288,4,0,284,287,45168,0,0,0,0,1
2020-08-02,US,Pennsylvania,Indiana,272,6,0,40.65241041,-79.08963285,42063.0,323.5283622566103,2.2058823529411766,266,265,6,0,259,256,84501,7,0,0,7,9
2020-08-02,US,Pennsylvania,Jefferson,58,1,0,41.12913106,-78.9986361,42065.0,133.56361542890042,1.7241379310344829,57,58,1,0,57,57,43641,0,0,0,0,1
2020-08-02,US,Pennsylvania,Juniata,126,6,0,40.53358749,-77.39975129999998,42067.0,508.8236481847918,4.761904761904762,120,126,6,0,120,125,24704,0,0,0,0,1
2020-08-02,US,Pennsylvania,Lackawanna,1900,212,0,41.43564672,-75.60379201,42069.0,906.16862367294,11.157894736842103,1688,1898,212,0,1686,1894,210793,2,0,0,2,4
2020-08-02,US,Pennsylvania,Lancaster,5654,407,0,40.03904563,-76.24770128,42071.0,1036.0548555680161,7.198443579766537,5247,5590,407,0,5183,5525,543557,64,0,0,64,65
2020-08-02,US,Pennsylvania,Lawrence,343,12,0,40.99206278,-80.33393706,42073.0,401.1132940406025,3.498542274052478,331,338,12,0,326,338,86184,5,0,0,5,0
2020-08-02,US,Pennsylvania,Lebanon,1571,54,0,40.36680311,-76.45651841,42075.0,1107.9531429619233,3.4373010821133034,1517,1565,54,0,1511,1563,141314,6,0,0,6,2
2020-08-02,US,Pennsylvania,Lehigh,4849,335,0,40.6154815,-75.59435245,42077.0,1312.9606463806258,6.9086409568983305,4514,4828,335,0,4493,4810,368100,21,0,0,21,18
2020-08-02,US,Pennsylvania,Luzerne,3324,183,0,41.17823008,-75.98447579,42079.0,1047.2028908344544,5.505415162454875,3141,3276,183,0,3093,3252,317646,48,0,0,48,24
2020-08-02,US,Pennsylvania,Lycoming,337,20,0,41.34310539,-77.06629984,42081.0,297.4430489236445,5.934718100890208,317,332,20,0,312,325,113664,5,0,0,5,7
2020-08-02,US,Pennsylvania,McKean,28,1,0,41.80938602,-78.56478358,42083.0,68.92307692307692,3.571428571428572,27,28,1,0,27,28,40968,0,0,0,0,0
2020-08-02,US,Pennsylvania,Mercer,348,9,0,41.30248872,-80.25816981,42085.0,318.02895160111126,2.586206896551724,339,341,9,0,332,331,110683,7,0,0,7,10
2020-08-02,US,Pennsylvania,Mifflin,106,1,0,40.61116939,-77.61070738,42087.0,229.7455459707833,0.9433962264150944,105,105,1,0,104,100,46222,1,0,0,1,5
2020-08-02,US,Pennsylvania,Monroe,1591,123,0,41.05934058,-75.34031025,42089.0,934.3928208561646,7.730986800754242,1468,1587,123,0,1464,1580,169507,4,0,0,4,7
2020-08-02,US,Pennsylvania,Montgomery,9835,850,0,40.21053671,-75.36652296,42091.0,1183.63490850448,8.642602948652769,8985,9813,850,0,8963,9761,828604,22,0,0,22,52
2020-08-02,US,Pennsylvania,Montour,93,3,0,41.03023987,-76.66345939,42093.0,510.14810751508486,3.2258064516129035,90,93,3,0,90,93,18240,0,0,0,0,0
2020-08-02,US,Pennsylvania,Northampton,3860,290,0,40.75182733,-75.30471829,42095.0,1264.3922891724126,7.512953367875648,3570,3843,290,0,3553,3827,304807,17,0,0,17,16
2020-08-02,US,Pennsylvania,Northumberland,403,11,0,40.84785433,-76.70798222,42097.0,443.62251356736346,2.729528535980149,392,401,11,0,390,401,91083,2,0,0,2,0
2020-08-02,US,Pennsylvania,Perry,120,5,0,40.40206612,-77.26297447,42099.0,259.33609958506224,4.166666666666667,115,118,5,0,113,113,46139,2,0,0,2,5
2020-08-02,US,Pennsylvania,Philadelphia,30354,1690,0,40.00338507,-75.1379271,42101.0,1916.210456143186,5.567635237530474,28664,30354,1690,0,28664,30354,1584138,0,0,0,0,0
2020-08-02,US,Pennsylvania,Pike,525,21,0,41.33155042,-75.03208106,42103.0,940.7084878782993,4.0,504,524,21,0,503,524,55933,1,0,0,1,0
2020-08-02,US,Pennsylvania,Potter,20,0,0,41.74471626,-77.89559864,42105.0,121.0214207914801,0.0,20,20,0,0,20,20,16622,0,0,0,0,0
2020-08-02,US,Pennsylvania,Schuylkill,892,49,0,40.70497338,-76.2150785,42107.0,631.0174803160746,5.493273542600896,843,885,49,0,836,880,142067,7,0,0,7,5
2020-08-02,US,Pennsylvania,Snyder,97,2,0,40.77129231,-77.06840691,42109.0,240.26553056573863,2.061855670103093,95,94,2,0,92,93,40540,3,0,0,3,1
2020-08-02,US,Pennsylvania,Somerset,124,2,0,39.97172723,-79.02699593,42111.0,168.82922379402834,1.6129032258064515,122,124,2,0,122,120,73952,0,0,0,0,4
2020-08-02,US,Pennsylvania,Sullivan,10,0,0,41.44634738,-76.51246591,42113.0,164.85328058028355,0.0,10,10,0,0,10,10,6071,0,0,0,0,0
2020-08-02,US,Pennsylvania,Susquehanna,210,26,0,41.82147784,-75.80071959,42115.0,520.7300138861336,12.38095238095238,184,209,26,0,183,209,40589,1,0,0,1,0
2020-08-02,US,Pennsylvania,Tioga,35,2,0,41.77255149,-77.25433032,42117.0,86.22601069202534,5.7142857142857135,33,35,2,0,33,35,40763,0,0,0,0,0
2020-08-02,US,Pennsylvania,Union,172,2,0,40.96188846,-77.05996014,42119.0,382.87736794069855,1.162790697674419,170,165,2,0,163,132,44785,7,0,0,7,33
2020-08-02,US,Pennsylvania,Venango,62,0,0,41.40323442,-79.75845449,42121.0,122.36520091576536,0.0,62,62,0,0,62,62,51266,0,0,0,0,0
2020-08-02,US,Pennsylvania,Warren,18,1,0,41.81304978,-79.26969577,42123.0,45.92891225026153,5.5555555555555545,17,16,1,0,15,15,39498,2,0,0,2,1
2020-08-02,US,Pennsylvania,Washington,756,11,0,40.19208869,-80.24582867,42125.0,365.4557319991298,1.4550264550264551,745,747,11,0,736,740,207346,9,0,0,9,7
2020-08-02,US,Pennsylvania,Wayne,158,8,0,41.64938475,-75.29956506,42127.0,307.62640914312414,5.063291139240507,150,158,8,0,150,158,51276,0,0,0,0,0
2020-08-02,US,Pennsylvania,Westmoreland,1438,46,0,40.31377979999999,-79.46615476,42129.0,412.1536605149341,3.1988873435326837,1392,1422,46,0,1376,1409,350611,16,0,0,16,13
2020-08-02,US,Pennsylvania,Wyoming,57,8,0,41.51955538,-76.01074915,42131.0,212.7341942225872,14.035087719298243,49,57,8,0,49,57,27046,0,0,0,0,0
2020-08-02,US,Pennsylvania,York,2325,88,0,39.9210089,-76.73040131,42133.0,517.750491027885,3.78494623655914,2237,2286,87,0,2199,2269,448273,39,1,0,38,17
2020-08-02,US,Puerto Rico,Adjuntas,85,0,0,18.180117000000006,-66.754367,72001.0,436.27778062926666,0.0,85,85,0,0,85,82,,0,0,0,0,3
2020-08-02,US,Puerto Rico,Aguada,104,0,0,18.360255,-67.17513100000001,72003.0,247.86100717366955,0.0,104,101,0,0,101,99,,3,0,0,3,2
2020-08-02,US,Puerto Rico,Aguadilla,185,0,0,18.459681,-67.12081500000001,72005.0,303.5324615662275,0.0,185,180,0,0,180,168,,5,0,0,5,12
2020-08-02,US,Puerto Rico,Aguas Buenas,111,0,0,18.251619,-66.126806,72007.0,387.3128860043966,0.0,111,107,0,0,107,102,,4,0,0,4,5
2020-08-02,US,Puerto Rico,Aibonito,77,0,0,18.131361,-66.264131,72009.0,297.29729729729735,0.0,77,76,0,0,76,73,,1,0,0,1,3
2020-08-02,US,Puerto Rico,Anasco,124,0,0,18.287985,-67.120611,72011.0,423.7722565872663,0.0,124,122,0,0,122,108,,2,0,0,2,14
2020-08-02,US,Puerto Rico,Arecibo,260,0,0,18.406631,-66.675077,72013.0,269.5976773123185,0.0,260,254,0,0,254,240,,6,0,0,6,14
2020-08-02,US,Puerto Rico,Arroyo,78,0,0,17.998457000000005,-66.056546,72015.0,398.46743295019166,0.0,78,78,0,0,78,76,,0,0,0,0,2
2020-08-02,US,Puerto Rico,Barceloneta,72,0,0,18.445533,-66.56053100000001,72017.0,290.1353965183752,0.0,72,69,0,0,69,67,,3,0,0,3,2
2020-08-02,US,Puerto Rico,Barranquitas,217,0,0,18.201592,-66.30963,72019.0,715.7464212678937,0.0,217,207,0,0,207,187,,10,0,0,10,20
2020-08-02,US,Puerto Rico,Bayamon,1179,0,0,18.34946,-66.168435,72021.0,566.5109842587788,0.0,1179,1146,0,0,1146,1064,,33,0,0,33,82
2020-08-02,US,Puerto Rico,Cabo Rojo,172,0,0,18.040993,-67.154391,72023.0,337.80466248993457,0.0,172,171,0,0,171,163,,1,0,0,1,8
2020-08-02,US,Puerto Rico,Caguas,599,0,0,18.211615,-66.050779,72025.0,419.1947821096905,0.0,599,583,0,0,583,563,,16,0,0,16,20
2020-08-02,US,Puerto Rico,Camuy,107,0,0,18.418578,-66.860206,72027.0,304.3317500497738,0.0,107,103,0,0,103,96,,4,0,0,4,7
2020-08-02,US,Puerto Rico,Canovanas,302,0,0,18.328802,-65.887612,72029.0,633.8146406984554,0.0,302,298,0,0,298,282,,4,0,0,4,16
2020-08-02,US,Puerto Rico,Carolina,981,0,0,18.374986,-65.95683100000001,72031.0,554.9835371855942,0.0,981,941,0,0,941,848,,40,0,0,40,93
2020-08-02,US,Puerto Rico,Catano,162,0,0,18.437269,-66.14330600000001,72033.0,575.6929637526653,0.0,162,159,0,0,159,147,,3,0,0,3,12
2020-08-02,US,Puerto Rico,Cayey,172,0,0,18.102851,-66.14914,72035.0,357.44716224360434,0.0,172,170,0,0,170,165,,2,0,0,2,5
2020-08-02,US,Puerto Rico,Ceiba,58,0,0,18.251818,-65.666416,72037.0,425.50069694079673,0.0,58,57,0,0,57,55,,1,0,0,1,2
2020-08-02,US,Puerto Rico,Ciales,122,0,0,18.28885,-66.516475,72039.0,649.5580875306144,0.0,122,120,0,0,120,115,,2,0,0,2,5
2020-08-02,US,Puerto Rico,Cidra,147,0,0,18.173559,-66.161179,72041.0,338.08647654093835,0.0,147,142,0,0,142,134,,5,0,0,5,8
2020-08-02,US,Puerto Rico,Coamo,123,0,0,18.097597,-66.36014,72043.0,303.6137440758294,0.0,123,120,0,0,120,110,,3,0,0,3,10
2020-08-02,US,Puerto Rico,Comerio,105,0,0,18.224687,-66.221622,72045.0,505.34218885359513,0.0,105,102,0,0,102,99,,3,0,0,3,3
2020-08-02,US,Puerto Rico,Corozal,176,0,0,18.304264,-66.327738,72047.0,473.8570890097464,0.0,176,174,0,0,174,145,,2,0,0,2,29
2020-08-02,US,Puerto Rico,Culebra,17,0,0,18.31586,-65.28813000000001,72049.0,935.093509350935,0.0,17,17,0,0,17,17,,0,0,0,0,0
2020-08-02,US,Puerto Rico,Dorado,260,0,0,18.436115,-66.278669,72051.0,681.2524564391457,0.0,260,252,0,0,252,228,,8,0,0,8,24
2020-08-02,US,Puerto Rico,Fajardo,201,0,0,18.318373,-65.666866,72053.0,543.3460384397048,0.0,201,196,0,0,196,180,,5,0,0,5,16
2020-08-02,US,Puerto Rico,Florida,152,0,0,18.373715,-66.560488,72054.0,1198.7381703470032,0.0,152,141,0,0,141,136,,11,0,0,11,5
2020-08-02,US,Puerto Rico,Guanica,53,0,0,17.982429,-66.91964300000001,72055.0,272.81618366191384,0.0,53,52,0,0,52,52,,1,0,0,1,0
2020-08-02,US,Puerto Rico,Guayama,133,0,0,18.007516,-66.13390799999999,72057.0,293.19694898813987,0.0,133,132,0,0,132,128,,1,0,0,1,4
2020-08-02,US,Puerto Rico,Guayanilla,115,0,0,18.039942,-66.79186,72059.0,532.8761410499977,0.0,115,114,0,0,114,113,,1,0,0,1,1
2020-08-02,US,Puerto Rico,Guaynabo,719,0,0,18.345114,-66.11452299999999,72061.0,734.2428822352028,0.0,719,699,0,0,699,668,,20,0,0,20,31
2020-08-02,US,Puerto Rico,Gurabo,204,0,0,18.266461,-65.97970500000001,72063.0,449.64623421278844,0.0,204,201,0,0,201,197,,3,0,0,3,4
2020-08-02,US,Puerto Rico,Hatillo,89,0,0,18.410928,-66.79632600000001,72065.0,212.14215908278308,0.0,89,86,0,0,86,80,,3,0,0,3,6
2020-08-02,US,Puerto Rico,Hormigueros,81,0,0,18.134532,-67.113972,72067.0,469.5652173913044,0.0,81,80,0,0,80,79,,1,0,0,1,1
2020-08-02,US,Puerto Rico,Humacao,170,0,0,18.145211,-65.810174,72069.0,290.7672835494133,0.0,170,163,0,0,163,152,,7,0,0,7,11
2020-08-02,US,Puerto Rico,Isabela,118,0,0,18.44981,-67.005093,72071.0,258.5961298240232,0.0,118,116,0,0,116,115,,2,0,0,2,1
2020-08-02,US,Puerto Rico,Jayuya,178,0,0,18.211446,-66.58878,72073.0,1069.5829828145656,0.0,178,177,0,0,177,177,,1,0,0,1,0
2020-08-02,US,Puerto Rico,Juana Diaz,172,0,0,18.050764,-66.49458100000001,72075.0,215.27716935554523,0.0,172,170,0,0,170,166,,2,0,0,2,4
2020-08-02,US,Puerto Rico,Juncos,103,0,0,18.223793,-65.909109,72077.0,255.6465624224373,0.0,103,102,0,0,102,97,,1,0,0,1,5
2020-08-02,US,Puerto Rico,Lajas,72,0,0,18.011661,-67.040585,72079.0,279.57907816565057,0.0,72,72,0,0,72,70,,0,0,0,0,2
2020-08-02,US,Puerto Rico,Lares,141,0,0,18.269035,-66.867236,72081.0,458.49185445322405,0.0,141,132,0,0,132,124,,9,0,0,9,8
2020-08-02,US,Puerto Rico,Las Marias,52,0,0,18.23679,-66.98362,72083.0,526.2625240360287,0.0,52,52,0,0,52,48,,0,0,0,0,4
2020-08-02,US,Puerto Rico,Las Piedras,130,0,0,18.187527,-65.86946800000001,72085.0,336.13445378151266,0.0,130,127,0,0,127,125,,3,0,0,3,2
2020-08-02,US,Puerto Rico,Loiza,94,0,0,18.425688,-65.89943000000001,72087.0,312.70791749833666,0.0,94,88,0,0,88,77,,6,0,0,6,11
2020-08-02,US,Puerto Rico,Luquillo,91,0,0,18.342114,-65.72509699999999,72089.0,453.4582419772773,0.0,91,90,0,0,90,88,,1,0,0,1,2
2020-08-02,US,Puerto Rico,Manati,192,0,0,18.420473,-66.490461,72091.0,435.2458458957677,0.0,192,192,0,0,192,179,,0,0,0,0,13
2020-08-02,US,Puerto Rico,Maricao,41,0,0,18.171795,-66.942126,72093.0,653.2823454429572,0.0,41,41,0,0,41,41,,0,0,0,0,0
2020-08-02,US,Puerto Rico,Maunabo,53,0,0,18.017889,-65.922235,72095.0,433.5378323108384,0.0,53,52,0,0,52,50,,1,0,0,1,2
2020-08-02,US,Puerto Rico,Mayaguez,434,0,0,18.2013,-67.1452,72097.0,487.2025145936237,0.0,434,427,0,0,427,418,,7,0,0,7,9
2020-08-02,US,Puerto Rico,Moca,153,0,0,18.377805,-67.080952,72099.0,381.4605200827745,0.0,153,150,0,0,150,144,,3,0,0,3,6
2020-08-02,US,Puerto Rico,Morovis,223,0,0,18.316963,-66.420383,72101.0,683.8393130941429,0.0,223,212,0,0,212,197,,11,0,0,11,15
2020-08-02,US,Puerto Rico,Naguabo,83,0,0,18.230637,-65.753897,72103.0,310.62874251497004,0.0,83,82,0,0,82,81,,1,0,0,1,1
2020-08-02,US,Puerto Rico,Naranjito,231,0,0,18.288019,-66.252703,72105.0,759.8184329978293,0.0,231,226,0,0,226,207,,5,0,0,5,19
2020-08-02,US,Puerto Rico,Orocovis,181,0,0,18.215046,-66.433604,72107.0,772.7447380779573,0.0,181,177,0,0,177,162,,4,0,0,4,15
2020-08-02,US,Puerto Rico,Out of PR,624,0,0,0.0,0.0,72888.0,0.0,0.0,624,624,0,0,624,616,,0,0,0,0,8
2020-08-02,US,Puerto Rico,Patillas,95,0,0,18.03174,-66.012242,72109.0,492.8152720859055,0.0,95,95,0,0,95,92,,0,0,0,0,3
2020-08-02,US,Puerto Rico,Penuelas,64,0,0,18.059645,-66.721572,72111.0,263.5697224281361,0.0,64,62,0,0,62,57,,2,0,0,2,5
2020-08-02,US,Puerto Rico,Ponce,428,0,0,18.059498,-66.613748,72113.0,257.32442718259813,0.0,428,414,0,0,414,395,,14,0,0,14,19
2020-08-02,US,Puerto Rico,Quebradillas,67,0,0,18.439692,-66.926113,72115.0,258.4976272232725,0.0,67,65,0,0,65,65,,2,0,0,2,0
2020-08-02,US,Puerto Rico,Rincon,83,0,0,18.335443,-67.23174,72117.0,546.0526315789474,0.0,83,82,0,0,82,81,,1,0,0,1,1
2020-08-02,US,Puerto Rico,Rio Grande,252,0,0,18.346329,-65.813742,72119.0,464.0542133176193,0.0,252,239,0,0,239,225,,13,0,0,13,14
2020-08-02,US,Puerto Rico,Sabana Grande,113,0,0,18.08282,-66.943758,72121.0,447.25905402731047,0.0,113,112,0,0,112,104,,1,0,0,1,8
2020-08-02,US,Puerto Rico,Salinas,131,0,0,18.010386999999994,-66.256592,72123.0,421.520046335028,0.0,131,131,0,0,131,132,,0,0,0,0,-1
2020-08-02,US,Puerto Rico,San German,123,0,0,18.111484,-67.03858100000001,72125.0,346.2155543671012,0.0,123,123,0,0,123,121,,0,0,0,0,2
2020-08-02,US,Puerto Rico,San Juan,2547,0,0,18.386933,-66.061128,72127.0,644.2783930224675,0.0,2547,2462,0,0,2462,2291,,85,0,0,85,171
2020-08-02,US,Puerto Rico,San Lorenzo,138,0,0,18.147987,-65.976392,72129.0,336.10989332164263,0.0,138,136,0,0,136,127,,2,0,0,2,9
2020-08-02,US,Puerto Rico,San Sebastian,184,0,0,18.328646,-66.971214,72131.0,433.65543247702095,0.0,184,173,0,0,173,170,,11,0,0,11,3
2020-08-02,US,Puerto Rico,Santa Isabel,88,0,0,17.994525,-66.388913,72133.0,378.1043224198677,0.0,88,87,0,0,87,82,,1,0,0,1,5
2020-08-02,US,Puerto Rico,Toa Alta,472,0,0,18.362406,-66.246616,72135.0,637.2694623713985,0.0,472,458,0,0,458,410,,14,0,0,14,48
2020-08-02,US,Puerto Rico,Toa Baja,440,0,0,18.431446,-66.213553,72137.0,491.02210715441527,0.0,440,419,0,0,419,395,,21,0,0,21,24
2020-08-02,US,Puerto Rico,Trujillo Alto,418,0,0,18.336159,-65.99888399999999,72139.0,558.5099275807702,0.0,418,411,0,0,411,372,,7,0,0,7,39
2020-08-02,US,Puerto Rico,Unassigned,518,230,0,0.0,0.0,72999.0,0.0,44.4015444015444,288,446,225,0,221,354,,72,5,0,67,92
2020-08-02,US,Puerto Rico,Utuado,57,0,0,18.271214,-66.702984,72141.0,171.95088841292346,0.0,57,57,0,0,57,57,,0,0,0,0,0
2020-08-02,US,Puerto Rico,Vega Alta,181,0,0,18.409346,-66.33725,72143.0,453.054992365648,0.0,181,176,0,0,176,167,,5,0,0,5,9
2020-08-02,US,Puerto Rico,Vega Baja,308,0,0,18.428262,-66.397924,72145.0,516.2414937481144,0.0,308,303,0,0,303,290,,5,0,0,5,13
2020-08-02,US,Puerto Rico,Vieques,43,0,0,18.123276,-65.44097099999999,72147.0,462.31588001290186,0.0,43,37,0,0,37,37,,6,0,0,6,0
2020-08-02,US,Puerto Rico,Villalba,72,0,0,18.127951,-66.473115,72149.0,276.14773904038657,0.0,72,71,0,0,71,71,,1,0,0,1,0
2020-08-02,US,Puerto Rico,Yabucoa,100,0,0,18.070399,-65.896289,72151.0,263.5671173664373,0.0,100,99,0,0,99,92,,1,0,0,1,7
2020-08-02,US,Puerto Rico,Yauco,211,0,0,18.080374,-66.858814,72153.0,501.86713602740053,0.0,211,207,0,0,207,194,,4,0,0,4,13
2020-08-02,US,Rhode Island,Bristol,304,0,0,41.71018079,-71.28652315,44001.0,627.0756409991958,0.0,304,304,0,0,304,304,48649,0,0,0,0,0
2020-08-02,US,Rhode Island,Kent,1421,0,0,41.67106337,-71.57641596,44003.0,864.9234290166289,0.0,1421,1421,0,0,1421,1421,163861,0,0,0,0,0
2020-08-02,US,Rhode Island,Newport,380,0,0,41.5642026,-71.26569799,44005.0,462.9516824638777,0.0,380,380,0,0,380,380,82542,0,0,0,0,0
2020-08-02,US,Rhode Island,Providence,14549,0,0,41.87064746,-71.57753536,44007.0,2277.084693026321,0.0,14549,14549,0,0,14549,14549,636084,0,0,0,0,0
2020-08-02,US,Rhode Island,Unassigned,1778,1007,0,0.0,0.0,90044.0,0.0,56.636670416197965,771,1778,1007,0,771,1778,,0,0,0,0,0
2020-08-02,US,Rhode Island,Washington,590,0,0,41.45961631,-71.61435303,44009.0,469.83125890887663,0.0,590,590,0,0,590,590,126179,0,0,0,0,0
2020-08-02,US,South Carolina,Abbeville,290,7,0,34.22333378,-82.46170658,45001.0,1182.3704488930564,2.413793103448276,283,288,7,0,281,282,24541,2,0,0,2,6
2020-08-02,US,South Carolina,Aiken,1575,26,0,33.54338026,-81.63645384,45003.0,921.7425909452693,1.6507936507936507,1549,1538,26,0,1512,1491,169401,37,0,0,37,47
2020-08-02,US,South Carolina,Allendale,189,3,0,32.98837386,-81.35321066,45005.0,2175.4143646408843,1.5873015873015872,186,179,3,0,176,173,8903,10,0,0,10,6
2020-08-02,US,South Carolina,Anderson,2066,47,0,34.51828081,-82.63959517,45007.0,1019.9547783844628,2.2749273959341725,2019,2059,46,0,2013,1939,200482,7,1,0,6,120
2020-08-02,US,South Carolina,Bamberg,441,16,0,33.21927586,-81.05659969,45009.0,3135.2196786577565,3.6281179138322,425,434,16,0,418,423,14275,7,0,0,7,11
2020-08-02,US,South Carolina,Barnwell,340,4,0,33.26679302,-81.43584352,45011.0,1629.4450301926581,1.1764705882352942,336,328,4,0,324,320,21112,12,0,0,12,8
2020-08-02,US,South Carolina,Beaufort,3632,50,0,32.39226291,-80.72619758,45013.0,1890.4654334225131,1.3766519823788546,3582,3577,48,0,3529,3503,188715,55,2,0,53,74
2020-08-02,US,South Carolina,Berkeley,3854,59,0,33.20222596,-79.94654523,45015.0,1691.040643771363,1.5308770108977685,3795,3818,58,0,3760,3760,221091,36,1,0,35,58
2020-08-02,US,South Carolina,Calhoun,314,10,0,33.66926881,-80.77722168,45017.0,2157.6307290593004,3.1847133757961785,304,309,9,0,300,295,14520,5,1,0,4,14
2020-08-02,US,South Carolina,Charleston,11594,168,0,32.82487866,-79.96512315,45019.0,2818.140717442137,1.449025357943764,11426,11471,165,0,11306,11345,405905,123,3,0,120,126
2020-08-02,US,South Carolina,Cherokee,549,25,0,35.05122251,-81.61828622,45021.0,958.1151832460733,4.553734061930784,524,547,25,0,522,528,57078,2,0,0,2,19
2020-08-02,US,South Carolina,Chester,566,11,0,34.69249168,-81.1583216,45023.0,1755.3653392879294,1.9434628975265016,555,550,11,0,539,532,32251,16,0,0,16,18
2020-08-02,US,South Carolina,Chesterfield,696,19,0,34.64137396,-80.15640140000002,45025.0,1524.6440306681272,2.7298850574712645,677,687,19,0,668,670,45754,9,0,0,9,17
2020-08-02,US,South Carolina,Clarendon,779,50,0,33.66610974,-80.21647898,45027.0,2308.4901466883985,6.418485237483955,729,777,50,0,727,749,33700,2,0,0,2,28
2020-08-02,US,South Carolina,Colleton,763,31,0,32.87582989,-80.67641292,45029.0,2025.1081561695464,4.062909567496724,732,752,31,0,721,739,37660,11,0,0,11,13
2020-08-02,US,South Carolina,Darlington,1089,33,0,34.33358335,-79.96027485,45031.0,1634.6933261280735,3.0303030303030303,1056,1059,33,0,1026,1023,66802,30,0,0,30,36
2020-08-02,US,South Carolina,Dillon,564,23,0,34.39007791,-79.37741872,45033.0,1850.4544112339645,4.078014184397163,541,552,23,0,529,541,30599,12,0,0,12,11
2020-08-02,US,South Carolina,Dorchester,2780,39,0,33.0794369,-80.40502652,45035.0,1707.5223114201306,1.4028776978417266,2741,2744,39,0,2705,2702,160647,36,0,0,36,42
2020-08-02,US,South Carolina,Edgefield,287,6,0,33.77221995,-81.96231108,45037.0,1052.8246515040353,2.0905923344947737,281,277,6,0,271,273,27052,10,0,0,10,4
2020-08-02,US,South Carolina,Fairfield,536,23,0,34.39287073,-81.1195624,45039.0,2398.532241464179,4.291044776119403,513,531,23,0,508,525,22402,5,0,0,5,6
2020-08-02,US,South Carolina,Florence,3033,98,0,34.02361754,-79.70189312,45041.0,2193.16957474348,3.2311242993735574,2935,2938,96,0,2842,2853,138159,95,2,0,93,85
2020-08-02,US,South Carolina,Georgetown,1287,19,0,33.43443342,-79.33202141,45043.0,2053.2865347798347,1.4763014763014763,1268,1275,19,0,1256,1237,62249,12,0,0,12,38
2020-08-02,US,South Carolina,Greenville,10211,188,0,34.89502264,-82.37295012,45045.0,1950.3688338280408,1.8411516991479775,10023,10139,187,0,9952,10034,514213,72,1,0,71,105
2020-08-02,US,South Carolina,Greenwood,1258,15,0,34.15272415,-82.12715789,45047.0,1776.5601389614608,1.192368839427663,1243,1237,15,0,1222,1197,70741,21,0,0,21,40
2020-08-02,US,South Carolina,Hampton,364,7,0,32.77419582,-81.13845571,45049.0,1893.6635105608161,1.9230769230769231,357,345,7,0,338,320,19351,19,0,0,19,25
2020-08-02,US,South Carolina,Horry,8116,130,0,33.9212828,-78.99555293,45051.0,2292.1308966027545,1.6017742730409068,7986,8050,129,0,7921,7975,344147,66,1,0,65,75
2020-08-02,US,South Carolina,Jasper,505,13,0,32.43171982,-81.02487495,45053.0,1679.2471652312704,2.5742574257425743,492,500,13,0,487,483,28971,5,0,0,5,17
2020-08-02,US,South Carolina,Kershaw,1284,23,0,34.33988254,-80.58763164,45055.0,1929.3474177698306,1.7912772585669785,1261,1267,23,0,1244,1260,65592,17,0,0,17,7
2020-08-02,US,South Carolina,Lancaster,1063,21,0,34.68270843,-80.70513032,45057.0,1084.5610741541852,1.975540921919097,1042,1039,21,0,1018,1018,95380,24,0,0,24,21
2020-08-02,US,South Carolina,Laurens,1222,34,0,34.48244419,-82.00490796,45059.0,1810.5581319544247,2.782324058919804,1188,1206,34,0,1172,1189,66994,16,0,0,16,17
2020-08-02,US,South Carolina,Lee,522,27,0,34.16393091,-80.25690731,45061.0,3101.972902305681,5.172413793103448,495,513,27,0,486,487,17142,9,0,0,9,26
2020-08-02,US,South Carolina,Lexington,4654,104,0,33.89665987,-81.27146426,45063.0,1557.8242677824273,2.23463687150838,4550,4580,101,0,4479,4531,295032,74,3,0,71,49
2020-08-02,US,South Carolina,Marion,522,12,0,34.07859748,-79.36400756,45067.0,1702.710637048635,2.2988505747126435,510,513,12,0,501,511,31039,9,0,0,9,2
2020-08-02,US,South Carolina,Marlboro,436,4,0,34.59905577,-79.67561152,45069.0,1669.3468106286853,0.9174311926605504,432,429,4,0,425,423,26398,7,0,0,7,6
2020-08-02,US,South Carolina,McCormick,106,2,0,33.90161443,-82.30794338,45065.0,1120.1521716157667,1.8867924528301887,104,103,2,0,101,99,9410,3,0,0,3,4
2020-08-02,US,South Carolina,Newberry,775,8,0,34.28629098,-81.59935761,45071.0,2016.1290322580649,1.032258064516129,767,760,8,0,752,745,38520,15,0,0,15,15
2020-08-02,US,South Carolina,Oconee,746,7,0,34.75225169,-83.06742317,45073.0,937.8221406481784,0.9383378016085792,739,738,7,0,731,716,78374,8,0,0,8,22
2020-08-02,US,South Carolina,Orangeburg,2190,57,0,33.4391073,-80.79886287,45075.0,2541.3402959094865,2.602739726027397,2133,2152,57,0,2095,2120,86934,38,0,0,38,32
2020-08-02,US,South Carolina,Pickens,1725,23,0,34.88807695,-82.72791551,45077.0,1359.5094732196335,1.3333333333333333,1702,1708,23,0,1685,1683,124937,17,0,0,17,25
2020-08-02,US,South Carolina,Richland,7975,140,0,34.01791263,-80.90267209,45079.0,1918.1785601754864,1.7554858934169284,7835,7866,133,0,7733,7780,414576,109,7,0,102,86
2020-08-02,US,South Carolina,Saluda,416,8,0,34.00795823,-81.72713237,45081.0,2031.944512284472,1.9230769230769231,408,408,7,0,401,398,20544,8,1,0,7,10
2020-08-02,US,South Carolina,Spartanburg,3741,85,0,34.92960077,-81.99225984,45083.0,1169.8484919555326,2.27211975407645,3656,3700,82,0,3618,3656,313888,41,3,0,38,44
2020-08-02,US,South Carolina,Sumter,2312,45,0,33.91826534,-80.37942316,45085.0,2166.3964917869957,1.9463667820069204,2267,2289,45,0,2244,2227,106512,23,0,0,23,62
2020-08-02,US,South Carolina,Union,334,2,0,34.68835752,-81.61730349,45087.0,1222.7266071167082,0.5988023952095808,332,332,2,0,330,324,27410,2,0,0,2,8
2020-08-02,US,South Carolina,Williamsburg,917,27,0,33.62190129,-79.72767442,45089.0,3019.6259220231823,2.9443838604143946,890,901,27,0,874,860,30606,16,0,0,16,41
2020-08-02,US,South Carolina,York,3170,28,0,34.97281497,-81.18085944,45091.0,1128.1981927475008,0.8832807570977917,3142,3134,28,0,3106,3077,274118,36,0,0,36,57
2020-08-02,US,South Dakota,Aurora,38,0,0,43.71757685,-98.56050467,46003.0,1381.315885132679,0.0,38,37,0,0,37,37,2801,1,0,0,1,0
2020-08-02,US,South Dakota,Beadle,587,9,0,44.41464384,-98.27858469,46005.0,3181.054571072454,1.5332197614991483,578,587,9,0,578,586,18883,0,0,0,0,1
2020-08-02,US,South Dakota,Bennett,6,0,0,43.19486375,-101.6665572,46007.0,178.30609212481426,0.0,6,5,0,0,5,5,3468,1,0,0,1,0
2020-08-02,US,South Dakota,Bon Homme,13,0,0,42.98914167,-97.88592746,46009.0,188.37849587016373,0.0,13,13,0,0,13,13,6980,0,0,0,0,0
2020-08-02,US,South Dakota,Brookings,119,1,0,44.36974375,-96.79079945,46011.0,339.25364198762725,0.8403361344537815,118,118,1,0,117,113,35232,1,0,0,1,5
2020-08-02,US,South Dakota,Brown,407,3,0,45.58994323,-98.35165355,46013.0,1047.915754782564,0.7371007371007371,404,406,3,0,403,397,39316,1,0,0,1,9
2020-08-02,US,South Dakota,Brule,40,0,0,43.71756379,-99.08118954,46015.0,755.1444213705871,0.0,40,40,0,0,40,40,5229,0,0,0,0,0
2020-08-02,US,South Dakota,Buffalo,107,3,0,44.07657829,-99.20814467,46017.0,5453.61875637105,2.803738317757009,104,107,3,0,104,106,2036,0,0,0,0,1
2020-08-02,US,South Dakota,Butte,11,1,0,44.90608745,-103.5079318,46019.0,105.47511746092628,9.090909090909092,10,10,1,0,9,10,10222,1,0,0,1,0
2020-08-02,US,South Dakota,Campbell,2,0,0,45.77074915,-100.0510181,46021.0,145.3488372093023,0.0,2,2,0,0,2,2,1377,0,0,0,0,0
2020-08-02,US,South Dakota,Charles Mix,99,0,0,43.20660134,-98.58856175,46023.0,1065.4326302195436,0.0,99,99,0,0,99,99,9338,0,0,0,0,0
2020-08-02,US,South Dakota,Clark,16,0,0,44.85834507,-97.72925109,46025.0,428.2655246252677,0.0,16,16,0,0,16,16,3739,0,0,0,0,0
2020-08-02,US,South Dakota,Clay,117,0,0,42.91296147,-96.97656917,46027.0,831.5565031982942,0.0,117,114,0,0,114,113,14041,3,0,0,3,1
2020-08-02,US,South Dakota,Codington,118,0,0,44.97788119,-97.18827677,46029.0,421.2931557713592,0.0,118,118,0,0,118,117,28015,0,0,0,0,1
2020-08-02,US,South Dakota,Corson,28,0,0,45.70889983,-101.1970473,46031.0,685.2667645619188,0.0,28,28,0,0,28,26,4165,0,0,0,0,2
2020-08-02,US,South Dakota,Custer,23,0,0,43.67741105,-103.45345209999999,46033.0,256.3530985287561,0.0,23,19,0,0,19,18,8726,4,0,0,4,1
2020-08-02,US,South Dakota,Davison,88,0,0,43.67490933,-98.14458906,46035.0,445.0063211125158,0.0,88,87,0,0,87,86,19790,1,0,0,1,1
2020-08-02,US,South Dakota,Day,21,0,0,45.367281,-97.60737498,46037.0,387.1681415929203,0.0,21,21,0,0,21,21,5505,0,0,0,0,0
2020-08-02,US,South Dakota,Deuel,8,0,0,44.75994309,-96.66943645,46039.0,183.8657779820731,0.0,8,8,0,0,8,9,4337,0,0,0,0,-1
2020-08-02,US,South Dakota,Dewey,59,0,0,45.15639647,-100.8709139,46041.0,1001.3577732518668,0.0,59,59,0,0,59,58,5904,0,0,0,0,1
2020-08-02,US,South Dakota,Douglas,16,0,0,43.38520741,-98.36978007,46043.0,547.757617254365,0.0,16,16,0,0,16,16,2935,0,0,0,0,0
2020-08-02,US,South Dakota,Edmunds,13,0,0,45.41846445,-99.21545423,46045.0,339.5142334813267,0.0,13,13,0,0,13,13,3875,0,0,0,0,0
2020-08-02,US,South Dakota,Fall River,16,0,0,43.23929297,-103.5275691,46047.0,238.3435125875168,0.0,16,15,0,0,15,14,6758,1,0,0,1,1
2020-08-02,US,South Dakota,Faulk,26,1,0,45.07082625,-99.14535601,46049.0,1130.9264897781645,3.8461538461538463,25,26,1,0,25,26,2330,0,0,0,0,0
2020-08-02,US,South Dakota,Grant,23,0,0,45.1723937,-96.77002276,46051.0,326.1486103233125,0.0,23,19,0,0,19,18,7147,4,0,0,4,1
2020-08-02,US,South Dakota,Gregory,7,0,0,43.19419064,-99.18883902,46053.0,167.26403823178018,0.0,7,7,0,0,7,7,4212,0,0,0,0,0
2020-08-02,US,South Dakota,Haakon,2,0,0,44.29299053,-101.539099,46055.0,105.318588730911,0.0,2,2,0,0,2,1,1918,0,0,0,0,1
2020-08-02,US,South Dakota,Hamlin,14,0,0,44.67385954,-97.18829593,46057.0,227.125243348475,0.0,14,14,0,0,14,14,6111,0,0,0,0,0
2020-08-02,US,South Dakota,Hand,7,0,0,44.54708407,-99.00386459,46059.0,219.36696960200558,0.0,7,7,0,0,7,7,3262,0,0,0,0,0
2020-08-02,US,South Dakota,Hanson,21,0,0,43.6746384,-97.78715148,46061.0,608.1668114682883,0.0,21,20,0,0,20,20,3376,1,0,0,1,0
2020-08-02,US,South Dakota,Hughes,84,2,0,44.39091534,-99.99661148,46065.0,479.2879150975693,2.380952380952381,82,83,2,0,81,83,17650,1,0,0,1,0
2020-08-02,US,South Dakota,Hutchinson,26,0,0,43.33449012,-97.75536441,46067.0,356.6040323686737,0.0,26,26,0,0,26,26,7380,0,0,0,0,0
2020-08-02,US,South Dakota,Hyde,3,0,0,44.54747703,-99.48572582,46069.0,230.59185242121444,0.0,3,3,0,0,3,3,1282,0,0,0,0,0
2020-08-02,US,South Dakota,Jackson,9,1,0,43.69318385,-101.6255063,46071.0,269.1387559808612,11.111111111111109,8,8,1,0,7,8,3307,1,0,0,1,0
2020-08-02,US,South Dakota,Jerauld,40,1,0,44.06637798,-98.62965972,46073.0,1987.083954297069,2.5,39,39,1,0,38,39,2043,1,0,0,1,0
2020-08-02,US,South Dakota,Jones,2,0,0,43.96278565,-100.6940008,46075.0,221.4839424141749,0.0,2,2,0,0,2,2,928,0,0,0,0,0
2020-08-02,US,South Dakota,Kingsbury,12,0,0,44.36956169,-97.4913945,46077.0,242.96416278598903,0.0,12,12,0,0,12,12,4919,0,0,0,0,0
2020-08-02,US,South Dakota,Lake,81,2,0,44.02193107,-97.12926365,46079.0,632.9608501992656,2.469135802469136,79,79,2,0,77,78,13057,2,0,0,2,1
2020-08-02,US,South Dakota,Lawrence,30,0,0,44.35919441,-103.79294279999999,46081.0,116.08110199659494,0.0,30,27,0,0,27,26,25741,3,0,0,3,1
2020-08-02,US,South Dakota,Lincoln,571,2,0,43.27841182,-96.72039050000001,46083.0,934.1054835754483,0.3502626970227671,569,561,2,0,559,542,58807,10,0,0,10,19
2020-08-02,US,South Dakota,Lyman,88,2,0,43.89522709,-99.85201878,46085.0,2327.4266067178,2.272727272727273,86,88,2,0,86,87,3821,0,0,0,0,1
2020-08-02,US,South Dakota,Marshall,8,0,0,45.75870838,-97.59855639,46091.0,162.10739614994938,0.0,8,8,0,0,8,8,5112,0,0,0,0,0
2020-08-02,US,South Dakota,McCook,24,1,0,43.6742571,-97.36863144,46087.0,429.6455424274973,4.166666666666667,23,24,1,0,23,24,5546,0,0,0,0,0
2020-08-02,US,South Dakota,McPherson,6,0,0,45.76626028,-99.22118798,46089.0,252.20680958385879,0.0,6,6,0,0,6,6,2407,0,0,0,0,0
2020-08-02,US,South Dakota,Meade,74,1,0,44.56676791,-102.71627409999999,46093.0,261.1887618240858,1.351351351351351,73,71,1,0,70,71,28294,3,0,0,3,0
2020-08-02,US,South Dakota,Mellette,24,0,0,43.58078848,-100.7563186,46095.0,1164.4832605531294,0.0,24,24,0,0,24,24,2042,0,0,0,0,0
2020-08-02,US,South Dakota,Miner,15,0,0,44.02197882,-97.60992207,46097.0,676.8953068592058,0.0,15,14,0,0,14,14,2213,1,0,0,1,0
2020-08-02,US,South Dakota,Minnehaha,4223,64,0,43.67441641,-96.7910885,46099.0,2186.564768502697,1.515510300734075,4159,4189,63,0,4126,4150,192876,34,1,0,33,39
2020-08-02,US,South Dakota,Moody,30,0,0,44.02266214,-96.67081159,46101.0,456.2043795620438,0.0,30,30,0,0,30,30,6579,0,0,0,0,0
2020-08-02,US,South Dakota,Oglala Lakota,148,1,0,43.33749164,-102.55554980000001,46102.0,1043.9444170134725,0.6756756756756757,147,146,1,0,145,141,14309,2,0,0,2,5
2020-08-02,US,South Dakota,Pennington,826,29,0,44.0025835,-102.8240777,46103.0,725.9942869698967,3.5108958837772395,797,818,29,0,789,811,111729,8,0,0,8,7
2020-08-02,US,South Dakota,Perkins,6,0,0,45.49049506,-102.47555859999999,46105.0,209.42408376963348,0.0,6,6,0,0,6,6,2922,0,0,0,0,0
2020-08-02,US,South Dakota,Potter,1,0,0,45.06583079,-99.95498503,46107.0,46.44681839294008,0.0,1,1,0,0,1,1,2207,0,0,0,0,0
2020-08-02,US,South Dakota,Roberts,70,1,0,45.62975048,-96.94672673,46109.0,673.4654608427941,1.4285714285714286,69,70,1,0,69,69,10447,0,0,0,0,1
2020-08-02,US,South Dakota,Sanborn,13,0,0,44.02351092,-98.09098159999999,46111.0,554.6075085324234,0.0,13,13,0,0,13,13,2429,0,0,0,0,0
2020-08-02,US,South Dakota,Spink,20,0,0,44.93837606,-98.34626602,46115.0,313.6762860727729,0.0,20,19,0,0,19,19,6495,1,0,0,1,0
2020-08-02,US,South Dakota,Stanley,14,0,0,44.41381872,-100.7349153,46117.0,451.9044544867656,0.0,14,14,0,0,14,14,3022,0,0,0,0,0
2020-08-02,US,South Dakota,Sully,1,0,0,44.71571812,-100.1278092,46119.0,71.89072609633357,0.0,1,1,0,0,1,1,1392,0,0,0,0,0
2020-08-02,US,South Dakota,Todd,66,4,0,43.19338568,-100.71955030000001,46121.0,648.5211751989781,6.0606060606060606,62,66,4,0,62,66,10283,0,0,0,0,0
2020-08-02,US,South Dakota,Tripp,20,0,0,43.34459388,-99.8854891,46123.0,367.5794890645102,0.0,20,20,0,0,20,20,5478,0,0,0,0,0
2020-08-02,US,South Dakota,Turner,44,0,0,43.3109081,-97.14865776,46125.0,524.8091603053434,0.0,44,44,0,0,44,44,8424,0,0,0,0,0
2020-08-02,US,South Dakota,Union,196,4,0,42.83112163,-96.6557828,46127.0,1230.2284710017575,2.0408163265306123,192,195,4,0,191,191,15619,1,0,0,1,4
2020-08-02,US,South Dakota,Walworth,18,0,0,45.43019636,-100.03075140000001,46129.0,331.1867525298988,0.0,18,18,0,0,18,18,5587,0,0,0,0,0
2020-08-02,US,South Dakota,Yankton,102,2,0,43.00924485,-97.39467635,46135.0,447.0938897168405,1.96078431372549,100,101,2,0,99,101,22869,1,0,0,1,0
2020-08-02,US,South Dakota,Ziebach,8,0,0,44.97881876,-101.6654622,46137.0,290.2757619738752,0.0,8,8,0,0,8,8,2742,0,0,0,0,0
2020-08-02,US,Tennessee,Anderson,599,5,0,36.12684348,-84.19965764,47001.0,778.1444048949049,0.8347245409015025,594,583,5,0,578,571,76482,16,0,0,16,12
2020-08-02,US,Tennessee,Bedford,862,10,0,35.51123746,-86.45549096,47003.0,1733.952889586225,1.160092807424594,852,851,10,0,841,823,49038,11,0,0,11,28
2020-08-02,US,Tennessee,Benton,92,1,0,36.07110411,-88.06849355,47005.0,569.3069306930693,1.0869565217391304,91,91,1,0,90,80,16184,1,0,0,1,11
2020-08-02,US,Tennessee,Bledsoe,668,1,0,35.59942968,-85.20611967,47007.0,4434.413170472651,0.1497005988023952,667,661,1,0,660,659,14755,7,0,0,7,2
2020-08-02,US,Tennessee,Blount,1098,7,0,35.68938198,-83.92847788,47009.0,825.0180331810533,0.6375227686703097,1091,1089,7,0,1082,1043,131349,9,0,0,9,46
2020-08-02,US,Tennessee,Bradley,1705,10,0,35.15739424,-84.857186,47011.0,1577.0974007954862,0.5865102639296188,1695,1681,10,0,1671,1651,106727,24,0,0,24,30
2020-08-02,US,Tennessee,Campbell,207,1,0,36.40355516,-84.15108559999999,47013.0,519.5522313136889,0.4830917874396135,206,203,1,0,202,190,39583,4,0,0,4,13
2020-08-02,US,Tennessee,Cannon,117,0,0,35.80990797,-86.05738983,47015.0,797.1113230685379,0.0,117,115,0,0,115,110,14462,2,0,0,2,5
2020-08-02,US,Tennessee,Carroll,226,3,0,35.97366108,-88.45189331,47017.0,813.9157993301401,1.327433628318584,223,216,3,0,213,191,28020,10,0,0,10,25
2020-08-02,US,Tennessee,Carter,424,5,0,36.28969086,-82.12588974,47019.0,751.8930325761203,1.179245283018868,419,407,5,0,402,390,56351,17,0,0,17,17
2020-08-02,US,Tennessee,Cheatham,544,5,0,36.26136216,-87.08903581,47021.0,1337.6939533282514,0.9191176470588236,539,533,5,0,528,516,40439,11,0,0,11,17
2020-08-02,US,Tennessee,Chester,192,1,0,35.42527478,-88.6095842,47023.0,1110.0190784529111,0.5208333333333334,191,190,1,0,189,181,17276,2,0,0,2,9
2020-08-02,US,Tennessee,Claiborne,212,0,0,36.48319149,-83.65947309,47025.0,663.3499170812604,0.0,212,210,0,0,210,206,31756,2,0,0,2,4
2020-08-02,US,Tennessee,Clay,62,0,0,36.55151008,-85.53930419,47027.0,814.182534471438,0.0,62,61,0,0,61,58,7717,1,0,0,1,3
2020-08-02,US,Tennessee,Cocke,391,1,0,35.9278914,-83.11828725,47029.0,1085.9904455060546,0.2557544757033248,390,385,1,0,384,369,35774,6,0,0,6,16
2020-08-02,US,Tennessee,Coffee,411,2,0,35.49090731,-86.07311784,47031.0,727.1762208067938,0.4866180048661801,409,395,2,0,393,370,55700,16,0,0,16,25
2020-08-02,US,Tennessee,Crockett,223,3,0,35.81830662,-89.14916269,47033.0,1567.1117357695016,1.345291479820628,220,220,3,0,217,216,14328,3,0,0,3,4
2020-08-02,US,Tennessee,Cumberland,375,6,0,35.95271721,-84.99840585,47035.0,619.6298744216788,1.6,369,374,6,0,368,365,59673,1,0,0,1,9
2020-08-02,US,Tennessee,Davidson,19320,199,0,36.17007426,-86.78646056,47037.0,2783.284160059008,1.0300207039337477,19121,19176,198,0,18978,18978,692587,144,1,0,143,198
2020-08-02,US,Tennessee,DeKalb,304,1,0,35.97616272,-85.83689361,47041.0,1483.65056124939,0.32894736842105265,303,303,1,0,302,295,20138,1,0,0,1,8
2020-08-02,US,Tennessee,Decatur,159,1,0,35.60048904,-88.11043779,47039.0,1363.2856040469862,0.6289308176100629,158,159,1,0,158,150,11706,0,0,0,0,9
2020-08-02,US,Tennessee,Dickson,587,1,0,36.14669837,-87.35891709,47043.0,1088.084822421591,0.17035775127768313,586,580,1,0,579,575,53446,7,0,0,7,5
2020-08-02,US,Tennessee,Dyer,542,7,0,36.05931946,-89.41542855,47045.0,1458.5968406038917,1.2915129151291511,535,534,7,0,527,515,37320,8,0,0,8,19
2020-08-02,US,Tennessee,Fayette,617,8,0,35.19615831,-89.41399032,47047.0,1500.0121556900785,1.2965964343598055,609,616,8,0,608,596,40507,1,0,0,1,20
2020-08-02,US,Tennessee,Fentress,74,0,0,36.38128818,-84.92870012,47049.0,399.5033201965125,0.0,74,73,0,0,73,71,18217,1,0,0,1,2
2020-08-02,US,Tennessee,Franklin,285,4,0,35.15634626,-86.09201039,47051.0,675.2274450341167,1.4035087719298245,281,271,4,0,267,258,41890,14,0,0,14,13
2020-08-02,US,Tennessee,Gibson,558,2,0,35.99438059,-88.93358327,47053.0,1135.692915148678,0.35842293906810035,556,550,2,0,548,537,49045,8,0,0,8,13
2020-08-02,US,Tennessee,Giles,344,9,0,35.20222469,-87.03992678,47055.0,1167.5264729839805,2.6162790697674416,335,334,9,0,325,321,29503,10,0,0,10,13
2020-08-02,US,Tennessee,Grainger,168,0,0,36.27469206,-83.51254721,47057.0,720.4116638078904,0.0,168,164,0,0,164,162,23145,4,0,0,4,2
2020-08-02,US,Tennessee,Greene,369,5,0,36.17470125,-82.84691273,47059.0,534.2483603353169,1.3550135501355014,364,362,5,0,357,344,69087,7,0,0,7,18
2020-08-02,US,Tennessee,Grundy,101,2,0,35.38433717,-85.72142731,47061.0,752.2156848141803,1.98019801980198,99,98,2,0,96,97,13346,3,0,0,3,1
2020-08-02,US,Tennessee,Hamblen,1217,13,0,36.21990035,-83.26586179,47063.0,1874.210737056088,1.0682004930156122,1204,1208,13,0,1195,1183,64569,9,0,0,9,25
2020-08-02,US,Tennessee,Hamilton,5621,47,0,35.17670231,-85.16652245,47065.0,1528.2596165348934,0.8361501512186443,5574,5549,47,0,5502,5483,364286,72,0,0,72,66
2020-08-02,US,Tennessee,Hancock,74,1,0,36.52692871,-83.22375847,47067.0,1117.8247734138972,1.351351351351351,73,72,1,0,71,71,6549,2,0,0,2,1
2020-08-02,US,Tennessee,Hardeman,794,11,0,35.20772017,-88.99161161,47069.0,3169.660678642714,1.3853904282115868,783,787,11,0,776,760,25220,7,0,0,7,27
2020-08-02,US,Tennessee,Hardin,398,7,0,35.19732531,-88.18593755,47071.0,1551.53594261656,1.7587939698492463,391,394,7,0,387,386,25776,4,0,0,4,8
2020-08-02,US,Tennessee,Hawkins,324,4,0,36.44355426,-82.94885298,47073.0,570.5631669777763,1.2345679012345678,320,304,4,0,300,291,56530,20,0,0,20,13
2020-08-02,US,Tennessee,Haywood,369,5,0,35.58332824,-89.28536625,47075.0,2132.4549237170595,1.3550135501355014,364,366,5,0,361,363,17335,3,0,0,3,3
2020-08-02,US,Tennessee,Henderson,426,0,0,35.65581134,-88.38600175,47077.0,1515.0976277696768,0.0,426,423,0,0,423,420,27847,3,0,0,3,3
2020-08-02,US,Tennessee,Henry,211,0,0,36.33160906,-88.30121797,47079.0,652.3419384758078,0.0,211,205,0,0,205,177,32358,6,0,0,6,28
2020-08-02,US,Tennessee,Hickman,226,0,0,35.80609681,-87.47643507,47081.0,897.6090237508936,0.0,226,218,0,0,218,208,25063,8,0,0,8,10
2020-08-02,US,Tennessee,Houston,55,0,0,36.28872054,-87.71878828,47083.0,670.649920741373,0.0,55,54,0,0,54,54,8263,1,0,0,1,0
2020-08-02,US,Tennessee,Humphreys,101,3,0,36.03958805,-87.77992872,47085.0,543.5367560004305,2.9702970297029703,98,100,3,0,97,99,18486,1,0,0,1,1
2020-08-02,US,Tennessee,Jackson,107,1,0,36.36380466,-85.67239905,47087.0,907.8567792295944,0.9345794392523364,106,105,1,0,104,105,11758,2,0,0,2,0
2020-08-02,US,Tennessee,Jefferson,489,2,0,36.04818632,-83.45148924,47089.0,897.330030278007,0.40899795501022496,487,480,2,0,478,474,54012,9,0,0,9,6
2020-08-02,US,Tennessee,Johnson,160,0,0,36.45523950000001,-81.84886538,47091.0,899.4827973914997,0.0,160,141,0,0,141,116,17778,19,0,0,19,25
2020-08-02,US,Tennessee,Knox,3926,34,0,35.99508821,-83.94635435,47093.0,834.763232145401,0.8660213958227203,3892,3848,31,0,3817,3705,465289,78,3,0,75,143
2020-08-02,US,Tennessee,Lake,744,0,0,36.34180170000001,-89.48921915,47095.0,10604.332953249716,0.0,744,740,0,0,740,736,7411,4,0,0,4,4
2020-08-02,US,Tennessee,Lauderdale,421,6,0,35.75893438,-89.63015909999999,47097.0,1642.4140756056643,1.4251781472684086,415,420,6,0,414,411,25825,1,0,0,1,9
2020-08-02,US,Tennessee,Lawrence,474,6,0,35.21675201,-87.39787695,47099.0,1073.807258393367,1.2658227848101269,468,458,6,0,452,444,43734,16,0,0,16,14
2020-08-02,US,Tennessee,Lewis,56,1,0,35.52853208,-87.49022694,47101.0,456.4721225953701,1.7857142857142858,55,51,1,0,50,47,12086,5,0,0,5,4
2020-08-02,US,Tennessee,Lincoln,251,1,0,35.13738622,-86.58910106,47103.0,730.373043124018,0.398406374501992,250,250,1,0,249,234,34117,1,0,0,1,16
2020-08-02,US,Tennessee,Loudon,649,3,0,35.73939663,-84.31145275,47105.0,1200.3403121994525,0.4622496147919877,646,643,3,0,640,606,53054,6,0,0,6,37
2020-08-02,US,Tennessee,Macon,834,13,0,36.53157855,-86.00778595,47111.0,3389.968295260548,1.5587529976019183,821,834,13,0,821,820,24265,0,0,0,0,14
2020-08-02,US,Tennessee,Madison,889,12,0,35.61181957,-88.84076036,47113.0,907.2909862834747,1.3498312710911136,877,863,12,0,851,769,97605,26,0,0,26,94
2020-08-02,US,Tennessee,Marion,206,4,0,35.12997174,-85.62265895,47115.0,712.6301587850694,1.9417475728155342,202,199,4,0,195,195,28575,7,0,0,7,4
2020-08-02,US,Tennessee,Marshall,263,2,0,35.45798777,-86.76420988,47117.0,765.0909090909091,0.7604562737642585,261,261,2,0,259,258,33683,2,0,0,2,3
2020-08-02,US,Tennessee,Maury,1066,5,0,35.618741299999996,-87.07462444,47119.0,1105.9582723811302,0.4690431519699813,1061,1050,5,0,1045,1010,94340,16,0,0,16,40
2020-08-02,US,Tennessee,McMinn,479,20,0,35.42812616,-84.61520715,47107.0,890.4338773840949,4.175365344467641,459,472,20,0,452,462,53285,7,0,0,7,10
2020-08-02,US,Tennessee,McNairy,310,5,0,35.17468549,-88.5647812,47109.0,1206.5073558029112,1.6129032258064515,305,309,5,0,304,300,25832,1,0,0,1,9
2020-08-02,US,Tennessee,Meigs,96,0,0,35.51558739,-84.81482914,47121.0,772.8224118499437,0.0,96,96,0,0,96,92,12306,0,0,0,0,4
2020-08-02,US,Tennessee,Monroe,356,9,0,35.44550387,-84.24902965,47123.0,764.851219250188,2.5280898876404496,347,352,9,0,343,333,46357,4,0,0,4,19
2020-08-02,US,Tennessee,Montgomery,1711,11,0,36.49609412,-87.38550661,47125.0,818.6877072437833,0.6428988895382817,1700,1677,11,0,1666,1646,205950,34,0,0,34,31
2020-08-02,US,Tennessee,Moore,42,0,0,35.27724699,-86.36230578,47127.0,647.3489519112208,0.0,42,43,0,0,43,42,6411,-1,0,0,-1,1
2020-08-02,US,Tennessee,Morgan,79,1,0,36.13248031,-84.64880098,47129.0,369.10713451385317,1.2658227848101269,78,76,1,0,75,70,21579,3,0,0,3,6
2020-08-02,US,Tennessee,Obion,427,4,0,36.35732446,-89.14921589,47131.0,1420.0671788220432,0.936768149882904,423,419,4,0,415,377,30267,8,0,0,8,42
2020-08-02,US,Tennessee,Out of TN,2823,12,0,0.0,0.0,80047.0,0.0,0.4250797024442083,2811,2729,12,0,2717,2815,,94,0,0,94,-86
2020-08-02,US,Tennessee,Overton,134,1,0,36.34117832,-85.28989535,47133.0,602.4908951935614,0.746268656716418,133,134,1,0,133,125,22068,0,0,0,0,9
2020-08-02,US,Tennessee,Perry,74,0,0,35.63708728,-87.86139634,47135.0,916.2951956414064,0.0,74,73,0,0,73,69,8064,1,0,0,1,4
2020-08-02,US,Tennessee,Pickett,22,1,0,36.55606529,-85.07763299999998,47137.0,435.8161648177496,4.545454545454546,21,22,1,0,21,21,5082,0,0,0,0,1
2020-08-02,US,Tennessee,Polk,166,1,0,35.12245443,-84.52075859,47139.0,986.2167300380228,0.6024096385542169,165,157,1,0,156,140,16898,9,0,0,9,17
2020-08-02,US,Tennessee,Putnam,1547,13,0,36.14005459,-85.50646123,47141.0,1927.8459717116327,0.8403361344537815,1534,1543,13,0,1530,1518,78843,4,0,0,4,25
2020-08-02,US,Tennessee,Rhea,497,1,0,35.60536161,-84.93076643,47143.0,1498.4774022371635,0.2012072434607646,496,491,1,0,490,481,33044,6,0,0,6,10
2020-08-02,US,Tennessee,Roane,356,1,0,35.84923189,-84.52458689,47145.0,666.8914615413436,0.2808988764044944,355,347,1,0,346,330,53140,9,0,0,9,17
2020-08-02,US,Tennessee,Robertson,1432,16,0,36.52454807,-86.87346725,47147.0,1994.067926420008,1.11731843575419,1416,1417,16,0,1401,1409,71012,15,0,0,15,8
2020-08-02,US,Tennessee,Rutherford,6042,51,0,35.84591405,-86.4107263,47149.0,1818.3186120348496,0.8440913604766633,5991,5999,51,0,5948,5899,324890,43,0,0,43,100
2020-08-02,US,Tennessee,Scott,101,0,0,36.42325673,-84.50360494,47151.0,457.67627333695845,0.0,101,98,0,0,98,91,22039,3,0,0,3,7
2020-08-02,US,Tennessee,Sequatchie,94,0,0,35.36979721,-85.41022136,47153.0,625.5823239717822,0.0,94,94,0,0,94,93,14876,0,0,0,0,1
2020-08-02,US,Tennessee,Sevier,1702,5,0,35.78077323,-83.52244332,47155.0,1732.3155216284988,0.2937720329024677,1697,1679,5,0,1674,1644,97892,23,0,0,23,35
2020-08-02,US,Tennessee,Shelby,21296,285,0,35.1864775,-89.89692423,47157.0,2272.382907617221,1.3382794891059353,21011,21021,284,0,20737,20586,935764,275,1,0,274,435
2020-08-02,US,Tennessee,Smith,361,3,0,36.25359775,-85.95411046,47159.0,1790.9411122686909,0.8310249307479224,358,360,3,0,357,340,19942,1,0,0,1,20
2020-08-02,US,Tennessee,Stewart,70,0,0,36.50235092,-87.83920548,47161.0,510.3900838497995,0.0,70,67,0,0,67,65,13561,3,0,0,3,2
2020-08-02,US,Tennessee,Sullivan,780,9,0,36.51240691,-82.30412917,47163.0,492.58594993305877,1.1538461538461535,771,758,8,0,750,729,157668,22,1,0,21,29
2020-08-02,US,Tennessee,Sumner,3160,69,0,36.46824103,-86.45917204,47165.0,1652.0025302823565,2.1835443037974684,3091,3136,69,0,3067,3106,187149,24,0,0,24,30
2020-08-02,US,Tennessee,Tipton,1104,9,0,35.501942,-89.73694895,47167.0,1792.2368869624506,0.8152173913043478,1095,1094,9,0,1085,1065,61581,10,0,0,10,29
2020-08-02,US,Tennessee,Trousdale,1572,6,0,36.39026213,-86.16087954,47169.0,13931.230060262316,0.3816793893129771,1566,1572,6,0,1566,1570,11012,0,0,0,0,2
2020-08-02,US,Tennessee,Unassigned,2924,4,0,0.0,0.0,90047.0,0.0,0.13679890560875513,2920,2888,4,0,2884,2887,,36,0,0,36,1
2020-08-02,US,Tennessee,Unicoi,136,0,0,36.10890856,-82.43709629,47171.0,760.4987977408713,0.0,136,136,0,0,136,129,17761,0,0,0,0,7
2020-08-02,US,Tennessee,Union,118,0,0,36.28590426,-83.83651902,47173.0,590.8271580212298,0.0,118,114,0,0,114,110,19688,4,0,0,4,4
2020-08-02,US,Tennessee,Van Buren,32,0,0,35.69864497,-85.45221699,47175.0,544.9591280653951,0.0,32,32,0,0,32,30,5765,0,0,0,0,2
2020-08-02,US,Tennessee,Warren,400,4,0,35.672829899999996,-85.77969117,47177.0,969.0626741284492,1.0,396,393,4,0,389,375,40878,7,0,0,7,18
2020-08-02,US,Tennessee,Washington,1038,2,0,36.29472368,-82.49454720000001,47179.0,802.3188405797101,0.1926782273603083,1036,993,2,0,991,943,128607,45,0,0,45,50
2020-08-02,US,Tennessee,Wayne,214,1,0,35.23868267,-87.78644456,47181.0,1283.5122653391707,0.4672897196261682,213,212,1,0,211,206,16558,2,0,0,2,6
2020-08-02,US,Tennessee,Weakley,260,3,0,36.29896232,-88.71990865,47183.0,780.1248199711954,1.1538461538461535,257,251,3,0,248,229,33415,9,0,0,9,22
2020-08-02,US,Tennessee,White,191,3,0,35.92929884,-85.45591799,47185.0,698.4823550923386,1.5706806282722514,188,188,3,0,185,186,27107,3,0,0,3,2
2020-08-02,US,Tennessee,Williamson,3230,22,0,35.89099229,-86.89281867,47187.0,1354.7975773031558,0.6811145510835913,3208,3193,22,0,3171,3132,231729,37,0,0,37,61
2020-08-02,US,Tennessee,Wilson,2064,20,0,36.15496772,-86.29775884,47189.0,1426.82345133661,0.9689922480620154,2044,2041,20,0,2021,2001,140625,23,0,0,23,40
2020-08-02,US,Texas,Anderson,2209,8,0,31.81534745,-95.65354823,48001.0,3826.102017840132,0.362154821186057,2201,2209,8,0,2201,2196,58057,0,0,0,0,13
2020-08-02,US,Texas,Andrews,255,6,0,32.30468633,-102.63765479999999,48003.0,1363.2718524458699,2.3529411764705883,249,255,6,0,249,255,18128,0,0,0,0,0
2020-08-02,US,Texas,Angelina,1647,35,0,31.25457347,-94.60901487,48005.0,1899.3253762324853,2.125075895567699,1612,1647,35,0,1612,1606,87092,0,0,0,0,41
2020-08-02,US,Texas,Aransas,153,12,0,28.10556197,-96.9995047,48007.0,650.7868991918333,7.84313725490196,141,153,12,0,141,153,23792,0,0,0,0,0
2020-08-02,US,Texas,Archer,20,0,0,33.61569967,-98.68754589,48009.0,233.836080907284,0.0,20,20,0,0,20,17,8786,0,0,0,0,3
2020-08-02,US,Texas,Armstrong,8,0,0,34.96507426,-101.35748740000001,48011.0,423.9533651298357,0.0,8,8,0,0,8,5,1892,0,0,0,0,3
2020-08-02,US,Texas,Atascosa,405,15,0,28.89333001,-98.52730485,48013.0,791.7424197994252,3.703703703703704,390,405,15,0,390,405,50310,0,0,0,0,0
2020-08-02,US,Texas,Austin,213,3,0,29.88548725,-96.27736949,48015.0,709.24347362813,1.4084507042253518,210,213,3,0,210,212,29989,0,0,0,0,1
2020-08-02,US,Texas,Bailey,158,4,0,34.06854817,-102.8299707,48017.0,2257.142857142857,2.5316455696202533,154,158,4,0,154,156,7027,0,0,0,0,2
2020-08-02,US,Texas,Bandera,83,3,0,29.74619598,-99.24598147,48019.0,359.1208030460366,3.614457831325301,80,83,3,0,80,83,22824,0,0,0,0,0
2020-08-02,US,Texas,Bastrop,1296,18,0,30.10370699,-97.31206354,48021.0,1460.7260800468875,1.3888888888888888,1278,1296,18,0,1278,1289,86976,0,0,0,0,7
2020-08-02,US,Texas,Baylor,7,0,0,33.61640794,-99.21352901,48023.0,199.48703334283272,0.0,7,7,0,0,7,6,3582,0,0,0,0,1
2020-08-02,US,Texas,Bee,511,9,0,28.41761668,-97.74215593,48025.0,1569.1693536004916,1.761252446183953,502,511,9,0,502,498,32587,0,0,0,0,13
2020-08-02,US,Texas,Bell,3496,31,0,31.03736027,-97.4785025,48027.0,963.287079388522,0.8867276887871853,3465,3496,31,0,3465,3467,355642,0,0,0,0,29
2020-08-02,US,Texas,Bexar,41082,611,0,29.44928723,-98.52019748,48029.0,2050.456339085445,1.4872693637116012,40471,40803,611,0,40192,40803,1986049,279,0,0,279,0
2020-08-02,US,Texas,Blanco,98,4,0,30.26640707,-98.3999852,48031.0,821.3896571955411,4.081632653061225,94,98,4,0,94,96,11702,0,0,0,0,2
2020-08-02,US,Texas,Bosque,125,2,0,31.89978581,-97.63613524,48035.0,668.985817500669,1.6,123,125,2,0,123,121,18691,0,0,0,0,4
2020-08-02,US,Texas,Bowie,708,30,0,33.44626922,-94.41834132,48037.0,759.2900423615207,4.2372881355932215,678,708,30,0,678,693,94324,0,0,0,0,15
2020-08-02,US,Texas,Brazoria,6534,72,0,29.18757369,-95.44563172,48039.0,1745.826475429109,1.1019283746556474,6462,6534,72,0,6462,6384,370200,0,0,0,0,150
2020-08-02,US,Texas,Brazos,3877,42,0,30.663644800000004,-96.30205577,48041.0,1691.4545986012888,1.0833118390508123,3835,3877,42,0,3835,3850,226758,0,0,0,0,27
2020-08-02,US,Texas,Brewster,181,2,0,29.81008251,-103.25203259999999,48043.0,1966.749972834945,1.1049723756906078,179,181,2,0,179,180,9267,0,0,0,0,1
2020-08-02,US,Texas,Briscoe,11,1,0,34.53026962,-101.2084947,48045.0,711.5135834411383,9.090909090909092,10,11,1,0,10,11,1516,0,0,0,0,0
2020-08-02,US,Texas,Brooks,85,1,0,27.03103197,-98.21808402,48047.0,1198.3645848019173,1.1764705882352942,84,85,1,0,84,84,7114,0,0,0,0,1
2020-08-02,US,Texas,Brown,351,14,0,31.77430356,-98.99907113,48049.0,927.001901542362,3.988603988603989,337,351,14,0,337,351,37924,0,0,0,0,0
2020-08-02,US,Texas,Burleson,231,5,0,30.49273808,-96.62158484,48051.0,1252.5077265087025,2.1645021645021645,226,231,5,0,226,229,18389,0,0,0,0,2
2020-08-02,US,Texas,Burnet,542,7,0,30.78801353,-98.181887,48053.0,1125.5321358114422,1.2915129151291511,535,542,7,0,535,539,47542,0,0,0,0,3
2020-08-02,US,Texas,Caldwell,1070,23,0,29.83668859,-97.61814775,48055.0,2450.531330157567,2.149532710280374,1047,1070,23,0,1047,1064,43247,0,0,0,0,6
2020-08-02,US,Texas,Calhoun,453,3,0,28.47048236,-96.61633945,48057.0,2127.7595115077497,0.6622516556291391,450,453,3,0,450,453,21561,0,0,0,0,0
2020-08-02,US,Texas,Callahan,41,3,0,32.29760619,-99.37326312,48059.0,294.05436419708815,7.317073170731707,38,41,3,0,38,40,13994,0,0,0,0,1
2020-08-02,US,Texas,Cameron,10971,346,0,26.14524221,-97.48140372,48061.0,2592.617974633888,3.153769027435968,10625,10971,346,0,10625,10155,423908,0,0,0,0,816
2020-08-02,US,Texas,Camp,214,4,0,32.97195142,-94.97790104,48063.0,1634.336337253704,1.8691588785046729,210,214,4,0,210,211,13033,0,0,0,0,3
2020-08-02,US,Texas,Carson,13,0,0,35.40365929,-101.35426690000001,48065.0,219.37225784677693,0.0,13,13,0,0,13,13,6005,0,0,0,0,0
2020-08-02,US,Texas,Cass,153,7,0,33.07499881,-94.34646905,48067.0,509.558382734963,4.575163398692809,146,153,7,0,146,149,30119,0,0,0,0,4
2020-08-02,US,Texas,Castro,170,3,0,34.53016752,-102.2617243,48069.0,2257.636122177955,1.7647058823529411,167,170,3,0,167,167,7665,0,0,0,0,3
2020-08-02,US,Texas,Chambers,887,2,0,29.70972016,-94.67154501,48071.0,2023.4048862832767,0.2254791431792559,885,887,2,0,885,870,42454,0,0,0,0,17
2020-08-02,US,Texas,Cherokee,783,4,0,31.837258000000002,-95.16559897,48073.0,1487.2924818599704,0.5108556832694764,779,783,4,0,779,760,52592,0,0,0,0,23
2020-08-02,US,Texas,Childress,34,0,0,34.529304100000004,-100.2077916,48075.0,465.37092800438006,0.0,34,34,0,0,34,33,7291,0,0,0,0,1
2020-08-02,US,Texas,Clay,34,1,0,33.78686685,-98.20771198,48077.0,324.7063317734696,2.9411764705882355,33,34,1,0,33,33,10456,0,0,0,0,1
2020-08-02,US,Texas,Cochran,21,0,0,33.60425307,-102.82844990000001,48079.0,736.0672975814932,0.0,21,21,0,0,21,21,2836,0,0,0,0,0
2020-08-02,US,Texas,Coke,39,1,0,31.88911733,-100.5297533,48081.0,1151.4614703277236,2.5641025641025643,38,39,1,0,38,37,3370,0,0,0,0,2
2020-08-02,US,Texas,Coleman,11,0,0,31.76736834,-99.45240766,48083.0,134.5565749235474,0.0,11,11,0,0,11,12,8397,0,0,0,0,-1
2020-08-02,US,Texas,Collin,6353,72,0,33.18820114,-96.57264368,48085.0,613.9765929276236,1.1333228396033368,6281,6353,72,0,6281,6253,1005146,0,0,0,0,100
2020-08-02,US,Texas,Collingsworth,7,0,0,34.96489496,-100.27001109999999,48087.0,239.72602739726028,0.0,7,7,0,0,7,7,2962,0,0,0,0,0
2020-08-02,US,Texas,Colorado,242,2,0,29.622097999999998,-96.5273805,48089.0,1125.9479830642535,0.8264462809917356,240,242,2,0,240,238,21217,0,0,0,0,4
2020-08-02,US,Texas,Comal,1669,61,0,29.80811278,-98.27647225,48091.0,1068.440358750136,3.6548831635710006,1608,1669,61,0,1608,1662,148373,0,0,0,0,7
2020-08-02,US,Texas,Comanche,230,3,0,31.94854689,-98.55876441,48093.0,1686.8353502016867,1.3043478260869563,227,230,3,0,227,230,13534,0,0,0,0,0
2020-08-02,US,Texas,Concho,26,1,0,31.32635934,-99.86473038,48095.0,953.7784299339693,3.8461538461538463,25,26,1,0,25,24,4276,0,0,0,0,2
2020-08-02,US,Texas,Cooke,200,2,0,33.63979567,-97.21240912,48097.0,484.76622148968664,1.0,198,200,2,0,198,197,40574,0,0,0,0,3
2020-08-02,US,Texas,Coryell,612,5,0,31.39078397,-97.79936155,48099.0,805.782675672473,0.8169934640522876,607,612,5,0,607,603,74808,0,0,0,0,9
2020-08-02,US,Texas,Cottle,14,2,0,34.07783319,-100.27850620000001,48101.0,1001.4306151645208,14.285714285714285,12,14,2,0,12,14,1389,0,0,0,0,0
2020-08-02,US,Texas,Crane,75,2,0,31.43052248,-102.5143314,48103.0,1563.4771732332708,2.6666666666666665,73,75,2,0,73,72,4794,0,0,0,0,3
2020-08-02,US,Texas,Crockett,153,3,0,30.72367027,-101.4134238,48105.0,4416.859122401847,1.96078431372549,150,153,3,0,150,153,3499,0,0,0,0,0
2020-08-02,US,Texas,Crosby,52,1,0,33.61431553,-101.30003640000001,48107.0,906.3970716402299,1.9230769230769231,51,52,1,0,51,52,5779,0,0,0,0,0
2020-08-02,US,Texas,Culberson,15,2,0,31.44506775,-104.5185739,48109.0,690.9258406264395,13.333333333333336,13,15,2,0,13,15,2204,0,0,0,0,0
2020-08-02,US,Texas,Dallam,179,5,0,36.27787176,-102.60207249999999,48111.0,2456.4292575819954,2.793296089385475,174,179,5,0,174,178,7200,0,0,0,0,1
2020-08-02,US,Texas,Dallas,51108,688,0,32.76670599,-96.77796049999999,48113.0,1939.202797478748,1.3461688972372232,50420,50590,681,0,49909,49976,2637772,518,7,0,511,614
2020-08-02,US,Texas,Dawson,137,4,0,32.74255572,-101.94772420000001,48115.0,1076.3670647391575,2.9197080291970803,133,137,4,0,133,133,12619,0,0,0,0,4
2020-08-02,US,Texas,DeWitt,531,15,0,29.08101855,-97.35681170000001,48123.0,2633.928571428572,2.824858757062147,516,531,15,0,516,528,20187,0,0,0,0,3
2020-08-02,US,Texas,Deaf Smith,597,17,0,34.96522957,-102.6054267,48117.0,3219.0229699126508,2.847571189279732,580,597,17,0,580,581,18760,0,0,0,0,16
2020-08-02,US,Texas,Delta,14,0,0,33.38570922,-95.66921122,48119.0,262.61489401613204,0.0,14,14,0,0,14,14,5349,0,0,0,0,0
2020-08-02,US,Texas,Denton,6803,74,0,33.20521901,-97.11691153,48121.0,766.7883594245762,1.0877554020285167,6729,6803,74,0,6729,6681,859064,0,0,0,0,122
2020-08-02,US,Texas,Dickens,4,1,0,33.61616822,-100.7788855,48125.0,180.91361374943463,25.0,3,4,1,0,3,4,2249,0,0,0,0,0
2020-08-02,US,Texas,Dimmit,124,1,0,28.42270064,-99.75645095,48127.0,1224.8123271434215,0.8064516129032258,123,124,1,0,123,121,10308,0,0,0,0,3
2020-08-02,US,Texas,Donley,43,0,0,34.96517499,-100.8140093,48129.0,1311.7754728492982,0.0,43,43,0,0,43,43,3319,0,0,0,0,0
2020-08-02,US,Texas,Duval,150,3,0,27.68184592,-98.50864568,48131.0,1344.447432105405,2.0,147,150,3,0,147,150,11212,0,0,0,0,0
2020-08-02,US,Texas,Eastland,51,1,0,32.32743996,-98.83243566,48133.0,277.77777777777777,1.96078431372549,50,51,1,0,50,52,18322,0,0,0,0,-1
2020-08-02,US,Texas,Ector,3287,49,0,31.86898877,-102.54294279999999,48135.0,1977.4640091924705,1.4907210222087008,3238,3287,49,0,3238,3287,162124,0,0,0,0,0
2020-08-02,US,Texas,Edwards,24,0,0,29.98202582,-100.304252,48137.0,1242.2360248447205,0.0,24,24,0,0,24,24,1928,0,0,0,0,0
2020-08-02,US,Texas,El Paso,14410,248,0,31.76980765,-106.23632749999999,48141.0,1717.0337854100985,1.7210270645385148,14162,14410,248,0,14162,14276,840758,0,0,0,0,134
2020-08-02,US,Texas,Ellis,2472,34,0,32.34894117,-96.79371841,48139.0,1337.4741648902213,1.3754045307443366,2438,2472,34,0,2438,2452,179436,0,0,0,0,20
2020-08-02,US,Texas,Erath,462,5,0,32.23602653,-98.21773417,48143.0,1082.0178931097475,1.0822510822510822,457,462,5,0,457,457,42446,0,0,0,0,5
2020-08-02,US,Texas,Falls,110,2,0,31.25350609,-96.93630086,48145.0,635.9484303636468,1.818181818181818,108,110,2,0,108,109,17335,0,0,0,0,1
2020-08-02,US,Texas,Fannin,214,8,0,33.59564294,-96.10751083,48147.0,602.5792645154024,3.7383177570093458,206,214,8,0,206,214,35286,0,0,0,0,0
2020-08-02,US,Texas,Fayette,367,13,0,29.87788372,-96.92076062,48149.0,1447.9602304111102,3.5422343324250685,354,367,13,0,354,367,25349,0,0,0,0,0
2020-08-02,US,Texas,Fisher,24,1,0,32.74281316,-100.40193020000001,48151.0,626.6318537859007,4.166666666666667,23,24,1,0,23,24,3839,0,0,0,0,0
2020-08-02,US,Texas,Floyd,83,5,0,34.07227468,-101.3031546,48153.0,1453.081232492997,6.024096385542169,78,83,5,0,78,83,5837,0,0,0,0,0
2020-08-02,US,Texas,Foard,2,0,0,33.97308618,-99.7767797,48155.0,173.16017316017312,0.0,2,2,0,0,2,2,1200,0,0,0,0,0
2020-08-02,US,Texas,Fort Bend,7082,145,0,29.52704478,-95.77219463,48157.0,872.5027350410503,2.047444224795256,6937,7082,145,0,6937,7082,787858,0,0,0,0,0
2020-08-02,US,Texas,Franklin,84,1,0,33.17653242,-95.21917243,48159.0,783.2167832167833,1.1904761904761905,83,84,1,0,83,83,10766,0,0,0,0,1
2020-08-02,US,Texas,Freestone,138,0,0,31.70422788,-96.15072516,48161.0,699.9036364558502,0.0,138,138,0,0,138,138,19808,0,0,0,0,0
2020-08-02,US,Texas,Frio,475,5,0,28.86751206,-99.10804207,48163.0,2339.210085688959,1.0526315789473684,470,475,5,0,470,458,19816,0,0,0,0,17
2020-08-02,US,Texas,Gaines,132,0,0,32.74055318,-102.6353295,48165.0,614.1820212171971,0.0,132,132,0,0,132,119,20901,0,0,0,0,13
2020-08-02,US,Texas,Galveston,8721,97,0,29.40167322,-94.90469073,48167.0,2548.9640175484233,1.112257768604518,8624,8721,97,0,8624,8721,337890,0,0,0,0,0
2020-08-02,US,Texas,Garza,97,2,0,33.17969345,-101.2984114,48169.0,1557.2323005297799,2.061855670103093,95,97,2,0,95,96,6578,0,0,0,0,1
2020-08-02,US,Texas,Gillespie,171,4,0,30.31824095,-98.94676915,48171.0,633.6149399733215,2.3391812865497075,167,171,4,0,167,171,26804,0,0,0,0,0
2020-08-02,US,Texas,Glasscock,6,0,0,31.86942909,-101.5207776,48173.0,425.83392476934,0.0,6,6,0,0,6,6,1388,0,0,0,0,0
2020-08-02,US,Texas,Goliad,77,3,0,28.65696592,-97.42760647,48175.0,1005.4844606946983,3.8961038961038965,74,77,3,0,74,77,7584,0,0,0,0,0
2020-08-02,US,Texas,Gonzales,617,7,0,29.45634206,-97.49424032,48177.0,2961.078850122379,1.1345218800648298,610,617,7,0,610,613,20826,0,0,0,0,4
2020-08-02,US,Texas,Gray,183,2,0,35.40081878,-100.8129222,48179.0,836.1509640866307,1.0928961748633879,181,183,2,0,181,179,21895,0,0,0,0,4
2020-08-02,US,Texas,Grayson,1005,11,0,33.62744998,-96.67753461,48181.0,737.8204563474584,1.0945273631840795,994,1005,11,0,994,987,133991,0,0,0,0,18
2020-08-02,US,Texas,Gregg,1313,19,0,32.47940482,-94.81591935,48183.0,1059.3408366614224,1.4470677837014472,1294,1313,19,0,1294,1285,123707,0,0,0,0,28
2020-08-02,US,Texas,Grimes,839,20,0,30.54579585,-95.98902499,48185.0,2905.1246537396123,2.3837902264600714,819,839,20,0,819,838,28360,0,0,0,0,1
2020-08-02,US,Texas,Guadalupe,1597,43,0,29.58165339,-97.94786822,48187.0,957.1643481752743,2.6925485284909203,1554,1597,43,0,1554,1593,163694,0,0,0,0,4
2020-08-02,US,Texas,Hale,1185,22,0,34.07044901,-101.82681140000001,48189.0,3547.266958031492,1.8565400843881856,1163,1185,22,0,1163,1173,33830,0,0,0,0,12
2020-08-02,US,Texas,Hall,8,1,0,34.5307555,-100.68138520000001,48191.0,269.9055330634278,12.5,7,8,1,0,7,8,3028,0,0,0,0,0
2020-08-02,US,Texas,Hamilton,55,2,0,31.70470573,-98.11083887,48193.0,650.0413662687625,3.636363636363636,53,55,2,0,53,55,8484,0,0,0,0,0
2020-08-02,US,Texas,Hansford,59,2,0,36.27743284,-101.3545796,48195.0,1092.7949620300055,3.3898305084745757,57,59,2,0,57,59,5463,0,0,0,0,0
2020-08-02,US,Texas,Hardeman,15,0,0,34.28944521,-99.74632408,48197.0,381.38825324180016,0.0,15,15,0,0,15,15,3922,0,0,0,0,0
2020-08-02,US,Texas,Hardin,811,11,0,30.33364686,-94.38931817,48199.0,1407.9372244019305,1.3563501849568431,800,811,11,0,800,800,57207,0,0,0,0,11
2020-08-02,US,Texas,Harris,76639,761,0,29.86,-95.39,48201.0,1626.0071181172527,0.9929670272315662,75878,74881,749,0,74132,72961,4698619,1758,12,0,1746,1920
2020-08-02,US,Texas,Harrison,620,22,0,32.54935988,-94.36934071,48203.0,931.5883581506469,3.548387096774193,598,620,22,0,598,609,66726,0,0,0,0,11
2020-08-02,US,Texas,Hartley,82,2,0,35.84008013,-102.6029022,48205.0,1470.588235294117,2.4390243902439024,80,82,2,0,80,82,5619,0,0,0,0,0
2020-08-02,US,Texas,Haskell,35,0,0,33.17823584,-99.73037358,48207.0,618.5931424531636,0.0,35,35,0,0,35,34,5813,0,0,0,0,1
2020-08-02,US,Texas,Hays,4297,32,0,30.05669873,-98.02944344,48209.0,1866.710688080768,0.7447056085641145,4265,4297,32,0,4265,4297,222631,0,0,0,0,0
2020-08-02,US,Texas,Hemphill,41,0,0,35.83764858,-100.2703577,48211.0,1073.579471065724,0.0,41,41,0,0,41,41,3825,0,0,0,0,0
2020-08-02,US,Texas,Henderson,577,9,0,32.21128872,-95.85846587,48213.0,697.3905266084097,1.5597920277296362,568,577,9,0,568,570,82299,0,0,0,0,7
2020-08-02,US,Texas,Hidalgo,17006,644,0,26.39418217,-98.18299696,48215.0,1957.6220751070264,3.786898741620605,16362,17006,644,0,16362,17006,865939,0,0,0,0,0
2020-08-02,US,Texas,Hill,308,3,0,31.99045053,-97.13423143,48217.0,840.4049223716879,0.9740259740259741,305,308,3,0,305,306,36354,0,0,0,0,2
2020-08-02,US,Texas,Hockley,181,4,0,33.60771256,-102.3431676,48219.0,786.2386516658702,2.209944751381216,177,181,4,0,177,181,22980,0,0,0,0,0
2020-08-02,US,Texas,Hood,437,8,0,32.42990927,-97.83242024,48221.0,708.920720925328,1.8306636155606408,429,437,8,0,429,425,60537,0,0,0,0,12
2020-08-02,US,Texas,Hopkins,169,1,0,33.14875072,-95.56351139,48223.0,455.722144321001,0.591715976331361,168,169,1,0,168,163,36810,0,0,0,0,6
2020-08-02,US,Texas,Houston,248,6,0,31.31925973,-95.42226208,48225.0,1079.763148728666,2.419354838709677,242,248,6,0,242,241,23169,0,0,0,0,7
2020-08-02,US,Texas,Howard,157,3,0,32.30621324,-101.4356444,48227.0,428.21296094261396,1.9108280254777068,154,157,3,0,154,150,36459,0,0,0,0,7
2020-08-02,US,Texas,Hudspeth,22,2,0,31.45628381,-105.388178,48229.0,450.26606631191163,9.090909090909092,20,22,2,0,20,19,4795,0,0,0,0,3
2020-08-02,US,Texas,Hunt,1049,20,0,33.12351514,-96.08551032,48231.0,1063.9592672982128,1.9065776930409917,1029,1049,20,0,1029,1022,96493,0,0,0,0,27
2020-08-02,US,Texas,Hutchinson,114,2,0,35.84006574,-101.3546643,48233.0,544.464609800363,1.7543859649122806,112,114,2,0,112,111,21198,0,0,0,0,3
2020-08-02,US,Texas,Irion,9,0,0,31.30375559,-100.982439,48235.0,585.9375,0.0,9,9,0,0,9,8,1522,0,0,0,0,1
2020-08-02,US,Texas,Jack,40,0,0,33.23377248,-98.17283469,48237.0,447.6776720761052,0.0,40,40,0,0,40,39,8843,0,0,0,0,1
2020-08-02,US,Texas,Jackson,320,4,0,28.95472367,-96.57749563,48239.0,2168.021680216802,1.25,316,320,4,0,316,319,14874,0,0,0,0,1
2020-08-02,US,Texas,Jasper,291,5,0,30.74685667,-94.02667579,48241.0,819.0492273917082,1.718213058419244,286,291,5,0,286,286,35872,0,0,0,0,5
2020-08-02,US,Texas,Jeff Davis,8,0,0,30.71490589,-104.1399973,48243.0,351.8029903254178,0.0,8,8,0,0,8,8,2252,0,0,0,0,0
2020-08-02,US,Texas,Jefferson,5491,67,0,29.8832777,-94.16434171,48245.0,2182.7360721881023,1.2201784738663266,5424,5491,67,0,5424,5431,255001,0,0,0,0,60
2020-08-02,US,Texas,Jim Hogg,53,1,0,27.04453923,-98.69681870000001,48247.0,1019.2307692307692,1.8867924528301887,52,53,1,0,52,52,5248,0,0,0,0,1
2020-08-02,US,Texas,Jim Wells,591,6,0,27.73103938,-98.0904705,48249.0,1459.9081073069513,1.0152284263959392,585,591,6,0,585,584,40822,0,0,0,0,7
2020-08-02,US,Texas,Johnson,1541,24,0,32.37877812,-97.36615819,48251.0,876.4795213204637,1.5574302401038287,1517,1541,24,0,1517,1499,171361,0,0,0,0,42
2020-08-02,US,Texas,Jones,622,0,0,32.73997145,-99.87861576,48253.0,3097.1468406114623,0.0,622,622,0,0,622,624,19817,0,0,0,0,-2
2020-08-02,US,Texas,Karnes,298,4,0,28.90705334,-97.85960149,48255.0,1910.1339657714248,1.342281879194631,294,298,4,0,294,266,15650,0,0,0,0,32
2020-08-02,US,Texas,Kaufman,1816,19,0,32.599141700000004,-96.28734728,48257.0,1333.7838036341202,1.0462555066079295,1797,1816,19,0,1797,1738,128622,0,0,0,0,78
2020-08-02,US,Texas,Kendall,145,2,0,29.94414155,-98.7113588,48259.0,305.70723788239764,1.3793103448275863,143,145,2,0,143,145,45641,0,0,0,0,0
2020-08-02,US,Texas,Kenedy,6,1,0,26.92601662,-97.66413984,48261.0,1485.148514851485,16.666666666666668,5,6,1,0,5,5,442,0,0,0,0,1
2020-08-02,US,Texas,Kent,2,0,0,33.18104136,-100.7780939,48263.0,262.46719160104993,0.0,2,2,0,0,2,2,726,0,0,0,0,0
2020-08-02,US,Texas,Kerr,348,6,0,30.06040006,-99.34930144,48265.0,661.5969581749049,1.7241379310344829,342,348,6,0,342,348,52405,0,0,0,0,0
2020-08-02,US,Texas,Kimble,13,0,0,30.48678918,-99.74856473,48267.0,299.7463684574591,0.0,13,13,0,0,13,13,4362,0,0,0,0,0
2020-08-02,US,Texas,Kinney,17,0,0,29.34967888,-100.41866379999999,48271.0,463.5942187073902,0.0,17,17,0,0,17,17,3767,0,0,0,0,0
2020-08-02,US,Texas,Kleberg,346,5,0,27.42435506,-97.69894948,48273.0,1127.7705345501954,1.4450867052023122,341,346,5,0,341,341,31129,0,0,0,0,5
2020-08-02,US,Texas,Knox,46,0,0,33.60519951,-99.74229059999999,48275.0,1255.4585152838429,0.0,46,46,0,0,46,44,3653,0,0,0,0,2
2020-08-02,US,Texas,La Salle,357,1,0,28.34453111,-99.09908775,48283.0,4747.340425531916,0.2801120448179272,356,357,1,0,356,357,7531,0,0,0,0,0
2020-08-02,US,Texas,Lamar,620,16,0,33.66981763,-95.57404777,48277.0,1243.5066888625925,2.5806451612903225,604,620,16,0,604,605,49728,0,0,0,0,15
2020-08-02,US,Texas,Lamb,203,7,0,34.06859623,-102.35162890000001,48279.0,1574.4977894981769,3.4482758620689653,196,203,7,0,196,202,13158,0,0,0,0,1
2020-08-02,US,Texas,Lampasas,84,1,0,31.19531316,-98.24206613,48281.0,392.01045361209634,1.1904761904761905,83,84,1,0,83,83,21229,0,0,0,0,1
2020-08-02,US,Texas,Lavaca,593,14,0,29.38508402,-96.93186692,48285.0,2942.3439515728887,2.360876897133221,579,593,14,0,579,593,20110,0,0,0,0,0
2020-08-02,US,Texas,Lee,152,8,0,30.31120597,-96.97045773,48287.0,881.7216775915076,5.2631578947368425,144,152,8,0,144,151,17144,0,0,0,0,1
2020-08-02,US,Texas,Leon,138,1,0,31.29872538,-95.9936328,48289.0,792.9211675476903,0.7246376811594203,137,138,1,0,137,137,17270,0,0,0,0,1
2020-08-02,US,Texas,Liberty,842,25,0,30.15152688,-94.81205615,48291.0,954.4429204593117,2.9691211401425184,817,842,25,0,817,828,86323,0,0,0,0,14
2020-08-02,US,Texas,Limestone,199,3,0,31.5454767,-96.58095444,48293.0,849.0847804753167,1.5075376884422111,196,199,3,0,196,199,23519,0,0,0,0,0
2020-08-02,US,Texas,Lipscomb,15,0,0,36.27783108,-100.27331509999999,48295.0,463.96535725332507,0.0,15,15,0,0,15,15,3355,0,0,0,0,0
2020-08-02,US,Texas,Live Oak,207,1,0,28.35101362,-98.1246786,48297.0,1695.7483411157532,0.4830917874396135,206,207,1,0,206,207,12166,0,0,0,0,0
2020-08-02,US,Texas,Llano,86,1,0,30.70645047,-98.68475262,48299.0,394.5859142005047,1.162790697674419,85,86,1,0,85,86,21646,0,0,0,0,0
2020-08-02,US,Texas,Lubbock,5512,64,0,33.61008596,-101.82047890000001,48303.0,1774.8068867143854,1.161103047895501,5448,5512,64,0,5448,5433,307412,0,0,0,0,79
2020-08-02,US,Texas,Lynn,65,4,0,33.17657705,-101.8162849,48305.0,1092.2534027894471,6.153846153846153,61,65,4,0,61,63,5877,0,0,0,0,2
2020-08-02,US,Texas,Madison,645,2,0,30.96694679,-95.93003775,48313.0,4515.541865023802,0.31007751937984496,643,645,2,0,643,645,14422,0,0,0,0,0
2020-08-02,US,Texas,Marion,123,7,0,32.79868409,-94.35661230000001,48315.0,1248.2240714430686,5.691056910569106,116,123,7,0,116,123,9928,0,0,0,0,0
2020-08-02,US,Texas,Martin,45,3,0,32.30600051,-101.9513518,48317.0,779.7608733321782,6.666666666666668,42,45,3,0,42,45,5753,0,0,0,0,0
2020-08-02,US,Texas,Mason,40,0,0,30.71780434,-99.22629416,48319.0,935.8914365933553,0.0,40,40,0,0,40,39,4280,0,0,0,0,1
2020-08-02,US,Texas,Matagorda,673,21,0,28.81955746,-96.01230294,48321.0,1836.640013099364,3.1203566121842496,652,673,21,0,652,654,36552,0,0,0,0,19
2020-08-02,US,Texas,Maverick,1989,39,0,28.7429195,-100.3157686,48323.0,3387.1462143659955,1.96078431372549,1950,1989,39,0,1950,1989,58485,0,0,0,0,0
2020-08-02,US,Texas,McCulloch,41,1,0,31.1925468,-99.34682807,48307.0,513.5270541082165,2.4390243902439024,40,41,1,0,40,38,7987,0,0,0,0,3
2020-08-02,US,Texas,McLennan,4326,39,0,31.55255453,-97.20217694,48309.0,1685.741340409862,0.9015256588072122,4287,4326,39,0,4287,4263,254607,0,0,0,0,63
2020-08-02,US,Texas,McMullen,8,0,0,28.35251708,-98.56769164,48311.0,1076.7160161507402,0.0,8,8,0,0,8,7,749,0,0,0,0,1
2020-08-02,US,Texas,Medina,594,24,0,29.355730100000002,-99.11030298,48325.0,1151.5198511166252,4.040404040404041,570,594,24,0,570,588,50921,0,0,0,0,6
2020-08-02,US,Texas,Menard,16,0,0,30.88990665,-99.82047940000001,48327.0,748.3629560336763,0.0,16,16,0,0,16,16,2139,0,0,0,0,0
2020-08-02,US,Texas,Midland,2179,42,0,31.86904128,-102.03156820000001,48329.0,1232.2430329352153,1.92748967416246,2137,2179,42,0,2137,2179,172578,0,0,0,0,0
2020-08-02,US,Texas,Milam,306,3,0,30.78581830000001,-96.97718698,48331.0,1232.727712202393,0.9803921568627452,303,306,3,0,303,302,25131,0,0,0,0,4
2020-08-02,US,Texas,Mills,15,0,0,31.49557106,-98.59272068,48333.0,307.8185922429715,0.0,15,15,0,0,15,15,4921,0,0,0,0,0
2020-08-02,US,Texas,Mitchell,52,0,0,32.30623474,-100.9212058,48335.0,608.5430076067877,0.0,52,52,0,0,52,49,8145,0,0,0,0,3
2020-08-02,US,Texas,Montague,57,1,0,33.67521893,-97.72500958,48337.0,287.6173175900697,1.7543859649122806,56,57,1,0,56,54,19596,0,0,0,0,3
2020-08-02,US,Texas,Montgomery,6196,72,0,30.30079133,-95.50572772,48339.0,1020.1007258915593,1.1620400258231116,6124,6196,72,0,6124,6196,590925,0,0,0,0,0
2020-08-02,US,Texas,Moore,1013,12,0,35.83769242,-101.8930281,48341.0,4837.631327602674,1.1846001974333662,1001,1013,12,0,1001,1008,21485,0,0,0,0,5
2020-08-02,US,Texas,Morris,96,1,0,33.11304005,-94.73255695,48343.0,774.9434937035843,1.0416666666666667,95,96,1,0,95,91,12339,0,0,0,0,5
2020-08-02,US,Texas,Motley,4,0,0,34.07408766,-100.77972199999999,48345.0,333.3333333333333,0.0,4,4,0,0,4,4,1234,0,0,0,0,0
2020-08-02,US,Texas,Nacogdoches,1023,36,0,31.62017125,-94.61803994,48347.0,1568.922152015214,3.5190615835777126,987,1023,36,0,987,1010,65711,0,0,0,0,13
2020-08-02,US,Texas,Navarro,767,8,0,32.04620681,-96.47428766,48349.0,1530.5409773910958,1.0430247718383312,759,767,8,0,759,763,49565,0,0,0,0,4
2020-08-02,US,Texas,Newton,86,4,0,30.78548982,-93.74408813,48351.0,632.5855093784479,4.651162790697675,82,86,4,0,82,83,13746,0,0,0,0,3
2020-08-02,US,Texas,Nolan,131,3,0,32.30365282,-100.4060208,48353.0,890.3085496805763,2.2900763358778624,128,131,3,0,128,129,14751,0,0,0,0,2
2020-08-02,US,Texas,Nueces,12478,182,0,27.736286,-97.5433285,48355.0,3444.1641318928832,1.458567078057381,12296,12301,176,0,12125,12301,362265,177,6,0,171,0
2020-08-02,US,Texas,Ochiltree,84,2,0,36.27829105,-100.8158184,48357.0,854.0056933712891,2.380952380952381,82,84,2,0,82,82,9947,0,0,0,0,2
2020-08-02,US,Texas,Oldham,13,1,0,35.40425596,-102.6027606,48359.0,615.530303030303,7.6923076923076925,12,13,1,0,12,13,2131,0,0,0,0,0
2020-08-02,US,Texas,Orange,1021,16,0,30.11879481,-93.89412775,48361.0,1224.279341934865,1.5670910871694417,1005,1021,16,0,1005,999,83572,0,0,0,0,22
2020-08-02,US,Texas,Palo Pinto,194,6,0,32.75310985,-98.31319001,48363.0,664.6339374421873,3.0927835051546397,188,194,6,0,188,192,28875,0,0,0,0,2
2020-08-02,US,Texas,Panola,269,17,0,32.163959600000005,-94.30552481,48365.0,1159.7827024230405,6.319702602230484,252,269,17,0,252,269,23148,0,0,0,0,0
2020-08-02,US,Texas,Parker,1070,12,0,32.77757172,-97.80500621,48367.0,748.8906619633533,1.1214953271028036,1058,1070,12,0,1058,1057,138371,0,0,0,0,13
2020-08-02,US,Texas,Parmer,311,7,0,34.52993409,-102.78446679999999,48369.0,3237.8969286829774,2.2508038585209005,304,311,7,0,304,312,9864,0,0,0,0,-1
2020-08-02,US,Texas,Pecos,209,1,0,30.78097267,-102.72412609999999,48371.0,1320.8620362763068,0.4784688995215311,208,209,1,0,208,208,15673,0,0,0,0,1
2020-08-02,US,Texas,Polk,659,9,0,30.79472531,-94.82766240000001,48373.0,1283.274589605281,1.3657056145675266,650,659,9,0,650,656,50031,0,0,0,0,3
2020-08-02,US,Texas,Potter,3505,39,0,35.40133773,-101.893964,48375.0,2985.1381850700513,1.1126961483594864,3466,3505,39,0,3466,3481,119648,0,0,0,0,24
2020-08-02,US,Texas,Presidio,44,0,0,29.99954402,-104.24080790000001,48377.0,656.3245823389021,0.0,44,44,0,0,44,41,6948,0,0,0,0,3
2020-08-02,US,Texas,Rains,45,1,0,32.87109387,-95.79232691,48379.0,359.59725107879166,2.2222222222222223,44,45,1,0,44,45,12159,0,0,0,0,0
2020-08-02,US,Texas,Randall,1586,17,0,34.96585996,-101.8971322,48381.0,1151.670503147851,1.0718789407313998,1569,1586,17,0,1569,1558,136271,0,0,0,0,28
2020-08-02,US,Texas,Reagan,58,3,0,31.36607041,-101.52326590000001,48383.0,1506.8849051701739,5.172413793103448,55,58,3,0,55,55,3741,0,0,0,0,3
2020-08-02,US,Texas,Real,76,0,0,29.83321503,-99.82018052,48385.0,2201.62224797219,0.0,76,76,0,0,76,76,3478,0,0,0,0,0
2020-08-02,US,Texas,Red River,134,11,0,33.61886692,-95.04841765,48387.0,1114.5304832404559,8.208955223880597,123,134,11,0,123,134,12175,0,0,0,0,0
2020-08-02,US,Texas,Reeves,135,3,0,31.32323325,-103.69038959999999,48389.0,845.0175262894342,2.2222222222222223,132,135,3,0,132,129,15695,0,0,0,0,6
2020-08-02,US,Texas,Refugio,195,0,0,28.323897600000002,-97.15766311,48391.0,2806.563039723661,0.0,195,195,0,0,195,183,7032,0,0,0,0,12
2020-08-02,US,Texas,Roberts,7,0,0,35.83809685,-100.813175,48393.0,819.672131147541,0.0,7,7,0,0,7,6,903,0,0,0,0,1
2020-08-02,US,Texas,Robertson,214,1,0,31.02539637,-96.51272246,48395.0,1253.3676935691694,0.4672897196261682,213,214,1,0,213,212,17284,0,0,0,0,2
2020-08-02,US,Texas,Rockwall,720,17,0,32.89779518,-96.40771592,48397.0,686.2698374874899,2.3611111111111107,703,720,17,0,703,725,100657,0,0,0,0,-5
2020-08-02,US,Texas,Runnels,107,1,0,31.8314342,-99.97616148,48399.0,1042.4785658612627,0.9345794392523364,106,107,1,0,106,105,10234,0,0,0,0,2
2020-08-02,US,Texas,Rusk,332,2,0,32.10773545,-94.76176432,48401.0,610.2268132191302,0.6024096385542169,330,332,2,0,330,323,54450,0,0,0,0,9
2020-08-02,US,Texas,Sabine,44,6,0,31.34318809,-93.85440451,48403.0,417.37810662113446,13.636363636363635,38,44,6,0,38,39,10589,0,0,0,0,5
2020-08-02,US,Texas,San Augustine,155,11,0,31.39457611,-94.17000399,48405.0,1881.7530654364448,7.096774193548387,144,155,11,0,144,153,8232,0,0,0,0,2
2020-08-02,US,Texas,San Jacinto,145,8,0,30.57933681,-95.16260304,48407.0,502.442912089816,5.517241379310344,137,145,8,0,137,143,28719,0,0,0,0,2
2020-08-02,US,Texas,San Patricio,797,16,0,28.00880118,-97.51763891,48409.0,1194.365352914731,2.0075282308657467,781,797,16,0,781,768,66893,0,0,0,0,29
2020-08-02,US,Texas,San Saba,22,0,0,31.1577796,-98.81758731,48411.0,363.3360858794385,0.0,22,22,0,0,22,21,6054,0,0,0,0,1
2020-08-02,US,Texas,Schleicher,35,1,0,30.89740592,-100.5384842,48413.0,1253.1328320802004,2.8571428571428568,34,35,1,0,34,34,2895,0,0,0,0,1
2020-08-02,US,Texas,Scurry,433,1,0,32.74613808,-100.91626640000001,48415.0,2592.348679877867,0.2309468822170901,432,433,1,0,432,433,16866,0,0,0,0,0
2020-08-02,US,Texas,Shackelford,17,0,0,32.73587756,-99.35401337,48417.0,520.6738131699847,0.0,17,17,0,0,17,17,3253,0,0,0,0,0
2020-08-02,US,Texas,Shelby,379,16,0,31.79211404,-94.14550696,48419.0,1499.5647701194903,4.221635883905013,363,379,16,0,363,376,25418,0,0,0,0,3
2020-08-02,US,Texas,Sherman,37,0,0,36.27751473,-101.8933156,48421.0,1224.3547319655854,0.0,37,37,0,0,37,37,3079,0,0,0,0,0
2020-08-02,US,Texas,Smith,2309,17,0,32.37474036,-95.27175679999999,48423.0,992.0472951781088,0.7362494586401039,2292,2309,17,0,2292,2292,230221,0,0,0,0,17
2020-08-02,US,Texas,Somervell,58,0,0,32.22236802,-97.77403489,48425.0,635.407537248028,0.0,58,58,0,0,58,56,9016,0,0,0,0,2
2020-08-02,US,Texas,Starr,1806,50,0,26.56150059,-98.73892358,48427.0,2794.2382374328904,2.768549280177187,1756,1806,50,0,1756,1792,64525,0,0,0,0,14
2020-08-02,US,Texas,Stephens,29,2,0,32.73553157,-98.83631615,48429.0,309.6305786888746,6.896551724137932,27,29,2,0,27,29,9433,0,0,0,0,0
2020-08-02,US,Texas,Sterling,1,0,0,31.82781912,-101.05007459999999,48431.0,77.45933384972889,0.0,1,1,0,0,1,1,1311,0,0,0,0,0
2020-08-02,US,Texas,Stonewall,4,0,0,33.17906744,-100.25384009999999,48433.0,296.2962962962963,0.0,4,4,0,0,4,4,1362,0,0,0,0,0
2020-08-02,US,Texas,Sutton,58,1,0,30.49856623,-100.5382014,48435.0,1536.0169491525423,1.7241379310344829,57,58,1,0,57,58,3758,0,0,0,0,0
2020-08-02,US,Texas,Swisher,75,2,0,34.53028891,-101.73491740000001,48437.0,1013.9245640124376,2.6666666666666665,73,75,2,0,73,75,7462,0,0,0,0,0
2020-08-02,US,Texas,Tarrant,29054,391,0,32.77143818,-97.29101614,48439.0,1381.8688570592838,1.3457699456185035,28663,28410,378,0,28032,27823,2084931,644,13,0,631,587
2020-08-02,US,Texas,Taylor,1082,19,0,32.30163422,-99.89007449,48441.0,783.8648448932872,1.7560073937153418,1063,1082,19,0,1063,1077,137640,0,0,0,0,5
2020-08-02,US,Texas,Terrell,2,0,0,30.22429013,-102.0766732,48443.0,257.73195876288656,0.0,2,2,0,0,2,2,823,0,0,0,0,0
2020-08-02,US,Texas,Terry,116,1,0,33.17402785,-102.3354521,48445.0,940.2610034854505,0.8620689655172413,115,116,1,0,115,110,12287,0,0,0,0,6
2020-08-02,US,Texas,Throckmorton,4,0,0,33.17751417,-99.21226795,48447.0,266.4890073284477,0.0,4,4,0,0,4,3,1515,0,0,0,0,1
2020-08-02,US,Texas,Titus,1289,14,0,33.21339719,-94.96797273,48449.0,3935.877862595421,1.0861132660977502,1275,1289,14,0,1275,1289,33033,0,0,0,0,0
2020-08-02,US,Texas,Tom Green,2374,24,0,31.40464436,-100.46244300000001,48451.0,1991.6107382550333,1.0109519797809603,2350,2343,24,0,2319,2310,118189,31,0,0,31,33
2020-08-02,US,Texas,Travis,20745,234,0,30.33432034,-97.78535620000001,48453.0,1628.3947458071484,1.1279826464208242,20511,20745,234,0,20511,20465,1248743,0,0,0,0,280
2020-08-02,US,Texas,Trinity,135,2,0,31.0879489,-95.1367187,48455.0,921.4388096375676,1.4814814814814814,133,135,2,0,133,129,14740,0,0,0,0,6
2020-08-02,US,Texas,Tyler,115,1,0,30.77031716,-94.37690895,48457.0,530.6386120339608,0.8695652173913043,114,115,1,0,114,112,21696,0,0,0,0,3
2020-08-02,US,Texas,Unassigned,0,113,0,0.0,0.0,90048.0,0.0,0.0,-113,0,137,0,-137,0,,0,-24,0,24,0
2020-08-02,US,Texas,Upshur,191,2,0,32.73706798,-94.93999853,48459.0,457.45215912629027,1.0471204188481675,189,191,2,0,189,188,41260,0,0,0,0,3
2020-08-02,US,Texas,Upton,16,1,0,31.36868194,-102.0423217,48461.0,437.5170905113481,6.25,15,16,1,0,15,15,3671,0,0,0,0,1
2020-08-02,US,Texas,Uvalde,482,7,0,29.35739637,-99.76229172,48463.0,1802.4755992670432,1.4522821576763485,475,482,7,0,475,471,26846,0,0,0,0,11
2020-08-02,US,Texas,Val Verde,1507,49,0,29.89149232,-101.1525205,48465.0,3073.941866394697,3.2514930325149303,1458,1507,49,0,1458,1396,49208,0,0,0,0,111
2020-08-02,US,Texas,Van Zandt,332,3,0,32.56483801,-95.83766469,48467.0,586.6760911821876,0.9036144578313252,329,332,3,0,329,328,56019,0,0,0,0,4
2020-08-02,US,Texas,Victoria,3203,28,0,28.79780988,-96.96813006,48469.0,3478.3458581295345,0.8741804558226662,3175,3203,28,0,3175,3203,92035,0,0,0,0,0
2020-08-02,US,Texas,Walker,2814,38,0,30.73872995,-95.57440968,48471.0,3856.326485864248,1.3503909026297083,2776,2814,38,0,2776,2792,72480,0,0,0,0,22
2020-08-02,US,Texas,Waller,399,3,0,30.01058447,-95.99011759,48473.0,722.2242334286645,0.7518796992481203,396,399,3,0,396,393,53126,0,0,0,0,6
2020-08-02,US,Texas,Ward,83,1,0,31.50999644,-103.09279090000001,48475.0,691.7819636606102,1.2048192771084338,82,83,1,0,82,83,11720,0,0,0,0,0
2020-08-02,US,Texas,Washington,477,38,0,30.21498498,-96.40946246,48477.0,1329.3573379410288,7.966457023060798,439,477,38,0,439,465,35108,0,0,0,0,12
2020-08-02,US,Texas,Webb,6131,77,0,27.7610369,-99.33237355,48479.0,2216.1415785897084,1.2559125754363072,6054,6131,77,0,6054,5878,275910,0,0,0,0,253
2020-08-02,US,Texas,Wharton,624,21,0,29.27765923,-96.22319248,48481.0,1501.5882183078256,3.3653846153846154,603,624,21,0,603,610,41619,0,0,0,0,14
2020-08-02,US,Texas,Wheeler,31,0,0,35.40114335,-100.26995140000001,48483.0,613.132911392405,0.0,31,31,0,0,31,31,5191,0,0,0,0,0
2020-08-02,US,Texas,Wichita,902,9,0,33.98842886,-98.70410340000001,48485.0,682.1447477879452,0.9977827050997784,893,902,10,0,892,902,132064,0,-1,0,1,0
2020-08-02,US,Texas,Wilbarger,50,1,0,34.07945812,-99.24178437,48487.0,391.57334168689795,2.0,49,50,1,0,49,49,12820,0,0,0,0,1
2020-08-02,US,Texas,Willacy,586,18,0,26.47411727,-97.61535848,48489.0,2743.702593875831,3.0716723549488054,568,586,18,0,568,580,21515,0,0,0,0,6
2020-08-02,US,Texas,Williamson,5715,79,0,30.64655664,-97.60048540000001,48491.0,967.7402967736908,1.3823272090988628,5636,5715,79,0,5636,5715,566719,0,0,0,0,0
2020-08-02,US,Texas,Wilson,414,16,0,29.1732598,-98.08693082,48493.0,810.6520462110827,3.864734299516908,398,414,16,0,398,414,50224,0,0,0,0,0
2020-08-02,US,Texas,Winkler,68,1,0,31.85008651,-103.04851629999999,48495.0,848.9388264669162,1.4705882352941178,67,68,1,0,67,66,7720,0,0,0,0,2
2020-08-02,US,Texas,Wise,311,5,0,33.21570665,-97.65460265,48497.0,444.3872885230909,1.6077170418006432,306,311,5,0,306,309,68305,0,0,0,0,2
2020-08-02,US,Texas,Wood,291,5,0,32.78722382,-95.38236368,48499.0,639.0127143766881,1.718213058419244,286,291,5,0,286,284,45129,0,0,0,0,7
2020-08-02,US,Texas,Yoakum,85,1,0,33.17320212,-102.82764329999999,48501.0,975.5537702283943,1.1764705882352942,84,85,1,0,84,77,8591,0,0,0,0,8
2020-08-02,US,Texas,Young,139,4,0,33.17659707,-98.68790885,48503.0,771.7934480843976,2.8776978417266186,135,139,4,0,135,133,18045,0,0,0,0,6
2020-08-02,US,Texas,Zapata,156,2,0,27.00156391,-99.16987152,48505.0,1100.2186331899288,1.2820512820512822,154,156,2,0,154,156,14190,0,0,0,0,0
2020-08-02,US,Texas,Zavala,175,5,0,28.86617238,-99.76050829,48507.0,1478.0405405405404,2.8571428571428568,170,175,5,0,170,170,11983,0,0,0,0,5
2020-08-02,US,Utah,Bear River,2184,6,0,41.52106798,-113.0832816,0.0,1169.052232654241,0.27472527472527475,2178,2169,6,0,2163,2152,,15,0,0,15,17
2020-08-02,US,Utah,Central Utah,381,2,0,39.37231946,-111.5758676,0.0,464.89494106449956,0.5249343832020997,379,376,2,0,374,369,,5,0,0,5,7
2020-08-02,US,Utah,Davis,3008,14,0,40.99001837,-112.1139997,49011.0,846.1774328304466,0.4654255319148936,2994,2953,13,0,2940,2909,351713,55,1,0,54,44
2020-08-02,US,Utah,Salt Lake,19408,176,0,40.66616532,-111.9216011,49035.0,1672.4733871808637,0.9068425391591096,19232,19237,176,0,19061,19036,1152633,171,0,0,171,201
2020-08-02,US,Utah,San Juan,623,24,0,37.62762978,-109.80337140000002,49037.0,4069.767441860465,3.8523274478330665,599,622,24,0,598,613,15449,1,0,0,1,9
2020-08-02,US,Utah,Southeast Utah,88,0,0,38.99617072,-110.7013958,0.0,218.74766959158816,0.0,88,87,0,0,87,83,,1,0,0,1,4
2020-08-02,US,Utah,Southwest Utah,2983,24,0,37.85447192,-111.4418764,0.0,1183.5329032462844,0.8045591686221925,2959,2940,24,0,2916,2901,,43,0,0,43,39
2020-08-02,US,Utah,Summit,695,1,0,40.86688146,-110.9535882,49043.0,1649.0686914224698,0.14388489208633093,694,689,1,0,688,687,41933,6,0,0,6,2
2020-08-02,US,Utah,Tooele,537,0,0,40.44862644,-113.1295715,49045.0,743.1600215890062,0.0,537,532,0,0,532,527,69907,5,0,0,5,5
2020-08-02,US,Utah,TriCounty,164,0,0,40.12491499,-109.5174415,0.0,289.6400692310408,0.0,164,162,0,0,162,153,,2,0,0,2,9
2020-08-02,US,Utah,Utah,7949,35,0,40.1166722,-111.6657662,49049.0,1249.3811248988188,0.4403069568499182,7914,7808,35,0,7773,7688,622213,141,0,0,141,120
2020-08-02,US,Utah,Wasatch,531,4,0,40.33110236,-111.1691419,49051.0,1557.5958464110763,0.7532956685499058,527,525,4,0,521,525,33240,6,0,0,6,0
2020-08-02,US,Utah,Weber-Morgan,2624,25,0,41.27116049,-111.9145117,0.0,963.512119175874,0.9527439024390244,2599,2602,25,0,2577,2553,,22,0,0,22,49
2020-08-02,US,Vermont,Addison,72,2,0,44.03217337,-73.14130877,50001.0,195.77453299616607,2.7777777777777777,70,72,2,0,70,71,36973,0,0,0,0,1
2020-08-02,US,Vermont,Bennington,84,1,0,43.03519828,-73.09048868,50003.0,236.8198477586693,1.1904761904761905,83,84,1,0,83,83,35631,0,0,0,0,1
2020-08-02,US,Vermont,Caledonia,26,0,0,44.46548598,-72.10314651,50005.0,86.68689360850867,0.0,26,26,0,0,26,26,30302,0,0,0,0,0
2020-08-02,US,Vermont,Chittenden,720,39,0,44.46322849,-73.08359212,50007.0,439.6302221353817,5.416666666666668,681,717,39,0,678,715,164572,3,0,0,3,2
2020-08-02,US,Vermont,Essex,4,0,0,44.72736416,-71.73579864,50009.0,64.9034561090378,0.0,4,4,0,0,4,4,6250,0,0,0,0,0
2020-08-02,US,Vermont,Franklin,117,6,0,44.85627605,-72.91249563,50011.0,236.8325169021497,5.128205128205129,111,117,6,0,111,117,49421,0,0,0,0,0
2020-08-02,US,Vermont,Grand Isle,13,0,0,44.797582399999996,-73.29679772,50013.0,179.68210089841045,0.0,13,13,0,0,13,13,7090,0,0,0,0,0
2020-08-02,US,Vermont,Lamoille,42,1,0,44.60353043,-72.64356694,50015.0,165.60208185474332,2.380952380952381,41,42,1,0,41,42,25300,0,0,0,0,0
2020-08-02,US,Vermont,Orange,16,0,0,44.00470222,-72.37640104,50017.0,55.37865152983525,0.0,16,16,0,0,16,15,28999,0,0,0,0,1
2020-08-02,US,Vermont,Orleans,14,0,0,44.82964024,-72.24562697,50019.0,51.78089285053815,0.0,14,14,0,0,14,14,26907,0,0,0,0,0
2020-08-02,US,Vermont,Rutland,89,1,0,43.57723578,-73.03741676,50021.0,152.94461342819338,1.1235955056179776,88,89,1,0,88,89,58672,0,0,0,0,0
2020-08-02,US,Vermont,Unassigned,8,0,0,0.0,0.0,90050.0,0.0,0.0,8,8,0,0,8,7,,0,0,0,0,1
2020-08-02,US,Vermont,Washington,49,2,0,44.27343241,-72.61604978,50023.0,83.89118115358934,4.081632653061225,47,47,2,0,45,47,58140,2,0,0,2,0
2020-08-02,US,Vermont,Windham,101,3,0,42.986982,-72.71268875,50025.0,239.211785325186,2.9702970297029703,98,101,3,0,98,101,42756,0,0,0,0,0
2020-08-02,US,Vermont,Windsor,71,2,0,43.58010937,-72.58595157,50027.0,128.94555228651342,2.8169014084507036,69,71,2,0,69,70,55286,0,0,0,0,1
2020-08-02,US,Virginia,Accomack,1079,15,0,37.76707161,-75.63234615,51001.0,3338.9033296200023,1.3901760889712698,1064,1077,15,0,1062,1074,32412,2,0,0,2,3
2020-08-02,US,Virginia,Albemarle,758,12,0,38.02080697,-78.55481085,51003.0,693.3138205433094,1.5831134564643798,746,741,12,0,729,735,108718,17,0,0,17,6
2020-08-02,US,Virginia,Alexandria,2820,59,0,38.814003,-77.08183073,51510.0,1768.8235441704091,2.092198581560284,2761,2811,59,0,2752,2798,160530,9,0,0,9,13
2020-08-02,US,Virginia,Alleghany,56,3,0,37.78636074,-80.00222498,51005.0,376.8506056527591,5.357142857142857,53,56,3,0,53,56,14910,0,0,0,0,0
2020-08-02,US,Virginia,Amelia,73,1,0,37.34081025,-77.98584649,51007.0,555.3442373526055,1.3698630136986298,72,73,1,0,72,72,13013,0,0,0,0,1
2020-08-02,US,Virginia,Amherst,114,0,0,37.60308293,-79.14548696,51009.0,360.70242050308497,0.0,114,108,0,0,108,105,31666,6,0,0,6,3
2020-08-02,US,Virginia,Appomattox,70,0,0,37.37569884,-78.81340003,51011.0,439.9472063352398,0.0,70,68,0,0,68,68,15841,2,0,0,2,0
2020-08-02,US,Virginia,Arlington,2925,136,0,38.8767675,-77.10139853,51013.0,1235.000548889133,4.64957264957265,2789,2906,136,0,2770,2897,237521,19,0,0,19,9
2020-08-02,US,Virginia,Augusta,252,4,0,38.16404586,-79.12461614,51015.0,333.51862145636466,1.5873015873015872,248,251,4,0,247,249,75457,1,0,0,1,2
2020-08-02,US,Virginia,Bath,4,0,0,38.05852573,-79.73912095,51017.0,96.45526886906195,0.0,4,4,0,0,4,4,4292,0,0,0,0,0
2020-08-02,US,Virginia,Bedford,299,6,0,37.3080028,-79.5281964,51019.0,378.49538590073035,2.0066889632107023,293,293,6,0,287,286,78747,6,0,0,6,7
2020-08-02,US,Virginia,Bland,7,0,0,37.13128068,-81.13599391,51021.0,111.46496815286623,0.0,7,7,0,0,7,7,6293,0,0,0,0,0
2020-08-02,US,Virginia,Botetourt,188,7,0,37.55531756,-79.80982182,51023.0,562.5542356144708,3.723404255319149,181,185,7,0,178,185,33277,3,0,0,3,0
2020-08-02,US,Virginia,Bristol,63,0,0,36.616302399999995,-82.16359122,51520.0,375.85013721512945,0.0,63,59,0,0,59,57,16482,4,0,0,4,2
2020-08-02,US,Virginia,Brunswick,205,1,0,36.76366949,-77.8593436,51025.0,1263.015217793112,0.4878048780487805,204,204,1,0,203,197,16384,1,0,0,1,7
2020-08-02,US,Virginia,Buchanan,71,0,0,37.26818323,-82.03749726,51027.0,338.03085126642543,0.0,71,71,0,0,71,71,21221,0,0,0,0,0
2020-08-02,US,Virginia,Buckingham,596,6,0,37.57242268,-78.52518834,51029.0,3475.623979472825,1.0067114093959733,590,594,6,0,588,593,16999,2,0,0,2,1
2020-08-02,US,Virginia,Buena Vista,48,0,0,37.73484642,-79.35296097,51530.0,740.9694350108058,0.0,48,47,0,0,47,47,6237,1,0,0,1,0
2020-08-02,US,Virginia,Campbell,151,2,0,37.20553386,-79.09678609,51031.0,275.1207069326774,1.3245033112582782,149,149,2,0,147,144,54973,2,0,0,2,5
2020-08-02,US,Virginia,Caroline,191,4,0,38.02679129,-77.34901405,51033.0,621.6436126932465,2.094240837696335,187,190,4,0,186,183,30772,1,0,0,1,7
2020-08-02,US,Virginia,Carroll,311,14,0,36.73066666,-80.73455942,51035.0,1043.9394447987647,4.501607717041801,297,308,14,0,294,307,29636,3,0,0,3,1
2020-08-02,US,Virginia,Charles City,50,5,0,37.35358063,-77.05634116,51036.0,718.0812868016658,10.0,45,50,5,0,45,49,6941,0,0,0,0,1
2020-08-02,US,Virginia,Charlotte,49,0,0,37.01909701,-78.66314092,51037.0,412.4579124579125,0.0,49,49,0,0,49,50,11938,0,0,0,0,-1
2020-08-02,US,Virginia,Charlottesville,479,13,0,38.03527919,-78.48569588,51540.0,1013.4134472982694,2.7139874739039667,466,471,13,0,458,466,48117,8,0,0,8,5
2020-08-02,US,Virginia,Chesapeake,2538,29,0,36.67670048,-76.30545744,51550.0,1036.616496824392,1.1426319936958236,2509,2462,29,0,2433,2450,242634,76,0,0,76,12
2020-08-02,US,Virginia,Chesterfield,4020,75,0,37.37373208,-77.58680140000001,51041.0,1139.4493228496435,1.8656716417910448,3945,3968,75,0,3893,3937,348556,52,0,0,52,31
2020-08-02,US,Virginia,Clarke,69,0,0,39.11271747,-77.99199425,51043.0,471.9885081058896,0.0,69,69,0,0,69,69,14523,0,0,0,0,0
2020-08-02,US,Virginia,Colonial Heights,184,21,0,37.26420587,-77.39609676,51570.0,1059.2976396085203,11.41304347826087,163,181,21,0,160,178,17833,3,0,0,3,3
2020-08-02,US,Virginia,Covington,12,0,0,37.7824656,-79.98631446,51580.0,216.68472372697724,0.0,12,12,0,0,12,12,5460,0,0,0,0,0
2020-08-02,US,Virginia,Craig,16,0,0,37.48133648,-80.21072274,51045.0,311.8300526213214,0.0,16,16,0,0,16,15,5064,0,0,0,0,1
2020-08-02,US,Virginia,Culpeper,951,12,0,38.48199985,-77.95630870000002,51047.0,1807.8129455374967,1.2618296529968454,939,946,12,0,934,942,51859,5,0,0,5,4
2020-08-02,US,Virginia,Cumberland,68,0,0,37.51328851,-78.24398086,51049.0,684.655658477648,0.0,68,65,0,0,65,65,9809,3,0,0,3,0
2020-08-02,US,Virginia,Danville,330,7,0,36.58022376,-79.40395668,51590.0,824.0934971531316,2.121212121212121,323,314,7,0,307,300,40693,16,0,0,16,14
2020-08-02,US,Virginia,Dickenson,24,0,0,37.12560977,-82.35124171,51051.0,167.62117614191925,0.0,24,23,0,0,23,22,14523,1,0,0,1,1
2020-08-02,US,Virginia,Dinwiddie,200,6,0,37.07544585,-77.63451754,51053.0,700.6726457399103,3.0,194,198,6,0,192,197,28529,2,0,0,2,1
2020-08-02,US,Virginia,Emporia,165,15,0,36.69455571,-77.53406129,51595.0,3086.41975308642,9.090909090909092,150,165,15,0,150,163,5121,0,0,0,0,2
2020-08-02,US,Virginia,Essex,77,1,0,37.93357639,-76.94230311,51057.0,703.003743266685,1.2987012987012987,76,76,1,0,75,75,10919,1,0,0,1,1
2020-08-02,US,Virginia,Fairfax,15768,523,0,38.83677558,-77.27565836,51059.0,1374.0793285067434,3.316844241501776,15245,15689,522,0,15167,15616,1150795,79,1,0,78,73
2020-08-02,US,Virginia,Fairfax,15768,523,0,38.83677558,-77.27565836,51059.0,1374.0793285067434,3.316844241501776,15245,15689,522,0,15167,15616,24574,79,1,0,78,73
2020-08-02,US,Virginia,Fairfax City,81,7,0,38.85157547,-77.29779640000002,51600.0,337.2330238561139,8.641975308641975,74,80,7,0,73,79,24574,1,0,0,1,1
2020-08-02,US,Virginia,Falls Church,59,6,0,38.88485255,-77.17560759,51610.0,403.639597728672,10.169491525423727,53,59,6,0,53,60,14772,0,0,0,0,-1
2020-08-02,US,Virginia,Fauquier,574,8,0,38.73564842,-77.80647472,51061.0,805.9307517340147,1.3937282229965158,566,572,8,0,564,571,70675,2,0,0,2,1
2020-08-02,US,Virginia,Floyd,37,1,0,36.9302126,-80.36738849,51063.0,234.93555146358503,2.702702702702702,36,33,1,0,32,32,15795,4,0,0,4,1
2020-08-02,US,Virginia,Fluvanna,174,8,0,37.84157909,-78.27715475,51065.0,638.0638063806381,4.597701149425287,166,173,8,0,165,173,26783,1,0,0,1,0
2020-08-02,US,Virginia,Franklin,160,1,0,36.99536167,-79.88023649,51067.0,285.50016059384035,0.625,159,156,1,0,155,151,56195,4,0,0,4,5
2020-08-02,US,Virginia,Franklin,160,1,0,36.99536167,-79.88023649,51067.0,285.50016059384035,0.625,159,156,1,0,155,151,8013,4,0,0,4,5
2020-08-02,US,Virginia,Franklin City,126,6,0,36.6831435,-76.93859681,51620.0,1581.5237856156643,4.761904761904762,120,120,6,0,114,119,8013,6,0,0,6,1
2020-08-02,US,Virginia,Frederick,663,9,0,39.20172582,-78.25974949,51069.0,742.3331429915017,1.3574660633484164,654,661,9,0,652,651,88355,2,0,0,2,10
2020-08-02,US,Virginia,Fredericksburg,358,2,0,38.2977863,-77.4922454,51630.0,1232.9521972723514,0.5586592178770949,356,356,2,0,354,348,29144,2,0,0,2,8
2020-08-02,US,Virginia,Galax,331,22,0,36.66601852,-80.91703124,51640.0,5215.062234126359,6.646525679758308,309,331,21,0,310,331,6423,0,1,0,-1,0
2020-08-02,US,Virginia,Giles,23,0,0,37.31234791,-80.70636931,51071.0,137.55980861244018,0.0,23,23,0,0,23,23,16844,0,0,0,0,0
2020-08-02,US,Virginia,Gloucester,145,2,0,37.40809042,-76.53524337,51073.0,388.2403341544393,1.3793103448275863,143,143,2,0,141,141,37349,2,0,0,2,2
2020-08-02,US,Virginia,Goochland,151,7,0,37.71714806,-77.90381514,51075.0,635.7091735780742,4.635761589403972,144,151,7,0,144,150,23244,0,0,0,0,1
2020-08-02,US,Virginia,Grayson,130,4,0,36.65677234,-81.23215889,51077.0,836.0128617363347,3.0769230769230766,126,129,4,0,125,128,15631,1,0,0,1,1
2020-08-02,US,Virginia,Greene,138,2,0,38.29545894,-78.46525378,51079.0,696.3015288359655,1.4492753623188406,136,137,2,0,135,134,19779,1,0,0,1,3
2020-08-02,US,Virginia,Greensville,425,9,0,36.67878901,-77.56351439,51081.0,3749.117854622442,2.117647058823529,416,420,9,0,411,417,11627,5,0,0,5,3
2020-08-02,US,Virginia,Halifax,137,1,0,36.76654925,-78.93512622,51083.0,403.998702485919,0.7299270072992701,136,135,1,0,134,130,34120,2,0,0,2,5
2020-08-02,US,Virginia,Hampton,1048,5,0,37.03513786,-76.35879121,51650.0,779.1242286818823,0.4770992366412214,1043,1009,5,0,1004,1007,134313,39,0,0,39,2
2020-08-02,US,Virginia,Hanover,590,31,0,37.7583355,-77.49464673,51085.0,547.482508397825,5.2542372881355925,559,588,31,0,557,584,107239,2,0,0,2,4
2020-08-02,US,Virginia,Harrisonburg,1048,29,0,38.43542574,-78.87536254,51660.0,1976.7617323072282,2.767175572519084,1019,1045,29,0,1016,1039,54033,3,0,0,3,6
2020-08-02,US,Virginia,Henrico,3609,182,0,37.53460572,-77.39326555,51087.0,1090.9321741864107,5.042948185092824,3427,3601,182,0,3419,3541,329261,8,0,0,8,60
2020-08-02,US,Virginia,Henry,511,6,0,36.68542395,-79.87634026,51089.0,1010.7403524734458,1.1741682974559686,505,502,6,0,496,477,50953,9,0,0,9,25
2020-08-02,US,Virginia,Highland,3,0,0,38.35799465,-79.56124594,51091.0,136.98630136986299,0.0,3,3,0,0,3,3,2210,0,0,0,0,0
2020-08-02,US,Virginia,Hopewell,254,5,0,37.29186313,-77.29754684,51670.0,1127.43574947845,1.9685039370078738,249,253,5,0,248,254,22596,1,0,0,1,-1
2020-08-02,US,Virginia,Isle of Wight,338,9,0,36.90579348,-76.70842863,51093.0,910.8302568110164,2.662721893491124,329,331,9,0,322,325,36953,7,0,0,7,6
2020-08-02,US,Virginia,James City,549,16,0,37.31156958,-76.76950618,51095.0,717.4313605059916,2.914389799635701,533,541,16,0,525,538,76397,8,0,0,8,3
2020-08-02,US,Virginia,King George,124,4,0,38.26818502,-77.15852768,51099.0,462.0658816515129,3.2258064516129035,120,124,4,0,120,122,26575,0,0,0,0,2
2020-08-02,US,Virginia,King William,77,2,0,37.70965316,-77.09384941,51101.0,449.03195707954285,2.5974025974025974,75,77,2,0,75,77,16939,0,0,0,0,0
2020-08-02,US,Virginia,King and Queen,35,1,0,37.71044922,-76.88689628,51097.0,498.220640569395,2.8571428571428568,34,35,1,0,34,35,7042,0,0,0,0,0
2020-08-02,US,Virginia,Lancaster,31,0,0,37.71889653,-76.46400482,51103.0,292.37008393850795,0.0,31,31,0,0,31,29,10783,0,0,0,0,2
2020-08-02,US,Virginia,Lee,95,1,0,36.70586667,-83.12606515,51105.0,405.5842547922982,1.0526315789473684,94,95,1,0,94,91,23541,0,0,0,0,4
2020-08-02,US,Virginia,Lexington,32,0,0,37.78258621,-79.44262866,51678.0,429.76094547407996,0.0,32,29,0,0,29,28,7136,3,0,0,3,1
2020-08-02,US,Virginia,Loudoun,5034,112,0,39.08990083,-77.63481877,51107.0,1217.3004657371268,2.2248708780294,4922,5014,112,0,4902,4995,406850,20,0,0,20,19
2020-08-02,US,Virginia,Louisa,166,2,0,37.97850256,-77.96274807,51109.0,441.5950626479743,1.2048192771084338,164,166,2,0,164,165,36778,0,0,0,0,1
2020-08-02,US,Virginia,Lunenburg,55,1,0,36.94618528,-78.24133319,51111.0,450.96753033781573,1.818181818181818,54,55,1,0,54,55,12086,0,0,0,0,0
2020-08-02,US,Virginia,Lynchburg,459,2,0,37.40021399,-79.19888138,51680.0,558.6116249634895,0.4357298474945534,457,440,2,0,438,429,82126,19,0,0,19,11
2020-08-02,US,Virginia,Madison,61,1,0,38.41531222,-78.28220331,51113.0,459.99547545433984,1.639344262295082,60,61,1,0,60,60,13295,0,0,0,0,1
2020-08-02,US,Virginia,Manassas,1609,20,0,38.7464321,-77.48509905,51683.0,3916.2711451868076,1.2430080795525171,1589,1607,20,0,1587,1604,41641,2,0,0,2,3
2020-08-02,US,Virginia,Manassas Park,500,7,0,38.77058531,-77.44399307,51685.0,2860.7392150131604,1.4,493,498,7,0,491,497,17307,2,0,0,2,1
2020-08-02,US,Virginia,Martinsville,169,3,0,36.68212094,-79.86352771,51690.0,1346.1844830332961,1.7751479289940828,166,168,3,0,165,159,12902,1,0,0,1,9
2020-08-02,US,Virginia,Mathews,14,0,0,37.44164146,-76.34098896,51115.0,158.47860538827257,0.0,14,13,0,0,13,12,8802,1,0,0,1,1
2020-08-02,US,Virginia,Mecklenburg,308,32,0,36.67882005,-78.36131056,51117.0,1006.9637427665348,10.389610389610391,276,305,32,0,273,303,30650,3,0,0,3,2
2020-08-02,US,Virginia,Middlesex,27,1,0,37.63191998,-76.55064617,51119.0,255.1502551502552,3.703703703703704,26,27,1,0,26,26,10769,0,0,0,0,1
2020-08-02,US,Virginia,Montgomery,280,3,0,37.17746986,-80.37868691,51121.0,284.16298777084285,1.0714285714285714,277,275,3,0,272,273,98985,5,0,0,5,2
2020-08-02,US,Virginia,Nelson,34,0,0,37.78790447,-78.88498513,51125.0,227.7294038847957,0.0,34,32,0,0,32,32,14836,2,0,0,2,0
2020-08-02,US,Virginia,New Kent,117,1,0,37.50694406,-76.99828634,51127.0,506.69091853969076,0.8547008547008547,116,116,1,0,115,115,22391,1,0,0,1,1
2020-08-02,US,Virginia,Newport News,1639,16,0,37.08166899,-76.51754109,51700.0,914.4929557818384,0.9762050030506406,1623,1589,16,0,1573,1573,178626,50,0,0,50,16
2020-08-02,US,Virginia,Norfolk,3210,26,0,36.89934014,-76.26420872,51710.0,1322.3916751118472,0.8099688473520249,3184,3185,26,0,3159,3180,244076,25,0,0,25,5
2020-08-02,US,Virginia,Northampton,292,28,0,37.34062933,-75.87751591,51131.0,2493.5952177625963,9.58904109589041,264,292,28,0,264,292,11735,0,0,0,0,0
2020-08-02,US,Virginia,Northumberland,66,2,0,37.89202088,-76.41949732,51133.0,545.6800330715172,3.0303030303030303,64,65,2,0,63,63,12147,1,0,0,1,2
2020-08-02,US,Virginia,Norton,13,0,0,36.93357076,-82.62750411,51720.0,326.55111780959555,0.0,13,13,0,0,13,11,3968,0,0,0,0,2
2020-08-02,US,Virginia,Nottoway,176,9,0,37.1435975,-78.05065922,51135.0,1155.4621848739494,5.113636363636363,167,174,9,0,165,172,15420,2,0,0,2,2
2020-08-02,US,Virginia,Orange,212,3,0,38.24530219,-78.01560400000002,51137.0,572.1842865239804,1.4150943396226414,209,210,3,0,207,207,36644,2,0,0,2,3
2020-08-02,US,Virginia,Page,332,24,0,38.61807452,-78.48797204,51139.0,1389.0051041753827,7.2289156626506035,308,331,24,0,307,330,23933,1,0,0,1,1
2020-08-02,US,Virginia,Patrick,115,3,0,36.680163799999995,-80.2865648,51141.0,653.1122217174013,2.608695652173913,112,111,3,0,108,108,17673,4,0,0,4,3
2020-08-02,US,Virginia,Petersburg,465,13,0,37.20530399,-77.39368102,51730.0,1483.4428635232566,2.795698924731183,452,454,13,0,441,442,31567,11,0,0,11,12
2020-08-02,US,Virginia,Pittsylvania,354,2,0,36.81980341,-79.39731264,51143.0,586.539417437121,0.5649717514124294,352,329,2,0,327,316,60949,25,0,0,25,13
2020-08-02,US,Virginia,Poquoson,36,0,0,37.14259351,-76.35798148,51735.0,293.3746230951022,0.0,36,36,0,0,36,36,12190,0,0,0,0,0
2020-08-02,US,Virginia,Portsmouth,1539,24,0,36.85914825,-76.35971629,51740.0,1630.331151083709,1.5594541910331383,1515,1492,24,0,1468,1462,94632,47,0,0,47,30
2020-08-02,US,Virginia,Powhatan,127,4,0,37.55016038,-77.91267882,51145.0,428.301632267638,3.1496062992125986,123,122,4,0,118,122,29189,5,0,0,5,0
2020-08-02,US,Virginia,Prince Edward,351,10,0,37.22554789,-78.43597949,51147.0,1539.3386545039914,2.849002849002849,341,341,10,0,331,323,22950,10,0,0,10,18
2020-08-02,US,Virginia,Prince George,334,2,0,37.18497668,-77.22922187,51149.0,870.8575600344171,0.5988023952095808,332,332,2,0,330,329,38082,2,0,0,2,3
2020-08-02,US,Virginia,Prince William,8907,172,0,38.70916224,-77.48713689,51153.0,1893.7565777584061,1.9310654541371957,8735,8893,172,0,8721,8838,468011,14,0,0,14,55
2020-08-02,US,Virginia,Pulaski,74,3,0,37.06474963,-80.71229738,51155.0,217.47435859758426,4.0540540540540535,71,74,3,0,71,74,34066,0,0,0,0,0
2020-08-02,US,Virginia,Radford,26,0,0,37.12222899,-80.56027320000003,51750.0,142.4735601950792,0.0,26,26,0,0,26,27,18339,0,0,0,0,-1
2020-08-02,US,Virginia,Rappahannock,40,2,0,38.68295619,-78.15826963,51157.0,542.7408412483039,5.0,38,40,2,0,38,40,7252,0,0,0,0,0
2020-08-02,US,Virginia,Richmond,317,4,0,37.937575,-76.72920628,51159.0,3513.243932173335,1.2618296529968454,313,318,4,0,314,316,9038,-1,0,0,-1,2
2020-08-02,US,Virginia,Richmond City,2946,39,0,37.53255773,-77.47966921,51760.0,1278.4460761339376,1.323828920570265,2907,2936,39,0,2897,2893,228783,10,0,0,10,43
2020-08-02,US,Virginia,Roanoke,447,7,0,37.26865804,-80.06396753,51161.0,474.5928269594208,1.5659955257270697,440,437,7,0,430,430,94073,10,0,0,10,7
2020-08-02,US,Virginia,Roanoke City,903,11,0,37.27791025,-79.96189766,51770.0,910.8056040265072,1.2181616832779625,892,861,11,0,850,814,99920,42,0,0,42,47
2020-08-02,US,Virginia,Rockbridge,68,0,0,37.81204314,-79.44605905,51163.0,301.24485004208566,0.0,68,66,0,0,66,66,22752,2,0,0,2,0
2020-08-02,US,Virginia,Rockingham,901,17,0,38.51006137,-78.87260325,51165.0,1099.477717577,1.8867924528301887,884,898,17,0,881,890,81244,3,0,0,3,8
2020-08-02,US,Virginia,Russell,62,1,0,36.93028320000001,-82.10095486,51167.0,233.20544647558862,1.6129032258064515,61,60,1,0,59,60,26748,2,0,0,2,0
2020-08-02,US,Virginia,Salem,138,3,0,37.2836193,-80.06219455,51775.0,545.4329868384649,2.1739130434782608,135,131,3,0,128,131,25643,7,0,0,7,0
2020-08-02,US,Virginia,Scott,54,3,0,36.71466456,-82.60171704,51169.0,250.3941389223778,5.5555555555555545,51,53,3,0,50,51,21534,1,0,0,1,2
2020-08-02,US,Virginia,Shenandoah,680,42,0,38.85905135,-78.56813762,51171.0,1559.0608950843728,6.1764705882352935,638,675,42,0,633,667,43497,5,0,0,5,8
2020-08-02,US,Virginia,Smyth,120,3,0,36.84455636,-81.53344948,51173.0,398.61812383736384,2.5,117,112,3,0,109,107,30472,8,0,0,8,5
2020-08-02,US,Virginia,Southampton,238,13,0,36.72231125,-77.10642712,51175.0,1349.8950711814418,5.46218487394958,225,236,13,0,223,234,17586,2,0,0,2,2
2020-08-02,US,Virginia,Spotsylvania,1332,35,0,38.18574462,-77.655399,51177.0,977.8658738024446,2.627627627627628,1297,1318,35,0,1283,1305,134238,14,0,0,14,13
2020-08-02,US,Virginia,Stafford,1266,7,0,38.41758738,-77.45917053,51179.0,828.0896377598407,0.5529225908372828,1259,1258,7,0,1251,1243,149960,8,0,0,8,15
2020-08-02,US,Virginia,Staunton,142,0,0,38.15965544,-79.05979937,51790.0,569.5491737526071,0.0,142,141,0,0,141,140,24922,1,0,0,1,1
2020-08-02,US,Virginia,Suffolk,1092,49,0,36.70155394,-76.63603554,51800.0,1185.5647717896381,4.487179487179487,1043,1059,49,0,1010,1034,91185,33,0,0,33,25
2020-08-02,US,Virginia,Surry,37,2,0,37.11781893,-76.88450012,51181.0,576.1445032700092,5.405405405405406,35,37,2,0,35,35,6474,0,0,0,0,2
2020-08-02,US,Virginia,Sussex,277,9,0,36.92432914,-77.25791182,51183.0,2482.301281476835,3.249097472924188,268,277,9,0,268,276,11237,0,0,0,0,1
2020-08-02,US,Virginia,Tazewell,95,0,0,37.12191123,-81.56685568,51185.0,234.01896785318385,0.0,95,92,0,0,92,87,40855,3,0,0,3,5
2020-08-02,US,Virginia,Virginia Beach,4299,47,0,36.73285734,-76.04566934,51810.0,955.3885335597168,1.0932775063968363,4252,4178,46,0,4132,4055,450189,121,1,0,120,123
2020-08-02,US,Virginia,Warren,348,7,0,38.90847745,-78.20280433,51187.0,866.4475649835672,2.0114942528735638,341,348,7,0,341,348,40003,0,0,0,0,0
2020-08-02,US,Virginia,Washington,181,4,0,36.72341572,-81.95666289,51191.0,336.8068477856345,2.209944751381216,177,172,4,0,168,170,54402,9,0,0,9,2
2020-08-02,US,Virginia,Waynesboro,166,3,0,38.06451466,-78.90293905,51820.0,733.5395492708792,1.8072289156626504,163,166,3,0,163,166,22628,0,0,0,0,0
2020-08-02,US,Virginia,Westmoreland,193,2,0,38.11021557,-76.80213247,51193.0,1071.3294476824867,1.0362694300518134,191,193,2,0,191,193,17830,0,0,0,0,0
2020-08-02,US,Virginia,Williamsburg,111,6,0,37.28131268,-76.70905141,51830.0,742.2763140296913,5.405405405405406,105,109,6,0,103,107,14896,2,0,0,2,2
2020-08-02,US,Virginia,Winchester,392,4,0,39.17054517,-78.17325058,51840.0,1396.1108341049933,1.020408163265306,388,391,4,0,387,391,28108,1,0,0,1,0
2020-08-02,US,Virginia,Wise,84,3,0,36.9746148,-82.62410519,51195.0,224.7010673300698,3.571428571428572,81,84,3,0,81,79,38012,0,0,0,0,5
2020-08-02,US,Virginia,Wythe,105,3,0,36.91582035,-81.07834059,51197.0,366.0577325338168,2.8571428571428568,102,102,3,0,99,100,28754,3,0,0,3,2
2020-08-02,US,Virginia,York,310,3,0,37.24374789,-76.54412815,51199.0,454.01288810779147,0.967741935483871,307,308,3,0,305,301,67846,2,0,0,2,7
2020-08-02,US,Washington,Adams,396,4,0,46.98299757,-118.56017340000001,53001.0,1981.684431767002,1.0101010101010102,392,386,4,0,382,374,19759,10,0,0,10,12
2020-08-02,US,Washington,Asotin,24,2,0,46.18894415,-117.2022851,53003.0,106.27933752546276,8.333333333333334,22,24,2,0,22,24,22610,0,0,0,0,0
2020-08-02,US,Washington,Benton,3501,110,0,46.23946995,-119.51208340000001,53005.0,1712.9018053720831,3.1419594401599538,3391,3485,109,0,3376,3434,201877,16,1,0,15,51
2020-08-02,US,Washington,Chelan,1133,10,0,47.87046092,-120.6173956,53007.0,1467.6165803108804,0.8826125330979699,1123,1106,10,0,1096,1019,77036,27,0,0,27,87
2020-08-02,US,Washington,Clallam,94,0,0,48.04754642,-123.92263190000001,53009.0,121.55539175750992,0.0,94,91,0,0,91,91,76737,3,0,0,3,0
2020-08-02,US,Washington,Clark,1610,42,0,45.77568046,-122.48292040000001,53011.0,329.7551823791938,2.608695652173913,1568,1513,42,0,1471,1411,481857,97,0,0,97,102
2020-08-02,US,Washington,Columbia,13,1,0,46.29442881,-117.9051983,53013.0,326.2233375156838,7.6923076923076925,12,13,0,0,13,13,4059,0,1,0,-1,0
2020-08-02,US,Washington,Cowlitz,446,5,0,46.19074721,-122.6782231,53015.0,403.28049695731187,1.1210762331838564,441,441,5,0,436,426,108987,5,0,0,5,15
2020-08-02,US,Washington,Douglas,808,7,0,47.7361335,-119.69293700000001,53017.0,1860.5079555135967,0.8663366336633663,801,788,7,0,781,726,42907,20,0,0,20,62
2020-08-02,US,Washington,Ferry,18,0,0,48.471143100000006,-118.5154041,53019.0,236.0036711682181,0.0,18,13,0,0,13,12,7649,5,0,0,5,1
2020-08-02,US,Washington,Franklin,3309,47,0,46.53351425,-118.9018212,53021.0,3475.03728130054,1.4203686914475673,3262,3281,47,0,3234,3210,94347,28,0,0,28,71
2020-08-02,US,Washington,Garfield,2,0,0,46.43197502,-117.54540320000001,53023.0,89.88764044943821,0.0,2,2,0,0,2,2,2247,0,0,0,0,0
2020-08-02,US,Washington,Grant,1276,13,0,47.20753737,-119.4500749,53025.0,1305.5979044948995,1.0188087774294672,1263,1231,13,0,1218,1186,97331,45,0,0,45,45
2020-08-02,US,Washington,Grays Harbor,97,1,0,47.14003705,-123.7820567,53027.0,129.22822770813073,1.0309278350515465,96,96,1,0,95,92,73901,1,0,0,1,4
2020-08-02,US,Washington,Island,239,11,0,48.14713305,-122.5216407,53029.0,280.71082087360963,4.602510460251046,228,237,11,0,226,234,84460,2,0,0,2,3
2020-08-02,US,Washington,Jefferson,53,0,0,47.75003077,-123.56097040000002,53031.0,164.48899785853942,0.0,53,51,0,0,51,51,31729,2,0,0,2,0
2020-08-02,US,Washington,King,15501,657,0,47.49137892,-121.8346131,53033.0,688.0825574778207,4.2384362299206515,14844,15390,655,0,14735,15025,2233163,111,2,0,109,365
2020-08-02,US,Washington,Kitsap,645,4,0,47.63479026,-122.6436061,53035.0,237.59268877567936,0.6201550387596899,641,633,4,0,629,598,269805,12,0,0,12,35
2020-08-02,US,Washington,Kittitas,348,17,0,47.12521214,-120.67943899999999,53037.0,725.9831021174507,4.885057471264369,331,347,17,0,330,326,47364,1,0,0,1,21
2020-08-02,US,Washington,Klickitat,106,3,0,45.87325839,-120.7913598,53039.0,472.6867335562988,2.830188679245283,103,103,3,0,100,100,22107,3,0,0,3,3
2020-08-02,US,Washington,Lewis,186,3,0,46.57756476,-122.39257690000001,53041.0,230.4632807563161,1.6129032258064515,183,176,3,0,173,166,79604,10,0,0,10,10
2020-08-02,US,Washington,Lincoln,13,0,0,47.57705241,-118.41943880000001,53043.0,118.8408446841576,0.0,13,13,0,0,13,10,10740,0,0,0,0,3
2020-08-02,US,Washington,Mason,157,1,0,47.35007586,-123.1863685,53045.0,235.1425832734244,0.6369426751592356,156,149,1,0,148,145,65507,8,0,0,8,4
2020-08-02,US,Washington,Okanogan,755,2,0,48.54855019,-119.73872240000001,53047.0,1787.2783656463794,0.26490066225165565,753,735,2,0,733,689,42132,20,0,0,20,46
2020-08-02,US,Washington,Pacific,40,2,0,46.55418369,-123.7285716,53049.0,178.00720929197632,5.0,38,40,2,0,38,33,22036,0,0,0,0,7
2020-08-02,US,Washington,Pend Oreille,36,0,0,48.53234021,-117.2741804,53051.0,262.31419411250357,0.0,36,35,0,0,35,36,13602,1,0,0,1,-1
2020-08-02,US,Washington,Pierce,5127,127,0,47.03892768,-122.14059579999999,53053.0,566.5318570576145,2.47708211429686,5000,5064,127,0,4937,4836,891299,63,0,0,63,228
2020-08-02,US,Washington,San Juan,28,0,0,48.60182783,-122.96745,53055.0,159.2537822773291,0.0,28,28,0,0,28,28,17128,0,0,0,0,0
2020-08-02,US,Washington,Skagit,815,21,0,48.48171488,-121.766131,53057.0,630.780542548663,2.576687116564417,794,805,21,0,784,783,128206,10,0,0,10,22
2020-08-02,US,Washington,Skamania,53,1,0,46.02408726,-121.91644029999999,53059.0,438.6327898700654,1.8867924528301887,52,52,1,0,51,47,11924,1,0,0,1,5
2020-08-02,US,Washington,Snohomish,5143,189,0,48.04615983,-121.7170703,53061.0,625.6059303014416,3.674897919502236,4954,5087,189,0,4898,4949,814901,56,0,0,56,138
2020-08-02,US,Washington,Spokane,3863,60,0,47.62113146,-117.4046494,53063.0,738.9087180899697,1.5531969971524722,3803,3806,60,0,3746,3613,514631,57,0,0,57,193
2020-08-02,US,Washington,Stevens,89,1,0,48.40035475,-117.8542701,53065.0,194.65039476849725,1.1235955056179776,88,89,1,0,88,82,45260,0,0,0,0,7
2020-08-02,US,Washington,Thurston,638,8,0,46.9291895,-122.82906559999999,53067.0,219.5941294710466,1.2539184952978055,630,636,8,0,628,603,286419,2,0,0,2,33
2020-08-02,US,Washington,Unassigned,159,2,0,0.0,0.0,90053.0,0.0,1.2578616352201255,157,218,2,0,216,186,,-59,0,0,-59,32
2020-08-02,US,Washington,Wahkiakum,5,0,0,46.29180039999999,-123.4250831,53069.0,111.40819964349377,0.0,5,5,0,0,5,5,4426,0,0,0,0,0
2020-08-02,US,Washington,Walla Walla,420,3,0,46.23040051,-118.4775539,53071.0,691.2442396313362,0.7142857142857143,417,413,3,0,410,395,60922,7,0,0,7,18
2020-08-02,US,Washington,Whatcom,922,38,0,48.82227976,-121.74900179999999,53073.0,402.1862881520805,4.121475054229935,884,910,38,0,872,894,225685,12,0,0,12,16
2020-08-02,US,Washington,Whitman,88,0,0,46.90022523,-117.52417630000001,53075.0,175.63467986587898,0.0,88,88,0,0,88,84,49791,0,0,0,0,4
2020-08-02,US,Washington,Yakima,10017,204,0,46.45738486,-120.73801259999999,53077.0,3992.8569435531126,2.0365378855944893,9813,9961,204,0,9757,9865,251446,56,0,0,56,96
2020-08-02,US,West Virginia,Barbour,29,1,0,39.1307219,-80.00350858,54001.0,176.38829754881093,3.4482758620689653,28,29,1,0,28,29,16535,0,0,0,0,0
2020-08-02,US,West Virginia,Berkeley,655,11,0,39.46704621,-78.02414609,54003.0,549.6303630916917,1.6793893129770991,644,651,11,0,640,642,117123,4,0,0,4,9
2020-08-02,US,West Virginia,Boone,77,0,0,38.01974191,-81.69888019,54005.0,358.8572493824858,0.0,77,76,0,0,76,75,21951,1,0,0,1,1
2020-08-02,US,West Virginia,Braxton,8,0,0,38.70036159,-80.72011184,54007.0,57.31890807480117,0.0,8,8,0,0,8,8,14089,0,0,0,0,0
2020-08-02,US,West Virginia,Brooke,62,1,0,40.27367263,-80.57915332,54009.0,282.60175942385706,1.6129032258064515,61,61,1,0,60,60,22203,1,0,0,1,1
2020-08-02,US,West Virginia,Cabell,328,2,0,38.42424062,-82.23855912,54011.0,356.73500462232863,0.6097560975609756,326,325,2,0,323,312,93224,3,0,0,3,13
2020-08-02,US,West Virginia,Calhoun,6,0,0,38.84315422,-81.11934872,54013.0,84.40005626670418,0.0,6,6,0,0,6,6,7254,0,0,0,0,0
2020-08-02,US,West Virginia,Clay,17,1,0,38.46231092,-81.07652217,54015.0,199.8119417019276,5.882352941176472,16,17,1,0,16,17,8632,0,0,0,0,0
2020-08-02,US,West Virginia,Doddridge,4,0,0,39.27057157,-80.70671527,54017.0,47.34848484848485,0.0,4,4,0,0,4,4,8406,0,0,0,0,0
2020-08-02,US,West Virginia,Fayette,129,5,0,38.02974928,-81.08286634,54019.0,304.2022355327076,3.875968992248062,124,129,5,0,124,125,43018,0,0,0,0,4
2020-08-02,US,West Virginia,Gilmer,16,0,0,38.9251277,-80.85952723,54021.0,204.525118241084,0.0,16,16,0,0,16,16,8026,0,0,0,0,0
2020-08-02,US,West Virginia,Grant,77,0,0,39.10314817,-79.19440518,54023.0,665.6293222683263,0.0,77,73,0,0,73,67,11626,4,0,0,4,6
2020-08-02,US,West Virginia,Greenbrier,87,3,0,37.9463652,-80.45335881,54025.0,250.99532629392414,3.4482758620689653,84,85,3,0,82,85,34786,2,0,0,2,0
2020-08-02,US,West Virginia,Hampshire,74,1,0,39.32103553,-78.60826476,54027.0,319.30960086299893,1.351351351351351,73,74,1,0,73,71,23347,0,0,0,0,3
2020-08-02,US,West Virginia,Hancock,100,0,0,40.51943859,-80.57461608,54029.0,347.10170079833387,0.0,100,100,0,0,100,96,29094,0,0,0,0,4
2020-08-02,US,West Virginia,Hardy,54,0,0,39.00683177,-78.85855301,54031.0,391.98606271777015,0.0,54,54,0,0,54,54,13775,0,0,0,0,0
2020-08-02,US,West Virginia,Harrison,193,1,0,39.2853852,-80.37919577,54033.0,286.9632449149518,0.5181347150259067,192,187,1,0,186,179,67554,6,0,0,6,8
2020-08-02,US,West Virginia,Jackson,157,19,0,38.84263974,-81.68148753,54035.0,549.4120940649498,12.101910828025478,138,157,19,0,138,157,28706,0,0,0,0,0
2020-08-02,US,West Virginia,Jefferson,289,4,0,39.30776166,-77.86014147,54037.0,505.7221852798097,1.3840830449826989,285,287,4,0,283,287,56811,2,0,0,2,0
2020-08-02,US,West Virginia,Kanawha,822,21,0,38.33860077,-81.52857054,54039.0,461.47627495452605,2.554744525547445,801,808,20,0,788,789,180454,14,1,0,13,19
2020-08-02,US,West Virginia,Lewis,27,2,0,38.9947249,-80.49988181,54041.0,169.73659395234802,7.407407407407407,25,26,2,0,24,26,16024,1,0,0,1,0
2020-08-02,US,West Virginia,Lincoln,68,0,0,38.172154,-82.07017953,54043.0,333.18633936008615,0.0,68,62,0,0,62,59,20599,6,0,0,6,3
2020-08-02,US,West Virginia,Logan,148,3,0,37.8299889,-81.93528571,54045.0,462.2255535775634,2.0270270270270268,145,137,3,0,134,131,32607,11,0,0,11,6
2020-08-02,US,West Virginia,Marion,176,2,0,39.50984542,-80.24244659,54049.0,313.882151519475,1.1363636363636365,174,172,2,0,170,170,56097,4,0,0,4,2
2020-08-02,US,West Virginia,Marshall,125,0,0,39.86064362,-80.66591062,54051.0,409.4199338377387,0.0,125,124,0,0,124,122,30785,1,0,0,1,2
2020-08-02,US,West Virginia,Mason,46,1,0,38.77071799,-82.02524219,54053.0,173.4801629205008,2.1739130434782608,45,46,1,0,45,45,26718,0,0,0,0,1
2020-08-02,US,West Virginia,McDowell,37,0,0,37.38002939,-81.65083669,54047.0,209.9409895596913,0.0,37,32,0,0,32,26,18223,5,0,0,5,6
2020-08-02,US,West Virginia,Mercer,164,3,0,37.40481169,-81.11023142,54055.0,279.1109295755472,1.8292682926829267,161,139,3,0,136,136,59131,25,0,0,25,3
2020-08-02,US,West Virginia,Mineral,110,4,0,39.41561583,-78.94104895,54057.0,409.40896233437553,3.636363636363636,106,109,4,0,105,107,26940,1,0,0,1,2
2020-08-02,US,West Virginia,Mingo,127,2,0,37.73048351,-82.13338365,54059.0,542.1789617486339,1.5748031496062993,125,125,2,0,123,117,23785,2,0,0,2,8
2020-08-02,US,West Virginia,Monongalia,916,5,0,39.63218457,-80.04766838,54061.0,867.3256826875734,0.5458515283842795,911,909,5,0,904,885,106420,7,0,0,7,24
2020-08-02,US,West Virginia,Monroe,19,0,0,37.56274716,-80.54577965,54063.0,143.1261770244821,0.0,19,19,0,0,19,19,13280,0,0,0,0,0
2020-08-02,US,West Virginia,Morgan,26,0,0,39.55439028,-78.26311676,54065.0,145.38134645493182,0.0,26,26,0,0,26,26,17787,0,0,0,0,0
2020-08-02,US,West Virginia,Nicholas,32,1,0,38.29617706,-80.79759588,54067.0,130.63357282821684,3.125,31,32,1,0,31,32,24842,0,0,0,0,0
2020-08-02,US,West Virginia,Ohio,252,4,0,40.0955451,-80.62203992,54069.0,608.5339644055928,1.5873015873015872,248,249,4,0,245,246,41755,3,0,0,3,3
2020-08-02,US,West Virginia,Pendleton,37,1,0,38.68314479,-79.35084086,54071.0,530.9226574831397,2.702702702702702,36,37,1,0,36,37,6997,0,0,0,0,0
2020-08-02,US,West Virginia,Pleasants,8,0,0,39.37091679,-81.16771771,54073.0,107.23860589812332,0.0,8,8,0,0,8,7,7507,0,0,0,0,1
2020-08-02,US,West Virginia,Pocahontas,41,0,0,38.32758728,-80.00993811,54075.0,497.1504789620468,0.0,41,41,0,0,41,41,8414,0,0,0,0,0
2020-08-02,US,West Virginia,Preston,123,3,0,39.46770987,-79.66712803,54077.0,367.9109834888729,2.4390243902439024,120,123,3,0,120,123,33839,0,0,0,0,0
2020-08-02,US,West Virginia,Putnam,167,0,0,38.50782345,-81.9082131,54079.0,295.837023914969,0.0,167,163,0,0,163,158,56682,4,0,0,4,5
2020-08-02,US,West Virginia,Raleigh,189,1,0,37.76936795,-81.2456041,54081.0,257.6300759259006,0.5291005291005291,188,182,1,0,181,164,74254,7,0,0,7,18
2020-08-02,US,West Virginia,Randolph,207,0,0,38.769899,-79.87919615,54083.0,721.3800313643492,0.0,207,207,0,0,207,207,28823,0,0,0,0,0
2020-08-02,US,West Virginia,Ritchie,3,0,0,39.18094587,-81.06356878,54085.0,31.400460540087924,0.0,3,3,0,0,3,3,9721,0,0,0,0,0
2020-08-02,US,West Virginia,Roane,14,1,0,38.71622686,-81.35243568,54087.0,102.27936879018118,7.142857142857142,13,14,1,0,13,14,13932,0,0,0,0,0
2020-08-02,US,West Virginia,Summers,7,0,0,37.65390597,-80.86009693,54089.0,55.67485882446513,0.0,7,7,0,0,7,7,12760,0,0,0,0,0
2020-08-02,US,West Virginia,Taylor,53,0,0,39.33602617,-80.0421439,54091.0,317.46031746031747,0.0,53,52,0,0,52,52,16862,1,0,0,1,0
2020-08-02,US,West Virginia,Tucker,10,0,0,39.11240885,-79.57053576,54093.0,146.22020763269484,0.0,10,10,0,0,10,9,6955,0,0,0,0,1
2020-08-02,US,West Virginia,Tyler,12,0,0,39.46811972,-80.88772676,54095.0,139.68106157606798,0.0,12,12,0,0,12,12,8746,0,0,0,0,0
2020-08-02,US,West Virginia,Upshur,38,0,0,38.89285061,-80.23689136,54097.0,157.180675049636,0.0,38,38,0,0,38,38,24415,0,0,0,0,0
2020-08-02,US,West Virginia,Wayne,184,9,0,38.14901357,-82.42287994,54099.0,466.9813715039846,4.891304347826087,175,182,9,0,173,179,39944,2,0,0,2,3
2020-08-02,US,West Virginia,Webster,3,0,0,38.49370949,-80.4202023,54101.0,36.973132856790734,0.0,3,3,0,0,3,3,8285,0,0,0,0,0
2020-08-02,US,West Virginia,Wetzel,41,0,0,39.6065771,-80.64016540000001,54103.0,272.15399933620984,0.0,41,41,0,0,41,41,15270,0,0,0,0,0
2020-08-02,US,West Virginia,Wirt,6,0,0,39.02775007,-81.37473928,54105.0,103.07507301151009,0.0,6,6,0,0,6,6,5830,0,0,0,0,0
2020-08-02,US,West Virginia,Wood,235,4,0,39.20967886,-81.5162836,54107.0,281.37646974304937,1.702127659574468,231,234,4,0,230,231,84203,1,0,0,1,3
2020-08-02,US,West Virginia,Wyoming,23,1,0,37.612327,-81.54511071,54109.0,112.77826811807394,4.3478260869565215,22,21,1,0,20,21,20786,2,0,0,2,0
2020-08-02,US,Wisconsin,Adams,73,2,0,43.96974651,-89.76782777,55001.0,361.02868447082085,2.7397260273972597,71,69,2,0,67,69,20348,4,0,0,4,0
2020-08-02,US,Wisconsin,Ashland,20,0,0,46.31956891,-90.67837132,55003.0,128.51818532322324,0.0,20,19,0,0,19,15,15600,1,0,0,1,4
2020-08-02,US,Wisconsin,Barron,255,3,0,45.42372701,-91.84833627,55005.0,563.6106445053488,1.1764705882352942,252,253,3,0,250,228,45164,2,0,0,2,25
2020-08-02,US,Wisconsin,Bayfield,20,1,0,46.52868768,-91.19716729,55007.0,133.01409949454643,5.0,19,19,1,0,18,18,15042,1,0,0,1,1
2020-08-02,US,Wisconsin,Brown,4008,51,0,44.452655299999996,-88.00411844,55009.0,1515.071330828375,1.2724550898203593,3957,3962,51,0,3911,3919,263378,46,0,0,46,43
2020-08-02,US,Wisconsin,Buffalo,41,2,0,44.37835084,-91.75332578,55011.0,314.6343335123936,4.878048780487805,39,41,2,0,39,41,13125,0,0,0,0,0
2020-08-02,US,Wisconsin,Burnett,14,1,0,45.86303537,-92.36711412,55013.0,90.82652134423252,7.142857142857142,13,14,1,0,13,13,15392,0,0,0,0,1
2020-08-02,US,Wisconsin,Calumet,256,2,0,44.0816316,-88.21780273,55015.0,511.0902593383777,0.78125,254,246,2,0,244,236,50159,10,0,0,10,10
2020-08-02,US,Wisconsin,Chippewa,209,0,0,45.06939744,-91.28068855,55017.0,323.23919700578426,0.0,209,209,0,0,209,208,64135,0,0,0,0,1
2020-08-02,US,Wisconsin,Clark,174,7,0,44.73483377,-90.61207486,55019.0,500.37384252602516,4.022988505747127,167,173,7,0,166,168,34709,1,0,0,1,5
2020-08-02,US,Wisconsin,Columbia,224,1,0,43.46492199,-89.33589004,55021.0,389.34853646666204,0.44642857142857145,223,219,1,0,218,213,57358,5,0,0,5,6
2020-08-02,US,Wisconsin,Crawford,62,0,0,43.23870316,-90.93073686,55023.0,384.3531089207117,0.0,62,57,0,0,57,56,16291,5,0,0,5,1
2020-08-02,US,Wisconsin,Dane,4198,37,0,43.06601594,-89.41733797,55025.0,767.8870302453836,0.8813720819437828,4161,4112,37,0,4075,4086,542364,86,0,0,86,26
2020-08-02,US,Wisconsin,Dodge,702,5,0,43.41576662,-88.70928178,55027.0,799.1894261091313,0.7122507122507122,697,675,5,0,670,655,87847,27,0,0,27,20
2020-08-02,US,Wisconsin,Door,85,3,0,44.95856458,-87.30002707,55029.0,307.2141101633656,3.5294117647058822,82,85,3,0,82,84,27610,0,0,0,0,1
2020-08-02,US,Wisconsin,Douglas,133,0,0,46.43222285,-91.91595768,55031.0,308.22711471610666,0.0,133,122,0,0,122,113,43208,11,0,0,11,9
2020-08-02,US,Wisconsin,Dunn,105,0,0,44.94562799,-91.8962481,55033.0,231.44066302239463,0.0,105,105,0,0,105,102,45131,0,0,0,0,3
2020-08-02,US,Wisconsin,Eau Claire,503,3,0,44.726614,-91.28609183,55035.0,480.6681574068765,0.5964214711729622,500,485,3,0,482,474,104534,18,0,0,18,11
2020-08-02,US,Wisconsin,Florence,7,0,0,45.84963535,-88.39804137,55037.0,162.98020954598368,0.0,7,7,0,0,7,7,4321,0,0,0,0,0
2020-08-02,US,Wisconsin,Fond du Lac,560,6,0,43.75354908,-88.48885325,55039.0,541.5703606278348,1.0714285714285714,554,545,6,0,539,529,103066,15,0,0,15,16
2020-08-02,US,Wisconsin,Forest,59,4,0,45.66678019,-88.77084892,55041.0,655.264326965793,6.779661016949151,55,59,4,0,55,58,8991,0,0,0,0,1
2020-08-02,US,Wisconsin,Grant,328,14,0,42.8671731,-90.7063218,55043.0,637.6484768366414,4.2682926829268295,314,320,14,0,306,318,51554,8,0,0,8,2
2020-08-02,US,Wisconsin,Green,130,1,0,42.6794956,-89.60243287,55045.0,351.7316017316017,0.7692307692307693,129,125,1,0,124,123,36929,5,0,0,5,2
2020-08-02,US,Wisconsin,Green Lake,52,0,0,43.80025981,-89.04679553,55047.0,274.9431607888754,0.0,52,52,0,0,52,52,18918,0,0,0,0,0
2020-08-02,US,Wisconsin,Iowa,63,0,0,43.00050278,-90.13469017,55049.0,266.06976940619984,0.0,63,63,0,0,63,62,23771,0,0,0,0,1
2020-08-02,US,Wisconsin,Iron,72,1,0,46.26302338,-90.24295041,55051.0,1266.0453666256376,1.3888888888888888,71,71,1,0,70,71,5676,1,0,0,1,0
2020-08-02,US,Wisconsin,Jackson,48,1,0,44.31864893,-90.80566792,55053.0,232.52434239209416,2.083333333333333,47,47,1,0,46,46,20478,1,0,0,1,1
2020-08-02,US,Wisconsin,Jefferson,556,5,0,43.02054068,-88.77529134,55055.0,655.9001521782728,0.8992805755395683,551,550,5,0,545,544,85129,6,0,0,6,6
2020-08-02,US,Wisconsin,Juneau,129,1,0,43.92456975,-90.11120239,55057.0,483.3814216659797,0.7751937984496124,128,122,1,0,121,119,26617,7,0,0,7,3
2020-08-02,US,Wisconsin,Kenosha,2474,53,0,42.57639354,-88.04051686,55059.0,1459.061930514682,2.1422797089733225,2421,2453,53,0,2400,2426,169290,21,0,0,21,27
2020-08-02,US,Wisconsin,Kewaunee,110,2,0,44.51727459,-87.61468386,55061.0,538.3184887931878,1.818181818181818,108,110,2,0,108,109,20383,0,0,0,0,1
2020-08-02,US,Wisconsin,La Crosse,821,1,0,43.90632465,-91.11451093,55063.0,695.6683839479393,0.1218026796589525,820,795,1,0,794,788,118230,26,0,0,26,7
2020-08-02,US,Wisconsin,Lafayette,108,0,0,42.66005229,-90.1317729,55065.0,648.0648064806479,0.0,108,105,0,0,105,103,16665,3,0,0,3,2
2020-08-02,US,Wisconsin,Langlade,48,1,0,45.26271619,-89.07483625,55067.0,250.14331127208297,2.083333333333333,47,46,1,0,45,43,19268,2,0,0,2,3
2020-08-02,US,Wisconsin,Lincoln,63,0,0,45.33737523,-89.73411273,55069.0,228.31877650128655,0.0,63,61,0,0,61,60,27689,2,0,0,2,1
2020-08-02,US,Wisconsin,Manitowoc,301,1,0,44.11946801,-87.80928853,55071.0,381.10431622795363,0.3322259136212625,300,295,1,0,294,287,79074,6,0,0,6,8
2020-08-02,US,Wisconsin,Marathon,578,6,0,44.89792533,-89.75863384,55073.0,425.96468472717623,1.038062283737024,572,561,6,0,555,547,135428,17,0,0,17,14
2020-08-02,US,Wisconsin,Marinette,315,3,0,45.38553432,-88.03324599999998,55075.0,780.6691449814126,0.9523809523809524,312,298,3,0,295,280,40434,17,0,0,17,18
2020-08-02,US,Wisconsin,Marquette,71,1,0,43.81911946,-89.40073763,55077.0,455.88801849235915,1.4084507042253518,70,69,1,0,68,69,15434,2,0,0,2,0
2020-08-02,US,Wisconsin,Menominee,19,0,0,45.00422544,-88.70950714,55078.0,417.0324846356453,0.0,19,18,0,0,18,18,4658,1,0,0,1,0
2020-08-02,US,Wisconsin,Milwaukee,19727,446,0,43.00486062,-87.96733172,55079.0,2085.9107183264496,2.260860749226948,19281,19519,446,0,19073,19248,948201,208,0,0,208,271
2020-08-02,US,Wisconsin,Monroe,222,1,0,43.94641218,-90.61881899999999,55081.0,479.96886688431016,0.4504504504504505,221,212,1,0,211,205,46051,10,0,0,10,7
2020-08-02,US,Wisconsin,Oconto,183,0,0,45.02715345,-88.26807503,55083.0,482.4677036646454,0.0,183,178,0,0,178,164,37830,5,0,0,5,14
2020-08-02,US,Wisconsin,Oneida,88,0,0,45.70677897,-89.51944105,55085.0,247.2257339513977,0.0,88,87,0,0,87,81,35470,1,0,0,1,6
2020-08-02,US,Wisconsin,Outagamie,1102,13,0,44.41578887,-88.46565023,55087.0,586.5289937993987,1.1796733212341195,1089,1077,13,0,1064,1061,187365,25,0,0,25,16
2020-08-02,US,Wisconsin,Ozaukee,568,17,0,43.38352225,-87.94625009,55089.0,636.6214232075407,2.992957746478873,551,558,17,0,541,528,89147,10,0,0,10,30
2020-08-02,US,Wisconsin,Pepin,40,0,0,44.58307413,-91.99949611,55091.0,548.9227391244682,0.0,40,40,0,0,40,40,7289,0,0,0,0,0
2020-08-02,US,Wisconsin,Pierce,170,0,0,44.71850291,-92.4224416,55093.0,397.6236141647565,0.0,170,169,0,0,169,164,42555,1,0,0,1,5
2020-08-02,US,Wisconsin,Polk,120,2,0,45.46130348,-92.44182875,55095.0,274.0789804261928,1.6666666666666667,118,117,2,0,115,111,43598,3,0,0,3,6
2020-08-02,US,Wisconsin,Portage,354,0,0,44.47558711,-89.50152965,55097.0,500.19781834623865,0.0,354,344,0,0,344,337,70942,10,0,0,10,7
2020-08-02,US,Wisconsin,Price,22,0,0,45.68051754,-90.36098879999999,55099.0,164.7816642948094,0.0,22,21,0,0,21,19,13397,1,0,0,1,2
2020-08-02,US,Wisconsin,Racine,3245,76,0,42.74753117,-88.05941254,55101.0,1652.9893892853686,2.342064714946071,3169,3191,76,0,3115,3095,196584,54,0,0,54,96
2020-08-02,US,Wisconsin,Richland,32,4,0,43.3762778,-90.43012729,55103.0,185.48574078367724,12.5,28,27,4,0,23,25,17377,5,0,0,5,2
2020-08-02,US,Wisconsin,Rock,1366,26,0,42.67151616,-89.07147900000002,55105.0,836.2207230921802,1.9033674963396776,1340,1357,26,0,1331,1342,163129,9,0,0,9,15
2020-08-02,US,Wisconsin,Rusk,16,1,0,45.47498854,-91.1333012,55107.0,112.85089575398504,6.25,15,15,1,0,14,14,14147,1,0,0,1,1
2020-08-02,US,Wisconsin,Sauk,386,3,0,43.42574087,-89.94966132,55111.0,598.9882374848702,0.7772020725388601,383,372,3,0,369,347,64249,14,0,0,14,25
2020-08-02,US,Wisconsin,Sawyer,37,0,0,45.87931905,-91.14504927,55113.0,223.45693924387004,0.0,37,36,0,0,36,34,16489,1,0,0,1,2
2020-08-02,US,Wisconsin,Shawano,158,0,0,44.78902246,-88.76443896,55115.0,386.3175138756449,0.0,158,153,0,0,153,147,40796,5,0,0,5,6
2020-08-02,US,Wisconsin,Sheboygan,609,5,0,43.72099677,-87.94579284,55117.0,528.0041616091555,0.8210180623973727,604,586,5,0,581,578,115456,23,0,0,23,8
2020-08-02,US,Wisconsin,St. Croix,447,2,0,45.03437474,-92.45000068,55109.0,492.9041648747891,0.44742729306487694,445,442,2,0,440,439,89694,5,0,0,5,3
2020-08-02,US,Wisconsin,Taylor,52,0,0,45.21179252,-90.5004405,55119.0,255.61618247062873,0.0,52,50,0,0,50,47,20412,2,0,0,2,3
2020-08-02,US,Wisconsin,Trempealeau,307,2,0,44.30360275,-91.35893614,55121.0,1035.4480758204325,0.6514657980456026,305,305,2,0,303,301,29442,2,0,0,2,4
2020-08-02,US,Wisconsin,Vernon,58,0,0,43.59422667,-90.8324691,55123.0,188.17727597170853,0.0,58,58,0,0,58,55,30785,0,0,0,0,3
2020-08-02,US,Wisconsin,Vilas,38,0,0,46.05467334,-89.51719204,55125.0,171.20973192160398,0.0,38,30,0,0,30,29,21938,8,0,0,8,1
2020-08-02,US,Wisconsin,Walworth,1237,21,0,42.66858202,-88.54163073,55127.0,1190.934647822236,1.6976556184316896,1216,1225,21,0,1204,1179,103718,12,0,0,12,46
2020-08-02,US,Wisconsin,Washburn,34,0,0,45.89838588,-91.79050449,55129.0,216.2849872773537,0.0,34,29,0,0,29,21,15878,5,0,0,5,8
2020-08-02,US,Wisconsin,Washington,880,22,0,43.36863664,-88.22974712,55131.0,646.8970992545983,2.5,858,860,22,0,838,805,135693,20,0,0,20,55
2020-08-02,US,Wisconsin,Waukesha,3663,55,0,43.01833055,-88.30431188,55133.0,906.2390214696758,1.5015015015015014,3608,3578,54,0,3524,3488,403072,85,1,0,84,90
2020-08-02,US,Wisconsin,Waupaca,370,15,0,44.47068056,-88.96534501,55135.0,725.6324769562659,4.0540540540540535,355,359,15,0,344,350,51128,11,0,0,11,9
2020-08-02,US,Wisconsin,Waushara,106,0,0,44.11324419,-89.24317107,55137.0,433.6619891175389,0.0,106,100,0,0,100,99,24263,6,0,0,6,1
2020-08-02,US,Wisconsin,Winnebago,1055,17,0,44.06886922,-88.64477096,55139.0,613.7039213062877,1.6113744075829384,1038,1041,17,0,1024,1014,171020,14,0,0,14,27
2020-08-02,US,Wisconsin,Wood,238,1,0,44.45537896,-90.04158336,55141.0,326.03186345018423,0.4201680672268908,237,229,1,0,228,216,73055,9,0,0,9,13
2020-08-02,US,Wyoming,Albany,87,0,0,41.65498705,-105.72354150000001,56001.0,223.76543209876544,0.0,87,85,0,0,85,84,38601,2,0,0,2,1
2020-08-02,US,Wyoming,Big Horn,36,0,0,44.52405055,-107.9960365,56003.0,305.3435114503817,0.0,36,35,0,0,35,35,11881,1,0,0,1,0
2020-08-02,US,Wyoming,Campbell,118,0,0,44.24886082,-105.54744040000001,56005.0,254.63412528862133,0.0,118,116,0,0,116,115,46140,2,0,0,2,1
2020-08-02,US,Wyoming,Carbon,78,0,0,41.69357844,-106.9326084,56007.0,527.027027027027,0.0,78,78,0,0,78,75,14971,0,0,0,0,3
2020-08-02,US,Wyoming,Converse,31,0,0,42.97272268,-105.5081848,56009.0,224.2801331211113,0.0,31,30,0,0,30,30,13640,1,0,0,1,0
2020-08-02,US,Wyoming,Crook,9,0,0,44.58855102,-104.56977049999999,56011.0,118.67088607594937,0.0,9,9,0,0,9,9,7450,0,0,0,0,0
2020-08-02,US,Wyoming,Fremont,475,0,0,43.04183996,-108.6296893,56013.0,1209.8520159955174,0.0,475,473,0,0,473,468,39531,2,0,0,2,5
2020-08-02,US,Wyoming,Goshen,15,0,0,42.08798185,-104.3534743,56015.0,113.54174551510107,0.0,15,14,0,0,14,14,13376,1,0,0,1,0
2020-08-02,US,Wyoming,Hot Springs,18,0,0,43.71930657,-108.44231740000001,56017.0,407.8857919782462,0.0,18,18,0,0,18,18,4555,0,0,0,0,0
2020-08-02,US,Wyoming,Johnson,22,1,0,44.04057166,-106.58451740000001,56019.0,260.5091770278271,4.545454545454546,21,22,1,0,21,22,8460,0,0,0,0,0
2020-08-02,US,Wyoming,Laramie,473,0,0,41.30702520000001,-104.6887497,56021.0,475.3768844221106,0.0,473,462,0,0,462,456,98976,11,0,0,11,6
2020-08-02,US,Wyoming,Lincoln,92,0,0,42.26376367,-110.6563997,56023.0,463.9435199193142,0.0,92,89,0,0,89,89,19434,3,0,0,3,0
2020-08-02,US,Wyoming,Natrona,216,0,0,42.96180148,-106.79788500000001,56025.0,270.48010218137193,0.0,216,215,0,0,215,215,79115,1,0,0,1,0
2020-08-02,US,Wyoming,Niobrara,2,0,0,43.05607708,-104.47588959999999,56027.0,84.88964346349746,0.0,2,2,0,0,2,2,2388,0,0,0,0,0
2020-08-02,US,Wyoming,Park,117,0,0,44.52157546,-109.58528249999999,56029.0,400.76728094813996,0.0,117,117,0,0,117,115,29324,0,0,0,0,2
2020-08-02,US,Wyoming,Platte,5,0,0,42.13299116,-104.96633100000001,56031.0,59.57345406886692,0.0,5,5,0,0,5,5,8566,0,0,0,0,0
2020-08-02,US,Wyoming,Sheridan,60,0,0,44.79048913,-106.8862389,56033.0,196.81810726586846,0.0,60,60,0,0,60,58,30233,0,0,0,0,2
2020-08-02,US,Wyoming,Sublette,37,0,0,42.76558279,-109.91309220000001,56035.0,376.3604923202116,0.0,37,36,0,0,36,34,9813,1,0,0,1,2
2020-08-02,US,Wyoming,Sweetwater,247,0,0,41.65943896,-108.8827882,56037.0,583.3313652787946,0.0,247,242,0,0,242,240,43051,5,0,0,5,2
2020-08-02,US,Wyoming,Teton,354,0,0,43.93522482,-110.5890801,56039.0,1508.6941697920215,0.0,354,348,0,0,348,335,23081,6,0,0,6,13
2020-08-02,US,Wyoming,Uinta,262,0,0,41.2878183,-110.54757820000002,56041.0,1295.362404825472,0.0,262,259,0,0,259,254,20299,3,0,0,3,5
2020-08-02,US,Wyoming,Unassigned,0,25,0,0.0,0.0,90056.0,0.0,0.0,-25,0,25,0,-25,0,,0,0,0,0,0
2020-08-02,US,Wyoming,Washakie,49,0,0,43.90451606,-107.68018700000002,56043.0,627.8026905829596,0.0,49,49,0,0,49,48,7885,0,0,0,0,1
2020-08-02,US,Wyoming,Weston,5,0,0,43.83961191,-104.56748809999999,56045.0,72.18131947452,0.0,5,5,0,0,5,5,6967,0,0,0,0,0
