Date,Country/Region,Province/State,Admin2,Confirmed,Deaths,Recovered,Latitude,Longitude,FIPS,Incidence_Rate,Case-Fatality_Ratio,Active Cases,Previous Confirmed,Previous Deaths,Previous Recovered,Previous Active,Prev2 Confirmed,Population,Daily Confirmed,Daily Deaths,Daily Recovered,Daily Active,Previous Daily Confirmed
2020-08-24,US,Alabama,Autauga,1286,22,0,32.53952745,-86.64408227,1001.0,2301.813170094328,1.7107309486780715,1264,1266,22,0,1244,1264,55601,20,0,0,20,2
2020-08-24,US,Alabama,Baldwin,4083,32,0,30.72774991,-87.72207058,1003.0,1829.022460736268,0.7837374479549349,4051,4069,32,0,4037,4037,218022,14,0,0,14,32
2020-08-24,US,Alabama,Barbour,633,7,0,31.868263,-85.3871286,1005.0,2564.2064327959165,1.1058451816745656,626,629,7,0,622,626,24881,4,0,0,4,3
2020-08-24,US,Alabama,Bibb,510,6,0,32.99642064,-87.12511459999996,1007.0,2277.395730999375,1.1764705882352942,504,510,6,0,504,503,22400,0,0,0,0,7
2020-08-24,US,Alabama,Blount,946,6,0,33.98210918,-86.56790593,1009.0,1635.9423096876835,0.6342494714587738,940,934,6,0,928,931,57840,12,0,0,12,3
2020-08-24,US,Alabama,Bullock,527,13,0,32.10030533,-85.71265535,1011.0,5217.305217305217,2.4667931688804554,514,527,13,0,514,527,10138,0,0,0,0,0
2020-08-24,US,Alabama,Butler,805,36,0,31.75300095,-86.68057478,1013.0,4139.2431098313455,4.472049689440993,769,804,36,0,768,802,19680,1,0,0,1,2
2020-08-24,US,Alabama,Calhoun,2168,23,0,33.77483727,-85.82630386,1015.0,1908.3667092117425,1.0608856088560883,2145,2144,23,0,2121,2134,114277,24,0,0,24,10
2020-08-24,US,Alabama,Chambers,870,38,0,32.91360079,-85.39072749,1017.0,2616.226619354063,4.367816091954023,832,870,38,0,832,869,33615,0,0,0,0,1
2020-08-24,US,Alabama,Cherokee,336,9,0,34.17805983,-85.60638968,1019.0,1282.638570774164,2.6785714285714284,327,331,9,0,322,330,26032,5,0,0,5,1
2020-08-24,US,Alabama,Chilton,953,10,0,32.85044126,-86.7173256,1021.0,2145.043666156477,1.0493179433368311,943,936,10,0,926,923,44153,17,0,0,17,13
2020-08-24,US,Alabama,Choctaw,312,12,0,32.02227341,-88.26564429999998,1023.0,2478.354118675033,3.8461538461538463,300,306,12,0,294,304,12841,6,0,0,6,2
2020-08-24,US,Alabama,Clarke,887,10,0,31.68099859,-87.83548597,1025.0,3754.97417661502,1.1273957158962795,877,884,10,0,874,882,23920,3,0,0,3,2
2020-08-24,US,Alabama,Clay,317,6,0,33.26984193,-85.85836077,1027.0,2395.1643369852663,1.892744479495268,311,316,6,0,310,316,13275,1,0,0,1,0
2020-08-24,US,Alabama,Cleburne,182,4,0,33.67679204,-85.52005899,1029.0,1220.6572769953052,2.1978021978021984,178,177,4,0,173,176,14987,5,0,0,5,1
2020-08-24,US,Alabama,Coffee,906,5,0,31.39932826,-85.98901039,1031.0,1730.9235413243664,0.5518763796909493,901,902,5,0,897,899,51909,4,0,0,4,3
2020-08-24,US,Alabama,Colbert,1350,19,0,34.69847452,-87.80168544,1033.0,2443.8370051230067,1.4074074074074074,1331,1343,19,0,1324,1337,54762,7,0,0,7,6
2020-08-24,US,Alabama,Conecuh,425,11,0,31.43401703,-86.99320044,1035.0,3522.0021546366124,2.588235294117647,414,421,11,0,410,420,12277,4,0,0,4,1
2020-08-24,US,Alabama,Coosa,112,3,0,32.93690146,-86.24847739,1037.0,1050.3610616149301,2.6785714285714284,109,112,3,0,109,112,10715,0,0,0,0,0
2020-08-24,US,Alabama,Covington,822,22,0,31.247785399999998,-86.45050893,1039.0,2218.683365273017,2.67639902676399,800,819,22,0,797,817,36986,3,0,0,3,2
2020-08-24,US,Alabama,Crenshaw,367,17,0,31.72941803,-86.31593104,1041.0,2664.8271855939593,4.632152588555858,350,367,14,0,353,366,13824,0,3,0,-3,1
2020-08-24,US,Alabama,Cullman,1380,12,0,34.13020303,-86.86888037,1043.0,1647.4071244389263,0.8695652173913043,1368,1365,12,0,1353,1361,83442,15,0,0,15,4
2020-08-24,US,Alabama,Dale,968,36,0,31.43037123,-85.61095742,1045.0,1968.6000162694213,3.71900826446281,932,960,36,0,924,954,48956,8,0,0,8,6
2020-08-24,US,Alabama,Dallas,1414,25,0,32.32688101,-87.10866709999998,1047.0,3801.4840305409184,1.7680339462517682,1389,1404,25,0,1379,1402,38310,10,0,0,10,2
2020-08-24,US,Alabama,DeKalb,1996,14,0,34.45946862,-85.80782906,1049.0,2791.1009187140803,0.7014028056112225,1982,1989,14,0,1975,1976,71385,7,0,0,7,13
2020-08-24,US,Alabama,Elmore,1939,42,0,32.59785413,-86.14415284,1051.0,2387.666391656097,2.166064981949458,1897,1911,42,0,1869,1909,81887,28,0,0,28,2
2020-08-24,US,Alabama,Escambia,1194,20,0,31.1256789,-87.15918694,1053.0,3259.356318073868,1.6750418760469012,1174,1172,20,0,1152,1169,36748,22,0,0,22,3
2020-08-24,US,Alabama,Etowah,2551,37,0,34.04567266,-86.04051873,1055.0,2494.426409042907,1.4504116032928265,2514,2509,37,0,2472,2479,102501,42,0,0,42,30
2020-08-24,US,Alabama,Fayette,270,6,0,33.72076938,-87.73886638,1057.0,1656.2384983437616,2.2222222222222223,264,270,6,0,264,265,16433,0,0,0,0,5
2020-08-24,US,Alabama,Franklin,1453,22,0,34.44235334,-87.84289505,1059.0,4632.99534468465,1.5141087405368203,1431,1432,22,0,1410,1423,31363,21,0,0,21,9
2020-08-24,US,Alabama,Geneva,356,2,0,31.09389027,-85.83572839,1061.0,1355.106391077614,0.5617977528089888,354,353,2,0,351,345,26314,3,0,0,3,8
2020-08-24,US,Alabama,Greene,268,14,0,32.85504247,-87.95684022,1063.0,3304.1548514363208,5.223880597014926,254,268,14,0,254,268,8233,0,0,0,0,0
2020-08-24,US,Alabama,Hale,514,26,0,32.76039258,-87.63284988,1065.0,3508.2929492867383,5.058365758754863,488,512,26,0,486,512,14726,2,0,0,2,0
2020-08-24,US,Alabama,Henry,313,3,0,31.51148016,-85.24267944,1067.0,1819.2385934321421,0.9584664536741214,310,308,3,0,305,301,17209,5,0,0,5,7
2020-08-24,US,Alabama,Houston,1753,14,0,31.15197924,-85.29939599,1069.0,1655.6166298332105,0.7986309184255562,1739,1740,14,0,1726,1725,104722,13,0,0,13,15
2020-08-24,US,Alabama,Jackson,1217,5,0,34.78144169,-85.99750489,1071.0,2357.339325146244,0.4108463434675431,1212,1216,5,0,1211,1208,51736,1,0,0,1,8
2020-08-24,US,Alabama,Jefferson,14688,285,0,33.55554728,-86.89506300000002,1073.0,2230.276673960214,1.9403594771241832,14403,14621,285,0,14336,14579,659300,67,0,0,67,42
2020-08-24,US,Alabama,Lamar,261,2,0,33.77995024,-88.09668032,1075.0,1890.619340818544,0.7662835249042146,259,260,2,0,258,259,13844,1,0,0,1,1
2020-08-24,US,Alabama,Lauderdale,1339,22,0,34.90171875,-87.65624729,1077.0,1443.9927099397169,1.6430171769977595,1317,1329,22,0,1307,1320,92387,10,0,0,10,9
2020-08-24,US,Alabama,Lawrence,411,5,0,34.52041498,-87.31069453,1079.0,1248.3294860891756,1.2165450121654502,406,402,5,0,397,396,32957,9,0,0,9,6
2020-08-24,US,Alabama,Lee,2940,47,0,32.60154883,-85.35132246,1081.0,1786.7778439547349,1.5986394557823134,2893,2930,47,0,2883,2916,163941,10,0,0,10,14
2020-08-24,US,Alabama,Limestone,1541,14,0,34.81185586,-86.98310072,1083.0,1557.9032502653793,0.9085009733939001,1527,1533,14,0,1519,1522,96174,8,0,0,8,11
2020-08-24,US,Alabama,Lowndes,588,24,0,32.1597283,-86.65158371,1085.0,6045.650832819248,4.081632653061225,564,587,24,0,563,585,9974,1,0,0,1,2
2020-08-24,US,Alabama,Macon,375,16,0,32.38759944,-85.69267724,1087.0,2075.492583573168,4.266666666666667,359,374,16,0,358,373,18439,1,0,0,1,1
2020-08-24,US,Alabama,Madison,5926,39,0,34.76327133,-86.55069633,1089.0,1589.1276424006928,0.6581167735403307,5887,5907,39,0,5868,5878,366519,19,0,0,19,29
2020-08-24,US,Alabama,Marengo,613,17,0,32.24767634,-87.78796182,1091.0,3249.7481842760967,2.7732463295269167,596,608,17,0,591,606,19066,5,0,0,5,2
2020-08-24,US,Alabama,Marion,670,27,0,34.13697363,-87.88704173,1093.0,2255.2088592682353,4.029850746268656,643,655,27,0,628,649,29763,15,0,0,15,6
2020-08-24,US,Alabama,Marshall,3436,39,0,34.36975964,-86.30486727,1095.0,3550.540434414202,1.1350407450523865,3397,3428,39,0,3389,3409,96109,8,0,0,8,19
2020-08-24,US,Alabama,Mobile,11568,244,0,30.78472347,-88.20842409,1097.0,2799.545025531812,2.10926694329184,11324,11540,241,0,11299,11510,413757,28,3,0,25,30
2020-08-24,US,Alabama,Monroe,449,6,0,31.56729412,-87.36995001,1099.0,2165.6296725027732,1.33630289532294,443,448,6,0,442,446,21067,1,0,0,1,2
2020-08-24,US,Alabama,Montgomery,7463,155,0,32.2206831,-86.20969272,1101.0,3295.1264095794,2.0769127696636738,7308,7412,155,0,7257,7397,225763,51,0,0,51,15
2020-08-24,US,Alabama,Morgan,2629,22,0,34.45500589,-86.85475946,1103.0,2196.70953132964,0.8368200836820083,2607,2620,22,0,2598,2612,119089,9,0,0,9,8
2020-08-24,US,Alabama,Perry,472,4,0,32.64048341,-87.29770589,1105.0,5289.70077328253,0.8474576271186439,468,472,4,0,468,468,9140,0,0,0,0,4
2020-08-24,US,Alabama,Pickens,501,10,0,33.28094866,-88.08818103,1107.0,2513.7982940291017,1.996007984031936,491,497,10,0,487,492,19938,4,0,0,4,5
2020-08-24,US,Alabama,Pike,784,7,0,31.80396383,-85.9408295,1109.0,2367.578667633025,0.8928571428571429,777,781,7,0,774,774,33338,3,0,0,3,7
2020-08-24,US,Alabama,Randolph,439,11,0,33.29526734,-85.45708831,1111.0,1932.048235190564,2.5056947608200457,428,436,11,0,425,430,22725,3,0,0,3,6
2020-08-24,US,Alabama,Russell,1507,2,0,32.28725256,-85.18415324,1113.0,2600.024154172633,0.13271400132714,1505,1500,2,0,1498,1493,57781,7,0,0,7,7
2020-08-24,US,Alabama,Shelby,3654,38,0,33.26879845,-86.66232561,1117.0,1678.4411718771532,1.0399562123700057,3616,3643,38,0,3605,3625,215707,11,0,0,11,18
2020-08-24,US,Alabama,St. Clair,1560,24,0,33.71902176,-86.31029372,1115.0,1742.7830905353476,1.5384615384615383,1536,1550,24,0,1526,1514,88690,10,0,0,10,36
2020-08-24,US,Alabama,Sumter,391,19,0,32.59117397,-88.19916205,1119.0,3146.3748290013677,4.859335038363171,372,390,19,0,371,390,12691,1,0,0,1,0
2020-08-24,US,Alabama,Talladega,1234,16,0,33.37823223,-86.16886178,1121.0,1542.9243041836505,1.2965964343598055,1218,1218,16,0,1202,1210,79828,16,0,0,16,8
2020-08-24,US,Alabama,Tallapoosa,921,79,0,32.86698258,-85.79833053,1123.0,2281.566626204573,8.577633007600435,842,919,79,0,840,917,40497,2,0,0,2,2
2020-08-24,US,Alabama,Tuscaloosa,4821,86,0,33.28726072,-87.52556818,1125.0,2302.787131905137,1.7838622692387471,4735,4792,86,0,4706,4769,208911,29,0,0,29,23
2020-08-24,US,Alabama,Unassigned,5941,74,0,0.0,0.0,90001.0,0.0,1.2455815519272848,5867,4966,69,0,4897,4966,,975,5,0,970,0
2020-08-24,US,Alabama,Walker,1744,67,0,33.80270512,-87.30027177,1127.0,2745.548716172604,3.8417431192660554,1677,1713,67,0,1646,1706,63711,31,0,0,31,7
2020-08-24,US,Alabama,Washington,484,13,0,31.4092794,-88.20689944,1129.0,2964.596349381355,2.6859504132231407,471,484,13,0,471,483,16378,0,0,0,0,1
2020-08-24,US,Alabama,Wilcox,471,10,0,31.98773215,-87.30891118,1131.0,4540.634339149716,2.123142250530785,461,469,10,0,459,468,10627,2,0,0,2,1
2020-08-24,US,Alabama,Winston,506,11,0,34.15030532,-87.37325922,1133.0,2141.436370561598,2.1739130434782608,495,500,11,0,489,498,23660,6,0,0,6,2
2020-08-24,US,Alaska,Aleutians East,2,0,0,55.32222414,-161.9722021,2013.0,59.93407252022774,0.0,2,2,0,0,2,2,3515,0,0,0,0,0
2020-08-24,US,Alaska,Aleutians West,5,0,0,52.3233,-174.1596,2016.0,88.74689385871494,0.0,5,5,0,0,5,5,5723,0,0,0,0,0
2020-08-24,US,Alaska,Anchorage,2737,16,0,61.14998174,-149.14269860000005,2020.0,950.3472222222224,0.5845816587504568,2721,2695,16,0,2679,2665,291538,42,0,0,42,30
2020-08-24,US,Alaska,Bethel,55,1,0,60.90980451,-159.8561831,2050.0,299.14065049494184,1.818181818181818,54,40,1,0,39,38,18216,15,0,0,15,2
2020-08-24,US,Alaska,Bristol Bay,11,0,0,58.74513976,-156.701064,2060.0,1315.7894736842104,0.0,11,11,0,0,11,11,877,0,0,0,0,0
2020-08-24,US,Alaska,Denali,1,0,0,63.67264044,-150.0076108,2068.0,47.687172150691474,0.0,1,1,0,0,1,1,2059,0,0,0,0,0
2020-08-24,US,Alaska,Dillingham,5,0,0,59.79603738,-158.23819419999995,2070.0,101.70870626525631,0.0,5,5,0,0,5,5,5000,0,0,0,0,0
2020-08-24,US,Alaska,Fairbanks North Star,561,8,0,64.80726247,-146.5692662,2090.0,579.2522380200105,1.42602495543672,553,560,8,0,552,549,98971,1,0,0,1,11
2020-08-24,US,Alaska,Haines,5,0,0,59.09893571,-135.4679843,2100.0,197.6284584980237,0.0,5,5,0,0,5,5,2474,0,0,0,0,0
2020-08-24,US,Alaska,Juneau,163,1,0,58.45031811,-134.200436,2110.0,509.789203728029,0.6134969325153374,162,163,1,0,162,157,32113,0,0,0,0,6
2020-08-24,US,Alaska,Kenai Peninsula,401,2,0,60.24429722,-151.53888840000005,2122.0,683.0414934932207,0.4987531172069826,399,399,2,0,397,396,58533,2,0,0,2,3
2020-08-24,US,Alaska,Ketchikan Gateway,42,0,0,55.57445008,-130.975561,2130.0,302.1365369397885,0.0,42,42,0,0,42,42,13918,0,0,0,0,0
2020-08-24,US,Alaska,Kodiak Island,14,0,0,57.65529415,-153.7493579,2150.0,107.70887828896757,0.0,14,14,0,0,14,14,13345,0,0,0,0,0
2020-08-24,US,Alaska,Kusilvak,8,0,0,62.15429159999999,-163.39678830000003,2158.0,96.22323791195574,0.0,8,8,0,0,8,8,8303,0,0,0,0,0
2020-08-24,US,Alaska,Matanuska-Susitna,442,2,0,62.31305045,-149.5741743,2170.0,408.06152312194763,0.4524886877828054,440,435,2,0,433,424,107610,7,0,0,7,11
2020-08-24,US,Alaska,Nome,31,0,0,64.90320724,-164.0353804,2180.0,309.87604958016794,0.0,31,31,0,0,31,30,10008,0,0,0,0,1
2020-08-24,US,Alaska,North Slope,30,0,0,69.31479216,-153.4836093,2185.0,305.12611879576895,0.0,30,30,0,0,30,30,9872,0,0,0,0,0
2020-08-24,US,Alaska,Northwest Arctic,62,0,0,67.04919196,-159.7503946,2188.0,813.5415299829417,0.0,62,62,0,0,62,62,7671,0,0,0,0,0
2020-08-24,US,Alaska,Petersburg,7,1,0,57.13978948,-132.9540995,2195.0,214.32945499081444,14.285714285714285,6,7,1,0,6,7,3221,0,0,0,0,0
2020-08-24,US,Alaska,Prince of Wales-Hyder,20,0,0,55.76261984,-133.0511621,2198.0,322.4246332419797,0.0,20,20,0,0,20,20,6422,0,0,0,0,0
2020-08-24,US,Alaska,Sitka,34,0,0,57.24124555,-135.3206587,2220.0,400.3296832685741,0.0,34,34,0,0,34,34,8647,0,0,0,0,0
2020-08-24,US,Alaska,Southeast Fairbanks,18,0,0,63.87692095,-143.2127643,2240.0,261.13448425939356,0.0,18,18,0,0,18,18,6918,0,0,0,0,0
2020-08-24,US,Alaska,Unassigned,2,0,0,0.0,0.0,90002.0,0.0,0.0,2,1,0,0,1,1,,1,0,0,1,0
2020-08-24,US,Alaska,Valdez-Cordova,70,0,0,61.47502768,-144.7126799,2261.0,760.7041947402737,0.0,70,69,0,0,69,69,9164,1,0,0,1,0
2020-08-24,US,Alaska,Wrangell,9,0,0,56.3202004,-132.05837309999998,2275.0,359.71223021582733,0.0,9,9,0,0,9,9,2503,0,0,0,0,0
2020-08-24,US,Alaska,Yakutat,9,0,0,59.890980799999994,-140.36014509999998,2282.0,1554.4041450777206,0.0,9,9,0,0,9,9,604,0,0,0,0,0
2020-08-24,US,Alaska,Yukon-Koyukuk,66,1,0,65.50815459,-151.39073869999999,2290.0,1261.9502868068835,1.5151515151515151,65,66,1,0,65,66,5327,0,0,0,0,0
2020-08-24,US,Arizona,Apache,3301,148,0,35.39465006,-109.4892383,4001.0,4591.9289996800535,4.483489851560133,3153,3302,148,0,3154,3301,71818,-1,0,0,-1,1
2020-08-24,US,Arizona,Cochise,1795,56,0,31.87934684,-109.7516088,4003.0,1425.4856180810345,3.119777158774373,1739,1795,56,0,1739,1791,126770,0,0,0,0,4
2020-08-24,US,Arizona,Coconino,3249,122,0,35.83883429,-111.77071780000001,4005.0,2264.490228330871,3.755001538935057,3127,3244,122,0,3122,3236,142854,5,0,0,5,8
2020-08-24,US,Arizona,Gila,1076,43,0,33.80190085,-110.8132779,4007.0,1991.9286163871304,3.996282527881041,1033,1073,43,0,1030,1074,53889,3,0,0,3,-1
2020-08-24,US,Arizona,Graham,669,22,0,32.93166885,-109.8882178,4009.0,1722.584133686948,3.2884902840059786,647,669,22,0,647,664,38072,0,0,0,0,5
2020-08-24,US,Arizona,Greenlee,58,1,0,33.21498827,-109.2405279,4011.0,610.6548747104654,1.7241379310344829,57,57,1,0,56,57,9483,1,0,0,1,0
2020-08-24,US,Arizona,La Paz,495,14,0,33.72854224,-113.98100290000001,4012.0,2345.0824332006823,2.8282828282828283,481,494,14,0,480,495,21098,1,0,0,1,-1
2020-08-24,US,Arizona,Maricopa,131962,2790,0,33.34835867,-112.49181540000001,4013.0,2942.024972499752,2.1142450099271004,129172,131787,2790,0,128997,131685,4410824,175,0,0,175,102
2020-08-24,US,Arizona,Mohave,3500,194,0,35.70471703,-113.7577902,4015.0,1649.5350667590405,5.542857142857144,3306,3489,194,0,3295,3484,209550,11,0,0,11,5
2020-08-24,US,Arizona,Navajo,5496,216,0,35.3997715,-110.3218983,4017.0,4954.743788539901,3.930131004366812,5280,5498,216,0,5282,5500,110445,-2,0,0,-2,-2
2020-08-24,US,Arizona,Pima,20535,551,0,32.0971334,-111.7890033,4019.0,1960.7955473183365,2.683223764304845,19984,20475,551,0,19924,20446,1039073,60,0,0,60,29
2020-08-24,US,Arizona,Pinal,9211,177,0,32.90525627,-111.3449483,4021.0,1990.3238841026905,1.9216154597763544,9034,9187,177,0,9010,9149,447138,24,0,0,24,38
2020-08-24,US,Arizona,Santa Cruz,2745,55,0,31.52508998,-110.8479088,4023.0,5903.479719557829,2.0036429872495445,2690,2742,55,0,2687,2735,46511,3,0,0,3,7
2020-08-24,US,Arizona,Unassigned,1,1,0,0.0,0.0,90004.0,0.0,100.0,0,1,1,0,0,0,,0,0,0,0,1
2020-08-24,US,Arizona,Yavapai,2249,77,0,34.59933926,-112.5538588,4025.0,956.6182757051283,3.4237438861716316,2172,2242,77,0,2165,2235,231993,7,0,0,7,7
2020-08-24,US,Arizona,Yuma,12072,304,0,32.76895712,-113.90666740000002,4027.0,5646.7418505334745,2.518223989396952,11768,12048,304,0,11744,12043,212128,24,0,0,24,5
2020-08-24,US,Arkansas,Arkansas,265,2,0,34.29145151,-91.37277296,5001.0,1515.4981127759354,0.7547169811320755,263,265,2,0,263,263,17769,0,0,0,0,2
2020-08-24,US,Arkansas,Ashley,380,7,0,33.19153461,-91.76984709999999,5003.0,1933.153583965,1.8421052631578947,373,379,7,0,372,376,20046,1,0,0,1,3
2020-08-24,US,Arkansas,Baxter,116,0,0,36.28784385,-92.33782872,5005.0,276.63836687971,0.0,116,116,0,0,116,107,41619,0,0,0,0,9
2020-08-24,US,Arkansas,Benton,5097,45,0,36.33644656,-94.25680817,5007.0,1825.958923984653,0.8828722778104767,5052,5092,45,0,5047,5066,272608,5,0,0,5,26
2020-08-24,US,Arkansas,Boone,270,1,0,36.3084504,-93.09374925,5009.0,721.3079717888437,0.3703703703703704,269,266,1,0,265,257,37480,4,0,0,4,9
2020-08-24,US,Arkansas,Bradley,267,5,0,33.46755808,-92.15980837,5011.0,2480.7209885719594,1.8726591760299625,262,260,4,0,256,251,10897,7,1,0,6,9
2020-08-24,US,Arkansas,Calhoun,23,0,0,33.55598792,-92.49974403,5013.0,443.24532665253423,0.0,23,23,0,0,23,23,5277,0,0,0,0,0
2020-08-24,US,Arkansas,Carroll,436,7,0,36.34038560000001,-93.54270261,5015.0,1536.2931642001404,1.6055045871559632,429,432,7,0,425,429,28223,4,0,0,4,3
2020-08-24,US,Arkansas,Chicot,939,10,0,33.26458973,-91.29539209,5017.0,9280.4902154576,1.064962726304579,929,938,10,0,928,935,10438,1,0,0,1,3
2020-08-24,US,Arkansas,Clark,210,3,0,34.04613432,-93.17484713,5019.0,940.8602150537636,1.4285714285714286,207,208,3,0,205,206,22061,2,0,0,2,2
2020-08-24,US,Arkansas,Clay,164,5,0,36.36826212,-90.4148172,5021.0,1127.07030444643,3.0487804878048776,159,164,5,0,159,162,14847,0,0,0,0,2
2020-08-24,US,Arkansas,Cleburne,245,6,0,35.53864922,-92.02640019,5023.0,983.1855210883259,2.4489795918367347,239,244,6,0,238,243,24965,1,0,0,1,1
2020-08-24,US,Arkansas,Cleveland,130,2,0,33.89723187,-92.18537045,5025.0,1633.9869281045749,1.5384615384615383,128,129,2,0,127,127,8018,1,0,0,1,2
2020-08-24,US,Arkansas,Columbia,281,12,0,33.21230701,-93.22642793,5027.0,1197.9366500404997,4.270462633451957,269,274,12,0,262,273,23537,7,0,0,7,1
2020-08-24,US,Arkansas,Conway,189,3,0,35.26205537,-92.70506566,5029.0,906.6487575554063,1.5873015873015872,186,189,3,0,186,188,20891,0,0,0,0,1
2020-08-24,US,Arkansas,Craighead,1696,14,0,35.83018283,-90.63235729,5031.0,1537.1786970235294,0.8254716981132075,1682,1682,14,0,1668,1675,108558,14,0,0,14,7
2020-08-24,US,Arkansas,Crawford,839,6,0,35.58928601,-94.2446814,5033.0,1326.3354253284222,0.7151370679380215,833,835,6,0,829,827,63406,4,0,0,4,8
2020-08-24,US,Arkansas,Crittenden,1582,28,0,35.21247318,-90.30839406,5035.0,3298.92607653008,1.7699115044247788,1554,1573,28,0,1545,1563,48342,9,0,0,9,10
2020-08-24,US,Arkansas,Cross,241,4,0,35.29631396,-90.77185818,5037.0,1467.8116815884036,1.6597510373443984,237,240,4,0,236,238,16676,1,0,0,1,2
2020-08-24,US,Arkansas,Dallas,90,2,0,33.97042763,-92.65167437,5039.0,1284.063347125125,2.2222222222222223,88,90,2,0,88,88,7182,0,0,0,0,2
2020-08-24,US,Arkansas,Desha,223,4,0,33.83011025,-91.25500948,5041.0,1962.855382448728,1.7937219730941705,219,223,4,0,219,220,11512,0,0,0,0,3
2020-08-24,US,Arkansas,Drew,296,4,0,33.59035001,-91.71777921,5043.0,1624.677534442066,1.351351351351351,292,296,4,0,292,296,18328,0,0,0,0,0
2020-08-24,US,Arkansas,Faulkner,1535,7,0,35.14719007,-92.33717519,5045.0,1218.1862912377885,0.4560260586319218,1528,1500,7,0,1493,1485,124806,35,0,0,35,15
2020-08-24,US,Arkansas,Franklin,153,2,0,35.51202821,-93.89299569,5047.0,863.6748518204912,1.30718954248366,151,152,2,0,150,149,17810,1,0,0,1,3
2020-08-24,US,Arkansas,Fulton,60,0,0,36.38177105,-91.81729127,5049.0,480.88482808367394,0.0,60,59,0,0,59,55,12269,1,0,0,1,4
2020-08-24,US,Arkansas,Garland,1308,25,0,34.57692074,-93.14921604,5051.0,1316.0807357173042,1.91131498470948,1283,1296,25,0,1271,1288,99154,12,0,0,12,8
2020-08-24,US,Arkansas,Grant,169,0,0,34.29017991,-92.42320562,5053.0,925.2669039145908,0.0,169,168,0,0,168,164,18188,1,0,0,1,4
2020-08-24,US,Arkansas,Greene,584,3,0,36.11735460000001,-90.55832668,5055.0,1288.4721456150028,0.5136986301369864,581,584,3,0,581,574,45325,0,0,0,0,10
2020-08-24,US,Arkansas,Hempstead,307,3,0,33.73325583,-93.66935133,5057.0,1425.784878320639,0.977198697068404,304,306,3,0,303,303,21741,1,0,0,1,3
2020-08-24,US,Arkansas,Hot Spring,1681,17,0,34.31709259,-92.95396325,5059.0,4977.6435403156565,1.0113027959547891,1664,1678,17,0,1661,1677,33701,3,0,0,3,1
2020-08-24,US,Arkansas,Howard,393,5,0,34.09007427,-93.9934871,5061.0,2976.8216936827753,1.272264631043257,388,391,5,0,386,389,13341,2,0,0,2,2
2020-08-24,US,Arkansas,Independence,692,3,0,35.74242707,-91.57001641,5063.0,1829.4778585591541,0.4335260115606937,689,684,3,0,681,676,37678,8,0,0,8,8
2020-08-24,US,Arkansas,Izard,81,0,0,36.09604046,-91.90847954,5065.0,594.3209333039841,0.0,81,81,0,0,81,78,13593,0,0,0,0,3
2020-08-24,US,Arkansas,Jackson,176,1,0,35.59802983,-91.21494602,5067.0,1052.6945391470779,0.5681818181818182,175,176,1,0,175,171,16811,0,0,0,0,5
2020-08-24,US,Arkansas,Jefferson,1904,44,0,34.26767081,-91.92619839,5069.0,2849.2757093259906,2.310924369747899,1860,1899,43,0,1856,1881,68114,5,1,0,4,18
2020-08-24,US,Arkansas,Johnson,739,3,0,35.56759135,-93.46036368,5071.0,2780.495146361653,0.4059539918809202,736,735,3,0,732,734,26742,4,0,0,4,1
2020-08-24,US,Arkansas,Lafayette,65,2,0,33.24116713,-93.60677071,5073.0,981.2801932367148,3.0769230769230766,63,65,2,0,63,65,6682,0,0,0,0,0
2020-08-24,US,Arkansas,Lawrence,245,10,0,36.04188196,-91.10867198,5075.0,1493.3560892356454,4.081632653061225,235,240,10,0,230,239,16434,5,0,0,5,1
2020-08-24,US,Arkansas,Lee,993,10,0,34.78498904,-90.78383866,5077.0,11211.471152760527,1.0070493454179257,983,992,8,0,984,991,8985,1,2,0,-1,1
2020-08-24,US,Arkansas,Lincoln,1375,13,0,33.95317155,-91.74002806,5079.0,10557.432432432432,0.9454545454545454,1362,1375,13,0,1362,1374,13383,0,0,0,0,1
2020-08-24,US,Arkansas,Little River,258,13,0,33.70375665,-94.23468591,5081.0,2104.5762297087854,5.038759689922482,245,256,13,0,243,254,12326,2,0,0,2,2
2020-08-24,US,Arkansas,Logan,351,1,0,35.21413234,-93.71951016,5083.0,1635.1439485698313,0.2849002849002849,350,347,1,0,346,347,21737,4,0,0,4,0
2020-08-24,US,Arkansas,Lonoke,652,2,0,34.75392199,-91.88742357,5085.0,889.386023544176,0.3067484662576687,650,651,2,0,649,642,73657,1,0,0,1,9
2020-08-24,US,Arkansas,Madison,286,2,0,36.01038185,-93.72524943,5087.0,1725.3861003861005,0.6993006993006993,284,286,2,0,284,286,16481,0,0,0,0,0
2020-08-24,US,Arkansas,Marion,41,0,0,36.26844485,-92.68451899,5089.0,245.59722055828442,0.0,41,41,0,0,41,41,16722,0,0,0,0,0
2020-08-24,US,Arkansas,Miller,572,5,0,33.31403423,-93.89285258,5091.0,1322.3293339806273,0.8741258741258742,567,571,5,0,566,566,43592,1,0,0,1,5
2020-08-24,US,Arkansas,Mississippi,1268,17,0,35.76271485,-90.05194370000002,5093.0,3119.2344591768956,1.3406940063091484,1251,1261,16,0,1245,1249,41239,7,1,0,6,12
2020-08-24,US,Arkansas,Monroe,89,0,0,34.6815935,-91.20540287,5095.0,1328.1599761229668,0.0,89,89,0,0,89,89,6900,0,0,0,0,0
2020-08-24,US,Arkansas,Montgomery,60,2,0,34.53704874,-93.65824478,5097.0,667.7053193857109,3.333333333333333,58,58,2,0,56,57,8924,2,0,0,2,1
2020-08-24,US,Arkansas,Nevada,156,11,0,33.66340119,-93.30632432,5099.0,1890.450799806108,7.05128205128205,145,156,11,0,145,156,8326,0,0,0,0,0
2020-08-24,US,Arkansas,Newton,109,15,0,35.91947491,-93.21612969,5101.0,1405.907390687476,13.761467889908257,94,108,15,0,93,108,7805,1,0,0,1,0
2020-08-24,US,Arkansas,Ouachita,132,4,0,33.58839816,-92.87795984,5103.0,564.5368231973313,3.0303030303030303,128,130,4,0,126,129,23606,2,0,0,2,1
2020-08-24,US,Arkansas,Perry,59,0,0,34.945915299999996,-92.94372564,5105.0,564.3232902917265,0.0,59,59,0,0,59,59,10352,0,0,0,0,0
2020-08-24,US,Arkansas,Phillips,375,9,0,34.43268455,-90.84800154,5107.0,2108.874142391182,2.4,366,375,9,0,366,374,18029,0,0,0,0,1
2020-08-24,US,Arkansas,Pike,157,1,0,34.16250414,-93.65789349,5109.0,1464.8255271505875,0.6369426751592356,156,156,1,0,155,154,10673,1,0,0,1,2
2020-08-24,US,Arkansas,Poinsett,429,4,0,35.57433534,-90.66268713,5111.0,1823.3594015640936,0.9324009324009324,425,406,4,0,402,398,23974,23,0,0,23,8
2020-08-24,US,Arkansas,Polk,207,2,0,34.48254879,-94.22728802,5113.0,1036.8663594470047,0.966183574879227,205,204,2,0,202,200,20049,3,0,0,3,4
2020-08-24,US,Arkansas,Pope,1593,14,0,35.44871474,-93.03212219,5115.0,2486.265451367212,0.8788449466415568,1579,1591,14,0,1577,1580,64000,2,0,0,2,11
2020-08-24,US,Arkansas,Prairie,114,0,0,34.83624419,-91.55162157,5117.0,1414.0411808484243,0.0,114,114,0,0,114,114,8074,0,0,0,0,0
2020-08-24,US,Arkansas,Pulaski,6590,98,0,34.77054088,-92.31355101,5119.0,1681.5042190701458,1.487101669195751,6492,6533,95,0,6438,6477,392680,57,3,0,54,56
2020-08-24,US,Arkansas,Randolph,290,12,0,36.3415714,-91.02455531,5121.0,1614.879162490255,4.137931034482759,278,290,11,0,279,288,17948,0,1,0,-1,2
2020-08-24,US,Arkansas,Saline,1384,10,0,34.64916145,-92.67583224,5125.0,1130.3772552414712,0.7225433526011561,1374,1375,10,0,1365,1367,121421,9,0,0,9,8
2020-08-24,US,Arkansas,Scott,84,0,0,34.85588887,-94.0632176,5127.0,817.0411438576014,0.0,84,84,0,0,84,84,10319,0,0,0,0,0
2020-08-24,US,Arkansas,Searcy,62,0,0,35.9109364,-92.69936482,5129.0,786.7021951528993,0.0,62,58,0,0,58,58,7958,4,0,0,4,0
2020-08-24,US,Arkansas,Sebastian,2686,29,0,35.19605503,-94.27162713,5131.0,2101.2775078817467,1.0796723752792257,2657,2679,29,0,2650,2666,127753,7,0,0,7,13
2020-08-24,US,Arkansas,Sevier,1121,12,0,33.99780401,-94.2424869,5133.0,6591.403539718939,1.0704727921498662,1109,1120,12,0,1108,1114,17139,1,0,0,1,6
2020-08-24,US,Arkansas,Sharp,136,5,0,36.16258158,-91.47819342,5135.0,779.7270955165692,3.6764705882352944,131,136,5,0,131,132,17366,0,0,0,0,4
2020-08-24,US,Arkansas,St. Francis,1280,3,0,35.02201976,-90.74828138,5123.0,5121.229094982796,0.234375,1277,1270,3,0,1267,1263,25439,10,0,0,10,7
2020-08-24,US,Arkansas,Stone,155,1,0,35.86251946,-92.15684085,5137.0,1239.4050855589314,0.6451612903225806,154,153,1,0,152,151,12457,2,0,0,2,2
2020-08-24,US,Arkansas,Unassigned,826,0,0,0.0,0.0,90005.0,0.0,0.0,826,810,0,0,810,813,,16,0,0,16,-3
2020-08-24,US,Arkansas,Union,634,21,0,33.16887091,-92.59746952,5139.0,1639.0052220671116,3.3123028391167186,613,627,21,0,606,624,39126,7,0,0,7,3
2020-08-24,US,Arkansas,Van Buren,84,2,0,35.58095779,-92.51295036,5141.0,507.70625566636454,2.380952380952381,82,80,2,0,78,75,16603,4,0,0,4,5
2020-08-24,US,Arkansas,Washington,6615,54,0,35.976844,-94.21800746,5143.0,2765.618532779792,0.8163265306122449,6561,6610,54,0,6556,6597,236961,5,0,0,5,13
2020-08-24,US,Arkansas,White,462,8,0,35.25688493,-91.74908296,5145.0,586.6443183116834,1.7316017316017316,454,455,8,0,447,448,78727,7,0,0,7,7
2020-08-24,US,Arkansas,Woodruff,27,0,0,35.18902527,-91.2439489,5147.0,427.21518987341767,0.0,27,27,0,0,27,26,6490,0,0,0,0,1
2020-08-24,US,Arkansas,Yell,1111,21,0,35.00292371,-93.41171338,5149.0,5205.941614732205,1.8901890189018904,1090,1109,21,0,1088,1107,21535,2,0,0,2,2
2020-08-24,US,California,Alameda,16786,234,0,37.64629437,-121.8929271,6001.0,1004.3504301068193,1.3940188252114858,16552,16723,234,0,16489,16693,1666753,63,0,0,63,30
2020-08-24,US,California,Alpine,2,0,0,38.59678594,-119.82235940000001,6003.0,177.14791851195747,0.0,2,2,0,0,2,2,1101,0,0,0,0,0
2020-08-24,US,California,Amador,265,14,0,38.44583082,-120.65696000000001,6005.0,666.6331253773395,5.283018867924528,251,265,14,0,251,265,39383,0,0,0,0,0
2020-08-24,US,California,Butte,1637,17,0,39.66727762,-121.6005252,6007.0,746.8542698895003,1.0384850335980451,1620,1618,17,0,1601,1582,231256,19,0,0,19,36
2020-08-24,US,California,Calaveras,197,2,0,38.20537103,-120.55291299999999,6009.0,429.14715172639154,1.0152284263959392,195,197,2,0,195,197,45602,0,0,0,0,0
2020-08-24,US,California,Colusa,424,5,0,39.17881957,-122.2331726,6011.0,1967.7913398616975,1.179245283018868,419,419,5,0,414,419,21627,5,0,0,5,0
2020-08-24,US,California,Contra Costa,12663,169,0,37.91923498,-121.9289527,6013.0,1097.7645930824274,1.3345968569849167,12494,12527,168,0,12359,12362,1150215,136,1,0,135,165
2020-08-24,US,California,Del Norte,116,1,0,41.74228275,-123.89740630000001,6015.0,417.0861498633684,0.8620689655172413,115,116,1,0,115,116,27828,0,0,0,0,0
2020-08-24,US,California,El Dorado,901,2,0,38.77965956,-120.5233166,6017.0,467.21944794470113,0.22197558268590456,899,900,2,0,898,896,190678,1,0,0,1,4
2020-08-24,US,California,Fresno,23414,226,0,36.75733899,-119.6466953,6019.0,2343.5068126245496,0.9652344751003672,23188,23197,226,0,22971,22840,994400,217,0,0,217,357
2020-08-24,US,California,Glenn,425,3,0,39.59875897,-122.3938452,6021.0,1496.847814602191,0.7058823529411765,422,425,3,0,422,425,28047,0,0,0,0,0
2020-08-24,US,California,Humboldt,359,4,0,40.69923009,-123.876044,6023.0,264.83128992755866,1.1142061281337048,355,345,4,0,341,345,136373,14,0,0,14,0
2020-08-24,US,California,Imperial,10396,272,0,33.0393082,-115.36690420000001,6025.0,5736.83193996082,2.616390919584456,10124,10393,272,0,10121,10393,181827,3,0,0,3,0
2020-08-24,US,California,Inyo,164,11,0,36.51112084,-117.41119779999998,6027.0,909.1413049503852,6.7073170731707314,153,164,11,0,153,164,17987,0,0,0,0,0
2020-08-24,US,California,Kern,28140,240,0,35.34329425,-118.72777959999999,6029.0,3125.9650611751586,0.8528784648187633,27900,27915,240,0,27675,27658,896764,225,0,0,225,257
2020-08-24,US,California,Kings,5921,69,0,36.07409056,-119.8159973,6031.0,3871.452857329672,1.1653436919439284,5852,5892,69,0,5823,5703,151366,29,0,0,29,189
2020-08-24,US,California,Lake,299,3,0,39.10124298,-122.75362439999999,6033.0,464.38666790917284,1.0033444816053512,296,291,3,0,288,290,64382,8,0,0,8,1
2020-08-24,US,California,Lassen,704,0,0,40.67311306,-120.59350990000002,6035.0,2302.6853759853466,0.0,704,704,0,0,704,704,30802,0,0,0,0,0
2020-08-24,US,California,Los Angeles,232893,5558,0,34.30828379,-118.22824109999999,6037.0,2319.857732366036,2.386503673360728,227335,231695,5545,0,226150,230662,10105518,1198,13,0,1185,1033
2020-08-24,US,California,Madera,3484,50,0,37.21513971,-119.76655890000002,6039.0,2214.495922505355,1.4351320321469576,3434,3339,49,0,3290,3339,157672,145,1,0,144,0
2020-08-24,US,California,Marin,5930,86,0,38.07122463,-122.72106310000001,6041.0,2291.1144939071037,1.4502529510961215,5844,5879,86,0,5793,5879,259666,51,0,0,51,0
2020-08-24,US,California,Mariposa,69,2,0,37.57978556,-119.9073334,6043.0,401.09283264546883,2.898550724637681,67,69,2,0,67,69,17471,0,0,0,0,0
2020-08-24,US,California,Mendocino,629,16,0,39.4381191,-123.39113130000001,6045.0,725.080404385065,2.5437201907790143,613,624,16,0,608,605,87606,5,0,0,5,19
2020-08-24,US,California,Merced,7574,99,0,37.18922369,-120.72090349999999,6047.0,2727.6001152405647,1.3071032479535252,7475,7493,99,0,7394,7428,274765,81,0,0,81,65
2020-08-24,US,California,Modoc,5,0,0,41.58965602,-120.7244817,6049.0,56.55468838366701,0.0,5,5,0,0,5,5,8777,0,0,0,0,0
2020-08-24,US,California,Mono,162,2,0,37.93899289,-118.8872409,6051.0,1121.5729714760457,1.2345679012345678,160,162,2,0,160,162,14250,0,0,0,0,0
2020-08-24,US,California,Monterey,7226,52,0,36.21862405,-121.24133970000001,6053.0,1664.7429739138047,0.7196235815112095,7174,7081,52,0,7029,6974,435594,145,0,0,145,107
2020-08-24,US,California,Napa,1348,13,0,38.50735751,-122.33283899999999,6055.0,978.627018236729,0.9643916913946587,1335,1328,13,0,1315,1317,139417,20,0,0,20,11
2020-08-24,US,California,Nevada,421,3,0,39.30394768,-120.76272809999999,6057.0,422.0339832589845,0.7125890736342043,418,411,3,0,408,406,99696,10,0,0,10,5
2020-08-24,US,California,Orange,46307,897,0,33.70147516,-117.76459979999998,6059.0,1458.1703767241906,1.9370721489191696,45410,45954,897,0,45057,45801,3185968,353,0,0,353,153
2020-08-24,US,California,Placer,2795,31,0,39.06167234,-120.72405690000001,6061.0,701.6812735201303,1.10912343470483,2764,2777,31,0,2746,2740,393149,18,0,0,18,37
2020-08-24,US,California,Plumas,40,0,0,40.00355989,-120.8395236,6063.0,212.6867655660127,0.0,40,40,0,0,40,40,18804,0,0,0,0,0
2020-08-24,US,California,Riverside,50744,972,0,33.74314981,-115.9933578,6065.0,2053.9589224406263,1.9154973987072363,49772,49944,927,0,49017,49482,2450758,800,45,0,755,462
2020-08-24,US,California,Sacramento,16331,246,0,38.45106826,-121.34253740000001,6067.0,1052.2158321402935,1.5063376400710309,16085,15516,234,0,15282,15247,1540975,815,12,0,803,269
2020-08-24,US,California,San Benito,978,7,0,36.60308176,-121.069975,6069.0,1557.1264807030955,0.7157464212678937,971,970,7,0,963,947,61537,8,0,0,8,23
2020-08-24,US,California,San Bernardino,45246,692,0,34.84060306,-116.1774685,6071.0,2075.423664673625,1.529416965035583,44554,45035,691,0,44344,44603,2171603,211,1,0,210,432
2020-08-24,US,California,San Diego,36727,660,0,33.03484597,-116.73653259999999,6073.0,1100.16085887255,1.7970430473493617,36067,36540,660,0,35880,36203,3343364,187,0,0,187,337
2020-08-24,US,California,San Francisco,8936,77,0,37.75215114,-122.43856720000001,6075.0,1013.6702554253932,0.8616830796777082,8859,8871,77,0,8794,8791,883305,65,0,0,65,80
2020-08-24,US,California,San Joaquin,16131,297,0,37.93433732,-121.2730061,6077.0,2116.518051612022,1.8411753766040544,15834,16068,295,0,15773,15888,752660,63,2,0,61,180
2020-08-24,US,California,San Luis Obispo,2679,21,0,35.38822029,-120.4039028,6079.0,946.2719569356187,0.7838745800671892,2658,2665,21,0,2644,2665,284010,14,0,0,14,0
2020-08-24,US,California,San Mateo,7670,128,0,37.422880799999994,-122.32755459999998,6081.0,1000.5570245756113,1.66883963494133,7542,7535,128,0,7407,7535,769545,135,0,0,135,0
2020-08-24,US,California,Santa Barbara,7725,87,0,34.65329488,-120.0188492,6083.0,1730.1270551557784,1.1262135922330097,7638,7685,87,0,7598,7653,446527,40,0,0,40,32
2020-08-24,US,California,Santa Clara,16151,224,0,37.23104908,-121.6970462,6085.0,837.7717791614709,1.3869110271809797,15927,15688,224,0,15464,15496,1937570,463,0,0,463,192
2020-08-24,US,California,Santa Cruz,1636,7,0,37.05580291,-122.0066524,6087.0,598.8002035042258,0.4278728606356968,1629,1628,7,0,1621,1617,274255,8,0,0,8,11
2020-08-24,US,California,Shasta,531,11,0,40.76391419,-122.0396884,6089.0,294.86894713460686,2.071563088512241,520,531,11,0,520,531,180040,0,0,0,0,0
2020-08-24,US,California,Sierra,6,0,0,39.57713498,-120.52007009999998,6091.0,199.6672212978369,0.0,6,6,0,0,6,6,2987,0,0,0,0,0
2020-08-24,US,California,Siskiyou,123,0,0,41.59198861,-122.54074340000001,6093.0,282.50534003996415,0.0,123,123,0,0,123,123,43724,0,0,0,0,0
2020-08-24,US,California,Solano,5206,46,0,38.26827353,-121.9357113,6095.0,1162.9803213721648,0.8835958509412216,5160,5048,44,0,5004,5048,446610,158,2,0,156,0
2020-08-24,US,California,Sonoma,5212,73,0,38.52746429,-122.88625060000001,6097.0,1054.3436043500776,1.4006139677666922,5139,5120,72,0,5048,5067,499942,92,1,0,91,53
2020-08-24,US,California,Stanislaus,13483,232,0,37.55862499,-120.9970722,6099.0,2448.516325863509,1.7206853074241637,13251,13380,229,0,13151,13282,549815,103,3,0,100,98
2020-08-24,US,California,Sutter,1260,8,0,39.03417539,-121.6945899,6101.0,1299.3575398830576,0.6349206349206349,1252,1223,7,0,1216,1223,96807,37,1,0,36,0
2020-08-24,US,California,Tehama,381,1,0,40.12570935,-122.23701709999999,6103.0,585.3973326777702,0.2624671916010499,380,368,1,0,367,357,63916,13,0,0,13,11
2020-08-24,US,California,Trinity,10,0,0,40.64917670000001,-123.114713,6105.0,81.4000814000814,0.0,10,10,0,0,10,8,12535,0,0,0,0,2
2020-08-24,US,California,Tulare,13303,210,0,36.22026558,-118.8020203,6107.0,2853.526957603578,1.5785912951965722,13093,13196,210,0,12986,13117,465861,107,0,0,107,79
2020-08-24,US,California,Tuolumne,172,2,0,38.02644018,-119.95250929999999,6109.0,315.72377840596215,1.162790697674419,170,172,2,0,170,172,54539,0,0,0,0,0
2020-08-24,US,California,Ventura,10126,102,0,34.44465746,-119.09106129999999,6111.0,1196.918225166252,1.0073079202054118,10024,9959,102,0,9857,9865,850967,167,0,0,167,94
2020-08-24,US,California,Yolo,2239,47,0,38.68278902,-121.90182879999999,6113.0,1015.4195011337868,2.0991514068780712,2192,2205,47,0,2158,2184,220408,34,0,0,34,21
2020-08-24,US,California,Yuba,859,4,0,39.26255932,-121.35356440000001,6115.0,1091.930645243301,0.4656577415599534,855,844,4,0,840,844,78041,15,0,0,15,0
2020-08-24,US,Colorado,Adams,7188,194,0,39.87432092,-104.3362578,8001.0,1389.197577987751,2.6989426822481914,6994,7166,194,0,6972,7132,511868,22,0,0,22,34
2020-08-24,US,Colorado,Alamosa,236,9,0,37.57250606,-105.7885451,8003.0,1453.8286207108974,3.8135593220338975,227,236,9,0,227,236,16683,0,0,0,0,0
2020-08-24,US,Colorado,Arapahoe,7853,364,0,39.64977461,-104.3353617,8005.0,1196.0279626555384,4.6351712721253016,7489,7832,364,0,7468,7791,651215,21,0,0,21,41
2020-08-24,US,Colorado,Archuleta,45,0,0,37.19474156,-107.04768670000001,8007.0,320.76413144201297,0.0,45,44,0,0,44,44,13765,1,0,0,1,0
2020-08-24,US,Colorado,Baca,15,0,0,37.31940883,-102.5603223,8009.0,418.8774085450991,0.0,15,15,0,0,15,15,3585,0,0,0,0,0
2020-08-24,US,Colorado,Bent,11,0,0,37.95474293,-103.0720195,8011.0,197.23865877712032,0.0,11,11,0,0,11,11,5882,0,0,0,0,0
2020-08-24,US,Colorado,Boulder,2231,79,0,40.09313619,-105.3546767,8013.0,683.9446222516524,3.541012998655312,2152,2222,79,0,2143,2215,326078,9,0,0,9,7
2020-08-24,US,Colorado,Broomfield,515,32,0,39.95998787,-105.0566324,8014.0,730.8592918470163,6.2135922330097095,483,512,32,0,480,511,69267,3,0,0,3,1
2020-08-24,US,Colorado,Chaffee,311,19,0,38.74745778,-106.19265729999998,8015.0,1527.805069758302,6.109324758842443,292,310,19,0,291,309,20027,1,0,0,1,1
2020-08-24,US,Colorado,Cheyenne,9,0,0,38.82777431,-102.6032558,8017.0,491.53468050245766,0.0,9,9,0,0,9,9,1876,0,0,0,0,0
2020-08-24,US,Colorado,Clear Creek,34,1,0,39.68864463,-105.6463118,8019.0,350.5154639175258,2.9411764705882355,33,34,1,0,33,34,9605,0,0,0,0,0
2020-08-24,US,Colorado,Conejos,31,0,0,37.201606,-106.19174879999998,8021.0,377.8184034125533,0.0,31,30,0,0,30,30,8200,1,0,0,1,0
2020-08-24,US,Colorado,Costilla,27,0,0,37.27732493,-105.4276548,8023.0,694.6231026498585,0.0,27,26,0,0,26,26,3828,1,0,0,1,0
2020-08-24,US,Colorado,Crowley,73,1,0,38.32608609,-103.7844965,8025.0,1204.4217125886814,1.3698630136986298,72,73,1,0,72,73,5858,0,0,0,0,0
2020-08-24,US,Colorado,Custer,13,0,0,38.10883162,-105.3683478,8027.0,256.5114443567482,0.0,13,13,0,0,13,13,4954,0,0,0,0,0
2020-08-24,US,Colorado,Delta,140,1,0,38.86246243,-107.86313419999999,8029.0,449.2651306077916,0.7142857142857143,139,140,1,0,139,140,30953,0,0,0,0,0
2020-08-24,US,Colorado,Denver,10931,422,0,39.76018276,-104.87256950000001,8031.0,1503.1400790142065,3.8605800018296583,10509,10901,422,0,10479,10842,716492,30,0,0,30,59
2020-08-24,US,Colorado,Dolores,2,0,0,37.75208676,-108.5211585,8033.0,97.32360097323601,0.0,2,2,0,0,2,2,2074,0,0,0,0,0
2020-08-24,US,Colorado,Douglas,1911,59,0,39.33133796,-104.930001,8035.0,544.2056761420915,3.0873888016745163,1852,1901,59,0,1842,1894,342776,10,0,0,10,7
2020-08-24,US,Colorado,Eagle,1166,10,0,39.62754308,-106.6933637,8037.0,2115.1160048615016,0.8576329331046312,1156,1164,9,0,1155,1164,54993,2,1,0,1,0
2020-08-24,US,Colorado,El Paso,5747,150,0,38.83240149,-104.5251411,8041.0,797.7479272018578,2.610057421263268,5597,5723,150,0,5573,5695,713856,24,0,0,24,28
2020-08-24,US,Colorado,Elbert,117,2,0,39.28656773,-104.13587209999999,8039.0,437.72681357327247,1.709401709401709,115,117,2,0,115,117,26282,0,0,0,0,0
2020-08-24,US,Colorado,Fremont,146,0,0,38.47362326,-105.43996670000001,8043.0,305.1903258847384,0.0,146,146,0,0,146,145,48021,0,0,0,0,1
2020-08-24,US,Colorado,Garfield,818,4,0,39.59921777,-107.902708,8045.0,1361.9486855030718,0.4889975550122249,814,816,4,0,812,814,59770,2,0,0,2,2
2020-08-24,US,Colorado,Gilpin,17,0,0,39.85646523,-105.5252597,8047.0,272.30498157936887,0.0,17,17,0,0,17,17,6121,0,0,0,0,0
2020-08-24,US,Colorado,Grand,56,1,0,40.10603347,-106.11780420000001,8049.0,355.91712215584084,1.7857142857142858,55,56,1,0,55,56,15525,0,0,0,0,0
2020-08-24,US,Colorado,Gunnison,286,7,0,38.66611652,-107.0320729,8051.0,1637.8421715725574,2.4475524475524475,279,286,7,0,279,286,17246,0,0,0,0,0
2020-08-24,US,Colorado,Hinsdale,3,0,0,37.82247444,-107.3004345,8053.0,365.8536585365854,0.0,3,3,0,0,3,3,811,0,0,0,0,0
2020-08-24,US,Colorado,Huerfano,8,1,0,37.68473101,-104.9612585,8055.0,115.99246049006815,12.5,7,8,1,0,7,8,6889,0,0,0,0,0
2020-08-24,US,Colorado,Jackson,9,0,0,40.66593870000001,-106.3408905,8057.0,646.5517241379309,0.0,9,9,0,0,9,9,1399,0,0,0,0,0
2020-08-24,US,Colorado,Jefferson,4605,235,0,39.58635604,-105.2517692,8059.0,790.0411919414082,5.10314875135722,4370,4587,235,0,4352,4562,580233,18,0,0,18,25
2020-08-24,US,Colorado,Kit Carson,69,3,0,39.30497777,-102.60221990000001,8063.0,972.2417923066084,4.3478260869565215,66,68,3,0,65,68,7163,1,0,0,1,0
2020-08-24,US,Colorado,La Plata,232,2,0,37.28632032,-107.8429014,8067.0,412.6571921523986,0.8620689655172413,230,231,2,0,229,230,56310,1,0,0,1,1
2020-08-24,US,Colorado,Lake,80,0,0,39.20278823,-106.35556969999999,8065.0,984.3730773963333,0.0,80,80,0,0,80,80,7824,0,0,0,0,0
2020-08-24,US,Colorado,Larimer,1817,37,0,40.66671597,-105.4625784,8069.0,509.1076186820361,2.036323610346725,1780,1804,37,0,1767,1790,350518,13,0,0,13,14
2020-08-24,US,Colorado,Las Animas,19,0,0,37.3153406,-104.03764579999999,8071.0,130.98028402040538,0.0,19,19,0,0,19,19,14503,0,0,0,0,0
2020-08-24,US,Colorado,Lincoln,8,0,0,38.98749519,-103.51366490000001,8073.0,140.3262585511314,0.0,8,8,0,0,8,8,5610,0,0,0,0,0
2020-08-24,US,Colorado,Logan,665,5,0,40.7249637,-103.110817,8075.0,2967.557677718774,0.7518796992481203,660,664,5,0,659,663,21528,1,0,0,1,1
2020-08-24,US,Colorado,Mesa,388,5,0,39.01787888,-108.469799,8077.0,251.60495428312043,1.2886597938144329,383,383,5,0,378,377,153207,5,0,0,5,6
2020-08-24,US,Colorado,Mineral,19,0,0,37.66954283,-106.92816979999999,8079.0,2470.74122236671,0.0,19,19,0,0,19,19,776,0,0,0,0,0
2020-08-24,US,Colorado,Moffat,33,1,0,40.61810999,-108.2070876,8081.0,248.43785289467738,3.0303030303030303,32,33,1,0,32,33,13188,0,0,0,0,0
2020-08-24,US,Colorado,Montezuma,121,5,0,37.33859579,-108.59588570000001,8083.0,462.1319176564947,4.132231404958676,116,121,5,0,116,121,26158,0,0,0,0,0
2020-08-24,US,Colorado,Montrose,336,13,0,38.40214114,-108.26390220000002,8085.0,785.8178586463351,3.8690476190476186,323,335,13,0,322,332,42214,1,0,0,1,3
2020-08-24,US,Colorado,Morgan,706,47,0,40.26279810000001,-103.8093302,8087.0,2428.7876702903536,6.657223796033994,659,705,47,0,658,704,28558,1,0,0,1,1
2020-08-24,US,Colorado,Otero,81,6,0,37.9014485,-103.7173385,8089.0,443.15570631360106,7.407407407407407,75,80,6,0,74,80,18432,1,0,0,1,0
2020-08-24,US,Colorado,Ouray,20,1,0,38.14717457,-107.7675136,8091.0,403.8772213247173,5.0,19,18,1,0,17,14,4833,2,0,0,2,4
2020-08-24,US,Colorado,Park,43,1,0,39.120926000000004,-105.7182065,8093.0,228.1772353409393,2.3255813953488373,42,43,1,0,42,43,18556,0,0,0,0,0
2020-08-24,US,Colorado,Phillips,19,0,0,40.59414277,-102.3577703,8095.0,445.48651817116064,0.0,19,19,0,0,19,19,4286,0,0,0,0,0
2020-08-24,US,Colorado,Pitkin,193,2,0,39.21720112,-106.9310027,8097.0,1086.2835594078908,1.0362694300518134,191,193,2,0,191,192,17950,0,0,0,0,1
2020-08-24,US,Colorado,Prowers,78,0,0,37.95544985,-102.3926052,8099.0,640.8149852119619,0.0,78,77,0,0,77,76,12164,1,0,0,1,1
2020-08-24,US,Colorado,Pueblo,802,34,0,38.17359144,-104.5127437,8101.0,476.1791668645798,4.239401496259352,768,798,34,0,764,798,167529,4,0,0,4,0
2020-08-24,US,Colorado,Rio Blanco,21,0,0,39.97913541,-108.2179009,8103.0,332.0683111954458,0.0,21,21,0,0,21,21,6336,0,0,0,0,0
2020-08-24,US,Colorado,Rio Grande,94,2,0,37.5836865,-106.3847838,8105.0,834.2948433478299,2.127659574468085,92,94,2,0,92,94,11250,0,0,0,0,0
2020-08-24,US,Colorado,Routt,130,8,0,40.48596505,-106.9905548,8107.0,507.0598330603011,6.153846153846153,122,130,8,0,122,130,25733,0,0,0,0,0
2020-08-24,US,Colorado,Saguache,108,2,0,38.08054629,-106.28246599999999,8109.0,1582.6494724501758,1.851851851851852,106,108,2,0,106,108,6843,0,0,0,0,0
2020-08-24,US,Colorado,San Juan,2,0,0,37.76248981,-107.67632890000002,8111.0,274.72527472527474,0.0,2,2,0,0,2,2,762,0,0,0,0,0
2020-08-24,US,Colorado,San Miguel,93,0,0,38.00450883,-108.4020725,8113.0,1137.0583200880305,0.0,93,93,0,0,93,93,8191,0,0,0,0,0
2020-08-24,US,Colorado,Sedgwick,12,1,0,40.87595412,-102.3519227,8115.0,533.8078291814946,8.333333333333334,11,12,1,0,11,12,2303,0,0,0,0,0
2020-08-24,US,Colorado,Summit,352,4,0,39.63803232,-106.1150762,8117.0,1135.0811002547482,1.1363636363636365,348,349,4,0,345,349,31007,3,0,0,3,0
2020-08-24,US,Colorado,Teller,155,3,0,38.88133511,-105.16148929999999,8119.0,610.5246573184181,1.935483870967742,152,154,3,0,151,152,25083,1,0,0,1,2
2020-08-24,US,Colorado,Washington,52,0,0,39.97015535,-103.202587,8121.0,1059.4947025264873,0.0,52,52,0,0,52,52,4909,0,0,0,0,0
2020-08-24,US,Colorado,Weld,3956,146,0,40.55499405,-104.39296209999999,8123.0,1219.1363731617419,3.690596562184024,3810,3938,146,0,3792,3919,314305,18,0,0,18,19
2020-08-24,US,Colorado,Yuma,63,0,0,40.00346839,-102.4258673,8125.0,628.8052699870246,0.0,63,63,0,0,63,63,10020,0,0,0,0,0
2020-08-24,US,Connecticut,Fairfield,18605,1411,0,41.26809896,-73.3881171,9001.0,1972.2642717516208,7.583982800322494,17194,18434,1411,0,17023,18434,943823,171,0,0,171,0
2020-08-24,US,Connecticut,Hartford,13180,1422,0,41.80283011,-72.73103891,9003.0,1478.0424348450185,10.78907435508346,11758,13002,1422,0,11580,13002,892697,178,0,0,178,0
2020-08-24,US,Connecticut,Litchfield,1658,139,0,41.7937534,-73.2451475,9005.0,919.4102022369729,8.383594692400482,1519,1645,139,0,1506,1645,181111,13,0,0,13,0
2020-08-24,US,Connecticut,Middlesex,1434,192,0,41.45949668,-72.53714864,9007.0,882.8092294811495,13.389121338912132,1242,1426,192,0,1234,1426,162682,8,0,0,8,0
2020-08-24,US,Connecticut,New Haven,13518,1111,0,41.408032500000004,-72.93620426,9009.0,1581.5021111263202,8.218671401094836,12407,13442,1111,0,12331,13442,857620,76,0,0,76,0
2020-08-24,US,Connecticut,New London,1517,105,0,41.48896435,-72.10430976,9011.0,572.0081747773429,6.921555702043508,1412,1505,105,0,1400,1505,266784,12,0,0,12,0
2020-08-24,US,Connecticut,Tolland,1085,65,0,41.85853803,-72.3308481,9013.0,719.8731430922037,5.990783410138249,1020,1083,65,0,1018,1083,150921,2,0,0,2,0
2020-08-24,US,Connecticut,Unassigned,234,0,0,0.0,0.0,90009.0,0.0,0.0,234,214,0,0,214,214,,20,0,0,20,0
2020-08-24,US,Connecticut,Windham,780,15,0,41.82972709,-71.98182316,9015.0,667.9111506910311,1.9230769230769231,765,768,15,0,753,768,117027,12,0,0,12,0
2020-08-24,US,Delaware,Kent,2553,109,0,39.08646628,-75.56884914,10001.0,1412.1668713285321,4.26948687818253,2444,2551,109,0,2442,2543,178550,2,0,0,2,8
2020-08-24,US,Delaware,New Castle,7865,299,0,39.57992638,-75.64054974,10003.0,1407.5987064051556,3.801652892561984,7566,7826,297,0,7529,7771,559335,39,2,0,37,55
2020-08-24,US,Delaware,Sussex,6249,196,0,38.66143781,-75.39031349,10005.0,2667.9474863912906,3.136501840294447,6053,6245,194,0,6051,6242,229286,4,2,0,2,3
2020-08-24,US,Delaware,Unassigned,275,0,0,0.0,0.0,90010.0,0.0,0.0,275,273,0,0,273,272,,2,0,0,2,1
2020-08-24,US,District of Columbia,District of Columbia,13639,604,0,38.90417773,-77.01655992,11001.0,1932.556758847692,4.428477161082191,13035,13534,604,0,12930,13534,702455,105,0,0,105,0
2020-08-24,US,Florida,Alachua,4981,31,0,29.67866525,-82.35928158,12001.0,1851.3769174444235,0.6223649869504115,4950,4950,31,0,4919,4919,269956,31,0,0,31,31
2020-08-24,US,Florida,Baker,1118,4,0,30.33060121,-82.28467476,12003.0,3827.456350564875,0.35778175313059035,1114,1117,4,0,1113,1111,28355,1,0,0,1,6
2020-08-24,US,Florida,Bay,5181,71,0,30.26548745,-85.62122584,12005.0,2965.570533184511,1.3703918162516888,5110,5144,71,0,5073,5120,185287,37,0,0,37,24
2020-08-24,US,Florida,Bradford,660,4,0,29.95079741,-82.16611613,12007.0,2340.342541044644,0.6060606060606061,656,649,4,0,645,640,27732,11,0,0,11,9
2020-08-24,US,Florida,Brevard,6946,195,0,28.29409504,-80.73091022,12009.0,1153.931774157643,2.8073711488626545,6751,6912,195,0,6717,6889,596849,34,0,0,34,23
2020-08-24,US,Florida,Broward,69383,1132,0,26.15184651,-80.48725556,12011.0,3553.040847449121,1.6315235720565555,68251,69136,1113,0,68023,68891,1951260,247,19,0,228,245
2020-08-24,US,Florida,Calhoun,538,8,0,30.40666734,-85.19394153,12013.0,3814.250265863169,1.4869888475836432,530,537,8,0,529,534,14587,1,0,0,1,3
2020-08-24,US,Florida,Charlotte,2538,107,0,26.90131002,-81.92949121,12015.0,1343.4969032872796,4.21591804570528,2431,2519,107,0,2412,2493,184998,19,0,0,19,26
2020-08-24,US,Florida,Citrus,1970,48,0,28.84804315,-82.47614748,12017.0,1316.3433718436156,2.436548223350254,1922,1969,46,0,1923,1949,147929,1,2,0,-1,20
2020-08-24,US,Florida,Clay,3690,71,0,29.98319144,-81.85609986,12019.0,1682.9949099666135,1.9241192411924117,3619,3672,70,0,3602,3650,216072,18,1,0,17,22
2020-08-24,US,Florida,Collier,11268,163,0,26.11091986,-81.34687065,12021.0,2927.498428171327,1.4465743698970537,11105,11245,163,0,11082,11201,378488,23,0,0,23,44
2020-08-24,US,Florida,Columbia,3226,31,0,30.22509788,-82.62160164,12023.0,4500.1813464274765,0.9609423434593924,3195,3214,31,0,3183,3178,70503,12,0,0,12,36
2020-08-24,US,Florida,DeSoto,1450,21,0,27.18677893,-81.80941373,12027.0,3815.689060814189,1.4482758620689655,1429,1451,21,0,1430,1449,37489,-1,0,0,-1,2
2020-08-24,US,Florida,Dixie,660,4,0,29.60631086,-83.15724673,12029.0,3922.500891477475,0.6060606060606061,656,659,4,0,655,657,16700,1,0,0,1,2
2020-08-24,US,Florida,Duval,25658,235,0,30.33225875,-81.66976468,12031.0,2678.9732238411702,0.9158936783849092,25423,25558,235,0,25323,25454,950181,100,0,0,100,104
2020-08-24,US,Florida,Escambia,10832,171,0,30.67652764,-87.37284571,12033.0,3402.9078023096545,1.5786558345642543,10661,10790,171,0,10619,10752,315534,42,0,0,42,38
2020-08-24,US,Florida,Flagler,1257,15,0,29.45933576,-81.31508595,12035.0,1092.2741373467384,1.1933174224343674,1242,1248,15,0,1233,1238,112067,9,0,0,9,10
2020-08-24,US,Florida,Franklin,519,3,0,29.83791238,-84.82731662,12037.0,4280.412371134021,0.5780346820809249,516,511,3,0,508,509,11736,8,0,0,8,2
2020-08-24,US,Florida,Gadsden,2194,29,0,30.57796289,-84.61915825,12039.0,4805.081033727552,1.3217866909753877,2165,2182,29,0,2153,2156,45894,12,0,0,12,26
2020-08-24,US,Florida,Gilchrist,441,9,0,29.72856978,-82.79880657,12041.0,2373.2644494672268,2.0408163265306123,432,439,9,0,430,434,18256,2,0,0,2,5
2020-08-24,US,Florida,Glades,444,3,0,26.95635849,-81.18996211,12043.0,3214.8287596843097,0.6756756756756757,441,444,3,0,441,444,13724,0,0,0,0,0
2020-08-24,US,Florida,Gulf,800,8,0,29.93543004,-85.24270990000002,12045.0,5865.53266368502,1.0,792,796,8,0,788,787,16164,4,0,0,4,9
2020-08-24,US,Florida,Hamilton,673,4,0,30.49673973,-82.94998918,12047.0,4664.541169947324,0.5943536404160475,669,672,4,0,668,666,14310,1,0,0,1,6
2020-08-24,US,Florida,Hardee,1064,8,0,27.49293939,-81.80956574,12049.0,3949.957307792256,0.7518796992481203,1056,1059,8,0,1051,1050,27245,5,0,0,5,9
2020-08-24,US,Florida,Hendry,1938,39,0,26.55386945,-81.16469006,12051.0,4611.869972871353,2.0123839009287927,1899,1934,39,0,1895,1923,41556,4,0,0,4,11
2020-08-24,US,Florida,Hernando,2449,70,0,28.55364461,-82.42700204,12053.0,1262.8919141914191,2.8583095140873827,2379,2441,69,0,2372,2423,190865,8,1,0,7,18
2020-08-24,US,Florida,Highlands,1740,53,0,27.34254618,-81.34071957,12055.0,1638.094162171322,3.045977011494253,1687,1735,53,0,1682,1715,105424,5,0,0,5,20
2020-08-24,US,Florida,Hillsborough,35814,530,0,27.9276559,-82.32013172,12057.0,2433.06919715646,1.4798682079633665,35284,35721,520,0,35201,35574,1436888,93,10,0,83,147
2020-08-24,US,Florida,Holmes,589,4,0,30.86747479,-85.81319222,12059.0,3002.49783351175,0.6791171477079796,585,587,4,0,583,581,19477,2,0,0,2,6
2020-08-24,US,Florida,Indian River,2756,80,0,27.69308961,-80.60556721,12061.0,1723.3293522507706,2.902757619738752,2676,2747,79,0,2668,2736,157413,9,1,0,8,11
2020-08-24,US,Florida,Jackson,2236,65,0,30.795459700000002,-85.21500423,12063.0,4817.511957599,2.9069767441860463,2171,2229,65,0,2164,2220,48305,7,0,0,7,9
2020-08-24,US,Florida,Jefferson,491,5,0,30.43669112,-83.89442308,12065.0,3446.581496560438,1.0183299389002036,486,491,5,0,486,488,14288,0,0,0,0,3
2020-08-24,US,Florida,Lafayette,1165,4,0,29.98484137,-83.18166636,12067.0,13832.818807884112,0.3433476394849785,1161,1164,4,0,1160,1159,8732,1,0,0,1,5
2020-08-24,US,Florida,Lake,6089,93,0,28.76202069,-81.7125123,12069.0,1658.5947842383102,1.527344391525702,5996,6046,93,0,5953,6004,356495,43,0,0,43,42
2020-08-24,US,Florida,Lee,18064,402,0,26.58410348,-81.88399313,12071.0,2344.2173851542416,2.225420726306466,17662,18009,402,0,17607,17956,754610,55,0,0,55,53
2020-08-24,US,Florida,Leon,5908,29,0,30.45955727,-84.27491114,12073.0,2012.384955480922,0.4908598510494245,5879,5851,29,0,5822,5808,292502,57,0,0,57,43
2020-08-24,US,Florida,Levy,858,5,0,29.31829741,-82.74007147,12075.0,2067.3204346673733,0.5827505827505828,853,855,5,0,850,847,40770,3,0,0,3,8
2020-08-24,US,Florida,Liberty,424,7,0,30.23766008,-84.8829258,12077.0,5075.412975819966,1.650943396226415,417,420,7,0,413,416,8457,4,0,0,4,4
2020-08-24,US,Florida,Madison,832,12,0,30.44396917,-83.47398594,12079.0,4498.999621478397,1.4423076923076923,820,830,12,0,818,822,18529,2,0,0,2,8
2020-08-24,US,Florida,Manatee,10209,248,0,27.47196942,-82.31831044,12081.0,2531.6612647643037,2.4292291115682243,9961,10170,248,0,9922,10123,394855,39,0,0,39,47
2020-08-24,US,Florida,Marion,8046,143,0,29.21227113,-82.05803627,12083.0,2200.8922832000744,1.777280636341039,7903,8007,141,0,7866,7926,359977,39,2,0,37,81
2020-08-24,US,Florida,Martin,4091,112,0,27.0772071,-80.43109784,12085.0,2540.993788819876,2.737716939623564,3979,4083,112,0,3971,4067,160912,8,0,0,8,16
2020-08-24,US,Florida,Miami-Dade,152612,2253,0,25.6112362,-80.55170587,12086.0,5617.0544804081055,1.4762928210101434,150359,151986,2243,0,149743,151214,2761581,626,10,0,616,772
2020-08-24,US,Florida,Monroe,1694,14,0,25.20904673,-81.07812416,12087.0,2282.157676348548,0.8264462809917356,1680,1693,14,0,1679,1694,75027,1,0,0,1,-1
2020-08-24,US,Florida,Nassau,1512,15,0,30.61037141,-81.80297522,12089.0,1706.064880112835,0.992063492063492,1497,1498,15,0,1483,1456,85832,14,0,0,14,42
2020-08-24,US,Florida,Okaloosa,3965,71,0,30.69143028,-86.59267105,12091.0,1881.4831686738987,1.790668348045397,3894,3955,71,0,3884,3921,207269,10,0,0,10,34
2020-08-24,US,Florida,Okeechobee,1202,13,0,27.386336199999995,-80.88944347,12093.0,2850.502750901157,1.08153078202995,1189,1202,13,0,1189,1195,41537,0,0,0,0,7
2020-08-24,US,Florida,Orange,34781,361,0,28.51367621,-81.31799498,12095.0,2496.0314384707904,1.0379230039389322,34420,34662,361,0,34301,34538,1380645,119,0,0,119,124
2020-08-24,US,Florida,Osceola,10772,127,0,28.06312234,-81.14882926,12097.0,2866.792104345697,1.1789825473449684,10645,10732,127,0,10605,10681,367990,40,0,0,40,51
2020-08-24,US,Florida,Palm Beach,40746,1061,0,26.64676272,-80.46536002,12099.0,2722.261937371807,2.6039365827320475,39685,40570,1059,0,39511,40387,1485941,176,2,0,174,183
2020-08-24,US,Florida,Pasco,7777,157,0,28.30810945,-82.40227529,12101.0,1403.9249242256028,2.0187733059020188,7620,7758,157,0,7601,7693,539630,19,0,0,19,65
2020-08-24,US,Florida,Pinellas,19478,612,0,27.93130349,-82.72239666,12103.0,1997.7517856483514,3.1420063661566897,18866,19431,599,0,18832,19352,975280,47,13,0,34,79
2020-08-24,US,Florida,Polk,16322,407,0,27.95027105,-81.69732947,12105.0,2252.003029897472,2.4935669648327408,15915,16251,404,0,15847,16158,708009,71,3,0,68,93
2020-08-24,US,Florida,Putnam,1725,35,0,29.60779729,-81.74230285,12107.0,2314.7837522309146,2.028985507246377,1690,1723,35,0,1688,1709,74163,2,0,0,2,14
2020-08-24,US,Florida,Santa Rosa,4462,54,0,30.69341450000001,-87.02458128,12113.0,2420.881869428635,1.2102196324518153,4408,4443,54,0,4389,4418,179349,19,0,0,19,25
2020-08-24,US,Florida,Sarasota,7016,181,0,27.18546175,-82.33174248,12115.0,1617.5514476347696,2.57981755986317,6835,7021,180,0,6841,6980,426718,-5,1,0,-6,41
2020-08-24,US,Florida,Seminole,7778,163,0,28.7158582,-81.24060348,12117.0,1648.4890616456064,2.095654409874004,7615,7756,162,0,7594,7735,467832,22,1,0,21,21
2020-08-24,US,Florida,St. Johns,4160,53,0,29.90096506,-81.43589967,12109.0,1571.7567404183292,1.2740384615384617,4107,4153,52,0,4101,4137,254261,7,1,0,6,16
2020-08-24,US,Florida,St. Lucie,6651,218,0,27.37763908,-80.47106649,12111.0,2025.9094661236625,3.2777026011126145,6433,6628,214,0,6414,6585,321128,23,4,0,19,43
2020-08-24,US,Florida,Sumter,1718,46,0,28.70181754,-82.0794267,12119.0,1297.387101646277,2.6775320139697323,1672,1717,46,0,1671,1704,128754,1,0,0,1,13
2020-08-24,US,Florida,Suwannee,2357,53,0,30.19746066,-82.99099670000003,12121.0,5306.526780286828,2.248621128553246,2304,2356,53,0,2303,2323,44191,1,0,0,1,33
2020-08-24,US,Florida,Taylor,1158,5,0,30.04848048,-83.60445406,12123.0,5368.816356808383,0.4317789291882556,1153,1154,5,0,1149,1146,21623,4,0,0,4,8
2020-08-24,US,Florida,Unassigned,851,0,0,0.0,0.0,90012.0,0.0,0.0,851,838,0,0,838,835,,13,0,0,13,3
2020-08-24,US,Florida,Union,533,5,0,30.04412971,-82.37497443,12125.0,3498.0639233444904,0.9380863039399624,528,530,5,0,525,526,14940,3,0,0,3,4
2020-08-24,US,Florida,Volusia,8952,177,0,29.05858895,-81.18263252,12127.0,1617.975578545557,1.9772117962466491,8775,8914,177,0,8737,8867,547538,38,0,0,38,47
2020-08-24,US,Florida,Wakulla,859,6,0,30.16548905,-84.39895211,12129.0,2546.0149974806604,0.6984866123399301,853,854,5,0,849,848,32461,5,1,0,4,6
2020-08-24,US,Florida,Walton,1580,20,0,30.64204028,-86.16935664,12131.0,2133.088523173712,1.2658227848101269,1560,1578,20,0,1558,1562,71375,2,0,0,2,16
2020-08-24,US,Florida,Washington,978,14,0,30.61359259,-85.66002461,12133.0,3839.359321634672,1.4314928425357871,964,975,14,0,961,974,24880,3,0,0,3,1
2020-08-24,US,Georgia,Appling,853,22,0,31.74847232,-82.28909114,13001.0,4639.399543130643,2.5791324736225087,831,857,21,0,836,852,18507,-4,1,0,-5,5
2020-08-24,US,Georgia,Atkinson,382,3,0,31.29633502,-82.87545866,13003.0,4678.505817513778,0.7853403141361257,379,379,3,0,376,379,8297,3,0,0,3,0
2020-08-24,US,Georgia,Bacon,492,8,0,31.55456473,-82.45936528,13005.0,4407.02257255464,1.6260162601626016,484,488,8,0,480,486,11185,4,0,0,4,2
2020-08-24,US,Georgia,Baker,73,3,0,31.32669878,-84.44218806,13007.0,2402.896642527979,4.109589041095891,70,72,3,0,69,72,3092,1,0,0,1,0
2020-08-24,US,Georgia,Baldwin,1415,46,0,33.06882326,-83.24701748,13009.0,3152.1496992648686,3.2508833922261484,1369,1335,46,0,1289,1290,44823,80,0,0,80,45
2020-08-24,US,Georgia,Banks,337,8,0,34.35607081,-83.49644388,13011.0,1752.1056462514298,2.373887240356083,329,334,8,0,326,329,18988,3,0,0,3,5
2020-08-24,US,Georgia,Barrow,1587,36,0,33.99148694,-83.71436292,13013.0,1906.5353195579046,2.268431001890359,1551,1585,36,0,1549,1578,80809,2,0,0,2,7
2020-08-24,US,Georgia,Bartow,2256,67,0,34.23732119,-84.83887523,13015.0,2093.968701850786,2.9698581560283683,2189,2240,66,0,2174,2225,106408,16,1,0,15,15
2020-08-24,US,Georgia,Ben Hill,603,8,0,31.76095874,-83.22145359,13017.0,3610.7784431137734,1.326699834162521,595,597,8,0,589,580,16787,6,0,0,6,17
2020-08-24,US,Georgia,Berrien,365,3,0,31.27590016,-83.22529920000002,13019.0,1881.7342888075475,0.821917808219178,362,363,3,0,360,360,19252,2,0,0,2,3
2020-08-24,US,Georgia,Bibb,5302,98,0,32.80904227,-83.70489165,13021.0,3461.7619597934167,1.848359109769898,5204,4524,98,0,4426,4496,153095,778,0,0,778,28
2020-08-24,US,Georgia,Bleckley,316,12,0,32.43829035,-83.33035166,13023.0,2454.750252466403,3.79746835443038,304,313,12,0,301,310,12838,3,0,0,3,3
2020-08-24,US,Georgia,Brantley,292,8,0,31.19576557,-81.97743999,13025.0,1528.0757758124444,2.7397260273972597,284,289,8,0,281,289,18897,3,0,0,3,0
2020-08-24,US,Georgia,Brooks,453,20,0,30.83922642,-83.58303423,13027.0,2930.71100472278,4.415011037527594,433,452,20,0,432,451,15513,1,0,0,1,1
2020-08-24,US,Georgia,Bryan,793,9,0,32.00979311,-81.44002948,13029.0,2001.1608246902365,1.1349306431273645,784,786,9,0,777,785,38109,7,0,0,7,1
2020-08-24,US,Georgia,Bulloch,1511,19,0,32.39577406,-81.74811421,13031.0,1898.0504471912368,1.2574454003970879,1492,1472,19,0,1453,1467,77296,39,0,0,39,5
2020-08-24,US,Georgia,Burke,621,7,0,33.05917989,-81.99928721,13033.0,2774.4270205066346,1.1272141706924317,614,617,7,0,610,614,22423,4,0,0,4,3
2020-08-24,US,Georgia,Butts,535,40,0,33.283094500000004,-83.95435040000002,13035.0,2145.4924606993904,7.4766355140186915,495,532,40,0,492,530,24193,3,0,0,3,2
2020-08-24,US,Georgia,Calhoun,225,7,0,31.53169785,-84.62725131,13037.0,3635.482307319437,3.111111111111111,218,225,7,0,218,224,6352,0,0,0,0,1
2020-08-24,US,Georgia,Camden,946,7,0,30.92951916,-81.66601818,13039.0,1730.5089086452274,0.7399577167019028,939,942,7,0,935,933,53677,4,0,0,4,9
2020-08-24,US,Georgia,Candler,304,11,0,32.40209349,-82.07702563,13043.0,2814.0331389428857,3.6184210526315783,293,304,11,0,293,303,10836,0,0,0,0,1
2020-08-24,US,Georgia,Carroll,2232,56,0,33.58138199,-85.07976677,13045.0,1860.124008267217,2.508960573476702,2176,2208,56,0,2152,2193,118121,24,0,0,24,15
2020-08-24,US,Georgia,Catoosa,803,17,0,34.89872298,-85.13757014,13047.0,1188.2213672684227,2.1170610211706102,786,794,17,0,777,788,67420,9,0,0,9,6
2020-08-24,US,Georgia,Charlton,544,5,0,30.78371028,-82.13951596,13049.0,4062.126642771804,0.9191176470588236,539,538,5,0,533,529,12968,6,0,0,6,9
2020-08-24,US,Georgia,Chatham,6730,115,0,32.00043026,-81.12489526,13051.0,2325.2599937808795,1.7087667161961366,6615,6665,115,0,6550,6632,289195,65,0,0,65,33
2020-08-24,US,Georgia,Chattahoochee,942,2,0,32.34341231,-84.78809239,13053.0,8636.655358943797,0.21231422505307854,940,931,2,0,929,930,10684,11,0,0,11,1
2020-08-24,US,Georgia,Chattooga,422,5,0,34.47197698,-85.34535662,13055.0,1702.3679858001533,1.1848341232227488,417,422,5,0,417,417,24790,0,0,0,0,5
2020-08-24,US,Georgia,Cherokee,4412,72,0,34.24393976,-84.47431861,13057.0,1704.969220127293,1.6319129646418855,4340,4369,72,0,4297,4319,254149,43,0,0,43,50
2020-08-24,US,Georgia,Clarke,2511,25,0,33.95436462,-83.37124007,13059.0,1956.6589522406894,0.9956192751891676,2486,2491,25,0,2466,2473,127330,20,0,0,20,18
2020-08-24,US,Georgia,Clay,110,2,0,31.62221166,-84.97713865,13061.0,3881.439661256175,1.818181818181818,108,109,2,0,107,108,2887,1,0,0,1,1
2020-08-24,US,Georgia,Clayton,6087,122,0,33.54187245,-84.35594188,13063.0,2082.7630570458773,2.0042713980614426,5965,6042,121,0,5921,5980,289615,45,1,0,44,62
2020-08-24,US,Georgia,Clinch,269,4,0,30.91395822,-82.70432472,13065.0,4064.672106376549,1.4869888475836432,265,267,4,0,263,266,6648,2,0,0,2,1
2020-08-24,US,Georgia,Cobb,16055,370,0,33.94243204,-84.5761255,13067.0,2112.1081483566863,2.3045780130800373,15685,15931,369,0,15562,15816,756865,124,1,0,123,115
2020-08-24,US,Georgia,Coffee,1715,34,0,31.54892966,-82.85492059999999,13069.0,3963.2103159013695,1.9825072886297377,1681,1701,34,0,1667,1691,43093,14,0,0,14,10
2020-08-24,US,Georgia,Colquitt,1693,25,0,31.18810588,-83.7677946,13071.0,3712.719298245614,1.4766686355581808,1668,1676,25,0,1651,1674,45592,17,0,0,17,2
2020-08-24,US,Georgia,Columbia,2978,40,0,33.54534185,-82.263524,13073.0,1900.2769376060849,1.3431833445265278,2938,2955,40,0,2915,2936,154291,23,0,0,23,19
2020-08-24,US,Georgia,Cook,497,10,0,31.16068491,-83.42947229,13075.0,2877.8228141285467,2.0120724346076457,487,494,10,0,484,494,17162,3,0,0,3,0
2020-08-24,US,Georgia,Coweta,2025,26,0,33.35334302,-84.76129976,13077.0,1363.5537240167262,1.2839506172839503,1999,2014,26,0,1988,1972,145864,11,0,0,11,42
2020-08-24,US,Georgia,Crawford,146,1,0,32.71391813,-83.98061238,13079.0,1177.0396646243148,0.6849315068493149,145,136,0,0,136,131,12318,10,1,0,9,5
2020-08-24,US,Georgia,Crisp,436,15,0,31.92289565,-83.76811843,13081.0,1948.864652243876,3.440366972477064,421,428,15,0,413,426,22601,8,0,0,8,2
2020-08-24,US,Georgia,Dade,180,3,0,34.854916700000004,-85.50490424,13083.0,1116.902457185406,1.6666666666666667,177,180,3,0,177,177,16226,0,0,0,0,3
2020-08-24,US,Georgia,Dawson,590,6,0,34.44244079,-84.16964071,13085.0,2259.8437260609776,1.0169491525423728,584,590,6,0,584,589,25083,0,0,0,0,1
2020-08-24,US,Georgia,DeKalb,16004,280,0,33.76944049,-84.22396017,13089.0,2107.739132381664,1.7495626093476633,15724,15959,278,0,15681,15860,756558,45,2,0,43,99
2020-08-24,US,Georgia,Decatur,923,20,0,30.87967778,-84.57619536,13087.0,3495.682472352674,2.1668472372697725,903,918,19,0,899,915,26575,5,1,0,4,3
2020-08-24,US,Georgia,Dodge,289,5,0,32.17265114,-83.16948926,13091.0,1402.5721912157244,1.7301038062283738,284,287,5,0,282,280,20705,2,0,0,2,7
2020-08-24,US,Georgia,Dooly,282,14,0,32.15630737,-83.79746561,13093.0,2106.04929051531,4.964539007092198,268,277,14,0,263,275,13706,5,0,0,5,2
2020-08-24,US,Georgia,Dougherty,2922,174,0,31.53328528,-84.21722377,13095.0,3322.115603256173,5.95482546201232,2748,2904,174,0,2730,2888,91243,18,0,0,18,16
2020-08-24,US,Georgia,Douglas,3048,62,0,33.70291126,-84.77026156,13097.0,2082.7781308296258,2.0341207349081363,2986,3029,62,0,2967,3015,145331,19,0,0,19,14
2020-08-24,US,Georgia,Early,400,32,0,31.32155345,-84.90255207,13099.0,3925.417075564279,8.0,368,398,32,0,366,398,10247,2,0,0,2,0
2020-08-24,US,Georgia,Echols,230,2,0,30.71101099,-82.89687287,13101.0,5741.387918122816,0.8695652173913043,228,230,2,0,228,230,4000,0,0,0,0,0
2020-08-24,US,Georgia,Effingham,962,14,0,32.36616021,-81.34280942,13103.0,1496.2050516361826,1.4553014553014554,948,946,14,0,932,936,62190,16,0,0,16,10
2020-08-24,US,Georgia,Elbert,422,1,0,34.11302332,-82.83936148,13105.0,2198.603730332396,0.23696682464454974,421,421,1,0,420,420,19120,1,0,0,1,1
2020-08-24,US,Georgia,Emanuel,662,20,0,32.59221302,-82.30239915,13107.0,2923.253554711649,3.0211480362537766,642,659,19,0,640,656,22612,3,1,0,2,3
2020-08-24,US,Georgia,Evans,334,4,0,32.15328841,-81.8870105,13109.0,3134.9727801764598,1.1976047904191616,330,332,4,0,328,332,10721,2,0,0,2,0
2020-08-24,US,Georgia,Fannin,416,6,0,34.86430205,-84.316964,13111.0,1588.5138231250955,1.4423076923076923,410,414,6,0,408,410,25964,2,0,0,2,4
2020-08-24,US,Georgia,Fayette,1419,36,0,33.41357794,-84.49089434,13113.0,1240.1569641936358,2.5369978858350954,1383,1412,36,0,1376,1404,113459,7,0,0,7,8
2020-08-24,US,Georgia,Floyd,2028,28,0,34.26268279,-85.21577392,13115.0,2058.925054315824,1.3806706114398422,2000,2015,27,0,1988,1998,97927,13,1,0,12,17
2020-08-24,US,Georgia,Forsyth,2814,31,0,34.22604035,-84.12315129999998,13117.0,1152.0888262941553,1.101634683724236,2783,2808,31,0,2777,2797,236612,6,0,0,6,11
2020-08-24,US,Georgia,Franklin,503,9,0,34.37525597,-83.23159927,13119.0,2154.2678487301378,1.7892644135188869,494,499,9,0,490,497,23023,4,0,0,4,2
2020-08-24,US,Georgia,Fulton,23825,490,0,33.79216944,-84.46319413,13121.0,2239.32432089494,2.056663168940189,23335,23751,490,0,23261,23622,1050114,74,0,0,74,129
2020-08-24,US,Georgia,Gilmer,718,5,0,34.69316688,-84.45802506,13123.0,2288.883929994581,0.6963788300835655,713,716,5,0,711,713,30816,2,0,0,2,3
2020-08-24,US,Georgia,Glascock,34,2,0,33.22879932,-82.61297636,13125.0,1144.3958263211039,5.882352941176472,32,33,2,0,31,33,2995,1,0,0,1,0
2020-08-24,US,Georgia,Glynn,2891,64,0,31.23279254,-81.53811412,13127.0,3389.53242977067,2.213766862677274,2827,2875,64,0,2811,2856,85219,16,0,0,16,19
2020-08-24,US,Georgia,Gordon,1444,25,0,34.50487351,-84.87296253,13129.0,2491.24441454031,1.7313019390581716,1419,1439,25,0,1414,1432,57685,5,0,0,5,7
2020-08-24,US,Georgia,Grady,627,8,0,30.87454847,-84.23418364,13131.0,2545.365972475947,1.2759170653907497,619,626,8,0,618,615,24748,1,0,0,1,11
2020-08-24,US,Georgia,Greene,400,14,0,33.5769205,-83.17139104,13133.0,2182.929491377429,3.5,386,396,14,0,382,395,17698,4,0,0,4,1
2020-08-24,US,Georgia,Gwinnett,23178,306,0,33.96044201,-84.02137802,13135.0,2475.6208277703604,1.3202174475796014,22872,23096,306,0,22790,22991,927781,82,0,0,82,105
2020-08-24,US,Georgia,Habersham,1268,57,0,34.63331566,-83.53094677,13137.0,2797.387927991529,4.495268138801261,1211,1268,57,0,1211,1266,45388,0,0,0,0,2
2020-08-24,US,Georgia,Hall,7020,116,0,34.32207823,-83.81896936,13139.0,3433.753503455765,1.6524216524216524,6904,7004,116,0,6888,6981,202148,16,0,0,16,23
2020-08-24,US,Georgia,Hancock,348,39,0,33.2721566,-82.99766919,13141.0,4114.93437389145,11.20689655172414,309,346,39,0,307,346,8348,2,0,0,2,0
2020-08-24,US,Georgia,Haralson,293,7,0,33.79602175,-85.21005667,13143.0,983.4854994629428,2.389078498293516,286,289,7,0,282,284,29533,4,0,0,4,5
2020-08-24,US,Georgia,Harris,711,19,0,32.73709786,-84.90538572,13145.0,2017.8226813486206,2.6722925457102678,692,711,19,0,692,710,34475,0,0,0,0,1
2020-08-24,US,Georgia,Hart,385,10,0,34.34626973,-82.96567682,13147.0,1469.1852699866438,2.5974025974025974,375,383,10,0,373,377,26099,2,0,0,2,6
2020-08-24,US,Georgia,Heard,161,5,0,33.29686567,-85.12886832,13149.0,1350.3312924599513,3.1055900621118013,156,161,5,0,156,159,11879,0,0,0,0,2
2020-08-24,US,Georgia,Henry,4145,67,0,33.4533428,-84.14814659999998,13151.0,1767.1309382207614,1.6164053075995175,4078,4117,66,0,4051,4087,230220,28,1,0,27,30
2020-08-24,US,Georgia,Houston,2508,63,0,32.45802497,-83.66879087,13153.0,1588.7193325858495,2.5119617224880377,2445,2431,63,0,2368,2415,155469,77,0,0,77,16
2020-08-24,US,Georgia,Irwin,200,2,0,31.60213036,-83.27501387,13155.0,2124.0441801189463,1.0,198,200,2,0,198,194,9398,0,0,0,0,6
2020-08-24,US,Georgia,Jackson,1311,22,0,34.13794553,-83.56814788,13157.0,1796.4564177754635,1.6781083142639206,1289,1311,21,0,1290,1311,70422,0,1,0,-1,0
2020-08-24,US,Georgia,Jasper,189,2,0,33.31535543,-83.68844964,13159.0,1329.2073985512345,1.058201058201058,187,187,2,0,185,187,14040,2,0,0,2,0
2020-08-24,US,Georgia,Jeff Davis,600,9,0,31.80405727,-82.63724870000001,13161.0,3969.566655640093,1.5,591,598,9,0,589,592,15029,2,0,0,2,6
2020-08-24,US,Georgia,Jefferson,620,13,0,33.05867328,-82.41609057,13163.0,4035.9328212472333,2.096774193548387,607,618,13,0,605,607,15430,2,0,0,2,11
2020-08-24,US,Georgia,Jenkins,283,24,0,32.79248718,-81.96040187,13165.0,3261.8718303365613,8.480565371024735,259,283,24,0,259,283,8683,0,0,0,0,0
2020-08-24,US,Georgia,Johnson,287,13,0,32.70211082,-82.66166794,13167.0,2976.252203671057,4.529616724738676,274,286,13,0,273,283,9708,1,0,0,1,3
2020-08-24,US,Georgia,Jones,422,5,0,33.02512137,-83.56019163,13169.0,1468.5923090307986,1.1848341232227488,417,381,5,0,376,378,28616,41,0,0,41,3
2020-08-24,US,Georgia,Lamar,313,15,0,33.07841647,-84.14263877,13171.0,1640.7191906484247,4.792332268370607,298,311,15,0,296,311,19000,2,0,0,2,0
2020-08-24,US,Georgia,Lanier,244,5,0,31.03828570000001,-83.06472457,13173.0,2340.9766861748058,2.0491803278688523,239,244,5,0,239,243,10340,0,0,0,0,1
2020-08-24,US,Georgia,Laurens,1227,36,0,32.46325233,-82.92221316,13175.0,2580.658730492576,2.9339853300733503,1191,1223,34,0,1189,1212,47325,4,2,0,2,11
2020-08-24,US,Georgia,Lee,637,23,0,31.779330600000005,-84.14324253,13177.0,2123.899706588424,3.6106750392464684,614,635,23,0,612,632,29764,2,0,0,2,3
2020-08-24,US,Georgia,Liberty,878,13,0,31.82588896,-81.49251135,13179.0,1429.1527630829335,1.4806378132118452,865,866,13,0,853,862,61497,12,0,0,12,4
2020-08-24,US,Georgia,Lincoln,188,6,0,33.79201475,-82.45024131,13181.0,2373.4376972604473,3.191489361702128,182,185,6,0,179,184,7915,3,0,0,3,1
2020-08-24,US,Georgia,Long,172,2,0,31.75218791,-81.74952375,13183.0,879.3905618896672,1.162790697674419,170,170,2,0,168,170,18998,2,0,0,2,0
2020-08-24,US,Georgia,Lowndes,3368,57,0,30.83568832,-83.27056716,13185.0,2868.677921060253,1.6923990498812351,3311,3360,56,0,3304,3342,116321,8,1,0,7,18
2020-08-24,US,Georgia,Lumpkin,559,12,0,34.57286511,-84.00425681,13187.0,1663.1954775364475,2.146690518783542,547,559,10,0,549,558,32955,0,2,0,-2,1
2020-08-24,US,Georgia,Macon,195,10,0,32.35207048,-84.04234127,13193.0,1506.140418629799,5.128205128205129,185,195,10,0,185,194,13143,0,0,0,0,1
2020-08-24,US,Georgia,Madison,496,7,0,34.12920917,-83.21218732,13195.0,1659.9732262382865,1.4112903225806452,489,493,7,0,486,491,29650,3,0,0,3,2
2020-08-24,US,Georgia,Marion,163,5,0,32.3483402,-84.52733571,13197.0,1949.9940184232564,3.0674846625766867,158,163,5,0,158,164,8351,0,0,0,0,-1
2020-08-24,US,Georgia,McDuffie,480,12,0,33.47851918,-82.48252774,13189.0,2252.2522522522518,2.5,468,474,12,0,462,472,21531,6,0,0,6,2
2020-08-24,US,Georgia,McIntosh,232,4,0,31.49683595,-81.40163426,13191.0,1613.5762971206009,1.7241379310344829,228,231,4,0,227,231,14340,1,0,0,1,0
2020-08-24,US,Georgia,Meriwether,459,8,0,33.04163534,-84.68859732,13199.0,2168.469787877357,1.7429193899782136,451,455,8,0,447,452,21068,4,0,0,4,3
2020-08-24,US,Georgia,Miller,199,0,0,31.16568912,-84.73151117,13201.0,3480.237845400489,0.0,199,199,0,0,199,194,5686,0,0,0,0,5
2020-08-24,US,Georgia,Mitchell,688,42,0,31.22483255,-84.19381821,13205.0,3146.8691396423187,6.104651162790698,646,688,42,0,646,686,22192,0,0,0,0,2
2020-08-24,US,Georgia,Monroe,576,33,0,33.014289,-83.92097166,13207.0,2088.6213648560447,5.729166666666668,543,538,33,0,505,532,27520,38,0,0,38,6
2020-08-24,US,Georgia,Montgomery,201,2,0,32.17201038,-82.53527476,13209.0,2191.4522459659834,0.9950248756218906,199,201,3,0,198,199,9193,0,-1,0,1,2
2020-08-24,US,Georgia,Morgan,381,2,0,33.59232073,-83.49129491,13211.0,1976.5511516912225,0.5249343832020997,379,381,2,0,379,379,18853,0,0,0,0,2
2020-08-24,US,Georgia,Murray,683,3,0,34.78897608,-84.74993177,13213.0,1703.4118116520347,0.43923865300146414,680,683,3,0,680,679,39921,0,0,0,0,4
2020-08-24,US,Georgia,Muscogee,5304,122,0,32.50931999,-84.87142262,13215.0,2709.3155709024413,2.300150829562594,5182,5286,120,0,5166,5265,194160,18,2,0,16,21
2020-08-24,US,Georgia,Newton,2168,58,0,33.55514538,-83.84547140000002,13217.0,1940.1489117983965,2.675276752767528,2110,2159,58,0,2101,2148,109541,9,0,0,9,11
2020-08-24,US,Georgia,Oconee,516,20,0,33.83749973,-83.43679568,13219.0,1281.0327706057594,3.875968992248062,496,511,20,0,491,510,39272,5,0,0,5,1
2020-08-24,US,Georgia,Oglethorpe,265,8,0,33.878629600000004,-83.08278123,13221.0,1736.6799921357888,3.018867924528302,257,264,8,0,256,262,15054,1,0,0,1,2
2020-08-24,US,Georgia,Out of GA,16641,111,0,0.0,0.0,80013.0,0.0,0.6670272219217596,16530,16547,111,0,16436,16439,,94,0,0,94,108
2020-08-24,US,Georgia,Paulding,2082,30,0,33.91969522,-84.86848792,13223.0,1234.384912282782,1.4409221902017288,2052,2063,30,0,2033,2032,164044,19,0,0,19,31
2020-08-24,US,Georgia,Peach,540,16,0,32.56934316,-83.82937,13225.0,1960.357220649096,2.962962962962963,524,502,17,0,485,495,27297,38,-1,0,39,7
2020-08-24,US,Georgia,Pickens,477,6,0,34.46589159,-84.46406611,13227.0,1463.5942438096406,1.2578616352201255,471,476,6,0,470,475,31980,1,0,0,1,1
2020-08-24,US,Georgia,Pierce,495,10,0,31.35928155,-82.21598442,13229.0,2543.025944002055,2.0202020202020203,485,492,10,0,482,490,19389,3,0,0,3,2
2020-08-24,US,Georgia,Pike,266,8,0,33.09310242,-84.38790389,13231.0,1402.8056112224453,3.0075187969924815,258,263,8,0,255,262,18634,3,0,0,3,1
2020-08-24,US,Georgia,Polk,1074,12,0,34.00267074,-85.18677781,13233.0,2520.357637340717,1.11731843575419,1062,1072,12,0,1060,1061,42470,2,0,0,2,11
2020-08-24,US,Georgia,Pulaski,165,4,0,32.23334561,-83.47549959999998,13235.0,1481.5479931759,2.4242424242424243,161,162,4,0,158,161,11069,3,0,0,3,1
2020-08-24,US,Georgia,Putnam,573,19,0,33.32056115,-83.37552891,13237.0,2590.5330259053303,3.3158813263525304,554,567,18,0,549,556,21809,6,1,0,5,11
2020-08-24,US,Georgia,Quitman,32,1,0,31.86728114,-85.01773177,13239.0,1391.9095258808175,3.125,31,32,1,0,31,32,2279,0,0,0,0,0
2020-08-24,US,Georgia,Rabun,255,4,0,34.88389445,-83.40304637,13241.0,1488.0084028709812,1.568627450980392,251,254,4,0,250,250,16867,1,0,0,1,4
2020-08-24,US,Georgia,Randolph,305,27,0,31.76622818,-84.75732369,13243.0,4499.852463853644,8.852459016393443,278,303,27,0,276,302,6833,2,0,0,2,1
2020-08-24,US,Georgia,Richmond,5691,114,0,33.35777107,-82.07026432,13245.0,2810.120581874204,2.0031628887717448,5577,5641,114,0,5527,5590,201554,50,0,0,50,51
2020-08-24,US,Georgia,Rockdale,1597,28,0,33.65145002,-84.02202167,13247.0,1756.9530012321775,1.7532874139010646,1569,1590,28,0,1562,1583,90594,7,0,0,7,7
2020-08-24,US,Georgia,Schley,90,2,0,32.2654021,-84.31258912,13249.0,1712.0030435609665,2.2222222222222223,88,90,2,0,88,90,5236,0,0,0,0,0
2020-08-24,US,Georgia,Screven,268,9,0,32.74976524,-81.60779441,13251.0,1918.9460117428039,3.3582089552238807,259,251,9,0,242,248,13938,17,0,0,17,3
2020-08-24,US,Georgia,Seminole,264,8,0,30.93464824,-84.86823924,13253.0,3263.2880098887517,3.0303030303030303,256,259,8,0,251,259,8315,5,0,0,5,0
2020-08-24,US,Georgia,Spalding,1115,45,0,33.26310031,-84.28013991,13255.0,1671.588984003718,4.035874439461884,1070,1111,45,0,1066,1089,66100,4,0,0,4,22
2020-08-24,US,Georgia,Stephens,756,19,0,34.55151201,-83.29405315,13257.0,2916.1041465766634,2.513227513227513,737,754,19,0,735,749,26035,2,0,0,2,5
2020-08-24,US,Georgia,Stewart,316,10,0,32.07996777,-84.83208037,13259.0,4772.692946684791,3.1645569620253164,306,315,10,0,305,316,6199,1,0,0,1,-1
2020-08-24,US,Georgia,Sumter,824,57,0,32.03650571,-84.19821492,13261.0,2790.949735808156,6.91747572815534,767,820,57,0,763,817,29733,4,0,0,4,3
2020-08-24,US,Georgia,Talbot,152,5,0,32.69642758,-84.53351366,13263.0,2453.591606133979,3.2894736842105265,147,152,5,0,147,152,6272,0,0,0,0,0
2020-08-24,US,Georgia,Taliaferro,18,0,0,33.56543317,-82.88136816,13265.0,1171.1125569290825,0.0,18,18,0,0,18,18,1608,0,0,0,0,0
2020-08-24,US,Georgia,Tattnall,648,5,0,32.04785085,-82.05539188,13267.0,2562.6829075377677,0.7716049382716049,643,643,5,0,638,639,25391,5,0,0,5,4
2020-08-24,US,Georgia,Taylor,118,4,0,32.55792548,-84.25077141,13269.0,1471.3216957605985,3.3898305084745757,114,116,4,0,112,114,8039,2,0,0,2,2
2020-08-24,US,Georgia,Telfair,331,13,0,31.92829517,-82.93491155,13271.0,2087.0113493064314,3.9274924471299095,318,329,12,0,317,325,15876,2,1,0,1,4
2020-08-24,US,Georgia,Terrell,311,31,0,31.77527543,-84.44069698,13273.0,3645.528074082757,9.96784565916399,280,309,30,0,279,309,8611,2,1,0,1,0
2020-08-24,US,Georgia,Thomas,1332,46,0,30.86392347,-83.91847289,13275.0,2996.558007693865,3.4534534534534536,1286,1330,46,0,1284,1323,44448,2,0,0,2,7
2020-08-24,US,Georgia,Tift,1448,47,0,31.45743864,-83.5236119,13277.0,3562.641472296034,3.24585635359116,1401,1445,47,0,1398,1438,40571,3,0,0,3,7
2020-08-24,US,Georgia,Toombs,982,12,0,32.12059861,-82.32957247,13279.0,3660.0819977636975,1.2219959266802445,970,975,10,0,965,962,26887,7,2,0,5,13
2020-08-24,US,Georgia,Towns,184,5,0,34.91369188,-83.74107459999998,13281.0,1528.6200880618094,2.717391304347826,179,184,5,0,179,180,11852,0,0,0,0,4
2020-08-24,US,Georgia,Treutlen,179,3,0,32.40422134,-82.56904553,13283.0,2593.8269815968697,1.675977653631285,176,178,3,0,175,170,6809,1,0,0,1,8
2020-08-24,US,Georgia,Troup,2512,79,0,33.03349196,-85.02812115,13285.0,3592.5745831068907,3.1449044585987256,2433,2503,79,0,2424,2496,70034,9,0,0,9,7
2020-08-24,US,Georgia,Turner,274,19,0,31.71612656,-83.62069378,13287.0,3431.4339386349407,6.934306569343065,255,273,19,0,254,273,7912,1,0,0,1,0
2020-08-24,US,Georgia,Twiggs,168,6,0,32.67435595,-83.43078662,13289.0,2068.9655172413795,3.571428571428572,162,157,6,0,151,157,8188,11,0,0,11,0
2020-08-24,US,Georgia,Unassigned,2668,4,0,0.0,0.0,90013.0,0.0,0.14992503748125938,2664,2769,4,0,2765,2685,,-101,0,0,-101,84
2020-08-24,US,Georgia,Union,413,7,0,34.82995757,-83.98967069,13291.0,1684.9577740606255,1.6949152542372878,406,403,7,0,396,397,24001,10,0,0,10,6
2020-08-24,US,Georgia,Upson,663,53,0,32.87920671,-84.30024826,13293.0,2518.996960486322,7.993966817496228,610,658,53,0,605,655,26215,5,0,0,5,3
2020-08-24,US,Georgia,Walker,912,20,0,34.73376362,-85.30165174,13295.0,1307.3207092788236,2.1929824561403506,892,908,19,0,889,903,69410,4,1,0,3,5
2020-08-24,US,Georgia,Walton,1371,43,0,33.78017694,-83.73552314,13297.0,1449.367289334306,3.136396790663748,1328,1366,43,0,1323,1355,93503,5,0,0,5,11
2020-08-24,US,Georgia,Ware,1302,41,0,31.05449097,-82.42224148,13299.0,3643.5887390160633,3.1490015360983103,1261,1296,41,0,1255,1286,35680,6,0,0,6,10
2020-08-24,US,Georgia,Warren,110,3,0,33.41146451,-82.67795848,13301.0,2093.6429387133608,2.727272727272727,107,110,3,0,107,110,5251,0,0,0,0,0
2020-08-24,US,Georgia,Washington,587,3,0,32.96711864,-82.79357039,13303.0,2881.122999901836,0.5110732538330494,584,586,3,0,583,583,20386,1,0,0,1,3
2020-08-24,US,Georgia,Wayne,927,19,0,31.5521809,-81.91894878,13305.0,3097.537340862766,2.0496224379719523,908,919,19,0,900,914,29808,8,0,0,8,5
2020-08-24,US,Georgia,Webster,38,2,0,32.04066113,-84.54742852,13307.0,1457.6141158419641,5.2631578947368425,36,38,2,0,36,38,2611,0,0,0,0,0
2020-08-24,US,Georgia,Wheeler,137,3,0,32.12009104,-82.72574721,13309.0,1744.1120305537875,2.18978102189781,134,136,3,0,133,131,7879,1,0,0,1,5
2020-08-24,US,Georgia,White,442,9,0,34.64624278,-83.74905525,13311.0,1435.1581271511136,2.0361990950226243,433,441,9,0,432,440,29970,1,0,0,1,1
2020-08-24,US,Georgia,Whitfield,3851,47,0,34.80987459,-84.96093476,13313.0,3680.659096991245,1.2204622176058166,3804,3841,46,0,3795,3819,104062,10,1,0,9,22
2020-08-24,US,Georgia,Wilcox,212,20,0,31.97496928,-83.43438555,13315.0,2455.124493341054,9.433962264150944,192,210,20,0,190,210,8812,2,0,0,2,0
2020-08-24,US,Georgia,Wilkes,214,3,0,33.78290391,-82.74286107,13317.0,2188.810473560397,1.4018691588785046,211,213,3,0,210,210,9876,1,0,0,1,3
2020-08-24,US,Georgia,Wilkinson,280,13,0,32.80291082,-83.17140684,13319.0,3127.0940361849453,4.642857142857143,267,261,13,0,248,257,9036,19,0,0,19,4
2020-08-24,US,Georgia,Worth,487,24,0,31.55162306,-83.85090513,13321.0,2405.2946115473896,4.928131416837783,463,483,24,0,459,483,20299,4,0,0,4,0
2020-08-24,US,Hawaii,Hawaii,209,0,0,19.60121157,-155.5210167,15001.0,103.71539305156492,0.0,209,200,0,0,200,192,200983,9,0,0,9,8
2020-08-24,US,Hawaii,Honolulu,6181,41,0,21.45803166,-157.97121819999995,15003.0,634.232984424814,0.6633230868791458,6140,6031,39,0,5992,5806,980080,150,2,0,148,225
2020-08-24,US,Hawaii,Kauai,56,0,0,22.03935037,-159.5966786,15007.0,77.46254824118517,0.0,56,56,0,0,56,56,72133,0,0,0,0,0
2020-08-24,US,Hawaii,Maui,300,7,0,20.86399628,-156.56890969999995,15009.0,179.19327188995143,2.333333333333333,293,290,7,0,283,279,167207,10,0,0,10,11
2020-08-24,US,Hawaii,Out of HI,23,1,0,0.0,0.0,80015.0,0.0,4.3478260869565215,22,23,1,0,22,23,,0,0,0,0,0
2020-08-24,US,Idaho,Ada,10664,111,0,43.4526575,-116.24155159999998,16001.0,2214.3454869006014,1.0408852213053263,10553,10592,109,0,10483,10562,469966,72,2,0,70,30
2020-08-24,US,Idaho,Adams,25,0,0,44.89333571,-116.4545247,16003.0,582.2077317186772,0.0,25,25,0,0,25,24,4250,0,0,0,0,1
2020-08-24,US,Idaho,Bannock,560,2,0,42.67002716,-112.2233311,16005.0,637.7551020408164,0.35714285714285715,558,557,2,0,555,556,87138,3,0,0,3,1
2020-08-24,US,Idaho,Bear Lake,27,0,0,42.28269683,-111.32892379999998,16007.0,440.8163265306122,0.0,27,25,0,0,25,25,6050,2,0,0,2,0
2020-08-24,US,Idaho,Benewah,95,1,0,47.21754179,-116.6586851,16009.0,1021.7251021725102,1.0526315789473684,94,95,1,0,94,95,9226,0,0,0,0,0
2020-08-24,US,Idaho,Bingham,398,4,0,43.21672879999999,-112.3978437,16011.0,850.2275106278439,1.0050251256281406,394,396,4,0,392,396,46236,2,0,0,2,0
2020-08-24,US,Idaho,Blaine,595,6,0,43.4085812,-113.9752658,16013.0,2584.5966726032752,1.0084033613445378,589,595,6,0,589,594,22601,0,0,0,0,1
2020-08-24,US,Idaho,Boise,57,1,0,43.98829931,-115.7309284,16015.0,727.876388711531,1.7543859649122806,56,57,1,0,56,57,7634,0,0,0,0,0
2020-08-24,US,Idaho,Bonner,197,0,0,48.29996017,-116.6017932,16017.0,430.7046502984324,0.0,197,196,0,0,196,196,44727,1,0,0,1,0
2020-08-24,US,Idaho,Bonneville,1553,6,0,43.38713372,-111.6161537,16019.0,1304.3624330180915,0.386349001931745,1547,1540,6,0,1534,1506,116854,13,0,0,13,34
2020-08-24,US,Idaho,Boundary,42,0,0,48.76684761,-116.4630179,16021.0,342.99714169048593,0.0,42,42,0,0,42,42,11948,0,0,0,0,0
2020-08-24,US,Idaho,Butte,4,0,0,43.72592209,-113.1735463,16023.0,154.02387370042356,0.0,4,4,0,0,4,4,2611,0,0,0,0,0
2020-08-24,US,Idaho,Camas,2,0,0,43.46665742,-114.8065892,16025.0,180.83182640144662,0.0,2,2,0,0,2,2,1127,0,0,0,0,0
2020-08-24,US,Idaho,Canyon,6825,65,0,43.61970148,-116.70954990000001,16027.0,2969.340741095241,0.9523809523809524,6760,6798,65,0,6733,6735,223499,27,0,0,27,63
2020-08-24,US,Idaho,Caribou,35,0,0,42.77149116,-111.5597683,16029.0,489.1684136967156,0.0,35,35,0,0,35,35,7060,0,0,0,0,0
2020-08-24,US,Idaho,Cassia,570,1,0,42.28347888,-113.6012409,16031.0,2372.0349563046193,0.17543859649122806,569,570,1,0,569,570,23864,0,0,0,0,0
2020-08-24,US,Idaho,Clark,16,0,0,44.28496071,-112.35057040000001,16033.0,1893.4911242603546,0.0,16,15,0,0,15,15,852,1,0,0,1,0
2020-08-24,US,Idaho,Clearwater,21,0,0,46.67459924,-115.6622393,16035.0,239.83554134307903,0.0,21,20,0,0,20,20,8758,1,0,0,1,0
2020-08-24,US,Idaho,Custer,18,0,0,44.24186819,-114.2855494,16037.0,417.1494785631518,0.0,18,18,0,0,18,18,4280,0,0,0,0,0
2020-08-24,US,Idaho,Elmore,265,3,0,43.3507101,-115.4701578,16039.0,963.2510632110792,1.1320754716981132,262,259,3,0,256,259,27259,6,0,0,6,0
2020-08-24,US,Idaho,Franklin,54,0,0,42.18332217,-111.81496659999999,16041.0,389.16114153934853,0.0,54,54,0,0,54,54,13726,0,0,0,0,0
2020-08-24,US,Idaho,Fremont,102,1,0,44.22800938,-111.48099429999999,16043.0,778.6853958317429,0.9803921568627452,101,100,1,0,99,97,13168,2,0,0,2,3
2020-08-24,US,Idaho,Gem,205,2,0,44.06482372,-116.398376,16045.0,1131.84628975265,0.975609756097561,203,205,2,0,203,205,17634,0,0,0,0,0
2020-08-24,US,Idaho,Gooding,200,1,0,42.96927962,-114.81083059999999,16047.0,1317.6098557217208,0.5,199,198,1,0,197,196,15196,2,0,0,2,2
2020-08-24,US,Idaho,Idaho,39,0,0,45.84721541,-115.4634436,16049.0,233.99532009359814,0.0,39,39,0,0,39,39,16513,0,0,0,0,0
2020-08-24,US,Idaho,Jefferson,318,1,0,43.82078483,-112.3131749,16051.0,1064.577684041378,0.31446540880503143,317,312,1,0,311,299,29439,6,0,0,6,13
2020-08-24,US,Idaho,Jerome,571,6,0,42.68891267,-114.2655033,16053.0,2339.013599868917,1.0507880910683012,565,568,6,0,562,560,24015,3,0,0,3,8
2020-08-24,US,Idaho,Kootenai,2074,26,0,47.67282258,-116.7020872,16055.0,1251.68228754896,1.253616200578592,2048,2062,23,0,2039,2062,161505,12,3,0,9,0
2020-08-24,US,Idaho,Latah,191,0,0,46.81587887,-116.71136979999999,16057.0,476.2142216016755,0.0,191,176,0,0,176,176,40134,15,0,0,15,0
2020-08-24,US,Idaho,Lemhi,63,0,0,44.9438088,-113.9309747,16059.0,784.8511274448738,0.0,63,63,0,0,63,63,7961,0,0,0,0,0
2020-08-24,US,Idaho,Lincoln,63,0,0,43.0012336,-114.1358773,16063.0,1174.058889303019,0.0,63,63,0,0,63,63,5360,0,0,0,0,0
2020-08-24,US,Idaho,Madison,219,0,0,43.78141028,-111.65384740000002,16065.0,548.7759039767459,0.0,219,217,0,0,217,210,39304,2,0,0,2,7
2020-08-24,US,Idaho,Minidoka,528,2,0,42.85518524,-113.6357257,16067.0,2509.624982175959,0.3787878787878788,526,526,2,0,524,525,20825,2,0,0,2,1
2020-08-24,US,Idaho,Nez Perce,243,19,0,46.32638236,-116.75009750000001,16069.0,601.3660661255198,7.818930041152264,224,227,19,0,208,227,40408,16,0,0,16,0
2020-08-24,US,Idaho,Oneida,18,0,0,42.19494279999999,-112.5407838,16071.0,397.26329728536746,0.0,18,18,0,0,18,18,4488,0,0,0,0,0
2020-08-24,US,Idaho,Owyhee,290,4,0,42.58016894,-116.16938710000001,16073.0,2452.846147339931,1.3793103448275863,286,290,4,0,286,290,11693,0,0,0,0,0
2020-08-24,US,Idaho,Payette,570,4,0,44.00545243,-116.7647695,16075.0,2379.8588785436928,0.7017543859649122,566,558,4,0,554,550,23551,12,0,0,12,8
2020-08-24,US,Idaho,Power,94,0,0,42.69254894,-112.83957420000002,16077.0,1223.7989845072254,0.0,94,90,0,0,90,90,7768,4,0,0,4,0
2020-08-24,US,Idaho,Shoshone,184,11,0,47.35364087,-115.89167490000001,16079.0,1428.3496351498216,5.978260869565218,173,183,9,0,174,183,12796,1,2,0,-1,0
2020-08-24,US,Idaho,Teton,120,0,0,43.75303583,-111.2056773,16081.0,988.3050568275407,0.0,120,118,0,0,118,117,11640,2,0,0,2,1
2020-08-24,US,Idaho,Twin Falls,1604,33,0,42.35440512,-114.6685381,16083.0,1846.2671792628744,2.0573566084788033,1571,1600,33,0,1567,1589,86081,4,0,0,4,11
2020-08-24,US,Idaho,Unassigned,3,0,0,0.0,0.0,90016.0,0.0,0.0,3,3,0,0,3,3,,0,0,0,0,0
2020-08-24,US,Idaho,Valley,78,1,0,44.76728382,-115.5676773,16085.0,684.6910112359551,1.2820512820512822,77,78,1,0,77,78,11041,0,0,0,0,0
2020-08-24,US,Idaho,Washington,257,3,0,44.45275475,-116.78476880000001,16087.0,2521.090837747695,1.1673151750972763,254,256,3,0,253,254,10161,1,0,0,1,2
2020-08-24,US,Illinois,Adams,727,7,0,39.98815591,-91.18786813,17001.0,1111.0262092152518,0.9628610729023384,720,713,7,0,706,705,65691,14,0,0,14,8
2020-08-24,US,Illinois,Alexander,40,0,0,37.18049267,-89.32910838,17003.0,694.3239021003299,0.0,40,40,0,0,40,40,6060,0,0,0,0,0
2020-08-24,US,Illinois,Bond,107,3,0,38.88829622,-89.43534887,17005.0,651.4063070741507,2.803738317757009,104,104,3,0,101,100,16630,3,0,0,3,4
2020-08-24,US,Illinois,Boone,827,23,0,42.32359279,-88.82345779,17007.0,1544.5241296877334,2.7811366384522365,804,823,23,0,800,815,53577,4,0,0,4,8
2020-08-24,US,Illinois,Brown,16,0,0,39.96209138,-90.75068024,17009.0,243.2350258437215,0.0,16,16,0,0,16,16,6556,0,0,0,0,0
2020-08-24,US,Illinois,Bureau,322,4,0,41.40385234,-89.5283051,17011.0,986.8824322667647,1.2422360248447204,318,317,4,0,313,312,32993,5,0,0,5,5
2020-08-24,US,Illinois,Calhoun,22,0,0,39.16840183,-90.66330078,17013.0,464.23296054019835,0.0,22,21,0,0,21,19,4802,1,0,0,1,2
2020-08-24,US,Illinois,Carroll,115,4,0,42.06823429,-89.93395545,17015.0,803.9147151345684,3.4782608695652173,111,114,4,0,110,111,14312,1,0,0,1,3
2020-08-24,US,Illinois,Cass,287,11,0,39.96991073,-90.24734436,17017.0,2362.723306166132,3.8327526132404177,276,287,11,0,276,283,12260,0,0,0,0,4
2020-08-24,US,Illinois,Champaign,2078,20,0,40.13919438,-88.20046615,17019.0,990.9914206276917,0.9624639076034648,2058,2027,20,0,2007,1929,209983,51,0,0,51,98
2020-08-24,US,Illinois,Christian,185,4,0,39.54581621,-89.27780482,17021.0,572.6844972758793,2.1621621621621623,181,184,4,0,180,182,32661,1,0,0,1,2
2020-08-24,US,Illinois,Clark,112,2,0,39.33425789,-87.78705622,17023.0,725.3416229518814,1.7857142857142858,110,112,2,0,110,112,15596,0,0,0,0,0
2020-08-24,US,Illinois,Clay,60,0,0,38.75388572,-88.48914513,17025.0,455.0970873786408,0.0,60,59,0,0,59,57,13253,1,0,0,1,2
2020-08-24,US,Illinois,Clinton,606,17,0,38.60704876,-89.42385254,17027.0,1613.3326233959854,2.8052805280528053,589,582,17,0,565,574,37639,24,0,0,24,8
2020-08-24,US,Illinois,Coles,786,21,0,39.51949084,-88.22358557,17029.0,1552.7152762687424,2.6717557251908395,765,785,21,0,764,759,50885,1,0,0,1,26
2020-08-24,US,Illinois,Cook,121877,5015,0,41.84144849,-87.81658794,17031.0,2366.4366252944283,4.114804269878648,116862,121308,5013,0,116295,120567,5180493,569,2,0,567,741
2020-08-24,US,Illinois,Crawford,57,0,0,39.0032229,-87.75954624,17033.0,305.3516901483902,0.0,57,52,0,0,52,49,18807,5,0,0,5,3
2020-08-24,US,Illinois,Cumberland,109,3,0,39.27432424,-88.2401158,17035.0,1012.4465911201931,2.7522935779816518,106,107,3,0,104,103,10808,2,0,0,2,4
2020-08-24,US,Illinois,De Witt,38,1,0,40.17514519,-88.90959682,17039.0,242.99782580892696,2.631578947368421,37,37,1,0,36,37,15769,1,0,0,1,0
2020-08-24,US,Illinois,DeKalb,1048,33,0,41.89373302,-88.76958483,17037.0,999.0752833732138,3.1488549618320607,1015,1044,33,0,1011,1038,104143,4,0,0,4,6
2020-08-24,US,Illinois,Douglas,189,4,0,39.76768052,-88.21854195,17041.0,970.97354225533,2.1164021164021163,185,189,4,0,185,185,19479,0,0,0,0,4
2020-08-24,US,Illinois,DuPage,13909,530,0,41.85116968,-88.08642662,17043.0,1507.0629013750906,3.8104824214537345,13379,13778,529,0,13249,13686,928589,131,1,0,130,92
2020-08-24,US,Illinois,Edgar,61,0,0,39.6809186,-87.74759563,17045.0,355.45714119223817,0.0,61,57,0,0,57,57,17360,4,0,0,4,0
2020-08-24,US,Illinois,Edwards,31,0,0,38.41353228,-88.05720863,17047.0,484.7537138389367,0.0,31,31,0,0,31,31,6392,0,0,0,0,0
2020-08-24,US,Illinois,Effingham,398,1,0,39.05935711,-88.58969584,17049.0,1170.312867560574,0.25125628140703515,397,391,1,0,390,367,34208,7,0,0,7,24
2020-08-24,US,Illinois,Fayette,120,3,0,39.00072038,-89.02452658,17051.0,562.429696287964,2.5,117,115,3,0,112,108,21416,5,0,0,5,7
2020-08-24,US,Illinois,Ford,70,2,0,40.59706922,-88.22350769,17053.0,540.0817838129774,2.8571428571428568,68,70,2,0,68,69,13264,0,0,0,0,1
2020-08-24,US,Illinois,Franklin,293,1,0,37.99189086,-88.92567818,17055.0,761.6522394655436,0.3412969283276451,292,287,1,0,286,285,38701,6,0,0,6,2
2020-08-24,US,Illinois,Fulton,73,0,0,40.47289135,-90.20862357,17057.0,212.58008153756558,0.0,73,71,0,0,71,68,34844,2,0,0,2,3
2020-08-24,US,Illinois,Gallatin,60,2,0,37.76430935,-88.22953869,17059.0,1242.7506213753106,3.333333333333333,58,60,2,0,58,60,5058,0,0,0,0,0
2020-08-24,US,Illinois,Greene,98,0,0,39.35907414,-90.388865,17061.0,755.6480838923587,0.0,98,95,0,0,95,93,13044,3,0,0,3,2
2020-08-24,US,Illinois,Grundy,436,5,0,41.28569601,-88.41905692,17063.0,853.9977278959532,1.1467889908256879,431,432,5,0,427,425,50972,4,0,0,4,7
2020-08-24,US,Illinois,Hamilton,42,0,0,38.08163641,-88.53883373,17065.0,517.4963035978315,0.0,42,41,0,0,41,40,8163,1,0,0,1,1
2020-08-24,US,Illinois,Hancock,116,1,0,40.40423981,-91.16313899,17067.0,655.0711542805511,0.8620689655172413,115,113,1,0,112,113,17844,3,0,0,3,0
2020-08-24,US,Illinois,Hardin,18,0,0,37.51810645,-88.26873022,17069.0,471.08086888249153,0.0,18,18,0,0,18,18,3910,0,0,0,0,0
2020-08-24,US,Illinois,Henderson,36,0,0,40.81908672,-90.92491462,17071.0,541.6792055371652,0.0,36,35,0,0,35,28,6709,1,0,0,1,7
2020-08-24,US,Illinois,Henry,396,1,0,41.3533994,-90.13296166,17073.0,809.6007196450843,0.2525252525252525,395,378,1,0,377,367,49090,18,0,0,18,11
2020-08-24,US,Illinois,Iroquois,284,18,0,40.74717633,-87.82466784,17075.0,1047.429372280003,6.338028169014086,266,283,17,0,266,283,27604,1,1,0,0,0
2020-08-24,US,Illinois,Jackson,851,20,0,37.78595185,-89.38232563,17077.0,1499.5594713656387,2.3501762632197414,831,835,20,0,815,828,57419,16,0,0,16,7
2020-08-24,US,Illinois,Jasper,89,7,0,39.01054275,-88.15437049,17079.0,926.1186264308012,7.865168539325843,82,89,7,0,82,87,9611,0,0,0,0,2
2020-08-24,US,Illinois,Jefferson,402,31,0,38.29980057,-88.9240025,17081.0,1066.7657361214308,7.711442786069652,371,392,31,0,361,384,37820,10,0,0,10,8
2020-08-24,US,Illinois,Jersey,229,2,0,39.08869046,-90.35393073,17083.0,1051.7613558076516,0.8733624454148472,227,223,2,0,221,213,21847,6,0,0,6,10
2020-08-24,US,Illinois,Jo Daviess,166,2,0,42.36542373,-90.21094405,17085.0,781.7282787850247,1.2048192771084338,164,165,2,0,163,159,21366,1,0,0,1,6
2020-08-24,US,Illinois,Johnson,95,0,0,37.45939802,-88.88165419,17087.0,765.0801320769913,0.0,95,92,0,0,92,88,12456,3,0,0,3,4
2020-08-24,US,Illinois,Kane,10796,308,0,41.93842729,-88.42861412,17089.0,2027.7872213342148,2.8529084846239354,10488,10759,307,0,10452,10702,534216,37,1,0,36,57
2020-08-24,US,Illinois,Kankakee,2050,71,0,41.13746989,-87.86205334,17091.0,1865.977316997688,3.463414634146341,1979,2033,71,0,1962,2017,110024,17,0,0,17,16
2020-08-24,US,Illinois,Kendall,1588,23,0,41.59081014,-88.42869583,17093.0,1231.103186293511,1.4483627204030227,1565,1579,23,0,1556,1568,127915,9,0,0,9,11
2020-08-24,US,Illinois,Knox,425,3,0,40.93148779,-90.21330340000002,17095.0,855.1479909052498,0.7058823529411765,422,422,3,0,419,415,50112,3,0,0,3,7
2020-08-24,US,Illinois,LaSalle,1115,39,0,41.34426129999999,-88.88633881,17099.0,1026.0515878493406,3.4977578475336317,1076,1093,39,0,1054,1085,109430,22,0,0,22,8
2020-08-24,US,Illinois,Lake,13937,455,0,42.3224907,-88.00367925,17097.0,2000.904477161952,3.2646911099949776,13482,13857,455,0,13402,13808,700832,80,0,0,80,49
2020-08-24,US,Illinois,Lawrence,87,0,0,38.71987914,-87.72884035,17101.0,554.9177190968237,0.0,87,81,0,0,81,80,15765,6,0,0,6,1
2020-08-24,US,Illinois,Lee,218,1,0,41.74583951,-89.29977132,17103.0,639.3711872360393,0.4587155963302753,217,215,1,0,214,211,34223,3,0,0,3,4
2020-08-24,US,Illinois,Livingston,170,3,0,40.89188292,-88.55784752,17105.0,476.8850987432675,1.7647058823529411,167,166,3,0,163,165,35761,4,0,0,4,1
2020-08-24,US,Illinois,Logan,228,1,0,40.12581572,-89.36638784,17107.0,796.7013767558877,0.43859649122807015,227,228,1,0,227,223,28925,0,0,0,0,5
2020-08-24,US,Illinois,Macon,852,24,0,39.86064913,-88.96342505,17115.0,819.1598803949659,2.8169014084507036,828,835,24,0,811,832,104712,17,0,0,17,3
2020-08-24,US,Illinois,Macoupin,301,3,0,39.26119767,-89.92424028,17117.0,669.9906512932378,0.9966777408637874,298,296,3,0,293,290,45313,5,0,0,5,6
2020-08-24,US,Illinois,Madison,3606,91,0,38.83042506,-89.90422563,17119.0,1371.2799373303012,2.5235718247365497,3515,3562,91,0,3471,3503,264461,44,0,0,44,59
2020-08-24,US,Illinois,Marion,234,0,0,38.64963204,-88.91899208,17121.0,628.9477220803656,0.0,234,231,0,0,231,221,37620,3,0,0,3,10
2020-08-24,US,Illinois,Marshall,39,0,0,41.0327901,-89.34510444,17123.0,340.96870082182204,0.0,39,39,0,0,39,39,11534,0,0,0,0,0
2020-08-24,US,Illinois,Mason,72,1,0,40.23917274,-89.91824452,17125.0,538.9624971929037,1.3888888888888888,71,72,1,0,71,67,13565,0,0,0,0,5
2020-08-24,US,Illinois,Massac,56,0,0,37.22078441,-88.71036614,17127.0,406.6221318617485,0.0,56,52,0,0,52,51,14080,4,0,0,4,1
2020-08-24,US,Illinois,McDonough,161,15,0,40.45674722,-90.67775541,17109.0,542.4162792264672,9.316770186335404,146,161,15,0,146,160,29955,0,0,0,0,1
2020-08-24,US,Illinois,McHenry,3620,115,0,42.32451172,-88.45248227,17111.0,1176.1877221597665,3.176795580110497,3505,3589,115,0,3474,3561,308570,31,0,0,31,28
2020-08-24,US,Illinois,McLean,1138,16,0,40.48996987,-88.84621113,17113.0,663.4910825166019,1.40597539543058,1122,1082,16,0,1066,1004,172828,56,0,0,56,78
2020-08-24,US,Illinois,Menard,63,0,0,40.02742725,-89.80246001,17129.0,516.5628074778616,0.0,63,63,0,0,63,62,12288,0,0,0,0,1
2020-08-24,US,Illinois,Mercer,90,4,0,41.20596782,-90.74290052,17131.0,583.0148344885664,4.4444444444444455,86,90,4,0,86,90,15601,0,0,0,0,0
2020-08-24,US,Illinois,Monroe,402,14,0,38.27594376,-90.17761038,17133.0,1160.6085977422988,3.4825870646766166,388,398,13,0,385,391,34335,4,1,0,3,7
2020-08-24,US,Illinois,Montgomery,223,8,0,39.23198845,-89.47809254,17135.0,784.8243823467302,3.5874439461883414,215,218,8,0,210,214,28601,5,0,0,5,4
2020-08-24,US,Illinois,Morgan,448,17,0,39.71654544,-90.20255104,17137.0,1331.0357121635273,3.7946428571428568,431,447,17,0,430,441,33976,1,0,0,1,6
2020-08-24,US,Illinois,Moultrie,133,0,0,39.64187451,-88.62099969,17139.0,917.1781256465073,0.0,133,133,0,0,133,131,14717,0,0,0,0,2
2020-08-24,US,Illinois,Ogle,459,5,0,42.04165196,-89.32184679,17141.0,906.3444108761328,1.0893246187363834,454,453,5,0,448,452,50923,6,0,0,6,1
2020-08-24,US,Illinois,Out of IL,1,0,0,0.0,0.0,80017.0,0.0,0.0,1,,,,,,,,,,,
2020-08-24,US,Illinois,Peoria,2190,38,0,40.78702156,-89.76078901,17143.0,1222.241445705133,1.735159817351598,2152,2165,38,0,2127,2142,180621,25,0,0,25,23
2020-08-24,US,Illinois,Perry,271,6,0,38.08510853,-89.36856219,17145.0,1295.6588257793078,2.2140221402214024,265,266,6,0,260,256,21174,5,0,0,5,10
2020-08-24,US,Illinois,Piatt,70,0,0,40.01360584,-88.59319339,17147.0,428.2917278511992,0.0,70,71,0,0,71,71,16396,-1,0,0,-1,0
2020-08-24,US,Illinois,Pike,57,0,0,39.62265059,-90.8877017,17149.0,366.3003663003663,0.0,57,52,0,0,52,48,15611,5,0,0,5,4
2020-08-24,US,Illinois,Pope,11,0,0,37.41391284,-88.56152109,17151.0,263.3468996887718,0.0,11,11,0,0,11,11,4212,0,0,0,0,0
2020-08-24,US,Illinois,Pulaski,106,1,0,37.22631423,-89.13085001,17153.0,1986.8791002811624,0.9433962264150944,105,105,1,0,104,104,5463,1,0,0,1,1
2020-08-24,US,Illinois,Putnam,13,0,0,41.2013541,-89.2869272,17155.0,226.5202997037812,0.0,13,13,0,0,13,13,5740,0,0,0,0,0
2020-08-24,US,Illinois,Randolph,647,7,0,38.05095369,-89.82512254,17157.0,2035.743502611541,1.0819165378670788,640,642,7,0,635,622,32106,5,0,0,5,20
2020-08-24,US,Illinois,Richland,54,1,0,38.71240969,-88.08475366,17159.0,348.0951460065752,1.851851851851852,53,53,1,0,52,53,15763,1,0,0,1,0
2020-08-24,US,Illinois,Rock Island,2026,46,0,41.46613806,-90.57042164,17161.0,1427.9773609907031,2.270483711747285,1980,2000,46,0,1954,1986,143477,26,0,0,26,14
2020-08-24,US,Illinois,Saline,155,2,0,37.75332999,-88.54119706,17165.0,659.8271678515176,1.2903225806451613,153,155,2,0,153,153,23906,0,0,0,0,2
2020-08-24,US,Illinois,Sangamon,1637,37,0,39.75836914,-89.65872023,17167.0,840.9016191337224,2.2602321319486864,1600,1612,37,0,1575,1593,195348,25,0,0,25,19
2020-08-24,US,Illinois,Schuyler,19,0,0,40.157179799999994,-90.61114163,17169.0,280.73286052009456,0.0,19,19,0,0,19,19,6907,0,0,0,0,0
2020-08-24,US,Illinois,Scott,41,0,0,39.642916899999996,-90.47814431,17171.0,828.115532215714,0.0,41,40,0,0,40,36,4926,1,0,0,1,4
2020-08-24,US,Illinois,Shelby,153,2,0,39.39133527,-88.80611122,17173.0,707.2201164833133,1.30718954248366,151,150,2,0,148,146,21741,3,0,0,3,4
2020-08-24,US,Illinois,St. Clair,4958,166,0,38.46996033,-89.93063427,17163.0,1909.2288379042386,3.348124243646632,4792,4882,166,0,4716,4814,261059,76,0,0,76,68
2020-08-24,US,Illinois,Stark,10,0,0,41.09309773,-89.79745866,17175.0,187.19580681392742,0.0,10,9,0,0,9,9,5427,1,0,0,1,0
2020-08-24,US,Illinois,Stephenson,368,6,0,42.35129217,-89.662598,17177.0,827.0034608297003,1.6304347826086956,362,364,6,0,358,360,44753,4,0,0,4,4
2020-08-24,US,Illinois,Tazewell,951,9,0,40.50716185,-89.51404662,17179.0,721.5313763723133,0.946372239747634,942,929,9,0,920,913,132328,22,0,0,22,16
2020-08-24,US,Illinois,Unassigned,1463,209,0,0.0,0.0,90017.0,0.0,14.285714285714285,1254,1461,209,0,1252,1464,,2,0,0,2,-3
2020-08-24,US,Illinois,Union,400,23,0,37.47119609,-89.25548938,17181.0,2401.969615084369,5.75,377,393,23,0,370,391,16841,7,0,0,7,2
2020-08-24,US,Illinois,Vermilion,298,2,0,40.18417171,-87.73384359,17183.0,393.3577971963357,0.6711409395973155,296,293,2,0,291,285,76806,5,0,0,5,8
2020-08-24,US,Illinois,Wabash,93,1,0,38.44272901,-87.84922065,17185.0,807.2916666666665,1.075268817204301,92,89,1,0,88,93,11549,4,0,0,4,-4
2020-08-24,US,Illinois,Warren,230,0,0,40.84925021,-90.6147432,17187.0,1365.4713844692474,0.0,230,228,0,0,228,226,17032,2,0,0,2,2
2020-08-24,US,Illinois,Washington,92,1,0,38.35309213,-89.40982703,17189.0,662.4900986534169,1.0869565217391304,91,88,1,0,87,87,13995,4,0,0,4,1
2020-08-24,US,Illinois,Wayne,86,2,0,38.42955355,-88.42586459,17191.0,530.3731113166822,2.3255813953488373,84,86,2,0,84,85,16332,0,0,0,0,1
2020-08-24,US,Illinois,White,113,0,0,38.08706198,-88.17657461,17193.0,834.7492058801802,0.0,113,112,0,0,112,108,13665,1,0,0,1,4
2020-08-24,US,Illinois,Whiteside,444,18,0,41.75509713,-89.91556058,17195.0,804.7122791119168,4.0540540540540535,426,440,18,0,422,440,55626,4,0,0,4,0
2020-08-24,US,Illinois,Will,10830,354,0,41.44619267,-87.97862712,17197.0,1567.8769093570254,3.2686980609418277,10476,10760,354,0,10406,10614,692310,70,0,0,70,146
2020-08-24,US,Illinois,Williamson,716,9,0,37.73033511,-88.92994027,17199.0,1075.1235040617446,1.2569832402234635,707,695,9,0,686,673,67056,21,0,0,21,22
2020-08-24,US,Illinois,Winnebago,4069,139,0,42.33641854,-89.16085327,17201.0,1439.9869767705222,3.416072745146228,3930,4048,137,0,3911,4018,284081,21,2,0,19,30
2020-08-24,US,Illinois,Woodford,242,3,0,40.78579374,-89.20973757,17203.0,629.2415299409761,1.2396694214876034,239,237,3,0,234,235,38463,5,0,0,5,2
2020-08-24,US,Indiana,Adams,160,2,0,40.7457653,-84.93671406,18001.0,447.2146910025994,1.25,158,157,2,0,155,156,35636,3,0,0,3,1
2020-08-24,US,Indiana,Allen,4650,172,0,41.09194313,-85.06800636,18003.0,1225.9457578322115,3.698924731182796,4478,4552,172,0,4380,4526,375351,98,0,0,98,26
2020-08-24,US,Indiana,Bartholomew,1013,50,0,39.20744865,-85.89558181,18005.0,1209.1335537545208,4.935834155972358,963,990,50,0,940,985,82753,23,0,0,23,5
2020-08-24,US,Indiana,Benton,76,0,0,40.60626947,-87.31093999,18007.0,868.7700045724738,0.0,76,76,0,0,76,76,8653,0,0,0,0,0
2020-08-24,US,Indiana,Blackford,70,2,0,40.47388153,-85.32499702,18009.0,595.3393434257526,2.8571428571428568,68,70,2,0,68,70,11930,0,0,0,0,0
2020-08-24,US,Indiana,Boone,785,46,0,40.0509304,-86.46841646,18011.0,1157.083265775393,5.859872611464968,739,779,46,0,733,776,66999,6,0,0,6,3
2020-08-24,US,Indiana,Brown,83,2,0,39.19605589,-86.22868909,18013.0,549.9602438377949,2.409638554216868,81,82,2,0,80,82,15234,1,0,0,1,0
2020-08-24,US,Indiana,Carroll,249,11,0,40.580783200000006,-86.56198812,18015.0,1229.2047193562719,4.417670682730924,238,246,11,0,235,243,20127,3,0,0,3,3
2020-08-24,US,Indiana,Cass,1842,9,0,40.76135835,-86.34830753,18017.0,4887.367666958529,0.488599348534202,1833,1840,9,0,1831,1838,37955,2,0,0,2,2
2020-08-24,US,Indiana,Clark,1601,51,0,38.48015445,-85.70510334,18019.0,1353.316089330696,3.1855090568394755,1550,1567,51,0,1516,1552,117360,34,0,0,34,15
2020-08-24,US,Indiana,Clay,207,5,0,39.39561833,-87.11723506,18021.0,789.3231649189702,2.415458937198068,202,205,5,0,200,197,26170,2,0,0,2,8
2020-08-24,US,Indiana,Clinton,521,6,0,40.30319754,-86.47277257,18023.0,1608.0743232815826,1.151631477927063,515,503,6,0,497,501,32250,18,0,0,18,2
2020-08-24,US,Indiana,Crawford,55,0,0,38.28814402,-86.44518825,18025.0,519.9962182093221,0.0,55,55,0,0,55,55,10558,0,0,0,0,0
2020-08-24,US,Indiana,Daviess,407,23,0,38.70186039,-87.07185406,18027.0,1220.3532127972176,5.651105651105651,384,399,22,0,377,398,33147,8,1,0,7,1
2020-08-24,US,Indiana,DeKalb,286,4,0,41.39804622,-84.99906934,18033.0,657.8493387004025,1.3986013986013983,282,277,4,0,273,275,43226,9,0,0,9,2
2020-08-24,US,Indiana,Dearborn,556,28,0,39.14647946,-84.97333539,18029.0,1124.1861781713776,5.035971223021583,528,553,28,0,525,552,49568,3,0,0,3,1
2020-08-24,US,Indiana,Decatur,374,33,0,39.30712658,-85.50087166,18031.0,1408.185549154712,8.823529411764708,341,369,33,0,336,367,26794,5,0,0,5,2
2020-08-24,US,Indiana,Delaware,897,53,0,40.22787247,-85.39732772,18035.0,785.9114206860298,5.908584169453736,844,866,53,0,813,860,114772,31,0,0,31,6
2020-08-24,US,Indiana,Dubois,796,17,0,38.36597551,-86.87924170000002,18037.0,1862.5982777985773,2.135678391959799,779,793,16,0,777,788,42565,3,1,0,2,5
2020-08-24,US,Indiana,Elkhart,5384,95,0,41.59761169,-85.85875695,18039.0,2609.2729995492896,1.7644873699851409,5289,5340,95,0,5245,5314,205560,44,0,0,44,26
2020-08-24,US,Indiana,Fayette,282,8,0,39.63684962,-85.17797541,18041.0,1220.6735347588956,2.8368794326241136,274,277,8,0,269,265,23047,5,0,0,5,12
2020-08-24,US,Indiana,Floyd,997,54,0,38.32117957,-85.90385377,18043.0,1269.707852576348,5.4162487462387165,943,979,54,0,925,967,77781,18,0,0,18,12
2020-08-24,US,Indiana,Fountain,82,2,0,40.12361933,-87.24217689,18045.0,501.65178025204943,2.4390243902439024,80,81,2,0,79,81,16351,1,0,0,1,0
2020-08-24,US,Indiana,Franklin,261,22,0,39.4142482,-85.06062647,18047.0,1146.8494595307145,8.42911877394636,239,261,22,0,239,260,22736,0,0,0,0,1
2020-08-24,US,Indiana,Fulton,196,2,0,41.0469907,-86.26252745,18049.0,981.2756583558628,1.020408163265306,194,192,2,0,190,191,20092,4,0,0,4,1
2020-08-24,US,Indiana,Gibson,288,4,0,38.30393723,-87.58054938,18051.0,855.6403933569031,1.3888888888888888,284,285,4,0,281,282,33452,3,0,0,3,3
2020-08-24,US,Indiana,Grant,601,30,0,40.51587228,-85.65468702,18053.0,913.8043759217868,4.991680532445924,571,579,30,0,549,572,65936,22,0,0,22,7
2020-08-24,US,Indiana,Greene,335,35,0,39.03630547,-86.96223202,18055.0,1049.4329929202431,10.447761194029852,300,326,35,0,291,321,32006,9,0,0,9,5
2020-08-24,US,Indiana,Hamilton,3529,106,0,40.07306535,-86.05244729,18057.0,1044.0488623151316,3.003683763105696,3423,3423,106,0,3317,3399,330086,106,0,0,106,24
2020-08-24,US,Indiana,Hancock,777,41,0,39.82304555,-85.77566351,18059.0,994.0128953024257,5.276705276705278,736,750,41,0,709,748,76351,27,0,0,27,2
2020-08-24,US,Indiana,Harrison,437,24,0,38.19467379,-86.10948271,18061.0,1078.6128594347772,5.491990846681921,413,435,24,0,411,424,40350,2,0,0,2,11
2020-08-24,US,Indiana,Hendricks,2171,110,0,39.76719009,-86.51037283,18063.0,1274.7268232821134,5.066789497927221,2061,2152,110,0,2042,2124,167009,19,0,0,19,28
2020-08-24,US,Indiana,Henry,555,21,0,39.93029017,-85.39625719,18065.0,1156.9248728424914,3.783783783783784,534,534,21,0,513,531,48271,21,0,0,21,3
2020-08-24,US,Indiana,Howard,1026,61,0,40.48527731,-86.11351892,18067.0,1242.973444465982,5.9454191033138395,965,1022,61,0,961,1014,82366,4,0,0,4,8
2020-08-24,US,Indiana,Huntington,154,3,0,40.82907273,-85.48822092,18069.0,421.68674698795184,1.9480519480519483,151,152,3,0,149,149,36240,2,0,0,2,3
2020-08-24,US,Indiana,Jackson,672,7,0,38.90915820000001,-86.03851889,18071.0,1519.2964210621508,1.0416666666666667,665,653,7,0,646,650,44111,19,0,0,19,3
2020-08-24,US,Indiana,Jasper,301,2,0,41.02078733,-87.11553319,18073.0,896.8476252905072,0.6644518272425249,299,298,2,0,296,295,33370,3,0,0,3,3
2020-08-24,US,Indiana,Jay,114,0,0,40.43781032,-85.00576229,18075.0,557.8391074574281,0.0,114,111,0,0,111,111,20764,3,0,0,3,0
2020-08-24,US,Indiana,Jefferson,198,3,0,38.78576239,-85.43633383,18077.0,612.8513061780365,1.5151515151515151,195,193,3,0,190,193,32208,5,0,0,5,0
2020-08-24,US,Indiana,Jennings,254,12,0,38.99588883,-85.62710784,18079.0,915.8103479358213,4.724409448818896,242,244,12,0,232,244,27611,10,0,0,10,0
2020-08-24,US,Indiana,Johnson,1942,120,0,39.48994426,-86.10149107,18081.0,1227.8161689859453,6.179196704428423,1822,1917,120,0,1797,1910,156225,25,0,0,25,7
2020-08-24,US,Indiana,Knox,279,3,0,38.68861576,-87.4194665,18083.0,762.4200688637483,1.075268817204301,276,272,3,0,269,266,36895,7,0,0,7,6
2020-08-24,US,Indiana,Kosciusko,986,12,0,41.24521668,-85.86312322,18085.0,1240.938380990737,1.2170385395537526,974,902,12,0,890,902,79344,84,0,0,84,0
2020-08-24,US,Indiana,LaGrange,581,11,0,41.64232188,-85.42674232,18087.0,1466.6532034129348,1.8932874354561104,570,581,11,0,570,578,39330,0,0,0,0,3
2020-08-24,US,Indiana,LaPorte,1114,31,0,41.54366008,-86.74072188,18091.0,1013.759464181712,2.7827648114901256,1083,1097,31,0,1066,1088,110007,17,0,0,17,9
2020-08-24,US,Indiana,Lake,8700,292,0,41.41874274,-87.38277575,18089.0,1791.9928814627606,3.35632183908046,8408,8593,292,0,8301,8523,484411,107,0,0,107,70
2020-08-24,US,Indiana,Lawrence,418,27,0,38.84112637,-86.48361629,18093.0,921.3136433766806,6.45933014354067,391,385,27,0,358,381,45668,33,0,0,33,4
2020-08-24,US,Indiana,Madison,1201,67,0,40.16143691,-85.71964711,18095.0,926.9192476595482,5.578684429641965,1134,1183,67,0,1116,1174,129641,18,0,0,18,9
2020-08-24,US,Indiana,Marion,17593,743,0,39.78163624,-86.13826325,18097.0,1823.8988494498133,4.223270618996192,16850,17424,743,0,16681,17339,954670,169,0,0,169,85
2020-08-24,US,Indiana,Marshall,858,23,0,41.32467367,-86.26185087,18099.0,1854.8143023909372,2.6806526806526807,835,853,23,0,830,851,46248,5,0,0,5,2
2020-08-24,US,Indiana,Martin,75,0,0,38.7099921,-86.80373186,18101.0,731.3505607020966,0.0,75,71,0,0,71,66,10217,4,0,0,4,5
2020-08-24,US,Indiana,Miami,306,2,0,40.76940965,-86.04525048,18103.0,861.5835116567181,0.6535947712418301,304,300,2,0,298,296,35567,6,0,0,6,4
2020-08-24,US,Indiana,Monroe,952,36,0,39.16130004,-86.52414358,18105.0,641.3754539146137,3.7815126050420167,916,858,35,0,823,845,146917,94,1,0,93,13
2020-08-24,US,Indiana,Montgomery,388,21,0,40.04034823,-86.89335024,18107.0,1012.0507068704679,5.41237113402062,367,386,21,0,365,384,38346,2,0,0,2,2
2020-08-24,US,Indiana,Morgan,553,35,0,39.47899078,-86.44573375,18109.0,784.5195704294287,6.329113924050633,518,541,35,0,506,535,70116,12,0,0,12,6
2020-08-24,US,Indiana,Newton,133,10,0,40.95610449,-87.39635768,18111.0,951.0869565217392,7.518796992481202,123,128,10,0,118,126,14011,5,0,0,5,2
2020-08-24,US,Indiana,Noble,773,30,0,41.39672484,-85.41966713,18113.0,1619.0516085790885,3.8809831824062098,743,766,30,0,736,762,47532,7,0,0,7,4
2020-08-24,US,Indiana,Ohio,70,7,0,38.955304999999996,-84.96515993,18115.0,1191.4893617021276,10.0,63,70,7,0,63,70,5844,0,0,0,0,0
2020-08-24,US,Indiana,Orange,214,24,0,38.54118920000001,-86.49523093,18117.0,1089.2802606128473,11.214953271028037,190,209,24,0,185,205,19489,5,0,0,5,4
2020-08-24,US,Indiana,Owen,132,1,0,39.31145587,-86.83900724,18119.0,634.6458964373287,0.7575757575757576,131,132,1,0,131,131,20845,0,0,0,0,1
2020-08-24,US,Indiana,Parke,75,2,0,39.77202286,-87.20375833,18121.0,442.8175001476058,2.6666666666666665,73,75,2,0,73,75,16927,0,0,0,0,0
2020-08-24,US,Indiana,Perry,195,13,0,38.07809328,-86.63741946,18123.0,1017.2674630914496,6.666666666666668,182,194,13,0,181,194,19102,1,0,0,1,0
2020-08-24,US,Indiana,Pike,80,1,0,38.40112197,-87.23574907,18125.0,645.7341189765116,1.25,79,80,1,0,79,80,12410,0,0,0,0,0
2020-08-24,US,Indiana,Porter,1582,40,0,41.45986947,-87.06848888,18127.0,928.463691904994,2.528445006321113,1542,1565,40,0,1525,1552,169594,17,0,0,17,13
2020-08-24,US,Indiana,Posey,202,0,0,38.02097333,-87.86480429,18129.0,794.4311165296733,0.0,202,199,0,0,199,198,25540,3,0,0,3,1
2020-08-24,US,Indiana,Pulaski,92,1,0,41.04166107,-86.69890683,18131.0,744.758358293532,1.0869565217391304,91,91,1,0,90,91,12469,1,0,0,1,0
2020-08-24,US,Indiana,Putnam,401,8,0,39.66437981,-86.84517605,18133.0,1067.170534383649,1.9950124688279305,393,397,8,0,389,397,37779,4,0,0,4,0
2020-08-24,US,Indiana,Randolph,150,6,0,40.15734772,-85.01139319,18135.0,608.1491992702211,4.0,144,143,6,0,137,141,24851,7,0,0,7,2
2020-08-24,US,Indiana,Ripley,234,8,0,39.10235626,-85.26212744,18137.0,826.1544979522666,3.418803418803418,226,234,8,0,226,231,28523,0,0,0,0,3
2020-08-24,US,Indiana,Rush,127,4,0,39.62002287,-85.4655599,18139.0,765.9369157469392,3.1496062992125986,123,126,4,0,122,125,16663,1,0,0,1,1
2020-08-24,US,Indiana,Scott,303,10,0,38.68672078,-85.74627859,18143.0,1269.216269425711,3.3003300330033003,293,299,10,0,289,298,23878,4,0,0,4,1
2020-08-24,US,Indiana,Shelby,607,28,0,39.52305623,-85.79158570000001,18145.0,1357.0614142949764,4.612850082372323,579,605,28,0,577,604,44593,2,0,0,2,1
2020-08-24,US,Indiana,Spencer,150,3,0,38.01519732,-87.0079644,18147.0,739.7544015386893,2.0,147,148,3,0,145,148,20327,2,0,0,2,0
2020-08-24,US,Indiana,St. Joseph,4540,88,0,41.61756781,-86.29040834,18141.0,1670.186074915571,1.9383259911894275,4452,4229,88,0,4141,4178,270771,311,0,0,311,51
2020-08-24,US,Indiana,Starke,189,7,0,41.27890281,-86.64686895,18149.0,821.917808219178,3.703703703703704,182,186,7,0,179,186,22935,3,0,0,3,0
2020-08-24,US,Indiana,Steuben,246,3,0,41.64423868,-85.00101094,18151.0,711.1059721338962,1.2195121951219512,243,241,3,0,238,240,34586,5,0,0,5,1
2020-08-24,US,Indiana,Sullivan,258,5,0,39.08952258,-87.41414469,18153.0,1248.2461657554793,1.937984496124031,253,257,4,0,253,252,20690,1,1,0,0,5
2020-08-24,US,Indiana,Switzerland,63,0,0,38.82767338,-85.03022429,18155.0,585.9920007441167,0.0,63,63,0,0,63,63,10717,0,0,0,0,0
2020-08-24,US,Indiana,Tippecanoe,1464,13,0,40.38872739,-86.89413959,18157.0,747.9614983753295,0.8879781420765027,1451,1442,13,0,1429,1433,193048,22,0,0,22,9
2020-08-24,US,Indiana,Tipton,170,19,0,40.31123252,-86.05234925,18159.0,1122.2603644045419,11.176470588235292,151,170,19,0,151,169,15128,0,0,0,0,1
2020-08-24,US,Indiana,Unassigned,0,217,0,0.0,0.0,90018.0,0.0,0.0,-217,0,217,0,-217,0,,0,0,0,0,0
2020-08-24,US,Indiana,Union,57,0,0,39.62550777,-84.92497066,18161.0,808.0521689821378,0.0,57,54,0,0,54,52,7037,3,0,0,3,2
2020-08-24,US,Indiana,Vanderburgh,2361,17,0,38.02658833,-87.58763124,18163.0,1301.1777284225493,0.7200338839474799,2344,2331,17,0,2314,2317,180974,30,0,0,30,14
2020-08-24,US,Indiana,Vermillion,81,0,0,39.8523352,-87.46160542,18165.0,522.6480836236934,0.0,81,78,0,0,78,75,15479,3,0,0,3,3
2020-08-24,US,Indiana,Vigo,1046,15,0,39.42944561,-87.39169027,18167.0,977.2230422840488,1.4340344168260035,1031,1034,14,0,1020,1014,107386,12,1,0,11,20
2020-08-24,US,Indiana,Wabash,195,5,0,40.84704239,-85.79328272,18169.0,629.1134339914828,2.5641025641025643,190,194,5,0,189,194,31280,1,0,0,1,0
2020-08-24,US,Indiana,Warren,34,1,0,40.34728141,-87.35602659,18171.0,411.373260738052,2.9411764705882355,33,34,1,0,33,34,8263,0,0,0,0,0
2020-08-24,US,Indiana,Warrick,699,30,0,38.08922676,-87.2716085,18173.0,1109.5590336201146,4.291845493562231,669,684,30,0,654,683,62567,15,0,0,15,1
2020-08-24,US,Indiana,Washington,190,1,0,38.60219804,-86.1049363,18175.0,677.7000998715938,0.5263157894736842,189,184,1,0,183,179,27943,6,0,0,6,5
2020-08-24,US,Indiana,Wayne,490,10,0,39.863344399999995,-85.01044989,18177.0,743.7314067148321,2.0408163265306123,480,472,10,0,462,463,65936,18,0,0,18,9
2020-08-24,US,Indiana,Wells,195,2,0,40.72934187,-85.22132966,18179.0,689.1433418150975,1.0256410256410255,193,190,2,0,188,189,28206,5,0,0,5,1
2020-08-24,US,Indiana,White,414,11,0,40.74911165,-86.86492015,18181.0,1717.699775952203,2.6570048309178738,403,414,11,0,403,413,24133,0,0,0,0,1
2020-08-24,US,Indiana,Whitley,192,6,0,41.13863784,-85.50791236,18183.0,565.3044399952893,3.125,186,185,6,0,179,185,34074,7,0,0,7,0
2020-08-24,US,Iowa,Adair,43,1,0,41.33075609,-94.47105874,19001.0,601.2304250559283,2.3255813953488373,42,43,1,0,42,44,7063,0,0,0,0,-1
2020-08-24,US,Iowa,Adams,20,0,0,41.02903567,-94.69932645,19003.0,555.247084952804,0.0,20,20,0,0,20,20,3645,0,0,0,0,0
2020-08-24,US,Iowa,Allamakee,168,4,0,43.28383218,-91.37860922,19005.0,1227.4420983414916,2.380952380952381,164,167,4,0,163,166,13832,1,0,0,1,1
2020-08-24,US,Iowa,Appanoose,66,3,0,40.74324454,-92.86865906,19007.0,531.1443746982134,4.545454545454546,63,66,3,0,63,65,12437,0,0,0,0,1
2020-08-24,US,Iowa,Audubon,36,1,0,41.6844628,-94.90581859,19009.0,655.0218340611352,2.7777777777777777,35,35,1,0,34,34,5506,1,0,0,1,1
2020-08-24,US,Iowa,Benton,182,1,0,42.08011739,-92.06463573,19011.0,709.6899980503023,0.5494505494505495,181,182,1,0,181,182,25642,0,0,0,0,0
2020-08-24,US,Iowa,Black Hawk,3522,71,0,42.4704581,-92.30524729,19013.0,2683.878440576706,2.015900056785917,3451,3513,70,0,3443,3501,132408,9,1,0,8,12
2020-08-24,US,Iowa,Boone,322,3,0,42.03657094,-93.9313999,19015.0,1227.414805214607,0.9316770186335404,319,315,3,0,312,312,26346,7,0,0,7,3
2020-08-24,US,Iowa,Bremer,265,7,0,42.77461496,-92.31795937,19017.0,1057.3777032958264,2.641509433962264,258,265,7,0,258,264,24947,0,0,0,0,1
2020-08-24,US,Iowa,Buchanan,164,1,0,42.4709188,-91.83510825,19019.0,774.4982290436836,0.6097560975609756,163,164,1,0,163,163,21199,0,0,0,0,1
2020-08-24,US,Iowa,Buena Vista,1817,12,0,42.73545875,-95.15100162,19021.0,9260.958205912337,0.6604292790313704,1805,1815,12,0,1803,1814,19874,2,0,0,2,1
2020-08-24,US,Iowa,Butler,163,2,0,42.73172833,-92.79015971,19023.0,1128.8870420389223,1.2269938650306749,161,163,2,0,161,159,14539,0,0,0,0,4
2020-08-24,US,Iowa,Calhoun,102,2,0,42.38521079,-94.64046046,19025.0,1055.0268928423666,1.96078431372549,100,101,2,0,99,101,9699,1,0,0,1,0
2020-08-24,US,Iowa,Carroll,306,2,0,42.03617207,-94.86032705,19027.0,1517.4807835358295,0.6535947712418301,304,297,2,0,295,293,20154,9,0,0,9,4
2020-08-24,US,Iowa,Cass,104,2,0,41.33149454,-94.92792482,19029.0,810.2212527267061,1.9230769230769231,102,105,2,0,103,105,12930,-1,0,0,-1,0
2020-08-24,US,Iowa,Cedar,146,1,0,41.77233777,-91.13246684,19031.0,783.8084500993183,0.6849315068493149,145,146,1,0,145,144,18627,0,0,0,0,2
2020-08-24,US,Iowa,Cerro Gordo,720,20,0,43.08177563,-93.2612239,19033.0,1696.113074204947,2.7777777777777777,700,715,20,0,695,709,42647,5,0,0,5,6
2020-08-24,US,Iowa,Cherokee,126,1,0,42.73538914,-95.62389402,19035.0,1121.4953271028037,0.7936507936507936,125,126,1,0,125,126,11321,0,0,0,0,0
2020-08-24,US,Iowa,Chickasaw,86,0,0,43.06001295,-92.31773347,19037.0,720.6905220816224,0.0,86,86,0,0,86,86,11964,0,0,0,0,0
2020-08-24,US,Iowa,Clarke,216,3,0,41.02868181,-93.78499767,19039.0,2299.095263437999,1.3888888888888888,213,216,3,0,213,215,9423,0,0,0,0,1
2020-08-24,US,Iowa,Clay,231,2,0,43.08247182,-95.15096481,19041.0,1442.3076923076926,0.8658008658008658,229,229,2,0,227,229,16134,2,0,0,2,0
2020-08-24,US,Iowa,Clayton,160,3,0,42.84443388,-91.34133693,19043.0,911.7328622713544,1.875,157,152,3,0,149,152,17556,8,0,0,8,0
2020-08-24,US,Iowa,Clinton,679,7,0,41.89981633,-90.53275096,19045.0,1462.448038941179,1.0309278350515465,672,659,6,0,653,647,46518,20,1,0,19,12
2020-08-24,US,Iowa,Crawford,794,3,0,42.03718237,-95.3819718,19047.0,4720.570749108205,0.3778337531486146,791,788,3,0,785,782,17158,6,0,0,6,6
2020-08-24,US,Iowa,Dallas,2127,36,0,41.68560356,-94.04127625,19049.0,2276.01040095021,1.6925246826516216,2091,2115,36,0,2079,2100,90180,12,0,0,12,15
2020-08-24,US,Iowa,Davis,77,2,0,40.74773536,-92.41005468,19051.0,855.5555555555555,2.5974025974025974,75,77,2,0,75,76,9017,0,0,0,0,1
2020-08-24,US,Iowa,Decatur,36,0,0,40.73742757,-93.78645949,19053.0,457.433290978399,0.0,36,33,0,0,33,32,7890,3,0,0,3,1
2020-08-24,US,Iowa,Delaware,169,2,0,42.47104597,-91.3664492,19055.0,993.4748104167893,1.183431952662722,167,162,2,0,160,162,17069,7,0,0,7,0
2020-08-24,US,Iowa,Des Moines,427,3,0,40.92012606,-91.18326592,19057.0,1095.7990094182258,0.7025761124121779,424,427,3,0,424,415,39138,0,0,0,0,12
2020-08-24,US,Iowa,Dickinson,402,5,0,43.37787725,-95.1510206,19059.0,2329.354502259821,1.243781094527363,397,402,5,0,397,400,17153,0,0,0,0,2
2020-08-24,US,Iowa,Dubuque,1907,35,0,42.46815349,-90.88181925,19061.0,1959.696231669596,1.8353434714210803,1872,1903,35,0,1868,1899,96854,4,0,0,4,4
2020-08-24,US,Iowa,Emmet,214,7,0,43.37782951,-94.67858943,19063.0,2324.066029539531,3.2710280373831777,207,212,7,0,205,212,9253,2,0,0,2,0
2020-08-24,US,Iowa,Fayette,125,1,0,42.86271799,-91.84412309999999,19065.0,636.1323155216285,0.8,124,123,0,0,123,122,19660,2,1,0,1,1
2020-08-24,US,Iowa,Floyd,184,3,0,43.06000529999999,-92.78940097,19067.0,1176.3201636619358,1.6304347826086956,181,184,3,0,181,183,15761,0,0,0,0,1
2020-08-24,US,Iowa,Franklin,275,16,0,42.73270384,-93.26256925,19069.0,2730.883813306852,5.8181818181818175,259,275,16,0,259,274,10124,0,0,0,0,1
2020-08-24,US,Iowa,Fremont,54,0,0,40.74542720000001,-95.60129045,19071.0,775.8620689655173,0.0,54,55,0,0,55,54,6993,-1,0,0,-1,1
2020-08-24,US,Iowa,Greene,47,0,0,42.03614551,-94.39658081,19073.0,528.8028802880289,0.0,47,45,0,0,45,46,8981,2,0,0,2,-1
2020-08-24,US,Iowa,Grundy,113,1,0,42.40183723,-92.78829551,19075.0,923.8064094179202,0.8849557522123894,112,112,1,0,111,110,12304,1,0,0,1,2
2020-08-24,US,Iowa,Guthrie,157,5,0,41.68378965,-94.50111014,19077.0,1468.7997006268124,3.1847133757961785,152,157,5,0,152,157,10720,0,0,0,0,0
2020-08-24,US,Iowa,Hamilton,248,2,0,42.38382428,-93.70197703,19079.0,1678.7382386786703,0.8064516129032258,246,246,2,0,244,246,14952,2,0,0,2,0
2020-08-24,US,Iowa,Hancock,136,2,0,43.08178477,-93.73454884,19081.0,1279.3979303857004,1.4705882352941178,134,133,2,0,131,132,10712,3,0,0,3,1
2020-08-24,US,Iowa,Hardin,214,1,0,42.38353877,-93.23654611,19083.0,1270.3312359016975,0.4672897196261682,213,213,1,0,212,210,16868,1,0,0,1,3
2020-08-24,US,Iowa,Harrison,137,1,0,41.68330137,-95.81558439,19085.0,975.1583742615132,0.7299270072992701,136,135,1,0,134,135,14134,2,0,0,2,0
2020-08-24,US,Iowa,Henry,205,4,0,40.98767962,-91.54436349,19087.0,1027.3629347499248,1.951219512195122,201,202,4,0,198,202,20067,3,0,0,3,0
2020-08-24,US,Iowa,Howard,89,0,0,43.35671042,-92.31702714,19089.0,971.8279100240227,0.0,89,87,0,0,87,83,9187,2,0,0,2,4
2020-08-24,US,Iowa,Humboldt,100,2,0,42.7764426,-94.20722537,19091.0,1046.2439840970917,2.0,98,100,2,0,98,98,9547,0,0,0,0,2
2020-08-24,US,Iowa,Ida,36,0,0,42.38696136,-95.51355387,19093.0,524.7813411078718,0.0,36,36,0,0,36,36,6841,0,0,0,0,0
2020-08-24,US,Iowa,Iowa,107,1,0,41.68630265,-92.0643373,19095.0,661.1468116658427,0.9345794392523364,106,106,1,0,105,108,16141,1,0,0,1,-2
2020-08-24,US,Iowa,Jackson,180,1,0,42.17178824,-90.57354837,19097.0,925.9735583106128,0.5555555555555556,179,180,1,0,179,180,19432,0,0,0,0,0
2020-08-24,US,Iowa,Jasper,523,30,0,41.68576082,-93.05567785,19099.0,1406.4811079736453,5.736137667304015,493,522,29,0,493,520,37147,1,1,0,0,2
2020-08-24,US,Iowa,Jefferson,105,0,0,41.03192394,-91.94849466,19101.0,573.927302541678,0.0,105,103,0,0,103,103,18381,2,0,0,2,0
2020-08-24,US,Iowa,Johnson,2592,24,0,41.67169354,-91.58754744,19103.0,1714.9662564509729,0.925925925925926,2568,2538,24,0,2514,2454,151260,54,0,0,54,84
2020-08-24,US,Iowa,Jones,155,2,0,42.12118609,-91.13139641,19105.0,749.4801992166722,1.2903225806451613,153,154,2,0,152,150,20744,1,0,0,1,4
2020-08-24,US,Iowa,Keokuk,48,1,0,41.33649833,-92.1785067,19107.0,468.47550263517473,2.083333333333333,47,46,1,0,45,46,10225,2,0,0,2,0
2020-08-24,US,Iowa,Kossuth,113,0,0,43.20405458,-94.20691791,19109.0,762.8434483224195,0.0,113,111,0,0,111,110,14908,2,0,0,2,1
2020-08-24,US,Iowa,Lee,272,5,0,40.64181461,-91.48183025,19111.0,808.1528359628012,1.8382352941176472,267,257,5,0,252,245,34055,15,0,0,15,12
2020-08-24,US,Iowa,Linn,2758,91,0,42.07923082,-91.59809485,19113.0,1216.5535980521024,3.2994923857868015,2667,2745,91,0,2654,2729,225909,13,0,0,13,16
2020-08-24,US,Iowa,Louisa,382,14,0,41.21842119,-91.26102611,19115.0,3461.712732215677,3.6649214659685865,368,382,14,0,368,381,11169,0,0,0,0,1
2020-08-24,US,Iowa,Lucas,83,4,0,41.02958964,-93.32780803,19117.0,965.1162790697673,4.819277108433735,79,80,4,0,76,79,8645,3,0,0,3,1
2020-08-24,US,Iowa,Lyon,136,2,0,43.38107862,-96.20926845,19119.0,1156.954487452148,1.4705882352941178,134,136,2,0,134,136,11811,0,0,0,0,0
2020-08-24,US,Iowa,Madison,150,2,0,41.33081904,-94.01554631,19121.0,918.1050312155713,1.3333333333333333,148,151,2,0,149,146,16249,-1,0,0,-1,5
2020-08-24,US,Iowa,Mahaska,166,18,0,41.33521503,-92.64083907,19123.0,751.3011993663724,10.843373493975903,148,158,18,0,140,158,22000,8,0,0,8,0
2020-08-24,US,Iowa,Marion,324,0,0,41.33445101,-93.09934783,19125.0,974.3481791116592,0.0,324,306,0,0,306,290,33407,18,0,0,18,16
2020-08-24,US,Iowa,Marshall,1570,28,0,42.03586837,-92.99908190000001,19127.0,3987.9092687139632,1.78343949044586,1542,1567,28,0,1539,1565,39981,3,0,0,3,2
2020-08-24,US,Iowa,Mills,118,1,0,41.03299766,-95.61920963,19129.0,780.9914620424913,0.8474576271186439,117,117,1,0,116,115,15063,1,0,0,1,2
2020-08-24,US,Iowa,Mitchell,93,0,0,43.35638371,-92.78887719,19131.0,878.5187984129982,0.0,93,92,0,0,92,92,10569,1,0,0,1,0
2020-08-24,US,Iowa,Monona,105,1,0,42.05220391,-95.95743843,19133.0,1218.8044109112013,0.9523809523809524,104,104,1,0,103,102,8679,1,0,0,1,2
2020-08-24,US,Iowa,Monroe,93,8,0,41.02988815,-92.8690667,19135.0,1206.6952121448035,8.602150537634408,85,92,8,0,84,91,7790,1,0,0,1,1
2020-08-24,US,Iowa,Montgomery,68,4,0,41.03018714,-95.15642896,19137.0,685.6912372693355,5.882352941176472,64,69,4,0,65,69,10003,-1,0,0,-1,0
2020-08-24,US,Iowa,Muscatine,928,48,0,41.48370744,-91.11216970000001,19139.0,2175.1359459966247,5.172413793103448,880,924,48,0,876,923,42929,4,0,0,4,1
2020-08-24,US,Iowa,O'Brien,166,7,0,43.08310673,-95.62474482,19141.0,1207.0093797716859,4.216867469879518,159,164,7,0,157,162,13840,2,0,0,2,2
2020-08-24,US,Iowa,Osceola,91,0,0,43.37824276,-95.62422844,19143.0,1527.3581738838534,0.0,91,91,0,0,91,91,6040,0,0,0,0,0
2020-08-24,US,Iowa,Page,104,0,0,40.7393172,-95.1497813,19145.0,688.4225855563648,0.0,104,107,0,0,107,106,15249,-3,0,0,-3,1
2020-08-24,US,Iowa,Palo Alto,105,0,0,43.08193849,-94.67824621,19147.0,1181.6340310600945,0.0,105,105,0,0,105,105,8929,0,0,0,0,0
2020-08-24,US,Iowa,Plymouth,622,15,0,42.737633,-96.21366621,19149.0,2470.508797712197,2.4115755627009645,607,614,15,0,599,609,25095,8,0,0,8,5
2020-08-24,US,Iowa,Pocahontas,122,2,0,42.73420133,-94.67862564,19151.0,1843.1787279045166,1.639344262295082,120,122,2,0,120,121,6740,0,0,0,0,1
2020-08-24,US,Iowa,Polk,11836,217,0,41.68679484,-93.57767461,19153.0,2414.716797134003,1.8333896586684688,11619,11751,214,0,11537,11653,487204,85,3,0,82,98
2020-08-24,US,Iowa,Pottawattamie,1518,31,0,41.33640314,-95.53907776,19155.0,1628.6505160611978,2.042160737812912,1487,1517,31,0,1486,1510,93533,1,0,0,1,7
2020-08-24,US,Iowa,Poweshiek,178,8,0,41.68625425,-92.53155731,19157.0,961.9541720709036,4.49438202247191,170,177,8,0,169,176,18699,1,0,0,1,1
2020-08-24,US,Iowa,Ringgold,30,1,0,40.73518949,-94.24368535,19159.0,612.9955046996323,3.333333333333333,29,29,1,0,28,29,4968,1,0,0,1,0
2020-08-24,US,Iowa,Sac,102,0,0,42.38624071,-95.10547892,19161.0,1049.2747659705792,0.0,102,101,0,0,101,99,9719,1,0,0,1,2
2020-08-24,US,Iowa,Scott,2014,19,0,41.63935978,-90.61959493,19163.0,1164.5455439075301,0.9433962264150944,1995,2002,19,0,1983,1992,173283,12,0,0,12,10
2020-08-24,US,Iowa,Shelby,208,1,0,41.6850066,-95.31015553,19165.0,1815.9594901344508,0.4807692307692308,207,208,1,0,207,205,11578,0,0,0,0,3
2020-08-24,US,Iowa,Sioux,792,3,0,43.08221074,-96.17675679999999,19167.0,2272.270836321905,0.3787878787878788,789,775,3,0,772,762,34909,17,0,0,17,13
2020-08-24,US,Iowa,Story,1606,16,0,42.03621213,-93.46499005,19169.0,1653.6754636160508,0.99626400996264,1590,1569,16,0,1553,1564,98105,37,0,0,37,5
2020-08-24,US,Iowa,Tama,586,29,0,42.07991767,-92.53266945,19171.0,3476.919425655631,4.948805460750854,557,584,29,0,555,582,16904,2,0,0,2,2
2020-08-24,US,Iowa,Taylor,107,0,0,40.73710579,-94.69778563,19173.0,1748.0803790230357,0.0,107,107,0,0,107,105,6191,0,0,0,0,2
2020-08-24,US,Iowa,Unassigned,16,0,0,0.0,0.0,90019.0,0.0,0.0,16,7,0,0,7,4,,9,0,0,9,3
2020-08-24,US,Iowa,Union,90,3,0,41.0277278,-94.24234847,19175.0,735.2340495057592,3.333333333333333,87,90,3,0,87,90,12359,0,0,0,0,0
2020-08-24,US,Iowa,Van Buren,47,1,0,40.75326764,-91.95017958,19177.0,667.2345258375923,2.127659574468085,46,46,1,0,45,45,7020,1,0,0,1,1
2020-08-24,US,Iowa,Wapello,1021,45,0,41.03064984,-92.40954728,19179.0,2919.728902742429,4.407443682664055,976,1007,43,0,964,1000,35205,14,2,0,12,7
2020-08-24,US,Iowa,Warren,660,5,0,41.33559454,-93.56007641,19181.0,1282.4000310884855,0.7575757575757576,655,655,5,0,650,649,51056,5,0,0,5,6
2020-08-24,US,Iowa,Washington,315,10,0,41.33577126,-91.71725711,19183.0,1434.0997040746647,3.1746031746031744,305,316,10,0,306,316,22141,-1,0,0,-1,0
2020-08-24,US,Iowa,Wayne,37,2,0,40.73969028,-93.32752197,19185.0,574.4449619624282,5.405405405405406,35,33,2,0,31,34,6401,4,0,0,4,-1
2020-08-24,US,Iowa,Webster,696,8,0,42.42853483,-94.17987389,19187.0,1938.5026737967914,1.1494252873563218,688,695,8,0,687,691,36277,1,0,0,1,4
2020-08-24,US,Iowa,Winnebago,144,3,0,43.37751174,-93.73407298,19189.0,1390.766853389994,2.083333333333333,141,144,2,0,142,142,10518,0,1,0,-1,2
2020-08-24,US,Iowa,Winneshiek,173,1,0,43.29094334,-91.84422722,19191.0,865.3894252413586,0.5780346820809249,172,169,1,0,168,165,20029,4,0,0,4,4
2020-08-24,US,Iowa,Woodbury,3967,54,0,42.38979414,-96.0459439,19193.0,3847.459435343866,1.3612301487269978,3913,3950,54,0,3896,3933,102539,17,0,0,17,17
2020-08-24,US,Iowa,Worth,75,0,0,43.37750768,-93.26087602,19195.0,1016.1224766291832,0.0,75,75,0,0,75,75,7453,0,0,0,0,0
2020-08-24,US,Iowa,Wright,495,1,0,42.73305373,-93.73515113,19197.0,3940.4553415061296,0.202020202020202,494,494,1,0,493,492,12690,1,0,0,1,2
2020-08-24,US,Kansas,Allen,20,0,0,37.88582951,-95.30030847,20001.0,161.69455897809038,0.0,20,20,0,0,20,20,12444,0,0,0,0,0
2020-08-24,US,Kansas,Anderson,32,0,0,38.21413251,-95.29272815,20003.0,407.22830236701446,0.0,32,32,0,0,32,32,7878,0,0,0,0,0
2020-08-24,US,Kansas,Atchison,157,0,0,39.53185661,-95.30870026,20005.0,976.7933802028247,0.0,157,157,0,0,157,157,16193,0,0,0,0,0
2020-08-24,US,Kansas,Barber,5,0,0,37.2288586,-98.68460053,20007.0,112.943302462164,0.0,5,5,0,0,5,5,4472,0,0,0,0,0
2020-08-24,US,Kansas,Barton,229,4,0,38.47889676,-98.75636726,20009.0,888.3199503471817,1.7467248908296944,225,216,4,0,212,216,26111,13,0,0,13,0
2020-08-24,US,Kansas,Bourbon,82,2,0,37.85508555,-94.84865997,20011.0,564.1943030136233,2.4390243902439024,80,82,2,0,80,82,14653,0,0,0,0,0
2020-08-24,US,Kansas,Brown,62,0,0,39.82652589,-95.56421698,20013.0,648.2643245503973,0.0,62,59,0,0,59,59,9598,3,0,0,3,0
2020-08-24,US,Kansas,Butler,387,2,0,37.78134351,-96.83878537,20015.0,578.3802364334712,0.5167958656330749,385,378,2,0,376,378,66765,9,0,0,9,0
2020-08-24,US,Kansas,Chase,65,0,0,38.30292938,-96.59563862,20017.0,2454.6827794561927,0.0,65,58,0,0,58,58,2629,7,0,0,7,0
2020-08-24,US,Kansas,Chautauqua,8,0,0,37.14994405,-96.2454192,20019.0,246.15384615384616,0.0,8,7,0,0,7,7,3309,1,0,0,1,0
2020-08-24,US,Kansas,Cherokee,215,1,0,37.16928494,-94.8462897,20021.0,1078.2887807813831,0.4651162790697674,214,204,0,0,204,204,20015,11,1,0,10,0
2020-08-24,US,Kansas,Cheyenne,6,0,0,39.78580976,-101.7318201,20023.0,225.81859239744068,0.0,6,5,0,0,5,5,2660,1,0,0,1,0
2020-08-24,US,Kansas,Clark,45,1,0,37.23577007,-99.81883015,20025.0,2256.7703109327986,2.2222222222222223,44,45,1,0,44,45,2005,0,0,0,0,0
2020-08-24,US,Kansas,Clay,29,2,0,39.34948772,-97.16518128,20027.0,362.4093976505874,6.896551724137932,27,23,2,0,21,23,7997,6,0,0,6,0
2020-08-24,US,Kansas,Cloud,45,0,0,39.48028352,-97.64925343,20029.0,512.1784657409515,0.0,45,43,0,0,43,43,8729,2,0,0,2,0
2020-08-24,US,Kansas,Coffey,75,8,0,38.2365018,-95.73379515,20031.0,916.9825162000244,10.666666666666666,67,75,8,0,67,73,8233,0,0,0,0,2
2020-08-24,US,Kansas,Comanche,9,0,0,37.19114520000001,-99.27113247,20033.0,529.4117647058823,0.0,9,9,0,0,9,9,1748,0,0,0,0,0
2020-08-24,US,Kansas,Cowley,226,3,0,37.23781842,-96.83776647,20035.0,647.4160650853672,1.327433628318584,223,222,2,0,220,222,35218,4,1,0,3,0
2020-08-24,US,Kansas,Crawford,421,1,0,37.50675523,-94.85245778,20037.0,1084.548405378948,0.2375296912114014,420,413,1,0,412,413,39019,8,0,0,8,0
2020-08-24,US,Kansas,Decatur,6,0,0,39.78468441,-100.45940809999999,20039.0,212.2391227449593,0.0,6,6,0,0,6,6,2871,0,0,0,0,0
2020-08-24,US,Kansas,Dickinson,66,1,0,38.86600962,-97.15532383,20041.0,357.41362504061516,1.5151515151515151,65,64,1,0,63,64,18717,2,0,0,2,0
2020-08-24,US,Kansas,Doniphan,58,0,0,39.79067154,-95.14056866,20043.0,763.1578947368422,0.0,58,58,0,0,58,58,7682,0,0,0,0,0
2020-08-24,US,Kansas,Douglas,1020,8,0,38.88503636,-95.2925121,20045.0,834.2944077736609,0.7843137254901961,1012,892,8,0,884,892,121436,128,0,0,128,0
2020-08-24,US,Kansas,Edwards,15,0,0,37.88735543,-99.31263309,20047.0,536.0972122944961,0.0,15,12,0,0,12,12,2849,3,0,0,3,0
2020-08-24,US,Kansas,Elk,1,0,0,37.45338105,-96.24369667,20049.0,39.52569169960474,0.0,1,1,0,0,1,1,2508,0,0,0,0,0
2020-08-24,US,Kansas,Ellis,256,1,0,38.91458712,-99.31751551,20051.0,896.5782929989844,0.390625,255,180,1,0,179,180,28710,76,0,0,76,0
2020-08-24,US,Kansas,Ellsworth,24,0,0,38.69677695,-98.20462799,20053.0,393.31366764995084,0.0,24,24,0,0,24,24,6196,0,0,0,0,0
2020-08-24,US,Kansas,Finney,1851,12,0,38.04340344,-100.73819379999999,20055.0,5075.821976033126,0.6482982171799028,1839,1844,12,0,1832,1844,36611,7,0,0,7,0
2020-08-24,US,Kansas,Ford,2219,10,0,37.69200114,-99.88825298,20057.0,6600.4342782355225,0.4506534474988734,2209,2202,10,0,2192,2202,33888,17,0,0,17,0
2020-08-24,US,Kansas,Franklin,248,2,0,38.56443815,-95.28644341,20059.0,970.8737864077667,0.8064516129032258,246,243,2,0,241,243,25631,5,0,0,5,0
2020-08-24,US,Kansas,Geary,194,2,0,38.99871131,-96.7577178,20061.0,612.5670982001893,1.0309278350515465,192,185,2,0,183,185,32594,9,0,0,9,0
2020-08-24,US,Kansas,Gove,7,0,0,38.91588178,-100.4829321,20063.0,265.5538694992413,0.0,7,7,0,0,7,7,2612,0,0,0,0,0
2020-08-24,US,Kansas,Graham,24,0,0,39.34987223,-99.88332493,20065.0,966.9621273166805,0.0,24,23,0,0,23,23,2492,1,0,0,1,0
2020-08-24,US,Kansas,Grant,139,3,0,37.56227336,-101.3079758,20067.0,1944.0559440559439,2.1582733812949644,136,138,3,0,135,138,7336,1,0,0,1,0
2020-08-24,US,Kansas,Gray,106,0,0,37.73836671,-100.4369088,20069.0,1770.2070808283233,0.0,106,98,0,0,98,98,6033,8,0,0,8,0
2020-08-24,US,Kansas,Greeley,4,0,0,38.4808095,-101.8061079,20071.0,324.67532467532465,0.0,4,4,0,0,4,4,1227,0,0,0,0,0
2020-08-24,US,Kansas,Greenwood,23,0,0,37.8774388,-96.23250453,20073.0,384.4867937144768,0.0,23,23,0,0,23,23,6055,0,0,0,0,0
2020-08-24,US,Kansas,Hamilton,42,0,0,37.99978709,-101.7921066,20075.0,1654.1945647892871,0.0,42,42,0,0,42,42,2607,0,0,0,0,0
2020-08-24,US,Kansas,Harper,88,0,0,37.19175361,-98.07578384,20077.0,1618.8373804267844,0.0,88,35,0,0,35,35,5506,53,0,0,53,0
2020-08-24,US,Kansas,Harvey,279,4,0,38.04293782,-97.42747573,20079.0,810.363356472741,1.4336917562724014,275,271,4,0,267,271,34210,8,0,0,8,0
2020-08-24,US,Kansas,Haskell,44,0,0,37.562039399999996,-100.8710738,20081.0,1108.8709677419354,0.0,44,44,0,0,44,44,3997,0,0,0,0,0
2020-08-24,US,Kansas,Hodgeman,13,0,0,38.08780079,-99.89829881,20083.0,724.6376811594204,0.0,13,12,0,0,12,12,1818,1,0,0,1,0
2020-08-24,US,Kansas,Jackson,181,1,0,39.41673394,-95.79356799,20085.0,1374.2312656594033,0.5524861878453039,180,181,1,0,180,181,13280,0,0,0,0,0
2020-08-24,US,Kansas,Jefferson,105,0,0,39.2347941,-95.38289232,20087.0,551.3837105498084,0.0,105,104,0,0,104,104,18975,1,0,0,1,0
2020-08-24,US,Kansas,Jewell,14,1,0,39.78470589,-98.21820662,20089.0,486.2799583188608,7.142857142857142,13,14,1,0,13,14,2841,0,0,0,0,0
2020-08-24,US,Kansas,Johnson,7393,111,0,38.88548175,-94.82250877,20091.0,1227.2555988452875,1.5014202624103885,7282,7310,110,0,7200,7241,597555,83,1,0,82,69
2020-08-24,US,Kansas,Kearny,69,1,0,38.00017981,-101.32168100000001,20093.0,1797.8113600833767,1.4492753623188406,68,68,1,0,67,68,3943,1,0,0,1,0
2020-08-24,US,Kansas,Kingman,38,0,0,37.55909527,-98.13638678,20095.0,531.3199105145413,0.0,38,34,0,0,34,34,7310,4,0,0,4,0
2020-08-24,US,Kansas,Kiowa,8,0,0,37.55848695,-99.2856537,20097.0,323.2323232323232,0.0,8,8,0,0,8,8,2516,0,0,0,0,0
2020-08-24,US,Kansas,Labette,165,1,0,37.19113093,-95.29849679,20099.0,841.0643286777449,0.6060606060606061,164,166,1,0,165,166,19964,-1,0,0,-1,0
2020-08-24,US,Kansas,Lane,7,0,0,38.48119447,-100.46607540000001,20101.0,456.02605863192184,0.0,7,7,0,0,7,7,1560,0,0,0,0,0
2020-08-24,US,Kansas,Leavenworth,1606,9,0,39.20183497,-95.03620809,20103.0,1964.33376550307,0.5603985056039851,1597,1572,9,0,1563,1572,81352,34,0,0,34,0
2020-08-24,US,Kansas,Lincoln,6,0,0,39.04549684,-98.20756994,20105.0,202.56583389601624,0.0,6,6,0,0,6,6,3023,0,0,0,0,0
2020-08-24,US,Kansas,Linn,50,0,0,38.21267844,-94.84254089,20107.0,515.3045449860866,0.0,50,50,0,0,50,50,9750,0,0,0,0,0
2020-08-24,US,Kansas,Logan,2,0,0,38.91735806,-101.148475,20109.0,71.58196134574086,0.0,2,2,0,0,2,2,2844,0,0,0,0,0
2020-08-24,US,Kansas,Lyon,881,14,0,38.45576156,-96.15275715,20111.0,2654.0141587588487,1.5891032917139614,867,857,14,0,843,857,33406,24,0,0,24,0
2020-08-24,US,Kansas,Marion,60,1,0,38.35855394,-97.09852509999999,20115.0,504.88051161225184,1.6666666666666667,59,60,1,0,59,60,11950,0,0,0,0,0
2020-08-24,US,Kansas,Marshall,14,0,0,39.78359669,-96.52278974,20117.0,144.22581642113937,0.0,14,13,0,0,13,13,9722,1,0,0,1,0
2020-08-24,US,Kansas,McPherson,195,1,0,38.39184858,-97.64769869,20113.0,683.2036998108051,0.5128205128205128,194,195,1,0,194,195,28537,0,0,0,0,0
2020-08-24,US,Kansas,Meade,58,0,0,37.23859987,-100.36483100000001,20119.0,1438.1353830895114,0.0,58,58,0,0,58,58,4146,0,0,0,0,0
2020-08-24,US,Kansas,Miami,177,0,0,38.56383358,-94.83832189,20121.0,516.9845488798668,0.0,177,167,0,0,167,167,33680,10,0,0,10,0
2020-08-24,US,Kansas,Mitchell,28,0,0,39.39331582,-98.20906732,20123.0,468.3057367452751,0.0,28,28,0,0,28,28,6150,0,0,0,0,0
2020-08-24,US,Kansas,Montgomery,211,5,0,37.19236568,-95.74329258,20125.0,662.9174652046877,2.3696682464454977,206,208,5,0,203,204,32120,3,0,0,3,4
2020-08-24,US,Kansas,Morris,17,0,0,38.68827511,-96.65128437,20127.0,302.491103202847,0.0,17,15,0,0,15,15,5521,2,0,0,2,0
2020-08-24,US,Kansas,Morton,10,2,0,37.19141121,-101.79925190000002,20129.0,386.54812524159263,20.0,8,10,2,0,8,10,2667,0,0,0,0,0
2020-08-24,US,Kansas,Nemaha,53,1,0,39.78345387,-96.01392079,20131.0,518.0334278174176,1.8867924528301887,52,53,1,0,52,53,10155,0,0,0,0,0
2020-08-24,US,Kansas,Neosho,72,0,0,37.55862897,-95.30670046,20133.0,449.8032110951458,0.0,72,72,0,0,72,72,15951,0,0,0,0,0
2020-08-24,US,Kansas,Ness,15,0,0,38.47974157,-99.91547333,20135.0,545.4545454545455,0.0,15,11,0,0,11,11,2840,4,0,0,4,0
2020-08-24,US,Kansas,Norton,23,0,0,39.78443827,-99.90286639,20137.0,429.0244357396009,0.0,23,23,0,0,23,23,5430,0,0,0,0,0
2020-08-24,US,Kansas,Osage,55,0,0,38.65235984,-95.72707998,20139.0,344.84920684682425,0.0,55,53,0,0,53,53,15941,2,0,0,2,0
2020-08-24,US,Kansas,Osborne,4,0,0,39.3503437,-98.76753828,20141.0,116.92487576731949,0.0,4,4,0,0,4,4,3475,0,0,0,0,0
2020-08-24,US,Kansas,Ottawa,39,0,0,39.13237408,-97.65020313,20143.0,683.7307152875176,0.0,39,39,0,0,39,39,5802,0,0,0,0,0
2020-08-24,US,Kansas,Pawnee,148,0,0,38.18108732,-99.23692334,20145.0,2307.452447770502,0.0,148,76,0,0,76,76,6562,72,0,0,72,0
2020-08-24,US,Kansas,Phillips,51,8,0,39.78465501,-99.34668865,20147.0,974.3981658387466,15.68627450980392,43,51,8,0,43,51,5317,0,0,0,0,0
2020-08-24,US,Kansas,Pottawatomie,149,0,0,39.37925655,-96.34564657,20149.0,611.0814912028873,0.0,149,139,0,0,139,139,24277,10,0,0,10,0
2020-08-24,US,Kansas,Pratt,40,0,0,37.64780729,-98.73922153,20151.0,436.4906154517678,0.0,40,37,0,0,37,37,9378,3,0,0,3,0
2020-08-24,US,Kansas,Rawlins,1,0,0,39.78525843,-101.07616170000001,20153.0,39.52569169960474,0.0,1,,,,,,2508,,,,,
2020-08-24,US,Kansas,Reno,661,1,0,37.95230263,-98.08607292,20155.0,1066.1634246266008,0.15128593040847202,660,621,1,0,620,581,62342,40,0,0,40,40
2020-08-24,US,Kansas,Republic,35,0,0,39.82799632,-97.65036709,20157.0,754.9611734253668,0.0,35,34,0,0,34,34,4664,1,0,0,1,0
2020-08-24,US,Kansas,Rice,43,1,0,38.34616184,-98.19992118,20159.0,450.8755373807277,2.3255813953488373,42,42,1,0,41,42,9531,1,0,0,1,0
2020-08-24,US,Kansas,Riley,618,5,0,39.28935726,-96.73420026,20161.0,832.5250565793727,0.8090614886731392,613,577,5,0,572,577,73703,41,0,0,41,0
2020-08-24,US,Kansas,Rooks,23,0,0,39.35022773,-99.32484567,20163.0,467.479674796748,0.0,23,20,0,0,20,20,5013,3,0,0,3,0
2020-08-24,US,Kansas,Rush,13,0,0,38.52275276,-99.30863983,20165.0,428.1949934123848,0.0,13,12,0,0,12,12,3093,1,0,0,1,0
2020-08-24,US,Kansas,Russell,17,0,0,38.91462787,-98.76254297,20167.0,247.9579929988332,0.0,17,17,0,0,17,17,6907,0,0,0,0,0
2020-08-24,US,Kansas,Saline,444,9,0,38.78369175,-97.65185177,20169.0,818.8256122750073,2.0270270270270268,435,432,9,0,423,432,54401,12,0,0,12,0
2020-08-24,US,Kansas,Scott,88,0,0,38.48222076,-100.90665390000001,20171.0,1824.5905038357864,0.0,88,87,0,0,87,87,4897,1,0,0,1,0
2020-08-24,US,Kansas,Sedgwick,6375,48,0,37.6842718,-97.4608198,20173.0,1235.3645633494948,0.7529411764705882,6327,6289,48,0,6241,6211,513607,86,0,0,86,78
2020-08-24,US,Kansas,Seward,1332,4,0,37.19324632,-100.85072009999999,20175.0,6216.165764420384,0.3003003003003003,1328,1332,4,0,1328,1332,21780,0,0,0,0,0
2020-08-24,US,Kansas,Shawnee,1998,21,0,39.04100763,-95.75572640000001,20177.0,1129.6113074204948,1.0510510510510511,1977,1975,21,0,1954,1946,177499,23,0,0,23,29
2020-08-24,US,Kansas,Sheridan,9,0,0,39.35018161,-100.44182590000001,20179.0,357.0011900039666,0.0,9,9,0,0,9,9,2533,0,0,0,0,0
2020-08-24,US,Kansas,Sherman,17,0,0,39.35147699,-101.71976240000001,20181.0,287.30775730944737,0.0,17,17,0,0,17,17,5899,0,0,0,0,0
2020-08-24,US,Kansas,Smith,3,0,0,39.78516566,-98.78566062,20183.0,83.72871895060004,0.0,3,3,0,0,3,3,3603,0,0,0,0,0
2020-08-24,US,Kansas,Stafford,17,1,0,38.03100851,-98.71762001,20185.0,409.04716073147256,5.882352941176472,16,15,1,0,14,15,4178,2,0,0,2,0
2020-08-24,US,Kansas,Stanton,21,1,0,37.56304714,-101.78435340000001,20187.0,1046.8594217347957,4.761904761904762,20,21,1,0,20,21,1987,0,0,0,0,0
2020-08-24,US,Kansas,Stevens,60,0,0,37.1923008,-101.3118967,20189.0,1093.8924339106654,0.0,60,47,0,0,47,47,5559,13,0,0,13,0
2020-08-24,US,Kansas,Sumner,111,3,0,37.23682549,-97.47721621,20191.0,486.0746190225959,2.702702702702702,108,110,3,0,107,110,22996,1,0,0,1,0
2020-08-24,US,Kansas,Thomas,53,0,0,39.35107575,-101.0553705,20193.0,681.4967211006815,0.0,53,53,0,0,53,53,7711,0,0,0,0,0
2020-08-24,US,Kansas,Trego,9,1,0,38.91467218,-99.87284448,20195.0,321.0845522654298,11.111111111111109,8,7,1,0,6,7,2793,2,0,0,2,0
2020-08-24,US,Kansas,Wabaunsee,51,0,0,38.95471985,-96.20350509,20197.0,735.8245563410762,0.0,51,50,0,0,50,50,6899,1,0,0,1,0
2020-08-24,US,Kansas,Wallace,1,0,0,38.91686134,-101.76388759999999,20199.0,65.87615283267458,0.0,1,1,0,0,1,1,1503,0,0,0,0,0
2020-08-24,US,Kansas,Washington,2,0,0,39.78420784,-97.08753229999999,20201.0,36.99593044765076,0.0,2,2,0,0,2,2,5420,0,0,0,0,0
2020-08-24,US,Kansas,Wichita,4,0,0,38.48178252,-101.3471509,20203.0,188.76828692779614,0.0,4,4,0,0,4,4,2105,0,0,0,0,0
2020-08-24,US,Kansas,Wilson,16,0,0,37.55937174,-95.74323255,20205.0,187.68328445747798,0.0,16,16,0,0,16,16,8665,0,0,0,0,0
2020-08-24,US,Kansas,Woodson,12,0,0,37.8865336,-95.74006277,20207.0,382.4091778202677,0.0,12,12,0,0,12,12,3183,0,0,0,0,0
2020-08-24,US,Kansas,Wyandotte,5723,111,0,39.11727348,-94.76378225,20209.0,3459.4901740323644,1.9395421981478245,5612,5701,111,0,5590,5653,165324,22,0,0,22,48
2020-08-24,US,Kentucky,Adair,247,19,0,37.10459774,-85.28129668,21001.0,1286.3243412144568,7.6923076923076925,228,244,19,0,225,244,19215,3,0,0,3,0
2020-08-24,US,Kentucky,Allen,245,8,0,36.75197631,-86.19457544,21003.0,1149.425287356322,3.26530612244898,237,241,8,0,233,241,21122,4,0,0,4,0
2020-08-24,US,Kentucky,Anderson,104,1,0,38.00671029,-84.99171713,21005.0,457.20314766782434,0.9615384615384616,103,103,1,0,102,103,22663,1,0,0,1,0
2020-08-24,US,Kentucky,Ballard,39,0,0,37.05842757,-88.99427697,21007.0,494.421906693712,0.0,39,39,0,0,39,39,7979,0,0,0,0,0
2020-08-24,US,Kentucky,Barren,472,6,0,36.96469836,-85.93338945,21009.0,1066.6907726728286,1.2711864406779658,466,471,6,0,465,471,44176,1,0,0,1,0
2020-08-24,US,Kentucky,Bath,53,1,0,38.14735938,-83.74588932,21011.0,424.0,1.8867924528301887,52,52,1,0,51,52,12383,1,0,0,1,0
2020-08-24,US,Kentucky,Bell,368,6,0,36.73355174,-83.67766671,21013.0,1413.6447449293175,1.6304347826086956,362,367,6,0,361,367,26569,1,0,0,1,0
2020-08-24,US,Kentucky,Boone,1231,24,0,38.97065142,-84.72615357,21015.0,921.5382427141583,1.9496344435418358,1207,1218,24,0,1194,1218,131533,13,0,0,13,0
2020-08-24,US,Kentucky,Bourbon,104,1,0,38.2054607,-84.21827874,21017.0,525.5710531635334,0.9615384615384616,103,104,1,0,103,104,20184,0,0,0,0,0
2020-08-24,US,Kentucky,Boyd,218,4,0,38.36176608,-82.68652187,21019.0,466.6295646217732,1.834862385321101,214,214,4,0,210,214,47240,4,0,0,4,0
2020-08-24,US,Kentucky,Boyle,189,0,0,37.62680923,-84.8633779,21021.0,628.7425149700599,0.0,189,186,0,0,186,186,30100,3,0,0,3,0
2020-08-24,US,Kentucky,Bracken,37,0,0,38.69158994,-84.08532444,21023.0,445.6220643141034,0.0,37,37,0,0,37,37,8239,0,0,0,0,0
2020-08-24,US,Kentucky,Breathitt,49,0,0,37.52333168,-83.31959161,21025.0,387.96516231195574,0.0,49,39,0,0,39,39,12726,10,0,0,10,0
2020-08-24,US,Kentucky,Breckinridge,91,2,0,37.77377239,-86.42885017,21027.0,444.4010353079065,2.1978021978021984,89,91,2,0,89,91,20388,0,0,0,0,0
2020-08-24,US,Kentucky,Bullitt,548,5,0,37.97162523,-85.68955617,21029.0,670.9437288799647,0.9124087591240876,543,537,5,0,532,537,81069,11,0,0,11,0
2020-08-24,US,Kentucky,Butler,311,16,0,37.20946153,-86.68748787,21031.0,2414.783756502834,5.144694533762059,295,310,16,0,294,310,12772,1,0,0,1,0
2020-08-24,US,Kentucky,Caldwell,64,0,0,37.14749129,-87.86948214,21033.0,502.0789205303209,0.0,64,62,0,0,62,62,12715,2,0,0,2,0
2020-08-24,US,Kentucky,Calloway,369,5,0,36.62093411,-88.2731593,21035.0,946.1295864208612,1.3550135501355014,364,345,5,0,340,345,39135,24,0,0,24,0
2020-08-24,US,Kentucky,Campbell,654,13,0,38.94384345,-84.37875208,21037.0,698.8374081039494,1.9877675840978597,641,650,13,0,637,650,93152,4,0,0,4,0
2020-08-24,US,Kentucky,Carlisle,56,1,0,36.85372876,-88.96692220000001,21039.0,1176.4705882352941,1.7857142857142858,55,55,1,0,54,55,4771,1,0,0,1,0
2020-08-24,US,Kentucky,Carroll,187,2,0,38.66599534,-85.12601074,21041.0,1759.006678581507,1.0695187165775402,185,184,2,0,182,184,10737,3,0,0,3,0
2020-08-24,US,Kentucky,Carter,111,3,0,38.31690743,-83.05092385,21043.0,414.22547300070886,2.702702702702702,108,110,3,0,107,110,27004,1,0,0,1,0
2020-08-24,US,Kentucky,Casey,228,11,0,37.32533118,-84.92726209,21045.0,1410.9784021288447,4.824561403508771,217,223,11,0,212,223,15888,5,0,0,5,0
2020-08-24,US,Kentucky,Christian,697,10,0,36.89267803,-87.49055367,21047.0,989.1996991243384,1.4347202295552368,687,690,10,0,680,690,71671,7,0,0,7,0
2020-08-24,US,Kentucky,Clark,227,8,0,37.9689263,-84.14615986,21049.0,625.9824063094616,3.524229074889868,219,220,8,0,212,220,36249,7,0,0,7,0
2020-08-24,US,Kentucky,Clay,197,6,0,37.16451126,-83.712575,21051.0,989.9000050248732,3.045685279187817,191,196,6,0,190,196,20105,1,0,0,1,0
2020-08-24,US,Kentucky,Clinton,60,1,0,36.72581156,-85.13377529,21053.0,587.1990604815032,1.6666666666666667,59,59,1,0,58,59,10206,1,0,0,1,0
2020-08-24,US,Kentucky,Crittenden,38,1,0,37.35839237,-88.08826090000002,21055.0,431.5239609357257,2.631578947368421,37,38,1,0,37,38,8915,0,0,0,0,0
2020-08-24,US,Kentucky,Cumberland,79,0,0,36.78926125,-85.39050034,21057.0,1194.436044753553,0.0,79,75,0,0,75,75,6659,4,0,0,4,0
2020-08-24,US,Kentucky,Daviess,895,10,0,37.73028906,-87.09019479999998,21059.0,881.6778477209366,1.11731843575419,885,876,10,0,866,876,101104,19,0,0,19,0
2020-08-24,US,Kentucky,Edmonson,116,12,0,37.21218923,-86.23955613,21061.0,954.7325102880659,10.344827586206897,104,116,12,0,104,116,12274,0,0,0,0,0
2020-08-24,US,Kentucky,Elliott,19,0,0,38.11624059,-83.09771563,21063.0,252.76040973792732,0.0,19,19,0,0,19,19,7508,0,0,0,0,0
2020-08-24,US,Kentucky,Estill,29,0,0,37.69241417,-83.95956369,21065.0,205.58627534382526,0.0,29,28,0,0,28,28,14198,1,0,0,1,0
2020-08-24,US,Kentucky,Fayette,3833,52,0,38.0368225,-84.45576892,21067.0,1186.1291280883302,1.3566397078006782,3781,3662,52,0,3610,3662,323780,171,0,0,171,0
2020-08-24,US,Kentucky,Fleming,65,0,0,38.36758311,-83.69657514,21069.0,445.7856114121117,0.0,65,65,0,0,65,65,14432,0,0,0,0,0
2020-08-24,US,Kentucky,Floyd,136,2,0,37.56213922,-82.74750924,21071.0,382.1405490460536,1.4705882352941178,134,132,2,0,130,132,35845,4,0,0,4,0
2020-08-24,US,Kentucky,Franklin,433,11,0,38.2379395,-84.87962551,21073.0,849.1694612774803,2.540415704387991,422,428,11,0,417,428,50815,5,0,0,5,0
2020-08-24,US,Kentucky,Fulton,109,2,0,36.55238827,-89.20140068,21075.0,1826.1015245434744,1.834862385321101,107,109,2,0,107,109,6120,0,0,0,0,0
2020-08-24,US,Kentucky,Gallatin,88,8,0,38.75398691,-84.8558382,21077.0,992.2200924568724,9.090909090909092,80,87,8,0,79,87,8832,1,0,0,1,0
2020-08-24,US,Kentucky,Garrard,102,2,0,37.638866799999995,-84.53289319,21079.0,577.3802785010755,1.96078431372549,100,99,2,0,97,99,17560,3,0,0,3,0
2020-08-24,US,Kentucky,Grant,132,6,0,38.64962758,-84.62415957,21081.0,526.5467310223784,4.545454545454546,126,132,6,0,126,132,25121,0,0,0,0,0
2020-08-24,US,Kentucky,Graves,617,28,0,36.72292505,-88.65143315,21083.0,1655.664680942414,4.538087520259318,589,614,28,0,586,614,37317,3,0,0,3,0
2020-08-24,US,Kentucky,Grayson,239,11,0,37.46231118,-86.34248968,21085.0,904.3780981571878,4.602510460251046,228,237,11,0,226,237,26321,2,0,0,2,0
2020-08-24,US,Kentucky,Green,101,5,0,37.26484328,-85.5540745,21087.0,923.1331688145508,4.950495049504951,96,95,3,0,92,95,11049,6,2,0,4,0
2020-08-24,US,Kentucky,Greenup,169,1,0,38.54332505,-82.9215658,21089.0,481.5089178870591,0.591715976331361,168,166,1,0,165,166,35268,3,0,0,3,0
2020-08-24,US,Kentucky,Hancock,56,0,0,37.83766422,-86.78280584,21091.0,642.0545746388442,0.0,56,55,0,0,55,55,8758,1,0,0,1,0
2020-08-24,US,Kentucky,Hardin,847,8,0,37.6976111,-85.96319251,21093.0,763.3518989167073,0.9445100354191264,839,833,8,0,825,833,110356,14,0,0,14,0
2020-08-24,US,Kentucky,Harlan,267,6,0,36.85699301,-83.21899516,21095.0,1026.5282583621683,2.247191011235955,261,264,5,0,259,264,26409,3,1,0,2,0
2020-08-24,US,Kentucky,Harrison,139,0,0,38.44188174,-84.32869741,21097.0,735.9949168696388,0.0,139,139,0,0,139,139,18778,0,0,0,0,0
2020-08-24,US,Kentucky,Hart,118,1,0,37.29943898,-85.88461055,21099.0,619.9106908326768,0.8474576271186439,117,118,1,0,117,118,18906,0,0,0,0,0
2020-08-24,US,Kentucky,Henderson,410,3,0,37.79344553,-87.57392021,21101.0,906.87900906879,0.7317073170731707,407,406,3,0,403,406,45591,4,0,0,4,0
2020-08-24,US,Kentucky,Henry,156,1,0,38.44942688,-85.11587507,21103.0,967.3818677911447,0.6410256410256411,155,155,2,0,153,155,16106,1,-1,0,2,0
2020-08-24,US,Kentucky,Hickman,63,0,0,36.67948079999999,-88.97875928,21105.0,1438.3561643835615,0.0,63,63,0,0,63,63,4421,0,0,0,0,0
2020-08-24,US,Kentucky,Hopkins,479,36,0,37.30939025,-87.54670406,21107.0,1071.924092556953,7.515657620041754,443,472,36,0,436,472,45068,7,0,0,7,0
2020-08-24,US,Kentucky,Jackson,178,15,0,37.41866422,-83.99825483,21109.0,1335.434016055218,8.426966292134832,163,172,15,0,157,172,13442,6,0,0,6,0
2020-08-24,US,Kentucky,Jefferson,10703,261,0,38.18664655,-85.65931031,21111.0,1395.8790072995746,2.438568625618985,10442,10490,258,0,10232,10490,770517,213,3,0,210,0
2020-08-24,US,Kentucky,Jessamine,416,0,0,37.87119786,-84.58252003,21113.0,768.7332532569528,0.0,416,411,0,0,411,411,53920,5,0,0,5,0
2020-08-24,US,Kentucky,Johnson,101,1,0,37.85106355,-82.8264322,21115.0,455.2010095547143,0.99009900990099,100,101,0,0,101,101,22386,0,1,0,-1,0
2020-08-24,US,Kentucky,Kenton,1644,41,0,38.93950319,-84.53241199,21117.0,984.4429274602091,2.4939172749391734,1603,1616,41,0,1575,1616,166051,28,0,0,28,0
2020-08-24,US,Kentucky,Knott,88,1,0,37.35388197,-82.94981134,21119.0,594.3536404160476,1.1363636363636365,87,87,1,0,86,87,15126,1,0,0,1,0
2020-08-24,US,Kentucky,Knox,312,9,0,36.89225732,-83.85403396,21121.0,1001.7659335366832,2.8846153846153846,303,306,8,0,298,306,31304,6,1,0,5,0
2020-08-24,US,Kentucky,Larue,77,1,0,37.54567114,-85.70138352,21123.0,534.7964995138213,1.2987012987012987,76,76,1,0,75,76,14307,1,0,0,1,0
2020-08-24,US,Kentucky,Laurel,513,5,0,37.10975748,-84.11321779,21125.0,843.5696314932663,0.9746588693957114,508,511,5,0,506,511,60669,2,0,0,2,0
2020-08-24,US,Kentucky,Lawrence,40,0,0,38.07136018,-82.72882223,21127.0,261.1477443363583,0.0,40,40,0,0,40,40,15571,0,0,0,0,0
2020-08-24,US,Kentucky,Lee,11,0,0,37.59645942,-83.71513901,21129.0,148.5884101040119,0.0,11,11,0,0,11,11,7033,0,0,0,0,0
2020-08-24,US,Kentucky,Leslie,38,0,0,37.09246661,-83.37999606,21131.0,384.73220613546624,0.0,38,38,0,0,38,38,10143,0,0,0,0,0
2020-08-24,US,Kentucky,Letcher,67,2,0,37.12306748,-82.85346474,21133.0,310.86159699345797,2.985074626865672,65,66,2,0,64,66,21899,1,0,0,1,0
2020-08-24,US,Kentucky,Lewis,115,6,0,38.53184419,-83.37735618,21135.0,866.2900188323919,5.217391304347826,109,116,4,0,112,116,13257,-1,2,0,-3,0
2020-08-24,US,Kentucky,Lincoln,132,2,0,37.45475628,-84.6565327,21137.0,537.7001099841134,1.5151515151515151,130,130,2,0,128,130,24644,2,0,0,2,0
2020-08-24,US,Kentucky,Livingston,42,1,0,37.21137452,-88.34797529,21139.0,456.8196649989123,2.380952380952381,41,39,1,0,38,39,9242,3,0,0,3,0
2020-08-24,US,Kentucky,Logan,378,25,0,36.85949479,-86.877635,21141.0,1394.7310161611692,6.613756613756614,353,377,25,0,352,377,26989,1,0,0,1,0
2020-08-24,US,Kentucky,Lyon,34,4,0,37.02080035,-88.07886257,21143.0,414.12911084043856,11.764705882352944,30,34,4,0,30,34,8009,0,0,0,0,0
2020-08-24,US,Kentucky,Madison,805,2,0,37.71659336,-84.27220275,21151.0,865.7124114123477,0.2484472049689441,803,757,2,0,755,757,92368,48,0,0,48,0
2020-08-24,US,Kentucky,Magoffin,60,0,0,37.70820545,-83.0657714,21153.0,493.3804785790642,0.0,60,60,0,0,60,60,12362,0,0,0,0,0
2020-08-24,US,Kentucky,Marion,165,1,0,37.55218078,-85.26898542,21155.0,861.3085663882115,0.6060606060606061,164,155,1,0,154,155,19404,10,0,0,10,0
2020-08-24,US,Kentucky,Marshall,177,2,0,36.88007070000001,-88.32803576,21157.0,569.1318327974277,1.1299435028248588,175,174,2,0,172,174,31191,3,0,0,3,0
2020-08-24,US,Kentucky,Martin,49,0,0,37.79990579,-82.51247478,21159.0,437.69539973202325,0.0,49,49,0,0,49,49,11323,0,0,0,0,0
2020-08-24,US,Kentucky,Mason,71,2,0,38.59471935,-83.82151043,21161.0,415.9343878148798,2.8169014084507036,69,71,2,0,69,71,17150,0,0,0,0,0
2020-08-24,US,Kentucky,McCracken,460,5,0,37.05350953,-88.70445755,21145.0,703.1703812406371,1.0869565217391304,455,453,5,0,448,453,65346,7,0,0,7,0
2020-08-24,US,Kentucky,McCreary,61,0,0,36.73874143,-84.48102924,21147.0,354.01311589576926,0.0,61,59,0,0,59,59,17408,2,0,0,2,0
2020-08-24,US,Kentucky,McLean,51,1,0,37.5301951,-87.26803443,21149.0,553.9263603779733,1.96078431372549,50,50,1,0,49,50,9252,1,0,0,1,0
2020-08-24,US,Kentucky,Meade,122,3,0,37.96163597,-86.21028219,21163.0,426.99146017079664,2.459016393442623,119,117,3,0,114,117,28715,5,0,0,5,0
2020-08-24,US,Kentucky,Menifee,29,0,0,37.94090733,-83.59985712,21165.0,446.9101556480197,0.0,29,28,0,0,28,28,6451,1,0,0,1,0
2020-08-24,US,Kentucky,Mercer,104,1,0,37.81474237,-84.87488475,21167.0,474.1713399899695,0.9615384615384616,103,105,1,0,104,105,21774,-1,0,0,-1,0
2020-08-24,US,Kentucky,Metcalfe,77,2,0,36.99459295,-85.63123699,21169.0,764.5715420514348,2.5974025974025974,75,77,2,0,75,77,10030,0,0,0,0,0
2020-08-24,US,Kentucky,Monroe,114,2,0,36.71225341,-85.71596443,21171.0,1070.4225352112678,1.7543859649122806,112,111,2,0,109,111,10718,3,0,0,3,0
2020-08-24,US,Kentucky,Montgomery,170,1,0,38.03253032,-83.9145241,21173.0,603.7575025748482,0.5882352941176471,169,170,1,0,169,170,28203,0,0,0,0,0
2020-08-24,US,Kentucky,Morgan,40,0,0,37.92465657,-83.25558245,21175.0,300.5485010143512,0.0,40,40,0,0,40,40,13345,0,0,0,0,0
2020-08-24,US,Kentucky,Muhlenberg,648,11,0,37.21425819,-87.14632053,21177.0,2116.125661289269,1.6975308641975309,637,647,11,0,636,647,30774,1,0,0,1,0
2020-08-24,US,Kentucky,Nelson,315,2,0,37.80335779,-85.4657193,21179.0,681.3315164492894,0.6349206349206349,313,312,2,0,310,312,45851,3,0,0,3,0
2020-08-24,US,Kentucky,Nicholas,22,1,0,38.33342292,-84.01889177,21181.0,302.65511074425643,4.545454545454546,21,22,1,0,21,22,7166,0,0,0,0,0
2020-08-24,US,Kentucky,Ohio,376,9,0,37.47751843,-86.85368087,21183.0,1567.0584312744852,2.3936170212765955,367,372,9,0,363,372,24087,4,0,0,4,0
2020-08-24,US,Kentucky,Oldham,757,22,0,38.39791089,-85.448222,21185.0,1133.2504977619424,2.9062087186261563,735,743,21,0,722,743,66470,14,1,0,13,0
2020-08-24,US,Kentucky,Owen,75,0,0,38.51679143,-84.82404619,21187.0,688.0102742867628,0.0,75,74,0,0,74,74,10880,1,0,0,1,0
2020-08-24,US,Kentucky,Owsley,25,0,0,37.42823949,-83.68811419,21189.0,566.2514156285391,0.0,25,25,0,0,25,25,4472,0,0,0,0,0
2020-08-24,US,Kentucky,Pendleton,59,0,0,38.69607718,-84.35599463,21191.0,404.38656614119276,0.0,59,58,0,0,58,58,14529,1,0,0,1,0
2020-08-24,US,Kentucky,Perry,269,7,0,37.25023553,-83.22922731,21193.0,1044.335740352512,2.6022304832713754,262,268,7,0,261,268,26092,1,0,0,1,0
2020-08-24,US,Kentucky,Pike,298,3,0,37.47088263,-82.39487445,21195.0,514.8939111203263,1.0067114093959733,295,298,3,0,295,298,58402,0,0,0,0,0
2020-08-24,US,Kentucky,Powell,70,0,0,37.83218794,-83.82553961,21197.0,566.3888664131402,0.0,70,70,0,0,70,70,12442,0,0,0,0,0
2020-08-24,US,Kentucky,Pulaski,448,6,0,37.10466131,-84.57629079,21199.0,689.4535157512427,1.3392857142857142,442,437,6,0,431,437,64623,11,0,0,11,0
2020-08-24,US,Kentucky,Robertson,3,0,0,38.51923469,-84.05055616,21201.0,142.31499051233396,0.0,3,3,0,0,3,3,2135,0,0,0,0,0
2020-08-24,US,Kentucky,Rockcastle,108,0,0,37.36642393,-84.31176452,21203.0,646.9002695417789,0.0,108,107,0,0,107,107,16750,1,0,0,1,0
2020-08-24,US,Kentucky,Rowan,89,0,0,38.19484205,-83.42088935,21205.0,363.8593622240392,0.0,89,89,0,0,89,89,24583,0,0,0,0,0
2020-08-24,US,Kentucky,Russell,151,5,0,36.99308373,-85.06070117,21207.0,842.4928862355632,3.3112582781456954,146,150,5,0,145,150,17821,1,0,0,1,0
2020-08-24,US,Kentucky,Scott,504,2,0,38.29622293,-84.5816631,21209.0,884.1484808083643,0.3968253968253968,502,498,1,0,497,498,56031,6,1,0,5,0
2020-08-24,US,Kentucky,Shelby,872,23,0,38.21476019,-85.194223,21211.0,1778.7206266318537,2.6376146788990824,849,866,22,0,844,866,48518,6,1,0,5,0
2020-08-24,US,Kentucky,Simpson,193,7,0,36.74058474,-86.58047435,21213.0,1039.1987938832651,3.6269430051813467,186,188,7,0,181,188,18529,5,0,0,5,0
2020-08-24,US,Kentucky,Spencer,160,0,0,38.03223971,-85.32749335,21215.0,826.8306547465248,0.0,160,152,0,0,152,152,18794,8,0,0,8,0
2020-08-24,US,Kentucky,Taylor,181,4,0,37.3677562,-85.3329931,21217.0,702.3943498001474,2.209944751381216,177,176,4,0,172,176,25549,5,0,0,5,0
2020-08-24,US,Kentucky,Todd,46,0,0,36.8381152,-87.17878374,21219.0,374.1662599642102,0.0,46,45,0,0,45,45,12311,1,0,0,1,0
2020-08-24,US,Kentucky,Trigg,68,0,0,36.80767017,-87.87333656,21221.0,464.1321411507747,0.0,68,63,0,0,63,63,14643,5,0,0,5,0
2020-08-24,US,Kentucky,Trimble,41,0,0,38.61056487,-85.33775972,21223.0,484.0042497934128,0.0,41,39,0,0,39,39,8515,2,0,0,2,0
2020-08-24,US,Kentucky,Union,81,0,0,37.66166713,-87.94300009,21225.0,563.2431680689799,0.0,81,79,0,0,79,79,14505,2,0,0,2,0
2020-08-24,US,Kentucky,Warren,2998,24,0,36.99903045,-86.42672751,21227.0,2255.899349867565,0.8005336891260841,2974,2969,24,0,2945,2969,131264,29,0,0,29,0
2020-08-24,US,Kentucky,Washington,116,1,0,37.75599461,-85.17407732,21229.0,959.0739975196362,0.8620689655172413,115,115,1,0,114,115,12084,1,0,0,1,0
2020-08-24,US,Kentucky,Wayne,86,0,0,36.80310688,-84.8251971,21231.0,422.9577534057936,0.0,86,83,0,0,83,83,20468,3,0,0,3,0
2020-08-24,US,Kentucky,Webster,97,1,0,37.52168356,-87.67989953,21233.0,749.4977592335033,1.0309278350515465,96,96,1,0,95,96,13111,1,0,0,1,0
2020-08-24,US,Kentucky,Whitley,178,1,0,36.75700531,-84.14541217,21235.0,490.8449150672844,0.5617977528089888,177,173,1,0,172,173,36242,5,0,0,5,0
2020-08-24,US,Kentucky,Wolfe,27,0,0,37.73941626,-83.49303612,21237.0,377.253038982814,0.0,27,26,0,0,26,26,7177,1,0,0,1,0
2020-08-24,US,Kentucky,Woodford,202,0,0,38.04178222,-84.7417556,21239.0,755.5921298720731,0.0,202,196,0,0,196,196,26533,6,0,0,6,0
2020-08-24,US,Louisiana,Acadia,2748,93,0,30.295064899999996,-92.41419698,22001.0,4429.04343621565,3.3842794759825328,2655,2743,92,0,2651,2735,62190,5,1,0,4,8
2020-08-24,US,Louisiana,Allen,1409,37,0,30.65385745,-92.82442028,22003.0,5498.107464783237,2.6259758694109303,1372,1409,37,0,1372,1402,25605,0,0,0,0,7
2020-08-24,US,Louisiana,Ascension,3226,87,0,30.20406249,-90.91328409999998,22005.0,2548.1027455688604,2.6968381897086173,3139,3218,87,0,3131,3175,124672,8,0,0,8,43
2020-08-24,US,Louisiana,Assumption,631,21,0,29.89946234,-91.06461642,22007.0,2882.463112694715,3.328050713153724,610,631,21,0,610,628,22300,0,0,0,0,3
2020-08-24,US,Louisiana,Avoyelles,1218,43,0,31.07796211,-92.00079449,22009.0,3034.0773216420885,3.5303776683087027,1175,1211,42,0,1169,1196,40462,7,1,0,6,15
2020-08-24,US,Louisiana,Beauregard,941,29,0,30.64836518,-93.34173616,22011.0,2509.5340960610183,3.08182784272051,912,938,29,0,909,928,37253,3,0,0,3,10
2020-08-24,US,Louisiana,Bienville,403,30,0,32.34569994,-93.05398492,22013.0,3043.5767691261985,7.444168734491315,373,403,30,0,373,401,13308,0,0,0,0,2
2020-08-24,US,Louisiana,Bossier,2557,91,0,32.67932307,-93.60460152,22015.0,2012.7677327434885,3.5588580367618303,2466,2549,90,0,2459,2520,127185,8,1,0,7,29
2020-08-24,US,Louisiana,Caddo,7180,310,0,32.57991587,-93.88375652,22017.0,2989.125909643469,4.3175487465181055,6870,7156,310,0,6846,7112,242922,24,0,0,24,44
2020-08-24,US,Louisiana,Calcasieu,7284,178,0,30.22931235,-93.35400434,22019.0,3580.4872293989265,2.443712246018671,7106,7277,178,0,7099,7235,203112,7,0,0,7,42
2020-08-24,US,Louisiana,Caldwell,271,3,0,32.0902519,-92.11752148,22021.0,2732.4057269610807,1.1070110701107012,268,264,3,0,261,263,9960,7,0,0,7,1
2020-08-24,US,Louisiana,Cameron,175,1,0,29.87592238,-93.19310676,22023.0,2509.680195038004,0.5714285714285714,174,174,1,0,173,174,6968,1,0,0,1,0
2020-08-24,US,Louisiana,Catahoula,351,6,0,31.66778967,-91.84526385,22025.0,3697.0718348430587,1.709401709401709,345,346,6,0,340,338,9608,5,0,0,5,8
2020-08-24,US,Louisiana,Claiborne,331,12,0,32.82308512,-92.99526883,22027.0,2112.316528398213,3.625377643504532,319,327,12,0,315,320,15944,4,0,0,4,7
2020-08-24,US,Louisiana,Concordia,411,9,0,31.44817835,-91.63814433,22029.0,2134.0671893660106,2.18978102189781,402,402,9,0,393,393,19572,9,0,0,9,9
2020-08-24,US,Louisiana,De Soto,803,30,0,32.05457447,-93.74130302,22031.0,2923.9340203182464,3.7359900373598998,773,802,30,0,772,802,27436,1,0,0,1,0
2020-08-24,US,Louisiana,East Baton Rouge,13412,403,0,30.53842039,-91.09777565,22033.0,3047.7731395108385,3.0047718461079627,13009,13350,401,0,12949,13226,440956,62,2,0,60,124
2020-08-24,US,Louisiana,East Carroll,529,2,0,32.73926954,-91.23425694,22035.0,7710.246319778458,0.3780718336483932,527,529,2,0,527,527,7037,0,0,0,0,2
2020-08-24,US,Louisiana,East Feliciana,862,43,0,30.84425359,-91.04976723,22037.0,4504.834073686961,4.9883990719257545,819,721,43,0,678,708,19305,141,0,0,141,13
2020-08-24,US,Louisiana,Evangeline,1006,23,0,30.72985248,-92.39915924,22039.0,3012.4270100314425,2.286282306163022,983,1004,22,0,982,995,33443,2,1,0,1,9
2020-08-24,US,Louisiana,Franklin,1042,26,0,32.13675181,-91.67589857,22041.0,5206.095428428678,2.4952015355086368,1016,1042,25,0,1017,1024,20156,0,1,0,-1,18
2020-08-24,US,Louisiana,Grant,382,25,0,31.59882456,-92.56124347,22043.0,1706.1950064763944,6.544502617801047,357,377,25,0,352,374,22482,5,0,0,5,3
2020-08-24,US,Louisiana,Iberia,2670,81,0,29.86803617,-91.75871777,22045.0,3823.5715308606623,3.0337078651685387,2589,2661,81,0,2580,2648,70941,9,0,0,9,13
2020-08-24,US,Louisiana,Iberville,1330,52,0,30.25734305,-91.3499598,22047.0,4090.9230721909507,3.909774436090225,1278,1325,52,0,1273,1318,32721,5,0,0,5,7
2020-08-24,US,Louisiana,Jackson,421,20,0,32.30251776,-92.55692092,22049.0,2674.0345528455287,4.750593824228028,401,416,19,0,397,409,15902,5,1,0,4,7
2020-08-24,US,Louisiana,Jefferson,16171,538,0,29.74075478,-90.11115756,22051.0,3739.020053503756,3.3269432935501824,15633,16131,537,0,15594,16006,434051,40,1,0,39,125
2020-08-24,US,Louisiana,Jefferson Davis,1120,34,0,30.26896765,-92.81210004,22053.0,3570.5177250701354,3.0357142857142856,1086,1116,33,0,1083,1111,31582,4,1,0,3,5
2020-08-24,US,Louisiana,LaSalle,379,5,0,31.67884782,-92.15907765,22059.0,2544.990598979318,1.3192612137203166,374,378,5,0,373,363,14917,1,0,0,1,15
2020-08-24,US,Louisiana,Lafayette,8168,106,0,30.2049055,-92.06959876,22055.0,3342.1989443103234,1.2977473065621938,8062,8148,106,0,8042,8103,242782,20,0,0,20,45
2020-08-24,US,Louisiana,Lafourche,3111,107,0,29.52470226,-90.40976986,22057.0,3187.042842215256,3.439408550305368,3004,3101,107,0,2994,3073,98115,10,0,0,10,28
2020-08-24,US,Louisiana,Lincoln,885,39,0,32.6003154,-92.66597409999999,22061.0,1893.3721278507555,4.40677966101695,846,881,39,0,842,867,47196,4,0,0,4,14
2020-08-24,US,Louisiana,Livingston,3279,62,0,30.44143993,-90.73061664,22063.0,2329.0171817400505,1.890820372064654,3217,3266,62,0,3204,3236,139567,13,0,0,13,30
2020-08-24,US,Louisiana,Madison,655,6,0,32.36918118,-91.23973355,22065.0,5981.188932517578,0.916030534351145,649,655,6,0,649,650,11161,0,0,0,0,5
2020-08-24,US,Louisiana,Morehouse,570,15,0,32.81686191,-91.80421614,22067.0,2291.5494090214684,2.631578947368421,555,570,15,0,555,563,25398,0,0,0,0,7
2020-08-24,US,Louisiana,Natchitoches,894,22,0,31.72321584,-93.09816516,22069.0,2342.890088579066,2.460850111856823,872,889,21,0,868,874,38659,5,1,0,4,15
2020-08-24,US,Louisiana,Orleans,11214,570,0,30.06971951,-89.92660315,22071.0,2874.323326771653,5.082932049224183,10644,11191,570,0,10621,11134,391006,23,0,0,23,57
2020-08-24,US,Louisiana,Ouachita,5389,124,0,32.47645559,-92.15704172,22073.0,3515.811037389336,2.3009834848766006,5265,5372,123,0,5249,5308,154475,17,1,0,16,64
2020-08-24,US,Louisiana,Plaquemines,489,19,0,29.42245447,-89.60322085,22075.0,2108.031210932448,3.8854805725971366,470,489,19,0,470,481,23410,0,0,0,0,8
2020-08-24,US,Louisiana,Pointe Coupee,894,36,0,30.71409502,-91.60209535,22077.0,4114.127933732168,4.026845637583893,858,888,36,0,852,874,21940,6,0,0,6,14
2020-08-24,US,Louisiana,Rapides,3703,131,0,31.19778499,-92.52997303,22079.0,2856.195236332222,3.5376721577099652,3572,3682,131,0,3551,3642,130562,21,0,0,21,40
2020-08-24,US,Louisiana,Red River,300,19,0,32.09530039,-93.34213308,22081.0,3553.6602700781805,6.333333333333332,281,300,19,0,281,298,8477,0,0,0,0,2
2020-08-24,US,Louisiana,Richland,667,9,0,32.41391005,-91.76634876,22083.0,3314.779842957957,1.3493253373313343,658,664,8,0,656,657,20192,3,1,0,2,7
2020-08-24,US,Louisiana,Sabine,712,13,0,31.56388699,-93.55433981,22085.0,2981.075196784458,1.8258426966292132,699,711,13,0,698,709,24032,1,0,0,1,2
2020-08-24,US,Louisiana,St. Bernard,1196,25,0,29.87761636,-89.51887093,22087.0,2531.538396410126,2.0903010033444818,1171,1191,25,0,1166,1169,46721,5,0,0,5,22
2020-08-24,US,Louisiana,St. Charles,1587,54,0,29.90709658,-90.35555967,22089.0,2988.700564971751,3.4026465028355384,1533,1580,54,0,1526,1568,52879,7,0,0,7,12
2020-08-24,US,Louisiana,St. Helena,307,2,0,30.82210324,-90.71013176,22091.0,3030.0039478878803,0.6514657980456026,305,305,2,0,303,303,10262,2,0,0,2,2
2020-08-24,US,Louisiana,St. James,749,34,0,30.02531716,-90.80212061,22093.0,3550.4361016306407,4.539385847797064,715,747,34,0,713,745,21037,2,0,0,2,2
2020-08-24,US,Louisiana,St. John the Baptist,1490,94,0,30.12597499,-90.4753503,22095.0,3478.3014683567944,6.308724832214764,1396,1487,94,0,1393,1484,43184,3,0,0,3,3
2020-08-24,US,Louisiana,St. Landry,3001,108,0,30.59724262,-92.00135806,22097.0,3654.230188495447,3.5988003998667115,2893,3000,107,0,2893,2976,82764,1,1,0,0,24
2020-08-24,US,Louisiana,St. Martin,1839,51,0,30.13112107,-91.61403569,22099.0,3441.8221631637066,2.7732463295269167,1788,1836,51,0,1785,1827,53621,3,0,0,3,9
2020-08-24,US,Louisiana,St. Mary,1726,65,0,29.69262097,-91.44702164,22101.0,3497.608818999757,3.76593279258401,1661,1720,65,0,1655,1711,49774,6,0,0,6,9
2020-08-24,US,Louisiana,St. Tammany,5841,226,0,30.40942847,-89.95642711,22103.0,2242.9239034018256,3.869200479369971,5615,5815,226,0,5589,5760,258111,26,0,0,26,55
2020-08-24,US,Louisiana,Tangipahoa,3959,88,0,30.62888673,-90.40664996,22105.0,2937.858976832544,2.222783531194746,3871,3934,88,0,3846,3899,133777,25,0,0,25,35
2020-08-24,US,Louisiana,Tensas,127,1,0,32.00760749,-91.32915234,22107.0,2930.318412551915,0.7874015748031497,126,127,1,0,126,124,4462,0,0,0,0,3
2020-08-24,US,Louisiana,Terrebonne,3333,94,0,29.37343766,-90.82626855,22109.0,3017.3545414218597,2.8202820282028203,3239,3315,94,0,3221,3285,111021,18,0,0,18,30
2020-08-24,US,Louisiana,Unassigned,247,141,0,0.0,0.0,90022.0,0.0,57.08502024291497,106,250,141,0,109,241,,-3,0,0,-3,9
2020-08-24,US,Louisiana,Union,788,39,0,32.83121059,-92.3749373,22111.0,3564.3206079247334,4.949238578680203,749,783,39,0,744,772,22330,5,0,0,5,11
2020-08-24,US,Louisiana,Vermilion,1789,38,0,29.83517605,-92.30292538,22113.0,3006.1669271227174,2.1240916713247624,1751,1784,35,0,1749,1768,59830,5,3,0,2,16
2020-08-24,US,Louisiana,Vernon,898,36,0,31.10884837,-93.18153838,22115.0,1893.356385333868,4.0089086859688186,862,889,36,0,853,869,48860,9,0,0,9,20
2020-08-24,US,Louisiana,Washington,1415,59,0,30.85288548,-90.03866652,22117.0,3063.1683768454773,4.169611307420495,1356,1402,59,0,1343,1383,46582,13,0,0,13,19
2020-08-24,US,Louisiana,Webster,988,19,0,32.70847669,-93.33121835,22119.0,2576.943140323422,1.9230769230769231,969,986,19,0,967,977,38798,2,0,0,2,9
2020-08-24,US,Louisiana,West Baton Rouge,787,38,0,30.46058217,-91.30989571,22121.0,2973.738900434537,4.828462515883102,749,787,38,0,749,771,26427,0,0,0,0,16
2020-08-24,US,Louisiana,West Carroll,321,8,0,32.78550125,-91.461201,22123.0,2963.98891966759,2.4922118380062304,313,320,8,0,312,317,10982,1,0,0,1,3
2020-08-24,US,Louisiana,West Feliciana,468,19,0,30.87882871,-91.41485379999999,22125.0,3006.1664953751288,4.05982905982906,449,467,18,0,449,466,15460,1,1,0,0,1
2020-08-24,US,Louisiana,Winn,517,15,0,31.94449367,-92.63789413,22127.0,3718.3544303797466,2.9013539651837523,502,511,15,0,496,505,14134,6,0,0,6,6
2020-08-24,US,Maine,Androscoggin,594,10,0,44.1664747,-70.20380627,23001.0,548.5929606472289,1.6835016835016836,584,591,10,0,581,590,107679,3,0,0,3,1
2020-08-24,US,Maine,Aroostook,37,1,0,46.65926321,-68.59841248,23003.0,55.17858474386698,2.702702702702702,36,37,1,0,36,37,67111,0,0,0,0,0
2020-08-24,US,Maine,Cumberland,2161,70,0,43.8370751,-70.37226999,23005.0,732.5349233736606,3.239241092086997,2091,2160,70,0,2090,2158,293557,1,0,0,1,2
2020-08-24,US,Maine,Franklin,48,1,0,44.97330019,-70.44381045,23007.0,158.94566045233285,2.083333333333333,47,48,1,0,47,47,29897,0,0,0,0,1
2020-08-24,US,Maine,Hancock,46,1,0,44.59816444,-68.38401854,23009.0,83.65613690508665,2.1739130434782608,45,46,1,0,45,45,54811,0,0,0,0,1
2020-08-24,US,Maine,Kennebec,181,11,0,44.40759555,-69.76738544,23011.0,147.99430916910597,6.077348066298343,170,179,11,0,168,179,122083,2,0,0,2,0
2020-08-24,US,Maine,Knox,29,1,0,44.11486325,-69.10529169,23013.0,72.91561902846225,3.4482758620689653,28,28,1,0,27,28,39771,1,0,0,1,0
2020-08-24,US,Maine,Lincoln,35,1,0,44.05996956,-69.54227124,23015.0,101.05676502858464,2.8571428571428568,34,35,1,0,34,35,34342,0,0,0,0,0
2020-08-24,US,Maine,Oxford,59,0,0,44.49952995,-70.75682123,23017.0,101.76800344976284,0.0,59,59,0,0,59,59,57618,0,0,0,0,0
2020-08-24,US,Maine,Penobscot,220,6,0,45.40194593,-68.65020455,23019.0,144.5960512132923,2.727272727272727,214,215,6,0,209,212,151096,5,0,0,5,3
2020-08-24,US,Maine,Piscataquis,7,0,0,45.83839062,-69.2860223,23021.0,41.70390229371464,0.0,7,7,0,0,7,7,16800,0,0,0,0,0
2020-08-24,US,Maine,Sagadahoc,59,0,0,43.95415864,-69.85074999,23023.0,164.54707719767958,0.0,59,59,0,0,59,59,35634,0,0,0,0,0
2020-08-24,US,Maine,Somerset,46,1,0,45.51229767,-69.95995554,23025.0,91.11797797321924,2.1739130434782608,45,46,1,0,45,42,50592,0,0,0,0,4
2020-08-24,US,Maine,Unassigned,1,0,0,0.0,0.0,90023.0,0.0,0.0,1,1,0,0,1,1,,0,0,0,0,0
2020-08-24,US,Maine,Waldo,69,14,0,44.4858305,-69.12061935,23027.0,173.73788241218682,20.28985507246377,55,69,14,0,55,67,39694,0,0,0,0,2
2020-08-24,US,Maine,Washington,15,0,0,45.01607142,-67.62813524,23029.0,47.802670575862855,0.0,15,15,0,0,15,15,31490,0,0,0,0,0
2020-08-24,US,Maine,York,750,14,0,43.47808377,-70.71052375,23031.0,361.2003409731218,1.8666666666666667,736,741,14,0,727,737,206229,9,0,0,9,4
2020-08-24,US,Maryland,Allegany,381,20,0,39.62357628,-78.69280486,24001.0,541.0702113156101,5.2493438320209975,361,377,20,0,357,367,70975,4,0,0,4,10
2020-08-24,US,Maryland,Anne Arundel,8011,231,0,39.00670238,-76.60329337,24003.0,1383.0334545278765,2.8835351391836226,7780,7966,231,0,7735,7922,576031,45,0,0,45,44
2020-08-24,US,Maryland,Baltimore,14788,588,0,39.45784712,-76.62911955,24005.0,1787.350278593616,3.976196916418718,14200,14693,588,0,14105,14585,828431,95,0,0,95,108
2020-08-24,US,Maryland,Baltimore City,14072,451,0,39.30211911,-76.61151012,24510.0,2371.0593270316267,3.2049459920409324,13621,13981,449,0,13532,13897,621342,91,2,0,89,84
2020-08-24,US,Maryland,Calvert,764,28,0,38.53961642,-76.56820632,24009.0,825.7227776276683,3.6649214659685865,736,761,28,0,733,759,92003,3,0,0,3,2
2020-08-24,US,Maryland,Caroline,479,3,0,38.87172293,-75.82904158,24011.0,1433.8741543435308,0.6263048016701461,476,478,3,0,475,477,33304,1,0,0,1,1
2020-08-24,US,Maryland,Carroll,1651,120,0,39.56453592,-77.02373735,24013.0,980.1302486835623,7.26832222895215,1531,1647,120,0,1527,1638,168429,4,0,0,4,9
2020-08-24,US,Maryland,Cecil,765,31,0,39.56647682,-75.94627411,24015.0,743.7654951144815,4.052287581699346,734,761,31,0,730,757,102826,4,0,0,4,4
2020-08-24,US,Maryland,Charles,2278,93,0,38.51092331,-76.98580666,24017.0,1395.3459882271509,4.0825285338015815,2185,2260,93,0,2167,2250,161503,18,0,0,18,10
2020-08-24,US,Maryland,Dorchester,430,5,0,38.45413522,-76.02752426,24019.0,1346.7380751041376,1.162790697674419,425,429,5,0,424,427,31998,1,0,0,1,2
2020-08-24,US,Maryland,Frederick,3371,123,0,39.47296601,-77.39999394,24021.0,1298.8013731617011,3.648768911302284,3248,3344,123,0,3221,3321,255648,27,0,0,27,23
2020-08-24,US,Maryland,Garrett,61,0,0,39.52786077,-79.27355126,24023.0,210.24333080581792,0.0,61,61,0,0,61,61,29163,0,0,0,0,0
2020-08-24,US,Maryland,Harford,2337,69,0,39.55010644,-76.30775940000002,24025.0,914.8883695256436,2.952503209242619,2268,2311,69,0,2242,2285,253956,26,0,0,26,26
2020-08-24,US,Maryland,Howard,4249,117,0,39.25305293,-76.93126208,24027.0,1304.6148177715006,2.7535890797834783,4132,4214,117,0,4097,4192,323196,35,0,0,35,22
2020-08-24,US,Maryland,Kent,254,23,0,39.24976208,-76.04741541,24029.0,1307.7952836988984,9.05511811023622,231,254,23,0,231,254,19383,0,0,0,0,0
2020-08-24,US,Maryland,Montgomery,19540,815,0,39.13676329,-77.20358245,24031.0,1859.7338125114209,4.17093142272262,18725,19468,815,0,18653,19385,1052567,72,0,0,72,83
2020-08-24,US,Maryland,Prince George's,25537,780,0,38.83070039,-76.8496441,24033.0,2808.3406739269813,3.0543916669929905,24757,25426,778,0,24648,25343,909308,111,2,0,109,83
2020-08-24,US,Maryland,Queen Anne's,517,26,0,39.06198912,-76.03530977,24035.0,1026.1805045552887,5.029013539651838,491,514,26,0,488,512,50251,3,0,0,3,2
2020-08-24,US,Maryland,Somerset,176,3,0,38.1163542,-75.75118623,24039.0,687.0705808869458,1.7045454545454546,173,176,3,0,173,176,25675,0,0,0,0,0
2020-08-24,US,Maryland,St. Mary's,1084,53,0,38.30058422,-76.60629279999998,24037.0,954.9819399171879,4.88929889298893,1031,1080,53,0,1027,1077,112664,4,0,0,4,3
2020-08-24,US,Maryland,Talbot,452,4,0,38.76618159,-76.10882561,24041.0,1215.6746725478067,0.8849557522123894,448,446,4,0,442,436,36968,6,0,0,6,10
2020-08-24,US,Maryland,Unassigned,0,10,0,0.0,0.0,90024.0,0.0,0.0,-10,0,12,0,-12,0,,0,-2,0,2,0
2020-08-24,US,Maryland,Washington,1237,32,0,39.60835778,-77.82002295,24043.0,818.9395494177388,2.5869037995149555,1205,1234,32,0,1202,1207,150926,3,0,0,3,27
2020-08-24,US,Maryland,Wicomico,1473,47,0,38.37301947,-75.62705831,24045.0,1421.6911658253628,3.1907671418873047,1426,1461,46,0,1415,1442,103195,12,1,0,11,19
2020-08-24,US,Maryland,Worcester,762,22,0,38.21274277,-75.33200012,24047.0,1457.6478690029846,2.8871391076115485,740,760,22,0,738,753,51823,2,0,0,2,7
2020-08-24,US,Massachusetts,Barnstable,1585,164,0,41.72980578,-70.28854339,25001.0,744.1663927883939,10.347003154574134,1421,1583,164,0,1419,1583,213413,2,0,0,2,0
2020-08-24,US,Massachusetts,Berkshire,641,46,0,42.37428441,-73.20524838,25003.0,513.0298373671403,7.176287051482059,595,633,46,0,587,633,126348,8,0,0,8,0
2020-08-24,US,Massachusetts,Bristol,8954,650,0,41.79228404,-71.10872211,25005.0,1584.1703275025345,7.2593254411436225,8304,8919,650,0,8269,8919,564022,35,0,0,35,0
2020-08-24,US,Massachusetts,Dukes and Nantucket,87,1,0,41.40674725,-70.68763497,0.0,302.80881278062026,1.1494252873563218,86,86,1,0,85,86,26707,1,0,0,1,0
2020-08-24,US,Massachusetts,Essex,17654,1220,0,42.6687626,-70.94687179,25009.0,2237.4194267927624,6.910615158037839,16434,17574,1215,0,16359,17574,790638,80,5,0,75,0
2020-08-24,US,Massachusetts,Franklin,381,61,0,42.58119713,-72.58602547,25011.0,542.889712168709,16.010498687664043,320,380,61,0,319,380,70963,1,0,0,1,0
2020-08-24,US,Massachusetts,Hampden,7538,737,0,42.13440424,-72.63235561,25013.0,1616.3062962613535,9.777129211992573,6801,7521,734,0,6787,7521,470406,17,3,0,14,0
2020-08-24,US,Massachusetts,Hampshire,1130,134,0,42.33997957,-72.65898478,25015.0,702.6052353416652,11.858407079646016,996,1116,133,0,983,1116,161355,14,1,0,13,0
2020-08-24,US,Massachusetts,Middlesex,24800,2053,0,42.48607732,-71.39049229,25017.0,1538.7488606743564,8.278225806451612,22747,24698,2043,0,22655,24698,1614714,102,10,0,92,0
2020-08-24,US,Massachusetts,Norfolk,9382,1005,0,42.16073095,-71.20530408,25021.0,1327.4380106823246,10.712001705393307,8377,9342,1004,0,8338,9342,705388,40,1,0,39,0
2020-08-24,US,Massachusetts,Plymouth,8955,737,0,41.94070556,-70.80802823,25023.0,1718.1438290720291,8.230039084310441,8218,8915,736,0,8179,8915,518132,40,1,0,39,0
2020-08-24,US,Massachusetts,Suffolk,21786,1095,0,42.327951399999996,-71.07850442,25025.0,2710.014964417526,5.026163591297164,20691,21588,1093,0,20495,21588,807252,198,2,0,196,0
2020-08-24,US,Massachusetts,Unassigned,9899,5,0,0.0,0.0,90025.0,0.0,0.05051015254066067,9894,9809,5,0,9804,9809,,90,0,0,90,0
2020-08-24,US,Massachusetts,Worcester,13230,1041,0,42.35026951,-71.90493363,25027.0,1592.7822764145426,7.8684807256235825,12189,13196,1036,0,12160,13196,830839,34,5,0,29,0
2020-08-24,US,Michigan,Alcona,30,2,0,44.6846864,-83.59507875,26001.0,288.32292167227297,6.666666666666668,28,30,2,0,28,30,10362,0,0,0,0,0
2020-08-24,US,Michigan,Alger,17,0,0,46.41292944,-86.60260122,26003.0,186.649099692578,0.0,17,18,0,0,18,18,9097,-1,0,0,-1,0
2020-08-24,US,Michigan,Allegan,600,6,0,42.59147037,-85.89102866,26005.0,508.12577806759765,1.0,594,597,6,0,591,583,117327,3,0,0,3,14
2020-08-24,US,Michigan,Alpena,131,14,0,45.03477666,-83.62212411,26007.0,461.1864108431614,10.687022900763358,117,131,14,0,117,131,28360,0,0,0,0,0
2020-08-24,US,Michigan,Antrim,52,0,0,44.99690221,-85.15503082,26009.0,222.94632138569716,0.0,52,53,0,0,53,52,23365,-1,0,0,-1,1
2020-08-24,US,Michigan,Arenac,51,3,0,44.0636262,-83.89277559,26011.0,342.6728482160855,5.882352941176472,48,49,3,0,46,49,15041,2,0,0,2,0
2020-08-24,US,Michigan,Baraga,8,0,0,46.6720582,-88.36363591,26013.0,97.45401388719698,0.0,8,8,0,0,8,8,8320,0,0,0,0,0
2020-08-24,US,Michigan,Barry,204,2,0,42.59513984,-85.30834519,26015.0,331.4378554021121,0.9803921568627452,202,203,2,0,201,200,61157,1,0,0,1,3
2020-08-24,US,Michigan,Bay,780,39,0,43.70639106,-83.98731479,26017.0,756.3563019994957,5.0,741,770,39,0,731,764,103923,10,0,0,10,6
2020-08-24,US,Michigan,Benzie,42,1,0,44.63899297,-86.01608482,26019.0,236.40661938534282,2.380952380952381,41,40,1,0,39,39,17753,2,0,0,2,1
2020-08-24,US,Michigan,Berrien,1549,69,0,41.95447397,-86.41313079999998,26021.0,1009.7717746298916,4.454486765655262,1480,1518,69,0,1449,1517,154141,31,0,0,31,1
2020-08-24,US,Michigan,Branch,406,3,0,41.91600556,-85.05929476,26023.0,932.9687248661444,0.7389162561576355,403,401,3,0,398,399,43622,5,0,0,5,2
2020-08-24,US,Michigan,Calhoun,886,43,0,42.24633834,-85.00493569,26025.0,660.4104085450846,4.853273137697517,843,878,43,0,835,873,134487,8,0,0,8,5
2020-08-24,US,Michigan,Cass,387,15,0,41.91522292,-85.99405727,26027.0,747.2917913762143,3.875968992248062,372,384,15,0,369,381,51653,3,0,0,3,3
2020-08-24,US,Michigan,Charlevoix,66,2,0,45.37790017,-85.19614053,26029.0,252.4576368435145,3.0303030303030303,64,63,2,0,61,63,26244,3,0,0,3,0
2020-08-24,US,Michigan,Cheboygan,65,2,0,45.44787015,-84.50122149,26031.0,257.16094318721315,3.0769230769230766,63,62,2,0,60,63,25413,3,0,0,3,-1
2020-08-24,US,Michigan,Chippewa,48,0,0,46.29552653,-84.54353449,26033.0,128.51749712174356,0.0,48,48,0,0,48,48,37517,0,0,0,0,0
2020-08-24,US,Michigan,Clare,94,3,0,43.98794227,-84.84819859999998,26035.0,303.71567043618734,3.191489361702128,91,93,3,0,90,93,30757,1,0,0,1,0
2020-08-24,US,Michigan,Clinton,456,13,0,42.94400871,-84.60145248,26037.0,572.9003078082793,2.8508771929824563,443,452,13,0,439,447,79332,4,0,0,4,5
2020-08-24,US,Michigan,Crawford,113,5,0,44.68255561,-84.61006219,26039.0,805.4743745099437,4.424778761061948,108,112,5,0,107,112,13901,1,0,0,1,0
2020-08-24,US,Michigan,Delta,133,3,0,45.90484910000001,-86.9080745,26041.0,371.67449139280126,2.255639097744361,130,135,3,0,132,131,35857,-2,0,0,-2,4
2020-08-24,US,Michigan,Dickinson,61,2,0,46.00999672,-87.86961634,26043.0,241.68944886881408,3.278688524590164,59,61,2,0,59,61,25383,0,0,0,0,0
2020-08-24,US,Michigan,Eaton,492,8,0,42.59599185,-84.83740035,26045.0,446.18565676352165,1.6260162601626016,484,490,8,0,482,488,109826,2,0,0,2,2
2020-08-24,US,Michigan,Emmet,105,2,0,45.52625509,-84.89083249,26047.0,314.23013616639236,1.9047619047619049,103,103,2,0,101,100,33308,2,0,0,2,3
2020-08-24,US,Michigan,Federal Correctional Institution (FCI),195,5,0,0.0,0.0,0.0,0.0,2.5641025641025643,190,195,5,0,190,195,,0,0,0,0,0
2020-08-24,US,Michigan,Genesee,3869,303,0,43.02244215,-83.70589709,26049.0,953.394790211255,7.831481002843112,3566,3854,302,0,3552,3842,406892,15,1,0,14,12
2020-08-24,US,Michigan,Gladwin,74,2,0,43.98901072,-84.38774817,26051.0,290.77763369877016,2.702702702702702,72,74,2,0,72,73,25337,0,0,0,0,1
2020-08-24,US,Michigan,Gogebic,143,1,0,46.40862701,-89.69377193,26053.0,1023.2558139534883,0.6993006993006993,142,143,1,0,142,141,15096,0,0,0,0,2
2020-08-24,US,Michigan,Grand Traverse,283,5,0,44.69565625,-85.55585247,26055.0,304.01340666895834,1.7667844522968197,278,280,5,0,275,276,92573,3,0,0,3,4
2020-08-24,US,Michigan,Gratiot,177,15,0,43.29265605,-84.60505416,26057.0,434.7719289626882,8.474576271186441,162,173,15,0,158,171,40599,4,0,0,4,2
2020-08-24,US,Michigan,Hillsdale,294,25,0,41.88753639,-84.59312019,26059.0,644.6661550268611,8.503401360544219,269,290,25,0,265,288,45749,4,0,0,4,2
2020-08-24,US,Michigan,Houghton,59,0,0,46.89988536,-88.68495385,26061.0,165.3402084968053,0.0,59,58,0,0,58,57,36219,1,0,0,1,1
2020-08-24,US,Michigan,Huron,194,4,0,43.83353985,-83.04078453,26063.0,626.1902456344211,2.061855670103093,190,193,4,0,189,189,31166,1,0,0,1,4
2020-08-24,US,Michigan,Ingham,1705,36,0,42.59716886,-84.37472069,26065.0,583.0933701770825,2.1114369501466275,1669,1691,36,0,1655,1679,292735,14,0,0,14,12
2020-08-24,US,Michigan,Ionia,287,7,0,42.94502238,-85.07413319,26067.0,443.6063495988996,2.4390243902439024,280,283,7,0,276,281,64210,4,0,0,4,2
2020-08-24,US,Michigan,Iosco,140,12,0,44.35486835,-83.63484895,26069.0,557.1695785410117,8.571428571428571,128,140,12,0,128,140,25081,0,0,0,0,0
2020-08-24,US,Michigan,Iron,25,1,0,46.20974132,-88.53136251,26071.0,225.9172239291524,4.0,24,25,1,0,24,25,11117,0,0,0,0,0
2020-08-24,US,Michigan,Isabella,337,9,0,43.64060976,-84.84664923,26073.0,482.3105106480422,2.6706231454005933,328,324,9,0,315,298,70562,13,0,0,13,26
2020-08-24,US,Michigan,Jackson,773,37,0,42.24807035,-84.42258681,26075.0,487.66639328748977,4.786545924967658,736,771,37,0,734,769,158823,2,0,0,2,2
2020-08-24,US,Michigan,Kalamazoo,1844,86,0,42.24542231,-85.53038622,26077.0,695.6757939532042,4.663774403470716,1758,1828,86,0,1742,1809,264870,16,0,0,16,19
2020-08-24,US,Michigan,Kalkaska,61,4,0,44.68512729,-85.09085699,26079.0,338.1749639649628,6.557377049180328,57,61,4,0,57,59,17824,0,0,0,0,2
2020-08-24,US,Michigan,Kent,8113,160,0,43.03197711,-85.54934642,26081.0,1234.9399882792582,1.9721434734376928,7953,8049,160,0,7889,7993,653786,64,0,0,64,56
2020-08-24,US,Michigan,Keweenaw,3,0,0,47.63197653,-88.41434263,26083.0,141.77693761814746,0.0,3,2,0,0,2,2,2113,1,0,0,1,0
2020-08-24,US,Michigan,Lake,29,0,0,43.99050893,-85.802173,26085.0,244.6637981945499,0.0,29,29,0,0,29,29,11881,0,0,0,0,0
2020-08-24,US,Michigan,Lapeer,521,35,0,43.09052506,-83.22153148,26087.0,594.7013366511809,6.7178502879078685,486,515,35,0,480,512,88028,6,0,0,6,3
2020-08-24,US,Michigan,Leelanau,84,0,0,44.94430054,-85.80150326,26089.0,386.0116722577088,0.0,84,83,0,0,83,83,21764,1,0,0,1,0
2020-08-24,US,Michigan,Lenawee,506,13,0,41.89475156,-84.06603727,26091.0,513.9612599161004,2.569169960474308,493,495,13,0,482,488,98266,11,0,0,11,7
2020-08-24,US,Michigan,Livingston,1021,29,0,42.60302282,-83.91297209,26093.0,531.7846818927576,2.840352595494613,992,1005,29,0,976,997,191224,16,0,0,16,8
2020-08-24,US,Michigan,Luce,4,0,0,46.47227431,-85.54471223,26095.0,64.21576497030021,0.0,4,4,0,0,4,4,6283,0,0,0,0,0
2020-08-24,US,Michigan,Mackinac,33,0,0,46.07028979,-85.04980537,26097.0,305.5838503565145,0.0,33,31,0,0,31,31,10787,2,0,0,2,0
2020-08-24,US,Michigan,Macomb,12154,958,0,42.69158356,-82.92752801,26099.0,1390.6624010837875,7.88217870659865,11196,12016,958,0,11058,11879,874759,138,0,0,138,137
2020-08-24,US,Michigan,Manistee,46,1,0,44.33352407,-86.05626916,26101.0,187.31167033146028,2.1739130434782608,45,46,1,0,45,45,24528,0,0,0,0,1
2020-08-24,US,Michigan,Marquette,233,11,0,46.4338914,-87.64043701,26103.0,349.3305746712844,4.721030042918455,222,230,11,0,219,230,66516,3,0,0,3,0
2020-08-24,US,Michigan,Mason,113,0,0,43.99509218,-86.24988902,26105.0,387.7298929453747,0.0,113,112,0,0,112,109,29100,1,0,0,1,3
2020-08-24,US,Michigan,Mecosta,80,2,0,43.64064262,-85.32463223,26107.0,184.10696614733158,2.5,78,78,2,0,76,76,43545,2,0,0,2,2
2020-08-24,US,Michigan,Menominee,229,0,0,45.58038692,-87.55370409,26109.0,1005.2677787532924,0.0,229,223,0,0,223,222,22983,6,0,0,6,1
2020-08-24,US,Michigan,Michigan Department of Corrections (MDOC),4963,70,0,0.0,0.0,0.0,0.0,1.4104372355430184,4893,4907,70,0,4837,4906,,56,0,0,56,1
2020-08-24,US,Michigan,Midland,385,10,0,43.64330771,-84.38804374,26111.0,462.98523257491945,2.5974025974025974,375,380,10,0,370,380,83209,5,0,0,5,0
2020-08-24,US,Michigan,Missaukee,43,1,0,44.33772443,-85.09256478,26113.0,284.4291572959386,2.3255813953488373,42,43,1,0,42,42,15113,0,0,0,0,1
2020-08-24,US,Michigan,Monroe,1198,26,0,41.92734151,-83.53749864,26115.0,796.0132890365448,2.1702838063439067,1172,1184,26,0,1158,1170,150439,14,0,0,14,14
2020-08-24,US,Michigan,Montcalm,211,3,0,43.31082541,-85.15252824,26117.0,330.26546456298524,1.4218009478672986,208,211,3,0,208,210,63968,0,0,0,0,1
2020-08-24,US,Michigan,Montmorency,12,0,0,45.0275929,-84.12696227,26119.0,128.6449399656947,0.0,12,12,0,0,12,12,9265,0,0,0,0,0
2020-08-24,US,Michigan,Muskegon,1289,63,0,43.29123859,-86.15176712,26121.0,742.6569719876013,4.887509697439876,1226,1275,63,0,1212,1269,173588,14,0,0,14,6
2020-08-24,US,Michigan,Newaygo,284,0,0,43.554373999999996,-85.80070107,26123.0,579.8285014291547,0.0,284,283,0,0,283,277,48892,1,0,0,1,6
2020-08-24,US,Michigan,Oakland,17358,1152,0,42.66090111,-83.38595416,26125.0,1380.2656522347613,6.636709298306258,16206,17225,1152,0,16073,17106,1259201,133,0,0,133,119
2020-08-24,US,Michigan,Oceana,496,6,0,43.64124435,-86.26726673,26127.0,1874.0318132013447,1.2096774193548387,490,495,6,0,489,495,26625,1,0,0,1,0
2020-08-24,US,Michigan,Ogemaw,55,3,0,44.33481032,-84.12725175,26129.0,261.9421822165071,5.454545454545454,52,54,3,0,51,54,20952,1,0,0,1,0
2020-08-24,US,Michigan,Ontonagon,33,0,0,46.665226200000006,-89.31390481,26131.0,576.9230769230769,0.0,33,32,0,0,32,32,5795,1,0,0,1,0
2020-08-24,US,Michigan,Osceola,74,0,0,43.98992088,-85.32566756,26133.0,315.4305200341006,0.0,74,74,0,0,74,73,23341,0,0,0,0,1
2020-08-24,US,Michigan,Oscoda,29,1,0,44.68192279,-84.12939244,26135.0,351.8990413784735,3.4482758620689653,28,29,1,0,28,29,8276,0,0,0,0,0
2020-08-24,US,Michigan,Otsego,138,11,0,45.02085831,-84.59898295,26137.0,559.4292200421598,7.971014492753622,127,137,11,0,126,137,24665,1,0,0,1,0
2020-08-24,US,Michigan,Ottawa,2002,63,0,42.95996803,-85.9969107,26139.0,686.0158311345648,3.1468531468531467,1939,1994,63,0,1931,1977,290494,8,0,0,8,17
2020-08-24,US,Michigan,Out of MI,106,0,0,0.0,0.0,80026.0,0.0,0.0,106,96,0,0,96,93,,10,0,0,10,3
2020-08-24,US,Michigan,Presque Isle,21,1,0,45.34018577,-83.91498656,26141.0,166.77255400254128,4.761904761904762,20,21,1,0,20,21,12738,0,0,0,0,0
2020-08-24,US,Michigan,Roscommon,71,4,0,44.33473082,-84.61067651,26143.0,295.5993172072109,5.633802816901407,67,70,4,0,66,64,23884,1,0,0,1,6
2020-08-24,US,Michigan,Saginaw,2387,130,0,43.33433923,-84.05131209999998,26145.0,1252.7619017628938,5.4461667364893165,2257,2358,130,0,2228,2341,190800,29,0,0,29,17
2020-08-24,US,Michigan,Sanilac,117,6,0,43.42406072,-82.82055898,26151.0,284.187515180957,5.128205128205129,111,116,6,0,110,116,41182,1,0,0,1,0
2020-08-24,US,Michigan,Schoolcraft,15,0,0,46.19235734,-86.19972234,26153.0,185.32246108228318,0.0,15,15,0,0,15,15,8068,0,0,0,0,0
2020-08-24,US,Michigan,Shiawassee,387,29,0,42.95392800000001,-84.14585902,26155.0,568.0984116731746,7.493540051679586,358,379,29,0,350,378,68192,8,0,0,8,1
2020-08-24,US,Michigan,St. Clair,883,53,0,42.92655373,-82.67937954,26147.0,554.8992006435071,6.0022650056625135,830,877,53,0,824,873,159337,6,0,0,6,4
2020-08-24,US,Michigan,St. Joseph,667,11,0,41.91441767,-85.52797979,26149.0,1094.0883144150646,1.6491754122938531,656,661,11,0,650,657,61043,6,0,0,6,4
2020-08-24,US,Michigan,Tuscola,422,29,0,43.46606813,-83.41897025,26157.0,807.7327973968802,6.872037914691943,393,417,29,0,388,415,52516,5,0,0,5,2
2020-08-24,US,Michigan,Unassigned,15,0,0,0.0,0.0,90026.0,0.0,0.0,15,24,0,0,24,6,,-9,0,0,-9,18
2020-08-24,US,Michigan,Van Buren,579,14,0,42.25190229,-86.01939087,26159.0,765.093753716453,2.4179620034542317,565,576,14,0,562,563,75448,3,0,0,3,13
2020-08-24,US,Michigan,Washtenaw,2787,115,0,42.253105,-83.83853204,26161.0,758.1589821572848,4.126300681736635,2672,2766,115,0,2651,2754,370963,21,0,0,21,12
2020-08-24,US,Michigan,Wayne,30166,2860,0,42.28098405,-83.281255,26163.0,1724.4188246673182,9.480872505469732,27306,30013,2857,0,27156,29854,1753893,153,3,0,150,159
2020-08-24,US,Michigan,Wexford,88,4,0,44.33853602,-85.57712739,26165.0,261.66334631738573,4.545454545454546,84,84,4,0,80,83,33466,4,0,0,4,1
2020-08-24,US,Minnesota,Aitkin,45,1,0,46.60962049,-93.41168259999999,27001.0,283.2682865416091,2.2222222222222223,44,45,1,0,44,45,15902,0,0,0,0,0
2020-08-24,US,Minnesota,Anoka,4386,117,0,45.27476015,-93.24604565,27003.0,1228.8433574936748,2.6675786593707254,4269,4329,117,0,4212,4279,353813,57,0,0,57,50
2020-08-24,US,Minnesota,Becker,178,1,0,46.93479392,-95.67158144,27005.0,517.0961275891119,0.5617977528089888,177,176,1,0,175,175,34371,2,0,0,2,1
2020-08-24,US,Minnesota,Beltrami,296,1,0,47.97373527,-94.93732139,27007.0,627.2781215563277,0.33783783783783783,295,292,1,0,291,291,46847,4,0,0,4,1
2020-08-24,US,Minnesota,Benton,354,3,0,45.69804958,-93.99514135,27009.0,865.7585169605518,0.8474576271186439,351,352,3,0,349,350,40545,2,0,0,2,2
2020-08-24,US,Minnesota,Big Stone,31,0,0,45.42712824,-96.41403739,27011.0,621.1180124223603,0.0,31,31,0,0,31,30,4989,0,0,0,0,1
2020-08-24,US,Minnesota,Blue Earth,1057,5,0,44.03554215,-94.06699781,27013.0,1562.3845210116324,0.4730368968779565,1052,1052,5,0,1047,1047,67427,5,0,0,5,5
2020-08-24,US,Minnesota,Brown,110,2,0,44.24205652,-94.72562874,27015.0,439.8592450415867,1.818181818181818,108,109,2,0,107,106,25111,1,0,0,1,3
2020-08-24,US,Minnesota,Carlton,171,1,0,46.59180601,-92.67601019,27017.0,476.7082043990968,0.5847953216374269,170,169,1,0,168,166,35837,2,0,0,2,3
2020-08-24,US,Minnesota,Carver,1040,4,0,44.82017001,-93.80099179999999,27019.0,989.6373550038536,0.38461538461538464,1036,1028,4,0,1024,1014,103551,12,0,0,12,14
2020-08-24,US,Minnesota,Cass,92,3,0,46.95043611,-94.32603968,27021.0,308.9425434030693,3.260869565217391,89,89,3,0,86,89,29519,3,0,0,3,0
2020-08-24,US,Minnesota,Chippewa,129,1,0,45.02343421,-95.56403693,27023.0,1093.2203389830506,0.7751937984496124,128,129,1,0,128,128,11924,0,0,0,0,1
2020-08-24,US,Minnesota,Chisago,277,1,0,45.5021011,-92.90861945,27025.0,489.580939924707,0.36101083032490977,276,269,1,0,268,256,55922,8,0,0,8,13
2020-08-24,US,Minnesota,Clay,830,40,0,46.89289518,-96.48761922,27027.0,1292.3920151972845,4.819277108433735,790,828,40,0,788,819,63955,2,0,0,2,9
2020-08-24,US,Minnesota,Clearwater,17,0,0,47.57992111,-95.37790562,27029.0,192.78748015423,0.0,17,17,0,0,17,17,8810,0,0,0,0,0
2020-08-24,US,Minnesota,Cook,6,0,0,47.90504893,-90.52629546,27031.0,109.82976386600771,0.0,6,6,0,0,6,6,5393,0,0,0,0,0
2020-08-24,US,Minnesota,Cottonwood,194,0,0,44.00715262,-95.18138802,27033.0,1732.7617006073597,0.0,194,194,0,0,194,194,11277,0,0,0,0,0
2020-08-24,US,Minnesota,Crow Wing,290,16,0,46.48096553,-94.06755609,27035.0,445.7766505264777,5.517241379310344,274,287,16,0,271,285,64889,3,0,0,3,2
2020-08-24,US,Minnesota,Dakota,5337,110,0,44.67172617,-93.06299363,27037.0,1243.9950491933962,2.061083005433764,5227,5260,110,0,5150,5191,425423,77,0,0,77,69
2020-08-24,US,Minnesota,Dodge,148,0,0,44.02238415,-92.86244324,27039.0,706.983854017388,0.0,148,146,0,0,146,145,20822,2,0,0,2,1
2020-08-24,US,Minnesota,Douglas,147,1,0,45.93348491,-95.45335469,27041.0,385.4120238064026,0.6802721088435374,146,148,1,0,147,146,37964,-1,0,0,-1,2
2020-08-24,US,Minnesota,Faribault,108,0,0,43.67381499,-93.94787458,27043.0,791.0349373764008,0.0,108,107,0,0,107,101,13758,1,0,0,1,6
2020-08-24,US,Minnesota,Fillmore,80,0,0,43.67394126,-92.08980382,27045.0,379.74082688565056,0.0,80,80,0,0,80,78,21058,0,0,0,0,2
2020-08-24,US,Minnesota,Freeborn,389,1,0,43.67385583,-93.34884422,27047.0,1284.6339288662855,0.2570694087403599,388,387,1,0,386,386,30444,2,0,0,2,1
2020-08-24,US,Minnesota,Goodhue,241,9,0,44.40849741,-92.72341949999999,27049.0,520.0690548122573,3.734439834024896,232,238,9,0,229,238,46403,3,0,0,3,0
2020-08-24,US,Minnesota,Grant,55,4,0,45.93424769,-96.01139609,27051.0,920.9645010046886,7.272727272727272,51,55,4,0,51,55,6021,0,0,0,0,0
2020-08-24,US,Minnesota,Hennepin,21846,867,0,45.00761521,-93.47694895,27053.0,1725.8064388711712,3.968689920351552,20979,21670,866,0,20804,21466,1259428,176,1,0,175,204
2020-08-24,US,Minnesota,Houston,65,0,0,43.67129565,-91.49143057,27055.0,349.46236559139777,0.0,65,65,0,0,65,65,18578,0,0,0,0,0
2020-08-24,US,Minnesota,Hubbard,42,0,0,47.10778564,-94.91693868,27057.0,195.4306453864409,0.0,42,41,0,0,41,41,21332,1,0,0,1,0
2020-08-24,US,Minnesota,Isanti,166,0,0,45.56181234,-93.29487636,27059.0,408.907281505567,0.0,166,163,0,0,163,161,39966,3,0,0,3,2
2020-08-24,US,Minnesota,Itasca,166,12,0,47.51009045,-93.63092229,27061.0,367.82627963660536,7.2289156626506035,154,163,12,0,151,161,45108,3,0,0,3,2
2020-08-24,US,Minnesota,Jackson,91,0,0,43.67423373,-95.15398258,27063.0,924.2331911436116,0.0,91,90,0,0,90,89,9911,1,0,0,1,1
2020-08-24,US,Minnesota,Kanabec,62,4,0,45.9459309,-93.29275192,27065.0,379.5066413662239,6.451612903225807,58,52,4,0,48,52,16207,10,0,0,10,0
2020-08-24,US,Minnesota,Kandiyohi,779,1,0,45.1526059,-95.00586446,27067.0,1803.2824833908194,0.12836970474967907,778,771,1,0,770,766,42855,8,0,0,8,5
2020-08-24,US,Minnesota,Kittson,3,0,0,48.77754106,-96.78317184,27069.0,69.79990693345742,0.0,3,3,0,0,3,3,4248,0,0,0,0,0
2020-08-24,US,Minnesota,Koochiching,85,3,0,48.24539665,-93.78352843,27071.0,695.0690980456293,3.5294117647058822,82,85,3,0,82,85,12440,0,0,0,0,0
2020-08-24,US,Minnesota,Lac qui Parle,13,0,0,44.9973857,-96.17488219,27073.0,196.2856711460064,0.0,13,12,0,0,12,11,6658,1,0,0,1,1
2020-08-24,US,Minnesota,Lake,27,0,0,47.64270764,-91.44557998,27075.0,253.73555117000282,0.0,27,27,0,0,27,27,10658,0,0,0,0,0
2020-08-24,US,Minnesota,Lake of the Woods,7,0,0,48.77217001,-94.90274472,27077.0,187.16577540106945,0.0,7,7,0,0,7,7,3758,0,0,0,0,0
2020-08-24,US,Minnesota,Le Sueur,326,2,0,44.37136597,-93.72844721,27079.0,1128.5353273098626,0.6134969325153374,324,316,2,0,314,311,28494,10,0,0,10,5
2020-08-24,US,Minnesota,Lincoln,63,0,0,44.41311883,-96.26688165,27081.0,1117.2193651356624,0.0,63,63,0,0,63,62,5673,0,0,0,0,1
2020-08-24,US,Minnesota,Lyon,445,3,0,44.41327865,-95.83806103,27083.0,1746.8791709193688,0.6741573033707865,442,443,3,0,440,442,25629,2,0,0,2,1
2020-08-24,US,Minnesota,Mahnomen,32,1,0,47.32557075,-95.80921485,27087.0,578.975936312647,3.125,31,32,1,0,31,32,5519,0,0,0,0,0
2020-08-24,US,Minnesota,Marshall,31,0,0,48.35825983,-96.37017407,27089.0,332.0479862896315,0.0,31,31,0,0,31,31,9390,0,0,0,0,0
2020-08-24,US,Minnesota,Martin,219,6,0,43.67429718,-94.55099908,27091.0,1112.63526901387,2.7397260273972597,213,219,6,0,213,217,19785,0,0,0,0,2
2020-08-24,US,Minnesota,McLeod,307,1,0,44.82367677,-94.27287017,27085.0,855.3199788259549,0.3257328990228013,306,300,1,0,299,296,35873,7,0,0,7,4
2020-08-24,US,Minnesota,Meeker,94,2,0,45.12328869,-94.52839455,27093.0,404.7885625699768,2.127659574468085,92,93,2,0,91,93,23141,1,0,0,1,0
2020-08-24,US,Minnesota,Mille Lacs,87,3,0,45.93705297,-93.63236823,27095.0,331.08802374700315,3.4482758620689653,84,85,3,0,82,83,26139,2,0,0,2,2
2020-08-24,US,Minnesota,Morrison,108,1,0,46.01265363,-94.27341528,27097.0,323.48888755765887,0.925925925925926,107,108,1,0,107,107,33169,0,0,0,0,1
2020-08-24,US,Minnesota,Mower,1162,3,0,43.67142874,-92.75234549,27099.0,2900.504218461385,0.2581755593803787,1159,1158,3,0,1155,1148,40011,4,0,0,4,10
2020-08-24,US,Minnesota,Murray,137,1,0,44.02216709,-95.76328482,27101.0,1671.9550890895775,0.7299270072992701,136,136,1,0,135,135,8276,1,0,0,1,1
2020-08-24,US,Minnesota,Nicollet,412,14,0,44.35291112,-94.24710352,27103.0,1202.0773764369494,3.3980582524271843,398,408,14,0,394,404,34220,4,0,0,4,4
2020-08-24,US,Minnesota,Nobles,1827,11,0,43.67434621,-95.75329576,27105.0,8446.992463821722,0.60207991242474,1816,1823,11,0,1812,1822,21924,4,0,0,4,1
2020-08-24,US,Minnesota,Norman,45,0,0,47.32628443,-96.45620947,27107.0,705.8823529411765,0.0,45,45,0,0,45,45,6475,0,0,0,0,0
2020-08-24,US,Minnesota,Olmsted,1919,24,0,44.00374114,-92.40209944,27109.0,1212.308819720392,1.2506513809275663,1895,1915,24,0,1891,1907,156277,4,0,0,4,8
2020-08-24,US,Minnesota,Otter Tail,245,4,0,46.40846929,-95.70835255,27111.0,417.04967146699346,1.6326530612244898,241,242,4,0,238,240,58812,3,0,0,3,2
2020-08-24,US,Minnesota,Pennington,76,1,0,48.06642577,-96.0370814,27113.0,538.2817479991502,1.3157894736842106,75,76,1,0,75,74,14178,0,0,0,0,2
2020-08-24,US,Minnesota,Pine,139,0,0,46.12105238,-92.74070188,27115.0,469.9279894519761,0.0,139,138,0,0,138,138,29483,1,0,0,1,0
2020-08-24,US,Minnesota,Pipestone,174,9,0,44.02301619,-96.25841142,27117.0,1906.6403681788297,5.172413793103448,165,173,9,0,164,172,9047,1,0,0,1,1
2020-08-24,US,Minnesota,Polk,179,4,0,47.77372465,-96.40134647,27119.0,570.7180206606299,2.23463687150838,175,179,4,0,175,178,31529,0,0,0,0,1
2020-08-24,US,Minnesota,Pope,58,0,0,45.58606667,-95.44451209,27121.0,515.6013867899369,0.0,58,57,0,0,57,56,11097,1,0,0,1,1
2020-08-24,US,Minnesota,Ramsey,8678,286,0,45.01625271,-93.09872295,27123.0,1576.8978468929956,3.2956902512099564,8392,8594,285,0,8309,8493,550210,84,1,0,83,101
2020-08-24,US,Minnesota,Red Lake,28,0,0,47.87197525,-96.09561104,27125.0,690.5055487053021,0.0,28,28,0,0,28,28,3999,0,0,0,0,0
2020-08-24,US,Minnesota,Redwood,47,0,0,44.40555844,-95.25207021,27127.0,309.8220171390903,0.0,47,46,0,0,46,46,15249,1,0,0,1,0
2020-08-24,US,Minnesota,Renville,72,6,0,44.72836381,-94.94553734,27129.0,494.9133901567226,8.333333333333334,66,72,6,0,66,71,14612,0,0,0,0,1
2020-08-24,US,Minnesota,Rice,1147,8,0,44.3543376,-93.29658715,27131.0,1712.65603535806,0.6974716652136007,1139,1120,8,0,1112,1116,66523,27,0,0,27,4
2020-08-24,US,Minnesota,Rock,99,0,0,43.67482683,-96.25296832,27133.0,1062.8019323671497,0.0,99,98,0,0,98,96,9414,1,0,0,1,2
2020-08-24,US,Minnesota,Roseau,64,0,0,48.77501878,-95.81079919,27135.0,422.0243982855259,0.0,64,63,0,0,63,63,15150,1,0,0,1,0
2020-08-24,US,Minnesota,Scott,1859,28,0,44.6490231,-93.53340251,27139.0,1247.5421607510755,1.5061861215707368,1831,1844,27,0,1817,1819,147381,15,1,0,14,25
2020-08-24,US,Minnesota,Sherburne,835,12,0,45.44447208,-93.77617511,27141.0,858.7177852279973,1.4371257485029942,823,826,12,0,814,821,96036,9,0,0,9,5
2020-08-24,US,Minnesota,Sibley,116,2,0,44.5796592,-94.23164924,27143.0,780.3565422132525,1.7241379310344829,114,112,2,0,110,105,15028,4,0,0,4,7
2020-08-24,US,Minnesota,St. Louis,768,22,0,47.604840700000004,-92.46879855,27137.0,385.7939418295072,2.864583333333333,746,748,22,0,726,741,199754,20,0,0,20,7
2020-08-24,US,Minnesota,Stearns,3106,21,0,45.55192576,-94.61078221,27145.0,1928.2942728542605,0.6761107533805538,3085,3085,21,0,3064,3071,159256,21,0,0,21,14
2020-08-24,US,Minnesota,Steele,399,2,0,44.02240351,-93.22627088,27147.0,1088.7063767087782,0.5012531328320802,397,394,2,0,392,389,36803,5,0,0,5,5
2020-08-24,US,Minnesota,Stevens,28,0,0,45.58613007,-96.00163705,27149.0,285.5685874553799,0.0,28,25,0,0,25,25,9753,3,0,0,3,0
2020-08-24,US,Minnesota,Swift,60,1,0,45.2829032,-95.68264092,27151.0,647.5285991797971,1.6666666666666667,59,59,1,0,58,58,9345,1,0,0,1,1
2020-08-24,US,Minnesota,Todd,443,2,0,46.06996226,-94.89785296,27153.0,1796.1401232565686,0.4514672686230248,441,442,2,0,440,441,24582,1,0,0,1,1
2020-08-24,US,Minnesota,Traverse,21,0,0,45.77298854,-96.47062949,27155.0,644.3694384780607,0.0,21,21,0,0,21,21,3308,0,0,0,0,0
2020-08-24,US,Minnesota,Unassigned,127,46,0,0.0,0.0,90027.0,0.0,36.22047244094488,81,123,46,0,77,120,,4,0,0,4,3
2020-08-24,US,Minnesota,Wabasha,111,0,0,44.28424356,-92.23121312,27157.0,513.2473297267305,0.0,111,109,0,0,109,107,21645,2,0,0,2,2
2020-08-24,US,Minnesota,Wadena,44,0,0,46.58589171,-94.96968506,27159.0,321.590410758661,0.0,44,41,0,0,41,38,13773,3,0,0,3,3
2020-08-24,US,Minnesota,Waseca,219,2,0,44.02211116,-93.58720034,27161.0,1176.6602192134108,0.9132420091324199,217,212,1,0,211,207,18691,7,1,0,6,5
2020-08-24,US,Minnesota,Washington,2663,51,0,45.03864533,-92.88429635,27163.0,1014.7081237616216,1.9151333082989108,2612,2618,51,0,2567,2568,259201,45,0,0,45,50
2020-08-24,US,Minnesota,Watonwan,404,3,0,43.97823903,-94.61413846,27165.0,3707.442415343673,0.7425742574257426,401,403,3,0,400,400,10980,1,0,0,1,3
2020-08-24,US,Minnesota,Wilkin,45,3,0,46.35721532,-96.4684375,27167.0,724.9879168680523,6.666666666666668,42,45,3,0,42,43,6254,0,0,0,0,2
2020-08-24,US,Minnesota,Winona,302,17,0,43.98772283,-91.78081305,27169.0,598.2093336502653,5.629139072847681,285,298,17,0,281,296,50825,4,0,0,4,2
2020-08-24,US,Minnesota,Wright,1102,6,0,45.17297924,-93.96234781,27171.0,796.3751201427983,0.5444646098003629,1096,1085,6,0,1079,1060,136349,17,0,0,17,25
2020-08-24,US,Minnesota,Yellow Medicine,66,1,0,44.71710183,-95.86842453,27173.0,679.7816458955608,1.5151515151515151,65,61,1,0,60,60,9795,5,0,0,5,1
2020-08-24,US,Mississippi,Adams,739,28,0,31.47669768,-91.35326037,28001.0,2407.715114195419,3.7889039242219216,711,731,28,0,703,706,31192,8,0,0,8,25
2020-08-24,US,Mississippi,Alcorn,526,6,0,34.88084463,-88.57996173,28003.0,1423.4297621302735,1.1406844106463878,520,512,6,0,506,506,36925,14,0,0,14,6
2020-08-24,US,Mississippi,Amite,262,6,0,31.17467303,-90.80501621,28005.0,2130.600959583638,2.2900763358778624,256,262,6,0,256,259,12326,0,0,0,0,3
2020-08-24,US,Mississippi,Attala,571,25,0,33.08658803,-89.57838564,28007.0,3141.8509959282487,4.3782837127845875,546,571,25,0,546,570,18365,0,0,0,0,1
2020-08-24,US,Mississippi,Benton,195,1,0,34.81681228,-89.18945516,28009.0,2361.060661096985,0.5128205128205128,194,196,1,0,195,184,8271,-1,0,0,-1,12
2020-08-24,US,Mississippi,Bolivar,1351,42,0,33.79696941,-90.87372121,28011.0,4410.99647381481,3.1088082901554404,1309,1342,42,0,1300,1333,31333,9,0,0,9,9
2020-08-24,US,Mississippi,Calhoun,451,9,0,33.93683395,-89.33686647,28013.0,3140.449829399067,1.9955654101995568,442,450,9,0,441,447,14436,1,0,0,1,3
2020-08-24,US,Mississippi,Carroll,284,11,0,33.44834567,-89.91994479,28015.0,2855.1322006635164,3.8732394366197194,273,285,11,0,274,283,9911,-1,0,0,-1,2
2020-08-24,US,Mississippi,Chickasaw,562,20,0,33.91983202,-88.9481545,28017.0,3285.9732210723273,3.5587188612099645,542,553,20,0,533,547,17171,9,0,0,9,6
2020-08-24,US,Mississippi,Choctaw,151,4,0,33.34598242,-89.24809382,28019.0,1839.2204628501831,2.6490066225165565,147,150,4,0,146,149,8278,1,0,0,1,1
2020-08-24,US,Mississippi,Claiborne,426,15,0,31.97061673,-90.90702196,28021.0,4739.652870493992,3.5211267605633805,411,420,15,0,405,421,9002,6,0,0,6,-1
2020-08-24,US,Mississippi,Clarke,416,28,0,32.04158545,-88.68896219999998,28023.0,2676.790425326556,6.730769230769232,388,414,28,0,386,410,15604,2,0,0,2,4
2020-08-24,US,Mississippi,Clay,449,14,0,33.65358105,-88.77784255,28025.0,2324.4978256367776,3.11804008908686,435,446,14,0,432,445,19386,3,0,0,3,1
2020-08-24,US,Mississippi,Coahoma,910,14,0,34.22772299,-90.60415045,28027.0,4113.180256734768,1.5384615384615383,896,903,14,0,889,899,22628,7,0,0,7,4
2020-08-24,US,Mississippi,Copiah,1038,30,0,31.86977774,-90.44565118,28029.0,3698.556921432389,2.8901734104046244,1008,1031,30,0,1001,1012,28543,7,0,0,7,19
2020-08-24,US,Mississippi,Covington,702,17,0,31.63225413,-89.55389939,28031.0,3766.902768834514,2.421652421652422,685,697,17,0,680,693,18853,5,0,0,5,4
2020-08-24,US,Mississippi,DeSoto,4320,38,0,34.87625235,-89.99091418,28033.0,2335.829570953527,0.8796296296296297,4282,4279,38,0,4241,4238,182001,41,0,0,41,41
2020-08-24,US,Mississippi,Forrest,2047,61,0,31.18961454,-89.25832496,28035.0,2733.0867725009007,2.9799706888128967,1986,2035,60,0,1975,2002,75036,12,1,0,11,33
2020-08-24,US,Mississippi,Franklin,170,3,0,31.47786634,-90.89672989,28037.0,2204.0710488785166,1.7647058823529411,167,168,3,0,165,164,7788,2,0,0,2,4
2020-08-24,US,Mississippi,George,672,12,0,30.86259065,-88.64436789,28039.0,2742.857142857143,1.7857142857142858,660,669,12,0,657,667,24250,3,0,0,3,2
2020-08-24,US,Mississippi,Greene,282,14,0,31.21444233,-88.63922281,28041.0,2075.666126895333,4.964539007092198,268,282,14,0,268,282,13586,0,0,0,0,0
2020-08-24,US,Mississippi,Grenada,902,28,0,33.77036166,-89.80245083,28043.0,4345.312650544369,3.1042128603104215,874,901,28,0,873,899,21055,1,0,0,1,2
2020-08-24,US,Mississippi,Hancock,457,18,0,30.41830223,-89.48851033,28045.0,959.4390325831372,3.938730853391685,439,454,18,0,436,450,47334,3,0,0,3,4
2020-08-24,US,Mississippi,Harrison,3061,46,0,30.51359752,-89.12467576,28047.0,1471.0688196847366,1.5027768703038222,3015,3040,46,0,2994,3012,206650,21,0,0,21,28
2020-08-24,US,Mississippi,Hinds,6292,132,0,32.2656285,-90.44435448,28049.0,2713.9406487232573,2.097902097902098,6160,6273,132,0,6141,6222,237085,19,0,0,19,51
2020-08-24,US,Mississippi,Holmes,1013,50,0,33.12345854,-90.08923538,28051.0,5955.3203997648425,4.935834155972358,963,1009,50,0,959,1003,17622,4,0,0,4,6
2020-08-24,US,Mississippi,Humphreys,328,12,0,33.12825718,-90.52252707,28053.0,4067.4603174603176,3.6585365853658534,316,328,12,0,316,326,8257,0,0,0,0,2
2020-08-24,US,Mississippi,Issaquena,94,2,0,32.72531359,-90.97392828,28055.0,7083.647324792766,2.127659574468085,92,94,2,0,92,93,1308,0,0,0,0,1
2020-08-24,US,Mississippi,Itawamba,483,14,0,34.27993475,-88.3606733,28057.0,2064.9850363403166,2.898550724637681,469,480,14,0,466,477,23517,3,0,0,3,3
2020-08-24,US,Mississippi,Jackson,2775,54,0,30.54020656,-88.64184064,28059.0,1932.2225084774088,1.945945945945946,2721,2753,54,0,2699,2720,143277,22,0,0,22,33
2020-08-24,US,Mississippi,Jasper,462,12,0,32.01922104,-89.11786866,28061.0,2819.996337667094,2.5974025974025974,450,461,12,0,449,457,16428,1,0,0,1,4
2020-08-24,US,Mississippi,Jefferson,211,8,0,31.73397872,-91.03764977,28063.0,3018.5979971387696,3.791469194312796,203,211,8,0,203,210,7106,0,0,0,0,1
2020-08-24,US,Mississippi,Jefferson Davis,271,7,0,31.56884708,-89.82670990000004,28065.0,2435.2983465132997,2.5830258302583027,264,268,7,0,261,269,11234,3,0,0,3,-1
2020-08-24,US,Mississippi,Jones,2080,69,0,31.62257767,-89.16896899999998,28067.0,3054.4215689153857,3.3173076923076925,2011,2073,69,0,2004,2057,68461,7,0,0,7,16
2020-08-24,US,Mississippi,Kemper,260,14,0,32.75462946,-88.64105766,28069.0,2668.8564976390885,5.384615384615384,246,258,14,0,244,257,10027,2,0,0,2,1
2020-08-24,US,Mississippi,Lafayette,1178,32,0,34.35687874,-89.48490961,28071.0,2180.714193154261,2.7164685908319184,1146,1162,30,0,1132,1152,54793,16,2,0,14,10
2020-08-24,US,Mississippi,Lamar,1360,24,0,31.20572971,-89.5077704,28073.0,2147.040714838261,1.7647058823529411,1336,1354,24,0,1330,1358,62447,6,0,0,6,-4
2020-08-24,US,Mississippi,Lauderdale,1634,102,0,32.40419769,-88.66229662,28075.0,2204.3844856661044,6.24235006119951,1532,1630,102,0,1528,1615,75317,4,0,0,4,15
2020-08-24,US,Mississippi,Lawrence,377,9,0,31.55147224,-90.10841127,28077.0,2995.391705069125,2.3872679045092844,368,377,9,0,368,373,12455,0,0,0,0,4
2020-08-24,US,Mississippi,Leake,862,27,0,32.7536828,-89.52402044,28079.0,3783.024664267533,3.132250580046404,835,861,27,0,834,836,22763,1,0,0,1,25
2020-08-24,US,Mississippi,Lee,2036,48,0,34.291877500000005,-88.68149954,28081.0,2383.070368462943,2.357563850687623,1988,1982,47,0,1935,1958,85202,54,1,0,53,24
2020-08-24,US,Mississippi,Leflore,1206,70,0,33.55545125,-90.29900733,28083.0,4279.175389419152,5.804311774461027,1136,1198,70,0,1128,1186,28919,8,0,0,8,12
2020-08-24,US,Mississippi,Lincoln,926,46,0,31.53288662,-90.45391915,28085.0,2711.328433812549,4.967602591792657,880,924,46,0,878,917,34205,2,0,0,2,7
2020-08-24,US,Mississippi,Lowndes,1227,47,0,33.47386518,-88.44191529999998,28087.0,2094.035327246352,3.830480847595762,1180,1215,47,0,1168,1208,58930,12,0,0,12,7
2020-08-24,US,Mississippi,Madison,2792,79,0,32.63389156,-90.03513564,28089.0,2627.220716651611,2.829512893982808,2713,2786,79,0,2707,2774,105630,6,0,0,6,12
2020-08-24,US,Mississippi,Marion,760,25,0,31.23132643,-89.8209217,28091.0,3092.825458836935,3.2894736842105265,735,756,25,0,731,750,24715,4,0,0,4,6
2020-08-24,US,Mississippi,Marshall,879,11,0,34.76216286,-89.50299462,28093.0,2490.508301694339,1.2514220705346986,868,866,11,0,855,876,35451,13,0,0,13,-10
2020-08-24,US,Mississippi,Monroe,974,56,0,33.89236763,-88.4808438,28095.0,2762.9638034721434,5.749486652977412,918,967,56,0,911,965,35564,7,0,0,7,2
2020-08-24,US,Mississippi,Montgomery,390,12,0,33.49419589,-89.61729103,28097.0,3989.769820971867,3.0769230769230766,378,391,12,0,379,390,10023,-1,0,0,-1,1
2020-08-24,US,Mississippi,Neshoba,1403,97,0,32.75339664,-89.11726492,28099.0,4818.325434439179,6.9137562366357805,1306,1384,97,0,1287,1370,29125,19,0,0,19,14
2020-08-24,US,Mississippi,Newton,627,13,0,32.40021118,-89.11843336,28101.0,2983.157293748216,2.073365231259968,614,625,13,0,612,620,21443,2,0,0,2,5
2020-08-24,US,Mississippi,Noxubee,510,13,0,33.11009499,-88.56949061,28103.0,4895.843333013344,2.5490196078431366,497,509,13,0,496,504,10535,1,0,0,1,5
2020-08-24,US,Mississippi,Oktibbeha,1304,46,0,33.42491685,-88.87905132,28105.0,2629.721499586585,3.5276073619631902,1258,1287,46,0,1241,1272,49599,17,0,0,17,15
2020-08-24,US,Mississippi,Panola,1248,21,0,34.36398677,-89.95064249,28107.0,3649.976602714085,1.6826923076923077,1227,1246,20,0,1226,1229,34178,2,1,0,1,17
2020-08-24,US,Mississippi,Pearl River,697,45,0,30.77090935,-89.58677275,28109.0,1255.0643738183128,6.456241032998565,652,682,45,0,637,672,55387,15,0,0,15,10
2020-08-24,US,Mississippi,Perry,284,9,0,31.17161885,-88.99281835,28111.0,2372.003674935271,3.1690140845070425,275,281,9,0,272,281,11931,3,0,0,3,0
2020-08-24,US,Mississippi,Pike,1073,40,0,31.17507789,-90.40392572,28113.0,2731.113826104663,3.727865796831314,1033,1070,39,0,1031,1069,39563,3,1,0,2,1
2020-08-24,US,Mississippi,Pontotoc,983,9,0,34.226046000000004,-89.03636807,28115.0,3055.262012805371,0.9155645981688708,974,977,9,0,968,967,31833,6,0,0,6,10
2020-08-24,US,Mississippi,Prentiss,557,12,0,34.61810501,-88.51986294,28117.0,2216.8271909575737,2.154398563734291,545,558,12,0,546,558,25315,-1,0,0,-1,0
2020-08-24,US,Mississippi,Quitman,303,2,0,34.25157572,-90.28908,28119.0,4461.1307420494695,0.6600660066006601,301,301,2,0,299,297,7051,2,0,0,2,4
2020-08-24,US,Mississippi,Rankin,2688,47,0,32.26469147,-89.94537876,28121.0,1731.1667986938965,1.7485119047619049,2641,2665,47,0,2618,2635,153902,23,0,0,23,30
2020-08-24,US,Mississippi,Scott,1069,21,0,32.406704100000006,-89.53789439,28123.0,3801.0240364101833,1.9644527595884005,1048,1069,21,0,1048,1072,28287,0,0,0,0,-3
2020-08-24,US,Mississippi,Sharkey,240,7,0,32.88149103,-90.81595379999999,28125.0,5554.269844943299,2.9166666666666665,233,239,7,0,232,233,4377,1,0,0,1,6
2020-08-24,US,Mississippi,Simpson,897,38,0,31.91282117,-89.91716179,28127.0,3364.8435741616026,4.23634336677815,859,894,38,0,856,893,26758,3,0,0,3,1
2020-08-24,US,Mississippi,Smith,454,13,0,32.01744532,-89.50644846,28129.0,2852.4754963558685,2.8634361233480177,441,454,13,0,441,451,16002,0,0,0,0,3
2020-08-24,US,Mississippi,Stone,290,9,0,30.79187949,-89.11547539,28131.0,1581.588132635253,3.103448275862069,281,284,9,0,275,280,18717,6,0,0,6,4
2020-08-24,US,Mississippi,Sunflower,1204,33,0,33.60192578,-90.58882684,28133.0,4794.902429311032,2.740863787375415,1171,1190,33,0,1157,1182,25735,14,0,0,14,8
2020-08-24,US,Mississippi,Tallahatchie,602,11,0,33.95339918,-90.1729398,28135.0,4359.475704250851,1.8272425249169435,591,600,11,0,589,599,13987,2,0,0,2,1
2020-08-24,US,Mississippi,Tate,833,31,0,34.65133709,-89.94485778,28137.0,2941.2803220225273,3.7214885954381747,802,832,31,0,801,826,28759,1,0,0,1,6
2020-08-24,US,Mississippi,Tippah,500,15,0,34.76872156,-88.90988194,28139.0,2271.178741766977,3.0,485,496,15,0,481,489,21995,4,0,0,4,7
2020-08-24,US,Mississippi,Tishomingo,511,18,0,34.74023475,-88.23917219,28141.0,2636.33080534489,3.522504892367906,493,504,18,0,486,504,19454,7,0,0,7,0
2020-08-24,US,Mississippi,Tunica,429,10,0,34.64967704,-90.37481167,28143.0,4453.90365448505,2.331002331002331,419,425,10,0,415,421,9944,4,0,0,4,4
2020-08-24,US,Mississippi,Union,826,20,0,34.49162015,-89.00776006,28145.0,2866.56255422523,2.4213075060532687,806,823,20,0,803,821,28606,3,0,0,3,2
2020-08-24,US,Mississippi,Walthall,548,24,0,31.14971548,-90.10446654,28147.0,3835.9232815343694,4.37956204379562,524,547,23,0,524,544,14465,1,1,0,0,3
2020-08-24,US,Mississippi,Warren,1248,41,0,32.35810271,-90.83352619,28149.0,2750.049580220797,3.28525641025641,1207,1245,41,0,1204,1242,46176,3,0,0,3,3
2020-08-24,US,Mississippi,Washington,1930,57,0,33.28392041,-90.94196237,28151.0,4395.454234894896,2.953367875647668,1873,1912,56,0,1856,1899,45063,18,1,0,17,13
2020-08-24,US,Mississippi,Wayne,833,21,0,31.64135687,-88.69573913,28153.0,4127.235792498637,2.5210084033613445,812,831,21,0,810,830,20298,2,0,0,2,1
2020-08-24,US,Mississippi,Webster,282,13,0,33.61300486,-89.28392912,28155.0,2910.5170812261326,4.609929078014185,269,282,13,0,269,280,9788,0,0,0,0,2
2020-08-24,US,Mississippi,Wilkinson,258,14,0,31.16078225,-91.31018819,28157.0,2989.571263035921,5.426356589147288,244,258,14,0,244,253,8792,0,0,0,0,5
2020-08-24,US,Mississippi,Winston,682,18,0,33.08747908,-89.03391385,28159.0,3798.384851016429,2.6392961876832843,664,681,18,0,663,678,18165,1,0,0,1,3
2020-08-24,US,Mississippi,Yalobusha,348,10,0,34.02824175,-89.70762049999998,28161.0,2874.132804757185,2.8735632183908044,338,347,10,0,337,344,12392,1,0,0,1,3
2020-08-24,US,Mississippi,Yazoo,930,18,0,32.77890365,-90.39656148,28163.0,3132.367800606265,1.935483870967742,912,928,18,0,910,926,28248,2,0,0,2,2
2020-08-24,US,Missouri,Adair,206,0,0,40.19058551,-92.60078167,29001.0,812.8477291559799,0.0,206,207,0,0,207,204,25339,-1,0,0,-1,3
2020-08-24,US,Missouri,Andrew,110,1,0,39.98492163,-94.80163024,29003.0,621.0478771454382,0.9090909090909092,109,107,1,0,106,107,17607,3,0,0,3,0
2020-08-24,US,Missouri,Atchison,20,0,0,40.43238737,-95.42970639,29005.0,388.8780867198133,0.0,20,22,0,0,22,22,5171,-2,0,0,-2,0
2020-08-24,US,Missouri,Audrain,244,1,0,39.215877,-91.84242683,29007.0,961.083976681897,0.4098360655737705,243,241,1,0,240,238,25473,3,0,0,3,3
2020-08-24,US,Missouri,Barry,323,4,0,36.70978521,-93.82919888,29009.0,902.5119450110367,1.238390092879257,319,322,4,0,318,322,35886,1,0,0,1,0
2020-08-24,US,Missouri,Barton,83,0,0,37.50207671,-94.34757022,29011.0,706.1425897566786,0.0,83,79,0,0,79,78,11798,4,0,0,4,1
2020-08-24,US,Missouri,Bates,61,1,0,38.25271289,-94.34113157,29013.0,377.19515211476624,1.639344262295082,60,60,1,0,59,60,16320,1,0,0,1,0
2020-08-24,US,Missouri,Benton,145,1,0,38.29503305,-93.28756116,29015.0,745.7696857480843,0.6896551724137931,144,144,1,0,143,141,19278,1,0,0,1,3
2020-08-24,US,Missouri,Bollinger,97,1,0,37.32449052,-90.02725304,29017.0,799.472512981126,1.0309278350515465,96,95,1,0,94,94,12169,2,0,0,2,1
2020-08-24,US,Missouri,Boone,1951,5,0,38.99186229,-92.30723575,29019.0,1081.1080387669492,0.25627883136852897,1946,1917,5,0,1912,1890,180005,34,0,0,34,27
2020-08-24,US,Missouri,Buchanan,1188,10,0,39.65816401,-94.80138942,29021.0,1359.8278467103155,0.8417508417508418,1178,1182,10,0,1172,1175,88571,6,0,0,6,7
2020-08-24,US,Missouri,Butler,354,2,0,36.71462476,-90.40421163,29023.0,833.3725693300063,0.5649717514124294,352,351,2,0,349,345,42639,3,0,0,3,6
2020-08-24,US,Missouri,Caldwell,40,1,0,39.65620858,-93.98308093,29025.0,443.4589800443459,2.5,39,39,1,0,38,39,9108,1,0,0,1,0
2020-08-24,US,Missouri,Callaway,259,2,0,38.83674754,-91.92186505,29027.0,578.8614978879377,0.7722007722007722,257,253,2,0,251,244,44889,6,0,0,6,9
2020-08-24,US,Missouri,Camden,455,8,0,38.02199522,-92.76083747,29029.0,982.6152683295539,1.7582417582417582,447,452,8,0,444,446,45815,3,0,0,3,6
2020-08-24,US,Missouri,Cape Girardeau,863,6,0,37.38489388,-89.6843587,29031.0,1094.1917815166537,0.6952491309385863,857,848,6,0,842,847,78753,15,0,0,15,1
2020-08-24,US,Missouri,Carroll,107,0,0,39.42762566,-93.50626255,29033.0,1232.8609286784192,0.0,107,107,0,0,107,107,8743,0,0,0,0,0
2020-08-24,US,Missouri,Carter,27,1,0,36.94160441,-90.96051322,29035.0,451.3540621865597,3.703703703703704,26,26,1,0,25,26,6054,1,0,0,1,0
2020-08-24,US,Missouri,Cass,971,9,0,38.64789422,-94.353399,29037.0,917.9429003592364,0.9268795056642636,962,961,9,0,952,948,104954,10,0,0,10,13
2020-08-24,US,Missouri,Cedar,46,0,0,37.72391475,-93.85445441,29039.0,320.5798313471322,0.0,46,45,0,0,45,45,14165,1,0,0,1,0
2020-08-24,US,Missouri,Chariton,22,0,0,39.51499357,-92.9629191,29041.0,296.25639644492327,0.0,22,22,0,0,22,22,7451,0,0,0,0,0
2020-08-24,US,Missouri,Christian,540,1,0,36.9711783,-93.18537118,29043.0,609.5152096619447,0.1851851851851852,539,529,1,0,528,515,86983,11,0,0,11,14
2020-08-24,US,Missouri,Clark,33,0,0,40.41040752,-91.73661677,29045.0,485.5083124908048,0.0,33,33,0,0,33,33,6842,0,0,0,0,0
2020-08-24,US,Missouri,Clay,1269,30,0,39.31132056,-94.41850862,29047.0,507.7056027653752,2.364066193853428,1239,1261,30,0,1231,1245,246365,8,0,0,8,16
2020-08-24,US,Missouri,Clinton,115,0,0,39.6013098,-94.40465394,29049.0,564.0849560994751,0.0,115,113,0,0,113,113,20470,2,0,0,2,0
2020-08-24,US,Missouri,Cole,722,3,0,38.50455671,-92.27860244,29051.0,940.7779008404456,0.4155124653739612,719,719,3,0,716,702,76796,3,0,0,3,17
2020-08-24,US,Missouri,Cooper,187,0,0,38.844478,-92.80896081,29053.0,1055.9602462024961,0.0,187,186,0,0,186,184,17603,1,0,0,1,2
2020-08-24,US,Missouri,Crawford,146,1,0,37.97663738,-91.30528104,29055.0,610.3678929765888,0.6849315068493149,145,141,1,0,140,137,23957,5,0,0,5,4
2020-08-24,US,Missouri,Dade,20,0,0,37.431814,-93.8503345,29057.0,264.515275757175,0.0,20,21,0,0,21,21,7569,-1,0,0,-1,0
2020-08-24,US,Missouri,Dallas,90,1,0,37.681135499999996,-93.02127031,29059.0,533.2385353714894,1.1111111111111112,89,88,1,0,87,88,16762,2,0,0,2,0
2020-08-24,US,Missouri,Daviess,19,0,0,39.96145298,-93.98519678,29061.0,229.52403962309742,0.0,19,19,0,0,19,19,8313,0,0,0,0,0
2020-08-24,US,Missouri,DeKalb,52,1,0,39.89201062,-94.40476508,29063.0,414.4416992109668,1.9230769230769231,51,51,1,0,50,50,12630,1,0,0,1,1
2020-08-24,US,Missouri,Dent,32,0,0,37.60663134,-91.50790473,29065.0,205.48385025364414,0.0,32,31,0,0,31,30,15441,1,0,0,1,1
2020-08-24,US,Missouri,Douglas,98,2,0,36.9325593,-92.49905109,29067.0,743.2688661357604,2.0408163265306123,96,97,2,0,95,97,13373,1,0,0,1,0
2020-08-24,US,Missouri,Dunklin,446,4,0,36.27167174,-90.09122243,29069.0,1531.0150698568536,0.8968609865470852,442,445,4,0,441,443,29423,1,0,0,1,2
2020-08-24,US,Missouri,Franklin,877,19,0,38.41127108,-91.07522826,29071.0,843.5368915136534,2.1664766248574687,858,863,19,0,844,844,103670,14,0,0,14,19
2020-08-24,US,Missouri,Gasconade,47,0,0,38.43947277,-91.50847147,29073.0,319.59744322045424,0.0,47,47,0,0,47,46,14705,0,0,0,0,1
2020-08-24,US,Missouri,Gentry,89,9,0,40.21097916,-94.40944419,29075.0,1354.436158879927,10.112359550561797,80,88,9,0,79,87,6628,1,0,0,1,1
2020-08-24,US,Missouri,Greene,2434,10,0,37.2575872,-93.34230916,29077.0,830.4729669789755,0.4108463434675431,2424,2365,10,0,2355,2314,291923,69,0,0,69,51
2020-08-24,US,Missouri,Grundy,34,1,0,40.11406587,-93.56509276,29079.0,345.1776649746193,2.9411764705882355,33,32,1,0,31,32,9914,2,0,0,2,0
2020-08-24,US,Missouri,Harrison,62,1,0,40.35570088,-93.99222144,29081.0,742.337164750958,1.6129032258064515,61,62,1,0,61,62,8414,0,0,0,0,0
2020-08-24,US,Missouri,Henry,107,3,0,38.38482826,-93.79293734,29083.0,490.2859237536657,2.803738317757009,104,106,3,0,103,106,21792,1,0,0,1,0
2020-08-24,US,Missouri,Hickory,53,0,0,37.94163617,-93.3203037,29085.0,555.322715842414,0.0,53,51,0,0,51,51,9509,2,0,0,2,0
2020-08-24,US,Missouri,Holt,55,0,0,40.09799248,-95.21638879999999,29087.0,1249.1483079718373,0.0,55,55,0,0,55,54,4404,0,0,0,0,1
2020-08-24,US,Missouri,Howard,86,0,0,39.1435761,-92.69756691,29089.0,859.9140085991403,0.0,86,85,0,0,85,82,10137,1,0,0,1,3
2020-08-24,US,Missouri,Howell,202,2,0,36.77383887,-91.88683935,29091.0,503.5271829897551,0.99009900990099,200,198,2,0,196,199,40076,4,0,0,4,-1
2020-08-24,US,Missouri,Iron,40,0,0,37.55487945,-90.7735296,29093.0,395.0617283950617,0.0,40,40,0,0,40,40,10177,0,0,0,0,0
2020-08-24,US,Missouri,Jackson,5071,71,0,39.01002188,-94.34724536,29095.0,721.3258398517235,1.4001183198580165,5000,5038,71,0,4967,5005,700307,33,0,0,33,33
2020-08-24,US,Missouri,Jasper,2123,35,0,37.20351921,-94.34050458,29097.0,1749.8021891072135,1.6486104569006124,2088,2113,35,0,2078,2089,120636,10,0,0,10,24
2020-08-24,US,Missouri,Jefferson,2324,30,0,38.25926778,-90.53870896,29099.0,1032.517182703116,1.2908777969018932,2294,2269,30,0,2239,2233,224347,55,0,0,55,36
2020-08-24,US,Missouri,Johnson,551,3,0,38.74719601,-93.80691168,29101.0,1019.2001775738968,0.5444646098003629,548,543,3,0,540,542,53652,8,0,0,8,1
2020-08-24,US,Missouri,Kansas City,8509,66,0,39.0997,-94.5786,0.0,1740.2846548575192,0.7756493124926548,8443,8422,66,0,8356,8331,491918,87,0,0,87,91
2020-08-24,US,Missouri,Knox,38,0,0,40.12699751,-92.14780832,29103.0,959.8383430159132,0.0,38,38,0,0,38,38,3947,0,0,0,0,0
2020-08-24,US,Missouri,Laclede,263,1,0,37.65896829,-92.5888493,29105.0,736.2203622316155,0.3802281368821293,262,263,1,0,262,262,35713,0,0,0,0,1
2020-08-24,US,Missouri,Lafayette,215,2,0,39.06986886,-93.78076396,29107.0,657.3315396844807,0.9302325581395348,213,211,2,0,209,208,32598,4,0,0,4,3
2020-08-24,US,Missouri,Lawrence,317,2,0,37.10626634,-93.83293097,29109.0,826.4893755703298,0.6309148264984227,315,310,2,0,308,301,38359,7,0,0,7,9
2020-08-24,US,Missouri,Lewis,54,1,0,40.09673161,-91.72070156,29111.0,552.3731587561375,1.851851851851852,53,53,1,0,52,53,9855,1,0,0,1,0
2020-08-24,US,Missouri,Lincoln,505,1,0,39.05345619,-90.95588181,29113.0,855.7436497043025,0.19801980198019806,504,497,1,0,496,488,57686,8,0,0,8,9
2020-08-24,US,Missouri,Linn,41,1,0,39.87001769,-93.10704106,29115.0,343.9597315436242,2.4390243902439024,40,43,1,0,42,43,12037,-2,0,0,-2,0
2020-08-24,US,Missouri,Livingston,68,1,0,39.78110272,-93.54645978,29117.0,446.5751625402246,1.4705882352941178,67,68,1,0,67,67,15146,0,0,0,0,1
2020-08-24,US,Missouri,Macon,72,0,0,39.83049768,-92.56453089,29121.0,476.2849771780115,0.0,72,71,0,0,71,71,15153,1,0,0,1,0
2020-08-24,US,Missouri,Madison,77,0,0,37.47865134,-90.34671429999999,29123.0,636.9953673064196,0.0,77,71,0,0,71,67,12188,6,0,0,6,4
2020-08-24,US,Missouri,Maries,35,0,0,38.16193985,-91.92249662,29125.0,402.43762216856385,0.0,35,35,0,0,35,34,8769,0,0,0,0,1
2020-08-24,US,Missouri,Marion,349,1,0,39.80601912,-91.62203062,29127.0,1223.273746933053,0.28653295128939826,348,335,1,0,334,325,28592,14,0,0,14,10
2020-08-24,US,Missouri,McDonald,978,9,0,36.62869595,-94.34867205,29119.0,4282.52397425231,0.9202453987730062,969,976,9,0,967,975,23078,2,0,0,2,1
2020-08-24,US,Missouri,Mercer,15,0,0,40.42212303,-93.56829590000001,29129.0,414.7083218136577,0.0,15,15,0,0,15,15,3641,0,0,0,0,0
2020-08-24,US,Missouri,Miller,205,1,0,38.21450288,-92.42610898,29131.0,800.1873609430501,0.4878048780487805,204,203,1,0,202,198,25336,2,0,0,2,5
2020-08-24,US,Missouri,Mississippi,214,0,0,36.82516239,-89.29505753,29133.0,1623.6722306525035,0.0,214,214,0,0,214,212,13336,0,0,0,0,2
2020-08-24,US,Missouri,Moniteau,175,2,0,38.63571781,-92.57976951,29135.0,1084.8003967270022,1.1428571428571428,173,174,2,0,172,174,16121,1,0,0,1,0
2020-08-24,US,Missouri,Monroe,55,0,0,39.49593978,-92.00043978,29137.0,636.2795002313744,0.0,55,53,0,0,53,51,8664,2,0,0,2,2
2020-08-24,US,Missouri,Montgomery,49,1,0,38.94022054,-91.47000721,29139.0,424.2056964764955,2.0408163265306123,48,48,1,0,47,48,11534,1,0,0,1,0
2020-08-24,US,Missouri,Morgan,108,0,0,38.4181765,-92.88791859,29141.0,523.5855917001986,0.0,108,108,0,0,108,106,20358,0,0,0,0,2
2020-08-24,US,Missouri,New Madrid,341,3,0,36.59666326,-89.66070007,29143.0,1996.954790349028,0.8797653958944281,338,338,3,0,335,336,17296,3,0,0,3,2
2020-08-24,US,Missouri,Newton,1020,11,0,36.90519407,-94.3394104,29145.0,1751.4939212858026,1.0784313725490196,1009,1018,11,0,1007,1010,58266,2,0,0,2,8
2020-08-24,US,Missouri,Nodaway,295,1,0,40.36079813,-94.88133008,29147.0,1335.3250045265256,0.3389830508474576,294,272,1,0,271,261,22304,23,0,0,23,11
2020-08-24,US,Missouri,Oregon,31,0,0,36.68710164,-91.4033755,29149.0,294.4249216449805,0.0,31,30,0,0,30,28,10541,1,0,0,1,2
2020-08-24,US,Missouri,Osage,70,1,0,38.46036182,-91.8613635,29151.0,514.1388174807198,1.4285714285714286,69,70,1,0,69,70,13714,0,0,0,0,0
2020-08-24,US,Missouri,Ozark,17,0,0,36.64916339,-92.44459066,29153.0,185.3063004142141,0.0,17,18,0,0,18,18,9017,-1,0,0,-1,0
2020-08-24,US,Missouri,Pemiscot,305,9,0,36.2130572,-89.78742322,29155.0,1929.7690604239167,2.950819672131148,296,301,9,0,292,294,16272,4,0,0,4,7
2020-08-24,US,Missouri,Perry,297,4,0,37.70660776,-89.82741088,29157.0,1552.0484949832776,1.3468013468013469,293,292,4,0,288,284,19150,5,0,0,5,8
2020-08-24,US,Missouri,Pettis,742,5,0,38.72798918,-93.28471706,29159.0,1752.521316044309,0.6738544474393531,737,736,5,0,731,735,42542,6,0,0,6,1
2020-08-24,US,Missouri,Phelps,152,0,0,37.87736118,-91.79351727,29161.0,341.01361810961794,0.0,152,151,0,0,151,145,44732,1,0,0,1,6
2020-08-24,US,Missouri,Pike,132,1,0,39.34310674,-91.16980779,29163.0,721.2326521691617,0.7575757575757576,131,131,1,0,130,130,18504,1,0,0,1,1
2020-08-24,US,Missouri,Platte,442,10,0,39.38154439,-94.77068479,29165.0,423.2986649811335,2.262443438914027,432,441,10,0,431,441,102985,1,0,0,1,0
2020-08-24,US,Missouri,Polk,262,0,0,37.616229600000004,-93.39828174,29167.0,814.9553640859747,0.0,262,261,0,0,261,259,32201,1,0,0,1,2
2020-08-24,US,Missouri,Pulaski,330,1,0,37.82462075,-92.20783203,29169.0,627.2929458056913,0.30303030303030304,329,331,1,0,330,329,52014,-1,0,0,-1,2
2020-08-24,US,Missouri,Putnam,19,1,0,40.47942497,-93.02042674,29171.0,404.59965928449736,5.2631578947368425,18,18,1,0,17,18,4757,1,0,0,1,0
2020-08-24,US,Missouri,Ralls,89,0,0,39.52817427,-91.51838643,29173.0,863.3233097293628,0.0,89,85,0,0,85,80,10212,4,0,0,4,5
2020-08-24,US,Missouri,Randolph,109,1,0,39.44007257,-92.49713740000001,29175.0,440.43963148537256,0.9174311926605504,108,108,1,0,107,102,24763,1,0,0,1,6
2020-08-24,US,Missouri,Ray,122,0,0,39.353746799999996,-93.98905745,29177.0,530.019984360066,0.0,122,121,0,0,121,118,22883,1,0,0,1,3
2020-08-24,US,Missouri,Reynolds,19,0,0,37.36085952,-90.97009925,29179.0,303.030303030303,0.0,19,18,0,0,18,18,6254,1,0,0,1,0
2020-08-24,US,Missouri,Ripley,83,0,0,36.65460667,-90.85990261,29181.0,624.6237206502108,0.0,83,79,0,0,79,79,13401,4,0,0,4,0
2020-08-24,US,Missouri,Saline,525,7,0,39.13734288,-93.20259964,29195.0,2306.577039673125,1.3333333333333333,518,522,7,0,515,517,22895,3,0,0,3,5
2020-08-24,US,Missouri,Schuyler,13,0,0,40.46921489,-92.52311943,29197.0,278.9699570815451,0.0,13,13,0,0,13,13,4599,0,0,0,0,0
2020-08-24,US,Missouri,Scotland,18,1,0,40.45214695,-92.14709064,29199.0,367.1970624235006,5.5555555555555545,17,18,1,0,17,18,4966,0,0,0,0,0
2020-08-24,US,Missouri,Scott,548,13,0,37.05588075,-89.56474493,29201.0,1431.5569487983282,2.372262773722628,535,544,13,0,531,544,38458,4,0,0,4,0
2020-08-24,US,Missouri,Shannon,47,1,0,37.15772072,-91.40190382,29203.0,575.5571883419052,2.127659574468085,46,47,1,0,46,46,8189,0,0,0,0,1
2020-08-24,US,Missouri,Shelby,44,0,0,39.79742518,-92.07634971,29205.0,741.9898819561553,0.0,44,44,0,0,44,43,6050,0,0,0,0,1
2020-08-24,US,Missouri,St. Charles,5290,96,0,38.77875681,-90.66662425,29183.0,1315.848386406714,1.8147448015122876,5194,5219,96,0,5123,5159,399182,71,0,0,71,60
2020-08-24,US,Missouri,St. Clair,26,0,0,38.03699437,-93.77631447,29185.0,276.68404810045763,0.0,26,25,0,0,25,25,9395,1,0,0,1,0
2020-08-24,US,Missouri,St. Francois,829,4,0,37.81214171,-90.47598685,29187.0,1233.355649780555,0.4825090470446321,825,806,4,0,802,783,66692,23,0,0,23,23
2020-08-24,US,Missouri,St. Louis,17975,713,0,38.63770039999999,-90.4458375,29189.0,1807.9772280364718,3.9666203059805287,17262,17872,713,0,17159,17721,996945,103,0,0,103,151
2020-08-24,US,Missouri,St. Louis City,5951,184,0,38.63555736,-90.24349225,29510.0,1979.8653252422016,3.091917324819358,5767,5907,184,0,5723,5861,302838,44,0,0,44,46
2020-08-24,US,Missouri,Ste. Genevieve,91,1,0,37.89090059,-90.1949941,29186.0,508.5503520733208,1.0989010989010992,90,90,1,0,89,90,17888,1,0,0,1,0
2020-08-24,US,Missouri,Stoddard,273,9,0,36.85571651,-89.9444155,29207.0,940.5684754521964,3.2967032967032965,264,262,9,0,253,257,29206,11,0,0,11,5
2020-08-24,US,Missouri,Stone,245,1,0,36.75000327,-93.45256475,29209.0,766.7751627441162,0.4081632653061225,244,240,1,0,239,237,31749,5,0,0,5,3
2020-08-24,US,Missouri,Sullivan,160,0,0,40.2099105,-93.11150106,29211.0,2627.6892757431438,0.0,160,160,0,0,160,159,6221,0,0,0,0,1
2020-08-24,US,Missouri,Taney,864,3,0,36.65465345,-93.04075153,29213.0,1544.8433700472033,0.3472222222222222,861,855,3,0,852,846,55852,9,0,0,9,9
2020-08-24,US,Missouri,Texas,78,1,0,37.31728859,-91.96564727,29215.0,307.11079612567914,1.2820512820512822,77,78,1,0,77,78,25571,0,0,0,0,0
2020-08-24,US,Missouri,Vernon,71,0,0,37.8457799,-94.34127305,29217.0,345.28035792442734,0.0,71,70,0,0,70,69,20528,1,0,0,1,1
2020-08-24,US,Missouri,Warren,293,0,0,38.76529479,-91.16124662,29219.0,821.9024376560353,0.0,293,291,0,0,291,287,34711,2,0,0,2,4
2020-08-24,US,Missouri,Washington,199,1,0,37.96130078,-90.87948158,29221.0,804.6906591184796,0.5025125628140703,198,191,1,0,190,184,24943,8,0,0,8,7
2020-08-24,US,Missouri,Wayne,73,0,0,37.11303869,-90.46001416,29223.0,567.0783811077449,0.0,73,72,0,0,72,71,13122,1,0,0,1,1
2020-08-24,US,Missouri,Webster,181,1,0,37.2813734,-92.876329,29225.0,457.16306324510003,0.5524861878453039,180,173,1,0,172,172,39109,8,0,0,8,1
2020-08-24,US,Missouri,Worth,10,0,0,40.47945588,-94.42328751,29227.0,496.77098857426734,0.0,10,10,0,0,10,10,2040,0,0,0,0,0
2020-08-24,US,Missouri,Wright,78,0,0,37.27029221,-92.46914488,29229.0,426.4858658209853,0.0,78,78,0,0,78,77,18378,0,0,0,0,1
2020-08-24,US,Montana,Beaverhead,69,0,0,45.13434354,-112.89846940000001,30001.0,729.92700729927,0.0,69,70,0,0,70,70,9404,-1,0,0,-1,0
2020-08-24,US,Montana,Big Horn,591,15,0,45.42335905,-107.492347,30003.0,4437.270065320219,2.538071065989848,576,587,15,0,572,585,13338,4,0,0,4,2
2020-08-24,US,Montana,Blaine,15,0,0,48.43175214,-108.9582723,30005.0,224.51728783116297,0.0,15,15,0,0,15,15,6807,0,0,0,0,0
2020-08-24,US,Montana,Broadwater,15,0,0,46.33277565,-111.49558130000001,30007.0,240.50024050024047,0.0,15,14,0,0,14,14,6085,1,0,0,1,0
2020-08-24,US,Montana,Carbon,83,0,0,45.22850116,-109.0274047,30009.0,773.8927738927739,0.0,83,82,0,0,82,82,10714,1,0,0,1,0
2020-08-24,US,Montana,Cascade,217,5,0,47.30797024,-111.3467922,30013.0,266.69616301649336,2.3041474654377883,212,198,5,0,193,196,81643,19,0,0,19,2
2020-08-24,US,Montana,Chouteau,10,0,0,47.88084126,-110.4353362,30015.0,177.4622892635315,0.0,10,10,0,0,10,10,5745,0,0,0,0,0
2020-08-24,US,Montana,Custer,64,2,0,46.25319932,-105.57375259999998,30017.0,561.3050342045256,3.125,62,64,2,0,62,63,11586,0,0,0,0,1
2020-08-24,US,Montana,Daniels,3,0,0,48.78420029,-105.54763429999998,30019.0,177.5147928994083,0.0,3,3,0,0,3,3,1747,0,0,0,0,0
2020-08-24,US,Montana,Dawson,31,0,0,47.26584855,-104.89444170000002,30021.0,359.921049576222,0.0,31,31,0,0,31,31,8680,0,0,0,0,0
2020-08-24,US,Montana,Deer Lodge,32,0,0,46.05953325,-113.073353,30023.0,350.109409190372,0.0,32,32,0,0,32,32,9131,0,0,0,0,0
2020-08-24,US,Montana,Fallon,2,0,0,46.33478338,-104.41835649999999,30025.0,70.27406886858749,0.0,2,2,0,0,2,2,2920,0,0,0,0,0
2020-08-24,US,Montana,Fergus,24,0,0,47.26331584,-109.2245206,30027.0,217.1945701357466,0.0,24,24,0,0,24,24,11113,0,0,0,0,0
2020-08-24,US,Montana,Flathead,490,3,0,48.29575866,-114.05205690000001,30029.0,472.03437180895133,0.6122448979591837,487,479,3,0,476,469,102106,11,0,0,11,10
2020-08-24,US,Montana,Gallatin,1017,3,0,45.54486106,-111.1692571,30031.0,888.7218833563452,0.2949852507374631,1014,1012,3,0,1009,1011,111876,5,0,0,5,1
2020-08-24,US,Montana,Garfield,12,0,0,47.27545948,-107.0002351,30033.0,953.8950715421304,0.0,12,12,0,0,12,12,1268,0,0,0,0,0
2020-08-24,US,Montana,Glacier,111,1,0,48.70513576,-112.9934235,30035.0,807.0966334617901,0.9009009009009008,110,111,1,0,110,105,13747,0,0,0,0,6
2020-08-24,US,Montana,Golden Valley,3,0,0,46.3816474,-109.17685220000001,30037.0,365.4080389768576,0.0,3,3,0,0,3,3,826,0,0,0,0,0
2020-08-24,US,Montana,Granite,18,0,0,46.40605220000001,-113.4414186,30039.0,532.7019828351583,0.0,18,18,0,0,18,18,3378,0,0,0,0,0
2020-08-24,US,Montana,Hill,54,2,0,48.62879827,-110.1129252,30041.0,327.5903906818733,3.703703703703704,52,53,2,0,51,53,16347,1,0,0,1,0
2020-08-24,US,Montana,Jefferson,34,0,0,46.14907081,-112.094396,30043.0,278.20963914573275,0.0,34,34,0,0,34,34,12097,0,0,0,0,0
2020-08-24,US,Montana,Judith Basin,3,0,0,47.04581276,-110.26606880000001,30045.0,149.47683109118088,0.0,3,3,0,0,3,3,1952,0,0,0,0,0
2020-08-24,US,Montana,Lake,193,1,0,47.64514965,-114.0898013,30047.0,633.6594654934663,0.5181347150259067,192,192,1,0,191,192,30250,1,0,0,1,0
2020-08-24,US,Montana,Lewis and Clark,191,2,0,47.12610041,-112.39469799999999,30049.0,275.0892960018436,1.0471204188481675,189,191,2,0,189,191,68700,0,0,0,0,0
2020-08-24,US,Montana,Liberty,1,0,0,48.56084317,-111.02430700000001,30051.0,42.78990158322636,0.0,1,1,0,0,1,1,2430,0,0,0,0,0
2020-08-24,US,Montana,Lincoln,81,2,0,48.54265777,-115.4046155,30053.0,405.40540540540536,2.469135802469136,79,81,2,0,79,80,19794,0,0,0,0,1
2020-08-24,US,Montana,Madison,91,1,0,45.30080065,-111.9173017,30057.0,1058.139534883721,1.0989010989010992,90,91,1,0,90,90,8768,0,0,0,0,1
2020-08-24,US,Montana,McCone,5,0,0,47.64469406,-105.79449939999999,30055.0,300.48076923076917,0.0,5,5,0,0,5,5,1675,0,0,0,0,0
2020-08-24,US,Montana,Meagher,4,0,0,46.59907074,-110.8898557,30059.0,214.8227712137487,0.0,4,4,0,0,4,4,1866,0,0,0,0,0
2020-08-24,US,Montana,Mineral,2,0,0,47.15283992,-115.00152390000001,30061.0,45.48555833522857,0.0,2,2,0,0,2,2,4316,0,0,0,0,0
2020-08-24,US,Montana,Missoula,407,3,0,47.03728583,-113.92135079999998,30063.0,340.3010033444816,0.7371007371007371,404,404,3,0,401,400,118791,3,0,0,3,4
2020-08-24,US,Montana,Musselshell,7,0,0,46.49684637,-108.39498,30065.0,151.090006475286,0.0,7,6,0,0,6,6,4651,1,0,0,1,0
2020-08-24,US,Montana,Park,63,0,0,45.48965095,-110.52643940000002,30067.0,379.3809466457907,0.0,63,64,0,0,64,64,16736,-1,0,0,-1,0
2020-08-24,US,Montana,Phillips,108,0,0,48.25936577,-107.9128511,30071.0,2731.411229135053,0.0,108,108,0,0,108,107,4074,0,0,0,0,1
2020-08-24,US,Montana,Pondera,15,0,0,48.22773388,-112.22527029999999,30073.0,253.76416849940787,0.0,15,15,0,0,15,14,5972,0,0,0,0,1
2020-08-24,US,Montana,Powder River,1,0,0,45.39617714,-105.636738,30075.0,59.453032104637344,0.0,1,1,0,0,1,1,1716,0,0,0,0,0
2020-08-24,US,Montana,Powell,8,0,0,46.85538891,-112.93591640000001,30077.0,116.11030478955007,0.0,8,3,0,0,3,2,6968,5,0,0,5,1
2020-08-24,US,Montana,Prairie,1,0,0,46.86048047,-105.379384,30079.0,92.85051067780873,0.0,1,1,0,0,1,1,1087,0,0,0,0,0
2020-08-24,US,Montana,Ravalli,94,2,0,46.08520862,-114.11891640000002,30081.0,214.58247728621646,2.127659574468085,92,92,2,0,90,92,43172,2,0,0,2,0
2020-08-24,US,Montana,Richland,54,2,0,47.78668011,-104.5610786,30083.0,499.86114968064425,3.703703703703704,52,54,2,0,52,54,10913,0,0,0,0,0
2020-08-24,US,Montana,Roosevelt,34,1,0,48.29607488,-105.00792679999999,30085.0,308.9785532533624,2.9411764705882355,33,34,1,0,33,34,11059,0,0,0,0,0
2020-08-24,US,Montana,Rosebud,134,2,0,46.23397237,-106.72928799999998,30087.0,1499.384580955578,1.492537313432836,132,134,2,0,132,134,9063,0,0,0,0,0
2020-08-24,US,Montana,Sanders,31,0,0,47.67657534,-115.1329916,30089.0,255.9233880954346,0.0,31,28,0,0,28,28,11844,3,0,0,3,0
2020-08-24,US,Montana,Sheridan,5,0,0,48.72085833,-104.50382900000001,30091.0,151.1030522816561,0.0,5,5,0,0,5,5,3424,0,0,0,0,0
2020-08-24,US,Montana,Silver Bow,111,0,0,45.90018933,-112.6620092,30093.0,317.9149362738078,0.0,111,110,0,0,110,110,34993,1,0,0,1,0
2020-08-24,US,Montana,Stillwater,33,1,0,45.67071407,-109.3950061,30095.0,342.25264467952707,3.0303030303030303,32,33,1,0,32,33,9534,0,0,0,0,0
2020-08-24,US,Montana,Sweet Grass,8,1,0,45.81367654,-109.9425686,30097.0,214.07546160021408,12.5,7,9,1,0,8,8,3710,-1,0,0,-1,1
2020-08-24,US,Montana,Teton,17,0,0,47.83741052,-112.24106880000001,30099.0,276.55767040832933,0.0,17,17,0,0,17,16,6162,0,0,0,0,1
2020-08-24,US,Montana,Toole,47,6,0,48.65577551,-111.69424140000001,30101.0,992.3986486486486,12.76595744680851,41,47,6,0,41,47,4853,0,0,0,0,0
2020-08-24,US,Montana,Treasure,3,0,0,46.20973220000001,-107.26665159999999,30103.0,431.0344827586207,0.0,3,3,0,0,3,3,679,0,0,0,0,0
2020-08-24,US,Montana,Valley,37,0,0,48.36435097,-106.6669635,30105.0,500.27041644131964,0.0,37,37,0,0,37,36,7437,0,0,0,0,1
2020-08-24,US,Montana,Wheatland,3,0,0,46.46652491,-109.84646359999999,30107.0,141.11006585136406,0.0,3,3,0,0,3,3,2236,0,0,0,0,0
2020-08-24,US,Montana,Wibaux,5,0,0,46.95925154,-104.2510927,30109.0,515.9958720330237,0.0,5,5,0,0,5,5,1034,0,0,0,0,0
2020-08-24,US,Montana,Yellowstone,1797,36,0,45.93955949,-108.26914860000001,30111.0,1114.0731556106632,2.003338898163606,1761,1792,35,0,1757,1773,160137,5,1,0,4,19
2020-08-24,US,Nebraska,Adams,384,11,0,40.52449420000001,-98.50117804,31001.0,1224.3726684309536,2.864583333333333,373,381,11,0,370,381,31511,3,0,0,3,0
2020-08-24,US,Nebraska,Antelope,23,1,0,42.17695516,-98.06662829999999,31003.0,365.1953000952684,4.3478260869565215,22,23,1,0,22,22,6336,0,0,0,0,1
2020-08-24,US,Nebraska,Arthur,1,0,0,41.56896142,-101.6959559,31005.0,215.98272138228938,0.0,1,1,0,0,1,1,465,0,0,0,0,0
2020-08-24,US,Nebraska,Banner,3,0,0,41.54634427,-103.7114332,31007.0,402.6845637583893,0.0,3,3,0,0,3,3,730,0,0,0,0,0
2020-08-24,US,Nebraska,Boone,16,0,0,41.70759415,-98.06737183,31011.0,308.1664098613251,0.0,16,16,0,0,16,16,5239,0,0,0,0,0
2020-08-24,US,Nebraska,Box Butte,19,0,0,42.22079243,-103.08788340000001,31013.0,176.20328294537697,0.0,19,19,0,0,19,19,10772,0,0,0,0,0
2020-08-24,US,Nebraska,Boyd,10,0,0,42.899727399999996,-98.76486568,31015.0,521.1047420531527,0.0,10,10,0,0,10,10,1955,0,0,0,0,0
2020-08-24,US,Nebraska,Brown,2,0,0,42.43018907,-99.92904055,31017.0,67.68189509306261,0.0,2,2,0,0,2,2,2973,0,0,0,0,0
2020-08-24,US,Nebraska,Buffalo,582,3,0,40.85486962,-99.07500296,31019.0,1171.9929922068507,0.5154639175257731,579,573,3,0,570,566,49615,9,0,0,9,7
2020-08-24,US,Nebraska,Burt,57,0,0,41.85056773,-96.32605633,31021.0,882.4895494658616,0.0,57,57,0,0,57,57,6488,0,0,0,0,0
2020-08-24,US,Nebraska,Butler,73,0,0,41.22703692,-97.13106306,31023.0,910.6786427145707,0.0,73,73,0,0,73,73,8058,0,0,0,0,0
2020-08-24,US,Nebraska,Cass,236,2,0,40.90899107,-96.13971217,31025.0,899.1161231331911,0.8474576271186439,234,235,2,0,233,235,26159,1,0,0,1,0
2020-08-24,US,Nebraska,Cedar,42,0,0,42.598885100000004,-97.25311951,31027.0,499.8809807188765,0.0,42,42,0,0,42,40,8446,0,0,0,0,2
2020-08-24,US,Nebraska,Chase,11,0,0,40.523719799999995,-101.69780259999999,31029.0,280.32619775739045,0.0,11,11,0,0,11,11,3977,0,0,0,0,0
2020-08-24,US,Nebraska,Cherry,5,0,0,42.54502621,-101.1244332,31031.0,87.88890841975744,0.0,5,5,0,0,5,5,5761,0,0,0,0,0
2020-08-24,US,Nebraska,Cheyenne,28,0,0,41.21999357,-102.9941693,31033.0,314.25364758698095,0.0,28,27,0,0,27,27,9310,1,0,0,1,0
2020-08-24,US,Nebraska,Clay,54,0,0,40.52439441,-98.05126296,31035.0,870.5465097533452,0.0,54,53,0,0,53,53,6214,1,0,0,1,0
2020-08-24,US,Nebraska,Colfax,713,4,0,41.57486951,-97.0868542,31037.0,6657.951255952937,0.5610098176718092,709,713,4,0,709,711,10881,0,0,0,0,2
2020-08-24,US,Nebraska,Cuming,74,0,0,41.91637624,-96.78730772,31039.0,836.5362875876103,0.0,74,74,0,0,74,73,8940,0,0,0,0,1
2020-08-24,US,Nebraska,Custer,66,4,0,41.39374521,-99.72805369,31041.0,612.4153289412639,6.0606060606060606,62,66,4,0,62,66,10840,0,0,0,0,0
2020-08-24,US,Nebraska,Dakota,1963,42,0,42.39040144,-96.56656425,31043.0,9802.257065814441,2.139582272032603,1921,1960,42,0,1918,1959,20083,3,0,0,3,1
2020-08-24,US,Nebraska,Dawes,53,0,0,42.71985036,-103.1313774,31045.0,617.0683432297125,0.0,53,52,0,0,52,49,8716,1,0,0,1,3
2020-08-24,US,Nebraska,Dawson,988,10,0,40.87028216,-99.82014609999999,31047.0,4187.32782369146,1.0121457489878545,978,987,10,0,977,986,23709,1,0,0,1,1
2020-08-24,US,Nebraska,Deuel,2,0,0,41.11168186,-102.33333309999999,31049.0,111.48272017837236,0.0,2,3,0,0,3,2,1825,-1,0,0,-1,1
2020-08-24,US,Nebraska,Dixon,58,2,0,42.49188363,-96.86782408,31051.0,1029.0986515259046,3.4482758620689653,56,57,2,0,55,57,5709,1,0,0,1,0
2020-08-24,US,Nebraska,Dodge,868,11,0,41.58071748,-96.65598179,31053.0,2373.8547791603987,1.2672811059907834,857,865,11,0,854,865,36791,3,0,0,3,0
2020-08-24,US,Nebraska,Douglas,12715,150,0,41.29518299,-96.15085305,31055.0,2225.520586284212,1.1797090051120724,12565,12619,148,0,12471,12569,566880,96,2,0,94,50
2020-08-24,US,Nebraska,Dundy,5,0,0,40.17638677,-101.6876522,31057.0,295.3337271116362,0.0,5,5,0,0,5,5,1770,0,0,0,0,0
2020-08-24,US,Nebraska,Fillmore,30,1,0,40.52458567,-97.59646937,31059.0,549.2493592090809,3.333333333333333,29,30,1,0,29,30,5527,0,0,0,0,0
2020-08-24,US,Nebraska,Franklin,17,0,0,40.17636348,-98.95299073,31061.0,570.6612957368243,0.0,17,17,0,0,17,16,3023,0,0,0,0,1
2020-08-24,US,Nebraska,Frontier,5,0,0,40.52993007,-100.3924658,31063.0,190.3311762466692,0.0,5,5,0,0,5,5,2608,0,0,0,0,0
2020-08-24,US,Nebraska,Furnas,19,1,0,40.17642064,-99.91247454,31065.0,406.3301967493584,5.2631578947368425,18,19,1,0,18,18,4715,0,0,0,0,1
2020-08-24,US,Nebraska,Gage,118,4,0,40.26186809,-96.68946704,31067.0,548.5055547808302,3.3898305084745757,114,112,4,0,108,112,21493,6,0,0,6,0
2020-08-24,US,Nebraska,Garden,6,0,0,41.61703149,-102.3313973,31069.0,326.619488296135,0.0,6,6,0,0,6,5,1897,0,0,0,0,1
2020-08-24,US,Nebraska,Garfield,6,0,0,41.91428955,-98.99111827,31071.0,304.7232097511427,0.0,6,6,0,0,6,6,1987,0,0,0,0,0
2020-08-24,US,Nebraska,Gosper,22,0,0,40.51481965,-99.83020279,31073.0,1105.5276381909548,0.0,22,22,0,0,22,22,1996,0,0,0,0,0
2020-08-24,US,Nebraska,Greeley,10,0,0,41.56742671,-98.52150266,31077.0,424.44821731748726,0.0,10,10,0,0,10,10,2356,0,0,0,0,0
2020-08-24,US,Nebraska,Hall,1800,46,0,40.87257079,-98.50218293,31079.0,2933.841865923427,2.555555555555556,1754,1797,46,0,1751,1798,61607,3,0,0,3,-1
2020-08-24,US,Nebraska,Hamilton,103,12,0,40.87349452,-98.02099117,31081.0,1104.6761046761046,11.650485436893206,91,103,12,0,91,103,9280,0,0,0,0,0
2020-08-24,US,Nebraska,Harlan,3,0,0,40.17658508,-99.40438879,31083.0,88.75739644970415,0.0,3,2,0,0,2,2,3401,1,0,0,1,0
2020-08-24,US,Nebraska,Hitchcock,2,0,0,40.17609175,-101.04164770000001,31087.0,72.41129616220131,0.0,2,2,0,0,2,2,2806,0,0,0,0,0
2020-08-24,US,Nebraska,Holt,17,0,0,42.45522056,-98.78402558,31089.0,168.86858051057908,0.0,17,16,0,0,16,16,10178,1,0,0,1,0
2020-08-24,US,Nebraska,Hooker,4,0,0,41.91586243,-101.1354293,31091.0,586.5102639296188,0.0,4,4,0,0,4,4,682,0,0,0,0,0
2020-08-24,US,Nebraska,Howard,60,5,0,41.2200529,-98.5166499,31093.0,930.954228083786,8.333333333333334,55,60,5,0,55,60,6468,0,0,0,0,0
2020-08-24,US,Nebraska,Jefferson,19,0,0,40.17584531,-97.142601,31095.0,269.6565427192733,0.0,19,19,0,0,19,19,7097,0,0,0,0,0
2020-08-24,US,Nebraska,Johnson,21,0,0,40.39257596,-96.26522753,31097.0,414.1195030565963,0.0,21,21,0,0,21,21,5134,0,0,0,0,0
2020-08-24,US,Nebraska,Kearney,97,0,0,40.50663314,-98.94877182,31099.0,1493.4565050038489,0.0,97,97,0,0,97,97,6544,0,0,0,0,0
2020-08-24,US,Nebraska,Keith,46,0,0,41.19930341,-101.66201640000001,31101.0,572.5665919840677,0.0,46,43,0,0,43,44,8021,3,0,0,3,-1
2020-08-24,US,Nebraska,Kimball,15,0,0,41.19774275,-103.7148131,31105.0,412.9955947136564,0.0,15,15,0,0,15,15,3618,0,0,0,0,0
2020-08-24,US,Nebraska,Knox,50,0,0,42.63758421,-97.89178836,31107.0,600.0960153624579,0.0,50,48,0,0,48,49,8419,2,0,0,2,-1
2020-08-24,US,Nebraska,Lancaster,3611,20,0,40.78416049,-96.68777155,31109.0,1131.6556457425806,0.5538631957906397,3591,3604,20,0,3584,3594,317272,7,0,0,7,10
2020-08-24,US,Nebraska,Lincoln,254,2,0,41.04658298,-100.74753740000001,31111.0,727.5018617173628,0.7874015748031497,252,251,2,0,249,250,35185,3,0,0,3,1
2020-08-24,US,Nebraska,Logan,3,0,0,41.56650314,-100.4817851,31113.0,401.06951871657753,0.0,3,3,0,0,3,2,749,0,0,0,0,1
2020-08-24,US,Nebraska,Madison,546,5,0,41.91676024,-97.6005481,31119.0,1555.5998746403036,0.9157509157509156,541,542,5,0,537,542,35392,4,0,0,4,0
2020-08-24,US,Nebraska,McPherson,6,0,0,41.56797682,-101.05993620000001,31117.0,1214.5748987854256,0.0,6,6,0,0,6,6,492,0,0,0,0,0
2020-08-24,US,Nebraska,Merrick,62,0,0,41.16624273,-98.0374887,31121.0,799.4842037395229,0.0,62,62,0,0,62,63,7733,0,0,0,0,-1
2020-08-24,US,Nebraska,Morrill,64,0,0,41.71711774,-103.0061405,31123.0,1378.7160706591985,0.0,64,63,0,0,63,63,4686,1,0,0,1,0
2020-08-24,US,Nebraska,Nance,11,0,0,41.39750195,-97.99327291,31125.0,312.588803637397,0.0,11,11,0,0,11,11,3532,0,0,0,0,0
2020-08-24,US,Nebraska,Nemaha,61,0,0,40.38514847,-95.85433992,31127.0,874.9282845668387,0.0,61,59,0,0,59,59,6958,2,0,0,2,0
2020-08-24,US,Nebraska,Nuckolls,7,0,0,40.17637905,-98.04743961,31129.0,168.7560270009643,0.0,7,7,0,0,7,7,4195,0,0,0,0,0
2020-08-24,US,Nebraska,Otoe,91,1,0,40.64843556,-96.13374142,31131.0,568.3237571821135,1.0989010989010992,90,86,1,0,85,86,15985,5,0,0,5,0
2020-08-24,US,Nebraska,Pawnee,10,0,0,40.13141096,-96.23705437,31133.0,382.70187523918884,0.0,10,10,0,0,10,10,2632,0,0,0,0,0
2020-08-24,US,Nebraska,Perkins,28,7,0,40.85082525,-101.6502942,31135.0,968.5230024213076,25.0,21,28,7,0,21,27,2929,0,0,0,0,1
2020-08-24,US,Nebraska,Phelps,54,0,0,40.51156033,-99.41461667,31137.0,597.7418640690722,0.0,54,53,0,0,53,52,8996,1,0,0,1,1
2020-08-24,US,Nebraska,Pierce,56,1,0,42.26434853,-97.60122773,31139.0,783.435926133184,1.7857142857142858,55,56,1,0,55,56,7142,0,0,0,0,0
2020-08-24,US,Nebraska,Platte,830,3,0,41.57246836,-97.52144359,31141.0,2479.8326859874514,0.3614457831325301,827,831,3,0,828,832,33363,-1,0,0,-1,-1
2020-08-24,US,Nebraska,Polk,31,0,0,41.18813488,-97.56630712,31143.0,594.6671782083254,0.0,31,31,0,0,31,31,5278,0,0,0,0,0
2020-08-24,US,Nebraska,Red Willow,18,0,0,40.17556879999999,-100.476998,31145.0,167.84781797836632,0.0,18,18,0,0,18,18,10726,0,0,0,0,0
2020-08-24,US,Nebraska,Richardson,30,1,0,40.1247415,-95.71755036,31147.0,381.4367450731087,3.333333333333333,29,30,1,0,29,28,7937,0,0,0,0,2
2020-08-24,US,Nebraska,Rock,5,0,0,42.42252217,-99.44832069,31149.0,368.45983787767136,0.0,5,5,0,0,5,4,1360,0,0,0,0,1
2020-08-24,US,Nebraska,Saline,617,2,0,40.52418865,-97.14085859,31151.0,4337.739032620922,0.3241491085899514,615,615,2,0,613,615,14350,2,0,0,2,0
2020-08-24,US,Nebraska,Sarpy,2648,15,0,41.11314181,-96.11156432,31153.0,1414.5601401739355,0.5664652567975831,2633,2642,13,0,2629,2632,184459,6,2,0,4,10
2020-08-24,US,Nebraska,Saunders,189,2,0,41.227810299999994,-96.63773905,31155.0,875.8921123366391,1.058201058201058,187,189,2,0,187,189,21303,0,0,0,0,0
2020-08-24,US,Nebraska,Scotts Bluff,331,6,0,41.85070896,-103.70809859999999,31157.0,929.3054073782919,1.8126888217522656,325,331,6,0,325,327,35989,0,0,0,0,4
2020-08-24,US,Nebraska,Seward,147,2,0,40.87241834,-97.139673,31159.0,850.4975700069429,1.3605442176870748,145,147,2,0,145,145,17318,0,0,0,0,2
2020-08-24,US,Nebraska,Sheridan,14,0,0,42.50284406,-102.4126613,31161.0,266.8699961875715,0.0,14,14,0,0,14,14,5190,0,0,0,0,0
2020-08-24,US,Nebraska,Sherman,15,1,0,41.22045983,-98.97588642,31163.0,499.8333888703766,6.666666666666668,14,15,1,0,14,15,3038,0,0,0,0,0
2020-08-24,US,Nebraska,Sioux,5,0,0,42.48932059,-103.7576544,31165.0,428.8164665523156,0.0,5,5,0,0,5,5,1187,0,0,0,0,0
2020-08-24,US,Nebraska,Stanton,32,0,0,41.9169835,-97.19394708,31167.0,540.5405405405405,0.0,32,32,0,0,32,32,5970,0,0,0,0,0
2020-08-24,US,Nebraska,Thayer,27,0,0,40.17626377,-97.59504381,31169.0,539.6761942834298,0.0,27,27,0,0,27,27,5039,0,0,0,0,0
2020-08-24,US,Nebraska,Thomas,3,0,0,41.91358968,-100.5556632,31171.0,415.51246537396116,0.0,3,3,0,0,3,3,720,0,0,0,0,0
2020-08-24,US,Nebraska,Thurston,217,4,0,42.15725356,-96.54157099,31173.0,3003.875968992248,1.8433179723502304,213,217,4,0,213,216,7303,0,0,0,0,1
2020-08-24,US,Nebraska,Unassigned,168,1,0,0.0,0.0,90031.0,0.0,0.5952380952380952,167,176,0,0,176,170,,-8,1,0,-9,6
2020-08-24,US,Nebraska,Valley,18,0,0,41.56730777,-98.98197724,31175.0,432.9004329004329,0.0,18,18,0,0,18,18,4190,0,0,0,0,0
2020-08-24,US,Nebraska,Washington,158,1,0,41.52815707,-96.22019892,31177.0,762.2171836557477,0.6329113924050633,157,158,1,0,157,157,20667,0,0,0,0,1
2020-08-24,US,Nebraska,Wayne,45,0,0,42.20934475,-97.11926964,31179.0,479.48854555141196,0.0,45,45,0,0,45,44,9403,0,0,0,0,1
2020-08-24,US,Nebraska,Webster,11,0,0,40.17642643,-98.50019851,31181.0,315.4574132492114,0.0,11,11,0,0,11,11,3533,0,0,0,0,0
2020-08-24,US,Nebraska,Wheeler,1,0,0,41.91482725,-98.52798941,31183.0,127.7139208173691,0.0,1,1,0,0,1,1,805,0,0,0,0,0
2020-08-24,US,Nebraska,York,102,0,0,40.87272618,-97.59710186,31185.0,745.6685430221507,0.0,102,101,0,0,101,101,13772,1,0,0,1,0
2020-08-24,US,Nevada,Carson City,408,8,0,39.15509045,-119.7480219,32510.0,729.6659274626222,1.96078431372549,400,405,8,0,397,401,55414,3,0,0,3,4
2020-08-24,US,Nevada,Churchill,84,1,0,39.58105744,-118.3394607,32001.0,337.22750812959174,1.1904761904761905,83,82,1,0,81,82,24440,2,0,0,2,0
2020-08-24,US,Nevada,Clark,56796,1028,0,36.21458855,-115.0130241,32003.0,2505.6524529991643,1.80998661877597,55768,56464,1027,0,55437,56010,2231647,332,1,0,331,454
2020-08-24,US,Nevada,Douglas,229,1,0,38.912862,-119.61713329999999,32005.0,468.25477967487984,0.4366812227074236,228,226,1,0,225,226,48467,3,0,0,3,0
2020-08-24,US,Nevada,Elko,731,3,0,41.14531606,-115.3577619,32007.0,1385.0467998029485,0.4103967168262654,728,728,3,0,725,719,52460,3,0,0,3,9
2020-08-24,US,Nevada,Eureka,5,0,0,39.98100864,-116.26832040000001,32011.0,246.4268112370626,0.0,5,5,0,0,5,5,2003,0,0,0,0,0
2020-08-24,US,Nevada,Humboldt,109,4,0,41.40692186,-118.11094270000001,32013.0,647.6145208246687,3.669724770642202,105,106,4,0,102,106,16786,3,0,0,3,0
2020-08-24,US,Nevada,Lander,56,1,0,39.933223299999995,-117.03970749999999,32015.0,1012.2921185827913,1.7857142857142858,55,54,1,0,53,54,5575,2,0,0,2,0
2020-08-24,US,Nevada,Lincoln,7,0,0,37.64268459,-114.8790388,32017.0,135.05691684352692,0.0,7,7,0,0,7,7,5201,0,0,0,0,0
2020-08-24,US,Nevada,Lyon,300,6,0,39.01777974,-119.18704790000001,32019.0,521.6484089723526,2.0,294,296,6,0,290,293,55808,4,0,0,4,3
2020-08-24,US,Nevada,Mineral,12,0,0,38.53841696,-118.4344506,32021.0,266.37069922308547,0.0,12,12,0,0,12,12,4514,0,0,0,0,0
2020-08-24,US,Nevada,Nye,458,14,0,38.04264256,-116.47227020000001,32023.0,984.459299701223,3.056768558951965,444,457,14,0,443,455,45346,1,0,0,1,2
2020-08-24,US,Nevada,Pershing,17,0,0,40.44003782,-118.40056409999998,32027.0,252.78810408921933,0.0,17,17,0,0,17,17,6666,0,0,0,0,0
2020-08-24,US,Nevada,Storey,6,0,0,39.44875482,-119.5250207,32029.0,145.52510308028138,0.0,6,6,0,0,6,6,4029,0,0,0,0,0
2020-08-24,US,Nevada,Washoe,6767,133,0,40.66562265,-119.6631594,32031.0,1435.1489547611018,1.9654204226392789,6634,6712,131,0,6581,6652,465735,55,2,0,53,60
2020-08-24,US,Nevada,White Pine,25,1,0,39.44157041,-114.89996599999999,32033.0,260.9603340292276,4.0,24,24,1,0,23,24,9475,1,0,0,1,0
2020-08-24,US,New Hampshire,Belknap,122,4,0,43.51637314,-71.41684235,33001.0,199.0114676280117,3.278688524590164,118,121,4,0,117,121,61022,1,0,0,1,0
2020-08-24,US,New Hampshire,Carroll,99,1,0,43.87498583,-71.20430216,33003.0,202.4125945614394,1.0101010101010102,98,99,1,0,98,99,48779,0,0,0,0,0
2020-08-24,US,New Hampshire,Cheshire,119,3,0,42.92015988,-72.25311043,33005.0,156.40402181770392,2.5210084033613445,116,115,3,0,112,111,76493,4,0,0,4,4
2020-08-24,US,New Hampshire,Coos,17,0,0,44.69063265,-71.30633239,33007.0,53.86053290244907,0.0,17,17,0,0,17,17,31589,0,0,0,0,0
2020-08-24,US,New Hampshire,Grafton,109,1,0,43.93779815,-71.82057197,33009.0,121.26471308101372,0.9174311926605504,108,109,1,0,108,109,89786,0,0,0,0,0
2020-08-24,US,New Hampshire,Hillsborough,3983,284,0,42.91537785,-71.7200253,33011.0,955.0986151909358,7.130303791112228,3699,3979,284,0,3695,3979,415247,4,0,0,4,0
2020-08-24,US,New Hampshire,Merrimack,494,23,0,43.29662971,-71.6811573,33013.0,326.3073762641108,4.65587044534413,471,487,23,0,464,485,151132,7,0,0,7,2
2020-08-24,US,New Hampshire,Rockingham,1771,99,0,42.98499744,-71.12883377,33015.0,571.7163434688429,5.590062111801243,1672,1758,99,0,1659,1756,309176,13,0,0,13,2
2020-08-24,US,New Hampshire,Strafford,376,13,0,43.291833000000004,-71.02336013,33017.0,287.8292621313145,3.4574468085106385,363,372,13,0,359,371,130090,4,0,0,4,1
2020-08-24,US,New Hampshire,Sullivan,44,1,0,43.36094111,-72.22203125,33019.0,101.97932600936356,2.272727272727273,43,44,1,0,43,44,43144,0,0,0,0,0
2020-08-24,US,New Hampshire,Unassigned,6,0,0,0.0,0.0,90033.0,0.0,0.0,6,6,0,0,6,2,,0,0,0,0,4
2020-08-24,US,New Jersey,Atlantic,3680,252,0,39.47538693,-74.65848483,34001.0,1395.6839989380665,6.8478260869565215,3428,3673,252,0,3421,3665,265429,7,0,0,7,8
2020-08-24,US,New Jersey,Bergen,21352,2032,0,40.96010917,-74.07164325,34003.0,2290.4906876406617,9.516672911202695,19320,21326,2032,0,19294,21316,936692,26,0,0,26,10
2020-08-24,US,New Jersey,Burlington,6287,482,0,39.87681124,-74.66927768,34005.0,1411.7018338426715,7.666613647208526,5805,6274,482,0,5792,6260,445384,13,0,0,13,14
2020-08-24,US,New Jersey,Camden,8979,584,0,39.80343818,-74.96388753,34007.0,1772.8557015110441,6.5040650406504055,8395,8961,584,0,8377,8938,507078,18,0,0,18,23
2020-08-24,US,New Jersey,Cape May,881,91,0,39.15008829,-74.80170244,34009.0,957.2029248470757,10.32917139614075,790,878,91,0,787,874,92560,3,0,0,3,4
2020-08-24,US,New Jersey,Cumberland,3508,159,0,39.37199394,-75.10712559,34011.0,2346.064590341544,4.532497149372863,3349,3501,159,0,3342,3493,150972,7,0,0,7,8
2020-08-24,US,New Jersey,Essex,20131,2114,0,40.78681335,-74.24657979,34013.0,2519.6032416533685,10.501217028463564,18017,20112,2114,0,17998,20088,799767,19,0,0,19,24
2020-08-24,US,New Jersey,Gloucester,3568,220,0,39.71581067,-75.13995546,34015.0,1223.442921998656,6.165919282511211,3348,3557,220,0,3337,3545,291408,11,0,0,11,12
2020-08-24,US,New Jersey,Hudson,20052,1510,0,40.73766234,-74.07515667,34017.0,2982.1933964017962,7.530420905645323,18542,20042,1510,0,18532,20018,676061,10,0,0,10,24
2020-08-24,US,New Jersey,Hunterdon,1196,124,0,40.56335249,-74.91284156,34019.0,961.6389672833701,10.367892976588626,1072,1192,124,0,1068,1190,124714,4,0,0,4,2
2020-08-24,US,New Jersey,Mercer,8267,624,0,40.28047017,-74.70479631,34021.0,2249.952371880358,7.54808273859925,7643,8264,624,0,7640,8258,369811,3,0,0,3,6
2020-08-24,US,New Jersey,Middlesex,18293,1420,0,40.43629879,-74.41426991,34023.0,2217.166709895741,7.762532116109988,16873,18275,1420,0,16855,18248,829685,18,0,0,18,27
2020-08-24,US,New Jersey,Monmouth,10594,860,0,40.26549699,-74.22240686,34025.0,1712.0371043722073,8.117802529733813,9734,10589,860,0,9729,10573,621354,5,0,0,5,16
2020-08-24,US,New Jersey,Morris,7427,830,0,40.86095313,-74.54553709999998,34027.0,1510.028565909992,11.175440958664332,6597,7411,830,0,6581,7399,494228,16,0,0,16,12
2020-08-24,US,New Jersey,Ocean,10946,1025,0,39.8895449,-74.28089251,34029.0,1802.742487475008,9.364151288141787,9921,10926,1025,0,9901,10908,601651,20,0,0,20,18
2020-08-24,US,New Jersey,Passaic,18187,1246,0,41.03238628,-74.29954144,34031.0,3624.1645510595295,6.8510474514763295,16941,18173,1246,0,16927,18144,503310,14,0,0,14,29
2020-08-24,US,New Jersey,Salem,960,88,0,39.58719656,-75.34696629999998,34033.0,1538.8314498677564,9.166666666666666,872,954,88,0,866,953,62607,6,0,0,6,1
2020-08-24,US,New Jersey,Somerset,5351,564,0,40.56465737,-74.61683016,34035.0,1626.7701119373492,10.540085965240142,4787,5346,564,0,4782,5341,331164,5,0,0,5,5
2020-08-24,US,New Jersey,Sussex,1369,198,0,41.13891592,-74.69118243,34037.0,974.460452138261,14.463111760409058,1171,1362,198,0,1164,1362,140799,7,0,0,7,0
2020-08-24,US,New Jersey,Unassigned,318,0,0,0.0,0.0,90034.0,0.0,0.0,318,319,0,0,319,427,,-1,0,0,-1,-108
2020-08-24,US,New Jersey,Union,16992,1352,0,40.65835409,-74.30680092,34039.0,3054.2419127837065,7.9566854990583815,15640,16978,1352,0,15626,16967,558067,14,0,0,14,11
2020-08-24,US,New Jersey,Warren,1381,171,0,40.85951833,-74.99556527,34041.0,1311.9021155727814,12.382331643736427,1210,1381,171,0,1210,1379,105779,0,0,0,0,2
2020-08-24,US,New Mexico,Bernalillo,5619,149,0,35.05163625,-106.6703554,35001.0,827.3930566128862,2.651717387435487,5470,5601,149,0,5452,5526,678701,18,0,0,18,75
2020-08-24,US,New Mexico,Catron,5,1,0,33.91514144,-108.4046587,35003.0,141.7635384179189,20.0,4,5,1,0,4,5,3578,0,0,0,0,0
2020-08-24,US,New Mexico,Chaves,625,6,0,33.36406072,-104.4665365,35005.0,967.2676623075138,0.96,619,622,6,0,616,607,64689,3,0,0,3,15
2020-08-24,US,New Mexico,Cibola,392,19,0,34.91131525,-107.998876,35006.0,1469.5407685098407,4.846938775510204,373,392,19,0,373,384,26746,0,0,0,0,8
2020-08-24,US,New Mexico,Colfax,19,1,0,36.60569702,-104.64726740000002,35007.0,159.11565195544762,5.2631578947368425,18,19,1,0,18,19,12110,0,0,0,0,0
2020-08-24,US,New Mexico,Curry,640,3,0,34.57421077,-103.34688759999999,35009.0,1307.3497569146546,0.46875,637,638,3,0,635,636,49437,2,0,0,2,2
2020-08-24,US,New Mexico,Dona Ana,2726,38,0,32.35275771,-106.83293870000001,35013.0,1249.341185636701,1.3939838591342626,2688,2716,38,0,2678,2684,217522,10,0,0,10,32
2020-08-24,US,New Mexico,Eddy,426,5,0,32.47167456,-104.3053527,35015.0,728.7033869312352,1.1737089201877935,421,417,5,0,412,414,57900,9,0,0,9,3
2020-08-24,US,New Mexico,Grant,76,2,0,32.73911281,-108.3827845,35017.0,281.50233350618566,2.631578947368421,74,76,2,0,74,74,27346,0,0,0,0,2
2020-08-24,US,New Mexico,Guadalupe,33,1,0,34.86319296,-104.790669,35019.0,767.4418604651163,3.0303030303030303,32,33,1,0,32,34,4341,0,0,0,0,-1
2020-08-24,US,New Mexico,Harding,2,0,0,35.85751555,-103.82209379999999,35021.0,320.0,0.0,2,2,0,0,2,2,655,0,0,0,0,0
2020-08-24,US,New Mexico,Hidalgo,93,1,0,31.91383467,-108.7151824,35023.0,2215.340638399238,1.075268817204301,92,93,1,0,92,93,4240,0,0,0,0,0
2020-08-24,US,New Mexico,Lea,1045,9,0,32.79215361,-103.4123733,35025.0,1470.3813141972705,0.8612440191387559,1036,1036,8,0,1028,1017,69611,9,1,0,8,19
2020-08-24,US,New Mexico,Lincoln,164,2,0,33.74526079,-105.4586166,35027.0,837.9317392192929,1.2195121951219512,162,164,2,0,162,162,19556,0,0,0,0,2
2020-08-24,US,New Mexico,Los Alamos,24,0,0,35.86631386,-106.31349850000001,35028.0,123.90933966647735,0.0,24,24,0,0,24,24,19101,0,0,0,0,0
2020-08-24,US,New Mexico,Luna,273,5,0,32.18179341,-107.75088259999998,35029.0,1151.4614703277236,1.8315018315018317,268,269,5,0,264,261,23963,4,0,0,4,8
2020-08-24,US,New Mexico,McKinley,4159,239,0,35.58007720000001,-108.262245,35031.0,5827.62341138061,5.746573695599903,3920,4157,238,0,3919,4119,72290,2,1,0,1,38
2020-08-24,US,New Mexico,Mora,6,0,0,36.01095101,-104.9497716,35033.0,132.71400132713998,0.0,6,6,0,0,6,6,4506,0,0,0,0,0
2020-08-24,US,New Mexico,Otero,216,11,0,32.61348406,-105.7417604,35035.0,320.0474144317677,5.092592592592593,205,215,11,0,204,210,66781,1,0,0,1,5
2020-08-24,US,New Mexico,Quay,60,1,0,35.10403332,-103.54817270000001,35037.0,727.0083605961469,1.6666666666666667,59,60,1,0,59,61,8253,0,0,0,0,-1
2020-08-24,US,New Mexico,Rio Arriba,347,10,0,36.51072137,-106.69316740000001,35039.0,891.5495490866114,2.8818443804034577,337,345,10,0,335,344,39006,2,0,0,2,1
2020-08-24,US,New Mexico,Roosevelt,191,1,0,34.02097406,-103.4799493,35041.0,1032.4324324324325,0.5235602094240838,190,191,1,0,190,193,18743,0,0,0,0,-2
2020-08-24,US,New Mexico,San Juan,3149,189,0,36.50838318,-108.32043700000001,35045.0,2540.376579163911,6.001905366783106,2960,3146,189,0,2957,3116,125043,3,0,0,3,30
2020-08-24,US,New Mexico,San Miguel,67,0,0,35.48014807,-104.8163562,35047.0,245.62818491769627,0.0,67,67,0,0,67,62,27591,0,0,0,0,5
2020-08-24,US,New Mexico,Sandoval,1199,35,0,35.68862401,-106.86878030000001,35043.0,817.0469103497153,2.9190992493744785,1164,1194,35,0,1159,1176,145179,5,0,0,5,18
2020-08-24,US,New Mexico,Santa Fe,780,3,0,35.50708973,-105.9774716,35049.0,518.7618882932734,0.38461538461538464,777,777,3,0,774,753,150056,3,0,0,3,24
2020-08-24,US,New Mexico,Sierra,37,1,0,33.13028233,-107.1925893,35051.0,342.87832452970065,2.702702702702702,36,37,1,0,36,36,10968,0,0,0,0,1
2020-08-24,US,New Mexico,Socorro,76,6,0,34.00715494,-106.9298354,35053.0,456.8131273667128,7.894736842105262,70,76,6,0,70,76,16735,0,0,0,0,0
2020-08-24,US,New Mexico,Taos,116,2,0,36.58006022,-105.63101979999999,35055.0,354.4907251780093,1.7241379310344829,114,115,2,0,113,114,32835,1,0,0,1,1
2020-08-24,US,New Mexico,Torrance,63,1,0,34.64048375,-105.8508949,35057.0,407.4768773041847,1.5873015873015872,62,63,1,0,62,63,15591,0,0,0,0,0
2020-08-24,US,New Mexico,Unassigned,1389,2,0,0.0,0.0,90035.0,0.0,0.14398848092152627,1387,1316,0,0,1316,1516,,73,2,0,71,-200
2020-08-24,US,New Mexico,Union,31,2,0,36.48126404,-103.4709624,35059.0,763.7349100763735,6.451612903225807,29,31,2,0,29,29,4118,0,0,0,0,2
2020-08-24,US,New Mexico,Valencia,494,4,0,34.71669834,-106.8103733,35061.0,644.1685791779679,0.8097165991902834,490,493,4,0,489,486,76456,1,0,0,1,7
2020-08-24,US,New York,Albany,2701,129,0,42.60060306,-73.97723916,36001.0,884.1070224480043,4.776008885597927,2572,2699,129,0,2570,2693,307117,2,0,0,2,6
2020-08-24,US,New York,Allegany,85,1,0,42.25748406,-78.02750466,36003.0,184.4177822134473,1.1764705882352942,84,85,1,0,84,84,46430,0,0,0,0,1
2020-08-24,US,New York,Broome,1250,69,0,42.15903158,-75.81326086,36007.0,656.2093150224687,5.52,1181,1239,69,0,1170,1227,191659,11,0,0,11,12
2020-08-24,US,New York,Cattaraugus,182,6,0,42.24778241,-78.67923096,36009.0,239.105587450898,3.2967032967032965,176,180,6,0,174,178,76840,2,0,0,2,2
2020-08-24,US,New York,Cayuga,167,2,0,42.91261714,-76.55731592,36011.0,218.083994985374,1.1976047904191616,165,167,2,0,165,166,77145,0,0,0,0,1
2020-08-24,US,New York,Chautauqua,289,9,0,42.22769210000001,-79.36691763,36013.0,227.73299291584908,3.1141868512110733,280,289,9,0,280,287,127939,0,0,0,0,2
2020-08-24,US,New York,Chemung,194,3,0,42.13891056,-76.7638805,36015.0,232.45782208588957,1.5463917525773196,191,194,3,0,191,194,84254,0,0,0,0,0
2020-08-24,US,New York,Chenango,223,6,0,42.49430041,-75.60887553,36017.0,472.38756964009576,2.690582959641256,217,223,6,0,217,223,47536,0,0,0,0,0
2020-08-24,US,New York,Clinton,142,4,0,44.74530905,-73.67875352,36019.0,176.43039075604145,2.8169014084507036,138,141,4,0,137,141,80695,1,0,0,1,0
2020-08-24,US,New York,Columbia,562,37,0,42.24819348,-73.63089095,36021.0,945.1573300146314,6.5836298932384345,525,562,37,0,525,561,59916,0,0,0,0,1
2020-08-24,US,New York,Cortland,98,0,0,42.59509207,-76.07048931,36023.0,205.9645656879847,0.0,98,98,0,0,98,98,47823,0,0,0,0,0
2020-08-24,US,New York,Delaware,109,4,0,42.19837623,-74.96709306,36025.0,246.96952532004082,3.669724770642202,105,109,4,0,105,109,44527,0,0,0,0,0
2020-08-24,US,New York,Dutchess,4777,153,0,41.76486060000001,-73.74356679,36027.0,1623.6260188023846,3.2028469750889683,4624,4767,153,0,4614,4753,293718,10,0,0,10,14
2020-08-24,US,New York,Erie,9491,676,0,42.76249024,-78.73063652,36029.0,1033.0879871819154,7.1225371404488484,8815,9465,676,0,8789,9413,919719,26,0,0,26,52
2020-08-24,US,New York,Essex,100,0,0,44.11630765,-73.77297842,36031.0,271.112918530568,0.0,100,100,0,0,100,98,37300,0,0,0,0,2
2020-08-24,US,New York,Franklin,56,0,0,44.59040891,-74.29926032,36033.0,111.9507416736636,0.0,56,56,0,0,56,56,50293,0,0,0,0,0
2020-08-24,US,New York,Fulton,309,24,0,43.11363907,-74.41798804,36035.0,578.835959013169,7.766990291262137,285,309,24,0,285,308,53591,0,0,0,0,1
2020-08-24,US,New York,Genesee,290,5,0,43.0022601,-78.19135193,36037.0,506.2849162011173,1.7241379310344829,285,290,5,0,285,290,57511,0,0,0,0,0
2020-08-24,US,New York,Greene,305,18,0,42.275797,-74.12384884,36039.0,646.3507671441891,5.9016393442622945,287,305,18,0,287,305,47491,0,0,0,0,0
2020-08-24,US,New York,Hamilton,12,0,0,43.66146647,-74.49721957,36041.0,271.7391304347826,0.0,12,12,0,0,12,12,4434,0,0,0,0,0
2020-08-24,US,New York,Herkimer,289,4,0,43.42034246,-74.96145307,36043.0,471.30579428888274,1.3840830449826989,285,289,4,0,285,289,61833,0,0,0,0,0
2020-08-24,US,New York,Jefferson,145,0,0,44.04200959,-75.94653457,36045.0,132.01740808857002,0.0,145,145,0,0,145,144,111755,0,0,0,0,1
2020-08-24,US,New York,Lewis,47,0,0,43.784415700000004,-75.44903992,36049.0,178.73440827502282,0.0,47,47,0,0,47,47,26447,0,0,0,0,0
2020-08-24,US,New York,Livingston,180,8,0,42.72596275,-77.77966158,36051.0,286.10484152970724,4.4444444444444455,172,180,8,0,172,179,63227,0,0,0,0,1
2020-08-24,US,New York,Madison,432,17,0,42.91653905,-75.67266639,36053.0,608.956738698355,3.935185185185185,415,432,17,0,415,432,70795,0,0,0,0,0
2020-08-24,US,New York,Monroe,5330,285,0,43.14638895,-77.69322942,36055.0,718.5515725898863,5.347091932457786,5045,5317,285,0,5032,5297,742474,13,0,0,13,20
2020-08-24,US,New York,Montgomery,196,4,0,42.90123494,-74.44011632,36057.0,398.20401860994286,2.0408163265306123,192,194,4,0,190,193,49455,2,0,0,2,1
2020-08-24,US,New York,Nassau,44284,2196,0,40.74066522,-73.58941873,36059.0,3263.557870595553,4.958901634901996,42088,44245,2196,0,42049,44205,1358343,39,0,0,39,40
2020-08-24,US,New York,New York City,232334,23662,0,40.76727260000001,-73.97152637,36061.0,2786.84298815723,10.184475797773894,208672,232120,23658,0,208462,231841,1628701,214,4,0,210,279
2020-08-24,US,New York,Niagara,1576,98,0,43.19898042,-78.74777412,36063.0,753.0545056646328,6.218274111675128,1478,1575,98,0,1477,1566,210433,1,0,0,1,9
2020-08-24,US,New York,Oneida,2245,117,0,43.24375382,-75.43710392,36065.0,981.75982087803,5.211581291759464,2128,2244,117,0,2127,2242,229577,1,0,0,1,2
2020-08-24,US,New York,Onondaga,3768,203,0,43.00491923,-76.19971155,36067.0,818.1912934718408,5.3874734607218695,3565,3758,203,0,3555,3756,461809,10,0,0,10,2
2020-08-24,US,New York,Ontario,381,34,0,42.85145728,-77.30874425,36069.0,347.06723630633013,8.923884514435695,347,381,34,0,347,378,109864,0,0,0,0,3
2020-08-24,US,New York,Orange,11343,493,0,41.40337468,-74.30240757,36071.0,2946.6929911154984,4.346292867848012,10850,11334,493,0,10841,11328,381951,9,0,0,9,6
2020-08-24,US,New York,Orleans,304,54,0,43.2516977,-78.2320066,36073.0,753.370340999207,17.763157894736842,250,304,54,0,250,304,40612,0,0,0,0,0
2020-08-24,US,New York,Oswego,282,3,0,43.42778894,-76.14635194,36075.0,240.77046548956662,1.0638297872340423,279,282,3,0,279,281,117898,0,0,0,0,1
2020-08-24,US,New York,Otsego,124,5,0,42.63492579,-75.03151402,36077.0,208.4278822718639,4.032258064516129,119,124,5,0,119,124,59749,0,0,0,0,0
2020-08-24,US,New York,Putnam,1475,63,0,41.42630093,-73.74965532,36079.0,1500.2034174125306,4.271186440677966,1412,1473,63,0,1410,1473,98892,2,0,0,2,0
2020-08-24,US,New York,Rensselaer,818,40,0,42.71348136,-73.51089874,36083.0,515.3924669531358,4.88997555012225,778,817,40,0,777,813,159442,1,0,0,1,4
2020-08-24,US,New York,Rockland,14139,674,0,41.15027894,-74.02560498,36087.0,4339.925534625171,4.766956644741495,13465,14129,674,0,13455,14118,325695,10,0,0,10,11
2020-08-24,US,New York,Saratoga,816,17,0,43.10904162,-73.86653895,36091.0,354.9940616802183,2.083333333333333,799,815,17,0,798,813,230163,1,0,0,1,2
2020-08-24,US,New York,Schenectady,1182,37,0,42.81668777,-74.05278291,36093.0,761.1124347226962,3.130287648054145,1145,1179,37,0,1142,1172,155350,3,0,0,3,7
2020-08-24,US,New York,Schoharie,69,0,0,42.58831742,-74.44339029999998,36095.0,222.58782541372295,0.0,69,69,0,0,69,69,31097,0,0,0,0,0
2020-08-24,US,New York,Schuyler,24,0,0,42.39184015,-76.8773299,36097.0,134.77845790981078,0.0,24,24,0,0,24,24,17912,0,0,0,0,0
2020-08-24,US,New York,Seneca,95,3,0,42.78081007,-76.82497064,36099.0,279.28033866415797,3.1578947368421053,92,95,3,0,92,95,34300,0,0,0,0,0
2020-08-24,US,New York,St. Lawrence,267,4,0,44.4976179,-75.06550039,36089.0,247.81882309263042,1.49812734082397,263,267,4,0,263,265,108047,0,0,0,0,2
2020-08-24,US,New York,Steuben,310,42,0,42.2689144,-77.3829924,36101.0,325.01913419096445,13.548387096774194,268,310,42,0,268,309,95796,0,0,0,0,1
2020-08-24,US,New York,Suffolk,44519,2001,0,40.88320119,-72.8012172,36103.0,3014.9647738285425,4.49471012376738,42518,44498,2001,0,42497,44456,1481093,21,0,0,21,42
2020-08-24,US,New York,Sullivan,1495,48,0,41.71579493,-74.76394559,36105.0,1981.917488599003,3.210702341137124,1447,1495,48,0,1447,1495,75498,0,0,0,0,0
2020-08-24,US,New York,Tioga,206,25,0,42.16852837,-76.30835812,36107.0,427.35929299006284,12.135922330097088,181,206,25,0,181,204,48560,0,0,0,0,2
2020-08-24,US,New York,Tompkins,244,0,0,42.44945765,-76.47229843,36109.0,238.79428459581126,0.0,244,244,0,0,244,244,102793,0,0,0,0,0
2020-08-24,US,New York,Ulster,2134,93,0,41.89027881,-74.26252104,36111.0,1201.75927646658,4.358013120899719,2041,2127,93,0,2034,2126,178599,7,0,0,7,1
2020-08-24,US,New York,Warren,315,33,0,43.56173026,-73.8433699,36113.0,492.6185412235706,10.476190476190476,282,315,33,0,282,315,64265,0,0,0,0,0
2020-08-24,US,New York,Washington,266,14,0,43.31153794,-73.43043448,36115.0,434.6121168551075,5.2631578947368425,252,266,14,0,252,266,61197,0,0,0,0,0
2020-08-24,US,New York,Wayne,275,3,0,43.15494365,-77.02976528,36117.0,305.834204497431,1.0909090909090908,272,275,3,0,272,275,90064,0,0,0,0,0
2020-08-24,US,New York,Westchester,36710,1449,0,41.16278376,-73.75741653,36119.0,3794.29171498678,3.9471533642059375,35261,36689,1449,0,35240,36651,967612,21,0,0,21,38
2020-08-24,US,New York,Wyoming,124,5,0,42.70145109,-78.22199579,36121.0,311.0966155698838,4.032258064516129,119,123,5,0,118,121,40085,1,0,0,1,2
2020-08-24,US,New York,Yates,60,7,0,42.63505484,-77.10369919,36123.0,240.83811664592784,11.666666666666664,53,60,7,0,53,59,24841,0,0,0,0,1
2020-08-24,US,North Carolina,Alamance,2921,44,0,36.0434701,-79.39976137,37001.0,1723.2123368080752,1.5063334474495036,2877,2876,44,0,2832,2838,166436,45,0,0,45,38
2020-08-24,US,North Carolina,Alexander,369,2,0,35.922379600000006,-81.17751948,37003.0,984.0787262981039,0.5420054200542005,367,366,2,0,364,362,37353,3,0,0,3,4
2020-08-24,US,North Carolina,Alleghany,191,0,0,36.49360862,-81.12857041,37005.0,1715.004040585436,0.0,191,189,0,0,189,186,11161,2,0,0,2,3
2020-08-24,US,North Carolina,Anson,406,3,0,34.97403241,-80.09953279,37007.0,1660.8034034197824,0.7389162561576355,403,400,3,0,397,397,24877,6,0,0,6,3
2020-08-24,US,North Carolina,Ashe,184,1,0,36.43296207,-81.49862729,37009.0,676.3959857368673,0.5434782608695652,183,184,1,0,183,182,27109,0,0,0,0,2
2020-08-24,US,North Carolina,Avery,120,0,0,36.07569796,-81.92308483,37011.0,683.4880674374892,0.0,120,119,0,0,119,118,17505,1,0,0,1,1
2020-08-24,US,North Carolina,Beaufort,504,9,0,35.48531943,-76.84325809,37013.0,1072.477337532451,1.7857142857142858,495,497,9,0,488,491,47079,7,0,0,7,6
2020-08-24,US,North Carolina,Bertie,362,5,0,36.0688473,-76.96545943,37015.0,1910.5927059692826,1.3812154696132597,357,359,5,0,354,354,19026,3,0,0,3,5
2020-08-24,US,North Carolina,Bladen,674,9,0,34.61296243,-78.56180059,37017.0,2059.7762972923415,1.3353115727002969,665,669,9,0,660,670,33190,5,0,0,5,-1
2020-08-24,US,North Carolina,Brunswick,1358,23,0,34.070565,-78.22814204,37019.0,950.8472202772721,1.6936671575846831,1335,1353,22,0,1331,1348,136744,5,1,0,4,5
2020-08-24,US,North Carolina,Buncombe,2298,64,0,35.61113393,-82.53305,37021.0,879.815920150388,2.7850304612706696,2234,2260,64,0,2196,2237,259103,38,0,0,38,23
2020-08-24,US,North Carolina,Burke,1799,27,0,35.74989637,-81.70755735,37023.0,1988.1748356081118,1.500833796553641,1772,1792,27,0,1765,1783,90382,7,0,0,7,9
2020-08-24,US,North Carolina,Cabarrus,2986,51,0,35.3877799,-80.55267168,37025.0,1379.5142594466236,1.7079705291359681,2935,2958,51,0,2907,2929,211342,28,0,0,28,29
2020-08-24,US,North Carolina,Caldwell,1357,14,0,35.95204977,-81.54799522,37027.0,1651.293533549125,1.0316875460574797,1343,1354,14,0,1340,1347,82029,3,0,0,3,7
2020-08-24,US,North Carolina,Camden,87,2,0,36.33804939,-76.15568396,37029.0,800.5889389896014,2.2988505747126435,85,85,2,0,83,84,10710,2,0,0,2,1
2020-08-24,US,North Carolina,Carteret,436,5,0,34.8932941,-76.54120135,37031.0,627.5819383069681,1.1467889908256879,431,423,5,0,418,414,69524,13,0,0,13,9
2020-08-24,US,North Carolina,Caswell,219,2,0,36.39312665,-79.33353281,37033.0,968.8550698991327,0.9132420091324199,217,216,2,0,214,214,22698,3,0,0,3,2
2020-08-24,US,North Carolina,Catawba,2454,39,0,35.66211129,-81.2132617,37035.0,1538.0661982688919,1.5892420537897312,2415,2436,39,0,2397,2423,158652,18,0,0,18,13
2020-08-24,US,North Carolina,Chatham,1433,56,0,35.70394416,-79.25541492,37037.0,1924.2648046193094,3.9078855547801816,1377,1422,56,0,1366,1404,73139,11,0,0,11,18
2020-08-24,US,North Carolina,Cherokee,367,5,0,35.1349263,-84.05970864,37039.0,1282.6785963931218,1.3623978201634876,362,364,5,0,359,361,28383,3,0,0,3,3
2020-08-24,US,North Carolina,Chowan,186,2,0,36.12908077,-76.60118385,37041.0,1334.002725381912,1.075268817204301,184,182,2,0,180,176,14029,4,0,0,4,6
2020-08-24,US,North Carolina,Clay,83,1,0,35.05704275,-83.74353633,37043.0,739.0259104264981,1.2048192771084338,82,82,1,0,81,82,11139,1,0,0,1,0
2020-08-24,US,North Carolina,Cleveland,1488,25,0,35.33553364,-81.55204486,37045.0,1519.1889491255474,1.6801075268817205,1463,1474,25,0,1449,1462,97645,14,0,0,14,12
2020-08-24,US,North Carolina,Columbus,1040,50,0,34.26744084,-78.65801424,37047.0,1873.6038048569574,4.807692307692308,990,1040,50,0,990,1036,55655,0,0,0,0,4
2020-08-24,US,North Carolina,Craven,875,24,0,35.11833364,-77.08398081,37049.0,856.6757066350757,2.7428571428571433,851,874,24,0,850,867,102912,1,0,0,1,7
2020-08-24,US,North Carolina,Cumberland,3745,65,0,35.04762133,-78.82623165,37051.0,1116.2144681662787,1.7356475300400531,3680,3727,65,0,3662,3680,332330,18,0,0,18,47
2020-08-24,US,North Carolina,Currituck,89,0,0,36.36123664,-75.95876401,37053.0,320.57054352915765,0.0,89,89,0,0,89,89,27072,0,0,0,0,0
2020-08-24,US,North Carolina,Dare,232,2,0,35.66520691,-75.71767334,37055.0,626.8745440298305,0.8620689655172413,230,230,2,0,228,225,36501,2,0,0,2,5
2020-08-24,US,North Carolina,Davidson,2040,31,0,35.79115496,-80.21256572,37057.0,1217.118412495749,1.5196078431372548,2009,2023,31,0,1992,2002,166614,17,0,0,17,21
2020-08-24,US,North Carolina,Davie,461,6,0,35.93099927,-80.54496571,37059.0,1075.9464127339777,1.3015184381778742,455,459,6,0,453,455,42733,2,0,0,2,4
2020-08-24,US,North Carolina,Duplin,2060,49,0,34.93449805,-77.93140529,37061.0,3506.920209053301,2.3786407766990294,2011,2055,49,0,2006,2051,58856,5,0,0,5,4
2020-08-24,US,North Carolina,Durham,6626,81,0,36.03638492,-78.87608331,37063.0,2061.041158612452,1.2224569876245095,6545,6599,81,0,6518,6577,316739,27,0,0,27,22
2020-08-24,US,North Carolina,Edgecombe,854,17,0,35.91230639,-77.59436892,37065.0,1659.1544917625115,1.990632318501171,837,845,17,0,828,830,52005,9,0,0,9,15
2020-08-24,US,North Carolina,Forsyth,5876,66,0,36.12859861,-80.25459052,37067.0,1537.0329196039706,1.123213070115725,5810,5824,66,0,5758,5790,379099,52,0,0,52,34
2020-08-24,US,North Carolina,Franklin,976,28,0,36.081519,-78.28708884,37069.0,1400.5883619143285,2.8688524590163933,948,973,28,0,945,965,67560,3,0,0,3,8
2020-08-24,US,North Carolina,Gaston,3846,61,0,35.29373559,-81.17477045,37071.0,1712.9190438651574,1.5860634425377016,3785,3814,61,0,3753,3783,222846,32,0,0,32,31
2020-08-24,US,North Carolina,Gates,75,2,0,36.44667547,-76.69749701,37073.0,648.6766995329527,2.6666666666666665,73,72,2,0,70,71,11573,3,0,0,3,1
2020-08-24,US,North Carolina,Graham,50,0,0,35.3506925,-83.83369267,37075.0,592.3468783319512,0.0,50,50,0,0,50,50,8484,0,0,0,0,0
2020-08-24,US,North Carolina,Granville,1446,37,0,36.30337451,-78.65184241,37077.0,2392.3365815727216,2.558782849239281,1409,1441,37,0,1404,1430,60115,5,0,0,5,11
2020-08-24,US,North Carolina,Greene,373,3,0,35.48544173,-77.67578087,37079.0,1770.3735345768664,0.8042895442359249,370,370,3,0,367,363,21012,3,0,0,3,7
2020-08-24,US,North Carolina,Guilford,6427,163,0,36.07959451,-79.78824948,37081.0,1196.446589000957,2.5361755095690057,6264,6377,163,0,6214,6314,533670,50,0,0,50,63
2020-08-24,US,North Carolina,Halifax,816,9,0,36.25669272,-77.6556109,37083.0,1631.6736652669465,1.1029411764705883,807,815,9,0,806,806,50574,1,0,0,1,9
2020-08-24,US,North Carolina,Harnett,1509,43,0,35.36731853,-78.87243571,37085.0,1109.7546625875154,2.8495692511597084,1466,1495,43,0,1452,1488,134214,14,0,0,14,7
2020-08-24,US,North Carolina,Haywood,487,25,0,35.55269063,-82.98196486,37087.0,781.4881974421104,5.13347022587269,462,485,25,0,460,483,61971,2,0,0,2,2
2020-08-24,US,North Carolina,Henderson,1647,59,0,35.33788927,-82.4766782,37089.0,1402.6929660951996,3.5822707953855493,1588,1645,59,0,1586,1639,116748,2,0,0,2,6
2020-08-24,US,North Carolina,Hertford,467,12,0,36.3607755,-76.98104134,37091.0,1972.3782573805804,2.569593147751606,455,462,12,0,450,450,23659,5,0,0,5,12
2020-08-24,US,North Carolina,Hoke,833,12,0,35.01888303,-79.23651674,37093.0,1508.1290509468804,1.4405762304921967,821,819,12,0,807,809,54764,14,0,0,14,10
2020-08-24,US,North Carolina,Hyde,77,0,0,35.42017674,-76.15180542,37095.0,1559.6516102896494,0.0,77,76,0,0,76,70,5230,1,0,0,1,6
2020-08-24,US,North Carolina,Iredell,2214,18,0,35.80950511,-80.8743128,37097.0,1217.7815913666216,0.8130081300813008,2196,2187,18,0,2169,2159,178435,27,0,0,27,28
2020-08-24,US,North Carolina,Jackson,469,7,0,35.28814273,-83.14093385,37099.0,1067.4131731075606,1.492537313432836,462,468,7,0,461,468,43327,1,0,0,1,0
2020-08-24,US,North Carolina,Johnston,3618,49,0,35.51745004,-78.36622717,37101.0,1728.2971639302755,1.3543394140409066,3569,3595,49,0,3546,3562,202675,23,0,0,23,33
2020-08-24,US,North Carolina,Jones,126,6,0,35.02254606,-77.35870791,37103.0,1337.7216264996284,4.761904761904762,120,126,6,0,120,122,9637,0,0,0,0,4
2020-08-24,US,North Carolina,Lee,1386,11,0,35.47623147,-79.17569362,37105.0,2243.4807944447143,0.7936507936507936,1375,1380,11,0,1369,1372,61452,6,0,0,6,8
2020-08-24,US,North Carolina,Lenoir,727,11,0,35.24032589999999,-77.64245615,37107.0,1299.397665731291,1.5130674002751032,716,715,11,0,704,706,55976,12,0,0,12,9
2020-08-24,US,North Carolina,Lincoln,1029,10,0,35.48508185,-81.21740317,37109.0,1194.969283831334,0.9718172983479106,1019,1012,10,0,1002,1001,83770,17,0,0,17,11
2020-08-24,US,North Carolina,Macon,520,2,0,35.14867843,-83.41696617,37113.0,1450.1645378994924,0.38461538461538464,518,516,2,0,514,505,35285,4,0,0,4,11
2020-08-24,US,North Carolina,Madison,58,1,0,35.85402722,-82.71346418,37115.0,266.605378074006,1.7241379310344829,57,56,1,0,55,57,21763,2,0,0,2,-1
2020-08-24,US,North Carolina,Martin,312,7,0,35.84326734,-77.10860251,37117.0,1390.374331550802,2.243589743589744,305,310,7,0,303,309,22671,2,0,0,2,1
2020-08-24,US,North Carolina,McDowell,753,23,0,35.67736232,-82.0482425,37111.0,1645.6858116968267,3.0544488711819393,730,751,23,0,728,750,45507,2,0,0,2,1
2020-08-24,US,North Carolina,Mecklenburg,24260,274,0,35.24469268,-80.8317671,37119.0,2184.884847742526,1.1294311624072548,23986,24129,271,0,23858,23978,1093901,131,3,0,128,151
2020-08-24,US,North Carolina,Mitchell,89,3,0,36.01059309,-82.1582442,37121.0,594.7607591553061,3.3707865168539324,86,88,3,0,85,84,15000,1,0,0,1,4
2020-08-24,US,North Carolina,Montgomery,797,17,0,35.33155144,-79.90416657,37123.0,2933.058550767306,2.132998745294856,780,779,17,0,762,771,27271,18,0,0,18,8
2020-08-24,US,North Carolina,Moore,1231,21,0,35.30885257,-79.48474178,37125.0,1220.2616970658207,1.7059301380991063,1210,1207,21,0,1186,1171,98682,24,0,0,24,36
2020-08-24,US,North Carolina,Nash,1476,21,0,35.96575634,-77.98422508,37127.0,1565.2505885596725,1.4227642276422765,1455,1464,21,0,1443,1446,94016,12,0,0,12,18
2020-08-24,US,North Carolina,New Hanover,2846,21,0,34.25758282,-77.87075626,37129.0,1213.7858090270522,0.7378777231201686,2825,2840,21,0,2819,2827,232274,6,0,0,6,13
2020-08-24,US,North Carolina,Northampton,336,17,0,36.41736238,-77.39769443,37131.0,1724.58040342863,5.059523809523808,319,335,17,0,318,331,19676,1,0,0,1,4
2020-08-24,US,North Carolina,Onslow,1355,13,0,34.72607366,-77.42908179,37133.0,684.5577908233893,0.9594095940959408,1342,1340,13,0,1327,1334,197683,15,0,0,15,6
2020-08-24,US,North Carolina,Orange,1955,50,0,36.06092947,-79.12167935,37135.0,1316.7111182952126,2.557544757033248,1905,1891,50,0,1841,1808,146027,64,0,0,64,83
2020-08-24,US,North Carolina,Pamlico,90,2,0,35.15253315,-76.66559823,37137.0,707.2135785007073,2.2222222222222223,88,84,2,0,82,84,12670,6,0,0,6,0
2020-08-24,US,North Carolina,Pasquotank,513,22,0,36.26723798,-76.25134778,37139.0,1288.1679389312974,4.288499025341131,491,507,22,0,485,504,39639,6,0,0,6,3
2020-08-24,US,North Carolina,Pender,740,4,0,34.52265624,-77.90352133,37141.0,1173.4855692990802,0.5405405405405406,736,738,4,0,734,732,62162,2,0,0,2,6
2020-08-24,US,North Carolina,Perquimans,105,2,0,36.17847453,-76.40603143,37143.0,779.9153234791652,1.9047619047619049,103,102,2,0,100,101,13422,3,0,0,3,1
2020-08-24,US,North Carolina,Person,279,2,0,36.38989032,-78.97217358,37145.0,706.5079767029628,0.7168458781362007,277,276,2,0,274,271,39507,3,0,0,3,5
2020-08-24,US,North Carolina,Pitt,2766,15,0,35.59535426,-77.37353178,37147.0,1530.358190127364,0.5422993492407809,2751,2670,15,0,2655,2572,179914,96,0,0,96,98
2020-08-24,US,North Carolina,Polk,209,6,0,35.27820615,-82.16812354,37149.0,1008.4925690021232,2.8708133971291865,203,200,6,0,194,200,20611,9,0,0,9,0
2020-08-24,US,North Carolina,Randolph,2325,43,0,35.71015088,-79.80570339,37151.0,1618.3257115412725,1.8494623655913975,2282,2318,43,0,2275,2307,143351,7,0,0,7,11
2020-08-24,US,North Carolina,Richmond,619,9,0,35.00417719,-79.74491009,37153.0,1380.8026054562893,1.4539579967689822,610,611,9,0,602,609,44887,8,0,0,8,2
2020-08-24,US,North Carolina,Robeson,3219,58,0,34.64244496,-79.10250529999998,37155.0,2464.306220095694,1.8018018018018016,3161,3209,58,0,3151,3198,131831,10,0,0,10,11
2020-08-24,US,North Carolina,Rockingham,698,7,0,36.39593137,-79.77504841,37157.0,766.9486869574773,1.002865329512894,691,691,7,0,684,679,90690,7,0,0,7,12
2020-08-24,US,North Carolina,Rowan,2572,54,0,35.64003916,-80.52446628,37159.0,1810.1458251224594,2.0995334370139966,2518,2556,54,0,2502,2496,141262,16,0,0,16,60
2020-08-24,US,North Carolina,Rutherford,897,17,0,35.40114178,-81.92112099,37161.0,1338.2267376807056,1.89520624303233,880,885,17,0,868,875,66826,12,0,0,12,10
2020-08-24,US,North Carolina,Sampson,1558,20,0,34.98820368,-78.36914061,37163.0,2452.3460987549383,1.2836970474967908,1538,1551,20,0,1531,1545,63626,7,0,0,7,6
2020-08-24,US,North Carolina,Scotland,561,8,0,34.8386299,-79.4757978,37165.0,1611.0042213479596,1.42602495543672,553,556,8,0,548,546,34810,5,0,0,5,10
2020-08-24,US,North Carolina,Stanly,1381,31,0,35.31647813,-80.25093221,37167.0,2198.834506257364,2.24475018102824,1350,1375,31,0,1344,1363,62075,6,0,0,6,12
2020-08-24,US,North Carolina,Stokes,320,3,0,36.4017975,-80.23893369,37169.0,701.8929174617798,0.9375,317,319,3,0,316,318,45467,1,0,0,1,1
2020-08-24,US,North Carolina,Surry,1091,14,0,36.41689489,-80.69102283,37171.0,1519.8584623100178,1.2832263978001832,1077,1080,14,0,1066,1076,71948,11,0,0,11,4
2020-08-24,US,North Carolina,Swain,123,3,0,35.48665845,-83.48748932,37173.0,861.887744376708,2.4390243902439024,120,123,3,0,120,123,14245,0,0,0,0,0
2020-08-24,US,North Carolina,Transylvania,207,1,0,35.20383864,-82.79638423,37175.0,602.0066889632106,0.4830917874396135,206,207,1,0,206,206,34215,0,0,0,0,1
2020-08-24,US,North Carolina,Tyrrell,103,2,0,35.87147226,-76.17055253,37177.0,2564.741035856573,1.9417475728155342,101,103,2,0,101,103,4131,0,0,0,0,0
2020-08-24,US,North Carolina,Union,3702,47,0,34.98960527,-80.52955873,37179.0,1543.4067514664864,1.2695840086439762,3655,3679,47,0,3632,3648,235908,23,0,0,23,31
2020-08-24,US,North Carolina,Vance,858,42,0,36.36880673,-78.40670845,37181.0,1926.5746042438532,4.895104895104895,816,854,42,0,812,852,44582,4,0,0,4,2
2020-08-24,US,North Carolina,Wake,13842,188,0,35.78879266,-78.65249174,37183.0,1245.0517692201836,1.3581852333477822,13654,13700,188,0,13512,13522,1092305,142,0,0,142,178
2020-08-24,US,North Carolina,Warren,281,6,0,36.39728256,-78.10652228,37185.0,1424.1548831787545,2.1352313167259784,275,281,6,0,275,281,19807,0,0,0,0,0
2020-08-24,US,North Carolina,Washington,168,4,0,35.83810081,-76.57299037,37187.0,1450.7772020725388,2.380952380952381,164,160,4,0,156,159,11859,8,0,0,8,1
2020-08-24,US,North Carolina,Watauga,387,0,0,36.23103603,-81.70033724,37189.0,688.8940313651494,0.0,387,382,0,0,382,376,55945,5,0,0,5,6
2020-08-24,US,North Carolina,Wayne,2681,46,0,35.36438125,-78.00027268,37191.0,2177.355824284705,1.7157776948899663,2635,2672,46,0,2626,2660,123248,9,0,0,9,12
2020-08-24,US,North Carolina,Wilkes,981,20,0,36.2084135,-81.16232895,37193.0,1433.958954569374,2.038735983690112,961,976,20,0,956,962,68557,5,0,0,5,14
2020-08-24,US,North Carolina,Wilson,1670,36,0,35.70625477,-77.917978,37195.0,2041.5398344763516,2.155688622754491,1634,1656,36,0,1620,1645,81455,14,0,0,14,11
2020-08-24,US,North Carolina,Yadkin,599,7,0,36.16222629,-80.66239436,37197.0,1590.2514137043036,1.1686143572621035,592,599,7,0,592,596,37543,0,0,0,0,3
2020-08-24,US,North Carolina,Yancey,85,0,0,35.90079156,-82.31237181,37199.0,470.41894958215727,0.0,85,85,0,0,85,85,17903,0,0,0,0,0
2020-08-24,US,North Dakota,Adams,5,0,0,46.09686891,-102.5285397,38001.0,225.6317689530686,0.0,5,5,0,0,5,5,2294,0,0,0,0,0
2020-08-24,US,North Dakota,Barnes,59,0,0,46.93579637,-98.06605978,38003.0,566.4906385021602,0.0,59,58,0,0,58,57,10542,1,0,0,1,1
2020-08-24,US,North Dakota,Benson,205,3,0,48.0683985,-99.35916363,38005.0,3000.585480093677,1.4634146341463414,202,203,3,0,200,203,6962,2,0,0,2,0
2020-08-24,US,North Dakota,Billings,4,0,0,47.02366884,-103.3762965,38007.0,431.0344827586207,0.0,4,4,0,0,4,4,919,0,0,0,0,0
2020-08-24,US,North Dakota,Bottineau,24,0,0,48.79106111,-100.8378166,38009.0,382.04393505253097,0.0,24,24,0,0,24,24,6411,0,0,0,0,0
2020-08-24,US,North Dakota,Bowman,15,0,0,46.11285362,-103.5203343,38011.0,496.03174603174597,0.0,15,15,0,0,15,15,3076,0,0,0,0,0
2020-08-24,US,North Dakota,Burke,24,1,0,48.79094471,-102.51821170000001,38013.0,1134.7517730496456,4.166666666666667,23,24,1,0,23,24,2100,0,0,0,0,0
2020-08-24,US,North Dakota,Burleigh,1716,13,0,46.97847375,-100.46452140000001,38015.0,1794.491038002217,0.7575757575757576,1703,1701,13,0,1688,1673,95273,15,0,0,15,28
2020-08-24,US,North Dakota,Cass,3289,76,0,46.93201724,-97.24447190000001,38017.0,1807.9077411872056,2.310732745515354,3213,3274,76,0,3198,3250,181516,15,0,0,15,24
2020-08-24,US,North Dakota,Cavalier,31,0,0,48.77286211,-98.46685243,38019.0,824.0297713981925,0.0,31,31,0,0,31,31,3829,0,0,0,0,0
2020-08-24,US,North Dakota,Dickey,19,0,0,46.11017712,-98.50490079999999,38021.0,389.9835796387521,0.0,19,16,0,0,16,16,4903,3,0,0,3,0
2020-08-24,US,North Dakota,Divide,5,0,0,48.814938700000006,-103.48736109999999,38023.0,220.84805653710248,0.0,5,5,0,0,5,5,2283,0,0,0,0,0
2020-08-24,US,North Dakota,Dunn,40,0,0,47.35423935,-102.61604679999999,38025.0,904.1591320072333,0.0,40,39,0,0,39,39,4332,1,0,0,1,0
2020-08-24,US,North Dakota,Eddy,24,0,0,47.71701474,-98.90432337,38027.0,1049.4097070397902,0.0,24,23,0,0,23,22,2313,1,0,0,1,1
2020-08-24,US,North Dakota,Emmons,24,1,0,46.28398398,-100.2389766,38029.0,740.5121875964209,4.166666666666667,23,24,1,0,23,24,3295,0,0,0,0,0
2020-08-24,US,North Dakota,Foster,28,0,0,47.457108399999996,-98.88279923,38031.0,872.2741433021807,0.0,28,28,0,0,28,28,3216,0,0,0,0,0
2020-08-24,US,North Dakota,Golden Valley,23,0,0,46.94022281,-103.8465421,38033.0,1306.076093128904,0.0,23,22,0,0,22,22,1769,1,0,0,1,0
2020-08-24,US,North Dakota,Grand Forks,1044,10,0,47.92093639,-97.45450447,38035.0,1503.2180962117175,0.9578544061302682,1034,1019,10,0,1009,980,70770,25,0,0,25,39
2020-08-24,US,North Dakota,Grant,9,0,0,46.35821257,-101.63900129999999,38037.0,395.77836411609496,0.0,9,9,0,0,9,8,2374,0,0,0,0,1
2020-08-24,US,North Dakota,Griggs,38,1,0,47.45785838,-98.23850925,38039.0,1703.2720753025546,2.631578947368421,37,38,1,0,37,38,2232,0,0,0,0,0
2020-08-24,US,North Dakota,Hettinger,12,0,0,46.43375068,-102.4632417,38041.0,480.19207683073233,0.0,12,12,0,0,12,12,2514,0,0,0,0,0
2020-08-24,US,North Dakota,Kidder,25,0,0,46.97830064,-99.77507857,38043.0,1008.0645161290324,0.0,25,24,0,0,24,24,2450,1,0,0,1,0
2020-08-24,US,North Dakota,LaMoure,18,0,0,46.45681054,-98.53542355,38045.0,444.8838358872961,0.0,18,18,0,0,18,18,4062,0,0,0,0,0
2020-08-24,US,North Dakota,Logan,7,0,0,46.45729487,-99.47719806,38047.0,378.3783783783784,0.0,7,7,0,0,7,7,1903,0,0,0,0,0
2020-08-24,US,North Dakota,McHenry,28,1,0,48.23104458,-100.6324822,38049.0,487.38033072236726,3.571428571428572,27,27,1,0,26,27,5816,1,0,0,1,0
2020-08-24,US,North Dakota,McIntosh,43,3,0,46.11182017,-99.44145858,38051.0,1722.0664797757308,6.9767441860465125,40,43,2,0,41,43,2585,0,1,0,-1,0
2020-08-24,US,North Dakota,McKenzie,100,2,0,47.74133370000001,-103.395905,38053.0,665.6017039403621,2.0,98,100,2,0,98,100,13632,0,0,0,0,0
2020-08-24,US,North Dakota,McLean,127,1,0,47.60766714,-101.3182418,38055.0,1343.915343915344,0.7874015748031497,126,126,1,0,125,121,9541,1,0,0,1,5
2020-08-24,US,North Dakota,Mercer,37,0,0,47.31213126,-101.8318399,38057.0,451.93599609136436,0.0,37,37,0,0,37,37,8267,0,0,0,0,0
2020-08-24,US,North Dakota,Morton,544,4,0,46.71681782,-101.2822377,38059.0,1734.4726437954346,0.7352941176470589,540,537,4,0,533,529,31095,7,0,0,7,8
2020-08-24,US,North Dakota,Mountrail,161,1,0,48.20197971,-102.3555315,38061.0,1526.7899478425797,0.6211180124223602,160,160,1,0,159,159,10218,1,0,0,1,1
2020-08-24,US,North Dakota,Nelson,28,0,0,47.9226426,-98.19038437,38063.0,972.5599166377216,0.0,28,28,0,0,28,28,2869,0,0,0,0,0
2020-08-24,US,North Dakota,Oliver,8,0,0,47.11530482,-101.3406158,38065.0,408.371618172537,0.0,8,8,0,0,8,7,1952,0,0,0,0,1
2020-08-24,US,North Dakota,Pembina,28,0,0,48.76623521,-97.5523809,38067.0,411.70416115277163,0.0,28,28,0,0,28,28,6947,0,0,0,0,0
2020-08-24,US,North Dakota,Pierce,22,0,0,48.24977025,-99.96407787,38069.0,553.4591194968554,0.0,22,22,0,0,22,22,4081,0,0,0,0,0
2020-08-24,US,North Dakota,Ramsey,107,2,0,48.26886249,-98.72223879,38071.0,928.9000781317824,1.8691588785046729,105,99,2,0,97,98,11481,8,0,0,8,1
2020-08-24,US,North Dakota,Ransom,35,0,0,46.45621782,-97.65742504,38073.0,670.7550785741663,0.0,35,34,0,0,34,34,5237,1,0,0,1,0
2020-08-24,US,North Dakota,Renville,10,0,0,48.71982533,-101.6603912,38075.0,429.7378599054577,0.0,10,10,0,0,10,10,2374,0,0,0,0,0
2020-08-24,US,North Dakota,Richland,124,1,0,46.26440649,-96.94852979,38077.0,766.5203684243062,0.8064516129032258,123,122,1,0,121,121,16239,2,0,0,2,1
2020-08-24,US,North Dakota,Rolette,101,2,0,48.77245354,-99.84097493,38079.0,712.471783295711,1.98019801980198,99,100,2,0,98,100,14301,1,0,0,1,0
2020-08-24,US,North Dakota,Sargent,10,0,0,46.10830372,-97.63217159,38081.0,256.5418163160595,0.0,10,10,0,0,10,10,3870,0,0,0,0,0
2020-08-24,US,North Dakota,Sheridan,9,0,0,47.57700669,-100.3426391,38083.0,684.4106463878327,0.0,9,9,0,0,9,9,1349,0,0,0,0,0
2020-08-24,US,North Dakota,Sioux,110,2,0,46.11323337,-101.04401490000001,38085.0,2600.472813238771,1.818181818181818,108,110,2,0,108,109,4358,0,0,0,0,1
2020-08-24,US,North Dakota,Slope,5,0,0,46.44737738,-103.4601547,38087.0,666.6666666666666,0.0,5,5,0,0,5,5,763,0,0,0,0,0
2020-08-24,US,North Dakota,Stark,544,6,0,46.80851182,-102.65763259999999,38089.0,1727.5874114770236,1.1029411764705883,538,523,6,0,517,513,30997,21,0,0,21,10
2020-08-24,US,North Dakota,Steele,17,0,0,47.45611548,-97.72728747,38091.0,899.4708994708992,0.0,17,17,0,0,17,17,1903,0,0,0,0,0
2020-08-24,US,North Dakota,Stutsman,142,3,0,46.97962541,-98.95637318,38093.0,685.8578052550233,2.112676056338028,139,137,3,0,134,137,20917,5,0,0,5,0
2020-08-24,US,North Dakota,Towner,6,0,0,48.68565745,-99.24564265,38095.0,274.09776153494744,0.0,6,6,0,0,6,6,2192,0,0,0,0,0
2020-08-24,US,North Dakota,Traill,67,0,0,47.45367788,-97.16323288,38097.0,833.7481333997014,0.0,67,67,0,0,67,67,8037,0,0,0,0,0
2020-08-24,US,North Dakota,Walsh,138,1,0,48.36876964,-97.72574783,38099.0,1296.8705948689033,0.7246376811594203,137,137,1,0,136,137,10667,1,0,0,1,0
2020-08-24,US,North Dakota,Ward,403,1,0,48.22390169,-101.54367629999999,38101.0,595.7924927189131,0.2481389578163772,402,398,1,0,397,381,67744,5,0,0,5,17
2020-08-24,US,North Dakota,Wells,27,0,0,47.58614526,-99.65904998,38103.0,704.2253521126761,0.0,27,27,0,0,27,27,3957,0,0,0,0,0
2020-08-24,US,North Dakota,Williams,331,2,0,48.34522353,-103.4793387,38105.0,880.5767644789697,0.6042296072507553,329,326,2,0,324,325,35350,5,0,0,5,1
2020-08-24,US,Ohio,Adams,84,4,0,38.84541072,-83.4718964,39001.0,303.270994295617,4.761904761904762,80,84,3,0,81,84,27724,0,1,0,-1,0
2020-08-24,US,Ohio,Allen,1010,49,0,40.77285242,-84.10802343,39003.0,986.800324373968,4.851485148514851,961,1001,49,0,952,989,102663,9,0,0,9,12
2020-08-24,US,Ohio,Ashland,162,3,0,40.84772277,-82.27280781,39005.0,302.89432353601075,1.851851851851852,159,162,3,0,159,162,53745,0,0,0,0,0
2020-08-24,US,Ohio,Ashtabula,595,46,0,41.70860332,-80.74830218,39007.0,611.8818193971679,7.73109243697479,549,594,46,0,548,592,97493,1,0,0,1,2
2020-08-24,US,Ohio,Athens,373,2,0,39.33425634,-82.04278644,39009.0,570.9737168398977,0.5361930294906166,371,373,2,0,371,372,65818,0,0,0,0,1
2020-08-24,US,Ohio,Auglaize,365,8,0,40.55998859,-84.22421429999999,39011.0,799.4568074294726,2.191780821917808,357,363,8,0,355,352,45804,2,0,0,2,11
2020-08-24,US,Ohio,Belmont,674,26,0,40.01625942,-80.9924051,39013.0,1005.880070441453,3.8575667655786345,648,672,26,0,646,672,67505,2,0,0,2,0
2020-08-24,US,Ohio,Brown,190,2,0,38.93416837,-83.86788395,39015.0,437.46546325290115,1.0526315789473684,188,185,2,0,183,185,43602,5,0,0,5,0
2020-08-24,US,Ohio,Butler,3478,69,0,39.44012838,-84.57388716,39017.0,907.7763915496927,1.983898792409431,3409,3459,69,0,3390,3426,382378,19,0,0,19,33
2020-08-24,US,Ohio,Carroll,122,6,0,40.578968599999996,-81.09178213,39019.0,453.2956825444008,4.918032786885246,116,121,6,0,115,121,27081,1,0,0,1,0
2020-08-24,US,Ohio,Champaign,234,2,0,40.13923427,-83.76875242,39021.0,601.7744631606017,0.8547008547008547,232,232,2,0,230,230,38754,2,0,0,2,2
2020-08-24,US,Ohio,Clark,1351,20,0,39.91592258,-83.78498252,39023.0,1007.5848541574994,1.4803849000740192,1331,1341,19,0,1322,1330,134585,10,1,0,9,11
2020-08-24,US,Ohio,Clermont,1153,13,0,39.04847534,-84.15375786,39025.0,558.5482589571183,1.1274934952298352,1140,1140,13,0,1127,1132,205466,13,0,0,13,8
2020-08-24,US,Ohio,Clinton,216,6,0,39.41485808,-83.80852286,39027.0,514.6778497903165,2.7777777777777777,210,210,6,0,204,209,42057,6,0,0,6,1
2020-08-24,US,Ohio,Columbiana,1771,63,0,40.76932373,-80.78094576,39029.0,1738.2684059165906,3.5573122529644268,1708,1765,63,0,1702,1761,102665,6,0,0,6,4
2020-08-24,US,Ohio,Coshocton,209,9,0,40.30096166,-81.91729018,39031.0,571.0382513661202,4.30622009569378,200,209,9,0,200,209,36629,0,0,0,0,0
2020-08-24,US,Ohio,Crawford,189,5,0,40.85065156,-82.91989099,39033.0,455.487540367282,2.6455026455026456,184,188,5,0,183,187,41550,1,0,0,1,1
2020-08-24,US,Ohio,Cuyahoga,15032,552,0,41.424119,-81.65918339,39035.0,1217.0950357550005,3.672166045769026,14480,14955,552,0,14403,14881,1243857,77,0,0,77,74
2020-08-24,US,Ohio,Darke,548,31,0,40.13412966,-84.6194517,39037.0,1072.134290689257,5.656934306569343,517,534,31,0,503,528,51323,14,0,0,14,6
2020-08-24,US,Ohio,Defiance,191,5,0,41.32398837,-84.49076944,39039.0,501.4834457951532,2.6178010471204187,186,188,4,0,184,188,38165,3,1,0,2,0
2020-08-24,US,Ohio,Delaware,1527,20,0,40.27942393,-83.00457058,39041.0,730.003776705852,1.309757694826457,1507,1516,20,0,1496,1504,204826,11,0,0,11,12
2020-08-24,US,Ohio,Erie,710,33,0,41.36796058,-82.62904521,39043.0,956.0229445506692,4.647887323943662,677,704,33,0,671,699,74615,6,0,0,6,5
2020-08-24,US,Ohio,Fairfield,1594,39,0,39.75107189,-82.63088163,39045.0,1011.5882061761458,2.4466750313676284,1555,1586,39,0,1547,1578,155782,8,0,0,8,8
2020-08-24,US,Ohio,Fayette,172,1,0,39.56021306,-83.4562016,39047.0,602.979842243646,0.5813953488372093,171,169,1,0,168,168,28666,3,0,0,3,1
2020-08-24,US,Ohio,Franklin,20659,554,0,39.96995815,-83.01115755,39049.0,1568.9315256585126,2.6816399632121595,20105,20534,553,0,19981,20443,1310300,125,1,0,124,91
2020-08-24,US,Ohio,Fulton,177,1,0,41.60213491,-84.12571393,39051.0,420.16806722689074,0.5649717514124294,176,173,1,0,172,171,42276,4,0,0,4,2
2020-08-24,US,Ohio,Gallia,121,2,0,38.82708533,-82.31647569,39053.0,404.7093451066961,1.6528925619834711,119,114,2,0,112,106,29979,7,0,0,7,8
2020-08-24,US,Ohio,Geauga,595,46,0,41.49952319,-81.17935342,39055.0,635.3511516407009,7.73109243697479,549,594,46,0,548,592,94031,1,0,0,1,2
2020-08-24,US,Ohio,Greene,885,15,0,39.69116283,-83.89032084,39057.0,523.8639256054032,1.6949152542372878,870,871,15,0,856,862,167995,14,0,0,14,9
2020-08-24,US,Ohio,Guernsey,128,7,0,40.05026529,-81.49248905,39059.0,329.26045016077165,5.46875,121,128,7,0,121,127,39022,0,0,0,0,1
2020-08-24,US,Ohio,Hamilton,10606,281,0,39.19673558,-84.54502924,39061.0,1297.4128809147214,2.6494437111069207,10325,10533,281,0,10252,10503,816684,73,0,0,73,30
2020-08-24,US,Ohio,Hancock,476,5,0,41.00250487,-83.66838948,39063.0,628.1092065502818,1.050420168067227,471,467,5,0,462,468,75930,9,0,0,9,-1
2020-08-24,US,Ohio,Hardin,204,13,0,40.66015414,-83.65929931,39065.0,650.4065040650406,6.372549019607844,191,204,13,0,191,202,31480,0,0,0,0,2
2020-08-24,US,Ohio,Harrison,28,1,0,40.29380509,-81.09068544,39067.0,186.17021276595744,3.571428571428572,27,28,1,0,27,28,15174,0,0,0,0,0
2020-08-24,US,Ohio,Henry,172,2,0,41.333964200000004,-84.06830637,39069.0,636.8955047026586,1.162790697674419,170,154,2,0,152,157,27086,18,0,0,18,-3
2020-08-24,US,Ohio,Highland,183,3,0,39.1839264,-83.60331456,39071.0,423.99388336692846,1.639344262295082,180,183,3,0,180,182,43058,0,0,0,0,1
2020-08-24,US,Ohio,Hocking,131,9,0,39.49537927,-82.47991446,39073.0,463.48712142654966,6.870229007633588,122,131,9,0,122,130,28385,0,0,0,0,1
2020-08-24,US,Ohio,Holmes,342,7,0,40.56163713,-81.92635677,39075.0,777.9799818016379,2.046783625730994,335,341,7,0,334,341,43892,1,0,0,1,0
2020-08-24,US,Ohio,Huron,462,6,0,41.14651175,-82.59867951,39077.0,792.9152507465759,1.2987012987012987,456,462,6,0,456,462,58504,0,0,0,0,0
2020-08-24,US,Ohio,Jackson,137,0,0,39.01914254,-82.61818559999998,39079.0,422.66991639157135,0.0,137,133,0,0,133,118,32384,4,0,0,4,15
2020-08-24,US,Ohio,Jefferson,261,4,0,40.38614126,-80.76259514,39081.0,399.5407577497129,1.5325670498084292,257,261,4,0,257,261,65767,0,0,0,0,0
2020-08-24,US,Ohio,Knox,236,13,0,40.39830217,-82.42027563,39083.0,378.67847630050386,5.508474576271187,223,234,13,0,221,232,61893,2,0,0,2,2
2020-08-24,US,Ohio,Lake,1254,44,0,41.69710807,-81.23676539,39085.0,544.8644139231542,3.5087719298245608,1210,1244,44,0,1200,1233,230514,10,0,0,10,11
2020-08-24,US,Ohio,Lawrence,395,6,0,38.59743452,-82.53466552,39087.0,664.2786270453896,1.5189873417721518,389,394,6,0,388,390,59866,1,0,0,1,4
2020-08-24,US,Ohio,Licking,1499,56,0,40.09136236,-82.48185785,39089.0,847.5534597595865,3.735823882588392,1443,1492,56,0,1436,1489,175769,7,0,0,7,3
2020-08-24,US,Ohio,Logan,219,2,0,40.38996525,-83.76784341,39091.0,479.5060430898581,0.9132420091324199,217,219,2,0,217,214,45358,0,0,0,0,5
2020-08-24,US,Ohio,Lorain,2022,81,0,41.29553751,-82.15083537,39093.0,652.6096316402708,4.0059347181008915,1941,1998,80,0,1918,1981,309461,24,1,0,23,17
2020-08-24,US,Ohio,Lucas,6117,338,0,41.62101218,-83.65468618,39095.0,1428.0444871926566,5.525584436815431,5779,6070,338,0,5732,6036,429899,47,0,0,47,34
2020-08-24,US,Ohio,Madison,654,11,0,39.89381073,-83.40178317,39097.0,1462.0732825110103,1.6819571865443426,643,649,11,0,638,647,44413,5,0,0,5,2
2020-08-24,US,Ohio,Mahoning,2788,262,0,41.01631101,-80.77287029,39099.0,1219.1549000144305,9.397417503586802,2526,2761,262,0,2499,2752,229642,27,0,0,27,9
2020-08-24,US,Ohio,Marion,2986,45,0,40.58610662,-83.15736305,39101.0,4587.2828107477,1.507032819825854,2941,2978,45,0,2933,2977,65256,8,0,0,8,1
2020-08-24,US,Ohio,Medina,1098,36,0,41.11770589,-81.89986209999998,39103.0,610.8619941472967,3.278688524590164,1062,1086,36,0,1050,1074,179146,12,0,0,12,12
2020-08-24,US,Ohio,Meigs,85,0,0,39.09224872,-82.0305041,39105.0,371.06561313135717,0.0,85,81,0,0,81,79,23106,4,0,0,4,2
2020-08-24,US,Ohio,Mercer,772,14,0,40.54043046,-84.62912742,39107.0,1875.0607208782667,1.8134715025906736,758,772,14,0,758,752,40959,0,0,0,0,20
2020-08-24,US,Ohio,Miami,992,40,0,40.0543329,-84.22871271,39109.0,927.2154560834492,4.032258064516129,952,983,40,0,943,979,106222,9,0,0,9,4
2020-08-24,US,Ohio,Monroe,102,18,0,39.72984936,-81.08464734,39111.0,747.0338362384648,17.647058823529417,84,102,18,0,84,102,13790,0,0,0,0,0
2020-08-24,US,Ohio,Montgomery,5081,116,0,39.75394919,-84.29050975,39113.0,955.637433301924,2.2830151544971464,4965,5029,115,0,4914,4984,532331,52,1,0,51,45
2020-08-24,US,Ohio,Morgan,43,0,0,39.62081738,-81.85308173,39115.0,296.38819961400606,0.0,43,41,0,0,41,41,14604,2,0,0,2,0
2020-08-24,US,Ohio,Morrow,214,2,0,40.52363560000001,-82.7892599,39117.0,605.7518115942029,0.9345794392523364,212,214,2,0,212,211,35112,0,0,0,0,3
2020-08-24,US,Ohio,Muskingum,291,1,0,39.96575964,-81.94363275,39119.0,337.5282723423998,0.3436426116838488,290,290,1,0,289,290,86183,1,0,0,1,0
2020-08-24,US,Ohio,Noble,21,0,0,39.76818851,-81.45937183,39121.0,145.59068219633943,0.0,21,21,0,0,21,21,14354,0,0,0,0,0
2020-08-24,US,Ohio,Ottawa,435,28,0,41.53781826,-83.0940185,39123.0,1073.4114743985194,6.436781609195402,407,435,28,0,407,434,40769,0,0,0,0,1
2020-08-24,US,Ohio,Paulding,77,0,0,41.11676341,-84.5801017,39125.0,412.38217652099405,0.0,77,77,0,0,77,76,18760,0,0,0,0,1
2020-08-24,US,Ohio,Perry,207,5,0,39.73508655,-82.23804971,39127.0,572.8676592682792,2.415458937198068,202,199,5,0,194,195,36033,8,0,0,8,4
2020-08-24,US,Ohio,Pickaway,2448,42,0,39.64170392,-83.0243386,39129.0,4187.693518312606,1.7156862745098038,2406,2448,42,0,2406,2445,58086,0,0,0,0,3
2020-08-24,US,Ohio,Pike,93,0,0,39.07634001,-83.06769584,39131.0,334.86965288780067,0.0,93,92,0,0,92,92,28067,1,0,0,1,0
2020-08-24,US,Ohio,Portage,828,65,0,41.16793482,-81.19735782,39133.0,509.6450949737177,7.850241545893719,763,819,65,0,754,817,162927,9,0,0,9,2
2020-08-24,US,Ohio,Preble,317,3,0,39.7420247,-84.64787018,39135.0,775.4023775744827,0.946372239747634,314,309,3,0,306,299,40997,8,0,0,8,10
2020-08-24,US,Ohio,Putnam,266,17,0,41.02094889,-84.1336111,39137.0,785.564513747379,6.390977443609022,249,261,17,0,244,256,33780,5,0,0,5,5
2020-08-24,US,Ohio,Richland,674,16,0,40.77180308,-82.53799609999999,39139.0,556.3167538834871,2.373887240356083,658,670,16,0,654,667,121099,4,0,0,4,3
2020-08-24,US,Ohio,Ross,619,9,0,39.33705391,-83.06000914,39141.0,807.3983252028279,1.4539579967689822,610,613,8,0,605,611,76931,6,1,0,5,2
2020-08-24,US,Ohio,Sandusky,483,17,0,41.35624126,-83.137872,39143.0,825.3870603916744,3.519668737060041,466,478,17,0,461,477,58799,5,0,0,5,1
2020-08-24,US,Ohio,Scioto,308,1,0,38.80270163,-82.98907345,39145.0,408.95451044958435,0.3246753246753247,307,306,1,0,305,309,75502,2,0,0,2,-3
2020-08-24,US,Ohio,Seneca,297,10,0,41.12351311,-83.12783209,39147.0,538.2580013773605,3.3670033670033668,287,292,10,0,282,288,55207,5,0,0,5,4
2020-08-24,US,Ohio,Shelby,293,4,0,40.33163494,-84.20258189,39149.0,603.004733484256,1.3651877133105803,289,288,4,0,284,285,48627,5,0,0,5,3
2020-08-24,US,Ohio,Stark,2166,149,0,40.81482476,-81.36437305,39151.0,584.4481740716558,6.879039704524468,2017,2155,149,0,2006,2144,371574,11,0,0,11,11
2020-08-24,US,Ohio,Summit,4188,232,0,41.12464734,-81.53123079,39153.0,774.1033949276634,5.539637058261699,3956,4146,232,0,3914,4122,541918,42,0,0,42,24
2020-08-24,US,Ohio,Trumbull,1710,115,0,41.31735028,-80.76109643,39155.0,863.7497853253458,6.7251461988304095,1595,1699,114,0,1585,1695,198627,11,1,0,10,4
2020-08-24,US,Ohio,Tuscarawas,834,15,0,40.44214695,-81.47226262,39157.0,906.6498526965767,1.7985611510791366,819,829,15,0,814,828,92176,5,0,0,5,1
2020-08-24,US,Ohio,Union,330,1,0,40.30016061,-83.37239023,39159.0,559.4358174543975,0.30303030303030304,329,325,1,0,324,323,57835,5,0,0,5,2
2020-08-24,US,Ohio,Van Wert,80,2,0,40.8554138,-84.59111700000003,39161.0,282.9354553492485,2.5,78,79,2,0,77,79,28281,1,0,0,1,0
2020-08-24,US,Ohio,Vinton,36,2,0,39.25208988,-82.4831444,39163.0,275.12418800152847,5.5555555555555545,34,36,2,0,34,35,13139,0,0,0,0,1
2020-08-24,US,Ohio,Warren,2130,41,0,39.42581994,-84.16557457,39165.0,907.9206485878212,1.9248826291079808,2089,2105,41,0,2064,2090,232173,25,0,0,25,15
2020-08-24,US,Ohio,Washington,222,23,0,39.45690571,-81.49121382,39167.0,370.5496486454908,10.360360360360358,199,222,23,0,199,222,60155,0,0,0,0,0
2020-08-24,US,Ohio,Wayne,657,61,0,40.82925852,-81.88844833,39169.0,567.7988073632358,9.284627092846273,596,649,61,0,588,644,115967,8,0,0,8,5
2020-08-24,US,Ohio,Williams,149,3,0,41.56052014,-84.58429552,39171.0,406.0830698789927,2.0134228187919465,146,147,3,0,144,147,36804,2,0,0,2,0
2020-08-24,US,Ohio,Wood,1243,60,0,41.36224827,-83.62285108,39173.0,950.1823157540688,4.827031375703943,1183,1230,60,0,1170,1216,130696,13,0,0,13,14
2020-08-24,US,Ohio,Wyandot,175,10,0,40.84339621,-83.30734173,39175.0,803.7846775675179,5.7142857142857135,165,173,10,0,163,173,21935,2,0,0,2,0
2020-08-24,US,Oklahoma,Adair,410,6,0,35.88494195,-94.65859267,40001.0,1847.3461295845725,1.4634146341463414,404,412,6,0,406,408,22082,-2,0,0,-2,4
2020-08-24,US,Oklahoma,Alfalfa,11,0,0,36.73090616,-98.32408495,40003.0,192.9147667485093,0.0,11,10,0,0,10,9,5754,1,0,0,1,1
2020-08-24,US,Oklahoma,Atoka,98,1,0,34.37366573,-96.03802487,40005.0,712.3128361680476,1.020408163265306,97,95,1,0,94,95,13838,3,0,0,3,0
2020-08-24,US,Oklahoma,Beaver,41,0,0,36.7496847,-100.4758872,40007.0,771.9826774618716,0.0,41,41,0,0,41,41,5319,0,0,0,0,0
2020-08-24,US,Oklahoma,Beckham,114,1,0,35.26862449,-99.68128023,40009.0,521.5243149274899,0.8771929824561403,113,113,1,0,112,111,21709,1,0,0,1,2
2020-08-24,US,Oklahoma,Blaine,62,0,0,35.87518314,-98.43307003,40011.0,657.5458691271609,0.0,62,57,0,0,57,57,9485,5,0,0,5,0
2020-08-24,US,Oklahoma,Bryan,551,3,0,33.96472458,-96.25903472,40013.0,1148.036253776435,0.5444646098003629,548,545,3,0,542,543,47192,6,0,0,6,2
2020-08-24,US,Oklahoma,Caddo,509,20,0,35.17364557,-98.37534464,40015.0,1769.6961268340176,3.9292730844793713,489,506,20,0,486,504,28977,3,0,0,3,2
2020-08-24,US,Oklahoma,Canadian,1420,9,0,35.5426055,-97.98465569,40017.0,957.4798052674872,0.6338028169014085,1411,1413,9,0,1404,1409,144447,7,0,0,7,4
2020-08-24,US,Oklahoma,Carter,394,6,0,34.25103751,-97.28552485,40019.0,818.9395356571263,1.5228426395939083,388,393,6,0,387,390,48177,1,0,0,1,3
2020-08-24,US,Oklahoma,Cherokee,588,3,0,35.90692775,-94.99980896,40021.0,1208.4592145015104,0.5102040816326531,585,578,3,0,575,579,48675,10,0,0,10,-1
2020-08-24,US,Oklahoma,Choctaw,222,1,0,34.02807439,-95.54771129,40023.0,1513.086150490731,0.4504504504504505,221,221,1,0,220,218,14668,1,0,0,1,3
2020-08-24,US,Oklahoma,Cimarron,14,0,0,36.74817177,-102.5173885,40025.0,655.1240056153488,0.0,14,14,0,0,14,14,2153,0,0,0,0,0
2020-08-24,US,Oklahoma,Cleveland,3543,63,0,35.20413532,-97.32519562,40027.0,1247.4737160844186,1.7781541066892463,3480,3522,63,0,3459,3510,281669,21,0,0,21,12
2020-08-24,US,Oklahoma,Coal,50,0,0,34.58840127,-96.29798747,40029.0,909.9181073703368,0.0,50,48,0,0,48,47,5520,2,0,0,2,1
2020-08-24,US,Oklahoma,Comanche,1151,11,0,34.65973764,-98.47195055,40031.0,953.2170038675267,0.9556907037358818,1140,1149,11,0,1138,999,120422,2,0,0,2,150
2020-08-24,US,Oklahoma,Cotton,25,2,0,34.28845626,-98.37053567,40033.0,441.22837980938937,8.0,23,25,2,0,23,25,5776,0,0,0,0,0
2020-08-24,US,Oklahoma,Craig,106,1,0,36.76268118,-95.20916602,40035.0,749.5403761844153,0.9433962264150944,105,106,1,0,105,101,14306,0,0,0,0,5
2020-08-24,US,Oklahoma,Creek,746,19,0,35.90230551,-96.37086028,40037.0,1043.0357092922457,2.5469168900804293,727,745,19,0,726,745,71604,1,0,0,1,0
2020-08-24,US,Oklahoma,Custer,282,0,0,35.63853802,-99.00170785,40039.0,972.3132089783817,0.0,282,279,0,0,279,270,29036,3,0,0,3,9
2020-08-24,US,Oklahoma,Delaware,506,20,0,36.40823634,-94.80325046,40041.0,1176.4979422911485,3.9525691699604737,486,507,20,0,487,506,42733,-1,0,0,-1,1
2020-08-24,US,Oklahoma,Dewey,18,0,0,35.98772922,-99.00730714,40043.0,368.02289920261705,0.0,18,18,0,0,18,18,4894,0,0,0,0,0
2020-08-24,US,Oklahoma,Ellis,6,0,0,36.218019399999996,-99.75324573,40045.0,155.48069448043537,0.0,6,6,0,0,6,6,3952,0,0,0,0,0
2020-08-24,US,Oklahoma,Garfield,766,9,0,36.3791334,-97.78265517,40047.0,1254.5859538784066,1.1749347258485638,757,750,9,0,741,736,60913,16,0,0,16,14
2020-08-24,US,Oklahoma,Garvin,257,4,0,34.70418038,-97.30811132,40049.0,927.42954061564,1.5564202334630348,253,252,4,0,248,253,27811,5,0,0,5,-1
2020-08-24,US,Oklahoma,Grady,494,7,0,35.0167709,-97.88339847,40051.0,884.7655550381488,1.4170040485829958,487,494,7,0,487,491,55551,0,0,0,0,3
2020-08-24,US,Oklahoma,Grant,21,0,0,36.796296999999996,-97.78638765,40053.0,484.6526655896607,0.0,21,21,0,0,21,20,4326,0,0,0,0,1
2020-08-24,US,Oklahoma,Greer,86,8,0,34.93535801,-99.56056120000001,40055.0,1505.6022408963586,9.30232558139535,78,86,8,0,78,86,5821,0,0,0,0,0
2020-08-24,US,Oklahoma,Harmon,37,0,0,34.7440135,-99.84741652,40057.0,1394.647568790049,0.0,37,37,0,0,37,36,2664,0,0,0,0,1
2020-08-24,US,Oklahoma,Harper,17,0,0,36.78836519,-99.6679804,40059.0,460.95444685466384,0.0,17,16,0,0,16,15,3797,1,0,0,1,1
2020-08-24,US,Oklahoma,Haskell,147,2,0,35.22257600000001,-95.11513306,40061.0,1164.1720123544785,1.3605442176870748,145,145,2,0,143,145,12668,2,0,0,2,0
2020-08-24,US,Oklahoma,Hughes,194,3,0,35.04912569,-96.24921145,40063.0,1460.9533850440546,1.5463917525773196,191,194,3,0,191,192,13335,0,0,0,0,2
2020-08-24,US,Oklahoma,Jackson,566,7,0,34.58781741,-99.41138784,40065.0,2307.378719934774,1.2367491166077738,559,565,7,0,558,560,24949,1,0,0,1,5
2020-08-24,US,Oklahoma,Jefferson,34,0,0,34.11130184,-97.83182974,40067.0,566.47784071976,0.0,34,34,0,0,34,34,6123,0,0,0,0,0
2020-08-24,US,Oklahoma,Johnston,69,0,0,34.31440473,-96.66011537,40069.0,622.4627875507442,0.0,69,66,0,0,66,66,10949,3,0,0,3,0
2020-08-24,US,Oklahoma,Kay,288,11,0,36.81799745,-97.14421435,40071.0,661.4911112131931,3.8194444444444446,277,287,11,0,276,286,44161,1,0,0,1,1
2020-08-24,US,Oklahoma,Kingfisher,236,0,0,35.94530008,-97.94193268,40073.0,1496.9869965112591,0.0,236,235,0,0,235,206,15816,1,0,0,1,29
2020-08-24,US,Oklahoma,Kiowa,40,1,0,34.91671958,-98.97720696,40075.0,459.34772622875516,2.5,39,39,1,0,38,39,8729,1,0,0,1,0
2020-08-24,US,Oklahoma,Latimer,104,2,0,34.87844729,-95.25215049,40077.0,1032.4630199543333,1.9230769230769231,102,104,2,0,102,105,10231,0,0,0,0,-1
2020-08-24,US,Oklahoma,Le Flore,552,3,0,34.89851864,-94.70392124,40079.0,1107.2553306721761,0.5434782608695652,549,539,3,0,536,531,49980,13,0,0,13,8
2020-08-24,US,Oklahoma,Lincoln,272,5,0,35.70270942,-96.8812462,40081.0,779.8835909051811,1.8382352941176472,267,271,5,0,266,266,34920,1,0,0,1,5
2020-08-24,US,Oklahoma,Logan,265,1,0,35.91899576,-97.44352845,40083.0,551.956843223428,0.37735849056603776,264,267,1,0,266,265,47291,-2,0,0,-2,2
2020-08-24,US,Oklahoma,Love,88,0,0,33.95273467,-97.23906784,40085.0,858.285379888813,0.0,88,86,0,0,86,84,10134,2,0,0,2,2
2020-08-24,US,Oklahoma,Major,43,1,0,36.31149996,-98.53467076,40093.0,563.6387468868793,2.3255813953488373,42,43,1,0,42,43,7644,0,0,0,0,0
2020-08-24,US,Oklahoma,Marshall,126,1,0,34.02311222,-96.76855464,40095.0,744.1970350245113,0.7936507936507936,125,125,1,0,124,126,16806,1,0,0,1,-1
2020-08-24,US,Oklahoma,Mayes,388,8,0,36.30179091,-95.23175116,40097.0,944.0389294403892,2.061855670103093,380,386,8,0,378,386,41107,2,0,0,2,0
2020-08-24,US,Oklahoma,McClain,536,4,0,35.01123903,-97.44572302,40087.0,1324.3069624944408,0.746268656716418,532,534,4,0,530,522,39985,2,0,0,2,12
2020-08-24,US,Oklahoma,McCurtain,958,29,0,34.11664328,-94.77222373,40089.0,2917.884990253411,3.0271398747390394,929,951,29,0,922,949,32703,7,0,0,7,2
2020-08-24,US,Oklahoma,McIntosh,223,4,0,35.37235506,-95.66599306,40091.0,1137.9873443559911,1.7937219730941705,219,223,4,0,219,222,19815,0,0,0,0,1
2020-08-24,US,Oklahoma,Murray,86,0,0,34.48116015,-97.06826283,40099.0,611.0992681020392,0.0,86,86,0,0,86,85,13953,0,0,0,0,1
2020-08-24,US,Oklahoma,Muskogee,670,16,0,35.61318461,-95.37802952,40101.0,985.3375884230188,2.388059701492537,654,662,16,0,646,656,68362,8,0,0,8,6
2020-08-24,US,Oklahoma,Noble,99,2,0,36.38953329,-97.22928674,40103.0,889.4079597520439,2.0202020202020203,97,97,2,0,95,97,11289,2,0,0,2,0
2020-08-24,US,Oklahoma,Nowata,78,1,0,36.79843529,-95.61902331,40105.0,774.1167129813417,1.2820512820512822,77,75,1,0,74,73,10218,3,0,0,3,2
2020-08-24,US,Oklahoma,Okfuskee,91,3,0,35.46485198,-96.32639984,40107.0,758.7759526390395,3.2967032967032965,88,91,3,0,88,91,12098,0,0,0,0,0
2020-08-24,US,Oklahoma,Oklahoma,12651,144,0,35.55140095,-97.40716948,40109.0,1586.4635819390696,1.1382499407161488,12507,12584,143,0,12441,12515,792582,67,1,0,66,69
2020-08-24,US,Oklahoma,Okmulgee,567,4,0,35.64661916,-95.96432828,40111.0,1474.0673339399455,0.7054673721340388,563,566,4,0,562,561,38335,1,0,0,1,5
2020-08-24,US,Oklahoma,Osage,600,12,0,36.62888819,-96.39635704,40113.0,1277.6015160871325,2.0,588,596,12,0,584,594,47014,4,0,0,4,2
2020-08-24,US,Oklahoma,Ottawa,470,4,0,36.83532655,-94.81011909,40115.0,1509.9431361840204,0.851063829787234,466,464,4,0,460,462,31175,6,0,0,6,2
2020-08-24,US,Oklahoma,Pawnee,197,3,0,36.31743373,-96.70331759999999,40117.0,1202.979970688813,1.5228426395939083,194,195,3,0,192,194,16390,2,0,0,2,1
2020-08-24,US,Oklahoma,Payne,935,4,0,36.07695283,-96.97584944,40119.0,1143.2554044800936,0.427807486631016,931,914,4,0,910,893,82040,21,0,0,21,21
2020-08-24,US,Oklahoma,Pittsburg,534,12,0,34.92065823,-95.75134320000001,40121.0,1223.2556008613185,2.247191011235955,522,531,12,0,519,531,43877,3,0,0,3,0
2020-08-24,US,Oklahoma,Pontotoc,225,2,0,34.72959848,-96.68337199,40123.0,587.712882666388,0.8888888888888888,223,223,2,0,221,222,38247,2,0,0,2,1
2020-08-24,US,Oklahoma,Pottawatomie,760,9,0,35.20614018,-96.94923008,40125.0,1046.9473220189552,1.1842105263157894,751,755,9,0,746,664,72679,5,0,0,5,91
2020-08-24,US,Oklahoma,Pushmataha,121,0,0,34.41635232,-95.37603505,40127.0,1090.4830569574624,0.0,121,121,0,0,121,121,11179,0,0,0,0,0
2020-08-24,US,Oklahoma,Roger Mills,12,1,0,35.68711719,-99.69666167,40129.0,334.91487580240016,8.333333333333334,11,12,1,0,11,12,3656,0,0,0,0,0
2020-08-24,US,Oklahoma,Rogers,1214,26,0,36.37004357,-95.60406759,40131.0,1313.0144172011378,2.1416803953871497,1188,1210,25,0,1185,1207,91984,4,1,0,3,3
2020-08-24,US,Oklahoma,Seminole,288,5,0,35.16478725,-96.61686741,40133.0,1187.2372000989365,1.7361111111111112,283,287,5,0,282,284,24578,1,0,0,1,3
2020-08-24,US,Oklahoma,Sequoyah,509,6,0,35.49447108,-94.75463785,40135.0,1224.4701580504702,1.1787819253438114,503,511,5,0,506,503,41179,-2,1,0,-3,8
2020-08-24,US,Oklahoma,Stephens,235,4,0,34.48556989,-97.85141892,40137.0,544.7001831119765,1.702127659574468,231,228,4,0,224,228,43265,7,0,0,7,0
2020-08-24,US,Oklahoma,Texas,1099,7,0,36.74777635,-101.4889765,40139.0,5499.674723514988,0.6369426751592356,1092,1098,7,0,1091,1097,20455,1,0,0,1,1
2020-08-24,US,Oklahoma,Tillman,63,1,0,34.37288446,-98.92426619,40141.0,868.9655172413792,1.5873015873015872,62,62,1,0,61,60,7348,1,0,0,1,2
2020-08-24,US,Oklahoma,Tulsa,12391,126,0,36.11939621,-95.94013939,40143.0,1901.7668582093213,1.0168670809458478,12265,12312,125,0,12187,12253,648360,79,1,0,78,59
2020-08-24,US,Oklahoma,Unassigned,11,0,0,0.0,0.0,90040.0,0.0,0.0,11,6,0,0,6,11,,5,0,0,5,-5
2020-08-24,US,Oklahoma,Wagoner,1056,23,0,35.96024096,-95.51911308,40145.0,1299.0687546900565,2.178030303030303,1033,1052,23,0,1029,1051,80110,4,0,0,4,1
2020-08-24,US,Oklahoma,Washington,744,39,0,36.71380786,-95.90514104,40147.0,1443.9031963824787,5.241935483870968,705,740,39,0,701,733,51843,4,0,0,4,7
2020-08-24,US,Oklahoma,Washita,45,0,0,35.29071824,-98.99180434,40149.0,412.2389153536094,0.0,45,38,0,0,38,37,11127,7,0,0,7,1
2020-08-24,US,Oklahoma,Woods,25,0,0,36.76705782,-98.86573064,40151.0,284.3170703969066,0.0,25,24,0,0,24,24,8897,1,0,0,1,0
2020-08-24,US,Oklahoma,Woodward,72,0,0,36.42316318,-99.26283045,40153.0,356.2416505863144,0.0,72,72,0,0,72,71,20222,0,0,0,0,1
2020-08-24,US,Oregon,Baker,64,1,0,44.70915557,-117.6749883,41001.0,396.9238402381543,1.5625,63,64,1,0,63,64,16006,0,0,0,0,0
2020-08-24,US,Oregon,Benton,202,6,0,44.49167306,-123.4316987,41003.0,217.08058848183293,2.9702970297029703,196,201,6,0,195,201,92101,1,0,0,1,0
2020-08-24,US,Oregon,Clackamas,1833,55,0,45.18787398,-122.2179634,41005.0,438.32065559187635,3.000545553737043,1778,1811,55,0,1756,1792,416075,22,0,0,22,19
2020-08-24,US,Oregon,Clatsop,93,0,0,45.99712889,-123.660711,41007.0,231.20525059665871,0.0,93,93,0,0,93,93,39764,0,0,0,0,0
2020-08-24,US,Oregon,Columbia,125,1,0,45.94464254,-123.08908980000001,41009.0,238.7592161057417,0.8,124,123,1,0,122,121,52377,2,0,0,2,2
2020-08-24,US,Oregon,Coos,99,0,0,43.17406868,-124.0594514,41011.0,153.51931397025757,0.0,99,98,0,0,98,97,64389,1,0,0,1,1
2020-08-24,US,Oregon,Crook,54,1,0,44.14230227,-120.356297,41013.0,221.27520078675627,1.851851851851852,53,54,1,0,53,54,23867,0,0,0,0,0
2020-08-24,US,Oregon,Curry,20,0,0,42.45911325,-124.15728200000001,41015.0,87.24100327153762,0.0,20,20,0,0,20,20,22813,0,0,0,0,0
2020-08-24,US,Oregon,Deschutes,672,11,0,43.91570171,-121.2289121,41017.0,339.9227080509075,1.636904761904762,661,672,11,0,661,664,191996,0,0,0,0,8
2020-08-24,US,Oregon,Douglas,169,2,0,43.27941273,-123.16729099999999,41019.0,152.2796900342404,1.183431952662722,167,169,2,0,167,169,110283,0,0,0,0,0
2020-08-24,US,Oregon,Gilliam,4,0,0,45.37160076,-120.20488689999999,41021.0,209.20502092050208,0.0,4,4,0,0,4,4,1894,0,0,0,0,0
2020-08-24,US,Oregon,Grant,8,0,0,44.49024544,-119.0068631,41023.0,111.12654535352131,0.0,8,8,0,0,8,8,7176,0,0,0,0,0
2020-08-24,US,Oregon,Harney,11,0,0,43.06422669,-118.96663059999999,41025.0,148.7893953740024,0.0,11,11,0,0,11,11,7329,0,0,0,0,0
2020-08-24,US,Oregon,Hood River,225,0,0,45.51872811,-121.65520359999998,41027.0,962.278675904542,0.0,225,225,0,0,225,225,23428,0,0,0,0,0
2020-08-24,US,Oregon,Jackson,713,2,0,42.43201126,-122.72893090000001,41029.0,322.7062060974726,0.2805049088359046,711,687,2,0,685,674,219564,26,0,0,26,13
2020-08-24,US,Oregon,Jefferson,448,6,0,44.62806839,-121.17832,41031.0,1816.8545705247784,1.3392857142857142,442,441,6,0,435,440,24192,7,0,0,7,1
2020-08-24,US,Oregon,Josephine,151,2,0,42.3665549,-123.5561938,41033.0,172.59707156491822,1.3245033112582782,149,150,2,0,148,150,87393,1,0,0,1,0
2020-08-24,US,Oregon,Klamath,225,2,0,42.68762984,-121.64964609999998,41035.0,329.72830387760484,0.8888888888888888,223,223,2,0,221,221,67653,2,0,0,2,2
2020-08-24,US,Oregon,Lake,32,0,0,42.79246693,-120.38501629999999,41037.0,406.6590418096328,0.0,32,32,0,0,32,32,7879,0,0,0,0,0
2020-08-24,US,Oregon,Lane,656,5,0,43.93727035,-122.847753,41039.0,171.69763418458018,0.7621951219512195,651,654,5,0,649,652,379611,2,0,0,2,2
2020-08-24,US,Oregon,Lincoln,453,11,0,44.64252874,-123.86991200000001,41041.0,906.6890837036148,2.428256070640177,442,453,11,0,442,453,49388,0,0,0,0,0
2020-08-24,US,Oregon,Linn,362,12,0,44.48899494,-122.53731540000001,41043.0,279.0002235084663,3.3149171270718236,350,363,12,0,351,356,127335,-1,0,0,-1,7
2020-08-24,US,Oregon,Malheur,1044,16,0,43.1937027,-117.62273950000001,41045.0,3415.0011448758632,1.5325670498084292,1028,1037,16,0,1021,1009,30725,7,0,0,7,28
2020-08-24,US,Oregon,Marion,3547,75,0,44.90287942,-122.58151170000001,41047.0,1019.7862100293833,2.11446292641669,3472,3516,75,0,3441,3476,346868,31,0,0,31,40
2020-08-24,US,Oregon,Morrow,424,3,0,45.41846568,-119.584546,41049.0,3654.227354994399,0.7075471698113207,421,421,3,0,418,419,11372,3,0,0,3,2
2020-08-24,US,Oregon,Multnomah,5718,109,0,45.54747959,-122.4169351,41051.0,703.4464941471726,1.9062609303952431,5609,5661,109,0,5552,5597,811880,57,0,0,57,64
2020-08-24,US,Oregon,Polk,395,13,0,44.90322804,-123.4128888,41053.0,458.84881222047983,3.2911392405063293,382,393,13,0,380,390,85234,2,0,0,2,3
2020-08-24,US,Oregon,Sherman,16,0,0,45.41501554,-120.6827834,41055.0,898.876404494382,0.0,16,16,0,0,16,16,1708,0,0,0,0,0
2020-08-24,US,Oregon,Tillamook,37,0,0,45.46248721,-123.712066,41057.0,136.8545642846575,0.0,37,37,0,0,37,37,26787,0,0,0,0,0
2020-08-24,US,Oregon,Umatilla,2547,32,0,45.59073056,-118.7353826,41059.0,3267.4791533033995,1.2563800549666273,2515,2537,32,0,2505,2530,77516,10,0,0,10,7
2020-08-24,US,Oregon,Union,408,2,0,45.30915495,-118.0068979,41061.0,1520.4024594745667,0.4901960784313725,406,408,2,0,406,408,26461,0,0,0,0,0
2020-08-24,US,Oregon,Wallowa,21,1,0,45.57894064,-117.18353799999998,41063.0,291.34295227524973,4.761904761904762,20,21,1,0,20,21,7081,0,0,0,0,0
2020-08-24,US,Oregon,Wasco,207,3,0,45.16292781,-121.16709540000001,41065.0,775.8039127501687,1.4492753623188406,204,207,3,0,204,207,26505,0,0,0,0,0
2020-08-24,US,Oregon,Washington,3575,35,0,45.55972701,-123.0955257,41067.0,594.2565725608054,0.9790209790209792,3540,3543,32,0,3511,3518,597695,32,3,0,29,25
2020-08-24,US,Oregon,Yamhill,597,14,0,45.23330449,-123.3086963,41071.0,557.4229691876751,2.345058626465661,583,584,14,0,570,581,107002,13,0,0,13,3
2020-08-24,US,Pennsylvania,Adams,570,23,0,39.87140411,-77.21610347,42001.0,553.3497073071285,4.035087719298246,547,568,23,0,545,566,102811,2,0,0,2,2
2020-08-24,US,Pennsylvania,Allegheny,9932,293,0,40.46809875,-79.98167747,42003.0,816.7460908107843,2.950060410793395,9639,9903,293,0,9610,9817,1218452,29,0,0,29,86
2020-08-24,US,Pennsylvania,Armstrong,285,9,0,40.81665618,-79.46290811,42005.0,440.25643006101797,3.1578947368421053,276,282,9,0,273,276,65263,3,0,0,3,6
2020-08-24,US,Pennsylvania,Beaver,1504,95,0,40.6825484,-80.34921611,42007.0,917.4703682691896,6.316489361702128,1409,1501,95,0,1406,1496,164742,3,0,0,3,5
2020-08-24,US,Pennsylvania,Bedford,161,5,0,40.00522157,-78.48998442,42009.0,336.20113598396256,3.1055900621118013,156,161,5,0,156,160,48176,0,0,0,0,1
2020-08-24,US,Pennsylvania,Berks,5847,377,0,40.41570541,-75.92457766,42011.0,1388.2952958942362,6.447750983410296,5470,5814,377,0,5437,5781,420152,33,0,0,33,33
2020-08-24,US,Pennsylvania,Blair,407,8,0,40.47961444,-78.34917412,42013.0,334.0748097743558,1.9656019656019657,399,403,8,0,395,393,122492,4,0,0,4,10
2020-08-24,US,Pennsylvania,Bradford,96,3,0,41.78869215,-76.51570822,42015.0,159.14327868308936,3.125,93,95,3,0,92,95,60833,1,0,0,1,0
2020-08-24,US,Pennsylvania,Bucks,7607,584,0,40.33682119,-75.10836643,42017.0,1210.7851719801995,7.677139476797687,7023,7580,584,0,6996,7562,628195,27,0,0,27,18
2020-08-24,US,Pennsylvania,Butler,745,17,0,40.91152759,-79.91351055,42019.0,396.58669278638087,2.2818791946308723,728,746,17,0,729,744,187888,-1,0,0,-1,2
2020-08-24,US,Pennsylvania,Cambria,430,3,0,40.49527404,-78.71377428,42021.0,330.28143050264225,0.6976744186046512,427,428,3,0,425,421,131730,2,0,0,2,7
2020-08-24,US,Pennsylvania,Cameron,8,0,0,41.43625568,-78.20376845,42023.0,179.89655947830002,0.0,8,8,0,0,8,8,4492,0,0,0,0,0
2020-08-24,US,Pennsylvania,Carbon,416,28,0,40.91545395,-75.7068525,42025.0,648.1568040883736,6.730769230769232,388,414,28,0,386,413,64227,2,0,0,2,1
2020-08-24,US,Pennsylvania,Centre,423,11,0,40.92058903,-77.82200624,42027.0,260.49204052098406,2.600472813238771,412,417,11,0,406,415,162805,6,0,0,6,2
2020-08-24,US,Pennsylvania,Chester,5505,351,0,39.97291773,-75.74768357,42029.0,1048.5933990997908,6.376021798365122,5154,5439,352,0,5087,5439,522046,66,-1,0,67,0
2020-08-24,US,Pennsylvania,Clarion,95,3,0,41.19265812,-79.42413524,42031.0,247.15125656902023,3.1578947368421053,92,95,3,0,92,95,38779,0,0,0,0,0
2020-08-24,US,Pennsylvania,Clearfield,210,1,0,41.00110782,-78.47592663,42033.0,264.9675099362816,0.4761904761904762,209,209,1,0,208,207,79388,1,0,0,1,2
2020-08-24,US,Pennsylvania,Clinton,130,5,0,41.23255967,-77.63785995,42035.0,336.50859391178295,3.8461538461538463,125,130,5,0,125,129,38684,0,0,0,0,1
2020-08-24,US,Pennsylvania,Columbia,527,35,0,41.04821986,-76.40565017,42037.0,811.2185210270302,6.6413662239089195,492,521,35,0,486,514,65456,6,0,0,6,7
2020-08-24,US,Pennsylvania,Crawford,190,2,0,41.68447709,-80.10760592,42039.0,224.50932895343203,1.0526315789473684,188,186,2,0,184,184,85063,4,0,0,4,2
2020-08-24,US,Pennsylvania,Cumberland,1458,72,0,40.1625372,-77.26130755,42041.0,575.4430279827919,4.938271604938271,1386,1445,71,0,1374,1437,251423,13,1,0,12,8
2020-08-24,US,Pennsylvania,Dauphin,3144,161,0,40.41377078,-76.77993242,42043.0,1129.7201930297988,5.1208651399491085,2983,3122,161,0,2961,3104,277097,22,0,0,22,18
2020-08-24,US,Pennsylvania,Delaware,10078,719,0,39.91680171,-75.40243663,42045.0,1778.218499612702,7.134352053978964,9359,10045,719,0,9326,10011,564751,33,0,0,33,34
2020-08-24,US,Pennsylvania,Elk,64,2,0,41.42822061,-78.64524744,42047.0,213.97525911066532,3.125,62,64,2,0,62,64,30169,0,0,0,0,0
2020-08-24,US,Pennsylvania,Erie,1297,29,0,41.99253829,-80.03301954,42049.0,480.85478704472655,2.235929067077872,1268,1296,29,0,1267,1283,272061,1,0,0,1,13
2020-08-24,US,Pennsylvania,Fayette,661,6,0,39.92041012,-79.64291195,42051.0,511.3170475114872,0.907715582450832,655,658,6,0,652,656,130441,3,0,0,3,2
2020-08-24,US,Pennsylvania,Forest,13,0,0,41.51095103,-79.23229292,42053.0,179.38457292672834,0.0,13,13,0,0,13,13,7279,0,0,0,0,0
2020-08-24,US,Pennsylvania,Franklin,1472,46,0,39.92956518,-77.72157791,42055.0,949.512020486754,3.125,1426,1469,46,0,1423,1457,154835,3,0,0,3,12
2020-08-24,US,Pennsylvania,Fulton,31,2,0,39.92913544,-78.11163677,42057.0,213.351686166552,6.451612903225807,29,31,2,0,29,31,14523,0,0,0,0,0
2020-08-24,US,Pennsylvania,Greene,135,1,0,39.85746531,-80.22357106,42059.0,372.5885242734524,0.7407407407407407,134,134,1,0,133,133,36506,1,0,0,1,1
2020-08-24,US,Pennsylvania,Huntingdon,350,5,0,40.42162652,-77.97673273,42061.0,775.2968279284069,1.4285714285714286,345,351,5,0,346,346,45168,-1,0,0,-1,5
2020-08-24,US,Pennsylvania,Indiana,400,9,0,40.65241041,-79.08963285,42063.0,475.77700331854464,2.25,391,399,9,0,390,396,84501,1,0,0,1,3
2020-08-24,US,Pennsylvania,Jefferson,94,1,0,41.12913106,-78.9986361,42065.0,216.46516983304542,1.0638297872340423,93,93,1,0,92,88,43641,1,0,0,1,5
2020-08-24,US,Pennsylvania,Juniata,143,6,0,40.53358749,-77.39975129999998,42067.0,577.4744578605178,4.195804195804196,137,143,6,0,137,142,24704,0,0,0,0,1
2020-08-24,US,Pennsylvania,Lackawanna,1999,213,0,41.43564672,-75.60379201,42069.0,953.3847782748458,10.655327663831915,1786,1995,213,0,1782,1987,210793,4,0,0,4,8
2020-08-24,US,Pennsylvania,Lancaster,6479,428,0,40.03904563,-76.24770128,42071.0,1187.2301749602366,6.605957709523075,6051,6465,428,0,6037,6428,543557,14,0,0,14,37
2020-08-24,US,Pennsylvania,Lawrence,441,17,0,40.99206278,-80.33393706,42073.0,515.7170923379175,3.8548752834467117,424,441,17,0,424,439,86184,0,0,0,0,2
2020-08-24,US,Pennsylvania,Lebanon,1677,56,0,40.36680311,-76.45651841,42075.0,1182.7100068409586,3.3392963625521763,1621,1672,56,0,1616,1665,141314,5,0,0,5,7
2020-08-24,US,Pennsylvania,Lehigh,5132,342,0,40.6154815,-75.59435245,42077.0,1389.5883764127386,6.664068589243961,4790,5128,342,0,4786,5119,368100,4,0,0,4,9
2020-08-24,US,Pennsylvania,Luzerne,3698,186,0,41.17823008,-75.98447579,42079.0,1165.0289682027112,5.029745808545161,3512,3690,186,0,3504,3678,317646,8,0,0,8,12
2020-08-24,US,Pennsylvania,Lycoming,484,20,0,41.34310539,-77.06629984,42081.0,427.18823643633215,4.132231404958676,464,479,20,0,459,471,113664,5,0,0,5,8
2020-08-24,US,Pennsylvania,McKean,35,1,0,41.80938602,-78.56478358,42083.0,86.15384615384615,2.8571428571428568,34,35,1,0,34,35,40968,0,0,0,0,0
2020-08-24,US,Pennsylvania,Mercer,532,13,0,41.30248872,-80.25816981,42085.0,486.1821903787104,2.443609022556391,519,526,13,0,513,518,110683,6,0,0,6,8
2020-08-24,US,Pennsylvania,Mifflin,138,1,0,40.61116939,-77.61070738,42087.0,299.1026919242273,0.7246376811594203,137,138,1,0,137,138,46222,0,0,0,0,0
2020-08-24,US,Pennsylvania,Monroe,1694,127,0,41.05934058,-75.34031025,42089.0,994.8846250976384,7.4970484061393154,1567,1690,127,0,1563,1688,169507,4,0,0,4,2
2020-08-24,US,Pennsylvania,Montgomery,10755,861,0,40.21053671,-75.36652296,42091.0,1294.3562217555345,8.005578800557881,9894,10713,861,0,9852,10667,828604,42,0,0,42,46
2020-08-24,US,Pennsylvania,Montour,123,3,0,41.03023987,-76.66345939,42093.0,674.7120131651126,2.4390243902439024,120,123,3,0,120,123,18240,0,0,0,0,0
2020-08-24,US,Pennsylvania,Northampton,4066,296,0,40.75182733,-75.30471829,42095.0,1331.8702196308368,7.2798819478603045,3770,4059,296,0,3763,4050,304807,7,0,0,7,9
2020-08-24,US,Pennsylvania,Northumberland,631,24,0,40.84785433,-76.70798222,42097.0,694.6049778188742,3.803486529318542,607,625,24,0,601,617,91083,6,0,0,6,8
2020-08-24,US,Pennsylvania,Perry,160,5,0,40.40206612,-77.26297447,42099.0,345.78146611341634,3.125,155,160,5,0,155,158,46139,0,0,0,0,2
2020-08-24,US,Pennsylvania,Philadelphia,33054,1736,0,40.00338507,-75.1379271,42101.0,2086.658114823644,5.252011859381618,31318,32936,1736,0,31200,32936,1584138,118,0,0,118,0
2020-08-24,US,Pennsylvania,Pike,535,21,0,41.33155042,-75.03208106,42103.0,958.6267447902667,3.925233644859813,514,533,21,0,512,533,55933,2,0,0,2,0
2020-08-24,US,Pennsylvania,Potter,24,0,0,41.74471626,-77.89559864,42105.0,145.22570494977614,0.0,24,24,0,0,24,22,16622,0,0,0,0,2
2020-08-24,US,Pennsylvania,Schuylkill,971,51,0,40.70497338,-76.2150785,42107.0,686.9035576086418,5.25231719876416,920,971,51,0,920,970,142067,0,0,0,0,1
2020-08-24,US,Pennsylvania,Snyder,142,2,0,40.77129231,-77.06840691,42109.0,351.72892103438033,1.4084507042253518,140,140,2,0,138,137,40540,2,0,0,2,3
2020-08-24,US,Pennsylvania,Somerset,156,3,0,39.97172723,-79.02699593,42111.0,212.3980557408744,1.9230769230769231,153,156,3,0,153,153,73952,0,0,0,0,3
2020-08-24,US,Pennsylvania,Sullivan,10,0,0,41.44634738,-76.51246591,42113.0,164.85328058028355,0.0,10,10,0,0,10,10,6071,0,0,0,0,0
2020-08-24,US,Pennsylvania,Susquehanna,247,27,0,41.82147784,-75.80071959,42115.0,612.4776829994049,10.931174089068826,220,246,27,0,219,245,40589,1,0,0,1,1
2020-08-24,US,Pennsylvania,Tioga,46,3,0,41.77255149,-77.25433032,42117.0,113.32561405237614,6.521739130434782,43,46,3,0,43,45,40763,0,0,0,0,1
2020-08-24,US,Pennsylvania,Union,361,4,0,40.96188846,-77.05996014,42119.0,803.5972664336754,1.10803324099723,357,359,4,0,355,354,44785,2,0,0,2,5
2020-08-24,US,Pennsylvania,Venango,69,1,0,41.40323442,-79.75845449,42121.0,136.18062682560986,1.4492753623188406,68,69,1,0,68,69,51266,0,0,0,0,0
2020-08-24,US,Pennsylvania,Warren,26,1,0,41.81304978,-79.26969577,42123.0,66.34176213926665,3.8461538461538463,25,26,1,0,25,25,39498,0,0,0,0,1
2020-08-24,US,Pennsylvania,Washington,979,22,0,40.19208869,-80.24582867,42125.0,473.2555047978151,2.247191011235955,957,976,22,0,954,968,207346,3,0,0,3,8
2020-08-24,US,Pennsylvania,Wayne,171,10,0,41.64938475,-75.29956506,42127.0,332.93744280679886,5.847953216374268,161,170,10,0,160,169,51276,1,0,0,1,1
2020-08-24,US,Pennsylvania,Westmoreland,1740,49,0,40.31377979999999,-79.46615476,42129.0,498.7116615410191,2.8160919540229883,1691,1731,49,0,1682,1716,350611,9,0,0,9,15
2020-08-24,US,Pennsylvania,Wyoming,65,8,0,41.51955538,-76.01074915,42131.0,242.59162499066954,12.307692307692307,57,65,8,0,57,65,27046,0,0,0,0,0
2020-08-24,US,Pennsylvania,York,3136,114,0,39.9210089,-76.73040131,42133.0,698.3507698337409,3.6352040816326534,3022,3119,114,0,3005,3086,448273,17,0,0,17,33
2020-08-24,US,Puerto Rico,Adjuntas,116,0,0,18.180117000000006,-66.754367,72001.0,595.3908535646461,0.0,116,115,0,0,115,112,,1,0,0,1,3
2020-08-24,US,Puerto Rico,Aguada,200,0,0,18.360255,-67.17513100000001,72003.0,476.6557830262876,0.0,200,191,0,0,191,185,,9,0,0,9,6
2020-08-24,US,Puerto Rico,Aguadilla,288,0,0,18.459681,-67.12081500000001,72005.0,472.5262104382352,0.0,288,282,0,0,282,281,,6,0,0,6,1
2020-08-24,US,Puerto Rico,Aguas Buenas,184,0,0,18.251619,-66.126806,72007.0,642.0321713946752,0.0,184,182,0,0,182,176,,2,0,0,2,6
2020-08-24,US,Puerto Rico,Aibonito,117,0,0,18.131361,-66.264131,72009.0,451.7374517374518,0.0,117,113,0,0,113,113,,4,0,0,4,0
2020-08-24,US,Puerto Rico,Anasco,179,0,0,18.287985,-67.120611,72011.0,611.7357574929086,0.0,179,177,0,0,177,175,,2,0,0,2,2
2020-08-24,US,Puerto Rico,Arecibo,457,0,0,18.406631,-66.675077,72013.0,473.86976358357526,0.0,457,449,0,0,449,437,,8,0,0,8,12
2020-08-24,US,Puerto Rico,Arroyo,115,0,0,17.998457000000005,-66.056546,72015.0,587.4840357598978,0.0,115,112,0,0,112,111,,3,0,0,3,1
2020-08-24,US,Puerto Rico,Barceloneta,116,0,0,18.445532999999998,-66.56053100000001,72017.0,467.44036105738235,0.0,116,116,0,0,116,116,,0,0,0,0,0
2020-08-24,US,Puerto Rico,Barranquitas,313,0,0,18.201592,-66.30963,72019.0,1032.3899993403259,0.0,313,303,0,0,303,301,,10,0,0,10,2
2020-08-24,US,Puerto Rico,Bayamon,2289,0,0,18.34946,-66.168435,72021.0,1099.86738165254,0.0,2289,2227,0,0,2227,2176,,62,0,0,62,51
2020-08-24,US,Puerto Rico,Cabo Rojo,263,0,0,18.040993,-67.154391,72023.0,516.5268967142605,0.0,263,262,0,0,262,258,,1,0,0,1,4
2020-08-24,US,Puerto Rico,Caguas,1029,0,0,18.211615,-66.050779,72025.0,720.1192500682329,0.0,1029,1001,0,0,1001,984,,28,0,0,28,17
2020-08-24,US,Puerto Rico,Camuy,186,0,0,18.418578,-66.860206,72027.0,529.0252851332518,0.0,186,186,0,0,186,185,,0,0,0,0,1
2020-08-24,US,Puerto Rico,Canovanas,480,0,0,18.328802,-65.887612,72029.0,1007.3875083948959,0.0,480,469,0,0,469,469,,11,0,0,11,0
2020-08-24,US,Puerto Rico,Carolina,1724,0,0,18.374986,-65.95683100000001,72031.0,975.3227503648973,0.0,1724,1692,0,0,1692,1676,,32,0,0,32,16
2020-08-24,US,Puerto Rico,Catano,275,0,0,18.437269,-66.14330600000001,72033.0,977.2565742714996,0.0,275,271,0,0,271,266,,4,0,0,4,5
2020-08-24,US,Puerto Rico,Cayey,245,0,0,18.102851,-66.14914,72035.0,509.15438807955286,0.0,245,243,0,0,243,242,,2,0,0,2,1
2020-08-24,US,Puerto Rico,Ceiba,81,0,0,18.251818,-65.666416,72037.0,594.233731934561,0.0,81,80,0,0,80,80,,1,0,0,1,0
2020-08-24,US,Puerto Rico,Ciales,180,0,0,18.28885,-66.516475,72039.0,958.3643914386116,0.0,180,180,0,0,180,179,,0,0,0,0,1
2020-08-24,US,Puerto Rico,Cidra,233,0,0,18.173559,-66.161179,72041.0,535.8785648574056,0.0,233,222,0,0,222,221,,11,0,0,11,1
2020-08-24,US,Puerto Rico,Coamo,199,0,0,18.097597,-66.36014,72043.0,491.2124802527646,0.0,199,194,0,0,194,194,,5,0,0,5,0
2020-08-24,US,Puerto Rico,Comerio,160,0,0,18.224687,-66.221622,72045.0,770.0452401578592,0.0,160,156,0,0,156,154,,4,0,0,4,2
2020-08-24,US,Puerto Rico,Corozal,358,0,0,18.304264,-66.327738,72047.0,963.8683969630067,0.0,358,345,0,0,345,342,,13,0,0,13,3
2020-08-24,US,Puerto Rico,Culebra,19,0,0,18.31586,-65.28813000000001,72049.0,1045.1045104510451,0.0,19,19,0,0,19,19,,0,0,0,0,0
2020-08-24,US,Puerto Rico,Dorado,445,0,0,18.436115,-66.278669,72051.0,1165.9897812131535,0.0,445,428,0,0,428,422,,17,0,0,17,6
2020-08-24,US,Puerto Rico,Fajardo,329,0,0,18.318373,-65.666866,72053.0,889.3574460032979,0.0,329,321,0,0,321,314,,8,0,0,8,7
2020-08-24,US,Puerto Rico,Florida,202,0,0,18.373715,-66.560488,72054.0,1593.059936908517,0.0,202,202,0,0,202,200,,0,0,0,0,2
2020-08-24,US,Puerto Rico,Guanica,75,0,0,17.982429,-66.91964300000001,72055.0,386.06063725742524,0.0,75,74,0,0,74,74,,1,0,0,1,0
2020-08-24,US,Puerto Rico,Guayama,212,0,0,18.007516,-66.13390799999999,72057.0,467.3515277104184,0.0,212,209,0,0,209,208,,3,0,0,3,1
2020-08-24,US,Puerto Rico,Guayanilla,139,0,0,18.039942,-66.79186,72059.0,644.085074834345,0.0,139,139,0,0,139,139,,0,0,0,0,0
2020-08-24,US,Puerto Rico,Guaynabo,1162,0,0,18.345114000000002,-66.11452299999999,72061.0,1186.6345329030678,0.0,1162,1142,0,0,1142,1130,,20,0,0,20,12
2020-08-24,US,Puerto Rico,Gurabo,338,0,0,18.266461,-65.97970500000001,72063.0,745.0020939407966,0.0,338,328,0,0,328,327,,10,0,0,10,1
2020-08-24,US,Puerto Rico,Hatillo,166,0,0,18.410928,-66.79632600000001,72065.0,395.6808809858651,0.0,166,151,0,0,151,151,,15,0,0,15,0
2020-08-24,US,Puerto Rico,Hormigueros,118,0,0,18.134532,-67.113972,72067.0,684.0579710144928,0.0,118,118,0,0,118,118,,0,0,0,0,0
2020-08-24,US,Puerto Rico,Humacao,279,0,0,18.145211,-65.810174,72069.0,477.20042417815483,0.0,279,267,0,0,267,260,,12,0,0,12,7
2020-08-24,US,Puerto Rico,Isabela,182,0,0,18.44981,-67.005093,72071.0,398.8516578641713,0.0,182,178,0,0,178,176,,4,0,0,4,2
2020-08-24,US,Puerto Rico,Jayuya,197,0,0,18.211446,-66.58878,72073.0,1183.7519528902776,0.0,197,190,0,0,190,190,,7,0,0,7,0
2020-08-24,US,Puerto Rico,Juana Diaz,243,0,0,18.050764,-66.49458100000001,72075.0,304.14158228719475,0.0,243,242,0,0,242,241,,1,0,0,1,1
2020-08-24,US,Puerto Rico,Juncos,217,0,0,18.223793,-65.909109,72077.0,538.5951849094068,0.0,217,210,0,0,210,204,,7,0,0,7,6
2020-08-24,US,Puerto Rico,Lajas,106,0,0,18.011661,-67.040585,72079.0,411.6025317438745,0.0,106,105,0,0,105,104,,1,0,0,1,1
2020-08-24,US,Puerto Rico,Lares,230,0,0,18.269035000000002,-66.867236,72081.0,747.8945143563229,0.0,230,228,0,0,228,225,,2,0,0,2,3
2020-08-24,US,Puerto Rico,Las Marias,80,0,0,18.23679,-66.98362,72083.0,809.6346523631212,0.0,80,80,0,0,80,80,,0,0,0,0,0
2020-08-24,US,Puerto Rico,Las Piedras,245,0,0,18.187527,-65.86946800000001,72085.0,633.4841628959276,0.0,245,239,0,0,239,235,,6,0,0,6,4
2020-08-24,US,Puerto Rico,Loiza,170,0,0,18.425688,-65.89943000000001,72087.0,565.5355954757152,0.0,170,169,0,0,169,169,,1,0,0,1,0
2020-08-24,US,Puerto Rico,Luquillo,163,0,0,18.342114000000002,-65.72509699999999,72089.0,812.2383894757824,0.0,163,155,0,0,155,155,,8,0,0,8,0
2020-08-24,US,Puerto Rico,Manati,334,0,0,18.420473,-66.490461,72091.0,757.1464194228457,0.0,334,323,0,0,323,320,,11,0,0,11,3
2020-08-24,US,Puerto Rico,Maricao,48,0,0,18.171795,-66.942126,72093.0,764.8183556405354,0.0,48,48,0,0,48,47,,0,0,0,0,1
2020-08-24,US,Puerto Rico,Maunabo,79,0,0,18.017889,-65.922235,72095.0,646.2167689161554,0.0,79,79,0,0,79,78,,0,0,0,0,1
2020-08-24,US,Puerto Rico,Mayaguez,606,0,0,18.2013,-67.1452,72097.0,680.2873821284238,0.0,606,604,0,0,604,592,,2,0,0,2,12
2020-08-24,US,Puerto Rico,Moca,242,0,0,18.377805,-67.080952,72099.0,603.355855294323,0.0,242,238,0,0,238,238,,4,0,0,4,0
2020-08-24,US,Puerto Rico,Morovis,354,0,0,18.316963,-66.420383,72101.0,1085.5565777368906,0.0,354,348,0,0,348,342,,6,0,0,6,6
2020-08-24,US,Puerto Rico,Naguabo,122,0,0,18.230636999999998,-65.753897,72103.0,456.58682634730536,0.0,122,121,0,0,121,115,,1,0,0,1,6
2020-08-24,US,Puerto Rico,Naranjito,421,0,0,18.288019,-66.252703,72105.0,1384.777317281758,0.0,421,411,0,0,411,406,,10,0,0,10,5
2020-08-24,US,Puerto Rico,Orocovis,264,0,0,18.215046,-66.433604,72107.0,1127.0972975280706,0.0,264,259,0,0,259,257,,5,0,0,5,2
2020-08-24,US,Puerto Rico,Out of PR,727,0,0,0.0,0.0,72888.0,0.0,0.0,727,727,0,0,727,716,,0,0,0,0,11
2020-08-24,US,Puerto Rico,Patillas,128,0,0,18.03174,-66.012242,72109.0,664.0037350210092,0.0,128,126,0,0,126,126,,2,0,0,2,0
2020-08-24,US,Puerto Rico,Penuelas,92,0,0,18.059645,-66.721572,72111.0,378.8814759904456,0.0,92,90,0,0,90,89,,2,0,0,2,1
2020-08-24,US,Puerto Rico,Ponce,618,0,0,18.059498,-66.613748,72113.0,371.5572336421627,0.0,618,612,0,0,612,611,,6,0,0,6,1
2020-08-24,US,Puerto Rico,Quebradillas,105,0,0,18.439692,-66.926113,72115.0,405.1082217678151,0.0,105,103,0,0,103,101,,2,0,0,2,2
2020-08-24,US,Puerto Rico,Rincon,123,0,0,18.335442999999998,-67.23174,72117.0,809.2105263157895,0.0,123,121,0,0,121,119,,2,0,0,2,2
2020-08-24,US,Puerto Rico,Rio Grande,409,0,0,18.346329,-65.813742,72119.0,753.1673541543901,0.0,409,399,0,0,399,396,,10,0,0,10,3
2020-08-24,US,Puerto Rico,Sabana Grande,153,0,0,18.08282,-66.943758,72121.0,605.5808430635266,0.0,153,149,0,0,149,147,,4,0,0,4,2
2020-08-24,US,Puerto Rico,Salinas,292,0,0,18.010386999999994,-66.256592,72123.0,939.5714009910547,0.0,292,287,0,0,287,280,,5,0,0,5,7
2020-08-24,US,Puerto Rico,San German,184,0,0,18.111484,-67.03858100000001,72125.0,517.9159512483463,0.0,184,184,0,0,184,182,,0,0,0,0,2
2020-08-24,US,Puerto Rico,San Juan,4850,0,0,18.386933,-66.061128,72127.0,1226.8355736784324,0.0,4850,4723,0,0,4723,4647,,127,0,0,127,76
2020-08-24,US,Puerto Rico,San Lorenzo,237,0,0,18.147987,-65.976392,72129.0,577.2322080958644,0.0,237,234,0,0,234,232,,3,0,0,3,2
2020-08-24,US,Puerto Rico,San Sebastian,270,0,0,18.328646,-66.971214,72131.0,636.3422106999765,0.0,270,269,0,0,269,267,,1,0,0,1,2
2020-08-24,US,Puerto Rico,Santa Isabel,123,0,0,17.994525,-66.388913,72133.0,528.4867233823152,0.0,123,122,0,0,122,121,,1,0,0,1,1
2020-08-24,US,Puerto Rico,Toa Alta,828,0,0,18.362406,-66.246616,72135.0,1117.9218534820295,0.0,828,807,0,0,807,798,,21,0,0,21,9
2020-08-24,US,Puerto Rico,Toa Baja,819,0,0,18.431445999999998,-66.213553,72137.0,913.9706949078776,0.0,819,788,0,0,788,783,,31,0,0,31,5
2020-08-24,US,Puerto Rico,Trujillo Alto,692,0,0,18.336159,-65.99888399999999,72139.0,924.6145212581172,0.0,692,677,0,0,677,669,,15,0,0,15,8
2020-08-24,US,Puerto Rico,Unassigned,649,390,0,0.0,0.0,72999.0,0.0,60.0924499229584,259,569,390,0,179,632,,80,0,0,80,-63
2020-08-24,US,Puerto Rico,Utuado,94,0,0,18.271214,-66.702984,72141.0,283.5681317686808,0.0,94,93,0,0,93,92,,1,0,0,1,1
2020-08-24,US,Puerto Rico,Vega Alta,392,0,0,18.409346,-66.33725,72143.0,981.20197241621,0.0,392,385,0,0,385,375,,7,0,0,7,10
2020-08-24,US,Puerto Rico,Vega Baja,606,0,0,18.428262,-66.397924,72145.0,1015.7219000368744,0.0,606,593,0,0,593,583,,13,0,0,13,10
2020-08-24,US,Puerto Rico,Vieques,82,0,0,18.123276,-65.44097099999999,72147.0,881.6256316525105,0.0,82,82,0,0,82,80,,0,0,0,0,2
2020-08-24,US,Puerto Rico,Villalba,92,0,0,18.127951,-66.473115,72149.0,352.85544432938286,0.0,92,92,0,0,92,91,,0,0,0,0,1
2020-08-24,US,Puerto Rico,Yabucoa,181,0,0,18.070399,-65.896289,72151.0,477.05648243325163,0.0,181,179,0,0,179,179,,2,0,0,2,0
2020-08-24,US,Puerto Rico,Yauco,298,0,0,18.080374,-66.858814,72153.0,708.7981352424898,0.0,298,292,0,0,292,292,,6,0,0,6,0
2020-08-24,US,Rhode Island,Bristol,329,0,0,41.71018079,-71.28652315,44001.0,678.6443614761031,0.0,329,329,0,0,329,329,48649,0,0,0,0,0
2020-08-24,US,Rhode Island,Kent,1592,0,0,41.67106337,-71.57641596,44003.0,969.0064032332676,0.0,1592,1592,0,0,1592,1592,163861,0,0,0,0,0
2020-08-24,US,Rhode Island,Newport,411,0,0,41.5642026,-71.26569799,44005.0,500.7187934017202,0.0,411,411,0,0,411,411,82542,0,0,0,0,0
2020-08-24,US,Rhode Island,Providence,16142,0,0,41.87064746,-71.57753536,44007.0,2526.407389843348,0.0,16142,16142,0,0,16142,16142,636084,0,0,0,0,0
2020-08-24,US,Rhode Island,Unassigned,2169,1035,0,0.0,0.0,90044.0,0.0,47.71784232365145,1134,1889,1030,0,859,1889,,280,5,0,275,0
2020-08-24,US,Rhode Island,Washington,659,0,0,41.45961631,-71.61435303,44009.0,524.7776264761859,0.0,659,659,0,0,659,659,126179,0,0,0,0,0
2020-08-24,US,South Carolina,Abbeville,392,10,0,34.22333378,-82.46170658,45001.0,1598.2386757450975,2.5510204081632653,382,390,10,0,380,385,24541,2,0,0,2,5
2020-08-24,US,South Carolina,Aiken,2239,56,0,33.54338026,-81.63645384,45003.0,1310.337562619973,2.501116569897276,2183,2237,56,0,2181,2224,169401,2,0,0,2,13
2020-08-24,US,South Carolina,Allendale,275,6,0,32.98837386,-81.35321066,45005.0,3165.285451197053,2.1818181818181817,269,272,6,0,266,270,8903,3,0,0,3,2
2020-08-24,US,South Carolina,Anderson,2893,96,0,34.51828081,-82.63959517,45007.0,1428.2329011937322,3.3183546491531284,2797,2879,92,0,2787,2852,200482,14,4,0,10,27
2020-08-24,US,South Carolina,Bamberg,519,27,0,33.21927586,-81.05659969,45009.0,3689.7483293047053,5.202312138728324,492,516,27,0,489,513,14275,3,0,0,3,3
2020-08-24,US,South Carolina,Barnwell,503,11,0,33.26679302,-81.43584352,45011.0,2410.6201476085503,2.1868787276341948,492,501,11,0,490,497,21112,2,0,0,2,4
2020-08-24,US,South Carolina,Beaufort,4580,64,0,32.39226291,-80.72619758,45013.0,2383.9018956704595,1.3973799126637554,4516,4559,64,0,4495,4526,188715,21,0,0,21,33
2020-08-24,US,South Carolina,Berkeley,4612,76,0,33.20222596,-79.94654523,45015.0,2023.6324465681173,1.6478751084128358,4536,4600,76,0,4524,4589,221091,12,0,0,12,11
2020-08-24,US,South Carolina,Calhoun,411,16,0,33.66926881,-80.77722168,45017.0,2824.15996701711,3.892944038929441,395,409,16,0,393,402,14520,2,0,0,2,7
2020-08-24,US,South Carolina,Charleston,13405,226,0,32.82487866,-79.96512315,45019.0,3258.338478291517,1.6859380828049235,13179,13320,226,0,13094,13257,405905,85,0,0,85,63
2020-08-24,US,South Carolina,Cherokee,761,31,0,35.05122251,-81.61828622,45021.0,1328.0977312390926,4.073587385019711,730,760,31,0,729,761,57078,1,0,0,1,-1
2020-08-24,US,South Carolina,Chester,810,17,0,34.69249168,-81.1583216,45023.0,2512.095273539263,2.098765432098765,793,806,17,0,789,800,32251,4,0,0,4,6
2020-08-24,US,South Carolina,Chesterfield,913,23,0,34.64137396,-80.15640140000002,45025.0,2000.0,2.5191675794085437,890,907,23,0,884,897,45754,6,0,0,6,10
2020-08-24,US,South Carolina,Clarendon,947,61,0,33.66610974,-80.21647898,45027.0,2806.341680248926,6.441393875395987,886,943,61,0,882,941,33700,4,0,0,4,2
2020-08-24,US,South Carolina,Colleton,867,36,0,32.87582989,-80.67641292,45029.0,2301.1386256867586,4.1522491349480966,831,865,36,0,829,863,37660,2,0,0,2,2
2020-08-24,US,South Carolina,Darlington,1567,44,0,34.33358335,-79.96027485,45031.0,2352.2171184965023,2.8079132099553292,1523,1555,44,0,1511,1535,66802,12,0,0,12,20
2020-08-24,US,South Carolina,Dillon,714,28,0,34.39007791,-79.37741872,45033.0,2342.5965418812953,3.92156862745098,686,711,28,0,683,708,30599,3,0,0,3,3
2020-08-24,US,South Carolina,Dorchester,3451,68,0,33.0794369,-80.40502652,45035.0,2119.6616894643416,1.9704433497536944,3383,3440,68,0,3372,3428,160647,11,0,0,11,12
2020-08-24,US,South Carolina,Edgefield,464,8,0,33.77221995,-81.96231108,45037.0,1702.127659574468,1.7241379310344829,456,460,8,0,452,430,27052,4,0,0,4,30
2020-08-24,US,South Carolina,Fairfield,618,26,0,34.39287073,-81.1195624,45039.0,2765.4718754195196,4.207119741100324,592,615,26,0,589,612,22402,3,0,0,3,3
2020-08-24,US,South Carolina,Florence,4052,143,0,34.02361754,-79.70189312,45041.0,2930.0109188462184,3.529121421520237,3909,4014,142,0,3872,3968,138159,38,1,0,37,46
2020-08-24,US,South Carolina,Georgetown,1667,35,0,33.43443342,-79.33202141,45043.0,2659.5405232929165,2.0995800839832035,1632,1662,35,0,1627,1654,62249,5,0,0,5,8
2020-08-24,US,South Carolina,Greenville,11620,244,0,34.89502264,-82.37295012,45045.0,2219.4971941124113,2.099827882960413,11376,11574,243,0,11331,11523,514213,46,1,0,45,51
2020-08-24,US,South Carolina,Greenwood,1678,30,0,34.15272415,-82.12715789,45047.0,2369.6883252601997,1.7878426698450536,1648,1649,30,0,1619,1644,70741,29,0,0,29,5
2020-08-24,US,South Carolina,Hampton,513,17,0,32.77419582,-81.13845571,45049.0,2668.816980543128,3.313840155945419,496,508,17,0,491,507,19351,5,0,0,5,1
2020-08-24,US,South Carolina,Horry,9112,177,0,33.9212828,-78.99555293,45051.0,2573.4224654810628,1.9424934152765585,8935,9096,177,0,8919,9080,344147,16,0,0,16,16
2020-08-24,US,South Carolina,Jasper,669,18,0,32.43171982,-81.02487495,45053.0,2224.586838692515,2.690582959641256,651,663,18,0,645,657,28971,6,0,0,6,6
2020-08-24,US,South Carolina,Kershaw,1518,29,0,34.33988254,-80.58763164,45055.0,2280.957461195173,1.9104084321475625,1489,1515,29,0,1486,1504,65592,3,0,0,3,11
2020-08-24,US,South Carolina,Lancaster,1554,31,0,34.68270843,-80.70513032,45057.0,1585.5201403909725,1.9948519948519952,1523,1537,31,0,1506,1517,95380,17,0,0,17,20
2020-08-24,US,South Carolina,Laurens,1424,54,0,34.48244419,-82.00490796,45059.0,2109.848428725942,3.792134831460674,1370,1420,53,0,1367,1413,66994,4,1,0,3,7
2020-08-24,US,South Carolina,Lee,610,30,0,34.16393091,-80.25690731,45061.0,3624.910862847634,4.918032786885246,580,607,30,0,577,604,17142,3,0,0,3,3
2020-08-24,US,South Carolina,Lexington,5492,131,0,33.89665987,-81.27146426,45063.0,1838.3263598326362,2.385287691187181,5361,5470,131,0,5339,5433,295032,22,0,0,22,37
2020-08-24,US,South Carolina,Marion,646,17,0,34.07859748,-79.36400756,45067.0,2107.1859607919887,2.631578947368421,629,641,17,0,624,632,31039,5,0,0,5,9
2020-08-24,US,South Carolina,Marlboro,652,5,0,34.59905577,-79.67561152,45069.0,2496.362661765832,0.7668711656441718,647,641,5,0,636,630,26398,11,0,0,11,11
2020-08-24,US,South Carolina,McCormick,151,4,0,33.90161443,-82.30794338,45065.0,1595.688470886611,2.6490066225165565,147,151,4,0,147,151,9410,0,0,0,0,0
2020-08-24,US,South Carolina,Newberry,923,13,0,34.28629098,-81.59935761,45071.0,2401.1446409989594,1.4084507042253518,910,920,13,0,907,916,38520,3,0,0,3,4
2020-08-24,US,South Carolina,Oconee,960,16,0,34.75225169,-83.06742317,45073.0,1206.8488673220527,1.6666666666666667,944,946,16,0,930,933,78374,14,0,0,14,13
2020-08-24,US,South Carolina,Orangeburg,2757,94,0,33.4391073,-80.79886287,45075.0,3199.303742384682,3.4095030830612987,2663,2742,94,0,2648,2720,86934,15,0,0,15,22
2020-08-24,US,South Carolina,Pickens,2047,31,0,34.88807695,-82.72791551,45077.0,1613.284574887299,1.5144113336590133,2016,2033,31,0,2002,2009,124937,14,0,0,14,24
2020-08-24,US,South Carolina,Richland,9997,185,0,34.01791263,-80.90267209,45079.0,2404.5180020155913,1.8505551665499649,9812,9945,185,0,9760,9865,414576,52,0,0,52,80
2020-08-24,US,South Carolina,Saluda,521,11,0,34.00795823,-81.72713237,45081.0,2544.815122356274,2.111324376199616,510,512,11,0,501,510,20544,9,0,0,9,2
2020-08-24,US,South Carolina,Spartanburg,4715,127,0,34.92960077,-81.99225984,45083.0,1474.4281314007847,2.6935312831389178,4588,4702,127,0,4575,4685,313888,13,0,0,13,17
2020-08-24,US,South Carolina,Sumter,2731,59,0,33.91826534,-80.37942316,45085.0,2559.009004788186,2.160380812889052,2672,2723,59,0,2664,2717,106512,8,0,0,8,6
2020-08-24,US,South Carolina,Union,435,5,0,34.68835752,-81.61730349,45087.0,1592.4732757358324,1.1494252873563218,430,435,5,0,430,424,27410,0,0,0,0,11
2020-08-24,US,South Carolina,Williamsburg,1146,36,0,33.62190129,-79.72767442,45089.0,3773.709167544784,3.141361256544503,1110,1144,36,0,1108,1137,30606,2,0,0,2,7
2020-08-24,US,South Carolina,York,4020,39,0,34.97281497,-81.18085944,45091.0,1430.7119037365783,0.9701492537313432,3981,3993,39,0,3954,3972,274118,27,0,0,27,21
2020-08-24,US,South Dakota,Aurora,42,0,0,43.71757685,-98.56050467,46003.0,1526.7175572519086,0.0,42,42,0,0,42,41,2801,0,0,0,0,1
2020-08-24,US,South Dakota,Beadle,616,9,0,44.41464384,-98.27858469,46005.0,3338.2105890641087,1.4610389610389611,607,614,9,0,605,612,18883,2,0,0,2,2
2020-08-24,US,South Dakota,Bennett,11,0,0,43.19486375,-101.6665572,46007.0,326.8945022288261,0.0,11,6,0,0,6,6,3468,5,0,0,5,0
2020-08-24,US,South Dakota,Bon Homme,39,1,0,42.98914167,-97.88592746,46009.0,565.1354876104913,2.5641025641025643,38,38,1,0,37,38,6980,1,0,0,1,0
2020-08-24,US,South Dakota,Brookings,188,1,0,44.36974375,-96.79079945,46011.0,535.9637369216297,0.5319148936170213,187,182,1,0,181,174,35232,6,0,0,6,8
2020-08-24,US,South Dakota,Brown,555,3,0,45.58994323,-98.35165355,46013.0,1428.9760292489511,0.5405405405405406,552,549,3,0,546,537,39316,6,0,0,6,12
2020-08-24,US,South Dakota,Brule,50,0,0,43.71756379,-99.08118954,46015.0,943.9305267132339,0.0,50,50,0,0,50,50,5229,0,0,0,0,0
2020-08-24,US,South Dakota,Buffalo,109,3,0,44.07657829,-99.20814467,46017.0,5555.555555555556,2.7522935779816518,106,109,3,0,106,109,2036,0,0,0,0,0
2020-08-24,US,South Dakota,Butte,29,1,0,44.90608745,-103.5079318,46019.0,278.07076421516916,3.4482758620689653,28,27,1,0,26,26,10222,2,0,0,2,1
2020-08-24,US,South Dakota,Campbell,4,0,0,45.77074915,-100.0510181,46021.0,290.6976744186046,0.0,4,4,0,0,4,4,1377,0,0,0,0,0
2020-08-24,US,South Dakota,Charles Mix,116,0,0,43.20660134,-98.58856175,46023.0,1248.385708136031,0.0,116,116,0,0,116,116,9338,0,0,0,0,0
2020-08-24,US,South Dakota,Clark,18,0,0,44.85834507,-97.72925109,46025.0,481.7987152034261,0.0,18,17,0,0,17,17,3739,1,0,0,1,0
2020-08-24,US,South Dakota,Clay,172,1,0,42.91296147,-96.97656917,46027.0,1222.4591329068942,0.5813953488372093,171,158,1,0,157,152,14041,14,0,0,14,6
2020-08-24,US,South Dakota,Codington,220,1,0,44.97788119,-97.18827677,46029.0,785.461815844907,0.4545454545454545,219,217,1,0,216,207,28015,3,0,0,3,10
2020-08-24,US,South Dakota,Corson,52,0,0,45.70889983,-101.1970473,46031.0,1272.6382770435634,0.0,52,52,0,0,52,52,4165,0,0,0,0,0
2020-08-24,US,South Dakota,Custer,86,0,0,43.67741105,-103.45345209999999,46033.0,958.5376727596968,0.0,86,82,0,0,82,74,8726,4,0,0,4,8
2020-08-24,US,South Dakota,Davison,108,2,0,43.67490933,-98.14458906,46035.0,546.1441213653603,1.851851851851852,106,108,2,0,106,106,19790,0,0,0,0,2
2020-08-24,US,South Dakota,Day,32,0,0,45.367281,-97.60737498,46037.0,589.9705014749262,0.0,32,31,0,0,31,30,5505,1,0,0,1,1
2020-08-24,US,South Dakota,Deuel,34,0,0,44.75994309,-96.66943645,46039.0,781.4295564238106,0.0,34,33,0,0,33,27,4337,1,0,0,1,6
2020-08-24,US,South Dakota,Dewey,65,0,0,45.15639647,-100.8709139,46041.0,1103.1907671418874,0.0,65,65,0,0,65,64,5904,0,0,0,0,1
2020-08-24,US,South Dakota,Douglas,22,0,0,43.38520741,-98.36978007,46043.0,753.1667237247517,0.0,22,20,0,0,20,20,2935,2,0,0,2,0
2020-08-24,US,South Dakota,Edmunds,25,0,0,45.41846445,-99.21545423,46045.0,652.9119874640899,0.0,25,25,0,0,25,25,3875,0,0,0,0,0
2020-08-24,US,South Dakota,Fall River,24,0,0,43.23929297,-103.5275691,46047.0,357.5152688812751,0.0,24,23,0,0,23,23,6758,1,0,0,1,0
2020-08-24,US,South Dakota,Faulk,29,1,0,45.07082625,-99.14535601,46049.0,1261.418007829491,3.4482758620689653,28,29,1,0,28,29,2330,0,0,0,0,0
2020-08-24,US,South Dakota,Grant,39,0,0,45.1723937,-96.77002276,46051.0,553.034600113443,0.0,39,39,0,0,39,39,7147,0,0,0,0,0
2020-08-24,US,South Dakota,Gregory,9,0,0,43.19419064,-99.18883902,46053.0,215.05376344086025,0.0,9,8,0,0,8,8,4212,1,0,0,1,0
2020-08-24,US,South Dakota,Haakon,3,0,0,44.29299053,-101.539099,46055.0,157.9778830963665,0.0,3,3,0,0,3,3,1918,0,0,0,0,0
2020-08-24,US,South Dakota,Hamlin,42,0,0,44.67385954,-97.18829593,46057.0,681.375730045425,0.0,42,41,0,0,41,40,6111,1,0,0,1,1
2020-08-24,US,South Dakota,Hand,13,0,0,44.54708407,-99.00386459,46059.0,407.3958006894391,0.0,13,13,0,0,13,13,3262,0,0,0,0,0
2020-08-24,US,South Dakota,Hanson,22,0,0,43.6746384,-97.78715148,46061.0,637.1271358239213,0.0,22,21,0,0,21,21,3376,1,0,0,1,0
2020-08-24,US,South Dakota,Harding,2,0,0,45.58015551,-103.4958629,46063.0,154.08320493066256,0.0,2,2,0,0,2,2,1249,0,0,0,0,0
2020-08-24,US,South Dakota,Hughes,111,3,0,44.39091534,-99.99661148,46065.0,633.3447449503593,2.702702702702702,108,108,3,0,105,105,17650,3,0,0,3,3
2020-08-24,US,South Dakota,Hutchinson,35,1,0,43.33449012,-97.75536441,46067.0,480.0438897270608,2.8571428571428568,34,35,1,0,34,35,7380,0,0,0,0,0
2020-08-24,US,South Dakota,Hyde,5,0,0,44.54747703,-99.48572582,46069.0,384.3197540353573,0.0,5,5,0,0,5,4,1282,0,0,0,0,1
2020-08-24,US,South Dakota,Jackson,12,1,0,43.69318385,-101.6255063,46071.0,358.85167464114835,8.333333333333334,11,12,1,0,11,12,3307,0,0,0,0,0
2020-08-24,US,South Dakota,Jerauld,40,1,0,44.06637798,-98.62965972,46073.0,1987.083954297069,2.5,39,40,1,0,39,40,2043,0,0,0,0,0
2020-08-24,US,South Dakota,Jones,3,0,0,43.96278565,-100.6940008,46075.0,332.2259136212625,0.0,3,3,0,0,3,3,928,0,0,0,0,0
2020-08-24,US,South Dakota,Kingsbury,18,0,0,44.36956169,-97.4913945,46077.0,364.4462441789836,0.0,18,18,0,0,18,17,4919,0,0,0,0,1
2020-08-24,US,South Dakota,Lake,108,6,0,44.02193107,-97.12926365,46079.0,843.9478002656873,5.5555555555555545,102,108,6,0,102,107,13057,0,0,0,0,1
2020-08-24,US,South Dakota,Lawrence,120,1,0,44.35919441,-103.79294279999999,46081.0,464.32440798637975,0.8333333333333334,119,112,1,0,111,100,25741,8,0,0,8,12
2020-08-24,US,South Dakota,Lincoln,795,2,0,43.27841182,-96.72039050000001,46083.0,1300.549666274048,0.2515723270440252,793,787,2,0,785,781,58807,8,0,0,8,6
2020-08-24,US,South Dakota,Lyman,94,3,0,43.89522709,-99.85201878,46085.0,2486.1147844485586,3.191489361702128,91,94,3,0,91,93,3821,0,0,0,0,1
2020-08-24,US,South Dakota,Marshall,15,0,0,45.75870838,-97.59855639,46091.0,303.951367781155,0.0,15,15,0,0,15,13,5112,0,0,0,0,2
2020-08-24,US,South Dakota,McCook,39,1,0,43.6742571,-97.36863144,46087.0,698.1740064446832,2.5641025641025643,38,39,1,0,38,39,5546,0,0,0,0,0
2020-08-24,US,South Dakota,McPherson,10,0,0,45.76626028,-99.22118798,46089.0,420.34468263976464,0.0,10,10,0,0,10,10,2407,0,0,0,0,0
2020-08-24,US,South Dakota,Meade,170,1,0,44.56676791,-102.71627409999999,46093.0,600.0282366229,0.5882352941176471,169,164,1,0,163,152,28294,6,0,0,6,12
2020-08-24,US,South Dakota,Mellette,24,0,0,43.58078848,-100.7563186,46095.0,1164.4832605531294,0.0,24,24,0,0,24,24,2042,0,0,0,0,0
2020-08-24,US,South Dakota,Miner,15,0,0,44.02197882,-97.60992207,46097.0,676.8953068592058,0.0,15,15,0,0,15,15,2213,0,0,0,0,0
2020-08-24,US,South Dakota,Minnehaha,4924,70,0,43.67441641,-96.7910885,46099.0,2549.525200120124,1.421608448415922,4854,4896,70,0,4826,4875,192876,28,0,0,28,21
2020-08-24,US,South Dakota,Moody,38,0,0,44.02266214,-96.67081159,46101.0,577.8588807785889,0.0,38,37,0,0,37,36,6579,1,0,0,1,1
2020-08-24,US,South Dakota,Oglala Lakota,163,2,0,43.33749164,-102.55554980000001,46102.0,1149.7495944134864,1.2269938650306749,161,163,2,0,161,163,14309,0,0,0,0,0
2020-08-24,US,South Dakota,Pennington,1070,33,0,44.0025835,-102.8240777,46103.0,940.4526477697208,3.0841121495327104,1037,1042,33,0,1009,1028,111729,28,0,0,28,14
2020-08-24,US,South Dakota,Perkins,8,0,0,45.49049506,-102.47555859999999,46105.0,279.2321116928447,0.0,8,6,0,0,6,6,2922,2,0,0,2,0
2020-08-24,US,South Dakota,Potter,4,0,0,45.06583079,-99.95498503,46107.0,185.78727357176032,0.0,4,4,0,0,4,4,2207,0,0,0,0,0
2020-08-24,US,South Dakota,Roberts,91,1,0,45.62975048,-96.94672673,46109.0,875.5050990956323,1.0989010989010992,90,89,1,0,88,89,10447,2,0,0,2,0
2020-08-24,US,South Dakota,Sanborn,13,0,0,44.02351092,-98.09098159999999,46111.0,554.6075085324234,0.0,13,13,0,0,13,13,2429,0,0,0,0,0
2020-08-24,US,South Dakota,Spink,35,0,0,44.93837606,-98.34626602,46115.0,548.9335006273526,0.0,35,35,0,0,35,34,6495,0,0,0,0,1
2020-08-24,US,South Dakota,Stanley,20,0,0,44.41381872,-100.7349153,46117.0,645.577792123951,0.0,20,20,0,0,20,20,3022,0,0,0,0,0
2020-08-24,US,South Dakota,Sully,8,0,0,44.71571812,-100.1278092,46119.0,575.1258087706685,0.0,8,7,0,0,7,7,1392,1,0,0,1,0
2020-08-24,US,South Dakota,Todd,76,5,0,43.19338568,-100.71955030000001,46121.0,746.7819593200354,6.578947368421053,71,76,5,0,71,76,10283,0,0,0,0,0
2020-08-24,US,South Dakota,Tripp,20,0,0,43.34459388,-99.8854891,46123.0,367.5794890645102,0.0,20,20,0,0,20,20,5478,0,0,0,0,0
2020-08-24,US,South Dakota,Turner,69,0,0,43.3109081,-97.14865776,46125.0,822.9961832061067,0.0,69,68,0,0,68,68,8424,1,0,0,1,0
2020-08-24,US,South Dakota,Union,235,4,0,42.83112163,-96.6557828,46127.0,1475.0188300276175,1.702127659574468,231,232,4,0,228,232,15619,3,0,0,3,0
2020-08-24,US,South Dakota,Walworth,32,0,0,45.43019636,-100.03075140000001,46129.0,588.7764489420422,0.0,32,31,0,0,31,30,5587,1,0,0,1,1
2020-08-24,US,South Dakota,Yankton,183,3,0,43.00924485,-97.39467635,46135.0,802.1390374331551,1.639344262295082,180,179,3,0,176,175,22869,4,0,0,4,4
2020-08-24,US,South Dakota,Ziebach,46,0,0,44.97881876,-101.6654622,46137.0,1669.0856313497825,0.0,46,45,0,0,45,44,2742,1,0,0,1,1
2020-08-24,US,Tennessee,Anderson,839,8,0,36.12684348,-84.19965764,47001.0,1089.9217958377722,0.9535160905840286,831,836,8,0,828,828,76482,3,0,0,3,8
2020-08-24,US,Tennessee,Bedford,1057,14,0,35.51123746,-86.45549096,47003.0,2126.204413332529,1.3245033112582782,1043,1051,14,0,1037,1037,49038,6,0,0,6,14
2020-08-24,US,Tennessee,Benton,223,3,0,36.07110411,-88.06849355,47005.0,1379.950495049505,1.345291479820628,220,223,3,0,220,214,16184,0,0,0,0,9
2020-08-24,US,Tennessee,Bledsoe,768,3,0,35.59942968,-85.20611967,47007.0,5098.247477429633,0.390625,765,768,3,0,765,763,14755,0,0,0,0,5
2020-08-24,US,Tennessee,Blount,1744,15,0,35.68938198,-83.92847788,47009.0,1310.4111565280114,0.8600917431192661,1729,1732,15,0,1717,1715,131349,12,0,0,12,17
2020-08-24,US,Tennessee,Bradley,2359,16,0,35.15739424,-84.857186,47011.0,2182.036814355749,0.6782534972445952,2343,2336,16,0,2320,2306,106727,23,0,0,23,30
2020-08-24,US,Tennessee,Campbell,302,2,0,36.40355516,-84.15108559999999,47013.0,757.9940766025802,0.6622516556291391,300,299,2,0,297,295,39583,3,0,0,3,4
2020-08-24,US,Tennessee,Cannon,186,0,0,35.80990797,-86.05738983,47015.0,1267.2026161602398,0.0,186,185,0,0,185,180,14462,1,0,0,1,5
2020-08-24,US,Tennessee,Carroll,516,6,0,35.97366108,-88.45189331,47017.0,1858.321028559081,1.162790697674419,510,508,6,0,502,482,28020,8,0,0,8,26
2020-08-24,US,Tennessee,Carter,736,14,0,36.28969086,-82.12588974,47019.0,1305.1728112642086,1.9021739130434785,722,727,14,0,713,711,56351,9,0,0,9,16
2020-08-24,US,Tennessee,Cheatham,694,10,0,36.26136216,-87.08903581,47021.0,1706.5433889886149,1.4409221902017288,684,690,10,0,680,688,40439,4,0,0,4,2
2020-08-24,US,Tennessee,Chester,336,4,0,35.42527478,-88.6095842,47023.0,1942.5333872925946,1.1904761904761905,332,333,4,0,329,325,17276,3,0,0,3,8
2020-08-24,US,Tennessee,Claiborne,345,2,0,36.48319149,-83.65947309,47025.0,1079.5081197784662,0.5797101449275363,343,344,2,0,342,338,31756,1,0,0,1,6
2020-08-24,US,Tennessee,Clay,103,0,0,36.55151008,-85.53930419,47027.0,1352.5935653315826,0.0,103,102,0,0,102,99,7717,1,0,0,1,3
2020-08-24,US,Tennessee,Cocke,606,6,0,35.9278914,-83.11828725,47029.0,1683.1463170758805,0.99009900990099,600,600,6,0,594,591,35774,6,0,0,6,9
2020-08-24,US,Tennessee,Coffee,695,6,0,35.49090731,-86.07311784,47031.0,1229.65322009908,0.8633093525179856,689,691,5,0,686,675,55700,4,1,0,3,16
2020-08-24,US,Tennessee,Crockett,359,12,0,35.81830662,-89.14916269,47033.0,2522.839072382291,3.3426183844011144,347,355,12,0,343,349,14328,4,0,0,4,6
2020-08-24,US,Tennessee,Cumberland,709,8,0,35.95271721,-84.99840585,47035.0,1171.5135492399204,1.1283497884344147,701,706,7,0,699,688,59673,3,1,0,2,18
2020-08-24,US,Tennessee,Davidson,22816,246,0,36.17007426,-86.78646056,47037.0,3286.926055688733,1.0781907433380085,22570,22766,245,0,22521,22656,692587,50,1,0,49,110
2020-08-24,US,Tennessee,DeKalb,417,5,0,35.97616272,-85.83689361,47041.0,2035.139092240117,1.1990407673860912,412,416,5,0,411,412,20138,1,0,0,1,4
2020-08-24,US,Tennessee,Decatur,272,4,0,35.60048904,-88.11043779,47039.0,2332.1615364828945,1.4705882352941178,268,270,4,0,266,267,11706,2,0,0,2,3
2020-08-24,US,Tennessee,Dickson,851,8,0,36.14669837,-87.35891709,47043.0,1577.4449469859867,0.9400705052878966,843,844,7,0,837,832,53446,7,1,0,6,12
2020-08-24,US,Tennessee,Dyer,862,9,0,36.05931946,-89.41542855,47045.0,2319.7610269382917,1.0440835266821349,853,852,9,0,843,829,37320,10,0,0,10,23
2020-08-24,US,Tennessee,Fayette,820,10,0,35.19615831,-89.41399032,47047.0,1993.5331728782244,1.2195121951219512,810,814,10,0,804,806,40507,6,0,0,6,8
2020-08-24,US,Tennessee,Fentress,149,0,0,36.38128818,-84.92870012,47049.0,804.4053339091939,0.0,149,147,0,0,147,142,18217,2,0,0,2,5
2020-08-24,US,Tennessee,Franklin,426,4,0,35.15634626,-86.09201039,47051.0,1009.2873388931007,0.9389671361502347,422,422,4,0,418,417,41890,4,0,0,4,5
2020-08-24,US,Tennessee,Gibson,995,13,0,35.99438059,-88.93358327,47053.0,2025.1155028188793,1.306532663316583,982,981,12,0,969,969,49045,14,1,0,13,12
2020-08-24,US,Tennessee,Giles,428,14,0,35.20222469,-87.03992678,47055.0,1452.6201466196035,3.2710280373831777,414,428,14,0,414,427,29503,0,0,0,0,1
2020-08-24,US,Tennessee,Grainger,249,1,0,36.27469206,-83.51254721,47057.0,1067.7530017152658,0.4016064257028112,248,246,1,0,245,244,23145,3,0,0,3,2
2020-08-24,US,Tennessee,Greene,730,10,0,36.17470125,-82.84691273,47059.0,1056.9141003923612,1.3698630136986298,720,721,10,0,711,712,69087,9,0,0,9,9
2020-08-24,US,Tennessee,Grundy,142,2,0,35.38433717,-85.72142731,47061.0,1057.5705667684517,1.4084507042253518,140,142,2,0,140,139,13346,0,0,0,0,3
2020-08-24,US,Tennessee,Hamblen,1580,18,0,36.21990035,-83.26586179,47063.0,2433.239905134444,1.139240506329114,1562,1576,18,0,1558,1564,64569,4,0,0,4,12
2020-08-24,US,Tennessee,Hamilton,7496,65,0,35.17670231,-85.16652245,47065.0,2038.0420006307706,0.8671291355389541,7431,7463,61,0,7402,7373,364286,33,4,0,29,90
2020-08-24,US,Tennessee,Hancock,88,2,0,36.52692871,-83.22375847,47067.0,1329.3051359516614,2.272727272727273,86,88,2,0,86,88,6549,0,0,0,0,0
2020-08-24,US,Tennessee,Hardeman,1179,22,0,35.20772017,-88.99161161,47069.0,4706.586826347306,1.8659881255301105,1157,1174,22,0,1152,1167,25220,5,0,0,5,7
2020-08-24,US,Tennessee,Hardin,620,8,0,35.19732531,-88.18593755,47071.0,2416.9655387494154,1.2903225806451613,612,615,8,0,607,592,25776,5,0,0,5,23
2020-08-24,US,Tennessee,Hawkins,637,12,0,36.44355426,-82.94885298,47073.0,1121.755362237171,1.8838304552590264,625,634,12,0,622,629,56530,3,0,0,3,5
2020-08-24,US,Tennessee,Haywood,702,10,0,35.58332824,-89.28536625,47075.0,4056.865464632455,1.4245014245014245,692,699,10,0,689,686,17335,3,0,0,3,13
2020-08-24,US,Tennessee,Henderson,793,6,0,35.65581134,-88.38600175,47077.0,2820.3577906604546,0.7566204287515763,787,788,6,0,782,778,27847,5,0,0,5,10
2020-08-24,US,Tennessee,Henry,410,4,0,36.33160906,-88.30121797,47079.0,1267.5838614932754,0.975609756097561,406,408,4,0,404,391,32358,2,0,0,2,17
2020-08-24,US,Tennessee,Hickman,331,1,0,35.80609681,-87.47643507,47081.0,1314.6397648740965,0.3021148036253776,330,330,1,0,329,328,25063,1,0,0,1,2
2020-08-24,US,Tennessee,Houston,73,0,0,36.28872054,-87.71878828,47083.0,890.1353493476405,0.0,73,72,0,0,72,71,8263,1,0,0,1,1
2020-08-24,US,Tennessee,Humphreys,155,3,0,36.03958805,-87.77992872,47085.0,834.1405661392746,1.935483870967742,152,151,3,0,148,150,18486,4,0,0,4,1
2020-08-24,US,Tennessee,Jackson,189,1,0,36.36380466,-85.67239905,47087.0,1603.5974885457322,0.5291005291005291,188,189,1,0,188,188,11758,0,0,0,0,1
2020-08-24,US,Tennessee,Jefferson,721,6,0,36.04818632,-83.45148924,47089.0,1323.0571612074502,0.8321775312066574,715,703,5,0,698,688,54012,18,1,0,17,15
2020-08-24,US,Tennessee,Johnson,387,1,0,36.45523950000001,-81.84886538,47091.0,2175.624016190691,0.25839793281653745,386,387,1,0,386,384,17778,0,0,0,0,3
2020-08-24,US,Tennessee,Knox,5855,49,0,35.99508821,-83.94635435,47093.0,1244.915620023261,0.8368915456874466,5806,5798,49,0,5749,5682,465289,57,0,0,57,116
2020-08-24,US,Tennessee,Lake,820,1,0,36.34180170000001,-89.48921915,47095.0,11687.571265678447,0.12195121951219512,819,815,1,0,814,815,7411,5,0,0,5,0
2020-08-24,US,Tennessee,Lauderdale,637,12,0,35.75893438,-89.63015909999999,47097.0,2485.07782936059,1.8838304552590264,625,632,12,0,620,621,25825,5,0,0,5,11
2020-08-24,US,Tennessee,Lawrence,703,8,0,35.21675201,-87.39787695,47099.0,1592.587558334466,1.1379800853485065,695,699,8,0,691,694,43734,4,0,0,4,5
2020-08-24,US,Tennessee,Lewis,117,1,0,35.52853208,-87.49022694,47101.0,953.7006847081841,0.8547008547008547,116,117,1,0,116,117,12086,0,0,0,0,0
2020-08-24,US,Tennessee,Lincoln,386,1,0,35.13738622,-86.58910106,47103.0,1123.2031659198044,0.2590673575129533,385,385,1,0,384,379,34117,1,0,0,1,6
2020-08-24,US,Tennessee,Loudon,879,3,0,35.73939663,-84.31145275,47105.0,1625.730561515129,0.3412969283276451,876,874,3,0,871,862,53054,5,0,0,5,12
2020-08-24,US,Tennessee,Macon,882,14,0,36.53157855,-86.00778595,47111.0,3585.0743841964068,1.5873015873015872,868,880,14,0,866,879,24265,2,0,0,2,1
2020-08-24,US,Tennessee,Madison,1571,31,0,35.61181957,-88.84076036,47113.0,1603.3229915088175,1.973265436028008,1540,1555,31,0,1524,1533,97605,16,0,0,16,22
2020-08-24,US,Tennessee,Marion,300,5,0,35.12997174,-85.62265895,47115.0,1037.8109108520428,1.6666666666666667,295,297,5,0,292,289,28575,3,0,0,3,8
2020-08-24,US,Tennessee,Marshall,472,4,0,35.45798777,-86.76420988,47117.0,1373.090909090909,0.8474576271186439,468,467,4,0,463,443,33683,5,0,0,5,24
2020-08-24,US,Tennessee,Maury,1593,11,0,35.618741299999996,-87.07462444,47119.0,1652.7125027233967,0.6905210295040803,1582,1581,11,0,1570,1540,94340,12,0,0,12,41
2020-08-24,US,Tennessee,McMinn,717,20,0,35.42812616,-84.61520715,47107.0,1332.8624010112649,2.7894002789400285,697,714,20,0,694,695,53285,3,0,0,3,19
2020-08-24,US,Tennessee,McNairy,490,8,0,35.17468549,-88.5647812,47109.0,1907.0600140110528,1.6326530612244898,482,487,7,0,480,482,25832,3,1,0,2,5
2020-08-24,US,Tennessee,Meigs,134,2,0,35.51558739,-84.81482914,47121.0,1078.731283207213,1.492537313432836,132,134,2,0,132,134,12306,0,0,0,0,0
2020-08-24,US,Tennessee,Monroe,608,10,0,35.44550387,-84.24902965,47123.0,1306.2627564722306,1.6447368421052633,598,601,10,0,591,591,46357,7,0,0,7,10
2020-08-24,US,Tennessee,Montgomery,2330,27,0,36.49609412,-87.38550661,47125.0,1114.8698760245559,1.158798283261803,2303,2313,24,0,2289,2294,205950,17,3,0,14,19
2020-08-24,US,Tennessee,Moore,84,0,0,35.27724699,-86.36230578,47127.0,1294.6979038224415,0.0,84,84,0,0,84,82,6411,0,0,0,0,2
2020-08-24,US,Tennessee,Morgan,184,1,0,36.13248031,-84.64880098,47129.0,859.6925664626456,0.5434782608695652,183,182,1,0,181,176,21579,2,0,0,2,6
2020-08-24,US,Tennessee,Obion,757,5,0,36.35732446,-89.14921589,47131.0,2517.5429844690548,0.6605019815059445,752,754,5,0,749,735,30267,3,0,0,3,19
2020-08-24,US,Tennessee,Out of TN,2929,22,0,0.0,0.0,80047.0,0.0,0.7511095937179925,2907,2937,21,0,2916,2830,,-8,1,0,-9,107
2020-08-24,US,Tennessee,Overton,360,1,0,36.34117832,-85.28989535,47133.0,1618.6322557438964,0.2777777777777778,359,357,1,0,356,347,22068,3,0,0,3,10
2020-08-24,US,Tennessee,Perry,98,0,0,35.63708728,-87.86139634,47135.0,1213.4720158494306,0.0,98,97,0,0,97,96,8064,1,0,0,1,1
2020-08-24,US,Tennessee,Pickett,46,1,0,36.55606529,-85.07763299999998,47137.0,911.2519809825676,2.1739130434782608,45,46,1,0,45,45,5082,0,0,0,0,1
2020-08-24,US,Tennessee,Polk,305,10,0,35.12245443,-84.52075859,47139.0,1812.0247148288968,3.278688524590164,295,302,10,0,292,298,16898,3,0,0,3,4
2020-08-24,US,Tennessee,Putnam,2149,23,0,36.14005459,-85.50646123,47141.0,2678.0484765405945,1.0702652396463472,2126,2145,23,0,2122,2121,78843,4,0,0,4,24
2020-08-24,US,Tennessee,Rhea,616,2,0,35.60536161,-84.93076643,47143.0,1857.267766153104,0.3246753246753247,614,613,2,0,611,612,33044,3,0,0,3,1
2020-08-24,US,Tennessee,Roane,587,2,0,35.84923189,-84.52458689,47145.0,1099.621595294294,0.34071550255536626,585,586,2,0,584,581,53140,1,0,0,1,5
2020-08-24,US,Tennessee,Robertson,1751,25,0,36.52454807,-86.87346725,47147.0,2438.277192151839,1.4277555682467162,1726,1748,25,0,1723,1732,71012,3,0,0,3,16
2020-08-24,US,Tennessee,Rutherford,7486,64,0,35.84591405,-86.4107263,47149.0,2252.885324345065,0.8549292011755276,7422,7461,64,0,7397,7404,324890,25,0,0,25,57
2020-08-24,US,Tennessee,Scott,153,2,0,36.42325673,-84.50360494,47151.0,693.3115823817293,1.30718954248366,151,153,2,0,151,153,22039,0,0,0,0,0
2020-08-24,US,Tennessee,Sequatchie,138,1,0,35.36979721,-85.41022136,47153.0,918.408092639425,0.7246376811594203,137,138,1,0,137,135,14876,0,0,0,0,3
2020-08-24,US,Tennessee,Sevier,2154,11,0,35.78077323,-83.52244332,47155.0,2192.3664122137407,0.510677808727948,2143,2152,11,0,2141,2140,97892,2,0,0,2,12
2020-08-24,US,Tennessee,Shelby,25976,369,0,35.1864775,-89.89692423,47157.0,2771.76081932123,1.4205420388050511,25607,25858,369,0,25489,25527,935764,118,0,0,118,331
2020-08-24,US,Tennessee,Smith,497,8,0,36.25359775,-85.95411046,47159.0,2465.6446891898595,1.6096579476861168,489,503,8,0,495,498,19942,-6,0,0,-6,5
2020-08-24,US,Tennessee,Stewart,89,0,0,36.50235092,-87.83920548,47161.0,648.9245351804592,0.0,89,89,0,0,89,89,13561,0,0,0,0,0
2020-08-24,US,Tennessee,Sullivan,1474,22,0,36.51240691,-82.30412917,47163.0,930.8611412837547,1.492537313432836,1452,1471,22,0,1449,1437,157668,3,0,0,3,34
2020-08-24,US,Tennessee,Sumner,3889,82,0,36.46824103,-86.45917204,47165.0,2033.113240591166,2.108511185394703,3807,3871,82,0,3789,3846,187149,18,0,0,18,25
2020-08-24,US,Tennessee,Tipton,1337,13,0,35.501942,-89.73694895,47167.0,2170.489780678258,0.9723261032161556,1324,1323,13,0,1310,1309,61581,14,0,0,14,14
2020-08-24,US,Tennessee,Trousdale,1592,6,0,36.39026213,-86.16087954,47169.0,14108.4721729883,0.3768844221105528,1586,1592,6,0,1586,1592,11012,0,0,0,0,0
2020-08-24,US,Tennessee,Unassigned,3293,6,0,0.0,0.0,90047.0,0.0,0.18220467658669906,3287,3294,5,0,3289,3225,,-1,1,0,-2,69
2020-08-24,US,Tennessee,Unicoi,212,1,0,36.10890856,-82.43709629,47171.0,1185.4834200078287,0.4716981132075472,211,212,1,0,211,207,17761,0,0,0,0,5
2020-08-24,US,Tennessee,Union,208,1,0,36.28590426,-83.83651902,47173.0,1041.458041257761,0.4807692307692308,207,205,0,0,205,201,19688,3,1,0,2,4
2020-08-24,US,Tennessee,Van Buren,54,0,0,35.69864497,-85.45221699,47175.0,919.6185286103544,0.0,54,53,0,0,53,51,5765,1,0,0,1,2
2020-08-24,US,Tennessee,Warren,741,7,0,35.672829899999996,-85.77969117,47177.0,1795.1886038229522,0.9446693657219972,734,735,7,0,728,704,40878,6,0,0,6,31
2020-08-24,US,Tennessee,Washington,1597,7,0,36.29472368,-82.49454720000001,47179.0,1234.3961352657004,0.4383218534752661,1590,1592,6,0,1586,1555,128607,5,1,0,4,37
2020-08-24,US,Tennessee,Wayne,261,2,0,35.23868267,-87.78644456,47181.0,1565.4051460445028,0.7662835249042146,259,259,2,0,257,253,16558,2,0,0,2,6
2020-08-24,US,Tennessee,Weakley,742,9,0,36.29896232,-88.71990865,47183.0,2226.356216994719,1.2129380053908356,733,735,7,0,728,703,33415,7,2,0,5,32
2020-08-24,US,Tennessee,White,435,7,0,35.92929884,-85.45591799,47185.0,1590.7844212835987,1.6091954022988506,428,430,7,0,423,413,27107,5,0,0,5,17
2020-08-24,US,Tennessee,Williamson,4157,27,0,35.89099229,-86.89281867,47187.0,1743.620287569417,0.6495068559057012,4130,4140,27,0,4113,4096,231729,17,0,0,17,44
2020-08-24,US,Tennessee,Wilson,2664,30,0,36.15496772,-86.29775884,47189.0,1841.5977104460892,1.1261261261261262,2634,2659,29,0,2630,2627,140625,5,1,0,4,32
2020-08-24,US,Texas,Anderson,2431,18,0,31.81534745,-95.65354823,48001.0,4210.617476400797,0.7404360345536816,2413,2425,18,0,2407,2425,58057,6,0,0,6,0
2020-08-24,US,Texas,Andrews,356,8,0,32.30468633,-102.63765479999999,48003.0,1903.2344292969794,2.247191011235955,348,356,8,0,348,356,18128,0,0,0,0,0
2020-08-24,US,Texas,Angelina,1964,62,0,31.25457347,-94.60901487,48005.0,2264.890734013723,3.1568228105906315,1902,1964,61,0,1903,1953,87092,0,1,0,-1,11
2020-08-24,US,Texas,Aransas,198,16,0,28.10556197,-96.9995047,48007.0,842.1948107188431,8.080808080808081,182,197,16,0,181,197,23792,1,0,0,1,0
2020-08-24,US,Texas,Archer,39,0,0,33.61569967,-98.68754589,48009.0,455.9803577692038,0.0,39,39,0,0,39,39,8786,0,0,0,0,0
2020-08-24,US,Texas,Armstrong,10,0,0,34.96507426,-101.35748740000001,48011.0,529.9417064122946,0.0,10,10,0,0,10,10,1892,0,0,0,0,0
2020-08-24,US,Texas,Atascosa,544,23,0,28.89333001,-98.52730485,48013.0,1063.4762379528083,4.227941176470588,521,544,23,0,521,544,50310,0,0,0,0,0
2020-08-24,US,Texas,Austin,398,5,0,29.88548725,-96.27736949,48015.0,1325.253063399041,1.256281407035176,393,391,5,0,386,371,29989,7,0,0,7,20
2020-08-24,US,Texas,Bailey,196,4,0,34.06854817,-102.8299707,48017.0,2800.0,2.0408163265306123,192,196,4,0,192,196,7027,0,0,0,0,0
2020-08-24,US,Texas,Bandera,106,3,0,29.74619598,-99.24598147,48019.0,458.6362062997577,2.830188679245283,103,106,3,0,103,106,22824,0,0,0,0,0
2020-08-24,US,Texas,Bastrop,1536,25,0,30.10370699,-97.31206354,48021.0,1731.2309096851998,1.6276041666666667,1511,1531,25,0,1506,1522,86976,5,0,0,5,9
2020-08-24,US,Texas,Baylor,12,0,0,33.61640794,-99.21352901,48023.0,341.9777714448561,0.0,12,12,0,0,12,12,3582,0,0,0,0,0
2020-08-24,US,Texas,Bee,1473,18,0,28.41761668,-97.74215593,48025.0,4523.261169967755,1.2219959266802445,1455,1469,18,0,1451,1456,32587,4,0,0,4,13
2020-08-24,US,Texas,Bell,4534,55,0,31.03736027,-97.4785025,48027.0,1249.297373554794,1.2130569033965592,4479,4534,55,0,4479,4534,355642,0,0,0,0,0
2020-08-24,US,Texas,Bexar,45364,998,0,29.44928723,-98.52019748,48029.0,2264.176558255979,2.1999823648708228,44366,45255,998,0,44257,44814,1986049,109,0,0,109,441
2020-08-24,US,Texas,Blanco,127,5,0,30.26640707,-98.3999852,48031.0,1064.4539435085073,3.9370078740157477,122,127,5,0,122,127,11702,0,0,0,0,0
2020-08-24,US,Texas,Bosque,197,5,0,31.89978581,-97.63613524,48035.0,1054.3216483810543,2.538071065989848,192,197,5,0,192,196,18691,0,0,0,0,1
2020-08-24,US,Texas,Bowie,860,41,0,33.44626922,-94.41834132,48037.0,922.3014638854628,4.767441860465117,819,859,41,0,818,859,94324,1,0,0,1,0
2020-08-24,US,Texas,Brazoria,8662,124,0,29.18757369,-95.44563172,48039.0,2314.409080221448,1.4315400600323251,8538,8662,124,0,8538,8605,370200,0,0,0,0,57
2020-08-24,US,Texas,Brazos,4390,53,0,30.663644800000004,-96.30205577,48041.0,1915.2658467525555,1.2072892938496582,4337,4352,53,0,4299,4311,226758,38,0,0,38,41
2020-08-24,US,Texas,Brewster,189,2,0,29.81008251,-103.25203259999999,48043.0,2053.6781484298604,1.058201058201058,187,189,2,0,187,189,9267,0,0,0,0,0
2020-08-24,US,Texas,Briscoe,12,1,0,34.53026962,-101.2084947,48045.0,776.1966364812421,8.333333333333334,11,12,1,0,11,12,1516,0,0,0,0,0
2020-08-24,US,Texas,Brooks,197,14,0,27.03103197,-98.21808402,48047.0,2777.3861553644438,7.1065989847715745,183,190,14,0,176,190,7114,7,0,0,7,0
2020-08-24,US,Texas,Brown,435,19,0,31.77430356,-98.99907113,48049.0,1148.848510458483,4.367816091954023,416,435,19,0,416,435,37924,0,0,0,0,0
2020-08-24,US,Texas,Burleson,275,6,0,30.49273808,-96.62158484,48051.0,1491.0806267960745,2.1818181818181817,269,275,6,0,269,275,18389,0,0,0,0,0
2020-08-24,US,Texas,Burnet,605,12,0,30.78801353,-98.181887,48053.0,1256.359671892846,1.9834710743801651,593,604,12,0,592,603,47542,1,0,0,1,1
2020-08-24,US,Texas,Caldwell,1210,31,0,29.83668859,-97.61814775,48055.0,2771.1615976548187,2.56198347107438,1179,1210,31,0,1179,1208,43247,0,0,0,0,2
2020-08-24,US,Texas,Calhoun,579,7,0,28.47048236,-96.61633945,48057.0,2719.5866604039456,1.2089810017271156,572,579,7,0,572,579,21561,0,0,0,0,0
2020-08-24,US,Texas,Callahan,57,3,0,32.29760619,-99.37326312,48059.0,408.80728681058594,5.2631578947368425,54,57,3,0,54,57,13994,0,0,0,0,0
2020-08-24,US,Texas,Cameron,19225,657,0,26.14524221,-97.48140372,48061.0,4543.166581199207,3.4174252275682706,18568,19225,653,0,18572,19001,423908,0,4,0,-4,224
2020-08-24,US,Texas,Camp,274,7,0,32.97195142,-94.97790104,48063.0,2092.5614785397893,2.554744525547445,267,274,7,0,267,273,13033,0,0,0,0,1
2020-08-24,US,Texas,Carson,17,0,0,35.40365929,-101.35426690000001,48065.0,286.87141410732363,0.0,17,17,0,0,17,17,6005,0,0,0,0,0
2020-08-24,US,Texas,Cass,227,9,0,33.07499881,-94.34646905,48067.0,756.0114567374942,3.9647577092511015,218,225,9,0,216,223,30119,2,0,0,2,2
2020-08-24,US,Texas,Castro,214,4,0,34.53016752,-102.2617243,48069.0,2841.9654714475428,1.8691588785046729,210,214,4,0,210,214,7665,0,0,0,0,0
2020-08-24,US,Texas,Chambers,1103,5,0,29.70972016,-94.67154501,48071.0,2516.1393343522595,0.4533091568449682,1098,1080,5,0,1075,1080,42454,23,0,0,23,0
2020-08-24,US,Texas,Cherokee,1339,14,0,31.837258000000002,-95.16559897,48073.0,2543.4031075485323,1.0455563853622103,1325,1334,14,0,1320,1334,52592,5,0,0,5,0
2020-08-24,US,Texas,Childress,52,0,0,34.529304100000004,-100.2077916,48075.0,711.7437722419929,0.0,52,52,0,0,52,52,7291,0,0,0,0,0
2020-08-24,US,Texas,Clay,59,1,0,33.78686685,-98.20771198,48077.0,563.460987489256,1.6949152542372878,58,59,1,0,58,59,10456,0,0,0,0,0
2020-08-24,US,Texas,Cochran,35,1,0,33.60425307,-102.82844990000001,48079.0,1226.7788293024887,2.8571428571428568,34,35,1,0,34,35,2836,0,0,0,0,0
2020-08-24,US,Texas,Coke,45,2,0,31.88911733,-100.5297533,48081.0,1328.6093888396808,4.4444444444444455,43,45,2,0,43,45,3370,0,0,0,0,0
2020-08-24,US,Texas,Coleman,44,2,0,31.76736834,-99.45240766,48083.0,538.2262996941896,4.545454545454546,42,44,2,0,42,44,8397,0,0,0,0,0
2020-08-24,US,Texas,Collin,10639,111,0,33.18820114,-96.57264368,48085.0,1028.1909290346273,1.0433311401447505,10528,10589,107,0,10482,10521,1005146,50,4,0,46,68
2020-08-24,US,Texas,Collingsworth,15,0,0,34.96489496,-100.27001109999999,48087.0,513.6986301369864,0.0,15,15,0,0,15,15,2962,0,0,0,0,0
2020-08-24,US,Texas,Colorado,421,3,0,29.622097999999998,-96.5273805,48089.0,1958.7772763225241,0.7125890736342043,418,416,3,0,413,399,21217,5,0,0,5,17
2020-08-24,US,Texas,Comal,2275,93,0,29.80811278,-98.27647225,48091.0,1456.3821546773875,4.087912087912088,2182,2275,93,0,2182,2270,148373,0,0,0,0,5
2020-08-24,US,Texas,Comanche,184,3,0,31.94854689,-98.55876441,48093.0,1349.4682801613494,1.6304347826086956,181,184,3,0,181,184,13534,0,0,0,0,0
2020-08-24,US,Texas,Concho,35,0,0,31.32635934,-99.86473038,48095.0,1283.9325018341892,0.0,35,35,0,0,35,35,4276,0,0,0,0,0
2020-08-24,US,Texas,Cooke,288,4,0,33.63979567,-97.21240912,48097.0,698.0633589451488,1.3888888888888888,284,288,4,0,284,288,40574,0,0,0,0,0
2020-08-24,US,Texas,Coryell,781,8,0,31.39078397,-97.79936155,48099.0,1028.2945583336625,1.0243277848911652,773,779,8,0,771,768,74808,2,0,0,2,11
2020-08-24,US,Texas,Cottle,18,2,0,34.07783319,-100.27850620000001,48101.0,1287.5536480686694,11.111111111111109,16,18,2,0,16,18,1389,0,0,0,0,0
2020-08-24,US,Texas,Crane,70,2,0,31.43052248,-102.5143314,48103.0,1459.245361684386,2.8571428571428568,68,70,2,0,68,70,4794,0,0,0,0,0
2020-08-24,US,Texas,Crockett,160,4,0,30.72367027,-101.4134238,48105.0,4618.937644341801,2.5,156,160,4,0,156,160,3499,0,0,0,0,0
2020-08-24,US,Texas,Crosby,75,1,0,33.61431553,-101.30003640000001,48107.0,1307.3034687118702,1.3333333333333333,74,75,1,0,74,75,5779,0,0,0,0,0
2020-08-24,US,Texas,Culberson,22,2,0,31.44506775,-104.5185739,48109.0,1013.3578995854443,9.090909090909092,20,22,2,0,20,22,2204,0,0,0,0,0
2020-08-24,US,Texas,Dallam,202,6,0,36.27787176,-102.60207249999999,48111.0,2772.0598325785645,2.9702970297029703,196,202,6,0,196,202,7200,0,0,0,0,0
2020-08-24,US,Texas,Dallas,69086,883,0,32.76670599,-96.77796049999999,48113.0,2621.3462562928853,1.278117129374982,68203,68904,881,0,68023,67486,2637772,182,2,0,180,1418
2020-08-24,US,Texas,Dawson,187,8,0,32.74255572,-101.94772420000001,48115.0,1469.2017598994346,4.2780748663101615,179,187,8,0,179,187,12619,0,0,0,0,0
2020-08-24,US,Texas,DeWitt,782,24,0,29.08101855,-97.35681170000001,48123.0,3878.968253968254,3.0690537084398977,758,782,24,0,758,782,20187,0,0,0,0,0
2020-08-24,US,Texas,Deaf Smith,770,19,0,34.96522957,-102.6054267,48117.0,4151.838671411625,2.467532467532468,751,770,19,0,751,770,18760,0,0,0,0,0
2020-08-24,US,Texas,Delta,18,0,0,33.38570922,-95.66921122,48119.0,337.64772087788407,0.0,18,18,0,0,18,18,5349,0,0,0,0,0
2020-08-24,US,Texas,Denton,9235,118,0,33.20521901,-97.11691153,48121.0,1040.9070262069617,1.2777476989713048,9117,9095,116,0,8979,9095,859064,140,2,0,138,0
2020-08-24,US,Texas,Dickens,10,1,0,33.61616822,-100.7788855,48125.0,452.2840343735867,10.0,9,10,1,0,9,10,2249,0,0,0,0,0
2020-08-24,US,Texas,Dimmit,171,5,0,28.42270064,-99.75645095,48127.0,1689.0557092058475,2.9239766081871346,166,171,5,0,166,171,10308,0,0,0,0,0
2020-08-24,US,Texas,Donley,52,1,0,34.96517499,-100.8140093,48129.0,1586.333129957291,1.9230769230769231,51,52,1,0,51,52,3319,0,0,0,0,0
2020-08-24,US,Texas,Duval,229,8,0,27.68184592,-98.50864568,48131.0,2052.523079680918,3.4934497816593884,221,222,8,0,214,218,11212,7,0,0,7,4
2020-08-24,US,Texas,Eastland,103,2,0,32.32743996,-98.83243566,48133.0,561.0021786492375,1.9417475728155342,101,103,1,0,102,103,18322,0,1,0,-1,0
2020-08-24,US,Texas,Ector,4057,66,0,31.86898877,-102.54294279999999,48135.0,2440.697135775434,1.6268178456987925,3991,4007,64,0,3943,4007,162124,50,2,0,48,0
2020-08-24,US,Texas,Edwards,34,0,0,29.98202582,-100.304252,48137.0,1759.8343685300208,0.0,34,34,0,0,34,34,1928,0,0,0,0,0
2020-08-24,US,Texas,El Paso,19554,394,0,31.76980765,-106.23632749999999,48141.0,2329.970759188693,2.014933006034571,19160,19396,392,0,19004,19316,840758,158,2,0,156,80
2020-08-24,US,Texas,Ellis,3486,55,0,32.34894117,-96.79371841,48139.0,1886.0982762165493,1.5777395295467584,3431,3486,54,0,3432,3486,179436,0,1,0,-1,0
2020-08-24,US,Texas,Erath,618,7,0,32.23602653,-98.21773417,48143.0,1447.3745842896624,1.132686084142395,611,618,7,0,611,618,42446,0,0,0,0,0
2020-08-24,US,Texas,Falls,151,3,0,31.25350609,-96.93630086,48145.0,872.9837544082789,1.9867549668874167,148,151,3,0,148,150,17335,0,0,0,0,1
2020-08-24,US,Texas,Fannin,388,10,0,33.59564294,-96.10751083,48147.0,1092.5268908036267,2.5773195876288657,378,388,10,0,378,388,35286,0,0,0,0,0
2020-08-24,US,Texas,Fayette,444,15,0,29.87788372,-96.92076062,48149.0,1751.75570109682,3.3783783783783785,429,442,15,0,427,442,25349,2,0,0,2,0
2020-08-24,US,Texas,Fisher,48,1,0,32.74281316,-100.40193020000001,48151.0,1253.2637075718014,2.083333333333333,47,48,1,0,47,48,3839,0,0,0,0,0
2020-08-24,US,Texas,Floyd,98,7,0,34.07227468,-101.3031546,48153.0,1715.686274509804,7.142857142857142,91,98,7,0,91,98,5837,0,0,0,0,0
2020-08-24,US,Texas,Foard,3,0,0,33.97308618,-99.7767797,48155.0,259.7402597402597,0.0,3,3,0,0,3,3,1200,0,0,0,0,0
2020-08-24,US,Texas,Fort Bend,14640,216,0,29.52704478,-95.77219463,48157.0,1803.648692601098,1.475409836065574,14424,14034,216,0,13818,14034,787858,606,0,0,606,0
2020-08-24,US,Texas,Franklin,101,4,0,33.17653242,-95.21917243,48159.0,941.7249417249416,3.96039603960396,97,101,4,0,97,100,10766,0,0,0,0,1
2020-08-24,US,Texas,Freestone,372,0,0,31.70422788,-96.15072516,48161.0,1886.6967591418568,0.0,372,211,0,0,211,203,19808,161,0,0,161,8
2020-08-24,US,Texas,Frio,613,7,0,28.86751206,-99.10804207,48163.0,3018.812173741752,1.1419249592169658,606,613,7,0,606,613,19816,0,0,0,0,0
2020-08-24,US,Texas,Gaines,228,5,0,32.74055318,-102.6353295,48165.0,1060.859854829704,2.1929824561403506,223,228,5,0,223,228,20901,0,0,0,0,0
2020-08-24,US,Texas,Galveston,10400,132,0,29.40167322,-94.90469073,48167.0,3039.700238791836,1.2692307692307692,10268,10350,132,0,10218,10350,337890,50,0,0,50,0
2020-08-24,US,Texas,Garza,102,3,0,33.17969345,-101.2984114,48169.0,1637.5020067426553,2.9411764705882355,99,102,3,0,99,102,6578,0,0,0,0,0
2020-08-24,US,Texas,Gillespie,193,6,0,30.31824095,-98.94676915,48171.0,715.1326515488365,3.1088082901554404,187,193,6,0,187,193,26804,0,0,0,0,0
2020-08-24,US,Texas,Glasscock,6,0,0,31.86942909,-101.5207776,48173.0,425.83392476934,0.0,6,6,0,0,6,6,1388,0,0,0,0,0
2020-08-24,US,Texas,Goliad,121,6,0,28.65696592,-97.42760647,48175.0,1580.0470096630975,4.958677685950414,115,121,6,0,115,121,7584,0,0,0,0,0
2020-08-24,US,Texas,Gonzales,783,12,0,29.45634206,-97.49424032,48177.0,3757.738637999712,1.5325670498084292,771,783,12,0,771,783,20826,0,0,0,0,0
2020-08-24,US,Texas,Gray,239,3,0,35.40081878,-100.8129222,48179.0,1092.0222973590423,1.2552301255230125,236,239,3,0,236,239,21895,0,0,0,0,0
2020-08-24,US,Texas,Grayson,1383,18,0,33.62744998,-96.67753461,48181.0,1015.3290458990398,1.3015184381778742,1365,1363,18,0,1345,1353,133991,20,0,0,20,10
2020-08-24,US,Texas,Gregg,1769,43,0,32.47940482,-94.81591935,48183.0,1427.2459558675214,2.430751837196156,1726,1769,43,0,1726,1769,123707,0,0,0,0,0
2020-08-24,US,Texas,Grimes,979,29,0,30.54579585,-95.98902499,48185.0,3389.8891966759,2.96220633299285,950,979,29,0,950,960,28360,0,0,0,0,19
2020-08-24,US,Texas,Guadalupe,1858,66,0,29.58165339,-97.94786822,48187.0,1113.5950901124984,3.552206673842842,1792,1858,66,0,1792,1858,163694,0,0,0,0,0
2020-08-24,US,Texas,Hale,1538,40,0,34.07044901,-101.82681140000001,48189.0,4603.963359875472,2.6007802340702204,1498,1538,40,0,1498,1538,33830,0,0,0,0,0
2020-08-24,US,Texas,Hall,16,1,0,34.5307555,-100.68138520000001,48191.0,539.8110661268556,6.25,15,16,1,0,15,16,3028,0,0,0,0,0
2020-08-24,US,Texas,Hamilton,96,3,0,31.70470573,-98.11083887,48193.0,1134.6176574872945,3.125,93,96,3,0,93,96,8484,0,0,0,0,0
2020-08-24,US,Texas,Hansford,99,3,0,36.27743284,-101.3545796,48195.0,1833.6729023893313,3.0303030303030303,96,99,3,0,96,99,5463,0,0,0,0,0
2020-08-24,US,Texas,Hardeman,22,0,0,34.28944521,-99.74632408,48197.0,559.3694380879734,0.0,22,22,0,0,22,22,3922,0,0,0,0,0
2020-08-24,US,Texas,Hardin,1217,18,0,30.33364686,-94.38931817,48199.0,2112.77386201868,1.4790468364831553,1199,1217,18,0,1199,1217,57207,0,0,0,0,0
2020-08-24,US,Texas,Harris,99290,2030,0,29.85864939,-95.39339521,48201.0,2106.5808107864405,2.044516064054789,97260,98506,2028,0,96478,97745,4698619,784,2,0,782,761
2020-08-24,US,Texas,Harrison,774,26,0,32.54935988,-94.36934071,48203.0,1162.9828858203234,3.3591731266149867,748,774,26,0,748,774,66726,0,0,0,0,0
2020-08-24,US,Texas,Hartley,99,0,0,35.84008013,-102.6029022,48205.0,1775.4662840746055,0.0,99,99,0,0,99,99,5619,0,0,0,0,0
2020-08-24,US,Texas,Haskell,50,1,0,33.17823584,-99.73037358,48207.0,883.7044892188053,2.0,49,50,1,0,49,50,5813,0,0,0,0,0
2020-08-24,US,Texas,Hays,5297,53,0,30.05669873,-98.02944344,48209.0,2301.1325377621192,1.000566358316028,5244,5250,52,0,5198,5250,222631,47,1,0,46,0
2020-08-24,US,Texas,Hemphill,47,0,0,35.83764858,-100.2703577,48211.0,1230.688661953391,0.0,47,47,0,0,47,47,3825,0,0,0,0,0
2020-08-24,US,Texas,Henderson,755,15,0,32.21128872,-95.85846587,48213.0,912.5300651461861,1.9867549668874167,740,755,15,0,740,755,82299,0,0,0,0,0
2020-08-24,US,Texas,Hidalgo,25169,1101,0,26.39418217,-98.18299696,48215.0,2897.294484791765,4.374428860900314,24068,24494,1091,0,23403,23993,865939,675,10,0,665,501
2020-08-24,US,Texas,Hill,345,8,0,31.99045053,-97.13423143,48217.0,941.3626565527028,2.318840579710145,337,345,8,0,337,343,36354,0,0,0,0,2
2020-08-24,US,Texas,Hockley,242,5,0,33.60771256,-102.3431676,48219.0,1051.2141088571304,2.066115702479338,237,242,5,0,237,242,22980,0,0,0,0,0
2020-08-24,US,Texas,Hood,703,21,0,32.42990927,-97.83242024,48221.0,1140.4376814885713,2.9871977240398286,682,703,21,0,682,703,60537,0,0,0,0,0
2020-08-24,US,Texas,Hopkins,234,4,0,33.14875072,-95.56351139,48223.0,630.9998921367704,1.709401709401709,230,234,4,0,230,234,36810,0,0,0,0,0
2020-08-24,US,Texas,Houston,327,8,0,31.31925973,-95.42226208,48225.0,1423.7199582027167,2.4464831804281344,319,329,8,0,321,329,23169,-2,0,0,-2,0
2020-08-24,US,Texas,Howard,253,8,0,32.30621324,-101.4356444,48227.0,690.0501854680341,3.1620553359683794,245,253,8,0,245,248,36459,0,0,0,0,5
2020-08-24,US,Texas,Hudspeth,36,2,0,31.45628381,-105.388178,48229.0,736.7990176013099,5.5555555555555545,34,36,2,0,34,36,4795,0,0,0,0,0
2020-08-24,US,Texas,Hunt,1363,25,0,33.12351514,-96.08551032,48231.0,1382.4370651358097,1.8341892883345559,1338,1363,25,0,1338,1352,96493,0,0,0,0,11
2020-08-24,US,Texas,Hutchinson,139,3,0,35.84006574,-101.3546643,48233.0,663.8647435285127,2.1582733812949644,136,139,3,0,136,139,21198,0,0,0,0,0
2020-08-24,US,Texas,Irion,9,0,0,31.30375559,-100.982439,48235.0,585.9375,0.0,9,9,0,0,9,9,1522,0,0,0,0,0
2020-08-24,US,Texas,Jack,116,0,0,33.23377248,-98.17283469,48237.0,1298.2652490207056,0.0,116,116,0,0,116,116,8843,0,0,0,0,0
2020-08-24,US,Texas,Jackson,477,13,0,28.95472367,-96.57749563,48239.0,3231.707317073171,2.7253668763102725,464,477,13,0,464,477,14874,0,0,0,0,0
2020-08-24,US,Texas,Jasper,393,17,0,30.74685667,-94.02667579,48241.0,1106.138647302204,4.325699745547073,376,393,17,0,376,393,35872,0,0,0,0,0
2020-08-24,US,Texas,Jeff Davis,8,0,0,30.71490589,-104.1399973,48243.0,351.8029903254178,0.0,8,8,0,0,8,8,2252,0,0,0,0,0
2020-08-24,US,Texas,Jefferson,6499,103,0,29.8832777,-94.16434171,48245.0,2583.4277423329954,1.5848592091090936,6396,6499,103,0,6396,6489,255001,0,0,0,0,10
2020-08-24,US,Texas,Jim Hogg,73,2,0,27.04453923,-98.69681870000001,48247.0,1403.8461538461538,2.7397260273972597,71,73,2,0,71,73,5248,0,0,0,0,0
2020-08-24,US,Texas,Jim Wells,942,23,0,27.73103938,-98.0904705,48249.0,2326.9601304283387,2.4416135881104037,919,930,23,0,907,916,40822,12,0,0,12,14
2020-08-24,US,Texas,Johnson,2393,40,0,32.37877812,-97.36615819,48251.0,1361.0742988448214,1.6715419974926868,2353,2393,40,0,2353,2393,171361,0,0,0,0,0
2020-08-24,US,Texas,Jones,601,0,0,32.73997145,-99.87861576,48253.0,2992.580789722651,0.0,601,601,0,0,601,601,19817,0,0,0,0,0
2020-08-24,US,Texas,Karnes,720,10,0,28.90705334,-97.85960149,48255.0,4615.088776360491,1.3888888888888888,710,720,10,0,710,720,15650,0,0,0,0,0
2020-08-24,US,Texas,Kaufman,2656,32,0,32.599141700000004,-96.28734728,48257.0,1950.7322590595945,1.2048192771084338,2624,2656,32,0,2624,2656,128622,0,0,0,0,0
2020-08-24,US,Texas,Kendall,193,4,0,29.94414155,-98.7113588,48259.0,406.90687525036367,2.0725388601036268,189,193,4,0,189,193,45641,0,0,0,0,0
2020-08-24,US,Texas,Kenedy,7,1,0,26.92601662,-97.66413984,48261.0,1732.6732673267327,14.285714285714285,6,7,1,0,6,7,442,0,0,0,0,0
2020-08-24,US,Texas,Kent,6,0,0,33.18104136,-100.7780939,48263.0,787.4015748031495,0.0,6,6,0,0,6,6,726,0,0,0,0,0
2020-08-24,US,Texas,Kerr,426,9,0,30.06040006,-99.34930144,48265.0,809.8859315589352,2.112676056338028,417,426,9,0,417,426,52405,0,0,0,0,0
2020-08-24,US,Texas,Kimble,16,1,0,30.48678918,-99.74856473,48267.0,368.9186073322573,6.25,15,16,1,0,15,16,4362,0,0,0,0,0
2020-08-24,US,Texas,Kinney,22,1,0,29.34967888,-100.41866379999999,48271.0,599.9454595036815,4.545454545454546,21,22,1,0,21,22,3767,0,0,0,0,0
2020-08-24,US,Texas,Kleberg,563,21,0,27.42435506,-97.69894948,48273.0,1835.0717079530639,3.7300177619893433,542,551,21,0,530,546,31129,12,0,0,12,5
2020-08-24,US,Texas,Knox,64,8,0,33.60519951,-99.74229059999999,48275.0,1746.7248908296942,12.5,56,64,8,0,56,64,3653,0,0,0,0,0
2020-08-24,US,Texas,La Salle,367,2,0,28.34453111,-99.09908775,48283.0,4880.31914893617,0.5449591280653951,365,367,2,0,365,367,7531,0,0,0,0,0
2020-08-24,US,Texas,Lamar,791,21,0,33.66981763,-95.57404777,48277.0,1586.4738562746945,2.6548672566371683,770,783,21,0,762,783,49728,8,0,0,8,0
2020-08-24,US,Texas,Lamb,263,19,0,34.06859623,-102.35162890000001,48279.0,2039.866594275964,7.224334600760456,244,263,19,0,244,263,13158,0,0,0,0,0
2020-08-24,US,Texas,Lampasas,141,5,0,31.19531316,-98.24206613,48281.0,658.0175471345902,3.5460992907801416,136,141,5,0,136,141,21229,0,0,0,0,0
2020-08-24,US,Texas,Lavaca,661,28,0,29.38508402,-96.93186692,48285.0,3279.745956137739,4.236006051437216,633,661,28,0,633,661,20110,0,0,0,0,0
2020-08-24,US,Texas,Lee,188,13,0,30.31120597,-96.97045773,48287.0,1090.5504959684436,6.914893617021277,175,188,13,0,175,188,17144,0,0,0,0,0
2020-08-24,US,Texas,Leon,167,4,0,31.29872538,-95.9936328,48289.0,959.5495288439439,2.395209580838323,163,167,4,0,163,165,17270,0,0,0,0,2
2020-08-24,US,Texas,Liberty,1376,39,0,30.15152688,-94.81205615,48291.0,1559.754701368186,2.8343023255813957,1337,1339,39,0,1300,1287,86323,37,0,0,37,52
2020-08-24,US,Texas,Limestone,381,5,0,31.5454767,-96.58095444,48293.0,1625.6346802065111,1.3123359580052494,376,381,5,0,376,381,23519,0,0,0,0,0
2020-08-24,US,Texas,Lipscomb,23,0,0,36.27783108,-100.27331509999999,48295.0,711.4135477884317,0.0,23,23,0,0,23,23,3355,0,0,0,0,0
2020-08-24,US,Texas,Live Oak,282,5,0,28.35101362,-98.1246786,48297.0,2310.1499139837797,1.7730496453900708,277,282,5,0,277,282,12166,0,0,0,0,0
2020-08-24,US,Texas,Llano,99,1,0,30.70645047,-98.68475262,48299.0,454.2326221610462,1.0101010101010102,98,99,1,0,98,98,21646,0,0,0,0,1
2020-08-24,US,Texas,Lubbock,6885,83,0,33.61008596,-101.82047890000001,48303.0,2216.8986602011146,1.2055192447349308,6802,6852,83,0,6769,6818,307412,33,0,0,33,34
2020-08-24,US,Texas,Lynn,76,4,0,33.17657705,-101.8162849,48305.0,1277.0962863384304,5.2631578947368425,72,76,4,0,72,76,5877,0,0,0,0,0
2020-08-24,US,Texas,Madison,690,3,0,30.96694679,-95.93003775,48313.0,4830.579669560348,0.43478260869565216,687,689,3,0,686,690,14422,1,0,0,1,-1
2020-08-24,US,Texas,Marion,139,10,0,32.79868409,-94.35661230000001,48315.0,1410.5946823624924,7.1942446043165456,129,139,10,0,129,139,9928,0,0,0,0,0
2020-08-24,US,Texas,Martin,70,5,0,32.30600051,-101.9513518,48317.0,1212.9613585167215,7.142857142857142,65,70,5,0,65,70,5753,0,0,0,0,0
2020-08-24,US,Texas,Mason,64,0,0,30.71780434,-99.22629416,48319.0,1497.4262985493685,0.0,64,64,0,0,64,64,4280,0,0,0,0,0
2020-08-24,US,Texas,Matagorda,887,38,0,28.81955746,-96.01230294,48321.0,2420.6533307862346,4.284103720405862,849,875,38,0,837,858,36552,12,0,0,12,17
2020-08-24,US,Texas,Maverick,3117,67,0,28.7429195,-100.3157686,48323.0,5308.06171451926,2.149502726981072,3050,3117,67,0,3050,3117,58485,0,0,0,0,0
2020-08-24,US,Texas,McCulloch,74,1,0,31.1925468,-99.34682807,48307.0,926.8537074148296,1.351351351351351,73,74,1,0,73,74,7987,0,0,0,0,0
2020-08-24,US,Texas,McLennan,5760,75,0,31.55255453,-97.20217694,48309.0,2244.537707064449,1.3020833333333333,5685,5713,75,0,5638,5642,254607,47,0,0,47,71
2020-08-24,US,Texas,McMullen,11,0,0,28.35251708,-98.56769164,48311.0,1480.4845222072681,0.0,11,11,0,0,11,10,749,0,0,0,0,1
2020-08-24,US,Texas,Medina,1070,34,0,29.355730100000002,-99.11030298,48325.0,2074.286600496278,3.177570093457944,1036,1069,34,0,1035,1069,50921,1,0,0,1,0
2020-08-24,US,Texas,Menard,20,0,0,30.88990665,-99.82047940000001,48327.0,935.4536950420952,0.0,20,20,0,0,20,20,2139,0,0,0,0,0
2020-08-24,US,Texas,Midland,3094,64,0,31.86904128,-102.03156820000001,48329.0,1749.6833152370612,2.0685197155785398,3030,3082,62,0,3020,3082,172578,12,2,0,10,0
2020-08-24,US,Texas,Milam,400,4,0,30.78581830000001,-96.97718698,48331.0,1611.4087741207752,1.0,396,400,4,0,396,400,25131,0,0,0,0,0
2020-08-24,US,Texas,Mills,31,0,0,31.49557106,-98.59272068,48333.0,636.1584239688077,0.0,31,31,0,0,31,31,4921,0,0,0,0,0
2020-08-24,US,Texas,Mitchell,72,1,0,32.30623474,-100.9212058,48335.0,842.5980105324751,1.3888888888888888,71,72,1,0,71,72,8145,0,0,0,0,0
2020-08-24,US,Texas,Montague,109,3,0,33.67521893,-97.72500958,48337.0,550.0050459178525,2.7522935779816518,106,109,3,0,106,109,19596,0,0,0,0,0
2020-08-24,US,Texas,Montgomery,8122,113,0,30.30079133,-95.50572772,48339.0,1337.1946571483604,1.391282935237626,8009,7915,113,0,7802,7915,590925,207,0,0,207,0
2020-08-24,US,Texas,Moore,1103,17,0,35.83769242,-101.8930281,48341.0,5267.430754536772,1.5412511332728922,1086,1103,17,0,1086,1103,21485,0,0,0,0,0
2020-08-24,US,Texas,Morris,141,3,0,33.11304005,-94.73255695,48343.0,1138.1982563771394,2.127659574468085,138,140,3,0,137,138,12339,1,0,0,1,2
2020-08-24,US,Texas,Motley,6,0,0,34.07408766,-100.77972199999999,48345.0,500.0,0.0,6,6,0,0,6,6,1234,0,0,0,0,0
2020-08-24,US,Texas,Nacogdoches,1279,45,0,31.62017125,-94.61803994,48347.0,1961.536102079627,3.518373729476153,1234,1270,45,0,1225,1257,65711,9,0,0,9,13
2020-08-24,US,Texas,Navarro,1009,13,0,32.04620681,-96.47428766,48349.0,2013.4496038951968,1.288404360753221,996,1009,13,0,996,1009,49565,0,0,0,0,0
2020-08-24,US,Texas,Newton,162,6,0,30.78548982,-93.74408813,48351.0,1191.6145641780067,3.703703703703704,156,162,6,0,156,162,13746,0,0,0,0,0
2020-08-24,US,Texas,Nolan,145,4,0,32.30365282,-100.4060208,48353.0,985.4560282723936,2.7586206896551726,141,145,4,0,141,145,14751,0,0,0,0,0
2020-08-24,US,Texas,Nueces,18181,316,0,27.736286,-97.5433285,48355.0,5018.300054651747,1.7380782135196085,17865,18069,313,0,17756,17854,362265,112,3,0,109,215
2020-08-24,US,Texas,Ochiltree,102,3,0,36.27829105,-100.8158184,48357.0,1037.0069133794223,2.9411764705882355,99,102,3,0,99,102,9947,0,0,0,0,0
2020-08-24,US,Texas,Oldham,14,1,0,35.40425596,-102.6027606,48359.0,662.8787878787879,7.142857142857142,13,14,1,0,13,14,2131,0,0,0,0,0
2020-08-24,US,Texas,Orange,1736,33,0,30.11879481,-93.89412775,48361.0,2081.634610772699,1.900921658986175,1703,1736,33,0,1703,1720,83572,0,0,0,0,16
2020-08-24,US,Texas,Palo Pinto,405,10,0,32.75310985,-98.31319001,48363.0,1387.5089931138446,2.469135802469136,395,405,10,0,395,405,28875,0,0,0,0,0
2020-08-24,US,Texas,Panola,302,20,0,32.163959600000005,-94.30552481,48365.0,1302.0608778132275,6.622516556291392,282,302,20,0,282,302,23148,0,0,0,0,0
2020-08-24,US,Texas,Parker,1580,23,0,32.77757172,-97.80500621,48367.0,1105.8385475720545,1.4556962025316456,1557,1580,23,0,1557,1580,138371,0,0,0,0,0
2020-08-24,US,Texas,Parmer,372,7,0,34.52993409,-102.78446679999999,48369.0,3872.982821447163,1.8817204301075268,365,372,7,0,365,372,9864,0,0,0,0,0
2020-08-24,US,Texas,Pecos,272,2,0,30.78097267,-102.72412609999999,48371.0,1719.0166213739496,0.7352941176470589,270,272,2,0,270,272,15673,0,0,0,0,0
2020-08-24,US,Texas,Polk,773,15,0,30.79472531,-94.82766240000001,48373.0,1505.2674624656788,1.9404915912031049,758,773,15,0,758,773,50031,0,0,0,0,0
2020-08-24,US,Texas,Potter,3943,51,0,35.40133773,-101.893964,48375.0,3358.1739982114727,1.2934313974131373,3892,3928,51,0,3877,3928,119648,15,0,0,15,0
2020-08-24,US,Texas,Presidio,49,4,0,29.99954402,-104.24080790000001,48377.0,730.9069212410501,8.16326530612245,45,49,4,0,45,49,6948,0,0,0,0,0
2020-08-24,US,Texas,Rains,55,1,0,32.87109387,-95.79232691,48379.0,439.5077513185233,1.818181818181818,54,55,1,0,54,55,12159,0,0,0,0,0
2020-08-24,US,Texas,Randall,2042,25,0,34.96585996,-101.8971322,48381.0,1482.7939264993133,1.2242899118511263,2017,2042,25,0,2017,2042,136271,0,0,0,0,0
2020-08-24,US,Texas,Reagan,77,5,0,31.36607041,-101.52326590000001,48383.0,2000.5196154845414,6.493506493506493,72,77,5,0,72,75,3741,0,0,0,0,2
2020-08-24,US,Texas,Real,99,5,0,29.83321503,-99.82018052,48385.0,2867.9026651216686,5.05050505050505,94,99,5,0,94,99,3478,0,0,0,0,0
2020-08-24,US,Texas,Red River,143,13,0,33.61886692,-95.04841765,48387.0,1189.3870082342178,9.090909090909092,130,143,13,0,130,142,12175,0,0,0,0,1
2020-08-24,US,Texas,Reeves,161,5,0,31.32323325,-103.69038959999999,48389.0,1007.7616424636957,3.1055900621118013,156,161,5,0,156,161,15695,0,0,0,0,0
2020-08-24,US,Texas,Refugio,251,9,0,28.323897600000002,-97.15766311,48391.0,3612.550374208405,3.585657370517928,242,247,9,0,238,247,7032,4,0,0,4,0
2020-08-24,US,Texas,Roberts,6,0,0,35.83809685,-100.813175,48393.0,702.5761124121782,0.0,6,6,0,0,6,6,903,0,0,0,0,0
2020-08-24,US,Texas,Robertson,244,3,0,31.02539637,-96.51272246,48395.0,1429.0734450040998,1.2295081967213115,241,244,3,0,241,243,17284,0,0,0,0,1
2020-08-24,US,Texas,Rockwall,1266,21,0,32.89779518,-96.40771592,48397.0,1206.691130915503,1.6587677725118484,1245,1266,21,0,1245,1266,100657,0,0,0,0,0
2020-08-24,US,Texas,Runnels,177,3,0,31.8314342,-99.97616148,48399.0,1724.4738893219019,1.6949152542372878,174,177,3,0,174,177,10234,0,0,0,0,0
2020-08-24,US,Texas,Rusk,446,3,0,32.10773545,-94.76176432,48401.0,819.7625261919641,0.672645739910314,443,444,3,0,441,444,54450,2,0,0,2,0
2020-08-24,US,Texas,Sabine,72,6,0,31.34318809,-93.85440451,48403.0,682.9823562891291,8.333333333333334,66,72,6,0,66,72,10589,0,0,0,0,0
2020-08-24,US,Texas,San Augustine,185,12,0,31.39457611,-94.17000399,48405.0,2245.96333616608,6.486486486486488,173,185,12,0,173,185,8232,0,0,0,0,0
2020-08-24,US,Texas,San Jacinto,193,8,0,30.57933681,-95.16260304,48407.0,668.7688416092034,4.1450777202072535,185,193,8,0,185,193,28719,0,0,0,0,0
2020-08-24,US,Texas,San Patricio,1202,52,0,28.00880118,-97.51763891,48409.0,1801.2887756631198,4.3261231281198,1150,1202,52,0,1150,1168,66893,0,0,0,0,34
2020-08-24,US,Texas,San Saba,33,0,0,31.1577796,-98.81758731,48411.0,545.0041288191577,0.0,33,33,0,0,33,33,6054,0,0,0,0,0
2020-08-24,US,Texas,Schleicher,36,1,0,30.89740592,-100.5384842,48413.0,1288.936627282492,2.7777777777777777,35,36,1,0,35,36,2895,0,0,0,0,0
2020-08-24,US,Texas,Scurry,515,2,0,32.74613808,-100.91626640000001,48415.0,3083.27845297252,0.3883495145631068,513,515,2,0,513,515,16866,0,0,0,0,0
2020-08-24,US,Texas,Shackelford,20,0,0,32.73587756,-99.35401337,48417.0,612.5574272588054,0.0,20,20,0,0,20,20,3253,0,0,0,0,0
2020-08-24,US,Texas,Shelby,426,19,0,31.79211404,-94.14550696,48419.0,1685.5266281554166,4.460093896713615,407,426,18,0,408,426,25418,0,1,0,-1,0
2020-08-24,US,Texas,Sherman,50,0,0,36.27751473,-101.8933156,48421.0,1654.5334215751159,0.0,50,50,0,0,50,50,3079,0,0,0,0,0
2020-08-24,US,Texas,Smith,2978,52,0,32.37474036,-95.27175679999999,48423.0,1279.478928124906,1.7461383478844863,2926,2978,51,0,2927,2978,230221,0,1,0,-1,0
2020-08-24,US,Texas,Somervell,113,2,0,32.22236802,-97.77403489,48425.0,1237.94916739702,1.7699115044247788,111,113,2,0,111,113,9016,0,0,0,0,0
2020-08-24,US,Texas,Starr,2603,117,0,26.56150059,-98.73892358,48427.0,4027.354447418501,4.494813676527084,2486,2569,117,0,2452,2543,64525,34,0,0,34,26
2020-08-24,US,Texas,Stephens,111,3,0,32.73553157,-98.83631615,48429.0,1185.137732222934,2.702702702702702,108,111,3,0,108,111,9433,0,0,0,0,0
2020-08-24,US,Texas,Sterling,1,0,0,31.82781912,-101.05007459999999,48431.0,77.45933384972889,0.0,1,1,0,0,1,1,1311,0,0,0,0,0
2020-08-24,US,Texas,Stonewall,7,1,0,33.17906744,-100.25384009999999,48433.0,518.5185185185185,14.285714285714285,6,7,1,0,6,7,1362,0,0,0,0,0
2020-08-24,US,Texas,Sutton,76,2,0,30.49856623,-100.5382014,48435.0,2012.71186440678,2.631578947368421,74,76,2,0,74,76,3758,0,0,0,0,0
2020-08-24,US,Texas,Swisher,88,3,0,34.53028891,-101.73491740000001,48437.0,1189.67148844126,3.4090909090909087,85,88,3,0,85,88,7462,0,0,0,0,0
2020-08-24,US,Texas,Tarrant,37834,564,0,32.77143818,-97.29101614,48439.0,1799.4639752867395,1.4907226304382302,37270,37622,564,0,37058,37407,2084931,212,0,0,212,215
2020-08-24,US,Texas,Taylor,1249,32,0,32.30163422,-99.89007449,48441.0,904.8495298259847,2.5620496397117694,1217,1243,32,0,1211,1228,137640,6,0,0,6,15
2020-08-24,US,Texas,Terrell,3,0,0,30.22429013,-102.0766732,48443.0,386.59793814432993,0.0,3,3,0,0,3,3,823,0,0,0,0,0
2020-08-24,US,Texas,Terry,188,3,0,33.17402785,-102.3354521,48445.0,1523.871281510902,1.5957446808510638,185,188,3,0,185,188,12287,0,0,0,0,0
2020-08-24,US,Texas,Throckmorton,4,2,0,33.17751417,-99.21226795,48447.0,266.4890073284477,50.0,2,4,2,0,2,4,1515,0,0,0,0,0
2020-08-24,US,Texas,Titus,1436,19,0,33.21339719,-94.96797273,48449.0,4384.732824427481,1.3231197771587744,1417,1429,19,0,1410,1429,33033,7,0,0,7,0
2020-08-24,US,Texas,Tom Green,3094,43,0,31.40464436,-100.46244300000001,48451.0,2595.637583892617,1.3897866839043311,3051,3076,43,0,3033,3056,118189,18,0,0,18,20
2020-08-24,US,Texas,Travis,25890,362,0,30.33432034,-97.78535620000001,48453.0,2032.2554817520886,1.3982232522209348,25528,25736,357,0,25379,25559,1248743,154,5,0,149,177
2020-08-24,US,Texas,Trinity,169,4,0,31.0879489,-95.1367187,48455.0,1153.5048802129547,2.366863905325444,165,169,4,0,165,169,14740,0,0,0,0,0
2020-08-24,US,Texas,Tyler,175,3,0,30.77031716,-94.37690895,48457.0,807.4935400516797,1.7142857142857142,172,175,3,0,172,175,21696,0,0,0,0,0
2020-08-24,US,Texas,Upshur,312,5,0,32.73706798,-94.93999853,48459.0,747.2516944890187,1.6025641025641026,307,313,5,0,308,310,41260,-1,0,0,-1,3
2020-08-24,US,Texas,Upton,18,1,0,31.36868194,-102.0423217,48461.0,492.2067268252666,5.5555555555555545,17,18,1,0,17,18,3671,0,0,0,0,0
2020-08-24,US,Texas,Uvalde,654,16,0,29.35739637,-99.76229172,48463.0,2445.6826595864027,2.4464831804281344,638,654,16,0,638,649,26846,0,0,0,0,5
2020-08-24,US,Texas,Val Verde,1869,83,0,29.89149232,-101.1525205,48465.0,3812.340642529322,4.4408774745853385,1786,1869,83,0,1786,1869,49208,0,0,0,0,0
2020-08-24,US,Texas,Van Zandt,488,12,0,32.56483801,-95.83766469,48467.0,862.3431701714084,2.459016393442623,476,488,12,0,476,488,56019,0,0,0,0,0
2020-08-24,US,Texas,Victoria,3712,71,0,28.79780988,-96.96813006,48469.0,4031.102037270319,1.9127155172413792,3641,3712,69,0,3643,3712,92035,0,2,0,-2,0
2020-08-24,US,Texas,Walker,3340,46,0,30.73872995,-95.57440968,48471.0,4577.160789902839,1.377245508982036,3294,3320,46,0,3274,3278,72480,20,0,0,20,42
2020-08-24,US,Texas,Waller,635,5,0,30.01058447,-95.99011759,48473.0,1149.4044817724362,0.7874015748031497,630,625,5,0,620,608,53126,10,0,0,10,17
2020-08-24,US,Texas,Ward,102,1,0,31.50999644,-103.09279090000001,48475.0,850.1416902817135,0.9803921568627452,101,102,1,0,101,102,11720,0,0,0,0,0
2020-08-24,US,Texas,Washington,560,43,0,30.21498498,-96.40946246,48477.0,1560.6710885680843,7.678571428571429,517,559,43,0,516,559,35108,1,0,0,1,0
2020-08-24,US,Texas,Webb,10164,227,0,27.7610369,-99.33237355,48479.0,3673.9297022974706,2.2333726879181426,9937,10130,223,0,9907,10094,275910,34,4,0,30,36
2020-08-24,US,Texas,Wharton,1152,39,0,29.27765923,-96.22319248,48481.0,2772.1628645682936,3.3854166666666665,1113,1112,39,0,1073,1087,41619,40,0,0,40,25
2020-08-24,US,Texas,Wheeler,40,0,0,35.40114335,-100.26995140000001,48483.0,791.1392405063292,0.0,40,40,0,0,40,40,5191,0,0,0,0,0
2020-08-24,US,Texas,Wichita,1205,14,0,33.98842886,-98.70410340000001,48485.0,911.2909324661574,1.1618257261410792,1191,1205,14,0,1191,1205,132064,0,0,0,0,0
2020-08-24,US,Texas,Wilbarger,95,2,0,34.07945812,-99.24178437,48487.0,743.9893492051062,2.1052631578947367,93,95,2,0,93,95,12820,0,0,0,0,0
2020-08-24,US,Texas,Willacy,817,40,0,26.47411727,-97.61535848,48489.0,3825.26453787808,4.895960832313341,777,810,40,0,770,805,21515,7,0,0,7,5
2020-08-24,US,Texas,Williamson,7747,113,0,30.64655664,-97.60048540000001,48491.0,1311.825735626559,1.4586291467664902,7634,7687,113,0,7574,7687,566719,60,0,0,60,0
2020-08-24,US,Texas,Wilson,524,24,0,29.1732598,-98.08693082,48493.0,1026.0426865087136,4.580152671755725,500,524,24,0,500,524,50224,0,0,0,0,0
2020-08-24,US,Texas,Winkler,88,1,0,31.85008651,-103.04851629999999,48495.0,1098.6267166042446,1.1363636363636365,87,88,1,0,87,88,7720,0,0,0,0,0
2020-08-24,US,Texas,Wise,604,11,0,33.21570665,-97.65460265,48497.0,863.0544124371285,1.8211920529801324,593,604,11,0,593,604,68305,0,0,0,0,0
2020-08-24,US,Texas,Wood,378,13,0,32.78722382,-95.38236368,48499.0,830.0577526954918,3.4391534391534386,365,378,13,0,365,378,45129,0,0,0,0,0
2020-08-24,US,Texas,Yoakum,139,4,0,33.17320212,-102.82764329999999,48501.0,1595.3173419029038,2.8776978417266186,135,139,4,0,135,139,8591,0,0,0,0,0
2020-08-24,US,Texas,Young,209,6,0,33.17659707,-98.68790885,48503.0,1160.4664075513604,2.8708133971291865,203,209,6,0,203,209,18045,0,0,0,0,0
2020-08-24,US,Texas,Zapata,242,3,0,27.00156391,-99.16987152,48505.0,1706.7494181536074,1.2396694214876034,239,238,3,0,235,235,14190,4,0,0,4,3
2020-08-24,US,Texas,Zavala,253,8,0,28.86617238,-99.76050829,48507.0,2136.824324324324,3.1620553359683794,245,253,8,0,245,253,11983,0,0,0,0,0
2020-08-24,US,Utah,Bear River,2491,9,0,41.52106798,-113.08328159999999,0.0,1333.3832928304553,0.3613006824568447,2482,2482,9,0,2473,2464,,9,0,0,9,18
2020-08-24,US,Utah,Central Utah,486,2,0,39.37231946,-111.5758676,0.0,593.0155941137713,0.41152263374485604,484,484,2,0,482,479,,2,0,0,2,5
2020-08-24,US,Utah,Davis,3625,22,0,40.99001837,-112.1139997,49011.0,1019.7450777960004,0.6068965517241379,3603,3613,21,0,3592,3591,351713,12,1,0,11,22
2020-08-24,US,Utah,Salt Lake,22883,224,0,40.66616532,-111.92160109999999,49035.0,1971.9295403369592,0.9788926277148976,22659,22760,224,0,22536,22631,1152633,123,0,0,123,129
2020-08-24,US,Utah,San Juan,662,28,0,37.62762978,-109.80337140000002,49037.0,4324.536190227333,4.229607250755286,634,661,27,0,634,661,15449,1,1,0,0,0
2020-08-24,US,Utah,Southeast Utah,133,1,0,38.99617072,-110.70139579999999,0.0,330.60727336001395,0.7518796992481203,132,128,1,0,127,128,,5,0,0,5,0
2020-08-24,US,Utah,Southwest Utah,3463,26,0,37.85447192,-111.4418764,0.0,1373.9773529808524,0.7507941091539128,3437,3454,26,0,3428,3444,,9,0,0,9,10
2020-08-24,US,Utah,Summit,815,1,0,40.86688146,-110.9535882,49043.0,1933.799976272393,0.12269938650306747,814,810,1,0,809,805,41933,5,0,0,5,5
2020-08-24,US,Utah,Tooele,644,0,0,40.44862644,-113.12957150000001,49045.0,891.2384616449162,0.0,644,641,0,0,641,638,69907,3,0,0,3,3
2020-08-24,US,Utah,TriCounty,198,1,0,40.12491499,-109.5174415,0.0,349.68740065698853,0.5050505050505051,197,197,0,0,197,197,,1,1,0,0,0
2020-08-24,US,Utah,Utah,10187,43,0,40.116672200000004,-111.66576620000001,49049.0,1601.1379443130288,0.4221066064592127,10144,10120,42,0,10078,10037,622213,67,1,0,66,83
2020-08-24,US,Utah,Wasatch,615,5,0,40.33110236,-111.1691419,49051.0,1803.9951893461612,0.8130081300813008,610,615,4,0,611,611,33240,0,1,0,-1,4
2020-08-24,US,Utah,Weber-Morgan,3162,28,0,41.27116049,-111.9145117,0.0,1161.0614789764152,0.8855154965211891,3134,3150,28,0,3122,3128,,12,0,0,12,22
2020-08-24,US,Vermont,Addison,77,2,0,44.03217337,-73.14130877,50001.0,209.36998667645543,2.5974025974025974,75,77,2,0,75,77,36973,0,0,0,0,0
2020-08-24,US,Vermont,Bennington,96,1,0,43.03519828,-73.09048868,50003.0,270.6512545813364,1.0416666666666667,95,96,1,0,95,95,35631,0,0,0,0,1
2020-08-24,US,Vermont,Caledonia,30,0,0,44.46548598,-72.10314651,50005.0,100.02333877904844,0.0,30,30,0,0,30,30,30302,0,0,0,0,0
2020-08-24,US,Vermont,Chittenden,775,39,0,44.46322849,-73.08359212,50007.0,473.2130863262788,5.032258064516129,736,773,39,0,734,770,164572,2,0,0,2,3
2020-08-24,US,Vermont,Essex,6,0,0,44.72736416,-71.73579864,50009.0,97.35518416355671,0.0,6,6,0,0,6,6,6250,0,0,0,0,0
2020-08-24,US,Vermont,Franklin,123,7,0,44.85627605,-72.91249563,50011.0,248.97777417918306,5.691056910569106,116,122,7,0,115,122,49421,1,0,0,1,0
2020-08-24,US,Vermont,Grand Isle,13,0,0,44.797582399999996,-73.29679772,50013.0,179.68210089841045,0.0,13,13,0,0,13,13,7090,0,0,0,0,0
2020-08-24,US,Vermont,Lamoille,45,1,0,44.60353043,-72.64356694,50015.0,177.43080198722495,2.2222222222222223,44,45,1,0,44,45,25300,0,0,0,0,0
2020-08-24,US,Vermont,Orange,20,0,0,44.00470222,-72.37640104,50017.0,69.22331441229406,0.0,20,20,0,0,20,20,28999,0,0,0,0,0
2020-08-24,US,Vermont,Orleans,15,0,0,44.82964024,-72.24562697,50019.0,55.479528054148034,0.0,15,15,0,0,15,15,26907,0,0,0,0,0
2020-08-24,US,Vermont,Rutland,105,1,0,43.57723578,-73.03741676,50021.0,180.44027426921693,0.9523809523809524,104,103,1,0,102,103,58672,2,0,0,2,0
2020-08-24,US,Vermont,Unassigned,8,0,0,0.0,0.0,90050.0,0.0,0.0,8,8,0,0,8,8,,0,0,0,0,0
2020-08-24,US,Vermont,Washington,61,2,0,44.27343241,-72.61604978,50023.0,104.43596021161123,3.278688524590164,59,60,2,0,58,60,58140,1,0,0,1,0
2020-08-24,US,Vermont,Windham,117,3,0,42.986982,-72.71268875,50025.0,277.1067216143244,2.5641025641025643,114,114,3,0,111,114,42756,3,0,0,3,0
2020-08-24,US,Vermont,Windsor,75,2,0,43.58010937,-72.58595157,50027.0,136.21009044350006,2.6666666666666665,73,75,2,0,73,75,55286,0,0,0,0,0
2020-08-24,US,Virginia,Accomack,1135,18,0,37.76707161,-75.63234615,51001.0,3512.1921029830432,1.5859030837004404,1117,1135,18,0,1117,1135,32412,0,0,0,0,0
2020-08-24,US,Virginia,Albemarle,963,16,0,38.02080697,-78.55481085,51003.0,880.8195371810118,1.6614745586708204,947,961,16,0,945,955,108718,2,0,0,2,6
2020-08-24,US,Virginia,Alexandria,3270,61,0,38.814003,-77.08183073,51510.0,2051.082620367815,1.8654434250764529,3209,3257,61,0,3196,3238,160530,13,0,0,13,19
2020-08-24,US,Virginia,Alleghany,61,4,0,37.78636074,-80.00222498,51005.0,410.4979811574697,6.557377049180328,57,61,4,0,57,61,14910,0,0,0,0,0
2020-08-24,US,Virginia,Amelia,92,2,0,37.34081025,-77.98584649,51007.0,699.8858881704068,2.1739130434782608,90,92,2,0,90,92,13013,0,0,0,0,0
2020-08-24,US,Virginia,Amherst,262,1,0,37.60308293,-79.14548696,51009.0,828.9827558930548,0.3816793893129771,261,259,1,0,258,253,31666,3,0,0,3,6
2020-08-24,US,Virginia,Appomattox,136,1,0,37.37569884,-78.81340003,51011.0,854.7545723084659,0.7352941176470589,135,135,1,0,134,130,15841,1,0,0,1,5
2020-08-24,US,Virginia,Arlington,3400,137,0,38.8767675,-77.10139853,51013.0,1435.5561935805304,4.029411764705882,3263,3383,137,0,3246,3357,237521,17,0,0,17,26
2020-08-24,US,Virginia,Augusta,346,4,0,38.16404586,-79.12461614,51015.0,457.926361205961,1.1560693641618498,342,345,4,0,341,341,75457,1,0,0,1,4
2020-08-24,US,Virginia,Bath,4,0,0,38.05852573,-79.73912095,51017.0,96.45526886906195,0.0,4,4,0,0,4,4,4292,0,0,0,0,0
2020-08-24,US,Virginia,Bedford,487,8,0,37.3080028,-79.5281964,51019.0,616.4791068015243,1.6427104722792607,479,485,8,0,477,467,78747,2,0,0,2,18
2020-08-24,US,Virginia,Bland,38,0,0,37.13128068,-81.13599391,51021.0,605.0955414012739,0.0,38,38,0,0,38,38,6293,0,0,0,0,0
2020-08-24,US,Virginia,Botetourt,230,8,0,37.55531756,-79.80982182,51023.0,688.2312456985547,3.4782608695652173,222,226,8,0,218,226,33277,4,0,0,4,0
2020-08-24,US,Virginia,Bristol,105,2,0,36.616302399999995,-82.16359122,51520.0,626.4168953585491,1.9047619047619049,103,105,2,0,103,105,16482,0,0,0,0,0
2020-08-24,US,Virginia,Brunswick,269,2,0,36.76366949,-77.8593436,51025.0,1657.3224077382786,0.7434944237918215,267,264,2,0,262,263,16384,5,0,0,5,1
2020-08-24,US,Virginia,Buchanan,93,1,0,37.26818323,-82.03749726,51027.0,442.7728051799656,1.075268817204301,92,93,1,0,92,93,21221,0,0,0,0,0
2020-08-24,US,Virginia,Buckingham,634,8,0,37.57242268,-78.52518834,51029.0,3697.224166083509,1.2618296529968454,626,634,8,0,626,634,16999,0,0,0,0,0
2020-08-24,US,Virginia,Buena Vista,70,1,0,37.73484642,-79.35296097,51530.0,1080.580426057425,1.4285714285714286,69,70,1,0,69,70,6237,0,0,0,0,0
2020-08-24,US,Virginia,Campbell,298,3,0,37.20553386,-79.09678609,51031.0,542.9534481187939,1.0067114093959733,295,296,3,0,293,289,54973,2,0,0,2,7
2020-08-24,US,Virginia,Caroline,252,5,0,38.02679129,-77.34901405,51033.0,820.1790073230269,1.984126984126984,247,247,5,0,242,243,30772,5,0,0,5,4
2020-08-24,US,Virginia,Carroll,378,16,0,36.73066666,-80.73455942,51035.0,1268.839582424222,4.232804232804233,362,374,16,0,358,372,29636,4,0,0,4,2
2020-08-24,US,Virginia,Charles City,66,5,0,37.35358063,-77.05634116,51036.0,947.8672985781993,7.575757575757576,61,65,5,0,60,61,6941,1,0,0,1,4
2020-08-24,US,Virginia,Charlotte,59,0,0,37.01909701,-78.66314092,51037.0,496.6329966329968,0.0,59,59,0,0,59,59,11938,0,0,0,0,0
2020-08-24,US,Virginia,Charlottesville,589,16,0,38.03527919,-78.48569588,51540.0,1246.1388736089364,2.7164685908319184,573,588,16,0,572,584,48117,1,0,0,1,4
2020-08-24,US,Virginia,Chesapeake,3564,43,0,36.67670048,-76.30545744,51550.0,1455.6742295831891,1.2065095398428731,3521,3523,42,0,3481,3462,242634,41,1,0,40,61
2020-08-24,US,Virginia,Chesterfield,4867,76,0,37.37373208,-77.58680140000001,51041.0,1379.5273269425913,1.5615368810355454,4791,4853,76,0,4777,4815,348556,14,0,0,14,38
2020-08-24,US,Virginia,Clarke,76,0,0,39.11271747,-77.99199425,51043.0,519.871400232574,0.0,76,76,0,0,76,75,14523,0,0,0,0,1
2020-08-24,US,Virginia,Colonial Heights,214,22,0,37.26420587,-77.39609676,51570.0,1232.0092112838229,10.280373831775703,192,215,22,0,193,213,17833,-1,0,0,-1,2
2020-08-24,US,Virginia,Covington,19,0,0,37.7824656,-79.98631446,51580.0,343.08414590104735,0.0,19,19,0,0,19,19,5460,0,0,0,0,0
2020-08-24,US,Virginia,Craig,22,0,0,37.48133648,-80.21072274,51045.0,428.76632235431686,0.0,22,22,0,0,22,22,5064,0,0,0,0,0
2020-08-24,US,Virginia,Culpeper,1073,13,0,38.48199985,-77.95630870000002,51047.0,2039.7300636821594,1.211556383970177,1060,1070,13,0,1057,1065,51859,3,0,0,3,5
2020-08-24,US,Virginia,Cumberland,92,0,0,37.51328851,-78.24398086,51049.0,926.2988320579943,0.0,92,92,0,0,92,92,9809,0,0,0,0,0
2020-08-24,US,Virginia,Danville,544,12,0,36.58022376,-79.40395668,51590.0,1358.505643791829,2.2058823529411766,532,542,12,0,530,535,40693,2,0,0,2,7
2020-08-24,US,Virginia,Dickenson,55,1,0,37.12560977,-82.35124171,51051.0,384.13186199189835,1.818181818181818,54,55,1,0,54,55,14523,0,0,0,0,0
2020-08-24,US,Virginia,Dinwiddie,264,8,0,37.07544585,-77.63451754,51053.0,924.8878923766816,3.0303030303030303,256,262,8,0,254,260,28529,2,0,0,2,2
2020-08-24,US,Virginia,Emporia,214,15,0,36.69455571,-77.53406129,51595.0,4002.992891881781,7.009345794392522,199,212,15,0,197,207,5121,2,0,0,2,5
2020-08-24,US,Virginia,Essex,113,2,0,37.93357639,-76.94230311,51057.0,1031.6808180407197,1.7699115044247788,111,112,2,0,110,112,10919,1,0,0,1,0
2020-08-24,US,Virginia,Fairfax,17729,543,0,38.83677558,-77.27565836,51059.0,1544.9678091765634,3.0627784985052737,17186,17647,542,0,17105,17531,1150795,82,1,0,81,116
2020-08-24,US,Virginia,Fairfax,17729,543,0,38.83677558,-77.27565836,51059.0,1544.9678091765634,3.0627784985052737,17186,17647,542,0,17105,17531,24574,82,1,0,81,116
2020-08-24,US,Virginia,Fairfax City,106,7,0,38.85157547,-77.29779640000002,51600.0,441.31729047837126,6.60377358490566,99,106,7,0,99,106,24574,0,0,0,0,0
2020-08-24,US,Virginia,Falls Church,64,7,0,38.88485255,-77.17560759,51610.0,437.84634329889855,10.9375,57,64,7,0,57,64,14772,0,0,0,0,0
2020-08-24,US,Virginia,Fauquier,720,9,0,38.73564842,-77.80647472,51061.0,1010.9235910252452,1.25,711,717,9,0,708,678,70675,3,0,0,3,39
2020-08-24,US,Virginia,Floyd,124,2,0,36.9302126,-80.36738849,51063.0,787.3515778779605,1.6129032258064515,122,121,2,0,119,121,15795,3,0,0,3,0
2020-08-24,US,Virginia,Fluvanna,210,9,0,37.84157909,-78.27715475,51065.0,770.0770077007701,4.285714285714286,201,209,9,0,200,208,26783,1,0,0,1,1
2020-08-24,US,Virginia,Franklin,194,1,0,36.99536167,-79.88023649,51067.0,346.1689447200313,0.5154639175257731,193,194,1,0,193,194,56195,0,0,0,0,0
2020-08-24,US,Virginia,Franklin,194,1,0,36.99536167,-79.88023649,51067.0,346.1689447200313,0.5154639175257731,193,194,1,0,193,194,8013,0,0,0,0,0
2020-08-24,US,Virginia,Franklin City,264,6,0,36.6831435,-76.93859681,51620.0,3313.668884147107,2.272727272727273,258,260,6,0,254,255,8013,4,0,0,4,5
2020-08-24,US,Virginia,Frederick,744,10,0,39.20172582,-78.25974949,51069.0,833.0254274293776,1.3440860215053765,734,738,10,0,728,730,88355,6,0,0,6,8
2020-08-24,US,Virginia,Fredericksburg,453,4,0,38.2977863,-77.4922454,51630.0,1560.1322496211599,0.8830022075055187,449,451,4,0,447,447,29144,2,0,0,2,4
2020-08-24,US,Virginia,Galax,394,28,0,36.66601852,-80.91703124,51640.0,6207.6571608633985,7.1065989847715745,366,390,28,0,362,390,6423,4,0,0,4,0
2020-08-24,US,Virginia,Giles,35,0,0,37.31234791,-80.70636931,51071.0,209.33014354066987,0.0,35,35,0,0,35,35,16844,0,0,0,0,0
2020-08-24,US,Virginia,Gloucester,188,2,0,37.40809042,-76.53524337,51073.0,503.37367462782476,1.0638297872340423,186,186,2,0,184,187,37349,2,0,0,2,-1
2020-08-24,US,Virginia,Goochland,180,7,0,37.71714806,-77.90381514,51075.0,757.7990148612806,3.888888888888889,173,179,7,0,172,178,23244,1,0,0,1,1
2020-08-24,US,Virginia,Grayson,174,5,0,36.65677234,-81.23215889,51077.0,1118.9710610932477,2.8735632183908044,169,172,5,0,167,169,15631,2,0,0,2,3
2020-08-24,US,Virginia,Greene,192,2,0,38.29545894,-78.46525378,51079.0,968.7673444674302,1.0416666666666667,190,191,2,0,189,189,19779,1,0,0,1,2
2020-08-24,US,Virginia,Greensville,657,11,0,36.67878901,-77.56351439,51081.0,5795.695130557516,1.67427701674277,646,657,11,0,646,617,11627,0,0,0,0,40
2020-08-24,US,Virginia,Halifax,186,2,0,36.76654925,-78.93512622,51083.0,548.4945887765032,1.075268817204301,184,186,2,0,184,184,34120,0,0,0,0,2
2020-08-24,US,Virginia,Hampton,1463,11,0,37.03513786,-76.35879121,51650.0,1087.651475726712,0.7518796992481203,1452,1454,11,0,1443,1437,134313,9,0,0,9,17
2020-08-24,US,Virginia,Hanover,743,34,0,37.7583355,-77.49464673,51085.0,689.4567859992948,4.576043068640646,709,741,34,0,707,736,107239,2,0,0,2,5
2020-08-24,US,Virginia,Harrisonburg,1143,31,0,38.43542574,-78.87536254,51660.0,2155.9529198732457,2.7121609798775155,1112,1130,31,0,1099,1124,54033,13,0,0,13,6
2020-08-24,US,Virginia,Henrico,4359,189,0,37.53460572,-77.39326555,51087.0,1317.6429335767702,4.335856847900895,4170,4319,189,0,4130,4294,329261,40,0,0,40,25
2020-08-24,US,Virginia,Henry,750,14,0,36.68542395,-79.87634026,51089.0,1483.4740985422393,1.8666666666666667,736,747,14,0,733,741,50953,3,0,0,3,6
2020-08-24,US,Virginia,Highland,6,0,0,38.35799465,-79.56124594,51091.0,273.97260273972597,0.0,6,6,0,0,6,6,2210,0,0,0,0,0
2020-08-24,US,Virginia,Hopewell,318,4,0,37.29186313,-77.29754684,51670.0,1411.5140485596341,1.2578616352201255,314,316,4,0,312,314,22596,2,0,0,2,2
2020-08-24,US,Virginia,Isle of Wight,485,10,0,36.90579348,-76.70842863,51093.0,1306.960575601606,2.061855670103093,475,478,10,0,468,473,36953,7,0,0,7,5
2020-08-24,US,Virginia,James City,712,17,0,37.31156958,-76.76950618,51095.0,930.4392143538544,2.3876404494382024,695,701,17,0,684,694,76397,11,0,0,11,7
2020-08-24,US,Virginia,King George,193,4,0,38.26818502,-77.15852768,51099.0,719.1831867640483,2.0725388601036268,189,186,4,0,182,184,26575,7,0,0,7,2
2020-08-24,US,Virginia,King William,106,2,0,37.70965316,-77.09384941,51101.0,618.1478889666432,1.8867924528301887,104,106,2,0,104,106,16939,0,0,0,0,0
2020-08-24,US,Virginia,King and Queen,47,1,0,37.71044922,-76.88689628,51097.0,669.0391459074732,2.127659574468085,46,46,1,0,45,46,7042,1,0,0,1,0
2020-08-24,US,Virginia,Lancaster,60,0,0,37.71889653,-76.46400482,51103.0,565.877581816467,0.0,60,57,0,0,57,56,10783,3,0,0,3,1
2020-08-24,US,Virginia,Lee,161,2,0,36.70586667,-83.12606515,51105.0,687.358579174316,1.2422360248447204,159,158,2,0,156,156,23541,3,0,0,3,2
2020-08-24,US,Virginia,Lexington,42,0,0,37.78258621,-79.44262866,51678.0,564.0612409347301,0.0,42,41,0,0,41,41,7136,1,0,0,1,0
2020-08-24,US,Virginia,Loudoun,5735,115,0,39.08990083,-77.63481877,51107.0,1386.813303735086,2.005231037489102,5620,5712,115,0,5597,5684,406850,23,0,0,23,28
2020-08-24,US,Virginia,Louisa,233,2,0,37.97850256,-77.96274807,51109.0,619.8292144396264,0.8583690987124464,231,231,2,0,229,230,36778,2,0,0,2,1
2020-08-24,US,Virginia,Lunenburg,81,1,0,36.94618528,-78.24133319,51111.0,664.1521810429649,1.2345679012345678,80,81,1,0,80,81,12086,0,0,0,0,0
2020-08-24,US,Virginia,Lynchburg,839,5,0,37.40021399,-79.19888138,51680.0,1021.0787654561386,0.5959475566150179,834,832,5,0,827,824,82126,7,0,0,7,8
2020-08-24,US,Virginia,Madison,85,2,0,38.41531222,-78.28220331,51113.0,640.9773018626046,2.3529411764705883,83,85,2,0,83,84,13295,0,0,0,0,1
2020-08-24,US,Virginia,Manassas,1758,23,0,38.7464321,-77.48509905,51683.0,4278.933917488134,1.3083048919226394,1735,1754,23,0,1731,1747,41641,4,0,0,4,7
2020-08-24,US,Virginia,Manassas Park,552,7,0,38.77058531,-77.44399307,51685.0,3158.256093374528,1.2681159420289856,545,552,7,0,545,551,17307,0,0,0,0,1
2020-08-24,US,Virginia,Martinsville,280,3,0,36.68212094,-79.86352771,51690.0,2230.364823960491,1.0714285714285714,277,278,3,0,275,276,12902,2,0,0,2,2
2020-08-24,US,Virginia,Mathews,23,0,0,37.44164146,-76.34098896,51115.0,260.3577088521621,0.0,23,23,0,0,23,23,8802,0,0,0,0,0
2020-08-24,US,Virginia,Mecklenburg,482,33,0,36.67882005,-78.36131056,51117.0,1575.8328701736032,6.846473029045643,449,481,33,0,448,478,30650,1,0,0,1,3
2020-08-24,US,Virginia,Middlesex,54,1,0,37.63191998,-76.55064617,51119.0,510.3005103005103,1.851851851851852,53,54,1,0,53,54,10769,0,0,0,0,0
2020-08-24,US,Virginia,Montgomery,387,3,0,37.17746986,-80.37868691,51121.0,392.7538438118434,0.7751937984496124,384,374,3,0,371,362,98985,13,0,0,13,12
2020-08-24,US,Virginia,Nelson,82,0,0,37.78790447,-78.88498513,51125.0,549.2297387809779,0.0,82,81,0,0,81,81,14836,1,0,0,1,0
2020-08-24,US,Virginia,New Kent,142,1,0,37.50694406,-76.99828634,51127.0,614.9582088259498,0.7042253521126759,141,140,1,0,139,139,22391,2,0,0,2,1
2020-08-24,US,Virginia,Newport News,2145,20,0,37.08166899,-76.51754109,51700.0,1196.819640117171,0.9324009324009324,2125,2130,20,0,2110,2111,178626,15,0,0,15,19
2020-08-24,US,Virginia,Norfolk,4164,43,0,36.89934014,-76.26420872,51710.0,1715.401537434807,1.032660902977906,4121,4164,43,0,4121,4164,244076,0,0,0,0,0
2020-08-24,US,Virginia,Northampton,303,29,0,37.34062933,-75.87751591,51131.0,2587.532023911187,9.570957095709572,274,303,29,0,274,303,11735,0,0,0,0,0
2020-08-24,US,Virginia,Northumberland,85,3,0,37.89202088,-76.41949732,51133.0,702.7697395618027,3.5294117647058822,82,83,3,0,80,82,12147,2,0,0,2,1
2020-08-24,US,Virginia,Norton,22,0,0,36.93357076,-82.62750411,51720.0,552.624968600854,0.0,22,22,0,0,22,22,3968,0,0,0,0,0
2020-08-24,US,Virginia,Nottoway,184,14,0,37.1435975,-78.05065922,51135.0,1207.9831932773109,7.608695652173912,170,184,14,0,170,184,15420,0,0,0,0,0
2020-08-24,US,Virginia,Orange,244,3,0,38.24530219,-78.01560400000002,51137.0,658.5517259992982,1.2295081967213115,241,244,3,0,241,244,36644,0,0,0,0,0
2020-08-24,US,Virginia,Page,358,25,0,38.61807452,-78.48797204,51139.0,1497.782612333696,6.983240223463688,333,358,25,0,333,357,23933,0,0,0,0,1
2020-08-24,US,Virginia,Patrick,199,10,0,36.680163799999995,-80.2865648,51141.0,1130.1681054066335,5.025125628140704,189,200,10,0,190,195,17673,-1,0,0,-1,5
2020-08-24,US,Virginia,Petersburg,587,20,0,37.20530399,-77.39368102,51730.0,1872.647227716455,3.4071550255536627,567,582,19,0,563,576,31567,5,1,0,4,6
2020-08-24,US,Virginia,Pittsylvania,644,4,0,36.81980341,-79.39731264,51143.0,1067.0378102528416,0.6211180124223602,640,641,4,0,637,625,60949,3,0,0,3,16
2020-08-24,US,Virginia,Poquoson,57,0,0,37.14259351,-76.35798148,51735.0,464.5098199005785,0.0,57,56,0,0,56,53,12190,1,0,0,1,3
2020-08-24,US,Virginia,Portsmouth,2086,31,0,36.85914825,-76.35971629,51740.0,2209.7925803512785,1.486097794822627,2055,2086,30,0,2056,2085,94632,0,1,0,-1,1
2020-08-24,US,Virginia,Powhatan,179,4,0,37.55016038,-77.91267882,51145.0,603.6692297315527,2.23463687150838,175,178,4,0,174,178,29189,1,0,0,1,0
2020-08-24,US,Virginia,Prince Edward,466,11,0,37.22554789,-78.43597949,51147.0,2043.6803789141306,2.360515021459228,455,466,11,0,455,466,22950,0,0,0,0,0
2020-08-24,US,Virginia,Prince George,491,2,0,37.18497668,-77.22922187,51149.0,1280.2127604098766,0.4073319755600815,489,489,2,0,487,485,38082,2,0,0,2,4
2020-08-24,US,Virginia,Prince William,10392,183,0,38.70916224,-77.48713689,51153.0,2209.4889812580395,1.7609699769053118,10209,10341,183,0,10158,10278,468011,51,0,0,51,63
2020-08-24,US,Virginia,Pulaski,109,3,0,37.06474963,-80.71229738,51155.0,320.3338525288741,2.7522935779816518,106,108,3,0,105,104,34066,1,0,0,1,4
2020-08-24,US,Virginia,Radford,166,0,0,37.12222899,-80.56027320000003,51750.0,909.6388843224288,0.0,166,133,0,0,133,107,18339,33,0,0,33,26
2020-08-24,US,Virginia,Rappahannock,49,2,0,38.68295619,-78.15826963,51157.0,664.8575305291723,4.081632653061225,47,49,2,0,47,48,7252,0,0,0,0,1
2020-08-24,US,Virginia,Richmond,328,4,0,37.937575,-76.72920628,51159.0,3635.154604898592,1.2195121951219512,324,323,4,0,319,323,9038,5,0,0,5,0
2020-08-24,US,Virginia,Richmond City,3615,43,0,37.53255773,-77.47966921,51760.0,1568.7652970889965,1.189488243430152,3572,3588,43,0,3545,3548,228783,27,0,0,27,40
2020-08-24,US,Virginia,Roanoke,557,4,0,37.26865804,-80.06396753,51161.0,591.3830080903742,0.7181328545780971,553,552,4,0,548,551,94073,5,0,0,5,1
2020-08-24,US,Virginia,Roanoke City,1129,15,0,37.27791025,-79.96189766,51770.0,1138.7591660530748,1.3286093888396808,1114,1123,15,0,1108,1121,99920,6,0,0,6,2
2020-08-24,US,Virginia,Rockbridge,81,1,0,37.81204314,-79.44605905,51163.0,358.8357772560138,1.2345679012345678,80,80,1,0,79,79,22752,1,0,0,1,1
2020-08-24,US,Virginia,Rockingham,1000,20,0,38.51006137,-78.87260325,51165.0,1220.2860350466146,2.0,980,999,20,0,979,997,81244,1,0,0,1,2
2020-08-24,US,Virginia,Russell,168,4,0,36.93028320000001,-82.10095486,51167.0,631.911532385466,2.380952380952381,164,168,4,0,164,167,26748,0,0,0,0,1
2020-08-24,US,Virginia,Salem,190,3,0,37.2836193,-80.06219455,51775.0,750.9584601399155,1.5789473684210529,187,186,3,0,183,186,25643,4,0,0,4,0
2020-08-24,US,Virginia,Scott,143,3,0,36.71466456,-82.60171704,51169.0,663.0807752944451,2.097902097902098,140,140,3,0,137,136,21534,3,0,0,3,4
2020-08-24,US,Virginia,Shenandoah,759,47,0,38.85905135,-78.56813762,51171.0,1740.18708730741,6.19235836627141,712,758,47,0,711,756,43497,1,0,0,1,2
2020-08-24,US,Virginia,Smyth,222,3,0,36.84455636,-81.53344948,51173.0,737.4435290991229,1.351351351351351,219,219,3,0,216,213,30472,3,0,0,3,6
2020-08-24,US,Virginia,Southampton,331,13,0,36.72231125,-77.10642712,51175.0,1877.3750779876354,3.9274924471299095,318,329,13,0,316,326,17586,2,0,0,2,3
2020-08-24,US,Virginia,Spotsylvania,1718,37,0,38.18574462,-77.655399,51177.0,1261.2414198142642,2.1536670547147847,1681,1701,37,0,1664,1691,134238,17,0,0,17,10
2020-08-24,US,Virginia,Stafford,1602,10,0,38.41758738,-77.45917053,51179.0,1047.8669823785665,0.6242197253433208,1592,1589,10,0,1579,1579,149960,13,0,0,13,10
2020-08-24,US,Virginia,Staunton,165,0,0,38.15965544,-79.05979937,51790.0,661.8000962618323,0.0,165,165,0,0,165,164,24922,0,0,0,0,1
2020-08-24,US,Virginia,Suffolk,1545,59,0,36.70155394,-76.63603554,51800.0,1677.3787293177575,3.8187702265372168,1486,1536,59,0,1477,1521,91185,9,0,0,9,15
2020-08-24,US,Virginia,Surry,60,2,0,37.11781893,-76.88450012,51181.0,934.2883836810962,3.333333333333333,58,58,2,0,56,57,6474,2,0,0,2,1
2020-08-24,US,Virginia,Sussex,324,9,0,36.92432914,-77.25791182,51183.0,2903.4859754458284,2.7777777777777777,315,324,9,0,315,322,11237,0,0,0,0,2
2020-08-24,US,Virginia,Tazewell,171,0,0,37.12191123,-81.56685568,51185.0,421.23414213573096,0.0,171,171,0,0,171,169,40855,0,0,0,0,2
2020-08-24,US,Virginia,Virginia Beach,5739,64,0,36.73285734,-76.04566934,51810.0,1275.4070235169145,1.1151768600801533,5675,5693,64,0,5629,5668,450189,46,0,0,46,25
2020-08-24,US,Virginia,Warren,386,6,0,38.90847745,-78.20280433,51187.0,961.0596554128076,1.5544041450777202,380,386,6,0,380,381,40003,0,0,0,0,5
2020-08-24,US,Virginia,Washington,311,7,0,36.72341572,-81.95666289,51191.0,578.7123185708969,2.2508038585209005,304,311,7,0,304,306,54402,0,0,0,0,5
2020-08-24,US,Virginia,Waynesboro,208,3,0,38.06451466,-78.90293905,51820.0,919.1338930623068,1.4423076923076923,205,206,3,0,203,206,22628,2,0,0,2,0
2020-08-24,US,Virginia,Westmoreland,220,3,0,38.11021557,-76.80213247,51193.0,1221.2045517624201,1.3636363636363635,217,220,3,0,217,219,17830,0,0,0,0,1
2020-08-24,US,Virginia,Williamsburg,145,6,0,37.28131268,-76.70905141,51830.0,969.6402300387856,4.137931034482759,139,144,6,0,138,141,14896,1,0,0,1,3
2020-08-24,US,Virginia,Winchester,429,4,0,39.17054517,-78.17325058,51840.0,1527.8866016098013,0.9324009324009324,425,429,4,0,425,428,28108,0,0,0,0,1
2020-08-24,US,Virginia,Wise,287,5,0,36.9746148,-82.62410519,51195.0,767.728646711072,1.7421602787456445,282,283,5,0,278,279,38012,4,0,0,4,4
2020-08-24,US,Virginia,Wythe,139,3,0,36.91582035,-81.07834059,51197.0,484.590712592386,2.1582733812949644,136,139,3,0,136,137,28754,0,0,0,0,2
2020-08-24,US,Virginia,York,432,5,0,37.24374789,-76.54412815,51199.0,632.688927943761,1.1574074074074074,427,427,5,0,422,423,67846,5,0,0,5,4
2020-08-24,US,Washington,Adams,552,6,0,46.98299757,-118.56017340000001,53001.0,2762.347995796427,1.0869565217391304,546,549,6,0,543,536,19759,3,0,0,3,13
2020-08-24,US,Washington,Asotin,49,2,0,46.18894415,-117.2022851,53003.0,216.98698078115314,4.081632653061225,47,47,2,0,45,46,22610,2,0,0,2,1
2020-08-24,US,Washington,Benton,4001,122,0,46.23946995,-119.51208340000001,53005.0,1957.532168892803,3.0492376905773555,3879,3986,122,0,3864,3981,201877,15,0,0,15,5
2020-08-24,US,Washington,Chelan,1667,11,0,47.87046092,-120.6173956,53007.0,2159.326424870467,0.6598680263947211,1656,1656,11,0,1645,1637,77036,11,0,0,11,19
2020-08-24,US,Washington,Clallam,196,1,0,48.04754642,-123.92263190000001,53009.0,253.45592323906325,0.5102040816326531,195,187,1,0,186,186,76737,9,0,0,9,1
2020-08-24,US,Washington,Clark,2056,52,0,45.77568046,-122.48292040000001,53011.0,421.10351240473466,2.5291828793774314,2004,2056,52,0,2004,2051,481857,0,0,0,0,5
2020-08-24,US,Washington,Columbia,13,1,0,46.29442881,-117.9051983,53013.0,326.2233375156838,7.6923076923076925,12,13,1,0,12,13,4059,0,0,0,0,0
2020-08-24,US,Washington,Cowlitz,520,6,0,46.19074721,-122.6782231,53015.0,470.19250766323364,1.1538461538461535,514,519,6,0,513,519,108987,1,0,0,1,0
2020-08-24,US,Washington,Douglas,1118,7,0,47.7361335,-119.69293700000001,53017.0,2574.3167008220307,0.6261180679785331,1111,1112,7,0,1105,1103,42907,6,0,0,6,9
2020-08-24,US,Washington,Ferry,24,0,0,48.471143100000006,-118.5154041,53019.0,314.6715615576242,0.0,24,23,0,0,23,23,7649,1,0,0,1,0
2020-08-24,US,Washington,Franklin,3843,55,0,46.53351425,-118.9018212,53021.0,4035.8320556174,1.4311735623211033,3788,3834,55,0,3779,3825,94347,9,0,0,9,9
2020-08-24,US,Washington,Garfield,4,0,0,46.43197502,-117.54540320000001,53023.0,179.77528089887642,0.0,4,4,0,0,4,4,2247,0,0,0,0,0
2020-08-24,US,Washington,Grant,2079,15,0,47.20753737,-119.4500749,53025.0,2127.2241719787585,0.7215007215007215,2064,2060,15,0,2045,2039,97331,19,0,0,19,21
2020-08-24,US,Washington,Grays Harbor,215,5,0,47.14003705,-123.7820567,53027.0,286.4337005901867,2.3255813953488373,210,208,5,0,203,189,73901,7,0,0,7,19
2020-08-24,US,Washington,Island,265,11,0,48.14713305,-122.5216407,53029.0,311.24839971341663,4.150943396226415,254,264,11,0,253,264,84460,1,0,0,1,0
2020-08-24,US,Washington,Jefferson,69,0,0,47.75003077,-123.56097040000002,53031.0,214.1460538158344,0.0,69,67,0,0,67,66,31729,2,0,0,2,1
2020-08-24,US,Washington,King,18797,716,0,47.49137892,-121.8346131,53033.0,834.3905446687695,3.8091184763526096,18081,18662,713,0,17949,18546,2233163,135,3,0,132,116
2020-08-24,US,Washington,Kitsap,937,8,0,47.63479026,-122.6436061,53035.0,345.1540300508706,0.8537886872998933,929,929,8,0,921,912,269805,8,0,0,8,17
2020-08-24,US,Washington,Kittitas,448,21,0,47.12521214,-120.67943899999999,53037.0,934.5989360592469,4.6875,427,448,21,0,427,448,47364,0,0,0,0,0
2020-08-24,US,Washington,Klickitat,166,3,0,45.87325839,-120.7913598,53039.0,740.2452619843924,1.8072289156626504,163,164,3,0,161,162,22107,2,0,0,2,2
2020-08-24,US,Washington,Lewis,308,4,0,46.57756476,-122.39257690000001,53041.0,381.6273681341148,1.2987012987012987,304,303,4,0,299,299,79604,5,0,0,5,4
2020-08-24,US,Washington,Lincoln,31,1,0,47.57705241,-118.41943880000001,53043.0,283.3897065545296,3.2258064516129035,30,31,1,0,30,31,10740,0,0,0,0,0
2020-08-24,US,Washington,Mason,292,1,0,47.35007586,-123.1863685,53045.0,437.3352504193626,0.3424657534246575,291,284,1,0,283,280,65507,8,0,0,8,4
2020-08-24,US,Washington,Okanogan,971,6,0,48.54855019,-119.73872240000001,53047.0,2298.6056861491847,0.6179196704428425,965,970,6,0,964,956,42132,1,0,0,1,14
2020-08-24,US,Washington,Pacific,60,2,0,46.55418369,-123.7285716,53049.0,267.01081393796454,3.333333333333333,58,60,2,0,58,59,22036,0,0,0,0,1
2020-08-24,US,Washington,Pend Oreille,53,0,0,48.53234021,-117.2741804,53051.0,386.1847857767415,0.0,53,53,0,0,53,53,13602,0,0,0,0,0
2020-08-24,US,Washington,Pierce,6564,162,0,47.03892768,-122.14059579999999,53053.0,725.3198965723,2.4680073126142594,6402,6537,162,0,6375,6469,891299,27,0,0,27,68
2020-08-24,US,Washington,San Juan,29,0,0,48.60182783,-122.96745,53055.0,164.94141735866228,0.0,29,29,0,0,29,29,17128,0,0,0,0,0
2020-08-24,US,Washington,Skagit,983,22,0,48.48171488,-121.766131,53057.0,760.8064703378352,2.2380467955239065,961,981,22,0,959,981,128206,2,0,0,2,0
2020-08-24,US,Washington,Skamania,58,1,0,46.02408726,-121.91644029999999,53059.0,480.01324174459984,1.7241379310344829,57,58,1,0,57,58,11924,0,0,0,0,0
2020-08-24,US,Washington,Snohomish,5965,207,0,48.04615983,-121.7170703,53061.0,725.5958339972971,3.47024308466052,5758,5947,206,0,5741,5928,814901,18,1,0,17,19
2020-08-24,US,Washington,Spokane,5044,124,0,47.62113146,-117.4046494,53063.0,964.8085876380553,2.458366375892149,4920,5011,123,0,4888,4982,514631,33,1,0,32,29
2020-08-24,US,Washington,Stevens,123,1,0,48.40035475,-117.8542701,53065.0,269.01121973623776,0.8130081300813008,122,122,1,0,121,122,45260,1,0,0,1,0
2020-08-24,US,Washington,Thurston,868,12,0,46.9291895,-122.82906559999999,53067.0,298.75815733678445,1.3824884792626728,856,861,12,0,849,853,286419,7,0,0,7,8
2020-08-24,US,Washington,Unassigned,246,4,0,0.0,0.0,90053.0,0.0,1.6260162601626016,242,251,4,0,247,257,,-5,0,0,-5,-6
2020-08-24,US,Washington,Wahkiakum,6,0,0,46.29180039999999,-123.4250831,53069.0,133.6898395721925,0.0,6,6,0,0,6,6,4426,0,0,0,0,0
2020-08-24,US,Washington,Walla Walla,704,4,0,46.23040051,-118.4775539,53071.0,1158.6570111915735,0.5681818181818182,700,695,5,0,690,692,60922,9,-1,0,10,3
2020-08-24,US,Washington,Whatcom,1057,39,0,48.82227976,-121.74900179999999,53073.0,461.0747359834589,3.689687795648061,1018,1054,39,0,1015,1050,225685,3,0,0,3,4
2020-08-24,US,Washington,Whitman,160,0,0,46.90022523,-117.52417630000001,53075.0,319.3357815743254,0.0,160,155,0,0,155,144,49791,5,0,0,5,11
2020-08-24,US,Washington,Yakima,10830,235,0,46.45738486,-120.73801259999999,53077.0,4316.925296863354,2.169898430286242,10595,10816,235,0,10581,10796,251446,14,0,0,14,20
2020-08-24,US,West Virginia,Barbour,33,1,0,39.1307219,-80.00350858,54001.0,200.717717900371,3.0303030303030303,32,33,1,0,32,33,16535,0,0,0,0,0
2020-08-24,US,West Virginia,Berkeley,767,11,0,39.46704621,-78.02414609,54003.0,643.6129595287445,1.434159061277705,756,766,11,0,755,764,117123,1,0,0,1,2
2020-08-24,US,West Virginia,Boone,128,0,0,38.01974191,-81.69888019,54005.0,596.5419210514051,0.0,128,127,0,0,127,127,21951,1,0,0,1,0
2020-08-24,US,West Virginia,Braxton,9,0,0,38.70036159,-80.72011184,54007.0,64.48377158415133,0.0,9,9,0,0,9,9,14089,0,0,0,0,0
2020-08-24,US,West Virginia,Brooke,85,1,0,40.27367263,-80.57915332,54009.0,387.4378959843202,1.1764705882352942,84,84,1,0,83,83,22203,1,0,0,1,1
2020-08-24,US,West Virginia,Cabell,490,5,0,38.42424062,-82.23855912,54011.0,532.9272934906737,1.020408163265306,485,487,5,0,482,486,93224,3,0,0,3,1
2020-08-24,US,West Virginia,Calhoun,8,0,0,38.84315422,-81.11934872,54013.0,112.53340835560556,0.0,8,8,0,0,8,8,7254,0,0,0,0,0
2020-08-24,US,West Virginia,Clay,19,1,0,38.46231092,-81.07652217,54015.0,223.3192289609779,5.2631578947368425,18,19,1,0,18,19,8632,0,0,0,0,0
2020-08-24,US,West Virginia,Doddridge,6,0,0,39.27057157,-80.70671527,54017.0,71.02272727272727,0.0,6,6,0,0,6,6,8406,0,0,0,0,0
2020-08-24,US,West Virginia,Fayette,187,8,0,38.02974928,-81.08286634,54019.0,440.9753336791964,4.2780748663101615,179,187,8,0,179,187,43018,0,0,0,0,0
2020-08-24,US,West Virginia,Gilmer,18,0,0,38.9251277,-80.85952723,54021.0,230.09075802121947,0.0,18,18,0,0,18,18,8026,0,0,0,0,0
2020-08-24,US,West Virginia,Grant,133,5,0,39.10314817,-79.19440518,54023.0,1149.7233748271092,3.7593984962406015,128,133,5,0,128,133,11626,0,0,0,0,0
2020-08-24,US,West Virginia,Greenbrier,100,3,0,37.9463652,-80.45335881,54025.0,288.50037505048755,3.0,97,100,3,0,97,99,34786,0,0,0,0,1
2020-08-24,US,West Virginia,Hampshire,92,1,0,39.32103553,-78.60826476,54027.0,396.97950377562034,1.0869565217391304,91,91,1,0,90,91,23347,1,0,0,1,0
2020-08-24,US,West Virginia,Hancock,118,0,0,40.51943859,-80.57461608,54029.0,409.580006942034,0.0,118,118,0,0,118,116,29094,0,0,0,0,2
2020-08-24,US,West Virginia,Hardy,63,0,0,39.00683177,-78.85855301,54031.0,457.31707317073165,0.0,63,63,0,0,63,63,13775,0,0,0,0,0
2020-08-24,US,West Virginia,Harrison,256,1,0,39.2853852,-80.37919577,54033.0,380.6351849649102,0.390625,255,255,1,0,254,252,67554,1,0,0,1,3
2020-08-24,US,West Virginia,Jackson,190,19,0,38.84263974,-81.68148753,54035.0,664.8936170212768,10.0,171,190,19,0,171,188,28706,0,0,0,0,2
2020-08-24,US,West Virginia,Jefferson,324,4,0,39.30776166,-77.86014147,54037.0,566.9688167150807,1.2345679012345678,320,322,4,0,318,318,56811,2,0,0,2,4
2020-08-24,US,West Virginia,Kanawha,1225,27,0,38.33860077,-81.52857054,54039.0,687.7231591475603,2.204081632653061,1198,1214,27,0,1187,1194,180454,11,0,0,11,20
2020-08-24,US,West Virginia,Lewis,32,2,0,38.9947249,-80.49988181,54041.0,201.16929653611615,6.25,30,32,2,0,30,32,16024,0,0,0,0,0
2020-08-24,US,West Virginia,Lincoln,115,0,0,38.172154,-82.07017953,54043.0,563.4768974472047,0.0,115,115,0,0,115,115,20599,0,0,0,0,0
2020-08-24,US,West Virginia,Logan,439,17,0,37.8299889,-81.93528571,54045.0,1371.0609325712858,3.87243735763098,422,437,17,0,420,431,32607,2,0,0,2,6
2020-08-24,US,West Virginia,Marion,208,2,0,39.50984542,-80.24244659,54049.0,370.95163361392497,0.9615384615384616,206,207,2,0,205,207,56097,1,0,0,1,0
2020-08-24,US,West Virginia,Marshall,135,1,0,39.86064362,-80.66591062,54051.0,442.17352854475786,0.7407407407407407,134,135,1,0,134,135,30785,0,0,0,0,0
2020-08-24,US,West Virginia,Mason,84,1,0,38.77071799,-82.02524219,54053.0,316.78986272439283,1.1904761904761905,83,83,1,0,82,82,26718,1,0,0,1,1
2020-08-24,US,West Virginia,McDowell,66,0,0,37.38002939,-81.65083669,54047.0,374.489332728098,0.0,66,66,0,0,66,66,18223,0,0,0,0,0
2020-08-24,US,West Virginia,Mercer,276,21,0,37.40481169,-81.11023142,54055.0,469.7232717247013,7.608695652173912,255,274,21,0,253,272,59131,2,0,0,2,2
2020-08-24,US,West Virginia,Mineral,131,4,0,39.41561583,-78.94104895,54057.0,487.5688551436653,3.053435114503817,127,131,4,0,127,129,26940,0,0,0,0,2
2020-08-24,US,West Virginia,Mingo,213,5,0,37.73048351,-82.13338365,54059.0,909.3237704918033,2.347417840375587,208,213,5,0,208,208,23785,0,0,0,0,5
2020-08-24,US,West Virginia,Monongalia,1060,5,0,39.63218457,-80.04766838,54061.0,1003.6738249441353,0.4716981132075472,1055,1053,5,0,1048,1040,106420,7,0,0,7,13
2020-08-24,US,West Virginia,Monroe,65,0,0,37.56274716,-80.54577965,54063.0,489.6421845574389,0.0,65,65,0,0,65,57,13280,0,0,0,0,8
2020-08-24,US,West Virginia,Morgan,37,0,0,39.55439028,-78.26311676,54065.0,206.8888391858645,0.0,37,37,0,0,37,37,17787,0,0,0,0,0
2020-08-24,US,West Virginia,Nicholas,43,1,0,38.29617706,-80.79759588,54067.0,175.53886348791642,2.3255813953488373,42,42,1,0,41,40,24842,1,0,0,1,2
2020-08-24,US,West Virginia,Ohio,288,4,0,40.0955451,-80.62203992,54069.0,695.467387892106,1.3888888888888888,284,288,4,0,284,286,41755,0,0,0,0,2
2020-08-24,US,West Virginia,Pendleton,48,1,0,38.68314479,-79.35084086,54071.0,688.7645286267758,2.083333333333333,47,48,1,0,47,48,6997,0,0,0,0,0
2020-08-24,US,West Virginia,Pleasants,14,2,0,39.37091679,-81.16771771,54073.0,187.66756032171585,14.285714285714285,12,14,2,0,12,14,7507,0,0,0,0,0
2020-08-24,US,West Virginia,Pocahontas,42,0,0,38.32758728,-80.00993811,54075.0,509.2761004001455,0.0,42,42,0,0,42,42,8414,0,0,0,0,0
2020-08-24,US,West Virginia,Preston,135,4,0,39.46770987,-79.66712803,54077.0,403.80473797559233,2.962962962962963,131,134,4,0,130,134,33839,1,0,0,1,0
2020-08-24,US,West Virginia,Putnam,247,0,0,38.50782345,-81.9082131,54079.0,437.555358724535,0.0,247,245,0,0,245,244,56682,2,0,0,2,1
2020-08-24,US,West Virginia,Raleigh,325,3,0,37.76936795,-81.2456041,54081.0,443.0146808249615,0.9230769230769232,322,324,3,0,321,320,74254,1,0,0,1,4
2020-08-24,US,West Virginia,Randolph,220,0,0,38.769899,-79.87919615,54083.0,766.6840913051054,0.0,220,220,0,0,220,219,28823,0,0,0,0,1
2020-08-24,US,West Virginia,Ritchie,3,0,0,39.18094587,-81.06356878,54085.0,31.400460540087924,0.0,3,3,0,0,3,3,9721,0,0,0,0,0
2020-08-24,US,West Virginia,Roane,25,1,0,38.71622686,-81.35243568,54087.0,182.6417299824664,4.0,24,24,1,0,23,23,13932,1,0,0,1,1
2020-08-24,US,West Virginia,Summers,18,0,0,37.65390597,-80.86009693,54089.0,143.16392269148173,0.0,18,18,0,0,18,18,12760,0,0,0,0,0
2020-08-24,US,West Virginia,Taylor,101,2,0,39.33602617,-80.0421439,54091.0,604.9715483677747,1.98019801980198,99,100,2,0,98,98,16862,1,0,0,1,2
2020-08-24,US,West Virginia,Tucker,11,0,0,39.11240885,-79.57053576,54093.0,160.84222839596433,0.0,11,11,0,0,11,11,6955,0,0,0,0,0
2020-08-24,US,West Virginia,Tyler,15,0,0,39.46811972,-80.88772676,54095.0,174.60132697008495,0.0,15,15,0,0,15,15,8746,0,0,0,0,0
2020-08-24,US,West Virginia,Upshur,40,0,0,38.89285061,-80.23689136,54097.0,165.45334215751157,0.0,40,40,0,0,40,40,24415,0,0,0,0,0
2020-08-24,US,West Virginia,Wayne,227,9,0,38.14901357,-82.42287994,54099.0,576.1128876706766,3.9647577092511015,218,226,9,0,217,226,39944,1,0,0,1,0
2020-08-24,US,West Virginia,Webster,7,0,0,38.49370949,-80.4202023,54101.0,86.27064333251171,0.0,7,7,0,0,7,7,8285,0,0,0,0,0
2020-08-24,US,West Virginia,Wetzel,45,0,0,39.6065771,-80.64016540000001,54103.0,298.70560902754727,0.0,45,45,0,0,45,45,15270,0,0,0,0,0
2020-08-24,US,West Virginia,Wirt,7,0,0,39.02775007,-81.37473928,54105.0,120.25425184676172,0.0,7,7,0,0,7,7,5830,0,0,0,0,0
2020-08-24,US,West Virginia,Wood,291,5,0,39.20967886,-81.5162836,54107.0,348.42788380947815,1.718213058419244,286,291,5,0,286,289,84203,0,0,0,0,2
2020-08-24,US,West Virginia,Wyoming,51,2,0,37.612327,-81.54511071,54109.0,250.07355104442482,3.92156862745098,49,51,2,0,49,51,20786,0,0,0,0,0
2020-08-24,US,Wisconsin,Adams,99,2,0,43.96974651,-89.76782777,55001.0,489.61424332344217,2.0202020202020203,97,99,2,0,97,98,20348,0,0,0,0,1
2020-08-24,US,Wisconsin,Ashland,31,1,0,46.31956891,-90.67837132,55003.0,199.20318725099602,3.2258064516129035,30,31,1,0,30,30,15600,0,0,0,0,1
2020-08-24,US,Wisconsin,Barron,358,3,0,45.42372701,-91.84833627,55005.0,791.2651401290777,0.8379888268156425,355,358,3,0,355,353,45164,0,0,0,0,5
2020-08-24,US,Wisconsin,Bayfield,41,1,0,46.52868768,-91.19716729,55007.0,272.6789039638202,2.4390243902439024,40,41,1,0,40,41,15042,0,0,0,0,0
2020-08-24,US,Wisconsin,Brown,4969,57,0,44.452655299999996,-88.00411844,55009.0,1878.3406793628235,1.1471120949889313,4912,4959,57,0,4902,4906,263378,10,0,0,10,53
2020-08-24,US,Wisconsin,Buffalo,54,2,0,44.37835084,-91.75332578,55011.0,414.3964392602256,3.703703703703704,52,52,2,0,50,51,13125,2,0,0,2,1
2020-08-24,US,Wisconsin,Burnett,33,1,0,45.86303537,-92.36711412,55013.0,214.0910860256909,3.0303030303030303,32,33,1,0,32,33,15392,0,0,0,0,0
2020-08-24,US,Wisconsin,Calumet,450,2,0,44.0816316,-88.21780273,55015.0,898.400846493242,0.4444444444444444,448,442,2,0,440,438,50159,8,0,0,8,4
2020-08-24,US,Wisconsin,Chippewa,302,0,0,45.06939744,-91.28068855,55017.0,467.0729066782146,0.0,302,301,0,0,301,293,64135,1,0,0,1,8
2020-08-24,US,Wisconsin,Clark,230,8,0,44.73483377,-90.61207486,55019.0,661.4136998907229,3.4782608695652173,222,228,8,0,220,224,34709,2,0,0,2,4
2020-08-24,US,Wisconsin,Columbia,326,2,0,43.46492199,-89.33589004,55021.0,566.6411736077314,0.6134969325153374,324,319,2,0,317,314,57358,7,0,0,7,5
2020-08-24,US,Wisconsin,Crawford,96,0,0,43.23870316,-90.93073686,55023.0,595.1273944578761,0.0,96,95,0,0,95,94,16291,1,0,0,1,1
2020-08-24,US,Wisconsin,Dane,5117,39,0,43.06601594,-89.41733797,55025.0,935.9880737888583,0.7621653312487786,5078,5088,39,0,5049,5053,542364,29,0,0,29,35
2020-08-24,US,Wisconsin,Dodge,1034,5,0,43.41576662,-88.70928178,55027.0,1177.1536561208575,0.4835589941972921,1029,1011,5,0,1006,1001,87847,23,0,0,23,10
2020-08-24,US,Wisconsin,Door,126,3,0,44.95856458,-87.30002707,55029.0,455.3997397715773,2.380952380952381,123,124,3,0,121,123,27610,2,0,0,2,1
2020-08-24,US,Wisconsin,Douglas,241,0,0,46.43222285,-91.91595768,55031.0,558.5168018539977,0.0,241,239,0,0,239,238,43208,2,0,0,2,1
2020-08-24,US,Wisconsin,Dunn,155,0,0,44.94562799,-91.8962481,55033.0,341.6505025568684,0.0,155,154,0,0,154,153,45131,1,0,0,1,1
2020-08-24,US,Wisconsin,Eau Claire,728,6,0,44.726614,-91.28609183,55035.0,695.6787645968312,0.8241758241758241,722,722,6,0,716,706,104534,6,0,0,6,16
2020-08-24,US,Wisconsin,Florence,22,0,0,45.84963535,-88.39804137,55037.0,512.2235157159488,0.0,22,19,0,0,19,18,4321,3,0,0,3,1
2020-08-24,US,Wisconsin,Fond du Lac,964,9,0,43.75354908,-88.48885325,55039.0,932.27469222363,0.933609958506224,955,942,9,0,933,905,103066,22,0,0,22,37
2020-08-24,US,Wisconsin,Forest,65,4,0,45.66678019,-88.77084892,55041.0,721.9013771657042,6.153846153846153,61,64,4,0,60,64,8991,1,0,0,1,0
2020-08-24,US,Wisconsin,Grant,421,16,0,42.8671731,-90.7063218,55043.0,818.4451486226404,3.800475059382423,405,420,16,0,404,419,51554,1,0,0,1,1
2020-08-24,US,Wisconsin,Green,250,1,0,42.6794956,-89.60243287,55045.0,676.4069264069265,0.4,249,249,1,0,248,247,36929,1,0,0,1,2
2020-08-24,US,Wisconsin,Green Lake,83,0,0,43.80025981,-89.04679553,55047.0,438.8515835668589,0.0,83,76,0,0,76,74,18918,7,0,0,7,2
2020-08-24,US,Wisconsin,Iowa,110,0,0,43.00050278,-90.13469017,55049.0,464.56626404257116,0.0,110,109,0,0,109,107,23771,1,0,0,1,2
2020-08-24,US,Wisconsin,Iron,110,1,0,46.26302338,-90.24295041,55051.0,1934.2359767891685,0.9090909090909092,109,108,1,0,107,106,5676,2,0,0,2,2
2020-08-24,US,Wisconsin,Jackson,71,1,0,44.31864893,-90.80566792,55053.0,343.9422564549726,1.4084507042253518,70,71,1,0,70,70,20478,0,0,0,0,1
2020-08-24,US,Wisconsin,Jefferson,824,6,0,43.02054068,-88.77529134,55055.0,972.0534629404616,0.7281553398058253,818,819,6,0,813,812,85129,5,0,0,5,7
2020-08-24,US,Wisconsin,Juneau,173,1,0,43.92456975,-90.11120239,55057.0,648.2557050249185,0.5780346820809249,172,171,1,0,170,169,26617,2,0,0,2,2
2020-08-24,US,Wisconsin,Kenosha,2874,61,0,42.57639354,-88.04051686,55059.0,1694.9652337506855,2.122477383437717,2813,2873,61,0,2812,2871,169290,1,0,0,1,2
2020-08-24,US,Wisconsin,Kewaunee,156,2,0,44.51727459,-87.61468386,55061.0,763.4334931976117,1.2820512820512822,154,156,2,0,154,156,20383,0,0,0,0,0
2020-08-24,US,Wisconsin,La Crosse,1047,1,0,43.90632465,-91.11451093,55063.0,887.1678416485901,0.09551098376313276,1046,1038,1,0,1037,1030,118230,9,0,0,9,8
2020-08-24,US,Wisconsin,Lafayette,182,0,0,42.66005229,-90.1317729,55065.0,1092.1092109210922,0.0,182,181,0,0,181,180,16665,1,0,0,1,1
2020-08-24,US,Wisconsin,Langlade,76,2,0,45.26271619,-89.07483625,55067.0,396.0602428474647,2.631578947368421,74,76,2,0,74,76,19268,0,0,0,0,0
2020-08-24,US,Wisconsin,Lincoln,76,1,0,45.33737523,-89.73411273,55069.0,275.4321748269489,1.3157894736842106,75,76,1,0,75,75,27689,0,0,0,0,1
2020-08-24,US,Wisconsin,Manitowoc,457,1,0,44.11946801,-87.80928853,55071.0,578.6201744723414,0.2188183807439825,456,452,1,0,451,446,79074,5,0,0,5,6
2020-08-24,US,Wisconsin,Marathon,733,13,0,44.89792533,-89.75863384,55073.0,540.1939686938066,1.7735334242837653,720,731,13,0,718,722,135428,2,0,0,2,9
2020-08-24,US,Wisconsin,Marinette,565,6,0,45.38553432,-88.03324599999998,55075.0,1400.2478314745972,1.0619469026548674,559,563,6,0,557,558,40434,2,0,0,2,5
2020-08-24,US,Wisconsin,Marquette,82,1,0,43.81911946,-89.40073763,55077.0,526.5185565686402,1.2195121951219512,81,82,1,0,81,82,15434,0,0,0,0,0
2020-08-24,US,Wisconsin,Menominee,28,0,0,45.00422544,-88.70950714,55078.0,614.5741878841087,0.0,28,28,0,0,28,28,4658,0,0,0,0,0
2020-08-24,US,Wisconsin,Milwaukee,23281,479,0,43.00486062,-87.96733172,55079.0,2461.7066676817603,2.0574717580859927,22802,23209,479,0,22730,23144,948201,72,0,0,72,65
2020-08-24,US,Wisconsin,Monroe,266,2,0,43.94641218,-90.61881899999999,55081.0,575.0978314920112,0.7518796992481203,264,266,2,0,264,265,46051,0,0,0,0,1
2020-08-24,US,Wisconsin,Oconto,372,1,0,45.02715345,-88.26807503,55083.0,980.7540205641973,0.26881720430107525,371,358,1,0,357,353,37830,14,0,0,14,5
2020-08-24,US,Wisconsin,Oneida,193,0,0,45.70677897,-89.51944105,55085.0,542.2109846888608,0.0,193,192,0,0,192,191,35470,1,0,0,1,1
2020-08-24,US,Wisconsin,Outagamie,1576,17,0,44.41578887,-88.46565023,55087.0,838.8109747984139,1.0786802030456852,1559,1550,17,0,1533,1537,187365,26,0,0,26,13
2020-08-24,US,Wisconsin,Ozaukee,853,18,0,43.38352225,-87.94625009,55089.0,956.0529471761133,2.1101992966002343,835,853,18,0,835,840,89147,0,0,0,0,13
2020-08-24,US,Wisconsin,Pepin,47,0,0,44.58307413,-91.99949611,55091.0,644.9842184712502,0.0,47,46,0,0,46,46,7289,1,0,0,1,0
2020-08-24,US,Wisconsin,Pierce,271,4,0,44.71850291,-92.4224416,55093.0,633.8588202273471,1.4760147601476017,267,270,4,0,266,266,42555,1,0,0,1,4
2020-08-24,US,Wisconsin,Polk,156,2,0,45.46130348,-92.44182875,55095.0,356.30267455405067,1.2820512820512822,154,156,2,0,154,153,43598,0,0,0,0,3
2020-08-24,US,Wisconsin,Portage,512,0,0,44.47558711,-89.50152965,55097.0,723.4499519584018,0.0,512,507,0,0,507,505,70942,5,0,0,5,2
2020-08-24,US,Wisconsin,Price,33,0,0,45.68051754,-90.36098879999999,55099.0,247.17249644221405,0.0,33,33,0,0,33,33,13397,0,0,0,0,0
2020-08-24,US,Wisconsin,Racine,3840,85,0,42.74753117,-88.05941254,55101.0,1956.0798936381561,2.2135416666666665,3755,3840,85,0,3755,3826,196584,0,0,0,0,14
2020-08-24,US,Wisconsin,Richland,41,4,0,43.3762778,-90.43012729,55103.0,237.65360537908646,9.75609756097561,37,41,4,0,37,41,17377,0,0,0,0,0
2020-08-24,US,Wisconsin,Rock,1571,26,0,42.67151616,-89.07147900000002,55105.0,961.7150483000113,1.6549968173138128,1545,1560,26,0,1534,1554,163129,11,0,0,11,6
2020-08-24,US,Wisconsin,Rusk,23,1,0,45.47498854,-91.1333012,55107.0,162.2231626463535,4.3478260869565215,22,23,1,0,22,23,14147,0,0,0,0,0
2020-08-24,US,Wisconsin,Sauk,590,3,0,43.42574087,-89.94966132,55111.0,915.5519692126253,0.5084745762711864,587,588,3,0,585,569,64249,2,0,0,2,19
2020-08-24,US,Wisconsin,Sawyer,143,0,0,45.87931905,-91.14504927,55113.0,863.6308732938762,0.0,143,142,0,0,142,140,16489,1,0,0,1,2
2020-08-24,US,Wisconsin,Shawano,234,0,0,44.78902246,-88.76443896,55115.0,572.1411281449424,0.0,234,231,0,0,231,229,40796,3,0,0,3,2
2020-08-24,US,Wisconsin,Sheboygan,939,8,0,43.72099677,-87.94579284,55117.0,814.1147910525402,0.8519701810436635,931,933,8,0,925,929,115456,6,0,0,6,4
2020-08-24,US,Wisconsin,St. Croix,591,6,0,45.03437474,-92.45000068,55109.0,651.6920837606272,1.0152284263959392,585,590,6,0,584,574,89694,1,0,0,1,16
2020-08-24,US,Wisconsin,Taylor,85,3,0,45.21179252,-90.5004405,55119.0,417.83414442314313,3.5294117647058822,82,83,3,0,80,81,20412,2,0,0,2,2
2020-08-24,US,Wisconsin,Trempealeau,395,2,0,44.30360275,-91.35893614,55121.0,1332.2540389220544,0.5063291139240507,393,395,2,0,393,395,29442,0,0,0,0,0
2020-08-24,US,Wisconsin,Vernon,86,0,0,43.59422667,-90.8324691,55123.0,279.0214781649471,0.0,86,86,0,0,86,86,30785,0,0,0,0,0
2020-08-24,US,Wisconsin,Vilas,93,0,0,46.05467334,-89.51719204,55125.0,419.0132912818202,0.0,93,90,0,0,90,89,21938,3,0,0,3,1
2020-08-24,US,Wisconsin,Walworth,1604,25,0,42.66858202,-88.54163073,55127.0,1544.2677244194556,1.5586034912718203,1579,1591,25,0,1566,1591,103718,13,0,0,13,0
2020-08-24,US,Wisconsin,Washburn,56,0,0,45.89838588,-91.79050449,55129.0,356.23409669211196,0.0,56,55,0,0,55,55,15878,1,0,0,1,0
2020-08-24,US,Wisconsin,Washington,1460,26,0,43.36863664,-88.22974712,55131.0,1073.2610964905832,1.7808219178082192,1434,1458,26,0,1432,1441,135693,2,0,0,2,17
2020-08-24,US,Wisconsin,Waukesha,5267,70,0,43.01833055,-88.30431188,55133.0,1303.0742358942896,1.3290298082399847,5197,5213,70,0,5143,5213,403072,54,0,0,54,0
2020-08-24,US,Wisconsin,Waupaca,593,17,0,44.47068056,-88.96534501,55135.0,1162.9731319866644,2.866779089376054,576,592,17,0,575,580,51128,1,0,0,1,12
2020-08-24,US,Wisconsin,Waushara,135,1,0,44.11324419,-89.24317107,55137.0,552.3053634987522,0.7407407407407407,134,133,1,0,132,133,24263,2,0,0,2,0
2020-08-24,US,Wisconsin,Winnebago,1371,20,0,44.06886922,-88.64477096,55139.0,797.5242427591662,1.4587892049598834,1351,1361,20,0,1341,1350,171020,10,0,0,10,11
2020-08-24,US,Wisconsin,Wood,418,2,0,44.45537896,-90.04158336,55141.0,572.6105837066261,0.4784688995215311,416,417,2,0,415,413,73055,1,0,0,1,4
2020-08-24,US,Wyoming,Albany,127,0,0,41.65498705,-105.72354150000001,56001.0,326.64609053497935,0.0,127,127,0,0,127,125,38601,0,0,0,0,2
2020-08-24,US,Wyoming,Big Horn,39,0,0,44.52405055,-107.9960365,56003.0,330.7888040712468,0.0,39,38,0,0,38,38,11881,1,0,0,1,0
2020-08-24,US,Wyoming,Campbell,164,0,0,44.24886082,-105.54744040000001,56005.0,353.8982758248635,0.0,164,162,0,0,162,161,46140,2,0,0,2,1
2020-08-24,US,Wyoming,Carbon,185,0,0,41.69357844,-106.9326084,56007.0,1250.0,0.0,185,184,0,0,184,183,14971,1,0,0,1,1
2020-08-24,US,Wyoming,Converse,36,0,0,42.97272268,-105.5081848,56009.0,260.4543481406453,0.0,36,36,0,0,36,35,13640,0,0,0,0,1
2020-08-24,US,Wyoming,Crook,14,0,0,44.58855102,-104.56977049999999,56011.0,184.59915611814347,0.0,14,13,0,0,13,13,7450,1,0,0,1,0
2020-08-24,US,Wyoming,Fremont,574,0,0,43.04183996,-108.6296893,56013.0,1462.0106466977409,0.0,574,572,0,0,572,569,39531,2,0,0,2,3
2020-08-24,US,Wyoming,Goshen,46,0,0,42.08798185,-104.3534743,56015.0,348.1946862463099,0.0,46,44,0,0,44,40,13376,2,0,0,2,4
2020-08-24,US,Wyoming,Hot Springs,28,0,0,43.71930657,-108.44231740000001,56017.0,634.4890097439384,0.0,28,27,0,0,27,26,4555,1,0,0,1,1
2020-08-24,US,Wyoming,Johnson,27,1,0,44.04057166,-106.58451740000001,56019.0,319.7158081705151,3.703703703703704,26,27,1,0,26,27,8460,0,0,0,0,0
2020-08-24,US,Wyoming,Laramie,545,0,0,41.30702520000001,-104.6887497,56021.0,547.7386934673367,0.0,545,541,0,0,541,539,98976,4,0,0,4,2
2020-08-24,US,Wyoming,Lincoln,108,0,0,42.26376367,-110.6563997,56023.0,544.6293494704994,0.0,108,107,0,0,107,107,19434,1,0,0,1,0
2020-08-24,US,Wyoming,Natrona,273,0,0,42.96180148,-106.79788500000001,56025.0,341.8567958125673,0.0,273,267,0,0,267,264,79115,6,0,0,6,3
2020-08-24,US,Wyoming,Niobrara,2,0,0,43.05607708,-104.47588959999999,56027.0,84.88964346349746,0.0,2,2,0,0,2,2,2388,0,0,0,0,0
2020-08-24,US,Wyoming,Park,158,0,0,44.52157546,-109.58528249999999,56029.0,541.2070973487703,0.0,158,158,0,0,158,156,29324,0,0,0,0,2
2020-08-24,US,Wyoming,Platte,7,0,0,42.13299116,-104.96633100000001,56031.0,83.40283569641367,0.0,7,7,0,0,7,7,8566,0,0,0,0,0
2020-08-24,US,Wyoming,Sheridan,121,0,0,44.79048913,-106.8862389,56033.0,396.9165163195013,0.0,121,117,0,0,117,113,30233,4,0,0,4,4
2020-08-24,US,Wyoming,Sublette,48,0,0,42.76558279,-109.91309220000001,56035.0,488.2514494964907,0.0,48,48,0,0,48,46,9813,0,0,0,0,2
2020-08-24,US,Wyoming,Sweetwater,290,0,0,41.65943896,-108.8827882,56037.0,684.8829794771273,0.0,290,290,0,0,290,290,43051,0,0,0,0,0
2020-08-24,US,Wyoming,Teton,409,0,0,43.93522482,-110.5890801,56039.0,1743.0958063416297,0.0,409,409,0,0,409,401,23081,0,0,0,0,8
2020-08-24,US,Wyoming,Uinta,283,0,0,41.2878183,-110.54757820000002,56041.0,1399.189162464155,0.0,283,283,0,0,283,283,20299,0,0,0,0,0
2020-08-24,US,Wyoming,Unassigned,0,36,0,0.0,0.0,90056.0,0.0,0.0,-36,0,36,0,-36,0,,0,0,0,0,0
2020-08-24,US,Wyoming,Washakie,108,0,0,43.90451606,-107.68018700000002,56043.0,1383.7283792440744,0.0,108,108,0,0,108,107,7885,0,0,0,0,1
2020-08-24,US,Wyoming,Weston,11,0,0,43.83961191,-104.56748809999999,56045.0,158.79890284394398,0.0,11,11,0,0,11,11,6967,0,0,0,0,0
