Date,Country/Region,Province/State,Admin2,Confirmed,Deaths,Recovered,Latitude,Longitude,FIPS,Incidence_Rate,Case-Fatality_Ratio,Active Cases,Previous Confirmed,Previous Deaths,Previous Recovered,Previous Active,Prev2 Confirmed,Population,Daily Confirmed,Daily Deaths,Daily Recovered,Daily Active,Previous Daily Confirmed
2020-10-27,US,Alabama,Autauga,2082,31,0,32.53952745,-86.64408227,1001.0,3726.574665735917,1.4889529298751203,2051,2074,31,0,2043,2059,55601,8,0,0,8,15
2020-10-27,US,Alabama,Baldwin,6712,69,0,30.72774991,-87.72207058,1003.0,3006.7104473332915,1.0280095351609058,6643,6694,69,0,6625,6658,218022,18,0,0,18,36
2020-10-27,US,Alabama,Barbour,1042,9,0,31.868263,-85.3871286,1005.0,4221.015960463421,0.8637236084452975,1033,1033,9,0,1024,1033,24881,9,0,0,9,0
2020-10-27,US,Alabama,Bibb,850,15,0,32.99642064,-87.12511459999996,1007.0,3795.659551665625,1.7647058823529411,835,843,14,0,829,840,22400,7,1,0,6,3
2020-10-27,US,Alabama,Blount,1972,25,0,33.98210918,-86.56790593,1009.0,3410.2306920762285,1.2677484787018256,1947,1942,25,0,1917,1932,57840,30,0,0,30,10
2020-10-27,US,Alabama,Bullock,650,17,0,32.10030533,-85.71265535,1011.0,6435.006435006436,2.6153846153846154,633,649,17,0,632,649,10138,1,0,0,1,0
2020-10-27,US,Alabama,Butler,1012,41,0,31.75300095,-86.68057478,1013.0,5203.619909502262,4.051383399209486,971,1013,40,0,973,1011,19680,-1,1,0,-2,2
2020-10-27,US,Alabama,Calhoun,4647,61,0,33.77483727,-85.82630386,1015.0,4090.488974957088,1.3126748439853668,4586,4621,61,0,4560,4599,114277,26,0,0,26,22
2020-10-27,US,Alabama,Chambers,1368,47,0,32.91360079,-85.39072749,1017.0,4113.790822156733,3.4356725146198834,1321,1352,44,0,1308,1350,33615,16,3,0,13,2
2020-10-27,US,Alabama,Cherokee,756,14,0,34.17805983,-85.60638968,1019.0,2885.9367842418687,1.851851851851852,742,745,14,0,731,738,26032,11,0,0,11,7
2020-10-27,US,Alabama,Chilton,1904,32,0,32.85044126,-86.7173256,1021.0,4285.585666696677,1.680672268907563,1872,1893,32,0,1861,1884,44153,11,0,0,11,9
2020-10-27,US,Alabama,Choctaw,393,12,0,32.02227341,-88.26564429999998,1023.0,3121.7729764079754,3.053435114503817,381,392,12,0,380,392,12841,1,0,0,1,0
2020-10-27,US,Alabama,Clarke,1366,17,0,31.68099859,-87.83548597,1025.0,5782.744898823131,1.2445095168374818,1349,1353,17,0,1336,1352,23920,13,0,0,13,1
2020-10-27,US,Alabama,Clay,753,12,0,33.26984193,-85.85836077,1027.0,5689.459765772574,1.593625498007968,741,749,12,0,737,744,13275,4,0,0,4,5
2020-10-27,US,Alabama,Cleburne,573,9,0,33.67679204,-85.52005899,1029.0,3843.058350100605,1.5706806282722514,564,573,8,0,565,569,14987,0,1,0,-1,4
2020-10-27,US,Alabama,Coffee,1807,11,0,31.39932826,-85.98901039,1031.0,3452.2945244736547,0.6087437742114001,1796,1795,11,0,1784,1771,51909,12,0,0,12,24
2020-10-27,US,Alabama,Colbert,2060,32,0,34.69847452,-87.80168544,1033.0,3729.114244854365,1.5533980582524272,2028,2041,32,0,2009,2021,54762,19,0,0,19,20
2020-10-27,US,Alabama,Conecuh,565,13,0,31.43401703,-86.99320044,1035.0,4682.191099693378,2.3008849557522124,552,561,13,0,548,561,12277,4,0,0,4,0
2020-10-27,US,Alabama,Coosa,209,3,0,32.93690146,-86.24847739,1037.0,1960.048766763575,1.4354066985645932,206,205,3,0,202,204,10715,4,0,0,4,1
2020-10-27,US,Alabama,Covington,1759,29,0,31.247785399999998,-86.45050893,1039.0,4747.766471429728,1.648664013644116,1730,1755,29,0,1726,1747,36986,4,0,0,4,8
2020-10-27,US,Alabama,Crenshaw,609,30,0,31.72941803,-86.31593104,1041.0,4422.015683996515,4.9261083743842375,579,609,30,0,579,608,13824,0,0,0,0,1
2020-10-27,US,Alabama,Cullman,2557,25,0,34.13020303,-86.86888037,1043.0,3052.47827332633,0.9777082518576456,2532,2508,24,0,2484,2480,83442,49,1,0,48,28
2020-10-27,US,Alabama,Dale,1789,52,0,31.43037123,-85.61095742,1045.0,3638.2494102334654,2.906651760760201,1737,1772,51,0,1721,1763,48956,17,1,0,16,9
2020-10-27,US,Alabama,Dallas,1881,27,0,32.32688101,-87.10866709999998,1047.0,5056.9953758468655,1.4354066985645932,1854,1872,27,0,1845,1866,38310,9,0,0,9,6
2020-10-27,US,Alabama,DeKalb,3492,28,0,34.45946862,-85.80782906,1049.0,4883.028260595976,0.8018327605956472,3464,3461,29,0,3432,3426,71385,31,-1,0,32,35
2020-10-27,US,Alabama,Elmore,3246,53,0,32.59785413,-86.14415284,1051.0,3997.0939181617796,1.6327788046826863,3193,3227,53,0,3174,3208,81887,19,0,0,19,19
2020-10-27,US,Alabama,Escambia,1749,31,0,31.1256789,-87.15918694,1053.0,4774.383752354434,1.7724413950829043,1718,1730,30,0,1700,1727,36748,19,1,0,18,3
2020-10-27,US,Alabama,Etowah,4341,51,0,34.04567266,-86.04051873,1055.0,4244.729534165135,1.1748445058742223,4290,4312,51,0,4261,4285,102501,29,0,0,29,27
2020-10-27,US,Alabama,Fayette,589,13,0,33.72076938,-87.73886638,1057.0,3613.0536130536134,2.2071307300509337,576,584,13,0,571,577,16433,5,0,0,5,7
2020-10-27,US,Alabama,Franklin,2064,32,0,34.44235334,-87.84289505,1059.0,6581.212932848671,1.5503875968992251,2032,2061,31,0,2030,2055,31363,3,1,0,2,6
2020-10-27,US,Alabama,Geneva,921,7,0,31.09389027,-85.83572839,1061.0,3505.766815119333,0.760043431053203,914,916,7,0,909,906,26314,5,0,0,5,10
2020-10-27,US,Alabama,Greene,346,16,0,32.85504247,-87.95684022,1063.0,4265.8118604364445,4.624277456647398,330,346,16,0,330,342,8233,0,0,0,0,4
2020-10-27,US,Alabama,Hale,777,30,0,32.76039258,-87.63284988,1065.0,5303.392259913999,3.8610038610038613,747,777,30,0,747,768,14726,0,0,0,0,9
2020-10-27,US,Alabama,Henry,723,6,0,31.51148016,-85.24267944,1067.0,4202.2667829119455,0.8298755186721992,717,719,6,0,713,717,17209,4,0,0,4,2
2020-10-27,US,Alabama,Houston,4193,34,0,31.15197924,-85.29939599,1069.0,3960.0687557847414,0.8108752683043167,4159,4180,34,0,4146,4170,104722,13,0,0,13,10
2020-10-27,US,Alabama,Jackson,2194,17,0,34.78144169,-85.99750489,1071.0,4249.79661410917,0.7748404740200547,2177,2175,15,0,2160,2159,51736,19,2,0,17,16
2020-10-27,US,Alabama,Jefferson,23573,377,0,33.55554728,-86.89506300000002,1073.0,3579.4057758213594,1.5992873202392568,23196,23443,377,0,23066,23292,659300,130,0,0,130,151
2020-10-27,US,Alabama,Lamar,508,5,0,33.77995024,-88.09668032,1075.0,3679.826149945672,0.9842519685039369,503,506,5,0,501,496,13844,2,0,0,2,10
2020-10-27,US,Alabama,Lauderdale,2338,42,0,34.90171875,-87.65624729,1077.0,2521.3255831509023,1.7964071856287425,2296,2313,42,0,2271,2294,92387,25,0,0,25,19
2020-10-27,US,Alabama,Lawrence,869,33,0,34.52041498,-87.31069453,1079.0,2639.411979103389,3.79746835443038,836,861,32,0,829,858,32957,8,1,0,7,3
2020-10-27,US,Alabama,Lee,6571,65,0,32.60154883,-85.35132246,1081.0,3993.5092559954296,0.989194947496576,6506,6550,65,0,6485,6546,163941,21,0,0,21,4
2020-10-27,US,Alabama,Limestone,2936,31,0,34.81185586,-86.98310072,1083.0,2968.2050245159985,1.055858310626703,2905,2893,30,0,2863,2872,96174,43,1,0,42,21
2020-10-27,US,Alabama,Lowndes,716,28,0,32.1597283,-86.65158371,1085.0,7361.710878058811,3.910614525139665,688,714,28,0,686,713,9974,2,0,0,2,1
2020-10-27,US,Alabama,Macon,539,20,0,32.38759944,-85.69267724,1087.0,2983.1746734558337,3.710575139146568,519,537,20,0,517,536,18439,2,0,0,2,1
2020-10-27,US,Alabama,Madison,9422,98,0,34.76327133,-86.55069633,1089.0,2526.6217763583068,1.0401188707280833,9324,9394,96,0,9298,9350,366519,28,2,0,26,44
2020-10-27,US,Alabama,Marengo,1026,22,0,32.24767634,-87.78796182,1091.0,5439.219636325081,2.1442495126705654,1004,1025,22,0,1003,1019,19066,1,0,0,1,6
2020-10-27,US,Alabama,Marion,1103,31,0,34.13697363,-87.88704173,1093.0,3712.679659362482,2.8105167724388034,1072,1097,29,0,1068,1081,29763,6,2,0,4,16
2020-10-27,US,Alabama,Marshall,4426,51,0,34.36975964,-86.30486727,1095.0,4573.542480418294,1.1522819701762317,4375,4411,50,0,4361,4395,96109,15,1,0,14,16
2020-10-27,US,Alabama,Mobile,16994,316,0,30.78472347,-88.20842409,1097.0,4112.678783185305,1.8594798164057904,16678,16934,315,0,16619,16916,413757,60,1,0,59,18
2020-10-27,US,Alabama,Monroe,655,10,0,31.56729412,-87.36995001,1099.0,3159.2147783726427,1.5267175572519085,645,648,10,0,638,646,21067,7,0,0,7,2
2020-10-27,US,Alabama,Montgomery,10352,198,0,32.2206831,-86.20969272,1101.0,4570.7019418418795,1.9126738794435856,10154,10298,197,0,10101,10250,225763,54,1,0,53,48
2020-10-27,US,Alabama,Morgan,4223,35,0,34.45500589,-86.85475946,1103.0,3528.6056868790693,0.8287946957139475,4188,4182,35,0,4147,4164,119089,41,0,0,41,18
2020-10-27,US,Alabama,Perry,595,6,0,32.64048341,-87.29770589,1105.0,6668.160932421833,1.0084033613445378,589,593,6,0,587,592,9140,2,0,0,2,1
2020-10-27,US,Alabama,Pickens,869,18,0,33.28094866,-88.08818103,1107.0,4360.260913196186,2.071346375143844,851,860,18,0,842,852,19938,9,0,0,9,8
2020-10-27,US,Alabama,Pike,1345,14,0,31.80396383,-85.9408295,1109.0,4061.726158120433,1.0408921933085502,1331,1344,13,0,1331,1341,33338,1,1,0,0,3
2020-10-27,US,Alabama,Randolph,835,16,0,33.29526734,-85.45708831,1111.0,3674.852565795265,1.916167664670659,819,829,16,0,813,827,22725,6,0,0,6,2
2020-10-27,US,Alabama,Russell,1960,3,0,32.28725256,-85.18415324,1113.0,3381.5841686651365,0.15306122448979592,1957,1953,3,0,1950,1949,57781,7,0,0,7,4
2020-10-27,US,Alabama,Shelby,7504,65,0,33.26879845,-86.66232561,1117.0,3446.913670981433,0.8662046908315565,7439,7436,63,0,7373,7390,215707,68,2,0,66,46
2020-10-27,US,Alabama,St. Clair,3040,42,0,33.71902176,-86.31029372,1115.0,3396.1926892483693,1.381578947368421,2998,2999,42,0,2957,2955,88690,41,0,0,41,44
2020-10-27,US,Alabama,Sumter,474,21,0,32.59117397,-88.19916205,1119.0,3814.2753681499958,4.4303797468354436,453,473,21,0,452,472,12691,1,0,0,1,1
2020-10-27,US,Alabama,Talladega,2714,37,0,33.37823223,-86.16886178,1121.0,3393.433194128385,1.3633014001473842,2677,2674,35,0,2639,2664,79828,40,2,0,38,10
2020-10-27,US,Alabama,Tallapoosa,1339,87,0,32.86698258,-85.79833053,1123.0,3317.0659201823273,6.4973861090365945,1252,1330,87,0,1243,1329,40497,9,0,0,9,1
2020-10-27,US,Alabama,Tuscaloosa,10462,140,0,33.28726072,-87.52556818,1125.0,4997.253468988082,1.3381762569298414,10322,10414,140,0,10274,10345,208911,48,0,0,48,69
2020-10-27,US,Alabama,Walker,2837,93,0,33.80270512,-87.30027177,1127.0,4466.2395113427065,3.2781106802960878,2744,2823,92,0,2731,2794,63711,14,1,0,13,29
2020-10-27,US,Alabama,Washington,751,12,0,31.4092794,-88.20689944,1129.0,4600.024500796277,1.5978695073235685,739,749,12,0,737,749,16378,2,0,0,2,0
2020-10-27,US,Alabama,Wilcox,570,12,0,31.98773215,-87.30891118,1131.0,5495.035187506025,2.1052631578947367,558,570,12,0,558,568,10627,0,0,0,0,2
2020-10-27,US,Alabama,Winston,940,13,0,34.15030532,-87.37325922,1133.0,3978.1624275254985,1.3829787234042554,927,937,13,0,924,929,23660,3,0,0,3,8
2020-10-27,US,Alaska,Aleutians East,16,0,0,55.32222414,-161.9722021,2013.0,479.47258016182195,0.0,16,6,0,0,6,6,3515,10,0,0,10,0
2020-10-27,US,Alaska,Aleutians West,97,0,0,52.3233,-174.1596,2016.0,1721.6897408590698,0.0,97,5,0,0,5,5,5723,92,0,0,92,0
2020-10-27,US,Alaska,Anchorage,7612,43,0,61.14998174,-149.14269860000005,2020.0,2643.055555555556,0.5648975302154493,7569,7216,42,0,7174,7060,291538,396,1,0,395,156
2020-10-27,US,Alaska,Bethel,402,1,0,60.90980451,-159.8561831,2050.0,2186.44620907212,0.24875621890547264,401,384,1,0,383,382,18216,18,0,0,18,2
2020-10-27,US,Alaska,Bristol Bay plus Lake and Peninsula,105,0,0,58.62403337,-156.21405890000003,2164.0,2611.9402985074626,0.0,105,38,0,0,38,38,,67,0,0,67,0
2020-10-27,US,Alaska,Denali,31,0,0,63.67264044,-150.0076108,2068.0,1478.3023366714353,0.0,31,22,0,0,22,22,2059,9,0,0,9,0
2020-10-27,US,Alaska,Dillingham,54,0,0,59.79603738,-158.23819419999995,2070.0,1098.454027664768,0.0,54,29,0,0,29,27,5000,25,0,0,25,2
2020-10-27,US,Alaska,Fairbanks North Star,2140,14,0,64.80726247,-146.5692662,2090.0,2209.6252929818584,0.6542056074766355,2126,2011,13,0,1998,1966,98971,129,1,0,128,45
2020-10-27,US,Alaska,Haines,12,0,0,59.09893571,-135.4679843,2100.0,474.30830039525694,0.0,12,6,0,0,6,6,2474,6,0,0,6,0
2020-10-27,US,Alaska,Juneau,535,3,0,58.45031811,-134.200436,2110.0,1673.2345030337146,0.5607476635514018,532,434,3,0,431,426,32113,101,0,0,101,8
2020-10-27,US,Alaska,Kenai Peninsula,942,3,0,60.24429722,-151.53888840000005,2122.0,1604.551338829461,0.3184713375796178,939,731,3,0,728,694,58533,211,0,0,211,37
2020-10-27,US,Alaska,Ketchikan Gateway,81,0,0,55.57445008,-130.975561,2130.0,582.6918926695921,0.0,81,61,0,0,61,60,13918,20,0,0,20,1
2020-10-27,US,Alaska,Kodiak Island,98,0,0,57.65529415,-153.7493579,2150.0,753.9621480227727,0.0,98,53,0,0,53,52,13345,45,0,0,45,1
2020-10-27,US,Alaska,Kusilvak,208,0,0,62.15429159999999,-163.39678830000003,2158.0,2501.804185710849,0.0,208,192,0,0,192,183,8303,16,0,0,16,9
2020-10-27,US,Alaska,Matanuska-Susitna,1224,2,0,62.31305045,-149.5741743,2170.0,1130.0165255684706,0.16339869281045752,1222,1144,2,0,1142,1064,107610,80,0,0,80,80
2020-10-27,US,Alaska,Nome,133,0,0,64.90320724,-164.0353804,2180.0,1329.468212714914,0.0,133,125,0,0,125,125,10008,8,0,0,8,0
2020-10-27,US,Alaska,North Slope,266,0,0,69.31479216,-153.4836093,2185.0,2705.4515866558177,0.0,266,236,0,0,236,235,9872,30,0,0,30,1
2020-10-27,US,Alaska,Northwest Arctic,238,0,0,67.04919196,-159.7503946,2188.0,3122.9497441280682,0.0,238,224,0,0,224,223,7671,14,0,0,14,1
2020-10-27,US,Alaska,Petersburg,17,1,0,57.13978948,-132.9540995,2195.0,520.514390691978,5.882352941176472,16,12,1,0,11,11,3221,5,0,0,5,1
2020-10-27,US,Alaska,Prince of Wales-Hyder,35,0,0,55.76261984,-133.0511621,2198.0,564.2431081734644,0.0,35,34,0,0,34,34,6422,1,0,0,1,0
2020-10-27,US,Alaska,Sitka,75,0,0,57.24124555,-135.3206587,2220.0,883.0801836806783,0.0,75,59,0,0,59,59,8647,16,0,0,16,0
2020-10-27,US,Alaska,Skagway,8,0,0,59.56149996,-135.33377480000001,2230.0,676.2468300929838,0.0,8,8,0,0,8,8,1148,0,0,0,0,0
2020-10-27,US,Alaska,Southeast Fairbanks,74,0,0,63.87692095,-143.2127643,2240.0,1073.5528797330626,0.0,74,59,0,0,59,56,6918,15,0,0,15,3
2020-10-27,US,Alaska,Unassigned,62,0,0,0.0,0.0,90002.0,0.0,0.0,62,3,0,0,3,3,,59,0,0,59,0
2020-10-27,US,Alaska,Valdez-Cordova,163,1,0,61.47502768,-144.7126799,2261.0,1771.3540534666377,0.6134969325153374,162,112,1,0,111,111,9164,51,0,0,51,1
2020-10-27,US,Alaska,Wrangell,19,0,0,56.3202004,-132.05837309999998,2275.0,759.3924860111911,0.0,19,13,0,0,13,13,2503,6,0,0,6,0
2020-10-27,US,Alaska,Yakutat,37,0,0,59.890980799999994,-140.36014509999998,2282.0,6390.328151986183,0.0,37,30,0,0,30,30,604,7,0,0,7,0
2020-10-27,US,Alaska,Yukon-Koyukuk,114,2,0,65.50815459,-151.39073869999999,2290.0,2179.732313575526,1.7543859649122806,112,109,2,0,107,109,5327,5,0,0,5,0
2020-10-27,US,Arizona,Apache,3890,169,0,35.39465006,-109.4892383,4001.0,5411.27046614826,4.344473007712082,3721,3885,169,0,3716,3874,71818,5,0,0,5,11
2020-10-27,US,Arizona,Cochise,2125,73,0,31.87934684,-109.7516088,4003.0,1687.5526119343722,3.4352941176470586,2052,2121,73,0,2048,2122,126770,4,0,0,4,-1
2020-10-27,US,Arizona,Coconino,5121,147,0,35.83883429,-111.77071780000001,4005.0,3569.238060720957,2.8705330990041014,4974,5090,147,0,4943,5068,142854,31,0,0,31,22
2020-10-27,US,Arizona,Gila,1907,70,0,33.80190085,-110.8132779,4007.0,3530.3047132437337,3.6706869428421607,1837,1863,70,0,1793,1861,53889,44,0,0,44,2
2020-10-27,US,Arizona,Graham,1162,28,0,32.93166885,-109.8882178,4009.0,2991.9921724129053,2.409638554216868,1134,1151,28,0,1123,1120,38072,11,0,0,11,31
2020-10-27,US,Arizona,Greenlee,103,1,0,33.21498827,-109.2405279,4011.0,1084.4388292272058,0.9708737864077671,102,102,1,0,101,102,9483,1,0,0,1,0
2020-10-27,US,Arizona,La Paz,616,17,0,33.72854224,-113.98100290000001,4012.0,2918.324805760849,2.75974025974026,599,613,17,0,596,613,21098,3,0,0,3,0
2020-10-27,US,Arizona,Maricopa,155458,3557,0,33.34835867,-112.49181540000001,4013.0,3465.856217508573,2.2880778087972318,151901,154722,3541,0,151181,154182,4410824,736,16,0,720,540
2020-10-27,US,Arizona,Mohave,4313,230,0,35.70471703,-113.7577902,4015.0,2032.6984979804972,5.332715047530721,4083,4272,230,0,4042,4272,209550,41,0,0,41,0
2020-10-27,US,Arizona,Navajo,6307,238,0,35.3997715,-110.3218983,4017.0,5685.875013522772,3.7735849056603774,6069,6307,238,0,6069,6310,110445,0,0,0,0,-3
2020-10-27,US,Arizona,Pima,27703,636,0,32.0971334,-111.7890033,4019.0,2645.2358922502976,2.2957802404071757,27067,27575,636,0,26939,27484,1039073,128,0,0,128,91
2020-10-27,US,Arizona,Pinal,11832,217,0,32.90525627,-111.3449483,4021.0,2556.672695331998,1.834009465855308,11615,11743,217,0,11526,11700,447138,89,0,0,89,43
2020-10-27,US,Arizona,Santa Cruz,2995,65,0,31.52508998,-110.8479088,4023.0,6441.137253215192,2.1702838063439067,2930,2981,65,0,2916,2978,46511,14,0,0,14,3
2020-10-27,US,Arizona,Unassigned,1,1,0,0.0,0.0,90004.0,0.0,100.0,0,0,1,0,-1,0,,1,0,0,1,0
2020-10-27,US,Arizona,Yavapai,2919,88,0,34.59933926,-112.5538588,4025.0,1241.60460061506,3.014731072285029,2831,2893,88,0,2805,2893,231993,26,0,0,26,0
2020-10-27,US,Arizona,Yuma,13670,354,0,32.76895712,-113.90666740000002,4027.0,6394.214802583881,2.5896122896854425,13316,13646,354,0,13292,13584,212128,24,0,0,24,62
2020-10-27,US,Arkansas,Arkansas,673,16,0,34.29145151,-91.37277296,5001.0,3848.793320370583,2.37741456166419,657,668,16,0,652,662,17769,5,0,0,5,6
2020-10-27,US,Arkansas,Ashley,539,11,0,33.19153461,-91.76984709999999,5003.0,2742.025741466144,2.0408163265306123,528,537,11,0,526,536,20046,2,0,0,2,1
2020-10-27,US,Arkansas,Baxter,668,10,0,36.28784385,-92.33782872,5005.0,1593.0554230659163,1.497005988023952,658,658,9,0,649,649,41619,10,1,0,9,9
2020-10-27,US,Arkansas,Benton,8177,118,0,36.33644656,-94.25680817,5007.0,2929.343951623015,1.4430720313073255,8059,8098,118,0,7980,8065,272608,79,0,0,79,33
2020-10-27,US,Arkansas,Boone,1040,33,0,36.3084504,-93.09374925,5009.0,2778.371446890361,3.1730769230769234,1007,1032,32,0,1000,1025,37480,8,1,0,7,7
2020-10-27,US,Arkansas,Bradley,370,8,0,33.46755808,-92.15980837,5011.0,3437.703242590356,2.1621621621621623,362,369,8,0,361,369,10897,1,0,0,1,0
2020-10-27,US,Arkansas,Calhoun,53,0,0,33.55598792,-92.49974403,5013.0,1021.3914048949704,0.0,53,49,0,0,49,48,5277,4,0,0,4,1
2020-10-27,US,Arkansas,Carroll,1000,15,0,36.34038560000001,-93.54270261,5015.0,3523.608174770965,1.5,985,992,15,0,977,987,28223,8,0,0,8,5
2020-10-27,US,Arkansas,Chicot,1050,22,0,33.26458973,-91.29539209,5017.0,10377.544969361534,2.095238095238096,1028,1049,22,0,1027,1049,10438,1,0,0,1,0
2020-10-27,US,Arkansas,Clark,497,5,0,34.04613432,-93.17484713,5019.0,2226.7025089605736,1.0060362173038229,492,495,5,0,490,493,22061,2,0,0,2,2
2020-10-27,US,Arkansas,Clay,490,12,0,36.36826212,-90.4148172,5021.0,3367.4661535289674,2.4489795918367347,478,482,13,0,469,480,14847,8,-1,0,9,2
2020-10-27,US,Arkansas,Cleburne,461,15,0,35.53864922,-92.02640019,5023.0,1849.9939804968094,3.2537960954446854,446,455,15,0,440,454,24965,6,0,0,6,1
2020-10-27,US,Arkansas,Cleveland,234,13,0,33.89723187,-92.18537045,5025.0,2941.1764705882347,5.5555555555555545,221,233,13,0,220,231,8018,1,0,0,1,2
2020-10-27,US,Arkansas,Columbia,704,21,0,33.21230701,-93.22642793,5027.0,3001.2363047278004,2.9829545454545454,683,696,20,0,676,690,23537,8,1,0,7,6
2020-10-27,US,Arkansas,Conway,346,3,0,35.26205537,-92.70506566,5029.0,1659.7908471649234,0.8670520231213873,343,344,3,0,341,342,20891,2,0,0,2,2
2020-10-27,US,Arkansas,Craighead,4544,45,0,35.83018283,-90.63235729,5031.0,4118.47877315738,0.9903169014084507,4499,4472,43,0,4429,4432,108558,72,2,0,70,40
2020-10-27,US,Arkansas,Crawford,2035,26,0,35.58928601,-94.2446814,5033.0,3217.035268824004,1.2776412776412776,2009,2018,25,0,1993,2007,63406,17,1,0,16,11
2020-10-27,US,Arkansas,Crittenden,2397,52,0,35.21247318,-90.30839406,5035.0,4998.4360337816715,2.1693783896537338,2345,2367,51,0,2316,2349,48342,30,1,0,29,18
2020-10-27,US,Arkansas,Cross,587,22,0,35.29631396,-90.77185818,5037.0,3575.126377976734,3.7478705281090288,565,579,22,0,557,577,16676,8,0,0,8,2
2020-10-27,US,Arkansas,Dallas,179,5,0,33.97042763,-92.65167437,5039.0,2553.859323726637,2.793296089385475,174,179,5,0,174,179,7182,0,0,0,0,0
2020-10-27,US,Arkansas,Desha,410,7,0,33.83011025,-91.25500948,5041.0,3608.837250242056,1.7073170731707317,403,410,7,0,403,408,11512,0,0,0,0,2
2020-10-27,US,Arkansas,Drew,430,7,0,33.59035001,-91.71777921,5043.0,2360.173445304353,1.627906976744186,423,429,7,0,422,429,18328,1,0,0,1,0
2020-10-27,US,Arkansas,Faulkner,3358,35,0,35.14719007,-92.33717519,5045.0,2664.931313339735,1.042287075640262,3323,3320,31,0,3289,3310,124806,38,4,0,34,10
2020-10-27,US,Arkansas,Franklin,529,3,0,35.51202821,-93.89299569,5047.0,2986.169912503528,0.5671077504725898,526,522,3,0,519,521,17810,7,0,0,7,1
2020-10-27,US,Arkansas,Fulton,323,9,0,36.38177105,-91.81729127,5049.0,2588.7633245171114,2.7863777089783284,314,319,9,0,310,315,12269,4,0,0,4,4
2020-10-27,US,Arkansas,Garland,2457,66,0,34.57692074,-93.14921604,5051.0,2472.179180166221,2.686202686202686,2391,2448,64,0,2384,2441,99154,9,2,0,7,7
2020-10-27,US,Arkansas,Grant,364,4,0,34.29017991,-92.42320562,5053.0,1992.88256227758,1.0989010989010992,360,360,4,0,356,359,18188,4,0,0,4,1
2020-10-27,US,Arkansas,Greene,1507,19,0,36.11735460000001,-90.55832668,5055.0,3324.875896304468,1.26078301260783,1488,1466,17,0,1449,1447,45325,41,2,0,39,19
2020-10-27,US,Arkansas,Hempstead,554,5,0,33.73325583,-93.66935133,5057.0,2572.914731562326,0.9025270758122744,549,547,5,0,542,542,21741,7,0,0,7,5
2020-10-27,US,Arkansas,Hot Spring,2208,36,0,34.31709259,-92.95396325,5059.0,6538.154037487784,1.6304347826086956,2172,2203,36,0,2167,2190,33701,5,0,0,5,13
2020-10-27,US,Arkansas,Howard,582,14,0,34.09007427,-93.9934871,5061.0,4408.42296621724,2.405498281786941,568,578,14,0,564,577,13341,4,0,0,4,1
2020-10-27,US,Arkansas,Independence,1466,51,0,35.74242707,-91.57001641,5063.0,3875.743555849306,3.4788540245566164,1415,1457,47,0,1410,1451,37678,9,4,0,5,6
2020-10-27,US,Arkansas,Izard,556,2,0,36.09604046,-91.90847954,5065.0,4079.5362829261135,0.3597122302158273,554,556,2,0,554,556,13593,0,0,0,0,0
2020-10-27,US,Arkansas,Jackson,760,6,0,35.59802983,-91.21494602,5067.0,4545.726419044201,0.7894736842105263,754,750,6,0,744,747,16811,10,0,0,10,3
2020-10-27,US,Arkansas,Jefferson,4194,102,0,34.26767081,-91.92619839,5069.0,6276.188195857776,2.4320457796852653,4092,4160,102,0,4058,4136,68114,34,0,0,34,24
2020-10-27,US,Arkansas,Johnson,1017,8,0,35.56759135,-93.46036368,5071.0,3826.473022800813,0.7866273352999017,1009,1013,8,0,1005,1012,26742,4,0,0,4,1
2020-10-27,US,Arkansas,Lafayette,172,3,0,33.24116713,-93.60677071,5073.0,2596.618357487923,1.7441860465116281,169,170,3,0,167,168,6682,2,0,0,2,2
2020-10-27,US,Arkansas,Lawrence,823,17,0,36.04188196,-91.10867198,5075.0,5016.457393636474,2.0656136087484813,806,808,17,0,791,804,16434,15,0,0,15,4
2020-10-27,US,Arkansas,Lee,1110,18,0,34.78498904,-90.78383866,5077.0,12532.460200970983,1.6216216216216215,1092,1110,18,0,1092,1108,8985,0,0,0,0,2
2020-10-27,US,Arkansas,Lincoln,2315,17,0,33.95317155,-91.74002806,5079.0,17774.87714987715,0.734341252699784,2298,2306,17,0,2289,2306,13383,9,0,0,9,0
2020-10-27,US,Arkansas,Little River,451,38,0,33.70375665,-94.23468591,5081.0,3678.929765886288,8.425720620842572,413,447,38,0,409,447,12326,4,0,0,4,0
2020-10-27,US,Arkansas,Logan,594,4,0,35.21413234,-93.71951016,5083.0,2767.1666821950994,0.6734006734006734,590,592,3,0,589,585,21737,2,1,0,1,7
2020-10-27,US,Arkansas,Lonoke,1752,28,0,34.75392199,-91.88742357,5085.0,2389.8839160266816,1.5981735159817352,1724,1723,26,0,1697,1702,73657,29,2,0,27,21
2020-10-27,US,Arkansas,Madison,430,6,0,36.01038185,-93.72524943,5087.0,2594.111969111969,1.3953488372093024,424,426,6,0,420,426,16481,4,0,0,4,0
2020-10-27,US,Arkansas,Marion,153,2,0,36.26844485,-92.68451899,5089.0,916.4969450101833,1.30718954248366,151,151,2,0,149,149,16722,2,0,0,2,2
2020-10-27,US,Arkansas,Miller,1435,16,0,33.31403423,-93.89285258,5091.0,3317.3821578010497,1.1149825783972125,1419,1419,16,0,1403,1388,43592,16,0,0,16,31
2020-10-27,US,Arkansas,Mississippi,2297,68,0,35.76271485,-90.05194370000002,5093.0,5650.537502152471,2.9603831084022634,2229,2267,68,0,2199,2225,41239,30,0,0,30,42
2020-10-27,US,Arkansas,Monroe,212,1,0,34.6815935,-91.20540287,5095.0,3163.706909416505,0.4716981132075472,211,212,1,0,211,211,6900,0,0,0,0,1
2020-10-27,US,Arkansas,Montgomery,183,8,0,34.53704874,-93.65824478,5097.0,2036.5012241264194,4.371584699453551,175,182,8,0,174,182,8924,1,0,0,1,0
2020-10-27,US,Arkansas,Nevada,301,14,0,33.66340119,-93.30632432,5099.0,3647.600581677169,4.651162790697675,287,299,14,0,285,293,8326,2,0,0,2,6
2020-10-27,US,Arkansas,Newton,307,19,0,35.91947491,-93.21612969,5101.0,3959.757513220689,6.188925081433225,288,306,20,0,286,305,7805,1,-1,0,2,1
2020-10-27,US,Arkansas,Ouachita,379,9,0,33.58839816,-92.87795984,5103.0,1620.9049696347618,2.3746701846965697,370,377,9,0,368,374,23606,2,0,0,2,3
2020-10-27,US,Arkansas,Perry,137,0,0,34.945915299999996,-92.94372564,5105.0,1310.3778096604494,0.0,137,137,0,0,137,136,10352,0,0,0,0,1
2020-10-27,US,Arkansas,Phillips,746,16,0,34.43268455,-90.84800154,5107.0,4195.253627263525,2.1447721179624666,730,741,16,0,725,741,18029,5,0,0,5,0
2020-10-27,US,Arkansas,Pike,267,1,0,34.16250414,-93.65789349,5109.0,2491.136406045904,0.3745318352059925,266,266,1,0,265,263,10673,1,0,0,1,3
2020-10-27,US,Arkansas,Poinsett,1071,20,0,35.57433534,-90.66268713,5111.0,4552.023121387283,1.8674136321195145,1051,1039,18,0,1021,1031,23974,32,2,0,30,8
2020-10-27,US,Arkansas,Polk,358,5,0,34.48254879,-94.22728802,5113.0,1793.2278100581045,1.3966480446927374,353,354,5,0,349,354,20049,4,0,0,4,0
2020-10-27,US,Arkansas,Pope,2725,38,0,35.44871474,-93.03212219,5115.0,4253.0278436758645,1.3944954128440368,2687,2707,37,0,2670,2704,64000,18,1,0,17,3
2020-10-27,US,Arkansas,Prairie,224,4,0,34.83624419,-91.55162157,5117.0,2778.46688166708,1.7857142857142858,220,207,4,0,203,205,8074,17,0,0,17,2
2020-10-27,US,Arkansas,Pulaski,11997,209,0,34.77054088,-92.31355101,5119.0,3061.154190619809,1.7421021922147204,11788,11830,209,0,11621,11777,392680,167,0,0,167,53
2020-10-27,US,Arkansas,Randolph,650,24,0,36.3415714,-91.02455531,5121.0,3619.55674351264,3.692307692307693,626,640,24,0,616,639,17948,10,0,0,10,1
2020-10-27,US,Arkansas,Saline,2854,29,0,34.64916145,-92.67583224,5125.0,2330.994715649681,1.0161177295024526,2825,2790,29,0,2761,2779,121421,64,0,0,64,11
2020-10-27,US,Arkansas,Scott,219,1,0,34.85588887,-94.0632176,5127.0,2130.142982200175,0.45662100456620996,218,213,1,0,212,209,10319,6,0,0,6,4
2020-10-27,US,Arkansas,Searcy,199,1,0,35.9109364,-92.69936482,5129.0,2525.060271539145,0.5025125628140703,198,198,1,0,197,198,7958,1,0,0,1,0
2020-10-27,US,Arkansas,Sebastian,4849,93,0,35.19605503,-94.27162713,5131.0,3793.4082783762433,1.9179212208702825,4756,4820,92,0,4728,4784,127753,29,1,0,28,36
2020-10-27,US,Arkansas,Sevier,1351,16,0,33.99780401,-94.2424869,5133.0,7943.787852060916,1.1843079200592157,1335,1341,16,0,1325,1335,17139,10,0,0,10,6
2020-10-27,US,Arkansas,Sharp,361,10,0,36.16258158,-91.47819342,5135.0,2069.7167755991286,2.770083102493075,351,358,10,0,348,358,17366,3,0,0,3,0
2020-10-27,US,Arkansas,St. Francis,1760,10,0,35.02201976,-90.74828138,5123.0,7041.6900056013465,0.5681818181818182,1750,1750,10,0,1740,1704,25439,10,0,0,10,46
2020-10-27,US,Arkansas,Stone,401,21,0,35.86251946,-92.15684085,5137.0,3206.4608987685906,5.236907730673316,380,398,21,0,377,398,12457,3,0,0,3,0
2020-10-27,US,Arkansas,Unassigned,2098,0,0,0.0,0.0,90005.0,0.0,0.0,2098,2205,0,0,2205,2192,,-107,0,0,-107,13
2020-10-27,US,Arkansas,Union,1122,49,0,33.16887091,-92.59746952,5139.0,2900.5739103458973,4.3672014260249545,1073,1120,49,0,1071,1118,39126,2,0,0,2,2
2020-10-27,US,Arkansas,Van Buren,210,3,0,35.58095779,-92.51295036,5141.0,1269.2656391659116,1.4285714285714286,207,209,3,0,206,207,16603,1,0,0,1,2
2020-10-27,US,Arkansas,Washington,11468,150,0,35.976844,-94.21800746,5143.0,4794.574955996774,1.3079874433205438,11318,11392,150,0,11242,11345,236961,76,0,0,76,47
2020-10-27,US,Arkansas,White,1478,32,0,35.25688493,-91.74908296,5145.0,1876.7539014386755,2.165087956698241,1446,1452,32,0,1420,1447,78727,26,0,0,26,5
2020-10-27,US,Arkansas,Woodruff,120,0,0,35.18902527,-91.2439489,5147.0,1898.73417721519,0.0,120,116,0,0,116,114,6490,4,0,0,4,2
2020-10-27,US,Arkansas,Yell,1341,31,0,35.00292371,-93.41171338,5149.0,6283.679302750574,2.3117076808351977,1310,1339,31,0,1308,1339,21535,2,0,0,2,0
2020-10-27,US,California,Alameda,23471,462,0,37.64629437,-121.8929271,6001.0,1404.3315229975672,1.9683865195347452,23009,23391,461,0,22930,23312,1666753,80,1,0,79,79
2020-10-27,US,California,Alpine,3,0,0,38.59678594,-119.82235940000001,6003.0,265.72187776793623,0.0,3,3,0,0,3,3,1101,0,0,0,0,0
2020-10-27,US,California,Amador,331,16,0,38.44583082,-120.65696000000001,6005.0,832.6625075467903,4.833836858006042,315,330,16,0,314,328,39383,1,0,0,1,2
2020-10-27,US,California,Butte,3095,52,0,39.66727762,-121.6005252,6007.0,1412.042739956019,1.680129240710824,3043,3087,52,0,3035,3078,231256,8,0,0,8,9
2020-10-27,US,California,Calaveras,342,18,0,38.20537103,-120.55291299999999,6009.0,745.0168826925171,5.2631578947368425,324,342,18,0,324,342,45602,0,0,0,0,0
2020-10-27,US,California,Colusa,551,6,0,39.17881957,-122.2331726,6011.0,2557.200538358008,1.088929219600726,545,550,6,0,544,550,21627,1,0,0,1,0
2020-10-27,US,California,Contra Costa,18763,242,0,37.91923498,-121.9289527,6013.0,1626.5779878390258,1.2897724244523796,18521,18694,242,0,18452,18621,1150215,69,0,0,69,73
2020-10-27,US,California,Del Norte,180,1,0,41.74228275,-123.89740630000001,6015.0,647.2026463397094,0.5555555555555556,179,178,1,0,177,178,27828,2,0,0,2,0
2020-10-27,US,California,El Dorado,1351,4,0,38.77965956,-120.5233166,6017.0,700.5698936440524,0.2960769800148039,1347,1328,4,0,1324,1317,190678,23,0,0,23,11
2020-10-27,US,California,Fresno,30969,439,0,36.75733899,-119.6466953,6019.0,3099.686618269824,1.4175465788369015,30530,30858,436,0,30422,30752,994400,111,3,0,108,106
2020-10-27,US,California,Glenn,671,3,0,39.59875897,-122.3938452,6021.0,2363.258549642517,0.44709388971684055,668,657,3,0,654,657,28047,14,0,0,14,0
2020-10-27,US,California,Humboldt,568,10,0,40.69923009,-123.876044,6023.0,419.0088375455525,1.7605633802816902,558,567,10,0,557,562,136373,1,0,0,1,5
2020-10-27,US,California,Imperial,12967,336,0,33.0393082,-115.36690420000001,6025.0,7155.588665397456,2.591193028456852,12631,12882,336,0,12546,12700,181827,85,0,0,85,182
2020-10-27,US,California,Inyo,231,15,0,36.51112084,-117.41119779999998,6027.0,1280.558789289872,6.493506493506493,216,227,15,0,212,227,17987,4,0,0,4,0
2020-10-27,US,California,Kern,33928,416,0,35.34329425,-118.72777959999999,6029.0,3768.931861959871,1.2261259136995992,33512,33881,416,0,33465,33813,896764,47,0,0,47,68
2020-10-27,US,California,Kings,8264,83,0,36.07409056,-119.8159973,6031.0,5403.426180201386,1.0043562439496612,8181,8246,83,0,8163,8228,151366,18,0,0,18,18
2020-10-27,US,California,Lake,698,16,0,39.10124298,-122.75362439999999,6033.0,1084.0866026776007,2.292263610315186,682,695,15,0,680,696,64382,3,1,0,2,-1
2020-10-27,US,California,Lassen,766,1,0,40.67311306,-120.59350990000002,6035.0,2505.4786903476925,0.13054830287206268,765,766,1,0,765,766,30802,0,0,0,0,0
2020-10-27,US,California,Los Angeles,302077,7027,0,34.30828379,-118.22824109999999,6037.0,3009.0026931678285,2.326228080919765,295050,300614,7000,0,293614,299760,10105518,1463,27,0,1436,854
2020-10-27,US,California,Madera,5037,74,0,37.21513971,-119.76655890000002,6039.0,3201.611929293764,1.4691284494738932,4963,5020,74,0,4946,4981,157672,17,0,0,17,39
2020-10-27,US,California,Marin,7096,129,0,38.07122463,-122.72106310000001,6041.0,2741.610193720878,1.8179255918827508,6967,7089,128,0,6961,7074,259666,7,1,0,6,15
2020-10-27,US,California,Mariposa,79,2,0,37.57978556,-119.9073334,6043.0,459.222228681044,2.5316455696202533,77,78,2,0,76,78,17471,1,0,0,1,0
2020-10-27,US,California,Mendocino,1136,21,0,39.4381191,-123.39113130000001,6045.0,1309.5251818464767,1.8485915492957747,1115,1129,21,0,1108,1127,87606,7,0,0,7,2
2020-10-27,US,California,Merced,9531,155,0,37.18922369,-120.72090349999999,6047.0,3432.3681936041485,1.6262721645157905,9376,9465,155,0,9310,9465,274765,66,0,0,66,0
2020-10-27,US,California,Modoc,36,0,0,41.58965602,-120.7244817,6049.0,407.1937563624023,0.0,36,29,0,0,29,29,8777,7,0,0,7,0
2020-10-27,US,California,Mono,180,2,0,37.93899289,-118.8872409,6051.0,1246.1921905289396,1.1111111111111112,178,180,2,0,178,180,14250,0,0,0,0,0
2020-10-27,US,California,Monterey,11419,90,0,36.21862405,-121.24133970000001,6053.0,2630.736232925787,0.7881600840704089,11329,11399,91,0,11308,11372,435594,20,-1,0,21,27
2020-10-27,US,California,Napa,1966,16,0,38.50735751,-122.33283899999999,6055.0,1427.2853990010453,0.8138351983723296,1950,1962,15,0,1947,1957,139417,4,1,0,3,5
2020-10-27,US,California,Nevada,623,8,0,39.30394768,-120.76272809999999,6057.0,624.5300987419178,1.2841091492776886,615,616,8,0,608,608,99696,7,0,0,7,8
2020-10-27,US,California,Orange,58980,1454,0,33.70147516,-117.76459979999998,6059.0,1857.2330062235253,2.465242455069515,57526,58725,1447,0,57278,58573,3185968,255,7,0,248,152
2020-10-27,US,California,Placer,4207,57,0,39.06167234,-120.72405690000001,6061.0,1056.1621172447901,1.3548847159496078,4150,4178,57,0,4121,4093,393149,29,0,0,29,85
2020-10-27,US,California,Plumas,70,0,0,40.00355989,-120.8395236,6063.0,372.20183974052213,0.0,70,68,0,0,68,68,18804,2,0,0,2,0
2020-10-27,US,California,Riverside,66993,1303,0,33.74314981,-115.9933578,6065.0,2711.667785177852,1.9449793261982595,65690,66732,1295,0,65437,65902,2450758,261,8,0,253,830
2020-10-27,US,California,Sacramento,25601,491,0,38.45106826,-121.34253740000001,6067.0,1649.4873258602454,1.9178938322721768,25110,25445,484,0,24961,25372,1540975,156,7,0,149,73
2020-10-27,US,California,San Benito,1442,15,0,36.60308176,-121.069975,6069.0,2295.885874410903,1.0402219140083218,1427,1442,15,0,1427,1437,61537,0,0,0,0,5
2020-10-27,US,California,San Bernardino,63367,1073,0,34.84060306,-116.1774685,6071.0,2906.6297873706762,1.6933103981567692,62294,62774,1072,0,61702,62619,2171603,593,1,0,592,155
2020-10-27,US,California,San Diego,55210,877,0,33.03484597,-116.73653259999999,6073.0,1653.8209224372665,1.5884803477630864,54333,54941,870,0,54071,54583,3343364,269,7,0,262,358
2020-10-27,US,California,San Francisco,12189,140,0,37.75215114,-122.43856720000001,6075.0,1382.6798056602634,1.1485765854458938,12049,12152,140,0,12012,12103,883305,37,0,0,37,49
2020-10-27,US,California,San Joaquin,21729,489,0,37.93433732,-121.2730061,6077.0,2851.0210615261076,2.25044870909844,21240,21630,489,0,21141,21630,752660,99,0,0,99,0
2020-10-27,US,California,San Luis Obispo,4174,32,0,35.38822029,-120.4039028,6079.0,1474.3333886708747,0.7666506947771922,4142,4141,32,0,4109,4141,284010,33,0,0,33,0
2020-10-27,US,California,San Mateo,11198,159,0,37.422880799999994,-122.32755459999998,6081.0,1460.7871657363355,1.4198964100732274,11039,11149,159,0,10990,11075,769545,49,0,0,49,74
2020-10-27,US,California,Santa Barbara,9827,122,0,34.65329488,-120.0188492,6083.0,2200.9007858920177,1.2414775618194769,9705,9814,120,0,9694,9781,446527,13,2,0,11,33
2020-10-27,US,California,Santa Clara,24425,392,0,37.23104908,-121.6970462,6085.0,1266.95410228586,1.6049129989764586,24033,24313,388,0,23925,24144,1937570,112,4,0,108,169
2020-10-27,US,California,Santa Cruz,2808,25,0,37.05580291,-122.0066524,6087.0,1027.7695424449057,0.8903133903133903,2783,2802,25,0,2777,2788,274255,6,0,0,6,14
2020-10-27,US,California,Shasta,1954,31,0,40.76391419,-122.0396884,6089.0,1085.0733007552199,1.586489252814739,1923,1889,30,0,1859,1878,180040,65,1,0,64,11
2020-10-27,US,California,Sierra,6,0,0,39.57713498,-120.52007009999998,6091.0,199.6672212978369,0.0,6,6,0,0,6,6,2987,0,0,0,0,0
2020-10-27,US,California,Siskiyou,205,0,0,41.59198861,-122.54074340000001,6093.0,470.84223339994026,0.0,205,193,0,0,193,193,43724,12,0,0,12,0
2020-10-27,US,California,Solano,7445,76,0,38.26827353,-121.9357113,6095.0,1663.1556843288067,1.0208193418401612,7369,7384,76,0,7308,7286,446610,61,0,0,61,98
2020-10-27,US,California,Sonoma,9494,136,0,38.52746429,-122.88625060000001,6097.0,1920.5560590367688,1.4324836738993048,9358,9402,136,0,9266,9312,499942,92,0,0,92,90
2020-10-27,US,California,Stanislaus,17714,398,0,37.55862499,-120.9970722,6099.0,3216.8670322885264,2.2468104324263294,17316,17686,397,0,17289,17629,549815,28,1,0,27,57
2020-10-27,US,California,Sutter,1865,12,0,39.03417539,-121.6945899,6101.0,1923.2554062554784,0.6434316353887399,1853,1837,12,0,1825,1837,96807,28,0,0,28,0
2020-10-27,US,California,Tehama,892,8,0,40.12570935,-122.23701709999999,6103.0,1370.5365373978245,0.8968609865470852,884,880,8,0,872,872,63916,12,0,0,12,8
2020-10-27,US,California,Trinity,27,0,0,40.64917670000001,-123.114713,6105.0,219.78021978021977,0.0,27,26,0,0,26,25,12535,1,0,0,1,1
2020-10-27,US,California,Tulare,17590,288,0,36.22026558,-118.8020203,6107.0,3773.099239588584,1.6372939169982943,17302,17495,286,0,17209,17495,465861,95,2,0,93,0
2020-10-27,US,California,Tuolumne,275,4,0,38.02644018,-119.95250929999999,6109.0,504.7909247769742,1.4545454545454546,271,271,4,0,267,269,54539,4,0,0,4,2
2020-10-27,US,California,Ventura,14330,165,0,34.44465746,-119.09106129999999,6111.0,1693.8414148363015,1.151430565247732,14165,14300,164,0,14136,14240,850967,30,1,0,29,60
2020-10-27,US,California,Yolo,3219,59,0,38.68278902,-121.90182879999999,6113.0,1459.8639455782309,1.8328673501087291,3160,3207,59,0,3148,3191,220408,12,0,0,12,16
2020-10-27,US,California,Yuba,1323,10,0,39.26255932,-121.35356440000001,6115.0,1681.751156760055,0.7558578987150416,1313,1293,10,0,1283,1293,78041,30,0,0,30,0
2020-10-27,US,Colorado,Adams,13945,257,0,39.87432092,-104.3362578,8001.0,2695.097415837393,1.842954463965579,13688,13724,256,0,13468,13344,511868,221,1,0,220,380
2020-10-27,US,Colorado,Alamosa,307,9,0,37.57250606,-105.7885451,8003.0,1891.209265077312,2.931596091205212,298,307,9,0,298,303,16683,0,0,0,0,4
2020-10-27,US,Colorado,Arapahoe,12654,380,0,39.64977461,-104.3353617,8005.0,1927.2300827000104,3.003003003003003,12274,12481,380,0,12101,12147,651215,173,0,0,173,334
2020-10-27,US,Colorado,Archuleta,67,0,0,37.19474156,-107.04768670000001,8007.0,477.58215125810824,0.0,67,66,0,0,66,65,13765,1,0,0,1,1
2020-10-27,US,Colorado,Baca,31,0,0,37.31940883,-102.5603223,8009.0,865.6799776598715,0.0,31,30,0,0,30,30,3585,1,0,0,1,0
2020-10-27,US,Colorado,Bent,14,0,0,37.95474293,-103.0720195,8011.0,251.03102026178948,0.0,14,15,0,0,15,15,5882,-1,0,0,-1,0
2020-10-27,US,Colorado,Boulder,5501,85,0,40.09313619,-105.3546767,8013.0,1686.4093980306318,1.5451736047991274,5416,5454,85,0,5369,5394,326078,47,0,0,47,60
2020-10-27,US,Colorado,Broomfield,947,41,0,39.95998787,-105.0566324,8014.0,1343.9296104449018,4.329461457233369,906,930,41,0,889,902,69267,17,0,0,17,28
2020-10-27,US,Colorado,Chaffee,394,20,0,38.74745778,-106.19265729999998,8015.0,1935.547258793476,5.076142131979696,374,393,20,0,373,391,20027,1,0,0,1,2
2020-10-27,US,Colorado,Cheyenne,15,0,0,38.82777431,-102.6032558,8017.0,819.2244675040961,0.0,15,15,0,0,15,15,1876,0,0,0,0,0
2020-10-27,US,Colorado,Clear Creek,71,1,0,39.68864463,-105.6463118,8019.0,731.9587628865979,1.4084507042253518,70,70,1,0,69,68,9605,1,0,0,1,2
2020-10-27,US,Colorado,Conejos,66,0,0,37.201606,-106.19174879999998,8021.0,804.3875685557588,0.0,66,66,0,0,66,66,8200,0,0,0,0,0
2020-10-27,US,Colorado,Costilla,36,1,0,37.27732493,-105.4276548,8023.0,926.164136866478,2.7777777777777777,35,36,1,0,35,36,3828,0,0,0,0,0
2020-10-27,US,Colorado,Crowley,91,1,0,38.32608609,-103.7844965,8025.0,1501.402408843425,1.0989010989010992,90,91,1,0,90,91,5858,0,0,0,0,0
2020-10-27,US,Colorado,Custer,21,0,0,38.10883162,-105.3683478,8027.0,414.3646408839778,0.0,21,20,0,0,20,20,4954,1,0,0,1,0
2020-10-27,US,Colorado,Delta,203,3,0,38.86246243,-107.86313419999999,8029.0,651.4344393812978,1.477832512315271,200,201,3,0,198,200,30953,2,0,0,2,1
2020-10-27,US,Colorado,Denver,18037,449,0,39.76018276,-104.87256950000001,8031.0,2480.2980152940477,2.489327493485613,17588,17787,449,0,17338,17407,716492,250,0,0,250,380
2020-10-27,US,Colorado,Dolores,3,0,0,37.75208676,-108.5211585,8033.0,145.98540145985402,0.0,3,3,0,0,3,3,2074,0,0,0,0,0
2020-10-27,US,Colorado,Douglas,3943,64,0,39.33133796,-104.930001,8035.0,1122.8691685129602,1.623129596753741,3879,3868,64,0,3804,3708,342776,75,0,0,75,160
2020-10-27,US,Colorado,Eagle,1428,10,0,39.62754308,-106.6933637,8037.0,2590.3822083552523,0.7002801120448179,1418,1426,10,0,1416,1414,54993,2,0,0,2,12
2020-10-27,US,Colorado,El Paso,10056,196,0,38.83240149,-104.5251411,8041.0,1395.885358611777,1.9490851233094668,9860,9898,194,0,9704,9739,713856,158,2,0,156,159
2020-10-27,US,Colorado,Elbert,219,3,0,39.28656773,-104.13587209999999,8039.0,819.3348048935612,1.3698630136986298,216,215,3,0,212,204,26282,4,0,0,4,11
2020-10-27,US,Colorado,Fremont,673,1,0,38.47362326,-105.43996670000001,8043.0,1406.8019816467734,0.1485884101040119,672,669,1,0,668,663,48021,4,0,0,4,6
2020-10-27,US,Colorado,Garfield,1163,5,0,39.59921777,-107.902708,8045.0,1936.364695892509,0.4299226139294927,1158,1153,5,0,1148,1140,59770,10,0,0,10,13
2020-10-27,US,Colorado,Gilpin,28,0,0,39.85646523,-105.5252597,8047.0,448.5023226013135,0.0,28,28,0,0,28,29,6121,0,0,0,0,-1
2020-10-27,US,Colorado,Grand,153,1,0,40.10603347,-106.11780420000001,8049.0,972.4164230329224,0.6535947712418301,152,149,1,0,148,144,15525,4,0,0,4,5
2020-10-27,US,Colorado,Gunnison,306,7,0,38.66611652,-107.0320729,8051.0,1752.3765891650442,2.2875816993464047,299,306,7,0,299,305,17246,0,0,0,0,1
2020-10-27,US,Colorado,Hinsdale,3,0,0,37.82247444,-107.3004345,8053.0,365.8536585365854,0.0,3,3,0,0,3,3,811,0,0,0,0,0
2020-10-27,US,Colorado,Huerfano,33,2,0,37.68473101,-104.9612585,8055.0,478.4688995215312,6.0606060606060606,31,33,2,0,31,33,6889,0,0,0,0,0
2020-10-27,US,Colorado,Jackson,9,0,0,40.66593870000001,-106.3408905,8057.0,646.5517241379309,0.0,9,9,0,0,9,9,1399,0,0,0,0,0
2020-10-27,US,Colorado,Jefferson,8464,309,0,39.58635604,-105.2517692,8059.0,1452.0974264043602,3.6507561436672966,8155,8333,307,0,8026,8071,580233,131,2,0,129,262
2020-10-27,US,Colorado,Kiowa,4,0,0,38.43260896,-102.7392145,8061.0,284.4950213371266,0.0,4,4,0,0,4,4,1383,0,0,0,0,0
2020-10-27,US,Colorado,Kit Carson,131,3,0,39.30497777,-102.60221990000001,8063.0,1845.8503593067487,2.2900763358778624,128,130,3,0,127,130,7163,1,0,0,1,0
2020-10-27,US,Colorado,La Plata,364,2,0,37.28632032,-107.8429014,8067.0,647.4449049287633,0.5494505494505495,362,354,2,0,352,350,56310,10,0,0,10,4
2020-10-27,US,Colorado,Lake,133,0,0,39.20278823,-106.35556969999999,8065.0,1636.5202411714042,0.0,133,133,0,0,133,132,7824,0,0,0,0,1
2020-10-27,US,Colorado,Larimer,4071,57,0,40.66671597,-105.4625784,8069.0,1140.6588418572196,1.4001473839351508,4014,4013,56,0,3957,3930,350518,58,1,0,57,83
2020-10-27,US,Colorado,Las Animas,70,1,0,37.3153406,-104.03764579999999,8071.0,482.5589411278092,1.4285714285714286,69,70,1,0,69,69,14503,0,0,0,0,1
2020-10-27,US,Colorado,Lincoln,25,0,0,38.98749519,-103.51366490000001,8073.0,438.5195579722856,0.0,25,24,0,0,24,24,5610,1,0,0,1,0
2020-10-27,US,Colorado,Logan,1223,12,0,40.7249637,-103.110817,8075.0,5457.628631353474,0.98119378577269,1211,1213,12,0,1201,1194,21528,10,0,0,10,19
2020-10-27,US,Colorado,Mesa,1419,11,0,39.01787888,-108.469799,8077.0,920.1737889890406,0.7751937984496124,1408,1357,11,0,1346,1314,153207,62,0,0,62,43
2020-10-27,US,Colorado,Mineral,21,0,0,37.66954283,-106.92816979999999,8079.0,2730.8192457737327,0.0,21,21,0,0,21,21,776,0,0,0,0,0
2020-10-27,US,Colorado,Moffat,64,1,0,40.61810999,-108.2070876,8081.0,481.8188662199804,1.5625,63,62,1,0,61,62,13188,2,0,0,2,0
2020-10-27,US,Colorado,Montezuma,211,5,0,37.33859579,-108.59588570000001,8083.0,805.8664018638048,2.3696682464454977,206,200,5,0,195,196,26158,11,0,0,11,4
2020-10-27,US,Colorado,Montrose,470,13,0,38.40214114,-108.26390220000002,8085.0,1099.2095046541,2.765957446808511,457,463,13,0,450,459,42214,7,0,0,7,4
2020-10-27,US,Colorado,Morgan,856,48,0,40.26279810000001,-103.8093302,8087.0,2944.8190449979356,5.607476635514018,808,854,48,0,806,850,28558,2,0,0,2,4
2020-10-27,US,Colorado,Otero,139,6,0,37.9014485,-103.7173385,8089.0,760.47707626655,4.316546762589929,133,138,6,0,132,132,18432,1,0,0,1,6
2020-10-27,US,Colorado,Ouray,36,2,0,38.14717457,-107.7675136,8091.0,726.9789983844911,5.5555555555555545,34,38,2,0,36,37,4833,-2,0,0,-2,1
2020-10-27,US,Colorado,Park,95,1,0,39.120926000000004,-105.7182065,8093.0,504.1124966834704,1.0526315789473684,94,92,1,0,91,92,18556,3,0,0,3,0
2020-10-27,US,Colorado,Phillips,50,0,0,40.59414277,-102.3577703,8095.0,1172.3329425556858,0.0,50,48,0,0,48,48,4286,2,0,0,2,0
2020-10-27,US,Colorado,Pitkin,287,2,0,39.21720112,-106.9310027,8097.0,1615.3543085495585,0.6968641114982579,285,278,2,0,276,277,17950,9,0,0,9,1
2020-10-27,US,Colorado,Prowers,175,3,0,37.95544985,-102.3926052,8099.0,1437.7259283601709,1.7142857142857142,172,172,0,0,172,166,12164,3,3,0,0,6
2020-10-27,US,Colorado,Pueblo,2047,41,0,38.17359144,-104.5127437,8101.0,1215.3849807628367,2.002931118710308,2006,1982,41,0,1941,1904,167529,65,0,0,65,78
2020-10-27,US,Colorado,Rio Blanco,28,0,0,39.97913541,-108.2179009,8103.0,442.75774826059455,0.0,28,28,0,0,28,27,6336,0,0,0,0,1
2020-10-27,US,Colorado,Rio Grande,122,3,0,37.5836865,-106.3847838,8105.0,1082.8082009408006,2.459016393442623,119,121,3,0,118,120,11250,1,0,0,1,1
2020-10-27,US,Colorado,Routt,211,8,0,40.48596505,-106.9905548,8107.0,822.997113659412,3.791469194312796,203,204,8,0,196,202,25733,7,0,0,7,2
2020-10-27,US,Colorado,Saguache,135,2,0,38.08054629,-106.28246599999999,8109.0,1978.3118405627201,1.4814814814814814,133,135,2,0,133,133,6843,0,0,0,0,2
2020-10-27,US,Colorado,San Juan,7,0,0,37.76248981,-107.67632890000002,8111.0,961.5384615384617,0.0,7,11,0,0,11,11,762,-4,0,0,-4,0
2020-10-27,US,Colorado,San Miguel,102,0,0,38.00450883,-108.4020725,8113.0,1247.0962220320332,0.0,102,102,0,0,102,101,8191,0,0,0,0,1
2020-10-27,US,Colorado,Sedgwick,40,1,0,40.87595412,-102.3519227,8115.0,1779.3594306049822,2.5,39,40,1,0,39,40,2303,0,0,0,0,0
2020-10-27,US,Colorado,Summit,695,4,0,39.63803232,-106.1150762,8117.0,2241.1402405598014,0.5755395683453237,691,678,4,0,674,666,31007,17,0,0,17,12
2020-10-27,US,Colorado,Teller,223,4,0,38.88133511,-105.16148929999999,8119.0,878.3677327871436,1.7937219730941705,219,220,4,0,216,217,25083,3,0,0,3,3
2020-10-27,US,Colorado,Washington,96,0,0,39.97015535,-103.202587,8121.0,1955.9902200489005,0.0,96,96,0,0,96,94,4909,0,0,0,0,2
2020-10-27,US,Colorado,Weld,6065,160,0,40.55499405,-104.39296209999999,8123.0,1869.0753547082825,2.6380873866446826,5905,6004,159,0,5845,5895,314305,61,1,0,60,109
2020-10-27,US,Colorado,Yuma,214,1,0,40.00346839,-102.4258673,8125.0,2135.941710749576,0.4672897196261682,213,213,1,0,212,210,10020,1,0,0,1,3
2020-10-27,US,Connecticut,Fairfield,23090,1433,0,41.26809896,-73.3881171,9001.0,2447.706639868042,6.206149848419229,21657,22893,1431,0,21462,22322,943823,197,2,0,195,571
2020-10-27,US,Connecticut,Hartford,17672,1470,0,41.80283011,-72.73103891,9003.0,1981.788005203427,8.318243549117247,16202,17516,1469,0,16047,17062,892697,156,1,0,155,454
2020-10-27,US,Connecticut,Litchfield,2209,143,0,41.7937534,-73.2451475,9005.0,1224.9560535232042,6.473517428700769,2066,2192,143,0,2049,2116,181111,17,0,0,17,76
2020-10-27,US,Connecticut,Middlesex,1957,197,0,41.45949668,-72.53714864,9007.0,1204.782191139895,10.066428206438426,1760,1937,196,0,1741,1873,162682,20,1,0,19,64
2020-10-27,US,Connecticut,New Haven,16715,1126,0,41.408032500000004,-72.93620426,9009.0,1955.5265414614914,6.736464253664375,15589,16594,1126,0,15468,16073,857620,121,0,0,121,521
2020-10-27,US,Connecticut,New London,3695,140,0,41.48896435,-72.10430976,9011.0,1393.2565628228622,3.7889039242219216,3555,3660,138,0,3522,3456,266784,35,2,0,33,204
2020-10-27,US,Connecticut,Tolland,1738,68,0,41.85853803,-72.3308481,9013.0,1153.1239840499998,3.9125431530494814,1670,1724,68,0,1656,1689,150921,14,0,0,14,35
2020-10-27,US,Connecticut,Unassigned,153,0,0,0.0,0.0,90009.0,0.0,0.0,153,189,1,0,188,137,,-36,-1,0,-35,52
2020-10-27,US,Connecticut,Windham,1408,18,0,41.82972709,-71.98182316,9015.0,1205.6652566320151,1.2784090909090908,1390,1394,17,0,1377,1324,117027,14,1,0,13,70
2020-10-27,US,Delaware,Kent,3462,120,0,39.08646628,-75.56884914,10001.0,1914.9712920248248,3.466204506065858,3342,3447,120,0,3327,3422,178550,15,0,0,15,25
2020-10-27,US,Delaware,New Castle,12814,340,0,39.57992638,-75.64054974,10003.0,2293.3210202003393,2.6533479007335727,12474,12776,339,0,12437,12646,559335,38,1,0,37,130
2020-10-27,US,Delaware,Sussex,7882,226,0,38.66143781,-75.39031349,10005.0,3365.140356494823,2.8672925653387464,7656,7854,226,0,7628,7802,229286,28,0,0,28,52
2020-10-27,US,Delaware,Unassigned,91,0,0,0.0,0.0,90010.0,0.0,0.0,91,91,0,0,91,91,,0,0,0,0,0
2020-10-27,US,District of Columbia,District of Columbia,16906,644,0,38.90417773,-77.01655992,11001.0,2395.4692107250594,3.8092984739145863,16262,16812,642,0,16170,16767,702455,94,2,0,92,45
2020-10-27,US,Florida,Alachua,10196,74,0,29.67866525,-82.35928158,12001.0,3789.7287794144427,0.7257748136524127,10122,10114,74,0,10040,10044,269956,82,0,0,82,70
2020-10-27,US,Florida,Baker,1758,19,0,30.33060121,-82.28467476,12003.0,6018.4868195823365,1.080773606370876,1739,1752,19,0,1733,1750,28355,6,0,0,6,2
2020-10-27,US,Florida,Bay,6724,133,0,30.26548745,-85.62122584,12005.0,3848.7736470049513,1.9779892920880429,6591,6667,132,0,6535,6655,185287,57,1,0,56,12
2020-10-27,US,Florida,Bradford,1225,15,0,29.95079741,-82.16611613,12007.0,4343.8175951207395,1.2244897959183674,1210,1222,15,0,1207,1221,27732,3,0,0,3,1
2020-10-27,US,Florida,Brevard,11249,368,0,28.29409504,-80.73091022,12009.0,1868.784700187061,3.2714019023913234,10881,11083,366,0,10717,11055,596849,166,2,0,164,28
2020-10-27,US,Florida,Broward,84338,1520,0,26.15184651,-80.48725556,12011.0,4318.872908236369,1.8022718110460287,82818,83962,1521,0,82441,83450,1951260,376,-1,0,377,512
2020-10-27,US,Florida,Calhoun,707,14,0,30.40666734,-85.19394153,12013.0,5012.4069478908195,1.98019801980198,693,702,14,0,688,702,14587,5,0,0,5,0
2020-10-27,US,Florida,Charlotte,3588,157,0,26.90131002,-81.92949121,12015.0,1899.3171351437195,4.375696767001115,3431,3553,157,0,3396,3509,184998,35,0,0,35,44
2020-10-27,US,Florida,Citrus,3195,130,0,28.84804315,-82.47614748,12017.0,2134.881762964646,4.068857589984351,3065,3178,130,0,3048,3162,147929,17,0,0,17,16
2020-10-27,US,Florida,Clay,5993,119,0,29.98319144,-81.85609986,12019.0,2733.384416105668,1.9856499249123976,5874,5966,117,0,5849,5948,216072,27,2,0,25,18
2020-10-27,US,Florida,Collier,14247,255,0,26.11091986,-81.34687065,12021.0,3701.461670762948,1.7898504948410192,13992,14135,253,0,13882,14087,378488,112,2,0,110,48
2020-10-27,US,Florida,Columbia,4235,71,0,30.22509788,-82.62160164,12023.0,5907.708618140225,1.676505312868949,4164,4214,71,0,4143,4211,70503,21,0,0,21,3
2020-10-27,US,Florida,DeSoto,1662,29,0,27.18677893,-81.80941373,12027.0,4373.569116602194,1.7448856799037304,1633,1654,29,0,1625,1652,37489,8,0,0,8,2
2020-10-27,US,Florida,Dixie,887,11,0,29.60631086,-83.15724673,12029.0,5271.603470818971,1.2401352874859075,876,886,11,0,875,885,16700,1,0,0,1,1
2020-10-27,US,Florida,Duval,34619,515,0,30.33225875,-81.66976468,12031.0,3614.5987230554792,1.4876224038822612,34104,34462,513,0,33949,34260,950181,157,2,0,155,202
2020-10-27,US,Florida,Escambia,13375,269,0,30.67652764,-87.37284571,12033.0,4201.799469709345,2.011214953271028,13106,13328,269,0,13059,13296,315534,47,0,0,47,32
2020-10-27,US,Florida,Flagler,2103,38,0,29.45933576,-81.31508595,12035.0,1827.4085209548057,1.806942463147884,2065,2085,37,0,2048,2076,112067,18,1,0,17,9
2020-10-27,US,Florida,Franklin,759,4,0,29.83791238,-84.82731662,12037.0,6259.793814432989,0.5270092226613966,755,755,4,0,751,747,11736,4,0,0,4,8
2020-10-27,US,Florida,Gadsden,3058,55,0,30.57796289,-84.61915825,12039.0,6697.328077091545,1.7985611510791366,3003,3053,55,0,2998,3051,45894,5,0,0,5,2
2020-10-27,US,Florida,Gilchrist,603,18,0,29.72856978,-82.79880657,12041.0,3245.075879883759,2.985074626865672,585,604,18,0,586,602,18256,-1,0,0,-1,2
2020-10-27,US,Florida,Glades,599,6,0,26.95635849,-81.18996211,12043.0,4337.122583447977,1.001669449081803,593,597,6,0,591,595,13724,2,0,0,2,2
2020-10-27,US,Florida,Gulf,937,15,0,29.93543004,-85.24270990000002,12045.0,6870.005132341082,1.6008537886873,922,935,15,0,920,934,16164,2,0,0,2,1
2020-10-27,US,Florida,Hamilton,901,9,0,30.49673973,-82.94998918,12047.0,6244.801774327697,0.9988901220865704,892,901,9,0,892,901,14310,0,0,0,0,0
2020-10-27,US,Florida,Hardee,1584,16,0,27.49293939,-81.80956574,12049.0,5880.387570998998,1.0101010101010102,1568,1582,16,0,1566,1578,27245,2,0,0,2,4
2020-10-27,US,Florida,Hendry,2202,43,0,26.55386945,-81.16469006,12051.0,5240.112322116986,1.952770208900999,2159,2199,43,0,2156,2191,41556,3,0,0,3,8
2020-10-27,US,Florida,Hernando,3653,170,0,28.55364461,-82.42700204,12053.0,1883.766501650165,4.6537092800438,3483,3629,165,0,3464,3609,190865,24,5,0,19,20
2020-10-27,US,Florida,Highlands,2602,113,0,27.34254618,-81.34071957,12055.0,2449.609775844701,4.342813220599539,2489,2576,113,0,2463,2545,105424,26,0,0,26,31
2020-10-27,US,Florida,Hillsborough,47371,762,0,27.9276559,-82.32013172,12057.0,3218.2085480119126,1.6085790884718498,46609,47080,759,0,46321,46907,1436888,291,3,0,288,173
2020-10-27,US,Florida,Holmes,889,12,0,30.86747479,-85.81319222,12059.0,4531.783657032166,1.3498312710911136,877,886,12,0,874,885,19477,3,0,0,3,1
2020-10-27,US,Florida,Indian River,3764,125,0,27.69308961,-80.60556721,12061.0,2353.632685730008,3.3209351753453773,3639,3737,125,0,3612,3714,157413,27,0,0,27,23
2020-10-27,US,Florida,Jackson,3108,84,0,30.795459700000002,-85.21500423,12063.0,6696.255440168915,2.702702702702702,3024,3102,84,0,3018,3100,48305,6,0,0,6,2
2020-10-27,US,Florida,Jefferson,665,9,0,30.43669112,-83.89442308,12065.0,4667.9769759932615,1.3533834586466165,656,661,9,0,652,659,14288,4,0,0,4,2
2020-10-27,US,Florida,Lafayette,1275,16,0,29.98484137,-83.18166636,12067.0,15138.921871289482,1.2549019607843137,1259,1273,16,0,1257,1272,8732,2,0,0,2,1
2020-10-27,US,Florida,Lake,8520,226,0,28.76202069,-81.7125123,12069.0,2320.779694812022,2.652582159624413,8294,8479,225,0,8254,8445,356495,41,1,0,40,34
2020-10-27,US,Florida,Lee,23058,509,0,26.58410348,-81.88399313,12071.0,2992.303170221795,2.207476797640732,22549,22887,506,0,22381,22711,754610,171,3,0,168,176
2020-10-27,US,Florida,Leon,12137,114,0,30.45955727,-84.27491114,12073.0,4134.109039382523,0.9392765922386092,12023,12060,112,0,11948,11991,292502,77,2,0,75,69
2020-10-27,US,Florida,Levy,1129,12,0,29.31829741,-82.74007147,12075.0,2720.285280582127,1.0628875110717448,1117,1124,12,0,1112,1120,40770,5,0,0,5,4
2020-10-27,US,Florida,Liberty,534,11,0,30.23766008,-84.8829258,12077.0,6392.147474263826,2.059925093632959,523,533,11,0,522,532,8457,1,0,0,1,1
2020-10-27,US,Florida,Madison,1075,24,0,30.44396917,-83.47398594,12079.0,5813.010328232303,2.232558139534884,1051,1075,24,0,1051,1073,18529,0,0,0,0,2
2020-10-27,US,Florida,Manatee,13114,330,0,27.47196942,-82.31831044,12081.0,3252.052681567155,2.51639469269483,12784,13023,327,0,12696,12971,394855,91,3,0,88,52
2020-10-27,US,Florida,Marion,10755,347,0,29.21227113,-82.05803627,12083.0,2941.908588841263,3.2264063226406323,10408,10706,347,0,10359,10694,359977,49,0,0,49,12
2020-10-27,US,Florida,Martin,5316,164,0,27.0772071,-80.43109784,12085.0,3301.863354037267,3.085026335590669,5152,5296,164,0,5132,5287,160912,20,0,0,20,9
2020-10-27,US,Florida,Miami-Dade,183250,3624,0,25.6112362,-80.55170587,12086.0,6744.7201631246935,1.97762619372442,179626,182523,3615,0,178908,181942,2761581,727,9,0,718,581
2020-10-27,US,Florida,Monroe,2214,25,0,25.20904673,-81.07812416,12087.0,2982.701945357547,1.1291779584462511,2189,2199,25,0,2174,2186,75027,15,0,0,15,13
2020-10-27,US,Florida,Nassau,2457,51,0,30.61037141,-81.80297522,12089.0,2772.355430183357,2.075702075702076,2406,2441,50,0,2391,2429,85832,16,1,0,15,12
2020-10-27,US,Florida,Okaloosa,6244,130,0,30.69143028,-86.59267105,12091.0,2962.9207831525405,2.081998718770019,6114,6189,130,0,6059,6146,207269,55,0,0,55,43
2020-10-27,US,Florida,Okeechobee,1731,38,0,27.386336199999995,-80.88944347,12093.0,4105.008537279454,2.1952628538417103,1693,1724,38,0,1686,1714,41537,7,0,0,7,10
2020-10-27,US,Florida,Orange,45492,546,0,28.51367621,-81.31799498,12095.0,3264.698030502665,1.2002110261144816,44946,45242,546,0,44696,45042,1380645,250,0,0,250,200
2020-10-27,US,Florida,Osceola,14044,198,0,28.06312234,-81.14882926,12097.0,3737.5815367091504,1.4098547422386785,13846,13978,197,0,13781,13905,367990,66,1,0,65,73
2020-10-27,US,Florida,Palm Beach,51172,1565,0,26.64676272,-80.46536002,12099.0,3418.8285441316966,3.0583131399984365,49607,50816,1562,0,49254,50525,1485941,356,3,0,353,291
2020-10-27,US,Florida,Pasco,10717,236,0,28.30810945,-82.40227529,12101.0,1934.6616192523834,2.2021087991042267,10481,10637,236,0,10401,10600,539630,80,0,0,80,37
2020-10-27,US,Florida,Pinellas,25414,818,0,27.93130349,-82.72239666,12103.0,2606.574796204292,3.218698355237271,24596,25244,816,0,24428,25130,975280,170,2,0,168,114
2020-10-27,US,Florida,Polk,22762,615,0,27.95027105,-81.69732947,12105.0,3140.552197434521,2.7018715402864424,22147,22634,614,0,22020,22541,708009,128,1,0,127,93
2020-10-27,US,Florida,Putnam,2362,50,0,29.60779729,-81.74230285,12107.0,3169.5763610257513,2.116850127011008,2312,2355,50,0,2305,2355,74163,7,0,0,7,0
2020-10-27,US,Florida,Santa Rosa,5894,87,0,30.69341450000001,-87.02458128,12113.0,3197.821097806449,1.4760773668137088,5807,5876,86,0,5790,5863,179349,18,1,0,17,13
2020-10-27,US,Florida,Sarasota,9517,338,0,27.18546175,-82.33174248,12115.0,2194.1615061488164,3.5515393506357045,9179,9429,333,0,9096,9392,426718,88,5,0,83,37
2020-10-27,US,Florida,Seminole,10145,238,0,28.7158582,-81.24060348,12117.0,2150.1570494207613,2.345983242976836,9907,10094,237,0,9857,10044,467832,51,1,0,50,50
2020-10-27,US,Florida,St. Johns,6384,80,0,29.90096506,-81.43589967,12109.0,2412.0420747188973,1.2531328320802004,6304,6326,80,0,6246,6280,254261,58,0,0,58,46
2020-10-27,US,Florida,St. Lucie,8981,331,0,27.37763908,-80.47106649,12111.0,2735.632674072562,3.6855584010689233,8650,8922,329,0,8593,8893,321128,59,2,0,57,29
2020-10-27,US,Florida,Sumter,2869,85,0,28.70181754,-82.0794267,12119.0,2166.5911493732065,2.9627047751829907,2784,2855,84,0,2771,2849,128754,14,1,0,13,6
2020-10-27,US,Florida,Suwannee,2983,77,0,30.19746066,-82.99099670000003,12121.0,6715.897066438525,2.5812939993295343,2906,2976,77,0,2899,2972,44191,7,0,0,7,4
2020-10-27,US,Florida,Taylor,1459,16,0,30.04848048,-83.60445406,12123.0,6764.337706894154,1.0966415352981491,1443,1453,16,0,1437,1450,21623,6,0,0,6,3
2020-10-27,US,Florida,Unassigned,1856,0,0,0.0,0.0,90012.0,0.0,0.0,1856,1847,0,0,1847,1857,,9,0,0,9,-10
2020-10-27,US,Florida,Union,1126,43,0,30.04412971,-82.37497443,12125.0,7389.906149504493,3.818827708703375,1083,1121,43,0,1078,1118,14940,5,0,0,5,3
2020-10-27,US,Florida,Volusia,12589,318,0,29.05858895,-81.18263252,12127.0,2275.323342081101,2.5260147748034,12271,12520,316,0,12204,12453,547538,69,2,0,67,67
2020-10-27,US,Florida,Wakulla,1312,11,0,30.16548905,-84.39895211,12129.0,3888.674827351137,0.8384146341463414,1301,1306,11,0,1295,1300,32461,6,0,0,6,6
2020-10-27,US,Florida,Walton,2402,30,0,30.64204028,-86.16935664,12131.0,3242.834577634972,1.2489592006661117,2372,2368,29,0,2339,2357,71375,34,1,0,33,11
2020-10-27,US,Florida,Washington,1226,24,0,30.61359259,-85.66002461,12133.0,4812.939190515448,1.9575856443719413,1202,1222,24,0,1198,1216,24880,4,0,0,4,6
2020-10-27,US,Georgia,Appling,1159,37,0,31.74847232,-82.28909114,13001.0,6303.7093440661365,3.1924072476272647,1122,1160,36,0,1124,1162,18507,-1,1,0,-2,-2
2020-10-27,US,Georgia,Atkinson,482,6,0,31.29633502,-82.87545866,13003.0,5903.245560318433,1.2448132780082988,476,481,6,0,475,481,8297,1,0,0,1,0
2020-10-27,US,Georgia,Bacon,636,16,0,31.55456473,-82.45936528,13005.0,5696.882837692583,2.5157232704402515,620,634,16,0,618,634,11185,2,0,0,2,0
2020-10-27,US,Georgia,Baker,91,6,0,31.32669878,-84.44218806,13007.0,2995.391705069125,6.593406593406592,85,91,6,0,85,91,3092,0,0,0,0,0
2020-10-27,US,Georgia,Baldwin,2306,64,0,33.06882326,-83.24701748,13009.0,5137.0015593673415,2.7753686036426712,2242,2306,64,0,2242,2300,44823,0,0,0,0,6
2020-10-27,US,Georgia,Banks,556,8,0,34.35607081,-83.49644388,13011.0,2890.714359987522,1.4388489208633093,548,553,8,0,545,552,18988,3,0,0,3,1
2020-10-27,US,Georgia,Barrow,2602,51,0,33.99148694,-83.71436292,13013.0,3125.9010091302252,1.9600307455803228,2551,2579,50,0,2529,2570,80809,23,1,0,22,9
2020-10-27,US,Georgia,Bartow,3614,94,0,34.23732119,-84.83887523,13015.0,3354.4339044719604,2.6009961261759824,3520,3580,94,0,3486,3571,106408,34,0,0,34,9
2020-10-27,US,Georgia,Ben Hill,871,33,0,31.76095874,-83.22145359,13017.0,5215.56886227545,3.7887485648679684,838,871,33,0,838,870,16787,0,0,0,0,1
2020-10-27,US,Georgia,Berrien,491,13,0,31.27590016,-83.22529920000002,13019.0,2531.3192761767277,2.6476578411405294,478,491,13,0,478,490,19252,0,0,0,0,1
2020-10-27,US,Georgia,Bibb,6604,196,0,32.80904227,-83.70489165,13021.0,4311.858917856606,2.9678982434887953,6408,6594,194,0,6400,6576,153095,10,2,0,8,18
2020-10-27,US,Georgia,Bleckley,511,27,0,32.43829035,-83.33035166,13023.0,3969.5486677542144,5.283757338551859,484,513,27,0,486,513,12838,-2,0,0,-2,0
2020-10-27,US,Georgia,Brantley,455,13,0,31.19576557,-81.97743999,13025.0,2381.0769794337757,2.8571428571428568,442,446,13,0,433,445,18897,9,0,0,9,1
2020-10-27,US,Georgia,Brooks,552,27,0,30.83922642,-83.58303423,13027.0,3571.197515688685,4.891304347826087,525,552,27,0,525,552,15513,0,0,0,0,0
2020-10-27,US,Georgia,Bryan,1310,14,0,32.00979311,-81.44002948,13029.0,3305.8268352386,1.068702290076336,1296,1302,14,0,1288,1294,38109,8,0,0,8,8
2020-10-27,US,Georgia,Bulloch,3089,33,0,32.39577406,-81.74811421,13031.0,3880.263290121596,1.068306895435416,3056,3085,33,0,3052,3071,77296,4,0,0,4,14
2020-10-27,US,Georgia,Burke,886,12,0,33.05917989,-81.99928721,13033.0,3958.361256310593,1.3544018058690743,874,879,12,0,867,880,22423,7,0,0,7,-1
2020-10-27,US,Georgia,Butts,740,44,0,33.283094500000004,-83.95435040000002,13035.0,2967.5970484440168,5.945945945945946,696,742,44,0,698,739,24193,-2,0,0,-2,3
2020-10-27,US,Georgia,Calhoun,270,9,0,31.53169785,-84.62725131,13037.0,4362.578768783325,3.333333333333333,261,266,9,0,257,266,6352,4,0,0,4,0
2020-10-27,US,Georgia,Camden,1416,18,0,30.92951916,-81.66601818,13039.0,2590.2754911645266,1.2711864406779658,1398,1412,18,0,1394,1408,53677,4,0,0,4,4
2020-10-27,US,Georgia,Candler,545,24,0,32.40209349,-82.07702563,13043.0,5044.894936591688,4.403669724770642,521,541,24,0,517,539,10836,4,0,0,4,2
2020-10-27,US,Georgia,Carroll,3337,75,0,33.58138199,-85.07976677,13045.0,2781.018734582305,2.247527719508541,3262,3353,75,0,3278,3332,118121,-16,0,0,-16,21
2020-10-27,US,Georgia,Catoosa,1429,22,0,34.89872298,-85.13757014,13047.0,2114.530926309559,1.5395381385584326,1407,1413,22,0,1391,1410,67420,16,0,0,16,3
2020-10-27,US,Georgia,Charlton,646,10,0,30.78371028,-82.13951596,13049.0,4823.775388291518,1.547987616099071,636,646,10,0,636,646,12968,0,0,0,0,0
2020-10-27,US,Georgia,Chatham,9406,187,0,32.00043026,-81.12489526,13051.0,3249.8358843243627,1.9880927067829048,9219,9342,186,0,9156,9323,289195,64,1,0,63,19
2020-10-27,US,Georgia,Chattahoochee,1747,1,0,32.34341231,-84.78809239,13053.0,16017.236637022097,0.057240984544934176,1746,1743,1,0,1742,1742,10684,4,0,0,4,1
2020-10-27,US,Georgia,Chattooga,940,29,0,34.47197698,-85.34535662,13055.0,3792.0045181330433,3.0851063829787235,911,933,29,0,904,927,24790,7,0,0,7,6
2020-10-27,US,Georgia,Cherokee,7082,102,0,34.24393976,-84.47431861,13057.0,2736.7615632233656,1.4402711098559728,6980,7057,102,0,6955,7037,254149,25,0,0,25,20
2020-10-27,US,Georgia,Clarke,5729,48,0,33.95436462,-83.37124007,13059.0,4464.237012101518,0.837842555419794,5681,5708,47,0,5661,5699,127330,21,1,0,20,9
2020-10-27,US,Georgia,Clay,124,3,0,31.62221166,-84.97713865,13061.0,4375.441072688779,2.419354838709677,121,124,3,0,121,124,2887,0,0,0,0,0
2020-10-27,US,Georgia,Clayton,8200,175,0,33.54187245,-84.35594188,13063.0,2805.759334282273,2.1341463414634148,8025,8168,175,0,7993,8137,289615,32,0,0,32,31
2020-10-27,US,Georgia,Clinch,448,12,0,30.91395822,-82.70432472,13065.0,6769.4167422181945,2.6785714285714284,436,447,12,0,435,445,6648,1,0,0,1,2
2020-10-27,US,Georgia,Cobb,21867,454,0,33.94243204,-84.5761255,13067.0,2876.7031379704554,2.0761878629898933,21413,21814,454,0,21360,21750,756865,53,0,0,53,64
2020-10-27,US,Georgia,Coffee,2255,60,0,31.54892966,-82.85492059999999,13069.0,5211.101610704134,2.6607538802660757,2195,2244,60,0,2184,2242,43093,11,0,0,11,2
2020-10-27,US,Georgia,Colquitt,2123,39,0,31.18810588,-83.7677946,13071.0,4655.701754385965,1.8370230805463963,2084,2123,39,0,2084,2124,45592,0,0,0,0,-1
2020-10-27,US,Georgia,Columbia,4371,64,0,33.54534185,-82.263524,13073.0,2789.1573184271992,1.4641958361930907,4307,4351,64,0,4287,4330,154291,20,0,0,20,21
2020-10-27,US,Georgia,Cook,582,16,0,31.16068491,-83.42947229,13075.0,3370.005790387956,2.7491408934707904,566,582,16,0,566,582,17162,0,0,0,0,0
2020-10-27,US,Georgia,Coweta,2964,63,0,33.35334302,-84.76129976,13077.0,1995.83863604226,2.125506072874494,2901,2957,63,0,2894,2949,145864,7,0,0,7,8
2020-10-27,US,Georgia,Crawford,196,6,0,32.71391813,-83.98061238,13079.0,1580.1354401805868,3.0612244897959178,190,195,6,0,189,195,12318,1,0,0,1,0
2020-10-27,US,Georgia,Crisp,643,23,0,31.92289565,-83.76811843,13081.0,2874.128374754157,3.576982892690513,620,642,23,0,619,641,22601,1,0,0,1,1
2020-10-27,US,Georgia,Dade,355,6,0,34.854916700000004,-85.50490424,13083.0,2202.7798461156613,1.6901408450704225,349,348,6,0,342,344,16226,7,0,0,7,4
2020-10-27,US,Georgia,Dawson,911,11,0,34.44244079,-84.16964071,13085.0,3489.351922782289,1.2074643249176729,900,909,11,0,898,908,25083,2,0,0,2,1
2020-10-27,US,Georgia,DeKalb,21101,398,0,33.76944049,-84.22396017,13089.0,2779.0179600340844,1.8861665323918295,20703,21049,397,0,20652,20977,756558,52,1,0,51,72
2020-10-27,US,Georgia,Decatur,1292,34,0,30.87967778,-84.57619536,13087.0,4893.198000302985,2.631578947368421,1258,1291,34,0,1257,1288,26575,1,0,0,1,3
2020-10-27,US,Georgia,Dodge,609,19,0,32.17265114,-83.16948926,13091.0,2955.593302596457,3.1198686371100166,590,605,16,0,589,593,20705,4,3,0,1,12
2020-10-27,US,Georgia,Dooly,371,18,0,32.15630737,-83.79746561,13093.0,2770.7244212098576,4.851752021563343,353,370,18,0,352,369,13706,1,0,0,1,1
2020-10-27,US,Georgia,Dougherty,3294,191,0,31.53328528,-84.21722377,13095.0,3745.054345354496,5.798421372191863,3103,3296,191,0,3105,3295,91243,-2,0,0,-2,1
2020-10-27,US,Georgia,Douglas,4084,72,0,33.70291126,-84.77026156,13097.0,2790.704030941009,1.7629774730656218,4012,4078,72,0,4006,4066,145331,6,0,0,6,12
2020-10-27,US,Georgia,Early,550,35,0,31.32155345,-84.90255207,13099.0,5397.448478900883,6.363636363636362,515,551,35,0,516,550,10247,-1,0,0,-1,1
2020-10-27,US,Georgia,Echols,246,2,0,30.71101099,-82.89687287,13101.0,6140.788816774838,0.8130081300813008,244,246,2,0,244,246,4000,0,0,0,0,0
2020-10-27,US,Georgia,Effingham,1816,28,0,32.36616021,-81.34280942,13103.0,2824.4369789722527,1.5418502202643172,1788,1796,28,0,1768,1777,62190,20,0,0,20,19
2020-10-27,US,Georgia,Elbert,752,8,0,34.11302332,-82.83936148,13105.0,3917.891007606544,1.0638297872340423,744,767,9,0,758,767,19120,-15,-1,0,-14,0
2020-10-27,US,Georgia,Emanuel,1203,37,0,32.59221302,-82.30239915,13107.0,5312.196414377815,3.0756442227763925,1166,1202,37,0,1165,1195,22612,1,0,0,1,7
2020-10-27,US,Georgia,Evans,485,7,0,32.15328841,-81.8870105,13109.0,4552.280833489769,1.443298969072165,478,480,7,0,473,480,10721,5,0,0,5,0
2020-10-27,US,Georgia,Fannin,828,28,0,34.86430205,-84.316964,13111.0,3161.753474873988,3.3816425120772946,800,822,28,0,794,820,25964,6,0,0,6,2
2020-10-27,US,Georgia,Fayette,2129,57,0,33.41357794,-84.49089434,13113.0,1860.672429012157,2.6773132926256458,2072,2123,57,0,2066,2116,113459,6,0,0,6,7
2020-10-27,US,Georgia,Floyd,3956,59,0,34.26268279,-85.21577392,13115.0,4016.3252045726813,1.4914054600606674,3897,3912,59,0,3853,3896,97927,44,0,0,44,16
2020-10-27,US,Georgia,Forsyth,4735,53,0,34.22604035,-84.12315129999998,13117.0,1938.5716391268038,1.119324181626188,4682,4700,53,0,4647,4687,236612,35,0,0,35,13
2020-10-27,US,Georgia,Franklin,933,18,0,34.37525597,-83.23159927,13119.0,3995.888474881151,1.929260450160772,915,924,18,0,906,919,23023,9,0,0,9,5
2020-10-27,US,Georgia,Fulton,31038,619,0,33.79216944,-84.46319413,13121.0,2917.27799672349,1.9943295315419811,30419,30926,619,0,30307,30838,1050114,112,0,0,112,88
2020-10-27,US,Georgia,Gilmer,1036,23,0,34.69316688,-84.45802506,13123.0,3302.6236092958006,2.2200772200772203,1013,1030,23,0,1007,1027,30816,6,0,0,6,3
2020-10-27,US,Georgia,Glascock,49,2,0,33.22879932,-82.61297636,13125.0,1649.2763379333558,4.081632653061225,47,49,2,0,47,49,2995,0,0,0,0,0
2020-10-27,US,Georgia,Glynn,3723,104,0,31.23279254,-81.53811412,13127.0,4365.004924260188,2.7934461455815205,3619,3716,104,0,3612,3706,85219,7,0,0,7,10
2020-10-27,US,Georgia,Gordon,2370,45,0,34.50487351,-84.87296253,13129.0,4088.815278712282,1.8987341772151896,2325,2326,45,0,2281,2318,57685,44,0,0,44,8
2020-10-27,US,Georgia,Grady,858,25,0,30.87454847,-84.23418364,13131.0,3483.132383388138,2.9137529137529135,833,853,25,0,828,851,24748,5,0,0,5,2
2020-10-27,US,Georgia,Greene,570,25,0,33.5769205,-83.17139104,13133.0,3110.674525212836,4.385964912280701,545,569,25,0,544,569,17698,1,0,0,1,0
2020-10-27,US,Georgia,Gwinnett,30489,443,0,33.96044201,-84.02137802,13135.0,3256.502002670227,1.452983043064712,30046,30383,442,0,29941,30306,927781,106,1,0,105,77
2020-10-27,US,Georgia,Habersham,1876,78,0,34.63331566,-83.53094677,13137.0,4138.722202612073,4.157782515991471,1798,1870,77,0,1793,1869,45388,6,1,0,5,1
2020-10-27,US,Georgia,Hall,10658,176,0,34.32207823,-83.81896936,13139.0,5213.240005674009,1.6513417151435539,10482,10605,173,0,10432,10595,202148,53,3,0,50,10
2020-10-27,US,Georgia,Hancock,413,44,0,33.2721566,-82.99766919,13141.0,4883.528437980372,10.653753026634384,369,414,44,0,370,413,8348,-1,0,0,-1,1
2020-10-27,US,Georgia,Haralson,642,10,0,33.79602175,-85.21005667,13143.0,2154.9409237379164,1.557632398753894,632,635,10,0,625,632,29533,7,0,0,7,3
2020-10-27,US,Georgia,Harris,850,25,0,32.73709786,-84.90538572,13145.0,2412.305596548984,2.9411764705882355,825,850,25,0,825,849,34475,0,0,0,0,1
2020-10-27,US,Georgia,Hart,576,16,0,34.34626973,-82.96567682,13147.0,2198.0538065254723,2.7777777777777777,560,574,16,0,558,573,26099,2,0,0,2,1
2020-10-27,US,Georgia,Heard,228,6,0,33.29686567,-85.12886832,13149.0,1912.2704017445278,2.631578947368421,222,227,6,0,221,225,11879,1,0,0,1,2
2020-10-27,US,Georgia,Henry,6204,112,0,33.4533428,-84.14814659999998,13151.0,2644.940974842365,1.8052869116698904,6092,6163,112,0,6051,6136,230220,41,0,0,41,27
2020-10-27,US,Georgia,Houston,3611,94,0,32.45802497,-83.66879087,13153.0,2287.426439380982,2.6031570202160066,3517,3588,94,0,3494,3571,155469,23,0,0,23,17
2020-10-27,US,Georgia,Irwin,358,8,0,31.60213036,-83.27501387,13155.0,3802.039082412914,2.23463687150838,350,357,8,0,349,357,9398,1,0,0,1,0
2020-10-27,US,Georgia,Jackson,2375,40,0,34.13794553,-83.56814788,13157.0,3254.4500322019267,1.6842105263157894,2335,2361,40,0,2321,2351,70422,14,0,0,14,10
2020-10-27,US,Georgia,Jasper,246,4,0,33.31535543,-83.68844964,13159.0,1730.0794711301776,1.6260162601626016,242,246,4,0,242,244,14040,0,0,0,0,2
2020-10-27,US,Georgia,Jeff Davis,792,23,0,31.80405727,-82.63724870000001,13161.0,5239.827985444922,2.904040404040404,769,787,23,0,764,785,15029,5,0,0,5,2
2020-10-27,US,Georgia,Jefferson,853,33,0,33.05867328,-82.41609057,13163.0,5552.66241374821,3.868698710433763,820,853,33,0,820,852,15430,0,0,0,0,1
2020-10-27,US,Georgia,Jenkins,467,32,0,32.79248718,-81.96040187,13165.0,5382.6648224988485,6.852248394004282,435,467,32,0,435,464,8683,0,0,0,0,3
2020-10-27,US,Georgia,Johnson,440,22,0,32.70211082,-82.66166794,13167.0,4562.895364513119,5.0,418,440,22,0,418,440,9708,0,0,0,0,0
2020-10-27,US,Georgia,Jones,643,16,0,33.02512137,-83.56019163,13169.0,2237.6892291630415,2.4883359253499218,627,642,16,0,626,642,28616,1,0,0,1,0
2020-10-27,US,Georgia,Lamar,422,20,0,33.07841647,-84.14263877,13171.0,2212.087854484457,4.739336492890995,402,421,20,0,401,419,19000,1,0,0,1,2
2020-10-27,US,Georgia,Lanier,318,7,0,31.03828570000001,-83.06472457,13173.0,3050.9450254245417,2.2012578616352205,311,318,7,0,311,318,10340,0,0,0,0,0
2020-10-27,US,Georgia,Laurens,1989,86,0,32.46325233,-82.92221316,13175.0,4183.3172085979895,4.3237807943690285,1903,1975,86,0,1889,1970,47325,14,0,0,14,5
2020-10-27,US,Georgia,Lee,746,29,0,31.779330600000005,-84.14324253,13177.0,2487.3299546545745,3.8873994638069695,717,747,29,0,718,746,29764,-1,0,0,-1,1
2020-10-27,US,Georgia,Liberty,1247,25,0,31.82588896,-81.49251135,13179.0,2029.7875803694965,2.0048115477145148,1222,1234,25,0,1209,1233,61497,13,0,0,13,1
2020-10-27,US,Georgia,Lincoln,234,7,0,33.79201475,-82.45024131,13181.0,2954.1724529731096,2.9914529914529915,227,234,7,0,227,232,7915,0,0,0,0,2
2020-10-27,US,Georgia,Long,277,4,0,31.75218791,-81.74952375,13183.0,1416.2278235083593,1.444043321299639,273,277,4,0,273,275,18998,0,0,0,0,2
2020-10-27,US,Georgia,Lowndes,4457,85,0,30.83568832,-83.27056716,13185.0,3796.2284721394135,1.9071124074489567,4372,4451,85,0,4366,4445,116321,6,0,0,6,6
2020-10-27,US,Georgia,Lumpkin,1043,15,0,34.57286511,-84.00425681,13187.0,3103.243082415948,1.4381591562799616,1028,1038,15,0,1023,1038,32955,5,0,0,5,0
2020-10-27,US,Georgia,Macon,249,10,0,32.35207048,-84.04234127,13193.0,1923.225457634973,4.016064257028113,239,248,10,0,238,248,13143,1,0,0,1,0
2020-10-27,US,Georgia,Madison,787,11,0,34.12920917,-83.21218732,13195.0,2633.8688085676035,1.397712833545108,776,783,11,0,772,780,29650,4,0,0,4,3
2020-10-27,US,Georgia,Marion,197,9,0,32.3483402,-84.52733571,13197.0,2356.7412369900712,4.568527918781727,188,196,9,0,187,196,8351,1,0,0,1,0
2020-10-27,US,Georgia,McDuffie,679,15,0,33.47851918,-82.48252774,13189.0,3185.9984984984985,2.2091310751104567,664,676,15,0,661,674,21531,3,0,0,3,2
2020-10-27,US,Georgia,McIntosh,304,8,0,31.49683595,-81.40163426,13191.0,2114.341354847684,2.631578947368421,296,304,7,0,297,304,14340,0,1,0,-1,0
2020-10-27,US,Georgia,Meriwether,598,16,0,33.04163534,-84.68859732,13199.0,2825.1523598053573,2.6755852842809364,582,595,16,0,579,594,21068,3,0,0,3,1
2020-10-27,US,Georgia,Miller,312,2,0,31.16568912,-84.73151117,13201.0,5456.453305351522,0.6410256410256411,310,309,2,0,307,308,5686,3,0,0,3,1
2020-10-27,US,Georgia,Mitchell,845,45,0,31.22483255,-84.19381821,13205.0,3864.9773590083705,5.325443786982248,800,850,45,0,805,850,22192,-5,0,0,-5,0
2020-10-27,US,Georgia,Monroe,756,53,0,33.014289,-83.92097166,13207.0,2741.3155413735585,7.010582010582009,703,754,53,0,701,753,27520,2,0,0,2,1
2020-10-27,US,Georgia,Montgomery,376,10,0,32.17201038,-82.53527476,13209.0,4099.433057130397,2.6595744680851063,366,388,10,0,378,388,9193,-12,0,0,-12,0
2020-10-27,US,Georgia,Morgan,528,6,0,33.59232073,-83.49129491,13211.0,2739.1575015563394,1.1363636363636365,522,525,6,0,519,524,18853,3,0,0,3,1
2020-10-27,US,Georgia,Murray,1033,9,0,34.78897608,-84.74993177,13213.0,2576.316839584996,0.8712487899322362,1024,1028,9,0,1019,1023,39921,5,0,0,5,5
2020-10-27,US,Georgia,Muscogee,6362,174,0,32.50931999,-84.87142262,13215.0,3249.748427994217,2.734988997170701,6188,6348,174,0,6174,6339,194160,14,0,0,14,9
2020-10-27,US,Georgia,Newton,2856,95,0,33.55514538,-83.84547140000002,13217.0,2555.841924398625,3.3263305322128853,2761,2850,95,0,2755,2842,109541,6,0,0,6,8
2020-10-27,US,Georgia,Oconee,865,30,0,33.83749973,-83.43679568,13219.0,2147.46772591857,3.4682080924855487,835,865,30,0,835,861,39272,0,0,0,0,4
2020-10-27,US,Georgia,Oglethorpe,417,13,0,33.878629600000004,-83.08278123,13221.0,2732.81342158726,3.117505995203837,404,416,13,0,403,413,15054,1,0,0,1,3
2020-10-27,US,Georgia,Out of GA,14708,183,0,0.0,0.0,80013.0,0.0,1.244220832200163,14525,14440,183,0,14257,14419,,268,0,0,268,21
2020-10-27,US,Georgia,Paulding,3147,60,0,33.91969522,-84.86848792,13223.0,1865.8065893150408,1.9065776930409917,3087,3129,60,0,3069,3113,164044,18,0,0,18,16
2020-10-27,US,Georgia,Peach,772,26,0,32.56934316,-83.82937,13225.0,2802.584767298337,3.3678756476683938,746,769,26,0,743,766,27297,3,0,0,3,3
2020-10-27,US,Georgia,Pickens,775,10,0,34.46589159,-84.46406611,13227.0,2377.9571047221625,1.2903225806451613,765,763,10,0,753,759,31980,12,0,0,12,4
2020-10-27,US,Georgia,Pierce,679,24,0,31.35928155,-82.21598442,13229.0,3488.3123555098896,3.5346097201767304,655,677,24,0,653,674,19389,2,0,0,2,3
2020-10-27,US,Georgia,Pike,387,11,0,33.09310242,-84.38790389,13231.0,2040.9239531694968,2.842377260981912,376,385,11,0,374,385,18634,2,0,0,2,0
2020-10-27,US,Georgia,Polk,1707,28,0,34.00267074,-85.18677781,13233.0,4005.819820242649,1.6403046280023432,1679,1701,28,0,1673,1698,42470,6,0,0,6,3
2020-10-27,US,Georgia,Pulaski,339,23,0,32.23334561,-83.47549959999998,13235.0,3043.9076950704853,6.784660766961652,316,335,23,0,312,335,11069,4,0,0,4,0
2020-10-27,US,Georgia,Putnam,795,27,0,33.32056115,-83.37552891,13237.0,3594.19503594195,3.39622641509434,768,788,27,0,761,788,21809,7,0,0,7,0
2020-10-27,US,Georgia,Quitman,39,1,0,31.86728114,-85.01773177,13239.0,1696.3897346672463,2.5641025641025643,38,38,1,0,37,38,2279,1,0,0,1,0
2020-10-27,US,Georgia,Rabun,428,11,0,34.88389445,-83.40304637,13241.0,2497.519985995215,2.5700934579439254,417,425,11,0,414,425,16867,3,0,0,3,0
2020-10-27,US,Georgia,Randolph,339,29,0,31.76622818,-84.75732369,13243.0,5001.475361463557,8.55457227138643,310,339,29,0,310,339,6833,0,0,0,0,0
2020-10-27,US,Georgia,Richmond,7941,182,0,33.35777107,-82.07026432,13245.0,3921.1329363315863,2.291902783024808,7759,7926,182,0,7744,7893,201554,15,0,0,15,33
2020-10-27,US,Georgia,Rockdale,2122,40,0,33.65145002,-84.02202167,13247.0,2334.5361732089427,1.8850141376060319,2082,2116,40,0,2076,2108,90594,6,0,0,6,8
2020-10-27,US,Georgia,Schley,109,2,0,32.2654021,-84.31258912,13249.0,2073.4259083127263,1.834862385321101,107,109,2,0,107,109,5236,0,0,0,0,0
2020-10-27,US,Georgia,Screven,450,11,0,32.74976524,-81.60779441,13251.0,3222.110840612917,2.4444444444444446,439,451,11,0,440,451,13938,-1,0,0,-1,0
2020-10-27,US,Georgia,Seminole,393,11,0,30.93464824,-84.86823924,13253.0,4857.849196538937,2.7989821882951653,382,392,11,0,381,392,8315,1,0,0,1,0
2020-10-27,US,Georgia,Spalding,1588,62,0,33.26310031,-84.28013991,13255.0,2380.702517128165,3.9042821158690177,1526,1576,62,0,1514,1574,66100,12,0,0,12,2
2020-10-27,US,Georgia,Stephens,1278,41,0,34.55151201,-83.29405315,13257.0,4929.604628736741,3.2081377151799684,1237,1265,41,0,1224,1263,26035,13,0,0,13,2
2020-10-27,US,Georgia,Stewart,568,16,0,32.07996777,-84.83208037,13259.0,8578.76453707899,2.8169014084507036,552,535,16,0,519,535,6199,33,0,0,33,0
2020-10-27,US,Georgia,Sumter,959,68,0,32.03650571,-84.19821492,13261.0,3248.2048502912885,7.090719499478624,891,959,68,0,891,959,29733,0,0,0,0,0
2020-10-27,US,Georgia,Talbot,174,8,0,32.69642758,-84.53351366,13263.0,2808.716707021792,4.597701149425287,166,174,8,0,166,174,6272,0,0,0,0,0
2020-10-27,US,Georgia,Taliaferro,27,0,0,33.56543317,-82.88136816,13265.0,1756.668835393624,0.0,27,27,0,0,27,27,1608,0,0,0,0,0
2020-10-27,US,Georgia,Tattnall,926,15,0,32.04785085,-82.05539188,13267.0,3662.105512932057,1.6198704103671706,911,922,14,0,908,921,25391,4,1,0,3,1
2020-10-27,US,Georgia,Taylor,230,12,0,32.55792548,-84.25077141,13269.0,2867.8304239401496,5.217391304347826,218,229,12,0,217,229,8039,1,0,0,1,0
2020-10-27,US,Georgia,Telfair,504,24,0,31.92829517,-82.93491155,13271.0,3177.805800756621,4.761904761904762,480,502,24,0,478,501,15876,2,0,0,2,1
2020-10-27,US,Georgia,Terrell,341,32,0,31.77527543,-84.44069698,13273.0,3997.1867307466887,9.384164222873899,309,340,32,0,308,340,8611,1,0,0,1,0
2020-10-27,US,Georgia,Thomas,1601,69,0,30.86392347,-83.91847289,13275.0,3601.718746484893,4.309806371018113,1532,1600,69,0,1531,1595,44448,1,0,0,1,5
2020-10-27,US,Georgia,Tift,1951,63,0,31.45743864,-83.5236119,13277.0,4800.216514122626,3.229113275243465,1888,1950,63,0,1887,1949,40571,1,0,0,1,1
2020-10-27,US,Georgia,Toombs,1496,56,0,32.12059861,-82.32957247,13279.0,5575.847931420052,3.7433155080213902,1440,1477,56,0,1421,1473,26887,19,0,0,19,4
2020-10-27,US,Georgia,Towns,438,13,0,34.91369188,-83.74107459999998,13281.0,3638.7804270166985,2.968036529680365,425,431,13,0,418,431,11852,7,0,0,7,0
2020-10-27,US,Georgia,Treutlen,309,11,0,32.40422134,-82.56904553,13283.0,4477.611940298509,3.559870550161812,298,309,11,0,298,302,6809,0,0,0,0,7
2020-10-27,US,Georgia,Troup,3056,107,0,33.03349196,-85.02812115,13285.0,4370.58436543577,3.50130890052356,2949,3044,106,0,2938,3041,70034,12,1,0,11,3
2020-10-27,US,Georgia,Turner,335,24,0,31.71612656,-83.62069378,13287.0,4195.36631183469,7.164179104477612,311,334,24,0,310,334,7912,1,0,0,1,0
2020-10-27,US,Georgia,Twiggs,216,10,0,32.67435595,-83.43078662,13289.0,2660.098522167488,4.62962962962963,206,216,10,0,206,216,8188,0,0,0,0,0
2020-10-27,US,Georgia,Unassigned,1873,5,0,0.0,0.0,90013.0,0.0,0.2669514148424987,1868,1950,5,0,1945,1946,,-77,0,0,-77,4
2020-10-27,US,Georgia,Union,886,25,0,34.82995757,-83.98967069,13291.0,3614.7036024642,2.8216704288939054,861,883,25,0,858,882,24001,3,0,0,3,1
2020-10-27,US,Georgia,Upson,838,70,0,32.87920671,-84.30024826,13293.0,3183.8905775075987,8.353221957040573,768,833,70,0,763,833,26215,5,0,0,5,0
2020-10-27,US,Georgia,Walker,1877,43,0,34.73376362,-85.30165174,13295.0,2690.6151001275784,2.2908897176345238,1834,1861,43,0,1818,1855,69410,16,0,0,16,6
2020-10-27,US,Georgia,Walton,2339,68,0,33.78017694,-83.73552314,13297.0,2472.698825494487,2.907225309961522,2271,2327,68,0,2259,2323,93503,12,0,0,12,4
2020-10-27,US,Georgia,Ware,1734,63,0,31.05449097,-82.42224148,13299.0,4852.521408182683,3.633217993079585,1671,1733,63,0,1670,1729,35680,1,0,0,1,4
2020-10-27,US,Georgia,Warren,164,5,0,33.41146451,-82.67795848,13301.0,3121.4312904453745,3.0487804878048776,159,164,5,0,159,164,5251,0,0,0,0,0
2020-10-27,US,Georgia,Washington,764,13,0,32.96711864,-82.79357039,13303.0,3749.8772945911455,1.7015706806282722,751,760,13,0,747,758,20386,4,0,0,4,2
2020-10-27,US,Georgia,Wayne,1235,33,0,31.5521809,-81.91894878,13305.0,4126.708323587396,2.672064777327935,1202,1231,33,0,1198,1225,29808,4,0,0,4,6
2020-10-27,US,Georgia,Webster,44,2,0,32.04066113,-84.54742852,13307.0,1687.7637130801688,4.545454545454546,42,44,2,0,42,44,2611,0,0,0,0,0
2020-10-27,US,Georgia,Wheeler,369,16,0,32.12009104,-82.72574721,13309.0,4697.644812221515,4.336043360433604,353,368,16,0,352,367,7879,1,0,0,1,1
2020-10-27,US,Georgia,White,1000,23,0,34.64624278,-83.74905525,13311.0,3246.964088577181,2.3,977,997,23,0,974,997,29970,3,0,0,3,0
2020-10-27,US,Georgia,Whitfield,5410,64,0,34.80987459,-84.96093476,13313.0,5170.700003823068,1.1829944547134936,5346,5383,64,0,5319,5357,104062,27,0,0,27,26
2020-10-27,US,Georgia,Wilcox,256,25,0,31.97496928,-83.43438555,13315.0,2964.6786334684425,9.765625,231,256,25,0,231,255,8812,0,0,0,0,1
2020-10-27,US,Georgia,Wilkes,297,6,0,33.78290391,-82.74286107,13317.0,3037.7416385394285,2.0202020202020203,291,295,6,0,289,294,9876,2,0,0,2,1
2020-10-27,US,Georgia,Wilkinson,368,17,0,32.80291082,-83.17140684,13319.0,4109.895018985928,4.619565217391305,351,368,17,0,351,366,9036,0,0,0,0,2
2020-10-27,US,Georgia,Worth,604,32,0,31.55162306,-83.85090513,13321.0,2983.1579987158593,5.298013245033113,572,605,32,0,573,605,20299,-1,0,0,-1,0
2020-10-27,US,Hawaii,Hawaii,1233,30,0,19.60121157,-155.5210167,15001.0,611.8711944142561,2.4330900243309004,1203,1230,28,0,1202,1221,200983,3,2,0,1,9
2020-10-27,US,Hawaii,Honolulu,12913,166,0,21.45803166,-157.97121819999995,15003.0,1325.0041300562407,1.2855262138929762,12747,12864,165,0,12699,12839,980080,49,1,0,48,25
2020-10-27,US,Hawaii,Kauai,62,0,0,22.03935037,-159.5966786,15007.0,85.76210698131216,0.0,62,62,0,0,62,61,72133,0,0,0,0,1
2020-10-27,US,Hawaii,Maui,507,18,0,20.86399628,-156.56890969999995,15009.0,302.83662949401787,3.5502958579881656,489,497,18,0,479,497,167207,10,0,0,10,0
2020-10-27,US,Hawaii,Out of HI,58,1,0,0.0,0.0,80015.0,0.0,1.7241379310344829,57,56,1,0,55,54,,2,0,0,2,2
2020-10-27,US,Idaho,Ada,16551,167,0,43.4526575,-116.24155159999998,16001.0,3436.762204959852,1.0090024771917103,16384,16397,167,0,16230,16299,469966,154,0,0,154,98
2020-10-27,US,Idaho,Adams,57,2,0,44.89333571,-116.4545247,16003.0,1327.4336283185844,3.5087719298245608,55,54,2,0,52,52,4250,3,0,0,3,2
2020-10-27,US,Idaho,Bannock,2466,13,0,42.67002716,-112.2233311,16005.0,2808.4001457725954,0.527169505271695,2453,2404,13,0,2391,2337,87138,62,0,0,62,67
2020-10-27,US,Idaho,Bear Lake,73,1,0,42.28269683,-111.32892379999998,16007.0,1191.8367346938776,1.3698630136986298,72,70,1,0,69,69,6050,3,0,0,3,1
2020-10-27,US,Idaho,Benewah,172,3,0,47.21754179,-116.6586851,16009.0,1849.8601849860183,1.7441860465116281,169,170,3,0,167,170,9226,2,0,0,2,0
2020-10-27,US,Idaho,Bingham,1590,18,0,43.21672879999999,-112.3978437,16011.0,3396.6375424579687,1.1320754716981132,1572,1569,18,0,1551,1554,46236,21,0,0,21,15
2020-10-27,US,Idaho,Blaine,865,7,0,43.4085812,-113.9752658,16013.0,3757.438860171148,0.8092485549132948,858,861,7,0,854,861,22601,4,0,0,4,0
2020-10-27,US,Idaho,Boise,77,2,0,43.98829931,-115.7309284,16015.0,983.2716128208403,2.5974025974025974,75,76,2,0,74,76,7634,1,0,0,1,0
2020-10-27,US,Idaho,Bonner,487,1,0,48.29996017,-116.6017932,16017.0,1064.736876626074,0.2053388090349076,486,481,1,0,480,476,44727,6,0,0,6,5
2020-10-27,US,Idaho,Bonneville,4459,30,0,43.38713372,-111.6161537,16019.0,3745.107591003007,0.6727965911639381,4429,4381,29,0,4352,4322,116854,78,1,0,77,59
2020-10-27,US,Idaho,Boundary,147,1,0,48.76684761,-116.4630179,16021.0,1200.4899959167008,0.6802721088435374,146,142,1,0,141,141,11948,5,0,0,5,1
2020-10-27,US,Idaho,Butte,98,0,0,43.72592209,-113.1735463,16023.0,3773.584905660377,0.0,98,96,0,0,96,95,2611,2,0,0,2,1
2020-10-27,US,Idaho,Camas,41,0,0,43.46665742,-114.8065892,16025.0,3707.052441229656,0.0,41,41,0,0,41,41,1127,0,0,0,0,0
2020-10-27,US,Idaho,Canyon,9929,108,0,43.61970148,-116.70954990000001,16027.0,4319.792559462951,1.0877228321079666,9821,9824,108,0,9716,9783,223499,105,0,0,105,41
2020-10-27,US,Idaho,Caribou,277,4,0,42.77149116,-111.5597683,16029.0,3871.418588399721,1.444043321299639,273,265,4,0,261,262,7060,12,0,0,12,3
2020-10-27,US,Idaho,Cassia,1381,8,0,42.28347888,-113.6012409,16031.0,5746.982937994174,0.5792903692976105,1373,1352,8,0,1344,1345,23864,29,0,0,29,7
2020-10-27,US,Idaho,Clark,40,0,0,44.28496071,-112.35057040000001,16033.0,4733.727810650888,0.0,40,40,0,0,40,40,852,0,0,0,0,0
2020-10-27,US,Idaho,Clearwater,144,0,0,46.67459924,-115.6622393,16035.0,1644.5865692096847,0.0,144,140,0,0,140,132,8758,4,0,0,4,8
2020-10-27,US,Idaho,Custer,94,1,0,44.24186819,-114.2855494,16037.0,2178.447276940904,1.0638297872340423,93,94,1,0,93,94,4280,0,0,0,0,0
2020-10-27,US,Idaho,Elmore,521,4,0,43.3507101,-115.4701578,16039.0,1893.7879393697067,0.7677543186180422,517,520,4,0,516,516,27259,1,0,0,1,4
2020-10-27,US,Idaho,Franklin,359,2,0,42.18332217,-111.81496659999999,16041.0,2587.2009224560393,0.5571030640668524,357,347,2,0,345,342,13726,12,0,0,12,5
2020-10-27,US,Idaho,Fremont,477,4,0,44.22800938,-111.48099429999999,16043.0,3641.499351095504,0.8385744234800838,473,470,4,0,466,466,13168,7,0,0,7,4
2020-10-27,US,Idaho,Gem,425,6,0,44.06482372,-116.398376,16045.0,2346.510600706714,1.4117647058823528,419,424,6,0,418,422,17634,1,0,0,1,2
2020-10-27,US,Idaho,Gooding,562,7,0,42.96927962,-114.81083059999999,16047.0,3702.4836945780353,1.2455516014234875,555,548,7,0,541,540,15196,14,0,0,14,8
2020-10-27,US,Idaho,Idaho,370,1,0,45.84721541,-115.4634436,16049.0,2219.9556008879817,0.2702702702702703,369,359,1,0,358,336,16513,11,0,0,11,23
2020-10-27,US,Idaho,Jefferson,967,3,0,43.82078483,-112.3131749,16051.0,3237.253523484316,0.31023784901758017,964,951,3,0,948,933,29439,16,0,0,16,18
2020-10-27,US,Idaho,Jerome,1093,9,0,42.68891267,-114.2655033,16053.0,4477.306242831394,0.8234217749313815,1084,1076,8,0,1068,1062,24015,17,1,0,16,14
2020-10-27,US,Idaho,Kootenai,4068,49,0,47.67282258,-116.7020872,16055.0,2455.0836768318077,1.2045231071779745,4019,4019,47,0,3972,3972,161505,49,2,0,47,47
2020-10-27,US,Idaho,Latah,949,1,0,46.81587887,-116.71136979999999,16057.0,2366.1114989528273,0.1053740779768177,948,933,0,0,933,887,40134,16,1,0,15,46
2020-10-27,US,Idaho,Lemhi,230,0,0,44.9438088,-113.9309747,16059.0,2865.3295128939826,0.0,230,218,0,0,218,206,7961,12,0,0,12,12
2020-10-27,US,Idaho,Lewis,81,3,0,46.23315327,-116.434146,16061.0,2110.474205315269,3.703703703703704,78,79,3,0,76,76,3861,2,0,0,2,3
2020-10-27,US,Idaho,Lincoln,198,1,0,43.0012336,-114.1358773,16063.0,3689.899366380917,0.5050505050505051,197,184,1,0,183,183,5360,14,0,0,14,1
2020-10-27,US,Idaho,Madison,2585,3,0,43.78141028,-111.65384740000002,16065.0,6477.5603277620485,0.11605415860735008,2582,2532,3,0,2529,2465,39304,53,0,0,53,67
2020-10-27,US,Idaho,Minidoka,1199,8,0,42.85518524,-113.6357257,16067.0,5698.940063691241,0.6672226855713094,1191,1185,8,0,1177,1164,20825,14,0,0,14,21
2020-10-27,US,Idaho,Nez Perce,853,24,0,46.32638236,-116.75009750000001,16069.0,2110.968125123738,2.8135990621336457,829,818,24,0,794,757,40408,35,0,0,35,61
2020-10-27,US,Idaho,Oneida,51,0,0,42.19494279999999,-112.5407838,16071.0,1125.5793423085408,0.0,51,46,0,0,46,45,4488,5,0,0,5,1
2020-10-27,US,Idaho,Owyhee,392,5,0,42.58016894,-116.16938710000001,16073.0,3315.5713439905267,1.2755102040816326,387,389,5,0,384,388,11693,3,0,0,3,1
2020-10-27,US,Idaho,Payette,1130,10,0,44.00545243,-116.7647695,16075.0,4717.965846937497,0.8849557522123894,1120,1116,10,0,1106,1113,23551,14,0,0,14,3
2020-10-27,US,Idaho,Power,361,2,0,42.69254894,-112.83957420000002,16077.0,4699.908866033069,0.554016620498615,359,357,2,0,355,356,7768,4,0,0,4,1
2020-10-27,US,Idaho,Shoshone,266,20,0,47.35364087,-115.89167490000001,16079.0,2064.8967551622422,7.518796992481202,246,264,20,0,244,262,12796,2,0,0,2,2
2020-10-27,US,Idaho,Teton,283,2,0,43.75303583,-111.2056773,16081.0,2330.7527590182835,0.7067137809187279,281,281,2,0,279,279,11640,2,0,0,2,2
2020-10-27,US,Idaho,Twin Falls,3987,46,0,42.35440512,-114.6685381,16083.0,4589.194042220125,1.1537496864810637,3941,3907,46,0,3861,3868,86081,80,0,0,80,39
2020-10-27,US,Idaho,Valley,117,1,0,44.76728382,-115.5676773,16085.0,1027.0365168539329,0.8547008547008547,116,115,1,0,114,115,11041,2,0,0,2,0
2020-10-27,US,Idaho,Washington,451,8,0,44.45275475,-116.78476880000001,16087.0,4424.171081028056,1.7738359201773837,443,446,8,0,438,442,10161,5,0,0,5,4
2020-10-27,US,Illinois,Adams,1935,21,0,39.98815591,-91.18786813,17001.0,2957.1330327806213,1.0852713178294573,1914,1888,20,0,1868,1862,65691,47,1,0,46,26
2020-10-27,US,Illinois,Alexander,132,1,0,37.18049267,-89.32910838,17003.0,2291.2688769310885,0.7575757575757576,131,124,1,0,123,120,6060,8,0,0,8,4
2020-10-27,US,Illinois,Bond,513,9,0,38.88829622,-89.43534887,17005.0,3123.097528308779,1.7543859649122806,504,507,9,0,498,499,16630,6,0,0,6,8
2020-10-27,US,Illinois,Boone,1905,25,0,42.32359279,-88.82345779,17007.0,3557.821604661587,1.3123359580052494,1880,1878,25,0,1853,1860,53577,27,0,0,27,18
2020-10-27,US,Illinois,Brown,115,0,0,39.96209138,-90.75068024,17009.0,1748.2517482517483,0.0,115,111,0,0,111,107,6556,4,0,0,4,4
2020-10-27,US,Illinois,Bureau,925,16,0,41.40385234,-89.5283051,17011.0,2834.9883535613585,1.7297297297297298,909,913,16,0,897,906,32993,12,0,0,12,7
2020-10-27,US,Illinois,Calhoun,66,0,0,39.16840183,-90.66330078,17013.0,1392.698881620595,0.0,66,66,0,0,66,66,4802,0,0,0,0,0
2020-10-27,US,Illinois,Carroll,430,12,0,42.06823429,-89.93395545,17015.0,3005.941978329256,2.7906976744186047,418,419,11,0,408,410,14312,11,1,0,10,9
2020-10-27,US,Illinois,Cass,464,11,0,39.96991073,-90.24734436,17017.0,3819.8732197250347,2.3706896551724137,453,463,11,0,452,462,12260,1,0,0,1,1
2020-10-27,US,Illinois,Champaign,6285,29,0,40.13919438,-88.20046615,17019.0,2997.295995498095,0.4614160700079554,6256,6172,29,0,6143,6091,209983,113,0,0,113,81
2020-10-27,US,Illinois,Christian,829,29,0,39.54581621,-89.27780482,17021.0,2566.2456661713722,3.4981905910735827,800,825,29,0,796,816,32661,4,0,0,4,9
2020-10-27,US,Illinois,Clark,312,17,0,39.33425789,-87.78705622,17023.0,2020.5945210802408,5.44871794871795,295,310,17,0,293,308,15596,2,0,0,2,2
2020-10-27,US,Illinois,Clay,317,13,0,38.75388572,-88.48914513,17025.0,2404.4296116504856,4.100946372239748,304,314,13,0,301,311,13253,3,0,0,3,3
2020-10-27,US,Illinois,Clinton,1811,28,0,38.60704876,-89.42385254,17027.0,4821.362014802195,1.5461071231363888,1783,1789,26,0,1763,1755,37639,22,2,0,20,34
2020-10-27,US,Illinois,Coles,1971,40,0,39.51949084,-88.22358557,17029.0,3893.640979040319,2.029426686960933,1931,1935,39,0,1896,1912,50885,36,1,0,35,23
2020-10-27,US,Illinois,Cook,178832,5439,0,41.84144849,-87.81658794,17031.0,3472.308922722525,3.041401986221705,173393,177465,5433,0,172032,175586,5180493,1367,6,0,1361,1879
2020-10-27,US,Illinois,Crawford,653,6,0,39.0032229,-87.75954624,17033.0,3498.151818717524,0.9188361408882084,647,651,6,0,645,647,18807,2,0,0,2,4
2020-10-27,US,Illinois,Cumberland,302,6,0,39.27432424,-88.2401158,17035.0,2805.1272524614533,1.9867549668874167,296,294,6,0,288,288,10808,8,0,0,8,6
2020-10-27,US,Illinois,De Witt,272,6,0,40.17514519,-88.90959682,17039.0,1739.3528584217931,2.2058823529411766,266,264,6,0,258,260,15769,8,0,0,8,4
2020-10-27,US,Illinois,DeKalb,2432,42,0,41.89373302,-88.76958483,17037.0,2318.4647797363127,1.7269736842105263,2390,2399,42,0,2357,2358,104143,33,0,0,33,41
2020-10-27,US,Illinois,Douglas,710,9,0,39.76768052,-88.21854195,17041.0,3647.5725661443616,1.2676056338028172,701,684,9,0,675,672,19479,26,0,0,26,12
2020-10-27,US,Illinois,DuPage,23408,608,0,41.85116968,-88.08642662,17043.0,2536.2950891788137,2.5974025974025974,22800,23099,606,0,22493,22783,928589,309,2,0,307,316
2020-10-27,US,Illinois,Edgar,157,10,0,39.6809186,-87.74759563,17045.0,914.8651011013344,6.369426751592357,147,157,10,0,147,155,17360,0,0,0,0,2
2020-10-27,US,Illinois,Edwards,111,0,0,38.41353228,-88.05720863,17047.0,1735.7310398749025,0.0,111,109,0,0,109,108,6392,2,0,0,2,1
2020-10-27,US,Illinois,Effingham,1204,4,0,39.05935711,-88.58969584,17049.0,3540.343448600329,0.3322259136212625,1200,1183,4,0,1179,1165,34208,21,0,0,21,18
2020-10-27,US,Illinois,Fayette,689,24,0,39.00072038,-89.02452658,17051.0,3229.283839520061,3.483309143686502,665,685,24,0,661,680,21416,4,0,0,4,5
2020-10-27,US,Illinois,Ford,204,14,0,40.59706922,-88.22350769,17053.0,1573.9526271121051,6.862745098039214,190,198,14,0,184,196,13264,6,0,0,6,2
2020-10-27,US,Illinois,Franklin,1005,9,0,37.99189086,-88.92567818,17055.0,2612.4931763237933,0.8955223880597015,996,986,9,0,977,982,38701,19,0,0,19,4
2020-10-27,US,Illinois,Fulton,550,1,0,40.47289135,-90.20862357,17057.0,1601.630751310425,0.18181818181818185,549,527,1,0,526,518,34844,23,0,0,23,9
2020-10-27,US,Illinois,Gallatin,108,2,0,37.76430935,-88.22953869,17059.0,2236.9511184755593,1.851851851851852,106,107,2,0,105,107,5058,1,0,0,1,0
2020-10-27,US,Illinois,Greene,295,15,0,39.35907414,-90.388865,17061.0,2274.6549464106715,5.084745762711863,280,295,15,0,280,290,13044,0,0,0,0,5
2020-10-27,US,Illinois,Grundy,987,7,0,41.28569601,-88.41905692,17063.0,1933.247150076389,0.7092198581560284,980,977,7,0,970,965,50972,10,0,0,10,12
2020-10-27,US,Illinois,Hamilton,127,2,0,38.08163641,-88.53883373,17065.0,1564.8102513553476,1.5748031496062993,125,126,2,0,124,120,8163,1,0,0,1,6
2020-10-27,US,Illinois,Hancock,314,4,0,40.40423981,-91.16313899,17067.0,1773.2098486559744,1.2738853503184713,310,314,4,0,310,309,17844,0,0,0,0,5
2020-10-27,US,Illinois,Hardin,55,0,0,37.51810645,-88.26873022,17069.0,1439.4137660298352,0.0,55,54,0,0,54,53,3910,1,0,0,1,1
2020-10-27,US,Illinois,Henderson,129,0,0,40.81908672,-90.92491462,17071.0,1941.017153174842,0.0,129,129,0,0,129,128,6709,0,0,0,0,1
2020-10-27,US,Illinois,Henry,862,7,0,41.3533994,-90.13296166,17073.0,1762.312677611269,0.8120649651972158,855,853,7,0,846,846,49090,9,0,0,9,7
2020-10-27,US,Illinois,Iroquois,505,19,0,40.74717633,-87.82466784,17075.0,1862.5064542302869,3.7623762376237617,486,495,19,0,476,492,27604,10,0,0,10,3
2020-10-27,US,Illinois,Jackson,1550,26,0,37.78595185,-89.38232563,17077.0,2731.277533039648,1.6774193548387095,1524,1548,26,0,1522,1542,57419,2,0,0,2,6
2020-10-27,US,Illinois,Jasper,266,10,0,39.01054275,-88.15437049,17079.0,2767.9500520291363,3.7593984962406015,256,264,10,0,254,264,9611,2,0,0,2,0
2020-10-27,US,Illinois,Jefferson,911,49,0,38.29980057,-88.9240025,17081.0,2417.471605986625,5.378704720087817,862,907,48,0,859,905,37820,4,1,0,3,2
2020-10-27,US,Illinois,Jersey,477,21,0,39.08869046,-90.35393073,17083.0,2190.786754236899,4.402515723270441,456,475,21,0,454,473,21847,2,0,0,2,2
2020-10-27,US,Illinois,Jo Daviess,518,9,0,42.36542373,-90.21094405,17085.0,2439.368966329173,1.7374517374517375,509,512,7,0,505,498,21366,6,2,0,4,14
2020-10-27,US,Illinois,Johnson,366,0,0,37.45939802,-88.88165419,17087.0,2947.57187726504,0.0,366,362,0,0,362,355,12456,4,0,0,4,7
2020-10-27,US,Illinois,Kane,17098,348,0,41.93842729,-88.42861412,17089.0,3211.477020227159,2.0353257690958007,16750,16903,347,0,16556,16621,534216,195,1,0,194,282
2020-10-27,US,Illinois,Kankakee,3444,80,0,41.13746989,-87.86205334,17091.0,3134.841892556116,2.3228803716608595,3364,3421,80,0,3341,3388,110024,23,0,0,23,33
2020-10-27,US,Illinois,Kendall,2744,30,0,41.59081014,-88.42869583,17093.0,2127.296689665865,1.0932944606413997,2714,2704,30,0,2674,2670,127915,40,0,0,40,34
2020-10-27,US,Illinois,Knox,1331,19,0,40.93148779,-90.21330340000002,17095.0,2678.1222962232637,1.4274981217129978,1312,1317,16,0,1301,1299,50112,14,3,0,11,18
2020-10-27,US,Illinois,LaSalle,2473,65,0,41.34426129999999,-88.88633881,17099.0,2275.7180060550845,2.6283865750101087,2408,2426,63,0,2363,2408,109430,47,2,0,45,18
2020-10-27,US,Illinois,Lake,21010,511,0,42.3224907,-88.00367925,17097.0,3016.3595512070465,2.4321751546882435,20499,20815,511,0,20304,20630,700832,195,0,0,195,185
2020-10-27,US,Illinois,Lawrence,338,8,0,38.71987914,-87.72884035,17101.0,2155.8872305140962,2.366863905325444,330,336,8,0,328,333,15765,2,0,0,2,3
2020-10-27,US,Illinois,Lee,754,2,0,41.74583951,-89.29977132,17103.0,2211.403097137494,0.26525198938992045,752,740,2,0,738,710,34223,14,0,0,14,30
2020-10-27,US,Illinois,Livingston,662,10,0,40.89188292,-88.55784752,17105.0,1857.046678635548,1.5105740181268883,652,646,10,0,636,632,35761,16,0,0,16,14
2020-10-27,US,Illinois,Logan,607,4,0,40.12581572,-89.36638784,17107.0,2121.0427003983505,0.6589785831960461,603,599,4,0,595,590,28925,8,0,0,8,9
2020-10-27,US,Illinois,Macon,3234,53,0,39.86064913,-88.96342505,17115.0,3109.346306569624,1.638837353123067,3181,3160,52,0,3108,3055,104712,74,1,0,73,105
2020-10-27,US,Illinois,Macoupin,824,11,0,39.26119767,-89.92424028,17117.0,1834.1272314472687,1.3349514563106797,813,816,11,0,805,807,45313,8,0,0,8,9
2020-10-27,US,Illinois,Madison,7264,155,0,38.83042506,-89.90422563,17119.0,2762.3342941673072,2.1338105726872247,7109,7221,154,0,7067,7151,264461,43,1,0,42,70
2020-10-27,US,Illinois,Marion,1051,19,0,38.64963204,-88.91899208,17121.0,2824.889127805402,1.807802093244529,1032,1028,19,0,1009,1012,37620,23,0,0,23,16
2020-10-27,US,Illinois,Marshall,161,3,0,41.0327901,-89.34510444,17123.0,1407.5887392900854,1.8633540372670807,158,157,3,0,154,156,11534,4,0,0,4,1
2020-10-27,US,Illinois,Mason,317,5,0,40.23917274,-89.91824452,17125.0,2372.932105696534,1.5772870662460567,312,309,1,0,308,305,13565,8,4,0,4,4
2020-10-27,US,Illinois,Massac,156,2,0,37.22078441,-88.71036614,17127.0,1132.7330816148708,1.2820512820512822,154,155,2,0,153,154,14080,1,0,0,1,1
2020-10-27,US,Illinois,McDonough,780,20,0,40.45674722,-90.67775541,17109.0,2627.855265817668,2.5641025641025643,760,771,20,0,751,764,29955,9,0,0,9,7
2020-10-27,US,Illinois,McHenry,6545,121,0,42.32451172,-88.45248227,17111.0,2126.5603982142748,1.8487394957983196,6424,6452,121,0,6331,6310,308570,93,0,0,93,142
2020-10-27,US,Illinois,McLean,4255,36,0,40.48996987,-88.84621113,17113.0,2480.803652116117,0.8460634547591069,4219,4209,34,0,4175,4150,172828,46,2,0,44,59
2020-10-27,US,Illinois,Menard,187,1,0,40.02742725,-89.80246001,17129.0,1533.2896031485736,0.5347593582887701,186,186,1,0,185,185,12288,1,0,0,1,1
2020-10-27,US,Illinois,Mercer,287,6,0,41.20596782,-90.74290052,17131.0,1859.169527757984,2.0905923344947737,281,270,6,0,264,262,15601,17,0,0,17,8
2020-10-27,US,Illinois,Monroe,935,30,0,38.27594376,-90.17761038,17133.0,2699.425469873257,3.2085561497326203,905,925,30,0,895,920,34335,10,0,0,10,5
2020-10-27,US,Illinois,Montgomery,625,16,0,39.23198845,-89.47809254,17135.0,2199.6199056802984,2.56,609,615,16,0,599,610,28601,10,0,0,10,5
2020-10-27,US,Illinois,Morgan,956,24,0,39.71654544,-90.20255104,17137.0,2840.335135777527,2.510460251046025,932,934,24,0,910,896,33976,22,0,0,22,38
2020-10-27,US,Illinois,Moultrie,434,5,0,39.64187451,-88.62099969,17139.0,2992.897041583339,1.1520737327188941,429,415,4,0,411,411,14717,19,1,0,18,4
2020-10-27,US,Illinois,Ogle,1236,7,0,42.04165196,-89.32184679,17141.0,2440.613707718737,0.5663430420711975,1229,1218,7,0,1211,1189,50923,18,0,0,18,29
2020-10-27,US,Illinois,Out of IL,1,0,0,0.0,0.0,80017.0,0.0,0.0,1,5,0,0,5,17,,-4,0,0,-4,-12
2020-10-27,US,Illinois,Peoria,4680,73,0,40.78702156,-89.76078901,17143.0,2611.913226438366,1.5598290598290598,4607,4622,73,0,4549,4544,180621,58,0,0,58,78
2020-10-27,US,Illinois,Perry,451,16,0,38.08510853,-89.36856219,17145.0,2156.244023713903,3.547671840354768,435,447,16,0,431,438,21174,4,0,0,4,9
2020-10-27,US,Illinois,Piatt,257,0,0,40.01360584,-88.59319339,17147.0,1572.4424865394028,0.0,257,254,0,0,254,250,16396,3,0,0,3,4
2020-10-27,US,Illinois,Pike,367,7,0,39.62265059,-90.8877017,17149.0,2358.4602531970954,1.9073569482288828,360,358,6,0,352,353,15611,9,1,0,8,5
2020-10-27,US,Illinois,Pope,42,1,0,37.41391284,-88.56152109,17151.0,1005.5063442662198,2.380952380952381,41,42,1,0,41,42,4212,0,0,0,0,0
2020-10-27,US,Illinois,Pulaski,245,1,0,37.22631423,-89.13085001,17153.0,4592.314901593252,0.4081632653061225,244,240,1,0,239,235,5463,5,0,0,5,5
2020-10-27,US,Illinois,Putnam,93,0,0,41.2013541,-89.2869272,17155.0,1620.4913748039728,0.0,93,92,0,0,92,92,5740,1,0,0,1,0
2020-10-27,US,Illinois,Randolph,1293,15,0,38.05095369,-89.82512254,17157.0,4068.340570134038,1.160092807424594,1278,1283,15,0,1268,1271,32106,10,0,0,10,12
2020-10-27,US,Illinois,Richland,337,18,0,38.71240969,-88.08475366,17159.0,2172.37155933733,5.341246290801187,319,335,16,0,319,334,15763,2,2,0,0,1
2020-10-27,US,Illinois,Rock Island,4128,92,0,41.46613806,-90.57042164,17161.0,2909.521493667139,2.228682170542636,4036,4070,90,0,3980,4005,143477,58,2,0,56,65
2020-10-27,US,Illinois,Saline,573,9,0,37.75332999,-88.54119706,17165.0,2439.23204631561,1.5706806282722514,564,567,9,0,558,559,23906,6,0,0,6,8
2020-10-27,US,Illinois,Sangamon,4151,63,0,39.75836914,-89.65872023,17167.0,2132.304594394674,1.5177065767284992,4088,4067,63,0,4004,3988,195348,84,0,0,84,79
2020-10-27,US,Illinois,Schuyler,94,1,0,40.157179799999994,-90.61114163,17169.0,1388.888888888889,1.0638297872340423,93,90,1,0,89,90,6907,4,0,0,4,0
2020-10-27,US,Illinois,Scott,107,0,0,39.642916899999996,-90.47814431,17171.0,2161.179559684912,0.0,107,107,0,0,107,106,4926,0,0,0,0,1
2020-10-27,US,Illinois,Shelby,702,12,0,39.39133527,-88.80611122,17173.0,3244.8922991587315,1.709401709401709,690,691,12,0,679,669,21741,11,0,0,11,22
2020-10-27,US,Illinois,St. Clair,8042,221,0,38.46996033,-89.93063427,17163.0,3096.8169250556443,2.7480726187515545,7821,7993,220,0,7773,7920,261059,49,1,0,48,73
2020-10-27,US,Illinois,Stark,88,3,0,41.09309773,-89.79745866,17175.0,1647.323099962561,3.4090909090909087,85,86,3,0,83,86,5427,2,0,0,2,0
2020-10-27,US,Illinois,Stephenson,1032,7,0,42.35129217,-89.662598,17177.0,2319.205357544159,0.6782945736434108,1025,1018,7,0,1011,981,44753,14,0,0,14,37
2020-10-27,US,Illinois,Tazewell,2735,56,0,40.50716185,-89.51404662,17179.0,2075.0665766333086,2.047531992687386,2679,2687,56,0,2631,2645,132328,48,0,0,48,42
2020-10-27,US,Illinois,Unassigned,4784,270,0,0.0,0.0,90017.0,0.0,5.6438127090301,4514,4778,270,0,4508,4767,,6,0,0,6,11
2020-10-27,US,Illinois,Union,792,25,0,37.47119609,-89.25548938,17181.0,4755.89983786705,3.156565656565657,767,787,25,0,762,780,16841,5,0,0,5,7
2020-10-27,US,Illinois,Vermilion,1784,11,0,40.18417171,-87.73384359,17183.0,2354.866812745849,0.6165919282511211,1773,1741,10,0,1731,1718,76806,43,1,0,42,23
2020-10-27,US,Illinois,Wabash,233,5,0,38.44272901,-87.84922065,17185.0,2022.5694444444448,2.145922746781116,228,228,5,0,223,226,11549,5,0,0,5,2
2020-10-27,US,Illinois,Warren,516,9,0,40.84925021,-90.6147432,17187.0,3063.4053668962238,1.7441860465116281,507,506,8,0,498,496,17032,10,1,0,9,10
2020-10-27,US,Illinois,Washington,322,2,0,38.35309213,-89.40982703,17189.0,2318.715345286959,0.6211180124223602,320,310,2,0,308,307,13995,12,0,0,12,3
2020-10-27,US,Illinois,Wayne,502,13,0,38.42955355,-88.42586459,17191.0,3095.898859081097,2.589641434262948,489,486,12,0,474,482,16332,16,1,0,15,4
2020-10-27,US,Illinois,White,270,4,0,38.08706198,-88.17657461,17193.0,1994.5335007756519,1.4814814814814814,266,270,4,0,266,269,13665,0,0,0,0,1
2020-10-27,US,Illinois,Whiteside,1514,28,0,41.75509713,-89.91556058,17195.0,2743.996375169914,1.8494055482166447,1486,1460,27,0,1433,1400,55626,54,1,0,53,60
2020-10-27,US,Illinois,Will,18807,429,0,41.44619267,-87.97862712,17197.0,2722.72031710781,2.281065560695486,18378,18621,427,0,18194,18356,692310,186,2,0,184,265
2020-10-27,US,Illinois,Williamson,1905,61,0,37.73033511,-88.92994027,17199.0,2860.489211225731,3.202099737532808,1844,1888,59,0,1829,1883,67056,17,2,0,15,5
2020-10-27,US,Illinois,Winnebago,10463,180,0,42.33641854,-89.16085327,17201.0,3702.773098537718,1.7203478925738316,10283,10340,180,0,10160,10183,284081,123,0,0,123,157
2020-10-27,US,Illinois,Woodford,660,15,0,40.78579374,-89.20973757,17203.0,1716.1132634753894,2.272727272727273,645,637,14,0,623,618,38463,23,1,0,22,19
2020-10-27,US,Indiana,Adams,577,7,0,40.7457653,-84.93671406,18001.0,1612.7679794281241,1.2131715771230502,570,560,7,0,553,523,35636,17,0,0,17,37
2020-10-27,US,Indiana,Allen,8741,232,0,41.09194313,-85.06800636,18003.0,2304.5143804755617,2.654158563093468,8509,8647,231,0,8416,8552,375351,94,1,0,93,95
2020-10-27,US,Indiana,Bartholomew,1490,58,0,39.20744865,-85.89558181,18005.0,1778.488642738634,3.8926174496644297,1432,1479,58,0,1421,1469,82753,11,0,0,11,10
2020-10-27,US,Indiana,Benton,111,0,0,40.60626947,-87.31093999,18007.0,1268.8614540466392,0.0,111,113,0,0,113,110,8653,-2,0,0,-2,3
2020-10-27,US,Indiana,Blackford,242,5,0,40.47388153,-85.32499702,18009.0,2058.1731587004588,2.066115702479338,237,239,4,0,235,234,11930,3,1,0,2,5
2020-10-27,US,Indiana,Boone,1310,50,0,40.0509304,-86.46841646,18011.0,1930.928761994605,3.816793893129771,1260,1291,50,0,1241,1280,66999,19,0,0,19,11
2020-10-27,US,Indiana,Brown,150,3,0,39.19605589,-86.22868909,18013.0,993.9040551285448,2.0,147,147,3,0,144,146,15234,3,0,0,3,1
2020-10-27,US,Indiana,Carroll,347,13,0,40.580783200000006,-86.56198812,18015.0,1712.9881028780176,3.746397694524496,334,343,13,0,330,338,20127,4,0,0,4,5
2020-10-27,US,Indiana,Cass,2301,25,0,40.76135835,-86.34830753,18017.0,6105.22964260129,1.086484137331595,2276,2297,24,0,2273,2285,37955,4,1,0,3,12
2020-10-27,US,Indiana,Clark,3085,65,0,38.48015445,-85.70510334,18019.0,2607.7327517708914,2.1069692058346843,3020,3062,63,0,2999,3031,117360,23,2,0,21,31
2020-10-27,US,Indiana,Clay,469,7,0,39.39561833,-87.11723506,18021.0,1788.3698760724499,1.492537313432836,462,461,7,0,454,458,26170,8,0,0,8,3
2020-10-27,US,Indiana,Clinton,935,16,0,40.30319754,-86.47277257,18023.0,2885.891539862341,1.711229946524064,919,924,16,0,908,903,32250,11,0,0,11,21
2020-10-27,US,Indiana,Crawford,165,1,0,38.28814402,-86.44518825,18025.0,1559.9886546279665,0.6060606060606061,164,163,1,0,162,163,10558,2,0,0,2,0
2020-10-27,US,Indiana,Daviess,932,36,0,38.70186039,-87.07185406,18027.0,2794.5189049803607,3.862660944206009,896,923,34,0,889,913,33147,9,2,0,7,10
2020-10-27,US,Indiana,DeKalb,781,11,0,41.39804622,-84.99906934,18033.0,1796.4347326049453,1.4084507042253518,770,760,11,0,749,758,43226,21,0,0,21,2
2020-10-27,US,Indiana,Dearborn,1038,28,0,39.14647946,-84.97333539,18029.0,2098.7504549314567,2.697495183044316,1010,1031,28,0,1003,1017,49568,7,0,0,7,14
2020-10-27,US,Indiana,Decatur,533,39,0,39.30712658,-85.50087166,18031.0,2006.8526676456192,7.317073170731707,494,528,39,0,489,525,26794,5,0,0,5,3
2020-10-27,US,Indiana,Delaware,3144,75,0,40.22787247,-85.39732772,18035.0,2754.6326718359837,2.385496183206107,3069,3115,75,0,3040,3076,114772,29,0,0,29,39
2020-10-27,US,Indiana,Dubois,1479,26,0,38.36597551,-86.87924170000002,18037.0,3460.782478472482,1.7579445571331982,1453,1464,26,0,1438,1455,42565,15,0,0,15,9
2020-10-27,US,Indiana,Elkhart,9402,142,0,41.59761169,-85.85875695,18039.0,4556.535056047998,1.5103169538396086,9260,9271,138,0,9133,9156,205560,131,4,0,127,115
2020-10-27,US,Indiana,Fayette,790,21,0,39.63684962,-85.17797541,18041.0,3419.61734914726,2.6582278481012658,769,767,19,0,748,739,23047,23,2,0,21,28
2020-10-27,US,Indiana,Floyd,1884,68,0,38.32117957,-85.90385377,18043.0,2399.327576984794,3.609341825902336,1816,1874,68,0,1806,1858,77781,10,0,0,10,16
2020-10-27,US,Indiana,Fountain,339,3,0,40.12361933,-87.24217689,18045.0,2073.901872017619,0.8849557522123894,336,329,3,0,326,319,16351,10,0,0,10,10
2020-10-27,US,Indiana,Franklin,383,25,0,39.4142482,-85.06062647,18047.0,1682.924685824765,6.527415143603133,358,383,25,0,358,381,22736,0,0,0,0,2
2020-10-27,US,Indiana,Fulton,395,6,0,41.0469907,-86.26252745,18049.0,1977.5708420947228,1.5189873417721518,389,378,5,0,373,376,20092,17,1,0,16,2
2020-10-27,US,Indiana,Gibson,956,12,0,38.30393723,-87.58054938,18051.0,2840.2507501708315,1.2552301255230125,944,944,12,0,932,928,33452,12,0,0,12,16
2020-10-27,US,Indiana,Grant,1354,40,0,40.51587228,-85.65468702,18053.0,2058.720673873709,2.9542097488921715,1314,1335,39,0,1296,1310,65936,19,1,0,18,25
2020-10-27,US,Indiana,Greene,581,38,0,39.03630547,-86.96223202,18055.0,1820.0613996616755,6.540447504302926,543,578,38,0,540,573,32006,3,0,0,3,5
2020-10-27,US,Indiana,Hamilton,6462,117,0,40.07306535,-86.05244729,18057.0,1911.7721020913518,1.8105849582172704,6345,6400,115,0,6285,6335,330086,62,2,0,60,65
2020-10-27,US,Indiana,Hancock,1250,44,0,39.82304555,-85.77566351,18059.0,1599.1198444376214,3.52,1206,1247,44,0,1203,1231,76351,3,0,0,3,16
2020-10-27,US,Indiana,Harrison,807,24,0,38.19467379,-86.10948271,18061.0,1991.8548685671967,2.9739776951672865,783,810,24,0,786,799,40350,-3,0,0,-3,11
2020-10-27,US,Indiana,Hendricks,3442,137,0,39.76719009,-86.51037283,18063.0,2021.0086253970678,3.980244044160372,3305,3418,134,0,3284,3367,167009,24,3,0,21,51
2020-10-27,US,Indiana,Henry,1343,30,0,39.93029017,-85.39625719,18065.0,2799.549737346785,2.233804914370812,1313,1330,30,0,1300,1313,48271,13,0,0,13,17
2020-10-27,US,Indiana,Howard,1701,66,0,40.48527731,-86.11351892,18067.0,2060.719131614654,3.880070546737213,1635,1694,66,0,1628,1684,82366,7,0,0,7,10
2020-10-27,US,Indiana,Huntington,454,5,0,40.82907273,-85.48822092,18069.0,1243.1544359255204,1.1013215859030836,449,445,5,0,440,436,36240,9,0,0,9,9
2020-10-27,US,Indiana,Jackson,1225,19,0,38.90915820000001,-86.03851889,18071.0,2769.550767561213,1.5510204081632653,1206,1210,18,0,1192,1185,44111,15,1,0,14,25
2020-10-27,US,Indiana,Jasper,707,5,0,41.02078733,-87.11553319,18073.0,2106.5490733567726,0.7072135785007072,702,688,5,0,683,665,33370,19,0,0,19,23
2020-10-27,US,Indiana,Jay,348,6,0,40.43781032,-85.00576229,18075.0,1702.8772753963597,1.7241379310344829,342,338,6,0,332,331,20764,10,0,0,10,7
2020-10-27,US,Indiana,Jefferson,365,5,0,38.78576239,-85.43633383,18077.0,1129.7511452271885,1.3698630136986298,360,365,5,0,360,352,32208,0,0,0,0,13
2020-10-27,US,Indiana,Jennings,388,13,0,38.99588883,-85.62710784,18079.0,1398.9543897602307,3.3505154639175267,375,387,13,0,374,379,27611,1,0,0,1,8
2020-10-27,US,Indiana,Johnson,3307,131,0,39.48994426,-86.10149107,18081.0,2090.8280488344603,3.9612942243725433,3176,3286,130,0,3156,3239,156225,21,1,0,20,47
2020-10-27,US,Indiana,Knox,839,10,0,38.68861576,-87.4194665,18083.0,2292.725583428977,1.1918951132300355,829,818,10,0,808,813,36895,21,0,0,21,5
2020-10-27,US,Indiana,Kosciusko,2103,29,0,41.24521668,-85.86312322,18085.0,2646.747885622231,1.378982406086543,2074,2011,27,0,1984,1984,79344,92,2,0,90,27
2020-10-27,US,Indiana,LaGrange,828,15,0,41.64232188,-85.42674232,18087.0,2090.1701418690363,1.8115942028985508,813,828,15,0,813,828,39330,0,0,0,0,0
2020-10-27,US,Indiana,LaPorte,2414,64,0,41.54366008,-86.74072188,18091.0,2196.782178217821,2.6512013256006632,2350,2392,61,0,2331,2361,110007,22,3,0,19,31
2020-10-27,US,Indiana,Lake,14627,362,0,41.41874274,-87.38277575,18089.0,3012.8137789834254,2.4748752307376765,14265,14436,358,0,14078,14222,484411,191,4,0,187,214
2020-10-27,US,Indiana,Lawrence,992,38,0,38.84112637,-86.48361629,18093.0,2186.466828300639,3.8306451612903225,954,968,38,0,930,947,45668,24,0,0,24,21
2020-10-27,US,Indiana,Madison,2547,96,0,40.16143691,-85.71964711,18095.0,1965.747979840857,3.7691401648998815,2451,2508,96,0,2412,2480,129641,39,0,0,39,28
2020-10-27,US,Indiana,Marion,26255,795,0,39.78163624,-86.13826325,18097.0,2721.9044104078243,3.0279946676823464,25460,26055,792,0,25263,25871,954670,200,3,0,197,184
2020-10-27,US,Indiana,Marshall,1490,28,0,41.32467367,-86.26185087,18099.0,3221.064464525055,1.8791946308724832,1462,1474,28,0,1446,1451,46248,16,0,0,16,23
2020-10-27,US,Indiana,Martin,204,0,0,38.7099921,-86.80373186,18101.0,1989.2735251097024,0.0,204,205,0,0,205,204,10217,-1,0,0,-1,1
2020-10-27,US,Indiana,Miami,690,5,0,40.76940965,-86.04525048,18103.0,1942.7863498141685,0.7246376811594203,685,671,5,0,666,661,35567,19,0,0,19,10
2020-10-27,US,Indiana,Monroe,3375,38,0,39.16130004,-86.52414358,18105.0,2273.7837783212403,1.125925925925926,3337,3356,38,0,3318,3332,146917,19,0,0,19,24
2020-10-27,US,Indiana,Montgomery,644,22,0,40.04034823,-86.89335024,18107.0,1679.7955031561373,3.4161490683229814,622,631,22,0,609,620,38346,13,0,0,13,11
2020-10-27,US,Indiana,Morgan,1004,40,0,39.47899078,-86.44573375,18109.0,1424.3357119550574,3.98406374501992,964,1003,40,0,963,989,70116,1,0,0,1,14
2020-10-27,US,Indiana,Newton,240,11,0,40.95610449,-87.39635768,18111.0,1716.247139588101,4.583333333333333,229,237,11,0,226,236,14011,3,0,0,3,1
2020-10-27,US,Indiana,Noble,1245,35,0,41.39672484,-85.41966713,18113.0,2607.6575067024132,2.8112449799196786,1210,1229,35,0,1194,1219,47532,16,0,0,16,10
2020-10-27,US,Indiana,Ohio,136,7,0,38.955304999999996,-84.96515993,18115.0,2314.8936170212764,5.147058823529412,129,133,7,0,126,133,5844,3,0,0,3,0
2020-10-27,US,Indiana,Orange,425,25,0,38.54118920000001,-86.49523093,18117.0,2163.290237198412,5.882352941176472,400,424,25,0,399,421,19489,1,0,0,1,3
2020-10-27,US,Indiana,Owen,217,1,0,39.31145587,-86.83900724,18119.0,1043.3193903553056,0.4608294930875576,216,215,1,0,214,211,20845,2,0,0,2,4
2020-10-27,US,Indiana,Parke,260,4,0,39.77202286,-87.20375833,18121.0,1535.1006671783664,1.5384615384615383,256,256,4,0,252,250,16927,4,0,0,4,6
2020-10-27,US,Indiana,Perry,377,14,0,38.07809328,-86.63741946,18123.0,1966.717095310136,3.713527851458886,363,369,14,0,355,361,19102,8,0,0,8,8
2020-10-27,US,Indiana,Pike,363,18,0,38.40112197,-87.23574907,18125.0,2930.0185648559204,4.958677685950414,345,357,18,0,339,343,12410,6,0,0,6,14
2020-10-27,US,Indiana,Porter,3554,50,0,41.45986947,-87.06848888,18127.0,2085.8153988813833,1.4068655036578503,3504,3475,50,0,3425,3416,169594,79,0,0,79,59
2020-10-27,US,Indiana,Posey,778,7,0,38.02097333,-87.86480429,18129.0,3059.739646832108,0.8997429305912596,771,776,7,0,769,766,25540,2,0,0,2,10
2020-10-27,US,Indiana,Pulaski,179,4,0,41.04166107,-86.69890683,18131.0,1449.0407188537195,2.23463687150838,175,178,3,0,175,175,12469,1,1,0,0,3
2020-10-27,US,Indiana,Putnam,783,17,0,39.66437981,-86.84517605,18133.0,2083.776878858846,2.1711366538952745,766,776,16,0,760,766,37779,7,1,0,6,10
2020-10-27,US,Indiana,Randolph,421,10,0,40.15734772,-85.01139319,18135.0,1706.8720859517534,2.375296912114014,411,392,10,0,382,381,24851,29,0,0,29,11
2020-10-27,US,Indiana,Ripley,488,8,0,39.10235626,-85.26212744,18137.0,1722.9204914560091,1.639344262295082,480,483,8,0,475,474,28523,5,0,0,5,9
2020-10-27,US,Indiana,Rush,254,4,0,39.62002287,-85.4655599,18139.0,1531.8738314938785,1.5748031496062993,250,246,4,0,242,230,16663,8,0,0,8,16
2020-10-27,US,Indiana,Scott,559,16,0,38.68672078,-85.74627859,18143.0,2341.557407950404,2.8622540250447233,543,554,13,0,541,545,23878,5,3,0,2,9
2020-10-27,US,Indiana,Shelby,918,35,0,39.52305623,-85.79158570000001,18145.0,2052.3597665943794,3.812636165577342,883,906,32,0,874,894,44593,12,3,0,9,12
2020-10-27,US,Indiana,Spencer,423,6,0,38.01519732,-87.0079644,18147.0,2086.107412339104,1.4184397163120568,417,417,6,0,411,412,20327,6,0,0,6,5
2020-10-27,US,Indiana,St. Joseph,9725,171,0,41.61756781,-86.29040834,18141.0,3577.6562948356677,1.7583547557840618,9554,9606,168,0,9438,9532,270771,119,3,0,116,74
2020-10-27,US,Indiana,Starke,460,8,0,41.27890281,-86.64686895,18149.0,2000.4348771472064,1.7391304347826086,452,443,8,0,435,437,22935,17,0,0,17,6
2020-10-27,US,Indiana,Steuben,674,8,0,41.64423868,-85.00101094,18151.0,1948.3147366595365,1.1869436201780414,666,660,8,0,652,657,34586,14,0,0,14,3
2020-10-27,US,Indiana,Sullivan,467,14,0,39.08952258,-87.41414469,18153.0,2259.4223232860804,2.9978586723768736,453,457,14,0,443,455,20690,10,0,0,10,2
2020-10-27,US,Indiana,Switzerland,99,0,0,38.82767338,-85.03022429,18155.0,920.8445725978979,0.0,99,98,0,0,98,97,10717,1,0,0,1,1
2020-10-27,US,Indiana,Tippecanoe,4024,16,0,40.38872739,-86.89413959,18157.0,2055.8723152065068,0.3976143141153082,4008,3967,15,0,3952,3918,193048,57,1,0,56,49
2020-10-27,US,Indiana,Tipton,285,23,0,40.31123252,-86.05234925,18159.0,1881.4364932664373,8.070175438596491,262,284,23,0,261,282,15128,1,0,0,1,2
2020-10-27,US,Indiana,Unassigned,0,236,0,0.0,0.0,90018.0,0.0,0.0,-236,0,236,0,-236,0,,0,0,0,0,0
2020-10-27,US,Indiana,Union,118,0,0,39.62550777,-84.92497066,18161.0,1672.8097533314428,0.0,118,114,0,0,114,114,7037,4,0,0,4,0
2020-10-27,US,Indiana,Vanderburgh,6224,64,0,38.02658833,-87.58763124,18163.0,3430.12714176279,1.0282776349614395,6160,6171,62,0,6109,6090,180974,53,2,0,51,81
2020-10-27,US,Indiana,Vermillion,276,1,0,39.8523352,-87.46160542,18165.0,1780.874951606659,0.3623188405797101,275,272,1,0,271,268,15479,4,0,0,4,4
2020-10-27,US,Indiana,Vigo,2806,41,0,39.42944561,-87.39169027,18167.0,2621.498906930249,1.4611546685673558,2765,2753,40,0,2713,2724,107386,53,1,0,52,29
2020-10-27,US,Indiana,Wabash,459,9,0,40.84704239,-85.79328272,18169.0,1480.8362369337979,1.96078431372549,450,443,9,0,434,438,31280,16,0,0,16,5
2020-10-27,US,Indiana,Warren,92,1,0,40.34728141,-87.35602659,18171.0,1113.1276467029643,1.0869565217391304,91,91,1,0,90,89,8263,1,0,0,1,2
2020-10-27,US,Indiana,Warrick,2068,65,0,38.08922676,-87.2716085,18173.0,3282.643893456934,3.1431334622823983,2003,2050,65,0,1985,2015,62567,18,0,0,18,35
2020-10-27,US,Indiana,Washington,392,3,0,38.60219804,-86.1049363,18175.0,1398.2023113140247,0.7653061224489796,389,387,3,0,384,386,27943,5,0,0,5,1
2020-10-27,US,Indiana,Wayne,1455,33,0,39.863344399999995,-85.01044989,18177.0,2208.4269321838383,2.268041237113402,1422,1420,31,0,1389,1379,65936,35,2,0,33,41
2020-10-27,US,Indiana,Wells,473,11,0,40.72934187,-85.22132966,18179.0,1671.614362454057,2.3255813953488373,462,456,11,0,445,449,28206,17,0,0,17,7
2020-10-27,US,Indiana,White,630,16,0,40.74911165,-86.86492015,18181.0,2613.890963405527,2.5396825396825395,614,623,16,0,607,610,24133,7,0,0,7,13
2020-10-27,US,Indiana,Whitley,492,6,0,41.13863784,-85.50791236,18183.0,1448.5926274879284,1.2195121951219512,486,483,6,0,477,479,34074,9,0,0,9,4
2020-10-27,US,Iowa,Adair,177,1,0,41.33075609,-94.47105874,19001.0,2474.832214765101,0.5649717514124294,176,170,1,0,169,161,7063,7,0,0,7,9
2020-10-27,US,Iowa,Adams,83,0,0,41.02903567,-94.69932645,19003.0,2304.275402554137,0.0,83,81,0,0,81,81,3645,2,0,0,2,0
2020-10-27,US,Iowa,Allamakee,380,9,0,43.28383218,-91.37860922,19005.0,2776.357127200993,2.3684210526315788,371,371,9,0,362,363,13832,9,0,0,9,8
2020-10-27,US,Iowa,Appanoose,233,3,0,40.74324454,-92.86865906,19007.0,1875.100595525511,1.2875536480686696,230,227,3,0,224,225,12437,6,0,0,6,2
2020-10-27,US,Iowa,Audubon,151,1,0,41.6844628,-94.90581859,19009.0,2747.45269286754,0.6622516556291391,150,148,1,0,147,142,5506,3,0,0,3,6
2020-10-27,US,Iowa,Benton,598,2,0,42.08011739,-92.06463573,19011.0,2331.838565022421,0.33444816053511706,596,590,2,0,588,581,25642,8,0,0,8,9
2020-10-27,US,Iowa,Black Hawk,5727,101,0,42.4704581,-92.30524729,19013.0,4364.160087786143,1.7635760433036494,5626,5626,98,0,5528,5574,132408,101,3,0,98,52
2020-10-27,US,Iowa,Boone,726,9,0,42.03657094,-93.9313999,19015.0,2767.401082564611,1.2396694214876034,717,723,9,0,714,717,26346,3,0,0,3,6
2020-10-27,US,Iowa,Bremer,687,9,0,42.77461496,-92.31795937,19017.0,2741.2018194876705,1.310043668122271,678,677,9,0,668,671,24947,10,0,0,10,6
2020-10-27,US,Iowa,Buchanan,462,5,0,42.4709188,-91.83510825,19019.0,2181.818181818182,1.0822510822510822,457,454,4,0,450,451,21199,8,1,0,7,3
2020-10-27,US,Iowa,Buena Vista,2268,12,0,42.73545875,-95.15100162,19021.0,11559.633027522937,0.5291005291005291,2256,2261,12,0,2249,2255,19874,7,0,0,7,6
2020-10-27,US,Iowa,Butler,388,3,0,42.73172833,-92.79015971,19023.0,2687.1667012951034,0.7731958762886598,385,383,2,0,381,378,14539,5,1,0,4,5
2020-10-27,US,Iowa,Calhoun,312,4,0,42.38521079,-94.64046046,19025.0,3227.1410839884147,1.2820512820512822,308,309,4,0,305,307,9699,3,0,0,3,2
2020-10-27,US,Iowa,Carroll,1168,13,0,42.03617207,-94.86032705,19027.0,5792.214232581205,1.1130136986301369,1155,1156,12,0,1144,1145,20154,12,1,0,11,11
2020-10-27,US,Iowa,Cass,402,3,0,41.33149454,-94.92792482,19029.0,3131.81676534746,0.746268656716418,399,390,3,0,387,388,12930,12,0,0,12,2
2020-10-27,US,Iowa,Cedar,477,7,0,41.77233777,-91.13246684,19031.0,2560.798840392978,1.4675052410901468,470,474,6,0,468,460,18627,3,1,0,2,14
2020-10-27,US,Iowa,Cerro Gordo,1402,27,0,43.08177563,-93.2612239,19033.0,3302.709069493522,1.9258202567760343,1375,1377,26,0,1351,1362,42647,25,1,0,24,15
2020-10-27,US,Iowa,Cherokee,406,2,0,42.73538914,-95.62389402,19035.0,3613.707165109033,0.4926108374384237,404,403,2,0,401,402,11321,3,0,0,3,1
2020-10-27,US,Iowa,Chickasaw,364,1,0,43.06001295,-92.31773347,19037.0,3050.3645353222155,0.27472527472527475,363,361,1,0,360,356,11964,3,0,0,3,5
2020-10-27,US,Iowa,Clarke,357,3,0,41.02868181,-93.78499767,19039.0,3799.893560404471,0.8403361344537815,354,352,3,0,349,349,9423,5,0,0,5,3
2020-10-27,US,Iowa,Clay,541,4,0,43.08247182,-95.15096481,19041.0,3377.872127872128,0.7393715341959335,537,535,4,0,531,528,16134,6,0,0,6,7
2020-10-27,US,Iowa,Clayton,450,3,0,42.84443388,-91.34133693,19043.0,2564.2486751381844,0.6666666666666666,447,423,3,0,420,419,17556,27,0,0,27,4
2020-10-27,US,Iowa,Clinton,1502,27,0,41.89981633,-90.53275096,19045.0,3235.0470611040514,1.7976031957390146,1475,1492,26,0,1466,1483,46518,10,1,0,9,9
2020-10-27,US,Iowa,Crawford,1363,14,0,42.03718237,-95.3819718,19047.0,8103.448275862069,1.0271460014673517,1349,1361,14,0,1347,1355,17158,2,0,0,2,6
2020-10-27,US,Iowa,Dallas,3485,44,0,41.68560356,-94.04127625,19049.0,3729.147271890683,1.2625538020086082,3441,3463,44,0,3419,3443,90180,22,0,0,22,20
2020-10-27,US,Iowa,Davis,179,4,0,40.74773536,-92.41005468,19051.0,1988.888888888889,2.23463687150838,175,178,4,0,174,176,9017,1,0,0,1,2
2020-10-27,US,Iowa,Decatur,153,0,0,40.73742757,-93.78645949,19053.0,1944.0914866581961,0.0,153,150,0,0,150,150,7890,3,0,0,3,0
2020-10-27,US,Iowa,Delaware,802,13,0,42.47104597,-91.3664492,19055.0,4714.596437599201,1.6209476309226931,789,780,13,0,767,778,17069,22,0,0,22,2
2020-10-27,US,Iowa,Des Moines,1409,10,0,40.92012606,-91.18326592,19057.0,3615.8801036774707,0.7097232079489,1399,1396,10,0,1386,1386,39138,13,0,0,13,10
2020-10-27,US,Iowa,Dickinson,752,9,0,43.37787725,-95.1510206,19059.0,4357.399466913896,1.1968085106382977,743,741,7,0,734,734,17153,11,2,0,9,7
2020-10-27,US,Iowa,Dubuque,5295,58,0,42.46815349,-90.88181925,19061.0,5441.317014520455,1.0953729933899905,5237,5211,57,0,5154,5186,96854,84,1,0,83,25
2020-10-27,US,Iowa,Emmet,435,20,0,43.37782951,-94.67858943,19063.0,4724.152910512597,4.597701149425287,415,430,19,0,411,429,9253,5,1,0,4,1
2020-10-27,US,Iowa,Fayette,384,4,0,42.86271799,-91.84412309999999,19065.0,1954.1984732824426,1.0416666666666667,380,381,4,0,377,374,19660,3,0,0,3,7
2020-10-27,US,Iowa,Floyd,440,11,0,43.06000529999999,-92.78940097,19067.0,2812.9395218002805,2.5,429,437,11,0,426,433,15761,3,0,0,3,4
2020-10-27,US,Iowa,Franklin,382,18,0,42.73270384,-93.26256925,19069.0,3793.445878848063,4.712041884816754,364,381,18,0,363,380,10124,1,0,0,1,1
2020-10-27,US,Iowa,Fremont,209,1,0,40.74542720000001,-95.60129045,19071.0,3002.873563218391,0.4784688995215311,208,206,1,0,205,202,6993,3,0,0,3,4
2020-10-27,US,Iowa,Greene,188,0,0,42.03614551,-94.39658081,19073.0,2115.2115211521154,0.0,188,187,0,0,187,186,8981,1,0,0,1,1
2020-10-27,US,Iowa,Grundy,318,6,0,42.40183723,-92.78829551,19075.0,2599.738391105297,1.8867924528301887,312,311,5,0,306,307,12304,7,1,0,6,4
2020-10-27,US,Iowa,Guthrie,407,15,0,41.68378965,-94.50111014,19077.0,3807.652727102629,3.6855036855036856,392,395,15,0,380,391,10720,12,0,0,12,4
2020-10-27,US,Iowa,Hamilton,478,4,0,42.38382428,-93.70197703,19079.0,3235.6325729371147,0.8368200836820083,474,475,4,0,471,468,14952,3,0,0,3,7
2020-10-27,US,Iowa,Hancock,331,4,0,43.08178477,-93.73454884,19081.0,3113.828786453433,1.2084592145015105,327,320,4,0,316,316,10712,11,0,0,11,4
2020-10-27,US,Iowa,Hardin,483,7,0,42.38353877,-93.23654611,19083.0,2867.149471684673,1.4492753623188406,476,477,7,0,470,475,16868,6,0,0,6,2
2020-10-27,US,Iowa,Harrison,673,15,0,41.68330137,-95.81558439,19085.0,4790.376539255463,2.2288261515601784,658,658,15,0,643,653,14134,15,0,0,15,5
2020-10-27,US,Iowa,Henry,1074,5,0,40.98767962,-91.54436349,19087.0,5382.379472787411,0.4655493482309125,1069,1067,5,0,1062,1054,20067,7,0,0,7,13
2020-10-27,US,Iowa,Howard,274,9,0,43.35671042,-92.31702714,19089.0,2991.9196331076646,3.2846715328467155,265,270,9,0,261,269,9187,4,0,0,4,1
2020-10-27,US,Iowa,Humboldt,338,3,0,42.7764426,-94.20722537,19091.0,3536.304666248169,0.8875739644970414,335,325,3,0,322,323,9547,13,0,0,13,2
2020-10-27,US,Iowa,Ida,196,2,0,42.38696136,-95.51355387,19093.0,2857.142857142857,1.020408163265306,194,193,2,0,191,192,6841,3,0,0,3,1
2020-10-27,US,Iowa,Iowa,418,9,0,41.68630265,-92.0643373,19095.0,2582.7978250123583,2.15311004784689,409,410,9,0,401,405,16141,8,0,0,8,5
2020-10-27,US,Iowa,Jackson,646,3,0,42.17178824,-90.57354837,19097.0,3323.216214825865,0.4643962848297213,643,633,3,0,630,628,19432,13,0,0,13,5
2020-10-27,US,Iowa,Jasper,1123,34,0,41.68576082,-93.05567785,19099.0,3020.034960333468,3.0276046304541406,1089,1112,34,0,1078,1096,37147,11,0,0,11,16
2020-10-27,US,Iowa,Jefferson,245,1,0,41.03192394,-91.94849466,19101.0,1339.1637059305822,0.4081632653061225,244,239,1,0,238,238,18381,6,0,0,6,1
2020-10-27,US,Iowa,Johnson,5906,30,0,41.67169354,-91.58754744,19103.0,3907.6353050152175,0.5079580088046055,5876,5862,30,0,5832,5844,151260,44,0,0,44,18
2020-10-27,US,Iowa,Jones,454,4,0,42.12118609,-91.13139641,19105.0,2195.2516802862533,0.8810572687224669,450,447,4,0,443,444,20744,7,0,0,7,3
2020-10-27,US,Iowa,Keokuk,164,1,0,41.33649833,-92.1785067,19107.0,1600.6246340035134,0.6097560975609756,163,161,1,0,160,160,10225,3,0,0,3,1
2020-10-27,US,Iowa,Kossuth,477,0,0,43.20405458,-94.20691791,19109.0,3220.1444676972933,0.0,477,469,0,0,469,466,14908,8,0,0,8,3
2020-10-27,US,Iowa,Lee,959,10,0,40.64181461,-91.48183025,19111.0,2849.332976795317,1.042752867570386,949,956,10,0,946,954,34055,3,0,0,3,2
2020-10-27,US,Iowa,Linn,5692,132,0,42.07923082,-91.59809485,19113.0,2510.74078321703,2.3190442726633878,5560,5591,132,0,5459,5513,225909,101,0,0,101,78
2020-10-27,US,Iowa,Louisa,525,15,0,41.21842119,-91.26102611,19115.0,4757.58948799275,2.8571428571428568,510,523,15,0,508,521,11169,2,0,0,2,2
2020-10-27,US,Iowa,Lucas,206,6,0,41.02958964,-93.32780803,19117.0,2395.3488372093025,2.9126213592233015,200,205,6,0,199,201,8645,1,0,0,1,4
2020-10-27,US,Iowa,Lyon,556,8,0,43.38107862,-96.20926845,19119.0,4729.902169289664,1.4388489208633093,548,553,7,0,546,549,11811,3,1,0,2,4
2020-10-27,US,Iowa,Madison,364,3,0,41.33081904,-94.01554631,19121.0,2227.934875749786,0.8241758241758241,361,362,3,0,359,360,16249,2,0,0,2,2
2020-10-27,US,Iowa,Mahaska,709,24,0,41.33521503,-92.64083907,19123.0,3208.8707852455304,3.385049365303243,685,697,24,0,673,687,22000,12,0,0,12,10
2020-10-27,US,Iowa,Marion,1032,11,0,41.33445101,-93.09934783,19125.0,3103.479385318619,1.0658914728682172,1021,1018,10,0,1008,1007,33407,14,1,0,13,11
2020-10-27,US,Iowa,Marshall,2044,36,0,42.03586837,-92.99908190000001,19127.0,5191.902258121872,1.761252446183953,2008,2020,36,0,1984,2014,39981,24,0,0,24,6
2020-10-27,US,Iowa,Mills,405,3,0,41.03299766,-95.61920963,19129.0,2680.5215434509228,0.7407407407407407,402,405,3,0,402,397,15063,0,0,0,0,8
2020-10-27,US,Iowa,Mitchell,283,1,0,43.35638371,-92.78887719,19131.0,2673.3421500094464,0.353356890459364,282,281,1,0,280,275,10569,2,0,0,2,6
2020-10-27,US,Iowa,Monona,245,2,0,42.05220391,-95.95743843,19133.0,2843.8769587928027,0.8163265306122449,243,245,1,0,244,244,8679,0,1,0,-1,1
2020-10-27,US,Iowa,Monroe,262,11,0,41.02988815,-92.8690667,19135.0,3399.5069417412737,4.198473282442748,251,259,11,0,248,259,7790,3,0,0,3,0
2020-10-27,US,Iowa,Montgomery,180,7,0,41.03018714,-95.15642896,19137.0,1815.0650398305936,3.888888888888889,173,178,7,0,171,173,10003,2,0,0,2,5
2020-10-27,US,Iowa,Muscatine,1487,58,0,41.48370744,-91.11216970000001,19139.0,3485.374085880368,3.900470746469401,1429,1477,58,0,1419,1442,42929,10,0,0,10,35
2020-10-27,US,Iowa,O'Brien,687,14,0,43.08310673,-95.62474482,19141.0,4995.273758452701,2.037845705967977,673,684,14,0,670,664,13840,3,0,0,3,20
2020-10-27,US,Iowa,Osceola,289,0,0,43.37824276,-95.62422844,19143.0,4850.621013763008,0.0,289,285,1,0,284,279,6040,4,-1,0,5,6
2020-10-27,US,Iowa,Page,413,0,0,40.7393172,-95.1497813,19145.0,2733.8319984113323,0.0,413,406,0,0,406,399,15249,7,0,0,7,7
2020-10-27,US,Iowa,Palo Alto,316,2,0,43.08193849,-94.67824621,19147.0,3556.15575061895,0.6329113924050633,314,314,2,0,312,310,8929,2,0,0,2,4
2020-10-27,US,Iowa,Plymouth,1678,31,0,42.737633,-96.21366621,19149.0,6664.813123088533,1.8474374255065555,1647,1667,28,0,1639,1657,25095,11,3,0,8,10
2020-10-27,US,Iowa,Pocahontas,232,2,0,42.73420133,-94.67862564,19151.0,3505.061187490557,0.8620689655172413,230,226,2,0,224,223,6740,6,0,0,6,3
2020-10-27,US,Iowa,Polk,19173,289,0,41.68679484,-93.57767461,19153.0,3911.571912086029,1.5073280133521096,18884,19024,288,0,18736,18874,487204,149,1,0,148,150
2020-10-27,US,Iowa,Pottawattamie,3267,44,0,41.33640314,-95.53907776,19155.0,3505.1391541317084,1.3468013468013469,3223,3247,44,0,3203,3235,93533,20,0,0,20,12
2020-10-27,US,Iowa,Poweshiek,462,11,0,41.68625425,-92.53155731,19157.0,2496.757457846952,2.380952380952381,451,459,11,0,448,456,18699,3,0,0,3,3
2020-10-27,US,Iowa,Ringgold,92,2,0,40.73518949,-94.24368535,19159.0,1879.852881078872,2.1739130434782608,90,88,2,0,86,88,4968,4,0,0,4,0
2020-10-27,US,Iowa,Sac,403,4,0,42.38624071,-95.10547892,19161.0,4145.664026334739,0.9925558312655088,399,399,4,0,395,397,9719,4,0,0,4,2
2020-10-27,US,Iowa,Scott,4662,41,0,41.63935978,-90.61959493,19163.0,2695.6858618157426,0.8794508794508794,4621,4566,39,0,4527,4541,173283,96,2,0,94,25
2020-10-27,US,Iowa,Shelby,381,2,0,41.6850066,-95.31015553,19165.0,3326.348873755893,0.5249343832020997,379,373,2,0,371,372,11578,8,0,0,8,1
2020-10-27,US,Iowa,Sioux,2470,17,0,43.08221074,-96.17675679999999,19167.0,7086.501219337253,0.6882591093117408,2453,2447,16,0,2431,2425,34909,23,1,0,22,22
2020-10-27,US,Iowa,Story,4039,18,0,42.03621213,-93.46499005,19169.0,4158.901119268511,0.4456548650656103,4021,4010,18,0,3992,3989,98105,29,0,0,29,21
2020-10-27,US,Iowa,Tama,958,37,0,42.07991767,-92.53266945,19171.0,5684.110596890946,3.862212943632568,921,948,37,0,911,944,16904,10,0,0,10,4
2020-10-27,US,Iowa,Taylor,248,2,0,40.73710579,-94.69778563,19173.0,4051.6255513804936,0.8064516129032258,246,243,2,0,241,236,6191,5,0,0,5,7
2020-10-27,US,Iowa,Unassigned,15,0,0,0.0,0.0,90019.0,0.0,0.0,15,11,0,0,11,26,,4,0,0,4,-15
2020-10-27,US,Iowa,Union,252,4,0,41.0277278,-94.24234847,19175.0,2058.6553386161263,1.5873015873015872,248,231,4,0,227,232,12359,21,0,0,21,-1
2020-10-27,US,Iowa,Van Buren,181,2,0,40.75326764,-91.95017958,19177.0,2569.562748438387,1.1049723756906078,179,180,2,0,178,174,7020,1,0,0,1,6
2020-10-27,US,Iowa,Wapello,1541,62,0,41.03064984,-92.40954728,19179.0,4406.760273384998,4.0233614536015585,1479,1530,62,0,1468,1525,35205,11,0,0,11,5
2020-10-27,US,Iowa,Warren,1273,7,0,41.33559454,-93.56007641,19181.0,2473.4776357206697,0.5498821681068342,1266,1261,7,0,1254,1247,51056,12,0,0,12,14
2020-10-27,US,Iowa,Washington,667,11,0,41.33577126,-91.71725711,19183.0,3036.6492146596856,1.6491754122938531,656,662,11,0,651,653,22141,5,0,0,5,9
2020-10-27,US,Iowa,Wayne,132,3,0,40.73969028,-93.32752197,19185.0,2049.371215649744,2.272727272727273,129,121,3,0,118,120,6401,11,0,0,11,1
2020-10-27,US,Iowa,Webster,1891,15,0,42.42853483,-94.17987389,19187.0,5266.822638146167,0.7932310946589106,1876,1844,15,0,1829,1830,36277,47,0,0,47,14
2020-10-27,US,Iowa,Winnebago,502,19,0,43.37751174,-93.73407298,19189.0,4848.367780567896,3.784860557768925,483,497,19,0,478,487,10518,5,0,0,5,10
2020-10-27,US,Iowa,Winneshiek,483,9,0,43.29094334,-91.84422722,19191.0,2416.087239257666,1.8633540372670807,474,477,9,0,468,474,20029,6,0,0,6,3
2020-10-27,US,Iowa,Woodbury,7285,97,0,42.38979414,-96.0459439,19193.0,7065.4756709049825,1.331503088538092,7188,7247,97,0,7150,7183,102539,38,0,0,38,64
2020-10-27,US,Iowa,Worth,146,0,0,43.37750768,-93.26087602,19195.0,1978.0517545048097,0.0,146,145,0,0,145,144,7453,1,0,0,1,1
2020-10-27,US,Iowa,Wright,734,1,0,42.73305373,-93.73515113,19197.0,5843.018627607069,0.1362397820163488,733,727,1,0,726,719,12690,7,0,0,7,8
2020-10-27,US,Kansas,Allen,112,1,0,37.88582951,-95.30030847,20001.0,905.489530277306,0.8928571428571429,111,112,1,0,111,112,12444,0,0,0,0,0
2020-10-27,US,Kansas,Anderson,177,0,0,38.21413251,-95.29272815,20003.0,2252.4815474675493,0.0,177,177,0,0,177,167,7878,0,0,0,0,10
2020-10-27,US,Kansas,Atchison,512,5,0,39.53185661,-95.30870026,20005.0,3185.4663099608038,0.9765625,507,512,5,0,507,512,16193,0,0,0,0,0
2020-10-27,US,Kansas,Barber,41,0,0,37.2288586,-98.68460053,20007.0,926.1350801897447,0.0,41,41,0,0,41,36,4472,0,0,0,0,5
2020-10-27,US,Kansas,Barton,757,7,0,38.47889676,-98.75636726,20009.0,2936.498700492649,0.9247027741083224,750,729,7,0,722,729,26111,28,0,0,28,0
2020-10-27,US,Kansas,Bourbon,306,3,0,37.85508555,-94.84865997,20011.0,2105.4080088069354,0.9803921568627452,303,306,3,0,303,306,14653,0,0,0,0,0
2020-10-27,US,Kansas,Brown,204,5,0,39.82652589,-95.56421698,20013.0,2132.998745294856,2.4509803921568634,199,204,5,0,199,204,9598,0,0,0,0,0
2020-10-27,US,Kansas,Butler,900,3,0,37.78134351,-96.83878537,20015.0,1345.0703172871424,0.3333333333333333,897,900,3,0,897,841,66765,0,0,0,0,59
2020-10-27,US,Kansas,Chase,107,3,0,38.30292938,-96.59563862,20017.0,4040.785498489426,2.803738317757009,104,107,3,0,104,90,2629,0,0,0,0,17
2020-10-27,US,Kansas,Chautauqua,22,0,0,37.14994405,-96.2454192,20019.0,676.9230769230769,0.0,22,22,0,0,22,21,3309,0,0,0,0,1
2020-10-27,US,Kansas,Cherokee,681,7,0,37.16928494,-94.8462897,20021.0,3415.4170219168464,1.027900146842878,674,681,7,0,674,660,20015,0,0,0,0,21
2020-10-27,US,Kansas,Cheyenne,111,5,0,39.78580976,-101.7318201,20023.0,4177.643959352653,4.504504504504505,106,111,5,0,106,111,2660,0,0,0,0,0
2020-10-27,US,Kansas,Clark,64,4,0,37.23577007,-99.81883015,20025.0,3209.62888665998,6.25,60,64,4,0,60,63,2005,0,0,0,0,1
2020-10-27,US,Kansas,Clay,102,3,0,39.34948772,-97.16518128,20027.0,1274.6813296675832,2.9411764705882355,99,102,3,0,99,96,7997,0,0,0,0,6
2020-10-27,US,Kansas,Cloud,130,1,0,39.48028352,-97.64925343,20029.0,1479.6266788071932,0.7692307692307693,129,130,1,0,129,116,8729,0,0,0,0,14
2020-10-27,US,Kansas,Coffey,154,9,0,38.2365018,-95.73379515,20031.0,1882.870766597384,5.8441558441558445,145,154,9,0,145,154,8233,0,0,0,0,0
2020-10-27,US,Kansas,Comanche,20,0,0,37.19114520000001,-99.27113247,20033.0,1176.4705882352941,0.0,20,20,0,0,20,20,1748,0,0,0,0,0
2020-10-27,US,Kansas,Cowley,500,10,0,37.23781842,-96.83776647,20035.0,1432.3364271800158,2.0,490,500,10,0,490,490,35218,0,0,0,0,10
2020-10-27,US,Kansas,Crawford,1449,12,0,37.50675523,-94.85245778,20037.0,3732.804369107115,0.8281573498964804,1437,1384,10,0,1374,1384,39019,65,2,0,63,0
2020-10-27,US,Kansas,Decatur,88,1,0,39.78468441,-100.45940809999999,20039.0,3112.84046692607,1.1363636363636365,87,88,1,0,87,76,2871,0,0,0,0,12
2020-10-27,US,Kansas,Dickinson,303,3,0,38.86600962,-97.15532383,20041.0,1640.8534604137333,0.99009900990099,300,303,3,0,300,294,18717,0,0,0,0,9
2020-10-27,US,Kansas,Doniphan,211,1,0,39.79067154,-95.14056866,20043.0,2776.315789473684,0.4739336492890995,210,211,0,0,211,201,7682,0,1,0,-1,10
2020-10-27,US,Kansas,Douglas,2880,18,0,38.88503636,-95.2925121,20045.0,2355.6547984197477,0.625,2862,2842,18,0,2824,2799,121436,38,0,0,38,43
2020-10-27,US,Kansas,Edwards,67,0,0,37.88735543,-99.31263309,20047.0,2394.567548248749,0.0,67,67,0,0,67,67,2849,0,0,0,0,0
2020-10-27,US,Kansas,Elk,13,0,0,37.45338105,-96.24369667,20049.0,513.8339920948616,0.0,13,13,0,0,13,13,2508,0,0,0,0,0
2020-10-27,US,Kansas,Ellis,1376,18,0,38.91458712,-99.31751551,20051.0,4819.1083248695395,1.3081395348837208,1358,1376,18,0,1358,1352,28710,0,0,0,0,24
2020-10-27,US,Kansas,Ellsworth,231,1,0,38.69677695,-98.20462799,20053.0,3785.644051130777,0.4329004329004329,230,231,1,0,230,209,6196,0,0,0,0,22
2020-10-27,US,Kansas,Finney,2981,18,0,38.04340344,-100.73819379999999,20055.0,8174.513944113856,0.6038242200603824,2963,2953,18,0,2935,2900,36611,28,0,0,28,53
2020-10-27,US,Kansas,Ford,3210,13,0,37.69200114,-99.88825298,20057.0,9548.17216454981,0.4049844236760125,3197,3210,13,0,3197,3193,33888,0,0,0,0,17
2020-10-27,US,Kansas,Franklin,531,3,0,38.56443815,-95.28644341,20059.0,2078.766050735985,0.5649717514124294,528,522,3,0,519,522,25631,9,0,0,9,0
2020-10-27,US,Kansas,Geary,389,4,0,38.99871131,-96.7577178,20061.0,1228.2917587622355,1.0282776349614395,385,389,4,0,385,385,32594,0,0,0,0,4
2020-10-27,US,Kansas,Gove,162,10,0,38.91588178,-100.4829321,20063.0,6145.6752655538685,6.172839506172839,152,162,10,0,152,162,2612,0,0,0,0,0
2020-10-27,US,Kansas,Graham,56,1,0,39.34987223,-99.88332493,20065.0,2256.2449637389204,1.7857142857142858,55,56,1,0,55,56,2492,0,0,0,0,0
2020-10-27,US,Kansas,Grant,434,8,0,37.56227336,-101.3079758,20067.0,6069.930069930071,1.8433179723502304,426,429,8,0,421,429,7336,5,0,0,5,0
2020-10-27,US,Kansas,Gray,197,0,0,37.73836671,-100.4369088,20069.0,3289.9131596526386,0.0,197,197,0,0,197,197,6033,0,0,0,0,0
2020-10-27,US,Kansas,Greeley,34,0,0,38.4808095,-101.8061079,20071.0,2759.74025974026,0.0,34,34,0,0,34,34,1227,0,0,0,0,0
2020-10-27,US,Kansas,Greenwood,89,0,0,37.8774388,-96.23250453,20073.0,1487.7967235038445,0.0,89,89,0,0,89,85,6055,0,0,0,0,4
2020-10-27,US,Kansas,Hamilton,60,0,0,37.99978709,-101.7921066,20075.0,2363.135092556125,0.0,60,60,0,0,60,60,2607,0,0,0,0,0
2020-10-27,US,Kansas,Harper,152,2,0,37.19175361,-98.07578384,20077.0,2796.1736571008087,1.3157894736842106,150,152,2,0,150,149,5506,0,0,0,0,3
2020-10-27,US,Kansas,Harvey,553,7,0,38.04293782,-97.42747573,20079.0,1606.2040721484796,1.2658227848101269,546,553,7,0,546,518,34210,0,0,0,0,35
2020-10-27,US,Kansas,Haskell,103,1,0,37.562039399999996,-100.8710738,20081.0,2595.766129032258,0.9708737864077671,102,103,1,0,102,103,3997,0,0,0,0,0
2020-10-27,US,Kansas,Hodgeman,33,0,0,38.08780079,-99.89829881,20083.0,1839.464882943144,0.0,33,33,0,0,33,33,1818,0,0,0,0,0
2020-10-27,US,Kansas,Jackson,323,4,0,39.41673394,-95.79356799,20085.0,2452.3574519778304,1.238390092879257,319,315,4,0,311,315,13280,8,0,0,8,0
2020-10-27,US,Kansas,Jefferson,282,6,0,39.2347941,-95.38289232,20087.0,1480.859108333771,2.127659574468085,276,269,4,0,265,269,18975,13,2,0,11,0
2020-10-27,US,Kansas,Jewell,29,1,0,39.78470589,-98.21820662,20089.0,1007.2941993747827,3.4482758620689653,28,29,1,0,28,28,2841,0,0,0,0,1
2020-10-27,US,Kansas,Johnson,14037,196,0,38.88548175,-94.82250877,20091.0,2330.175414715447,1.3963097527961814,13841,13813,192,0,13621,13751,597555,224,4,0,220,62
2020-10-27,US,Kansas,Kearny,159,6,0,38.00017981,-101.32168100000001,20093.0,4142.782699322564,3.7735849056603774,153,159,6,0,153,139,3943,0,0,0,0,20
2020-10-27,US,Kansas,Kingman,125,3,0,37.55909527,-98.13638678,20095.0,1747.7628635346755,2.4,122,125,3,0,122,119,7310,0,0,0,0,6
2020-10-27,US,Kansas,Kiowa,69,0,0,37.55848695,-99.2856537,20097.0,2787.878787878788,0.0,69,69,0,0,69,69,2516,0,0,0,0,0
2020-10-27,US,Kansas,Labette,394,6,0,37.19113093,-95.29849679,20099.0,2008.3596696911,1.5228426395939083,388,378,6,0,372,372,19964,16,0,0,16,6
2020-10-27,US,Kansas,Lane,23,0,0,38.48119447,-100.46607540000001,20101.0,1498.3713355048858,0.0,23,23,0,0,23,21,1560,0,0,0,0,2
2020-10-27,US,Kansas,Leavenworth,2540,18,0,39.20183497,-95.03620809,20103.0,3106.7296166735987,0.7086614173228346,2522,2540,18,0,2522,2520,81352,0,0,0,0,20
2020-10-27,US,Kansas,Lincoln,20,1,0,39.04549684,-98.20756994,20105.0,675.219446320054,5.0,19,20,1,0,19,20,3023,0,0,0,0,0
2020-10-27,US,Kansas,Linn,110,1,0,38.21267844,-94.84254089,20107.0,1133.669998969391,0.9090909090909092,109,110,1,0,109,110,9750,0,0,0,0,0
2020-10-27,US,Kansas,Logan,68,0,0,38.91735806,-101.148475,20109.0,2433.78668575519,0.0,68,68,0,0,68,68,2844,0,0,0,0,0
2020-10-27,US,Kansas,Lyon,1314,40,0,38.45576156,-96.15275715,20111.0,3958.427474017171,3.0441400304413997,1274,1304,40,0,1264,1288,33406,10,0,0,10,16
2020-10-27,US,Kansas,Marion,118,1,0,38.35855394,-97.09852509999999,20115.0,992.9316728374284,0.8474576271186439,117,118,1,0,117,116,11950,0,0,0,0,2
2020-10-27,US,Kansas,Marshall,67,0,0,39.78359669,-96.52278974,20117.0,690.2235500154527,0.0,67,67,0,0,67,65,9722,0,0,0,0,2
2020-10-27,US,Kansas,McPherson,412,6,0,38.39184858,-97.64769869,20113.0,1443.486791395137,1.4563106796116505,406,390,6,0,384,390,28537,22,0,0,22,0
2020-10-27,US,Kansas,Meade,141,1,0,37.23859987,-100.36483100000001,20119.0,3496.1567071658806,0.7092198581560284,140,141,1,0,140,141,4146,0,0,0,0,0
2020-10-27,US,Kansas,Miami,509,2,0,38.56383358,-94.83832189,20121.0,1486.6956801121594,0.3929273084479371,507,509,2,0,507,509,33680,0,0,0,0,0
2020-10-27,US,Kansas,Mitchell,62,0,0,39.39331582,-98.20906732,20123.0,1036.9627027931092,0.0,62,62,0,0,62,62,6150,0,0,0,0,0
2020-10-27,US,Kansas,Montgomery,656,6,0,37.19236568,-95.74329258,20125.0,2061.0135411103083,0.9146341463414634,650,656,6,0,650,656,32120,0,0,0,0,0
2020-10-27,US,Kansas,Morris,57,0,0,38.68827511,-96.65128437,20127.0,1014.2348754448401,0.0,57,57,0,0,57,56,5521,0,0,0,0,1
2020-10-27,US,Kansas,Morton,41,2,0,37.19141121,-101.79925190000002,20129.0,1584.8473134905296,4.878048780487805,39,41,2,0,39,41,2667,0,0,0,0,0
2020-10-27,US,Kansas,Nemaha,315,2,0,39.78345387,-96.01392079,20131.0,3078.8779200469157,0.6349206349206349,313,258,1,0,257,258,10155,57,1,0,56,0
2020-10-27,US,Kansas,Neosho,274,0,0,37.55862897,-95.30670046,20133.0,1711.7511088898611,0.0,274,255,0,0,255,255,15951,19,0,0,19,0
2020-10-27,US,Kansas,Ness,148,9,0,38.47974157,-99.91547333,20135.0,5381.818181818182,6.081081081081082,139,148,9,0,139,148,2840,0,0,0,0,0
2020-10-27,US,Kansas,Norton,576,14,0,39.78443827,-99.90286639,20137.0,10744.264129826523,2.430555555555556,562,576,14,0,562,477,5430,0,0,0,0,99
2020-10-27,US,Kansas,Osage,158,3,0,38.65235984,-95.72707998,20139.0,990.6577214872406,1.8987341772151896,155,158,3,0,155,156,15941,0,0,0,0,2
2020-10-27,US,Kansas,Osborne,23,0,0,39.3503437,-98.76753828,20141.0,672.3180356620871,0.0,23,23,0,0,23,21,3475,0,0,0,0,2
2020-10-27,US,Kansas,Ottawa,111,0,0,39.13237408,-97.65020313,20143.0,1946.0028050490885,0.0,111,111,0,0,111,111,5802,0,0,0,0,0
2020-10-27,US,Kansas,Pawnee,413,1,0,38.18108732,-99.23692334,20145.0,6439.0396008730895,0.2421307506053269,412,413,1,0,412,413,6562,0,0,0,0,0
2020-10-27,US,Kansas,Phillips,186,9,0,39.78465501,-99.34668865,20147.0,3553.687428353076,4.838709677419356,177,186,9,0,177,183,5317,0,0,0,0,3
2020-10-27,US,Kansas,Pottawatomie,382,0,0,39.37925655,-96.34564657,20149.0,1566.6652995939794,0.0,382,382,0,0,382,376,24277,0,0,0,0,6
2020-10-27,US,Kansas,Pratt,123,0,0,37.64780729,-98.73922153,20151.0,1342.2086425141858,0.0,123,123,0,0,123,114,9378,0,0,0,0,9
2020-10-27,US,Kansas,Rawlins,85,0,0,39.78525843,-101.07616170000001,20153.0,3359.683794466403,0.0,85,85,0,0,85,82,2508,0,0,0,0,3
2020-10-27,US,Kansas,Reno,2154,16,0,37.95230263,-98.08607292,20155.0,3474.3056227620245,0.7428040854224698,2138,2106,15,0,2091,2029,62342,48,1,0,47,77
2020-10-27,US,Kansas,Republic,79,1,0,39.82799632,-97.65036709,20157.0,1704.0552200172565,1.2658227848101269,78,79,1,0,78,76,4664,0,0,0,0,3
2020-10-27,US,Kansas,Rice,143,1,0,38.34616184,-98.19992118,20159.0,1499.4232987312573,0.6993006993006993,142,136,1,0,135,136,9531,7,0,0,7,0
2020-10-27,US,Kansas,Riley,2152,11,0,39.28935726,-96.73420026,20161.0,2899.019290871861,0.5111524163568774,2141,2152,11,0,2141,2123,73703,0,0,0,0,29
2020-10-27,US,Kansas,Rooks,150,7,0,39.35022773,-99.32484567,20163.0,3048.780487804879,4.666666666666667,143,150,7,0,143,145,5013,0,0,0,0,5
2020-10-27,US,Kansas,Rush,98,0,0,38.52275276,-99.30863983,20165.0,3227.931488801054,0.0,98,98,0,0,98,98,3093,0,0,0,0,0
2020-10-27,US,Kansas,Russell,180,4,0,38.91462787,-98.76254297,20167.0,2625.4375729288213,2.2222222222222223,176,180,4,0,176,174,6907,0,0,0,0,6
2020-10-27,US,Kansas,Saline,1092,13,0,38.78369175,-97.65185177,20169.0,2013.8683977574506,1.1904761904761905,1079,1092,13,0,1079,1068,54401,0,0,0,0,24
2020-10-27,US,Kansas,Scott,177,1,0,38.48222076,-100.90665390000001,20171.0,3669.914990669709,0.5649717514124294,176,176,1,0,175,176,4897,1,0,0,1,0
2020-10-27,US,Kansas,Sedgwick,11194,127,0,37.6842718,-97.4608198,20173.0,2169.203281903411,1.1345363587636237,11067,10995,127,0,10868,10861,513607,199,0,0,199,134
2020-10-27,US,Kansas,Seward,2120,13,0,37.19324632,-100.85072009999999,20175.0,9893.597162591002,0.6132075471698113,2107,2092,13,0,2079,2092,21780,28,0,0,28,0
2020-10-27,US,Kansas,Shawnee,3455,81,0,39.04100763,-95.75572640000001,20177.0,1953.356890459364,2.3444283646888566,3374,3419,82,0,3337,3354,177499,36,-1,0,37,65
2020-10-27,US,Kansas,Sheridan,151,0,0,39.35018161,-100.44182590000001,20179.0,5989.6866322887745,0.0,151,151,0,0,151,143,2533,0,0,0,0,8
2020-10-27,US,Kansas,Sherman,218,4,0,39.35147699,-101.71976240000001,20181.0,3684.2994760858533,1.834862385321101,214,186,0,0,186,171,5899,32,4,0,28,15
2020-10-27,US,Kansas,Smith,22,0,0,39.78516566,-98.78566062,20183.0,614.0106056377338,0.0,22,22,0,0,22,22,3603,0,0,0,0,0
2020-10-27,US,Kansas,Stafford,77,1,0,38.03100851,-98.71762001,20185.0,1852.7430221366697,1.2987012987012987,76,77,1,0,76,77,4178,0,0,0,0,0
2020-10-27,US,Kansas,Stanton,50,2,0,37.56304714,-101.78435340000001,20187.0,2492.522432701894,4.0,48,50,2,0,48,48,1987,0,0,0,0,2
2020-10-27,US,Kansas,Stevens,227,1,0,37.1923008,-101.3118967,20189.0,4138.559708295351,0.4405286343612335,226,227,1,0,226,220,5559,0,0,0,0,7
2020-10-27,US,Kansas,Sumner,287,3,0,37.23682549,-97.47721621,20191.0,1256.787528463829,1.0452961672473868,284,287,3,0,284,262,22996,0,0,0,0,25
2020-10-27,US,Kansas,Thomas,340,2,0,39.35107575,-101.0553705,20193.0,4371.865758004372,0.5882352941176471,338,333,2,0,331,326,7711,7,0,0,7,7
2020-10-27,US,Kansas,Trego,99,3,0,38.91467218,-99.87284448,20195.0,3531.930074919729,3.0303030303030303,96,99,3,0,96,91,2793,0,0,0,0,8
2020-10-27,US,Kansas,Wabaunsee,82,1,0,38.95471985,-96.20350509,20197.0,1183.0904631366325,1.2195121951219512,81,82,1,0,81,81,6899,0,0,0,0,1
2020-10-27,US,Kansas,Wallace,43,0,0,38.91686134,-101.76388759999999,20199.0,2832.6745718050065,0.0,43,43,0,0,43,36,1503,0,0,0,0,7
2020-10-27,US,Kansas,Washington,32,0,0,39.78420784,-97.08753229999999,20201.0,591.9348871624121,0.0,32,32,0,0,32,31,5420,0,0,0,0,1
2020-10-27,US,Kansas,Wichita,35,0,0,38.48178252,-101.3471509,20203.0,1651.722510618216,0.0,35,35,0,0,35,28,2105,0,0,0,0,7
2020-10-27,US,Kansas,Wilson,114,2,0,37.55937174,-95.74323255,20205.0,1337.2434017595308,1.7543859649122806,112,114,2,0,112,113,8665,0,0,0,0,1
2020-10-27,US,Kansas,Woodson,27,0,0,37.8865336,-95.74006277,20207.0,860.4206500956022,0.0,27,27,0,0,27,27,3183,0,0,0,0,0
2020-10-27,US,Kansas,Wyandotte,8237,164,0,39.11727348,-94.76378225,20209.0,4979.1753561951045,1.991016146655336,8073,8229,164,0,8065,8140,165324,8,0,0,8,89
2020-10-27,US,Kentucky,Adair,501,21,0,37.10459774,-85.28129668,21001.0,531.1946672221644,4.1916167664670665,480,495,21,0,474,491,19215,6,0,0,6,4
2020-10-27,US,Kentucky,Allen,546,11,0,36.75197631,-86.19457544,21003.0,642.7398545625148,2.0146520146520146,535,544,11,0,533,541,21122,2,0,0,2,3
2020-10-27,US,Kentucky,Anderson,251,1,0,38.00671029,-84.99171713,21005.0,101.11223458038424,0.398406374501992,250,245,1,0,244,245,22663,6,0,0,6,0
2020-10-27,US,Kentucky,Ballard,72,1,0,37.05842757,-88.99427697,21007.0,190.16227180527386,1.3888888888888888,71,72,1,0,71,72,7979,0,0,0,0,0
2020-10-27,US,Kentucky,Barren,1193,13,0,36.96469836,-85.93338945,21009.0,149.15591312798028,1.0896898575020957,1180,1149,13,0,1136,1126,44176,44,0,0,44,23
2020-10-27,US,Kentucky,Bath,122,1,0,38.14735938,-83.74588932,21011.0,80.0,0.819672131147541,121,118,1,0,117,117,12383,4,0,0,4,1
2020-10-27,US,Kentucky,Bell,679,17,0,36.73355174,-83.67766671,21013.0,19.207129686539645,2.503681885125184,662,672,17,0,655,668,26569,7,0,0,7,4
2020-10-27,US,Kentucky,Boone,2165,25,0,38.97065142,-84.72615357,21015.0,417.7240775259955,1.1547344110854505,2140,2125,25,0,2100,2104,131533,40,0,0,40,21
2020-10-27,US,Kentucky,Bourbon,311,1,0,38.2054607,-84.21827874,21017.0,116.23205983424296,0.3215434083601286,310,309,1,0,308,307,20184,2,0,0,2,2
2020-10-27,US,Kentucky,Boyd,674,21,0,38.36176608,-82.68652187,21019.0,92.04161137034977,3.115727002967359,653,662,21,0,641,646,47240,12,0,0,12,16
2020-10-27,US,Kentucky,Boyle,452,0,0,37.62680923,-84.8633779,21021.0,123.08715901530272,0.0,452,446,0,0,446,440,30100,6,0,0,6,6
2020-10-27,US,Kentucky,Bracken,71,1,0,38.69158994,-84.08532444,21023.0,156.56991448873904,1.4084507042253518,70,71,1,0,70,69,8239,0,0,0,0,2
2020-10-27,US,Kentucky,Breathitt,130,0,0,37.52333168,-83.31959161,21025.0,31.670625494853525,0.0,130,127,0,0,127,127,12726,3,0,0,3,0
2020-10-27,US,Kentucky,Breckinridge,191,2,0,37.77377239,-86.42885017,21027.0,122.08819651316112,1.0471204188481675,189,192,2,0,190,188,20388,-1,0,0,-1,4
2020-10-27,US,Kentucky,Bullitt,1447,14,0,37.97162523,-85.68955617,21029.0,170.18463196042904,0.9675190048375949,1433,1398,14,0,1384,1377,81069,49,0,0,49,21
2020-10-27,US,Kentucky,Butler,410,16,0,37.20946153,-86.68748787,21031.0,1855.7341408494449,3.902439024390244,394,404,16,0,388,403,12772,6,0,0,6,1
2020-10-27,US,Kentucky,Caldwell,255,0,0,37.14749129,-87.86948214,21033.0,94.13979759943516,0.0,255,255,0,0,255,254,12715,0,0,0,0,1
2020-10-27,US,Kentucky,Calloway,977,9,0,36.62093411,-88.2731593,21035.0,153.84220917412375,0.9211873080859776,968,956,9,0,947,951,39135,21,0,0,21,5
2020-10-27,US,Kentucky,Campbell,1255,16,0,38.94384345,-84.37875208,21037.0,228.6715677893657,1.2749003984063745,1239,1220,16,0,1204,1201,93152,35,0,0,35,19
2020-10-27,US,Kentucky,Carlisle,103,1,0,36.85372876,-88.96692220000001,21039.0,105.04201680672269,0.9708737864077671,102,103,1,0,102,101,4771,0,0,0,0,2
2020-10-27,US,Kentucky,Carroll,224,5,0,38.66599534,-85.12601074,21041.0,178.7226037061424,2.232142857142857,219,224,5,0,219,220,10737,0,0,0,0,4
2020-10-27,US,Kentucky,Carter,343,4,0,38.31690743,-83.05092385,21043.0,70.9034593424637,1.1661807580174928,339,333,4,0,329,330,27004,10,0,0,10,3
2020-10-27,US,Kentucky,Casey,316,15,0,37.32533118,-84.92726209,21045.0,61.88501763723004,4.746835443037975,301,315,15,0,300,313,15888,1,0,0,1,2
2020-10-27,US,Kentucky,Christian,1856,28,0,36.89267803,-87.49055367,21047.0,224.23752146577544,1.5086206896551724,1828,1837,27,0,1810,1835,71671,19,1,0,18,2
2020-10-27,US,Kentucky,Clark,531,11,0,37.9689263,-84.14615986,21049.0,237.15633014367265,2.071563088512241,520,519,11,0,508,517,36249,12,0,0,12,2
2020-10-27,US,Kentucky,Clay,530,6,0,37.16451126,-83.712575,21051.0,95.47258931711971,1.1320754716981132,524,506,6,0,500,498,20105,24,0,0,24,8
2020-10-27,US,Kentucky,Clinton,235,3,0,36.72581156,-85.13377529,21053.0,48.93325504012528,1.2765957446808511,232,231,3,0,228,230,10206,4,0,0,4,1
2020-10-27,US,Kentucky,Crittenden,164,1,0,37.35839237,-88.08826090000002,21055.0,90.84714967067907,0.6097560975609756,163,162,1,0,161,162,8915,2,0,0,2,0
2020-10-27,US,Kentucky,Cumberland,136,0,0,36.78926125,-85.39050034,21057.0,75.59721802237678,0.0,136,134,0,0,134,133,6659,2,0,0,2,1
2020-10-27,US,Kentucky,Daviess,1974,29,0,37.73028906,-87.09019479999998,21059.0,358.58182857030266,1.469098277608916,1945,1952,29,0,1923,1942,101104,22,0,0,22,10
2020-10-27,US,Kentucky,Edmonson,185,12,0,37.21218923,-86.23955613,21061.0,584.3621399176955,6.486486486486488,173,184,12,0,172,183,12274,1,0,0,1,1
2020-10-27,US,Kentucky,Elliott,333,0,0,38.11624059,-83.09771563,21063.0,26.60635891978183,0.0,333,330,0,0,330,321,7508,3,0,0,3,9
2020-10-27,US,Kentucky,Estill,278,0,0,37.69241417,-83.95956369,21065.0,28.356727633631078,0.0,278,267,0,0,267,264,14198,11,0,0,11,3
2020-10-27,US,Kentucky,Fayette,10534,88,0,38.0368225,-84.45576892,21067.0,349.6806456404416,0.8353901651794191,10446,10412,88,0,10324,10379,323780,122,0,0,122,33
2020-10-27,US,Kentucky,Fleming,179,0,0,38.36758311,-83.69657514,21069.0,68.58240175570948,0.0,179,179,0,0,179,178,14432,0,0,0,0,1
2020-10-27,US,Kentucky,Floyd,386,4,0,37.56213922,-82.74750924,21071.0,64.62671050043552,1.0362694300518134,382,367,4,0,363,344,35845,19,0,0,19,23
2020-10-27,US,Kentucky,Franklin,856,14,0,38.2379395,-84.87962551,21073.0,211.8020827204801,1.6355140186915889,842,846,14,0,832,842,50815,10,0,0,10,4
2020-10-27,US,Kentucky,Fulton,235,3,0,36.55238827,-89.20140068,21075.0,217.79192494555198,1.2765957446808511,232,234,3,0,231,234,6120,1,0,0,1,0
2020-10-27,US,Kentucky,Gallatin,126,8,0,38.75398691,-84.8558382,21077.0,653.9632427556658,6.349206349206349,118,126,8,0,118,126,8832,0,0,0,0,0
2020-10-27,US,Kentucky,Garrard,322,4,0,37.638866799999995,-84.53289319,21079.0,79.24827351975544,1.2422360248447204,318,308,4,0,304,302,17560,14,0,0,14,6
2020-10-27,US,Kentucky,Grant,258,6,0,38.64962758,-84.62415957,21081.0,219.39447125932426,2.3255813953488373,252,247,6,0,241,243,25121,11,0,0,11,4
2020-10-27,US,Kentucky,Graves,885,30,0,36.72292505,-88.65143315,21083.0,474.9637739494445,3.3898305084745757,855,877,30,0,847,873,37317,8,0,0,8,4
2020-10-27,US,Kentucky,Grayson,510,16,0,37.46231118,-86.34248968,21085.0,529.7612290460514,3.1372549019607843,494,503,16,0,487,498,26321,7,0,0,7,5
2020-10-27,US,Kentucky,Green,334,8,0,37.26484328,-85.5540745,21087.0,18.279864729001005,2.395209580838323,326,333,8,0,325,332,11049,1,0,0,1,1
2020-10-27,US,Kentucky,Greenup,628,11,0,38.54332505,-82.9215658,21089.0,45.586643113567725,1.751592356687898,617,626,11,0,615,612,35268,2,0,0,2,14
2020-10-27,US,Kentucky,Hancock,147,2,0,37.83766422,-86.78280584,21091.0,126.11786287548729,1.3605442176870748,145,134,2,0,132,133,8758,13,0,0,13,1
2020-10-27,US,Kentucky,Hardin,2006,13,0,37.6976111,-85.96319251,21093.0,118.96393229870762,0.6480558325024925,1993,1956,13,0,1943,1935,110356,50,0,0,50,21
2020-10-27,US,Kentucky,Harlan,589,14,0,36.85699301,-83.21899516,21095.0,57.67012687427912,2.3769100169779285,575,585,14,0,571,584,26409,4,0,0,4,1
2020-10-27,US,Kentucky,Harrison,265,1,0,38.44188174,-84.32869741,21097.0,317.6956475696283,0.37735849056603776,264,261,1,0,260,261,18778,4,0,0,4,0
2020-10-27,US,Kentucky,Hart,408,1,0,37.29943898,-85.88461055,21099.0,178.61833464670346,0.24509803921568624,407,386,1,0,385,380,18906,22,0,0,22,6
2020-10-27,US,Kentucky,Henderson,1307,26,0,37.79344553,-87.57392021,21101.0,307.454103074541,1.9892884468247896,1281,1295,25,0,1270,1293,45591,12,1,0,11,2
2020-10-27,US,Kentucky,Henry,280,2,0,38.44942688,-85.11587507,21103.0,173.63264293687214,0.7142857142857143,278,270,2,0,268,267,16106,10,0,0,10,3
2020-10-27,US,Kentucky,Hickman,121,1,0,36.67948079999999,-88.97875928,21105.0,114.15525114155253,0.8264462809917356,120,119,1,0,118,111,4421,2,0,0,2,8
2020-10-27,US,Kentucky,Hopkins,1024,43,0,37.30939025,-87.54670406,21107.0,512.4647540616749,4.19921875,981,1018,42,0,976,1013,45068,6,1,0,5,5
2020-10-27,US,Kentucky,Jackson,454,17,0,37.41866422,-83.99825483,21109.0,510.1658038862631,3.744493392070485,437,450,17,0,433,449,13442,4,0,0,4,1
2020-10-27,US,Kentucky,Jefferson,22204,356,0,38.18664655,-85.65931031,21111.0,445.90398261770025,1.6033147180688163,21848,21841,348,0,21493,21507,770517,363,8,0,355,334
2020-10-27,US,Kentucky,Jessamine,969,11,0,37.87119786,-84.58252003,21113.0,155.22498383073085,1.1351909184726523,958,952,9,0,943,941,53920,17,2,0,15,11
2020-10-27,US,Kentucky,Johnson,314,2,0,37.85106355,-82.8264322,21115.0,31.54858482062376,0.6369426751592356,312,298,2,0,296,294,22386,16,0,0,16,4
2020-10-27,US,Kentucky,Kenton,2689,49,0,38.93950319,-84.53241199,21117.0,413.7774105079103,1.8222387504648567,2640,2627,49,0,2578,2606,166051,62,0,0,62,21
2020-10-27,US,Kentucky,Knott,345,4,0,37.35388197,-82.94981134,21119.0,27.016074564365802,1.1594202898550725,341,337,4,0,333,335,15126,8,0,0,8,2
2020-10-27,US,Kentucky,Knox,842,9,0,36.89225732,-83.85403396,21121.0,38.52945898218013,1.0688836104513064,833,826,9,0,817,822,31304,16,0,0,16,4
2020-10-27,US,Kentucky,Larue,274,1,0,37.54567114,-85.70138352,21123.0,111.12654535352131,0.36496350364963503,273,250,1,0,249,248,14307,24,0,0,24,2
2020-10-27,US,Kentucky,Laurel,1435,7,0,37.10975748,-84.11321779,21125.0,69.06418035617385,0.4878048780487805,1428,1393,7,0,1386,1386,60669,42,0,0,42,7
2020-10-27,US,Kentucky,Lawrence,153,0,0,38.07136018,-82.72882223,21127.0,32.64346804204479,0.0,153,147,0,0,147,144,15571,6,0,0,6,3
2020-10-27,US,Kentucky,Lee,139,3,0,37.59645942,-83.71513901,21129.0,13.508037282182901,2.1582733812949644,136,118,3,0,115,114,7033,21,0,0,21,4
2020-10-27,US,Kentucky,Leslie,129,1,0,37.09246661,-83.37999606,21131.0,60.74719044244203,0.7751937984496124,128,128,1,0,127,127,10143,1,0,0,1,1
2020-10-27,US,Kentucky,Letcher,303,2,0,37.12306748,-82.85346474,21133.0,18.558901313042266,0.6600660066006601,301,303,2,0,301,302,21899,0,0,0,0,1
2020-10-27,US,Kentucky,Lewis,287,16,0,38.53184419,-83.37735618,21135.0,97.92843691148776,5.574912891986064,271,280,16,0,264,280,13257,7,0,0,7,0
2020-10-27,US,Kentucky,Lincoln,327,19,0,37.45475628,-84.6565327,21137.0,77.39622795225873,5.810397553516821,308,317,19,0,298,316,24644,10,0,0,10,1
2020-10-27,US,Kentucky,Livingston,126,1,0,37.21137452,-88.34797529,21139.0,87.01326952360235,0.7936507936507936,125,124,1,0,123,124,9242,2,0,0,2,0
2020-10-27,US,Kentucky,Logan,777,31,0,36.85949479,-86.877635,21141.0,778.5403291270018,3.9897039897039903,746,757,31,0,726,755,26989,20,0,0,20,2
2020-10-27,US,Kentucky,Lyon,106,4,0,37.02080035,-88.07886257,21143.0,207.06455542021928,3.7735849056603774,102,106,4,0,102,106,8009,0,0,0,0,0
2020-10-27,US,Kentucky,Madison,2343,13,0,37.71659336,-84.27220275,21151.0,93.56146558121029,0.5548442168160478,2330,2303,13,0,2290,2291,92368,40,0,0,40,12
2020-10-27,US,Kentucky,Magoffin,164,0,0,37.70820545,-83.0657714,21153.0,32.89203190527095,0.0,164,159,0,0,159,159,12362,5,0,0,5,0
2020-10-27,US,Kentucky,Marion,453,10,0,37.55218078,-85.26898542,21155.0,223.11005032947648,2.207505518763797,443,436,10,0,426,434,19404,17,0,0,17,2
2020-10-27,US,Kentucky,Marshall,472,7,0,36.88007070000001,-88.32803576,21157.0,160.77170418006432,1.4830508474576272,465,466,7,0,459,453,31191,6,0,0,6,13
2020-10-27,US,Kentucky,Martin,195,3,0,37.79990579,-82.51247478,21159.0,26.797677534613662,1.5384615384615383,192,182,3,0,179,180,11323,13,0,0,13,2
2020-10-27,US,Kentucky,Mason,171,2,0,38.59471935,-83.82151043,21161.0,93.73169302870537,1.1695906432748535,169,166,2,0,164,165,17150,5,0,0,5,1
2020-10-27,US,Kentucky,McCracken,1130,12,0,37.05350953,-88.70445755,21145.0,186.4930141551255,1.0619469026548674,1118,1114,12,0,1102,1097,65346,16,0,0,16,17
2020-10-27,US,Kentucky,McCreary,262,1,0,36.73874143,-84.48102924,21147.0,75.44541814172132,0.3816793893129771,261,261,1,0,260,254,17408,1,0,0,1,7
2020-10-27,US,Kentucky,McLean,196,3,0,37.5301951,-87.26803443,21149.0,260.671228413164,1.5306122448979589,193,189,3,0,186,182,9252,7,0,0,7,7
2020-10-27,US,Kentucky,Meade,383,3,0,37.96163597,-86.21028219,21163.0,87.49825003499929,0.783289817232376,380,375,3,0,372,373,28715,8,0,0,8,2
2020-10-27,US,Kentucky,Menifee,84,1,0,37.94090733,-83.59985712,21165.0,169.5176452458006,1.1904761904761905,83,81,1,0,80,81,6451,3,0,0,3,0
2020-10-27,US,Kentucky,Mercer,367,6,0,37.81474237,-84.87488475,21167.0,95.74613595951307,1.6348773841961852,361,358,6,0,352,353,21774,9,0,0,9,5
2020-10-27,US,Kentucky,Metcalfe,193,2,0,36.99459295,-85.63123699,21169.0,79.43600436898024,1.0362694300518134,191,189,2,0,187,187,10030,4,0,0,4,2
2020-10-27,US,Kentucky,Monroe,288,4,0,36.71225341,-85.71596443,21171.0,291.0798122065728,1.3888888888888888,284,276,4,0,272,272,10718,12,0,0,12,4
2020-10-27,US,Kentucky,Montgomery,470,4,0,38.03253032,-83.9145241,21173.0,134.95755939908372,0.851063829787234,466,456,4,0,452,455,28203,14,0,0,14,1
2020-10-27,US,Kentucky,Morgan,129,0,0,37.92465657,-83.25558245,21175.0,52.595987677511474,0.0,129,122,0,0,122,121,13345,7,0,0,7,1
2020-10-27,US,Kentucky,Muhlenberg,973,13,0,37.21425819,-87.14632053,21177.0,1276.8597740186794,1.3360739979445015,960,965,13,0,952,963,30774,8,0,0,8,2
2020-10-27,US,Kentucky,Nelson,892,4,0,37.80335779,-85.4657193,21179.0,108.14785975385547,0.4484304932735426,888,856,4,0,852,851,45851,36,0,0,36,5
2020-10-27,US,Kentucky,Nicholas,110,3,0,38.33342292,-84.01889177,21181.0,55.02820195350117,2.727272727272727,107,107,2,0,105,105,7166,3,1,0,2,2
2020-10-27,US,Kentucky,Ohio,608,10,0,37.47751843,-86.85368087,21183.0,737.6844211052762,1.6447368421052633,598,598,9,0,589,596,24087,10,1,0,9,2
2020-10-27,US,Kentucky,Oldham,1423,26,0,38.39791089,-85.448222,21185.0,182.63746463270408,1.8271257905832747,1397,1417,26,0,1391,1411,66470,6,0,0,6,6
2020-10-27,US,Kentucky,Owen,120,3,0,38.51679143,-84.82404619,21187.0,82.56123291441152,2.5,117,119,3,0,116,117,10880,1,0,0,1,2
2020-10-27,US,Kentucky,Owsley,94,1,0,37.42823949,-83.68811419,21189.0,45.30011325028314,1.0638297872340423,93,91,1,0,90,90,4472,3,0,0,3,1
2020-10-27,US,Kentucky,Pendleton,126,0,0,38.69607718,-84.35599463,21191.0,102.8101439342015,0.0,126,123,0,0,123,123,14529,3,0,0,3,0
2020-10-27,US,Kentucky,Perry,528,9,0,37.25023553,-83.22922731,21193.0,108.70409193260346,1.7045454545454546,519,517,9,0,508,507,26092,11,0,0,11,10
2020-10-27,US,Kentucky,Pike,868,3,0,37.47088263,-82.39487445,21195.0,81.20810007602459,0.3456221198156682,865,821,3,0,818,818,58402,47,0,0,47,3
2020-10-27,US,Kentucky,Powell,143,0,0,37.83218794,-83.82553961,21197.0,40.456347600938585,0.0,143,143,0,0,143,142,12442,0,0,0,0,1
2020-10-27,US,Kentucky,Pulaski,989,13,0,37.10466131,-84.57629079,21199.0,112.3439880576802,1.314459049544995,976,987,13,0,974,983,64623,2,0,0,2,4
2020-10-27,US,Kentucky,Robertson,28,1,0,38.51923469,-84.05055616,21201.0,0.0,3.571428571428572,27,24,1,0,23,22,2135,4,0,0,4,2
2020-10-27,US,Kentucky,Rockcastle,344,2,0,37.36642393,-84.31176452,21203.0,95.83707696915243,0.5813953488372093,342,331,2,0,329,326,16750,13,0,0,13,5
2020-10-27,US,Kentucky,Rowan,347,1,0,38.19484205,-83.42088935,21205.0,73.58953393295175,0.2881844380403458,346,341,1,0,340,340,24583,6,0,0,6,1
2020-10-27,US,Kentucky,Russell,389,6,0,36.99308373,-85.06070117,21207.0,212.01807733080398,1.5424164524421593,383,383,6,0,377,378,17821,6,0,0,6,5
2020-10-27,US,Kentucky,Scott,1126,20,0,38.29622293,-84.5816631,21209.0,96.48445723107149,1.7761989342806397,1106,1117,18,0,1099,1101,56031,9,2,0,7,16
2020-10-27,US,Kentucky,Shelby,1482,24,0,38.21476019,-85.194223,21211.0,581.3479112271542,1.6194331983805668,1458,1468,24,0,1444,1458,48518,14,0,0,14,10
2020-10-27,US,Kentucky,Simpson,354,8,0,36.74058474,-86.58047435,21213.0,317.6825328451432,2.2598870056497176,346,347,8,0,339,343,18529,7,0,0,7,4
2020-10-27,US,Kentucky,Spencer,308,1,0,38.03223971,-85.32749335,21215.0,124.02459821197873,0.3246753246753247,307,301,1,0,300,293,18794,7,0,0,7,8
2020-10-27,US,Kentucky,Taylor,490,7,0,37.3677562,-85.3329931,21217.0,65.97074003647793,1.4285714285714286,483,486,7,0,479,473,25549,4,0,0,4,13
2020-10-27,US,Kentucky,Todd,294,12,0,36.8381152,-87.17878374,21219.0,211.4852773710753,4.081632653061225,282,280,12,0,268,280,12311,14,0,0,14,0
2020-10-27,US,Kentucky,Trigg,243,0,0,36.80767017,-87.87333656,21221.0,116.03303528769369,0.0,243,241,0,0,241,241,14643,2,0,0,2,0
2020-10-27,US,Kentucky,Trimble,86,0,0,38.61056487,-85.33775972,21223.0,59.024908511391814,0.0,86,86,0,0,86,86,8515,0,0,0,0,0
2020-10-27,US,Kentucky,Union,508,6,0,37.66166713,-87.94300009,21225.0,139.0723871775259,1.1811023622047243,502,507,6,0,501,506,14505,1,0,0,1,1
2020-10-27,US,Kentucky,Warren,5201,57,0,36.99903045,-86.42672751,21227.0,960.9017577654707,1.0959430878677177,5144,5135,57,0,5078,5125,131264,66,0,0,66,10
2020-10-27,US,Kentucky,Washington,237,1,0,37.75599461,-85.17407732,21229.0,115.75031004547334,0.4219409282700422,236,228,1,0,227,225,12084,9,0,0,9,3
2020-10-27,US,Kentucky,Wayne,285,2,0,36.80310688,-84.8251971,21231.0,54.09924752864801,0.7017543859649122,283,284,1,0,283,279,20468,1,1,0,0,5
2020-10-27,US,Kentucky,Webster,314,5,0,37.52168356,-87.67989953,21233.0,270.43733580590333,1.5923566878980893,309,309,5,0,304,306,13111,5,0,0,5,3
2020-10-27,US,Kentucky,Whitley,806,6,0,36.75700531,-84.14541217,21235.0,41.36333553937789,0.7444168734491315,800,790,6,0,784,789,36242,16,0,0,16,1
2020-10-27,US,Kentucky,Wolfe,64,0,0,37.73941626,-83.49303612,21237.0,27.944669554282516,0.0,64,63,0,0,63,62,7177,1,0,0,1,1
2020-10-27,US,Kentucky,Woodford,374,0,0,38.04178222,-84.7417556,21239.0,205.73053041071296,0.0,374,375,0,0,375,374,26533,-1,0,0,-1,1
2020-10-27,US,Louisiana,Acadia,3139,101,0,30.295064899999996,-92.41419698,22001.0,5059.231203158997,3.2175852182223634,3038,3119,100,0,3019,3121,62190,20,1,0,19,-2
2020-10-27,US,Louisiana,Allen,1840,59,0,30.65385745,-92.82442028,22003.0,7179.927420298904,3.2065217391304346,1781,1851,59,0,1792,1849,25605,-11,0,0,-11,2
2020-10-27,US,Louisiana,Ascension,4146,99,0,30.20406249,-90.91328409999998,22005.0,3274.7780480869483,2.3878437047756877,4047,4075,99,0,3976,4073,124672,71,0,0,71,2
2020-10-27,US,Louisiana,Assumption,799,24,0,29.89946234,-91.06461642,22007.0,3649.901786122151,3.0037546933667083,775,796,24,0,772,794,22300,3,0,0,3,2
2020-10-27,US,Louisiana,Avoyelles,1737,62,0,31.07796211,-92.00079449,22009.0,4326.923076923077,3.56937248128958,1675,1708,62,0,1646,1707,40462,29,0,0,29,1
2020-10-27,US,Louisiana,Beauregard,1069,40,0,30.64836518,-93.34173616,22011.0,2850.8947382457263,3.7418147801683816,1029,1068,40,0,1028,1067,37253,1,0,0,1,1
2020-10-27,US,Louisiana,Bienville,606,35,0,32.34569994,-93.05398492,22013.0,4576.693603202175,5.775577557755777,571,595,33,0,562,593,13308,11,2,0,9,2
2020-10-27,US,Louisiana,Bossier,4259,120,0,32.67932307,-93.60460152,22015.0,3352.5137949763453,2.817562808170932,4139,4212,120,0,4092,4188,127185,47,0,0,47,24
2020-10-27,US,Louisiana,Caddo,10105,395,0,32.57991587,-93.88375652,22017.0,4206.840851942516,3.9089559623948533,9710,10046,394,0,9652,10025,242922,59,1,0,58,21
2020-10-27,US,Louisiana,Calcasieu,8402,230,0,30.22931235,-93.35400434,22019.0,4130.0458129337985,2.7374434658414657,8172,8366,230,0,8136,8353,203112,36,0,0,36,13
2020-10-27,US,Louisiana,Caldwell,355,3,0,32.0902519,-92.11752148,22021.0,3579.3506755394233,0.8450704225352113,352,355,3,0,352,351,9960,0,0,0,0,4
2020-10-27,US,Louisiana,Cameron,240,2,0,29.87592238,-93.19310676,22023.0,3441.847124623548,0.8333333333333334,238,240,2,0,238,242,6968,0,0,0,0,-2
2020-10-27,US,Louisiana,Catahoula,461,14,0,31.66778967,-91.84526385,22025.0,4855.698335791026,3.0368763557483733,447,464,14,0,450,464,9608,-3,0,0,-3,0
2020-10-27,US,Louisiana,Claiborne,603,26,0,32.82308512,-92.99526883,22027.0,3848.117421825144,4.311774461028192,577,604,25,0,579,602,15944,-1,1,0,-2,2
2020-10-27,US,Louisiana,Concordia,610,16,0,31.44817835,-91.63814433,22029.0,3167.3503297159773,2.622950819672131,594,600,16,0,584,600,19572,10,0,0,10,0
2020-10-27,US,Louisiana,De Soto,1027,35,0,32.05457447,-93.74130302,22031.0,3739.5768852638093,3.4079844206426486,992,1015,35,0,980,1017,27436,12,0,0,12,-2
2020-10-27,US,Louisiana,East Baton Rouge,16092,458,0,30.53842039,-91.09777565,22033.0,3656.7823859982414,2.8461347253293563,15634,16039,458,0,15581,16021,440956,53,0,0,53,18
2020-10-27,US,Louisiana,East Carroll,586,6,0,32.73926954,-91.23425694,22035.0,8541.029004518292,1.023890784982935,580,582,6,0,576,582,7037,4,0,0,4,0
2020-10-27,US,Louisiana,East Feliciana,1796,78,0,30.84425359,-91.04976723,22037.0,9385.941991115755,4.342984409799555,1718,1801,78,0,1723,1800,19305,-5,0,0,-5,1
2020-10-27,US,Louisiana,Evangeline,1413,39,0,30.72985248,-92.39915924,22039.0,4231.172331187304,2.760084925690021,1374,1414,39,0,1375,1411,33443,-1,0,0,-1,3
2020-10-27,US,Louisiana,Franklin,1329,47,0,32.13675181,-91.67589857,22041.0,6640.019985011241,3.5364936042136943,1282,1312,47,0,1265,1310,20156,17,0,0,17,2
2020-10-27,US,Louisiana,Grant,540,30,0,31.59882456,-92.56124347,22043.0,2411.898700254589,5.5555555555555545,510,541,30,0,511,536,22482,-1,0,0,-1,5
2020-10-27,US,Louisiana,Iberia,3072,96,0,29.86803617,-91.75871777,22045.0,4399.2553343835025,3.125,2976,3068,95,0,2973,3062,70941,4,1,0,3,6
2020-10-27,US,Louisiana,Iberville,1475,61,0,30.25734305,-91.3499598,22047.0,4536.92596352004,4.135593220338983,1414,1472,61,0,1411,1472,32721,3,0,0,3,0
2020-10-27,US,Louisiana,Jackson,858,23,0,32.30251776,-92.55692092,22049.0,5449.695121951218,2.6806526806526807,835,856,23,0,833,851,15902,2,0,0,2,5
2020-10-27,US,Louisiana,Jefferson,18687,585,0,29.74075478,-90.11115756,22051.0,4320.763573052051,3.1305185423021347,18102,18645,584,0,18061,18624,434051,42,1,0,41,21
2020-10-27,US,Louisiana,Jefferson Davis,1353,43,0,30.26896765,-92.81210004,22053.0,4313.312930374905,3.1781226903178124,1310,1339,43,0,1296,1333,31582,14,0,0,14,6
2020-10-27,US,Louisiana,LaSalle,499,10,0,31.67884782,-92.15907765,22059.0,3350.7923717432177,2.004008016032064,489,496,10,0,486,495,14917,3,0,0,3,1
2020-10-27,US,Louisiana,Lafayette,9463,139,0,30.2049055,-92.06959876,22055.0,3872.089692704284,1.4688787910810526,9324,9433,139,0,9294,9421,242782,30,0,0,30,12
2020-10-27,US,Louisiana,Lafourche,3899,128,0,29.52470226,-90.40976986,22057.0,3994.304095723974,3.2828930494998723,3771,3886,128,0,3758,3880,98115,13,0,0,13,6
2020-10-27,US,Louisiana,Lincoln,1672,49,0,32.6003154,-92.66597409999999,22061.0,3577.082709340636,2.930622009569378,1623,1658,48,0,1610,1649,47196,14,1,0,13,9
2020-10-27,US,Louisiana,Livingston,4216,79,0,30.44143993,-90.73061664,22063.0,2994.552131203432,1.8738140417457303,4137,4188,79,0,4109,4191,139567,28,0,0,28,-3
2020-10-27,US,Louisiana,Madison,892,9,0,32.36918118,-91.23973355,22065.0,8145.374851611725,1.0089686098654709,883,893,9,0,884,893,11161,-1,0,0,-1,0
2020-10-27,US,Louisiana,Morehouse,892,26,0,32.81686191,-91.80421614,22067.0,3586.0738120125434,2.914798206278027,866,890,26,0,864,888,25398,2,0,0,2,2
2020-10-27,US,Louisiana,Natchitoches,1483,28,0,31.72321584,-93.09816516,22069.0,3886.4720373185187,1.8880647336480108,1455,1470,28,0,1442,1467,38659,13,0,0,13,3
2020-10-27,US,Louisiana,Orleans,13471,592,0,30.06971951,-89.92660315,22071.0,3452.8276738845148,4.394625491797194,12879,13434,592,0,12842,13427,391006,37,0,0,37,7
2020-10-27,US,Louisiana,Ouachita,7025,165,0,32.47645559,-92.15704172,22073.0,4583.145766869565,2.3487544483985765,6860,6983,163,0,6820,6969,154475,42,2,0,40,14
2020-10-27,US,Louisiana,Plaquemines,893,19,0,29.42245447,-89.60322085,22075.0,3849.635728758029,2.127659574468085,874,892,19,0,873,891,23410,1,0,0,1,1
2020-10-27,US,Louisiana,Pointe Coupee,1138,42,0,30.71409502,-91.60209535,22077.0,5236.9995398067185,3.690685413005272,1096,1136,41,0,1095,1136,21940,2,1,0,1,0
2020-10-27,US,Louisiana,Rapides,4715,158,0,31.19778499,-92.52997303,22079.0,3636.7703319758116,3.3510074231177094,4557,4680,156,0,4524,4677,130562,35,2,0,33,3
2020-10-27,US,Louisiana,Red River,436,24,0,32.09530039,-93.34213308,22081.0,5164.652925846954,5.504587155963303,412,430,24,0,406,424,8477,6,0,0,6,6
2020-10-27,US,Louisiana,Richland,891,17,0,32.41391005,-91.76634876,22083.0,4427.989265480569,1.9079685746352413,874,886,16,0,870,879,20192,5,1,0,4,7
2020-10-27,US,Louisiana,Sabine,993,15,0,31.56388699,-93.55433981,22085.0,4157.5950427064145,1.5105740181268883,978,984,15,0,969,986,24032,9,0,0,9,-2
2020-10-27,US,Louisiana,St. Bernard,1548,32,0,29.87761636,-89.51887093,22087.0,3276.6065532131065,2.0671834625323,1516,1542,32,0,1510,1538,46721,6,0,0,6,4
2020-10-27,US,Louisiana,St. Charles,1956,63,0,29.90709658,-90.35555967,22089.0,3683.6158192090397,3.220858895705521,1893,1945,63,0,1882,1941,52879,11,0,0,11,4
2020-10-27,US,Louisiana,St. Helena,437,4,0,30.82210324,-90.71013176,22091.0,4313.0675088827475,0.9153318077803204,433,434,4,0,430,432,10262,3,0,0,3,2
2020-10-27,US,Louisiana,St. James,841,40,0,30.02531716,-90.80212061,22093.0,3986.537732271521,4.756242568370987,801,839,40,0,799,837,21037,2,0,0,2,2
2020-10-27,US,Louisiana,St. John the Baptist,1649,107,0,30.12597499,-90.4753503,22095.0,3849.475920349231,6.488781079442086,1542,1643,107,0,1536,1639,43184,6,0,0,6,4
2020-10-27,US,Louisiana,St. Landry,3678,135,0,30.59724262,-92.00135806,22097.0,4478.593346646535,3.6704730831973897,3543,3625,135,0,3490,3637,82764,53,0,0,53,-12
2020-10-27,US,Louisiana,St. Martin,2218,63,0,30.13112107,-91.61403569,22099.0,4151.14820984073,2.840396753832281,2155,2215,63,0,2152,2208,53621,3,0,0,3,7
2020-10-27,US,Louisiana,St. Mary,2021,86,0,29.69262097,-91.44702164,22101.0,4095.40406906055,4.25531914893617,1935,2018,85,0,1933,2025,49774,3,1,0,2,-7
2020-10-27,US,Louisiana,St. Tammany,7727,270,0,30.40942847,-89.95642711,22103.0,2967.141414412927,3.4942409732108186,7457,7689,270,0,7419,7679,258111,38,0,0,38,10
2020-10-27,US,Louisiana,Tangipahoa,5004,126,0,30.62888673,-90.40664996,22105.0,3713.323142225322,2.5179856115107917,4878,4983,126,0,4857,4979,133777,21,0,0,21,4
2020-10-27,US,Louisiana,Tensas,187,2,0,32.00760749,-91.32915234,22107.0,4314.720812182741,1.0695187165775402,185,186,2,0,184,186,4462,1,0,0,1,0
2020-10-27,US,Louisiana,Terrebonne,3862,124,0,29.37343766,-90.82626855,22109.0,3496.256597351101,3.2107716209218022,3738,3865,123,0,3742,3866,111021,-3,1,0,-4,-1
2020-10-27,US,Louisiana,Unassigned,307,206,0,0.0,0.0,90022.0,0.0,67.10097719869707,101,253,206,0,47,249,,54,0,0,54,4
2020-10-27,US,Louisiana,Union,1118,51,0,32.83121059,-92.3749373,22111.0,5056.992943730777,4.561717352415028,1067,1105,51,0,1054,1104,22330,13,0,0,13,1
2020-10-27,US,Louisiana,Vermilion,2125,70,0,29.83517605,-92.30292538,22113.0,3570.768429366,3.294117647058824,2055,2117,70,0,2047,2117,59830,8,0,0,8,0
2020-10-27,US,Louisiana,Vernon,1118,56,0,31.10884837,-93.18153838,22115.0,2357.2076155938353,5.008944543828265,1062,1116,55,0,1061,1116,48860,2,1,0,1,0
2020-10-27,US,Louisiana,Washington,1747,71,0,30.85288548,-90.03866652,22117.0,3781.87643416894,4.064109902690326,1676,1748,71,0,1677,1748,46582,-1,0,0,-1,0
2020-10-27,US,Louisiana,Webster,1481,40,0,32.70847669,-93.33121835,22119.0,3862.806468440271,2.7008777852802157,1441,1466,40,0,1426,1465,38798,15,0,0,15,1
2020-10-27,US,Louisiana,West Baton Rouge,970,42,0,30.46058217,-91.30989571,22121.0,3665.2182127337987,4.3298969072164954,928,964,42,0,922,960,26427,6,0,0,6,4
2020-10-27,US,Louisiana,West Carroll,375,13,0,32.78550125,-91.461201,22123.0,3462.6038781163434,3.466666666666667,362,373,12,0,361,371,10982,2,1,0,1,2
2020-10-27,US,Louisiana,West Feliciana,757,25,0,30.87882871,-91.41485379999999,22125.0,4862.538540596093,3.3025099075297226,732,740,25,0,715,740,15460,17,0,0,17,0
2020-10-27,US,Louisiana,Winn,688,19,0,31.94449367,-92.63789413,22127.0,4948.216340621404,2.7616279069767438,669,681,19,0,662,684,14134,7,0,0,7,-3
2020-10-27,US,Maine,Androscoggin,852,10,0,44.1664747,-70.20380627,23001.0,786.8707112313788,1.1737089201877935,842,849,10,0,839,847,107679,3,0,0,3,2
2020-10-27,US,Maine,Aroostook,64,1,0,46.65926321,-68.59841248,23003.0,95.44403847587799,1.5625,63,63,1,0,62,62,67111,1,0,0,1,1
2020-10-27,US,Maine,Cumberland,2507,70,0,43.8370751,-70.37226999,23005.0,849.8218662183098,2.792181890706023,2437,2494,70,0,2424,2481,293557,13,0,0,13,13
2020-10-27,US,Maine,Franklin,74,1,0,44.97330019,-70.44381045,23007.0,245.04122653067986,1.351351351351351,73,74,1,0,73,74,29897,0,0,0,0,0
2020-10-27,US,Maine,Hancock,69,1,0,44.59816444,-68.38401854,23009.0,125.48420535763,1.4492753623188406,68,67,1,0,66,65,54811,2,0,0,2,2
2020-10-27,US,Maine,Kennebec,328,11,0,44.40759555,-69.76738544,23011.0,268.18858236169484,3.3536585365853657,317,315,11,0,304,312,122083,13,0,0,13,3
2020-10-27,US,Maine,Knox,67,1,0,44.11486325,-69.10529169,23013.0,168.46022327265413,1.492537313432836,66,66,1,0,65,61,39771,1,0,0,1,5
2020-10-27,US,Maine,Lincoln,60,1,0,44.05996956,-69.54227124,23015.0,173.2401686204308,1.6666666666666667,59,60,1,0,59,60,34342,0,0,0,0,0
2020-10-27,US,Maine,Oxford,162,2,0,44.49952995,-70.75682123,23017.0,279.4307891332471,1.2345679012345678,160,162,2,0,160,161,57618,0,0,0,0,1
2020-10-27,US,Maine,Penobscot,300,6,0,45.40194593,-68.65020455,23019.0,197.1764334726713,2.0,294,298,6,0,292,292,151096,2,0,0,2,6
2020-10-27,US,Maine,Piscataquis,10,0,0,45.83839062,-69.2860223,23021.0,59.577003276735184,0.0,10,10,0,0,10,10,16800,0,0,0,0,0
2020-10-27,US,Maine,Sagadahoc,82,0,0,43.95415864,-69.85074999,23023.0,228.6925479696564,0.0,82,82,0,0,82,81,35634,0,0,0,0,1
2020-10-27,US,Maine,Somerset,146,8,0,45.51229767,-69.95995554,23025.0,289.20053878456537,5.479452054794519,138,141,8,0,133,137,50592,5,0,0,5,4
2020-10-27,US,Maine,Waldo,149,14,0,44.4858305,-69.12061935,23027.0,375.17310839733085,9.395973154362416,135,148,14,0,134,145,39694,1,0,0,1,3
2020-10-27,US,Maine,Washington,48,0,0,45.01607142,-67.62813524,23029.0,152.9685458427611,0.0,48,44,0,0,44,39,31490,4,0,0,4,5
2020-10-27,US,Maine,York,1391,20,0,43.47808377,-70.71052375,23031.0,669.9062323914834,1.4378145219266714,1371,1378,20,0,1358,1372,206229,13,0,0,13,6
2020-10-27,US,Maryland,Allegany,660,24,0,39.62357628,-78.69280486,24001.0,937.2869802317656,3.636363636363636,636,646,23,0,623,635,70975,14,1,0,13,11
2020-10-27,US,Maryland,Anne Arundel,11872,272,0,39.00670238,-76.60329337,24003.0,2049.603441786912,2.2911051212938007,11600,11778,272,0,11506,11724,576031,94,0,0,94,54
2020-10-27,US,Maryland,Baltimore,20419,665,0,39.45784712,-76.62911955,24005.0,2467.940582810593,3.2567706547823105,19754,20273,665,0,19608,20208,828431,146,0,0,146,65
2020-10-27,US,Maryland,Baltimore City,17581,501,0,39.30211911,-76.61151012,24510.0,2962.3077052688336,2.849667254422388,17080,17506,501,0,17005,17440,621342,75,0,0,75,66
2020-10-27,US,Maryland,Calvert,1176,29,0,38.53961642,-76.56820632,24009.0,1271.0078357200755,2.4659863945578238,1147,1170,29,0,1141,1162,92003,6,0,0,6,8
2020-10-27,US,Maryland,Caroline,740,8,0,38.87172293,-75.82904158,24011.0,2215.1709273783154,1.0810810810810811,732,736,8,0,728,732,33304,4,0,0,4,4
2020-10-27,US,Maryland,Carroll,2219,129,0,39.56453592,-77.02373735,24013.0,1317.3282991089184,5.813429472735466,2090,2211,129,0,2082,2202,168429,8,0,0,8,9
2020-10-27,US,Maryland,Cecil,1340,36,0,39.56647682,-75.94627411,24015.0,1302.804919546935,2.6865671641791047,1304,1325,36,0,1289,1322,102826,15,0,0,15,3
2020-10-27,US,Maryland,Charles,3154,102,0,38.51092331,-76.98580666,24017.0,1931.9232865972056,3.233988585922638,3052,3136,102,0,3034,3113,161503,18,0,0,18,23
2020-10-27,US,Maryland,Dorchester,779,10,0,38.45413522,-76.02752426,24019.0,2439.788280246797,1.2836970474967908,769,775,10,0,765,769,31998,4,0,0,4,6
2020-10-27,US,Maryland,Frederick,4721,139,0,39.47296601,-77.39999394,24021.0,1818.9383811024595,2.9442914636729505,4582,4700,138,0,4562,4678,255648,21,1,0,20,22
2020-10-27,US,Maryland,Garrett,139,1,0,39.52786077,-79.27355126,24023.0,479.07906527883085,0.7194244604316546,138,130,1,0,129,126,29163,9,0,0,9,4
2020-10-27,US,Maryland,Harford,3555,81,0,39.55010644,-76.30775940000002,24025.0,1391.710806017828,2.278481012658228,3474,3541,81,0,3460,3529,253956,14,0,0,14,12
2020-10-27,US,Maryland,Howard,5845,126,0,39.25305293,-76.93126208,24027.0,1794.6513555835306,2.155688622754491,5719,5801,126,0,5675,5777,323196,44,0,0,44,24
2020-10-27,US,Maryland,Kent,342,25,0,39.24976208,-76.04741541,24029.0,1760.8897126969416,7.309941520467835,317,340,25,0,315,338,19383,2,0,0,2,2
2020-10-27,US,Maryland,Montgomery,25438,869,0,39.13676329,-77.20358245,24031.0,2421.080282633855,3.4161490683229814,24569,25281,867,0,24414,25147,1052567,157,2,0,155,134
2020-10-27,US,Maryland,Prince George's,32499,854,0,38.83070039,-76.8496441,24033.0,3573.9618421096043,2.627773162251146,31645,32292,854,0,31438,32225,909308,207,0,0,207,67
2020-10-27,US,Maryland,Queen Anne's,773,26,0,39.06198912,-76.03530977,24035.0,1534.3085687064565,3.3635187580853816,747,768,26,0,742,767,50251,5,0,0,5,1
2020-10-27,US,Maryland,Somerset,419,6,0,38.1163542,-75.75118623,24039.0,1635.6964397251718,1.431980906921241,413,410,6,0,404,410,25675,9,0,0,9,0
2020-10-27,US,Maryland,St. Mary's,1470,60,0,38.30058422,-76.60629279999998,24037.0,1295.0400845740464,4.081632653061225,1410,1459,60,0,1399,1452,112664,11,0,0,11,7
2020-10-27,US,Maryland,Talbot,645,6,0,38.76618159,-76.10882561,24041.0,1734.756999542777,0.9302325581395348,639,643,6,0,637,641,36968,2,0,0,2,2
2020-10-27,US,Maryland,Unassigned,0,13,0,0.0,0.0,90024.0,0.0,0.0,-13,0,10,0,-10,0,,0,3,0,-3,0
2020-10-27,US,Maryland,Washington,2252,44,0,39.60835778,-77.82002295,24043.0,1490.9069242431265,1.9538188277087036,2208,2239,43,0,2196,2229,150926,13,1,0,12,10
2020-10-27,US,Maryland,Wicomico,2493,51,0,38.37301947,-75.62705831,24045.0,2406.1616268856947,2.045728038507822,2442,2480,50,0,2430,2451,103195,13,1,0,12,29
2020-10-27,US,Maryland,Worcester,1210,31,0,38.21274277,-75.33200012,24047.0,2314.637692248833,2.56198347107438,1179,1204,31,0,1173,1202,51823,6,0,0,6,2
2020-10-27,US,Massachusetts,Barnstable,1992,182,0,41.72980578,-70.28854339,25001.0,935.2551762993567,9.136546184738958,1810,1968,182,0,1786,1944,213413,24,0,0,24,24
2020-10-27,US,Massachusetts,Berkshire,774,52,0,42.37428441,-73.20524838,25003.0,619.4775259316174,6.718346253229973,722,765,51,0,714,761,126348,9,1,0,8,4
2020-10-27,US,Massachusetts,Bristol,11986,743,0,41.79228404,-71.10872211,25005.0,2120.601468108709,6.198898715167696,11243,11878,743,0,11135,11718,564022,108,0,0,108,160
2020-10-27,US,Massachusetts,Dukes and Nantucket,230,2,0,41.40674725,-70.68763497,0.0,800.5290452820993,0.8695652173913043,228,229,2,0,227,218,26707,1,0,0,1,11
2020-10-27,US,Massachusetts,Essex,23418,1342,0,42.6687626,-70.94687179,25009.0,2967.9329407858218,5.730634554616108,22076,23296,1341,0,21955,23175,790638,122,1,0,121,121
2020-10-27,US,Massachusetts,Franklin,472,72,0,42.58119713,-72.58602547,25011.0,672.5562838415502,15.254237288135593,400,467,72,0,395,461,70963,5,0,0,5,6
2020-10-27,US,Massachusetts,Hampden,9800,812,0,42.13440424,-72.63235561,25013.0,2101.3268378032985,8.285714285714286,8988,9723,812,0,8911,9548,470406,77,0,0,77,175
2020-10-27,US,Massachusetts,Hampshire,1465,154,0,42.33997957,-72.65898478,25015.0,910.8997077659641,10.511945392491468,1311,1458,154,0,1304,1449,161355,7,0,0,7,9
2020-10-27,US,Massachusetts,Middlesex,31594,2257,0,42.48607732,-71.39049229,25017.0,1960.2915929090973,7.143761473697537,29337,31401,2256,0,29145,31257,1614714,193,1,0,192,144
2020-10-27,US,Massachusetts,Norfolk,11676,1106,0,42.16073095,-71.20530408,25021.0,1652.0108945562588,9.47242206235012,10570,11591,1105,0,10486,11530,705388,85,1,0,84,61
2020-10-27,US,Massachusetts,Plymouth,11294,828,0,41.94070556,-70.80802823,25023.0,2166.914171472865,7.331326367982999,10466,11217,826,0,10391,11123,518132,77,2,0,75,94
2020-10-27,US,Massachusetts,Suffolk,27992,1171,0,42.327951399999996,-71.07850442,25025.0,3481.9948078571283,4.183338096599028,26821,27823,1171,0,26652,27571,807252,169,0,0,169,252
2020-10-27,US,Massachusetts,Unassigned,3995,5,0,0.0,0.0,90025.0,0.0,0.1251564455569462,3990,3751,5,0,3746,3746,,244,0,0,244,5
2020-10-27,US,Massachusetts,Worcester,16349,1162,0,42.35026951,-71.90493363,25027.0,1968.2840088511985,7.107468346687871,15187,16210,1161,0,15049,16064,830839,139,1,0,138,146
2020-10-27,US,Michigan,Alcona,54,2,0,44.6846864,-83.59507875,26001.0,518.9812590100913,3.703703703703704,52,52,2,0,50,52,10362,2,0,0,2,0
2020-10-27,US,Michigan,Alger,111,1,0,46.41292944,-86.60260122,26003.0,1218.7088274044795,0.9009009009009008,110,107,1,0,106,105,9097,4,0,0,4,2
2020-10-27,US,Michigan,Allegan,1289,7,0,42.59147037,-85.89102866,26005.0,1091.6235465485556,0.5430566330488751,1282,1265,7,0,1258,1201,117327,24,0,0,24,64
2020-10-27,US,Michigan,Alpena,161,14,0,45.03477666,-83.62212411,26007.0,566.8016194331984,8.695652173913043,147,157,14,0,143,152,28360,4,0,0,4,5
2020-10-27,US,Michigan,Antrim,130,0,0,44.99690221,-85.15503082,26009.0,557.3658034642427,0.0,130,122,0,0,122,115,23365,8,0,0,8,7
2020-10-27,US,Michigan,Arenac,98,3,0,44.0636262,-83.89277559,26011.0,658.4693946113015,3.0612244897959178,95,95,3,0,92,91,15041,3,0,0,3,4
2020-10-27,US,Michigan,Baraga,88,4,0,46.6720582,-88.36363591,26013.0,1071.9941527591668,4.545454545454546,84,83,4,0,79,80,8320,5,0,0,5,3
2020-10-27,US,Michigan,Barry,688,6,0,42.59513984,-85.30834519,26015.0,1117.790414297319,0.8720930232558141,682,669,5,0,664,626,61157,19,1,0,18,43
2020-10-27,US,Michigan,Bay,1404,62,0,43.70639106,-83.98731479,26017.0,1361.4413435990925,4.415954415954416,1342,1390,62,0,1328,1347,103923,14,0,0,14,43
2020-10-27,US,Michigan,Benzie,124,2,0,44.63899297,-86.01608482,26019.0,697.9624000900596,1.6129032258064515,122,120,2,0,118,115,17753,4,0,0,4,5
2020-10-27,US,Michigan,Berrien,2735,81,0,41.95447397,-86.41313079999998,26021.0,1782.9088467480656,2.9616087751371114,2654,2687,80,0,2607,2609,154141,48,1,0,47,78
2020-10-27,US,Michigan,Branch,875,11,0,41.91600556,-85.05929476,26023.0,2010.7084587632417,1.2571428571428571,864,866,11,0,855,849,43622,9,0,0,9,17
2020-10-27,US,Michigan,Calhoun,2870,71,0,42.24633834,-85.00493569,26025.0,2139.2526777927687,2.4738675958188154,2799,2820,69,0,2751,2699,134487,50,2,0,48,121
2020-10-27,US,Michigan,Cass,1015,24,0,41.91522292,-85.99405727,26027.0,1959.9513391391665,2.3645320197044337,991,985,24,0,961,944,51653,30,0,0,30,41
2020-10-27,US,Michigan,Charlevoix,183,4,0,45.37790017,-85.19614053,26029.0,699.9961748842903,2.1857923497267757,179,179,4,0,175,164,26244,4,0,0,4,15
2020-10-27,US,Michigan,Cheboygan,150,2,0,45.44787015,-84.50122149,26031.0,593.4483304320304,1.3333333333333333,148,149,2,0,147,133,25413,1,0,0,1,16
2020-10-27,US,Michigan,Chippewa,147,0,0,46.29552653,-84.54353449,26033.0,393.58483493533964,0.0,147,134,0,0,134,128,37517,13,0,0,13,6
2020-10-27,US,Michigan,Clare,276,11,0,43.98794227,-84.84819859999998,26035.0,891.7609046849757,3.985507246376812,265,267,11,0,256,254,30757,9,0,0,9,13
2020-10-27,US,Michigan,Clinton,1125,16,0,42.94400871,-84.60145248,26037.0,1413.4053646585842,1.4222222222222225,1109,1091,16,0,1075,1050,79332,34,0,0,34,41
2020-10-27,US,Michigan,Crawford,150,5,0,44.68255561,-84.61006219,26039.0,1069.2137714733763,3.333333333333333,145,149,5,0,144,150,13901,1,0,0,1,-1
2020-10-27,US,Michigan,Delta,1201,26,0,45.90484910000001,-86.9080745,26041.0,3356.2486027274763,2.1648626144879266,1175,1178,24,0,1154,1140,35857,23,2,0,21,38
2020-10-27,US,Michigan,Dickinson,636,20,0,46.00999672,-87.86961634,26043.0,2519.9096636158324,3.1446540880503147,616,627,20,0,607,603,25383,9,0,0,9,24
2020-10-27,US,Michigan,Eaton,1156,11,0,42.59599185,-84.83740035,26045.0,1048.3549171110383,0.9515570934256056,1145,1131,11,0,1120,1092,109826,25,0,0,25,39
2020-10-27,US,Michigan,Emmet,250,4,0,45.52625509,-84.89083249,26047.0,748.1669908723628,1.6,246,243,4,0,239,222,33308,7,0,0,7,21
2020-10-27,US,Michigan,Federal Correctional Institution (FCI),197,5,0,0.0,0.0,0.0,0.0,2.538071065989848,192,197,5,0,192,197,,0,0,0,0,0
2020-10-27,US,Michigan,Genesee,6799,338,0,43.02244215,-83.70589709,26049.0,1675.4022172774164,4.97131931166348,6461,6659,334,0,6325,6491,406892,140,4,0,136,168
2020-10-27,US,Michigan,Gladwin,209,2,0,43.98901072,-84.38774817,26051.0,821.2503438249048,0.9569377990430622,207,204,2,0,202,185,25337,5,0,0,5,19
2020-10-27,US,Michigan,Gogebic,404,7,0,46.40862701,-89.69377193,26053.0,2890.8765652951697,1.7326732673267329,397,394,7,0,387,369,15096,10,0,0,10,25
2020-10-27,US,Michigan,Grand Traverse,788,13,0,44.69565625,-85.55585247,26055.0,846.5108284633894,1.6497461928934007,775,763,13,0,750,735,92573,25,0,0,25,28
2020-10-27,US,Michigan,Gratiot,514,16,0,43.29265605,-84.60505416,26057.0,1262.558030998993,3.1128404669260696,498,499,16,0,483,469,40599,15,0,0,15,30
2020-10-27,US,Michigan,Hillsdale,513,29,0,41.88753639,-84.59312019,26059.0,1124.8766582611556,5.6530214424951275,484,508,28,0,480,500,45749,5,1,0,4,8
2020-10-27,US,Michigan,Houghton,929,9,0,46.89988536,-88.68495385,26061.0,2603.4076897208834,0.9687836383207752,920,919,9,0,910,906,36219,10,0,0,10,13
2020-10-27,US,Michigan,Huron,273,5,0,43.83353985,-83.04078453,26063.0,881.1852425680256,1.8315018315018317,268,270,5,0,265,264,31166,3,0,0,3,6
2020-10-27,US,Michigan,Ingham,4630,65,0,42.59716886,-84.37472069,26065.0,1583.4148410087344,1.4038876889848813,4565,4590,65,0,4525,4532,292735,40,0,0,40,58
2020-10-27,US,Michigan,Ionia,715,8,0,42.94502238,-85.07413319,26067.0,1105.1517071888961,1.1188811188811192,707,699,8,0,691,673,64210,16,0,0,16,26
2020-10-27,US,Michigan,Iosco,289,16,0,44.35486835,-83.63484895,26069.0,1150.1572014168025,5.536332179930795,273,283,16,0,267,277,25081,6,0,0,6,6
2020-10-27,US,Michigan,Iron,441,25,0,46.20974132,-88.53136251,26071.0,3985.1798301102476,5.6689342403628125,416,438,23,0,415,421,11117,3,2,0,1,17
2020-10-27,US,Michigan,Isabella,1039,15,0,43.64060976,-84.84664923,26073.0,1487.004808793222,1.4436958614051971,1024,1024,15,0,1009,993,70562,15,0,0,15,31
2020-10-27,US,Michigan,Jackson,1810,66,0,42.24807035,-84.42258681,26075.0,1141.8837928206422,3.6464088397790055,1744,1781,65,0,1716,1715,158823,29,1,0,28,66
2020-10-27,US,Michigan,Kalamazoo,4817,106,0,42.24542231,-85.53038622,26077.0,1817.2832426640912,2.200539755034254,4711,4762,105,0,4657,4657,264870,55,1,0,54,105
2020-10-27,US,Michigan,Kalkaska,130,4,0,44.68512729,-85.09085699,26079.0,720.7007428761502,3.0769230769230766,126,127,4,0,123,121,17824,3,0,0,3,6
2020-10-27,US,Michigan,Kent,14413,184,0,43.03197711,-85.54934642,26081.0,2193.909780730796,1.2766252688545063,14229,14194,184,0,14010,13715,653786,219,0,0,219,479
2020-10-27,US,Michigan,Keweenaw,20,0,0,47.63197653,-88.41434263,26083.0,945.179584120983,0.0,20,19,0,0,19,18,2113,1,0,0,1,1
2020-10-27,US,Michigan,Lake,64,1,0,43.99050893,-85.802173,26085.0,539.9476925672825,1.5625,63,61,0,0,61,56,11881,3,1,0,2,5
2020-10-27,US,Michigan,Lapeer,915,38,0,43.09052506,-83.22153148,26087.0,1044.437088360519,4.1530054644808745,877,891,38,0,853,875,88028,24,0,0,24,16
2020-10-27,US,Michigan,Leelanau,152,2,0,44.94430054,-85.80150326,26089.0,698.4973117044252,1.3157894736842106,150,148,2,0,146,144,21764,4,0,0,4,4
2020-10-27,US,Michigan,Lenawee,1139,19,0,41.89475156,-84.06603727,26091.0,1156.9207016688506,1.6681299385425812,1120,1127,19,0,1108,1096,98266,12,0,0,12,31
2020-10-27,US,Michigan,Livingston,2056,33,0,42.60302282,-83.91297209,26093.0,1070.86122034428,1.605058365758755,2023,2014,33,0,1981,1942,191224,42,0,0,42,72
2020-10-27,US,Michigan,Luce,55,0,0,46.47227431,-85.54471223,26095.0,882.9667683416278,0.0,55,47,0,0,47,47,6283,8,0,0,8,0
2020-10-27,US,Michigan,Mackinac,158,0,0,46.07028979,-85.04980537,26097.0,1463.0984350402814,0.0,158,155,0,0,155,154,10787,3,0,0,3,1
2020-10-27,US,Michigan,Macomb,18548,1087,0,42.69158356,-82.92752801,26099.0,2122.2647865148997,5.860470131550572,17461,18337,1085,0,17252,18025,874759,211,2,0,209,312
2020-10-27,US,Michigan,Manistee,136,3,0,44.33352407,-86.05626916,26101.0,553.7910253277954,2.2058823529411766,133,132,3,0,129,128,24528,4,0,0,4,4
2020-10-27,US,Michigan,Marquette,1044,15,0,46.4338914,-87.64043701,26103.0,1565.2408581837808,1.4367816091954022,1029,1015,14,0,1001,973,66516,29,1,0,28,42
2020-10-27,US,Michigan,Mason,244,1,0,43.99509218,-86.24988902,26105.0,837.2220697227559,0.4098360655737705,243,240,1,0,239,219,29100,4,0,0,4,21
2020-10-27,US,Michigan,Mecosta,524,4,0,43.64064262,-85.32463223,26107.0,1205.900628265022,0.7633587786259542,520,504,5,0,499,463,43545,20,-1,0,21,41
2020-10-27,US,Michigan,Menominee,715,5,0,45.58038692,-87.55370409,26109.0,3138.7181738366994,0.6993006993006993,710,698,5,0,693,679,22983,17,0,0,17,19
2020-10-27,US,Michigan,Michigan Department of Corrections (MDOC),6562,75,0,0.0,0.0,0.0,0.0,1.142944224321853,6487,6538,75,0,6463,6510,,24,0,0,24,28
2020-10-27,US,Michigan,Midland,1037,14,0,43.64330771,-84.38804374,26111.0,1247.0537303381595,1.3500482160077143,1023,1003,14,0,989,946,83209,34,0,0,34,57
2020-10-27,US,Michigan,Missaukee,91,1,0,44.33772443,-85.09256478,26113.0,601.9314724169864,1.0989010989010992,90,90,1,0,89,85,15113,1,0,0,1,5
2020-10-27,US,Michigan,Monroe,2046,36,0,41.92734151,-83.53749864,26115.0,1359.468438538206,1.7595307917888563,2010,1996,34,0,1962,1945,150439,50,2,0,48,51
2020-10-27,US,Michigan,Montcalm,645,13,0,43.31082541,-85.15252824,26117.0,1009.5792637114952,2.0155038759689923,632,629,11,0,618,602,63968,16,2,0,14,27
2020-10-27,US,Michigan,Montmorency,27,0,0,45.0275929,-84.12696227,26119.0,289.451114922813,0.0,27,27,0,0,27,24,9265,0,0,0,0,3
2020-10-27,US,Michigan,Muskegon,2149,82,0,43.29123859,-86.15176712,26121.0,1238.1457197838283,3.815728245695672,2067,2093,82,0,2011,2021,173588,56,0,0,56,72
2020-10-27,US,Michigan,Newaygo,630,3,0,43.554373999999996,-85.80070107,26123.0,1286.2392813393221,0.4761904761904762,627,615,3,0,612,585,48892,15,0,0,15,30
2020-10-27,US,Michigan,Oakland,25069,1237,0,42.66090111,-83.38595416,26125.0,1993.4254888739042,4.9343811081415305,23832,24730,1235,0,23495,24343,1259201,339,2,0,337,387
2020-10-27,US,Michigan,Oceana,622,6,0,43.64124435,-86.26726673,26127.0,2350.0963463936223,0.964630225080386,616,617,6,0,611,606,26625,5,0,0,5,11
2020-10-27,US,Michigan,Ogemaw,114,5,0,44.33481032,-84.12725175,26129.0,542.9347049578511,4.385964912280701,109,111,5,0,106,102,20952,3,0,0,3,9
2020-10-27,US,Michigan,Ontonagon,103,0,0,46.665226200000006,-89.31390481,26131.0,1800.6993006993011,0.0,103,96,0,0,96,91,5795,7,0,0,7,5
2020-10-27,US,Michigan,Osceola,177,1,0,43.98992088,-85.32566756,26133.0,754.4757033248083,0.5649717514124294,176,166,0,0,166,144,23341,11,1,0,10,22
2020-10-27,US,Michigan,Oscoda,56,2,0,44.68192279,-84.12939244,26135.0,679.529183351535,3.571428571428572,54,58,1,0,57,55,8276,-2,1,0,-3,3
2020-10-27,US,Michigan,Otsego,252,12,0,45.02085831,-84.59898295,26137.0,1021.5664018161181,4.761904761904762,240,245,12,0,233,237,24665,7,0,0,7,8
2020-10-27,US,Michigan,Ottawa,5128,73,0,42.95996803,-85.9969107,26139.0,1757.1874036253982,1.423556942277691,5055,5014,72,0,4942,4807,290494,114,1,0,113,207
2020-10-27,US,Michigan,Out of MI,339,3,0,0.0,0.0,80026.0,0.0,0.8849557522123894,336,320,3,0,317,305,,19,0,0,19,15
2020-10-27,US,Michigan,Presque Isle,66,1,0,45.34018577,-83.91498656,26141.0,524.1423125794155,1.5151515151515151,65,62,1,0,61,50,12738,4,0,0,4,12
2020-10-27,US,Michigan,Roscommon,185,6,0,44.33473082,-84.61067651,26143.0,770.2235730047046,3.2432432432432434,179,176,5,0,171,162,23884,9,1,0,8,14
2020-10-27,US,Michigan,Saginaw,3873,154,0,43.33433923,-84.05131209999998,26145.0,2032.6547321020887,3.976245804286083,3719,3788,154,0,3634,3685,190800,85,0,0,85,103
2020-10-27,US,Michigan,Sanilac,200,7,0,43.42406072,-82.82055898,26151.0,485.7906242409521,3.5,193,194,7,0,187,188,41182,6,0,0,6,6
2020-10-27,US,Michigan,Schoolcraft,74,1,0,46.19235734,-86.19972234,26153.0,914.257474672597,1.351351351351351,73,69,1,0,68,66,8068,5,0,0,5,3
2020-10-27,US,Michigan,Shiawassee,719,34,0,42.95392800000001,-84.14585902,26155.0,1055.4593229793606,4.728789986091794,685,711,34,0,677,682,68192,8,0,0,8,29
2020-10-27,US,Michigan,St. Clair,1545,64,0,42.92655373,-82.67937954,26147.0,970.9164948971896,4.142394822006472,1481,1525,64,0,1461,1474,159337,20,0,0,20,51
2020-10-27,US,Michigan,St. Joseph,1210,21,0,41.91441767,-85.52797979,26149.0,1984.777901712486,1.7355371900826446,1189,1200,17,0,1183,1171,61043,10,4,0,6,29
2020-10-27,US,Michigan,Tuscola,671,35,0,43.46606813,-83.41897025,26157.0,1284.3334290362716,5.216095380029807,636,644,35,0,609,636,52516,27,0,0,27,8
2020-10-27,US,Michigan,Unassigned,27,0,0,0.0,0.0,90026.0,0.0,0.0,27,31,0,0,31,24,,-4,0,0,-4,7
2020-10-27,US,Michigan,Van Buren,1092,19,0,42.25190229,-86.01939087,26159.0,1442.9747479419113,1.73992673992674,1073,1080,18,0,1062,1040,75448,12,1,0,11,40
2020-10-27,US,Michigan,Washtenaw,5464,118,0,42.253105,-83.83853204,26161.0,1486.3942154673136,2.159590043923865,5346,5378,118,0,5260,5238,370963,86,0,0,86,140
2020-10-27,US,Michigan,Wayne,40396,3050,0,42.28098405,-83.281255,26163.0,2309.20980047938,7.55025250024755,37346,40023,3050,0,36973,39660,1753893,373,0,0,373,363
2020-10-27,US,Michigan,Wexford,179,4,0,44.33853602,-85.57712739,26165.0,532.2470339865006,2.23463687150838,175,175,4,0,171,168,33466,4,0,0,4,7
2020-10-27,US,Minnesota,Aitkin,186,2,0,46.60962049,-93.41168259999999,27001.0,1170.8422510386506,1.075268817204301,184,179,2,0,177,179,15902,7,0,0,7,0
2020-10-27,US,Minnesota,Anoka,9039,151,0,45.27476015,-93.24604565,27003.0,2532.493184766377,1.6705387764133202,8888,8872,150,0,8722,8661,353813,167,1,0,166,211
2020-10-27,US,Minnesota,Becker,588,4,0,46.93479392,-95.67158144,27005.0,1708.1602416988642,0.6802721088435374,584,575,4,0,571,561,34371,13,0,0,13,14
2020-10-27,US,Minnesota,Beltrami,914,7,0,47.97373527,-94.93732139,27007.0,1936.933118589472,0.7658643326039387,907,901,7,0,894,891,46847,13,0,0,13,10
2020-10-27,US,Minnesota,Benton,976,9,0,45.69804958,-93.99514135,27009.0,2386.9500354618604,0.9221311475409836,967,950,9,0,941,940,40545,26,0,0,26,10
2020-10-27,US,Minnesota,Big Stone,143,1,0,45.42712824,-96.41403739,27011.0,2865.1572831095973,0.6993006993006993,142,141,0,0,141,138,4989,2,1,0,1,3
2020-10-27,US,Minnesota,Blue Earth,2066,7,0,44.03554215,-94.06699781,27013.0,3053.8187515705145,0.3388189738625363,2059,2045,7,0,2038,2043,67427,21,0,0,21,2
2020-10-27,US,Minnesota,Brown,333,3,0,44.24205652,-94.72562874,27015.0,1331.573896353167,0.9009009009009008,330,324,3,0,321,321,25111,9,0,0,9,3
2020-10-27,US,Minnesota,Carlton,462,2,0,46.59180601,-92.67601019,27017.0,1287.9484820607174,0.4329004329004329,460,444,1,0,443,434,35837,18,1,0,17,10
2020-10-27,US,Minnesota,Carver,1847,7,0,44.82017001,-93.80099179999999,27019.0,1757.557879511652,0.3789929615592853,1840,1820,7,0,1813,1789,103551,27,0,0,27,31
2020-10-27,US,Minnesota,Cass,390,5,0,46.95043611,-94.32603968,27021.0,1309.647738339098,1.2820512820512822,385,377,5,0,372,370,29519,13,0,0,13,7
2020-10-27,US,Minnesota,Chippewa,466,3,0,45.02343421,-95.56403693,27023.0,3949.152542372881,0.6437768240343348,463,444,3,0,441,435,11924,22,0,0,22,9
2020-10-27,US,Minnesota,Chisago,1083,2,0,45.5021011,-92.90861945,27025.0,1914.137754290461,0.18467220683287167,1081,1040,2,0,1038,1002,55922,43,0,0,43,38
2020-10-27,US,Minnesota,Clay,2362,43,0,46.89289518,-96.48761922,27027.0,3677.867397465043,1.8204911092294669,2319,2328,43,0,2285,2297,63955,34,0,0,34,31
2020-10-27,US,Minnesota,Clearwater,114,0,0,47.57992111,-95.37790562,27029.0,1292.810161034248,0.0,114,114,0,0,114,111,8810,0,0,0,0,3
2020-10-27,US,Minnesota,Cook,17,0,0,47.90504893,-90.52629546,27031.0,311.1843309536885,0.0,17,17,0,0,17,16,5393,0,0,0,0,1
2020-10-27,US,Minnesota,Cottonwood,286,0,0,44.00715262,-95.18138802,27033.0,2554.483744194355,0.0,286,282,0,0,282,280,11277,4,0,0,4,2
2020-10-27,US,Minnesota,Crow Wing,1062,22,0,46.48096553,-94.06755609,27035.0,1632.4648374452386,2.071563088512241,1040,1035,22,0,1013,1010,64889,27,0,0,27,25
2020-10-27,US,Minnesota,Dakota,10027,138,0,44.67172617,-93.06299363,27037.0,2337.1816298036692,1.3762840331106014,9889,9897,138,0,9759,9823,425423,130,0,0,130,74
2020-10-27,US,Minnesota,Dodge,404,0,0,44.02238415,-92.86244324,27039.0,1929.8748447501666,0.0,404,394,0,0,394,394,20822,10,0,0,10,0
2020-10-27,US,Minnesota,Douglas,728,3,0,45.93348491,-95.45335469,27041.0,1908.7071655174225,0.4120879120879121,725,708,3,0,705,696,37964,20,0,0,20,12
2020-10-27,US,Minnesota,Faribault,239,0,0,43.67381499,-93.94787458,27043.0,1750.5310188237015,0.0,239,235,0,0,235,231,13758,4,0,0,4,4
2020-10-27,US,Minnesota,Fillmore,264,0,0,43.67394126,-92.08980382,27045.0,1253.1447287226467,0.0,264,264,0,0,264,260,21058,0,0,0,0,4
2020-10-27,US,Minnesota,Freeborn,691,4,0,43.67385583,-93.34884422,27047.0,2281.9589841815,0.5788712011577424,687,684,4,0,680,669,30444,7,0,0,7,15
2020-10-27,US,Minnesota,Goodhue,625,11,0,44.40849741,-92.72341949999999,27049.0,1348.7268018990073,1.76,614,597,11,0,586,585,46403,28,0,0,28,12
2020-10-27,US,Minnesota,Grant,99,4,0,45.93424769,-96.01139609,27051.0,1657.7361018084393,4.040404040404041,95,99,4,0,95,98,6021,0,0,0,0,1
2020-10-27,US,Minnesota,Hennepin,34657,994,0,45.00761521,-93.47694895,27053.0,2737.8592763873557,2.86810745303979,33663,34290,991,0,33299,34033,1259428,367,3,0,364,257
2020-10-27,US,Minnesota,Houston,212,1,0,43.67129565,-91.49143057,27055.0,1139.7849462365587,0.4716981132075472,211,206,1,0,205,204,18578,6,0,0,6,2
2020-10-27,US,Minnesota,Hubbard,410,3,0,47.10778564,-94.91693868,27057.0,1907.7753478200175,0.7317073170731707,407,396,2,0,394,390,21332,14,1,0,13,6
2020-10-27,US,Minnesota,Isanti,571,5,0,45.56181234,-93.29487636,27059.0,1406.542516504089,0.8756567425569177,566,561,5,0,556,541,39966,10,0,0,10,20
2020-10-27,US,Minnesota,Itasca,763,17,0,47.51009045,-93.63092229,27061.0,1690.6713937513848,2.2280471821756227,746,736,17,0,719,727,45108,27,0,0,27,9
2020-10-27,US,Minnesota,Jackson,217,1,0,43.67423373,-95.15398258,27063.0,2203.940686573228,0.4608294930875576,216,215,1,0,214,210,9911,2,0,0,2,5
2020-10-27,US,Minnesota,Kanabec,225,10,0,45.9459309,-93.29275192,27065.0,1377.241843667748,4.4444444444444455,215,215,10,0,205,209,16207,10,0,0,10,6
2020-10-27,US,Minnesota,Kandiyohi,1753,5,0,45.1526059,-95.00586446,27067.0,4057.964304729276,0.2852253280091272,1748,1705,5,0,1700,1670,42855,48,0,0,48,35
2020-10-27,US,Minnesota,Kittson,49,0,0,48.77754106,-96.78317184,27069.0,1140.0651465798046,0.0,49,42,0,0,42,40,4248,7,0,0,7,2
2020-10-27,US,Minnesota,Koochiching,172,5,0,48.24539665,-93.78352843,27071.0,1406.4927631040964,2.9069767441860463,167,170,4,0,166,169,12440,2,1,0,1,1
2020-10-27,US,Minnesota,Lac qui Parle,144,3,0,44.9973857,-96.17488219,27073.0,2174.241280386532,2.083333333333333,141,140,3,0,137,133,6658,4,0,0,4,7
2020-10-27,US,Minnesota,Lake,126,0,0,47.64270764,-91.44557998,27075.0,1184.0992387933466,0.0,126,123,0,0,123,119,10658,3,0,0,3,4
2020-10-27,US,Minnesota,Lake of the Woods,44,1,0,48.77217001,-94.90274472,27077.0,1176.4705882352941,2.272727272727273,43,44,1,0,43,44,3758,0,0,0,0,0
2020-10-27,US,Minnesota,Le Sueur,645,6,0,44.37136597,-93.72844721,27079.0,2232.8383009658323,0.9302325581395348,639,631,5,0,626,623,28494,14,1,0,13,8
2020-10-27,US,Minnesota,Lincoln,189,0,0,44.41311883,-96.26688165,27081.0,3351.6580954069873,0.0,189,184,0,0,184,182,5673,5,0,0,5,2
2020-10-27,US,Minnesota,Lyon,996,6,0,44.41327865,-95.83806103,27083.0,3909.8688859229023,0.6024096385542169,990,976,6,0,970,965,25629,20,0,0,20,11
2020-10-27,US,Minnesota,Mahnomen,117,2,0,47.32557075,-95.80921485,27087.0,2116.8807671431155,1.709401709401709,115,116,2,0,114,113,5519,1,0,0,1,3
2020-10-27,US,Minnesota,Marshall,131,1,0,48.35825983,-96.37017407,27089.0,1403.1705227077978,0.7633587786259542,130,126,1,0,125,121,9390,5,0,0,5,5
2020-10-27,US,Minnesota,Martin,615,18,0,43.67429718,-94.55099908,27091.0,3124.523700655388,2.9268292682926833,597,613,17,0,596,613,19785,2,1,0,1,0
2020-10-27,US,Minnesota,McLeod,610,4,0,44.82367677,-94.27287017,27085.0,1699.4957234001058,0.6557377049180327,606,602,4,0,598,597,35873,8,0,0,8,5
2020-10-27,US,Minnesota,Meeker,345,3,0,45.12328869,-94.52839455,27093.0,1485.6601498578934,0.8695652173913043,342,331,3,0,328,326,23141,14,0,0,14,5
2020-10-27,US,Minnesota,Mille Lacs,427,15,0,45.93705297,-93.63236823,27095.0,1624.9952429881644,3.5128805620608903,412,413,15,0,398,406,26139,14,0,0,14,7
2020-10-27,US,Minnesota,Morrison,776,10,0,46.01265363,-94.27341528,27097.0,2324.3275624513267,1.2886597938144329,766,742,9,0,733,726,33169,34,1,0,33,16
2020-10-27,US,Minnesota,Mower,1535,17,0,43.67142874,-92.75234549,27099.0,3831.5610803254963,1.1074918566775245,1518,1529,17,0,1512,1517,40011,6,0,0,6,12
2020-10-27,US,Minnesota,Murray,289,3,0,44.02216709,-95.76328482,27101.0,3526.9709543568465,1.038062283737024,286,283,3,0,280,278,8276,6,0,0,6,5
2020-10-27,US,Minnesota,Nicollet,747,18,0,44.35291112,-94.24710352,27103.0,2179.4946606757308,2.409638554216868,729,739,17,0,722,730,34220,8,1,0,7,9
2020-10-27,US,Minnesota,Nobles,2309,16,0,43.67434621,-95.75329576,27105.0,10675.481991770308,0.6929406669553919,2293,2276,16,0,2260,2268,21924,33,0,0,33,8
2020-10-27,US,Minnesota,Norman,121,0,0,47.32628443,-96.45620947,27107.0,1898.0392156862745,0.0,121,117,0,0,117,115,6475,4,0,0,4,2
2020-10-27,US,Minnesota,Olmsted,3314,30,0,44.00374114,-92.40209944,27109.0,2093.5859450512658,0.9052504526252264,3284,3277,30,0,3247,3252,156277,37,0,0,37,25
2020-10-27,US,Minnesota,Otter Tail,901,7,0,46.40846929,-95.70835255,27111.0,1533.7214448643313,0.7769145394006659,894,873,7,0,866,862,58812,28,0,0,28,11
2020-10-27,US,Minnesota,Pennington,207,1,0,48.06642577,-96.0370814,27113.0,1466.1094978397907,0.4830917874396135,206,195,1,0,194,191,14178,12,0,0,12,4
2020-10-27,US,Minnesota,Pine,554,0,0,46.12105238,-92.74070188,27115.0,1872.95040400284,0.0,554,549,0,0,549,543,29483,5,0,0,5,6
2020-10-27,US,Minnesota,Pipestone,359,17,0,44.02301619,-96.25841142,27117.0,3933.815472277011,4.735376044568246,342,351,17,0,334,350,9047,8,0,0,8,1
2020-10-27,US,Minnesota,Polk,724,4,0,47.77372465,-96.40134647,27119.0,2308.3790332865706,0.5524861878453039,720,673,4,0,669,643,31529,51,0,0,51,30
2020-10-27,US,Minnesota,Pope,165,0,0,45.58606667,-95.44451209,27121.0,1466.7970486265451,0.0,165,161,0,0,161,156,11097,4,0,0,4,5
2020-10-27,US,Minnesota,Ramsey,14342,362,0,45.01625271,-93.09872295,27123.0,2606.115339956135,2.5240552224236508,13980,14168,361,0,13807,14073,550210,174,1,0,173,95
2020-10-27,US,Minnesota,Red Lake,81,2,0,47.87197525,-96.09561104,27125.0,1997.533908754624,2.469135802469136,79,78,2,0,76,78,3999,3,0,0,3,0
2020-10-27,US,Minnesota,Redwood,284,11,0,44.40555844,-95.25207021,27127.0,1872.116018457482,3.8732394366197194,273,281,11,0,270,275,15249,3,0,0,3,6
2020-10-27,US,Minnesota,Renville,258,12,0,44.72836381,-94.94553734,27129.0,1773.4396480615894,4.651162790697675,246,256,11,0,245,252,14612,2,1,0,1,4
2020-10-27,US,Minnesota,Rice,1674,10,0,44.3543376,-93.29658715,27131.0,2499.5520516036554,0.5973715651135006,1664,1648,10,0,1638,1633,66523,26,0,0,26,15
2020-10-27,US,Minnesota,Rock,348,4,0,43.67482683,-96.25296832,27133.0,3735.909822866345,1.1494252873563218,344,340,4,0,336,328,9414,8,0,0,8,12
2020-10-27,US,Minnesota,Roseau,290,0,0,48.77501878,-95.81079919,27135.0,1912.298054731289,0.0,290,265,0,0,265,264,15150,25,0,0,25,1
2020-10-27,US,Minnesota,Scott,3496,34,0,44.6490231,-93.53340251,27139.0,2346.1040311919096,0.9725400457665904,3462,3429,34,0,3395,3382,147381,67,0,0,67,47
2020-10-27,US,Minnesota,Sherburne,1733,22,0,45.44447208,-93.77617511,27141.0,1782.2250560480468,1.2694748990190419,1711,1711,22,0,1689,1685,96036,22,0,0,22,26
2020-10-27,US,Minnesota,Sibley,260,3,0,44.5796592,-94.23164924,27143.0,1749.0750084090146,1.1538461538461535,257,254,3,0,251,252,15028,6,0,0,6,2
2020-10-27,US,Minnesota,St. Louis,3079,70,0,47.604840700000004,-92.46879855,27137.0,1546.6921183503287,2.2734654108476784,3009,3026,69,0,2957,2965,199754,53,1,0,52,61
2020-10-27,US,Minnesota,Stearns,5991,44,0,45.55192576,-94.61078221,27145.0,3719.385379481608,0.7344349858120514,5947,5883,44,0,5839,5825,159256,108,0,0,108,58
2020-10-27,US,Minnesota,Steele,782,3,0,44.02240351,-93.22627088,27147.0,2133.7553548527926,0.3836317135549872,779,761,3,0,758,759,36803,21,0,0,21,2
2020-10-27,US,Minnesota,Stevens,187,1,0,45.58613007,-96.00163705,27149.0,1907.1902090770016,0.5347593582887701,186,184,1,0,183,182,9753,3,0,0,3,2
2020-10-27,US,Minnesota,Swift,209,1,0,45.2829032,-95.68264092,27151.0,2255.557953809627,0.4784688995215311,208,207,1,0,206,201,9345,2,0,0,2,6
2020-10-27,US,Minnesota,Todd,865,6,0,46.06996226,-94.89785296,27153.0,3507.135906584496,0.6936416184971098,859,826,6,0,820,805,24582,39,0,0,39,21
2020-10-27,US,Minnesota,Traverse,58,0,0,45.77298854,-96.47062949,27155.0,1779.6870205584535,0.0,58,57,0,0,57,56,3308,1,0,0,1,1
2020-10-27,US,Minnesota,Unassigned,193,53,0,0.0,0.0,90027.0,0.0,27.46113989637306,140,292,53,0,239,290,,-99,0,0,-99,2
2020-10-27,US,Minnesota,Wabasha,397,0,0,44.28424356,-92.23121312,27157.0,1835.6683774910991,0.0,397,384,0,0,384,378,21645,13,0,0,13,6
2020-10-27,US,Minnesota,Wadena,255,3,0,46.58589171,-94.96968506,27159.0,1863.7626078058765,1.1764705882352942,252,239,3,0,236,231,13773,16,0,0,16,8
2020-10-27,US,Minnesota,Waseca,937,9,0,44.02211116,-93.58720034,27161.0,5034.386417365141,0.96051227321238,928,929,9,0,920,928,18691,8,0,0,8,1
2020-10-27,US,Minnesota,Washington,6089,72,0,45.03864533,-92.88429635,27163.0,2320.1493674744697,1.1824601740844145,6017,5986,72,0,5914,5932,259201,103,0,0,103,54
2020-10-27,US,Minnesota,Watonwan,579,4,0,43.97823903,-94.61413846,27165.0,5313.389006148481,0.690846286701209,575,579,4,0,575,578,10980,0,0,0,0,1
2020-10-27,US,Minnesota,Wilkin,140,4,0,46.35721532,-96.4684375,27167.0,2255.517963589496,2.8571428571428568,136,137,4,0,133,134,6254,3,0,0,3,3
2020-10-27,US,Minnesota,Winona,1278,19,0,43.98772283,-91.78081305,27169.0,2531.495127169005,1.486697965571205,1259,1260,19,0,1241,1250,50825,18,0,0,18,10
2020-10-27,US,Minnesota,Wright,2609,15,0,45.17297924,-93.96234781,27171.0,1885.428936889801,0.5749329244921426,2594,2541,15,0,2526,2483,136349,68,0,0,68,58
2020-10-27,US,Minnesota,Yellow Medicine,292,6,0,44.71710183,-95.86842453,27173.0,3007.518796992481,2.054794520547945,286,285,6,0,279,283,9795,7,0,0,7,2
2020-10-27,US,Mississippi,Adams,1093,44,0,31.47669768,-91.35326037,28001.0,3561.072557260613,4.025617566331198,1049,1089,44,0,1045,1085,31192,4,0,0,4,4
2020-10-27,US,Mississippi,Alcorn,1021,12,0,34.88084463,-88.57996173,28003.0,2762.9691770627555,1.1753183153770812,1009,1011,12,0,999,1001,36925,10,0,0,10,10
2020-10-27,US,Mississippi,Amite,427,13,0,31.17467303,-90.80501621,28005.0,3472.391640237456,3.0444964871194378,414,425,13,0,412,425,12326,2,0,0,2,0
2020-10-27,US,Mississippi,Attala,805,26,0,33.08658803,-89.57838564,28007.0,4429.404643996919,3.2298136645962727,779,797,26,0,771,794,18365,8,0,0,8,3
2020-10-27,US,Mississippi,Benton,360,8,0,34.81681228,-89.18945516,28009.0,4358.881220486742,2.2222222222222223,352,345,6,0,339,341,8271,15,2,0,13,4
2020-10-27,US,Mississippi,Bolivar,2028,77,0,33.79696941,-90.87372121,28011.0,6621.392190152802,3.796844181459566,1951,2019,77,0,1942,2016,31333,9,0,0,9,3
2020-10-27,US,Mississippi,Calhoun,627,13,0,33.93683395,-89.33686647,28013.0,4365.991226237728,2.073365231259968,614,626,12,0,614,626,14436,1,1,0,0,0
2020-10-27,US,Mississippi,Carroll,497,12,0,33.44834567,-89.91994479,28015.0,4996.481351161154,2.414486921529175,485,493,12,0,481,493,9911,4,0,0,4,0
2020-10-27,US,Mississippi,Chickasaw,862,26,0,33.91983202,-88.9481545,28017.0,5040.0514529614675,3.016241299303944,836,857,26,0,831,855,17171,5,0,0,5,2
2020-10-27,US,Mississippi,Choctaw,208,6,0,33.34598242,-89.24809382,28019.0,2533.4957369062117,2.8846153846153846,202,208,6,0,202,208,8278,0,0,0,0,0
2020-10-27,US,Mississippi,Claiborne,539,16,0,31.97061673,-90.90702196,28021.0,5996.884735202491,2.9684601113172535,523,538,16,0,522,537,9002,1,0,0,1,1
2020-10-27,US,Mississippi,Clarke,763,53,0,32.04158545,-88.68896219999998,28023.0,4909.593977221543,6.946264744429882,710,761,51,0,710,758,15604,2,2,0,0,3
2020-10-27,US,Mississippi,Clay,705,22,0,33.65358105,-88.77784255,28025.0,3649.823980120108,3.120567375886525,683,700,21,0,679,693,19386,5,1,0,4,7
2020-10-27,US,Mississippi,Coahoma,1255,37,0,34.22772299,-90.60415045,28027.0,5672.572771650694,2.9482071713147415,1218,1254,37,0,1217,1249,22628,1,0,0,1,5
2020-10-27,US,Mississippi,Copiah,1387,36,0,31.86977774,-90.44565118,28029.0,4942.098699447712,2.595529920692141,1351,1381,36,0,1345,1375,28543,6,0,0,6,6
2020-10-27,US,Mississippi,Covington,985,29,0,31.63225413,-89.55389939,28031.0,5285.468984760678,2.9441624365482237,956,979,27,0,952,975,18853,6,2,0,4,4
2020-10-27,US,Mississippi,DeSoto,7210,79,0,34.87625235,-89.99091418,28033.0,3898.4562978182703,1.0957004160887656,7131,7134,79,0,7055,7039,182001,76,0,0,76,95
2020-10-27,US,Mississippi,Forrest,3094,78,0,31.18961454,-89.25832496,28035.0,4131.006582373127,2.5210084033613445,3016,3069,78,0,2991,3046,75036,25,0,0,25,23
2020-10-27,US,Mississippi,Franklin,248,3,0,31.47786634,-90.89672989,28037.0,3215.350706599248,1.2096774193548387,245,246,3,0,243,242,7788,2,0,0,2,4
2020-10-27,US,Mississippi,George,1014,19,0,30.86259065,-88.64436789,28039.0,4138.775510204082,1.8737672583826432,995,999,19,0,980,992,24250,15,0,0,15,7
2020-10-27,US,Mississippi,Greene,479,18,0,31.21444233,-88.63922281,28041.0,3525.6882084498748,3.757828810020877,461,478,18,0,460,478,13586,1,0,0,1,0
2020-10-27,US,Mississippi,Grenada,1226,39,0,33.77036166,-89.80245083,28043.0,5906.1566624915695,3.1810766721044046,1187,1226,39,0,1187,1226,21055,0,0,0,0,0
2020-10-27,US,Mississippi,Hancock,859,28,0,30.41830223,-89.48851033,28045.0,1803.4094726234464,3.2596041909196742,831,850,28,0,822,840,47334,9,0,0,9,10
2020-10-27,US,Mississippi,Harrison,5398,84,0,30.51359752,-89.12467576,28047.0,2594.194540561323,1.5561319007039645,5314,5272,84,0,5188,5223,206650,126,0,0,126,49
2020-10-27,US,Mississippi,Hinds,8011,179,0,32.2656285,-90.44435448,28049.0,3455.40027605245,2.2344276619647983,7832,7987,178,0,7809,7973,237085,24,1,0,23,14
2020-10-27,US,Mississippi,Holmes,1149,60,0,33.12345854,-90.08923538,28051.0,6754.850088183422,5.221932114882507,1089,1149,60,0,1089,1147,17622,0,0,0,0,2
2020-10-27,US,Mississippi,Humphreys,449,16,0,33.12825718,-90.52252707,28053.0,5567.956349206349,3.5634743875278403,433,449,16,0,433,438,8257,0,0,0,0,11
2020-10-27,US,Mississippi,Issaquena,107,4,0,32.72531359,-90.97392828,28055.0,8063.300678221552,3.7383177570093458,103,107,4,0,103,107,1308,0,0,0,0,0
2020-10-27,US,Mississippi,Itawamba,1159,26,0,34.27993475,-88.3606733,28057.0,4955.109020949124,2.243313201035375,1133,1148,25,0,1123,1139,23517,11,1,0,10,9
2020-10-27,US,Mississippi,Jackson,4693,87,0,30.54020656,-88.64184064,28059.0,3267.7190026250373,1.8538248455145965,4606,4622,85,0,4537,4578,143277,71,2,0,69,44
2020-10-27,US,Mississippi,Jasper,692,17,0,32.01922104,-89.11786866,28061.0,4223.890618323872,2.4566473988439306,675,691,17,0,674,687,16428,1,0,0,1,4
2020-10-27,US,Mississippi,Jefferson,277,10,0,31.73397872,-91.03764977,28063.0,3962.8040057224607,3.610108303249097,267,277,10,0,267,276,7106,0,0,0,0,1
2020-10-27,US,Mississippi,Jefferson Davis,417,11,0,31.56884708,-89.82670990000004,28065.0,3747.304097771388,2.6378896882494005,406,412,11,0,401,410,11234,5,0,0,5,2
2020-10-27,US,Mississippi,Jones,2961,84,0,31.62257767,-89.16896899999998,28067.0,4348.145319980029,2.8368794326241136,2877,2957,84,0,2873,2924,68461,4,0,0,4,33
2020-10-27,US,Mississippi,Kemper,327,15,0,32.75462946,-88.64105766,28069.0,3356.600287415315,4.587155963302751,312,327,15,0,312,326,10027,0,0,0,0,1
2020-10-27,US,Mississippi,Lafayette,2531,43,0,34.35687874,-89.48490961,28071.0,4685.388474425666,1.698933227973133,2488,2513,43,0,2470,2504,54793,18,0,0,18,9
2020-10-27,US,Mississippi,Lamar,2291,38,0,31.20572971,-89.5077704,28073.0,3616.816380657689,1.6586643387167177,2253,2271,38,0,2233,2255,62447,20,0,0,20,16
2020-10-27,US,Mississippi,Lauderdale,2499,135,0,32.40419769,-88.66229662,28075.0,3371.3322091062396,5.4021608643457375,2364,2485,135,0,2350,2478,75317,14,0,0,14,7
2020-10-27,US,Mississippi,Lawrence,534,14,0,31.55147224,-90.10841127,28077.0,4242.809470840617,2.621722846441948,520,525,14,0,511,518,12455,9,0,0,9,7
2020-10-27,US,Mississippi,Leake,1158,42,0,32.7536828,-89.52402044,28079.0,5082.067936452208,3.6269430051813467,1116,1152,42,0,1110,1150,22763,6,0,0,6,2
2020-10-27,US,Mississippi,Lee,3640,82,0,34.291877500000005,-88.68149954,28081.0,4260.49908703591,2.2527472527472527,3558,3600,80,0,3520,3573,85202,40,2,0,38,27
2020-10-27,US,Mississippi,Leflore,1691,88,0,33.55545125,-90.29900733,28083.0,6000.070964765992,5.2040212891780016,1603,1687,87,0,1600,1671,28919,4,1,0,3,16
2020-10-27,US,Mississippi,Lincoln,1429,59,0,31.53288662,-90.45391915,28085.0,4184.112669458027,4.1287613715885225,1370,1411,57,0,1354,1401,34205,18,2,0,16,10
2020-10-27,US,Mississippi,Lowndes,1812,62,0,33.47386518,-88.44191529999998,28087.0,3092.414028500725,3.4216335540838854,1750,1802,62,0,1740,1799,58930,10,0,0,10,3
2020-10-27,US,Mississippi,Madison,3843,94,0,32.63389156,-90.03513564,28089.0,3616.1924119241203,2.446005724694249,3749,3837,94,0,3743,3831,105630,6,0,0,6,6
2020-10-27,US,Mississippi,Marion,954,43,0,31.23132643,-89.8209217,28091.0,3882.309852276889,4.5073375262054505,911,954,43,0,911,950,24715,0,0,0,0,4
2020-10-27,US,Mississippi,Marshall,1473,30,0,34.76216286,-89.50299462,28093.0,4173.513911713039,2.0366598778004072,1443,1453,29,0,1424,1431,35451,20,1,0,19,22
2020-10-27,US,Mississippi,Monroe,1530,73,0,33.89236763,-88.4808438,28095.0,4340.179280608192,4.7712418300653585,1457,1521,73,0,1448,1506,35564,9,0,0,9,15
2020-10-27,US,Mississippi,Montgomery,554,23,0,33.49419589,-89.61729103,28097.0,5667.519181585678,4.151624548736463,531,552,23,0,529,549,10023,2,0,0,2,3
2020-10-27,US,Mississippi,Neshoba,1861,111,0,32.75339664,-89.11726492,28099.0,6391.235661789959,5.964535196131113,1750,1854,111,0,1743,1849,29125,7,0,0,7,5
2020-10-27,US,Mississippi,Newton,868,27,0,32.40021118,-89.11843336,28101.0,4129.7935103244845,3.110599078341014,841,869,27,0,842,866,21443,-1,0,0,-1,3
2020-10-27,US,Mississippi,Noxubee,601,17,0,33.11009499,-88.56949061,28103.0,5769.415378707881,2.8286189683860234,584,599,17,0,582,598,10535,2,0,0,2,1
2020-10-27,US,Mississippi,Oktibbeha,2037,55,0,33.42491685,-88.87905132,28105.0,4107.931514308186,2.7000490918016693,1982,2028,54,0,1974,2024,49599,9,1,0,8,4
2020-10-27,US,Mississippi,Panola,1706,40,0,34.36398677,-89.95064249,28107.0,4989.471221338325,2.344665885111372,1666,1702,40,0,1662,1700,34178,4,0,0,4,2
2020-10-27,US,Mississippi,Pearl River,1150,60,0,30.77090935,-89.58677275,28109.0,2070.7661834878904,5.217391304347826,1090,1145,60,0,1085,1136,55387,5,0,0,5,9
2020-10-27,US,Mississippi,Perry,512,23,0,31.17161885,-88.99281835,28111.0,4276.288315376263,4.4921875,489,498,23,0,475,494,11931,14,0,0,14,4
2020-10-27,US,Mississippi,Pike,1404,56,0,31.17507789,-90.40392572,28113.0,3573.610262675626,3.988603988603989,1348,1392,56,0,1336,1384,39563,12,0,0,12,8
2020-10-27,US,Mississippi,Pontotoc,1490,20,0,34.226046000000004,-89.03636807,28115.0,4631.068564679556,1.342281879194631,1470,1479,20,0,1459,1472,31833,11,0,0,11,7
2020-10-27,US,Mississippi,Prentiss,1083,20,0,34.61810501,-88.51986294,28117.0,4310.276207912123,1.8467220683287164,1063,1069,20,0,1049,1061,25315,14,0,0,14,8
2020-10-27,US,Mississippi,Quitman,421,6,0,34.25157572,-90.28908,28119.0,6198.468786808009,1.4251781472684086,415,420,6,0,414,420,7051,1,0,0,1,0
2020-10-27,US,Mississippi,Rankin,4016,86,0,32.26469147,-89.94537876,28121.0,2586.445633762905,2.1414342629482066,3930,3982,86,0,3896,3940,153902,34,0,0,34,42
2020-10-27,US,Mississippi,Scott,1262,29,0,32.406704100000006,-89.53789439,28123.0,4487.270658512302,2.2979397781299524,1233,1257,29,0,1228,1254,28287,5,0,0,5,3
2020-10-27,US,Mississippi,Sharkey,287,15,0,32.88149103,-90.81595379999999,28125.0,6641.981022911364,5.2264808362369335,272,285,14,0,271,285,4377,2,1,0,1,0
2020-10-27,US,Mississippi,Simpson,1223,49,0,31.91282117,-89.91716179,28127.0,4587.741015830145,4.006541291905152,1174,1217,49,0,1168,1215,26758,6,0,0,6,2
2020-10-27,US,Mississippi,Smith,598,16,0,32.01744532,-89.50644846,28129.0,3757.225433526012,2.6755852842809364,582,596,16,0,580,594,16002,2,0,0,2,2
2020-10-27,US,Mississippi,Stone,486,14,0,30.79187949,-89.11547539,28131.0,2650.523560209424,2.8806584362139915,472,477,14,0,463,475,18717,9,0,0,9,2
2020-10-27,US,Mississippi,Sunflower,1640,49,0,33.60192578,-90.58882684,28133.0,6531.26244524094,2.9878048780487805,1591,1634,49,0,1585,1623,25735,6,0,0,6,11
2020-10-27,US,Mississippi,Tallahatchie,846,26,0,33.95339918,-90.1729398,28135.0,6126.439278731262,3.0732860520094563,820,845,26,0,819,845,13987,1,0,0,1,0
2020-10-27,US,Mississippi,Tate,1193,39,0,34.65133709,-89.94485778,28137.0,4212.421877758554,3.2690695725062873,1154,1177,39,0,1138,1168,28759,16,0,0,16,9
2020-10-27,US,Mississippi,Tippah,931,23,0,34.76872156,-88.90988194,28139.0,4228.934817170111,2.4704618689581097,908,913,23,0,890,903,21995,18,0,0,18,10
2020-10-27,US,Mississippi,Tishomingo,822,41,0,34.74023475,-88.23917219,28141.0,4240.829592942269,4.987834549878347,781,816,41,0,775,812,19454,6,0,0,6,4
2020-10-27,US,Mississippi,Tunica,536,17,0,34.64967704,-90.37481167,28143.0,5564.784053156146,3.1716417910447765,519,535,17,0,518,535,9944,1,0,0,1,0
2020-10-27,US,Mississippi,Union,1197,25,0,34.49162015,-89.00776006,28145.0,4154.086413326392,2.088554720133668,1172,1192,25,0,1167,1188,28606,5,0,0,5,4
2020-10-27,US,Mississippi,Walthall,641,27,0,31.14971548,-90.10446654,28147.0,4486.910261794764,4.212168486739468,614,640,27,0,613,639,14465,1,0,0,1,1
2020-10-27,US,Mississippi,Warren,1560,56,0,32.35810271,-90.83352619,28149.0,3437.5619752759967,3.58974358974359,1504,1551,56,0,1495,1548,46176,9,0,0,9,3
2020-10-27,US,Mississippi,Washington,2603,99,0,33.28392041,-90.94196237,28151.0,5928.169623539594,3.803303880138302,2504,2592,99,0,2493,2583,45063,11,0,0,11,9
2020-10-27,US,Mississippi,Wayne,1027,22,0,31.64135687,-88.69573913,28153.0,5088.440766982114,2.142161635832522,1005,1020,22,0,998,1017,20298,7,0,0,7,3
2020-10-27,US,Mississippi,Webster,378,13,0,33.61300486,-89.28392912,28155.0,3901.3314067499214,3.4391534391534386,365,376,13,0,363,376,9788,2,0,0,2,0
2020-10-27,US,Mississippi,Wilkinson,338,20,0,31.16078225,-91.31018819,28157.0,3916.570104287369,5.9171597633136095,318,338,20,0,318,338,8792,0,0,0,0,0
2020-10-27,US,Mississippi,Winston,846,21,0,33.08747908,-89.03391385,28159.0,4711.779448621554,2.482269503546099,825,844,21,0,823,841,18165,2,0,0,2,3
2020-10-27,US,Mississippi,Yalobusha,556,14,0,34.02824175,-89.70762049999998,28161.0,4592.005285761479,2.5179856115107917,542,549,14,0,535,545,12392,7,0,0,7,4
2020-10-27,US,Mississippi,Yazoo,1227,34,0,32.77890365,-90.39656148,28163.0,4132.704614348266,2.7709861450692745,1193,1226,34,0,1192,1222,28248,1,0,0,1,4
2020-10-27,US,Missouri,Adair,519,0,0,40.19058551,-92.60078167,29001.0,2047.9027739415226,0.0,519,510,0,0,510,502,25339,9,0,0,9,8
2020-10-27,US,Missouri,Andrew,443,8,0,39.98492163,-94.80163024,29003.0,2501.1291779584462,1.8058690744920995,435,441,8,0,433,435,17607,2,0,0,2,6
2020-10-27,US,Missouri,Atchison,77,1,0,40.43238737,-95.42970639,29005.0,1497.180633871281,1.2987012987012987,76,77,1,0,76,76,5171,0,0,0,0,1
2020-10-27,US,Missouri,Audrain,586,11,0,39.215877,-91.84242683,29007.0,2308.177091539311,1.877133105802048,575,577,11,0,566,571,25473,9,0,0,9,6
2020-10-27,US,Missouri,Barry,816,9,0,36.70978521,-93.82919888,29009.0,2280.0301768699883,1.1029411764705883,807,808,9,0,799,800,35886,8,0,0,8,8
2020-10-27,US,Missouri,Barton,432,3,0,37.50207671,-94.34757022,29011.0,3675.3445635528333,0.6944444444444444,429,426,3,0,423,417,11798,6,0,0,6,9
2020-10-27,US,Missouri,Bates,252,5,0,38.25271289,-94.34113157,29013.0,1558.2488251298541,1.984126984126984,247,250,5,0,245,247,16320,2,0,0,2,3
2020-10-27,US,Missouri,Benton,482,5,0,38.29503305,-93.28756116,29015.0,2479.041300210873,1.037344398340249,477,481,5,0,476,476,19278,1,0,0,1,5
2020-10-27,US,Missouri,Bollinger,476,2,0,37.32449052,-90.02725304,29017.0,3923.1847028764532,0.4201680672268908,474,471,2,0,469,465,12169,5,0,0,5,6
2020-10-27,US,Missouri,Boone,5978,14,0,38.99186229,-92.30723575,29019.0,3312.5903924904273,0.234192037470726,5964,5961,14,0,5947,5938,180005,17,0,0,17,23
2020-10-27,US,Missouri,Buchanan,2976,40,0,39.65816401,-94.80138942,29021.0,3406.437434183417,1.3440860215053765,2936,2965,39,0,2926,2943,88571,11,1,0,10,22
2020-10-27,US,Missouri,Butler,1188,8,0,36.71462476,-90.40421163,29023.0,2796.741842836292,0.6734006734006734,1180,1177,8,0,1169,1135,42639,11,0,0,11,42
2020-10-27,US,Missouri,Caldwell,170,1,0,39.65620858,-93.98308093,29025.0,1884.7006651884697,0.5882352941176471,169,171,1,0,170,170,9108,-1,0,0,-1,1
2020-10-27,US,Missouri,Callaway,1216,5,0,38.83674754,-91.92186505,29027.0,2717.7435576514763,0.41118421052631576,1211,1204,5,0,1199,1178,44889,12,0,0,12,26
2020-10-27,US,Missouri,Camden,1602,34,0,38.02199522,-92.76083747,29029.0,3459.669582118561,2.1223470661672907,1568,1584,33,0,1551,1565,45815,18,1,0,17,19
2020-10-27,US,Missouri,Cape Girardeau,2690,50,0,37.38489388,-89.6843587,29031.0,3410.6325518885274,1.858736059479554,2640,2645,49,0,2596,2616,78753,45,1,0,44,29
2020-10-27,US,Missouri,Carroll,195,3,0,39.42762566,-93.50626255,29033.0,2246.8026270307637,1.5384615384615383,192,190,3,0,187,188,8743,5,0,0,5,2
2020-10-27,US,Missouri,Carter,176,3,0,36.94160441,-90.96051322,29035.0,2942.1598127716484,1.7045454545454546,173,174,3,0,171,172,6054,2,0,0,2,2
2020-10-27,US,Missouri,Cass,2058,30,0,38.64789422,-94.353399,29037.0,1945.5473624503686,1.4577259475218658,2028,2020,30,0,1990,2008,104954,38,0,0,38,12
2020-10-27,US,Missouri,Cedar,232,4,0,37.72391475,-93.85445441,29039.0,1616.837410272493,1.7241379310344829,228,228,4,0,224,228,14165,4,0,0,4,0
2020-10-27,US,Missouri,Chariton,60,0,0,39.51499357,-92.9629191,29041.0,807.9719903043361,0.0,60,60,0,0,60,59,7451,0,0,0,0,1
2020-10-27,US,Missouri,Christian,2299,13,0,36.9711783,-93.18537118,29043.0,2594.954568542243,0.5654632448890822,2286,2263,13,0,2250,2240,86983,36,0,0,36,23
2020-10-27,US,Missouri,Clark,113,1,0,40.41040752,-91.73661677,29045.0,1662.4981609533618,0.8849557522123894,112,113,1,0,112,108,6842,0,0,0,0,5
2020-10-27,US,Missouri,Clay,2536,49,0,39.31132056,-94.41850862,29047.0,1014.611039096132,1.9321766561514195,2487,2504,49,0,2455,2491,246365,32,0,0,32,13
2020-10-27,US,Missouri,Clinton,502,17,0,39.6013098,-94.40465394,29049.0,2462.3534605385785,3.3864541832669324,485,495,17,0,478,487,20470,7,0,0,7,8
2020-10-27,US,Missouri,Cole,2962,22,0,38.50455671,-92.27860244,29051.0,3859.5348231155126,0.7427413909520594,2940,2935,22,0,2913,2898,76796,27,0,0,27,37
2020-10-27,US,Missouri,Cooper,613,3,0,38.844478,-92.80896081,29053.0,3461.5167428990912,0.4893964110929853,610,609,3,0,606,608,17603,4,0,0,4,1
2020-10-27,US,Missouri,Crawford,639,8,0,37.97663738,-91.30528104,29055.0,2671.4046822742475,1.2519561815336464,631,629,8,0,621,621,23957,10,0,0,10,8
2020-10-27,US,Missouri,Dade,140,0,0,37.431814,-93.8503345,29057.0,1851.6069303002246,0.0,140,140,0,0,140,136,7569,0,0,0,0,4
2020-10-27,US,Missouri,Dallas,359,1,0,37.681135499999996,-93.02127031,29059.0,2127.029268870719,0.2785515320334262,358,349,1,0,348,349,16762,10,0,0,10,0
2020-10-27,US,Missouri,Daviess,222,3,0,39.96145298,-93.98519678,29061.0,2681.807199806717,1.351351351351351,219,223,4,0,219,221,8313,-1,-1,0,0,2
2020-10-27,US,Missouri,DeKalb,301,2,0,39.89201062,-94.40476508,29063.0,2398.979835817327,0.6644518272425249,299,300,2,0,298,296,12630,1,0,0,1,4
2020-10-27,US,Missouri,Dent,256,3,0,37.60663134,-91.50790473,29065.0,1643.870802029153,1.171875,253,251,3,0,248,246,15441,5,0,0,5,5
2020-10-27,US,Missouri,Douglas,288,12,0,36.9325593,-92.49905109,29067.0,2184.3003412969283,4.166666666666667,276,285,11,0,274,284,13373,3,1,0,2,1
2020-10-27,US,Missouri,Dunklin,1130,12,0,36.27167174,-90.09122243,29069.0,3879.0292128660194,1.0619469026548674,1118,1118,12,0,1106,1106,29423,12,0,0,12,12
2020-10-27,US,Missouri,Franklin,2694,44,0,38.41127108,-91.07522826,29071.0,2591.206825242625,1.6332590942835932,2650,2659,44,0,2615,2610,103670,35,0,0,35,49
2020-10-27,US,Missouri,Gasconade,260,24,0,38.43947277,-91.50847147,29073.0,1767.9858561131512,9.23076923076923,236,257,24,0,233,250,14705,3,0,0,3,7
2020-10-27,US,Missouri,Gentry,183,10,0,40.21097916,-94.40944419,29075.0,2784.964236798052,5.464480874316941,173,183,10,0,173,183,6628,0,0,0,0,0
2020-10-27,US,Missouri,Greene,9019,126,0,37.2575872,-93.34230916,29077.0,3077.253775342391,1.397050670806076,8893,8944,122,0,8822,8866,291923,75,4,0,71,78
2020-10-27,US,Missouri,Grundy,259,11,0,40.11406587,-93.56509276,29079.0,2629.4416243654823,4.247104247104248,248,259,10,0,249,258,9914,0,1,0,-1,1
2020-10-27,US,Missouri,Harrison,189,1,0,40.35570088,-93.99222144,29081.0,2262.9310344827586,0.5291005291005291,188,189,1,0,188,187,8414,0,0,0,0,2
2020-10-27,US,Missouri,Henry,378,7,0,38.38482826,-93.79293734,29083.0,1732.0381231671554,1.851851851851852,371,377,7,0,370,373,21792,1,0,0,1,4
2020-10-27,US,Missouri,Hickory,203,3,0,37.94163617,-93.3203037,29085.0,2126.99077954736,1.477832512315271,200,198,3,0,195,197,9509,5,0,0,5,1
2020-10-27,US,Missouri,Holt,116,1,0,40.09799248,-95.21638879999999,29087.0,2634.567340449693,0.8620689655172413,115,115,1,0,114,114,4404,1,0,0,1,1
2020-10-27,US,Missouri,Howard,247,2,0,39.1435761,-92.69756691,29089.0,2469.753024697531,0.8097165991902834,245,245,2,0,243,244,10137,2,0,0,2,1
2020-10-27,US,Missouri,Howell,1173,10,0,36.77383887,-91.88683935,29091.0,2923.947453697933,0.8525149190110827,1163,1140,10,0,1130,1121,40076,33,0,0,33,19
2020-10-27,US,Missouri,Iron,103,0,0,37.55487945,-90.7735296,29093.0,1017.283950617284,0.0,103,99,0,0,99,98,10177,4,0,0,4,1
2020-10-27,US,Missouri,Jackson,10033,123,0,39.01002188,-94.34724536,29095.0,1427.1469436466855,1.2259543506428785,9910,9944,123,0,9821,9855,700307,89,0,0,89,89
2020-10-27,US,Missouri,Jasper,5235,73,0,37.20351921,-94.34050458,29097.0,4314.750098905446,1.3944603629417385,5162,5170,71,0,5099,5159,120636,65,2,0,63,11
2020-10-27,US,Missouri,Jefferson,5597,84,0,38.25926778,-90.53870896,29099.0,2486.6603578267373,1.5008040021440057,5513,5531,84,0,5447,5471,224347,66,0,0,66,60
2020-10-27,US,Missouri,Johnson,1494,10,0,38.74719601,-93.80691168,29101.0,2763.493766416337,0.6693440428380187,1484,1487,10,0,1477,1474,53652,7,0,0,7,13
2020-10-27,US,Missouri,Kansas City,14435,196,0,39.0997,-94.5786,0.0,2952.286871884861,1.357810876342224,14239,14313,195,0,14118,14229,491918,122,1,0,121,84
2020-10-27,US,Missouri,Knox,64,1,0,40.12699751,-92.14780832,29103.0,1616.5698408689066,1.5625,63,64,1,0,63,62,3947,0,0,0,0,2
2020-10-27,US,Missouri,Laclede,1197,22,0,37.65896829,-92.5888493,29105.0,3350.782409092181,1.8379281537176275,1175,1188,22,0,1166,1178,35713,9,0,0,9,10
2020-10-27,US,Missouri,Lafayette,845,24,0,39.06986886,-93.78076396,29107.0,2583.465818759937,2.8402366863905324,821,831,24,0,807,810,32598,14,0,0,14,21
2020-10-27,US,Missouri,Lawrence,1105,21,0,37.10626634,-93.83293097,29109.0,2880.9803154738624,1.9004524886877827,1084,1096,20,0,1076,1089,38359,9,1,0,8,7
2020-10-27,US,Missouri,Lewis,201,2,0,40.09673161,-91.72070156,29111.0,2056.0556464811784,0.9950248756218906,199,198,2,0,196,197,9855,3,0,0,3,1
2020-10-27,US,Missouri,Lincoln,1205,5,0,39.05345619,-90.95588181,29113.0,2041.9229661261081,0.4149377593360996,1200,1191,5,0,1186,1172,57686,14,0,0,14,19
2020-10-27,US,Missouri,Linn,161,4,0,39.87001769,-93.10704106,29115.0,1350.6711409395973,2.4844720496894412,157,160,4,0,156,159,12037,1,0,0,1,1
2020-10-27,US,Missouri,Livingston,558,8,0,39.78110272,-93.54645978,29117.0,3664.5432455506666,1.4336917562724014,550,557,7,0,550,556,15146,1,1,0,0,1
2020-10-27,US,Missouri,Macon,212,1,0,39.83049768,-92.56453089,29121.0,1402.3946550241449,0.4716981132075472,211,207,1,0,206,205,15153,5,0,0,5,2
2020-10-27,US,Missouri,Madison,499,3,0,37.47865134,-90.34671429999999,29123.0,4128.060886829914,0.6012024048096193,496,494,3,0,491,485,12188,5,0,0,5,9
2020-10-27,US,Missouri,Maries,187,0,0,38.16193985,-91.92249662,29125.0,2150.166724157756,0.0,187,185,0,0,185,184,8769,2,0,0,2,1
2020-10-27,US,Missouri,Marion,929,14,0,39.80601912,-91.62203062,29127.0,3256.221521205749,1.5069967707212055,915,906,14,0,892,901,28592,23,0,0,23,5
2020-10-27,US,Missouri,McDonald,1217,11,0,36.62869595,-94.34867205,29119.0,5329.071244033805,0.903861955628595,1206,1215,11,0,1204,1211,23078,2,0,0,2,4
2020-10-27,US,Missouri,Mercer,31,0,0,40.42212303,-93.56829590000001,29129.0,857.0638650815595,0.0,31,31,0,0,31,31,3641,0,0,0,0,0
2020-10-27,US,Missouri,Miller,878,9,0,38.21450288,-92.42610898,29131.0,3427.1439166243804,1.0250569476082003,869,865,9,0,856,859,25336,13,0,0,13,6
2020-10-27,US,Missouri,Mississippi,443,6,0,36.82516239,-89.29505753,29133.0,3361.153262518968,1.3544018058690743,437,439,6,0,433,438,13336,4,0,0,4,1
2020-10-27,US,Missouri,Moniteau,623,10,0,38.63571781,-92.57976951,29135.0,3861.889412348128,1.6051364365971108,613,618,9,0,609,612,16121,5,1,0,4,6
2020-10-27,US,Missouri,Monroe,165,2,0,39.49593978,-92.00043978,29137.0,1908.838500694123,1.2121212121212122,163,161,2,0,159,152,8664,4,0,0,4,9
2020-10-27,US,Missouri,Montgomery,157,1,0,38.94022054,-91.47000721,29139.0,1359.1896805471388,0.6369426751592356,156,144,1,0,143,141,11534,13,0,0,13,3
2020-10-27,US,Missouri,Morgan,672,7,0,38.4181765,-92.88791859,29141.0,3257.865903912348,1.0416666666666667,665,665,7,0,658,661,20358,7,0,0,7,4
2020-10-27,US,Missouri,New Madrid,774,22,0,36.59666326,-89.66070007,29143.0,4532.677442023894,2.842377260981912,752,770,22,0,748,763,17296,4,0,0,4,7
2020-10-27,US,Missouri,Newton,2031,21,0,36.90519407,-94.3394104,29145.0,3487.533484442613,1.03397341211226,2010,2019,21,0,1998,2008,58266,12,0,0,12,11
2020-10-27,US,Missouri,Nodaway,1128,11,0,40.36079813,-94.88133008,29147.0,5105.920695274307,0.9751773049645391,1117,1128,11,0,1117,1120,22304,0,0,0,0,8
2020-10-27,US,Missouri,Oregon,232,0,0,36.68710164,-91.4033755,29149.0,2203.438123278564,0.0,232,228,0,0,228,228,10541,4,0,0,4,0
2020-10-27,US,Missouri,Osage,488,3,0,38.46036182,-91.8613635,29151.0,3584.282041865589,0.6147540983606558,485,484,3,0,481,474,13714,4,0,0,4,10
2020-10-27,US,Missouri,Ozark,211,1,0,36.64916339,-92.44459066,29153.0,2299.978199258775,0.4739336492890995,210,209,1,0,208,206,9017,2,0,0,2,3
2020-10-27,US,Missouri,Pemiscot,730,12,0,36.2130572,-89.78742322,29155.0,4618.791521670359,1.643835616438356,718,720,12,0,708,718,16272,10,0,0,10,2
2020-10-27,US,Missouri,Perry,812,8,0,37.70660776,-89.82741088,29157.0,4243.311036789298,0.9852216748768472,804,809,8,0,801,795,19150,3,0,0,3,14
2020-10-27,US,Missouri,Pettis,1617,17,0,38.72798918,-93.28471706,29159.0,3819.173811379578,1.051329622758194,1600,1607,17,0,1590,1579,42542,10,0,0,10,28
2020-10-27,US,Missouri,Phelps,838,24,0,37.87736118,-91.79351727,29161.0,1880.0619208938147,2.863961813842482,814,830,22,0,808,829,44732,8,2,0,6,1
2020-10-27,US,Missouri,Pike,351,8,0,39.34310674,-91.16980779,29163.0,1917.823188722544,2.2792022792022792,343,351,8,0,343,349,18504,0,0,0,0,2
2020-10-27,US,Missouri,Platte,991,13,0,39.38154439,-94.77068479,29165.0,949.0700837020436,1.311806256306761,978,977,12,0,965,976,102985,14,1,0,13,1
2020-10-27,US,Missouri,Polk,942,10,0,37.616229600000004,-93.39828174,29167.0,2930.106690721329,1.0615711252653928,932,937,10,0,927,932,32201,5,0,0,5,5
2020-10-27,US,Missouri,Pulaski,1003,11,0,37.82462075,-92.20783203,29169.0,1906.5903777063888,1.0967098703888336,992,979,9,0,970,963,52014,24,2,0,22,16
2020-10-27,US,Missouri,Putnam,57,1,0,40.47942497,-93.02042674,29171.0,1213.7989778534925,1.7543859649122806,56,56,1,0,55,56,4757,1,0,0,1,0
2020-10-27,US,Missouri,Ralls,207,0,0,39.52817427,-91.51838643,29173.0,2007.9542147637985,0.0,207,202,0,0,202,202,10212,5,0,0,5,0
2020-10-27,US,Missouri,Randolph,616,3,0,39.44007257,-92.49713740000001,29175.0,2489.090027476968,0.48701298701298706,613,606,3,0,603,602,24763,10,0,0,10,4
2020-10-27,US,Missouri,Ray,274,2,0,39.353746799999996,-93.98905745,29177.0,1190.3727517594925,0.7299270072992701,272,273,2,0,271,270,22883,1,0,0,1,3
2020-10-27,US,Missouri,Reynolds,80,1,0,37.36085952,-90.97009925,29179.0,1275.9170653907495,1.25,79,71,1,0,70,70,6254,9,0,0,9,1
2020-10-27,US,Missouri,Ripley,271,4,0,36.65460667,-90.85990261,29181.0,2039.434075857917,1.4760147601476017,267,266,4,0,262,261,13401,5,0,0,5,5
2020-10-27,US,Missouri,Saline,952,10,0,39.13734288,-93.20259964,29195.0,4182.5930319406,1.050420168067227,942,951,10,0,941,939,22895,1,0,0,1,12
2020-10-27,US,Missouri,Schuyler,41,0,0,40.46921489,-92.52311943,29197.0,879.8283261802576,0.0,41,41,0,0,41,41,4599,0,0,0,0,0
2020-10-27,US,Missouri,Scotland,73,1,0,40.45214695,-92.14709064,29199.0,1489.188086495308,1.3698630136986298,72,72,1,0,71,72,4966,1,0,0,1,0
2020-10-27,US,Missouri,Scott,1429,25,0,37.05588075,-89.56474493,29201.0,3733.0198537095093,1.7494751574527645,1404,1407,20,0,1387,1390,38458,22,5,0,17,17
2020-10-27,US,Missouri,Shannon,243,4,0,37.15772072,-91.40190382,29203.0,2975.7531227038953,1.6460905349794241,239,236,4,0,232,230,8189,7,0,0,7,6
2020-10-27,US,Missouri,Shelby,107,1,0,39.79742518,-92.07634971,29205.0,1804.3844856661046,0.9345794392523364,106,108,1,0,107,107,6050,-1,0,0,-1,1
2020-10-27,US,Missouri,St. Charles,10827,147,0,38.77875681,-90.66662425,29183.0,2693.136196526559,1.3577168190634523,10680,10684,147,0,10537,10568,399182,143,0,0,143,116
2020-10-27,US,Missouri,St. Clair,121,1,0,38.03699437,-93.77631447,29185.0,1287.6449930828987,0.8264462809917356,120,120,1,0,119,118,9395,1,0,0,1,2
2020-10-27,US,Missouri,St. Francois,2862,27,0,37.81214171,-90.47598685,29187.0,4257.9781298817215,0.9433962264150944,2835,2839,27,0,2812,2811,66692,23,0,0,23,28
2020-10-27,US,Missouri,St. Louis,30135,885,0,38.63770039999999,-90.4458375,29189.0,3031.0650218013398,2.9367844698855152,29250,29962,870,0,29092,29588,996945,173,15,0,158,374
2020-10-27,US,Missouri,St. Louis City,8428,221,0,38.63555736,-90.24349225,29510.0,2803.9497498136907,2.6222116753678217,8207,8368,221,0,8147,8311,302838,60,0,0,60,57
2020-10-27,US,Missouri,Ste. Genevieve,398,1,0,37.89090059,-90.1949941,29186.0,2224.209232144853,0.25125628140703515,397,396,1,0,395,378,17888,2,0,0,2,18
2020-10-27,US,Missouri,Stoddard,876,15,0,36.85571651,-89.9444155,29207.0,3018.0878552971576,1.7123287671232876,861,870,15,0,855,865,29206,6,0,0,6,5
2020-10-27,US,Missouri,Stone,696,9,0,36.75000327,-93.45256475,29209.0,2178.2674011016525,1.293103448275862,687,689,9,0,680,678,31749,7,0,0,7,11
2020-10-27,US,Missouri,Sullivan,315,1,0,40.2099105,-93.11150106,29211.0,5173.263261619313,0.31746031746031744,314,305,1,0,304,300,6221,10,0,0,10,5
2020-10-27,US,Missouri,Taney,1725,33,0,36.65465345,-93.04075153,29213.0,3084.3227006150764,1.9130434782608696,1692,1714,33,0,1681,1691,55852,11,0,0,11,23
2020-10-27,US,Missouri,Texas,590,3,0,37.31728859,-91.96564727,29215.0,2323.0175604378296,0.5084745762711864,587,587,3,0,584,581,25571,3,0,0,3,6
2020-10-27,US,Missouri,Vernon,336,3,0,37.8457799,-94.34127305,29217.0,1634.002820600107,0.8928571428571429,333,331,3,0,328,326,20528,5,0,0,5,5
2020-10-27,US,Missouri,Warren,629,1,0,38.76529479,-91.16124662,29219.0,1764.425369575584,0.1589825119236884,628,622,1,0,621,612,34711,7,0,0,7,10
2020-10-27,US,Missouri,Washington,667,18,0,37.96130078,-90.87948158,29221.0,2697.1289931257584,2.6986506746626686,649,662,18,0,644,659,24943,5,0,0,5,3
2020-10-27,US,Missouri,Wayne,307,1,0,37.11303869,-90.46001416,29223.0,2384.836479453119,0.3257328990228013,306,307,1,0,306,307,13122,0,0,0,0,0
2020-10-27,US,Missouri,Webster,1146,13,0,37.2813734,-92.876329,29225.0,2894.524146292181,1.1343804537521816,1133,1142,13,0,1129,1135,39109,4,0,0,4,7
2020-10-27,US,Missouri,Worth,34,0,0,40.47945588,-94.42328751,29227.0,1689.021361152509,0.0,34,34,0,0,34,31,2040,0,0,0,0,3
2020-10-27,US,Missouri,Wright,589,5,0,37.27029221,-92.46914488,29229.0,3220.515063699492,0.8488964346349746,584,586,5,0,581,585,18378,3,0,0,3,1
2020-10-27,US,Montana,Beaverhead,269,1,0,45.13434354,-112.89846940000001,30001.0,2845.6574632391835,0.3717472118959108,268,263,1,0,262,263,9404,6,0,0,6,0
2020-10-27,US,Montana,Big Horn,1358,36,0,45.42335905,-107.492347,30003.0,10195.960657707035,2.650957290132548,1322,1338,36,0,1302,1331,13338,20,0,0,20,7
2020-10-27,US,Montana,Blaine,300,3,0,48.43175214,-108.9582723,30005.0,4490.34575662326,1.0,297,293,3,0,290,283,6807,7,0,0,7,10
2020-10-27,US,Montana,Broadwater,77,0,0,46.33277565,-111.49558130000001,30007.0,1234.5679012345681,0.0,77,71,0,0,71,67,6085,6,0,0,6,4
2020-10-27,US,Montana,Carbon,235,0,0,45.22850116,-109.0274047,30009.0,2191.1421911421908,0.0,235,232,0,0,232,232,10714,3,0,0,3,0
2020-10-27,US,Montana,Carter,56,0,0,45.5197966,-104.53955359999999,30011.0,4472.843450479233,0.0,56,53,0,0,53,53,1238,3,0,0,3,0
2020-10-27,US,Montana,Cascade,1821,6,0,47.30797024,-111.3467922,30013.0,2238.035543101541,0.32948929159802304,1815,1732,6,0,1726,1708,81643,89,0,0,89,24
2020-10-27,US,Montana,Chouteau,102,0,0,47.88084126,-110.4353362,30015.0,1810.1153504880206,0.0,102,99,0,0,99,96,5745,3,0,0,3,3
2020-10-27,US,Montana,Custer,296,3,0,46.25319932,-105.57375259999998,30017.0,2596.0357831959304,1.0135135135135136,293,277,3,0,274,274,11586,19,0,0,19,3
2020-10-27,US,Montana,Daniels,32,1,0,48.78420029,-105.54763429999998,30019.0,1893.4911242603546,3.125,31,32,1,0,31,27,1747,0,0,0,0,5
2020-10-27,US,Montana,Dawson,228,4,0,47.26584855,-104.89444170000002,30021.0,2647.1612678509227,1.7543859649122806,224,219,4,0,215,211,8680,9,0,0,9,8
2020-10-27,US,Montana,Deer Lodge,429,1,0,46.05953325,-113.073353,30023.0,4693.654266958424,0.2331002331002331,428,423,1,0,422,408,9131,6,0,0,6,15
2020-10-27,US,Montana,Fallon,62,0,0,46.33478338,-104.41835649999999,30025.0,2178.4961349262117,0.0,62,59,0,0,59,59,2920,3,0,0,3,0
2020-10-27,US,Montana,Fergus,210,2,0,47.26331584,-109.2245206,30027.0,1900.452488687783,0.9523809523809524,208,207,2,0,205,205,11113,3,0,0,3,2
2020-10-27,US,Montana,Flathead,3176,26,0,48.29575866,-114.05205690000001,30029.0,3059.553397684141,0.8186397984886651,3150,3084,26,0,3058,3014,102106,92,0,0,92,70
2020-10-27,US,Montana,Gallatin,2959,6,0,45.54486106,-111.1692571,30031.0,2585.7699634723945,0.2027712064886786,2953,2896,6,0,2890,2839,111876,63,0,0,63,57
2020-10-27,US,Montana,Garfield,34,0,0,47.27545948,-107.0002351,30033.0,2702.7027027027025,0.0,34,34,0,0,34,34,1268,0,0,0,0,0
2020-10-27,US,Montana,Glacier,932,10,0,48.70513576,-112.9934235,30035.0,6776.7032647422375,1.072961373390558,922,859,10,0,849,857,13747,73,0,0,73,2
2020-10-27,US,Montana,Golden Valley,16,0,0,46.3816474,-109.17685220000001,30037.0,1948.84287454324,0.0,16,15,0,0,15,15,826,1,0,0,1,0
2020-10-27,US,Montana,Granite,63,0,0,46.40605220000001,-113.4414186,30039.0,1864.4569399230536,0.0,63,63,0,0,63,59,3378,0,0,0,0,4
2020-10-27,US,Montana,Hill,779,19,0,48.62879827,-110.1129252,30041.0,4725.794710021839,2.4390243902439024,760,737,19,0,718,716,16347,42,0,0,42,21
2020-10-27,US,Montana,Jefferson,165,0,0,46.14907081,-112.094396,30043.0,1350.1350135013502,0.0,165,156,0,0,156,150,12097,9,0,0,9,6
2020-10-27,US,Montana,Judith Basin,14,0,0,47.04581276,-110.26606880000001,30045.0,697.5585450921774,0.0,14,14,0,0,14,16,1952,0,0,0,0,-2
2020-10-27,US,Montana,Lake,550,2,0,47.64514965,-114.0898013,30047.0,1805.7653161730912,0.3636363636363637,548,535,2,0,533,521,30250,15,0,0,15,14
2020-10-27,US,Montana,Lewis and Clark,940,5,0,47.12610041,-112.39469799999999,30049.0,1353.8426085954602,0.5319148936170213,935,860,5,0,855,832,68700,80,0,0,80,28
2020-10-27,US,Montana,Liberty,31,0,0,48.56084317,-111.02430700000001,30051.0,1326.4869490800172,0.0,31,28,0,0,28,28,2430,3,0,0,3,0
2020-10-27,US,Montana,Lincoln,301,3,0,48.54265777,-115.4046155,30053.0,1506.5065065065064,0.9966777408637874,298,296,3,0,293,293,19794,5,0,0,5,3
2020-10-27,US,Montana,Madison,170,1,0,45.30080065,-111.9173017,30057.0,1976.7441860465121,0.5882352941176471,169,165,1,0,164,163,8768,5,0,0,5,2
2020-10-27,US,Montana,McCone,61,0,0,47.64469406,-105.79449939999999,30055.0,3665.865384615385,0.0,61,61,0,0,61,61,1675,0,0,0,0,0
2020-10-27,US,Montana,Meagher,76,4,0,46.59907074,-110.8898557,30059.0,4081.632653061225,5.2631578947368425,72,69,4,0,65,66,1866,7,0,0,7,3
2020-10-27,US,Montana,Mineral,15,0,0,47.15283992,-115.00152390000001,30061.0,341.14168751421425,0.0,15,15,0,0,15,15,4316,0,0,0,0,0
2020-10-27,US,Montana,Missoula,2155,10,0,47.03728583,-113.92135079999998,30063.0,1801.839464882943,0.4640371229698376,2145,2093,9,0,2084,2046,118791,62,1,0,61,47
2020-10-27,US,Montana,Musselshell,102,1,0,46.49684637,-108.39498,30065.0,2201.59723721131,0.9803921568627452,101,101,1,0,100,92,4651,1,0,0,1,9
2020-10-27,US,Montana,Park,246,0,0,45.48965095,-110.52643940000002,30067.0,1481.3922678549923,0.0,246,245,0,0,245,236,16736,1,0,0,1,9
2020-10-27,US,Montana,Petroleum,3,0,0,47.118246299999996,-108.2508876,30069.0,616.0164271047228,0.0,3,3,0,0,3,3,513,0,0,0,0,0
2020-10-27,US,Montana,Phillips,164,0,0,48.25936577,-107.9128511,30071.0,4147.698533131007,0.0,164,163,0,0,163,162,4074,1,0,0,1,1
2020-10-27,US,Montana,Pondera,160,1,0,48.22773388,-112.22527029999999,30073.0,2706.8177973270176,0.625,159,146,1,0,145,146,5972,14,0,0,14,0
2020-10-27,US,Montana,Powder River,54,5,0,45.39617714,-105.636738,30075.0,3210.463733650416,9.25925925925926,49,54,5,0,49,54,1716,0,0,0,0,0
2020-10-27,US,Montana,Powell,110,0,0,46.85538891,-112.93591640000001,30077.0,1596.5166908563135,0.0,110,110,0,0,110,98,6968,0,0,0,0,12
2020-10-27,US,Montana,Prairie,32,0,0,46.86048047,-105.379384,30079.0,2971.2163416898798,0.0,32,32,0,0,32,32,1087,0,0,0,0,0
2020-10-27,US,Montana,Ravalli,450,4,0,46.08520862,-114.11891640000002,30081.0,1027.2565401999723,0.8888888888888888,446,425,4,0,421,425,43172,25,0,0,25,0
2020-10-27,US,Montana,Richland,323,5,0,47.78668011,-104.5610786,30083.0,2989.910210126817,1.547987616099071,318,304,5,0,299,265,10913,19,0,0,19,39
2020-10-27,US,Montana,Roosevelt,931,19,0,48.29607488,-105.00792679999999,30085.0,8460.55979643766,2.0408163265306123,912,903,19,0,884,898,11059,28,0,0,28,5
2020-10-27,US,Montana,Rosebud,754,21,0,46.23397237,-106.72928799999998,30087.0,8436.835627167953,2.7851458885941645,733,751,21,0,730,749,9063,3,0,0,3,2
2020-10-27,US,Montana,Sanders,97,2,0,47.67657534,-115.1329916,30089.0,800.7925369437794,2.061855670103093,95,96,2,0,94,96,11844,1,0,0,1,0
2020-10-27,US,Montana,Sheridan,67,0,0,48.72085833,-104.50382900000001,30091.0,2024.7809005741915,0.0,67,66,0,0,66,63,3424,1,0,0,1,3
2020-10-27,US,Montana,Silver Bow,569,0,0,45.90018933,-112.6620092,30093.0,1629.6720607188888,0.0,569,556,0,0,556,551,34993,13,0,0,13,5
2020-10-27,US,Montana,Stillwater,208,3,0,45.67071407,-109.3950061,30095.0,2157.2287907073223,1.4423076923076923,205,201,3,0,198,201,9534,7,0,0,7,0
2020-10-27,US,Montana,Sweet Grass,81,2,0,45.81367654,-109.9425686,30097.0,2167.514048702168,2.469135802469136,79,74,2,0,72,74,3710,7,0,0,7,0
2020-10-27,US,Montana,Teton,88,0,0,47.83741052,-112.24106880000001,30099.0,1431.5926468195873,0.0,88,88,0,0,88,86,6162,0,0,0,0,2
2020-10-27,US,Montana,Toole,310,6,0,48.65577551,-111.69424140000001,30101.0,6545.608108108108,1.935483870967742,304,309,6,0,303,309,4853,1,0,0,1,0
2020-10-27,US,Montana,Treasure,22,1,0,46.20973220000001,-107.26665159999999,30103.0,3160.919540229885,4.545454545454546,21,22,1,0,21,18,679,0,0,0,0,4
2020-10-27,US,Montana,Valley,341,4,0,48.36435097,-106.6669635,30105.0,4610.600324499729,1.1730205278592376,337,331,4,0,327,326,7437,10,0,0,10,5
2020-10-27,US,Montana,Wheatland,66,2,0,46.46652491,-109.84646359999999,30107.0,3104.4214487300096,3.0303030303030303,64,64,2,0,62,62,2236,2,0,0,2,2
2020-10-27,US,Montana,Wibaux,41,0,0,46.95925154,-104.2510927,30109.0,4231.166150670794,0.0,41,41,0,0,41,40,1034,0,0,0,0,1
2020-10-27,US,Montana,Yellowstone,6215,86,0,45.93955949,-108.26914860000001,30111.0,3853.068815871048,1.383748994368463,6129,6138,85,0,6053,5952,160137,77,1,0,76,186
2020-10-27,US,Nebraska,Adams,861,15,0,40.52449420000001,-98.50117804,31001.0,2745.273092497529,1.7421602787456445,846,839,15,0,824,814,31511,22,0,0,22,25
2020-10-27,US,Nebraska,Antelope,164,1,0,42.17695516,-98.06662829999999,31003.0,2604.001270244522,0.6097560975609756,163,160,1,0,159,157,6336,4,0,0,4,3
2020-10-27,US,Nebraska,Arthur,4,0,0,41.56896142,-101.6959559,31005.0,863.9308855291575,0.0,4,4,0,0,4,4,465,0,0,0,0,0
2020-10-27,US,Nebraska,Banner,4,0,0,41.54634427,-103.7114332,31007.0,536.9127516778524,0.0,4,4,0,0,4,4,730,0,0,0,0,0
2020-10-27,US,Nebraska,Blaine,2,0,0,41.91311716,-99.97677845,31009.0,430.1075268817205,0.0,2,2,0,0,2,2,476,0,0,0,0,0
2020-10-27,US,Nebraska,Boone,147,0,0,41.70759415,-98.06737183,31011.0,2831.2788906009255,0.0,147,145,0,0,145,143,5239,2,0,0,2,2
2020-10-27,US,Nebraska,Box Butte,241,1,0,42.22079243,-103.08788340000001,31013.0,2234.9995363071507,0.4149377593360996,240,234,1,0,233,226,10772,7,0,0,7,8
2020-10-27,US,Nebraska,Boyd,71,0,0,42.899727399999996,-98.76486568,31015.0,3699.843668577384,0.0,71,70,0,0,70,67,1955,1,0,0,1,3
2020-10-27,US,Nebraska,Brown,75,0,0,42.43018907,-99.92904055,31017.0,2538.071065989848,0.0,75,74,0,0,74,74,2973,1,0,0,1,0
2020-10-27,US,Nebraska,Buffalo,1820,16,0,40.85486962,-99.07500296,31019.0,3664.9952677258907,0.8791208791208791,1804,1802,15,0,1787,1784,49615,18,1,0,17,18
2020-10-27,US,Nebraska,Burt,120,1,0,41.85056773,-96.32605633,31021.0,1857.8727357176035,0.8333333333333334,119,119,1,0,118,117,6488,1,0,0,1,2
2020-10-27,US,Nebraska,Butler,266,2,0,41.22703692,-97.13106306,31023.0,3318.363273453094,0.7518796992481203,264,264,2,0,262,261,8058,2,0,0,2,3
2020-10-27,US,Nebraska,Cass,532,4,0,40.90899107,-96.13971217,31025.0,2026.8210911307528,0.7518796992481203,528,524,4,0,520,517,26159,8,0,0,8,7
2020-10-27,US,Nebraska,Cedar,141,0,0,42.598885100000004,-97.25311951,31027.0,1678.1718638419425,0.0,141,140,0,0,140,139,8446,1,0,0,1,1
2020-10-27,US,Nebraska,Chase,147,0,0,40.523719799999995,-101.69780259999999,31029.0,3746.177370030581,0.0,147,145,0,0,145,145,3977,2,0,0,2,0
2020-10-27,US,Nebraska,Cherry,69,4,0,42.54502621,-101.1244332,31031.0,1212.8669361926525,5.797101449275362,65,69,4,0,65,68,5761,0,0,0,0,1
2020-10-27,US,Nebraska,Cheyenne,97,1,0,41.21999357,-102.9941693,31033.0,1088.6644219977554,1.0309278350515465,96,94,1,0,93,87,9310,3,0,0,3,7
2020-10-27,US,Nebraska,Clay,173,1,0,40.52439441,-98.05126296,31035.0,2788.9730775431244,0.5780346820809249,172,163,1,0,162,160,6214,10,0,0,10,3
2020-10-27,US,Nebraska,Colfax,915,7,0,41.57486951,-97.0868542,31037.0,8544.215146138762,0.7650273224043715,908,905,7,0,898,901,10881,10,0,0,10,4
2020-10-27,US,Nebraska,Cuming,284,2,0,41.91637624,-96.78730772,31039.0,3210.4906172281258,0.7042253521126759,282,283,1,0,282,282,8940,1,1,0,0,1
2020-10-27,US,Nebraska,Custer,219,5,0,41.39374521,-99.72805369,31041.0,2032.105409668739,2.2831050228310503,214,219,5,0,214,217,10840,0,0,0,0,2
2020-10-27,US,Nebraska,Dakota,2534,47,0,42.39040144,-96.56656425,31043.0,12653.55038450015,1.8547750591949488,2487,2532,44,0,2488,2526,20083,2,3,0,-1,6
2020-10-27,US,Nebraska,Dawes,242,2,0,42.71985036,-103.1313774,31045.0,2817.5573407847246,0.8264462809917356,240,242,1,0,241,230,8716,0,1,0,-1,12
2020-10-27,US,Nebraska,Dawson,1277,15,0,40.87028216,-99.82014609999999,31047.0,5412.163593981776,1.1746280344557556,1262,1273,15,0,1258,1267,23709,4,0,0,4,6
2020-10-27,US,Nebraska,Deuel,8,0,0,41.11168186,-102.33333309999999,31049.0,445.9308807134894,0.0,8,8,0,0,8,8,1825,0,0,0,0,0
2020-10-27,US,Nebraska,Dixon,164,2,0,42.49188363,-96.86782408,31051.0,2909.865152590489,1.2195121951219512,162,163,2,0,161,162,5709,1,0,0,1,1
2020-10-27,US,Nebraska,Dodge,1616,20,0,41.58071748,-96.65598179,31053.0,4419.52686995761,1.2376237623762376,1596,1604,17,0,1587,1585,36791,12,3,0,9,19
2020-10-27,US,Nebraska,Douglas,22081,218,0,41.29518299,-96.15085305,31055.0,3864.8619792168056,0.987274127077578,21863,21816,218,0,21598,21606,566880,265,0,0,265,210
2020-10-27,US,Nebraska,Dundy,27,1,0,40.17638677,-101.6876522,31057.0,1594.8021264028355,3.703703703703704,26,21,1,0,20,19,1770,6,0,0,6,2
2020-10-27,US,Nebraska,Fillmore,95,2,0,40.52458567,-97.59646937,31059.0,1739.289637495423,2.1052631578947367,93,94,1,0,93,94,5527,1,1,0,0,0
2020-10-27,US,Nebraska,Franklin,91,0,0,40.17636348,-98.95299073,31061.0,3054.716347767707,0.0,91,90,0,0,90,89,3023,1,0,0,1,1
2020-10-27,US,Nebraska,Frontier,37,0,0,40.52993007,-100.3924658,31063.0,1408.4507042253522,0.0,37,36,0,0,36,36,2608,1,0,0,1,0
2020-10-27,US,Nebraska,Furnas,94,3,0,40.17642064,-99.91247454,31065.0,2010.2651839178784,3.191489361702128,91,92,3,0,89,91,4715,2,0,0,2,1
2020-10-27,US,Nebraska,Gage,535,5,0,40.26186809,-96.68946704,31067.0,2486.868405150374,0.9345794392523364,530,530,5,0,525,526,21493,5,0,0,5,4
2020-10-27,US,Nebraska,Garden,20,0,0,41.61703149,-102.3313973,31069.0,1088.7316276537833,0.0,20,20,0,0,20,19,1897,0,0,0,0,1
2020-10-27,US,Nebraska,Garfield,27,0,0,41.91428955,-98.99111827,31071.0,1371.2544438801422,0.0,27,26,0,0,26,25,1987,1,0,0,1,1
2020-10-27,US,Nebraska,Gosper,59,0,0,40.51481965,-99.83020279,31073.0,2964.824120603015,0.0,59,59,0,0,59,59,1996,0,0,0,0,0
2020-10-27,US,Nebraska,Grant,4,0,0,41.91528587,-101.740701,31075.0,642.0545746388442,0.0,4,4,0,0,4,4,660,0,0,0,0,0
2020-10-27,US,Nebraska,Greeley,47,0,0,41.56742671,-98.52150266,31077.0,1994.90662139219,0.0,47,47,0,0,47,47,2356,0,0,0,0,0
2020-10-27,US,Nebraska,Hall,2620,50,0,40.87257079,-98.50218293,31079.0,4270.369827066321,1.9083969465648856,2570,2599,49,0,2550,2589,61607,21,1,0,20,10
2020-10-27,US,Nebraska,Hamilton,236,12,0,40.87349452,-98.02099117,31081.0,2531.102531102531,5.084745762711863,224,233,12,0,221,231,9280,3,0,0,3,2
2020-10-27,US,Nebraska,Harlan,56,0,0,40.17658508,-99.40438879,31083.0,1656.8047337278103,0.0,56,53,0,0,53,53,3401,3,0,0,3,0
2020-10-27,US,Nebraska,Hayes,23,0,0,40.52451972,-101.0603568,31085.0,2494.5770065075917,0.0,23,21,0,0,21,20,916,2,0,0,2,1
2020-10-27,US,Nebraska,Hitchcock,42,0,0,40.17609175,-101.04164770000001,31087.0,1520.6372194062274,0.0,42,41,0,0,41,40,2806,1,0,0,1,1
2020-10-27,US,Nebraska,Holt,276,4,0,42.45522056,-98.78402558,31089.0,2741.6310718188142,1.4492753623188406,272,276,3,0,273,273,10178,0,1,0,-1,3
2020-10-27,US,Nebraska,Hooker,21,1,0,41.91586243,-101.1354293,31091.0,3079.1788856304993,4.761904761904762,20,21,1,0,20,21,682,0,0,0,0,0
2020-10-27,US,Nebraska,Howard,145,5,0,41.2200529,-98.5166499,31093.0,2249.8060512024826,3.4482758620689653,140,143,5,0,138,137,6468,2,0,0,2,6
2020-10-27,US,Nebraska,Jefferson,85,0,0,40.17584531,-97.142601,31095.0,1206.3582174283279,0.0,85,84,0,0,84,82,7097,1,0,0,1,2
2020-10-27,US,Nebraska,Johnson,102,0,0,40.39257596,-96.26522753,31097.0,2011.4375862748968,0.0,102,101,0,0,101,101,5134,1,0,0,1,0
2020-10-27,US,Nebraska,Kearney,261,0,0,40.50663314,-98.94877182,31099.0,4018.475750577367,0.0,261,257,0,0,257,255,6544,4,0,0,4,2
2020-10-27,US,Nebraska,Keith,104,0,0,41.19930341,-101.66201640000001,31101.0,1294.4983818770227,0.0,104,102,0,0,102,98,8021,2,0,0,2,4
2020-10-27,US,Nebraska,Keya Paha,9,0,0,42.87990694,-99.71343729,31103.0,1116.6253101736972,0.0,9,9,0,0,9,9,810,0,0,0,0,0
2020-10-27,US,Nebraska,Kimball,49,0,0,41.19774275,-103.7148131,31105.0,1349.1189427312775,0.0,49,47,0,0,47,45,3618,2,0,0,2,2
2020-10-27,US,Nebraska,Knox,260,1,0,42.63758421,-97.89178836,31107.0,3120.4992798847816,0.38461538461538464,259,257,1,0,256,253,8419,3,0,0,3,4
2020-10-27,US,Nebraska,Lancaster,8884,43,0,40.78416049,-96.68777155,31109.0,2784.167476260616,0.4840162089149032,8841,8783,43,0,8740,8722,317272,101,0,0,101,61
2020-10-27,US,Nebraska,Lincoln,888,8,0,41.04658298,-100.74753740000001,31111.0,2543.392335452827,0.9009009009009008,880,854,7,0,847,839,35185,34,1,0,33,15
2020-10-27,US,Nebraska,Logan,10,0,0,41.56650314,-100.4817851,31113.0,1336.8983957219252,0.0,10,10,0,0,10,10,749,0,0,0,0,0
2020-10-27,US,Nebraska,Loup,8,0,0,41.91371961,-99.45440415,31115.0,1204.8192771084334,0.0,8,8,0,0,8,7,618,0,0,0,0,1
2020-10-27,US,Nebraska,Madison,1278,10,0,41.91676024,-97.6005481,31119.0,3641.1293769053245,0.7824726134585289,1268,1261,9,0,1252,1226,35392,17,1,0,16,35
2020-10-27,US,Nebraska,McPherson,10,0,0,41.56797682,-101.05993620000001,31117.0,2024.2914979757086,0.0,10,10,0,0,10,10,492,0,0,0,0,0
2020-10-27,US,Nebraska,Merrick,138,1,0,41.16624273,-98.0374887,31121.0,1779.4970986460348,0.7246376811594203,137,136,1,0,135,135,7733,2,0,0,2,1
2020-10-27,US,Nebraska,Morrill,110,0,0,41.71711774,-103.0061405,31123.0,2369.668246445497,0.0,110,108,0,0,108,104,4686,2,0,0,2,4
2020-10-27,US,Nebraska,Nance,87,0,0,41.39750195,-97.99327291,31125.0,2472.29326513214,0.0,87,83,0,0,83,83,3532,4,0,0,4,0
2020-10-27,US,Nebraska,Nemaha,164,0,0,40.38514847,-95.85433992,31127.0,2352.2662076878946,0.0,164,164,0,0,164,164,6958,0,0,0,0,0
2020-10-27,US,Nebraska,Nuckolls,96,0,0,40.17637905,-98.04743961,31129.0,2314.3683702989388,0.0,96,91,0,0,91,87,4195,5,0,0,5,4
2020-10-27,US,Nebraska,Otoe,298,1,0,40.64843556,-96.13374142,31131.0,1861.1041718710967,0.3355704697986577,297,293,1,0,292,292,15985,5,0,0,5,1
2020-10-27,US,Nebraska,Pawnee,28,0,0,40.13141096,-96.23705437,31133.0,1071.5652506697284,0.0,28,28,0,0,28,28,2632,0,0,0,0,0
2020-10-27,US,Nebraska,Perkins,45,10,0,40.85082525,-101.6502942,31135.0,1556.5548253199586,22.222222222222218,35,44,10,0,34,43,2929,1,0,0,1,1
2020-10-27,US,Nebraska,Phelps,297,2,0,40.51156033,-99.41461667,31137.0,3287.580252379898,0.6734006734006734,295,290,1,0,289,286,8996,7,1,0,6,4
2020-10-27,US,Nebraska,Pierce,199,8,0,42.26434853,-97.60122773,31139.0,2783.9955232232787,4.0201005025125625,191,189,8,0,181,189,7142,10,0,0,10,0
2020-10-27,US,Nebraska,Platte,1589,7,0,41.57246836,-97.52144359,31141.0,4747.535106065133,0.4405286343612335,1582,1544,7,0,1537,1533,33363,45,0,0,45,11
2020-10-27,US,Nebraska,Polk,193,4,0,41.18813488,-97.56630712,31143.0,3702.2827546518324,2.0725388601036268,189,191,4,0,187,189,5278,2,0,0,2,2
2020-10-27,US,Nebraska,Red Willow,213,0,0,40.17556879999999,-100.476998,31145.0,1986.199179410668,0.0,213,207,0,0,207,203,10726,6,0,0,6,4
2020-10-27,US,Nebraska,Richardson,97,2,0,40.1247415,-95.71755036,31147.0,1233.3121424030514,2.061855670103093,95,95,2,0,93,95,7937,2,0,0,2,0
2020-10-27,US,Nebraska,Rock,58,1,0,42.42252217,-99.44832069,31149.0,4274.1341193809885,1.7241379310344829,57,55,1,0,54,55,1360,3,0,0,3,0
2020-10-27,US,Nebraska,Saline,924,2,0,40.52418865,-97.14085859,31151.0,6496.062992125984,0.21645021645021645,922,914,2,0,912,910,14350,10,0,0,10,4
2020-10-27,US,Nebraska,Sarpy,5739,37,0,41.11314181,-96.11156432,31153.0,3065.770636124704,0.6447116222338386,5702,5651,36,0,5615,5586,184459,88,1,0,87,65
2020-10-27,US,Nebraska,Saunders,668,4,0,41.227810299999994,-96.63773905,31155.0,3095.7456668829363,0.5988023952095808,664,661,4,0,657,659,21303,7,0,0,7,2
2020-10-27,US,Nebraska,Scotts Bluff,774,8,0,41.85070896,-103.70809859999999,31157.0,2173.0585658936493,1.0335917312661498,766,730,8,0,722,691,35989,44,0,0,44,39
2020-10-27,US,Nebraska,Seward,363,3,0,40.87241834,-97.139673,31159.0,2100.2082851191853,0.8264462809917356,360,357,3,0,354,352,17318,6,0,0,6,5
2020-10-27,US,Nebraska,Sheridan,130,0,0,42.50284406,-102.4126613,31161.0,2478.078536027449,0.0,130,128,0,0,128,125,5190,2,0,0,2,3
2020-10-27,US,Nebraska,Sherman,41,3,0,41.22045983,-98.97588642,31163.0,1366.2112629123626,7.317073170731707,38,41,3,0,38,39,3038,0,0,0,0,2
2020-10-27,US,Nebraska,Sioux,12,0,0,42.48932059,-103.7576544,31165.0,1029.1595197255574,0.0,12,12,0,0,12,12,1187,0,0,0,0,0
2020-10-27,US,Nebraska,Stanton,76,0,0,41.9169835,-97.19394708,31167.0,1283.7837837837835,0.0,76,74,0,0,74,70,5970,2,0,0,2,4
2020-10-27,US,Nebraska,Thayer,64,0,0,40.17626377,-97.59504381,31169.0,1279.232460523686,0.0,64,61,0,0,61,60,5039,3,0,0,3,1
2020-10-27,US,Nebraska,Thomas,11,0,0,41.91358968,-100.5556632,31171.0,1523.545706371191,0.0,11,11,0,0,11,11,720,0,0,0,0,0
2020-10-27,US,Nebraska,Thurston,325,4,0,42.15725356,-96.54157099,31173.0,4498.892580287929,1.2307692307692308,321,324,4,0,320,317,7303,1,0,0,1,7
2020-10-27,US,Nebraska,Unassigned,461,3,0,0.0,0.0,90031.0,0.0,0.6507592190889371,458,468,2,0,466,450,,-7,1,0,-8,18
2020-10-27,US,Nebraska,Valley,90,1,0,41.56730777,-98.98197724,31175.0,2164.5021645021648,1.1111111111111112,89,86,1,0,85,82,4190,4,0,0,4,4
2020-10-27,US,Nebraska,Washington,485,7,0,41.52815707,-96.22019892,31177.0,2339.717304259733,1.443298969072165,478,474,7,0,467,468,20667,11,0,0,11,6
2020-10-27,US,Nebraska,Wayne,322,1,0,42.20934475,-97.11926964,31179.0,3431.006925945658,0.3105590062111801,321,318,1,0,317,317,9403,4,0,0,4,1
2020-10-27,US,Nebraska,Webster,120,0,0,40.17642643,-98.50019851,31181.0,3441.353599082305,0.0,120,115,0,0,115,112,3533,5,0,0,5,3
2020-10-27,US,Nebraska,Wheeler,3,0,0,41.91482725,-98.52798941,31183.0,383.1417624521073,0.0,3,3,0,0,3,3,805,0,0,0,0,0
2020-10-27,US,Nebraska,York,479,2,0,40.87272618,-97.59710186,31185.0,3501.7179618393156,0.4175365344467641,477,467,2,0,465,464,13772,12,0,0,12,3
2020-10-27,US,Nevada,Carson City,733,8,0,39.15509045,-119.7480219,32510.0,1310.8949137992704,1.0914051841746248,725,726,8,0,718,720,55414,7,0,0,7,6
2020-10-27,US,Nevada,Churchill,214,4,0,39.58105744,-118.3394607,32001.0,859.127223092055,1.8691588785046729,210,206,4,0,202,203,24440,8,0,0,8,3
2020-10-27,US,Nevada,Clark,79782,1497,0,36.21458855,-115.0130241,32003.0,3519.719064814059,1.8763630894186656,78285,79240,1493,0,77747,78897,2231647,542,4,0,538,343
2020-10-27,US,Nevada,Douglas,400,1,0,38.912862,-119.61713329999999,32005.0,817.9122789080873,0.25,399,398,1,0,397,396,48467,2,0,0,2,2
2020-10-27,US,Nevada,Elko,1376,14,0,41.14531606,-115.3577619,32007.0,2607.146917276137,1.0174418604651163,1362,1358,13,0,1345,1344,52460,18,1,0,17,14
2020-10-27,US,Nevada,Eureka,11,0,0,39.98100864,-116.26832040000001,32011.0,542.1389847215377,0.0,11,11,0,0,11,11,2003,0,0,0,0,0
2020-10-27,US,Nevada,Humboldt,173,4,0,41.40692186,-118.11094270000001,32013.0,1027.8652486483277,2.3121387283237,169,169,4,0,165,167,16786,4,0,0,4,2
2020-10-27,US,Nevada,Lander,107,0,0,39.933223299999995,-117.03970749999999,32015.0,1934.2010122921185,0.0,107,102,0,0,102,102,5575,5,0,0,5,0
2020-10-27,US,Nevada,Lincoln,48,0,0,37.64268459,-114.8790388,32017.0,926.1045726413272,0.0,48,45,0,0,45,44,5201,3,0,0,3,1
2020-10-27,US,Nevada,Lyon,598,12,0,39.01777974,-119.18704790000001,32019.0,1039.8191618848896,2.0066889632107023,586,593,12,0,581,586,55808,5,0,0,5,7
2020-10-27,US,Nevada,Mineral,18,0,0,38.53841696,-118.4344506,32021.0,399.5560488346282,0.0,18,18,0,0,18,18,4514,0,0,0,0,0
2020-10-27,US,Nevada,Nye,676,16,0,38.04264256,-116.47227020000001,32023.0,1453.0447305633775,2.366863905325444,660,666,16,0,650,649,45346,10,0,0,10,17
2020-10-27,US,Nevada,Pershing,24,0,0,40.44003782,-118.40056409999998,32027.0,356.8773234200744,0.0,24,24,0,0,24,24,6666,0,0,0,0,0
2020-10-27,US,Nevada,Storey,22,0,0,39.44875482,-119.5250207,32029.0,533.5920446276983,0.0,22,22,0,0,22,22,4029,0,0,0,0,0
2020-10-27,US,Nevada,Washoe,12608,195,0,40.66562265,-119.6631594,32031.0,2673.9113376131186,1.5466370558375635,12413,12482,193,0,12289,12402,465735,126,2,0,124,80
2020-10-27,US,Nevada,White Pine,118,1,0,39.44157041,-114.89996599999999,32033.0,1231.732776617954,0.8474576271186439,117,118,1,0,117,118,9475,0,0,0,0,0
2020-10-27,US,New Hampshire,Belknap,229,5,0,43.51637314,-71.41684235,33001.0,373.55431218700545,2.183406113537118,224,224,5,0,219,223,61022,5,0,0,5,1
2020-10-27,US,New Hampshire,Carroll,148,2,0,43.87498583,-71.20430216,33003.0,302.5966060110407,1.351351351351351,146,146,2,0,144,142,48779,2,0,0,2,4
2020-10-27,US,New Hampshire,Cheshire,192,3,0,42.92015988,-72.25311043,33005.0,252.34934612604323,1.5625,189,190,3,0,187,182,76493,2,0,0,2,8
2020-10-27,US,New Hampshire,Coos,43,0,0,44.69063265,-71.30633239,33007.0,136.2354655767829,0.0,43,39,0,0,39,39,31589,4,0,0,4,0
2020-10-27,US,New Hampshire,Grafton,207,1,0,43.93779815,-71.82057197,33009.0,230.29170282357654,0.4830917874396135,206,199,1,0,198,196,89786,8,0,0,8,3
2020-10-27,US,New Hampshire,Hillsborough,5430,317,0,42.91537785,-71.7200253,33011.0,1302.080211018524,5.837937384898711,5113,5389,317,0,5072,5367,415247,41,0,0,41,22
2020-10-27,US,New Hampshire,Merrimack,878,27,0,43.29662971,-71.6811573,33013.0,579.9552153034198,3.0751708428246007,851,867,27,0,840,852,151132,11,0,0,11,15
2020-10-27,US,New Hampshire,Rockingham,2589,105,0,42.98499744,-71.12883377,33015.0,835.7840842692458,4.055619930475087,2484,2551,105,0,2446,2534,309176,38,0,0,38,17
2020-10-27,US,New Hampshire,Strafford,714,14,0,43.291833000000004,-71.02336013,33017.0,546.5693967068047,1.96078431372549,700,699,14,0,685,699,130090,15,0,0,15,0
2020-10-27,US,New Hampshire,Sullivan,79,1,0,43.36094111,-72.22203125,33019.0,183.09924442590275,1.2658227848101269,78,77,1,0,76,76,43144,2,0,0,2,1
2020-10-27,US,New Hampshire,Unassigned,21,0,0,0.0,0.0,90033.0,0.0,0.0,21,16,0,0,16,18,,5,0,0,5,-2
2020-10-27,US,New Jersey,Atlantic,5091,265,0,39.47538693,-74.65848483,34001.0,1930.8226191830693,5.205264191710863,4826,5045,264,0,4781,4997,265429,46,1,0,45,48
2020-10-27,US,New Jersey,Bergen,24795,2058,0,40.96010917,-74.07164325,34003.0,2659.831238293846,8.300060496067756,22737,24648,2058,0,22590,24527,936692,147,0,0,147,121
2020-10-27,US,New Jersey,Burlington,8334,513,0,39.87681124,-74.66927768,34005.0,1871.3413525122994,6.155507559395247,7821,8280,513,0,7767,8201,445384,54,0,0,54,79
2020-10-27,US,New Jersey,Camden,11407,632,0,39.80343818,-74.96388753,34007.0,2252.251362861842,5.5404576137459465,10775,11336,629,0,10707,11280,507078,71,3,0,68,56
2020-10-27,US,New Jersey,Cape May,1111,100,0,39.15008829,-74.80170244,34009.0,1207.0969914927368,9.000900090009,1011,1105,100,0,1005,1094,92560,6,0,0,6,11
2020-10-27,US,New Jersey,Cumberland,3986,162,0,39.37199394,-75.10712559,34011.0,2665.739297919439,4.0642247867536385,3824,3978,162,0,3816,3965,150972,8,0,0,8,13
2020-10-27,US,New Jersey,Essex,24177,2142,0,40.78681335,-74.24657979,34013.0,3026.002065145968,8.859660007445092,22035,23931,2141,0,21790,23771,799767,246,1,0,245,160
2020-10-27,US,New Jersey,Gloucester,5467,243,0,39.71581067,-75.13995546,34015.0,1874.5971004951377,4.444850923724164,5224,5435,242,0,5193,5403,291408,32,1,0,31,32
2020-10-27,US,New Jersey,Hudson,22837,1528,0,40.73766234,-74.07515667,34017.0,3396.386923679823,6.6908963524105625,21309,22646,1527,0,21119,22573,676061,191,1,0,190,73
2020-10-27,US,New Jersey,Hunterdon,1569,127,0,40.56335249,-74.91284156,34019.0,1261.5481100899726,8.094327597195665,1442,1548,126,0,1422,1533,124714,21,1,0,20,15
2020-10-27,US,New Jersey,Mercer,9220,640,0,40.28047017,-74.70479631,34021.0,2509.3215034156165,6.941431670281996,8580,9174,640,0,8534,9146,369811,46,0,0,46,28
2020-10-27,US,New Jersey,Middlesex,21939,1444,0,40.43629879,-74.41426991,34023.0,2659.072893915851,6.58188613883951,20495,21783,1444,0,20339,21668,829685,156,0,0,156,115
2020-10-27,US,New Jersey,Monmouth,13892,872,0,40.26549699,-74.22240686,34025.0,2245.008443830348,6.27699395335445,13020,13807,870,0,12937,13747,621354,85,2,0,83,60
2020-10-27,US,New Jersey,Morris,9002,835,0,40.86095313,-74.54553709999998,34027.0,1830.251400339538,9.275716507442793,8167,8919,834,0,8085,8859,494228,83,1,0,82,60
2020-10-27,US,New Jersey,Ocean,16605,1065,0,39.8895449,-74.28089251,34029.0,2734.7468485768773,6.4137308039747065,15540,16534,1065,0,15469,16477,601651,71,0,0,71,57
2020-10-27,US,New Jersey,Passaic,20662,1261,0,41.03238628,-74.29954144,34031.0,4117.363388903724,6.102990997967282,19401,20554,1261,0,19293,20444,503310,108,0,0,108,110
2020-10-27,US,New Jersey,Salem,1166,89,0,39.58719656,-75.34696629999998,34033.0,1869.0390318185464,7.632933104631218,1077,1160,88,0,1072,1160,62607,6,1,0,5,0
2020-10-27,US,New Jersey,Somerset,6411,593,0,40.56465737,-74.61683016,34035.0,1949.023208303185,9.249727031664326,5818,6371,592,0,5779,6329,331164,40,1,0,39,42
2020-10-27,US,New Jersey,Sussex,1692,197,0,41.13891592,-74.69118243,34037.0,1204.3733272592674,11.643026004728133,1495,1681,197,0,1484,1677,140799,11,0,0,11,4
2020-10-27,US,New Jersey,Unassigned,480,0,0,0.0,0.0,90034.0,0.0,0.0,480,505,0,0,505,504,,-25,0,0,-25,1
2020-10-27,US,New Jersey,Union,19918,1369,0,40.65835409,-74.30680092,34039.0,3580.1783438574544,6.873180038156441,18549,19682,1368,0,18314,19559,558067,236,1,0,235,123
2020-10-27,US,New Jersey,Warren,1570,171,0,40.85951833,-74.99556527,34041.0,1491.4455622369785,10.891719745222929,1399,1562,171,0,1391,1554,105779,8,0,0,8,8
2020-10-27,US,New Mexico,Bernalillo,10589,196,0,35.05163625,-106.6703554,35001.0,1559.2214053165783,1.8509774294078758,10393,10452,196,0,10256,10284,678701,137,0,0,137,168
2020-10-27,US,New Mexico,Catron,10,1,0,33.91514144,-108.4046587,35003.0,283.5270768358378,10.0,9,9,1,0,8,9,3578,1,0,0,1,0
2020-10-27,US,New Mexico,Chaves,2016,19,0,33.36406072,-104.4665365,35005.0,3120.0185715391162,0.9424603174603174,1997,2001,19,0,1982,1963,64689,15,0,0,15,38
2020-10-27,US,New Mexico,Cibola,565,22,0,34.91131525,-107.998876,35006.0,2118.0880974695406,3.893805309734513,543,560,22,0,538,559,26746,5,0,0,5,1
2020-10-27,US,New Mexico,Colfax,44,1,0,36.60569702,-104.64726740000002,35007.0,368.4783518968261,2.272727272727273,43,44,1,0,43,44,12110,0,0,0,0,0
2020-10-27,US,New Mexico,Curry,1555,10,0,34.57421077,-103.34688759999999,35009.0,3176.4513625035747,0.6430868167202572,1545,1548,10,0,1538,1503,49437,7,0,0,7,45
2020-10-27,US,New Mexico,De Baca,1,0,0,34.34274529,-104.4117842,35011.0,57.20823798627003,0.0,1,1,0,0,1,1,1781,0,0,0,0,0
2020-10-27,US,New Mexico,Dona Ana,5980,70,0,32.35275771,-106.83293870000001,35013.0,2740.6677513233576,1.1705685618729098,5910,5817,69,0,5748,5624,217522,163,1,0,162,193
2020-10-27,US,New Mexico,Eddy,1437,22,0,32.47167456,-104.3053527,35015.0,2458.0910023948,1.5309672929714684,1415,1423,22,0,1401,1398,57900,14,0,0,14,25
2020-10-27,US,New Mexico,Grant,187,3,0,32.73911281,-108.3827845,35017.0,692.6438995481146,1.60427807486631,184,186,3,0,183,184,27346,1,0,0,1,2
2020-10-27,US,New Mexico,Guadalupe,42,1,0,34.86319296,-104.790669,35019.0,976.7441860465117,2.380952380952381,41,41,1,0,40,41,4341,1,0,0,1,0
2020-10-27,US,New Mexico,Harding,1,0,0,35.85751555,-103.82209379999999,35021.0,160.0,0.0,1,1,0,0,1,1,655,0,0,0,0,0
2020-10-27,US,New Mexico,Hidalgo,117,2,0,31.91383467,-108.7151824,35023.0,2787.0414483087184,1.709401709401709,115,118,2,0,116,118,4240,-1,0,0,-1,0
2020-10-27,US,New Mexico,Lea,2088,29,0,32.79215361,-103.4123733,35025.0,2937.948501477417,1.3888888888888888,2059,2081,28,0,2053,2062,69611,7,1,0,6,19
2020-10-27,US,New Mexico,Lincoln,373,6,0,33.74526079,-105.4586166,35027.0,1905.7837727365625,1.6085790884718498,367,369,6,0,363,362,19556,4,0,0,4,7
2020-10-27,US,New Mexico,Los Alamos,44,0,0,35.86631386,-106.31349850000001,35028.0,227.1671227218752,0.0,44,44,0,0,44,43,19101,0,0,0,0,1
2020-10-27,US,New Mexico,Luna,959,11,0,32.18179341,-107.75088259999998,35029.0,4044.877472689696,1.1470281543274243,948,864,11,0,853,805,23963,95,0,0,95,59
2020-10-27,US,New Mexico,McKinley,4627,261,0,35.58007720000001,-108.262245,35031.0,6483.38868104306,5.640803976658742,4366,4616,261,0,4355,4596,72290,11,0,0,11,20
2020-10-27,US,New Mexico,Mora,14,0,0,36.01095101,-104.9497716,35033.0,309.66600309666,0.0,14,14,0,0,14,14,4506,0,0,0,0,0
2020-10-27,US,New Mexico,Otero,509,13,0,32.61348406,-105.7417604,35035.0,754.1858053044896,2.5540275049115917,496,494,13,0,481,484,66781,15,0,0,15,10
2020-10-27,US,New Mexico,Quay,101,2,0,35.10403332,-103.54817270000001,35037.0,1223.7974070035139,1.98019801980198,99,101,2,0,99,100,8253,0,0,0,0,1
2020-10-27,US,New Mexico,Rio Arriba,493,15,0,36.51072137,-106.69316740000001,35039.0,1266.6683795380384,3.042596348884381,478,488,15,0,473,483,39006,5,0,0,5,5
2020-10-27,US,New Mexico,Roosevelt,452,8,0,34.02097406,-103.4799493,35041.0,2443.2432432432433,1.7699115044247788,444,449,7,0,442,441,18743,3,1,0,2,8
2020-10-27,US,New Mexico,San Juan,3779,204,0,36.50838318,-108.32043700000001,35045.0,3048.6132399683765,5.398253506218577,3575,3756,204,0,3552,3734,125043,23,0,0,23,22
2020-10-27,US,New Mexico,San Miguel,171,0,0,35.48014807,-104.8163562,35047.0,626.901785386956,0.0,171,171,0,0,171,170,27591,0,0,0,0,1
2020-10-27,US,New Mexico,Sandoval,1981,47,0,35.68862401,-106.86878030000001,35043.0,1349.9332188513642,2.372539121655729,1934,1949,47,0,1902,1932,145179,32,0,0,32,17
2020-10-27,US,New Mexico,Santa Fe,1692,13,0,35.50708973,-105.9774716,35049.0,1125.3142499900239,0.7683215130023641,1679,1673,13,0,1660,1631,150056,19,0,0,19,42
2020-10-27,US,New Mexico,Sierra,109,1,0,33.13028233,-107.1925893,35051.0,1010.1010101010099,0.9174311926605504,108,104,1,0,103,101,10968,5,0,0,5,3
2020-10-27,US,New Mexico,Socorro,231,11,0,34.00715494,-106.9298354,35053.0,1388.4714792330344,4.761904761904762,220,228,10,0,218,226,16735,3,1,0,2,2
2020-10-27,US,New Mexico,Taos,224,4,0,36.58006022,-105.63101979999999,35055.0,684.5338141368456,1.7857142857142858,220,224,4,0,220,209,32835,0,0,0,0,15
2020-10-27,US,New Mexico,Torrance,99,1,0,34.64048375,-105.8508949,35057.0,640.3208071922903,1.0101010101010102,98,99,1,0,98,99,15591,0,0,0,0,0
2020-10-27,US,New Mexico,Unassigned,1705,0,0,0.0,0.0,90035.0,0.0,0.0,1705,1702,0,0,1702,1698,,3,0,0,3,4
2020-10-27,US,New Mexico,Union,39,2,0,36.48126404,-103.4709624,35059.0,960.8277900960827,5.128205128205129,37,39,2,0,37,39,4118,0,0,0,0,0
2020-10-27,US,New Mexico,Valencia,935,5,0,34.71669834,-106.8103733,35061.0,1219.2259545170039,0.5347593582887701,930,920,5,0,915,905,76456,15,0,0,15,15
2020-10-27,US,New York,Albany,3613,136,0,42.60060306,-73.97723916,36001.0,1182.6281644223027,3.764184887904788,3477,3590,136,0,3454,3577,307117,23,0,0,23,13
2020-10-27,US,New York,Allegany,289,1,0,42.25748406,-78.02750466,36003.0,627.0204595257209,0.3460207612456747,288,287,1,0,286,271,46430,2,0,0,2,16
2020-10-27,US,New York,Bronx,55213,4987,0,40.85209301,-73.86282755,36005.0,3893.1552305128944,9.03229311937406,50226,55086,4986,0,50100,55011,1432132,127,1,0,126,75
2020-10-27,US,New York,Broome,3516,83,0,42.15903158,-75.81326086,36007.0,1845.7855612951998,2.3606370875995446,3433,3415,83,0,3332,3368,191659,101,0,0,101,47
2020-10-27,US,New York,Cattaraugus,470,6,0,42.24778241,-78.67923096,36009.0,617.4704730874837,1.2765957446808511,464,462,6,0,456,461,76840,8,0,0,8,1
2020-10-27,US,New York,Cayuga,389,2,0,42.91261714,-76.55731592,36011.0,507.992060175512,0.5141388174807198,387,373,2,0,371,364,77145,16,0,0,16,9
2020-10-27,US,New York,Chautauqua,905,13,0,42.22769210000001,-79.36691763,36013.0,713.1431093039563,1.4364640883977902,892,887,13,0,874,884,127939,18,0,0,18,3
2020-10-27,US,New York,Chemung,1710,3,0,42.13891056,-76.7638805,36015.0,2048.9838957055213,0.17543859649122806,1707,1662,3,0,1659,1640,84254,48,0,0,48,22
2020-10-27,US,New York,Chenango,388,7,0,42.49430041,-75.60887553,36017.0,821.9120045755926,1.8041237113402064,381,386,7,0,379,381,47536,2,0,0,2,5
2020-10-27,US,New York,Clinton,244,5,0,44.74530905,-73.67875352,36019.0,303.1620798906629,2.0491803278688523,239,242,5,0,237,240,80695,2,0,0,2,2
2020-10-27,US,New York,Columbia,699,38,0,42.24819348,-73.63089095,36021.0,1175.560451388305,5.436337625178827,661,692,38,0,654,680,59916,7,0,0,7,12
2020-10-27,US,New York,Cortland,542,0,0,42.59509207,-76.07048931,36023.0,1139.1101490090582,0.0,542,524,0,0,524,510,47823,18,0,0,18,14
2020-10-27,US,New York,Delaware,173,7,0,42.19837623,-74.96709306,36025.0,391.9791548657528,4.0462427745664735,166,169,7,0,162,169,44527,4,0,0,4,0
2020-10-27,US,New York,Dutchess,5465,163,0,41.76486060000001,-73.74356679,36027.0,1857.466232521464,2.9826166514181156,5302,5450,163,0,5287,5438,293718,15,0,0,15,12
2020-10-27,US,New York,Erie,12971,713,0,42.76249024,-78.73063652,36029.0,1411.88328750781,5.4968776501426255,12258,12855,713,0,12142,12819,919719,116,0,0,116,36
2020-10-27,US,New York,Essex,197,0,0,44.11630765,-73.77297842,36031.0,534.092449505219,0.0,197,197,0,0,197,197,37300,0,0,0,0,0
2020-10-27,US,New York,Franklin,80,0,0,44.59040891,-74.29926032,36033.0,159.92963096237656,0.0,80,80,0,0,80,79,50293,0,0,0,0,1
2020-10-27,US,New York,Fulton,362,24,0,43.11363907,-74.41798804,36035.0,678.1185021448774,6.629834254143647,338,361,24,0,337,361,53591,1,0,0,1,0
2020-10-27,US,New York,Genesee,384,5,0,43.0022601,-78.19135193,36037.0,670.391061452514,1.3020833333333333,379,381,5,0,376,380,57511,3,0,0,3,1
2020-10-27,US,New York,Greene,501,18,0,42.275797,-74.12384884,36039.0,1061.7106043909469,3.5928143712574854,483,495,18,0,477,490,47491,6,0,0,6,5
2020-10-27,US,New York,Hamilton,16,0,0,43.66146647,-74.49721957,36041.0,362.3188405797102,0.0,16,16,0,0,16,16,4434,0,0,0,0,0
2020-10-27,US,New York,Herkimer,390,10,0,43.42034246,-74.96145307,36043.0,636.0181999054126,2.5641025641025643,380,389,10,0,379,387,61833,1,0,0,1,2
2020-10-27,US,New York,Jefferson,206,0,0,44.04200959,-75.94653457,36045.0,187.5557659741064,0.0,206,203,0,0,203,202,111755,3,0,0,3,1
2020-10-27,US,New York,Kings,74903,7387,0,40.636182500000004,-73.94935552,36047.0,2926.0093058213533,9.862088300869123,67516,74703,7385,0,67318,74553,2582830,200,2,0,198,150
2020-10-27,US,New York,Lewis,120,0,0,43.784415700000004,-75.44903992,36049.0,456.34317006388807,0.0,120,115,0,0,115,108,26447,5,0,0,5,7
2020-10-27,US,New York,Livingston,303,8,0,42.72596275,-77.77966158,36051.0,481.6098165750071,2.64026402640264,295,298,8,0,290,280,63227,5,0,0,5,18
2020-10-27,US,New York,Madison,563,17,0,42.91653905,-75.67266639,36053.0,793.6172312203098,3.019538188277087,546,559,17,0,542,559,70795,4,0,0,4,0
2020-10-27,US,New York,Monroe,7256,300,0,43.14638895,-77.69322942,36055.0,978.2007900022916,4.134509371554575,6956,7174,300,0,6874,7111,742474,82,0,0,82,63
2020-10-27,US,New York,Montgomery,266,4,0,42.90123494,-74.44011632,36057.0,540.4197395420654,1.5037593984962403,262,262,4,0,258,261,49455,4,0,0,4,1
2020-10-27,US,New York,Nassau,49496,2208,0,40.74066522,-73.58941873,36059.0,3647.661917690306,4.4609665427509295,47288,49377,2208,0,47169,49312,1358343,119,0,0,119,65
2020-10-27,US,New York,New York,35897,3195,0,40.76727260000001,-73.97152637,36061.0,2204.0196327636786,8.900465219934814,32702,35789,3193,0,32596,35723,,108,2,0,106,66
2020-10-27,US,New York,Niagara,2065,101,0,43.19898042,-78.74777412,36063.0,986.7116460643823,4.891041162227604,1964,2050,101,0,1949,2041,210433,15,0,0,15,9
2020-10-27,US,New York,Oneida,2709,128,0,43.24375382,-75.43710392,36065.0,1184.6714275093912,4.724990771502401,2581,2686,128,0,2558,2681,229577,23,0,0,23,5
2020-10-27,US,New York,Onondaga,5399,207,0,43.00491923,-76.19971155,36067.0,1172.3499982628634,3.834043341359511,5192,5337,207,0,5130,5309,461809,62,0,0,62,28
2020-10-27,US,New York,Ontario,663,35,0,42.85145728,-77.30874425,36069.0,603.9516474307004,5.279034690799397,628,650,35,0,615,644,109864,13,0,0,13,6
2020-10-27,US,New York,Orange,13548,505,0,41.40337468,-74.30240757,36071.0,3519.5095339533427,3.727487452022439,13043,13475,505,0,12970,13457,381951,73,0,0,73,18
2020-10-27,US,New York,Orleans,401,54,0,43.2516977,-78.2320066,36073.0,993.7549563838223,13.46633416458853,347,399,54,0,345,393,40612,2,0,0,2,6
2020-10-27,US,New York,Oswego,623,4,0,43.42778894,-76.14635194,36075.0,531.9148936170212,0.6420545746388443,619,620,4,0,616,616,117898,3,0,0,3,4
2020-10-27,US,New York,Otsego,398,5,0,42.63492579,-75.03151402,36077.0,668.9862672919502,1.256281407035176,393,393,5,0,388,390,59749,5,0,0,5,3
2020-10-27,US,New York,Putnam,1805,63,0,41.42630093,-73.74965532,36079.0,1835.842148087876,3.490304709141274,1742,1800,63,0,1737,1794,98892,5,0,0,5,6
2020-10-27,US,New York,Queens,76523,7293,0,40.71088124,-73.81684712,36081.0,3395.2005849525567,9.53046796388014,69230,76316,7292,0,69024,76220,2278906,207,1,0,206,96
2020-10-27,US,New York,Rensselaer,1094,42,0,42.71348136,-73.51089874,36083.0,689.2901697392795,3.839122486288848,1052,1088,42,0,1046,1080,159442,6,0,0,6,8
2020-10-27,US,New York,Richmond,17174,1095,0,40.58582155,-74.14808598,36085.0,3606.899607890906,6.375917083964134,16079,17085,1094,0,15991,17048,476179,89,1,0,88,37
2020-10-27,US,New York,Rockland,17832,683,0,41.15027894,-74.02560498,36087.0,5473.481302315302,3.830192911619561,17149,17760,683,0,17077,17685,325695,72,0,0,72,75
2020-10-27,US,New York,Saratoga,1334,17,0,43.10904162,-73.86653895,36091.0,580.3456841683958,1.2743628185907043,1317,1319,17,0,1302,1308,230163,15,0,0,15,11
2020-10-27,US,New York,Schenectady,1564,50,0,42.81668777,-74.05278291,36093.0,1007.0895498361226,3.1969309462915603,1514,1549,50,0,1499,1546,155350,15,0,0,15,3
2020-10-27,US,New York,Schoharie,110,0,0,42.58831742,-74.44339029999998,36095.0,354.8501564566599,0.0,110,109,0,0,109,109,31097,1,0,0,1,0
2020-10-27,US,New York,Schuyler,124,0,0,42.39184015,-76.8773299,36097.0,696.3553658673555,0.0,124,119,0,0,119,116,17912,5,0,0,5,3
2020-10-27,US,New York,Seneca,142,3,0,42.78081007,-76.82497064,36099.0,417.45061147695196,2.112676056338028,139,140,3,0,137,140,34300,2,0,0,2,0
2020-10-27,US,New York,St. Lawrence,396,4,0,44.4976179,-75.06550039,36089.0,367.55151290142936,1.0101010101010102,392,390,4,0,386,386,108047,6,0,0,6,4
2020-10-27,US,New York,Steuben,984,57,0,42.2689144,-77.3829924,36101.0,1031.6736388513195,5.7926829268292686,927,970,57,0,913,962,95796,14,0,0,14,8
2020-10-27,US,New York,Suffolk,48829,2019,0,40.88320119,-72.8012172,36103.0,3306.851343050696,4.1348379037047645,46810,48717,2019,0,46698,48663,1481093,112,0,0,112,54
2020-10-27,US,New York,Sullivan,1765,48,0,41.71579493,-74.76394559,36105.0,2339.855764131933,2.719546742209632,1717,1750,48,0,1702,1743,75498,15,0,0,15,7
2020-10-27,US,New York,Tioga,610,30,0,42.16852837,-76.30835812,36107.0,1265.4814015725162,4.918032786885246,580,589,30,0,559,572,48560,21,0,0,21,17
2020-10-27,US,New York,Tompkins,609,0,0,42.44945765,-76.47229843,36109.0,596.0070463887257,0.0,609,606,0,0,606,603,102793,3,0,0,3,3
2020-10-27,US,New York,Ulster,2515,95,0,41.89027881,-74.26252104,36111.0,1416.318922358692,3.7773359840954273,2420,2500,95,0,2405,2471,178599,15,0,0,15,29
2020-10-27,US,New York,Unassigned,0,21,0,0.0,0.0,90036.0,0.0,0.0,-21,0,19,0,-19,0,,0,2,0,-2,0
2020-10-27,US,New York,Warren,457,33,0,43.56173026,-73.8433699,36113.0,714.6878518703868,7.2210065645514225,424,452,33,0,419,450,64265,5,0,0,5,2
2020-10-27,US,New York,Washington,335,14,0,43.31153794,-73.43043448,36115.0,547.3498464152668,4.17910447761194,321,334,14,0,320,332,61197,1,0,0,1,2
2020-10-27,US,New York,Wayne,482,5,0,43.15494365,-77.02976528,36117.0,536.0439511554972,1.037344398340249,477,471,5,0,466,448,90064,11,0,0,11,23
2020-10-27,US,New York,Westchester,40322,1470,0,41.16278376,-73.75741653,36119.0,4167.622733088994,3.6456524973959614,38852,40202,1470,0,38732,40131,967612,120,0,0,120,71
2020-10-27,US,New York,Wyoming,186,5,0,42.70145109,-78.22199579,36121.0,466.6449233548257,2.6881720430107525,181,185,5,0,180,182,40085,1,0,0,1,3
2020-10-27,US,New York,Yates,121,7,0,42.63505484,-77.10369919,36123.0,485.69020190262114,5.785123966942148,114,115,7,0,108,112,24841,6,0,0,6,3
2020-10-27,US,North Carolina,Alamance,5147,79,0,36.0434701,-79.39976137,37001.0,3036.416945412928,1.5348746842821062,5068,5095,76,0,5019,5048,166436,52,3,0,49,47
2020-10-27,US,North Carolina,Alexander,851,9,0,35.922379600000006,-81.17751948,37003.0,2269.514894524895,1.0575793184488838,842,830,9,0,821,823,37353,21,0,0,21,7
2020-10-27,US,North Carolina,Alleghany,296,2,0,36.49360862,-81.12857041,37005.0,2657.8073089701,0.6756756756756757,294,294,2,0,292,289,11161,2,0,0,2,5
2020-10-27,US,North Carolina,Anson,723,9,0,34.97403241,-80.09953279,37007.0,2957.5390656958198,1.2448132780082988,714,723,9,0,714,720,24877,0,0,0,0,3
2020-10-27,US,North Carolina,Ashe,432,3,0,36.43296207,-81.49862729,37009.0,1588.0601404256886,0.6944444444444444,429,417,3,0,414,416,27109,15,0,0,15,1
2020-10-27,US,North Carolina,Avery,619,0,0,36.07569796,-81.92308483,37011.0,3525.6592811983824,0.0,619,608,0,0,608,601,17505,11,0,0,11,7
2020-10-27,US,North Carolina,Beaufort,1362,42,0,35.48531943,-76.84325809,37013.0,2898.2423288079326,3.0837004405286343,1320,1349,40,0,1309,1331,47079,13,2,0,11,18
2020-10-27,US,North Carolina,Bertie,727,19,0,36.0688473,-76.96545943,37015.0,3837.0190531482563,2.6134800550206325,708,724,19,0,705,723,19026,3,0,0,3,1
2020-10-27,US,North Carolina,Bladen,1080,19,0,34.61296243,-78.56180059,37017.0,3300.531752337877,1.7592592592592593,1061,1077,19,0,1058,1073,33190,3,0,0,3,4
2020-10-27,US,North Carolina,Brunswick,2168,45,0,34.070565,-78.22814204,37019.0,1517.9946786164405,2.0756457564575648,2123,2160,41,0,2119,2149,136744,8,4,0,4,11
2020-10-27,US,North Carolina,Buncombe,4088,102,0,35.61113393,-82.53305,37021.0,1565.138155602605,2.4951076320939336,3986,4032,102,0,3930,3990,259103,56,0,0,56,42
2020-10-27,US,North Carolina,Burke,2654,48,0,35.74989637,-81.70755735,37023.0,2933.082831408521,1.808590806330068,2606,2633,48,0,2585,2620,90382,21,0,0,21,13
2020-10-27,US,North Carolina,Cabarrus,4850,91,0,35.3877799,-80.55267168,37025.0,2240.671184968561,1.8762886597938144,4759,4815,91,0,4724,4794,211342,35,0,0,35,21
2020-10-27,US,North Carolina,Caldwell,2476,19,0,35.95204977,-81.54799522,37027.0,3012.9718416121104,0.7673667205169629,2457,2431,19,0,2412,2399,82029,45,0,0,45,32
2020-10-27,US,North Carolina,Camden,135,3,0,36.33804939,-76.15568396,37029.0,1242.293181190761,2.2222222222222223,132,135,3,0,132,135,10710,0,0,0,0,0
2020-10-27,US,North Carolina,Carteret,1125,5,0,34.8932941,-76.54120135,37031.0,1619.3341298058233,0.4444444444444444,1120,1113,5,0,1108,1105,69524,12,0,0,12,8
2020-10-27,US,North Carolina,Caswell,620,5,0,36.39312665,-79.33353281,37033.0,2742.877366837728,0.8064516129032258,615,616,5,0,611,609,22698,4,0,0,4,7
2020-10-27,US,North Carolina,Catawba,4375,61,0,35.66211129,-81.2132617,37035.0,2742.0699337515907,1.3942857142857144,4314,4302,61,0,4241,4277,158652,73,0,0,73,25
2020-10-27,US,North Carolina,Chatham,1925,61,0,35.70394416,-79.25541492,37037.0,2584.93353028065,3.168831168831169,1864,1922,61,0,1861,1921,73139,3,0,0,3,1
2020-10-27,US,North Carolina,Cherokee,773,14,0,35.1349263,-84.05970864,37039.0,2701.663637634559,1.8111254851228975,759,769,14,0,755,767,28383,4,0,0,4,2
2020-10-27,US,North Carolina,Chowan,526,10,0,36.12908077,-76.60118385,37041.0,3772.502330918741,1.9011406844106464,516,524,10,0,514,521,14029,2,0,0,2,3
2020-10-27,US,North Carolina,Clay,222,3,0,35.05704275,-83.74353633,37043.0,1976.6717122250918,1.351351351351351,219,213,3,0,210,210,11139,9,0,0,9,3
2020-10-27,US,North Carolina,Cleveland,3132,85,0,35.33553364,-81.55204486,37045.0,3197.647707433612,2.713920817369093,3047,3088,83,0,3005,3069,97645,44,2,0,42,19
2020-10-27,US,North Carolina,Columbus,1673,62,0,34.26744084,-78.65801424,37047.0,3013.979966851625,3.7059175134488944,1611,1671,61,0,1610,1667,55655,2,1,0,1,4
2020-10-27,US,North Carolina,Craven,2314,60,0,35.11833364,-77.08398081,37049.0,2265.5400973183605,2.592912705272256,2254,2288,57,0,2231,2283,102912,26,3,0,23,5
2020-10-27,US,North Carolina,Cumberland,6974,98,0,35.04762133,-78.82623165,37051.0,2078.632763949701,1.4052193862919415,6876,6931,98,0,6833,6889,332330,43,0,0,43,42
2020-10-27,US,North Carolina,Currituck,222,4,0,36.36123664,-75.95876401,37053.0,799.6254007131794,1.8018018018018016,218,222,4,0,218,222,27072,0,0,0,0,0
2020-10-27,US,North Carolina,Dare,368,3,0,35.66520691,-75.71767334,37055.0,994.3527250128348,0.8152173913043478,365,367,3,0,364,363,36501,1,0,0,1,4
2020-10-27,US,North Carolina,Davidson,3677,43,0,35.79115496,-80.21256572,37057.0,2193.7962758563085,1.1694316018493336,3634,3660,43,0,3617,3623,166614,17,0,0,17,37
2020-10-27,US,North Carolina,Davie,753,8,0,35.93099927,-80.54496571,37059.0,1757.456938804089,1.0624169986719787,745,753,8,0,745,747,42733,0,0,0,0,6
2020-10-27,US,North Carolina,Duplin,2774,54,0,34.93449805,-77.93140529,37061.0,4722.4255630649795,1.9466474405191057,2720,2755,54,0,2701,2745,58856,19,0,0,19,10
2020-10-27,US,North Carolina,Durham,8933,101,0,36.03638492,-78.87608331,37063.0,2778.641815557657,1.130639202955334,8832,8890,100,0,8790,8859,316739,43,1,0,42,31
2020-10-27,US,North Carolina,Edgecombe,1973,56,0,35.91230639,-77.59436892,37065.0,3833.1520049735773,2.8383172833248858,1917,1961,54,0,1907,1940,52005,12,2,0,10,21
2020-10-27,US,North Carolina,Forsyth,8756,119,0,36.12859861,-80.25459052,37067.0,2290.377849566434,1.3590680676107811,8637,8703,119,0,8584,8623,379099,53,0,0,53,80
2020-10-27,US,North Carolina,Franklin,1449,32,0,36.081519,-78.28708884,37069.0,2079.3571069814166,2.2084195997239475,1417,1430,31,0,1399,1422,67560,19,1,0,18,8
2020-10-27,US,North Carolina,Gaston,7302,115,0,35.29373559,-81.17477045,37071.0,3252.141148804832,1.5749109832922488,7187,7243,112,0,7131,7204,222846,59,3,0,56,39
2020-10-27,US,North Carolina,Gates,167,3,0,36.44667547,-76.69749701,37073.0,1444.3867842933746,1.7964071856287425,164,167,3,0,164,167,11573,0,0,0,0,0
2020-10-27,US,North Carolina,Graham,246,8,0,35.3506925,-83.83369267,37075.0,2914.3466413932,3.2520325203252027,238,245,7,0,238,244,8484,1,1,0,0,1
2020-10-27,US,North Carolina,Granville,2031,50,0,36.30337451,-78.65184241,37077.0,3360.190592789901,2.461841457410143,1981,1979,50,0,1929,1974,60115,52,0,0,52,5
2020-10-27,US,North Carolina,Greene,951,13,0,35.48544173,-77.67578087,37079.0,4513.740566709384,1.3669821240799158,938,941,12,0,929,936,21012,10,1,0,9,5
2020-10-27,US,North Carolina,Guilford,11278,205,0,36.07959451,-79.78824948,37081.0,2099.505932900699,1.8176981734350064,11073,11200,205,0,10995,11097,533670,78,0,0,78,103
2020-10-27,US,North Carolina,Halifax,1394,27,0,36.25669272,-77.6556109,37083.0,2787.4425114977003,1.9368723098995693,1367,1383,27,0,1356,1376,50574,11,0,0,11,7
2020-10-27,US,North Carolina,Harnett,2901,68,0,35.36731853,-78.87243571,37085.0,2133.4647290698363,2.344019303688383,2833,2883,68,0,2815,2874,134214,18,0,0,18,9
2020-10-27,US,North Carolina,Haywood,710,36,0,35.55269063,-82.98196486,37087.0,1139.3359757369576,5.070422535211269,674,706,36,0,670,702,61971,4,0,0,4,4
2020-10-27,US,North Carolina,Henderson,2504,66,0,35.33788927,-82.4766782,37089.0,2132.5702411064835,2.635782747603834,2438,2482,65,0,2417,2477,116748,22,1,0,21,5
2020-10-27,US,North Carolina,Hertford,853,34,0,36.3607755,-76.98104134,37091.0,3602.652363052752,3.985932004689332,819,852,34,0,818,852,23659,1,0,0,1,0
2020-10-27,US,North Carolina,Hoke,1539,25,0,35.01888303,-79.23651674,37093.0,2786.327262193577,1.6244314489928524,1514,1529,25,0,1504,1522,54764,10,0,0,10,7
2020-10-27,US,North Carolina,Hyde,175,5,0,35.42017674,-76.15180542,37095.0,3544.6627506582945,2.8571428571428568,170,175,5,0,170,175,5230,0,0,0,0,0
2020-10-27,US,North Carolina,Iredell,3785,34,0,35.80950511,-80.8743128,37097.0,2081.8894865956013,0.8982826948480845,3751,3750,34,0,3716,3732,178435,35,0,0,35,18
2020-10-27,US,North Carolina,Jackson,1036,7,0,35.28814273,-83.14093385,37099.0,2357.86790477491,0.6756756756756757,1029,1015,7,0,1008,1013,43327,21,0,0,21,2
2020-10-27,US,North Carolina,Johnston,5566,60,0,35.51745004,-78.36622717,37101.0,2658.845222342707,1.0779734099892202,5506,5513,60,0,5453,5484,202675,53,0,0,53,29
2020-10-27,US,North Carolina,Jones,199,15,0,35.02254606,-77.35870791,37103.0,2112.7508228049687,7.537688442211055,184,198,15,0,183,198,9637,1,0,0,1,0
2020-10-27,US,North Carolina,Lee,2079,20,0,35.47623147,-79.17569362,37105.0,3365.221191667072,0.9620009620009621,2059,2066,19,0,2047,2063,61452,13,1,0,12,3
2020-10-27,US,North Carolina,Lenoir,1437,40,0,35.24032589999999,-77.64245615,37107.0,2568.410516720585,2.7835768963117604,1397,1418,39,0,1379,1395,55976,19,1,0,18,23
2020-10-27,US,North Carolina,Lincoln,2361,16,0,35.48508185,-81.21740317,37109.0,2741.8099894322445,0.6776789495976281,2345,2324,16,0,2308,2310,83770,37,0,0,37,14
2020-10-27,US,North Carolina,Macon,752,7,0,35.14867843,-83.41696617,37113.0,2097.161024039266,0.9308510638297872,745,749,7,0,742,745,35285,3,0,0,3,4
2020-10-27,US,North Carolina,Madison,244,1,0,35.85402722,-82.71346418,37115.0,1121.5812456906458,0.4098360655737705,243,218,1,0,217,208,21763,26,0,0,26,10
2020-10-27,US,North Carolina,Martin,636,17,0,35.84326734,-77.10860251,37117.0,2834.224598930481,2.672955974842768,619,634,16,0,618,630,22671,2,1,0,1,4
2020-10-27,US,North Carolina,McDowell,1313,32,0,35.67736232,-82.0482425,37111.0,2869.569018270828,2.437166793602437,1281,1304,32,0,1272,1298,45507,9,0,0,9,6
2020-10-27,US,North Carolina,Mecklenburg,33552,386,0,35.24469268,-80.8317671,37119.0,3021.7335701342627,1.1504530281354317,33166,33279,384,0,32895,33065,1093901,273,2,0,271,214
2020-10-27,US,North Carolina,Mitchell,219,4,0,36.01059309,-82.1582442,37121.0,1463.5124298315961,1.8264840182648399,215,211,4,0,207,208,15000,8,0,0,8,3
2020-10-27,US,North Carolina,Montgomery,1184,38,0,35.33155144,-79.90416657,37123.0,4357.26640415118,3.20945945945946,1146,1178,38,0,1140,1174,27271,6,0,0,6,4
2020-10-27,US,North Carolina,Moore,2251,40,0,35.30885257,-79.48474178,37125.0,2231.3639968279144,1.776988005330964,2211,2242,40,0,2202,2221,98682,9,0,0,9,21
2020-10-27,US,North Carolina,Nash,3334,73,0,35.96575634,-77.98422508,37127.0,3535.5999066788268,2.1895620875824835,3261,3308,72,0,3236,3285,94016,26,1,0,25,23
2020-10-27,US,North Carolina,New Hanover,5229,37,0,34.25758282,-77.87075626,37129.0,2230.1075177099287,0.7075922738573341,5192,5192,37,0,5155,5171,232274,37,0,0,37,21
2020-10-27,US,North Carolina,Northampton,559,19,0,36.41736238,-77.39769443,37131.0,2869.167992608941,3.3989266547406083,540,556,19,0,537,553,19676,3,0,0,3,3
2020-10-27,US,North Carolina,Onslow,3268,28,0,34.72607366,-77.42908179,37133.0,1651.0220372035687,0.8567931456548348,3240,3225,28,0,3197,3195,197683,43,0,0,43,30
2020-10-27,US,North Carolina,Orange,3079,58,0,36.06092947,-79.12167935,37135.0,2073.735822624532,1.8837284832737904,3021,3059,58,0,3001,3049,146027,20,0,0,20,10
2020-10-27,US,North Carolina,Pamlico,315,2,0,35.15253315,-76.66559823,37137.0,2475.247524752476,0.6349206349206349,313,312,2,0,310,310,12670,3,0,0,3,2
2020-10-27,US,North Carolina,Pasquotank,863,35,0,36.26723798,-76.25134778,37139.0,2167.0349537967054,4.055619930475087,828,858,35,0,823,856,39639,5,0,0,5,2
2020-10-27,US,North Carolina,Pender,1383,12,0,34.52265624,-77.90352133,37141.0,2193.1493815413887,0.8676789587852495,1371,1356,12,0,1344,1340,62162,27,0,0,27,16
2020-10-27,US,North Carolina,Perquimans,246,4,0,36.17847453,-76.40603143,37143.0,1827.2301864369006,1.6260162601626016,242,244,4,0,240,243,13422,2,0,0,2,1
2020-10-27,US,North Carolina,Person,661,10,0,36.38989032,-78.97217358,37145.0,1673.8414788554064,1.51285930408472,651,653,10,0,643,638,39507,8,0,0,8,15
2020-10-27,US,North Carolina,Pitt,6113,38,0,35.59535426,-77.37353178,37147.0,3382.169058658198,0.6216260428594798,6075,6102,38,0,6064,6090,179914,11,0,0,11,12
2020-10-27,US,North Carolina,Polk,396,11,0,35.27820615,-82.16812354,37149.0,1910.8280254777071,2.7777777777777777,385,391,11,0,380,386,20611,5,0,0,5,5
2020-10-27,US,North Carolina,Randolph,3730,62,0,35.71015088,-79.80570339,37151.0,2596.281679160837,1.6621983914209115,3668,3707,62,0,3645,3673,143351,23,0,0,23,34
2020-10-27,US,North Carolina,Richmond,1410,29,0,35.00417719,-79.74491009,37153.0,3145.2854179214337,2.0567375886524824,1381,1406,27,0,1379,1404,44887,4,2,0,2,2
2020-10-27,US,North Carolina,Robeson,5977,95,0,34.64244496,-79.10250529999998,37155.0,4575.693779904306,1.5894261335117952,5882,5930,95,0,5835,5893,131831,47,0,0,47,37
2020-10-27,US,North Carolina,Rockingham,1956,19,0,36.39593137,-79.77504841,37157.0,2149.214372047028,0.9713701431492844,1937,1932,19,0,1913,1900,90690,24,0,0,24,32
2020-10-27,US,North Carolina,Rowan,4102,116,0,35.64003916,-80.52446628,37159.0,2886.9433027419627,2.827888834714773,3986,4079,115,0,3964,4065,141262,23,1,0,22,14
2020-10-27,US,North Carolina,Rutherford,1742,53,0,35.40114178,-81.92112099,37161.0,2598.875113756732,3.0424799081515497,1689,1732,53,0,1679,1724,66826,10,0,0,10,8
2020-10-27,US,North Carolina,Sampson,2724,32,0,34.98820368,-78.36914061,37163.0,4287.670586013128,1.1747430249632893,2692,2702,31,0,2671,2671,63626,22,1,0,21,31
2020-10-27,US,North Carolina,Scotland,1621,24,0,34.8386299,-79.4757978,37165.0,4654.969416764782,1.4805675508945095,1597,1614,23,0,1591,1606,34810,7,1,0,6,8
2020-10-27,US,North Carolina,Stanly,2431,60,0,35.31647813,-80.25093221,37167.0,3870.649301022195,2.4681201151789387,2371,2414,60,0,2354,2403,62075,17,0,0,17,11
2020-10-27,US,North Carolina,Stokes,673,10,0,36.4017975,-80.23893369,37169.0,1476.168542036805,1.4858841010401191,663,675,10,0,665,667,45467,-2,0,0,-2,8
2020-10-27,US,North Carolina,Surry,1810,30,0,36.41689489,-80.69102283,37171.0,2521.488374684814,1.6574585635359116,1780,1795,29,0,1766,1771,71948,15,1,0,14,24
2020-10-27,US,North Carolina,Swain,276,4,0,35.48665845,-83.48748932,37173.0,1933.9920117721254,1.4492753623188406,272,265,4,0,261,264,14245,11,0,0,11,1
2020-10-27,US,North Carolina,Transylvania,409,9,0,35.20383864,-82.79638423,37175.0,1189.4721535553294,2.2004889975550124,400,409,9,0,400,406,34215,0,0,0,0,3
2020-10-27,US,North Carolina,Tyrrell,131,3,0,35.87147226,-76.17055253,37177.0,3261.9521912350597,2.2900763358778624,128,130,3,0,127,129,4131,1,0,0,1,1
2020-10-27,US,North Carolina,Union,5883,64,0,34.98960527,-80.52955873,37179.0,2452.6909559366127,1.087880333163352,5819,5847,63,0,5784,5820,235908,36,1,0,35,27
2020-10-27,US,North Carolina,Vance,1196,47,0,36.36880673,-78.40670845,37181.0,2685.5282362187045,3.929765886287625,1149,1195,47,0,1148,1193,44582,1,0,0,1,2
2020-10-27,US,North Carolina,Wake,20953,270,0,35.78879266,-78.65249174,37183.0,1884.667657886902,1.2885982914141174,20683,20765,270,0,20495,20708,1092305,188,0,0,188,57
2020-10-27,US,North Carolina,Warren,423,7,0,36.39728256,-78.10652228,37185.0,2143.83457503421,1.6548463356973997,416,426,7,0,419,423,19807,-3,0,0,-3,3
2020-10-27,US,North Carolina,Washington,250,8,0,35.83810081,-76.57299037,37187.0,2158.894645941278,3.2,242,246,8,0,238,244,11859,4,0,0,4,2
2020-10-27,US,North Carolina,Watauga,1392,6,0,36.23103603,-81.70033724,37189.0,2477.882407390925,0.4310344827586207,1386,1378,5,0,1373,1367,55945,14,1,0,13,11
2020-10-27,US,North Carolina,Wayne,4525,80,0,35.36438125,-78.00027268,37191.0,3674.947819801675,1.7679558011049723,4445,4494,79,0,4415,4455,123248,31,1,0,30,39
2020-10-27,US,North Carolina,Wilkes,1705,38,0,36.2084135,-81.16232895,37193.0,2492.2528211424897,2.228739002932551,1667,1689,37,0,1652,1673,68557,16,1,0,15,16
2020-10-27,US,North Carolina,Wilson,2964,63,0,35.70625477,-77.917978,37195.0,3623.427586459823,2.125506072874494,2901,2937,63,0,2874,2908,81455,27,0,0,27,29
2020-10-27,US,North Carolina,Yadkin,1003,9,0,36.16222629,-80.66239436,37197.0,2662.808293731914,0.8973080757726819,994,996,9,0,987,990,37543,7,0,0,7,6
2020-10-27,US,North Carolina,Yancey,314,0,0,35.90079156,-82.31237181,37199.0,1737.7829431623225,0.0,314,310,0,0,310,309,17903,4,0,0,4,1
2020-10-27,US,North Dakota,Adams,79,0,0,46.09686891,-102.5285397,38001.0,3564.981949458483,0.0,79,75,0,0,75,73,2294,4,0,0,4,2
2020-10-27,US,North Dakota,Barnes,357,1,0,46.93579637,-98.06605978,38003.0,3427.74843975036,0.2801120448179272,356,351,1,0,350,348,10542,6,0,0,6,3
2020-10-27,US,North Dakota,Benson,511,9,0,48.0683985,-99.35916363,38005.0,7479.508196721312,1.761252446183953,502,510,9,0,501,509,6962,1,0,0,1,1
2020-10-27,US,North Dakota,Billings,33,0,0,47.02366884,-103.3762965,38007.0,3556.0344827586205,0.0,33,33,0,0,33,33,919,0,0,0,0,0
2020-10-27,US,North Dakota,Bottineau,279,16,0,48.79106111,-100.8378166,38009.0,4441.260744985673,5.734767025089606,263,262,16,0,246,257,6411,17,0,0,17,5
2020-10-27,US,North Dakota,Bowman,130,2,0,46.11285362,-103.5203343,38011.0,4298.941798941799,1.5384615384615383,128,127,2,0,125,125,3076,3,0,0,3,2
2020-10-27,US,North Dakota,Burke,66,1,0,48.79094471,-102.51821170000001,38013.0,3120.567375886525,1.5151515151515151,65,63,1,0,62,62,2100,3,0,0,3,1
2020-10-27,US,North Dakota,Burleigh,6670,77,0,46.97847375,-100.46452140000001,38015.0,6975.0904565703895,1.1544227886056972,6593,6484,76,0,6408,6395,95273,186,1,0,185,89
2020-10-27,US,North Dakota,Cass,8925,84,0,46.93201724,-97.24447190000001,38017.0,4905.921736119128,0.9411764705882352,8841,8794,84,0,8710,8658,181516,131,0,0,131,136
2020-10-27,US,North Dakota,Cavalier,75,1,0,48.77286211,-98.46685243,38019.0,1993.6204146730465,1.3333333333333333,74,74,1,0,73,74,3829,1,0,0,1,0
2020-10-27,US,North Dakota,Dickey,280,1,0,46.11017712,-98.50490079999999,38021.0,5747.126436781609,0.35714285714285715,279,275,1,0,274,257,4903,5,0,0,5,18
2020-10-27,US,North Dakota,Divide,60,1,0,48.814938700000006,-103.48736109999999,38023.0,2650.176678445229,1.6666666666666667,59,54,1,0,53,53,2283,6,0,0,6,1
2020-10-27,US,North Dakota,Dunn,202,5,0,47.35423935,-102.61604679999999,38025.0,4566.003616636528,2.4752475247524752,197,200,5,0,195,200,4332,2,0,0,2,0
2020-10-27,US,North Dakota,Eddy,197,3,0,47.71701474,-98.90432337,38027.0,8613.904678618277,1.5228426395939083,194,191,3,0,188,190,2313,6,0,0,6,1
2020-10-27,US,North Dakota,Emmons,279,8,0,46.28398398,-100.2389766,38029.0,8608.454180808392,2.867383512544803,271,277,8,0,269,276,3295,2,0,0,2,1
2020-10-27,US,North Dakota,Foster,179,2,0,47.457108399999996,-98.88279923,38031.0,5576.323987538941,1.11731843575419,177,175,2,0,173,174,3216,4,0,0,4,1
2020-10-27,US,North Dakota,Golden Valley,115,0,0,46.94022281,-103.8465421,38033.0,6530.38046564452,0.0,115,113,0,0,113,113,1769,2,0,0,2,0
2020-10-27,US,North Dakota,Grand Forks,3991,20,0,47.92093639,-97.45450447,38035.0,5746.497530633108,0.5011275369581558,3971,3838,18,0,3820,3789,70770,153,2,0,151,49
2020-10-27,US,North Dakota,Grant,70,3,0,46.35821257,-101.63900129999999,38037.0,3078.276165347405,4.285714285714286,67,67,3,0,64,66,2374,3,0,0,3,1
2020-10-27,US,North Dakota,Griggs,88,1,0,47.45785838,-98.23850925,38039.0,3944.4195428059165,1.1363636363636365,87,85,1,0,84,85,2232,3,0,0,3,0
2020-10-27,US,North Dakota,Hettinger,130,2,0,46.43375068,-102.4632417,38041.0,5202.080832332933,1.5384615384615383,128,130,2,0,128,130,2514,0,0,0,0,0
2020-10-27,US,North Dakota,Kidder,100,2,0,46.97830064,-99.77507857,38043.0,4032.2580645161293,2.0,98,94,2,0,92,92,2450,6,0,0,6,2
2020-10-27,US,North Dakota,LaMoure,202,5,0,46.45681054,-98.53542355,38045.0,4992.5852694018795,2.4752475247524752,197,201,5,0,196,198,4062,1,0,0,1,3
2020-10-27,US,North Dakota,Logan,126,0,0,46.45729487,-99.47719806,38047.0,6810.810810810811,0.0,126,127,0,0,127,126,1903,-1,0,0,-1,1
2020-10-27,US,North Dakota,McHenry,186,13,0,48.23104458,-100.6324822,38049.0,3237.597911227154,6.989247311827956,173,182,12,0,170,177,5816,4,1,0,3,5
2020-10-27,US,North Dakota,McIntosh,169,5,0,46.11182017,-99.44145858,38051.0,6768.121746095314,2.9585798816568047,164,167,4,0,163,166,2585,2,1,0,1,1
2020-10-27,US,North Dakota,McKenzie,521,4,0,47.74133370000001,-103.395905,38053.0,3467.7848775292864,0.7677543186180422,517,510,4,0,506,501,13632,11,0,0,11,9
2020-10-27,US,North Dakota,McLean,578,9,0,47.60766714,-101.3182418,38055.0,6116.402116402115,1.5570934256055364,569,564,9,0,555,560,9541,14,0,0,14,4
2020-10-27,US,North Dakota,Mercer,478,3,0,47.31213126,-101.8318399,38057.0,5838.524490045194,0.6276150627615062,475,462,3,0,459,456,8267,16,0,0,16,6
2020-10-27,US,North Dakota,Morton,2254,50,0,46.71681782,-101.2822377,38059.0,7186.583343961229,2.218278615794144,2204,2208,50,0,2158,2184,31095,46,0,0,46,24
2020-10-27,US,North Dakota,Mountrail,510,7,0,48.20197971,-102.3555315,38061.0,4836.4153627311525,1.3725490196078431,503,506,7,0,499,501,10218,4,0,0,4,5
2020-10-27,US,North Dakota,Nelson,163,3,0,47.9226426,-98.19038437,38063.0,5661.688086141021,1.8404907975460123,160,161,3,0,158,161,2869,2,0,0,2,0
2020-10-27,US,North Dakota,Oliver,81,1,0,47.11530482,-101.3406158,38065.0,4134.762633996937,1.2345679012345678,80,77,1,0,76,77,1952,4,0,0,4,0
2020-10-27,US,North Dakota,Pembina,207,0,0,48.76623521,-97.5523809,38067.0,3043.670048522276,0.0,207,206,0,0,206,205,6947,1,0,0,1,1
2020-10-27,US,North Dakota,Pierce,101,1,0,48.24977025,-99.96407787,38069.0,2540.880503144654,0.99009900990099,100,97,1,0,96,95,4081,4,0,0,4,2
2020-10-27,US,North Dakota,Ramsey,513,4,0,48.26886249,-98.72223879,38071.0,4453.511589547704,0.7797270955165692,509,493,4,0,489,479,11481,20,0,0,20,14
2020-10-27,US,North Dakota,Ransom,185,2,0,46.45621782,-97.65742504,38073.0,3545.41970103488,1.0810810810810811,183,179,1,0,178,172,5237,6,1,0,5,7
2020-10-27,US,North Dakota,Renville,108,2,0,48.71982533,-101.6603912,38075.0,4641.168886978943,1.851851851851852,106,104,2,0,102,102,2374,4,0,0,4,2
2020-10-27,US,North Dakota,Richland,469,3,0,46.26440649,-96.94852979,38077.0,2899.1778450887073,0.6396588486140725,466,455,3,0,452,452,16239,14,0,0,14,3
2020-10-27,US,North Dakota,Rolette,362,8,0,48.77245354,-99.84097493,38079.0,2553.6117381489844,2.209944751381216,354,350,8,0,342,342,14301,12,0,0,12,8
2020-10-27,US,North Dakota,Sargent,126,2,0,46.10830372,-97.63217159,38081.0,3232.4268855823493,1.5873015873015872,124,129,2,0,127,128,3870,-3,0,0,-3,1
2020-10-27,US,North Dakota,Sheridan,48,1,0,47.57700669,-100.3426391,38083.0,3650.1901140684413,2.083333333333333,47,46,1,0,45,43,1349,2,0,0,2,3
2020-10-27,US,North Dakota,Sioux,249,5,0,46.11323337,-101.04401490000001,38085.0,5886.524822695035,2.0080321285140563,244,250,5,0,245,250,4358,-1,0,0,-1,0
2020-10-27,US,North Dakota,Slope,15,0,0,46.44737738,-103.4601547,38087.0,2000.0,0.0,15,15,0,0,15,15,763,0,0,0,0,0
2020-10-27,US,North Dakota,Stark,2328,34,0,46.80851182,-102.65763259999999,38089.0,7393.057893232557,1.4604810996563573,2294,2317,34,0,2283,2308,30997,11,0,0,11,9
2020-10-27,US,North Dakota,Steele,47,0,0,47.45611548,-97.72728747,38091.0,2486.772486772487,0.0,47,46,0,0,46,45,1903,1,0,0,1,1
2020-10-27,US,North Dakota,Stutsman,858,6,0,46.97962541,-98.95637318,38093.0,4144.126738794436,0.6993006993006993,852,843,6,0,837,828,20917,15,0,0,15,15
2020-10-27,US,North Dakota,Towner,98,5,0,48.68565745,-99.24564265,38095.0,4476.930105070808,5.1020408163265305,93,93,5,0,88,93,2192,5,0,0,5,0
2020-10-27,US,North Dakota,Traill,271,3,0,47.45367788,-97.16323288,38097.0,3372.3245395719264,1.1070110701107012,268,262,3,0,259,254,8037,9,0,0,9,8
2020-10-27,US,North Dakota,Walsh,467,2,0,48.36876964,-97.72574783,38099.0,4388.6852739404185,0.4282655246252677,465,437,2,0,435,432,10667,30,0,0,30,5
2020-10-27,US,North Dakota,Ward,2675,43,0,48.22390169,-101.54367629999999,38101.0,3954.7020298339758,1.6074766355140186,2632,2591,35,0,2556,2530,67744,84,8,0,76,61
2020-10-27,US,North Dakota,Wells,122,0,0,47.58614526,-99.65904998,38103.0,3182.0552947313513,0.0,122,118,0,0,118,117,3957,4,0,0,4,1
2020-10-27,US,North Dakota,Williams,1797,16,0,48.34522353,-103.4793387,38105.0,4780.653914709092,0.8903728436282693,1781,1773,15,0,1758,1763,35350,24,1,0,23,10
2020-10-27,US,Ohio,Adams,233,6,0,38.84541072,-83.4718964,39001.0,841.2159722723662,2.5751072961373387,227,226,6,0,220,215,27724,7,0,0,7,11
2020-10-27,US,Ohio,Allen,2317,74,0,40.77285242,-84.10802343,39003.0,2263.7785659153305,3.193785066896849,2243,2289,74,0,2215,2250,102663,28,0,0,28,39
2020-10-27,US,Ohio,Ashland,441,9,0,40.84772277,-82.27280781,39005.0,824.545658514696,2.0408163265306123,432,435,9,0,426,428,53745,6,0,0,6,7
2020-10-27,US,Ohio,Ashtabula,779,48,0,41.70860332,-80.74830218,39007.0,801.1024156477206,6.161745827984595,731,760,48,0,712,749,97493,19,0,0,19,11
2020-10-27,US,Ohio,Athens,1311,2,0,39.33425634,-82.04278644,39009.0,2006.8271924319195,0.15255530129672007,1309,1281,2,0,1279,1273,65818,30,0,0,30,8
2020-10-27,US,Ohio,Auglaize,1127,19,0,40.55998859,-84.22421429999999,39011.0,2468.45978622744,1.6858917480035494,1108,1106,18,0,1088,1094,45804,21,1,0,20,12
2020-10-27,US,Ohio,Belmont,815,27,0,40.01625942,-80.9924051,39013.0,1216.3089872548724,3.312883435582822,788,811,27,0,784,801,67505,4,0,0,4,10
2020-10-27,US,Ohio,Brown,422,3,0,38.93416837,-83.86788395,39015.0,971.6338183827593,0.7109004739336493,419,410,3,0,407,403,43602,12,0,0,12,7
2020-10-27,US,Ohio,Butler,8821,132,0,39.44012838,-84.57388716,39017.0,2302.327645158091,1.4964289763065413,8689,8727,131,0,8596,8654,382378,94,1,0,93,73
2020-10-27,US,Ohio,Carroll,224,7,0,40.578968599999996,-81.09178213,39019.0,832.2805974585718,3.125,217,221,7,0,214,218,27081,3,0,0,3,3
2020-10-27,US,Ohio,Champaign,432,3,0,40.13923427,-83.76875242,39021.0,1110.968239681111,0.6944444444444444,429,423,3,0,420,416,38754,9,0,0,9,7
2020-10-27,US,Ohio,Clark,2668,57,0,39.91592258,-83.78498252,39023.0,1989.8122804531517,2.136431784107946,2611,2631,57,0,2574,2598,134585,37,0,0,37,33
2020-10-27,US,Ohio,Clermont,2670,38,0,39.04847534,-84.15375786,39025.0,1293.4291859631446,1.4232209737827717,2632,2622,38,0,2584,2598,205466,48,0,0,48,24
2020-10-27,US,Ohio,Clinton,509,13,0,39.41485808,-83.80852286,39027.0,1212.8288219595884,2.5540275049115917,496,506,13,0,493,502,42057,3,0,0,3,4
2020-10-27,US,Ohio,Columbiana,2190,88,0,40.76932373,-80.78094576,39029.0,2149.5244545213627,4.018264840182647,2102,2185,88,0,2097,2162,102665,5,0,0,5,23
2020-10-27,US,Ohio,Coshocton,357,12,0,40.30096166,-81.91729018,39031.0,975.4098360655736,3.361344537815126,345,344,12,0,332,336,36629,13,0,0,13,8
2020-10-27,US,Ohio,Crawford,540,8,0,40.85065156,-82.91989099,39033.0,1301.3929724779487,1.4814814814814814,532,526,8,0,518,513,41550,14,0,0,14,13
2020-10-27,US,Ohio,Cuyahoga,20582,686,0,41.424119,-81.65918339,39035.0,1666.4615504197327,3.3330094257117873,19896,20452,685,0,19767,20278,1243857,130,1,0,129,174
2020-10-27,US,Ohio,Darke,1202,51,0,40.13412966,-84.6194517,39037.0,2351.652221548334,4.242928452579035,1151,1190,51,0,1139,1177,51323,12,0,0,12,13
2020-10-27,US,Ohio,Defiance,514,13,0,41.32398837,-84.49076944,39039.0,1349.5418384225588,2.5291828793774314,501,505,13,0,492,493,38165,9,0,0,9,12
2020-10-27,US,Ohio,Delaware,3028,28,0,40.27942393,-83.00457058,39041.0,1447.5778885823968,0.9247027741083224,3000,2997,28,0,2969,2964,204826,31,0,0,31,33
2020-10-27,US,Ohio,Erie,1196,54,0,41.36796058,-82.62904521,39043.0,1610.4273826515494,4.51505016722408,1142,1194,54,0,1140,1183,74615,2,0,0,2,11
2020-10-27,US,Ohio,Fairfield,2873,57,0,39.75107189,-82.63088163,39045.0,1823.2703364768304,1.983988861816916,2816,2842,57,0,2785,2820,155782,31,0,0,31,22
2020-10-27,US,Ohio,Fayette,468,10,0,39.56021306,-83.4562016,39047.0,1640.6660823838738,2.1367521367521367,458,461,10,0,451,460,28666,7,0,0,7,1
2020-10-27,US,Ohio,Franklin,32767,642,0,39.96995815,-83.01115755,39049.0,2488.464073829928,1.95928830835902,32125,32468,642,0,31826,32241,1310300,299,0,0,299,227
2020-10-27,US,Ohio,Fulton,583,15,0,41.60213491,-84.12571393,39051.0,1383.9434078716233,2.5728987993138936,568,571,15,0,556,557,42276,12,0,0,12,14
2020-10-27,US,Ohio,Gallia,310,13,0,38.82708533,-82.31647569,39053.0,1036.8586527526925,4.193548387096774,297,306,13,0,293,304,29979,4,0,0,4,2
2020-10-27,US,Ohio,Geauga,913,50,0,41.49952319,-81.17935342,39055.0,974.916977223462,5.47645125958379,863,898,50,0,848,890,94031,15,0,0,15,8
2020-10-27,US,Ohio,Greene,2535,42,0,39.69116283,-83.89032084,39057.0,1500.559380123951,1.656804733727811,2493,2499,42,0,2457,2456,167995,36,0,0,36,43
2020-10-27,US,Ohio,Guernsey,367,8,0,40.05026529,-81.49248905,39059.0,944.0514469453377,2.1798365122615806,359,365,8,0,357,361,39022,2,0,0,2,4
2020-10-27,US,Ohio,Hamilton,17719,344,0,39.19673558,-84.54502924,39061.0,2167.533361958132,1.9414188159602688,17375,17564,344,0,17220,17388,816684,155,0,0,155,176
2020-10-27,US,Ohio,Hancock,1159,29,0,41.00250487,-83.66838948,39063.0,1529.366744520539,2.5021570319240727,1130,1133,27,0,1106,1100,75930,26,2,0,24,33
2020-10-27,US,Ohio,Hardin,374,14,0,40.66015414,-83.65929931,39065.0,1192.4119241192411,3.7433155080213902,360,367,13,0,354,360,31480,7,1,0,6,7
2020-10-27,US,Ohio,Harrison,87,3,0,40.29380509,-81.09068544,39067.0,578.4574468085108,3.4482758620689653,84,86,3,0,83,86,15174,1,0,0,1,0
2020-10-27,US,Ohio,Henry,535,17,0,41.333964200000004,-84.06830637,39069.0,1981.041250092572,3.177570093457944,518,531,17,0,514,503,27086,4,0,0,4,28
2020-10-27,US,Ohio,Highland,491,6,0,39.1839264,-83.60331456,39071.0,1137.6010750446005,1.2219959266802445,485,475,6,0,469,469,43058,16,0,0,16,6
2020-10-27,US,Ohio,Hocking,215,9,0,39.49537927,-82.47991446,39073.0,760.6849702802151,4.186046511627906,206,212,9,0,203,205,28385,3,0,0,3,7
2020-10-27,US,Ohio,Holmes,772,14,0,40.56163713,-81.92635677,39075.0,1756.14194722475,1.8134715025906736,758,716,11,0,705,697,43892,56,3,0,53,19
2020-10-27,US,Ohio,Huron,737,15,0,41.14651175,-82.59867951,39077.0,1264.8886142862048,2.03527815468114,722,729,15,0,714,723,58504,8,0,0,8,6
2020-10-27,US,Ohio,Jackson,502,8,0,39.01914254,-82.61818559999998,39079.0,1548.7612994786045,1.593625498007968,494,492,8,0,484,481,32384,10,0,0,10,11
2020-10-27,US,Ohio,Jefferson,502,4,0,40.38614126,-80.76259514,39081.0,768.4653654802909,0.796812749003984,498,499,4,0,495,494,65767,3,0,0,3,5
2020-10-27,US,Ohio,Knox,439,16,0,40.39830217,-82.42027563,39083.0,704.4061487115305,3.644646924829157,423,425,16,0,409,413,61893,14,0,0,14,12
2020-10-27,US,Ohio,Lake,2089,60,0,41.69710807,-81.23676539,39085.0,907.6728554110596,2.8721876495931067,2029,2069,59,0,2010,2033,230514,20,1,0,19,36
2020-10-27,US,Ohio,Lawrence,997,25,0,38.59743452,-82.53466552,39087.0,1676.6728890234265,2.5075225677031088,972,985,25,0,960,977,59866,12,0,0,12,8
2020-10-27,US,Ohio,Licking,2816,67,0,40.09136236,-82.48185785,39089.0,1592.2018296751141,2.379261363636364,2749,2743,67,0,2676,2710,175769,73,0,0,73,33
2020-10-27,US,Ohio,Logan,470,3,0,40.38996525,-83.76784341,39091.0,1029.0768961289193,0.6382978723404256,467,457,3,0,454,446,45358,13,0,0,13,11
2020-10-27,US,Ohio,Lorain,2897,90,0,41.29553751,-82.15083537,39093.0,935.0198332650168,3.106662064204349,2807,2862,89,0,2773,2815,309461,35,1,0,34,47
2020-10-27,US,Ohio,Lucas,8647,376,0,41.62101218,-83.65468618,39095.0,2018.685741499902,4.3483289001966,8271,8549,375,0,8174,8494,429899,98,1,0,97,55
2020-10-27,US,Ohio,Madison,1086,15,0,39.89381073,-83.40178317,39097.0,2427.846459949476,1.3812154696132597,1071,1081,15,0,1066,1075,44413,5,0,0,5,6
2020-10-27,US,Ohio,Mahoning,3889,287,0,41.01631101,-80.77287029,39099.0,1700.6073910172595,7.379789148881461,3602,3863,287,0,3576,3810,229642,26,0,0,26,53
2020-10-27,US,Ohio,Marion,3487,50,0,40.58610662,-83.15736305,39101.0,5356.950824205368,1.4338973329509608,3437,3456,50,0,3406,3443,65256,31,0,0,31,13
2020-10-27,US,Ohio,Medina,2006,43,0,41.11770589,-81.89986209999998,39103.0,1116.0192716388678,2.143569292123629,1963,1972,42,0,1930,1947,179146,34,1,0,33,25
2020-10-27,US,Ohio,Meigs,219,12,0,39.09224872,-82.0305041,39105.0,956.039638538438,5.479452054794519,207,214,12,0,202,210,23106,5,0,0,5,4
2020-10-27,US,Ohio,Mercer,1616,30,0,40.54043046,-84.62912742,39107.0,3924.997571164869,1.8564356435643563,1586,1596,29,0,1567,1585,40959,20,1,0,19,11
2020-10-27,US,Ohio,Miami,2152,58,0,40.0543329,-84.22871271,39109.0,2011.4593361810314,2.6951672862453533,2094,2132,58,0,2074,2116,106222,20,0,0,20,16
2020-10-27,US,Ohio,Monroe,183,18,0,39.72984936,-81.08464734,39111.0,1340.2665885454812,9.836065573770492,165,178,18,0,160,177,13790,5,0,0,5,1
2020-10-27,US,Ohio,Montgomery,11103,190,0,39.75394919,-84.29050975,39113.0,2088.2586935546665,1.7112492119247051,10913,10959,190,0,10769,10864,532331,144,0,0,144,95
2020-10-27,US,Ohio,Morgan,86,0,0,39.62081738,-81.85308173,39115.0,592.7763992280121,0.0,86,83,0,0,83,82,14604,3,0,0,3,1
2020-10-27,US,Ohio,Morrow,408,2,0,40.52363560000001,-82.7892599,39117.0,1154.891304347826,0.4901960784313725,406,387,2,0,385,377,35112,21,0,0,21,10
2020-10-27,US,Ohio,Muskingum,971,4,0,39.96575964,-81.94363275,39119.0,1126.2541321115816,0.41194644696189503,967,953,4,0,949,943,86183,18,0,0,18,10
2020-10-27,US,Ohio,Noble,172,0,0,39.76818851,-81.45937183,39121.0,1192.457016084304,0.0,172,166,0,0,166,163,14354,6,0,0,6,3
2020-10-27,US,Ohio,Ottawa,614,30,0,41.53781826,-83.0940185,39123.0,1515.114127082048,4.88599348534202,584,610,30,0,580,605,40769,4,0,0,4,5
2020-10-27,US,Ohio,Paulding,249,2,0,41.11676341,-84.5801017,39125.0,1333.5475578406172,0.8032128514056225,247,239,2,0,237,229,18760,10,0,0,10,10
2020-10-27,US,Ohio,Perry,393,11,0,39.73508655,-82.23804971,39127.0,1087.6183096252837,2.7989821882951653,382,385,11,0,374,382,36033,8,0,0,8,3
2020-10-27,US,Ohio,Pickaway,3109,46,0,39.64170392,-83.0243386,39129.0,5318.439194621687,1.4795754261820522,3063,3092,46,0,3046,3073,58086,17,0,0,17,19
2020-10-27,US,Ohio,Pike,341,0,0,39.07634001,-83.06769584,39131.0,1227.8553939219355,0.0,341,334,0,0,334,330,28067,7,0,0,7,4
2020-10-27,US,Ohio,Portage,1747,68,0,41.16793482,-81.19735782,39133.0,1075.301909322566,3.892386949055524,1679,1724,68,0,1656,1711,162927,23,0,0,23,13
2020-10-27,US,Ohio,Preble,691,18,0,39.7420247,-84.64787018,39135.0,1690.2304192554184,2.6049204052098407,673,677,18,0,659,657,40997,14,0,0,14,20
2020-10-27,US,Ohio,Putnam,1156,27,0,41.02094889,-84.1336111,39137.0,3413.9570597442485,2.3356401384083045,1129,1125,27,0,1098,1084,33780,31,0,0,31,41
2020-10-27,US,Ohio,Richland,1454,25,0,40.77180308,-82.53799609999999,39139.0,1200.125460158146,1.71939477303989,1429,1430,24,0,1406,1406,121099,24,1,0,23,24
2020-10-27,US,Ohio,Ross,1509,40,0,39.33705391,-83.06000914,39141.0,1968.2779850259567,2.6507620941020544,1469,1489,39,0,1450,1459,76931,20,1,0,19,30
2020-10-27,US,Ohio,Sandusky,747,22,0,41.35624126,-83.137872,39143.0,1276.5302983697325,2.9451137884872827,725,740,22,0,718,729,58799,7,0,0,7,11
2020-10-27,US,Ohio,Scioto,949,9,0,38.80270163,-82.98907345,39145.0,1260.0578909631677,0.9483667017913592,940,921,9,0,912,905,75502,28,0,0,28,16
2020-10-27,US,Ohio,Seneca,643,14,0,41.12351311,-83.12783209,39147.0,1165.319511399471,2.177293934681182,629,636,14,0,622,624,55207,7,0,0,7,12
2020-10-27,US,Ohio,Shelby,975,14,0,40.33163494,-84.20258189,39149.0,2006.5857172257665,1.4358974358974361,961,964,14,0,950,956,48627,11,0,0,11,8
2020-10-27,US,Ohio,Stark,4125,185,0,40.81482476,-81.36437305,39151.0,1113.041882754192,4.4848484848484835,3940,4045,182,0,3863,3996,371574,80,3,0,77,49
2020-10-27,US,Ohio,Summit,7109,269,0,41.12464734,-81.53123079,39153.0,1314.016483892254,3.7839358559572367,6840,6978,269,0,6709,6925,541918,131,0,0,131,53
2020-10-27,US,Ohio,Trumbull,2404,134,0,41.31735028,-80.76109643,39155.0,1214.3008677907198,5.574043261231282,2270,2380,134,0,2246,2362,198627,24,0,0,24,18
2020-10-27,US,Ohio,Tuscarawas,1419,28,0,40.44214695,-81.47226262,39157.0,1542.6092817463336,1.9732205778717409,1391,1386,27,0,1359,1352,92176,33,1,0,32,34
2020-10-27,US,Ohio,Union,802,3,0,40.30016061,-83.37239023,39159.0,1359.5985624194752,0.3740648379052369,799,799,3,0,796,790,57835,3,0,0,3,9
2020-10-27,US,Ohio,Van Wert,300,5,0,40.8554138,-84.59111700000003,39161.0,1061.0079575596815,1.6666666666666667,295,290,5,0,285,287,28281,10,0,0,10,3
2020-10-27,US,Ohio,Vinton,114,3,0,39.25208988,-82.4831444,39163.0,871.2265953381735,2.631578947368421,111,109,3,0,106,107,13139,5,0,0,5,2
2020-10-27,US,Ohio,Warren,4541,66,0,39.42581994,-84.16557457,39165.0,1935.618622177134,1.4534243558687514,4475,4465,66,0,4399,4410,232173,76,0,0,76,55
2020-10-27,US,Ohio,Washington,391,24,0,39.45690571,-81.49121382,39167.0,652.6347415332742,6.138107416879794,367,381,24,0,357,373,60155,10,0,0,10,8
2020-10-27,US,Ohio,Wayne,1609,72,0,40.82925852,-81.88844833,39169.0,1390.5453288393396,4.474829086389062,1537,1558,71,0,1487,1528,115967,51,1,0,50,30
2020-10-27,US,Ohio,Williams,374,4,0,41.56052014,-84.58429552,39171.0,1019.295759293579,1.0695187165775402,370,366,4,0,362,363,36804,8,0,0,8,3
2020-10-27,US,Ohio,Wood,2648,83,0,41.36224827,-83.62285108,39173.0,2024.2017474793026,3.134441087613293,2565,2620,82,0,2538,2590,130696,28,1,0,27,30
2020-10-27,US,Ohio,Wyandot,307,13,0,40.84339621,-83.30734173,39175.0,1410.0679772184458,4.234527687296417,294,303,13,0,290,302,21935,4,0,0,4,1
2020-10-27,US,Oklahoma,Adair,801,11,0,35.88494195,-94.65859267,40001.0,3609.083536090835,1.373283395755306,790,795,11,0,784,788,22082,6,0,0,6,7
2020-10-27,US,Oklahoma,Alfalfa,122,0,0,36.73090616,-98.32408495,40003.0,2139.6001403016485,0.0,122,120,0,0,120,117,5754,2,0,0,2,3
2020-10-27,US,Oklahoma,Atoka,450,1,0,34.37366573,-96.03802487,40005.0,3270.824247710423,0.2222222222222222,449,436,1,0,435,435,13838,14,0,0,14,1
2020-10-27,US,Oklahoma,Beaver,89,1,0,36.7496847,-100.4758872,40007.0,1675.767275466014,1.1235955056179776,88,88,1,0,87,88,5319,1,0,0,1,0
2020-10-27,US,Oklahoma,Beckham,911,11,0,35.26862449,-99.68128023,40009.0,4167.619744727572,1.2074643249176729,900,904,11,0,893,891,21709,7,0,0,7,13
2020-10-27,US,Oklahoma,Blaine,215,1,0,35.87518314,-98.43307003,40011.0,2280.199384876445,0.4651162790697674,214,212,1,0,211,209,9485,3,0,0,3,3
2020-10-27,US,Oklahoma,Bryan,1556,13,0,33.96472458,-96.25903472,40013.0,3242.0043754557764,0.8354755784061697,1543,1528,11,0,1517,1501,47192,28,2,0,26,27
2020-10-27,US,Oklahoma,Caddo,1146,26,0,35.17364557,-98.37534464,40015.0,3984.4238926361168,2.2687609075043635,1120,1146,26,0,1120,1138,28977,0,0,0,0,8
2020-10-27,US,Oklahoma,Canadian,3987,23,0,35.5426055,-97.98465569,40017.0,2688.360551832023,0.5768748432405317,3964,3896,23,0,3873,3846,144447,91,0,0,91,50
2020-10-27,US,Oklahoma,Carter,858,10,0,34.25103751,-97.28552485,40019.0,1783.3759431315084,1.1655011655011656,848,846,10,0,836,840,48177,12,0,0,12,6
2020-10-27,US,Oklahoma,Cherokee,1388,8,0,35.90692775,-94.99980896,40021.0,2852.621411102205,0.5763688760806917,1380,1382,8,0,1374,1383,48675,6,0,0,6,-1
2020-10-27,US,Oklahoma,Choctaw,450,2,0,34.02807439,-95.54771129,40023.0,3067.066521264995,0.4444444444444444,448,453,2,0,451,443,14668,-3,0,0,-3,10
2020-10-27,US,Oklahoma,Cimarron,39,0,0,36.74817177,-102.5173885,40025.0,1824.9883013570425,0.0,39,37,0,0,37,37,2153,2,0,0,2,0
2020-10-27,US,Oklahoma,Cleveland,8369,96,0,35.20413532,-97.32519562,40027.0,2946.685726759949,1.1470904528617516,8273,8331,89,0,8242,8311,281669,38,7,0,31,20
2020-10-27,US,Oklahoma,Coal,100,0,0,34.58840127,-96.29798747,40029.0,1819.8362147406733,0.0,100,97,0,0,97,96,5520,3,0,0,3,1
2020-10-27,US,Oklahoma,Comanche,2417,17,0,34.65973764,-98.47195055,40031.0,2001.6728917009666,0.703351261894911,2400,2390,17,0,2373,2372,120422,27,0,0,27,18
2020-10-27,US,Oklahoma,Cotton,100,3,0,34.28845626,-98.37053567,40033.0,1764.9135192375575,3.0,97,98,3,0,95,97,5776,2,0,0,2,1
2020-10-27,US,Oklahoma,Craig,625,2,0,36.76268118,-95.20916602,40035.0,4419.459765238297,0.32,623,618,2,0,616,615,14306,7,0,0,7,3
2020-10-27,US,Oklahoma,Creek,1582,37,0,35.90230551,-96.37086028,40037.0,2211.90682587176,2.3388116308470295,1545,1568,37,0,1531,1562,71604,14,0,0,14,6
2020-10-27,US,Oklahoma,Custer,1092,6,0,35.63853802,-99.00170785,40039.0,3765.127745405648,0.5494505494505495,1086,1085,4,0,1081,1084,29036,7,2,0,5,1
2020-10-27,US,Oklahoma,Delaware,1250,28,0,36.40823634,-94.80325046,40041.0,2906.368434513707,2.24,1222,1248,27,0,1221,1240,42733,2,1,0,1,8
2020-10-27,US,Oklahoma,Dewey,93,1,0,35.98772922,-99.00730714,40043.0,1901.451645880188,1.075268817204301,92,92,1,0,91,93,4894,1,0,0,1,-1
2020-10-27,US,Oklahoma,Ellis,22,0,0,36.218019399999996,-99.75324573,40045.0,570.0958797615962,0.0,22,22,0,0,22,22,3952,0,0,0,0,0
2020-10-27,US,Oklahoma,Garfield,2443,28,0,36.3791334,-97.78265517,40047.0,4001.244758909853,1.146131805157593,2415,2415,27,0,2388,2398,60913,28,1,0,27,17
2020-10-27,US,Oklahoma,Garvin,679,6,0,34.70418038,-97.30811132,40049.0,2450.290498358053,0.8836524300441826,673,661,6,0,655,653,27811,18,0,0,18,8
2020-10-27,US,Oklahoma,Grady,1624,16,0,35.0167709,-97.88339847,40051.0,2908.621986603145,0.9852216748768472,1608,1612,16,0,1596,1605,55551,12,0,0,12,7
2020-10-27,US,Oklahoma,Grant,101,1,0,36.796296999999996,-97.78638765,40053.0,2330.948534502654,0.99009900990099,100,99,1,0,98,99,4326,2,0,0,2,0
2020-10-27,US,Oklahoma,Greer,149,8,0,34.93535801,-99.56056120000001,40055.0,2608.543417366947,5.369127516778524,141,150,8,0,142,151,5821,-1,0,0,-1,-1
2020-10-27,US,Oklahoma,Harmon,70,0,0,34.7440135,-99.84741652,40057.0,2638.522427440633,0.0,70,69,0,0,69,68,2664,1,0,0,1,1
2020-10-27,US,Oklahoma,Harper,72,1,0,36.78836519,-99.6679804,40059.0,1952.2776572668115,1.3888888888888888,71,70,1,0,69,67,3797,2,0,0,2,3
2020-10-27,US,Oklahoma,Haskell,381,5,0,35.22257600000001,-95.11513306,40061.0,3017.343787122832,1.3123359580052494,376,377,5,0,372,376,12668,4,0,0,4,1
2020-10-27,US,Oklahoma,Hughes,396,4,0,35.04912569,-96.24921145,40063.0,2982.1522705022967,1.0101010101010102,392,398,4,0,394,395,13335,-2,0,0,-2,3
2020-10-27,US,Oklahoma,Jackson,1122,13,0,34.58781741,-99.41138784,40065.0,4573.991031390135,1.1586452762923352,1109,1116,13,0,1103,1114,24949,6,0,0,6,2
2020-10-27,US,Oklahoma,Jefferson,80,0,0,34.11130184,-97.83182974,40067.0,1332.8890369876708,0.0,80,78,0,0,78,76,6123,2,0,0,2,2
2020-10-27,US,Oklahoma,Johnston,291,4,0,34.31440473,-96.66011537,40069.0,2625.169147496617,1.3745704467353952,287,287,4,0,283,286,10949,4,0,0,4,1
2020-10-27,US,Oklahoma,Kay,883,16,0,36.81799745,-97.14421435,40071.0,2028.1133722265606,1.8120045300113248,867,866,16,0,850,868,44161,17,0,0,17,-2
2020-10-27,US,Oklahoma,Kingfisher,558,3,0,35.94530008,-97.94193268,40073.0,3539.486203615604,0.5376344086021505,555,552,3,0,549,544,15816,6,0,0,6,8
2020-10-27,US,Oklahoma,Kiowa,178,3,0,34.91671958,-98.97720696,40075.0,2044.0973817179608,1.6853932584269662,175,176,3,0,173,172,8729,2,0,0,2,4
2020-10-27,US,Oklahoma,Latimer,209,2,0,34.87844729,-95.25215049,40077.0,2074.853568946689,0.9569377990430622,207,209,2,0,207,207,10231,0,0,0,0,2
2020-10-27,US,Oklahoma,Le Flore,1680,22,0,34.89851864,-94.70392124,40079.0,3369.90752813271,1.3095238095238095,1658,1651,22,0,1629,1637,49980,29,0,0,29,14
2020-10-27,US,Oklahoma,Lincoln,794,22,0,35.70270942,-96.8812462,40081.0,2276.5719528629184,2.7707808564231735,772,785,21,0,764,781,34920,9,1,0,8,4
2020-10-27,US,Oklahoma,Logan,861,2,0,35.91899576,-97.44352845,40083.0,1793.3390264731,0.23228803716608595,859,849,2,0,847,843,47291,12,0,0,12,6
2020-10-27,US,Oklahoma,Love,272,1,0,33.95273467,-97.23906784,40085.0,2652.882083292695,0.36764705882352944,271,271,1,0,270,272,10134,1,0,0,1,-1
2020-10-27,US,Oklahoma,Major,176,2,0,36.31149996,-98.53467076,40093.0,2306.9864988858303,1.1363636363636365,174,175,2,0,173,170,7644,1,0,0,1,5
2020-10-27,US,Oklahoma,Marshall,273,2,0,34.02311222,-96.76855464,40095.0,1612.4269092197744,0.7326007326007326,271,271,2,0,269,271,16806,2,0,0,2,0
2020-10-27,US,Oklahoma,Mayes,976,13,0,36.30179091,-95.23175116,40097.0,2374.695863746959,1.3319672131147542,963,972,13,0,959,972,41107,4,0,0,4,0
2020-10-27,US,Oklahoma,McClain,1327,10,0,35.01123903,-97.44572302,40087.0,3278.6480209517217,0.7535795026375283,1317,1316,10,0,1306,1310,39985,11,0,0,11,6
2020-10-27,US,Oklahoma,McCurtain,1621,39,0,34.11664328,-94.77222373,40089.0,4937.256335282651,2.405922270203578,1582,1616,39,0,1577,1614,32703,5,0,0,5,2
2020-10-27,US,Oklahoma,McIntosh,507,10,0,35.37235506,-95.66599306,40091.0,2587.2627066748314,1.9723865877712032,497,506,10,0,496,506,19815,1,0,0,1,0
2020-10-27,US,Oklahoma,Murray,304,2,0,34.48116015,-97.06826283,40099.0,2160.164854686279,0.6578947368421053,302,303,2,0,301,299,13953,1,0,0,1,4
2020-10-27,US,Oklahoma,Muskogee,2349,28,0,35.61318461,-95.37802952,40101.0,3454.564171948762,1.1919965942954451,2321,2327,28,0,2299,2321,68362,22,0,0,22,6
2020-10-27,US,Oklahoma,Noble,179,3,0,36.38953329,-97.22928674,40103.0,1608.1214625819782,1.675977653631285,176,175,3,0,172,175,11289,4,0,0,4,0
2020-10-27,US,Oklahoma,Nowata,257,4,0,36.79843529,-95.61902331,40105.0,2550.615323541088,1.5564202334630348,253,255,4,0,251,253,10218,2,0,0,2,2
2020-10-27,US,Oklahoma,Okfuskee,543,7,0,35.46485198,-96.32639984,40107.0,4527.641123988994,1.2891344383057088,536,543,7,0,536,544,12098,0,0,0,0,-1
2020-10-27,US,Oklahoma,Oklahoma,23881,231,0,35.55140095,-97.40716948,40109.0,2994.730598394349,0.9672961768770152,23650,23726,228,0,23498,23565,792582,155,3,0,152,161
2020-10-27,US,Oklahoma,Okmulgee,1231,9,0,35.64661916,-95.96432828,40111.0,3200.311971922527,0.7311129163281884,1222,1224,8,0,1216,1219,38335,7,1,0,6,5
2020-10-27,US,Oklahoma,Osage,1384,13,0,36.62888819,-96.39635704,40113.0,2947.0008304409853,0.9393063583815028,1371,1377,13,0,1364,1378,47014,7,0,0,7,-1
2020-10-27,US,Oklahoma,Ottawa,1246,9,0,36.83532655,-94.81011909,40115.0,4002.955633372956,0.7223113964686998,1237,1231,9,0,1222,1226,31175,15,0,0,15,5
2020-10-27,US,Oklahoma,Pawnee,336,5,0,36.31743373,-96.70331759999999,40117.0,2051.783097215437,1.488095238095238,331,331,5,0,326,331,16390,5,0,0,5,0
2020-10-27,US,Oklahoma,Payne,2811,12,0,36.07695283,-96.97584944,40119.0,3437.102611757801,0.42689434364994666,2799,2804,12,0,2792,2791,82040,7,0,0,7,13
2020-10-27,US,Oklahoma,Pittsburg,1261,20,0,34.92065823,-95.75134320000001,40121.0,2888.624181060155,1.5860428231562251,1241,1247,20,0,1227,1239,43877,14,0,0,14,8
2020-10-27,US,Oklahoma,Pontotoc,794,4,0,34.72959848,-96.68337199,40123.0,2073.9734614982763,0.5037783375314862,790,784,4,0,780,775,38247,10,0,0,10,9
2020-10-27,US,Oklahoma,Pottawatomie,2211,14,0,35.20614018,-96.94923008,40125.0,3045.7901697156713,0.6331976481230213,2197,2181,14,0,2167,2174,72679,30,0,0,30,7
2020-10-27,US,Oklahoma,Pushmataha,279,6,0,34.41635232,-95.37603505,40127.0,2514.419610670512,2.150537634408602,273,275,5,0,270,265,11179,4,1,0,3,10
2020-10-27,US,Oklahoma,Roger Mills,89,4,0,35.68711719,-99.69666167,40129.0,2483.951995534468,4.49438202247191,85,89,4,0,85,89,3656,0,0,0,0,0
2020-10-27,US,Oklahoma,Rogers,2449,55,0,36.37004357,-95.60406759,40131.0,2648.7416043868093,2.245814618211515,2394,2418,54,0,2364,2415,91984,31,1,0,30,3
2020-10-27,US,Oklahoma,Seminole,791,6,0,35.16478725,-96.61686741,40133.0,3260.779948882843,0.7585335018963337,785,784,6,0,778,783,24578,7,0,0,7,1
2020-10-27,US,Oklahoma,Sequoyah,1242,13,0,35.49447108,-94.75463785,40135.0,2987.8034111958427,1.0466988727858293,1229,1234,13,0,1221,1231,41179,8,0,0,8,3
2020-10-27,US,Oklahoma,Stephens,741,8,0,34.48556989,-97.85141892,40137.0,1717.5439816424448,1.0796221322537112,733,711,8,0,703,703,43265,30,0,0,30,8
2020-10-27,US,Oklahoma,Texas,1797,10,0,36.74777635,-101.4889765,40139.0,8992.643747185108,0.5564830272676683,1787,1786,10,0,1776,1778,20455,11,0,0,11,8
2020-10-27,US,Oklahoma,Tillman,147,3,0,34.37288446,-98.92426619,40141.0,2027.586206896552,2.0408163265306123,144,148,3,0,145,146,7348,-1,0,0,-1,2
2020-10-27,US,Oklahoma,Tulsa,21829,201,0,36.11939621,-95.94013939,40143.0,3350.308187220667,0.9207934399193732,21628,21692,200,0,21492,21584,648360,137,1,0,136,108
2020-10-27,US,Oklahoma,Unassigned,6,0,0,0.0,0.0,90040.0,0.0,0.0,6,6,0,0,6,6,,0,0,0,0,0
2020-10-27,US,Oklahoma,Wagoner,1919,30,0,35.96024096,-95.51911308,40145.0,2360.7130116005856,1.563314226159458,1889,1886,29,0,1857,1878,80110,33,1,0,32,8
2020-10-27,US,Oklahoma,Washington,1328,41,0,36.71380786,-95.90514104,40147.0,2577.2895763386186,3.0873493975903616,1287,1316,41,0,1275,1302,51843,12,0,0,12,14
2020-10-27,US,Oklahoma,Washita,185,0,0,35.29071824,-98.99180434,40149.0,1694.7599853426166,0.0,185,181,0,0,181,179,11127,4,0,0,4,2
2020-10-27,US,Oklahoma,Woods,184,0,0,36.76705782,-98.86573064,40151.0,2092.5736381212328,0.0,184,181,0,0,181,181,8897,3,0,0,3,0
2020-10-27,US,Oklahoma,Woodward,1251,5,0,36.42316318,-99.26283045,40153.0,6189.698678937212,0.3996802557953637,1246,1245,5,0,1240,1243,20222,6,0,0,6,2
2020-10-27,US,Oregon,Baker,125,3,0,44.70915557,-117.6749883,41001.0,775.2418754651451,2.4,122,120,3,0,117,120,16006,5,0,0,5,0
2020-10-27,US,Oregon,Benton,445,6,0,44.49167306,-123.4316987,41003.0,478.22208848720635,1.348314606741573,439,442,6,0,436,441,92101,3,0,0,3,1
2020-10-27,US,Oregon,Clackamas,3172,65,0,45.18787398,-122.2179634,41005.0,758.5123401731761,2.0491803278688523,3107,3139,65,0,3074,3097,416075,33,0,0,33,42
2020-10-27,US,Oregon,Clatsop,244,0,0,45.99712889,-123.660711,41007.0,606.6030230708035,0.0,244,243,0,0,243,242,39764,1,0,0,1,1
2020-10-27,US,Oregon,Columbia,269,1,0,45.94464254,-123.08908980000001,41009.0,513.8098330595561,0.3717472118959108,268,266,1,0,265,259,52377,3,0,0,3,7
2020-10-27,US,Oregon,Coos,251,0,0,43.17406868,-124.0594514,41011.0,389.22573541954193,0.0,251,246,0,0,246,238,64389,5,0,0,5,8
2020-10-27,US,Oregon,Crook,110,2,0,44.14230227,-120.356297,41013.0,450.74577938042944,1.818181818181818,108,109,2,0,107,107,23867,1,0,0,1,2
2020-10-27,US,Oregon,Curry,58,1,0,42.45911325,-124.15728200000001,41015.0,252.99890948745912,1.7241379310344829,57,57,1,0,56,57,22813,1,0,0,1,0
2020-10-27,US,Oregon,Deschutes,1136,13,0,43.91570171,-121.2289121,41017.0,574.6312445622482,1.1443661971830985,1123,1132,13,0,1119,1123,191996,4,0,0,4,9
2020-10-27,US,Oregon,Douglas,359,8,0,43.27941273,-123.16729099999999,41019.0,323.4817084159308,2.2284122562674096,351,350,6,0,344,349,110283,9,2,0,7,1
2020-10-27,US,Oregon,Gilliam,11,0,0,45.37160076,-120.20488689999999,41021.0,575.3138075313808,0.0,11,11,0,0,11,11,1894,0,0,0,0,0
2020-10-27,US,Oregon,Grant,11,0,0,44.49024544,-119.0068631,41023.0,152.79899986109183,0.0,11,11,0,0,11,11,7176,0,0,0,0,0
2020-10-27,US,Oregon,Harney,34,0,0,43.06422669,-118.96663059999999,41025.0,459.89449479237123,0.0,34,23,0,0,23,23,7329,11,0,0,11,0
2020-10-27,US,Oregon,Hood River,277,1,0,45.51872811,-121.65520359999998,41027.0,1184.6719698913694,0.36101083032490977,276,277,1,0,276,277,23428,0,0,0,0,0
2020-10-27,US,Oregon,Jackson,1707,6,0,42.43201126,-122.72893090000001,41029.0,772.5939604605693,0.351493848857645,1701,1684,6,0,1678,1669,219564,23,0,0,23,15
2020-10-27,US,Oregon,Jefferson,605,9,0,44.62806839,-121.17832,41031.0,2453.5647659988645,1.487603305785124,596,604,9,0,595,604,24192,1,0,0,1,0
2020-10-27,US,Oregon,Josephine,269,3,0,42.3665549,-123.5561938,41033.0,307.47425331763577,1.1152416356877324,266,267,3,0,264,267,87393,2,0,0,2,0
2020-10-27,US,Oregon,Klamath,417,3,0,42.68762984,-121.64964609999998,41035.0,611.0964565198277,0.7194244604316546,414,411,3,0,408,410,67653,6,0,0,6,1
2020-10-27,US,Oregon,Lake,38,0,0,42.79246693,-120.38501629999999,41037.0,482.9076121489389,0.0,38,37,0,0,37,35,7879,1,0,0,1,2
2020-10-27,US,Oregon,Lane,2419,27,0,43.93727035,-122.847753,41039.0,633.1350260556393,1.1161637040099217,2392,2392,27,0,2365,2354,379611,27,0,0,27,38
2020-10-27,US,Oregon,Lincoln,517,13,0,44.64252874,-123.86991200000001,41041.0,1034.7864376926464,2.514506769825919,504,517,13,0,504,517,49388,0,0,0,0,0
2020-10-27,US,Oregon,Linn,816,15,0,44.48899494,-122.53731540000001,41043.0,628.9065811682558,1.8382352941176472,801,810,15,0,795,803,127335,6,0,0,6,7
2020-10-27,US,Oregon,Malheur,1927,38,0,43.1937027,-117.62273950000001,41045.0,6303.359392888687,1.9719771665801764,1889,1917,38,0,1879,1915,30725,10,0,0,10,2
2020-10-27,US,Oregon,Marion,5929,108,0,44.90287942,-122.58151170000001,41047.0,1704.6271325808325,1.821555068308315,5821,5858,108,0,5750,5819,346868,71,0,0,71,39
2020-10-27,US,Oregon,Morrow,545,7,0,45.41846568,-119.584546,41049.0,4697.0611048866685,1.2844036697247707,538,545,6,0,539,545,11372,0,1,0,-1,0
2020-10-27,US,Oregon,Multnomah,9292,163,0,45.54747959,-122.4169351,41051.0,1143.131308782009,1.7541971588463194,9129,9228,160,0,9068,9137,811880,64,3,0,61,91
2020-10-27,US,Oregon,Polk,657,15,0,44.90322804,-123.4128888,41053.0,763.1991636173549,2.2831050228310503,642,654,15,0,639,650,85234,3,0,0,3,4
2020-10-27,US,Oregon,Sherman,19,0,0,45.41501554,-120.6827834,41055.0,1067.4157303370787,0.0,19,19,0,0,19,18,1708,0,0,0,0,1
2020-10-27,US,Oregon,Tillamook,70,0,0,45.46248721,-123.712066,41057.0,258.9140405385412,0.0,70,70,0,0,70,70,26787,0,0,0,0,0
2020-10-27,US,Oregon,Umatilla,3376,45,0,45.59073056,-118.7353826,41059.0,4330.981398332265,1.3329383886255923,3331,3354,44,0,3310,3349,77516,22,1,0,21,5
2020-10-27,US,Oregon,Union,468,2,0,45.30915495,-118.0068979,41061.0,1743.9910564561205,0.4273504273504273,466,467,2,0,465,466,26461,1,0,0,1,1
2020-10-27,US,Oregon,Wallowa,46,2,0,45.57894064,-117.18353799999998,41063.0,638.1798002219756,4.3478260869565215,44,44,2,0,42,44,7081,2,0,0,2,0
2020-10-27,US,Oregon,Wasco,348,16,0,45.16292781,-121.16709540000001,41065.0,1304.250056217675,4.597701149425287,332,347,15,0,332,347,26505,1,1,0,0,0
2020-10-27,US,Oregon,Washington,5838,77,0,45.55972701,-123.0955257,41067.0,970.4251386321628,1.3189448441247005,5761,5790,76,0,5714,5739,597695,48,1,0,47,51
2020-10-27,US,Oregon,Wheeler,2,0,0,44.72698162,-120.02814270000002,41069.0,150.15015015015015,0.0,2,1,0,0,1,1,1366,1,0,0,1,0
2020-10-27,US,Oregon,Yamhill,1001,15,0,45.23330449,-123.3086963,41071.0,934.6405228758168,1.4985014985014986,986,994,15,0,979,987,107002,7,0,0,7,7
2020-10-27,US,Pennsylvania,Adams,1118,27,0,39.87140411,-77.21610347,42001.0,1085.3420574901222,2.415026833631485,1091,1100,27,0,1073,1084,102811,18,0,0,18,16
2020-10-27,US,Pennsylvania,Allegheny,15101,410,0,40.46809875,-79.98167747,42003.0,1241.8125973956555,2.7150519833123634,14691,14995,407,0,14588,14922,1218452,106,3,0,103,73
2020-10-27,US,Pennsylvania,Armstrong,690,21,0,40.81665618,-79.46290811,42005.0,1065.8839885687803,3.0434782608695654,669,655,20,0,635,645,65263,35,1,0,34,10
2020-10-27,US,Pennsylvania,Beaver,2255,140,0,40.6825484,-80.34921611,42007.0,1375.5955322121165,6.208425720620843,2115,2246,140,0,2106,2241,164742,9,0,0,9,5
2020-10-27,US,Pennsylvania,Bedford,392,6,0,40.00522157,-78.48998442,42009.0,818.576678917474,1.5306122448979589,386,383,6,0,377,382,48176,9,0,0,9,1
2020-10-27,US,Pennsylvania,Berks,9155,421,0,40.41570541,-75.92457766,42011.0,2173.7375464189718,4.598580010922993,8734,9024,419,0,8605,8924,420152,131,2,0,129,100
2020-10-27,US,Pennsylvania,Blair,1212,27,0,40.47961444,-78.34917412,42013.0,994.8370256671236,2.227722772277228,1185,1186,27,0,1159,1163,122492,26,0,0,26,23
2020-10-27,US,Pennsylvania,Bradford,701,14,0,41.78869215,-76.51570822,42015.0,1162.0774828838091,1.9971469329529243,687,656,14,0,642,647,60833,45,0,0,45,9
2020-10-27,US,Pennsylvania,Bucks,10112,626,0,40.33682119,-75.10836643,42017.0,1609.4991007051108,6.190664556962025,9486,10053,626,0,9427,10008,628195,59,0,0,59,45
2020-10-27,US,Pennsylvania,Butler,1661,28,0,40.91152759,-79.91351055,42019.0,884.2020090176892,1.6857314870559903,1633,1623,27,0,1596,1602,187888,38,1,0,37,21
2020-10-27,US,Pennsylvania,Cambria,1073,7,0,40.49527404,-78.71377428,42021.0,824.1673835565933,0.65237651444548,1066,1035,7,0,1028,1028,131730,38,0,0,38,7
2020-10-27,US,Pennsylvania,Cameron,9,0,0,41.43625568,-78.20376845,42023.0,202.38362941308748,0.0,9,8,0,0,8,8,4492,1,0,0,1,0
2020-10-27,US,Pennsylvania,Carbon,581,29,0,40.91545395,-75.7068525,42025.0,905.2382287868872,4.991394148020653,552,574,29,0,545,572,64227,7,0,0,7,2
2020-10-27,US,Pennsylvania,Centre,4097,16,0,40.92058903,-77.82200624,42027.0,2523.016288450288,0.3905296558457408,4081,4070,16,0,4054,4036,162805,27,0,0,27,34
2020-10-27,US,Pennsylvania,Chester,8039,378,0,39.97291773,-75.74768357,42029.0,1531.2701789942264,4.702077372807564,7661,7986,378,0,7608,7833,522046,53,0,0,53,153
2020-10-27,US,Pennsylvania,Clarion,220,4,0,41.19265812,-79.42413524,42031.0,572.3502783703626,1.818181818181818,216,216,4,0,212,210,38779,4,0,0,4,6
2020-10-27,US,Pennsylvania,Clearfield,462,7,0,41.00110782,-78.47592663,42033.0,582.9285218598196,1.5151515151515151,455,451,7,0,444,446,79388,11,0,0,11,5
2020-10-27,US,Pennsylvania,Clinton,261,7,0,41.23255967,-77.63785995,42035.0,675.6057154690412,2.681992337164751,254,259,6,0,253,255,38684,2,1,0,1,4
2020-10-27,US,Pennsylvania,Columbia,1053,41,0,41.04821986,-76.40565017,42037.0,1620.8977279724154,3.89363722697056,1012,1050,41,0,1009,1048,65456,3,0,0,3,2
2020-10-27,US,Pennsylvania,Crawford,490,3,0,41.68447709,-80.10760592,42039.0,578.99774309043,0.6122448979591837,487,478,3,0,475,461,85063,12,0,0,12,17
2020-10-27,US,Pennsylvania,Cumberland,2438,79,0,40.1625372,-77.26130755,42041.0,962.2291510439278,3.240360951599672,2359,2396,79,0,2317,2376,251423,42,0,0,42,20
2020-10-27,US,Pennsylvania,Dauphin,4745,195,0,40.41377078,-76.77993242,42043.0,1705.0007366178104,4.109589041095891,4550,4688,194,0,4494,4649,277097,57,1,0,56,39
2020-10-27,US,Pennsylvania,Delaware,13397,769,0,39.91680171,-75.40243663,42045.0,2363.8413613128964,5.740091065163843,12628,13269,769,0,12500,13144,564751,128,0,0,128,125
2020-10-27,US,Pennsylvania,Elk,160,2,0,41.42822061,-78.64524744,42047.0,534.9381477766633,1.25,158,155,2,0,153,154,30169,5,0,0,5,1
2020-10-27,US,Pennsylvania,Erie,2054,40,0,41.99253829,-80.03301954,42049.0,761.507889429351,1.9474196689386565,2014,2013,40,0,1973,1994,272061,41,0,0,41,19
2020-10-27,US,Pennsylvania,Fayette,1006,14,0,39.92041012,-79.64291195,42051.0,778.1920571808714,1.3916500994035783,992,1002,14,0,988,993,130441,4,0,0,4,9
2020-10-27,US,Pennsylvania,Forest,19,1,0,41.51095103,-79.23229292,42053.0,262.17745273906445,5.2631578947368425,18,19,1,0,18,19,7279,0,0,0,0,0
2020-10-27,US,Pennsylvania,Franklin,2168,54,0,39.92956518,-77.72157791,42055.0,1398.4660736516864,2.4907749077490773,2114,2115,54,0,2061,2112,154835,53,0,0,53,3
2020-10-27,US,Pennsylvania,Fulton,80,4,0,39.92913544,-78.11163677,42057.0,550.5849965588437,5.0,76,70,4,0,66,70,14523,10,0,0,10,0
2020-10-27,US,Pennsylvania,Greene,231,1,0,39.85746531,-80.22357106,42059.0,637.5403637567963,0.4329004329004329,230,227,1,0,226,223,36506,4,0,0,4,4
2020-10-27,US,Pennsylvania,Huntingdon,932,15,0,40.42162652,-77.97673273,42061.0,2064.5046960836435,1.609442060085837,917,874,15,0,859,870,45168,58,0,0,58,4
2020-10-27,US,Pennsylvania,Indiana,1087,16,0,40.65241041,-79.08963285,42063.0,1292.924006518145,1.4719411223551058,1071,1080,16,0,1064,1073,84501,7,0,0,7,7
2020-10-27,US,Pennsylvania,Jefferson,185,4,0,41.12913106,-78.9986361,42065.0,426.0218767990789,2.1621621621621623,181,180,4,0,176,178,43641,5,0,0,5,2
2020-10-27,US,Pennsylvania,Juniata,231,8,0,40.53358749,-77.39975129999998,42067.0,932.8433550054517,3.463203463203463,223,227,8,0,219,226,24704,4,0,0,4,1
2020-10-27,US,Pennsylvania,Lackawanna,3702,218,0,41.43564672,-75.60379201,42069.0,1765.5980235985392,5.888708806050785,3484,3653,218,0,3435,3629,210793,49,0,0,49,24
2020-10-27,US,Pennsylvania,Lancaster,9483,475,0,40.03904563,-76.24770128,42071.0,1737.6915803593024,5.0089634082041545,9008,9413,474,0,8939,9338,543557,70,1,0,69,75
2020-10-27,US,Pennsylvania,Lawrence,865,34,0,40.99206278,-80.33393706,42073.0,1011.5539339507906,3.9306358381502884,831,849,34,0,815,840,86184,16,0,0,16,9
2020-10-27,US,Pennsylvania,Lebanon,2964,66,0,40.36680311,-76.45651841,42075.0,2090.3711748816936,2.2267206477732797,2898,2897,66,0,2831,2850,141314,67,0,0,67,47
2020-10-27,US,Pennsylvania,Lehigh,6541,365,0,40.6154815,-75.59435245,42077.0,1771.102410388879,5.580186515823269,6176,6496,365,0,6131,6411,368100,45,0,0,45,85
2020-10-27,US,Pennsylvania,Luzerne,5273,197,0,41.17823008,-75.98447579,42079.0,1661.221673697376,3.736013654466148,5076,5195,197,0,4998,5141,317646,78,0,0,78,54
2020-10-27,US,Pennsylvania,Lycoming,960,31,0,41.34310539,-77.06629984,42081.0,847.3155102869397,3.2291666666666665,929,950,31,0,919,942,113664,10,0,0,10,8
2020-10-27,US,Pennsylvania,McKean,132,2,0,41.80938602,-78.56478358,42083.0,324.92307692307685,1.5151515151515151,130,129,2,0,127,119,40968,3,0,0,3,10
2020-10-27,US,Pennsylvania,Mercer,1034,25,0,41.30248872,-80.25816981,42085.0,944.9480918262905,2.4177949709864603,1009,1015,25,0,990,993,110683,19,0,0,19,22
2020-10-27,US,Pennsylvania,Mifflin,381,3,0,40.61116939,-77.61070738,42087.0,825.7835190081928,0.7874015748031497,378,374,3,0,371,372,46222,7,0,0,7,2
2020-10-27,US,Pennsylvania,Monroe,2013,135,0,41.05934058,-75.34031025,42089.0,1182.2330285251155,6.7064083457526085,1878,2001,135,0,1866,1992,169507,12,0,0,12,9
2020-10-27,US,Pennsylvania,Montgomery,13791,895,0,40.21053671,-75.36652296,42091.0,1659.7365554840146,6.489739685302008,12896,13695,893,0,12802,13594,828604,96,2,0,94,101
2020-10-27,US,Pennsylvania,Montour,296,11,0,41.03023987,-76.66345939,42093.0,1623.6972024136041,3.716216216216216,285,295,10,0,285,294,18240,1,1,0,0,1
2020-10-27,US,Pennsylvania,Northampton,5341,311,0,40.75182733,-75.30471829,42095.0,1749.5127503807917,5.82287961055982,5030,5304,311,0,4993,5269,304807,37,0,0,37,35
2020-10-27,US,Pennsylvania,Northumberland,1517,111,0,40.84785433,-76.70798222,42097.0,1669.9140274979916,7.317073170731707,1406,1503,111,0,1392,1496,91083,14,0,0,14,7
2020-10-27,US,Pennsylvania,Perry,359,6,0,40.40206612,-77.26297447,42099.0,775.8471645919777,1.6713091922005572,353,355,6,0,349,352,46139,4,0,0,4,3
2020-10-27,US,Pennsylvania,Philadelphia,43365,1864,0,40.00338507,-75.1379271,42101.0,2737.5787846955677,4.298397325031708,41501,43003,1859,0,41144,41972,1584138,362,5,0,357,1031
2020-10-27,US,Pennsylvania,Pike,621,23,0,41.33155042,-75.03208106,42103.0,1112.7237542331884,3.703703703703704,598,617,23,0,594,616,55933,4,0,0,4,1
2020-10-27,US,Pennsylvania,Potter,50,1,0,41.74471626,-77.89559864,42105.0,302.55355197870017,2.0,49,49,1,0,48,48,16622,1,0,0,1,1
2020-10-27,US,Pennsylvania,Schuylkill,1975,86,0,40.70497338,-76.2150785,42107.0,1397.1519323141788,4.354430379746836,1889,1925,86,0,1839,1882,142067,50,0,0,50,43
2020-10-27,US,Pennsylvania,Snyder,483,17,0,40.77129231,-77.06840691,42109.0,1196.3737243634205,3.519668737060041,466,474,17,0,457,472,40540,9,0,0,9,2
2020-10-27,US,Pennsylvania,Somerset,412,3,0,39.97172723,-79.02699593,42111.0,560.9487113156425,0.7281553398058253,409,398,3,0,395,391,73952,14,0,0,14,7
2020-10-27,US,Pennsylvania,Sullivan,19,1,0,41.44634738,-76.51246591,42113.0,313.22123310253875,5.2631578947368425,18,19,1,0,18,18,6071,0,0,0,0,1
2020-10-27,US,Pennsylvania,Susquehanna,403,28,0,41.82147784,-75.80071959,42115.0,999.3056933148184,6.9478908188585615,375,399,28,0,371,398,40589,4,0,0,4,1
2020-10-27,US,Pennsylvania,Tioga,205,3,0,41.77255149,-77.25433032,42117.0,505.03806262471977,1.4634146341463414,202,199,3,0,196,194,40763,6,0,0,6,5
2020-10-27,US,Pennsylvania,Union,699,11,0,40.96188846,-77.05996014,42119.0,1555.9958150613272,1.5736766809728182,688,700,11,0,689,690,44785,-1,0,0,-1,10
2020-10-27,US,Pennsylvania,Venango,229,1,0,41.40323442,-79.75845449,42121.0,451.96179047919793,0.4366812227074236,228,225,1,0,224,214,51266,4,0,0,4,11
2020-10-27,US,Pennsylvania,Warren,64,1,0,41.81304978,-79.26969577,42123.0,163.30279911204104,1.5625,63,63,1,0,62,62,39498,1,0,0,1,1
2020-10-27,US,Pennsylvania,Washington,1945,34,0,40.19208869,-80.24582867,42125.0,940.2267179078143,1.7480719794344473,1911,1881,34,0,1847,1860,207346,64,0,0,64,21
2020-10-27,US,Pennsylvania,Wayne,283,12,0,41.64938475,-75.29956506,42127.0,551.0017328323047,4.2402826855123665,271,283,12,0,271,283,51276,0,0,0,0,0
2020-10-27,US,Pennsylvania,Westmoreland,4169,88,0,40.31377979999999,-79.46615476,42129.0,1194.901676416384,2.1108179419525066,4081,4097,84,0,4013,4031,350611,72,4,0,68,66
2020-10-27,US,Pennsylvania,Wyoming,126,8,0,41.51955538,-76.01074915,42131.0,470.2545345972979,6.349206349206349,118,114,8,0,106,111,27046,12,0,0,12,3
2020-10-27,US,Pennsylvania,York,6405,203,0,39.9210089,-76.73040131,42133.0,1426.3190946381092,3.169398907103825,6202,6315,201,0,6114,6243,448273,90,2,0,88,72
2020-10-27,US,Puerto Rico,Adjuntas,180,0,0,18.180117000000006,-66.754367,72001.0,923.8823589796233,0.0,180,180,0,0,180,178,,0,0,0,0,2
2020-10-27,US,Puerto Rico,Aguada,438,0,0,18.360255,-67.17513100000001,72003.0,1043.8761648275695,0.0,438,430,0,0,430,426,,8,0,0,8,4
2020-10-27,US,Puerto Rico,Aguadilla,581,0,0,18.459681,-67.12081500000001,72005.0,953.256000918801,0.0,581,571,0,0,571,558,,10,0,0,10,13
2020-10-27,US,Puerto Rico,Aguas Buenas,370,0,0,18.251619,-66.126806,72007.0,1291.0429533479885,0.0,370,367,0,0,367,366,,3,0,0,3,1
2020-10-27,US,Puerto Rico,Aibonito,212,0,0,18.131361,-66.264131,72009.0,818.5328185328184,0.0,212,210,0,0,210,207,,2,0,0,2,3
2020-10-27,US,Puerto Rico,Anasco,278,0,0,18.287985,-67.120611,72011.0,950.0700591230648,0.0,278,274,0,0,274,268,,4,0,0,4,6
2020-10-27,US,Puerto Rico,Arecibo,1083,0,0,18.406631,-66.675077,72013.0,1122.9780174201576,0.0,1083,1080,0,0,1080,1065,,3,0,0,3,15
2020-10-27,US,Puerto Rico,Arroyo,201,0,0,17.998457000000005,-66.056546,72015.0,1026.8199233716477,0.0,201,201,0,0,201,200,,0,0,0,0,1
2020-10-27,US,Puerto Rico,Barceloneta,314,0,0,18.445532999999998,-66.56053100000001,72017.0,1265.3127014829142,0.0,314,312,0,0,312,307,,2,0,0,2,5
2020-10-27,US,Puerto Rico,Barranquitas,605,0,0,18.201592,-66.30963,72019.0,1995.5142159773072,0.0,605,604,0,0,604,602,,1,0,0,1,2
2020-10-27,US,Puerto Rico,Bayamon,4853,0,0,18.34946,-66.168435,72021.0,2331.872609506237,0.0,4853,4833,0,0,4833,4790,,20,0,0,20,43
2020-10-27,US,Puerto Rico,Cabo Rojo,512,0,0,18.040993,-67.154391,72023.0,1005.5580650863167,0.0,512,504,0,0,504,501,,8,0,0,8,3
2020-10-27,US,Puerto Rico,Caguas,2183,0,0,18.211615,-66.050779,72025.0,1527.7165431476699,0.0,2183,2166,0,0,2166,2151,,17,0,0,17,15
2020-10-27,US,Puerto Rico,Camuy,375,0,0,18.418578,-66.860206,72027.0,1066.5832361557498,0.0,375,374,0,0,374,371,,1,0,0,1,3
2020-10-27,US,Puerto Rico,Canovanas,930,0,0,18.328802,-65.887612,72029.0,1951.8132975151113,0.0,930,926,0,0,926,907,,4,0,0,4,19
2020-10-27,US,Puerto Rico,Carolina,4009,0,0,18.374986,-65.95683100000001,72031.0,2268.021407316053,0.0,4009,3997,0,0,3997,3901,,12,0,0,12,96
2020-10-27,US,Puerto Rico,Catano,599,0,0,18.437269,-66.14330600000001,72033.0,2128.64250177683,0.0,599,597,0,0,597,595,,2,0,0,2,2
2020-10-27,US,Puerto Rico,Cayey,496,0,0,18.102851,-66.14914,72035.0,1030.777863214115,0.0,496,491,0,0,491,488,,5,0,0,5,3
2020-10-27,US,Puerto Rico,Ceiba,196,0,0,18.251818,-65.666416,72037.0,1437.8989069033819,0.0,196,193,0,0,193,188,,3,0,0,3,5
2020-10-27,US,Puerto Rico,Ciales,334,0,0,18.28885,-66.516475,72039.0,1778.2983707805345,0.0,334,332,0,0,332,327,,2,0,0,2,5
2020-10-27,US,Puerto Rico,Cidra,424,0,0,18.173559,-66.161179,72041.0,975.1609935602576,0.0,424,420,0,0,420,417,,4,0,0,4,3
2020-10-27,US,Puerto Rico,Coamo,392,0,0,18.097597,-66.36014,72043.0,967.6145339652447,0.0,392,392,0,0,392,390,,0,0,0,0,2
2020-10-27,US,Puerto Rico,Comerio,287,0,0,18.224687,-66.221622,72045.0,1381.26864953316,0.0,287,287,0,0,287,280,,0,0,0,0,7
2020-10-27,US,Puerto Rico,Corozal,872,0,0,18.304264,-66.327738,72047.0,2347.74648645738,0.0,872,870,0,0,870,863,,2,0,0,2,7
2020-10-27,US,Puerto Rico,Culebra,23,0,0,18.31586,-65.28813000000001,72049.0,1265.1265126512649,0.0,23,23,0,0,23,22,,0,0,0,0,1
2020-10-27,US,Puerto Rico,Dorado,1100,0,0,18.436115,-66.278669,72051.0,2882.221931088694,0.0,1100,1096,0,0,1096,1091,,4,0,0,4,5
2020-10-27,US,Puerto Rico,Fajardo,722,0,0,18.318373,-65.666866,72053.0,1951.7205957883925,0.0,722,721,0,0,721,716,,1,0,0,1,5
2020-10-27,US,Puerto Rico,Florida,387,0,0,18.373715,-66.560488,72054.0,3052.05047318612,0.0,387,386,0,0,386,382,,1,0,0,1,4
2020-10-27,US,Puerto Rico,Guanica,155,0,0,17.982429,-66.91964300000001,72055.0,797.8586503320122,0.0,155,154,0,0,154,153,,1,0,0,1,1
2020-10-27,US,Puerto Rico,Guayama,379,0,0,18.007516,-66.13390799999999,72057.0,835.5010801992858,0.0,379,377,0,0,377,375,,2,0,0,2,2
2020-10-27,US,Puerto Rico,Guayanilla,250,0,0,18.039942,-66.79186,72059.0,1158.4263935869515,0.0,250,248,0,0,248,247,,2,0,0,2,1
2020-10-27,US,Puerto Rico,Guaynabo,2261,0,0,18.345114000000002,-66.11452299999999,72061.0,2308.9334586005475,0.0,2261,2248,0,0,2248,2233,,13,0,0,13,15
2020-10-27,US,Puerto Rico,Gurabo,759,0,0,18.266461,-65.97970500000001,72063.0,1672.948489056404,0.0,759,757,0,0,757,750,,2,0,0,2,7
2020-10-27,US,Puerto Rico,Hatillo,419,0,0,18.410928,-66.79632600000001,72065.0,998.7366815245633,0.0,419,418,0,0,418,417,,1,0,0,1,1
2020-10-27,US,Puerto Rico,Hormigueros,218,0,0,18.134532,-67.113972,72067.0,1263.768115942029,0.0,218,217,0,0,217,215,,1,0,0,1,2
2020-10-27,US,Puerto Rico,Humacao,779,0,0,18.145211,-65.810174,72069.0,1332.398316970547,0.0,779,775,0,0,775,773,,4,0,0,4,2
2020-10-27,US,Puerto Rico,Isabela,369,0,0,18.44981,-67.005093,72071.0,808.6607788564792,0.0,369,362,0,0,362,359,,7,0,0,7,3
2020-10-27,US,Puerto Rico,Jayuya,284,0,0,18.211446,-66.58878,72073.0,1706.5256579738013,0.0,284,284,0,0,284,283,,0,0,0,0,1
2020-10-27,US,Puerto Rico,Juana Diaz,449,0,0,18.050764,-66.49458100000001,72075.0,561.9735409339524,0.0,449,445,0,0,445,438,,4,0,0,4,7
2020-10-27,US,Puerto Rico,Juncos,577,0,0,18.223793,-65.909109,72077.0,1432.1171506577316,0.0,577,575,0,0,575,572,,2,0,0,2,3
2020-10-27,US,Puerto Rico,Lajas,216,0,0,18.011661,-67.040585,72079.0,838.7372344969517,0.0,216,208,0,0,208,206,,8,0,0,8,2
2020-10-27,US,Puerto Rico,Lares,438,0,0,18.269035000000002,-66.867236,72081.0,1424.2512925568235,0.0,438,435,0,0,435,434,,3,0,0,3,1
2020-10-27,US,Puerto Rico,Las Marias,125,0,0,18.23679,-66.98362,72083.0,1265.0541443173768,0.0,125,125,0,0,125,121,,0,0,0,0,4
2020-10-27,US,Puerto Rico,Las Piedras,685,0,0,18.187527,-65.86946800000001,72085.0,1771.170006464124,0.0,685,682,0,0,682,677,,3,0,0,3,5
2020-10-27,US,Puerto Rico,Loiza,375,0,0,18.425688,-65.89943000000001,72087.0,1247.5049900199601,0.0,375,368,0,0,368,363,,7,0,0,7,5
2020-10-27,US,Puerto Rico,Luquillo,324,0,0,18.342114000000002,-65.72509699999999,72089.0,1614.510663743273,0.0,324,322,0,0,322,319,,2,0,0,2,3
2020-10-27,US,Puerto Rico,Manati,727,0,0,18.420473,-66.490461,72091.0,1648.0402602407453,0.0,727,725,0,0,725,724,,2,0,0,2,1
2020-10-27,US,Puerto Rico,Maricao,95,0,0,18.171795,-66.942126,72093.0,1513.7029955385597,0.0,95,94,0,0,94,94,,1,0,0,1,0
2020-10-27,US,Puerto Rico,Maunabo,174,0,0,18.017889,-65.922235,72095.0,1423.312883435583,0.0,174,174,0,0,174,174,,0,0,0,0,0
2020-10-27,US,Puerto Rico,Mayaguez,997,0,0,18.2013,-67.1452,72097.0,1119.2186798383477,0.0,997,995,0,0,995,993,,2,0,0,2,2
2020-10-27,US,Puerto Rico,Moca,447,0,0,18.377805,-67.080952,72099.0,1114.4630880849684,0.0,447,444,0,0,444,440,,3,0,0,3,4
2020-10-27,US,Puerto Rico,Morovis,605,0,0,18.316963,-66.420383,72101.0,1855.2591229684147,0.0,605,604,0,0,604,600,,1,0,0,1,4
2020-10-27,US,Puerto Rico,Naguabo,373,0,0,18.230636999999998,-65.753897,72103.0,1395.9580838323354,0.0,373,372,0,0,372,370,,1,0,0,1,2
2020-10-27,US,Puerto Rico,Naranjito,808,0,0,18.288019,-66.252703,72105.0,2657.719886849549,0.0,808,805,0,0,805,802,,3,0,0,3,3
2020-10-27,US,Puerto Rico,Orocovis,420,0,0,18.215046,-66.433604,72107.0,1793.1093369764762,0.0,420,420,0,0,420,419,,0,0,0,0,1
2020-10-27,US,Puerto Rico,Out of PR,804,0,0,0.0,0.0,72888.0,0.0,0.0,804,804,0,0,804,804,,0,0,0,0,0
2020-10-27,US,Puerto Rico,Patillas,200,0,0,18.03174,-66.012242,72109.0,1037.5058359703273,0.0,200,200,0,0,200,198,,0,0,0,0,2
2020-10-27,US,Puerto Rico,Penuelas,154,0,0,18.059645,-66.721572,72111.0,634.2146445927024,0.0,154,153,0,0,153,153,,1,0,0,1,0
2020-10-27,US,Puerto Rico,Ponce,1231,0,0,18.059498,-66.613748,72113.0,740.1083407985475,0.0,1231,1223,0,0,1223,1204,,8,0,0,8,19
2020-10-27,US,Puerto Rico,Quebradillas,271,0,0,18.439692,-66.926113,72115.0,1045.5650295150276,0.0,271,268,0,0,268,265,,3,0,0,3,3
2020-10-27,US,Puerto Rico,Rincon,236,0,0,18.335442999999998,-67.23174,72117.0,1552.6315789473686,0.0,236,236,0,0,236,235,,0,0,0,0,1
2020-10-27,US,Puerto Rico,Rio Grande,846,0,0,18.346329,-65.813742,72119.0,1557.8962875662937,0.0,846,840,0,0,840,825,,6,0,0,6,15
2020-10-27,US,Puerto Rico,Sabana Grande,238,0,0,18.08282,-66.943758,72121.0,942.014644765486,0.0,238,236,0,0,236,233,,2,0,0,2,3
2020-10-27,US,Puerto Rico,Salinas,545,0,0,18.010386999999994,-66.256592,72123.0,1753.652101164811,0.0,545,543,0,0,543,540,,2,0,0,2,3
2020-10-27,US,Puerto Rico,San German,313,0,0,18.111484,-67.03858100000001,72125.0,881.0200692431108,0.0,313,310,0,0,310,305,,3,0,0,3,5
2020-10-27,US,Puerto Rico,San Juan,10218,0,0,18.386933,-66.061128,72127.0,2584.702245741489,0.0,10218,10182,0,0,10182,10084,,36,0,0,36,98
2020-10-27,US,Puerto Rico,San Lorenzo,717,0,0,18.147987,-65.976392,72129.0,1746.310097910273,0.0,717,711,0,0,711,709,,6,0,0,6,2
2020-10-27,US,Puerto Rico,San Sebastian,726,0,0,18.328646,-66.971214,72131.0,1711.0534998821588,0.0,726,721,0,0,721,720,,5,0,0,5,1
2020-10-27,US,Puerto Rico,Santa Isabel,231,0,0,17.994525,-66.388913,72133.0,992.5238463521524,0.0,231,229,0,0,229,227,,2,0,0,2,2
2020-10-27,US,Puerto Rico,Toa Alta,1701,0,0,18.362406,-66.246616,72135.0,2296.6003294359084,0.0,1701,1692,0,0,1692,1676,,9,0,0,9,16
2020-10-27,US,Puerto Rico,Toa Baja,1934,0,0,18.431445999999998,-66.213553,72137.0,2158.2653528105434,0.0,1934,1929,0,0,1929,1914,,5,0,0,5,15
2020-10-27,US,Puerto Rico,Trujillo Alto,1530,0,0,18.336159,-65.99888399999999,72139.0,2044.3066727238715,0.0,1530,1514,0,0,1514,1492,,16,0,0,16,22
2020-10-27,US,Puerto Rico,Unassigned,1141,808,0,0.0,0.0,72999.0,0.0,70.81507449605608,333,1110,804,0,306,1099,,31,4,0,27,11
2020-10-27,US,Puerto Rico,Utuado,248,0,0,18.271214,-66.702984,72141.0,748.1371987088602,0.0,248,247,0,0,247,244,,1,0,0,1,3
2020-10-27,US,Puerto Rico,Vega Alta,971,0,0,18.409346,-66.33725,72143.0,2430.47733473505,0.0,971,969,0,0,969,962,,2,0,0,2,7
2020-10-27,US,Puerto Rico,Vega Baja,1213,0,0,18.428262,-66.397924,72145.0,2033.1199088196845,0.0,1213,1205,0,0,1205,1186,,8,0,0,8,19
2020-10-27,US,Puerto Rico,Vieques,104,0,0,18.123276,-65.44097099999999,72147.0,1118.159337705623,0.0,104,104,0,0,104,104,,0,0,0,0,0
2020-10-27,US,Puerto Rico,Villalba,229,0,0,18.127951,-66.473115,72149.0,878.3032255590074,0.0,229,214,0,0,214,209,,15,0,0,15,5
2020-10-27,US,Puerto Rico,Yabucoa,473,0,0,18.070399,-65.896289,72151.0,1246.6724651432487,0.0,473,470,0,0,470,468,,3,0,0,3,2
2020-10-27,US,Puerto Rico,Yauco,559,0,0,18.080374,-66.858814,72153.0,1329.5911328877578,0.0,559,555,0,0,555,539,,4,0,0,4,16
2020-10-27,US,Rhode Island,Bristol,498,18,0,41.71018079,-71.28652315,44001.0,1027.2489118999981,3.614457831325301,480,498,18,0,480,498,48649,0,0,0,0,0
2020-10-27,US,Rhode Island,Kent,2287,117,0,41.67106337,-71.57641596,44003.0,1392.033696102062,5.115872321818976,2170,2287,117,0,2170,2287,163861,0,0,0,0,0
2020-10-27,US,Rhode Island,Newport,631,10,0,41.5642026,-71.26569799,44005.0,768.7434516702809,1.584786053882726,621,631,10,0,621,631,82542,0,0,0,0,0
2020-10-27,US,Rhode Island,Providence,21543,930,0,41.87064746,-71.57753536,44007.0,3371.72558539185,4.3169475003481415,20613,21543,930,0,20613,21543,636084,0,0,0,0,0
2020-10-27,US,Rhode Island,Unassigned,5251,36,0,0.0,0.0,90044.0,0.0,0.6855836983431727,5215,4830,32,0,4798,3924,,421,4,0,417,906
2020-10-27,US,Rhode Island,Washington,1235,77,0,41.45961631,-71.61435303,44009.0,983.4603470380723,6.234817813765183,1158,1235,77,0,1158,1235,126179,0,0,0,0,0
2020-10-27,US,South Carolina,Abbeville,760,16,0,34.22333378,-82.46170658,45001.0,3098.626003995597,2.1052631578947367,744,754,15,0,739,747,24541,6,1,0,5,7
2020-10-27,US,South Carolina,Aiken,4989,87,0,33.54338026,-81.63645384,45003.0,2919.7293880799652,1.7438364401683704,4902,4947,87,0,4860,4934,169401,42,0,0,42,13
2020-10-27,US,South Carolina,Allendale,425,6,0,32.98837386,-81.35321066,45005.0,4891.804788213628,1.4117647058823528,419,425,6,0,419,426,8903,0,0,0,0,-1
2020-10-27,US,South Carolina,Anderson,5678,206,0,34.51828081,-82.63959517,45007.0,2803.147740400281,3.628038041563931,5472,5622,203,0,5419,5566,200482,56,3,0,53,56
2020-10-27,US,South Carolina,Bamberg,697,35,0,33.21927586,-81.05659969,45009.0,4955.211147447746,5.0215208034433285,662,693,35,0,658,692,14275,4,0,0,4,1
2020-10-27,US,South Carolina,Barnwell,872,25,0,33.26679302,-81.43584352,45011.0,4179.047253905876,2.86697247706422,847,869,25,0,844,865,21112,3,0,0,3,4
2020-10-27,US,South Carolina,Beaufort,6138,92,0,32.39226291,-80.72619758,45013.0,3194.8449422762624,1.4988595633756925,6046,6123,91,0,6032,6103,188715,15,1,0,14,20
2020-10-27,US,South Carolina,Berkeley,6113,93,0,33.20222596,-79.94654523,45015.0,2682.234420180161,1.5213479469982003,6020,6078,93,0,5985,6052,221091,35,0,0,35,26
2020-10-27,US,South Carolina,Calhoun,515,18,0,33.66926881,-80.77722168,45017.0,3538.789253074968,3.4951456310679614,497,515,18,0,497,514,14520,0,0,0,0,1
2020-10-27,US,South Carolina,Charleston,17134,277,0,32.82487866,-79.96512315,45019.0,4164.7423712828695,1.61666861211626,16857,17075,275,0,16800,17045,405905,59,2,0,57,30
2020-10-27,US,South Carolina,Cherokee,1501,52,0,35.05122251,-81.61828622,45021.0,2619.546247818499,3.46435709526982,1449,1489,52,0,1437,1459,57078,12,0,0,12,30
2020-10-27,US,South Carolina,Chester,1239,27,0,34.69249168,-81.1583216,45023.0,3842.575362858206,2.179176755447942,1212,1221,27,0,1194,1215,32251,18,0,0,18,6
2020-10-27,US,South Carolina,Chesterfield,1482,46,0,34.64137396,-80.15640140000002,45025.0,3246.4403066812706,3.10391363022942,1436,1476,43,0,1433,1474,45754,6,3,0,3,2
2020-10-27,US,South Carolina,Clarendon,1166,68,0,33.66610974,-80.21647898,45027.0,3455.326715068899,5.831903945111492,1098,1158,68,0,1090,1157,33700,8,0,0,8,1
2020-10-27,US,South Carolina,Colleton,1253,48,0,32.87582989,-80.67641292,45029.0,3325.636329856411,3.8308060654429372,1205,1245,48,0,1197,1236,37660,8,0,0,8,9
2020-10-27,US,South Carolina,Darlington,2485,67,0,34.33358335,-79.96027485,45031.0,3730.22306283587,2.6961770623742454,2418,2468,68,0,2400,2449,66802,17,-1,0,18,19
2020-10-27,US,South Carolina,Dillon,1299,48,0,34.39007791,-79.37741872,45033.0,4261.950851405886,3.6951501154734414,1251,1294,48,0,1246,1288,30599,5,0,0,5,6
2020-10-27,US,South Carolina,Dorchester,4787,100,0,33.0794369,-80.40502652,45035.0,2940.255145600059,2.088991017338625,4687,4770,100,0,4670,4756,160647,17,0,0,17,14
2020-10-27,US,South Carolina,Edgefield,918,21,0,33.77221995,-81.96231108,45037.0,3367.571533382245,2.2875816993464047,897,909,21,0,888,905,27052,9,0,0,9,4
2020-10-27,US,South Carolina,Fairfield,867,40,0,34.39287073,-81.1195624,45039.0,3879.715398040005,4.61361014994233,827,864,39,0,825,863,22402,3,1,0,2,1
2020-10-27,US,South Carolina,Florence,5582,203,0,34.02361754,-79.70189312,45041.0,4036.357588598121,3.636689358652813,5379,5552,201,0,5351,5529,138159,30,2,0,28,23
2020-10-27,US,South Carolina,Georgetown,2331,53,0,33.43443342,-79.33202141,45043.0,3718.8895979578815,2.273702273702274,2278,2305,53,0,2252,2300,62249,26,0,0,26,5
2020-10-27,US,South Carolina,Greenville,17482,343,0,34.89502264,-82.37295012,45045.0,3339.1781366155915,1.9620180757350416,17139,17349,342,0,17007,17206,514213,133,1,0,132,143
2020-10-27,US,South Carolina,Greenwood,2534,76,0,34.15272415,-82.12715789,45047.0,3578.540057335725,2.999210734017364,2458,2525,76,0,2449,2516,70741,9,0,0,9,9
2020-10-27,US,South Carolina,Hampton,763,31,0,32.77419582,-81.13845571,45049.0,3969.4100509832483,4.062909567496724,732,760,31,0,729,758,19351,3,0,0,3,2
2020-10-27,US,South Carolina,Horry,12406,227,0,33.9212828,-78.99555293,45051.0,3503.718075807513,1.8297597936482348,12179,12318,227,0,12091,12302,344147,88,0,0,88,16
2020-10-27,US,South Carolina,Jasper,919,23,0,32.43171982,-81.02487495,45053.0,3055.897316529777,2.5027203482045697,896,916,23,0,893,915,28971,3,0,0,3,1
2020-10-27,US,South Carolina,Kershaw,2459,45,0,34.33988254,-80.58763164,45055.0,3694.910670012472,1.8300122000813341,2414,2442,45,0,2397,2432,65592,17,0,0,17,10
2020-10-27,US,South Carolina,Lancaster,2559,62,0,34.68270843,-80.70513032,45057.0,2610.904787168918,2.422821414615084,2497,2537,61,0,2476,2524,95380,22,1,0,21,13
2020-10-27,US,South Carolina,Laurens,1912,61,0,34.48244419,-82.00490796,45059.0,2832.886373401686,3.1903765690376567,1851,1895,61,0,1834,1886,66994,17,0,0,17,9
2020-10-27,US,South Carolina,Lee,786,36,0,34.16393091,-80.25690731,45061.0,4670.786783931541,4.580152671755725,750,782,36,0,746,781,17142,4,0,0,4,1
2020-10-27,US,South Carolina,Lexington,8909,207,0,33.89665987,-81.27146426,45063.0,2982.092050209205,2.323493096868336,8702,8844,205,0,8639,8796,295032,65,2,0,63,48
2020-10-27,US,South Carolina,Marion,1151,40,0,34.07859748,-79.36400756,45067.0,3754.444335714519,3.475238922675934,1111,1140,40,0,1100,1115,31039,11,0,0,11,25
2020-10-27,US,South Carolina,Marlboro,1133,13,0,34.59905577,-79.67561152,45069.0,4338.004441381423,1.147396293027361,1120,1127,13,0,1114,1122,26398,6,0,0,6,5
2020-10-27,US,South Carolina,McCormick,271,7,0,33.90161443,-82.30794338,45065.0,2863.785268942196,2.5830258302583027,264,271,7,0,264,268,9410,0,0,0,0,3
2020-10-27,US,South Carolina,Newberry,1631,47,0,34.28629098,-81.59935761,45071.0,4242.9760665972935,2.881667688534641,1584,1612,46,0,1566,1608,38520,19,1,0,18,4
2020-10-27,US,South Carolina,Oconee,2444,33,0,34.75225169,-83.06742317,45073.0,3072.436074724059,1.3502454991816697,2411,2439,33,0,2406,2428,78374,5,0,0,5,11
2020-10-27,US,South Carolina,Orangeburg,3346,131,0,33.4391073,-80.79886287,45075.0,3882.796634754861,3.915122534369397,3215,3333,130,0,3203,3326,86934,13,1,0,12,7
2020-10-27,US,South Carolina,Pickens,4406,61,0,34.88807695,-82.72791551,45077.0,3472.463037104757,1.3844757149341806,4345,4352,60,0,4292,4291,124937,54,1,0,53,61
2020-10-27,US,South Carolina,Richland,17182,269,0,34.01791263,-80.90267209,45079.0,4132.682635853944,1.5655918984984285,16913,17107,270,0,16837,17064,414576,75,-1,0,76,43
2020-10-27,US,South Carolina,Saluda,723,22,0,34.00795823,-81.72713237,45081.0,3531.4804864944067,3.0428769017980635,701,717,22,0,695,715,20544,6,0,0,6,2
2020-10-27,US,South Carolina,Spartanburg,8922,223,0,34.92960077,-81.99225984,45083.0,2789.999530934847,2.499439587536427,8699,8868,222,0,8646,8795,313888,54,1,0,53,73
2020-10-27,US,South Carolina,Sumter,3548,88,0,33.91826534,-80.37942316,45085.0,3324.5565540053035,2.480270574971815,3460,3523,88,0,3435,3510,106512,25,0,0,25,13
2020-10-27,US,South Carolina,Union,746,16,0,34.68835752,-81.61730349,45087.0,2731.000146434324,2.1447721179624666,730,740,16,0,724,738,27410,6,0,0,6,2
2020-10-27,US,South Carolina,Williamsburg,1445,50,0,33.62190129,-79.72767442,45089.0,4758.298208640675,3.460207612456748,1395,1440,50,0,1390,1438,30606,5,0,0,5,2
2020-10-27,US,South Carolina,York,6671,103,0,34.97281497,-81.18085944,45091.0,2374.1987835389828,1.54399640233848,6568,6612,103,0,6509,6569,274118,59,0,0,59,43
2020-10-27,US,South Dakota,Aurora,166,0,0,43.71757685,-98.56050467,46003.0,6034.169392948019,0.0,166,165,0,0,165,165,2801,1,0,0,1,0
2020-10-27,US,South Dakota,Beadle,1212,13,0,44.41464384,-98.27858469,46005.0,6568.0377174443165,1.0726072607260726,1199,1210,13,0,1197,1199,18883,2,0,0,2,11
2020-10-27,US,South Dakota,Bennett,173,5,0,43.19486375,-101.6665572,46007.0,5141.158989598811,2.8901734104046244,168,157,5,0,152,156,3468,16,0,0,16,1
2020-10-27,US,South Dakota,Bon Homme,882,1,0,42.98914167,-97.88592746,46009.0,12780.756412114188,0.11337868480725626,881,773,1,0,772,633,6980,109,0,0,109,140
2020-10-27,US,South Dakota,Brookings,1413,4,0,44.36974375,-96.79079945,46011.0,4028.280639735439,0.28308563340410475,1409,1390,4,0,1386,1380,35232,23,0,0,23,10
2020-10-27,US,South Dakota,Brown,1983,4,0,45.58994323,-98.35165355,46013.0,5105.692731532738,0.20171457387796268,1979,1960,4,0,1956,1941,39316,23,0,0,23,19
2020-10-27,US,South Dakota,Brule,275,2,0,43.71756379,-99.08118954,46015.0,5191.617896922787,0.7272727272727273,273,266,2,0,264,261,5229,9,0,0,9,5
2020-10-27,US,South Dakota,Buffalo,238,4,0,44.07657829,-99.20814467,46017.0,12130.479102956167,1.680672268907563,234,235,4,0,231,237,2036,3,0,0,3,-2
2020-10-27,US,South Dakota,Butte,315,3,0,44.90608745,-103.5079318,46019.0,3020.4238181992523,0.9523809523809524,312,309,3,0,306,304,10222,6,0,0,6,5
2020-10-27,US,South Dakota,Campbell,74,0,0,45.77074915,-100.0510181,46021.0,5377.906976744186,0.0,74,74,0,0,74,74,1377,0,0,0,0,0
2020-10-27,US,South Dakota,Charles Mix,376,0,0,43.20660134,-98.58856175,46023.0,4046.491605682307,0.0,376,371,0,0,371,365,9338,5,0,0,5,6
2020-10-27,US,South Dakota,Clark,102,0,0,44.85834507,-97.72925109,46025.0,2730.192719486081,0.0,102,100,0,0,100,101,3739,2,0,0,2,-1
2020-10-27,US,South Dakota,Clay,801,8,0,42.91296147,-96.97656917,46027.0,5692.963752665245,0.9987515605493134,793,788,8,0,780,784,14041,13,0,0,13,4
2020-10-27,US,South Dakota,Codington,1443,10,0,44.97788119,-97.18827677,46029.0,5151.915455746367,0.693000693000693,1433,1432,10,0,1422,1419,28015,11,0,0,11,13
2020-10-27,US,South Dakota,Corson,173,1,0,45.70889983,-101.1970473,46031.0,4233.969652471855,0.5780346820809249,172,170,1,0,169,166,4165,3,0,0,3,4
2020-10-27,US,South Dakota,Custer,308,3,0,43.67741105,-103.45345209999999,46033.0,3432.9023629068215,0.9740259740259741,305,306,3,0,303,303,8726,2,0,0,2,3
2020-10-27,US,South Dakota,Davison,873,8,0,43.67490933,-98.14458906,46035.0,4414.664981036663,0.9163802978235968,865,863,8,0,855,847,19790,10,0,0,10,16
2020-10-27,US,South Dakota,Day,156,2,0,45.367281,-97.60737498,46037.0,2876.106194690265,1.2820512820512822,154,155,2,0,153,154,5505,1,0,0,1,1
2020-10-27,US,South Dakota,Deuel,182,0,0,44.75994309,-96.66943645,46039.0,4182.946449092163,0.0,182,177,0,0,177,177,4337,5,0,0,5,0
2020-10-27,US,South Dakota,Dewey,308,0,0,45.15639647,-100.8709139,46041.0,5227.427019687711,0.0,308,298,0,0,298,298,5904,10,0,0,10,0
2020-10-27,US,South Dakota,Douglas,161,4,0,43.38520741,-98.36978007,46043.0,5511.811023622047,2.4844720496894412,157,160,4,0,156,159,2935,1,0,0,1,1
2020-10-27,US,South Dakota,Edmunds,139,1,0,45.41846445,-99.21545423,46045.0,3630.19065030034,0.7194244604316546,138,136,1,0,135,136,3875,3,0,0,3,0
2020-10-27,US,South Dakota,Fall River,192,6,0,43.23929297,-103.5275691,46047.0,2860.122151050201,3.125,186,192,6,0,186,190,6758,0,0,0,0,2
2020-10-27,US,South Dakota,Faulk,203,1,0,45.07082625,-99.14535601,46049.0,8829.926054806438,0.4926108374384237,202,202,1,0,201,201,2330,1,0,0,1,1
2020-10-27,US,South Dakota,Grant,290,2,0,45.1723937,-96.77002276,46051.0,4112.3085649461145,0.6896551724137931,288,290,2,0,288,290,7147,0,0,0,0,0
2020-10-27,US,South Dakota,Gregory,213,10,0,43.19419064,-99.18883902,46053.0,5089.605734767025,4.694835680751174,203,211,10,0,201,208,4212,2,0,0,2,3
2020-10-27,US,South Dakota,Haakon,87,1,0,44.29299053,-101.539099,46055.0,4581.358609794629,1.1494252873563218,86,87,1,0,86,86,1918,0,0,0,0,1
2020-10-27,US,South Dakota,Hamlin,192,0,0,44.67385954,-97.18829593,46057.0,3114.860480207657,0.0,192,191,0,0,191,187,6111,1,0,0,1,4
2020-10-27,US,South Dakota,Hand,119,1,0,44.54708407,-99.00386459,46059.0,3729.2384832340963,0.8403361344537815,118,118,1,0,117,113,3262,1,0,0,1,5
2020-10-27,US,South Dakota,Hanson,89,1,0,43.6746384,-97.78715148,46061.0,2577.468867651318,1.1235955056179776,88,88,1,0,87,85,3376,1,0,0,1,3
2020-10-27,US,South Dakota,Harding,46,0,0,45.58015551,-103.4958629,46063.0,3543.9137134052394,0.0,46,46,0,0,46,46,1249,0,0,0,0,0
2020-10-27,US,South Dakota,Hughes,843,6,0,44.39091534,-99.99661148,46065.0,4809.996576514892,0.7117437722419929,837,837,6,0,831,827,17650,6,0,0,6,10
2020-10-27,US,South Dakota,Hutchinson,221,2,0,43.33449012,-97.75536441,46067.0,3031.134275133726,0.9049773755656108,219,215,2,0,213,212,7380,6,0,0,6,3
2020-10-27,US,South Dakota,Hyde,39,0,0,44.54747703,-99.48572582,46069.0,2997.694081475788,0.0,39,39,0,0,39,38,1282,0,0,0,0,1
2020-10-27,US,South Dakota,Jackson,115,1,0,43.69318385,-101.6255063,46071.0,3438.9952153110053,0.8695652173913043,114,113,1,0,112,109,3307,2,0,0,2,4
2020-10-27,US,South Dakota,Jerauld,155,12,0,44.06637798,-98.62965972,46073.0,7699.9503229011425,7.741935483870968,143,155,12,0,143,155,2043,0,0,0,0,0
2020-10-27,US,South Dakota,Jones,32,0,0,43.96278565,-100.6940008,46075.0,3543.7430786268,0.0,32,31,0,0,31,31,928,1,0,0,1,0
2020-10-27,US,South Dakota,Kingsbury,176,2,0,44.36956169,-97.4913945,46077.0,3563.47438752784,1.1363636363636365,174,169,2,0,167,169,4919,7,0,0,7,0
2020-10-27,US,South Dakota,Lake,362,8,0,44.02193107,-97.12926365,46079.0,2828.787997186841,2.209944751381216,354,352,8,0,344,347,13057,10,0,0,10,5
2020-10-27,US,South Dakota,Lawrence,849,6,0,44.35919441,-103.79294279999999,46081.0,3285.0951865036373,0.7067137809187279,843,848,6,0,842,836,25741,1,0,0,1,12
2020-10-27,US,South Dakota,Lincoln,2661,18,0,43.27841182,-96.72039050000001,46083.0,4353.160581075776,0.6764374295377678,2643,2623,18,0,2605,2584,58807,38,0,0,38,39
2020-10-27,US,South Dakota,Lyman,257,5,0,43.89522709,-99.85201878,46085.0,6797.143612800846,1.9455252918287935,252,251,5,0,246,247,3821,6,0,0,6,4
2020-10-27,US,South Dakota,Marshall,64,1,0,45.75870838,-97.59855639,46091.0,1296.8591691995948,1.5625,63,63,1,0,62,62,5112,1,0,0,1,1
2020-10-27,US,South Dakota,McCook,225,1,0,43.6742571,-97.36863144,46087.0,4027.926960257787,0.4444444444444444,224,223,1,0,222,220,5546,2,0,0,2,3
2020-10-27,US,South Dakota,McPherson,67,0,0,45.76626028,-99.22118798,46089.0,2816.3093736864225,0.0,67,66,0,0,66,64,2407,1,0,0,1,2
2020-10-27,US,South Dakota,Meade,916,10,0,44.56676791,-102.71627409999999,46093.0,3233.093322038684,1.091703056768559,906,906,10,0,896,900,28294,10,0,0,10,6
2020-10-27,US,South Dakota,Mellette,71,1,0,43.58078848,-100.7563186,46095.0,3444.9296458030076,1.4084507042253518,70,72,1,0,71,71,2042,-1,0,0,-1,1
2020-10-27,US,South Dakota,Miner,137,1,0,44.02197882,-97.60992207,46097.0,6182.3104693140795,0.7299270072992701,136,137,1,0,136,137,2213,0,0,0,0,0
2020-10-27,US,South Dakota,Minnehaha,10997,106,0,43.67441641,-96.7910885,46099.0,5693.974131949838,0.9638992452487042,10891,10492,106,0,10386,10411,192876,505,0,0,505,81
2020-10-27,US,South Dakota,Moody,210,2,0,44.02266214,-96.67081159,46101.0,3193.4306569343066,0.9523809523809524,208,207,2,0,205,203,6579,3,0,0,3,4
2020-10-27,US,South Dakota,Oglala Lakota,878,5,0,43.33749164,-102.55554980000001,46102.0,6193.129717147493,0.5694760820045558,873,855,5,0,850,832,14309,23,0,0,23,23
2020-10-27,US,South Dakota,Pennington,4239,49,0,44.0025835,-102.8240777,46103.0,3725.774555042848,1.155933003066761,4190,4183,49,0,4134,4136,111729,56,0,0,56,47
2020-10-27,US,South Dakota,Perkins,74,0,0,45.49049506,-102.47555859999999,46105.0,2582.897033158813,0.0,74,74,0,0,74,74,2922,0,0,0,0,0
2020-10-27,US,South Dakota,Potter,99,0,0,45.06583079,-99.95498503,46107.0,4598.235020901068,0.0,99,99,0,0,99,99,2207,0,0,0,0,0
2020-10-27,US,South Dakota,Roberts,336,4,0,45.62975048,-96.94672673,46109.0,3232.6342120454105,1.1904761904761905,332,333,4,0,329,330,10447,3,0,0,3,3
2020-10-27,US,South Dakota,Sanborn,91,0,0,44.02351092,-98.09098159999999,46111.0,3882.2525597269623,0.0,91,88,0,0,88,86,2429,3,0,0,3,2
2020-10-27,US,South Dakota,Spink,262,1,0,44.93837606,-98.34626602,46115.0,4109.1593475533255,0.3816793893129771,261,259,1,0,258,253,6495,3,0,0,3,6
2020-10-27,US,South Dakota,Stanley,90,0,0,44.41381872,-100.7349153,46117.0,2905.1000645577788,0.0,90,90,0,0,90,90,3022,0,0,0,0,0
2020-10-27,US,South Dakota,Sully,41,0,0,44.71571812,-100.1278092,46119.0,2947.519769949677,0.0,41,41,0,0,41,41,1392,0,0,0,0,0
2020-10-27,US,South Dakota,Todd,435,6,0,43.19338568,-100.71955030000001,46121.0,4274.344109265991,1.3793103448275863,429,420,6,0,414,418,10283,15,0,0,15,2
2020-10-27,US,South Dakota,Tripp,262,2,0,43.34459388,-99.8854891,46123.0,4815.2913067450845,0.7633587786259542,260,259,2,0,257,258,5478,3,0,0,3,1
2020-10-27,US,South Dakota,Turner,453,11,0,43.3109081,-97.14865776,46125.0,5403.1488549618325,2.428256070640177,442,451,11,0,440,446,8424,2,0,0,2,5
2020-10-27,US,South Dakota,Union,732,11,0,42.83112163,-96.6557828,46127.0,4594.526738639217,1.5027322404371584,721,725,11,0,714,719,15619,7,0,0,7,6
2020-10-27,US,South Dakota,Walworth,267,2,0,45.43019636,-100.03075140000001,46129.0,4912.603495860166,0.7490636704119851,265,266,2,0,264,265,5587,1,0,0,1,1
2020-10-27,US,South Dakota,Yankton,801,5,0,43.00924485,-97.39467635,46135.0,3511.002016305777,0.6242197253433208,796,792,5,0,787,781,22869,9,0,0,9,11
2020-10-27,US,South Dakota,Ziebach,89,2,0,44.97881876,-101.6654622,46137.0,3229.317851959361,2.247191011235955,87,87,2,0,85,87,2742,2,0,0,2,0
2020-10-27,US,Tennessee,Anderson,1727,14,0,36.12684348,-84.19965764,47001.0,2243.498142326379,0.8106543138390272,1713,1697,13,0,1684,1688,76482,30,1,0,29,9
2020-10-27,US,Tennessee,Bedford,1753,20,0,35.51123746,-86.45549096,47003.0,3526.240621165489,1.1409013120365088,1733,1745,20,0,1725,1709,49038,8,0,0,8,36
2020-10-27,US,Tennessee,Benton,426,9,0,36.07110411,-88.06849355,47005.0,2636.138613861386,2.112676056338028,417,421,9,0,412,419,16184,5,0,0,5,2
2020-10-27,US,Tennessee,Bledsoe,1026,4,0,35.59942968,-85.20611967,47007.0,6810.939989378651,0.3898635477582846,1022,1026,4,0,1022,1017,14755,0,0,0,0,9
2020-10-27,US,Tennessee,Blount,3404,36,0,35.68938198,-83.92847788,47009.0,2557.706179370041,1.0575793184488838,3368,3374,36,0,3338,3343,131349,30,0,0,30,31
2020-10-27,US,Tennessee,Bradley,3641,23,0,35.15739424,-84.857186,47011.0,3367.866062343909,0.6316945893985169,3618,3619,23,0,3596,3587,106727,22,0,0,22,32
2020-10-27,US,Tennessee,Campbell,1044,12,0,36.40355516,-84.15108559999999,47013.0,2620.3503840168664,1.1494252873563218,1032,1035,12,0,1023,1030,39583,9,0,0,9,5
2020-10-27,US,Tennessee,Cannon,427,2,0,35.80990797,-86.05738983,47015.0,2909.1156833356044,0.468384074941452,425,421,2,0,419,415,14462,6,0,0,6,6
2020-10-27,US,Tennessee,Carroll,1158,26,0,35.97366108,-88.45189331,47017.0,4170.4181222314255,2.245250431778929,1132,1153,26,0,1127,1148,28020,5,0,0,5,5
2020-10-27,US,Tennessee,Carter,1598,34,0,36.28969086,-82.12588974,47019.0,2833.785533152453,2.127659574468085,1564,1583,34,0,1549,1556,56351,15,0,0,15,27
2020-10-27,US,Tennessee,Cheatham,1079,12,0,36.26136216,-87.08903581,47021.0,2653.256940516881,1.1121408711770158,1067,1069,11,0,1058,1060,40439,10,1,0,9,9
2020-10-27,US,Tennessee,Chester,735,15,0,35.42527478,-88.6095842,47023.0,4249.291784702549,2.0408163265306123,720,733,14,0,719,732,17276,2,1,0,1,1
2020-10-27,US,Tennessee,Claiborne,534,6,0,36.48319149,-83.65947309,47025.0,1670.8908288744956,1.1235955056179776,528,528,6,0,522,526,31756,6,0,0,6,2
2020-10-27,US,Tennessee,Clay,410,15,0,36.55151008,-85.53930419,47027.0,5384.110308601445,3.6585365853658534,395,406,15,0,391,406,7717,4,0,0,4,0
2020-10-27,US,Tennessee,Cocke,1097,14,0,35.9278914,-83.11828725,47029.0,3046.883679591157,1.276207839562443,1083,1080,14,0,1066,1058,35774,17,0,0,17,22
2020-10-27,US,Tennessee,Coffee,1943,26,0,35.49090731,-86.07311784,47031.0,3437.721160651097,1.3381369016984046,1917,1923,25,0,1898,1894,55700,20,1,0,19,29
2020-10-27,US,Tennessee,Crockett,876,20,0,35.81830662,-89.14916269,47033.0,6156.008432888264,2.2831050228310503,856,870,20,0,850,868,14328,6,0,0,6,2
2020-10-27,US,Tennessee,Cumberland,1623,27,0,35.95271721,-84.99840585,47035.0,2681.7580964970252,1.6635859519408502,1596,1613,27,0,1586,1610,59673,10,0,0,10,3
2020-10-27,US,Tennessee,Davidson,32175,341,0,36.17007426,-86.78646056,47037.0,4635.205375253549,1.0598290598290598,31834,31975,343,0,31632,31748,692587,200,-2,0,202,227
2020-10-27,US,Tennessee,DeKalb,751,17,0,35.97616272,-85.83689361,47041.0,3665.2025378233284,2.2636484687083893,734,737,17,0,720,732,20138,14,0,0,14,5
2020-10-27,US,Tennessee,Decatur,667,11,0,35.60048904,-88.11043779,47039.0,5718.9402383606275,1.6491754122938531,656,663,11,0,652,663,11706,4,0,0,4,0
2020-10-27,US,Tennessee,Dickson,1722,19,0,36.14669837,-87.35891709,47043.0,3191.962630681397,1.1033681765389085,1703,1707,19,0,1688,1691,53446,15,0,0,15,16
2020-10-27,US,Tennessee,Dyer,2285,35,0,36.05931946,-89.41542855,47045.0,6149.250518044081,1.5317286652078774,2250,2247,32,0,2215,2237,37320,38,3,0,35,10
2020-10-27,US,Tennessee,Fayette,1708,25,0,35.19615831,-89.41399032,47047.0,4152.383730824399,1.4637002341920375,1683,1698,25,0,1673,1692,40507,10,0,0,10,6
2020-10-27,US,Tennessee,Fentress,926,11,0,36.38128818,-84.92870012,47049.0,4999.190195972575,1.1879049676025921,915,918,11,0,907,916,18217,8,0,0,8,2
2020-10-27,US,Tennessee,Franklin,1305,22,0,35.15634626,-86.09201039,47051.0,3091.83093252464,1.685823754789272,1283,1302,20,0,1282,1295,41890,3,2,0,1,7
2020-10-27,US,Tennessee,Gibson,2192,49,0,35.99438059,-88.93358327,47053.0,4461.3599820894315,2.2354014598540144,2143,2172,44,0,2128,2162,49045,20,5,0,15,10
2020-10-27,US,Tennessee,Giles,986,36,0,35.20222469,-87.03992678,47055.0,3346.4566929133857,3.6511156186612577,950,983,36,0,947,969,29503,3,0,0,3,14
2020-10-27,US,Tennessee,Grainger,617,4,0,36.27469206,-83.51254721,47057.0,2645.7975986277875,0.6482982171799028,613,612,4,0,608,611,23145,5,0,0,5,1
2020-10-27,US,Tennessee,Greene,1821,54,0,36.17470125,-82.84691273,47059.0,2636.4939408417667,2.9654036243822075,1767,1812,52,0,1760,1750,69087,9,2,0,7,62
2020-10-27,US,Tennessee,Grundy,578,11,0,35.38433717,-85.72142731,47061.0,4304.759067550458,1.9031141868512111,567,575,11,0,564,570,13346,3,0,0,3,5
2020-10-27,US,Tennessee,Hamblen,2495,48,0,36.21990035,-83.26586179,47063.0,3842.363014753442,1.9238476953907813,2447,2475,48,0,2427,2464,64569,20,0,0,20,11
2020-10-27,US,Tennessee,Hamilton,11952,110,0,35.17670231,-85.16652245,47065.0,3249.5568291807595,0.9203480589022758,11842,11867,109,0,11758,11758,364286,85,1,0,84,109
2020-10-27,US,Tennessee,Hancock,121,3,0,36.52692871,-83.22375847,47067.0,1827.7945619335349,2.479338842975207,118,121,3,0,118,119,6549,0,0,0,0,2
2020-10-27,US,Tennessee,Hardeman,1909,33,0,35.20772017,-88.99161161,47069.0,7620.758483033932,1.7286537454164483,1876,1905,33,0,1872,1898,25220,4,0,0,4,7
2020-10-27,US,Tennessee,Hardin,1416,22,0,35.19732531,-88.18593755,47071.0,5520.037423982535,1.5536723163841808,1394,1404,20,0,1384,1397,25776,12,2,0,10,7
2020-10-27,US,Tennessee,Hawkins,1232,25,0,36.44355426,-82.94885298,47073.0,2169.5488324587045,2.029220779220779,1207,1226,25,0,1201,1209,56530,6,0,0,6,17
2020-10-27,US,Tennessee,Haywood,1305,28,0,35.58332824,-89.28536625,47075.0,7541.6088765603345,2.1455938697318007,1277,1297,28,0,1269,1295,17335,8,0,0,8,2
2020-10-27,US,Tennessee,Henderson,1426,26,0,35.65581134,-88.38600175,47077.0,5071.664829106946,1.82328190743338,1400,1421,26,0,1395,1416,27847,5,0,0,5,5
2020-10-27,US,Tennessee,Henry,809,12,0,36.33160906,-88.30121797,47079.0,2501.1593754830733,1.4833127317676142,797,802,11,0,791,796,32358,7,1,0,6,6
2020-10-27,US,Tennessee,Hickman,810,15,0,35.80609681,-87.47643507,47081.0,3217.094288664707,1.851851851851852,795,810,15,0,795,803,25063,0,0,0,0,7
2020-10-27,US,Tennessee,Houston,425,17,0,36.28872054,-87.71878828,47083.0,5182.294842092428,4.0,408,423,17,0,406,420,8263,2,0,0,2,3
2020-10-27,US,Tennessee,Humphreys,457,4,0,36.03958805,-87.77992872,47085.0,2459.369282100958,0.8752735229759301,453,458,4,0,454,450,18486,-1,0,0,-1,8
2020-10-27,US,Tennessee,Jackson,459,6,0,36.36380466,-85.67239905,47087.0,3894.451043611064,1.30718954248366,453,453,5,0,448,452,11758,6,1,0,5,1
2020-10-27,US,Tennessee,Jefferson,1575,22,0,36.04818632,-83.45148924,47089.0,2890.173410404624,1.3968253968253967,1553,1564,21,0,1543,1555,54012,11,1,0,10,9
2020-10-27,US,Tennessee,Johnson,1166,7,0,36.45523950000001,-81.84886538,47091.0,6554.980885990555,0.6003430531732419,1159,1157,7,0,1150,1150,17778,9,0,0,9,7
2020-10-27,US,Tennessee,Knox,12956,92,0,35.99508821,-83.94635435,47093.0,2754.7611909515576,0.7100957085520222,12864,12848,91,0,12757,12738,465289,108,1,0,107,110
2020-10-27,US,Tennessee,Lake,988,3,0,36.34180170000001,-89.48921915,47095.0,14082.098061573544,0.30364372469635625,985,987,3,0,984,985,7411,1,0,0,1,2
2020-10-27,US,Tennessee,Lauderdale,1451,17,0,35.75893438,-89.63015909999999,47097.0,5660.671790270355,1.171605789110958,1434,1441,17,0,1424,1436,25825,10,0,0,10,5
2020-10-27,US,Tennessee,Lawrence,1665,20,0,35.21675201,-87.39787695,47099.0,3771.917901318472,1.2012012012012012,1645,1645,20,0,1625,1618,43734,20,0,0,20,27
2020-10-27,US,Tennessee,Lewis,422,5,0,35.52853208,-87.49022694,47101.0,3439.8434952722528,1.1848341232227488,417,418,5,0,413,403,12086,4,0,0,4,15
2020-10-27,US,Tennessee,Lincoln,925,3,0,35.13738622,-86.58910106,47103.0,2691.6138043415003,0.32432432432432434,922,917,3,0,914,897,34117,8,0,0,8,20
2020-10-27,US,Tennessee,Loudon,1653,11,0,35.73939663,-84.31145275,47105.0,3057.2612266035358,0.6654567453115547,1642,1643,11,0,1632,1623,53054,10,0,0,10,20
2020-10-27,US,Tennessee,Macon,1357,25,0,36.53157855,-86.00778595,47111.0,5515.811722624178,1.842299189388357,1332,1348,25,0,1323,1343,24265,9,0,0,9,5
2020-10-27,US,Tennessee,Madison,3851,80,0,35.61181957,-88.84076036,47113.0,3930.233507511431,2.077382498052454,3771,3814,79,0,3735,3780,97605,37,1,0,36,34
2020-10-27,US,Tennessee,Marion,794,10,0,35.12997174,-85.62265895,47115.0,2746.739544055073,1.2594458438287153,784,783,9,0,774,773,28575,11,1,0,10,10
2020-10-27,US,Tennessee,Marshall,1156,11,0,35.45798777,-86.76420988,47117.0,3362.909090909091,0.9515570934256056,1145,1157,10,0,1147,1138,33683,-1,1,0,-2,19
2020-10-27,US,Tennessee,Maury,3407,38,0,35.618741299999996,-87.07462444,47119.0,3534.709037525808,1.1153507484590548,3369,3389,38,0,3351,3307,94340,18,0,0,18,82
2020-10-27,US,Tennessee,McMinn,1673,37,0,35.42812616,-84.61520715,47107.0,3110.0122690262856,2.2115959354453083,1636,1659,37,0,1622,1640,53285,14,0,0,14,19
2020-10-27,US,Tennessee,McNairy,1144,28,0,35.17468549,-88.5647812,47109.0,4452.401338833969,2.4475524475524475,1116,1134,27,0,1107,1129,25832,10,1,0,9,5
2020-10-27,US,Tennessee,Meigs,330,6,0,35.51558739,-84.81482914,47121.0,2656.577040734181,1.818181818181818,324,329,6,0,323,327,12306,1,0,0,1,2
2020-10-27,US,Tennessee,Monroe,1486,29,0,35.44550387,-84.24902965,47123.0,3192.6093028252226,1.9515477792732168,1457,1472,28,0,1444,1462,46357,14,1,0,13,10
2020-10-27,US,Tennessee,Montgomery,4275,58,0,36.49609412,-87.38550661,47125.0,2045.5230557961272,1.3567251461988303,4217,4240,57,0,4183,4217,205950,35,1,0,34,23
2020-10-27,US,Tennessee,Moore,271,2,0,35.27724699,-86.36230578,47127.0,4176.942046855735,0.7380073800738007,269,272,2,0,270,269,6411,-1,0,0,-1,3
2020-10-27,US,Tennessee,Morgan,444,7,0,36.13248031,-84.64880098,47129.0,2074.4755408120363,1.576576576576577,437,443,7,0,436,443,21579,1,0,0,1,0
2020-10-27,US,Tennessee,Obion,1811,23,0,36.35732446,-89.14921589,47131.0,6022.81419402042,1.2700165654334619,1788,1795,22,0,1773,1788,30267,16,1,0,15,7
2020-10-27,US,Tennessee,Out of TN,4171,34,0,0.0,0.0,80047.0,0.0,0.8151522416686646,4137,4151,36,0,4115,4079,,20,-2,0,22,72
2020-10-27,US,Tennessee,Overton,1232,18,0,36.34117832,-85.28989535,47133.0,5539.319275212445,1.4610389610389611,1214,1229,17,0,1212,1227,22068,3,1,0,2,2
2020-10-27,US,Tennessee,Perry,329,5,0,35.63708728,-87.86139634,47135.0,4073.798910351659,1.5197568389057752,324,308,2,0,306,308,8064,21,3,0,18,0
2020-10-27,US,Tennessee,Pickett,276,9,0,36.55606529,-85.07763299999998,47137.0,5467.511885895404,3.260869565217391,267,274,8,0,266,274,5082,2,1,0,1,0
2020-10-27,US,Tennessee,Polk,527,13,0,35.12245443,-84.52075859,47139.0,3130.941064638783,2.4667931688804554,514,517,13,0,504,511,16898,10,0,0,10,6
2020-10-27,US,Tennessee,Putnam,4499,57,0,36.14005459,-85.50646123,47141.0,5606.579849211789,1.266948210713492,4442,4456,57,0,4399,4440,78843,43,0,0,43,16
2020-10-27,US,Tennessee,Rhea,1130,18,0,35.60536161,-84.93076643,47143.0,3407.0009346639727,1.5929203539823011,1112,1124,18,0,1106,1111,33044,6,0,0,6,13
2020-10-27,US,Tennessee,Roane,1346,7,0,35.84923189,-84.52458689,47145.0,2521.4491776254167,0.5200594353640416,1339,1321,7,0,1314,1302,53140,25,0,0,25,19
2020-10-27,US,Tennessee,Robertson,2640,44,0,36.52454807,-86.87346725,47147.0,3676.214612953087,1.6666666666666667,2596,2628,42,0,2586,2614,71012,12,2,0,10,14
2020-10-27,US,Tennessee,Rutherford,12143,115,0,35.84591405,-86.4107263,47149.0,3654.3930661931777,0.9470476817919791,12028,12017,115,0,11902,11893,324890,126,0,0,126,124
2020-10-27,US,Tennessee,Scott,394,5,0,36.42325673,-84.50360494,47151.0,1785.3906108392239,1.269035532994924,389,386,5,0,381,384,22039,8,0,0,8,2
2020-10-27,US,Tennessee,Sequatchie,357,2,0,35.36979721,-85.41022136,47153.0,2375.881804871556,0.5602240896358543,355,347,2,0,345,346,14876,10,0,0,10,1
2020-10-27,US,Tennessee,Sevier,3408,23,0,35.78077323,-83.52244332,47155.0,3468.702290076336,0.6748826291079812,3385,3364,23,0,3341,3351,97892,44,0,0,44,13
2020-10-27,US,Tennessee,Shelby,36855,568,0,35.1864775,-89.89692423,47157.0,3932.6010546690773,1.5411748745082081,36287,36685,565,0,36120,36376,935764,170,3,0,167,309
2020-10-27,US,Tennessee,Smith,1005,14,0,36.25359775,-85.95411046,47159.0,4985.860991218931,1.3930348258706469,991,994,13,0,981,991,19942,11,1,0,10,3
2020-10-27,US,Tennessee,Stewart,338,11,0,36.50235092,-87.83920548,47161.0,2464.454976303317,3.2544378698224854,327,336,11,0,325,331,13561,2,0,0,2,5
2020-10-27,US,Tennessee,Sullivan,3846,48,0,36.51240691,-82.30412917,47163.0,2428.8276454391594,1.24804992199688,3798,3819,46,0,3773,3763,157668,27,2,0,25,56
2020-10-27,US,Tennessee,Sumner,6230,112,0,36.46824103,-86.45917204,47165.0,3256.9543555883174,1.7977528089887642,6118,6184,112,0,6072,6114,187149,46,0,0,46,70
2020-10-27,US,Tennessee,Tipton,2406,23,0,35.501942,-89.73694895,47167.0,3905.907563434471,0.9559434746467166,2383,2381,23,0,2358,2367,61581,25,0,0,25,14
2020-10-27,US,Tennessee,Trousdale,1777,8,0,36.39026213,-86.16087954,47169.0,15747.961715703652,0.4501969611705121,1769,1776,8,0,1768,1775,11012,1,0,0,1,1
2020-10-27,US,Tennessee,Unassigned,2330,6,0,0.0,0.0,90047.0,0.0,0.2575107296137339,2324,2261,5,0,2256,2206,,69,1,0,68,55
2020-10-27,US,Tennessee,Unicoi,445,3,0,36.10890856,-82.43709629,47171.0,2488.3968014315274,0.6741573033707865,442,433,3,0,430,418,17761,12,0,0,12,15
2020-10-27,US,Tennessee,Union,549,3,0,36.28590426,-83.83651902,47173.0,2748.84838774284,0.5464480874316939,546,546,3,0,543,543,19688,3,0,0,3,3
2020-10-27,US,Tennessee,Van Buren,210,2,0,35.69864497,-85.45221699,47175.0,3576.294277929155,0.9523809523809524,208,208,1,0,207,207,5765,2,1,0,1,1
2020-10-27,US,Tennessee,Warren,1461,10,0,35.672829899999996,-85.77969117,47177.0,3539.501417254161,0.6844626967830253,1451,1449,10,0,1439,1439,40878,12,0,0,12,10
2020-10-27,US,Tennessee,Washington,3615,53,0,36.29472368,-82.49454720000001,47179.0,2794.2028985507245,1.466113416320885,3562,3569,51,0,3518,3476,128607,46,2,0,44,93
2020-10-27,US,Tennessee,Wayne,1606,7,0,35.23868267,-87.78644456,47181.0,9632.339710909855,0.4358655043586551,1599,1604,7,0,1597,1600,16558,2,0,0,2,4
2020-10-27,US,Tennessee,Weakley,1579,26,0,36.29896232,-88.71990865,47183.0,4737.7580412866055,1.6466117796073465,1553,1573,26,0,1547,1561,33415,6,0,0,6,12
2020-10-27,US,Tennessee,White,1200,14,0,35.92929884,-85.45591799,47185.0,4388.370817334065,1.1666666666666667,1186,1194,14,0,1180,1188,27107,6,0,0,6,6
2020-10-27,US,Tennessee,Williamson,7235,56,0,35.89099229,-86.89281867,47187.0,3034.6626847641896,0.7740152038700759,7179,7187,56,0,7131,7102,231729,48,0,0,48,85
2020-10-27,US,Tennessee,Wilson,4785,60,0,36.15496772,-86.29775884,47189.0,3307.8247163981005,1.2539184952978055,4725,4731,59,0,4672,4690,140625,54,1,0,53,41
2020-10-27,US,Texas,Anderson,2949,39,0,31.81534745,-95.65354823,48001.0,5107.82021304235,1.3224821973550356,2910,2946,39,0,2907,2941,58057,3,0,0,3,5
2020-10-27,US,Texas,Andrews,628,10,0,32.30468633,-102.63765479999999,48003.0,3357.391071905908,1.5923566878980893,618,584,10,0,574,584,18128,44,0,0,44,0
2020-10-27,US,Texas,Angelina,2304,91,0,31.25457347,-94.60901487,48005.0,2656.979761286975,3.9496527777777777,2213,2277,90,0,2187,2277,87092,27,1,0,26,0
2020-10-27,US,Texas,Aransas,349,18,0,28.10556197,-96.9995047,48007.0,1484.4746916205868,5.1575931232091685,331,348,18,0,330,348,23792,1,0,0,1,0
2020-10-27,US,Texas,Archer,142,1,0,33.61569967,-98.68754589,48009.0,1660.2361744417167,0.7042253521126759,141,137,1,0,136,137,8786,5,0,0,5,0
2020-10-27,US,Texas,Armstrong,27,1,0,34.96507426,-101.35748740000001,48011.0,1430.8426073131955,3.703703703703704,26,24,1,0,23,24,1892,3,0,0,3,0
2020-10-27,US,Texas,Atascosa,1282,35,0,28.89333001,-98.52730485,48013.0,2506.2068695873168,2.7301092043681745,1247,1284,35,0,1249,1270,50310,-2,0,0,-2,14
2020-10-27,US,Texas,Austin,514,9,0,29.88548725,-96.27736949,48015.0,1711.5077250932336,1.7509727626459144,505,514,9,0,505,514,29989,0,0,0,0,0
2020-10-27,US,Texas,Bailey,296,5,0,34.06854817,-102.8299707,48017.0,4228.571428571428,1.6891891891891893,291,280,5,0,275,280,7027,16,0,0,16,0
2020-10-27,US,Texas,Bandera,185,8,0,29.74619598,-99.24598147,48019.0,800.4499826929732,4.3243243243243255,177,185,8,0,177,185,22824,0,0,0,0,0
2020-10-27,US,Texas,Bastrop,1998,31,0,30.10370699,-97.31206354,48021.0,2251.952706738952,1.5515515515515514,1967,1993,31,0,1962,1993,86976,5,0,0,5,0
2020-10-27,US,Texas,Baylor,43,2,0,33.61640794,-99.21352901,48023.0,1225.420347677401,4.651162790697675,41,43,2,0,41,43,3582,0,0,0,0,0
2020-10-27,US,Texas,Bee,1841,39,0,28.41761668,-97.74215593,48025.0,5653.308767081222,2.118413905486149,1802,1853,39,0,1814,1853,32587,-12,0,0,-12,0
2020-10-27,US,Texas,Bell,6391,100,0,31.03736027,-97.4785025,48027.0,1760.9747495343374,1.5647003598810827,6291,6327,100,0,6227,6327,355642,64,0,0,64,0
2020-10-27,US,Texas,Bexar,64941,1402,0,29.44928723,-98.52019748,48029.0,3241.290227266148,2.1588826781232195,63539,64767,1394,0,63373,64616,1986049,174,8,0,166,151
2020-10-27,US,Texas,Blanco,161,6,0,30.26640707,-98.3999852,48031.0,1349.4258653926745,3.7267080745341614,155,159,6,0,153,159,11702,2,0,0,2,0
2020-10-27,US,Texas,Borden,2,0,0,32.74363984,-101.43165090000001,48033.0,305.8103975535168,0.0,2,2,0,0,2,2,648,0,0,0,0,0
2020-10-27,US,Texas,Bosque,407,11,0,31.89978581,-97.63613524,48035.0,2178.217821782179,2.702702702702702,396,405,11,0,394,405,18691,2,0,0,2,0
2020-10-27,US,Texas,Bowie,1907,73,0,33.44626922,-94.41834132,48037.0,2045.149873987881,3.8280020975353963,1834,1783,73,0,1710,1765,94324,124,0,0,124,18
2020-10-27,US,Texas,Brazoria,12295,183,0,29.18757369,-95.44563172,48039.0,3285.114250903106,1.4884099227328182,12112,12271,182,0,12089,12243,370200,24,1,0,23,28
2020-10-27,US,Texas,Brazos,7564,68,0,30.663644800000004,-96.30205577,48041.0,3300.016142331738,0.8989952406134321,7496,7534,67,0,7467,7495,226758,30,1,0,29,39
2020-10-27,US,Texas,Brewster,248,5,0,29.81008251,-103.25203259999999,48043.0,2694.7734434423555,2.0161290322580645,243,246,5,0,241,246,9267,2,0,0,2,0
2020-10-27,US,Texas,Briscoe,22,1,0,34.53026962,-101.2084947,48045.0,1423.0271668822766,4.545454545454546,21,22,1,0,21,22,1516,0,0,0,0,0
2020-10-27,US,Texas,Brooks,356,23,0,27.03103197,-98.21808402,48047.0,5019.032849288031,6.46067415730337,333,354,23,0,331,354,7114,2,0,0,2,0
2020-10-27,US,Texas,Brown,670,28,0,31.77430356,-98.99907113,48049.0,1769.4908092119165,4.17910447761194,642,661,28,0,633,661,37924,9,0,0,9,0
2020-10-27,US,Texas,Burleson,464,6,0,30.49273808,-96.62158484,48051.0,2515.8596757577398,1.293103448275862,458,461,6,0,455,461,18389,3,0,0,3,0
2020-10-27,US,Texas,Burnet,950,15,0,30.78801353,-98.181887,48053.0,1972.7961790052955,1.5789473684210529,935,925,15,0,910,922,47542,25,0,0,25,3
2020-10-27,US,Texas,Caldwell,1700,37,0,29.83668859,-97.61814775,48055.0,3893.3675338952003,2.176470588235294,1663,1693,37,0,1656,1693,43247,7,0,0,7,0
2020-10-27,US,Texas,Calhoun,930,9,0,28.47048236,-96.61633945,48057.0,4368.2480037576315,0.967741935483871,921,929,9,0,920,928,21561,1,0,0,1,1
2020-10-27,US,Texas,Callahan,131,4,0,32.29760619,-99.37326312,48059.0,939.5395538980133,3.053435114503817,127,123,4,0,119,123,13994,8,0,0,8,0
2020-10-27,US,Texas,Cameron,24085,1079,0,26.14524221,-97.48140372,48061.0,5691.660187681815,4.479966784305584,23006,23976,1078,0,22898,23976,423908,109,1,0,108,0
2020-10-27,US,Texas,Camp,399,13,0,32.97195142,-94.97790104,48063.0,3047.1971895524666,3.2581453634085213,386,391,13,0,378,391,13033,8,0,0,8,0
2020-10-27,US,Texas,Carson,58,0,0,35.40365929,-101.35426690000001,48065.0,978.7377657779275,0.0,58,53,0,0,53,53,6005,5,0,0,5,0
2020-10-27,US,Texas,Cass,515,23,0,33.07499881,-94.34646905,48067.0,1715.1801771797775,4.466019417475729,492,498,23,0,475,496,30119,17,0,0,17,2
2020-10-27,US,Texas,Castro,311,7,0,34.53016752,-102.2617243,48069.0,4130.146082337317,2.2508038585209005,304,301,7,0,294,301,7665,10,0,0,10,0
2020-10-27,US,Texas,Chambers,1556,10,0,29.70972016,-94.67154501,48071.0,3549.512968496932,0.6426735218508998,1546,1545,10,0,1535,1545,42454,11,0,0,11,0
2020-10-27,US,Texas,Cherokee,1640,37,0,31.837258000000002,-95.16559897,48073.0,3115.146449872735,2.256097560975609,1603,1633,36,0,1597,1626,52592,7,1,0,6,7
2020-10-27,US,Texas,Childress,122,0,0,34.529304100000004,-100.2077916,48075.0,1669.8603887215986,0.0,122,120,0,0,120,120,7291,2,0,0,2,0
2020-10-27,US,Texas,Clay,110,2,0,33.78686685,-98.20771198,48077.0,1050.5204851494605,1.818181818181818,108,107,2,0,105,107,10456,3,0,0,3,0
2020-10-27,US,Texas,Cochran,109,1,0,33.60425307,-102.82844990000001,48079.0,3820.539782684893,0.9174311926605504,108,99,1,0,98,99,2836,10,0,0,10,0
2020-10-27,US,Texas,Coke,112,5,0,31.88911733,-100.5297533,48081.0,3306.7611455565398,4.464285714285714,107,109,5,0,104,109,3370,3,0,0,3,0
2020-10-27,US,Texas,Coleman,89,4,0,31.76736834,-99.45240766,48083.0,1088.68501529052,4.49438202247191,85,88,4,0,84,88,8397,1,0,0,1,0
2020-10-27,US,Texas,Collin,17883,177,0,33.18820114,-96.57264368,48085.0,1728.2769418109076,0.9897668176480456,17706,17768,175,0,17593,17690,1005146,115,2,0,113,78
2020-10-27,US,Texas,Collingsworth,22,0,0,34.96489496,-100.27001109999999,48087.0,753.4246575342465,0.0,22,21,0,0,21,21,2962,1,0,0,1,0
2020-10-27,US,Texas,Colorado,503,4,0,29.622097999999998,-96.5273805,48089.0,2340.2968408318993,0.7952286282306164,499,501,4,0,497,501,21217,2,0,0,2,0
2020-10-27,US,Texas,Comal,2861,106,0,29.80811278,-98.27647225,48091.0,1831.5205910030795,3.704998252359315,2755,2848,106,0,2742,2848,148373,13,0,0,13,0
2020-10-27,US,Texas,Comanche,365,5,0,31.94854689,-98.55876441,48093.0,2676.934360102677,1.3698630136986298,360,354,5,0,349,354,13534,11,0,0,11,0
2020-10-27,US,Texas,Concho,143,2,0,31.32635934,-99.86473038,48095.0,5245.7813646368295,1.3986013986013983,141,142,2,0,140,142,4276,1,0,0,1,0
2020-10-27,US,Texas,Cooke,561,9,0,33.63979567,-97.21240912,48097.0,1359.7692512785713,1.60427807486631,552,539,9,0,530,539,40574,22,0,0,22,0
2020-10-27,US,Texas,Coryell,1967,13,0,31.39078397,-97.79936155,48099.0,2589.8276520388144,0.6609049313675648,1954,1970,13,0,1957,1970,74808,-3,0,0,-3,0
2020-10-27,US,Texas,Cottle,39,3,0,34.07783319,-100.27850620000001,48101.0,2789.6995708154504,7.6923076923076925,36,35,3,0,32,35,1389,4,0,0,4,0
2020-10-27,US,Texas,Crane,77,4,0,31.43052248,-102.5143314,48103.0,1605.1698978528248,5.194805194805196,73,74,3,0,71,74,4794,3,1,0,2,0
2020-10-27,US,Texas,Crockett,166,7,0,30.72367027,-101.4134238,48105.0,4792.147806004619,4.216867469879518,159,166,7,0,159,166,3499,0,0,0,0,0
2020-10-27,US,Texas,Crosby,123,6,0,33.61431553,-101.30003640000001,48107.0,2143.9776886874674,4.878048780487805,117,115,6,0,109,115,5779,8,0,0,8,0
2020-10-27,US,Texas,Culberson,101,2,0,31.44506775,-104.5185739,48109.0,4652.233993551359,1.98019801980198,99,97,2,0,95,97,2204,4,0,0,4,0
2020-10-27,US,Texas,Dallam,371,10,0,36.27787176,-102.60207249999999,48111.0,5091.258405379443,2.6954177897574123,361,362,10,0,352,362,7200,9,0,0,9,0
2020-10-27,US,Texas,Dallas,93939,1229,0,32.76670599,-96.77796049999999,48113.0,3564.3494480777204,1.3082958089824248,92710,93939,1222,0,92717,92845,2637772,0,7,0,-7,1094
2020-10-27,US,Texas,Dawson,820,17,0,32.74255572,-101.94772420000001,48115.0,6442.489000628538,2.073170731707317,803,820,17,0,803,820,12619,0,0,0,0,0
2020-10-27,US,Texas,DeWitt,1084,44,0,29.08101855,-97.35681170000001,48123.0,5376.984126984127,4.059040590405904,1040,1078,44,0,1034,1078,20187,6,0,0,6,0
2020-10-27,US,Texas,Deaf Smith,1058,26,0,34.96522957,-102.6054267,48117.0,5704.734174485065,2.457466918714556,1032,1026,25,0,1001,1026,18760,32,1,0,31,0
2020-10-27,US,Texas,Delta,33,0,0,33.38570922,-95.66921122,48119.0,619.0208216094543,0.0,33,33,0,0,33,33,5349,0,0,0,0,0
2020-10-27,US,Texas,Denton,14427,173,0,33.20521901,-97.11691153,48121.0,1626.1143115417258,1.1991405004505442,14254,14260,171,0,14089,14260,859064,167,2,0,165,0
2020-10-27,US,Texas,Dickens,51,2,0,33.61616822,-100.7788855,48125.0,2306.648575305292,3.92156862745098,49,51,2,0,49,51,2249,0,0,0,0,0
2020-10-27,US,Texas,Dimmit,290,7,0,28.42270064,-99.75645095,48127.0,2864.4804425128414,2.413793103448276,283,289,7,0,282,287,10308,1,0,0,1,2
2020-10-27,US,Texas,Donley,99,1,0,34.96517499,-100.8140093,48129.0,3020.13422818792,1.0101010101010102,98,85,1,0,84,85,3319,14,0,0,14,0
2020-10-27,US,Texas,Duval,489,21,0,27.68184592,-98.50864568,48131.0,4382.898628663619,4.294478527607362,468,488,21,0,467,488,11212,1,0,0,1,0
2020-10-27,US,Texas,Eastland,253,6,0,32.32743996,-98.83243566,48133.0,1377.995642701525,2.3715415019762847,247,251,6,0,245,251,18322,2,0,0,2,0
2020-10-27,US,Texas,Ector,6246,117,0,31.86898877,-102.54294279999999,48135.0,3757.6027384898603,1.873198847262248,6129,6246,117,0,6129,6025,162124,0,0,0,0,221
2020-10-27,US,Texas,Edwards,72,2,0,29.98202582,-100.304252,48137.0,3726.7080745341614,2.7777777777777777,70,71,2,0,69,71,1928,1,0,0,1,0
2020-10-27,US,Texas,El Paso,42332,596,0,31.76980765,-106.23632749999999,48141.0,5044.099528381698,1.4079183596333742,41736,40887,595,0,40292,39326,840758,1445,1,0,1444,1561
2020-10-27,US,Texas,Ellis,4945,77,0,32.34894117,-96.79371841,48139.0,2675.489379199896,1.557128412537917,4868,4875,76,0,4799,4875,179436,70,1,0,69,0
2020-10-27,US,Texas,Erath,1031,14,0,32.23602653,-98.21773417,48143.0,2414.63300388777,1.3579049466537343,1017,1017,13,0,1004,1017,42446,14,1,0,13,0
2020-10-27,US,Texas,Falls,674,5,0,31.25350609,-96.93630086,48145.0,3896.629473319073,0.7418397626112759,669,666,5,0,661,666,17335,8,0,0,8,0
2020-10-27,US,Texas,Fannin,789,18,0,33.59564294,-96.10751083,48147.0,2221.6590640310865,2.281368821292776,771,778,18,0,760,778,35286,11,0,0,11,0
2020-10-27,US,Texas,Fayette,676,22,0,29.87788372,-96.92076062,48149.0,2667.0875088771404,3.2544378698224854,654,672,22,0,650,665,25349,4,0,0,4,7
2020-10-27,US,Texas,Fisher,106,3,0,32.74281316,-100.40193020000001,48151.0,2767.6240208877284,2.830188679245283,103,102,3,0,99,102,3839,4,0,0,4,0
2020-10-27,US,Texas,Floyd,142,9,0,34.07227468,-101.3031546,48153.0,2485.9943977591042,6.338028169014086,133,126,9,0,117,126,5837,16,0,0,16,0
2020-10-27,US,Texas,Foard,21,1,0,33.97308618,-99.7767797,48155.0,1818.1818181818185,4.761904761904762,20,21,1,0,20,21,1200,0,0,0,0,0
2020-10-27,US,Texas,Fort Bend,17556,307,0,29.52704478,-95.77219463,48157.0,2162.900030553612,1.7486899065846435,17249,17486,306,0,17180,17392,787858,70,1,0,69,94
2020-10-27,US,Texas,Franklin,218,7,0,33.17653242,-95.21917243,48159.0,2032.6340326340328,3.2110091743119265,211,216,7,0,209,215,10766,2,0,0,2,1
2020-10-27,US,Texas,Freestone,456,4,0,31.70422788,-96.15072516,48161.0,2312.725059593245,0.8771929824561403,452,459,4,0,455,459,19808,-3,0,0,-3,0
2020-10-27,US,Texas,Frio,1016,9,0,28.86751206,-99.10804207,48163.0,5003.447256968384,0.8858267716535433,1007,1014,9,0,1005,1007,19816,2,0,0,2,7
2020-10-27,US,Texas,Gaines,511,11,0,32.74055318,-102.6353295,48165.0,2377.6288851665736,2.152641878669276,500,511,11,0,500,511,20901,0,0,0,0,0
2020-10-27,US,Texas,Galveston,12404,169,0,29.40167322,-94.90469073,48167.0,3625.4270924974935,1.3624637213802,12235,12368,169,0,12199,12368,337890,36,0,0,36,0
2020-10-27,US,Texas,Garza,126,8,0,33.17969345,-101.2984114,48169.0,2022.7965965644569,6.349206349206349,118,124,7,0,117,124,6578,2,1,0,1,0
2020-10-27,US,Texas,Gillespie,363,10,0,30.31824095,-98.94676915,48171.0,1345.0422409959986,2.7548209366391183,353,361,10,0,351,359,26804,2,0,0,2,2
2020-10-27,US,Texas,Glasscock,13,0,0,31.86942909,-101.5207776,48173.0,922.6401703335699,0.0,13,13,0,0,13,13,1388,0,0,0,0,0
2020-10-27,US,Texas,Goliad,166,6,0,28.65696592,-97.42760647,48175.0,2167.667798380778,3.614457831325301,160,157,6,0,151,157,7584,9,0,0,9,0
2020-10-27,US,Texas,Gonzales,1112,20,0,29.45634206,-97.49424032,48177.0,5336.6607477084035,1.7985611510791366,1092,1112,20,0,1092,1111,20826,0,0,0,0,1
2020-10-27,US,Texas,Gray,495,10,0,35.40081878,-100.8129222,48179.0,2261.7198208900672,2.0202020202020203,485,450,10,0,440,450,21895,45,0,0,45,0
2020-10-27,US,Texas,Grayson,2515,69,0,33.62744998,-96.67753461,48181.0,1846.3865151381672,2.7435387673956257,2446,2508,68,0,2440,2508,133991,7,1,0,6,0
2020-10-27,US,Texas,Gregg,2545,86,0,32.47940482,-94.81591935,48183.0,2053.3301060954454,3.37917485265226,2459,2537,86,0,2451,2525,123707,8,0,0,8,12
2020-10-27,US,Texas,Grimes,1187,35,0,30.54579585,-95.98902499,48185.0,4110.1108033241,2.9486099410278013,1152,1177,35,0,1142,1176,28360,10,0,0,10,1
2020-10-27,US,Texas,Guadalupe,3883,80,0,29.58165339,-97.94786822,48187.0,2327.281881004753,2.0602626834921454,3803,3876,79,0,3797,3835,163694,7,1,0,6,41
2020-10-27,US,Texas,Hale,2537,61,0,34.07044901,-101.82681140000001,48189.0,7594.444111836197,2.4044146629877807,2476,2537,61,0,2476,2508,33830,0,0,0,0,29
2020-10-27,US,Texas,Hall,47,1,0,34.5307555,-100.68138520000001,48191.0,1585.6950067476382,2.127659574468085,46,45,1,0,44,45,3028,2,0,0,2,0
2020-10-27,US,Texas,Hamilton,197,5,0,31.70470573,-98.11083887,48193.0,2328.3299846353852,2.538071065989848,192,196,4,0,192,196,8484,1,1,0,0,0
2020-10-27,US,Texas,Hansford,216,6,0,36.27743284,-101.3545796,48195.0,4000.74087794036,2.7777777777777777,210,193,6,0,187,193,5463,23,0,0,23,0
2020-10-27,US,Texas,Hardeman,63,3,0,34.28944521,-99.74632408,48197.0,1601.8306636155605,4.761904761904762,60,63,1,0,62,63,3922,0,2,0,-2,0
2020-10-27,US,Texas,Hardin,1434,34,0,30.33364686,-94.38931817,48199.0,2489.4968924690115,2.370990237099024,1400,1429,34,0,1395,1429,57207,5,0,0,5,0
2020-10-27,US,Texas,Harris,159617,2785,0,29.85864939,-95.39339521,48201.0,3386.505280242717,1.7448016188751825,156832,159272,2783,0,156489,158758,4698619,345,2,0,343,514
2020-10-27,US,Texas,Harrison,1076,38,0,32.54935988,-94.36934071,48203.0,1616.7565699517677,3.5315985130111525,1038,1069,38,0,1031,1068,66726,7,0,0,7,1
2020-10-27,US,Texas,Hartley,171,0,0,35.84008013,-102.6029022,48205.0,3066.7144906743183,0.0,171,170,0,0,170,170,5619,1,0,0,1,0
2020-10-27,US,Texas,Haskell,83,3,0,33.17823584,-99.73037358,48207.0,1466.9494521032166,3.614457831325301,80,80,3,0,77,80,5813,3,0,0,3,0
2020-10-27,US,Texas,Hays,6376,86,0,30.05669873,-98.02944344,48209.0,2769.8737135682977,1.3488080301129235,6290,6353,86,0,6267,6287,222631,23,0,0,23,66
2020-10-27,US,Texas,Hemphill,145,0,0,35.83764858,-100.2703577,48211.0,3796.805446451952,0.0,145,133,0,0,133,133,3825,12,0,0,12,0
2020-10-27,US,Texas,Henderson,1259,35,0,32.21128872,-95.85846587,48213.0,1521.6892079722495,2.7799841143764894,1224,1228,35,0,1193,1217,82299,31,0,0,31,11
2020-10-27,US,Texas,Hidalgo,35281,1934,0,26.39418217,-98.18299696,48215.0,4061.3233230536875,5.481704033332388,33347,35100,1924,0,33176,34970,865939,181,10,0,171,130
2020-10-27,US,Texas,Hill,817,16,0,31.99045053,-97.13423143,48217.0,2229.255914213212,1.9583843329253363,801,803,16,0,787,803,36354,14,0,0,14,0
2020-10-27,US,Texas,Hockley,665,14,0,33.60771256,-102.3431676,48219.0,2888.666869380131,2.1052631578947367,651,632,14,0,618,632,22980,33,0,0,33,0
2020-10-27,US,Texas,Hood,1184,38,0,32.42990927,-97.83242024,48221.0,1920.7371477702245,3.20945945945946,1146,1167,38,0,1129,1167,60537,17,0,0,17,0
2020-10-27,US,Texas,Hopkins,635,27,0,33.14875072,-95.56351139,48223.0,1712.3287671232874,4.251968503937008,608,614,27,0,587,609,36810,21,0,0,21,5
2020-10-27,US,Texas,Houston,424,13,0,31.31925973,-95.42226208,48225.0,1846.0466736328808,3.0660377358490565,411,419,13,0,406,417,23169,5,0,0,5,2
2020-10-27,US,Texas,Howard,1194,21,0,32.30621324,-101.4356444,48227.0,3256.6004800349115,1.7587939698492463,1173,1192,21,0,1171,1192,36459,2,0,0,2,0
2020-10-27,US,Texas,Hudspeth,101,3,0,31.45628381,-105.388178,48229.0,2067.1305771592306,2.9702970297029703,98,94,3,0,91,94,4795,7,0,0,7,0
2020-10-27,US,Texas,Hunt,1992,44,0,33.12351514,-96.08551032,48231.0,2020.4069213136704,2.208835341365462,1948,1944,44,0,1900,1944,96493,48,0,0,48,0
2020-10-27,US,Texas,Hutchinson,344,7,0,35.84006574,-101.3546643,48233.0,1642.945840099341,2.0348837209302326,337,326,7,0,319,326,21198,18,0,0,18,0
2020-10-27,US,Texas,Irion,13,0,0,31.30375559,-100.982439,48235.0,846.3541666666665,0.0,13,13,0,0,13,13,1522,0,0,0,0,0
2020-10-27,US,Texas,Jack,152,3,0,33.23377248,-98.17283469,48237.0,1701.1751538891995,1.973684210526316,149,151,3,0,148,151,8843,1,0,0,1,0
2020-10-27,US,Texas,Jackson,650,16,0,28.95472367,-96.57749563,48239.0,4403.794037940379,2.4615384615384617,634,647,16,0,631,646,14874,3,0,0,3,1
2020-10-27,US,Texas,Jasper,515,34,0,30.74685667,-94.02667579,48241.0,1449.5201103324046,6.601941747572815,481,515,34,0,481,512,35872,0,0,0,0,3
2020-10-27,US,Texas,Jeff Davis,23,0,0,30.71490589,-104.1399973,48243.0,1011.433597185576,0.0,23,21,0,0,21,21,2252,2,0,0,2,0
2020-10-27,US,Texas,Jefferson,8301,152,0,29.8832777,-94.16434171,48245.0,3299.7436050324964,1.831104686182388,8149,8245,152,0,8093,8245,255001,56,0,0,56,0
2020-10-27,US,Texas,Jim Hogg,169,6,0,27.04453923,-98.69681870000001,48247.0,3250.0,3.5502958579881656,163,168,6,0,162,168,5248,1,0,0,1,0
2020-10-27,US,Texas,Jim Wells,1600,52,0,27.73103938,-98.0904705,48249.0,3952.3738945704254,3.25,1548,1590,52,0,1538,1590,40822,10,0,0,10,0
2020-10-27,US,Texas,Johnson,3656,65,0,32.37877812,-97.36615819,48251.0,2079.4348669355068,1.7778993435448578,3591,3588,65,0,3523,3588,171361,68,0,0,68,0
2020-10-27,US,Texas,Jones,590,2,0,32.73997145,-99.87861576,48253.0,2937.80809639994,0.3389830508474576,588,585,2,0,583,585,19817,5,0,0,5,0
2020-10-27,US,Texas,Karnes,954,17,0,28.90705334,-97.85960149,48255.0,6114.992628677649,1.7819706498951782,937,951,17,0,934,949,15650,3,0,0,3,2
2020-10-27,US,Texas,Kaufman,3543,56,0,32.599141700000004,-96.28734728,48257.0,2602.200449491017,1.5805814281682191,3487,3499,56,0,3443,3499,128622,44,0,0,44,0
2020-10-27,US,Texas,Kendall,387,10,0,29.94414155,-98.7113588,48259.0,815.9220762792266,2.5839793281653747,377,387,10,0,377,381,45641,0,0,0,0,6
2020-10-27,US,Texas,Kenedy,11,2,0,26.92601662,-97.66413984,48261.0,2722.772277227723,18.181818181818183,9,11,2,0,9,11,442,0,0,0,0,0
2020-10-27,US,Texas,Kent,10,0,0,33.18104136,-100.7780939,48263.0,1312.3359580052493,0.0,10,10,0,0,10,10,726,0,0,0,0,0
2020-10-27,US,Texas,Kerr,702,13,0,30.06040006,-99.34930144,48265.0,1334.6007604562735,1.851851851851852,689,697,13,0,684,693,52405,5,0,0,5,4
2020-10-27,US,Texas,Kimble,26,1,0,30.48678918,-99.74856473,48267.0,599.4927369149182,3.8461538461538463,25,24,1,0,23,24,4362,2,0,0,2,0
2020-10-27,US,Texas,King,1,0,0,33.61643847,-100.2558057,48269.0,367.6470588235293,0.0,1,1,0,0,1,1,277,0,0,0,0,0
2020-10-27,US,Texas,Kinney,79,1,0,29.34967888,-100.41866379999999,48271.0,2154.3496045814013,1.2658227848101269,78,78,1,0,77,73,3767,1,0,0,1,5
2020-10-27,US,Texas,Kleberg,1025,52,0,27.42435506,-97.69894948,48273.0,3340.9387222946543,5.073170731707316,973,1023,52,0,971,1023,31129,2,0,0,2,0
2020-10-27,US,Texas,Knox,113,9,0,33.60519951,-99.74229059999999,48275.0,3084.0611353711793,7.9646017699115035,104,113,9,0,104,113,3653,0,0,0,0,0
2020-10-27,US,Texas,La Salle,376,13,0,28.34453111,-99.09908775,48283.0,5000.0,3.4574468085106385,363,366,13,0,353,366,7531,10,0,0,10,0
2020-10-27,US,Texas,Lamar,1803,46,0,33.66981763,-95.57404777,48277.0,3616.19767745041,2.5513033832501386,1757,1768,46,0,1722,1729,49728,35,0,0,35,39
2020-10-27,US,Texas,Lamb,538,24,0,34.06859623,-102.35162890000001,48279.0,4172.806949507485,4.4609665427509295,514,507,24,0,483,507,13158,31,0,0,31,0
2020-10-27,US,Texas,Lampasas,305,9,0,31.19531316,-98.24206613,48281.0,1423.371289901064,2.950819672131148,296,305,9,0,296,305,21229,0,0,0,0,0
2020-10-27,US,Texas,Lavaca,1141,39,0,29.38508402,-96.93186692,48285.0,5661.4071648308045,3.4180543382997373,1102,1131,39,0,1092,1126,20110,10,0,0,10,5
2020-10-27,US,Texas,Lee,241,14,0,30.31120597,-96.97045773,48287.0,1397.9929230233774,5.809128630705394,227,239,14,0,225,239,17144,2,0,0,2,0
2020-10-27,US,Texas,Leon,350,11,0,31.29872538,-95.9936328,48289.0,2011.031946678925,3.1428571428571432,339,342,11,0,331,341,17270,8,0,0,8,1
2020-10-27,US,Texas,Liberty,2308,58,0,30.15152688,-94.81205615,48291.0,2616.216461306521,2.512998266897747,2250,2291,58,0,2233,2291,86323,17,0,0,17,0
2020-10-27,US,Texas,Limestone,677,16,0,31.5454767,-96.58095444,48293.0,2888.5949566924096,2.3633677991137367,661,673,16,0,657,673,23519,4,0,0,4,0
2020-10-27,US,Texas,Lipscomb,69,1,0,36.27783108,-100.27331509999999,48295.0,2134.2406433652955,1.4492753623188406,68,68,1,0,67,68,3355,1,0,0,1,0
2020-10-27,US,Texas,Live Oak,383,10,0,28.35101362,-98.1246786,48297.0,3137.544032112722,2.610966057441253,373,381,10,0,371,381,12166,2,0,0,2,0
2020-10-27,US,Texas,Llano,180,3,0,30.70645047,-98.68475262,48299.0,825.8774948382656,1.6666666666666667,177,176,3,0,173,176,21646,4,0,0,4,0
2020-10-27,US,Texas,Lubbock,17703,170,0,33.61008596,-101.82047890000001,48303.0,5700.182568124958,0.9602892165169744,17533,17478,165,0,17313,17141,307412,225,5,0,220,337
2020-10-27,US,Texas,Lynn,165,5,0,33.17657705,-101.8162849,48305.0,2772.6432532347503,3.0303030303030303,160,165,5,0,160,165,5877,0,0,0,0,0
2020-10-27,US,Texas,Madison,759,6,0,30.96694679,-95.93003775,48313.0,5313.6376365163815,0.7905138339920948,753,758,6,0,752,757,14422,1,0,0,1,1
2020-10-27,US,Texas,Marion,170,14,0,32.79868409,-94.35661230000001,48315.0,1725.1877410188754,8.235294117647058,156,170,14,0,156,170,9928,0,0,0,0,0
2020-10-27,US,Texas,Martin,91,7,0,32.30600051,-101.9513518,48317.0,1576.849766071738,7.6923076923076925,84,89,7,0,82,89,5753,2,0,0,2,0
2020-10-27,US,Texas,Mason,82,2,0,30.71780434,-99.22629416,48319.0,1918.5774450163776,2.4390243902439024,80,80,2,0,78,80,4280,2,0,0,2,0
2020-10-27,US,Texas,Matagorda,1100,53,0,28.81955746,-96.01230294,48321.0,3001.9376142783067,4.818181818181818,1047,1095,53,0,1042,1095,36552,5,0,0,5,0
2020-10-27,US,Texas,Maverick,4224,146,0,28.7429195,-100.3157686,48323.0,7193.215489935627,3.4564393939393936,4078,4182,146,0,4036,4182,58485,42,0,0,42,0
2020-10-27,US,Texas,McCulloch,206,4,0,31.1925468,-99.34682807,48307.0,2580.1603206412824,1.9417475728155342,202,202,4,0,198,202,7987,4,0,0,4,0
2020-10-27,US,Texas,McLennan,9961,135,0,31.55255453,-97.20217694,48309.0,3881.56946181753,1.3552856138941871,9826,9893,131,0,9762,9846,254607,68,4,0,64,47
2020-10-27,US,Texas,McMullen,25,1,0,28.35251708,-98.56769164,48311.0,3364.737550471063,4.0,24,24,1,0,23,24,749,1,0,0,1,0
2020-10-27,US,Texas,Medina,1276,48,0,29.355730100000002,-99.11030298,48325.0,2473.6352357320097,3.761755485893417,1228,1274,48,0,1226,1274,50921,2,0,0,2,0
2020-10-27,US,Texas,Menard,68,0,0,30.88990665,-99.82047940000001,48327.0,3180.5425631431244,0.0,68,62,0,0,62,62,2139,6,0,0,6,0
2020-10-27,US,Texas,Midland,5294,92,0,31.86904128,-102.03156820000001,48329.0,2993.8020267824827,1.737816395919909,5202,5211,92,0,5119,4979,172578,83,0,0,83,232
2020-10-27,US,Texas,Milam,547,7,0,30.78581830000001,-96.97718698,48331.0,2203.6014986101604,1.279707495429616,540,545,7,0,538,545,25131,2,0,0,2,0
2020-10-27,US,Texas,Mills,77,1,0,31.49557106,-98.59272068,48333.0,1580.1354401805868,1.2987012987012987,76,76,1,0,75,76,4921,1,0,0,1,0
2020-10-27,US,Texas,Mitchell,193,2,0,32.30623474,-100.9212058,48335.0,2258.630778232885,1.0362694300518134,191,179,2,0,177,179,8145,14,0,0,14,0
2020-10-27,US,Texas,Montague,279,5,0,33.67521893,-97.72500958,48337.0,1407.811080835604,1.7921146953405018,274,270,5,0,265,270,19596,9,0,0,9,0
2020-10-27,US,Texas,Montgomery,13917,178,0,30.30079133,-95.50572772,48339.0,2291.275307009817,1.279011281166918,13739,13796,174,0,13622,13575,590925,121,4,0,117,221
2020-10-27,US,Texas,Moore,1345,22,0,35.83769242,-101.8930281,48341.0,6423.113658070677,1.6356877323420074,1323,1317,22,0,1295,1317,21485,28,0,0,28,0
2020-10-27,US,Texas,Morris,224,5,0,33.11304005,-94.73255695,48343.0,1808.2014853083624,2.232142857142857,219,217,5,0,212,217,12339,7,0,0,7,0
2020-10-27,US,Texas,Motley,17,0,0,34.07408766,-100.77972199999999,48345.0,1416.666666666667,0.0,17,17,0,0,17,17,1234,0,0,0,0,0
2020-10-27,US,Texas,Nacogdoches,1800,68,0,31.62017125,-94.61803994,48347.0,2760.566836390405,3.7777777777777777,1732,1789,68,0,1721,1781,65711,11,0,0,11,8
2020-10-27,US,Texas,Navarro,1417,32,0,32.04620681,-96.47428766,48349.0,2827.6096022988045,2.2582921665490474,1385,1417,32,0,1385,1417,49565,0,0,0,0,0
2020-10-27,US,Texas,Newton,188,13,0,30.78548982,-93.74408813,48351.0,1382.8613460831189,6.914893617021277,175,188,13,0,175,188,13746,0,0,0,0,0
2020-10-27,US,Texas,Nolan,420,5,0,32.30365282,-100.4060208,48353.0,2854.42435775452,1.1904761904761905,415,405,5,0,400,405,14751,15,0,0,15,0
2020-10-27,US,Texas,Nueces,21219,442,0,27.736286,-97.5433285,48355.0,5856.84554533059,2.083038785993685,20777,21187,440,0,20747,21166,362265,32,2,0,30,21
2020-10-27,US,Texas,Ochiltree,305,5,0,36.27829105,-100.8158184,48357.0,3100.854005693371,1.639344262295082,300,302,5,0,297,302,9947,3,0,0,3,0
2020-10-27,US,Texas,Oldham,27,2,0,35.40425596,-102.6027606,48359.0,1278.409090909091,7.407407407407407,25,27,2,0,25,27,2131,0,0,0,0,0
2020-10-27,US,Texas,Orange,2187,46,0,30.11879481,-93.89412775,48361.0,2622.4279341934866,2.1033379058070416,2141,2160,46,0,2114,2160,83572,27,0,0,27,0
2020-10-27,US,Texas,Palo Pinto,718,17,0,32.75310985,-98.31319001,48363.0,2459.8307581623208,2.367688022284123,701,700,17,0,683,700,28875,18,0,0,18,0
2020-10-27,US,Texas,Panola,474,28,0,32.163959600000005,-94.30552481,48365.0,2043.631973786324,5.907172995780591,446,468,28,0,440,466,23148,6,0,0,6,2
2020-10-27,US,Texas,Parker,2461,48,0,32.77757172,-97.80500621,48367.0,1722.448522515713,1.9504266558309633,2413,2400,47,0,2353,2400,138371,61,1,0,60,0
2020-10-27,US,Texas,Parmer,579,18,0,34.52993409,-102.78446679999999,48369.0,6028.110359187924,3.1088082901554404,561,570,18,0,552,570,9864,9,0,0,9,0
2020-10-27,US,Texas,Pecos,488,7,0,30.78097267,-102.72412609999999,48371.0,3084.118055994439,1.4344262295081966,481,474,7,0,467,474,15673,14,0,0,14,0
2020-10-27,US,Texas,Polk,914,35,0,30.79472531,-94.82766240000001,48373.0,1779.8375946877497,3.8293216630196936,879,912,35,0,877,912,50031,2,0,0,2,0
2020-10-27,US,Texas,Potter,8007,100,0,35.40133773,-101.893964,48375.0,6819.40126900311,1.2489072061945798,7907,7845,100,0,7745,7682,119648,162,0,0,162,163
2020-10-27,US,Texas,Presidio,133,7,0,29.99954402,-104.24080790000001,48377.0,1983.890214797136,5.2631578947368425,126,128,7,0,121,128,6948,5,0,0,5,0
2020-10-27,US,Texas,Rains,92,5,0,32.87109387,-95.79232691,48379.0,735.1766022055298,5.434782608695652,87,90,5,0,85,86,12159,2,0,0,2,4
2020-10-27,US,Texas,Randall,5049,56,0,34.96585996,-101.8971322,48381.0,3666.320536187579,1.109130520895227,4993,4883,54,0,4829,4883,136271,166,2,0,164,0
2020-10-27,US,Texas,Reagan,95,6,0,31.36607041,-101.52326590000001,48383.0,2468.173551571837,6.315789473684211,89,92,6,0,86,92,3741,3,0,0,3,0
2020-10-27,US,Texas,Real,124,8,0,29.83321503,-99.82018052,48385.0,3592.120509849363,6.451612903225807,116,123,8,0,115,123,3478,1,0,0,1,0
2020-10-27,US,Texas,Red River,197,17,0,33.61886692,-95.04841765,48387.0,1638.5261581967895,8.629441624365482,180,196,17,0,179,196,12175,1,0,0,1,0
2020-10-27,US,Texas,Reeves,267,7,0,31.32323325,-103.69038959999999,48389.0,1671.256885327992,2.621722846441948,260,258,7,0,251,258,15695,9,0,0,9,0
2020-10-27,US,Texas,Refugio,310,16,0,28.323897600000002,-97.15766311,48391.0,4461.715601611974,5.161290322580644,294,309,16,0,293,309,7032,1,0,0,1,0
2020-10-27,US,Texas,Roberts,14,0,0,35.83809685,-100.813175,48393.0,1639.344262295082,0.0,14,14,0,0,14,14,903,0,0,0,0,0
2020-10-27,US,Texas,Robertson,425,4,0,31.02539637,-96.51272246,48395.0,2489.164811994846,0.9411764705882352,421,420,4,0,416,419,17284,5,0,0,5,1
2020-10-27,US,Texas,Rockwall,1939,32,0,32.89779518,-96.40771592,48397.0,1848.162798455893,1.6503352243424445,1907,1896,32,0,1864,1896,100657,43,0,0,43,0
2020-10-27,US,Texas,Runnels,301,9,0,31.8314342,-99.97616148,48399.0,2932.5798908807483,2.990033222591362,292,296,9,0,287,296,10234,5,0,0,5,0
2020-10-27,US,Texas,Rusk,1008,23,0,32.10773545,-94.76176432,48401.0,1852.7368304966365,2.281746031746032,985,995,23,0,972,992,54450,13,0,0,13,3
2020-10-27,US,Texas,Sabine,94,9,0,31.34318809,-93.85440451,48403.0,891.6714095996964,9.574468085106382,85,94,9,0,85,92,10589,0,0,0,0,2
2020-10-27,US,Texas,San Augustine,221,15,0,31.39457611,-94.17000399,48405.0,2683.0156610416416,6.787330316742081,206,214,15,0,199,214,8232,7,0,0,7,0
2020-10-27,US,Texas,San Jacinto,238,12,0,30.57933681,-95.16260304,48407.0,824.699400533629,5.042016806722689,226,237,11,0,226,236,28719,1,1,0,0,1
2020-10-27,US,Texas,San Patricio,1572,80,0,28.00880118,-97.51763891,48409.0,2355.7620260752287,5.089058524173028,1492,1572,80,0,1492,1572,66893,0,0,0,0,0
2020-10-27,US,Texas,San Saba,118,2,0,31.1577796,-98.81758731,48411.0,1948.8026424442608,1.6949152542372878,116,117,1,0,116,117,6054,1,1,0,0,0
2020-10-27,US,Texas,Schleicher,55,2,0,30.89740592,-100.5384842,48413.0,1969.2087361260294,3.636363636363636,53,55,2,0,53,55,2895,0,0,0,0,0
2020-10-27,US,Texas,Scurry,1089,14,0,32.74613808,-100.91626640000001,48415.0,6519.786864635095,1.2855831037649221,1075,1074,14,0,1060,1074,16866,15,0,0,15,0
2020-10-27,US,Texas,Shackelford,39,0,0,32.73587756,-99.35401337,48417.0,1194.4869831546707,0.0,39,39,0,0,39,39,3253,0,0,0,0,0
2020-10-27,US,Texas,Shelby,549,30,0,31.79211404,-94.14550696,48419.0,2172.192767270713,5.464480874316941,519,544,30,0,514,542,25418,5,0,0,5,2
2020-10-27,US,Texas,Sherman,77,1,0,36.27751473,-101.8933156,48421.0,2547.981469225678,1.2987012987012987,76,77,1,0,76,77,3079,0,0,0,0,0
2020-10-27,US,Texas,Smith,4498,135,0,32.37474036,-95.27175679999999,48423.0,1932.5373467783168,3.0013339261894174,4363,4437,134,0,4303,4317,230221,61,1,0,60,120
2020-10-27,US,Texas,Somervell,158,5,0,32.22236802,-97.77403489,48425.0,1730.9377738825592,3.1645569620253164,153,156,5,0,151,156,9016,2,0,0,2,0
2020-10-27,US,Texas,Starr,3547,185,0,26.56150059,-98.73892358,48427.0,5487.908653474232,5.215675218494503,3362,3546,185,0,3361,3546,64525,1,0,0,1,0
2020-10-27,US,Texas,Stephens,161,4,0,32.73553157,-98.83631615,48429.0,1718.98355754858,2.4844720496894412,157,160,4,0,156,160,9433,1,0,0,1,0
2020-10-27,US,Texas,Sterling,17,0,0,31.82781912,-101.05007459999999,48431.0,1316.8086754453911,0.0,17,13,0,0,13,13,1311,4,0,0,4,0
2020-10-27,US,Texas,Stonewall,19,1,0,33.17906744,-100.25384009999999,48433.0,1407.4074074074076,5.2631578947368425,18,19,1,0,18,19,1362,0,0,0,0,0
2020-10-27,US,Texas,Sutton,110,3,0,30.49856623,-100.5382014,48435.0,2913.1355932203387,2.727272727272727,107,108,3,0,105,108,3758,2,0,0,2,0
2020-10-27,US,Texas,Swisher,152,3,0,34.53028891,-101.73491740000001,48437.0,2054.8871163985395,1.973684210526316,149,146,3,0,143,146,7462,6,0,0,6,0
2020-10-27,US,Texas,Tarrant,64727,815,0,32.77143818,-97.29101614,48439.0,3078.551163725348,1.25913451882522,63912,64290,814,0,63476,63792,2084931,437,1,0,436,498
2020-10-27,US,Texas,Taylor,2048,65,0,32.30163422,-99.89007449,48441.0,1483.6924236057782,3.173828125,1983,2003,64,0,1939,1944,137640,45,1,0,44,59
2020-10-27,US,Texas,Terrell,4,0,0,30.22429013,-102.0766732,48443.0,515.4639175257731,0.0,4,4,0,0,4,4,823,0,0,0,0,0
2020-10-27,US,Texas,Terry,505,8,0,33.17402785,-102.3354521,48445.0,4093.3776444840723,1.5841584158415842,497,505,8,0,497,505,12287,0,0,0,0,0
2020-10-27,US,Texas,Throckmorton,17,2,0,33.17751417,-99.21226795,48447.0,1132.5782811459028,11.764705882352944,15,17,2,0,15,17,1515,0,0,0,0,0
2020-10-27,US,Texas,Titus,1695,35,0,33.21339719,-94.96797273,48449.0,5175.572519083969,2.0648967551622417,1660,1695,35,0,1660,1695,33033,0,0,0,0,0
2020-10-27,US,Texas,Tom Green,4678,77,0,31.40464436,-100.46244300000001,48451.0,3924.4966442953028,1.6460025651988028,4601,4678,77,0,4601,4633,118189,0,0,0,0,45
2020-10-27,US,Texas,Travis,31775,449,0,30.33432034,-97.78535620000001,48453.0,2494.20308739562,1.4130605822187254,31326,31653,449,0,31204,31551,1248743,122,0,0,122,102
2020-10-27,US,Texas,Trinity,206,7,0,31.0879489,-95.1367187,48455.0,1406.047368780288,3.3980582524271843,199,206,7,0,199,206,14740,0,0,0,0,0
2020-10-27,US,Texas,Tyler,261,4,0,30.77031716,-94.37690895,48457.0,1204.3189368770766,1.5325670498084292,257,261,4,0,257,260,21696,0,0,0,0,1
2020-10-27,US,Texas,Upshur,491,13,0,32.73706798,-94.93999853,48459.0,1175.96340382727,2.6476578411405294,478,484,13,0,471,483,41260,7,0,0,7,1
2020-10-27,US,Texas,Upton,27,3,0,31.36868194,-102.0423217,48461.0,738.3100902378999,11.111111111111109,24,27,3,0,24,27,3671,0,0,0,0,0
2020-10-27,US,Texas,Uvalde,833,36,0,29.35739637,-99.76229172,48463.0,3115.066751430388,4.321728691476591,797,833,36,0,797,828,26846,0,0,0,0,5
2020-10-27,US,Texas,Val Verde,2562,125,0,29.89149232,-101.1525205,48465.0,5225.905150433452,4.8790007806401245,2437,2489,125,0,2364,2489,49208,73,0,0,73,0
2020-10-27,US,Texas,Van Zandt,684,26,0,32.56483801,-95.83766469,48467.0,1208.6941155681216,3.801169590643275,658,681,26,0,655,668,56019,3,0,0,3,13
2020-10-27,US,Texas,Victoria,4258,97,0,28.79780988,-96.96813006,48469.0,4624.038920985186,2.2780648191639266,4161,4248,97,0,4151,4248,92035,10,0,0,10,0
2020-10-27,US,Texas,Walker,3935,62,0,30.73872995,-95.57440968,48471.0,5392.553206068164,1.5756035578144854,3873,3946,62,0,3884,3946,72480,-11,0,0,-11,0
2020-10-27,US,Texas,Waller,983,17,0,30.01058447,-95.99011759,48473.0,1779.3143394996923,1.7293997965412005,966,971,17,0,954,971,53126,12,0,0,12,0
2020-10-27,US,Texas,Ward,163,1,0,31.50999644,-103.09279090000001,48475.0,1358.5597599599932,0.6134969325153374,162,158,1,0,157,158,11720,5,0,0,5,0
2020-10-27,US,Texas,Washington,702,48,0,30.21498498,-96.40946246,48477.0,1956.41268602642,6.837606837606838,654,700,48,0,652,700,35108,2,0,0,2,0
2020-10-27,US,Texas,Webb,15145,353,0,27.7610369,-99.33237355,48479.0,5474.386593988115,2.330802244965335,14792,15106,352,0,14754,15011,275910,39,1,0,38,95
2020-10-27,US,Texas,Wharton,1442,58,0,29.27765923,-96.22319248,48481.0,3470.016363461353,4.0221914008321775,1384,1426,58,0,1368,1426,41619,16,0,0,16,0
2020-10-27,US,Texas,Wheeler,83,0,0,35.40114335,-100.26995140000001,48483.0,1641.613924050633,0.0,83,76,0,0,76,76,5191,7,0,0,7,0
2020-10-27,US,Texas,Wichita,3649,41,0,33.98842886,-98.70410340000001,48485.0,2759.5855705966883,1.1235955056179776,3608,3486,33,0,3453,3486,132064,163,8,0,155,0
2020-10-27,US,Texas,Wilbarger,348,3,0,34.07945812,-99.24178437,48487.0,2725.3504581408097,0.8620689655172413,345,336,3,0,333,336,12820,12,0,0,12,0
2020-10-27,US,Texas,Willacy,1231,55,0,26.47411727,-97.61535848,48489.0,5763.648281674314,4.467912266450041,1176,1228,55,0,1173,1228,21515,3,0,0,3,0
2020-10-27,US,Texas,Williamson,9479,153,0,30.64655664,-97.60048540000001,48491.0,1605.1111589007553,1.6140943137461758,9326,9418,152,0,9266,9335,566719,61,1,0,60,83
2020-10-27,US,Texas,Wilson,1000,28,0,29.1732598,-98.08693082,48493.0,1958.0967299784606,2.8,972,998,28,0,970,991,50224,2,0,0,2,7
2020-10-27,US,Texas,Winkler,142,5,0,31.85008651,-103.04851629999999,48495.0,1772.784019975031,3.5211267605633805,137,140,4,0,136,140,7720,2,1,0,1,0
2020-10-27,US,Texas,Wise,925,15,0,33.21570665,-97.65460265,48497.0,1321.7306812985826,1.6216216216216215,910,908,15,0,893,908,68305,17,0,0,17,0
2020-10-27,US,Texas,Wood,636,39,0,32.78722382,-95.38236368,48499.0,1396.6051077098748,6.132075471698112,597,633,39,0,594,626,45129,3,0,0,3,7
2020-10-27,US,Texas,Yoakum,289,6,0,33.17320212,-102.82764329999999,48501.0,3316.882818776541,2.0761245674740483,283,289,6,0,283,289,8591,0,0,0,0,0
2020-10-27,US,Texas,Young,559,8,0,33.17659707,-98.68790885,48503.0,3103.8312048861744,1.4311270125223614,551,535,8,0,527,535,18045,24,0,0,24,0
2020-10-27,US,Texas,Zapata,352,9,0,27.00156391,-99.16987152,48505.0,2482.544608223429,2.5568181818181817,343,346,9,0,337,346,14190,6,0,0,6,0
2020-10-27,US,Texas,Zavala,463,19,0,28.86617238,-99.76050829,48507.0,3910.472972972973,4.103671706263499,444,461,18,0,443,460,11983,2,1,0,1,1
2020-10-27,US,Utah,Bear River,5149,17,0,41.52106798,-113.08328159999999,0.0,2756.158400154161,0.3301611963488056,5132,5101,16,0,5085,5025,,48,1,0,47,76
2020-10-27,US,Utah,Central Utah,1261,7,0,39.37231946,-111.5758676,0.0,1538.668033286966,0.5551149881046789,1254,1253,7,0,1246,1227,,8,0,0,8,26
2020-10-27,US,Utah,Davis,8252,41,0,40.99001837,-112.1139997,49011.0,2321.361760544164,0.4968492486669898,8211,8172,41,0,8131,8067,351713,80,0,0,80,105
2020-10-27,US,Utah,Salt Lake,45969,298,0,40.66616532,-111.92160109999999,49035.0,3961.352490484189,0.6482629598207488,45671,45508,298,0,45210,45042,1152633,461,0,0,461,466
2020-10-27,US,Utah,San Juan,810,30,0,37.62762978,-109.80337140000002,49037.0,5291.3509276195455,3.703703703703704,780,804,30,0,774,804,15449,6,0,0,6,0
2020-10-27,US,Utah,Southeast Utah,466,4,0,38.99617072,-110.70139579999999,0.0,1158.3683412463645,0.8583690987124464,462,453,4,0,449,452,,13,0,0,13,1
2020-10-27,US,Utah,Southwest Utah,6055,54,0,37.85447192,-111.4418764,0.0,2402.3773815475197,0.8918249380677127,6001,5971,53,0,5918,5852,,84,1,0,83,119
2020-10-27,US,Utah,Summit,1382,1,0,40.86688146,-110.9535882,49043.0,3279.1552971882784,0.0723589001447178,1381,1365,1,0,1364,1337,41933,17,0,0,17,28
2020-10-27,US,Utah,Tooele,1401,3,0,40.44862644,-113.12957150000001,49045.0,1938.858827274112,0.21413276231263384,1398,1385,2,0,1383,1367,69907,16,1,0,15,18
2020-10-27,US,Utah,TriCounty,441,2,0,40.12491499,-109.5174415,0.0,778.8492105542018,0.453514739229025,439,420,2,0,418,412,,21,0,0,21,8
2020-10-27,US,Utah,Utah,28353,79,0,40.116672200000004,-111.66576620000001,49049.0,4456.372252391019,0.2786301273233873,28274,28067,78,0,27989,27833,622213,286,1,0,285,234
2020-10-27,US,Utah,Wasatch,1124,9,0,40.33110236,-111.1691419,49051.0,3297.0578745123353,0.8007117437722421,1115,1107,9,0,1098,1081,33240,17,0,0,17,26
2020-10-27,US,Utah,Weber-Morgan,6565,33,0,41.27116049,-111.9145117,0.0,2410.616258532627,0.5026656511805027,6532,6477,33,0,6444,6383,,88,0,0,88,94
2020-10-27,US,Vermont,Addison,120,2,0,44.03217337,-73.14130877,50001.0,326.29088832694345,1.6666666666666667,118,120,2,0,118,120,36973,0,0,0,0,0
2020-10-27,US,Vermont,Bennington,141,1,0,43.03519828,-73.09048868,50003.0,397.51903016633776,0.7092198581560284,140,137,1,0,136,136,35631,4,0,0,4,1
2020-10-27,US,Vermont,Caledonia,43,0,0,44.46548598,-72.10314651,50005.0,143.36678558330274,0.0,43,41,0,0,41,40,30302,2,0,0,2,1
2020-10-27,US,Vermont,Chittenden,973,39,0,44.46322849,-73.08359212,50007.0,594.1113974135087,4.008221993833503,934,966,39,0,927,963,164572,7,0,0,7,3
2020-10-27,US,Vermont,Essex,7,0,0,44.72736416,-71.73579864,50009.0,113.58104819081615,0.0,7,7,0,0,7,6,6250,0,0,0,0,1
2020-10-27,US,Vermont,Franklin,142,7,0,44.85627605,-72.91249563,50011.0,287.4377555564552,4.929577464788731,135,135,7,0,128,135,49421,7,0,0,7,0
2020-10-27,US,Vermont,Grand Isle,17,0,0,44.797582399999996,-73.29679772,50013.0,234.96890117484446,0.0,17,17,0,0,17,17,7090,0,0,0,0,0
2020-10-27,US,Vermont,Lamoille,63,1,0,44.60353043,-72.64356694,50015.0,248.403122782115,1.5873015873015872,62,63,1,0,62,63,25300,0,0,0,0,0
2020-10-27,US,Vermont,Orange,33,0,0,44.00470222,-72.37640104,50017.0,114.2184687802852,0.0,33,33,0,0,33,32,28999,0,0,0,0,1
2020-10-27,US,Vermont,Orleans,35,0,0,44.82964024,-72.24562697,50019.0,129.45223212634536,0.0,35,33,0,0,33,31,26907,2,0,0,2,2
2020-10-27,US,Vermont,Rutland,135,1,0,43.57723578,-73.03741676,50021.0,231.994638346136,0.7407407407407407,134,134,1,0,133,134,58672,1,0,0,1,0
2020-10-27,US,Vermont,Unassigned,8,0,0,0.0,0.0,90050.0,0.0,0.0,8,8,0,0,8,8,,0,0,0,0,0
2020-10-27,US,Vermont,Washington,131,2,0,44.27343241,-72.61604978,50023.0,224.28050471673885,1.5267175572519085,129,125,2,0,123,124,58140,6,0,0,6,1
2020-10-27,US,Vermont,Windham,146,3,0,42.986982,-72.71268875,50025.0,345.79129363838763,2.054794520547945,143,145,3,0,142,145,42756,1,0,0,1,0
2020-10-27,US,Vermont,Windsor,119,2,0,43.58010937,-72.58595157,50027.0,216.12001017035342,1.680672268907563,117,119,2,0,117,119,55286,0,0,0,0,0
2020-10-27,US,Virginia,Accomack,1211,19,0,37.76707161,-75.63234615,51001.0,3747.3697239757394,1.568951279933939,1192,1210,19,0,1191,1207,32412,1,0,0,1,3
2020-10-27,US,Virginia,Albemarle,1570,24,0,38.02080697,-78.55481085,51003.0,1436.0193908350864,1.5286624203821657,1546,1564,24,0,1540,1562,108718,6,0,0,6,2
2020-10-27,US,Virginia,Alexandria,4248,74,0,38.814003,-77.08183073,51510.0,2664.52567930351,1.7419962335216572,4174,4230,74,0,4156,4216,160530,18,0,0,18,14
2020-10-27,US,Virginia,Alleghany,113,4,0,37.78636074,-80.00222498,51005.0,760.4306864064603,3.5398230088495577,109,113,4,0,109,111,14910,0,0,0,0,2
2020-10-27,US,Virginia,Amelia,147,6,0,37.34081025,-77.98584649,51007.0,1118.2959300114112,4.081632653061225,141,146,6,0,140,146,13013,1,0,0,1,0
2020-10-27,US,Virginia,Amherst,583,6,0,37.60308293,-79.14548696,51009.0,1844.6448346780574,1.0291595197255574,577,573,5,0,568,573,31666,10,1,0,9,0
2020-10-27,US,Virginia,Appomattox,289,6,0,37.37569884,-78.81340003,51011.0,1816.3534661554895,2.0761245674740483,283,290,6,0,284,290,15841,-1,0,0,-1,0
2020-10-27,US,Virginia,Arlington,4586,154,0,38.8767675,-77.10139853,51013.0,1936.3119716942097,3.358046227649368,4432,4562,154,0,4408,4537,237521,24,0,0,24,25
2020-10-27,US,Virginia,Augusta,664,9,0,38.16404586,-79.12461614,51015.0,878.7950978056592,1.355421686746988,655,659,8,0,651,654,75457,5,1,0,4,5
2020-10-27,US,Virginia,Bath,24,0,0,38.05852573,-79.73912095,51017.0,578.7316132143717,0.0,24,24,0,0,24,24,4292,0,0,0,0,0
2020-10-27,US,Virginia,Bedford,1200,18,0,37.3080028,-79.5281964,51019.0,1519.0450270263427,1.5,1182,1186,17,0,1169,1180,78747,14,1,0,13,6
2020-10-27,US,Virginia,Bland,71,5,0,37.13128068,-81.13599391,51021.0,1130.5732484076434,7.042253521126762,66,70,5,0,65,64,6293,1,0,0,1,6
2020-10-27,US,Virginia,Botetourt,390,12,0,37.55531756,-79.80982182,51023.0,1167.0008079236366,3.0769230769230766,378,383,12,0,371,381,33277,7,0,0,7,2
2020-10-27,US,Virginia,Bristol,270,7,0,36.616302399999995,-82.16359122,51520.0,1610.7863023505552,2.592592592592593,263,263,7,0,256,258,16482,7,0,0,7,5
2020-10-27,US,Virginia,Brunswick,421,5,0,36.76366949,-77.8593436,51025.0,2593.801983858049,1.187648456057007,416,421,5,0,416,421,16384,0,0,0,0,0
2020-10-27,US,Virginia,Buchanan,263,2,0,37.26818323,-82.03749726,51027.0,1252.1424490573224,0.7604562737642585,261,258,2,0,256,253,21221,5,0,0,5,5
2020-10-27,US,Virginia,Buckingham,735,9,0,37.57242268,-78.52518834,51029.0,4286.214135759272,1.2244897959183674,726,733,9,0,724,733,16999,2,0,0,2,0
2020-10-27,US,Virginia,Buena Vista,121,1,0,37.73484642,-79.35296097,51530.0,1867.8604507564066,0.8264462809917356,120,121,1,0,120,121,6237,0,0,0,0,0
2020-10-27,US,Virginia,Campbell,714,8,0,37.20553386,-79.09678609,51031.0,1300.901885761137,1.1204481792717087,706,705,8,0,697,702,54973,9,0,0,9,3
2020-10-27,US,Virginia,Caroline,419,6,0,38.02679129,-77.34901405,51033.0,1363.7103336045564,1.431980906921241,413,414,6,0,408,413,30772,5,0,0,5,1
2020-10-27,US,Virginia,Carroll,606,29,0,36.73066666,-80.73455942,51035.0,2034.1713940451814,4.785478547854786,577,602,29,0,573,598,29636,4,0,0,4,4
2020-10-27,US,Virginia,Charles City,101,5,0,37.35358063,-77.05634116,51036.0,1450.5241993393652,4.950495049504951,96,100,5,0,95,99,6941,1,0,0,1,1
2020-10-27,US,Virginia,Charlotte,212,1,0,37.01909701,-78.66314092,51037.0,1784.5117845117843,0.4716981132075472,211,212,1,0,211,212,11938,0,0,0,0,0
2020-10-27,US,Virginia,Charlottesville,1588,31,0,38.03527919,-78.48569588,51540.0,3359.7088816485425,1.9521410579345089,1557,1581,31,0,1550,1573,48117,7,0,0,7,8
2020-10-27,US,Virginia,Chesapeake,4905,79,0,36.67670048,-76.30545744,51550.0,2003.3900381889844,1.6106014271151885,4826,4880,78,0,4802,4859,242634,25,1,0,24,21
2020-10-27,US,Virginia,Chesterfield,7058,106,0,37.37373208,-77.58680140000001,51041.0,2000.5555524061651,1.5018418815528478,6952,7029,102,0,6927,6980,348556,29,4,0,25,49
2020-10-27,US,Virginia,Clarke,117,1,0,39.11271747,-77.99199425,51043.0,800.3283398317259,0.8547008547008547,116,117,1,0,116,117,14523,0,0,0,0,0
2020-10-27,US,Virginia,Colonial Heights,306,26,0,37.26420587,-77.39609676,51570.0,1761.658031088083,8.49673202614379,280,303,26,0,277,303,17833,3,0,0,3,0
2020-10-27,US,Virginia,Covington,37,0,0,37.7824656,-79.98631446,51580.0,668.1112314915132,0.0,37,35,0,0,35,35,5460,2,0,0,2,0
2020-10-27,US,Virginia,Craig,50,0,0,37.48133648,-80.21072274,51045.0,974.4689144416292,0.0,50,49,0,0,49,49,5064,1,0,0,1,0
2020-10-27,US,Virginia,Culpeper,1373,18,0,38.48199985,-77.95630870000002,51047.0,2610.0180591198555,1.3109978150036417,1355,1374,18,0,1356,1340,51859,-1,0,0,-1,34
2020-10-27,US,Virginia,Cumberland,119,2,0,37.51328851,-78.24398086,51049.0,1198.147402335884,1.680672268907563,117,117,2,0,115,116,9809,2,0,0,2,1
2020-10-27,US,Virginia,Danville,1184,42,0,36.58022376,-79.40395668,51590.0,2956.7475776645692,3.5472972972972974,1142,1173,42,0,1131,1169,40693,11,0,0,11,4
2020-10-27,US,Virginia,Dickenson,137,1,0,37.12560977,-82.35124171,51051.0,956.8375471434558,0.7299270072992701,136,134,1,0,133,134,14523,3,0,0,3,0
2020-10-27,US,Virginia,Dinwiddie,520,12,0,37.07544585,-77.63451754,51053.0,1821.7488789237668,2.3076923076923075,508,513,12,0,501,505,28529,7,0,0,7,8
2020-10-27,US,Virginia,Emporia,296,28,0,36.69455571,-77.53406129,51595.0,5536.8499812944265,9.459459459459461,268,295,28,0,267,289,5121,1,0,0,1,6
2020-10-27,US,Virginia,Essex,195,2,0,37.93357639,-76.94230311,51057.0,1780.3341550260202,1.0256410256410255,193,195,2,0,193,194,10919,0,0,0,0,1
2020-10-27,US,Virginia,Fairfax,23534,605,0,38.83677558,-77.27565836,51059.0,2050.8360551165456,2.5707487040027197,22929,23462,606,0,22856,23351,1150795,72,-1,0,73,111
2020-10-27,US,Virginia,Fairfax,23534,605,0,38.83677558,-77.27565836,51059.0,2050.8360551165456,2.5707487040027197,22929,23462,606,0,22856,23351,24574,72,-1,0,73,111
2020-10-27,US,Virginia,Fairfax City,160,8,0,38.85157547,-77.29779640000002,51600.0,666.1393063824473,5.0,152,158,8,0,150,158,24574,2,0,0,2,0
2020-10-27,US,Virginia,Falls Church,75,7,0,38.88485255,-77.17560759,51610.0,513.1011835533967,9.333333333333334,68,75,7,0,68,75,14772,0,0,0,0,0
2020-10-27,US,Virginia,Fauquier,1087,27,0,38.73564842,-77.80647472,51061.0,1526.2138103395016,2.483900643974241,1060,1084,27,0,1057,1080,70675,3,0,0,3,4
2020-10-27,US,Virginia,Floyd,246,15,0,36.9302126,-80.36738849,51063.0,1562.003936757889,6.097560975609755,231,243,15,0,228,241,15795,3,0,0,3,2
2020-10-27,US,Virginia,Fluvanna,426,9,0,37.84157909,-78.27715475,51065.0,1562.1562156215618,2.112676056338028,417,425,9,0,416,425,26783,1,0,0,1,0
2020-10-27,US,Virginia,Franklin,194,1,0,36.99536167,-79.88023649,51067.0,346.1689447200313,0.5154639175257731,193,194,1,0,193,194,56195,0,0,0,0,0
2020-10-27,US,Virginia,Franklin,194,1,0,36.99536167,-79.88023649,51067.0,346.1689447200313,0.5154639175257731,193,194,1,0,193,194,8013,0,0,0,0,0
2020-10-27,US,Virginia,Franklin City,495,13,0,36.6831435,-76.93859681,51620.0,6213.129157775827,2.6262626262626263,482,490,13,0,477,490,8013,5,0,0,5,0
2020-10-27,US,Virginia,Frederick,1169,13,0,39.20172582,-78.25974949,51069.0,1308.880006270084,1.1120615911035072,1156,1158,13,0,1145,1149,88355,11,0,0,11,9
2020-10-27,US,Virginia,Fredericksburg,589,6,0,38.2977863,-77.4922454,51630.0,2028.516324562612,1.0186757215619695,583,585,6,0,579,585,29144,4,0,0,4,0
2020-10-27,US,Virginia,Galax,444,30,0,36.66601852,-80.91703124,51640.0,6995.4309122420045,6.756756756756758,414,443,30,0,413,440,6423,1,0,0,1,3
2020-10-27,US,Virginia,Giles,133,0,0,37.31234791,-80.70636931,51071.0,795.4545454545455,0.0,133,129,0,0,129,125,16844,4,0,0,4,4
2020-10-27,US,Virginia,Gloucester,341,3,0,37.40809042,-76.53524337,51073.0,913.0341651494057,0.8797653958944281,338,345,3,0,342,344,37349,-4,0,0,-4,1
2020-10-27,US,Virginia,Goochland,328,7,0,37.71714806,-77.90381514,51075.0,1380.8782048583334,2.1341463414634148,321,327,7,0,320,326,23244,1,0,0,1,1
2020-10-27,US,Virginia,Grayson,379,19,0,36.65677234,-81.23215889,51077.0,2437.299035369775,5.013192612137203,360,374,19,0,355,374,15631,5,0,0,5,0
2020-10-27,US,Virginia,Greene,292,3,0,38.29545894,-78.46525378,51079.0,1473.3336697108834,1.0273972602739727,289,291,3,0,288,292,19779,1,0,0,1,-1
2020-10-27,US,Virginia,Greensville,894,15,0,36.67878901,-77.56351439,51081.0,7886.3796753705,1.6778523489932886,879,893,14,0,879,890,11627,1,1,0,0,3
2020-10-27,US,Virginia,Halifax,515,8,0,36.76654925,-78.93512622,51083.0,1518.6812538704255,1.5533980582524272,507,510,8,0,502,494,34120,5,0,0,5,16
2020-10-27,US,Virginia,Hampton,2109,32,0,37.03513786,-76.35879121,51650.0,1567.9131663073376,1.5173067804646752,2077,2102,32,0,2070,2100,134313,7,0,0,7,2
2020-10-27,US,Virginia,Hanover,1629,43,0,37.7583355,-77.49464673,51085.0,1511.6084850509435,2.639656230816452,1586,1612,42,0,1570,1603,107239,17,1,0,16,9
2020-10-27,US,Virginia,Harrisonburg,3032,35,0,38.43542574,-78.87536254,51660.0,5719.028217896484,1.1543535620052772,2997,3002,35,0,2967,2988,54033,30,0,0,30,14
2020-10-27,US,Virginia,Henrico,6294,232,0,37.53460572,-77.39326555,51087.0,1902.5566928038986,3.6860502065459166,6062,6249,232,0,6017,6229,329261,45,0,0,45,20
2020-10-27,US,Virginia,Henry,1320,31,0,36.68542395,-79.87634026,51089.0,2610.914413434341,2.3484848484848486,1289,1307,31,0,1276,1293,50953,13,0,0,13,14
2020-10-27,US,Virginia,Highland,10,0,0,38.35799465,-79.56124594,51091.0,456.6210045662101,0.0,10,10,0,0,10,10,2210,0,0,0,0,0
2020-10-27,US,Virginia,Hopewell,514,7,0,37.29186313,-77.29754684,51670.0,2281.503839495761,1.3618677042801557,507,506,7,0,499,500,22596,8,0,0,8,6
2020-10-27,US,Virginia,Isle of Wight,864,26,0,36.90579348,-76.70842863,51093.0,2328.2761594222425,3.0092592592592586,838,858,26,0,832,857,36953,6,0,0,6,1
2020-10-27,US,Virginia,James City,951,22,0,37.31156958,-76.76950618,51095.0,1242.763613554095,2.3133543638275498,929,949,22,0,927,950,76397,2,0,0,2,-1
2020-10-27,US,Virginia,King George,272,5,0,38.26818502,-77.15852768,51099.0,1013.563869429125,1.8382352941176472,267,270,5,0,265,267,26575,2,0,0,2,3
2020-10-27,US,Virginia,King William,203,3,0,37.70965316,-77.09384941,51101.0,1183.811523209704,1.477832512315271,200,200,3,0,197,200,16939,3,0,0,3,0
2020-10-27,US,Virginia,King and Queen,85,2,0,37.71044922,-76.88689628,51097.0,1209.964412811388,2.3529411764705883,83,85,2,0,83,85,7042,0,0,0,0,0
2020-10-27,US,Virginia,Lancaster,198,1,0,37.71889653,-76.46400482,51103.0,1867.396019994341,0.5050505050505051,197,199,1,0,198,199,10783,-1,0,0,-1,0
2020-10-27,US,Virginia,Lee,479,10,0,36.70586667,-83.12606515,51105.0,2044.9985057422186,2.0876826722338206,469,473,9,0,464,460,23541,6,1,0,5,13
2020-10-27,US,Virginia,Lexington,234,1,0,37.78258621,-79.44262866,51678.0,3142.62691377921,0.4273504273504273,233,233,1,0,232,226,7136,1,0,0,1,7
2020-10-27,US,Virginia,Loudoun,7817,130,0,39.08990083,-77.63481877,51107.0,1890.273687061407,1.6630420877574517,7687,7784,130,0,7654,7736,406850,33,0,0,33,48
2020-10-27,US,Virginia,Louisa,395,8,0,37.97850256,-77.96274807,51109.0,1050.783432204517,2.0253164556962027,387,393,8,0,385,388,36778,2,0,0,2,5
2020-10-27,US,Virginia,Lunenburg,151,4,0,36.94618528,-78.24133319,51111.0,1238.1108560183666,2.6490066225165565,147,151,4,0,147,151,12086,0,0,0,0,0
2020-10-27,US,Virginia,Lynchburg,1955,26,0,37.40021399,-79.19888138,51680.0,2379.271735955603,1.329923273657289,1929,1936,25,0,1911,1923,82126,19,1,0,18,13
2020-10-27,US,Virginia,Madison,131,3,0,38.41531222,-78.28220331,51113.0,987.8591358117787,2.2900763358778624,128,130,3,0,127,130,13295,1,0,0,1,0
2020-10-27,US,Virginia,Manassas,2043,27,0,38.7464321,-77.48509905,51683.0,4972.6177437020815,1.3215859030837005,2016,2032,27,0,2005,2032,41641,11,0,0,11,0
2020-10-27,US,Virginia,Manassas Park,644,8,0,38.77058531,-77.44399307,51685.0,3684.632108936949,1.2422360248447204,636,642,8,0,634,642,17307,2,0,0,2,0
2020-10-27,US,Virginia,Martinsville,482,24,0,36.68212094,-79.86352771,51690.0,3839.413732674845,4.979253112033195,458,479,24,0,455,479,12902,3,0,0,3,0
2020-10-27,US,Virginia,Mathews,134,0,0,37.44164146,-76.34098896,51115.0,1516.8666515734662,0.0,134,131,0,0,131,131,8802,3,0,0,3,0
2020-10-27,US,Virginia,Mecklenburg,871,35,0,36.67882005,-78.36131056,51117.0,2847.614999836532,4.018369690011482,836,869,35,0,834,866,30650,2,0,0,2,3
2020-10-27,US,Virginia,Middlesex,145,11,0,37.63191998,-76.55064617,51119.0,1370.2513702513702,7.586206896551723,134,145,11,0,134,145,10769,0,0,0,0,0
2020-10-27,US,Virginia,Montgomery,2751,5,0,37.17746986,-80.37868691,51121.0,2791.901354848531,0.1817520901490367,2746,2738,5,0,2733,2712,98985,13,0,0,13,26
2020-10-27,US,Virginia,Nelson,136,2,0,37.78790447,-78.88498513,51125.0,910.9176155391827,1.4705882352941178,134,136,2,0,134,136,14836,0,0,0,0,0
2020-10-27,US,Virginia,New Kent,280,3,0,37.50694406,-76.99828634,51127.0,1212.5936512060975,1.0714285714285714,277,285,3,0,282,284,22391,-5,0,0,-5,1
2020-10-27,US,Virginia,Newport News,3182,51,0,37.08166899,-76.51754109,51700.0,1775.4219556423486,1.6027655562539282,3131,3166,51,0,3115,3160,178626,16,0,0,16,6
2020-10-27,US,Virginia,Norfolk,5369,84,0,36.89934014,-76.26420872,51710.0,2211.813365630999,1.564537157757497,5285,5331,85,0,5246,5330,244076,38,-1,0,39,1
2020-10-27,US,Virginia,Northampton,319,31,0,37.34062933,-75.87751591,51131.0,2724.167378309137,9.717868338557992,288,319,31,0,288,319,11735,0,0,0,0,0
2020-10-27,US,Virginia,Northumberland,218,7,0,37.89202088,-76.41949732,51133.0,1802.3976849937992,3.2110091743119265,211,216,7,0,209,215,12147,2,0,0,2,1
2020-10-27,US,Virginia,Norton,50,0,0,36.93357076,-82.62750411,51720.0,1255.9658377292135,0.0,50,49,0,0,49,48,3968,1,0,0,1,1
2020-10-27,US,Virginia,Nottoway,351,21,0,37.1435975,-78.05065922,51135.0,2304.359243697479,5.982905982905983,330,340,21,0,319,340,15420,11,0,0,11,0
2020-10-27,US,Virginia,Orange,400,5,0,38.24530219,-78.01560400000002,51137.0,1079.5929934414726,1.25,395,402,5,0,397,392,36644,-2,0,0,-2,10
2020-10-27,US,Virginia,Page,470,30,0,38.61807452,-78.48797204,51139.0,1966.3626474771984,6.382978723404255,440,469,30,0,439,465,23933,1,0,0,1,4
2020-10-27,US,Virginia,Patrick,320,27,0,36.680163799999995,-80.2865648,51141.0,1817.3557473875512,8.4375,293,319,27,0,292,318,17673,1,0,0,1,1
2020-10-27,US,Virginia,Petersburg,926,30,0,37.20530399,-77.39368102,51730.0,2954.124928220507,3.239740820734341,896,918,30,0,888,912,31567,8,0,0,8,6
2020-10-27,US,Virginia,Pittsylvania,1284,17,0,36.81980341,-79.39731264,51143.0,2127.448056466845,1.32398753894081,1267,1275,17,0,1258,1271,60949,9,0,0,9,4
2020-10-27,US,Virginia,Poquoson,97,2,0,37.14259351,-76.35798148,51735.0,790.4816233395811,2.061855670103093,95,97,2,0,95,97,12190,0,0,0,0,0
2020-10-27,US,Virginia,Portsmouth,2824,69,0,36.85914825,-76.35971629,51740.0,2991.5888048475604,2.443342776203966,2755,2819,69,0,2750,2810,94632,5,0,0,5,9
2020-10-27,US,Virginia,Powhatan,312,5,0,37.55016038,-77.91267882,51145.0,1052.2055847834886,1.6025641025641026,307,311,5,0,306,306,29189,1,0,0,1,5
2020-10-27,US,Virginia,Prince Edward,760,13,0,37.22554789,-78.43597949,51147.0,3333.0409613191828,1.7105263157894737,747,746,13,0,733,745,22950,14,0,0,14,1
2020-10-27,US,Virginia,Prince George,1087,7,0,37.18497668,-77.22922187,51149.0,2834.1981070581182,0.6439742410303588,1080,1075,6,0,1069,1067,38082,12,1,0,11,8
2020-10-27,US,Virginia,Prince William,14162,223,0,38.70916224,-77.48713689,51153.0,3011.045318762159,1.5746363507979098,13939,14015,223,0,13792,13984,468011,147,0,0,147,31
2020-10-27,US,Virginia,Pulaski,296,6,0,37.06474963,-80.71229738,51155.0,869.897434390337,2.0270270270270268,290,293,6,0,287,289,34066,3,0,0,3,4
2020-10-27,US,Virginia,Radford,929,1,0,37.12222899,-80.56027320000003,51750.0,5090.689900816483,0.10764262648008613,928,925,1,0,924,923,18339,4,0,0,4,2
2020-10-27,US,Virginia,Rappahannock,69,2,0,38.68295619,-78.15826963,51157.0,936.2279511533244,2.898550724637681,67,69,2,0,67,69,7252,0,0,0,0,0
2020-10-27,US,Virginia,Richmond,380,4,0,37.937575,-76.72920628,51159.0,4211.459603236173,1.0526315789473684,376,379,5,0,374,378,9038,1,-1,0,2,1
2020-10-27,US,Virginia,Richmond City,5320,77,0,37.53255773,-77.47966921,51760.0,2308.667048551441,1.4473684210526316,5243,5285,76,0,5209,5261,228783,35,1,0,34,24
2020-10-27,US,Virginia,Roanoke,1502,14,0,37.26865804,-80.06396753,51161.0,1594.7168368972034,0.9320905459387484,1488,1468,14,0,1454,1458,94073,34,0,0,34,10
2020-10-27,US,Virginia,Roanoke City,2730,39,0,37.27791025,-79.96189766,51770.0,2753.5983377545567,1.4285714285714286,2691,2695,37,0,2658,2647,99920,35,2,0,33,48
2020-10-27,US,Virginia,Rockbridge,152,3,0,37.81204314,-79.44605905,51163.0,673.3708412705445,1.973684210526316,149,151,3,0,148,150,22752,1,0,0,1,1
2020-10-27,US,Virginia,Rockingham,1753,27,0,38.51006137,-78.87260325,51165.0,2139.161419436716,1.540216771249287,1726,1742,27,0,1715,1738,81244,11,0,0,11,4
2020-10-27,US,Virginia,Russell,478,8,0,36.93028320000001,-82.10095486,51167.0,1797.9387647634094,1.6736401673640169,470,472,8,0,464,466,26748,6,0,0,6,6
2020-10-27,US,Virginia,Salem,555,7,0,37.2836193,-80.06219455,51775.0,2193.589186198174,1.2612612612612613,548,534,6,0,528,532,25643,21,1,0,20,2
2020-10-27,US,Virginia,Scott,367,6,0,36.71466456,-82.60171704,51169.0,1701.7527589724564,1.6348773841961852,361,352,6,0,346,343,21534,15,0,0,15,9
2020-10-27,US,Virginia,Shenandoah,966,61,0,38.85905135,-78.56813762,51171.0,2214.7835656639763,6.314699792960663,905,963,61,0,902,954,43497,3,0,0,3,9
2020-10-27,US,Virginia,Smyth,624,27,0,36.84455636,-81.53344948,51173.0,2072.814243954292,4.326923076923077,597,617,25,0,592,616,30472,7,2,0,5,1
2020-10-27,US,Virginia,Southampton,921,38,0,36.72231125,-77.10642712,51175.0,5223.75361579037,4.1259500542888174,883,919,37,0,882,916,17586,2,1,0,1,3
2020-10-27,US,Virginia,Spotsylvania,2432,51,0,38.18574462,-77.655399,51177.0,1785.4127665822416,2.0970394736842106,2381,2420,51,0,2369,2411,134238,12,0,0,12,9
2020-10-27,US,Virginia,Stafford,2341,20,0,38.41758738,-77.45917053,51179.0,1531.2463206917753,0.8543357539513029,2321,2328,20,0,2308,2323,149960,13,0,0,13,5
2020-10-27,US,Virginia,Staunton,390,3,0,38.15965544,-79.05979937,51790.0,1564.2547729825126,0.7692307692307693,387,383,3,0,380,381,24922,7,0,0,7,2
2020-10-27,US,Virginia,Suffolk,2290,78,0,36.70155394,-76.63603554,51800.0,2486.2118382768053,3.406113537117904,2212,2284,78,0,2206,2283,91185,6,0,0,6,1
2020-10-27,US,Virginia,Surry,141,5,0,37.11781893,-76.88450012,51181.0,2195.5777016505763,3.5460992907801416,136,141,5,0,136,140,6474,0,0,0,0,1
2020-10-27,US,Virginia,Sussex,639,13,0,36.92432914,-77.25791182,51183.0,5726.319562684828,2.0344287949921758,626,640,13,0,627,640,11237,-1,0,0,-1,0
2020-10-27,US,Virginia,Tazewell,514,2,0,37.12191123,-81.56685568,51185.0,1266.1657839635425,0.3891050583657588,512,502,2,0,500,488,40855,12,0,0,12,14
2020-10-27,US,Virginia,Virginia Beach,7881,105,0,36.73285734,-76.04566934,51810.0,1751.4345273282456,1.3323182337266843,7776,7833,104,0,7729,7802,450189,48,1,0,47,31
2020-10-27,US,Virginia,Warren,583,20,0,38.90847745,-78.20280433,51187.0,1451.5486505328156,3.4305317324185247,563,572,20,0,552,570,40003,11,0,0,11,2
2020-10-27,US,Virginia,Washington,980,26,0,36.72341572,-81.95666289,51191.0,1823.595087458132,2.653061224489796,954,979,26,0,953,962,54402,1,0,0,1,17
2020-10-27,US,Virginia,Waynesboro,388,4,0,38.06451466,-78.90293905,51820.0,1714.5382235969946,1.0309278350515465,384,385,4,0,381,385,22628,3,0,0,3,0
2020-10-27,US,Virginia,Westmoreland,337,5,0,38.11021557,-76.80213247,51193.0,1870.663336108798,1.483679525222552,332,337,5,0,332,335,17830,0,0,0,0,2
2020-10-27,US,Virginia,Williamsburg,215,8,0,37.28131268,-76.70905141,51830.0,1437.7424100575095,3.72093023255814,207,215,8,0,207,213,14896,0,0,0,0,2
2020-10-27,US,Virginia,Winchester,611,5,0,39.17054517,-78.17325058,51840.0,2176.0809174442625,0.8183306055646481,606,607,5,0,602,596,28108,4,0,0,4,11
2020-10-27,US,Virginia,Wise,619,10,0,36.9746148,-82.62410519,51195.0,1655.8328652061095,1.615508885298869,609,609,10,0,599,584,38012,10,0,0,10,25
2020-10-27,US,Virginia,Wythe,339,6,0,36.91582035,-81.07834059,51197.0,1181.8435364663226,1.7699115044247788,333,334,6,0,328,332,28754,5,0,0,5,2
2020-10-27,US,Virginia,York,640,9,0,37.24374789,-76.54412815,51199.0,937.3169302870532,1.40625,631,637,9,0,628,637,67846,3,0,0,3,0
2020-10-27,US,Washington,Adams,917,10,0,46.98299757,-118.56017340000001,53001.0,4588.900565480659,1.0905125408942202,907,917,10,0,907,913,19759,0,0,0,0,4
2020-10-27,US,Washington,Asotin,234,8,0,46.18894415,-117.2022851,53003.0,1036.223540873262,3.418803418803418,226,230,8,0,222,222,22610,4,0,0,4,8
2020-10-27,US,Washington,Benton,5243,135,0,46.23946995,-119.51208340000001,53005.0,2565.1939918782723,2.57486172038909,5108,5223,134,0,5089,5197,201877,20,1,0,19,26
2020-10-27,US,Washington,Chelan,2002,17,0,47.87046092,-120.6173956,53007.0,2593.2642487046633,0.8491508491508492,1985,2000,16,0,1984,2000,77036,2,1,0,1,0
2020-10-27,US,Washington,Clallam,264,1,0,48.04754642,-123.92263190000001,53009.0,341.3896108934321,0.3787878787878788,263,264,1,0,263,262,76737,0,0,0,0,2
2020-10-27,US,Washington,Clark,4352,79,0,45.77568046,-122.48292040000001,53011.0,891.36307684115,1.8152573529411764,4273,4295,79,0,4216,4260,481857,57,0,0,57,35
2020-10-27,US,Washington,Columbia,14,1,0,46.29442881,-117.9051983,53013.0,351.3174404015057,7.142857142857142,13,14,1,0,13,14,4059,0,0,0,0,0
2020-10-27,US,Washington,Cowlitz,803,7,0,46.19074721,-122.6782231,53015.0,726.0857377953398,0.8717310087173101,796,798,7,0,791,797,108987,5,0,0,5,1
2020-10-27,US,Washington,Douglas,1233,11,0,47.7361335,-119.69293700000001,53017.0,2839.116719242902,0.8921330089213301,1222,1233,9,0,1224,1232,42907,0,2,0,-2,1
2020-10-27,US,Washington,Ferry,34,0,0,48.471143100000006,-118.5154041,53019.0,445.7847122066343,0.0,34,34,0,0,34,34,7649,0,0,0,0,0
2020-10-27,US,Washington,Franklin,4831,68,0,46.53351425,-118.9018212,53021.0,5073.407405851589,1.4075760712067895,4763,4805,67,0,4738,4787,94347,26,1,0,25,18
2020-10-27,US,Washington,Garfield,16,0,0,46.43197502,-117.54540320000001,53023.0,719.1011235955057,0.0,16,14,0,0,14,14,2247,2,0,0,2,0
2020-10-27,US,Washington,Grant,3335,26,0,47.20753737,-119.4500749,53025.0,3412.358159475305,0.7796101949025487,3309,3329,26,0,3303,3321,97331,6,0,0,6,8
2020-10-27,US,Washington,Grays Harbor,709,11,0,47.14003705,-123.7820567,53027.0,944.5650870625225,1.5514809590973202,698,709,11,0,698,686,73901,0,0,0,0,23
2020-10-27,US,Washington,Island,382,12,0,48.14713305,-122.5216407,53029.0,448.66750449254766,3.141361256544503,370,377,12,0,365,376,84460,5,0,0,5,1
2020-10-27,US,Washington,Jefferson,87,0,0,47.75003077,-123.56097040000002,53031.0,270.0102417677912,0.0,87,86,0,0,86,86,31729,1,0,0,1,0
2020-10-27,US,Washington,King,26599,809,0,47.49137892,-121.8346131,53033.0,1180.7178857075385,3.0414677243505395,25790,26519,809,0,25710,26329,2233163,80,0,0,80,190
2020-10-27,US,Washington,Kitsap,1491,22,0,47.63479026,-122.6436061,53035.0,549.2258898675007,1.4755197853789404,1469,1476,22,0,1454,1469,269805,15,0,0,15,7
2020-10-27,US,Washington,Kittitas,725,22,0,47.12521214,-120.67943899999999,53037.0,1512.4647960780226,3.034482758620689,703,714,22,0,692,713,47364,11,0,0,11,1
2020-10-27,US,Washington,Klickitat,208,3,0,45.87325839,-120.7913598,53039.0,927.5362318840581,1.4423076923076923,205,208,3,0,205,208,22107,0,0,0,0,0
2020-10-27,US,Washington,Lewis,714,12,0,46.57756476,-122.39257690000001,53041.0,884.6816261290843,1.680672268907563,702,709,12,0,697,703,79604,5,0,0,5,6
2020-10-27,US,Washington,Lincoln,76,2,0,47.57705241,-118.41943880000001,53043.0,694.7618612304598,2.631578947368421,74,76,2,0,74,76,10740,0,0,0,0,0
2020-10-27,US,Washington,Mason,520,10,0,47.35007586,-123.1863685,53045.0,778.816199376947,1.9230769230769231,510,519,9,0,510,515,65507,1,1,0,0,4
2020-10-27,US,Washington,Okanogan,1105,11,0,48.54855019,-119.73872240000001,53047.0,2615.818005349999,0.9954751131221721,1094,1103,11,0,1092,1103,42132,2,0,0,2,0
2020-10-27,US,Washington,Pacific,118,3,0,46.55418369,-123.7285716,53049.0,525.1212674113301,2.5423728813559316,115,117,3,0,114,117,22036,1,0,0,1,0
2020-10-27,US,Washington,Pend Oreille,142,1,0,48.53234021,-117.2741804,53051.0,1034.6837656659866,0.7042253521126759,141,140,1,0,139,139,13602,2,0,0,2,1
2020-10-27,US,Washington,Pierce,10027,223,0,47.03892768,-122.14059579999999,53053.0,1107.980286857168,2.2239952129251024,9804,9971,222,0,9749,9895,891299,56,1,0,55,76
2020-10-27,US,Washington,San Juan,32,0,0,48.60182783,-122.96745,53055.0,182.00432260266186,0.0,32,32,0,0,32,31,17128,0,0,0,0,1
2020-10-27,US,Washington,Skagit,1246,23,0,48.48171488,-121.766131,53057.0,964.3589644363608,1.8459069020866772,1223,1241,23,0,1218,1239,128206,5,0,0,5,2
2020-10-27,US,Washington,Skamania,72,1,0,46.02408726,-121.91644029999999,53059.0,595.8785069932964,1.3888888888888888,71,71,1,0,70,71,11924,1,0,0,1,0
2020-10-27,US,Washington,Snohomish,8629,230,0,48.04615983,-121.7170703,53061.0,1049.6507043692668,2.665430524973925,8399,8526,230,0,8296,8494,814901,103,0,0,103,32
2020-10-27,US,Washington,Spokane,9279,198,0,47.62113146,-117.4046494,53063.0,1774.8728954586663,2.133850630455868,9081,9213,199,0,9014,9151,514631,66,-1,0,67,62
2020-10-27,US,Washington,Stevens,251,5,0,48.40035475,-117.8542701,53065.0,548.957854908908,1.99203187250996,246,249,5,0,244,247,45260,2,0,0,2,2
2020-10-27,US,Washington,Thurston,1583,31,0,46.9291895,-122.82906559999999,53067.0,544.855026571578,1.9583070120025268,1552,1572,23,0,1549,1558,286419,11,8,0,3,14
2020-10-27,US,Washington,Unassigned,365,3,0,0.0,0.0,90053.0,0.0,0.821917808219178,362,359,3,0,356,380,,6,0,0,6,-21
2020-10-27,US,Washington,Wahkiakum,10,0,0,46.29180039999999,-123.4250831,53069.0,222.81639928698758,0.0,10,10,0,0,10,10,4426,0,0,0,0,0
2020-10-27,US,Washington,Walla Walla,1141,6,0,46.23040051,-118.4775539,53071.0,1877.880184331797,0.5258545135845749,1135,1132,6,0,1126,1108,60922,9,0,0,9,24
2020-10-27,US,Washington,Whatcom,1577,50,0,48.82227976,-121.74900179999999,53073.0,687.9043128154349,3.1705770450221937,1527,1576,50,0,1526,1565,225685,1,0,0,1,11
2020-10-27,US,Washington,Whitman,1789,14,0,46.90022523,-117.52417630000001,53075.0,3570.573207727926,0.7825600894354388,1775,1787,13,0,1774,1762,49791,2,1,0,1,25
2020-10-27,US,Washington,Yakima,11872,272,0,46.45738486,-120.73801259999999,53077.0,4732.274896062948,2.2911051212938007,11600,11852,271,0,11581,11829,251446,20,1,0,19,23
2020-10-27,US,West Virginia,Barbour,182,1,0,39.1307219,-80.00350858,54001.0,1106.9886259959856,0.5494505494505495,181,175,1,0,174,172,16535,7,0,0,7,3
2020-10-27,US,West Virginia,Berkeley,1569,17,0,39.46704621,-78.02414609,54003.0,1316.5954804440678,1.0834926704907584,1552,1534,17,0,1517,1518,117123,35,0,0,35,16
2020-10-27,US,West Virginia,Boone,352,3,0,38.01974191,-81.69888019,54005.0,1640.4902828913641,0.8522727272727273,349,339,3,0,336,338,21951,13,0,0,13,1
2020-10-27,US,West Virginia,Braxton,63,0,0,38.70036159,-80.72011184,54007.0,451.38640108905923,0.0,63,62,0,0,62,60,14089,1,0,0,1,2
2020-10-27,US,West Virginia,Brooke,219,4,0,40.27367263,-80.57915332,54009.0,998.222343771366,1.8264840182648399,215,214,4,0,210,205,22203,5,0,0,5,9
2020-10-27,US,West Virginia,Cabell,1396,24,0,38.42424062,-82.23855912,54011.0,1518.2989830877154,1.7191977077363896,1372,1354,21,0,1333,1328,93224,42,3,0,39,26
2020-10-27,US,West Virginia,Calhoun,35,0,0,38.84315422,-81.11934872,54013.0,492.33366155577437,0.0,35,34,0,0,34,34,7254,1,0,0,1,0
2020-10-27,US,West Virginia,Clay,61,3,0,38.46231092,-81.07652217,54015.0,716.9722614010342,4.918032786885246,58,60,3,0,57,59,8632,1,0,0,1,1
2020-10-27,US,West Virginia,Doddridge,70,1,0,39.27057157,-80.70671527,54017.0,828.5984848484848,1.4285714285714286,69,70,1,0,69,70,8406,0,0,0,0,0
2020-10-27,US,West Virginia,Fayette,766,21,0,38.02974928,-81.08286634,54019.0,1806.3481582794889,2.741514360313316,745,762,20,0,742,759,43018,4,1,0,3,3
2020-10-27,US,West Virginia,Gilmer,64,0,0,38.9251277,-80.85952723,54021.0,818.100472964336,0.0,64,64,0,0,64,64,8026,0,0,0,0,0
2020-10-27,US,West Virginia,Grant,191,8,0,39.10314817,-79.19440518,54023.0,1651.106500691563,4.18848167539267,183,188,8,0,180,185,11626,3,0,0,3,3
2020-10-27,US,West Virginia,Greenbrier,194,4,0,37.9463652,-80.45335881,54025.0,559.6907275979459,2.061855670103093,190,181,4,0,177,174,34786,13,0,0,13,7
2020-10-27,US,West Virginia,Hampshire,127,1,0,39.32103553,-78.60826476,54027.0,548.0043149946064,0.7874015748031497,126,125,1,0,124,123,23347,2,0,0,2,2
2020-10-27,US,West Virginia,Hancock,219,1,0,40.51943859,-80.57461608,54029.0,760.1527247483513,0.45662100456620996,218,214,1,0,213,213,29094,5,0,0,5,1
2020-10-27,US,West Virginia,Hardy,106,1,0,39.00683177,-78.85855301,54031.0,769.4541231126598,0.9433962264150944,105,105,1,0,104,103,13775,1,0,0,1,2
2020-10-27,US,West Virginia,Harrison,648,12,0,39.2853852,-80.37919577,54033.0,963.4828119424292,1.851851851851852,636,644,12,0,632,638,67554,4,0,0,4,6
2020-10-27,US,West Virginia,Jackson,385,24,0,38.84263974,-81.68148753,54035.0,1347.2844344904815,6.233766233766234,361,378,24,0,354,377,28706,7,0,0,7,1
2020-10-27,US,West Virginia,Jefferson,580,5,0,39.30776166,-77.86014147,54037.0,1014.944178070206,0.8620689655172413,575,567,4,0,563,561,56811,13,1,0,12,6
2020-10-27,US,West Virginia,Kanawha,3624,102,0,38.33860077,-81.52857054,54039.0,2034.5377377557209,2.8145695364238406,3522,3564,101,0,3463,3527,180454,60,1,0,59,37
2020-10-27,US,West Virginia,Lewis,82,2,0,38.9947249,-80.49988181,54041.0,515.4963223737977,2.4390243902439024,80,79,2,0,77,76,16024,3,0,0,3,3
2020-10-27,US,West Virginia,Lincoln,244,2,0,38.172154,-82.07017953,54043.0,1195.5509824097212,0.819672131147541,242,236,2,0,234,233,20599,8,0,0,8,3
2020-10-27,US,West Virginia,Logan,751,45,0,37.8299889,-81.93528571,54045.0,2345.482369842906,5.992010652463383,706,748,45,0,703,744,32607,3,0,0,3,4
2020-10-27,US,West Virginia,Marion,377,5,0,39.50984542,-80.24244659,54049.0,672.3498359252391,1.326259946949602,372,371,5,0,366,370,56097,6,0,0,6,1
2020-10-27,US,West Virginia,Marshall,316,4,0,39.86064362,-80.66591062,54051.0,1035.0135927418034,1.2658227848101269,312,290,4,0,286,281,30785,26,0,0,26,9
2020-10-27,US,West Virginia,Mason,175,6,0,38.77071799,-82.02524219,54053.0,659.9788806758182,3.4285714285714284,169,174,6,0,168,173,26718,1,0,0,1,1
2020-10-27,US,West Virginia,McDowell,120,1,0,37.38002939,-81.65083669,54047.0,680.8896958692693,0.8333333333333334,119,117,1,0,116,114,18223,3,0,0,3,3
2020-10-27,US,West Virginia,Mercer,732,30,0,37.40481169,-81.11023142,54055.0,1245.7878076176862,4.0983606557377055,702,704,30,0,674,680,59131,28,0,0,28,24
2020-10-27,US,West Virginia,Mineral,218,4,0,39.41561583,-78.94104895,54057.0,811.3741253535803,1.834862385321101,214,212,4,0,208,210,26940,6,0,0,6,2
2020-10-27,US,West Virginia,Mingo,574,10,0,37.73048351,-82.13338365,54059.0,2450.4781420765025,1.7421602787456445,564,564,10,0,554,557,23785,10,0,0,10,7
2020-10-27,US,West Virginia,Monongalia,2298,5,0,39.63218457,-80.04766838,54061.0,2175.8891035109646,0.2175805047867711,2293,2290,5,0,2285,2277,106420,8,0,0,8,13
2020-10-27,US,West Virginia,Monroe,249,8,0,37.56274716,-80.54577965,54063.0,1875.7062146892652,3.21285140562249,241,241,8,0,233,228,13280,8,0,0,8,13
2020-10-27,US,West Virginia,Morgan,147,0,0,39.55439028,-78.26311676,54065.0,821.9637664951912,0.0,147,141,0,0,141,134,17787,6,0,0,6,7
2020-10-27,US,West Virginia,Nicholas,185,3,0,38.29617706,-80.79759588,54067.0,755.2253429131288,1.6216216216216215,182,185,3,0,182,185,24842,0,0,0,0,0
2020-10-27,US,West Virginia,Ohio,528,8,0,40.0955451,-80.62203992,54069.0,1275.023544468861,1.5151515151515151,520,514,8,0,506,505,41755,14,0,0,14,9
2020-10-27,US,West Virginia,Pendleton,75,1,0,38.68314479,-79.35084086,54071.0,1076.194575979337,1.3333333333333333,74,75,1,0,74,75,6997,0,0,0,0,0
2020-10-27,US,West Virginia,Pleasants,27,3,0,39.37091679,-81.16771771,54073.0,361.93029490616624,11.111111111111109,24,25,3,0,22,24,7507,2,0,0,2,1
2020-10-27,US,West Virginia,Pocahontas,69,0,0,38.32758728,-80.00993811,54075.0,836.6678792288104,0.0,69,68,0,0,68,68,8414,1,0,0,1,0
2020-10-27,US,West Virginia,Preston,199,4,0,39.46770987,-79.66712803,54077.0,595.2380952380953,2.010050251256281,195,199,4,0,195,194,33839,0,0,0,0,5
2020-10-27,US,West Virginia,Putnam,863,13,0,38.50782345,-81.9082131,54079.0,1528.786536758193,1.5063731170336037,850,842,13,0,829,839,56682,21,0,0,21,3
2020-10-27,US,West Virginia,Raleigh,780,9,0,37.76936795,-81.2456041,54081.0,1063.2352339799077,1.1538461538461535,771,761,8,0,753,741,74254,19,1,0,18,20
2020-10-27,US,West Virginia,Randolph,412,1,0,38.769899,-79.87919615,54083.0,1435.7902073531977,0.2427184466019417,411,410,1,0,409,408,28823,2,0,0,2,2
2020-10-27,US,West Virginia,Ritchie,36,0,0,39.18094587,-81.06356878,54085.0,376.80552648105515,0.0,36,36,0,0,36,36,9721,0,0,0,0,0
2020-10-27,US,West Virginia,Roane,106,2,0,38.71622686,-81.35243568,54087.0,774.4009351256575,1.8867924528301887,104,100,2,0,98,99,13932,6,0,0,6,1
2020-10-27,US,West Virginia,Summers,109,1,0,37.65390597,-80.86009693,54089.0,866.9370874095282,0.9174311926605504,108,103,1,0,102,97,12760,6,0,0,6,6
2020-10-27,US,West Virginia,Taylor,166,8,0,39.33602617,-80.0421439,54091.0,994.3096735549568,4.819277108433735,158,166,8,0,158,165,16862,0,0,0,0,1
2020-10-27,US,West Virginia,Tucker,63,0,0,39.11240885,-79.57053576,54093.0,921.1873080859776,0.0,63,63,0,0,63,63,6955,0,0,0,0,0
2020-10-27,US,West Virginia,Tyler,32,1,0,39.46811972,-80.88772676,54095.0,372.4828308695146,3.125,31,32,1,0,31,32,8746,0,0,0,0,0
2020-10-27,US,West Virginia,Upshur,257,3,0,38.89285061,-80.23689136,54097.0,1063.037723362012,1.1673151750972763,254,243,2,0,241,238,24415,14,1,0,13,5
2020-10-27,US,West Virginia,Wayne,580,11,0,38.14901357,-82.42287994,54099.0,1472.0064971321253,1.8965517241379308,569,562,11,0,551,554,39944,18,0,0,18,8
2020-10-27,US,West Virginia,Webster,29,0,0,38.49370949,-80.4202023,54101.0,357.40695094897706,0.0,29,29,0,0,29,29,8285,0,0,0,0,0
2020-10-27,US,West Virginia,Wetzel,173,1,0,39.6065771,-80.64016540000001,54103.0,1148.3571191503486,0.5780346820809249,172,171,1,0,170,151,15270,2,0,0,2,20
2020-10-27,US,West Virginia,Wirt,51,0,0,39.02775007,-81.37473928,54105.0,876.1381205978354,0.0,51,45,0,0,45,42,5830,6,0,0,6,3
2020-10-27,US,West Virginia,Wood,580,6,0,39.20967886,-81.5162836,54107.0,694.461074259441,1.0344827586206895,574,543,6,0,537,533,84203,37,0,0,37,10
2020-10-27,US,West Virginia,Wyoming,256,5,0,37.612327,-81.54511071,54109.0,1255.2711581837796,1.953125,251,251,5,0,246,244,20786,5,0,0,5,7
2020-10-27,US,Wisconsin,Adams,502,5,0,43.96974651,-89.76782777,55001.0,2482.6904055390696,0.99601593625498,497,466,5,0,461,453,20348,36,0,0,36,13
2020-10-27,US,Wisconsin,Ashland,274,3,0,46.31956891,-90.67837132,55003.0,1760.6991389281586,1.094890510948905,271,269,3,0,266,265,15600,5,0,0,5,4
2020-10-27,US,Wisconsin,Barron,1093,6,0,45.42372701,-91.84833627,55005.0,2415.789938997436,0.5489478499542544,1087,1062,6,0,1056,1016,45164,31,0,0,31,46
2020-10-27,US,Wisconsin,Bayfield,225,2,0,46.52868768,-91.19716729,55007.0,1496.4086193136473,0.8888888888888888,223,221,1,0,220,208,15042,4,1,0,3,13
2020-10-27,US,Wisconsin,Brown,15103,93,0,44.452655299999996,-88.00411844,55009.0,5709.1123526698975,0.615771700986559,15010,14588,89,0,14499,14580,263378,515,4,0,511,8
2020-10-27,US,Wisconsin,Buffalo,262,3,0,44.37835084,-91.75332578,55011.0,2010.5901312255392,1.1450381679389312,259,253,3,0,250,248,13125,9,0,0,9,5
2020-10-27,US,Wisconsin,Burnett,308,6,0,45.86303537,-92.36711412,55013.0,1998.183469573116,1.9480519480519483,302,297,6,0,291,293,15392,11,0,0,11,4
2020-10-27,US,Wisconsin,Calumet,2676,11,0,44.0816316,-88.21780273,55015.0,5342.490367146479,0.4110612855007474,2665,2628,11,0,2617,2608,50159,48,0,0,48,20
2020-10-27,US,Wisconsin,Chippewa,1581,11,0,45.06939744,-91.28068855,55017.0,2445.173064431316,0.6957621758380772,1570,1533,11,0,1522,1397,64135,48,0,0,48,136
2020-10-27,US,Wisconsin,Clark,867,15,0,44.73483377,-90.61207486,55019.0,2493.24207741416,1.7301038062283738,852,826,15,0,811,813,34709,41,0,0,41,13
2020-10-27,US,Wisconsin,Columbia,1761,5,0,43.46492199,-89.33589004,55021.0,3060.9052353472853,0.2839295854628052,1756,1718,5,0,1713,1692,57358,43,0,0,43,26
2020-10-27,US,Wisconsin,Crawford,328,0,0,43.23870316,-90.93073686,55023.0,2033.35193106441,0.0,328,323,0,0,323,316,16291,5,0,0,5,7
2020-10-27,US,Wisconsin,Dane,14560,48,0,43.06601594,-89.41733797,55025.0,2663.276598468982,0.3296703296703297,14512,14305,48,0,14257,14126,542364,255,0,0,255,179
2020-10-27,US,Wisconsin,Dodge,4051,27,0,43.41576662,-88.70928178,55027.0,4611.84667402862,0.6665020982473463,4024,3945,27,0,3918,3817,87847,106,0,0,106,128
2020-10-27,US,Wisconsin,Door,780,5,0,44.95856458,-87.30002707,55029.0,2819.141246205001,0.6410256410256411,775,755,5,0,750,751,27610,25,0,0,25,4
2020-10-27,US,Wisconsin,Douglas,774,1,0,46.43222285,-91.91595768,55031.0,1793.7427578215527,0.12919896640826872,773,766,1,0,765,754,43208,8,0,0,8,12
2020-10-27,US,Wisconsin,Dunn,1039,1,0,44.94562799,-91.8962481,55033.0,2290.1604655263627,0.09624639076034648,1038,1017,1,0,1016,994,45131,22,0,0,22,23
2020-10-27,US,Wisconsin,Eau Claire,3442,12,0,44.726614,-91.28609183,55035.0,3289.1844886569957,0.3486345148169669,3430,3320,12,0,3308,3142,104534,122,0,0,122,178
2020-10-27,US,Wisconsin,Florence,210,6,0,45.84963535,-88.39804137,55037.0,4889.406286379511,2.8571428571428568,204,210,7,0,203,206,4321,0,-1,0,1,4
2020-10-27,US,Wisconsin,Fond du Lac,4461,20,0,43.75354908,-88.48885325,55039.0,4314.188176358522,0.4483299708585519,4441,4124,19,0,4105,4127,103066,337,1,0,336,-3
2020-10-27,US,Wisconsin,Forest,464,10,0,45.66678019,-88.77084892,55041.0,5153.265215459794,2.155172413793104,454,449,10,0,439,444,8991,15,0,0,15,5
2020-10-27,US,Wisconsin,Grant,1833,30,0,42.8671731,-90.7063218,55043.0,3563.444079395012,1.6366612111292962,1803,1809,29,0,1780,1780,51554,24,1,0,23,29
2020-10-27,US,Wisconsin,Green,932,5,0,42.6794956,-89.60243287,55045.0,2521.645021645021,0.5364806866952789,927,924,5,0,919,917,36929,8,0,0,8,7
2020-10-27,US,Wisconsin,Green Lake,741,3,0,43.80025981,-89.04679553,55047.0,3917.9400412414734,0.4048582995951417,738,725,2,0,723,706,18918,16,1,0,15,19
2020-10-27,US,Wisconsin,Iowa,466,1,0,43.00050278,-90.13469017,55049.0,1968.071627671256,0.2145922746781116,465,458,1,0,457,432,23771,8,0,0,8,26
2020-10-27,US,Wisconsin,Iron,190,4,0,46.26302338,-90.24295041,55051.0,3340.9530508176545,2.1052631578947367,186,184,2,0,182,183,5676,6,2,0,4,1
2020-10-27,US,Wisconsin,Jackson,472,1,0,44.31864893,-90.80566792,55053.0,2286.489366855593,0.21186440677966098,471,464,1,0,463,439,20478,8,0,0,8,25
2020-10-27,US,Wisconsin,Jefferson,2697,11,0,43.02054068,-88.77529134,55055.0,3181.5876086777007,0.4078605858361142,2686,2621,10,0,2611,2554,85129,76,1,0,75,67
2020-10-27,US,Wisconsin,Juneau,774,4,0,43.92456975,-90.11120239,55057.0,2900.2885299958784,0.5167958656330749,770,759,4,0,755,744,26617,15,0,0,15,15
2020-10-27,US,Wisconsin,Kenosha,4958,76,0,42.57639354,-88.04051686,55059.0,2924.021443610264,1.5328761597418314,4882,4949,76,0,4873,4849,169290,9,0,0,9,100
2020-10-27,US,Wisconsin,Kewaunee,1069,7,0,44.51727459,-87.61468386,55061.0,5231.4769501810715,0.6548175865294668,1062,1034,6,0,1028,1034,20383,35,1,0,34,0
2020-10-27,US,Wisconsin,La Crosse,4187,20,0,43.90632465,-91.11451093,55063.0,3547.824023861172,0.4776689754000478,4167,4103,20,0,4083,4083,118230,84,0,0,84,20
2020-10-27,US,Wisconsin,Lafayette,531,1,0,42.66005229,-90.1317729,55065.0,3186.3186318631865,0.18832391713747645,530,514,1,0,513,511,16665,17,0,0,17,3
2020-10-27,US,Wisconsin,Langlade,954,9,0,45.26271619,-89.07483625,55067.0,4971.598311532649,0.9433962264150944,945,901,9,0,892,886,19268,53,0,0,53,15
2020-10-27,US,Wisconsin,Lincoln,783,10,0,45.33737523,-89.73411273,55069.0,2837.676222230276,1.277139208173691,773,756,7,0,749,742,27689,27,3,0,24,14
2020-10-27,US,Wisconsin,Manitowoc,2764,11,0,44.11946801,-87.80928853,55071.0,3499.5758473556925,0.3979739507959479,2753,2696,10,0,2686,2636,79074,68,1,0,67,60
2020-10-27,US,Wisconsin,Marathon,4620,53,0,44.89792533,-89.75863384,55073.0,3404.769625327949,1.1471861471861469,4567,4495,52,0,4443,4305,135428,125,1,0,124,190
2020-10-27,US,Wisconsin,Marinette,1709,12,0,45.38553432,-88.03324599999998,55075.0,4235.43990086741,0.7021650087770626,1697,1650,11,0,1639,1628,40434,59,1,0,58,22
2020-10-27,US,Wisconsin,Marquette,607,2,0,43.81911946,-89.40073763,55077.0,3897.521510209323,0.32948929159802304,605,602,2,0,600,595,15434,5,0,0,5,7
2020-10-27,US,Wisconsin,Menominee,298,0,0,45.00422544,-88.70950714,55078.0,6540.825285338015,0.0,298,288,0,0,288,283,4658,10,0,0,10,5
2020-10-27,US,Wisconsin,Milwaukee,40143,578,0,43.00486062,-87.96733172,55079.0,4244.6755191249895,1.4398525272152056,39565,39158,571,0,38587,38960,948201,985,7,0,978,198
2020-10-27,US,Wisconsin,Monroe,1111,4,0,43.94641218,-90.61881899999999,55081.0,2402.0063563444533,0.36003600360036003,1107,1085,4,0,1081,1069,46051,26,0,0,26,16
2020-10-27,US,Wisconsin,Oconto,2090,14,0,45.02715345,-88.26807503,55083.0,5510.150276825731,0.6698564593301436,2076,2063,13,0,2050,2062,37830,27,1,0,26,1
2020-10-27,US,Wisconsin,Oneida,1222,14,0,45.70677897,-89.51944105,55085.0,3433.066441916,1.1456628477905073,1208,1208,13,0,1195,1172,35470,14,1,0,13,36
2020-10-27,US,Wisconsin,Outagamie,9176,72,0,44.41578887,-88.46565023,55087.0,4883.838518242542,0.7846556233653008,9104,8987,63,0,8924,8862,187365,189,9,0,180,125
2020-10-27,US,Wisconsin,Ozaukee,2209,24,0,43.38352225,-87.94625009,55089.0,2475.874513847637,1.0864644635581708,2185,2142,23,0,2119,2130,89147,67,1,0,66,12
2020-10-27,US,Wisconsin,Pepin,140,0,0,44.58307413,-91.99949611,55091.0,1921.2295869356387,0.0,140,133,0,0,133,132,7289,7,0,0,7,1
2020-10-27,US,Wisconsin,Pierce,693,7,0,44.71850291,-92.4224416,55093.0,1620.9009683304487,1.0101010101010102,686,681,7,0,674,665,42555,12,0,0,12,16
2020-10-27,US,Wisconsin,Polk,548,3,0,45.46130348,-92.44182875,55095.0,1251.6273439462805,0.5474452554744526,545,537,2,0,535,525,43598,11,1,0,10,12
2020-10-27,US,Wisconsin,Portage,2730,21,0,44.47558711,-89.50152965,55097.0,3857.457751653196,0.7692307692307693,2709,2673,19,0,2654,2649,70942,57,2,0,55,24
2020-10-27,US,Wisconsin,Price,355,2,0,45.68051754,-90.36098879999999,55099.0,2658.976855666242,0.5633802816901409,353,352,1,0,351,345,13397,3,1,0,2,7
2020-10-27,US,Wisconsin,Racine,7299,112,0,42.74753117,-88.05941254,55101.0,3718.079985329401,1.5344567749006712,7187,7004,107,0,6897,6975,196584,295,5,0,290,29
2020-10-27,US,Wisconsin,Richland,458,8,0,43.3762778,-90.43012729,55103.0,2654.764664966381,1.7467248908296944,450,449,8,0,441,447,17377,9,0,0,9,2
2020-10-27,US,Wisconsin,Rock,5077,44,0,42.67151616,-89.07147900000002,55105.0,3107.9740930739367,0.8666535355524916,5033,4923,42,0,4881,4734,163129,154,2,0,152,189
2020-10-27,US,Wisconsin,Rusk,205,1,0,45.47498854,-91.1333012,55107.0,1445.9021018479334,0.4878048780487805,204,199,1,0,198,198,14147,6,0,0,6,1
2020-10-27,US,Wisconsin,Sauk,1732,7,0,43.42574087,-89.94966132,55111.0,2687.688153688588,0.4041570438799077,1725,1643,7,0,1636,1642,64249,89,0,0,89,1
2020-10-27,US,Wisconsin,Sawyer,372,3,0,45.87931905,-91.14504927,55113.0,2246.648145911342,0.8064516129032258,369,369,3,0,366,364,16489,3,0,0,3,5
2020-10-27,US,Wisconsin,Shawano,2406,23,0,44.78902246,-88.76443896,55115.0,5882.7844201569715,0.9559434746467166,2383,2356,18,0,2338,2328,40796,50,5,0,45,28
2020-10-27,US,Wisconsin,Sheboygan,4697,26,0,43.72099677,-87.94579284,55117.0,4072.307959077511,0.5535448158398978,4671,4590,24,0,4566,4377,115456,107,2,0,105,213
2020-10-27,US,Wisconsin,St. Croix,1806,11,0,45.03437474,-92.45000068,55109.0,1991.4651493598865,0.6090808416389811,1795,1775,11,0,1764,1693,89694,31,0,0,31,82
2020-10-27,US,Wisconsin,Taylor,475,7,0,45.21179252,-90.5004405,55119.0,2334.9555129528585,1.4736842105263157,468,475,7,0,468,462,20412,0,0,0,0,13
2020-10-27,US,Wisconsin,Trempealeau,1006,2,0,44.30360275,-91.35893614,55121.0,3393.031805457182,0.1988071570576541,1004,990,2,0,988,966,29442,16,0,0,16,24
2020-10-27,US,Wisconsin,Vernon,495,2,0,43.59422667,-90.8324691,55123.0,1605.9957173447538,0.404040404040404,493,485,2,0,483,473,30785,10,0,0,10,12
2020-10-27,US,Wisconsin,Vilas,555,5,0,46.05467334,-89.51719204,55125.0,2500.563189907637,0.9009009009009008,550,543,5,0,538,538,21938,12,0,0,12,5
2020-10-27,US,Wisconsin,Walworth,3385,38,0,42.66858202,-88.54163073,55127.0,3258.944044364,1.1225997045790248,3347,3355,37,0,3318,3322,103718,30,1,0,29,33
2020-10-27,US,Wisconsin,Washburn,242,2,0,45.89838588,-91.79050449,55129.0,1539.440203562341,0.8264462809917356,240,230,2,0,228,229,15878,12,0,0,12,1
2020-10-27,US,Wisconsin,Washington,4367,42,0,43.36863664,-88.22974712,55131.0,3210.226855050943,0.9617586443782916,4325,4281,42,0,4239,4269,135693,86,0,0,86,12
2020-10-27,US,Wisconsin,Waukesha,12186,119,0,43.01833055,-88.30431188,55133.0,3014.8590542259003,0.9765304447726899,12067,11876,113,0,11763,11693,403072,310,6,0,304,183
2020-10-27,US,Wisconsin,Waupaca,2371,38,0,44.47068056,-88.96534501,55135.0,4649.931359090017,1.6026992830029525,2333,2313,38,0,2275,2274,51128,58,0,0,58,39
2020-10-27,US,Wisconsin,Waushara,1009,5,0,44.11324419,-89.24317107,55137.0,4127.9711982980825,0.4955401387512389,1004,980,5,0,975,962,24263,29,0,0,29,18
2020-10-27,US,Wisconsin,Winnebago,8726,59,0,44.06886922,-88.64477096,55139.0,5076.000395562717,0.6761402704561081,8667,8553,56,0,8497,8471,171020,173,3,0,170,82
2020-10-27,US,Wisconsin,Wood,1679,9,0,44.45537896,-90.04158336,55141.0,2300.0315072809217,0.5360333531864205,1670,1634,9,0,1625,1621,73055,45,0,0,45,13
2020-10-27,US,Wyoming,Albany,1386,4,0,41.65498705,-105.72354150000001,56001.0,3564.8148148148152,0.2886002886002886,1382,1371,4,0,1367,1279,38601,15,0,0,15,92
2020-10-27,US,Wyoming,Big Horn,233,7,0,44.52405055,-107.9960365,56003.0,1976.2510602205261,3.004291845493562,226,227,7,0,220,216,11881,6,0,0,6,11
2020-10-27,US,Wyoming,Campbell,948,3,0,44.24886082,-105.54744040000001,56005.0,2045.7046675729919,0.3164556962025317,945,897,3,0,894,833,46140,51,0,0,51,64
2020-10-27,US,Wyoming,Carbon,315,2,0,41.69357844,-106.9326084,56007.0,2128.378378378379,0.6349206349206349,313,314,2,0,312,307,14971,1,0,0,1,7
2020-10-27,US,Wyoming,Converse,301,0,0,42.97272268,-105.5081848,56009.0,2177.687744175952,0.0,301,294,0,0,294,285,13640,7,0,0,7,9
2020-10-27,US,Wyoming,Crook,109,1,0,44.58855102,-104.56977049999999,56011.0,1437.2362869198312,0.9174311926605504,108,104,1,0,103,103,7450,5,0,0,5,1
2020-10-27,US,Wyoming,Fremont,1290,15,0,43.04183996,-108.6296893,56013.0,3285.7033697562465,1.162790697674419,1275,1262,15,0,1247,1229,39531,28,0,0,28,33
2020-10-27,US,Wyoming,Goshen,156,3,0,42.08798185,-104.3534743,56015.0,1180.834153357051,1.9230769230769231,153,155,3,0,152,153,13376,1,0,0,1,2
2020-10-27,US,Wyoming,Hot Springs,51,0,0,43.71930657,-108.44231740000001,56017.0,1155.676410605031,0.0,51,51,0,0,51,50,4555,0,0,0,0,1
2020-10-27,US,Wyoming,Johnson,105,2,0,44.04057166,-106.58451740000001,56019.0,1243.3392539964475,1.9047619047619049,103,98,2,0,96,91,8460,7,0,0,7,7
2020-10-27,US,Wyoming,Laramie,1553,6,0,41.30702520000001,-104.6887497,56021.0,1560.8040201005026,0.386349001931745,1547,1487,6,0,1481,1435,98976,66,0,0,66,52
2020-10-27,US,Wyoming,Lincoln,339,3,0,42.26376367,-110.6563997,56023.0,1709.5310136157336,0.8849557522123894,336,329,3,0,326,328,19434,10,0,0,10,1
2020-10-27,US,Wyoming,Natrona,1382,8,0,42.96180148,-106.79788500000001,56025.0,1730.5717648826667,0.5788712011577424,1374,1331,8,0,1323,1274,79115,51,0,0,51,57
2020-10-27,US,Wyoming,Niobrara,12,0,0,43.05607708,-104.47588959999999,56027.0,509.3378607809847,0.0,12,11,0,0,11,7,2388,1,0,0,1,4
2020-10-27,US,Wyoming,Park,628,3,0,44.52157546,-109.58528249999999,56029.0,2151.126943892581,0.4777070063694268,625,613,3,0,610,588,29324,15,0,0,15,25
2020-10-27,US,Wyoming,Platte,127,2,0,42.13299116,-104.96633100000001,56031.0,1513.1657333492194,1.5748031496062993,125,126,2,0,124,122,8566,1,0,0,1,4
2020-10-27,US,Wyoming,Sheridan,721,4,0,44.79048913,-106.8862389,56033.0,2365.097588978186,0.5547850208044383,717,695,4,0,691,670,30233,26,0,0,26,25
2020-10-27,US,Wyoming,Sublette,160,1,0,42.76558279,-109.91309220000001,56035.0,1627.504831654969,0.625,159,160,1,0,159,159,9813,0,0,0,0,1
2020-10-27,US,Wyoming,Sweetwater,488,2,0,41.65943896,-108.8827882,56037.0,1152.492737878752,0.4098360655737705,486,476,2,0,474,462,43051,12,0,0,12,14
2020-10-27,US,Wyoming,Teton,761,1,0,43.93522482,-110.5890801,56039.0,3243.2662802591203,0.1314060446780552,760,756,1,0,755,747,23081,5,0,0,5,9
2020-10-27,US,Wyoming,Uinta,451,3,0,41.2878183,-110.54757820000002,56041.0,2229.8032235736177,0.6651884700665188,448,442,3,0,439,431,20299,9,0,0,9,11
2020-10-27,US,Wyoming,Washakie,151,7,0,43.90451606,-107.68018700000002,56043.0,1934.657270980141,4.635761589403972,144,146,7,0,139,145,7885,5,0,0,5,1
2020-10-27,US,Wyoming,Weston,139,0,0,43.83961191,-104.56748809999999,56045.0,2006.6406813916558,0.0,139,132,0,0,132,127,6967,7,0,0,7,5
