Date,Country/Region,Province/State,Admin2,Confirmed,Deaths,Recovered,Latitude,Longitude,FIPS,Incidence_Rate,Case-Fatality_Ratio,Active Cases,Previous Confirmed,Previous Deaths,Previous Recovered,Previous Active,Prev2 Confirmed,Population,Daily Confirmed,Daily Deaths,Daily Recovered,Daily Active,Previous Daily Confirmed
2020-08-14,US,Alabama,Autauga,1206,22,0,32.53952745,-86.64408227,1001.0,2158.621059979595,1.8242122719734657,1184,1196,22,0,1174,1188,55601,10,0,0,10,8
2020-08-14,US,Alabama,Baldwin,3839,29,0,30.72774991,-87.72207058,1003.0,1719.7201143195034,0.7554050533993227,3810,3744,29,0,3715,3710,218022,95,0,0,95,34
2020-08-14,US,Alabama,Barbour,598,6,0,31.868263,-85.3871286,1005.0,2422.4256663696024,1.0033444816053512,592,586,6,0,580,581,24881,12,0,0,12,5
2020-08-14,US,Alabama,Bibb,469,5,0,32.99642064,-87.12511459999996,1007.0,2094.310976154327,1.0660980810234542,464,457,5,0,452,453,22400,12,0,0,12,4
2020-08-14,US,Alabama,Blount,854,5,0,33.98210918,-86.56790593,1009.0,1476.8443260816935,0.585480093676815,849,835,5,0,830,825,57840,19,0,0,19,10
2020-08-14,US,Alabama,Bullock,495,11,0,32.10030533,-85.71265535,1011.0,4900.5049005048995,2.2222222222222223,484,493,11,0,482,492,10138,2,0,0,2,1
2020-08-14,US,Alabama,Butler,788,36,0,31.75300095,-86.68057478,1013.0,4051.830522418758,4.568527918781727,752,775,36,0,739,773,19680,13,0,0,13,2
2020-08-14,US,Alabama,Calhoun,1903,19,0,33.77483727,-85.82630386,1015.0,1675.102328242595,0.9984235417761428,1884,1853,19,0,1834,1828,114277,50,0,0,50,25
2020-08-14,US,Alabama,Chambers,854,38,0,32.91360079,-85.39072749,1017.0,2568.1121068142184,4.4496487119437935,816,848,38,0,810,848,33615,6,0,0,6,0
2020-08-14,US,Alabama,Cherokee,299,8,0,34.17805983,-85.60638968,1019.0,1141.3956329210566,2.6755852842809364,291,288,8,0,280,279,26032,11,0,0,11,9
2020-08-14,US,Alabama,Chilton,857,9,0,32.85044126,-86.7173256,1021.0,1928.9637165751328,1.0501750291715286,848,830,9,0,821,827,44153,27,0,0,27,3
2020-08-14,US,Alabama,Choctaw,292,12,0,32.02227341,-88.26564429999998,1023.0,2319.4852649138143,4.109589041095891,280,290,12,0,278,289,12841,2,0,0,2,1
2020-08-14,US,Alabama,Clarke,835,10,0,31.68099859,-87.83548597,1025.0,3534.8404030141387,1.1976047904191616,825,827,10,0,817,821,23920,8,0,0,8,6
2020-08-14,US,Alabama,Clay,296,5,0,33.26984193,-85.85836077,1027.0,2236.494144314318,1.6891891891891893,291,278,5,0,273,277,13275,18,0,0,18,1
2020-08-14,US,Alabama,Cleburne,132,1,0,33.67679204,-85.52005899,1029.0,885.3118712273642,0.7575757575757576,131,130,1,0,129,129,14987,2,0,0,2,1
2020-08-14,US,Alabama,Coffee,805,6,0,31.39932826,-85.98901039,1031.0,1537.9618661877648,0.7453416149068323,799,781,6,0,775,779,51909,24,0,0,24,2
2020-08-14,US,Alabama,Colbert,1265,18,0,34.69847452,-87.80168544,1033.0,2289.965786281928,1.4229249011857708,1247,1232,18,0,1214,1225,54762,33,0,0,33,7
2020-08-14,US,Alabama,Conecuh,402,10,0,31.43401703,-86.99320044,1035.0,3331.3996850915723,2.487562189054726,392,397,10,0,387,394,12277,5,0,0,5,3
2020-08-14,US,Alabama,Coosa,106,3,0,32.93690146,-86.24847739,1037.0,994.091719028416,2.830188679245283,103,106,3,0,103,105,10715,0,0,0,0,1
2020-08-14,US,Alabama,Covington,771,21,0,31.247785399999998,-86.45050893,1039.0,2081.027828011552,2.723735408560312,750,755,21,0,734,746,36986,16,0,0,16,9
2020-08-14,US,Alabama,Crenshaw,347,8,0,31.72941803,-86.31593104,1041.0,2519.6049956433344,2.3054755043227666,339,333,8,0,325,331,13824,14,0,0,14,2
2020-08-14,US,Alabama,Cullman,1258,12,0,34.13020303,-86.86888037,1043.0,1501.7667844522969,0.9538950715421304,1246,1246,12,0,1234,1238,83442,12,0,0,12,8
2020-08-14,US,Alabama,Dale,871,29,0,31.43037123,-85.61095742,1045.0,1771.3332791019282,3.3295063145809416,842,856,29,0,827,850,48956,15,0,0,15,6
2020-08-14,US,Alabama,Dallas,1363,25,0,32.32688101,-87.10866709999998,1047.0,3664.37251317346,1.8341892883345559,1338,1348,25,0,1323,1347,38310,15,0,0,15,1
2020-08-14,US,Alabama,DeKalb,1893,14,0,34.45946862,-85.80782906,1049.0,2647.07116188665,0.739566825145272,1879,1866,14,0,1852,1852,71385,27,0,0,27,14
2020-08-14,US,Alabama,Elmore,1800,39,0,32.59785413,-86.14415284,1051.0,2216.5030969473833,2.1666666666666665,1761,1783,39,0,1744,1767,81887,17,0,0,17,16
2020-08-14,US,Alabama,Escambia,1104,17,0,31.1256789,-87.15918694,1053.0,3013.676193595938,1.539855072463768,1087,1094,17,0,1077,1094,36748,10,0,0,10,0
2020-08-14,US,Alabama,Etowah,2228,34,0,34.04567266,-86.04051873,1055.0,2178.5895881409633,1.526032315978456,2194,2209,34,0,2175,2190,102501,19,0,0,19,19
2020-08-14,US,Alabama,Fayette,237,5,0,33.72076938,-87.73886638,1057.0,1453.8093485461911,2.109704641350211,232,227,5,0,222,223,16433,10,0,0,10,4
2020-08-14,US,Alabama,Franklin,1325,22,0,34.44235334,-87.84289505,1059.0,4224.858108538996,1.660377358490566,1303,1310,22,0,1288,1308,31363,15,0,0,15,2
2020-08-14,US,Alabama,Geneva,278,2,0,31.09389027,-85.83572839,1061.0,1058.2010582010582,0.7194244604316546,276,269,2,0,267,265,26314,9,0,0,9,4
2020-08-14,US,Alabama,Greene,257,11,0,32.85504247,-87.95684022,1063.0,3168.5365552952776,4.280155642023346,246,255,11,0,244,253,8233,2,0,0,2,2
2020-08-14,US,Alabama,Hale,495,26,0,32.76039258,-87.63284988,1065.0,3378.608968671081,5.252525252525253,469,487,26,0,461,488,14726,8,0,0,8,-1
2020-08-14,US,Alabama,Henry,274,3,0,31.51148016,-85.24267944,1067.0,1592.5603022377215,1.094890510948905,271,268,3,0,265,264,17209,6,0,0,6,4
2020-08-14,US,Alabama,Houston,1510,13,0,31.15197924,-85.29939599,1069.0,1426.1158648306605,0.8609271523178808,1497,1459,13,0,1446,1450,104722,51,0,0,51,9
2020-08-14,US,Alabama,Jackson,1120,5,0,34.78144169,-85.99750489,1071.0,2169.4495021888197,0.44642857142857145,1115,1079,4,0,1075,1072,51736,41,1,0,40,7
2020-08-14,US,Alabama,Jefferson,13905,262,0,33.55554728,-86.89506300000002,1073.0,2111.3832483263054,1.8842143113987773,13643,13578,262,0,13316,13463,659300,327,0,0,327,115
2020-08-14,US,Alabama,Lamar,239,2,0,33.77995024,-88.09668032,1075.0,1731.2567910177472,0.8368200836820083,237,237,2,0,235,230,13844,2,0,0,2,7
2020-08-14,US,Alabama,Lauderdale,1231,20,0,34.90171875,-87.65624729,1077.0,1327.5242912141832,1.6246953696181965,1211,1213,20,0,1193,1203,92387,18,0,0,18,10
2020-08-14,US,Alabama,Lawrence,367,3,0,34.52041498,-87.31069453,1079.0,1114.6883732231806,0.8174386920980926,364,360,3,0,357,356,32957,7,0,0,7,4
2020-08-14,US,Alabama,Lee,2760,47,0,32.60154883,-85.35132246,1081.0,1677.383282079955,1.7028985507246377,2713,2736,47,0,2689,2724,163941,24,0,0,24,12
2020-08-14,US,Alabama,Limestone,1432,13,0,34.81185586,-86.98310072,1083.0,1447.707627761209,0.9078212290502792,1419,1393,13,0,1380,1378,96174,39,0,0,39,15
2020-08-14,US,Alabama,Lowndes,577,24,0,32.1597283,-86.65158371,1085.0,5932.551922681472,4.15944540727903,553,575,24,0,551,575,9974,2,0,0,2,0
2020-08-14,US,Alabama,Macon,345,15,0,32.38759944,-85.69267724,1087.0,1909.4531768873144,4.3478260869565215,330,344,14,0,330,341,18439,1,1,0,0,3
2020-08-14,US,Alabama,Madison,5661,35,0,34.76327133,-86.55069633,1089.0,1518.0647289285052,0.6182653241476771,5626,5550,35,0,5515,5510,366519,111,0,0,111,40
2020-08-14,US,Alabama,Marengo,583,17,0,32.24767634,-87.78796182,1091.0,3090.706674442029,2.9159519725557463,566,572,17,0,555,568,19066,11,0,0,11,4
2020-08-14,US,Alabama,Marion,600,26,0,34.13697363,-87.88704173,1093.0,2019.5900232252848,4.333333333333333,574,592,26,0,566,587,29763,8,0,0,8,5
2020-08-14,US,Alabama,Marshall,3227,38,0,34.36975964,-86.30486727,1095.0,3334.5733358133384,1.1775643012085528,3189,3207,38,0,3169,3199,96109,20,0,0,20,8
2020-08-14,US,Alabama,Mobile,10961,225,0,30.78472347,-88.20842409,1097.0,2652.646354154062,2.0527324149256456,10736,10747,221,0,10526,10671,413757,214,4,0,210,76
2020-08-14,US,Alabama,Monroe,432,6,0,31.56729412,-87.36995001,1099.0,2083.6347851251626,1.3888888888888888,426,425,6,0,419,424,21067,7,0,0,7,1
2020-08-14,US,Alabama,Montgomery,7069,153,0,32.2206831,-86.20969272,1101.0,3121.164222071121,2.1643796859527518,6916,6999,153,0,6846,6955,225763,70,0,0,70,44
2020-08-14,US,Alabama,Morgan,2488,20,0,34.45500589,-86.85475946,1103.0,2078.894375788568,0.8038585209003215,2468,2443,20,0,2423,2425,119089,45,0,0,45,18
2020-08-14,US,Alabama,Perry,455,4,0,32.64048341,-87.29770589,1105.0,5099.181889499047,0.8791208791208791,451,448,4,0,444,446,9140,7,0,0,7,2
2020-08-14,US,Alabama,Pickens,434,10,0,33.28094866,-88.08818103,1107.0,2177.6216758655287,2.3041474654377883,424,413,10,0,403,411,19938,21,0,0,21,2
2020-08-14,US,Alabama,Pike,722,7,0,31.80396383,-85.9408295,1109.0,2180.3466811620465,0.969529085872576,715,716,7,0,709,716,33338,6,0,0,6,0
2020-08-14,US,Alabama,Randolph,409,11,0,33.29526734,-85.45708831,1111.0,1800.0176040841477,2.6894865525672373,398,404,11,0,393,403,22725,5,0,0,5,1
2020-08-14,US,Alabama,Russell,1405,2,0,32.28725256,-85.18415324,1113.0,2424.0437535584274,0.1423487544483986,1403,1391,2,0,1389,1391,57781,14,0,0,14,0
2020-08-14,US,Alabama,Shelby,3466,37,0,33.26879845,-86.66232561,1117.0,1592.0845927001126,1.0675129832660126,3429,3381,37,0,3344,3361,215707,85,0,0,85,20
2020-08-14,US,Alabama,St. Clair,1395,20,0,33.71902176,-86.31029372,1115.0,1558.4502636518012,1.4336917562724014,1375,1381,20,0,1361,1375,88690,14,0,0,14,6
2020-08-14,US,Alabama,Sumter,373,19,0,32.59117397,-88.19916205,1119.0,3001.528928945039,5.093833780160859,354,370,19,0,351,366,12691,3,0,0,3,4
2020-08-14,US,Alabama,Talladega,1122,14,0,33.37823223,-86.16886178,1121.0,1402.8857935932376,1.2477718360071302,1108,1087,14,0,1073,1069,79828,35,0,0,35,18
2020-08-14,US,Alabama,Tallapoosa,887,79,0,32.86698258,-85.79833053,1123.0,2197.339410904948,8.90642615558061,808,878,79,0,799,876,40497,9,0,0,9,2
2020-08-14,US,Alabama,Tuscaloosa,4411,80,0,33.28726072,-87.52556818,1125.0,2106.9475293162327,1.813647698934482,4331,4350,80,0,4270,4327,208911,61,0,0,61,23
2020-08-14,US,Alabama,Unassigned,4223,68,0,0.0,0.0,90001.0,0.0,1.610229694529955,4155,4061,69,0,3992,3985,,162,-1,0,163,76
2020-08-14,US,Alabama,Walker,1599,66,0,33.80270512,-87.30027177,1127.0,2517.2777506651346,4.127579737335835,1533,1562,65,0,1497,1548,63711,37,1,0,36,14
2020-08-14,US,Alabama,Washington,464,13,0,31.4092794,-88.20689944,1129.0,2842.0923680019605,2.8017241379310347,451,453,13,0,440,449,16378,11,0,0,11,4
2020-08-14,US,Alabama,Wilcox,448,10,0,31.98773215,-87.30891118,1131.0,4318.904849127543,2.232142857142857,438,445,10,0,435,436,10627,3,0,0,3,9
2020-08-14,US,Alabama,Winston,464,11,0,34.15030532,-87.37325922,1133.0,1963.6886876296078,2.3706896551724137,453,456,11,0,445,457,23660,8,0,0,8,-1
2020-08-14,US,Alaska,Aleutians East,2,0,0,55.32222414,-161.9722021,2013.0,59.93407252022774,0.0,2,2,0,0,2,2,3515,0,0,0,0,0
2020-08-14,US,Alaska,Aleutians West,5,0,0,52.3233,-174.1596,2016.0,88.74689385871494,0.0,5,4,0,0,4,4,5723,1,0,0,1,0
2020-08-14,US,Alaska,Anchorage,2408,15,0,61.14998174,-149.14269860000005,2020.0,836.1111111111113,0.6229235880398671,2393,2290,14,0,2276,2260,291538,118,1,0,117,30
2020-08-14,US,Alaska,Bethel,29,0,0,60.90980451,-159.8561831,2050.0,157.7287066246057,0.0,29,23,0,0,23,23,18216,6,0,0,6,0
2020-08-14,US,Alaska,Bristol Bay,11,0,0,58.74513976,-156.701064,2060.0,1315.7894736842104,0.0,11,11,0,0,11,10,877,0,0,0,0,1
2020-08-14,US,Alaska,Denali,1,0,0,63.67264044,-150.0076108,2068.0,47.687172150691474,0.0,1,1,0,0,1,1,2059,0,0,0,0,0
2020-08-14,US,Alaska,Dillingham,2,0,0,59.79603738,-158.23819419999995,2070.0,40.68348250610252,0.0,2,2,0,0,2,2,5000,0,0,0,0,0
2020-08-14,US,Alaska,Fairbanks North Star,481,6,0,64.80726247,-146.5692662,2090.0,496.64942332910005,1.2474012474012477,475,462,6,0,456,447,98971,19,0,0,19,15
2020-08-14,US,Alaska,Haines,5,0,0,59.09893571,-135.4679843,2100.0,197.6284584980237,0.0,5,4,0,0,4,4,2474,1,0,0,1,0
2020-08-14,US,Alaska,Juneau,142,1,0,58.45031811,-134.200436,2110.0,444.11084005754685,0.7042253521126759,141,121,1,0,120,115,32113,21,0,0,21,6
2020-08-14,US,Alaska,Kenai Peninsula,349,2,0,60.24429722,-151.53888840000005,2122.0,594.4675342372419,0.5730659025787965,347,344,2,0,342,340,58533,5,0,0,5,4
2020-08-14,US,Alaska,Ketchikan Gateway,39,0,0,55.57445008,-130.975561,2130.0,280.55535572980364,0.0,39,38,0,0,38,36,13918,1,0,0,1,2
2020-08-14,US,Alaska,Kodiak Island,10,0,0,57.65529415,-153.7493579,2150.0,76.93491306354824,0.0,10,10,0,0,10,6,13345,0,0,0,0,4
2020-08-14,US,Alaska,Kusilvak,8,0,0,62.15429159999999,-163.39678830000003,2158.0,96.22323791195574,0.0,8,7,0,0,7,7,8303,1,0,0,1,0
2020-08-14,US,Alaska,Matanuska-Susitna,372,2,0,62.31305045,-149.5741743,2170.0,343.43639502571165,0.5376344086021505,370,362,2,0,360,354,107610,10,0,0,10,8
2020-08-14,US,Alaska,Nome,24,0,0,64.90320724,-164.0353804,2180.0,239.9040383846461,0.0,24,24,0,0,24,19,10008,0,0,0,0,5
2020-08-14,US,Alaska,North Slope,21,0,0,69.31479216,-153.4836093,2185.0,213.58828315703826,0.0,21,20,0,0,20,19,9872,1,0,0,1,1
2020-08-14,US,Alaska,Northwest Arctic,44,0,0,67.04919196,-159.7503946,2188.0,577.3520535362812,0.0,44,43,0,0,43,41,7671,1,0,0,1,2
2020-08-14,US,Alaska,Petersburg,7,1,0,57.13978948,-132.9540995,2195.0,214.32945499081444,14.285714285714285,6,7,1,0,6,6,3221,0,0,0,0,1
2020-08-14,US,Alaska,Prince of Wales-Hyder,13,0,0,55.76261984,-133.0511621,2198.0,209.5760116072868,0.0,13,11,0,0,11,9,6422,2,0,0,2,2
2020-08-14,US,Alaska,Sitka,31,0,0,57.24124555,-135.3206587,2220.0,365.006475921347,0.0,31,28,0,0,28,28,8647,3,0,0,3,0
2020-08-14,US,Alaska,Southeast Fairbanks,18,0,0,63.87692095,-143.2127643,2240.0,261.13448425939356,0.0,18,17,0,0,17,17,6918,1,0,0,1,0
2020-08-14,US,Alaska,Unassigned,1,0,0,0.0,0.0,90002.0,0.0,0.0,1,2,0,0,2,,,-1,0,0,-1,
2020-08-14,US,Alaska,Valdez-Cordova,59,0,0,61.47502768,-144.7126799,2261.0,641.1649641382309,0.0,59,59,0,0,59,59,9164,0,0,0,0,0
2020-08-14,US,Alaska,Wrangell,8,0,0,56.3202004,-132.05837309999998,2275.0,319.744204636291,0.0,8,8,0,0,8,8,2503,0,0,0,0,0
2020-08-14,US,Alaska,Yakutat,9,0,0,59.890980799999994,-140.36014509999998,2282.0,1554.4041450777206,0.0,9,8,0,0,8,8,604,1,0,0,1,0
2020-08-14,US,Alaska,Yukon-Koyukuk,57,1,0,65.50815459,-151.39073869999999,2290.0,1089.866156787763,1.7543859649122806,56,55,1,0,54,54,5327,2,0,0,2,1
2020-08-14,US,Arizona,Apache,3241,142,0,35.39465006,-109.4892383,4001.0,4508.464673724039,4.381363776612156,3099,3218,140,0,3078,3212,71818,23,2,0,21,6
2020-08-14,US,Arizona,Cochise,1760,57,0,31.87934684,-109.7516088,4003.0,1397.690633884468,3.238636363636364,1703,1747,57,0,1690,1732,126770,13,0,0,13,15
2020-08-14,US,Arizona,Coconino,3167,120,0,35.83883429,-111.77071780000001,4005.0,2207.3378125958347,3.7890748342279763,3047,3146,119,0,3027,3130,142854,21,1,0,20,16
2020-08-14,US,Arizona,Gila,998,42,0,33.80190085,-110.8132779,4007.0,1847.5323040468,4.208416833667335,956,978,41,0,937,976,53889,20,1,0,19,2
2020-08-14,US,Arizona,Graham,596,21,0,32.93166885,-109.8882178,4009.0,1534.6190488451737,3.523489932885906,575,574,19,0,555,559,38072,22,2,0,20,15
2020-08-14,US,Arizona,Greenlee,57,1,0,33.21498827,-109.2405279,4011.0,600.1263423878711,1.7543859649122806,56,57,1,0,56,57,9483,0,0,0,0,0
2020-08-14,US,Arizona,La Paz,490,12,0,33.72854224,-113.98100290000001,4012.0,2321.394731855221,2.4489795918367347,478,488,12,0,476,486,21098,2,0,0,2,2
2020-08-14,US,Arizona,Maricopa,128865,2585,0,33.34835867,-112.49181540000001,4013.0,2872.9789491003507,2.0059752454118653,126280,127768,2517,0,125251,127188,4410824,1097,68,0,1029,580
2020-08-14,US,Arizona,Mohave,3348,184,0,35.70471703,-113.7577902,4015.0,1577.8981152883625,5.4958183990442055,3164,3285,180,0,3105,3250,209550,63,4,0,59,35
2020-08-14,US,Arizona,Navajo,5451,208,0,35.3997715,-110.3218983,4017.0,4914.175471493996,3.8158136121812514,5243,5430,204,0,5226,5408,110445,21,4,0,17,22
2020-08-14,US,Arizona,Pima,19313,530,0,32.0971334,-111.7890033,4019.0,1844.1122184250805,2.7442655206337703,18783,19001,511,0,18490,18508,1039073,312,19,0,293,493
2020-08-14,US,Arizona,Pinal,8684,169,0,32.90525627,-111.3449483,4021.0,1876.4490945117536,1.9461077844311376,8515,8616,164,0,8452,8555,447138,68,5,0,63,61
2020-08-14,US,Arizona,Santa Cruz,2697,55,0,31.52508998,-110.8479088,4023.0,5800.249473095617,2.0393029291805713,2642,2698,55,0,2643,2675,46511,-1,0,0,-1,23
2020-08-14,US,Arizona,Unassigned,0,1,0,0.0,0.0,90004.0,0.0,0.0,-1,1,1,0,0,1,,-1,0,0,-1,0
2020-08-14,US,Arizona,Yavapai,2134,73,0,34.59933926,-112.5538588,4025.0,907.7027124743194,3.4208059981255867,2061,2084,71,0,2013,2065,231993,50,2,0,48,19
2020-08-14,US,Arizona,Yuma,11853,292,0,32.76895712,-113.90666740000002,4027.0,5544.303442211173,2.463511347338226,11561,11703,291,0,11412,11641,212128,150,1,0,149,62
2020-08-14,US,Arkansas,Arkansas,246,2,0,34.29145151,-91.37277296,5001.0,1406.839757520302,0.8130081300813008,244,241,1,0,240,233,17769,5,1,0,4,8
2020-08-14,US,Arkansas,Ashley,352,5,0,33.19153461,-91.76984709999999,5003.0,1790.7106883044207,1.4204545454545454,347,337,5,0,332,335,20046,15,0,0,15,2
2020-08-14,US,Arkansas,Baxter,81,0,0,36.28784385,-92.33782872,5005.0,193.16989411428025,0.0,81,78,0,0,78,76,41619,3,0,0,3,2
2020-08-14,US,Arkansas,Benton,4900,43,0,36.33644656,-94.25680817,5007.0,1755.3852712428486,0.8775510204081632,4857,4864,43,0,4821,4825,272608,36,0,0,36,39
2020-08-14,US,Arkansas,Boone,225,2,0,36.3084504,-93.09374925,5009.0,601.0899764907033,0.8888888888888888,223,222,2,0,220,217,37480,3,0,0,3,5
2020-08-14,US,Arkansas,Bradley,218,4,0,33.46755808,-92.15980837,5011.0,2025.4575861748583,1.834862385321101,214,212,4,0,208,207,10897,6,0,0,6,5
2020-08-14,US,Arkansas,Calhoun,16,0,0,33.55598792,-92.49974403,5013.0,308.3445750626325,0.0,16,17,0,0,17,17,5277,-1,0,0,-1,0
2020-08-14,US,Arkansas,Carroll,383,7,0,36.34038560000001,-93.54270261,5015.0,1349.5419309372799,1.827676240208877,376,380,7,0,373,379,28223,3,0,0,3,1
2020-08-14,US,Arkansas,Chicot,919,9,0,33.26458973,-91.29539209,5017.0,9082.822692231666,0.9793253536452666,910,746,9,0,737,738,10438,173,0,0,173,8
2020-08-14,US,Arkansas,Clark,186,2,0,34.04613432,-93.17484713,5019.0,833.3333333333335,1.075268817204301,184,183,1,0,182,182,22061,3,1,0,2,1
2020-08-14,US,Arkansas,Clay,145,4,0,36.36826212,-90.4148172,5021.0,996.4950862483678,2.7586206896551726,141,140,4,0,136,140,14847,5,0,0,5,0
2020-08-14,US,Arkansas,Cleburne,220,5,0,35.53864922,-92.02640019,5023.0,882.8604679160478,2.272727272727273,215,210,5,0,205,206,24965,10,0,0,10,4
2020-08-14,US,Arkansas,Cleveland,117,2,0,33.89723187,-92.18537045,5025.0,1470.588235294117,1.709401709401709,115,115,2,0,113,112,8018,2,0,0,2,3
2020-08-14,US,Arkansas,Columbia,241,12,0,33.21230701,-93.22642793,5027.0,1027.4118599991473,4.979253112033195,229,226,12,0,214,223,23537,15,0,0,15,3
2020-08-14,US,Arkansas,Conway,162,3,0,35.26205537,-92.70506566,5029.0,777.1275064760623,1.851851851851852,159,161,3,0,158,156,20891,1,0,0,1,5
2020-08-14,US,Arkansas,Craighead,1473,13,0,35.83018283,-90.63235729,5031.0,1335.0614508936665,0.8825526137135098,1460,1445,12,0,1433,1419,108558,28,1,0,27,26
2020-08-14,US,Arkansas,Crawford,711,5,0,35.58928601,-94.2446814,5033.0,1123.9862781984602,0.7032348804500703,706,682,5,0,677,668,63406,29,0,0,29,14
2020-08-14,US,Arkansas,Crittenden,1460,24,0,35.21247318,-90.30839406,5035.0,3044.5209050151184,1.643835616438356,1436,1442,24,0,1418,1402,48342,18,0,0,18,40
2020-08-14,US,Arkansas,Cross,222,4,0,35.29631396,-90.77185818,5037.0,1352.0920884341313,1.8018018018018016,218,217,4,0,213,212,16676,5,0,0,5,5
2020-08-14,US,Arkansas,Dallas,68,2,0,33.97042763,-92.65167437,5039.0,970.18119560565,2.9411764705882355,66,67,1,0,66,65,7182,1,1,0,0,2
2020-08-14,US,Arkansas,Desha,210,2,0,33.83011025,-91.25500948,5041.0,1848.4288354898333,0.9523809523809524,208,206,2,0,204,203,11512,4,0,0,4,3
2020-08-14,US,Arkansas,Drew,254,3,0,33.59035001,-91.71777921,5043.0,1394.1489653658268,1.1811023622047243,251,234,3,0,231,221,18328,20,0,0,20,13
2020-08-14,US,Arkansas,Faulkner,1375,6,0,35.14719007,-92.33717519,5045.0,1091.2092185354782,0.4363636363636363,1369,1361,6,0,1355,1340,124806,14,0,0,14,21
2020-08-14,US,Arkansas,Franklin,139,2,0,35.51202821,-93.89299569,5047.0,784.6457804120803,1.4388489208633093,137,136,2,0,134,133,17810,3,0,0,3,3
2020-08-14,US,Arkansas,Fulton,47,0,0,36.38177105,-91.81729127,5049.0,376.6931153322113,0.0,47,44,0,0,44,44,12269,3,0,0,3,0
2020-08-14,US,Arkansas,Garland,1169,17,0,34.57692074,-93.14921604,5051.0,1176.222003099028,1.4542343883661248,1152,1134,17,0,1117,1115,99154,35,0,0,35,19
2020-08-14,US,Arkansas,Grant,148,0,0,34.29017991,-92.42320562,5053.0,810.2929099370381,0.0,148,144,0,0,144,142,18188,4,0,0,4,2
2020-08-14,US,Arkansas,Greene,531,3,0,36.11735460000001,-90.55832668,5055.0,1171.5388858246001,0.5649717514124294,528,523,3,0,520,505,45325,8,0,0,8,18
2020-08-14,US,Arkansas,Hempstead,265,2,0,33.73325583,-93.66935133,5057.0,1230.7263607653724,0.7547169811320755,263,255,2,0,253,253,21741,10,0,0,10,2
2020-08-14,US,Arkansas,Hot Spring,1621,13,0,34.31709259,-92.95396325,5059.0,4799.976311036096,0.8019740900678594,1608,1569,12,0,1557,1564,33701,52,1,0,51,5
2020-08-14,US,Arkansas,Howard,367,4,0,34.09007427,-93.9934871,5061.0,2779.881836085441,1.0899182561307903,363,362,4,0,358,360,13341,5,0,0,5,2
2020-08-14,US,Arkansas,Independence,604,2,0,35.74242707,-91.57001641,5063.0,1596.8274950429611,0.3311258278145696,602,584,2,0,582,550,37678,20,0,0,20,34
2020-08-14,US,Arkansas,Izard,62,1,0,36.09604046,-91.90847954,5065.0,454.91231931909897,1.6129032258064515,61,62,1,0,61,58,13593,0,0,0,0,4
2020-08-14,US,Arkansas,Jackson,124,1,0,35.59802983,-91.21494602,5067.0,741.671152580896,0.8064516129032258,123,119,1,0,118,117,16811,5,0,0,5,2
2020-08-14,US,Arkansas,Jefferson,1670,41,0,34.26767081,-91.92619839,5069.0,2499.102118999162,2.455089820359281,1629,1644,41,0,1603,1617,68114,26,0,0,26,27
2020-08-14,US,Arkansas,Johnson,687,2,0,35.56759135,-93.46036368,5071.0,2584.844608322673,0.2911208151382824,685,679,2,0,677,676,26742,8,0,0,8,3
2020-08-14,US,Arkansas,Lafayette,59,2,0,33.24116713,-93.60677071,5073.0,890.7004830917874,3.3898305084745757,57,58,2,0,56,58,6682,1,0,0,1,0
2020-08-14,US,Arkansas,Lawrence,229,9,0,36.04188196,-91.10867198,5075.0,1395.8307936120932,3.930131004366812,220,223,9,0,214,221,16434,6,0,0,6,2
2020-08-14,US,Arkansas,Lee,901,8,0,34.78498904,-90.78383866,5077.0,10172.74472168906,0.8879023307436182,893,901,8,0,893,898,8985,0,0,0,0,3
2020-08-14,US,Arkansas,Lincoln,1290,12,0,33.95317155,-91.74002806,5079.0,9904.791154791155,0.9302325581395348,1278,1224,12,0,1212,1224,13383,66,0,0,66,0
2020-08-14,US,Arkansas,Little River,215,3,0,33.70375665,-94.23468591,5081.0,1753.8135247573211,1.3953488372093024,212,193,2,0,191,189,12326,22,1,0,21,4
2020-08-14,US,Arkansas,Logan,334,1,0,35.21413234,-93.71951016,5083.0,1555.9489425137424,0.2994011976047904,333,321,1,0,320,323,21737,13,0,0,13,-2
2020-08-14,US,Arkansas,Lonoke,564,2,0,34.75392199,-91.88742357,5085.0,769.3461921455755,0.3546099290780142,562,546,2,0,544,539,73657,18,0,0,18,7
2020-08-14,US,Arkansas,Madison,277,2,0,36.01038185,-93.72524943,5087.0,1671.0907335907336,0.7220216606498195,275,275,2,0,273,271,16481,2,0,0,2,4
2020-08-14,US,Arkansas,Marion,33,0,0,36.26844485,-92.68451899,5089.0,197.6758116688631,0.0,33,31,0,0,31,30,16722,2,0,0,2,1
2020-08-14,US,Arkansas,Miller,536,5,0,33.31403423,-93.89285258,5091.0,1239.1058094643645,0.9328358208955224,531,527,5,0,522,519,43592,9,0,0,9,8
2020-08-14,US,Arkansas,Mississippi,1133,14,0,35.76271485,-90.05194370000002,5093.0,2787.1393077661064,1.235657546337158,1119,1089,14,0,1075,1068,41239,44,0,0,44,21
2020-08-14,US,Arkansas,Monroe,73,0,0,34.6815935,-91.20540287,5095.0,1089.3896433368154,0.0,73,65,0,0,65,64,6900,8,0,0,8,1
2020-08-14,US,Arkansas,Montgomery,42,1,0,34.53704874,-93.65824478,5097.0,467.3937235699978,2.380952380952381,41,38,1,0,37,38,8924,4,0,0,4,0
2020-08-14,US,Arkansas,Nevada,147,9,0,33.66340119,-93.30632432,5099.0,1781.3863305865243,6.1224489795918355,138,147,9,0,138,146,8326,0,0,0,0,1
2020-08-14,US,Arkansas,Newton,107,11,0,35.91947491,-93.21612969,5101.0,1380.110924803302,10.280373831775703,96,107,10,0,97,106,7805,0,1,0,-1,1
2020-08-14,US,Arkansas,Ouachita,113,3,0,33.58839816,-92.87795984,5103.0,483.27773500983665,2.6548672566371683,110,110,2,0,108,107,23606,3,1,0,2,3
2020-08-14,US,Arkansas,Perry,55,0,0,34.945915299999996,-92.94372564,5105.0,526.0640841702535,0.0,55,55,0,0,55,55,10352,0,0,0,0,0
2020-08-14,US,Arkansas,Phillips,346,9,0,34.43268455,-90.84800154,5107.0,1945.787875379597,2.601156069364162,337,334,9,0,325,332,18029,12,0,0,12,2
2020-08-14,US,Arkansas,Pike,138,1,0,34.16250414,-93.65789349,5109.0,1287.5536480686694,0.7246376811594203,137,126,1,0,125,118,10673,12,0,0,12,8
2020-08-14,US,Arkansas,Poinsett,336,4,0,35.57433534,-90.66268713,5111.0,1428.0856851411083,1.1904761904761905,332,319,4,0,315,308,23974,17,0,0,17,11
2020-08-14,US,Arkansas,Polk,159,1,0,34.48254879,-94.22728802,5113.0,796.4335804448007,0.6289308176100629,158,157,1,0,156,154,20049,2,0,0,2,3
2020-08-14,US,Arkansas,Pope,1426,12,0,35.44871474,-93.03212219,5115.0,2225.6211761768013,0.8415147265077139,1414,1380,11,0,1369,1363,64000,46,1,0,45,17
2020-08-14,US,Arkansas,Prairie,108,0,0,34.83624419,-91.55162157,5117.0,1339.6179608037708,0.0,108,104,0,0,104,102,8074,4,0,0,4,2
2020-08-14,US,Arkansas,Pulaski,6000,88,0,34.77054088,-92.31355101,5119.0,1530.9598352687217,1.4666666666666666,5912,5880,88,0,5792,5787,392680,120,0,0,120,93
2020-08-14,US,Arkansas,Randolph,255,11,0,36.3415714,-91.02455531,5121.0,1419.9799532241898,4.313725490196078,244,245,4,0,241,239,17948,10,7,0,3,6
2020-08-14,US,Arkansas,Saline,1239,8,0,34.64916145,-92.67583224,5125.0,1011.9490023440628,0.645682001614205,1231,1158,8,0,1150,1133,121421,81,0,0,81,25
2020-08-14,US,Arkansas,Scott,77,0,0,34.85588887,-94.0632176,5127.0,748.954381869468,0.0,77,70,0,0,70,68,10319,7,0,0,7,2
2020-08-14,US,Arkansas,Searcy,34,0,0,35.9109364,-92.69936482,5129.0,431.4173328257836,0.0,34,32,0,0,32,32,7958,2,0,0,2,0
2020-08-14,US,Arkansas,Sebastian,2401,22,0,35.19605503,-94.27162713,5131.0,1878.3199167624994,0.9162848812994584,2379,2344,21,0,2323,2297,127753,57,1,0,56,47
2020-08-14,US,Arkansas,Sevier,1053,11,0,33.99780401,-94.2424869,5133.0,6191.568177809138,1.0446343779677112,1042,1017,11,0,1006,1009,17139,36,0,0,36,8
2020-08-14,US,Arkansas,Sharp,127,5,0,36.16258158,-91.47819342,5135.0,728.1275083132667,3.9370078740157477,122,120,5,0,115,117,17366,7,0,0,7,3
2020-08-14,US,Arkansas,St. Francis,1236,3,0,35.02201976,-90.74828138,5123.0,4945.186844842762,0.2427184466019417,1233,1231,3,0,1228,1228,25439,5,0,0,5,3
2020-08-14,US,Arkansas,Stone,84,1,0,35.86251946,-92.15684085,5137.0,671.6775947545177,1.1904761904761905,83,76,1,0,75,74,12457,8,0,0,8,2
2020-08-14,US,Arkansas,Unassigned,742,0,0,0.0,0.0,90005.0,0.0,0.0,742,1816,0,0,1816,1801,,-1074,0,0,-1074,15
2020-08-14,US,Arkansas,Union,553,20,0,33.16887091,-92.59746952,5139.0,1429.6055012667389,3.6166365280289328,533,532,19,0,513,523,39126,21,1,0,20,9
2020-08-14,US,Arkansas,Van Buren,54,2,0,35.58095779,-92.51295036,5141.0,326.38259292837716,3.703703703703704,52,53,2,0,51,53,16603,1,0,0,1,0
2020-08-14,US,Arkansas,Washington,6400,53,0,35.976844,-94.21800746,5143.0,2675.7307044279164,0.828125,6347,6373,53,0,6320,6352,236961,27,0,0,27,21
2020-08-14,US,Arkansas,White,389,3,0,35.25688493,-91.74908296,5145.0,493.9494368468503,0.7712082262210797,386,342,3,0,339,341,78727,47,0,0,47,1
2020-08-14,US,Arkansas,Woodruff,24,0,0,35.18902527,-91.2439489,5147.0,379.74683544303804,0.0,24,22,0,0,22,22,6490,2,0,0,2,0
2020-08-14,US,Arkansas,Yell,1085,17,0,35.00292371,-93.41171338,5149.0,5084.110397825782,1.566820276497696,1068,1084,17,0,1067,1077,21535,1,0,0,1,7
2020-08-14,US,California,Alameda,14558,219,0,37.64629437,-121.8929271,6001.0,871.0433433513091,1.5043275175161424,14339,14548,216,0,14332,14112,1666753,10,3,0,7,436
2020-08-14,US,California,Alpine,2,0,0,38.59678594,-119.82235940000001,6003.0,177.14791851195747,0.0,2,2,0,0,2,2,1101,0,0,0,0,0
2020-08-14,US,California,Amador,208,11,0,38.44583082,-120.65696000000001,6005.0,523.244113503723,5.288461538461538,197,198,10,0,188,195,39383,10,1,0,9,3
2020-08-14,US,California,Butte,1370,12,0,39.66727762,-121.6005252,6007.0,625.0399204328744,0.8759124087591241,1358,1305,8,0,1297,1280,231256,65,4,0,61,25
2020-08-14,US,California,Calaveras,174,1,0,38.20537103,-120.55291299999999,6009.0,379.0436771593508,0.5747126436781609,173,161,1,0,160,161,45602,13,0,0,13,0
2020-08-14,US,California,Colusa,409,5,0,39.17881957,-122.2331726,6011.0,1898.1760801967791,1.2224938875305624,404,401,5,0,396,397,21627,8,0,0,8,4
2020-08-14,US,California,Contra Costa,11013,156,0,37.91923498,-121.9289527,6013.0,954.72490433679,1.4165077635521657,10857,10482,151,0,10331,10103,1150215,531,5,0,526,379
2020-08-14,US,California,Del Norte,106,0,0,41.74228275,-123.89740630000001,6015.0,381.13044728894005,0.0,106,104,0,0,104,104,27828,2,0,0,2,0
2020-08-14,US,California,El Dorado,827,2,0,38.77965956,-120.5233166,6017.0,428.8462635408078,0.2418379685610641,825,793,2,0,791,785,190678,34,0,0,34,8
2020-08-14,US,California,Fresno,19157,203,0,36.75733899,-119.6466953,6019.0,1917.4237639638034,1.0596648744584225,18954,18344,191,0,18153,17978,994400,813,12,0,801,366
2020-08-14,US,California,Glenn,436,3,0,39.59875897,-122.3938452,6021.0,1535.5897580389533,0.6880733944954128,433,436,3,0,433,436,28047,0,0,0,0,0
2020-08-14,US,California,Humboldt,309,4,0,40.69923009,-123.876044,6023.0,227.9467091577037,1.2944983818770226,305,299,4,0,295,293,136373,10,0,0,10,6
2020-08-14,US,California,Imperial,10058,257,0,33.0393082,-115.36690420000001,6025.0,5550.313163921309,2.5551799562537285,9801,9957,257,0,9700,9919,181827,101,0,0,101,38
2020-08-14,US,California,Inyo,127,5,0,36.51112084,-117.41119779999998,6027.0,704.0301568823105,3.9370078740157477,122,115,5,0,110,113,17987,12,0,0,12,2
2020-08-14,US,California,Kern,26266,204,0,35.34329425,-118.72777959999999,6029.0,2917.789562787019,0.7766694586157009,26062,25499,187,0,25312,25179,896764,767,17,0,750,320
2020-08-14,US,California,Kings,5310,64,0,36.07409056,-119.8159973,6031.0,3471.949784229109,1.2052730696798493,5246,5127,62,0,5065,5067,151366,183,2,0,181,60
2020-08-14,US,California,Lake,268,2,0,39.10124298,-122.75362439999999,6033.0,416.23955518280366,0.746268656716418,266,267,2,0,265,253,64382,1,0,0,1,14
2020-08-14,US,California,Lassen,695,0,0,40.67311306,-120.59350990000002,6035.0,2273.2476368037155,0.0,695,694,0,0,694,683,30802,1,0,0,1,11
2020-08-14,US,California,Los Angeles,220867,5246,0,34.30828379,-118.22824109999999,6037.0,2200.0662011073296,2.375185066125768,215621,214425,5113,0,209312,214283,10105518,6442,133,0,6309,142
2020-08-14,US,California,Madera,2924,47,0,37.21513971,-119.76655890000002,6039.0,1858.5493907593732,1.6073871409028728,2877,2759,44,0,2715,2590,157672,165,3,0,162,169
2020-08-14,US,California,Marin,5710,82,0,38.07122463,-122.72106310000001,6041.0,2206.115305262995,1.4360770577933448,5628,5583,81,0,5502,5471,259666,127,1,0,126,112
2020-08-14,US,California,Mariposa,64,2,0,37.57978556,-119.9073334,6043.0,372.0281346276812,3.125,62,63,2,0,61,63,17471,1,0,0,1,0
2020-08-14,US,California,Mendocino,529,10,0,39.4381191,-123.39113130000001,6045.0,609.8053003492836,1.8903591682419658,519,489,10,0,479,478,87606,40,0,0,40,11
2020-08-14,US,California,Merced,6777,89,0,37.18922369,-120.72090349999999,6047.0,2440.579083837511,1.3132654566917514,6688,6224,74,0,6150,6102,274765,553,15,0,538,122
2020-08-14,US,California,Modoc,5,0,0,41.58965602,-120.7244817,6049.0,56.55468838366701,0.0,5,5,0,0,5,5,8777,0,0,0,0,0
2020-08-14,US,California,Mono,160,1,0,37.93899289,-118.8872409,6051.0,1107.7263915812794,0.625,159,160,1,0,159,160,14250,0,0,0,0,0
2020-08-14,US,California,Monterey,6057,46,0,36.21862405,-121.24133970000001,6053.0,1395.4259885131353,0.7594518738649496,6011,5803,40,0,5763,5628,435594,254,6,0,248,175
2020-08-14,US,California,Napa,1206,11,0,38.50735751,-122.33283899999999,6055.0,875.5372284818213,0.9121061359867328,1195,1142,11,0,1131,1142,139417,64,0,0,64,0
2020-08-14,US,California,Nevada,372,2,0,39.30394768,-120.76272809999999,6057.0,372.9136384141146,0.5376344086021505,370,357,1,0,356,357,99696,15,1,0,14,0
2020-08-14,US,California,Orange,43367,809,0,33.70147516,-117.76459979999998,6059.0,1365.5921292115233,1.8654737473193903,42558,42171,769,0,41402,41823,3185968,1196,40,0,1156,348
2020-08-14,US,California,Placer,2582,28,0,39.06167234,-120.72405690000001,6061.0,648.2078884540167,1.0844306738962044,2554,2486,27,0,2459,2377,393149,96,1,0,95,109
2020-08-14,US,California,Plumas,39,0,0,40.00355989,-120.8395236,6063.0,207.36959642686242,0.0,39,38,0,0,38,37,18804,1,0,0,1,1
2020-08-14,US,California,Riverside,45662,881,0,33.74314981,-115.9933578,6065.0,1848.255405890034,1.9293942446673384,44781,43983,853,0,43130,43376,2450758,1679,28,0,1651,607
2020-08-14,US,California,Sacramento,13615,199,0,38.45106826,-121.34253740000001,6067.0,877.2223718443512,1.461623209695189,13416,13216,194,0,13022,12274,1540975,399,5,0,394,942
2020-08-14,US,California,San Benito,815,4,0,36.60308176,-121.069975,6069.0,1297.6054005859125,0.4907975460122699,811,773,4,0,769,767,61537,42,0,0,42,6
2020-08-14,US,California,San Bernardino,40338,568,0,34.84060306,-116.1774685,6071.0,1850.294827953956,1.4081015419703506,39770,38290,555,0,37735,38290,2171603,2048,13,0,2035,0
2020-08-14,US,California,San Diego,34065,622,0,33.03484597,-116.73653259999999,6073.0,1020.4203898356365,1.8259210333186555,33443,33393,608,0,32785,33157,3343364,672,14,0,658,236
2020-08-14,US,California,San Francisco,8157,69,0,37.75215114,-122.43856720000001,6075.0,925.3030744745897,0.8458992276572269,8088,7944,67,0,7877,7834,883305,213,2,0,211,110
2020-08-14,US,California,San Joaquin,14651,261,0,37.93433732,-121.2730061,6077.0,1922.330046132772,1.781448365299297,14390,14276,245,0,14031,13870,752660,375,16,0,359,406
2020-08-14,US,California,San Luis Obispo,2439,18,0,35.38822029,-120.4039028,6079.0,861.4995531787886,0.7380073800738007,2421,2324,18,0,2306,2300,284010,115,0,0,115,24
2020-08-14,US,California,San Mateo,6952,126,0,37.422880799999994,-122.32755459999998,6081.0,906.893407411949,1.812428078250863,6826,6640,122,0,6518,6535,769545,312,4,0,308,105
2020-08-14,US,California,Santa Barbara,7274,77,0,34.65329488,-120.0188492,6083.0,1629.118990188108,1.0585647511685454,7197,7083,73,0,7010,7074,446527,191,4,0,187,9
2020-08-14,US,California,Santa Clara,13865,208,0,37.23104908,-121.6970462,6085.0,719.194212003826,1.5001803101334297,13657,13059,207,0,12852,12962,1937570,806,1,0,805,97
2020-08-14,US,California,Santa Cruz,1420,7,0,37.05580291,-122.0066524,6087.0,519.7410079315406,0.4929577464788733,1413,1357,6,0,1351,1316,274255,63,1,0,62,41
2020-08-14,US,California,Shasta,488,10,0,40.76391419,-122.0396884,6089.0,270.990670812972,2.0491803278688523,478,476,10,0,466,469,180040,12,0,0,12,7
2020-08-14,US,California,Sierra,6,0,0,39.57713498,-120.52007009999998,6091.0,199.6672212978369,0.0,6,5,0,0,5,5,2987,1,0,0,1,0
2020-08-14,US,California,Siskiyou,111,0,0,41.59198861,-122.54074340000001,6093.0,254.94384345069938,0.0,111,109,0,0,109,106,43724,2,0,0,2,3
2020-08-14,US,California,Solano,4596,41,0,38.26827353,-121.9357113,6095.0,1026.7110174849154,0.8920800696257616,4555,4414,41,0,4373,4338,446610,182,0,0,182,76
2020-08-14,US,California,Sonoma,4157,51,0,38.52746429,-122.88625060000001,6097.0,840.9260098394615,1.2268462833774356,4106,3859,51,0,3808,3825,499942,298,0,0,298,34
2020-08-14,US,California,Stanislaus,11953,195,0,37.55862499,-120.9970722,6099.0,2170.667925761813,1.6313896093031035,11758,11592,182,0,11410,10855,549815,361,13,0,348,737
2020-08-14,US,California,Sutter,1091,7,0,39.03417539,-121.6945899,6101.0,1125.0786317558857,0.6416131989000916,1084,1041,7,0,1034,1019,96807,50,0,0,50,22
2020-08-14,US,California,Tehama,318,1,0,40.12570935,-122.23701709999999,6103.0,488.59934853420197,0.31446540880503143,317,305,1,0,304,304,63916,13,0,0,13,1
2020-08-14,US,California,Trinity,8,0,0,40.64917670000001,-123.114713,6105.0,65.12006512006512,0.0,8,6,0,0,6,6,12535,2,0,0,2,0
2020-08-14,US,California,Tulare,12105,205,0,36.22026558,-118.8020203,6107.0,2596.5529445832753,1.693515076414705,11900,11847,205,0,11642,11643,465861,258,0,0,258,204
2020-08-14,US,California,Tuolumne,160,2,0,38.02644018,-119.95250929999999,6109.0,293.6965380520577,1.25,158,159,2,0,157,159,54539,1,0,0,1,0
2020-08-14,US,California,Ventura,9090,95,0,34.44465746,-119.09106129999999,6111.0,1074.4604648193983,1.045104510451045,8995,8790,93,0,8697,8740,850967,300,2,0,298,50
2020-08-14,US,California,Yolo,1966,46,0,38.68278902,-121.90182879999999,6113.0,891.609977324263,2.3397761953204474,1920,1918,45,0,1873,1898,220408,48,1,0,47,20
2020-08-14,US,California,Yuba,740,4,0,39.26255932,-121.35356440000001,6115.0,940.6620226775816,0.5405405405405406,736,688,4,0,684,678,78041,52,0,0,52,10
2020-08-14,US,Colorado,Adams,6771,183,0,39.87432092,-104.3362578,8001.0,1308.605564907493,2.702702702702702,6588,6677,178,0,6499,6621,511868,94,5,0,89,56
2020-08-14,US,Colorado,Alamosa,233,9,0,37.57250606,-105.7885451,8003.0,1435.3477484137252,3.862660944206009,224,232,9,0,223,232,16683,1,0,0,1,0
2020-08-14,US,Colorado,Arapahoe,7547,364,0,39.64977461,-104.3353617,8005.0,1149.4235367580984,4.8231085199417,7183,7461,363,0,7098,7405,651215,86,1,0,85,56
2020-08-14,US,Colorado,Archuleta,40,0,0,37.19474156,-107.04768670000001,8007.0,285.1236723929004,0.0,40,39,0,0,39,38,13765,1,0,0,1,1
2020-08-14,US,Colorado,Baca,15,0,0,37.31940883,-102.5603223,8009.0,418.8774085450991,0.0,15,15,0,0,15,15,3585,0,0,0,0,0
2020-08-14,US,Colorado,Bent,10,0,0,37.95474293,-103.0720195,8011.0,179.3078716155639,0.0,10,9,0,0,9,9,5882,1,0,0,1,0
2020-08-14,US,Colorado,Boulder,2131,77,0,40.09313619,-105.3546767,8013.0,653.2882070902158,3.6133270764899112,2054,2114,76,0,2038,2098,326078,17,1,0,16,16
2020-08-14,US,Colorado,Broomfield,489,32,0,39.95998787,-105.0566324,8014.0,693.9615411906619,6.543967280163598,457,482,32,0,450,482,69267,7,0,0,7,0
2020-08-14,US,Colorado,Chaffee,304,19,0,38.74745778,-106.19265729999998,8015.0,1493.4171742975045,6.25,285,305,19,0,286,306,20027,-1,0,0,-1,-1
2020-08-14,US,Colorado,Cheyenne,9,0,0,38.82777431,-102.6032558,8017.0,491.53468050245766,0.0,9,9,0,0,9,9,1876,0,0,0,0,0
2020-08-14,US,Colorado,Clear Creek,31,1,0,39.68864463,-105.6463118,8019.0,319.5876288659793,3.2258064516129035,30,31,1,0,30,30,9605,0,0,0,0,1
2020-08-14,US,Colorado,Conejos,27,0,0,37.201606,-106.19174879999998,8021.0,329.0676416819013,0.0,27,26,0,0,26,23,8200,1,0,0,1,3
2020-08-14,US,Colorado,Costilla,24,0,0,37.27732493,-105.4276548,8023.0,617.4427579109854,0.0,24,23,0,0,23,23,3828,1,0,0,1,0
2020-08-14,US,Colorado,Crowley,73,1,0,38.32608609,-103.7844965,8025.0,1204.4217125886814,1.3698630136986298,72,73,1,0,72,73,5858,0,0,0,0,0
2020-08-14,US,Colorado,Custer,13,0,0,38.10883162,-105.3683478,8027.0,256.5114443567482,0.0,13,11,0,0,11,11,4954,2,0,0,2,0
2020-08-14,US,Colorado,Delta,132,1,0,38.86246243,-107.86313419999999,8029.0,423.5928374302035,0.7575757575757576,131,130,1,0,129,129,30953,2,0,0,2,1
2020-08-14,US,Colorado,Denver,10508,420,0,39.76018276,-104.87256950000001,8031.0,1444.9726420529944,3.996954701180053,10088,10426,417,0,10009,10370,716492,82,3,0,79,56
2020-08-14,US,Colorado,Dolores,1,0,0,37.75208676,-108.5211585,8033.0,48.661800486618006,0.0,1,1,0,0,1,1,2074,0,0,0,0,0
2020-08-14,US,Colorado,Douglas,1817,59,0,39.33133796,-104.930001,8035.0,517.4367941131242,3.2471106219042376,1758,1788,59,0,1729,1765,342776,29,0,0,29,23
2020-08-14,US,Colorado,Eagle,1148,9,0,39.62754308,-106.6933637,8037.0,2082.464128285595,0.7839721254355401,1139,1139,9,0,1130,1133,54993,9,0,0,9,6
2020-08-14,US,Colorado,El Paso,5438,144,0,38.83240149,-104.5251411,8041.0,754.8552685094313,2.6480323648400153,5294,5334,142,0,5192,5229,713856,104,2,0,102,105
2020-08-14,US,Colorado,Elbert,110,2,0,39.28656773,-104.13587209999999,8039.0,411.5380298552135,1.818181818181818,108,108,2,0,106,108,26282,2,0,0,2,0
2020-08-14,US,Colorado,Fremont,136,0,0,38.47362326,-105.43996670000001,8043.0,284.28687890633165,0.0,136,132,0,0,132,131,48021,4,0,0,4,1
2020-08-14,US,Colorado,Garfield,792,4,0,39.59921777,-107.902708,8045.0,1318.6593629809693,0.5050505050505051,788,780,4,0,776,776,59770,12,0,0,12,4
2020-08-14,US,Colorado,Gilpin,17,0,0,39.85646523,-105.5252597,8047.0,272.30498157936887,0.0,17,17,0,0,17,17,6121,0,0,0,0,0
2020-08-14,US,Colorado,Grand,54,1,0,40.10603347,-106.11780420000001,8049.0,343.2057963645608,1.851851851851852,53,54,1,0,53,53,15525,0,0,0,0,1
2020-08-14,US,Colorado,Gunnison,279,7,0,38.66611652,-107.0320729,8051.0,1597.7551254151874,2.508960573476702,272,278,7,0,271,275,17246,1,0,0,1,3
2020-08-14,US,Colorado,Hinsdale,3,0,0,37.82247444,-107.3004345,8053.0,365.8536585365854,0.0,3,3,0,0,3,3,811,0,0,0,0,0
2020-08-14,US,Colorado,Huerfano,8,1,0,37.68473101,-104.9612585,8055.0,115.99246049006815,12.5,7,8,1,0,7,8,6889,0,0,0,0,0
2020-08-14,US,Colorado,Jackson,9,0,0,40.66593870000001,-106.3408905,8057.0,646.5517241379309,0.0,9,9,0,0,9,9,1399,0,0,0,0,0
2020-08-14,US,Colorado,Jefferson,4377,235,0,39.58635604,-105.2517692,8059.0,750.9251459560356,5.368974183230523,4142,4334,233,0,4101,4289,580233,43,2,0,41,45
2020-08-14,US,Colorado,Kit Carson,70,3,0,39.30497777,-102.60221990000001,8063.0,986.3322530646753,4.285714285714286,67,69,3,0,66,66,7163,1,0,0,1,3
2020-08-14,US,Colorado,La Plata,227,3,0,37.28632032,-107.8429014,8067.0,403.7637181835969,1.3215859030837005,224,226,3,0,223,225,56310,1,0,0,1,1
2020-08-14,US,Colorado,Lake,79,0,0,39.20278823,-106.35556969999999,8065.0,972.0684139288793,0.0,79,79,0,0,79,80,7824,0,0,0,0,-1
2020-08-14,US,Colorado,Larimer,1667,36,0,40.66671597,-105.4625784,8069.0,467.0789214875917,2.159568086382724,1631,1630,37,0,1593,1605,350518,37,-1,0,38,25
2020-08-14,US,Colorado,Las Animas,18,0,0,37.3153406,-104.03764579999999,8071.0,124.08658486143663,0.0,18,18,0,0,18,18,14503,0,0,0,0,0
2020-08-14,US,Colorado,Lincoln,8,0,0,38.98749519,-103.51366490000001,8073.0,140.3262585511314,0.0,8,8,0,0,8,8,5610,0,0,0,0,0
2020-08-14,US,Colorado,Logan,655,5,0,40.7249637,-103.110817,8075.0,2922.9327502342812,0.7633587786259542,650,655,5,0,650,655,21528,0,0,0,0,0
2020-08-14,US,Colorado,Mesa,365,5,0,39.01787888,-108.469799,8077.0,236.69022761169842,1.3698630136986298,360,351,4,0,347,343,153207,14,1,0,13,8
2020-08-14,US,Colorado,Mineral,18,0,0,37.66954283,-106.92816979999999,8079.0,2340.702210663199,0.0,18,18,0,0,18,18,776,0,0,0,0,0
2020-08-14,US,Colorado,Moffat,32,1,0,40.61810999,-108.2070876,8081.0,240.9094331099902,3.125,31,32,1,0,31,32,13188,0,0,0,0,0
2020-08-14,US,Colorado,Montezuma,113,5,0,37.33859579,-108.59588570000001,8083.0,431.5777412825116,4.424778761061948,108,113,5,0,108,113,26158,0,0,0,0,0
2020-08-14,US,Colorado,Montrose,317,13,0,38.40214114,-108.26390220000002,8085.0,741.3817297347865,4.100946372239748,304,316,13,0,303,313,42214,1,0,0,1,3
2020-08-14,US,Colorado,Morgan,695,47,0,40.26279810000001,-103.8093302,8087.0,2390.9453694784643,6.762589928057554,648,693,47,0,646,687,28558,2,0,0,2,6
2020-08-14,US,Colorado,Otero,78,6,0,37.9014485,-103.7173385,8089.0,426.7425320056898,7.6923076923076925,72,78,6,0,72,78,18432,0,0,0,0,0
2020-08-14,US,Colorado,Ouray,13,1,0,38.14717457,-107.7675136,8091.0,262.52019386106616,7.6923076923076925,12,13,1,0,12,13,4833,0,0,0,0,0
2020-08-14,US,Colorado,Park,42,1,0,39.120926000000004,-105.7182065,8093.0,222.870788007429,2.380952380952381,41,42,1,0,41,42,18556,0,0,0,0,0
2020-08-14,US,Colorado,Phillips,19,0,0,40.59414277,-102.3577703,8095.0,445.48651817116064,0.0,19,19,0,0,19,19,4286,0,0,0,0,0
2020-08-14,US,Colorado,Pitkin,191,2,0,39.21720112,-106.9310027,8097.0,1075.0267349580683,1.0471204188481675,189,190,2,0,188,190,17950,1,0,0,1,0
2020-08-14,US,Colorado,Prowers,62,0,0,37.95544985,-102.3926052,8099.0,509.36575747617485,0.0,62,61,0,0,61,58,12164,1,0,0,1,3
2020-08-14,US,Colorado,Pueblo,750,34,0,38.17359144,-104.5127437,8101.0,445.3047071676245,4.533333333333333,716,723,34,0,689,711,167529,27,0,0,27,12
2020-08-14,US,Colorado,Rio Blanco,20,0,0,39.97913541,-108.2179009,8103.0,316.25553447185325,0.0,20,20,0,0,20,20,6336,0,0,0,0,0
2020-08-14,US,Colorado,Rio Grande,92,2,0,37.5836865,-106.3847838,8105.0,816.5438892340463,2.1739130434782608,90,91,2,0,89,91,11250,1,0,0,1,0
2020-08-14,US,Colorado,Routt,127,8,0,40.48596505,-106.9905548,8107.0,495.3584522973711,6.299212598425197,119,124,8,0,116,124,25733,3,0,0,3,0
2020-08-14,US,Colorado,Saguache,106,2,0,38.08054629,-106.28246599999999,8109.0,1553.3411488862835,1.8867924528301887,104,106,2,0,104,106,6843,0,0,0,0,0
2020-08-14,US,Colorado,San Juan,2,0,0,37.76248981,-107.67632890000002,8111.0,274.72527472527474,0.0,2,2,0,0,2,2,762,0,0,0,0,0
2020-08-14,US,Colorado,San Miguel,93,0,0,38.00450883,-108.4020725,8113.0,1137.0583200880305,0.0,93,92,0,0,92,91,8191,1,0,0,1,1
2020-08-14,US,Colorado,Sedgwick,11,1,0,40.87595412,-102.3519227,8115.0,489.32384341637015,9.090909090909092,10,11,1,0,10,11,2303,0,0,0,0,0
2020-08-14,US,Colorado,Summit,344,4,0,39.63803232,-106.1150762,8117.0,1109.2838025216859,1.162790697674419,340,342,4,0,338,344,31007,2,0,0,2,-2
2020-08-14,US,Colorado,Teller,145,3,0,38.88133511,-105.16148929999999,8119.0,571.1359697494878,2.0689655172413794,142,143,3,0,140,137,25083,2,0,0,2,6
2020-08-14,US,Colorado,Washington,50,0,0,39.97015535,-103.202587,8121.0,1018.7449062754688,0.0,50,50,0,0,50,49,4909,0,0,0,0,1
2020-08-14,US,Colorado,Weld,3801,145,0,40.55499405,-104.39296209999999,8123.0,1171.369402019156,3.814785582741384,3656,3774,145,0,3629,3754,314305,27,0,0,27,20
2020-08-14,US,Colorado,Yuma,63,0,0,40.00346839,-102.4258673,8125.0,628.8052699870246,0.0,63,63,0,0,63,63,10020,0,0,0,0,0
2020-08-14,US,Connecticut,Fairfield,18160,1410,0,41.26809896,-73.3881171,9001.0,1925.0910601993783,7.76431718061674,16750,18126,1410,0,16716,18088,943823,34,0,0,34,38
2020-08-14,US,Connecticut,Hartford,12871,1419,0,41.80283011,-72.73103891,9003.0,1443.390301888485,11.024784399036593,11452,12855,1416,0,11439,12830,892697,16,3,0,13,25
2020-08-14,US,Connecticut,Litchfield,1632,139,0,41.7937534,-73.2451475,9005.0,904.9924306699272,8.517156862745098,1493,1620,139,0,1481,1617,181111,12,0,0,12,3
2020-08-14,US,Connecticut,Middlesex,1414,192,0,41.45949668,-72.53714864,9007.0,870.4966879263217,13.578500707213578,1222,1411,192,0,1219,1408,162682,3,0,0,3,3
2020-08-14,US,Connecticut,New Haven,13316,1109,0,41.408032500000004,-72.93620426,9009.0,1557.869663541802,8.328326824872335,12207,13272,1109,0,12163,13254,857620,44,0,0,44,18
2020-08-14,US,Connecticut,New London,1477,104,0,41.48896435,-72.10430976,9011.0,556.92555975355,7.041299932295193,1373,1475,104,0,1371,1469,266784,2,0,0,2,6
2020-08-14,US,Connecticut,Tolland,1056,65,0,41.85853803,-72.3308481,9013.0,700.6322941063289,6.15530303030303,991,1056,65,0,991,1056,150921,0,0,0,0,0
2020-08-14,US,Connecticut,Unassigned,216,0,0,0.0,0.0,90009.0,0.0,0.0,216,216,0,0,216,236,,0,0,0,0,-20
2020-08-14,US,Connecticut,Windham,755,15,0,41.82972709,-71.98182316,9015.0,646.5037420150368,1.9867549668874167,740,751,15,0,736,748,117027,4,0,0,4,3
2020-08-14,US,Delaware,Kent,2475,108,0,39.08646628,-75.56884914,10001.0,1369.0219375394113,4.363636363636363,2367,2402,108,0,2294,2319,178550,73,0,0,73,83
2020-08-14,US,Delaware,New Castle,7490,293,0,39.57992638,-75.64054974,10003.0,1340.484972787618,3.911882510013351,7197,7379,293,0,7086,7309,559335,111,0,0,111,70
2020-08-14,US,Delaware,Sussex,6172,192,0,38.66143781,-75.39031349,10005.0,2635.073113459281,3.110823071937784,5980,5928,192,0,5736,5881,229286,244,0,0,244,47
2020-08-14,US,Delaware,Unassigned,259,0,0,0.0,0.0,90010.0,0.0,0.0,259,258,0,0,258,256,,1,0,0,1,2
2020-08-14,US,District of Columbia,District of Columbia,13159,597,0,38.90417773,-77.01655992,11001.0,1864.543910087014,4.536818907211794,12562,13024,594,0,12430,12959,702455,135,3,0,132,65
2020-08-14,US,Florida,Alachua,4544,28,0,29.67866525,-82.35928158,12001.0,1688.9493501038867,0.6161971830985915,4516,4391,26,0,4365,4309,269956,153,2,0,151,82
2020-08-14,US,Florida,Baker,1070,4,0,30.33060121,-82.28467476,12003.0,3663.1290653885662,0.37383177570093457,1066,1052,4,0,1048,1044,28355,18,0,0,18,8
2020-08-14,US,Florida,Bay,4787,64,0,30.26548745,-85.62122584,12005.0,2740.047508657451,1.3369542510967205,4723,4644,52,0,4592,4551,185287,143,12,0,131,93
2020-08-14,US,Florida,Bradford,563,4,0,29.95079741,-82.16611613,12007.0,1996.3831069820221,0.7104795737122558,559,545,4,0,541,535,27732,18,0,0,18,10
2020-08-14,US,Florida,Brevard,6478,174,0,28.29409504,-80.73091022,12009.0,1076.1834196650177,2.686014201914171,6304,6313,163,0,6150,6248,596849,165,11,0,154,65
2020-08-14,US,Florida,Broward,66011,940,0,26.15184651,-80.48725556,12011.0,3380.3637689486463,1.4240050900607475,65071,64741,883,0,63858,64080,1951260,1270,57,0,1213,661
2020-08-14,US,Florida,Calhoun,497,8,0,30.40666734,-85.19394153,12013.0,3523.573200992556,1.6096579476861168,489,484,8,0,476,482,14587,13,0,0,13,2
2020-08-14,US,Florida,Charlotte,2369,100,0,26.90131002,-81.92949121,12015.0,1254.0363135884813,4.221190375685944,2269,2321,97,0,2224,2297,184998,48,3,0,45,24
2020-08-14,US,Florida,Citrus,1750,40,0,28.84804315,-82.47614748,12017.0,1169.3405587443287,2.2857142857142856,1710,1663,38,0,1625,1614,147929,87,2,0,85,49
2020-08-14,US,Florida,Clay,3440,65,0,29.98319144,-81.85609986,12019.0,1568.9708645759217,1.8895348837209305,3375,3369,61,0,3308,3335,216072,71,4,0,67,34
2020-08-14,US,Florida,Collier,10840,151,0,26.11091986,-81.34687065,12021.0,2816.3012922769954,1.3929889298892988,10689,10640,148,0,10492,10530,378488,200,3,0,197,110
2020-08-14,US,Florida,Columbia,3027,26,0,30.22509788,-82.62160164,12023.0,4222.581815138242,0.8589362405021473,3001,2958,21,0,2937,2941,70503,69,5,0,64,17
2020-08-14,US,Florida,DeSoto,1413,20,0,27.18677893,-81.80941373,12027.0,3718.323202021,1.4154281670205238,1393,1393,18,0,1375,1382,37489,20,2,0,18,11
2020-08-14,US,Florida,Dixie,584,4,0,29.60631086,-83.15724673,12029.0,3470.818970640675,0.6849315068493149,580,570,4,0,566,566,16700,14,0,0,14,4
2020-08-14,US,Florida,Duval,24509,221,0,30.33225875,-81.66976468,12031.0,2559.005173556912,0.9017095760740952,24288,24162,212,0,23950,23972,950181,347,9,0,338,190
2020-08-14,US,Florida,Escambia,10205,150,0,30.67652764,-87.37284571,12033.0,3205.933726234308,1.4698677119059285,10055,10035,141,0,9894,9929,315534,170,9,0,161,106
2020-08-14,US,Florida,Flagler,1154,14,0,29.45933576,-81.31508595,12035.0,1002.7719606190424,1.2131715771230502,1140,1107,13,0,1094,1101,112067,47,1,0,46,6
2020-08-14,US,Florida,Franklin,464,3,0,29.83791238,-84.82731662,12037.0,3826.80412371134,0.646551724137931,461,448,2,0,446,433,11736,16,1,0,15,15
2020-08-14,US,Florida,Gadsden,2023,28,0,30.57796289,-84.61915825,12039.0,4430.573806395094,1.3840830449826989,1995,1984,26,0,1958,1964,45894,39,2,0,37,20
2020-08-14,US,Florida,Gilchrist,399,7,0,29.72856978,-82.79880657,12041.0,2147.239263803681,1.7543859649122806,392,387,6,0,381,380,18256,12,1,0,11,7
2020-08-14,US,Florida,Glades,419,3,0,26.95635849,-81.18996211,12043.0,3033.8136268192025,0.7159904534606205,416,410,3,0,407,408,13724,9,0,0,9,2
2020-08-14,US,Florida,Gulf,726,4,0,29.93543004,-85.24270990000002,12045.0,5322.970892294156,0.5509641873278237,722,712,2,0,710,695,16164,14,2,0,12,17
2020-08-14,US,Florida,Hamilton,634,4,0,30.49673973,-82.94998918,12047.0,4394.2334349875255,0.6309148264984227,630,625,4,0,621,625,14310,9,0,0,9,0
2020-08-14,US,Florida,Hardee,1009,8,0,27.49293939,-81.80956574,12049.0,3745.7771837992354,0.7928642220019821,1001,998,8,0,990,992,27245,11,0,0,11,6
2020-08-14,US,Florida,Hendry,1878,39,0,26.55386945,-81.16469006,12051.0,4469.087620770073,2.07667731629393,1839,1839,38,0,1801,1814,41556,39,1,0,38,25
2020-08-14,US,Florida,Hernando,2200,60,0,28.55364461,-82.42700204,12053.0,1134.4884488448845,2.727272727272727,2140,2124,53,0,2071,2106,190865,76,7,0,69,18
2020-08-14,US,Florida,Highlands,1581,41,0,27.34254618,-81.34071957,12055.0,1488.4062473522185,2.5932953826691967,1540,1523,40,0,1483,1501,105424,58,1,0,57,22
2020-08-14,US,Florida,Hillsborough,34040,460,0,27.9276559,-82.32013172,12057.0,2312.550272832018,1.351351351351351,33580,33428,427,0,33001,33198,1436888,612,33,0,579,230
2020-08-14,US,Florida,Holmes,528,4,0,30.86747479,-85.81319222,12059.0,2691.543049395932,0.7575757575757576,524,518,4,0,514,513,19477,10,0,0,10,5
2020-08-14,US,Florida,Indian River,2640,65,0,27.69308961,-80.60556721,12061.0,1650.7944448265728,2.462121212121212,2575,2584,58,0,2526,2574,157413,56,7,0,49,10
2020-08-14,US,Florida,Jackson,2018,51,0,30.795459700000002,-85.21500423,12063.0,4347.826086956522,2.527254707631318,1967,1996,46,0,1950,1953,48305,22,5,0,17,43
2020-08-14,US,Florida,Jefferson,467,5,0,30.43669112,-83.89442308,12065.0,3278.113154569704,1.0706638115631693,462,462,5,0,457,462,14288,5,0,0,5,0
2020-08-14,US,Florida,Lafayette,936,2,0,29.98484137,-83.18166636,12067.0,11113.749703158395,0.21367521367521367,934,469,2,0,467,193,8732,467,0,0,467,276
2020-08-14,US,Florida,Lake,5587,82,0,28.76202069,-81.7125123,12069.0,1521.8540087928131,1.4676928584213351,5505,5391,75,0,5316,5291,356495,196,7,0,189,100
2020-08-14,US,Florida,Lee,17305,375,0,26.58410348,-81.88399313,12071.0,2245.7197658378072,2.167003756139844,16930,17039,368,0,16671,16872,754610,266,7,0,259,167
2020-08-14,US,Florida,Leon,5363,27,0,30.45955727,-84.27491114,12073.0,1826.7468714021973,0.5034495618124184,5336,5235,26,0,5209,5150,292502,128,1,0,127,85
2020-08-14,US,Florida,Levy,754,5,0,29.31829741,-82.74007147,12075.0,1816.7361395561768,0.6631299734748011,749,720,5,0,715,709,40770,34,0,0,34,11
2020-08-14,US,Florida,Liberty,411,7,0,30.23766008,-84.8829258,12077.0,4919.798898731146,1.70316301703163,404,407,7,0,400,407,8457,4,0,0,4,0
2020-08-14,US,Florida,Madison,754,10,0,30.44396917,-83.47398594,12079.0,4077.218406964797,1.326259946949602,744,738,9,0,729,732,18529,16,1,0,15,6
2020-08-14,US,Florida,Manatee,9735,245,0,27.47196942,-82.31831044,12081.0,2414.117191936576,2.516692347200822,9490,9554,242,0,9312,9468,394855,181,3,0,178,86
2020-08-14,US,Florida,Marion,7161,113,0,29.21227113,-82.05803627,12083.0,1958.8105443693426,1.5779919005725458,7048,6921,108,0,6813,6798,359977,240,5,0,235,123
2020-08-14,US,Florida,Martin,3913,104,0,27.0772071,-80.43109784,12085.0,2430.4347826086955,2.6578073089701,3809,3883,101,0,3782,3863,160912,30,3,0,27,20
2020-08-14,US,Florida,Miami-Dade,144407,2047,0,25.6112362,-80.55170587,12086.0,5315.060325218812,1.4175213112937743,142360,140984,1954,0,139030,139271,2761581,3423,93,0,3330,1713
2020-08-14,US,Florida,Monroe,1622,13,0,25.20904673,-81.07812416,12087.0,2185.159239101148,0.8014796547472256,1609,1577,13,0,1564,1556,75027,45,0,0,45,21
2020-08-14,US,Florida,Nassau,1316,13,0,30.61037141,-81.80297522,12089.0,1484.9083215796895,0.9878419452887538,1303,1280,11,0,1269,1270,85832,36,2,0,34,10
2020-08-14,US,Florida,Okaloosa,3696,50,0,30.69143028,-86.59267105,12091.0,1753.8365173817724,1.3528138528138531,3646,3632,49,0,3583,3608,207269,64,1,0,63,24
2020-08-14,US,Florida,Okeechobee,1125,12,0,27.386336199999995,-80.88944347,12093.0,2667.899829254411,1.0666666666666669,1113,1087,12,0,1075,1081,41537,38,0,0,38,6
2020-08-14,US,Florida,Orange,33180,351,0,28.51367621,-81.31799498,12095.0,2381.136917525685,1.057866184448463,32829,32575,330,0,32245,32341,1380645,605,21,0,584,234
2020-08-14,US,Florida,Osceola,10228,118,0,28.06312234,-81.14882926,12097.0,2722.015377204585,1.153695737192022,10110,10037,107,0,9930,9936,367990,191,11,0,180,101
2020-08-14,US,Florida,Palm Beach,38902,989,0,26.64676272,-80.46536002,12099.0,2599.063316341188,2.5422857436635646,37913,38208,964,0,37244,37934,1485941,694,25,0,669,274
2020-08-14,US,Florida,Pasco,7406,149,0,28.30810945,-82.40227529,12101.0,1336.951007948414,2.0118822576289497,7257,7283,141,0,7142,7213,539630,123,8,0,115,70
2020-08-14,US,Florida,Pinellas,18660,544,0,27.93130349,-82.72239666,12103.0,1913.8540055548947,2.915326902465166,18116,18329,536,0,17793,18217,975280,331,8,0,323,112
2020-08-14,US,Florida,Polk,15312,358,0,27.95027105,-81.69732947,12105.0,2112.649821945233,2.3380355276907,14954,14992,343,0,14649,14812,708009,320,15,0,305,180
2020-08-14,US,Florida,Putnam,1602,31,0,29.60779729,-81.74230285,12107.0,2149.729606419667,1.9350811485642947,1571,1559,29,0,1530,1550,74163,43,2,0,41,9
2020-08-14,US,Florida,Santa Rosa,4173,47,0,30.69341450000001,-87.02458128,12113.0,2264.083379902665,1.1262880421758927,4126,4088,44,0,4044,4053,179349,85,3,0,82,35
2020-08-14,US,Florida,Sarasota,6652,173,0,27.18546175,-82.33174248,12115.0,1533.6305914575946,2.600721587492484,6479,6479,167,0,6312,6394,426718,173,6,0,167,85
2020-08-14,US,Florida,Seminole,7424,145,0,28.7158582,-81.24060348,12117.0,1573.4614031443796,1.953125,7279,7323,138,0,7185,7264,467832,101,7,0,94,59
2020-08-14,US,Florida,St. Johns,3948,44,0,29.90096506,-81.43589967,12109.0,1491.6575988393179,1.1144883485309016,3904,3817,42,0,3775,3774,254261,131,2,0,129,43
2020-08-14,US,Florida,St. Lucie,6192,196,0,27.37763908,-80.47106649,12111.0,1886.097040180081,3.1653746770025837,5996,6040,188,0,5852,5968,321128,152,8,0,144,72
2020-08-14,US,Florida,Sumter,1475,44,0,28.70181754,-82.0794267,12119.0,1113.8800785379851,2.983050847457627,1431,1410,44,0,1366,1383,128754,65,0,0,65,27
2020-08-14,US,Florida,Suwannee,2236,46,0,30.19746066,-82.99099670000003,12121.0,5034.108562037058,2.0572450805008944,2190,2152,45,0,2107,1919,44191,84,1,0,83,233
2020-08-14,US,Florida,Taylor,1092,5,0,30.04848048,-83.60445406,12123.0,5062.821642171635,0.4578754578754578,1087,1027,5,0,1022,1000,21623,65,0,0,65,27
2020-08-14,US,Florida,Unassigned,758,0,0,0.0,0.0,90012.0,0.0,0.0,758,720,0,0,720,703,,38,0,0,38,17
2020-08-14,US,Florida,Union,481,5,0,30.04412971,-82.37497443,12125.0,3156.789394237712,1.0395010395010396,476,456,5,0,451,448,14940,25,0,0,25,8
2020-08-14,US,Florida,Volusia,8402,163,0,29.05858895,-81.18263252,12127.0,1518.5691254400995,1.9400142823137347,8239,8206,151,0,8055,8129,547538,196,12,0,184,77
2020-08-14,US,Florida,Wakulla,764,5,0,30.16548905,-84.39895211,12129.0,2264.4417439758145,0.6544502617801047,759,747,5,0,742,730,32461,17,0,0,17,17
2020-08-14,US,Florida,Walton,1476,18,0,30.64204028,-86.16935664,12131.0,1992.682696331898,1.2195121951219512,1458,1450,18,0,1432,1443,71375,26,0,0,26,7
2020-08-14,US,Florida,Washington,922,14,0,30.61359259,-85.66002461,12133.0,3619.518706080949,1.5184381778741864,908,896,14,0,882,887,24880,26,0,0,26,9
2020-08-14,US,Georgia,Appling,778,19,0,31.74847232,-82.28909114,13001.0,4231.480474273903,2.442159383033419,759,733,19,0,714,721,18507,45,0,0,45,12
2020-08-14,US,Georgia,Atkinson,350,3,0,31.29633502,-82.87545866,13003.0,4286.5890998162895,0.8571428571428571,347,331,3,0,328,330,8297,19,0,0,19,1
2020-08-14,US,Georgia,Bacon,472,8,0,31.55456473,-82.45936528,13005.0,4227.875313507703,1.6949152542372878,464,452,8,0,444,448,11185,20,0,0,20,4
2020-08-14,US,Georgia,Baker,71,3,0,31.32669878,-84.44218806,13007.0,2337.063857801185,4.225352112676056,68,68,3,0,65,67,3092,3,0,0,3,1
2020-08-14,US,Georgia,Baldwin,1148,44,0,33.06882326,-83.24701748,13009.0,2557.362441523725,3.8327526132404177,1104,1115,42,0,1073,1095,44823,33,2,0,31,20
2020-08-14,US,Georgia,Banks,300,6,0,34.35607081,-83.49644388,13011.0,1559.7379640220445,2.0,294,288,5,0,283,280,18988,12,1,0,11,8
2020-08-14,US,Georgia,Barrow,1412,33,0,33.99148694,-83.71436292,13013.0,1696.299855838539,2.3371104815864023,1379,1367,33,0,1334,1355,80809,45,0,0,45,12
2020-08-14,US,Georgia,Bartow,2033,64,0,34.23732119,-84.83887523,13015.0,1886.985093467486,3.148057058534186,1969,1968,64,0,1904,1953,106408,65,0,0,65,15
2020-08-14,US,Georgia,Ben Hill,529,7,0,31.76095874,-83.22145359,13017.0,3167.664670658682,1.3232514177693762,522,495,5,0,490,478,16787,34,2,0,32,17
2020-08-14,US,Georgia,Berrien,334,1,0,31.27590016,-83.22529920000002,13019.0,1721.9157601690986,0.2994011976047904,333,324,1,0,323,318,19252,10,0,0,10,6
2020-08-14,US,Georgia,Bibb,3997,83,0,32.80904227,-83.70489165,13021.0,2609.7062529789305,2.0765574180635475,3914,3835,75,0,3760,3795,153095,162,8,0,154,40
2020-08-14,US,Georgia,Bleckley,276,10,0,32.43829035,-83.33035166,13023.0,2144.0223724073644,3.6231884057971016,266,260,10,0,250,261,12838,16,0,0,16,-1
2020-08-14,US,Georgia,Brantley,271,7,0,31.19576557,-81.97743999,13025.0,1418.1799152231933,2.5830258302583027,264,261,6,0,255,257,18897,10,1,0,9,4
2020-08-14,US,Georgia,Brooks,427,18,0,30.83922642,-83.58303423,13027.0,2762.5024260852692,4.215456674473068,409,419,17,0,402,419,15513,8,1,0,7,0
2020-08-14,US,Georgia,Bryan,728,8,0,32.00979311,-81.44002948,13029.0,1837.131248895955,1.0989010989010992,720,701,8,0,693,695,38109,27,0,0,27,6
2020-08-14,US,Georgia,Bulloch,1380,17,0,32.39577406,-81.74811421,13031.0,1733.49412119385,1.2318840579710144,1363,1338,17,0,1321,1334,77296,42,0,0,42,4
2020-08-14,US,Georgia,Burke,538,7,0,33.05917989,-81.99928721,13033.0,2403.609882500112,1.3011152416356877,531,508,7,0,501,504,22423,30,0,0,30,4
2020-08-14,US,Georgia,Butts,507,40,0,33.283094500000004,-83.95435040000002,13035.0,2033.2050048123199,7.889546351084813,467,497,39,0,458,495,24193,10,1,0,9,2
2020-08-14,US,Georgia,Calhoun,213,6,0,31.53169785,-84.62725131,13037.0,3441.5899175957343,2.8169014084507036,207,211,6,0,205,210,6352,2,0,0,2,1
2020-08-14,US,Georgia,Camden,849,6,0,30.92951916,-81.66601818,13039.0,1553.0677203380524,0.7067137809187279,843,825,5,0,820,804,53677,24,1,0,23,21
2020-08-14,US,Georgia,Candler,279,9,0,32.40209349,-82.07702563,13043.0,2582.615940016662,3.2258064516129035,270,271,7,0,264,271,10836,8,2,0,6,0
2020-08-14,US,Georgia,Carroll,2035,54,0,33.58138199,-85.07976677,13045.0,1695.9463964264285,2.6535626535626538,1981,1933,52,0,1881,1910,118121,102,2,0,100,23
2020-08-14,US,Georgia,Catoosa,709,11,0,34.89872298,-85.13757014,13047.0,1049.1269606392425,1.5514809590973202,698,686,11,0,675,677,67420,23,0,0,23,9
2020-08-14,US,Georgia,Charlton,451,3,0,30.78371028,-82.13951596,13049.0,3367.6821983273594,0.6651884700665188,448,444,3,0,441,439,12968,7,0,0,7,5
2020-08-14,US,Georgia,Chatham,6216,95,0,32.00043026,-81.12489526,13051.0,2147.669557405936,1.5283140283140284,6121,6040,90,0,5950,5990,289195,176,5,0,171,50
2020-08-14,US,Georgia,Chattahoochee,810,2,0,32.34341231,-84.78809239,13053.0,7426.423397817915,0.2469135802469136,808,778,2,0,776,766,10684,32,0,0,32,12
2020-08-14,US,Georgia,Chattooga,355,4,0,34.47197698,-85.34535662,13055.0,1432.0868126991807,1.1267605633802815,351,324,4,0,320,302,24790,31,0,0,31,22
2020-08-14,US,Georgia,Cherokee,3939,67,0,34.24393976,-84.47431861,13057.0,1522.1835353765655,1.7009393247017008,3872,3796,66,0,3730,3707,254149,143,1,0,142,89
2020-08-14,US,Georgia,Clarke,2238,21,0,33.95436462,-83.37124007,13059.0,1743.927811674498,0.9383378016085792,2217,2166,19,0,2147,2150,127330,72,2,0,70,16
2020-08-14,US,Georgia,Clay,101,2,0,31.62221166,-84.97713865,13061.0,3563.8673253352154,1.98019801980198,99,96,2,0,94,93,2887,5,0,0,5,3
2020-08-14,US,Georgia,Clayton,5450,116,0,33.54187245,-84.35594188,13063.0,1864.8034599802913,2.1284403669724767,5334,5301,115,0,5186,5245,289615,149,1,0,148,56
2020-08-14,US,Georgia,Clinch,214,4,0,30.91395822,-82.70432472,13065.0,3233.605318827441,1.8691588785046729,210,209,4,0,205,204,6648,5,0,0,5,5
2020-08-14,US,Georgia,Cobb,14826,338,0,33.94243204,-84.5761255,13067.0,1950.4276180340225,2.279778767030892,14488,14463,332,0,14131,14279,756865,363,6,0,357,184
2020-08-14,US,Georgia,Coffee,1585,32,0,31.54892966,-82.85492059999999,13069.0,3662.7920412266308,2.018927444794953,1553,1537,30,0,1507,1529,43093,48,2,0,46,8
2020-08-14,US,Georgia,Colquitt,1617,24,0,31.18810588,-83.7677946,13071.0,3546.052631578948,1.4842300556586268,1593,1586,24,0,1562,1581,45592,31,0,0,31,5
2020-08-14,US,Georgia,Columbia,2596,34,0,33.54534185,-82.263524,13073.0,1656.5207958446595,1.3097072419106317,2562,2456,28,0,2428,2443,154291,140,6,0,134,13
2020-08-14,US,Georgia,Cook,472,8,0,31.16068491,-83.42947229,13075.0,2733.06311522872,1.6949152542372878,464,456,6,0,450,454,17162,16,2,0,14,2
2020-08-14,US,Georgia,Coweta,1750,26,0,33.35334302,-84.76129976,13077.0,1178.3797614959362,1.4857142857142858,1724,1625,26,0,1599,1568,145864,125,0,0,125,57
2020-08-14,US,Georgia,Crawford,116,0,0,32.71391813,-83.98061238,13079.0,935.1821992905516,0.0,116,107,0,0,107,107,12318,9,0,0,9,0
2020-08-14,US,Georgia,Crisp,411,15,0,31.92289565,-83.76811843,13081.0,1837.1178258537452,3.6496350364963503,396,401,15,0,386,398,22601,10,0,0,10,3
2020-08-14,US,Georgia,Dade,153,2,0,34.854916700000004,-85.50490424,13083.0,949.3670886075952,1.30718954248366,151,138,2,0,136,136,16226,15,0,0,15,2
2020-08-14,US,Georgia,Dawson,481,5,0,34.44244079,-84.16964071,13085.0,1842.3471732802207,1.0395010395010396,476,450,5,0,445,431,25083,31,0,0,31,19
2020-08-14,US,Georgia,DeKalb,14926,262,0,33.76944049,-84.22396017,13089.0,1965.765701695121,1.7553262762963957,14664,14563,251,0,14312,14485,756558,363,11,0,352,78
2020-08-14,US,Georgia,Decatur,839,17,0,30.87967778,-84.57619536,13087.0,3177.5488562339037,2.026221692491061,822,837,16,0,821,834,26575,2,1,0,1,3
2020-08-14,US,Georgia,Dodge,250,3,0,32.17265114,-83.16948926,13091.0,1213.2977432661976,1.2,247,240,3,0,237,243,20705,10,0,0,10,-3
2020-08-14,US,Georgia,Dooly,263,14,0,32.15630737,-83.79746561,13093.0,1964.152352501867,5.32319391634981,249,262,14,0,248,261,13706,1,0,0,1,1
2020-08-14,US,Georgia,Dougherty,2805,173,0,31.53328528,-84.21722377,13095.0,3189.094547273637,6.167557932263815,2632,2776,172,0,2604,2774,91243,29,1,0,28,2
2020-08-14,US,Georgia,Douglas,2859,58,0,33.70291126,-84.77026156,13097.0,1953.6294868903879,2.028681357117873,2801,2812,56,0,2756,2773,145331,47,2,0,45,39
2020-08-14,US,Georgia,Early,383,32,0,31.32155345,-84.90255207,13099.0,3758.586849852797,8.355091383812011,351,373,32,0,341,372,10247,10,0,0,10,1
2020-08-14,US,Georgia,Echols,226,2,0,30.71101099,-82.89687287,13101.0,5641.537693459811,0.8849557522123894,224,225,2,0,223,225,4000,1,0,0,1,0
2020-08-14,US,Georgia,Effingham,810,5,0,32.36616021,-81.34280942,13103.0,1259.7984322508396,0.6172839506172839,805,775,5,0,770,770,62190,35,0,0,35,5
2020-08-14,US,Georgia,Elbert,383,1,0,34.11302332,-82.83936148,13105.0,1995.415233927269,0.2610966057441253,382,376,1,0,375,369,19120,7,0,0,7,7
2020-08-14,US,Georgia,Emanuel,580,11,0,32.59221302,-82.30239915,13107.0,2561.158703523801,1.8965517241379308,569,547,11,0,536,537,22612,33,0,0,33,10
2020-08-14,US,Georgia,Evans,312,3,0,32.15328841,-81.8870105,13109.0,2928.477567110944,0.9615384615384616,309,291,3,0,288,282,10721,21,0,0,21,9
2020-08-14,US,Georgia,Fannin,365,5,0,34.86430205,-84.316964,13111.0,1393.7681380785093,1.3698630136986298,360,360,5,0,355,354,25964,5,0,0,5,6
2020-08-14,US,Georgia,Fayette,1263,33,0,33.41357794,-84.49089434,13113.0,1103.8183550222425,2.6128266033254155,1230,1210,32,0,1178,1187,113459,53,1,0,52,23
2020-08-14,US,Georgia,Floyd,1789,18,0,34.26268279,-85.21577392,13115.0,1816.2805336148958,1.0061486864169928,1771,1692,18,0,1674,1648,97927,97,0,0,97,44
2020-08-14,US,Georgia,Forsyth,2554,26,0,34.22604035,-84.12315129999998,13117.0,1045.6413867644892,1.0180109631949883,2528,2455,26,0,2429,2416,236612,99,0,0,99,39
2020-08-14,US,Georgia,Franklin,452,6,0,34.37525597,-83.23159927,13119.0,1935.8430767912973,1.327433628318584,446,434,6,0,428,423,23023,18,0,0,18,11
2020-08-14,US,Georgia,Fulton,21867,472,0,33.79216944,-84.46319413,13121.0,2055.2908677863447,2.1585036813463208,21395,21373,462,0,20911,21140,1050114,494,10,0,484,233
2020-08-14,US,Georgia,Gilmer,676,4,0,34.69316688,-84.45802506,13123.0,2154.9937836717777,0.591715976331361,672,658,4,0,654,651,30816,18,0,0,18,7
2020-08-14,US,Georgia,Glascock,27,1,0,33.22879932,-82.61297636,13125.0,908.7849209020533,3.703703703703704,26,26,1,0,25,24,2995,1,0,0,1,2
2020-08-14,US,Georgia,Glynn,2725,56,0,31.23279254,-81.53811412,13127.0,3194.906908033579,2.055045871559633,2669,2672,53,0,2619,2625,85219,53,3,0,50,47
2020-08-14,US,Georgia,Gordon,1325,24,0,34.50487351,-84.87296253,13129.0,2285.9410313475837,1.8113207547169807,1301,1285,23,0,1262,1264,57685,40,1,0,39,21
2020-08-14,US,Georgia,Grady,546,8,0,30.87454847,-84.23418364,13131.0,2216.538789428815,1.465201465201465,538,538,7,0,531,522,24748,8,1,0,7,16
2020-08-14,US,Georgia,Greene,356,13,0,33.5769205,-83.17139104,13133.0,1942.8072473259115,3.651685393258427,343,339,12,0,327,331,17698,17,1,0,16,8
2020-08-14,US,Georgia,Gwinnett,21411,287,0,33.96044201,-84.02137802,13135.0,2286.8891855807738,1.3404324879734717,21124,20900,282,0,20618,20685,927781,511,5,0,506,215
2020-08-14,US,Georgia,Habersham,1206,52,0,34.63331566,-83.53094677,13137.0,2660.607130250617,4.311774461028192,1154,1183,51,0,1132,1173,45388,23,1,0,22,10
2020-08-14,US,Georgia,Hall,6512,104,0,34.32207823,-83.81896936,13139.0,3185.2710561971417,1.597051597051597,6408,6339,103,0,6236,6298,202148,173,1,0,172,41
2020-08-14,US,Georgia,Hancock,338,35,0,33.2721566,-82.99766919,13141.0,3996.6891332623854,10.355029585798817,303,331,35,0,296,328,8348,7,0,0,7,3
2020-08-14,US,Georgia,Haralson,247,7,0,33.79602175,-85.21005667,13143.0,829.0816326530612,2.8340080971659916,240,237,7,0,230,231,29533,10,0,0,10,6
2020-08-14,US,Georgia,Harris,682,17,0,32.73709786,-84.90538572,13145.0,1935.5204904075376,2.49266862170088,665,674,17,0,657,668,34475,8,0,0,8,6
2020-08-14,US,Georgia,Hart,345,8,0,34.34626973,-82.96567682,13147.0,1316.542644533486,2.318840579710145,337,331,8,0,323,325,26099,14,0,0,14,6
2020-08-14,US,Georgia,Heard,153,5,0,33.29686567,-85.12886832,13149.0,1283.2340853811959,3.2679738562091503,148,149,5,0,144,148,11879,4,0,0,4,1
2020-08-14,US,Georgia,Henry,3694,58,0,33.4533428,-84.14814659999998,13151.0,1574.8568602623623,1.5701136978884678,3636,3537,56,0,3481,3513,230220,157,2,0,155,24
2020-08-14,US,Georgia,Houston,2159,62,0,32.45802497,-83.66879087,13153.0,1367.6415626207531,2.8716998610467814,2097,2079,62,0,2017,2048,155469,80,0,0,80,31
2020-08-14,US,Georgia,Irwin,178,1,0,31.60213036,-83.27501387,13155.0,1890.3993203058624,0.5617977528089888,177,174,1,0,173,172,9398,4,0,0,4,2
2020-08-14,US,Georgia,Jackson,1176,17,0,34.13794553,-83.56814788,13157.0,1611.4666264713544,1.445578231292517,1159,1122,17,0,1105,1118,70422,54,0,0,54,4
2020-08-14,US,Georgia,Jasper,176,2,0,33.31535543,-83.68844964,13159.0,1237.7804346297207,1.1363636363636365,174,171,2,0,169,170,14040,5,0,0,5,1
2020-08-14,US,Georgia,Jeff Davis,528,8,0,31.80405727,-82.63724870000001,13161.0,3493.2186569632813,1.5151515151515151,520,491,8,0,483,485,15029,37,0,0,37,6
2020-08-14,US,Georgia,Jefferson,555,10,0,33.05867328,-82.41609057,13163.0,3612.8108319229273,1.8018018018018016,545,536,9,0,527,532,15430,19,1,0,18,4
2020-08-14,US,Georgia,Jenkins,261,24,0,32.79248718,-81.96040187,13165.0,3008.298755186722,9.195402298850574,237,256,24,0,232,251,8683,5,0,0,5,5
2020-08-14,US,Georgia,Johnson,260,12,0,32.70211082,-82.66166794,13167.0,2696.256351757752,4.615384615384615,248,253,12,0,241,252,9708,7,0,0,7,1
2020-08-14,US,Georgia,Jones,341,4,0,33.02512137,-83.56019163,13169.0,1186.706107534366,1.1730205278592376,337,327,4,0,323,326,28616,14,0,0,14,1
2020-08-14,US,Georgia,Lamar,292,14,0,33.07841647,-84.14263877,13171.0,1530.638989358914,4.794520547945205,278,283,13,0,270,280,19000,9,1,0,8,3
2020-08-14,US,Georgia,Lanier,229,4,0,31.03828570000001,-83.06472457,13173.0,2197.0641849755348,1.7467248908296944,225,227,4,0,223,225,10340,2,0,0,2,2
2020-08-14,US,Georgia,Laurens,1109,19,0,32.46325233,-82.92221316,13175.0,2332.478021284651,1.7132551848512174,1090,1075,17,0,1058,1064,47325,34,2,0,32,11
2020-08-14,US,Georgia,Lee,603,23,0,31.779330600000005,-84.14324253,13177.0,2010.536142971459,3.814262023217247,580,569,23,0,546,565,29764,34,0,0,34,4
2020-08-14,US,Georgia,Liberty,798,7,0,31.82588896,-81.49251135,13179.0,1298.9338325059007,0.8771929824561403,791,784,7,0,777,780,61497,14,0,0,14,4
2020-08-14,US,Georgia,Lincoln,167,5,0,33.79201475,-82.45024131,13181.0,2108.319656609014,2.9940119760479043,162,154,5,0,149,153,7915,13,0,0,13,1
2020-08-14,US,Georgia,Long,144,2,0,31.75218791,-81.74952375,13183.0,736.2339587913492,1.3888888888888888,142,136,2,0,134,132,18998,8,0,0,8,4
2020-08-14,US,Georgia,Lowndes,3249,50,0,30.83568832,-83.27056716,13185.0,2767.3202391700593,1.538935056940597,3199,3257,50,0,3207,3273,116321,-8,0,0,-8,-16
2020-08-14,US,Georgia,Lumpkin,416,9,0,34.57286511,-84.00425681,13187.0,1237.726867003868,2.1634615384615383,407,381,7,0,374,371,32955,35,2,0,33,10
2020-08-14,US,Georgia,Macon,189,10,0,32.35207048,-84.04234127,13193.0,1459.7976365181125,5.291005291005291,179,185,10,0,175,181,13143,4,0,0,4,4
2020-08-14,US,Georgia,Madison,440,7,0,34.12920917,-83.21218732,13195.0,1472.5568942436414,1.5909090909090908,433,428,7,0,421,424,29650,12,0,0,12,4
2020-08-14,US,Georgia,Marion,161,5,0,32.3483402,-84.52733571,13197.0,1926.0677114487376,3.1055900621118013,156,157,5,0,152,156,8351,4,0,0,4,1
2020-08-14,US,Georgia,McDuffie,412,10,0,33.47851918,-82.48252774,13189.0,1933.1831831831832,2.4271844660194173,402,389,10,0,379,386,21531,23,0,0,23,3
2020-08-14,US,Georgia,McIntosh,209,3,0,31.49683595,-81.40163426,13191.0,1453.609681457783,1.4354066985645932,206,201,3,0,198,194,14340,8,0,0,8,7
2020-08-14,US,Georgia,Meriwether,430,7,0,33.04163534,-84.68859732,13199.0,2031.4640714319464,1.627906976744186,423,411,6,0,405,409,21068,19,1,0,18,2
2020-08-14,US,Georgia,Miller,160,0,0,31.16568912,-84.73151117,13201.0,2798.181182231549,0.0,160,152,0,0,152,149,5686,8,0,0,8,3
2020-08-14,US,Georgia,Mitchell,664,41,0,31.22483255,-84.19381821,13205.0,3037.094634771074,6.174698795180722,623,659,41,0,618,658,22192,5,0,0,5,1
2020-08-14,US,Georgia,Monroe,490,30,0,33.014289,-83.92097166,13207.0,1776.7785916310102,6.1224489795918355,460,474,29,0,445,473,27520,16,1,0,15,1
2020-08-14,US,Georgia,Montgomery,171,2,0,32.17201038,-82.53527476,13209.0,1864.369821194941,1.1695906432748535,169,159,2,0,157,157,9193,12,0,0,12,2
2020-08-14,US,Georgia,Morgan,318,1,0,33.59232073,-83.49129491,13211.0,1649.7198588918866,0.31446540880503143,317,301,0,0,301,295,18853,17,1,0,16,6
2020-08-14,US,Georgia,Murray,651,3,0,34.78897608,-84.74993177,13213.0,1623.6033519553073,0.4608294930875576,648,627,2,0,625,623,39921,24,1,0,23,4
2020-08-14,US,Georgia,Muscogee,5029,109,0,32.50931999,-84.87142262,13215.0,2568.843892546828,2.16742891230861,4920,4930,105,0,4825,4879,194160,99,4,0,95,51
2020-08-14,US,Georgia,Newton,1987,48,0,33.55514538,-83.84547140000002,13217.0,1778.1715349369988,2.415702063412179,1939,1914,46,0,1868,1895,109541,73,2,0,71,19
2020-08-14,US,Georgia,Oconee,469,16,0,33.83749973,-83.43679568,13219.0,1164.3495531281033,3.411513859275053,453,459,15,0,444,455,39272,10,1,0,9,4
2020-08-14,US,Georgia,Oglethorpe,250,7,0,33.878629600000004,-83.08278123,13221.0,1638.3773510714987,2.8,243,238,7,0,231,236,15054,12,0,0,12,2
2020-08-14,US,Georgia,Out of GA,16824,101,0,0.0,0.0,80013.0,0.0,0.6003328578221588,16723,16659,98,0,16561,16470,,165,3,0,162,189
2020-08-14,US,Georgia,Paulding,1868,26,0,33.91969522,-84.86848792,13223.0,1107.5076926725442,1.39186295503212,1842,1809,25,0,1784,1789,164044,59,1,0,58,20
2020-08-14,US,Georgia,Peach,438,16,0,32.56934316,-83.82937,13225.0,1590.0675234153782,3.6529680365296797,422,411,15,0,396,402,27297,27,1,0,26,9
2020-08-14,US,Georgia,Pickens,442,6,0,34.46589159,-84.46406611,13227.0,1356.2026326286398,1.3574660633484164,436,430,5,0,425,420,31980,12,1,0,11,10
2020-08-14,US,Georgia,Pierce,439,9,0,31.35928155,-82.21598442,13229.0,2255.330079630105,2.050113895216401,430,429,9,0,420,420,19389,10,0,0,10,9
2020-08-14,US,Georgia,Pike,241,6,0,33.09310242,-84.38790389,13231.0,1270.9629785887566,2.489626556016597,235,232,6,0,226,228,18634,9,0,0,9,4
2020-08-14,US,Georgia,Polk,939,11,0,34.00267074,-85.18677781,13233.0,2203.552906390069,1.1714589989350372,928,901,11,0,890,877,42470,38,0,0,38,24
2020-08-14,US,Georgia,Pulaski,137,3,0,32.23334561,-83.47549959999998,13235.0,1230.1337882733233,2.18978102189781,134,132,3,0,129,133,11069,5,0,0,5,-1
2020-08-14,US,Georgia,Putnam,469,18,0,33.32056115,-83.37552891,13237.0,2120.349021203491,3.837953091684435,451,454,18,0,436,449,21809,15,0,0,15,5
2020-08-14,US,Georgia,Quitman,31,1,0,31.86728114,-85.01773177,13239.0,1348.4123531970422,3.2258064516129035,30,31,1,0,30,31,2279,0,0,0,0,0
2020-08-14,US,Georgia,Rabun,232,3,0,34.88389445,-83.40304637,13241.0,1353.7958802590883,1.293103448275862,229,230,3,0,227,230,16867,2,0,0,2,0
2020-08-14,US,Georgia,Randolph,280,26,0,31.76622818,-84.75732369,13243.0,4131.0120979640005,9.285714285714286,254,276,26,0,250,274,6833,4,0,0,4,2
2020-08-14,US,Georgia,Richmond,4961,97,0,33.35777107,-82.07026432,13245.0,2449.658795761364,1.9552509574682524,4864,4718,95,0,4623,4672,201554,243,2,0,241,46
2020-08-14,US,Georgia,Rockdale,1455,26,0,33.65145002,-84.02202167,13247.0,1600.7305051927478,1.7869415807560138,1429,1411,24,0,1387,1395,90594,44,2,0,42,16
2020-08-14,US,Georgia,Schley,78,1,0,32.2654021,-84.31258912,13249.0,1483.7359710861704,1.2820512820512822,77,77,1,0,76,74,5236,1,0,0,1,3
2020-08-14,US,Georgia,Screven,228,9,0,32.74976524,-81.60779441,13251.0,1632.5361592438778,3.947368421052632,219,220,9,0,211,216,13938,8,0,0,8,4
2020-08-14,US,Georgia,Seminole,239,5,0,30.93464824,-84.86823924,13253.0,2954.2645241038317,2.092050209205021,234,229,5,0,224,220,8315,10,0,0,10,9
2020-08-14,US,Georgia,Spalding,1028,43,0,33.26310031,-84.28013991,13255.0,1541.1600677630688,4.182879377431907,985,990,42,0,948,983,66100,38,1,0,37,7
2020-08-14,US,Georgia,Stephens,693,17,0,34.55151201,-83.29405315,13257.0,2673.095467695275,2.453102453102453,676,676,14,0,662,663,26035,17,3,0,14,13
2020-08-14,US,Georgia,Stewart,260,9,0,32.07996777,-84.83208037,13259.0,3926.8992599305243,3.4615384615384617,251,257,9,0,248,256,6199,3,0,0,3,1
2020-08-14,US,Georgia,Sumter,779,56,0,32.03650571,-84.19821492,13261.0,2638.531364313779,7.1887034659820275,723,768,56,0,712,784,29733,11,0,0,11,-16
2020-08-14,US,Georgia,Talbot,146,5,0,32.69642758,-84.53351366,13263.0,2356.7393058918483,3.4246575342465757,141,143,3,0,140,142,6272,3,2,0,1,1
2020-08-14,US,Georgia,Taliaferro,17,0,0,33.56543317,-82.88136816,13265.0,1106.0507482108003,0.0,17,14,0,0,14,13,1608,3,0,0,3,1
2020-08-14,US,Georgia,Tattnall,585,2,0,32.04785085,-82.05539188,13267.0,2313.5331804160405,0.3418803418803419,583,558,2,0,556,546,25391,27,0,0,27,12
2020-08-14,US,Georgia,Taylor,103,3,0,32.55792548,-84.25077141,13269.0,1284.28927680798,2.9126213592233015,100,99,3,0,96,94,8039,4,0,0,4,5
2020-08-14,US,Georgia,Telfair,306,12,0,31.92829517,-82.93491155,13271.0,1929.3820933165198,3.92156862745098,294,299,12,0,287,302,15876,7,0,0,7,-3
2020-08-14,US,Georgia,Terrell,307,30,0,31.77527543,-84.44069698,13273.0,3598.6402531942326,9.77198697068404,277,307,30,0,277,306,8611,0,0,0,0,1
2020-08-14,US,Georgia,Thomas,1237,44,0,30.86392347,-83.91847289,13275.0,2782.839531169152,3.556992724333064,1193,1147,44,0,1103,1147,44448,90,0,0,90,0
2020-08-14,US,Georgia,Tift,1395,45,0,31.45743864,-83.5236119,13277.0,3432.240921169176,3.2258064516129035,1350,1380,44,0,1336,1373,40571,15,1,0,14,7
2020-08-14,US,Georgia,Toombs,857,9,0,32.12059861,-82.32957247,13279.0,3194.1856131196423,1.0501750291715286,848,816,9,0,807,789,26887,41,0,0,41,27
2020-08-14,US,Georgia,Towns,158,2,0,34.91369188,-83.74107459999998,13281.0,1312.6194234443801,1.2658227848101269,156,155,2,0,153,154,11852,3,0,0,3,1
2020-08-14,US,Georgia,Treutlen,138,3,0,32.40422134,-82.56904553,13283.0,1999.7101869294306,2.1739130434782608,135,135,3,0,132,132,6809,3,0,0,3,3
2020-08-14,US,Georgia,Troup,2400,76,0,33.03349196,-85.02812115,13285.0,3432.396098509768,3.1666666666666665,2324,2354,73,0,2281,2335,70034,46,3,0,43,19
2020-08-14,US,Georgia,Turner,262,18,0,31.71612656,-83.62069378,13287.0,3281.1521603005635,6.870229007633588,244,260,18,0,242,257,7912,2,0,0,2,3
2020-08-14,US,Georgia,Twiggs,132,4,0,32.67435595,-83.43078662,13289.0,1625.615763546798,3.0303030303030303,128,127,4,0,123,124,8188,5,0,0,5,3
2020-08-14,US,Georgia,Unassigned,2758,7,0,0.0,0.0,90013.0,0.0,0.2538071065989848,2751,2783,8,0,2775,2730,,-25,-1,0,-24,53
2020-08-14,US,Georgia,Union,331,7,0,34.82995757,-83.98967069,13291.0,1350.41409979193,2.114803625377644,324,313,7,0,306,298,24001,18,0,0,18,15
2020-08-14,US,Georgia,Upson,624,49,0,32.87920671,-84.30024826,13293.0,2370.820668693009,7.852564102564102,575,574,49,0,525,574,26215,50,0,0,50,0
2020-08-14,US,Georgia,Walker,808,17,0,34.73376362,-85.30165174,13295.0,1158.2402775189576,2.103960396039604,791,760,16,0,744,742,69410,48,1,0,47,18
2020-08-14,US,Georgia,Walton,1259,41,0,33.78017694,-83.73552314,13297.0,1330.9652934149462,3.2565528196981735,1218,1210,40,0,1170,1188,93503,49,1,0,48,22
2020-08-14,US,Georgia,Ware,1210,33,0,31.05449097,-82.42224148,13299.0,3386.130855767616,2.727272727272727,1177,1186,31,0,1155,1178,35680,24,2,0,22,8
2020-08-14,US,Georgia,Warren,90,1,0,33.41146451,-82.67795848,13301.0,1712.9805862200228,1.1111111111111112,89,89,1,0,88,87,5251,1,0,0,1,2
2020-08-14,US,Georgia,Washington,531,3,0,32.96711864,-82.79357039,13303.0,2606.26288406793,0.5649717514124294,528,518,2,0,516,497,20386,13,1,0,12,21
2020-08-14,US,Georgia,Wayne,863,13,0,31.5521809,-81.91894878,13305.0,2883.683630166739,1.5063731170336037,850,846,12,0,834,825,29808,17,1,0,16,21
2020-08-14,US,Georgia,Webster,39,2,0,32.04066113,-84.54742852,13307.0,1495.9723820483316,5.128205128205129,37,39,2,0,37,40,2611,0,0,0,0,-1
2020-08-14,US,Georgia,Wheeler,103,1,0,32.12009104,-82.72574721,13309.0,1311.2667091024825,0.9708737864077671,102,100,1,0,99,97,7879,3,0,0,3,3
2020-08-14,US,Georgia,White,391,6,0,34.64624278,-83.74905525,13311.0,1269.5629586336775,1.5345268542199488,385,376,6,0,370,370,29970,15,0,0,15,6
2020-08-14,US,Georgia,Whitfield,3700,36,0,34.80987459,-84.96093476,13313.0,3536.3382650915623,0.972972972972973,3664,3654,34,0,3620,3621,104062,46,2,0,44,33
2020-08-14,US,Georgia,Wilcox,198,19,0,31.97496928,-83.43438555,13315.0,2292.9936305732485,9.595959595959595,179,188,19,0,169,188,8812,10,0,0,10,0
2020-08-14,US,Georgia,Wilkes,199,3,0,33.78290391,-82.74286107,13317.0,2035.389178684668,1.5075376884422111,196,196,3,0,193,195,9876,3,0,0,3,1
2020-08-14,US,Georgia,Wilkinson,235,12,0,32.80291082,-83.17140684,13319.0,2624.525351798079,5.1063829787234045,223,223,12,0,211,221,9036,12,0,0,12,2
2020-08-14,US,Georgia,Worth,468,23,0,31.55162306,-83.85090513,13321.0,2311.453548673878,4.914529914529915,445,461,23,0,438,457,20299,7,0,0,7,4
2020-08-14,US,Hawaii,Hawaii,145,0,0,19.60121157,-155.5210167,15001.0,71.9556554663967,0.0,145,139,0,0,139,135,200983,6,0,0,6,4
2020-08-14,US,Hawaii,Honolulu,4390,33,0,21.45803166,-157.97121819999995,15003.0,450.4583079800897,0.7517084282460137,4357,3900,33,0,3867,3558,980080,490,0,0,490,342
2020-08-14,US,Hawaii,Kauai,54,0,0,22.03935037,-159.5966786,15007.0,74.69602866114285,0.0,54,52,0,0,52,51,72133,2,0,0,2,1
2020-08-14,US,Hawaii,Maui,213,6,0,20.86399628,-156.56890969999995,15009.0,127.22722304186551,2.8169014084507036,207,198,6,0,192,191,167207,15,0,0,15,7
2020-08-14,US,Hawaii,Out of HI,23,1,0,0.0,0.0,80015.0,0.0,4.3478260869565215,22,23,1,0,22,23,,0,0,0,0,0
2020-08-14,US,Idaho,Ada,9924,95,0,43.4526575,-116.24155159999998,16001.0,2060.686854088669,0.9572752922208788,9829,9595,90,0,9505,9425,469966,329,5,0,324,170
2020-08-14,US,Idaho,Adams,22,0,0,44.89333571,-116.4545247,16003.0,512.342803912436,0.0,22,21,0,0,21,20,4250,1,0,0,1,1
2020-08-14,US,Idaho,Bannock,489,2,0,42.67002716,-112.2233311,16005.0,556.8968658892128,0.40899795501022496,487,464,2,0,462,443,87138,25,0,0,25,21
2020-08-14,US,Idaho,Bear Lake,21,0,0,42.28269683,-111.32892379999998,16007.0,342.85714285714283,0.0,21,20,0,0,20,20,6050,1,0,0,1,0
2020-08-14,US,Idaho,Benewah,80,1,0,47.21754179,-116.6586851,16009.0,860.4000860400087,1.25,79,80,1,0,79,77,9226,0,0,0,0,3
2020-08-14,US,Idaho,Bingham,339,2,0,43.21672879999999,-112.3978437,16011.0,724.1887590523595,0.5899705014749262,337,320,2,0,318,297,46236,19,0,0,19,23
2020-08-14,US,Idaho,Blaine,585,6,0,43.4085812,-113.9752658,16013.0,2541.1580730637243,1.0256410256410255,579,582,6,0,576,578,22601,3,0,0,3,4
2020-08-14,US,Idaho,Boise,53,1,0,43.98829931,-115.7309284,16015.0,676.7973438896693,1.8867924528301887,52,52,1,0,51,51,7634,1,0,0,1,1
2020-08-14,US,Idaho,Bonner,191,0,0,48.29996017,-116.6017932,16017.0,417.5867421675157,0.0,191,189,0,0,189,189,44727,2,0,0,2,0
2020-08-14,US,Idaho,Bonneville,1281,6,0,43.38713372,-111.6161537,16019.0,1075.9100300683676,0.468384074941452,1275,1206,4,0,1202,1176,116854,75,2,0,73,30
2020-08-14,US,Idaho,Boundary,38,0,0,48.76684761,-116.4630179,16021.0,310.330747243773,0.0,38,38,0,0,38,38,11948,0,0,0,0,0
2020-08-14,US,Idaho,Butte,1,0,0,43.72592209,-113.1735463,16023.0,38.50596842510589,0.0,1,1,0,0,1,,2611,0,0,0,0,
2020-08-14,US,Idaho,Camas,1,0,0,43.46665742,-114.8065892,16025.0,90.41591320072331,0.0,1,1,0,0,1,1,1127,0,0,0,0,0
2020-08-14,US,Idaho,Canyon,6308,56,0,43.61970148,-116.70954990000001,16027.0,2744.410460780773,0.8877615726062144,6252,6137,51,0,6086,6064,223499,171,5,0,166,73
2020-08-14,US,Idaho,Caribou,34,0,0,42.77149116,-111.5597683,16029.0,475.1921733053808,0.0,34,34,0,0,34,33,7060,0,0,0,0,1
2020-08-14,US,Idaho,Cassia,545,1,0,42.28347888,-113.6012409,16031.0,2267.998335414066,0.1834862385321101,544,543,1,0,542,532,23864,2,0,0,2,11
2020-08-14,US,Idaho,Clark,11,0,0,44.28496071,-112.35057040000001,16033.0,1301.775147928994,0.0,11,10,0,0,10,9,852,1,0,0,1,1
2020-08-14,US,Idaho,Clearwater,17,0,0,46.67459924,-115.6622393,16035.0,194.15258108725445,0.0,17,17,0,0,17,17,8758,0,0,0,0,0
2020-08-14,US,Idaho,Custer,11,0,0,44.24186819,-114.2855494,16037.0,254.9246813441484,0.0,11,11,0,0,11,11,4280,0,0,0,0,0
2020-08-14,US,Idaho,Elmore,234,3,0,43.3507101,-115.4701578,16039.0,850.5688633637454,1.2820512820512822,231,229,3,0,226,218,27259,5,0,0,5,11
2020-08-14,US,Idaho,Franklin,52,0,0,42.18332217,-111.81496659999999,16041.0,374.7477659267801,0.0,52,52,0,0,52,52,13726,0,0,0,0,0
2020-08-14,US,Idaho,Fremont,92,0,0,44.22800938,-111.48099429999999,16043.0,702.3436903580426,0.0,92,90,0,0,90,89,13168,2,0,0,2,1
2020-08-14,US,Idaho,Gem,189,1,0,44.06482372,-116.398376,16045.0,1043.5070671378094,0.5291005291005291,188,187,1,0,186,183,17634,2,0,0,2,4
2020-08-14,US,Idaho,Gooding,180,1,0,42.96927962,-114.81083059999999,16047.0,1185.8488701495487,0.5555555555555556,179,175,1,0,174,174,15196,5,0,0,5,1
2020-08-14,US,Idaho,Idaho,34,0,0,45.84721541,-115.4634436,16049.0,203.9959200815984,0.0,34,33,0,0,33,33,16513,1,0,0,1,0
2020-08-14,US,Idaho,Jefferson,242,1,0,43.82078483,-112.3131749,16051.0,810.1503130126207,0.4132231404958678,241,229,1,0,228,219,29439,13,0,0,13,10
2020-08-14,US,Idaho,Jerome,521,6,0,42.68891267,-114.2655033,16053.0,2134.1962969031624,1.151631477927063,515,505,6,0,499,499,24015,16,0,0,16,6
2020-08-14,US,Idaho,Kootenai,1989,20,0,47.67282258,-116.7020872,16055.0,1200.3838331412155,1.0055304172951232,1969,1946,16,0,1930,1922,161505,43,4,0,39,24
2020-08-14,US,Idaho,Latah,133,0,0,46.81587887,-116.71136979999999,16057.0,331.60466739802536,0.0,133,124,0,0,124,113,40134,9,0,0,9,11
2020-08-14,US,Idaho,Lemhi,45,0,0,44.9438088,-113.9309747,16059.0,560.6079481749097,0.0,45,35,0,0,35,35,7961,10,0,0,10,0
2020-08-14,US,Idaho,Lincoln,61,0,0,43.0012336,-114.1358773,16063.0,1136.7871785314944,0.0,61,60,0,0,60,59,5360,1,0,0,1,1
2020-08-14,US,Idaho,Madison,180,0,0,43.78141028,-111.65384740000002,16065.0,451.04868820006516,0.0,180,177,0,0,177,175,39304,3,0,0,3,2
2020-08-14,US,Idaho,Minidoka,503,2,0,42.85518524,-113.6357257,16067.0,2390.798041732021,0.3976143141153082,501,498,2,0,496,486,20825,5,0,0,5,12
2020-08-14,US,Idaho,Nez Perce,174,19,0,46.32638236,-116.75009750000001,16069.0,430.6078004355574,10.919540229885056,155,168,19,0,149,162,40408,6,0,0,6,6
2020-08-14,US,Idaho,Oneida,16,0,0,42.19494279999999,-112.5407838,16071.0,353.12293092032667,0.0,16,16,0,0,16,16,4488,0,0,0,0,0
2020-08-14,US,Idaho,Owyhee,276,3,0,42.58016894,-116.16938710000001,16073.0,2334.432885054555,1.0869565217391304,273,272,3,0,269,269,11693,4,0,0,4,3
2020-08-14,US,Idaho,Payette,443,3,0,44.00545243,-116.7647695,16075.0,1849.6096196400986,0.6772009029345373,440,424,3,0,421,417,23551,19,0,0,19,7
2020-08-14,US,Idaho,Power,66,0,0,42.69254894,-112.83957420000002,16077.0,859.263116781669,0.0,66,64,0,0,64,62,7768,2,0,0,2,2
2020-08-14,US,Idaho,Shoshone,166,3,0,47.35364087,-115.89167490000001,16079.0,1288.6197795373394,1.8072289156626504,163,154,2,0,152,132,12796,12,1,0,11,22
2020-08-14,US,Idaho,Teton,98,0,0,43.75303583,-111.2056773,16081.0,807.1157964091583,0.0,98,90,0,0,90,86,11640,8,0,0,8,4
2020-08-14,US,Idaho,Twin Falls,1517,33,0,42.35440512,-114.6685381,16083.0,1746.1267524574691,2.1753460777851017,1484,1482,32,0,1450,1464,86081,35,1,0,34,18
2020-08-14,US,Idaho,Unassigned,5,0,0,0.0,0.0,90016.0,0.0,0.0,5,5,0,0,5,5,,0,0,0,0,0
2020-08-14,US,Idaho,Valley,74,1,0,44.76728382,-115.5676773,16085.0,649.5786516853932,1.351351351351351,73,69,1,0,68,66,11041,5,0,0,5,3
2020-08-14,US,Idaho,Washington,234,3,0,44.45275475,-116.78476880000001,16087.0,2295.4679223072394,1.2820512820512822,231,224,3,0,221,217,10161,10,0,0,10,7
2020-08-14,US,Illinois,Adams,620,7,0,39.98815591,-91.18786813,17001.0,947.5051577901736,1.1290322580645162,613,581,7,0,574,580,65691,39,0,0,39,1
2020-08-14,US,Illinois,Alexander,39,0,0,37.18049267,-89.32910838,17003.0,676.9658045478217,0.0,39,37,0,0,37,37,6060,2,0,0,2,0
2020-08-14,US,Illinois,Bond,77,3,0,38.88829622,-89.43534887,17005.0,468.76902471691216,3.8961038961038965,74,68,3,0,65,64,16630,9,0,0,9,4
2020-08-14,US,Illinois,Boone,764,23,0,42.32359279,-88.82345779,17007.0,1426.8638876438074,3.0104712041884816,741,770,23,0,747,770,53577,-6,0,0,-6,0
2020-08-14,US,Illinois,Brown,15,0,0,39.96209138,-90.75068024,17009.0,228.0328367284889,0.0,15,15,0,0,15,15,6556,0,0,0,0,0
2020-08-14,US,Illinois,Bureau,269,4,0,41.40385234,-89.5283051,17011.0,824.4452617383843,1.4869888475836432,265,247,3,0,244,241,32993,22,1,0,21,6
2020-08-14,US,Illinois,Calhoun,13,0,0,39.16840183,-90.66330078,17013.0,274.3194766828445,0.0,13,12,0,0,12,11,4802,1,0,0,1,1
2020-08-14,US,Illinois,Carroll,79,4,0,42.06823429,-89.93395545,17015.0,552.2544564837468,5.063291139240507,75,68,4,0,64,64,14312,11,0,0,11,4
2020-08-14,US,Illinois,Cass,251,11,0,39.96991073,-90.24734436,17017.0,2066.353832221948,4.382470119521912,240,245,11,0,234,238,12260,6,0,0,6,7
2020-08-14,US,Illinois,Champaign,1752,19,0,40.13919438,-88.20046615,17019.0,835.5230841865811,1.0844748858447488,1733,1729,19,0,1710,1709,209983,23,0,0,23,20
2020-08-14,US,Illinois,Christian,150,4,0,39.54581621,-89.27780482,17021.0,464.33878157503716,2.6666666666666665,146,144,4,0,140,144,32661,6,0,0,6,0
2020-08-14,US,Illinois,Clark,93,2,0,39.33425789,-87.78705622,17023.0,602.2925976296873,2.150537634408602,91,88,2,0,86,87,15596,5,0,0,5,1
2020-08-14,US,Illinois,Clay,32,0,0,38.75388572,-88.48914513,17025.0,242.71844660194168,0.0,32,31,0,0,31,27,13253,1,0,0,1,4
2020-08-14,US,Illinois,Clinton,468,17,0,38.60704876,-89.42385254,17027.0,1245.940045790959,3.632478632478633,451,433,17,0,416,419,37639,35,0,0,35,14
2020-08-14,US,Illinois,Coles,602,21,0,39.51949084,-88.22358557,17029.0,1189.2297663025224,3.4883720930232562,581,546,21,0,525,520,50885,56,0,0,56,26
2020-08-14,US,Illinois,Cook,115344,4953,0,41.84144849,-87.81658794,17031.0,2239.58799533924,4.294111527257595,110391,113788,4943,0,108845,113044,5180493,1556,10,0,1546,744
2020-08-14,US,Illinois,Crawford,35,0,0,39.0032229,-87.75954624,17033.0,187.49665184550273,0.0,35,31,0,0,31,29,18807,4,0,0,4,2
2020-08-14,US,Illinois,Cumberland,62,3,0,39.27432424,-88.2401158,17035.0,575.8870518298347,4.838709677419356,59,60,3,0,57,57,10808,2,0,0,2,3
2020-08-14,US,Illinois,De Witt,37,0,0,40.17514519,-88.90959682,17039.0,236.60314618237626,0.0,37,34,0,0,34,34,15769,3,0,0,3,0
2020-08-14,US,Illinois,DeKalb,977,32,0,41.89373302,-88.76958483,17037.0,931.3898395568988,3.2753326509723646,945,960,31,0,929,956,104143,17,1,0,16,4
2020-08-14,US,Illinois,Douglas,140,3,0,39.76768052,-88.21854195,17041.0,719.2396609298743,2.142857142857143,137,133,3,0,130,129,19479,7,0,0,7,4
2020-08-14,US,Illinois,DuPage,12815,526,0,41.85116968,-88.08642662,17043.0,1388.5262118859575,4.104564962934061,12289,12592,523,0,12069,12511,928589,223,3,0,220,81
2020-08-14,US,Illinois,Edgar,34,0,0,39.6809186,-87.74759563,17045.0,198.1236524678049,0.0,34,30,0,0,30,29,17360,4,0,0,4,1
2020-08-14,US,Illinois,Edwards,25,0,0,38.41353228,-88.05720863,17047.0,390.93041438623925,0.0,25,24,0,0,24,24,6392,1,0,0,1,0
2020-08-14,US,Illinois,Effingham,228,1,0,39.05935711,-88.58969584,17049.0,670.4304869442484,0.43859649122807015,227,192,1,0,191,183,34208,36,0,0,36,9
2020-08-14,US,Illinois,Fayette,78,3,0,39.00072038,-89.02452658,17051.0,365.5793025871766,3.8461538461538463,75,73,3,0,70,71,21416,5,0,0,5,2
2020-08-14,US,Illinois,Ford,57,2,0,40.59706922,-88.22350769,17053.0,439.780881104853,3.5087719298245608,55,52,2,0,50,50,13264,5,0,0,5,2
2020-08-14,US,Illinois,Franklin,232,1,0,37.99189086,-88.92567818,17055.0,603.0830018976319,0.4310344827586207,231,205,1,0,204,198,38701,27,0,0,27,7
2020-08-14,US,Illinois,Fulton,44,0,0,40.47289135,-90.20862357,17057.0,128.13046010483401,0.0,44,37,0,0,37,37,34844,7,0,0,7,0
2020-08-14,US,Illinois,Gallatin,51,2,0,37.76430935,-88.22953869,17059.0,1056.338028169014,3.92156862745098,49,51,2,0,49,51,5058,0,0,0,0,0
2020-08-14,US,Illinois,Greene,71,0,0,39.35907414,-90.388865,17061.0,547.4593260852803,0.0,71,66,0,0,66,66,13044,5,0,0,5,0
2020-08-14,US,Illinois,Grundy,378,5,0,41.28569601,-88.41905692,17063.0,740.3925255611705,1.3227513227513228,373,353,5,0,348,343,50972,25,0,0,25,10
2020-08-14,US,Illinois,Hamilton,34,0,0,38.08163641,-88.53883373,17065.0,418.9255791030064,0.0,34,31,0,0,31,30,8163,3,0,0,3,1
2020-08-14,US,Illinois,Hancock,85,1,0,40.40423981,-91.16313899,17067.0,480.009035464197,1.1764705882352942,84,72,1,0,71,68,17844,13,0,0,13,4
2020-08-14,US,Illinois,Hardin,18,0,0,37.51810645,-88.26873022,17069.0,471.08086888249153,0.0,18,18,0,0,18,18,3910,0,0,0,0,0
2020-08-14,US,Illinois,Henderson,22,0,0,40.81908672,-90.92491462,17071.0,331.02618116160096,0.0,22,15,0,0,15,14,6709,7,0,0,7,1
2020-08-14,US,Illinois,Henry,285,1,0,41.3533994,-90.13296166,17073.0,582.667184593053,0.3508771929824561,284,266,1,0,265,262,49090,19,0,0,19,4
2020-08-14,US,Illinois,Iroquois,279,14,0,40.74717633,-87.82466784,17075.0,1028.9887143173269,5.017921146953405,265,274,12,0,262,269,27604,5,2,0,3,5
2020-08-14,US,Illinois,Jackson,760,20,0,37.78595185,-89.38232563,17077.0,1339.2070484581498,2.631578947368421,740,743,20,0,723,740,57419,17,0,0,17,3
2020-08-14,US,Illinois,Jasper,64,7,0,39.01054275,-88.15437049,17079.0,665.9729448491155,10.9375,57,61,7,0,54,59,9611,3,0,0,3,2
2020-08-14,US,Illinois,Jefferson,345,20,0,38.29980057,-88.9240025,17081.0,915.5079078654072,5.797101449275362,325,317,20,0,297,304,37820,28,0,0,28,13
2020-08-14,US,Illinois,Jersey,145,2,0,39.08869046,-90.35393073,17083.0,665.9624305332292,1.3793103448275863,143,141,2,0,139,122,21847,4,0,0,4,19
2020-08-14,US,Illinois,Jo Daviess,140,1,0,42.36542373,-90.21094405,17085.0,659.2889098186955,0.7142857142857143,139,136,1,0,135,133,21366,4,0,0,4,3
2020-08-14,US,Illinois,Johnson,77,0,0,37.45939802,-88.88165419,17087.0,620.1175807360877,0.0,77,71,0,0,71,70,12456,6,0,0,6,1
2020-08-14,US,Illinois,Kane,10157,304,0,41.93842729,-88.42861412,17089.0,1907.7653581967045,2.993009746972531,9853,10027,305,0,9722,9948,534216,130,-1,0,131,79
2020-08-14,US,Illinois,Kankakee,1874,69,0,41.13746989,-87.86205334,17091.0,1705.7763375871548,3.6819637139807897,1805,1829,69,0,1760,1807,110024,45,0,0,45,22
2020-08-14,US,Illinois,Kendall,1458,23,0,41.59081014,-88.42869583,17093.0,1130.3201798589039,1.5775034293552812,1435,1431,23,0,1408,1412,127915,27,0,0,27,19
2020-08-14,US,Illinois,Knox,351,1,0,40.93148779,-90.21330340000002,17095.0,706.2516348417473,0.2849002849002849,350,331,1,0,330,324,50112,20,0,0,20,7
2020-08-14,US,Illinois,LaSalle,932,29,0,41.34426129999999,-88.88633881,17099.0,857.6502958525432,3.1115879828326185,903,878,28,0,850,825,109430,54,1,0,53,53
2020-08-14,US,Illinois,Lake,13231,450,0,42.3224907,-88.00367925,17097.0,1899.545607901972,3.4011034691255384,12781,13047,450,0,12597,12939,700832,184,0,0,184,108
2020-08-14,US,Illinois,Lawrence,58,0,0,38.71987914,-87.72884035,17101.0,369.945146064549,0.0,58,52,0,0,52,51,15765,6,0,0,6,1
2020-08-14,US,Illinois,Lee,192,1,0,41.74583951,-89.29977132,17103.0,563.1159080244017,0.5208333333333334,191,186,1,0,185,186,34223,6,0,0,6,0
2020-08-14,US,Illinois,Livingston,143,3,0,40.89188292,-88.55784752,17105.0,401.1445242369838,2.097902097902098,140,134,3,0,131,130,35761,9,0,0,9,4
2020-08-14,US,Illinois,Logan,190,1,0,40.12581572,-89.36638784,17107.0,663.9178139632402,0.5263157894736842,189,179,1,0,178,166,28925,11,0,0,11,13
2020-08-14,US,Illinois,Macon,741,23,0,39.86064913,-88.96342505,17115.0,712.4383466815373,3.10391363022942,718,702,23,0,679,678,104712,39,0,0,39,24
2020-08-14,US,Illinois,Macoupin,235,3,0,39.26119767,-89.92424028,17117.0,523.0824021724613,1.2765957446808511,232,209,3,0,206,200,45313,26,0,0,26,9
2020-08-14,US,Illinois,Madison,3051,85,0,38.83042506,-89.90422563,17119.0,1160.2260368260534,2.785971812520485,2966,2855,79,0,2776,2777,264461,196,6,0,190,78
2020-08-14,US,Illinois,Marion,179,0,0,38.64963204,-88.91899208,17121.0,481.11812928369835,0.0,179,168,0,0,168,169,37620,11,0,0,11,-1
2020-08-14,US,Illinois,Marshall,35,0,0,41.0327901,-89.34510444,17123.0,305.9975520195838,0.0,35,33,0,0,33,28,11534,2,0,0,2,5
2020-08-14,US,Illinois,Mason,62,0,0,40.23917274,-89.91824452,17125.0,464.1065948050004,0.0,62,58,0,0,58,57,13565,4,0,0,4,1
2020-08-14,US,Illinois,Massac,43,0,0,37.22078441,-88.71036614,17127.0,312.22770839384265,0.0,43,43,0,0,43,42,14080,0,0,0,0,1
2020-08-14,US,Illinois,McDonough,155,15,0,40.45674722,-90.67775541,17109.0,522.2020079509466,9.677419354838712,140,147,15,0,132,147,29955,8,0,0,8,0
2020-08-14,US,Illinois,McHenry,3364,114,0,42.32451172,-88.45248227,17111.0,1093.0098058965343,3.3888228299643286,3250,3308,114,0,3194,3279,308570,56,0,0,56,29
2020-08-14,US,Illinois,McLean,756,15,0,40.48996987,-88.84621113,17113.0,440.772634782558,1.984126984126984,741,703,15,0,688,686,172828,53,0,0,53,17
2020-08-14,US,Illinois,Menard,61,0,0,40.02742725,-89.80246001,17129.0,500.1639881928501,0.0,61,58,0,0,58,58,12288,3,0,0,3,0
2020-08-14,US,Illinois,Mercer,78,4,0,41.20596782,-90.74290052,17131.0,505.27952322342423,5.128205128205129,74,77,4,0,73,77,15601,1,0,0,1,0
2020-08-14,US,Illinois,Monroe,353,13,0,38.27594376,-90.17761038,17133.0,1019.1413806045558,3.68271954674221,340,334,13,0,321,332,34335,19,0,0,19,2
2020-08-14,US,Illinois,Montgomery,183,7,0,39.23198845,-89.47809254,17135.0,644.0487083831914,3.8251366120218577,176,175,7,0,168,174,28601,8,0,0,8,1
2020-08-14,US,Illinois,Morgan,368,9,0,39.71654544,-90.20255104,17137.0,1093.350763562897,2.4456521739130435,359,291,6,0,285,286,33976,77,3,0,74,5
2020-08-14,US,Illinois,Moultrie,105,0,0,39.64187451,-88.62099969,17139.0,724.087993931453,0.0,105,100,0,0,100,93,14717,5,0,0,5,7
2020-08-14,US,Illinois,Ogle,432,5,0,42.04165196,-89.32184679,17141.0,853.0300337657721,1.1574074074074074,427,421,5,0,416,420,50923,11,0,0,11,1
2020-08-14,US,Illinois,Peoria,1866,37,0,40.78702156,-89.76078901,17143.0,1041.4166838747844,1.9828510182207928,1829,1758,37,0,1721,1717,180621,108,0,0,108,41
2020-08-14,US,Illinois,Perry,198,3,0,38.08510853,-89.36856219,17145.0,946.6437177280553,1.5151515151515151,195,193,3,0,190,185,21174,5,0,0,5,8
2020-08-14,US,Illinois,Piatt,67,0,0,40.01360584,-88.59319339,17147.0,409.9363680861479,0.0,67,65,0,0,65,64,16396,2,0,0,2,1
2020-08-14,US,Illinois,Pike,33,0,0,39.62265059,-90.8877017,17149.0,212.0686331212647,0.0,33,30,0,0,30,26,15611,3,0,0,3,4
2020-08-14,US,Illinois,Pope,11,0,0,37.41391284,-88.56152109,17151.0,263.3468996887718,0.0,11,11,0,0,11,11,4212,0,0,0,0,0
2020-08-14,US,Illinois,Pulaski,101,1,0,37.22631423,-89.13085001,17153.0,1893.1583880037488,0.99009900990099,100,101,1,0,100,97,5463,0,0,0,0,4
2020-08-14,US,Illinois,Putnam,13,0,0,41.2013541,-89.2869272,17155.0,226.5202997037812,0.0,13,13,0,0,13,14,5740,0,0,0,0,-1
2020-08-14,US,Illinois,Randolph,505,7,0,38.05095369,-89.82512254,17157.0,1588.9497199672771,1.3861386138613858,498,495,7,0,488,486,32106,10,0,0,10,9
2020-08-14,US,Illinois,Richland,31,0,0,38.71240969,-88.08475366,17159.0,199.83239863340424,0.0,31,24,0,0,24,22,15763,7,0,0,7,2
2020-08-14,US,Illinois,Rock Island,1850,39,0,41.46613806,-90.57042164,17161.0,1303.9279949816396,2.108108108108108,1811,1796,38,0,1758,1784,143477,54,1,0,53,12
2020-08-14,US,Illinois,Saline,137,2,0,37.75332999,-88.54119706,17165.0,583.2020773913414,1.45985401459854,135,134,2,0,132,134,23906,3,0,0,3,0
2020-08-14,US,Illinois,Sangamon,1422,35,0,39.75836914,-89.65872023,17167.0,730.4594394674118,2.461322081575246,1387,1345,33,0,1312,1323,195348,77,2,0,75,22
2020-08-14,US,Illinois,Schuyler,18,0,0,40.157179799999994,-90.61114163,17169.0,265.9574468085106,0.0,18,19,0,0,19,19,6907,-1,0,0,-1,0
2020-08-14,US,Illinois,Scott,35,0,0,39.642916899999996,-90.47814431,17171.0,706.9278933548778,0.0,35,28,0,0,28,27,4926,7,0,0,7,1
2020-08-14,US,Illinois,Shelby,101,2,0,39.39133527,-88.80611122,17173.0,466.8577239530369,1.98019801980198,99,92,2,0,90,90,21741,9,0,0,9,2
2020-08-14,US,Illinois,St. Clair,4370,162,0,38.46996033,-89.93063427,17163.0,1682.8015372411294,3.7070938215102975,4208,4215,162,0,4053,4155,261059,155,0,0,155,60
2020-08-14,US,Illinois,Stark,7,0,0,41.09309773,-89.79745866,17175.0,131.03706476974915,0.0,7,7,0,0,7,7,5427,0,0,0,0,0
2020-08-14,US,Illinois,Stephenson,342,6,0,42.35129217,-89.662598,17177.0,768.5738684884714,1.7543859649122806,336,336,6,0,330,335,44753,6,0,0,6,1
2020-08-14,US,Illinois,Tazewell,671,9,0,40.50716185,-89.51404662,17179.0,509.09311624166367,1.3412816691505216,662,612,9,0,603,581,132328,59,0,0,59,31
2020-08-14,US,Illinois,Unassigned,1368,211,0,0.0,0.0,90017.0,0.0,15.423976608187134,1157,1382,209,0,1173,1395,,-14,2,0,-16,-13
2020-08-14,US,Illinois,Union,344,23,0,37.47119609,-89.25548938,17181.0,2065.6938689725575,6.686046511627908,321,337,23,0,314,330,16841,7,0,0,7,7
2020-08-14,US,Illinois,Vermilion,264,2,0,40.18417171,-87.73384359,17183.0,348.47804852292825,0.7575757575757576,262,257,2,0,255,249,76806,7,0,0,7,8
2020-08-14,US,Illinois,Wabash,58,0,0,38.44272901,-87.84922065,17185.0,503.47222222222223,0.0,58,44,0,0,44,42,11549,14,0,0,14,2
2020-08-14,US,Illinois,Warren,199,0,0,40.84925021,-90.6147432,17187.0,1181.429589171218,0.0,199,196,0,0,196,194,17032,3,0,0,3,2
2020-08-14,US,Illinois,Washington,73,1,0,38.35309213,-89.40982703,17189.0,525.6714913228199,1.3698630136986298,72,69,1,0,68,67,13995,4,0,0,4,2
2020-08-14,US,Illinois,Wayne,73,2,0,38.42955355,-88.42586459,17191.0,450.2004316990441,2.7397260273972597,71,67,2,0,65,66,16332,6,0,0,6,1
2020-08-14,US,Illinois,White,80,0,0,38.08706198,-88.17657461,17193.0,590.9728891187118,0.0,80,75,0,0,75,72,13665,5,0,0,5,3
2020-08-14,US,Illinois,Whiteside,388,17,0,41.75509713,-89.91556058,17195.0,703.2170367014046,4.3814432989690735,371,368,17,0,351,367,55626,20,0,0,20,1
2020-08-14,US,Illinois,Will,9804,348,0,41.44619267,-87.97862712,17197.0,1419.3412021547808,3.5495716034271725,9456,9576,347,0,9229,9486,692310,228,1,0,227,90
2020-08-14,US,Illinois,Williamson,512,7,0,37.73033511,-88.92994027,17199.0,768.8033995525324,1.3671875,505,477,7,0,470,454,67056,35,0,0,35,23
2020-08-14,US,Illinois,Winnebago,3853,134,0,42.33641854,-89.16085327,17201.0,1363.5462820095406,3.477809499091617,3719,3814,134,0,3680,3806,284081,39,0,0,39,8
2020-08-14,US,Illinois,Woodford,184,3,0,40.78579374,-89.20973757,17203.0,478.4315764840479,1.6304347826086956,181,172,3,0,169,170,38463,12,0,0,12,2
2020-08-14,US,Indiana,Adams,132,2,0,40.7457653,-84.93671406,18001.0,368.95212007714446,1.5151515151515151,130,120,2,0,118,117,35636,12,0,0,12,3
2020-08-14,US,Indiana,Allen,4225,166,0,41.09194313,-85.06800636,18003.0,1113.8969520088374,3.9289940828402368,4059,4103,164,0,3939,4040,375351,122,2,0,120,63
2020-08-14,US,Indiana,Bartholomew,888,47,0,39.20744865,-85.89558181,18005.0,1059.9314864106757,5.292792792792793,841,844,47,0,797,821,82753,44,0,0,44,23
2020-08-14,US,Indiana,Benton,68,0,0,40.60626947,-87.31093999,18007.0,777.3205304069502,0.0,68,63,0,0,63,64,8653,5,0,0,5,-1
2020-08-14,US,Indiana,Blackford,66,2,0,40.47388153,-85.32499702,18009.0,561.3199523728525,3.0303030303030303,64,66,2,0,64,66,11930,0,0,0,0,0
2020-08-14,US,Indiana,Boone,726,46,0,40.0509304,-86.46841646,18011.0,1070.1177719145674,6.336088154269973,680,704,46,0,658,697,66999,22,0,0,22,7
2020-08-14,US,Indiana,Brown,78,2,0,39.19605589,-86.22868909,18013.0,516.8301086668433,2.5641025641025643,76,75,2,0,73,75,15234,3,0,0,3,0
2020-08-14,US,Indiana,Carroll,225,6,0,40.580783200000006,-86.56198812,18015.0,1110.7271560448241,2.6666666666666665,219,203,3,0,200,200,20127,22,3,0,19,3
2020-08-14,US,Indiana,Cass,1818,9,0,40.76135835,-86.34830753,18017.0,4823.688609408579,0.4950495049504951,1809,1809,9,0,1800,1806,37955,9,0,0,9,3
2020-08-14,US,Indiana,Clark,1385,50,0,38.48015445,-85.70510334,18019.0,1170.7325319943873,3.610108303249097,1335,1333,50,0,1283,1307,117360,52,0,0,52,26
2020-08-14,US,Indiana,Clay,163,5,0,39.39561833,-87.11723506,18021.0,621.5443279313632,3.0674846625766867,158,141,5,0,136,131,26170,22,0,0,22,10
2020-08-14,US,Indiana,Clinton,474,4,0,40.30319754,-86.47277257,18023.0,1463.0081175344915,0.8438818565400844,470,456,4,0,452,450,32250,18,0,0,18,6
2020-08-14,US,Indiana,Crawford,52,0,0,38.28814402,-86.44518825,18025.0,491.6327881251773,0.0,52,48,0,0,48,45,10558,4,0,0,4,3
2020-08-14,US,Indiana,Daviess,309,20,0,38.70186039,-87.07185406,18027.0,926.508950256364,6.472491909385114,289,284,20,0,264,279,33147,25,0,0,25,5
2020-08-14,US,Indiana,DeKalb,250,4,0,41.39804622,-84.99906934,18033.0,575.0431282346176,1.6,246,242,4,0,238,238,43226,8,0,0,8,4
2020-08-14,US,Indiana,Dearborn,533,28,0,39.14647946,-84.97333539,18029.0,1077.6820736786772,5.25328330206379,505,522,28,0,494,516,49568,11,0,0,11,6
2020-08-14,US,Indiana,Decatur,358,32,0,39.30712658,-85.50087166,18031.0,1347.942317105313,8.938547486033519,326,347,32,0,315,342,26794,11,0,0,11,5
2020-08-14,US,Indiana,Delaware,796,53,0,40.22787247,-85.39732772,18035.0,697.4197222587288,6.658291457286433,743,768,52,0,716,760,114772,28,1,0,27,8
2020-08-14,US,Indiana,Dubois,741,13,0,38.36597551,-86.87924170000002,18037.0,1733.9011606140025,1.7543859649122806,728,718,12,0,706,713,42565,23,1,0,22,5
2020-08-14,US,Indiana,Elkhart,5102,92,0,41.59761169,-85.85875695,18039.0,2472.6060259473397,1.8032144257154057,5010,4992,87,0,4905,4955,205560,110,5,0,105,37
2020-08-14,US,Indiana,Fayette,215,7,0,39.63684962,-85.17797541,18041.0,930.6553545147606,3.255813953488372,208,205,7,0,198,195,23047,10,0,0,10,10
2020-08-14,US,Indiana,Floyd,877,50,0,38.32117957,-85.90385377,18043.0,1116.884440029546,5.701254275940706,827,837,50,0,787,822,77781,40,0,0,40,15
2020-08-14,US,Indiana,Fountain,76,2,0,40.12361933,-87.24217689,18045.0,464.9455524287287,2.631578947368421,74,76,2,0,74,76,16351,0,0,0,0,0
2020-08-14,US,Indiana,Franklin,253,19,0,39.4142482,-85.06062647,18047.0,1111.696985675367,7.509881422924901,234,249,15,0,234,247,22736,4,4,0,0,2
2020-08-14,US,Indiana,Fulton,177,2,0,41.0469907,-86.26252745,18049.0,886.1519975968761,1.1299435028248588,175,174,2,0,172,173,20092,3,0,0,3,1
2020-08-14,US,Indiana,Gibson,246,4,0,38.30393723,-87.58054938,18051.0,730.8595026590212,1.6260162601626016,242,243,4,0,239,233,33452,3,0,0,3,10
2020-08-14,US,Indiana,Grant,538,30,0,40.51587228,-85.65468702,18053.0,818.0145661329808,5.5762081784386615,508,532,30,0,502,531,65936,6,0,0,6,1
2020-08-14,US,Indiana,Greene,263,34,0,39.03630547,-86.96223202,18055.0,823.883215337385,12.927756653992395,229,256,34,0,222,254,32006,7,0,0,7,2
2020-08-14,US,Indiana,Hamilton,3103,105,0,40.07306535,-86.05244729,18057.0,918.0174609702052,3.3838221076377697,2998,2941,104,0,2837,2887,330086,162,1,0,161,54
2020-08-14,US,Indiana,Hancock,711,40,0,39.82304555,-85.77566351,18059.0,909.5793675161192,5.625879043600564,671,694,39,0,655,688,76351,17,1,0,16,6
2020-08-14,US,Indiana,Harrison,372,24,0,38.19467379,-86.10948271,18061.0,918.1784524250278,6.451612903225807,348,355,24,0,331,352,40350,17,0,0,17,3
2020-08-14,US,Indiana,Hendricks,1996,109,0,39.76719009,-86.51037283,18063.0,1171.9736247218325,5.460921843687375,1887,1972,109,0,1863,1943,167009,24,0,0,24,29
2020-08-14,US,Indiana,Henry,502,21,0,39.93029017,-85.39625719,18065.0,1046.4437588593346,4.183266932270916,481,460,20,0,440,418,48271,42,1,0,41,42
2020-08-14,US,Indiana,Howard,965,65,0,40.48527731,-86.11351892,18067.0,1169.0734638495833,6.735751295336788,900,938,65,0,873,920,82366,27,0,0,27,18
2020-08-14,US,Indiana,Huntington,131,3,0,40.82907273,-85.48822092,18069.0,358.7075575027382,2.2900763358778624,128,130,3,0,127,127,36240,1,0,0,1,3
2020-08-14,US,Indiana,Jackson,621,5,0,38.90915820000001,-86.03851889,18071.0,1403.992674820827,0.8051529790660226,616,606,5,0,601,597,44111,15,0,0,15,9
2020-08-14,US,Indiana,Jasper,270,2,0,41.02078733,-87.11553319,18073.0,804.4812585662356,0.7407407407407407,268,259,2,0,257,257,33370,11,0,0,11,2
2020-08-14,US,Indiana,Jay,99,0,0,40.43781032,-85.00576229,18075.0,484.4392248972402,0.0,99,94,0,0,94,92,20764,5,0,0,5,2
2020-08-14,US,Indiana,Jefferson,180,2,0,38.78576239,-85.43633383,18077.0,557.1375510709422,1.1111111111111112,178,172,2,0,170,166,32208,8,0,0,8,6
2020-08-14,US,Indiana,Jennings,235,12,0,38.99588883,-85.62710784,18079.0,847.304849468181,5.1063829787234045,223,232,12,0,220,228,27611,3,0,0,3,4
2020-08-14,US,Indiana,Johnson,1833,119,0,39.48994426,-86.10149107,18081.0,1158.901667225148,6.492089470812875,1714,1800,119,0,1681,1794,156225,33,0,0,33,6
2020-08-14,US,Indiana,Knox,184,2,0,38.68861576,-87.4194665,18083.0,502.8146690714325,1.0869565217391304,182,168,1,0,167,164,36895,16,1,0,15,4
2020-08-14,US,Indiana,Kosciusko,881,12,0,41.24521668,-85.86312322,18085.0,1108.789770438985,1.362088535754824,869,872,12,0,860,872,79344,9,0,0,9,0
2020-08-14,US,Indiana,LaGrange,572,10,0,41.64232188,-85.42674232,18087.0,1443.9339627404456,1.7482517482517483,562,569,10,0,559,566,39330,3,0,0,3,3
2020-08-14,US,Indiana,LaPorte,979,30,0,41.54366008,-86.74072188,18091.0,890.907105416424,3.0643513789581207,949,957,30,0,927,935,110007,22,0,0,22,22
2020-08-14,US,Indiana,Lake,8032,283,0,41.41874274,-87.38277575,18089.0,1654.400784357344,3.5234063745019917,7749,7840,283,0,7557,7742,484411,192,0,0,192,98
2020-08-14,US,Indiana,Lawrence,362,27,0,38.84112637,-86.48361629,18093.0,797.8840643597093,7.458563535911603,335,358,27,0,331,357,45668,4,0,0,4,1
2020-08-14,US,Indiana,Madison,1079,66,0,40.16143691,-85.71964711,18095.0,832.7609227515843,6.1167747914735875,1013,1048,66,0,982,1030,129641,31,0,0,31,18
2020-08-14,US,Indiana,Marion,16539,735,0,39.78163624,-86.13826325,18097.0,1714.6287200051422,4.4440413567930355,15804,16304,733,0,15571,16194,954670,235,2,0,233,110
2020-08-14,US,Indiana,Marshall,807,23,0,41.32467367,-86.26185087,18099.0,1744.5631025984696,2.850061957868649,784,801,23,0,778,794,46248,6,0,0,6,7
2020-08-14,US,Indiana,Martin,54,0,0,38.7099921,-86.80373186,18101.0,526.5724037055095,0.0,54,50,0,0,50,50,10217,4,0,0,4,0
2020-08-14,US,Indiana,Miami,284,2,0,40.76940965,-86.04525048,18103.0,799.6395990539476,0.7042253521126759,282,279,2,0,277,277,35567,5,0,0,5,2
2020-08-14,US,Indiana,Monroe,794,32,0,39.16130004,-86.52414358,18105.0,534.9286874035747,4.030226700251888,762,777,32,0,745,767,146917,17,0,0,17,10
2020-08-14,US,Indiana,Montgomery,368,21,0,40.04034823,-86.89335024,18107.0,959.88314466065,5.706521739130435,347,363,21,0,342,360,38346,5,0,0,5,3
2020-08-14,US,Indiana,Morgan,505,35,0,39.47899078,-86.44573375,18109.0,716.4238391805814,6.9306930693069315,470,492,35,0,457,489,70116,13,0,0,13,3
2020-08-14,US,Indiana,Newton,122,10,0,40.95610449,-87.39635768,18111.0,872.4256292906176,8.196721311475411,112,121,10,0,111,121,14011,1,0,0,1,0
2020-08-14,US,Indiana,Noble,724,29,0,41.39672484,-85.41966713,18113.0,1516.42091152815,4.0055248618784525,695,708,29,0,679,690,47532,16,0,0,16,18
2020-08-14,US,Indiana,Ohio,64,6,0,38.955304999999996,-84.96515993,18115.0,1089.3617021276596,9.375,58,65,6,0,59,65,5844,-1,0,0,-1,0
2020-08-14,US,Indiana,Orange,190,24,0,38.54118920000001,-86.49523093,18117.0,967.117988394584,12.63157894736842,166,179,24,0,155,178,19489,11,0,0,11,1
2020-08-14,US,Indiana,Owen,114,1,0,39.31145587,-86.83900724,18119.0,548.1032741958747,0.8771929824561403,113,110,1,0,109,105,20845,4,0,0,4,5
2020-08-14,US,Indiana,Parke,60,1,0,39.77202286,-87.20375833,18121.0,354.25400011808466,1.6666666666666667,59,59,1,0,58,55,16927,1,0,0,1,4
2020-08-14,US,Indiana,Perry,191,13,0,38.07809328,-86.63741946,18123.0,996.4004382075226,6.806282722513089,178,188,13,0,175,187,19102,3,0,0,3,1
2020-08-14,US,Indiana,Pike,73,0,0,38.40112197,-87.23574907,18125.0,589.2323835660667,0.0,73,66,0,0,66,62,12410,7,0,0,7,4
2020-08-14,US,Indiana,Porter,1438,39,0,41.45986947,-87.06848888,18127.0,843.9511940324786,2.7121001390820583,1399,1391,39,0,1352,1362,169594,47,0,0,47,29
2020-08-14,US,Indiana,Posey,186,0,0,38.02097333,-87.86480429,18129.0,731.5058795768277,0.0,186,181,0,0,181,180,25540,5,0,0,5,1
2020-08-14,US,Indiana,Pulaski,85,1,0,41.04166107,-86.69890683,18131.0,688.0919614668503,1.1764705882352942,84,84,1,0,83,82,12469,1,0,0,1,2
2020-08-14,US,Indiana,Putnam,340,8,0,39.66437981,-86.84517605,18133.0,904.8328720459867,2.3529411764705883,332,328,8,0,320,321,37779,12,0,0,12,7
2020-08-14,US,Indiana,Randolph,134,5,0,40.15734772,-85.01139319,18135.0,543.2799513480642,3.7313432835820897,129,132,5,0,127,127,24851,2,0,0,2,5
2020-08-14,US,Indiana,Ripley,223,8,0,39.10235626,-85.26212744,18137.0,787.318175398955,3.5874439461883414,215,220,8,0,212,213,28523,3,0,0,3,7
2020-08-14,US,Indiana,Rush,101,4,0,39.62002287,-85.4655599,18139.0,609.1309329955974,3.96039603960396,97,91,4,0,87,89,16663,10,0,0,10,2
2020-08-14,US,Indiana,Scott,287,10,0,38.68672078,-85.74627859,18143.0,1202.1949482679174,3.484320557491289,277,278,10,0,268,273,23878,9,0,0,9,5
2020-08-14,US,Indiana,Shelby,580,28,0,39.52305623,-85.79158570000001,18145.0,1296.6978917480828,4.827586206896552,552,572,28,0,544,568,44593,8,0,0,8,4
2020-08-14,US,Indiana,Spencer,140,3,0,38.01519732,-87.0079644,18147.0,690.4374414361099,2.142857142857143,137,139,3,0,136,139,20327,1,0,0,1,0
2020-08-14,US,Indiana,St. Joseph,3808,83,0,41.61756781,-86.29040834,18141.0,1400.8961615150868,2.179621848739496,3725,3681,83,0,3598,3610,270771,127,0,0,127,71
2020-08-14,US,Indiana,Starke,184,7,0,41.27890281,-86.64686895,18149.0,800.1739508588823,3.804347826086957,177,181,7,0,174,180,22935,3,0,0,3,1
2020-08-14,US,Indiana,Steuben,222,3,0,41.64423868,-85.00101094,18151.0,641.7297797305891,1.351351351351351,219,217,3,0,214,215,34586,5,0,0,5,2
2020-08-14,US,Indiana,Sullivan,173,1,0,39.08952258,-87.41414469,18153.0,837.0022739368138,0.5780346820809249,172,152,1,0,151,141,20690,21,0,0,21,11
2020-08-14,US,Indiana,Switzerland,59,0,0,38.82767338,-85.03022429,18155.0,548.7861594270299,0.0,59,56,0,0,56,53,10717,3,0,0,3,3
2020-08-14,US,Indiana,Tippecanoe,1316,12,0,40.38872739,-86.89413959,18157.0,672.3479042772768,0.9118541033434652,1304,1263,12,0,1251,1245,193048,53,0,0,53,18
2020-08-14,US,Indiana,Tipton,160,17,0,40.31123252,-86.05234925,18159.0,1056.2450488513334,10.625,143,154,16,0,138,149,15128,6,1,0,5,5
2020-08-14,US,Indiana,Unassigned,0,207,0,0.0,0.0,90018.0,0.0,0.0,-207,0,207,0,-207,0,,0,0,0,0,0
2020-08-14,US,Indiana,Union,42,0,0,39.62550777,-84.92497066,18161.0,595.4068613552595,0.0,42,41,0,0,41,41,7037,1,0,0,1,0
2020-08-14,US,Indiana,Vanderburgh,2149,15,0,38.02658833,-87.58763124,18163.0,1184.3417782211175,0.6979990693345742,2134,2082,15,0,2067,2053,180974,67,0,0,67,29
2020-08-14,US,Indiana,Vermillion,64,0,0,39.8523352,-87.46160542,18165.0,412.9565105174862,0.0,64,61,0,0,61,59,15479,3,0,0,3,2
2020-08-14,US,Indiana,Vigo,812,13,0,39.42944561,-87.39169027,18167.0,758.6090920981334,1.6009852216748768,799,752,13,0,739,714,107386,60,0,0,60,38
2020-08-14,US,Indiana,Wabash,182,5,0,40.84704239,-85.79328272,18169.0,587.1725383920508,2.7472527472527477,177,179,5,0,174,171,31280,3,0,0,3,8
2020-08-14,US,Indiana,Warren,25,1,0,40.34728141,-87.35602659,18171.0,302.48033877797945,4.0,24,25,1,0,24,24,8263,0,0,0,0,1
2020-08-14,US,Indiana,Warrick,622,30,0,38.08922676,-87.2716085,18173.0,987.3329312041652,4.823151125401928,592,600,30,0,570,588,62567,22,0,0,22,12
2020-08-14,US,Indiana,Washington,159,1,0,38.60219804,-86.1049363,18175.0,567.1279783135967,0.6289308176100629,158,148,1,0,147,144,27943,11,0,0,11,4
2020-08-14,US,Indiana,Wayne,424,10,0,39.863344399999995,-85.01044989,18177.0,643.5553396879362,2.358490566037736,414,402,10,0,392,388,65936,22,0,0,22,14
2020-08-14,US,Indiana,Wells,180,2,0,40.72934187,-85.22132966,18179.0,636.1323155216285,1.1111111111111112,178,178,2,0,176,178,28206,2,0,0,2,0
2020-08-14,US,Indiana,White,387,11,0,40.74911165,-86.86492015,18181.0,1605.6758775205378,2.842377260981912,376,380,11,0,369,377,24133,7,0,0,7,3
2020-08-14,US,Indiana,Whitley,164,6,0,41.13863784,-85.50791236,18183.0,482.8642091626428,3.6585365853658534,158,160,6,0,154,156,34074,4,0,0,4,4
2020-08-14,US,Iowa,Adair,38,0,0,41.33075609,-94.47105874,19001.0,531.3199105145413,0.0,38,38,0,0,38,34,7063,0,0,0,0,4
2020-08-14,US,Iowa,Adams,17,0,0,41.02903567,-94.69932645,19003.0,471.9600222098833,0.0,17,17,0,0,17,17,3645,0,0,0,0,0
2020-08-14,US,Iowa,Allamakee,163,4,0,43.28383218,-91.37860922,19005.0,1190.9110835099,2.4539877300613497,159,158,4,0,154,158,13832,5,0,0,5,0
2020-08-14,US,Iowa,Appanoose,54,3,0,40.74324454,-92.86865906,19007.0,434.5726702076292,5.5555555555555545,51,52,3,0,49,52,12437,2,0,0,2,0
2020-08-14,US,Iowa,Audubon,30,1,0,41.6844628,-94.90581859,19009.0,545.8515283842795,3.333333333333333,29,29,1,0,28,29,5506,1,0,0,1,0
2020-08-14,US,Iowa,Benton,171,1,0,42.08011739,-92.06463573,19011.0,666.7966465197893,0.5847953216374269,170,162,1,0,161,160,25642,9,0,0,9,2
2020-08-14,US,Iowa,Black Hawk,3284,66,0,42.4704581,-92.30524729,19013.0,2502.514707227116,2.009744214372716,3218,3200,66,0,3134,3180,132408,84,0,0,84,20
2020-08-14,US,Iowa,Boone,289,3,0,42.03657094,-93.9313999,19015.0,1101.6238469162156,1.038062283737024,286,272,3,0,269,266,26346,17,0,0,17,6
2020-08-14,US,Iowa,Bremer,243,7,0,42.77461496,-92.31795937,19017.0,969.5954033995688,2.8806584362139915,236,233,7,0,226,231,24947,10,0,0,10,2
2020-08-14,US,Iowa,Buchanan,146,1,0,42.4709188,-91.83510825,19019.0,689.4923258559622,0.6849315068493149,145,135,1,0,134,130,21199,11,0,0,11,5
2020-08-14,US,Iowa,Buena Vista,1802,12,0,42.73545875,-95.15100162,19021.0,9184.505606523957,0.6659267480577137,1790,1800,12,0,1788,1797,19874,2,0,0,2,3
2020-08-14,US,Iowa,Butler,138,2,0,42.73172833,-92.79015971,19023.0,955.7448576771243,1.4492753623188406,136,131,2,0,129,127,14539,7,0,0,7,4
2020-08-14,US,Iowa,Calhoun,93,2,0,42.38521079,-94.64046046,19025.0,961.9362846503932,2.150537634408602,91,87,2,0,85,86,9699,6,0,0,6,1
2020-08-14,US,Iowa,Carroll,222,2,0,42.03617207,-94.86032705,19027.0,1100.9174311926606,0.9009009009009008,220,201,2,0,199,196,20154,21,0,0,21,5
2020-08-14,US,Iowa,Cass,94,2,0,41.33149454,-94.92792482,19029.0,732.3153630414461,2.127659574468085,92,87,1,0,86,82,12930,7,1,0,6,5
2020-08-14,US,Iowa,Cedar,137,1,0,41.77233777,-91.13246684,19031.0,735.4914908466205,0.7299270072992701,136,135,1,0,134,135,18627,2,0,0,2,0
2020-08-14,US,Iowa,Cerro Gordo,678,19,0,43.08177563,-93.2612239,19033.0,1597.173144876325,2.8023598820059004,659,656,17,0,639,644,42647,22,2,0,20,12
2020-08-14,US,Iowa,Cherokee,112,1,0,42.73538914,-95.62389402,19035.0,996.8847352024924,0.8928571428571429,111,110,1,0,109,110,11321,2,0,0,2,0
2020-08-14,US,Iowa,Chickasaw,66,0,0,43.06001295,-92.31773347,19037.0,553.0880750858962,0.0,66,60,0,0,60,56,11964,6,0,0,6,4
2020-08-14,US,Iowa,Clarke,211,3,0,41.02868181,-93.78499767,19039.0,2245.875465673231,1.4218009478672986,208,206,3,0,203,206,9423,5,0,0,5,0
2020-08-14,US,Iowa,Clay,212,1,0,43.08247182,-95.15096481,19041.0,1323.6763236763236,0.4716981132075472,211,202,1,0,201,203,16134,10,0,0,10,-1
2020-08-14,US,Iowa,Clayton,118,3,0,42.84443388,-91.34133693,19043.0,672.402985925124,2.5423728813559316,115,109,3,0,106,108,17556,9,0,0,9,1
2020-08-14,US,Iowa,Clinton,473,4,0,41.89981633,-90.53275096,19045.0,1018.7598268323676,0.8456659619450317,469,434,4,0,430,421,46518,39,0,0,39,13
2020-08-14,US,Iowa,Crawford,753,3,0,42.03718237,-95.3819718,19047.0,4476.813317479191,0.398406374501992,750,739,3,0,736,736,17158,14,0,0,14,3
2020-08-14,US,Iowa,Dallas,1986,35,0,41.68560356,-94.04127625,19049.0,2125.132419504992,1.7623363544813695,1951,1932,35,0,1897,1913,90180,54,0,0,54,19
2020-08-14,US,Iowa,Davis,62,2,0,40.74773536,-92.41005468,19051.0,688.8888888888887,3.2258064516129035,60,61,2,0,59,61,9017,1,0,0,1,0
2020-08-14,US,Iowa,Decatur,29,0,0,40.73742757,-93.78645949,19053.0,368.4879288437104,0.0,29,27,0,0,27,26,7890,2,0,0,2,1
2020-08-14,US,Iowa,Delaware,131,1,0,42.47104597,-91.3664492,19055.0,770.0899418023632,0.7633587786259542,130,123,1,0,122,123,17069,8,0,0,8,0
2020-08-14,US,Iowa,Des Moines,242,2,0,40.92012606,-91.18326592,19057.0,621.0383144712192,0.8264462809917356,240,199,2,0,197,194,39138,43,0,0,43,5
2020-08-14,US,Iowa,Dickinson,389,4,0,43.37787725,-95.1510206,19059.0,2254.0271178583844,1.0282776349614395,385,384,4,0,380,385,17153,5,0,0,5,-1
2020-08-14,US,Iowa,Dubuque,1795,31,0,42.46815349,-90.88181925,19061.0,1844.6013297571703,1.7270194986072422,1764,1734,31,0,1703,1722,96854,61,0,0,61,12
2020-08-14,US,Iowa,Emmet,198,4,0,43.37782951,-94.67858943,19063.0,2150.3040834057338,2.0202020202020203,194,193,4,0,189,193,9253,5,0,0,5,0
2020-08-14,US,Iowa,Fayette,99,0,0,42.86271799,-91.84412309999999,19065.0,503.8167938931298,0.0,99,90,0,0,90,86,19660,9,0,0,9,4
2020-08-14,US,Iowa,Floyd,177,3,0,43.06000529999999,-92.78940097,19067.0,1131.5688530878406,1.6949152542372878,174,167,3,0,164,163,15761,10,0,0,10,4
2020-08-14,US,Iowa,Franklin,265,13,0,42.73270384,-93.26256925,19069.0,2631.578947368421,4.90566037735849,252,255,12,0,243,248,10124,10,1,0,9,7
2020-08-14,US,Iowa,Fremont,45,0,0,40.74542720000001,-95.60129045,19071.0,646.5517241379309,0.0,45,45,0,0,45,44,6993,0,0,0,0,1
2020-08-14,US,Iowa,Greene,42,0,0,42.03614551,-94.39658081,19073.0,472.54725472547256,0.0,42,42,0,0,42,42,8981,0,0,0,0,0
2020-08-14,US,Iowa,Grundy,89,1,0,42.40183723,-92.78829551,19075.0,727.5997383911052,1.1235955056179776,88,83,1,0,82,82,12304,6,0,0,6,1
2020-08-14,US,Iowa,Guthrie,146,5,0,41.68378965,-94.50111014,19077.0,1365.8901674618767,3.4246575342465757,141,138,5,0,133,137,10720,8,0,0,8,1
2020-08-14,US,Iowa,Hamilton,258,1,0,42.38382428,-93.70197703,19079.0,1746.4292966899072,0.3875968992248062,257,255,1,0,254,252,14952,3,0,0,3,3
2020-08-14,US,Iowa,Hancock,126,2,0,43.08178477,-93.73454884,19081.0,1185.324553151458,1.5873015873015872,124,124,2,0,122,123,10712,2,0,0,2,1
2020-08-14,US,Iowa,Hardin,193,0,0,42.38353877,-93.23654611,19083.0,1145.6725632197556,0.0,193,186,0,0,186,185,16868,7,0,0,7,1
2020-08-14,US,Iowa,Harrison,116,1,0,41.68330137,-95.81558439,19085.0,825.6815431703324,0.8620689655172413,115,113,1,0,112,110,14134,3,0,0,3,3
2020-08-14,US,Iowa,Henry,148,4,0,40.98767962,-91.54436349,19087.0,741.7059236243359,2.702702702702702,144,140,4,0,136,136,20067,8,0,0,8,4
2020-08-14,US,Iowa,Howard,56,0,0,43.35671042,-92.31702714,19089.0,611.4872242847782,0.0,56,51,0,0,51,50,9187,5,0,0,5,1
2020-08-14,US,Iowa,Humboldt,133,1,0,42.7764426,-94.20722537,19091.0,1391.5044988491316,0.7518796992481203,132,124,1,0,123,122,9547,9,0,0,9,2
2020-08-14,US,Iowa,Ida,33,0,0,42.38696136,-95.51355387,19093.0,481.04956268221565,0.0,33,33,0,0,33,32,6841,0,0,0,0,1
2020-08-14,US,Iowa,Iowa,99,1,0,41.68630265,-92.0643373,19095.0,611.7152743450323,1.0101010101010102,98,98,1,0,97,97,16141,1,0,0,1,1
2020-08-14,US,Iowa,Jackson,169,1,0,42.17178824,-90.57354837,19097.0,869.386285302742,0.591715976331361,168,160,1,0,159,158,19432,9,0,0,9,2
2020-08-14,US,Iowa,Jasper,495,28,0,41.68576082,-93.05567785,19099.0,1331.1819281968535,5.656565656565657,467,484,27,0,457,484,37147,11,1,0,10,0
2020-08-14,US,Iowa,Jefferson,91,0,0,41.03192394,-91.94849466,19101.0,497.4036622027877,0.0,91,87,0,0,87,87,18381,4,0,0,4,0
2020-08-14,US,Iowa,Johnson,2182,21,0,41.67169354,-91.58754744,19103.0,1443.6945877993912,0.9624197983501376,2161,2138,20,0,2118,2123,151260,44,1,0,43,15
2020-08-14,US,Iowa,Jones,136,2,0,42.12118609,-91.13139641,19105.0,657.6084328610802,1.4705882352941178,134,135,2,0,133,134,20744,1,0,0,1,1
2020-08-14,US,Iowa,Keokuk,42,1,0,41.33649833,-92.1785067,19107.0,409.9160648057778,2.380952380952381,41,40,1,0,39,39,10225,2,0,0,2,1
2020-08-14,US,Iowa,Kossuth,103,0,0,43.20405458,-94.20691791,19109.0,695.3351785593735,0.0,103,97,0,0,97,95,14908,6,0,0,6,2
2020-08-14,US,Iowa,Lee,149,5,0,40.64181461,-91.48183025,19111.0,442.7013697002109,3.355704697986577,144,129,4,0,125,121,34055,20,1,0,19,8
2020-08-14,US,Iowa,Linn,2531,89,0,42.07923082,-91.59809485,19113.0,1116.4239146736302,3.5163966811536937,2442,2456,89,0,2367,2445,225909,75,0,0,75,11
2020-08-14,US,Iowa,Louisa,378,14,0,41.21842119,-91.26102611,19115.0,3425.46443135478,3.703703703703704,364,378,14,0,364,378,11169,0,0,0,0,0
2020-08-14,US,Iowa,Lucas,75,4,0,41.02958964,-93.32780803,19117.0,872.0930232558139,5.333333333333333,71,73,4,0,69,73,8645,2,0,0,2,0
2020-08-14,US,Iowa,Lyon,127,2,0,43.38107862,-96.20926845,19119.0,1080.3913228413444,1.5748031496062993,125,123,2,0,121,119,11811,4,0,0,4,4
2020-08-14,US,Iowa,Madison,133,2,0,41.33081904,-94.01554631,19121.0,814.0531276778063,1.5037593984962403,131,128,2,0,126,127,16249,5,0,0,5,1
2020-08-14,US,Iowa,Mahaska,145,17,0,41.33521503,-92.64083907,19123.0,656.2570717356867,11.724137931034482,128,142,17,0,125,142,22000,3,0,0,3,0
2020-08-14,US,Iowa,Marion,198,0,0,41.33445101,-93.09934783,19125.0,595.4349983460139,0.0,198,183,0,0,183,177,33407,15,0,0,15,6
2020-08-14,US,Iowa,Marshall,1494,27,0,42.03586837,-92.99908190000001,19127.0,3794.8639792730323,1.8072289156626504,1467,1456,27,0,1429,1452,39981,38,0,0,38,4
2020-08-14,US,Iowa,Mills,97,1,0,41.03299766,-95.61920963,19129.0,642.0014560857768,1.0309278350515465,96,94,1,0,93,93,15063,3,0,0,3,1
2020-08-14,US,Iowa,Mitchell,83,0,0,43.35638371,-92.78887719,19131.0,784.0544114868692,0.0,83,80,0,0,80,80,10569,3,0,0,3,0
2020-08-14,US,Iowa,Monona,93,1,0,42.05220391,-95.95743843,19133.0,1079.5124782356356,1.075268817204301,92,92,0,0,92,91,8679,1,1,0,0,1
2020-08-14,US,Iowa,Monroe,77,8,0,41.02988815,-92.8690667,19135.0,999.0917347865576,10.389610389610391,69,75,8,0,67,74,7790,2,0,0,2,1
2020-08-14,US,Iowa,Montgomery,64,4,0,41.03018714,-95.15642896,19137.0,645.3564586064334,6.25,60,61,4,0,57,60,10003,3,0,0,3,1
2020-08-14,US,Iowa,Muscatine,887,48,0,41.48370744,-91.11216970000001,19139.0,2079.03618976186,5.411499436302142,839,860,48,0,812,857,42929,27,0,0,27,3
2020-08-14,US,Iowa,O'Brien,147,5,0,43.08310673,-95.62474482,19141.0,1068.8577037737218,3.4013605442176873,142,143,5,0,138,143,13840,4,0,0,4,0
2020-08-14,US,Iowa,Osceola,89,0,0,43.37824276,-95.62422844,19143.0,1493.7898623699227,0.0,89,85,0,0,85,85,6040,4,0,0,4,0
2020-08-14,US,Iowa,Page,101,0,0,40.7393172,-95.1497813,19145.0,668.5642417422388,0.0,101,100,0,0,100,96,15249,1,0,0,1,4
2020-08-14,US,Iowa,Palo Alto,99,0,0,43.08193849,-94.67824621,19147.0,1114.1120864280892,0.0,99,91,0,0,91,90,8929,8,0,0,8,1
2020-08-14,US,Iowa,Plymouth,503,12,0,42.737633,-96.21366621,19149.0,1997.85518528816,2.3856858846918487,491,479,12,0,467,474,25095,24,0,0,24,5
2020-08-14,US,Iowa,Pocahontas,122,2,0,42.73420133,-94.67862564,19151.0,1843.1787279045166,1.639344262295082,120,121,2,0,119,118,6740,1,0,0,1,3
2020-08-14,US,Iowa,Polk,10921,211,0,41.68679484,-93.57767461,19153.0,2228.0434387884798,1.9320575038915848,10710,10612,210,0,10402,10535,487204,309,1,0,308,77
2020-08-14,US,Iowa,Pottawattamie,1416,29,0,41.33640314,-95.53907776,19155.0,1519.2155011479947,2.0480225988700567,1387,1367,29,0,1338,1350,93533,49,0,0,49,17
2020-08-14,US,Iowa,Poweshiek,162,8,0,41.68625425,-92.53155731,19157.0,875.4863813229573,4.938271604938271,154,160,8,0,152,159,18699,2,0,0,2,1
2020-08-14,US,Iowa,Ringgold,24,1,0,40.73518949,-94.24368535,19159.0,490.3964037597057,4.166666666666667,23,23,1,0,22,23,4968,1,0,0,1,0
2020-08-14,US,Iowa,Sac,88,0,0,42.38624071,-95.10547892,19161.0,905.2566608373623,0.0,88,86,0,0,86,86,9719,2,0,0,2,0
2020-08-14,US,Iowa,Scott,1842,15,0,41.63935978,-90.61959493,19163.0,1065.0908102669666,0.8143322475570033,1827,1768,15,0,1753,1758,173283,74,0,0,74,10
2020-08-14,US,Iowa,Shelby,194,1,0,41.6850066,-95.31015553,19165.0,1693.7314475292474,0.5154639175257731,193,188,1,0,187,187,11578,6,0,0,6,1
2020-08-14,US,Iowa,Sioux,689,3,0,43.08221074,-96.17675679999999,19167.0,1976.7608664467082,0.4354136429608128,686,653,3,0,650,650,34909,36,0,0,36,3
2020-08-14,US,Iowa,Story,1382,15,0,42.03621213,-93.46499005,19169.0,1423.025834817797,1.085383502170767,1367,1189,15,0,1174,1181,98105,193,0,0,193,8
2020-08-14,US,Iowa,Tama,562,29,0,42.07991767,-92.53266945,19171.0,3334.519995253352,5.160142348754448,533,557,29,0,528,556,16904,5,0,0,5,1
2020-08-14,US,Iowa,Taylor,104,0,0,40.73710579,-94.69778563,19173.0,1699.0687796111747,0.0,104,100,0,0,100,100,6191,4,0,0,4,0
2020-08-14,US,Iowa,Unassigned,1,0,0,0.0,0.0,90019.0,0.0,0.0,1,2,0,0,2,7,,-1,0,0,-1,-5
2020-08-14,US,Iowa,Union,87,2,0,41.0277278,-94.24234847,19175.0,710.7262478555673,2.2988505747126435,85,81,1,0,80,78,12359,6,1,0,5,3
2020-08-14,US,Iowa,Van Buren,40,1,0,40.75326764,-91.95017958,19177.0,567.8591709256103,2.5,39,38,1,0,37,36,7020,2,0,0,2,2
2020-08-14,US,Iowa,Wapello,947,37,0,41.03064984,-92.40954728,19179.0,2708.1128999971397,3.9070749736008454,910,934,35,0,899,927,35205,13,2,0,11,7
2020-08-14,US,Iowa,Warren,603,2,0,41.33559454,-93.56007641,19181.0,1171.6473011308435,0.33167495854063017,601,586,1,0,585,582,51056,17,1,0,16,4
2020-08-14,US,Iowa,Washington,308,10,0,41.33577126,-91.71725711,19183.0,1402.2308217618936,3.2467532467532467,298,305,10,0,295,305,22141,3,0,0,3,0
2020-08-14,US,Iowa,Wayne,21,1,0,40.73969028,-93.32752197,19185.0,326.03632976245916,4.761904761904762,20,21,1,0,20,20,6401,0,0,0,0,1
2020-08-14,US,Iowa,Webster,880,8,0,42.42853483,-94.17987389,19187.0,2450.980392156863,0.9090909090909092,872,849,8,0,841,842,36277,31,0,0,31,7
2020-08-14,US,Iowa,Winnebago,113,0,0,43.37751174,-93.73407298,19189.0,1091.365655785204,0.0,113,92,0,0,92,89,10518,21,0,0,21,3
2020-08-14,US,Iowa,Winneshiek,108,1,0,43.29094334,-91.84422722,19191.0,540.2431093992296,0.925925925925926,107,102,1,0,101,97,20029,6,0,0,6,5
2020-08-14,US,Iowa,Woodbury,3803,54,0,42.38979414,-96.0459439,19193.0,3688.4013694511527,1.4199316329213778,3749,3770,52,0,3718,3754,102539,33,2,0,31,16
2020-08-14,US,Iowa,Worth,71,0,0,43.37750768,-93.26087602,19195.0,961.9292778756267,0.0,71,68,0,0,68,68,7453,3,0,0,3,0
2020-08-14,US,Iowa,Wright,488,1,0,42.73305373,-93.73515113,19197.0,3884.731730616144,0.20491803278688525,487,482,1,0,481,478,12690,6,0,0,6,4
2020-08-14,US,Kansas,Allen,22,0,0,37.88582951,-95.30030847,20001.0,177.8640148758994,0.0,22,20,0,0,20,20,12444,2,0,0,2,0
2020-08-14,US,Kansas,Anderson,30,0,0,38.21413251,-95.29272815,20003.0,381.7765334690762,0.0,30,31,0,0,31,31,7878,-1,0,0,-1,0
2020-08-14,US,Kansas,Atchison,83,0,0,39.53185661,-95.30870026,20005.0,516.3939525913022,0.0,83,82,0,0,82,82,16193,1,0,0,1,0
2020-08-14,US,Kansas,Barber,4,0,0,37.2288586,-98.68460053,20007.0,90.35464196973119,0.0,4,4,0,0,4,4,4472,0,0,0,0,0
2020-08-14,US,Kansas,Barton,149,3,0,38.47889676,-98.75636726,20009.0,577.9898366887778,2.0134228187919465,146,157,3,0,154,157,26111,-8,0,0,-8,0
2020-08-14,US,Kansas,Bourbon,78,2,0,37.85508555,-94.84865997,20011.0,536.6726296958855,2.5641025641025643,76,79,2,0,77,79,14653,-1,0,0,-1,0
2020-08-14,US,Kansas,Brown,47,0,0,39.82652589,-95.56421698,20013.0,491.42618151401086,0.0,47,41,0,0,41,41,9598,6,0,0,6,0
2020-08-14,US,Kansas,Butler,333,2,0,37.78134351,-96.83878537,20015.0,497.6760173962429,0.6006006006006006,331,290,1,0,289,290,66765,43,1,0,42,0
2020-08-14,US,Kansas,Chase,46,0,0,38.30292938,-96.59563862,20017.0,1737.1601208459217,0.0,46,48,0,0,48,48,2629,-2,0,0,-2,0
2020-08-14,US,Kansas,Chautauqua,6,0,0,37.14994405,-96.2454192,20019.0,184.61538461538456,0.0,6,6,0,0,6,6,3309,0,0,0,0,0
2020-08-14,US,Kansas,Cherokee,157,1,0,37.16928494,-94.8462897,20021.0,787.4015748031495,0.6369426751592356,156,152,1,0,151,132,20015,5,0,0,5,20
2020-08-14,US,Kansas,Cheyenne,5,0,0,39.78580976,-101.7318201,20023.0,188.1821603312006,0.0,5,4,0,0,4,4,2660,1,0,0,1,0
2020-08-14,US,Kansas,Clark,45,1,0,37.23577007,-99.81883015,20025.0,2256.7703109327986,2.2222222222222223,44,44,1,0,43,44,2005,1,0,0,1,0
2020-08-14,US,Kansas,Clay,22,2,0,39.34948772,-97.16518128,20027.0,274.93126718320417,9.090909090909092,20,20,2,0,18,20,7997,2,0,0,2,0
2020-08-14,US,Kansas,Cloud,41,0,0,39.48028352,-97.64925343,20029.0,466.65149100842245,0.0,41,40,0,0,40,40,8729,1,0,0,1,0
2020-08-14,US,Kansas,Coffey,70,8,0,38.2365018,-95.73379515,20031.0,855.8503484533563,11.428571428571427,62,68,8,0,60,68,8233,2,0,0,2,0
2020-08-14,US,Kansas,Comanche,9,0,0,37.19114520000001,-99.27113247,20033.0,529.4117647058823,0.0,9,7,0,0,7,7,1748,2,0,0,2,0
2020-08-14,US,Kansas,Cowley,182,2,0,37.23781842,-96.83776647,20035.0,521.3704594935258,1.0989010989010992,180,178,2,0,176,178,35218,4,0,0,4,0
2020-08-14,US,Kansas,Crawford,415,1,0,37.50675523,-94.85245778,20037.0,1069.0916585089392,0.24096385542168675,414,389,1,0,388,389,39019,26,0,0,26,0
2020-08-14,US,Kansas,Decatur,5,0,0,39.78468441,-100.45940809999999,20039.0,176.86593562079943,0.0,5,5,0,0,5,5,2871,0,0,0,0,0
2020-08-14,US,Kansas,Dickinson,47,1,0,38.86600962,-97.15532383,20041.0,254.52182389255933,2.127659574468085,46,50,1,0,49,50,18717,-3,0,0,-3,0
2020-08-14,US,Kansas,Doniphan,46,0,0,39.79067154,-95.14056866,20043.0,605.2631578947369,0.0,46,48,0,0,48,48,7682,-2,0,0,-2,0
2020-08-14,US,Kansas,Douglas,805,5,0,38.88503636,-95.2925121,20045.0,658.4382335860755,0.6211180124223602,800,783,5,0,778,765,121436,22,0,0,22,18
2020-08-14,US,Kansas,Edwards,16,0,0,37.88735543,-99.31263309,20047.0,571.8370264474622,0.0,16,10,0,0,10,10,2849,6,0,0,6,0
2020-08-14,US,Kansas,Elk,1,0,0,37.45338105,-96.24369667,20049.0,39.52569169960474,0.0,1,1,0,0,1,1,2508,0,0,0,0,0
2020-08-14,US,Kansas,Ellis,153,1,0,38.91458712,-99.31751551,20051.0,535.8456204251744,0.6535947712418301,152,145,1,0,144,145,28710,8,0,0,8,0
2020-08-14,US,Kansas,Ellsworth,21,0,0,38.69677695,-98.20462799,20053.0,344.14945919370695,0.0,21,21,0,0,21,21,6196,0,0,0,0,0
2020-08-14,US,Kansas,Finney,1730,11,0,38.04340344,-100.73819379999999,20055.0,4744.015136973154,0.6358381502890174,1719,1798,11,0,1787,1796,36611,-68,0,0,-68,2
2020-08-14,US,Kansas,Ford,2206,10,0,37.69200114,-99.88825298,20057.0,6561.765668223326,0.4533091568449682,2196,2093,10,0,2083,2093,33888,113,0,0,113,0
2020-08-14,US,Kansas,Franklin,222,1,0,38.56443815,-95.28644341,20059.0,869.0886313811462,0.4504504504504505,221,210,1,0,209,210,25631,12,0,0,12,0
2020-08-14,US,Kansas,Geary,223,2,0,38.99871131,-96.7577178,20061.0,704.1364066940323,0.8968609865470852,221,157,2,0,155,153,32594,66,0,0,66,4
2020-08-14,US,Kansas,Gove,5,0,0,38.91588178,-100.4829321,20063.0,189.68133535660093,0.0,5,6,0,0,6,6,2612,-1,0,0,-1,0
2020-08-14,US,Kansas,Graham,18,0,0,39.34987223,-99.88332493,20065.0,725.2215954875101,0.0,18,17,0,0,17,17,2492,1,0,0,1,0
2020-08-14,US,Kansas,Grant,102,2,0,37.56227336,-101.3079758,20067.0,1426.5734265734266,1.96078431372549,100,120,2,0,118,119,7336,-18,0,0,-18,1
2020-08-14,US,Kansas,Gray,77,0,0,37.73836671,-100.4369088,20069.0,1285.9051436205746,0.0,77,87,0,0,87,84,6033,-10,0,0,-10,3
2020-08-14,US,Kansas,Greeley,4,0,0,38.4808095,-101.8061079,20071.0,324.67532467532465,0.0,4,4,0,0,4,4,1227,0,0,0,0,0
2020-08-14,US,Kansas,Greenwood,23,0,0,37.8774388,-96.23250453,20073.0,384.4867937144768,0.0,23,23,0,0,23,23,6055,0,0,0,0,0
2020-08-14,US,Kansas,Hamilton,43,0,0,37.99978709,-101.7921066,20075.0,1693.5801496652225,0.0,43,39,0,0,39,39,2607,4,0,0,4,0
2020-08-14,US,Kansas,Harper,21,0,0,37.19175361,-98.07578384,20077.0,386.31346578366447,0.0,21,14,0,0,14,14,5506,7,0,0,7,0
2020-08-14,US,Kansas,Harvey,224,1,0,38.04293782,-97.42747573,20079.0,650.6143077057133,0.44642857142857145,223,211,1,0,210,211,34210,13,0,0,13,0
2020-08-14,US,Kansas,Haskell,49,0,0,37.562039399999996,-100.8710738,20081.0,1234.8790322580646,0.0,49,44,0,0,44,44,3997,5,0,0,5,0
2020-08-14,US,Kansas,Hodgeman,11,0,0,38.08780079,-99.89829881,20083.0,613.1549609810479,0.0,11,11,0,0,11,11,1818,0,0,0,0,0
2020-08-14,US,Kansas,Jackson,164,1,0,39.41673394,-95.79356799,20085.0,1245.1598208184648,0.6097560975609756,163,163,1,0,162,155,13280,1,0,0,1,8
2020-08-14,US,Kansas,Jefferson,89,0,0,39.2347941,-95.38289232,20087.0,467.36333560888517,0.0,89,85,0,0,85,85,18975,4,0,0,4,0
2020-08-14,US,Kansas,Jewell,13,1,0,39.78470589,-98.21820662,20089.0,451.5456755817992,7.6923076923076925,12,12,1,0,11,12,2841,1,0,0,1,0
2020-08-14,US,Kansas,Johnson,6357,108,0,38.88548175,-94.82250877,20091.0,1055.2771326740826,1.6989145823501652,6249,6127,106,0,6021,6009,597555,230,2,0,228,118
2020-08-14,US,Kansas,Kearny,66,1,0,38.00017981,-101.32168100000001,20093.0,1719.6456487754035,1.5151515151515151,65,63,1,0,62,63,3943,3,0,0,3,0
2020-08-14,US,Kansas,Kingman,25,0,0,37.55909527,-98.13638678,20095.0,349.5525727069351,0.0,25,20,0,0,20,20,7310,5,0,0,5,0
2020-08-14,US,Kansas,Kiowa,8,0,0,37.55848695,-99.2856537,20097.0,323.2323232323232,0.0,8,8,0,0,8,8,2516,0,0,0,0,0
2020-08-14,US,Kansas,Labette,153,1,0,37.19113093,-95.29849679,20099.0,779.896013864818,0.6535947712418301,152,148,1,0,147,149,19964,5,0,0,5,-1
2020-08-14,US,Kansas,Lane,6,0,0,38.48119447,-100.46607540000001,20101.0,390.8794788273616,0.0,6,5,0,0,5,5,1560,1,0,0,1,0
2020-08-14,US,Kansas,Leavenworth,1549,9,0,39.20183497,-95.03620809,20103.0,1894.6158174123639,0.5810200129115558,1540,1503,9,0,1494,1503,81352,46,0,0,46,0
2020-08-14,US,Kansas,Lincoln,6,0,0,39.04549684,-98.20756994,20105.0,202.56583389601624,0.0,6,6,0,0,6,6,3023,0,0,0,0,0
2020-08-14,US,Kansas,Linn,50,0,0,38.21267844,-94.84254089,20107.0,515.3045449860866,0.0,50,43,0,0,43,43,9750,7,0,0,7,0
2020-08-14,US,Kansas,Logan,2,0,0,38.91735806,-101.148475,20109.0,71.58196134574086,0.0,2,2,0,0,2,2,2844,0,0,0,0,0
2020-08-14,US,Kansas,Lyon,703,14,0,38.45576156,-96.15275715,20111.0,2117.7888236180147,1.9914651493598865,689,731,14,0,717,716,33406,-28,0,0,-28,15
2020-08-14,US,Kansas,Marion,59,1,0,38.35855394,-97.09852509999999,20115.0,496.4658364187142,1.6949152542372878,58,48,1,0,47,48,11950,11,0,0,11,0
2020-08-14,US,Kansas,Marshall,14,0,0,39.78359669,-96.52278974,20117.0,144.22581642113937,0.0,14,15,0,0,15,15,9722,-1,0,0,-1,0
2020-08-14,US,Kansas,McPherson,164,1,0,38.39184858,-97.64769869,20113.0,574.591829584472,0.6097560975609756,163,151,1,0,150,148,28537,13,0,0,13,3
2020-08-14,US,Kansas,Meade,59,0,0,37.23859987,-100.36483100000001,20119.0,1462.930820728986,0.0,59,52,0,0,52,52,4146,7,0,0,7,0
2020-08-14,US,Kansas,Miami,152,0,0,38.56383358,-94.83832189,20121.0,443.96413237141104,0.0,152,150,0,0,150,150,33680,2,0,0,2,0
2020-08-14,US,Kansas,Mitchell,28,0,0,39.39331582,-98.20906732,20123.0,468.3057367452751,0.0,28,28,0,0,28,28,6150,0,0,0,0,0
2020-08-14,US,Kansas,Montgomery,168,5,0,37.19236568,-95.74329258,20125.0,527.8205410160546,2.9761904761904763,163,177,5,0,172,170,32120,-9,0,0,-9,7
2020-08-14,US,Kansas,Morris,13,0,0,38.68827511,-96.65128437,20127.0,231.3167259786477,0.0,13,13,0,0,13,13,5521,0,0,0,0,0
2020-08-14,US,Kansas,Morton,10,2,0,37.19141121,-101.79925190000002,20129.0,386.54812524159263,20.0,8,9,2,0,7,9,2667,1,0,0,1,0
2020-08-14,US,Kansas,Nemaha,50,1,0,39.78345387,-96.01392079,20131.0,488.710780959828,2.0,49,49,1,0,48,49,10155,1,0,0,1,0
2020-08-14,US,Kansas,Neosho,67,0,0,37.55862897,-95.30670046,20133.0,418.5668769913163,0.0,67,66,0,0,66,65,15951,1,0,0,1,1
2020-08-14,US,Kansas,Ness,7,0,0,38.47974157,-99.91547333,20135.0,254.54545454545453,0.0,7,6,0,0,6,6,2840,1,0,0,1,0
2020-08-14,US,Kansas,Norton,23,0,0,39.78443827,-99.90286639,20137.0,429.0244357396009,0.0,23,23,0,0,23,23,5430,0,0,0,0,0
2020-08-14,US,Kansas,Osage,47,0,0,38.65235984,-95.72707998,20139.0,294.68932221455884,0.0,47,46,0,0,46,46,15941,1,0,0,1,0
2020-08-14,US,Kansas,Osborne,4,0,0,39.3503437,-98.76753828,20141.0,116.92487576731949,0.0,4,4,0,0,4,4,3475,0,0,0,0,0
2020-08-14,US,Kansas,Ottawa,37,0,0,39.13237408,-97.65020313,20143.0,648.6676016830295,0.0,37,35,0,0,35,35,5802,2,0,0,2,0
2020-08-14,US,Kansas,Pawnee,63,0,0,38.18108732,-99.23692334,20145.0,982.2263797942004,0.0,63,8,0,0,8,8,6562,55,0,0,55,0
2020-08-14,US,Kansas,Phillips,48,8,0,39.78465501,-99.34668865,20147.0,917.0806266717616,16.666666666666668,40,51,8,0,43,51,5317,-3,0,0,-3,0
2020-08-14,US,Kansas,Pottawatomie,119,0,0,39.37925655,-96.34564657,20149.0,488.044949349957,0.0,119,109,0,0,109,109,24277,10,0,0,10,0
2020-08-14,US,Kansas,Pratt,35,0,0,37.64780729,-98.73922153,20151.0,381.9292885202968,0.0,35,35,0,0,35,35,9378,0,0,0,0,0
2020-08-14,US,Kansas,Reno,418,1,0,37.95230263,-98.08607292,20155.0,674.2152972676537,0.23923444976076555,417,397,1,0,396,390,62342,21,0,0,21,7
2020-08-14,US,Kansas,Republic,31,0,0,39.82799632,-97.65036709,20157.0,668.6798964624677,0.0,31,32,0,0,32,32,4664,-1,0,0,-1,0
2020-08-14,US,Kansas,Rice,39,0,0,38.34616184,-98.19992118,20159.0,408.9336269267065,0.0,39,39,0,0,39,39,9531,0,0,0,0,0
2020-08-14,US,Kansas,Riley,451,5,0,39.28935726,-96.73420026,20161.0,607.5546933936847,1.1086474501108647,446,489,5,0,484,489,73703,-38,0,0,-38,0
2020-08-14,US,Kansas,Rooks,18,0,0,39.35022773,-99.32484567,20163.0,365.8536585365854,0.0,18,18,0,0,18,18,5013,0,0,0,0,0
2020-08-14,US,Kansas,Rush,10,0,0,38.52275276,-99.30863983,20165.0,329.3807641633729,0.0,10,10,0,0,10,10,3093,0,0,0,0,0
2020-08-14,US,Kansas,Russell,19,0,0,38.91462787,-98.76254297,20167.0,277.1295215869312,0.0,19,16,0,0,16,16,6907,3,0,0,3,0
2020-08-14,US,Kansas,Saline,385,7,0,38.78369175,-97.65185177,20169.0,710.0177043375627,1.818181818181818,378,389,7,0,382,389,54401,-4,0,0,-4,0
2020-08-14,US,Kansas,Scott,54,0,0,38.48222076,-100.90665390000001,20171.0,1119.6350818992328,0.0,54,64,0,0,64,53,4897,-10,0,0,-10,11
2020-08-14,US,Kansas,Sedgwick,5718,47,0,37.6842718,-97.4608198,20173.0,1108.0493448207703,0.8219657222805177,5671,5141,46,0,5095,5068,513607,577,1,0,576,73
2020-08-14,US,Kansas,Seward,1189,4,0,37.19324632,-100.85072009999999,20175.0,5548.814635056935,0.33641715727502103,1185,1252,4,0,1248,1243,21780,-63,0,0,-63,9
2020-08-14,US,Kansas,Shawnee,1720,19,0,39.04100763,-95.75572640000001,20177.0,972.4381625441696,1.1046511627906976,1701,1682,19,0,1663,1650,177499,38,0,0,38,32
2020-08-14,US,Kansas,Sheridan,7,0,0,39.35018161,-100.44182590000001,20179.0,277.66759222530743,0.0,7,7,0,0,7,7,2533,0,0,0,0,0
2020-08-14,US,Kansas,Sherman,17,0,0,39.35147699,-101.71976240000001,20181.0,287.30775730944737,0.0,17,16,0,0,16,16,5899,1,0,0,1,0
2020-08-14,US,Kansas,Smith,3,0,0,39.78516566,-98.78566062,20183.0,83.72871895060004,0.0,3,3,0,0,3,3,3603,0,0,0,0,0
2020-08-14,US,Kansas,Stafford,7,1,0,38.03100851,-98.71762001,20185.0,168.43118383060641,14.285714285714285,6,6,1,0,5,6,4178,1,0,0,1,0
2020-08-14,US,Kansas,Stanton,40,1,0,37.56304714,-101.78435340000001,20187.0,1994.0179461615155,2.5,39,20,1,0,19,20,1987,20,0,0,20,0
2020-08-14,US,Kansas,Stevens,46,0,0,37.1923008,-101.3118967,20189.0,838.6508659981769,0.0,46,46,0,0,46,46,5559,0,0,0,0,0
2020-08-14,US,Kansas,Sumner,104,3,0,37.23682549,-97.47721621,20191.0,455.4212646698197,2.8846153846153846,101,101,3,0,98,101,22996,3,0,0,3,0
2020-08-14,US,Kansas,Thomas,45,0,0,39.35107575,-101.0553705,20193.0,578.6292915005786,0.0,45,44,0,0,44,44,7711,1,0,0,1,0
2020-08-14,US,Kansas,Trego,7,1,0,38.91467218,-99.87284448,20195.0,249.73242953977882,14.285714285714285,6,6,1,0,5,6,2793,1,0,0,1,0
2020-08-14,US,Kansas,Unassigned,0,1,0,0.0,0.0,90020.0,0.0,0.0,-1,0,1,0,-1,0,,0,0,0,0,0
2020-08-14,US,Kansas,Wabaunsee,43,0,0,38.95471985,-96.20350509,20197.0,620.4010965228682,0.0,43,43,0,0,43,43,6899,0,0,0,0,0
2020-08-14,US,Kansas,Washington,1,0,0,39.78420784,-97.08753229999999,20201.0,18.49796522382538,0.0,1,1,0,0,1,1,5420,0,0,0,0,0
2020-08-14,US,Kansas,Wichita,4,0,0,38.48178252,-101.3471509,20203.0,188.76828692779614,0.0,4,4,0,0,4,4,2105,0,0,0,0,0
2020-08-14,US,Kansas,Wilson,14,0,0,37.55937174,-95.74323255,20205.0,164.22287390029325,0.0,14,11,0,0,11,11,8665,3,0,0,3,0
2020-08-14,US,Kansas,Woodson,12,0,0,37.8865336,-95.74006277,20207.0,382.4091778202677,0.0,12,12,0,0,12,12,3183,0,0,0,0,0
2020-08-14,US,Kansas,Wyandotte,5329,107,0,39.11727348,-94.76378225,20209.0,3221.3215337093256,2.0078814036404578,5222,5087,108,0,4979,5031,165324,242,-1,0,243,56
2020-08-14,US,Kentucky,Adair,224,19,0,37.10459774,-85.28129668,21001.0,1166.5451515467141,8.482142857142858,205,218,19,0,199,215,19215,6,0,0,6,3
2020-08-14,US,Kentucky,Allen,234,8,0,36.75197631,-86.19457544,21003.0,1097.8184377199157,3.418803418803418,226,233,8,0,225,230,21122,1,0,0,1,3
2020-08-14,US,Kentucky,Anderson,90,1,0,38.00671029,-84.99171713,21005.0,395.6565700971557,1.1111111111111112,89,89,1,0,88,89,22663,1,0,0,1,0
2020-08-14,US,Kentucky,Ballard,37,0,0,37.05842757,-88.99427697,21007.0,469.06693711967546,0.0,37,36,0,0,36,36,7979,1,0,0,1,0
2020-08-14,US,Kentucky,Barren,429,3,0,36.96469836,-85.93338945,21009.0,969.513435331872,0.6993006993006993,426,404,3,0,401,383,44176,25,0,0,25,21
2020-08-14,US,Kentucky,Bath,41,1,0,38.14735938,-83.74588932,21011.0,328.0,2.4390243902439024,40,41,1,0,40,41,12383,0,0,0,0,0
2020-08-14,US,Kentucky,Bell,338,5,0,36.73355174,-83.67766671,21013.0,1298.40196681008,1.4792899408284024,333,327,4,0,323,324,26569,11,1,0,10,3
2020-08-14,US,Kentucky,Boone,1149,24,0,38.97065142,-84.72615357,21015.0,860.1522671637433,2.0887728459530033,1125,1126,24,0,1102,1117,131533,23,0,0,23,9
2020-08-14,US,Kentucky,Bourbon,97,1,0,38.2054607,-84.21827874,21017.0,490.19607843137254,1.0309278350515465,96,90,1,0,89,86,20184,7,0,0,7,4
2020-08-14,US,Kentucky,Boyd,201,3,0,38.36176608,-82.68652187,21019.0,430.2410205916349,1.492537313432836,198,196,3,0,193,195,47240,5,0,0,5,1
2020-08-14,US,Kentucky,Boyle,168,0,0,37.62680923,-84.8633779,21021.0,558.8822355289421,0.0,168,163,0,0,163,161,30100,5,0,0,5,2
2020-08-14,US,Kentucky,Bracken,37,0,0,38.69158994,-84.08532444,21023.0,445.6220643141034,0.0,37,33,0,0,33,33,8239,4,0,0,4,0
2020-08-14,US,Kentucky,Breathitt,33,0,0,37.52333168,-83.31959161,21025.0,261.2826603325416,0.0,33,33,0,0,33,32,12726,0,0,0,0,1
2020-08-14,US,Kentucky,Breckinridge,84,2,0,37.77377239,-86.42885017,21027.0,410.21634028422136,2.380952380952381,82,79,2,0,77,76,20388,5,0,0,5,3
2020-08-14,US,Kentucky,Bullitt,440,5,0,37.97162523,-85.68955617,21029.0,538.713942896322,1.1363636363636365,435,421,5,0,416,401,81069,19,0,0,19,20
2020-08-14,US,Kentucky,Butler,303,15,0,37.20946153,-86.68748787,21031.0,2352.6671325413463,4.950495049504951,288,300,15,0,285,298,12772,3,0,0,3,2
2020-08-14,US,Kentucky,Caldwell,55,0,0,37.14749129,-87.86948214,21033.0,431.4740723307445,0.0,55,55,0,0,55,53,12715,0,0,0,0,2
2020-08-14,US,Kentucky,Calloway,289,4,0,36.62093411,-88.2731593,21035.0,741.0066408553627,1.3840830449826989,285,270,4,0,266,257,39135,19,0,0,19,13
2020-08-14,US,Kentucky,Campbell,612,13,0,38.94384345,-84.37875208,21037.0,653.9579415284662,2.124183006535948,599,603,13,0,590,592,93152,9,0,0,9,11
2020-08-14,US,Kentucky,Carlisle,50,1,0,36.85372876,-88.96692220000001,21039.0,1050.420168067227,2.0,49,46,1,0,45,45,4771,4,0,0,4,1
2020-08-14,US,Kentucky,Carroll,170,2,0,38.66599534,-85.12601074,21041.0,1599.096980528643,1.1764705882352942,168,164,2,0,162,164,10737,6,0,0,6,0
2020-08-14,US,Kentucky,Carter,105,2,0,38.31690743,-83.05092385,21043.0,391.8349068925626,1.9047619047619049,103,104,2,0,102,104,27004,1,0,0,1,0
2020-08-14,US,Kentucky,Casey,213,11,0,37.32533118,-84.92726209,21045.0,1318.1508756729995,5.164319248826291,202,204,10,0,194,201,15888,9,1,0,8,3
2020-08-14,US,Kentucky,Christian,532,10,0,36.89267803,-87.49055367,21047.0,755.0276039227374,1.8796992481203008,522,529,9,0,520,523,71671,3,1,0,2,6
2020-08-14,US,Kentucky,Clark,186,7,0,37.9689263,-84.14615986,21049.0,512.9195047293384,3.7634408602150535,179,167,7,0,160,167,36249,19,0,0,19,0
2020-08-14,US,Kentucky,Clay,185,5,0,37.16451126,-83.712575,21051.0,929.6015275614293,2.702702702702702,180,181,5,0,176,159,20105,4,0,0,4,22
2020-08-14,US,Kentucky,Clinton,42,1,0,36.72581156,-85.13377529,21053.0,411.0393423370522,2.380952380952381,41,39,1,0,38,38,10206,3,0,0,3,1
2020-08-14,US,Kentucky,Crittenden,34,1,0,37.35839237,-88.08826090000002,21055.0,386.1003861003861,2.9411764705882355,33,32,1,0,31,32,8915,2,0,0,2,0
2020-08-14,US,Kentucky,Cumberland,66,0,0,36.78926125,-85.39050034,21057.0,997.8832778953737,0.0,66,62,0,0,62,63,6659,4,0,0,4,-1
2020-08-14,US,Kentucky,Daviess,824,9,0,37.73028906,-87.09019479999998,21059.0,811.7346888514545,1.0922330097087378,815,805,9,0,796,793,101104,19,0,0,19,12
2020-08-14,US,Kentucky,Edmonson,115,12,0,37.21218923,-86.23955613,21061.0,946.5020576131687,10.434782608695652,103,112,12,0,100,112,12274,3,0,0,3,0
2020-08-14,US,Kentucky,Elliott,15,0,0,38.11624059,-83.09771563,21063.0,199.5476918983637,0.0,15,14,0,0,14,14,7508,1,0,0,1,0
2020-08-14,US,Kentucky,Estill,27,0,0,37.69241417,-83.95956369,21065.0,191.40791152700984,0.0,27,27,0,0,27,27,14198,0,0,0,0,0
2020-08-14,US,Kentucky,Fayette,3385,49,0,38.0368225,-84.45576892,21067.0,1047.4946774273408,1.4475627769571642,3336,3299,49,0,3250,3241,323780,86,0,0,86,58
2020-08-14,US,Kentucky,Fleming,64,0,0,38.36758311,-83.69657514,21069.0,438.9273712365407,0.0,64,62,0,0,62,62,14432,2,0,0,2,0
2020-08-14,US,Kentucky,Floyd,119,2,0,37.56213922,-82.74750924,21071.0,334.37298041529687,1.680672268907563,117,115,2,0,113,106,35845,4,0,0,4,9
2020-08-14,US,Kentucky,Franklin,349,9,0,38.2379395,-84.87962551,21073.0,684.4345080504402,2.5787965616045847,340,343,7,0,336,329,50815,6,2,0,4,14
2020-08-14,US,Kentucky,Fulton,98,2,0,36.55238827,-89.20140068,21075.0,1641.8160495895459,2.0408163265306123,96,93,2,0,91,90,6120,5,0,0,5,3
2020-08-14,US,Kentucky,Gallatin,82,7,0,38.75398691,-84.8558382,21077.0,924.5687225166307,8.536585365853659,75,82,7,0,75,81,8832,0,0,0,0,1
2020-08-14,US,Kentucky,Garrard,91,0,0,37.638866799999995,-84.53289319,21079.0,515.1137778784105,0.0,91,84,0,0,84,83,17560,7,0,0,7,1
2020-08-14,US,Kentucky,Grant,127,6,0,38.64962758,-84.62415957,21081.0,506.60177908971235,4.724409448818896,121,126,6,0,120,126,25121,1,0,0,1,0
2020-08-14,US,Kentucky,Graves,580,26,0,36.72292505,-88.65143315,21083.0,1556.3784683089145,4.482758620689656,554,576,25,0,551,574,37317,4,1,0,3,2
2020-08-14,US,Kentucky,Grayson,219,11,0,37.46231118,-86.34248968,21085.0,828.6979225791805,5.0228310502283104,208,214,11,0,203,213,26321,5,0,0,5,1
2020-08-14,US,Kentucky,Green,57,2,0,37.26484328,-85.5540745,21087.0,520.9761447765286,3.5087719298245608,55,52,2,0,50,40,11049,5,0,0,5,12
2020-08-14,US,Kentucky,Greenup,139,1,0,38.54332505,-82.9215658,21089.0,396.0339620491196,0.7194244604316546,138,125,1,0,124,121,35268,14,0,0,14,4
2020-08-14,US,Kentucky,Hancock,52,0,0,37.83766422,-86.78280584,21091.0,596.1935335932127,0.0,52,52,0,0,52,50,8758,0,0,0,0,2
2020-08-14,US,Kentucky,Hardin,744,8,0,37.6976111,-85.96319251,21093.0,670.5239820472611,1.075268817204301,736,703,8,0,695,683,110356,41,0,0,41,20
2020-08-14,US,Kentucky,Harlan,253,3,0,36.85699301,-83.21899516,21095.0,972.7028066128412,1.1857707509881423,250,243,3,0,240,239,26409,10,0,0,10,4
2020-08-14,US,Kentucky,Harrison,123,0,0,38.44188174,-84.32869741,21097.0,651.276077517738,0.0,123,123,0,0,123,123,18778,0,0,0,0,0
2020-08-14,US,Kentucky,Hart,109,0,0,37.29943898,-85.88461055,21099.0,572.6293669556081,0.0,109,109,0,0,109,108,18906,0,0,0,0,1
2020-08-14,US,Kentucky,Henderson,371,3,0,37.79344553,-87.57392021,21101.0,820.614908206149,0.8086253369272237,368,365,3,0,362,360,45591,6,0,0,6,5
2020-08-14,US,Kentucky,Henry,142,2,0,38.44942688,-85.11587507,21103.0,880.5655463227088,1.4084507042253518,140,134,2,0,132,129,16106,8,0,0,8,5
2020-08-14,US,Kentucky,Hickman,58,0,0,36.67948079999999,-88.97875928,21105.0,1324.2009132420092,0.0,58,56,0,0,56,55,4421,2,0,0,2,1
2020-08-14,US,Kentucky,Hopkins,439,35,0,37.30939025,-87.54670406,21107.0,982.4105983977084,7.972665148063781,404,433,34,0,399,431,45068,6,1,0,5,2
2020-08-14,US,Kentucky,Jackson,155,14,0,37.41866422,-83.99825483,21109.0,1162.877935328982,9.03225806451613,141,154,14,0,140,151,13442,1,0,0,1,3
2020-08-14,US,Kentucky,Jefferson,9350,251,0,38.18664655,-85.65931031,21111.0,1219.421537723164,2.6844919786096257,9099,8976,247,0,8729,8802,770517,374,4,0,370,174
2020-08-14,US,Kentucky,Jessamine,372,0,0,37.87119786,-84.58252003,21113.0,687.4249283932367,0.0,372,361,0,0,361,356,53920,11,0,0,11,5
2020-08-14,US,Kentucky,Johnson,83,0,0,37.85106355,-82.8264322,21115.0,374.0760771588246,0.0,83,73,0,0,73,66,22386,10,0,0,10,7
2020-08-14,US,Kentucky,Kenton,1507,41,0,38.93950319,-84.53241199,21117.0,902.4060168385248,2.7206370272063705,1466,1472,41,0,1431,1449,166051,35,0,0,35,23
2020-08-14,US,Kentucky,Knott,75,1,0,37.35388197,-82.94981134,21119.0,506.5513980818587,1.3333333333333333,74,70,1,0,69,66,15126,5,0,0,5,4
2020-08-14,US,Kentucky,Knox,268,8,0,36.89225732,-83.85403396,21121.0,860.4912506020227,2.985074626865672,260,262,8,0,254,254,31304,6,0,0,6,8
2020-08-14,US,Kentucky,Larue,66,1,0,37.54567114,-85.70138352,21123.0,458.3969995832754,1.5151515151515151,65,61,1,0,60,60,14307,5,0,0,5,1
2020-08-14,US,Kentucky,Laurel,480,5,0,37.10975748,-84.11321779,21125.0,789.3049183562724,1.0416666666666667,475,466,5,0,461,456,60669,14,0,0,14,10
2020-08-14,US,Kentucky,Lawrence,38,0,0,38.07136018,-82.72882223,21127.0,248.0903571195404,0.0,38,37,0,0,37,37,15571,1,0,0,1,0
2020-08-14,US,Kentucky,Lee,5,0,0,37.59645942,-83.71513901,21129.0,67.5401864109145,0.0,5,6,0,0,6,7,7033,-1,0,0,-1,-1
2020-08-14,US,Kentucky,Leslie,34,0,0,37.09246661,-83.37999606,21131.0,344.2340791738382,0.0,34,33,0,0,33,32,10143,1,0,0,1,1
2020-08-14,US,Kentucky,Letcher,65,0,0,37.12306748,-82.85346474,21133.0,301.5821463369368,0.0,65,62,0,0,62,62,21899,3,0,0,3,0
2020-08-14,US,Kentucky,Lewis,84,1,0,38.53184419,-83.37735618,21135.0,632.7683615819209,1.1904761904761905,83,54,0,0,54,53,13257,30,1,0,29,1
2020-08-14,US,Kentucky,Lincoln,119,2,0,37.45475628,-84.6565327,21137.0,484.74479612204163,1.680672268907563,117,118,2,0,116,117,24644,1,0,0,1,1
2020-08-14,US,Kentucky,Livingston,36,1,0,37.21137452,-88.34797529,21139.0,391.5597128562106,2.7777777777777777,35,35,1,0,34,35,9242,1,0,0,1,0
2020-08-14,US,Kentucky,Logan,354,23,0,36.85949479,-86.877635,21141.0,1306.1766659287134,6.497175141242938,331,352,23,0,329,341,26989,2,0,0,2,11
2020-08-14,US,Kentucky,Lyon,32,4,0,37.02080035,-88.07886257,21143.0,389.768574908648,12.5,28,32,4,0,28,32,8009,0,0,0,0,0
2020-08-14,US,Kentucky,Madison,630,1,0,37.71659336,-84.27220275,21151.0,677.5140611053158,0.15873015873015872,629,603,1,0,602,583,92368,27,0,0,27,20
2020-08-14,US,Kentucky,Magoffin,49,0,0,37.70820545,-83.0657714,21153.0,402.9273908395691,0.0,49,49,0,0,49,41,12362,0,0,0,0,8
2020-08-14,US,Kentucky,Marion,129,0,0,37.55218078,-85.26898542,21155.0,669.3301509884294,0.0,129,123,0,0,123,124,19404,6,0,0,6,-1
2020-08-14,US,Kentucky,Marshall,155,2,0,36.88007070000001,-88.32803576,21157.0,498.39228295819936,1.2903225806451613,153,142,2,0,140,140,31191,13,0,0,13,2
2020-08-14,US,Kentucky,Martin,41,0,0,37.79990579,-82.51247478,21159.0,366.2349263063868,0.0,41,38,0,0,38,37,11323,3,0,0,3,1
2020-08-14,US,Kentucky,Mason,56,1,0,38.59471935,-83.82151043,21161.0,328.06092560046864,1.7857142857142858,55,54,1,0,53,54,17150,2,0,0,2,0
2020-08-14,US,Kentucky,McCracken,401,5,0,37.05350953,-88.70445755,21145.0,612.9811366902076,1.2468827930174564,396,391,4,0,387,377,65346,10,1,0,9,14
2020-08-14,US,Kentucky,McCreary,52,0,0,36.73874143,-84.48102924,21147.0,301.7816725668853,0.0,52,48,0,0,48,42,17408,4,0,0,4,6
2020-08-14,US,Kentucky,McLean,44,1,0,37.5301951,-87.26803443,21149.0,477.89725209080046,2.272727272727273,43,43,1,0,42,43,9252,1,0,0,1,0
2020-08-14,US,Kentucky,Meade,103,3,0,37.96163597,-86.21028219,21163.0,360.49279014419716,2.9126213592233015,100,101,3,0,98,99,28715,2,0,0,2,2
2020-08-14,US,Kentucky,Menifee,28,0,0,37.94090733,-83.59985712,21165.0,431.4994606256742,0.0,28,28,0,0,28,28,6451,0,0,0,0,0
2020-08-14,US,Kentucky,Mercer,91,0,0,37.81474237,-84.87488475,21167.0,414.8999224912232,0.0,91,87,0,0,87,86,21774,4,0,0,4,1
2020-08-14,US,Kentucky,Metcalfe,65,2,0,36.99459295,-85.63123699,21169.0,645.4175354979644,3.0769230769230766,63,63,2,0,61,62,10030,2,0,0,2,1
2020-08-14,US,Kentucky,Monroe,104,2,0,36.71225341,-85.71596443,21171.0,976.5258215962441,1.9230769230769231,102,98,2,0,96,96,10718,6,0,0,6,2
2020-08-14,US,Kentucky,Montgomery,139,0,0,38.03253032,-83.9145241,21173.0,493.6605462229641,0.0,139,129,0,0,129,128,28203,10,0,0,10,1
2020-08-14,US,Kentucky,Morgan,35,0,0,37.92465657,-83.25558245,21175.0,262.9799383875573,0.0,35,32,0,0,32,30,13345,3,0,0,3,2
2020-08-14,US,Kentucky,Muhlenberg,633,11,0,37.21425819,-87.14632053,21177.0,2067.141270981648,1.7377567140600316,622,633,11,0,622,629,30774,0,0,0,0,4
2020-08-14,US,Kentucky,Nelson,253,2,0,37.80335779,-85.4657193,21179.0,547.2281703545086,0.7905138339920948,251,245,2,0,243,230,45851,8,0,0,8,15
2020-08-14,US,Kentucky,Nicholas,21,1,0,38.33342292,-84.01889177,21181.0,288.8980602558812,4.761904761904762,20,20,0,0,20,20,7166,1,1,0,0,0
2020-08-14,US,Kentucky,Ohio,365,9,0,37.47751843,-86.85368087,21183.0,1521.213636742519,2.4657534246575343,356,362,9,0,353,361,24087,3,0,0,3,1
2020-08-14,US,Kentucky,Oldham,663,16,0,38.39791089,-85.448222,21185.0,992.5298282908427,2.4132730015082955,647,645,16,0,629,640,66470,18,0,0,18,5
2020-08-14,US,Kentucky,Owen,65,0,0,38.51679143,-84.82404619,21187.0,596.2755710485278,0.0,65,64,0,0,64,54,10880,1,0,0,1,10
2020-08-14,US,Kentucky,Owsley,15,0,0,37.42823949,-83.68811419,21189.0,339.75084937712336,0.0,15,14,0,0,14,13,4472,1,0,0,1,1
2020-08-14,US,Kentucky,Pendleton,51,0,0,38.69607718,-84.35599463,21191.0,349.5544893762851,0.0,51,48,0,0,48,47,14529,3,0,0,3,1
2020-08-14,US,Kentucky,Perry,254,3,0,37.25023553,-83.22922731,21193.0,986.1014053886172,1.1811023622047243,251,251,3,0,248,247,26092,3,0,0,3,4
2020-08-14,US,Kentucky,Pike,270,3,0,37.47088263,-82.39487445,21195.0,466.5146174580137,1.1111111111111112,267,253,3,0,250,252,58402,17,0,0,17,1
2020-08-14,US,Kentucky,Powell,68,0,0,37.83218794,-83.82553961,21197.0,550.2063273727648,0.0,68,67,0,0,67,62,12442,1,0,0,1,5
2020-08-14,US,Kentucky,Pulaski,376,5,0,37.10466131,-84.57629079,21199.0,578.6484864340788,1.3297872340425532,371,358,5,0,353,338,64623,18,0,0,18,20
2020-08-14,US,Kentucky,Robertson,3,0,0,38.51923469,-84.05055616,21201.0,142.31499051233396,0.0,3,3,0,0,3,3,2135,0,0,0,0,0
2020-08-14,US,Kentucky,Rockcastle,86,0,0,37.36642393,-84.31176452,21203.0,515.1242887091944,0.0,86,77,0,0,77,74,16750,9,0,0,9,3
2020-08-14,US,Kentucky,Rowan,88,0,0,38.19484205,-83.42088935,21205.0,359.7710547833197,0.0,88,87,0,0,87,84,24583,1,0,0,1,3
2020-08-14,US,Kentucky,Russell,139,5,0,36.99308373,-85.06070117,21207.0,775.5398091837303,3.5971223021582728,134,130,5,0,125,124,17821,9,0,0,9,6
2020-08-14,US,Kentucky,Scott,426,0,0,38.29622293,-84.5816631,21209.0,747.3159778261174,0.0,426,415,0,0,415,407,56031,11,0,0,11,8
2020-08-14,US,Kentucky,Shelby,817,21,0,38.21476019,-85.194223,21211.0,1666.530678851175,2.5703794369645037,796,797,21,0,776,786,48518,20,0,0,20,11
2020-08-14,US,Kentucky,Simpson,167,7,0,36.74058474,-86.58047435,21213.0,899.2031014430327,4.1916167664670665,160,156,7,0,149,152,18529,11,0,0,11,4
2020-08-14,US,Kentucky,Spencer,138,0,0,38.03223971,-85.32749335,21215.0,713.1414397188776,0.0,138,136,0,0,136,128,18794,2,0,0,2,8
2020-08-14,US,Kentucky,Taylor,153,3,0,37.3677562,-85.3329931,21217.0,593.7366603283015,1.96078431372549,150,150,3,0,147,144,25549,3,0,0,3,6
2020-08-14,US,Kentucky,Todd,35,0,0,36.8381152,-87.17878374,21219.0,284.691719537986,0.0,35,34,0,0,34,34,12311,1,0,0,1,0
2020-08-14,US,Kentucky,Trigg,59,0,0,36.80767017,-87.87333656,21221.0,402.7028871749369,0.0,59,57,0,0,57,56,14643,2,0,0,2,1
2020-08-14,US,Kentucky,Trimble,35,0,0,38.61056487,-85.33775972,21223.0,413.17435957974266,0.0,35,34,0,0,34,33,8515,1,0,0,1,1
2020-08-14,US,Kentucky,Union,73,0,0,37.66166713,-87.94300009,21225.0,507.6142131979696,0.0,73,70,0,0,70,70,14505,3,0,0,3,0
2020-08-14,US,Kentucky,Warren,2773,22,0,36.99903045,-86.42672751,21227.0,2086.5940284131952,0.7933645870897944,2751,2721,22,0,2699,2702,131264,52,0,0,52,19
2020-08-14,US,Kentucky,Washington,101,0,0,37.75599461,-85.17407732,21229.0,835.0558081852005,0.0,101,93,0,0,93,92,12084,8,0,0,8,1
2020-08-14,US,Kentucky,Wayne,77,0,0,36.80310688,-84.8251971,21231.0,378.69473270053606,0.0,77,76,0,0,76,73,20468,1,0,0,1,3
2020-08-14,US,Kentucky,Webster,92,1,0,37.52168356,-87.67989953,21233.0,710.8638541183742,1.0869565217391304,91,90,1,0,89,90,13111,2,0,0,2,0
2020-08-14,US,Kentucky,Whitley,170,1,0,36.75700531,-84.14541217,21235.0,468.7844694462828,0.5882352941176471,169,168,1,0,167,168,36242,2,0,0,2,0
2020-08-14,US,Kentucky,Wolfe,16,0,0,37.73941626,-83.49303612,21237.0,223.55735643426013,0.0,16,17,0,0,17,16,7177,-1,0,0,-1,1
2020-08-14,US,Kentucky,Woodford,177,0,0,38.04178222,-84.7417556,21239.0,662.078252412658,0.0,177,170,0,0,170,165,26533,7,0,0,7,5
2020-08-14,US,Louisiana,Acadia,2684,89,0,30.295064899999996,-92.41419698,22001.0,4325.8924973809335,3.3159463487332337,2595,2673,88,0,2585,2652,62190,11,1,0,10,21
2020-08-14,US,Louisiana,Allen,1367,32,0,30.65385745,-92.82442028,22003.0,5334.217817145979,2.3408924652523773,1335,1332,30,0,1302,1321,25605,35,2,0,33,11
2020-08-14,US,Louisiana,Ascension,3016,79,0,30.20406249,-90.91328409999998,22005.0,2382.2312091245144,2.619363395225464,2937,2970,79,0,2891,2941,124672,46,0,0,46,29
2020-08-14,US,Louisiana,Assumption,606,20,0,29.89946234,-91.06461642,22007.0,2768.260929148965,3.3003300330033003,586,600,20,0,580,598,22300,6,0,0,6,2
2020-08-14,US,Louisiana,Avoyelles,1138,36,0,31.07796211,-92.00079449,22009.0,2834.794738939817,3.1634446397188047,1102,1128,34,0,1094,1107,40462,10,2,0,8,21
2020-08-14,US,Louisiana,Beauregard,878,21,0,30.64836518,-93.34173616,22011.0,2341.520654985732,2.3917995444191344,857,868,21,0,847,863,37253,10,0,0,10,5
2020-08-14,US,Louisiana,Bienville,390,30,0,32.34569994,-93.05398492,22013.0,2945.3968733479346,7.6923076923076925,360,388,30,0,358,387,13308,2,0,0,2,1
2020-08-14,US,Louisiana,Bossier,2445,82,0,32.67932307,-93.60460152,22015.0,1924.6058297058387,3.3537832310838445,2363,2428,82,0,2346,2390,127185,17,0,0,17,38
2020-08-14,US,Louisiana,Caddo,6887,297,0,32.57991587,-93.88375652,22017.0,2867.146259013173,4.312472774793088,6590,6851,296,0,6555,6771,242922,36,1,0,35,80
2020-08-14,US,Louisiana,Calcasieu,7013,154,0,30.22931235,-93.35400434,22019.0,3447.275801726341,2.195921859403964,6859,6960,154,0,6806,6924,203112,53,0,0,53,36
2020-08-14,US,Louisiana,Caldwell,234,3,0,32.0902519,-92.11752148,22021.0,2359.3466424682397,1.2820512820512822,231,230,3,0,227,228,9960,4,0,0,4,2
2020-08-14,US,Louisiana,Cameron,173,0,0,29.87592238,-93.19310676,22023.0,2480.998135666141,0.0,173,172,0,0,172,171,6968,1,0,0,1,1
2020-08-14,US,Louisiana,Catahoula,312,5,0,31.66778967,-91.84526385,22025.0,3286.2860754160524,1.6025641025641026,307,305,5,0,300,300,9608,7,0,0,7,5
2020-08-14,US,Louisiana,Claiborne,292,11,0,32.82308512,-92.99526883,22027.0,1863.4333120612635,3.767123287671233,281,290,11,0,279,286,15944,2,0,0,2,4
2020-08-14,US,Louisiana,Concordia,356,9,0,31.44817835,-91.63814433,22029.0,1848.4864219326032,2.5280898876404496,347,352,9,0,343,347,19572,4,0,0,4,5
2020-08-14,US,Louisiana,De Soto,765,27,0,32.05457447,-93.74130302,22031.0,2785.5660343006957,3.5294117647058822,738,756,27,0,729,745,27436,9,0,0,9,11
2020-08-14,US,Louisiana,East Baton Rouge,12716,372,0,30.53842039,-91.09777565,22033.0,2889.612529229036,2.925448254167977,12344,12587,369,0,12218,12477,440956,129,3,0,126,110
2020-08-14,US,Louisiana,East Carroll,520,2,0,32.73926954,-91.23425694,22035.0,7579.070106398484,0.38461538461538464,518,520,2,0,518,520,7037,0,0,0,0,0
2020-08-14,US,Louisiana,East Feliciana,619,39,0,30.84425359,-91.04976723,22037.0,3234.9098510582703,6.30048465266559,580,612,39,0,573,609,19305,7,0,0,7,3
2020-08-14,US,Louisiana,Evangeline,958,9,0,30.72985248,-92.39915924,22039.0,2868.6929181015116,0.9394572025052192,949,946,9,0,937,932,33443,12,0,0,12,14
2020-08-14,US,Louisiana,Franklin,980,19,0,32.13675181,-91.67589857,22041.0,4896.327754184362,1.9387755102040816,961,964,19,0,945,954,20156,16,0,0,16,10
2020-08-14,US,Louisiana,Grant,350,21,0,31.59882456,-92.56124347,22043.0,1563.2676760909376,6.0,329,335,19,0,316,330,22482,15,2,0,13,5
2020-08-14,US,Louisiana,Iberia,2602,75,0,29.86803617,-91.75871777,22045.0,3726.1921810110266,2.8823981552651805,2527,2588,74,0,2514,2575,70941,14,1,0,13,13
2020-08-14,US,Louisiana,Iberville,1279,50,0,30.25734305,-91.3499598,22047.0,3934.0530897234776,3.909304143862392,1229,1267,50,0,1217,1262,32721,12,0,0,12,5
2020-08-14,US,Louisiana,Jackson,397,19,0,32.30251776,-92.55692092,22049.0,2521.595528455285,4.785894206549118,378,386,18,0,368,383,15902,11,1,0,10,3
2020-08-14,US,Louisiana,Jefferson,15703,530,0,29.74075478,-90.11115756,22051.0,3630.810209645012,3.3751512449850347,15173,15597,529,0,15068,15509,434051,106,1,0,105,88
2020-08-14,US,Louisiana,Jefferson Davis,1071,29,0,30.26896765,-92.81210004,22053.0,3414.3075745983174,2.707749766573296,1042,1056,29,0,1027,1046,31582,15,0,0,15,10
2020-08-14,US,Louisiana,LaSalle,339,3,0,31.67884782,-92.15907765,22059.0,2276.390008058018,0.8849557522123894,336,324,2,0,322,324,14917,15,1,0,14,0
2020-08-14,US,Louisiana,Lafayette,7916,100,0,30.2049055,-92.06959876,22055.0,3239.0850689471745,1.2632642748863059,7816,7846,100,0,7746,7793,242782,70,0,0,70,53
2020-08-14,US,Louisiana,Lafourche,2949,104,0,29.52470226,-90.40976986,22057.0,3021.0830413670174,3.5266191929467614,2845,2916,102,0,2814,2895,98115,33,2,0,31,21
2020-08-14,US,Louisiana,Lincoln,839,34,0,32.6003154,-92.66597409999999,22061.0,1794.9595652732019,4.052443384982122,805,819,32,0,787,815,47196,20,2,0,18,4
2020-08-14,US,Louisiana,Livingston,3071,54,0,30.44143993,-90.73061664,22063.0,2181.27836691787,1.7583848909150115,3017,3027,54,0,2973,2992,139567,44,0,0,44,35
2020-08-14,US,Louisiana,Madison,631,6,0,32.36918118,-91.23973355,22065.0,5762.030864761208,0.9508716323296356,625,628,6,0,622,625,11161,3,0,0,3,3
2020-08-14,US,Louisiana,Morehouse,549,14,0,32.81686191,-91.80421614,22067.0,2207.123904478572,2.550091074681238,535,542,13,0,529,536,25398,7,1,0,6,6
2020-08-14,US,Louisiana,Natchitoches,823,17,0,31.72321584,-93.09816516,22069.0,2156.8216363541064,2.0656136087484813,806,816,17,0,799,809,38659,7,0,0,7,7
2020-08-14,US,Louisiana,Orleans,10939,566,0,30.06971951,-89.92660315,22071.0,2803.836532152231,5.174147545479476,10373,10899,565,0,10334,10851,391006,40,1,0,39,48
2020-08-14,US,Louisiana,Ouachita,5067,117,0,32.47645559,-92.15704172,22073.0,3305.7365979684105,2.3090586145648317,4950,5027,117,0,4910,4967,154475,40,0,0,40,60
2020-08-14,US,Louisiana,Plaquemines,469,19,0,29.42245447,-89.60322085,22075.0,2021.8131654955387,4.051172707889126,450,465,19,0,446,462,23410,4,0,0,4,3
2020-08-14,US,Louisiana,Pointe Coupee,838,33,0,30.71409502,-91.60209535,22077.0,3856.4196962724345,3.9379474940334127,805,818,33,0,785,816,21940,20,0,0,20,2
2020-08-14,US,Louisiana,Rapides,3447,123,0,31.19778499,-92.52997303,22079.0,2658.7375046279158,3.5683202785030463,3324,3410,122,0,3288,3380,130562,37,1,0,36,30
2020-08-14,US,Louisiana,Red River,276,14,0,32.09530039,-93.34213308,22081.0,3269.3674484719263,5.0724637681159415,262,252,13,0,239,250,8477,24,1,0,23,2
2020-08-14,US,Louisiana,Richland,635,8,0,32.41391005,-91.76634876,22083.0,3155.749925454726,1.2598425196850394,627,624,8,0,616,615,20192,11,0,0,11,9
2020-08-14,US,Louisiana,Sabine,682,11,0,31.56388699,-93.55433981,22085.0,2855.4680957963487,1.6129032258064515,671,671,11,0,660,664,24032,11,0,0,11,7
2020-08-14,US,Louisiana,St. Bernard,1126,24,0,29.87761636,-89.51887093,22087.0,2383.371433409533,2.131438721136768,1102,1125,24,0,1101,1120,46721,1,0,0,1,5
2020-08-14,US,Louisiana,St. Charles,1526,54,0,29.90709658,-90.35555967,22089.0,2873.8229755178913,3.5386631716906947,1472,1515,55,0,1460,1500,52879,11,-1,0,12,15
2020-08-14,US,Louisiana,St. Helena,280,2,0,30.82210324,-90.71013176,22091.0,2763.521515988946,0.7142857142857143,278,279,2,0,277,277,10262,1,0,0,1,2
2020-08-14,US,Louisiana,St. James,734,32,0,30.02531716,-90.80212061,22093.0,3479.3325748957145,4.359673024523161,702,730,32,0,698,723,21037,4,0,0,4,7
2020-08-14,US,Louisiana,St. John the Baptist,1455,93,0,30.12597499,-90.4753503,22095.0,3396.5964003081453,6.391752577319587,1362,1448,92,0,1356,1441,43184,7,1,0,6,7
2020-08-14,US,Louisiana,St. Landry,2866,93,0,30.59724262,-92.00135806,22097.0,3489.844625200916,3.2449406838799715,2773,2841,92,0,2749,2824,82764,25,1,0,24,17
2020-08-14,US,Louisiana,St. Martin,1784,47,0,30.13112107,-91.61403569,22099.0,3338.885665624824,2.6345291479820627,1737,1760,46,0,1714,1757,53621,24,1,0,23,3
2020-08-14,US,Louisiana,St. Mary,1666,59,0,29.69262097,-91.44702164,22101.0,3376.0233444111213,3.5414165666266513,1607,1658,59,0,1599,1642,49774,8,0,0,8,16
2020-08-14,US,Louisiana,St. Tammany,5480,218,0,30.40942847,-89.95642711,22103.0,2104.3011454617367,3.9781021897810223,5262,5429,217,0,5212,5364,258111,51,1,0,50,65
2020-08-14,US,Louisiana,Tangipahoa,3664,80,0,30.62888673,-90.40664996,22105.0,2718.948040190564,2.183406113537118,3584,3619,78,0,3541,3570,133777,45,2,0,43,49
2020-08-14,US,Louisiana,Tensas,94,0,0,32.00760749,-91.32915234,22107.0,2168.897092754961,0.0,94,91,0,0,91,91,4462,3,0,0,3,0
2020-08-14,US,Louisiana,Terrebonne,3160,86,0,29.37343766,-90.82626855,22109.0,2860.7381790858312,2.7215189873417716,3074,3115,86,0,3029,3095,111021,45,0,0,45,20
2020-08-14,US,Louisiana,Unassigned,238,123,0,0.0,0.0,90022.0,0.0,51.680672268907564,115,240,123,0,117,236,,-2,0,0,-2,4
2020-08-14,US,Louisiana,Union,737,35,0,32.83121059,-92.3749373,22111.0,3333.634883300163,4.7489823609226605,702,732,35,0,697,720,22330,5,0,0,5,12
2020-08-14,US,Louisiana,Vermilion,1714,28,0,29.83517605,-92.30292538,22113.0,2880.1398060862707,1.633605600933489,1686,1689,28,0,1661,1657,59830,25,0,0,25,32
2020-08-14,US,Louisiana,Vernon,806,30,0,31.10884837,-93.18153838,22115.0,1699.382234497881,3.7220843672456576,776,798,29,0,769,789,48860,8,1,0,7,9
2020-08-14,US,Louisiana,Washington,1320,58,0,30.85288548,-90.03866652,22117.0,2857.513962852319,4.393939393939394,1262,1312,58,0,1254,1298,46582,8,0,0,8,14
2020-08-14,US,Louisiana,Webster,939,16,0,32.70847669,-93.33121835,22119.0,2449.1392801251955,1.703940362087327,923,916,17,0,899,903,38798,23,-1,0,24,13
2020-08-14,US,Louisiana,West Baton Rouge,754,37,0,30.46058217,-91.30989571,22121.0,2849.045909692047,4.907161803713529,717,745,37,0,708,734,26427,9,0,0,9,11
2020-08-14,US,Louisiana,West Carroll,307,7,0,32.78550125,-91.461201,22123.0,2834.71837488458,2.280130293159609,300,302,7,0,295,298,10982,5,0,0,5,4
2020-08-14,US,Louisiana,West Feliciana,399,18,0,30.87882871,-91.41485379999999,22125.0,2562.94964028777,4.511278195488722,381,397,18,0,379,393,15460,2,0,0,2,4
2020-08-14,US,Louisiana,Winn,467,7,0,31.94449367,-92.63789413,22127.0,3358.7456846950518,1.4989293361884368,460,453,7,0,446,450,14134,14,0,0,14,3
2020-08-14,US,Maine,Androscoggin,575,9,0,44.1664747,-70.20380627,23001.0,531.0453743639,1.5652173913043481,566,570,8,0,562,568,107679,5,1,0,4,2
2020-08-14,US,Maine,Aroostook,33,1,0,46.65926321,-68.59841248,23003.0,49.21333233912461,3.0303030303030303,32,33,1,0,32,33,67111,0,0,0,0,0
2020-08-14,US,Maine,Cumberland,2122,69,0,43.8370751,-70.37226999,23005.0,719.3147188333678,3.2516493873704047,2053,2103,69,0,2034,2097,293557,19,0,0,19,6
2020-08-14,US,Maine,Franklin,47,1,0,44.97330019,-70.44381045,23007.0,155.6342925262426,2.127659574468085,46,45,1,0,44,45,29897,2,0,0,2,0
2020-08-14,US,Maine,Hancock,40,1,0,44.59816444,-68.38401854,23009.0,72.74446687398842,2.5,39,40,1,0,39,37,54811,0,0,0,0,3
2020-08-14,US,Maine,Kennebec,171,11,0,44.40759555,-69.76738544,23011.0,139.81782799954212,6.432748538011697,160,171,11,0,160,171,122083,0,0,0,0,0
2020-08-14,US,Maine,Knox,27,1,0,44.11486325,-69.10529169,23013.0,67.88695564718898,3.703703703703704,26,27,1,0,26,27,39771,0,0,0,0,0
2020-08-14,US,Maine,Lincoln,35,1,0,44.05996956,-69.54227124,23015.0,101.05676502858464,2.8571428571428568,34,35,1,0,34,35,34342,0,0,0,0,0
2020-08-14,US,Maine,Oxford,57,0,0,44.49952995,-70.75682123,23017.0,98.31824062095731,0.0,57,55,0,0,55,55,57618,2,0,0,2,0
2020-08-14,US,Maine,Penobscot,170,5,0,45.40194593,-68.65020455,23019.0,111.73331230118043,2.9411764705882355,165,156,5,0,151,153,151096,14,0,0,14,3
2020-08-14,US,Maine,Piscataquis,11,0,0,45.83839062,-69.2860223,23021.0,65.5347036044087,0.0,11,6,0,0,6,4,16800,5,0,0,5,2
2020-08-14,US,Maine,Sagadahoc,58,0,0,43.95415864,-69.85074999,23023.0,161.75814368585452,0.0,58,57,0,0,57,56,35634,1,0,0,1,1
2020-08-14,US,Maine,Somerset,36,1,0,45.51229767,-69.95995554,23025.0,71.30972189208462,2.7777777777777777,35,35,1,0,34,33,50592,1,0,0,1,2
2020-08-14,US,Maine,Unassigned,2,0,0,0.0,0.0,90023.0,0.0,0.0,2,1,0,0,1,1,,1,0,0,1,0
2020-08-14,US,Maine,Waldo,62,14,0,44.4858305,-69.12061935,23027.0,156.11230013848672,22.580645161290327,48,62,14,0,48,62,39694,0,0,0,0,0
2020-08-14,US,Maine,Washington,14,0,0,45.01607142,-67.62813524,23029.0,44.61582587080533,0.0,14,13,0,0,13,13,31490,1,0,0,1,0
2020-08-14,US,Maine,York,684,13,0,43.47808377,-70.71052375,23031.0,329.41471096748717,1.9005847953216373,671,680,13,0,667,680,206229,4,0,0,4,0
2020-08-14,US,Maryland,Allegany,338,18,0,39.62357628,-78.69280486,24001.0,480.0045444217224,5.325443786982248,320,312,18,0,294,303,70975,26,0,0,26,9
2020-08-14,US,Maryland,Anne Arundel,7618,229,0,39.00670238,-76.60329337,24003.0,1315.1852273865138,3.006038330270412,7389,7528,228,0,7300,7479,576031,90,1,0,89,49
2020-08-14,US,Maryland,Baltimore,13847,574,0,39.45784712,-76.62911955,24005.0,1673.6163989508927,4.145302231530295,13273,13593,572,0,13021,13463,828431,254,2,0,252,130
2020-08-14,US,Maryland,Baltimore City,13341,441,0,39.30211911,-76.61151012,24510.0,2247.889602183693,3.305599280413762,12900,13063,435,0,12628,12991,621342,278,6,0,272,72
2020-08-14,US,Maryland,Calvert,733,28,0,38.53961642,-76.56820632,24009.0,792.2183193731424,3.819918144611187,705,724,28,0,696,715,92003,9,0,0,9,9
2020-08-14,US,Maryland,Caroline,460,3,0,38.87172293,-75.82904158,24011.0,1376.9981440459799,0.6521739130434783,457,455,3,0,452,454,33304,5,0,0,5,1
2020-08-14,US,Maryland,Carroll,1603,118,0,39.56453592,-77.02373735,24013.0,951.6346387884616,7.3611977542108535,1485,1583,118,0,1465,1572,168429,20,0,0,20,11
2020-08-14,US,Maryland,Cecil,724,30,0,39.56647682,-75.94627411,24015.0,703.9035535462544,4.143646408839779,694,715,30,0,685,714,102826,9,0,0,9,1
2020-08-14,US,Maryland,Charles,2152,93,0,38.51092331,-76.98580666,24017.0,1318.1670617492666,4.321561338289963,2059,2102,92,0,2010,2084,161503,50,1,0,49,18
2020-08-14,US,Maryland,Dorchester,402,5,0,38.45413522,-76.02752426,24019.0,1259.0435027717751,1.243781094527363,397,393,5,0,388,378,31998,9,0,0,9,15
2020-08-14,US,Maryland,Frederick,3196,121,0,39.47296601,-77.39999394,24021.0,1231.3762054656768,3.7859824780976217,3075,3154,121,0,3033,3118,255648,42,0,0,42,36
2020-08-14,US,Maryland,Garrett,58,0,0,39.52786077,-79.27355126,24023.0,199.90349486454812,0.0,58,54,0,0,54,53,29163,4,0,0,4,1
2020-08-14,US,Maryland,Harford,2125,69,0,39.55010644,-76.30775940000002,24025.0,831.8946449473656,3.247058823529412,2056,2055,69,0,1986,2034,253956,70,0,0,70,21
2020-08-14,US,Maryland,Howard,4040,115,0,39.25305293,-76.93126208,24027.0,1240.4433663913535,2.8465346534653464,3925,3967,112,0,3855,3941,323196,73,3,0,70,26
2020-08-14,US,Maryland,Kent,242,23,0,39.24976208,-76.04741541,24029.0,1246.0096797446195,9.504132231404961,219,242,23,0,219,243,19383,0,0,0,0,-1
2020-08-14,US,Maryland,Montgomery,18925,808,0,39.13676329,-77.20358245,24031.0,1801.2007370408726,4.2694848084544255,18117,18752,807,0,17945,18641,1052567,173,1,0,172,111
2020-08-14,US,Maryland,Prince George's,24588,768,0,38.83070039,-76.8496441,24033.0,2703.9777769713205,3.123474865788189,23820,24301,766,0,23535,24098,909308,287,2,0,285,203
2020-08-14,US,Maryland,Queen Anne's,470,26,0,39.06198912,-76.03530977,24035.0,932.8913677775353,5.531914893617022,444,446,26,0,420,440,50251,24,0,0,24,6
2020-08-14,US,Maryland,Somerset,147,3,0,38.1163542,-75.75118623,24039.0,573.8600874453466,2.0408163265306123,144,141,3,0,138,141,25675,6,0,0,6,0
2020-08-14,US,Maryland,St. Mary's,1040,52,0,38.30058422,-76.60629279999998,24037.0,916.2188353449036,5.0,988,1022,52,0,970,1012,112664,18,0,0,18,10
2020-08-14,US,Maryland,Talbot,418,4,0,38.76618159,-76.10882561,24041.0,1124.2301175331486,0.9569377990430622,414,411,4,0,407,404,36968,7,0,0,7,7
2020-08-14,US,Maryland,Unassigned,0,12,0,0.0,0.0,90024.0,0.0,0.0,-12,0,12,0,-12,0,,0,0,0,0,0
2020-08-14,US,Maryland,Washington,1117,31,0,39.60835778,-77.82002295,24043.0,739.4951307191707,2.775290957923008,1086,1066,31,0,1035,1041,150926,51,0,0,51,25
2020-08-14,US,Maryland,Wicomico,1390,45,0,38.37301947,-75.62705831,24045.0,1341.582294974375,3.2374100719424463,1345,1374,45,0,1329,1361,103195,16,0,0,16,13
2020-08-14,US,Maryland,Worcester,719,20,0,38.21274277,-75.33200012,24047.0,1375.3921493610833,2.7816411682892905,699,707,20,0,687,704,51823,12,0,0,12,3
2020-08-14,US,Massachusetts,Barnstable,1803,158,0,41.72980578,-70.28854339,25001.0,846.51861589746,8.763172490293954,1645,1803,158,0,1645,1803,213413,0,0,0,0,0
2020-08-14,US,Massachusetts,Berkshire,667,46,0,42.37428441,-73.20524838,25003.0,533.8391599436547,6.896551724137932,621,667,46,0,621,667,126348,0,0,0,0,0
2020-08-14,US,Massachusetts,Bristol,9408,637,0,41.79228404,-71.10872211,25005.0,1664.4934600339334,6.770833333333332,8771,9408,637,0,8771,9408,564022,0,0,0,0,0
2020-08-14,US,Massachusetts,Dukes and Nantucket,103,1,0,41.40674725,-70.68763497,0.0,358.49778984372284,0.9708737864077671,102,103,1,0,102,103,26707,0,0,0,0,0
2020-08-14,US,Massachusetts,Essex,17930,1194,0,42.6687626,-70.94687179,25009.0,2272.3989080318465,6.659230340211935,16736,17930,1194,0,16736,17930,790638,0,0,0,0,0
2020-08-14,US,Massachusetts,Franklin,411,61,0,42.58119713,-72.58602547,25011.0,585.6369335993161,14.841849148418493,350,411,61,0,350,411,70963,0,0,0,0,0
2020-08-14,US,Massachusetts,Hampden,7637,709,0,42.13440424,-72.63235561,25013.0,1637.5339857452848,9.283750163676837,6928,7637,709,0,6928,7637,470406,0,0,0,0,0
2020-08-14,US,Massachusetts,Hampshire,1184,130,0,42.33997957,-72.65898478,25015.0,736.1810607473732,10.979729729729732,1054,1184,130,0,1054,1184,161355,0,0,0,0,0
2020-08-14,US,Massachusetts,Middlesex,26565,2006,0,42.48607732,-71.39049229,25017.0,1648.26062434735,7.551289290419725,24559,26565,2006,0,24559,26565,1614714,0,0,0,0,0
2020-08-14,US,Massachusetts,Norfolk,10682,997,0,42.16073095,-71.20530408,25021.0,1511.3720773937955,9.333458153903763,9685,10682,997,0,9685,10682,705388,0,0,0,0,0
2020-08-14,US,Massachusetts,Plymouth,9288,723,0,41.94070556,-70.80802823,25023.0,1782.034604625462,7.784237726098191,8565,9288,723,0,8565,9288,518132,0,0,0,0,0
2020-08-14,US,Massachusetts,Suffolk,22017,1076,0,42.327951399999996,-71.07850442,25025.0,2738.749631487224,4.8871326702093825,20941,22017,1076,0,20941,22017,807252,0,0,0,0,0
2020-08-14,US,Massachusetts,Unassigned,1818,81,0,0.0,0.0,90025.0,0.0,4.455445544554456,1737,1042,45,0,997,619,,776,36,0,740,423
2020-08-14,US,Massachusetts,Worcester,13686,1007,0,42.35026951,-71.90493363,25027.0,1647.6808945585356,7.3578839690194355,12679,13686,1007,0,12679,13686,830839,0,0,0,0,0
2020-08-14,US,Michigan,Alcona,29,1,0,44.6846864,-83.59507875,26001.0,278.71215761653053,3.4482758620689653,28,29,1,0,28,29,10362,0,0,0,0,0
2020-08-14,US,Michigan,Alger,17,0,0,46.41292944,-86.60260122,26003.0,186.649099692578,0.0,17,15,0,0,15,15,9097,2,0,0,2,0
2020-08-14,US,Michigan,Allegan,564,6,0,42.59147037,-85.89102866,26005.0,477.6382313835418,1.0638297872340423,558,548,6,0,542,542,117327,16,0,0,16,6
2020-08-14,US,Michigan,Alpena,129,13,0,45.03477666,-83.62212411,26007.0,454.145396937159,10.077519379844961,116,130,13,0,117,130,28360,-1,0,0,-1,0
2020-08-14,US,Michigan,Antrim,42,0,0,44.99690221,-85.15503082,26009.0,180.07202881152458,0.0,42,41,0,0,41,41,23365,1,0,0,1,0
2020-08-14,US,Michigan,Arenac,48,3,0,44.0636262,-83.89277559,26011.0,322.5156218504334,6.25,45,44,3,0,41,43,15041,4,0,0,4,1
2020-08-14,US,Michigan,Baraga,5,0,0,46.6720582,-88.36363591,26013.0,60.9087586794981,0.0,5,5,0,0,5,5,8320,0,0,0,0,0
2020-08-14,US,Michigan,Barry,197,2,0,42.59513984,-85.30834519,26015.0,320.06498781478473,1.0152284263959392,195,192,2,0,190,191,61157,5,0,0,5,1
2020-08-14,US,Michigan,Bay,704,35,0,43.70639106,-83.98731479,26017.0,682.6600469328782,4.971590909090909,669,686,31,0,655,654,103923,18,4,0,14,32
2020-08-14,US,Michigan,Benzie,36,1,0,44.63899297,-86.01608482,26019.0,202.63424518743668,2.7777777777777777,35,30,1,0,29,30,17753,6,0,0,6,0
2020-08-14,US,Michigan,Berrien,1453,69,0,41.95447397,-86.41313079999998,26021.0,947.1906962796852,4.748795595320027,1384,1408,67,0,1341,1387,154141,45,2,0,43,21
2020-08-14,US,Michigan,Branch,379,2,0,41.91600556,-85.05929476,26023.0,870.9240067100212,0.5277044854881267,377,369,2,0,367,367,43622,10,0,0,10,2
2020-08-14,US,Michigan,Calhoun,835,43,0,42.24633834,-85.00493569,26025.0,622.3958139222863,5.1497005988023945,792,819,42,0,777,811,134487,16,1,0,15,8
2020-08-14,US,Michigan,Cass,359,15,0,41.91522292,-85.99405727,26027.0,693.2241682275475,4.178272980501393,344,345,14,0,331,340,51653,14,1,0,13,5
2020-08-14,US,Michigan,Charlevoix,54,2,0,45.37790017,-85.19614053,26029.0,206.55624832651188,3.703703703703704,52,51,2,0,49,50,26244,3,0,0,3,1
2020-08-14,US,Michigan,Cheboygan,56,2,0,45.44787015,-84.50122149,26031.0,221.55404336129126,3.571428571428572,54,53,2,0,51,50,25413,3,0,0,3,3
2020-08-14,US,Michigan,Chippewa,44,0,0,46.29552653,-84.54353449,26033.0,117.80770569493158,0.0,44,44,0,0,44,43,37517,0,0,0,0,1
2020-08-14,US,Michigan,Clare,80,3,0,43.98794227,-84.84819859999998,26035.0,258.48142164781905,3.75,77,80,3,0,77,74,30757,0,0,0,0,6
2020-08-14,US,Michigan,Clinton,436,13,0,42.94400871,-84.60145248,26037.0,547.7731013254602,2.9816513761467887,423,430,13,0,417,426,79332,6,0,0,6,4
2020-08-14,US,Michigan,Crawford,109,5,0,44.68255561,-84.61006219,26039.0,776.9620072706537,4.587155963302751,104,107,5,0,102,107,13901,2,0,0,2,0
2020-08-14,US,Michigan,Delta,113,3,0,45.90484910000001,-86.9080745,26041.0,315.78359043147776,2.6548672566371683,110,106,3,0,103,104,35857,7,0,0,7,2
2020-08-14,US,Michigan,Dickinson,59,2,0,46.00999672,-87.86961634,26043.0,233.76520464360715,3.3898305084745757,57,62,2,0,60,58,25383,-3,0,0,-3,4
2020-08-14,US,Michigan,Eaton,473,8,0,42.59599185,-84.83740035,26045.0,428.9549098559872,1.6913319238900637,465,465,8,0,457,461,109826,8,0,0,8,4
2020-08-14,US,Michigan,Emmet,74,2,0,45.52625509,-84.89083249,26047.0,221.4574292982193,2.702702702702702,72,67,2,0,65,65,33308,7,0,0,7,2
2020-08-14,US,Michigan,Federal Correctional Institution (FCI),195,5,0,0.0,0.0,0.0,0.0,2.5641025641025643,190,195,5,0,190,194,,0,0,0,0,1
2020-08-14,US,Michigan,Genesee,3733,298,0,43.02244215,-83.70589709,26049.0,919.8818174873649,7.9828556121082235,3435,3699,299,0,3400,3683,406892,34,-1,0,35,16
2020-08-14,US,Michigan,Gladwin,66,2,0,43.98901072,-84.38774817,26051.0,259.3422138394436,3.0303030303030303,64,62,2,0,60,59,25337,4,0,0,4,3
2020-08-14,US,Michigan,Gogebic,133,1,0,46.40862701,-89.69377193,26053.0,951.6994633273703,0.7518796992481203,132,130,1,0,129,125,15096,3,0,0,3,5
2020-08-14,US,Michigan,Grand Traverse,237,5,0,44.69565625,-85.55585247,26055.0,254.59779993124783,2.109704641350211,232,224,5,0,219,220,92573,13,0,0,13,4
2020-08-14,US,Michigan,Gratiot,165,15,0,43.29265605,-84.60505416,26057.0,405.2958659821669,9.090909090909092,150,161,15,0,146,157,40599,4,0,0,4,4
2020-08-14,US,Michigan,Hillsdale,282,25,0,41.88753639,-84.59312019,26059.0,618.3532507400504,8.865248226950357,257,281,25,0,256,278,45749,1,0,0,1,3
2020-08-14,US,Michigan,Houghton,53,0,0,46.89988536,-88.68495385,26061.0,148.52595000560476,0.0,53,51,0,0,51,50,36219,2,0,0,2,1
2020-08-14,US,Michigan,Huron,170,4,0,43.83353985,-83.04078453,26063.0,548.7234111229463,2.3529411764705883,166,165,4,0,161,161,31166,5,0,0,5,4
2020-08-14,US,Michigan,Ingham,1610,33,0,42.59716886,-84.37472069,26065.0,550.6042967654563,2.0496894409937894,1577,1588,32,0,1556,1570,292735,22,1,0,21,18
2020-08-14,US,Michigan,Ionia,278,7,0,42.94502238,-85.07413319,26067.0,429.6953490888295,2.5179856115107917,271,275,7,0,268,274,64210,3,0,0,3,1
2020-08-14,US,Michigan,Iosco,136,12,0,44.35486835,-83.63484895,26069.0,541.2504477255542,8.823529411764708,124,135,12,0,123,134,25081,1,0,0,1,1
2020-08-14,US,Michigan,Iron,21,1,0,46.20974132,-88.53136251,26071.0,189.77046810048802,4.761904761904762,20,20,1,0,19,20,11117,1,0,0,1,0
2020-08-14,US,Michigan,Isabella,224,9,0,43.64060976,-84.84664923,26073.0,320.5862147927639,4.017857142857143,215,222,9,0,213,210,70562,2,0,0,2,12
2020-08-14,US,Michigan,Jackson,737,35,0,42.24807035,-84.42258681,26075.0,464.95489243580846,4.7489823609226605,702,724,34,0,690,722,158823,13,1,0,12,2
2020-08-14,US,Michigan,Kalamazoo,1728,84,0,42.24542231,-85.53038622,26077.0,651.9131084333712,4.861111111111111,1644,1700,83,0,1617,1686,264870,28,1,0,27,14
2020-08-14,US,Michigan,Kalkaska,56,4,0,44.68512729,-85.09085699,26079.0,310.45570462357244,7.142857142857142,52,54,4,0,50,54,17824,2,0,0,2,0
2020-08-14,US,Michigan,Kent,7743,157,0,43.03197711,-85.54934642,26081.0,1178.6195401511518,2.0276378664600285,7586,7671,157,0,7514,7629,653786,72,0,0,72,42
2020-08-14,US,Michigan,Keweenaw,3,0,0,47.63197653,-88.41434263,26083.0,141.77693761814746,0.0,3,3,0,0,3,3,2113,0,0,0,0,0
2020-08-14,US,Michigan,Lake,28,0,0,43.99050893,-85.802173,26085.0,236.22711549818612,0.0,28,27,0,0,27,26,11881,1,0,0,1,1
2020-08-14,US,Michigan,Lapeer,491,33,0,43.09052506,-83.22153148,26087.0,560.4574976885409,6.720977596741344,458,482,33,0,449,472,88028,9,0,0,9,10
2020-08-14,US,Michigan,Leelanau,74,0,0,44.94430054,-85.80150326,26089.0,340.0579017508386,0.0,74,74,0,0,74,73,21764,0,0,0,0,1
2020-08-14,US,Michigan,Lenawee,470,12,0,41.89475156,-84.06603727,26091.0,477.39484616712883,2.5531914893617023,458,458,12,0,446,440,98266,12,0,0,12,18
2020-08-14,US,Michigan,Livingston,905,28,0,42.60302282,-83.91297209,26093.0,471.36644183442274,3.0939226519337018,877,869,28,0,841,850,191224,36,0,0,36,19
2020-08-14,US,Michigan,Luce,15,0,0,46.47227431,-85.54471223,26095.0,240.8091186386258,0.0,15,4,0,0,4,4,6283,11,0,0,11,0
2020-08-14,US,Michigan,Mackinac,27,0,0,46.07028979,-85.04980537,26097.0,250.0231502916937,0.0,27,26,0,0,26,26,10787,1,0,0,1,0
2020-08-14,US,Michigan,Macomb,11221,955,0,42.69158356,-82.92752801,26099.0,1283.9084089650466,8.510827911950807,10266,10953,949,0,10004,10794,874759,268,6,0,262,159
2020-08-14,US,Michigan,Manistee,42,1,0,44.33352407,-86.05626916,26101.0,171.02369899828975,2.380952380952381,41,40,0,0,40,40,24528,2,1,0,1,0
2020-08-14,US,Michigan,Marquette,194,11,0,46.4338914,-87.64043701,26103.0,290.85893341729263,5.6701030927835046,183,179,11,0,168,172,66516,15,0,0,15,7
2020-08-14,US,Michigan,Mason,104,0,0,43.99509218,-86.24988902,26105.0,356.84875102937133,0.0,104,103,0,0,103,103,29100,1,0,0,1,0
2020-08-14,US,Michigan,Mecosta,73,2,0,43.64064262,-85.32463223,26107.0,167.9976066094401,2.7397260273972597,71,70,2,0,68,69,43545,3,0,0,3,1
2020-08-14,US,Michigan,Menominee,176,0,0,45.58038692,-87.55370409,26109.0,772.6075504828798,0.0,176,153,0,0,153,150,22983,23,0,0,23,3
2020-08-14,US,Michigan,Michigan Department of Corrections (MDOC),4713,69,0,0.0,0.0,0.0,0.0,1.464035646085296,4644,4598,69,0,4529,4598,,115,0,0,115,0
2020-08-14,US,Michigan,Midland,357,10,0,43.64330771,-84.38804374,26111.0,429.31357929674346,2.8011204481792715,347,348,10,0,338,344,83209,9,0,0,9,4
2020-08-14,US,Michigan,Missaukee,42,1,0,44.33772443,-85.09256478,26113.0,277.81452573091684,2.380952380952381,41,42,1,0,41,41,15113,0,0,0,0,1
2020-08-14,US,Michigan,Monroe,1056,25,0,41.92734151,-83.53749864,26115.0,701.6611295681063,2.3674242424242418,1031,1032,25,0,1007,1016,150439,24,0,0,24,16
2020-08-14,US,Michigan,Montcalm,204,2,0,43.31082541,-85.15252824,26117.0,319.30879038317056,0.9803921568627452,202,199,2,0,197,193,63968,5,0,0,5,6
2020-08-14,US,Michigan,Montmorency,8,0,0,45.0275929,-84.12696227,26119.0,85.76329331046313,0.0,8,8,0,0,8,8,9265,0,0,0,0,0
2020-08-14,US,Michigan,Muskegon,1377,63,0,43.29123859,-86.15176712,26121.0,793.3581461807036,4.575163398692809,1314,1202,61,0,1141,1195,173588,175,2,0,173,7
2020-08-14,US,Michigan,Newaygo,264,0,0,43.554373999999996,-85.80070107,26123.0,538.9955083707637,0.0,264,258,0,0,258,254,48892,6,0,0,6,4
2020-08-14,US,Michigan,Oakland,16378,1140,0,42.66090111,-83.38595416,26125.0,1302.3384521431572,6.960556844547564,15238,16083,1136,0,14947,15876,1259201,295,4,0,291,207
2020-08-14,US,Michigan,Oceana,485,6,0,43.64124435,-86.26726673,26127.0,1832.4706237956696,1.2371134020618555,479,479,6,0,473,479,26625,6,0,0,6,0
2020-08-14,US,Michigan,Ogemaw,54,3,0,44.33481032,-84.12725175,26129.0,257.17959708529787,5.5555555555555545,51,54,3,0,51,54,20952,0,0,0,0,0
2020-08-14,US,Michigan,Ontonagon,23,0,0,46.665226200000006,-89.31390481,26131.0,402.0979020979021,0.0,23,20,0,0,20,18,5795,3,0,0,3,2
2020-08-14,US,Michigan,Osceola,71,0,0,43.98992088,-85.32566756,26133.0,302.64279624893436,0.0,71,71,0,0,71,71,23341,0,0,0,0,0
2020-08-14,US,Michigan,Oscoda,26,1,0,44.68192279,-84.12939244,26135.0,315.4956922703556,3.8461538461538463,25,24,1,0,23,24,8276,2,0,0,2,0
2020-08-14,US,Michigan,Otsego,136,11,0,45.02085831,-84.59898295,26137.0,551.3215501864763,8.088235294117647,125,135,11,0,124,135,24665,1,0,0,1,0
2020-08-14,US,Michigan,Ottawa,1910,59,0,42.95996803,-85.9969107,26139.0,654.4906281054039,3.089005235602094,1851,1873,59,0,1814,1856,290494,37,0,0,37,17
2020-08-14,US,Michigan,Out of MI,129,1,0,0.0,0.0,80026.0,0.0,0.7751937984496124,128,119,1,0,118,102,,10,0,0,10,17
2020-08-14,US,Michigan,Presque Isle,21,1,0,45.34018577,-83.91498656,26141.0,166.77255400254128,4.761904761904762,20,21,1,0,20,20,12738,0,0,0,0,1
2020-08-14,US,Michigan,Roscommon,57,2,0,44.33473082,-84.61067651,26143.0,237.31212789874684,3.5087719298245608,55,57,2,0,55,55,23884,0,0,0,0,2
2020-08-14,US,Michigan,Saginaw,2158,128,0,43.33433923,-84.05131209999998,26145.0,1132.57653288828,5.931417979610751,2030,2115,128,0,1987,2071,190800,43,0,0,43,44
2020-08-14,US,Michigan,Sanilac,113,6,0,43.42406072,-82.82055898,26151.0,274.471702696138,5.3097345132743365,107,111,6,0,105,109,41182,2,0,0,2,2
2020-08-14,US,Michigan,Schoolcraft,13,0,0,46.19235734,-86.19972234,26153.0,160.6127996046454,0.0,13,13,0,0,13,13,8068,0,0,0,0,0
2020-08-14,US,Michigan,Shiawassee,354,28,0,42.95392800000001,-84.14585902,26155.0,519.6559114529813,7.909604519774011,326,350,28,0,322,348,68192,4,0,0,4,2
2020-08-14,US,Michigan,St. Clair,841,53,0,42.92655373,-82.67937954,26147.0,528.5053541802826,6.302021403091557,788,837,53,0,784,829,159337,4,0,0,4,8
2020-08-14,US,Michigan,St. Joseph,622,10,0,41.91441767,-85.52797979,26149.0,1020.2742602191456,1.6077170418006432,612,608,10,0,598,603,61043,14,0,0,14,5
2020-08-14,US,Michigan,Tuscola,383,29,0,43.46606813,-83.41897025,26157.0,733.0845056943248,7.571801566579634,354,367,29,0,338,362,52516,16,0,0,16,5
2020-08-14,US,Michigan,Unassigned,7,1,0,0.0,0.0,90026.0,0.0,14.285714285714285,6,30,1,0,29,9,,-23,0,0,-23,21
2020-08-14,US,Michigan,Van Buren,497,13,0,42.25190229,-86.01939087,26159.0,656.7385070761262,2.6156941649899395,484,478,10,0,468,461,75448,19,3,0,16,17
2020-08-14,US,Michigan,Washtenaw,2665,114,0,42.253105,-83.83853204,26161.0,724.9708243448738,4.277673545966228,2551,2640,113,0,2527,2613,370963,25,1,0,24,27
2020-08-14,US,Michigan,Wayne,29062,2837,0,42.28098405,-83.281255,26163.0,1661.3094173069546,9.761888376574221,26225,28690,2833,0,25857,28391,1753893,372,4,0,368,299
2020-08-14,US,Michigan,Wexford,71,4,0,44.33853602,-85.57712739,26165.0,211.11474532425441,5.633802816901407,67,70,4,0,66,70,33466,1,0,0,1,0
2020-08-14,US,Minnesota,Aitkin,42,1,0,46.60962049,-93.41168259999999,27001.0,264.3837341055017,2.380952380952381,41,41,1,0,40,40,15902,1,0,0,1,1
2020-08-14,US,Minnesota,Anoka,3955,115,0,45.27476015,-93.24604565,27003.0,1108.0883444795907,2.9077117572692788,3840,3841,115,0,3726,3792,353813,114,0,0,114,49
2020-08-14,US,Minnesota,Becker,164,1,0,46.93479392,-95.67158144,27005.0,476.4256456439009,0.6097560975609756,163,162,1,0,161,161,34371,2,0,0,2,1
2020-08-14,US,Minnesota,Beltrami,269,0,0,47.97373527,-94.93732139,27007.0,570.0601847927439,0.0,269,264,0,0,264,249,46847,5,0,0,5,15
2020-08-14,US,Minnesota,Benton,331,3,0,45.69804958,-93.99514135,27009.0,809.5086698133972,0.9063444108761328,328,325,3,0,322,323,40545,6,0,0,6,2
2020-08-14,US,Minnesota,Big Stone,25,0,0,45.42712824,-96.41403739,27011.0,500.9016229212583,0.0,25,25,0,0,25,22,4989,0,0,0,0,3
2020-08-14,US,Minnesota,Blue Earth,977,6,0,44.03554215,-94.06699781,27013.0,1444.1340369237134,0.6141248720573184,971,946,5,0,941,941,67427,31,1,0,30,5
2020-08-14,US,Minnesota,Brown,96,2,0,44.24205652,-94.72562874,27015.0,383.8771593090211,2.083333333333333,94,92,2,0,90,89,25111,4,0,0,4,3
2020-08-14,US,Minnesota,Carlton,151,0,0,46.59180601,-92.67601019,27017.0,420.9528588553428,0.0,151,147,0,0,147,145,35837,4,0,0,4,2
2020-08-14,US,Minnesota,Carver,928,3,0,44.82017001,-93.80099179999999,27019.0,883.0610244649772,0.3232758620689655,925,899,3,0,896,890,103551,29,0,0,29,9
2020-08-14,US,Minnesota,Cass,79,3,0,46.95043611,-94.32603968,27021.0,265.287618791766,3.79746835443038,76,80,2,0,78,76,29519,-1,1,0,-2,4
2020-08-14,US,Minnesota,Chippewa,121,1,0,45.02343421,-95.56403693,27023.0,1025.4237288135594,0.8264462809917356,120,117,1,0,116,109,11924,4,0,0,4,8
2020-08-14,US,Minnesota,Chisago,212,1,0,45.5021011,-92.90861945,27025.0,374.6973258629527,0.4716981132075472,211,209,1,0,208,207,55922,3,0,0,3,2
2020-08-14,US,Minnesota,Clay,797,40,0,46.89289518,-96.48761922,27027.0,1241.0077543520913,5.018820577164368,757,794,40,0,754,792,63955,3,0,0,3,2
2020-08-14,US,Minnesota,Clearwater,14,0,0,47.57992111,-95.37790562,27029.0,158.76616012701294,0.0,14,14,0,0,14,14,8810,0,0,0,0,0
2020-08-14,US,Minnesota,Cook,6,0,0,47.90504893,-90.52629546,27031.0,109.82976386600771,0.0,6,5,0,0,5,5,5393,1,0,0,1,0
2020-08-14,US,Minnesota,Cottonwood,180,0,0,44.00715262,-95.18138802,27033.0,1607.717041800643,0.0,180,178,0,0,178,177,11277,2,0,0,2,1
2020-08-14,US,Minnesota,Crow Wing,268,14,0,46.48096553,-94.06755609,27035.0,411.95911152102076,5.223880597014926,254,252,14,0,238,246,64889,16,0,0,16,6
2020-08-14,US,Minnesota,Dakota,4740,106,0,44.67172617,-93.06299363,27037.0,1104.8410217681649,2.2362869198312234,4634,4610,106,0,4504,4558,425423,130,0,0,130,52
2020-08-14,US,Minnesota,Dodge,136,0,0,44.02238415,-92.86244324,27039.0,649.6608388267889,0.0,136,131,0,0,131,131,20822,5,0,0,5,0
2020-08-14,US,Minnesota,Douglas,147,1,0,45.93348491,-95.45335469,27041.0,385.4120238064026,0.6802721088435374,146,144,2,0,142,144,37964,3,-1,0,4,0
2020-08-14,US,Minnesota,Faribault,94,0,0,43.67381499,-93.94787458,27043.0,688.4933714202008,0.0,94,92,0,0,92,89,13758,2,0,0,2,3
2020-08-14,US,Minnesota,Fillmore,74,0,0,43.67394126,-92.08980382,27045.0,351.26026486922683,0.0,74,72,0,0,72,71,21058,2,0,0,2,1
2020-08-14,US,Minnesota,Freeborn,366,1,0,43.67385583,-93.34884422,27047.0,1208.6787094217495,0.27322404371584696,365,361,1,0,360,360,30444,5,0,0,5,1
2020-08-14,US,Minnesota,Goodhue,210,9,0,44.40849741,-92.72341949999999,27049.0,453.1722054380664,4.285714285714286,201,205,9,0,196,202,46403,5,0,0,5,3
2020-08-14,US,Minnesota,Grant,57,4,0,45.93424769,-96.01139609,27051.0,954.4541192230407,7.0175438596491215,53,56,3,0,53,56,6021,1,1,0,0,0
2020-08-14,US,Minnesota,Hennepin,20251,846,0,45.00761521,-93.47694895,27053.0,1599.8034511388853,4.177571477951706,19405,19873,842,0,19031,19677,1259428,378,4,0,374,196
2020-08-14,US,Minnesota,Houston,52,0,0,43.67129565,-91.49143057,27055.0,279.5698924731184,0.0,52,45,0,0,45,44,18578,7,0,0,7,1
2020-08-14,US,Minnesota,Hubbard,37,0,0,47.10778564,-94.91693868,27057.0,172.16509236424545,0.0,37,36,0,0,36,35,21332,1,0,0,1,1
2020-08-14,US,Minnesota,Isanti,146,0,0,45.56181234,-93.29487636,27059.0,359.64134397477585,0.0,146,137,0,0,137,131,39966,9,0,0,9,6
2020-08-14,US,Minnesota,Itasca,146,12,0,47.51009045,-93.63092229,27061.0,323.5098604032794,8.219178082191782,134,146,12,0,134,146,45108,0,0,0,0,0
2020-08-14,US,Minnesota,Jackson,82,0,0,43.67423373,-95.15398258,27063.0,832.8255128986391,0.0,82,79,0,0,79,79,9911,3,0,0,3,0
2020-08-14,US,Minnesota,Kanabec,40,3,0,45.9459309,-93.29275192,27065.0,244.84299442982189,7.5,37,37,2,0,35,37,16207,3,1,0,2,0
2020-08-14,US,Minnesota,Kandiyohi,728,1,0,45.1526059,-95.00586446,27067.0,1685.2241950045138,0.13736263736263735,727,714,1,0,713,705,42855,14,0,0,14,9
2020-08-14,US,Minnesota,Kittson,3,0,0,48.77754106,-96.78317184,27069.0,69.79990693345742,0.0,3,3,0,0,3,3,4248,0,0,0,0,0
2020-08-14,US,Minnesota,Koochiching,84,3,0,48.24539665,-93.78352843,27071.0,686.89181453921,3.571428571428572,81,83,3,0,80,80,12440,1,0,0,1,3
2020-08-14,US,Minnesota,Lac qui Parle,9,0,0,44.9973857,-96.17488219,27073.0,135.89008002415824,0.0,9,8,0,0,8,8,6658,1,0,0,1,0
2020-08-14,US,Minnesota,Lake,24,0,0,47.64270764,-91.44557998,27075.0,225.5427121511136,0.0,24,22,0,0,22,22,10658,2,0,0,2,0
2020-08-14,US,Minnesota,Lake of the Woods,7,0,0,48.77217001,-94.90274472,27077.0,187.16577540106945,0.0,7,4,0,0,4,4,3758,3,0,0,3,0
2020-08-14,US,Minnesota,Le Sueur,246,1,0,44.37136597,-93.72844721,27079.0,851.5941426939453,0.4065040650406504,245,230,1,0,229,230,28494,16,0,0,16,0
2020-08-14,US,Minnesota,Lincoln,61,0,0,44.41311883,-96.26688165,27081.0,1081.752083702784,0.0,61,61,0,0,61,59,5673,0,0,0,0,2
2020-08-14,US,Minnesota,Lyon,429,3,0,44.41327865,-95.83806103,27083.0,1684.0700321896836,0.6993006993006993,426,426,3,0,423,425,25629,3,0,0,3,1
2020-08-14,US,Minnesota,Mahnomen,28,1,0,47.32557075,-95.80921485,27087.0,506.6039442735661,3.571428571428572,27,27,1,0,26,27,5519,1,0,0,1,0
2020-08-14,US,Minnesota,Marshall,30,0,0,48.35825983,-96.37017407,27089.0,321.3367609254499,0.0,30,29,0,0,29,29,9390,1,0,0,1,0
2020-08-14,US,Minnesota,Martin,211,6,0,43.67429718,-94.55099908,27091.0,1071.9910582736372,2.8436018957345968,205,210,5,0,205,209,19785,1,1,0,0,1
2020-08-14,US,Minnesota,McLeod,249,0,0,44.82367677,-94.27287017,27085.0,693.7285821747972,0.0,249,224,0,0,224,208,35873,25,0,0,25,16
2020-08-14,US,Minnesota,Meeker,88,2,0,45.12328869,-94.52839455,27093.0,378.9509947463612,2.272727272727273,86,87,2,0,85,87,23141,1,0,0,1,0
2020-08-14,US,Minnesota,Mille Lacs,74,3,0,45.93705297,-93.63236823,27095.0,281.6151006583705,4.0540540540540535,71,73,3,0,70,72,26139,1,0,0,1,1
2020-08-14,US,Minnesota,Morrison,97,1,0,46.01265363,-94.27341528,27097.0,290.54094530641584,1.0309278350515465,96,94,1,0,93,93,33169,3,0,0,3,1
2020-08-14,US,Minnesota,Mower,1125,2,0,43.67142874,-92.75234549,27099.0,2808.1473715740613,0.17777777777777778,1123,1111,2,0,1109,1107,40011,14,0,0,14,4
2020-08-14,US,Minnesota,Murray,127,1,0,44.02216709,-95.76328482,27101.0,1549.9145716377834,0.7874015748031497,126,125,1,0,124,124,8276,2,0,0,2,1
2020-08-14,US,Minnesota,Nicollet,371,13,0,44.35291112,-94.24710352,27103.0,1082.4531715002627,3.5040431266846364,358,356,13,0,343,351,34220,15,0,0,15,5
2020-08-14,US,Minnesota,Nobles,1783,9,0,43.67434621,-95.75329576,27105.0,8243.561884506911,0.5047672462142456,1774,1777,7,0,1770,1773,21924,6,2,0,4,4
2020-08-14,US,Minnesota,Norman,40,0,0,47.32628443,-96.45620947,27107.0,627.4509803921569,0.0,40,40,0,0,40,40,6475,0,0,0,0,0
2020-08-14,US,Minnesota,Olmsted,1825,23,0,44.00374114,-92.40209944,27109.0,1152.9252714902111,1.2602739726027397,1802,1791,23,0,1768,1781,156277,34,0,0,34,10
2020-08-14,US,Minnesota,Otter Tail,211,4,0,46.40846929,-95.70835255,27111.0,359.1733905287168,1.895734597156398,207,204,4,0,200,198,58812,7,0,0,7,6
2020-08-14,US,Minnesota,Pennington,75,1,0,48.06642577,-96.0370814,27113.0,531.1990934202139,1.3333333333333333,74,75,1,0,74,75,14178,0,0,0,0,0
2020-08-14,US,Minnesota,Pine,132,0,0,46.12105238,-92.74070188,27115.0,446.26255113425066,0.0,132,129,0,0,129,129,29483,3,0,0,3,0
2020-08-14,US,Minnesota,Pipestone,161,9,0,44.02301619,-96.25841142,27117.0,1764.1902257286872,5.590062111801243,152,158,9,0,149,158,9047,3,0,0,3,0
2020-08-14,US,Minnesota,Polk,160,4,0,47.77372465,-96.40134647,27119.0,510.1390128810102,2.5,156,156,4,0,152,156,31529,4,0,0,4,0
2020-08-14,US,Minnesota,Pope,48,0,0,45.58606667,-95.44451209,27121.0,426.7045959640857,0.0,48,48,0,0,48,48,11097,0,0,0,0,0
2020-08-14,US,Minnesota,Ramsey,7969,272,0,45.01625271,-93.09872295,27123.0,1448.0639481320902,3.413226251725436,7697,7827,270,0,7557,7775,550210,142,2,0,140,52
2020-08-14,US,Minnesota,Red Lake,24,0,0,47.87197525,-96.09561104,27125.0,591.8618988902589,0.0,24,24,0,0,24,24,3999,0,0,0,0,0
2020-08-14,US,Minnesota,Redwood,37,0,0,44.40555844,-95.25207021,27127.0,243.90243902439025,0.0,37,37,0,0,37,36,15249,0,0,0,0,1
2020-08-14,US,Minnesota,Renville,68,5,0,44.72836381,-94.94553734,27129.0,467.41820181468245,7.352941176470589,63,67,5,0,62,67,14612,1,0,0,1,0
2020-08-14,US,Minnesota,Rice,1055,8,0,44.3543376,-93.29658715,27131.0,1575.2851938123395,0.7582938388625592,1047,1046,8,0,1038,1042,66523,9,0,0,9,4
2020-08-14,US,Minnesota,Rock,90,0,0,43.67482683,-96.25296832,27133.0,966.1835748792273,0.0,90,86,0,0,86,85,9414,4,0,0,4,1
2020-08-14,US,Minnesota,Roseau,54,0,0,48.77501878,-95.81079919,27135.0,356.0830860534125,0.0,54,53,0,0,53,53,15150,1,0,0,1,0
2020-08-14,US,Minnesota,Scott,1695,22,0,44.6490231,-93.53340251,27139.0,1137.4846489903564,1.297935103244838,1673,1634,22,0,1612,1608,147381,61,0,0,61,26
2020-08-14,US,Minnesota,Sherburne,769,10,0,45.44447208,-93.77617511,27141.0,790.8430860363233,1.3003901170351104,759,753,10,0,743,737,96036,16,0,0,16,16
2020-08-14,US,Minnesota,Sibley,88,2,0,44.5796592,-94.23164924,27143.0,591.9946182307434,2.272727272727273,86,86,2,0,84,84,15028,2,0,0,2,2
2020-08-14,US,Minnesota,St. Louis,650,20,0,47.604840700000004,-92.46879855,27137.0,326.51831014216106,3.0769230769230766,630,621,20,0,601,600,199754,29,0,0,29,21
2020-08-14,US,Minnesota,Stearns,2950,20,0,45.55192576,-94.61078221,27145.0,1831.4449790470278,0.6779661016949152,2930,2928,20,0,2908,2913,159256,22,0,0,22,15
2020-08-14,US,Minnesota,Steele,365,2,0,44.02240351,-93.22627088,27147.0,995.9344047586563,0.547945205479452,363,356,2,0,354,351,36803,9,0,0,9,5
2020-08-14,US,Minnesota,Stevens,22,0,0,45.58613007,-96.00163705,27149.0,224.37531871494136,0.0,22,18,0,0,18,18,9753,4,0,0,4,0
2020-08-14,US,Minnesota,Swift,57,1,0,45.2829032,-95.68264092,27151.0,615.1521692208073,1.7543859649122806,56,56,1,0,55,55,9345,1,0,0,1,1
2020-08-14,US,Minnesota,Todd,432,2,0,46.06996226,-94.89785296,27153.0,1751.5407071034704,0.462962962962963,430,430,2,0,428,429,24582,2,0,0,2,1
2020-08-14,US,Minnesota,Traverse,16,0,0,45.77298854,-96.47062949,27155.0,490.948143602332,0.0,16,13,0,0,13,11,3308,3,0,0,3,2
2020-08-14,US,Minnesota,Unassigned,146,6,0,0.0,0.0,90027.0,0.0,4.109589041095891,140,135,46,0,89,133,,11,-40,0,51,2
2020-08-14,US,Minnesota,Wabasha,99,0,0,44.28424356,-92.23121312,27157.0,457.7611319184353,0.0,99,93,0,0,93,92,21645,6,0,0,6,1
2020-08-14,US,Minnesota,Wadena,29,0,0,46.58589171,-94.96968506,27159.0,211.95731618184482,0.0,29,28,0,0,28,27,13773,1,0,0,1,1
2020-08-14,US,Minnesota,Waseca,166,1,0,44.02211116,-93.58720034,27161.0,891.8977004083388,0.6024096385542169,165,156,1,0,155,149,18691,10,0,0,10,7
2020-08-14,US,Minnesota,Washington,2300,48,0,45.03864533,-92.88429635,27163.0,876.3907940862672,2.0869565217391304,2252,2227,48,0,2179,2192,259201,73,0,0,73,35
2020-08-14,US,Minnesota,Watonwan,390,2,0,43.97823903,-94.61413846,27165.0,3578.966688079288,0.5128205128205128,388,367,1,0,366,328,10980,23,1,0,22,39
2020-08-14,US,Minnesota,Wilkin,38,3,0,46.35721532,-96.4684375,27167.0,612.2120186885774,7.894736842105262,35,35,3,0,32,35,6254,3,0,0,3,0
2020-08-14,US,Minnesota,Winona,274,17,0,43.98772283,-91.78081305,27169.0,542.7462166230886,6.204379562043796,257,266,16,0,250,265,50825,8,1,0,7,1
2020-08-14,US,Minnesota,Wright,957,5,0,45.17297924,-93.96234781,27171.0,691.5889201240091,0.522466039707419,952,918,5,0,913,903,136349,39,0,0,39,15
2020-08-14,US,Minnesota,Yellow Medicine,54,0,0,44.71710183,-95.86842453,27173.0,556.1849830054589,0.0,54,53,0,0,53,52,9795,1,0,0,1,1
2020-08-14,US,Mississippi,Adams,664,28,0,31.47669768,-91.35326037,28001.0,2163.359723715505,4.216867469879518,636,647,26,0,621,642,31192,17,2,0,15,5
2020-08-14,US,Mississippi,Alcorn,451,5,0,34.88084463,-88.57996173,28003.0,1220.4692447162613,1.1086474501108647,446,445,5,0,440,439,36925,6,0,0,6,6
2020-08-14,US,Mississippi,Amite,246,6,0,31.17467303,-90.80501621,28005.0,2000.487923883874,2.4390243902439024,240,242,6,0,236,240,12326,4,0,0,4,2
2020-08-14,US,Mississippi,Attala,549,25,0,33.08658803,-89.57838564,28007.0,3020.7989435457253,4.553734061930784,524,539,25,0,514,533,18365,10,0,0,10,6
2020-08-14,US,Mississippi,Benton,165,1,0,34.81681228,-89.18945516,28009.0,1997.8205593897567,0.6060606060606061,164,157,1,0,156,154,8271,8,0,0,8,3
2020-08-14,US,Mississippi,Bolivar,1219,40,0,33.79696941,-90.87372121,28011.0,3980.018283923208,3.2813781788351113,1179,1167,37,0,1130,1156,31333,52,3,0,49,11
2020-08-14,US,Mississippi,Calhoun,433,9,0,33.93683395,-89.33686647,28013.0,3015.110368358749,2.07852193995381,424,428,9,0,419,426,14436,5,0,0,5,2
2020-08-14,US,Mississippi,Carroll,265,11,0,33.44834567,-89.91994479,28015.0,2664.119835126169,4.150943396226415,254,263,11,0,252,262,9911,2,0,0,2,1
2020-08-14,US,Mississippi,Chickasaw,508,19,0,33.91983202,-88.9481545,28017.0,2970.239139332281,3.7401574803149606,489,491,19,0,472,488,17171,17,0,0,17,3
2020-08-14,US,Mississippi,Choctaw,141,4,0,33.34598242,-89.24809382,28019.0,1717.4177831912302,2.8368794326241136,137,138,4,0,134,138,8278,3,0,0,3,0
2020-08-14,US,Mississippi,Claiborne,414,14,0,31.97061673,-90.90702196,28021.0,4606.141522029373,3.3816425120772946,400,410,14,0,396,409,9002,4,0,0,4,1
2020-08-14,US,Mississippi,Clarke,368,28,0,32.04158545,-88.68896219999998,28023.0,2367.92999163503,7.608695652173912,340,355,28,0,327,343,15604,13,0,0,13,12
2020-08-14,US,Mississippi,Clay,417,14,0,33.65358105,-88.77784255,28025.0,2158.8320563263615,3.357314148681055,403,406,14,0,392,404,19386,11,0,0,11,2
2020-08-14,US,Mississippi,Coahoma,812,13,0,34.22772299,-90.60415045,28027.0,3670.222382932562,1.6009852216748768,799,798,13,0,785,789,22628,14,0,0,14,9
2020-08-14,US,Mississippi,Copiah,986,30,0,31.86977774,-90.44565118,28029.0,3513.2727596650634,3.042596348884381,956,973,29,0,944,971,28543,13,1,0,12,2
2020-08-14,US,Mississippi,Covington,656,16,0,31.63225413,-89.55389939,28031.0,3520.0686842670093,2.4390243902439024,640,641,15,0,626,637,18853,15,1,0,14,4
2020-08-14,US,Mississippi,DeSoto,3888,34,0,34.87625235,-89.99091418,28033.0,2102.246613858174,0.8744855967078189,3854,3796,32,0,3764,3753,182001,92,2,0,90,43
2020-08-14,US,Mississippi,Forrest,1905,57,0,31.18961454,-89.25832496,28035.0,2543.493063807629,2.9921259842519685,1848,1865,57,0,1808,1858,75036,40,0,0,40,7
2020-08-14,US,Mississippi,Franklin,150,2,0,31.47786634,-90.89672989,28037.0,1944.7685725398678,1.3333333333333333,148,137,2,0,135,135,7788,13,0,0,13,2
2020-08-14,US,Mississippi,George,637,9,0,30.86259065,-88.64436789,28039.0,2600.0,1.41287284144427,628,605,9,0,596,603,24250,32,0,0,32,2
2020-08-14,US,Mississippi,Greene,275,13,0,31.21444233,-88.63922281,28041.0,2024.1424996319736,4.727272727272728,262,262,13,0,249,262,13586,13,0,0,13,0
2020-08-14,US,Mississippi,Grenada,866,27,0,33.77036166,-89.80245083,28043.0,4171.88553810579,3.117782909930716,839,861,26,0,835,856,21055,5,1,0,4,5
2020-08-14,US,Mississippi,Hancock,422,15,0,30.41830223,-89.48851033,28045.0,885.9590191467921,3.5545023696682465,407,414,15,0,399,409,47334,8,0,0,8,5
2020-08-14,US,Mississippi,Harrison,2755,37,0,30.51359752,-89.12467576,28047.0,1324.0099961553246,1.3430127041742286,2718,2663,36,0,2627,2651,206650,92,1,0,91,12
2020-08-14,US,Mississippi,Hinds,5878,128,0,32.2656285,-90.44435448,28049.0,2535.369220151829,2.1776114324600204,5750,5803,124,0,5679,5768,237085,75,4,0,71,35
2020-08-14,US,Mississippi,Holmes,945,50,0,33.12345854,-90.08923538,28051.0,5555.555555555556,5.291005291005291,895,928,49,0,879,923,17622,17,1,0,16,5
2020-08-14,US,Mississippi,Humphreys,310,12,0,33.12825718,-90.52252707,28053.0,3844.2460317460323,3.870967741935484,298,303,12,0,291,299,8257,7,0,0,7,4
2020-08-14,US,Mississippi,Issaquena,27,2,0,32.72531359,-90.97392828,28055.0,2034.6646571213266,7.407407407407407,25,27,2,0,25,27,1308,0,0,0,0,0
2020-08-14,US,Mississippi,Itawamba,422,10,0,34.27993475,-88.3606733,28057.0,1804.1898247114152,2.3696682464454977,412,404,10,0,394,395,23517,18,0,0,18,9
2020-08-14,US,Mississippi,Jackson,2449,47,0,30.54020656,-88.64184064,28059.0,1705.2298822562784,1.9191506737443853,2402,2411,47,0,2364,2391,143277,38,0,0,38,20
2020-08-14,US,Mississippi,Jasper,424,11,0,32.01922104,-89.11786866,28061.0,2588.048586949887,2.5943396226415096,413,412,9,0,403,408,16428,12,2,0,10,4
2020-08-14,US,Mississippi,Jefferson,198,8,0,31.73397872,-91.03764977,28063.0,2832.618025751073,4.040404040404041,190,197,7,0,190,196,7106,1,1,0,0,1
2020-08-14,US,Mississippi,Jefferson Davis,253,6,0,31.56884708,-89.82670990000004,28065.0,2273.544212796549,2.3715415019762847,247,243,6,0,237,240,11234,10,0,0,10,3
2020-08-14,US,Mississippi,Jones,1978,64,0,31.62257767,-89.16896899999998,28067.0,2904.637434285882,3.2355915065722947,1914,1945,62,0,1883,1947,68461,33,2,0,31,-2
2020-08-14,US,Mississippi,Kemper,248,14,0,32.75462946,-88.64105766,28069.0,2545.678505440361,5.645161290322582,234,241,14,0,227,240,10027,7,0,0,7,1
2020-08-14,US,Mississippi,Lafayette,1062,21,0,34.35687874,-89.48490961,28071.0,1965.9749347451825,1.9774011299435028,1041,1025,20,0,1005,1018,54793,37,1,0,36,7
2020-08-14,US,Mississippi,Lamar,1284,19,0,31.20572971,-89.5077704,28073.0,2027.059027832594,1.4797507788161994,1265,1246,16,0,1230,1241,62447,38,3,0,35,5
2020-08-14,US,Mississippi,Lauderdale,1488,98,0,32.40419769,-88.66229662,28075.0,2007.4198988195608,6.586021505376344,1390,1458,94,0,1364,1439,75317,30,4,0,26,19
2020-08-14,US,Mississippi,Lawrence,341,8,0,31.55147224,-90.10841127,28077.0,2709.35960591133,2.3460410557184748,333,332,8,0,324,329,12455,9,0,0,9,3
2020-08-14,US,Mississippi,Leake,811,27,0,32.7536828,-89.52402044,28079.0,3559.203019397876,3.3292231812577064,784,804,27,0,777,799,22763,7,0,0,7,5
2020-08-14,US,Mississippi,Lee,1700,43,0,34.291877500000005,-88.68149954,28081.0,1989.7935296596286,2.5294117647058822,1657,1610,42,0,1568,1563,85202,90,1,0,89,47
2020-08-14,US,Mississippi,Leflore,976,70,0,33.55545125,-90.29900733,28083.0,3463.080580491786,7.172131147540983,906,963,68,0,895,959,28919,13,2,0,11,4
2020-08-14,US,Mississippi,Lincoln,871,44,0,31.53288662,-90.45391915,28085.0,2550.288408046145,5.051664753157291,827,849,43,0,806,846,34205,22,1,0,21,3
2020-08-14,US,Mississippi,Lowndes,1136,42,0,33.47386518,-88.44191529999998,28087.0,1938.7319737178934,3.6971830985915495,1094,1114,40,0,1074,1102,58930,22,2,0,20,12
2020-08-14,US,Mississippi,Madison,2538,74,0,32.63389156,-90.03513564,28089.0,2388.211382113821,2.9156816390858946,2464,2503,72,0,2431,2489,105630,35,2,0,33,14
2020-08-14,US,Mississippi,Marion,707,21,0,31.23132643,-89.8209217,28091.0,2877.1415781548853,2.9702970297029703,686,692,21,0,671,689,24715,15,0,0,15,3
2020-08-14,US,Mississippi,Marshall,766,10,0,34.76216286,-89.50299462,28093.0,2170.3405678018926,1.3054830287206267,756,740,10,0,730,729,35451,26,0,0,26,11
2020-08-14,US,Mississippi,Monroe,868,55,0,33.89236763,-88.4808438,28095.0,2462.271644162033,6.336405529953918,813,839,55,0,784,831,35564,29,0,0,29,8
2020-08-14,US,Mississippi,Montgomery,365,10,0,33.49419589,-89.61729103,28097.0,3734.0153452685413,2.7397260273972597,355,346,7,0,339,345,10023,19,3,0,16,1
2020-08-14,US,Mississippi,Neshoba,1328,96,0,32.75339664,-89.11726492,28099.0,4560.752798955972,7.2289156626506035,1232,1309,94,0,1215,1306,29125,19,2,0,17,3
2020-08-14,US,Mississippi,Newton,587,12,0,32.40021118,-89.11843336,28101.0,2792.8442287563043,2.044293015332197,575,567,11,0,556,555,21443,20,1,0,19,12
2020-08-14,US,Mississippi,Noxubee,482,12,0,33.11009499,-88.56949061,28103.0,4627.051934338101,2.489626556016597,470,466,12,0,454,463,10535,16,0,0,16,3
2020-08-14,US,Mississippi,Oktibbeha,1171,41,0,33.42491685,-88.87905132,28105.0,2361.506039889487,3.5012809564474807,1130,1145,39,0,1106,1136,49599,26,2,0,24,9
2020-08-14,US,Mississippi,Panola,1139,18,0,34.36398677,-89.95064249,28107.0,3331.188582124473,1.5803336259877083,1121,1096,18,0,1078,1091,34178,43,0,0,43,5
2020-08-14,US,Mississippi,Pearl River,596,41,0,30.77090935,-89.58677275,28109.0,1073.1970829206807,6.879194630872482,555,571,40,0,531,567,55387,25,1,0,24,4
2020-08-14,US,Mississippi,Perry,256,8,0,31.17161885,-88.99281835,28111.0,2138.144157688132,3.125,248,249,8,0,241,248,11931,7,0,0,7,1
2020-08-14,US,Mississippi,Pike,977,38,0,31.17507789,-90.40392572,28113.0,2486.7644064345345,3.8894575230296833,939,960,37,0,923,951,39563,17,1,0,16,9
2020-08-14,US,Mississippi,Pontotoc,884,9,0,34.226046000000004,-89.03636807,28115.0,2747.5601417293465,1.0180995475113122,875,866,9,0,857,857,31833,18,0,0,18,9
2020-08-14,US,Mississippi,Prentiss,497,11,0,34.61810501,-88.51986294,28117.0,1978.030725145268,2.2132796780684103,486,462,10,0,452,441,25315,35,1,0,34,21
2020-08-14,US,Mississippi,Quitman,278,1,0,34.25157572,-90.28908,28119.0,4093.050647820967,0.3597122302158273,277,275,1,0,274,275,7051,3,0,0,3,0
2020-08-14,US,Mississippi,Rankin,2411,41,0,32.26469147,-89.94537876,28121.0,1552.7690296320627,1.7005391953546247,2370,2337,38,0,2299,2322,153902,74,3,0,71,15
2020-08-14,US,Mississippi,Scott,1029,21,0,32.406704100000006,-89.53789439,28123.0,3658.7967572180346,2.0408163265306123,1008,1017,20,0,997,1017,28287,12,1,0,11,0
2020-08-14,US,Mississippi,Sharkey,215,7,0,32.88149103,-90.81595379999999,28125.0,4975.700069428372,3.255813953488372,208,209,7,0,202,206,4377,6,0,0,6,3
2020-08-14,US,Mississippi,Simpson,852,36,0,31.91282117,-89.91716179,28127.0,3196.0387125815887,4.225352112676056,816,822,31,0,791,821,26758,30,5,0,25,1
2020-08-14,US,Mississippi,Smith,421,13,0,32.01744532,-89.50644846,28129.0,2645.1369690877104,3.0878859857482186,408,415,13,0,402,412,16002,6,0,0,6,3
2020-08-14,US,Mississippi,Stone,249,6,0,30.79187949,-89.11547539,28131.0,1357.9842931937171,2.409638554216868,243,225,6,0,219,224,18717,24,0,0,24,1
2020-08-14,US,Mississippi,Sunflower,1106,29,0,33.60192578,-90.58882684,28133.0,4404.619673436878,2.6220614828209765,1077,1086,28,0,1058,1071,25735,20,1,0,19,15
2020-08-14,US,Mississippi,Tallahatchie,565,11,0,33.95339918,-90.1729398,28135.0,4091.534506481281,1.9469026548672568,554,550,11,0,539,547,13987,15,0,0,15,3
2020-08-14,US,Mississippi,Tate,768,30,0,34.65133709,-89.94485778,28137.0,2711.7686522368563,3.90625,738,753,30,0,723,746,28759,15,0,0,15,7
2020-08-14,US,Mississippi,Tippah,434,14,0,34.76872156,-88.90988194,28139.0,1971.3831478537359,3.2258064516129035,420,411,14,0,397,388,21995,23,0,0,23,23
2020-08-14,US,Mississippi,Tishomingo,467,12,0,34.74023475,-88.23917219,28141.0,2409.327761440437,2.569593147751606,455,453,9,0,444,444,19454,14,3,0,11,9
2020-08-14,US,Mississippi,Tunica,375,8,0,34.64967704,-90.37481167,28143.0,3893.2724252491694,2.1333333333333333,367,367,7,0,360,365,9944,8,1,0,7,2
2020-08-14,US,Mississippi,Union,761,19,0,34.49162015,-89.00776006,28145.0,2640.985597778935,2.4967148488830486,742,732,17,0,715,700,28606,29,2,0,27,32
2020-08-14,US,Mississippi,Walthall,525,22,0,31.14971548,-90.10446654,28147.0,3674.9265014699695,4.190476190476192,503,519,22,0,497,511,14465,6,0,0,6,8
2020-08-14,US,Mississippi,Warren,1173,37,0,32.35810271,-90.83352619,28149.0,2584.782177563297,3.1543052003410064,1136,1151,36,0,1115,1137,46176,22,1,0,21,14
2020-08-14,US,Mississippi,Washington,1811,46,0,33.28392041,-90.94196237,28151.0,4124.439181033501,2.5400331308669237,1765,1739,45,0,1694,1722,45063,72,1,0,71,17
2020-08-14,US,Mississippi,Wayne,808,21,0,31.64135687,-88.69573913,28153.0,4003.369172075509,2.599009900990099,787,790,21,0,769,789,20298,18,0,0,18,1
2020-08-14,US,Mississippi,Webster,257,13,0,33.61300486,-89.28392912,28155.0,2652.4925172876456,5.058365758754863,244,250,13,0,237,248,9788,7,0,0,7,2
2020-08-14,US,Mississippi,Wilkinson,233,14,0,31.16078225,-91.31018819,28157.0,2699.8841251448434,6.008583690987124,219,227,14,0,213,220,8792,6,0,0,6,7
2020-08-14,US,Mississippi,Winston,652,18,0,33.08747908,-89.03391385,28159.0,3631.300473405737,2.7607361963190185,634,637,16,0,621,635,18165,15,2,0,13,2
2020-08-14,US,Mississippi,Yalobusha,324,10,0,34.02824175,-89.70762049999998,28161.0,2675.91674925669,3.08641975308642,314,318,10,0,308,318,12392,6,0,0,6,0
2020-08-14,US,Mississippi,Yazoo,887,14,0,32.77890365,-90.39656148,28163.0,2987.5378915459746,1.5783540022547915,873,874,13,0,861,870,28248,13,1,0,12,4
2020-08-14,US,Missouri,Adair,178,0,0,40.19058551,-92.60078167,29001.0,702.3635717949727,0.0,178,178,0,0,178,174,25339,0,0,0,0,4
2020-08-14,US,Missouri,Andrew,96,1,0,39.98492163,-94.80163024,29003.0,542.0054200542005,1.0416666666666667,95,94,1,0,93,89,17607,2,0,0,2,5
2020-08-14,US,Missouri,Atchison,20,0,0,40.43238737,-95.42970639,29005.0,388.8780867198133,0.0,20,19,0,0,19,18,5171,1,0,0,1,1
2020-08-14,US,Missouri,Audrain,220,1,0,39.215877,-91.84242683,29007.0,866.5511265164647,0.4545454545454545,219,210,1,0,209,207,25473,10,0,0,10,3
2020-08-14,US,Missouri,Barry,283,4,0,36.70978521,-93.82919888,29009.0,790.7457598703512,1.413427561837456,279,273,4,0,269,266,35886,10,0,0,10,7
2020-08-14,US,Missouri,Barton,71,0,0,37.50207671,-94.34757022,29011.0,604.0496852135442,0.0,71,71,0,0,71,70,11798,0,0,0,0,1
2020-08-14,US,Missouri,Bates,54,1,0,38.25271289,-94.34113157,29013.0,333.91046252782587,1.851851851851852,53,52,1,0,51,51,16320,2,0,0,2,1
2020-08-14,US,Missouri,Benton,117,2,0,38.29503305,-93.28756116,29015.0,601.7589878105232,1.709401709401709,115,112,1,0,111,113,19278,5,1,0,4,-1
2020-08-14,US,Missouri,Bollinger,81,1,0,37.32449052,-90.02725304,29017.0,667.6007582625897,1.2345679012345678,80,77,1,0,76,75,12169,4,0,0,4,2
2020-08-14,US,Missouri,Boone,1534,3,0,38.99186229,-92.30723575,29019.0,850.0357413985138,0.19556714471968709,1531,1500,3,0,1497,1457,180005,34,0,0,34,43
2020-08-14,US,Missouri,Buchanan,1123,10,0,39.65816401,-94.80138942,29021.0,1285.4264914610135,0.8904719501335708,1113,1112,10,0,1102,1106,88571,11,0,0,11,6
2020-08-14,US,Missouri,Butler,311,2,0,36.71462476,-90.40421163,29023.0,732.1436979142143,0.6430868167202572,309,297,2,0,295,289,42639,14,0,0,14,8
2020-08-14,US,Missouri,Caldwell,36,1,0,39.65620858,-93.98308093,29025.0,399.1130820399113,2.7777777777777777,35,36,1,0,35,36,9108,0,0,0,0,0
2020-08-14,US,Missouri,Callaway,179,1,0,38.83674754,-91.92186505,29027.0,400.0625796213933,0.5586592178770949,178,168,1,0,167,163,44889,11,0,0,11,5
2020-08-14,US,Missouri,Camden,398,7,0,38.02199522,-92.76083747,29029.0,859.5184105388188,1.7587939698492463,391,382,7,0,375,370,45815,16,0,0,16,12
2020-08-14,US,Missouri,Cape Girardeau,735,5,0,37.38489388,-89.6843587,29031.0,931.9014593450064,0.6802721088435374,730,705,5,0,700,689,78753,30,0,0,30,16
2020-08-14,US,Missouri,Carroll,102,0,0,39.42762566,-93.50626255,29033.0,1175.2506049083995,0.0,102,102,0,0,102,102,8743,0,0,0,0,0
2020-08-14,US,Missouri,Carter,22,1,0,36.94160441,-90.96051322,29035.0,367.76997659645605,4.545454545454546,21,21,1,0,20,21,6054,1,0,0,1,0
2020-08-14,US,Missouri,Cass,857,9,0,38.64789422,-94.353399,29037.0,810.1720552089242,1.0501750291715286,848,811,9,0,802,785,104954,46,0,0,46,26
2020-08-14,US,Missouri,Cedar,44,0,0,37.72391475,-93.85445441,29039.0,306.64157781030036,0.0,44,41,0,0,41,41,14165,3,0,0,3,0
2020-08-14,US,Missouri,Chariton,21,0,0,39.51499357,-92.9629191,29041.0,282.79019660651767,0.0,21,20,0,0,20,19,7451,1,0,0,1,1
2020-08-14,US,Missouri,Christian,424,1,0,36.9711783,-93.18537118,29043.0,478.5823127716011,0.2358490566037736,423,403,1,0,402,392,86983,21,0,0,21,11
2020-08-14,US,Missouri,Clark,28,0,0,40.41040752,-91.73661677,29045.0,411.94644696189494,0.0,28,24,0,0,24,23,6842,4,0,0,4,1
2020-08-14,US,Missouri,Clay,1133,30,0,39.31132056,-94.41850862,29047.0,453.294285211324,2.64783759929391,1103,1098,22,0,1076,1087,246365,35,8,0,27,11
2020-08-14,US,Missouri,Clinton,95,0,0,39.6013098,-94.40465394,29049.0,465.9832246039143,0.0,95,88,0,0,88,90,20470,7,0,0,7,-2
2020-08-14,US,Missouri,Cole,527,3,0,38.50455671,-92.27860244,29051.0,686.6896866245359,0.5692599620493358,524,477,3,0,474,460,76796,50,0,0,50,17
2020-08-14,US,Missouri,Cooper,158,0,0,38.844478,-92.80896081,29053.0,892.2017053475633,0.0,158,148,0,0,148,140,17603,10,0,0,10,8
2020-08-14,US,Missouri,Crawford,102,0,0,37.97663738,-91.30528104,29055.0,426.42140468227433,0.0,102,90,0,0,90,83,23957,12,0,0,12,7
2020-08-14,US,Missouri,Dade,17,0,0,37.431814,-93.8503345,29057.0,224.83798439359882,0.0,17,17,0,0,17,15,7569,0,0,0,0,2
2020-08-14,US,Missouri,Dallas,75,1,0,37.681135499999996,-93.02127031,29059.0,444.3654461429078,1.3333333333333333,74,72,1,0,71,68,16762,3,0,0,3,4
2020-08-14,US,Missouri,Daviess,19,0,0,39.96145298,-93.98519678,29061.0,229.52403962309742,0.0,19,18,0,0,18,18,8313,1,0,0,1,0
2020-08-14,US,Missouri,DeKalb,41,1,0,39.89201062,-94.40476508,29063.0,326.77133976249297,2.4390243902439024,40,38,1,0,37,38,12630,3,0,0,3,0
2020-08-14,US,Missouri,Dent,20,0,0,37.60663134,-91.50790473,29065.0,128.42740640852762,0.0,20,16,0,0,16,15,15441,4,0,0,4,1
2020-08-14,US,Missouri,Douglas,92,2,0,36.9325593,-92.49905109,29067.0,697.7626090254075,2.1739130434782608,90,89,2,0,87,89,13373,3,0,0,3,0
2020-08-14,US,Missouri,Dunklin,378,4,0,36.27167174,-90.09122243,29069.0,1297.5867632419072,1.058201058201058,374,339,4,0,335,336,29423,39,0,0,39,3
2020-08-14,US,Missouri,Franklin,729,19,0,38.41127108,-91.07522826,29071.0,701.1840295478372,2.606310013717421,710,680,18,0,662,669,103670,49,1,0,48,11
2020-08-14,US,Missouri,Gasconade,34,0,0,38.43947277,-91.50847147,29073.0,231.1981504147967,0.0,34,31,0,0,31,29,14705,3,0,0,3,2
2020-08-14,US,Missouri,Gentry,87,9,0,40.21097916,-94.40944419,29075.0,1323.9993912646478,10.344827586206897,78,86,9,0,77,85,6628,1,0,0,1,1
2020-08-14,US,Missouri,Greene,1836,10,0,37.2575872,-93.34230916,29077.0,626.4372914434671,0.5446623093681917,1826,1737,10,0,1727,1686,291923,99,0,0,99,51
2020-08-14,US,Missouri,Grundy,30,1,0,40.11406587,-93.56509276,29079.0,304.56852791878174,3.333333333333333,29,30,1,0,29,29,9914,0,0,0,0,1
2020-08-14,US,Missouri,Harrison,60,1,0,40.35570088,-93.99222144,29081.0,718.3908045977013,1.6666666666666667,59,60,1,0,59,60,8414,0,0,0,0,0
2020-08-14,US,Missouri,Henry,94,3,0,38.38482826,-93.79293734,29083.0,430.71847507331375,3.191489361702128,91,92,3,0,89,89,21792,2,0,0,2,3
2020-08-14,US,Missouri,Hickory,40,0,0,37.94163617,-93.3203037,29085.0,419.1114836546522,0.0,40,36,0,0,36,35,9509,4,0,0,4,1
2020-08-14,US,Missouri,Holt,41,0,0,40.09799248,-95.21638879999999,29087.0,931.1832841244606,0.0,41,31,0,0,31,27,4404,10,0,0,10,4
2020-08-14,US,Missouri,Howard,68,0,0,39.1435761,-92.69756691,29089.0,679.9320067993201,0.0,68,60,0,0,60,55,10137,8,0,0,8,5
2020-08-14,US,Missouri,Howell,173,2,0,36.77383887,-91.88683935,29091.0,431.23862701597824,1.1560693641618498,171,164,2,0,162,159,40076,9,0,0,9,5
2020-08-14,US,Missouri,Iron,24,0,0,37.55487945,-90.7735296,29093.0,237.03703703703704,0.0,24,24,0,0,24,22,10177,0,0,0,0,2
2020-08-14,US,Missouri,Jackson,4523,66,0,39.01002188,-94.34724536,29095.0,643.3754237131425,1.459208489940305,4457,4363,66,0,4297,4272,700307,160,0,0,160,91
2020-08-14,US,Missouri,Jasper,1938,32,0,37.20351921,-94.34050458,29097.0,1597.322959250956,1.6511867905056758,1906,1874,31,0,1843,1838,120636,64,1,0,63,36
2020-08-14,US,Missouri,Jefferson,1887,27,0,38.25926778,-90.53870896,29099.0,838.3648553187517,1.4308426073131957,1860,1769,26,0,1743,1730,224347,118,1,0,117,39
2020-08-14,US,Missouri,Johnson,507,3,0,38.74719601,-93.80691168,29101.0,937.8121416151828,0.591715976331361,504,501,3,0,498,499,53652,6,0,0,6,2
2020-08-14,US,Missouri,Kansas City,7535,65,0,39.0997,-94.5786,0.0,1541.0794305266668,0.8626410086264101,7470,7285,65,0,7220,7077,491918,250,0,0,250,208
2020-08-14,US,Missouri,Knox,35,0,0,40.12699751,-92.14780832,29103.0,884.0616317251831,0.0,35,33,0,0,33,32,3947,2,0,0,2,1
2020-08-14,US,Missouri,Laclede,221,1,0,37.65896829,-92.5888493,29105.0,618.6490496318899,0.4524886877828054,220,212,1,0,211,209,35713,9,0,0,9,3
2020-08-14,US,Missouri,Lafayette,198,2,0,39.06986886,-93.78076396,29107.0,605.3564877094287,1.0101010101010102,196,189,2,0,187,183,32598,9,0,0,9,6
2020-08-14,US,Missouri,Lawrence,252,2,0,37.10626634,-93.83293097,29109.0,657.0199452483379,0.7936507936507936,250,246,2,0,244,240,38359,6,0,0,6,6
2020-08-14,US,Missouri,Lewis,54,1,0,40.09673161,-91.72070156,29111.0,552.3731587561375,1.851851851851852,53,52,1,0,51,50,9855,2,0,0,2,2
2020-08-14,US,Missouri,Lincoln,430,1,0,39.05345619,-90.95588181,29113.0,728.653008659109,0.2325581395348837,429,416,1,0,415,412,57686,14,0,0,14,4
2020-08-14,US,Missouri,Linn,39,1,0,39.87001769,-93.10704106,29115.0,327.18120805369125,2.5641025641025643,38,38,1,0,37,35,12037,1,0,0,1,3
2020-08-14,US,Missouri,Livingston,64,0,0,39.78110272,-93.54645978,29117.0,420.3060353319761,0.0,64,64,0,0,64,63,15146,0,0,0,0,1
2020-08-14,US,Missouri,Macon,67,0,0,39.83049768,-92.56453089,29121.0,443.20963154064964,0.0,67,66,0,0,66,62,15153,1,0,0,1,4
2020-08-14,US,Missouri,Madison,34,0,0,37.47865134,-90.34671429999999,29123.0,281.2706816677697,0.0,34,29,0,0,29,28,12188,5,0,0,5,1
2020-08-14,US,Missouri,Maries,27,0,0,38.16193985,-91.92249662,29125.0,310.45187995860636,0.0,27,27,0,0,27,24,8769,0,0,0,0,3
2020-08-14,US,Missouri,Marion,264,1,0,39.80601912,-91.62203062,29127.0,925.34174553102,0.3787878787878788,263,236,1,0,235,223,28592,28,0,0,28,13
2020-08-14,US,Missouri,McDonald,958,8,0,36.62869595,-94.34867205,29119.0,4194.946796864737,0.8350730688935282,950,955,8,0,947,953,23078,3,0,0,3,2
2020-08-14,US,Missouri,Mercer,15,0,0,40.42212303,-93.56829590000001,29129.0,414.7083218136577,0.0,15,13,0,0,13,13,3641,2,0,0,2,0
2020-08-14,US,Missouri,Miller,145,1,0,38.21450288,-92.42610898,29131.0,565.9861821304503,0.6896551724137931,144,138,1,0,137,137,25336,7,0,0,7,1
2020-08-14,US,Missouri,Mississippi,170,0,0,36.82516239,-89.29505753,29133.0,1289.8330804248862,0.0,170,153,0,0,153,148,13336,17,0,0,17,5
2020-08-14,US,Missouri,Moniteau,161,2,0,38.63571781,-92.57976951,29135.0,998.016364988842,1.2422360248447204,159,156,2,0,154,155,16121,5,0,0,5,1
2020-08-14,US,Missouri,Monroe,36,0,0,39.49593978,-92.00043978,29137.0,416.4738546968997,0.0,36,33,0,0,33,33,8664,3,0,0,3,0
2020-08-14,US,Missouri,Montgomery,44,0,0,38.94022054,-91.47000721,29139.0,380.9194009176695,0.0,44,43,0,0,43,42,11534,1,0,0,1,1
2020-08-14,US,Missouri,Morgan,94,0,0,38.4181765,-92.88791859,29141.0,455.7133853686917,0.0,94,94,0,0,94,87,20358,0,0,0,0,7
2020-08-14,US,Missouri,New Madrid,294,3,0,36.59666326,-89.66070007,29143.0,1721.7146872803933,1.020408163265306,291,279,3,0,276,269,17296,15,0,0,15,10
2020-08-14,US,Missouri,Newton,944,6,0,36.90519407,-94.3394104,29145.0,1620.990452640978,0.6355932203389829,938,920,6,0,914,916,58266,24,0,0,24,4
2020-08-14,US,Missouri,Nodaway,221,0,0,40.36079813,-94.88133008,29147.0,1000.3621220351256,0.0,221,192,0,0,192,190,22304,29,0,0,29,2
2020-08-14,US,Missouri,Oregon,21,0,0,36.68710164,-91.4033755,29149.0,199.4491404691804,0.0,21,19,0,0,19,16,10541,2,0,0,2,3
2020-08-14,US,Missouri,Osage,58,1,0,38.46036182,-91.8613635,29151.0,426.000734484025,1.7241379310344829,57,54,1,0,53,53,13714,4,0,0,4,1
2020-08-14,US,Missouri,Ozark,16,0,0,36.64916339,-92.44459066,29153.0,174.40592980161327,0.0,16,16,0,0,16,15,9017,0,0,0,0,1
2020-08-14,US,Missouri,Pemiscot,255,9,0,36.2130572,-89.78742322,29155.0,1613.4134767478647,3.5294117647058822,246,244,9,0,235,243,16272,11,0,0,11,1
2020-08-14,US,Missouri,Perry,255,4,0,37.70660776,-89.82741088,29157.0,1332.566889632107,1.568627450980392,251,249,4,0,245,244,19150,6,0,0,6,5
2020-08-14,US,Missouri,Pettis,639,5,0,38.72798918,-93.28471706,29159.0,1509.2467937362715,0.7824726134585289,634,589,4,0,585,580,42542,50,1,0,49,9
2020-08-14,US,Missouri,Phelps,115,0,0,37.87736118,-91.79351727,29161.0,258.00372422767146,0.0,115,104,0,0,104,100,44732,11,0,0,11,4
2020-08-14,US,Missouri,Pike,141,1,0,39.34310674,-91.16980779,29163.0,770.4076057261501,0.7092198581560284,140,140,1,0,139,120,18504,1,0,0,1,20
2020-08-14,US,Missouri,Platte,404,10,0,39.38154439,-94.77068479,29165.0,386.9064720642035,2.4752475247524752,394,393,10,0,383,385,102985,11,0,0,11,8
2020-08-14,US,Missouri,Polk,234,0,0,37.616229600000004,-93.39828174,29167.0,727.8608976951073,0.0,234,221,0,0,221,219,32201,13,0,0,13,2
2020-08-14,US,Missouri,Pulaski,271,1,0,37.82462075,-92.20783203,29169.0,515.1405706464918,0.3690036900369004,270,254,1,0,253,249,52014,17,0,0,17,5
2020-08-14,US,Missouri,Putnam,13,1,0,40.47942497,-93.02042674,29171.0,276.83134582623507,7.6923076923076925,12,13,1,0,12,13,4757,0,0,0,0,0
2020-08-14,US,Missouri,Ralls,54,0,0,39.52817427,-91.51838643,29173.0,523.8141429818605,0.0,54,45,0,0,45,42,10212,9,0,0,9,3
2020-08-14,US,Missouri,Randolph,82,1,0,39.44007257,-92.49713740000001,29175.0,331.3399062550509,1.2195121951219512,81,75,1,0,74,74,24763,7,0,0,7,1
2020-08-14,US,Missouri,Ray,119,0,0,39.353746799999996,-93.98905745,29177.0,516.98670605613,0.0,119,119,0,0,119,119,22883,0,0,0,0,0
2020-08-14,US,Missouri,Reynolds,16,0,0,37.36085952,-90.97009925,29179.0,255.18341307814998,0.0,16,16,0,0,16,16,6254,0,0,0,0,0
2020-08-14,US,Missouri,Ripley,72,0,0,36.65460667,-90.85990261,29181.0,541.8422636965684,0.0,72,58,0,0,58,58,13401,14,0,0,14,0
2020-08-14,US,Missouri,Saline,481,7,0,39.13734288,-93.20259964,29195.0,2113.2639163481394,1.4553014553014554,474,472,7,0,465,459,22895,9,0,0,9,13
2020-08-14,US,Missouri,Schuyler,10,0,0,40.46921489,-92.52311943,29197.0,214.5922746781116,0.0,10,10,0,0,10,10,4599,0,0,0,0,0
2020-08-14,US,Missouri,Scotland,18,1,0,40.45214695,-92.14709064,29199.0,367.1970624235006,5.5555555555555545,17,16,1,0,15,15,4966,2,0,0,2,1
2020-08-14,US,Missouri,Scott,461,13,0,37.05588075,-89.56474493,29201.0,1204.2842215256007,2.8199566160520613,448,429,13,0,416,421,38458,32,0,0,32,8
2020-08-14,US,Missouri,Shannon,44,1,0,37.15772072,-91.40190382,29203.0,538.8194954690179,2.272727272727273,43,44,1,0,43,44,8189,0,0,0,0,0
2020-08-14,US,Missouri,Shelby,42,0,0,39.79742518,-92.07634971,29205.0,708.2630691399663,0.0,42,42,0,0,42,40,6050,0,0,0,0,2
2020-08-14,US,Missouri,St. Charles,4610,87,0,38.77875681,-90.66662425,29183.0,1146.7034142410116,1.8872017353579176,4523,4408,87,0,4321,4316,399182,202,0,0,202,92
2020-08-14,US,Missouri,St. Clair,23,0,0,38.03699437,-93.77631447,29185.0,244.75896562732788,0.0,23,23,0,0,23,24,9395,0,0,0,0,-1
2020-08-14,US,Missouri,St. Francois,498,2,0,37.81214171,-90.47598685,29187.0,740.9060477571968,0.4016064257028112,496,462,2,0,460,421,66692,36,0,0,36,41
2020-08-14,US,Missouri,St. Louis,16409,678,0,38.63770039999999,-90.4458375,29189.0,1650.464441438134,4.131878846974222,15731,15872,673,0,15199,15485,996945,537,5,0,532,387
2020-08-14,US,Missouri,St. Louis City,5553,181,0,38.63555736,-90.24349225,29510.0,1847.4528904503354,3.2594993697100665,5372,5430,178,0,5252,5364,302838,123,3,0,120,66
2020-08-14,US,Missouri,Ste. Genevieve,68,1,0,37.89090059,-90.1949941,29186.0,380.0156477031407,1.4705882352941178,67,63,1,0,62,62,17888,5,0,0,5,1
2020-08-14,US,Missouri,Stoddard,242,9,0,36.85571651,-89.9444155,29207.0,833.7639965546942,3.71900826446281,233,237,9,0,228,236,29206,5,0,0,5,1
2020-08-14,US,Missouri,Stone,168,1,0,36.75000327,-93.45256475,29209.0,525.7886830245368,0.5952380952380952,167,156,1,0,155,150,31749,12,0,0,12,6
2020-08-14,US,Missouri,Sullivan,153,0,0,40.2099105,-93.11150106,29211.0,2512.727869929381,0.0,153,149,0,0,149,147,6221,4,0,0,4,2
2020-08-14,US,Missouri,Taney,708,3,0,36.65465345,-93.04075153,29213.0,1265.913317122014,0.42372881355932196,705,678,3,0,675,658,55852,30,0,0,30,20
2020-08-14,US,Missouri,Texas,65,1,0,37.31728859,-91.96564727,29215.0,255.92566343806598,1.5384615384615383,64,64,0,0,64,60,25571,1,1,0,0,4
2020-08-14,US,Missouri,Vernon,62,0,0,37.8457799,-94.34127305,29217.0,301.5124252297816,0.0,62,58,0,0,58,56,20528,4,0,0,4,2
2020-08-14,US,Missouri,Warren,238,0,0,38.76529479,-91.16124662,29219.0,667.6204101096805,0.0,238,216,0,0,216,212,34711,22,0,0,22,4
2020-08-14,US,Missouri,Washington,126,1,0,37.96130078,-90.87948158,29221.0,509.502628386575,0.7936507936507936,125,105,1,0,104,94,24943,21,0,0,21,11
2020-08-14,US,Missouri,Wayne,65,0,0,37.11303869,-90.46001416,29223.0,504.93280509593717,0.0,65,63,0,0,63,62,13122,2,0,0,2,1
2020-08-14,US,Missouri,Webster,149,1,0,37.2813734,-92.876329,29225.0,376.33865427359046,0.6711409395973155,148,142,1,0,141,140,39109,7,0,0,7,2
2020-08-14,US,Missouri,Worth,9,0,0,40.47945588,-94.42328751,29227.0,447.0938897168405,0.0,9,9,0,0,9,9,2040,0,0,0,0,0
2020-08-14,US,Missouri,Wright,73,0,0,37.27029221,-92.46914488,29229.0,399.14702826835816,0.0,73,67,0,0,67,65,18378,6,0,0,6,2
2020-08-14,US,Montana,Beaverhead,68,0,0,45.13434354,-112.89846940000001,30001.0,719.3483550195705,0.0,68,68,0,0,68,65,9404,0,0,0,0,3
2020-08-14,US,Montana,Big Horn,510,14,0,45.42335905,-107.492347,30003.0,3829.116300022524,2.7450980392156863,496,477,14,0,463,464,13338,33,0,0,33,13
2020-08-14,US,Montana,Blaine,15,0,0,48.43175214,-108.9582723,30005.0,224.51728783116297,0.0,15,13,0,0,13,13,6807,2,0,0,2,0
2020-08-14,US,Montana,Broadwater,14,0,0,46.33277565,-111.49558130000001,30007.0,224.46689113355785,0.0,14,14,0,0,14,14,6085,0,0,0,0,0
2020-08-14,US,Montana,Carbon,75,0,0,45.22850116,-109.0274047,30009.0,699.3006993006993,0.0,75,75,0,0,75,74,10714,0,0,0,0,1
2020-08-14,US,Montana,Cascade,181,4,0,47.30797024,-111.3467922,30013.0,222.45163827643,2.209944751381216,177,170,4,0,166,167,81643,11,0,0,11,3
2020-08-14,US,Montana,Chouteau,10,0,0,47.88084126,-110.4353362,30015.0,177.4622892635315,0.0,10,10,0,0,10,10,5745,0,0,0,0,0
2020-08-14,US,Montana,Custer,61,2,0,46.25319932,-105.57375259999998,30017.0,534.9938607261884,3.278688524590164,59,61,2,0,59,61,11586,0,0,0,0,0
2020-08-14,US,Montana,Daniels,3,0,0,48.78420029,-105.54763429999998,30019.0,177.5147928994083,0.0,3,3,0,0,3,3,1747,0,0,0,0,0
2020-08-14,US,Montana,Dawson,30,0,0,47.26584855,-104.89444170000002,30021.0,348.31069313827936,0.0,30,27,0,0,27,20,8680,3,0,0,3,7
2020-08-14,US,Montana,Deer Lodge,30,0,0,46.05953325,-113.073353,30023.0,328.2275711159737,0.0,30,26,0,0,26,26,9131,4,0,0,4,0
2020-08-14,US,Montana,Fallon,2,0,0,46.33478338,-104.41835649999999,30025.0,70.27406886858749,0.0,2,2,0,0,2,2,2920,0,0,0,0,0
2020-08-14,US,Montana,Fergus,23,0,0,47.26331584,-109.2245206,30027.0,208.1447963800905,0.0,23,18,0,0,18,14,11113,5,0,0,5,4
2020-08-14,US,Montana,Flathead,385,3,0,48.29575866,-114.05205690000001,30029.0,370.8841492784617,0.7792207792207793,382,364,3,0,361,357,102106,21,0,0,21,7
2020-08-14,US,Montana,Gallatin,988,3,0,45.54486106,-111.1692571,30031.0,863.3797647552301,0.30364372469635625,985,970,3,0,967,959,111876,18,0,0,18,11
2020-08-14,US,Montana,Garfield,12,0,0,47.27545948,-107.0002351,30033.0,953.8950715421304,0.0,12,12,0,0,12,12,1268,0,0,0,0,0
2020-08-14,US,Montana,Glacier,87,1,0,48.70513576,-112.9934235,30035.0,632.5892532538355,1.1494252873563218,86,82,1,0,81,77,13747,5,0,0,5,5
2020-08-14,US,Montana,Golden Valley,3,0,0,46.3816474,-109.17685220000001,30037.0,365.4080389768576,0.0,3,3,0,0,3,3,826,0,0,0,0,0
2020-08-14,US,Montana,Granite,18,0,0,46.40605220000001,-113.4414186,30039.0,532.7019828351583,0.0,18,18,0,0,18,17,3378,0,0,0,0,1
2020-08-14,US,Montana,Hill,48,2,0,48.62879827,-110.1129252,30041.0,291.1914583838874,4.166666666666667,46,46,2,0,44,46,16347,2,0,0,2,0
2020-08-14,US,Montana,Jefferson,31,0,0,46.14907081,-112.094396,30043.0,253.66172980934456,0.0,31,29,0,0,29,29,12097,2,0,0,2,0
2020-08-14,US,Montana,Judith Basin,3,0,0,47.04581276,-110.26606880000001,30045.0,149.47683109118088,0.0,3,3,0,0,3,3,1952,0,0,0,0,0
2020-08-14,US,Montana,Lake,187,1,0,47.64514965,-114.0898013,30047.0,613.9602074988509,0.5347593582887701,186,184,1,0,183,184,30250,3,0,0,3,0
2020-08-14,US,Montana,Lewis and Clark,176,2,0,47.12610041,-112.39469799999999,30049.0,253.48542458808618,1.1363636363636365,174,168,2,0,166,163,68700,8,0,0,8,5
2020-08-14,US,Montana,Liberty,1,0,0,48.56084317,-111.02430700000001,30051.0,42.78990158322636,0.0,1,1,0,0,1,1,2430,0,0,0,0,0
2020-08-14,US,Montana,Lincoln,78,2,0,48.54265777,-115.4046155,30053.0,390.3903903903904,2.5641025641025643,76,78,2,0,76,77,19794,0,0,0,0,1
2020-08-14,US,Montana,Madison,84,1,0,45.30080065,-111.9173017,30057.0,976.7441860465117,1.1904761904761905,83,83,1,0,82,83,8768,1,0,0,1,0
2020-08-14,US,Montana,McCone,5,0,0,47.64469406,-105.79449939999999,30055.0,300.48076923076917,0.0,5,5,0,0,5,5,1675,0,0,0,0,0
2020-08-14,US,Montana,Meagher,4,0,0,46.59907074,-110.8898557,30059.0,214.8227712137487,0.0,4,4,0,0,4,4,1866,0,0,0,0,0
2020-08-14,US,Montana,Mineral,2,0,0,47.15283992,-115.00152390000001,30061.0,45.48555833522857,0.0,2,2,0,0,2,2,4316,0,0,0,0,0
2020-08-14,US,Montana,Missoula,378,2,0,47.03728583,-113.92135079999998,30063.0,316.0535117056856,0.5291005291005291,376,346,1,0,345,336,118791,32,1,0,31,10
2020-08-14,US,Montana,Musselshell,4,0,0,46.49684637,-108.39498,30065.0,86.33714655730628,0.0,4,3,0,0,3,3,4651,1,0,0,1,0
2020-08-14,US,Montana,Park,63,0,0,45.48965095,-110.52643940000002,30067.0,379.3809466457907,0.0,63,60,0,0,60,57,16736,3,0,0,3,3
2020-08-14,US,Montana,Phillips,91,0,0,48.25936577,-107.9128511,30071.0,2301.466868993424,0.0,91,78,0,0,78,68,4074,13,0,0,13,10
2020-08-14,US,Montana,Pondera,11,0,0,48.22773388,-112.22527029999999,30073.0,186.09372356623246,0.0,11,11,0,0,11,11,5972,0,0,0,0,0
2020-08-14,US,Montana,Powder River,1,0,0,45.39617714,-105.636738,30075.0,59.453032104637344,0.0,1,1,0,0,1,1,1716,0,0,0,0,0
2020-08-14,US,Montana,Powell,2,0,0,46.85538891,-112.93591640000001,30077.0,29.027576197387518,0.0,2,2,0,0,2,2,6968,0,0,0,0,0
2020-08-14,US,Montana,Prairie,1,0,0,46.86048047,-105.379384,30079.0,92.85051067780873,0.0,1,1,0,0,1,1,1087,0,0,0,0,0
2020-08-14,US,Montana,Ravalli,85,2,0,46.08520862,-114.11891640000002,30081.0,194.03734648221703,2.3529411764705883,83,84,2,0,82,83,43172,1,0,0,1,1
2020-08-14,US,Montana,Richland,48,2,0,47.78668011,-104.5610786,30083.0,444.3210219383504,4.166666666666667,46,48,2,0,46,47,10913,0,0,0,0,1
2020-08-14,US,Montana,Roosevelt,30,0,0,48.29607488,-105.00792679999999,30085.0,272.6281352235551,0.0,30,25,0,0,25,24,11059,5,0,0,5,1
2020-08-14,US,Montana,Rosebud,71,1,0,46.23397237,-106.72928799999998,30087.0,794.4500391630299,1.4084507042253518,70,58,1,0,57,53,9063,13,0,0,13,5
2020-08-14,US,Montana,Sanders,11,0,0,47.67657534,-115.1329916,30089.0,90.81152480805746,0.0,11,11,0,0,11,10,11844,0,0,0,0,1
2020-08-14,US,Montana,Sheridan,5,0,0,48.72085833,-104.50382900000001,30091.0,151.1030522816561,0.0,5,5,0,0,5,5,3424,0,0,0,0,0
2020-08-14,US,Montana,Silver Bow,103,0,0,45.90018933,-112.6620092,30093.0,295.00214807389375,0.0,103,103,0,0,103,102,34993,0,0,0,0,1
2020-08-14,US,Montana,Stillwater,31,1,0,45.67071407,-109.3950061,30095.0,321.5100601534952,3.2258064516129035,30,29,1,0,28,28,9534,2,0,0,2,1
2020-08-14,US,Montana,Sweet Grass,5,1,0,45.81367654,-109.9425686,30097.0,133.7971635001338,20.0,4,5,1,0,4,5,3710,0,0,0,0,0
2020-08-14,US,Montana,Teton,15,0,0,47.83741052,-112.24106880000001,30099.0,244.0214738897023,0.0,15,15,0,0,15,15,6162,0,0,0,0,0
2020-08-14,US,Montana,Toole,45,6,0,48.65577551,-111.69424140000001,30101.0,950.1689189189192,13.333333333333336,39,44,6,0,38,44,4853,1,0,0,1,0
2020-08-14,US,Montana,Treasure,2,0,0,46.20973220000001,-107.26665159999999,30103.0,287.3563218390805,0.0,2,2,0,0,2,2,679,0,0,0,0,0
2020-08-14,US,Montana,Valley,30,0,0,48.36435097,-106.6669635,30105.0,405.6246619794484,0.0,30,30,0,0,30,23,7437,0,0,0,0,7
2020-08-14,US,Montana,Wheatland,3,0,0,46.46652491,-109.84646359999999,30107.0,141.11006585136406,0.0,3,3,0,0,3,3,2236,0,0,0,0,0
2020-08-14,US,Montana,Wibaux,3,0,0,46.95925154,-104.2510927,30109.0,309.59752321981426,0.0,3,3,0,0,3,3,1034,0,0,0,0,0
2020-08-14,US,Montana,Yellowstone,1487,32,0,45.93955949,-108.26914860000001,30111.0,921.8846869187848,2.151983860121049,1455,1424,32,0,1392,1387,160137,63,0,0,63,37
2020-08-14,US,Nebraska,Adams,364,11,0,40.52449420000001,-98.50117804,31001.0,1160.6032586168415,3.021978021978022,353,363,11,0,352,362,31511,1,0,0,1,1
2020-08-14,US,Nebraska,Antelope,21,1,0,42.17695516,-98.06662829999999,31003.0,333.4391870435058,4.761904761904762,20,20,1,0,19,21,6336,1,0,0,1,-1
2020-08-14,US,Nebraska,Arthur,1,0,0,41.56896142,-101.6959559,31005.0,215.98272138228938,0.0,1,1,0,0,1,1,465,0,0,0,0,0
2020-08-14,US,Nebraska,Banner,2,0,0,41.54634427,-103.7114332,31007.0,268.4563758389262,0.0,2,2,0,0,2,2,730,0,0,0,0,0
2020-08-14,US,Nebraska,Boone,11,0,0,41.70759415,-98.06737183,31011.0,211.86440677966095,0.0,11,10,0,0,10,8,5239,1,0,0,1,2
2020-08-14,US,Nebraska,Box Butte,16,0,0,42.22079243,-103.08788340000001,31013.0,148.3817119540017,0.0,16,15,0,0,15,14,10772,1,0,0,1,1
2020-08-14,US,Nebraska,Boyd,8,0,0,42.899727399999996,-98.76486568,31015.0,416.8837936425222,0.0,8,7,0,0,7,6,1955,1,0,0,1,1
2020-08-14,US,Nebraska,Brown,2,0,0,42.43018907,-99.92904055,31017.0,67.68189509306261,0.0,2,1,0,0,1,,2973,1,0,0,1,
2020-08-14,US,Nebraska,Buffalo,494,1,0,40.85486962,-99.07500296,31019.0,994.7844298113133,0.20242914979757085,493,462,1,0,461,456,49615,32,0,0,32,6
2020-08-14,US,Nebraska,Burt,52,0,0,41.85056773,-96.32605633,31021.0,805.0781854776282,0.0,52,45,0,0,45,41,6488,7,0,0,7,4
2020-08-14,US,Nebraska,Butler,66,0,0,41.22703692,-97.13106306,31023.0,823.3532934131737,0.0,66,63,0,0,63,63,8058,3,0,0,3,0
2020-08-14,US,Nebraska,Cass,213,2,0,40.90899107,-96.13971217,31025.0,811.4903992685158,0.9389671361502347,211,203,2,0,201,189,26159,10,0,0,10,14
2020-08-14,US,Nebraska,Cedar,27,0,0,42.598885100000004,-97.25311951,31027.0,321.35205903356336,0.0,27,24,0,0,24,23,8446,3,0,0,3,1
2020-08-14,US,Nebraska,Chase,7,0,0,40.523719799999995,-101.69780259999999,31029.0,178.38939857288483,0.0,7,7,0,0,7,7,3977,0,0,0,0,0
2020-08-14,US,Nebraska,Cherry,4,0,0,42.54502621,-101.1244332,31031.0,70.31112673580594,0.0,4,4,0,0,4,4,5761,0,0,0,0,0
2020-08-14,US,Nebraska,Cheyenne,26,0,0,41.21999357,-102.9941693,31033.0,291.8069584736251,0.0,26,27,0,0,27,26,9310,-1,0,0,-1,1
2020-08-14,US,Nebraska,Clay,50,0,0,40.52439441,-98.05126296,31035.0,806.0615831049491,0.0,50,50,0,0,50,50,6214,0,0,0,0,0
2020-08-14,US,Nebraska,Colfax,707,4,0,41.57486951,-97.0868542,31037.0,6601.923615650389,0.5657708628005658,703,705,4,0,701,704,10881,2,0,0,2,1
2020-08-14,US,Nebraska,Cuming,72,0,0,41.91637624,-96.78730772,31039.0,813.927198733891,0.0,72,68,0,0,68,68,8940,4,0,0,4,0
2020-08-14,US,Nebraska,Custer,57,4,0,41.39374521,-99.72805369,31041.0,528.9041477220005,7.0175438596491215,53,53,4,0,49,52,10840,4,0,0,4,1
2020-08-14,US,Nebraska,Dakota,1939,42,0,42.39040144,-96.56656425,31043.0,9682.412863277741,2.166064981949458,1897,1935,42,0,1893,1931,20083,4,0,0,4,4
2020-08-14,US,Nebraska,Dawes,15,0,0,42.71985036,-103.1313774,31045.0,174.64198393293748,0.0,15,12,0,0,12,10,8716,3,0,0,3,2
2020-08-14,US,Nebraska,Dawson,973,9,0,40.87028216,-99.82014609999999,31047.0,4123.755032845942,0.9249743062692704,964,968,9,0,959,968,23709,5,0,0,5,0
2020-08-14,US,Nebraska,Deuel,2,0,0,41.11168186,-102.33333309999999,31049.0,111.48272017837236,0.0,2,2,0,0,2,2,1825,0,0,0,0,0
2020-08-14,US,Nebraska,Dixon,57,2,0,42.49188363,-96.86782408,31051.0,1011.3555713271824,3.5087719298245608,55,57,2,0,55,57,5709,0,0,0,0,0
2020-08-14,US,Nebraska,Dodge,837,10,0,41.58071748,-96.65598179,31053.0,2289.074251333242,1.1947431302270013,827,832,10,0,822,822,36791,5,0,0,5,10
2020-08-14,US,Nebraska,Douglas,12035,143,0,41.29518299,-96.15085305,31055.0,2106.4994302737314,1.1882010801828002,11892,11802,142,0,11660,11608,566880,233,1,0,232,194
2020-08-14,US,Nebraska,Dundy,1,0,0,40.17638677,-101.6876522,31057.0,59.06674542232722,0.0,1,1,0,0,1,1,1770,0,0,0,0,0
2020-08-14,US,Nebraska,Fillmore,29,1,0,40.52458567,-97.59646937,31059.0,530.9410472354449,3.4482758620689653,28,28,1,0,27,27,5527,1,0,0,1,1
2020-08-14,US,Nebraska,Franklin,15,0,0,40.17636348,-98.95299073,31061.0,503.5246727089627,0.0,15,15,0,0,15,13,3023,0,0,0,0,2
2020-08-14,US,Nebraska,Frontier,4,0,0,40.52993007,-100.3924658,31063.0,152.26494099733537,0.0,4,3,0,0,3,3,2608,1,0,0,1,0
2020-08-14,US,Nebraska,Furnas,17,1,0,40.17642064,-99.91247454,31065.0,363.5585970915312,5.882352941176472,16,15,1,0,14,15,4715,2,0,0,2,0
2020-08-14,US,Nebraska,Gage,96,4,0,40.26186809,-96.68946704,31067.0,446.24180727931946,4.166666666666667,92,93,4,0,89,93,21493,3,0,0,3,0
2020-08-14,US,Nebraska,Garden,4,0,0,41.61703149,-102.3313973,31069.0,217.74632553075668,0.0,4,4,0,0,4,4,1897,0,0,0,0,0
2020-08-14,US,Nebraska,Garfield,6,0,0,41.91428955,-98.99111827,31071.0,304.7232097511427,0.0,6,4,0,0,4,4,1987,2,0,0,2,0
2020-08-14,US,Nebraska,Gosper,22,0,0,40.51481965,-99.83020279,31073.0,1105.5276381909548,0.0,22,20,0,0,20,19,1996,2,0,0,2,1
2020-08-14,US,Nebraska,Greeley,10,0,0,41.56742671,-98.52150266,31077.0,424.44821731748726,0.0,10,10,0,0,10,10,2356,0,0,0,0,0
2020-08-14,US,Nebraska,Hall,1767,45,0,40.87257079,-98.50218293,31079.0,2880.054765048164,2.546689303904924,1722,1763,45,0,1718,1755,61607,4,0,0,4,8
2020-08-14,US,Nebraska,Hamilton,103,12,0,40.87349452,-98.02099117,31081.0,1104.6761046761046,11.650485436893206,91,101,12,0,89,100,9280,2,0,0,2,1
2020-08-14,US,Nebraska,Harlan,2,0,0,40.17658508,-99.40438879,31083.0,59.1715976331361,0.0,2,1,0,0,1,1,3401,1,0,0,1,0
2020-08-14,US,Nebraska,Hitchcock,1,0,0,40.17609175,-101.04164770000001,31087.0,36.205648081100655,0.0,1,1,0,0,1,1,2806,0,0,0,0,0
2020-08-14,US,Nebraska,Holt,14,0,0,42.45522056,-98.78402558,31089.0,139.0682427734181,0.0,14,14,0,0,14,13,10178,0,0,0,0,1
2020-08-14,US,Nebraska,Hooker,4,0,0,41.91586243,-101.1354293,31091.0,586.5102639296188,0.0,4,4,0,0,4,4,682,0,0,0,0,0
2020-08-14,US,Nebraska,Howard,56,5,0,41.2200529,-98.5166499,31093.0,868.8906128782003,8.928571428571429,51,55,5,0,50,55,6468,1,0,0,1,0
2020-08-14,US,Nebraska,Jefferson,19,0,0,40.17584531,-97.142601,31095.0,269.6565427192733,0.0,19,18,0,0,18,18,7097,1,0,0,1,0
2020-08-14,US,Nebraska,Johnson,14,0,0,40.39257596,-96.26522753,31097.0,276.07966870439753,0.0,14,14,0,0,14,14,5134,0,0,0,0,0
2020-08-14,US,Nebraska,Kearney,82,0,0,40.50663314,-98.94877182,31099.0,1262.509622786759,0.0,82,67,0,0,67,62,6544,15,0,0,15,5
2020-08-14,US,Nebraska,Keith,37,0,0,41.19930341,-101.66201640000001,31101.0,460.54269355240234,0.0,37,32,0,0,32,28,8021,5,0,0,5,4
2020-08-14,US,Nebraska,Kimball,15,0,0,41.19774275,-103.7148131,31105.0,412.9955947136564,0.0,15,15,0,0,15,15,3618,0,0,0,0,0
2020-08-14,US,Nebraska,Knox,42,0,0,42.63758421,-97.89178836,31107.0,504.0806529044647,0.0,42,39,0,0,39,35,8419,3,0,0,3,4
2020-08-14,US,Nebraska,Lancaster,3424,19,0,40.78416049,-96.68777155,31109.0,1073.0514901751858,0.5549065420560748,3405,3390,19,0,3371,3358,317272,34,0,0,34,32
2020-08-14,US,Nebraska,Lincoln,190,2,0,41.04658298,-100.74753740000001,31111.0,544.1943060090508,1.0526315789473684,188,154,2,0,152,146,35185,36,0,0,36,8
2020-08-14,US,Nebraska,Madison,490,5,0,41.91676024,-97.6005481,31119.0,1396.0511695489902,1.020408163265306,485,477,5,0,472,466,35392,13,0,0,13,11
2020-08-14,US,Nebraska,McPherson,6,0,0,41.56797682,-101.05993620000001,31117.0,1214.5748987854256,0.0,6,5,0,0,5,5,492,1,0,0,1,0
2020-08-14,US,Nebraska,Merrick,62,0,0,41.16624273,-98.0374887,31121.0,799.4842037395229,0.0,62,62,0,0,62,63,7733,0,0,0,0,-1
2020-08-14,US,Nebraska,Morrill,63,0,0,41.71711774,-103.0061405,31123.0,1357.1736320551486,0.0,63,63,0,0,63,63,4686,0,0,0,0,0
2020-08-14,US,Nebraska,Nance,10,0,0,41.39750195,-97.99327291,31125.0,284.1716396703609,0.0,10,9,0,0,9,9,3532,1,0,0,1,0
2020-08-14,US,Nebraska,Nemaha,50,0,0,40.38514847,-95.85433992,31127.0,717.1543316121629,0.0,50,48,0,0,48,39,6958,2,0,0,2,9
2020-08-14,US,Nebraska,Nuckolls,6,0,0,40.17637905,-98.04743961,31129.0,144.64802314368367,0.0,6,6,0,0,6,5,4195,0,0,0,0,1
2020-08-14,US,Nebraska,Otoe,63,0,0,40.64843556,-96.13374142,31131.0,393.45490881838623,0.0,63,57,0,0,57,56,15985,6,0,0,6,1
2020-08-14,US,Nebraska,Pawnee,9,0,0,40.13141096,-96.23705437,31133.0,344.4316877152698,0.0,9,9,0,0,9,9,2632,0,0,0,0,0
2020-08-14,US,Nebraska,Perkins,21,7,0,40.85082525,-101.6502942,31135.0,726.3922518159807,33.333333333333336,14,19,7,0,12,19,2929,2,0,0,2,0
2020-08-14,US,Nebraska,Phelps,43,0,0,40.51156033,-99.41461667,31137.0,475.97963249944655,0.0,43,42,0,0,42,41,8996,1,0,0,1,1
2020-08-14,US,Nebraska,Pierce,44,0,0,42.26434853,-97.60122773,31139.0,615.5567991046448,0.0,44,37,0,0,37,29,7142,7,0,0,7,8
2020-08-14,US,Nebraska,Platte,815,3,0,41.57246836,-97.52144359,31141.0,2435.0164326262325,0.3680981595092024,812,804,3,0,801,800,33363,11,0,0,11,4
2020-08-14,US,Nebraska,Polk,28,0,0,41.18813488,-97.56630712,31143.0,537.1187416075196,0.0,28,27,0,0,27,27,5278,1,0,0,1,0
2020-08-14,US,Nebraska,Red Willow,18,0,0,40.17556879999999,-100.476998,31145.0,167.84781797836632,0.0,18,18,0,0,18,17,10726,0,0,0,0,1
2020-08-14,US,Nebraska,Richardson,27,1,0,40.1247415,-95.71755036,31147.0,343.2930705657978,3.703703703703704,26,24,1,0,23,24,7937,3,0,0,3,0
2020-08-14,US,Nebraska,Rock,3,0,0,42.42252217,-99.44832069,31149.0,221.07590272660286,0.0,3,3,0,0,3,3,1360,0,0,0,0,0
2020-08-14,US,Nebraska,Saline,602,2,0,40.52418865,-97.14085859,31151.0,4232.283464566929,0.3322259136212625,600,597,2,0,595,597,14350,5,0,0,5,0
2020-08-14,US,Nebraska,Sarpy,2471,11,0,41.11314181,-96.11156432,31153.0,1320.0068377529435,0.4451639012545528,2460,2409,11,0,2398,2349,184459,62,0,0,62,60
2020-08-14,US,Nebraska,Saunders,174,2,0,41.227810299999994,-96.63773905,31155.0,806.3768653257947,1.1494252873563218,172,170,2,0,168,165,21303,4,0,0,4,5
2020-08-14,US,Nebraska,Scotts Bluff,312,6,0,41.85070896,-103.70809859999999,31157.0,875.961592453254,1.9230769230769231,306,309,6,0,303,305,35989,3,0,0,3,4
2020-08-14,US,Nebraska,Seward,131,1,0,40.87241834,-97.139673,31159.0,757.9264059245544,0.7633587786259542,130,127,1,0,126,125,17318,4,0,0,4,2
2020-08-14,US,Nebraska,Sheridan,12,0,0,42.50284406,-102.4126613,31161.0,228.7457110179184,0.0,12,12,0,0,12,11,5190,0,0,0,0,1
2020-08-14,US,Nebraska,Sherman,14,0,0,41.22045983,-98.97588642,31163.0,466.5111629456848,0.0,14,12,0,0,12,12,3038,2,0,0,2,0
2020-08-14,US,Nebraska,Sioux,5,0,0,42.48932059,-103.7576544,31165.0,428.8164665523156,0.0,5,5,0,0,5,5,1187,0,0,0,0,0
2020-08-14,US,Nebraska,Stanton,32,0,0,41.9169835,-97.19394708,31167.0,540.5405405405405,0.0,32,32,0,0,32,32,5970,0,0,0,0,0
2020-08-14,US,Nebraska,Thayer,27,0,0,40.17626377,-97.59504381,31169.0,539.6761942834298,0.0,27,27,0,0,27,27,5039,0,0,0,0,0
2020-08-14,US,Nebraska,Thomas,2,0,0,41.91358968,-100.5556632,31171.0,277.0083102493075,0.0,2,2,0,0,2,2,720,0,0,0,0,0
2020-08-14,US,Nebraska,Thurston,211,4,0,42.15725356,-96.54157099,31173.0,2920.8194905869323,1.895734597156398,207,211,4,0,207,211,7303,0,0,0,0,0
2020-08-14,US,Nebraska,Unassigned,155,0,0,0.0,0.0,90031.0,0.0,0.0,155,155,0,0,155,160,,0,0,0,0,-5
2020-08-14,US,Nebraska,Valley,13,0,0,41.56730777,-98.98197724,31175.0,312.6503126503126,0.0,13,11,0,0,11,11,4190,2,0,0,2,0
2020-08-14,US,Nebraska,Washington,146,1,0,41.52815707,-96.22019892,31177.0,704.3272709730327,0.6849315068493149,145,134,1,0,133,131,20667,12,0,0,12,3
2020-08-14,US,Nebraska,Wayne,40,0,0,42.20934475,-97.11926964,31179.0,426.212040490144,0.0,40,38,0,0,38,38,9403,2,0,0,2,0
2020-08-14,US,Nebraska,Webster,10,0,0,40.17642643,-98.50019851,31181.0,286.77946659019216,0.0,10,10,0,0,10,10,3533,0,0,0,0,0
2020-08-14,US,Nebraska,Wheeler,1,0,0,41.91482725,-98.52798941,31183.0,127.7139208173691,0.0,1,1,0,0,1,2,805,0,0,0,0,-1
2020-08-14,US,Nebraska,York,93,0,0,40.87272618,-97.59710186,31185.0,679.8742598143139,0.0,93,89,0,0,89,87,13772,4,0,0,4,2
2020-08-14,US,Nevada,Carson City,382,8,0,39.15509045,-119.7480219,32510.0,683.1676085556908,2.094240837696335,374,371,8,0,363,364,55414,11,0,0,11,7
2020-08-14,US,Nevada,Churchill,82,1,0,39.58105744,-118.3394607,32001.0,329.1982817455538,1.2195121951219512,81,82,1,0,81,69,24440,0,0,0,0,13
2020-08-14,US,Nevada,Clark,52239,908,0,36.21458855,-115.0130241,32003.0,2304.612622230849,1.7381649725301018,51331,50569,869,0,49700,50081,2231647,1670,39,0,1631,488
2020-08-14,US,Nevada,Douglas,215,1,0,38.912862,-119.61713329999999,32005.0,439.62784991309684,0.4651162790697674,214,209,1,0,208,208,48467,6,0,0,6,1
2020-08-14,US,Nevada,Elko,623,3,0,41.14531606,-115.3577619,32007.0,1180.4160824586004,0.4815409309791333,620,579,3,0,576,562,52460,44,0,0,44,17
2020-08-14,US,Nevada,Eureka,4,0,0,39.98100864,-116.26832040000001,32011.0,197.1414489896501,0.0,4,4,0,0,4,4,2003,0,0,0,0,0
2020-08-14,US,Nevada,Humboldt,104,4,0,41.40692186,-118.11094270000001,32013.0,617.9074327134455,3.8461538461538463,100,104,4,0,100,104,16786,0,0,0,0,0
2020-08-14,US,Nevada,Lander,52,1,0,39.933223299999995,-117.03970749999999,32015.0,939.9855386840204,1.9230769230769231,51,52,1,0,51,51,5575,0,0,0,0,1
2020-08-14,US,Nevada,Lincoln,5,0,0,37.64268459,-114.8790388,32017.0,96.46922631680496,0.0,5,5,0,0,5,5,5201,0,0,0,0,0
2020-08-14,US,Nevada,Lyon,266,6,0,39.01777974,-119.18704790000001,32019.0,462.528255955486,2.255639097744361,260,250,6,0,244,239,55808,16,0,0,16,11
2020-08-14,US,Nevada,Mineral,11,0,0,38.53841696,-118.4344506,32021.0,244.173140954495,0.0,11,11,0,0,11,11,4514,0,0,0,0,0
2020-08-14,US,Nevada,Nye,428,12,0,38.04264256,-116.47227020000001,32023.0,919.9750660963394,2.803738317757009,416,416,12,0,404,408,45346,12,0,0,12,8
2020-08-14,US,Nevada,Pershing,14,0,0,40.44003782,-118.40056409999998,32027.0,208.17843866171,0.0,14,14,0,0,14,14,6666,0,0,0,0,0
2020-08-14,US,Nevada,Storey,6,0,0,39.44875482,-119.5250207,32029.0,145.52510308028138,0.0,6,6,0,0,6,6,4029,0,0,0,0,0
2020-08-14,US,Nevada,Washoe,6161,124,0,40.66562265,-119.6631594,32031.0,1306.6281528421973,2.0126602824216846,6037,5962,124,0,5838,5907,465735,199,0,0,199,55
2020-08-14,US,Nevada,White Pine,16,1,0,39.44157041,-114.89996599999999,32033.0,167.0146137787056,6.25,15,16,1,0,15,15,9475,0,0,0,0,1
2020-08-14,US,New Hampshire,Belknap,120,4,0,43.51637314,-71.41684235,33001.0,195.74898455214264,3.333333333333333,116,119,4,0,115,117,61022,1,0,0,1,2
2020-08-14,US,New Hampshire,Carroll,96,1,0,43.87498583,-71.20430216,33003.0,196.27887957472907,1.0416666666666667,95,95,1,0,94,95,48779,1,0,0,1,0
2020-08-14,US,New Hampshire,Cheshire,106,3,0,42.92015988,-72.25311043,33005.0,139.31786817375308,2.830188679245283,103,103,3,0,100,103,76493,3,0,0,3,0
2020-08-14,US,New Hampshire,Coos,17,0,0,44.69063265,-71.30633239,33007.0,53.86053290244907,0.0,17,17,0,0,17,17,31589,0,0,0,0,0
2020-08-14,US,New Hampshire,Grafton,107,1,0,43.93779815,-71.82057197,33009.0,119.03967247402264,0.9345794392523364,106,105,1,0,104,105,89786,2,0,0,2,0
2020-08-14,US,New Hampshire,Hillsborough,3931,281,0,42.91537785,-71.7200253,33011.0,942.6293387686592,7.1483083184940215,3650,3891,280,0,3611,3872,415247,40,1,0,39,19
2020-08-14,US,New Hampshire,Merrimack,472,23,0,43.29662971,-71.6811573,33013.0,311.77546881915043,4.872881355932203,449,472,23,0,449,467,151132,0,0,0,0,5
2020-08-14,US,New Hampshire,Rockingham,1721,96,0,42.98499744,-71.12883377,33015.0,555.5752835177179,5.57815223707147,1625,1712,96,0,1616,1703,309176,9,0,0,9,9
2020-08-14,US,New Hampshire,Strafford,367,13,0,43.291833000000004,-71.02336013,33017.0,280.93973192072445,3.5422343324250685,354,363,13,0,350,363,130090,4,0,0,4,0
2020-08-14,US,New Hampshire,Sullivan,43,1,0,43.36094111,-72.22203125,33019.0,99.6616140546053,2.3255813953488373,42,44,1,0,43,44,43144,-1,0,0,-1,0
2020-08-14,US,New Jersey,Atlantic,3566,253,0,39.47538693,-74.65848483,34001.0,1352.448135927485,7.094784071789119,3313,3521,252,0,3269,3509,265429,45,1,0,44,12
2020-08-14,US,New Jersey,Bergen,21120,2036,0,40.96010917,-74.07164325,34003.0,2265.603377808673,9.640151515151516,19084,20940,2035,0,18905,20899,936692,180,1,0,179,41
2020-08-14,US,New Jersey,Burlington,6128,477,0,39.87681124,-74.66927768,34005.0,1375.9994970236826,7.7839425587467375,5651,6094,474,0,5620,6069,445384,34,3,0,31,25
2020-08-14,US,New Jersey,Camden,8774,582,0,39.80343818,-74.96388753,34007.0,1732.3795439422988,6.6332345566446325,8192,8689,580,0,8109,8645,507078,85,2,0,83,44
2020-08-14,US,New Jersey,Cape May,846,89,0,39.15008829,-74.80170244,34009.0,919.1755668792578,10.520094562647754,757,843,88,0,755,842,92560,3,1,0,2,1
2020-08-14,US,New Jersey,Cumberland,3420,158,0,39.37199394,-75.10712559,34011.0,2287.2123429213448,4.619883040935672,3262,3386,158,0,3228,3377,150972,34,0,0,34,9
2020-08-14,US,New Jersey,Essex,19911,2110,0,40.78681335,-74.24657979,34013.0,2492.0679620764104,10.597157350208429,17801,19840,2110,0,17730,19813,799767,71,0,0,71,27
2020-08-14,US,New Jersey,Gloucester,3400,215,0,39.71581067,-75.13995546,34015.0,1165.8368651332482,6.3235294117647065,3185,3339,214,0,3125,3310,291408,61,1,0,60,29
2020-08-14,US,New Jersey,Hudson,19866,1508,0,40.73766234,-74.07515667,34017.0,2954.5309202532453,7.590858753649452,18358,19792,1508,0,18284,19749,676061,74,0,0,74,43
2020-08-14,US,New Jersey,Hunterdon,1158,124,0,40.56335249,-74.91284156,34019.0,931.0852208312227,10.70811744386874,1034,1151,124,0,1027,1150,124714,7,0,0,7,1
2020-08-14,US,New Jersey,Mercer,8182,622,0,40.28047017,-74.70479631,34021.0,2226.818713768609,7.602053287704717,7560,8164,622,0,7542,8143,369811,18,0,0,18,21
2020-08-14,US,New Jersey,Middlesex,18070,1414,0,40.43629879,-74.41426991,34023.0,2190.1384380810173,7.825124515771997,16656,18015,1411,0,16604,17988,829685,55,3,0,52,27
2020-08-14,US,New Jersey,Monmouth,10459,858,0,40.26549699,-74.22240686,34025.0,1690.2205092154913,8.20346113395162,9601,10407,856,0,9551,10368,621354,52,2,0,50,39
2020-08-14,US,New Jersey,Morris,7332,829,0,40.86095313,-74.54553709999998,34027.0,1490.7135378015432,11.30660120021822,6503,7304,829,0,6475,7286,494228,28,0,0,28,18
2020-08-14,US,New Jersey,Ocean,10740,1020,0,39.8895449,-74.28089251,34029.0,1768.8154865230756,9.497206703910617,9720,10668,1020,0,9648,10652,601651,72,0,0,72,16
2020-08-14,US,New Jersey,Passaic,17915,1244,0,41.03238628,-74.29954144,34031.0,3569.962496961098,6.943901758303097,16671,17801,1242,0,16559,17748,503310,114,2,0,112,53
2020-08-14,US,New Jersey,Salem,924,87,0,39.58719656,-75.34696629999998,34033.0,1481.1252704977155,9.415584415584416,837,912,87,0,825,907,62607,12,0,0,12,5
2020-08-14,US,New Jersey,Somerset,5300,565,0,40.56465737,-74.61683016,34035.0,1611.2654818291815,10.660377358490566,4735,5282,564,0,4718,5275,331164,18,1,0,17,7
2020-08-14,US,New Jersey,Sussex,1349,198,0,41.13891592,-74.69118243,34037.0,960.2243607994988,14.677538917716827,1151,1343,198,0,1145,1341,140799,6,0,0,6,2
2020-08-14,US,New Jersey,Unassigned,773,0,0,0.0,0.0,90034.0,0.0,0.0,773,939,0,0,939,740,,-166,0,0,-166,199
2020-08-14,US,New Jersey,Union,16847,1349,0,40.65835409,-74.30680092,34039.0,3028.178760867885,8.007360360895115,15498,16812,1349,0,15463,16780,558067,35,0,0,35,32
2020-08-14,US,New Jersey,Warren,1362,172,0,40.85951833,-74.99556527,34041.0,1293.8527743737354,12.62848751835536,1190,1352,172,0,1180,1347,105779,10,0,0,10,5
2020-08-14,US,New Mexico,Bernalillo,5318,136,0,35.05163625,-106.6703554,35001.0,783.0710580294232,2.557352388115833,5182,5264,134,0,5130,5226,678701,54,2,0,52,38
2020-08-14,US,New Mexico,Catron,6,1,0,33.91514144,-108.4046587,35003.0,170.1162461015027,16.666666666666668,5,5,1,0,4,5,3578,1,0,0,1,0
2020-08-14,US,New Mexico,Chaves,527,6,0,33.36406072,-104.4665365,35005.0,815.6000928576956,1.1385199240986716,521,504,6,0,498,485,64689,23,0,0,23,19
2020-08-14,US,New Mexico,Cibola,380,19,0,34.91131525,-107.998876,35006.0,1424.554826616682,5.0,361,374,18,0,356,371,26746,6,1,0,5,3
2020-08-14,US,New Mexico,Colfax,18,1,0,36.60569702,-104.64726740000002,35007.0,150.74114395779247,5.5555555555555545,17,18,1,0,17,18,12110,0,0,0,0,0
2020-08-14,US,New Mexico,Curry,591,2,0,34.57421077,-103.34688759999999,35009.0,1207.2557911508766,0.33840947546531297,589,575,2,0,573,569,49437,16,0,0,16,6
2020-08-14,US,New Mexico,Dona Ana,2618,35,0,32.35275771,-106.83293870000001,35013.0,1199.8441760810285,1.3368983957219251,2583,2572,31,0,2541,2554,217522,46,4,0,42,18
2020-08-14,US,New Mexico,Eddy,364,5,0,32.47167456,-104.3053527,35015.0,622.6479644201163,1.3736263736263736,359,350,4,0,346,336,57900,14,1,0,13,14
2020-08-14,US,New Mexico,Grant,72,2,0,32.73911281,-108.3827845,35017.0,266.6864212163864,2.7777777777777777,70,72,2,0,70,71,27346,0,0,0,0,1
2020-08-14,US,New Mexico,Guadalupe,32,0,0,34.86319296,-104.790669,35019.0,744.1860465116278,0.0,32,32,0,0,32,32,4341,0,0,0,0,0
2020-08-14,US,New Mexico,Harding,1,0,0,35.85751555,-103.82209379999999,35021.0,160.0,0.0,1,1,0,0,1,1,655,0,0,0,0,0
2020-08-14,US,New Mexico,Hidalgo,90,0,0,31.91383467,-108.7151824,35023.0,2143.8780371605526,0.0,90,90,0,0,90,90,4240,0,0,0,0,0
2020-08-14,US,New Mexico,Lea,903,5,0,32.79215361,-103.4123733,35025.0,1270.578303081469,0.5537098560354374,898,876,5,0,871,863,69611,27,0,0,27,13
2020-08-14,US,New Mexico,Lincoln,151,2,0,33.74526079,-105.4586166,35027.0,771.510320866544,1.3245033112582782,149,144,2,0,142,130,19556,7,0,0,7,14
2020-08-14,US,New Mexico,Los Alamos,24,0,0,35.86631386,-106.31349850000001,35028.0,123.90933966647735,0.0,24,24,0,0,24,24,19101,0,0,0,0,0
2020-08-14,US,New Mexico,Luna,257,5,0,32.18179341,-107.75088259999998,35029.0,1083.976548989835,1.9455252918287935,252,255,5,0,250,254,23963,2,0,0,2,1
2020-08-14,US,New Mexico,McKinley,4120,232,0,35.58007720000001,-108.262245,35031.0,5772.9763055754065,5.631067961165049,3888,4087,230,0,3857,4077,72290,33,2,0,31,10
2020-08-14,US,New Mexico,Mora,6,0,0,36.01095101,-104.9497716,35033.0,132.71400132713998,0.0,6,6,0,0,6,6,4506,0,0,0,0,0
2020-08-14,US,New Mexico,Otero,207,10,0,32.61348406,-105.7417604,35035.0,306.71210549711066,4.8309178743961345,197,204,10,0,194,204,66781,3,0,0,3,0
2020-08-14,US,New Mexico,Quay,47,1,0,35.10403332,-103.54817270000001,35037.0,569.4898824669817,2.127659574468085,46,41,1,0,40,37,8253,6,0,0,6,4
2020-08-14,US,New Mexico,Rio Arriba,327,10,0,36.51072137,-106.69316740000001,35039.0,840.1634079288817,3.058103975535168,317,323,8,0,315,319,39006,4,2,0,2,4
2020-08-14,US,New Mexico,Roosevelt,175,1,0,34.02097406,-103.4799493,35041.0,945.945945945946,0.5714285714285714,174,169,1,0,168,168,18743,6,0,0,6,1
2020-08-14,US,New Mexico,San Juan,3093,187,0,36.50838318,-108.32043700000001,35045.0,2495.199987092403,6.045910119624961,2906,3072,185,0,2887,3069,125043,21,2,0,19,3
2020-08-14,US,New Mexico,San Miguel,53,0,0,35.48014807,-104.8163562,35047.0,194.3028925468344,0.0,53,46,0,0,46,46,27591,7,0,0,7,0
2020-08-14,US,New Mexico,Sandoval,1158,33,0,35.68862401,-106.86878030000001,35043.0,789.1078583694498,2.8497409326424865,1125,1149,33,0,1116,1146,145179,9,0,0,9,3
2020-08-14,US,New Mexico,Santa Fe,686,3,0,35.50708973,-105.9774716,35049.0,456.2444299604943,0.43731778425655976,683,672,3,0,669,660,150056,14,0,0,14,12
2020-08-14,US,New Mexico,Sierra,34,1,0,33.13028233,-107.1925893,35051.0,315.0773792975628,2.9411764705882355,33,32,1,0,31,32,10968,2,0,0,2,0
2020-08-14,US,New Mexico,Socorro,75,6,0,34.00715494,-106.9298354,35053.0,450.8024283224138,8.0,69,75,6,0,69,75,16735,0,0,0,0,0
2020-08-14,US,New Mexico,Taos,115,1,0,36.58006022,-105.63101979999999,35055.0,351.43477065061273,0.8695652173913043,114,112,1,0,111,112,32835,3,0,0,3,0
2020-08-14,US,New Mexico,Torrance,63,1,0,34.64048375,-105.8508949,35057.0,407.4768773041847,1.5873015873015872,62,62,1,0,61,61,15591,1,0,0,1,1
2020-08-14,US,New Mexico,Unassigned,1305,0,0,0.0,0.0,90035.0,0.0,0.0,1305,1305,0,0,1305,1304,,0,0,0,0,1
2020-08-14,US,New Mexico,Union,30,2,0,36.48126404,-103.4709624,35059.0,739.09830007391,6.666666666666668,28,30,2,0,28,30,4118,0,0,0,0,0
2020-08-14,US,New Mexico,Valencia,456,4,0,34.71669834,-106.8103733,35061.0,594.6171500104317,0.8771929824561403,452,446,4,0,442,441,76456,10,0,0,10,5
2020-08-14,US,New York,Albany,2643,129,0,42.60060306,-73.97723916,36001.0,865.1221252610424,4.880817253121453,2514,2636,128,0,2508,2624,307117,7,1,0,6,12
2020-08-14,US,New York,Allegany,80,1,0,42.25748406,-78.02750466,36003.0,173.56967737736218,1.25,79,80,1,0,79,80,46430,0,0,0,0,0
2020-08-14,US,New York,Broome,1165,69,0,42.15903158,-75.81326086,36007.0,611.5870816009408,5.92274678111588,1096,1153,69,0,1084,1150,191659,12,0,0,12,3
2020-08-14,US,New York,Cattaraugus,170,6,0,42.24778241,-78.67923096,36009.0,223.34038388270687,3.5294117647058822,164,169,6,0,163,168,76840,1,0,0,1,1
2020-08-14,US,New York,Cayuga,163,2,0,42.91261714,-76.55731592,36011.0,212.86042624320942,1.2269938650306749,161,162,2,0,160,161,77145,1,0,0,1,1
2020-08-14,US,New York,Chautauqua,263,9,0,42.22769210000001,-79.36691763,36013.0,207.2449035877796,3.4220532319391634,254,260,9,0,251,258,127939,3,0,0,3,2
2020-08-14,US,New York,Chemung,188,3,0,42.13891056,-76.7638805,36015.0,225.26840490797542,1.5957446808510638,185,184,3,0,181,177,84254,4,0,0,4,7
2020-08-14,US,New York,Chenango,218,6,0,42.49430041,-75.60887553,36017.0,461.79592009659586,2.7522935779816518,212,218,6,0,212,218,47536,0,0,0,0,0
2020-08-14,US,New York,Clinton,131,4,0,44.74530905,-73.67875352,36019.0,162.76324781015097,3.053435114503817,127,129,4,0,125,129,80695,2,0,0,2,0
2020-08-14,US,New York,Columbia,551,37,0,42.24819348,-73.63089095,36021.0,926.6578093203948,6.715063520871142,514,550,37,0,513,548,59916,1,0,0,1,2
2020-08-14,US,New York,Cortland,97,0,0,42.59509207,-76.07048931,36023.0,203.86288644627052,0.0,97,97,0,0,97,96,47823,0,0,0,0,1
2020-08-14,US,New York,Delaware,107,4,0,42.19837623,-74.96709306,36025.0,242.43797439673733,3.7383177570093458,103,107,4,0,103,106,44527,0,0,0,0,1
2020-08-14,US,New York,Dutchess,4668,153,0,41.76486060000001,-73.74356679,36027.0,1586.5786593614264,3.2776349614395888,4515,4640,153,0,4487,4631,293718,28,0,0,28,9
2020-08-14,US,New York,Erie,9114,674,0,42.76249024,-78.73063652,36029.0,992.0518296466099,7.39521615097652,8440,9033,671,0,8362,9013,919719,81,3,0,78,20
2020-08-14,US,New York,Essex,59,0,0,44.11630765,-73.77297842,36031.0,159.95662193303508,0.0,59,56,0,0,56,56,37300,3,0,0,3,0
2020-08-14,US,New York,Franklin,54,0,0,44.59040891,-74.29926032,36033.0,107.95250089960415,0.0,54,54,0,0,54,54,50293,0,0,0,0,0
2020-08-14,US,New York,Fulton,303,24,0,43.11363907,-74.41798804,36035.0,567.5964258284473,7.920792079207921,279,300,24,0,276,299,53591,3,0,0,3,1
2020-08-14,US,New York,Genesee,284,5,0,43.0022601,-78.19135193,36037.0,495.8100558659218,1.7605633802816902,279,280,5,0,275,280,57511,4,0,0,4,0
2020-08-14,US,New York,Greene,297,18,0,42.275797,-74.12384884,36039.0,629.3973043994235,6.0606060606060606,279,296,18,0,278,295,47491,1,0,0,1,1
2020-08-14,US,New York,Hamilton,8,0,0,43.66146647,-74.49721957,36041.0,181.15942028985503,0.0,8,8,0,0,8,8,4434,0,0,0,0,0
2020-08-14,US,New York,Herkimer,282,4,0,43.42034246,-74.96145307,36043.0,459.8900830085292,1.4184397163120568,278,278,4,0,274,277,61833,4,0,0,4,1
2020-08-14,US,New York,Jefferson,143,0,0,44.04200959,-75.94653457,36045.0,130.19647832183114,0.0,143,142,0,0,142,142,111755,1,0,0,1,0
2020-08-14,US,New York,Lewis,47,0,0,43.784415700000004,-75.44903992,36049.0,178.73440827502282,0.0,47,47,0,0,47,46,26447,0,0,0,0,1
2020-08-14,US,New York,Livingston,178,8,0,42.72596275,-77.77966158,36051.0,282.9258988460438,4.49438202247191,170,176,8,0,168,176,63227,2,0,0,2,0
2020-08-14,US,New York,Madison,421,17,0,42.91653905,-75.67266639,36053.0,593.450895814832,4.0380047505938235,404,417,17,0,400,414,70795,4,0,0,4,3
2020-08-14,US,New York,Monroe,5143,285,0,43.14638895,-77.69322942,36055.0,693.3416018442374,5.54151273575734,4858,5079,285,0,4794,5035,742474,64,0,0,64,44
2020-08-14,US,New York,Montgomery,184,4,0,42.90123494,-74.44011632,36057.0,373.8241807358648,2.1739130434782608,180,179,4,0,175,177,49455,5,0,0,5,2
2020-08-14,US,New York,Nassau,43891,2195,0,40.74066522,-73.58941873,36059.0,3234.5953052639647,5.001025267139049,41696,43795,2195,0,41600,43761,1358343,96,0,0,96,34
2020-08-14,US,New York,New York City,229916,23621,0,40.76727260000001,-73.97152637,36061.0,2757.8391129372276,10.273752152960213,206295,229167,23610,0,205557,228729,1628701,749,11,0,738,438
2020-08-14,US,New York,Niagara,1529,98,0,43.19898042,-78.74777412,36063.0,730.5966619043297,6.409417920209288,1431,1518,98,0,1420,1514,210433,11,0,0,11,4
2020-08-14,US,New York,Oneida,2195,117,0,43.24375382,-75.43710392,36065.0,959.8943460255127,5.330296127562642,2078,2183,115,0,2068,2180,229577,12,2,0,10,3
2020-08-14,US,New York,Onondaga,3663,203,0,43.00491923,-76.19971155,36067.0,795.3913768543933,5.541905541905542,3460,3627,200,0,3427,3613,461809,36,3,0,33,14
2020-08-14,US,New York,Ontario,367,34,0,42.85145728,-77.30874425,36069.0,334.3141095129217,9.264305177111716,333,365,34,0,331,363,109864,2,0,0,2,2
2020-08-14,US,New York,Orange,11229,491,0,41.40337468,-74.30240757,36071.0,2917.0779861796636,4.372606643512334,10738,11210,491,0,10719,11191,381951,19,0,0,19,19
2020-08-14,US,New York,Orleans,300,54,0,43.2516977,-78.2320066,36073.0,743.4575733544806,18.0,246,299,54,0,245,298,40612,1,0,0,1,1
2020-08-14,US,New York,Oswego,271,3,0,43.42778894,-76.14635194,36075.0,231.37870974351966,1.1070110701107012,268,258,3,0,255,257,117898,13,0,0,13,1
2020-08-14,US,New York,Otsego,118,5,0,42.63492579,-75.03151402,36077.0,198.342662161935,4.2372881355932215,113,118,5,0,113,118,59749,0,0,0,0,0
2020-08-14,US,New York,Putnam,1459,63,0,41.42630093,-73.74965532,36079.0,1483.9300244100891,4.318026045236463,1396,1455,63,0,1392,1450,98892,4,0,0,4,5
2020-08-14,US,New York,Rensselaer,789,38,0,42.71348136,-73.51089874,36083.0,497.1206068777802,4.816223067173636,751,782,30,0,752,780,159442,7,8,0,-1,2
2020-08-14,US,New York,Rockland,13997,674,0,41.15027894,-74.02560498,36087.0,4296.339041526878,4.815317568050297,13323,13973,674,0,13299,13966,325695,24,0,0,24,7
2020-08-14,US,New York,Saratoga,783,17,0,43.10904162,-73.86653895,36091.0,340.63768418579764,2.1711366538952745,766,774,17,0,757,768,230163,9,0,0,9,6
2020-08-14,US,New York,Schenectady,1101,37,0,42.81668777,-74.05278291,36093.0,708.9549836122577,3.360581289736603,1064,1084,37,0,1047,1079,155350,17,0,0,17,5
2020-08-14,US,New York,Schoharie,69,0,0,42.58831742,-74.44339029999998,36095.0,222.58782541372295,0.0,69,69,0,0,69,69,31097,0,0,0,0,0
2020-08-14,US,New York,Schuyler,23,0,0,42.39184015,-76.8773299,36097.0,129.16268883023528,0.0,23,22,0,0,22,22,17912,1,0,0,1,0
2020-08-14,US,New York,Seneca,93,3,0,42.78081007,-76.82497064,36099.0,273.40075258701785,3.2258064516129035,90,92,3,0,89,91,34300,1,0,0,1,1
2020-08-14,US,New York,St. Lawrence,263,4,0,44.4976179,-75.06550039,36089.0,244.10618154817158,1.520912547528517,259,263,4,0,259,263,108047,0,0,0,0,0
2020-08-14,US,New York,Steuben,306,42,0,42.2689144,-77.3829924,36101.0,320.8253389110812,13.725490196078429,264,301,42,0,259,300,95796,5,0,0,5,1
2020-08-14,US,New York,Suffolk,44109,1998,0,40.88320119,-72.8012172,36103.0,2987.198302046389,4.529687818812487,42111,43987,1998,0,41989,43948,1481093,122,0,0,122,39
2020-08-14,US,New York,Sullivan,1493,48,0,41.71579493,-74.76394559,36105.0,1979.2660939654252,3.215003348961822,1445,1491,48,0,1443,1491,75498,2,0,0,2,0
2020-08-14,US,New York,Tioga,195,25,0,42.16852837,-76.30835812,36107.0,404.5391365682634,12.82051282051282,170,194,25,0,169,194,48560,1,0,0,1,0
2020-08-14,US,New York,Tompkins,238,0,0,42.44945765,-76.47229843,36109.0,232.92229399099628,0.0,238,234,0,0,234,234,102793,4,0,0,4,0
2020-08-14,US,New York,Ulster,2089,92,0,41.89027881,-74.26252104,36111.0,1176.4175860068815,4.404021062709432,1997,2081,92,0,1989,2077,178599,8,0,0,8,4
2020-08-14,US,New York,Warren,312,33,0,43.56173026,-73.8433699,36113.0,487.9269360690605,10.576923076923077,279,312,33,0,279,312,64265,0,0,0,0,0
2020-08-14,US,New York,Washington,261,14,0,43.31153794,-73.43043448,36115.0,426.4427161623423,5.363984674329502,247,260,14,0,246,260,61197,1,0,0,1,0
2020-08-14,US,New York,Wayne,269,3,0,43.15494365,-77.02976528,36117.0,299.16145821748705,1.1152416356877324,266,263,3,0,260,258,90064,6,0,0,6,5
2020-08-14,US,New York,Westchester,36435,1447,0,41.16278376,-73.75741653,36119.0,3765.8681186473273,3.971456017565528,34988,36357,1447,0,34910,36324,967612,78,0,0,78,33
2020-08-14,US,New York,Wyoming,118,5,0,42.70145109,-78.22199579,36121.0,296.04355352617983,4.2372881355932215,113,118,5,0,113,118,40085,0,0,0,0,0
2020-08-14,US,New York,Yates,59,7,0,42.63505484,-77.10369919,36123.0,236.82414803516238,11.864406779661017,52,58,7,0,51,57,24841,1,0,0,1,1
2020-08-14,US,North Carolina,Alamance,2612,42,0,36.0434701,-79.39976137,37001.0,1540.9211310313904,1.6079632465543643,2570,2567,42,0,2525,2526,166436,45,0,0,45,41
2020-08-14,US,North Carolina,Alexander,332,2,0,35.922379600000006,-81.17751948,37003.0,885.4041656665868,0.6024096385542169,330,323,2,0,321,314,37353,9,0,0,9,9
2020-08-14,US,North Carolina,Alleghany,177,0,0,36.49360862,-81.12857041,37005.0,1589.2969381341477,0.0,177,171,0,0,171,170,11161,6,0,0,6,1
2020-08-14,US,North Carolina,Anson,366,3,0,34.97403241,-80.09953279,37007.0,1497.1774523439417,0.819672131147541,363,358,3,0,355,339,24877,8,0,0,8,19
2020-08-14,US,North Carolina,Ashe,168,1,0,36.43296207,-81.49862729,37009.0,617.5789434988787,0.5952380952380952,167,167,1,0,166,166,27109,1,0,0,1,1
2020-08-14,US,North Carolina,Avery,106,0,0,36.07569796,-81.92308483,37011.0,603.7477929031155,0.0,106,95,0,0,95,109,17505,11,0,0,11,-14
2020-08-14,US,North Carolina,Beaufort,435,2,0,35.48531943,-76.84325809,37013.0,925.6500829893178,0.4597701149425287,433,419,2,0,417,437,47079,16,0,0,16,-18
2020-08-14,US,North Carolina,Bertie,313,5,0,36.0688473,-76.96545943,37015.0,1651.9765662110094,1.597444089456869,308,294,5,0,289,287,19026,19,0,0,19,7
2020-08-14,US,North Carolina,Bladen,651,7,0,34.61296243,-78.56180059,37017.0,1989.48719515922,1.075268817204301,644,634,6,0,628,627,33190,17,1,0,16,7
2020-08-14,US,North Carolina,Brunswick,1302,22,0,34.070565,-78.22814204,37019.0,911.6370256266628,1.6897081413210446,1280,1287,22,0,1265,1273,136744,15,0,0,15,14
2020-08-14,US,North Carolina,Buncombe,2033,53,0,35.61113393,-82.53305,37021.0,778.3576003767357,2.606984751598622,1980,1965,52,0,1913,1929,259103,68,1,0,67,36
2020-08-14,US,North Carolina,Burke,1702,27,0,35.74989637,-81.70755735,37023.0,1880.974747195668,1.5863689776733254,1675,1679,27,0,1652,1776,90382,23,0,0,23,-97
2020-08-14,US,North Carolina,Cabarrus,2767,50,0,35.3877799,-80.55267168,37025.0,1278.3375605789709,1.8070112034694612,2717,2714,50,0,2664,2681,211342,53,0,0,53,33
2020-08-14,US,North Carolina,Caldwell,1265,13,0,35.95204977,-81.54799522,37027.0,1539.3414295796927,1.0276679841897234,1252,1246,12,0,1234,1234,82029,19,1,0,18,12
2020-08-14,US,North Carolina,Camden,76,2,0,36.33804939,-76.15568396,37029.0,699.3650501518358,2.631578947368421,74,76,2,0,74,75,10710,0,0,0,0,1
2020-08-14,US,North Carolina,Carteret,374,5,0,34.8932941,-76.54120135,37031.0,538.338635153225,1.3368983957219251,369,362,5,0,357,376,69524,12,0,0,12,-14
2020-08-14,US,North Carolina,Caswell,200,2,0,36.39312665,-79.33353281,37033.0,884.7991505928154,1.0,198,198,2,0,196,196,22698,2,0,0,2,2
2020-08-14,US,North Carolina,Catawba,2242,33,0,35.66211129,-81.2132617,37035.0,1405.193323764815,1.4719000892060659,2209,2203,32,0,2171,2180,158652,39,1,0,38,23
2020-08-14,US,North Carolina,Chatham,1338,55,0,35.70394416,-79.25541492,37037.0,1796.696656371693,4.110612855007473,1283,1323,55,0,1268,1308,73139,15,0,0,15,15
2020-08-14,US,North Carolina,Cherokee,285,4,0,35.1349263,-84.05970864,37039.0,996.0855585069203,1.4035087719298245,281,277,4,0,273,296,28383,8,0,0,8,-19
2020-08-14,US,North Carolina,Chowan,165,2,0,36.12908077,-76.60118385,37041.0,1183.3895144516964,1.2121212121212122,163,160,2,0,158,158,14029,5,0,0,5,2
2020-08-14,US,North Carolina,Clay,75,1,0,35.05704275,-83.74353633,37043.0,667.7944973733416,1.3333333333333333,74,72,0,0,72,76,11139,3,1,0,2,-4
2020-08-14,US,North Carolina,Cleveland,1304,23,0,35.33553364,-81.55204486,37045.0,1331.3322511153992,1.7638036809815951,1281,1255,22,0,1233,1217,97645,49,1,0,48,38
2020-08-14,US,North Carolina,Columbus,968,48,0,34.26744084,-78.65801424,37047.0,1743.8927722130145,4.958677685950414,920,950,48,0,902,931,55655,18,0,0,18,19
2020-08-14,US,North Carolina,Craven,780,18,0,35.11833364,-77.08398081,37049.0,763.6652013432675,2.3076923076923075,762,742,16,0,726,753,102912,38,2,0,36,-11
2020-08-14,US,North Carolina,Cumberland,3384,56,0,35.04762133,-78.82623165,37051.0,1008.616758417807,1.6548463356973997,3328,3276,55,0,3221,3286,332330,108,1,0,107,-10
2020-08-14,US,North Carolina,Currituck,80,0,0,36.36123664,-75.95876401,37053.0,288.15329755429883,0.0,80,78,0,0,78,77,27072,2,0,0,2,1
2020-08-14,US,North Carolina,Dare,212,2,0,35.66520691,-75.71767334,37055.0,572.8336350617417,0.9433962264150944,210,211,2,0,209,210,36501,1,0,0,1,1
2020-08-14,US,North Carolina,Davidson,1864,23,0,35.79115496,-80.21256572,37057.0,1112.112118084351,1.2339055793991416,1841,1836,22,0,1814,1817,166614,28,1,0,27,19
2020-08-14,US,North Carolina,Davie,436,5,0,35.93099927,-80.54496571,37059.0,1017.5979087896187,1.1467889908256879,431,430,5,0,425,431,42733,6,0,0,6,-1
2020-08-14,US,North Carolina,Duplin,2023,49,0,34.93449805,-77.93140529,37061.0,3443.931836366422,2.4221453287197234,1974,2017,48,0,1969,2015,58856,6,1,0,5,2
2020-08-14,US,North Carolina,Durham,6377,80,0,36.03638492,-78.87608331,37063.0,1983.5888120240882,1.254508389524855,6297,6298,80,0,6218,6231,316739,79,0,0,79,67
2020-08-14,US,North Carolina,Edgecombe,725,13,0,35.91230639,-77.59436892,37065.0,1408.5327945290646,1.7931034482758617,712,691,13,0,678,672,52005,34,0,0,34,19
2020-08-14,US,North Carolina,Forsyth,5513,56,0,36.12859861,-80.25459052,37067.0,1442.0800690566186,1.0157808815526936,5457,5440,53,0,5387,5381,379099,73,3,0,70,59
2020-08-14,US,North Carolina,Franklin,921,26,0,36.081519,-78.28708884,37069.0,1321.661763650714,2.8230184581976117,895,905,26,0,879,891,67560,16,0,0,16,14
2020-08-14,US,North Carolina,Gaston,3539,57,0,35.29373559,-81.17477045,37071.0,1576.1883765571483,1.6106244701893189,3482,3438,56,0,3382,3392,222846,101,1,0,100,46
2020-08-14,US,North Carolina,Gates,51,2,0,36.44667547,-76.69749701,37073.0,441.10015568240783,3.92156862745098,49,49,2,0,47,47,11573,2,0,0,2,2
2020-08-14,US,North Carolina,Graham,46,0,0,35.3506925,-83.83369267,37075.0,544.9591280653951,0.0,46,44,0,0,44,43,8484,2,0,0,2,1
2020-08-14,US,North Carolina,Granville,1341,29,0,36.30337451,-78.65184241,37077.0,2218.6191949439967,2.162565249813572,1312,1293,29,0,1264,1278,60115,48,0,0,48,15
2020-08-14,US,North Carolina,Greene,341,3,0,35.48544173,-77.67578087,37079.0,1618.4916227633014,0.8797653958944281,338,336,3,0,333,333,21012,5,0,0,5,3
2020-08-14,US,North Carolina,Guilford,5911,158,0,36.07959451,-79.78824948,37081.0,1100.3883285490365,2.6729825748604297,5753,5826,158,0,5668,5753,533670,85,0,0,85,73
2020-08-14,US,North Carolina,Halifax,752,8,0,36.25669272,-77.6556109,37083.0,1503.6992601479706,1.0638297872340423,744,746,7,0,739,721,50574,6,1,0,5,25
2020-08-14,US,North Carolina,Harnett,1398,40,0,35.36731853,-78.87243571,37085.0,1028.1226098723303,2.861230329041488,1358,1357,40,0,1317,1337,134214,41,0,0,41,20
2020-08-14,US,North Carolina,Haywood,457,24,0,35.55269063,-82.98196486,37087.0,733.3472407208305,5.25164113785558,433,445,18,0,427,441,61971,12,6,0,6,4
2020-08-14,US,North Carolina,Henderson,1542,56,0,35.33788927,-82.4766782,37089.0,1313.268095761261,3.631647211413749,1486,1517,56,0,1461,1505,116748,25,0,0,25,12
2020-08-14,US,North Carolina,Hertford,394,11,0,36.3607755,-76.98104134,37091.0,1664.062170038434,2.7918781725888326,383,365,11,0,354,358,23659,29,0,0,29,7
2020-08-14,US,North Carolina,Hoke,773,11,0,35.01888303,-79.23651674,37093.0,1399.500307781439,1.423027166882277,762,761,11,0,750,738,54764,12,0,0,12,23
2020-08-14,US,North Carolina,Hyde,54,0,0,35.42017674,-76.15180542,37095.0,1093.7816487745597,0.0,54,48,0,0,48,46,5230,6,0,0,6,2
2020-08-14,US,North Carolina,Iredell,1963,17,0,35.80950511,-80.8743128,37097.0,1079.7223413968736,0.8660213958227203,1946,1912,17,0,1895,1905,178435,51,0,0,51,7
2020-08-14,US,North Carolina,Jackson,458,7,0,35.28814273,-83.14093385,37099.0,1042.37789612636,1.5283842794759823,451,460,7,0,453,457,43327,-2,0,0,-2,3
2020-08-14,US,North Carolina,Johnston,3424,45,0,35.51745004,-78.36622717,37101.0,1635.6245133491614,1.3142523364485978,3379,3381,45,0,3336,3357,202675,43,0,0,43,24
2020-08-14,US,North Carolina,Jones,100,4,0,35.02254606,-77.35870791,37103.0,1061.6838305552606,4.0,96,99,4,0,95,99,9637,1,0,0,1,0
2020-08-14,US,North Carolina,Lee,1328,11,0,35.47623147,-79.17569362,37105.0,2149.597759756552,0.8283132530120482,1317,1311,11,0,1300,1306,61452,17,0,0,17,5
2020-08-14,US,North Carolina,Lenoir,632,11,0,35.24032589999999,-77.64245615,37107.0,1129.6001715848365,1.7405063291139242,621,600,11,0,589,599,55976,32,0,0,32,1
2020-08-14,US,North Carolina,Lincoln,926,10,0,35.48508185,-81.21740317,37109.0,1075.3562262660982,1.079913606911447,916,893,10,0,883,869,83770,33,0,0,33,24
2020-08-14,US,North Carolina,Macon,475,2,0,35.14867843,-83.41696617,37113.0,1324.6695298120364,0.42105263157894735,473,469,2,0,467,480,35285,6,0,0,6,-11
2020-08-14,US,North Carolina,Madison,49,1,0,35.85402722,-82.71346418,37115.0,225.23557802803955,2.0408163265306123,48,48,1,0,47,49,21763,1,0,0,1,-1
2020-08-14,US,North Carolina,Martin,277,6,0,35.84326734,-77.10860251,37117.0,1234.402852049911,2.166064981949458,271,265,6,0,259,268,22671,12,0,0,12,-3
2020-08-14,US,North Carolina,McDowell,709,20,0,35.67736232,-82.0482425,37111.0,1549.5235597517265,2.8208744710860367,689,696,19,0,677,690,45507,13,1,0,12,6
2020-08-14,US,North Carolina,Mecklenburg,22989,257,0,35.24469268,-80.8317671,37119.0,2070.4170554308707,1.1179259645917612,22732,22803,246,0,22557,22612,1093901,186,11,0,175,191
2020-08-14,US,North Carolina,Mitchell,80,3,0,36.01059309,-82.1582442,37121.0,534.6164127238707,3.75,77,81,3,0,78,120,15000,-1,0,0,-1,-39
2020-08-14,US,North Carolina,Montgomery,686,16,0,35.33155144,-79.90416657,37123.0,2524.564825378133,2.332361516034985,670,659,14,0,645,740,27271,27,2,0,25,-81
2020-08-14,US,North Carolina,Moore,1081,20,0,35.30885257,-79.48474178,37125.0,1071.5701823949246,1.8501387604070303,1061,1046,20,0,1026,1031,98682,35,0,0,35,15
2020-08-14,US,North Carolina,Nash,1315,14,0,35.96575634,-77.98422508,37127.0,1394.5152601327707,1.064638783269962,1301,1252,12,0,1240,1220,94016,63,2,0,61,32
2020-08-14,US,North Carolina,New Hanover,2692,21,0,34.25758282,-77.87075626,37129.0,1148.1066050248855,0.7800891530460624,2671,2644,21,0,2623,2696,232274,48,0,0,48,-52
2020-08-14,US,North Carolina,Northampton,318,16,0,36.41736238,-77.39769443,37131.0,1632.1921675306678,5.031446540880503,302,311,16,0,295,351,19676,7,0,0,7,-40
2020-08-14,US,North Carolina,Onslow,1194,12,0,34.72607366,-77.42908179,37133.0,603.2191898473259,1.0050251256281406,1182,1154,12,0,1142,1138,197683,40,0,0,40,16
2020-08-14,US,North Carolina,Orange,1430,48,0,36.06092947,-79.12167935,37135.0,963.1186184972656,3.3566433566433567,1382,1389,48,0,1341,1361,146027,41,0,0,41,28
2020-08-14,US,North Carolina,Pamlico,73,1,0,35.15253315,-76.66559823,37137.0,573.6287914505738,1.3698630136986298,72,73,1,0,72,73,12670,0,0,0,0,0
2020-08-14,US,North Carolina,Pasquotank,443,20,0,36.26723798,-76.25134778,37139.0,1112.3945359582162,4.514672686230249,423,430,20,0,410,423,39639,13,0,0,13,7
2020-08-14,US,North Carolina,Pender,692,3,0,34.52265624,-77.90352133,37141.0,1097.3675864256263,0.4335260115606937,689,675,3,0,672,669,62162,17,0,0,17,6
2020-08-14,US,North Carolina,Perquimans,93,2,0,36.17847453,-76.40603143,37143.0,690.7821436529747,2.150537634408602,91,90,2,0,88,88,13422,3,0,0,3,2
2020-08-14,US,North Carolina,Person,243,2,0,36.38989032,-78.97217358,37145.0,615.345657128387,0.8230452674897121,241,234,2,0,232,228,39507,9,0,0,9,6
2020-08-14,US,North Carolina,Pitt,2241,14,0,35.59535426,-77.37353178,37147.0,1239.8889024133848,0.6247211066488175,2227,2161,11,0,2150,2105,179914,80,3,0,77,56
2020-08-14,US,North Carolina,Polk,172,6,0,35.27820615,-82.16812354,37149.0,829.9556070256708,3.4883720930232562,166,165,6,0,159,164,20611,7,0,0,7,1
2020-08-14,US,North Carolina,Randolph,2243,39,0,35.71015088,-79.80570339,37151.0,1561.249277843903,1.7387427552385195,2204,2211,38,0,2173,2199,143351,32,1,0,31,12
2020-08-14,US,North Carolina,Richmond,553,9,0,35.00417719,-79.74491009,37153.0,1233.5764795110308,1.6274864376130198,544,534,9,0,525,524,44887,19,0,0,19,10
2020-08-14,US,North Carolina,Robeson,3003,56,0,34.64244496,-79.10250529999998,37155.0,2298.9473684210525,1.8648018648018647,2947,2856,55,0,2801,2854,131831,147,1,0,146,2
2020-08-14,US,North Carolina,Rockingham,585,6,0,36.39593137,-79.77504841,37157.0,642.7865069772553,1.0256410256410255,579,574,4,0,570,567,90690,11,2,0,9,7
2020-08-14,US,North Carolina,Rowan,2340,51,0,35.64003916,-80.52446628,37159.0,1646.8667304768876,2.1794871794871797,2289,2291,50,0,2241,2248,141262,49,1,0,48,43
2020-08-14,US,North Carolina,Rutherford,812,13,0,35.40114178,-81.92112099,37161.0,1211.4159542884422,1.6009852216748768,799,787,13,0,774,781,66826,25,0,0,25,6
2020-08-14,US,North Carolina,Sampson,1510,19,0,34.98820368,-78.36914061,37163.0,2376.792432041051,1.2582781456953642,1491,1504,18,0,1486,1511,63626,6,1,0,5,-7
2020-08-14,US,North Carolina,Scotland,415,5,0,34.8386299,-79.4757978,37165.0,1191.7410906584728,1.2048192771084338,410,388,5,0,383,374,34810,27,0,0,27,14
2020-08-14,US,North Carolina,Stanly,1224,31,0,35.31647813,-80.25093221,37167.0,1948.8583893258608,2.5326797385620914,1193,1171,31,0,1140,1103,62075,53,0,0,53,68
2020-08-14,US,North Carolina,Stokes,301,3,0,36.4017975,-80.23893369,37169.0,660.2180254874867,0.9966777408637874,298,295,3,0,292,296,45467,6,0,0,6,-1
2020-08-14,US,North Carolina,Surry,998,10,0,36.41689489,-80.69102283,37171.0,1390.3013248262125,1.002004008016032,988,974,10,0,964,967,71948,24,0,0,24,7
2020-08-14,US,North Carolina,Swain,120,2,0,35.48665845,-83.48748932,37173.0,840.8660920748372,1.6666666666666667,118,123,2,0,121,121,14245,-3,0,0,-3,2
2020-08-14,US,North Carolina,Transylvania,155,1,0,35.20383864,-82.79638423,37175.0,450.77795550385343,0.6451612903225806,154,146,1,0,145,145,34215,9,0,0,9,1
2020-08-14,US,North Carolina,Tyrrell,101,2,0,35.87147226,-76.17055253,37177.0,2514.9402390438245,1.98019801980198,99,100,2,0,98,99,4131,1,0,0,1,1
2020-08-14,US,North Carolina,Union,3326,43,0,34.98960527,-80.52955873,37179.0,1386.6479890268865,1.2928442573662056,3283,3222,43,0,3179,3170,235908,104,0,0,104,52
2020-08-14,US,North Carolina,Vance,810,41,0,36.36880673,-78.40670845,37181.0,1818.7942068036373,5.061728395061729,769,793,41,0,752,787,44582,17,0,0,17,6
2020-08-14,US,North Carolina,Wake,12603,182,0,35.78879266,-78.65249174,37183.0,1133.606953293019,1.4441006109656431,12421,12406,179,0,12227,12263,1092305,197,3,0,194,143
2020-08-14,US,North Carolina,Warren,267,6,0,36.39728256,-78.10652228,37185.0,1353.200547362019,2.247191011235955,261,264,6,0,258,261,19807,3,0,0,3,3
2020-08-14,US,North Carolina,Washington,140,4,0,35.83810081,-76.57299037,37187.0,1208.9810017271154,2.8571428571428568,136,136,4,0,132,136,11859,4,0,0,4,0
2020-08-14,US,North Carolina,Watauga,331,0,0,36.23103603,-81.70033724,37189.0,589.2091069298823,0.0,331,309,0,0,309,316,55945,22,0,0,22,-7
2020-08-14,US,North Carolina,Wayne,2515,42,0,35.36438125,-78.00027268,37191.0,2042.5400589615936,1.6699801192842942,2473,2463,42,0,2421,2445,123248,52,0,0,52,18
2020-08-14,US,North Carolina,Wilkes,905,18,0,36.2084135,-81.16232895,37193.0,1322.8673332163949,1.988950276243094,887,871,12,0,859,852,68557,34,6,0,28,19
2020-08-14,US,North Carolina,Wilson,1552,36,0,35.70625477,-77.917978,37195.0,1897.2873192259265,2.31958762886598,1516,1525,36,0,1489,1514,81455,27,0,0,27,11
2020-08-14,US,North Carolina,Yadkin,562,6,0,36.16222629,-80.66239436,37197.0,1492.0221944938544,1.0676156583629892,556,558,6,0,552,557,37543,4,0,0,4,1
2020-08-14,US,North Carolina,Yancey,80,0,0,35.90079156,-82.31237181,37199.0,442.74724666555977,0.0,80,78,0,0,78,114,17903,2,0,0,2,-36
2020-08-14,US,North Dakota,Adams,3,0,0,46.09686891,-102.5285397,38001.0,135.37906137184117,0.0,3,3,0,0,3,3,2294,0,0,0,0,0
2020-08-14,US,North Dakota,Barnes,43,0,0,46.93579637,-98.06605978,38003.0,412.8660585693711,0.0,43,39,0,0,39,38,10542,4,0,0,4,1
2020-08-14,US,North Dakota,Benson,165,2,0,48.0683985,-99.35916363,38005.0,2415.1053864168616,1.2121212121212122,163,157,2,0,155,145,6962,8,0,0,8,12
2020-08-14,US,North Dakota,Billings,3,0,0,47.02366884,-103.3762965,38007.0,323.27586206896547,0.0,3,3,0,0,3,2,919,0,0,0,0,1
2020-08-14,US,North Dakota,Bottineau,22,0,0,48.79106111,-100.8378166,38009.0,350.2069404648201,0.0,22,21,0,0,21,20,6411,1,0,0,1,1
2020-08-14,US,North Dakota,Bowman,11,0,0,46.11285362,-103.5203343,38011.0,363.7566137566138,0.0,11,11,0,0,11,11,3076,0,0,0,0,0
2020-08-14,US,North Dakota,Burke,23,0,0,48.79094471,-102.51821170000001,38013.0,1087.4704491725768,0.0,23,23,0,0,23,23,2100,0,0,0,0,0
2020-08-14,US,North Dakota,Burleigh,1344,8,0,46.97847375,-100.46452140000001,38015.0,1405.4754982954425,0.5952380952380952,1336,1294,8,0,1286,1255,95273,50,0,0,50,39
2020-08-14,US,North Dakota,Cass,3117,76,0,46.93201724,-97.24447190000001,38017.0,1713.3622466647973,2.438241899262111,3041,3088,76,0,3012,3073,181516,29,0,0,29,15
2020-08-14,US,North Dakota,Cavalier,31,0,0,48.77286211,-98.46685243,38019.0,824.0297713981925,0.0,31,31,0,0,31,31,3829,0,0,0,0,0
2020-08-14,US,North Dakota,Dickey,14,0,0,46.11017712,-98.50490079999999,38021.0,287.3563218390805,0.0,14,13,0,0,13,13,4903,1,0,0,1,0
2020-08-14,US,North Dakota,Divide,4,0,0,48.814938700000006,-103.48736109999999,38023.0,176.67844522968196,0.0,4,4,0,0,4,3,2283,0,0,0,0,1
2020-08-14,US,North Dakota,Dunn,31,0,0,47.35423935,-102.61604679999999,38025.0,700.7233273056057,0.0,31,31,0,0,31,31,4332,0,0,0,0,0
2020-08-14,US,North Dakota,Eddy,19,0,0,47.71701474,-98.90432337,38027.0,830.7826847398337,0.0,19,20,0,0,20,19,2313,-1,0,0,-1,1
2020-08-14,US,North Dakota,Emmons,23,1,0,46.28398398,-100.2389766,38029.0,709.6575131132367,4.3478260869565215,22,18,1,0,17,18,3295,5,0,0,5,0
2020-08-14,US,North Dakota,Foster,26,0,0,47.457108399999996,-98.88279923,38031.0,809.9688473520247,0.0,26,26,0,0,26,26,3216,0,0,0,0,0
2020-08-14,US,North Dakota,Golden Valley,11,0,0,46.94022281,-103.8465421,38033.0,624.6450880181715,0.0,11,8,0,0,8,6,1769,3,0,0,3,2
2020-08-14,US,North Dakota,Grand Forks,775,8,0,47.92093639,-97.45450447,38035.0,1115.8946595441394,1.032258064516129,767,728,7,0,721,710,70770,47,1,0,46,18
2020-08-14,US,North Dakota,Grant,4,0,0,46.35821257,-101.63900129999999,38037.0,175.9014951627089,0.0,4,4,0,0,4,4,2374,0,0,0,0,0
2020-08-14,US,North Dakota,Griggs,37,1,0,47.45785838,-98.23850925,38039.0,1658.4491259524875,2.702702702702702,36,37,1,0,36,35,2232,0,0,0,0,2
2020-08-14,US,North Dakota,Hettinger,7,0,0,46.43375068,-102.4632417,38041.0,280.11204481792714,0.0,7,6,0,0,6,6,2514,1,0,0,1,0
2020-08-14,US,North Dakota,Kidder,22,0,0,46.97830064,-99.77507857,38043.0,887.0967741935484,0.0,22,19,0,0,19,18,2450,3,0,0,3,1
2020-08-14,US,North Dakota,LaMoure,16,0,0,46.45681054,-98.53542355,38045.0,395.45229856648535,0.0,16,16,0,0,16,16,4062,0,0,0,0,0
2020-08-14,US,North Dakota,Logan,7,0,0,46.45729487,-99.47719806,38047.0,378.3783783783784,0.0,7,7,0,0,7,7,1903,0,0,0,0,0
2020-08-14,US,North Dakota,McHenry,21,1,0,48.23104458,-100.6324822,38049.0,365.53524804177545,4.761904761904762,20,19,1,0,18,17,5816,2,0,0,2,2
2020-08-14,US,North Dakota,McIntosh,41,2,0,46.11182017,-99.44145858,38051.0,1641.9703644373249,4.878048780487805,39,41,2,0,39,39,2585,0,0,0,0,2
2020-08-14,US,North Dakota,McKenzie,92,2,0,47.74133370000001,-103.395905,38053.0,612.3535676251331,2.1739130434782608,90,91,2,0,89,91,13632,1,0,0,1,0
2020-08-14,US,North Dakota,McLean,98,0,0,47.60766714,-101.3182418,38055.0,1037.037037037037,0.0,98,83,0,0,83,79,9541,15,0,0,15,4
2020-08-14,US,North Dakota,Mercer,34,0,0,47.31213126,-101.8318399,38057.0,415.2925369488214,0.0,34,32,0,0,32,31,8267,2,0,0,2,1
2020-08-14,US,North Dakota,Morton,440,4,0,46.71681782,-101.2822377,38059.0,1402.8822854227774,0.9090909090909092,436,425,4,0,421,407,31095,15,0,0,15,18
2020-08-14,US,North Dakota,Mountrail,151,1,0,48.20197971,-102.3555315,38061.0,1431.9582740635376,0.6622516556291391,150,146,1,0,145,141,10218,5,0,0,5,5
2020-08-14,US,North Dakota,Nelson,27,0,0,47.9226426,-98.19038437,38063.0,937.8256339006599,0.0,27,26,0,0,26,26,2869,1,0,0,1,0
2020-08-14,US,North Dakota,Oliver,7,0,0,47.11530482,-101.3406158,38065.0,357.32516590096986,0.0,7,7,0,0,7,7,1952,0,0,0,0,0
2020-08-14,US,North Dakota,Pembina,27,0,0,48.76623521,-97.5523809,38067.0,397.00044111160116,0.0,27,27,0,0,27,27,6947,0,0,0,0,0
2020-08-14,US,North Dakota,Pierce,16,0,0,48.24977025,-99.96407787,38069.0,402.5157232704403,0.0,16,15,0,0,15,13,4081,1,0,0,1,2
2020-08-14,US,North Dakota,Ramsey,85,2,0,48.26886249,-98.72223879,38071.0,737.9112770205747,2.3529411764705883,83,80,2,0,78,75,11481,5,0,0,5,5
2020-08-14,US,North Dakota,Ransom,28,0,0,46.45621782,-97.65742504,38073.0,536.6040628593331,0.0,28,28,0,0,28,28,5237,0,0,0,0,0
2020-08-14,US,North Dakota,Renville,10,0,0,48.71982533,-101.6603912,38075.0,429.7378599054577,0.0,10,9,0,0,9,9,2374,1,0,0,1,0
2020-08-14,US,North Dakota,Richland,115,1,0,46.26440649,-96.94852979,38077.0,710.8858255547998,0.8695652173913043,114,114,1,0,113,113,16239,1,0,0,1,1
2020-08-14,US,North Dakota,Rolette,88,0,0,48.77245354,-99.84097493,38079.0,620.7674943566591,0.0,88,85,0,0,85,82,14301,3,0,0,3,3
2020-08-14,US,North Dakota,Sargent,10,0,0,46.10830372,-97.63217159,38081.0,256.5418163160595,0.0,10,10,0,0,10,10,3870,0,0,0,0,0
2020-08-14,US,North Dakota,Sheridan,9,0,0,47.57700669,-100.3426391,38083.0,684.4106463878327,0.0,9,9,0,0,9,9,1349,0,0,0,0,0
2020-08-14,US,North Dakota,Sioux,93,1,0,46.11323337,-101.04401490000001,38085.0,2198.581560283688,1.075268817204301,92,91,1,0,90,89,4358,2,0,0,2,2
2020-08-14,US,North Dakota,Slope,4,0,0,46.44737738,-103.4601547,38087.0,533.3333333333334,0.0,4,4,0,0,4,4,763,0,0,0,0,0
2020-08-14,US,North Dakota,Stark,375,5,0,46.80851182,-102.65763259999999,38089.0,1190.8920575439042,1.3333333333333333,370,349,5,0,344,300,30997,26,0,0,26,49
2020-08-14,US,North Dakota,Steele,16,0,0,47.45611548,-97.72728747,38091.0,846.5608465608466,0.0,16,15,0,0,15,15,1903,1,0,0,1,0
2020-08-14,US,North Dakota,Stutsman,130,3,0,46.97962541,-98.95637318,38093.0,627.8979907264297,2.3076923076923075,127,127,3,0,124,128,20917,3,0,0,3,-1
2020-08-14,US,North Dakota,Towner,5,0,0,48.68565745,-99.24564265,38095.0,228.41480127912288,0.0,5,5,0,0,5,5,2192,0,0,0,0,0
2020-08-14,US,North Dakota,Traill,62,0,0,47.45367788,-97.16323288,38097.0,771.5281234444998,0.0,62,58,0,0,58,57,8037,4,0,0,4,1
2020-08-14,US,North Dakota,Walsh,114,0,0,48.36876964,-97.72574783,38099.0,1071.3278827177896,0.0,114,107,0,0,107,106,10667,7,0,0,7,1
2020-08-14,US,North Dakota,Ward,263,1,0,48.22390169,-101.54367629999999,38101.0,388.81743321358346,0.3802281368821293,262,245,1,0,244,238,67744,18,0,0,18,7
2020-08-14,US,North Dakota,Wells,24,0,0,47.58614526,-99.65904998,38103.0,625.9780907668231,0.0,24,23,0,0,23,23,3957,1,0,0,1,0
2020-08-14,US,North Dakota,Williams,301,2,0,48.34522353,-103.4793387,38105.0,800.7661815956793,0.6644518272425249,299,293,2,0,291,288,35350,8,0,0,8,5
2020-08-14,US,Ohio,Adams,69,2,0,38.84541072,-83.4718964,39001.0,249.11545959997108,2.898550724637681,67,68,2,0,66,64,27724,1,0,0,1,4
2020-08-14,US,Ohio,Allen,872,46,0,40.77285242,-84.10802343,39003.0,851.9701810436635,5.275229357798165,826,817,46,0,771,794,102663,55,0,0,55,23
2020-08-14,US,Ohio,Ashland,160,3,0,40.84772277,-82.27280781,39005.0,299.15488744297363,1.875,157,156,3,0,153,155,53745,4,0,0,4,1
2020-08-14,US,Ohio,Ashtabula,583,46,0,41.70860332,-80.74830218,39007.0,599.5413457286536,7.890222984562608,537,580,46,0,534,577,97493,3,0,0,3,3
2020-08-14,US,Ohio,Athens,366,2,0,39.33425634,-82.04278644,39009.0,560.2583923951812,0.5464480874316939,364,364,2,0,362,361,65818,2,0,0,2,3
2020-08-14,US,Ohio,Auglaize,291,8,0,40.55998859,-84.22421429999999,39011.0,637.3751533204836,2.7491408934707904,283,286,6,0,280,275,45804,5,2,0,3,11
2020-08-14,US,Ohio,Belmont,638,26,0,40.01625942,-80.9924051,39013.0,952.1535384890906,4.075235109717869,612,628,26,0,602,627,67505,10,0,0,10,1
2020-08-14,US,Ohio,Brown,157,2,0,38.93416837,-83.86788395,39015.0,361.48461963529195,1.2738853503184713,155,150,2,0,148,150,43602,7,0,0,7,0
2020-08-14,US,Ohio,Butler,3164,69,0,39.44012838,-84.57388716,39017.0,825.8207311280127,2.1807838179519594,3095,3070,64,0,3006,3033,382378,94,5,0,89,37
2020-08-14,US,Ohio,Carroll,116,5,0,40.578968599999996,-81.09178213,39019.0,431.0024522553318,4.310344827586206,111,114,5,0,109,113,27081,2,0,0,2,1
2020-08-14,US,Ohio,Champaign,198,2,0,40.13923427,-83.76875242,39021.0,509.1937765205092,1.0101010101010102,196,192,2,0,190,188,38754,6,0,0,6,4
2020-08-14,US,Ohio,Clark,1249,16,0,39.91592258,-83.78498252,39023.0,931.5125705719593,1.281024819855885,1233,1218,15,0,1203,1213,134585,31,1,0,30,5
2020-08-14,US,Ohio,Clermont,1029,11,0,39.04847534,-84.15375786,39025.0,498.4788885228749,1.0689990281827018,1018,981,11,0,970,962,205466,48,0,0,48,19
2020-08-14,US,Ohio,Clinton,183,6,0,39.41485808,-83.80852286,39027.0,436.04651162790697,3.278688524590164,177,174,6,0,168,171,42057,9,0,0,9,3
2020-08-14,US,Ohio,Columbiana,1712,62,0,40.76932373,-80.78094576,39029.0,1680.358842986563,3.6214953271028034,1650,1699,60,0,1639,1683,102665,13,2,0,11,16
2020-08-14,US,Ohio,Coshocton,201,9,0,40.30096166,-81.91729018,39031.0,549.1803278688525,4.477611940298506,192,199,9,0,190,196,36629,2,0,0,2,3
2020-08-14,US,Ohio,Crawford,183,5,0,40.85065156,-82.91989099,39033.0,441.02761845086036,2.7322404371584703,178,177,5,0,172,177,41550,6,0,0,6,0
2020-08-14,US,Ohio,Cuyahoga,14278,529,0,41.424119,-81.65918339,39035.0,1156.0459633122605,3.705000700378205,13749,13999,519,0,13480,13869,1243857,279,10,0,269,130
2020-08-14,US,Ohio,Darke,450,30,0,40.13412966,-84.6194517,39037.0,880.402246003952,6.666666666666668,420,425,29,0,396,414,51323,25,1,0,24,11
2020-08-14,US,Ohio,Defiance,164,4,0,41.32398837,-84.49076944,39039.0,430.59311576128334,2.4390243902439024,160,155,4,0,151,154,38165,9,0,0,9,1
2020-08-14,US,Ohio,Delaware,1404,19,0,40.27942393,-83.00457058,39041.0,671.2019007825908,1.3532763532763532,1385,1378,19,0,1359,1365,204826,26,0,0,26,13
2020-08-14,US,Ohio,Erie,630,30,0,41.36796058,-82.62904521,39043.0,848.3020493900302,4.761904761904762,600,619,28,0,591,610,74615,11,2,0,9,9
2020-08-14,US,Ohio,Fairfield,1492,35,0,39.75107189,-82.63088163,39045.0,946.856714940282,2.345844504021448,1457,1449,33,0,1416,1432,155782,43,2,0,41,17
2020-08-14,US,Ohio,Fayette,129,0,0,39.56021306,-83.4562016,39047.0,452.2348816827345,0.0,129,126,0,0,126,124,28666,3,0,0,3,2
2020-08-14,US,Ohio,Franklin,19437,537,0,39.96995815,-83.01115755,39049.0,1476.1276956398908,2.7627720327210987,18900,19124,533,0,18591,18965,1310300,313,4,0,309,159
2020-08-14,US,Ohio,Fulton,162,1,0,41.60213491,-84.12571393,39051.0,384.56060390257795,0.6172839506172839,161,158,1,0,157,155,42276,4,0,0,4,3
2020-08-14,US,Ohio,Gallia,88,2,0,38.82708533,-82.31647569,39053.0,294.33406916850623,2.272727272727273,86,78,1,0,77,74,29979,10,1,0,9,4
2020-08-14,US,Ohio,Geauga,565,45,0,41.49952319,-81.17935342,39055.0,603.3166397932706,7.9646017699115035,520,565,45,0,520,561,94031,0,0,0,0,4
2020-08-14,US,Ohio,Greene,773,12,0,39.69116283,-83.89032084,39057.0,457.5670220259623,1.552393272962484,761,742,12,0,730,730,167995,31,0,0,31,12
2020-08-14,US,Ohio,Guernsey,121,7,0,40.05026529,-81.49248905,39059.0,311.2540192926045,5.785123966942148,114,121,7,0,114,119,39022,0,0,0,0,2
2020-08-14,US,Ohio,Hamilton,10101,269,0,39.19673558,-84.54502924,39061.0,1235.6371403092212,2.6631026631026637,9832,9917,260,0,9657,9844,816684,184,9,0,175,73
2020-08-14,US,Ohio,Hancock,428,3,0,41.00250487,-83.66838948,39063.0,564.7704630326062,0.7009345794392523,425,410,3,0,407,397,75930,18,0,0,18,13
2020-08-14,US,Ohio,Hardin,186,12,0,40.66015414,-83.65929931,39065.0,593.0176948828313,6.451612903225807,174,180,12,0,168,175,31480,6,0,0,6,5
2020-08-14,US,Ohio,Harrison,26,1,0,40.29380509,-81.09068544,39067.0,172.87234042553192,3.8461538461538463,25,26,1,0,25,26,15174,0,0,0,0,0
2020-08-14,US,Ohio,Henry,128,2,0,41.333964200000004,-84.06830637,39069.0,473.9687476856994,1.5625,126,124,2,0,122,122,27086,4,0,0,4,2
2020-08-14,US,Ohio,Highland,171,2,0,39.1839264,-83.60331456,39071.0,396.1910057690972,1.1695906432748535,169,169,2,0,167,169,43058,2,0,0,2,0
2020-08-14,US,Ohio,Hocking,124,9,0,39.49537927,-82.47991446,39073.0,438.7206340220777,7.258064516129032,115,122,9,0,113,122,28385,2,0,0,2,0
2020-08-14,US,Ohio,Holmes,333,6,0,40.56163713,-81.92635677,39075.0,757.5068243858052,1.8018018018018016,327,331,6,0,325,331,43892,2,0,0,2,0
2020-08-14,US,Ohio,Huron,418,5,0,41.14651175,-82.59867951,39077.0,717.3995125802354,1.1961722488038278,413,413,5,0,408,411,58504,5,0,0,5,2
2020-08-14,US,Ohio,Jackson,81,0,0,39.01914254,-82.61818559999998,39079.0,249.89973158917718,0.0,81,78,0,0,78,77,32384,3,0,0,3,1
2020-08-14,US,Ohio,Jefferson,250,3,0,40.38614126,-80.76259514,39081.0,382.70187523918884,1.2,247,240,3,0,237,240,65767,10,0,0,10,0
2020-08-14,US,Ohio,Knox,223,9,0,40.39830217,-82.42027563,39083.0,357.8190687076795,4.035874439461884,214,218,9,0,209,214,61893,5,0,0,5,4
2020-08-14,US,Ohio,Lake,1170,43,0,41.69710807,-81.23676539,39085.0,508.36631921059836,3.675213675213675,1127,1154,43,0,1111,1146,230514,16,0,0,16,8
2020-08-14,US,Ohio,Lawrence,336,4,0,38.59743452,-82.53466552,39087.0,565.0572624993694,1.1904761904761905,332,323,0,0,323,318,59866,13,4,0,9,5
2020-08-14,US,Ohio,Licking,1409,55,0,40.09136236,-82.48185785,39089.0,796.6663274191177,3.9034776437189502,1354,1367,51,0,1316,1345,175769,42,4,0,38,22
2020-08-14,US,Ohio,Logan,181,2,0,40.38996525,-83.76784341,39091.0,396.3040812751796,1.1049723756906078,179,169,2,0,167,167,45358,12,0,0,12,2
2020-08-14,US,Ohio,Lorain,1906,77,0,41.29553751,-82.15083537,39093.0,615.1701077677328,4.0398740818468,1829,1867,77,0,1790,1831,309461,39,0,0,39,36
2020-08-14,US,Ohio,Lucas,5673,329,0,41.62101218,-83.65468618,39095.0,1324.3904488873536,5.79940066983959,5344,5544,324,0,5220,5512,429899,129,5,0,124,32
2020-08-14,US,Ohio,Madison,592,10,0,39.89381073,-83.40178317,39097.0,1323.4669468601194,1.6891891891891893,582,580,10,0,570,503,44413,12,0,0,12,77
2020-08-14,US,Ohio,Mahoning,2675,260,0,41.01631101,-80.77287029,39099.0,1169.7415199205886,9.719626168224297,2415,2644,258,0,2386,2623,229642,31,2,0,29,21
2020-08-14,US,Ohio,Marion,2961,45,0,40.58610662,-83.15736305,39101.0,4548.876223249812,1.5197568389057752,2916,2952,45,0,2907,2942,65256,9,0,0,9,10
2020-08-14,US,Ohio,Medina,993,36,0,41.11770589,-81.89986209999998,39103.0,552.4462296796589,3.625377643504532,957,977,36,0,941,959,179146,16,0,0,16,18
2020-08-14,US,Ohio,Meigs,66,0,0,39.09224872,-82.0305041,39105.0,288.121534901995,0.0,66,63,0,0,63,58,23106,3,0,0,3,5
2020-08-14,US,Ohio,Mercer,682,14,0,40.54043046,-84.62912742,39107.0,1656.465559117847,2.0527859237536656,668,668,13,0,655,641,40959,14,1,0,13,27
2020-08-14,US,Ohio,Miami,905,39,0,40.0543329,-84.22871271,39109.0,845.8971650761307,4.30939226519337,866,881,39,0,842,868,106222,24,0,0,24,13
2020-08-14,US,Ohio,Monroe,96,18,0,39.72984936,-81.08464734,39111.0,703.0906694009082,18.75,78,94,18,0,76,94,13790,2,0,0,2,0
2020-08-14,US,Ohio,Montgomery,4651,103,0,39.75394919,-84.29050975,39113.0,874.7627833669059,2.214577510212857,4548,4544,101,0,4443,4489,532331,107,2,0,105,55
2020-08-14,US,Ohio,Morgan,33,0,0,39.62081738,-81.85308173,39115.0,227.46071133167908,0.0,33,31,0,0,31,30,14604,2,0,0,2,1
2020-08-14,US,Ohio,Morrow,189,2,0,40.52363560000001,-82.7892599,39117.0,534.9864130434784,1.058201058201058,187,185,2,0,183,179,35112,4,0,0,4,6
2020-08-14,US,Ohio,Muskingum,266,1,0,39.96575964,-81.94363275,39119.0,308.5309980861798,0.3759398496240601,265,256,1,0,255,248,86183,10,0,0,10,8
2020-08-14,US,Ohio,Noble,19,0,0,39.76818851,-81.45937183,39121.0,131.72490293954522,0.0,19,19,0,0,19,17,14354,0,0,0,0,2
2020-08-14,US,Ohio,Ottawa,411,27,0,41.53781826,-83.0940185,39123.0,1014.1887723627393,6.569343065693432,384,405,27,0,378,404,40769,6,0,0,6,1
2020-08-14,US,Ohio,Paulding,74,0,0,41.11676341,-84.5801017,39125.0,396.3153384747215,0.0,74,72,0,0,72,70,18760,2,0,0,2,2
2020-08-14,US,Ohio,Perry,175,3,0,39.73508655,-82.23804971,39127.0,484.30840759395585,1.7142857142857142,172,164,3,0,161,148,36033,11,0,0,11,16
2020-08-14,US,Ohio,Pickaway,2416,42,0,39.64170392,-83.0243386,39129.0,4132.952426569957,1.7384105960264902,2374,2404,42,0,2362,2400,58086,12,0,0,12,4
2020-08-14,US,Ohio,Pike,82,0,0,39.07634001,-83.06769584,39131.0,295.26141437418977,0.0,82,80,0,0,80,80,28067,2,0,0,2,0
2020-08-14,US,Ohio,Portage,786,65,0,41.16793482,-81.19735782,39133.0,483.7935321851957,8.26972010178117,721,780,63,0,717,776,162927,6,2,0,4,4
2020-08-14,US,Ohio,Preble,250,2,0,39.7420247,-84.64787018,39135.0,611.5160706423362,0.8,248,219,2,0,217,212,40997,31,0,0,31,7
2020-08-14,US,Ohio,Putnam,224,17,0,41.02094889,-84.1336111,39137.0,661.5280115767403,7.5892857142857135,207,215,17,0,198,212,33780,9,0,0,9,3
2020-08-14,US,Ohio,Richland,640,12,0,40.77180308,-82.53799609999999,39139.0,528.2532974561302,1.875,628,626,12,0,614,619,121099,14,0,0,14,7
2020-08-14,US,Ohio,Ross,535,6,0,39.33705391,-83.06000914,39141.0,697.8321550622179,1.1214953271028036,529,520,4,0,516,509,76931,15,2,0,13,11
2020-08-14,US,Ohio,Sandusky,435,17,0,41.35624126,-83.137872,39143.0,743.3610171229366,3.9080459770114944,418,407,17,0,390,399,58799,28,0,0,28,8
2020-08-14,US,Ohio,Scioto,268,1,0,38.80270163,-82.98907345,39145.0,355.84353506652155,0.373134328358209,267,260,1,0,259,259,75502,8,0,0,8,1
2020-08-14,US,Ohio,Seneca,248,4,0,41.12351311,-83.12783209,39147.0,449.45449273261084,1.6129032258064515,244,242,4,0,238,234,55207,6,0,0,6,8
2020-08-14,US,Ohio,Shelby,239,4,0,40.33163494,-84.20258189,39149.0,491.8707552994443,1.6736401673640169,235,219,4,0,215,215,48627,20,0,0,20,4
2020-08-14,US,Ohio,Stark,2001,143,0,40.81482476,-81.36437305,39151.0,539.9264987614879,7.146426786606697,1858,1931,142,0,1789,1904,371574,70,1,0,69,27
2020-08-14,US,Ohio,Summit,3779,228,0,41.12464734,-81.53123079,39153.0,698.5044721661033,6.033342154008997,3551,3712,224,0,3488,3667,541918,67,4,0,63,45
2020-08-14,US,Ohio,Trumbull,1604,112,0,41.31735028,-80.76109643,39155.0,810.2074009718448,6.982543640897756,1492,1578,111,0,1467,1563,198627,26,1,0,25,15
2020-08-14,US,Ohio,Tuscarawas,808,14,0,40.44214695,-81.47226262,39157.0,878.3849891832541,1.7326732673267329,794,801,14,0,787,797,92176,7,0,0,7,4
2020-08-14,US,Ohio,Union,287,1,0,40.30016061,-83.37239023,39159.0,486.5396351800366,0.3484320557491289,286,277,1,0,276,273,57835,10,0,0,10,4
2020-08-14,US,Ohio,Van Wert,73,2,0,40.8554138,-84.59111700000003,39161.0,258.17860300618923,2.7397260273972597,71,73,2,0,71,73,28281,0,0,0,0,0
2020-08-14,US,Ohio,Vinton,32,2,0,39.25208988,-82.4831444,39163.0,244.5548337791364,6.25,30,32,2,0,30,32,13139,0,0,0,0,0
2020-08-14,US,Ohio,Warren,1937,40,0,39.42581994,-84.16557457,39165.0,825.6536602416006,2.065049044914817,1897,1877,39,0,1838,1850,232173,60,1,0,59,27
2020-08-14,US,Ohio,Washington,212,22,0,39.45690571,-81.49121382,39167.0,353.85822303082915,10.377358490566039,190,212,22,0,190,211,60155,0,0,0,0,1
2020-08-14,US,Ohio,Wayne,588,60,0,40.82925852,-81.88844833,39169.0,508.1669691470055,10.20408163265306,528,567,59,0,508,554,115967,21,1,0,20,13
2020-08-14,US,Ohio,Williams,139,3,0,41.56052014,-84.58429552,39171.0,378.82917257167776,2.1582733812949644,136,139,3,0,136,137,36804,0,0,0,0,2
2020-08-14,US,Ohio,Wood,1136,58,0,41.36224827,-83.62285108,39173.0,868.3886650817552,5.105633802816901,1078,1101,58,0,1043,1090,130696,35,0,0,35,11
2020-08-14,US,Ohio,Wyandot,159,9,0,40.84339621,-83.30734173,39175.0,730.2957927613447,5.660377358490566,150,155,9,0,146,151,21935,4,0,0,4,4
2020-08-14,US,Oklahoma,Adair,376,6,0,35.88494195,-94.65859267,40001.0,1694.1515724970716,1.5957446808510638,370,358,6,0,352,346,22082,18,0,0,18,12
2020-08-14,US,Oklahoma,Alfalfa,5,0,0,36.73090616,-98.32408495,40003.0,87.6885303402315,0.0,5,4,0,0,4,3,5754,1,0,0,1,1
2020-08-14,US,Oklahoma,Atoka,83,1,0,34.37366573,-96.03802487,40005.0,603.2853612443669,1.2048192771084338,82,80,0,0,80,79,13838,3,1,0,2,1
2020-08-14,US,Oklahoma,Beaver,39,0,0,36.7496847,-100.4758872,40007.0,734.3249858783656,0.0,39,39,0,0,39,39,5319,0,0,0,0,0
2020-08-14,US,Oklahoma,Beckham,76,1,0,35.26862449,-99.68128023,40009.0,347.6828766183265,1.3157894736842106,75,61,1,0,60,61,21709,15,0,0,15,0
2020-08-14,US,Oklahoma,Blaine,45,0,0,35.87518314,-98.43307003,40011.0,477.2510340439071,0.0,45,45,0,0,45,43,9485,0,0,0,0,2
2020-08-14,US,Oklahoma,Bryan,505,2,0,33.96472458,-96.25903472,40013.0,1052.1929367642463,0.3960396039603961,503,487,1,0,486,479,47192,18,1,0,17,8
2020-08-14,US,Oklahoma,Caddo,463,18,0,35.17364557,-98.37534464,40015.0,1609.7628815798623,3.887688984881209,445,436,18,0,418,434,28977,27,0,0,27,2
2020-08-14,US,Oklahoma,Canadian,1314,9,0,35.5426055,-97.98465569,40017.0,886.0059606489285,0.6849315068493149,1305,1275,9,0,1266,1256,144447,39,0,0,39,19
2020-08-14,US,Oklahoma,Carter,365,5,0,34.25103751,-97.28552485,40019.0,758.6622601899776,1.3698630136986298,360,358,5,0,353,352,48177,7,0,0,7,6
2020-08-14,US,Oklahoma,Cherokee,504,2,0,35.90692775,-94.99980896,40021.0,1035.8221838584377,0.3968253968253968,502,470,2,0,468,456,48675,34,0,0,34,14
2020-08-14,US,Oklahoma,Choctaw,208,1,0,34.02807439,-95.54771129,40023.0,1417.6663031624869,0.4807692307692308,207,202,1,0,201,196,14668,6,0,0,6,6
2020-08-14,US,Oklahoma,Cimarron,11,0,0,36.74817177,-102.5173885,40025.0,514.7402901263454,0.0,11,2,0,0,2,3,2153,9,0,0,9,-1
2020-08-14,US,Oklahoma,Cleveland,3179,57,0,35.20413532,-97.32519562,40027.0,1119.3110198793015,1.7930166719094054,3122,3123,56,0,3067,3084,281669,56,1,0,55,39
2020-08-14,US,Oklahoma,Coal,46,0,0,34.58840127,-96.29798747,40029.0,837.1246587807096,0.0,46,40,0,0,40,40,5520,6,0,0,6,0
2020-08-14,US,Oklahoma,Comanche,884,11,0,34.65973764,-98.47195055,40031.0,732.0971602249292,1.2443438914027152,873,868,10,0,858,854,120422,16,1,0,15,14
2020-08-14,US,Oklahoma,Cotton,21,2,0,34.28845626,-98.37053567,40033.0,370.63183903988715,9.523809523809524,19,20,2,0,18,19,5776,1,0,0,1,1
2020-08-14,US,Oklahoma,Craig,93,1,0,36.76268118,-95.20916602,40035.0,657.6156130674586,1.075268817204301,92,90,1,0,89,89,14306,3,0,0,3,1
2020-08-14,US,Oklahoma,Creek,678,15,0,35.90230551,-96.37086028,40037.0,947.9600682307539,2.2123893805309733,663,657,15,0,642,637,71604,21,0,0,21,20
2020-08-14,US,Oklahoma,Custer,227,0,0,35.63853802,-99.00170785,40039.0,782.6776540357894,0.0,227,217,0,0,217,211,29036,10,0,0,10,6
2020-08-14,US,Oklahoma,Delaware,467,20,0,36.40823634,-94.80325046,40041.0,1085.8192471343207,4.282655246252677,447,451,20,0,431,445,42733,16,0,0,16,6
2020-08-14,US,Oklahoma,Dewey,12,0,0,35.98772922,-99.00730714,40043.0,245.34859946841138,0.0,12,11,0,0,11,10,4894,1,0,0,1,1
2020-08-14,US,Oklahoma,Ellis,5,0,0,36.218019399999996,-99.75324573,40045.0,129.5672454003628,0.0,5,5,0,0,5,5,3952,0,0,0,0,0
2020-08-14,US,Oklahoma,Garfield,571,8,0,36.3791334,-97.78265517,40047.0,935.2070230607968,1.4010507880910683,563,529,6,0,523,512,60913,42,2,0,40,17
2020-08-14,US,Oklahoma,Garvin,241,4,0,34.70418038,-97.30811132,40049.0,869.6907365306198,1.6597510373443984,237,235,4,0,231,236,27811,6,0,0,6,-1
2020-08-14,US,Oklahoma,Grady,464,7,0,35.0167709,-97.88339847,40051.0,831.0348533151844,1.5086206896551724,457,453,7,0,446,451,55551,11,0,0,11,2
2020-08-14,US,Oklahoma,Grant,17,0,0,36.796296999999996,-97.78638765,40053.0,392.33787214401116,0.0,17,16,0,0,16,16,4326,1,0,0,1,0
2020-08-14,US,Oklahoma,Greer,84,8,0,34.93535801,-99.56056120000001,40055.0,1470.588235294117,9.523809523809524,76,83,8,0,75,83,5821,1,0,0,1,0
2020-08-14,US,Oklahoma,Harmon,32,0,0,34.7440135,-99.84741652,40057.0,1206.181681115718,0.0,32,32,0,0,32,32,2664,0,0,0,0,0
2020-08-14,US,Oklahoma,Harper,11,0,0,36.78836519,-99.6679804,40059.0,298.2646420824296,0.0,11,11,0,0,11,10,3797,0,0,0,0,1
2020-08-14,US,Oklahoma,Haskell,88,1,0,35.22257600000001,-95.11513306,40061.0,696.9192999128851,1.1363636363636365,87,74,1,0,73,66,12668,14,0,0,14,8
2020-08-14,US,Oklahoma,Hughes,177,2,0,35.04912569,-96.24921145,40063.0,1332.931696663905,1.1299435028248588,175,152,2,0,150,146,13335,25,0,0,25,6
2020-08-14,US,Oklahoma,Jackson,537,7,0,34.58781741,-99.41138784,40065.0,2189.1561353444768,1.303538175046555,530,532,7,0,525,531,24949,5,0,0,5,1
2020-08-14,US,Oklahoma,Jefferson,33,0,0,34.11130184,-97.83182974,40067.0,549.8167277574141,0.0,33,33,0,0,33,33,6123,0,0,0,0,0
2020-08-14,US,Oklahoma,Johnston,53,0,0,34.31440473,-96.66011537,40069.0,478.12359043752815,0.0,53,52,0,0,52,48,10949,1,0,0,1,4
2020-08-14,US,Oklahoma,Kay,265,11,0,36.81799745,-97.14421435,40071.0,608.6636960815839,4.150943396226415,254,254,11,0,243,252,44161,11,0,0,11,2
2020-08-14,US,Oklahoma,Kingfisher,155,0,0,35.94530008,-97.94193268,40073.0,983.1906121154456,0.0,155,144,0,0,144,139,15816,11,0,0,11,5
2020-08-14,US,Oklahoma,Kiowa,31,1,0,34.91671958,-98.97720696,40075.0,355.99448782728524,3.2258064516129035,30,31,1,0,30,30,8729,0,0,0,0,1
2020-08-14,US,Oklahoma,Latimer,98,2,0,34.87844729,-95.25215049,40077.0,972.8978457261987,2.0408163265306123,96,94,2,0,92,93,10231,4,0,0,4,1
2020-08-14,US,Oklahoma,Le Flore,423,1,0,34.89851864,-94.70392124,40079.0,848.4945740477002,0.2364066193853428,422,386,1,0,385,376,49980,37,0,0,37,10
2020-08-14,US,Oklahoma,Lincoln,242,3,0,35.70270942,-96.8812462,40081.0,693.8670183788744,1.2396694214876034,239,190,3,0,187,180,34920,52,0,0,52,10
2020-08-14,US,Oklahoma,Logan,242,1,0,35.91899576,-97.44352845,40083.0,504.05115494365873,0.4132231404958678,241,235,1,0,234,228,47291,7,0,0,7,7
2020-08-14,US,Oklahoma,Love,82,0,0,33.95273467,-97.23906784,40085.0,799.7659221691213,0.0,82,78,0,0,78,76,10134,4,0,0,4,2
2020-08-14,US,Oklahoma,Major,39,1,0,36.31149996,-98.53467076,40093.0,511.20723554856477,2.5641025641025643,38,37,1,0,36,35,7644,2,0,0,2,2
2020-08-14,US,Oklahoma,Marshall,121,1,0,34.02311222,-96.76855464,40095.0,714.6654066505228,0.8264462809917356,120,118,1,0,117,111,16806,3,0,0,3,7
2020-08-14,US,Oklahoma,Mayes,365,8,0,36.30179091,-95.23175116,40097.0,888.0778588807785,2.191780821917808,357,353,7,0,346,332,41107,12,1,0,11,21
2020-08-14,US,Oklahoma,McClain,479,4,0,35.01123903,-97.44572302,40087.0,1183.4758116321589,0.8350730688935282,475,464,4,0,460,457,39985,15,0,0,15,7
2020-08-14,US,Oklahoma,McCurtain,886,28,0,34.11664328,-94.77222373,40089.0,2698.5867446393763,3.160270880361174,858,879,28,0,851,876,32703,7,0,0,7,3
2020-08-14,US,Oklahoma,McIntosh,205,2,0,35.37235506,-95.66599306,40091.0,1046.131863645642,0.975609756097561,203,202,1,0,201,202,19815,3,1,0,2,0
2020-08-14,US,Oklahoma,Murray,79,0,0,34.48116015,-97.06826283,40099.0,561.3586300007106,0.0,79,78,0,0,78,76,13953,1,0,0,1,2
2020-08-14,US,Oklahoma,Muskogee,572,16,0,35.61318461,-95.37802952,40101.0,841.2135829521892,2.797202797202797,556,540,16,0,524,531,68362,32,0,0,32,9
2020-08-14,US,Oklahoma,Noble,91,2,0,36.38953329,-97.22928674,40103.0,817.5366094690504,2.1978021978021984,89,87,2,0,85,87,11289,4,0,0,4,0
2020-08-14,US,Oklahoma,Nowata,62,1,0,36.79843529,-95.61902331,40105.0,615.3235410877332,1.6129032258064515,61,63,1,0,62,60,10218,-1,0,0,-1,3
2020-08-14,US,Oklahoma,Okfuskee,82,1,0,35.46485198,-96.32639984,40107.0,683.7321771033103,1.2195121951219512,81,74,1,0,73,74,12098,8,0,0,8,0
2020-08-14,US,Oklahoma,Oklahoma,11458,129,0,35.55140095,-97.40716948,40109.0,1436.8587243583795,1.1258509338453482,11329,11148,121,0,11027,10951,792582,310,8,0,302,197
2020-08-14,US,Oklahoma,Okmulgee,504,3,0,35.64661916,-95.96432828,40111.0,1310.2820746132847,0.5952380952380952,501,496,3,0,493,494,38335,8,0,0,8,2
2020-08-14,US,Oklahoma,Osage,559,12,0,36.62888819,-96.39635704,40113.0,1190.2987458211785,2.146690518783542,547,446,11,0,435,436,47014,113,1,0,112,10
2020-08-14,US,Oklahoma,Ottawa,417,3,0,36.83532655,-94.81011909,40115.0,1339.6729527419925,0.7194244604316546,414,401,3,0,398,395,31175,16,0,0,16,6
2020-08-14,US,Oklahoma,Pawnee,166,3,0,36.31743373,-96.70331759999999,40117.0,1013.6785539814363,1.8072289156626504,163,151,3,0,148,148,16390,15,0,0,15,3
2020-08-14,US,Oklahoma,Payne,792,4,0,36.07695283,-96.97584944,40119.0,968.4045779125502,0.5050505050505051,788,773,4,0,769,766,82040,19,0,0,19,7
2020-08-14,US,Oklahoma,Pittsburg,428,4,0,34.92065823,-95.75134320000001,40121.0,980.4370733495211,0.9345794392523364,424,395,4,0,391,383,43877,33,0,0,33,12
2020-08-14,US,Oklahoma,Pontotoc,211,2,0,34.72959848,-96.68337199,40123.0,551.1440810782573,0.9478672985781992,209,205,2,0,203,207,38247,6,0,0,6,-2
2020-08-14,US,Oklahoma,Pottawatomie,502,9,0,35.20614018,-96.94923008,40125.0,691.5362574388362,1.792828685258964,493,475,9,0,466,465,72679,27,0,0,27,10
2020-08-14,US,Oklahoma,Pushmataha,116,0,0,34.41635232,-95.37603505,40127.0,1045.4217736121125,0.0,116,112,0,0,112,112,11179,4,0,0,4,0
2020-08-14,US,Oklahoma,Roger Mills,9,1,0,35.68711719,-99.69666167,40129.0,251.18615685180012,11.111111111111109,8,9,1,0,8,9,3656,0,0,0,0,0
2020-08-14,US,Oklahoma,Rogers,1108,21,0,36.37004357,-95.60406759,40131.0,1198.3690068030153,1.895306859205776,1087,1053,19,0,1034,1031,91984,55,2,0,53,22
2020-08-14,US,Oklahoma,Seminole,257,5,0,35.16478725,-96.61686741,40133.0,1059.4443070327316,1.9455252918287935,252,248,5,0,243,248,24578,9,0,0,9,0
2020-08-14,US,Oklahoma,Sequoyah,425,4,0,35.49447108,-94.75463785,40135.0,1022.396497389882,0.9411764705882352,421,369,4,0,365,361,41179,56,0,0,56,8
2020-08-14,US,Oklahoma,Stephens,215,3,0,34.48556989,-97.85141892,40137.0,498.3427207194679,1.3953488372093024,212,209,3,0,206,204,43265,6,0,0,6,5
2020-08-14,US,Oklahoma,Texas,1077,7,0,36.74777635,-101.4889765,40139.0,5389.581143972377,0.6499535747446611,1070,1066,7,0,1059,1060,20455,11,0,0,11,6
2020-08-14,US,Oklahoma,Tillman,59,1,0,34.37288446,-98.92426619,40141.0,813.7931034482757,1.6949152542372878,58,59,1,0,58,59,7348,0,0,0,0,0
2020-08-14,US,Oklahoma,Tulsa,11312,113,0,36.11939621,-95.94013939,40143.0,1736.1622710083002,0.998939179632249,11199,10999,113,0,10886,10898,648360,313,0,0,313,101
2020-08-14,US,Oklahoma,Unassigned,4,0,0,0.0,0.0,90040.0,0.0,0.0,4,2,0,0,2,6,,2,0,0,2,-4
2020-08-14,US,Oklahoma,Wagoner,954,23,0,35.96024096,-95.51911308,40145.0,1173.5905227029484,2.4109014675052407,931,922,23,0,899,903,80110,32,0,0,32,19
2020-08-14,US,Oklahoma,Washington,690,39,0,36.71380786,-95.90514104,40147.0,1339.1037708385895,5.652173913043479,651,661,39,0,622,647,51843,29,0,0,29,14
2020-08-14,US,Oklahoma,Washita,32,0,0,35.29071824,-98.99180434,40149.0,293.1476731403445,0.0,32,31,0,0,31,31,11127,1,0,0,1,0
2020-08-14,US,Oklahoma,Woods,21,0,0,36.76705782,-98.86573064,40151.0,238.8263391334016,0.0,21,20,0,0,20,20,8897,1,0,0,1,0
2020-08-14,US,Oklahoma,Woodward,49,0,0,36.42316318,-99.26283045,40153.0,242.44223442679728,0.0,49,45,0,0,45,44,20222,4,0,0,4,1
2020-08-14,US,Oregon,Baker,53,0,0,44.70915557,-117.6749883,41001.0,328.7025551972216,0.0,53,45,0,0,45,42,16006,8,0,0,8,3
2020-08-14,US,Oregon,Benton,186,6,0,44.49167306,-123.4316987,41003.0,199.886086423866,3.2258064516129035,180,181,6,0,175,178,92101,5,0,0,5,3
2020-08-14,US,Oregon,Clackamas,1664,49,0,45.18787398,-122.2179634,41005.0,397.90811287773175,2.9447115384615383,1615,1607,49,0,1558,1595,416075,57,0,0,57,12
2020-08-14,US,Oregon,Clatsop,90,0,0,45.99712889,-123.660711,41007.0,223.7470167064439,0.0,90,87,0,0,87,89,39764,3,0,0,3,-2
2020-08-14,US,Oregon,Columbia,106,1,0,45.94464254,-123.08908980000001,41009.0,202.4678152576689,0.9433962264150944,105,103,1,0,102,102,52377,3,0,0,3,1
2020-08-14,US,Oregon,Coos,93,0,0,43.17406868,-124.0594514,41011.0,144.2151131235753,0.0,93,91,0,0,91,91,64389,2,0,0,2,0
2020-08-14,US,Oregon,Crook,52,1,0,44.14230227,-120.356297,41013.0,213.07982297983932,1.9230769230769231,51,51,1,0,50,50,23867,1,0,0,1,1
2020-08-14,US,Oregon,Curry,19,0,0,42.45911325,-124.15728200000001,41015.0,82.87895310796074,0.0,19,17,0,0,17,17,22813,2,0,0,2,0
2020-08-14,US,Oregon,Deschutes,637,11,0,43.91570171,-121.2289121,41017.0,322.21840033992265,1.7268445839874411,626,621,11,0,610,617,191996,16,0,0,16,4
2020-08-14,US,Oregon,Douglas,160,1,0,43.27941273,-123.16729099999999,41019.0,144.17012074247612,0.625,159,159,1,0,158,159,110283,1,0,0,1,0
2020-08-14,US,Oregon,Gilliam,4,0,0,45.37160076,-120.20488689999999,41021.0,209.20502092050208,0.0,4,4,0,0,4,4,1894,0,0,0,0,0
2020-08-14,US,Oregon,Grant,4,0,0,44.49024544,-119.0068631,41023.0,55.563272676760654,0.0,4,4,0,0,4,4,7176,0,0,0,0,0
2020-08-14,US,Oregon,Harney,11,0,0,43.06422669,-118.96663059999999,41025.0,148.7893953740024,0.0,11,11,0,0,11,11,7329,0,0,0,0,0
2020-08-14,US,Oregon,Hood River,216,0,0,45.51872811,-121.65520359999998,41027.0,923.7875288683605,0.0,216,207,0,0,207,205,23428,9,0,0,9,2
2020-08-14,US,Oregon,Jackson,542,2,0,42.43201126,-122.72893090000001,41029.0,245.31102903903252,0.3690036900369004,540,515,2,0,513,499,219564,27,0,0,27,16
2020-08-14,US,Oregon,Jefferson,408,5,0,44.62806839,-121.17832,41031.0,1654.6354124422094,1.2254901960784317,403,392,4,0,388,379,24192,16,1,0,15,13
2020-08-14,US,Oregon,Josephine,138,2,0,42.3665549,-123.5561938,41033.0,157.73772103283918,1.4492753623188406,136,130,2,0,128,128,87393,8,0,0,8,2
2020-08-14,US,Oregon,Klamath,208,2,0,42.68762984,-121.64964609999998,41035.0,304.8154986957414,0.9615384615384616,206,206,2,0,204,204,67653,2,0,0,2,2
2020-08-14,US,Oregon,Lake,32,0,0,42.79246693,-120.38501629999999,41037.0,406.6590418096328,0.0,32,32,0,0,32,32,7879,0,0,0,0,0
2020-08-14,US,Oregon,Lane,621,4,0,43.93727035,-122.847753,41039.0,162.53693723875656,0.644122383252818,617,611,3,0,608,606,379611,10,1,0,9,5
2020-08-14,US,Oregon,Lincoln,437,9,0,44.64252874,-123.86991200000001,41041.0,874.6647452063568,2.059496567505721,428,428,9,0,419,421,49388,9,0,0,9,7
2020-08-14,US,Oregon,Linn,328,11,0,44.48899494,-122.53731540000001,41043.0,252.7957826264557,3.3536585365853657,317,306,11,0,295,303,127335,22,0,0,22,3
2020-08-14,US,Oregon,Malheur,894,15,0,43.1937027,-117.62273950000001,41045.0,2924.3400608419743,1.6778523489932886,879,851,15,0,836,839,30725,43,0,0,43,12
2020-08-14,US,Oregon,Marion,3165,73,0,44.90287942,-122.58151170000001,41047.0,909.9586565387648,2.306477093206951,3092,3040,73,0,2967,3005,346868,125,0,0,125,35
2020-08-14,US,Oregon,Morrow,400,3,0,45.41846568,-119.584546,41049.0,3447.3842971645263,0.75,397,384,3,0,381,378,11372,16,0,0,16,6
2020-08-14,US,Oregon,Multnomah,5264,101,0,45.54747959,-122.4169351,41051.0,647.5939743250641,1.9186930091185408,5163,5135,101,0,5034,5056,811880,129,0,0,129,79
2020-08-14,US,Oregon,Polk,356,12,0,44.90322804,-123.4128888,41053.0,413.5447522797235,3.3707865168539324,344,337,12,0,325,330,85234,19,0,0,19,7
2020-08-14,US,Oregon,Sherman,16,0,0,45.41501554,-120.6827834,41055.0,898.876404494382,0.0,16,16,0,0,16,16,1708,0,0,0,0,0
2020-08-14,US,Oregon,Tillamook,35,0,0,45.46248721,-123.712066,41057.0,129.4570202692706,0.0,35,35,0,0,35,34,26787,0,0,0,0,1
2020-08-14,US,Oregon,Umatilla,2435,32,0,45.59073056,-118.7353826,41059.0,3123.797305965363,1.3141683778234086,2403,2362,31,0,2331,2342,77516,73,1,0,72,20
2020-08-14,US,Oregon,Union,398,2,0,45.30915495,-118.0068979,41061.0,1483.1376933109743,0.5025125628140703,396,397,2,0,395,395,26461,1,0,0,1,2
2020-08-14,US,Oregon,Wallowa,21,1,0,45.57894064,-117.18353799999998,41063.0,291.34295227524973,4.761904761904762,20,20,1,0,19,20,7081,1,0,0,1,0
2020-08-14,US,Oregon,Wasco,201,3,0,45.16292781,-121.16709540000001,41065.0,753.3168428153813,1.492537313432836,198,197,3,0,194,195,26505,4,0,0,4,2
2020-08-14,US,Oregon,Washington,3310,27,0,45.55972701,-123.0955257,41067.0,550.2067846646897,0.8157099697885196,3283,3235,27,0,3208,3202,597695,75,0,0,75,33
2020-08-14,US,Oregon,Yamhill,514,13,0,45.23330449,-123.3086963,41071.0,479.9253034547152,2.5291828793774314,501,483,13,0,470,474,107002,31,0,0,31,9
2020-08-14,US,Pennsylvania,Adams,547,22,0,39.87140411,-77.21610347,42001.0,531.0215612228058,4.021937842778794,525,539,21,0,518,535,102811,8,1,0,7,4
2020-08-14,US,Pennsylvania,Allegheny,9359,269,0,40.46809875,-79.98167747,42003.0,769.6261240332389,2.8742387007158885,9090,9192,260,0,8932,9078,1218452,167,9,0,158,114
2020-08-14,US,Pennsylvania,Armstrong,244,9,0,40.81665618,-79.46290811,42005.0,376.9212945083803,3.6885245901639343,235,237,8,0,229,230,65263,7,1,0,6,7
2020-08-14,US,Pennsylvania,Beaver,1401,94,0,40.6825484,-80.34921611,42007.0,854.6382885273503,6.709493219129193,1307,1374,93,0,1281,1351,164742,27,1,0,26,23
2020-08-14,US,Pennsylvania,Bedford,151,4,0,40.00522157,-78.48998442,42009.0,315.3190778483127,2.6490066225165565,147,145,4,0,141,145,48176,6,0,0,6,0
2020-08-14,US,Pennsylvania,Berks,5563,374,0,40.41570541,-75.92457766,42011.0,1320.863131701665,6.722991191802984,5189,5491,372,0,5119,5470,420152,72,2,0,70,21
2020-08-14,US,Pennsylvania,Blair,338,8,0,40.47961444,-78.34917412,42013.0,277.43804841211863,2.366863905325444,330,304,7,0,297,302,122492,34,1,0,33,2
2020-08-14,US,Pennsylvania,Bradford,92,3,0,41.78869215,-76.51570822,42015.0,152.51230873796064,3.260869565217391,89,91,3,0,88,90,60833,1,0,0,1,1
2020-08-14,US,Pennsylvania,Bucks,7382,583,0,40.33682119,-75.10836643,42017.0,1174.9725436516146,7.897588729341643,6799,7318,582,0,6736,7275,628195,64,1,0,63,43
2020-08-14,US,Pennsylvania,Butler,712,17,0,40.91152759,-79.91351055,42019.0,379.0197654549036,2.3876404494382024,695,707,16,0,691,695,187888,5,1,0,4,12
2020-08-14,US,Pennsylvania,Cambria,370,3,0,40.49527404,-78.71377428,42021.0,284.1956495022736,0.8108108108108109,367,353,3,0,350,351,131730,17,0,0,17,2
2020-08-14,US,Pennsylvania,Cameron,8,0,0,41.43625568,-78.20376845,42023.0,179.89655947830002,0.0,8,8,0,0,8,7,4492,0,0,0,0,1
2020-08-14,US,Pennsylvania,Carbon,386,28,0,40.91545395,-75.7068525,42025.0,601.4147268704621,7.253886010362693,358,379,28,0,351,377,64227,7,0,0,7,2
2020-08-14,US,Pennsylvania,Centre,391,11,0,40.92058903,-77.82200624,42027.0,240.78578686455032,2.8132992327365733,380,380,10,0,370,377,162805,11,1,0,10,3
2020-08-14,US,Pennsylvania,Chester,5293,350,0,39.97291773,-75.74768357,42029.0,1008.211600624013,6.612507084829018,4943,5264,350,0,4914,5234,522046,29,0,0,29,30
2020-08-14,US,Pennsylvania,Clarion,88,2,0,41.19265812,-79.42413524,42031.0,228.94011134814502,2.272727272727273,86,84,2,0,82,83,38779,4,0,0,4,1
2020-08-14,US,Pennsylvania,Clearfield,187,1,0,41.00110782,-78.47592663,42033.0,235.94725884802224,0.5347593582887701,186,182,1,0,181,177,79388,5,0,0,5,5
2020-08-14,US,Pennsylvania,Clinton,128,5,0,41.23255967,-77.63785995,42035.0,331.3315386208325,3.90625,123,125,5,0,120,124,38684,3,0,0,3,1
2020-08-14,US,Pennsylvania,Columbia,485,35,0,41.04821986,-76.40565017,42037.0,746.567329597931,7.216494845360825,450,483,35,0,448,481,65456,2,0,0,2,2
2020-08-14,US,Pennsylvania,Crawford,166,1,0,41.68447709,-80.10760592,42039.0,196.1502558224722,0.6024096385542169,165,161,1,0,160,162,85063,5,0,0,5,-1
2020-08-14,US,Pennsylvania,Cumberland,1362,71,0,40.1625372,-77.26130755,42041.0,537.553775111497,5.212922173274597,1291,1339,71,0,1268,1327,251423,23,0,0,23,12
2020-08-14,US,Pennsylvania,Dauphin,2963,160,0,40.41377078,-76.77993242,42043.0,1064.6822302631342,5.39993250084374,2803,2914,160,0,2754,2873,277097,49,0,0,49,41
2020-08-14,US,Pennsylvania,Delaware,9635,713,0,39.91680171,-75.40243663,42045.0,1700.0531101179183,7.400103788271926,8922,9496,707,0,8789,9436,564751,139,6,0,133,60
2020-08-14,US,Pennsylvania,Elk,56,2,0,41.42822061,-78.64524744,42047.0,187.22835172183213,3.571428571428572,54,54,2,0,52,54,30169,2,0,0,2,0
2020-08-14,US,Pennsylvania,Erie,1200,27,0,41.99253829,-80.03301954,42049.0,444.8926325780045,2.25,1173,1163,22,0,1141,1143,272061,37,5,0,32,20
2020-08-14,US,Pennsylvania,Fayette,613,6,0,39.92041012,-79.64291195,42051.0,474.1866113835728,0.9787928221859706,607,595,6,0,589,582,130441,18,0,0,18,13
2020-08-14,US,Pennsylvania,Forest,12,0,0,41.51095103,-79.23229292,42053.0,165.58575962467228,0.0,12,11,0,0,11,10,7279,1,0,0,1,1
2020-08-14,US,Pennsylvania,Franklin,1415,46,0,39.92956518,-77.72157791,42055.0,912.7442316499704,3.2508833922261484,1369,1393,46,0,1347,1385,154835,22,0,0,22,8
2020-08-14,US,Pennsylvania,Fulton,28,2,0,39.92913544,-78.11163677,42057.0,192.70474879559532,7.142857142857142,26,28,2,0,26,27,14523,0,0,0,0,1
2020-08-14,US,Pennsylvania,Greene,126,1,0,39.85746531,-80.22357106,42059.0,347.7492893218889,0.7936507936507936,125,121,1,0,120,118,36506,5,0,0,5,3
2020-08-14,US,Pennsylvania,Huntingdon,327,5,0,40.42162652,-77.97673273,42061.0,724.3487506645401,1.529051987767584,322,313,5,0,308,309,45168,14,0,0,14,4
2020-08-14,US,Pennsylvania,Indiana,356,8,0,40.65241041,-79.08963285,42063.0,423.4415329535047,2.247191011235955,348,343,7,0,336,335,84501,13,1,0,12,8
2020-08-14,US,Pennsylvania,Jefferson,75,1,0,41.12913106,-78.9986361,42065.0,172.71157167530225,1.3333333333333333,74,75,1,0,74,74,43641,0,0,0,0,1
2020-08-14,US,Pennsylvania,Juniata,137,6,0,40.53358749,-77.39975129999998,42067.0,553.2447603279086,4.37956204379562,131,135,6,0,129,135,24704,2,0,0,2,0
2020-08-14,US,Pennsylvania,Lackawanna,1960,212,0,41.43564672,-75.60379201,42069.0,934.7844749468222,10.816326530612244,1748,1952,212,0,1740,1946,210793,8,0,0,8,6
2020-08-14,US,Pennsylvania,Lancaster,6182,421,0,40.03904563,-76.24770128,42071.0,1132.807059979037,6.8100938207699775,5761,6099,418,0,5681,6028,543557,83,3,0,80,71
2020-08-14,US,Pennsylvania,Lawrence,422,16,0,40.99206278,-80.33393706,42073.0,493.49798858639724,3.791469194312796,406,414,16,0,398,401,86184,8,0,0,8,13
2020-08-14,US,Pennsylvania,Lebanon,1644,55,0,40.36680311,-76.45651841,42075.0,1159.4366435578625,3.345498783454988,1589,1632,55,0,1577,1626,141314,12,0,0,12,6
2020-08-14,US,Pennsylvania,Lehigh,5059,341,0,40.6154815,-75.59435245,42077.0,1369.822212835551,6.740462542004348,4718,5036,340,0,4696,5022,368100,23,1,0,22,14
2020-08-14,US,Pennsylvania,Luzerne,3598,185,0,41.17823008,-75.98447579,42079.0,1133.5246694411453,5.141745414118955,3413,3553,185,0,3368,3526,317646,45,0,0,45,27
2020-08-14,US,Pennsylvania,Lycoming,440,20,0,41.34310539,-77.06629984,42081.0,388.3529422148474,4.545454545454546,420,426,20,0,406,411,113664,14,0,0,14,15
2020-08-14,US,Pennsylvania,McKean,34,1,0,41.80938602,-78.56478358,42083.0,83.69230769230771,2.9411764705882355,33,34,1,0,33,34,40968,0,0,0,0,0
2020-08-14,US,Pennsylvania,Mercer,490,12,0,41.30248872,-80.25816981,42085.0,447.799385875128,2.4489795918367347,478,468,12,0,456,456,110683,22,0,0,22,12
2020-08-14,US,Pennsylvania,Mifflin,124,1,0,40.61116939,-77.61070738,42087.0,268.75894056959555,0.8064516129032258,123,123,1,0,122,121,46222,1,0,0,1,2
2020-08-14,US,Pennsylvania,Monroe,1663,125,0,41.05934058,-75.34031025,42089.0,976.6783539181656,7.5165363800360785,1538,1655,124,0,1531,1650,169507,8,1,0,7,5
2020-08-14,US,Pennsylvania,Montgomery,10361,859,0,40.21053671,-75.36652296,42091.0,1246.938615863235,8.290705530354213,9502,10264,859,0,9405,10219,828604,97,0,0,97,45
2020-08-14,US,Pennsylvania,Montour,110,3,0,41.03023987,-76.66345939,42093.0,603.4009873834339,2.727272727272727,107,106,3,0,103,104,18240,4,0,0,4,2
2020-08-14,US,Pennsylvania,Northampton,3999,295,0,40.75182733,-75.30471829,42095.0,1309.9235140933881,7.376844211052762,3704,3982,294,0,3688,3956,304807,17,1,0,16,26
2020-08-14,US,Pennsylvania,Northumberland,537,18,0,40.84785433,-76.70798222,42097.0,591.1297513292162,3.35195530726257,519,524,15,0,509,513,91083,13,3,0,10,11
2020-08-14,US,Pennsylvania,Perry,135,5,0,40.40206612,-77.26297447,42099.0,291.753112033195,3.703703703703704,130,128,5,0,123,125,46139,7,0,0,7,3
2020-08-14,US,Pennsylvania,Philadelphia,32186,1717,0,40.00338507,-75.1379271,42101.0,2031.8623489960003,5.3346175355744725,30469,31910,1709,0,30201,31725,1584138,276,8,0,268,185
2020-08-14,US,Pennsylvania,Pike,527,21,0,41.33155042,-75.03208106,42103.0,944.2921392606927,3.984819734345351,506,527,21,0,506,526,55933,0,0,0,0,1
2020-08-14,US,Pennsylvania,Potter,21,0,0,41.74471626,-77.89559864,42105.0,127.0724918310541,0.0,21,20,0,0,20,20,16622,1,0,0,1,0
2020-08-14,US,Pennsylvania,Schuylkill,942,51,0,40.70497338,-76.2150785,42107.0,666.3884153113703,5.414012738853503,891,930,51,0,879,928,142067,12,0,0,12,2
2020-08-14,US,Pennsylvania,Snyder,118,2,0,40.77129231,-77.06840691,42109.0,292.28177945110474,1.6949152542372878,116,113,2,0,111,112,40540,5,0,0,5,1
2020-08-14,US,Pennsylvania,Somerset,142,3,0,39.97172723,-79.02699593,42111.0,193.33669176412928,2.112676056338028,139,138,3,0,135,138,73952,4,0,0,4,0
2020-08-14,US,Pennsylvania,Sullivan,10,0,0,41.44634738,-76.51246591,42113.0,164.85328058028355,0.0,10,10,0,0,10,10,6071,0,0,0,0,0
2020-08-14,US,Pennsylvania,Susquehanna,220,27,0,41.82147784,-75.80071959,42115.0,545.5266812140449,12.272727272727273,193,218,27,0,191,217,40589,2,0,0,2,1
2020-08-14,US,Pennsylvania,Tioga,41,3,0,41.77255149,-77.25433032,42117.0,101.00761252494397,7.317073170731707,38,40,3,0,37,39,40763,1,0,0,1,1
2020-08-14,US,Pennsylvania,Union,292,2,0,40.96188846,-77.05996014,42119.0,650.0011130156045,0.6849315068493149,290,276,2,0,274,276,44785,16,0,0,16,0
2020-08-14,US,Pennsylvania,Venango,68,0,0,41.40323442,-79.75845449,42121.0,134.20699455277492,0.0,68,67,0,0,67,67,51266,1,0,0,1,0
2020-08-14,US,Pennsylvania,Warren,23,1,0,41.81304978,-79.26969577,42123.0,58.68694343088975,4.3478260869565215,22,22,1,0,21,23,39498,1,0,0,1,-1
2020-08-14,US,Pennsylvania,Washington,899,17,0,40.19208869,-80.24582867,42125.0,434.58294056510283,1.8909899888765296,882,880,14,0,866,871,207346,19,3,0,16,9
2020-08-14,US,Pennsylvania,Wayne,162,10,0,41.64938475,-75.29956506,42127.0,315.4144195011778,6.172839506172839,152,162,10,0,152,162,51276,0,0,0,0,0
2020-08-14,US,Pennsylvania,Westmoreland,1609,48,0,40.31377979999999,-79.46615476,42129.0,461.164978976724,2.983219390926041,1561,1586,47,0,1539,1573,350611,23,1,0,22,13
2020-08-14,US,Pennsylvania,Wyoming,63,8,0,41.51955538,-76.01074915,42131.0,235.12726729864886,12.698412698412698,55,62,8,0,54,61,27046,1,0,0,1,1
2020-08-14,US,Pennsylvania,York,2854,105,0,39.9210089,-76.73040131,42133.0,635.5526457606812,3.679046951646812,2749,2751,100,0,2651,2680,448273,103,5,0,98,71
2020-08-14,US,Puerto Rico,Adjuntas,100,0,0,18.180117000000006,-66.754367,72001.0,513.2679772109018,0.0,100,98,0,0,98,95,,2,0,0,2,3
2020-08-14,US,Puerto Rico,Aguada,160,0,0,18.360255,-67.17513100000001,72003.0,381.32462642103,0.0,160,152,0,0,152,148,,8,0,0,8,4
2020-08-14,US,Puerto Rico,Aguadilla,247,0,0,18.459681,-67.12081500000001,72005.0,405.25685409112543,0.0,247,234,0,0,234,233,,13,0,0,13,1
2020-08-14,US,Puerto Rico,Aguas Buenas,149,0,0,18.251619,-66.126806,72007.0,519.9064866185141,0.0,149,139,0,0,139,138,,10,0,0,10,1
2020-08-14,US,Puerto Rico,Aibonito,98,0,0,18.131361,-66.264131,72009.0,378.3783783783784,0.0,98,94,0,0,94,93,,4,0,0,4,1
2020-08-14,US,Puerto Rico,Anasco,153,0,0,18.287985,-67.120611,72011.0,522.8802843375141,0.0,153,150,0,0,150,150,,3,0,0,3,0
2020-08-14,US,Puerto Rico,Arecibo,377,0,0,18.406631,-66.675077,72013.0,390.9166321028618,0.0,377,352,0,0,352,341,,25,0,0,25,11
2020-08-14,US,Puerto Rico,Arroyo,102,0,0,17.998457000000005,-66.056546,72015.0,521.0727969348659,0.0,102,98,0,0,98,96,,4,0,0,4,2
2020-08-14,US,Puerto Rico,Barceloneta,104,0,0,18.445532999999998,-66.56053100000001,72017.0,419.08446163765313,0.0,104,98,0,0,98,96,,6,0,0,6,2
2020-08-14,US,Puerto Rico,Barranquitas,273,0,0,18.201592,-66.30963,72019.0,900.4551751434793,0.0,273,267,0,0,267,264,,6,0,0,6,3
2020-08-14,US,Puerto Rico,Bayamon,1830,0,0,18.34946,-66.168435,72021.0,879.3173038113359,0.0,1830,1710,0,0,1710,1663,,120,0,0,120,47
2020-08-14,US,Puerto Rico,Cabo Rojo,239,0,0,18.040993,-67.154391,72023.0,469.3913624133394,0.0,239,231,0,0,231,220,,8,0,0,8,11
2020-08-14,US,Puerto Rico,Caguas,842,0,0,18.211615,-66.050779,72025.0,589.2520977234714,0.0,842,803,0,0,803,795,,39,0,0,39,8
2020-08-14,US,Puerto Rico,Camuy,157,0,0,18.418578,-66.860206,72027.0,446.5428482038738,0.0,157,145,0,0,145,145,,12,0,0,12,0
2020-08-14,US,Puerto Rico,Canovanas,423,0,0,18.328802,-65.887612,72029.0,887.760241773002,0.0,423,415,0,0,415,412,,8,0,0,8,3
2020-08-14,US,Puerto Rico,Carolina,1473,0,0,18.374986,-65.95683100000001,72031.0,833.3239044591032,0.0,1473,1407,0,0,1407,1389,,66,0,0,66,18
2020-08-14,US,Puerto Rico,Catano,225,0,0,18.437269,-66.14330600000001,72033.0,799.5735607675906,0.0,225,209,0,0,209,205,,16,0,0,16,4
2020-08-14,US,Puerto Rico,Cayey,222,0,0,18.102851,-66.14914,72035.0,461.3562210353498,0.0,222,206,0,0,206,203,,16,0,0,16,3
2020-08-14,US,Puerto Rico,Ceiba,75,0,0,18.251818,-65.666416,72037.0,550.2164184579268,0.0,75,73,0,0,73,72,,2,0,0,2,1
2020-08-14,US,Puerto Rico,Ciales,168,0,0,18.28885,-66.516475,72039.0,894.4734320093705,0.0,168,163,0,0,163,161,,5,0,0,5,2
2020-08-14,US,Puerto Rico,Cidra,194,0,0,18.173559,-66.161179,72041.0,446.18215271389147,0.0,194,185,0,0,185,181,,9,0,0,9,4
2020-08-14,US,Puerto Rico,Coamo,176,0,0,18.097597,-66.36014,72043.0,434.4391785150079,0.0,176,169,0,0,169,155,,7,0,0,7,14
2020-08-14,US,Puerto Rico,Comerio,137,0,0,18.224687,-66.221622,72045.0,659.351236885167,0.0,137,131,0,0,131,130,,6,0,0,6,1
2020-08-14,US,Puerto Rico,Corozal,275,0,0,18.304264,-66.327738,72047.0,740.4017015777288,0.0,275,263,0,0,263,249,,12,0,0,12,14
2020-08-14,US,Puerto Rico,Culebra,19,0,0,18.31586,-65.28813000000001,72049.0,1045.1045104510451,0.0,19,19,0,0,19,19,,0,0,0,0,0
2020-08-14,US,Puerto Rico,Dorado,362,0,0,18.436115,-66.278669,72051.0,948.5130355037338,0.0,362,348,0,0,348,341,,14,0,0,14,7
2020-08-14,US,Puerto Rico,Fajardo,288,0,0,18.318373,-65.666866,72053.0,778.5256670180846,0.0,288,276,0,0,276,276,,12,0,0,12,0
2020-08-14,US,Puerto Rico,Florida,192,0,0,18.373715,-66.560488,72054.0,1514.1955835962146,0.0,192,191,0,0,191,188,,1,0,0,1,3
2020-08-14,US,Puerto Rico,Guanica,66,0,0,17.982429,-66.91964300000001,72055.0,339.7333607865342,0.0,66,65,0,0,65,62,,1,0,0,1,3
2020-08-14,US,Puerto Rico,Guayama,185,0,0,18.007516,-66.13390799999999,72057.0,407.8303425774878,0.0,185,170,0,0,170,168,,15,0,0,15,2
2020-08-14,US,Puerto Rico,Guayanilla,135,0,0,18.039942,-66.79186,72059.0,625.5502525369537,0.0,135,132,0,0,132,132,,3,0,0,3,0
2020-08-14,US,Puerto Rico,Guaynabo,983,0,0,18.345114000000002,-66.11452299999999,72061.0,1003.8397124300476,0.0,983,934,0,0,934,907,,49,0,0,49,27
2020-08-14,US,Puerto Rico,Gurabo,294,0,0,18.266461,-65.97970500000001,72063.0,648.0195728360775,0.0,294,278,0,0,278,274,,16,0,0,16,4
2020-08-14,US,Puerto Rico,Hatillo,121,0,0,18.410928,-66.79632600000001,72065.0,288.417991561986,0.0,121,118,0,0,118,118,,3,0,0,3,0
2020-08-14,US,Puerto Rico,Hormigueros,108,0,0,18.134532,-67.113972,72067.0,626.0869565217391,0.0,108,100,0,0,100,98,,8,0,0,8,2
2020-08-14,US,Puerto Rico,Humacao,220,0,0,18.145211,-65.810174,72069.0,376.28707282865247,0.0,220,207,0,0,207,201,,13,0,0,13,6
2020-08-14,US,Puerto Rico,Isabela,153,0,0,18.44981,-67.005093,72071.0,335.2983717209792,0.0,153,144,0,0,144,142,,9,0,0,9,2
2020-08-14,US,Puerto Rico,Jayuya,183,0,0,18.211446,-66.58878,72073.0,1099.6274486239636,0.0,183,180,0,0,180,180,,3,0,0,3,0
2020-08-14,US,Puerto Rico,Juana Diaz,216,0,0,18.050764,-66.49458100000001,72075.0,270.3480731441731,0.0,216,209,0,0,209,204,,7,0,0,7,5
2020-08-14,US,Puerto Rico,Juncos,169,0,0,18.223793,-65.909109,72077.0,419.4589228096302,0.0,169,154,0,0,154,149,,15,0,0,15,5
2020-08-14,US,Puerto Rico,Lajas,92,0,0,18.011661,-67.040585,72079.0,357.23993321166466,0.0,92,86,0,0,86,84,,6,0,0,6,2
2020-08-14,US,Puerto Rico,Lares,198,0,0,18.269035000000002,-66.867236,72081.0,643.8396254023997,0.0,198,192,0,0,192,192,,6,0,0,6,0
2020-08-14,US,Puerto Rico,Las Marias,76,0,0,18.23679,-66.98362,72083.0,769.1529197449651,0.0,76,73,0,0,73,72,,3,0,0,3,1
2020-08-14,US,Puerto Rico,Las Piedras,184,0,0,18.187527,-65.86946800000001,72085.0,475.75953458306395,0.0,184,175,0,0,175,168,,9,0,0,9,7
2020-08-14,US,Puerto Rico,Loiza,151,0,0,18.425688,-65.89943000000001,72087.0,502.32867598137057,0.0,151,140,0,0,140,136,,11,0,0,11,4
2020-08-14,US,Puerto Rico,Luquillo,132,0,0,18.342114000000002,-65.72509699999999,72089.0,657.7636037472594,0.0,132,122,0,0,122,119,,10,0,0,10,3
2020-08-14,US,Puerto Rico,Manati,287,0,0,18.420473,-66.490461,72091.0,650.6018633962777,0.0,287,276,0,0,276,274,,11,0,0,11,2
2020-08-14,US,Puerto Rico,Maricao,43,0,0,18.171795,-66.942126,72093.0,685.1497769279797,0.0,43,42,0,0,42,42,,1,0,0,1,0
2020-08-14,US,Puerto Rico,Maunabo,72,0,0,18.017889,-65.922235,72095.0,588.9570552147239,0.0,72,66,0,0,66,64,,6,0,0,6,2
2020-08-14,US,Puerto Rico,Mayaguez,549,0,0,18.2013,-67.1452,72097.0,616.2999550965425,0.0,549,526,0,0,526,519,,23,0,0,23,7
2020-08-14,US,Puerto Rico,Moca,187,0,0,18.377805,-67.080952,72099.0,466.2295245456132,0.0,187,184,0,0,184,181,,3,0,0,3,3
2020-08-14,US,Puerto Rico,Morovis,300,0,0,18.316963,-66.420383,72101.0,919.9632014719413,0.0,300,284,0,0,284,276,,16,0,0,16,8
2020-08-14,US,Puerto Rico,Naguabo,102,0,0,18.230636999999998,-65.753897,72103.0,381.7365269461078,0.0,102,100,0,0,100,99,,2,0,0,2,1
2020-08-14,US,Puerto Rico,Naranjito,342,0,0,18.288019,-66.252703,72105.0,1124.9259917110717,0.0,342,321,0,0,321,317,,21,0,0,21,4
2020-08-14,US,Puerto Rico,Orocovis,238,0,0,18.215046,-66.433604,72107.0,1016.0952909533363,0.0,238,234,0,0,234,230,,4,0,0,4,4
2020-08-14,US,Puerto Rico,Out of PR,683,0,0,0.0,0.0,72888.0,0.0,0.0,683,660,0,0,660,655,,23,0,0,23,5
2020-08-14,US,Puerto Rico,Patillas,113,0,0,18.03174,-66.012242,72109.0,586.190797323235,0.0,113,110,0,0,110,108,,3,0,0,3,2
2020-08-14,US,Puerto Rico,Penuelas,83,0,0,18.059645,-66.721572,72111.0,341.81698377398897,0.0,83,78,0,0,78,78,,5,0,0,5,0
2020-08-14,US,Puerto Rico,Ponce,552,0,0,18.059498,-66.613748,72113.0,331.8763640298929,0.0,552,526,0,0,526,510,,26,0,0,26,16
2020-08-14,US,Puerto Rico,Quebradillas,81,0,0,18.439692,-66.926113,72115.0,312.51205679231447,0.0,81,80,0,0,80,81,,1,0,0,1,-1
2020-08-14,US,Puerto Rico,Rincon,107,0,0,18.335442999999998,-67.23174,72117.0,703.9473684210526,0.0,107,104,0,0,104,101,,3,0,0,3,3
2020-08-14,US,Puerto Rico,Rio Grande,349,0,0,18.346329,-65.813742,72119.0,642.6782557454331,0.0,349,321,0,0,321,317,,28,0,0,28,4
2020-08-14,US,Puerto Rico,Sabana Grande,133,0,0,18.08282,-66.943758,72121.0,526.4199485454186,0.0,133,132,0,0,132,132,,1,0,0,1,0
2020-08-14,US,Puerto Rico,Salinas,222,0,0,18.010386999999994,-66.256592,72123.0,714.3316815753909,0.0,222,200,0,0,200,196,,22,0,0,22,4
2020-08-14,US,Puerto Rico,San German,159,0,0,18.111484,-67.03858100000001,72125.0,447.5469361330819,0.0,159,149,0,0,149,147,,10,0,0,10,2
2020-08-14,US,Puerto Rico,San Juan,3933,0,0,18.386933,-66.061128,72127.0,994.8751157272733,0.0,3933,3718,0,0,3718,3657,,215,0,0,215,61
2020-08-14,US,Puerto Rico,San Lorenzo,200,0,0,18.147987,-65.976392,72129.0,487.11578742267034,0.0,200,187,0,0,187,186,,13,0,0,13,1
2020-08-14,US,Puerto Rico,San Sebastian,251,0,0,18.328646,-66.971214,72131.0,591.5625736507187,0.0,251,245,0,0,245,245,,6,0,0,6,0
2020-08-14,US,Puerto Rico,Santa Isabel,108,0,0,17.994525,-66.388913,72133.0,464.03712296983764,0.0,108,102,0,0,102,102,,6,0,0,6,0
2020-08-14,US,Puerto Rico,Toa Alta,678,0,0,18.362406,-66.246616,72135.0,915.3997785758647,0.0,678,637,0,0,637,627,,41,0,0,41,10
2020-08-14,US,Puerto Rico,Toa Baja,658,0,0,18.431445999999998,-66.213553,72137.0,734.3012420627392,0.0,658,605,0,0,605,580,,53,0,0,53,25
2020-08-14,US,Puerto Rico,Trujillo Alto,588,0,0,18.336159,-65.99888399999999,72139.0,785.6551134389781,0.0,588,567,0,0,567,562,,21,0,0,21,5
2020-08-14,US,Puerto Rico,Unassigned,516,329,0,0.0,0.0,72999.0,0.0,63.75968992248062,187,532,306,0,226,578,,-16,23,0,-39,-46
2020-08-14,US,Puerto Rico,Utuado,80,0,0,18.271214,-66.702984,72141.0,241.33458022866446,0.0,80,79,0,0,79,78,,1,0,0,1,1
2020-08-14,US,Puerto Rico,Vega Alta,303,0,0,18.409346,-66.33725,72143.0,758.4290756176317,0.0,303,279,0,0,279,266,,24,0,0,24,13
2020-08-14,US,Puerto Rico,Vega Baja,478,0,0,18.428262,-66.397924,72145.0,801.1799805571385,0.0,478,445,0,0,445,443,,33,0,0,33,2
2020-08-14,US,Puerto Rico,Vieques,69,0,0,18.123276,-65.44097099999999,72147.0,741.8557144393076,0.0,69,66,0,0,66,71,,3,0,0,3,-5
2020-08-14,US,Puerto Rico,Villalba,85,0,0,18.127951,-66.473115,72149.0,326.0077474782342,0.0,85,84,0,0,84,85,,1,0,0,1,-1
2020-08-14,US,Puerto Rico,Yabucoa,150,0,0,18.070399,-65.896289,72151.0,395.350676049656,0.0,150,137,0,0,137,145,,13,0,0,13,-8
2020-08-14,US,Puerto Rico,Yauco,270,0,0,18.080374,-66.858814,72153.0,642.199652736484,0.0,270,265,0,0,265,258,,5,0,0,5,7
2020-08-14,US,Rhode Island,Bristol,322,0,0,41.71018079,-71.28652315,44001.0,664.205119742569,0.0,322,322,0,0,322,322,48649,0,0,0,0,0
2020-08-14,US,Rhode Island,Kent,1544,0,0,41.67106337,-71.57641596,44003.0,939.7901297689481,0.0,1544,1544,0,0,1544,1544,163861,0,0,0,0,0
2020-08-14,US,Rhode Island,Newport,405,0,0,41.5642026,-71.26569799,44005.0,493.40902999439584,0.0,405,405,0,0,405,405,82542,0,0,0,0,0
2020-08-14,US,Rhode Island,Providence,15644,0,0,41.87064746,-71.57753536,44007.0,2448.464701196217,0.0,15644,15644,0,0,15644,15644,636084,0,0,0,0,0
2020-08-14,US,Rhode Island,Unassigned,1799,1021,0,0.0,0.0,90044.0,0.0,56.75375208449139,778,1704,1019,0,685,1593,,95,2,0,93,111
2020-08-14,US,Rhode Island,Washington,621,0,0,41.45961631,-71.61435303,44009.0,494.5173081057837,0.0,621,621,0,0,621,621,126179,0,0,0,0,0
2020-08-14,US,South Carolina,Abbeville,360,8,0,34.22333378,-82.46170658,45001.0,1467.7702124189664,2.2222222222222223,352,355,8,0,347,354,24541,5,0,0,5,1
2020-08-14,US,South Carolina,Aiken,2096,46,0,33.54338026,-81.63645384,45003.0,1226.649187696053,2.1946564885496183,2050,2017,42,0,1975,1991,169401,79,4,0,75,26
2020-08-14,US,South Carolina,Allendale,244,6,0,32.98837386,-81.35321066,45005.0,2808.471454880295,2.459016393442623,238,242,6,0,236,231,8903,2,0,0,2,11
2020-08-14,US,South Carolina,Anderson,2591,76,0,34.51828081,-82.63959517,45007.0,1279.1398019332735,2.933230412967966,2515,2489,70,0,2419,2440,200482,102,6,0,96,49
2020-08-14,US,South Carolina,Bamberg,485,27,0,33.21927586,-81.05659969,45009.0,3448.0307123560356,5.56701030927835,458,482,26,0,456,481,14275,3,1,0,2,1
2020-08-14,US,South Carolina,Barnwell,453,9,0,33.26679302,-81.43584352,45011.0,2170.9958784625705,1.9867549668874167,444,439,8,0,431,433,21112,14,1,0,13,6
2020-08-14,US,South Carolina,Beaufort,4331,60,0,32.39226291,-80.72619758,45013.0,2254.296748940777,1.385361348418379,4271,4256,60,0,4196,4214,188715,75,0,0,75,42
2020-08-14,US,South Carolina,Berkeley,4422,73,0,33.20222596,-79.94654523,45015.0,1940.2651081362135,1.6508367254635912,4349,4324,70,0,4254,4298,221091,98,3,0,95,26
2020-08-14,US,South Carolina,Calhoun,392,14,0,33.66926881,-80.77722168,45017.0,2693.602693602693,3.571428571428572,378,384,13,0,371,380,14520,8,1,0,7,4
2020-08-14,US,South Carolina,Charleston,12821,213,0,32.82487866,-79.96512315,45019.0,3116.3862461898952,1.6613368691989705,12608,12631,209,0,12422,12555,405905,190,4,0,186,76
2020-08-14,US,South Carolina,Cherokee,717,31,0,35.05122251,-81.61828622,45021.0,1251.3089005235602,4.3235704323570445,686,692,31,0,661,679,57078,25,0,0,25,13
2020-08-14,US,South Carolina,Chester,736,14,0,34.69249168,-81.1583216,45023.0,2282.5952115122195,1.9021739130434785,722,716,14,0,702,709,32251,20,0,0,20,7
2020-08-14,US,South Carolina,Chesterfield,817,22,0,34.64137396,-80.15640140000002,45025.0,1789.7042716319825,2.692778457772338,795,803,22,0,781,791,45754,14,0,0,14,12
2020-08-14,US,South Carolina,Clarendon,898,57,0,33.66610974,-80.21647898,45027.0,2661.134982960439,6.3474387527839635,841,874,55,0,819,867,33700,24,2,0,22,7
2020-08-14,US,South Carolina,Colleton,847,36,0,32.87582989,-80.67641292,45029.0,2248.0558430872948,4.250295159386068,811,837,34,0,803,831,37660,10,2,0,8,6
2020-08-14,US,South Carolina,Darlington,1425,38,0,34.33358335,-79.96027485,45031.0,2139.0615149058813,2.6666666666666665,1387,1362,36,0,1326,1346,66802,63,2,0,61,16
2020-08-14,US,South Carolina,Dillon,671,25,0,34.39007791,-79.37741872,45033.0,2201.515797762394,3.725782414307005,646,661,25,0,636,657,30599,10,0,0,10,4
2020-08-14,US,South Carolina,Dorchester,3242,58,0,33.0794369,-80.40502652,45035.0,1991.2904077784399,1.7890191239975324,3184,3176,53,0,3123,3147,160647,66,5,0,61,29
2020-08-14,US,South Carolina,Edgefield,359,7,0,33.77221995,-81.96231108,45037.0,1316.9479090242112,1.9498607242339836,352,349,7,0,342,341,27052,10,0,0,10,8
2020-08-14,US,South Carolina,Fairfield,583,24,0,34.39287073,-81.1195624,45039.0,2608.851299950777,4.1166380789022305,559,578,24,0,554,574,22402,5,0,0,5,4
2020-08-14,US,South Carolina,Florence,3721,128,0,34.02361754,-79.70189312,45041.0,2690.6640249325706,3.4399355012093524,3593,3614,123,0,3491,3551,138159,107,5,0,102,63
2020-08-14,US,South Carolina,Georgetown,1521,25,0,33.43443342,-79.33202141,45043.0,2426.6113592852585,1.643655489809336,1496,1498,25,0,1473,1492,62249,23,0,0,23,6
2020-08-14,US,South Carolina,Greenville,11238,227,0,34.89502264,-82.37295012,45045.0,2146.5326564057896,2.01993237230824,11011,11109,222,0,10887,11056,514213,129,5,0,124,53
2020-08-14,US,South Carolina,Greenwood,1541,20,0,34.15272415,-82.12715789,45047.0,2176.2155597294204,1.2978585334198571,1521,1489,20,0,1469,1455,70741,52,0,0,52,34
2020-08-14,US,South Carolina,Hampton,468,13,0,32.77419582,-81.13845571,45049.0,2434.710227863906,2.7777777777777777,455,457,13,0,444,445,19351,11,0,0,11,12
2020-08-14,US,South Carolina,Horry,8839,169,0,33.9212828,-78.99555293,45051.0,2496.321463168032,1.911980993325037,8670,8743,167,0,8576,8706,344147,96,2,0,94,37
2020-08-14,US,South Carolina,Jasper,625,19,0,32.43171982,-81.02487495,45053.0,2078.2761945931566,3.04,606,611,18,0,593,608,28971,14,1,0,13,3
2020-08-14,US,South Carolina,Kershaw,1450,27,0,34.33988254,-80.58763164,45055.0,2178.7801836185777,1.862068965517241,1423,1425,27,0,1398,1418,65592,25,0,0,25,7
2020-08-14,US,South Carolina,Lancaster,1353,27,0,34.68270843,-80.70513032,45057.0,1380.4432110353837,1.9955654101995568,1326,1297,27,0,1270,1265,95380,56,0,0,56,32
2020-08-14,US,South Carolina,Laurens,1373,49,0,34.48244419,-82.00490796,45059.0,2034.2850369667965,3.5688273852876917,1324,1354,47,0,1307,1353,66994,19,2,0,17,1
2020-08-14,US,South Carolina,Lee,581,30,0,34.16393091,-80.25690731,45061.0,3452.579034941764,5.163511187607574,551,564,30,0,534,561,17142,17,0,0,17,3
2020-08-14,US,South Carolina,Lexington,5179,120,0,33.89665987,-81.27146426,45063.0,1733.5564853556484,2.317049623479436,5059,5078,116,0,4962,5054,295032,101,4,0,97,24
2020-08-14,US,South Carolina,Marion,579,14,0,34.07859748,-79.36400756,45067.0,1888.6388100596928,2.4179620034542317,565,573,14,0,559,566,31039,6,0,0,6,7
2020-08-14,US,South Carolina,Marlboro,542,4,0,34.59905577,-79.67561152,45069.0,2075.197182020063,0.7380073800738007,538,529,4,0,525,517,26398,13,0,0,13,12
2020-08-14,US,South Carolina,McCormick,140,2,0,33.90161443,-82.30794338,45065.0,1479.4462643981824,1.4285714285714286,138,131,2,0,129,127,9410,9,0,0,9,4
2020-08-14,US,South Carolina,Newberry,890,12,0,34.28629098,-81.59935761,45071.0,2315.2965660770033,1.348314606741573,878,881,11,0,870,873,38520,9,1,0,8,8
2020-08-14,US,South Carolina,Oconee,872,13,0,34.75225169,-83.06742317,45073.0,1096.2210544841978,1.4908256880733946,859,854,12,0,842,847,78374,18,1,0,17,7
2020-08-14,US,South Carolina,Orangeburg,2550,76,0,33.4391073,-80.79886287,45075.0,2959.094865100087,2.980392156862745,2474,2494,70,0,2424,2462,86934,56,6,0,50,32
2020-08-14,US,South Carolina,Pickens,1923,29,0,34.88807695,-82.72791551,45077.0,1515.5575171022351,1.5080603224128966,1894,1897,27,0,1870,1882,124937,26,2,0,24,15
2020-08-14,US,South Carolina,Richland,9315,165,0,34.01791263,-80.90267209,45079.0,2240.4806630764456,1.7713365539452497,9150,9142,159,0,8983,9049,414576,173,6,0,167,93
2020-08-14,US,South Carolina,Saluda,482,10,0,34.00795823,-81.72713237,45081.0,2354.3203243296052,2.074688796680498,472,469,9,0,460,468,20544,13,1,0,12,1
2020-08-14,US,South Carolina,Spartanburg,4360,114,0,34.92960077,-81.99225984,45083.0,1363.4160451553387,2.614678899082569,4246,4299,111,0,4188,4222,313888,61,3,0,58,77
2020-08-14,US,South Carolina,Sumter,2629,56,0,33.91826534,-80.37942316,45085.0,2463.4326889740537,2.130087485736021,2573,2604,53,0,2551,2586,106512,25,3,0,22,18
2020-08-14,US,South Carolina,Union,399,4,0,34.68835752,-81.61730349,45087.0,1460.682383950798,1.0025062656641603,395,383,4,0,379,378,27410,16,0,0,16,5
2020-08-14,US,South Carolina,Williamsburg,1070,31,0,33.62190129,-79.72767442,45089.0,3523.445732349842,2.8971962616822435,1039,1042,31,0,1011,1036,30606,28,0,0,28,6
2020-08-14,US,South Carolina,York,3752,32,0,34.97281497,-81.18085944,45091.0,1335.3311101541397,0.8528784648187633,3720,3705,29,0,3676,3678,274118,47,3,0,44,27
2020-08-14,US,South Dakota,Aurora,40,0,0,43.71757685,-98.56050467,46003.0,1454.0167211922933,0.0,40,38,0,0,38,38,2801,2,0,0,2,0
2020-08-14,US,South Dakota,Beadle,598,9,0,44.41464384,-98.27858469,46005.0,3240.665474448599,1.5050167224080269,589,596,9,0,587,594,18883,2,0,0,2,2
2020-08-14,US,South Dakota,Bennett,6,0,0,43.19486375,-101.6665572,46007.0,178.30609212481426,0.0,6,6,0,0,6,6,3468,0,0,0,0,0
2020-08-14,US,South Dakota,Bon Homme,17,0,0,42.98914167,-97.88592746,46009.0,246.34110998406032,0.0,17,14,0,0,14,13,6980,3,0,0,3,1
2020-08-14,US,South Dakota,Brookings,151,1,0,44.36974375,-96.79079945,46011.0,430.48151210194715,0.6622516556291391,150,143,1,0,142,142,35232,8,0,0,8,1
2020-08-14,US,South Dakota,Brown,466,3,0,45.58994323,-98.35165355,46013.0,1199.8249182522725,0.6437768240343348,463,456,3,0,453,452,39316,10,0,0,10,4
2020-08-14,US,South Dakota,Brule,47,0,0,43.71756379,-99.08118954,46015.0,887.2946951104399,0.0,47,46,0,0,46,46,5229,1,0,0,1,0
2020-08-14,US,South Dakota,Buffalo,109,3,0,44.07657829,-99.20814467,46017.0,5555.555555555556,2.7522935779816518,106,109,3,0,106,109,2036,0,0,0,0,0
2020-08-14,US,South Dakota,Butte,19,1,0,44.90608745,-103.5079318,46019.0,182.18429379614537,5.2631578947368425,18,18,1,0,17,18,10222,1,0,0,1,0
2020-08-14,US,South Dakota,Campbell,3,0,0,45.77074915,-100.0510181,46021.0,218.02325581395348,0.0,3,3,0,0,3,3,1377,0,0,0,0,0
2020-08-14,US,South Dakota,Charles Mix,112,0,0,43.20660134,-98.58856175,46023.0,1205.3379250968574,0.0,112,103,0,0,103,103,9338,9,0,0,9,0
2020-08-14,US,South Dakota,Clark,17,0,0,44.85834507,-97.72925109,46025.0,455.0321199143468,0.0,17,17,0,0,17,16,3739,0,0,0,0,1
2020-08-14,US,South Dakota,Clay,137,0,0,42.91296147,-96.97656917,46027.0,973.7029140014216,0.0,137,135,0,0,135,132,14041,2,0,0,2,3
2020-08-14,US,South Dakota,Codington,156,1,0,44.97788119,-97.18827677,46029.0,556.9638330536613,0.6410256410256411,155,147,1,0,146,143,28015,9,0,0,9,4
2020-08-14,US,South Dakota,Corson,46,0,0,45.70889983,-101.1970473,46031.0,1125.7953989231523,0.0,46,37,0,0,37,37,4165,9,0,0,9,0
2020-08-14,US,South Dakota,Custer,39,0,0,43.67741105,-103.45345209999999,46033.0,434.68568880963,0.0,39,36,0,0,36,36,8726,3,0,0,3,0
2020-08-14,US,South Dakota,Davison,100,1,0,43.67490933,-98.14458906,46035.0,505.6890012642225,1.0,99,99,1,0,98,96,19790,1,0,0,1,3
2020-08-14,US,South Dakota,Day,25,0,0,45.367281,-97.60737498,46037.0,460.9144542772862,0.0,25,24,0,0,24,23,5505,1,0,0,1,1
2020-08-14,US,South Dakota,Deuel,15,0,0,44.75994309,-96.66943645,46039.0,344.7483337163871,0.0,15,13,0,0,13,11,4337,2,0,0,2,2
2020-08-14,US,South Dakota,Dewey,57,0,0,45.15639647,-100.8709139,46041.0,967.4134419551932,0.0,57,49,0,0,49,49,5904,8,0,0,8,0
2020-08-14,US,South Dakota,Douglas,19,0,0,43.38520741,-98.36978007,46043.0,650.4621704895584,0.0,19,19,0,0,19,19,2935,0,0,0,0,0
2020-08-14,US,South Dakota,Edmunds,19,0,0,45.41846445,-99.21545423,46045.0,496.2131104727083,0.0,19,18,0,0,18,18,3875,1,0,0,1,0
2020-08-14,US,South Dakota,Fall River,23,0,0,43.23929297,-103.5275691,46047.0,342.6187993445553,0.0,23,22,0,0,22,22,6758,1,0,0,1,0
2020-08-14,US,South Dakota,Faulk,29,1,0,45.07082625,-99.14535601,46049.0,1261.418007829491,3.4482758620689653,28,29,1,0,28,28,2330,0,0,0,0,1
2020-08-14,US,South Dakota,Grant,32,0,0,45.1723937,-96.77002276,46051.0,453.77197958026085,0.0,32,28,0,0,28,27,7147,4,0,0,4,1
2020-08-14,US,South Dakota,Gregory,7,0,0,43.19419064,-99.18883902,46053.0,167.26403823178018,0.0,7,7,0,0,7,7,4212,0,0,0,0,0
2020-08-14,US,South Dakota,Haakon,2,0,0,44.29299053,-101.539099,46055.0,105.318588730911,0.0,2,2,0,0,2,2,1918,0,0,0,0,0
2020-08-14,US,South Dakota,Hamlin,27,0,0,44.67385954,-97.18829593,46057.0,438.0272550292018,0.0,27,25,0,0,25,24,6111,2,0,0,2,1
2020-08-14,US,South Dakota,Hand,10,0,0,44.54708407,-99.00386459,46059.0,313.3813851457224,0.0,10,10,0,0,10,9,3262,0,0,0,0,1
2020-08-14,US,South Dakota,Hanson,22,0,0,43.6746384,-97.78715148,46061.0,637.1271358239213,0.0,22,22,0,0,22,21,3376,0,0,0,0,1
2020-08-14,US,South Dakota,Harding,2,0,0,45.58015551,-103.4958629,46063.0,154.08320493066256,0.0,2,2,0,0,2,,1249,0,0,0,0,
2020-08-14,US,South Dakota,Hughes,97,3,0,44.39091534,-99.99661148,46065.0,553.4634257674312,3.0927835051546397,94,93,3,0,90,93,17650,4,0,0,4,0
2020-08-14,US,South Dakota,Hutchinson,31,0,0,43.33449012,-97.75536441,46067.0,425.1817309011108,0.0,31,29,0,0,29,30,7380,2,0,0,2,-1
2020-08-14,US,South Dakota,Hyde,4,0,0,44.54747703,-99.48572582,46069.0,307.455803228286,0.0,4,4,0,0,4,4,1282,0,0,0,0,0
2020-08-14,US,South Dakota,Jackson,11,1,0,43.69318385,-101.6255063,46071.0,328.9473684210526,9.090909090909092,10,11,1,0,10,11,3307,0,0,0,0,0
2020-08-14,US,South Dakota,Jerauld,39,1,0,44.06637798,-98.62965972,46073.0,1937.4068554396426,2.5641025641025643,38,39,1,0,38,39,2043,0,0,0,0,0
2020-08-14,US,South Dakota,Jones,2,0,0,43.96278565,-100.6940008,46075.0,221.48394241417492,0.0,2,2,0,0,2,2,928,0,0,0,0,0
2020-08-14,US,South Dakota,Kingsbury,14,0,0,44.36956169,-97.4913945,46077.0,283.4581899169873,0.0,14,14,0,0,14,14,4919,0,0,0,0,0
2020-08-14,US,South Dakota,Lake,100,3,0,44.02193107,-97.12926365,46079.0,781.4331483941548,3.0,97,100,2,0,98,95,13057,0,1,0,-1,5
2020-08-14,US,South Dakota,Lawrence,69,1,0,44.35919441,-103.79294279999999,46081.0,266.98653459216837,1.4492753623188406,68,62,0,0,62,62,25741,7,1,0,6,0
2020-08-14,US,South Dakota,Lincoln,694,2,0,43.27841182,-96.72039050000001,46083.0,1135.3226017536972,0.2881844380403458,692,672,2,0,670,667,58807,22,0,0,22,5
2020-08-14,US,South Dakota,Lyman,91,3,0,43.89522709,-99.85201878,46085.0,2406.770695583179,3.2967032967032965,88,91,3,0,88,90,3821,0,0,0,0,1
2020-08-14,US,South Dakota,Marshall,12,0,0,45.75870838,-97.59855639,46091.0,243.161094224924,0.0,12,12,0,0,12,10,5112,0,0,0,0,2
2020-08-14,US,South Dakota,McCook,33,1,0,43.6742571,-97.36863144,46087.0,590.7626208378088,3.0303030303030303,32,30,1,0,29,30,5546,3,0,0,3,0
2020-08-14,US,South Dakota,McPherson,8,0,0,45.76626028,-99.22118798,46089.0,336.27574611181166,0.0,8,8,0,0,8,8,2407,0,0,0,0,0
2020-08-14,US,South Dakota,Meade,97,1,0,44.56676791,-102.71627409999999,46093.0,342.3690526613017,1.0309278350515465,96,98,1,0,97,97,28294,-1,0,0,-1,1
2020-08-14,US,South Dakota,Mellette,24,0,0,43.58078848,-100.7563186,46095.0,1164.4832605531294,0.0,24,24,0,0,24,24,2042,0,0,0,0,0
2020-08-14,US,South Dakota,Miner,15,0,0,44.02197882,-97.60992207,46097.0,676.8953068592058,0.0,15,15,0,0,15,15,2213,0,0,0,0,0
2020-08-14,US,South Dakota,Minnehaha,4584,68,0,43.67441641,-96.7910885,46099.0,2373.4816241573208,1.4834205933682374,4516,4521,68,0,4453,4498,192876,63,0,0,63,23
2020-08-14,US,South Dakota,Moody,33,0,0,44.02266214,-96.67081159,46101.0,501.8248175182482,0.0,33,32,0,0,32,32,6579,1,0,0,1,0
2020-08-14,US,South Dakota,Oglala Lakota,158,2,0,43.33749164,-102.55554980000001,46102.0,1114.4812019468152,1.2658227848101269,156,157,2,0,155,156,14309,1,0,0,1,1
2020-08-14,US,South Dakota,Pennington,930,33,0,44.0025835,-102.8240777,46103.0,817.4027686222809,3.548387096774193,897,915,32,0,883,910,111729,15,1,0,14,5
2020-08-14,US,South Dakota,Perkins,6,0,0,45.49049506,-102.47555859999999,46105.0,209.42408376963348,0.0,6,6,0,0,6,6,2922,0,0,0,0,0
2020-08-14,US,South Dakota,Potter,2,0,0,45.06583079,-99.95498503,46107.0,92.89363678588016,0.0,2,2,0,0,2,1,2207,0,0,0,0,1
2020-08-14,US,South Dakota,Roberts,83,1,0,45.62975048,-96.94672673,46109.0,798.5376178564557,1.2048192771084338,82,80,1,0,79,80,10447,3,0,0,3,0
2020-08-14,US,South Dakota,Sanborn,13,0,0,44.02351092,-98.09098159999999,46111.0,554.6075085324234,0.0,13,13,0,0,13,13,2429,0,0,0,0,0
2020-08-14,US,South Dakota,Spink,26,0,0,44.93837606,-98.34626602,46115.0,407.7791718946048,0.0,26,26,0,0,26,26,6495,0,0,0,0,0
2020-08-14,US,South Dakota,Stanley,15,0,0,44.41381872,-100.7349153,46117.0,484.1833440929632,0.0,15,14,0,0,14,14,3022,1,0,0,1,0
2020-08-14,US,South Dakota,Sully,4,0,0,44.71571812,-100.1278092,46119.0,287.56290438533426,0.0,4,3,0,0,3,3,1392,1,0,0,1,0
2020-08-14,US,South Dakota,Todd,75,5,0,43.19338568,-100.71955030000001,46121.0,736.9558809079297,6.666666666666668,70,74,5,0,69,73,10283,1,0,0,1,1
2020-08-14,US,South Dakota,Tripp,20,0,0,43.34459388,-99.8854891,46123.0,367.5794890645102,0.0,20,20,0,0,20,20,5478,0,0,0,0,0
2020-08-14,US,South Dakota,Turner,59,0,0,43.3109081,-97.14865776,46125.0,703.7213740458017,0.0,59,56,0,0,56,53,8424,3,0,0,3,3
2020-08-14,US,South Dakota,Union,223,4,0,42.83112163,-96.6557828,46127.0,1399.6987195581219,1.7937219730941705,219,220,4,0,216,217,15619,3,0,0,3,3
2020-08-14,US,South Dakota,Walworth,18,0,0,45.43019636,-100.03075140000001,46129.0,331.1867525298988,0.0,18,18,0,0,18,18,5587,0,0,0,0,0
2020-08-14,US,South Dakota,Yankton,141,3,0,43.00924485,-97.39467635,46135.0,618.0415534321031,2.127659574468085,138,128,2,0,126,125,22869,13,1,0,12,3
2020-08-14,US,South Dakota,Ziebach,35,0,0,44.97881876,-101.6654622,46137.0,1269.956458635704,0.0,35,35,0,0,35,35,2742,0,0,0,0,0
2020-08-14,US,Tennessee,Anderson,754,6,0,36.12684348,-84.19965764,47001.0,979.5006365455065,0.7957559681697612,748,722,7,0,715,711,76482,32,-1,0,33,11
2020-08-14,US,Tennessee,Bedford,964,12,0,35.51123746,-86.45549096,47003.0,1939.130609699676,1.2448132780082988,952,955,11,0,944,940,49038,9,1,0,8,15
2020-08-14,US,Tennessee,Benton,180,2,0,36.07110411,-88.06849355,47005.0,1113.861386138614,1.1111111111111112,178,173,1,0,172,161,16184,7,1,0,6,12
2020-08-14,US,Tennessee,Bledsoe,746,2,0,35.59942968,-85.20611967,47007.0,4952.203929899098,0.2680965147453083,744,727,2,0,725,717,14755,19,0,0,19,10
2020-08-14,US,Tennessee,Blount,1465,15,0,35.68938198,-83.92847788,47009.0,1100.775426785285,1.023890784982935,1450,1373,15,0,1358,1333,131349,92,0,0,92,40
2020-08-14,US,Tennessee,Bradley,2126,16,0,35.15739424,-84.857186,47011.0,1966.5155859772449,0.7525870178739417,2110,2066,15,0,2051,2013,106727,60,1,0,59,53
2020-08-14,US,Tennessee,Campbell,267,1,0,36.40355516,-84.15108559999999,47013.0,670.1470809698309,0.3745318352059925,266,261,1,0,260,257,39583,6,0,0,6,4
2020-08-14,US,Tennessee,Cannon,163,0,0,35.80990797,-86.05738983,47015.0,1110.505518463006,0.0,163,159,0,0,159,157,14462,4,0,0,4,2
2020-08-14,US,Tennessee,Carroll,384,6,0,35.97366108,-88.45189331,47017.0,1382.9365793928046,1.5625,378,352,6,0,346,341,28020,32,0,0,32,11
2020-08-14,US,Tennessee,Carter,608,6,0,36.28969086,-82.12588974,47019.0,1078.1862353921724,0.986842105263158,602,593,6,0,587,564,56351,15,0,0,15,29
2020-08-14,US,Tennessee,Cheatham,631,9,0,36.26136216,-87.08903581,47021.0,1551.6266260112625,1.4263074484944531,622,622,9,0,613,607,40439,9,0,0,9,15
2020-08-14,US,Tennessee,Chester,268,2,0,35.42527478,-88.6095842,47023.0,1549.4016303405215,0.746268656716418,266,240,2,0,238,230,17276,28,0,0,28,10
2020-08-14,US,Tennessee,Claiborne,305,0,0,36.48319149,-83.65947309,47025.0,954.3477580650208,0.0,305,296,0,0,296,281,31756,9,0,0,9,15
2020-08-14,US,Tennessee,Clay,87,0,0,36.55151008,-85.53930419,47027.0,1142.4819435325014,0.0,87,84,0,0,84,83,7717,3,0,0,3,1
2020-08-14,US,Tennessee,Cocke,535,5,0,35.9278914,-83.11828725,47029.0,1485.9460059993335,0.9345794392523364,530,514,5,0,509,485,35774,21,0,0,21,29
2020-08-14,US,Tennessee,Coffee,595,4,0,35.49090731,-86.07311784,47031.0,1052.7246992215146,0.6722689075630253,591,584,3,0,581,573,55700,11,1,0,10,11
2020-08-14,US,Tennessee,Crockett,297,7,0,35.81830662,-89.14916269,47033.0,2087.1398453970487,2.356902356902357,290,285,5,0,280,277,14328,12,2,0,10,8
2020-08-14,US,Tennessee,Cumberland,561,7,0,35.95271721,-84.99840585,47035.0,926.9662921348314,1.2477718360071302,554,502,7,0,495,483,59673,59,0,0,59,19
2020-08-14,US,Tennessee,Davidson,21677,220,0,36.17007426,-86.78646056,47037.0,3122.839065093122,1.014900585874429,21457,21280,221,0,21059,21044,692587,397,-1,0,398,236
2020-08-14,US,Tennessee,DeKalb,389,2,0,35.97616272,-85.83689361,47041.0,1898.487066861884,0.5141388174807198,387,379,1,0,378,369,20138,10,1,0,9,10
2020-08-14,US,Tennessee,Decatur,239,3,0,35.60048904,-88.11043779,47039.0,2049.2154677184258,1.2552301255230125,236,226,3,0,223,218,11706,13,0,0,13,8
2020-08-14,US,Tennessee,Dickson,766,4,0,36.14669837,-87.35891709,47043.0,1419.885815970935,0.5221932114882507,762,743,3,0,740,718,53446,23,1,0,22,25
2020-08-14,US,Tennessee,Dyer,728,9,0,36.05931946,-89.41542855,47045.0,1959.148523910762,1.2362637362637363,719,696,9,0,687,679,37320,32,0,0,32,17
2020-08-14,US,Tennessee,Fayette,749,8,0,35.19615831,-89.41399032,47047.0,1820.9223737631585,1.068090787716956,741,725,8,0,717,718,40507,24,0,0,24,7
2020-08-14,US,Tennessee,Fentress,119,0,0,36.38128818,-84.92870012,47049.0,642.4445284241214,0.0,119,104,0,0,104,98,18217,15,0,0,15,6
2020-08-14,US,Tennessee,Franklin,366,4,0,35.15634626,-86.09201039,47051.0,867.1341925701289,1.0928961748633879,362,359,4,0,355,343,41890,7,0,0,7,16
2020-08-14,US,Tennessee,Gibson,806,9,0,35.99438059,-88.93358327,47053.0,1640.445321881424,1.1166253101736974,797,765,9,0,756,749,49045,41,0,0,41,16
2020-08-14,US,Tennessee,Giles,407,13,0,35.20222469,-87.03992678,47055.0,1381.3467282106976,3.194103194103194,394,402,13,0,389,391,29503,5,0,0,5,11
2020-08-14,US,Tennessee,Grainger,218,1,0,36.27469206,-83.51254721,47057.0,934.819897084048,0.4587155963302753,217,212,0,0,212,206,23145,6,1,0,5,6
2020-08-14,US,Tennessee,Greene,563,9,0,36.17470125,-82.84691273,47059.0,815.1269020834237,1.5985790408525755,554,552,9,0,543,524,69087,11,0,0,11,28
2020-08-14,US,Tennessee,Grundy,128,2,0,35.38433717,-85.72142731,47061.0,953.3030461011392,1.5625,126,124,2,0,122,122,13346,4,0,0,4,2
2020-08-14,US,Tennessee,Hamblen,1487,15,0,36.21990035,-83.26586179,47063.0,2290.017556287923,1.0087424344317415,1472,1456,15,0,1441,1425,64569,31,0,0,31,31
2020-08-14,US,Tennessee,Hamilton,6644,58,0,35.17670231,-85.16652245,47065.0,1806.396885297604,0.8729680915111379,6586,6547,56,0,6491,6408,364286,97,2,0,95,139
2020-08-14,US,Tennessee,Hancock,84,2,0,36.52692871,-83.22375847,47067.0,1268.882175226586,2.380952380952381,82,83,2,0,81,82,6549,1,0,0,1,1
2020-08-14,US,Tennessee,Hardeman,1033,18,0,35.20772017,-88.99161161,47069.0,4123.75249500998,1.7424975798644724,1015,975,18,0,957,968,25220,58,0,0,58,7
2020-08-14,US,Tennessee,Hardin,505,8,0,35.19732531,-88.18593755,47071.0,1968.65741462654,1.5841584158415842,497,493,8,0,485,486,25776,12,0,0,12,7
2020-08-14,US,Tennessee,Hawkins,540,10,0,36.44355426,-82.94885298,47073.0,950.9386116296272,1.851851851851852,530,520,10,0,510,500,56530,20,0,0,20,20
2020-08-14,US,Tennessee,Haywood,594,7,0,35.58332824,-89.28536625,47075.0,3432.732316227462,1.1784511784511784,587,547,7,0,540,522,17335,47,0,0,47,25
2020-08-14,US,Tennessee,Henderson,678,3,0,35.65581134,-88.38600175,47077.0,2411.352562506669,0.4424778761061947,675,636,2,0,634,626,27847,42,1,0,41,10
2020-08-14,US,Tennessee,Henry,324,1,0,36.33160906,-88.30121797,47079.0,1001.700417375174,0.308641975308642,323,307,1,0,306,303,32358,17,0,0,17,4
2020-08-14,US,Tennessee,Hickman,297,1,0,35.80609681,-87.47643507,47081.0,1179.6012391770594,0.3367003367003367,296,290,1,0,289,276,25063,7,0,0,7,14
2020-08-14,US,Tennessee,Houston,65,0,0,36.28872054,-87.71878828,47083.0,792.5862699670772,0.0,65,63,0,0,63,62,8263,2,0,0,2,1
2020-08-14,US,Tennessee,Humphreys,139,3,0,36.03958805,-87.77992872,47085.0,748.035733505543,2.1582733812949644,136,131,3,0,128,131,18486,8,0,0,8,0
2020-08-14,US,Tennessee,Jackson,144,1,0,36.36380466,-85.67239905,47087.0,1221.7885627015105,0.6944444444444444,143,137,1,0,136,131,11758,7,0,0,7,6
2020-08-14,US,Tennessee,Jefferson,647,4,0,36.04818632,-83.45148924,47089.0,1187.264886686852,0.6182380216383307,643,616,4,0,612,596,54012,31,0,0,31,20
2020-08-14,US,Tennessee,Johnson,321,0,0,36.45523950000001,-81.84886538,47091.0,1804.5873622666968,0.0,321,318,0,0,318,307,17778,3,0,0,3,11
2020-08-14,US,Tennessee,Knox,5123,42,0,35.99508821,-83.94635435,47093.0,1089.2745894755194,0.8198321296115557,5081,4946,41,0,4905,4852,465289,177,1,0,176,94
2020-08-14,US,Tennessee,Lake,799,1,0,36.34180170000001,-89.48921915,47095.0,11388.25541619156,0.1251564455569462,798,798,0,0,798,796,7411,1,1,0,0,2
2020-08-14,US,Tennessee,Lauderdale,564,9,0,35.75893438,-89.63015909999999,47097.0,2200.288690360083,1.5957446808510638,555,535,9,0,526,523,25825,29,0,0,29,12
2020-08-14,US,Tennessee,Lawrence,623,7,0,35.21675201,-87.39787695,47099.0,1411.3542657786234,1.1235955056179776,616,613,7,0,606,593,43734,10,0,0,10,20
2020-08-14,US,Tennessee,Lewis,84,1,0,35.52853208,-87.49022694,47101.0,684.7081838930551,1.1904761904761905,83,80,1,0,79,76,12086,4,0,0,4,4
2020-08-14,US,Tennessee,Lincoln,338,1,0,35.13738622,-86.58910106,47103.0,983.5302333701917,0.2958579881656805,337,325,1,0,324,320,34117,13,0,0,13,5
2020-08-14,US,Tennessee,Loudon,799,3,0,35.73939663,-84.31145275,47105.0,1477.7687356661982,0.37546933667083854,796,779,3,0,776,774,53054,20,0,0,20,5
2020-08-14,US,Tennessee,Macon,866,13,0,36.53157855,-86.00778595,47111.0,3520.0390212177867,1.5011547344110854,853,873,13,0,860,870,24265,-7,0,0,-7,3
2020-08-14,US,Tennessee,Madison,1302,25,0,35.61181957,-88.84076036,47113.0,1328.7883736120182,1.9201228878648235,1277,1244,23,0,1221,1222,97605,58,2,0,56,22
2020-08-14,US,Tennessee,Marion,243,5,0,35.12997174,-85.62265895,47115.0,840.6268377901546,2.05761316872428,238,239,5,0,234,230,28575,4,0,0,4,9
2020-08-14,US,Tennessee,Marshall,340,4,0,35.45798777,-86.76420988,47117.0,989.0909090909092,1.1764705882352942,336,325,4,0,321,310,33683,15,0,0,15,15
2020-08-14,US,Tennessee,Maury,1382,9,0,35.618741299999996,-87.07462444,47119.0,1433.8033137248801,0.6512301013024602,1373,1329,9,0,1320,1299,94340,53,0,0,53,30
2020-08-14,US,Tennessee,McMinn,596,20,0,35.42812616,-84.61520715,47107.0,1107.9302524445106,3.355704697986577,576,583,20,0,563,567,53285,13,0,0,13,16
2020-08-14,US,Tennessee,McNairy,415,6,0,35.17468549,-88.5647812,47109.0,1615.163073090994,1.4457831325301205,409,400,6,0,394,397,25832,15,0,0,15,3
2020-08-14,US,Tennessee,Meigs,115,0,0,35.51558739,-84.81482914,47121.0,925.7768475285783,0.0,115,113,0,0,113,109,12306,2,0,0,2,4
2020-08-14,US,Tennessee,Monroe,497,10,0,35.44550387,-84.24902965,47123.0,1067.7838650768074,2.0120724346076457,487,469,10,0,459,458,46357,28,0,0,28,11
2020-08-14,US,Tennessee,Montgomery,2118,16,0,36.49609412,-87.38550661,47125.0,1013.4310718540813,0.7554296506137866,2102,2041,15,0,2026,2015,205950,77,1,0,76,26
2020-08-14,US,Tennessee,Moore,72,0,0,35.27724699,-86.36230578,47127.0,1109.7410604192357,0.0,72,68,0,0,68,64,6411,4,0,0,4,4
2020-08-14,US,Tennessee,Morgan,140,1,0,36.13248031,-84.64880098,47129.0,654.1139092650562,0.7142857142857143,139,133,1,0,132,130,21579,7,0,0,7,3
2020-08-14,US,Tennessee,Obion,653,4,0,36.35732446,-89.14921589,47131.0,2171.671821477269,0.6125574272588055,649,619,4,0,615,598,30267,34,0,0,34,21
2020-08-14,US,Tennessee,Out of TN,2988,20,0,0.0,0.0,80047.0,0.0,0.6693440428380187,2968,3024,19,0,3005,2904,,-36,1,0,-37,120
2020-08-14,US,Tennessee,Overton,270,1,0,36.34117832,-85.28989535,47133.0,1213.9741918079226,0.3703703703703704,269,235,1,0,234,221,22068,35,0,0,35,14
2020-08-14,US,Tennessee,Perry,87,0,0,35.63708728,-87.86139634,47135.0,1077.2659732540862,0.0,87,84,0,0,84,83,8064,3,0,0,3,1
2020-08-14,US,Tennessee,Pickett,40,1,0,36.55606529,-85.07763299999998,47137.0,792.3930269413629,2.5,39,40,1,0,39,40,5082,0,0,0,0,0
2020-08-14,US,Tennessee,Polk,244,8,0,35.12245443,-84.52075859,47139.0,1449.6197718631179,3.278688524590164,236,224,5,0,219,213,16898,20,3,0,17,11
2020-08-14,US,Tennessee,Putnam,1936,20,0,36.14005459,-85.50646123,47141.0,2412.611377655929,1.033057851239669,1916,1878,20,0,1858,1840,78843,58,0,0,58,38
2020-08-14,US,Tennessee,Rhea,576,2,0,35.60536161,-84.93076643,47143.0,1736.6659631561492,0.3472222222222222,574,566,2,0,564,547,33044,10,0,0,10,19
2020-08-14,US,Tennessee,Roane,524,2,0,35.84923189,-84.52458689,47145.0,981.6042860889438,0.3816793893129771,522,510,2,0,508,496,53140,14,0,0,14,14
2020-08-14,US,Tennessee,Robertson,1630,21,0,36.52454807,-86.87346725,47147.0,2269.784022391489,1.2883435582822085,1609,1596,21,0,1575,1587,71012,34,0,0,34,9
2020-08-14,US,Tennessee,Rutherford,6999,59,0,35.84591405,-86.4107263,47149.0,2106.3243902072018,0.8429775682240319,6940,6834,55,0,6779,6719,324890,165,4,0,161,115
2020-08-14,US,Tennessee,Scott,137,2,0,36.42325673,-84.50360494,47151.0,620.8084103679537,1.45985401459854,135,130,2,0,128,124,22039,7,0,0,7,6
2020-08-14,US,Tennessee,Sequatchie,118,1,0,35.36979721,-85.41022136,47153.0,785.3054705177693,0.8474576271186439,117,115,1,0,114,113,14876,3,0,0,3,2
2020-08-14,US,Tennessee,Sevier,2021,9,0,35.78077323,-83.52244332,47155.0,2056.997455470738,0.4453240969816922,2012,1947,9,0,1938,1916,97892,74,0,0,74,31
2020-08-14,US,Tennessee,Shelby,24440,323,0,35.1864775,-89.89692423,47157.0,2607.8624277876065,1.3216039279869067,24117,23943,319,0,23624,23785,935764,497,4,0,493,158
2020-08-14,US,Tennessee,Smith,480,4,0,36.25359775,-85.95411046,47159.0,2381.306742074713,0.8333333333333334,476,467,4,0,463,461,19942,13,0,0,13,6
2020-08-14,US,Tennessee,Stewart,82,0,0,36.50235092,-87.83920548,47161.0,597.8855267954792,0.0,82,79,0,0,79,79,13561,3,0,0,3,0
2020-08-14,US,Tennessee,Sullivan,1171,16,0,36.51240691,-82.30412917,47163.0,739.5104453482204,1.3663535439795047,1155,1106,15,0,1091,1075,157668,65,1,0,64,31
2020-08-14,US,Tennessee,Sumner,3622,75,0,36.46824103,-86.45917204,47165.0,1893.529482494524,2.0706791827719493,3547,3538,73,0,3465,3501,187149,84,2,0,82,37
2020-08-14,US,Tennessee,Tipton,1253,12,0,35.501942,-89.73694895,47167.0,2034.123930583289,0.9577015163607342,1241,1233,12,0,1221,1217,61581,20,0,0,20,16
2020-08-14,US,Tennessee,Trousdale,1584,6,0,36.39026213,-86.16087954,47169.0,14037.575327897908,0.3787878787878788,1578,1583,6,0,1577,1583,11012,1,0,0,1,0
2020-08-14,US,Tennessee,Unassigned,3066,3,0,0.0,0.0,90047.0,0.0,0.09784735812133072,3063,3151,3,0,3148,3124,,-85,0,0,-85,27
2020-08-14,US,Tennessee,Unicoi,179,0,0,36.10890856,-82.43709629,47171.0,1000.950623497176,0.0,179,180,0,0,180,175,17761,-1,0,0,-1,5
2020-08-14,US,Tennessee,Union,177,0,0,36.28590426,-83.83651902,47173.0,886.2407370318448,0.0,177,166,0,0,166,165,19688,11,0,0,11,1
2020-08-14,US,Tennessee,Van Buren,44,0,0,35.69864497,-85.45221699,47175.0,749.3188010899182,0.0,44,39,0,0,39,37,5765,5,0,0,5,2
2020-08-14,US,Tennessee,Warren,590,5,0,35.672829899999996,-85.77969117,47177.0,1429.367444339463,0.8474576271186439,585,567,4,0,563,545,40878,23,1,0,22,22
2020-08-14,US,Tennessee,Washington,1405,2,0,36.29472368,-82.49454720000001,47179.0,1085.9903381642512,0.1423487544483986,1403,1382,2,0,1380,1352,128607,23,0,0,23,30
2020-08-14,US,Tennessee,Wayne,233,2,0,35.23868267,-87.78644456,47181.0,1397.4689617945182,0.8583690987124464,231,231,2,0,229,230,16558,2,0,0,2,1
2020-08-14,US,Tennessee,Weakley,585,5,0,36.29896232,-88.71990865,47183.0,1755.2808449351894,0.8547008547008547,580,529,5,0,524,503,33415,56,0,0,56,26
2020-08-14,US,Tennessee,White,335,5,0,35.92929884,-85.45591799,47185.0,1225.0868531724263,1.492537313432836,330,315,5,0,310,310,27107,20,0,0,20,5
2020-08-14,US,Tennessee,Williamson,3812,26,0,35.89099229,-86.89281867,47187.0,1598.9128064023623,0.6820566631689402,3786,3702,25,0,3677,3656,231729,110,1,0,109,46
2020-08-14,US,Tennessee,Wilson,2457,23,0,36.15496772,-86.29775884,47189.0,1698.5005910533193,0.936100936100936,2434,2411,23,0,2388,2374,140625,46,0,0,46,37
2020-08-14,US,Texas,Anderson,2434,16,0,31.81534745,-95.65354823,48001.0,4215.813631246211,0.6573541495480689,2418,2437,14,0,2423,2428,58057,-3,2,0,-5,9
2020-08-14,US,Texas,Andrews,338,7,0,32.30468633,-102.63765479999999,48003.0,1807.0034750066827,2.0710059171597632,331,316,7,0,309,304,18128,22,0,0,22,12
2020-08-14,US,Texas,Angelina,1906,54,0,31.25457347,-94.60901487,48005.0,2198.004958772992,2.833158447009444,1852,1869,49,0,1820,1869,87092,37,5,0,32,0
2020-08-14,US,Texas,Aransas,186,16,0,28.10556197,-96.9995047,48007.0,791.152700978307,8.602150537634408,170,183,16,0,167,183,23792,3,0,0,3,0
2020-08-14,US,Texas,Archer,33,0,0,33.61569967,-98.68754589,48009.0,385.8295334970186,0.0,33,29,0,0,29,28,8786,4,0,0,4,1
2020-08-14,US,Texas,Armstrong,8,0,0,34.96507426,-101.35748740000001,48011.0,423.9533651298357,0.0,8,8,0,0,8,8,1892,0,0,0,0,0
2020-08-14,US,Texas,Atascosa,517,19,0,28.89333001,-98.52730485,48013.0,1010.6934099661798,3.67504835589942,498,499,19,0,480,487,50310,18,0,0,18,12
2020-08-14,US,Texas,Austin,328,4,0,29.88548725,-96.27736949,48015.0,1092.1683537559936,1.2195121951219512,324,297,4,0,293,287,29989,31,0,0,31,10
2020-08-14,US,Texas,Bailey,187,4,0,34.06854817,-102.8299707,48017.0,2671.428571428572,2.1390374331550803,183,180,4,0,176,179,7027,7,0,0,7,1
2020-08-14,US,Texas,Bandera,100,3,0,29.74619598,-99.24598147,48019.0,432.6756663205262,3.0,97,95,3,0,92,93,22824,5,0,0,5,2
2020-08-14,US,Texas,Bastrop,1435,23,0,30.10370699,-97.31206354,48021.0,1617.3934605457434,1.6027874564459932,1412,1409,23,0,1386,1390,86976,26,0,0,26,19
2020-08-14,US,Texas,Baylor,13,0,0,33.61640794,-99.21352901,48023.0,370.4759190652608,0.0,13,13,0,0,13,12,3582,0,0,0,0,1
2020-08-14,US,Texas,Bee,1374,16,0,28.41761668,-97.74215593,48025.0,4219.253800092123,1.1644832605531297,1358,1303,13,0,1290,1277,32587,71,3,0,68,26
2020-08-14,US,Texas,Bell,4281,48,0,31.03736027,-97.4785025,48027.0,1179.5858085990455,1.1212333566923616,4233,4071,46,0,4025,4036,355642,210,2,0,208,35
2020-08-14,US,Texas,Bexar,43993,887,0,29.44928723,-98.52019748,48029.0,2195.7481555276267,2.016229854749619,43106,43673,850,0,42823,43455,1986049,320,37,0,283,218
2020-08-14,US,Texas,Blanco,115,5,0,30.26640707,-98.3999852,48031.0,963.8756181376248,4.3478260869565215,110,114,5,0,109,114,11702,1,0,0,1,0
2020-08-14,US,Texas,Bosque,179,2,0,31.89978581,-97.63613524,48035.0,957.9876906609579,1.11731843575419,177,178,2,0,176,174,18691,1,0,0,1,4
2020-08-14,US,Texas,Bowie,790,38,0,33.44626922,-94.41834132,48037.0,847.230414499437,4.810126582278482,752,774,36,0,738,775,94324,16,2,0,14,-1
2020-08-14,US,Texas,Brazoria,8025,110,0,29.18757369,-95.44563172,48039.0,2144.208366286899,1.3707165109034267,7915,7789,105,0,7684,7591,370200,236,5,0,231,198
2020-08-14,US,Texas,Brazos,4173,51,0,30.663644800000004,-96.30205577,48041.0,1820.5932525053336,1.2221423436376708,4122,4147,50,0,4097,4107,226758,26,1,0,25,40
2020-08-14,US,Texas,Brewster,187,2,0,29.81008251,-103.25203259999999,48043.0,2031.9461045311316,1.0695187165775402,185,187,2,0,185,187,9267,0,0,0,0,0
2020-08-14,US,Texas,Briscoe,12,1,0,34.53026962,-101.2084947,48045.0,776.1966364812421,8.333333333333334,11,12,1,0,11,12,1516,0,0,0,0,0
2020-08-14,US,Texas,Brooks,145,5,0,27.03103197,-98.21808402,48047.0,2044.268997603271,3.4482758620689653,140,143,4,0,139,135,7114,2,1,0,1,8
2020-08-14,US,Texas,Brown,408,18,0,31.77430356,-98.99907113,48049.0,1077.5406718783013,4.411764705882354,390,403,17,0,386,402,37924,5,1,0,4,1
2020-08-14,US,Texas,Burleson,248,6,0,30.49273808,-96.62158484,48051.0,1344.6836198015508,2.419354838709677,242,248,6,0,242,247,18389,0,0,0,0,1
2020-08-14,US,Texas,Burnet,574,11,0,30.78801353,-98.181887,48053.0,1191.9842176305679,1.9163763066202089,563,577,10,0,567,571,47542,-3,1,0,-4,6
2020-08-14,US,Texas,Caldwell,1175,29,0,29.83668859,-97.61814775,48055.0,2691.004030780505,2.4680851063829787,1146,1171,29,0,1142,1163,43247,4,0,0,4,8
2020-08-14,US,Texas,Calhoun,555,6,0,28.47048236,-96.61633945,48057.0,2606.857679661813,1.0810810810810811,549,551,6,0,545,547,21561,4,0,0,4,4
2020-08-14,US,Texas,Callahan,52,3,0,32.29760619,-99.37326312,48059.0,372.94699849386797,5.769230769230768,49,51,3,0,48,48,13994,1,0,0,1,3
2020-08-14,US,Texas,Cameron,17816,547,0,26.14524221,-97.48140372,48061.0,4210.197961542006,3.0702739110911534,17269,17316,506,0,16810,17069,423908,500,41,0,459,247
2020-08-14,US,Texas,Camp,248,6,0,32.97195142,-94.97790104,48063.0,1893.997250649152,2.419354838709677,242,247,6,0,241,239,13033,1,0,0,1,8
2020-08-14,US,Texas,Carson,17,0,0,35.40365929,-101.35426690000001,48065.0,286.87141410732363,0.0,17,17,0,0,17,16,6005,0,0,0,0,1
2020-08-14,US,Texas,Cass,199,9,0,33.07499881,-94.34646905,48067.0,662.7589422500499,4.522613065326633,190,193,9,0,184,185,30119,6,0,0,6,8
2020-08-14,US,Texas,Castro,209,4,0,34.53016752,-102.2617243,48069.0,2775.5644090305445,1.9138755980861244,205,206,4,0,202,205,7665,3,0,0,3,1
2020-08-14,US,Texas,Chambers,1028,5,0,29.70972016,-94.67154501,48071.0,2345.050984328307,0.4863813229571984,1023,1008,4,0,1004,993,42454,20,1,0,19,15
2020-08-14,US,Texas,Cherokee,1232,11,0,31.837258000000002,-95.16559897,48073.0,2340.1587964897612,0.8928571428571429,1221,1184,9,0,1175,1167,52592,48,2,0,46,17
2020-08-14,US,Texas,Childress,53,0,0,34.529304100000004,-100.2077916,48075.0,725.4311524774158,0.0,53,50,0,0,50,48,7291,3,0,0,3,2
2020-08-14,US,Texas,Clay,47,1,0,33.78686685,-98.20771198,48077.0,448.85875274567854,2.127659574468085,46,45,1,0,44,43,10456,2,0,0,2,2
2020-08-14,US,Texas,Cochran,33,0,0,33.60425307,-102.82844990000001,48079.0,1156.677181913775,0.0,33,32,0,0,32,32,2836,1,0,0,1,0
2020-08-14,US,Texas,Coke,42,2,0,31.88911733,-100.5297533,48081.0,1240.0354295837026,4.761904761904762,40,42,2,0,40,42,3370,0,0,0,0,0
2020-08-14,US,Texas,Coleman,33,0,0,31.76736834,-99.45240766,48083.0,403.6697247706422,0.0,33,29,0,0,29,28,8397,4,0,0,4,1
2020-08-14,US,Texas,Collin,10007,98,0,33.18820114,-96.57264368,48085.0,967.1121935190823,0.9793144798640953,9909,8445,94,0,8351,8313,1005146,1562,4,0,1558,132
2020-08-14,US,Texas,Collingsworth,13,0,0,34.96489496,-100.27001109999999,48087.0,445.2054794520548,0.0,13,12,0,0,12,12,2962,1,0,0,1,0
2020-08-14,US,Texas,Colorado,359,2,0,29.622097999999998,-96.5273805,48089.0,1670.3112641325085,0.5571030640668524,357,345,2,0,343,333,21217,14,0,0,14,12
2020-08-14,US,Texas,Comal,2062,80,0,29.80811278,-98.27647225,48091.0,1320.0263749207793,3.879728419010669,1982,1993,77,0,1916,1929,148373,69,3,0,66,64
2020-08-14,US,Texas,Comanche,172,3,0,31.94854689,-98.55876441,48093.0,1261.4594792812613,1.7441860465116281,169,171,3,0,168,160,13534,1,0,0,1,11
2020-08-14,US,Texas,Concho,33,0,0,31.32635934,-99.86473038,48095.0,1210.564930300807,0.0,33,32,0,0,32,31,4276,1,0,0,1,1
2020-08-14,US,Texas,Cooke,265,3,0,33.63979567,-97.21240912,48097.0,642.3152434738348,1.1320754716981132,262,256,3,0,253,252,40574,9,0,0,9,4
2020-08-14,US,Texas,Coryell,716,6,0,31.39078397,-97.79936155,48099.0,942.7130650024358,0.8379888268156425,710,710,5,0,705,696,74808,6,1,0,5,14
2020-08-14,US,Texas,Cottle,18,2,0,34.07783319,-100.27850620000001,48101.0,1287.5536480686694,11.111111111111109,16,18,2,0,16,18,1389,0,0,0,0,0
2020-08-14,US,Texas,Crane,70,2,0,31.43052248,-102.5143314,48103.0,1459.245361684386,2.8571428571428568,68,70,2,0,68,71,4794,0,0,0,0,-1
2020-08-14,US,Texas,Crockett,157,4,0,30.72367027,-101.4134238,48105.0,4532.332563510393,2.5477707006369426,153,157,4,0,153,156,3499,0,0,0,0,1
2020-08-14,US,Texas,Crosby,65,1,0,33.61431553,-101.30003640000001,48107.0,1132.9963395502875,1.5384615384615383,64,65,1,0,64,63,5779,0,0,0,0,2
2020-08-14,US,Texas,Culberson,21,2,0,31.44506775,-104.5185739,48109.0,967.2961768770152,9.523809523809524,19,21,2,0,19,18,2204,0,0,0,0,3
2020-08-14,US,Texas,Dallam,196,6,0,36.27787176,-102.60207249999999,48111.0,2689.7214217098945,3.0612244897959178,190,196,6,0,190,195,7200,0,0,0,0,1
2020-08-14,US,Texas,Dallas,58067,824,0,32.76670599,-96.77796049999999,48113.0,2203.2497620959234,1.4190504072881327,57243,56428,807,0,55621,55787,2637772,1639,17,0,1622,641
2020-08-14,US,Texas,Dawson,172,5,0,32.74255572,-101.94772420000001,48115.0,1351.3513513513512,2.9069767441860463,167,157,4,0,153,157,12619,15,1,0,14,0
2020-08-14,US,Texas,DeWitt,745,21,0,29.08101855,-97.35681170000001,48123.0,3695.436507936509,2.8187919463087248,724,727,20,0,707,716,20187,18,1,0,17,11
2020-08-14,US,Texas,Deaf Smith,726,18,0,34.96522957,-102.6054267,48117.0,3914.590747330961,2.479338842975207,708,702,18,0,684,680,18760,24,0,0,24,22
2020-08-14,US,Texas,Delta,17,0,0,33.38570922,-95.66921122,48119.0,318.88951416244606,0.0,17,17,0,0,17,17,5349,0,0,0,0,0
2020-08-14,US,Texas,Denton,8300,103,0,33.20521901,-97.11691153,48121.0,935.5201210089639,1.2409638554216869,8197,8077,98,0,7979,7959,859064,223,5,0,218,118
2020-08-14,US,Texas,Dickens,5,1,0,33.61616822,-100.7788855,48125.0,226.14201718679334,20.0,4,5,1,0,4,5,2249,0,0,0,0,0
2020-08-14,US,Texas,Dimmit,164,4,0,28.42270064,-99.75645095,48127.0,1619.913077834848,2.4390243902439024,160,161,4,0,157,158,10308,3,0,0,3,3
2020-08-14,US,Texas,Donley,49,0,0,34.96517499,-100.8140093,48129.0,1494.8139109212937,0.0,49,49,0,0,49,49,3319,0,0,0,0,0
2020-08-14,US,Texas,Duval,195,7,0,27.68184592,-98.50864568,48131.0,1747.781661737026,3.58974358974359,188,193,7,0,186,191,11212,2,0,0,2,2
2020-08-14,US,Texas,Eastland,92,1,0,32.32743996,-98.83243566,48133.0,501.0893246187363,1.0869565217391304,91,86,1,0,85,83,18322,6,0,0,6,3
2020-08-14,US,Texas,Ector,3771,59,0,31.86898877,-102.54294279999999,48135.0,2268.6391173303327,1.5645717316361707,3712,3716,57,0,3659,3670,162124,55,2,0,53,46
2020-08-14,US,Texas,Edwards,30,0,0,29.98202582,-100.304252,48137.0,1552.7950310559006,0.0,30,29,0,0,29,28,1928,1,0,0,1,1
2020-08-14,US,Texas,El Paso,18079,357,0,31.76980765,-106.23632749999999,48141.0,2154.216086497513,1.9746667404170584,17722,17378,330,0,17048,17210,840758,701,27,0,674,168
2020-08-14,US,Texas,Ellis,3255,50,0,32.34894117,-96.79371841,48139.0,1761.1158603226818,1.5360983102918586,3205,3244,48,0,3196,3218,179436,11,2,0,9,26
2020-08-14,US,Texas,Erath,580,7,0,32.23602653,-98.21773417,48143.0,1358.3774415663495,1.206896551724138,573,577,6,0,571,564,42446,3,1,0,2,13
2020-08-14,US,Texas,Falls,143,3,0,31.25350609,-96.93630086,48145.0,826.732959472741,2.097902097902098,140,142,3,0,139,139,17335,1,0,0,1,3
2020-08-14,US,Texas,Fannin,321,9,0,33.59564294,-96.10751083,48147.0,903.8688967731036,2.803738317757009,312,310,8,0,302,269,35286,11,1,0,10,41
2020-08-14,US,Texas,Fayette,405,14,0,29.87788372,-96.92076062,48149.0,1597.8852678923695,3.45679012345679,391,403,14,0,389,390,25349,2,0,0,2,13
2020-08-14,US,Texas,Fisher,31,1,0,32.74281316,-100.40193020000001,48151.0,809.3994778067885,3.2258064516129035,30,30,1,0,29,29,3839,1,0,0,1,1
2020-08-14,US,Texas,Floyd,94,6,0,34.07227468,-101.3031546,48153.0,1645.6582633053222,6.382978723404255,88,91,6,0,85,90,5837,3,0,0,3,1
2020-08-14,US,Texas,Foard,3,0,0,33.97308618,-99.7767797,48155.0,259.7402597402597,0.0,3,2,0,0,2,2,1200,1,0,0,1,0
2020-08-14,US,Texas,Fort Bend,12228,192,0,29.52704478,-95.77219463,48157.0,1506.4901784922283,1.5701668302257117,12036,10823,183,0,10640,10487,787858,1405,9,0,1396,336
2020-08-14,US,Texas,Franklin,95,3,0,33.17653242,-95.21917243,48159.0,885.7808857808858,3.1578947368421053,92,92,2,0,90,92,10766,3,1,0,2,0
2020-08-14,US,Texas,Freestone,181,0,0,31.70422788,-96.15072516,48161.0,917.9895521631081,0.0,181,172,0,0,172,164,19808,9,0,0,9,8
2020-08-14,US,Texas,Frio,571,6,0,28.86751206,-99.10804207,48163.0,2811.9767556387274,1.0507880910683012,565,563,6,0,557,516,19816,8,0,0,8,47
2020-08-14,US,Texas,Gaines,199,4,0,32.74055318,-102.6353295,48165.0,925.9259259259261,2.010050251256281,195,186,3,0,183,186,20901,13,1,0,12,0
2020-08-14,US,Texas,Galveston,9937,123,0,29.40167322,-94.90469073,48167.0,2904.3751223917766,1.2377981282077086,9814,9800,117,0,9683,9707,337890,137,6,0,131,93
2020-08-14,US,Texas,Garza,101,3,0,33.17969345,-101.2984114,48169.0,1621.4480655000802,2.9702970297029703,98,100,3,0,97,99,6578,1,0,0,1,1
2020-08-14,US,Texas,Gillespie,188,6,0,30.31824095,-98.94676915,48171.0,696.6058989180376,3.191489361702128,182,179,6,0,173,177,26804,9,0,0,9,2
2020-08-14,US,Texas,Glasscock,6,0,0,31.86942909,-101.5207776,48173.0,425.83392476934,0.0,6,6,0,0,6,6,1388,0,0,0,0,0
2020-08-14,US,Texas,Goliad,119,6,0,28.65696592,-97.42760647,48175.0,1553.9305301645334,5.042016806722689,113,96,5,0,91,96,7584,23,1,0,22,0
2020-08-14,US,Texas,Gonzales,721,11,0,29.45634206,-97.49424032,48177.0,3460.1910063828773,1.5256588072122053,710,703,11,0,692,699,20826,18,0,0,18,4
2020-08-14,US,Texas,Gray,226,2,0,35.40081878,-100.8129222,48179.0,1032.6235949922323,0.8849557522123894,224,221,2,0,219,218,21895,5,0,0,5,3
2020-08-14,US,Texas,Grayson,1251,16,0,33.62744998,-96.67753461,48181.0,918.4212844683287,1.2789768185451638,1235,1199,13,0,1186,1191,133991,52,3,0,49,8
2020-08-14,US,Texas,Gregg,1646,30,0,32.47940482,-94.81591935,48183.0,1328.008390818508,1.8226002430133657,1616,1604,28,0,1576,1589,123707,42,2,0,40,15
2020-08-14,US,Texas,Grimes,926,27,0,30.54579585,-95.98902499,48185.0,3206.371191135734,2.9157667386609067,899,918,26,0,892,895,28360,8,1,0,7,23
2020-08-14,US,Texas,Guadalupe,1799,59,0,29.58165339,-97.94786822,48187.0,1078.2333515136622,3.2795997776542523,1740,1735,56,0,1679,1723,163694,64,3,0,61,12
2020-08-14,US,Texas,Hale,1478,31,0,34.07044901,-101.82681140000001,48189.0,4424.354906304257,2.0974289580514207,1447,1443,31,0,1412,1439,33830,35,0,0,35,4
2020-08-14,US,Texas,Hall,15,1,0,34.5307555,-100.68138520000001,48191.0,506.07287449392715,6.666666666666668,14,15,1,0,14,14,3028,0,0,0,0,1
2020-08-14,US,Texas,Hamilton,92,3,0,31.70470573,-98.11083887,48193.0,1087.3419217586577,3.260869565217391,89,89,3,0,86,89,8484,3,0,0,3,0
2020-08-14,US,Texas,Hansford,93,2,0,36.27743284,-101.3545796,48195.0,1722.5412113354325,2.150537634408602,91,82,2,0,80,82,5463,11,0,0,11,0
2020-08-14,US,Texas,Hardeman,22,0,0,34.28944521,-99.74632408,48197.0,559.3694380879734,0.0,22,22,0,0,22,22,3922,0,0,0,0,0
2020-08-14,US,Texas,Hardin,1124,18,0,30.33364686,-94.38931817,48199.0,1951.3211346828234,1.6014234875444842,1106,1090,18,0,1072,999,57207,34,0,0,34,91
2020-08-14,US,Texas,Harris,91698,1812,0,29.85864939,-95.39339521,48201.0,1945.5055613606103,1.9760518222862,89886,89425,1713,0,87712,88494,4698619,2273,99,0,2174,931
2020-08-14,US,Texas,Harrison,735,24,0,32.54935988,-94.36934071,48203.0,1104.382972968912,3.26530612244898,711,728,24,0,704,711,66726,7,0,0,7,17
2020-08-14,US,Texas,Hartley,94,0,0,35.84008013,-102.6029022,48205.0,1685.7962697274033,0.0,94,92,0,0,92,91,5619,2,0,0,2,1
2020-08-14,US,Texas,Haskell,52,0,0,33.17823584,-99.73037358,48207.0,919.0526687875574,0.0,52,44,0,0,44,43,5813,8,0,0,8,1
2020-08-14,US,Texas,Hays,5111,46,0,30.05669873,-98.02944344,48209.0,2220.330073721388,0.9000195656427313,5065,5103,44,0,5059,5083,222631,8,2,0,6,20
2020-08-14,US,Texas,Hemphill,45,0,0,35.83764858,-100.2703577,48211.0,1178.318931657502,0.0,45,44,0,0,44,44,3825,1,0,0,1,0
2020-08-14,US,Texas,Henderson,697,12,0,32.21128872,-95.85846587,48213.0,842.4284177574725,1.721664275466284,685,664,12,0,652,657,82299,33,0,0,33,7
2020-08-14,US,Texas,Hidalgo,21806,931,0,26.39418217,-98.18299696,48215.0,2510.167409725028,4.26946711914152,20875,20767,881,0,19886,20767,865939,1039,50,0,989,0
2020-08-14,US,Texas,Hill,340,7,0,31.99045053,-97.13423143,48217.0,927.7197195012144,2.0588235294117645,333,336,7,0,329,331,36354,4,0,0,4,5
2020-08-14,US,Texas,Hockley,223,5,0,33.60771256,-102.3431676,48219.0,968.6807697319838,2.242152466367713,218,219,4,0,215,216,22980,4,1,0,3,3
2020-08-14,US,Texas,Hood,657,13,0,32.42990927,-97.83242024,48221.0,1065.8144477069575,1.9786910197869099,644,625,11,0,614,588,60537,32,2,0,30,37
2020-08-14,US,Texas,Hopkins,216,3,0,33.14875072,-95.56351139,48223.0,582.4614388954807,1.3888888888888888,213,212,3,0,209,205,36810,4,0,0,4,7
2020-08-14,US,Texas,Houston,323,7,0,31.31925973,-95.42226208,48225.0,1406.3044235458026,2.1671826625387,316,320,7,0,313,318,23169,3,0,0,3,2
2020-08-14,US,Texas,Howard,201,7,0,32.30621324,-101.4356444,48227.0,548.2216888500982,3.4825870646766166,194,184,6,0,178,178,36459,17,1,0,16,6
2020-08-14,US,Texas,Hudspeth,35,2,0,31.45628381,-105.388178,48229.0,716.3323782234958,5.7142857142857135,33,33,2,0,31,33,4795,2,0,0,2,0
2020-08-14,US,Texas,Hunt,1261,21,0,33.12351514,-96.08551032,48231.0,1278.9824938637241,1.6653449643140366,1240,1241,21,0,1220,1202,96493,20,0,0,20,39
2020-08-14,US,Texas,Hutchinson,133,3,0,35.84006574,-101.3546643,48233.0,635.2087114337567,2.255639097744361,130,131,3,0,128,129,21198,2,0,0,2,2
2020-08-14,US,Texas,Irion,9,0,0,31.30375559,-100.982439,48235.0,585.9375,0.0,9,9,0,0,9,9,1522,0,0,0,0,0
2020-08-14,US,Texas,Jack,99,0,0,33.23377248,-98.17283469,48237.0,1108.0022383883604,0.0,99,70,0,0,70,68,8843,29,0,0,29,2
2020-08-14,US,Texas,Jackson,418,11,0,28.95472367,-96.57749563,48239.0,2831.9783197831985,2.631578947368421,407,411,10,0,401,411,14874,7,1,0,6,0
2020-08-14,US,Texas,Jasper,359,15,0,30.74685667,-94.02667579,48241.0,1010.4421739987052,4.178272980501393,344,332,12,0,320,332,35872,27,3,0,24,0
2020-08-14,US,Texas,Jeff Davis,8,0,0,30.71490589,-104.1399973,48243.0,351.8029903254178,0.0,8,8,0,0,8,8,2252,0,0,0,0,0
2020-08-14,US,Texas,Jefferson,6237,92,0,29.8832777,-94.16434171,48245.0,2479.279709021525,1.4750681417348084,6145,6126,88,0,6038,6067,255001,111,4,0,107,59
2020-08-14,US,Texas,Jim Hogg,65,2,0,27.04453923,-98.69681870000001,48247.0,1250.0,3.0769230769230766,63,65,1,0,64,64,5248,0,1,0,-1,1
2020-08-14,US,Texas,Jim Wells,816,19,0,27.73103938,-98.0904705,48249.0,2015.7106862309174,2.32843137254902,797,802,18,0,784,787,40822,14,1,0,13,15
2020-08-14,US,Texas,Johnson,2159,33,0,32.37877812,-97.36615819,48251.0,1227.9813669895402,1.5284854099119962,2126,2073,31,0,2042,2037,171361,86,2,0,84,36
2020-08-14,US,Texas,Jones,600,0,0,32.73997145,-99.87861576,48253.0,2987.6014539660414,0.0,600,599,0,0,599,599,19817,1,0,0,1,0
2020-08-14,US,Texas,Karnes,672,10,0,28.90705334,-97.85960149,48255.0,4307.41619126979,1.488095238095238,662,648,9,0,639,646,15650,24,1,0,23,2
2020-08-14,US,Texas,Kaufman,2446,30,0,32.599141700000004,-96.28734728,48257.0,1796.4951452032258,1.226492232215863,2416,2364,28,0,2336,2321,128622,82,2,0,80,43
2020-08-14,US,Texas,Kendall,180,4,0,29.94414155,-98.7113588,48259.0,379.4986401298729,2.2222222222222223,176,167,4,0,163,165,45641,13,0,0,13,2
2020-08-14,US,Texas,Kenedy,6,1,0,26.92601662,-97.66413984,48261.0,1485.148514851485,16.666666666666668,5,6,1,0,5,6,442,0,0,0,0,0
2020-08-14,US,Texas,Kent,3,0,0,33.18104136,-100.7780939,48263.0,393.70078740157476,0.0,3,3,0,0,3,3,726,0,0,0,0,0
2020-08-14,US,Texas,Kerr,416,6,0,30.06040006,-99.34930144,48265.0,790.8745247148289,1.4423076923076923,410,411,6,0,405,404,52405,5,0,0,5,7
2020-08-14,US,Texas,Kimble,16,1,0,30.48678918,-99.74856473,48267.0,368.9186073322573,6.25,15,15,1,0,14,14,4362,1,0,0,1,1
2020-08-14,US,Texas,Kinney,21,0,0,29.34967888,-100.41866379999999,48271.0,572.6752113444232,0.0,21,21,0,0,21,20,3767,0,0,0,0,1
2020-08-14,US,Texas,Kleberg,480,17,0,27.42435506,-97.69894948,48273.0,1564.5371577574967,3.5416666666666665,463,471,12,0,459,459,31129,9,5,0,4,12
2020-08-14,US,Texas,Knox,62,5,0,33.60519951,-99.74229059999999,48275.0,1692.1397379912664,8.064516129032258,57,62,2,0,60,61,3653,0,3,0,-3,1
2020-08-14,US,Texas,La Salle,364,2,0,28.34453111,-99.09908775,48283.0,4840.425531914893,0.5494505494505495,362,362,2,0,360,362,7531,2,0,0,2,0
2020-08-14,US,Texas,Lamar,705,19,0,33.66981763,-95.57404777,48277.0,1413.9874445937546,2.695035460992908,686,677,18,0,659,668,49728,28,1,0,27,9
2020-08-14,US,Texas,Lamb,246,16,0,34.06859623,-102.35162890000001,48279.0,1908.012099588924,6.5040650406504055,230,238,14,0,224,233,13158,8,2,0,6,5
2020-08-14,US,Texas,Lampasas,128,5,0,31.19531316,-98.24206613,48281.0,597.3492626470039,3.90625,123,126,4,0,122,114,21229,2,1,0,1,12
2020-08-14,US,Texas,Lavaca,641,23,0,29.38508402,-96.93186692,48285.0,3180.510072442195,3.588143525741029,618,637,22,0,615,635,20110,4,1,0,3,2
2020-08-14,US,Texas,Lee,178,12,0,30.31120597,-96.97045773,48287.0,1032.5424908637394,6.741573033707866,166,177,11,0,166,177,17144,1,1,0,0,0
2020-08-14,US,Texas,Leon,158,3,0,31.29872538,-95.9936328,48289.0,907.8372787864861,1.8987341772151896,155,154,3,0,151,145,17270,4,0,0,4,9
2020-08-14,US,Texas,Liberty,1107,36,0,30.15152688,-94.81205615,48291.0,1254.8317255919924,3.2520325203252027,1071,1047,34,0,1013,1041,86323,60,2,0,58,6
2020-08-14,US,Texas,Limestone,297,3,0,31.5454767,-96.58095444,48293.0,1267.2270341767294,1.0101010101010102,294,287,3,0,284,258,23519,10,0,0,10,29
2020-08-14,US,Texas,Lipscomb,22,0,0,36.27783108,-100.27331509999999,48295.0,680.4825239715435,0.0,22,22,0,0,22,21,3355,0,0,0,0,1
2020-08-14,US,Texas,Live Oak,240,5,0,28.35101362,-98.1246786,48297.0,1966.0850331776846,2.083333333333333,235,240,4,0,236,236,12166,0,1,0,-1,4
2020-08-14,US,Texas,Llano,90,1,0,30.70645047,-98.68475262,48299.0,412.9387474191328,1.1111111111111112,89,89,1,0,88,89,21646,1,0,0,1,0
2020-08-14,US,Texas,Lubbock,6495,78,0,33.61008596,-101.82047890000001,48303.0,2091.322701235474,1.2009237875288683,6417,6365,75,0,6290,6295,307412,130,3,0,127,70
2020-08-14,US,Texas,Lynn,74,4,0,33.17657705,-101.8162849,48305.0,1243.4884893295246,5.405405405405406,70,74,4,0,70,74,5877,0,0,0,0,0
2020-08-14,US,Texas,Madison,684,3,0,30.96694679,-95.93003775,48313.0,4788.5746289554745,0.43859649122807015,681,685,2,0,683,676,14422,-1,1,0,-2,9
2020-08-14,US,Texas,Marion,136,9,0,32.79868409,-94.35661230000001,48315.0,1380.1501928151004,6.617647058823528,127,135,9,0,126,134,9928,1,0,0,1,1
2020-08-14,US,Texas,Martin,67,5,0,32.30600051,-101.9513518,48317.0,1160.9773002945765,7.462686567164179,62,65,5,0,60,64,5753,2,0,0,2,1
2020-08-14,US,Texas,Mason,60,0,0,30.71780434,-99.22629416,48319.0,1403.8371548900327,0.0,60,60,0,0,60,60,4280,0,0,0,0,0
2020-08-14,US,Texas,Matagorda,830,32,0,28.81955746,-96.01230294,48321.0,2265.0983816827224,3.8554216867469884,798,807,31,0,776,786,36552,23,1,0,22,21
2020-08-14,US,Texas,Maverick,2596,53,0,28.7429195,-100.3157686,48323.0,4420.830353189605,2.041602465331279,2543,2569,45,0,2524,2321,58485,27,8,0,19,248
2020-08-14,US,Texas,McCulloch,55,1,0,31.1925468,-99.34682807,48307.0,688.8777555110222,1.818181818181818,54,54,1,0,53,53,7987,1,0,0,1,1
2020-08-14,US,Texas,McLennan,5296,61,0,31.55255453,-97.20217694,48309.0,2063.7277251064793,1.1518126888217524,5235,5164,60,0,5104,5106,254607,132,1,0,131,58
2020-08-14,US,Texas,McMullen,10,0,0,28.35251708,-98.56769164,48311.0,1345.8950201884254,0.0,10,10,0,0,10,10,749,0,0,0,0,0
2020-08-14,US,Texas,Medina,987,31,0,29.355730100000002,-99.11030298,48325.0,1913.3839950372208,3.1408308004052685,956,949,29,0,920,934,50921,38,2,0,36,15
2020-08-14,US,Texas,Menard,18,0,0,30.88990665,-99.82047940000001,48327.0,841.9083255378857,0.0,18,18,0,0,18,18,2139,0,0,0,0,0
2020-08-14,US,Texas,Midland,2888,53,0,31.86904128,-102.03156820000001,48329.0,1633.18856315599,1.835180055401662,2835,2846,52,0,2794,2788,172578,42,1,0,41,58
2020-08-14,US,Texas,Milam,366,3,0,30.78581830000001,-96.97718698,48331.0,1474.4390283205096,0.819672131147541,363,357,3,0,354,355,25131,9,0,0,9,2
2020-08-14,US,Texas,Mills,26,0,0,31.49557106,-98.59272068,48333.0,533.5522265544839,0.0,26,26,0,0,26,24,4921,0,0,0,0,2
2020-08-14,US,Texas,Mitchell,70,1,0,32.30623474,-100.9212058,48335.0,819.1925102399063,1.4285714285714286,69,69,1,0,68,69,8145,1,0,0,1,0
2020-08-14,US,Texas,Montague,86,2,0,33.67521893,-97.72500958,48337.0,433.9489353113332,2.3255813953488373,84,79,2,0,77,79,19596,7,0,0,7,0
2020-08-14,US,Texas,Montgomery,6957,102,0,30.30079133,-95.50572772,48339.0,1145.3906956145215,1.466149202242346,6855,6864,95,0,6769,6820,590925,93,7,0,86,44
2020-08-14,US,Texas,Moore,1082,14,0,35.83769242,-101.8930281,48341.0,5167.144221585482,1.2939001848428835,1068,1077,14,0,1063,1064,21485,5,0,0,5,13
2020-08-14,US,Texas,Morris,133,3,0,33.11304005,-94.73255695,48343.0,1073.6196319018404,2.255639097744361,130,130,3,0,127,127,12339,3,0,0,3,3
2020-08-14,US,Texas,Motley,6,0,0,34.07408766,-100.77972199999999,48345.0,500.0,0.0,6,6,0,0,6,6,1234,0,0,0,0,0
2020-08-14,US,Texas,Nacogdoches,1200,43,0,31.62017125,-94.61803994,48347.0,1840.377890926937,3.583333333333333,1157,1184,43,0,1141,1171,65711,16,0,0,16,13
2020-08-14,US,Texas,Navarro,942,11,0,32.04620681,-96.47428766,48349.0,1879.7517610200946,1.167728237791932,931,917,10,0,907,905,49565,25,1,0,24,12
2020-08-14,US,Texas,Newton,124,4,0,30.78548982,-93.74408813,48351.0,912.1000367782273,3.2258064516129035,120,116,4,0,112,116,13746,8,0,0,8,0
2020-08-14,US,Texas,Nolan,140,3,0,32.30365282,-100.4060208,48353.0,951.4747859181732,2.142857142857143,137,137,3,0,134,136,14751,3,0,0,3,1
2020-08-14,US,Texas,Nueces,16878,279,0,27.736286,-97.5433285,48355.0,4658.647396865529,1.6530394596516176,16599,16403,270,0,16133,16234,362265,475,9,0,466,169
2020-08-14,US,Texas,Ochiltree,100,2,0,36.27829105,-100.8158184,48357.0,1016.6734444896301,2.0,98,100,2,0,98,99,9947,0,0,0,0,1
2020-08-14,US,Texas,Oldham,14,1,0,35.40425596,-102.6027606,48359.0,662.8787878787879,7.142857142857142,13,14,1,0,13,14,2131,0,0,0,0,0
2020-08-14,US,Texas,Orange,1539,28,0,30.11879481,-93.89412775,48361.0,1845.412249988009,1.8193632228719947,1511,1497,24,0,1473,1493,83572,42,4,0,38,4
2020-08-14,US,Texas,Palo Pinto,347,10,0,32.75310985,-98.31319001,48363.0,1188.804001507417,2.8818443804034577,337,328,9,0,319,304,28875,19,1,0,18,24
2020-08-14,US,Texas,Panola,301,18,0,32.163959600000005,-94.30552481,48365.0,1297.7494179529187,5.980066445182724,283,301,18,0,283,297,23148,0,0,0,0,4
2020-08-14,US,Texas,Parker,1401,19,0,32.77757172,-97.80500621,48367.0,980.5568387015497,1.3561741613133476,1382,1366,19,0,1347,1329,138371,35,0,0,35,37
2020-08-14,US,Texas,Parmer,360,7,0,34.52993409,-102.78446679999999,48369.0,3748.0478917230607,1.9444444444444444,353,351,7,0,344,349,9864,9,0,0,9,2
2020-08-14,US,Texas,Pecos,258,2,0,30.78097267,-102.72412609999999,48371.0,1630.5378246855844,0.7751937984496124,256,251,2,0,249,249,15673,7,0,0,7,2
2020-08-14,US,Texas,Polk,769,14,0,30.79472531,-94.82766240000001,48373.0,1497.478238856542,1.820546163849155,755,762,14,0,748,762,50031,7,0,0,7,0
2020-08-14,US,Texas,Potter,3802,46,0,35.40133773,-101.893964,48375.0,3238.087126857727,1.209889531825355,3756,3759,45,0,3714,3731,119648,43,1,0,42,28
2020-08-14,US,Texas,Presidio,49,4,0,29.99954402,-104.24080790000001,48377.0,730.9069212410501,8.16326530612245,45,49,3,0,46,47,6948,0,1,0,-1,2
2020-08-14,US,Texas,Rains,54,1,0,32.87109387,-95.79232691,48379.0,431.5167012945501,1.851851851851852,53,52,1,0,51,51,12159,2,0,0,2,1
2020-08-14,US,Texas,Randall,1899,23,0,34.96585996,-101.8971322,48381.0,1378.9547827728686,1.2111637704054763,1876,1804,23,0,1781,1765,136271,95,0,0,95,39
2020-08-14,US,Texas,Reagan,66,4,0,31.36607041,-101.52326590000001,48383.0,1714.7310989867499,6.0606060606060606,62,64,3,0,61,64,3741,2,1,0,1,0
2020-08-14,US,Texas,Real,91,2,0,29.83321503,-99.82018052,48385.0,2636.1529548088065,2.1978021978021984,89,90,1,0,89,88,3478,1,1,0,0,2
2020-08-14,US,Texas,Red River,140,12,0,33.61886692,-95.04841765,48387.0,1164.4348332362972,8.571428571428571,128,140,11,0,129,137,12175,0,1,0,-1,3
2020-08-14,US,Texas,Reeves,152,5,0,31.32323325,-103.69038959999999,48389.0,951.4271407110666,3.2894736842105265,147,147,5,0,142,148,15695,5,0,0,5,-1
2020-08-14,US,Texas,Refugio,243,7,0,28.323897600000002,-97.15766311,48391.0,3497.4093264248704,2.8806584362139915,236,238,4,0,234,235,7032,5,3,0,2,3
2020-08-14,US,Texas,Roberts,6,0,0,35.83809685,-100.813175,48393.0,702.5761124121782,0.0,6,6,0,0,6,6,903,0,0,0,0,0
2020-08-14,US,Texas,Robertson,239,3,0,31.02539637,-96.51272246,48395.0,1399.789153098278,1.2552301255230125,236,238,2,0,236,236,17284,1,1,0,0,2
2020-08-14,US,Texas,Rockwall,1105,15,0,32.89779518,-96.40771592,48397.0,1053.2335700328838,1.3574660633484164,1090,1057,15,0,1042,1033,100657,48,0,0,48,24
2020-08-14,US,Texas,Runnels,152,2,0,31.8314342,-99.97616148,48399.0,1480.904130943102,1.3157894736842106,150,149,2,0,147,140,10234,3,0,0,3,9
2020-08-14,US,Texas,Rusk,398,2,0,32.10773545,-94.76176432,48401.0,731.5369628349814,0.5025125628140703,396,396,2,0,394,384,54450,2,0,0,2,12
2020-08-14,US,Texas,Sabine,65,6,0,31.34318809,-93.85440451,48403.0,616.5812938721307,9.23076923076923,59,62,6,0,56,62,10589,3,0,0,3,0
2020-08-14,US,Texas,San Augustine,178,11,0,31.39457611,-94.17000399,48405.0,2160.9809396624983,6.179775280898878,167,175,11,0,164,175,8232,3,0,0,3,0
2020-08-14,US,Texas,San Jacinto,183,8,0,30.57933681,-95.16260304,48407.0,634.1176062926643,4.371584699453551,175,183,8,0,175,182,28719,0,0,0,0,1
2020-08-14,US,Texas,San Patricio,1114,34,0,28.00880118,-97.51763891,48409.0,1669.4140566461856,3.052064631956912,1080,1051,33,0,1018,972,66893,63,1,0,62,79
2020-08-14,US,Texas,San Saba,26,0,0,31.1577796,-98.81758731,48411.0,429.39719240297273,0.0,26,26,0,0,26,25,6054,0,0,0,0,1
2020-08-14,US,Texas,Schleicher,36,1,0,30.89740592,-100.5384842,48413.0,1288.936627282492,2.7777777777777777,35,36,1,0,35,36,2895,0,0,0,0,0
2020-08-14,US,Texas,Scurry,505,2,0,32.74613808,-100.91626640000001,48415.0,3023.4089684487817,0.3960396039603961,503,503,1,0,502,488,16866,2,1,0,1,15
2020-08-14,US,Texas,Shackelford,19,0,0,32.73587756,-99.35401337,48417.0,581.9295558958653,0.0,19,21,0,0,21,20,3253,-2,0,0,-2,1
2020-08-14,US,Texas,Shelby,411,18,0,31.79211404,-94.14550696,48419.0,1626.1770989950146,4.37956204379562,393,411,18,0,393,406,25418,0,0,0,0,5
2020-08-14,US,Texas,Sherman,44,0,0,36.27751473,-101.8933156,48421.0,1455.989410986102,0.0,44,43,0,0,43,43,3079,1,0,0,1,0
2020-08-14,US,Texas,Smith,2750,32,0,32.37474036,-95.27175679999999,48423.0,1181.5201653268946,1.1636363636363636,2718,2666,30,0,2636,2612,230221,84,2,0,82,54
2020-08-14,US,Texas,Somervell,85,0,0,32.22236802,-97.77403489,48425.0,931.2007011393514,0.0,85,83,0,0,83,79,9016,2,0,0,2,4
2020-08-14,US,Texas,Starr,2411,87,0,26.56150059,-98.73892358,48427.0,3730.292575000387,3.6084612194110326,2324,2294,81,0,2213,2264,64525,117,6,0,111,30
2020-08-14,US,Texas,Stephens,131,3,0,32.73553157,-98.83631615,48429.0,1398.6760623531925,2.2900763358778624,128,47,3,0,44,49,9433,84,0,0,84,-2
2020-08-14,US,Texas,Sterling,1,0,0,31.82781912,-101.05007459999999,48431.0,77.45933384972889,0.0,1,1,0,0,1,,1311,0,0,0,0,
2020-08-14,US,Texas,Stonewall,7,0,0,33.17906744,-100.25384009999999,48433.0,518.5185185185185,0.0,7,6,0,0,6,5,1362,1,0,0,1,1
2020-08-14,US,Texas,Sutton,67,1,0,30.49856623,-100.5382014,48435.0,1774.3644067796606,1.492537313432836,66,67,1,0,66,66,3758,0,0,0,0,1
2020-08-14,US,Texas,Swisher,83,3,0,34.53028891,-101.73491740000001,48437.0,1122.0765175070974,3.614457831325301,80,82,2,0,80,82,7462,1,1,0,0,0
2020-08-14,US,Texas,Tarrant,33874,499,0,32.77143818,-97.29101614,48439.0,1611.1181133071584,1.4731062171577018,33375,33070,480,0,32590,32666,2084931,804,19,0,785,404
2020-08-14,US,Texas,Taylor,1148,29,0,32.30163422,-99.89007449,48441.0,831.6791515133953,2.526132404181185,1119,1137,28,0,1109,1137,137640,11,1,0,10,0
2020-08-14,US,Texas,Terrell,2,0,0,30.22429013,-102.0766732,48443.0,257.73195876288656,0.0,2,2,0,0,2,2,823,0,0,0,0,0
2020-08-14,US,Texas,Terry,173,2,0,33.17402785,-102.3354521,48445.0,1402.2858069222666,1.1560693641618498,171,161,2,0,159,161,12287,12,0,0,12,0
2020-08-14,US,Texas,Throckmorton,4,2,0,33.17751417,-99.21226795,48447.0,266.4890073284477,50.0,2,4,2,0,2,4,1515,0,0,0,0,0
2020-08-14,US,Texas,Titus,1397,17,0,33.21339719,-94.96797273,48449.0,4265.6488549618325,1.2168933428775948,1380,1393,15,0,1378,1289,33033,4,2,0,2,104
2020-08-14,US,Texas,Tom Green,2869,32,0,31.40464436,-100.46244300000001,48451.0,2406.8791946308725,1.1153712094806554,2837,2809,30,0,2779,2775,118189,60,2,0,58,34
2020-08-14,US,Texas,Travis,24008,335,0,30.33432034,-97.78535620000001,48453.0,1884.5264428699936,1.3953682105964678,23673,23718,328,0,23390,23421,1248743,290,7,0,283,297
2020-08-14,US,Texas,Trinity,163,4,0,31.0879489,-95.1367187,48455.0,1112.5520442290629,2.4539877300613497,159,162,4,0,158,157,14740,1,0,0,1,5
2020-08-14,US,Texas,Tyler,146,2,0,30.77031716,-94.37690895,48457.0,673.6803248431155,1.3698630136986298,144,127,2,0,125,127,21696,19,0,0,19,0
2020-08-14,US,Texas,Upshur,267,2,0,32.73706798,-94.93999853,48459.0,639.4750077838718,0.7490636704119851,265,262,2,0,260,257,41260,5,0,0,5,5
2020-08-14,US,Texas,Upton,16,1,0,31.36868194,-102.0423217,48461.0,437.5170905113481,6.25,15,16,1,0,15,16,3671,0,0,0,0,0
2020-08-14,US,Texas,Uvalde,591,12,0,29.35739637,-99.76229172,48463.0,2210.089375864777,2.0304568527918785,579,573,10,0,563,562,26846,18,2,0,16,11
2020-08-14,US,Texas,Val Verde,1693,49,0,29.89149232,-101.1525205,48465.0,3453.340132585416,2.8942705256940333,1644,1693,49,0,1644,1693,49208,0,0,0,0,0
2020-08-14,US,Texas,Van Zandt,446,8,0,32.56483801,-95.83766469,48467.0,788.1251104435413,1.7937219730941705,438,434,7,0,427,432,56019,12,1,0,11,2
2020-08-14,US,Texas,Victoria,3584,56,0,28.79780988,-96.96813006,48469.0,3892.098518743756,1.5625,3528,3560,54,0,3506,3543,92035,24,2,0,22,17
2020-08-14,US,Texas,Walker,3190,43,0,30.73872995,-95.57440968,48471.0,4371.599676583848,1.3479623824451408,3147,3128,42,0,3086,3095,72480,62,1,0,61,33
2020-08-14,US,Texas,Waller,521,5,0,30.01058447,-95.99011759,48473.0,943.0547007928177,0.9596928982725528,516,491,5,0,486,485,53126,30,0,0,30,6
2020-08-14,US,Texas,Ward,99,1,0,31.50999644,-103.09279090000001,48475.0,825.1375229204867,1.0101010101010102,98,95,1,0,94,93,11720,4,0,0,4,2
2020-08-14,US,Texas,Washington,526,41,0,30.21498498,-96.40946246,48477.0,1465.9160581907363,7.79467680608365,485,523,40,0,483,520,35108,3,1,0,2,3
2020-08-14,US,Texas,Webb,9435,191,0,27.7610369,-99.33237355,48479.0,3410.4217572979774,2.0243773184949654,9244,9126,184,0,8942,8814,275910,309,7,0,302,312
2020-08-14,US,Texas,Wharton,1008,30,0,29.27765923,-96.22319248,48481.0,2425.6425064972573,2.9761904761904763,978,945,27,0,918,862,41619,63,3,0,60,83
2020-08-14,US,Texas,Wheeler,36,0,0,35.40114335,-100.26995140000001,48483.0,712.0253164556963,0.0,36,35,0,0,35,33,5191,1,0,0,1,2
2020-08-14,US,Texas,Wichita,1117,12,0,33.98842886,-98.70410340000001,48485.0,844.7402253648945,1.0743061772605194,1105,1079,11,0,1068,1056,132064,38,1,0,37,23
2020-08-14,US,Texas,Wilbarger,78,1,0,34.07945812,-99.24178437,48487.0,610.8544130315609,1.2820512820512822,77,77,1,0,76,77,12820,1,0,0,1,0
2020-08-14,US,Texas,Willacy,760,30,0,26.47411727,-97.61535848,48489.0,3558.38561663077,3.947368421052632,730,734,30,0,704,720,21515,26,0,0,26,14
2020-08-14,US,Texas,Williamson,7330,103,0,30.64655664,-97.60048540000001,48491.0,1241.2137139722056,1.4051841746248297,7227,7148,99,0,7049,7075,566719,182,4,0,178,73
2020-08-14,US,Texas,Wilson,499,20,0,29.1732598,-98.08693082,48493.0,977.0902682592521,4.008016032064128,479,475,19,0,456,458,50224,24,1,0,23,17
2020-08-14,US,Texas,Winkler,88,1,0,31.85008651,-103.04851629999999,48495.0,1098.6267166042446,1.1363636363636365,87,86,1,0,85,85,7720,2,0,0,2,1
2020-08-14,US,Texas,Wise,536,10,0,33.21570665,-97.65460265,48497.0,765.8893461362597,1.8656716417910448,526,494,10,0,484,475,68305,42,0,0,42,19
2020-08-14,US,Texas,Wood,360,9,0,32.78722382,-95.38236368,48499.0,790.5311930433255,2.5,351,350,9,0,341,345,45129,10,0,0,10,5
2020-08-14,US,Texas,Yoakum,124,3,0,33.17320212,-102.82764329999999,48501.0,1423.16079421554,2.419354838709677,121,114,3,0,111,114,8591,10,0,0,10,0
2020-08-14,US,Texas,Young,200,6,0,33.17659707,-98.68790885,48503.0,1110.494169905608,3.0,194,196,5,0,191,190,18045,4,1,0,3,6
2020-08-14,US,Texas,Zapata,195,3,0,27.00156391,-99.16987152,48505.0,1375.273291487411,1.5384615384615383,192,188,3,0,185,179,14190,7,0,0,7,9
2020-08-14,US,Texas,Zavala,243,6,0,28.86617238,-99.76050829,48507.0,2052.364864864865,2.469135802469136,237,234,6,0,228,233,11983,9,0,0,9,1
2020-08-14,US,Utah,Bear River,2384,7,0,41.52106798,-113.08328159999999,0.0,1276.1082979156186,0.2936241610738255,2377,2358,7,0,2351,2349,,26,0,0,26,9
2020-08-14,US,Utah,Central Utah,447,3,0,39.37231946,-111.5758676,0.0,545.4279229811846,0.6711409395973155,444,442,2,0,440,437,,5,1,0,4,5
2020-08-14,US,Utah,Davis,3388,21,0,40.99001837,-112.1139997,49011.0,953.0748478821653,0.6198347107438017,3367,3316,21,0,3295,3294,351713,72,0,0,72,22
2020-08-14,US,Utah,Salt Lake,21621,211,0,40.66616532,-111.92160109999999,49035.0,1863.1774064425726,0.9759030572128948,21410,21199,204,0,20995,21034,1152633,422,7,0,415,165
2020-08-14,US,Utah,San Juan,653,26,0,37.62762978,-109.80337140000002,49037.0,4265.743402142671,3.981623277182236,627,651,25,0,626,650,15449,2,1,0,1,1
2020-08-14,US,Utah,Southeast Utah,117,1,0,38.99617072,-110.70139579999999,0.0,290.834969797907,0.8547008547008547,116,114,1,0,113,114,,3,0,0,3,0
2020-08-14,US,Utah,Southwest Utah,3312,26,0,37.85447192,-111.4418764,0.0,1314.0667031685196,0.7850241545893721,3286,3264,26,0,3238,3248,,48,0,0,48,16
2020-08-14,US,Utah,Summit,729,1,0,40.86688146,-110.9535882,49043.0,1729.7425554632816,0.13717421124828533,728,718,1,0,717,717,41933,11,0,0,11,1
2020-08-14,US,Utah,Tooele,613,0,0,40.44862644,-113.12957150000001,49045.0,848.3372313483443,0.0,613,598,0,0,598,588,69907,15,0,0,15,10
2020-08-14,US,Utah,TriCounty,190,0,0,40.12491499,-109.5174415,0.0,335.55861679205964,0.0,190,183,0,0,183,181,,7,0,0,7,2
2020-08-14,US,Utah,Utah,9304,38,0,40.116672200000004,-111.66576620000001,49049.0,1462.352747019576,0.4084264832330181,9266,9062,37,0,9025,8983,622213,242,1,0,241,79
2020-08-14,US,Utah,Wasatch,592,4,0,40.33110236,-111.1691419,49051.0,1736.5287025901266,0.6756756756756757,588,584,4,0,580,583,33240,8,0,0,8,1
2020-08-14,US,Utah,Weber-Morgan,2971,25,0,41.27116049,-111.9145117,0.0,1090.9277843260372,0.8414675193537529,2946,2935,25,0,2910,2912,,36,0,0,36,23
2020-08-14,US,Vermont,Addison,75,2,0,44.03217337,-73.14130877,50001.0,203.93180520433967,2.6666666666666665,73,74,2,0,72,74,36973,1,0,0,1,0
2020-08-14,US,Vermont,Bennington,92,1,0,43.03519828,-73.09048868,50003.0,259.37411897378064,1.0869565217391304,91,91,1,0,90,90,35631,1,0,0,1,1
2020-08-14,US,Vermont,Caledonia,29,0,0,44.46548598,-72.10314651,50005.0,96.6892274864135,0.0,29,28,0,0,28,28,30302,1,0,0,1,0
2020-08-14,US,Vermont,Chittenden,752,39,0,44.46322849,-73.08359212,50007.0,459.1693431191764,5.1861702127659575,713,738,39,0,699,735,164572,14,0,0,14,3
2020-08-14,US,Vermont,Essex,6,0,0,44.72736416,-71.73579864,50009.0,97.35518416355671,0.0,6,6,0,0,6,6,6250,0,0,0,0,0
2020-08-14,US,Vermont,Franklin,120,7,0,44.85627605,-72.91249563,50011.0,242.90514554066638,5.833333333333332,113,118,7,0,111,118,49421,2,0,0,2,0
2020-08-14,US,Vermont,Grand Isle,13,0,0,44.797582399999996,-73.29679772,50013.0,179.68210089841045,0.0,13,13,0,0,13,13,7090,0,0,0,0,0
2020-08-14,US,Vermont,Lamoille,43,1,0,44.60353043,-72.64356694,50015.0,169.5449885655706,2.3255813953488373,42,43,1,0,42,43,25300,0,0,0,0,0
2020-08-14,US,Vermont,Orange,17,0,0,44.00470222,-72.37640104,50017.0,58.839817250449954,0.0,17,16,0,0,16,15,28999,1,0,0,1,1
2020-08-14,US,Vermont,Orleans,15,0,0,44.82964024,-72.24562697,50019.0,55.479528054148034,0.0,15,14,0,0,14,14,26907,1,0,0,1,0
2020-08-14,US,Vermont,Rutland,101,1,0,43.57723578,-73.03741676,50021.0,173.56635905896096,0.99009900990099,100,101,1,0,100,100,58672,0,0,0,0,1
2020-08-14,US,Vermont,Unassigned,8,0,0,0.0,0.0,90050.0,0.0,0.0,8,8,0,0,8,8,,0,0,0,0,0
2020-08-14,US,Vermont,Washington,58,2,0,44.27343241,-72.61604978,50023.0,99.29976544710577,3.4482758620689653,56,57,2,0,55,57,58140,1,0,0,1,0
2020-08-14,US,Vermont,Windham,105,3,0,42.986982,-72.71268875,50025.0,248.6855193974705,2.8571428571428568,102,104,3,0,101,104,42756,1,0,0,1,0
2020-08-14,US,Vermont,Windsor,75,2,0,43.58010937,-72.58595157,50027.0,136.21009044350006,2.6666666666666665,73,73,2,0,71,73,55286,2,0,0,2,0
2020-08-14,US,Virginia,Accomack,1120,17,0,37.76707161,-75.63234615,51001.0,3465.7754672608007,1.5178571428571428,1103,1111,17,0,1094,1108,32412,9,0,0,9,3
2020-08-14,US,Virginia,Albemarle,890,16,0,38.02080697,-78.55481085,51003.0,814.0492088173421,1.7977528089887642,874,869,16,0,853,856,108718,21,0,0,21,13
2020-08-14,US,Virginia,Alexandria,3082,61,0,38.814003,-77.08183073,51510.0,1933.1610507564544,1.9792342634652824,3021,3020,60,0,2960,3014,160530,62,1,0,61,6
2020-08-14,US,Virginia,Alleghany,59,4,0,37.78636074,-80.00222498,51005.0,397.0390309555855,6.779661016949151,55,62,4,0,58,62,14910,-3,0,0,-3,0
2020-08-14,US,Virginia,Amelia,83,2,0,37.34081025,-77.98584649,51007.0,631.4187904146063,2.409638554216868,81,82,2,0,80,82,13013,1,0,0,1,0
2020-08-14,US,Virginia,Amherst,206,1,0,37.60308293,-79.14548696,51009.0,651.795601961715,0.4854368932038835,205,196,1,0,195,184,31666,10,0,0,10,12
2020-08-14,US,Virginia,Appomattox,102,0,0,37.37569884,-78.81340003,51011.0,641.0659292313494,0.0,102,93,0,0,93,89,15841,9,0,0,9,4
2020-08-14,US,Virginia,Arlington,3196,135,0,38.8767675,-77.10139853,51013.0,1349.4228219656986,4.2240300375469335,3061,3134,135,0,2999,3118,237521,62,0,0,62,16
2020-08-14,US,Virginia,Augusta,306,4,0,38.16404586,-79.12461614,51015.0,404.9868974827285,1.30718954248366,302,296,4,0,292,287,75457,10,0,0,10,9
2020-08-14,US,Virginia,Bath,4,0,0,38.05852573,-79.73912095,51017.0,96.45526886906195,0.0,4,4,0,0,4,4,4292,0,0,0,0,0
2020-08-14,US,Virginia,Bedford,397,8,0,37.3080028,-79.5281964,51019.0,502.55072977454836,2.0151133501259446,389,377,8,0,369,370,78747,20,0,0,20,7
2020-08-14,US,Virginia,Bland,30,0,0,37.13128068,-81.13599391,51021.0,477.7070063694268,0.0,30,27,0,0,27,25,6293,3,0,0,3,2
2020-08-14,US,Virginia,Botetourt,220,7,0,37.55531756,-79.80982182,51023.0,658.3081480594873,3.1818181818181817,213,217,7,0,210,216,33277,3,0,0,3,1
2020-08-14,US,Virginia,Bristol,92,0,0,36.616302399999995,-82.16359122,51520.0,548.8605178379669,0.0,92,90,0,0,90,88,16482,2,0,0,2,2
2020-08-14,US,Virginia,Brunswick,247,2,0,36.76366949,-77.8593436,51025.0,1521.7793111946273,0.8097165991902834,245,240,2,0,238,239,16384,7,0,0,7,1
2020-08-14,US,Virginia,Buchanan,83,1,0,37.26818323,-82.03749726,51027.0,395.16282612835647,1.2048192771084338,82,81,1,0,80,80,21221,2,0,0,2,1
2020-08-14,US,Virginia,Buckingham,616,8,0,37.57242268,-78.52518834,51029.0,3592.255656636343,1.2987012987012987,608,612,8,0,604,611,16999,4,0,0,4,1
2020-08-14,US,Virginia,Buena Vista,64,1,0,37.73484642,-79.35296097,51530.0,987.9592466810743,1.5625,63,62,1,0,61,58,6237,2,0,0,2,4
2020-08-14,US,Virginia,Campbell,244,3,0,37.20553386,-79.09678609,51031.0,444.5659105402205,1.2295081967213115,241,228,2,0,226,216,54973,16,1,0,15,12
2020-08-14,US,Virginia,Caroline,224,5,0,38.02679129,-77.34901405,51033.0,729.0480065093573,2.232142857142857,219,221,5,0,216,218,30772,3,0,0,3,3
2020-08-14,US,Virginia,Carroll,340,14,0,36.73066666,-80.73455942,51035.0,1141.2842804873956,4.117647058823529,326,335,14,0,321,333,29636,5,0,0,5,2
2020-08-14,US,Virginia,Charles City,54,5,0,37.35358063,-77.05634116,51036.0,775.5277897457993,9.25925925925926,49,53,5,0,48,53,6941,1,0,0,1,0
2020-08-14,US,Virginia,Charlotte,57,0,0,37.01909701,-78.66314092,51037.0,479.7979797979798,0.0,57,55,0,0,55,55,11938,2,0,0,2,0
2020-08-14,US,Virginia,Charlottesville,558,15,0,38.03527919,-78.48569588,51540.0,1180.5526171032034,2.6881720430107525,543,554,15,0,539,550,48117,4,0,0,4,4
2020-08-14,US,Virginia,Chesapeake,3197,41,0,36.67670048,-76.30545744,51550.0,1305.7773602630346,1.2824522990303409,3156,3082,41,0,3041,3008,242634,115,0,0,115,74
2020-08-14,US,Virginia,Chesterfield,4596,80,0,37.37373208,-77.58680140000001,51041.0,1302.7137034370553,1.7406440382941688,4516,4512,80,0,4432,4475,348556,84,0,0,84,37
2020-08-14,US,Virginia,Clarke,73,0,0,39.11271747,-77.99199425,51043.0,499.3501607497094,0.0,73,72,0,0,72,72,14523,1,0,0,1,0
2020-08-14,US,Virginia,Colonial Heights,205,22,0,37.26420587,-77.39609676,51570.0,1180.195739781232,10.731707317073173,183,204,22,0,182,203,17833,1,0,0,1,1
2020-08-14,US,Virginia,Covington,13,0,0,37.7824656,-79.98631446,51580.0,234.74178403755863,0.0,13,13,0,0,13,13,5460,0,0,0,0,0
2020-08-14,US,Virginia,Craig,19,0,0,37.48133648,-80.21072274,51045.0,370.2981874878191,0.0,19,18,0,0,18,17,5064,1,0,0,1,1
2020-08-14,US,Virginia,Culpeper,1033,12,0,38.48199985,-77.95630870000002,51047.0,1963.6916642904666,1.1616650532429815,1021,1021,12,0,1009,1012,51859,12,0,0,12,9
2020-08-14,US,Virginia,Cumberland,80,0,0,37.51328851,-78.24398086,51049.0,805.4772452678212,0.0,80,78,0,0,78,77,9809,2,0,0,2,1
2020-08-14,US,Virginia,Danville,451,8,0,36.58022376,-79.40395668,51590.0,1126.2611127759465,1.7738359201773837,443,430,8,0,422,419,40693,21,0,0,21,11
2020-08-14,US,Virginia,Dickenson,52,1,0,37.12560977,-82.35124171,51051.0,363.1792149741584,1.9230769230769231,51,49,1,0,48,49,14523,3,0,0,3,0
2020-08-14,US,Virginia,Dinwiddie,232,7,0,37.07544585,-77.63451754,51053.0,812.7802690582961,3.0172413793103448,225,226,7,0,219,223,28529,6,0,0,6,3
2020-08-14,US,Virginia,Emporia,188,15,0,36.69455571,-77.53406129,51595.0,3516.647961092405,7.978723404255319,173,182,15,0,167,180,5121,6,0,0,6,2
2020-08-14,US,Virginia,Essex,108,1,0,37.93357639,-76.94230311,51057.0,986.0312243221035,0.925925925925926,107,107,1,0,106,105,10919,1,0,0,1,2
2020-08-14,US,Virginia,Fairfax,16882,533,0,38.83677558,-77.27565836,51059.0,1471.1572313451825,3.1572088615093,16349,16703,530,0,16173,16642,1150795,179,3,0,176,61
2020-08-14,US,Virginia,Fairfax,16882,533,0,38.83677558,-77.27565836,51059.0,1471.1572313451825,3.1572088615093,16349,16703,530,0,16173,16642,24574,179,3,0,176,61
2020-08-14,US,Virginia,Fairfax City,98,7,0,38.85157547,-77.29779640000002,51600.0,408.0103251592489,7.142857142857142,91,92,7,0,85,92,24574,6,0,0,6,0
2020-08-14,US,Virginia,Falls Church,62,6,0,38.88485255,-77.17560759,51610.0,424.163645070808,9.677419354838712,56,63,6,0,57,61,14772,-1,0,0,-1,2
2020-08-14,US,Virginia,Fauquier,632,9,0,38.73564842,-77.80647472,51061.0,887.3662632332706,1.4240506329113924,623,624,9,0,615,623,70675,8,0,0,8,1
2020-08-14,US,Virginia,Floyd,111,2,0,36.9302126,-80.36738849,51063.0,704.8066543907547,1.8018018018018016,109,109,2,0,107,90,15795,2,0,0,2,19
2020-08-14,US,Virginia,Fluvanna,201,9,0,37.84157909,-78.27715475,51065.0,737.0737073707371,4.477611940298506,192,197,9,0,188,196,26783,4,0,0,4,1
2020-08-14,US,Virginia,Franklin,182,1,0,36.99536167,-79.88023649,51067.0,324.7564326754934,0.5494505494505495,181,177,1,0,176,176,56195,5,0,0,5,1
2020-08-14,US,Virginia,Franklin,182,1,0,36.99536167,-79.88023649,51067.0,324.7564326754934,0.5494505494505495,181,177,1,0,176,176,8013,5,0,0,5,1
2020-08-14,US,Virginia,Franklin City,205,6,0,36.6831435,-76.93859681,51620.0,2573.114095644534,2.9268292682926833,199,201,6,0,195,188,8013,4,0,0,4,13
2020-08-14,US,Virginia,Frederick,695,10,0,39.20172582,-78.25974949,51069.0,778.1621936336255,1.4388489208633093,685,688,9,0,679,686,88355,7,1,0,6,2
2020-08-14,US,Virginia,Fredericksburg,426,4,0,38.2977863,-77.4922454,51630.0,1467.1442347430775,0.9389671361502347,422,421,4,0,417,414,29144,5,0,0,5,7
2020-08-14,US,Virginia,Galax,353,27,0,36.66601852,-80.91703124,51640.0,5561.682684732946,7.648725212464589,326,352,25,0,327,351,6423,1,2,0,-1,1
2020-08-14,US,Virginia,Giles,29,0,0,37.31234791,-80.70636931,51071.0,173.44497607655504,0.0,29,27,0,0,27,27,16844,2,0,0,2,0
2020-08-14,US,Virginia,Gloucester,175,2,0,37.40809042,-76.53524337,51073.0,468.5659205312199,1.1428571428571428,173,171,2,0,169,166,37349,4,0,0,4,5
2020-08-14,US,Virginia,Goochland,171,7,0,37.71714806,-77.90381514,51075.0,719.9090641182165,4.093567251461988,164,169,7,0,162,167,23244,2,0,0,2,2
2020-08-14,US,Virginia,Grayson,164,5,0,36.65677234,-81.23215889,51077.0,1054.6623794212219,3.0487804878048776,159,157,5,0,152,156,15631,7,0,0,7,1
2020-08-14,US,Virginia,Greene,176,2,0,38.29545894,-78.46525378,51079.0,888.0367324284778,1.1363636363636365,174,172,2,0,170,169,19779,4,0,0,4,3
2020-08-14,US,Virginia,Greensville,569,11,0,36.67878901,-77.56351439,51081.0,5019.407198306281,1.9332161687170475,558,535,11,0,524,529,11627,34,0,0,34,6
2020-08-14,US,Virginia,Halifax,167,2,0,36.76654925,-78.93512622,51083.0,492.4655716434195,1.1976047904191616,165,160,2,0,158,159,34120,7,0,0,7,1
2020-08-14,US,Virginia,Hampton,1321,9,0,37.03513786,-76.35879121,51650.0,982.0831164969148,0.6813020439061317,1312,1291,7,0,1284,1273,134313,30,2,0,28,18
2020-08-14,US,Virginia,Hanover,695,33,0,37.7583355,-77.49464673,51085.0,644.9158361635398,4.748201438848921,662,676,33,0,643,660,107239,19,0,0,19,16
2020-08-14,US,Virginia,Harrisonburg,1093,31,0,38.43542574,-78.87536254,51660.0,2061.64176852271,2.8362305580969807,1062,1086,31,0,1055,1083,54033,7,0,0,7,3
2020-08-14,US,Virginia,Henrico,4068,187,0,37.53460572,-77.39326555,51087.0,1229.6791589333106,4.5968534906588,3881,3999,187,0,3812,3968,329261,69,0,0,69,31
2020-08-14,US,Virginia,Henry,672,9,0,36.68542395,-79.87634026,51089.0,1329.1927922938467,1.3392857142857142,663,644,9,0,635,611,50953,28,0,0,28,33
2020-08-14,US,Virginia,Highland,6,0,0,38.35799465,-79.56124594,51091.0,273.97260273972597,0.0,6,6,0,0,6,6,2210,0,0,0,0,0
2020-08-14,US,Virginia,Hopewell,286,5,0,37.29186313,-77.29754684,51670.0,1269.4748990190421,1.7482517482517483,281,279,5,0,274,278,22596,7,0,0,7,1
2020-08-14,US,Virginia,Isle of Wight,429,9,0,36.90579348,-76.70842863,51093.0,1156.0537874909053,2.097902097902098,420,415,9,0,406,401,36953,14,0,0,14,14
2020-08-14,US,Virginia,James City,637,17,0,37.31156958,-76.76950618,51095.0,832.42946565085,2.668759811616954,620,624,17,0,607,621,76397,13,0,0,13,3
2020-08-14,US,Virginia,King George,164,4,0,38.26818502,-77.15852768,51099.0,611.1193918616782,2.4390243902439024,160,158,4,0,154,153,26575,6,0,0,6,5
2020-08-14,US,Virginia,King William,101,2,0,37.70965316,-77.09384941,51101.0,588.989969675764,1.98019801980198,99,93,2,0,91,91,16939,8,0,0,8,2
2020-08-14,US,Virginia,King and Queen,42,1,0,37.71044922,-76.88689628,51097.0,597.8647686832742,2.380952380952381,41,42,1,0,41,42,7042,0,0,0,0,0
2020-08-14,US,Virginia,Lancaster,49,0,0,37.71889653,-76.46400482,51103.0,462.1333584834481,0.0,49,45,0,0,45,41,10783,4,0,0,4,4
2020-08-14,US,Virginia,Lee,144,2,0,36.70586667,-83.12606515,51105.0,614.7803441062204,1.3888888888888888,142,135,1,0,134,130,23541,9,1,0,8,5
2020-08-14,US,Virginia,Lexington,35,0,0,37.78258621,-79.44262866,51678.0,470.05103411227515,0.0,35,34,0,0,34,33,7136,1,0,0,1,1
2020-08-14,US,Virginia,Loudoun,5482,115,0,39.08990083,-77.63481877,51107.0,1325.6339199783333,2.0977745348412986,5367,5403,115,0,5288,5372,406850,79,0,0,79,31
2020-08-14,US,Virginia,Louisa,203,2,0,37.97850256,-77.96274807,51109.0,540.0228778164986,0.9852216748768472,201,198,2,0,196,195,36778,5,0,0,5,3
2020-08-14,US,Virginia,Lunenburg,67,1,0,36.94618528,-78.24133319,51111.0,549.3604460478846,1.492537313432836,66,66,1,0,65,66,12086,1,0,0,1,0
2020-08-14,US,Virginia,Lynchburg,719,5,0,37.40021399,-79.19888138,51680.0,875.0365105637231,0.6954102920723226,714,680,5,0,675,654,82126,39,0,0,39,26
2020-08-14,US,Virginia,Madison,72,1,0,38.41531222,-78.28220331,51113.0,542.9454792247947,1.3888888888888888,71,73,1,0,72,71,13295,-1,0,0,-1,2
2020-08-14,US,Virginia,Manassas,1696,22,0,38.7464321,-77.48509905,51683.0,4128.027260557381,1.2971698113207548,1674,1679,22,0,1657,1670,41641,17,0,0,17,9
2020-08-14,US,Virginia,Manassas Park,530,7,0,38.77058531,-77.44399307,51685.0,3032.383567913949,1.320754716981132,523,520,7,0,513,518,17307,10,0,0,10,2
2020-08-14,US,Virginia,Martinsville,240,3,0,36.68212094,-79.86352771,51690.0,1911.7412776804208,1.25,237,229,3,0,226,219,12902,11,0,0,11,10
2020-08-14,US,Virginia,Mathews,23,0,0,37.44164146,-76.34098896,51115.0,260.3577088521621,0.0,23,20,0,0,20,18,8802,3,0,0,3,2
2020-08-14,US,Virginia,Mecklenburg,458,32,0,36.67882005,-78.36131056,51117.0,1497.368162945042,6.986899563318777,426,449,32,0,417,447,30650,9,0,0,9,2
2020-08-14,US,Virginia,Middlesex,51,1,0,37.63191998,-76.55064617,51119.0,481.950481950482,1.96078431372549,50,49,1,0,48,46,10769,2,0,0,2,3
2020-08-14,US,Virginia,Montgomery,321,3,0,37.17746986,-80.37868691,51121.0,325.77256812300203,0.9345794392523364,318,313,3,0,310,312,98985,8,0,0,8,1
2020-08-14,US,Virginia,Nelson,61,0,0,37.78790447,-78.88498513,51125.0,408.57334226389816,0.0,61,57,0,0,57,54,14836,4,0,0,4,3
2020-08-14,US,Virginia,New Kent,134,1,0,37.50694406,-76.99828634,51127.0,580.3126759343468,0.746268656716418,133,132,1,0,131,129,22391,2,0,0,2,3
2020-08-14,US,Virginia,Newport News,1960,20,0,37.08166899,-76.51754109,51700.0,1093.5974333937786,1.020408163265306,1940,1898,20,0,1878,1872,178626,62,0,0,62,26
2020-08-14,US,Virginia,Norfolk,3944,34,0,36.89934014,-76.26420872,51710.0,1624.770332286955,0.8620689655172413,3910,3858,33,0,3825,3802,244076,86,1,0,85,56
2020-08-14,US,Virginia,Northampton,298,29,0,37.34062933,-75.87751591,51131.0,2544.8334756618274,9.731543624161072,269,297,29,0,268,296,11735,1,0,0,1,1
2020-08-14,US,Virginia,Northumberland,79,3,0,37.89202088,-76.41949732,51133.0,653.1624638280281,3.79746835443038,76,77,3,0,74,78,12147,2,0,0,2,-1
2020-08-14,US,Virginia,Norton,23,0,0,36.93357076,-82.62750411,51720.0,577.7442853554384,0.0,23,22,0,0,22,21,3968,1,0,0,1,1
2020-08-14,US,Virginia,Nottoway,183,14,0,37.1435975,-78.05065922,51135.0,1201.4180672268908,7.6502732240437155,169,183,14,0,169,182,15420,0,0,0,0,1
2020-08-14,US,Virginia,Orange,233,3,0,38.24530219,-78.01560400000002,51137.0,628.8629186796577,1.2875536480686696,230,232,3,0,229,231,36644,1,0,0,1,1
2020-08-14,US,Virginia,Page,352,25,0,38.61807452,-78.48797204,51139.0,1472.6801104510082,7.102272727272728,327,349,25,0,324,347,23933,3,0,0,3,2
2020-08-14,US,Virginia,Patrick,176,5,0,36.680163799999995,-80.2865648,51141.0,999.5456610631533,2.8409090909090913,171,167,4,0,163,161,17673,9,1,0,8,6
2020-08-14,US,Virginia,Petersburg,537,19,0,37.20530399,-77.39368102,51730.0,1713.137242391374,3.538175046554935,518,531,19,0,512,531,31567,6,0,0,6,0
2020-08-14,US,Virginia,Pittsylvania,560,2,0,36.81980341,-79.39731264,51143.0,927.8589654372536,0.35714285714285715,558,530,2,0,528,516,60949,30,0,0,30,14
2020-08-14,US,Virginia,Poquoson,45,0,0,37.14259351,-76.35798148,51735.0,366.7182788688778,0.0,45,44,0,0,44,44,12190,1,0,0,1,0
2020-08-14,US,Virginia,Portsmouth,1964,25,0,36.85914825,-76.35971629,51740.0,2080.552554079536,1.2729124236252545,1939,1907,25,0,1882,1855,94632,57,0,0,57,52
2020-08-14,US,Virginia,Powhatan,161,4,0,37.55016038,-77.91267882,51145.0,542.9650613786591,2.4844720496894412,157,156,4,0,152,151,29189,5,0,0,5,5
2020-08-14,US,Virginia,Prince Edward,447,10,0,37.22554789,-78.43597949,51147.0,1960.3543548811508,2.237136465324385,437,427,10,0,417,423,22950,20,0,0,20,4
2020-08-14,US,Virginia,Prince George,454,2,0,37.18497668,-77.22922187,51149.0,1183.7405157354053,0.4405286343612335,452,424,2,0,422,424,38082,30,0,0,30,0
2020-08-14,US,Virginia,Prince William,9824,178,0,38.70916224,-77.48713689,51153.0,2088.7239945995943,1.8118892508143325,9646,9686,178,0,9508,9605,468011,138,0,0,138,81
2020-08-14,US,Virginia,Pulaski,91,3,0,37.06474963,-80.71229738,51155.0,267.4346842213536,3.2967032967032965,88,90,3,0,87,90,34066,1,0,0,1,0
2020-08-14,US,Virginia,Radford,65,0,0,37.12222899,-80.56027320000003,51750.0,356.1839004876979,0.0,65,60,0,0,60,58,18339,5,0,0,5,2
2020-08-14,US,Virginia,Rappahannock,45,2,0,38.68295619,-78.15826963,51157.0,610.5834464043419,4.4444444444444455,43,44,2,0,42,44,7252,1,0,0,1,0
2020-08-14,US,Virginia,Richmond,323,4,0,37.937575,-76.72920628,51159.0,3579.7406627507485,1.238390092879257,319,321,4,0,317,322,9038,2,0,0,2,-1
2020-08-14,US,Virginia,Richmond City,3339,42,0,37.53255773,-77.47966921,51760.0,1448.992344946102,1.2578616352201255,3297,3280,41,0,3239,3248,228783,59,1,0,58,32
2020-08-14,US,Virginia,Roanoke,515,4,0,37.26865804,-80.06396753,51161.0,546.7903934767376,0.7766990291262136,511,506,4,0,502,502,94073,9,0,0,9,4
2020-08-14,US,Virginia,Roanoke City,1056,15,0,37.27791025,-79.96189766,51770.0,1065.128148230334,1.4204545454545454,1041,1041,15,0,1026,1036,99920,15,0,0,15,5
2020-08-14,US,Virginia,Rockbridge,75,1,0,37.81204314,-79.44605905,51163.0,332.2553493111239,1.3333333333333333,74,71,1,0,70,69,22752,4,0,0,4,2
2020-08-14,US,Virginia,Rockingham,968,20,0,38.51006137,-78.87260325,51165.0,1181.2368819251233,2.066115702479338,948,963,20,0,943,957,81244,5,0,0,5,6
2020-08-14,US,Virginia,Russell,145,3,0,36.93028320000001,-82.10095486,51167.0,545.3998344993606,2.0689655172413794,142,136,2,0,134,134,26748,9,1,0,8,2
2020-08-14,US,Virginia,Salem,165,3,0,37.2836193,-80.06219455,51775.0,652.148136437295,1.818181818181818,162,164,3,0,161,163,25643,1,0,0,1,1
2020-08-14,US,Virginia,Scott,114,3,0,36.71466456,-82.60171704,51169.0,528.6098488361309,2.631578947368421,111,111,3,0,108,111,21534,3,0,0,3,0
2020-08-14,US,Virginia,Shenandoah,736,47,0,38.85905135,-78.56813762,51171.0,1687.4541452677915,6.3858695652173925,689,728,46,0,682,724,43497,8,1,0,7,4
2020-08-14,US,Virginia,Smyth,164,3,0,36.84455636,-81.53344948,51173.0,544.7781025777307,1.8292682926829267,161,158,3,0,155,154,30472,6,0,0,6,4
2020-08-14,US,Virginia,Southampton,301,13,0,36.72231125,-77.10642712,51175.0,1707.2202370824116,4.318936877076412,288,278,13,0,265,285,17586,23,0,0,23,-7
2020-08-14,US,Virginia,Spotsylvania,1598,35,0,38.18574462,-77.655399,51177.0,1173.1453951473773,2.1902377972465583,1563,1570,35,0,1535,1536,134238,28,0,0,28,34
2020-08-14,US,Virginia,Stafford,1480,10,0,38.41758738,-77.45917053,51179.0,968.0668751062911,0.6756756756756757,1470,1446,10,0,1436,1424,149960,34,0,0,34,22
2020-08-14,US,Virginia,Staunton,158,0,0,38.15965544,-79.05979937,51790.0,633.7237285416332,0.0,158,155,0,0,155,154,24922,3,0,0,3,1
2020-08-14,US,Virginia,Suffolk,1401,53,0,36.70155394,-76.63603554,51800.0,1521.0405176531895,3.783012134189864,1348,1351,53,0,1298,1334,91185,50,0,0,50,17
2020-08-14,US,Virginia,Surry,51,2,0,37.11781893,-76.88450012,51181.0,794.1451261289317,3.92156862745098,49,52,2,0,50,51,6474,-1,0,0,-1,1
2020-08-14,US,Virginia,Sussex,316,9,0,36.92432914,-77.25791182,51183.0,2831.7949637064253,2.848101265822785,307,313,9,0,304,310,11237,3,0,0,3,3
2020-08-14,US,Virginia,Tazewell,130,0,0,37.12191123,-81.56685568,51185.0,320.23648232540955,0.0,130,126,0,0,126,123,40855,4,0,0,4,3
2020-08-14,US,Virginia,Virginia Beach,5322,55,0,36.73285734,-76.04566934,51810.0,1182.7350024668092,1.0334460729049229,5267,5204,54,0,5150,5139,450189,118,1,0,117,65
2020-08-14,US,Virginia,Warren,367,6,0,38.90847745,-78.20280433,51187.0,913.7536101981874,1.6348773841961852,361,360,6,0,354,356,40003,7,0,0,7,4
2020-08-14,US,Virginia,Washington,261,6,0,36.72341572,-81.95666289,51191.0,485.67175288425767,2.2988505747126435,255,242,6,0,236,237,54402,19,0,0,19,5
2020-08-14,US,Virginia,Waynesboro,187,3,0,38.06451466,-78.90293905,51820.0,826.3367211665933,1.60427807486631,184,180,3,0,177,177,22628,7,0,0,7,3
2020-08-14,US,Virginia,Westmoreland,216,3,0,38.11021557,-76.80213247,51193.0,1199.000832639467,1.3888888888888888,213,216,3,0,213,214,17830,0,0,0,0,2
2020-08-14,US,Virginia,Williamsburg,133,6,0,37.28131268,-76.70905141,51830.0,889.3941420355757,4.511278195488722,127,130,6,0,124,128,14896,3,0,0,3,2
2020-08-14,US,Virginia,Winchester,416,4,0,39.17054517,-78.17325058,51840.0,1481.5870076216254,0.9615384615384616,412,408,4,0,404,404,28108,8,0,0,8,4
2020-08-14,US,Virginia,Wise,229,5,0,36.9746148,-82.62410519,51195.0,612.5779097450712,2.183406113537118,224,201,4,0,197,181,38012,28,1,0,27,20
2020-08-14,US,Virginia,Wythe,125,3,0,36.91582035,-81.07834059,51197.0,435.78301492121045,2.4,122,120,3,0,117,119,28754,5,0,0,5,1
2020-08-14,US,Virginia,York,400,4,0,37.24374789,-76.54412815,51199.0,585.8230814294083,1.0,396,383,4,0,379,375,67846,17,0,0,17,8
2020-08-14,US,Washington,Adams,494,5,0,46.98299757,-118.56017340000001,53001.0,2472.101286093179,1.0121457489878545,489,460,5,0,455,457,19759,34,0,0,34,3
2020-08-14,US,Washington,Asotin,39,2,0,46.18894415,-117.2022851,53003.0,172.703923478877,5.128205128205129,37,31,2,0,29,28,22610,8,0,0,8,3
2020-08-14,US,Washington,Benton,3845,121,0,46.23946995,-119.51208340000001,53005.0,1881.2074954743384,3.1469440832249678,3724,3802,120,0,3682,3787,201877,43,1,0,42,15
2020-08-14,US,Washington,Chelan,1501,10,0,47.87046092,-120.6173956,53007.0,1944.300518134715,0.6662225183211192,1491,1449,10,0,1439,1405,77036,52,0,0,52,44
2020-08-14,US,Washington,Clallam,152,1,0,48.04754642,-123.92263190000001,53009.0,196.55765475682446,0.6578947368421053,151,144,0,0,144,142,76737,8,1,0,7,2
2020-08-14,US,Washington,Clark,1927,48,0,45.77568046,-122.48292040000001,53011.0,394.682134437706,2.4909185262065385,1879,1874,46,0,1828,1849,481857,53,2,0,51,25
2020-08-14,US,Washington,Columbia,13,1,0,46.29442881,-117.9051983,53013.0,326.2233375156838,7.6923076923076925,12,13,1,0,12,13,4059,0,0,0,0,0
2020-08-14,US,Washington,Cowlitz,504,5,0,46.19074721,-122.6782231,53015.0,455.72504588898033,0.992063492063492,499,502,5,0,497,496,108987,2,0,0,2,6
2020-08-14,US,Washington,Douglas,1011,7,0,47.7361335,-119.69293700000001,53017.0,2327.9375532478307,0.6923837784371909,1004,985,7,0,978,976,42907,26,0,0,26,9
2020-08-14,US,Washington,Ferry,22,0,0,48.471143100000006,-118.5154041,53019.0,288.4489314278223,0.0,22,22,0,0,22,22,7649,0,0,0,0,0
2020-08-14,US,Washington,Franklin,3705,51,0,46.53351425,-118.9018212,53021.0,3890.907563378211,1.3765182186234817,3654,3605,51,0,3554,3577,94347,100,0,0,100,28
2020-08-14,US,Washington,Garfield,4,0,0,46.43197502,-117.54540320000001,53023.0,179.77528089887642,0.0,4,4,0,0,4,4,2247,0,0,0,0,0
2020-08-14,US,Washington,Grant,1746,13,0,47.20753737,-119.4500749,53025.0,1786.4999539561868,0.7445589919816724,1733,1627,13,0,1614,1584,97331,119,0,0,119,43
2020-08-14,US,Washington,Grays Harbor,138,3,0,47.14003705,-123.7820567,53027.0,183.85046828579425,2.1739130434782608,135,127,3,0,124,125,73901,11,0,0,11,2
2020-08-14,US,Washington,Island,250,12,0,48.14713305,-122.5216407,53029.0,293.6305657673741,4.8,238,249,11,0,238,249,84460,1,1,0,0,0
2020-08-14,US,Washington,Jefferson,57,0,0,47.75003077,-123.56097040000002,53031.0,176.9032618478632,0.0,57,56,0,0,56,55,31729,1,0,0,1,1
2020-08-14,US,Washington,King,17491,688,0,47.49137892,-121.8346131,53033.0,776.4177803267247,3.9334514893373735,16803,17118,686,0,16432,16941,2233163,373,2,0,371,177
2020-08-14,US,Washington,Kitsap,801,7,0,47.63479026,-122.6436061,53035.0,295.0569669911925,0.8739076154806492,794,778,7,0,771,768,269805,23,0,0,23,10
2020-08-14,US,Washington,Kittitas,445,20,0,47.12521214,-120.67943899999999,53037.0,928.3404610409932,4.49438202247191,425,412,20,0,392,412,47364,33,0,0,33,0
2020-08-14,US,Washington,Klickitat,133,3,0,45.87325839,-120.7913598,53039.0,593.088071348941,2.255639097744361,130,119,3,0,116,119,22107,14,0,0,14,0
2020-08-14,US,Washington,Lewis,257,4,0,46.57756476,-122.39257690000001,53041.0,318.43582341060875,1.5564202334630348,253,233,4,0,229,231,79604,24,0,0,24,2
2020-08-14,US,Washington,Lincoln,31,0,0,47.57705241,-118.41943880000001,53043.0,283.3897065545296,0.0,31,27,0,0,27,27,10740,4,0,0,4,0
2020-08-14,US,Washington,Mason,257,1,0,47.35007586,-123.1863685,53045.0,384.91492930745284,0.3891050583657588,256,240,1,0,239,242,65507,17,0,0,17,-2
2020-08-14,US,Washington,Okanogan,907,5,0,48.54855019,-119.73872240000001,53047.0,2147.101294889094,0.5512679162072768,902,885,5,0,880,881,42132,22,0,0,22,4
2020-08-14,US,Washington,Pacific,57,2,0,46.55418369,-123.7285716,53049.0,253.66027324106625,3.5087719298245608,55,54,2,0,52,55,22036,3,0,0,3,-1
2020-08-14,US,Washington,Pend Oreille,48,0,0,48.53234021,-117.2741804,53051.0,349.7522588166716,0.0,48,46,0,0,46,46,13602,2,0,0,2,0
2020-08-14,US,Washington,Pierce,6094,146,0,47.03892768,-122.14059579999999,53053.0,673.3850471833632,2.3957991467016737,5948,5940,144,0,5796,5874,891299,154,2,0,152,66
2020-08-14,US,Washington,San Juan,30,0,0,48.60182783,-122.96745,53055.0,170.62905243999546,0.0,30,30,0,0,30,30,17128,0,0,0,0,0
2020-08-14,US,Washington,Skagit,922,23,0,48.48171488,-121.766131,53057.0,713.5946751286716,2.4945770065075923,899,909,22,0,887,904,128206,13,1,0,12,5
2020-08-14,US,Washington,Skamania,58,1,0,46.02408726,-121.91644029999999,53059.0,480.01324174459984,1.7241379310344829,57,57,1,0,56,57,11924,1,0,0,1,0
2020-08-14,US,Washington,Snohomish,5716,203,0,48.04615983,-121.7170703,53061.0,695.306921563881,3.5514345696291114,5513,5621,199,0,5422,5582,814901,95,4,0,91,39
2020-08-14,US,Washington,Spokane,4758,105,0,47.62113146,-117.4046494,53063.0,910.102946070949,2.206809583858764,4653,4667,95,0,4572,4602,514631,91,10,0,81,65
2020-08-14,US,Washington,Stevens,117,1,0,48.40035475,-117.8542701,53065.0,255.88872121251887,0.8547008547008547,116,113,1,0,112,112,45260,4,0,0,4,1
2020-08-14,US,Washington,Thurston,781,11,0,46.9291895,-122.82906559999999,53067.0,268.81350331800536,1.4084507042253518,770,761,11,0,750,752,286419,20,0,0,20,9
2020-08-14,US,Washington,Unassigned,250,4,0,0.0,0.0,90053.0,0.0,1.6,246,210,2,0,208,204,,40,2,0,38,6
2020-08-14,US,Washington,Wahkiakum,5,0,0,46.29180039999999,-123.4250831,53069.0,111.40819964349377,0.0,5,5,0,0,5,5,4426,0,0,0,0,0
2020-08-14,US,Washington,Walla Walla,587,4,0,46.23040051,-118.4775539,53071.0,966.0961158657013,0.6814310051107325,583,572,3,0,569,564,60922,15,1,0,14,8
2020-08-14,US,Washington,Whatcom,1018,39,0,48.82227976,-121.74900179999999,53073.0,444.0625177210607,3.831041257367387,979,1007,39,0,968,1000,225685,11,0,0,11,7
2020-08-14,US,Washington,Whitman,124,0,0,46.90022523,-117.52417630000001,53075.0,247.48523072010212,0.0,124,118,0,0,118,113,49791,6,0,0,6,5
2020-08-14,US,Washington,Yakima,10590,220,0,46.45738486,-120.73801259999999,53077.0,4221.259362306823,2.077431539187913,10370,10467,217,0,10250,10412,251446,123,3,0,120,55
2020-08-14,US,West Virginia,Barbour,31,1,0,39.1307219,-80.00350858,54001.0,188.5530077245909,3.2258064516129035,30,29,1,0,28,29,16535,2,0,0,2,0
2020-08-14,US,West Virginia,Berkeley,733,11,0,39.46704621,-78.02414609,54003.0,615.0825284674962,1.500682128240109,722,720,11,0,709,713,117123,13,0,0,13,7
2020-08-14,US,West Virginia,Boone,117,0,0,38.01974191,-81.69888019,54005.0,545.27659971105,0.0,117,112,0,0,112,109,21951,5,0,0,5,3
2020-08-14,US,West Virginia,Braxton,8,0,0,38.70036159,-80.72011184,54007.0,57.31890807480117,0.0,8,8,0,0,8,8,14089,0,0,0,0,0
2020-08-14,US,West Virginia,Brooke,74,1,0,40.27367263,-80.57915332,54009.0,337.2988741510552,1.351351351351351,73,70,1,0,69,70,22203,4,0,0,4,0
2020-08-14,US,West Virginia,Cabell,447,3,0,38.42424062,-82.23855912,54011.0,486.1602044700636,0.6711409395973155,444,431,3,0,428,428,93224,16,0,0,16,3
2020-08-14,US,West Virginia,Calhoun,6,0,0,38.84315422,-81.11934872,54013.0,84.40005626670418,0.0,6,6,0,0,6,6,7254,0,0,0,0,0
2020-08-14,US,West Virginia,Clay,18,1,0,38.46231092,-81.07652217,54015.0,211.56558533145275,5.5555555555555545,17,18,1,0,17,18,8632,0,0,0,0,0
2020-08-14,US,West Virginia,Doddridge,6,0,0,39.27057157,-80.70671527,54017.0,71.02272727272727,0.0,6,6,0,0,6,6,8406,0,0,0,0,0
2020-08-14,US,West Virginia,Fayette,166,7,0,38.02974928,-81.08286634,54019.0,391.45403952270897,4.216867469879518,159,160,7,0,153,155,43018,6,0,0,6,5
2020-08-14,US,West Virginia,Gilmer,18,0,0,38.9251277,-80.85952723,54021.0,230.09075802121947,0.0,18,17,0,0,17,17,8026,1,0,0,1,0
2020-08-14,US,West Virginia,Grant,131,4,0,39.10314817,-79.19440518,54023.0,1132.4343015214386,3.053435114503817,127,131,4,0,127,129,11626,0,0,0,0,2
2020-08-14,US,West Virginia,Greenbrier,95,3,0,37.9463652,-80.45335881,54025.0,274.0753562979632,3.1578947368421053,92,93,3,0,90,93,34786,2,0,0,2,0
2020-08-14,US,West Virginia,Hampshire,86,1,0,39.32103553,-78.60826476,54027.0,371.08953613807984,1.162790697674419,85,84,1,0,83,80,23347,2,0,0,2,4
2020-08-14,US,West Virginia,Hancock,112,0,0,40.51943859,-80.57461608,54029.0,388.753904894134,0.0,112,112,0,0,112,112,29094,0,0,0,0,0
2020-08-14,US,West Virginia,Hardy,63,0,0,39.00683177,-78.85855301,54031.0,457.31707317073165,0.0,63,62,0,0,62,61,13775,1,0,0,1,1
2020-08-14,US,West Virginia,Harrison,243,1,0,39.2853852,-80.37919577,54033.0,361.3060544784108,0.41152263374485604,242,238,1,0,237,235,67554,5,0,0,5,3
2020-08-14,US,West Virginia,Jackson,166,19,0,38.84263974,-81.68148753,54035.0,580.9070548712208,11.445783132530119,147,166,19,0,147,166,28706,0,0,0,0,0
2020-08-14,US,West Virginia,Jefferson,304,4,0,39.30776166,-77.86014147,54037.0,531.9707416092115,1.3157894736842106,300,302,4,0,298,299,56811,2,0,0,2,3
2020-08-14,US,West Virginia,Kanawha,1066,24,0,38.33860077,-81.52857054,54039.0,598.4595001235092,2.25140712945591,1042,1020,24,0,996,976,180454,46,0,0,46,44
2020-08-14,US,West Virginia,Lewis,28,2,0,38.9947249,-80.49988181,54041.0,176.02313446910165,7.142857142857142,26,29,2,0,27,29,16024,-1,0,0,-1,0
2020-08-14,US,West Virginia,Lincoln,105,0,0,38.172154,-82.07017953,54043.0,514.4789063648391,0.0,105,96,0,0,96,95,20599,9,0,0,9,1
2020-08-14,US,West Virginia,Logan,354,11,0,37.8299889,-81.93528571,54045.0,1105.593553827415,3.1073446327683616,343,276,7,0,269,264,32607,78,4,0,74,12
2020-08-14,US,West Virginia,Marion,199,2,0,39.50984542,-80.24244659,54049.0,354.90084177486085,1.0050251256281406,197,195,2,0,193,193,56097,4,0,0,4,2
2020-08-14,US,West Virginia,Marshall,130,1,0,39.86064362,-80.66591062,54051.0,425.79673119124817,0.7692307692307693,129,130,1,0,129,130,30785,0,0,0,0,0
2020-08-14,US,West Virginia,Mason,70,1,0,38.77071799,-82.02524219,54053.0,263.99155227032736,1.4285714285714286,69,67,1,0,66,66,26718,3,0,0,3,1
2020-08-14,US,West Virginia,McDowell,66,0,0,37.38002939,-81.65083669,54047.0,374.489332728098,0.0,66,64,0,0,64,64,18223,2,0,0,2,0
2020-08-14,US,West Virginia,Mercer,227,18,0,37.40481169,-81.11023142,54055.0,386.3303720344464,7.929515418502202,209,216,16,0,200,209,59131,11,2,0,9,7
2020-08-14,US,West Virginia,Mineral,127,4,0,39.41561583,-78.94104895,54057.0,472.6812565133243,3.1496062992125986,123,127,4,0,123,127,26940,0,0,0,0,0
2020-08-14,US,West Virginia,Mingo,200,5,0,37.73048351,-82.13338365,54059.0,853.825136612022,2.5,195,195,5,0,190,183,23785,5,0,0,5,12
2020-08-14,US,West Virginia,Monongalia,986,5,0,39.63218457,-80.04766838,54061.0,933.6060296178464,0.5070993914807302,981,962,5,0,957,953,106420,24,0,0,24,9
2020-08-14,US,West Virginia,Monroe,21,0,0,37.56274716,-80.54577965,54063.0,158.19209039548022,0.0,21,21,0,0,21,21,13280,0,0,0,0,0
2020-08-14,US,West Virginia,Morgan,32,0,0,39.55439028,-78.26311676,54065.0,178.93088794453143,0.0,32,31,0,0,31,30,17787,1,0,0,1,1
2020-08-14,US,West Virginia,Nicholas,40,1,0,38.29617706,-80.79759588,54067.0,163.29196603527106,2.5,39,40,1,0,39,40,24842,0,0,0,0,0
2020-08-14,US,West Virginia,Ohio,278,4,0,40.0955451,-80.62203992,54069.0,671.3192147014079,1.4388489208633093,274,272,4,0,268,272,41755,6,0,0,6,0
2020-08-14,US,West Virginia,Pendleton,42,1,0,38.68314479,-79.35084086,54071.0,602.6689625484287,2.380952380952381,41,42,1,0,41,42,6997,0,0,0,0,0
2020-08-14,US,West Virginia,Pleasants,14,2,0,39.37091679,-81.16771771,54073.0,187.66756032171585,14.285714285714285,12,14,1,0,13,14,7507,0,1,0,-1,0
2020-08-14,US,West Virginia,Pocahontas,42,0,0,38.32758728,-80.00993811,54075.0,509.2761004001455,0.0,42,42,0,0,42,42,8414,0,0,0,0,0
2020-08-14,US,West Virginia,Preston,128,4,0,39.46770987,-79.66712803,54077.0,382.86671452500605,3.125,124,125,4,0,121,125,33839,3,0,0,3,0
2020-08-14,US,West Virginia,Putnam,216,0,0,38.50782345,-81.9082131,54079.0,382.6395039858282,0.0,216,204,0,0,204,203,56682,12,0,0,12,1
2020-08-14,US,West Virginia,Raleigh,292,1,0,37.76936795,-81.2456041,54081.0,398.03165169504234,0.3424657534246575,291,276,1,0,275,267,74254,16,0,0,16,9
2020-08-14,US,West Virginia,Randolph,213,0,0,38.769899,-79.87919615,54083.0,742.2895974908521,0.0,213,212,0,0,212,211,28823,1,0,0,1,1
2020-08-14,US,West Virginia,Ritchie,3,0,0,39.18094587,-81.06356878,54085.0,31.400460540087924,0.0,3,3,0,0,3,3,9721,0,0,0,0,0
2020-08-14,US,West Virginia,Roane,19,1,0,38.71622686,-81.35243568,54087.0,138.80771478667447,5.2631578947368425,18,19,1,0,18,16,13932,0,0,0,0,3
2020-08-14,US,West Virginia,Summers,18,0,0,37.65390597,-80.86009693,54089.0,143.16392269148173,0.0,18,16,0,0,16,15,12760,2,0,0,2,1
2020-08-14,US,West Virginia,Taylor,61,1,0,39.33602617,-80.0421439,54091.0,365.3788559448937,1.639344262295082,60,60,1,0,59,59,16862,1,0,0,1,1
2020-08-14,US,West Virginia,Tucker,11,0,0,39.11240885,-79.57053576,54093.0,160.84222839596433,0.0,11,11,0,0,11,10,6955,0,0,0,0,1
2020-08-14,US,West Virginia,Tyler,15,0,0,39.46811972,-80.88772676,54095.0,174.60132697008495,0.0,15,15,0,0,15,15,8746,0,0,0,0,0
2020-08-14,US,West Virginia,Upshur,40,0,0,38.89285061,-80.23689136,54097.0,165.45334215751157,0.0,40,40,0,0,40,40,24415,0,0,0,0,0
2020-08-14,US,West Virginia,Wayne,218,9,0,38.14901357,-82.42287994,54099.0,553.2714075427643,4.128440366972477,209,214,9,0,205,214,39944,4,0,0,4,0
2020-08-14,US,West Virginia,Webster,4,0,0,38.49370949,-80.4202023,54101.0,49.297510475720976,0.0,4,4,0,0,4,4,8285,0,0,0,0,0
2020-08-14,US,West Virginia,Wetzel,45,0,0,39.6065771,-80.64016540000001,54103.0,298.70560902754727,0.0,45,44,0,0,44,44,15270,1,0,0,1,0
2020-08-14,US,West Virginia,Wirt,7,0,0,39.02775007,-81.37473928,54105.0,120.25425184676172,0.0,7,7,0,0,7,7,5830,0,0,0,0,0
2020-08-14,US,West Virginia,Wood,275,5,0,39.20967886,-81.5162836,54107.0,329.2703369333557,1.818181818181818,270,266,5,0,261,264,84203,9,0,0,9,2
2020-08-14,US,West Virginia,Wyoming,46,2,0,37.612327,-81.54511071,54109.0,225.55653623614788,4.3478260869565215,44,43,2,0,41,37,20786,3,0,0,3,6
2020-08-14,US,Wisconsin,Adams,94,2,0,43.96974651,-89.76782777,55001.0,464.88625123639963,2.127659574468085,92,91,2,0,89,89,20348,3,0,0,3,2
2020-08-14,US,Wisconsin,Ashland,30,1,0,46.31956891,-90.67837132,55003.0,192.77727798483485,3.333333333333333,29,29,1,0,28,27,15600,1,0,0,1,2
2020-08-14,US,Wisconsin,Barron,323,3,0,45.42372701,-91.84833627,55005.0,713.9068163734418,0.9287925696594428,320,315,3,0,312,308,45164,8,0,0,8,7
2020-08-14,US,Wisconsin,Bayfield,32,1,0,46.52868768,-91.19716729,55007.0,212.8225591912743,3.125,31,30,1,0,29,29,15042,2,0,0,2,1
2020-08-14,US,Wisconsin,Brown,4469,55,0,44.452655299999996,-88.00411844,55009.0,1689.3347748183648,1.2307003803982994,4414,4391,54,0,4337,4352,263378,78,1,0,77,39
2020-08-14,US,Wisconsin,Buffalo,47,2,0,44.37835084,-91.75332578,55011.0,360.67838231908524,4.25531914893617,45,45,2,0,43,45,13125,2,0,0,2,0
2020-08-14,US,Wisconsin,Burnett,27,1,0,45.86303537,-92.36711412,55013.0,175.16543402101985,3.703703703703704,26,25,1,0,24,23,15392,2,0,0,2,2
2020-08-14,US,Wisconsin,Calumet,387,2,0,44.0816316,-88.21780273,55015.0,772.6247279841881,0.5167958656330749,385,355,2,0,353,340,50159,32,0,0,32,15
2020-08-14,US,Wisconsin,Chippewa,266,0,0,45.06939744,-91.28068855,55017.0,411.39534164372543,0.0,266,252,0,0,252,244,64135,14,0,0,14,8
2020-08-14,US,Wisconsin,Clark,195,8,0,44.73483377,-90.61207486,55019.0,560.7637890377869,4.102564102564102,187,191,8,0,183,190,34709,4,0,0,4,1
2020-08-14,US,Wisconsin,Columbia,287,2,0,43.46492199,-89.33589004,55021.0,498.85281234791074,0.6968641114982579,285,274,2,0,272,273,57358,13,0,0,13,1
2020-08-14,US,Wisconsin,Crawford,84,0,0,43.23870316,-90.93073686,55023.0,520.7364701506416,0.0,84,82,0,0,82,78,16291,2,0,0,2,4
2020-08-14,US,Wisconsin,Dane,4783,39,0,43.06601594,-89.41733797,55025.0,874.8936792910124,0.8153878319046624,4744,4666,38,0,4628,4630,542364,117,1,0,116,36
2020-08-14,US,Wisconsin,Dodge,920,5,0,43.41576662,-88.70928178,55027.0,1047.3707578638189,0.5434782608695652,915,875,5,0,870,857,87847,45,0,0,45,18
2020-08-14,US,Wisconsin,Door,115,3,0,44.95856458,-87.30002707,55029.0,415.64261963278886,2.608695652173913,112,109,3,0,106,107,27610,6,0,0,6,2
2020-08-14,US,Wisconsin,Douglas,218,0,0,46.43222285,-91.91595768,55031.0,505.2143684820393,0.0,218,207,0,0,207,198,43208,11,0,0,11,9
2020-08-14,US,Wisconsin,Dunn,139,0,0,44.94562799,-91.8962481,55033.0,306.38335390583666,0.0,139,134,0,0,134,131,45131,5,0,0,5,3
2020-08-14,US,Wisconsin,Eau Claire,654,4,0,44.726614,-91.28609183,55035.0,624.9641648988016,0.6116207951070336,650,629,4,0,625,612,104534,25,0,0,25,17
2020-08-14,US,Wisconsin,Florence,15,0,0,45.84963535,-88.39804137,55037.0,349.2433061699652,0.0,15,10,0,0,10,8,4321,5,0,0,5,2
2020-08-14,US,Wisconsin,Fond du Lac,757,8,0,43.75354908,-88.48885325,55039.0,732.0870767772694,1.056803170409511,749,712,8,0,704,700,103066,45,0,0,45,12
2020-08-14,US,Wisconsin,Forest,60,4,0,45.66678019,-88.77084892,55041.0,666.3705019991115,6.666666666666668,56,60,4,0,56,60,8991,0,0,0,0,0
2020-08-14,US,Wisconsin,Grant,391,16,0,42.8671731,-90.7063218,55043.0,760.1236415948987,4.092071611253196,375,375,16,0,359,368,51554,16,0,0,16,7
2020-08-14,US,Wisconsin,Green,210,1,0,42.6794956,-89.60243287,55045.0,568.1818181818181,0.4761904761904762,209,186,1,0,185,179,36929,24,0,0,24,7
2020-08-14,US,Wisconsin,Green Lake,62,0,0,43.80025981,-89.04679553,55047.0,327.8168455559668,0.0,62,60,0,0,60,57,18918,2,0,0,2,3
2020-08-14,US,Wisconsin,Iowa,97,0,0,43.00050278,-90.13469017,55049.0,409.6629782920855,0.0,97,88,0,0,88,86,23771,9,0,0,9,2
2020-08-14,US,Wisconsin,Iron,78,1,0,46.26302338,-90.24295041,55051.0,1371.549147177774,1.2820512820512822,77,76,1,0,75,76,5676,2,0,0,2,0
2020-08-14,US,Wisconsin,Jackson,60,1,0,44.31864893,-90.80566792,55053.0,290.65542799011774,1.6666666666666667,59,60,1,0,59,59,20478,0,0,0,0,1
2020-08-14,US,Wisconsin,Jefferson,701,5,0,43.02054068,-88.77529134,55055.0,826.9532494190094,0.7132667617689016,696,677,5,0,672,657,85129,24,0,0,24,20
2020-08-14,US,Wisconsin,Juneau,151,1,0,43.92456975,-90.11120239,55057.0,565.8185633454491,0.6622516556291391,150,145,1,0,144,139,26617,6,0,0,6,6
2020-08-14,US,Wisconsin,Kenosha,2771,60,0,42.57639354,-88.04051686,55059.0,1634.2201331674146,2.1652832912306033,2711,2718,60,0,2658,2699,169290,53,0,0,53,19
2020-08-14,US,Wisconsin,Kewaunee,142,2,0,44.51727459,-87.61468386,55061.0,694.9202309875698,1.4084507042253518,140,137,2,0,135,135,20383,5,0,0,5,2
2020-08-14,US,Wisconsin,La Crosse,959,1,0,43.90632465,-91.11451093,55063.0,812.6016811279826,0.10427528675703858,958,945,1,0,944,932,118230,14,0,0,14,13
2020-08-14,US,Wisconsin,Lafayette,169,0,0,42.66005229,-90.1317729,55065.0,1014.101410141014,0.0,169,159,0,0,159,154,16665,10,0,0,10,5
2020-08-14,US,Wisconsin,Langlade,73,1,0,45.26271619,-89.07483625,55067.0,380.4262858929595,1.3698630136986298,72,67,1,0,66,64,19268,6,0,0,6,3
2020-08-14,US,Wisconsin,Lincoln,73,0,0,45.33737523,-89.73411273,55069.0,264.5598521364114,0.0,73,71,0,0,71,70,27689,2,0,0,2,1
2020-08-14,US,Wisconsin,Manitowoc,391,1,0,44.11946801,-87.80928853,55071.0,495.0557729074082,0.2557544757033248,390,361,1,0,360,354,79074,30,0,0,30,7
2020-08-14,US,Wisconsin,Marathon,691,12,0,44.89792533,-89.75863384,55073.0,509.2415175544616,1.7366136034732271,679,671,10,0,661,668,135428,20,2,0,18,3
2020-08-14,US,Wisconsin,Marinette,485,5,0,45.38553432,-88.03324599999998,55075.0,1201.9826517967779,1.0309278350515465,480,449,5,0,444,432,40434,36,0,0,36,17
2020-08-14,US,Wisconsin,Marquette,81,1,0,43.81911946,-89.40073763,55077.0,520.0975985617054,1.2345679012345678,80,80,1,0,79,80,15434,1,0,0,1,0
2020-08-14,US,Wisconsin,Menominee,26,0,0,45.00422544,-88.70950714,55078.0,570.6760316066725,0.0,26,26,0,0,26,26,4658,0,0,0,0,0
2020-08-14,US,Wisconsin,Milwaukee,22054,465,0,43.00486062,-87.96733172,55079.0,2331.965072335962,2.1084610501496326,21589,21666,462,0,21204,21396,948201,388,3,0,385,270
2020-08-14,US,Wisconsin,Monroe,252,2,0,43.94641218,-90.61881899999999,55081.0,544.8295245713791,0.7936507936507936,250,249,2,0,247,248,46051,3,0,0,3,1
2020-08-14,US,Wisconsin,Oconto,272,1,0,45.02715345,-88.26807503,55083.0,717.1104666490904,0.36764705882352944,271,262,1,0,261,253,37830,10,0,0,10,9
2020-08-14,US,Wisconsin,Oneida,173,0,0,45.70677897,-89.51944105,55085.0,486.02331788172495,0.0,173,160,0,0,160,156,35470,13,0,0,13,4
2020-08-14,US,Wisconsin,Outagamie,1369,14,0,44.41578887,-88.46565023,55087.0,728.6371982861857,1.0226442658875092,1355,1326,14,0,1312,1310,187365,43,0,0,43,16
2020-08-14,US,Wisconsin,Ozaukee,770,18,0,43.38352225,-87.94625009,55089.0,863.0255208975467,2.3376623376623376,752,737,18,0,719,723,89147,33,0,0,33,14
2020-08-14,US,Wisconsin,Pepin,44,0,0,44.58307413,-91.99949611,55091.0,603.8150130369149,0.0,44,42,0,0,42,42,7289,2,0,0,2,0
2020-08-14,US,Wisconsin,Pierce,239,4,0,44.71850291,-92.4224416,55093.0,559.0120222669224,1.6736401673640169,235,230,3,0,227,230,42555,9,1,0,8,0
2020-08-14,US,Wisconsin,Polk,140,2,0,45.46130348,-92.44182875,55095.0,319.75881049722494,1.4285714285714286,138,138,2,0,136,138,43598,2,0,0,2,0
2020-08-14,US,Wisconsin,Portage,457,0,0,44.47558711,-89.50152965,55097.0,645.7356016503702,0.0,457,438,0,0,438,428,70942,19,0,0,19,10
2020-08-14,US,Wisconsin,Price,32,0,0,45.68051754,-90.36098879999999,55099.0,239.68242079245,0.0,32,32,0,0,32,33,13397,0,0,0,0,-1
2020-08-14,US,Wisconsin,Racine,3665,81,0,42.74753117,-88.05941254,55101.0,1866.9356276520416,2.210095497953615,3584,3599,78,0,3521,3571,196584,66,3,0,63,28
2020-08-14,US,Wisconsin,Richland,38,4,0,43.3762778,-90.43012729,55103.0,220.26431718061679,10.526315789473683,34,37,4,0,33,37,17377,1,0,0,1,0
2020-08-14,US,Wisconsin,Rock,1477,26,0,42.67151616,-89.07147900000002,55105.0,904.1713089364202,1.760324983073798,1451,1462,26,0,1436,1447,163129,15,0,0,15,15
2020-08-14,US,Wisconsin,Rusk,22,1,0,45.47498854,-91.1333012,55107.0,155.16998166172942,4.545454545454546,21,21,1,0,20,21,14147,1,0,0,1,0
2020-08-14,US,Wisconsin,Sauk,502,3,0,43.42574087,-89.94966132,55111.0,778.9950653300642,0.5976095617529881,499,484,3,0,481,472,64249,18,0,0,18,12
2020-08-14,US,Wisconsin,Sawyer,101,0,0,45.87931905,-91.14504927,55113.0,609.9770503684017,0.0,101,86,0,0,86,82,16489,15,0,0,15,4
2020-08-14,US,Wisconsin,Shawano,214,0,0,44.78902246,-88.76443896,55115.0,523.2401770214431,0.0,214,207,0,0,207,205,40796,7,0,0,7,2
2020-08-14,US,Wisconsin,Sheboygan,835,8,0,43.72099677,-87.94579284,55117.0,723.9465926825038,0.9580838323353292,827,804,8,0,796,786,115456,31,0,0,31,18
2020-08-14,US,Wisconsin,St. Croix,534,6,0,45.03437474,-92.45000068,55109.0,588.838532534983,1.1235955056179776,528,524,5,0,519,514,89694,10,1,0,9,10
2020-08-14,US,Wisconsin,Taylor,76,2,0,45.21179252,-90.5004405,55119.0,373.59288207245737,2.631578947368421,74,73,1,0,72,73,20412,3,1,0,2,0
2020-08-14,US,Wisconsin,Trempealeau,370,2,0,44.30360275,-91.35893614,55121.0,1247.934163040912,0.5405405405405406,368,360,2,0,358,354,29442,10,0,0,10,6
2020-08-14,US,Wisconsin,Vernon,71,0,0,43.59422667,-90.8324691,55123.0,230.3549412757121,0.0,71,68,0,0,68,67,30785,3,0,0,3,1
2020-08-14,US,Wisconsin,Vilas,73,0,0,46.05467334,-89.51719204,55125.0,328.90290605992334,0.0,73,66,0,0,66,65,21938,7,0,0,7,1
2020-08-14,US,Wisconsin,Walworth,1479,25,0,42.66858202,-88.54163073,55127.0,1423.9226710825278,1.690331304935767,1454,1401,24,0,1377,1369,103718,78,1,0,77,32
2020-08-14,US,Wisconsin,Washburn,49,0,0,45.89838588,-91.79050449,55129.0,311.70483460559797,0.0,49,49,0,0,49,47,15878,0,0,0,0,2
2020-08-14,US,Wisconsin,Washington,1207,23,0,43.36863664,-88.22974712,55131.0,887.2781804548863,1.9055509527754764,1184,1147,22,0,1125,1115,135693,60,1,0,59,32
2020-08-14,US,Wisconsin,Waukesha,4746,65,0,43.01833055,-88.30431188,55133.0,1174.1770122563694,1.369574378423936,4681,4515,61,0,4454,4402,403072,231,4,0,227,113
2020-08-14,US,Wisconsin,Waupaca,520,16,0,44.47068056,-88.96534501,55135.0,1019.8078054520494,3.0769230769230766,504,494,16,0,478,480,51128,26,0,0,26,14
2020-08-14,US,Wisconsin,Waushara,127,1,0,44.11324419,-89.24317107,55137.0,519.5761567729002,0.7874015748031497,126,122,1,0,121,120,24263,5,0,0,5,2
2020-08-14,US,Wisconsin,Winnebago,1263,19,0,44.06886922,-88.64477096,55139.0,734.699575933499,1.5043547110055424,1244,1235,18,0,1217,1216,171020,28,1,0,27,19
2020-08-14,US,Wisconsin,Wood,372,2,0,44.45537896,-90.04158336,55141.0,509.59602186331324,0.5376344086021505,370,339,2,0,337,327,73055,33,0,0,33,12
2020-08-14,US,Wyoming,Albany,93,0,0,41.65498705,-105.72354150000001,56001.0,239.19753086419757,0.0,93,90,0,0,90,89,38601,3,0,0,3,1
2020-08-14,US,Wyoming,Big Horn,37,0,0,44.52405055,-107.9960365,56003.0,313.8252756573367,0.0,37,37,0,0,37,37,11881,0,0,0,0,0
2020-08-14,US,Wyoming,Campbell,148,0,0,44.24886082,-105.54744040000001,56005.0,319.37161476877924,0.0,148,139,0,0,139,132,46140,9,0,0,9,7
2020-08-14,US,Wyoming,Carbon,129,0,0,41.69357844,-106.9326084,56007.0,871.6216216216217,0.0,129,105,0,0,105,105,14971,24,0,0,24,0
2020-08-14,US,Wyoming,Converse,31,0,0,42.97272268,-105.5081848,56009.0,224.2801331211113,0.0,31,32,0,0,32,31,13640,-1,0,0,-1,1
2020-08-14,US,Wyoming,Crook,11,0,0,44.58855102,-104.56977049999999,56011.0,145.042194092827,0.0,11,10,0,0,10,10,7450,1,0,0,1,0
2020-08-14,US,Wyoming,Fremont,520,0,0,43.04183996,-108.6296893,56013.0,1324.4695754056188,0.0,520,500,0,0,500,500,39531,20,0,0,20,0
2020-08-14,US,Wyoming,Goshen,37,0,0,42.08798185,-104.3534743,56015.0,280.06963893724924,0.0,37,36,0,0,36,34,13376,1,0,0,1,2
2020-08-14,US,Wyoming,Hot Springs,23,0,0,43.71930657,-108.44231740000001,56017.0,521.1874008610922,0.0,23,23,0,0,23,23,4555,0,0,0,0,0
2020-08-14,US,Wyoming,Johnson,25,1,0,44.04057166,-106.58451740000001,56019.0,296.03315571343984,4.0,24,25,1,0,24,24,8460,0,0,0,0,1
2020-08-14,US,Wyoming,Laramie,512,0,0,41.30702520000001,-104.6887497,56021.0,514.572864321608,0.0,512,509,0,0,509,504,98976,3,0,0,3,5
2020-08-14,US,Wyoming,Lincoln,101,0,0,42.26376367,-110.6563997,56023.0,509.3292990418559,0.0,101,101,0,0,101,100,19434,0,0,0,0,1
2020-08-14,US,Wyoming,Natrona,247,0,0,42.96180148,-106.79788500000001,56025.0,309.29900573517995,0.0,247,240,0,0,240,238,79115,7,0,0,7,2
2020-08-14,US,Wyoming,Niobrara,2,0,0,43.05607708,-104.47588959999999,56027.0,84.88964346349746,0.0,2,2,0,0,2,2,2388,0,0,0,0,0
2020-08-14,US,Wyoming,Park,144,0,0,44.52157546,-109.58528249999999,56029.0,493.25203809001846,0.0,144,139,0,0,139,135,29324,5,0,0,5,4
2020-08-14,US,Wyoming,Platte,6,0,0,42.13299116,-104.96633100000001,56031.0,71.4881448826403,0.0,6,6,0,0,6,5,8566,0,0,0,0,1
2020-08-14,US,Wyoming,Sheridan,81,0,0,44.79048913,-106.8862389,56033.0,265.7044448089224,0.0,81,74,0,0,74,73,30233,7,0,0,7,1
2020-08-14,US,Wyoming,Sublette,40,0,0,42.76558279,-109.91309220000001,56035.0,406.87620791374223,0.0,40,40,0,0,40,40,9813,0,0,0,0,0
2020-08-14,US,Wyoming,Sweetwater,275,0,0,41.65943896,-108.8827882,56037.0,649.4579977800345,0.0,275,267,0,0,267,266,43051,8,0,0,8,1
2020-08-14,US,Wyoming,Teton,385,0,0,43.93522482,-110.5890801,56039.0,1640.8114558472553,0.0,385,375,0,0,375,373,23081,10,0,0,10,2
2020-08-14,US,Wyoming,Uinta,276,0,0,41.2878183,-110.54757820000002,56041.0,1364.5802432512608,0.0,276,278,0,0,278,278,20299,-2,0,0,-2,0
2020-08-14,US,Wyoming,Unassigned,0,29,0,0.0,0.0,90056.0,0.0,0.0,-29,0,29,0,-29,0,,0,0,0,0,0
2020-08-14,US,Wyoming,Washakie,97,0,0,43.90451606,-107.68018700000002,56043.0,1242.7930813581038,0.0,97,86,0,0,86,82,7885,11,0,0,11,4
2020-08-14,US,Wyoming,Weston,7,0,0,43.83961191,-104.56748809999999,56045.0,101.053847264328,0.0,7,5,0,0,5,5,6967,2,0,0,2,0
