Date,Country/Region,Province/State,Admin2,Confirmed,Deaths,Recovered,Latitude,Longitude,FIPS,Active Cases,Previous Confirmed,Previous Deaths,Previous Recovered,Previous Active,Prev2 Confirmed,Population,Daily Confirmed,Daily Deaths,Daily Recovered,Daily Active,Previous Daily Confirmed
2020-05-08,US,Alabama,Autauga,67,4,0,32.53952745,-86.64408227,1001.0,63,61,3,0,58,58,55601,6,1,0,5,3
2020-05-08,US,Alabama,Baldwin,208,5,0,30.72774991,-87.72207058,1003.0,203,205,5,0,200,196,218022,3,0,0,3,9
2020-05-08,US,Alabama,Barbour,53,1,0,31.868263,-85.3871286,1005.0,52,51,1,0,50,47,24881,2,0,0,2,4
2020-05-08,US,Alabama,Bibb,44,1,0,32.99642064,-87.12511459999996,1007.0,43,44,0,0,44,43,22400,0,1,0,-1,1
2020-05-08,US,Alabama,Blount,44,0,0,33.98210918,-86.56790593,1009.0,44,44,0,0,44,42,57840,0,0,0,0,2
2020-05-08,US,Alabama,Bullock,21,1,0,32.10030533,-85.71265535,1011.0,20,18,1,0,17,18,10138,3,0,0,3,0
2020-05-08,US,Alabama,Butler,162,3,0,31.75300095,-86.68057478,1013.0,159,155,2,0,153,130,19680,7,1,0,6,25
2020-05-08,US,Alabama,Calhoun,123,3,0,33.77483727,-85.82630386,1015.0,120,120,3,0,117,114,114277,3,0,0,3,6
2020-05-08,US,Alabama,Chambers,311,21,0,32.91360079,-85.39072749,1017.0,290,308,21,0,287,306,33615,3,0,0,3,2
2020-05-08,US,Alabama,Cherokee,21,0,0,34.17805983,-85.60638968,1019.0,21,18,0,0,18,18,26032,3,0,0,3,0
2020-05-08,US,Alabama,Chilton,63,1,0,32.85044126,-86.7173256,1021.0,62,63,1,0,62,61,44153,0,0,0,0,2
2020-05-08,US,Alabama,Choctaw,59,0,0,32.02227341,-88.26564429999998,1023.0,59,56,0,0,56,54,12841,3,0,0,3,2
2020-05-08,US,Alabama,Clarke,53,1,0,31.68099859,-87.83548597,1025.0,52,50,1,0,49,45,23920,3,0,0,3,5
2020-05-08,US,Alabama,Clay,26,1,0,33.26984193,-85.85836077,1027.0,25,25,1,0,24,25,13275,1,0,0,1,0
2020-05-08,US,Alabama,Cleburne,13,1,0,33.67679204,-85.52005899,1029.0,12,13,1,0,12,13,14987,0,0,0,0,0
2020-05-08,US,Alabama,Coffee,143,0,0,31.39932826,-85.98901039,1031.0,143,141,0,0,141,138,51909,2,0,0,2,3
2020-05-08,US,Alabama,Colbert,63,2,0,34.69847452,-87.80168544,1033.0,61,51,2,0,49,44,54762,12,0,0,12,7
2020-05-08,US,Alabama,Conecuh,12,0,0,31.43401703,-86.99320044,1035.0,12,12,0,0,12,9,12277,0,0,0,0,3
2020-05-08,US,Alabama,Coosa,31,1,0,32.93690146,-86.24847739,1037.0,30,31,1,0,30,31,10715,0,0,0,0,0
2020-05-08,US,Alabama,Covington,50,1,0,31.247785399999998,-86.45050893,1039.0,49,48,1,0,47,46,36986,2,0,0,2,2
2020-05-08,US,Alabama,Crenshaw,33,0,0,31.72941803,-86.31593104,1041.0,33,31,0,0,31,28,13824,2,0,0,2,3
2020-05-08,US,Alabama,Cullman,62,0,0,34.13020303,-86.86888037,1043.0,62,61,0,0,61,59,83442,1,0,0,1,2
2020-05-08,US,Alabama,Dale,40,0,0,31.43037123,-85.61095742,1045.0,40,36,0,0,36,34,48956,4,0,0,4,2
2020-05-08,US,Alabama,Dallas,95,3,0,32.32688101,-87.10866709999998,1047.0,92,83,3,0,80,76,38310,12,0,0,12,7
2020-05-08,US,Alabama,DeKalb,136,2,0,34.45946862,-85.80782906,1049.0,134,124,2,0,122,109,71385,12,0,0,12,15
2020-05-08,US,Alabama,Elmore,130,4,0,32.59785413,-86.14415284,1051.0,126,127,4,0,123,121,81887,3,0,0,3,6
2020-05-08,US,Alabama,Escambia,35,3,0,31.1256789,-87.15918694,1053.0,32,33,3,0,30,30,36748,2,0,0,2,3
2020-05-08,US,Alabama,Etowah,166,10,0,34.04567266,-86.04051873,1055.0,156,161,10,0,151,158,102501,5,0,0,5,3
2020-05-08,US,Alabama,Fayette,7,0,0,33.72076938,-87.73886638,1057.0,7,7,0,0,7,6,16433,0,0,0,0,1
2020-05-08,US,Alabama,Franklin,202,1,0,34.44235334,-87.84289505,1059.0,201,184,1,0,183,164,31363,18,0,0,18,20
2020-05-08,US,Alabama,Geneva,12,0,0,31.09389027,-85.83572839,1061.0,12,11,0,0,11,11,26314,1,0,0,1,0
2020-05-08,US,Alabama,Greene,70,3,0,32.85504247,-87.95684022,1063.0,67,67,2,0,65,64,8233,3,1,0,2,3
2020-05-08,US,Alabama,Hale,62,2,0,32.76039258,-87.63284988,1065.0,60,62,2,0,60,60,14726,0,0,0,0,2
2020-05-08,US,Alabama,Henry,27,1,0,31.51148016,-85.24267944,1067.0,26,27,1,0,26,27,17209,0,0,0,0,0
2020-05-08,US,Alabama,Houston,102,4,0,31.15197924,-85.29939599,1069.0,98,100,4,0,96,99,104722,2,0,0,2,1
2020-05-08,US,Alabama,Jackson,59,2,0,34.78144169,-85.99750489,1071.0,57,56,2,0,54,53,51736,3,0,0,3,3
2020-05-08,US,Alabama,Jefferson,1094,59,0,33.55554728,-86.89506300000002,1073.0,1035,1065,57,0,1008,1048,659300,29,2,0,27,17
2020-05-08,US,Alabama,Lamar,13,0,0,33.77995024,-88.09668032,1075.0,13,13,0,0,13,13,13844,0,0,0,0,0
2020-05-08,US,Alabama,Lauderdale,87,2,0,34.90171875,-87.65624729,1077.0,85,79,2,0,77,71,92387,8,0,0,8,8
2020-05-08,US,Alabama,Lawrence,21,0,0,34.52041498,-87.31069453,1079.0,21,19,0,0,19,17,32957,2,0,0,2,2
2020-05-08,US,Alabama,Lee,419,30,0,32.60154883,-85.35132246,1081.0,389,417,30,0,387,410,163941,2,0,0,2,7
2020-05-08,US,Alabama,Limestone,55,0,0,34.81185586,-86.98310072,1083.0,55,54,0,0,54,49,96174,1,0,0,1,5
2020-05-08,US,Alabama,Lowndes,88,5,0,32.1597283,-86.65158371,1085.0,83,85,5,0,80,82,9974,3,0,0,3,3
2020-05-08,US,Alabama,Macon,44,2,0,32.38759944,-85.69267724,1087.0,42,43,2,0,41,42,18439,1,0,0,1,1
2020-05-08,US,Alabama,Madison,244,4,0,34.76327133,-86.55069633,1089.0,240,241,4,0,237,238,366519,3,0,0,3,3
2020-05-08,US,Alabama,Marengo,76,4,0,32.24767634,-87.78796182,1091.0,72,73,3,0,70,68,19066,3,1,0,2,5
2020-05-08,US,Alabama,Marion,95,7,0,34.13697363,-87.88704173,1093.0,88,93,7,0,86,92,29763,2,0,0,2,1
2020-05-08,US,Alabama,Marshall,525,8,0,34.36975964,-86.30486727,1095.0,517,487,8,0,479,470,96109,38,0,0,38,17
2020-05-08,US,Alabama,Mobile,1407,81,0,30.78472347,-88.20842409,1097.0,1326,1355,78,0,1277,1311,413757,52,3,0,49,44
2020-05-08,US,Alabama,Monroe,15,1,0,31.56729412,-87.36995001,1099.0,14,15,1,0,14,15,21067,0,0,0,0,0
2020-05-08,US,Alabama,Montgomery,533,15,0,32.2206831,-86.20969272,1101.0,518,515,13,0,502,477,225763,18,2,0,16,38
2020-05-08,US,Alabama,Morgan,87,0,0,34.45500589,-86.85475946,1103.0,87,84,0,0,84,81,119089,3,0,0,3,3
2020-05-08,US,Alabama,Perry,18,0,0,32.64048341,-87.29770589,1105.0,18,18,0,0,18,16,9140,0,0,0,0,2
2020-05-08,US,Alabama,Pickens,63,2,0,33.28094866,-88.08818103,1107.0,61,59,2,0,57,58,19938,4,0,0,4,1
2020-05-08,US,Alabama,Pike,87,0,0,31.80396383,-85.9408295,1109.0,87,85,0,0,85,84,33338,2,0,0,2,1
2020-05-08,US,Alabama,Randolph,100,6,0,33.29526734,-85.45708831,1111.0,94,96,6,0,90,91,22725,4,0,0,4,5
2020-05-08,US,Alabama,Russell,73,0,0,32.28725256,-85.18415324,1113.0,73,69,0,0,69,66,57781,4,0,0,4,3
2020-05-08,US,Alabama,Shelby,358,17,0,33.26879845,-86.66232561,1117.0,341,348,16,0,332,339,215707,10,1,0,9,9
2020-05-08,US,Alabama,St. Clair,79,1,0,33.71902176,-86.31029372,1115.0,78,78,1,0,77,77,88690,1,0,0,1,1
2020-05-08,US,Alabama,Sumter,93,4,0,32.59117397,-88.19916205,1119.0,89,92,4,0,88,87,12691,1,0,0,1,5
2020-05-08,US,Alabama,Talladega,72,2,0,33.37823223,-86.16886178,1121.0,70,70,2,0,68,67,79828,2,0,0,2,3
2020-05-08,US,Alabama,Tallapoosa,315,41,0,32.86698258,-85.79833053,1123.0,274,314,40,0,274,304,40497,1,1,0,0,10
2020-05-08,US,Alabama,Tuscaloosa,269,4,0,33.28726072,-87.52556818,1125.0,265,259,4,0,255,248,208911,10,0,0,10,11
2020-05-08,US,Alabama,Walker,105,0,0,33.80270512,-87.30027177,1127.0,105,103,0,0,103,101,63711,2,0,0,2,2
2020-05-08,US,Alabama,Washington,48,2,0,31.4092794,-88.20689944,1129.0,46,43,2,0,41,42,16378,5,0,0,5,1
2020-05-08,US,Alabama,Wilcox,77,4,0,31.98773215,-87.30891118,1131.0,73,73,4,0,69,73,10627,4,0,0,4,0
2020-05-08,US,Alabama,Winston,20,0,0,34.15030532,-87.37325922,1133.0,20,17,0,0,17,17,23660,3,0,0,3,0
2020-05-08,US,Alaska,Anchorage,194,4,0,61.14998174,-149.14269860000005,2020.0,190,191,4,0,187,190,291538,3,0,0,3,1
2020-05-08,US,Alaska,Bethel,1,0,0,60.90980451,-159.8561831,2050.0,1,1,0,0,1,1,18216,0,0,0,0,0
2020-05-08,US,Alaska,Fairbanks North Star,83,2,0,64.80726247,-146.5692662,2090.0,81,83,2,0,81,83,98971,0,0,0,0,0
2020-05-08,US,Alaska,Juneau,27,0,0,58.45031811,-134.200436,2110.0,27,27,0,0,27,27,32113,0,0,0,0,0
2020-05-08,US,Alaska,Kenai Peninsula,23,2,0,60.24429722,-151.53888840000005,2122.0,21,23,2,0,21,22,58533,0,0,0,0,1
2020-05-08,US,Alaska,Ketchikan Gateway,16,0,0,55.57445008,-130.975561,2130.0,16,16,0,0,16,16,13918,0,0,0,0,0
2020-05-08,US,Alaska,Kodiak Island,1,0,0,57.65529415,-153.7493579,2150.0,1,1,0,0,1,1,13345,0,0,0,0,0
2020-05-08,US,Alaska,Matanuska-Susitna,21,1,0,62.31305045,-149.5741743,2170.0,20,21,1,0,20,21,107610,0,0,0,0,0
2020-05-08,US,Alaska,Nome,1,0,0,64.90320724,-164.0353804,2180.0,1,1,0,0,1,1,10008,0,0,0,0,0
2020-05-08,US,Alaska,Petersburg,4,1,0,57.13978948,-132.9540995,2195.0,3,4,1,0,3,4,3221,0,0,0,0,0
2020-05-08,US,Alaska,Prince of Wales-Hyder,2,0,0,55.76261984,-133.0511621,2198.0,2,2,0,0,2,2,6422,0,0,0,0,0
2020-05-08,US,Alaska,Sitka,1,0,0,57.24124555,-135.3206587,2220.0,1,1,0,0,1,1,8647,0,0,0,0,0
2020-05-08,US,Alaska,Southeast Fairbanks,2,0,0,63.87692095,-143.2127643,2240.0,2,2,0,0,2,2,6918,0,0,0,0,0
2020-05-08,US,Alaska,Yukon-Koyukuk,1,0,0,65.50815459,-151.39073869999999,2290.0,1,1,0,0,1,1,5327,0,0,0,0,0
2020-05-08,US,Arizona,Apache,671,10,0,35.39465006,-109.4892383,4001.0,661,630,7,0,623,612,71818,41,3,0,38,18
2020-05-08,US,Arizona,Cochise,41,1,0,31.87934684,-109.7516088,4003.0,40,40,0,0,40,40,126770,1,1,0,0,0
2020-05-08,US,Arizona,Coconino,659,55,0,35.83883429,-111.77071780000001,4005.0,604,618,49,0,569,588,142854,41,6,0,35,30
2020-05-08,US,Arizona,Gila,19,1,0,33.80190085,-110.8132779,4007.0,18,17,0,0,17,15,53889,2,1,0,1,2
2020-05-08,US,Arizona,Graham,18,0,0,32.93166885,-109.8882178,4009.0,18,19,0,0,19,19,38072,-1,0,0,-1,0
2020-05-08,US,Arizona,Greenlee,2,0,0,33.21498827,-109.2405279,4011.0,2,2,0,0,2,2,9483,0,0,0,0,0
2020-05-08,US,Arizona,La Paz,22,1,0,33.72854224,-113.98100290000001,4012.0,21,20,1,0,19,18,21098,2,0,0,2,2
2020-05-08,US,Arizona,Maricopa,5525,238,0,33.34835867,-112.49181540000001,4013.0,5287,5196,204,0,4992,5138,4410824,329,34,0,295,58
2020-05-08,US,Arizona,Mohave,171,20,0,35.70471703,-113.7577902,4015.0,151,158,19,0,139,150,209550,13,1,0,12,8
2020-05-08,US,Arizona,Navajo,945,35,0,35.3997715,-110.3218983,4017.0,910,912,32,0,880,892,110445,33,3,0,30,20
2020-05-08,US,Arizona,Pima,1520,131,0,32.0971334,-111.7890033,4019.0,1389,1465,118,0,1347,1425,1039073,55,13,0,42,40
2020-05-08,US,Arizona,Pinal,566,19,0,32.90525627,-111.3449483,4021.0,547,530,15,0,515,497,447138,36,4,0,32,33
2020-05-08,US,Arizona,Santa Cruz,38,0,0,31.52508998,-110.8479088,4023.0,38,38,0,0,38,37,46511,0,0,0,0,1
2020-05-08,US,Arizona,Unassigned,0,1,0,0.0,0.0,90004.0,-1,0,1,0,-1,0,,0,0,0,0,0
2020-05-08,US,Arizona,Yavapai,170,4,0,34.59933926,-112.5538588,4025.0,166,152,3,0,149,140,231993,18,1,0,17,12
2020-05-08,US,Arizona,Yuma,159,1,0,32.76895712,-113.90666740000002,4027.0,158,148,1,0,147,134,212128,11,0,0,11,14
2020-05-08,US,Arkansas,Arkansas,2,0,0,34.29145151,-91.37277296,5001.0,2,2,0,0,2,2,17769,0,0,0,0,0
2020-05-08,US,Arkansas,Ashley,17,0,0,33.19153461,-91.76984709999999,5003.0,17,17,0,0,17,17,20046,0,0,0,0,0
2020-05-08,US,Arkansas,Baxter,5,0,0,36.28784385,-92.33782872,5005.0,5,5,0,0,5,5,41619,0,0,0,0,0
2020-05-08,US,Arkansas,Benton,116,0,0,36.33644656,-94.25680817,5007.0,116,113,0,0,113,111,272608,3,0,0,3,2
2020-05-08,US,Arkansas,Boone,4,0,0,36.3084504,-93.09374925,5009.0,4,4,0,0,4,4,37480,0,0,0,0,0
2020-05-08,US,Arkansas,Bradley,11,1,0,33.46755808,-92.15980837,5011.0,10,11,1,0,10,11,10897,0,0,0,0,0
2020-05-08,US,Arkansas,Carroll,6,0,0,36.34038560000001,-93.54270261,5015.0,6,6,0,0,6,6,28223,0,0,0,0,0
2020-05-08,US,Arkansas,Chicot,10,0,0,33.26458973,-91.29539209,5017.0,10,10,0,0,10,10,10438,0,0,0,0,0
2020-05-08,US,Arkansas,Clark,32,0,0,34.04613432,-93.17484713,5019.0,32,32,0,0,32,32,22061,0,0,0,0,0
2020-05-08,US,Arkansas,Clay,3,0,0,36.36826212,-90.4148172,5021.0,3,3,0,0,3,3,14847,0,0,0,0,0
2020-05-08,US,Arkansas,Cleburne,72,4,0,35.53864922,-92.02640019,5023.0,68,72,4,0,68,72,24965,0,0,0,0,0
2020-05-08,US,Arkansas,Cleveland,13,0,0,33.89723187,-92.18537045,5025.0,13,12,0,0,12,11,8018,1,0,0,1,1
2020-05-08,US,Arkansas,Columbia,15,2,0,33.21230701,-93.22642793,5027.0,13,15,2,0,13,15,23537,0,0,0,0,0
2020-05-08,US,Arkansas,Conway,13,1,0,35.26205537,-92.70506566,5029.0,12,13,1,0,12,13,20891,0,0,0,0,0
2020-05-08,US,Arkansas,Craighead,92,0,0,35.83018283,-90.63235729,5031.0,92,92,0,0,92,88,108558,0,0,0,0,4
2020-05-08,US,Arkansas,Crawford,5,0,0,35.58928601,-94.2446814,5033.0,5,5,0,0,5,4,63406,0,0,0,0,1
2020-05-08,US,Arkansas,Crittenden,205,7,0,35.21247318,-90.30839406,5035.0,198,203,7,0,196,202,48342,2,0,0,2,1
2020-05-08,US,Arkansas,Cross,27,0,0,35.29631396,-90.77185818,5037.0,27,27,0,0,27,27,16676,0,0,0,0,0
2020-05-08,US,Arkansas,Dallas,1,0,0,33.97042763,-92.65167437,5039.0,1,1,0,0,1,1,7182,0,0,0,0,0
2020-05-08,US,Arkansas,Desha,16,0,0,33.83011025,-91.25500948,5041.0,16,17,0,0,17,17,11512,-1,0,0,-1,0
2020-05-08,US,Arkansas,Drew,19,1,0,33.59035001,-91.71777921,5043.0,18,19,1,0,18,19,18328,0,0,0,0,0
2020-05-08,US,Arkansas,Faulkner,81,2,0,35.14719007,-92.33717519,5045.0,79,81,2,0,79,78,124806,0,0,0,0,3
2020-05-08,US,Arkansas,Franklin,2,0,0,35.51202821,-93.89299569,5047.0,2,2,0,0,2,2,17810,0,0,0,0,0
2020-05-08,US,Arkansas,Fulton,3,0,0,36.38177105,-91.81729127,5049.0,3,3,0,0,3,3,12269,0,0,0,0,0
2020-05-08,US,Arkansas,Garland,118,1,0,34.57692074,-93.14921604,5051.0,117,118,1,0,117,117,99154,0,0,0,0,1
2020-05-08,US,Arkansas,Grant,15,0,0,34.29017991,-92.42320562,5053.0,15,14,0,0,14,14,18188,1,0,0,1,0
2020-05-08,US,Arkansas,Greene,22,0,0,36.11735460000001,-90.55832668,5055.0,22,22,0,0,22,21,45325,0,0,0,0,1
2020-05-08,US,Arkansas,Hempstead,7,1,0,33.73325583,-93.66935133,5057.0,6,7,1,0,6,7,21741,0,0,0,0,0
2020-05-08,US,Arkansas,Hot Spring,22,0,0,34.31709259,-92.95396325,5059.0,22,22,0,0,22,22,33701,0,0,0,0,0
2020-05-08,US,Arkansas,Howard,14,0,0,34.09007427,-93.9934871,5061.0,14,14,0,0,14,14,13341,0,0,0,0,0
2020-05-08,US,Arkansas,Independence,12,0,0,35.74242707,-91.57001641,5063.0,12,12,0,0,12,11,37678,0,0,0,0,1
2020-05-08,US,Arkansas,Izard,11,0,0,36.09604046,-91.90847954,5065.0,11,11,0,0,11,11,13593,0,0,0,0,0
2020-05-08,US,Arkansas,Jackson,1,0,0,35.59802983,-91.21494602,5067.0,1,1,0,0,1,1,16811,0,0,0,0,0
2020-05-08,US,Arkansas,Jefferson,226,19,0,34.26767081,-91.92619839,5069.0,207,223,19,0,204,217,68114,3,0,0,3,6
2020-05-08,US,Arkansas,Johnson,34,0,0,35.56759135,-93.46036368,5071.0,34,33,0,0,33,31,26742,1,0,0,1,2
2020-05-08,US,Arkansas,Lafayette,9,1,0,33.24116713,-93.60677071,5073.0,8,9,1,0,8,9,6682,0,0,0,0,0
2020-05-08,US,Arkansas,Lawrence,69,4,0,36.04188196,-91.10867198,5075.0,65,69,4,0,65,69,16434,0,0,0,0,0
2020-05-08,US,Arkansas,Lee,4,1,0,34.78498904,-90.78383866,5077.0,3,4,1,0,3,4,8985,0,0,0,0,0
2020-05-08,US,Arkansas,Lincoln,907,6,0,33.95317155,-91.74002806,5079.0,901,899,6,0,893,883,13383,8,0,0,8,16
2020-05-08,US,Arkansas,Logan,3,0,0,35.21413234,-93.71951016,5083.0,3,3,0,0,3,3,21737,0,0,0,0,0
2020-05-08,US,Arkansas,Lonoke,44,0,0,34.75392199,-91.88742357,5085.0,44,44,0,0,44,44,73657,0,0,0,0,0
2020-05-08,US,Arkansas,Madison,1,0,0,36.01038185,-93.72524943,5087.0,1,1,0,0,1,1,16481,0,0,0,0,0
2020-05-08,US,Arkansas,Marion,1,0,0,36.26844485,-92.68451899,5089.0,1,1,0,0,1,1,16722,0,0,0,0,0
2020-05-08,US,Arkansas,Miller,36,1,0,33.31403423,-93.89285258,5091.0,35,35,1,0,34,35,43592,1,0,0,1,0
2020-05-08,US,Arkansas,Mississippi,47,0,0,35.76271485,-90.05194370000002,5093.0,47,42,0,0,42,42,41239,5,0,0,5,0
2020-05-08,US,Arkansas,Monroe,4,0,0,34.6815935,-91.20540287,5095.0,4,4,0,0,4,4,6900,0,0,0,0,0
2020-05-08,US,Arkansas,Montgomery,1,0,0,34.53704874,-93.65824478,5097.0,1,1,0,0,1,1,8924,0,0,0,0,0
2020-05-08,US,Arkansas,Nevada,3,0,0,33.66340119,-93.30632432,5099.0,3,3,0,0,3,2,8326,0,0,0,0,1
2020-05-08,US,Arkansas,Newton,3,0,0,35.91947491,-93.21612969,5101.0,3,3,0,0,3,3,7805,0,0,0,0,0
2020-05-08,US,Arkansas,Ouachita,8,0,0,33.58839816,-92.87795984,5103.0,8,8,0,0,8,7,23606,0,0,0,0,1
2020-05-08,US,Arkansas,Perry,7,0,0,34.945915299999996,-92.94372564,5105.0,7,7,0,0,7,7,10352,0,0,0,0,0
2020-05-08,US,Arkansas,Phillips,4,1,0,34.43268455,-90.84800154,5107.0,3,5,1,0,4,5,18029,-1,0,0,-1,0
2020-05-08,US,Arkansas,Pike,3,0,0,34.16250414,-93.65789349,5109.0,3,3,0,0,3,3,10673,0,0,0,0,0
2020-05-08,US,Arkansas,Poinsett,25,2,0,35.57433534,-90.66268713,5111.0,23,25,2,0,23,25,23974,0,0,0,0,0
2020-05-08,US,Arkansas,Polk,7,0,0,34.48254879,-94.22728802,5113.0,7,7,0,0,7,7,20049,0,0,0,0,0
2020-05-08,US,Arkansas,Pope,47,0,0,35.44871474,-93.03212219,5115.0,47,47,0,0,47,46,64000,0,0,0,0,1
2020-05-08,US,Arkansas,Prairie,2,0,0,34.83624419,-91.55162157,5117.0,2,2,0,0,2,2,8074,0,0,0,0,0
2020-05-08,US,Arkansas,Pulaski,603,22,0,34.77054088,-92.31355101,5119.0,581,588,22,0,566,576,392680,15,0,0,15,12
2020-05-08,US,Arkansas,Randolph,21,0,0,36.3415714,-91.02455531,5121.0,21,21,0,0,21,21,17948,0,0,0,0,0
2020-05-08,US,Arkansas,Saline,72,1,0,34.64916145,-92.67583224,5125.0,71,70,1,0,69,67,121421,2,0,0,2,3
2020-05-08,US,Arkansas,Scott,1,0,0,34.85588887,-94.0632176,5127.0,1,1,0,0,1,1,10319,0,0,0,0,0
2020-05-08,US,Arkansas,Searcy,6,0,0,35.9109364,-92.69936482,5129.0,6,6,0,0,6,6,7958,0,0,0,0,0
2020-05-08,US,Arkansas,Sebastian,14,0,0,35.19605503,-94.27162713,5131.0,14,14,0,0,14,14,127753,0,0,0,0,0
2020-05-08,US,Arkansas,Sevier,16,1,0,33.99780401,-94.2424869,5133.0,15,14,1,0,13,14,17139,2,0,0,2,0
2020-05-08,US,Arkansas,Sharp,8,1,0,36.16258158,-91.47819342,5135.0,7,8,0,0,8,7,17366,0,1,0,-1,1
2020-05-08,US,Arkansas,St. Francis,108,0,0,35.02201976,-90.74828138,5123.0,108,104,0,0,104,98,25439,4,0,0,4,6
2020-05-08,US,Arkansas,Stone,8,0,0,35.86251946,-92.15684085,5137.0,8,8,0,0,8,8,12457,0,0,0,0,0
2020-05-08,US,Arkansas,Unassigned,154,0,0,0.0,0.0,90005.0,154,159,0,0,159,145,,-5,0,0,-5,14
2020-05-08,US,Arkansas,Union,73,1,0,33.16887091,-92.59746952,5139.0,72,73,1,0,72,67,39126,0,0,0,0,6
2020-05-08,US,Arkansas,Van Buren,28,2,0,35.58095779,-92.51295036,5141.0,26,28,2,0,26,28,16603,0,0,0,0,0
2020-05-08,US,Arkansas,Washington,105,3,0,35.976844,-94.21800746,5143.0,102,102,3,0,99,94,236961,3,0,0,3,8
2020-05-08,US,Arkansas,White,35,1,0,35.25688493,-91.74908296,5145.0,34,35,1,0,34,35,78727,0,0,0,0,0
2020-05-08,US,Arkansas,Woodruff,1,0,0,35.18902527,-91.2439489,5147.0,1,1,0,0,1,1,6490,0,0,0,0,0
2020-05-08,US,Arkansas,Yell,7,1,0,35.00292371,-93.41171338,5149.0,6,7,1,0,6,7,21535,0,0,0,0,0
2020-05-08,US,California,Alameda,1961,70,0,37.64629437,-121.8929271,6001.0,1891,1917,67,0,1850,1863,1666753,44,3,0,41,54
2020-05-08,US,California,Alpine,2,0,0,38.59678594,-119.82235940000001,6003.0,2,2,0,0,2,2,1101,0,0,0,0,0
2020-05-08,US,California,Amador,8,0,0,38.44583082,-120.65696000000001,6005.0,8,8,0,0,8,8,39383,0,0,0,0,0
2020-05-08,US,California,Butte,18,0,0,39.66727762,-121.6005252,6007.0,18,18,0,0,18,18,231256,0,0,0,0,0
2020-05-08,US,California,Calaveras,13,0,0,38.20537103,-120.55291299999999,6009.0,13,13,0,0,13,13,45602,0,0,0,0,0
2020-05-08,US,California,Colusa,3,0,0,39.17881957,-122.2331726,6011.0,3,3,0,0,3,3,21627,0,0,0,0,0
2020-05-08,US,California,Contra Costa,1014,29,0,37.91923498,-121.9289527,6013.0,985,999,29,0,970,985,1150215,15,0,0,15,14
2020-05-08,US,California,Del Norte,3,0,0,41.74228275,-123.89740630000001,6015.0,3,3,0,0,3,3,27828,0,0,0,0,0
2020-05-08,US,California,El Dorado,54,0,0,38.77965956,-120.5233166,6017.0,54,54,0,0,54,54,190678,0,0,0,0,0
2020-05-08,US,California,Fresno,813,9,0,36.75733899,-119.6466953,6019.0,804,777,9,0,768,777,994400,36,0,0,36,0
2020-05-08,US,California,Glenn,6,0,0,39.59875897,-122.3938452,6021.0,6,5,0,0,5,5,28047,1,0,0,1,0
2020-05-08,US,California,Humboldt,55,0,0,40.69923009,-123.876044,6023.0,55,55,0,0,55,55,136373,0,0,0,0,0
2020-05-08,US,California,Imperial,512,12,0,33.0393082,-115.36690420000001,6025.0,500,455,11,0,444,419,181827,57,1,0,56,36
2020-05-08,US,California,Inyo,19,1,0,36.51112084,-117.41119779999998,6027.0,18,19,1,0,18,19,17987,0,0,0,0,0
2020-05-08,US,California,Kern,1166,15,0,35.34329425,-118.72777959999999,6029.0,1151,1133,13,0,1120,1073,896764,33,2,0,31,60
2020-05-08,US,California,Kings,244,1,0,36.07409056,-119.8159973,6031.0,243,233,1,0,232,233,151366,11,0,0,11,0
2020-05-08,US,California,Lake,8,0,0,39.10124298,-122.75362439999999,6033.0,8,8,0,0,8,8,64382,0,0,0,0,0
2020-05-08,US,California,Los Angeles,30319,1470,0,34.30828379,-118.22824109999999,6037.0,28849,29511,1418,0,28093,28665,10105518,808,52,0,756,846
2020-05-08,US,California,Madera,62,2,0,37.21513971,-119.76655890000002,6039.0,60,55,2,0,53,55,157672,7,0,0,7,0
2020-05-08,US,California,Marin,255,14,0,38.07122463,-122.72106310000001,6041.0,241,247,14,0,233,247,259666,8,0,0,8,0
2020-05-08,US,California,Mariposa,15,0,0,37.57978556,-119.9073334,6043.0,15,15,0,0,15,15,17471,0,0,0,0,0
2020-05-08,US,California,Mendocino,12,0,0,39.4381191,-123.39113130000001,6045.0,12,12,0,0,12,12,87606,0,0,0,0,0
2020-05-08,US,California,Merced,157,3,0,37.18922369,-120.72090349999999,6047.0,154,155,3,0,152,152,274765,2,0,0,2,3
2020-05-08,US,California,Mono,28,1,0,37.93899289,-118.8872409,6051.0,27,28,1,0,27,27,14250,0,0,0,0,1
2020-05-08,US,California,Monterey,250,6,0,36.21862405,-121.24133970000001,6053.0,244,247,6,0,241,241,435594,3,0,0,3,6
2020-05-08,US,California,Napa,78,2,0,38.50735751,-122.33283899999999,6055.0,76,78,2,0,76,78,139417,0,0,0,0,0
2020-05-08,US,California,Nevada,41,1,0,39.30394768,-120.76272809999999,6057.0,40,41,1,0,40,41,99696,0,0,0,0,0
2020-05-08,US,California,Orange,3240,71,0,33.70147516,-117.76459979999998,6059.0,3169,3092,66,0,3026,3004,3185968,148,5,0,143,88
2020-05-08,US,California,Placer,165,8,0,39.06167234,-120.72405690000001,6061.0,157,165,8,0,157,163,393149,0,0,0,0,2
2020-05-08,US,California,Plumas,4,0,0,40.00355989,-120.8395236,6063.0,4,4,0,0,4,4,18804,0,0,0,0,0
2020-05-08,US,California,Riverside,4756,192,0,33.74314981,-115.9933578,6065.0,4564,4756,192,0,4564,4672,2450758,0,0,0,0,84
2020-05-08,US,California,Sacramento,1160,50,0,38.45106826,-121.34253740000001,6067.0,1110,1153,49,0,1104,1142,1540975,7,1,0,6,11
2020-05-08,US,California,San Benito,54,2,0,36.60308176,-121.069975,6069.0,52,53,2,0,51,53,61537,1,0,0,1,0
2020-05-08,US,California,San Bernardino,2629,111,0,34.84060306,-116.1774685,6071.0,2518,2562,108,0,2454,2432,2171603,67,3,0,64,130
2020-05-08,US,California,San Diego,4429,165,0,33.03484597,-116.73653259999999,6073.0,4264,4319,158,0,4161,4319,3343364,110,7,0,103,0
2020-05-08,US,California,San Francisco,1853,33,0,37.75215114,-122.43856720000001,6075.0,1820,1806,32,0,1774,1754,883305,47,1,0,46,52
2020-05-08,US,California,San Joaquin,597,28,0,37.93433732,-121.2730061,6077.0,569,581,28,0,553,579,752660,16,0,0,16,2
2020-05-08,US,California,San Luis Obispo,211,1,0,35.38822029,-120.4039028,6079.0,210,211,1,0,210,208,284010,0,0,0,0,3
2020-05-08,US,California,San Mateo,1397,56,0,37.422880799999994,-122.32755459999998,6081.0,1341,1377,56,0,1321,1341,769545,20,0,0,20,36
2020-05-08,US,California,Santa Barbara,722,10,0,34.65329488,-120.0188492,6083.0,712,613,9,0,604,613,446527,109,1,0,108,0
2020-05-08,US,California,Santa Clara,2290,128,0,37.23104908,-121.6970462,6085.0,2162,2281,127,0,2154,2268,1937570,9,1,0,8,13
2020-05-08,US,California,Santa Cruz,140,2,0,37.05580291,-122.0066524,6087.0,138,139,2,0,137,138,274255,1,0,0,1,1
2020-05-08,US,California,Shasta,31,4,0,40.76391419,-122.0396884,6089.0,27,31,4,0,27,31,180040,0,0,0,0,0
2020-05-08,US,California,Siskiyou,5,0,0,41.59198861,-122.54074340000001,6093.0,5,5,0,0,5,5,43724,0,0,0,0,0
2020-05-08,US,California,Solano,342,7,0,38.26827353,-121.9357113,6095.0,335,337,7,0,330,337,446610,5,0,0,5,0
2020-05-08,US,California,Sonoma,292,3,0,38.52746429,-122.88625060000001,6097.0,289,286,3,0,283,272,499942,6,0,0,6,14
2020-05-08,US,California,Stanislaus,476,19,0,37.55862499,-120.9970722,6099.0,457,461,17,0,444,461,549815,15,2,0,13,0
2020-05-08,US,California,Sutter,31,2,0,39.03417539,-121.6945899,6101.0,29,31,2,0,29,31,96807,0,0,0,0,0
2020-05-08,US,California,Tehama,1,1,0,40.12570935,-122.23701709999999,6103.0,0,1,1,0,0,1,63916,0,0,0,0,0
2020-05-08,US,California,Tulare,1013,44,0,36.22026558,-118.8020203,6107.0,969,969,43,0,926,916,465861,44,1,0,43,53
2020-05-08,US,California,Tuolumne,2,0,0,38.02644018,-119.95250929999999,6109.0,2,2,0,0,2,2,54539,0,0,0,0,0
2020-05-08,US,California,Ventura,631,19,0,34.44465746,-119.09106129999999,6111.0,612,631,19,0,612,608,850967,0,0,0,0,23
2020-05-08,US,California,Yolo,172,20,0,38.68278902,-121.90182879999999,6113.0,152,172,20,0,152,172,220408,0,0,0,0,0
2020-05-08,US,California,Yuba,20,1,0,39.26255932,-121.35356440000001,6115.0,19,19,1,0,18,19,78041,1,0,0,1,0
2020-05-08,US,Colorado,Adams,2117,80,0,39.87432092,-104.3362578,8001.0,2037,2046,78,0,1968,1952,511868,71,2,0,69,94
2020-05-08,US,Colorado,Alamosa,25,2,0,37.57250606,-105.7885451,8003.0,23,25,2,0,23,22,16683,0,0,0,0,3
2020-05-08,US,Colorado,Arapahoe,3148,177,0,39.64977461,-104.3353617,8005.0,2971,3089,172,0,2917,2977,651215,59,5,0,54,112
2020-05-08,US,Colorado,Archuleta,8,0,0,37.19474156,-107.0476867,8007.0,8,8,0,0,8,8,13765,0,0,0,0,0
2020-05-08,US,Colorado,Baca,12,0,0,37.31940883,-102.5603223,8009.0,12,12,0,0,12,12,3585,0,0,0,0,0
2020-05-08,US,Colorado,Boulder,743,50,0,40.09313619,-105.3546767,8013.0,693,720,49,0,671,700,326078,23,1,0,22,20
2020-05-08,US,Colorado,Broomfield,191,16,0,39.95998787,-105.0566324,8014.0,175,186,16,0,170,180,69267,5,0,0,5,6
2020-05-08,US,Colorado,Chaffee,68,16,0,38.74745778,-106.19265729999998,8015.0,52,68,16,0,52,68,20027,0,0,0,0,0
2020-05-08,US,Colorado,Cheyenne,2,0,0,38.82777431,-102.6032558,8017.0,2,,,,,,1876,,,,,
2020-05-08,US,Colorado,Clear Creek,14,1,0,39.68864463,-105.6463118,8019.0,13,13,1,0,12,13,9605,1,0,0,1,0
2020-05-08,US,Colorado,Conejos,1,0,0,37.201606,-106.19174879999998,8021.0,1,,,,,,8200,,,,,
2020-05-08,US,Colorado,Costilla,3,0,0,37.27732493,-105.4276548,8023.0,3,3,0,0,3,3,3828,0,0,0,0,0
2020-05-08,US,Colorado,Crowley,25,1,0,38.32608609,-103.7844965,8025.0,24,4,1,0,3,4,5858,21,0,0,21,0
2020-05-08,US,Colorado,Custer,2,0,0,38.10883162,-105.3683478,8027.0,2,2,0,0,2,2,4954,0,0,0,0,0
2020-05-08,US,Colorado,Delta,54,1,0,38.86246243,-107.8631342,8029.0,53,53,1,0,52,52,30953,1,0,0,1,1
2020-05-08,US,Colorado,Denver,3892,202,0,39.76018276,-104.8725695,8031.0,3690,3799,199,0,3600,3674,716492,93,3,0,90,125
2020-05-08,US,Colorado,Douglas,584,27,0,39.33133796,-104.930001,8035.0,557,573,26,0,547,556,342776,11,1,0,10,17
2020-05-08,US,Colorado,Eagle,555,7,0,39.62754308,-106.6933637,8037.0,548,554,7,0,547,552,54993,1,0,0,1,2
2020-05-08,US,Colorado,El Paso,1097,78,0,38.83240149,-104.5251411,8041.0,1019,1079,77,0,1002,1055,713856,18,1,0,17,24
2020-05-08,US,Colorado,Elbert,39,1,0,39.28656773,-104.1358721,8039.0,38,37,1,0,36,37,26282,2,0,0,2,0
2020-05-08,US,Colorado,Fremont,23,0,0,38.47362326,-105.4399667,8043.0,23,23,0,0,23,22,48021,0,0,0,0,1
2020-05-08,US,Colorado,Garfield,102,2,0,39.59921777,-107.902708,8045.0,100,100,2,0,98,99,59770,2,0,0,2,1
2020-05-08,US,Colorado,Gilpin,1,0,0,39.85646523,-105.5252597,8047.0,1,1,0,0,1,1,6121,0,0,0,0,0
2020-05-08,US,Colorado,Grand,5,0,0,40.10603347,-106.1178042,8049.0,5,5,0,0,5,5,15525,0,0,0,0,0
2020-05-08,US,Colorado,Gunnison,173,6,0,38.66611652,-107.0320729,8051.0,167,173,6,0,167,172,17246,0,0,0,0,1
2020-05-08,US,Colorado,Hinsdale,3,0,0,37.82247444,-107.3004345,8053.0,3,3,0,0,3,3,811,0,0,0,0,0
2020-05-08,US,Colorado,Huerfano,3,0,0,37.68473101,-104.9612585,8055.0,3,2,0,0,2,2,6889,1,0,0,1,0
2020-05-08,US,Colorado,Jefferson,1574,93,0,39.58635604,-105.2517692,8059.0,1481,1542,90,0,1452,1507,580233,32,3,0,29,35
2020-05-08,US,Colorado,Kit Carson,24,2,0,39.30497777,-102.6022199,8063.0,22,24,2,0,22,24,7163,0,0,0,0,0
2020-05-08,US,Colorado,La Plata,64,0,0,37.28632032,-107.8429014,8067.0,64,63,0,0,63,63,56310,1,0,0,1,0
2020-05-08,US,Colorado,Lake,23,0,0,39.20278823,-106.3555697,8065.0,23,23,0,0,23,21,7824,0,0,0,0,2
2020-05-08,US,Colorado,Larimer,437,18,0,40.66671597,-105.4625784,8069.0,419,423,18,0,405,415,350518,14,0,0,14,8
2020-05-08,US,Colorado,Las Animas,4,0,0,37.3153406,-104.0376458,8071.0,4,4,0,0,4,4,14503,0,0,0,0,0
2020-05-08,US,Colorado,Lincoln,3,0,0,38.98749519,-103.5136649,8073.0,3,3,0,0,3,3,5610,0,0,0,0,0
2020-05-08,US,Colorado,Logan,350,2,0,40.7249637,-103.110817,8075.0,348,318,2,0,316,295,21528,32,0,0,32,23
2020-05-08,US,Colorado,Mesa,50,0,0,39.01787888,-108.469799,8077.0,50,50,0,0,50,50,153207,0,0,0,0,0
2020-05-08,US,Colorado,Mineral,2,0,0,37.66954283,-106.9281698,8079.0,2,2,0,0,2,2,776,0,0,0,0,0
2020-05-08,US,Colorado,Moffat,6,0,0,40.61810999,-108.2070876,8081.0,6,6,0,0,6,6,13188,0,0,0,0,0
2020-05-08,US,Colorado,Montezuma,23,2,0,37.33859579,-108.5958857,8083.0,21,21,2,0,19,19,26158,2,0,0,2,2
2020-05-08,US,Colorado,Montrose,121,11,0,38.40214114,-108.26390220000002,8085.0,110,114,11,0,103,110,42214,7,0,0,7,4
2020-05-08,US,Colorado,Morgan,463,22,0,40.26279810000001,-103.8093302,8087.0,441,448,22,0,426,439,28558,15,0,0,15,9
2020-05-08,US,Colorado,Otero,10,1,0,37.9014485,-103.7173385,8089.0,9,10,1,0,9,10,18432,0,0,0,0,0
2020-05-08,US,Colorado,Ouray,6,1,0,38.14717457,-107.7675136,8091.0,5,5,1,0,4,5,4833,1,0,0,1,0
2020-05-08,US,Colorado,Out of CO,0,2,0,0.0,0.0,80008.0,-2,0,2,0,-2,0,,0,0,0,0,0
2020-05-08,US,Colorado,Park,15,0,0,39.120926,-105.7182065,8093.0,15,15,0,0,15,15,18556,0,0,0,0,0
2020-05-08,US,Colorado,Phillips,7,0,0,40.59414277,-102.3577703,8095.0,7,7,0,0,7,6,4286,0,0,0,0,1
2020-05-08,US,Colorado,Pitkin,54,2,0,39.21720112,-106.9310027,8097.0,52,54,2,0,52,53,17950,0,0,0,0,1
2020-05-08,US,Colorado,Prowers,8,0,0,37.95544985,-102.3926052,8099.0,8,8,0,0,8,8,12164,0,0,0,0,0
2020-05-08,US,Colorado,Pueblo,170,12,0,38.17359144,-104.5127437,8101.0,158,163,12,0,151,161,167529,7,0,0,7,2
2020-05-08,US,Colorado,Rio Blanco,1,0,0,39.97913541,-108.2179009,8103.0,1,1,0,0,1,1,6336,0,0,0,0,0
2020-05-08,US,Colorado,Rio Grande,7,0,0,37.5836865,-106.3847838,8105.0,7,7,0,0,7,7,11250,0,0,0,0,0
2020-05-08,US,Colorado,Routt,58,6,0,40.48596505,-106.9905548,8107.0,52,58,6,0,52,58,25733,0,0,0,0,0
2020-05-08,US,Colorado,Saguache,4,0,0,38.08054629,-106.282466,8109.0,4,3,0,0,3,3,6843,1,0,0,1,0
2020-05-08,US,Colorado,San Juan,1,0,0,37.76248981,-107.67632890000002,8111.0,1,1,0,0,1,1,762,0,0,0,0,0
2020-05-08,US,Colorado,San Miguel,20,0,0,38.00450883,-108.4020725,8113.0,20,20,0,0,20,20,8191,0,0,0,0,0
2020-05-08,US,Colorado,Summit,156,1,0,39.63803232,-106.1150762,8117.0,155,155,1,0,154,155,31007,1,0,0,1,0
2020-05-08,US,Colorado,Teller,30,2,0,38.88133511,-105.1614893,8119.0,28,30,2,0,28,30,25083,0,0,0,0,0
2020-05-08,US,Colorado,Unassigned,140,3,0,0.0,0.0,90008.0,137,153,3,0,150,164,,-13,0,0,-13,-11
2020-05-08,US,Colorado,Washington,9,0,0,39.97015535,-103.202587,8121.0,9,9,0,0,9,9,4909,0,0,0,0,0
2020-05-08,US,Colorado,Weld,2087,113,0,40.55499405,-104.3929621,8123.0,1974,2042,113,0,1929,1988,314305,45,0,0,45,54
2020-05-08,US,Colorado,Yuma,10,0,0,40.00346839,-102.4258673,8125.0,10,10,0,0,10,9,10020,0,0,0,0,1
2020-05-08,US,Connecticut,Fairfield,12879,1006,0,41.26809896,-73.3881171,9001.0,11873,12679,977,0,11702,12455,943823,200,29,0,171,224
2020-05-08,US,Connecticut,Hartford,6904,884,0,41.80283011,-72.73103891,9003.0,6020,6750,867,0,5883,6530,892697,154,17,0,137,220
2020-05-08,US,Connecticut,Litchfield,1130,103,0,41.7937534,-73.2451475,9005.0,1027,1114,104,0,1010,1085,181111,16,-1,0,17,29
2020-05-08,US,Connecticut,Middlesex,775,108,0,41.45949668,-72.53714864,9007.0,667,764,104,0,660,742,162682,11,4,0,7,22
2020-05-08,US,Connecticut,New Haven,8887,669,0,41.408032500000004,-72.93620426,9009.0,8218,8678,643,0,8035,8419,857620,209,26,0,183,259
2020-05-08,US,Connecticut,New London,755,50,0,41.48896435,-72.10430976,9011.0,705,742,49,0,693,704,266784,13,1,0,12,38
2020-05-08,US,Connecticut,Tolland,530,46,0,41.85853803,-72.3308481,9013.0,484,522,46,0,476,513,150921,8,0,0,8,9
2020-05-08,US,Connecticut,Unassigned,302,3,0,0.0,0.0,90009.0,299,285,2,0,283,305,,17,1,0,16,-20
2020-05-08,US,Connecticut,Windham,249,5,0,41.82972709,-71.98182316,9015.0,244,250,5,0,245,242,117027,-1,0,0,-1,8
2020-05-08,US,Delaware,Kent,963,36,0,39.08646628,-75.56884914,10001.0,927,945,34,0,911,891,178550,18,2,0,16,54
2020-05-08,US,Delaware,New Castle,2184,91,0,39.57992638,-75.64054974,10003.0,2093,2130,89,0,2041,2087,559335,54,2,0,52,43
2020-05-08,US,Delaware,Sussex,2936,86,0,38.66143781,-75.39031349,10005.0,2850,2834,79,0,2755,2764,229286,102,7,0,95,70
2020-05-08,US,Delaware,Unassigned,28,0,0,0.0,0.0,90010.0,28,30,0,0,30,36,,-2,0,0,-2,-6
2020-05-08,US,District of Columbia,District of Columbia,5899,304,0,38.90417773,-77.01655992,11001.0,5595,5654,285,0,5369,5461,702455,245,19,0,226,193
2020-05-08,US,Florida,Alachua,306,5,0,29.67866525,-82.35928158,12001.0,301,300,5,0,295,295,269956,6,0,0,6,5
2020-05-08,US,Florida,Baker,24,3,0,30.33060121,-82.28467476,12003.0,21,22,3,0,19,22,28355,2,0,0,2,0
2020-05-08,US,Florida,Bay,76,3,0,30.26548745,-85.62122584,12005.0,73,76,3,0,73,76,185287,0,0,0,0,0
2020-05-08,US,Florida,Bradford,48,2,0,29.95079741,-82.16611613,12007.0,46,48,2,0,46,48,27732,0,0,0,0,0
2020-05-08,US,Florida,Brevard,326,9,0,28.29409504,-80.73091022,12009.0,317,325,8,0,317,320,596849,1,1,0,0,5
2020-05-08,US,Florida,Broward,5688,248,0,26.15184651,-80.48725556,12011.0,5440,5677,230,0,5447,5553,1951260,11,18,0,-7,124
2020-05-08,US,Florida,Calhoun,24,0,0,30.40666734,-85.19394153,12013.0,24,24,0,0,24,19,14587,0,0,0,0,5
2020-05-08,US,Florida,Charlotte,312,31,0,26.90131002,-81.92949121,12015.0,281,304,30,0,274,294,184998,8,1,0,7,10
2020-05-08,US,Florida,Citrus,102,11,0,28.84804315,-82.47614748,12017.0,91,102,11,0,91,101,147929,0,0,0,0,1
2020-05-08,US,Florida,Clay,293,19,0,29.98319144,-81.85609986,12019.0,274,292,19,0,273,288,216072,1,0,0,1,4
2020-05-08,US,Florida,Collier,712,27,0,26.11091986,-81.34687065,12021.0,685,705,27,0,678,677,378488,7,0,0,7,28
2020-05-08,US,Florida,Columbia,102,2,0,30.22509788,-82.62160164,12023.0,100,101,2,0,99,96,70503,1,0,0,1,5
2020-05-08,US,Florida,DeSoto,42,5,0,27.18677893,-81.80941373,12027.0,37,42,5,0,37,42,37489,0,0,0,0,0
2020-05-08,US,Florida,Dixie,12,0,0,29.60631086,-83.15724673,12029.0,12,11,0,0,11,10,16700,1,0,0,1,1
2020-05-08,US,Florida,Duval,1088,29,0,30.33225875,-81.66976468,12031.0,1059,1083,28,0,1055,1077,950181,5,1,0,4,6
2020-05-08,US,Florida,Escambia,618,18,0,30.67652764,-87.37284571,12033.0,600,616,16,0,600,604,315534,2,2,0,0,12
2020-05-08,US,Florida,Flagler,147,3,0,29.45933576,-81.31508595,12035.0,144,145,4,0,141,142,112067,2,-1,0,3,3
2020-05-08,US,Florida,Franklin,2,0,0,29.83791238,-84.82731662,12037.0,2,2,0,0,2,2,11736,0,0,0,0,0
2020-05-08,US,Florida,Gadsden,123,0,0,30.57796289,-84.61915825,12039.0,123,121,0,0,121,120,45894,2,0,0,2,1
2020-05-08,US,Florida,Gilchrist,6,0,0,29.72856978,-82.79880657,12041.0,6,6,0,0,6,6,18256,0,0,0,0,0
2020-05-08,US,Florida,Glades,6,1,0,26.95635849,-81.18996211,12043.0,5,6,1,0,5,6,13724,0,0,0,0,0
2020-05-08,US,Florida,Gulf,1,0,0,29.93543004,-85.24270990000002,12045.0,1,1,0,0,1,1,16164,0,0,0,0,0
2020-05-08,US,Florida,Hamilton,8,0,0,30.49673973,-82.94998918,12047.0,8,7,0,0,7,7,14310,1,0,0,1,0
2020-05-08,US,Florida,Hardee,35,0,0,27.49293939,-81.80956574,12049.0,35,35,0,0,35,34,27245,0,0,0,0,1
2020-05-08,US,Florida,Hendry,133,5,0,26.55386945,-81.16469006,12051.0,128,129,5,0,124,120,41556,4,0,0,4,9
2020-05-08,US,Florida,Hernando,98,5,0,28.55364461,-82.42700204,12053.0,93,97,5,0,92,97,190865,1,0,0,1,0
2020-05-08,US,Florida,Highlands,93,8,0,27.34254618,-81.34071957,12055.0,85,90,7,0,83,87,105424,3,1,0,2,3
2020-05-08,US,Florida,Hillsborough,1371,37,0,27.9276559,-82.32013172,12057.0,1334,1364,36,0,1328,1331,1436888,7,1,0,6,33
2020-05-08,US,Florida,Holmes,10,0,0,30.86747479,-85.81319222,12059.0,10,10,0,0,10,10,19477,0,0,0,0,0
2020-05-08,US,Florida,Indian River,100,8,0,27.69308961,-80.60556721,12061.0,92,99,8,0,91,99,157413,1,0,0,1,0
2020-05-08,US,Florida,Jackson,74,0,0,30.795459700000002,-85.21500423,12063.0,74,31,0,0,31,23,48305,43,0,0,43,8
2020-05-08,US,Florida,Jefferson,28,2,0,30.43669112,-83.89442308,12065.0,26,28,2,0,26,28,14288,0,0,0,0,0
2020-05-08,US,Florida,Lafayette,3,0,0,29.98484137,-83.18166636,12067.0,3,3,0,0,3,3,8732,0,0,0,0,0
2020-05-08,US,Florida,Lake,237,14,0,28.76202069,-81.7125123,12069.0,223,237,14,0,223,236,356495,0,0,0,0,1
2020-05-08,US,Florida,Lee,1219,62,0,26.58410348,-81.88399313,12071.0,1157,1212,54,0,1158,1176,754610,7,8,0,-1,36
2020-05-08,US,Florida,Leon,249,6,0,30.45955727,-84.27491114,12073.0,243,249,6,0,243,243,292502,0,0,0,0,6
2020-05-08,US,Florida,Levy,20,0,0,29.31829741,-82.74007147,12075.0,20,20,0,0,20,20,40770,0,0,0,0,0
2020-05-08,US,Florida,Liberty,196,0,0,30.23766008,-84.8829258,12077.0,196,114,0,0,114,70,8457,82,0,0,82,44
2020-05-08,US,Florida,Madison,61,3,0,30.44396917,-83.47398594,12079.0,58,61,3,0,58,61,18529,0,0,0,0,0
2020-05-08,US,Florida,Manatee,742,72,0,27.47196942,-82.31831044,12081.0,670,737,68,0,669,722,394855,5,4,0,1,15
2020-05-08,US,Florida,Marion,202,5,0,29.21227113,-82.05803627,12083.0,197,202,5,0,197,196,359977,0,0,0,0,6
2020-05-08,US,Florida,Martin,243,6,0,27.0772071,-80.43109784,12085.0,237,233,6,0,227,224,160912,10,0,0,10,9
2020-05-08,US,Florida,Miami-Dade,13664,468,0,25.6112362,-80.55170587,12086.0,13196,13585,454,0,13131,13371,2761581,79,14,0,65,214
2020-05-08,US,Florida,Monroe,80,3,0,25.20904673,-81.07812416,12087.0,77,80,3,0,77,80,75027,0,0,0,0,0
2020-05-08,US,Florida,Nassau,60,1,0,30.61037141,-81.80297522,12089.0,59,60,1,0,59,60,85832,0,0,0,0,0
2020-05-08,US,Florida,Okaloosa,165,5,0,30.69143028,-86.59267105,12091.0,160,163,5,0,158,162,207269,2,0,0,2,1
2020-05-08,US,Florida,Okeechobee,23,0,0,27.386336199999995,-80.88944347,12093.0,23,22,0,0,22,18,41537,1,0,0,1,4
2020-05-08,US,Florida,Orange,1478,35,0,28.51367621,-81.31799498,12095.0,1443,1474,36,0,1438,1460,1380645,4,-1,0,5,14
2020-05-08,US,Florida,Osceola,554,12,0,28.06312234,-81.14882926,12097.0,542,544,11,0,533,529,367990,10,1,0,9,15
2020-05-08,US,Florida,Palm Beach,3615,229,0,26.64676272,-80.46536002,12099.0,3386,3587,222,0,3365,3480,1485941,28,7,0,21,107
2020-05-08,US,Florida,Pasco,291,9,0,28.30810945,-82.40227529,12101.0,282,289,9,0,280,285,539630,2,0,0,2,4
2020-05-08,US,Florida,Pinellas,828,59,0,27.93130349,-82.72239666,12103.0,769,820,56,0,764,801,975280,8,3,0,5,19
2020-05-08,US,Florida,Polk,601,31,0,27.95027105,-81.69732947,12105.0,570,594,30,0,564,564,708009,7,1,0,6,30
2020-05-08,US,Florida,Putnam,120,4,0,29.60779729,-81.74230285,12107.0,116,120,4,0,116,120,74163,0,0,0,0,0
2020-05-08,US,Florida,Santa Rosa,162,9,0,30.69341450000001,-87.02458128,12113.0,153,160,8,0,152,158,179349,2,1,0,1,2
2020-05-08,US,Florida,Sarasota,416,54,0,27.18546175,-82.33174248,12115.0,362,412,51,0,361,405,426718,4,3,0,1,7
2020-05-08,US,Florida,Seminole,410,10,0,28.7158582,-81.24060348,12117.0,400,410,8,0,402,408,467832,0,2,0,-2,2
2020-05-08,US,Florida,St. Johns,223,4,0,29.90096506,-81.43589967,12109.0,219,222,4,0,218,216,254261,1,0,0,1,6
2020-05-08,US,Florida,St. Lucie,275,25,0,27.37763908,-80.47106649,12111.0,250,271,25,0,246,265,321128,4,0,0,4,6
2020-05-08,US,Florida,Sumter,239,14,0,28.70181754,-82.0794267,12119.0,225,238,14,0,224,234,128754,1,0,0,1,4
2020-05-08,US,Florida,Suwannee,145,18,0,30.19746066,-82.99099670000003,12121.0,127,144,17,0,127,143,44191,1,1,0,0,1
2020-05-08,US,Florida,Taylor,3,0,0,30.04848048,-83.60445406,12123.0,3,3,0,0,3,3,21623,0,0,0,0,0
2020-05-08,US,Florida,Unassigned,33,0,0,0.0,0.0,90012.0,33,33,0,0,33,31,,0,0,0,0,2
2020-05-08,US,Florida,Union,5,0,0,30.04412971,-82.37497443,12125.0,5,5,0,0,5,5,14940,0,0,0,0,0
2020-05-08,US,Florida,Volusia,537,28,0,29.05858895,-81.18263252,12127.0,509,534,27,0,507,526,547538,3,1,0,2,8
2020-05-08,US,Florida,Wakulla,29,1,0,30.16548905,-84.39895211,12129.0,28,29,1,0,28,29,32461,0,0,0,0,0
2020-05-08,US,Florida,Walton,51,1,0,30.64204028,-86.16935664,12131.0,50,50,1,0,49,51,71375,1,0,0,1,-1
2020-05-08,US,Florida,Washington,12,0,0,30.61359259,-85.66002461,12133.0,12,12,0,0,12,12,24880,0,0,0,0,0
2020-05-08,US,Georgia,Appling,89,10,0,31.74847232,-82.28909114,13001.0,79,88,10,0,78,78,18507,1,0,0,1,10
2020-05-08,US,Georgia,Atkinson,20,1,0,31.29633502,-82.87545866,13003.0,19,20,1,0,19,17,8297,0,0,0,0,3
2020-05-08,US,Georgia,Bacon,35,1,0,31.55456473,-82.45936528,13005.0,34,32,1,0,31,29,11185,3,0,0,3,3
2020-05-08,US,Georgia,Baker,31,2,0,31.32669878,-84.44218806,13007.0,29,29,2,0,27,28,3092,2,0,0,2,1
2020-05-08,US,Georgia,Baldwin,271,12,0,33.06882326,-83.24701748,13009.0,259,270,10,0,260,263,44823,1,2,0,-1,7
2020-05-08,US,Georgia,Banks,35,0,0,34.35607081,-83.49644388,13011.0,35,35,0,0,35,32,18988,0,0,0,0,3
2020-05-08,US,Georgia,Barrow,192,5,0,33.99148694,-83.71436292,13013.0,187,191,5,0,186,197,80809,1,0,0,1,-6
2020-05-08,US,Georgia,Bartow,361,31,0,34.23732119,-84.83887523,13015.0,330,360,32,0,328,359,106408,1,-1,0,2,1
2020-05-08,US,Georgia,Ben Hill,39,0,0,31.76095874,-83.22145359,13017.0,39,38,0,0,38,36,16787,1,0,0,1,2
2020-05-08,US,Georgia,Berrien,19,0,0,31.27590016,-83.22529920000002,13019.0,19,19,0,0,19,19,19252,0,0,0,0,0
2020-05-08,US,Georgia,Bibb,384,15,0,32.80904227,-83.70489165,13021.0,369,379,14,0,365,367,153095,5,1,0,4,12
2020-05-08,US,Georgia,Bleckley,26,0,0,32.43829035,-83.33035166,13023.0,26,22,0,0,22,21,12838,4,0,0,4,1
2020-05-08,US,Georgia,Brantley,23,2,0,31.19576557,-81.97743999,13025.0,21,23,2,0,21,22,18897,0,0,0,0,1
2020-05-08,US,Georgia,Brooks,64,7,0,30.83922642,-83.58303423,13027.0,57,64,7,0,57,64,15513,0,0,0,0,0
2020-05-08,US,Georgia,Bryan,59,4,0,32.00979311,-81.44002948,13029.0,55,57,4,0,53,57,38109,2,0,0,2,0
2020-05-08,US,Georgia,Bulloch,42,2,0,32.39577406,-81.74811421,13031.0,40,41,2,0,39,42,77296,1,0,0,1,-1
2020-05-08,US,Georgia,Burke,101,4,0,33.05917989,-81.99928721,13033.0,97,90,3,0,87,89,22423,11,1,0,10,1
2020-05-08,US,Georgia,Butts,171,17,0,33.283094500000004,-83.95435040000002,13035.0,154,167,17,0,150,163,24193,4,0,0,4,4
2020-05-08,US,Georgia,Calhoun,113,5,0,31.53169785,-84.62725131,13037.0,108,110,5,0,105,109,6352,3,0,0,3,1
2020-05-08,US,Georgia,Camden,35,1,0,30.92951916,-81.66601818,13039.0,34,35,1,0,34,34,53677,0,0,0,0,1
2020-05-08,US,Georgia,Candler,7,0,0,32.40209349,-82.07702563,13043.0,7,7,0,0,7,7,10836,0,0,0,0,0
2020-05-08,US,Georgia,Carroll,390,17,0,33.58138199,-85.07976677,13045.0,373,389,16,0,373,391,118121,1,1,0,0,-2
2020-05-08,US,Georgia,Catoosa,52,0,0,34.89872298,-85.13757014,13047.0,52,52,0,0,52,52,67420,0,0,0,0,0
2020-05-08,US,Georgia,Charlton,17,0,0,30.78371028,-82.13951596,13049.0,17,14,0,0,14,13,12968,3,0,0,3,1
2020-05-08,US,Georgia,Chatham,291,12,0,32.00043026,-81.12489526,13051.0,279,285,12,0,273,282,289195,6,0,0,6,3
2020-05-08,US,Georgia,Chattahoochee,12,0,0,32.34341231,-84.78809239,13053.0,12,13,0,0,13,12,10684,-1,0,0,-1,1
2020-05-08,US,Georgia,Chattooga,16,2,0,34.47197698,-85.34535662,13055.0,14,16,2,0,14,15,24790,0,0,0,0,1
2020-05-08,US,Georgia,Cherokee,578,17,0,34.24393976,-84.47431861,13057.0,561,569,17,0,552,544,254149,9,0,0,9,25
2020-05-08,US,Georgia,Clarke,180,13,0,33.95436462,-83.37124007,13059.0,167,176,13,0,163,174,127330,4,0,0,4,2
2020-05-08,US,Georgia,Clay,27,3,0,31.62221166,-84.97713865,13061.0,24,27,3,0,24,27,2887,0,0,0,0,0
2020-05-08,US,Georgia,Clayton,888,34,0,33.54187245,-84.35594188,13063.0,854,878,34,0,844,849,289615,10,0,0,10,29
2020-05-08,US,Georgia,Clinch,16,0,0,30.91395822,-82.70432472,13065.0,16,16,0,0,16,16,6648,0,0,0,0,0
2020-05-08,US,Georgia,Cobb,2072,113,0,33.94243204,-84.5761255,13067.0,1959,2024,108,0,1916,1999,756865,48,5,0,43,25
2020-05-08,US,Georgia,Coffee,171,9,0,31.54892966,-82.85492059999999,13069.0,162,165,8,0,157,159,43093,6,1,0,5,6
2020-05-08,US,Georgia,Colquitt,202,10,0,31.18810588,-83.7677946,13071.0,192,201,10,0,191,198,45592,1,0,0,1,3
2020-05-08,US,Georgia,Columbia,178,5,0,33.54534185,-82.263524,13073.0,173,170,5,0,165,170,154291,8,0,0,8,0
2020-05-08,US,Georgia,Cook,31,1,0,31.16068491,-83.42947229,13075.0,30,31,1,0,30,31,17162,0,0,0,0,0
2020-05-08,US,Georgia,Coweta,257,4,0,33.35334302,-84.76129976,13077.0,253,257,4,0,253,247,145864,0,0,0,0,10
2020-05-08,US,Georgia,Crawford,19,0,0,32.71391813,-83.98061238,13079.0,19,19,0,0,19,19,12318,0,0,0,0,0
2020-05-08,US,Georgia,Crisp,182,6,0,31.92289565,-83.76811843,13081.0,176,181,6,0,175,178,22601,1,0,0,1,3
2020-05-08,US,Georgia,Dade,16,1,0,34.854916700000004,-85.50490424,13083.0,15,16,1,0,15,17,16226,0,0,0,0,-1
2020-05-08,US,Georgia,Dawson,75,1,0,34.44244079,-84.16964071,13085.0,74,73,1,0,72,72,25083,2,0,0,2,1
2020-05-08,US,Georgia,DeKalb,2445,69,0,33.76944049,-84.22396017,13089.0,2376,2396,62,0,2334,2357,756558,49,7,0,42,39
2020-05-08,US,Georgia,Decatur,109,2,0,30.87967778,-84.57619536,13087.0,107,105,2,0,103,105,26575,4,0,0,4,0
2020-05-08,US,Georgia,Dodge,32,1,0,32.17265114,-83.16948926,13091.0,31,31,1,0,30,32,20705,1,0,0,1,-1
2020-05-08,US,Georgia,Dooly,140,12,0,32.15630737,-83.79746561,13093.0,128,135,13,0,122,133,13706,5,-1,0,6,2
2020-05-08,US,Georgia,Dougherty,1583,126,0,31.53328528,-84.21722377,13095.0,1457,1566,126,0,1440,1555,91243,17,0,0,17,11
2020-05-08,US,Georgia,Douglas,398,11,0,33.70291126,-84.77026156,13097.0,387,366,11,0,355,363,145331,32,0,0,32,3
2020-05-08,US,Georgia,Early,224,26,0,31.32155345,-84.90255207,13099.0,198,224,26,0,198,221,10247,0,0,0,0,3
2020-05-08,US,Georgia,Echols,6,0,0,30.71101099,-82.89687287,13101.0,6,6,0,0,6,5,4000,0,0,0,0,1
2020-05-08,US,Georgia,Effingham,37,1,0,32.36616021,-81.34280942,13103.0,36,38,1,0,37,38,62190,-1,0,0,-1,0
2020-05-08,US,Georgia,Elbert,37,0,0,34.11302332,-82.83936148,13105.0,37,34,0,0,34,33,19120,3,0,0,3,1
2020-05-08,US,Georgia,Emanuel,23,1,0,32.59221302,-82.30239915,13107.0,22,23,0,0,23,22,22612,0,1,0,-1,1
2020-05-08,US,Georgia,Evans,5,0,0,32.15328841,-81.8870105,13109.0,5,5,0,0,5,5,10721,0,0,0,0,0
2020-05-08,US,Georgia,Fannin,34,1,0,34.86430205,-84.316964,13111.0,33,34,1,0,33,33,25964,0,0,0,0,1
2020-05-08,US,Georgia,Fayette,190,12,0,33.41357794,-84.49089434,13113.0,178,191,12,0,179,188,113459,-1,0,0,-1,3
2020-05-08,US,Georgia,Floyd,155,12,0,34.26268279,-85.21577392,13115.0,143,155,12,0,143,152,97927,0,0,0,0,3
2020-05-08,US,Georgia,Forsyth,364,10,0,34.22604035,-84.12315129999998,13117.0,354,361,10,0,351,356,236612,3,0,0,3,5
2020-05-08,US,Georgia,Franklin,26,1,0,34.37525597,-83.23159927,13119.0,25,25,1,0,24,25,23023,1,0,0,1,0
2020-05-08,US,Georgia,Fulton,3317,144,0,33.79216944,-84.46319413,13121.0,3173,3258,137,0,3121,3251,1050114,59,7,0,52,7
2020-05-08,US,Georgia,Gilmer,89,0,0,34.69316688,-84.45802506,13123.0,89,89,0,0,89,83,30816,0,0,0,0,6
2020-05-08,US,Georgia,Glascock,1,1,0,33.22879932,-82.61297636,13125.0,0,1,1,0,0,,2995,0,0,0,0,
2020-05-08,US,Georgia,Glynn,72,1,0,31.23279254,-81.53811412,13127.0,71,71,1,0,70,68,85219,1,0,0,1,3
2020-05-08,US,Georgia,Gordon,121,15,0,34.50487351,-84.87296253,13129.0,106,120,15,0,105,118,57685,1,0,0,1,2
2020-05-08,US,Georgia,Grady,83,4,0,30.87454847,-84.23418364,13131.0,79,80,4,0,76,75,24748,3,0,0,3,5
2020-05-08,US,Georgia,Greene,57,5,0,33.5769205,-83.17139104,13133.0,52,56,5,0,51,55,17698,1,0,0,1,1
2020-05-08,US,Georgia,Gwinnett,2323,87,0,33.96044201,-84.02137802,13135.0,2236,2253,84,0,2169,2222,927781,70,3,0,67,31
2020-05-08,US,Georgia,Habersham,386,16,0,34.63331566,-83.53094677,13137.0,370,383,15,0,368,376,45388,3,1,0,2,7
2020-05-08,US,Georgia,Hall,1997,28,0,34.32207823,-83.81896936,13139.0,1969,1958,27,0,1931,1914,202148,39,1,0,38,44
2020-05-08,US,Georgia,Hancock,119,3,0,33.2721566,-82.99766919,13141.0,116,117,3,0,114,110,8348,2,0,0,2,7
2020-05-08,US,Georgia,Haralson,32,2,0,33.79602175,-85.21005667,13143.0,30,32,2,0,30,31,29533,0,0,0,0,1
2020-05-08,US,Georgia,Harris,62,2,0,32.73709786,-84.90538572,13145.0,60,61,2,0,59,60,34475,1,0,0,1,1
2020-05-08,US,Georgia,Hart,15,0,0,34.34626973,-82.96567682,13147.0,15,15,0,0,15,15,26099,0,0,0,0,0
2020-05-08,US,Georgia,Heard,14,1,0,33.29686567,-85.12886832,13149.0,13,14,1,0,13,14,11879,0,0,0,0,0
2020-05-08,US,Georgia,Henry,566,14,0,33.4533428,-84.14814659999998,13151.0,552,559,14,0,545,546,230220,7,0,0,7,13
2020-05-08,US,Georgia,Houston,284,15,0,32.45802497,-83.66879087,13153.0,269,281,15,0,266,274,155469,3,0,0,3,7
2020-05-08,US,Georgia,Irwin,21,1,0,31.60213036,-83.27501387,13155.0,20,21,1,0,20,20,9398,0,0,0,0,1
2020-05-08,US,Georgia,Jackson,122,3,0,34.13794553,-83.56814788,13157.0,119,119,3,0,116,117,70422,3,0,0,3,2
2020-05-08,US,Georgia,Jasper,26,0,0,33.31535543,-83.68844964,13159.0,26,26,0,0,26,26,14040,0,0,0,0,0
2020-05-08,US,Georgia,Jeff Davis,24,1,0,31.80405727,-82.63724870000001,13161.0,23,22,1,0,21,22,15029,2,0,0,2,0
2020-05-08,US,Georgia,Jefferson,17,1,0,33.05867328,-82.41609057,13163.0,16,17,1,0,16,17,15430,0,0,0,0,0
2020-05-08,US,Georgia,Jenkins,17,1,0,32.79248718,-81.96040187,13165.0,16,17,1,0,16,17,8683,0,0,0,0,0
2020-05-08,US,Georgia,Johnson,65,2,0,32.70211082,-82.66166794,13167.0,63,64,2,0,62,64,9708,1,0,0,1,0
2020-05-08,US,Georgia,Jones,31,0,0,33.02512137,-83.56019163,13169.0,31,31,0,0,31,31,28616,0,0,0,0,0
2020-05-08,US,Georgia,Lamar,39,1,0,33.07841647,-84.14263877,13171.0,38,38,1,0,37,39,19000,1,0,0,1,-1
2020-05-08,US,Georgia,Lanier,10,2,0,31.03828570000001,-83.06472457,13173.0,8,10,1,0,9,10,10340,0,1,0,-1,0
2020-05-08,US,Georgia,Laurens,77,1,0,32.46325233,-82.92221316,13175.0,76,72,1,0,71,70,47325,5,0,0,5,2
2020-05-08,US,Georgia,Lee,339,22,0,31.779330600000005,-84.14324253,13177.0,317,339,22,0,317,338,29764,0,0,0,0,1
2020-05-08,US,Georgia,Liberty,43,0,0,31.82588896,-81.49251135,13179.0,43,41,0,0,41,39,61497,2,0,0,2,2
2020-05-08,US,Georgia,Lincoln,12,0,0,33.79201475,-82.45024131,13181.0,12,12,0,0,12,12,7915,0,0,0,0,0
2020-05-08,US,Georgia,Long,5,0,0,31.75218791,-81.74952375,13183.0,5,5,0,0,5,5,18998,0,0,0,0,0
2020-05-08,US,Georgia,Lowndes,183,4,0,30.83568832,-83.27056716,13185.0,179,173,4,0,169,170,116321,10,0,0,10,3
2020-05-08,US,Georgia,Lumpkin,76,1,0,34.57286511,-84.00425681,13187.0,75,76,1,0,75,72,32955,0,0,0,0,4
2020-05-08,US,Georgia,Macon,81,4,0,32.35207048,-84.04234127,13193.0,77,81,3,0,78,81,13143,0,1,0,-1,0
2020-05-08,US,Georgia,Madison,28,1,0,34.12920917,-83.21218732,13195.0,27,28,1,0,27,27,29650,0,0,0,0,1
2020-05-08,US,Georgia,Marion,39,1,0,32.3483402,-84.52733571,13197.0,38,37,1,0,36,37,8351,2,0,0,2,0
2020-05-08,US,Georgia,McDuffie,50,4,0,33.47851918,-82.48252774,13189.0,46,50,4,0,46,50,21531,0,0,0,0,0
2020-05-08,US,Georgia,McIntosh,6,0,0,31.49683595,-81.40163426,13191.0,6,6,0,0,6,5,14340,0,0,0,0,1
2020-05-08,US,Georgia,Meriwether,62,1,0,33.04163534,-84.68859732,13199.0,61,61,1,0,60,59,21068,1,0,0,1,2
2020-05-08,US,Georgia,Miller,31,0,0,31.16568912,-84.73151117,13201.0,31,30,0,0,30,30,5686,1,0,0,1,0
2020-05-08,US,Georgia,Mitchell,341,31,0,31.22483255,-84.19381821,13205.0,310,340,31,0,309,336,22192,1,0,0,1,4
2020-05-08,US,Georgia,Monroe,34,4,0,33.014289,-83.92097166,13207.0,30,34,4,0,30,33,27520,0,0,0,0,1
2020-05-08,US,Georgia,Montgomery,4,0,0,32.17201038,-82.53527476,13209.0,4,2,0,0,2,2,9193,2,0,0,2,0
2020-05-08,US,Georgia,Morgan,30,0,0,33.59232073,-83.49129491,13211.0,30,30,0,0,30,30,18853,0,0,0,0,0
2020-05-08,US,Georgia,Murray,45,1,0,34.78897608,-84.74993177,13213.0,44,41,1,0,40,35,39921,4,0,0,4,6
2020-05-08,US,Georgia,Muscogee,363,12,0,32.50931999,-84.87142262,13215.0,351,354,12,0,342,348,194160,9,0,0,9,6
2020-05-08,US,Georgia,Newton,240,8,0,33.55514538,-83.84547140000002,13217.0,232,236,8,0,228,232,109541,4,0,0,4,4
2020-05-08,US,Georgia,Oconee,66,0,0,33.83749973,-83.43679568,13219.0,66,67,0,0,67,67,39272,-1,0,0,-1,0
2020-05-08,US,Georgia,Oglethorpe,56,4,0,33.878629600000004,-83.08278123,13221.0,52,53,3,0,50,51,15054,3,1,0,2,2
2020-05-08,US,Georgia,Out of GA,1088,22,0,0.0,0.0,80013.0,1066,1089,19,0,1070,1017,,-1,3,0,-4,72
2020-05-08,US,Georgia,Paulding,221,10,0,33.91969522,-84.86848792,13223.0,211,218,10,0,208,212,164044,3,0,0,3,6
2020-05-08,US,Georgia,Peach,62,2,0,32.56934316,-83.82937,13225.0,60,61,2,0,59,61,27297,1,0,0,1,0
2020-05-08,US,Georgia,Pickens,32,2,0,34.46589159,-84.46406611,13227.0,30,31,2,0,29,29,31980,1,0,0,1,2
2020-05-08,US,Georgia,Pierce,59,3,0,31.35928155,-82.21598442,13229.0,56,59,3,0,56,58,19389,0,0,0,0,1
2020-05-08,US,Georgia,Pike,41,2,0,33.09310242,-84.38790389,13231.0,39,41,2,0,39,40,18634,0,0,0,0,1
2020-05-08,US,Georgia,Polk,65,0,0,34.00267074,-85.18677781,13233.0,65,64,0,0,64,64,42470,1,0,0,1,0
2020-05-08,US,Georgia,Pulaski,35,1,0,32.23334561,-83.47549959999998,13235.0,34,34,1,0,33,33,11069,1,0,0,1,1
2020-05-08,US,Georgia,Putnam,54,6,0,33.32056115,-83.37552891,13237.0,48,52,5,0,47,51,21809,2,1,0,1,1
2020-05-08,US,Georgia,Quitman,6,1,0,31.86728114,-85.01773177,13239.0,5,6,1,0,5,6,2279,0,0,0,0,0
2020-05-08,US,Georgia,Rabun,13,1,0,34.88389445,-83.40304637,13241.0,12,13,1,0,12,13,16867,0,0,0,0,0
2020-05-08,US,Georgia,Randolph,167,21,0,31.76622818,-84.75732369,13243.0,146,167,20,0,147,167,6833,0,1,0,-1,0
2020-05-08,US,Georgia,Richmond,441,16,0,33.35777107,-82.07026432,13245.0,425,436,15,0,421,429,201554,5,1,0,4,7
2020-05-08,US,Georgia,Rockdale,228,7,0,33.65145002,-84.02202167,13247.0,221,226,7,0,219,223,90594,2,0,0,2,3
2020-05-08,US,Georgia,Schley,15,1,0,32.2654021,-84.31258912,13249.0,14,15,1,0,14,15,5236,0,0,0,0,0
2020-05-08,US,Georgia,Screven,17,1,0,32.74976524,-81.60779441,13251.0,16,17,1,0,16,16,13938,0,0,0,0,1
2020-05-08,US,Georgia,Seminole,34,2,0,30.93464824,-84.86823924,13253.0,32,33,2,0,31,32,8315,1,0,0,1,1
2020-05-08,US,Georgia,Spalding,227,11,0,33.26310031,-84.28013991,13255.0,216,224,11,0,213,223,66100,3,0,0,3,1
2020-05-08,US,Georgia,Stephens,91,1,0,34.55151201,-83.29405315,13257.0,90,91,1,0,90,91,26035,0,0,0,0,0
2020-05-08,US,Georgia,Stewart,30,0,0,32.07996777,-84.83208037,13259.0,30,27,0,0,27,26,6199,3,0,0,3,1
2020-05-08,US,Georgia,Sumter,391,32,0,32.03650571,-84.19821492,13261.0,359,387,29,0,358,385,29733,4,3,0,1,2
2020-05-08,US,Georgia,Talbot,26,1,0,32.69642758,-84.53351366,13263.0,25,26,1,0,25,24,6272,0,0,0,0,2
2020-05-08,US,Georgia,Taliaferro,1,0,0,33.56543317,-82.88136816,13265.0,1,1,0,0,1,1,1608,0,0,0,0,0
2020-05-08,US,Georgia,Tattnall,9,0,0,32.04785085,-82.05539188,13267.0,9,9,0,0,9,9,25391,0,0,0,0,0
2020-05-08,US,Georgia,Taylor,18,2,0,32.55792548,-84.25077141,13269.0,16,18,2,0,16,18,8039,0,0,0,0,0
2020-05-08,US,Georgia,Telfair,28,0,0,31.92829517,-82.93491155,13271.0,28,28,0,0,28,28,15876,0,0,0,0,0
2020-05-08,US,Georgia,Terrell,198,21,0,31.77527543,-84.44069698,13273.0,177,195,21,0,174,193,8611,3,0,0,3,2
2020-05-08,US,Georgia,Thomas,239,26,0,30.86392347,-83.91847289,13275.0,213,227,22,0,205,219,44448,12,4,0,8,8
2020-05-08,US,Georgia,Tift,145,6,0,31.45743864,-83.5236119,13277.0,139,139,6,0,133,136,40571,6,0,0,6,3
2020-05-08,US,Georgia,Toombs,39,3,0,32.12059861,-82.32957247,13279.0,36,39,3,0,36,37,26887,0,0,0,0,2
2020-05-08,US,Georgia,Towns,20,1,0,34.91369188,-83.74107459999998,13281.0,19,20,1,0,19,20,11852,0,0,0,0,0
2020-05-08,US,Georgia,Treutlen,5,0,0,32.40422134,-82.56904553,13283.0,5,5,0,0,5,4,6809,0,0,0,0,1
2020-05-08,US,Georgia,Troup,176,5,0,33.03349196,-85.02812115,13285.0,171,171,5,0,166,168,70034,5,0,0,5,3
2020-05-08,US,Georgia,Turner,74,12,0,31.71612656,-83.62069378,13287.0,62,73,11,0,62,71,7912,1,1,0,0,2
2020-05-08,US,Georgia,Twiggs,8,0,0,32.67435595,-83.43078662,13289.0,8,8,0,0,8,8,8188,0,0,0,0,0
2020-05-08,US,Georgia,Unassigned,854,0,0,0.0,0.0,90013.0,854,850,0,0,850,528,,4,0,0,4,322
2020-05-08,US,Georgia,Union,34,1,0,34.82995757,-83.98967069,13291.0,33,33,1,0,32,32,24001,1,0,0,1,1
2020-05-08,US,Georgia,Upson,247,24,0,32.87920671,-84.30024826,13293.0,223,246,24,0,222,245,26215,1,0,0,1,1
2020-05-08,US,Georgia,Walker,62,0,0,34.73376362,-85.30165174,13295.0,62,61,0,0,61,61,69410,1,0,0,1,0
2020-05-08,US,Georgia,Walton,148,6,0,33.78017694,-83.73552314,13297.0,142,148,5,0,143,143,93503,0,1,0,-1,5
2020-05-08,US,Georgia,Ware,155,12,0,31.05449097,-82.42224148,13299.0,143,148,13,0,135,145,35680,7,-1,0,8,3
2020-05-08,US,Georgia,Warren,15,0,0,33.41146451,-82.67795848,13301.0,15,13,0,0,13,13,5251,2,0,0,2,0
2020-05-08,US,Georgia,Washington,53,1,0,32.96711864,-82.79357039,13303.0,52,51,1,0,50,46,20386,2,0,0,2,5
2020-05-08,US,Georgia,Wayne,13,0,0,31.5521809,-81.91894878,13305.0,13,13,0,0,13,13,29808,0,0,0,0,0
2020-05-08,US,Georgia,Webster,10,2,0,32.04066113,-84.54742852,13307.0,8,10,2,0,8,10,2611,0,0,0,0,0
2020-05-08,US,Georgia,Wheeler,5,0,0,32.12009104,-82.72574721,13309.0,5,5,0,0,5,5,7879,0,0,0,0,0
2020-05-08,US,Georgia,White,86,1,0,34.64624278,-83.74905525,13311.0,85,87,2,0,85,83,29970,-1,-1,0,0,4
2020-05-08,US,Georgia,Whitfield,140,6,0,34.80987459,-84.96093476,13313.0,134,141,6,0,135,135,104062,-1,0,0,-1,6
2020-05-08,US,Georgia,Wilcox,94,12,0,31.97496928,-83.43438555,13315.0,82,92,12,0,80,90,8812,2,0,0,2,2
2020-05-08,US,Georgia,Wilkes,26,0,0,33.78290391,-82.74286107,13317.0,26,26,0,0,26,26,9876,0,0,0,0,0
2020-05-08,US,Georgia,Wilkinson,40,2,0,32.80291082,-83.17140684,13319.0,38,40,2,0,38,41,9036,0,0,0,0,-1
2020-05-08,US,Georgia,Worth,180,13,0,31.55162306,-83.85090513,13321.0,167,179,13,0,166,175,20299,1,0,0,1,4
2020-05-08,US,Hawaii,Hawaii,74,0,0,19.60121157,-155.5210167,15001.0,74,74,0,0,74,74,200983,0,0,0,0,0
2020-05-08,US,Hawaii,Honolulu,408,11,0,21.45803166,-157.97121819999995,15003.0,397,408,11,0,397,405,980080,0,0,0,0,3
2020-05-08,US,Hawaii,Kauai,21,0,0,22.03935037,-159.5966786,15007.0,21,21,0,0,21,21,72133,0,0,0,0,0
2020-05-08,US,Hawaii,Maui,116,6,0,20.86399628,-156.56890969999995,15009.0,110,116,6,0,110,116,167207,0,0,0,0,0
2020-05-08,US,Hawaii,Out of HI,10,0,0,0.0,0.0,80015.0,10,10,0,0,10,10,,0,0,0,0,0
2020-05-08,US,Idaho,Ada,721,19,0,43.4526575,-116.24155159999998,16001.0,702,721,19,0,702,717,469966,0,0,0,0,4
2020-05-08,US,Idaho,Adams,3,0,0,44.89333571,-116.4545247,16003.0,3,3,0,0,3,3,4250,0,0,0,0,0
2020-05-08,US,Idaho,Bannock,12,0,0,42.67002716,-112.2233311,16005.0,12,12,0,0,12,12,87138,0,0,0,0,0
2020-05-08,US,Idaho,Bingham,4,0,0,43.21672879999999,-112.3978437,16011.0,4,4,0,0,4,4,46236,0,0,0,0,0
2020-05-08,US,Idaho,Blaine,499,5,0,43.4085812,-113.9752658,16013.0,494,499,5,0,494,499,22601,0,0,0,0,0
2020-05-08,US,Idaho,Bonner,4,0,0,48.29996017,-116.6017932,16017.0,4,4,0,0,4,4,44727,0,0,0,0,0
2020-05-08,US,Idaho,Bonneville,28,0,0,43.38713372,-111.6161537,16019.0,28,28,0,0,28,28,116854,0,0,0,0,0
2020-05-08,US,Idaho,Camas,1,0,0,43.46665742,-114.8065892,16025.0,1,1,0,0,1,1,1127,0,0,0,0,0
2020-05-08,US,Idaho,Canyon,272,6,0,43.61970148,-116.70954990000001,16027.0,266,272,6,0,266,270,223499,0,0,0,0,2
2020-05-08,US,Idaho,Caribou,1,0,0,42.77149116,-111.5597683,16029.0,1,1,0,0,1,1,7060,0,0,0,0,0
2020-05-08,US,Idaho,Cassia,13,1,0,42.28347888,-113.6012409,16031.0,12,13,1,0,12,13,23864,0,0,0,0,0
2020-05-08,US,Idaho,Custer,2,0,0,44.24186819,-114.2855494,16037.0,2,2,0,0,2,2,4280,0,0,0,0,0
2020-05-08,US,Idaho,Elmore,31,2,0,43.3507101,-115.4701578,16039.0,29,31,2,0,29,31,27259,0,0,0,0,0
2020-05-08,US,Idaho,Fremont,3,0,0,44.22800938,-111.48099429999999,16043.0,3,3,0,0,3,3,13168,0,0,0,0,0
2020-05-08,US,Idaho,Gem,14,0,0,44.06482372,-116.398376,16045.0,14,14,0,0,14,14,17634,0,0,0,0,0
2020-05-08,US,Idaho,Gooding,16,0,0,42.96927962,-114.81083059999999,16047.0,16,16,0,0,16,14,15196,0,0,0,0,2
2020-05-08,US,Idaho,Idaho,3,0,0,45.84721541,-115.4634436,16049.0,3,3,0,0,3,3,16513,0,0,0,0,0
2020-05-08,US,Idaho,Jefferson,5,0,0,43.82078483,-112.3131749,16051.0,5,5,0,0,5,5,29439,0,0,0,0,0
2020-05-08,US,Idaho,Jerome,65,2,0,42.68891267,-114.2655033,16053.0,63,65,2,0,63,64,24015,0,0,0,0,1
2020-05-08,US,Idaho,Kootenai,62,0,0,47.67282258,-116.7020872,16055.0,62,62,0,0,62,62,161505,0,0,0,0,0
2020-05-08,US,Idaho,Latah,5,0,0,46.81587887,-116.71136979999999,16057.0,5,5,0,0,5,5,40134,0,0,0,0,0
2020-05-08,US,Idaho,Lemhi,1,0,0,44.9438088,-113.9309747,16059.0,1,1,0,0,1,1,7961,0,0,0,0,0
2020-05-08,US,Idaho,Lincoln,29,0,0,43.0012336,-114.1358773,16063.0,29,29,0,0,29,29,5360,0,0,0,0,0
2020-05-08,US,Idaho,Madison,16,0,0,43.78141028,-111.65384740000002,16065.0,16,16,0,0,16,13,39304,0,0,0,0,3
2020-05-08,US,Idaho,Minidoka,11,0,0,42.85518524,-113.6357257,16067.0,11,11,0,0,11,11,20825,0,0,0,0,0
2020-05-08,US,Idaho,Nez Perce,78,19,0,46.32638236,-116.75009750000001,16069.0,59,78,19,0,59,78,40408,0,0,0,0,0
2020-05-08,US,Idaho,Owyhee,8,0,0,42.58016894,-116.16938710000001,16073.0,8,8,0,0,8,8,11693,0,0,0,0,0
2020-05-08,US,Idaho,Payette,17,2,0,44.00545243,-116.7647695,16075.0,15,17,2,0,15,17,23551,0,0,0,0,0
2020-05-08,US,Idaho,Power,2,0,0,42.69254894,-112.83957420000002,16077.0,2,2,0,0,2,2,7768,0,0,0,0,0
2020-05-08,US,Idaho,Teton,10,0,0,43.75303583,-111.2056773,16081.0,10,10,0,0,10,10,11640,0,0,0,0,0
2020-05-08,US,Idaho,Twin Falls,239,11,0,42.35440512,-114.6685381,16083.0,228,239,11,0,228,231,86081,0,0,0,0,8
2020-05-08,US,Idaho,Valley,2,0,0,44.76728382,-115.5676773,16085.0,2,2,0,0,2,2,11041,0,0,0,0,0
2020-05-08,US,Idaho,Washington,1,0,0,44.45275475,-116.78476880000001,16087.0,1,1,0,0,1,1,10161,0,0,0,0,0
2020-05-08,US,Illinois,Adams,41,1,0,39.98815591,-91.18786813,17001.0,40,40,1,0,39,40,65691,1,0,0,1,0
2020-05-08,US,Illinois,Alexander,6,0,0,37.18049267,-89.32910838,17003.0,6,6,0,0,6,6,6060,0,0,0,0,0
2020-05-08,US,Illinois,Bond,8,1,0,38.88829622,-89.43534887,17005.0,7,8,1,0,7,8,16630,0,0,0,0,0
2020-05-08,US,Illinois,Boone,177,12,0,42.32359279,-88.82345779,17007.0,165,168,11,0,157,155,53577,9,1,0,8,13
2020-05-08,US,Illinois,Brown,6,0,0,39.96209138,-90.75068024,17009.0,6,6,0,0,6,6,6556,0,0,0,0,0
2020-05-08,US,Illinois,Bureau,13,1,0,41.40385234,-89.5283051,17011.0,12,12,1,0,11,12,32993,1,0,0,1,0
2020-05-08,US,Illinois,Calhoun,1,0,0,39.16840183,-90.66330078,17013.0,1,1,0,0,1,1,4802,0,0,0,0,0
2020-05-08,US,Illinois,Carroll,10,2,0,42.06823429,-89.93395545,17015.0,8,10,2,0,8,10,14312,0,0,0,0,0
2020-05-08,US,Illinois,Cass,52,0,0,39.96991073,-90.24734436,17017.0,52,50,0,0,50,48,12260,2,0,0,2,2
2020-05-08,US,Illinois,Champaign,247,6,0,40.13919438,-88.20046615,17019.0,241,229,6,0,223,212,209983,18,0,0,18,17
2020-05-08,US,Illinois,Christian,29,4,0,39.54581621,-89.27780482,17021.0,25,27,4,0,23,28,32661,2,0,0,2,-1
2020-05-08,US,Illinois,Clark,5,0,0,39.33425789,-87.78705622,17023.0,5,5,0,0,5,5,15596,0,0,0,0,0
2020-05-08,US,Illinois,Clay,2,0,0,38.75388572,-88.48914513,17025.0,2,2,0,0,2,2,13253,0,0,0,0,0
2020-05-08,US,Illinois,Clinton,125,8,0,38.60704876,-89.42385254,17027.0,117,122,8,0,114,116,37639,3,0,0,3,6
2020-05-08,US,Illinois,Coles,22,1,0,39.51949084,-88.22358557,17029.0,21,22,1,0,21,22,50885,0,0,0,0,0
2020-05-08,US,Illinois,Cook,50236,2197,0,41.84144849,-87.81658794,17031.0,48039,48341,2110,0,46231,46689,5180493,1895,87,0,1808,1652
2020-05-08,US,Illinois,Crawford,10,0,0,39.0032229,-87.75954624,17033.0,10,10,0,0,10,10,18807,0,0,0,0,0
2020-05-08,US,Illinois,Cumberland,4,0,0,39.27432424,-88.2401158,17035.0,4,4,0,0,4,4,10808,0,0,0,0,0
2020-05-08,US,Illinois,De Witt,3,0,0,40.17514519,-88.90959682,17039.0,3,3,0,0,3,3,15769,0,0,0,0,0
2020-05-08,US,Illinois,DeKalb,160,1,0,41.89373302,-88.76958483,17037.0,159,149,1,0,148,141,104143,11,0,0,11,8
2020-05-08,US,Illinois,Douglas,20,0,0,39.76768052,-88.21854195,17041.0,20,20,0,0,20,20,19479,0,0,0,0,0
2020-05-08,US,Illinois,DuPage,4374,236,0,41.85116968,-88.08642662,17043.0,4138,4213,228,0,3985,4056,928589,161,8,0,153,157
2020-05-08,US,Illinois,Effingham,5,1,0,39.05935711,-88.58969584,17049.0,4,5,1,0,4,5,34208,0,0,0,0,0
2020-05-08,US,Illinois,Fayette,17,2,0,39.00072038,-89.02452658,17051.0,15,17,2,0,15,16,21416,0,0,0,0,1
2020-05-08,US,Illinois,Ford,12,1,0,40.59706922,-88.22350769,17053.0,11,12,1,0,11,11,13264,0,0,0,0,1
2020-05-08,US,Illinois,Franklin,10,0,0,37.99189086,-88.92567818,17055.0,10,10,0,0,10,10,38701,0,0,0,0,0
2020-05-08,US,Illinois,Fulton,3,0,0,40.47289135,-90.20862357,17057.0,3,3,0,0,3,3,34844,0,0,0,0,0
2020-05-08,US,Illinois,Gallatin,2,0,0,37.76430935,-88.22953869,17059.0,2,2,0,0,2,2,5058,0,0,0,0,0
2020-05-08,US,Illinois,Greene,4,0,0,39.35907414,-90.388865,17061.0,4,3,0,0,3,3,13044,1,0,0,1,0
2020-05-08,US,Illinois,Grundy,55,1,0,41.28569601,-88.41905692,17063.0,54,50,0,0,50,48,50972,5,1,0,4,2
2020-05-08,US,Illinois,Hamilton,2,0,0,38.08163641,-88.53883373,17065.0,2,2,0,0,2,2,8163,0,0,0,0,0
2020-05-08,US,Illinois,Hancock,11,0,0,40.40423981,-91.16313899,17067.0,11,10,0,0,10,10,17844,1,0,0,1,0
2020-05-08,US,Illinois,Hardin,1,0,0,37.51810645,-88.26873022,17069.0,1,1,0,0,1,1,3910,0,0,0,0,0
2020-05-08,US,Illinois,Henderson,6,0,0,40.81908672,-90.92491462,17071.0,6,5,0,0,5,5,6709,1,0,0,1,0
2020-05-08,US,Illinois,Henry,59,0,0,41.3533994,-90.13296166,17073.0,59,55,0,0,55,54,49090,4,0,0,4,1
2020-05-08,US,Illinois,Iroquois,84,1,0,40.74717633,-87.82466784,17075.0,83,77,1,0,76,62,27604,7,0,0,7,15
2020-05-08,US,Illinois,Jackson,161,10,0,37.78595185,-89.38232563,17077.0,151,157,10,0,147,154,57419,4,0,0,4,3
2020-05-08,US,Illinois,Jasper,46,6,0,39.01054275,-88.15437049,17079.0,40,46,5,0,41,46,9611,0,1,0,-1,0
2020-05-08,US,Illinois,Jefferson,89,15,0,38.29980057,-88.9240025,17081.0,74,88,15,0,73,86,37820,1,0,0,1,2
2020-05-08,US,Illinois,Jersey,16,1,0,39.08869046,-90.35393073,17083.0,15,16,1,0,15,15,21847,0,0,0,0,1
2020-05-08,US,Illinois,Jo Daviess,16,0,0,42.36542373,-90.21094405,17085.0,16,14,0,0,14,14,21366,2,0,0,2,0
2020-05-08,US,Illinois,Johnson,4,0,0,37.45939802,-88.88165419,17087.0,4,4,0,0,4,4,12456,0,0,0,0,0
2020-05-08,US,Illinois,Kane,2668,84,0,41.93842729,-88.42861412,17089.0,2584,2498,77,0,2421,2331,534216,170,7,0,163,167
2020-05-08,US,Illinois,Kankakee,458,29,0,41.13746989,-87.86205334,17091.0,429,428,28,0,400,416,110024,30,1,0,29,12
2020-05-08,US,Illinois,Kendall,373,10,0,41.59081014,-88.42869583,17093.0,363,363,10,0,353,346,127915,10,0,0,10,17
2020-05-08,US,Illinois,Knox,69,0,0,40.93148779,-90.21330340000002,17095.0,69,63,0,0,63,61,50112,6,0,0,6,2
2020-05-08,US,Illinois,LaSalle,93,3,0,41.34426129999999,-88.88633881,17099.0,90,91,2,0,89,84,109430,2,1,0,1,7
2020-05-08,US,Illinois,Lake,4985,170,0,42.3224907,-88.00367925,17097.0,4815,4762,165,0,4597,4529,700832,223,5,0,218,233
2020-05-08,US,Illinois,Lawrence,3,0,0,38.71987914,-87.72884035,17101.0,3,3,0,0,3,3,15765,0,0,0,0,0
2020-05-08,US,Illinois,Lee,63,0,0,41.74583951,-89.29977132,17103.0,63,51,0,0,51,49,34223,12,0,0,12,2
2020-05-08,US,Illinois,Livingston,24,1,0,40.89188292,-88.55784752,17105.0,23,24,1,0,23,23,35761,0,0,0,0,1
2020-05-08,US,Illinois,Logan,9,0,0,40.12581572,-89.36638784,17107.0,9,7,0,0,7,7,28925,2,0,0,2,0
2020-05-08,US,Illinois,Macon,138,15,0,39.86064913,-88.96342505,17115.0,123,133,14,0,119,129,104712,5,1,0,4,4
2020-05-08,US,Illinois,Macoupin,38,1,0,39.26119767,-89.92424028,17117.0,37,39,1,0,38,39,45313,-1,0,0,-1,0
2020-05-08,US,Illinois,Madison,401,30,0,38.83042506,-89.90422563,17119.0,371,396,28,0,368,374,264461,5,2,0,3,22
2020-05-08,US,Illinois,Marion,41,0,0,38.64963204,-88.91899208,17121.0,41,40,0,0,40,38,37620,1,0,0,1,2
2020-05-08,US,Illinois,Marshall,4,0,0,41.0327901,-89.34510444,17123.0,4,4,0,0,4,4,11534,0,0,0,0,0
2020-05-08,US,Illinois,Mason,15,0,0,40.23917274,-89.91824452,17125.0,15,15,0,0,15,15,13565,0,0,0,0,0
2020-05-08,US,Illinois,Massac,6,0,0,37.22078441,-88.71036614,17127.0,6,5,0,0,5,4,14080,1,0,0,1,1
2020-05-08,US,Illinois,McDonough,48,2,0,40.45674722,-90.67775541,17109.0,46,46,2,0,44,42,29955,2,0,0,2,4
2020-05-08,US,Illinois,McHenry,897,48,0,42.32451172,-88.45248227,17111.0,849,857,44,0,813,814,308570,40,4,0,36,43
2020-05-08,US,Illinois,McLean,112,3,0,40.48996987,-88.84621113,17113.0,109,110,3,0,107,108,172828,2,0,0,2,2
2020-05-08,US,Illinois,Menard,17,0,0,40.02742725,-89.80246001,17129.0,17,17,0,0,17,16,12288,0,0,0,0,1
2020-05-08,US,Illinois,Mercer,11,0,0,41.20596782,-90.74290052,17131.0,11,11,0,0,11,10,15601,0,0,0,0,1
2020-05-08,US,Illinois,Monroe,79,11,0,38.27594376,-90.17761038,17133.0,68,77,11,0,66,74,34335,2,0,0,2,3
2020-05-08,US,Illinois,Montgomery,34,1,0,39.23198845,-89.47809254,17135.0,33,33,1,0,32,33,28601,1,0,0,1,0
2020-05-08,US,Illinois,Morgan,28,1,0,39.71654544,-90.20255104,17137.0,27,27,1,0,26,26,33976,1,0,0,1,1
2020-05-08,US,Illinois,Moultrie,6,0,0,39.64187451,-88.62099969,17139.0,6,6,0,0,6,6,14717,0,0,0,0,0
2020-05-08,US,Illinois,Ogle,141,1,0,42.04165196,-89.32184679,17141.0,140,139,1,0,138,137,50923,2,0,0,2,2
2020-05-08,US,Illinois,Out of IL,72,2,0,0.0,0.0,80017.0,70,71,3,0,68,68,,1,-1,0,2,3
2020-05-08,US,Illinois,Peoria,132,4,0,40.78702156,-89.76078901,17143.0,128,130,5,0,125,126,180621,2,-1,0,3,4
2020-05-08,US,Illinois,Perry,36,0,0,38.08510853,-89.36856219,17145.0,36,36,0,0,36,35,21174,0,0,0,0,1
2020-05-08,US,Illinois,Piatt,7,0,0,40.01360584,-88.59319339,17147.0,7,7,0,0,7,7,16396,0,0,0,0,0
2020-05-08,US,Illinois,Pike,1,0,0,39.62265059,-90.8877017,17149.0,1,1,0,0,1,1,15611,0,0,0,0,0
2020-05-08,US,Illinois,Pope,1,0,0,37.41391284,-88.56152109,17151.0,1,,,,,,4212,,,,,
2020-05-08,US,Illinois,Pulaski,25,0,0,37.22631423,-89.13085001,17153.0,25,24,0,0,24,23,5463,1,0,0,1,1
2020-05-08,US,Illinois,Randolph,211,2,0,38.05095369,-89.82512254,17157.0,209,206,2,0,204,203,32106,5,0,0,5,3
2020-05-08,US,Illinois,Richland,3,0,0,38.71240969,-88.08475366,17159.0,3,3,0,0,3,3,15763,0,0,0,0,0
2020-05-08,US,Illinois,Rock Island,498,15,0,41.46613806,-90.57042164,17161.0,483,477,15,0,462,465,143477,21,0,0,21,12
2020-05-08,US,Illinois,Saline,5,0,0,37.75332999,-88.54119706,17165.0,5,5,0,0,5,4,23906,0,0,0,0,1
2020-05-08,US,Illinois,Sangamon,253,19,0,39.75836914,-89.65872023,17167.0,234,237,15,0,222,231,195348,16,4,0,12,6
2020-05-08,US,Illinois,Schuyler,5,0,0,40.157179799999994,-90.61114163,17169.0,5,3,0,0,3,2,6907,2,0,0,2,1
2020-05-08,US,Illinois,Shelby,10,1,0,39.39133527,-88.80611122,17173.0,9,10,1,0,9,10,21741,0,0,0,0,0
2020-05-08,US,Illinois,St. Clair,648,46,0,38.46996033,-89.93063427,17163.0,602,623,44,0,579,601,261059,25,2,0,23,22
2020-05-08,US,Illinois,Stark,1,0,0,41.09309773,-89.79745866,17175.0,1,1,0,0,1,1,5427,0,0,0,0,0
2020-05-08,US,Illinois,Stephenson,84,0,0,42.35129217,-89.662598,17177.0,84,78,0,0,78,72,44753,6,0,0,6,6
2020-05-08,US,Illinois,Tazewell,58,4,0,40.50716185,-89.51404662,17179.0,54,54,3,0,51,53,132328,4,1,0,3,1
2020-05-08,US,Illinois,Unassigned,48,0,0,0.0,0.0,90017.0,48,100,0,0,100,105,,-52,0,0,-52,-5
2020-05-08,US,Illinois,Union,58,1,0,37.47119609,-89.25548938,17181.0,57,52,1,0,51,48,16841,6,0,0,6,4
2020-05-08,US,Illinois,Vermilion,25,1,0,40.18417171,-87.73384359,17183.0,24,23,1,0,22,22,76806,2,0,0,2,1
2020-05-08,US,Illinois,Wabash,1,0,0,38.44272901,-87.84922065,17185.0,1,1,0,0,1,1,11549,0,0,0,0,0
2020-05-08,US,Illinois,Warren,93,0,0,40.84925021,-90.6147432,17187.0,93,92,0,0,92,88,17032,1,0,0,1,4
2020-05-08,US,Illinois,Washington,14,0,0,38.35309213,-89.40982703,17189.0,14,14,0,0,14,15,13995,0,0,0,0,-1
2020-05-08,US,Illinois,Wayne,3,0,0,38.42955355,-88.42586459,17191.0,3,2,0,0,2,2,16332,1,0,0,1,0
2020-05-08,US,Illinois,White,2,0,0,38.08706198,-88.17657461,17193.0,2,2,0,0,2,2,13665,0,0,0,0,0
2020-05-08,US,Illinois,Whiteside,101,6,0,41.75509713,-89.91556058,17195.0,95,99,6,0,93,98,55626,2,0,0,2,1
2020-05-08,US,Illinois,Will,3561,199,0,41.44619267,-87.97862712,17197.0,3362,3434,194,0,3240,3332,692310,127,5,0,122,102
2020-05-08,US,Illinois,Williamson,44,1,0,37.73033511,-88.92994027,17199.0,43,42,0,0,42,40,67056,2,1,0,1,2
2020-05-08,US,Illinois,Winnebago,830,21,0,42.33641854,-89.16085327,17201.0,809,759,21,0,738,696,284081,71,0,0,71,63
2020-05-08,US,Illinois,Woodford,15,1,0,40.78579374,-89.20973757,17203.0,14,15,1,0,14,15,38463,0,0,0,0,0
2020-05-08,US,Indiana,Adams,8,1,0,40.7457653,-84.93671406,18001.0,7,8,1,0,7,8,35636,0,0,0,0,0
2020-05-08,US,Indiana,Allen,781,58,0,41.09194313,-85.06800636,18003.0,723,743,58,0,685,718,375351,38,0,0,38,25
2020-05-08,US,Indiana,Bartholomew,331,22,0,39.20744865,-85.89558181,18005.0,309,316,21,0,295,314,82753,15,1,0,14,2
2020-05-08,US,Indiana,Benton,12,0,0,40.60626947,-87.31093999,18007.0,12,12,0,0,12,10,8653,0,0,0,0,2
2020-05-08,US,Indiana,Blackford,13,1,0,40.47388153,-85.32499702,18009.0,12,12,1,0,11,12,11930,1,0,0,1,0
2020-05-08,US,Indiana,Boone,214,27,0,40.0509304,-86.46841646,18011.0,187,211,27,0,184,207,66999,3,0,0,3,4
2020-05-08,US,Indiana,Brown,25,1,0,39.19605589,-86.22868909,18013.0,24,25,1,0,24,21,15234,0,0,0,0,4
2020-05-08,US,Indiana,Carroll,70,2,0,40.580783200000006,-86.56198812,18015.0,68,66,1,0,65,65,20127,4,1,0,3,1
2020-05-08,US,Indiana,Cass,1497,2,0,40.76135835,-86.34830753,18017.0,1495,1469,2,0,1467,1442,37955,28,0,0,28,27
2020-05-08,US,Indiana,Clark,358,23,0,38.48015445,-85.70510334,18019.0,335,355,23,0,332,347,117360,3,0,0,3,8
2020-05-08,US,Indiana,Clay,24,1,0,39.39561833,-87.11723506,18021.0,23,23,1,0,22,23,26170,1,0,0,1,0
2020-05-08,US,Indiana,Clinton,80,1,0,40.30319754,-86.47277257,18023.0,79,75,1,0,74,70,32250,5,0,0,5,5
2020-05-08,US,Indiana,Crawford,20,0,0,38.28814402,-86.44518825,18025.0,20,20,0,0,20,19,10558,0,0,0,0,1
2020-05-08,US,Indiana,Daviess,54,15,0,38.70186039,-87.07185406,18027.0,39,54,15,0,39,52,33147,0,0,0,0,2
2020-05-08,US,Indiana,DeKalb,23,1,0,41.39804622,-84.99906934,18033.0,22,23,1,0,22,23,43226,0,0,0,0,0
2020-05-08,US,Indiana,Dearborn,146,13,0,39.14647946,-84.97333539,18029.0,133,145,13,0,132,140,49568,1,0,0,1,5
2020-05-08,US,Indiana,Decatur,210,28,0,39.30712658,-85.50087166,18031.0,182,208,28,0,180,206,26794,2,0,0,2,2
2020-05-08,US,Indiana,Delaware,214,15,0,40.22787247,-85.39732772,18035.0,199,213,15,0,198,212,114772,1,0,0,1,1
2020-05-08,US,Indiana,Dubois,38,0,0,38.36597551,-86.87924170000002,18037.0,38,35,0,0,35,30,42565,3,0,0,3,5
2020-05-08,US,Indiana,Elkhart,410,16,0,41.59761169,-85.85875695,18039.0,394,387,16,0,371,361,205560,23,0,0,23,26
2020-05-08,US,Indiana,Fayette,34,4,0,39.63684962,-85.17797541,18041.0,30,34,4,0,30,33,23047,0,0,0,0,1
2020-05-08,US,Indiana,Floyd,226,28,0,38.32117957,-85.90385377,18043.0,198,224,28,0,196,218,77781,2,0,0,2,6
2020-05-08,US,Indiana,Fountain,14,2,0,40.12361933,-87.24217689,18045.0,12,14,2,0,12,14,16351,0,0,0,0,0
2020-05-08,US,Indiana,Franklin,104,7,0,39.4142482,-85.06062647,18047.0,97,101,7,0,94,101,22736,3,0,0,3,0
2020-05-08,US,Indiana,Fulton,34,1,0,41.0469907,-86.26252745,18049.0,33,34,1,0,33,34,20092,0,0,0,0,0
2020-05-08,US,Indiana,Gibson,7,0,0,38.30393723,-87.58054938,18051.0,7,7,0,0,7,7,33452,0,0,0,0,0
2020-05-08,US,Indiana,Grant,151,14,0,40.51587228,-85.65468702,18053.0,137,151,13,0,138,149,65936,0,1,0,-1,2
2020-05-08,US,Indiana,Greene,146,9,0,39.03630547,-86.96223202,18055.0,137,132,9,0,123,101,32006,14,0,0,14,31
2020-05-08,US,Indiana,Hamilton,902,78,0,40.07306535,-86.05244729,18057.0,824,894,78,0,816,882,330086,8,0,0,8,12
2020-05-08,US,Indiana,Hancock,246,17,0,39.82304555,-85.77566351,18059.0,229,241,16,0,225,236,76351,5,1,0,4,5
2020-05-08,US,Indiana,Harrison,153,11,0,38.19467379,-86.10948271,18061.0,142,150,11,0,139,145,40350,3,0,0,3,5
2020-05-08,US,Indiana,Hendricks,927,52,0,39.76719009,-86.51037283,18063.0,875,893,49,0,844,883,167009,34,3,0,31,10
2020-05-08,US,Indiana,Henry,70,2,0,39.93029017,-85.39625719,18065.0,68,59,2,0,57,47,48271,11,0,0,11,12
2020-05-08,US,Indiana,Howard,234,9,0,40.48527731,-86.11351892,18067.0,225,225,9,0,216,220,82366,9,0,0,9,5
2020-05-08,US,Indiana,Huntington,13,2,0,40.82907273,-85.48822092,18069.0,11,12,2,0,10,12,36240,1,0,0,1,0
2020-05-08,US,Indiana,Jackson,251,1,0,38.90915820000001,-86.03851889,18071.0,250,219,1,0,218,188,44111,32,0,0,32,31
2020-05-08,US,Indiana,Jasper,36,1,0,41.02078733,-87.11553319,18073.0,35,37,1,0,36,37,33370,-1,0,0,-1,0
2020-05-08,US,Indiana,Jay,18,0,0,40.43781032,-85.00576229,18075.0,18,18,0,0,18,18,20764,0,0,0,0,0
2020-05-08,US,Indiana,Jefferson,34,0,0,38.78576239,-85.43633383,18077.0,34,32,0,0,32,30,32208,2,0,0,2,2
2020-05-08,US,Indiana,Jennings,93,3,0,38.99588883,-85.62710784,18079.0,90,89,3,0,86,87,27611,4,0,0,4,2
2020-05-08,US,Indiana,Johnson,769,83,0,39.48994426,-86.10149107,18081.0,686,754,77,0,677,746,156225,15,6,0,9,8
2020-05-08,US,Indiana,Knox,20,0,0,38.68861576,-87.4194665,18083.0,20,20,0,0,20,20,36895,0,0,0,0,0
2020-05-08,US,Indiana,Kosciusko,39,1,0,41.24521668,-85.86312322,18085.0,38,39,1,0,38,39,79344,0,0,0,0,0
2020-05-08,US,Indiana,LaGrange,36,2,0,41.64232188,-85.42674232,18087.0,34,36,2,0,34,36,39330,0,0,0,0,0
2020-05-08,US,Indiana,LaPorte,307,11,0,41.54366008,-86.74072188,18091.0,296,303,10,0,293,284,110007,4,1,0,3,19
2020-05-08,US,Indiana,Lake,2359,118,0,41.41874274,-87.38277575,18089.0,2241,2288,111,0,2177,2233,484411,71,7,0,64,55
2020-05-08,US,Indiana,Lawrence,115,15,0,38.84112637,-86.48361629,18093.0,100,112,15,0,97,111,45668,3,0,0,3,1
2020-05-08,US,Indiana,Madison,479,56,0,40.16143691,-85.71964711,18095.0,423,474,56,0,418,462,129641,5,0,0,5,12
2020-05-08,US,Indiana,Marion,7078,403,0,39.78163624,-86.13826325,18097.0,6675,6914,398,0,6516,6730,954670,164,5,0,159,184
2020-05-08,US,Indiana,Marshall,31,1,0,41.32467367,-86.26185087,18099.0,30,31,1,0,30,31,46248,0,0,0,0,0
2020-05-08,US,Indiana,Martin,7,0,0,38.7099921,-86.80373186,18101.0,7,7,0,0,7,7,10217,0,0,0,0,0
2020-05-08,US,Indiana,Miami,122,1,0,40.76940965,-86.04525048,18103.0,121,121,1,0,120,121,35567,1,0,0,1,0
2020-05-08,US,Indiana,Monroe,141,9,0,39.16130004,-86.52414358,18105.0,132,137,9,0,128,135,146917,4,0,0,4,2
2020-05-08,US,Indiana,Montgomery,114,2,0,40.04034823,-86.89335024,18107.0,112,111,2,0,109,110,38346,3,0,0,3,1
2020-05-08,US,Indiana,Morgan,182,8,0,39.47899078,-86.44573375,18109.0,174,183,8,0,175,176,70116,-1,0,0,-1,7
2020-05-08,US,Indiana,Newton,64,8,0,40.95610449,-87.39635768,18111.0,56,61,8,0,53,61,14011,3,0,0,3,0
2020-05-08,US,Indiana,Noble,127,14,0,41.39672484,-85.41966713,18113.0,113,124,14,0,110,123,47532,3,0,0,3,1
2020-05-08,US,Indiana,Ohio,7,0,0,38.955304999999996,-84.96515993,18115.0,7,7,0,0,7,7,5844,0,0,0,0,0
2020-05-08,US,Indiana,Orange,108,17,0,38.54118920000001,-86.49523093,18117.0,91,106,14,0,92,107,19489,2,3,0,-1,-1
2020-05-08,US,Indiana,Owen,26,1,0,39.31145587,-86.83900724,18119.0,25,24,1,0,23,24,20845,2,0,0,2,0
2020-05-08,US,Indiana,Parke,14,0,0,39.77202286,-87.20375833,18121.0,14,13,0,0,13,13,16927,1,0,0,1,0
2020-05-08,US,Indiana,Perry,14,0,0,38.07809328,-86.63741946,18123.0,14,13,0,0,13,11,19102,1,0,0,1,2
2020-05-08,US,Indiana,Pike,2,0,0,38.40112197,-87.23574907,18125.0,2,2,0,0,2,2,12410,0,0,0,0,0
2020-05-08,US,Indiana,Porter,303,8,0,41.45986947,-87.06848888,18127.0,295,294,7,0,287,281,169594,9,1,0,8,13
2020-05-08,US,Indiana,Posey,15,0,0,38.02097333,-87.86480429,18129.0,15,15,0,0,15,14,25540,0,0,0,0,1
2020-05-08,US,Indiana,Pulaski,33,0,0,41.04166107,-86.69890683,18131.0,33,33,0,0,33,31,12469,0,0,0,0,2
2020-05-08,US,Indiana,Putnam,84,5,0,39.66437981,-86.84517605,18133.0,79,79,5,0,74,80,37779,5,0,0,5,-1
2020-05-08,US,Indiana,Randolph,21,2,0,40.15734772,-85.01139319,18135.0,19,18,2,0,16,18,24851,3,0,0,3,0
2020-05-08,US,Indiana,Ripley,98,6,0,39.10235626,-85.26212744,18137.0,92,98,6,0,92,99,28523,0,0,0,0,-1
2020-05-08,US,Indiana,Rush,37,2,0,39.62002287,-85.4655599,18139.0,35,37,2,0,35,37,16663,0,0,0,0,0
2020-05-08,US,Indiana,Scott,73,2,0,38.68672078,-85.74627859,18143.0,71,63,2,0,61,54,23878,10,0,0,10,9
2020-05-08,US,Indiana,Shelby,250,15,0,39.52305623,-85.79158570000001,18145.0,235,243,15,0,228,241,44593,7,0,0,7,2
2020-05-08,US,Indiana,Spencer,7,1,0,38.01519732,-87.0079644,18147.0,6,6,1,0,5,6,20327,1,0,0,1,0
2020-05-08,US,Indiana,St. Joseph,773,25,0,41.61756781,-86.29040834,18141.0,748,730,24,0,706,714,270771,43,1,0,42,16
2020-05-08,US,Indiana,Starke,21,2,0,41.27890281,-86.64686895,18149.0,19,19,2,0,17,17,22935,2,0,0,2,2
2020-05-08,US,Indiana,Steuben,63,1,0,41.64423868,-85.00101094,18151.0,62,61,1,0,60,59,34586,2,0,0,2,2
2020-05-08,US,Indiana,Sullivan,19,0,0,39.08952258,-87.41414469,18153.0,19,18,0,0,18,16,20690,1,0,0,1,2
2020-05-08,US,Indiana,Switzerland,15,0,0,38.82767338,-85.03022429,18155.0,15,15,0,0,15,15,10717,0,0,0,0,0
2020-05-08,US,Indiana,Tippecanoe,207,2,0,40.38872739,-86.89413959,18157.0,205,202,2,0,200,197,193048,5,0,0,5,5
2020-05-08,US,Indiana,Tipton,20,1,0,40.31123252,-86.05234925,18159.0,19,20,1,0,19,20,15128,0,0,0,0,0
2020-05-08,US,Indiana,Unassigned,0,119,0,0.0,0.0,90018.0,-119,0,119,0,-119,0,,0,0,0,0,0
2020-05-08,US,Indiana,Union,8,0,0,39.62550777,-84.92497066,18161.0,8,8,0,0,8,8,7037,0,0,0,0,0
2020-05-08,US,Indiana,Vanderburgh,175,2,0,38.02658833,-87.58763124,18163.0,173,169,2,0,167,163,180974,6,0,0,6,6
2020-05-08,US,Indiana,Vermillion,7,0,0,39.8523352,-87.46160542,18165.0,7,7,0,0,7,7,15479,0,0,0,0,0
2020-05-08,US,Indiana,Vigo,74,6,0,39.42944561,-87.39169027,18167.0,68,75,6,0,69,73,107386,-1,0,0,-1,2
2020-05-08,US,Indiana,Wabash,64,2,0,40.84704239,-85.79328272,18169.0,62,64,2,0,62,63,31280,0,0,0,0,1
2020-05-08,US,Indiana,Warren,12,1,0,40.34728141,-87.35602659,18171.0,11,12,1,0,11,12,8263,0,0,0,0,0
2020-05-08,US,Indiana,Warrick,119,19,0,38.08922676,-87.2716085,18173.0,100,116,19,0,97,110,62567,3,0,0,3,6
2020-05-08,US,Indiana,Washington,45,1,0,38.60219804,-86.1049363,18175.0,44,45,1,0,44,45,27943,0,0,0,0,0
2020-05-08,US,Indiana,Wayne,51,5,0,39.863344399999995,-85.01044989,18177.0,46,49,3,0,46,44,65936,2,2,0,0,5
2020-05-08,US,Indiana,Wells,9,0,0,40.72934187,-85.22132966,18179.0,9,9,0,0,9,7,28206,0,0,0,0,2
2020-05-08,US,Indiana,White,139,1,0,40.74911165,-86.86492015,18181.0,138,130,1,0,129,106,24133,9,0,0,9,24
2020-05-08,US,Indiana,Whitley,22,1,0,41.13863784,-85.50791236,18183.0,21,22,1,0,21,22,34074,0,0,0,0,0
2020-05-08,US,Iowa,Adair,3,0,0,41.33075609,-94.47105874,19001.0,3,3,0,0,3,3,7063,0,0,0,0,0
2020-05-08,US,Iowa,Allamakee,101,4,0,43.28383218,-91.37860922,19005.0,97,99,4,0,95,98,13832,2,0,0,2,1
2020-05-08,US,Iowa,Appanoose,6,3,0,40.74324454,-92.86865906,19007.0,3,6,3,0,3,4,12437,0,0,0,0,2
2020-05-08,US,Iowa,Audubon,9,0,0,41.6844628,-94.90581859,19009.0,9,8,0,0,8,8,5506,1,0,0,1,0
2020-05-08,US,Iowa,Benton,34,1,0,42.08011739,-92.06463573,19011.0,33,35,1,0,34,34,25642,-1,0,0,-1,1
2020-05-08,US,Iowa,Black Hawk,1463,20,0,42.4704581,-92.30524729,19013.0,1443,1450,19,0,1431,1396,132408,13,1,0,12,54
2020-05-08,US,Iowa,Boone,33,0,0,42.03657094,-93.9313999,19015.0,33,33,0,0,33,29,26346,0,0,0,0,4
2020-05-08,US,Iowa,Bremer,57,5,0,42.77461496,-92.31795937,19017.0,52,56,5,0,51,55,24947,1,0,0,1,1
2020-05-08,US,Iowa,Buchanan,23,0,0,42.4709188,-91.83510825,19019.0,23,22,0,0,22,22,21199,1,0,0,1,0
2020-05-08,US,Iowa,Buena Vista,32,0,0,42.73545875,-95.15100162,19021.0,32,18,0,0,18,16,19874,14,0,0,14,2
2020-05-08,US,Iowa,Butler,12,0,0,42.73172833,-92.79015971,19023.0,12,11,0,0,11,10,14539,1,0,0,1,1
2020-05-08,US,Iowa,Calhoun,1,0,0,42.38521079,-94.64046046,19025.0,1,1,0,0,1,1,9699,0,0,0,0,0
2020-05-08,US,Iowa,Carroll,6,0,0,42.03617207,-94.86032705,19027.0,6,5,0,0,5,5,20154,1,0,0,1,0
2020-05-08,US,Iowa,Cass,1,0,0,41.33149454,-94.92792482,19029.0,1,1,0,0,1,1,12930,0,0,0,0,0
2020-05-08,US,Iowa,Cedar,39,1,0,41.77233777,-91.13246684,19031.0,38,39,1,0,38,38,18627,0,0,0,0,1
2020-05-08,US,Iowa,Cerro Gordo,14,0,0,43.08177563,-93.2612239,19033.0,14,14,0,0,14,14,42647,0,0,0,0,0
2020-05-08,US,Iowa,Cherokee,4,0,0,42.73538914,-95.62389402,19035.0,4,4,0,0,4,4,11321,0,0,0,0,0
2020-05-08,US,Iowa,Chickasaw,6,0,0,43.06001295,-92.31773347,19037.0,6,6,0,0,6,6,11964,0,0,0,0,0
2020-05-08,US,Iowa,Clarke,5,0,0,41.02868181,-93.78499767,19039.0,5,4,0,0,4,3,9423,1,0,0,1,1
2020-05-08,US,Iowa,Clay,9,0,0,43.08247182,-95.15096481,19041.0,9,8,0,0,8,7,16134,1,0,0,1,1
2020-05-08,US,Iowa,Clayton,21,2,0,42.84443388,-91.34133693,19043.0,19,19,2,0,17,18,17556,2,0,0,2,1
2020-05-08,US,Iowa,Clinton,53,1,0,41.89981633,-90.53275096,19045.0,52,53,1,0,52,51,46518,0,0,0,0,2
2020-05-08,US,Iowa,Crawford,149,1,0,42.03718237,-95.3819718,19047.0,148,124,1,0,123,103,17158,25,0,0,25,21
2020-05-08,US,Iowa,Dallas,654,5,0,41.68560356,-94.04127625,19049.0,649,644,4,0,640,626,90180,10,1,0,9,18
2020-05-08,US,Iowa,Davis,8,0,0,40.74773536,-92.41005468,19051.0,8,7,0,0,7,5,9017,1,0,0,1,2
2020-05-08,US,Iowa,Delaware,7,1,0,42.47104597,-91.3664492,19055.0,6,8,1,0,7,8,17069,-1,0,0,-1,0
2020-05-08,US,Iowa,Des Moines,31,1,0,40.92012606,-91.18326592,19057.0,30,29,1,0,28,24,39138,2,0,0,2,5
2020-05-08,US,Iowa,Dickinson,6,0,0,43.37787725,-95.1510206,19059.0,6,6,0,0,6,6,17153,0,0,0,0,0
2020-05-08,US,Iowa,Dubuque,181,6,0,42.46815349,-90.88181925,19061.0,175,175,5,0,170,162,96854,6,1,0,5,13
2020-05-08,US,Iowa,Fayette,24,0,0,42.86271799,-91.84412309999999,19065.0,24,24,0,0,24,24,19660,0,0,0,0,0
2020-05-08,US,Iowa,Floyd,2,0,0,43.06000529999999,-92.78940097,19067.0,2,2,0,0,2,2,15761,0,0,0,0,0
2020-05-08,US,Iowa,Franklin,7,0,0,42.73270384,-93.26256925,19069.0,7,7,0,0,7,6,10124,0,0,0,0,1
2020-05-08,US,Iowa,Fremont,1,0,0,40.74542720000001,-95.60129045,19071.0,1,,,,,,6993,,,,,
2020-05-08,US,Iowa,Greene,13,0,0,42.03614551,-94.39658081,19073.0,13,13,0,0,13,11,8981,0,0,0,0,2
2020-05-08,US,Iowa,Grundy,17,0,0,42.40183723,-92.78829551,19075.0,17,16,0,0,16,17,12304,1,0,0,1,-1
2020-05-08,US,Iowa,Guthrie,32,0,0,41.68378965,-94.50111014,19077.0,32,32,0,0,32,31,10720,0,0,0,0,1
2020-05-08,US,Iowa,Hamilton,9,0,0,42.38382428,-93.70197703,19079.0,9,9,0,0,9,7,14952,0,0,0,0,2
2020-05-08,US,Iowa,Hancock,3,0,0,43.08178477,-93.73454884,19081.0,3,3,0,0,3,3,10712,0,0,0,0,0
2020-05-08,US,Iowa,Hardin,12,0,0,42.38353877,-93.23654611,19083.0,12,11,0,0,11,9,16868,1,0,0,1,2
2020-05-08,US,Iowa,Harrison,17,0,0,41.68330137,-95.81558439,19085.0,17,17,0,0,17,17,14134,0,0,0,0,0
2020-05-08,US,Iowa,Henry,42,1,0,40.98767962,-91.54436349,19087.0,41,42,1,0,41,40,20067,0,0,0,0,2
2020-05-08,US,Iowa,Howard,12,0,0,43.35671042,-92.31702714,19089.0,12,13,0,0,13,12,9187,-1,0,0,-1,1
2020-05-08,US,Iowa,Humboldt,6,0,0,42.7764426,-94.20722537,19091.0,6,6,0,0,6,4,9547,0,0,0,0,2
2020-05-08,US,Iowa,Iowa,27,0,0,41.68630265,-92.0643373,19095.0,27,26,0,0,26,24,16141,1,0,0,1,2
2020-05-08,US,Iowa,Jackson,7,0,0,42.17178824,-90.57354837,19097.0,7,7,0,0,7,5,19432,0,0,0,0,2
2020-05-08,US,Iowa,Jasper,235,6,0,41.68576082,-93.05567785,19099.0,229,229,5,0,224,220,37147,6,1,0,5,9
2020-05-08,US,Iowa,Jefferson,6,0,0,41.03192394,-91.94849466,19101.0,6,6,0,0,6,6,18381,0,0,0,0,0
2020-05-08,US,Iowa,Johnson,546,6,0,41.67169354,-91.58754744,19103.0,540,543,6,0,537,530,151260,3,0,0,3,13
2020-05-08,US,Iowa,Jones,31,0,0,42.12118609,-91.13139641,19105.0,31,30,0,0,30,25,20744,1,0,0,1,5
2020-05-08,US,Iowa,Keokuk,7,0,0,41.33649833,-92.1785067,19107.0,7,6,0,0,6,3,10225,1,0,0,1,3
2020-05-08,US,Iowa,Kossuth,2,0,0,43.20405458,-94.20691791,19109.0,2,2,0,0,2,2,14908,0,0,0,0,0
2020-05-08,US,Iowa,Lee,18,0,0,40.64181461,-91.48183025,19111.0,18,17,0,0,17,16,34055,1,0,0,1,1
2020-05-08,US,Iowa,Linn,813,58,0,42.07923082,-91.59809485,19113.0,755,805,56,0,749,770,225909,8,2,0,6,35
2020-05-08,US,Iowa,Louisa,281,3,0,41.21842119,-91.26102611,19115.0,278,280,2,0,278,279,11169,1,1,0,0,1
2020-05-08,US,Iowa,Lyon,16,0,0,43.38107862,-96.20926845,19119.0,16,15,0,0,15,15,11811,1,0,0,1,0
2020-05-08,US,Iowa,Madison,10,1,0,41.33081904,-94.01554631,19121.0,9,10,1,0,9,10,16249,0,0,0,0,0
2020-05-08,US,Iowa,Mahaska,20,1,0,41.33521503,-92.64083907,19123.0,19,20,1,0,19,19,22000,0,0,0,0,1
2020-05-08,US,Iowa,Marion,13,0,0,41.33445101,-93.09934783,19125.0,13,12,0,0,12,12,33407,1,0,0,1,0
2020-05-08,US,Iowa,Marshall,701,3,0,42.03586837,-92.99908190000001,19127.0,698,686,3,0,683,655,39981,15,0,0,15,31
2020-05-08,US,Iowa,Mills,7,0,0,41.03299766,-95.61920963,19129.0,7,5,0,0,5,5,15063,2,0,0,2,0
2020-05-08,US,Iowa,Mitchell,3,0,0,43.35638371,-92.78887719,19131.0,3,3,0,0,3,3,10569,0,0,0,0,0
2020-05-08,US,Iowa,Monona,11,0,0,42.05220391,-95.95743843,19133.0,11,11,0,0,11,11,8679,0,0,0,0,0
2020-05-08,US,Iowa,Monroe,2,0,0,41.02988815,-92.8690667,19135.0,2,2,0,0,2,1,7790,0,0,0,0,1
2020-05-08,US,Iowa,Montgomery,3,0,0,41.03018714,-95.15642896,19137.0,3,2,0,0,2,1,10003,1,0,0,1,1
2020-05-08,US,Iowa,Muscatine,446,18,0,41.48370744,-91.11216970000001,19139.0,428,441,17,0,424,435,42929,5,1,0,4,6
2020-05-08,US,Iowa,O'Brien,13,0,0,43.08310673,-95.62474482,19141.0,13,13,0,0,13,11,13840,0,0,0,0,2
2020-05-08,US,Iowa,Osceola,18,0,0,43.37824276,-95.62422844,19143.0,18,17,0,0,17,13,6040,1,0,0,1,4
2020-05-08,US,Iowa,Page,10,0,0,40.7393172,-95.1497813,19145.0,10,9,0,0,9,9,15249,1,0,0,1,0
2020-05-08,US,Iowa,Palo Alto,1,0,0,43.08193849,-94.67824621,19147.0,1,,,,,,8929,,,,,
2020-05-08,US,Iowa,Plymouth,48,0,0,42.737633,-96.21366621,19149.0,48,44,0,0,44,34,25095,4,0,0,4,10
2020-05-08,US,Iowa,Pocahontas,3,0,0,42.73420133,-94.67862564,19151.0,3,3,0,0,3,3,6740,0,0,0,0,0
2020-05-08,US,Iowa,Polk,2150,54,0,41.68679484,-93.57767461,19153.0,2096,2053,54,0,1999,1875,487204,97,0,0,97,178
2020-05-08,US,Iowa,Pottawattamie,76,2,0,41.33640314,-95.53907776,19155.0,74,71,2,0,69,63,93533,5,0,0,5,8
2020-05-08,US,Iowa,Poweshiek,78,5,0,41.68625425,-92.53155731,19157.0,73,78,5,0,73,73,18699,0,0,0,0,5
2020-05-08,US,Iowa,Sac,2,0,0,42.38624071,-95.10547892,19161.0,2,2,0,0,2,2,9719,0,0,0,0,0
2020-05-08,US,Iowa,Scott,276,8,0,41.63935978,-90.61959493,19163.0,268,274,7,0,267,260,173283,2,1,0,1,14
2020-05-08,US,Iowa,Shelby,16,0,0,41.6850066,-95.31015553,19165.0,16,13,0,0,13,13,11578,3,0,0,3,0
2020-05-08,US,Iowa,Sioux,37,0,0,43.08221074,-96.17675679999999,19167.0,37,31,0,0,31,25,34909,6,0,0,6,6
2020-05-08,US,Iowa,Story,54,1,0,42.03621213,-93.46499005,19169.0,53,52,1,0,51,40,98105,2,0,0,2,12
2020-05-08,US,Iowa,Tama,322,11,0,42.07991767,-92.53266945,19171.0,311,321,11,0,310,303,16904,1,0,0,1,18
2020-05-08,US,Iowa,Taylor,1,0,0,40.73710579,-94.69778563,19173.0,1,1,0,0,1,1,6191,0,0,0,0,0
2020-05-08,US,Iowa,Unassigned,17,0,0,0.0,0.0,90019.0,17,8,0,0,8,13,,9,0,0,9,-5
2020-05-08,US,Iowa,Union,1,0,0,41.0277278,-94.24234847,19175.0,1,1,0,0,1,1,12359,0,0,0,0,0
2020-05-08,US,Iowa,Van Buren,8,0,0,40.75326764,-91.95017958,19177.0,8,8,0,0,8,8,7020,0,0,0,0,0
2020-05-08,US,Iowa,Wapello,192,0,0,41.03064984,-92.40954728,19179.0,192,165,0,0,165,125,35205,27,0,0,27,40
2020-05-08,US,Iowa,Warren,39,0,0,41.33559454,-93.56007641,19181.0,39,35,0,0,35,34,51056,4,0,0,4,1
2020-05-08,US,Iowa,Washington,155,7,0,41.33577126,-91.71725711,19183.0,148,154,7,0,147,152,22141,1,0,0,1,2
2020-05-08,US,Iowa,Wayne,1,0,0,40.73969028,-93.32752197,19185.0,1,1,0,0,1,1,6401,0,0,0,0,0
2020-05-08,US,Iowa,Webster,9,0,0,42.42853483,-94.17987389,19187.0,9,8,0,0,8,8,36277,1,0,0,1,0
2020-05-08,US,Iowa,Winnebago,3,0,0,43.37751174,-93.73407298,19189.0,3,3,0,0,3,3,10518,0,0,0,0,0
2020-05-08,US,Iowa,Winneshiek,18,0,0,43.29094334,-91.84422722,19191.0,18,18,0,0,18,18,20029,0,0,0,0,0
2020-05-08,US,Iowa,Woodbury,1532,7,0,42.38979414,-96.0459439,19193.0,1525,1429,4,0,1425,1323,102539,103,3,0,100,106
2020-05-08,US,Iowa,Worth,1,0,0,43.37750768,-93.26087602,19195.0,1,1,0,0,1,1,7453,0,0,0,0,0
2020-05-08,US,Iowa,Wright,6,0,0,42.73305373,-93.73515113,19197.0,6,5,0,0,5,5,12690,1,0,0,1,0
2020-05-08,US,Kansas,Atchison,12,0,0,39.53185661,-95.30870026,20005.0,12,12,0,0,12,12,16193,0,0,0,0,0
2020-05-08,US,Kansas,Barber,1,0,0,37.2288586,-98.68460053,20007.0,1,1,0,0,1,1,4472,0,0,0,0,0
2020-05-08,US,Kansas,Barton,17,1,0,38.47889676,-98.75636726,20009.0,16,12,1,0,11,12,26111,5,0,0,5,0
2020-05-08,US,Kansas,Bourbon,6,1,0,37.85508555,-94.84865997,20011.0,5,6,1,0,5,6,14653,0,0,0,0,0
2020-05-08,US,Kansas,Brown,1,0,0,39.82652589,-95.56421698,20013.0,1,1,0,0,1,1,9598,0,0,0,0,0
2020-05-08,US,Kansas,Butler,14,0,0,37.78134351,-96.83878537,20015.0,14,14,0,0,14,14,66765,0,0,0,0,0
2020-05-08,US,Kansas,Chase,3,0,0,38.30292938,-96.59563862,20017.0,3,3,0,0,3,3,2629,0,0,0,0,0
2020-05-08,US,Kansas,Chautauqua,4,0,0,37.14994405,-96.2454192,20019.0,4,4,0,0,4,4,3309,0,0,0,0,0
2020-05-08,US,Kansas,Cherokee,8,0,0,37.16928494,-94.8462897,20021.0,8,8,0,0,8,8,20015,0,0,0,0,0
2020-05-08,US,Kansas,Cheyenne,2,0,0,39.78580976,-101.7318201,20023.0,2,2,0,0,2,2,2660,0,0,0,0,0
2020-05-08,US,Kansas,Clark,17,1,0,37.23577007,-99.81883015,20025.0,16,17,0,0,17,9,2005,0,1,0,-1,8
2020-05-08,US,Kansas,Clay,4,1,0,39.34948772,-97.16518128,20027.0,3,4,1,0,3,4,7997,0,0,0,0,0
2020-05-08,US,Kansas,Cloud,4,0,0,39.48028352,-97.64925343,20029.0,4,4,0,0,4,4,8729,0,0,0,0,0
2020-05-08,US,Kansas,Coffey,50,8,0,38.2365018,-95.73379515,20031.0,42,50,8,0,42,50,8233,0,0,0,0,0
2020-05-08,US,Kansas,Cowley,3,1,0,37.23781842,-96.83776647,20035.0,2,3,1,0,2,3,35218,0,0,0,0,0
2020-05-08,US,Kansas,Crawford,8,1,0,37.50675523,-94.85245778,20037.0,7,8,1,0,7,8,39019,0,0,0,0,0
2020-05-08,US,Kansas,Dickinson,2,0,0,38.86600962,-97.15532383,20041.0,2,2,0,0,2,2,18717,0,0,0,0,0
2020-05-08,US,Kansas,Doniphan,7,0,0,39.79067154,-95.14056866,20043.0,7,7,0,0,7,4,7682,0,0,0,0,3
2020-05-08,US,Kansas,Douglas,56,0,0,38.88503636,-95.2925121,20045.0,56,56,0,0,56,56,121436,0,0,0,0,0
2020-05-08,US,Kansas,Edwards,4,0,0,37.88735543,-99.31263309,20047.0,4,4,0,0,4,4,2849,0,0,0,0,0
2020-05-08,US,Kansas,Ellis,8,0,0,38.91458712,-99.31751551,20051.0,8,8,0,0,8,8,28710,0,0,0,0,0
2020-05-08,US,Kansas,Ellsworth,2,0,0,38.69677695,-98.20462799,20053.0,2,1,0,0,1,1,6196,1,0,0,1,0
2020-05-08,US,Kansas,Finney,861,3,0,38.04340344,-100.73819379999999,20055.0,858,791,3,0,788,740,36611,70,0,0,70,51
2020-05-08,US,Kansas,Ford,1024,3,0,37.69200114,-99.88825298,20057.0,1021,930,3,0,927,880,33888,94,0,0,94,50
2020-05-08,US,Kansas,Franklin,20,0,0,38.56443815,-95.28644341,20059.0,20,20,0,0,20,20,25631,0,0,0,0,0
2020-05-08,US,Kansas,Geary,14,0,0,38.99871131,-96.7577178,20061.0,14,13,0,0,13,13,32594,1,0,0,1,0
2020-05-08,US,Kansas,Gove,1,0,0,38.91588178,-100.4829321,20063.0,1,1,0,0,1,1,2612,0,0,0,0,0
2020-05-08,US,Kansas,Grant,11,0,0,37.56227336,-101.3079758,20067.0,11,8,0,0,8,8,7336,3,0,0,3,0
2020-05-08,US,Kansas,Gray,7,0,0,37.73836671,-100.4369088,20069.0,7,6,0,0,6,6,6033,1,0,0,1,0
2020-05-08,US,Kansas,Greenwood,3,0,0,37.8774388,-96.23250453,20073.0,3,3,0,0,3,3,6055,0,0,0,0,0
2020-05-08,US,Kansas,Hamilton,7,0,0,37.99978709,-101.7921066,20075.0,7,5,0,0,5,4,2607,2,0,0,2,1
2020-05-08,US,Kansas,Harper,1,0,0,37.19175361,-98.07578384,20077.0,1,1,0,0,1,1,5506,0,0,0,0,0
2020-05-08,US,Kansas,Harvey,9,0,0,38.04293782,-97.42747573,20079.0,9,9,0,0,9,9,34210,0,0,0,0,0
2020-05-08,US,Kansas,Haskell,14,0,0,37.562039399999996,-100.8710738,20081.0,14,9,0,0,9,8,3997,5,0,0,5,1
2020-05-08,US,Kansas,Jackson,2,0,0,39.41673394,-95.79356799,20085.0,2,2,0,0,2,2,13280,0,0,0,0,0
2020-05-08,US,Kansas,Jefferson,12,0,0,39.2347941,-95.38289232,20087.0,12,12,0,0,12,11,18975,0,0,0,0,1
2020-05-08,US,Kansas,Jewell,4,0,0,39.78470589,-98.21820662,20089.0,4,4,0,0,4,4,2841,0,0,0,0,0
2020-05-08,US,Kansas,Johnson,576,47,0,38.88548175,-94.82250877,20091.0,529,553,45,0,508,521,597555,23,2,0,21,32
2020-05-08,US,Kansas,Kearny,28,0,0,38.00017981,-101.32168100000001,20093.0,28,26,0,0,26,24,3943,2,0,0,2,2
2020-05-08,US,Kansas,Kiowa,2,0,0,37.55848695,-99.2856537,20097.0,2,2,0,0,2,2,2516,0,0,0,0,0
2020-05-08,US,Kansas,Labette,22,0,0,37.19113093,-95.29849679,20099.0,22,22,0,0,22,22,19964,0,0,0,0,0
2020-05-08,US,Kansas,Leavenworth,906,6,0,39.20183497,-95.03620809,20103.0,900,885,6,0,879,783,81352,21,0,0,21,102
2020-05-08,US,Kansas,Linn,6,0,0,38.21267844,-94.84254089,20107.0,6,6,0,0,6,6,9750,0,0,0,0,0
2020-05-08,US,Kansas,Lyon,294,2,0,38.45576156,-96.15275715,20111.0,292,282,2,0,280,271,33406,12,0,0,12,11
2020-05-08,US,Kansas,Marion,5,1,0,38.35855394,-97.09852509999999,20115.0,4,5,1,0,4,5,11950,0,0,0,0,0
2020-05-08,US,Kansas,McPherson,25,0,0,38.39184858,-97.64769869,20113.0,25,25,0,0,25,25,28537,0,0,0,0,0
2020-05-08,US,Kansas,Meade,21,0,0,37.23859987,-100.36483100000001,20119.0,21,16,0,0,16,13,4146,5,0,0,5,3
2020-05-08,US,Kansas,Miami,5,0,0,38.56383358,-94.83832189,20121.0,5,5,0,0,5,5,33680,0,0,0,0,0
2020-05-08,US,Kansas,Mitchell,3,0,0,39.39331582,-98.20906732,20123.0,3,3,0,0,3,3,6150,0,0,0,0,0
2020-05-08,US,Kansas,Montgomery,21,2,0,37.19236568,-95.74329258,20125.0,19,20,2,0,18,20,32120,1,0,0,1,0
2020-05-08,US,Kansas,Morris,3,0,0,38.68827511,-96.65128437,20127.0,3,3,0,0,3,3,5521,0,0,0,0,0
2020-05-08,US,Kansas,Morton,3,0,0,37.19141121,-101.79925190000002,20129.0,3,3,0,0,3,3,2667,0,0,0,0,0
2020-05-08,US,Kansas,Nemaha,1,0,0,39.78345387,-96.01392079,20131.0,1,1,0,0,1,1,10155,0,0,0,0,0
2020-05-08,US,Kansas,Neosho,2,0,0,37.55862897,-95.30670046,20133.0,2,2,0,0,2,2,15951,0,0,0,0,0
2020-05-08,US,Kansas,Norton,2,0,0,39.78443827,-99.90286639,20137.0,2,2,0,0,2,2,5430,0,0,0,0,0
2020-05-08,US,Kansas,Osage,5,0,0,38.65235984,-95.72707998,20139.0,5,5,0,0,5,5,15941,0,0,0,0,0
2020-05-08,US,Kansas,Osborne,2,0,0,39.3503437,-98.76753828,20141.0,2,2,0,0,2,2,3475,0,0,0,0,0
2020-05-08,US,Kansas,Ottawa,4,0,0,39.13237408,-97.65020313,20143.0,4,4,0,0,4,4,5802,0,0,0,0,0
2020-05-08,US,Kansas,Phillips,1,0,0,39.78465501,-99.34668865,20147.0,1,1,0,0,1,1,5317,0,0,0,0,0
2020-05-08,US,Kansas,Pottawatomie,16,0,0,39.37925655,-96.34564657,20149.0,16,15,0,0,15,15,24277,1,0,0,1,0
2020-05-08,US,Kansas,Pratt,1,0,0,37.64780729,-98.73922153,20151.0,1,1,0,0,1,1,9378,0,0,0,0,0
2020-05-08,US,Kansas,Reno,41,0,0,37.95230263,-98.08607292,20155.0,41,41,0,0,41,40,62342,0,0,0,0,1
2020-05-08,US,Kansas,Republic,4,0,0,39.82799632,-97.65036709,20157.0,4,4,0,0,4,4,4664,0,0,0,0,0
2020-05-08,US,Kansas,Rice,3,0,0,38.34616184,-98.19992118,20159.0,3,3,0,0,3,3,9531,0,0,0,0,0
2020-05-08,US,Kansas,Riley,57,0,0,39.28935726,-96.73420026,20161.0,57,56,0,0,56,55,73703,1,0,0,1,1
2020-05-08,US,Kansas,Rooks,6,0,0,39.35022773,-99.32484567,20163.0,6,6,0,0,6,6,5013,0,0,0,0,0
2020-05-08,US,Kansas,Saline,21,2,0,38.78369175,-97.65185177,20169.0,19,21,2,0,19,21,54401,0,0,0,0,0
2020-05-08,US,Kansas,Scott,3,0,0,38.48222076,-100.90665390000001,20171.0,3,2,0,0,2,2,4897,1,0,0,1,0
2020-05-08,US,Kansas,Sedgwick,457,18,0,37.6842718,-97.4608198,20173.0,439,454,18,0,436,441,513607,3,0,0,3,13
2020-05-08,US,Kansas,Seward,678,0,0,37.19324632,-100.85072009999999,20175.0,678,664,0,0,664,640,21780,14,0,0,14,24
2020-05-08,US,Kansas,Shawnee,149,5,0,39.04100763,-95.75572640000001,20177.0,144,140,5,0,135,137,177499,9,0,0,9,3
2020-05-08,US,Kansas,Sheridan,2,0,0,39.35018161,-100.44182590000001,20179.0,2,2,0,0,2,2,2533,0,0,0,0,0
2020-05-08,US,Kansas,Sherman,5,0,0,39.35147699,-101.71976240000001,20181.0,5,5,0,0,5,5,5899,0,0,0,0,0
2020-05-08,US,Kansas,Smith,2,0,0,39.78516566,-98.78566062,20183.0,2,2,0,0,2,2,3603,0,0,0,0,0
2020-05-08,US,Kansas,Stafford,1,0,0,38.03100851,-98.71762001,20185.0,1,1,0,0,1,1,4178,0,0,0,0,0
2020-05-08,US,Kansas,Stanton,9,0,0,37.56304714,-101.78435340000001,20187.0,9,7,0,0,7,7,1987,2,0,0,2,0
2020-05-08,US,Kansas,Stevens,14,0,0,37.1923008,-101.3118967,20189.0,14,14,0,0,14,14,5559,0,0,0,0,0
2020-05-08,US,Kansas,Sumner,4,1,0,37.23682549,-97.47721621,20191.0,3,4,1,0,3,4,22996,0,0,0,0,0
2020-05-08,US,Kansas,Wabaunsee,27,0,0,38.95471985,-96.20350509,20197.0,27,27,0,0,27,27,6899,0,0,0,0,0
2020-05-08,US,Kansas,Wilson,1,0,0,37.55937174,-95.74323255,20205.0,1,1,0,0,1,1,8665,0,0,0,0,0
2020-05-08,US,Kansas,Woodson,6,0,0,37.8865336,-95.74006277,20207.0,6,6,0,0,6,6,3183,0,0,0,0,0
2020-05-08,US,Kansas,Wyandotte,1000,64,0,39.11727348,-94.76378225,20209.0,936,942,64,0,878,910,165324,58,0,0,58,32
2020-05-08,US,Kentucky,Adair,84,13,0,37.10459774,-85.28129668,21001.0,71,84,13,0,71,82,19215,0,0,0,0,2
2020-05-08,US,Kentucky,Allen,25,0,0,36.75197631,-86.19457544,21003.0,25,25,0,0,25,19,21122,0,0,0,0,6
2020-05-08,US,Kentucky,Anderson,9,1,0,38.00671029,-84.99171713,21005.0,8,9,1,0,8,9,22663,0,0,0,0,0
2020-05-08,US,Kentucky,Ballard,8,0,0,37.05842757,-88.99427697,21007.0,8,8,0,0,8,8,7979,0,0,0,0,0
2020-05-08,US,Kentucky,Barren,24,0,0,36.96469836,-85.93338945,21009.0,24,24,0,0,24,22,44176,0,0,0,0,2
2020-05-08,US,Kentucky,Bath,4,1,0,38.14735938,-83.74588932,21011.0,3,4,1,0,3,4,12383,0,0,0,0,0
2020-05-08,US,Kentucky,Boone,203,4,0,38.97065142,-84.72615357,21015.0,199,197,4,0,193,196,131533,6,0,0,6,1
2020-05-08,US,Kentucky,Bourbon,8,1,0,38.2054607,-84.21827874,21017.0,7,8,1,0,7,8,20184,0,0,0,0,0
2020-05-08,US,Kentucky,Boyd,32,3,0,38.36176608,-82.68652187,21019.0,29,32,3,0,29,31,47240,0,0,0,0,1
2020-05-08,US,Kentucky,Boyle,16,0,0,37.62680923,-84.8633779,21021.0,16,16,0,0,16,16,30100,0,0,0,0,0
2020-05-08,US,Kentucky,Bracken,10,0,0,38.69158994,-84.08532444,21023.0,10,10,0,0,10,9,8239,0,0,0,0,1
2020-05-08,US,Kentucky,Breathitt,2,0,0,37.52333168,-83.31959161,21025.0,2,2,0,0,2,2,12726,0,0,0,0,0
2020-05-08,US,Kentucky,Breckinridge,13,0,0,37.77377239,-86.42885017,21027.0,13,11,0,0,11,11,20388,2,0,0,2,0
2020-05-08,US,Kentucky,Bullitt,79,3,0,37.97162523,-85.68955617,21029.0,76,74,2,0,72,72,81069,5,1,0,4,2
2020-05-08,US,Kentucky,Butler,192,6,0,37.20946153,-86.68748787,21031.0,186,188,6,0,182,183,12772,4,0,0,4,5
2020-05-08,US,Kentucky,Caldwell,12,0,0,37.14749129,-87.86948214,21033.0,12,12,0,0,12,12,12715,0,0,0,0,0
2020-05-08,US,Kentucky,Calloway,36,1,0,36.62093411,-88.2731593,21035.0,35,35,1,0,34,35,39135,1,0,0,1,0
2020-05-08,US,Kentucky,Campbell,114,9,0,38.94384345,-84.37875208,21037.0,105,110,9,0,101,107,93152,4,0,0,4,3
2020-05-08,US,Kentucky,Carlisle,3,1,0,36.85372876,-88.96692220000001,21039.0,2,2,1,0,1,2,4771,1,0,0,1,0
2020-05-08,US,Kentucky,Carroll,2,0,0,38.66599534,-85.12601074,21041.0,2,2,0,0,2,2,10737,0,0,0,0,0
2020-05-08,US,Kentucky,Carter,6,0,0,38.31690743,-83.05092385,21043.0,6,6,0,0,6,6,27004,0,0,0,0,0
2020-05-08,US,Kentucky,Casey,1,0,0,37.32533118,-84.92726209,21045.0,1,1,0,0,1,1,15888,0,0,0,0,0
2020-05-08,US,Kentucky,Christian,93,3,0,36.89267803,-87.49055367,21047.0,90,92,3,0,89,92,71671,1,0,0,1,0
2020-05-08,US,Kentucky,Clark,20,0,0,37.9689263,-84.14615986,21049.0,20,20,0,0,20,20,36249,0,0,0,0,0
2020-05-08,US,Kentucky,Clay,2,0,0,37.16451126,-83.712575,21051.0,2,1,0,0,1,1,20105,1,0,0,1,0
2020-05-08,US,Kentucky,Clinton,3,0,0,36.72581156,-85.13377529,21053.0,3,3,0,0,3,3,10206,0,0,0,0,0
2020-05-08,US,Kentucky,Crittenden,4,1,0,37.35839237,-88.08826090000002,21055.0,3,4,1,0,3,4,8915,0,0,0,0,0
2020-05-08,US,Kentucky,Cumberland,5,0,0,36.78926125,-85.39050034,21057.0,5,5,0,0,5,5,6659,0,0,0,0,0
2020-05-08,US,Kentucky,Daviess,260,4,0,37.73028906,-87.09019479999998,21059.0,256,258,4,0,254,247,101104,2,0,0,2,11
2020-05-08,US,Kentucky,Edmonson,45,6,0,37.21218923,-86.23955613,21061.0,39,41,5,0,36,38,12274,4,1,0,3,3
2020-05-08,US,Kentucky,Fayette,342,9,0,38.0368225,-84.45576892,21067.0,333,328,9,0,319,306,323780,14,0,0,14,22
2020-05-08,US,Kentucky,Fleming,2,0,0,38.36758311,-83.69657514,21069.0,2,2,0,0,2,2,14432,0,0,0,0,0
2020-05-08,US,Kentucky,Floyd,15,0,0,37.56213922,-82.74750924,21071.0,15,13,0,0,13,12,35845,2,0,0,2,1
2020-05-08,US,Kentucky,Franklin,16,0,0,38.2379395,-84.87962551,21073.0,16,16,0,0,16,16,50815,0,0,0,0,0
2020-05-08,US,Kentucky,Fulton,1,0,0,36.55238827,-89.20140068,21075.0,1,1,0,0,1,1,6120,0,0,0,0,0
2020-05-08,US,Kentucky,Gallatin,1,0,0,38.75398691,-84.8558382,21077.0,1,1,0,0,1,1,8832,0,0,0,0,0
2020-05-08,US,Kentucky,Garrard,3,0,0,37.638866799999995,-84.53289319,21079.0,3,2,0,0,2,2,17560,1,0,0,1,0
2020-05-08,US,Kentucky,Grant,29,3,0,38.64962758,-84.62415957,21081.0,26,27,3,0,24,27,25121,2,0,0,2,0
2020-05-08,US,Kentucky,Graves,146,14,0,36.72292505,-88.65143315,21083.0,132,145,14,0,131,142,37317,1,0,0,1,3
2020-05-08,US,Kentucky,Grayson,93,6,0,37.46231118,-86.34248968,21085.0,87,93,6,0,87,90,26321,0,0,0,0,3
2020-05-08,US,Kentucky,Green,1,0,0,37.26484328,-85.5540745,21087.0,1,1,0,0,1,1,11049,0,0,0,0,0
2020-05-08,US,Kentucky,Greenup,12,0,0,38.54332505,-82.9215658,21089.0,12,12,0,0,12,12,35268,0,0,0,0,0
2020-05-08,US,Kentucky,Hancock,6,0,0,37.83766422,-86.78280584,21091.0,6,6,0,0,6,6,8758,0,0,0,0,0
2020-05-08,US,Kentucky,Hardin,61,2,0,37.6976111,-85.96319251,21093.0,59,56,2,0,54,55,110356,5,0,0,5,1
2020-05-08,US,Kentucky,Harlan,1,0,0,36.85699301,-83.21899516,21095.0,1,1,0,0,1,,26409,0,0,0,0,
2020-05-08,US,Kentucky,Harrison,18,0,0,38.44188174,-84.32869741,21097.0,18,18,0,0,18,18,18778,0,0,0,0,0
2020-05-08,US,Kentucky,Hart,8,0,0,37.29943898,-85.88461055,21099.0,8,8,0,0,8,8,18906,0,0,0,0,0
2020-05-08,US,Kentucky,Henderson,75,2,0,37.79344553,-87.57392021,21101.0,73,75,2,0,73,72,45591,0,0,0,0,3
2020-05-08,US,Kentucky,Henry,8,0,0,38.44942688,-85.11587507,21103.0,8,8,0,0,8,8,16106,0,0,0,0,0
2020-05-08,US,Kentucky,Hickman,5,0,0,36.67948079999999,-88.97875928,21105.0,5,5,0,0,5,5,4421,0,0,0,0,0
2020-05-08,US,Kentucky,Hopkins,213,25,0,37.30939025,-87.54670406,21107.0,188,212,24,0,188,211,45068,1,1,0,0,1
2020-05-08,US,Kentucky,Jackson,56,12,0,37.41866422,-83.99825483,21109.0,44,60,12,0,48,60,13442,-4,0,0,-4,0
2020-05-08,US,Kentucky,Jefferson,1610,108,0,38.18664655,-85.65931031,21111.0,1502,1578,107,0,1471,1535,770517,32,1,0,31,43
2020-05-08,US,Kentucky,Jessamine,41,0,0,37.87119786,-84.58252003,21113.0,41,40,0,0,40,40,53920,1,0,0,1,0
2020-05-08,US,Kentucky,Johnson,4,0,0,37.85106355,-82.8264322,21115.0,4,4,0,0,4,3,22386,0,0,0,0,1
2020-05-08,US,Kentucky,Kenton,372,26,0,38.93950319,-84.53241199,21117.0,346,360,26,0,334,353,166051,12,0,0,12,7
2020-05-08,US,Kentucky,Knott,4,0,0,37.35388197,-82.94981134,21119.0,4,4,0,0,4,4,15126,0,0,0,0,0
2020-05-08,US,Kentucky,Knox,6,0,0,36.89225732,-83.85403396,21121.0,6,6,0,0,6,6,31304,0,0,0,0,0
2020-05-08,US,Kentucky,Larue,6,0,0,37.54567114,-85.70138352,21123.0,6,6,0,0,6,6,14307,0,0,0,0,0
2020-05-08,US,Kentucky,Laurel,21,2,0,37.10975748,-84.11321779,21125.0,19,20,2,0,18,20,60669,1,0,0,1,0
2020-05-08,US,Kentucky,Lawrence,1,0,0,38.07136018,-82.72882223,21127.0,1,1,0,0,1,1,15571,0,0,0,0,0
2020-05-08,US,Kentucky,Leslie,5,0,0,37.09246661,-83.37999606,21131.0,5,4,0,0,4,4,10143,1,0,0,1,0
2020-05-08,US,Kentucky,Letcher,3,0,0,37.12306748,-82.85346474,21133.0,3,3,0,0,3,3,21899,0,0,0,0,0
2020-05-08,US,Kentucky,Lewis,5,0,0,38.53184419,-83.37735618,21135.0,5,3,0,0,3,3,13257,2,0,0,2,0
2020-05-08,US,Kentucky,Lincoln,5,1,0,37.45475628,-84.6565327,21137.0,4,6,1,0,5,6,24644,-1,0,0,-1,0
2020-05-08,US,Kentucky,Livingston,6,0,0,37.21137452,-88.34797529,21139.0,6,6,0,0,6,6,9242,0,0,0,0,0
2020-05-08,US,Kentucky,Logan,35,1,0,36.85949479,-86.877635,21141.0,34,24,1,0,23,15,26989,11,0,0,11,9
2020-05-08,US,Kentucky,Lyon,14,3,0,37.02080035,-88.07886257,21143.0,11,13,3,0,10,13,8009,1,0,0,1,0
2020-05-08,US,Kentucky,Madison,33,1,0,37.71659336,-84.27220275,21151.0,32,33,1,0,32,31,92368,0,0,0,0,2
2020-05-08,US,Kentucky,Marion,17,0,0,37.55218078,-85.26898542,21155.0,17,17,0,0,17,17,19404,0,0,0,0,0
2020-05-08,US,Kentucky,Marshall,33,1,0,36.88007070000001,-88.32803576,21157.0,32,33,1,0,32,33,31191,0,0,0,0,0
2020-05-08,US,Kentucky,Martin,3,0,0,37.79990579,-82.51247478,21159.0,3,3,0,0,3,3,11323,0,0,0,0,0
2020-05-08,US,Kentucky,Mason,6,0,0,38.59471935,-83.82151043,21161.0,6,6,0,0,6,6,17150,0,0,0,0,0
2020-05-08,US,Kentucky,McCracken,68,2,0,37.05350953,-88.70445755,21145.0,66,68,2,0,66,65,65346,0,0,0,0,3
2020-05-08,US,Kentucky,McCreary,11,0,0,36.73874143,-84.48102924,21147.0,11,11,0,0,11,11,17408,0,0,0,0,0
2020-05-08,US,Kentucky,McLean,16,1,0,37.5301951,-87.26803443,21149.0,15,16,1,0,15,16,9252,0,0,0,0,0
2020-05-08,US,Kentucky,Meade,18,1,0,37.96163597,-86.21028219,21163.0,17,17,1,0,16,17,28715,1,0,0,1,0
2020-05-08,US,Kentucky,Menifee,3,0,0,37.94090733,-83.59985712,21165.0,3,3,0,0,3,3,6451,0,0,0,0,0
2020-05-08,US,Kentucky,Mercer,11,0,0,37.81474237,-84.87488475,21167.0,11,10,0,0,10,10,21774,1,0,0,1,0
2020-05-08,US,Kentucky,Metcalfe,2,0,0,36.99459295,-85.63123699,21169.0,2,2,0,0,2,1,10030,0,0,0,0,1
2020-05-08,US,Kentucky,Monroe,6,0,0,36.71225341,-85.71596443,21171.0,6,6,0,0,6,6,10718,0,0,0,0,0
2020-05-08,US,Kentucky,Montgomery,11,0,0,38.03253032,-83.9145241,21173.0,11,11,0,0,11,11,28203,0,0,0,0,0
2020-05-08,US,Kentucky,Morgan,1,0,0,37.92465657,-83.25558245,21175.0,1,1,0,0,1,1,13345,0,0,0,0,0
2020-05-08,US,Kentucky,Muhlenberg,452,6,0,37.21425819,-87.14632053,21177.0,446,446,6,0,440,446,30774,6,0,0,6,0
2020-05-08,US,Kentucky,Nelson,29,0,0,37.80335779,-85.4657193,21179.0,29,28,0,0,28,24,45851,1,0,0,1,4
2020-05-08,US,Kentucky,Nicholas,1,0,0,38.33342292,-84.01889177,21181.0,1,1,0,0,1,1,7166,0,0,0,0,0
2020-05-08,US,Kentucky,Ohio,65,0,0,37.47751843,-86.85368087,21183.0,65,65,0,0,65,62,24087,0,0,0,0,3
2020-05-08,US,Kentucky,Oldham,37,0,0,38.39791089,-85.448222,21185.0,37,36,0,0,36,35,66470,1,0,0,1,1
2020-05-08,US,Kentucky,Owen,1,0,0,38.51679143,-84.82404619,21187.0,1,1,0,0,1,1,10880,0,0,0,0,0
2020-05-08,US,Kentucky,Owsley,2,0,0,37.42823949,-83.68811419,21189.0,2,2,0,0,2,2,4472,0,0,0,0,0
2020-05-08,US,Kentucky,Pendleton,5,0,0,38.69607718,-84.35599463,21191.0,5,5,0,0,5,5,14529,0,0,0,0,0
2020-05-08,US,Kentucky,Perry,14,0,0,37.25023553,-83.22922731,21193.0,14,14,0,0,14,14,26092,0,0,0,0,0
2020-05-08,US,Kentucky,Pike,15,2,0,37.47088263,-82.39487445,21195.0,13,15,2,0,13,14,58402,0,0,0,0,1
2020-05-08,US,Kentucky,Powell,1,0,0,37.83218794,-83.82553961,21197.0,1,1,0,0,1,1,12442,0,0,0,0,0
2020-05-08,US,Kentucky,Pulaski,43,2,0,37.10466131,-84.57629079,21199.0,41,43,2,0,41,43,64623,0,0,0,0,0
2020-05-08,US,Kentucky,Rockcastle,13,0,0,37.36642393,-84.31176452,21203.0,13,13,0,0,13,13,16750,0,0,0,0,0
2020-05-08,US,Kentucky,Rowan,3,0,0,38.19484205,-83.42088935,21205.0,3,2,0,0,2,2,24583,1,0,0,1,0
2020-05-08,US,Kentucky,Russell,18,4,0,36.99308373,-85.06070117,21207.0,14,17,4,0,13,17,17821,1,0,0,1,0
2020-05-08,US,Kentucky,Scott,32,0,0,38.29622293,-84.5816631,21209.0,32,32,0,0,32,24,56031,0,0,0,0,8
2020-05-08,US,Kentucky,Shelby,44,3,0,38.21476019,-85.194223,21211.0,41,35,3,0,32,34,48518,9,0,0,9,1
2020-05-08,US,Kentucky,Simpson,32,2,0,36.74058474,-86.58047435,21213.0,30,32,2,0,30,31,18529,0,0,0,0,1
2020-05-08,US,Kentucky,Spencer,16,0,0,38.03223971,-85.32749335,21215.0,16,16,0,0,16,16,18794,0,0,0,0,0
2020-05-08,US,Kentucky,Taylor,9,0,0,37.3677562,-85.3329931,21217.0,9,9,0,0,9,8,25549,0,0,0,0,1
2020-05-08,US,Kentucky,Todd,13,0,0,36.8381152,-87.17878374,21219.0,13,13,0,0,13,13,12311,0,0,0,0,0
2020-05-08,US,Kentucky,Trigg,9,0,0,36.80767017,-87.87333656,21221.0,9,9,0,0,9,9,14643,0,0,0,0,0
2020-05-08,US,Kentucky,Trimble,3,0,0,38.61056487,-85.33775972,21223.0,3,3,0,0,3,3,8515,0,0,0,0,0
2020-05-08,US,Kentucky,Unassigned,38,0,0,0.0,0.0,90021.0,38,38,0,0,38,41,,0,0,0,0,-3
2020-05-08,US,Kentucky,Union,10,0,0,37.66166713,-87.94300009,21225.0,10,10,0,0,10,10,14505,0,0,0,0,0
2020-05-08,US,Kentucky,Warren,512,2,0,36.99903045,-86.42672751,21227.0,510,486,2,0,484,447,131264,26,0,0,26,39
2020-05-08,US,Kentucky,Washington,5,0,0,37.75599461,-85.17407732,21229.0,5,5,0,0,5,5,12084,0,0,0,0,0
2020-05-08,US,Kentucky,Wayne,8,0,0,36.80310688,-84.8251971,21231.0,8,8,0,0,8,8,20468,0,0,0,0,0
2020-05-08,US,Kentucky,Webster,26,0,0,37.52168356,-87.67989953,21233.0,26,27,0,0,27,26,13111,-1,0,0,-1,1
2020-05-08,US,Kentucky,Whitley,11,0,0,36.75700531,-84.14541217,21235.0,11,11,0,0,11,11,36242,0,0,0,0,0
2020-05-08,US,Kentucky,Woodford,17,0,0,38.04178222,-84.7417556,21239.0,17,17,0,0,17,17,26533,0,0,0,0,0
2020-05-08,US,Louisiana,Acadia,142,11,0,30.295064899999996,-92.41419698,22001.0,131,142,11,0,131,140,62190,0,0,0,0,2
2020-05-08,US,Louisiana,Allen,90,9,0,30.65385745,-92.82442028,22003.0,81,90,9,0,81,90,25605,0,0,0,0,0
2020-05-08,US,Louisiana,Ascension,675,46,0,30.20406249,-90.91328409999998,22005.0,629,672,46,0,626,664,124672,3,0,0,3,8
2020-05-08,US,Louisiana,Assumption,206,10,0,29.89946234,-91.06461642,22007.0,196,206,9,0,197,203,22300,0,1,0,-1,3
2020-05-08,US,Louisiana,Avoyelles,74,7,0,31.07796211,-92.00079449,22009.0,67,74,7,0,67,74,40462,0,0,0,0,0
2020-05-08,US,Louisiana,Beauregard,44,4,0,30.64836518,-93.34173616,22011.0,40,44,4,0,40,44,37253,0,0,0,0,0
2020-05-08,US,Louisiana,Bienville,77,17,0,32.34569994,-93.05398492,22013.0,60,78,16,0,62,78,13308,-1,1,0,-2,0
2020-05-08,US,Louisiana,Bossier,308,19,0,32.67932307,-93.60460152,22015.0,289,307,18,0,289,303,127185,1,1,0,0,4
2020-05-08,US,Louisiana,Caddo,1712,128,0,32.57991587,-93.88375652,22017.0,1584,1690,126,0,1564,1667,242922,22,2,0,20,23
2020-05-08,US,Louisiana,Calcasieu,481,38,0,30.22931235,-93.35400434,22019.0,443,478,37,0,441,475,203112,3,1,0,2,3
2020-05-08,US,Louisiana,Caldwell,47,0,0,32.0902519,-92.11752148,22021.0,47,41,0,0,41,41,9960,6,0,0,6,0
2020-05-08,US,Louisiana,Cameron,3,0,0,29.87592238,-93.19310676,22023.0,3,3,0,0,3,3,6968,0,0,0,0,0
2020-05-08,US,Louisiana,Catahoula,59,2,0,31.66778967,-91.84526385,22025.0,57,46,2,0,44,46,9608,13,0,0,13,0
2020-05-08,US,Louisiana,Claiborne,58,9,0,32.82308512,-92.99526883,22027.0,49,58,9,0,49,58,15944,0,0,0,0,0
2020-05-08,US,Louisiana,Concordia,43,4,0,31.44817835,-91.63814433,22029.0,39,42,4,0,38,42,19572,1,0,0,1,0
2020-05-08,US,Louisiana,De Soto,208,13,0,32.05457447,-93.74130302,22031.0,195,207,13,0,194,205,27436,1,0,0,1,2
2020-05-08,US,Louisiana,East Baton Rouge,2284,171,0,30.53842039,-91.09777565,22033.0,2113,2256,170,0,2086,2224,440956,28,1,0,27,32
2020-05-08,US,Louisiana,East Carroll,15,0,0,32.73926954,-91.23425694,22035.0,15,14,0,0,14,11,7037,1,0,0,1,3
2020-05-08,US,Louisiana,East Feliciana,133,19,0,30.84425359,-91.04976723,22037.0,114,132,19,0,113,132,19305,1,0,0,1,0
2020-05-08,US,Louisiana,Evangeline,67,1,0,30.72985248,-92.39915924,22039.0,66,64,1,0,63,63,33443,3,0,0,3,1
2020-05-08,US,Louisiana,Franklin,146,4,0,32.13675181,-91.67589857,22041.0,142,145,4,0,141,146,20156,1,0,0,1,-1
2020-05-08,US,Louisiana,Grant,17,0,0,31.59882456,-92.56124347,22043.0,17,17,0,0,17,17,22482,0,0,0,0,0
2020-05-08,US,Louisiana,Iberia,283,26,0,29.86803617,-91.75871777,22045.0,257,281,26,0,255,278,70941,2,0,0,2,3
2020-05-08,US,Louisiana,Iberville,493,35,0,30.25734305,-91.3499598,22047.0,458,492,33,0,459,489,32721,1,2,0,-1,3
2020-05-08,US,Louisiana,Jackson,58,4,0,32.30251776,-92.55692092,22049.0,54,57,4,0,53,56,15902,1,0,0,1,1
2020-05-08,US,Louisiana,Jefferson,6610,392,0,29.74075478,-90.11115756,22051.0,6218,6588,391,0,6197,6554,434051,22,1,0,21,34
2020-05-08,US,Louisiana,Jefferson Davis,66,6,0,30.26896765,-92.81210004,22053.0,60,66,6,0,60,66,31582,0,0,0,0,0
2020-05-08,US,Louisiana,LaSalle,31,0,0,31.67884782,-92.15907765,22059.0,31,30,0,0,30,29,14917,1,0,0,1,1
2020-05-08,US,Louisiana,Lafayette,481,21,0,30.2049055,-92.06959876,22055.0,460,479,21,0,458,477,242782,2,0,0,2,2
2020-05-08,US,Louisiana,Lafourche,698,57,0,29.52470226,-90.40976986,22057.0,641,693,55,0,638,692,98115,5,2,0,3,1
2020-05-08,US,Louisiana,Lincoln,103,11,0,32.6003154,-92.66597409999999,22061.0,92,101,11,0,90,99,47196,2,0,0,2,2
2020-05-08,US,Louisiana,Livingston,268,21,0,30.44143993,-90.73061664,22063.0,247,268,19,0,249,266,139567,0,2,0,-2,2
2020-05-08,US,Louisiana,Madison,8,0,0,32.36918118,-91.23973355,22065.0,8,8,0,0,8,8,11161,0,0,0,0,0
2020-05-08,US,Louisiana,Morehouse,57,5,0,32.81686191,-91.80421614,22067.0,52,57,5,0,52,55,25398,0,0,0,0,2
2020-05-08,US,Louisiana,Natchitoches,92,8,0,31.72321584,-93.09816516,22069.0,84,91,8,0,83,91,38659,1,0,0,1,0
2020-05-08,US,Louisiana,Orleans,6645,463,0,30.06971951,-89.92660315,22071.0,6182,6626,463,0,6163,6608,391006,19,0,0,19,18
2020-05-08,US,Louisiana,Ouachita,820,25,0,32.47645559,-92.15704172,22073.0,795,814,25,0,789,806,154475,6,0,0,6,8
2020-05-08,US,Louisiana,Plaquemines,185,17,0,29.42245447,-89.60322085,22075.0,168,185,17,0,168,183,23410,0,0,0,0,2
2020-05-08,US,Louisiana,Pointe Coupee,125,17,0,30.71409502,-91.60209535,22077.0,108,120,17,0,103,117,21940,5,0,0,5,3
2020-05-08,US,Louisiana,Rapides,338,11,0,31.19778499,-92.52997303,22079.0,327,316,11,0,305,316,130562,22,0,0,22,0
2020-05-08,US,Louisiana,Red River,34,6,0,32.09530039,-93.34213308,22081.0,28,34,6,0,28,34,8477,0,0,0,0,0
2020-05-08,US,Louisiana,Richland,95,1,0,32.41391005,-91.76634876,22083.0,94,91,1,0,90,86,20192,4,0,0,4,5
2020-05-08,US,Louisiana,Sabine,17,1,0,31.56388699,-93.55433981,22085.0,16,17,1,0,16,17,24032,0,0,0,0,0
2020-05-08,US,Louisiana,St. Bernard,508,20,0,29.87761636,-89.51887093,22087.0,488,508,20,0,488,505,46721,0,0,0,0,3
2020-05-08,US,Louisiana,St. Charles,593,43,0,29.90709658,-90.35555967,22089.0,550,594,43,0,551,590,52879,-1,0,0,-1,4
2020-05-08,US,Louisiana,St. Helena,32,1,0,30.82210324,-90.71013176,22091.0,31,32,1,0,31,32,10262,0,0,0,0,0
2020-05-08,US,Louisiana,St. James,257,20,0,30.02531716,-90.80212061,22093.0,237,256,20,0,236,256,21037,1,0,0,1,0
2020-05-08,US,Louisiana,St. John the Baptist,791,76,0,30.12597499,-90.4753503,22095.0,715,791,76,0,715,790,43184,0,0,0,0,1
2020-05-08,US,Louisiana,St. Landry,204,49,0,30.59724262,-92.00135806,22097.0,155,203,49,0,154,202,82764,1,0,0,1,1
2020-05-08,US,Louisiana,St. Martin,255,20,0,30.13112107,-91.61403569,22099.0,235,254,20,0,234,252,53621,1,0,0,1,2
2020-05-08,US,Louisiana,St. Mary,224,25,0,29.69262097,-91.44702164,22101.0,199,222,24,0,198,215,49774,2,1,0,1,7
2020-05-08,US,Louisiana,St. Tammany,1416,125,0,30.40942847,-89.95642711,22103.0,1291,1415,124,0,1291,1406,258111,1,1,0,0,9
2020-05-08,US,Louisiana,Tangipahoa,645,27,0,30.62888673,-90.40664996,22105.0,618,635,26,0,609,631,133777,10,1,0,9,4
2020-05-08,US,Louisiana,Tensas,3,0,0,32.00760749,-91.32915234,22107.0,3,3,0,0,3,2,4462,0,0,0,0,1
2020-05-08,US,Louisiana,Terrebonne,501,36,0,29.37343766,-90.82626855,22109.0,465,499,35,0,464,476,111021,2,1,0,1,23
2020-05-08,US,Louisiana,Unassigned,63,74,0,0.0,0.0,90022.0,-11,63,74,0,-11,63,,0,0,0,0,0
2020-05-08,US,Louisiana,Union,153,8,0,32.83121059,-92.3749373,22111.0,145,151,8,0,143,148,22330,2,0,0,2,3
2020-05-08,US,Louisiana,Vermilion,40,2,0,29.83517605,-92.30292538,22113.0,38,40,2,0,38,40,59830,0,0,0,0,0
2020-05-08,US,Louisiana,Vernon,17,2,0,31.10884837,-93.18153838,22115.0,15,17,2,0,15,17,48860,0,0,0,0,0
2020-05-08,US,Louisiana,Washington,312,24,0,30.85288548,-90.03866652,22117.0,288,308,24,0,284,298,46582,4,0,0,4,10
2020-05-08,US,Louisiana,Webster,97,4,0,32.70847669,-93.33121835,22119.0,93,97,4,0,93,96,38798,0,0,0,0,1
2020-05-08,US,Louisiana,West Baton Rouge,119,24,0,30.46058217,-91.30989571,22121.0,95,118,24,0,94,118,26427,1,0,0,1,0
2020-05-08,US,Louisiana,West Carroll,4,0,0,32.78550125,-91.461201,22123.0,4,4,0,0,4,4,10982,0,0,0,0,0
2020-05-08,US,Louisiana,West Feliciana,176,6,0,30.87882871,-91.41485379999999,22125.0,170,174,5,0,169,158,15460,2,1,0,1,16
2020-05-08,US,Louisiana,Winn,49,2,0,31.94449367,-92.63789413,22127.0,47,48,2,0,46,47,14134,1,0,0,1,1
2020-05-08,US,Maine,Androscoggin,78,2,0,44.1664747,-70.20380627,23001.0,76,74,2,0,72,67,107679,4,0,0,4,7
2020-05-08,US,Maine,Aroostook,6,0,0,46.65926321,-68.59841248,23003.0,6,6,0,0,6,6,67111,0,0,0,0,0
2020-05-08,US,Maine,Cumberland,658,30,0,43.8370751,-70.37226999,23005.0,628,631,30,0,601,583,293557,27,0,0,27,48
2020-05-08,US,Maine,Franklin,31,1,0,44.97330019,-70.44381045,23007.0,30,31,1,0,30,29,29897,0,0,0,0,2
2020-05-08,US,Maine,Hancock,10,1,0,44.59816444,-68.38401854,23009.0,9,10,0,0,10,10,54811,0,1,0,-1,0
2020-05-08,US,Maine,Kennebec,108,8,0,44.40759555,-69.76738544,23011.0,100,107,8,0,99,106,122083,1,0,0,1,1
2020-05-08,US,Maine,Knox,18,0,0,44.11486325,-69.10529169,23013.0,18,17,0,0,17,17,39771,1,0,0,1,0
2020-05-08,US,Maine,Lincoln,15,0,0,44.05996956,-69.54227124,23015.0,15,14,0,0,14,14,34342,1,0,0,1,0
2020-05-08,US,Maine,Oxford,17,0,0,44.49952995,-70.75682123,23017.0,17,17,0,0,17,16,57618,0,0,0,0,1
2020-05-08,US,Maine,Penobscot,89,0,0,45.40194593,-68.65020455,23019.0,89,89,0,0,89,87,151096,0,0,0,0,2
2020-05-08,US,Maine,Piscataquis,1,0,0,45.83839062,-69.2860223,23021.0,1,1,0,0,1,1,16800,0,0,0,0,0
2020-05-08,US,Maine,Sagadahoc,20,0,0,43.95415864,-69.85074999,23023.0,20,20,0,0,20,20,35634,0,0,0,0,0
2020-05-08,US,Maine,Somerset,17,0,0,45.51229767,-69.95995554,23025.0,17,17,0,0,17,17,50592,0,0,0,0,0
2020-05-08,US,Maine,Unassigned,6,0,0,0.0,0.0,90023.0,6,2,0,0,2,,,4,0,0,4,
2020-05-08,US,Maine,Waldo,49,13,0,44.4858305,-69.12061935,23027.0,36,49,13,0,36,49,39694,0,0,0,0,0
2020-05-08,US,Maine,Washington,2,0,0,45.01607142,-67.62813524,23029.0,2,2,0,0,2,2,31490,0,0,0,0,0
2020-05-08,US,Maine,York,249,8,0,43.47808377,-70.71052375,23031.0,241,243,8,0,235,230,206229,6,0,0,6,13
2020-05-08,US,Maryland,Allegany,143,12,0,39.62357628,-78.69280486,24001.0,131,143,12,0,131,129,70975,0,0,0,0,14
2020-05-08,US,Maryland,Anne Arundel,2290,115,0,39.00670238,-76.60329337,24003.0,2175,2194,111,0,2083,2085,576031,96,4,0,92,109
2020-05-08,US,Maryland,Baltimore,3763,177,0,39.45784712,-76.62911955,24005.0,3586,3662,169,0,3493,3527,828431,101,8,0,93,135
2020-05-08,US,Maryland,Baltimore City,2941,155,0,39.30211911,-76.61151012,24510.0,2786,2856,149,0,2707,2752,621342,85,6,0,79,104
2020-05-08,US,Maryland,Calvert,191,11,0,38.53961642,-76.56820632,24009.0,180,188,11,0,177,184,92003,3,0,0,3,4
2020-05-08,US,Maryland,Caroline,107,0,0,38.87172293,-75.82904158,24011.0,107,105,0,0,105,101,33304,2,0,0,2,4
2020-05-08,US,Maryland,Carroll,542,56,0,39.56453592,-77.02373735,24013.0,486,534,54,0,480,521,168429,8,2,0,6,13
2020-05-08,US,Maryland,Cecil,211,13,0,39.56647682,-75.94627411,24015.0,198,208,13,0,195,200,102826,3,0,0,3,8
2020-05-08,US,Maryland,Charles,716,54,0,38.51092331,-76.98580666,24017.0,662,698,51,0,647,670,161503,18,3,0,15,28
2020-05-08,US,Maryland,Dorchester,86,2,0,38.45413522,-76.02752426,24019.0,84,85,2,0,83,79,31998,1,0,0,1,6
2020-05-08,US,Maryland,Frederick,1182,70,0,39.47296601,-77.39999394,24021.0,1112,1151,70,0,1081,1108,255648,31,0,0,31,43
2020-05-08,US,Maryland,Garrett,5,0,0,39.52786077,-79.27355126,24023.0,5,4,0,0,4,4,29163,1,0,0,1,0
2020-05-08,US,Maryland,Harford,572,24,0,39.55010644,-76.30775940000002,24025.0,548,552,22,0,530,532,253956,20,2,0,18,20
2020-05-08,US,Maryland,Howard,1138,27,0,39.25305293,-76.93126208,24027.0,1111,1098,27,0,1071,1061,323196,40,0,0,40,37
2020-05-08,US,Maryland,Kent,98,8,0,39.24976208,-76.04741541,24029.0,90,98,8,0,90,94,19383,0,0,0,0,4
2020-05-08,US,Maryland,Montgomery,6316,355,0,39.13676329,-77.20358245,24031.0,5961,6032,345,0,5687,5790,1052567,284,10,0,274,242
2020-05-08,US,Maryland,Prince George's,8901,339,0,38.83070039,-76.8496441,24033.0,8562,8516,324,0,8192,8135,909308,385,15,0,370,381
2020-05-08,US,Maryland,Queen Anne's,70,9,0,39.06198912,-76.03530977,24035.0,61,68,8,0,60,67,50251,2,1,0,1,1
2020-05-08,US,Maryland,Somerset,41,0,0,38.1163542,-75.75118623,24039.0,41,40,0,0,40,39,25675,1,0,0,1,1
2020-05-08,US,Maryland,St. Mary's,207,8,0,38.30058422,-76.60629279999998,24037.0,199,193,8,0,185,186,112664,14,0,0,14,7
2020-05-08,US,Maryland,Talbot,55,1,0,38.76618159,-76.10882561,24041.0,54,52,1,0,51,45,36968,3,0,0,3,7
2020-05-08,US,Maryland,Unassigned,0,99,0,0.0,0.0,90024.0,-99,0,95,0,-95,0,,0,4,0,-4,0
2020-05-08,US,Maryland,Washington,259,7,0,39.60835778,-77.82002295,24043.0,252,260,7,0,253,251,150926,-1,0,0,-1,9
2020-05-08,US,Maryland,Wicomico,553,15,0,38.37301947,-75.62705831,24045.0,538,541,13,0,528,517,103195,12,2,0,10,24
2020-05-08,US,Maryland,Worcester,98,3,0,38.21274277,-75.33200012,24047.0,95,96,3,0,93,86,51823,2,0,0,2,10
2020-05-08,US,Massachusetts,Barnstable,1038,61,0,41.72980578,-70.28854339,25001.0,977,1021,57,0,964,997,213413,17,4,0,13,24
2020-05-08,US,Massachusetts,Berkshire,472,37,0,42.37428441,-73.20524838,25003.0,435,464,37,0,427,461,126348,8,0,0,8,3
2020-05-08,US,Massachusetts,Bristol,4670,252,0,41.79228404,-71.10872211,25005.0,4418,4529,232,0,4297,4380,564022,141,20,0,121,149
2020-05-08,US,Massachusetts,Dukes and Nantucket,33,1,0,41.40674725,-70.68763497,0.0,32,33,1,0,32,34,26707,0,0,0,0,-1
2020-05-08,US,Massachusetts,Essex,10995,601,0,42.6687626,-70.94687179,25009.0,10394,10610,578,0,10032,10344,790638,385,23,0,362,266
2020-05-08,US,Massachusetts,Franklin,289,41,0,42.58119713,-72.58602547,25011.0,248,285,39,0,246,278,70963,4,2,0,2,7
2020-05-08,US,Massachusetts,Hampden,4522,441,0,42.13440424,-72.63235561,25013.0,4081,4441,434,0,4007,4321,470406,81,7,0,74,120
2020-05-08,US,Massachusetts,Hampshire,654,48,0,42.33997957,-72.65898478,25015.0,606,595,48,0,547,580,161355,59,0,0,59,15
2020-05-08,US,Massachusetts,Middlesex,17014,1132,0,42.48607732,-71.39049229,25017.0,15882,16676,1103,0,15573,16327,1614714,338,29,0,309,349
2020-05-08,US,Massachusetts,Norfolk,6801,623,0,42.16073095,-71.20530408,25021.0,6178,6729,608,0,6121,6610,705388,72,15,0,57,119
2020-05-08,US,Massachusetts,Plymouth,6194,375,0,41.94070556,-70.80802823,25023.0,5819,6081,364,0,5717,5899,518132,113,11,0,102,182
2020-05-08,US,Massachusetts,Suffolk,14944,683,0,42.327951399999996,-71.07850442,25025.0,14261,14732,663,0,14069,14476,807252,212,20,0,192,256
2020-05-08,US,Massachusetts,Unassigned,297,3,0,0.0,0.0,90025.0,294,328,3,0,325,326,,-31,0,0,-31,2
2020-05-08,US,Massachusetts,Worcester,7410,404,0,42.35026951,-71.90493363,25027.0,7006,7197,385,0,6812,6992,830839,213,19,0,194,205
2020-05-08,US,Michigan,Alcona,4,1,0,44.6846864,-83.59507875,26001.0,3,4,1,0,3,4,10362,0,0,0,0,0
2020-05-08,US,Michigan,Allegan,130,2,0,42.59147037,-85.89102866,26005.0,128,126,2,0,124,124,117327,4,0,0,4,2
2020-05-08,US,Michigan,Alpena,86,8,0,45.03477666,-83.62212411,26007.0,78,86,8,0,78,86,28360,0,0,0,0,0
2020-05-08,US,Michigan,Antrim,10,0,0,44.99690221,-85.15503082,26009.0,10,10,0,0,10,10,23365,0,0,0,0,0
2020-05-08,US,Michigan,Arenac,27,1,0,44.0636262,-83.89277559,26011.0,26,27,1,0,26,27,15041,0,0,0,0,0
2020-05-08,US,Michigan,Baraga,1,0,0,46.6720582,-88.36363591,26013.0,1,1,0,0,1,1,8320,0,0,0,0,0
2020-05-08,US,Michigan,Barry,44,1,0,42.59513984,-85.30834519,26015.0,43,41,1,0,40,39,61157,3,0,0,3,2
2020-05-08,US,Michigan,Bay,185,9,0,43.70639106,-83.98731479,26017.0,176,179,9,0,170,176,103923,6,0,0,6,3
2020-05-08,US,Michigan,Benzie,4,0,0,44.63899297,-86.01608482,26019.0,4,4,0,0,4,4,17753,0,0,0,0,0
2020-05-08,US,Michigan,Berrien,376,22,0,41.95447397,-86.41313079999998,26021.0,354,354,21,0,333,344,154141,22,1,0,21,10
2020-05-08,US,Michigan,Branch,76,2,0,41.91600556,-85.05929476,26023.0,74,73,2,0,71,72,43622,3,0,0,3,1
2020-05-08,US,Michigan,Calhoun,254,17,0,42.24633834,-85.00493569,26025.0,237,252,17,0,235,250,134487,2,0,0,2,2
2020-05-08,US,Michigan,Cass,39,2,0,41.91522292,-85.99405727,26027.0,37,36,2,0,34,35,51653,3,0,0,3,1
2020-05-08,US,Michigan,Charlevoix,13,1,0,45.37790017,-85.19614053,26029.0,12,14,1,0,13,14,26244,-1,0,0,-1,0
2020-05-08,US,Michigan,Cheboygan,19,1,0,45.44787015,-84.50122149,26031.0,18,19,1,0,18,19,25413,0,0,0,0,0
2020-05-08,US,Michigan,Chippewa,2,0,0,46.29552653,-84.54353449,26033.0,2,2,0,0,2,2,37517,0,0,0,0,0
2020-05-08,US,Michigan,Clare,12,2,0,43.98794227,-84.84819859999998,26035.0,10,12,2,0,10,12,30757,0,0,0,0,0
2020-05-08,US,Michigan,Clinton,126,10,0,42.94400871,-84.60145248,26037.0,116,126,10,0,116,123,79332,0,0,0,0,3
2020-05-08,US,Michigan,Crawford,56,4,0,44.68255561,-84.61006219,26039.0,52,56,4,0,52,56,13901,0,0,0,0,0
2020-05-08,US,Michigan,Delta,15,2,0,45.90484910000001,-86.9080745,26041.0,13,15,2,0,13,14,35857,0,0,0,0,1
2020-05-08,US,Michigan,Dickinson,5,2,0,46.00999672,-87.86961634,26043.0,3,4,2,0,2,4,25383,1,0,0,1,0
2020-05-08,US,Michigan,Eaton,152,6,0,42.59599185,-84.83740035,26045.0,146,146,6,0,140,141,109826,6,0,0,6,5
2020-05-08,US,Michigan,Emmet,21,2,0,45.52625509,-84.89083249,26047.0,19,21,2,0,19,21,33308,0,0,0,0,0
2020-05-08,US,Michigan,Federal Correctional Institution (FCI),109,3,0,0.0,0.0,0.0,106,106,3,0,103,104,,3,0,0,3,2
2020-05-08,US,Michigan,Genesee,1739,214,0,43.02244215,-83.70589709,26049.0,1525,1731,213,0,1518,1710,406892,8,1,0,7,21
2020-05-08,US,Michigan,Gladwin,16,1,0,43.98901072,-84.38774817,26051.0,15,15,1,0,14,15,25337,1,0,0,1,0
2020-05-08,US,Michigan,Gogebic,4,1,0,46.40862701,-89.69377193,26053.0,3,4,1,0,3,4,15096,0,0,0,0,0
2020-05-08,US,Michigan,Grand Traverse,20,5,0,44.69565625,-85.55585247,26055.0,15,20,5,0,15,20,92573,0,0,0,0,0
2020-05-08,US,Michigan,Gratiot,27,2,0,43.29265605,-84.60505416,26057.0,25,27,2,0,25,26,40599,0,0,0,0,1
2020-05-08,US,Michigan,Hillsdale,151,21,0,41.88753639,-84.59312019,26059.0,130,146,21,0,125,138,45749,5,0,0,5,8
2020-05-08,US,Michigan,Houghton,2,0,0,46.89988536,-88.68495385,26061.0,2,2,0,0,2,2,36219,0,0,0,0,0
2020-05-08,US,Michigan,Huron,34,1,0,43.83353985,-83.04078453,26063.0,33,31,1,0,30,28,31166,3,0,0,3,3
2020-05-08,US,Michigan,Ingham,563,16,0,42.59716886,-84.37472069,26065.0,547,557,14,0,543,539,292735,6,2,0,4,18
2020-05-08,US,Michigan,Ionia,103,2,0,42.94502238,-85.07413319,26067.0,101,99,2,0,97,98,64210,4,0,0,4,1
2020-05-08,US,Michigan,Iosco,54,8,0,44.35486835,-83.63484895,26069.0,46,54,8,0,46,53,25081,0,0,0,0,1
2020-05-08,US,Michigan,Isabella,61,7,0,43.64060976,-84.84664923,26073.0,54,61,7,0,54,61,70562,0,0,0,0,0
2020-05-08,US,Michigan,Jackson,381,25,0,42.24807035,-84.42258681,26075.0,356,380,26,0,354,373,158823,1,-1,0,2,7
2020-05-08,US,Michigan,Kalamazoo,573,25,0,42.24542231,-85.53038622,26077.0,548,561,25,0,536,539,264870,12,0,0,12,22
2020-05-08,US,Michigan,Kalkaska,17,2,0,44.68512729,-85.09085699,26079.0,15,17,2,0,15,17,17824,0,0,0,0,0
2020-05-08,US,Michigan,Kent,2135,41,0,43.03197711,-85.54934642,26081.0,2094,2076,41,0,2035,2016,653786,59,0,0,59,60
2020-05-08,US,Michigan,Lake,2,0,0,43.99050893,-85.802173,26085.0,2,2,0,0,2,2,11881,0,0,0,0,0
2020-05-08,US,Michigan,Lapeer,174,29,0,43.09052506,-83.22153148,26087.0,145,174,29,0,145,174,88028,0,0,0,0,0
2020-05-08,US,Michigan,Leelanau,9,0,0,44.94430054,-85.80150326,26089.0,9,9,0,0,9,9,21764,0,0,0,0,0
2020-05-08,US,Michigan,Lenawee,126,2,0,41.89475156,-84.06603727,26091.0,124,121,2,0,119,114,98266,5,0,0,5,7
2020-05-08,US,Michigan,Livingston,374,20,0,42.60302282,-83.91297209,26093.0,354,368,20,0,348,366,191224,6,0,0,6,2
2020-05-08,US,Michigan,Luce,1,0,0,46.47227431,-85.54471223,26095.0,1,1,0,0,1,1,6283,0,0,0,0,0
2020-05-08,US,Michigan,Mackinac,6,0,0,46.07028979,-85.04980537,26097.0,6,6,0,0,6,6,10787,0,0,0,0,0
2020-05-08,US,Michigan,Macomb,5963,682,0,42.69158356,-82.92752801,26099.0,5281,5876,678,0,5198,5832,874759,87,4,0,83,44
2020-05-08,US,Michigan,Manistee,11,0,0,44.33352407,-86.05626916,26101.0,11,11,0,0,11,11,24528,0,0,0,0,0
2020-05-08,US,Michigan,Marquette,51,9,0,46.4338914,-87.64043701,26103.0,42,53,8,0,45,51,66516,-2,1,0,-3,2
2020-05-08,US,Michigan,Mason,18,0,0,43.99509218,-86.24988902,26105.0,18,15,0,0,15,14,29100,3,0,0,3,1
2020-05-08,US,Michigan,Mecosta,16,2,0,43.64064262,-85.32463223,26107.0,14,15,2,0,13,15,43545,1,0,0,1,0
2020-05-08,US,Michigan,Menominee,6,0,0,45.58038692,-87.55370409,26109.0,6,6,0,0,6,6,22983,0,0,0,0,0
2020-05-08,US,Michigan,Michigan Department of Corrections (MDOC),2124,50,0,0.0,0.0,0.0,2074,2036,50,0,1986,1936,,88,0,0,88,100
2020-05-08,US,Michigan,Midland,66,8,0,43.64330771,-84.38804374,26111.0,58,63,8,0,55,63,83209,3,0,0,3,0
2020-05-08,US,Michigan,Missaukee,16,1,0,44.33772443,-85.09256478,26113.0,15,16,1,0,15,16,15113,0,0,0,0,0
2020-05-08,US,Michigan,Monroe,383,16,0,41.92734151,-83.53749864,26115.0,367,371,15,0,356,354,150439,12,1,0,11,17
2020-05-08,US,Michigan,Montcalm,46,1,0,43.31082541,-85.15252824,26117.0,45,46,1,0,45,46,63968,0,0,0,0,0
2020-05-08,US,Michigan,Montmorency,5,0,0,45.0275929,-84.12696227,26119.0,5,5,0,0,5,5,9265,0,0,0,0,0
2020-05-08,US,Michigan,Muskegon,344,19,0,43.29123859,-86.15176712,26121.0,325,344,19,0,325,335,173588,0,0,0,0,9
2020-05-08,US,Michigan,Newaygo,34,0,0,43.554373999999996,-85.80070107,26123.0,34,34,0,0,34,32,48892,0,0,0,0,2
2020-05-08,US,Michigan,Oakland,7664,805,0,42.66090111,-83.38595416,26125.0,6859,7624,789,0,6835,7573,1259201,40,16,0,24,51
2020-05-08,US,Michigan,Oceana,24,1,0,43.64124435,-86.26726673,26127.0,23,23,1,0,22,22,26625,1,0,0,1,1
2020-05-08,US,Michigan,Ogemaw,15,0,0,44.33481032,-84.12725175,26129.0,15,15,0,0,15,15,20952,0,0,0,0,0
2020-05-08,US,Michigan,Osceola,9,0,0,43.98992088,-85.32566756,26133.0,9,8,0,0,8,8,23341,1,0,0,1,0
2020-05-08,US,Michigan,Oscoda,5,0,0,44.68192279,-84.12939244,26135.0,5,5,0,0,5,5,8276,0,0,0,0,0
2020-05-08,US,Michigan,Otsego,95,9,0,45.02085831,-84.59898295,26137.0,86,95,8,0,87,95,24665,0,1,0,-1,0
2020-05-08,US,Michigan,Ottawa,413,23,0,42.95996803,-85.9969107,26139.0,390,368,19,0,349,368,290494,45,4,0,41,0
2020-05-08,US,Michigan,Out of MI,7,0,0,0.0,0.0,80026.0,7,64,0,0,64,64,,-57,0,0,-57,0
2020-05-08,US,Michigan,Presque Isle,11,0,0,45.34018577,-83.91498656,26141.0,11,12,0,0,12,11,12738,-1,0,0,-1,1
2020-05-08,US,Michigan,Roscommon,20,0,0,44.33473082,-84.61067651,26143.0,20,18,0,0,18,18,23884,2,0,0,2,0
2020-05-08,US,Michigan,Saginaw,779,79,0,43.33433923,-84.05131209999998,26145.0,700,772,78,0,694,760,190800,7,1,0,6,12
2020-05-08,US,Michigan,Sanilac,38,5,0,43.42406072,-82.82055898,26151.0,33,38,5,0,33,38,41182,0,0,0,0,0
2020-05-08,US,Michigan,Schoolcraft,4,0,0,46.19235734,-86.19972234,26153.0,4,4,0,0,4,3,8068,0,0,0,0,1
2020-05-08,US,Michigan,Shiawassee,201,16,0,42.95392800000001,-84.14585902,26155.0,185,198,13,0,185,196,68192,3,3,0,0,2
2020-05-08,US,Michigan,St. Clair,353,23,0,42.92655373,-82.67937954,26147.0,330,342,23,0,319,342,159337,11,0,0,11,0
2020-05-08,US,Michigan,St. Joseph,51,1,0,41.91441767,-85.52797979,26149.0,50,47,1,0,46,44,61043,4,0,0,4,3
2020-05-08,US,Michigan,Tuscola,130,17,0,43.46606813,-83.41897025,26157.0,113,126,16,0,110,118,52516,4,1,0,3,8
2020-05-08,US,Michigan,Unassigned,71,0,0,0.0,0.0,90026.0,71,30,0,0,30,13,,41,0,0,41,17
2020-05-08,US,Michigan,Van Buren,81,2,0,42.25190229,-86.01939087,26159.0,79,73,2,0,71,68,75448,8,0,0,8,5
2020-05-08,US,Michigan,Washtenaw,1160,80,0,42.253105,-83.83853204,26161.0,1080,1140,77,0,1063,1129,370963,20,3,0,17,11
2020-05-08,US,Michigan,Wayne,17824,2028,0,42.28098405,-83.281255,26163.0,15796,17667,2012,0,15655,17571,1753893,157,16,0,141,96
2020-05-08,US,Michigan,Wexford,10,2,0,44.33853602,-85.57712739,26165.0,8,9,2,0,7,9,33466,1,0,0,1,0
2020-05-08,US,Minnesota,Aitkin,2,0,0,46.60962049,-93.41168259999999,27001.0,2,1,0,0,1,1,15902,1,0,0,1,0
2020-05-08,US,Minnesota,Anoka,477,27,0,45.27476015,-93.24604565,27003.0,450,426,27,0,399,382,353813,51,0,0,51,44
2020-05-08,US,Minnesota,Becker,22,0,0,46.93479392,-95.67158144,27005.0,22,18,0,0,18,16,34371,4,0,0,4,2
2020-05-08,US,Minnesota,Beltrami,6,0,0,47.97373527,-94.93732139,27007.0,6,6,0,0,6,6,46847,0,0,0,0,0
2020-05-08,US,Minnesota,Benton,76,2,0,45.69804958,-93.99514135,27009.0,74,64,1,0,63,59,40545,12,1,0,11,5
2020-05-08,US,Minnesota,Big Stone,2,0,0,45.42712824,-96.41403739,27011.0,2,2,0,0,2,2,4989,0,0,0,0,0
2020-05-08,US,Minnesota,Blue Earth,55,0,0,44.03554215,-94.06699781,27013.0,55,55,0,0,55,53,67427,0,0,0,0,2
2020-05-08,US,Minnesota,Brown,9,1,0,44.24205652,-94.72562874,27015.0,8,9,1,0,8,9,25111,0,0,0,0,0
2020-05-08,US,Minnesota,Carlton,64,0,0,46.59180601,-92.67601019,27017.0,64,62,0,0,62,61,35837,2,0,0,2,1
2020-05-08,US,Minnesota,Carver,69,0,0,44.82017001,-93.80099179999999,27019.0,69,58,0,0,58,51,103551,11,0,0,11,7
2020-05-08,US,Minnesota,Cass,7,0,0,46.95043611,-94.32603968,27021.0,7,7,0,0,7,7,29519,0,0,0,0,0
2020-05-08,US,Minnesota,Chippewa,5,0,0,45.02343421,-95.56403693,27023.0,5,5,0,0,5,4,11924,0,0,0,0,1
2020-05-08,US,Minnesota,Chisago,18,1,0,45.5021011,-92.90861945,27025.0,17,14,1,0,13,14,55922,4,0,0,4,0
2020-05-08,US,Minnesota,Clay,229,15,0,46.89289518,-96.48761922,27027.0,214,222,15,0,207,215,63955,7,0,0,7,7
2020-05-08,US,Minnesota,Clearwater,2,0,0,47.57992111,-95.37790562,27029.0,2,2,0,0,2,2,8810,0,0,0,0,0
2020-05-08,US,Minnesota,Cottonwood,43,0,0,44.00715262,-95.18138802,27033.0,43,43,0,0,43,42,11277,0,0,0,0,1
2020-05-08,US,Minnesota,Crow Wing,24,1,0,46.48096553,-94.06755609,27035.0,23,23,1,0,22,21,64889,1,0,0,1,2
2020-05-08,US,Minnesota,Dakota,364,12,0,44.67172617,-93.06299363,27037.0,352,322,12,0,310,292,425423,42,0,0,42,30
2020-05-08,US,Minnesota,Dodge,24,0,0,44.02238415,-92.86244324,27039.0,24,21,0,0,21,21,20822,3,0,0,3,0
2020-05-08,US,Minnesota,Douglas,15,0,0,45.93348491,-95.45335469,27041.0,15,14,0,0,14,12,37964,1,0,0,1,2
2020-05-08,US,Minnesota,Faribault,7,0,0,43.67381499,-93.94787458,27043.0,7,7,0,0,7,8,13758,0,0,0,0,-1
2020-05-08,US,Minnesota,Fillmore,12,1,0,43.67394126,-92.08980382,27045.0,11,12,1,0,11,12,21058,0,0,0,0,0
2020-05-08,US,Minnesota,Freeborn,41,0,0,43.67385583,-93.34884422,27047.0,41,39,0,0,39,38,30444,2,0,0,2,1
2020-05-08,US,Minnesota,Goodhue,25,0,0,44.40849741,-92.72341949999999,27049.0,25,25,0,0,25,23,46403,0,0,0,0,2
2020-05-08,US,Minnesota,Grant,2,0,0,45.93424769,-96.01139609,27051.0,2,1,0,0,1,1,6021,1,0,0,1,0
2020-05-08,US,Minnesota,Hennepin,3153,362,0,45.00761521,-93.47694895,27053.0,2791,2962,342,0,2620,2764,1259428,191,20,0,171,198
2020-05-08,US,Minnesota,Houston,2,0,0,43.67129565,-91.49143057,27055.0,2,2,0,0,2,1,18578,0,0,0,0,1
2020-05-08,US,Minnesota,Isanti,7,0,0,45.56181234,-93.29487636,27059.0,7,7,0,0,7,7,39966,0,0,0,0,0
2020-05-08,US,Minnesota,Itasca,24,0,0,47.51009045,-93.63092229,27061.0,24,24,0,0,24,24,45108,0,0,0,0,0
2020-05-08,US,Minnesota,Jackson,29,0,0,43.67423373,-95.15398258,27063.0,29,29,0,0,29,25,9911,0,0,0,0,4
2020-05-08,US,Minnesota,Kanabec,5,0,0,45.9459309,-93.29275192,27065.0,5,4,0,0,4,2,16207,1,0,0,1,2
2020-05-08,US,Minnesota,Kandiyohi,261,1,0,45.1526059,-95.00586446,27067.0,260,238,1,0,237,211,42855,23,0,0,23,27
2020-05-08,US,Minnesota,Kittson,1,0,0,48.77754106,-96.78317184,27069.0,1,1,0,0,1,1,4248,0,0,0,0,0
2020-05-08,US,Minnesota,Koochiching,1,0,0,48.24539665,-93.78352843,27071.0,1,1,0,0,1,1,12440,0,0,0,0,0
2020-05-08,US,Minnesota,Lac qui Parle,2,0,0,44.9973857,-96.17488219,27073.0,2,2,0,0,2,2,6658,0,0,0,0,0
2020-05-08,US,Minnesota,Lake,1,0,0,47.64270764,-91.44557998,27075.0,1,1,0,0,1,,10658,0,0,0,0,
2020-05-08,US,Minnesota,Le Sueur,28,0,0,44.37136597,-93.72844721,27079.0,28,28,0,0,28,26,28494,0,0,0,0,2
2020-05-08,US,Minnesota,Lincoln,3,0,0,44.41311883,-96.26688165,27081.0,3,3,0,0,3,3,5673,0,0,0,0,0
2020-05-08,US,Minnesota,Lyon,16,0,0,44.41327865,-95.83806103,27083.0,16,15,0,0,15,11,25629,1,0,0,1,4
2020-05-08,US,Minnesota,Mahnomen,2,1,0,47.32557075,-95.80921485,27087.0,1,2,1,0,1,2,5519,0,0,0,0,0
2020-05-08,US,Minnesota,Marshall,8,0,0,48.35825983,-96.37017407,27089.0,8,8,0,0,8,7,9390,0,0,0,0,1
2020-05-08,US,Minnesota,Martin,111,4,0,43.67429718,-94.55099908,27091.0,107,111,4,0,107,111,19785,0,0,0,0,0
2020-05-08,US,Minnesota,McLeod,8,0,0,44.82367677,-94.27287017,27085.0,8,6,0,0,6,6,35873,2,0,0,2,0
2020-05-08,US,Minnesota,Meeker,20,0,0,45.12328869,-94.52839455,27093.0,20,18,0,0,18,18,23141,2,0,0,2,0
2020-05-08,US,Minnesota,Mille Lacs,6,1,0,45.93705297,-93.63236823,27095.0,5,6,1,0,5,5,26139,0,0,0,0,1
2020-05-08,US,Minnesota,Morrison,12,0,0,46.01265363,-94.27341528,27097.0,12,11,0,0,11,9,33169,1,0,0,1,2
2020-05-08,US,Minnesota,Mower,37,0,0,43.67142874,-92.75234549,27099.0,37,36,0,0,36,35,40011,1,0,0,1,1
2020-05-08,US,Minnesota,Murray,26,0,0,44.02216709,-95.76328482,27101.0,26,25,0,0,25,20,8276,1,0,0,1,5
2020-05-08,US,Minnesota,Nicollet,18,2,0,44.35291112,-94.24710352,27103.0,16,18,2,0,16,17,34220,0,0,0,0,1
2020-05-08,US,Minnesota,Nobles,1177,2,0,43.67434621,-95.75329576,27105.0,1175,1153,2,0,1151,1082,21924,24,0,0,24,71
2020-05-08,US,Minnesota,Norman,9,0,0,47.32628443,-96.45620947,27107.0,9,9,0,0,9,9,6475,0,0,0,0,0
2020-05-08,US,Minnesota,Olmsted,351,9,0,44.00374114,-92.40209944,27109.0,342,336,8,0,328,322,156277,15,1,0,14,14
2020-05-08,US,Minnesota,Otter Tail,21,0,0,46.40846929,-95.70835255,27111.0,21,21,0,0,21,19,58812,0,0,0,0,2
2020-05-08,US,Minnesota,Pennington,1,0,0,48.06642577,-96.0370814,27113.0,1,1,0,0,1,1,14178,0,0,0,0,0
2020-05-08,US,Minnesota,Pine,61,0,0,46.12105238,-92.74070188,27115.0,61,61,0,0,61,61,29483,0,0,0,0,0
2020-05-08,US,Minnesota,Pipestone,6,0,0,44.02301619,-96.25841142,27117.0,6,5,0,0,5,4,9047,1,0,0,1,1
2020-05-08,US,Minnesota,Polk,45,0,0,47.77372465,-96.40134647,27119.0,45,43,0,0,43,43,31529,2,0,0,2,0
2020-05-08,US,Minnesota,Pope,5,0,0,45.58606667,-95.44451209,27121.0,5,3,0,0,3,1,11097,2,0,0,2,2
2020-05-08,US,Minnesota,Ramsey,800,42,0,45.01625271,-93.09872295,27123.0,758,717,39,0,678,656,550210,83,3,0,80,61
2020-05-08,US,Minnesota,Red Lake,1,0,0,47.87197525,-96.09561104,27125.0,1,1,0,0,1,1,3999,0,0,0,0,0
2020-05-08,US,Minnesota,Redwood,3,0,0,44.40555844,-95.25207021,27127.0,3,3,0,0,3,3,15249,0,0,0,0,0
2020-05-08,US,Minnesota,Renville,6,0,0,44.72836381,-94.94553734,27129.0,6,6,0,0,6,6,14612,0,0,0,0,0
2020-05-08,US,Minnesota,Rice,81,1,0,44.3543376,-93.29658715,27131.0,80,48,1,0,47,30,66523,33,0,0,33,18
2020-05-08,US,Minnesota,Rock,19,0,0,43.67482683,-96.25296832,27133.0,19,19,0,0,19,18,9414,0,0,0,0,1
2020-05-08,US,Minnesota,Roseau,1,0,0,48.77501878,-95.81079919,27135.0,1,1,0,0,1,1,15150,0,0,0,0,0
2020-05-08,US,Minnesota,Scott,121,1,0,44.6490231,-93.53340251,27139.0,120,100,1,0,99,90,147381,21,0,0,21,10
2020-05-08,US,Minnesota,Sherburne,95,1,0,45.44447208,-93.77617511,27141.0,94,88,1,0,87,80,96036,7,0,0,7,8
2020-05-08,US,Minnesota,Sibley,3,0,0,44.5796592,-94.23164924,27143.0,3,2,0,0,2,2,15028,1,0,0,1,0
2020-05-08,US,Minnesota,St. Louis,90,12,0,47.604840700000004,-92.46879855,27137.0,78,89,11,0,78,86,199754,1,1,0,0,3
2020-05-08,US,Minnesota,Stearns,1274,4,0,45.55192576,-94.61078221,27145.0,1270,1161,4,0,1157,975,159256,113,0,0,113,186
2020-05-08,US,Minnesota,Steele,45,0,0,44.02240351,-93.22627088,27147.0,45,37,0,0,37,29,36803,8,0,0,8,8
2020-05-08,US,Minnesota,Stevens,1,0,0,45.58613007,-96.00163705,27149.0,1,1,0,0,1,,9753,0,0,0,0,
2020-05-08,US,Minnesota,Swift,3,0,0,45.2829032,-95.68264092,27151.0,3,2,0,0,2,2,9345,1,0,0,1,0
2020-05-08,US,Minnesota,Todd,29,0,0,46.06996226,-94.89785296,27153.0,29,26,0,0,26,18,24582,3,0,0,3,8
2020-05-08,US,Minnesota,Traverse,3,0,0,45.77298854,-96.47062949,27155.0,3,2,0,0,2,2,3308,1,0,0,1,0
2020-05-08,US,Minnesota,Unassigned,31,0,0,0.0,0.0,90027.0,31,20,0,0,20,11,,11,0,0,11,9
2020-05-08,US,Minnesota,Wabasha,13,0,0,44.28424356,-92.23121312,27157.0,13,12,0,0,12,10,21645,1,0,0,1,2
2020-05-08,US,Minnesota,Wadena,4,0,0,46.58589171,-94.96968506,27159.0,4,4,0,0,4,3,13773,0,0,0,0,1
2020-05-08,US,Minnesota,Waseca,13,0,0,44.02211116,-93.58720034,27161.0,13,12,0,0,12,7,18691,1,0,0,1,5
2020-05-08,US,Minnesota,Washington,211,12,0,45.03864533,-92.88429635,27163.0,199,193,12,0,181,181,259201,18,0,0,18,12
2020-05-08,US,Minnesota,Watonwan,19,0,0,43.97823903,-94.61413846,27165.0,19,18,0,0,18,15,10980,1,0,0,1,3
2020-05-08,US,Minnesota,Wilkin,11,3,0,46.35721532,-96.4684375,27167.0,8,11,3,0,8,11,6254,0,0,0,0,0
2020-05-08,US,Minnesota,Winona,68,15,0,43.98772283,-91.78081305,27169.0,53,68,15,0,53,68,50825,0,0,0,0,0
2020-05-08,US,Minnesota,Wright,83,1,0,45.17297924,-93.96234781,27171.0,82,73,1,0,72,69,136349,10,0,0,10,4
2020-05-08,US,Minnesota,Yellow Medicine,3,0,0,44.71710183,-95.86842453,27173.0,3,3,0,0,3,3,9795,0,0,0,0,0
2020-05-08,US,Mississippi,Adams,157,11,0,31.47669768,-91.35326037,28001.0,146,157,11,0,146,154,31192,0,0,0,0,3
2020-05-08,US,Mississippi,Alcorn,10,1,0,34.88084463,-88.57996173,28003.0,9,10,1,0,9,10,36925,0,0,0,0,0
2020-05-08,US,Mississippi,Amite,33,0,0,31.17467303,-90.80501621,28005.0,33,33,0,0,33,32,12326,0,0,0,0,1
2020-05-08,US,Mississippi,Attala,182,4,0,33.08658803,-89.57838564,28007.0,178,170,3,0,167,159,18365,12,1,0,11,11
2020-05-08,US,Mississippi,Benton,13,0,0,34.81681228,-89.18945516,28009.0,13,13,0,0,13,12,8271,0,0,0,0,1
2020-05-08,US,Mississippi,Bolivar,118,8,0,33.79696941,-90.87372121,28011.0,110,115,8,0,107,115,31333,3,0,0,3,0
2020-05-08,US,Mississippi,Calhoun,57,4,0,33.93683395,-89.33686647,28013.0,53,57,4,0,53,57,14436,0,0,0,0,0
2020-05-08,US,Mississippi,Carroll,97,4,0,33.44834567,-89.91994479,28015.0,93,99,3,0,96,102,9911,-2,1,0,-3,-3
2020-05-08,US,Mississippi,Chickasaw,88,10,0,33.91983202,-88.9481545,28017.0,78,84,9,0,75,83,17171,4,1,0,3,1
2020-05-08,US,Mississippi,Choctaw,15,2,0,33.34598242,-89.24809382,28019.0,13,14,2,0,12,14,8278,1,0,0,1,0
2020-05-08,US,Mississippi,Claiborne,37,0,0,31.97061673,-90.90702196,28021.0,37,33,0,0,33,33,9002,4,0,0,4,0
2020-05-08,US,Mississippi,Clarke,77,7,0,32.04158545,-88.68896219999998,28023.0,70,71,6,0,65,68,15604,6,1,0,5,3
2020-05-08,US,Mississippi,Clay,64,3,0,33.65358105,-88.77784255,28025.0,61,63,3,0,60,58,19386,1,0,0,1,5
2020-05-08,US,Mississippi,Coahoma,71,3,0,34.22772299,-90.60415045,28027.0,68,70,3,0,67,70,22628,1,0,0,1,0
2020-05-08,US,Mississippi,Copiah,152,2,0,31.86977774,-90.44565118,28029.0,150,141,1,0,140,137,28543,11,1,0,10,4
2020-05-08,US,Mississippi,Covington,88,1,0,31.63225413,-89.55389939,28031.0,87,84,0,0,84,82,18853,4,1,0,3,2
2020-05-08,US,Mississippi,DeSoto,325,5,0,34.87625235,-89.99091418,28033.0,320,320,5,0,315,310,182001,5,0,0,5,10
2020-05-08,US,Mississippi,Forrest,294,20,0,31.18961454,-89.25832496,28035.0,274,283,18,0,265,273,75036,11,2,0,9,10
2020-05-08,US,Mississippi,Franklin,17,1,0,31.47786634,-90.89672989,28037.0,16,18,1,0,17,17,7788,-1,0,0,-1,1
2020-05-08,US,Mississippi,George,15,1,0,30.86259065,-88.64436789,28039.0,14,15,1,0,14,15,24250,0,0,0,0,0
2020-05-08,US,Mississippi,Greene,6,1,0,31.21444233,-88.63922281,28041.0,5,6,1,0,5,6,13586,0,0,0,0,0
2020-05-08,US,Mississippi,Grenada,45,2,0,33.77036166,-89.80245083,28043.0,43,45,2,0,43,41,21055,0,0,0,0,4
2020-05-08,US,Mississippi,Hancock,72,9,0,30.41830223,-89.48851033,28045.0,63,72,9,0,63,68,47334,0,0,0,0,4
2020-05-08,US,Mississippi,Harrison,193,6,0,30.51359752,-89.12467576,28047.0,187,188,6,0,182,187,206650,5,0,0,5,1
2020-05-08,US,Mississippi,Hinds,657,11,0,32.2656285,-90.44435448,28049.0,646,600,11,0,589,588,237085,57,0,0,57,12
2020-05-08,US,Mississippi,Holmes,196,17,0,33.12345854,-90.08923538,28051.0,179,190,16,0,174,176,17622,6,1,0,5,14
2020-05-08,US,Mississippi,Humphreys,28,4,0,33.12825718,-90.52252707,28053.0,24,28,4,0,24,27,8257,0,0,0,0,1
2020-05-08,US,Mississippi,Itawamba,67,6,0,34.27993475,-88.3606733,28057.0,61,66,6,0,60,65,23517,1,0,0,1,1
2020-05-08,US,Mississippi,Jackson,273,11,0,30.54020656,-88.64184064,28059.0,262,272,11,0,261,271,143277,1,0,0,1,1
2020-05-08,US,Mississippi,Jasper,84,2,0,32.01922104,-89.11786866,28061.0,82,76,2,0,74,66,16428,8,0,0,8,10
2020-05-08,US,Mississippi,Jefferson,30,0,0,31.73397872,-91.03764977,28063.0,30,30,0,0,30,26,7106,0,0,0,0,4
2020-05-08,US,Mississippi,Jefferson Davis,51,1,0,31.56884708,-89.82670990000004,28065.0,50,47,1,0,46,45,11234,4,0,0,4,2
2020-05-08,US,Mississippi,Jones,223,4,0,31.62257767,-89.16896899999998,28067.0,219,209,4,0,205,199,68461,14,0,0,14,10
2020-05-08,US,Mississippi,Kemper,89,6,0,32.75462946,-88.64105766,28069.0,83,84,6,0,78,80,10027,5,0,0,5,4
2020-05-08,US,Mississippi,Lafayette,98,3,0,34.35687874,-89.48490961,28071.0,95,96,3,0,93,96,54793,2,0,0,2,0
2020-05-08,US,Mississippi,Lamar,141,4,0,31.20572971,-89.5077704,28073.0,137,136,4,0,132,127,62447,5,0,0,5,9
2020-05-08,US,Mississippi,Lauderdale,463,41,0,32.40419769,-88.66229662,28075.0,422,450,40,0,410,448,75317,13,1,0,12,2
2020-05-08,US,Mississippi,Lawrence,63,0,0,31.55147224,-90.10841127,28077.0,63,61,0,0,61,61,12455,2,0,0,2,0
2020-05-08,US,Mississippi,Leake,286,2,0,32.7536828,-89.52402044,28079.0,284,267,2,0,265,257,22763,19,0,0,19,10
2020-05-08,US,Mississippi,Lee,77,4,0,34.291877500000005,-88.68149954,28081.0,73,73,4,0,69,73,85202,4,0,0,4,0
2020-05-08,US,Mississippi,Leflore,182,18,0,33.55545125,-90.29900733,28083.0,164,180,18,0,162,177,28919,2,0,0,2,3
2020-05-08,US,Mississippi,Lincoln,179,12,0,31.53288662,-90.45391915,28085.0,167,179,12,0,167,166,34205,0,0,0,0,13
2020-05-08,US,Mississippi,Lowndes,73,3,0,33.47386518,-88.44191529999998,28087.0,70,71,3,0,68,64,58930,2,0,0,2,7
2020-05-08,US,Mississippi,Madison,404,12,0,32.63389156,-90.03513564,28089.0,392,333,12,0,321,318,105630,71,0,0,71,15
2020-05-08,US,Mississippi,Marion,82,7,0,31.23132643,-89.8209217,28091.0,75,80,7,0,73,77,24715,2,0,0,2,3
2020-05-08,US,Mississippi,Marshall,52,2,0,34.76216286,-89.50299462,28093.0,50,50,2,0,48,49,35451,2,0,0,2,1
2020-05-08,US,Mississippi,Monroe,191,20,0,33.89236763,-88.4808438,28095.0,171,188,20,0,168,178,35564,3,0,0,3,10
2020-05-08,US,Mississippi,Montgomery,65,1,0,33.49419589,-89.61729103,28097.0,64,56,1,0,55,51,10023,9,0,0,9,5
2020-05-08,US,Mississippi,Neshoba,287,12,0,32.75339664,-89.11726492,28099.0,275,261,11,0,250,254,29125,26,1,0,25,7
2020-05-08,US,Mississippi,Newton,130,0,0,32.40021118,-89.11843336,28101.0,130,121,0,0,121,113,21443,9,0,0,9,8
2020-05-08,US,Mississippi,Noxubee,100,2,0,33.11009499,-88.56949061,28103.0,98,97,2,0,95,92,10535,3,0,0,3,5
2020-05-08,US,Mississippi,Oktibbeha,73,4,0,33.42491685,-88.87905132,28105.0,69,62,4,0,58,59,49599,11,0,0,11,3
2020-05-08,US,Mississippi,Panola,43,2,0,34.36398677,-89.95064249,28107.0,41,43,2,0,41,42,34178,0,0,0,0,1
2020-05-08,US,Mississippi,Pearl River,189,24,0,30.77090935,-89.58677275,28109.0,165,188,24,0,164,183,55387,1,0,0,1,5
2020-05-08,US,Mississippi,Perry,32,1,0,31.17161885,-88.99281835,28111.0,31,33,1,0,32,32,11931,-1,0,0,-1,1
2020-05-08,US,Mississippi,Pike,163,10,0,31.17507789,-90.40392572,28113.0,153,162,9,0,153,159,39563,1,1,0,0,3
2020-05-08,US,Mississippi,Pontotoc,22,2,0,34.226046000000004,-89.03636807,28115.0,20,22,2,0,20,22,31833,0,0,0,0,0
2020-05-08,US,Mississippi,Prentiss,33,2,0,34.61810501,-88.51986294,28117.0,31,33,2,0,31,33,25315,0,0,0,0,0
2020-05-08,US,Mississippi,Quitman,16,0,0,34.25157572,-90.28908,28119.0,16,16,0,0,16,16,7051,0,0,0,0,0
2020-05-08,US,Mississippi,Rankin,238,6,0,32.26469147,-89.94537876,28121.0,232,231,6,0,225,226,153902,7,0,0,7,5
2020-05-08,US,Mississippi,Scott,438,6,0,32.406704100000006,-89.53789439,28123.0,432,423,5,0,418,410,28287,15,1,0,14,13
2020-05-08,US,Mississippi,Sharkey,5,0,0,32.88149103,-90.81595379999999,28125.0,5,5,0,0,5,5,4377,0,0,0,0,0
2020-05-08,US,Mississippi,Simpson,60,0,0,31.91282117,-89.91716179,28127.0,60,56,0,0,56,55,26758,4,0,0,4,1
2020-05-08,US,Mississippi,Smith,99,6,0,32.01744532,-89.50644846,28129.0,93,95,6,0,89,92,16002,4,0,0,4,3
2020-05-08,US,Mississippi,Stone,23,0,0,30.79187949,-89.11547539,28131.0,23,23,0,0,23,23,18717,0,0,0,0,0
2020-05-08,US,Mississippi,Sunflower,63,3,0,33.60192578,-90.58882684,28133.0,60,61,3,0,58,61,25735,2,0,0,2,0
2020-05-08,US,Mississippi,Tallahatchie,12,1,0,33.95339918,-90.1729398,28135.0,11,12,1,0,11,12,13987,0,0,0,0,0
2020-05-08,US,Mississippi,Tate,49,0,0,34.65133709,-89.94485778,28137.0,49,48,0,0,48,45,28759,1,0,0,1,3
2020-05-08,US,Mississippi,Tippah,63,10,0,34.76872156,-88.90988194,28139.0,53,61,10,0,51,61,21995,2,0,0,2,0
2020-05-08,US,Mississippi,Tishomingo,9,0,0,34.74023475,-88.23917219,28141.0,9,8,0,0,8,8,19454,1,0,0,1,0
2020-05-08,US,Mississippi,Tunica,38,2,0,34.64967704,-90.37481167,28143.0,36,39,2,0,37,37,9944,-1,0,0,-1,2
2020-05-08,US,Mississippi,Union,42,3,0,34.49162015,-89.00776006,28145.0,39,41,3,0,38,40,28606,1,0,0,1,1
2020-05-08,US,Mississippi,Walthall,37,0,0,31.14971548,-90.10446654,28147.0,37,36,0,0,36,36,14465,1,0,0,1,0
2020-05-08,US,Mississippi,Warren,94,2,0,32.35810271,-90.83352619,28149.0,92,90,2,0,88,90,46176,4,0,0,4,0
2020-05-08,US,Mississippi,Washington,80,3,0,33.28392041,-90.94196237,28151.0,77,78,3,0,75,80,45063,2,0,0,2,-2
2020-05-08,US,Mississippi,Wayne,27,0,0,31.64135687,-88.69573913,28153.0,27,27,0,0,27,26,20298,0,0,0,0,1
2020-05-08,US,Mississippi,Webster,21,1,0,33.61300486,-89.28392912,28155.0,20,21,1,0,20,21,9788,0,0,0,0,0
2020-05-08,US,Mississippi,Wilkinson,74,9,0,31.16078225,-91.31018819,28157.0,65,74,9,0,65,72,8792,0,0,0,0,2
2020-05-08,US,Mississippi,Winston,61,0,0,33.08747908,-89.03391385,28159.0,61,57,0,0,57,53,18165,4,0,0,4,4
2020-05-08,US,Mississippi,Yalobusha,27,0,0,34.02824175,-89.70762049999998,28161.0,27,25,0,0,25,23,12392,2,0,0,2,2
2020-05-08,US,Mississippi,Yazoo,162,2,0,32.77890365,-90.39656148,28163.0,160,154,2,0,152,155,28248,8,0,0,8,-1
2020-05-08,US,Missouri,Adair,12,0,0,40.19058551,-92.60078167,29001.0,12,12,0,0,12,12,25339,0,0,0,0,0
2020-05-08,US,Missouri,Andrew,6,0,0,39.98492163,-94.80163024,29003.0,6,6,0,0,6,6,17607,0,0,0,0,0
2020-05-08,US,Missouri,Atchison,2,0,0,40.43238737,-95.42970639,29005.0,2,2,0,0,2,2,5171,0,0,0,0,0
2020-05-08,US,Missouri,Audrain,1,0,0,39.215877,-91.84242683,29007.0,1,1,0,0,1,1,25473,0,0,0,0,0
2020-05-08,US,Missouri,Barry,6,0,0,36.70978521,-93.82919888,29009.0,6,6,0,0,6,5,35886,0,0,0,0,1
2020-05-08,US,Missouri,Bates,6,1,0,38.25271289,-94.34113157,29013.0,5,6,1,0,5,6,16320,0,0,0,0,0
2020-05-08,US,Missouri,Benton,8,0,0,38.29503305,-93.28756116,29015.0,8,8,0,0,8,8,19278,0,0,0,0,0
2020-05-08,US,Missouri,Bollinger,4,0,0,37.32449052,-90.02725304,29017.0,4,4,0,0,4,4,12169,0,0,0,0,0
2020-05-08,US,Missouri,Boone,98,1,0,38.99186229,-92.30723575,29019.0,97,98,1,0,97,98,180005,0,0,0,0,0
2020-05-08,US,Missouri,Buchanan,409,3,0,39.65816401,-94.80138942,29021.0,406,404,3,0,401,386,88571,5,0,0,5,18
2020-05-08,US,Missouri,Butler,26,0,0,36.71462476,-90.40421163,29023.0,26,26,0,0,26,26,42639,0,0,0,0,0
2020-05-08,US,Missouri,Caldwell,3,0,0,39.65620858,-93.98308093,29025.0,3,3,0,0,3,3,9108,0,0,0,0,0
2020-05-08,US,Missouri,Callaway,23,1,0,38.83674754,-91.92186505,29027.0,22,23,1,0,22,23,44889,0,0,0,0,0
2020-05-08,US,Missouri,Camden,35,1,0,38.02199522,-92.76083747,29029.0,34,35,1,0,34,35,45815,0,0,0,0,0
2020-05-08,US,Missouri,Cape Girardeau,49,1,0,37.38489388,-89.6843587,29031.0,48,49,1,0,48,49,78753,0,0,0,0,0
2020-05-08,US,Missouri,Carroll,3,0,0,39.42762566,-93.50626255,29033.0,3,3,0,0,3,2,8743,0,0,0,0,1
2020-05-08,US,Missouri,Carter,3,1,0,36.94160441,-90.96051322,29035.0,2,3,1,0,2,3,6054,0,0,0,0,0
2020-05-08,US,Missouri,Cass,65,7,0,38.64789422,-94.353399,29037.0,58,65,6,0,59,64,104954,0,1,0,-1,1
2020-05-08,US,Missouri,Cedar,9,0,0,37.72391475,-93.85445441,29039.0,9,9,0,0,9,7,14165,0,0,0,0,2
2020-05-08,US,Missouri,Chariton,5,0,0,39.51499357,-92.9629191,29041.0,5,6,0,0,6,5,7451,-1,0,0,-1,1
2020-05-08,US,Missouri,Christian,20,0,0,36.9711783,-93.18537118,29043.0,20,20,0,0,20,19,86983,0,0,0,0,1
2020-05-08,US,Missouri,Clark,1,0,0,40.41040752,-91.73661677,29045.0,1,1,0,0,1,1,6842,0,0,0,0,0
2020-05-08,US,Missouri,Clay,90,2,0,39.31132056,-94.41850862,29047.0,88,91,2,0,89,85,246365,-1,0,0,-1,6
2020-05-08,US,Missouri,Clinton,14,0,0,39.6013098,-94.40465394,29049.0,14,13,0,0,13,13,20470,1,0,0,1,0
2020-05-08,US,Missouri,Cole,54,1,0,38.50455671,-92.27860244,29051.0,53,55,1,0,54,53,76796,-1,0,0,-1,2
2020-05-08,US,Missouri,Cooper,9,0,0,38.844478,-92.80896081,29053.0,9,9,0,0,9,9,17603,0,0,0,0,0
2020-05-08,US,Missouri,Crawford,8,0,0,37.97663738,-91.30528104,29055.0,8,8,0,0,8,8,23957,0,0,0,0,0
2020-05-08,US,Missouri,Dallas,2,0,0,37.681135499999996,-93.02127031,29059.0,2,2,0,0,2,2,16762,0,0,0,0,0
2020-05-08,US,Missouri,Daviess,3,0,0,39.96145298,-93.98519678,29061.0,3,3,0,0,3,3,8313,0,0,0,0,0
2020-05-08,US,Missouri,DeKalb,4,0,0,39.89201062,-94.40476508,29063.0,4,3,0,0,3,3,12630,1,0,0,1,0
2020-05-08,US,Missouri,Dunklin,24,2,0,36.27167174,-90.09122243,29069.0,22,23,2,0,21,23,29423,1,0,0,1,0
2020-05-08,US,Missouri,Franklin,129,13,0,38.41127108,-91.07522826,29071.0,116,137,13,0,124,132,103670,-8,0,0,-8,5
2020-05-08,US,Missouri,Gasconade,2,0,0,38.43947277,-91.50847147,29073.0,2,2,0,0,2,2,14705,0,0,0,0,0
2020-05-08,US,Missouri,Gentry,1,0,0,40.21097916,-94.40944419,29075.0,1,1,0,0,1,1,6628,0,0,0,0,0
2020-05-08,US,Missouri,Greene,103,8,0,37.2575872,-93.34230916,29077.0,95,99,8,0,91,99,291923,4,0,0,4,0
2020-05-08,US,Missouri,Harrison,6,0,0,40.35570088,-93.99222144,29081.0,6,6,0,0,6,6,8414,0,0,0,0,0
2020-05-08,US,Missouri,Henry,9,1,0,38.38482826,-93.79293734,29083.0,8,8,1,0,7,8,21792,1,0,0,1,0
2020-05-08,US,Missouri,Holt,1,0,0,40.09799248,-95.21638879999999,29087.0,1,1,0,0,1,1,4404,0,0,0,0,0
2020-05-08,US,Missouri,Howard,3,0,0,39.1435761,-92.69756691,29089.0,3,3,0,0,3,2,10137,0,0,0,0,1
2020-05-08,US,Missouri,Howell,5,0,0,36.77383887,-91.88683935,29091.0,5,5,0,0,5,5,40076,0,0,0,0,0
2020-05-08,US,Missouri,Iron,2,0,0,37.55487945,-90.7735296,29093.0,2,2,0,0,2,2,10177,0,0,0,0,0
2020-05-08,US,Missouri,Jackson,380,16,0,39.01002188,-94.34724536,29095.0,364,373,16,0,357,362,700307,7,0,0,7,11
2020-05-08,US,Missouri,Jasper,24,0,0,37.20351921,-94.34050458,29097.0,24,24,0,0,24,24,120636,0,0,0,0,0
2020-05-08,US,Missouri,Jefferson,307,12,0,38.25926778,-90.53870896,29099.0,295,304,10,0,294,301,224347,3,2,0,1,3
2020-05-08,US,Missouri,Johnson,62,0,0,38.74719601,-93.80691168,29101.0,62,62,0,0,62,60,53652,0,0,0,0,2
2020-05-08,US,Missouri,Kansas City,739,16,0,39.0997,-94.5786,0.0,723,723,16,0,707,706,491918,16,0,0,16,17
2020-05-08,US,Missouri,Lafayette,59,1,0,39.06986886,-93.78076396,29107.0,58,58,1,0,57,50,32598,1,0,0,1,8
2020-05-08,US,Missouri,Lawrence,7,0,0,37.10626634,-93.83293097,29109.0,7,2,0,0,2,1,38359,5,0,0,5,1
2020-05-08,US,Missouri,Lewis,6,1,0,40.09673161,-91.72070156,29111.0,5,6,1,0,5,6,9855,0,0,0,0,0
2020-05-08,US,Missouri,Lincoln,77,1,0,39.05345619,-90.95588181,29113.0,76,77,1,0,76,74,57686,0,0,0,0,3
2020-05-08,US,Missouri,Linn,5,1,0,39.87001769,-93.10704106,29115.0,4,5,1,0,4,5,12037,0,0,0,0,0
2020-05-08,US,Missouri,Livingston,3,0,0,39.78110272,-93.54645978,29117.0,3,4,0,0,4,4,15146,-1,0,0,-1,0
2020-05-08,US,Missouri,Macon,2,0,0,39.83049768,-92.56453089,29121.0,2,3,0,0,3,2,15153,-1,0,0,-1,1
2020-05-08,US,Missouri,Madison,2,0,0,37.47865134,-90.34671429999999,29123.0,2,2,0,0,2,2,12188,0,0,0,0,0
2020-05-08,US,Missouri,Maries,2,0,0,38.16193985,-91.92249662,29125.0,2,2,0,0,2,2,8769,0,0,0,0,0
2020-05-08,US,Missouri,Marion,5,0,0,39.80601912,-91.62203062,29127.0,5,5,0,0,5,5,28592,0,0,0,0,0
2020-05-08,US,Missouri,McDonald,4,0,0,36.62869595,-94.34867205,29119.0,4,4,0,0,4,4,23078,0,0,0,0,0
2020-05-08,US,Missouri,Miller,3,0,0,38.21450288,-92.42610898,29131.0,3,3,0,0,3,2,25336,0,0,0,0,1
2020-05-08,US,Missouri,Mississippi,49,0,0,36.82516239,-89.29505753,29133.0,49,33,0,0,33,32,13336,16,0,0,16,1
2020-05-08,US,Missouri,Moniteau,43,0,0,38.63571781,-92.57976951,29135.0,43,51,0,0,51,51,16121,-8,0,0,-8,0
2020-05-08,US,Missouri,Montgomery,7,0,0,38.94022054,-91.47000721,29139.0,7,7,0,0,7,7,11534,0,0,0,0,0
2020-05-08,US,Missouri,Morgan,7,0,0,38.4181765,-92.88791859,29141.0,7,6,0,0,6,6,20358,1,0,0,1,0
2020-05-08,US,Missouri,New Madrid,11,0,0,36.59666326,-89.66070007,29143.0,11,11,0,0,11,11,17296,0,0,0,0,0
2020-05-08,US,Missouri,Newton,11,1,0,36.90519407,-94.3394104,29145.0,10,11,1,0,10,11,58266,0,0,0,0,0
2020-05-08,US,Missouri,Nodaway,5,0,0,40.36079813,-94.88133008,29147.0,5,5,0,0,5,5,22304,0,0,0,0,0
2020-05-08,US,Missouri,Oregon,2,0,0,36.68710164,-91.4033755,29149.0,2,2,0,0,2,2,10541,0,0,0,0,0
2020-05-08,US,Missouri,Osage,5,0,0,38.46036182,-91.8613635,29151.0,5,5,0,0,5,5,13714,0,0,0,0,0
2020-05-08,US,Missouri,Pemiscot,57,3,0,36.2130572,-89.78742322,29155.0,54,55,3,0,52,48,16272,2,0,0,2,7
2020-05-08,US,Missouri,Perry,45,0,0,37.70660776,-89.82741088,29157.0,45,44,0,0,44,44,19150,1,0,0,1,0
2020-05-08,US,Missouri,Pettis,57,0,0,38.72798918,-93.28471706,29159.0,57,56,0,0,56,55,42542,1,0,0,1,1
2020-05-08,US,Missouri,Phelps,2,0,0,37.87736118,-91.79351727,29161.0,2,3,0,0,3,3,44732,-1,0,0,-1,0
2020-05-08,US,Missouri,Pike,13,0,0,39.34310674,-91.16980779,29163.0,13,12,0,0,12,12,18504,1,0,0,1,0
2020-05-08,US,Missouri,Platte,39,0,0,39.38154439,-94.77068479,29165.0,39,38,0,0,38,36,102985,1,0,0,1,2
2020-05-08,US,Missouri,Polk,1,0,0,37.616229600000004,-93.39828174,29167.0,1,1,0,0,1,1,32201,0,0,0,0,0
2020-05-08,US,Missouri,Pulaski,36,1,0,37.82462075,-92.20783203,29169.0,35,36,1,0,35,36,52014,0,0,0,0,0
2020-05-08,US,Missouri,Ralls,1,0,0,39.52817427,-91.51838643,29173.0,1,1,0,0,1,1,10212,0,0,0,0,0
2020-05-08,US,Missouri,Randolph,8,0,0,39.44007257,-92.49713740000001,29175.0,8,8,0,0,8,8,24763,0,0,0,0,0
2020-05-08,US,Missouri,Ray,12,0,0,39.353746799999996,-93.98905745,29177.0,12,12,0,0,12,12,22883,0,0,0,0,0
2020-05-08,US,Missouri,Reynolds,2,0,0,37.36085952,-90.97009925,29179.0,2,2,0,0,2,2,6254,0,0,0,0,0
2020-05-08,US,Missouri,Ripley,5,0,0,36.65460667,-90.85990261,29181.0,5,5,0,0,5,5,13401,0,0,0,0,0
2020-05-08,US,Missouri,Saline,214,0,0,39.13734288,-93.20259964,29195.0,214,211,0,0,211,208,22895,3,0,0,3,3
2020-05-08,US,Missouri,Scotland,4,0,0,40.45214695,-92.14709064,29199.0,4,4,0,0,4,4,4966,0,0,0,0,0
2020-05-08,US,Missouri,Scott,78,5,0,37.05588075,-89.56474493,29201.0,73,77,3,0,74,76,38458,1,2,0,-1,1
2020-05-08,US,Missouri,Shelby,1,0,0,39.79742518,-92.07634971,29205.0,1,1,0,0,1,1,6050,0,0,0,0,0
2020-05-08,US,Missouri,St. Charles,655,46,0,38.77875681,-90.66662425,29183.0,609,646,45,0,601,631,399182,9,1,0,8,15
2020-05-08,US,Missouri,St. Clair,2,0,0,38.03699437,-93.77631447,29185.0,2,2,0,0,2,2,9395,0,0,0,0,0
2020-05-08,US,Missouri,St. Francois,29,1,0,37.81214171,-90.47598685,29187.0,28,29,1,0,28,29,66692,0,0,0,0,0
2020-05-08,US,Missouri,St. Louis,3792,246,0,38.63770039999999,-90.4458375,29189.0,3546,3724,220,0,3504,3648,996945,68,26,0,42,76
2020-05-08,US,Missouri,St. Louis City,1474,85,0,38.63555736,-90.24349225,29510.0,1389,1450,83,0,1367,1384,302838,24,2,0,22,66
2020-05-08,US,Missouri,Ste. Genevieve,8,1,0,37.89090059,-90.1949941,29186.0,7,9,1,0,8,9,17888,-1,0,0,-1,0
2020-05-08,US,Missouri,Stoddard,24,0,0,36.85571651,-89.9444155,29207.0,24,24,0,0,24,24,29206,0,0,0,0,0
2020-05-08,US,Missouri,Stone,3,0,0,36.75000327,-93.45256475,29209.0,3,3,0,0,3,3,31749,0,0,0,0,0
2020-05-08,US,Missouri,Sullivan,1,0,0,40.2099105,-93.11150106,29211.0,1,1,0,0,1,1,6221,0,0,0,0,0
2020-05-08,US,Missouri,Taney,12,2,0,36.65465345,-93.04075153,29213.0,10,12,2,0,10,12,55852,0,0,0,0,0
2020-05-08,US,Missouri,Vernon,4,0,0,37.8457799,-94.34127305,29217.0,4,5,0,0,5,5,20528,-1,0,0,-1,0
2020-05-08,US,Missouri,Warren,28,0,0,38.76529479,-91.16124662,29219.0,28,26,0,0,26,26,34711,2,0,0,2,0
2020-05-08,US,Missouri,Washington,9,1,0,37.96130078,-90.87948158,29221.0,8,9,1,0,8,9,24943,0,0,0,0,0
2020-05-08,US,Missouri,Webster,16,0,0,37.2813734,-92.876329,29225.0,16,15,0,0,15,15,39109,1,0,0,1,0
2020-05-08,US,Missouri,Worth,1,0,0,40.47945588,-94.42328751,29227.0,1,1,0,0,1,1,2040,0,0,0,0,0
2020-05-08,US,Missouri,Wright,10,0,0,37.27029221,-92.46914488,29229.0,10,10,0,0,10,10,18378,0,0,0,0,0
2020-05-08,US,Montana,Beaverhead,1,0,0,45.13434354,-112.89846940000001,30001.0,1,1,0,0,1,1,9404,0,0,0,0,0
2020-05-08,US,Montana,Big Horn,3,0,0,45.42335905,-107.492347,30003.0,3,3,0,0,3,3,13338,0,0,0,0,0
2020-05-08,US,Montana,Broadwater,4,0,0,46.33277565,-111.49558130000001,30007.0,4,4,0,0,4,4,6085,0,0,0,0,0
2020-05-08,US,Montana,Carbon,6,0,0,45.22850116,-109.0274047,30009.0,6,6,0,0,6,6,10714,0,0,0,0,0
2020-05-08,US,Montana,Cascade,16,2,0,47.30797024,-111.3467922,30013.0,14,16,2,0,14,16,81643,0,0,0,0,0
2020-05-08,US,Montana,Deer Lodge,3,0,0,46.05953325,-113.073353,30023.0,3,3,0,0,3,3,9131,0,0,0,0,0
2020-05-08,US,Montana,Flathead,37,2,0,48.29575866,-114.05205690000001,30029.0,35,37,2,0,35,37,102106,0,0,0,0,0
2020-05-08,US,Montana,Gallatin,148,1,0,45.54486106,-111.1692571,30031.0,147,146,1,0,145,146,111876,2,0,0,2,0
2020-05-08,US,Montana,Glacier,6,0,0,48.70513576,-112.9934235,30035.0,6,6,0,0,6,6,13747,0,0,0,0,0
2020-05-08,US,Montana,Golden Valley,3,0,0,46.3816474,-109.17685220000001,30037.0,3,3,0,0,3,3,826,0,0,0,0,0
2020-05-08,US,Montana,Hill,1,0,0,48.62879827,-110.1129252,30041.0,1,1,0,0,1,1,16347,0,0,0,0,0
2020-05-08,US,Montana,Jefferson,2,0,0,46.14907081,-112.094396,30043.0,2,2,0,0,2,2,12097,0,0,0,0,0
2020-05-08,US,Montana,Lake,5,0,0,47.64514965,-114.0898013,30047.0,5,5,0,0,5,5,30250,0,0,0,0,0
2020-05-08,US,Montana,Lewis and Clark,16,0,0,47.12610041,-112.39469799999999,30049.0,16,16,0,0,16,16,68700,0,0,0,0,0
2020-05-08,US,Montana,Liberty,1,0,0,48.56084317,-111.02430700000001,30051.0,1,1,0,0,1,1,2430,0,0,0,0,0
2020-05-08,US,Montana,Lincoln,7,1,0,48.54265777,-115.4046155,30053.0,6,7,1,0,6,7,19794,0,0,0,0,0
2020-05-08,US,Montana,Madison,8,1,0,45.30080065,-111.9173017,30057.0,7,8,1,0,7,8,8768,0,0,0,0,0
2020-05-08,US,Montana,Meagher,1,0,0,46.59907074,-110.8898557,30059.0,1,1,0,0,1,1,1866,0,0,0,0,0
2020-05-08,US,Montana,Missoula,39,1,0,47.03728583,-113.92135079999998,30063.0,38,39,1,0,38,39,118791,0,0,0,0,0
2020-05-08,US,Montana,Musselshell,1,0,0,46.49684637,-108.39498,30065.0,1,1,0,0,1,1,4651,0,0,0,0,0
2020-05-08,US,Montana,Park,8,0,0,45.48965095,-110.52643940000002,30067.0,8,8,0,0,8,8,16736,0,0,0,0,0
2020-05-08,US,Montana,Pondera,2,0,0,48.22773388,-112.22527029999999,30073.0,2,2,0,0,2,2,5972,0,0,0,0,0
2020-05-08,US,Montana,Ravalli,5,0,0,46.08520862,-114.11891640000002,30081.0,5,5,0,0,5,5,43172,0,0,0,0,0
2020-05-08,US,Montana,Richland,3,0,0,47.78668011,-104.5610786,30083.0,3,3,0,0,3,3,10913,0,0,0,0,0
2020-05-08,US,Montana,Roosevelt,7,0,0,48.29607488,-105.00792679999999,30085.0,7,7,0,0,7,7,11059,0,0,0,0,0
2020-05-08,US,Montana,Silver Bow,11,0,0,45.90018933,-112.6620092,30093.0,11,11,0,0,11,11,34993,0,0,0,0,0
2020-05-08,US,Montana,Stillwater,1,0,0,45.67071407,-109.3950061,30095.0,1,1,0,0,1,1,9534,0,0,0,0,0
2020-05-08,US,Montana,Toole,29,6,0,48.65577551,-111.69424140000001,30101.0,23,29,6,0,23,29,4853,0,0,0,0,0
2020-05-08,US,Montana,Wheatland,1,0,0,46.46652491,-109.84646359999999,30107.0,1,1,0,0,1,1,2236,0,0,0,0,0
2020-05-08,US,Montana,Yellowstone,83,2,0,45.93955949,-108.26914860000001,30111.0,81,83,2,0,81,83,160137,0,0,0,0,0
2020-05-08,US,Nebraska,Adams,218,3,0,40.52449420000001,-98.50117804,31001.0,215,216,3,0,213,212,31511,2,0,0,2,4
2020-05-08,US,Nebraska,Antelope,5,0,0,42.17695516,-98.06662829999999,31003.0,5,4,0,0,4,4,6336,1,0,0,1,0
2020-05-08,US,Nebraska,Boone,2,0,0,41.70759415,-98.06737183,31011.0,2,2,0,0,2,2,5239,0,0,0,0,0
2020-05-08,US,Nebraska,Box Butte,1,0,0,42.22079243,-103.08788340000001,31013.0,1,1,0,0,1,1,10772,0,0,0,0,0
2020-05-08,US,Nebraska,Buffalo,119,1,0,40.85486962,-99.07500296,31019.0,118,119,1,0,118,116,49615,0,0,0,0,3
2020-05-08,US,Nebraska,Burt,5,0,0,41.85056773,-96.32605633,31021.0,5,5,0,0,5,5,6488,0,0,0,0,0
2020-05-08,US,Nebraska,Butler,15,0,0,41.22703692,-97.13106306,31023.0,15,13,0,0,13,10,8058,2,0,0,2,3
2020-05-08,US,Nebraska,Cass,9,0,0,40.90899107,-96.13971217,31025.0,9,9,0,0,9,7,26159,0,0,0,0,2
2020-05-08,US,Nebraska,Cedar,5,0,0,42.598885100000004,-97.25311951,31027.0,5,5,0,0,5,4,8446,0,0,0,0,1
2020-05-08,US,Nebraska,Cherry,1,0,0,42.54502621,-101.1244332,31031.0,1,1,0,0,1,1,5761,0,0,0,0,0
2020-05-08,US,Nebraska,Cheyenne,8,0,0,41.21999357,-102.9941693,31033.0,8,7,0,0,7,7,9310,1,0,0,1,0
2020-05-08,US,Nebraska,Clay,11,0,0,40.52439441,-98.05126296,31035.0,11,10,0,0,10,10,6214,1,0,0,1,0
2020-05-08,US,Nebraska,Colfax,391,0,0,41.57486951,-97.0868542,31037.0,391,338,0,0,338,292,10881,53,0,0,53,46
2020-05-08,US,Nebraska,Cuming,10,0,0,41.91637624,-96.78730772,31039.0,10,10,0,0,10,10,8940,0,0,0,0,0
2020-05-08,US,Nebraska,Custer,27,3,0,41.39374521,-99.72805369,31041.0,24,27,3,0,24,26,10840,0,0,0,0,1
2020-05-08,US,Nebraska,Dakota,1323,3,0,42.39040144,-96.56656425,31043.0,1320,1017,3,0,1014,980,20083,306,0,0,306,37
2020-05-08,US,Nebraska,Dawson,680,0,0,40.87028216,-99.82014609999999,31047.0,680,679,0,0,679,676,23709,1,0,0,1,3
2020-05-08,US,Nebraska,Dixon,23,0,0,42.49188363,-96.86782408,31051.0,23,15,0,0,15,14,5709,8,0,0,8,1
2020-05-08,US,Nebraska,Dodge,139,0,0,41.58071748,-96.65598179,31053.0,139,138,0,0,138,126,36791,1,0,0,1,12
2020-05-08,US,Nebraska,Douglas,1342,14,0,41.29518299,-96.15085305,31055.0,1328,1221,14,0,1207,1113,566880,121,0,0,121,108
2020-05-08,US,Nebraska,Fillmore,3,0,0,40.52458567,-97.59646937,31059.0,3,3,0,0,3,3,5527,0,0,0,0,0
2020-05-08,US,Nebraska,Franklin,5,0,0,40.17636348,-98.95299073,31061.0,5,5,0,0,5,5,3023,0,0,0,0,0
2020-05-08,US,Nebraska,Frontier,1,0,0,40.52993007,-100.3924658,31063.0,1,1,0,0,1,1,2608,0,0,0,0,0
2020-05-08,US,Nebraska,Furnas,4,0,0,40.17642064,-99.91247454,31065.0,4,4,0,0,4,4,4715,0,0,0,0,0
2020-05-08,US,Nebraska,Gage,40,3,0,40.26186809,-96.68946704,31067.0,37,40,3,0,37,39,21493,0,0,0,0,1
2020-05-08,US,Nebraska,Gosper,12,0,0,40.51481965,-99.83020279,31073.0,12,12,0,0,12,12,1996,0,0,0,0,0
2020-05-08,US,Nebraska,Greeley,2,0,0,41.56742671,-98.52150266,31077.0,2,2,0,0,2,2,2356,0,0,0,0,0
2020-05-08,US,Nebraska,Hall,1311,28,0,40.87257079,-98.50218293,31079.0,1283,1306,28,0,1278,1287,61607,5,0,0,5,19
2020-05-08,US,Nebraska,Hamilton,45,7,0,40.87349452,-98.02099117,31081.0,38,45,7,0,38,45,9280,0,0,0,0,0
2020-05-08,US,Nebraska,Hitchcock,1,0,0,40.17609175,-101.04164770000001,31087.0,1,1,0,0,1,1,2806,0,0,0,0,0
2020-05-08,US,Nebraska,Holt,1,0,0,42.45522056,-98.78402558,31089.0,1,1,0,0,1,1,10178,0,0,0,0,0
2020-05-08,US,Nebraska,Howard,21,0,0,41.2200529,-98.5166499,31093.0,21,19,0,0,19,19,6468,2,0,0,2,0
2020-05-08,US,Nebraska,Jefferson,4,0,0,40.17584531,-97.142601,31095.0,4,4,0,0,4,4,7097,0,0,0,0,0
2020-05-08,US,Nebraska,Johnson,5,0,0,40.39257596,-96.26522753,31097.0,5,4,0,0,4,4,5134,1,0,0,1,0
2020-05-08,US,Nebraska,Kearney,6,0,0,40.50663314,-98.94877182,31099.0,6,6,0,0,6,6,6544,0,0,0,0,0
2020-05-08,US,Nebraska,Keith,2,0,0,41.19930341,-101.66201640000001,31101.0,2,1,0,0,1,1,8021,1,0,0,1,0
2020-05-08,US,Nebraska,Kimball,9,0,0,41.19774275,-103.7148131,31105.0,9,9,0,0,9,9,3618,0,0,0,0,0
2020-05-08,US,Nebraska,Knox,5,0,0,42.63758421,-97.89178836,31107.0,5,5,0,0,5,5,8419,0,0,0,0,0
2020-05-08,US,Nebraska,Lancaster,547,1,0,40.78416049,-96.68777155,31109.0,546,503,1,0,502,452,317272,44,0,0,44,51
2020-05-08,US,Nebraska,Lincoln,39,1,0,41.04658298,-100.74753740000001,31111.0,38,37,1,0,36,36,35185,2,0,0,2,1
2020-05-08,US,Nebraska,Madison,243,3,0,41.91676024,-97.6005481,31119.0,240,237,3,0,234,226,35392,6,0,0,6,11
2020-05-08,US,Nebraska,Merrick,21,0,0,41.16624273,-98.0374887,31121.0,21,20,0,0,20,20,7733,1,0,0,1,0
2020-05-08,US,Nebraska,Morrill,8,0,0,41.71711774,-103.0061405,31123.0,8,7,0,0,7,7,4686,1,0,0,1,0
2020-05-08,US,Nebraska,Nance,4,0,0,41.39750195,-97.99327291,31125.0,4,4,0,0,4,4,3532,0,0,0,0,0
2020-05-08,US,Nebraska,Nemaha,1,0,0,40.38514847,-95.85433992,31127.0,1,1,0,0,1,1,6958,0,0,0,0,0
2020-05-08,US,Nebraska,Otoe,2,0,0,40.64843556,-96.13374142,31131.0,2,3,0,0,3,3,15985,-1,0,0,-1,0
2020-05-08,US,Nebraska,Phelps,8,0,0,40.51156033,-99.41461667,31137.0,8,8,0,0,8,6,8996,0,0,0,0,2
2020-05-08,US,Nebraska,Pierce,1,0,0,42.26434853,-97.60122773,31139.0,1,1,0,0,1,1,7142,0,0,0,0,0
2020-05-08,US,Nebraska,Platte,324,0,0,41.57246836,-97.52144359,31141.0,324,286,0,0,286,260,33363,38,0,0,38,26
2020-05-08,US,Nebraska,Polk,9,0,0,41.18813488,-97.56630712,31143.0,9,9,0,0,9,9,5278,0,0,0,0,0
2020-05-08,US,Nebraska,Red Willow,5,0,0,40.17556879999999,-100.476998,31145.0,5,5,0,0,5,5,10726,0,0,0,0,0
2020-05-08,US,Nebraska,Saline,320,0,0,40.52418865,-97.14085859,31151.0,320,320,0,0,320,285,14350,0,0,0,0,35
2020-05-08,US,Nebraska,Sarpy,218,0,0,41.11314181,-96.11156432,31153.0,218,198,0,0,198,180,184459,20,0,0,20,18
2020-05-08,US,Nebraska,Saunders,11,0,0,41.227810299999994,-96.63773905,31155.0,11,10,0,0,10,10,21303,1,0,0,1,0
2020-05-08,US,Nebraska,Scotts Bluff,39,0,0,41.85070896,-103.70809859999999,31157.0,39,35,0,0,35,35,35989,4,0,0,4,0
2020-05-08,US,Nebraska,Seward,16,1,0,40.87241834,-97.139673,31159.0,15,15,1,0,14,13,17318,1,0,0,1,2
2020-05-08,US,Nebraska,Sherman,2,0,0,41.22045983,-98.97588642,31163.0,2,2,0,0,2,2,3038,0,0,0,0,0
2020-05-08,US,Nebraska,Stanton,8,0,0,41.9169835,-97.19394708,31167.0,8,8,0,0,8,8,5970,0,0,0,0,0
2020-05-08,US,Nebraska,Thomas,1,0,0,41.91358968,-100.5556632,31171.0,1,1,0,0,1,1,720,0,0,0,0,0
2020-05-08,US,Nebraska,Thurston,12,0,0,42.15725356,-96.54157099,31173.0,12,9,0,0,9,7,7303,3,0,0,3,2
2020-05-08,US,Nebraska,Unassigned,124,21,0,0.0,0.0,90031.0,103,266,22,0,244,0,,-142,-1,0,-141,266
2020-05-08,US,Nebraska,Valley,1,0,0,41.56730777,-98.98197724,31175.0,1,1,0,0,1,1,4190,0,0,0,0,0
2020-05-08,US,Nebraska,Washington,22,1,0,41.52815707,-96.22019892,31177.0,21,22,1,0,21,22,20667,0,0,0,0,0
2020-05-08,US,Nebraska,Wayne,1,0,0,42.20934475,-97.11926964,31179.0,1,1,0,0,1,1,9403,0,0,0,0,0
2020-05-08,US,Nebraska,Webster,5,0,0,40.17642643,-98.50019851,31181.0,5,5,0,0,5,5,3533,0,0,0,0,0
2020-05-08,US,Nebraska,York,15,0,0,40.87272618,-97.59710186,31185.0,15,15,0,0,15,15,13772,0,0,0,0,0
2020-05-08,US,Nevada,Carson City,51,1,0,39.15509045,-119.7480219,32510.0,50,51,1,0,50,51,55414,0,0,0,0,0
2020-05-08,US,Nevada,Churchill,3,0,0,39.58105744,-118.3394607,32001.0,3,3,0,0,3,3,24440,0,0,0,0,0
2020-05-08,US,Nevada,Clark,4573,245,0,36.21458855,-115.0130241,32003.0,4328,4573,245,0,4328,4473,2231647,0,0,0,0,100
2020-05-08,US,Nevada,Douglas,23,0,0,38.912862,-119.61713329999999,32005.0,23,22,0,0,22,22,48467,1,0,0,1,0
2020-05-08,US,Nevada,Elko,15,1,0,41.14531606,-115.3577619,32007.0,14,15,1,0,14,15,52460,0,0,0,0,0
2020-05-08,US,Nevada,Humboldt,58,3,0,41.40692186,-118.11094270000001,32013.0,55,58,3,0,55,58,16786,0,0,0,0,0
2020-05-08,US,Nevada,Lander,14,0,0,39.933223299999995,-117.03970749999999,32015.0,14,14,0,0,14,14,5575,0,0,0,0,0
2020-05-08,US,Nevada,Lincoln,1,0,0,37.64268459,-114.8790388,32017.0,1,1,0,0,1,1,5201,0,0,0,0,0
2020-05-08,US,Nevada,Lyon,37,0,0,39.01777974,-119.18704790000001,32019.0,37,37,0,0,37,36,55808,0,0,0,0,1
2020-05-08,US,Nevada,Mineral,4,0,0,38.53841696,-118.4344506,32021.0,4,4,0,0,4,4,4514,0,0,0,0,0
2020-05-08,US,Nevada,Nye,44,0,0,38.04264256,-116.47227020000001,32023.0,44,44,0,0,44,39,45346,0,0,0,0,5
2020-05-08,US,Nevada,Unassigned,29,5,0,0.0,0.0,90032.0,24,0,9,0,-9,0,,29,-4,0,33,0
2020-05-08,US,Nevada,Washoe,1065,39,0,40.66562265,-119.6631594,32031.0,1026,1030,38,0,992,1022,465735,35,1,0,34,8
2020-05-08,US,Nevada,White Pine,3,0,0,39.44157041,-114.89996599999999,32033.0,3,3,0,0,3,3,9475,0,0,0,0,0
2020-05-08,US,New Hampshire,Belknap,42,0,0,43.51637314,-71.41684235,33001.0,42,42,0,0,42,41,61022,0,0,0,0,1
2020-05-08,US,New Hampshire,Carroll,36,0,0,43.87498583,-71.20430216,33003.0,36,35,0,0,35,34,48779,1,0,0,1,1
2020-05-08,US,New Hampshire,Cheshire,43,2,0,42.92015988,-72.25311043,33005.0,41,41,2,0,39,41,76493,2,0,0,2,0
2020-05-08,US,New Hampshire,Coos,2,0,0,44.69063265,-71.30633239,33007.0,2,2,0,0,2,2,31589,0,0,0,0,0
2020-05-08,US,New Hampshire,Grafton,56,1,0,43.93779815,-71.82057197,33009.0,55,55,1,0,54,54,89786,1,0,0,1,1
2020-05-08,US,New Hampshire,Hillsborough,1375,40,0,42.91537785,-71.7200253,33011.0,1335,1308,40,0,1268,1252,415247,67,0,0,67,56
2020-05-08,US,New Hampshire,Merrimack,227,6,0,43.29662971,-71.6811573,33013.0,221,220,6,0,214,213,151132,7,0,0,7,7
2020-05-08,US,New Hampshire,Rockingham,949,28,0,42.98499744,-71.12883377,33015.0,921,933,28,0,905,903,309176,16,0,0,16,30
2020-05-08,US,New Hampshire,Strafford,175,8,0,43.291833000000004,-71.02336013,33017.0,167,172,8,0,164,168,130090,3,0,0,3,4
2020-05-08,US,New Hampshire,Sullivan,14,1,0,43.36094111,-72.22203125,33019.0,13,14,1,0,13,13,43144,0,0,0,0,1
2020-05-08,US,New Hampshire,Unassigned,28,35,0,0.0,0.0,90033.0,-7,21,28,0,-7,20,,7,7,0,0,1
2020-05-08,US,New Jersey,Atlantic,1423,68,0,39.47538693,-74.65848483,34001.0,1355,1302,62,0,1240,1246,265429,121,6,0,115,56
2020-05-08,US,New Jersey,Bergen,16709,1329,0,40.96010917,-74.07164325,34003.0,15380,16609,1319,0,15290,16520,936692,100,10,0,90,89
2020-05-08,US,New Jersey,Burlington,3431,190,0,39.87681124,-74.66927768,34005.0,3241,3367,185,0,3182,3235,445384,64,5,0,59,132
2020-05-08,US,New Jersey,Camden,4619,199,0,39.80343818,-74.96388753,34007.0,4420,4479,193,0,4286,4307,507078,140,6,0,134,172
2020-05-08,US,New Jersey,Cape May,424,31,0,39.15008829,-74.80170244,34009.0,393,401,31,0,370,378,92560,23,0,0,23,23
2020-05-08,US,New Jersey,Cumberland,1124,28,0,39.37199394,-75.10712559,34011.0,1096,1090,25,0,1065,1059,150972,34,3,0,31,31
2020-05-08,US,New Jersey,Essex,15350,1402,0,40.78681335,-74.24657979,34013.0,13948,15215,1375,0,13840,14951,799767,135,27,0,108,264
2020-05-08,US,New Jersey,Gloucester,1593,72,0,39.71581067,-75.13995546,34015.0,1521,1548,66,0,1482,1499,291408,45,6,0,39,49
2020-05-08,US,New Jersey,Hudson,17365,945,0,40.73766234,-74.07515667,34017.0,16420,17142,935,0,16207,16197,676061,223,10,0,213,945
2020-05-08,US,New Jersey,Hunterdon,701,44,0,40.56335249,-74.91284156,34019.0,657,685,43,0,642,682,124714,16,1,0,15,3
2020-05-08,US,New Jersey,Mercer,5111,322,0,40.28047017,-74.70479631,34021.0,4789,4986,313,0,4673,4860,369811,125,9,0,116,126
2020-05-08,US,New Jersey,Middlesex,13617,748,0,40.43629879,-74.41426991,34023.0,12869,13411,737,0,12674,13254,829685,206,11,0,195,157
2020-05-08,US,New Jersey,Monmouth,6752,429,0,40.26549699,-74.22240686,34025.0,6323,6649,428,0,6221,6552,621354,103,1,0,102,97
2020-05-08,US,New Jersey,Morris,5767,506,0,40.86095313,-74.54553709999998,34027.0,5261,5702,503,0,5199,5655,494228,65,3,0,62,47
2020-05-08,US,New Jersey,Ocean,7277,516,0,39.8895449,-74.28089251,34029.0,6761,7209,500,0,6709,7125,601651,68,16,0,52,84
2020-05-08,US,New Jersey,Passaic,14280,715,0,41.03238628,-74.29954144,34031.0,13565,14133,703,0,13430,13971,503310,147,12,0,135,162
2020-05-08,US,New Jersey,Salem,363,18,0,39.58719656,-75.34696629999998,34033.0,345,358,18,0,340,353,62607,5,0,0,5,5
2020-05-08,US,New Jersey,Somerset,3968,328,0,40.56465737,-74.61683016,34035.0,3640,3914,320,0,3594,3860,331164,54,8,0,46,54
2020-05-08,US,New Jersey,Sussex,1015,125,0,41.13891592,-74.69118243,34037.0,890,1006,123,0,883,995,140799,9,2,0,7,11
2020-05-08,US,New Jersey,Union,13917,844,0,40.65835409,-74.30680092,34039.0,13073,13781,829,0,12952,13604,558067,136,15,0,121,177
2020-05-08,US,New Jersey,Warren,1034,101,0,40.85951833,-74.99556527,34041.0,933,1004,99,0,905,993,105779,30,2,0,28,11
2020-05-08,US,New Mexico,Bernalillo,1030,45,0,35.05163625,-106.6703554,35001.0,985,1012,44,0,968,981,678701,18,1,0,17,31
2020-05-08,US,New Mexico,Catron,2,1,0,33.91514144,-108.4046587,35003.0,1,2,1,0,1,2,3578,0,0,0,0,0
2020-05-08,US,New Mexico,Chaves,27,2,0,33.36406072,-104.4665365,35005.0,25,26,1,0,25,25,64689,1,1,0,0,1
2020-05-08,US,New Mexico,Cibola,85,3,0,34.91131525,-107.998876,35006.0,82,82,3,0,79,82,26746,3,0,0,3,0
2020-05-08,US,New Mexico,Colfax,5,0,0,36.60569702,-104.64726740000002,35007.0,5,5,0,0,5,5,12110,0,0,0,0,0
2020-05-08,US,New Mexico,Curry,28,0,0,34.57421077,-103.34688759999999,35009.0,28,26,0,0,26,23,49437,2,0,0,2,3
2020-05-08,US,New Mexico,Dona Ana,206,2,0,32.35275771,-106.83293870000001,35013.0,204,197,2,0,195,180,217522,9,0,0,9,17
2020-05-08,US,New Mexico,Eddy,14,1,0,32.47167456,-104.3053527,35015.0,13,13,1,0,12,13,57900,1,0,0,1,0
2020-05-08,US,New Mexico,Grant,15,0,0,32.73911281,-108.3827845,35017.0,15,15,0,0,15,15,27346,0,0,0,0,0
2020-05-08,US,New Mexico,Guadalupe,15,0,0,34.86319296,-104.790669,35019.0,15,15,0,0,15,15,4341,0,0,0,0,0
2020-05-08,US,New Mexico,Harding,1,0,0,35.85751555,-103.82209379999999,35021.0,1,1,0,0,1,1,655,0,0,0,0,0
2020-05-08,US,New Mexico,Lea,14,0,0,32.79215361,-103.4123733,35025.0,14,14,0,0,14,14,69611,0,0,0,0,0
2020-05-08,US,New Mexico,Lincoln,2,0,0,33.74526079,-105.4586166,35027.0,2,2,0,0,2,2,19556,0,0,0,0,0
2020-05-08,US,New Mexico,Los Alamos,6,0,0,35.86631386,-106.31349850000001,35028.0,6,6,0,0,6,6,19101,0,0,0,0,0
2020-05-08,US,New Mexico,Luna,7,1,0,32.18179341,-107.75088259999998,35029.0,6,7,1,0,6,7,23963,0,0,0,0,0
2020-05-08,US,New Mexico,McKinley,1460,36,0,35.58007720000001,-108.262245,35031.0,1424,1402,31,0,1371,1337,72290,58,5,0,53,65
2020-05-08,US,New Mexico,Otero,15,0,0,32.61348406,-105.7417604,35035.0,15,9,0,0,9,9,66781,6,0,0,6,0
2020-05-08,US,New Mexico,Quay,4,1,0,35.10403332,-103.54817270000001,35037.0,3,4,1,0,3,4,8253,0,0,0,0,0
2020-05-08,US,New Mexico,Rio Arriba,27,0,0,36.51072137,-106.69316740000001,35039.0,27,26,0,0,26,24,39006,1,0,0,1,2
2020-05-08,US,New Mexico,Roosevelt,11,0,0,34.02097406,-103.4799493,35041.0,11,11,0,0,11,11,18743,0,0,0,0,0
2020-05-08,US,New Mexico,San Juan,989,64,0,36.50838318,-108.32043700000001,35045.0,925,921,62,0,859,844,125043,68,2,0,66,77
2020-05-08,US,New Mexico,San Miguel,5,0,0,35.48014807,-104.8163562,35047.0,5,4,0,0,4,4,27591,1,0,0,1,0
2020-05-08,US,New Mexico,Sandoval,451,20,0,35.68862401,-106.86878030000001,35043.0,431,439,20,0,419,432,145179,12,0,0,12,7
2020-05-08,US,New Mexico,Santa Fe,110,1,0,35.50708973,-105.9774716,35049.0,109,110,1,0,109,110,150056,0,0,0,0,0
2020-05-08,US,New Mexico,Sierra,1,0,0,33.13028233,-107.1925893,35051.0,1,1,0,0,1,1,10968,0,0,0,0,0
2020-05-08,US,New Mexico,Socorro,48,2,0,34.00715494,-106.9298354,35053.0,46,48,2,0,46,48,16735,0,0,0,0,0
2020-05-08,US,New Mexico,Taos,20,0,0,36.58006022,-105.63101979999999,35055.0,20,20,0,0,20,20,32835,0,0,0,0,0
2020-05-08,US,New Mexico,Torrance,17,1,0,34.64048375,-105.8508949,35057.0,16,17,1,0,16,17,15591,0,0,0,0,0
2020-05-08,US,New Mexico,Union,3,0,0,36.48126404,-103.4709624,35059.0,3,3,0,0,3,3,4118,0,0,0,0,0
2020-05-08,US,New Mexico,Valencia,55,1,0,34.71669834,-106.8103733,35061.0,54,54,1,0,53,55,76456,1,0,0,1,-1
2020-05-08,US,New York,Albany,1384,53,0,42.60060306,-73.97723916,36001.0,1331,1348,53,0,1295,1321,307117,36,0,0,36,27
2020-05-08,US,New York,Allegany,35,0,0,42.25748406,-78.02750466,36003.0,35,35,0,0,35,35,46430,0,0,0,0,0
2020-05-08,US,New York,Broome,364,23,0,42.15903158,-75.81326086,36007.0,341,360,23,0,337,345,191659,4,0,0,4,15
2020-05-08,US,New York,Cattaraugus,59,0,0,42.24778241,-78.67923096,36009.0,59,59,0,0,59,54,76840,0,0,0,0,5
2020-05-08,US,New York,Cayuga,52,1,0,42.91261714,-76.55731592,36011.0,51,52,1,0,51,51,77145,0,0,0,0,1
2020-05-08,US,New York,Chautauqua,40,4,0,42.22769210000001,-79.36691763,36013.0,36,40,4,0,36,38,127939,0,0,0,0,2
2020-05-08,US,New York,Chemung,130,1,0,42.13891056,-76.7638805,36015.0,129,129,1,0,128,128,84254,1,0,0,1,1
2020-05-08,US,New York,Chenango,105,0,0,42.49430041,-75.60887553,36017.0,105,105,0,0,105,102,47536,0,0,0,0,3
2020-05-08,US,New York,Clinton,74,4,0,44.74530905,-73.67875352,36019.0,70,69,4,0,65,69,80695,5,0,0,5,0
2020-05-08,US,New York,Columbia,304,16,0,42.24819348,-73.63089095,36021.0,288,302,16,0,286,291,59916,2,0,0,2,11
2020-05-08,US,New York,Cortland,29,0,0,42.59509207,-76.07048931,36023.0,29,29,0,0,29,28,47823,0,0,0,0,1
2020-05-08,US,New York,Delaware,63,4,0,42.19837623,-74.96709306,36025.0,59,63,4,0,59,62,44527,0,0,0,0,1
2020-05-08,US,New York,Dutchess,3277,96,0,41.76486060000001,-73.74356679,36027.0,3181,3233,40,0,3193,3192,293718,44,56,0,-12,41
2020-05-08,US,New York,Erie,4255,346,0,42.76249024,-78.73063652,36029.0,3909,4136,323,0,3813,4008,919719,119,23,0,96,128
2020-05-08,US,New York,Essex,31,0,0,44.11630765,-73.77297842,36031.0,31,30,0,0,30,30,37300,1,0,0,1,0
2020-05-08,US,New York,Franklin,17,0,0,44.59040891,-74.29926032,36033.0,17,16,0,0,16,16,50293,1,0,0,1,0
2020-05-08,US,New York,Fulton,103,0,0,43.11363907,-74.41798804,36035.0,103,101,0,0,101,100,53591,2,0,0,2,1
2020-05-08,US,New York,Genesee,169,3,0,43.0022601,-78.19135193,36037.0,166,168,3,0,165,162,57511,1,0,0,1,6
2020-05-08,US,New York,Greene,199,10,0,42.275797,-74.12384884,36039.0,189,198,10,0,188,188,47491,1,0,0,1,10
2020-05-08,US,New York,Hamilton,5,0,0,43.66146647,-74.49721957,36041.0,5,5,0,0,5,5,4434,0,0,0,0,0
2020-05-08,US,New York,Herkimer,76,3,0,43.42034246,-74.96145307,36043.0,73,74,3,0,71,68,61833,2,0,0,2,6
2020-05-08,US,New York,Jefferson,66,0,0,44.04200959,-75.94653457,36045.0,66,64,0,0,64,63,111755,2,0,0,2,1
2020-05-08,US,New York,Lewis,10,0,0,43.784415700000004,-75.44903992,36049.0,10,10,0,0,10,9,26447,0,0,0,0,1
2020-05-08,US,New York,Livingston,100,6,0,42.72596275,-77.77966158,36051.0,94,95,6,0,89,89,63227,5,0,0,5,6
2020-05-08,US,New York,Madison,249,6,0,42.91653905,-75.67266639,36053.0,243,246,6,0,240,231,70795,3,0,0,3,15
2020-05-08,US,New York,Monroe,1735,143,0,43.14638895,-77.69322942,36055.0,1592,1688,137,0,1551,1655,742474,47,6,0,41,33
2020-05-08,US,New York,Montgomery,64,1,0,42.90123494,-74.44011632,36057.0,63,63,1,0,62,63,49455,1,0,0,1,0
2020-05-08,US,New York,Nassau,37812,1918,0,40.74066522,-73.58941873,36059.0,35894,37593,1904,0,35689,37350,1358343,219,14,0,205,243
2020-05-08,US,New York,New York City,181783,19561,0,40.76727260000001,-73.97152637,36061.0,162222,180216,19626,0,160590,178351,1628701,1567,-65,0,1632,1865
2020-05-08,US,New York,Niagara,605,28,0,43.19898042,-78.74777412,36063.0,577,588,28,0,560,549,210433,17,0,0,17,39
2020-05-08,US,New York,Oneida,620,20,0,43.24375382,-75.43710392,36065.0,600,609,18,0,591,579,229577,11,2,0,9,30
2020-05-08,US,New York,Onondaga,1169,65,0,43.00491923,-76.19971155,36067.0,1104,1115,41,0,1074,1056,461809,54,24,0,30,59
2020-05-08,US,New York,Ontario,104,9,0,42.85145728,-77.30874425,36069.0,95,101,9,0,92,99,109864,3,0,0,3,2
2020-05-08,US,New York,Orange,9402,367,0,41.40337468,-74.30240757,36071.0,9035,9328,364,0,8964,9215,381951,74,3,0,71,113
2020-05-08,US,New York,Orleans,121,14,0,43.2516977,-78.2320066,36073.0,107,108,14,0,94,103,40612,13,0,0,13,5
2020-05-08,US,New York,Oswego,72,3,0,43.42778894,-76.14635194,36075.0,69,70,3,0,67,70,117898,2,0,0,2,0
2020-05-08,US,New York,Otsego,67,4,0,42.63492579,-75.03151402,36077.0,63,67,4,0,63,67,59749,0,0,0,0,0
2020-05-08,US,New York,Putnam,1074,7,0,41.42630093,-73.74965532,36079.0,1067,1066,7,0,1059,1040,98892,8,0,0,8,26
2020-05-08,US,New York,Rensselaer,380,23,0,42.71348136,-73.51089874,36083.0,357,367,23,0,344,347,159442,13,0,0,13,20
2020-05-08,US,New York,Rockland,12349,562,0,41.15027894,-74.02560498,36087.0,11787,12280,557,0,11723,12204,325695,69,5,0,64,76
2020-05-08,US,New York,Saratoga,388,11,0,43.10904162,-73.86653895,36091.0,377,374,11,0,363,371,230163,14,0,0,14,3
2020-05-08,US,New York,Schenectady,558,28,0,42.81668777,-74.05278291,36093.0,530,551,28,0,523,551,155350,7,0,0,7,0
2020-05-08,US,New York,Schoharie,45,0,0,42.58831742,-74.44339029999998,36095.0,45,45,0,0,45,45,31097,0,0,0,0,0
2020-05-08,US,New York,Schuyler,7,0,0,42.39184015,-76.8773299,36097.0,7,7,0,0,7,7,17912,0,0,0,0,0
2020-05-08,US,New York,Seneca,46,0,0,42.78081007,-76.82497064,36099.0,46,46,0,0,46,46,34300,0,0,0,0,0
2020-05-08,US,New York,St. Lawrence,187,0,0,44.4976179,-75.06550039,36089.0,187,181,0,0,181,180,108047,6,0,0,6,1
2020-05-08,US,New York,Steuben,225,37,0,42.2689144,-77.3829924,36101.0,188,224,37,0,187,223,95796,1,0,0,1,1
2020-05-08,US,New York,Suffolk,36223,1568,0,40.88320119,-72.8012172,36103.0,34655,35892,1547,0,34345,35543,1481093,331,21,0,310,349
2020-05-08,US,New York,Sullivan,1039,23,0,41.71579493,-74.76394559,36105.0,1016,1021,23,0,998,996,75498,18,0,0,18,25
2020-05-08,US,New York,Tioga,99,14,0,42.16852837,-76.30835812,36107.0,85,97,14,0,83,96,48560,2,0,0,2,1
2020-05-08,US,New York,Tompkins,131,0,0,42.44945765,-76.47229843,36109.0,131,130,0,0,130,129,102793,1,0,0,1,1
2020-05-08,US,New York,Ulster,1429,54,0,41.89027881,-74.26252104,36111.0,1375,1416,51,0,1365,1383,178599,13,3,0,10,33
2020-05-08,US,New York,Warren,199,0,0,43.56173026,-73.8433699,36113.0,199,193,0,0,193,193,64265,6,0,0,6,0
2020-05-08,US,New York,Washington,201,8,0,43.31153794,-73.43043448,36115.0,193,190,8,0,182,189,61197,11,0,0,11,1
2020-05-08,US,New York,Wayne,79,2,0,43.15494365,-77.02976528,36117.0,77,78,2,0,76,78,90064,1,0,0,1,0
2020-05-08,US,New York,Westchester,30905,1191,0,41.16278376,-73.75741653,36119.0,29714,30708,1184,0,29524,30426,967612,197,7,0,190,282
2020-05-08,US,New York,Wyoming,73,5,0,42.70145109,-78.22199579,36121.0,68,71,5,0,66,70,40085,2,0,0,2,1
2020-05-08,US,New York,Yates,20,1,0,42.63505484,-77.10369919,36123.0,19,19,1,0,18,19,24841,1,0,0,1,0
2020-05-08,US,North Carolina,Alamance,149,3,0,36.0434701,-79.39976137,37001.0,146,143,3,0,140,128,166436,6,0,0,6,15
2020-05-08,US,North Carolina,Alexander,8,0,0,35.922379600000006,-81.17751948,37003.0,8,8,0,0,8,6,37353,0,0,0,0,2
2020-05-08,US,North Carolina,Alleghany,7,0,0,36.49360862,-81.12857041,37005.0,7,7,0,0,7,7,11161,0,0,0,0,0
2020-05-08,US,North Carolina,Anson,37,0,0,34.97403241,-80.09953279,37007.0,37,33,0,0,33,31,24877,4,0,0,4,2
2020-05-08,US,North Carolina,Ashe,7,0,0,36.43296207,-81.49862729,37009.0,7,6,0,0,6,5,27109,1,0,0,1,1
2020-05-08,US,North Carolina,Beaufort,24,0,0,35.48531943,-76.84325809,37013.0,24,22,0,0,22,22,47079,2,0,0,2,0
2020-05-08,US,North Carolina,Bertie,58,2,0,36.0688473,-76.96545943,37015.0,56,57,2,0,55,53,19026,1,0,0,1,4
2020-05-08,US,North Carolina,Bladen,50,0,0,34.61296243,-78.56180059,37017.0,50,45,0,0,45,40,33190,5,0,0,5,5
2020-05-08,US,North Carolina,Brunswick,50,2,0,34.070565,-78.22814204,37019.0,48,50,2,0,48,50,136744,0,0,0,0,0
2020-05-08,US,North Carolina,Buncombe,88,5,0,35.61113393,-82.53305,37021.0,83,88,5,0,83,79,259103,0,0,0,0,9
2020-05-08,US,North Carolina,Burke,128,11,0,35.74989637,-81.70755735,37023.0,117,126,11,0,115,117,90382,2,0,0,2,9
2020-05-08,US,North Carolina,Cabarrus,338,17,0,35.3877799,-80.55267168,37025.0,321,333,17,0,316,326,211342,5,0,0,5,7
2020-05-08,US,North Carolina,Caldwell,52,0,0,35.95204977,-81.54799522,37027.0,52,50,0,0,50,45,82029,2,0,0,2,5
2020-05-08,US,North Carolina,Camden,2,0,0,36.33804939,-76.15568396,37029.0,2,2,0,0,2,2,10710,0,0,0,0,0
2020-05-08,US,North Carolina,Carteret,29,3,0,34.8932941,-76.54120135,37031.0,26,29,3,0,26,29,69524,0,0,0,0,0
2020-05-08,US,North Carolina,Caswell,38,0,0,36.39312665,-79.33353281,37033.0,38,38,0,0,38,36,22698,0,0,0,0,2
2020-05-08,US,North Carolina,Catawba,67,1,0,35.66211129,-81.2132617,37035.0,66,65,1,0,64,65,158652,2,0,0,2,0
2020-05-08,US,North Carolina,Chatham,435,11,0,35.70394416,-79.25541492,37037.0,424,421,11,0,410,412,73139,14,0,0,14,9
2020-05-08,US,North Carolina,Cherokee,19,1,0,35.1349263,-84.05970864,37039.0,18,19,1,0,18,19,28383,0,0,0,0,0
2020-05-08,US,North Carolina,Chowan,8,0,0,36.12908077,-76.60118385,37041.0,8,7,0,0,7,7,14029,1,0,0,1,0
2020-05-08,US,North Carolina,Clay,6,0,0,35.05704275,-83.74353633,37043.0,6,6,0,0,6,6,11139,0,0,0,0,0
2020-05-08,US,North Carolina,Cleveland,50,2,0,35.33553364,-81.55204486,37045.0,48,50,2,0,48,48,97645,0,0,0,0,2
2020-05-08,US,North Carolina,Columbus,186,13,0,34.26744084,-78.65801424,37047.0,173,184,11,0,173,177,55655,2,2,0,0,7
2020-05-08,US,North Carolina,Craven,49,4,0,35.11833364,-77.08398081,37049.0,45,46,4,0,42,44,102912,3,0,0,3,2
2020-05-08,US,North Carolina,Cumberland,356,9,0,35.04762133,-78.82623165,37051.0,347,356,9,0,347,330,332330,0,0,0,0,26
2020-05-08,US,North Carolina,Currituck,9,0,0,36.36123664,-75.95876401,37053.0,9,7,0,0,7,5,27072,2,0,0,2,2
2020-05-08,US,North Carolina,Dare,18,1,0,35.66520691,-75.71767334,37055.0,17,18,1,0,17,18,36501,0,0,0,0,0
2020-05-08,US,North Carolina,Davidson,199,10,0,35.79115496,-80.21256572,37057.0,189,191,10,0,181,191,166614,8,0,0,8,0
2020-05-08,US,North Carolina,Davie,31,2,0,35.93099927,-80.54496571,37059.0,29,31,2,0,29,31,42733,0,0,0,0,0
2020-05-08,US,North Carolina,Duplin,180,3,0,34.93449805,-77.93140529,37061.0,177,161,3,0,158,146,58856,19,0,0,19,15
2020-05-08,US,North Carolina,Durham,872,31,0,36.03638492,-78.87608331,37063.0,841,841,30,0,811,818,316739,31,1,0,30,23
2020-05-08,US,North Carolina,Edgecombe,139,7,0,35.91230639,-77.59436892,37065.0,132,137,7,0,130,128,52005,2,0,0,2,9
2020-05-08,US,North Carolina,Forsyth,353,5,0,36.12859861,-80.25459052,37067.0,348,332,5,0,327,329,379099,21,0,0,21,3
2020-05-08,US,North Carolina,Franklin,111,22,0,36.081519,-78.28708884,37069.0,89,111,22,0,89,106,67560,0,0,0,0,5
2020-05-08,US,North Carolina,Gaston,161,4,0,35.29373559,-81.17477045,37071.0,157,157,4,0,153,155,222846,4,0,0,4,2
2020-05-08,US,North Carolina,Gates,10,0,0,36.44667547,-76.69749701,37073.0,10,10,0,0,10,10,11573,0,0,0,0,0
2020-05-08,US,North Carolina,Graham,2,0,0,35.3506925,-83.83369267,37075.0,2,2,0,0,2,2,8484,0,0,0,0,0
2020-05-08,US,North Carolina,Granville,164,6,0,36.30337451,-78.65184241,37077.0,158,164,6,0,158,161,60115,0,0,0,0,3
2020-05-08,US,North Carolina,Greene,34,0,0,35.48544173,-77.67578087,37079.0,34,33,0,0,33,22,21012,1,0,0,1,11
2020-05-08,US,North Carolina,Guilford,553,38,0,36.07959451,-79.78824948,37081.0,515,536,35,0,501,527,533670,17,3,0,14,9
2020-05-08,US,North Carolina,Halifax,82,1,0,36.25669272,-77.6556109,37083.0,81,77,1,0,76,73,50574,5,0,0,5,4
2020-05-08,US,North Carolina,Harnett,207,12,0,35.36731853,-78.87243571,37085.0,195,199,12,0,187,192,134214,8,0,0,8,7
2020-05-08,US,North Carolina,Haywood,18,0,0,35.55269063,-82.98196486,37087.0,18,18,0,0,18,18,61971,0,0,0,0,0
2020-05-08,US,North Carolina,Henderson,218,24,0,35.33788927,-82.4766782,37089.0,194,216,23,0,193,213,116748,2,1,0,1,3
2020-05-08,US,North Carolina,Hertford,46,1,0,36.3607755,-76.98104134,37091.0,45,46,1,0,45,46,23659,0,0,0,0,0
2020-05-08,US,North Carolina,Hoke,117,0,0,35.01888303,-79.23651674,37093.0,117,113,0,0,113,103,54764,4,0,0,4,10
2020-05-08,US,North Carolina,Hyde,1,0,0,35.42017674,-76.15180542,37095.0,1,1,0,0,1,1,5230,0,0,0,0,0
2020-05-08,US,North Carolina,Iredell,141,6,0,35.80950511,-80.8743128,37097.0,135,138,6,0,132,138,178435,3,0,0,3,0
2020-05-08,US,North Carolina,Jackson,21,0,0,35.28814273,-83.14093385,37099.0,21,20,0,0,20,20,43327,1,0,0,1,0
2020-05-08,US,North Carolina,Johnston,191,17,0,35.51745004,-78.36622717,37101.0,174,189,17,0,172,189,202675,2,0,0,2,0
2020-05-08,US,North Carolina,Jones,19,2,0,35.02254606,-77.35870791,37103.0,17,19,2,0,17,19,9637,0,0,0,0,0
2020-05-08,US,North Carolina,Lee,238,1,0,35.47623147,-79.17569362,37105.0,237,229,1,0,228,228,61452,9,0,0,9,1
2020-05-08,US,North Carolina,Lenoir,105,4,0,35.24032589999999,-77.64245615,37107.0,101,97,4,0,93,95,55976,8,0,0,8,2
2020-05-08,US,North Carolina,Lincoln,39,0,0,35.48508185,-81.21740317,37109.0,39,37,0,0,37,37,83770,2,0,0,2,0
2020-05-08,US,North Carolina,Macon,3,1,0,35.14867843,-83.41696617,37113.0,2,3,1,0,2,3,35285,0,0,0,0,0
2020-05-08,US,North Carolina,Madison,1,0,0,35.85402722,-82.71346418,37115.0,1,1,0,0,1,1,21763,0,0,0,0,0
2020-05-08,US,North Carolina,Martin,28,1,0,35.84326734,-77.10860251,37117.0,27,27,1,0,26,25,22671,1,0,0,1,2
2020-05-08,US,North Carolina,McDowell,29,1,0,35.67736232,-82.0482425,37111.0,28,28,1,0,27,28,45507,1,0,0,1,0
2020-05-08,US,North Carolina,Mecklenburg,1989,58,0,35.24469268,-80.8317671,37119.0,1931,1922,58,0,1864,1870,1093901,67,0,0,67,52
2020-05-08,US,North Carolina,Mitchell,5,0,0,36.01059309,-82.1582442,37121.0,5,5,0,0,5,5,15000,0,0,0,0,0
2020-05-08,US,North Carolina,Montgomery,43,2,0,35.33155144,-79.90416657,37123.0,41,43,2,0,41,41,27271,0,0,0,0,2
2020-05-08,US,North Carolina,Moore,148,9,0,35.30885257,-79.48474178,37125.0,139,148,7,0,141,148,98682,0,2,0,-2,0
2020-05-08,US,North Carolina,Nash,116,3,0,35.96575634,-77.98422508,37127.0,113,107,3,0,104,106,94016,9,0,0,9,1
2020-05-08,US,North Carolina,New Hanover,97,3,0,34.25758282,-77.87075626,37129.0,94,97,3,0,94,97,232274,0,0,0,0,0
2020-05-08,US,North Carolina,Northampton,102,7,0,36.41736238,-77.39769443,37131.0,95,102,5,0,97,93,19676,0,2,0,-2,9
2020-05-08,US,North Carolina,Onslow,53,2,0,34.72607366,-77.42908179,37133.0,51,53,2,0,51,52,197683,0,0,0,0,1
2020-05-08,US,North Carolina,Orange,244,32,0,36.06092947,-79.12167935,37135.0,212,239,30,0,209,230,146027,5,2,0,3,9
2020-05-08,US,North Carolina,Pamlico,8,0,0,35.15253315,-76.66559823,37137.0,8,8,0,0,8,8,12670,0,0,0,0,0
2020-05-08,US,North Carolina,Pasquotank,75,3,0,36.26723798,-76.25134778,37139.0,72,39,2,0,37,38,39639,36,1,0,35,1
2020-05-08,US,North Carolina,Pender,23,1,0,34.52265624,-77.90352133,37141.0,22,20,1,0,19,19,62162,3,0,0,3,1
2020-05-08,US,North Carolina,Perquimans,14,0,0,36.17847453,-76.40603143,37143.0,14,14,0,0,14,14,13422,0,0,0,0,0
2020-05-08,US,North Carolina,Person,29,1,0,36.38989032,-78.97217358,37145.0,28,27,1,0,26,23,39507,2,0,0,2,4
2020-05-08,US,North Carolina,Pitt,160,2,0,35.59535426,-77.37353178,37147.0,158,152,2,0,150,147,179914,8,0,0,8,5
2020-05-08,US,North Carolina,Polk,31,0,0,35.27820615,-82.16812354,37149.0,31,30,0,0,30,27,20611,1,0,0,1,3
2020-05-08,US,North Carolina,Randolph,307,5,0,35.71015088,-79.80570339,37151.0,302,290,5,0,285,285,143351,17,0,0,17,5
2020-05-08,US,North Carolina,Richmond,81,2,0,35.00417719,-79.74491009,37153.0,79,80,2,0,78,65,44887,1,0,0,1,15
2020-05-08,US,North Carolina,Robeson,327,4,0,34.64244496,-79.10250529999998,37155.0,323,323,4,0,319,323,131831,4,0,0,4,0
2020-05-08,US,North Carolina,Rockingham,38,2,0,36.39593137,-79.77504841,37157.0,36,36,2,0,34,34,90690,2,0,0,2,2
2020-05-08,US,North Carolina,Rowan,467,25,0,35.64003916,-80.52446628,37159.0,442,452,25,0,427,439,141262,15,0,0,15,13
2020-05-08,US,North Carolina,Rutherford,149,6,0,35.40114178,-81.92112099,37161.0,143,148,6,0,142,147,66826,1,0,0,1,1
2020-05-08,US,North Carolina,Sampson,136,1,0,34.98820368,-78.36914061,37163.0,135,126,1,0,125,108,63626,10,0,0,10,18
2020-05-08,US,North Carolina,Scotland,36,0,0,34.8386299,-79.4757978,37165.0,36,34,0,0,34,32,34810,2,0,0,2,2
2020-05-08,US,North Carolina,Stanly,30,4,0,35.31647813,-80.25093221,37167.0,26,30,4,0,26,30,62075,0,0,0,0,0
2020-05-08,US,North Carolina,Stokes,11,0,0,36.4017975,-80.23893369,37169.0,11,11,0,0,11,11,45467,0,0,0,0,0
2020-05-08,US,North Carolina,Surry,30,0,0,36.41689489,-80.69102283,37171.0,30,26,0,0,26,20,71948,4,0,0,4,6
2020-05-08,US,North Carolina,Swain,5,0,0,35.48665845,-83.48748932,37173.0,5,5,0,0,5,4,14245,0,0,0,0,1
2020-05-08,US,North Carolina,Transylvania,8,0,0,35.20383864,-82.79638423,37175.0,8,8,0,0,8,8,34215,0,0,0,0,0
2020-05-08,US,North Carolina,Tyrrell,4,0,0,35.87147226,-76.17055253,37177.0,4,4,0,0,4,4,4131,0,0,0,0,0
2020-05-08,US,North Carolina,Union,284,15,0,34.98960527,-80.52955873,37179.0,269,283,15,0,268,278,235908,1,0,0,1,5
2020-05-08,US,North Carolina,Vance,153,11,0,36.36880673,-78.40670845,37181.0,142,147,10,0,137,120,44582,6,1,0,5,27
2020-05-08,US,North Carolina,Wake,1008,23,0,35.78879266,-78.65249174,37183.0,985,981,21,0,960,958,1092305,27,2,0,25,23
2020-05-08,US,North Carolina,Warren,22,0,0,36.39728256,-78.10652228,37185.0,22,19,0,0,19,18,19807,3,0,0,3,1
2020-05-08,US,North Carolina,Washington,25,3,0,35.83810081,-76.57299037,37187.0,22,25,3,0,22,25,11859,0,0,0,0,0
2020-05-08,US,North Carolina,Watauga,9,0,0,36.23103603,-81.70033724,37189.0,9,9,0,0,9,9,55945,0,0,0,0,0
2020-05-08,US,North Carolina,Wayne,715,12,0,35.36438125,-78.00027268,37191.0,703,699,12,0,687,688,123248,16,0,0,16,11
2020-05-08,US,North Carolina,Wilkes,198,1,0,36.2084135,-81.16232895,37193.0,197,186,1,0,185,147,68557,12,0,0,12,39
2020-05-08,US,North Carolina,Wilson,199,8,0,35.70625477,-77.917978,37195.0,191,192,8,0,184,192,81455,7,0,0,7,0
2020-05-08,US,North Carolina,Yadkin,39,1,0,36.16222629,-80.66239436,37197.0,38,33,1,0,32,27,37543,6,0,0,6,6
2020-05-08,US,North Carolina,Yancey,7,0,0,35.90079156,-82.31237181,37199.0,7,7,0,0,7,1,17903,0,0,0,0,6
2020-05-08,US,North Dakota,Barnes,4,0,0,46.93579637,-98.06605978,38003.0,4,4,0,0,4,4,10542,0,0,0,0,0
2020-05-08,US,North Dakota,Benson,2,0,0,48.0683985,-99.35916363,38005.0,2,2,0,0,2,,6962,0,0,0,0,
2020-05-08,US,North Dakota,Bowman,1,0,0,46.11285362,-103.5203343,38011.0,1,1,0,0,1,1,3076,0,0,0,0,0
2020-05-08,US,North Dakota,Burke,5,0,0,48.79094471,-102.51821170000001,38013.0,5,5,0,0,5,5,2100,0,0,0,0,0
2020-05-08,US,North Dakota,Burleigh,103,0,0,46.97847375,-100.46452140000001,38015.0,103,102,0,0,102,102,95273,1,0,0,1,0
2020-05-08,US,North Dakota,Cass,752,17,0,46.93201724,-97.24447190000001,38017.0,735,709,17,0,692,686,181516,43,0,0,43,23
2020-05-08,US,North Dakota,Divide,1,0,0,48.814938700000006,-103.48736109999999,38023.0,1,1,0,0,1,1,2283,0,0,0,0,0
2020-05-08,US,North Dakota,Dunn,11,0,0,47.35423935,-102.61604679999999,38025.0,11,11,0,0,11,11,4332,0,0,0,0,0
2020-05-08,US,North Dakota,Eddy,1,0,0,47.71701474,-98.90432337,38027.0,1,1,0,0,1,1,2313,0,0,0,0,0
2020-05-08,US,North Dakota,Emmons,1,1,0,46.28398398,-100.2389766,38029.0,0,1,1,0,0,1,3295,0,0,0,0,0
2020-05-08,US,North Dakota,Foster,1,0,0,47.457108399999996,-98.88279923,38031.0,1,1,0,0,1,1,3216,0,0,0,0,0
2020-05-08,US,North Dakota,Grand Forks,282,1,0,47.92093639,-97.45450447,38035.0,281,275,1,0,274,271,70770,7,0,0,7,4
2020-05-08,US,North Dakota,Grant,1,0,0,46.35821257,-101.63900129999999,38037.0,1,1,0,0,1,1,2374,0,0,0,0,0
2020-05-08,US,North Dakota,McHenry,1,1,0,48.23104458,-100.6324822,38049.0,0,1,1,0,0,1,5816,0,0,0,0,0
2020-05-08,US,North Dakota,McIntosh,1,0,0,46.11182017,-99.44145858,38051.0,1,1,0,0,1,1,2585,0,0,0,0,0
2020-05-08,US,North Dakota,McKenzie,15,0,0,47.74133370000001,-103.395905,38053.0,15,15,0,0,15,13,13632,0,0,0,0,2
2020-05-08,US,North Dakota,McLean,5,0,0,47.60766714,-101.3182418,38055.0,5,5,0,0,5,5,9541,0,0,0,0,0
2020-05-08,US,North Dakota,Mercer,3,0,0,47.31213126,-101.8318399,38057.0,3,3,0,0,3,3,8267,0,0,0,0,0
2020-05-08,US,North Dakota,Morton,35,2,0,46.71681782,-101.2822377,38059.0,33,35,2,0,33,35,31095,0,0,0,0,0
2020-05-08,US,North Dakota,Mountrail,37,0,0,48.20197971,-102.3555315,38061.0,37,35,0,0,35,36,10218,2,0,0,2,-1
2020-05-08,US,North Dakota,Nelson,1,0,0,47.9226426,-98.19038437,38063.0,1,1,0,0,1,1,2869,0,0,0,0,0
2020-05-08,US,North Dakota,Oliver,1,0,0,47.11530482,-101.3406158,38065.0,1,1,0,0,1,1,1952,0,0,0,0,0
2020-05-08,US,North Dakota,Pembina,6,0,0,48.76623521,-97.5523809,38067.0,6,5,0,0,5,4,6947,1,0,0,1,1
2020-05-08,US,North Dakota,Pierce,3,0,0,48.24977025,-99.96407787,38069.0,3,3,0,0,3,2,4081,0,0,0,0,1
2020-05-08,US,North Dakota,Ramsey,5,0,0,48.26886249,-98.72223879,38071.0,5,5,0,0,5,3,11481,0,0,0,0,2
2020-05-08,US,North Dakota,Ransom,2,0,0,46.45621782,-97.65742504,38073.0,2,2,0,0,2,2,5237,0,0,0,0,0
2020-05-08,US,North Dakota,Renville,1,0,0,48.71982533,-101.6603912,38075.0,1,1,0,0,1,1,2374,0,0,0,0,0
2020-05-08,US,North Dakota,Richland,8,0,0,46.26440649,-96.94852979,38077.0,8,8,0,0,8,7,16239,0,0,0,0,1
2020-05-08,US,North Dakota,Rolette,2,0,0,48.77245354,-99.84097493,38079.0,2,2,0,0,2,1,14301,0,0,0,0,1
2020-05-08,US,North Dakota,Sargent,3,0,0,46.10830372,-97.63217159,38081.0,3,3,0,0,3,2,3870,0,0,0,0,1
2020-05-08,US,North Dakota,Sioux,1,0,0,46.11323337,-101.04401490000001,38085.0,1,1,0,0,1,1,4358,0,0,0,0,0
2020-05-08,US,North Dakota,Slope,3,0,0,46.44737738,-103.4601547,38087.0,3,3,0,0,3,3,763,0,0,0,0,0
2020-05-08,US,North Dakota,Stark,60,2,0,46.80851182,-102.65763259999999,38089.0,58,60,2,0,58,57,30997,0,0,0,0,3
2020-05-08,US,North Dakota,Stutsman,12,0,0,46.97962541,-98.95637318,38093.0,12,12,0,0,12,12,20917,0,0,0,0,0
2020-05-08,US,North Dakota,Traill,1,0,0,47.45367788,-97.16323288,38097.0,1,1,0,0,1,,8037,0,0,0,0,
2020-05-08,US,North Dakota,Unassigned,0,8,0,0.0,0.0,90038.0,-8,0,6,0,-6,0,,0,2,0,-2,0
2020-05-08,US,North Dakota,Walsh,8,0,0,48.36876964,-97.72574783,38099.0,8,8,0,0,8,7,10667,0,0,0,0,1
2020-05-08,US,North Dakota,Ward,26,1,0,48.22390169,-101.54367629999999,38101.0,25,26,1,0,25,25,67744,0,0,0,0,1
2020-05-08,US,North Dakota,Wells,2,0,0,47.58614526,-99.65904998,38103.0,2,2,0,0,2,2,3957,0,0,0,0,0
2020-05-08,US,North Dakota,Williams,18,0,0,48.34522353,-103.4793387,38105.0,18,18,0,0,18,13,35350,0,0,0,0,5
2020-05-08,US,Ohio,Adams,5,0,0,38.84541072,-83.4718964,39001.0,5,5,0,0,5,5,27724,0,0,0,0,0
2020-05-08,US,Ohio,Allen,139,29,0,40.77285242,-84.10802343,39003.0,110,138,28,0,110,139,102663,1,1,0,0,-1
2020-05-08,US,Ohio,Ashland,12,0,0,40.84772277,-82.27280781,39005.0,12,12,0,0,12,12,53745,0,0,0,0,0
2020-05-08,US,Ohio,Ashtabula,172,18,0,41.70860332,-80.74830218,39007.0,154,169,18,0,151,165,97493,3,0,0,3,4
2020-05-08,US,Ohio,Athens,4,1,0,39.33425634,-82.04278644,39009.0,3,4,1,0,3,4,65818,0,0,0,0,0
2020-05-08,US,Ohio,Auglaize,42,3,0,40.55998859,-84.22421429999999,39011.0,39,36,3,0,33,36,45804,6,0,0,6,0
2020-05-08,US,Ohio,Belmont,216,7,0,40.01625942,-80.9924051,39013.0,209,205,7,0,198,201,67505,11,0,0,11,4
2020-05-08,US,Ohio,Brown,16,1,0,38.93416837,-83.86788395,39015.0,15,16,1,0,15,13,43602,0,0,0,0,3
2020-05-08,US,Ohio,Butler,404,12,0,39.44012838,-84.57388716,39017.0,392,372,12,0,360,361,382378,32,0,0,32,11
2020-05-08,US,Ohio,Carroll,23,1,0,40.578968599999996,-81.09178213,39019.0,22,21,1,0,20,21,27081,2,0,0,2,0
2020-05-08,US,Ohio,Champaign,16,1,0,40.13923427,-83.76875242,39021.0,15,16,1,0,15,15,38754,0,0,0,0,1
2020-05-08,US,Ohio,Clark,80,2,0,39.91592258,-83.78498252,39023.0,78,74,2,0,72,71,134585,6,0,0,6,3
2020-05-08,US,Ohio,Clermont,120,3,0,39.04847534,-84.15375786,39025.0,117,110,3,0,107,110,205466,10,0,0,10,0
2020-05-08,US,Ohio,Clinton,33,0,0,39.41485808,-83.80852286,39027.0,33,32,0,0,32,31,42057,1,0,0,1,1
2020-05-08,US,Ohio,Columbiana,313,33,0,40.76932373,-80.78094576,39029.0,280,311,32,0,279,297,102665,2,1,0,1,14
2020-05-08,US,Ohio,Coshocton,19,0,0,40.30096166,-81.91729018,39031.0,19,18,0,0,18,17,36629,1,0,0,1,1
2020-05-08,US,Ohio,Crawford,69,1,0,40.85065156,-82.91989099,39033.0,68,65,1,0,64,60,41550,4,0,0,4,5
2020-05-08,US,Ohio,Cuyahoga,2668,143,0,41.424119,-81.65918339,39035.0,2525,2591,136,0,2455,2542,1243857,77,7,0,70,49
2020-05-08,US,Ohio,Darke,82,14,0,40.13412966,-84.6194517,39037.0,68,79,14,0,65,79,51323,3,0,0,3,0
2020-05-08,US,Ohio,Defiance,21,1,0,41.32398837,-84.49076944,39039.0,20,21,1,0,20,21,38165,0,0,0,0,0
2020-05-08,US,Ohio,Delaware,199,4,0,40.27942393,-83.00457058,39041.0,195,196,4,0,192,190,204826,3,0,0,3,6
2020-05-08,US,Ohio,Erie,78,3,0,41.36796058,-82.62904521,39043.0,75,75,3,0,72,71,74615,3,0,0,3,4
2020-05-08,US,Ohio,Fairfield,171,2,0,39.75107189,-82.63088163,39045.0,169,162,2,0,160,158,155782,9,0,0,9,4
2020-05-08,US,Ohio,Fayette,23,0,0,39.56021306,-83.4562016,39047.0,23,23,0,0,23,21,28666,0,0,0,0,2
2020-05-08,US,Ohio,Franklin,3615,108,0,39.96995815,-83.01115755,39049.0,3507,3377,107,0,3270,3237,1310300,238,1,0,237,140
2020-05-08,US,Ohio,Fulton,30,0,0,41.60213491,-84.12571393,39051.0,30,30,0,0,30,30,42276,0,0,0,0,0
2020-05-08,US,Ohio,Gallia,6,1,0,38.82708533,-82.31647569,39053.0,5,6,1,0,5,6,29979,0,0,0,0,0
2020-05-08,US,Ohio,Geauga,187,19,0,41.49952319,-81.17935342,39055.0,168,184,19,0,165,181,94031,3,0,0,3,3
2020-05-08,US,Ohio,Greene,52,5,0,39.69116283,-83.89032084,39057.0,47,52,5,0,47,50,167995,0,0,0,0,2
2020-05-08,US,Ohio,Guernsey,20,0,0,40.05026529,-81.49248905,39059.0,20,20,0,0,20,20,39022,0,0,0,0,0
2020-05-08,US,Ohio,Hamilton,1664,100,0,39.19673558,-84.54502924,39061.0,1564,1572,93,0,1479,1527,816684,92,7,0,85,45
2020-05-08,US,Ohio,Hancock,39,1,0,41.00250487,-83.66838948,39063.0,38,39,1,0,38,39,75930,0,0,0,0,0
2020-05-08,US,Ohio,Hardin,27,0,0,40.66015414,-83.65929931,39065.0,27,26,0,0,26,26,31480,1,0,0,1,0
2020-05-08,US,Ohio,Harrison,6,0,0,40.29380509,-81.09068544,39067.0,6,6,0,0,6,6,15174,0,0,0,0,0
2020-05-08,US,Ohio,Henry,8,0,0,41.333964200000004,-84.06830637,39069.0,8,6,0,0,6,6,27086,2,0,0,2,0
2020-05-08,US,Ohio,Highland,11,1,0,39.1839264,-83.60331456,39071.0,10,11,1,0,10,11,43058,0,0,0,0,0
2020-05-08,US,Ohio,Hocking,20,1,0,39.49537927,-82.47991446,39073.0,19,20,1,0,19,20,28385,0,0,0,0,0
2020-05-08,US,Ohio,Holmes,7,1,0,40.56163713,-81.92635677,39075.0,6,7,1,0,6,6,43892,0,0,0,0,1
2020-05-08,US,Ohio,Huron,37,1,0,41.14651175,-82.59867951,39077.0,36,34,1,0,33,34,58504,3,0,0,3,0
2020-05-08,US,Ohio,Jackson,7,0,0,39.01914254,-82.61818559999998,39079.0,7,7,0,0,7,7,32384,0,0,0,0,0
2020-05-08,US,Ohio,Jefferson,50,2,0,40.38614126,-80.76259514,39081.0,48,49,2,0,47,48,65767,1,0,0,1,1
2020-05-08,US,Ohio,Knox,20,1,0,40.39830217,-82.42027563,39083.0,19,20,1,0,19,20,61893,0,0,0,0,0
2020-05-08,US,Ohio,Lake,192,8,0,41.69710807,-81.23676539,39085.0,184,187,8,0,179,180,230514,5,0,0,5,7
2020-05-08,US,Ohio,Lawrence,24,0,0,38.59743452,-82.53466552,39087.0,24,24,0,0,24,24,59866,0,0,0,0,0
2020-05-08,US,Ohio,Licking,150,7,0,40.09136236,-82.48185785,39089.0,143,146,7,0,139,137,175769,4,0,0,4,9
2020-05-08,US,Ohio,Logan,23,0,0,40.38996525,-83.76784341,39091.0,23,23,0,0,23,19,45358,0,0,0,0,4
2020-05-08,US,Ohio,Lorain,537,44,0,41.29553751,-82.15083537,39093.0,493,528,42,0,486,518,309461,9,2,0,7,10
2020-05-08,US,Ohio,Lucas,1665,161,0,41.62101218,-83.65468618,39095.0,1504,1583,155,0,1428,1527,429899,82,6,0,76,56
2020-05-08,US,Ohio,Madison,78,3,0,39.89381073,-83.40178317,39097.0,75,73,3,0,70,73,44413,5,0,0,5,0
2020-05-08,US,Ohio,Mahoning,1087,119,0,41.01631101,-80.77287029,39099.0,968,1044,115,0,929,1024,229642,43,4,0,39,20
2020-05-08,US,Ohio,Marion,2366,13,0,40.58610662,-83.15736305,39101.0,2353,2350,13,0,2337,2347,65256,16,0,0,16,3
2020-05-08,US,Ohio,Medina,190,17,0,41.11770589,-81.89986209999998,39103.0,173,185,17,0,168,184,179146,5,0,0,5,1
2020-05-08,US,Ohio,Meigs,3,0,0,39.09224872,-82.0305041,39105.0,3,3,0,0,3,3,23106,0,0,0,0,0
2020-05-08,US,Ohio,Mercer,62,1,0,40.54043046,-84.62912742,39107.0,61,42,1,0,41,42,40959,20,0,0,20,0
2020-05-08,US,Ohio,Miami,176,27,0,40.0543329,-84.22871271,39109.0,149,145,27,0,118,144,106222,31,0,0,31,1
2020-05-08,US,Ohio,Monroe,8,0,0,39.72984936,-81.08464734,39111.0,8,5,0,0,5,4,13790,3,0,0,3,1
2020-05-08,US,Ohio,Montgomery,356,10,0,39.75394919,-84.29050975,39113.0,346,345,10,0,335,332,532331,11,0,0,11,13
2020-05-08,US,Ohio,Morgan,5,0,0,39.62081738,-81.85308173,39115.0,5,5,0,0,5,5,14604,0,0,0,0,0
2020-05-08,US,Ohio,Morrow,84,1,0,40.52363560000001,-82.7892599,39117.0,83,83,1,0,82,83,35112,1,0,0,1,0
2020-05-08,US,Ohio,Muskingum,24,0,0,39.96575964,-81.94363275,39119.0,24,23,0,0,23,22,86183,1,0,0,1,1
2020-05-08,US,Ohio,Noble,5,0,0,39.76818851,-81.45937183,39121.0,5,5,0,0,5,6,14354,0,0,0,0,-1
2020-05-08,US,Ohio,Ottawa,45,2,0,41.53781826,-83.0940185,39123.0,43,44,2,0,42,44,40769,1,0,0,1,0
2020-05-08,US,Ohio,Paulding,8,0,0,41.11676341,-84.5801017,39125.0,8,8,0,0,8,8,18760,0,0,0,0,0
2020-05-08,US,Ohio,Perry,13,1,0,39.73508655,-82.23804971,39127.0,12,13,1,0,12,13,36033,0,0,0,0,0
2020-05-08,US,Ohio,Pickaway,1842,23,0,39.64170392,-83.0243386,39129.0,1819,1841,23,0,1818,1836,58086,1,0,0,1,5
2020-05-08,US,Ohio,Pike,4,0,0,39.07634001,-83.06769584,39131.0,4,4,0,0,4,4,28067,0,0,0,0,0
2020-05-08,US,Ohio,Portage,272,46,0,41.16793482,-81.19735782,39133.0,226,265,46,0,219,262,162927,7,0,0,7,3
2020-05-08,US,Ohio,Preble,27,1,0,39.7420247,-84.64787018,39135.0,26,27,1,0,26,27,40997,0,0,0,0,0
2020-05-08,US,Ohio,Putnam,75,13,0,41.02094889,-84.1336111,39137.0,62,73,12,0,61,71,33780,2,1,0,1,2
2020-05-08,US,Ohio,Richland,103,2,0,40.77180308,-82.53799609999999,39139.0,101,94,2,0,92,92,121099,9,0,0,9,2
2020-05-08,US,Ohio,Ross,49,1,0,39.33705391,-83.06000914,39141.0,48,44,1,0,43,42,76931,5,0,0,5,2
2020-05-08,US,Ohio,Sandusky,47,7,0,41.35624126,-83.137872,39143.0,40,41,7,0,34,40,58799,6,0,0,6,1
2020-05-08,US,Ohio,Scioto,13,0,0,38.80270163,-82.98907345,39145.0,13,15,0,0,15,13,75502,-2,0,0,-2,2
2020-05-08,US,Ohio,Seneca,14,1,0,41.12351311,-83.12783209,39147.0,13,14,1,0,13,14,55207,0,0,0,0,0
2020-05-08,US,Ohio,Shelby,31,1,0,40.33163494,-84.20258189,39149.0,30,31,1,0,30,30,48627,0,0,0,0,1
2020-05-08,US,Ohio,Stark,464,62,0,40.81482476,-81.36437305,39151.0,402,450,60,0,390,427,371574,14,2,0,12,23
2020-05-08,US,Ohio,Summit,867,74,0,41.12464734,-81.53123079,39153.0,793,831,73,0,758,787,541918,36,1,0,35,44
2020-05-08,US,Ohio,Trumbull,392,36,0,41.31735028,-80.76109643,39155.0,356,371,35,0,336,363,198627,21,1,0,20,8
2020-05-08,US,Ohio,Tuscarawas,168,1,0,40.44214695,-81.47226262,39157.0,167,153,1,0,152,144,92176,15,0,0,15,9
2020-05-08,US,Ohio,Union,28,0,0,40.30016061,-83.37239023,39159.0,28,28,0,0,28,26,57835,0,0,0,0,2
2020-05-08,US,Ohio,Van Wert,3,0,0,40.8554138,-84.59111700000003,39161.0,3,3,0,0,3,3,28281,0,0,0,0,0
2020-05-08,US,Ohio,Vinton,10,0,0,39.25208988,-82.4831444,39163.0,10,9,0,0,9,8,13139,1,0,0,1,1
2020-05-08,US,Ohio,Warren,191,13,0,39.42581994,-84.16557457,39165.0,178,188,13,0,175,179,232173,3,0,0,3,9
2020-05-08,US,Ohio,Washington,111,17,0,39.45690571,-81.49121382,39167.0,94,111,17,0,94,106,60155,0,0,0,0,5
2020-05-08,US,Ohio,Wayne,183,42,0,40.82925852,-81.88844833,39169.0,141,177,41,0,136,173,115967,6,1,0,5,4
2020-05-08,US,Ohio,Williams,44,1,0,41.56052014,-84.58429552,39171.0,43,43,1,0,42,42,36804,1,0,0,1,1
2020-05-08,US,Ohio,Wood,220,29,0,41.36224827,-83.62285108,39173.0,191,212,29,0,183,210,130696,8,0,0,8,2
2020-05-08,US,Ohio,Wyandot,26,2,0,40.84339621,-83.30734173,39175.0,24,25,2,0,23,24,21935,1,0,0,1,1
2020-05-08,US,Oklahoma,Adair,72,3,0,35.88494195,-94.65859267,40001.0,69,69,3,0,66,68,22082,3,0,0,3,1
2020-05-08,US,Oklahoma,Alfalfa,1,0,0,36.73090616,-98.32408495,40003.0,1,1,0,0,1,1,5754,0,0,0,0,0
2020-05-08,US,Oklahoma,Atoka,1,0,0,34.37366573,-96.03802487,40005.0,1,1,0,0,1,1,13838,0,0,0,0,0
2020-05-08,US,Oklahoma,Beaver,19,0,0,36.7496847,-100.4758872,40007.0,19,17,0,0,17,15,5319,2,0,0,2,2
2020-05-08,US,Oklahoma,Beckham,6,0,0,35.26862449,-99.68128023,40009.0,6,6,0,0,6,6,21709,0,0,0,0,0
2020-05-08,US,Oklahoma,Blaine,2,0,0,35.87518314,-98.43307003,40011.0,2,2,0,0,2,2,9485,0,0,0,0,0
2020-05-08,US,Oklahoma,Bryan,12,1,0,33.96472458,-96.25903472,40013.0,11,12,1,0,11,12,47192,0,0,0,0,0
2020-05-08,US,Oklahoma,Caddo,97,9,0,35.17364557,-98.37534464,40015.0,88,89,8,0,81,77,28977,8,1,0,7,12
2020-05-08,US,Oklahoma,Canadian,107,3,0,35.5426055,-97.98465569,40017.0,104,107,3,0,104,103,144447,0,0,0,0,4
2020-05-08,US,Oklahoma,Carter,6,1,0,34.25103751,-97.28552485,40019.0,5,6,1,0,5,5,48177,0,0,0,0,1
2020-05-08,US,Oklahoma,Cherokee,30,1,0,35.90692775,-94.99980896,40021.0,29,29,1,0,28,29,48675,1,0,0,1,0
2020-05-08,US,Oklahoma,Choctaw,3,0,0,34.02807439,-95.54771129,40023.0,3,3,0,0,3,3,14668,0,0,0,0,0
2020-05-08,US,Oklahoma,Cimarron,1,0,0,36.74817177,-102.5173885,40025.0,1,1,0,0,1,1,2153,0,0,0,0,0
2020-05-08,US,Oklahoma,Cleveland,453,32,0,35.20413532,-97.32519562,40027.0,421,448,32,0,416,447,281669,5,0,0,5,1
2020-05-08,US,Oklahoma,Comanche,116,2,0,34.65973764,-98.47195055,40031.0,114,115,2,0,113,113,120422,1,0,0,1,2
2020-05-08,US,Oklahoma,Cotton,5,2,0,34.28845626,-98.37053567,40033.0,3,5,1,0,4,5,5776,0,1,0,-1,0
2020-05-08,US,Oklahoma,Craig,13,0,0,36.76268118,-95.20916602,40035.0,13,13,0,0,13,13,14306,0,0,0,0,0
2020-05-08,US,Oklahoma,Creek,82,7,0,35.90230551,-96.37086028,40037.0,75,82,7,0,75,81,71604,0,0,0,0,1
2020-05-08,US,Oklahoma,Custer,11,0,0,35.63853802,-99.00170785,40039.0,11,11,0,0,11,11,29036,0,0,0,0,0
2020-05-08,US,Oklahoma,Delaware,92,15,0,36.40823634,-94.80325046,40041.0,77,92,15,0,77,92,42733,0,0,0,0,0
2020-05-08,US,Oklahoma,Dewey,2,0,0,35.98772922,-99.00730714,40043.0,2,2,0,0,2,2,4894,0,0,0,0,0
2020-05-08,US,Oklahoma,Garfield,22,1,0,36.3791334,-97.78265517,40047.0,21,21,1,0,20,21,60913,1,0,0,1,0
2020-05-08,US,Oklahoma,Garvin,14,1,0,34.70418038,-97.30811132,40049.0,13,14,1,0,13,14,27811,0,0,0,0,0
2020-05-08,US,Oklahoma,Grady,42,2,0,35.0167709,-97.88339847,40051.0,40,41,2,0,39,41,55551,1,0,0,1,0
2020-05-08,US,Oklahoma,Grant,2,0,0,36.796296999999996,-97.78638765,40053.0,2,2,0,0,2,2,4326,0,0,0,0,0
2020-05-08,US,Oklahoma,Greer,65,6,0,34.93535801,-99.56056120000001,40055.0,59,65,6,0,59,65,5821,0,0,0,0,0
2020-05-08,US,Oklahoma,Harper,1,0,0,36.78836519,-99.6679804,40059.0,1,1,0,0,1,1,3797,0,0,0,0,0
2020-05-08,US,Oklahoma,Haskell,5,0,0,35.22257600000001,-95.11513306,40061.0,5,5,0,0,5,5,12668,0,0,0,0,0
2020-05-08,US,Oklahoma,Jackson,19,0,0,34.58781741,-99.41138784,40065.0,19,19,0,0,19,19,24949,0,0,0,0,0
2020-05-08,US,Oklahoma,Jefferson,3,0,0,34.11130184,-97.83182974,40067.0,3,2,0,0,2,2,6123,1,0,0,1,0
2020-05-08,US,Oklahoma,Johnston,3,0,0,34.31440473,-96.66011537,40069.0,3,3,0,0,3,3,10949,0,0,0,0,0
2020-05-08,US,Oklahoma,Kay,48,7,0,36.81799745,-97.14421435,40071.0,41,48,7,0,41,48,44161,0,0,0,0,0
2020-05-08,US,Oklahoma,Kingfisher,8,0,0,35.94530008,-97.94193268,40073.0,8,8,0,0,8,8,15816,0,0,0,0,0
2020-05-08,US,Oklahoma,Kiowa,6,0,0,34.91671958,-98.97720696,40075.0,6,5,0,0,5,5,8729,1,0,0,1,0
2020-05-08,US,Oklahoma,Latimer,5,1,0,34.87844729,-95.25215049,40077.0,4,5,1,0,4,5,10231,0,0,0,0,0
2020-05-08,US,Oklahoma,Le Flore,13,1,0,34.89851864,-94.70392124,40079.0,12,13,0,0,13,13,49980,0,1,0,-1,0
2020-05-08,US,Oklahoma,Lincoln,17,2,0,35.70270942,-96.8812462,40081.0,15,16,2,0,14,16,34920,1,0,0,1,0
2020-05-08,US,Oklahoma,Logan,18,1,0,35.91899576,-97.44352845,40083.0,17,18,1,0,17,17,47291,0,0,0,0,1
2020-05-08,US,Oklahoma,Love,3,0,0,33.95273467,-97.23906784,40085.0,3,3,0,0,3,2,10134,0,0,0,0,1
2020-05-08,US,Oklahoma,Major,5,1,0,36.31149996,-98.53467076,40093.0,4,4,1,0,3,4,7644,1,0,0,1,0
2020-05-08,US,Oklahoma,Marshall,2,0,0,34.02311222,-96.76855464,40095.0,2,2,0,0,2,2,16806,0,0,0,0,0
2020-05-08,US,Oklahoma,Mayes,24,4,0,36.30179091,-95.23175116,40097.0,20,24,4,0,20,24,41107,0,0,0,0,0
2020-05-08,US,Oklahoma,McClain,85,2,0,35.01123903,-97.44572302,40087.0,83,84,2,0,82,84,39985,1,0,0,1,0
2020-05-08,US,Oklahoma,McCurtain,8,0,0,34.11664328,-94.77222373,40089.0,8,8,0,0,8,8,32703,0,0,0,0,0
2020-05-08,US,Oklahoma,McIntosh,5,0,0,35.37235506,-95.66599306,40091.0,5,4,0,0,4,4,19815,1,0,0,1,0
2020-05-08,US,Oklahoma,Murray,2,0,0,34.48116015,-97.06826283,40099.0,2,2,0,0,2,2,13953,0,0,0,0,0
2020-05-08,US,Oklahoma,Muskogee,28,6,0,35.61318461,-95.37802952,40101.0,22,28,6,0,22,27,68362,0,0,0,0,1
2020-05-08,US,Oklahoma,Noble,7,0,0,36.38953329,-97.22928674,40103.0,7,7,0,0,7,7,11289,0,0,0,0,0
2020-05-08,US,Oklahoma,Nowata,22,0,0,36.79843529,-95.61902331,40105.0,22,21,0,0,21,21,10218,1,0,0,1,0
2020-05-08,US,Oklahoma,Okfuskee,1,0,0,35.46485198,-96.32639984,40107.0,1,1,0,0,1,1,12098,0,0,0,0,0
2020-05-08,US,Oklahoma,Oklahoma,905,41,0,35.55140095,-97.40716948,40109.0,864,895,40,0,855,868,792582,10,1,0,9,27
2020-05-08,US,Oklahoma,Okmulgee,16,0,0,35.64661916,-95.96432828,40111.0,16,17,0,0,17,16,38335,-1,0,0,-1,1
2020-05-08,US,Oklahoma,Osage,85,8,0,36.62888819,-96.39635704,40113.0,77,82,8,0,74,77,47014,3,0,0,3,5
2020-05-08,US,Oklahoma,Ottawa,34,1,0,36.83532655,-94.81011909,40115.0,33,34,1,0,33,34,31175,0,0,0,0,0
2020-05-08,US,Oklahoma,Pawnee,29,2,0,36.31743373,-96.70331759999999,40117.0,27,29,2,0,27,29,16390,0,0,0,0,0
2020-05-08,US,Oklahoma,Payne,45,1,0,36.07695283,-96.97584944,40119.0,44,44,1,0,43,44,82040,1,0,0,1,0
2020-05-08,US,Oklahoma,Pittsburg,39,2,0,34.92065823,-95.75134320000001,40121.0,37,39,2,0,37,39,43877,0,0,0,0,0
2020-05-08,US,Oklahoma,Pontotoc,10,2,0,34.72959848,-96.68337199,40123.0,8,10,2,0,8,10,38247,0,0,0,0,0
2020-05-08,US,Oklahoma,Pottawatomie,54,4,0,35.20614018,-96.94923008,40125.0,50,53,4,0,49,52,72679,1,0,0,1,1
2020-05-08,US,Oklahoma,Pushmataha,1,0,0,34.41635232,-95.37603505,40127.0,1,1,0,0,1,1,11179,0,0,0,0,0
2020-05-08,US,Oklahoma,Rogers,70,5,0,36.37004357,-95.60406759,40131.0,65,69,4,0,65,68,91984,1,1,0,0,1
2020-05-08,US,Oklahoma,Seminole,20,2,0,35.16478725,-96.61686741,40133.0,18,19,2,0,17,19,24578,1,0,0,1,0
2020-05-08,US,Oklahoma,Sequoyah,13,3,0,35.49447108,-94.75463785,40135.0,10,13,3,0,10,13,41179,0,0,0,0,0
2020-05-08,US,Oklahoma,Stephens,22,1,0,34.48556989,-97.85141892,40137.0,21,22,1,0,21,22,43265,0,0,0,0,0
2020-05-08,US,Oklahoma,Texas,343,3,0,36.74777635,-101.4889765,40139.0,340,308,3,0,305,274,20455,35,0,0,35,34
2020-05-08,US,Oklahoma,Tillman,19,0,0,34.37288446,-98.92426619,40141.0,19,16,0,0,16,15,7348,3,0,0,3,1
2020-05-08,US,Oklahoma,Tulsa,684,36,0,36.11939621,-95.94013939,40143.0,648,676,36,0,640,653,648360,8,0,0,8,23
2020-05-08,US,Oklahoma,Wagoner,126,17,0,35.96024096,-95.51911308,40145.0,109,125,17,0,108,123,80110,1,0,0,1,2
2020-05-08,US,Oklahoma,Washington,291,27,0,36.71380786,-95.90514104,40147.0,264,289,26,0,263,283,51843,2,1,0,1,6
2020-05-08,US,Oklahoma,Woods,3,0,0,36.76705782,-98.86573064,40151.0,3,3,0,0,3,3,8897,0,0,0,0,0
2020-05-08,US,Oklahoma,Woodward,1,0,0,36.42316318,-99.26283045,40153.0,1,1,0,0,1,1,20222,0,0,0,0,0
2020-05-08,US,Oregon,Baker,1,0,0,44.70915557,-117.6749883,41001.0,1,1,0,0,1,1,16006,0,0,0,0,0
2020-05-08,US,Oregon,Benton,43,5,0,44.49167306,-123.4316987,41003.0,38,44,5,0,39,40,92101,-1,0,0,-1,4
2020-05-08,US,Oregon,Clackamas,250,8,0,45.18787398,-122.2179634,41005.0,242,241,8,0,233,235,416075,9,0,0,9,6
2020-05-08,US,Oregon,Clatsop,27,0,0,45.99712889,-123.660711,41007.0,27,18,0,0,18,17,39764,9,0,0,9,1
2020-05-08,US,Oregon,Columbia,15,0,0,45.94464254,-123.08908980000001,41009.0,15,15,0,0,15,15,52377,0,0,0,0,0
2020-05-08,US,Oregon,Coos,29,0,0,43.17406868,-124.0594514,41011.0,29,29,0,0,29,28,64389,0,0,0,0,1
2020-05-08,US,Oregon,Crook,1,0,0,44.14230227,-120.356297,41013.0,1,1,0,0,1,1,23867,0,0,0,0,0
2020-05-08,US,Oregon,Curry,4,0,0,42.45911325,-124.15728200000001,41015.0,4,4,0,0,4,4,22813,0,0,0,0,0
2020-05-08,US,Oregon,Deschutes,84,0,0,43.91570171,-121.2289121,41017.0,84,83,0,0,83,81,191996,1,0,0,1,2
2020-05-08,US,Oregon,Douglas,24,0,0,43.27941273,-123.16729099999999,41019.0,24,24,0,0,24,24,110283,0,0,0,0,0
2020-05-08,US,Oregon,Grant,1,0,0,44.49024544,-119.0068631,41023.0,1,1,0,0,1,1,7176,0,0,0,0,0
2020-05-08,US,Oregon,Harney,1,0,0,43.06422669,-118.96663059999999,41025.0,1,1,0,0,1,1,7329,0,0,0,0,0
2020-05-08,US,Oregon,Hood River,11,0,0,45.51872811,-121.65520359999998,41027.0,11,11,0,0,11,11,23428,0,0,0,0,0
2020-05-08,US,Oregon,Jackson,49,0,0,42.43201126,-122.72893090000001,41029.0,49,49,0,0,49,49,219564,0,0,0,0,0
2020-05-08,US,Oregon,Jefferson,22,0,0,44.62806839,-121.17832,41031.0,22,22,0,0,22,18,24192,0,0,0,0,4
2020-05-08,US,Oregon,Josephine,24,1,0,42.3665549,-123.5561938,41033.0,23,24,1,0,23,24,87393,0,0,0,0,0
2020-05-08,US,Oregon,Klamath,39,0,0,42.68762984,-121.64964609999998,41035.0,39,39,0,0,39,39,67653,0,0,0,0,0
2020-05-08,US,Oregon,Lane,59,2,0,43.93727035,-122.847753,41039.0,57,57,2,0,55,57,379611,2,0,0,2,0
2020-05-08,US,Oregon,Lincoln,6,0,0,44.64252874,-123.86991200000001,41041.0,6,6,0,0,6,6,49388,0,0,0,0,0
2020-05-08,US,Oregon,Linn,100,7,0,44.48899494,-122.53731540000001,41043.0,93,99,7,0,92,99,127335,1,0,0,1,0
2020-05-08,US,Oregon,Malheur,13,0,0,43.1937027,-117.62273950000001,41045.0,13,13,0,0,13,13,30725,0,0,0,0,0
2020-05-08,US,Oregon,Marion,626,23,0,44.90287942,-122.58151170000001,41047.0,603,613,21,0,592,592,346868,13,2,0,11,21
2020-05-08,US,Oregon,Morrow,12,0,0,45.41846568,-119.584546,41049.0,12,11,0,0,11,10,11372,1,0,0,1,1
2020-05-08,US,Oregon,Multnomah,839,52,0,45.54747959,-122.4169351,41051.0,787,809,52,0,757,793,811880,30,0,0,30,16
2020-05-08,US,Oregon,Polk,80,5,0,44.90322804,-123.4128888,41053.0,75,78,4,0,74,75,85234,2,1,0,1,3
2020-05-08,US,Oregon,Sherman,1,0,0,45.41501554,-120.6827834,41055.0,1,1,0,0,1,1,1708,0,0,0,0,0
2020-05-08,US,Oregon,Tillamook,6,0,0,45.46248721,-123.712066,41057.0,6,6,0,0,6,6,26787,0,0,0,0,0
2020-05-08,US,Oregon,Umatilla,80,1,0,45.59073056,-118.7353826,41059.0,79,77,1,0,76,77,77516,3,0,0,3,0
2020-05-08,US,Oregon,Union,4,0,0,45.30915495,-118.0068979,41061.0,4,4,0,0,4,4,26461,0,0,0,0,0
2020-05-08,US,Oregon,Wallowa,1,0,0,45.57894064,-117.18353799999998,41063.0,1,1,0,0,1,1,7081,0,0,0,0,0
2020-05-08,US,Oregon,Wasco,15,1,0,45.16292781,-121.16709540000001,41065.0,14,14,1,0,13,14,26505,1,0,0,1,0
2020-05-08,US,Oregon,Washington,556,12,0,45.55972701,-123.0955257,41067.0,544,548,12,0,536,537,597695,8,0,0,8,11
2020-05-08,US,Oregon,Yamhill,45,7,0,45.23330449,-123.3086963,41071.0,38,45,7,0,38,42,107002,0,0,0,0,3
2020-05-08,US,Pennsylvania,Adams,154,5,0,39.87140411,-77.21610347,42001.0,149,151,5,0,146,148,102811,3,0,0,3,3
2020-05-08,US,Pennsylvania,Allegheny,1455,119,0,40.46809875,-79.98167747,42003.0,1336,1439,117,0,1322,1394,1218452,16,2,0,14,45
2020-05-08,US,Pennsylvania,Armstrong,55,3,0,40.81665618,-79.46290811,42005.0,52,55,3,0,52,55,65263,0,0,0,0,0
2020-05-08,US,Pennsylvania,Beaver,479,78,0,40.6825484,-80.34921611,42007.0,401,472,78,0,394,471,164742,7,0,0,7,1
2020-05-08,US,Pennsylvania,Bedford,28,1,0,40.00522157,-78.48998442,42009.0,27,27,1,0,26,27,48176,1,0,0,1,0
2020-05-08,US,Pennsylvania,Berks,3190,168,0,40.41570541,-75.92457766,42011.0,3022,3095,168,0,2927,3048,420152,95,0,0,95,47
2020-05-08,US,Pennsylvania,Blair,28,0,0,40.47961444,-78.34917412,42013.0,28,28,0,0,28,25,122492,0,0,0,0,3
2020-05-08,US,Pennsylvania,Bradford,37,2,0,41.78869215,-76.51570822,42015.0,35,36,2,0,34,36,60833,1,0,0,1,0
2020-05-08,US,Pennsylvania,Bucks,3750,331,0,40.33682119,-75.10836643,42017.0,3419,3613,320,0,3293,3508,628195,137,11,0,126,105
2020-05-08,US,Pennsylvania,Butler,192,6,0,40.91152759,-79.91351055,42019.0,186,190,6,0,184,185,187888,2,0,0,2,5
2020-05-08,US,Pennsylvania,Cambria,40,1,0,40.49527404,-78.71377428,42021.0,39,37,1,0,36,35,131730,3,0,0,3,2
2020-05-08,US,Pennsylvania,Cameron,2,0,0,41.43625568,-78.20376845,42023.0,2,2,0,0,2,2,4492,0,0,0,0,0
2020-05-08,US,Pennsylvania,Carbon,192,16,0,40.91545395,-75.7068525,42025.0,176,189,16,0,173,186,64227,3,0,0,3,3
2020-05-08,US,Pennsylvania,Centre,117,1,0,40.92058903,-77.82200624,42027.0,116,116,1,0,115,113,162805,1,0,0,1,3
2020-05-08,US,Pennsylvania,Chester,1728,176,0,39.97291773,-75.74768357,42029.0,1552,1673,167,0,1506,1636,522046,55,9,0,46,37
2020-05-08,US,Pennsylvania,Clarion,23,1,0,41.19265812,-79.42413524,42031.0,22,23,1,0,22,23,38779,0,0,0,0,0
2020-05-08,US,Pennsylvania,Clearfield,24,0,0,41.00110782,-78.47592663,42033.0,24,22,0,0,22,21,79388,2,0,0,2,1
2020-05-08,US,Pennsylvania,Clinton,37,0,0,41.23255967,-77.63785995,42035.0,37,35,0,0,35,34,38684,2,0,0,2,1
2020-05-08,US,Pennsylvania,Columbia,307,20,0,41.04821986,-76.40565017,42037.0,287,306,21,0,285,302,65456,1,-1,0,2,4
2020-05-08,US,Pennsylvania,Crawford,20,0,0,41.68447709,-80.10760592,42039.0,20,20,0,0,20,20,85063,0,0,0,0,0
2020-05-08,US,Pennsylvania,Cumberland,414,31,0,40.1625372,-77.26130755,42041.0,383,403,31,0,372,386,251423,11,0,0,11,17
2020-05-08,US,Pennsylvania,Dauphin,764,37,0,40.41377078,-76.77993242,42043.0,727,735,33,0,702,711,277097,29,4,0,25,24
2020-05-08,US,Pennsylvania,Delaware,4680,382,0,39.91680171,-75.40243663,42045.0,4298,4497,376,0,4121,4373,564751,183,6,0,177,124
2020-05-08,US,Pennsylvania,Elk,5,1,0,41.42822061,-78.64524744,42047.0,4,5,1,0,4,4,30169,0,0,0,0,1
2020-05-08,US,Pennsylvania,Erie,113,2,0,41.99253829,-80.03301954,42049.0,111,101,2,0,99,95,272061,12,0,0,12,6
2020-05-08,US,Pennsylvania,Fayette,84,4,0,39.92041012,-79.64291195,42051.0,80,84,4,0,80,84,130441,0,0,0,0,0
2020-05-08,US,Pennsylvania,Forest,7,0,0,41.51095103,-79.23229292,42053.0,7,7,0,0,7,7,7279,0,0,0,0,0
2020-05-08,US,Pennsylvania,Franklin,452,11,0,39.92956518,-77.72157791,42055.0,441,425,11,0,414,406,154835,27,0,0,27,19
2020-05-08,US,Pennsylvania,Fulton,7,1,0,39.92913544,-78.11163677,42057.0,6,7,0,0,7,7,14523,0,1,0,-1,0
2020-05-08,US,Pennsylvania,Greene,27,1,0,39.85746531,-80.22357106,42059.0,26,27,1,0,26,27,36506,0,0,0,0,0
2020-05-08,US,Pennsylvania,Huntingdon,117,0,0,40.42162652,-77.97673273,42061.0,117,109,0,0,109,60,45168,8,0,0,8,49
2020-05-08,US,Pennsylvania,Indiana,75,5,0,40.65241041,-79.08963285,42063.0,70,75,5,0,70,75,84501,0,0,0,0,0
2020-05-08,US,Pennsylvania,Jefferson,7,0,0,41.12913106,-78.9986361,42065.0,7,7,0,0,7,7,43641,0,0,0,0,0
2020-05-08,US,Pennsylvania,Juniata,93,1,0,40.53358749,-77.39975129999998,42067.0,92,92,1,0,91,86,24704,1,0,0,1,6
2020-05-08,US,Pennsylvania,Lackawanna,1114,113,0,41.43564672,-75.60379201,42069.0,1001,1093,112,0,981,1076,210793,21,1,0,20,17
2020-05-08,US,Pennsylvania,Lancaster,2122,222,0,40.03904563,-76.24770128,42071.0,1900,2070,216,0,1854,2041,543557,52,6,0,46,29
2020-05-08,US,Pennsylvania,Lawrence,69,7,0,40.99206278,-80.33393706,42073.0,62,69,7,0,62,68,86184,0,0,0,0,1
2020-05-08,US,Pennsylvania,Lebanon,797,16,0,40.36680311,-76.45651841,42075.0,781,785,16,0,769,774,141314,12,0,0,12,11
2020-05-08,US,Pennsylvania,Lehigh,3140,114,0,40.6154815,-75.59435245,42077.0,3026,3102,111,0,2991,3063,368100,38,3,0,35,39
2020-05-08,US,Pennsylvania,Luzerne,2347,120,0,41.17823008,-75.98447579,42079.0,2227,2332,114,0,2218,2306,317646,15,6,0,9,26
2020-05-08,US,Pennsylvania,Lycoming,109,4,0,41.34310539,-77.06629984,42081.0,105,99,4,0,95,90,113664,10,0,0,10,9
2020-05-08,US,Pennsylvania,McKean,6,1,0,41.80938602,-78.56478358,42083.0,5,6,1,0,5,6,40968,0,0,0,0,0
2020-05-08,US,Pennsylvania,Mercer,70,2,0,41.30248872,-80.25816981,42085.0,68,70,1,0,69,69,110683,0,1,0,-1,1
2020-05-08,US,Pennsylvania,Mifflin,50,0,0,40.61116939,-77.61070738,42087.0,50,48,0,0,48,45,46222,2,0,0,2,3
2020-05-08,US,Pennsylvania,Monroe,1198,63,0,41.05934058,-75.34031025,42089.0,1135,1194,63,0,1131,1190,169507,4,0,0,4,4
2020-05-08,US,Pennsylvania,Montgomery,5037,515,0,40.21053671,-75.36652296,42091.0,4522,4915,506,0,4409,4827,828604,122,9,0,113,88
2020-05-08,US,Pennsylvania,Montour,50,0,0,41.03023987,-76.66345939,42093.0,50,50,0,0,50,50,18240,0,0,0,0,0
2020-05-08,US,Pennsylvania,Northampton,2390,153,0,40.75182733,-75.30471829,42095.0,2237,2355,152,0,2203,2313,304807,35,1,0,34,42
2020-05-08,US,Pennsylvania,Northumberland,118,0,0,40.84785433,-76.70798222,42097.0,118,112,0,0,112,111,91083,6,0,0,6,1
2020-05-08,US,Pennsylvania,Perry,34,1,0,40.40206612,-77.26297447,42099.0,33,34,1,0,33,34,46139,0,0,0,0,0
2020-05-08,US,Pennsylvania,Philadelphia,17517,875,0,40.00338507,-75.1379271,42101.0,16642,17047,816,0,16231,16697,1584138,470,59,0,411,350
2020-05-08,US,Pennsylvania,Pike,422,21,0,41.33155042,-75.03208106,42103.0,401,419,19,0,400,415,55933,3,2,0,1,4
2020-05-08,US,Pennsylvania,Potter,4,0,0,41.74471626,-77.89559864,42105.0,4,4,0,0,4,4,16622,0,0,0,0,0
2020-05-08,US,Pennsylvania,Schuylkill,430,13,0,40.70497338,-76.2150785,42107.0,417,422,10,0,412,419,142067,8,3,0,5,3
2020-05-08,US,Pennsylvania,Snyder,33,1,0,40.77129231,-77.06840691,42109.0,32,33,1,0,32,33,40540,0,0,0,0,0
2020-05-08,US,Pennsylvania,Somerset,32,1,0,39.97172723,-79.02699593,42111.0,31,32,1,0,31,32,73952,0,0,0,0,0
2020-05-08,US,Pennsylvania,Sullivan,1,0,0,41.44634738,-76.51246591,42113.0,1,1,0,0,1,1,6071,0,0,0,0,0
2020-05-08,US,Pennsylvania,Susquehanna,86,13,0,41.82147784,-75.80071959,42115.0,73,86,11,0,75,87,40589,0,2,0,-2,-1
2020-05-08,US,Pennsylvania,Tioga,16,1,0,41.77255149,-77.25433032,42117.0,15,16,1,0,15,16,40763,0,0,0,0,0
2020-05-08,US,Pennsylvania,Union,40,1,0,40.96188846,-77.05996014,42119.0,39,40,1,0,39,39,44785,0,0,0,0,1
2020-05-08,US,Pennsylvania,Venango,7,0,0,41.40323442,-79.75845449,42121.0,7,7,0,0,7,7,51266,0,0,0,0,0
2020-05-08,US,Pennsylvania,Warren,1,0,0,41.81304978,-79.26969577,42123.0,1,1,0,0,1,1,39498,0,0,0,0,0
2020-05-08,US,Pennsylvania,Washington,121,4,0,40.19208869,-80.24582867,42125.0,117,120,4,0,116,121,207346,1,0,0,1,-1
2020-05-08,US,Pennsylvania,Wayne,113,5,0,41.64938475,-75.29956506,42127.0,108,113,5,0,108,110,51276,0,0,0,0,3
2020-05-08,US,Pennsylvania,Westmoreland,413,30,0,40.31377979999999,-79.46615476,42129.0,383,411,29,0,382,409,350611,2,1,0,1,2
2020-05-08,US,Pennsylvania,Wyoming,28,2,0,41.51955538,-76.01074915,42131.0,26,27,2,0,25,27,27046,1,0,0,1,0
2020-05-08,US,Pennsylvania,York,753,13,0,39.9210089,-76.73040131,42133.0,740,740,13,0,727,722,448273,13,0,0,13,18
2020-05-08,US,Rhode Island,Bristol,154,0,0,41.71018079,-71.28652315,44001.0,154,154,0,0,154,154,48649,0,0,0,0,0
2020-05-08,US,Rhode Island,Kent,703,0,0,41.67106337,-71.57641596,44003.0,703,703,0,0,703,703,163861,0,0,0,0,0
2020-05-08,US,Rhode Island,Newport,161,0,0,41.5642026,-71.26569799,44005.0,161,161,0,0,161,161,82542,0,0,0,0,0
2020-05-08,US,Rhode Island,Providence,7138,0,0,41.87064746,-71.57753536,44007.0,7138,7138,0,0,7138,7138,636084,0,0,0,0,0
2020-05-08,US,Rhode Island,Unassigned,2260,399,0,0.0,0.0,90044.0,1861,2011,388,0,1623,1686,,249,11,0,238,325
2020-05-08,US,Rhode Island,Washington,363,0,0,41.45961631,-71.61435303,44009.0,363,363,0,0,363,363,126179,0,0,0,0,0
2020-05-08,US,South Carolina,Abbeville,34,0,0,34.22333378,-82.46170658,45001.0,34,34,0,0,34,33,24541,0,0,0,0,1
2020-05-08,US,South Carolina,Aiken,112,6,0,33.54338026,-81.63645384,45003.0,106,109,6,0,103,108,169401,3,0,0,3,1
2020-05-08,US,South Carolina,Allendale,23,3,0,32.98837386,-81.35321066,45005.0,20,19,3,0,16,18,8903,4,0,0,4,1
2020-05-08,US,South Carolina,Anderson,181,8,0,34.51828081,-82.63959517,45007.0,173,182,8,0,174,173,200482,-1,0,0,-1,9
2020-05-08,US,South Carolina,Bamberg,14,0,0,33.21927586,-81.05659969,45009.0,14,14,0,0,14,14,14275,0,0,0,0,0
2020-05-08,US,South Carolina,Barnwell,32,0,0,33.26679302,-81.43584352,45011.0,32,29,0,0,29,28,21112,3,0,0,3,1
2020-05-08,US,South Carolina,Beaufort,273,12,0,32.39226291,-80.72619758,45013.0,261,269,12,0,257,269,188715,4,0,0,4,0
2020-05-08,US,South Carolina,Berkeley,191,14,0,33.20222596,-79.94654523,45015.0,177,189,14,0,175,189,221091,2,0,0,2,0
2020-05-08,US,South Carolina,Calhoun,7,1,0,33.66926881,-80.77722168,45017.0,6,7,1,0,6,7,14520,0,0,0,0,0
2020-05-08,US,South Carolina,Charleston,481,9,0,32.82487866,-79.96512315,45019.0,472,467,9,0,458,464,405905,14,0,0,14,3
2020-05-08,US,South Carolina,Cherokee,21,0,0,35.05122251,-81.61828622,45021.0,21,21,0,0,21,19,57078,0,0,0,0,2
2020-05-08,US,South Carolina,Chester,39,0,0,34.69249168,-81.1583216,45023.0,39,35,0,0,35,34,32251,4,0,0,4,1
2020-05-08,US,South Carolina,Chesterfield,72,1,0,34.64137396,-80.15640140000002,45025.0,71,69,1,0,68,65,45754,3,0,0,3,4
2020-05-08,US,South Carolina,Clarendon,258,25,0,33.66610974,-80.21647898,45027.0,233,253,24,0,229,248,33700,5,1,0,4,5
2020-05-08,US,South Carolina,Colleton,32,4,0,32.87582989,-80.67641292,45029.0,28,32,4,0,28,32,37660,0,0,0,0,0
2020-05-08,US,South Carolina,Darlington,171,3,0,34.33358335,-79.96027485,45031.0,168,157,3,0,154,151,66802,14,0,0,14,6
2020-05-08,US,South Carolina,Dillon,84,0,0,34.39007791,-79.37741872,45033.0,84,78,0,0,78,74,30599,6,0,0,6,4
2020-05-08,US,South Carolina,Dorchester,105,3,0,33.0794369,-80.40502652,45035.0,102,104,3,0,101,103,160647,1,0,0,1,1
2020-05-08,US,South Carolina,Edgefield,36,2,0,33.77221995,-81.96231108,45037.0,34,36,2,0,34,35,27052,0,0,0,0,1
2020-05-08,US,South Carolina,Fairfield,76,3,0,34.39287073,-81.1195624,45039.0,73,75,3,0,72,74,22402,1,0,0,1,1
2020-05-08,US,South Carolina,Florence,399,20,0,34.02361754,-79.70189312,45041.0,379,370,19,0,351,358,138159,29,1,0,28,12
2020-05-08,US,South Carolina,Georgetown,49,3,0,33.43443342,-79.33202141,45043.0,46,50,3,0,47,48,62249,-1,0,0,-1,2
2020-05-08,US,South Carolina,Greenville,869,44,0,34.89502264,-82.37295012,45045.0,825,835,42,0,793,803,514213,34,2,0,32,32
2020-05-08,US,South Carolina,Greenwood,62,0,0,34.15272415,-82.12715789,45047.0,62,61,0,0,61,61,70741,1,0,0,1,0
2020-05-08,US,South Carolina,Hampton,27,0,0,32.77419582,-81.13845571,45049.0,27,27,0,0,27,27,19351,0,0,0,0,0
2020-05-08,US,South Carolina,Horry,251,18,0,33.9212828,-78.99555293,45051.0,233,242,18,0,224,238,344147,9,0,0,9,4
2020-05-08,US,South Carolina,Jasper,21,1,0,32.43171982,-81.02487495,45053.0,20,21,1,0,20,21,28971,0,0,0,0,0
2020-05-08,US,South Carolina,Kershaw,250,12,0,34.33988254,-80.58763164,45055.0,238,250,12,0,238,245,65592,0,0,0,0,5
2020-05-08,US,South Carolina,Lancaster,103,4,0,34.68270843,-80.70513032,45057.0,99,101,4,0,97,99,95380,2,0,0,2,2
2020-05-08,US,South Carolina,Laurens,46,2,0,34.48244419,-82.00490796,45059.0,44,44,2,0,42,42,66994,2,0,0,2,2
2020-05-08,US,South Carolina,Lee,92,8,0,34.16393091,-80.25690731,45061.0,84,80,8,0,72,70,17142,12,0,0,12,10
2020-05-08,US,South Carolina,Lexington,465,19,0,33.89665987,-81.27146426,45063.0,446,458,19,0,439,442,295032,7,0,0,7,16
2020-05-08,US,South Carolina,Marion,44,2,0,34.07859748,-79.36400756,45067.0,42,43,2,0,41,41,31039,1,0,0,1,2
2020-05-08,US,South Carolina,Marlboro,57,1,0,34.59905577,-79.67561152,45069.0,56,56,1,0,55,54,26398,1,0,0,1,2
2020-05-08,US,South Carolina,McCormick,7,1,0,33.90161443,-82.30794338,45065.0,6,7,1,0,6,7,9410,0,0,0,0,0
2020-05-08,US,South Carolina,Newberry,32,1,0,34.28629098,-81.59935761,45071.0,31,31,1,0,30,31,38520,1,0,0,1,0
2020-05-08,US,South Carolina,Oconee,36,0,0,34.75225169,-83.06742317,45073.0,36,32,0,0,32,31,78374,4,0,0,4,1
2020-05-08,US,South Carolina,Orangeburg,99,2,0,33.4391073,-80.79886287,45075.0,97,95,2,0,93,95,86934,4,0,0,4,0
2020-05-08,US,South Carolina,Pickens,63,1,0,34.88807695,-82.72791551,45077.0,62,62,1,0,61,61,124937,1,0,0,1,1
2020-05-08,US,South Carolina,Richland,1057,52,0,34.01791263,-80.90267209,45079.0,1005,1043,52,0,991,1014,414576,14,0,0,14,29
2020-05-08,US,South Carolina,Saluda,84,0,0,34.00795823,-81.72713237,45081.0,84,82,0,0,82,73,20544,2,0,0,2,9
2020-05-08,US,South Carolina,Spartanburg,333,12,0,34.92960077,-81.99225984,45083.0,321,325,12,0,313,318,313888,8,0,0,8,7
2020-05-08,US,South Carolina,Sumter,281,12,0,33.91826534,-80.37942316,45085.0,269,277,12,0,265,271,106512,4,0,0,4,6
2020-05-08,US,South Carolina,Union,29,0,0,34.68835752,-81.61730349,45087.0,29,27,0,0,27,26,27410,2,0,0,2,1
2020-05-08,US,South Carolina,Williamsburg,136,6,0,33.62190129,-79.72767442,45089.0,130,119,6,0,113,100,30606,17,0,0,17,19
2020-05-08,US,South Carolina,York,233,5,0,34.97281497,-81.18085944,45091.0,228,225,5,0,220,222,274118,8,0,0,8,3
2020-05-08,US,South Dakota,Aurora,1,0,0,43.71757685,-98.56050467,46003.0,1,1,0,0,1,1,2801,0,0,0,0,0
2020-05-08,US,South Dakota,Beadle,21,2,0,44.41464384,-98.27858469,46005.0,19,21,2,0,19,21,18883,0,0,0,0,0
2020-05-08,US,South Dakota,Bon Homme,4,0,0,42.98914167,-97.88592746,46009.0,4,4,0,0,4,4,6980,0,0,0,0,0
2020-05-08,US,South Dakota,Brookings,14,0,0,44.36974375,-96.79079945,46011.0,14,14,0,0,14,14,35232,0,0,0,0,0
2020-05-08,US,South Dakota,Brown,107,0,0,45.58994323,-98.35165355,46013.0,107,93,0,0,93,76,39316,14,0,0,14,17
2020-05-08,US,South Dakota,Buffalo,1,0,0,44.07657829,-99.20814467,46017.0,1,1,0,0,1,1,2036,0,0,0,0,0
2020-05-08,US,South Dakota,Charles Mix,5,0,0,43.20660134,-98.58856175,46023.0,5,5,0,0,5,5,9338,0,0,0,0,0
2020-05-08,US,South Dakota,Clark,2,0,0,44.85834507,-97.72925109,46025.0,2,1,0,0,1,1,3739,1,0,0,1,0
2020-05-08,US,South Dakota,Clay,9,0,0,42.91296147,-96.97656917,46027.0,9,7,0,0,7,7,14041,2,0,0,2,0
2020-05-08,US,South Dakota,Codington,15,0,0,44.97788119,-97.18827677,46029.0,15,15,0,0,15,15,28015,0,0,0,0,0
2020-05-08,US,South Dakota,Corson,1,0,0,45.70889983,-101.1970473,46031.0,1,1,0,0,1,1,4165,0,0,0,0,0
2020-05-08,US,South Dakota,Davison,7,0,0,43.67490933,-98.14458906,46035.0,7,7,0,0,7,7,19790,0,0,0,0,0
2020-05-08,US,South Dakota,Day,10,0,0,45.367281,-97.60737498,46037.0,10,10,0,0,10,10,5505,0,0,0,0,0
2020-05-08,US,South Dakota,Deuel,1,0,0,44.75994309,-96.66943645,46039.0,1,1,0,0,1,1,4337,0,0,0,0,0
2020-05-08,US,South Dakota,Dewey,1,0,0,45.15639647,-100.8709139,46041.0,1,1,0,0,1,1,5904,0,0,0,0,0
2020-05-08,US,South Dakota,Douglas,1,0,0,43.38520741,-98.36978007,46043.0,1,1,0,0,1,1,2935,0,0,0,0,0
2020-05-08,US,South Dakota,Fall River,2,0,0,43.23929297,-103.5275691,46047.0,2,2,0,0,2,2,6758,0,0,0,0,0
2020-05-08,US,South Dakota,Faulk,1,0,0,45.07082625,-99.14535601,46049.0,1,1,0,0,1,1,2330,0,0,0,0,0
2020-05-08,US,South Dakota,Grant,2,0,0,45.1723937,-96.77002276,46051.0,2,2,0,0,2,2,7147,0,0,0,0,0
2020-05-08,US,South Dakota,Hamlin,2,0,0,44.67385954,-97.18829593,46057.0,2,2,0,0,2,2,6111,0,0,0,0,0
2020-05-08,US,South Dakota,Hand,1,0,0,44.54708407,-99.00386459,46059.0,1,1,0,0,1,1,3262,0,0,0,0,0
2020-05-08,US,South Dakota,Hughes,15,0,0,44.39091534,-99.99661148,46065.0,15,14,0,0,14,13,17650,1,0,0,1,1
2020-05-08,US,South Dakota,Hutchinson,3,0,0,43.33449012,-97.75536441,46067.0,3,3,0,0,3,3,7380,0,0,0,0,0
2020-05-08,US,South Dakota,Hyde,1,0,0,44.54747703,-99.48572582,46069.0,1,1,0,0,1,1,1282,0,0,0,0,0
2020-05-08,US,South Dakota,Jerauld,6,1,0,44.06637798,-98.62965972,46073.0,5,6,1,0,5,6,2043,0,0,0,0,0
2020-05-08,US,South Dakota,Lake,5,0,0,44.02193107,-97.12926365,46079.0,5,4,0,0,4,4,13057,1,0,0,1,0
2020-05-08,US,South Dakota,Lawrence,9,0,0,44.35919441,-103.79294279999999,46081.0,9,9,0,0,9,9,25741,0,0,0,0,0
2020-05-08,US,South Dakota,Lincoln,180,0,0,43.27841182,-96.72039050000001,46083.0,180,171,0,0,171,170,58807,9,0,0,9,1
2020-05-08,US,South Dakota,Lyman,3,0,0,43.89522709,-99.85201878,46085.0,3,3,0,0,3,3,3821,0,0,0,0,0
2020-05-08,US,South Dakota,Marshall,1,0,0,45.75870838,-97.59855639,46091.0,1,1,0,0,1,1,5112,0,0,0,0,0
2020-05-08,US,South Dakota,McCook,4,1,0,43.6742571,-97.36863144,46087.0,3,4,1,0,3,4,5546,0,0,0,0,0
2020-05-08,US,South Dakota,McPherson,1,0,0,45.76626028,-99.22118798,46089.0,1,1,0,0,1,1,2407,0,0,0,0,0
2020-05-08,US,South Dakota,Meade,3,0,0,44.56676791,-102.71627409999999,46093.0,3,2,0,0,2,2,28294,1,0,0,1,0
2020-05-08,US,South Dakota,Miner,1,0,0,44.02197882,-97.60992207,46097.0,1,1,0,0,1,1,2213,0,0,0,0,0
2020-05-08,US,South Dakota,Minnehaha,2535,26,0,43.67441641,-96.7910885,46099.0,2509,2332,26,0,2306,2231,192876,203,0,0,203,101
2020-05-08,US,South Dakota,Moody,14,0,0,44.02266214,-96.67081159,46101.0,14,11,0,0,11,7,6579,3,0,0,3,4
2020-05-08,US,South Dakota,Oglala Lakota,1,0,0,43.33749164,-102.55554980000001,46102.0,1,1,0,0,1,2,14309,0,0,0,0,-1
2020-05-08,US,South Dakota,Pennington,18,1,0,44.0025835,-102.8240777,46103.0,17,17,1,0,16,16,111729,1,0,0,1,1
2020-05-08,US,South Dakota,Roberts,11,0,0,45.62975048,-96.94672673,46109.0,11,11,0,0,11,11,10447,0,0,0,0,0
2020-05-08,US,South Dakota,Sanborn,3,0,0,44.02351092,-98.09098159999999,46111.0,3,3,0,0,3,3,2429,0,0,0,0,0
2020-05-08,US,South Dakota,Spink,3,0,0,44.93837606,-98.34626602,46115.0,3,3,0,0,3,3,6495,0,0,0,0,0
2020-05-08,US,South Dakota,Stanley,8,0,0,44.41381872,-100.7349153,46117.0,8,8,0,0,8,8,3022,0,0,0,0,0
2020-05-08,US,South Dakota,Sully,1,0,0,44.71571812,-100.1278092,46119.0,1,1,0,0,1,1,1392,0,0,0,0,0
2020-05-08,US,South Dakota,Todd,8,0,0,43.19338568,-100.71955030000001,46121.0,8,7,0,0,7,7,10283,1,0,0,1,0
2020-05-08,US,South Dakota,Turner,18,0,0,43.3109081,-97.14865776,46125.0,18,18,0,0,18,18,8424,0,0,0,0,0
2020-05-08,US,South Dakota,Union,50,0,0,42.83112163,-96.6557828,46127.0,50,48,0,0,48,46,15619,2,0,0,2,2
2020-05-08,US,South Dakota,Walworth,5,0,0,45.43019636,-100.03075140000001,46129.0,5,5,0,0,5,5,5587,0,0,0,0,0
2020-05-08,US,South Dakota,Yankton,29,0,0,43.00924485,-97.39467635,46135.0,29,29,0,0,29,29,22869,0,0,0,0,0
2020-05-08,US,South Dakota,Ziebach,1,0,0,44.97881876,-101.6654622,46137.0,1,1,0,0,1,1,2742,0,0,0,0,0
2020-05-08,US,Tennessee,Anderson,31,1,0,36.12684348,-84.19965764,47001.0,30,31,1,0,30,29,76482,0,0,0,0,2
2020-05-08,US,Tennessee,Bedford,222,3,0,35.51123746,-86.45549096,47003.0,219,217,3,0,214,212,49038,5,0,0,5,5
2020-05-08,US,Tennessee,Benton,7,1,0,36.07110411,-88.06849355,47005.0,6,7,1,0,6,7,16184,0,0,0,0,0
2020-05-08,US,Tennessee,Bledsoe,604,0,0,35.59942968,-85.20611967,47007.0,604,602,0,0,602,601,14755,2,0,0,2,1
2020-05-08,US,Tennessee,Blount,69,3,0,35.68938198,-83.92847788,47009.0,66,69,3,0,66,69,131349,0,0,0,0,0
2020-05-08,US,Tennessee,Bradley,68,1,0,35.15739424,-84.857186,47011.0,67,64,1,0,63,61,106727,4,0,0,4,3
2020-05-08,US,Tennessee,Campbell,16,1,0,36.40355516,-84.15108559999999,47013.0,15,16,1,0,15,16,39583,0,0,0,0,0
2020-05-08,US,Tennessee,Cannon,13,0,0,35.80990797,-86.05738983,47015.0,13,13,0,0,13,12,14462,0,0,0,0,1
2020-05-08,US,Tennessee,Carroll,19,1,0,35.97366108,-88.45189331,47017.0,18,19,1,0,18,18,28020,0,0,0,0,1
2020-05-08,US,Tennessee,Carter,18,1,0,36.28969086,-82.12588974,47019.0,17,18,1,0,17,16,56351,0,0,0,0,2
2020-05-08,US,Tennessee,Cheatham,59,0,0,36.26136216,-87.08903581,47021.0,59,58,0,0,58,58,40439,1,0,0,1,0
2020-05-08,US,Tennessee,Chester,12,0,0,35.42527478,-88.6095842,47023.0,12,10,0,0,10,10,17276,2,0,0,2,0
2020-05-08,US,Tennessee,Claiborne,7,0,0,36.48319149,-83.65947309,47025.0,7,7,0,0,7,6,31756,0,0,0,0,1
2020-05-08,US,Tennessee,Clay,6,0,0,36.55151008,-85.53930419,47027.0,6,6,0,0,6,6,7717,0,0,0,0,0
2020-05-08,US,Tennessee,Cocke,17,0,0,35.9278914,-83.11828725,47029.0,17,17,0,0,17,16,35774,0,0,0,0,1
2020-05-08,US,Tennessee,Coffee,48,0,0,35.49090731,-86.07311784,47031.0,48,47,0,0,47,45,55700,1,0,0,1,2
2020-05-08,US,Tennessee,Crockett,7,0,0,35.81830662,-89.14916269,47033.0,7,7,0,0,7,7,14328,0,0,0,0,0
2020-05-08,US,Tennessee,Cumberland,84,1,0,35.95271721,-84.99840585,47035.0,83,84,1,0,83,85,59673,0,0,0,0,-1
2020-05-08,US,Tennessee,Davidson,3300,31,0,36.17007426,-86.78646056,47037.0,3269,3157,31,0,3126,3128,692587,143,0,0,143,29
2020-05-08,US,Tennessee,DeKalb,26,0,0,35.97616272,-85.83689361,47041.0,26,25,0,0,25,25,20138,1,0,0,1,0
2020-05-08,US,Tennessee,Decatur,4,0,0,35.60048904,-88.11043779,47039.0,4,4,0,0,4,4,11706,0,0,0,0,0
2020-05-08,US,Tennessee,Dickson,85,0,0,36.14669837,-87.35891709,47043.0,85,85,0,0,85,84,53446,0,0,0,0,1
2020-05-08,US,Tennessee,Dyer,41,0,0,36.05931946,-89.41542855,47045.0,41,39,0,0,39,38,37320,2,0,0,2,1
2020-05-08,US,Tennessee,Fayette,75,1,0,35.19615831,-89.41399032,47047.0,74,73,1,0,72,73,40507,2,0,0,2,0
2020-05-08,US,Tennessee,Fentress,5,0,0,36.38128818,-84.92870012,47049.0,5,5,0,0,5,5,18217,0,0,0,0,0
2020-05-08,US,Tennessee,Franklin,38,1,0,35.15634626,-86.09201039,47051.0,37,37,1,0,36,36,41890,1,0,0,1,1
2020-05-08,US,Tennessee,Gibson,52,1,0,35.99438059,-88.93358327,47053.0,51,52,1,0,51,50,49045,0,0,0,0,2
2020-05-08,US,Tennessee,Giles,9,0,0,35.20222469,-87.03992678,47055.0,9,9,0,0,9,9,29503,0,0,0,0,0
2020-05-08,US,Tennessee,Grainger,6,0,0,36.27469206,-83.51254721,47057.0,6,6,0,0,6,6,23145,0,0,0,0,0
2020-05-08,US,Tennessee,Greene,43,2,0,36.17470125,-82.84691273,47059.0,41,43,2,0,41,43,69087,0,0,0,0,0
2020-05-08,US,Tennessee,Grundy,30,1,0,35.38433717,-85.72142731,47061.0,29,30,1,0,29,28,13346,0,0,0,0,2
2020-05-08,US,Tennessee,Hamblen,21,2,0,36.21990035,-83.26586179,47063.0,19,20,2,0,18,19,64569,1,0,0,1,1
2020-05-08,US,Tennessee,Hamilton,229,13,0,35.17670231,-85.16652245,47065.0,216,211,13,0,198,196,364286,18,0,0,18,15
2020-05-08,US,Tennessee,Hardeman,64,0,0,35.20772017,-88.99161161,47069.0,64,23,0,0,23,22,25220,41,0,0,41,1
2020-05-08,US,Tennessee,Hardin,7,0,0,35.19732531,-88.18593755,47071.0,7,7,0,0,7,7,25776,0,0,0,0,0
2020-05-08,US,Tennessee,Hawkins,31,2,0,36.44355426,-82.94885298,47073.0,29,31,2,0,29,31,56530,0,0,0,0,0
2020-05-08,US,Tennessee,Haywood,26,1,0,35.58332824,-89.28536625,47075.0,25,26,1,0,25,26,17335,0,0,0,0,0
2020-05-08,US,Tennessee,Henderson,10,0,0,35.65581134,-88.38600175,47077.0,10,10,0,0,10,10,27847,0,0,0,0,0
2020-05-08,US,Tennessee,Henry,14,0,0,36.33160906,-88.30121797,47079.0,14,14,0,0,14,13,32358,0,0,0,0,1
2020-05-08,US,Tennessee,Hickman,48,0,0,35.80609681,-87.47643507,47081.0,48,48,0,0,48,47,25063,0,0,0,0,1
2020-05-08,US,Tennessee,Houston,6,0,0,36.28872054,-87.71878828,47083.0,6,6,0,0,6,6,8263,0,0,0,0,0
2020-05-08,US,Tennessee,Humphreys,11,1,0,36.03958805,-87.77992872,47085.0,10,11,1,0,10,11,18486,0,0,0,0,0
2020-05-08,US,Tennessee,Jackson,8,0,0,36.36380466,-85.67239905,47087.0,8,8,0,0,8,7,11758,0,0,0,0,1
2020-05-08,US,Tennessee,Jefferson,26,0,0,36.04818632,-83.45148924,47089.0,26,26,0,0,26,26,54012,0,0,0,0,0
2020-05-08,US,Tennessee,Johnson,5,0,0,36.45523950000001,-81.84886538,47091.0,5,5,0,0,5,7,17778,0,0,0,0,-2
2020-05-08,US,Tennessee,Knox,255,5,0,35.99508821,-83.94635435,47093.0,250,253,5,0,248,252,465289,2,0,0,2,1
2020-05-08,US,Tennessee,Lake,59,0,0,36.34180170000001,-89.48921915,47095.0,59,59,0,0,59,59,7411,0,0,0,0,0
2020-05-08,US,Tennessee,Lauderdale,25,0,0,35.75893438,-89.63015909999999,47097.0,25,25,0,0,25,25,25825,0,0,0,0,0
2020-05-08,US,Tennessee,Lawrence,19,0,0,35.21675201,-87.39787695,47099.0,19,19,0,0,19,17,43734,0,0,0,0,2
2020-05-08,US,Tennessee,Lewis,2,0,0,35.52853208,-87.49022694,47101.0,2,2,0,0,2,2,12086,0,0,0,0,0
2020-05-08,US,Tennessee,Lincoln,16,0,0,35.13738622,-86.58910106,47103.0,16,16,0,0,16,16,34117,0,0,0,0,0
2020-05-08,US,Tennessee,Loudon,39,0,0,35.73939663,-84.31145275,47105.0,39,38,0,0,38,39,53054,1,0,0,1,-1
2020-05-08,US,Tennessee,Macon,57,3,0,36.53157855,-86.00778595,47111.0,54,55,3,0,52,54,24265,2,0,0,2,1
2020-05-08,US,Tennessee,Madison,148,1,0,35.61181957,-88.84076036,47113.0,147,145,1,0,144,144,97605,3,0,0,3,1
2020-05-08,US,Tennessee,Marion,29,1,0,35.12997174,-85.62265895,47115.0,28,29,1,0,28,29,28575,0,0,0,0,0
2020-05-08,US,Tennessee,Marshall,24,1,0,35.45798777,-86.76420988,47117.0,23,24,1,0,23,23,33683,0,0,0,0,1
2020-05-08,US,Tennessee,Maury,52,0,0,35.618741299999996,-87.07462444,47119.0,52,52,0,0,52,51,94340,0,0,0,0,1
2020-05-08,US,Tennessee,McMinn,113,4,0,35.42812616,-84.61520715,47107.0,109,108,3,0,105,107,53285,5,1,0,4,1
2020-05-08,US,Tennessee,McNairy,11,0,0,35.17468549,-88.5647812,47109.0,11,11,0,0,11,11,25832,0,0,0,0,0
2020-05-08,US,Tennessee,Meigs,18,0,0,35.51558739,-84.81482914,47121.0,18,17,0,0,17,11,12306,1,0,0,1,6
2020-05-08,US,Tennessee,Monroe,29,1,0,35.44550387,-84.24902965,47123.0,28,26,1,0,25,26,46357,3,0,0,3,0
2020-05-08,US,Tennessee,Montgomery,161,2,0,36.49609412,-87.38550661,47125.0,159,155,2,0,153,153,205950,6,0,0,6,2
2020-05-08,US,Tennessee,Moore,3,0,0,35.27724699,-86.36230578,47127.0,3,3,0,0,3,3,6411,0,0,0,0,0
2020-05-08,US,Tennessee,Morgan,6,0,0,36.13248031,-84.64880098,47129.0,6,6,0,0,6,6,21579,0,0,0,0,0
2020-05-08,US,Tennessee,Obion,16,1,0,36.35732446,-89.14921589,47131.0,15,15,1,0,14,15,30267,1,0,0,1,0
2020-05-08,US,Tennessee,Out of TN,371,5,0,0.0,0.0,80047.0,366,354,5,0,349,344,,17,0,0,17,10
2020-05-08,US,Tennessee,Overton,11,0,0,36.34117832,-85.28989535,47133.0,11,11,0,0,11,10,22068,0,0,0,0,1
2020-05-08,US,Tennessee,Perry,13,0,0,35.63708728,-87.86139634,47135.0,13,13,0,0,13,13,8064,0,0,0,0,0
2020-05-08,US,Tennessee,Polk,12,0,0,35.12245443,-84.52075859,47139.0,12,12,0,0,12,12,16898,0,0,0,0,0
2020-05-08,US,Tennessee,Putnam,166,5,0,36.14005459,-85.50646123,47141.0,161,162,5,0,157,162,78843,4,0,0,4,0
2020-05-08,US,Tennessee,Rhea,6,0,0,35.60536161,-84.93076643,47143.0,6,6,0,0,6,6,33044,0,0,0,0,0
2020-05-08,US,Tennessee,Roane,8,0,0,35.84923189,-84.52458689,47145.0,8,8,0,0,8,7,53140,0,0,0,0,1
2020-05-08,US,Tennessee,Robertson,207,0,0,36.52454807,-86.87346725,47147.0,207,195,0,0,195,186,71012,12,0,0,12,9
2020-05-08,US,Tennessee,Rutherford,685,14,0,35.84591405,-86.4107263,47149.0,671,661,14,0,647,655,324890,24,0,0,24,6
2020-05-08,US,Tennessee,Scott,11,0,0,36.42325673,-84.50360494,47151.0,11,11,0,0,11,11,22039,0,0,0,0,0
2020-05-08,US,Tennessee,Sequatchie,6,0,0,35.36979721,-85.41022136,47153.0,6,7,0,0,7,7,14876,-1,0,0,-1,0
2020-05-08,US,Tennessee,Sevier,65,2,0,35.78077323,-83.52244332,47155.0,63,63,2,0,61,60,97892,2,0,0,2,3
2020-05-08,US,Tennessee,Shelby,3108,67,0,35.1864775,-89.89692423,47157.0,3041,3066,64,0,3002,3010,935764,42,3,0,39,56
2020-05-08,US,Tennessee,Smith,24,1,0,36.25359775,-85.95411046,47159.0,23,23,1,0,22,23,19942,1,0,0,1,0
2020-05-08,US,Tennessee,Stewart,7,0,0,36.50235092,-87.83920548,47161.0,7,7,0,0,7,7,13561,0,0,0,0,0
2020-05-08,US,Tennessee,Sullivan,54,1,0,36.51240691,-82.30412917,47163.0,53,52,1,0,51,52,157668,2,0,0,2,0
2020-05-08,US,Tennessee,Sumner,683,38,0,36.46824103,-86.45917204,47165.0,645,672,38,0,634,671,187149,11,0,0,11,1
2020-05-08,US,Tennessee,Tipton,158,2,0,35.501942,-89.73694895,47167.0,156,158,2,0,156,155,61581,0,0,0,0,3
2020-05-08,US,Tennessee,Trousdale,1355,2,0,36.39026213,-86.16087954,47169.0,1353,1356,2,0,1354,1355,11012,-1,0,0,-1,1
2020-05-08,US,Tennessee,Unassigned,30,1,0,0.0,0.0,90047.0,29,56,1,0,55,76,,-26,0,0,-26,-20
2020-05-08,US,Tennessee,Unicoi,2,0,0,36.10890856,-82.43709629,47171.0,2,2,0,0,2,2,17761,0,0,0,0,0
2020-05-08,US,Tennessee,Union,3,0,0,36.28590426,-83.83651902,47173.0,3,3,0,0,3,3,19688,0,0,0,0,0
2020-05-08,US,Tennessee,Van Buren,2,0,0,35.69864497,-85.45221699,47175.0,2,2,0,0,2,2,5765,0,0,0,0,0
2020-05-08,US,Tennessee,Warren,10,0,0,35.672829899999996,-85.77969117,47177.0,10,10,0,0,10,10,40878,0,0,0,0,0
2020-05-08,US,Tennessee,Washington,60,0,0,36.29472368,-82.49454720000001,47179.0,60,59,0,0,59,59,128607,1,0,0,1,0
2020-05-08,US,Tennessee,Wayne,4,0,0,35.23868267,-87.78644456,47181.0,4,4,0,0,4,4,16558,0,0,0,0,0
2020-05-08,US,Tennessee,Weakley,24,0,0,36.29896232,-88.71990865,47183.0,24,24,0,0,24,24,33415,0,0,0,0,0
2020-05-08,US,Tennessee,White,16,0,0,35.92929884,-85.45591799,47185.0,16,16,0,0,16,15,27107,0,0,0,0,1
2020-05-08,US,Tennessee,Williamson,441,10,0,35.89099229,-86.89281867,47187.0,431,434,10,0,424,436,231729,7,0,0,7,-2
2020-05-08,US,Tennessee,Wilson,290,6,0,36.15496772,-86.29775884,47189.0,284,288,6,0,282,287,140625,2,0,0,2,1
2020-05-08,US,Texas,Anderson,41,0,0,31.81534745,-95.65354823,48001.0,41,40,0,0,40,40,58057,1,0,0,1,0
2020-05-08,US,Texas,Andrews,21,0,0,32.30468633,-102.63765479999999,48003.0,21,21,0,0,21,21,18128,0,0,0,0,0
2020-05-08,US,Texas,Angelina,100,0,0,31.25457347,-94.60901487,48005.0,100,93,0,0,93,86,87092,7,0,0,7,7
2020-05-08,US,Texas,Aransas,2,0,0,28.10556197,-96.9995047,48007.0,2,2,0,0,2,2,23792,0,0,0,0,0
2020-05-08,US,Texas,Armstrong,2,0,0,34.96507426,-101.35748740000001,48011.0,2,2,0,0,2,2,1892,0,0,0,0,0
2020-05-08,US,Texas,Atascosa,22,1,0,28.89333001,-98.52730485,48013.0,21,22,1,0,21,21,50310,0,0,0,0,1
2020-05-08,US,Texas,Austin,14,0,0,29.88548725,-96.27736949,48015.0,14,14,0,0,14,14,29989,0,0,0,0,0
2020-05-08,US,Texas,Bailey,2,0,0,34.06854817,-102.8299707,48017.0,2,2,0,0,2,2,7027,0,0,0,0,0
2020-05-08,US,Texas,Bandera,6,0,0,29.74619598,-99.24598147,48019.0,6,6,0,0,6,6,22824,0,0,0,0,0
2020-05-08,US,Texas,Bastrop,106,2,0,30.10370699,-97.31206354,48021.0,104,107,2,0,105,100,86976,-1,0,0,-1,7
2020-05-08,US,Texas,Bee,6,0,0,28.41761668,-97.74215593,48025.0,6,6,0,0,6,6,32587,0,0,0,0,0
2020-05-08,US,Texas,Bell,218,3,0,31.03736027,-97.4785025,48027.0,215,213,3,0,210,210,355642,5,0,0,5,3
2020-05-08,US,Texas,Bexar,1805,54,0,29.44928723,-98.52019748,48029.0,1751,1761,53,0,1708,1677,1986049,44,1,0,43,84
2020-05-08,US,Texas,Blanco,6,0,0,30.26640707,-98.3999852,48031.0,6,6,0,0,6,6,11702,0,0,0,0,0
2020-05-08,US,Texas,Bosque,5,0,0,31.89978581,-97.63613524,48035.0,5,5,0,0,5,5,18691,0,0,0,0,0
2020-05-08,US,Texas,Bowie,76,2,0,33.44626922,-94.41834132,48037.0,74,76,2,0,74,76,94324,0,0,0,0,0
2020-05-08,US,Texas,Brazoria,613,8,0,29.18757369,-95.44563172,48039.0,605,588,7,0,581,588,370200,25,1,0,24,0
2020-05-08,US,Texas,Brazos,256,18,0,30.663644800000004,-96.30205577,48041.0,238,232,17,0,215,219,226758,24,1,0,23,13
2020-05-08,US,Texas,Brewster,1,0,0,29.81008251,-103.25203259999999,48043.0,1,1,0,0,1,1,9267,0,0,0,0,0
2020-05-08,US,Texas,Briscoe,1,0,0,34.53026962,-101.2084947,48045.0,1,1,0,0,1,1,1516,0,0,0,0,0
2020-05-08,US,Texas,Brooks,1,0,0,27.03103197,-98.21808402,48047.0,1,1,0,0,1,1,7114,0,0,0,0,0
2020-05-08,US,Texas,Brown,38,6,0,31.77430356,-98.99907113,48049.0,32,38,6,0,32,38,37924,0,0,0,0,0
2020-05-08,US,Texas,Burleson,15,0,0,30.49273808,-96.62158484,48051.0,15,14,0,0,14,14,18389,1,0,0,1,0
2020-05-08,US,Texas,Burnet,25,0,0,30.78801353,-98.181887,48053.0,25,24,0,0,24,24,47542,1,0,0,1,0
2020-05-08,US,Texas,Caldwell,25,0,0,29.83668859,-97.61814775,48055.0,25,25,0,0,25,24,43247,0,0,0,0,1
2020-05-08,US,Texas,Calhoun,36,3,0,28.47048236,-96.61633945,48057.0,33,34,3,0,31,34,21561,2,0,0,2,0
2020-05-08,US,Texas,Callahan,6,1,0,32.29760619,-99.37326312,48059.0,5,5,1,0,4,2,13994,1,0,0,1,3
2020-05-08,US,Texas,Cameron,483,20,0,26.14524221,-97.48140372,48061.0,463,469,19,0,450,454,423908,14,1,0,13,15
2020-05-08,US,Texas,Camp,7,0,0,32.97195142,-94.97790104,48063.0,7,7,0,0,7,7,13033,0,0,0,0,0
2020-05-08,US,Texas,Carson,3,0,0,35.40365929,-101.35426690000001,48065.0,3,3,0,0,3,3,6005,0,0,0,0,0
2020-05-08,US,Texas,Cass,17,0,0,33.07499881,-94.34646905,48067.0,17,17,0,0,17,17,30119,0,0,0,0,0
2020-05-08,US,Texas,Castro,22,1,0,34.53016752,-102.2617243,48069.0,21,22,1,0,21,20,7665,0,0,0,0,2
2020-05-08,US,Texas,Chambers,47,0,0,29.70972016,-94.67154501,48071.0,47,47,0,0,47,45,42454,0,0,0,0,2
2020-05-08,US,Texas,Cherokee,20,1,0,31.837258000000002,-95.16559897,48073.0,19,20,1,0,19,20,52592,0,0,0,0,0
2020-05-08,US,Texas,Childress,1,0,0,34.529304100000004,-100.2077916,48075.0,1,1,0,0,1,1,7291,0,0,0,0,0
2020-05-08,US,Texas,Clay,3,0,0,33.78686685,-98.20771198,48077.0,3,3,0,0,3,3,10456,0,0,0,0,0
2020-05-08,US,Texas,Cochran,1,0,0,33.60425307,-102.82844990000001,48079.0,1,1,0,0,1,1,2836,0,0,0,0,0
2020-05-08,US,Texas,Coke,1,0,0,31.88911733,-100.5297533,48081.0,1,1,0,0,1,1,3370,0,0,0,0,0
2020-05-08,US,Texas,Coleman,2,0,0,31.76736834,-99.45240766,48083.0,2,2,0,0,2,1,8397,0,0,0,0,1
2020-05-08,US,Texas,Collin,857,24,0,33.18820114,-96.57264368,48085.0,833,839,22,0,817,828,1005146,18,2,0,16,11
2020-05-08,US,Texas,Collingsworth,1,0,0,34.96489496,-100.27001109999999,48087.0,1,1,0,0,1,1,2962,0,0,0,0,0
2020-05-08,US,Texas,Colorado,13,0,0,29.622097999999998,-96.5273805,48089.0,13,12,0,0,12,12,21217,1,0,0,1,0
2020-05-08,US,Texas,Comal,65,6,0,29.80811278,-98.27647225,48091.0,59,61,6,0,55,59,148373,4,0,0,4,2
2020-05-08,US,Texas,Comanche,3,1,0,31.94854689,-98.55876441,48093.0,2,3,1,0,2,3,13534,0,0,0,0,0
2020-05-08,US,Texas,Concho,1,0,0,31.32635934,-99.86473038,48095.0,1,1,0,0,1,1,4276,0,0,0,0,0
2020-05-08,US,Texas,Cooke,11,0,0,33.63979567,-97.21240912,48097.0,11,11,0,0,11,11,40574,0,0,0,0,0
2020-05-08,US,Texas,Coryell,205,2,0,31.39078397,-97.79936155,48099.0,203,201,2,0,199,190,74808,4,0,0,4,11
2020-05-08,US,Texas,Cottle,3,0,0,34.07783319,-100.27850620000001,48101.0,3,3,0,0,3,3,1389,0,0,0,0,0
2020-05-08,US,Texas,Crane,2,0,0,31.43052248,-102.5143314,48103.0,2,2,0,0,2,2,4794,0,0,0,0,0
2020-05-08,US,Texas,Crosby,2,1,0,33.61431553,-101.30003640000001,48107.0,1,2,1,0,1,2,5779,0,0,0,0,0
2020-05-08,US,Texas,Dallam,11,1,0,36.27787176,-102.60207249999999,48111.0,10,11,1,0,10,11,7200,0,0,0,0,0
2020-05-08,US,Texas,Dallas,5369,135,0,32.76670599,-96.77796049999999,48113.0,5234,5120,125,0,4995,4869,2637772,249,10,0,239,251
2020-05-08,US,Texas,Dawson,30,1,0,32.74255572,-101.94772420000001,48115.0,29,30,1,0,29,30,12619,0,0,0,0,0
2020-05-08,US,Texas,DeWitt,15,1,0,29.08101855,-97.35681170000001,48123.0,14,15,1,0,14,15,20187,0,0,0,0,0
2020-05-08,US,Texas,Deaf Smith,46,0,0,34.96522957,-102.6054267,48117.0,46,41,0,0,41,41,18760,5,0,0,5,0
2020-05-08,US,Texas,Delta,1,0,0,33.38570922,-95.66921122,48119.0,1,1,0,0,1,1,5349,0,0,0,0,0
2020-05-08,US,Texas,Denton,872,23,0,33.20521901,-97.11691153,48121.0,849,846,22,0,824,832,859064,26,1,0,25,14
2020-05-08,US,Texas,Dickens,1,0,0,33.61616822,-100.7788855,48125.0,1,1,0,0,1,1,2249,0,0,0,0,0
2020-05-08,US,Texas,Dimmit,1,0,0,28.42270064,-99.75645095,48127.0,1,1,0,0,1,1,10308,0,0,0,0,0
2020-05-08,US,Texas,Donley,25,0,0,34.96517499,-100.8140093,48129.0,25,25,0,0,25,25,3319,0,0,0,0,0
2020-05-08,US,Texas,Duval,3,0,0,27.68184592,-98.50864568,48131.0,3,3,0,0,3,3,11212,0,0,0,0,0
2020-05-08,US,Texas,Eastland,3,0,0,32.32743996,-98.83243566,48133.0,3,3,0,0,3,3,18322,0,0,0,0,0
2020-05-08,US,Texas,Ector,94,4,0,31.86898877,-102.54294279999999,48135.0,90,90,4,0,86,85,162124,4,0,0,4,5
2020-05-08,US,Texas,El Paso,1190,30,0,31.76980765,-106.23632749999999,48141.0,1160,1119,23,0,1096,1080,840758,71,7,0,64,39
2020-05-08,US,Texas,Ellis,193,11,0,32.34894117,-96.79371841,48139.0,182,188,10,0,178,184,179436,5,1,0,4,4
2020-05-08,US,Texas,Erath,14,1,0,32.23602653,-98.21773417,48143.0,13,15,1,0,14,13,42446,-1,0,0,-1,2
2020-05-08,US,Texas,Falls,6,0,0,31.25350609,-96.93630086,48145.0,6,6,0,0,6,6,17335,0,0,0,0,0
2020-05-08,US,Texas,Fannin,23,1,0,33.59564294,-96.10751083,48147.0,22,23,1,0,22,22,35286,0,0,0,0,1
2020-05-08,US,Texas,Fayette,21,1,0,29.87788372,-96.92076062,48149.0,20,19,1,0,18,17,25349,2,0,0,2,2
2020-05-08,US,Texas,Floyd,4,0,0,34.07227468,-101.3031546,48153.0,4,4,0,0,4,4,5837,0,0,0,0,0
2020-05-08,US,Texas,Fort Bend,1332,33,0,29.52704478,-95.77219463,48157.0,1299,1287,32,0,1255,1245,787858,45,1,0,44,42
2020-05-08,US,Texas,Franklin,3,0,0,33.17653242,-95.21917243,48159.0,3,3,0,0,3,3,10766,0,0,0,0,0
2020-05-08,US,Texas,Freestone,7,0,0,31.70422788,-96.15072516,48161.0,7,7,0,0,7,7,19808,0,0,0,0,0
2020-05-08,US,Texas,Frio,25,0,0,28.86751206,-99.10804207,48163.0,25,25,0,0,25,10,19816,0,0,0,0,15
2020-05-08,US,Texas,Gaines,3,0,0,32.74055318,-102.6353295,48165.0,3,3,0,0,3,3,20901,0,0,0,0,0
2020-05-08,US,Texas,Galveston,672,28,0,29.40167322,-94.90469073,48167.0,644,669,28,0,641,659,337890,3,0,0,3,10
2020-05-08,US,Texas,Garza,3,0,0,33.17969345,-101.2984114,48169.0,3,3,0,0,3,3,6578,0,0,0,0,0
2020-05-08,US,Texas,Gillespie,4,0,0,30.31824095,-98.94676915,48171.0,4,4,0,0,4,4,26804,0,0,0,0,0
2020-05-08,US,Texas,Glasscock,1,0,0,31.86942909,-101.5207776,48173.0,1,1,0,0,1,1,1388,0,0,0,0,0
2020-05-08,US,Texas,Goliad,7,0,0,28.65696592,-97.42760647,48175.0,7,7,0,0,7,7,7584,0,0,0,0,0
2020-05-08,US,Texas,Gonzales,31,2,0,29.45634206,-97.49424032,48177.0,29,31,2,0,29,31,20826,0,0,0,0,0
2020-05-08,US,Texas,Gray,73,0,0,35.40081878,-100.8129222,48179.0,73,73,0,0,73,71,21895,0,0,0,0,2
2020-05-08,US,Texas,Grayson,78,0,0,33.62744998,-96.67753461,48181.0,78,60,0,0,60,58,133991,18,0,0,18,2
2020-05-08,US,Texas,Gregg,117,0,0,32.47940482,-94.81591935,48183.0,117,109,0,0,109,107,123707,8,0,0,8,2
2020-05-08,US,Texas,Grimes,37,1,0,30.54579585,-95.98902499,48185.0,36,25,1,0,24,25,28360,12,0,0,12,0
2020-05-08,US,Texas,Guadalupe,92,0,0,29.58165339,-97.94786822,48187.0,92,90,0,0,90,88,163694,2,0,0,2,2
2020-05-08,US,Texas,Hale,37,4,0,34.07044901,-101.82681140000001,48189.0,33,37,4,0,33,31,33830,0,0,0,0,6
2020-05-08,US,Texas,Hamilton,6,0,0,31.70470573,-98.11083887,48193.0,6,5,0,0,5,5,8484,1,0,0,1,0
2020-05-08,US,Texas,Hansford,12,2,0,36.27743284,-101.3545796,48195.0,10,11,2,0,9,11,5463,1,0,0,1,0
2020-05-08,US,Texas,Hardin,113,3,0,30.33364686,-94.38931817,48199.0,110,113,3,0,110,112,57207,0,0,0,0,1
2020-05-08,US,Texas,Harris,7594,160,0,29.86,-95.39,48201.0,7434,7377,154,0,7223,7244,4698619,217,6,0,211,133
2020-05-08,US,Texas,Harrison,180,6,0,32.54935988,-94.36934071,48203.0,174,167,6,0,161,160,66726,13,0,0,13,7
2020-05-08,US,Texas,Hartley,7,2,0,35.84008013,-102.6029022,48205.0,5,7,2,0,5,7,5619,0,0,0,0,0
2020-05-08,US,Texas,Hays,195,1,0,30.05669873,-98.02944344,48209.0,194,176,1,0,175,176,222631,19,0,0,19,0
2020-05-08,US,Texas,Hemphill,1,0,0,35.83764858,-100.2703577,48211.0,1,1,0,0,1,1,3825,0,0,0,0,0
2020-05-08,US,Texas,Henderson,36,0,0,32.21128872,-95.85846587,48213.0,36,34,0,0,34,33,82299,2,0,0,2,1
2020-05-08,US,Texas,Hidalgo,368,7,0,26.39418217,-98.18299696,48215.0,361,359,7,0,352,353,865939,9,0,0,9,6
2020-05-08,US,Texas,Hill,19,1,0,31.99045053,-97.13423143,48217.0,18,18,1,0,17,18,36354,1,0,0,1,0
2020-05-08,US,Texas,Hockley,20,1,0,33.60771256,-102.3431676,48219.0,19,19,1,0,18,20,22980,1,0,0,1,-1
2020-05-08,US,Texas,Hood,22,3,0,32.42990927,-97.83242024,48221.0,19,20,3,0,17,20,60537,2,0,0,2,0
2020-05-08,US,Texas,Hopkins,7,0,0,33.14875072,-95.56351139,48223.0,7,7,0,0,7,6,36810,0,0,0,0,1
2020-05-08,US,Texas,Houston,10,0,0,31.31925973,-95.42226208,48225.0,10,10,0,0,10,9,23169,0,0,0,0,1
2020-05-08,US,Texas,Howard,6,1,0,32.30621324,-101.4356444,48227.0,5,6,1,0,5,6,36459,0,0,0,0,0
2020-05-08,US,Texas,Hunt,56,3,0,33.12351514,-96.08551032,48231.0,53,54,3,0,51,54,96493,2,0,0,2,0
2020-05-08,US,Texas,Hutchinson,19,0,0,35.84006574,-101.3546643,48233.0,19,19,0,0,19,20,21198,0,0,0,0,-1
2020-05-08,US,Texas,Jack,4,0,0,33.23377248,-98.17283469,48237.0,4,4,0,0,4,4,8843,0,0,0,0,0
2020-05-08,US,Texas,Jackson,14,0,0,28.95472367,-96.57749563,48239.0,14,14,0,0,14,14,14874,0,0,0,0,0
2020-05-08,US,Texas,Jasper,19,1,0,30.74685667,-94.02667579,48241.0,18,18,1,0,17,18,35872,1,0,0,1,0
2020-05-08,US,Texas,Jefferson,353,25,0,29.8832777,-94.16434171,48245.0,328,336,23,0,313,335,255001,17,2,0,15,1
2020-05-08,US,Texas,Jim Hogg,3,0,0,27.04453923,-98.69681870000001,48247.0,3,3,0,0,3,3,5248,0,0,0,0,0
2020-05-08,US,Texas,Jim Wells,5,0,0,27.73103938,-98.0904705,48249.0,5,5,0,0,5,5,40822,0,0,0,0,0
2020-05-08,US,Texas,Johnson,99,4,0,32.37877812,-97.36615819,48251.0,95,97,4,0,93,95,171361,2,0,0,2,2
2020-05-08,US,Texas,Jones,87,0,0,32.73997145,-99.87861576,48253.0,87,84,0,0,84,84,19817,3,0,0,3,0
2020-05-08,US,Texas,Karnes,3,0,0,28.90705334,-97.85960149,48255.0,3,3,0,0,3,3,15650,0,0,0,0,0
2020-05-08,US,Texas,Kaufman,111,1,0,32.599141700000004,-96.28734728,48257.0,110,106,1,0,105,101,128622,5,0,0,5,5
2020-05-08,US,Texas,Kendall,18,0,0,29.94414155,-98.7113588,48259.0,18,18,0,0,18,17,45641,0,0,0,0,1
2020-05-08,US,Texas,Kerr,7,0,0,30.06040006,-99.34930144,48265.0,7,6,0,0,6,6,52405,1,0,0,1,0
2020-05-08,US,Texas,Kimble,1,0,0,30.48678918,-99.74856473,48267.0,1,,,,,,4362,,,,,
2020-05-08,US,Texas,Kleberg,10,1,0,27.42435506,-97.69894948,48273.0,9,10,1,0,9,10,31129,0,0,0,0,0
2020-05-08,US,Texas,Knox,1,0,0,33.60519951,-99.74229059999999,48275.0,1,1,0,0,1,1,3653,0,0,0,0,0
2020-05-08,US,Texas,La Salle,1,0,0,28.34453111,-99.09908775,48283.0,1,1,0,0,1,1,7531,0,0,0,0,0
2020-05-08,US,Texas,Lamar,77,1,0,33.66981763,-95.57404777,48277.0,76,76,1,0,75,71,49728,1,0,0,1,5
2020-05-08,US,Texas,Lamb,5,0,0,34.06859623,-102.35162890000001,48279.0,5,5,0,0,5,4,13158,0,0,0,0,1
2020-05-08,US,Texas,Lampasas,6,0,0,31.19531316,-98.24206613,48281.0,6,6,0,0,6,5,21229,0,0,0,0,1
2020-05-08,US,Texas,Lavaca,6,1,0,29.38508402,-96.93186692,48285.0,5,6,1,0,5,6,20110,0,0,0,0,0
2020-05-08,US,Texas,Lee,4,0,0,30.31120597,-96.97045773,48287.0,4,2,0,0,2,2,17144,2,0,0,2,0
2020-05-08,US,Texas,Leon,9,0,0,31.29872538,-95.9936328,48289.0,9,7,0,0,7,7,17270,2,0,0,2,0
2020-05-08,US,Texas,Liberty,49,1,0,30.15152688,-94.81205615,48291.0,48,48,1,0,47,47,86323,1,0,0,1,1
2020-05-08,US,Texas,Limestone,13,1,0,31.5454767,-96.58095444,48293.0,12,13,1,0,12,13,23519,0,0,0,0,0
2020-05-08,US,Texas,Lipscomb,2,0,0,36.27783108,-100.27331509999999,48295.0,2,2,0,0,2,2,3355,0,0,0,0,0
2020-05-08,US,Texas,Live Oak,5,0,0,28.35101362,-98.1246786,48297.0,5,5,0,0,5,5,12166,0,0,0,0,0
2020-05-08,US,Texas,Llano,3,0,0,30.70645047,-98.68475262,48299.0,3,3,0,0,3,3,21646,0,0,0,0,0
2020-05-08,US,Texas,Lubbock,582,48,0,33.61008596,-101.82047890000001,48303.0,534,575,47,0,528,567,307412,7,1,0,6,8
2020-05-08,US,Texas,Lynn,5,1,0,33.17657705,-101.8162849,48305.0,4,5,1,0,4,5,5877,0,0,0,0,0
2020-05-08,US,Texas,Madison,3,0,0,30.96694679,-95.93003775,48313.0,3,2,0,0,2,1,14422,1,0,0,1,1
2020-05-08,US,Texas,Marion,16,0,0,32.79868409,-94.35661230000001,48315.0,16,15,0,0,15,15,9928,1,0,0,1,0
2020-05-08,US,Texas,Martin,3,1,0,32.30600051,-101.9513518,48317.0,2,3,1,0,2,3,5753,0,0,0,0,0
2020-05-08,US,Texas,Mason,28,0,0,30.71780434,-99.22629416,48319.0,28,28,0,0,28,27,4280,0,0,0,0,1
2020-05-08,US,Texas,Matagorda,64,3,0,28.81955746,-96.01230294,48321.0,61,64,3,0,61,64,36552,0,0,0,0,0
2020-05-08,US,Texas,Maverick,26,0,0,28.7429195,-100.3157686,48323.0,26,26,0,0,26,26,58485,0,0,0,0,0
2020-05-08,US,Texas,McCulloch,3,0,0,31.1925468,-99.34682807,48307.0,3,3,0,0,3,3,7987,0,0,0,0,0
2020-05-08,US,Texas,McLennan,94,4,0,31.55255453,-97.20217694,48309.0,90,92,4,0,88,92,254607,2,0,0,2,0
2020-05-08,US,Texas,Medina,22,2,0,29.355730100000002,-99.11030298,48325.0,20,21,2,0,19,20,50921,1,0,0,1,1
2020-05-08,US,Texas,Midland,100,10,0,31.86904128,-102.03156820000001,48329.0,90,94,9,0,85,91,172578,6,1,0,5,3
2020-05-08,US,Texas,Milam,18,1,0,30.78581830000001,-96.97718698,48331.0,17,18,1,0,17,18,25131,0,0,0,0,0
2020-05-08,US,Texas,Mitchell,1,0,0,32.30623474,-100.9212058,48335.0,1,1,0,0,1,1,8145,0,0,0,0,0
2020-05-08,US,Texas,Montague,9,1,0,33.67521893,-97.72500958,48337.0,8,9,1,0,8,9,19596,0,0,0,0,0
2020-05-08,US,Texas,Montgomery,699,16,0,30.30079133,-95.50572772,48339.0,683,689,15,0,674,672,590925,10,1,0,9,17
2020-05-08,US,Texas,Moore,487,7,0,35.83769242,-101.8930281,48341.0,480,454,6,0,448,448,21485,33,1,0,32,6
2020-05-08,US,Texas,Morris,9,0,0,33.11304005,-94.73255695,48343.0,9,9,0,0,9,9,12339,0,0,0,0,0
2020-05-08,US,Texas,Motley,1,0,0,34.07408766,-100.77972199999999,48345.0,1,1,0,0,1,1,1234,0,0,0,0,0
2020-05-08,US,Texas,Nacogdoches,202,7,0,31.62017125,-94.61803994,48347.0,195,202,7,0,195,189,65711,0,0,0,0,13
2020-05-08,US,Texas,Navarro,36,2,0,32.04620681,-96.47428766,48349.0,34,34,2,0,32,33,49565,2,0,0,2,1
2020-05-08,US,Texas,Newton,4,0,0,30.78548982,-93.74408813,48351.0,4,4,0,0,4,4,13746,0,0,0,0,0
2020-05-08,US,Texas,Nolan,2,0,0,32.30365282,-100.4060208,48353.0,2,2,0,0,2,2,14751,0,0,0,0,0
2020-05-08,US,Texas,Nueces,123,3,0,27.736286,-97.5433285,48355.0,120,117,3,0,114,114,362265,6,0,0,6,3
2020-05-08,US,Texas,Ochiltree,29,1,0,36.27829105,-100.8158184,48357.0,28,28,1,0,27,26,9947,1,0,0,1,2
2020-05-08,US,Texas,Oldham,3,1,0,35.40425596,-102.6027606,48359.0,2,3,1,0,2,3,2131,0,0,0,0,0
2020-05-08,US,Texas,Orange,81,2,0,30.11879481,-93.89412775,48361.0,79,81,2,0,79,79,83572,0,0,0,0,2
2020-05-08,US,Texas,Palo Pinto,9,2,0,32.75310985,-98.31319001,48363.0,7,9,2,0,7,9,28875,0,0,0,0,0
2020-05-08,US,Texas,Panola,168,3,0,32.163959600000005,-94.30552481,48365.0,165,139,3,0,136,136,23148,29,0,0,29,3
2020-05-08,US,Texas,Parker,44,0,0,32.77757172,-97.80500621,48367.0,44,43,0,0,43,41,138371,1,0,0,1,2
2020-05-08,US,Texas,Parmer,17,0,0,34.52993409,-102.78446679999999,48369.0,17,17,0,0,17,14,9864,0,0,0,0,3
2020-05-08,US,Texas,Pecos,14,0,0,30.78097267,-102.72412609999999,48371.0,14,14,0,0,14,14,15673,0,0,0,0,0
2020-05-08,US,Texas,Polk,35,0,0,30.79472531,-94.82766240000001,48373.0,35,30,0,0,30,30,50031,5,0,0,5,0
2020-05-08,US,Texas,Potter,1027,15,0,35.40133773,-101.893964,48375.0,1012,971,15,0,956,907,119648,56,0,0,56,64
2020-05-08,US,Texas,Rains,2,0,0,32.87109387,-95.79232691,48379.0,2,2,0,0,2,2,12159,0,0,0,0,0
2020-05-08,US,Texas,Randall,343,3,0,34.96585996,-101.8971322,48381.0,340,333,3,0,330,310,136271,10,0,0,10,23
2020-05-08,US,Texas,Red River,3,0,0,33.61886692,-95.04841765,48387.0,3,2,0,0,2,1,12175,1,0,0,1,1
2020-05-08,US,Texas,Reeves,7,0,0,31.32323325,-103.69038959999999,48389.0,7,5,0,0,5,5,15695,2,0,0,2,0
2020-05-08,US,Texas,Refugio,1,0,0,28.323897600000002,-97.15766311,48391.0,1,1,0,0,1,1,7032,0,0,0,0,0
2020-05-08,US,Texas,Roberts,2,0,0,35.83809685,-100.813175,48393.0,2,2,0,0,2,2,903,0,0,0,0,0
2020-05-08,US,Texas,Robertson,5,0,0,31.02539637,-96.51272246,48395.0,5,5,0,0,5,4,17284,0,0,0,0,1
2020-05-08,US,Texas,Rockwall,100,4,0,32.89779518,-96.40771592,48397.0,96,96,3,0,93,95,100657,4,1,0,3,1
2020-05-08,US,Texas,Runnels,2,0,0,31.8314342,-99.97616148,48399.0,2,2,0,0,2,2,10234,0,0,0,0,0
2020-05-08,US,Texas,Rusk,40,1,0,32.10773545,-94.76176432,48401.0,39,40,1,0,39,39,54450,0,0,0,0,1
2020-05-08,US,Texas,Sabine,2,0,0,31.34318809,-93.85440451,48403.0,2,2,0,0,2,1,10589,0,0,0,0,1
2020-05-08,US,Texas,San Augustine,21,1,0,31.39457611,-94.17000399,48405.0,20,21,1,0,20,21,8232,0,0,0,0,0
2020-05-08,US,Texas,San Jacinto,10,0,0,30.57933681,-95.16260304,48407.0,10,10,0,0,10,10,28719,0,0,0,0,0
2020-05-08,US,Texas,San Patricio,16,0,0,28.00880118,-97.51763891,48409.0,16,16,0,0,16,14,66893,0,0,0,0,2
2020-05-08,US,Texas,Scurry,2,0,0,32.74613808,-100.91626640000001,48415.0,2,2,0,0,2,2,16866,0,0,0,0,0
2020-05-08,US,Texas,Shackelford,1,0,0,32.73587756,-99.35401337,48417.0,1,1,0,0,1,,3253,0,0,0,0,
2020-05-08,US,Texas,Shelby,149,4,0,31.79211404,-94.14550696,48419.0,145,144,4,0,140,131,25418,5,0,0,5,13
2020-05-08,US,Texas,Sherman,20,0,0,36.27751473,-101.8933156,48421.0,20,19,0,0,19,18,3079,1,0,0,1,1
2020-05-08,US,Texas,Smith,170,3,0,32.37474036,-95.27175679999999,48423.0,167,165,3,0,162,156,230221,5,0,0,5,9
2020-05-08,US,Texas,Starr,14,0,0,26.56150059,-98.73892358,48427.0,14,10,0,0,10,10,64525,4,0,0,4,0
2020-05-08,US,Texas,Stephens,1,0,0,32.73553157,-98.83631615,48429.0,1,1,0,0,1,1,9433,0,0,0,0,0
2020-05-08,US,Texas,Swisher,11,0,0,34.53028891,-101.73491740000001,48437.0,11,11,0,0,11,11,7462,0,0,0,0,0
2020-05-08,US,Texas,Tarrant,2956,90,0,32.77143818,-97.29101614,48439.0,2866,2956,90,0,2866,2686,2084931,0,0,0,0,270
2020-05-08,US,Texas,Taylor,207,6,0,32.30163422,-99.89007449,48441.0,201,206,6,0,200,378,137640,1,0,0,1,-172
2020-05-08,US,Texas,Terry,12,0,0,33.17402785,-102.3354521,48445.0,12,12,0,0,12,12,12287,0,0,0,0,0
2020-05-08,US,Texas,Titus,29,0,0,33.21339719,-94.96797273,48449.0,29,27,0,0,27,23,33033,2,0,0,2,4
2020-05-08,US,Texas,Tom Green,84,1,0,31.40464436,-100.46244300000001,48451.0,83,84,1,0,83,83,118189,0,0,0,0,1
2020-05-08,US,Texas,Travis,2071,60,0,30.33432034,-97.78535620000001,48453.0,2011,2002,59,0,1943,1946,1248743,69,1,0,68,56
2020-05-08,US,Texas,Trinity,11,0,0,31.0879489,-95.1367187,48455.0,11,10,0,0,10,10,14740,1,0,0,1,0
2020-05-08,US,Texas,Tyler,7,0,0,30.77031716,-94.37690895,48457.0,7,7,0,0,7,7,21696,0,0,0,0,0
2020-05-08,US,Texas,Upshur,17,0,0,32.73706798,-94.93999853,48459.0,17,16,0,0,16,16,41260,1,0,0,1,0
2020-05-08,US,Texas,Uvalde,7,0,0,29.35739637,-99.76229172,48463.0,7,6,0,0,6,6,26846,1,0,0,1,0
2020-05-08,US,Texas,Val Verde,13,0,0,29.89149232,-101.1525205,48465.0,13,13,0,0,13,13,49208,0,0,0,0,0
2020-05-08,US,Texas,Van Zandt,18,1,0,32.56483801,-95.83766469,48467.0,17,18,1,0,17,18,56019,0,0,0,0,0
2020-05-08,US,Texas,Victoria,146,5,0,28.79780988,-96.96813006,48469.0,141,146,5,0,141,146,92035,0,0,0,0,0
2020-05-08,US,Texas,Walker,332,2,0,30.73872995,-95.57440968,48471.0,330,315,2,0,313,303,72480,17,0,0,17,12
2020-05-08,US,Texas,Waller,37,0,0,30.01058447,-95.99011759,48473.0,37,37,0,0,37,36,53126,0,0,0,0,1
2020-05-08,US,Texas,Washington,156,18,0,30.21498498,-96.40946246,48477.0,138,153,18,0,135,150,35108,3,0,0,3,3
2020-05-08,US,Texas,Webb,414,17,0,27.7610369,-99.33237355,48479.0,397,410,17,0,393,400,275910,4,0,0,4,10
2020-05-08,US,Texas,Wharton,41,0,0,29.27765923,-96.22319248,48481.0,41,40,0,0,40,40,41619,1,0,0,1,0
2020-05-08,US,Texas,Wheeler,13,0,0,35.40114335,-100.26995140000001,48483.0,13,12,0,0,12,12,5191,1,0,0,1,0
2020-05-08,US,Texas,Wichita,71,2,0,33.98842886,-98.70410340000001,48485.0,69,70,2,0,68,70,132064,1,0,0,1,0
2020-05-08,US,Texas,Wilbarger,2,0,0,34.07945812,-99.24178437,48487.0,2,2,0,0,2,2,12820,0,0,0,0,0
2020-05-08,US,Texas,Willacy,14,1,0,26.47411727,-97.61535848,48489.0,13,14,1,0,13,13,21515,0,0,0,0,1
2020-05-08,US,Texas,Williamson,361,12,0,30.64655664,-97.60048540000001,48491.0,349,352,12,0,340,341,566719,9,0,0,9,11
2020-05-08,US,Texas,Wilson,34,4,0,29.1732598,-98.08693082,48493.0,30,34,4,0,30,34,50224,0,0,0,0,0
2020-05-08,US,Texas,Winkler,3,0,0,31.85008651,-103.04851629999999,48495.0,3,3,0,0,3,3,7720,0,0,0,0,0
2020-05-08,US,Texas,Wise,28,2,0,33.21570665,-97.65460265,48497.0,26,28,2,0,26,28,68305,0,0,0,0,0
2020-05-08,US,Texas,Wood,13,0,0,32.78722382,-95.38236368,48499.0,13,11,0,0,11,11,45129,2,0,0,2,0
2020-05-08,US,Texas,Yoakum,2,0,0,33.17320212,-102.82764329999999,48501.0,2,2,0,0,2,2,8591,0,0,0,0,0
2020-05-08,US,Texas,Young,4,1,0,33.17659707,-98.68790885,48503.0,3,4,1,0,3,4,18045,0,0,0,0,0
2020-05-08,US,Texas,Zapata,7,0,0,27.00156391,-99.16987152,48505.0,7,7,0,0,7,7,14190,0,0,0,0,0
2020-05-08,US,Texas,Zavala,1,0,0,28.86617238,-99.76050829,48507.0,1,1,0,0,1,1,11983,0,0,0,0,0
2020-05-08,US,Utah,Bear River,66,1,0,41.52106798,-113.08328159999999,0.0,65,64,1,0,63,64,,2,0,0,2,0
2020-05-08,US,Utah,Central Utah,27,0,0,39.37231946,-111.5758676,0.0,27,27,0,0,27,26,,0,0,0,0,1
2020-05-08,US,Utah,Davis,321,2,0,40.99001837,-112.1139997,49011.0,319,315,2,0,313,308,351713,6,0,0,6,7
2020-05-08,US,Utah,Salt Lake,3104,39,0,40.66616532,-111.92160109999999,49035.0,3065,3010,39,0,2971,2912,1152633,94,0,0,94,98
2020-05-08,US,Utah,San Juan,135,2,0,37.62762978,-109.80337140000002,49037.0,133,132,2,0,130,126,15449,3,0,0,3,6
2020-05-08,US,Utah,Southeast Utah,13,0,0,38.99617072,-110.70139579999999,0.0,13,12,0,0,12,12,,1,0,0,1,0
2020-05-08,US,Utah,Southwest Utah,138,3,0,37.85447192,-111.4418764,90049.0,135,132,3,0,129,128,,6,0,0,6,4
2020-05-08,US,Utah,Summit,384,0,0,40.86688146,-110.9535882,49043.0,384,382,0,0,382,382,41933,2,0,0,2,0
2020-05-08,US,Utah,Tooele,72,0,0,40.44862644,-113.12957150000001,49045.0,72,71,0,0,71,70,69907,1,0,0,1,1
2020-05-08,US,Utah,TriCounty,14,0,0,40.12491499,-109.5174415,0.0,14,14,0,0,14,14,,0,0,0,0,0
2020-05-08,US,Utah,Utah,1288,11,0,40.116672200000004,-111.66576620000001,49049.0,1277,1219,11,0,1208,1210,622213,69,0,0,69,9
2020-05-08,US,Utah,Wasatch,173,1,0,40.33110236,-111.1691419,49051.0,172,173,1,0,172,170,33240,0,0,0,0,3
2020-05-08,US,Utah,Weber-Morgan,184,2,0,41.27116049,-111.9145117,0.0,182,173,2,0,171,173,,11,0,0,11,0
2020-05-08,US,Vermont,Addison,62,2,0,44.03217337,-73.14130877,50001.0,60,61,2,0,59,61,36973,1,0,0,1,0
2020-05-08,US,Vermont,Bennington,54,1,0,43.03519828,-73.09048868,50003.0,53,53,1,0,52,53,35631,1,0,0,1,0
2020-05-08,US,Vermont,Caledonia,14,0,0,44.46548598,-72.10314651,50005.0,14,14,0,0,14,14,30302,0,0,0,0,0
2020-05-08,US,Vermont,Chittenden,431,37,0,44.46322849,-73.08359212,50007.0,394,431,37,0,394,426,164572,0,0,0,0,5
2020-05-08,US,Vermont,Essex,2,0,0,44.72736416,-71.73579864,50009.0,2,2,0,0,2,2,6250,0,0,0,0,0
2020-05-08,US,Vermont,Franklin,99,5,0,44.85627605,-72.91249563,50011.0,94,99,5,0,94,99,49421,0,0,0,0,0
2020-05-08,US,Vermont,Grand Isle,4,0,0,44.797582399999996,-73.29679772,50013.0,4,4,0,0,4,4,7090,0,0,0,0,0
2020-05-08,US,Vermont,Lamoille,26,1,0,44.60353043,-72.64356694,50015.0,25,26,1,0,25,26,25300,0,0,0,0,0
2020-05-08,US,Vermont,Orange,8,0,0,44.00470222,-72.37640104,50017.0,8,8,0,0,8,8,28999,0,0,0,0,0
2020-05-08,US,Vermont,Orleans,9,0,0,44.82964024,-72.24562697,50019.0,9,9,0,0,9,9,26907,0,0,0,0,0
2020-05-08,US,Vermont,Rutland,50,1,0,43.57723578,-73.03741676,50021.0,49,49,1,0,48,49,58672,1,0,0,1,0
2020-05-08,US,Vermont,Unassigned,4,0,0,0.0,0.0,90050.0,4,4,0,0,4,4,,0,0,0,0,0
2020-05-08,US,Vermont,Washington,37,1,0,44.27343241,-72.61604978,50023.0,36,37,1,0,36,36,58140,0,0,0,0,1
2020-05-08,US,Vermont,Windham,73,3,0,42.986982,-72.71268875,50025.0,70,73,3,0,70,73,42756,0,0,0,0,0
2020-05-08,US,Vermont,Windsor,46,2,0,43.58010937,-72.58595157,50027.0,44,46,2,0,44,44,55286,0,0,0,0,2
2020-05-08,US,Virginia,Accomack,463,7,0,37.76707161,-75.63234615,51001.0,456,463,7,0,456,429,32412,0,0,0,0,34
2020-05-08,US,Virginia,Albemarle,116,4,0,38.02080697,-78.55481085,51003.0,112,112,4,0,108,110,108718,4,0,0,4,2
2020-05-08,US,Virginia,Alexandria,1110,29,0,38.814003,-77.08183073,51510.0,1081,1060,29,0,1031,983,160530,50,0,0,50,77
2020-05-08,US,Virginia,Alleghany,6,0,0,37.78636074,-80.00222498,51005.0,6,6,0,0,6,6,14910,0,0,0,0,0
2020-05-08,US,Virginia,Amelia,17,1,0,37.34081025,-77.98584649,51007.0,16,17,1,0,16,18,13013,0,0,0,0,-1
2020-05-08,US,Virginia,Amherst,15,0,0,37.60308293,-79.14548696,51009.0,15,15,0,0,15,15,31666,0,0,0,0,0
2020-05-08,US,Virginia,Appomattox,21,0,0,37.37569884,-78.81340003,51011.0,21,21,0,0,21,21,15841,0,0,0,0,0
2020-05-08,US,Virginia,Arlington,1281,57,0,38.8767675,-77.10139853,51013.0,1224,1248,52,0,1196,1169,237521,33,5,0,28,79
2020-05-08,US,Virginia,Augusta,55,1,0,38.16404586,-79.12461614,51015.0,54,55,1,0,54,47,75457,0,0,0,0,8
2020-05-08,US,Virginia,Bedford,37,1,0,37.3080028,-79.5281964,51019.0,36,37,1,0,36,36,78747,0,0,0,0,1
2020-05-08,US,Virginia,Botetourt,30,3,0,37.55531756,-79.80982182,51023.0,27,29,3,0,26,29,33277,1,0,0,1,0
2020-05-08,US,Virginia,Bristol,2,0,0,36.616302399999995,-82.16359122,51520.0,2,2,0,0,2,2,16482,0,0,0,0,0
2020-05-08,US,Virginia,Brunswick,17,0,0,36.76366949,-77.8593436,51025.0,17,16,0,0,16,15,16384,1,0,0,1,1
2020-05-08,US,Virginia,Buchanan,16,0,0,37.26818323,-82.03749726,51027.0,16,16,0,0,16,16,21221,0,0,0,0,0
2020-05-08,US,Virginia,Buckingham,225,1,0,37.57242268,-78.52518834,51029.0,224,225,0,0,225,171,16999,0,1,0,-1,54
2020-05-08,US,Virginia,Buena Vista,8,0,0,37.73484642,-79.35296097,51530.0,8,8,0,0,8,6,6237,0,0,0,0,2
2020-05-08,US,Virginia,Campbell,13,0,0,37.20553386,-79.09678609,51031.0,13,13,0,0,13,13,54973,0,0,0,0,0
2020-05-08,US,Virginia,Caroline,37,1,0,38.02679129,-77.34901405,51033.0,36,36,1,0,35,34,30772,1,0,0,1,2
2020-05-08,US,Virginia,Carroll,26,0,0,36.73066666,-80.73455942,51035.0,26,25,0,0,25,19,29636,1,0,0,1,6
2020-05-08,US,Virginia,Charles City,19,1,0,37.35358063,-77.05634116,51036.0,18,17,1,0,16,17,6941,2,0,0,2,0
2020-05-08,US,Virginia,Charlotte,11,0,0,37.01909701,-78.66314092,51037.0,11,11,0,0,11,11,11938,0,0,0,0,0
2020-05-08,US,Virginia,Charlottesville,66,2,0,38.03527919,-78.48569588,51540.0,64,65,2,0,63,64,48117,1,0,0,1,1
2020-05-08,US,Virginia,Chesapeake,316,9,0,36.67670048,-76.30545744,51550.0,307,311,9,0,302,293,242634,5,0,0,5,18
2020-05-08,US,Virginia,Chesterfield,741,26,0,37.37373208,-77.58680140000001,51041.0,715,707,26,0,681,646,348556,34,0,0,34,61
2020-05-08,US,Virginia,Clarke,16,0,0,39.11271747,-77.99199425,51043.0,16,16,0,0,16,12,14523,0,0,0,0,4
2020-05-08,US,Virginia,Colonial Heights,65,6,0,37.26420587,-77.39609676,51570.0,59,64,6,0,58,58,17833,1,0,0,1,6
2020-05-08,US,Virginia,Craig,4,0,0,37.48133648,-80.21072274,51045.0,4,4,0,0,4,4,5064,0,0,0,0,0
2020-05-08,US,Virginia,Culpeper,239,4,0,38.48199985,-77.95630870000002,51047.0,235,217,4,0,213,201,51859,22,0,0,22,16
2020-05-08,US,Virginia,Cumberland,13,0,0,37.51328851,-78.24398086,51049.0,13,12,0,0,12,12,9809,1,0,0,1,0
2020-05-08,US,Virginia,Danville,39,1,0,36.58022376,-79.40395668,51590.0,38,38,1,0,37,37,40693,1,0,0,1,1
2020-05-08,US,Virginia,Dinwiddie,25,0,0,37.07544585,-77.63451754,51053.0,25,25,0,0,25,25,28529,0,0,0,0,0
2020-05-08,US,Virginia,Emporia,47,3,0,36.69455571,-77.53406129,51595.0,44,47,3,0,44,46,5121,0,0,0,0,1
2020-05-08,US,Virginia,Essex,18,0,0,37.93357639,-76.94230311,51057.0,18,18,0,0,18,17,10919,0,0,0,0,1
2020-05-08,US,Virginia,Fairfax,5338,227,0,38.83677558,-77.27565836,51059.0,5111,5045,211,0,4834,4834,1150795,293,16,0,277,211
2020-05-08,US,Virginia,Fairfax,5338,227,0,38.83677558,-77.27565836,51059.0,5111,5045,211,0,4834,4834,24574,293,16,0,277,211
2020-05-08,US,Virginia,Fairfax City,39,3,0,38.85157547,-77.29779640000002,51600.0,36,35,3,0,32,33,24574,4,0,0,4,2
2020-05-08,US,Virginia,Falls Church,37,4,0,38.88485255,-77.17560759,51610.0,33,36,4,0,32,36,14772,1,0,0,1,0
2020-05-08,US,Virginia,Fauquier,153,4,0,38.73564842,-77.80647472,51061.0,149,149,4,0,145,147,70675,4,0,0,4,2
2020-05-08,US,Virginia,Floyd,3,0,0,36.9302126,-80.36738849,51063.0,3,3,0,0,3,3,15795,0,0,0,0,0
2020-05-08,US,Virginia,Fluvanna,78,6,0,37.84157909,-78.27715475,51065.0,72,78,6,0,72,76,26783,0,0,0,0,2
2020-05-08,US,Virginia,Franklin,25,0,0,36.99536167,-79.88023649,51067.0,25,24,0,0,24,23,56195,1,0,0,1,1
2020-05-08,US,Virginia,Franklin,25,0,0,36.99536167,-79.88023649,51067.0,25,24,0,0,24,23,8013,1,0,0,1,1
2020-05-08,US,Virginia,Franklin City,23,1,0,36.6831435,-76.93859681,51620.0,22,23,1,0,22,23,8013,0,0,0,0,0
2020-05-08,US,Virginia,Frederick,150,2,0,39.20172582,-78.25974949,51069.0,148,147,1,0,146,132,88355,3,1,0,2,15
2020-05-08,US,Virginia,Fredericksburg,55,0,0,38.2977863,-77.4922454,51630.0,55,52,0,0,52,45,29144,3,0,0,3,7
2020-05-08,US,Virginia,Galax,33,0,0,36.66601852,-80.91703124,51640.0,33,32,0,0,32,25,6423,1,0,0,1,7
2020-05-08,US,Virginia,Giles,4,0,0,37.31234791,-80.70636931,51071.0,4,4,0,0,4,4,16844,0,0,0,0,0
2020-05-08,US,Virginia,Gloucester,27,1,0,37.40809042,-76.53524337,51073.0,26,27,1,0,26,26,37349,0,0,0,0,1
2020-05-08,US,Virginia,Goochland,81,5,0,37.71714806,-77.90381514,51075.0,76,81,5,0,76,80,23244,0,0,0,0,1
2020-05-08,US,Virginia,Grayson,5,0,0,36.65677234,-81.23215889,51077.0,5,5,0,0,5,5,15631,0,0,0,0,0
2020-05-08,US,Virginia,Greene,14,1,0,38.29545894,-78.46525378,51079.0,13,13,1,0,12,13,19779,1,0,0,1,0
2020-05-08,US,Virginia,Greensville,44,7,0,36.67878901,-77.56351439,51081.0,37,44,7,0,37,41,11627,0,0,0,0,3
2020-05-08,US,Virginia,Halifax,20,0,0,36.76654925,-78.93512622,51083.0,20,19,0,0,19,18,34120,1,0,0,1,1
2020-05-08,US,Virginia,Hampton,135,3,0,37.03513786,-76.35879121,51650.0,132,131,3,0,128,128,134313,4,0,0,4,3
2020-05-08,US,Virginia,Hanover,155,15,0,37.7583355,-77.49464673,51085.0,140,154,15,0,139,145,107239,1,0,0,1,9
2020-05-08,US,Virginia,Harrisonburg,574,21,0,38.43542574,-78.87536254,51660.0,553,552,20,0,532,525,54033,22,1,0,21,27
2020-05-08,US,Virginia,Henrico,1032,110,0,37.53460572,-77.39326555,51087.0,922,1025,109,0,916,985,329261,7,1,0,6,40
2020-05-08,US,Virginia,Henry,21,1,0,36.68542395,-79.87634026,51089.0,20,20,1,0,19,19,50953,1,0,0,1,1
2020-05-08,US,Virginia,Highland,2,0,0,38.35799465,-79.56124594,51091.0,2,2,0,0,2,2,2210,0,0,0,0,0
2020-05-08,US,Virginia,Hopewell,33,0,0,37.29186313,-77.29754684,51670.0,33,33,0,0,33,31,22596,0,0,0,0,2
2020-05-08,US,Virginia,Isle of Wight,105,3,0,36.90579348,-76.70842863,51093.0,102,103,3,0,100,100,36953,2,0,0,2,3
2020-05-08,US,Virginia,James City,170,15,0,37.31156958,-76.76950618,51095.0,155,167,15,0,152,166,76397,3,0,0,3,1
2020-05-08,US,Virginia,King George,38,4,0,38.26818502,-77.15852768,51099.0,34,38,4,0,34,36,26575,0,0,0,0,2
2020-05-08,US,Virginia,King William,11,1,0,37.70965316,-77.09384941,51101.0,10,11,1,0,10,10,16939,0,0,0,0,1
2020-05-08,US,Virginia,King and Queen,4,0,0,37.71044922,-76.88689628,51097.0,4,4,0,0,4,3,7042,0,0,0,0,1
2020-05-08,US,Virginia,Lancaster,6,0,0,37.71889653,-76.46400482,51103.0,6,6,0,0,6,5,10783,0,0,0,0,1
2020-05-08,US,Virginia,Lee,10,0,0,36.70586667,-83.12606515,51105.0,10,10,0,0,10,10,23541,0,0,0,0,0
2020-05-08,US,Virginia,Lexington,5,0,0,37.78258621,-79.44262866,51678.0,5,5,0,0,5,5,7136,0,0,0,0,0
2020-05-08,US,Virginia,Loudoun,1070,29,0,39.08990083,-77.63481877,51107.0,1041,1043,26,0,1017,998,406850,27,3,0,24,45
2020-05-08,US,Virginia,Louisa,53,0,0,37.97850256,-77.96274807,51109.0,53,51,0,0,51,50,36778,2,0,0,2,1
2020-05-08,US,Virginia,Lunenburg,5,0,0,36.94618528,-78.24133319,51111.0,5,4,0,0,4,4,12086,1,0,0,1,0
2020-05-08,US,Virginia,Lynchburg,68,1,0,37.40021399,-79.19888138,51680.0,67,68,1,0,67,65,82126,0,0,0,0,3
2020-05-08,US,Virginia,Madison,20,1,0,38.41531222,-78.28220331,51113.0,19,18,1,0,17,17,13295,2,0,0,2,1
2020-05-08,US,Virginia,Manassas,355,2,0,38.7464321,-77.48509905,51683.0,353,332,1,0,331,289,41641,23,1,0,22,43
2020-05-08,US,Virginia,Manassas Park,114,2,0,38.77058531,-77.44399307,51685.0,112,106,2,0,104,96,17307,8,0,0,8,10
2020-05-08,US,Virginia,Martinsville,2,0,0,36.68212094,-79.86352771,51690.0,2,2,0,0,2,2,12902,0,0,0,0,0
2020-05-08,US,Virginia,Mathews,4,0,0,37.44164146,-76.34098896,51115.0,4,4,0,0,4,4,8802,0,0,0,0,0
2020-05-08,US,Virginia,Mecklenburg,111,10,0,36.67882005,-78.36131056,51117.0,101,109,10,0,99,106,30650,2,0,0,2,3
2020-05-08,US,Virginia,Middlesex,10,0,0,37.63191998,-76.55064617,51119.0,10,7,0,0,7,7,10769,3,0,0,3,0
2020-05-08,US,Virginia,Montgomery,61,1,0,37.17746986,-80.37868691,51121.0,60,61,1,0,60,61,98985,0,0,0,0,0
2020-05-08,US,Virginia,Nelson,10,0,0,37.78790447,-78.88498513,51125.0,10,9,0,0,9,9,14836,1,0,0,1,0
2020-05-08,US,Virginia,New Kent,26,1,0,37.50694406,-76.99828634,51127.0,25,26,1,0,25,26,22391,0,0,0,0,0
2020-05-08,US,Virginia,Newport News,144,10,0,37.08166899,-76.51754109,51700.0,134,137,10,0,127,133,178626,7,0,0,7,4
2020-05-08,US,Virginia,Norfolk,274,5,0,36.89934014,-76.26420872,51710.0,269,270,5,0,265,251,244076,4,0,0,4,19
2020-05-08,US,Virginia,Northampton,149,5,0,37.34062933,-75.87751591,51131.0,144,149,3,0,146,140,11735,0,2,0,-2,9
2020-05-08,US,Virginia,Northumberland,9,1,0,37.89202088,-76.41949732,51133.0,8,9,1,0,8,9,12147,0,0,0,0,0
2020-05-08,US,Virginia,Norton,2,0,0,36.93357076,-82.62750411,51720.0,2,2,0,0,2,2,3968,0,0,0,0,0
2020-05-08,US,Virginia,Nottoway,14,0,0,37.1435975,-78.05065922,51135.0,14,14,0,0,14,14,15420,0,0,0,0,0
2020-05-08,US,Virginia,Orange,43,0,0,38.24530219,-78.01560400000002,51137.0,43,43,0,0,43,41,36644,0,0,0,0,2
2020-05-08,US,Virginia,Page,123,11,0,38.61807452,-78.48797204,51139.0,112,122,11,0,111,113,23933,1,0,0,1,9
2020-05-08,US,Virginia,Patrick,4,0,0,36.680163799999995,-80.2865648,51141.0,4,4,0,0,4,2,17673,0,0,0,0,2
2020-05-08,US,Virginia,Petersburg,41,2,0,37.20530399,-77.39368102,51730.0,39,41,2,0,39,40,31567,0,0,0,0,1
2020-05-08,US,Virginia,Pittsylvania,17,1,0,36.81980341,-79.39731264,51143.0,16,17,1,0,16,16,60949,0,0,0,0,1
2020-05-08,US,Virginia,Poquoson,7,0,0,37.14259351,-76.35798148,51735.0,7,7,0,0,7,7,12190,0,0,0,0,0
2020-05-08,US,Virginia,Portsmouth,194,8,0,36.85914825,-76.35971629,51740.0,186,193,8,0,185,187,94632,1,0,0,1,6
2020-05-08,US,Virginia,Powhatan,18,0,0,37.55016038,-77.91267882,51145.0,18,17,0,0,17,15,29189,1,0,0,1,2
2020-05-08,US,Virginia,Prince Edward,65,2,0,37.22554789,-78.43597949,51147.0,63,63,2,0,61,58,22950,2,0,0,2,5
2020-05-08,US,Virginia,Prince George,42,0,0,37.18497668,-77.22922187,51149.0,42,42,0,0,42,40,38082,0,0,0,0,2
2020-05-08,US,Virginia,Prince William,2474,46,0,38.70916224,-77.48713689,51153.0,2428,2398,39,0,2359,2223,468011,76,7,0,69,175
2020-05-08,US,Virginia,Pulaski,9,0,0,37.06474963,-80.71229738,51155.0,9,9,0,0,9,9,34066,0,0,0,0,0
2020-05-08,US,Virginia,Radford,3,0,0,37.12222899,-80.56027320000003,51750.0,3,3,0,0,3,3,18339,0,0,0,0,0
2020-05-08,US,Virginia,Rappahannock,6,0,0,38.68295619,-78.15826963,51157.0,6,7,0,0,7,6,7252,-1,0,0,-1,1
2020-05-08,US,Virginia,Richmond,187,3,0,37.937575,-76.72920628,51159.0,184,187,2,0,185,143,9038,0,1,0,-1,44
2020-05-08,US,Virginia,Richmond City,494,18,0,37.53255773,-77.47966921,51760.0,476,473,17,0,456,438,228783,21,1,0,20,35
2020-05-08,US,Virginia,Roanoke,62,0,0,37.26865804,-80.06396753,51161.0,62,60,0,0,60,57,94073,2,0,0,2,3
2020-05-08,US,Virginia,Roanoke City,91,1,0,37.27791025,-79.96189766,51770.0,90,88,1,0,87,82,99920,3,0,0,3,6
2020-05-08,US,Virginia,Rockbridge,8,0,0,37.81204314,-79.44605905,51163.0,8,8,0,0,8,8,22752,0,0,0,0,0
2020-05-08,US,Virginia,Rockingham,320,1,0,38.51006137,-78.87260325,51165.0,319,310,1,0,309,282,81244,10,0,0,10,28
2020-05-08,US,Virginia,Russell,6,0,0,36.93028320000001,-82.10095486,51167.0,6,6,0,0,6,5,26748,0,0,0,0,1
2020-05-08,US,Virginia,Salem,30,0,0,37.2836193,-80.06219455,51775.0,30,30,0,0,30,31,25643,0,0,0,0,-1
2020-05-08,US,Virginia,Scott,7,2,0,36.71466456,-82.60171704,51169.0,5,7,1,0,6,7,21534,0,1,0,-1,0
2020-05-08,US,Virginia,Shenandoah,236,4,0,38.85905135,-78.56813762,51171.0,232,213,3,0,210,165,43497,23,1,0,22,48
2020-05-08,US,Virginia,Smyth,13,0,0,36.84455636,-81.53344948,51173.0,13,13,0,0,13,13,30472,0,0,0,0,0
2020-05-08,US,Virginia,Southampton,129,1,0,36.72231125,-77.10642712,51175.0,128,128,1,0,127,128,17586,1,0,0,1,0
2020-05-08,US,Virginia,Spotsylvania,233,4,0,38.18574462,-77.655399,51177.0,229,230,4,0,226,206,134238,3,0,0,3,24
2020-05-08,US,Virginia,Stafford,344,2,0,38.41758738,-77.45917053,51179.0,342,334,2,0,332,308,149960,10,0,0,10,26
2020-05-08,US,Virginia,Staunton,15,0,0,38.15965544,-79.05979937,51790.0,15,14,0,0,14,13,24922,1,0,0,1,1
2020-05-08,US,Virginia,Suffolk,209,19,0,36.70155394,-76.63603554,51800.0,190,208,19,0,189,205,91185,1,0,0,1,3
2020-05-08,US,Virginia,Surry,4,1,0,37.11781893,-76.88450012,51181.0,3,4,1,0,3,4,6474,0,0,0,0,0
2020-05-08,US,Virginia,Sussex,32,1,0,36.92432914,-77.25791182,51183.0,31,32,1,0,31,32,11237,0,0,0,0,0
2020-05-08,US,Virginia,Tazewell,6,0,0,37.12191123,-81.56685568,51185.0,6,6,0,0,6,6,40855,0,0,0,0,0
2020-05-08,US,Virginia,Virginia Beach,469,17,0,36.73285734,-76.04566934,51810.0,452,454,17,0,437,445,450189,15,0,0,15,9
2020-05-08,US,Virginia,Warren,78,0,0,38.90847745,-78.20280433,51187.0,78,75,0,0,75,68,40003,3,0,0,3,7
2020-05-08,US,Virginia,Washington,42,3,0,36.72341572,-81.95666289,51191.0,39,41,3,0,38,40,54402,1,0,0,1,1
2020-05-08,US,Virginia,Waynesboro,20,0,0,38.06451466,-78.90293905,51820.0,20,20,0,0,20,16,22628,0,0,0,0,4
2020-05-08,US,Virginia,Westmoreland,35,0,0,38.11021557,-76.80213247,51193.0,35,33,0,0,33,30,17830,2,0,0,2,3
2020-05-08,US,Virginia,Williamsburg,31,2,0,37.28131268,-76.70905141,51830.0,29,29,2,0,27,27,14896,2,0,0,2,2
2020-05-08,US,Virginia,Winchester,61,0,0,39.17054517,-78.17325058,51840.0,61,61,0,0,61,56,28108,0,0,0,0,5
2020-05-08,US,Virginia,Wise,22,1,0,36.9746148,-82.62410519,51195.0,21,22,1,0,21,22,38012,0,0,0,0,0
2020-05-08,US,Virginia,Wythe,12,1,0,36.91582035,-81.07834059,51197.0,11,12,1,0,11,12,28754,0,0,0,0,0
2020-05-08,US,Virginia,York,55,2,0,37.24374789,-76.54412815,51199.0,53,51,1,0,50,48,67846,4,1,0,3,3
2020-05-08,US,Washington,Adams,49,0,0,46.98299757,-118.56017340000001,53001.0,49,49,0,0,49,49,19759,0,0,0,0,0
2020-05-08,US,Washington,Asotin,18,2,0,46.18894415,-117.2022851,53003.0,16,18,2,0,16,18,22610,0,0,0,0,0
2020-05-08,US,Washington,Benton,559,48,0,46.23946995,-119.51208340000001,53005.0,511,550,47,0,503,548,201877,9,1,0,8,2
2020-05-08,US,Washington,Chelan,140,5,0,47.87046092,-120.6173956,53007.0,135,139,5,0,134,137,77036,1,0,0,1,2
2020-05-08,US,Washington,Clallam,19,0,0,48.04754642,-123.92263190000001,53009.0,19,19,0,0,19,19,76737,0,0,0,0,0
2020-05-08,US,Washington,Clark,347,20,0,45.77568046,-122.48292040000001,53011.0,327,342,20,0,322,341,481857,5,0,0,5,1
2020-05-08,US,Washington,Columbia,1,0,0,46.29442881,-117.9051983,53013.0,1,1,0,0,1,1,4059,0,0,0,0,0
2020-05-08,US,Washington,Cowlitz,64,0,0,46.19074721,-122.6782231,53015.0,64,62,0,0,62,62,108987,2,0,0,2,0
2020-05-08,US,Washington,Douglas,102,2,0,47.7361335,-119.69293700000001,53017.0,100,98,2,0,96,95,42907,4,0,0,4,3
2020-05-08,US,Washington,Ferry,1,0,0,48.471143100000006,-118.5154041,53019.0,1,1,0,0,1,1,7649,0,0,0,0,0
2020-05-08,US,Washington,Franklin,404,16,0,46.53351425,-118.9018212,53021.0,388,401,14,0,387,387,94347,3,2,0,1,14
2020-05-08,US,Washington,Grant,180,3,0,47.20753737,-119.4500749,53025.0,177,179,3,0,176,179,97331,1,0,0,1,0
2020-05-08,US,Washington,Grays Harbor,13,0,0,47.14003705,-123.7820567,53027.0,13,13,0,0,13,12,73901,0,0,0,0,1
2020-05-08,US,Washington,Island,172,9,0,48.14713305,-122.5216407,53029.0,163,173,9,0,164,172,84460,-1,0,0,-1,1
2020-05-08,US,Washington,Jefferson,28,0,0,47.75003077,-123.56097040000002,53031.0,28,28,0,0,28,28,31729,0,0,0,0,0
2020-05-08,US,Washington,King,6863,487,0,47.49137892,-121.8346131,53033.0,6376,6809,480,0,6329,6704,2233163,54,7,0,47,105
2020-05-08,US,Washington,Kitsap,154,2,0,47.63479026,-122.6436061,53035.0,152,154,2,0,152,151,269805,0,0,0,0,3
2020-05-08,US,Washington,Kittitas,15,0,0,47.12521214,-120.67943899999999,53037.0,15,15,0,0,15,15,47364,0,0,0,0,0
2020-05-08,US,Washington,Klickitat,19,3,0,45.87325839,-120.7913598,53039.0,16,19,3,0,16,18,22107,0,0,0,0,1
2020-05-08,US,Washington,Lewis,30,3,0,46.57756476,-122.39257690000001,53041.0,27,30,3,0,27,29,79604,0,0,0,0,1
2020-05-08,US,Washington,Lincoln,2,0,0,47.57705241,-118.41943880000001,53043.0,2,2,0,0,2,2,10740,0,0,0,0,0
2020-05-08,US,Washington,Mason,28,1,0,47.35007586,-123.1863685,53045.0,27,28,1,0,27,26,65507,0,0,0,0,2
2020-05-08,US,Washington,Okanogan,21,1,0,48.54855019,-119.73872240000001,53047.0,20,21,1,0,20,21,42132,0,0,0,0,0
2020-05-08,US,Washington,Pacific,8,0,0,46.55418369,-123.7285716,53049.0,8,4,0,0,4,4,22036,4,0,0,4,0
2020-05-08,US,Washington,Pend Oreille,2,0,0,48.53234021,-117.2741804,53051.0,2,2,0,0,2,2,13602,0,0,0,0,0
2020-05-08,US,Washington,Pierce,1510,55,0,47.03892768,-122.14059579999999,53053.0,1455,1496,54,0,1442,1454,891299,14,1,0,13,42
2020-05-08,US,Washington,San Juan,14,0,0,48.60182783,-122.96745,53055.0,14,14,0,0,14,14,17128,0,0,0,0,0
2020-05-08,US,Washington,Skagit,391,13,0,48.48171488,-121.766131,53057.0,378,389,13,0,376,379,128206,2,0,0,2,10
2020-05-08,US,Washington,Skamania,3,0,0,46.02408726,-121.91644029999999,53059.0,3,3,0,0,3,3,11924,0,0,0,0,0
2020-05-08,US,Washington,Snohomish,2634,115,0,48.04615983,-121.7170703,53061.0,2519,2627,114,0,2513,2584,814901,7,1,0,6,43
2020-05-08,US,Washington,Spokane,381,27,0,47.62113146,-117.4046494,53063.0,354,380,26,0,354,379,514631,1,1,0,0,1
2020-05-08,US,Washington,Stevens,9,1,0,48.40035475,-117.8542701,53065.0,8,9,1,0,8,9,45260,0,0,0,0,0
2020-05-08,US,Washington,Thurston,115,1,0,46.9291895,-122.82906559999999,53067.0,114,115,1,0,114,116,286419,0,0,0,0,-1
2020-05-08,US,Washington,Unassigned,69,0,0,0.0,0.0,90053.0,69,53,0,0,53,61,,16,0,0,16,-8
2020-05-08,US,Washington,Wahkiakum,3,0,0,46.29180039999999,-123.4250831,53069.0,3,2,0,0,2,2,4426,1,0,0,1,0
2020-05-08,US,Washington,Walla Walla,97,0,0,46.23040051,-118.4775539,53071.0,97,97,0,0,97,96,60922,0,0,0,0,1
2020-05-08,US,Washington,Whatcom,329,33,0,48.82227976,-121.74900179999999,53073.0,296,328,33,0,295,324,225685,1,0,0,1,4
2020-05-08,US,Washington,Whitman,15,0,0,46.90022523,-117.52417630000001,53075.0,15,14,0,0,14,14,49791,1,0,0,1,0
2020-05-08,US,Washington,Yakima,1579,58,0,46.45738486,-120.73801259999999,53077.0,1521,1547,57,0,1490,1449,251446,32,1,0,31,98
2020-05-08,US,West Virginia,Barbour,7,1,0,39.1307219,-80.00350858,54001.0,6,6,1,0,5,6,16535,1,0,0,1,0
2020-05-08,US,West Virginia,Berkeley,184,4,0,39.46704621,-78.02414609,54003.0,180,173,3,0,170,166,117123,11,1,0,10,7
2020-05-08,US,West Virginia,Boone,8,0,0,38.01974191,-81.69888019,54005.0,8,6,0,0,6,6,21951,2,0,0,2,0
2020-05-08,US,West Virginia,Braxton,2,0,0,38.70036159,-80.72011184,54007.0,2,2,0,0,2,2,14089,0,0,0,0,0
2020-05-08,US,West Virginia,Brooke,3,0,0,40.27367263,-80.57915332,54009.0,3,3,0,0,3,3,22203,0,0,0,0,0
2020-05-08,US,West Virginia,Cabell,48,0,0,38.42424062,-82.23855912,54011.0,48,48,0,0,48,44,93224,0,0,0,0,4
2020-05-08,US,West Virginia,Clay,2,0,0,38.46231092,-81.07652217,54015.0,2,,,,,,8632,,,,,
2020-05-08,US,West Virginia,Fayette,30,0,0,38.02974928,-81.08286634,54019.0,30,28,0,0,28,20,43018,2,0,0,2,8
2020-05-08,US,West Virginia,Gilmer,4,0,0,38.9251277,-80.85952723,54021.0,4,3,0,0,3,3,8026,1,0,0,1,0
2020-05-08,US,West Virginia,Grant,3,0,0,39.10314817,-79.19440518,54023.0,3,3,0,0,3,3,11626,0,0,0,0,0
2020-05-08,US,West Virginia,Greenbrier,8,0,0,37.9463652,-80.45335881,54025.0,8,8,0,0,8,7,34786,0,0,0,0,1
2020-05-08,US,West Virginia,Hampshire,8,1,0,39.32103553,-78.60826476,54027.0,7,8,1,0,7,8,23347,0,0,0,0,0
2020-05-08,US,West Virginia,Hancock,12,0,0,40.51943859,-80.57461608,54029.0,12,11,0,0,11,11,29094,1,0,0,1,0
2020-05-08,US,West Virginia,Hardy,15,0,0,39.00683177,-78.85855301,54031.0,15,12,0,0,12,9,13775,3,0,0,3,3
2020-05-08,US,West Virginia,Harrison,33,1,0,39.2853852,-80.37919577,54033.0,32,33,1,0,32,31,67554,0,0,0,0,2
2020-05-08,US,West Virginia,Jackson,136,15,0,38.84263974,-81.68148753,54035.0,121,136,15,0,121,134,28706,0,0,0,0,2
2020-05-08,US,West Virginia,Jefferson,87,1,0,39.30776166,-77.86014147,54037.0,86,83,1,0,82,83,56811,4,0,0,4,0
2020-05-08,US,West Virginia,Kanawha,180,10,0,38.33860077,-81.52857054,54039.0,170,172,10,0,162,170,180454,8,0,0,8,2
2020-05-08,US,West Virginia,Lewis,4,0,0,38.9947249,-80.49988181,54041.0,4,4,0,0,4,4,16024,0,0,0,0,0
2020-05-08,US,West Virginia,Lincoln,4,0,0,38.172154,-82.07017953,54043.0,4,3,0,0,3,2,20599,1,0,0,1,1
2020-05-08,US,West Virginia,Logan,13,1,0,37.8299889,-81.93528571,54045.0,12,15,1,0,14,14,32607,-2,0,0,-2,1
2020-05-08,US,West Virginia,Marion,46,2,0,39.50984542,-80.24244659,54049.0,44,46,2,0,44,46,56097,0,0,0,0,0
2020-05-08,US,West Virginia,Marshall,20,0,0,39.86064362,-80.66591062,54051.0,20,20,0,0,20,19,30785,0,0,0,0,1
2020-05-08,US,West Virginia,Mason,13,0,0,38.77071799,-82.02524219,54053.0,13,12,0,0,12,12,26718,1,0,0,1,0
2020-05-08,US,West Virginia,McDowell,6,0,0,37.38002939,-81.65083669,54047.0,6,6,0,0,6,6,18223,0,0,0,0,0
2020-05-08,US,West Virginia,Mercer,11,0,0,37.40481169,-81.11023142,54055.0,11,11,0,0,11,11,59131,0,0,0,0,0
2020-05-08,US,West Virginia,Mineral,20,0,0,39.41561583,-78.94104895,54057.0,20,20,0,0,20,18,26940,0,0,0,0,2
2020-05-08,US,West Virginia,Mingo,2,1,0,37.73048351,-82.13338365,54059.0,1,2,1,0,1,2,23785,0,0,0,0,0
2020-05-08,US,West Virginia,Monongalia,111,5,0,39.63218457,-80.04766838,54061.0,106,111,5,0,106,108,106420,0,0,0,0,3
2020-05-08,US,West Virginia,Monroe,6,0,0,37.56274716,-80.54577965,54063.0,6,6,0,0,6,6,13280,0,0,0,0,0
2020-05-08,US,West Virginia,Morgan,16,0,0,39.55439028,-78.26311676,54065.0,16,16,0,0,16,14,17787,0,0,0,0,2
2020-05-08,US,West Virginia,Nicholas,8,0,0,38.29617706,-80.79759588,54067.0,8,8,0,0,8,8,24842,0,0,0,0,0
2020-05-08,US,West Virginia,Ohio,35,1,0,40.0955451,-80.62203992,54069.0,34,34,1,0,33,34,41755,1,0,0,1,0
2020-05-08,US,West Virginia,Pendleton,5,0,0,38.68314479,-79.35084086,54071.0,5,5,0,0,5,5,6997,0,0,0,0,0
2020-05-08,US,West Virginia,Pleasants,2,0,0,39.37091679,-81.16771771,54073.0,2,2,0,0,2,2,7507,0,0,0,0,0
2020-05-08,US,West Virginia,Pocahontas,2,0,0,38.32758728,-80.00993811,54075.0,2,2,0,0,2,2,8414,0,0,0,0,0
2020-05-08,US,West Virginia,Preston,14,0,0,39.46770987,-79.66712803,54077.0,14,14,0,0,14,13,33839,0,0,0,0,1
2020-05-08,US,West Virginia,Putnam,27,0,0,38.50782345,-81.9082131,54079.0,27,27,0,0,27,27,56682,0,0,0,0,0
2020-05-08,US,West Virginia,Raleigh,9,0,0,37.76936795,-81.2456041,54081.0,9,9,0,0,9,9,74254,0,0,0,0,0
2020-05-08,US,West Virginia,Randolph,5,0,0,38.769899,-79.87919615,54083.0,5,5,0,0,5,5,28823,0,0,0,0,0
2020-05-08,US,West Virginia,Ritchie,1,0,0,39.18094587,-81.06356878,54085.0,1,1,0,0,1,1,9721,0,0,0,0,0
2020-05-08,US,West Virginia,Roane,8,0,0,38.71622686,-81.35243568,54087.0,8,8,0,0,8,6,13932,0,0,0,0,2
2020-05-08,US,West Virginia,Summers,1,0,0,37.65390597,-80.86009693,54089.0,1,1,0,0,1,1,12760,0,0,0,0,0
2020-05-08,US,West Virginia,Taylor,8,0,0,39.33602617,-80.0421439,54091.0,8,9,0,0,9,9,16862,-1,0,0,-1,0
2020-05-08,US,West Virginia,Tucker,4,0,0,39.11240885,-79.57053576,54093.0,4,4,0,0,4,4,6955,0,0,0,0,0
2020-05-08,US,West Virginia,Tyler,3,0,0,39.46811972,-80.88772676,54095.0,3,3,0,0,3,3,8746,0,0,0,0,0
2020-05-08,US,West Virginia,Upshur,5,0,0,38.89285061,-80.23689136,54097.0,5,5,0,0,5,5,24415,0,0,0,0,0
2020-05-08,US,West Virginia,Wayne,93,7,0,38.14901357,-82.42287994,54099.0,86,93,7,0,86,91,39944,0,0,0,0,2
2020-05-08,US,West Virginia,Wetzel,4,0,0,39.6065771,-80.64016540000001,54103.0,4,4,0,0,4,3,15270,0,0,0,0,1
2020-05-08,US,West Virginia,Wirt,3,0,0,39.02775007,-81.37473928,54105.0,3,3,0,0,3,3,5830,0,0,0,0,0
2020-05-08,US,West Virginia,Wood,43,2,0,39.20967886,-81.5162836,54107.0,41,42,2,0,40,42,84203,1,0,0,1,0
2020-05-08,US,West Virginia,Wyoming,1,0,0,37.612327,-81.54511071,54109.0,1,1,0,0,1,1,20786,0,0,0,0,0
2020-05-08,US,Wisconsin,Adams,4,1,0,43.96974651,-89.76782777,55001.0,3,4,1,0,3,4,20348,0,0,0,0,0
2020-05-08,US,Wisconsin,Ashland,2,0,0,46.31956891,-90.67837132,55003.0,2,2,0,0,2,2,15600,0,0,0,0,0
2020-05-08,US,Wisconsin,Barron,10,0,0,45.42372701,-91.84833627,55005.0,10,7,0,0,7,7,45164,3,0,0,3,0
2020-05-08,US,Wisconsin,Bayfield,3,1,0,46.52868768,-91.19716729,55007.0,2,3,1,0,2,3,15042,0,0,0,0,0
2020-05-08,US,Wisconsin,Brown,1777,13,0,44.452655299999996,-88.00411844,55009.0,1764,1706,12,0,1694,1653,263378,71,1,0,70,53
2020-05-08,US,Wisconsin,Buffalo,5,1,0,44.37835084,-91.75332578,55011.0,4,5,1,0,4,6,13125,0,0,0,0,-1
2020-05-08,US,Wisconsin,Calumet,34,0,0,44.0816316,-88.21780273,55015.0,34,22,0,0,22,20,50159,12,0,0,12,2
2020-05-08,US,Wisconsin,Chippewa,27,0,0,45.06939744,-91.28068855,55017.0,27,27,0,0,27,27,64135,0,0,0,0,0
2020-05-08,US,Wisconsin,Clark,23,4,0,44.73483377,-90.61207486,55019.0,19,23,4,0,19,22,34709,0,0,0,0,1
2020-05-08,US,Wisconsin,Columbia,32,1,0,43.46492199,-89.33589004,55021.0,31,32,1,0,31,32,57358,0,0,0,0,0
2020-05-08,US,Wisconsin,Crawford,16,0,0,43.23870316,-90.93073686,55023.0,16,16,0,0,16,7,16291,0,0,0,0,9
2020-05-08,US,Wisconsin,Dane,455,22,0,43.06601594,-89.41733797,55025.0,433,447,22,0,425,445,542364,8,0,0,8,2
2020-05-08,US,Wisconsin,Dodge,51,1,0,43.41576662,-88.70928178,55027.0,50,46,1,0,45,42,87847,5,0,0,5,4
2020-05-08,US,Wisconsin,Door,18,3,0,44.95856458,-87.30002707,55029.0,15,18,3,0,15,18,27610,0,0,0,0,0
2020-05-08,US,Wisconsin,Douglas,10,0,0,46.43222285,-91.91595768,55031.0,10,10,0,0,10,10,43208,0,0,0,0,0
2020-05-08,US,Wisconsin,Dunn,14,0,0,44.94562799,-91.8962481,55033.0,14,14,0,0,14,13,45131,0,0,0,0,1
2020-05-08,US,Wisconsin,Eau Claire,50,0,0,44.726614,-91.28609183,55035.0,50,47,0,0,47,45,104534,3,0,0,3,2
2020-05-08,US,Wisconsin,Florence,2,0,0,45.84963535,-88.39804137,55037.0,2,2,0,0,2,2,4321,0,0,0,0,0
2020-05-08,US,Wisconsin,Fond du Lac,85,3,0,43.75354908,-88.48885325,55039.0,82,84,3,0,81,83,103066,1,0,0,1,1
2020-05-08,US,Wisconsin,Forest,1,0,0,45.66678019,-88.77084892,55041.0,1,1,0,0,1,1,8991,0,0,0,0,0
2020-05-08,US,Wisconsin,Grant,66,7,0,42.8671731,-90.7063218,55043.0,59,66,7,0,59,60,51554,0,0,0,0,6
2020-05-08,US,Wisconsin,Green,23,0,0,42.6794956,-89.60243287,55045.0,23,21,0,0,21,20,36929,2,0,0,2,1
2020-05-08,US,Wisconsin,Green Lake,6,0,0,43.80025981,-89.04679553,55047.0,6,5,0,0,5,5,18918,1,0,0,1,0
2020-05-08,US,Wisconsin,Iowa,10,0,0,43.00050278,-90.13469017,55049.0,10,10,0,0,10,10,23771,0,0,0,0,0
2020-05-08,US,Wisconsin,Iron,2,1,0,46.26302338,-90.24295041,55051.0,1,2,1,0,1,2,5676,0,0,0,0,0
2020-05-08,US,Wisconsin,Jackson,12,1,0,44.31864893,-90.80566792,55053.0,11,12,1,0,11,12,20478,0,0,0,0,0
2020-05-08,US,Wisconsin,Jefferson,50,0,0,43.02054068,-88.77529134,55055.0,50,50,0,0,50,47,85129,0,0,0,0,3
2020-05-08,US,Wisconsin,Juneau,21,1,0,43.92456975,-90.11120239,55057.0,20,20,1,0,19,19,26617,1,0,0,1,1
2020-05-08,US,Wisconsin,Kenosha,627,15,0,42.57639354,-88.04051686,55059.0,612,610,14,0,596,580,169290,17,1,0,16,30
2020-05-08,US,Wisconsin,Kewaunee,26,1,0,44.51727459,-87.61468386,55061.0,25,25,1,0,24,25,20383,1,0,0,1,0
2020-05-08,US,Wisconsin,La Crosse,32,0,0,43.90632465,-91.11451093,55063.0,32,32,0,0,32,32,118230,0,0,0,0,0
2020-05-08,US,Wisconsin,Lafayette,9,0,0,42.66005229,-90.1317729,55065.0,9,9,0,0,9,8,16665,0,0,0,0,1
2020-05-08,US,Wisconsin,Lincoln,1,0,0,45.33737523,-89.73411273,55069.0,1,1,0,0,1,1,27689,0,0,0,0,0
2020-05-08,US,Wisconsin,Manitowoc,17,1,0,44.11946801,-87.80928853,55071.0,16,17,1,0,16,17,79074,0,0,0,0,0
2020-05-08,US,Wisconsin,Marathon,22,1,0,44.89792533,-89.75863384,55073.0,21,21,1,0,20,21,135428,1,0,0,1,0
2020-05-08,US,Wisconsin,Marinette,15,1,0,45.38553432,-88.03324599999998,55075.0,14,13,1,0,12,13,40434,2,0,0,2,0
2020-05-08,US,Wisconsin,Marquette,3,1,0,43.81911946,-89.40073763,55077.0,2,3,1,0,2,3,15434,0,0,0,0,0
2020-05-08,US,Wisconsin,Menominee,2,0,0,45.00422544,-88.70950714,55078.0,2,2,0,0,2,1,4658,0,0,0,0,1
2020-05-08,US,Wisconsin,Milwaukee,3722,219,0,43.00486062,-87.96733172,55079.0,3503,3573,212,0,3361,3469,948201,149,7,0,142,104
2020-05-08,US,Wisconsin,Monroe,14,1,0,43.94641218,-90.61881899999999,55081.0,13,14,1,0,13,14,46051,0,0,0,0,0
2020-05-08,US,Wisconsin,Oconto,27,0,0,45.02715345,-88.26807503,55083.0,27,26,0,0,26,23,37830,1,0,0,1,3
2020-05-08,US,Wisconsin,Oneida,7,0,0,45.70677897,-89.51944105,55085.0,7,6,0,0,6,6,35470,1,0,0,1,0
2020-05-08,US,Wisconsin,Outagamie,105,2,0,44.41578887,-88.46565023,55087.0,103,93,2,0,91,83,187365,12,0,0,12,10
2020-05-08,US,Wisconsin,Ozaukee,101,9,0,43.38352225,-87.94625009,55089.0,92,99,9,0,90,95,89147,2,0,0,2,4
2020-05-08,US,Wisconsin,Pierce,12,0,0,44.71850291,-92.4224416,55093.0,12,12,0,0,12,11,42555,0,0,0,0,1
2020-05-08,US,Wisconsin,Polk,5,0,0,45.46130348,-92.44182875,55095.0,5,5,0,0,5,5,43598,0,0,0,0,0
2020-05-08,US,Wisconsin,Portage,7,0,0,44.47558711,-89.50152965,55097.0,7,7,0,0,7,7,70942,0,0,0,0,0
2020-05-08,US,Wisconsin,Price,1,0,0,45.68051754,-90.36098879999999,55099.0,1,1,0,0,1,1,13397,0,0,0,0,0
2020-05-08,US,Wisconsin,Racine,634,16,0,42.74753117,-88.05941254,55101.0,618,590,16,0,574,559,196584,44,0,0,44,31
2020-05-08,US,Wisconsin,Richland,13,2,0,43.3762778,-90.43012729,55103.0,11,13,2,0,11,13,17377,0,0,0,0,0
2020-05-08,US,Wisconsin,Rock,343,12,0,42.67151616,-89.07147900000002,55105.0,331,324,12,0,312,311,163129,19,0,0,19,13
2020-05-08,US,Wisconsin,Rusk,4,0,0,45.47498854,-91.1333012,55107.0,4,4,0,0,4,4,14147,0,0,0,0,0
2020-05-08,US,Wisconsin,Sauk,69,3,0,43.42574087,-89.94966132,55111.0,66,69,3,0,66,70,64249,0,0,0,0,-1
2020-05-08,US,Wisconsin,Sawyer,4,0,0,45.87931905,-91.14504927,55113.0,4,4,0,0,4,4,16489,0,0,0,0,0
2020-05-08,US,Wisconsin,Shawano,20,0,0,44.78902246,-88.76443896,55115.0,20,17,0,0,17,17,40796,3,0,0,3,0
2020-05-08,US,Wisconsin,Sheboygan,65,2,0,43.72099677,-87.94579284,55117.0,63,65,2,0,63,59,115456,0,0,0,0,6
2020-05-08,US,Wisconsin,St. Croix,26,0,0,45.03437474,-92.45000068,55109.0,26,23,0,0,23,23,89694,3,0,0,3,0
2020-05-08,US,Wisconsin,Trempealeau,5,0,0,44.30360275,-91.35893614,55121.0,5,5,0,0,5,5,29442,0,0,0,0,0
2020-05-08,US,Wisconsin,Vernon,3,0,0,43.59422667,-90.8324691,55123.0,3,2,0,0,2,2,30785,1,0,0,1,0
2020-05-08,US,Wisconsin,Vilas,4,0,0,46.05467334,-89.51719204,55125.0,4,4,0,0,4,4,21938,0,0,0,0,0
2020-05-08,US,Wisconsin,Walworth,226,10,0,42.66858202,-88.54163073,55127.0,216,226,9,0,217,215,103718,0,1,0,-1,11
2020-05-08,US,Wisconsin,Washburn,1,0,0,45.89838588,-91.79050449,55129.0,1,1,0,0,1,1,15878,0,0,0,0,0
2020-05-08,US,Wisconsin,Washington,114,4,0,43.36863664,-88.22974712,55131.0,110,113,4,0,109,107,135693,1,0,0,1,6
2020-05-08,US,Wisconsin,Waukesha,387,22,0,43.01833055,-88.30431188,55133.0,365,380,22,0,358,374,403072,7,0,0,7,6
2020-05-08,US,Wisconsin,Waupaca,11,1,0,44.47068056,-88.96534501,55135.0,10,10,1,0,9,10,51128,1,0,0,1,0
2020-05-08,US,Wisconsin,Waushara,4,0,0,44.11324419,-89.24317107,55137.0,4,4,0,0,4,4,24263,0,0,0,0,0
2020-05-08,US,Wisconsin,Winnebago,91,1,0,44.06886922,-88.64477096,55139.0,90,88,1,0,87,85,171020,3,0,0,3,3
2020-05-08,US,Wisconsin,Wood,2,0,0,44.45537896,-90.04158336,55141.0,2,2,0,0,2,2,73055,0,0,0,0,0
2020-05-08,US,Wyoming,Albany,8,0,0,41.65498705,-105.72354150000001,56001.0,8,8,0,0,8,8,38601,0,0,0,0,0
2020-05-08,US,Wyoming,Big Horn,3,0,0,44.52405055,-107.9960365,56003.0,3,3,0,0,3,3,11881,0,0,0,0,0
2020-05-08,US,Wyoming,Campbell,25,0,0,44.24886082,-105.54744040000001,56005.0,25,25,0,0,25,25,46140,0,0,0,0,0
2020-05-08,US,Wyoming,Carbon,5,0,0,41.69357844,-106.9326084,56007.0,5,5,0,0,5,5,14971,0,0,0,0,0
2020-05-08,US,Wyoming,Converse,23,0,0,42.97272268,-105.5081848,56009.0,23,23,0,0,23,23,13640,0,0,0,0,0
2020-05-08,US,Wyoming,Crook,5,0,0,44.58855102,-104.56977049999999,56011.0,5,5,0,0,5,5,7450,0,0,0,0,0
2020-05-08,US,Wyoming,Fremont,175,0,0,43.04183996,-108.6296893,56013.0,175,168,0,0,168,164,39531,7,0,0,7,4
2020-05-08,US,Wyoming,Goshen,5,0,0,42.08798185,-104.3534743,56015.0,5,4,0,0,4,4,13376,1,0,0,1,0
2020-05-08,US,Wyoming,Hot Springs,3,0,0,43.71930657,-108.44231740000001,56017.0,3,3,0,0,3,3,4555,0,0,0,0,0
2020-05-08,US,Wyoming,Johnson,15,1,0,44.04057166,-106.58451740000001,56019.0,14,15,1,0,14,15,8460,0,0,0,0,0
2020-05-08,US,Wyoming,Laramie,163,0,0,41.30702520000001,-104.6887497,56021.0,163,163,0,0,163,163,98976,0,0,0,0,0
2020-05-08,US,Wyoming,Lincoln,10,0,0,42.26376367,-110.6563997,56023.0,10,10,0,0,10,10,19434,0,0,0,0,0
2020-05-08,US,Wyoming,Natrona,48,0,0,42.96180148,-106.79788500000001,56025.0,48,48,0,0,48,48,79115,0,0,0,0,0
2020-05-08,US,Wyoming,Niobrara,2,0,0,43.05607708,-104.47588959999999,56027.0,2,2,0,0,2,2,2388,0,0,0,0,0
2020-05-08,US,Wyoming,Park,1,0,0,44.52157546,-109.58528249999999,56029.0,1,1,0,0,1,1,29324,0,0,0,0,0
2020-05-08,US,Wyoming,Sheridan,16,0,0,44.79048913,-106.8862389,56033.0,16,16,0,0,16,16,30233,0,0,0,0,0
2020-05-08,US,Wyoming,Sublette,3,0,0,42.76558279,-109.91309220000001,56035.0,3,3,0,0,3,3,9813,0,0,0,0,0
2020-05-08,US,Wyoming,Sweetwater,19,0,0,41.65943896,-108.8827882,56037.0,19,19,0,0,19,19,43051,0,0,0,0,0
2020-05-08,US,Wyoming,Teton,98,0,0,43.93522482,-110.5890801,56039.0,98,98,0,0,98,98,23081,0,0,0,0,0
2020-05-08,US,Wyoming,Uinta,9,0,0,41.2878183,-110.54757820000002,56041.0,9,8,0,0,8,8,20299,1,0,0,1,0
2020-05-08,US,Wyoming,Unassigned,0,6,0,0.0,0.0,90056.0,-6,0,6,0,-6,0,,0,0,0,0,0
2020-05-08,US,Wyoming,Washakie,8,0,0,43.90451606,-107.68018700000002,56043.0,8,8,0,0,8,8,7885,0,0,0,0,0
