Date,Country/Region,Province/State,Admin2,Confirmed,Deaths,Recovered,Latitude,Longitude,FIPS,Incidence_Rate,Case-Fatality_Ratio,Active Cases,Previous Confirmed,Previous Deaths,Previous Recovered,Previous Active,Prev2 Confirmed,Population,Daily Confirmed,Daily Deaths,Daily Recovered,Daily Active,Previous Daily Confirmed
2020-06-19,US,Alabama,Autauga,405,7,0,32.53952745,-86.64408227,1001.0,724.9100574558342,1.728395061728395,398,394,7,0,387,369,55601,11,0,0,11,25
2020-06-19,US,Alabama,Baldwin,398,9,0,30.72774991,-87.72207058,1003.0,178.28825358144368,2.2613065326633164,389,386,9,0,377,377,218022,12,0,0,12,9
2020-06-19,US,Alabama,Barbour,265,1,0,31.868263,-85.3871286,1005.0,1073.4829457992385,0.37735849056603776,264,262,1,0,261,250,24881,3,0,0,3,12
2020-06-19,US,Alabama,Bibb,123,1,0,32.99642064,-87.12511459999996,1007.0,549.2542645351433,0.8130081300813008,122,118,1,0,117,115,22400,5,0,0,5,3
2020-06-19,US,Alabama,Blount,136,1,0,33.98210918,-86.56790593,1009.0,235.18832359146404,0.7352941176470589,135,127,1,0,126,121,57840,9,0,0,9,6
2020-06-19,US,Alabama,Bullock,318,9,0,32.10030533,-85.71265535,1011.0,3148.203148203149,2.830188679245283,309,318,8,0,310,311,10138,0,1,0,-1,7
2020-06-19,US,Alabama,Butler,567,26,0,31.75300095,-86.68057478,1013.0,2915.466886055121,4.5855379188712515,541,563,25,0,538,551,19680,4,1,0,3,12
2020-06-19,US,Alabama,Calhoun,202,4,0,33.77483727,-85.82630386,1015.0,177.80907530478413,1.98019801980198,198,202,4,0,198,200,114277,0,0,0,0,2
2020-06-19,US,Alabama,Chambers,493,28,0,32.91360079,-85.39072749,1017.0,1482.5284176339692,5.679513184584177,465,487,26,0,461,472,33615,6,2,0,4,15
2020-06-19,US,Alabama,Cherokee,56,6,0,34.17805983,-85.60638968,1019.0,213.77309512902733,10.714285714285714,50,53,5,0,48,51,26032,3,1,0,2,2
2020-06-19,US,Alabama,Chilton,151,2,0,32.85044126,-86.7173256,1021.0,339.87575402899074,1.3245033112582782,149,145,2,0,143,143,44153,6,0,0,6,2
2020-06-19,US,Alabama,Choctaw,185,11,0,32.02227341,-88.26564429999998,1023.0,1469.536897291286,5.945945945945946,174,182,11,0,171,180,12841,3,0,0,3,2
2020-06-19,US,Alabama,Clarke,208,4,0,31.68099859,-87.83548597,1025.0,880.5350944035222,1.9230769230769231,204,201,4,0,197,197,23920,7,0,0,7,4
2020-06-19,US,Alabama,Clay,30,2,0,33.26984193,-85.85836077,1027.0,226.67170381564037,6.666666666666668,28,30,2,0,28,30,13275,0,0,0,0,0
2020-06-19,US,Alabama,Cleburne,22,1,0,33.67679204,-85.52005899,1029.0,147.55197853789403,4.545454545454546,21,22,1,0,21,22,14987,0,0,0,0,0
2020-06-19,US,Alabama,Coffee,310,1,0,31.39932826,-85.98901039,1031.0,592.2586068549158,0.3225806451612903,309,300,1,0,299,297,51909,10,0,0,10,3
2020-06-19,US,Alabama,Colbert,290,5,0,34.69847452,-87.80168544,1033.0,524.9723936930902,1.7241379310344829,285,284,5,0,279,276,54762,6,0,0,6,8
2020-06-19,US,Alabama,Conecuh,132,1,0,31.43401703,-86.99320044,1035.0,1093.8924339106654,0.7575757575757576,131,121,1,0,120,109,12277,11,0,0,11,12
2020-06-19,US,Alabama,Coosa,48,1,0,32.93690146,-86.24847739,1037.0,450.1547406921129,2.083333333333333,47,46,1,0,45,46,10715,2,0,0,2,0
2020-06-19,US,Alabama,Covington,212,1,0,31.2477854,-86.45050893,1039.0,572.2151744986369,0.4716981132075472,211,198,1,0,197,182,36986,14,0,0,14,16
2020-06-19,US,Alabama,Crenshaw,112,3,0,31.72941803,-86.31593104,1041.0,813.2442637234968,2.6785714285714284,109,112,3,0,109,112,13824,0,0,0,0,0
2020-06-19,US,Alabama,Cullman,298,1,0,34.13020303,-86.86888037,1043.0,355.74443701652183,0.3355704697986577,297,291,1,0,290,282,83442,7,0,0,7,9
2020-06-19,US,Alabama,Dale,195,0,0,31.43037123,-85.61095742,1045.0,396.56715203774513,0.0,195,190,0,0,190,183,48956,5,0,0,5,7
2020-06-19,US,Alabama,Dallas,590,6,0,32.32688101,-87.10866709999998,1047.0,1586.1920636627594,1.0169491525423728,584,564,6,0,558,531,38310,26,0,0,26,33
2020-06-19,US,Alabama,DeKalb,394,5,0,34.45946862,-85.80782906,1049.0,550.9487785437613,1.269035532994924,389,362,5,0,357,352,71385,32,0,0,32,10
2020-06-19,US,Alabama,Elmore,633,11,0,32.59785413,-86.14415284,1051.0,779.4702557598296,1.7377567140600316,622,603,10,0,593,576,81887,30,1,0,29,27
2020-06-19,US,Alabama,Escambia,137,5,0,31.1256789,-87.15918694,1053.0,373.9797450386264,3.6496350364963503,132,123,4,0,119,113,36748,14,1,0,13,10
2020-06-19,US,Alabama,Etowah,371,12,0,34.04567266,-86.04051873,1055.0,362.7723236985176,3.2345013477088953,359,356,12,0,344,342,102501,15,0,0,15,14
2020-06-19,US,Alabama,Fayette,57,1,0,33.72076938,-87.73886638,1057.0,349.65034965034965,1.7543859649122806,56,49,1,0,48,49,16433,8,0,0,8,0
2020-06-19,US,Alabama,Franklin,769,10,0,34.44235334,-87.84289505,1059.0,2452.011989031312,1.3003901170351104,759,760,10,0,750,754,31363,9,0,0,9,6
2020-06-19,US,Alabama,Geneva,49,0,0,31.09389027,-85.83572839,1061.0,186.51745270450303,0.0,49,49,0,0,49,48,26314,0,0,0,0,1
2020-06-19,US,Alabama,Greene,151,5,0,32.85504247,-87.95684022,1063.0,1861.669337936136,3.3112582781456954,146,144,5,0,139,135,8233,7,0,0,7,9
2020-06-19,US,Alabama,Hale,256,16,0,32.76039258,-87.63284988,1065.0,1747.3210019793871,6.25,240,248,15,0,233,237,14726,8,1,0,7,11
2020-06-19,US,Alabama,Henry,111,2,0,31.51148016,-85.24267944,1067.0,645.1612903225806,1.8018018018018016,109,110,2,0,108,109,17209,1,0,0,1,1
2020-06-19,US,Alabama,Houston,341,4,0,31.15197924,-85.29939599,1069.0,322.05662907765253,1.1730205278592376,337,333,5,0,328,328,104722,8,-1,0,9,5
2020-06-19,US,Alabama,Jackson,147,3,0,34.78144169,-85.99750489,1071.0,284.74024716228257,2.0408163265306123,144,139,3,0,136,134,51736,8,0,0,8,5
2020-06-19,US,Alabama,Jefferson,2791,123,0,33.55554728,-86.89506300000002,1073.0,423.79508421997264,4.40702257255464,2668,2708,124,0,2584,2647,659300,83,-1,0,84,61
2020-06-19,US,Alabama,Lamar,54,0,0,33.77995024,-88.09668032,1075.0,391.1626222383194,0.0,54,52,0,0,52,50,13844,2,0,0,2,2
2020-06-19,US,Alabama,Lauderdale,288,4,0,34.90171875,-87.65624729,1077.0,310.58244993475614,1.3888888888888888,284,280,4,0,276,265,92387,8,0,0,8,15
2020-06-19,US,Alabama,Lawrence,72,0,0,34.52041498,-87.31069453,1079.0,218.68545741708172,0.0,72,71,0,0,71,67,32957,1,0,0,1,4
2020-06-19,US,Alabama,Lee,811,35,0,32.60154883,-85.35132246,1081.0,492.88327600247965,4.315659679408139,776,784,35,0,749,753,163941,27,0,0,27,31
2020-06-19,US,Alabama,Limestone,260,0,0,34.81185586,-86.98310072,1083.0,262.85194358792904,0.0,260,255,0,0,255,242,96174,5,0,0,5,13
2020-06-19,US,Alabama,Lowndes,409,14,0,32.1597283,-86.65158371,1085.0,4205.223113304544,3.4229828850855744,395,405,14,0,391,401,9974,4,0,0,4,4
2020-06-19,US,Alabama,Macon,138,6,0,32.38759944,-85.69267724,1087.0,763.7812707549257,4.3478260869565215,132,136,6,0,130,133,18439,2,0,0,2,3
2020-06-19,US,Alabama,Madison,649,6,0,34.76327133,-86.55069633,1089.0,174.03709752245186,0.9244992295839752,643,625,6,0,619,577,366519,24,0,0,24,48
2020-06-19,US,Alabama,Marengo,237,10,0,32.24767634,-87.78796182,1091.0,1256.4279276891268,4.219409282700422,227,234,10,0,224,225,19066,3,0,0,3,9
2020-06-19,US,Alabama,Marion,165,12,0,34.13697363,-87.88704173,1093.0,555.3872563869535,7.272727272727272,153,161,12,0,149,149,29763,4,0,0,4,12
2020-06-19,US,Alabama,Marshall,1031,9,0,34.36975964,-86.30486727,1095.0,1065.3687974042614,0.8729388942774006,1022,994,9,0,985,956,96109,37,0,0,37,38
2020-06-19,US,Alabama,Mobile,2899,131,0,30.78472347,-88.20842409,1097.0,701.5803102538662,4.518799586064159,2768,2834,130,0,2704,2788,413757,65,1,0,64,46
2020-06-19,US,Alabama,Monroe,153,2,0,31.56729412,-87.36995001,1099.0,737.9539863984952,1.30718954248366,151,151,2,0,149,148,21067,2,0,0,2,3
2020-06-19,US,Alabama,Montgomery,3106,75,0,32.2206831,-86.20969272,1101.0,1371.3871939104406,2.4146812620734064,3031,3059,73,0,2986,2956,225763,47,2,0,45,103
2020-06-19,US,Alabama,Morgan,710,2,0,34.45500589,-86.85475946,1103.0,593.2536201004352,0.28169014084507044,708,701,2,0,699,676,119089,9,0,0,9,25
2020-06-19,US,Alabama,Perry,86,0,0,32.64048341,-87.29770589,1105.0,963.8014120811388,0.0,86,84,0,0,84,79,9140,2,0,0,2,5
2020-06-19,US,Alabama,Pickens,153,6,0,33.28094866,-88.08818103,1107.0,767.6869041645759,3.92156862745098,147,149,6,0,143,142,19938,4,0,0,4,7
2020-06-19,US,Alabama,Pike,352,3,0,31.80396383,-85.9408295,1109.0,1062.994503835236,0.8522727272727273,349,344,3,0,341,342,33338,8,0,0,8,2
2020-06-19,US,Alabama,Randolph,142,8,0,33.29526734,-85.45708831,1111.0,624.9449872370391,5.633802816901407,134,142,8,0,134,141,22725,0,0,0,0,1
2020-06-19,US,Alabama,Russell,346,0,0,32.28725256,-85.18415324,1113.0,596.9531236521109,0.0,346,327,0,0,327,313,57781,19,0,0,19,14
2020-06-19,US,Alabama,Shelby,740,21,0,33.26879845,-86.66232561,1117.0,339.9141946330305,2.8378378378378377,719,711,20,0,691,687,215707,29,1,0,28,24
2020-06-19,US,Alabama,St. Clair,193,2,0,33.71902176,-86.31029372,1115.0,215.61354902136026,1.0362694300518134,191,182,2,0,180,180,88690,11,0,0,11,2
2020-06-19,US,Alabama,Sumter,267,12,0,32.59117397,-88.19916205,1119.0,2148.547517502213,4.49438202247191,255,266,12,0,254,264,12691,1,0,0,1,2
2020-06-19,US,Alabama,Talladega,170,6,0,33.37823223,-86.16886178,1121.0,212.55845357473305,3.5294117647058822,164,168,6,0,162,166,79828,2,0,0,2,2
2020-06-19,US,Alabama,Tallapoosa,506,68,0,32.86698258,-85.79833053,1123.0,1253.4991453414916,13.438735177865613,438,498,68,0,430,482,40497,8,0,0,8,16
2020-06-19,US,Alabama,Tuscaloosa,1526,29,0,33.28726072,-87.52556818,1125.0,728.9054476845549,1.9003931847968545,1497,1467,28,0,1439,1418,208911,59,1,0,58,49
2020-06-19,US,Alabama,Unassigned,419,10,0,0.0,0.0,90001.0,0.0,2.386634844868735,409,410,9,0,401,398,,9,1,0,8,12
2020-06-19,US,Alabama,Walker,664,8,0,33.80270512,-87.30027177,1127.0,1045.3235937721383,1.2048192771084338,656,642,8,0,634,616,63711,22,0,0,22,26
2020-06-19,US,Alabama,Washington,91,6,0,31.4092794,-88.20689944,1129.0,557.3931152762465,6.593406593406592,85,91,6,0,85,88,16378,0,0,0,0,3
2020-06-19,US,Alabama,Wilcox,240,8,0,31.98773215,-87.30891118,1131.0,2313.6990263183266,3.333333333333333,232,238,8,0,230,230,10627,2,0,0,2,8
2020-06-19,US,Alabama,Winston,172,1,0,34.15030532,-87.37325922,1133.0,727.9190824833889,0.5813953488372093,171,165,1,0,164,149,23660,7,0,0,7,16
2020-06-19,US,Alaska,Anchorage,338,6,0,61.14998174,-149.14269860000005,2020.0,117.36111111111113,1.7751479289940828,332,332,6,0,326,330,291538,6,0,0,6,2
2020-06-19,US,Alaska,Bethel,6,0,0,60.90980451,-159.8561831,2050.0,32.63352550853911,0.0,6,5,0,0,5,5,18216,1,0,0,1,0
2020-06-19,US,Alaska,Fairbanks North Star,107,2,0,64.80726247,-146.5692662,2090.0,110.48126464909292,1.8691588785046729,105,106,2,0,104,102,98971,1,0,0,1,4
2020-06-19,US,Alaska,Haines,2,0,0,59.09893571,-135.4679843,2100.0,79.05138339920948,0.0,2,1,0,0,1,1,2474,1,0,0,1,0
2020-06-19,US,Alaska,Juneau,39,0,0,58.45031811,-134.200436,2110.0,121.97410395946709,0.0,39,39,0,0,39,38,32113,0,0,0,0,1
2020-06-19,US,Alaska,Kenai Peninsula,117,2,0,60.24429722,-151.53888840000005,2122.0,199.29140832595215,1.709401709401709,115,116,2,0,114,115,58533,1,0,0,1,1
2020-06-19,US,Alaska,Ketchikan Gateway,21,0,0,55.57445008,-130.975561,2130.0,151.06826846989426,0.0,21,21,0,0,21,20,13918,0,0,0,0,1
2020-06-19,US,Alaska,Kodiak Island,3,0,0,57.65529415,-153.7493579,2150.0,23.08047391906447,0.0,3,3,0,0,3,3,13345,0,0,0,0,0
2020-06-19,US,Alaska,Matanuska-Susitna,53,1,0,62.31305045,-149.5741743,2170.0,48.930454130007284,1.8867924528301887,52,51,1,0,50,48,107610,2,0,0,2,3
2020-06-19,US,Alaska,Nome,5,0,0,64.90320724,-164.0353804,2180.0,49.980007996801284,0.0,5,5,0,0,5,5,10008,0,0,0,0,0
2020-06-19,US,Alaska,North Slope,3,0,0,69.31479216,-153.4836093,2185.0,30.512611879576895,0.0,3,2,0,0,2,2,9872,1,0,0,1,0
2020-06-19,US,Alaska,Northwest Arctic,4,0,0,67.04919196,-159.7503946,2188.0,52.48655032148013,0.0,4,4,0,0,4,4,7671,0,0,0,0,0
2020-06-19,US,Alaska,Petersburg,4,1,0,57.13978948,-132.9540995,2195.0,122.47397428046541,25.0,3,4,1,0,3,4,3221,0,0,0,0,0
2020-06-19,US,Alaska,Prince of Wales-Hyder,2,0,0,55.76261984,-133.0511621,2198.0,32.24246332419797,0.0,2,2,0,0,2,2,6422,0,0,0,0,0
2020-06-19,US,Alaska,Sitka,9,0,0,57.24124555,-135.3206587,2220.0,105.9696220416814,0.0,9,9,0,0,9,9,8647,0,0,0,0,0
2020-06-19,US,Alaska,Southeast Fairbanks,3,0,0,63.87692095,-143.2127643,2240.0,43.52241404323227,0.0,3,3,0,0,3,3,6918,0,0,0,0,0
2020-06-19,US,Alaska,Wrangell,3,0,0,56.3202004,-132.05837309999998,2275.0,119.90407673860909,0.0,3,3,0,0,3,3,2503,0,0,0,0,0
2020-06-19,US,Alaska,Yukon-Koyukuk,1,0,0,65.50815459,-151.3907387,2290.0,19.120458891013385,0.0,1,1,0,0,1,1,5327,0,0,0,0,0
2020-06-19,US,Arizona,Apache,2103,63,0,35.39465006,-109.4892383,4001.0,2925.424624758301,2.9957203994293864,2040,2059,61,0,1998,1998,71818,44,2,0,42,61
2020-06-19,US,Arizona,Cochise,332,6,0,31.87934684,-109.7516088,4003.0,263.65527866457006,1.8072289156626504,326,267,5,0,262,248,126770,65,1,0,64,19
2020-06-19,US,Arizona,Coconino,1470,90,0,35.83883429,-111.7707178,4005.0,1024.5615991524712,6.1224489795918355,1380,1439,88,0,1351,1410,142854,31,2,0,29,29
2020-06-19,US,Arizona,Gila,125,3,0,33.80190085,-110.8132779,4007.0,231.40434669924838,2.4,122,115,3,0,112,99,53889,10,0,0,10,16
2020-06-19,US,Arizona,Graham,59,1,0,32.93166885,-109.8882178,4009.0,151.91698637896852,1.6949152542372878,58,58,1,0,57,56,38072,1,0,0,1,2
2020-06-19,US,Arizona,Greenlee,14,1,0,33.21498827,-109.2405279,4011.0,147.39945251631926,7.142857142857142,13,13,1,0,12,12,9483,1,0,0,1,1
2020-06-19,US,Arizona,La Paz,257,3,0,33.72854224,-113.9810029,4012.0,1217.5478491567176,1.1673151750972763,254,245,3,0,242,238,21098,12,0,0,12,7
2020-06-19,US,Arizona,Maricopa,25999,615,0,33.34835867,-112.4918154,4013.0,579.6343436748538,2.3654755952152007,25384,23880,598,0,23282,22272,4410824,2119,17,0,2102,1608
2020-06-19,US,Arizona,Mohave,686,72,0,35.70471703,-113.7577902,4015.0,323.308873084772,10.495626822157435,614,676,72,0,604,636,209550,10,0,0,10,40
2020-06-19,US,Arizona,Navajo,2928,95,0,35.3997715,-110.3218983,4017.0,2639.645162453572,3.2445355191256837,2833,2874,93,0,2781,2771,110445,54,2,0,52,103
2020-06-19,US,Arizona,Pima,5019,240,0,32.0971334,-111.7890033,4019.0,479.2419212072428,4.781829049611477,4779,4682,235,0,4447,4385,1039073,337,5,0,332,297
2020-06-19,US,Arizona,Pinal,2130,49,0,32.90525627,-111.3449483,4021.0,460.2529446464804,2.3004694835680755,2081,1888,47,0,1841,1793,447138,242,2,0,240,95
2020-06-19,US,Arizona,Santa Cruz,1293,14,0,31.52508998,-110.8479088,4023.0,2780.764764075874,1.082753286929621,1279,1210,13,0,1197,1165,46511,83,1,0,82,45
2020-06-19,US,Arizona,Unassigned,0,1,0,0.0,0.0,90004.0,0.0,0.0,-1,0,1,0,-1,0,,0,0,0,0,0
2020-06-19,US,Arizona,Yavapai,417,7,0,34.59933926,-112.5538588,4025.0,177.37208580215145,1.6786570743405276,410,402,7,0,395,387,231993,15,0,0,15,15
2020-06-19,US,Arizona,Yuma,4078,61,0,32.76895712,-113.90666740000002,4027.0,1907.5060691248766,1.4958312898479649,4017,3637,55,0,3582,3467,212128,441,6,0,435,170
2020-06-19,US,Arkansas,Arkansas,18,0,0,34.29145151,-91.37277296,5001.0,102.93949445270502,0.0,18,16,0,0,16,14,17769,2,0,0,2,2
2020-06-19,US,Arkansas,Ashley,51,1,0,33.19153461,-91.7698471,5003.0,259.4495599531973,1.96078431372549,50,51,1,0,50,48,20046,0,0,0,0,3
2020-06-19,US,Arkansas,Baxter,14,0,0,36.28784385,-92.33782872,5005.0,33.38738910617189,0.0,14,14,0,0,14,14,41619,0,0,0,0,0
2020-06-19,US,Arkansas,Benton,1841,11,0,36.33644656,-94.25680817,5007.0,659.5233233383847,0.5975013579576317,1830,1657,11,0,1646,1612,272608,184,0,0,184,45
2020-06-19,US,Arkansas,Boone,10,0,0,36.3084504,-93.09374925,5009.0,26.715110066253477,0.0,10,10,0,0,10,10,37480,0,0,0,0,0
2020-06-19,US,Arkansas,Bradley,35,2,0,33.46755808,-92.15980837,5011.0,325.188144569358,5.7142857142857135,33,35,2,0,33,35,10897,0,0,0,0,0
2020-06-19,US,Arkansas,Carroll,102,3,0,36.34038560000001,-93.54270261,5015.0,359.4080338266385,2.9411764705882355,99,100,1,0,99,95,28223,2,2,0,0,5
2020-06-19,US,Arkansas,Chicot,67,2,0,33.26458973,-91.29539209,5017.0,662.1862028068788,2.985074626865672,65,66,2,0,64,62,10438,1,0,0,1,4
2020-06-19,US,Arkansas,Clark,50,0,0,34.04613432,-93.17484713,5019.0,224.01433691756276,0.0,50,50,0,0,50,50,22061,0,0,0,0,0
2020-06-19,US,Arkansas,Clay,31,0,0,36.36826212,-90.4148172,5021.0,213.04377705999588,0.0,31,24,0,0,24,23,14847,7,0,0,7,1
2020-06-19,US,Arkansas,Cleburne,76,4,0,35.53864922,-92.02640019,5023.0,304.9881616437257,5.2631578947368425,72,76,4,0,72,75,24965,0,0,0,0,1
2020-06-19,US,Arkansas,Cleveland,22,0,0,33.89723187,-92.18537045,5025.0,276.52086475615886,0.0,22,20,0,0,20,20,8018,2,0,0,2,0
2020-06-19,US,Arkansas,Columbia,31,2,0,33.21230701,-93.22642793,5027.0,132.156712282048,6.451612903225807,29,29,2,0,27,28,23537,2,0,0,2,1
2020-06-19,US,Arkansas,Conway,26,3,0,35.26205537,-92.70506566,5029.0,124.72416770603472,11.538461538461537,23,25,3,0,22,24,20891,1,0,0,1,1
2020-06-19,US,Arkansas,Craighead,385,5,0,35.83018283,-90.63235729,5031.0,348.9468150672516,1.2987012987012987,380,372,5,0,367,369,108558,13,0,0,13,3
2020-06-19,US,Arkansas,Crawford,83,0,0,35.58928601,-94.2446814,5033.0,131.2107750920847,0.0,83,75,0,0,75,69,63406,8,0,0,8,6
2020-06-19,US,Arkansas,Crittenden,573,10,0,35.21247318,-90.30839406,5035.0,1194.8701908038786,1.7452006980802792,563,562,10,0,552,554,48342,11,0,0,11,8
2020-06-19,US,Arkansas,Cross,82,1,0,35.29631396,-90.77185818,5037.0,499.4214020342287,1.2195121951219512,81,81,1,0,80,79,16676,1,0,0,1,2
2020-06-19,US,Arkansas,Dallas,4,0,0,33.97042763,-92.65167437,5039.0,57.069482094449995,0.0,4,4,0,0,4,4,7182,0,0,0,0,0
2020-06-19,US,Arkansas,Desha,26,0,0,33.83011025,-91.25500948,5041.0,228.85309391778893,0.0,26,25,0,0,25,25,11512,1,0,0,1,0
2020-06-19,US,Arkansas,Drew,32,1,0,33.59035001,-91.71777921,5043.0,175.6408145342774,3.125,31,29,1,0,28,27,18328,3,0,0,3,2
2020-06-19,US,Arkansas,Faulkner,227,3,0,35.14719007,-92.33717519,5045.0,180.14872189640255,1.3215859030837005,224,205,3,0,202,195,124806,22,0,0,22,10
2020-06-19,US,Arkansas,Franklin,10,0,0,35.51202821,-93.89299569,5047.0,56.44933672029354,0.0,10,9,0,0,9,9,17810,1,0,0,1,0
2020-06-19,US,Arkansas,Fulton,9,0,0,36.38177105,-91.81729127,5049.0,72.1327242125511,0.0,9,9,0,0,9,9,12269,0,0,0,0,0
2020-06-19,US,Arkansas,Garland,172,1,0,34.57692074,-93.14921604,5051.0,173.0626043909605,0.5813953488372093,171,170,1,0,169,168,99154,2,0,0,2,2
2020-06-19,US,Arkansas,Grant,24,0,0,34.29017991,-92.42320562,5053.0,131.3988502600602,0.0,24,24,0,0,24,24,18188,0,0,0,0,0
2020-06-19,US,Arkansas,Greene,87,0,0,36.11735460000001,-90.55832668,5055.0,191.94704908990624,0.0,87,78,0,0,78,76,45325,9,0,0,9,2
2020-06-19,US,Arkansas,Hempstead,43,1,0,33.73325583,-93.66935133,5057.0,199.70276797324908,2.3255813953488373,42,41,1,0,40,40,21741,2,0,0,2,1
2020-06-19,US,Arkansas,Hot Spring,46,0,0,34.31709259,-92.95396325,5059.0,136.2115424476622,0.0,46,46,0,0,46,44,33701,0,0,0,0,2
2020-06-19,US,Arkansas,Howard,54,0,0,34.09007427,-93.9934871,5061.0,409.02893500984703,0.0,54,47,0,0,47,45,13341,7,0,0,7,2
2020-06-19,US,Arkansas,Independence,44,0,0,35.74242707,-91.57001641,5063.0,116.32518175809649,0.0,44,43,0,0,43,43,37678,1,0,0,1,0
2020-06-19,US,Arkansas,Izard,20,1,0,36.09604046,-91.90847954,5065.0,146.74590945777388,5.0,19,20,1,0,19,20,13593,0,0,0,0,0
2020-06-19,US,Arkansas,Jackson,20,0,0,35.59802983,-91.21494602,5067.0,119.62437944853158,0.0,20,20,0,0,20,20,16811,0,0,0,0,0
2020-06-19,US,Arkansas,Jefferson,640,28,0,34.26767081,-91.92619839,5069.0,957.7397342272236,4.375,612,637,28,0,609,634,68114,3,0,0,3,3
2020-06-19,US,Arkansas,Johnson,121,0,0,35.56759135,-93.46036368,5071.0,455.26375197531786,0.0,121,107,0,0,107,99,26742,14,0,0,14,8
2020-06-19,US,Arkansas,Lafayette,13,1,0,33.24116713,-93.60677071,5073.0,196.256038647343,7.6923076923076925,12,12,1,0,11,12,6682,1,0,0,1,0
2020-06-19,US,Arkansas,Lawrence,93,9,0,36.04188196,-91.10867198,5075.0,566.8657808118979,9.677419354838712,84,92,9,0,83,92,16434,1,0,0,1,0
2020-06-19,US,Arkansas,Lee,570,1,0,34.78498904,-90.78383866,5077.0,6435.587670768883,0.17543859649122806,569,571,1,0,570,569,8985,-1,0,0,-1,2
2020-06-19,US,Arkansas,Lincoln,1023,11,0,33.95317155,-91.74002806,5079.0,7854.72972972973,1.075268817204301,1012,995,11,0,984,995,13383,28,0,0,28,0
2020-06-19,US,Arkansas,Little River,35,0,0,33.70375665,-94.23468591,5081.0,285.50452728607553,0.0,35,34,0,0,34,34,12326,1,0,0,1,0
2020-06-19,US,Arkansas,Logan,21,0,0,35.21413234,-93.71951016,5083.0,97.82912512810957,0.0,21,21,0,0,21,20,21737,0,0,0,0,1
2020-06-19,US,Arkansas,Lonoke,84,0,0,34.75392199,-91.88742357,5085.0,114.58347542593677,0.0,84,80,0,0,80,78,73657,4,0,0,4,2
2020-06-19,US,Arkansas,Madison,137,0,0,36.01038185,-93.72524943,5087.0,826.496138996139,0.0,137,128,0,0,128,128,16481,9,0,0,9,0
2020-06-19,US,Arkansas,Marion,2,0,0,36.26844485,-92.68451899,5089.0,11.980352222355338,0.0,2,2,0,0,2,2,16722,0,0,0,0,0
2020-06-19,US,Arkansas,Miller,78,2,0,33.31403423,-93.89285258,5091.0,180.31763645190372,2.5641025641025643,76,77,2,0,75,77,43592,1,0,0,1,0
2020-06-19,US,Arkansas,Mississippi,107,3,0,35.76271485,-90.05194370000002,5093.0,263.21615704410715,2.803738317757009,104,105,2,0,103,102,41239,2,1,0,1,3
2020-06-19,US,Arkansas,Monroe,7,0,0,34.6815935,-91.20540287,5095.0,104.46202059394122,0.0,7,7,0,0,7,7,6900,0,0,0,0,0
2020-06-19,US,Arkansas,Montgomery,2,0,0,34.53704874,-93.65824478,5097.0,22.2568439795237,0.0,2,2,0,0,2,2,8924,0,0,0,0,0
2020-06-19,US,Arkansas,Nevada,87,2,0,33.66340119,-93.30632432,5099.0,1054.2898691226371,2.2988505747126435,85,87,1,0,86,86,8326,0,1,0,-1,1
2020-06-19,US,Arkansas,Newton,3,0,0,35.91947491,-93.21612969,5101.0,38.6946988262608,0.0,3,3,0,0,3,3,7805,0,0,0,0,0
2020-06-19,US,Arkansas,Ouachita,17,0,0,33.58839816,-92.87795984,5103.0,72.70549995723206,0.0,17,17,0,0,17,17,23606,0,0,0,0,0
2020-06-19,US,Arkansas,Perry,24,0,0,34.9459153,-92.94372564,5105.0,229.55523672883788,0.0,24,17,0,0,17,16,10352,7,0,0,7,1
2020-06-19,US,Arkansas,Phillips,75,1,0,34.43268455,-90.84800154,5107.0,421.7748284782364,1.3333333333333333,74,64,1,0,63,53,18029,11,0,0,11,11
2020-06-19,US,Arkansas,Pike,7,0,0,34.16250414,-93.65789349,5109.0,65.31069229333829,0.0,7,7,0,0,7,7,10673,0,0,0,0,0
2020-06-19,US,Arkansas,Poinsett,52,3,0,35.57433534,-90.66268713,5111.0,221.01326079564774,5.769230769230768,49,52,3,0,49,52,23974,0,0,0,0,0
2020-06-19,US,Arkansas,Polk,62,0,0,34.48254879,-94.22728802,5113.0,310.55900621118013,0.0,62,60,0,0,60,60,20049,2,0,0,2,0
2020-06-19,US,Arkansas,Pope,304,2,0,35.44871474,-93.03212219,5115.0,474.4662254963168,0.6578947368421053,302,301,2,0,299,291,64000,3,0,0,3,10
2020-06-19,US,Arkansas,Prairie,12,0,0,34.83624419,-91.55162157,5117.0,148.8464400893079,0.0,12,12,0,0,12,12,8074,0,0,0,0,0
2020-06-19,US,Arkansas,Pulaski,1445,48,0,34.77054088,-92.31355101,5119.0,368.70616032721716,3.3217993079584773,1397,1394,48,0,1346,1365,392680,51,0,0,51,29
2020-06-19,US,Arkansas,Randolph,31,1,0,36.3415714,-91.02455531,5121.0,172.6250139213721,3.2258064516129035,30,29,1,0,28,29,17948,2,0,0,2,0
2020-06-19,US,Arkansas,Saline,195,2,0,34.64916145,-92.67583224,5125.0,159.2655814827217,1.0256410256410255,193,190,2,0,188,189,121421,5,0,0,5,1
2020-06-19,US,Arkansas,Scott,7,0,0,34.85588887,-94.0632176,5127.0,68.08676198813345,0.0,7,6,0,0,6,5,10319,1,0,0,1,1
2020-06-19,US,Arkansas,Searcy,7,0,0,35.9109364,-92.69936482,5129.0,88.82121558177894,0.0,7,7,0,0,7,7,7958,0,0,0,0,0
2020-06-19,US,Arkansas,Sebastian,219,2,0,35.19605503,-94.27162713,5131.0,171.32530686005302,0.9132420091324199,217,193,2,0,191,187,127753,26,0,0,26,6
2020-06-19,US,Arkansas,Sevier,550,5,0,33.99780401,-94.2424869,5133.0,3233.962486035162,0.9090909090909092,545,506,5,0,501,498,17139,44,0,0,44,8
2020-06-19,US,Arkansas,Sharp,50,4,0,36.16258158,-91.47819342,5135.0,286.6643733516798,8.0,46,50,4,0,46,50,17366,0,0,0,0,0
2020-06-19,US,Arkansas,St. Francis,783,3,0,35.02201976,-90.74828138,5123.0,3132.751860446507,0.3831417624521073,780,781,3,0,778,779,25439,2,0,0,2,2
2020-06-19,US,Arkansas,Stone,11,0,0,35.86251946,-92.15684085,5137.0,87.95778026547258,0.0,11,11,0,0,11,11,12457,0,0,0,0,0
2020-06-19,US,Arkansas,Unassigned,533,0,0,0.0,0.0,90005.0,0.0,0.0,533,435,0,0,435,391,,98,0,0,98,44
2020-06-19,US,Arkansas,Union,220,13,0,33.16887091,-92.59746952,5139.0,568.7399824207641,5.909090909090909,207,218,13,0,205,213,39126,2,0,0,2,5
2020-06-19,US,Arkansas,Van Buren,30,2,0,35.58095779,-92.51295036,5141.0,181.3236627379873,6.666666666666668,28,30,2,0,28,30,16603,0,0,0,0,0
2020-06-19,US,Arkansas,Washington,2222,17,0,35.976844,-94.21800746,5143.0,928.9802539435672,0.7650765076507651,2205,2141,15,0,2126,2080,236961,81,2,0,79,61
2020-06-19,US,Arkansas,White,70,1,0,35.25688493,-91.74908296,5145.0,88.8855027744975,1.4285714285714286,69,69,1,0,68,65,78727,1,0,0,1,4
2020-06-19,US,Arkansas,Woodruff,6,0,0,35.18902527,-91.2439489,5147.0,94.93670886075951,0.0,6,5,0,0,5,5,6490,1,0,0,1,0
2020-06-19,US,Arkansas,Yell,361,2,0,35.00292371,-93.41171338,5149.0,1691.5795885853522,0.554016620498615,359,340,2,0,338,324,21535,21,0,0,21,16
2020-06-19,US,California,Alameda,4702,119,0,37.64629437,-121.8929271,6001.0,281.33299906840597,2.5308379413015736,4583,4638,117,0,4521,4533,1666753,64,2,0,62,105
2020-06-19,US,California,Alpine,2,0,0,38.59678594,-119.8223594,6003.0,177.14791851195747,0.0,2,2,0,0,2,2,1101,0,0,0,0,0
2020-06-19,US,California,Amador,12,0,0,38.44583082,-120.65696,6005.0,30.187160394445566,0.0,12,12,0,0,12,12,39383,0,0,0,0,0
2020-06-19,US,California,Butte,94,1,0,39.66727762,-121.6005252,6007.0,42.885950745029334,1.0638297872340423,93,90,1,0,89,90,231256,4,0,0,4,0
2020-06-19,US,California,Calaveras,28,0,0,38.20537103,-120.552913,6009.0,60.995534255527716,0.0,28,26,0,0,26,26,45602,2,0,0,2,0
2020-06-19,US,California,Colusa,7,0,0,39.17881957,-122.2331726,6011.0,32.48712117696199,0.0,7,7,0,0,7,7,21627,0,0,0,0,0
2020-06-19,US,California,Contra Costa,2148,56,0,37.91923498,-121.9289527,6013.0,186.21166753068417,2.60707635009311,2092,2111,55,0,2056,2071,1150215,37,1,0,36,40
2020-06-19,US,California,Del Norte,48,1,0,41.74228275,-123.8974063,6015.0,172.58737235725587,2.083333333333333,47,48,1,0,47,48,27828,0,0,0,0,0
2020-06-19,US,California,El Dorado,130,0,0,38.77965956,-120.5233166,6017.0,67.41235097981259,0.0,130,125,0,0,125,121,190678,5,0,0,5,4
2020-06-19,US,California,Fresno,3187,66,0,36.75733899,-119.6466953,6019.0,318.98676910542576,2.070913084405397,3121,3058,62,0,2996,2788,994400,129,4,0,125,270
2020-06-19,US,California,Glenn,42,0,0,39.59875897,-122.3938452,6021.0,147.92378403127532,0.0,42,42,0,0,42,34,28047,0,0,0,0,8
2020-06-19,US,California,Humboldt,108,4,0,40.69923009,-123.876044,6023.0,79.67069446288673,3.703703703703704,104,108,4,0,104,107,136373,0,0,0,0,1
2020-06-19,US,California,Imperial,4744,64,0,33.0393082,-115.3669042,6025.0,2617.884832933256,1.349072512647555,4680,4659,60,0,4599,4478,181827,85,4,0,81,181
2020-06-19,US,California,Inyo,24,1,0,36.51112084,-117.41119779999998,6027.0,133.04506901712955,4.166666666666667,23,24,1,0,23,24,17987,0,0,0,0,0
2020-06-19,US,California,Kern,3706,58,0,35.34329425,-118.7277796,6029.0,411.6853772819878,1.5650296815974096,3648,3590,58,0,3532,3512,896764,116,0,0,116,78
2020-06-19,US,California,Kings,2057,12,0,36.07409056,-119.8159973,6031.0,1344.9718843991106,0.5833738454059311,2045,1976,10,0,1966,1870,151366,81,2,0,79,106
2020-06-19,US,California,Lake,34,0,0,39.10124298,-122.7536244,6033.0,52.80651073214674,0.0,34,34,0,0,34,34,64382,0,0,0,0,0
2020-06-19,US,California,Lassen,9,0,0,40.67311306,-120.59350990000002,6035.0,29.43773918163085,0.0,9,9,0,0,9,9,30802,0,0,0,0,0
2020-06-19,US,California,Los Angeles,79655,3065,0,34.30828379,-118.2282411,6037.0,793.4470665568163,3.8478438265017885,76590,78348,3027,0,75321,77260,10105518,1307,38,0,1269,1088
2020-06-19,US,California,Madera,314,4,0,37.21513971,-119.76655890000002,6039.0,199.58430530042526,1.2738853503184713,310,295,4,0,291,275,157672,19,0,0,19,20
2020-06-19,US,California,Marin,917,18,0,38.07122463,-122.7210631,6041.0,354.29207266657914,1.9629225736095963,899,861,18,0,843,842,259666,56,0,0,56,19
2020-06-19,US,California,Mariposa,18,1,0,37.57978556,-119.9073334,6043.0,104.63291286403536,5.5555555555555545,17,18,1,0,17,18,17471,0,0,0,0,0
2020-06-19,US,California,Mendocino,54,0,0,39.4381191,-123.3911313,6045.0,62.24855617932196,0.0,54,54,0,0,54,47,87606,0,0,0,0,7
2020-06-19,US,California,Merced,564,8,0,37.18922369,-120.7209035,6047.0,203.11149524632668,1.4184397163120568,556,538,8,0,530,470,274765,26,0,0,26,68
2020-06-19,US,California,Mono,37,1,0,37.93899289,-118.8872409,6051.0,256.1617280531709,2.702702702702702,36,37,1,0,36,37,14250,0,0,0,0,0
2020-06-19,US,California,Monterey,1156,12,0,36.21862405,-121.2413397,6053.0,266.32201464771083,1.038062283737024,1144,1121,12,0,1109,1075,435594,35,0,0,35,46
2020-06-19,US,California,Napa,216,4,0,38.50735751,-122.332839,6055.0,156.8126379370426,1.851851851851852,212,206,4,0,202,202,139417,10,0,0,10,4
2020-06-19,US,California,Nevada,75,1,0,39.30394768,-120.7627281,6057.0,75.18420129316827,1.3333333333333333,74,71,1,0,70,57,99696,4,0,0,4,14
2020-06-19,US,California,Orange,9576,257,0,33.70147516,-117.76459979999998,6059.0,301.5405776126904,2.683792815371763,9319,9292,250,0,9042,9197,3185968,284,7,0,277,95
2020-06-19,US,California,Placer,476,9,0,39.06167234,-120.7240569,6061.0,119.49920794117426,1.8907563025210083,467,460,9,0,451,432,393149,16,0,0,16,28
2020-06-19,US,California,Plumas,6,0,0,40.00355989,-120.8395236,6063.0,31.9030148349019,0.0,6,6,0,0,6,5,18804,0,0,0,0,1
2020-06-19,US,California,Riverside,12778,410,0,33.74314981,-115.9933578,6065.0,517.2136037944649,3.2086398497417434,12368,12467,408,0,12059,11951,2450758,311,2,0,309,516
2020-06-19,US,California,Sacramento,1976,67,0,38.45106826,-121.3425374,6067.0,127.31482972930135,3.390688259109312,1909,1940,67,0,1873,1892,1540975,36,0,0,36,48
2020-06-19,US,California,San Benito,161,2,0,36.60308176,-121.069975,6069.0,256.33677238568333,1.2422360248447204,159,153,2,0,151,140,61537,8,0,0,8,13
2020-06-19,US,California,San Bernardino,8714,230,0,34.84060306,-116.1774685,6071.0,399.70918565101823,2.6394308010098695,8484,8454,230,0,8224,8014,2171603,260,0,0,260,440
2020-06-19,US,California,San Diego,10350,332,0,33.03484597,-116.7365326,6073.0,310.03525714953287,3.207729468599034,10018,10092,331,0,9761,9730,3343364,258,1,0,257,362
2020-06-19,US,California,San Francisco,3057,47,0,37.75215114,-122.4385672,6075.0,346.7759591355671,1.537455021262676,3010,3020,47,0,2973,2982,883305,37,0,0,37,38
2020-06-19,US,California,San Joaquin,1926,48,0,37.93433732,-121.2730061,6077.0,252.7068233466466,2.4922118380062304,1878,1927,47,0,1880,1888,752660,-1,1,0,-2,39
2020-06-19,US,California,San Luis Obispo,404,1,0,35.38822029,-120.4039028,6079.0,142.70021299066445,0.2475247524752475,403,389,1,0,388,376,284010,15,0,0,15,13
2020-06-19,US,California,San Mateo,2721,103,0,37.4228808,-122.32755459999998,6081.0,354.95640989181715,3.7853730246232997,2618,2678,99,0,2579,2653,769545,43,4,0,39,25
2020-06-19,US,California,Santa Barbara,2319,22,0,34.65329488,-120.0188492,6083.0,519.3740635477346,0.9486847779215178,2297,2253,22,0,2231,2115,446527,66,0,0,66,138
2020-06-19,US,California,Santa Clara,3398,152,0,37.23104908,-121.6970462,6085.0,176.25834348279847,4.473219540906416,3246,3363,152,0,3211,3288,1937570,35,0,0,35,75
2020-06-19,US,California,Santa Cruz,283,2,0,37.05580291,-122.0066524,6087.0,103.58218679199015,0.7067137809187279,281,273,2,0,271,269,274255,10,0,0,10,4
2020-06-19,US,California,Shasta,76,4,0,40.76391419,-122.0396884,6089.0,42.203465126610396,5.2631578947368425,72,62,4,0,58,51,180040,14,0,0,14,11
2020-06-19,US,California,Sierra,1,0,0,39.57713498,-120.52007009999998,6091.0,33.277870216306155,0.0,1,1,0,0,1,1,2987,0,0,0,0,0
2020-06-19,US,California,Siskiyou,21,0,0,41.59198861,-122.54074340000001,6093.0,48.232619031213396,0.0,21,21,0,0,21,20,43724,0,0,0,0,1
2020-06-19,US,California,Solano,860,23,0,38.26827353,-121.9357113,6095.0,192.11737925087627,2.6744186046511627,837,811,23,0,788,687,446610,49,0,0,49,124
2020-06-19,US,California,Sonoma,822,4,0,38.52746429,-122.8862506,6097.0,166.28366131538064,0.4866180048661801,818,803,4,0,799,774,499942,19,0,0,19,29
2020-06-19,US,California,Stanislaus,1473,35,0,37.55862499,-120.9970722,6099.0,267.4971851959466,2.3761031907671417,1438,1322,35,0,1287,1267,549815,151,0,0,151,55
2020-06-19,US,California,Sutter,99,3,0,39.03417539,-121.6945899,6101.0,102.09237813366884,3.0303030303030303,96,97,3,0,94,89,96807,2,0,0,2,8
2020-06-19,US,California,Tehama,34,1,0,40.12570935,-122.2370171,6103.0,52.240181918751155,2.9411764705882355,33,32,1,0,31,28,63916,2,0,0,2,4
2020-06-19,US,California,Trinity,2,0,0,40.64917670000001,-123.114713,6105.0,16.28001628001628,0.0,2,2,0,0,2,2,12535,0,0,0,0,0
2020-06-19,US,California,Tulare,3046,111,0,36.22026558,-118.8020203,6107.0,653.3746608178981,3.6441234405778067,2935,3004,107,0,2897,2881,465861,42,4,0,38,123
2020-06-19,US,California,Tuolumne,9,0,0,38.02644018,-119.9525093,6109.0,16.520430265428246,0.0,9,9,0,0,9,9,54539,0,0,0,0,0
2020-06-19,US,California,Ventura,1835,42,0,34.44465746,-119.0910613,6111.0,216.90153497729332,2.2888283378746594,1793,1706,41,0,1665,1706,850967,129,1,0,128,0
2020-06-19,US,California,Yolo,310,24,0,38.68278902,-121.9018288,6113.0,140.58956916099774,7.741935483870968,286,302,24,0,278,265,220408,8,0,0,8,37
2020-06-19,US,California,Yuba,41,1,0,39.26255932,-121.3535644,6115.0,52.11776071592006,2.4390243902439024,40,39,1,0,38,37,78041,2,0,0,2,2
2020-06-19,US,Colorado,Adams,3852,150,0,39.87432092,-104.3362578,8001.0,744.4614733456896,3.894080996884736,3702,3819,149,0,3670,3791,511868,33,1,0,32,28
2020-06-19,US,Colorado,Alamosa,150,3,0,37.57250606,-105.7885451,8003.0,924.0436148586214,2.0,147,140,3,0,137,130,16683,10,0,0,10,10
2020-06-19,US,Colorado,Arapahoe,4905,339,0,39.64977461,-104.3353617,8005.0,747.041532767785,6.911314984709481,4566,4885,340,0,4545,4861,651215,20,-1,0,21,24
2020-06-19,US,Colorado,Archuleta,8,0,0,37.19474156,-107.04768670000001,8007.0,57.02473447858009,0.0,8,8,0,0,8,8,13765,0,0,0,0,0
2020-06-19,US,Colorado,Baca,12,0,0,37.31940883,-102.5603223,8009.0,335.1019268360793,0.0,12,12,0,0,12,12,3585,0,0,0,0,0
2020-06-19,US,Colorado,Bent,3,0,0,37.95474293,-103.0720195,8011.0,53.79236148466918,0.0,3,3,0,0,3,3,5882,0,0,0,0,0
2020-06-19,US,Colorado,Boulder,1211,71,0,40.09313619,-105.3546767,8013.0,371.24918760499816,5.8629232039636685,1140,1173,70,0,1103,1137,326078,38,1,0,37,36
2020-06-19,US,Colorado,Broomfield,274,28,0,39.95998787,-105.0566324,8014.0,388.84552614773287,10.218978102189784,246,271,28,0,243,270,69267,3,0,0,3,1
2020-06-19,US,Colorado,Chaffee,78,20,0,38.74745778,-106.19265729999998,8015.0,383.1794065631754,25.64102564102564,58,78,20,0,58,78,20027,0,0,0,0,0
2020-06-19,US,Colorado,Cheyenne,5,0,0,38.82777431,-102.6032558,8017.0,273.07482250136536,0.0,5,5,0,0,5,5,1876,0,0,0,0,0
2020-06-19,US,Colorado,Clear Creek,18,1,0,39.68864463,-105.6463118,8019.0,185.56701030927837,5.5555555555555545,17,18,1,0,17,18,9605,0,0,0,0,0
2020-06-19,US,Colorado,Conejos,10,0,0,37.201606,-106.19174879999998,8021.0,121.8769043266301,0.0,10,7,0,0,7,7,8200,3,0,0,3,0
2020-06-19,US,Colorado,Costilla,17,0,0,37.27732493,-105.4276548,8023.0,437.35528685361464,0.0,17,17,0,0,17,15,3828,0,0,0,0,2
2020-06-19,US,Colorado,Crowley,68,1,0,38.32608609,-103.7844965,8025.0,1121.927074740142,1.4705882352941178,67,68,1,0,67,68,5858,0,0,0,0,0
2020-06-19,US,Colorado,Custer,2,0,0,38.10883162,-105.3683478,8027.0,39.463299131807425,0.0,2,2,0,0,2,2,4954,0,0,0,0,0
2020-06-19,US,Colorado,Delta,80,1,0,38.86246243,-107.86313419999999,8029.0,256.7229317758809,1.25,79,80,1,0,79,79,30953,0,0,0,0,1
2020-06-19,US,Colorado,Denver,6565,366,0,39.76018276,-104.87256950000001,8031.0,902.7641221048635,5.575019040365576,6199,6493,366,0,6127,6445,716492,72,0,0,72,48
2020-06-19,US,Colorado,Douglas,831,51,0,39.33133796,-104.930001,8035.0,236.6483081497007,6.137184115523466,780,825,50,0,775,820,342776,6,1,0,5,5
2020-06-19,US,Colorado,Eagle,639,8,0,39.62754308,-106.6933637,8037.0,1159.1416184446825,1.2519561815336464,631,633,8,0,625,632,54993,6,0,0,6,1
2020-06-19,US,Colorado,El Paso,2063,116,0,38.83240149,-104.5251411,8041.0,286.36749152904696,5.622879301987396,1947,2024,114,0,1910,2001,713856,39,2,0,37,23
2020-06-19,US,Colorado,Elbert,54,2,0,39.28656773,-104.13587209999999,8039.0,202.02776011074118,3.703703703703704,52,54,2,0,52,54,26282,0,0,0,0,0
2020-06-19,US,Colorado,Fremont,30,0,0,38.47362326,-105.43996670000001,8043.0,62.71034093522022,0.0,30,30,0,0,30,30,48021,0,0,0,0,0
2020-06-19,US,Colorado,Garfield,214,2,0,39.59921777,-107.902708,8045.0,356.3044238357669,0.9345794392523364,212,205,2,0,203,199,59770,9,0,0,9,6
2020-06-19,US,Colorado,Gilpin,6,0,0,39.85646523,-105.5252597,8047.0,96.10764055742432,0.0,6,6,0,0,6,6,6121,0,0,0,0,0
2020-06-19,US,Colorado,Grand,18,0,0,40.10603347,-106.11780420000001,8049.0,114.40193212152029,0.0,18,17,0,0,17,17,15525,1,0,0,1,0
2020-06-19,US,Colorado,Gunnison,182,6,0,38.66611652,-107.0320729,8051.0,1042.2632000916276,3.2967032967032965,176,181,6,0,175,182,17246,1,0,0,1,-1
2020-06-19,US,Colorado,Hinsdale,3,0,0,37.82247444,-107.3004345,8053.0,365.8536585365854,0.0,3,3,0,0,3,3,811,0,0,0,0,0
2020-06-19,US,Colorado,Huerfano,3,0,0,37.68473101,-104.9612585,8055.0,43.497172683775545,0.0,3,3,0,0,3,3,6889,0,0,0,0,0
2020-06-19,US,Colorado,Jefferson,2522,203,0,39.58635604,-105.2517692,8059.0,432.6783683118852,8.049167327517843,2319,2508,202,0,2306,2488,580233,14,1,0,13,20
2020-06-19,US,Colorado,Kit Carson,31,3,0,39.30497777,-102.60221990000001,8063.0,436.80428350007037,9.677419354838712,28,31,3,0,28,31,7163,0,0,0,0,0
2020-06-19,US,Colorado,La Plata,85,1,0,37.28632032,-107.8429014,8067.0,151.18905746962878,1.1764705882352942,84,86,1,0,85,85,56310,-1,0,0,-1,1
2020-06-19,US,Colorado,Lake,46,0,0,39.20278823,-106.35556969999999,8065.0,566.0145195028916,0.0,46,42,0,0,42,40,7824,4,0,0,4,2
2020-06-19,US,Colorado,Larimer,668,29,0,40.66671597,-105.4625784,8069.0,187.16779817259223,4.341317365269461,639,661,29,0,632,658,350518,7,0,0,7,3
2020-06-19,US,Colorado,Las Animas,7,0,0,37.3153406,-104.03764579999999,8071.0,48.25589411278092,0.0,7,7,0,0,7,7,14503,0,0,0,0,0
2020-06-19,US,Colorado,Lincoln,3,0,0,38.98749519,-103.51366490000001,8073.0,52.62234695667427,0.0,3,3,0,0,3,3,5610,0,0,0,0,0
2020-06-19,US,Colorado,Logan,635,5,0,40.7249637,-103.110817,8075.0,2833.682895265295,0.7874015748031497,630,634,5,0,629,634,21528,1,0,0,1,0
2020-06-19,US,Colorado,Mesa,78,0,0,39.01787888,-108.469799,8077.0,50.58037740743143,0.0,78,77,0,0,77,73,153207,1,0,0,1,4
2020-06-19,US,Colorado,Mineral,2,0,0,37.66954283,-106.92816979999999,8079.0,260.0780234070221,0.0,2,2,0,0,2,2,776,0,0,0,0,0
2020-06-19,US,Colorado,Moffat,9,0,0,40.61810999,-108.2070876,8081.0,67.75577806218476,0.0,9,9,0,0,9,8,13188,0,0,0,0,1
2020-06-19,US,Colorado,Montezuma,67,3,0,37.33859579,-108.59588570000001,8083.0,255.8912271321086,4.477611940298506,64,66,3,0,63,65,26158,1,0,0,1,1
2020-06-19,US,Colorado,Montrose,198,12,0,38.40214114,-108.26390220000002,8085.0,463.07123813087617,6.0606060606060606,186,198,12,0,186,198,42214,0,0,0,0,0
2020-06-19,US,Colorado,Morgan,649,46,0,40.26279810000001,-103.8093302,8087.0,2232.6957479014723,7.0878274268104775,603,647,46,0,601,646,28558,2,0,0,2,1
2020-06-19,US,Colorado,Otero,22,1,0,37.9014485,-103.7173385,8089.0,120.3632782580151,4.545454545454546,21,22,1,0,21,22,18432,0,0,0,0,0
2020-06-19,US,Colorado,Ouray,9,1,0,38.14717457,-107.7675136,8091.0,181.74474959612283,11.111111111111109,8,9,1,0,8,8,4833,0,0,0,0,1
2020-06-19,US,Colorado,Park,23,0,0,39.120926000000004,-105.7182065,8093.0,122.04828867073496,0.0,23,23,0,0,23,23,18556,0,0,0,0,0
2020-06-19,US,Colorado,Phillips,15,0,0,40.59414277,-102.3577703,8095.0,351.6998827667058,0.0,15,15,0,0,15,15,4286,0,0,0,0,0
2020-06-19,US,Colorado,Pitkin,80,2,0,39.21720112,-106.9310027,8097.0,450.2729779929082,2.5,78,78,2,0,76,75,17950,2,0,0,2,3
2020-06-19,US,Colorado,Prowers,16,0,0,37.95544985,-102.3926052,8099.0,131.44922773578705,0.0,16,16,0,0,16,16,12164,0,0,0,0,0
2020-06-19,US,Colorado,Pueblo,351,23,0,38.17359144,-104.5127437,8101.0,208.40260295444833,6.552706552706553,328,351,23,0,328,351,167529,0,0,0,0,0
2020-06-19,US,Colorado,Rio Blanco,2,0,0,39.97913541,-108.2179009,8103.0,31.625553447185325,0.0,2,2,0,0,2,2,6336,0,0,0,0,0
2020-06-19,US,Colorado,Rio Grande,62,0,0,37.5836865,-106.3847838,8105.0,550.2795775272921,0.0,62,57,0,0,57,55,11250,5,0,0,5,2
2020-06-19,US,Colorado,Routt,63,6,0,40.48596505,-106.9905548,8107.0,245.72899602153052,9.523809523809524,57,63,6,0,57,63,25733,0,0,0,0,0
2020-06-19,US,Colorado,Saguache,100,2,0,38.08054629,-106.28246599999999,8109.0,1465.4161781946073,2.0,98,98,2,0,96,99,6843,2,0,0,2,-1
2020-06-19,US,Colorado,San Juan,1,0,0,37.76248981,-107.67632890000002,8111.0,137.36263736263737,0.0,1,1,0,0,1,1,762,0,0,0,0,0
2020-06-19,US,Colorado,San Miguel,28,0,0,38.00450883,-108.4020725,8113.0,342.34013938134245,0.0,28,28,0,0,28,25,8191,0,0,0,0,3
2020-06-19,US,Colorado,Summit,262,3,0,39.63803232,-106.1150762,8117.0,844.8615007577955,1.1450381679389312,259,262,3,0,259,262,31007,0,0,0,0,0
2020-06-19,US,Colorado,Teller,39,2,0,38.88133511,-105.16148929999999,8119.0,153.61588151882782,5.128205128205129,37,39,2,0,37,39,25083,0,0,0,0,0
2020-06-19,US,Colorado,Washington,44,0,0,39.97015535,-103.202587,8121.0,896.4955175224122,0.0,44,44,0,0,44,44,4909,0,0,0,0,0
2020-06-19,US,Colorado,Weld,2705,136,0,40.55499405,-104.39296209999999,8123.0,833.6106899399678,5.027726432532347,2569,2698,136,0,2562,2693,314305,7,0,0,7,5
2020-06-19,US,Colorado,Yuma,49,0,0,40.00346839,-102.4258673,8125.0,489.0707655454637,0.0,49,49,0,0,49,49,10020,0,0,0,0,0
2020-06-19,US,Connecticut,Fairfield,16425,1355,0,41.26809896,-73.3881171,9001.0,1741.1685387541186,8.249619482496195,15070,16398,1352,0,15046,16381,943823,27,3,0,24,17
2020-06-19,US,Connecticut,Hartford,11358,1341,0,41.80283011,-72.73103891,9003.0,1273.7182075090836,11.806656101426306,10017,11322,1336,0,9986,11284,892697,36,5,0,31,38
2020-06-19,US,Connecticut,Litchfield,1448,135,0,41.7937534,-73.2451475,9005.0,802.9589703492983,9.323204419889503,1313,1447,135,0,1312,1444,181111,1,0,0,1,3
2020-06-19,US,Connecticut,Middlesex,1254,172,0,41.45949668,-72.53714864,9007.0,771.9963554876997,13.71610845295056,1082,1246,172,0,1074,1241,162682,8,0,0,8,5
2020-06-19,US,Connecticut,New Haven,12136,1056,0,41.4080325,-72.93620426,9009.0,1419.8187321074881,8.70138431114041,11080,12105,1052,0,11053,12089,857620,31,4,0,27,16
2020-06-19,US,Connecticut,New London,1203,101,0,41.48896435,-72.10430976,9011.0,453.60964684056916,8.395677472984206,1102,1288,101,0,1187,1285,266784,-85,0,0,-85,3
2020-06-19,US,Connecticut,Tolland,893,64,0,41.85853803,-72.3308481,9013.0,592.4854532546891,7.166853303471445,829,892,64,0,828,889,150921,1,0,0,1,3
2020-06-19,US,Connecticut,Unassigned,273,0,0,0.0,0.0,90009.0,0.0,0.0,273,270,0,0,270,345,,3,0,0,3,-75
2020-06-19,US,Connecticut,Windham,567,14,0,41.82972709,-71.98182316,9015.0,485.52002877155724,2.469135802469136,553,472,14,0,458,471,117027,95,0,0,95,1
2020-06-19,US,Delaware,Kent,1602,84,0,39.08646628,-75.56884914,10001.0,886.130563207328,5.243445692883896,1518,1584,84,0,1500,1579,178550,18,0,0,18,5
2020-06-19,US,Delaware,New Castle,4522,196,0,39.57992638,-75.64054974,10003.0,809.3021424493469,4.3343653250774,4326,4470,195,0,4275,4422,559335,52,1,0,51,48
2020-06-19,US,Delaware,Sussex,4470,153,0,38.66143781,-75.39031349,10005.0,1908.4213896894007,3.4228187919463084,4317,4431,152,0,4279,4429,229286,39,1,0,38,2
2020-06-19,US,Delaware,Unassigned,17,0,0,0.0,0.0,90010.0,0.0,0.0,17,14,0,0,14,14,,3,0,0,3,0
2020-06-19,US,District of Columbia,District of Columbia,9952,530,0,38.90417773,-77.01655992,11001.0,1410.1330643047315,5.32556270096463,9422,9903,527,0,9376,9847,702455,49,3,0,46,56
2020-06-19,US,Florida,Alachua,633,11,0,29.67866525,-82.35928158,12001.0,235.27837557565147,1.7377567140600316,622,600,11,0,589,580,269956,33,0,0,33,20
2020-06-19,US,Florida,Baker,39,4,0,30.33060121,-82.28467476,12003.0,133.51591920575146,10.256410256410255,35,35,4,0,31,35,28355,4,0,0,4,0
2020-06-19,US,Florida,Bay,175,4,0,30.26548745,-85.62122584,12005.0,100.16885607166368,2.2857142857142856,171,167,4,0,163,161,185287,8,0,0,8,6
2020-06-19,US,Florida,Bradford,58,2,0,29.95079741,-82.16611613,12007.0,205.6664657281657,3.4482758620689653,56,56,2,0,54,56,27732,2,0,0,2,0
2020-06-19,US,Florida,Brevard,748,16,0,28.29409504,-80.73091022,12009.0,124.264464018128,2.1390374331550803,732,688,16,0,672,650,596849,60,0,0,60,38
2020-06-19,US,Florida,Broward,10448,367,0,26.15184651,-80.48725556,12011.0,535.032656041803,3.512633996937213,10081,10111,365,0,9746,9812,1951260,337,2,0,335,299
2020-06-19,US,Florida,Calhoun,65,5,0,30.40666734,-85.19394153,12013.0,460.8294930875576,7.6923076923076925,60,65,5,0,60,66,14587,0,0,0,0,-1
2020-06-19,US,Florida,Charlotte,570,75,0,26.90131002,-81.92949121,12015.0,301.7309830077815,13.157894736842106,495,553,74,0,479,551,184998,17,1,0,16,2
2020-06-19,US,Florida,Citrus,168,12,0,28.84804315,-82.47614748,12017.0,112.25669363945556,7.142857142857142,156,162,12,0,150,157,147929,6,0,0,6,5
2020-06-19,US,Florida,Clay,468,32,0,29.98319144,-81.85609986,12019.0,213.4530129713754,6.837606837606838,436,456,32,0,424,450,216072,12,0,0,12,6
2020-06-19,US,Florida,Collier,2992,61,0,26.11091986,-81.34687065,12021.0,777.3407256912149,2.038770053475936,2931,2883,61,0,2822,2817,378488,109,0,0,109,66
2020-06-19,US,Florida,Columbia,205,3,0,30.22509788,-82.62160164,12023.0,285.96936640348184,1.4634146341463414,202,205,3,0,202,202,70503,0,0,0,0,3
2020-06-19,US,Florida,DeSoto,431,10,0,27.18677893,-81.80941373,12027.0,1134.1806794558038,2.320185614849188,421,412,10,0,402,406,37489,19,0,0,19,6
2020-06-19,US,Florida,Dixie,61,3,0,29.60631086,-83.15724673,12029.0,362.5341733032212,4.918032786885246,58,60,3,0,57,60,16700,1,0,0,1,0
2020-06-19,US,Florida,Duval,2484,60,0,30.33225875,-81.66976468,12031.0,259.35651601923246,2.415458937198068,2424,2309,60,0,2249,2194,950181,175,0,0,175,115
2020-06-19,US,Florida,Escambia,1127,41,0,30.67652764,-87.37284571,12033.0,354.0506917654155,3.637976929902396,1086,1089,40,0,1049,1052,315534,38,1,0,37,37
2020-06-19,US,Florida,Flagler,216,5,0,29.45933576,-81.31508595,12035.0,187.69388517652786,2.314814814814815,211,216,5,0,211,214,112067,0,0,0,0,2
2020-06-19,US,Florida,Franklin,2,0,0,29.83791238,-84.82731662,12037.0,16.49484536082474,0.0,2,2,0,0,2,2,11736,0,0,0,0,0
2020-06-19,US,Florida,Gadsden,319,6,0,30.57796289,-84.61915825,12039.0,698.6421375383267,1.8808777429467085,313,316,5,0,311,312,45894,3,1,0,2,4
2020-06-19,US,Florida,Gilchrist,75,0,0,29.72856978,-82.79880657,12041.0,403.61640297061666,0.0,75,74,0,0,74,73,18256,1,0,0,1,1
2020-06-19,US,Florida,Glades,121,1,0,26.95635849,-81.18996211,12043.0,876.1132430671204,0.8264462809917356,120,121,1,0,120,119,13724,0,0,0,0,2
2020-06-19,US,Florida,Gulf,11,0,0,29.93543004,-85.24270990000002,12045.0,80.65107412566906,0.0,11,11,0,0,11,11,16164,0,0,0,0,0
2020-06-19,US,Florida,Hamilton,285,2,0,30.49673973,-82.94998918,12047.0,1975.3257554754646,0.7017543859649122,283,281,2,0,279,279,14310,4,0,0,4,2
2020-06-19,US,Florida,Hardee,244,1,0,27.49293939,-81.80956574,12049.0,905.8172773508555,0.4098360655737705,243,228,1,0,227,221,27245,16,0,0,16,7
2020-06-19,US,Florida,Hendry,724,22,0,26.55386945,-81.16469006,12051.0,1722.907048688782,3.0386740331491717,702,700,21,0,679,675,41556,24,1,0,23,25
2020-06-19,US,Florida,Hernando,158,5,0,28.55364461,-82.42700204,12053.0,81.47689768976898,3.1645569620253164,153,151,5,0,146,147,190865,7,0,0,7,4
2020-06-19,US,Florida,Highlands,206,9,0,27.34254618,-81.34071957,12055.0,193.93528586626,4.368932038834951,197,200,9,0,191,197,105424,6,0,0,6,3
2020-06-19,US,Florida,Hillsborough,4982,109,0,27.9276559,-82.32013172,12057.0,338.45844474879885,2.187876354877559,4873,4610,105,0,4505,4273,1436888,372,4,0,368,337
2020-06-19,US,Florida,Holmes,45,0,0,30.86747479,-85.81319222,12059.0,229.3928735280624,0.0,45,33,0,0,33,32,19477,12,0,0,12,1
2020-06-19,US,Florida,Indian River,317,13,0,27.69308961,-80.60556721,12061.0,198.22039356440285,4.100946372239748,304,284,12,0,272,256,157413,33,1,0,32,28
2020-06-19,US,Florida,Jackson,329,2,0,30.7954597,-85.21500423,12063.0,708.8378506485112,0.6079027355623101,327,327,2,0,325,329,48305,2,0,0,2,-2
2020-06-19,US,Florida,Jefferson,36,4,0,30.43669112,-83.89442308,12065.0,252.70251298610137,11.111111111111109,32,36,4,0,32,36,14288,0,0,0,0,0
2020-06-19,US,Florida,Lafayette,18,0,0,29.98484137,-83.18166636,12067.0,213.72595582996914,0.0,18,16,0,0,16,15,8732,2,0,0,2,1
2020-06-19,US,Florida,Lake,646,19,0,28.76202069,-81.7125123,12069.0,175.96522099161578,2.9411764705882355,627,583,19,0,564,552,356495,63,0,0,63,31
2020-06-19,US,Florida,Lee,3475,139,0,26.58410348,-81.88399313,12071.0,450.96077355020975,4.0,3336,3354,138,0,3216,3187,754610,121,1,0,120,167
2020-06-19,US,Florida,Leon,508,8,0,30.45955727,-84.27491114,12073.0,173.03513158163648,1.5748031496062993,500,495,8,0,487,485,292502,13,0,0,13,10
2020-06-19,US,Florida,Levy,137,1,0,29.31829741,-82.74007147,12075.0,330.09661952148036,0.7299270072992701,136,132,1,0,131,131,40770,5,0,0,5,1
2020-06-19,US,Florida,Liberty,220,1,0,30.23766008,-84.8829258,12077.0,2633.4689968877187,0.4545454545454545,219,220,1,0,219,220,8457,0,0,0,0,0
2020-06-19,US,Florida,Madison,98,3,0,30.44396917,-83.47398594,12079.0,529.9302438760611,3.0612244897959178,95,93,3,0,90,86,18529,5,0,0,5,7
2020-06-19,US,Florida,Manatee,1649,124,0,27.47196942,-82.31831044,12081.0,408.92442213697115,7.519708914493632,1525,1548,122,0,1426,1523,394855,101,2,0,99,25
2020-06-19,US,Florida,Marion,365,10,0,29.21227113,-82.05803627,12083.0,99.84162109968024,2.7397260273972597,355,345,8,0,337,331,359977,20,2,0,18,14
2020-06-19,US,Florida,Martin,1421,19,0,27.0772071,-80.43109784,12085.0,882.6086956521739,1.3370865587614356,1402,1324,19,0,1305,1311,160912,97,0,0,97,13
2020-06-19,US,Florida,Miami-Dade,24376,864,0,25.6112362,-80.55170587,12086.0,897.1858046184309,3.54446997046275,23512,23854,859,0,22995,23273,2761581,522,5,0,517,581
2020-06-19,US,Florida,Monroe,150,4,0,25.20904673,-81.07812416,12087.0,202.0800775987498,2.6666666666666665,146,146,4,0,142,137,75027,4,0,0,4,9
2020-06-19,US,Florida,Nassau,101,1,0,30.61037141,-81.80297522,12089.0,113.96332863187588,0.99009900990099,100,97,1,0,96,96,85832,4,0,0,4,1
2020-06-19,US,Florida,Okaloosa,391,6,0,30.69143028,-86.59267105,12091.0,185.5384410974765,1.5345268542199488,385,366,6,0,360,351,207269,25,0,0,25,15
2020-06-19,US,Florida,Okeechobee,230,0,0,27.386336199999995,-80.88944347,12093.0,545.4372984253463,0.0,230,207,0,0,207,200,41537,23,0,0,23,7
2020-06-19,US,Florida,Orange,4274,48,0,28.51367621,-81.31799498,12095.0,306.72028889405584,1.1230697239120262,4226,3900,48,0,3852,3584,1380645,374,0,0,374,316
2020-06-19,US,Florida,Osceola,960,23,0,28.06312234,-81.14882926,12097.0,255.4883420137272,2.395833333333333,937,926,22,0,904,892,367990,34,1,0,33,34
2020-06-19,US,Florida,Palm Beach,10116,464,0,26.64676272,-80.46536002,12099.0,675.8553418360871,4.586793198892843,9652,9854,450,0,9404,9472,1485941,262,14,0,248,382
2020-06-19,US,Florida,Pasco,686,16,0,28.30810945,-82.40227529,12101.0,123.83856217291546,2.332361516034985,670,627,16,0,611,583,539630,59,0,0,59,44
2020-06-19,US,Florida,Pinellas,3153,113,0,27.93130349,-82.72239666,12103.0,323.3859420961727,3.5838883602917857,3040,2887,112,0,2775,2684,975280,266,1,0,265,203
2020-06-19,US,Florida,Polk,1856,77,0,27.95027105,-81.69732947,12105.0,256.07876629639185,4.148706896551723,1779,1702,76,0,1626,1634,708009,154,1,0,153,68
2020-06-19,US,Florida,Putnam,213,6,0,29.60779729,-81.74230285,12107.0,285.82547201459994,2.8169014084507036,207,209,6,0,203,205,74163,4,0,0,4,4
2020-06-19,US,Florida,Santa Rosa,330,9,0,30.69341450000001,-87.02458128,12113.0,179.04325793622806,2.727272727272727,321,319,9,0,310,305,179349,11,0,0,11,14
2020-06-19,US,Florida,Sarasota,868,92,0,27.18546175,-82.33174248,12115.0,200.1189647301852,10.599078341013826,776,833,92,0,741,803,426718,35,0,0,35,30
2020-06-19,US,Florida,Seminole,1101,14,0,28.7158582,-81.24060348,12117.0,233.3487344911048,1.2715712988192551,1087,976,14,0,962,876,467832,125,0,0,125,100
2020-06-19,US,Florida,St. Johns,398,7,0,29.90096506,-81.43589967,12109.0,150.37480353040743,1.7587939698492463,391,365,7,0,358,347,254261,33,0,0,33,18
2020-06-19,US,Florida,St. Lucie,1131,40,0,27.37763908,-80.47106649,12111.0,344.50512797862916,3.5366931918656057,1091,1057,40,0,1017,1037,321128,74,0,0,74,20
2020-06-19,US,Florida,Sumter,277,17,0,28.70181754,-82.0794267,12119.0,209.18290288476058,6.137184115523466,260,270,17,0,253,269,128754,7,0,0,7,1
2020-06-19,US,Florida,Suwannee,229,18,0,30.19746066,-82.99099670000003,12121.0,515.5683634644391,7.860262008733624,211,224,18,0,206,217,44191,5,0,0,5,7
2020-06-19,US,Florida,Taylor,62,0,0,30.04848048,-83.60445406,12123.0,287.44958041633834,0.0,62,62,0,0,62,62,21623,0,0,0,0,0
2020-06-19,US,Florida,Unassigned,113,0,0,0.0,0.0,90012.0,0.0,0.0,113,110,0,0,110,105,,3,0,0,3,5
2020-06-19,US,Florida,Union,39,2,0,30.04412971,-82.37497443,12125.0,255.9558968300847,5.128205128205129,37,38,1,0,37,38,14940,1,1,0,0,0
2020-06-19,US,Florida,Volusia,1117,53,0,29.05858895,-81.18263252,12127.0,201.88546930690205,4.744852282900626,1064,1057,51,0,1006,995,547538,60,2,0,58,62
2020-06-19,US,Florida,Wakulla,37,1,0,30.16548905,-84.39895211,12129.0,109.66537241767686,2.702702702702702,36,37,1,0,36,36,32461,0,0,0,0,1
2020-06-19,US,Florida,Walton,165,9,0,30.64204028,-86.16935664,12131.0,222.75924450864707,5.454545454545454,156,157,9,0,148,157,71375,8,0,0,8,0
2020-06-19,US,Florida,Washington,96,11,0,30.61359259,-85.66002461,12133.0,376.86962666352616,11.458333333333336,85,95,9,0,86,95,24880,1,2,0,-1,0
2020-06-19,US,Georgia,Appling,214,13,0,31.74847232,-82.28909114,13001.0,1163.9290764712282,6.074766355140188,201,208,13,0,195,208,18507,6,0,0,6,0
2020-06-19,US,Georgia,Atkinson,89,2,0,31.29633502,-82.87545866,13003.0,1090.018371096142,2.247191011235955,87,83,2,0,81,80,8297,6,0,0,6,3
2020-06-19,US,Georgia,Bacon,194,3,0,31.55456473,-82.45936528,13005.0,1737.7284127552848,1.5463917525773196,191,186,3,0,183,179,11185,8,0,0,8,7
2020-06-19,US,Georgia,Baker,36,3,0,31.32669878,-84.44218806,13007.0,1184.990125082291,8.333333333333334,33,36,3,0,33,37,3092,0,0,0,0,-1
2020-06-19,US,Georgia,Baldwin,435,33,0,33.06882326,-83.24701748,13009.0,969.0354199153487,7.586206896551723,402,433,33,0,400,431,44823,2,0,0,2,2
2020-06-19,US,Georgia,Banks,113,0,0,34.35607081,-83.49644388,13011.0,587.5012997816367,0.0,113,111,0,0,111,108,18988,2,0,0,2,3
2020-06-19,US,Georgia,Barrow,414,25,0,33.99148694,-83.71436292,13013.0,497.35703988467077,6.038647342995169,389,409,25,0,384,401,80809,5,0,0,5,8
2020-06-19,US,Georgia,Bartow,583,39,0,34.23732119,-84.83887523,13015.0,541.1275501680002,6.689536878216122,544,573,39,0,534,570,106408,10,0,0,10,3
2020-06-19,US,Georgia,Ben Hill,117,1,0,31.76095874,-83.22145359,13017.0,700.5988023952095,0.8547008547008547,116,113,1,0,112,109,16787,4,0,0,4,4
2020-06-19,US,Georgia,Berrien,86,0,0,31.27590016,-83.22529920000002,13019.0,443.3675310615043,0.0,86,83,0,0,83,80,19252,3,0,0,3,3
2020-06-19,US,Georgia,Bibb,590,37,0,32.80904227,-83.70489165,13021.0,385.2205877552086,6.271186440677966,553,583,37,0,546,570,153095,7,0,0,7,13
2020-06-19,US,Georgia,Bleckley,54,1,0,32.43829035,-83.33035166,13023.0,419.4826380797017,1.851851851851852,53,53,1,0,52,52,12838,1,0,0,1,1
2020-06-19,US,Georgia,Brantley,73,2,0,31.19576557,-81.97743999,13025.0,382.0189439531111,2.7397260273972597,71,72,2,0,70,71,18897,1,0,0,1,1
2020-06-19,US,Georgia,Brooks,109,11,0,30.83922642,-83.58303423,13027.0,705.1821181341787,10.091743119266058,98,106,11,0,95,100,15513,3,0,0,3,6
2020-06-19,US,Georgia,Bryan,94,5,0,32.00979311,-81.44002948,13029.0,237.2120019178843,5.319148936170213,89,90,5,0,85,89,38109,4,0,0,4,1
2020-06-19,US,Georgia,Bulloch,139,3,0,32.39577406,-81.74811421,13031.0,174.60556727967042,2.1582733812949644,136,119,3,0,116,115,77296,20,0,0,20,4
2020-06-19,US,Georgia,Burke,132,6,0,33.05917989,-81.99928721,13033.0,589.733279721217,4.545454545454546,126,128,6,0,122,127,22423,4,0,0,4,1
2020-06-19,US,Georgia,Butts,250,32,0,33.283094500000004,-83.95435040000002,13035.0,1002.566570420276,12.8,218,248,32,0,216,247,24193,2,0,0,2,1
2020-06-19,US,Georgia,Calhoun,155,6,0,31.53169785,-84.62725131,13037.0,2504.443367264501,3.870967741935484,149,154,6,0,148,152,6352,1,0,0,1,2
2020-06-19,US,Georgia,Camden,81,1,0,30.92951916,-81.66601818,13039.0,148.1725386894962,1.2345679012345678,80,76,1,0,75,75,53677,5,0,0,5,1
2020-06-19,US,Georgia,Candler,20,0,0,32.40209349,-82.07702563,13043.0,185.13375914097932,0.0,20,19,0,0,19,18,10836,1,0,0,1,1
2020-06-19,US,Georgia,Carroll,627,40,0,33.58138199,-85.07976677,13045.0,522.5348356557104,6.379585326953747,587,621,40,0,581,619,118121,6,0,0,6,2
2020-06-19,US,Georgia,Catoosa,272,6,0,34.89872298,-85.13757014,13047.0,402.4859425865641,2.2058823529411766,266,256,6,0,250,254,67420,16,0,0,16,2
2020-06-19,US,Georgia,Charlton,38,2,0,30.78371028,-82.13951596,13049.0,283.7514934289128,5.2631578947368425,36,36,2,0,34,36,12968,2,0,0,2,0
2020-06-19,US,Georgia,Chatham,743,32,0,32.00043026,-81.12489526,13051.0,256.7114673668936,4.306864064602961,711,685,31,0,654,684,289195,58,1,0,57,1
2020-06-19,US,Georgia,Chattahoochee,305,1,0,32.34341231,-84.78809239,13053.0,2796.3693041166225,0.3278688524590164,304,305,1,0,304,304,10684,0,0,0,0,1
2020-06-19,US,Georgia,Chattooga,49,2,0,34.47197698,-85.34535662,13055.0,197.66832062608412,4.081632653061225,47,46,2,0,44,43,24790,3,0,0,3,3
2020-06-19,US,Georgia,Cherokee,1079,39,0,34.24393976,-84.47431861,13057.0,416.96776711635295,3.614457831325301,1040,1064,39,0,1025,1058,254149,15,0,0,15,6
2020-06-19,US,Georgia,Clarke,374,15,0,33.95436462,-83.37124007,13059.0,291.43387022621187,4.0106951871657746,359,363,15,0,348,361,127330,11,0,0,11,2
2020-06-19,US,Georgia,Clay,56,2,0,31.62221166,-84.97713865,13061.0,1976.0056457304165,3.571428571428572,54,55,2,0,53,53,2887,1,0,0,1,2
2020-06-19,US,Georgia,Clayton,1550,76,0,33.54187245,-84.35594188,13063.0,530.3569473338443,4.903225806451613,1474,1518,75,0,1443,1495,289615,32,1,0,31,23
2020-06-19,US,Georgia,Clinch,85,2,0,30.91395822,-82.70432472,13065.0,1284.3759443940767,2.3529411764705883,83,83,2,0,81,80,6648,2,0,0,2,3
2020-06-19,US,Georgia,Cobb,3807,229,0,33.94243204,-84.5761255,13067.0,500.82813583269416,6.015235093249277,3578,3751,224,0,3527,3712,756865,56,5,0,51,39
2020-06-19,US,Georgia,Coffee,399,15,0,31.54892966,-82.85492059999999,13069.0,922.0530122709309,3.7593984962406015,384,380,15,0,365,369,43093,19,0,0,19,11
2020-06-19,US,Georgia,Colquitt,722,17,0,31.18810588,-83.7677946,13071.0,1583.333333333333,2.3545706371191137,705,713,17,0,696,708,45592,9,0,0,9,5
2020-06-19,US,Georgia,Columbia,335,8,0,33.54534185,-82.263524,13073.0,213.76520285360596,2.388059701492537,327,329,8,0,321,324,154291,6,0,0,6,5
2020-06-19,US,Georgia,Cook,89,1,0,31.16068491,-83.42947229,13075.0,515.3445280833815,1.1235955056179776,88,86,1,0,85,82,17162,3,0,0,3,4
2020-06-19,US,Georgia,Coweta,548,14,0,33.35334302,-84.76129976,13077.0,369.00120531415604,2.554744525547445,534,538,14,0,524,526,145864,10,0,0,10,12
2020-06-19,US,Georgia,Crawford,34,0,0,32.71391813,-83.98061238,13079.0,274.1051273782651,0.0,34,32,0,0,32,32,12318,2,0,0,2,0
2020-06-19,US,Georgia,Crisp,257,11,0,31.92289565,-83.76811843,13081.0,1148.757375290542,4.280155642023346,246,255,11,0,244,249,22601,2,0,0,2,6
2020-06-19,US,Georgia,Dade,57,1,0,34.854916700000004,-85.50490424,13083.0,353.68577810871176,1.7543859649122806,56,54,1,0,53,52,16226,3,0,0,3,2
2020-06-19,US,Georgia,Dawson,124,3,0,34.44244079,-84.16964071,13085.0,474.9502068331546,2.419354838709677,121,123,3,0,120,121,25083,1,0,0,1,2
2020-06-19,US,Georgia,DeKalb,4637,164,0,33.76944049,-84.22396017,13089.0,610.6964731850646,3.5367694630148803,4473,4541,158,0,4383,4489,756558,96,6,0,90,52
2020-06-19,US,Georgia,Decatur,242,8,0,30.87967778,-84.57619536,13087.0,916.5277988183608,3.3057851239669422,234,239,8,0,231,235,26575,3,0,0,3,4
2020-06-19,US,Georgia,Dodge,62,2,0,32.17265114,-83.16948926,13091.0,300.897840330017,3.2258064516129035,60,62,2,0,60,62,20705,0,0,0,0,0
2020-06-19,US,Georgia,Dooly,194,12,0,32.15630737,-83.79746561,13093.0,1448.8424197162065,6.185567010309278,182,194,12,0,182,193,13706,0,0,0,0,1
2020-06-19,US,Georgia,Dougherty,1844,151,0,31.53328528,-84.21722377,13095.0,2096.502796852972,8.188720173535792,1693,1836,151,0,1685,1845,91243,8,0,0,8,-9
2020-06-19,US,Georgia,Douglas,708,34,0,33.70291126,-84.77026156,13097.0,483.7949201533384,4.8022598870056505,674,698,34,0,664,682,145331,10,0,0,10,16
2020-06-19,US,Georgia,Early,256,31,0,31.32155345,-84.90255207,13099.0,2512.2669283611385,12.109375,225,252,31,0,221,256,10247,4,0,0,4,-4
2020-06-19,US,Georgia,Echols,168,0,0,30.71101099,-82.89687287,13101.0,4193.709435846231,0.0,168,165,0,0,165,164,4000,3,0,0,3,1
2020-06-19,US,Georgia,Effingham,95,1,0,32.36616021,-81.34280942,13103.0,147.75413711583926,1.0526315789473684,94,91,1,0,90,88,62190,4,0,0,4,3
2020-06-19,US,Georgia,Elbert,89,0,0,34.11302332,-82.83936148,13105.0,463.6865687193914,0.0,89,88,0,0,88,87,19120,1,0,0,1,1
2020-06-19,US,Georgia,Emanuel,55,2,0,32.59221302,-82.30239915,13107.0,242.86849774794663,3.636363636363636,53,52,2,0,50,47,22612,3,0,0,3,5
2020-06-19,US,Georgia,Evans,15,0,0,32.15328841,-81.8870105,13109.0,140.79219072648772,0.0,15,12,0,0,12,11,10721,3,0,0,3,1
2020-06-19,US,Georgia,Fannin,74,1,0,34.86430205,-84.316964,13111.0,282.57217045975256,1.351351351351351,73,73,1,0,72,70,25964,1,0,0,1,3
2020-06-19,US,Georgia,Fayette,278,16,0,33.41357794,-84.49089434,13113.0,242.96239326697025,5.755395683453237,262,271,16,0,255,271,113459,7,0,0,7,0
2020-06-19,US,Georgia,Floyd,399,15,0,34.26268279,-85.21577392,13115.0,405.084367195273,3.7593984962406015,384,387,15,0,372,380,97927,12,0,0,12,7
2020-06-19,US,Georgia,Forsyth,638,14,0,34.22604035,-84.12315129999998,13117.0,261.20564007664217,2.19435736677116,624,627,14,0,613,616,236612,11,0,0,11,11
2020-06-19,US,Georgia,Franklin,154,1,0,34.37525597,-83.23159927,13119.0,659.5571544819908,0.6493506493506493,153,146,1,0,145,144,23023,8,0,0,8,2
2020-06-19,US,Georgia,Fulton,5400,304,0,33.79216944,-84.46319413,13121.0,507.5488492269749,5.62962962962963,5096,5325,301,0,5024,5292,1050114,75,3,0,72,33
2020-06-19,US,Georgia,Gilmer,177,2,0,34.69316688,-84.45802506,13123.0,564.2513309318117,1.1299435028248588,175,175,2,0,173,176,30816,2,0,0,2,-1
2020-06-19,US,Georgia,Glascock,2,0,0,33.22879932,-82.61297636,13125.0,67.31740154830024,0.0,2,2,0,0,2,2,2995,0,0,0,0,0
2020-06-19,US,Georgia,Glynn,253,3,0,31.23279254,-81.53811412,13127.0,296.6280542137598,1.1857707509881423,250,214,3,0,211,208,85219,39,0,0,39,6
2020-06-19,US,Georgia,Gordon,283,18,0,34.50487351,-84.87296253,13129.0,488.24249952555937,6.36042402826855,265,273,18,0,255,267,57685,10,0,0,10,6
2020-06-19,US,Georgia,Grady,158,4,0,30.87454847,-84.23418364,13131.0,641.4159866845289,2.5316455696202533,154,153,4,0,149,146,24748,5,0,0,5,7
2020-06-19,US,Georgia,Greene,88,9,0,33.5769205,-83.17139104,13133.0,480.2444881030343,10.227272727272727,79,87,8,0,79,87,17698,1,1,0,0,0
2020-06-19,US,Georgia,Gwinnett,5958,161,0,33.96044201,-84.02137802,13135.0,636.3684913217622,2.7022490768714333,5797,5753,159,0,5594,5658,927781,205,2,0,203,95
2020-06-19,US,Georgia,Habersham,630,34,0,34.63331566,-83.53094677,13137.0,1389.8693963995763,5.396825396825397,596,624,33,0,591,612,45388,6,1,0,5,12
2020-06-19,US,Georgia,Hall,2901,58,0,34.32207823,-83.81896936,13139.0,1418.9912982229594,1.9993105825577384,2843,2874,58,0,2816,2822,202148,27,0,0,27,52
2020-06-19,US,Georgia,Hancock,203,31,0,33.2721566,-82.99766919,13141.0,2400.3783847700133,15.270935960591133,172,203,30,0,173,203,8348,0,1,0,-1,0
2020-06-19,US,Georgia,Haralson,62,4,0,33.79602175,-85.21005667,13143.0,208.10955961331902,6.451612903225807,58,62,4,0,58,61,29533,0,0,0,0,1
2020-06-19,US,Georgia,Harris,240,8,0,32.73709786,-84.90538572,13145.0,681.1215802020661,3.333333333333333,232,232,8,0,224,226,34475,8,0,0,8,6
2020-06-19,US,Georgia,Hart,47,0,0,34.34626973,-82.96567682,13147.0,179.3550849074604,0.0,47,46,0,0,46,44,26099,1,0,0,1,2
2020-06-19,US,Georgia,Heard,45,3,0,33.29686567,-85.12886832,13149.0,377.4217898179989,6.666666666666668,42,45,3,0,42,45,11879,0,0,0,0,0
2020-06-19,US,Georgia,Henry,920,31,0,33.4533428,-84.14814659999998,13151.0,392.2220659018337,3.3695652173913038,889,905,31,0,874,886,230220,15,0,0,15,19
2020-06-19,US,Georgia,Houston,481,20,0,32.45802497,-83.66879087,13153.0,304.69457694329896,4.158004158004158,461,479,20,0,459,470,155469,2,0,0,2,9
2020-06-19,US,Georgia,Irwin,45,1,0,31.60213036,-83.27501387,13155.0,477.9099405267629,2.2222222222222223,44,42,1,0,41,41,9398,3,0,0,3,1
2020-06-19,US,Georgia,Jackson,294,7,0,34.13794553,-83.56814788,13157.0,402.86665661783854,2.380952380952381,287,283,7,0,276,276,70422,11,0,0,11,7
2020-06-19,US,Georgia,Jasper,61,1,0,33.31535543,-83.68844964,13159.0,429.0034460932555,1.639344262295082,60,61,1,0,60,59,14040,0,0,0,0,2
2020-06-19,US,Georgia,Jeff Davis,71,2,0,31.80405727,-82.63724870000001,13161.0,469.73205425074434,2.8169014084507036,69,66,2,0,64,64,15029,5,0,0,5,2
2020-06-19,US,Georgia,Jefferson,66,1,0,33.05867328,-82.41609057,13163.0,429.6315583908345,1.5151515151515151,65,63,1,0,62,61,15430,3,0,0,3,2
2020-06-19,US,Georgia,Jenkins,72,9,0,32.79248718,-81.96040187,13165.0,829.8755186721993,12.5,63,62,9,0,53,49,8683,10,0,0,10,13
2020-06-19,US,Georgia,Johnson,80,2,0,32.70211082,-82.66166794,13167.0,829.6173390023853,2.5,78,78,2,0,76,78,9708,2,0,0,2,0
2020-06-19,US,Georgia,Jones,51,0,0,33.02512137,-83.56019163,13169.0,177.4839046459022,0.0,51,51,0,0,51,51,28616,0,0,0,0,0
2020-06-19,US,Georgia,Lamar,86,5,0,33.07841647,-84.14263877,13171.0,450.80463385228285,5.813953488372092,81,85,5,0,80,84,19000,1,0,0,1,1
2020-06-19,US,Georgia,Lanier,111,2,0,31.03828570000001,-83.06472457,13173.0,1064.9525088746043,1.8018018018018016,109,108,2,0,106,102,10340,3,0,0,3,6
2020-06-19,US,Georgia,Laurens,129,1,0,32.46325233,-82.92221316,13175.0,271.3161990493417,0.7751937984496124,128,125,1,0,124,121,47325,4,0,0,4,4
2020-06-19,US,Georgia,Lee,377,22,0,31.779330600000005,-84.14324253,13177.0,1257.001867164577,5.835543766578248,355,374,22,0,352,372,29764,3,0,0,3,2
2020-06-19,US,Georgia,Liberty,100,1,0,31.82588896,-81.49251135,13179.0,162.7736632212908,1.0,99,98,1,0,97,97,61497,2,0,0,2,1
2020-06-19,US,Georgia,Lincoln,19,1,0,33.79201475,-82.45024131,13181.0,239.86870344653454,5.2631578947368425,18,18,1,0,17,18,7915,1,0,0,1,0
2020-06-19,US,Georgia,Long,28,1,0,31.75218791,-81.74952375,13183.0,143.1566030983179,3.571428571428572,27,27,1,0,26,27,18998,1,0,0,1,0
2020-06-19,US,Georgia,Lowndes,844,4,0,30.83568832,-83.27056716,13185.0,718.872970716999,0.4739336492890995,840,813,4,0,809,758,116321,31,0,0,31,55
2020-06-19,US,Georgia,Lumpkin,117,2,0,34.57286511,-84.00425681,13187.0,348.1106813448379,1.709401709401709,115,116,1,0,115,110,32955,1,1,0,0,6
2020-06-19,US,Georgia,Macon,112,8,0,32.35207048,-84.04234127,13193.0,865.0652660848073,7.142857142857142,104,112,8,0,104,112,13143,0,0,0,0,0
2020-06-19,US,Georgia,Madison,77,4,0,34.12920917,-83.21218732,13195.0,257.69745649263723,5.194805194805196,73,75,2,0,73,75,29650,2,2,0,0,0
2020-06-19,US,Georgia,Marion,69,3,0,32.3483402,-84.52733571,13197.0,825.4575906208878,4.3478260869565215,66,68,3,0,65,66,8351,1,0,0,1,2
2020-06-19,US,Georgia,McDuffie,78,5,0,33.47851918,-82.48252774,13189.0,365.990990990991,6.410256410256411,73,76,5,0,71,76,21531,2,0,0,2,0
2020-06-19,US,Georgia,McIntosh,22,1,0,31.49683595,-81.40163426,13191.0,153.0115454166087,4.545454545454546,21,20,1,0,19,19,14340,2,0,0,2,1
2020-06-19,US,Georgia,Meriwether,144,2,0,33.04163534,-84.68859732,13199.0,680.3042471772097,1.3888888888888888,142,139,3,0,136,135,21068,5,-1,0,6,4
2020-06-19,US,Georgia,Miller,45,0,0,31.16568912,-84.73151117,13201.0,786.9884575026233,0.0,45,45,0,0,45,45,5686,0,0,0,0,0
2020-06-19,US,Georgia,Mitchell,432,38,0,31.22483255,-84.19381821,13205.0,1975.9410876823856,8.796296296296298,394,432,39,0,393,433,22192,0,-1,0,1,-1
2020-06-19,US,Georgia,Monroe,135,15,0,33.014289,-83.92097166,13207.0,489.52063238813554,11.111111111111109,120,135,15,0,120,135,27520,0,0,0,0,0
2020-06-19,US,Georgia,Montgomery,24,0,0,32.17201038,-82.53527476,13209.0,261.6659398168338,0.0,24,24,0,0,24,23,9193,0,0,0,0,1
2020-06-19,US,Georgia,Morgan,44,0,0,33.59232073,-83.49129491,13211.0,228.26312512969497,0.0,44,42,0,0,42,42,18853,2,0,0,2,0
2020-06-19,US,Georgia,Murray,163,1,0,34.78897608,-84.74993177,13213.0,406.52434158020753,0.6134969325153374,162,155,1,0,154,152,39921,8,0,0,8,3
2020-06-19,US,Georgia,Muscogee,1146,34,0,32.50931999,-84.87142262,13215.0,585.3837941655728,2.9668411867364752,1112,1113,33,0,1080,1099,194160,33,1,0,32,14
2020-06-19,US,Georgia,Newton,466,11,0,33.55514538,-83.84547140000002,13217.0,417.024627720504,2.360515021459228,455,452,11,0,441,440,109541,14,0,0,14,12
2020-06-19,US,Georgia,Oconee,131,10,0,33.83749973,-83.43679568,13219.0,325.2234359483615,7.633587786259542,121,131,10,0,121,131,39272,0,0,0,0,0
2020-06-19,US,Georgia,Oglethorpe,80,7,0,33.878629600000004,-83.08278123,13221.0,524.2807523428796,8.75,73,77,7,0,70,77,15054,3,0,0,3,0
2020-06-19,US,Georgia,Out of GA,2892,40,0,0.0,0.0,80013.0,0.0,1.3831258644536653,2852,2872,40,0,2832,2813,,20,0,0,20,59
2020-06-19,US,Georgia,Paulding,453,14,0,33.91969522,-84.86848792,13223.0,268.5765443151298,3.0905077262693155,439,437,14,0,423,425,164044,16,0,0,16,12
2020-06-19,US,Georgia,Peach,92,9,0,32.56934316,-83.82937,13225.0,333.98678574021636,9.782608695652174,83,92,9,0,83,92,27297,0,0,0,0,0
2020-06-19,US,Georgia,Pickens,78,5,0,34.46589159,-84.46406611,13227.0,239.32987634623055,6.410256410256411,73,75,4,0,71,73,31980,3,1,0,2,2
2020-06-19,US,Georgia,Pierce,134,4,0,31.35928155,-82.21598442,13229.0,688.4151040328795,2.985074626865672,130,132,4,0,128,132,19389,2,0,0,2,0
2020-06-19,US,Georgia,Pike,81,3,0,33.09310242,-84.38790389,13231.0,427.1701297331505,3.703703703703704,78,76,3,0,73,76,18634,5,0,0,5,0
2020-06-19,US,Georgia,Polk,178,1,0,34.00267074,-85.18677781,13233.0,417.7129045127074,0.5617977528089888,177,175,1,0,174,174,42470,3,0,0,3,1
2020-06-19,US,Georgia,Pulaski,46,2,0,32.23334561,-83.47549959999998,13235.0,413.0376223399479,4.3478260869565215,44,46,2,0,44,46,11069,0,0,0,0,0
2020-06-19,US,Georgia,Putnam,113,11,0,33.32056115,-83.37552891,13237.0,510.87300510873007,9.734513274336283,102,112,11,0,101,112,21809,1,0,0,1,0
2020-06-19,US,Georgia,Quitman,15,1,0,31.86728114,-85.01773177,13239.0,652.4575902566334,6.666666666666668,14,15,1,0,14,14,2279,0,0,0,0,1
2020-06-19,US,Georgia,Rabun,33,4,0,34.88389445,-83.40304637,13241.0,192.5657933127152,12.12121212121212,29,33,4,0,29,33,16867,0,0,0,0,0
2020-06-19,US,Georgia,Randolph,194,23,0,31.76622818,-84.75732369,13243.0,2862.2012393036293,11.855670103092784,171,193,23,0,170,191,6833,1,0,0,1,2
2020-06-19,US,Georgia,Richmond,736,42,0,33.35777107,-82.07026432,13245.0,363.42448572472574,5.706521739130435,694,711,41,0,670,703,201554,25,1,0,24,8
2020-06-19,US,Georgia,Rockdale,359,9,0,33.65145002,-84.02202167,13247.0,394.95687378982575,2.5069637883008355,350,353,9,0,344,353,90594,6,0,0,6,0
2020-06-19,US,Georgia,Schley,21,1,0,32.2654021,-84.31258912,13249.0,399.4673768308922,4.761904761904762,20,20,1,0,19,20,5236,1,0,0,1,0
2020-06-19,US,Georgia,Screven,74,4,0,32.74976524,-81.60779441,13251.0,529.8582271230132,5.405405405405406,70,71,4,0,67,66,13938,3,0,0,3,5
2020-06-19,US,Georgia,Seminole,48,2,0,30.93464824,-84.86823924,13253.0,593.3250927070458,4.166666666666667,46,48,2,0,46,48,8315,0,0,0,0,0
2020-06-19,US,Georgia,Spalding,338,31,0,33.26310031,-84.28013991,13255.0,506.72383550964724,9.171597633136097,307,336,31,0,305,332,66100,2,0,0,2,4
2020-06-19,US,Georgia,Stephens,163,5,0,34.55151201,-83.29405315,13257.0,628.7367405978785,3.0674846625766867,158,160,5,0,155,161,26035,3,0,0,3,-1
2020-06-19,US,Georgia,Stewart,82,1,0,32.07996777,-84.83208037,13259.0,1238.483612747319,1.2195121951219512,81,71,1,0,70,70,6199,11,0,0,11,1
2020-06-19,US,Georgia,Sumter,531,49,0,32.03650571,-84.19821492,13261.0,1798.5367836336538,9.227871939736346,482,529,49,0,480,526,29733,2,0,0,2,3
2020-06-19,US,Georgia,Talbot,53,2,0,32.69642758,-84.53351366,13263.0,855.5286521388216,3.7735849056603774,51,53,2,0,51,52,6272,0,0,0,0,1
2020-06-19,US,Georgia,Taliaferro,2,0,0,33.56543317,-82.88136816,13265.0,130.1236174365647,0.0,2,2,0,0,2,2,1608,0,0,0,0,0
2020-06-19,US,Georgia,Tattnall,77,0,0,32.04785085,-82.05539188,13267.0,304.516333148778,0.0,77,69,0,0,69,61,25391,8,0,0,8,8
2020-06-19,US,Georgia,Taylor,27,2,0,32.55792548,-84.25077141,13269.0,336.65835411471323,7.407407407407407,25,27,2,0,25,26,8039,0,0,0,0,1
2020-06-19,US,Georgia,Telfair,63,2,0,31.92829517,-82.93491155,13271.0,397.2257250945776,3.1746031746031744,61,61,2,0,59,58,15876,2,0,0,2,3
2020-06-19,US,Georgia,Terrell,217,27,0,31.77527543,-84.44069698,13273.0,2543.664283202438,12.442396313364055,190,217,27,0,190,220,8611,0,0,0,0,-3
2020-06-19,US,Georgia,Thomas,368,33,0,30.86392347,-83.91847289,13275.0,827.8778880115183,8.967391304347826,335,366,33,0,333,365,44448,2,0,0,2,1
2020-06-19,US,Georgia,Tift,494,25,0,31.45743864,-83.5236119,13277.0,1215.4315520125972,5.060728744939271,469,462,23,0,439,448,40571,32,2,0,30,14
2020-06-19,US,Georgia,Toombs,141,5,0,32.12059861,-82.32957247,13279.0,525.5311218784942,3.5460992907801416,136,137,5,0,132,129,26887,4,0,0,4,8
2020-06-19,US,Georgia,Towns,35,1,0,34.91369188,-83.74107459999998,13281.0,290.7701254465398,2.8571428571428568,34,35,1,0,34,35,11852,0,0,0,0,0
2020-06-19,US,Georgia,Treutlen,18,1,0,32.40422134,-82.56904553,13283.0,260.8317635125344,5.5555555555555545,17,17,1,0,16,17,6809,1,0,0,1,0
2020-06-19,US,Georgia,Troup,922,25,0,33.03349196,-85.02812115,13285.0,1318.612167844169,2.7114967462039044,897,863,24,0,839,844,70034,59,1,0,58,19
2020-06-19,US,Georgia,Turner,165,16,0,31.71612656,-83.62069378,13287.0,2066.374452097683,9.696969696969695,149,161,15,0,146,157,7912,4,1,0,3,4
2020-06-19,US,Georgia,Twiggs,23,1,0,32.67435595,-83.43078662,13289.0,283.25123152709364,4.3478260869565215,22,22,1,0,21,22,8188,1,0,0,1,0
2020-06-19,US,Georgia,Unassigned,886,2,0,0.0,0.0,90013.0,0.0,0.2257336343115124,884,1147,1,0,1146,1154,,-261,1,0,-262,-7
2020-06-19,US,Georgia,Union,56,3,0,34.82995757,-83.98967069,13291.0,228.46885072008487,5.357142857142857,53,56,3,0,53,56,24001,0,0,0,0,0
2020-06-19,US,Georgia,Upson,312,43,0,32.87920671,-84.30024826,13293.0,1185.410334346505,13.782051282051285,269,309,42,0,267,308,26215,3,1,0,2,1
2020-06-19,US,Georgia,Walker,276,5,0,34.73376362,-85.30165174,13295.0,395.63653043964393,1.8115942028985508,271,269,5,0,264,253,69410,7,0,0,7,16
2020-06-19,US,Georgia,Walton,343,25,0,33.78017694,-83.73552314,13297.0,362.6061125030394,7.288629737609329,318,340,25,0,315,335,93503,3,0,0,3,5
2020-06-19,US,Georgia,Ware,307,15,0,31.05449097,-82.42224148,13299.0,859.1257625790564,4.88599348534202,292,301,15,0,286,298,35680,6,0,0,6,3
2020-06-19,US,Georgia,Warren,19,0,0,33.41146451,-82.67795848,13301.0,361.6292348686714,0.0,19,19,0,0,19,19,5251,0,0,0,0,0
2020-06-19,US,Georgia,Washington,77,1,0,32.96711864,-82.79357039,13303.0,377.9326592716207,1.2987012987012987,76,77,1,0,76,76,20386,0,0,0,0,1
2020-06-19,US,Georgia,Wayne,44,0,0,31.5521809,-81.91894878,13305.0,147.02442610351855,0.0,44,44,0,0,44,41,29808,0,0,0,0,3
2020-06-19,US,Georgia,Webster,17,1,0,32.04066113,-84.54742852,13307.0,652.0905255082472,5.882352941176472,16,17,1,0,16,16,2611,0,0,0,0,1
2020-06-19,US,Georgia,Wheeler,34,0,0,32.12009104,-82.72574721,13309.0,432.84532145130487,0.0,34,33,0,0,33,28,7879,1,0,0,1,5
2020-06-19,US,Georgia,White,128,4,0,34.64624278,-83.74905525,13311.0,415.6114033378791,3.125,124,125,4,0,121,124,29970,3,0,0,3,1
2020-06-19,US,Georgia,Whitfield,726,10,0,34.80987459,-84.96093476,13313.0,693.8869136368851,1.3774104683195592,716,692,10,0,682,668,104062,34,0,0,34,24
2020-06-19,US,Georgia,Wilcox,120,15,0,31.97496928,-83.43438555,13315.0,1389.6931094383326,12.5,105,120,15,0,105,119,8812,0,0,0,0,1
2020-06-19,US,Georgia,Wilkes,43,1,0,33.78290391,-82.74286107,13317.0,439.80771197708907,2.3255813953488373,42,42,1,0,41,42,9876,1,0,0,1,0
2020-06-19,US,Georgia,Wilkinson,74,7,0,32.80291082,-83.17140684,13319.0,826.4462809917355,9.459459459459461,67,74,7,0,67,74,9036,0,0,0,0,0
2020-06-19,US,Georgia,Worth,278,21,0,31.55162306,-83.85090513,13321.0,1373.0429199387565,7.553956834532374,257,270,21,0,249,269,20299,8,0,0,8,1
2020-06-19,US,Hawaii,Hawaii,83,0,0,19.60121157,-155.5210167,15001.0,41.18840968076501,0.0,83,83,0,0,83,83,200983,0,0,0,0,0
2020-06-19,US,Hawaii,Honolulu,551,11,0,21.45803166,-157.97121819999995,15003.0,56.53816120661261,1.996370235934664,540,526,11,0,515,508,980080,25,0,0,25,18
2020-06-19,US,Hawaii,Kauai,22,0,0,22.03935037,-159.5966786,15007.0,30.431715380465608,0.0,22,21,0,0,21,21,72133,1,0,0,1,0
2020-06-19,US,Hawaii,Maui,121,6,0,20.86399628,-156.56890969999995,15009.0,72.2746196622804,4.958677685950414,115,120,6,0,114,120,167207,1,0,0,1,0
2020-06-19,US,Hawaii,Out of HI,12,0,0,0.0,0.0,80015.0,0.0,0.0,12,12,0,0,12,12,,0,0,0,0,0
2020-06-19,US,Idaho,Ada,1100,22,0,43.4526575,-116.24155159999998,16001.0,228.41148120692623,2.0,1078,1043,22,0,1021,986,469966,57,0,0,57,57
2020-06-19,US,Idaho,Adams,9,0,0,44.89333571,-116.4545247,16003.0,209.59478341872384,0.0,9,9,0,0,9,9,4250,0,0,0,0,0
2020-06-19,US,Idaho,Bannock,77,1,0,42.67002716,-112.2233311,16005.0,87.69132653061224,1.2987012987012987,76,74,1,0,73,69,87138,3,0,0,3,5
2020-06-19,US,Idaho,Benewah,21,0,0,47.21754179,-116.6586851,16009.0,225.85502258550227,0.0,21,20,0,0,20,20,9226,1,0,0,1,0
2020-06-19,US,Idaho,Bingham,27,0,0,43.21672879999999,-112.3978437,16011.0,57.67875072098438,0.0,27,27,0,0,27,26,46236,0,0,0,0,1
2020-06-19,US,Idaho,Blaine,518,5,0,43.4085812,-113.9752658,16013.0,2250.1194561487337,0.9652509652509652,513,517,5,0,512,515,22601,1,0,0,1,2
2020-06-19,US,Idaho,Bonner,11,0,0,48.29996017,-116.6017932,16017.0,24.049498240013996,0.0,11,10,0,0,10,10,44727,1,0,0,1,0
2020-06-19,US,Idaho,Bonneville,91,1,0,43.38713372,-111.6161537,16019.0,76.43076716332665,1.0989010989010992,90,91,1,0,90,90,116854,0,0,0,0,1
2020-06-19,US,Idaho,Camas,1,0,0,43.46665742,-114.8065892,16025.0,90.41591320072331,0.0,1,1,0,0,1,1,1127,0,0,0,0,0
2020-06-19,US,Idaho,Canyon,403,6,0,43.61970148,-116.7095499,16027.0,175.3325009027666,1.488833746898263,397,376,6,0,370,369,223499,27,0,0,27,7
2020-06-19,US,Idaho,Caribou,8,0,0,42.77149116,-111.5597683,16029.0,111.80992313067786,0.0,8,8,0,0,8,6,7060,0,0,0,0,2
2020-06-19,US,Idaho,Cassia,163,1,0,42.28347888,-113.6012409,16031.0,678.3187682064088,0.6134969325153374,162,158,1,0,157,152,23864,5,0,0,5,6
2020-06-19,US,Idaho,Custer,2,0,0,44.24186819,-114.2855494,16037.0,46.349942062572424,0.0,2,2,0,0,2,2,4280,0,0,0,0,0
2020-06-19,US,Idaho,Elmore,38,2,0,43.3507101,-115.4701578,16039.0,138.12656755479622,5.2631578947368425,36,37,2,0,35,37,27259,1,0,0,1,0
2020-06-19,US,Idaho,Franklin,18,0,0,42.18332217,-111.8149666,16041.0,129.72038051311614,0.0,18,17,0,0,17,17,13726,1,0,0,1,0
2020-06-19,US,Idaho,Fremont,4,0,0,44.22800938,-111.4809943,16043.0,30.536682189480114,0.0,4,4,0,0,4,4,13168,0,0,0,0,0
2020-06-19,US,Idaho,Gem,17,0,0,44.06482372,-116.398376,16045.0,93.86042402826857,0.0,17,17,0,0,17,17,17634,0,0,0,0,0
2020-06-19,US,Idaho,Gooding,60,1,0,42.96927962,-114.8108306,16047.0,395.28295671651625,1.6666666666666667,59,60,1,0,59,60,15196,0,0,0,0,0
2020-06-19,US,Idaho,Idaho,3,0,0,45.84721541,-115.4634436,16049.0,17.999640007199854,0.0,3,3,0,0,3,3,16513,0,0,0,0,0
2020-06-19,US,Idaho,Jefferson,11,0,0,43.82078483,-112.3131749,16051.0,36.82501422784641,0.0,11,11,0,0,11,11,29439,0,0,0,0,0
2020-06-19,US,Idaho,Jerome,216,3,0,42.68891267,-114.2655033,16053.0,884.8107488120596,1.3888888888888888,213,216,3,0,213,214,24015,0,0,0,0,2
2020-06-19,US,Idaho,Kootenai,115,1,0,47.67282258,-116.7020872,16055.0,69.40379125753634,0.8695652173913043,114,107,1,0,106,105,161505,8,0,0,8,2
2020-06-19,US,Idaho,Latah,8,0,0,46.81587887,-116.7113698,16057.0,19.94614540740002,0.0,8,8,0,0,8,8,40134,0,0,0,0,0
2020-06-19,US,Idaho,Lemhi,2,0,0,44.9438088,-113.9309747,16059.0,24.915908807773768,0.0,2,2,0,0,2,2,7961,0,0,0,0,0
2020-06-19,US,Idaho,Lincoln,35,0,0,43.0012336,-114.1358773,16063.0,652.2549385016772,0.0,35,35,0,0,35,35,5360,0,0,0,0,0
2020-06-19,US,Idaho,Madison,30,0,0,43.78141028,-111.65384740000002,16065.0,75.17478136667751,0.0,30,30,0,0,30,30,39304,0,0,0,0,0
2020-06-19,US,Idaho,Minidoka,115,0,0,42.85518524,-113.6357257,16067.0,546.6039260421122,0.0,115,113,0,0,113,109,20825,2,0,0,2,4
2020-06-19,US,Idaho,Nez Perce,84,19,0,46.32638236,-116.7500975,16069.0,207.87962779647597,22.619047619047624,65,84,19,0,65,84,40408,0,0,0,0,0
2020-06-19,US,Idaho,Owyhee,22,0,0,42.58016894,-116.1693871,16073.0,186.07798359130507,0.0,22,20,0,0,20,18,11693,2,0,0,2,2
2020-06-19,US,Idaho,Payette,40,2,0,44.00545243,-116.7647695,16075.0,167.0076405995574,5.0,38,32,2,0,30,30,23551,8,0,0,8,2
2020-06-19,US,Idaho,Power,14,0,0,42.69254894,-112.83957420000002,16077.0,182.26793386277828,0.0,14,14,0,0,14,9,7768,0,0,0,0,5
2020-06-19,US,Idaho,Teton,14,0,0,43.75303583,-111.2056773,16081.0,115.30225662987976,0.0,14,12,0,0,12,12,11640,2,0,0,2,0
2020-06-19,US,Idaho,Twin Falls,507,25,0,42.35440512,-114.6685381,16083.0,583.5769700039135,4.930966469428007,482,504,25,0,479,499,86081,3,0,0,3,5
2020-06-19,US,Idaho,Valley,3,0,0,44.76728382,-115.5676773,16085.0,26.33426966292135,0.0,3,3,0,0,3,3,11041,0,0,0,0,0
2020-06-19,US,Idaho,Washington,84,0,0,44.45275475,-116.7847688,16087.0,824.014125956445,0.0,84,78,0,0,78,70,10161,6,0,0,6,8
2020-06-19,US,Illinois,Adams,47,1,0,39.98815591,-91.18786813,17001.0,71.82700389699701,2.127659574468085,46,46,1,0,45,45,65691,1,0,0,1,1
2020-06-19,US,Illinois,Alexander,18,0,0,37.18049267,-89.32910838,17003.0,312.4457559451484,0.0,18,18,0,0,18,17,6060,0,0,0,0,1
2020-06-19,US,Illinois,Bond,12,1,0,38.88829622,-89.43534887,17005.0,73.0549129428954,8.333333333333334,11,12,1,0,11,12,16630,0,0,0,0,0
2020-06-19,US,Illinois,Boone,551,19,0,42.32359279,-88.82345779,17007.0,1029.0602121619604,3.4482758620689653,532,546,19,0,527,542,53577,5,0,0,5,4
2020-06-19,US,Illinois,Brown,10,0,0,39.96209138,-90.75068024,17009.0,152.02189115232594,0.0,10,10,0,0,10,10,6556,0,0,0,0,0
2020-06-19,US,Illinois,Bureau,24,1,0,41.40385234,-89.5283051,17011.0,73.55645457888929,4.166666666666667,23,24,1,0,23,24,32993,0,0,0,0,0
2020-06-19,US,Illinois,Calhoun,1,0,0,39.16840183,-90.66330078,17013.0,21.101498206372653,0.0,1,1,0,0,1,1,4802,0,0,0,0,0
2020-06-19,US,Illinois,Carroll,18,2,0,42.06823429,-89.93395545,17015.0,125.83012932541071,11.111111111111109,16,18,2,0,16,20,14312,0,0,0,0,-2
2020-06-19,US,Illinois,Cass,100,0,0,39.96991073,-90.24734436,17017.0,823.2485387338437,0.0,100,79,0,0,79,78,12260,21,0,0,21,1
2020-06-19,US,Illinois,Champaign,765,11,0,40.13919438,-88.20046615,17019.0,364.8260042253051,1.437908496732026,754,761,10,0,751,754,209983,4,1,0,3,7
2020-06-19,US,Illinois,Christian,42,4,0,39.54581621,-89.27780482,17021.0,130.0148588410104,9.523809523809524,38,42,4,0,38,39,32661,0,0,0,0,3
2020-06-19,US,Illinois,Clark,13,0,0,39.33425789,-87.78705622,17023.0,84.19143837834338,0.0,13,13,0,0,13,13,15596,0,0,0,0,0
2020-06-19,US,Illinois,Clay,2,0,0,38.75388572,-88.48914513,17025.0,15.169902912621357,0.0,2,3,0,0,3,2,13253,-1,0,0,-1,1
2020-06-19,US,Illinois,Clinton,220,17,0,38.60704876,-89.42385254,17027.0,585.698312123955,7.727272727272727,203,220,17,0,203,216,37639,0,0,0,0,4
2020-06-19,US,Illinois,Coles,146,17,0,39.51949084,-88.22358557,17029.0,288.41785029928286,11.643835616438356,129,146,17,0,129,145,50885,0,0,0,0,1
2020-06-19,US,Illinois,Cook,86551,4363,0,41.84144849,-87.81658794,17031.0,1680.525910186976,5.040958510011439,82188,86179,4333,0,81846,85858,5180493,372,30,0,342,321
2020-06-19,US,Illinois,Crawford,17,0,0,39.0032229,-87.75954624,17033.0,91.06980232495847,0.0,17,17,0,0,17,17,18807,0,0,0,0,0
2020-06-19,US,Illinois,Cumberland,10,0,0,39.27432424,-88.2401158,17035.0,92.88500835965077,0.0,10,10,0,0,10,10,10808,0,0,0,0,0
2020-06-19,US,Illinois,De Witt,4,0,0,40.17514519,-88.90959682,17039.0,25.57871850620284,0.0,4,4,0,0,4,4,15769,0,0,0,0,0
2020-06-19,US,Illinois,DeKalb,513,18,0,41.89373302,-88.76958483,17037.0,489.0511644756285,3.5087719298245608,495,505,18,0,487,499,104143,8,0,0,8,6
2020-06-19,US,Illinois,Douglas,42,0,0,39.76768052,-88.21854195,17041.0,215.77189827896225,0.0,42,40,0,0,40,39,19479,2,0,0,2,1
2020-06-19,US,Illinois,DuPage,8609,444,0,41.85116968,-88.08642662,17043.0,932.799232003606,5.157393425484957,8165,8574,443,0,8131,8546,928589,35,1,0,34,28
2020-06-19,US,Illinois,Edgar,6,0,0,39.6809186,-87.74759563,17045.0,34.962997494318515,0.0,6,3,0,0,3,2,17360,3,0,0,3,1
2020-06-19,US,Illinois,Edwards,2,0,0,38.41353228,-88.05720863,17047.0,31.27443315089914,0.0,2,2,0,0,2,2,6392,0,0,0,0,0
2020-06-19,US,Illinois,Effingham,12,1,0,39.05935711,-88.58969584,17049.0,35.28581510232886,8.333333333333334,11,12,1,0,11,9,34208,0,0,0,0,3
2020-06-19,US,Illinois,Fayette,23,3,0,39.00072038,-89.02452658,17051.0,107.79902512185976,13.043478260869565,20,23,3,0,20,23,21416,0,0,0,0,0
2020-06-19,US,Illinois,Ford,22,1,0,40.59706922,-88.22350769,17053.0,169.73998919836433,4.545454545454546,21,22,1,0,21,22,13264,0,0,0,0,0
2020-06-19,US,Illinois,Franklin,12,0,0,37.99189086,-88.92567818,17055.0,31.19394837401544,0.0,12,12,0,0,12,12,38701,0,0,0,0,0
2020-06-19,US,Illinois,Fulton,12,0,0,40.47289135,-90.20862357,17057.0,34.944670937682005,0.0,12,12,0,0,12,11,34844,0,0,0,0,1
2020-06-19,US,Illinois,Gallatin,2,0,0,37.76430935,-88.22953869,17059.0,41.42502071251035,0.0,2,2,0,0,2,2,5058,0,0,0,0,0
2020-06-19,US,Illinois,Greene,8,0,0,39.35907414,-90.388865,17061.0,61.68555786876398,0.0,8,8,0,0,8,8,13044,0,0,0,0,0
2020-06-19,US,Illinois,Grundy,140,3,0,41.28569601,-88.41905692,17063.0,274.21945391154463,2.142857142857143,137,139,3,0,136,133,50972,1,0,0,1,6
2020-06-19,US,Illinois,Hamilton,2,0,0,38.08163641,-88.53883373,17065.0,24.64268112370626,0.0,2,2,0,0,2,2,8163,0,0,0,0,0
2020-06-19,US,Illinois,Hancock,18,1,0,40.40423981,-91.16313899,17067.0,101.6489722159476,5.5555555555555545,17,18,1,0,17,18,17844,0,0,0,0,0
2020-06-19,US,Illinois,Hardin,1,0,0,37.51810645,-88.26873022,17069.0,26.17115938236064,0.0,1,1,0,0,1,1,3910,0,0,0,0,0
2020-06-19,US,Illinois,Henderson,8,0,0,40.81908672,-90.92491462,17071.0,120.37315678603672,0.0,8,8,0,0,8,8,6709,0,0,0,0,0
2020-06-19,US,Illinois,Henry,73,1,0,41.3533994,-90.13296166,17073.0,149.24457710629073,1.3698630136986298,72,72,1,0,71,71,49090,1,0,0,1,1
2020-06-19,US,Illinois,Iroquois,143,5,0,40.74717633,-87.82466784,17075.0,527.4028177325367,3.4965034965034967,138,142,5,0,137,142,27604,1,0,0,1,0
2020-06-19,US,Illinois,Jackson,321,18,0,37.78595185,-89.38232563,17077.0,565.6387665198238,5.607476635514018,303,321,18,0,303,321,57419,0,0,0,0,0
2020-06-19,US,Illinois,Jasper,46,7,0,39.01054275,-88.15437049,17079.0,478.6680541103018,15.217391304347824,39,46,7,0,39,46,9611,0,0,0,0,0
2020-06-19,US,Illinois,Jefferson,104,16,0,38.29980057,-88.9240025,17081.0,275.97919541449954,15.384615384615385,88,104,16,0,88,104,37820,0,0,0,0,0
2020-06-19,US,Illinois,Jersey,29,1,0,39.08869046,-90.35393073,17083.0,133.19248610664584,3.4482758620689653,28,29,1,0,28,29,21847,0,0,0,0,0
2020-06-19,US,Illinois,Jo Daviess,35,1,0,42.36542373,-90.21094405,17085.0,164.82222745467388,2.8571428571428568,34,35,1,0,34,35,21366,0,0,0,0,0
2020-06-19,US,Illinois,Johnson,20,0,0,37.45939802,-88.88165419,17087.0,161.0695014898929,0.0,20,20,0,0,20,20,12456,0,0,0,0,0
2020-06-19,US,Illinois,Kane,7274,245,0,41.93842729,-88.42861412,17089.0,1366.2582667640866,3.3681605718999177,7029,7233,241,0,6992,7202,534216,41,4,0,37,31
2020-06-19,US,Illinois,Kankakee,1130,61,0,41.13746989,-87.86205334,17091.0,1028.563106442628,5.398230088495575,1069,1121,61,0,1060,1109,110024,9,0,0,9,12
2020-06-19,US,Illinois,Kendall,903,20,0,41.59081014,-88.42869583,17093.0,700.0542677726954,2.2148394241417497,883,899,20,0,879,897,127915,4,0,0,4,2
2020-06-19,US,Illinois,Knox,115,0,0,40.93148779,-90.21330340000002,17095.0,231.39298577436162,0.0,115,115,0,0,115,113,50112,0,0,0,0,2
2020-06-19,US,Illinois,LaSalle,188,16,0,41.34426129999999,-88.88633881,17099.0,173.0024201934314,8.51063829787234,172,189,16,0,173,183,109430,-1,0,0,-1,6
2020-06-19,US,Illinois,Lake,9242,395,0,42.3224907,-88.00367925,17097.0,1326.8536398027381,4.273966673880111,8847,9207,392,0,8815,9154,700832,35,3,0,32,53
2020-06-19,US,Illinois,Lawrence,5,0,0,38.71987914,-87.72884035,17101.0,31.891822936599056,0.0,5,5,0,0,5,4,15765,0,0,0,0,1
2020-06-19,US,Illinois,Lee,94,1,0,41.74583951,-89.29977132,17103.0,275.6921633036133,1.0638297872340423,93,90,1,0,89,90,34223,4,0,0,4,0
2020-06-19,US,Illinois,Livingston,36,2,0,40.89188292,-88.55784752,17105.0,100.98743267504489,5.5555555555555545,34,35,2,0,33,35,35761,1,0,0,1,0
2020-06-19,US,Illinois,Logan,12,0,0,40.12581572,-89.36638784,17107.0,41.93165140820463,0.0,12,11,0,0,11,11,28925,1,0,0,1,0
2020-06-19,US,Illinois,Macon,216,21,0,39.86064913,-88.96342505,17115.0,207.67433587478007,9.722222222222221,195,214,21,0,193,213,104712,2,0,0,2,1
2020-06-19,US,Illinois,Macoupin,47,3,0,39.26119767,-89.92424028,17117.0,104.61648043449229,6.382978723404255,44,46,3,0,43,45,45313,1,0,0,1,1
2020-06-19,US,Illinois,Madison,785,66,0,38.83042506,-89.90422563,17119.0,298.5176790915936,8.40764331210191,719,771,66,0,705,750,264461,14,0,0,14,21
2020-06-19,US,Illinois,Marion,57,0,0,38.64963204,-88.91899208,17121.0,153.20521435290956,0.0,57,55,0,0,55,55,37620,2,0,0,2,0
2020-06-19,US,Illinois,Marshall,6,0,0,41.0327901,-89.34510444,17123.0,52.45672320335723,0.0,6,5,0,0,5,5,11534,1,0,0,1,0
2020-06-19,US,Illinois,Mason,19,0,0,40.23917274,-89.91824452,17125.0,142.22621453701626,0.0,19,18,0,0,18,18,13565,1,0,0,1,0
2020-06-19,US,Illinois,Massac,7,0,0,37.22078441,-88.71036614,17127.0,50.827766482718566,0.0,7,7,0,0,7,7,14080,0,0,0,0,0
2020-06-19,US,Illinois,McDonough,101,15,0,40.45674722,-90.67775541,17109.0,340.27356647126203,14.851485148514852,86,100,15,0,85,100,29955,1,0,0,1,0
2020-06-19,US,Illinois,McHenry,1891,89,0,42.32451172,-88.45248227,17111.0,614.4118736475466,4.706504494976203,1802,1884,89,0,1795,1872,308570,7,0,0,7,12
2020-06-19,US,Illinois,McLean,246,13,0,40.48996987,-88.84621113,17113.0,143.42601608003872,5.284552845528455,233,246,13,0,233,246,172828,0,0,0,0,0
2020-06-19,US,Illinois,Menard,23,0,0,40.02742725,-89.80246001,17129.0,188.58642177763198,0.0,23,23,0,0,23,23,12288,0,0,0,0,0
2020-06-19,US,Illinois,Mercer,19,0,0,41.20596782,-90.74290052,17131.0,123.0809095031418,0.0,19,19,0,0,19,19,15601,0,0,0,0,0
2020-06-19,US,Illinois,Monroe,111,12,0,38.27594376,-90.17761038,17133.0,320.46655310794813,10.810810810810812,99,110,12,0,98,109,34335,1,0,0,1,1
2020-06-19,US,Illinois,Montgomery,42,1,0,39.23198845,-89.47809254,17135.0,147.81445766171606,2.380952380952381,41,41,1,0,40,41,28601,1,0,0,1,0
2020-06-19,US,Illinois,Morgan,119,3,0,39.71654544,-90.20255104,17137.0,353.556361043437,2.5210084033613445,116,118,2,0,116,110,33976,1,1,0,0,8
2020-06-19,US,Illinois,Moultrie,15,0,0,39.64187451,-88.62099969,17139.0,103.44114199020756,0.0,15,15,0,0,15,16,14717,0,0,0,0,-1
2020-06-19,US,Illinois,Ogle,231,4,0,42.04165196,-89.32184679,17141.0,456.13411527753095,1.7316017316017316,227,230,4,0,226,230,50923,1,0,0,1,0
2020-06-19,US,Illinois,Out of IL,7,0,0,0.0,0.0,80017.0,0.0,0.0,7,6,0,0,6,58,,1,0,0,1,-52
2020-06-19,US,Illinois,Peoria,419,22,0,40.78702156,-89.76078901,17143.0,233.84436792258018,5.250596658711217,397,411,21,0,390,405,180621,8,1,0,7,6
2020-06-19,US,Illinois,Perry,44,0,0,38.08510853,-89.36856219,17145.0,210.36527060623447,0.0,44,44,0,0,44,44,21174,0,0,0,0,0
2020-06-19,US,Illinois,Piatt,16,0,0,40.01360584,-88.59319339,17147.0,97.89525208027409,0.0,16,17,0,0,17,14,16396,-1,0,0,-1,3
2020-06-19,US,Illinois,Pike,2,0,0,39.62265059,-90.8877017,17149.0,12.852644431591802,0.0,2,2,0,0,2,2,15611,0,0,0,0,0
2020-06-19,US,Illinois,Pope,1,0,0,37.41391284,-88.56152109,17151.0,23.94062724443381,0.0,1,1,0,0,1,1,4212,0,0,0,0,0
2020-06-19,US,Illinois,Pulaski,65,0,0,37.22631423,-89.13085001,17153.0,1218.369259606373,0.0,65,65,0,0,65,62,5463,0,0,0,0,3
2020-06-19,US,Illinois,Putnam,1,0,0,41.2013541,-89.2869272,17155.0,17.424638438752392,0.0,1,1,0,0,1,1,5740,0,0,0,0,0
2020-06-19,US,Illinois,Randolph,278,7,0,38.05095369,-89.82512254,17157.0,874.7089547542635,2.5179856115107917,271,279,7,0,272,279,32106,-1,0,0,-1,0
2020-06-19,US,Illinois,Richland,4,0,0,38.71240969,-88.08475366,17159.0,25.78482563011668,0.0,4,4,0,0,4,4,15763,0,0,0,0,0
2020-06-19,US,Illinois,Rock Island,769,28,0,41.46613806,-90.57042164,17161.0,542.0111503464219,3.641092327698309,741,766,28,0,738,760,143477,3,0,0,3,6
2020-06-19,US,Illinois,Saline,8,0,0,37.75332999,-88.54119706,17165.0,34.05559576007833,0.0,8,8,0,0,8,7,23906,0,0,0,0,1
2020-06-19,US,Illinois,Sangamon,387,31,0,39.75836914,-89.65872023,17167.0,198.7959233993589,8.010335917312661,356,383,31,0,352,382,195348,4,0,0,4,1
2020-06-19,US,Illinois,Schuyler,13,0,0,40.157179799999994,-90.61114163,17169.0,192.08037825059105,0.0,13,13,0,0,13,13,6907,0,0,0,0,0
2020-06-19,US,Illinois,Shelby,16,1,0,39.39133527,-88.80611122,17173.0,73.95765924008505,6.25,15,16,1,0,15,16,21741,0,0,0,0,0
2020-06-19,US,Illinois,St. Clair,1561,123,0,38.46996033,-89.93063427,17163.0,601.1105719984905,7.879564381806534,1438,1538,123,0,1415,1520,261059,23,0,0,23,18
2020-06-19,US,Illinois,Stark,3,0,0,41.09309773,-89.79745866,17175.0,56.15874204417821,0.0,3,3,0,0,3,3,5427,0,0,0,0,0
2020-06-19,US,Illinois,Stephenson,242,5,0,42.35129217,-89.662598,17177.0,543.8446671760529,2.066115702479338,237,236,5,0,231,233,44753,6,0,0,6,3
2020-06-19,US,Illinois,Tazewell,108,7,0,40.50716185,-89.51404662,17179.0,81.9404717646791,6.481481481481483,101,103,7,0,96,97,132328,5,0,0,5,6
2020-06-19,US,Illinois,Unassigned,46,0,0,0.0,0.0,90017.0,0.0,0.0,46,44,0,0,44,44,,2,0,0,2,0
2020-06-19,US,Illinois,Union,183,18,0,37.47119609,-89.25548938,17181.0,1098.901098901099,9.836065573770492,165,174,18,0,156,174,16841,9,0,0,9,0
2020-06-19,US,Illinois,Vermilion,47,2,0,40.18417171,-87.73384359,17183.0,62.03965257794557,4.25531914893617,45,47,2,0,45,47,76806,0,0,0,0,0
2020-06-19,US,Illinois,Wabash,15,0,0,38.44272901,-87.84922065,17185.0,130.20833333333334,0.0,15,14,0,0,14,14,11549,1,0,0,1,0
2020-06-19,US,Illinois,Warren,127,0,0,40.84925021,-90.6147432,17187.0,753.9776775112799,0.0,127,127,0,0,127,127,17032,0,0,0,0,0
2020-06-19,US,Illinois,Washington,19,0,0,38.35309213,-89.40982703,17189.0,136.81860733059696,0.0,19,19,0,0,19,19,13995,0,0,0,0,0
2020-06-19,US,Illinois,Wayne,11,1,0,38.42955355,-88.42586459,17191.0,67.83842121492445,9.090909090909092,10,10,1,0,9,9,16332,1,0,0,1,1
2020-06-19,US,Illinois,White,3,0,0,38.08706198,-88.17657461,17193.0,22.16148334195169,0.0,3,3,0,0,3,3,13665,0,0,0,0,0
2020-06-19,US,Illinois,Whiteside,171,15,0,41.75509713,-89.91556058,17195.0,309.9229723606706,8.771929824561402,156,163,15,0,148,163,55626,8,0,0,8,0
2020-06-19,US,Illinois,Will,6284,309,0,41.44619267,-87.97862712,17197.0,909.7450137026359,4.9172501591343085,5975,6256,309,0,5947,6222,692310,28,0,0,28,34
2020-06-19,US,Illinois,Williamson,91,4,0,37.73033511,-88.92994027,17199.0,136.64279171734464,4.395604395604397,87,91,3,0,88,89,67056,0,1,0,-1,2
2020-06-19,US,Illinois,Winnebago,2810,82,0,42.33641854,-89.16085327,17201.0,994.4368161035063,2.9181494661921707,2728,2796,81,0,2715,2776,284081,14,1,0,13,20
2020-06-19,US,Illinois,Woodford,31,2,0,40.78579374,-89.20973757,17203.0,80.60531995111677,6.451612903225807,29,30,2,0,28,28,38463,1,0,0,1,2
2020-06-19,US,Indiana,Adams,28,1,0,40.7457653,-84.93671406,18001.0,78.26257092545491,3.571428571428572,27,28,1,0,27,28,35636,0,0,0,0,0
2020-06-19,US,Indiana,Allen,2331,91,0,41.09194313,-85.06800636,18003.0,614.5547444100828,3.903903903903904,2240,2324,91,0,2233,2277,375351,7,0,0,7,47
2020-06-19,US,Indiana,Bartholomew,566,43,0,39.20744865,-85.89558181,18005.0,675.5869609329308,7.597173144876325,523,562,42,0,520,561,82753,4,1,0,3,1
2020-06-19,US,Indiana,Benton,38,0,0,40.60626947,-87.31093999,18007.0,434.3850022862368,0.0,38,38,0,0,38,37,8653,0,0,0,0,1
2020-06-19,US,Indiana,Blackford,32,2,0,40.47388153,-85.32499702,18009.0,272.15512842320123,6.25,30,32,2,0,30,31,11930,0,0,0,0,1
2020-06-19,US,Indiana,Boone,381,39,0,40.0509304,-86.46841646,18011.0,561.5907315419423,10.236220472440944,342,380,39,0,341,383,66999,1,0,0,1,-3
2020-06-19,US,Indiana,Brown,37,1,0,39.19605589,-86.22868909,18013.0,245.1630002650411,2.702702702702702,36,37,1,0,36,36,15234,0,0,0,0,1
2020-06-19,US,Indiana,Carroll,103,2,0,40.580783200000006,-86.56198812,18015.0,508.46620921163054,1.9417475728155342,101,103,2,0,101,102,20127,0,0,0,0,1
2020-06-19,US,Indiana,Cass,1613,9,0,40.76135835,-86.34830753,18017.0,4279.763326169439,0.5579665220086795,1604,1609,9,0,1600,1608,37955,4,0,0,4,1
2020-06-19,US,Indiana,Clark,586,43,0,38.48015445,-85.70510334,18019.0,495.3424286994303,7.33788395904437,543,585,43,0,542,581,117360,1,0,0,1,4
2020-06-19,US,Indiana,Clay,56,3,0,39.39561833,-87.11723506,18021.0,213.53670162059106,5.357142857142857,53,56,3,0,53,56,26170,0,0,0,0,0
2020-06-19,US,Indiana,Clinton,268,1,0,40.30319754,-86.47277257,18023.0,827.1860242600079,0.373134328358209,267,264,1,0,263,262,32250,4,0,0,4,2
2020-06-19,US,Indiana,Crawford,27,0,0,38.28814402,-86.44518825,18025.0,255.27087075730358,0.0,27,27,0,0,27,27,10558,0,0,0,0,0
2020-06-19,US,Indiana,Daviess,129,16,0,38.70186039,-87.07185406,18027.0,386.7949986507151,12.403100775193801,113,127,16,0,111,128,33147,2,0,0,2,-1
2020-06-19,US,Indiana,DeKalb,133,3,0,41.39804622,-84.99906934,18033.0,305.9229442208166,2.255639097744361,130,129,3,0,126,123,43226,4,0,0,4,6
2020-06-19,US,Indiana,Dearborn,184,22,0,39.14647946,-84.97333539,18029.0,372.032835941607,11.956521739130435,162,181,22,0,159,180,49568,3,0,0,3,1
2020-06-19,US,Indiana,Decatur,238,32,0,39.30712658,-85.50087166,18031.0,896.1180767348168,13.445378151260504,206,238,32,0,206,238,26794,0,0,0,0,0
2020-06-19,US,Indiana,Delaware,407,45,0,40.22787247,-85.39732772,18035.0,356.59525999912387,11.056511056511056,362,405,44,0,361,403,114772,2,1,0,1,2
2020-06-19,US,Indiana,Dubois,249,6,0,38.36597551,-86.87924170000002,18037.0,582.646948708349,2.409638554216868,243,246,5,0,241,243,42565,3,1,0,2,3
2020-06-19,US,Indiana,Elkhart,2477,38,0,41.59761169,-85.85875695,18039.0,1200.440048269612,1.5341138473960436,2439,2400,36,0,2364,2280,205560,77,2,0,75,120
2020-06-19,US,Indiana,Fayette,85,7,0,39.63684962,-85.17797541,18041.0,367.9335122500216,8.235294117647058,78,85,7,0,78,85,23047,0,0,0,0,0
2020-06-19,US,Indiana,Floyd,342,43,0,38.32117957,-85.90385377,18043.0,435.5467257583862,12.57309941520468,299,339,43,0,296,338,77781,3,0,0,3,1
2020-06-19,US,Indiana,Fountain,24,2,0,40.12361933,-87.24217689,18045.0,146.82491129328275,8.333333333333334,22,24,2,0,22,24,16351,0,0,0,0,0
2020-06-19,US,Indiana,Franklin,120,8,0,39.4142482,-85.06062647,18047.0,527.2871078302136,6.666666666666668,112,120,8,0,112,120,22736,0,0,0,0,0
2020-06-19,US,Indiana,Fulton,60,1,0,41.0469907,-86.26252745,18049.0,300.390507659958,1.6666666666666667,59,58,1,0,57,56,20092,2,0,0,2,2
2020-06-19,US,Indiana,Gibson,25,2,0,38.30393723,-87.58054938,18051.0,74.27433970112006,8.0,23,24,2,0,22,24,33452,1,0,0,1,0
2020-06-19,US,Indiana,Grant,272,25,0,40.51587228,-85.65468702,18053.0,413.568702580243,9.191176470588236,247,269,24,0,245,265,65936,3,1,0,2,4
2020-06-19,US,Indiana,Greene,183,29,0,39.03630547,-86.96223202,18055.0,573.2723513564313,15.846994535519125,154,182,29,0,153,182,32006,1,0,0,1,0
2020-06-19,US,Indiana,Hamilton,1359,96,0,40.07306535,-86.05244729,18057.0,402.0579211919138,7.064017660044151,1263,1349,96,0,1253,1371,330086,10,0,0,10,-22
2020-06-19,US,Indiana,Hancock,385,31,0,39.82304555,-85.77566351,18059.0,492.52891208678733,8.051948051948052,354,382,30,0,352,382,76351,3,1,0,2,0
2020-06-19,US,Indiana,Harrison,200,22,0,38.19467379,-86.10948271,18061.0,493.6443292607676,11.0,178,201,22,0,179,200,40350,-1,0,0,-1,1
2020-06-19,US,Indiana,Hendricks,1296,94,0,39.76719009,-86.51037283,18063.0,760.960830480709,7.253086419753085,1202,1286,93,0,1193,1283,167009,10,1,0,9,3
2020-06-19,US,Indiana,Henry,205,15,0,39.93029017,-85.39625719,18065.0,427.33261068956887,7.317073170731707,190,204,15,0,189,204,48271,1,0,0,1,0
2020-06-19,US,Indiana,Howard,494,48,0,40.48527731,-86.11351892,18067.0,598.4686954836209,9.7165991902834,446,492,47,0,445,479,82366,2,1,0,1,13
2020-06-19,US,Indiana,Huntington,58,2,0,40.82907273,-85.48822092,18069.0,158.8170865279299,3.4482758620689653,56,57,2,0,55,55,36240,1,0,0,1,2
2020-06-19,US,Indiana,Jackson,427,3,0,38.90915820000001,-86.03851889,18071.0,965.3862675499084,0.7025761124121779,424,428,3,0,425,422,44111,-1,0,0,-1,6
2020-06-19,US,Indiana,Jasper,89,1,0,41.02078733,-87.11553319,18073.0,265.18085930516656,1.1235955056179776,88,87,1,0,86,86,33370,2,0,0,2,1
2020-06-19,US,Indiana,Jay,63,0,0,40.43781032,-85.00576229,18075.0,308.2795067527892,0.0,63,64,0,0,64,64,20764,-1,0,0,-1,0
2020-06-19,US,Indiana,Jefferson,55,1,0,38.78576239,-85.43633383,18077.0,170.23647393834344,1.818181818181818,54,55,1,0,54,54,32208,0,0,0,0,1
2020-06-19,US,Indiana,Jennings,158,4,0,38.99588883,-85.62710784,18079.0,569.6773030466919,2.5316455696202533,154,145,4,0,141,142,27611,13,0,0,13,3
2020-06-19,US,Indiana,Johnson,1185,116,0,39.48994426,-86.10149107,18081.0,749.2081154728862,9.789029535864977,1069,1185,116,0,1069,1177,156225,0,0,0,0,8
2020-06-19,US,Indiana,Knox,40,0,0,38.68861576,-87.4194665,18083.0,109.30753675465924,0.0,40,40,0,0,40,38,36895,0,0,0,0,2
2020-06-19,US,Indiana,Kosciusko,362,2,0,41.24521668,-85.86312322,18085.0,455.5980668546114,0.5524861878453039,360,354,2,0,352,335,79344,8,0,0,8,19
2020-06-19,US,Indiana,LaGrange,354,3,0,41.64232188,-85.42674232,18087.0,893.6234664512546,0.8474576271186439,351,336,2,0,334,320,39330,18,1,0,17,16
2020-06-19,US,Indiana,LaPorte,482,25,0,41.54366008,-86.74072188,18091.0,438.628421665696,5.186721991701245,457,479,25,0,454,473,110007,3,0,0,3,6
2020-06-19,US,Indiana,Lake,4326,233,0,41.41874274,-87.38277575,18089.0,891.0530120928622,5.386037910309755,4093,4297,232,0,4065,4222,484411,29,1,0,28,75
2020-06-19,US,Indiana,Lawrence,187,24,0,38.84112637,-86.48361629,18093.0,412.1666299316729,12.834224598930481,163,187,24,0,163,186,45668,0,0,0,0,1
2020-06-19,US,Indiana,Madison,618,63,0,40.16143691,-85.71964711,18095.0,476.965940927228,10.194174757281553,555,618,62,0,556,615,129641,0,1,0,-1,3
2020-06-19,US,Indiana,Marion,10885,665,0,39.78163624,-86.13826325,18097.0,1128.4680825476735,6.109324758842443,10220,10852,661,0,10191,10862,954670,33,4,0,29,-10
2020-06-19,US,Indiana,Marshall,344,3,0,41.32467367,-86.26185087,18099.0,743.6551515413549,0.8720930232558141,341,338,3,0,335,322,46248,6,0,0,6,16
2020-06-19,US,Indiana,Martin,20,0,0,38.7099921,-86.80373186,18101.0,195.02681618722573,0.0,20,20,0,0,20,16,10217,0,0,0,0,4
2020-06-19,US,Indiana,Miami,177,1,0,40.76940965,-86.04525048,18103.0,498.3669332131997,0.5649717514124294,176,177,1,0,176,177,35567,0,0,0,0,0
2020-06-19,US,Indiana,Monroe,207,26,0,39.16130004,-86.52414358,18105.0,139.45873840370274,12.560386473429954,181,203,23,0,180,202,146917,4,3,0,1,1
2020-06-19,US,Indiana,Montgomery,270,19,0,40.04034823,-86.89335024,18107.0,704.2620898325421,7.037037037037037,251,268,19,0,249,268,38346,2,0,0,2,0
2020-06-19,US,Indiana,Morgan,301,30,0,39.47899078,-86.44573375,18109.0,427.0169813729802,9.966777408637872,271,301,30,0,271,300,70116,0,0,0,0,1
2020-06-19,US,Indiana,Newton,87,10,0,40.95610449,-87.39635768,18111.0,622.1395881006865,11.494252873563216,77,88,10,0,78,88,14011,-1,0,0,-1,0
2020-06-19,US,Indiana,Noble,358,27,0,41.39672484,-85.41966713,18113.0,749.8324396782843,7.5418994413407825,331,354,27,0,327,346,47532,4,0,0,4,8
2020-06-19,US,Indiana,Ohio,13,0,0,38.955304999999996,-84.96515993,18115.0,221.27659574468086,0.0,13,13,0,0,13,13,5844,0,0,0,0,0
2020-06-19,US,Indiana,Orange,132,23,0,38.54118920000001,-86.49523093,18117.0,671.8924972004478,17.424242424242426,109,132,23,0,109,132,19489,0,0,0,0,0
2020-06-19,US,Indiana,Owen,39,1,0,39.31145587,-86.83900724,18119.0,187.50901485648345,2.5641025641025643,38,40,1,0,39,39,20845,-1,0,0,-1,1
2020-06-19,US,Indiana,Parke,20,0,0,39.77202286,-87.20375833,18121.0,118.08466670602822,0.0,20,20,0,0,20,20,16927,0,0,0,0,0
2020-06-19,US,Indiana,Perry,101,2,0,38.07809328,-86.63741946,18123.0,526.8923783191611,1.98019801980198,99,101,1,0,100,94,19102,0,1,0,-1,7
2020-06-19,US,Indiana,Pike,6,0,0,38.40112197,-87.23574907,18125.0,48.43005892323836,0.0,6,6,0,0,6,6,12410,0,0,0,0,0
2020-06-19,US,Indiana,Porter,611,36,0,41.45986947,-87.06848888,18127.0,358.5912236118528,5.8919803600654665,575,606,36,0,570,597,169594,5,0,0,5,9
2020-06-19,US,Indiana,Posey,23,0,0,38.02097333,-87.86480429,18129.0,90.4550281197153,0.0,23,23,0,0,23,22,25540,0,0,0,0,1
2020-06-19,US,Indiana,Pulaski,53,1,0,41.04166107,-86.69890683,18131.0,429.04557597344774,1.8867924528301887,52,53,1,0,52,53,12469,0,0,0,0,0
2020-06-19,US,Indiana,Putnam,158,8,0,39.66437981,-86.84517605,18133.0,420.4811581860762,5.063291139240507,150,159,8,0,151,158,37779,-1,0,0,-1,1
2020-06-19,US,Indiana,Randolph,71,3,0,40.15734772,-85.01139319,18135.0,287.8572876545713,4.225352112676056,68,69,3,0,66,68,24851,2,0,0,2,1
2020-06-19,US,Indiana,Ripley,111,7,0,39.10235626,-85.26212744,18137.0,391.8938003106906,6.306306306306308,104,111,6,0,105,111,28523,0,1,0,-1,0
2020-06-19,US,Indiana,Rush,51,3,0,39.62002287,-85.4655599,18139.0,307.58096616609373,5.882352941176472,48,51,3,0,48,51,16663,0,0,0,0,0
2020-06-19,US,Indiana,Scott,147,6,0,38.68672078,-85.74627859,18143.0,615.7583881372261,4.081632653061225,141,148,6,0,142,145,23878,-1,0,0,-1,3
2020-06-19,US,Indiana,Shelby,408,24,0,39.52305623,-85.79158570000001,18145.0,912.1598962641687,5.882352941176472,384,408,24,0,384,408,44593,0,0,0,0,0
2020-06-19,US,Indiana,Spencer,24,1,0,38.01519732,-87.0079644,18147.0,118.36070424619028,4.166666666666667,23,23,1,0,22,23,20327,1,0,0,1,0
2020-06-19,US,Indiana,St. Joseph,1628,53,0,41.61756781,-86.29040834,18141.0,598.9125396393282,3.2555282555282554,1575,1612,53,0,1559,1583,270771,16,0,0,16,29
2020-06-19,US,Indiana,Starke,58,3,0,41.27890281,-86.64686895,18149.0,252.2287453794303,5.172413793103448,55,58,3,0,55,55,22935,0,0,0,0,3
2020-06-19,US,Indiana,Steuben,108,2,0,41.64423868,-85.00101094,18151.0,312.19286581488115,1.851851851851852,106,107,2,0,105,107,34586,1,0,0,1,0
2020-06-19,US,Indiana,Sullivan,41,1,0,39.08952258,-87.41414469,18153.0,198.36470075959167,2.4390243902439024,40,42,1,0,41,41,20690,-1,0,0,-1,1
2020-06-19,US,Indiana,Switzerland,22,0,0,38.82767338,-85.03022429,18155.0,204.63212724397732,0.0,22,22,0,0,22,22,10717,0,0,0,0,0
2020-06-19,US,Indiana,Tippecanoe,510,7,0,40.38872739,-86.89413959,18157.0,260.5603580405861,1.3725490196078431,503,506,7,0,499,497,193048,4,0,0,4,9
2020-06-19,US,Indiana,Tipton,28,1,0,40.31123252,-86.05234925,18159.0,184.8428835489834,3.571428571428572,27,28,1,0,27,28,15128,0,0,0,0,0
2020-06-19,US,Indiana,Unassigned,0,189,0,0.0,0.0,90018.0,0.0,0.0,-189,0,187,0,-187,0,,0,2,0,-2,0
2020-06-19,US,Indiana,Union,12,0,0,39.62550777,-84.92497066,18161.0,170.1162461015027,0.0,12,12,0,0,12,12,7037,0,0,0,0,0
2020-06-19,US,Indiana,Vanderburgh,337,6,0,38.02658833,-87.58763124,18163.0,185.72507178246468,1.7804154302670625,331,336,5,0,331,335,180974,1,1,0,0,1
2020-06-19,US,Indiana,Vermillion,13,0,0,39.8523352,-87.46160542,18165.0,83.88179119886435,0.0,13,13,0,0,13,12,15479,0,0,0,0,1
2020-06-19,US,Indiana,Vigo,207,8,0,39.42944561,-87.39169027,18167.0,193.38926362600202,3.864734299516908,199,203,8,0,195,202,107386,4,0,0,4,1
2020-06-19,US,Indiana,Wabash,89,2,0,40.84704239,-85.79328272,18169.0,287.13382371918965,2.247191011235955,87,89,2,0,87,88,31280,0,0,0,0,1
2020-06-19,US,Indiana,Warren,14,1,0,40.34728141,-87.35602659,18171.0,169.38898971566852,7.142857142857142,13,14,1,0,13,15,8263,0,0,0,0,-1
2020-06-19,US,Indiana,Warrick,178,29,0,38.08922676,-87.2716085,18173.0,282.54865233816946,16.292134831460675,149,178,29,0,149,176,62567,0,0,0,0,2
2020-06-19,US,Indiana,Washington,61,1,0,38.60219804,-86.1049363,18175.0,217.5774004850906,1.639344262295082,60,60,1,0,59,59,27943,1,0,0,1,1
2020-06-19,US,Indiana,Wayne,107,6,0,39.863344399999995,-85.01044989,18177.0,162.4066541193613,5.607476635514018,101,104,6,0,98,104,65936,3,0,0,3,0
2020-06-19,US,Indiana,Wells,65,0,0,40.72934187,-85.22132966,18179.0,229.71444727169919,0.0,65,65,0,0,65,63,28206,0,0,0,0,2
2020-06-19,US,Indiana,White,245,10,0,40.74911165,-86.86492015,18181.0,1016.5131524354823,4.081632653061225,235,242,10,0,232,242,24133,3,0,0,3,0
2020-06-19,US,Indiana,Whitley,69,4,0,41.13863784,-85.50791236,18183.0,203.15628312330705,5.797101449275362,65,65,3,0,62,65,34074,4,1,0,3,0
2020-06-19,US,Iowa,Adair,12,0,0,41.33075609,-94.47105874,19001.0,167.78523489932888,0.0,12,12,0,0,12,12,7063,0,0,0,0,0
2020-06-19,US,Iowa,Adams,7,0,0,41.02903567,-94.69932645,19003.0,194.3364797334814,0.0,7,7,0,0,7,8,3645,0,0,0,0,-1
2020-06-19,US,Iowa,Allamakee,121,4,0,43.28383218,-91.37860922,19005.0,884.050558924527,3.3057851239669422,117,121,4,0,117,121,13832,0,0,0,0,0
2020-06-19,US,Iowa,Appanoose,18,3,0,40.74324454,-92.86865906,19007.0,144.85755673587641,16.666666666666668,15,18,3,0,15,17,12437,0,0,0,0,1
2020-06-19,US,Iowa,Audubon,15,1,0,41.6844628,-94.90581859,19009.0,272.9257641921397,6.666666666666668,14,14,1,0,13,14,5506,1,0,0,1,0
2020-06-19,US,Iowa,Benton,50,1,0,42.08011739,-92.06463573,19011.0,194.969779684149,2.0,49,50,1,0,49,48,25642,0,0,0,0,2
2020-06-19,US,Iowa,Black Hawk,1870,56,0,42.4704581,-92.30524729,19013.0,1425.000762032493,2.9946524064171123,1814,1860,56,0,1804,1843,132408,10,0,0,10,17
2020-06-19,US,Iowa,Boone,107,1,0,42.03657094,-93.9313999,19015.0,407.8676526644812,0.9345794392523364,106,104,1,0,103,101,26346,3,0,0,3,3
2020-06-19,US,Iowa,Bremer,81,6,0,42.77461496,-92.31795937,19017.0,323.19846779985636,7.407407407407407,75,81,6,0,75,75,24947,0,0,0,0,6
2020-06-19,US,Iowa,Buchanan,36,1,0,42.4709188,-91.83510825,19019.0,170.01180637544275,2.7777777777777777,35,35,1,0,34,35,21199,1,0,0,1,0
2020-06-19,US,Iowa,Buena Vista,1640,10,0,42.73545875,-95.15100162,19021.0,8358.817533129459,0.6097560975609756,1630,1624,10,0,1614,1620,19874,16,0,0,16,4
2020-06-19,US,Iowa,Butler,31,2,0,42.73172833,-92.79015971,19023.0,214.6963086086294,6.451612903225807,29,31,2,0,29,27,14539,0,0,0,0,4
2020-06-19,US,Iowa,Calhoun,25,0,0,42.38521079,-94.64046046,19025.0,258.585022755482,0.0,25,25,0,0,25,24,9699,0,0,0,0,1
2020-06-19,US,Iowa,Carroll,66,1,0,42.03617207,-94.86032705,19027.0,327.29977684106126,1.5151515151515151,65,63,1,0,62,57,20154,3,0,0,3,6
2020-06-19,US,Iowa,Cass,16,0,0,41.33149454,-94.92792482,19029.0,124.64942349641632,0.0,16,16,0,0,16,14,12930,0,0,0,0,2
2020-06-19,US,Iowa,Cedar,56,1,0,41.77233777,-91.13246684,19031.0,300.63885757234124,1.7857142857142858,55,54,1,0,53,54,18627,2,0,0,2,0
2020-06-19,US,Iowa,Cerro Gordo,57,1,0,43.08177563,-93.2612239,19033.0,134.2756183745583,1.7543859649122806,56,54,1,0,53,48,42647,3,0,0,3,6
2020-06-19,US,Iowa,Cherokee,65,0,0,42.73538914,-95.62389402,19035.0,578.5491766800178,0.0,65,63,0,0,63,62,11321,2,0,0,2,1
2020-06-19,US,Iowa,Chickasaw,17,0,0,43.06001295,-92.31773347,19037.0,142.46207994636725,0.0,17,16,0,0,16,15,11964,1,0,0,1,1
2020-06-19,US,Iowa,Clarke,109,2,0,41.02868181,-93.78499767,19039.0,1160.1915912719533,1.834862385321101,107,96,2,0,94,89,9423,13,0,0,13,7
2020-06-19,US,Iowa,Clay,102,0,0,43.08247182,-95.15096481,19041.0,636.8631368631369,0.0,102,93,0,0,93,85,16134,9,0,0,9,8
2020-06-19,US,Iowa,Clayton,35,3,0,42.84443388,-91.34133693,19043.0,199.44156362185882,8.571428571428571,32,35,3,0,32,35,17556,0,0,0,0,0
2020-06-19,US,Iowa,Clinton,70,1,0,41.89981633,-90.53275096,19045.0,150.7678390661009,1.4285714285714286,69,70,1,0,69,70,46518,0,0,0,0,0
2020-06-19,US,Iowa,Crawford,635,2,0,42.03718237,-95.3819718,19047.0,3775.2675386444707,0.31496062992125984,633,631,2,0,629,628,17158,4,0,0,4,3
2020-06-19,US,Iowa,Dallas,1062,28,0,41.68560356,-94.04127625,19049.0,1136.4001155661135,2.6365348399246704,1034,1050,28,0,1022,1038,90180,12,0,0,12,12
2020-06-19,US,Iowa,Davis,36,1,0,40.74773536,-92.41005468,19051.0,400.0,2.7777777777777777,35,36,1,0,35,34,9017,0,0,0,0,2
2020-06-19,US,Iowa,Decatur,9,0,0,40.73742757,-93.78645949,19053.0,114.35832274459976,0.0,9,8,0,0,8,8,7890,1,0,0,1,0
2020-06-19,US,Iowa,Delaware,32,1,0,42.47104597,-91.3664492,19055.0,188.1135735700429,3.125,31,29,1,0,28,29,17069,3,0,0,3,0
2020-06-19,US,Iowa,Des Moines,67,2,0,40.92012606,-91.18326592,19057.0,171.9403597916186,2.985074626865672,65,67,2,0,65,66,39138,0,0,0,0,1
2020-06-19,US,Iowa,Dickinson,190,1,0,43.37787725,-95.1510206,19059.0,1100.9386950979256,0.5263157894736842,189,181,1,0,180,168,17153,9,0,0,9,13
2020-06-19,US,Iowa,Dubuque,411,22,0,42.46815349,-90.88181925,19061.0,422.35718469648856,5.35279805352798,389,397,22,0,375,393,96854,14,0,0,14,4
2020-06-19,US,Iowa,Emmet,46,0,0,43.37782951,-94.67858943,19063.0,499.5655951346655,0.0,46,45,0,0,45,45,9253,1,0,0,1,0
2020-06-19,US,Iowa,Fayette,28,0,0,42.86271799,-91.8441231,19065.0,142.4936386768448,0.0,28,28,0,0,28,28,19660,0,0,0,0,0
2020-06-19,US,Iowa,Floyd,30,1,0,43.06000529999999,-92.78940097,19067.0,191.7913310318374,3.333333333333333,29,26,1,0,25,22,15761,4,0,0,4,4
2020-06-19,US,Iowa,Franklin,61,0,0,42.73270384,-93.26256925,19069.0,605.7596822244291,0.0,61,55,0,0,55,51,10124,6,0,0,6,4
2020-06-19,US,Iowa,Fremont,5,0,0,40.74542720000001,-95.60129045,19071.0,71.83908045977013,0.0,5,4,0,0,4,4,6993,1,0,0,1,0
2020-06-19,US,Iowa,Greene,27,0,0,42.03614551,-94.39658081,19073.0,303.78037803780376,0.0,27,26,0,0,26,23,8981,1,0,0,1,3
2020-06-19,US,Iowa,Grundy,26,0,0,42.40183723,-92.78829551,19075.0,212.55722694571617,0.0,26,25,0,0,25,24,12304,1,0,0,1,1
2020-06-19,US,Iowa,Guthrie,61,4,0,41.68378965,-94.50111014,19077.0,570.6801384600992,6.557377049180328,57,61,4,0,57,60,10720,0,0,0,0,1
2020-06-19,US,Iowa,Hamilton,148,0,0,42.38382428,-93.70197703,19079.0,1001.8276585663034,0.0,148,141,0,0,141,130,14952,7,0,0,7,11
2020-06-19,US,Iowa,Hancock,35,0,0,43.08178477,-93.73454884,19081.0,329.2568203198495,0.0,35,34,0,0,34,30,10712,1,0,0,1,4
2020-06-19,US,Iowa,Hardin,52,0,0,42.38353877,-93.23654611,19083.0,308.67861806957137,0.0,52,51,0,0,51,46,16868,1,0,0,1,5
2020-06-19,US,Iowa,Harrison,41,0,0,41.68330137,-95.81558439,19085.0,291.83571784468637,0.0,41,41,0,0,41,40,14134,0,0,0,0,1
2020-06-19,US,Iowa,Henry,75,3,0,40.98767962,-91.54436349,19087.0,375.8644883231432,4.0,72,75,3,0,72,75,20067,0,0,0,0,0
2020-06-19,US,Iowa,Howard,13,0,0,43.35671042,-92.31702714,19089.0,141.95239135182354,0.0,13,12,0,0,12,12,9187,1,0,0,1,0
2020-06-19,US,Iowa,Humboldt,39,1,0,42.7764426,-94.20722537,19091.0,408.0351537978657,2.5641025641025643,38,37,1,0,36,34,9547,2,0,0,2,3
2020-06-19,US,Iowa,Ida,19,0,0,42.38696136,-95.51355387,19093.0,276.9679300291545,0.0,19,19,0,0,19,19,6841,0,0,0,0,0
2020-06-19,US,Iowa,Iowa,35,0,0,41.68630265,-92.0643373,19095.0,216.26297577854672,0.0,35,35,0,0,35,35,16141,0,0,0,0,0
2020-06-19,US,Iowa,Jackson,15,0,0,42.17178824,-90.57354837,19097.0,77.16446319255105,0.0,15,14,0,0,14,14,19432,1,0,0,1,0
2020-06-19,US,Iowa,Jasper,290,17,0,41.68576082,-93.05567785,19099.0,779.8843619739142,5.862068965517241,273,289,17,0,272,286,37147,1,0,0,1,3
2020-06-19,US,Iowa,Jefferson,46,0,0,41.03192394,-91.94849466,19101.0,251.4348182563542,0.0,46,46,0,0,46,46,18381,0,0,0,0,0
2020-06-19,US,Iowa,Johnson,711,8,0,41.67169354,-91.58754744,19103.0,470.42477173481535,1.1251758087201125,703,686,8,0,678,668,151260,25,0,0,25,18
2020-06-19,US,Iowa,Jones,43,0,0,42.12118609,-91.13139641,19105.0,207.92031333107684,0.0,43,42,0,0,42,41,20744,1,0,0,1,1
2020-06-19,US,Iowa,Keokuk,16,1,0,41.33649833,-92.1785067,19107.0,156.15850087839158,6.25,15,16,1,0,15,16,10225,0,0,0,0,0
2020-06-19,US,Iowa,Kossuth,21,0,0,43.20405458,-94.20691791,19109.0,141.76736650239656,0.0,21,23,0,0,23,20,14908,-2,0,0,-2,3
2020-06-19,US,Iowa,Lee,41,1,0,40.64181461,-91.48183025,19111.0,121.8171554208634,2.4390243902439024,40,41,1,0,40,40,34055,0,0,0,0,1
2020-06-19,US,Iowa,Linn,1057,80,0,42.07923082,-91.59809485,19113.0,466.2426226037247,7.568590350047303,977,1048,80,0,968,1036,225909,9,0,0,9,12
2020-06-19,US,Iowa,Louisa,354,13,0,41.21842119,-91.26102611,19115.0,3207.974626189397,3.6723163841807906,341,354,13,0,341,354,11169,0,0,0,0,0
2020-06-19,US,Iowa,Lucas,26,3,0,41.02958964,-93.32780803,19117.0,302.3255813953488,11.538461538461537,23,25,3,0,22,25,8645,1,0,0,1,0
2020-06-19,US,Iowa,Lyon,32,0,0,43.38107862,-96.20926845,19119.0,272.2245852828584,0.0,32,32,0,0,32,32,11811,0,0,0,0,0
2020-06-19,US,Iowa,Madison,34,2,0,41.33081904,-94.01554631,19121.0,208.10380707552943,5.882352941176472,32,34,2,0,32,34,16249,0,0,0,0,0
2020-06-19,US,Iowa,Mahaska,109,15,0,41.33521503,-92.64083907,19123.0,493.3242815116543,13.761467889908257,94,108,15,0,93,108,22000,1,0,0,1,0
2020-06-19,US,Iowa,Marion,45,0,0,41.33445101,-93.09934783,19125.0,135.32613598773042,0.0,45,41,0,0,41,41,33407,4,0,0,4,0
2020-06-19,US,Iowa,Marshall,963,18,0,42.03586837,-92.9990819,19127.0,2446.0870227844243,1.8691588785046729,945,953,18,0,935,944,39981,10,0,0,10,9
2020-06-19,US,Iowa,Mills,29,0,0,41.03299766,-95.61920963,19129.0,191.93857965451056,0.0,29,26,0,0,26,24,15063,3,0,0,3,2
2020-06-19,US,Iowa,Mitchell,9,0,0,43.35638371,-92.78887719,19131.0,85.01794823351597,0.0,9,8,0,0,8,8,10569,1,0,0,1,0
2020-06-19,US,Iowa,Monona,56,0,0,42.05220391,-95.95743843,19133.0,650.0290191526408,0.0,56,55,0,0,55,52,8679,1,0,0,1,3
2020-06-19,US,Iowa,Monroe,49,6,0,41.02988815,-92.8690667,19135.0,635.7856494096276,12.244897959183671,43,48,6,0,42,48,7790,1,0,0,1,0
2020-06-19,US,Iowa,Montgomery,10,2,0,41.03018714,-95.15642896,19137.0,100.83694665725521,20.0,8,9,2,0,7,9,10003,1,0,0,1,0
2020-06-19,US,Iowa,Muscatine,581,43,0,41.48370744,-91.1121697,19139.0,1361.8038627414214,7.401032702237521,538,577,43,0,534,575,42929,4,0,0,4,2
2020-06-19,US,Iowa,O'Brien,70,1,0,43.08310673,-95.62474482,19141.0,508.9798589398677,1.4285714285714286,69,69,1,0,68,68,13840,1,0,0,1,1
2020-06-19,US,Iowa,Osceola,49,0,0,43.37824276,-95.62422844,19143.0,822.4236320913056,0.0,49,49,0,0,49,49,6040,0,0,0,0,0
2020-06-19,US,Iowa,Page,18,0,0,40.7393172,-95.1497813,19145.0,119.1500628847554,0.0,18,18,0,0,18,17,15249,0,0,0,0,1
2020-06-19,US,Iowa,Palo Alto,19,0,0,43.08193849,-94.67824621,19147.0,213.81949133468376,0.0,19,18,0,0,18,16,8929,1,0,0,1,2
2020-06-19,US,Iowa,Plymouth,226,4,0,42.737633,-96.21366621,19149.0,897.6446756960718,1.7699115044247788,222,212,4,0,208,205,25095,14,0,0,14,7
2020-06-19,US,Iowa,Pocahontas,35,0,0,42.73420133,-94.67862564,19151.0,528.7807825955582,0.0,35,32,0,0,32,31,6740,3,0,0,3,1
2020-06-19,US,Iowa,Polk,5367,165,0,41.68679484,-93.57767461,19153.0,1094.946354361118,3.0743432084963667,5202,5312,165,0,5147,5244,487204,55,0,0,55,68
2020-06-19,US,Iowa,Pottawattamie,578,11,0,41.33640314,-95.53907776,19155.0,620.1317511748169,1.9031141868512111,567,551,11,0,540,532,93533,27,0,0,27,19
2020-06-19,US,Iowa,Poweshiek,95,8,0,41.68625425,-92.53155731,19157.0,513.4025075659317,8.421052631578947,87,95,8,0,87,95,18699,0,0,0,0,0
2020-06-19,US,Iowa,Ringgold,10,0,0,40.73518949,-94.24368535,19159.0,204.3318348998774,0.0,10,10,0,0,10,9,4968,0,0,0,0,1
2020-06-19,US,Iowa,Sac,43,0,0,42.38624071,-95.10547892,19161.0,442.34132290916574,0.0,43,41,0,0,41,40,9719,2,0,0,2,1
2020-06-19,US,Iowa,Scott,425,10,0,41.63935978,-90.61959493,19163.0,245.74570812348577,2.3529411764705883,415,418,10,0,408,413,173283,7,0,0,7,5
2020-06-19,US,Iowa,Shelby,69,0,0,41.6850066,-95.31015553,19165.0,602.4096385542167,0.0,69,62,0,0,62,56,11578,7,0,0,7,6
2020-06-19,US,Iowa,Sioux,408,0,0,43.08221074,-96.1767568,19167.0,1170.56376416583,0.0,408,372,0,0,372,362,34909,36,0,0,36,10
2020-06-19,US,Iowa,Story,378,3,0,42.03621213,-93.46499005,19169.0,389.2212485970529,0.7936507936507936,375,342,3,0,339,301,98105,36,0,0,36,41
2020-06-19,US,Iowa,Tama,429,29,0,42.07991767,-92.53266945,19171.0,2545.3898184407267,6.759906759906759,400,429,29,0,400,429,16904,0,0,0,0,0
2020-06-19,US,Iowa,Taylor,75,0,0,40.73710579,-94.69778563,19173.0,1225.2899852965202,0.0,75,75,0,0,75,74,6191,0,0,0,0,1
2020-06-19,US,Iowa,Unassigned,9,0,0,0.0,0.0,90019.0,0.0,0.0,9,7,0,0,7,5,,2,0,0,2,2
2020-06-19,US,Iowa,Union,12,0,0,41.0277278,-94.24234847,19175.0,98.03120660076792,0.0,12,12,0,0,12,11,12359,0,0,0,0,1
2020-06-19,US,Iowa,Van Buren,11,0,0,40.75326764,-91.95017958,19177.0,156.16127200454287,0.0,11,11,0,0,11,11,7020,0,0,0,0,0
2020-06-19,US,Iowa,Wapello,681,27,0,41.03064984,-92.40954728,19179.0,1947.4391603992108,3.9647577092511015,654,681,26,0,655,678,35205,0,1,0,-1,3
2020-06-19,US,Iowa,Warren,205,2,0,41.33559454,-93.56007641,19181.0,398.3212217774842,0.975609756097561,203,201,2,0,199,200,51056,4,0,0,4,1
2020-06-19,US,Iowa,Washington,210,9,0,41.33577126,-91.71725711,19183.0,956.0664693831096,4.285714285714286,201,210,9,0,201,209,22141,0,0,0,0,1
2020-06-19,US,Iowa,Wayne,5,0,0,40.73969028,-93.32752197,19185.0,77.6276975624903,0.0,5,5,0,0,5,5,6401,0,0,0,0,0
2020-06-19,US,Iowa,Webster,110,1,0,42.42853483,-94.17987389,19187.0,306.3725490196078,0.9090909090909092,109,108,1,0,107,103,36277,2,0,0,2,5
2020-06-19,US,Iowa,Winnebago,13,0,0,43.37751174,-93.73407298,19189.0,125.55534093104114,0.0,13,12,0,0,12,13,10518,1,0,0,1,-1
2020-06-19,US,Iowa,Winneshiek,24,0,0,43.29094334,-91.84422722,19191.0,120.05402431093992,0.0,24,24,0,0,24,24,20029,0,0,0,0,0
2020-06-19,US,Iowa,Woodbury,3052,42,0,42.38979414,-96.0459439,19193.0,2960.031811613179,1.3761467889908257,3010,3038,42,0,2996,3026,102539,14,0,0,14,12
2020-06-19,US,Iowa,Worth,6,0,0,43.37750768,-93.26087602,19195.0,81.28979813033466,0.0,6,6,0,0,6,5,7453,0,0,0,0,1
2020-06-19,US,Iowa,Wright,316,0,0,42.73305373,-93.73515113,19197.0,2515.523005890782,0.0,316,310,0,0,310,292,12690,6,0,0,6,18
2020-06-19,US,Kansas,Allen,2,0,0,37.88582951,-95.30030847,20001.0,16.169455897809037,0.0,2,2,0,0,2,2,12444,0,0,0,0,0
2020-06-19,US,Kansas,Anderson,3,0,0,38.21413251,-95.29272815,20003.0,38.17765334690761,0.0,3,3,0,0,3,3,7878,0,0,0,0,0
2020-06-19,US,Kansas,Atchison,27,0,0,39.53185661,-95.30870026,20005.0,167.98357493933926,0.0,27,27,0,0,27,27,16193,0,0,0,0,0
2020-06-19,US,Kansas,Barber,1,0,0,37.2288586,-98.68460053,20007.0,22.588660492432798,0.0,1,1,0,0,1,1,4472,0,0,0,0,0
2020-06-19,US,Kansas,Barton,52,2,0,38.47889676,-98.75636726,20009.0,201.7145738779627,3.8461538461538463,50,51,1,0,50,49,26111,1,1,0,0,2
2020-06-19,US,Kansas,Bourbon,9,1,0,37.85508555,-94.84865997,20011.0,61.92376496490986,11.111111111111109,8,9,1,0,8,9,14653,0,0,0,0,0
2020-06-19,US,Kansas,Brown,14,0,0,39.82652589,-95.56421698,20013.0,146.3822668339607,0.0,14,13,0,0,13,10,9598,1,0,0,1,3
2020-06-19,US,Kansas,Butler,47,0,0,37.78134351,-96.83878537,20015.0,70.2425610138841,0.0,47,41,0,0,41,37,66765,6,0,0,6,4
2020-06-19,US,Kansas,Chase,3,0,0,38.30292938,-96.59563862,20017.0,113.2930513595166,0.0,3,3,0,0,3,3,2629,0,0,0,0,0
2020-06-19,US,Kansas,Chautauqua,4,0,0,37.14994405,-96.2454192,20019.0,123.07692307692308,0.0,4,4,0,0,4,4,3309,0,0,0,0,0
2020-06-19,US,Kansas,Cherokee,17,0,0,37.16928494,-94.8462897,20021.0,85.26004313155124,0.0,17,17,0,0,17,17,20015,0,0,0,0,0
2020-06-19,US,Kansas,Cheyenne,2,0,0,39.78580976,-101.7318201,20023.0,75.27286413248024,0.0,2,2,0,0,2,2,2660,0,0,0,0,0
2020-06-19,US,Kansas,Clark,34,1,0,37.23577007,-99.81883015,20025.0,1705.1153460381142,2.9411764705882355,33,34,1,0,33,34,2005,0,0,0,0,0
2020-06-19,US,Kansas,Clay,6,2,0,39.34948772,-97.16518128,20027.0,74.9812546863284,33.333333333333336,4,6,2,0,4,6,7997,0,0,0,0,0
2020-06-19,US,Kansas,Cloud,7,0,0,39.48028352,-97.64925343,20029.0,79.6722057819258,0.0,7,6,0,0,6,6,8729,1,0,0,1,0
2020-06-19,US,Kansas,Coffey,52,8,0,38.2365018,-95.73379515,20031.0,635.7745445653503,15.384615384615385,44,52,8,0,44,52,8233,0,0,0,0,0
2020-06-19,US,Kansas,Comanche,2,0,0,37.19114520000001,-99.27113247,20033.0,117.64705882352942,0.0,2,2,0,0,2,2,1748,0,0,0,0,0
2020-06-19,US,Kansas,Cowley,55,1,0,37.23781842,-96.83776647,20035.0,157.55700698980178,1.818181818181818,54,49,1,0,48,45,35218,6,0,0,6,4
2020-06-19,US,Kansas,Crawford,167,1,0,37.50675523,-94.85245778,20037.0,430.21278788191046,0.5988023952095808,166,156,1,0,155,156,39019,11,0,0,11,0
2020-06-19,US,Kansas,Dickinson,6,1,0,38.86600962,-97.15532383,20041.0,32.492147730965016,16.666666666666668,5,6,1,0,5,6,18717,0,0,0,0,0
2020-06-19,US,Kansas,Doniphan,24,0,0,39.79067154,-95.14056866,20043.0,315.7894736842105,0.0,24,23,0,0,23,23,7682,1,0,0,1,0
2020-06-19,US,Kansas,Douglas,91,0,0,38.88503636,-95.2925121,20045.0,74.43214814451288,0.0,91,86,0,0,86,86,121436,5,0,0,5,0
2020-06-19,US,Kansas,Edwards,6,0,0,37.88735543,-99.31263309,20047.0,214.43888491779842,0.0,6,5,0,0,5,5,2849,1,0,0,1,0
2020-06-19,US,Kansas,Ellis,14,0,0,38.91458712,-99.31751551,20051.0,49.031625398381955,0.0,14,13,0,0,13,13,28710,1,0,0,1,0
2020-06-19,US,Kansas,Ellsworth,3,0,0,38.69677695,-98.20462799,20053.0,49.164208456243855,0.0,3,3,0,0,3,3,6196,0,0,0,0,0
2020-06-19,US,Kansas,Finney,1546,10,0,38.04340344,-100.7381938,20055.0,4239.449365179477,0.6468305304010349,1536,1545,10,0,1535,1545,36611,1,0,0,1,0
2020-06-19,US,Kansas,Ford,1892,8,0,37.69200114,-99.88825298,20057.0,5627.770011005681,0.4228329809725159,1884,1873,8,0,1865,1873,33888,19,0,0,19,0
2020-06-19,US,Kansas,Franklin,57,0,0,38.56443815,-95.28644341,20059.0,223.1443783275916,0.0,57,53,0,0,53,53,25631,4,0,0,4,0
2020-06-19,US,Kansas,Geary,33,1,0,38.99871131,-96.7577178,20061.0,104.19955794126932,3.0303030303030303,32,32,1,0,31,30,32594,1,0,0,1,2
2020-06-19,US,Kansas,Gove,1,0,0,38.91588178,-100.4829321,20063.0,37.93626707132018,0.0,1,1,0,0,1,1,2612,0,0,0,0,0
2020-06-19,US,Kansas,Grant,22,1,0,37.56227336,-101.3079758,20067.0,307.6923076923077,4.545454545454546,21,18,1,0,17,18,7336,4,0,0,4,0
2020-06-19,US,Kansas,Gray,24,0,0,37.73836671,-100.4369088,20069.0,400.80160320641284,0.0,24,24,0,0,24,23,6033,0,0,0,0,1
2020-06-19,US,Kansas,Greenwood,11,0,0,37.8774388,-96.23250453,20073.0,183.884988298228,0.0,11,11,0,0,11,11,6055,0,0,0,0,0
2020-06-19,US,Kansas,Hamilton,28,0,0,37.99978709,-101.7921066,20075.0,1102.7963765261914,0.0,28,28,0,0,28,28,2607,0,0,0,0,0
2020-06-19,US,Kansas,Harper,2,0,0,37.19175361,-98.07578384,20077.0,36.79175864606328,0.0,2,2,0,0,2,2,5506,0,0,0,0,0
2020-06-19,US,Kansas,Harvey,13,0,0,38.04293782,-97.42747573,20079.0,37.758866072206565,0.0,13,12,0,0,12,12,34210,1,0,0,1,0
2020-06-19,US,Kansas,Haskell,23,0,0,37.5620394,-100.8710738,20081.0,579.6370967741935,0.0,23,22,0,0,22,22,3997,1,0,0,1,0
2020-06-19,US,Kansas,Hodgeman,8,0,0,38.08780079,-99.89829881,20083.0,445.9308807134894,0.0,8,7,0,0,7,7,1818,1,0,0,1,0
2020-06-19,US,Kansas,Jackson,104,1,0,39.41673394,-95.79356799,20085.0,789.6135449092703,0.9615384615384616,103,104,1,0,103,103,13280,0,0,0,0,1
2020-06-19,US,Kansas,Jefferson,22,0,0,39.2347941,-95.38289232,20087.0,115.52801554376936,0.0,22,22,0,0,22,22,18975,0,0,0,0,0
2020-06-19,US,Kansas,Jewell,4,0,0,39.78470589,-98.21820662,20089.0,138.9371309482459,0.0,4,4,0,0,4,4,2841,0,0,0,0,0
2020-06-19,US,Kansas,Johnson,1197,77,0,38.88548175,-94.82250877,20091.0,198.7048494275408,6.432748538011697,1120,1150,76,0,1074,1107,597555,47,1,0,46,43
2020-06-19,US,Kansas,Kearny,46,1,0,38.00017981,-101.321681,20093.0,1198.540906722251,2.1739130434782608,45,46,1,0,45,46,3943,0,0,0,0,0
2020-06-19,US,Kansas,Kiowa,3,0,0,37.55848695,-99.2856537,20097.0,121.21212121212122,0.0,3,3,0,0,3,3,2516,0,0,0,0,0
2020-06-19,US,Kansas,Labette,28,0,0,37.19113093,-95.29849679,20099.0,142.72606789682942,0.0,28,27,0,0,27,27,19964,1,0,0,1,0
2020-06-19,US,Kansas,Lane,5,0,0,38.48119447,-100.4660754,20101.0,325.73289902280135,0.0,5,4,0,0,4,4,1560,1,0,0,1,0
2020-06-19,US,Kansas,Leavenworth,1122,7,0,39.20183497,-95.03620809,20103.0,1372.342767680227,0.6238859180035651,1115,1120,7,0,1113,1118,81352,2,0,0,2,2
2020-06-19,US,Kansas,Linn,12,0,0,38.21267844,-94.84254089,20107.0,123.67309079666084,0.0,12,12,0,0,12,12,9750,0,0,0,0,0
2020-06-19,US,Kansas,Lyon,476,6,0,38.45576156,-96.15275715,20111.0,1433.9508962193104,1.2605042016806722,470,476,6,0,470,476,33406,0,0,0,0,0
2020-06-19,US,Kansas,Marion,7,1,0,38.35855394,-97.0985251,20115.0,58.902726354762706,14.285714285714285,6,7,1,0,6,7,11950,0,0,0,0,0
2020-06-19,US,Kansas,McPherson,41,0,0,38.39184858,-97.64769869,20113.0,143.647957396118,0.0,41,41,0,0,41,39,28537,0,0,0,0,2
2020-06-19,US,Kansas,Meade,30,0,0,37.23859987,-100.364831,20119.0,743.86312918423,0.0,30,30,0,0,30,30,4146,0,0,0,0,0
2020-06-19,US,Kansas,Miami,20,0,0,38.56383358,-94.83832189,20121.0,58.41633320676461,0.0,20,16,0,0,16,16,33680,4,0,0,4,0
2020-06-19,US,Kansas,Mitchell,4,0,0,39.39331582,-98.20906732,20123.0,66.9008195350393,0.0,4,4,0,0,4,4,6150,0,0,0,0,0
2020-06-19,US,Kansas,Montgomery,25,3,0,37.19236568,-95.74329258,20125.0,78.5447233654843,12.0,22,25,3,0,22,25,32120,0,0,0,0,0
2020-06-19,US,Kansas,Morris,5,0,0,38.68827511,-96.65128437,20127.0,88.96797153024912,0.0,5,5,0,0,5,5,5521,0,0,0,0,0
2020-06-19,US,Kansas,Morton,6,1,0,37.19141121,-101.79925190000002,20129.0,231.92887514495555,16.666666666666668,5,6,1,0,5,6,2667,0,0,0,0,0
2020-06-19,US,Kansas,Nemaha,22,0,0,39.78345387,-96.01392079,20131.0,215.0327436223243,0.0,22,22,0,0,22,22,10155,0,0,0,0,0
2020-06-19,US,Kansas,Neosho,17,0,0,37.55862897,-95.30670046,20133.0,106.20353595302055,0.0,17,10,0,0,10,10,15951,7,0,0,7,0
2020-06-19,US,Kansas,Ness,4,0,0,38.47974157,-99.91547333,20135.0,145.45454545454547,0.0,4,4,0,0,4,4,2840,0,0,0,0,0
2020-06-19,US,Kansas,Norton,3,0,0,39.78443827,-99.90286639,20137.0,55.95970900951315,0.0,3,3,0,0,3,3,5430,0,0,0,0,0
2020-06-19,US,Kansas,Osage,10,0,0,38.65235984,-95.72707998,20139.0,62.699855790331675,0.0,10,10,0,0,10,10,15941,0,0,0,0,0
2020-06-19,US,Kansas,Osborne,2,0,0,39.3503437,-98.76753828,20141.0,58.46243788365975,0.0,2,2,0,0,2,2,3475,0,0,0,0,0
2020-06-19,US,Kansas,Ottawa,4,0,0,39.13237408,-97.65020313,20143.0,70.12622720897616,0.0,4,4,0,0,4,4,5802,0,0,0,0,0
2020-06-19,US,Kansas,Pawnee,3,0,0,38.18108732,-99.23692334,20145.0,46.772684752104766,0.0,3,3,0,0,3,3,6562,0,0,0,0,0
2020-06-19,US,Kansas,Phillips,2,0,0,39.78465501,-99.34668865,20147.0,38.211692777990066,0.0,2,2,0,0,2,2,5317,0,0,0,0,0
2020-06-19,US,Kansas,Pottawatomie,42,0,0,39.37925655,-96.34564657,20149.0,172.25115859410244,0.0,42,40,0,0,40,40,24277,2,0,0,2,0
2020-06-19,US,Kansas,Pratt,6,0,0,37.64780729,-98.73922153,20151.0,65.47359231776517,0.0,6,6,0,0,6,6,9378,0,0,0,0,0
2020-06-19,US,Kansas,Reno,53,0,0,37.95230263,-98.08607292,20155.0,85.48662860092261,0.0,53,50,0,0,50,50,62342,3,0,0,3,0
2020-06-19,US,Kansas,Republic,4,0,0,39.82799632,-97.65036709,20157.0,86.28127696289906,0.0,4,4,0,0,4,4,4664,0,0,0,0,0
2020-06-19,US,Kansas,Rice,4,0,0,38.34616184,-98.19992118,20159.0,41.94191045402118,0.0,4,4,0,0,4,4,9531,0,0,0,0,0
2020-06-19,US,Kansas,Riley,103,3,0,39.28935726,-96.73420026,20161.0,138.7541760965621,2.9126213592233015,100,91,3,0,88,91,73703,12,0,0,12,0
2020-06-19,US,Kansas,Rooks,6,0,0,39.35022773,-99.32484567,20163.0,121.95121951219512,0.0,6,6,0,0,6,6,5013,0,0,0,0,0
2020-06-19,US,Kansas,Saline,40,2,0,38.78369175,-97.65185177,20169.0,73.76807317792858,5.0,38,33,2,0,31,33,54401,7,0,0,7,0
2020-06-19,US,Kansas,Scott,16,0,0,38.48222076,-100.9066539,20171.0,331.74372797014314,0.0,16,16,0,0,16,16,4897,0,0,0,0,0
2020-06-19,US,Kansas,Sedgwick,846,25,0,37.6842718,-97.4608198,20173.0,163.94014440685058,2.955082742316785,821,821,25,0,796,810,513607,25,0,0,25,11
2020-06-19,US,Kansas,Seward,955,2,0,37.19324632,-100.8507201,20175.0,4456.785514280381,0.2094240837696335,953,940,2,0,938,940,21780,15,0,0,15,0
2020-06-19,US,Kansas,Shawnee,477,9,0,39.04100763,-95.7557264,20177.0,269.68197879858656,1.8867924528301887,468,469,9,0,460,456,177499,8,0,0,8,13
2020-06-19,US,Kansas,Sheridan,3,0,0,39.35018161,-100.4418259,20179.0,119.00039666798891,0.0,3,3,0,0,3,3,2533,0,0,0,0,0
2020-06-19,US,Kansas,Sherman,7,0,0,39.35147699,-101.7197624,20181.0,118.30319418624303,0.0,7,7,0,0,7,7,5899,0,0,0,0,0
2020-06-19,US,Kansas,Smith,3,0,0,39.78516566,-98.78566062,20183.0,83.72871895060004,0.0,3,3,0,0,3,3,3603,0,0,0,0,0
2020-06-19,US,Kansas,Stafford,1,0,0,38.03100851,-98.71762001,20185.0,24.06159769008662,0.0,1,1,0,0,1,1,4178,0,0,0,0,0
2020-06-19,US,Kansas,Stanton,9,0,0,37.56304714,-101.7843534,20187.0,448.65403788634103,0.0,9,9,0,0,9,9,1987,0,0,0,0,0
2020-06-19,US,Kansas,Stevens,30,0,0,37.1923008,-101.3118967,20189.0,546.9462169553327,0.0,30,30,0,0,30,30,5559,0,0,0,0,0
2020-06-19,US,Kansas,Sumner,9,1,0,37.23682549,-97.47721621,20191.0,39.411455596426684,11.111111111111109,8,9,1,0,8,9,22996,0,0,0,0,0
2020-06-19,US,Kansas,Trego,1,0,0,38.91467218,-99.87284448,20195.0,35.676061362825536,0.0,1,1,0,0,1,1,2793,0,0,0,0,0
2020-06-19,US,Kansas,Wabaunsee,32,0,0,38.95471985,-96.20350509,20197.0,461.6938392728322,0.0,32,32,0,0,32,32,6899,0,0,0,0,0
2020-06-19,US,Kansas,Washington,1,0,0,39.78420784,-97.0875323,20201.0,18.49796522382538,0.0,1,1,0,0,1,1,5420,0,0,0,0,0
2020-06-19,US,Kansas,Wilson,1,0,0,37.55937174,-95.74323255,20205.0,11.730205278592374,0.0,1,1,0,0,1,1,8665,0,0,0,0,0
2020-06-19,US,Kansas,Woodson,6,0,0,37.8865336,-95.74006277,20207.0,191.20458891013385,0.0,6,6,0,0,6,6,3183,0,0,0,0,0
2020-06-19,US,Kansas,Wyandotte,1834,77,0,39.11727348,-94.76378225,20209.0,1108.632706478308,4.198473282442748,1757,1766,77,0,1689,1745,165324,68,0,0,68,21
2020-06-19,US,Kentucky,Adair,104,19,0,37.10459774,-85.28129668,21001.0,541.6102489324029,18.26923076923077,85,103,19,0,84,102,19215,1,0,0,1,1
2020-06-19,US,Kentucky,Allen,145,4,0,36.75197631,-86.19457544,21003.0,680.2721088435375,2.7586206896551726,141,136,4,0,132,137,21122,9,0,0,9,-1
2020-06-19,US,Kentucky,Anderson,27,1,0,38.00671029,-84.99171713,21005.0,118.69697102914671,3.703703703703704,26,27,1,0,26,27,22663,0,0,0,0,0
2020-06-19,US,Kentucky,Ballard,14,0,0,37.05842757,-88.99427697,21007.0,177.4847870182556,0.0,14,14,0,0,14,14,7979,0,0,0,0,0
2020-06-19,US,Kentucky,Barren,70,2,0,36.96469836,-85.93338945,21009.0,158.19566543876698,2.8571428571428568,68,68,2,0,66,67,44176,2,0,0,2,1
2020-06-19,US,Kentucky,Bath,10,1,0,38.14735938,-83.74588932,21011.0,80.0,10.0,9,10,1,0,9,10,12383,0,0,0,0,0
2020-06-19,US,Kentucky,Bell,4,0,0,36.73355174,-83.67766671,21013.0,15.365703749231715,0.0,4,4,0,0,4,4,26569,0,0,0,0,0
2020-06-19,US,Kentucky,Boone,561,23,0,38.97065142,-84.72615357,21015.0,419.9699058997911,4.09982174688057,538,557,23,0,534,552,131533,4,0,0,4,5
2020-06-19,US,Kentucky,Bourbon,26,1,0,38.2054607,-84.21827874,21017.0,131.39276329088335,3.8461538461538463,25,26,1,0,25,26,20184,0,0,0,0,0
2020-06-19,US,Kentucky,Boyd,47,3,0,38.36176608,-82.68652187,21019.0,100.60362173038229,6.382978723404255,44,45,3,0,42,44,47240,2,0,0,2,1
2020-06-19,US,Kentucky,Boyle,31,0,0,37.62680923,-84.8633779,21021.0,103.12707917498336,0.0,31,31,0,0,31,30,30100,0,0,0,0,1
2020-06-19,US,Kentucky,Bracken,15,0,0,38.69158994,-84.08532444,21023.0,180.6575936408527,0.0,15,15,0,0,15,14,8239,0,0,0,0,1
2020-06-19,US,Kentucky,Breathitt,4,0,0,37.52333168,-83.31959161,21025.0,31.670625494853525,0.0,4,4,0,0,4,4,12726,0,0,0,0,0
2020-06-19,US,Kentucky,Breckinridge,23,2,0,37.77377239,-86.42885017,21027.0,112.32114079210821,8.695652173913043,21,23,2,0,21,23,20388,0,0,0,0,0
2020-06-19,US,Kentucky,Bullitt,141,4,0,37.97162523,-85.68955617,21029.0,172.63333170086685,2.8368794326241136,137,138,5,0,133,136,81069,3,-1,0,4,2
2020-06-19,US,Kentucky,Butler,247,13,0,37.20946153,-86.68748787,21031.0,1917.8507648109326,5.2631578947368425,234,246,13,0,233,246,12772,1,0,0,1,0
2020-06-19,US,Kentucky,Caldwell,12,0,0,37.14749129,-87.86948214,21033.0,94.13979759943516,0.0,12,12,0,0,12,12,12715,0,0,0,0,0
2020-06-19,US,Kentucky,Calloway,63,1,0,36.62093411,-88.2731593,21035.0,161.53431963282992,1.5873015873015872,62,63,1,0,62,61,39135,0,0,0,0,2
2020-06-19,US,Kentucky,Campbell,219,12,0,38.94384345,-84.37875208,21037.0,234.01436142930416,5.479452054794519,207,213,12,0,201,212,93152,6,0,0,6,1
2020-06-19,US,Kentucky,Carlisle,5,1,0,36.85372876,-88.96692220000001,21039.0,105.04201680672269,20.0,4,5,1,0,4,5,4771,0,0,0,0,0
2020-06-19,US,Kentucky,Carroll,26,0,0,38.66599534,-85.12601074,21041.0,244.56777349261597,0.0,26,26,0,0,26,25,10737,0,0,0,0,1
2020-06-19,US,Kentucky,Carter,21,0,0,38.31690743,-83.05092385,21043.0,78.36698137851252,0.0,21,20,0,0,20,21,27004,1,0,0,1,-1
2020-06-19,US,Kentucky,Casey,11,0,0,37.32533118,-84.92726209,21045.0,68.07351940095303,0.0,11,11,0,0,11,10,15888,0,0,0,0,1
2020-06-19,US,Kentucky,Christian,144,3,0,36.89267803,-87.49055367,21047.0,204.36837399412443,2.083333333333333,141,138,3,0,135,139,71671,6,0,0,6,-1
2020-06-19,US,Kentucky,Clark,80,0,0,37.9689263,-84.14615986,21049.0,220.61053966853265,0.0,80,79,0,0,79,78,36249,1,0,0,1,1
2020-06-19,US,Kentucky,Clay,30,3,0,37.16451126,-83.712575,21051.0,150.74619365861008,10.0,27,27,3,0,24,23,20105,3,0,0,3,4
2020-06-19,US,Kentucky,Clinton,5,0,0,36.72581156,-85.13377529,21053.0,48.933255040125275,0.0,5,5,0,0,5,5,10206,0,0,0,0,0
2020-06-19,US,Kentucky,Crittenden,7,1,0,37.35839237,-88.08826090000002,21055.0,79.4912559618442,14.285714285714285,6,7,1,0,6,7,8915,0,0,0,0,0
2020-06-19,US,Kentucky,Cumberland,5,0,0,36.78926125,-85.39050034,21057.0,75.59721802237678,0.0,5,5,0,0,5,5,6659,0,0,0,0,0
2020-06-19,US,Kentucky,Daviess,373,8,0,37.73028906,-87.09019479999998,21059.0,367.4478627931948,2.1447721179624666,365,370,8,0,362,368,101104,3,0,0,3,2
2020-06-19,US,Kentucky,Edmonson,71,11,0,37.21218923,-86.23955613,21061.0,584.3621399176955,15.492957746478874,60,71,11,0,60,69,12274,0,0,0,0,2
2020-06-19,US,Kentucky,Elliott,2,0,0,38.11624059,-83.09771563,21063.0,26.60635891978183,0.0,2,2,0,0,2,2,7508,0,0,0,0,0
2020-06-19,US,Kentucky,Estill,5,0,0,37.69241417,-83.95956369,21065.0,35.44590954203885,0.0,5,5,0,0,5,5,14198,0,0,0,0,0
2020-06-19,US,Kentucky,Fayette,1135,18,0,38.0368225,-84.45576892,21067.0,351.2279051344259,1.5859030837004404,1117,1120,18,0,1102,1106,323780,15,0,0,15,14
2020-06-19,US,Kentucky,Fleming,12,0,0,38.36758311,-83.69657514,21069.0,82.29888210685138,0.0,12,10,0,0,10,9,14432,2,0,0,2,1
2020-06-19,US,Kentucky,Floyd,25,0,0,37.56213922,-82.74750924,21071.0,70.24642445699514,0.0,25,22,0,0,22,22,35845,3,0,0,3,0
2020-06-19,US,Kentucky,Franklin,108,3,0,38.2379395,-84.87962551,21073.0,211.8020827204801,2.7777777777777777,105,108,2,0,106,105,50815,0,1,0,-1,3
2020-06-19,US,Kentucky,Fulton,15,0,0,36.55238827,-89.20140068,21075.0,251.2983749371754,0.0,15,14,0,0,14,12,6120,1,0,0,1,2
2020-06-19,US,Kentucky,Gallatin,57,7,0,38.75398691,-84.8558382,21077.0,642.6880144322922,12.280701754385964,50,57,7,0,50,57,8832,0,0,0,0,0
2020-06-19,US,Kentucky,Garrard,16,0,0,37.6388668,-84.53289319,21079.0,90.5694554511491,0.0,16,14,0,0,14,13,17560,2,0,0,2,1
2020-06-19,US,Kentucky,Grant,53,4,0,38.64962758,-84.62415957,21081.0,211.41649048625797,7.547169811320754,49,53,4,0,49,53,25121,0,0,0,0,0
2020-06-19,US,Kentucky,Graves,183,20,0,36.72292505,-88.65143315,21083.0,491.064240862985,10.928961748633881,163,180,20,0,160,176,37317,3,0,0,3,4
2020-06-19,US,Kentucky,Grayson,137,10,0,37.46231118,-86.34248968,21085.0,518.4092027093503,7.299270072992702,127,137,11,0,126,137,26321,0,-1,0,1,0
2020-06-19,US,Kentucky,Green,4,1,0,37.26484328,-85.5540745,21087.0,36.55972945800201,25.0,3,3,1,0,2,2,11049,1,0,0,1,1
2020-06-19,US,Kentucky,Greenup,16,0,0,38.54332505,-82.9215658,21089.0,45.586643113567725,0.0,16,16,0,0,16,16,35268,0,0,0,0,0
2020-06-19,US,Kentucky,Hancock,11,0,0,37.83766422,-86.78280584,21091.0,126.11786287548729,0.0,11,11,0,0,11,11,8758,0,0,0,0,0
2020-06-19,US,Kentucky,Hardin,135,5,0,37.6976111,-85.96319251,21093.0,121.66765803276917,3.703703703703704,130,135,5,0,130,135,110356,0,0,0,0,0
2020-06-19,US,Kentucky,Harlan,16,1,0,36.85699301,-83.21899516,21095.0,61.51480199923107,6.25,15,15,0,0,15,15,26409,1,1,0,0,0
2020-06-19,US,Kentucky,Harrison,54,0,0,38.44188174,-84.32869741,21097.0,285.92608281266547,0.0,54,53,0,0,53,37,18778,1,0,0,1,16
2020-06-19,US,Kentucky,Hart,33,0,0,37.29943898,-85.88461055,21099.0,173.36485421591806,0.0,33,32,0,0,32,31,18906,1,0,0,1,1
2020-06-19,US,Kentucky,Henderson,143,3,0,37.79344553,-87.57392021,21101.0,316.301703163017,2.097902097902098,140,141,3,0,138,140,45591,2,0,0,2,1
2020-06-19,US,Kentucky,Henry,28,2,0,38.44942688,-85.11587507,21103.0,173.63264293687214,7.142857142857142,26,28,2,0,26,27,16106,0,0,0,0,1
2020-06-19,US,Kentucky,Hickman,5,0,0,36.67948079999999,-88.97875928,21105.0,114.15525114155253,0.0,5,5,0,0,5,5,4421,0,0,0,0,0
2020-06-19,US,Kentucky,Hopkins,231,31,0,37.30939025,-87.54670406,21107.0,516.940428769637,13.41991341991342,200,230,31,0,199,231,45068,1,0,0,1,-1
2020-06-19,US,Kentucky,Jackson,85,13,0,37.41866422,-83.99825483,21109.0,637.7072548578287,15.294117647058822,72,81,13,0,68,74,13442,4,0,0,4,7
2020-06-19,US,Kentucky,Jefferson,3528,183,0,38.18664655,-85.65931031,21111.0,460.11969893982064,5.187074829931973,3345,3481,182,0,3299,3451,770517,47,1,0,46,30
2020-06-19,US,Kentucky,Jessamine,95,0,0,37.87119786,-84.58252003,21113.0,175.5520650466599,0.0,95,90,0,0,90,88,53920,5,0,0,5,2
2020-06-19,US,Kentucky,Johnson,8,0,0,37.85106355,-82.8264322,21115.0,36.055525509284294,0.0,8,7,0,0,7,7,22386,1,0,0,1,0
2020-06-19,US,Kentucky,Kenton,709,36,0,38.93950319,-84.53241199,21117.0,424.5559827063797,5.077574047954866,673,706,36,0,670,699,166051,3,0,0,3,7
2020-06-19,US,Kentucky,Knott,4,0,0,37.35388197,-82.94981134,21119.0,27.016074564365802,0.0,4,4,0,0,4,4,15126,0,0,0,0,0
2020-06-19,US,Kentucky,Knox,13,0,0,36.89225732,-83.85403396,21121.0,41.74024723069513,0.0,13,12,0,0,12,12,31304,1,0,0,1,0
2020-06-19,US,Kentucky,Larue,11,1,0,37.54567114,-85.70138352,21123.0,76.3994999305459,9.090909090909092,10,11,1,0,10,11,14307,0,0,0,0,0
2020-06-19,US,Kentucky,Laurel,52,2,0,37.10975748,-84.11321779,21125.0,85.50803282192952,3.8461538461538463,50,48,2,0,46,47,60669,4,0,0,4,1
2020-06-19,US,Kentucky,Lawrence,5,0,0,38.07136018,-82.72882223,21127.0,32.64346804204479,0.0,5,5,0,0,5,5,15571,0,0,0,0,0
2020-06-19,US,Kentucky,Lee,1,0,0,37.59645942,-83.71513901,21129.0,13.508037282182901,0.0,1,1,0,0,1,1,7033,0,0,0,0,0
2020-06-19,US,Kentucky,Leslie,7,0,0,37.09246661,-83.37999606,21131.0,70.87172218284904,0.0,7,7,0,0,7,7,10143,0,0,0,0,0
2020-06-19,US,Kentucky,Letcher,6,0,0,37.12306748,-82.85346474,21133.0,27.838351969563398,0.0,6,6,0,0,6,5,21899,0,0,0,0,1
2020-06-19,US,Kentucky,Lewis,16,0,0,38.53184419,-83.37735618,21135.0,120.52730696798493,0.0,16,16,0,0,16,15,13257,0,0,0,0,1
2020-06-19,US,Kentucky,Lincoln,17,1,0,37.45475628,-84.6565327,21137.0,69.24925658886309,5.882352941176472,16,15,1,0,14,15,24644,2,0,0,2,0
2020-06-19,US,Kentucky,Livingston,8,0,0,37.21137452,-88.34797529,21139.0,87.01326952360235,0.0,8,8,0,0,8,9,9242,0,0,0,0,-1
2020-06-19,US,Kentucky,Logan,201,10,0,36.85949479,-86.877635,21141.0,741.6426831968122,4.975124378109452,191,201,10,0,191,201,26989,0,0,0,0,0
2020-06-19,US,Kentucky,Lyon,18,3,0,37.02080035,-88.07886257,21143.0,219.2448233861145,16.666666666666668,15,18,3,0,15,18,8009,0,0,0,0,0
2020-06-19,US,Kentucky,Madison,91,1,0,37.71659336,-84.27220275,21151.0,97.86314215965672,1.0989010989010992,90,86,1,0,85,82,92368,5,0,0,5,4
2020-06-19,US,Kentucky,Magoffin,5,0,0,37.70820545,-83.0657714,21153.0,41.115039881588686,0.0,5,4,0,0,4,4,12362,1,0,0,1,0
2020-06-19,US,Kentucky,Marion,45,0,0,37.55218078,-85.26898542,21155.0,233.48726197270798,0.0,45,45,0,0,45,43,19404,0,0,0,0,2
2020-06-19,US,Kentucky,Marshall,50,2,0,36.88007070000001,-88.32803576,21157.0,160.77170418006432,4.0,48,48,2,0,46,47,31191,2,0,0,2,1
2020-06-19,US,Kentucky,Martin,3,0,0,37.79990579,-82.51247478,21159.0,26.797677534613662,0.0,3,3,0,0,3,3,11323,0,0,0,0,0
2020-06-19,US,Kentucky,Mason,18,0,0,38.59471935,-83.82151043,21161.0,105.44815465729349,0.0,18,18,0,0,18,17,17150,0,0,0,0,1
2020-06-19,US,Kentucky,McCracken,134,3,0,37.05350953,-88.70445755,21145.0,204.83658931792476,2.238805970149253,131,129,3,0,126,126,65346,5,0,0,5,3
2020-06-19,US,Kentucky,McCreary,13,0,0,36.73874143,-84.48102924,21147.0,75.44541814172132,0.0,13,13,0,0,13,13,17408,0,0,0,0,0
2020-06-19,US,Kentucky,McLean,24,1,0,37.5301951,-87.26803443,21149.0,260.67122841316393,4.166666666666667,23,24,1,0,23,24,9252,0,0,0,0,0
2020-06-19,US,Kentucky,Meade,24,2,0,37.96163597,-86.21028219,21163.0,83.99832003359933,8.333333333333334,22,24,2,0,22,24,28715,0,0,0,0,0
2020-06-19,US,Kentucky,Menifee,10,0,0,37.94090733,-83.59985712,21165.0,154.10695022345507,0.0,10,10,0,0,10,10,6451,0,0,0,0,0
2020-06-19,US,Kentucky,Mercer,17,0,0,37.81474237,-84.87488475,21167.0,77.50877672912964,0.0,17,17,0,0,17,16,21774,0,0,0,0,1
2020-06-19,US,Kentucky,Metcalfe,8,2,0,36.99459295,-85.63123699,21169.0,79.43600436898024,25.0,6,8,2,0,6,8,10030,0,0,0,0,0
2020-06-19,US,Kentucky,Monroe,32,0,0,36.71225341,-85.71596443,21171.0,300.4694835680752,0.0,32,32,0,0,32,31,10718,0,0,0,0,1
2020-06-19,US,Kentucky,Montgomery,41,0,0,38.03253032,-83.9145241,21173.0,145.6121035621693,0.0,41,41,0,0,41,40,28203,0,0,0,0,1
2020-06-19,US,Kentucky,Morgan,7,0,0,37.92465657,-83.25558245,21175.0,52.59598767751147,0.0,7,7,0,0,7,7,13345,0,0,0,0,0
2020-06-19,US,Kentucky,Muhlenberg,491,8,0,37.21425819,-87.14632053,21177.0,1603.4223760694924,1.6293279022403258,483,482,8,0,474,482,30774,9,0,0,9,0
2020-06-19,US,Kentucky,Nelson,50,1,0,37.80335779,-85.4657193,21179.0,108.14785975385547,2.0,49,50,1,0,49,49,45851,0,0,0,0,1
2020-06-19,US,Kentucky,Nicholas,5,0,0,38.33342292,-84.01889177,21181.0,68.78525244187647,0.0,5,4,0,0,4,4,7166,1,0,0,1,0
2020-06-19,US,Kentucky,Ohio,171,0,0,37.47751843,-86.85368087,21183.0,712.6781695423856,0.0,171,168,0,0,168,168,24087,3,0,0,3,0
2020-06-19,US,Kentucky,Oldham,116,6,0,38.39791089,-85.448222,21185.0,173.65529424093174,5.172413793103448,110,114,6,0,108,114,66470,2,0,0,2,0
2020-06-19,US,Kentucky,Owen,5,0,0,38.51679143,-84.82404619,21187.0,45.86735161911753,0.0,5,5,0,0,5,5,10880,0,0,0,0,0
2020-06-19,US,Kentucky,Owsley,2,0,0,37.42823949,-83.68811419,21189.0,45.30011325028314,0.0,2,2,0,0,2,2,4472,0,0,0,0,0
2020-06-19,US,Kentucky,Pendleton,14,0,0,38.69607718,-84.35599463,21191.0,95.95613433858809,0.0,14,14,0,0,14,14,14529,0,0,0,0,0
2020-06-19,US,Kentucky,Perry,38,1,0,37.25023553,-83.22922731,21193.0,147.52698190853326,2.631578947368421,37,25,0,0,25,25,26092,13,1,0,12,0
2020-06-19,US,Kentucky,Pike,59,2,0,37.47088263,-82.39487445,21195.0,101.94208307415856,3.3898305084745757,57,54,2,0,52,53,58402,5,0,0,5,1
2020-06-19,US,Kentucky,Powell,5,0,0,37.83218794,-83.82553961,21197.0,40.456347600938585,0.0,5,5,0,0,5,5,12442,0,0,0,0,0
2020-06-19,US,Kentucky,Pulaski,74,2,0,37.10466131,-84.57629079,21199.0,113.88294679819633,2.702702702702702,72,74,2,0,72,73,64623,0,0,0,0,1
2020-06-19,US,Kentucky,Rockcastle,16,0,0,37.36642393,-84.31176452,21203.0,95.83707696915243,0.0,16,16,0,0,16,15,16750,0,0,0,0,1
2020-06-19,US,Kentucky,Rowan,17,0,0,38.19484205,-83.42088935,21205.0,69.50122649223222,0.0,17,15,0,0,15,15,24583,2,0,0,2,0
2020-06-19,US,Kentucky,Russell,38,4,0,36.99308373,-85.06070117,21207.0,212.01807733080398,10.526315789473683,34,38,4,0,34,38,17821,0,0,0,0,0
2020-06-19,US,Kentucky,Scott,60,0,0,38.29622293,-84.5816631,21209.0,105.25577152480528,0.0,60,57,0,0,57,45,56031,3,0,0,3,12
2020-06-19,US,Kentucky,Shelby,347,6,0,38.21476019,-85.194223,21211.0,707.8165796344647,1.7291066282420748,341,314,6,0,308,281,48518,33,0,0,33,33
2020-06-19,US,Kentucky,Simpson,62,3,0,36.74058474,-86.58047435,21213.0,333.83588197286235,4.838709677419356,59,61,3,0,58,60,18529,1,0,0,1,1
2020-06-19,US,Kentucky,Spencer,28,0,0,38.03223971,-85.32749335,21215.0,144.69536458064184,0.0,28,28,0,0,28,26,18794,0,0,0,0,2
2020-06-19,US,Kentucky,Taylor,25,1,0,37.3677562,-85.3329931,21217.0,97.01579417129109,4.0,24,25,1,0,24,21,25549,0,0,0,0,4
2020-06-19,US,Kentucky,Todd,23,0,0,36.8381152,-87.17878374,21219.0,187.0831299821051,0.0,23,23,0,0,23,23,12311,0,0,0,0,0
2020-06-19,US,Kentucky,Trigg,20,0,0,36.80767017,-87.87333656,21221.0,136.50945327963962,0.0,20,18,0,0,18,17,14643,2,0,0,2,1
2020-06-19,US,Kentucky,Trimble,4,0,0,38.61056487,-85.33775972,21223.0,47.21992680911345,0.0,4,4,0,0,4,4,8515,0,0,0,0,0
2020-06-19,US,Kentucky,Unassigned,21,0,0,0.0,0.0,90021.0,0.0,0.0,21,18,0,0,18,14,,3,0,0,3,4
2020-06-19,US,Kentucky,Union,24,0,0,37.66166713,-87.94300009,21225.0,166.8868646130311,0.0,24,22,0,0,22,20,14505,2,0,0,2,2
2020-06-19,US,Kentucky,Warren,1323,10,0,36.99903045,-86.42672751,21227.0,995.5152901516977,0.7558578987150416,1313,1302,10,0,1292,1299,131264,21,0,0,21,3
2020-06-19,US,Kentucky,Washington,17,0,0,37.75599461,-85.17407732,21229.0,140.55394791236048,0.0,17,17,0,0,17,15,12084,0,0,0,0,2
2020-06-19,US,Kentucky,Wayne,10,0,0,36.80310688,-84.8251971,21231.0,49.18113411695274,0.0,10,10,0,0,10,10,20468,0,0,0,0,0
2020-06-19,US,Kentucky,Webster,37,0,0,37.52168356,-87.67989953,21233.0,285.8908978519549,0.0,37,37,0,0,37,37,13111,0,0,0,0,0
2020-06-19,US,Kentucky,Whitley,19,0,0,36.75700531,-84.14541217,21235.0,52.393558349878674,0.0,19,19,0,0,19,18,36242,0,0,0,0,1
2020-06-19,US,Kentucky,Wolfe,2,0,0,37.73941626,-83.49303612,21237.0,27.944669554282516,0.0,2,2,0,0,2,1,7177,0,0,0,0,1
2020-06-19,US,Kentucky,Woodford,60,0,0,38.04178222,-84.7417556,21239.0,224.43330590259598,0.0,60,58,0,0,58,55,26533,2,0,0,2,3
2020-06-19,US,Louisiana,Acadia,639,32,0,30.2950649,-92.41419698,22001.0,1029.897654927875,5.007824726134586,607,625,32,0,593,625,62190,14,0,0,14,0
2020-06-19,US,Louisiana,Allen,223,10,0,30.65385745,-92.82442028,22003.0,870.1759862644867,4.484304932735426,213,243,10,0,233,243,25605,-20,0,0,-20,0
2020-06-19,US,Louisiana,Ascension,961,58,0,30.20406249,-90.91328409999998,22005.0,759.0597453476984,6.035379812695108,903,962,58,0,904,962,124672,-1,0,0,-1,0
2020-06-19,US,Louisiana,Assumption,324,14,0,29.89946234,-91.06461642,22007.0,1480.0602987529119,4.320987654320987,310,282,14,0,268,282,22300,42,0,0,42,0
2020-06-19,US,Louisiana,Avoyelles,200,10,0,31.07796211,-92.00079449,22009.0,498.2064567556795,5.0,190,193,10,0,183,193,40462,7,0,0,7,0
2020-06-19,US,Louisiana,Beauregard,147,7,0,30.64836518,-93.34173616,22011.0,392.0313625090007,4.761904761904762,140,139,6,0,133,139,37253,8,1,0,7,0
2020-06-19,US,Louisiana,Bienville,196,25,0,32.34569994,-93.05398492,22013.0,1480.2507363492184,12.755102040816329,171,183,24,0,159,183,13308,13,1,0,12,0
2020-06-19,US,Louisiana,Bossier,643,28,0,32.67932307,-93.60460152,22015.0,506.14378261793615,4.354587869362364,615,528,28,0,500,528,127185,115,0,0,115,0
2020-06-19,US,Louisiana,Caddo,2831,219,0,32.57991587,-93.88375652,22017.0,1178.581539025162,7.735782409042741,2612,2933,217,0,2716,2933,242922,-102,2,0,-104,0
2020-06-19,US,Louisiana,Calcasieu,831,52,0,30.22931235,-93.35400434,22019.0,408.48227452368315,6.257521058965103,779,824,52,0,772,824,203112,7,0,0,7,0
2020-06-19,US,Louisiana,Caldwell,93,1,0,32.0902519,-92.11752148,22021.0,937.6890502117363,1.075268817204301,92,86,1,0,85,86,9960,7,0,0,7,0
2020-06-19,US,Louisiana,Cameron,26,0,0,29.87592238,-93.19310676,22023.0,372.8667718342177,0.0,26,12,0,0,12,12,6968,14,0,0,14,0
2020-06-19,US,Louisiana,Catahoula,151,3,0,31.66778967,-91.84526385,22025.0,1590.4781967558456,1.9867549668874167,148,164,3,0,161,164,9608,-13,0,0,-13,0
2020-06-19,US,Louisiana,Claiborne,105,10,0,32.82308512,-92.99526883,22027.0,670.0701978302487,9.523809523809524,95,85,10,0,75,85,15944,20,0,0,20,0
2020-06-19,US,Louisiana,Concordia,100,5,0,31.44817835,-91.63814433,22029.0,519.2377589698323,5.0,95,117,5,0,112,117,19572,-17,0,0,-17,0
2020-06-19,US,Louisiana,De Soto,311,17,0,32.05457447,-93.74130302,22031.0,1132.432727669956,5.466237942122186,294,275,17,0,258,275,27436,36,0,0,36,0
2020-06-19,US,Louisiana,East Baton Rouge,4218,262,0,30.53842039,-91.09777565,22033.0,958.5078364492033,6.211474632527263,3956,4357,260,0,4097,4357,440956,-139,2,0,-141,0
2020-06-19,US,Louisiana,East Carroll,260,0,0,32.73926954,-91.23425694,22035.0,3789.535053199242,0.0,260,244,0,0,244,244,7037,16,0,0,16,0
2020-06-19,US,Louisiana,East Feliciana,263,32,0,30.84425359,-91.04976723,22037.0,1374.4447347792004,12.167300380228136,231,231,32,0,199,231,19305,32,0,0,32,0
2020-06-19,US,Louisiana,Evangeline,120,1,0,30.72985248,-92.39915924,22039.0,359.33522982482407,0.8333333333333334,119,100,1,0,99,100,33443,20,0,0,20,0
2020-06-19,US,Louisiana,Franklin,412,14,0,32.13675181,-91.67589857,22041.0,2058.4561578815888,3.3980582524271843,398,439,14,0,425,439,20156,-27,0,0,-27,0
2020-06-19,US,Louisiana,Grant,76,1,0,31.59882456,-92.56124347,22043.0,339.4524096654607,1.3157894736842106,75,61,1,0,60,61,22482,15,0,0,15,0
2020-06-19,US,Louisiana,Iberia,459,42,0,29.86803617,-91.75871777,22045.0,657.3106114850351,9.150326797385619,417,501,42,0,459,501,70941,-42,0,0,-42,0
2020-06-19,US,Louisiana,Iberville,662,43,0,30.25734305,-91.3499598,22047.0,2036.233890067977,6.495468277945618,619,618,43,0,575,618,32721,44,0,0,44,0
2020-06-19,US,Louisiana,Jackson,186,15,0,32.30251776,-92.55692092,22049.0,1181.4024390243906,8.064516129032258,171,173,15,0,158,173,15902,13,0,0,13,0
2020-06-19,US,Louisiana,Jefferson,8542,474,0,29.74075478,-90.11115756,22051.0,1975.0608680371704,5.549051744322172,8068,8507,472,0,8035,8507,434051,35,2,0,33,0
2020-06-19,US,Louisiana,Jefferson Davis,189,7,0,30.26896765,-92.81210004,22053.0,602.5248661055853,3.703703703703704,182,162,7,0,155,162,31582,27,0,0,27,0
2020-06-19,US,Louisiana,LaSalle,86,0,0,31.67884782,-92.15907765,22059.0,577.491270480795,0.0,86,90,0,0,90,90,14917,-4,0,0,-4,0
2020-06-19,US,Louisiana,Lafayette,1310,32,0,30.2049055,-92.06959876,22055.0,536.0284790703383,2.442748091603053,1278,1302,32,0,1270,1302,242782,8,0,0,8,0
2020-06-19,US,Louisiana,Lafourche,998,83,0,29.52470226,-90.40976986,22057.0,1022.3943286823613,8.316633266533065,915,1013,78,0,935,1013,98115,-15,5,0,-20,0
2020-06-19,US,Louisiana,Lincoln,269,19,0,32.6003154,-92.6659741,22061.0,575.4995507252577,7.063197026022304,250,259,18,0,241,259,47196,10,1,0,9,0
2020-06-19,US,Louisiana,Livingston,638,34,0,30.44143993,-90.73061664,22063.0,453.16040315649667,5.329153605015674,604,573,33,0,540,573,139567,65,1,0,64,0
2020-06-19,US,Louisiana,Madison,289,2,0,32.36918118,-91.23973355,22065.0,2639.028399232947,0.6920415224913494,287,287,2,0,285,287,11161,2,0,0,2,0
2020-06-19,US,Louisiana,Morehouse,182,6,0,32.81686191,-91.80421614,22067.0,731.6877060384337,3.2967032967032965,176,186,6,0,180,186,25398,-4,0,0,-4,0
2020-06-19,US,Louisiana,Natchitoches,190,13,0,31.72321584,-93.09816516,22069.0,497.92966088369417,6.842105263157895,177,195,13,0,182,195,38659,-5,0,0,-5,0
2020-06-19,US,Louisiana,Orleans,7448,526,0,30.06971951,-89.92660315,22071.0,1909.038713910761,7.062298603651987,6922,7459,523,0,6936,7459,391006,-11,3,0,-14,0
2020-06-19,US,Louisiana,Ouachita,1881,66,0,32.47645559,-92.15704172,22073.0,1227.1739768657155,3.5087719298245608,1815,1889,66,0,1823,1889,154475,-8,0,0,-8,0
2020-06-19,US,Louisiana,Plaquemines,234,17,0,29.42245447,-89.60322085,22075.0,1008.7511316118463,7.264957264957265,217,228,17,0,211,228,23410,6,0,0,6,0
2020-06-19,US,Louisiana,Pointe Coupee,218,27,0,30.71409502,-91.60209535,22077.0,1003.2213529682467,12.385321100917432,191,224,27,0,197,224,21940,-6,0,0,-6,0
2020-06-19,US,Louisiana,Rapides,1290,48,0,31.19778499,-92.52997303,22079.0,995.0018511662347,3.72093023255814,1242,1229,47,0,1182,1229,130562,61,1,0,60,0
2020-06-19,US,Louisiana,Red River,54,8,0,32.09530039,-93.34213308,22081.0,639.6588486140723,14.814814814814815,46,52,8,0,44,52,8477,2,0,0,2,0
2020-06-19,US,Louisiana,Richland,144,3,0,32.41391005,-91.76634876,22083.0,715.6346287645363,2.083333333333333,141,167,3,0,164,167,20192,-23,0,0,-23,0
2020-06-19,US,Louisiana,Sabine,63,1,0,31.56388699,-93.55433981,22085.0,263.7749120750293,1.5873015873015872,62,63,1,0,62,63,24032,0,0,0,0,0
2020-06-19,US,Louisiana,St. Bernard,598,23,0,29.87761636,-89.51887093,22087.0,1265.769198205063,3.8461538461538463,575,580,23,0,557,580,46721,18,0,0,18,0
2020-06-19,US,Louisiana,St. Charles,685,46,0,29.90709658,-90.35555967,22089.0,1290.0188323917137,6.7153284671532845,639,667,46,0,621,667,52879,18,0,0,18,0
2020-06-19,US,Louisiana,St. Helena,85,1,0,30.82210324,-90.71013176,22091.0,838.9261744966443,1.1764705882352942,84,60,1,0,59,60,10262,25,0,0,25,0
2020-06-19,US,Louisiana,St. James,331,28,0,30.02531716,-90.80212061,22093.0,1569.0178232840346,8.459214501510575,303,313,28,0,285,313,21037,18,0,0,18,0
2020-06-19,US,Louisiana,St. John the Baptist,917,85,0,30.12597499,-90.4753503,22095.0,2140.672782874618,9.269356597600872,832,904,83,0,821,904,43184,13,2,0,11,0
2020-06-19,US,Louisiana,St. Landry,453,55,0,30.59724262,-92.00135806,22097.0,551.6048901660903,12.141280353200884,398,393,55,0,338,393,82764,60,0,0,60,0
2020-06-19,US,Louisiana,St. Martin,483,28,0,30.13112107,-91.61403569,22099.0,903.9696056596358,5.797101449275362,455,441,28,0,413,441,53621,42,0,0,42,0
2020-06-19,US,Louisiana,St. Mary,373,35,0,29.69262097,-91.44702164,22101.0,755.8563670260193,9.383378016085793,338,363,35,0,328,363,49774,10,0,0,10,0
2020-06-19,US,Louisiana,St. Tammany,1966,170,0,30.40942847,-89.95642711,22103.0,754.9372357623675,8.646998982706004,1796,1999,170,0,1829,1999,258111,-33,0,0,-33,0
2020-06-19,US,Louisiana,Tangipahoa,1078,42,0,30.62888673,-90.40664996,22105.0,799.9525074578132,3.8961038961038965,1036,1082,42,0,1040,1082,133777,-4,0,0,-4,0
2020-06-19,US,Louisiana,Tensas,24,0,0,32.00760749,-91.32915234,22107.0,553.7609598523304,0.0,24,22,0,0,22,22,4462,2,0,0,2,0
2020-06-19,US,Louisiana,Terrebonne,826,59,0,29.37343766,-90.82626855,22109.0,747.7752328876254,7.142857142857142,767,826,58,0,768,826,111021,0,1,0,-1,0
2020-06-19,US,Louisiana,Unassigned,3,112,0,0.0,0.0,90022.0,0.0,3733.333333333334,-109,458,112,0,346,458,,-455,0,0,-455,0
2020-06-19,US,Louisiana,Union,372,20,0,32.83121059,-92.3749373,22111.0,1682.6488149086304,5.376344086021504,352,435,20,0,415,435,22330,-63,0,0,-63,0
2020-06-19,US,Louisiana,Vermilion,121,5,0,29.83517605,-92.30292538,22113.0,203.32375527213455,4.132231404958676,116,99,5,0,94,99,59830,22,0,0,22,0
2020-06-19,US,Louisiana,Vernon,73,4,0,31.10884837,-93.18153838,22115.0,153.91427185898922,5.479452054794519,69,67,3,0,64,67,48860,6,1,0,5,0
2020-06-19,US,Louisiana,Washington,570,43,0,30.85288548,-90.03866652,22117.0,1233.9264839589555,7.543859649122808,527,560,43,0,517,560,46582,10,0,0,10,0
2020-06-19,US,Louisiana,Webster,311,9,0,32.70847669,-93.33121835,22119.0,811.1632759520082,2.893890675241157,302,331,10,0,321,331,38798,-20,-1,0,-19,0
2020-06-19,US,Louisiana,West Baton Rouge,231,30,0,30.46058217,-91.30989571,22121.0,872.8509351974305,12.987012987012987,201,205,30,0,175,205,26427,26,0,0,26,0
2020-06-19,US,Louisiana,West Carroll,103,3,0,32.78550125,-91.461201,22123.0,951.0618651892889,2.9126213592233015,100,115,3,0,112,115,10982,-12,0,0,-12,0
2020-06-19,US,Louisiana,West Feliciana,226,14,0,30.87882871,-91.4148538,22125.0,1451.6957862281604,6.1946902654867255,212,239,14,0,225,239,15460,-13,0,0,-13,0
2020-06-19,US,Louisiana,Winn,224,5,0,31.94449367,-92.63789413,22127.0,1611.0471806674338,2.232142857142857,219,215,5,0,210,215,14134,9,0,0,9,0
2020-06-19,US,Maine,Androscoggin,445,4,0,44.1664747,-70.20380627,23001.0,410.98294189901833,0.8988764044943821,441,441,4,0,437,434,107679,4,0,0,4,7
2020-06-19,US,Maine,Aroostook,11,1,0,46.65926321,-68.59841248,23003.0,16.404444113041528,9.090909090909092,10,11,1,0,10,10,67111,0,0,0,0,1
2020-06-19,US,Maine,Cumberland,1516,58,0,43.8370751,-70.37226999,23005.0,513.8930790534333,3.8258575197889177,1458,1493,58,0,1435,1461,293557,23,0,0,23,32
2020-06-19,US,Maine,Franklin,38,1,0,44.97330019,-70.44381045,23007.0,125.83198119143015,2.631578947368421,37,37,1,0,36,37,29897,1,0,0,1,0
2020-06-19,US,Maine,Hancock,13,1,0,44.59816444,-68.38401854,23009.0,23.64195173404623,7.6923076923076925,12,13,1,0,12,13,54811,0,0,0,0,0
2020-06-19,US,Maine,Kennebec,138,9,0,44.40759555,-69.76738544,23011.0,112.83544013998136,6.521739130434782,129,138,9,0,129,138,122083,0,0,0,0,0
2020-06-19,US,Maine,Knox,23,1,0,44.11486325,-69.10529169,23013.0,57.82962888464246,4.3478260869565215,22,23,1,0,22,23,39771,0,0,0,0,0
2020-06-19,US,Maine,Lincoln,21,0,0,44.05996956,-69.54227124,23015.0,60.63405901715078,0.0,21,21,0,0,21,21,34342,0,0,0,0,0
2020-06-19,US,Maine,Oxford,34,0,0,44.49952995,-70.75682123,23017.0,58.64596808969383,0.0,34,33,0,0,33,34,57618,1,0,0,1,-1
2020-06-19,US,Maine,Penobscot,102,2,0,45.40194593,-68.65020455,23019.0,67.03998738070824,1.96078431372549,100,101,2,0,99,101,151096,1,0,0,1,0
2020-06-19,US,Maine,Piscataquis,1,0,0,45.83839062,-69.2860223,23021.0,5.957700327673518,0.0,1,1,0,0,1,1,16800,0,0,0,0,0
2020-06-19,US,Maine,Sagadahoc,30,0,0,43.95415864,-69.85074999,23023.0,83.66800535475234,0.0,30,30,0,0,30,30,35634,0,0,0,0,0
2020-06-19,US,Maine,Somerset,26,0,0,45.51229767,-69.95995554,23025.0,51.50146581095,0.0,26,26,0,0,26,26,50592,0,0,0,0,0
2020-06-19,US,Maine,Unassigned,1,0,0,0.0,0.0,90023.0,0.0,0.0,1,2,0,0,2,1,,-1,0,0,-1,1
2020-06-19,US,Maine,Waldo,55,14,0,44.4858305,-69.12061935,23027.0,138.48671786478658,25.45454545454545,41,55,14,0,41,55,39694,0,0,0,0,0
2020-06-19,US,Maine,Washington,2,0,0,45.01607142,-67.62813524,23029.0,6.373689410115046,0.0,2,2,0,0,2,1,31490,0,0,0,0,1
2020-06-19,US,Maine,York,457,11,0,43.47808377,-70.71052375,23031.0,220.0914077662889,2.4070021881838075,446,451,11,0,440,450,206229,6,0,0,6,1
2020-06-19,US,Maryland,Allegany,187,17,0,39.62357628,-78.69280486,24001.0,265.5646443990002,9.090909090909092,170,187,17,0,170,188,70975,0,0,0,0,-1
2020-06-19,US,Maryland,Anne Arundel,4862,198,0,39.00670238,-76.60329337,24003.0,839.3844284002665,4.072398190045249,4664,4835,196,0,4639,4796,576031,27,2,0,25,39
2020-06-19,US,Maryland,Baltimore,7403,442,0,39.45784712,-76.62911955,24005.0,894.7629234804259,5.970552478724843,6961,7371,437,0,6934,7329,828431,32,5,0,27,42
2020-06-19,US,Maryland,Baltimore City,6938,310,0,39.30211911,-76.61151012,24510.0,1169.017169623751,4.4681464398962225,6628,6906,309,0,6597,6866,621342,32,1,0,31,40
2020-06-19,US,Maryland,Calvert,389,23,0,38.53961642,-76.56820632,24009.0,420.42691164550115,5.912596401028278,366,385,23,0,362,382,92003,4,0,0,4,3
2020-06-19,US,Maryland,Caroline,288,2,0,38.87172293,-75.82904158,24011.0,862.1205771418307,0.6944444444444444,286,285,2,0,283,284,33304,3,0,0,3,1
2020-06-19,US,Maryland,Carroll,1028,108,0,39.56453592,-77.02373735,24013.0,610.2809785867365,10.505836575875486,920,1010,108,0,902,1006,168429,18,0,0,18,4
2020-06-19,US,Maryland,Cecil,459,29,0,39.56647682,-75.94627411,24015.0,446.2592970686889,6.318082788671024,430,456,29,0,427,455,102826,3,0,0,3,1
2020-06-19,US,Maryland,Charles,1294,86,0,38.51092331,-76.98580666,24017.0,792.615324304624,6.646058732612056,1208,1294,86,0,1208,1291,161503,0,0,0,0,3
2020-06-19,US,Maryland,Dorchester,174,4,0,38.45413522,-76.02752426,24019.0,544.9591280653951,2.2988505747126435,170,170,4,0,166,170,31998,4,0,0,4,0
2020-06-19,US,Maryland,Frederick,2361,116,0,39.47296601,-77.39999394,24021.0,909.6618338875039,4.913172384582804,2245,2342,115,0,2227,2336,255648,19,1,0,18,6
2020-06-19,US,Maryland,Garrett,10,0,0,39.52786077,-79.27355126,24023.0,34.46611980423244,0.0,10,10,0,0,10,10,29163,0,0,0,0,0
2020-06-19,US,Maryland,Harford,1041,61,0,39.55010644,-76.30775940000002,24025.0,407.53050606598,5.859750240153699,980,1036,62,0,974,1032,253956,5,-1,0,6,4
2020-06-19,US,Maryland,Howard,2382,79,0,39.25305293,-76.93126208,24027.0,731.3703214713378,3.3165407220822836,2303,2348,79,0,2269,2343,323196,34,0,0,34,5
2020-06-19,US,Maryland,Kent,193,23,0,39.24976208,-76.04741541,24029.0,993.7184635979816,11.917098445595856,170,193,24,0,169,192,19383,0,-1,0,1,1
2020-06-19,US,Maryland,Montgomery,13928,710,0,39.13676329,-77.20358245,24031.0,1325.607601876104,5.09764503159104,13218,13862,707,0,13155,13819,1052567,66,3,0,63,43
2020-06-19,US,Maryland,Prince George's,17709,653,0,38.83070039,-76.8496441,24033.0,1947.4842383433026,3.6873905923541694,17056,17666,649,0,17017,17611,909308,43,4,0,39,55
2020-06-19,US,Maryland,Queen Anne's,203,14,0,39.06198912,-76.03530977,24035.0,402.9296758698716,6.896551724137932,189,187,14,0,173,187,50251,16,0,0,16,0
2020-06-19,US,Maryland,Somerset,83,3,0,38.1163542,-75.75118623,24039.0,324.0162398500937,3.614457831325301,80,83,3,0,80,82,25675,0,0,0,0,1
2020-06-19,US,Maryland,St. Mary's,599,44,0,38.30058422,-76.60629279999998,24037.0,527.7068099726896,7.345575959933223,555,595,44,0,551,587,112664,4,0,0,4,8
2020-06-19,US,Maryland,Talbot,113,4,0,38.76618159,-76.10882561,24041.0,303.9186681369517,3.5398230088495577,109,110,4,0,106,110,36968,3,0,0,3,0
2020-06-19,US,Maryland,Unassigned,0,25,0,0.0,0.0,90024.0,0.0,0.0,-25,0,26,0,-26,0,,0,-1,0,1,0
2020-06-19,US,Maryland,Washington,601,25,0,39.60835778,-77.82002295,24043.0,397.8841303153282,4.1597337770382685,576,595,24,0,571,593,150926,6,1,0,5,2
2020-06-19,US,Maryland,Wicomico,1036,37,0,38.37301947,-75.62705831,24045.0,999.9131349593182,3.571428571428572,999,1036,37,0,999,1035,103195,0,0,0,0,1
2020-06-19,US,Maryland,Worcester,267,17,0,38.21274277,-75.33200012,24047.0,510.75063126482513,6.367041198501872,250,267,17,0,250,265,51823,0,0,0,0,2
2020-06-19,US,Massachusetts,Barnstable,1508,136,0,41.72980578,-70.28854339,25001.0,708.0144607728063,9.018567639257297,1372,1502,135,0,1367,1497,213413,6,1,0,5,5
2020-06-19,US,Massachusetts,Berkshire,585,44,0,42.37428441,-73.20524838,25003.0,468.20975797157126,7.521367521367521,541,584,42,0,542,582,126348,1,2,0,-1,2
2020-06-19,US,Massachusetts,Bristol,8002,537,0,41.79228404,-71.10872211,25005.0,1415.7394416657671,6.710822294426394,7465,7979,534,0,7445,7956,564022,23,3,0,20,23
2020-06-19,US,Massachusetts,Dukes and Nantucket,57,0,0,41.40674725,-70.68763497,0.0,198.39198078730288,0.0,57,57,0,0,57,57,26707,0,0,0,0,0
2020-06-19,US,Massachusetts,Essex,15778,1065,0,42.6687626,-70.94687179,25009.0,1999.6603441676784,6.749904930916466,14713,15739,1063,0,14676,15703,790638,39,2,0,37,36
2020-06-19,US,Massachusetts,Franklin,357,52,0,42.58119713,-72.58602547,25011.0,508.6919350242234,14.565826330532213,305,356,52,0,304,354,70963,1,0,0,1,2
2020-06-19,US,Massachusetts,Hampden,6556,647,0,42.13440424,-72.63235561,25013.0,1405.744770269227,9.86882245271507,5909,6537,646,0,5891,6518,470406,19,1,0,18,19
2020-06-19,US,Massachusetts,Hampshire,941,106,0,42.33997957,-72.65898478,25015.0,585.0898464216875,11.264612114771518,835,936,106,0,830,936,161355,5,0,0,5,0
2020-06-19,US,Massachusetts,Middlesex,23464,1791,0,42.48607732,-71.39049229,25017.0,1455.8549704380287,7.632969655642687,21673,23407,1788,0,21619,23346,1614714,57,3,0,54,61
2020-06-19,US,Massachusetts,Norfolk,8962,907,0,42.16073095,-71.20530408,25021.0,1268.0131583601574,10.120508814996652,8055,8935,905,0,8030,8908,705388,27,2,0,25,27
2020-06-19,US,Massachusetts,Plymouth,8566,640,0,41.94070556,-70.80802823,25023.0,1643.5086588309332,7.471398552416531,7926,8555,636,0,7919,8522,518132,11,4,0,7,33
2020-06-19,US,Massachusetts,Suffolk,19493,971,0,42.3279514,-71.07850442,25025.0,2424.782966188875,4.9812753296055,18522,19477,963,0,18514,19434,807252,16,8,0,8,43
2020-06-19,US,Massachusetts,Unassigned,296,10,0,0.0,0.0,90025.0,0.0,3.3783783783783785,286,308,10,0,298,306,,-12,0,0,-12,2
2020-06-19,US,Massachusetts,Worcester,12085,893,0,42.35026951,-71.90493363,25027.0,1454.9337725222783,7.389325610260654,11192,12050,889,0,11161,12032,830839,35,4,0,31,18
2020-06-19,US,Michigan,Alcona,21,1,0,44.6846864,-83.59507875,26001.0,201.8260451705911,4.761904761904762,20,21,1,0,20,21,10362,0,0,0,0,0
2020-06-19,US,Michigan,Alger,2,0,0,46.41292944,-86.60260122,26003.0,21.95871761089152,0.0,2,2,0,0,2,2,9097,0,0,0,0,0
2020-06-19,US,Michigan,Allegan,292,6,0,42.59147037,-85.89102866,26005.0,247.28787865956417,2.054794520547945,286,291,6,0,285,288,117327,1,0,0,1,3
2020-06-19,US,Michigan,Alpena,115,11,0,45.03477666,-83.62212411,26007.0,404.85829959514166,9.565217391304348,104,115,11,0,104,114,28360,0,0,0,0,1
2020-06-19,US,Michigan,Antrim,14,0,0,44.99690221,-85.15503082,26009.0,60.02400960384154,0.0,14,14,0,0,14,14,23365,0,0,0,0,0
2020-06-19,US,Michigan,Arenac,38,1,0,44.0636262,-83.89277559,26011.0,255.32486729825973,2.631578947368421,37,38,1,0,37,38,15041,0,0,0,0,0
2020-06-19,US,Michigan,Baraga,1,0,0,46.6720582,-88.36363591,26013.0,12.181751735899622,0.0,1,1,0,0,1,1,8320,0,0,0,0,0
2020-06-19,US,Michigan,Barry,94,2,0,42.59513984,-85.30834519,26015.0,152.72136474411047,2.127659574468085,92,93,2,0,91,92,61157,1,0,0,1,1
2020-06-19,US,Michigan,Bay,379,29,0,43.70639106,-83.98731479,26017.0,367.51158776642166,7.6517150395778355,350,379,29,0,350,378,103923,0,0,0,0,1
2020-06-19,US,Michigan,Benzie,5,0,0,44.63899297,-86.01608482,26019.0,28.14364516492176,0.0,5,5,0,0,5,5,17753,0,0,0,0,0
2020-06-19,US,Michigan,Berrien,848,60,0,41.95447397,-86.41313079999998,26021.0,552.7995254268225,7.075471698113208,788,843,60,0,783,829,154141,5,0,0,5,14
2020-06-19,US,Michigan,Branch,247,2,0,41.91600556,-85.05929476,26023.0,567.5942735023093,0.8097165991902834,245,239,2,0,237,238,43622,8,0,0,8,1
2020-06-19,US,Michigan,Calhoun,503,30,0,42.24633834,-85.00493569,26025.0,374.9282567699521,5.964214711729622,473,501,30,0,471,495,134487,2,0,0,2,6
2020-06-19,US,Michigan,Cass,119,4,0,41.91522292,-85.99405727,26027.0,229.78739838183327,3.361344537815126,115,119,4,0,115,118,51653,0,0,0,0,1
2020-06-19,US,Michigan,Charlevoix,22,2,0,45.37790017,-85.19614053,26029.0,84.15254561450485,9.090909090909092,20,22,2,0,20,22,26244,0,0,0,0,0
2020-06-19,US,Michigan,Cheboygan,26,2,0,45.44787015,-84.50122149,26031.0,102.86437727488527,7.6923076923076925,24,26,2,0,24,26,25413,0,0,0,0,0
2020-06-19,US,Michigan,Chippewa,3,0,0,46.29552653,-84.54353449,26033.0,8.032343570108972,0.0,3,3,0,0,3,4,37517,0,0,0,0,-1
2020-06-19,US,Michigan,Clare,26,2,0,43.98794227,-84.84819859999998,26035.0,84.00646203554119,7.6923076923076925,24,25,2,0,23,25,30757,1,0,0,1,0
2020-06-19,US,Michigan,Clinton,195,11,0,42.94400871,-84.60145248,26037.0,244.9902632074879,5.641025641025642,184,193,11,0,182,191,79332,2,0,0,2,2
2020-06-19,US,Michigan,Crawford,66,5,0,44.68255561,-84.61006219,26039.0,470.45405944828565,7.575757575757576,61,65,5,0,60,65,13901,1,0,0,1,0
2020-06-19,US,Michigan,Delta,21,2,0,45.90484910000001,-86.9080745,26041.0,58.685446009389665,9.523809523809524,19,21,2,0,19,21,35857,0,0,0,0,0
2020-06-19,US,Michigan,Dickinson,7,2,0,46.00999672,-87.86961634,26043.0,27.734854788224567,28.57142857142857,5,7,2,0,5,7,25383,0,0,0,0,0
2020-06-19,US,Michigan,Eaton,265,7,0,42.59599185,-84.83740035,26045.0,240.3235752892952,2.641509433962264,258,263,7,0,256,261,109826,2,0,0,2,2
2020-06-19,US,Michigan,Emmet,26,2,0,45.52625509,-84.89083249,26047.0,77.80936705072574,7.6923076923076925,24,28,2,0,26,26,33308,-2,0,0,-2,2
2020-06-19,US,Michigan,Federal Correctional Institution (FCI),168,5,0,0.0,0.0,0.0,0.0,2.9761904761904763,163,168,5,0,163,168,,0,0,0,0,0
2020-06-19,US,Michigan,Genesee,2619,283,0,43.02244215,-83.70589709,26049.0,645.3711438519713,10.80565101183658,2336,2605,283,0,2322,2596,406892,14,0,0,14,9
2020-06-19,US,Michigan,Gladwin,23,1,0,43.98901072,-84.38774817,26051.0,90.37683209556369,4.3478260869565215,22,23,1,0,22,20,25337,0,0,0,0,3
2020-06-19,US,Michigan,Gogebic,6,1,0,46.40862701,-89.69377193,26053.0,42.933810375670845,16.666666666666668,5,5,1,0,4,5,15096,1,0,0,1,0
2020-06-19,US,Michigan,Grand Traverse,38,5,0,44.69565625,-85.55585247,26055.0,40.82158817463045,13.157894736842106,33,37,5,0,32,36,92573,1,0,0,1,1
2020-06-19,US,Michigan,Gratiot,92,13,0,43.29265605,-84.60505416,26057.0,225.98314951732948,14.130434782608695,79,92,12,0,80,91,40599,0,1,0,-1,1
2020-06-19,US,Michigan,Hillsdale,183,25,0,41.88753639,-84.59312019,26059.0,401.27179037386253,13.661202185792352,158,182,25,0,157,182,45749,1,0,0,1,0
2020-06-19,US,Michigan,Houghton,8,0,0,46.89988536,-88.68495385,26061.0,22.419011321600717,0.0,8,8,0,0,8,8,36219,0,0,0,0,0
2020-06-19,US,Michigan,Huron,60,1,0,43.83353985,-83.04078453,26063.0,193.66708627868687,1.6666666666666667,59,60,1,0,59,60,31166,0,0,0,0,0
2020-06-19,US,Michigan,Ingham,831,29,0,42.59716886,-84.37472069,26065.0,284.19389479012057,3.4897713598074613,802,819,29,0,790,818,292735,12,0,0,12,1
2020-06-19,US,Michigan,Ionia,188,4,0,42.94502238,-85.07413319,26067.0,290.5853439881293,2.127659574468085,184,188,4,0,184,182,64210,0,0,0,0,6
2020-06-19,US,Michigan,Iosco,111,10,0,44.35486835,-83.63484895,26069.0,441.7558801289449,9.00900900900901,101,111,10,0,101,111,25081,0,0,0,0,0
2020-06-19,US,Michigan,Iron,4,0,0,46.20974132,-88.53136251,26071.0,36.146755828664375,0.0,4,4,0,0,4,3,11117,0,0,0,0,1
2020-06-19,US,Michigan,Isabella,106,8,0,43.64060976,-84.84664923,26073.0,151.7059766430044,7.547169811320754,98,102,8,0,94,99,70562,4,0,0,4,3
2020-06-19,US,Michigan,Jackson,488,30,0,42.24807035,-84.42258681,26075.0,307.86701154501293,6.147540983606558,458,488,30,0,458,487,158823,0,0,0,0,1
2020-06-19,US,Michigan,Kalamazoo,984,64,0,42.24542231,-85.53038622,26077.0,371.228297857892,6.5040650406504055,920,977,64,0,913,969,264870,7,0,0,7,8
2020-06-19,US,Michigan,Kalkaska,30,2,0,44.68512729,-85.09085699,26079.0,166.3155560483424,6.666666666666668,28,30,2,0,28,30,17824,0,0,0,0,0
2020-06-19,US,Michigan,Kent,4551,122,0,43.03197711,-85.54934642,26081.0,692.7415119757062,2.6807295099978026,4429,4526,118,0,4408,4491,653786,25,4,0,21,35
2020-06-19,US,Michigan,Keweenaw,1,0,0,47.63197653,-88.41434263,26083.0,47.25897920604915,0.0,1,1,0,0,1,1,2113,0,0,0,0,0
2020-06-19,US,Michigan,Lake,7,0,0,43.99050893,-85.802173,26085.0,59.05677887454653,0.0,7,7,0,0,7,7,11881,0,0,0,0,0
2020-06-19,US,Michigan,Lapeer,243,31,0,43.09052506,-83.22153148,26087.0,277.3750955973838,12.757201646090536,212,242,31,0,211,231,88028,1,0,0,1,11
2020-06-19,US,Michigan,Leelanau,12,0,0,44.94430054,-85.80150326,26089.0,55.144524608244105,0.0,12,12,0,0,12,12,21764,0,0,0,0,0
2020-06-19,US,Michigan,Lenawee,199,6,0,41.89475156,-84.06603727,26091.0,202.13100933459285,3.0150753768844223,193,199,6,0,193,199,98266,0,0,0,0,0
2020-06-19,US,Michigan,Livingston,534,28,0,42.60302282,-83.91297209,26093.0,278.1322430271622,5.243445692883896,506,530,28,0,502,527,191224,4,0,0,4,3
2020-06-19,US,Michigan,Luce,3,0,0,46.47227431,-85.54471223,26095.0,48.16182372772515,0.0,3,3,0,0,3,3,6283,0,0,0,0,0
2020-06-19,US,Michigan,Mackinac,8,0,0,46.07028979,-85.04980537,26097.0,74.0809334197611,0.0,8,8,0,0,8,8,10787,0,0,0,0,0
2020-06-19,US,Michigan,Macomb,7123,897,0,42.69158356,-82.92752801,26099.0,815.0146686621539,12.593008563807384,6226,7112,897,0,6215,7102,874759,11,0,0,11,10
2020-06-19,US,Michigan,Manistee,14,0,0,44.33352407,-86.05626916,26101.0,57.007899666096584,0.0,14,13,0,0,13,12,24528,1,0,0,1,1
2020-06-19,US,Michigan,Marquette,61,11,0,46.4338914,-87.64043701,26103.0,91.45564401265386,18.032786885245898,50,59,11,0,48,59,66516,2,0,0,2,0
2020-06-19,US,Michigan,Mason,40,0,0,43.99509218,-86.24988902,26105.0,137.24951962668132,0.0,40,40,0,0,40,38,29100,0,0,0,0,2
2020-06-19,US,Michigan,Mecosta,27,2,0,43.64064262,-85.32463223,26107.0,62.13610107472443,7.407407407407407,25,27,2,0,25,26,43545,0,0,0,0,1
2020-06-19,US,Michigan,Menominee,9,0,0,45.58038692,-87.55370409,26109.0,39.50834064969271,0.0,9,9,0,0,9,9,22983,0,0,0,0,0
2020-06-19,US,Michigan,Michigan Department of Corrections (MDOC),4078,68,0,0.0,0.0,0.0,0.0,1.6674840608141246,4010,4072,68,0,4004,4067,,6,0,0,6,5
2020-06-19,US,Michigan,Midland,156,9,0,43.64330771,-84.38804374,26111.0,187.59921112126602,5.769230769230768,147,153,9,0,144,153,83209,3,0,0,3,0
2020-06-19,US,Michigan,Missaukee,24,1,0,44.33772443,-85.09256478,26113.0,158.75115756052386,4.166666666666667,23,24,1,0,23,24,15113,0,0,0,0,0
2020-06-19,US,Michigan,Monroe,575,21,0,41.92734151,-83.53749864,26115.0,382.0598006644518,3.652173913043478,554,571,21,0,550,570,150439,4,0,0,4,1
2020-06-19,US,Michigan,Montcalm,81,1,0,43.31082541,-85.15252824,26117.0,126.78437265214123,1.2345679012345678,80,81,1,0,80,81,63968,0,0,0,0,0
2020-06-19,US,Michigan,Montmorency,5,0,0,45.0275929,-84.12696227,26119.0,53.60205831903945,0.0,5,5,0,0,5,5,9265,0,0,0,0,0
2020-06-19,US,Michigan,Muskegon,768,46,0,43.29123859,-86.15176712,26121.0,442.48297477616586,5.989583333333332,722,759,46,0,713,748,173588,9,0,0,9,11
2020-06-19,US,Michigan,Newaygo,131,0,0,43.554374,-85.80070107,26123.0,267.45610453246223,0.0,131,131,0,0,131,130,48892,0,0,0,0,1
2020-06-19,US,Michigan,Oakland,11485,1071,0,42.66090111,-83.38595416,26125.0,913.2590745429331,9.325206791467133,10414,11425,1071,0,10354,11384,1259201,60,0,0,60,41
2020-06-19,US,Michigan,Oceana,163,3,0,43.64124435,-86.26726673,26127.0,615.861261193184,1.8404907975460123,160,145,3,0,142,119,26625,18,0,0,18,26
2020-06-19,US,Michigan,Ogemaw,32,2,0,44.33481032,-84.12725175,26129.0,152.40272419869504,6.25,30,32,2,0,30,32,20952,0,0,0,0,0
2020-06-19,US,Michigan,Osceola,25,0,0,43.98992088,-85.32566756,26133.0,106.56436487638534,0.0,25,25,0,0,25,22,23341,0,0,0,0,3
2020-06-19,US,Michigan,Oscoda,9,1,0,44.68192279,-84.12939244,26135.0,109.21004732435385,11.111111111111109,8,9,1,0,8,8,8276,0,0,0,0,1
2020-06-19,US,Michigan,Otsego,120,10,0,45.02085831,-84.59898295,26137.0,486.4601913410085,8.333333333333334,110,120,10,0,110,120,24665,0,0,0,0,0
2020-06-19,US,Michigan,Ottawa,951,51,0,42.95996803,-85.9969107,26139.0,325.87465305143405,5.3627760252365935,900,941,51,0,890,936,290494,10,0,0,10,5
2020-06-19,US,Michigan,Out of MI,41,0,0,0.0,0.0,80026.0,0.0,0.0,41,41,0,0,41,40,,0,0,0,0,1
2020-06-19,US,Michigan,Presque Isle,12,0,0,45.34018577,-83.91498656,26141.0,95.29860228716646,0.0,12,12,0,0,12,12,12738,0,0,0,0,0
2020-06-19,US,Michigan,Roscommon,26,0,0,44.33473082,-84.61067651,26143.0,108.2476372871477,0.0,26,25,0,0,25,25,23884,1,0,0,1,0
2020-06-19,US,Michigan,Saginaw,1182,120,0,43.33433923,-84.05131209999998,26145.0,620.3454410908004,10.152284263959393,1062,1174,120,0,1054,1171,190800,8,0,0,8,3
2020-06-19,US,Michigan,Sanilac,43,6,0,43.42406072,-82.82055898,26151.0,104.44498421180471,13.953488372093025,37,43,6,0,37,43,41182,0,0,0,0,0
2020-06-19,US,Michigan,Schoolcraft,4,0,0,46.19235734,-86.19972234,26153.0,49.419322955275504,0.0,4,4,0,0,4,4,8068,0,0,0,0,0
2020-06-19,US,Michigan,Shiawassee,265,27,0,42.95392800000001,-84.14585902,26155.0,389.0079563136725,10.18867924528302,238,266,27,0,239,264,68192,-1,0,0,-1,2
2020-06-19,US,Michigan,St. Clair,524,48,0,42.92655373,-82.67937954,26147.0,329.29465587451614,9.16030534351145,476,518,48,0,470,518,159337,6,0,0,6,0
2020-06-19,US,Michigan,St. Joseph,210,3,0,41.91441767,-85.52797979,26149.0,344.4655862476216,1.4285714285714286,207,204,3,0,201,200,61043,6,0,0,6,4
2020-06-19,US,Michigan,Tuscola,246,26,0,43.46606813,-83.41897025,26157.0,470.8584553545794,10.56910569105691,220,246,26,0,220,230,52516,0,0,0,0,16
2020-06-19,US,Michigan,Unassigned,5,0,0,0.0,0.0,90026.0,0.0,0.0,5,2,0,0,2,4,,3,0,0,3,-2
2020-06-19,US,Michigan,Van Buren,213,7,0,42.25190229,-86.01939087,26159.0,281.45936017548263,3.286384976525821,206,212,7,0,205,210,75448,1,0,0,1,2
2020-06-19,US,Michigan,Washtenaw,1604,103,0,42.253105,-83.83853204,26161.0,436.34266500907233,6.4214463840399,1501,1598,103,0,1495,1592,370963,6,0,0,6,6
2020-06-19,US,Michigan,Wayne,21995,2681,0,42.28098405,-83.281255,26163.0,1257.329180155064,12.189133894066831,19314,21941,2680,0,19261,21897,1753893,54,1,0,53,44
2020-06-19,US,Michigan,Wexford,18,3,0,44.33853602,-85.57712739,26165.0,53.52204811037436,16.666666666666668,15,18,3,0,15,17,33466,0,0,0,0,1
2020-06-19,US,Minnesota,Aitkin,13,0,0,46.60962049,-93.4116826,27001.0,81.83306055646482,0.0,13,13,0,0,13,13,15902,0,0,0,0,0
2020-06-19,US,Minnesota,Anoka,1836,96,0,45.27476015,-93.24604565,27003.0,514.3995449973523,5.2287581699346415,1740,1810,94,0,1716,1786,353813,26,2,0,24,24
2020-06-19,US,Minnesota,Becker,48,0,0,46.93479392,-95.67158144,27005.0,139.44165238358076,0.0,48,49,0,0,49,49,34371,-1,0,0,-1,0
2020-06-19,US,Minnesota,Beltrami,23,0,0,47.97373527,-94.93732139,27007.0,48.741205391201156,0.0,23,23,0,0,23,23,46847,0,0,0,0,0
2020-06-19,US,Minnesota,Benton,200,3,0,45.69804958,-93.99514135,27009.0,489.12910562743036,1.5,197,198,3,0,195,195,40545,2,0,0,2,3
2020-06-19,US,Minnesota,Big Stone,14,0,0,45.42712824,-96.41403739,27011.0,280.50490883590464,0.0,14,14,0,0,14,14,4989,0,0,0,0,0
2020-06-19,US,Minnesota,Blue Earth,174,2,0,44.03554215,-94.06699781,27013.0,257.1948028912244,1.1494252873563218,172,172,2,0,170,169,67427,2,0,0,2,3
2020-06-19,US,Minnesota,Brown,21,2,0,44.24205652,-94.72562874,27015.0,83.97312859884836,9.523809523809524,19,22,2,0,20,20,25111,-1,0,0,-1,2
2020-06-19,US,Minnesota,Carlton,81,0,0,46.59180601,-92.67601019,27017.0,225.8091494522037,0.0,81,81,0,0,81,81,35837,0,0,0,0,0
2020-06-19,US,Minnesota,Carver,287,1,0,44.82017001,-93.8009918,27019.0,273.1018470058712,0.3484320557491289,286,285,2,0,283,278,103551,2,-1,0,3,7
2020-06-19,US,Minnesota,Cass,12,2,0,46.95043611,-94.32603968,27021.0,40.296853487356856,16.666666666666668,10,12,2,0,10,11,29519,0,0,0,0,1
2020-06-19,US,Minnesota,Chippewa,64,1,0,45.02343421,-95.56403693,27023.0,542.3728813559321,1.5625,63,62,1,0,61,58,11924,2,0,0,2,4
2020-06-19,US,Minnesota,Chisago,82,1,0,45.5021011,-92.90861945,27025.0,144.93009773944397,1.2195121951219512,81,81,1,0,80,81,55922,1,0,0,1,0
2020-06-19,US,Minnesota,Clay,521,37,0,46.89289518,-96.48761922,27027.0,811.2484818286567,7.1017274472168905,484,516,37,0,479,512,63955,5,0,0,5,4
2020-06-19,US,Minnesota,Clearwater,6,0,0,47.57992111,-95.37790562,27029.0,68.04264005443412,0.0,6,6,0,0,6,6,8810,0,0,0,0,0
2020-06-19,US,Minnesota,Cook,1,0,0,47.90504893,-90.52629546,27031.0,18.304960644334614,0.0,1,1,0,0,1,1,5393,0,0,0,0,0
2020-06-19,US,Minnesota,Cottonwood,118,0,0,44.00715262,-95.18138802,27033.0,1053.947838513755,0.0,118,115,0,0,115,115,11277,3,0,0,3,0
2020-06-19,US,Minnesota,Crow Wing,92,11,0,46.48096553,-94.06755609,27035.0,141.4187994773653,11.956521739130435,81,92,10,0,82,91,64889,0,1,0,-1,1
2020-06-19,US,Minnesota,Dakota,1847,81,0,44.67172617,-93.06299363,27037.0,430.5150563725319,4.385489983757444,1766,1805,76,0,1729,1776,425423,42,5,0,37,29
2020-06-19,US,Minnesota,Dodge,62,0,0,44.02238415,-92.86244324,27039.0,296.16891181809495,0.0,62,61,0,0,61,61,20822,1,0,0,1,0
2020-06-19,US,Minnesota,Douglas,53,0,0,45.93348491,-95.45335469,27041.0,138.95807661047164,0.0,53,53,0,0,53,51,37964,0,0,0,0,2
2020-06-19,US,Minnesota,Faribault,30,0,0,43.67381499,-93.94787458,27043.0,219.73192704900023,0.0,30,32,0,0,32,30,13758,-2,0,0,-2,2
2020-06-19,US,Minnesota,Fillmore,21,1,0,43.67394126,-92.08980382,27045.0,99.68196705748328,4.761904761904762,20,22,1,0,21,20,21058,-1,0,0,-1,2
2020-06-19,US,Minnesota,Freeborn,243,0,0,43.67385583,-93.34884422,27047.0,802.4834054357518,0.0,243,240,0,0,240,235,30444,3,0,0,3,5
2020-06-19,US,Minnesota,Goodhue,101,7,0,44.40849741,-92.7234195,27049.0,217.9542511868796,6.9306930693069315,94,98,7,0,91,97,46403,3,0,0,3,1
2020-06-19,US,Minnesota,Grant,6,0,0,45.93424769,-96.01139609,27051.0,100.46885465505692,0.0,6,6,0,0,6,6,6021,0,0,0,0,0
2020-06-19,US,Minnesota,Hennepin,10607,740,0,45.00761521,-93.47694895,27053.0,837.9396181042988,6.976524936362781,9867,10512,732,0,9780,10415,1259428,95,8,0,87,97
2020-06-19,US,Minnesota,Houston,7,0,0,43.67129565,-91.49143057,27055.0,37.63440860215053,0.0,7,8,0,0,8,7,18578,-1,0,0,-1,1
2020-06-19,US,Minnesota,Hubbard,5,0,0,47.10778564,-94.91693868,27057.0,23.265553022195334,0.0,5,5,0,0,5,5,21332,0,0,0,0,0
2020-06-19,US,Minnesota,Isanti,52,0,0,45.56181234,-93.29487636,27059.0,128.09143758005717,0.0,52,51,0,0,51,50,39966,1,0,0,1,1
2020-06-19,US,Minnesota,Itasca,59,12,0,47.51009045,-93.63092229,27061.0,130.73343673831155,20.338983050847453,47,59,12,0,47,59,45108,0,0,0,0,0
2020-06-19,US,Minnesota,Jackson,50,0,0,43.67423373,-95.15398258,27063.0,507.82043469429215,0.0,50,50,0,0,50,48,9911,0,0,0,0,2
2020-06-19,US,Minnesota,Kanabec,13,1,0,45.9459309,-93.29275192,27065.0,79.57397318969211,7.6923076923076925,12,13,1,0,12,13,16207,0,0,0,0,0
2020-06-19,US,Minnesota,Kandiyohi,554,1,0,45.1526059,-95.00586446,27067.0,1282.4370934512374,0.18050541516245489,553,553,1,0,552,552,42855,1,0,0,1,1
2020-06-19,US,Minnesota,Kittson,1,0,0,48.77754106,-96.78317184,27069.0,23.266635644485806,0.0,1,1,0,0,1,1,4248,0,0,0,0,0
2020-06-19,US,Minnesota,Koochiching,9,0,0,48.24539665,-93.78352843,27071.0,73.59555155777251,0.0,9,9,0,0,9,9,12440,0,0,0,0,0
2020-06-19,US,Minnesota,Lac qui Parle,4,0,0,44.9973857,-96.17488219,27073.0,60.3955911218481,0.0,4,3,0,0,3,3,6658,1,0,0,1,0
2020-06-19,US,Minnesota,Lake,4,0,0,47.64270764,-91.44557998,27075.0,37.590452025185606,0.0,4,4,0,0,4,4,10658,0,0,0,0,0
2020-06-19,US,Minnesota,Le Sueur,54,1,0,44.37136597,-93.72844721,27079.0,186.9352996157441,1.851851851851852,53,53,1,0,52,53,28494,1,0,0,1,0
2020-06-19,US,Minnesota,Lincoln,6,0,0,44.41311883,-96.26688165,27081.0,106.40184429863451,0.0,6,6,0,0,6,6,5673,0,0,0,0,0
2020-06-19,US,Minnesota,Lyon,258,2,0,44.41327865,-95.83806103,27083.0,1012.7973620161732,0.7751937984496124,256,250,2,0,248,229,25629,8,0,0,8,21
2020-06-19,US,Minnesota,Mahnomen,6,1,0,47.32557075,-95.80921485,27087.0,108.5579880586213,16.666666666666668,5,6,1,0,5,6,5519,0,0,0,0,0
2020-06-19,US,Minnesota,Marshall,12,0,0,48.35825983,-96.37017407,27089.0,128.53470437017995,0.0,12,12,0,0,12,12,9390,0,0,0,0,0
2020-06-19,US,Minnesota,Martin,147,5,0,43.67429718,-94.55099908,27091.0,746.8373723517758,3.4013605442176873,142,147,5,0,142,147,19785,0,0,0,0,0
2020-06-19,US,Minnesota,McLeod,64,0,0,44.82367677,-94.27287017,27085.0,178.30774802886356,0.0,64,58,0,0,58,56,35873,6,0,0,6,2
2020-06-19,US,Minnesota,Meeker,51,1,0,45.12328869,-94.52839455,27093.0,219.6193265007321,1.96078431372549,50,50,1,0,49,50,23141,1,0,0,1,0
2020-06-19,US,Minnesota,Mille Lacs,29,1,0,45.93705297,-93.63236823,27095.0,110.36267458233436,3.4482758620689653,28,28,1,0,27,28,26139,1,0,0,1,0
2020-06-19,US,Minnesota,Morrison,54,1,0,46.01265363,-94.27341528,27097.0,161.74444377882946,1.851851851851852,53,54,1,0,53,54,33169,0,0,0,0,0
2020-06-19,US,Minnesota,Mower,755,2,0,43.67142874,-92.75234549,27099.0,1884.5789027008136,0.26490066225165565,753,744,2,0,742,733,40011,11,0,0,11,11
2020-06-19,US,Minnesota,Murray,47,0,0,44.02216709,-95.76328482,27101.0,573.5904320234317,0.0,47,44,0,0,44,43,8276,3,0,0,3,1
2020-06-19,US,Minnesota,Nicollet,105,12,0,44.35291112,-94.24710352,27103.0,306.3546711793196,11.428571428571427,93,98,12,0,86,95,34220,7,0,0,7,3
2020-06-19,US,Minnesota,Nobles,1628,6,0,43.67434621,-95.75329576,27105.0,7526.931434647927,0.36855036855036855,1622,1621,6,0,1615,1620,21924,7,0,0,7,1
2020-06-19,US,Minnesota,Norman,18,0,0,47.32628443,-96.45620947,27107.0,282.35294117647067,0.0,18,18,0,0,18,18,6475,0,0,0,0,0
2020-06-19,US,Minnesota,Olmsted,846,14,0,44.00374114,-92.40209944,27109.0,534.4519340716266,1.6548463356973997,832,832,13,0,819,810,156277,14,1,0,13,22
2020-06-19,US,Minnesota,Otter Tail,83,1,0,46.40846929,-95.70835255,27111.0,141.28621523167538,1.2048192771084338,82,83,1,0,82,83,58812,0,0,0,0,0
2020-06-19,US,Minnesota,Pennington,50,0,0,48.06642577,-96.0370814,27113.0,354.1327289468092,0.0,50,52,0,0,52,51,14178,-2,0,0,-2,1
2020-06-19,US,Minnesota,Pine,96,0,0,46.12105238,-92.74070188,27115.0,324.5545826430914,0.0,96,96,0,0,96,96,29483,0,0,0,0,0
2020-06-19,US,Minnesota,Pipestone,14,0,0,44.02301619,-96.25841142,27117.0,153.40784571553803,0.0,14,14,0,0,14,14,9047,0,0,0,0,0
2020-06-19,US,Minnesota,Polk,67,2,0,47.77372465,-96.40134647,27119.0,213.62071164392296,2.985074626865672,65,67,2,0,65,67,31529,0,0,0,0,0
2020-06-19,US,Minnesota,Pope,10,0,0,45.58606667,-95.44451209,27121.0,88.8967908258512,0.0,10,10,0,0,10,10,11097,0,0,0,0,0
2020-06-19,US,Minnesota,Ramsey,4180,207,0,45.01625271,-93.09872295,27123.0,759.5566950925006,4.952153110047846,3973,4128,205,0,3923,4079,550210,52,2,0,50,49
2020-06-19,US,Minnesota,Red Lake,3,0,0,47.87197525,-96.09561104,27125.0,73.98273736128236,0.0,3,4,0,0,4,4,3999,-1,0,0,-1,0
2020-06-19,US,Minnesota,Redwood,12,0,0,44.40555844,-95.25207021,27127.0,79.10349373764008,0.0,12,12,0,0,12,12,15249,0,0,0,0,0
2020-06-19,US,Minnesota,Renville,12,0,0,44.72836381,-94.94553734,27129.0,82.48556502612044,0.0,12,12,0,0,12,12,14612,0,0,0,0,0
2020-06-19,US,Minnesota,Rice,740,4,0,44.3543376,-93.29658715,27131.0,1104.9393776503614,0.5405405405405406,736,733,4,0,729,701,66523,7,0,0,7,32
2020-06-19,US,Minnesota,Rock,26,0,0,43.67482683,-96.25296832,27133.0,279.11969940955447,0.0,26,26,0,0,26,25,9414,0,0,0,0,1
2020-06-19,US,Minnesota,Roseau,6,0,0,48.77501878,-95.81079919,27135.0,39.564787339268044,0.0,6,6,0,0,6,6,15150,0,0,0,0,0
2020-06-19,US,Minnesota,Scott,555,4,0,44.6490231,-93.53340251,27139.0,372.4507257756035,0.7207207207207207,551,551,4,0,547,546,147381,4,0,0,4,5
2020-06-19,US,Minnesota,Sherburne,272,4,0,45.44447208,-93.77617511,27141.0,279.7260330323536,1.4705882352941178,268,271,3,0,268,272,96036,1,1,0,0,-1
2020-06-19,US,Minnesota,Sibley,28,2,0,44.5796592,-94.23164924,27143.0,188.36192398250924,7.142857142857142,26,27,2,0,25,26,15028,1,0,0,1,1
2020-06-19,US,Minnesota,St. Louis,132,14,0,47.6048407,-92.46879855,27137.0,66.30833375194655,10.606060606060606,118,129,14,0,115,127,199754,3,0,0,3,2
2020-06-19,US,Minnesota,Stearns,2126,19,0,45.55192576,-94.61078221,27145.0,1319.8820425267731,0.8936970837253058,2107,2122,19,0,2103,2111,159256,4,0,0,4,11
2020-06-19,US,Minnesota,Steele,183,0,0,44.02240351,-93.22627088,27147.0,499.33149608447707,0.0,183,181,0,0,181,179,36803,2,0,0,2,2
2020-06-19,US,Minnesota,Stevens,2,0,0,45.58613007,-96.00163705,27149.0,20.39775624681285,0.0,2,1,0,0,1,1,9753,1,0,0,1,0
2020-06-19,US,Minnesota,Swift,20,1,0,45.2829032,-95.68264092,27151.0,215.8428663932657,5.0,19,20,1,0,19,20,9345,0,0,0,0,0
2020-06-19,US,Minnesota,Todd,386,2,0,46.06996226,-94.89785296,27153.0,1565.0340577359714,0.5181347150259067,384,381,2,0,379,379,24582,5,0,0,5,2
2020-06-19,US,Minnesota,Traverse,5,0,0,45.77298854,-96.47062949,27155.0,153.42129487572873,0.0,5,5,0,0,5,5,3308,0,0,0,0,0
2020-06-19,US,Minnesota,Unassigned,57,31,0,0.0,0.0,90027.0,0.0,54.385964912280706,26,58,33,0,25,59,,-1,-2,0,1,-1
2020-06-19,US,Minnesota,Wabasha,27,0,0,44.28424356,-92.23121312,27157.0,124.84394506866415,0.0,27,24,0,0,24,24,21645,3,0,0,3,0
2020-06-19,US,Minnesota,Wadena,10,0,0,46.58589171,-94.96968506,27159.0,73.0887297178775,0.0,10,10,0,0,10,10,13773,0,0,0,0,0
2020-06-19,US,Minnesota,Waseca,36,0,0,44.02211116,-93.58720034,27161.0,193.42359767891682,0.0,36,35,0,0,35,34,18691,1,0,0,1,1
2020-06-19,US,Minnesota,Washington,843,37,0,45.03864533,-92.88429635,27163.0,321.21627800640147,4.389086595492288,806,833,37,0,796,826,259201,10,0,0,10,7
2020-06-19,US,Minnesota,Watonwan,128,0,0,43.97823903,-94.61413846,27165.0,1174.6352207029456,0.0,128,115,0,0,115,108,10980,13,0,0,13,7
2020-06-19,US,Minnesota,Wilkin,20,3,0,46.35721532,-96.4684375,27167.0,322.2168519413565,15.0,17,18,3,0,15,15,6254,2,0,0,2,3
2020-06-19,US,Minnesota,Winona,93,15,0,43.98772283,-91.78081305,27169.0,184.21678155455197,16.129032258064516,78,91,15,0,76,89,50825,2,0,0,2,2
2020-06-19,US,Minnesota,Wright,394,2,0,45.17297924,-93.96234781,27171.0,284.7293986717446,0.5076142131979695,392,391,2,0,389,390,136349,3,0,0,3,1
2020-06-19,US,Minnesota,Yellow Medicine,14,0,0,44.71710183,-95.86842453,27173.0,144.19610670511895,0.0,14,11,0,0,11,10,9795,3,0,0,3,1
2020-06-19,US,Mississippi,Adams,227,18,0,31.47669768,-91.35326037,28001.0,739.582315185873,7.929515418502202,209,227,18,0,209,227,31192,0,0,0,0,0
2020-06-19,US,Mississippi,Alcorn,32,1,0,34.88084463,-88.57996173,28003.0,86.59648742997862,3.125,31,32,1,0,31,32,36925,0,0,0,0,0
2020-06-19,US,Mississippi,Amite,73,2,0,31.17467303,-90.80501621,28005.0,593.640725380174,2.7397260273972597,71,73,2,0,71,73,12326,0,0,0,0,0
2020-06-19,US,Mississippi,Attala,335,23,0,33.08658803,-89.57838564,28007.0,1843.2926158248047,6.865671641791044,312,335,23,0,312,335,18365,0,0,0,0,0
2020-06-19,US,Mississippi,Benton,18,0,0,34.81681228,-89.18945516,28009.0,217.9440610243371,0.0,18,18,0,0,18,18,8271,0,0,0,0,0
2020-06-19,US,Mississippi,Bolivar,197,13,0,33.79696941,-90.87372121,28011.0,643.2022985503462,6.598984771573603,184,197,13,0,184,197,31333,0,0,0,0,0
2020-06-19,US,Mississippi,Calhoun,83,4,0,33.93683395,-89.33686647,28013.0,577.9541814636864,4.819277108433735,79,83,4,0,79,83,14436,0,0,0,0,0
2020-06-19,US,Mississippi,Carroll,122,11,0,33.44834567,-89.91994479,28015.0,1226.500452397708,9.016393442622949,111,122,11,0,111,122,9911,0,0,0,0,0
2020-06-19,US,Mississippi,Chickasaw,177,16,0,33.91983202,-88.9481545,28017.0,1034.906156814594,9.039548022598868,161,177,16,0,161,177,17171,0,0,0,0,0
2020-06-19,US,Mississippi,Choctaw,71,2,0,33.34598242,-89.24809382,28019.0,864.7990255785628,2.8169014084507036,69,71,2,0,69,71,8278,0,0,0,0,0
2020-06-19,US,Mississippi,Claiborne,144,9,0,31.97061673,-90.90702196,28021.0,1602.136181575434,6.25,135,144,9,0,135,144,9002,0,0,0,0,0
2020-06-19,US,Mississippi,Clarke,168,21,0,32.04158545,-88.68896219999998,28023.0,1081.0115179203397,12.5,147,168,21,0,147,168,15604,0,0,0,0,0
2020-06-19,US,Mississippi,Clay,185,6,0,33.65358105,-88.77784255,28025.0,957.7552288258439,3.2432432432432434,179,185,6,0,179,185,19386,0,0,0,0,0
2020-06-19,US,Mississippi,Coahoma,156,6,0,34.22772299,-90.60415045,28027.0,705.1166154402458,3.8461538461538463,150,156,6,0,150,156,22628,0,0,0,0,0
2020-06-19,US,Mississippi,Copiah,425,7,0,31.86977774,-90.44565118,28029.0,1514.3417067521825,1.6470588235294117,418,425,7,0,418,425,28543,0,0,0,0,0
2020-06-19,US,Mississippi,Covington,213,3,0,31.63225413,-89.55389939,28031.0,1142.9491307147455,1.4084507042253518,210,213,3,0,210,213,18853,0,0,0,0,0
2020-06-19,US,Mississippi,DeSoto,790,14,0,34.87625235,-89.99091418,28033.0,427.15401876233483,1.7721518987341771,776,790,14,0,776,790,182001,0,0,0,0,0
2020-06-19,US,Mississippi,Forrest,697,41,0,31.18961454,-89.25832496,28035.0,930.6113729521877,5.882352941176472,656,697,41,0,656,697,75036,0,0,0,0,0
2020-06-19,US,Mississippi,Franklin,30,2,0,31.47786634,-90.89672989,28037.0,388.9537145079735,6.666666666666668,28,30,2,0,28,30,7788,0,0,0,0,0
2020-06-19,US,Mississippi,George,41,2,0,30.86259065,-88.64436789,28039.0,167.3469387755102,4.878048780487805,39,41,2,0,39,41,24250,0,0,0,0,0
2020-06-19,US,Mississippi,Greene,56,4,0,31.21444233,-88.63922281,28041.0,412.1890181068747,7.142857142857142,52,56,4,0,52,56,13586,0,0,0,0,0
2020-06-19,US,Mississippi,Grenada,170,4,0,33.77036166,-89.80245083,28043.0,818.9613642932844,2.3529411764705883,166,170,4,0,166,170,21055,0,0,0,0,0
2020-06-19,US,Mississippi,Hancock,100,13,0,30.41830223,-89.48851033,28045.0,209.9428955324152,13.0,87,100,13,0,87,100,47334,0,0,0,0,0
2020-06-19,US,Mississippi,Harrison,393,7,0,30.51359752,-89.12467576,28047.0,188.8696655132641,1.7811704834605595,386,393,7,0,386,393,206650,0,0,0,0,0
2020-06-19,US,Mississippi,Hinds,1390,29,0,32.2656285,-90.44435448,28049.0,599.5514147688061,2.0863309352517985,1361,1390,29,0,1361,1390,237085,0,0,0,0,0
2020-06-19,US,Mississippi,Holmes,477,35,0,33.12345854,-90.08923538,28051.0,2804.232804232804,7.337526205450734,442,477,35,0,442,477,17622,0,0,0,0,0
2020-06-19,US,Mississippi,Humphreys,83,8,0,33.12825718,-90.52252707,28053.0,1029.265873015873,9.63855421686747,75,83,8,0,75,83,8257,0,0,0,0,0
2020-06-19,US,Mississippi,Itawamba,106,8,0,34.27993475,-88.3606733,28057.0,453.1851218469432,7.547169811320754,98,106,8,0,98,106,23517,0,0,0,0,0
2020-06-19,US,Mississippi,Jackson,385,16,0,30.54020656,-88.64184064,28059.0,268.0741137887576,4.155844155844156,369,385,16,0,369,385,143277,0,0,0,0,0
2020-06-19,US,Mississippi,Jasper,203,4,0,32.01922104,-89.11786866,28061.0,1239.089299884026,1.9704433497536944,199,203,4,0,199,203,16428,0,0,0,0,0
2020-06-19,US,Mississippi,Jefferson,57,2,0,31.73397872,-91.03764977,28063.0,815.450643776824,3.5087719298245608,55,57,2,0,55,57,7106,0,0,0,0,0
2020-06-19,US,Mississippi,Jefferson Davis,86,3,0,31.56884708,-89.82670990000004,28065.0,772.8253055355859,3.4883720930232562,83,86,3,0,83,86,11234,0,0,0,0,0
2020-06-19,US,Mississippi,Jones,910,44,0,31.62257767,-89.16896899999998,28067.0,1336.3094364004817,4.835164835164835,866,910,44,0,866,910,68461,0,0,0,0,0
2020-06-19,US,Mississippi,Kemper,169,13,0,32.75462946,-88.64105766,28069.0,1734.7567234654075,7.6923076923076925,156,169,13,0,156,169,10027,0,0,0,0,0
2020-06-19,US,Mississippi,Lafayette,209,4,0,34.35687874,-89.48490961,28071.0,386.9009052370463,1.9138755980861244,205,209,4,0,205,209,54793,0,0,0,0,0
2020-06-19,US,Mississippi,Lamar,300,6,0,31.20572971,-89.5077704,28073.0,473.611922390793,2.0,294,300,6,0,294,300,62447,0,0,0,0,0
2020-06-19,US,Mississippi,Lauderdale,818,75,0,32.40419769,-88.66229662,28075.0,1103.5413153456998,9.168704156479217,743,818,75,0,743,818,75317,0,0,0,0,0
2020-06-19,US,Mississippi,Lawrence,121,1,0,31.55147224,-90.10841127,28077.0,961.3856666136977,0.8264462809917356,120,121,1,0,120,121,12455,0,0,0,0,0
2020-06-19,US,Mississippi,Leake,496,16,0,32.7536828,-89.52402044,28079.0,2176.775212849996,3.2258064516129035,480,496,16,0,480,496,22763,0,0,0,0,0
2020-06-19,US,Mississippi,Lee,330,14,0,34.291877500000005,-88.68149954,28081.0,386.2540381103984,4.242424242424242,316,330,14,0,316,330,85202,0,0,0,0,0
2020-06-19,US,Mississippi,Leflore,385,47,0,33.55545125,-90.29900733,28083.0,1366.0717453784196,12.207792207792208,338,385,47,0,338,385,28919,0,0,0,0,0
2020-06-19,US,Mississippi,Lincoln,330,32,0,31.53288662,-90.45391915,28085.0,966.2401545984247,9.696969696969695,298,330,32,0,298,330,34205,0,0,0,0,0
2020-06-19,US,Mississippi,Lowndes,352,10,0,33.47386518,-88.44191529999998,28087.0,600.7338510111783,2.8409090909090913,342,352,10,0,342,352,58930,0,0,0,0,0
2020-06-19,US,Mississippi,Madison,922,31,0,32.63389156,-90.03513564,28089.0,867.5850647395363,3.362255965292841,891,922,31,0,891,922,105630,0,0,0,0,0
2020-06-19,US,Mississippi,Marion,163,9,0,31.23132643,-89.8209217,28091.0,663.329670776869,5.521472392638037,154,163,9,0,154,163,24715,0,0,0,0,0
2020-06-19,US,Mississippi,Marshall,122,3,0,34.76216286,-89.50299462,28093.0,345.6678188927297,2.459016393442623,119,122,3,0,119,122,35451,0,0,0,0,0
2020-06-19,US,Mississippi,Monroe,301,26,0,33.89236763,-88.4808438,28095.0,853.8522637013502,8.637873754152825,275,301,26,0,275,301,35564,0,0,0,0,0
2020-06-19,US,Mississippi,Montgomery,98,1,0,33.49419589,-89.61729103,28097.0,1002.5575447570333,1.020408163265306,97,98,1,0,97,98,10023,0,0,0,0,0
2020-06-19,US,Mississippi,Neshoba,921,56,0,32.75339664,-89.11726492,28099.0,3162.991963733773,6.080347448425624,865,921,56,0,865,921,29125,0,0,0,0,0
2020-06-19,US,Mississippi,Newton,325,8,0,32.40021118,-89.11843336,28101.0,1546.2936530592826,2.4615384615384617,317,325,8,0,317,325,21443,0,0,0,0,0
2020-06-19,US,Mississippi,Noxubee,218,6,0,33.11009499,-88.56949061,28103.0,2092.7330325429584,2.7522935779816518,212,218,6,0,212,218,10535,0,0,0,0,0
2020-06-19,US,Mississippi,Oktibbeha,386,18,0,33.42491685,-88.87905132,28105.0,778.4298303990965,4.66321243523316,368,386,18,0,368,386,49599,0,0,0,0,0
2020-06-19,US,Mississippi,Panola,146,4,0,34.36398677,-89.95064249,28107.0,427.0004679457183,2.7397260273972597,142,146,4,0,142,146,34178,0,0,0,0,0
2020-06-19,US,Mississippi,Pearl River,224,32,0,30.77090935,-89.58677275,28109.0,403.34923921851083,14.285714285714285,192,224,32,0,192,224,55387,0,0,0,0,0
2020-06-19,US,Mississippi,Perry,55,3,0,31.17161885,-88.99281835,28111.0,459.36690887830946,5.454545454545454,52,55,3,0,52,55,11931,0,0,0,0,0
2020-06-19,US,Mississippi,Pike,248,11,0,31.17507789,-90.40392572,28113.0,631.2360008144981,4.435483870967742,237,248,11,0,237,248,39563,0,0,0,0,0
2020-06-19,US,Mississippi,Pontotoc,93,3,0,34.226046000000004,-89.03636807,28115.0,289.05327282899236,3.2258064516129035,90,93,3,0,90,93,31833,0,0,0,0,0
2020-06-19,US,Mississippi,Prentiss,70,3,0,34.61810501,-88.51986294,28117.0,278.59587678102366,4.285714285714286,67,70,3,0,67,70,25315,0,0,0,0,0
2020-06-19,US,Mississippi,Quitman,52,0,0,34.25157572,-90.28908,28119.0,765.6065959952887,0.0,52,52,0,0,52,52,7051,0,0,0,0,0
2020-06-19,US,Mississippi,Rankin,563,10,0,32.26469147,-89.94537876,28121.0,362.59185553000884,1.7761989342806397,553,563,10,0,553,563,153902,0,0,0,0,0
2020-06-19,US,Mississippi,Scott,696,12,0,32.406704100000006,-89.53789439,28123.0,2474.754657943393,1.7241379310344829,684,696,12,0,684,696,28287,0,0,0,0,0
2020-06-19,US,Mississippi,Sharkey,9,0,0,32.88149103,-90.8159538,28125.0,208.28511918537376,0.0,9,9,0,0,9,9,4377,0,0,0,0,0
2020-06-19,US,Mississippi,Simpson,126,1,0,31.91282117,-89.91716179,28127.0,472.65361242403776,0.7936507936507936,125,126,1,0,125,126,26758,0,0,0,0,0
2020-06-19,US,Mississippi,Smith,182,11,0,32.01744532,-89.50644846,28129.0,1143.5033928122646,6.043956043956044,171,182,11,0,171,182,16002,0,0,0,0,0
2020-06-19,US,Mississippi,Stone,35,1,0,30.79187949,-89.11547539,28131.0,190.88132635253052,2.8571428571428568,34,35,1,0,34,35,18717,0,0,0,0,0
2020-06-19,US,Mississippi,Sunflower,128,4,0,33.60192578,-90.58882684,28133.0,509.7570688968538,3.125,124,128,4,0,124,128,25735,0,0,0,0,0
2020-06-19,US,Mississippi,Tallahatchie,49,1,0,33.95339918,-90.1729398,28135.0,354.8410456948367,2.0408163265306123,48,49,1,0,48,49,13987,0,0,0,0,0
2020-06-19,US,Mississippi,Tate,155,1,0,34.65133709,-89.94485778,28137.0,547.2970587196779,0.6451612903225806,154,155,1,0,154,155,28759,0,0,0,0,0
2020-06-19,US,Mississippi,Tippah,100,11,0,34.76872156,-88.90988194,28139.0,454.23574835339537,11.0,89,100,11,0,89,100,21995,0,0,0,0,0
2020-06-19,US,Mississippi,Tishomingo,47,1,0,34.74023475,-88.23917219,28141.0,242.480524170665,2.127659574468085,46,47,1,0,46,47,19454,0,0,0,0,0
2020-06-19,US,Mississippi,Tunica,67,3,0,34.64967704,-90.37481167,28143.0,695.5980066445183,4.477611940298506,64,67,3,0,64,67,9944,0,0,0,0,0
2020-06-19,US,Mississippi,Union,109,8,0,34.49162015,-89.00776006,28145.0,378.27520388686446,7.339449541284404,101,109,8,0,101,109,28606,0,0,0,0,0
2020-06-19,US,Mississippi,Walthall,111,1,0,31.14971548,-90.10446654,28147.0,776.9844603107938,0.9009009009009008,110,111,1,0,110,111,14465,0,0,0,0,0
2020-06-19,US,Mississippi,Warren,280,14,0,32.35810271,-90.83352619,28149.0,616.9983032546661,5.0,266,280,14,0,266,280,46176,0,0,0,0,0
2020-06-19,US,Mississippi,Washington,276,9,0,33.28392041,-90.94196237,28151.0,628.5727299642442,3.260869565217391,267,276,9,0,267,276,45063,0,0,0,0,0
2020-06-19,US,Mississippi,Wayne,409,8,0,31.64135687,-88.69573913,28153.0,2026.4579101223803,1.9559902200489,401,409,8,0,401,409,20298,0,0,0,0,0
2020-06-19,US,Mississippi,Webster,109,8,0,33.61300486,-89.28392912,28155.0,1124.9870987718032,7.339449541284404,101,109,8,0,101,109,9788,0,0,0,0,0
2020-06-19,US,Mississippi,Wilkinson,85,9,0,31.16078225,-91.31018819,28157.0,984.936268829664,10.588235294117649,76,85,9,0,76,85,8792,0,0,0,0,0
2020-06-19,US,Mississippi,Winston,158,2,0,33.08747908,-89.03391385,28159.0,879.9777220829852,1.2658227848101269,156,158,2,0,156,158,18165,0,0,0,0,0
2020-06-19,US,Mississippi,Yalobusha,139,7,0,34.02824175,-89.70762049999998,28161.0,1148.0013214403698,5.035971223021583,132,139,7,0,132,139,12392,0,0,0,0,0
2020-06-19,US,Mississippi,Yazoo,354,6,0,32.77890365,-90.39656148,28163.0,1192.320646682385,1.6949152542372878,348,354,6,0,348,354,28248,0,0,0,0,0
2020-06-19,US,Missouri,Adair,85,0,0,40.19058551,-92.60078167,29001.0,335.39833484591406,0.0,85,85,0,0,85,85,25339,0,0,0,0,0
2020-06-19,US,Missouri,Andrew,39,0,0,39.98492163,-94.80163024,29003.0,220.18970189701898,0.0,39,36,0,0,36,35,17607,3,0,0,3,1
2020-06-19,US,Missouri,Atchison,3,0,0,40.43238737,-95.42970639,29005.0,58.331713007972,0.0,3,3,0,0,3,3,5171,0,0,0,0,0
2020-06-19,US,Missouri,Audrain,133,1,0,39.215877,-91.84242683,29007.0,523.8695446667717,0.7518796992481203,132,123,1,0,122,122,25473,10,0,0,10,1
2020-06-19,US,Missouri,Barry,28,0,0,36.70978521,-93.82919888,29009.0,78.23632959847998,0.0,28,25,0,0,25,20,35886,3,0,0,3,5
2020-06-19,US,Missouri,Barton,15,0,0,37.50207671,-94.34757022,29011.0,127.61613067891778,0.0,15,10,0,0,10,11,11798,5,0,0,5,-1
2020-06-19,US,Missouri,Bates,12,1,0,38.25271289,-94.34113157,29013.0,74.20232500618353,8.333333333333334,11,12,1,0,11,12,16320,0,0,0,0,0
2020-06-19,US,Missouri,Benton,14,0,0,38.29503305,-93.28756116,29015.0,72.00534896878055,0.0,14,14,0,0,14,14,19278,0,0,0,0,0
2020-06-19,US,Missouri,Bollinger,11,0,0,37.32449052,-90.02725304,29017.0,90.66183136899366,0.0,11,11,0,0,11,10,12169,0,0,0,0,1
2020-06-19,US,Missouri,Boone,246,2,0,38.99186229,-92.30723575,29019.0,136.31603154109152,0.8130081300813008,244,226,2,0,224,222,180005,20,0,0,20,4
2020-06-19,US,Missouri,Buchanan,802,3,0,39.65816401,-94.80138942,29021.0,917.9982601529234,0.3740648379052369,799,800,3,0,797,793,88571,2,0,0,2,7
2020-06-19,US,Missouri,Butler,59,0,0,36.71462476,-90.40421163,29023.0,138.89542822166771,0.0,59,58,0,0,58,53,42639,1,0,0,1,5
2020-06-19,US,Missouri,Caldwell,8,0,0,39.65620858,-93.98308093,29025.0,88.69179600886919,0.0,8,8,0,0,8,8,9108,0,0,0,0,0
2020-06-19,US,Missouri,Callaway,42,1,0,38.83674754,-91.92186505,29027.0,93.86943208993586,2.380952380952381,41,42,1,0,41,40,44889,0,0,0,0,2
2020-06-19,US,Missouri,Camden,45,1,0,38.02199522,-92.76083747,29029.0,97.18172983479107,2.2222222222222223,44,45,1,0,44,45,45815,0,0,0,0,0
2020-06-19,US,Missouri,Cape Girardeau,117,3,0,37.38489388,-89.6843587,29031.0,148.3434976100214,2.5641025641025643,114,114,3,0,111,111,78753,3,0,0,3,3
2020-06-19,US,Missouri,Carroll,11,0,0,39.42762566,-93.50626255,29033.0,126.74271229404309,0.0,11,11,0,0,11,11,8743,0,0,0,0,0
2020-06-19,US,Missouri,Carter,6,1,0,36.94160441,-90.96051322,29035.0,100.30090270812435,16.666666666666668,5,5,1,0,4,5,6054,1,0,0,1,0
2020-06-19,US,Missouri,Cass,112,8,0,38.64789422,-94.353399,29037.0,105.88012856872756,7.142857142857142,104,110,8,0,102,109,104954,2,0,0,2,1
2020-06-19,US,Missouri,Cedar,9,0,0,37.72391475,-93.85445441,29039.0,62.72214091574325,0.0,9,9,0,0,9,9,14165,0,0,0,0,0
2020-06-19,US,Missouri,Chariton,6,0,0,39.51499357,-92.9629191,29041.0,80.79719903043363,0.0,6,6,0,0,6,6,7451,0,0,0,0,0
2020-06-19,US,Missouri,Christian,31,0,0,36.9711783,-93.18537118,29043.0,34.99068796207461,0.0,31,31,0,0,31,30,86983,0,0,0,0,1
2020-06-19,US,Missouri,Clark,1,0,0,40.41040752,-91.73661677,29045.0,14.712373105781962,0.0,1,1,0,0,1,1,6842,0,0,0,0,0
2020-06-19,US,Missouri,Clay,334,3,0,39.31132056,-94.41850862,29047.0,133.6277945812729,0.8982035928143712,331,319,3,0,316,301,246365,15,0,0,15,18
2020-06-19,US,Missouri,Clinton,22,0,0,39.6013098,-94.40465394,29049.0,107.91190464511699,0.0,22,23,0,0,23,21,20470,-1,0,0,-1,2
2020-06-19,US,Missouri,Cole,58,1,0,38.50455671,-92.27860244,29051.0,75.57495602319368,1.7241379310344829,57,57,1,0,56,57,76796,1,0,0,1,0
2020-06-19,US,Missouri,Cooper,12,0,0,38.844478,-92.80896081,29053.0,67.7621548365238,0.0,12,12,0,0,12,11,17603,0,0,0,0,1
2020-06-19,US,Missouri,Crawford,10,0,0,37.97663738,-91.30528104,29055.0,41.80602006688964,0.0,10,10,0,0,10,9,23957,0,0,0,0,1
2020-06-19,US,Missouri,Dade,1,0,0,37.431814,-93.8503345,29057.0,13.225763787858751,0.0,1,1,0,0,1,1,7569,0,0,0,0,0
2020-06-19,US,Missouri,Dallas,9,0,0,37.681135499999996,-93.02127031,29059.0,53.32385353714895,0.0,9,7,0,0,7,6,16762,2,0,0,2,1
2020-06-19,US,Missouri,Daviess,7,0,0,39.96145298,-93.98519678,29061.0,84.56148828219376,0.0,7,7,0,0,7,7,8313,0,0,0,0,0
2020-06-19,US,Missouri,DeKalb,10,0,0,39.89201062,-94.40476508,29063.0,79.70032677133977,0.0,10,9,0,0,9,9,12630,1,0,0,1,0
2020-06-19,US,Missouri,Dent,1,0,0,37.60663134,-91.50790473,29065.0,6.421370320426379,0.0,1,1,0,0,1,1,15441,0,0,0,0,0
2020-06-19,US,Missouri,Douglas,3,0,0,36.9325593,-92.49905109,29067.0,22.75312855517633,0.0,3,3,0,0,3,3,13373,0,0,0,0,0
2020-06-19,US,Missouri,Dunklin,66,3,0,36.27167174,-90.09122243,29069.0,226.5627681850949,4.545454545454546,63,65,3,0,62,64,29423,1,0,0,1,1
2020-06-19,US,Missouri,Franklin,180,18,0,38.41127108,-91.07522826,29071.0,173.13185914761414,10.0,162,178,18,0,160,173,103670,2,0,0,2,5
2020-06-19,US,Missouri,Gasconade,3,0,0,38.43947277,-91.50847147,29073.0,20.39983680130559,0.0,3,2,0,0,2,2,14705,1,0,0,1,0
2020-06-19,US,Missouri,Gentry,54,9,0,40.21097916,-94.40944419,29075.0,821.7927256125398,16.666666666666668,45,54,9,0,45,54,6628,0,0,0,0,0
2020-06-19,US,Missouri,Greene,214,8,0,37.2575872,-93.34230916,29077.0,73.01611131203809,3.7383177570093458,206,210,8,0,202,199,291923,4,0,0,4,11
2020-06-19,US,Missouri,Grundy,16,0,0,40.11406587,-93.56509276,29079.0,162.43654822335026,0.0,16,12,0,0,12,11,9914,4,0,0,4,1
2020-06-19,US,Missouri,Harrison,9,0,0,40.35570088,-93.99222144,29081.0,107.75862068965515,0.0,9,9,0,0,9,9,8414,0,0,0,0,0
2020-06-19,US,Missouri,Henry,17,3,0,38.38482826,-93.79293734,29083.0,77.89589442815249,17.647058823529417,14,17,3,0,14,18,21792,0,0,0,0,-1
2020-06-19,US,Missouri,Holt,1,0,0,40.09799248,-95.21638879999999,29087.0,22.71178741766977,0.0,1,1,0,0,1,1,4404,0,0,0,0,0
2020-06-19,US,Missouri,Howard,3,0,0,39.1435761,-92.69756691,29089.0,29.99700029997,0.0,3,3,0,0,3,3,10137,0,0,0,0,0
2020-06-19,US,Missouri,Howell,31,0,0,36.77383887,-91.88683935,29091.0,77.27397362714062,0.0,31,29,0,0,29,28,40076,2,0,0,2,1
2020-06-19,US,Missouri,Iron,2,0,0,37.55487945,-90.7735296,29093.0,19.753086419753085,0.0,2,2,0,0,2,2,10177,0,0,0,0,0
2020-06-19,US,Missouri,Jackson,976,22,0,39.01002188,-94.34724536,29095.0,138.83139808623193,2.2540983606557377,954,933,22,0,911,916,700307,43,0,0,43,17
2020-06-19,US,Missouri,Jasper,196,0,0,37.20351921,-94.34050458,29097.0,161.54556244230517,0.0,196,192,0,0,192,184,120636,4,0,0,4,8
2020-06-19,US,Missouri,Jefferson,391,19,0,38.25926778,-90.53870896,29099.0,173.7152402912729,4.859335038363171,372,389,19,0,370,388,224347,2,0,0,2,1
2020-06-19,US,Missouri,Johnson,90,0,0,38.74719601,-93.80691168,29101.0,166.4755280973697,0.0,90,87,0,0,87,84,53652,3,0,0,3,3
2020-06-19,US,Missouri,Kansas City,1872,30,0,39.0997,-94.5786,0.0,382.86671452500605,1.6025641025641026,1842,1831,30,0,1801,1802,491918,41,0,0,41,29
2020-06-19,US,Missouri,Knox,2,0,0,40.12699751,-92.14780832,29103.0,50.51780752715332,0.0,2,2,0,0,2,2,3947,0,0,0,0,0
2020-06-19,US,Missouri,Laclede,12,0,0,37.65896829,-92.5888493,29105.0,33.591803599921626,0.0,12,12,0,0,12,10,35713,0,0,0,0,2
2020-06-19,US,Missouri,Lafayette,86,2,0,39.06986886,-93.78076396,29107.0,262.93261587379243,2.3255813953488373,84,86,2,0,84,86,32598,0,0,0,0,0
2020-06-19,US,Missouri,Lawrence,11,0,0,37.10626634,-93.83293097,29109.0,28.67944205449094,0.0,11,10,0,0,10,8,38359,1,0,0,1,2
2020-06-19,US,Missouri,Lewis,7,1,0,40.09673161,-91.72070156,29111.0,71.6039279869067,14.285714285714285,6,7,1,0,6,7,9855,0,0,0,0,0
2020-06-19,US,Missouri,Lincoln,91,1,0,39.05345619,-90.95588181,29113.0,154.20331113483468,1.0989010989010992,90,91,1,0,90,90,57686,0,0,0,0,1
2020-06-19,US,Missouri,Linn,13,1,0,39.87001769,-93.10704106,29115.0,109.06040268456377,7.6923076923076925,12,13,1,0,12,12,12037,0,0,0,0,1
2020-06-19,US,Missouri,Livingston,6,0,0,39.78110272,-93.54645978,29117.0,39.40369081237276,0.0,6,6,0,0,6,6,15146,0,0,0,0,0
2020-06-19,US,Missouri,Macon,7,0,0,39.83049768,-92.56453089,29121.0,46.30548389230668,0.0,7,7,0,0,7,7,15153,0,0,0,0,0
2020-06-19,US,Missouri,Madison,3,0,0,37.47865134,-90.34671429999999,29123.0,24.81800132362674,0.0,3,3,0,0,3,3,12188,0,0,0,0,0
2020-06-19,US,Missouri,Maries,2,0,0,38.16193985,-91.92249662,29125.0,22.996435552489363,0.0,2,2,0,0,2,2,8769,0,0,0,0,0
2020-06-19,US,Missouri,Marion,10,0,0,39.80601912,-91.62203062,29127.0,35.05082369435681,0.0,10,9,0,0,9,9,28592,1,0,0,1,0
2020-06-19,US,Missouri,McDonald,132,0,0,36.62869595,-94.34867205,29119.0,578.0093707579805,0.0,132,124,0,0,124,116,23078,8,0,0,8,8
2020-06-19,US,Missouri,Mercer,5,0,0,40.42212303,-93.56829590000001,29129.0,138.23610727121923,0.0,5,5,0,0,5,5,3641,0,0,0,0,0
2020-06-19,US,Missouri,Miller,8,0,0,38.21450288,-92.42610898,29131.0,31.226823841679998,0.0,8,8,0,0,8,7,25336,0,0,0,0,1
2020-06-19,US,Missouri,Mississippi,77,0,0,36.82516239,-89.29505753,29133.0,584.2185128983308,0.0,77,77,0,0,77,75,13336,0,0,0,0,2
2020-06-19,US,Missouri,Moniteau,49,1,0,38.63571781,-92.57976951,29135.0,303.74411108356065,2.0408163265306123,48,49,1,0,48,49,16121,0,0,0,0,0
2020-06-19,US,Missouri,Monroe,4,0,0,39.49593978,-92.00043978,29137.0,46.27487274409995,0.0,4,3,0,0,3,3,8664,1,0,0,1,0
2020-06-19,US,Missouri,Montgomery,13,0,0,38.94022054,-91.47000721,29139.0,112.5443684529478,0.0,13,12,0,0,12,12,11534,1,0,0,1,0
2020-06-19,US,Missouri,Morgan,12,0,0,38.4181765,-92.88791859,29141.0,58.17617685557765,0.0,12,12,0,0,12,11,20358,0,0,0,0,1
2020-06-19,US,Missouri,New Madrid,34,2,0,36.59666326,-89.66070007,29143.0,199.10986179433124,5.882352941176472,32,34,2,0,32,34,17296,0,0,0,0,0
2020-06-19,US,Missouri,Newton,123,2,0,36.90519407,-94.3394104,29145.0,211.20956109622912,1.6260162601626016,121,108,2,0,106,88,58266,15,0,0,15,20
2020-06-19,US,Missouri,Nodaway,17,0,0,40.36079813,-94.88133008,29147.0,76.95093246424045,0.0,17,18,0,0,18,16,22304,-1,0,0,-1,2
2020-06-19,US,Missouri,Oregon,6,0,0,36.68710164,-91.4033755,29149.0,56.9854687054801,0.0,6,6,0,0,6,6,10541,0,0,0,0,0
2020-06-19,US,Missouri,Osage,5,0,0,38.46036182,-91.8613635,29151.0,36.72420124862284,0.0,5,5,0,0,5,5,13714,0,0,0,0,0
2020-06-19,US,Missouri,Pemiscot,105,6,0,36.2130572,-89.78742322,29155.0,664.3467257197091,5.7142857142857135,99,105,6,0,99,104,16272,0,0,0,0,1
2020-06-19,US,Missouri,Perry,88,0,0,37.70660776,-89.82741088,29157.0,459.86622073578593,0.0,88,87,0,0,87,87,19150,1,0,0,1,0
2020-06-19,US,Missouri,Pettis,95,1,0,38.72798918,-93.28471706,29159.0,224.3794137792579,1.0526315789473684,94,94,1,0,93,89,42542,1,0,0,1,5
2020-06-19,US,Missouri,Phelps,6,0,0,37.87736118,-91.79351727,29161.0,13.461063872748074,0.0,6,7,0,0,7,7,44732,-1,0,0,-1,0
2020-06-19,US,Missouri,Pike,33,1,0,39.34310674,-91.16980779,29163.0,180.30816304229046,3.0303030303030303,32,31,1,0,30,31,18504,2,0,0,2,0
2020-06-19,US,Missouri,Platte,102,4,0,39.38154439,-94.77068479,29165.0,97.68430730333851,3.92156862745098,98,101,4,0,97,99,102985,1,0,0,1,2
2020-06-19,US,Missouri,Polk,10,0,0,37.616229600000004,-93.39828174,29167.0,31.105166568166965,0.0,10,11,0,0,11,10,32201,-1,0,0,-1,1
2020-06-19,US,Missouri,Pulaski,106,1,0,37.82462075,-92.20783203,29169.0,201.49409774364628,0.9433962264150944,105,106,1,0,105,106,52014,0,0,0,0,0
2020-06-19,US,Missouri,Putnam,2,0,0,40.47942497,-93.02042674,29171.0,42.58943781942078,0.0,2,2,0,0,2,2,4757,0,0,0,0,0
2020-06-19,US,Missouri,Ralls,5,0,0,39.52817427,-91.51838643,29173.0,48.50130953535746,0.0,5,5,0,0,5,5,10212,0,0,0,0,0
2020-06-19,US,Missouri,Randolph,12,0,0,39.44007257,-92.49713740000001,29175.0,48.48876676903184,0.0,12,12,0,0,12,11,24763,0,0,0,0,1
2020-06-19,US,Missouri,Ray,25,0,0,39.353746799999996,-93.98905745,29177.0,108.61065253280043,0.0,25,25,0,0,25,25,22883,0,0,0,0,0
2020-06-19,US,Missouri,Reynolds,2,0,0,37.36085952,-90.97009925,29179.0,31.897926634768737,0.0,2,3,0,0,3,2,6254,-1,0,0,-1,1
2020-06-19,US,Missouri,Ripley,12,0,0,36.65460667,-90.85990261,29181.0,90.30704394942805,0.0,12,12,0,0,12,12,13401,0,0,0,0,0
2020-06-19,US,Missouri,Saline,278,4,0,39.13734288,-93.20259964,29195.0,1221.3874610078644,1.4388489208633093,274,277,4,0,273,274,22895,1,0,0,1,3
2020-06-19,US,Missouri,Schuyler,2,0,0,40.46921489,-92.52311943,29197.0,42.91845493562232,0.0,2,1,0,0,1,1,4599,1,0,0,1,0
2020-06-19,US,Missouri,Scotland,8,1,0,40.45214695,-92.14709064,29199.0,163.19869441044472,12.5,7,8,1,0,7,8,4966,0,0,0,0,0
2020-06-19,US,Missouri,Scott,155,10,0,37.05588075,-89.56474493,29201.0,404.91118077324967,6.451612903225807,145,149,10,0,139,149,38458,6,0,0,6,0
2020-06-19,US,Missouri,Shannon,6,0,0,37.15772072,-91.40190382,29203.0,73.47538574577517,0.0,6,6,0,0,6,6,8189,0,0,0,0,0
2020-06-19,US,Missouri,Shelby,2,0,0,39.79742518,-92.07634971,29205.0,33.72681281618887,0.0,2,1,0,0,1,1,6050,1,0,0,1,0
2020-06-19,US,Missouri,St. Charles,943,69,0,38.77875681,-90.66662425,29183.0,234.564277576849,7.317073170731707,874,933,68,0,865,926,399182,10,1,0,9,7
2020-06-19,US,Missouri,St. Clair,2,0,0,38.03699437,-93.77631447,29185.0,21.283388315419813,0.0,2,2,0,0,2,2,9395,0,0,0,0,0
2020-06-19,US,Missouri,St. Francois,50,2,0,37.81214171,-90.47598685,29187.0,74.38815740534108,4.0,48,49,2,0,47,43,66692,1,0,0,1,6
2020-06-19,US,Missouri,St. Louis,5769,547,0,38.63770039999999,-90.4458375,29189.0,580.262621893875,9.481712601837406,5222,5731,544,0,5187,5669,996945,38,3,0,35,62
2020-06-19,US,Missouri,St. Louis City,2319,154,0,38.63555736,-90.24349225,29510.0,771.5186841264772,6.640793445450625,2165,2292,144,0,2148,2254,302838,27,10,0,17,38
2020-06-19,US,Missouri,Ste. Genevieve,14,1,0,37.89090059,-90.1949941,29186.0,78.2385157035878,7.142857142857142,13,14,1,0,13,14,17888,0,0,0,0,0
2020-06-19,US,Missouri,Stoddard,127,7,0,36.85571651,-89.9444155,29207.0,437.5538329026701,5.511811023622046,120,126,7,0,119,124,29206,1,0,0,1,2
2020-06-19,US,Missouri,Stone,10,0,0,36.75000327,-93.45256475,29209.0,31.296945418127194,0.0,10,8,0,0,8,7,31749,2,0,0,2,1
2020-06-19,US,Missouri,Sullivan,93,0,0,40.2099105,-93.11150106,29211.0,1527.344391525702,0.0,93,91,0,0,91,91,6221,2,0,0,2,0
2020-06-19,US,Missouri,Taney,30,2,0,36.65465345,-93.04075153,29213.0,53.64039479330568,6.666666666666668,28,29,2,0,27,27,55852,1,0,0,1,2
2020-06-19,US,Missouri,Texas,1,0,0,37.31728859,-91.96564727,29215.0,3.937317899047169,0.0,1,1,0,0,1,1,25571,0,0,0,0,0
2020-06-19,US,Missouri,Unassigned,1,0,0,0.0,0.0,90029.0,0.0,0.0,1,0,1,0,-1,,,1,-1,0,2,
2020-06-19,US,Missouri,Vernon,12,0,0,37.8457799,-94.34127305,29217.0,58.357243592860954,0.0,12,12,0,0,12,12,20528,0,0,0,0,0
2020-06-19,US,Missouri,Warren,32,0,0,38.76529479,-91.16124662,29219.0,89.76408875424275,0.0,32,32,0,0,32,32,34711,0,0,0,0,0
2020-06-19,US,Missouri,Washington,14,1,0,37.96130078,-90.87948158,29221.0,56.61140315406389,7.142857142857142,13,14,1,0,13,13,24943,0,0,0,0,1
2020-06-19,US,Missouri,Webster,20,0,0,37.2813734,-92.876329,29225.0,50.51525560719338,0.0,20,19,0,0,19,19,39109,1,0,0,1,0
2020-06-19,US,Missouri,Worth,4,0,0,40.47945588,-94.42328751,29227.0,198.7083954297069,0.0,4,4,0,0,4,4,2040,0,0,0,0,0
2020-06-19,US,Missouri,Wright,14,0,0,37.27029221,-92.46914488,29229.0,76.54874514735633,0.0,14,14,0,0,14,14,18378,0,0,0,0,0
2020-06-19,US,Montana,Beaverhead,1,0,0,45.13434354,-112.8984694,30001.0,10.578652279699568,0.0,1,1,0,0,1,1,9404,0,0,0,0,0
2020-06-19,US,Montana,Big Horn,53,3,0,45.42335905,-107.492347,30003.0,397.927772355282,5.660377358490566,50,53,3,0,50,49,13338,0,0,0,0,4
2020-06-19,US,Montana,Broadwater,4,0,0,46.33277565,-111.4955813,30007.0,64.1333974667308,0.0,4,4,0,0,4,4,6085,0,0,0,0,0
2020-06-19,US,Montana,Carbon,10,0,0,45.22850116,-109.0274047,30009.0,93.24009324009323,0.0,10,9,0,0,9,7,10714,1,0,0,1,2
2020-06-19,US,Montana,Cascade,20,2,0,47.30797024,-111.3467922,30013.0,24.580291522257447,10.0,18,20,2,0,18,20,81643,0,0,0,0,0
2020-06-19,US,Montana,Custer,20,0,0,46.25319932,-105.57375259999998,30017.0,175.40782318891422,0.0,20,19,0,0,19,19,11586,1,0,0,1,0
2020-06-19,US,Montana,Deer Lodge,3,0,0,46.05953325,-113.073353,30023.0,32.822757111597376,0.0,3,3,0,0,3,3,9131,0,0,0,0,0
2020-06-19,US,Montana,Fergus,2,0,0,47.26331584,-109.2245206,30027.0,18.099547511312217,0.0,2,2,0,0,2,,11113,0,0,0,0,
2020-06-19,US,Montana,Flathead,45,2,0,48.29575866,-114.0520569,30029.0,43.35009537020981,4.4444444444444455,43,45,2,0,43,41,102106,0,0,0,0,4
2020-06-19,US,Montana,Gallatin,197,1,0,45.54486106,-111.1692571,30031.0,172.15163325585053,0.5076142131979695,196,195,1,0,194,191,111876,2,0,0,2,4
2020-06-19,US,Montana,Glacier,6,0,0,48.70513576,-112.9934235,30035.0,43.62684505198866,0.0,6,6,0,0,6,6,13747,0,0,0,0,0
2020-06-19,US,Montana,Golden Valley,3,0,0,46.3816474,-109.1768522,30037.0,365.40803897685754,0.0,3,3,0,0,3,3,826,0,0,0,0,0
2020-06-19,US,Montana,Hill,1,0,0,48.62879827,-110.1129252,30041.0,6.066488716330987,0.0,1,1,0,0,1,1,16347,0,0,0,0,0
2020-06-19,US,Montana,Jefferson,3,0,0,46.14907081,-112.094396,30043.0,24.547909336388184,0.0,3,3,0,0,3,3,12097,0,0,0,0,0
2020-06-19,US,Montana,Lake,10,0,0,47.64514965,-114.0898013,30047.0,32.83209665769256,0.0,10,10,0,0,10,9,30250,0,0,0,0,1
2020-06-19,US,Montana,Lewis and Clark,22,0,0,47.12610041,-112.394698,30049.0,31.685678073510772,0.0,22,20,0,0,20,20,68700,2,0,0,2,0
2020-06-19,US,Montana,Liberty,1,0,0,48.56084317,-111.024307,30051.0,42.78990158322636,0.0,1,1,0,0,1,1,2430,0,0,0,0,0
2020-06-19,US,Montana,Lincoln,7,1,0,48.54265777,-115.4046155,30053.0,35.03503503503504,14.285714285714285,6,7,1,0,6,7,19794,0,0,0,0,0
2020-06-19,US,Montana,Madison,8,1,0,45.30080065,-111.9173017,30057.0,93.02325581395347,12.5,7,8,1,0,7,8,8768,0,0,0,0,0
2020-06-19,US,Montana,Meagher,1,0,0,46.59907074,-110.8898557,30059.0,53.705692803437174,0.0,1,1,0,0,1,1,1866,0,0,0,0,0
2020-06-19,US,Montana,Missoula,46,1,0,47.03728583,-113.92135079999998,30063.0,38.46153846153846,2.1739130434782608,45,46,1,0,45,44,118791,0,0,0,0,2
2020-06-19,US,Montana,Musselshell,1,0,0,46.49684637,-108.39498,30065.0,21.58428663932657,0.0,1,1,0,0,1,1,4651,0,0,0,0,0
2020-06-19,US,Montana,Park,8,0,0,45.48965095,-110.52643940000002,30067.0,48.17535830422739,0.0,8,8,0,0,8,8,16736,0,0,0,0,0
2020-06-19,US,Montana,Pondera,2,0,0,48.22773388,-112.2252703,30073.0,33.83522246658772,0.0,2,2,0,0,2,2,5972,0,0,0,0,0
2020-06-19,US,Montana,Ravalli,17,0,0,46.08520862,-114.11891640000002,30081.0,38.80746929644341,0.0,17,17,0,0,17,17,43172,0,0,0,0,0
2020-06-19,US,Montana,Richland,5,0,0,47.78668011,-104.5610786,30083.0,46.283439785244845,0.0,5,5,0,0,5,3,10913,0,0,0,0,2
2020-06-19,US,Montana,Roosevelt,7,0,0,48.29607488,-105.0079268,30085.0,63.613231552162844,0.0,7,7,0,0,7,7,11059,0,0,0,0,0
2020-06-19,US,Montana,Rosebud,3,0,0,46.23397237,-106.72928799999998,30087.0,33.56831151393085,0.0,3,1,0,0,1,1,9063,2,0,0,2,0
2020-06-19,US,Montana,Silver Bow,11,0,0,45.90018933,-112.6620092,30093.0,31.505083774881854,0.0,11,11,0,0,11,11,34993,0,0,0,0,0
2020-06-19,US,Montana,Stillwater,3,0,0,45.67071407,-109.3950061,30095.0,31.113876789047914,0.0,3,3,0,0,3,3,9534,0,0,0,0,0
2020-06-19,US,Montana,Toole,29,6,0,48.65577551,-111.6942414,30101.0,612.331081081081,20.689655172413797,23,29,6,0,23,29,4853,0,0,0,0,0
2020-06-19,US,Montana,Valley,1,0,0,48.36435097,-106.6669635,30105.0,13.520822065981612,0.0,1,1,0,0,1,,7437,0,0,0,0,
2020-06-19,US,Montana,Wheatland,1,0,0,46.46652491,-109.8464636,30107.0,47.036688617121364,0.0,1,1,0,0,1,1,2236,0,0,0,0,0
2020-06-19,US,Montana,Yellowstone,115,3,0,45.93955949,-108.2691486,30111.0,71.29572225666459,2.608695652173913,112,112,3,0,109,109,160137,3,0,0,3,3
2020-06-19,US,Nebraska,Adams,280,11,0,40.52449420000001,-98.50117804,31001.0,892.7717373975703,3.928571428571429,269,278,11,0,267,278,31511,2,0,0,2,0
2020-06-19,US,Nebraska,Antelope,8,0,0,42.17695516,-98.0666283,31003.0,127.02445220704986,0.0,8,8,0,0,8,8,6336,0,0,0,0,0
2020-06-19,US,Nebraska,Banner,1,0,0,41.54634427,-103.7114332,31007.0,134.2281879194631,0.0,1,1,0,0,1,1,730,0,0,0,0,0
2020-06-19,US,Nebraska,Boone,7,0,0,41.70759415,-98.06737183,31011.0,134.82280431432974,0.0,7,7,0,0,7,7,5239,0,0,0,0,0
2020-06-19,US,Nebraska,Box Butte,3,0,0,42.22079243,-103.0878834,31013.0,27.821570991375317,0.0,3,3,0,0,3,3,10772,0,0,0,0,0
2020-06-19,US,Nebraska,Boyd,1,0,0,42.8997274,-98.76486568,31015.0,52.11047420531528,0.0,1,1,0,0,1,1,1955,0,0,0,0,0
2020-06-19,US,Nebraska,Buffalo,178,1,0,40.85486962,-99.07500296,31019.0,358.44459211824636,0.5617977528089888,177,177,1,0,176,176,49615,1,0,0,1,1
2020-06-19,US,Nebraska,Burt,11,0,0,41.85056773,-96.32605633,31021.0,170.3050007741136,0.0,11,11,0,0,11,11,6488,0,0,0,0,0
2020-06-19,US,Nebraska,Butler,51,0,0,41.22703692,-97.13106306,31023.0,636.2275449101796,0.0,51,51,0,0,51,51,8058,0,0,0,0,0
2020-06-19,US,Nebraska,Cass,60,0,0,40.90899107,-96.13971217,31025.0,228.5888448643706,0.0,60,60,0,0,60,60,26159,0,0,0,0,0
2020-06-19,US,Nebraska,Cedar,9,0,0,42.5988851,-97.25311951,31027.0,107.11735301118782,0.0,9,8,0,0,8,8,8446,1,0,0,1,0
2020-06-19,US,Nebraska,Chase,1,0,0,40.5237198,-101.6978026,31029.0,25.4841997961264,0.0,1,1,0,0,1,1,3977,0,0,0,0,0
2020-06-19,US,Nebraska,Cherry,1,0,0,42.54502621,-101.1244332,31031.0,17.577781683951486,0.0,1,1,0,0,1,1,5761,0,0,0,0,0
2020-06-19,US,Nebraska,Cheyenne,13,0,0,41.21999357,-102.9941693,31033.0,145.90347923681256,0.0,13,12,0,0,12,11,9310,1,0,0,1,1
2020-06-19,US,Nebraska,Clay,25,0,0,40.52439441,-98.05126296,31035.0,403.03079155247457,0.0,25,24,0,0,24,24,6214,1,0,0,1,0
2020-06-19,US,Nebraska,Colfax,655,4,0,41.57486951,-97.0868542,31037.0,6116.350733028294,0.6106870229007634,651,653,4,0,649,653,10881,2,0,0,2,0
2020-06-19,US,Nebraska,Cuming,34,0,0,41.91637624,-96.78730772,31039.0,384.35451051322633,0.0,34,34,0,0,34,34,8940,0,0,0,0,0
2020-06-19,US,Nebraska,Custer,34,4,0,41.39374521,-99.72805369,31041.0,315.4866846061056,11.764705882352944,30,34,4,0,30,34,10840,0,0,0,0,0
2020-06-19,US,Nebraska,Dakota,1737,29,0,42.39040144,-96.56656425,31043.0,8673.724158593828,1.6695451928612548,1708,1735,29,0,1706,1729,20083,2,0,0,2,6
2020-06-19,US,Nebraska,Dawes,2,0,0,42.71985036,-103.1313774,31045.0,23.285597857725,0.0,2,1,0,0,1,1,8716,1,0,0,1,0
2020-06-19,US,Nebraska,Dawson,848,8,0,40.87028216,-99.8201461,31047.0,3593.981775799957,0.9433962264150944,840,847,8,0,839,847,23709,1,0,0,1,0
2020-06-19,US,Nebraska,Dixon,40,1,0,42.49188363,-96.86782408,31051.0,709.7232079488998,2.5,39,40,1,0,39,40,5709,0,0,0,0,0
2020-06-19,US,Nebraska,Dodge,652,6,0,41.58071748,-96.65598179,31053.0,1783.1259401066593,0.9202453987730062,646,645,6,0,639,642,36791,7,0,0,7,3
2020-06-19,US,Nebraska,Douglas,6169,77,0,41.29518299,-96.15085305,31055.0,1079.7669285715538,1.248176365699465,6092,6058,72,0,5986,5953,566880,111,5,0,106,105
2020-06-19,US,Nebraska,Fillmore,13,1,0,40.52458567,-97.59646937,31059.0,238.00805565726841,7.6923076923076925,12,13,1,0,12,13,5527,0,0,0,0,0
2020-06-19,US,Nebraska,Franklin,6,0,0,40.17636348,-98.95299073,31061.0,201.40986908358508,0.0,6,6,0,0,6,6,3023,0,0,0,0,0
2020-06-19,US,Nebraska,Frontier,1,0,0,40.52993007,-100.3924658,31063.0,38.06623524933384,0.0,1,1,0,0,1,1,2608,0,0,0,0,0
2020-06-19,US,Nebraska,Furnas,9,1,0,40.17642064,-99.91247454,31065.0,192.4721984602224,11.111111111111109,8,9,1,0,8,9,4715,0,0,0,0,0
2020-06-19,US,Nebraska,Gage,46,4,0,40.26186809,-96.68946704,31067.0,213.8241993213406,8.695652173913043,42,46,4,0,42,46,21493,0,0,0,0,0
2020-06-19,US,Nebraska,Garden,4,0,0,41.61703149,-102.3313973,31069.0,217.74632553075668,0.0,4,4,0,0,4,4,1897,0,0,0,0,0
2020-06-19,US,Nebraska,Garfield,1,0,0,41.91428955,-98.99111827,31071.0,50.787201625190455,0.0,1,1,0,0,1,1,1987,0,0,0,0,0
2020-06-19,US,Nebraska,Gosper,13,0,0,40.51481965,-99.83020279,31073.0,653.2663316582915,0.0,13,13,0,0,13,13,1996,0,0,0,0,0
2020-06-19,US,Nebraska,Greeley,3,0,0,41.56742671,-98.52150266,31077.0,127.33446519524618,0.0,3,3,0,0,3,3,2356,0,0,0,0,0
2020-06-19,US,Nebraska,Hall,1571,45,0,40.87257079,-98.50218293,31079.0,2560.591984092057,2.864417568427753,1526,1569,45,0,1524,1567,61607,2,0,0,2,2
2020-06-19,US,Nebraska,Hamilton,57,11,0,40.87349452,-98.02099117,31081.0,611.3256113256114,19.29824561403509,46,57,11,0,46,57,9280,0,0,0,0,0
2020-06-19,US,Nebraska,Hitchcock,1,0,0,40.17609175,-101.0416477,31087.0,36.205648081100655,0.0,1,1,0,0,1,1,2806,0,0,0,0,0
2020-06-19,US,Nebraska,Holt,1,0,0,42.45522056,-98.78402558,31089.0,9.933445912387008,0.0,1,1,0,0,1,1,10178,0,0,0,0,0
2020-06-19,US,Nebraska,Howard,44,4,0,41.2200529,-98.5166499,31093.0,682.6997672614431,9.090909090909092,40,44,4,0,40,44,6468,0,0,0,0,0
2020-06-19,US,Nebraska,Jefferson,9,0,0,40.17584531,-97.142601,31095.0,127.73204655123476,0.0,9,9,0,0,9,9,7097,0,0,0,0,0
2020-06-19,US,Nebraska,Johnson,6,0,0,40.39257596,-96.26522753,31097.0,118.3198580161704,0.0,6,6,0,0,6,6,5134,0,0,0,0,0
2020-06-19,US,Nebraska,Kearney,12,0,0,40.50663314,-98.94877182,31099.0,184.75750577367202,0.0,12,12,0,0,12,12,6544,0,0,0,0,0
2020-06-19,US,Nebraska,Keith,2,0,0,41.19930341,-101.6620164,31101.0,24.894199651481205,0.0,2,2,0,0,2,2,8021,0,0,0,0,0
2020-06-19,US,Nebraska,Kimball,8,0,0,41.19774275,-103.7148131,31105.0,220.26431718061676,0.0,8,8,0,0,8,8,3618,0,0,0,0,0
2020-06-19,US,Nebraska,Knox,16,0,0,42.63758421,-97.89178836,31107.0,192.03072491598653,0.0,16,16,0,0,16,13,8419,0,0,0,0,3
2020-06-19,US,Nebraska,Lancaster,1586,10,0,40.78416049,-96.68777155,31109.0,497.038453101006,0.6305170239596469,1576,1569,10,0,1559,1538,317272,17,0,0,17,31
2020-06-19,US,Nebraska,Lincoln,54,2,0,41.04658298,-100.7475374,31111.0,154.66575012888813,3.703703703703704,52,54,2,0,52,54,35185,0,0,0,0,0
2020-06-19,US,Nebraska,Madison,344,4,0,41.91676024,-97.6005481,31119.0,980.0849027037808,1.162790697674419,340,344,4,0,340,339,35392,0,0,0,0,5
2020-06-19,US,Nebraska,Merrick,37,0,0,41.16624273,-98.0374887,31121.0,477.1115409413282,0.0,37,37,0,0,37,36,7733,0,0,0,0,1
2020-06-19,US,Nebraska,Morrill,14,0,0,41.71711774,-103.0061405,31123.0,301.5941404566997,0.0,14,14,0,0,14,14,4686,0,0,0,0,0
2020-06-19,US,Nebraska,Nance,4,0,0,41.39750195,-97.99327291,31125.0,113.66865586814436,0.0,4,4,0,0,4,4,3532,0,0,0,0,0
2020-06-19,US,Nebraska,Nemaha,5,0,0,40.38514847,-95.85433992,31127.0,71.7154331612163,0.0,5,4,0,0,4,4,6958,1,0,0,1,0
2020-06-19,US,Nebraska,Nuckolls,1,0,0,40.17637905,-98.04743961,31129.0,24.10800385728061,0.0,1,1,0,0,1,1,4195,0,0,0,0,0
2020-06-19,US,Nebraska,Otoe,14,0,0,40.64843556,-96.13374142,31131.0,87.43442418186359,0.0,14,14,0,0,14,14,15985,0,0,0,0,0
2020-06-19,US,Nebraska,Phelps,21,0,0,40.51156033,-99.41461667,31137.0,232.45516936019482,0.0,21,21,0,0,21,21,8996,0,0,0,0,0
2020-06-19,US,Nebraska,Pierce,6,0,0,42.26434853,-97.60122773,31139.0,83.93956351426971,0.0,6,6,0,0,6,6,7142,0,0,0,0,0
2020-06-19,US,Nebraska,Platte,652,2,0,41.57246836,-97.52144359,31141.0,1948.013146100986,0.3067484662576687,650,651,2,0,649,650,33363,1,0,0,1,1
2020-06-19,US,Nebraska,Polk,12,0,0,41.18813488,-97.56630712,31143.0,230.19374640322275,0.0,12,12,0,0,12,12,5278,0,0,0,0,0
2020-06-19,US,Nebraska,Red Willow,6,0,0,40.17556879999999,-100.476998,31145.0,55.949272659455424,0.0,6,6,0,0,6,6,10726,0,0,0,0,0
2020-06-19,US,Nebraska,Richardson,5,1,0,40.1247415,-95.71755036,31147.0,63.57279084551812,20.0,4,2,1,0,1,1,7937,3,0,0,3,1
2020-06-19,US,Nebraska,Saline,525,2,0,40.52418865,-97.14085859,31151.0,3690.944881889764,0.3809523809523809,523,525,2,0,523,525,14350,0,0,0,0,0
2020-06-19,US,Nebraska,Sarpy,982,8,0,41.11314181,-96.11156432,31153.0,524.5838586294581,0.8146639511201629,974,967,8,0,959,948,184459,15,0,0,15,19
2020-06-19,US,Nebraska,Saunders,60,2,0,41.2278103,-96.63773905,31155.0,278.0609880433775,3.333333333333333,58,60,2,0,58,59,21303,0,0,0,0,1
2020-06-19,US,Nebraska,Scotts Bluff,187,2,0,41.85070896,-103.7080986,31157.0,525.0154416306362,1.0695187165775402,185,187,2,0,185,184,35989,0,0,0,0,3
2020-06-19,US,Nebraska,Seward,32,1,0,40.87241834,-97.139673,31159.0,185.1423281647767,3.125,31,32,1,0,31,32,17318,0,0,0,0,0
2020-06-19,US,Nebraska,Sherman,5,0,0,41.22045983,-98.97588642,31163.0,166.61112962345885,0.0,5,5,0,0,5,5,3038,0,0,0,0,0
2020-06-19,US,Nebraska,Sioux,1,0,0,42.48932059,-103.7576544,31165.0,85.76329331046313,0.0,1,1,0,0,1,1,1187,0,0,0,0,0
2020-06-19,US,Nebraska,Stanton,21,0,0,41.9169835,-97.19394708,31167.0,354.72972972972974,0.0,21,21,0,0,21,21,5970,0,0,0,0,0
2020-06-19,US,Nebraska,Thayer,1,0,0,40.17626377,-97.59504381,31169.0,19.98800719568259,0.0,1,1,0,0,1,1,5039,0,0,0,0,0
2020-06-19,US,Nebraska,Thomas,1,0,0,41.91358968,-100.5556632,31171.0,138.50415512465375,0.0,1,1,0,0,1,1,720,0,0,0,0,0
2020-06-19,US,Nebraska,Thurston,72,1,0,42.15725356,-96.54157099,31173.0,996.6777408637872,1.3888888888888888,71,71,1,0,70,71,7303,1,0,0,1,0
2020-06-19,US,Nebraska,Unassigned,176,1,0,0.0,0.0,90031.0,0.0,0.5681818181818182,175,176,1,0,175,176,,0,0,0,0,0
2020-06-19,US,Nebraska,Valley,7,0,0,41.56730777,-98.98197724,31175.0,168.3501683501684,0.0,7,7,0,0,7,7,4190,0,0,0,0,0
2020-06-19,US,Nebraska,Washington,43,1,0,41.52815707,-96.22019892,31177.0,207.4388537797289,2.3255813953488373,42,41,1,0,40,41,20667,2,0,0,2,0
2020-06-19,US,Nebraska,Wayne,26,0,0,42.20934475,-97.11926964,31179.0,277.0378263185935,0.0,26,26,0,0,26,26,9403,0,0,0,0,0
2020-06-19,US,Nebraska,Webster,6,0,0,40.17642643,-98.50019851,31181.0,172.0676799541153,0.0,6,6,0,0,6,6,3533,0,0,0,0,0
2020-06-19,US,Nebraska,York,39,0,0,40.87272618,-97.59710186,31185.0,285.10856056729295,0.0,39,37,0,0,37,37,13772,2,0,0,2,0
2020-06-19,US,Nevada,Carson City,126,5,0,39.15509045,-119.7480219,32510.0,225.33800701051575,3.968253968253968,121,126,5,0,121,124,55414,0,0,0,0,2
2020-06-19,US,Nevada,Churchill,10,1,0,39.58105744,-118.3394607,32001.0,40.14613192018949,10.0,9,10,1,0,9,10,24440,0,0,0,0,0
2020-06-19,US,Nevada,Clark,9852,390,0,36.21458855,-115.0130241,32003.0,434.63779081181366,3.958587088915956,9462,9535,387,0,9148,9318,2231647,317,3,0,314,217
2020-06-19,US,Nevada,Douglas,49,0,0,38.912862,-119.6171333,32005.0,100.1942541662407,0.0,49,48,0,0,48,47,48467,1,0,0,1,1
2020-06-19,US,Nevada,Elko,56,1,0,41.14531606,-115.3577619,32007.0,106.10481640077305,1.7857142857142858,55,56,1,0,55,47,52460,0,0,0,0,9
2020-06-19,US,Nevada,Humboldt,79,4,0,41.40692186,-118.1109427,32013.0,469.3719921573288,5.063291139240507,75,79,4,0,75,78,16786,0,0,0,0,1
2020-06-19,US,Nevada,Lander,26,0,0,39.9332233,-117.0397075,32015.0,469.9927693420102,0.0,26,23,0,0,23,23,5575,3,0,0,3,0
2020-06-19,US,Nevada,Lincoln,2,0,0,37.64268459,-114.8790388,32017.0,38.58769052672198,0.0,2,2,0,0,2,2,5201,0,0,0,0,0
2020-06-19,US,Nevada,Lyon,98,2,0,39.01777974,-119.1870479,32019.0,170.40514693096853,2.0408163265306123,96,96,2,0,94,94,55808,2,0,0,2,2
2020-06-19,US,Nevada,Mineral,4,0,0,38.53841696,-118.4344506,32021.0,88.79023307436182,0.0,4,4,0,0,4,4,4514,0,0,0,0,0
2020-06-19,US,Nevada,Nye,76,3,0,38.04264256,-116.4722702,32023.0,163.36005846570512,3.947368421052632,73,75,3,0,72,75,45346,1,0,0,1,0
2020-06-19,US,Nevada,Pershing,5,0,0,40.44003782,-118.40056409999998,32027.0,74.34944237918216,0.0,5,5,0,0,5,5,6666,0,0,0,0,0
2020-06-19,US,Nevada,Storey,1,0,0,39.44875482,-119.5250207,32029.0,24.254183846713556,0.0,1,1,0,0,1,1,4029,0,0,0,0,0
2020-06-19,US,Nevada,Washoe,2137,73,0,40.66562265,-119.6631594,32031.0,453.2160952156753,3.4160037435657458,2064,2106,72,0,2034,2023,465735,31,1,0,30,83
2020-06-19,US,Nevada,White Pine,3,0,0,39.44157041,-114.899966,32033.0,31.315240083507305,0.0,3,3,0,0,3,3,9475,0,0,0,0,0
2020-06-19,US,New Hampshire,Belknap,77,1,0,43.51637314,-71.41684235,33001.0,125.60559842095819,1.2987012987012987,76,76,1,0,75,74,61022,1,0,0,1,2
2020-06-19,US,New Hampshire,Carroll,51,0,0,43.87498583,-71.20430216,33003.0,104.27315477407484,0.0,51,49,0,0,49,49,48779,2,0,0,2,0
2020-06-19,US,New Hampshire,Cheshire,63,2,0,42.92015988,-72.25311043,33005.0,82.80212919760794,3.1746031746031744,61,62,2,0,60,63,76493,1,0,0,1,-1
2020-06-19,US,New Hampshire,Coos,6,0,0,44.69063265,-71.30633239,33007.0,19.0095998479232,0.0,6,6,0,0,6,6,31589,0,0,0,0,0
2020-06-19,US,New Hampshire,Grafton,76,1,0,43.93779815,-71.82057197,33009.0,84.55154306566095,1.3157894736842106,75,76,1,0,75,75,89786,0,0,0,0,1
2020-06-19,US,New Hampshire,Hillsborough,3087,218,0,42.91537785,-71.7200253,33011.0,740.2433906840117,7.061872367994818,2869,3060,214,0,2846,3048,415247,27,4,0,23,12
2020-06-19,US,New Hampshire,Merrimack,393,18,0,43.29662971,-71.6811573,33013.0,259.5927102667926,4.580152671755725,375,392,18,0,374,392,151132,1,0,0,1,0
2020-06-19,US,New Hampshire,Rockingham,1427,83,0,42.98499744,-71.12883377,33015.0,460.66585100510383,5.816398037841625,1344,1424,81,0,1343,1422,309176,3,2,0,1,2
2020-06-19,US,New Hampshire,Strafford,281,13,0,43.291833,-71.02336013,33017.0,215.10644324175357,4.6263345195729535,268,280,13,0,267,280,130090,1,0,0,1,0
2020-06-19,US,New Hampshire,Sullivan,24,1,0,43.36094111,-72.22203125,33019.0,55.62508691419831,4.166666666666667,23,24,1,0,23,24,43144,0,0,0,0,0
2020-06-19,US,New Hampshire,Unassigned,1,0,0,0.0,0.0,90033.0,0.0,0.0,1,1,0,0,1,3,,0,0,0,0,-2
2020-06-19,US,New Jersey,Atlantic,2619,188,0,39.47538693,-74.65848483,34001.0,993.2870633746727,7.178312332951507,2431,2583,187,0,2396,2553,265429,36,1,0,35,30
2020-06-19,US,New Jersey,Bergen,18967,1691,0,40.96010917,-74.07164325,34003.0,2034.644851652324,8.91548478937101,17276,18949,1684,0,17265,18928,936692,18,7,0,11,21
2020-06-19,US,New Jersey,Burlington,4981,370,0,39.87681124,-74.66927768,34005.0,1118.4486773294652,7.428227263601687,4611,4954,367,0,4587,4935,445384,27,3,0,24,19
2020-06-19,US,New Jersey,Camden,7088,415,0,39.80343818,-74.96388753,34007.0,1399.487828523252,5.854966139954853,6673,7061,417,0,6644,7047,507078,27,-2,0,29,14
2020-06-19,US,New Jersey,Cape May,681,62,0,39.15008829,-74.80170244,34009.0,739.9037364595442,9.104258443465493,619,680,62,0,618,682,92560,1,0,0,1,-2
2020-06-19,US,New Jersey,Cumberland,2767,119,0,39.37199394,-75.10712559,34011.0,1850.5019160419185,4.300686664257318,2648,2755,118,0,2637,2745,150972,12,1,0,11,10
2020-06-19,US,New Jersey,Essex,18533,1758,0,40.78681335,-74.24657979,34013.0,2319.596983635283,9.485782118383424,16775,18499,1758,0,16741,18421,799767,34,0,0,34,78
2020-06-19,US,New Jersey,Gloucester,2451,169,0,39.71581067,-75.13995546,34015.0,840.431222482821,6.895144838841289,2282,2438,167,0,2271,2428,291408,13,2,0,11,10
2020-06-19,US,New Jersey,Hudson,19257,1294,0,40.73766234,-74.07515667,34017.0,2863.958619315249,6.719634418652957,17963,19249,1293,0,17956,19238,676061,8,1,0,7,11
2020-06-19,US,New Jersey,Hunterdon,1050,67,0,40.56335249,-74.91284156,34019.0,844.2482572303833,6.3809523809523805,983,1049,67,0,982,1049,124714,1,0,0,1,0
2020-06-19,US,New Jersey,Mercer,7463,525,0,40.28047017,-74.70479631,34021.0,2031.1351822115776,7.0347045424092185,6938,7416,524,0,6892,7393,369811,47,1,0,46,23
2020-06-19,US,New Jersey,Middlesex,16563,1097,0,40.43629879,-74.41426991,34023.0,2007.48549805954,6.623196280866993,15466,16547,1094,0,15453,16513,829685,16,3,0,13,34
2020-06-19,US,New Jersey,Monmouth,8876,694,0,40.26549699,-74.22240686,34025.0,1434.4007304519266,7.818837314105452,8182,8830,692,0,8138,8804,621354,46,2,0,44,26
2020-06-19,US,New Jersey,Morris,6679,639,0,40.86095313,-74.54553709999998,34027.0,1357.9481340666264,9.56730049408594,6040,6652,638,0,6014,6627,494228,27,1,0,26,25
2020-06-19,US,New Jersey,Ocean,9382,842,0,39.8895449,-74.28089251,34029.0,1545.160790927327,8.974632274568322,8540,9351,835,0,8516,9306,601651,31,7,0,24,45
2020-06-19,US,New Jersey,Passaic,16725,1013,0,41.03238628,-74.29954144,34031.0,3332.828510280456,6.056801195814649,15712,16706,1009,0,15697,16683,503310,19,4,0,15,23
2020-06-19,US,New Jersey,Salem,745,64,0,39.58719656,-75.34696629999998,34033.0,1194.197323074457,8.590604026845638,681,736,64,0,672,723,62607,9,0,0,9,13
2020-06-19,US,New Jersey,Somerset,4796,438,0,40.56465737,-74.61683016,34035.0,1458.0432548778783,9.132610508757297,4358,4786,439,0,4347,4780,331164,10,-1,0,11,6
2020-06-19,US,New Jersey,Sussex,1213,185,0,41.13891592,-74.69118243,34037.0,863.4189396959171,15.25144270403957,1028,1208,183,0,1025,1203,140799,5,2,0,3,5
2020-06-19,US,New Jersey,Unassigned,160,0,0,0.0,0.0,90034.0,0.0,0.0,160,149,0,0,149,124,,11,0,0,11,25
2020-06-19,US,New Jersey,Union,16291,1131,0,40.65835409,-74.30680092,34039.0,2928.240054211356,6.942483579890737,15160,16304,1132,0,15172,16315,558067,-13,-1,0,-12,-11
2020-06-19,US,New Jersey,Warren,1209,141,0,40.85951833,-74.99556527,34041.0,1148.5080794551,11.662531017369727,1068,1205,139,0,1066,1206,105779,4,2,0,2,-1
2020-06-19,US,New Mexico,Bernalillo,1777,82,0,35.05163625,-106.6703554,35001.0,261.66176572363395,4.614518851997749,1695,1740,81,0,1659,1752,678701,37,1,0,36,-12
2020-06-19,US,New Mexico,Catron,2,1,0,33.91514144,-108.4046587,35003.0,56.70541536716757,50.0,1,2,1,0,1,2,3578,0,0,0,0,0
2020-06-19,US,New Mexico,Chaves,64,2,0,33.36406072,-104.4665365,35005.0,99.0482086202894,3.125,62,61,2,0,59,61,64689,3,0,0,3,0
2020-06-19,US,New Mexico,Cibola,194,11,0,34.91131525,-107.998876,35006.0,727.2727272727273,5.6701030927835046,183,188,10,0,178,186,26746,6,1,0,5,2
2020-06-19,US,New Mexico,Colfax,8,0,0,36.60569702,-104.64726740000002,35007.0,66.99606398124111,0.0,8,8,0,0,8,8,12110,0,0,0,0,0
2020-06-19,US,New Mexico,Curry,101,0,0,34.57421077,-103.3468876,35009.0,206.31613351309392,0.0,101,97,0,0,97,92,49437,4,0,0,4,5
2020-06-19,US,New Mexico,Dona Ana,692,6,0,32.35275771,-106.83293870000001,35013.0,317.1475056715324,0.8670520231213873,686,685,6,0,679,676,217522,7,0,0,7,9
2020-06-19,US,New Mexico,Eddy,49,1,0,32.47167456,-104.3053527,35015.0,83.81799521040027,2.0408163265306123,48,49,1,0,48,48,57900,0,0,0,0,1
2020-06-19,US,New Mexico,Grant,16,0,0,32.73911281,-108.3827845,35017.0,59.26364915919698,0.0,16,16,0,0,16,16,27346,0,0,0,0,0
2020-06-19,US,New Mexico,Guadalupe,20,0,0,34.86319296,-104.790669,35019.0,465.11627906976736,0.0,20,20,0,0,20,20,4341,0,0,0,0,0
2020-06-19,US,New Mexico,Harding,1,0,0,35.85751555,-103.8220938,35021.0,160.0,0.0,1,1,0,0,1,1,655,0,0,0,0,0
2020-06-19,US,New Mexico,Hidalgo,26,0,0,31.91383467,-108.7151824,35023.0,619.3425440686041,0.0,26,23,0,0,23,23,4240,3,0,0,3,0
2020-06-19,US,New Mexico,Lea,58,0,0,32.79215361,-103.4123733,35025.0,81.6096805965949,0.0,58,54,0,0,54,55,69611,4,0,0,4,-1
2020-06-19,US,New Mexico,Lincoln,7,0,0,33.74526079,-105.4586166,35027.0,35.765379113018604,0.0,7,7,0,0,7,6,19556,0,0,0,0,1
2020-06-19,US,New Mexico,Los Alamos,7,0,0,35.86631386,-106.3134985,35028.0,36.14022406938923,0.0,7,7,0,0,7,7,19101,0,0,0,0,0
2020-06-19,US,New Mexico,Luna,47,2,0,32.18179341,-107.75088259999998,35029.0,198.23695643004768,4.25531914893617,45,44,1,0,43,32,23963,3,1,0,2,12
2020-06-19,US,New Mexico,McKinley,3009,157,0,35.58007720000001,-108.262245,35031.0,4216.234394047669,5.217680292455966,2852,2987,152,0,2835,2968,72290,22,5,0,17,19
2020-06-19,US,New Mexico,Otero,32,6,0,32.61348406,-105.7417604,35035.0,47.414431767669285,18.75,26,30,5,0,25,31,66781,2,1,0,1,-1
2020-06-19,US,New Mexico,Quay,5,1,0,35.10403332,-103.5481727,35037.0,60.5840300496789,20.0,4,5,1,0,4,4,8253,0,0,0,0,1
2020-06-19,US,New Mexico,Rio Arriba,73,1,0,36.51072137,-106.6931674,35039.0,187.55941522571356,1.3698630136986298,72,66,1,0,65,61,39006,7,0,0,7,5
2020-06-19,US,New Mexico,Roosevelt,54,1,0,34.02097406,-103.4799493,35041.0,291.8918918918919,1.851851851851852,53,54,1,0,53,53,18743,0,0,0,0,1
2020-06-19,US,New Mexico,San Juan,2165,154,0,36.50838318,-108.320437,35045.0,1746.5593184788395,7.113163972286374,2011,2148,152,0,1996,2140,125043,17,2,0,15,8
2020-06-19,US,New Mexico,San Miguel,18,0,0,35.48014807,-104.8163562,35047.0,65.98966161967958,0.0,18,18,0,0,18,16,27591,0,0,0,0,2
2020-06-19,US,New Mexico,Sandoval,662,28,0,35.68862401,-106.8687803,35043.0,451.11347343745734,4.229607250755286,634,656,27,0,629,651,145179,6,1,0,5,5
2020-06-19,US,New Mexico,Santa Fe,188,3,0,35.50708973,-105.9774716,35049.0,125.0349166655582,1.5957446808510638,185,184,3,0,181,182,150056,4,0,0,4,2
2020-06-19,US,New Mexico,Sierra,5,0,0,33.13028233,-107.1925893,35051.0,46.33490872022982,0.0,5,5,0,0,5,4,10968,0,0,0,0,1
2020-06-19,US,New Mexico,Socorro,55,5,0,34.00715494,-106.9298354,35053.0,330.58844743643687,9.090909090909092,50,55,5,0,50,55,16735,0,0,0,0,0
2020-06-19,US,New Mexico,Taos,33,0,0,36.58006022,-105.6310198,35055.0,100.84649940408887,0.0,33,33,0,0,33,33,32835,0,0,0,0,0
2020-06-19,US,New Mexico,Torrance,34,1,0,34.64048375,-105.8508949,35057.0,219.90815600543306,2.9411764705882355,33,34,1,0,33,34,15591,0,0,0,0,0
2020-06-19,US,New Mexico,Unassigned,758,0,0,0.0,0.0,90035.0,0.0,0.0,758,781,4,0,777,749,,-23,-4,0,-19,32
2020-06-19,US,New Mexico,Union,5,0,0,36.48126404,-103.4709624,35059.0,123.1830500123183,0.0,5,5,0,0,5,5,4118,0,0,0,0,0
2020-06-19,US,New Mexico,Valencia,95,2,0,34.71669834,-106.8103733,35061.0,123.87857291883999,2.1052631578947367,93,90,2,0,88,94,76456,5,0,0,5,-4
2020-06-19,US,New York,Albany,2049,118,0,42.60060306,-73.97723916,36001.0,670.6905920014664,5.758906783796975,1931,2034,118,0,1916,2029,307117,15,0,0,15,5
2020-06-19,US,New York,Allegany,58,0,0,42.25748406,-78.02750466,36003.0,125.83801609858757,0.0,58,57,0,0,57,55,46430,1,0,0,1,2
2020-06-19,US,New York,Broome,663,52,0,42.15903158,-75.81326086,36007.0,348.0534206879174,7.84313725490196,611,657,52,0,605,657,191659,6,0,0,6,0
2020-06-19,US,New York,Cattaraugus,109,5,0,42.24778241,-78.67923096,36009.0,143.2005990777356,4.587155963302751,104,109,5,0,104,109,76840,0,0,0,0,0
2020-06-19,US,New York,Cayuga,107,2,0,42.91261714,-76.55731592,36011.0,139.7304638529043,1.8691588785046729,105,106,2,0,104,106,77145,1,0,0,1,0
2020-06-19,US,New York,Chautauqua,112,4,0,42.22769210000001,-79.36691763,36013.0,88.25638479783774,3.571428571428572,108,110,4,0,106,108,127939,2,0,0,2,2
2020-06-19,US,New York,Chemung,139,2,0,42.13891056,-76.7638805,36015.0,166.55483128834356,1.4388489208633093,137,138,2,0,136,138,84254,1,0,0,1,0
2020-06-19,US,New York,Chenango,139,5,0,42.49430041,-75.60887553,36017.0,294.4478573092974,3.5971223021582728,134,139,5,0,134,139,47536,0,0,0,0,0
2020-06-19,US,New York,Clinton,99,4,0,44.74530905,-73.67875352,36019.0,123.00428651301485,4.040404040404041,95,99,4,0,95,99,80695,0,0,0,0,0
2020-06-19,US,New York,Columbia,446,37,0,42.24819348,-73.63089095,36021.0,750.0714754208641,8.295964125560538,409,443,37,0,406,442,59916,3,0,0,3,1
2020-06-19,US,New York,Cortland,44,0,0,42.59509207,-76.07048931,36023.0,92.47388663542169,0.0,44,44,0,0,44,42,47823,0,0,0,0,2
2020-06-19,US,New York,Delaware,89,4,0,42.19837623,-74.96709306,36025.0,201.65401608700577,4.49438202247191,85,89,4,0,85,89,44527,0,0,0,0,0
2020-06-19,US,New York,Dutchess,4110,145,0,41.76486060000001,-73.74356679,36027.0,1396.9233697462423,3.5279805352798053,3965,4088,145,0,3943,4077,293718,22,0,0,22,11
2020-06-19,US,New York,Erie,6955,602,0,42.76249024,-78.73063652,36029.0,757.0463545306312,8.655643421998564,6353,6920,602,0,6318,6882,919719,35,0,0,35,38
2020-06-19,US,New York,Essex,40,0,0,44.11630765,-73.77297842,36031.0,108.4451674122272,0.0,40,40,0,0,40,40,37300,0,0,0,0,0
2020-06-19,US,New York,Franklin,27,0,0,44.59040891,-74.29926032,36033.0,53.976250449802095,0.0,27,26,0,0,26,25,50293,1,0,0,1,1
2020-06-19,US,New York,Fulton,237,24,0,43.11363907,-74.41798804,36035.0,443.96156079650825,10.126582278481012,213,236,24,0,212,236,53591,1,0,0,1,0
2020-06-19,US,New York,Genesee,218,5,0,43.0022601,-78.19135193,36037.0,380.5865921787709,2.2935779816513757,213,217,5,0,212,216,57511,1,0,0,1,1
2020-06-19,US,New York,Greene,254,18,0,42.275797,-74.12384884,36039.0,538.2724421463083,7.086614173228346,236,252,18,0,234,252,47491,2,0,0,2,0
2020-06-19,US,New York,Hamilton,6,0,0,43.66146647,-74.49721957,36041.0,135.8695652173913,0.0,6,6,0,0,6,6,4434,0,0,0,0,0
2020-06-19,US,New York,Herkimer,131,3,0,43.42034246,-74.96145307,36043.0,213.6368825323309,2.2900763358778624,128,128,3,0,125,128,61833,3,0,0,3,0
2020-06-19,US,New York,Jefferson,82,0,0,44.04200959,-75.94653457,36045.0,74.65812043629477,0.0,82,82,0,0,82,82,111755,0,0,0,0,0
2020-06-19,US,New York,Lewis,21,0,0,43.7844157,-75.44903992,36049.0,79.86005476118041,0.0,21,21,0,0,21,21,26447,0,0,0,0,0
2020-06-19,US,New York,Livingston,123,8,0,42.72596275,-77.77966158,36051.0,195.5049750453,6.5040650406504055,115,123,8,0,115,123,63227,0,0,0,0,0
2020-06-19,US,New York,Madison,342,17,0,42.91653905,-75.67266639,36053.0,482.090751469531,4.970760233918129,325,341,17,0,324,338,70795,1,0,0,1,3
2020-06-19,US,New York,Monroe,3461,247,0,43.14638895,-77.69322942,36055.0,466.5866778111814,7.136665703553886,3214,3439,247,0,3192,3418,742474,22,0,0,22,21
2020-06-19,US,New York,Montgomery,106,4,0,42.90123494,-74.44011632,36057.0,215.35523455435688,3.7735849056603774,102,105,4,0,101,104,49455,1,0,0,1,1
2020-06-19,US,New York,Nassau,41387,2175,0,40.74066522,-73.58941873,36059.0,3050.060283405703,5.255273395027424,39212,41349,2172,0,39177,41320,1358343,38,3,0,35,29
2020-06-19,US,New York,New York City,211670,22236,0,40.76727260000001,-73.97152637,36061.0,2538.9786053838047,10.505031416828082,189434,211260,22199,0,189061,210941,1628701,410,37,0,373,319
2020-06-19,US,New York,Niagara,1185,78,0,43.19898042,-78.74777412,36063.0,566.2243586374301,6.582278481012659,1107,1183,78,0,1105,1177,210433,2,0,0,2,6
2020-06-19,US,New York,Oneida,1357,77,0,43.24375382,-75.43710392,36065.0,593.4289874973215,5.674281503316139,1280,1332,77,0,1255,1307,229577,25,0,0,25,25
2020-06-19,US,New York,Onondaga,2634,174,0,43.00491923,-76.19971155,36067.0,571.9521940034048,6.605922551252848,2460,2615,174,0,2441,2558,461809,19,0,0,19,57
2020-06-19,US,New York,Ontario,239,9,0,42.85145728,-77.30874425,36069.0,217.71409311604438,3.7656903765690375,230,235,9,0,226,234,109864,4,0,0,4,1
2020-06-19,US,New York,Orange,10620,473,0,41.40337468,-74.30240757,36071.0,2758.8715124434966,4.453860640301318,10147,10604,473,0,10131,10599,381951,16,0,0,16,5
2020-06-19,US,New York,Orleans,274,49,0,43.2516977,-78.2320066,36073.0,679.0245836637589,17.883211678832115,225,271,49,0,222,270,40612,3,0,0,3,1
2020-06-19,US,New York,Oswego,167,3,0,43.42778894,-76.14635194,36075.0,142.58392814453057,1.7964071856287425,164,144,3,0,141,139,117898,23,0,0,23,5
2020-06-19,US,New York,Otsego,82,5,0,42.63492579,-75.03151402,36077.0,137.83134150236162,6.097560975609755,77,82,5,0,77,82,59749,0,0,0,0,0
2020-06-19,US,New York,Putnam,1299,62,0,41.42630093,-73.74965532,36079.0,1321.1960943856793,4.772902232486528,1237,1295,62,0,1233,1294,98892,4,0,0,4,1
2020-06-19,US,New York,Rensselaer,519,28,0,42.71348136,-73.51089874,36083.0,327.00328893481355,5.394990366088632,491,515,28,0,487,515,159442,4,0,0,4,0
2020-06-19,US,New York,Rockland,13486,665,0,41.15027894,-74.02560498,36087.0,4139.48905579992,4.931039596618716,12821,13474,665,0,12809,13467,325695,12,0,0,12,7
2020-06-19,US,New York,Saratoga,528,14,0,43.10904162,-73.86653895,36091.0,229.70203991072944,2.6515151515151514,514,526,14,0,512,523,230163,2,0,0,2,3
2020-06-19,US,New York,Schenectady,746,36,0,42.81668777,-74.05278291,36093.0,480.36368553564415,4.825737265415548,710,738,36,0,702,737,155350,8,0,0,8,1
2020-06-19,US,New York,Schoharie,55,0,0,42.58831742,-74.44339029999998,36095.0,177.42507822832994,0.0,55,55,0,0,55,55,31097,0,0,0,0,0
2020-06-19,US,New York,Schuyler,12,0,0,42.39184015,-76.8773299,36097.0,67.38922895490539,0.0,12,12,0,0,12,12,17912,0,0,0,0,0
2020-06-19,US,New York,Seneca,64,0,0,42.78081007,-76.82497064,36099.0,188.14675446848545,0.0,64,64,0,0,64,64,34300,0,0,0,0,0
2020-06-19,US,New York,St. Lawrence,215,2,0,44.4976179,-75.06550039,36089.0,199.55448301466487,0.9302325581395348,213,215,2,0,213,215,108047,0,0,0,0,0
2020-06-19,US,New York,Steuben,257,41,0,42.2689144,-77.3829924,36101.0,269.45134673250925,15.95330739299611,216,257,41,0,216,257,95796,0,0,0,0,0
2020-06-19,US,New York,Suffolk,40864,1962,0,40.88320119,-72.8012172,36103.0,2767.4368363559283,4.801292090837903,38902,40810,1961,0,38849,40770,1481093,54,1,0,53,40
2020-06-19,US,New York,Sullivan,1434,45,0,41.71579493,-74.76394559,36105.0,1901.049952274897,3.1380753138075312,1389,1434,45,0,1389,1433,75498,0,0,0,0,1
2020-06-19,US,New York,Tioga,140,24,0,42.16852837,-76.30835812,36107.0,290.438354459266,17.142857142857142,116,140,24,0,116,140,48560,0,0,0,0,0
2020-06-19,US,New York,Tompkins,173,0,0,42.44945765,-76.47229843,36109.0,169.30906243883342,0.0,173,173,0,0,173,173,102793,0,0,0,0,0
2020-06-19,US,New York,Ulster,1749,83,0,41.89027881,-74.26252104,36111.0,984.9470358669392,4.745568896512292,1666,1746,83,0,1663,1744,178599,3,0,0,3,2
2020-06-19,US,New York,Warren,261,30,0,43.56173026,-73.8433699,36113.0,408.16964844238714,11.494252873563216,231,258,30,0,228,257,64265,3,0,0,3,1
2020-06-19,US,New York,Washington,243,14,0,43.31153794,-73.43043448,36115.0,397.0328736683877,5.761316872427983,229,243,14,0,229,243,61197,0,0,0,0,0
2020-06-19,US,New York,Wayne,141,3,0,43.15494365,-77.02976528,36117.0,156.8095375786828,2.127659574468085,138,139,3,0,136,137,90064,2,0,0,2,2
2020-06-19,US,New York,Westchester,34455,1410,0,41.16278376,-73.75741653,36119.0,3561.218225003256,4.092294296909012,33045,34409,1410,0,32999,34385,967612,46,0,0,46,24
2020-06-19,US,New York,Wyoming,93,5,0,42.70145109,-78.22199579,36121.0,233.32246167741292,5.376344086021504,88,93,5,0,88,93,40085,0,0,0,0,0
2020-06-19,US,New York,Yates,40,6,0,42.63505484,-77.10369919,36123.0,160.55874443061856,15.0,34,40,6,0,34,40,24841,0,0,0,0,0
2020-06-19,US,North Carolina,Alamance,838,35,0,36.0434701,-79.39976137,37001.0,494.36903055295,4.176610978520286,803,838,35,0,803,827,166436,0,0,0,0,11
2020-06-19,US,North Carolina,Alexander,56,0,0,35.922379600000006,-81.17751948,37003.0,149.34528095580978,0.0,56,56,0,0,56,51,37353,0,0,0,0,5
2020-06-19,US,North Carolina,Alleghany,30,0,0,36.49360862,-81.12857041,37005.0,269.37236239561815,0.0,30,30,0,0,30,30,11161,0,0,0,0,0
2020-06-19,US,North Carolina,Anson,91,1,0,34.97403241,-80.09953279,37007.0,372.2490386975375,1.0989010989010992,90,91,1,0,90,91,24877,0,0,0,0,0
2020-06-19,US,North Carolina,Ashe,44,1,0,36.43296207,-81.49862729,37009.0,161.74686615446825,2.272727272727273,43,44,1,0,43,43,27109,0,0,0,0,1
2020-06-19,US,North Carolina,Avery,6,0,0,36.07569796,-81.92308483,37011.0,34.17440337187447,0.0,6,6,0,0,6,6,17505,0,0,0,0,0
2020-06-19,US,North Carolina,Beaufort,55,0,0,35.48531943,-76.84325809,37013.0,117.03621738945394,0.0,55,55,0,0,55,53,47079,0,0,0,0,2
2020-06-19,US,North Carolina,Bertie,135,4,0,36.0688473,-76.96545943,37015.0,712.5138544360585,2.962962962962963,131,135,4,0,131,135,19026,0,0,0,0,0
2020-06-19,US,North Carolina,Bladen,220,2,0,34.61296243,-78.56180059,37017.0,672.3305421429008,0.9090909090909092,218,220,2,0,218,214,33190,0,0,0,0,6
2020-06-19,US,North Carolina,Brunswick,293,3,0,34.070565,-78.22814204,37019.0,205.15333986836575,1.023890784982935,290,293,3,0,290,268,136744,0,0,0,0,25
2020-06-19,US,North Carolina,Buncombe,478,35,0,35.61113393,-82.53305,37021.0,183.00783717662554,7.322175732217572,443,478,35,0,443,464,259103,0,0,0,0,14
2020-06-19,US,North Carolina,Burke,872,18,0,35.74989637,-81.70755735,37023.0,963.6956401613527,2.0642201834862384,854,872,18,0,854,838,90382,0,0,0,0,34
2020-06-19,US,North Carolina,Cabarrus,773,25,0,35.3877799,-80.55267168,37025.0,357.12140741870064,3.2341526520051747,748,773,25,0,748,769,211342,0,0,0,0,4
2020-06-19,US,North Carolina,Caldwell,273,4,0,35.95204977,-81.54799522,37027.0,332.2056998223369,1.465201465201465,269,273,4,0,269,258,82029,0,0,0,0,15
2020-06-19,US,North Carolina,Camden,9,0,0,36.33804939,-76.15568396,37029.0,82.8195454127174,0.0,9,9,0,0,9,7,10710,0,0,0,0,2
2020-06-19,US,North Carolina,Carteret,49,9,0,34.8932941,-76.54120135,37031.0,70.53099765376476,18.367346938775512,40,49,9,0,40,48,69524,0,0,0,0,1
2020-06-19,US,North Carolina,Caswell,110,1,0,36.39312665,-79.33353281,37033.0,486.6395328260485,0.9090909090909092,109,110,1,0,109,106,22698,0,0,0,0,4
2020-06-19,US,North Carolina,Catawba,485,11,0,35.66211129,-81.2132617,37035.0,303.9780383701763,2.268041237113402,474,485,11,0,474,465,158652,0,0,0,0,20
2020-06-19,US,North Carolina,Chatham,841,39,0,35.70394416,-79.25541492,37037.0,1129.3138176446892,4.637336504161712,802,841,39,0,802,821,73139,0,0,0,0,20
2020-06-19,US,North Carolina,Cherokee,31,1,0,35.1349263,-84.05970864,37039.0,108.34614846917377,3.2258064516129035,30,31,1,0,30,30,28383,0,0,0,0,1
2020-06-19,US,North Carolina,Chowan,19,0,0,36.12908077,-76.60118385,37041.0,136.26909560352863,0.0,19,19,0,0,19,19,14029,0,0,0,0,0
2020-06-19,US,North Carolina,Clay,9,0,0,35.05704275,-83.74353633,37043.0,80.135339684801,0.0,9,9,0,0,9,9,11139,0,0,0,0,0
2020-06-19,US,North Carolina,Cleveland,189,2,0,35.33553364,-81.55204486,37045.0,192.96149958651108,1.058201058201058,187,189,2,0,187,180,97645,0,0,0,0,9
2020-06-19,US,North Carolina,Columbus,446,33,0,34.26744084,-78.65801424,37047.0,803.4877855444261,7.3991031390134525,413,446,33,0,413,432,55655,0,0,0,0,14
2020-06-19,US,North Carolina,Craven,283,5,0,35.11833364,-77.08398081,37049.0,277.0733999745445,1.7667844522968197,278,283,5,0,278,280,102912,0,0,0,0,3
2020-06-19,US,North Carolina,Cumberland,948,30,0,35.04762133,-78.82623165,37051.0,282.55575856385366,3.1645569620253164,918,948,30,0,918,935,332330,0,0,0,0,13
2020-06-19,US,North Carolina,Currituck,17,0,0,36.36123664,-75.95876401,37053.0,61.232575730288524,0.0,17,17,0,0,17,16,27072,0,0,0,0,1
2020-06-19,US,North Carolina,Dare,27,3,0,35.66520691,-75.71767334,37055.0,72.95522710691993,11.111111111111109,24,27,3,0,24,27,36501,0,0,0,0,0
2020-06-19,US,North Carolina,Davidson,691,15,0,35.79115496,-80.21256572,37057.0,412.26903089929533,2.170767004341534,676,691,15,0,676,678,166614,0,0,0,0,13
2020-06-19,US,North Carolina,Davie,152,2,0,35.93099927,-80.54496571,37059.0,354.7589039817019,1.3157894736842106,150,152,2,0,150,145,42733,0,0,0,0,7
2020-06-19,US,North Carolina,Duplin,1257,20,0,34.93449805,-77.93140529,37061.0,2139.9022829029127,1.591089896579157,1237,1257,20,0,1237,1231,58856,0,0,0,0,26
2020-06-19,US,North Carolina,Durham,2912,57,0,36.03638492,-78.87608331,37063.0,905.7880854028766,1.9574175824175823,2855,2912,57,0,2855,2841,316739,0,0,0,0,71
2020-06-19,US,North Carolina,Edgecombe,257,9,0,35.91230639,-77.59436892,37065.0,499.30059061237176,3.5019455252918283,248,257,9,0,248,256,52005,0,0,0,0,1
2020-06-19,US,North Carolina,Forsyth,2372,27,0,36.12859861,-80.25459052,37067.0,620.4632548163067,1.1382799325463744,2345,2372,27,0,2345,2333,379099,0,0,0,0,39
2020-06-19,US,North Carolina,Franklin,244,22,0,36.081519,-78.28708884,37069.0,350.14709047858213,9.016393442622949,222,244,22,0,222,237,67560,0,0,0,0,7
2020-06-19,US,North Carolina,Gaston,621,9,0,35.29373559,-81.17477045,37071.0,276.5789719813476,1.4492753623188406,612,621,9,0,612,576,222846,0,0,0,0,45
2020-06-19,US,North Carolina,Gates,25,2,0,36.44667547,-76.69749701,37073.0,216.22556651098427,8.0,23,25,2,0,23,25,11573,0,0,0,0,0
2020-06-19,US,North Carolina,Graham,6,0,0,35.3506925,-83.83369267,37075.0,71.08162539983414,0.0,6,6,0,0,6,6,8484,0,0,0,0,0
2020-06-19,US,North Carolina,Granville,703,17,0,36.30337451,-78.65184241,37077.0,1163.0792647618418,2.418207681365576,686,703,17,0,686,703,60115,0,0,0,0,0
2020-06-19,US,North Carolina,Greene,132,2,0,35.48544173,-77.67578087,37079.0,626.5128862309555,1.5151515151515151,130,132,2,0,130,128,21012,0,0,0,0,4
2020-06-19,US,North Carolina,Guilford,2230,98,0,36.07959451,-79.78824948,37081.0,415.1355054414398,4.394618834080718,2132,2230,98,0,2132,2194,533670,0,0,0,0,36
2020-06-19,US,North Carolina,Halifax,244,3,0,36.25669272,-77.6556109,37083.0,487.9024195160968,1.2295081967213115,241,244,3,0,241,241,50574,0,0,0,0,3
2020-06-19,US,North Carolina,Harnett,435,30,0,35.36731853,-78.87243571,37085.0,319.90939577572516,6.896551724137932,405,435,30,0,405,422,134214,0,0,0,0,13
2020-06-19,US,North Carolina,Haywood,69,0,0,35.55269063,-82.98196486,37087.0,110.72420045894378,0.0,69,69,0,0,69,67,61971,0,0,0,0,2
2020-06-19,US,North Carolina,Henderson,472,48,0,35.33788927,-82.4766782,37089.0,401.98608378684514,10.169491525423727,424,472,48,0,424,464,116748,0,0,0,0,8
2020-06-19,US,North Carolina,Hertford,153,7,0,36.3607755,-76.98104134,37091.0,646.1967310047727,4.575163398692809,146,153,7,0,146,152,23659,0,0,0,0,1
2020-06-19,US,North Carolina,Hoke,312,2,0,35.01888303,-79.23651674,37093.0,564.8694644602963,0.6410256410256411,310,312,2,0,310,308,54764,0,0,0,0,4
2020-06-19,US,North Carolina,Hyde,3,0,0,35.42017674,-76.15180542,37095.0,60.76564715414219,0.0,3,3,0,0,3,3,5230,0,0,0,0,0
2020-06-19,US,North Carolina,Iredell,479,6,0,35.80950511,-80.8743128,37097.0,263.4676523327063,1.2526096033402925,473,479,6,0,473,475,178435,0,0,0,0,4
2020-06-19,US,North Carolina,Jackson,64,1,0,35.28814273,-83.14093385,37099.0,145.6597933451682,1.5625,63,64,1,0,63,61,43327,0,0,0,0,3
2020-06-19,US,North Carolina,Johnston,968,26,0,35.51745004,-78.36622717,37101.0,462.4078647552535,2.6859504132231407,942,968,26,0,942,935,202675,0,0,0,0,33
2020-06-19,US,North Carolina,Jones,28,3,0,35.02254606,-77.35870791,37103.0,297.271472555473,10.714285714285714,25,28,3,0,25,28,9637,0,0,0,0,0
2020-06-19,US,North Carolina,Lee,625,6,0,35.47623147,-79.17569362,37105.0,1011.6706324155457,0.96,619,625,6,0,619,606,61452,0,0,0,0,19
2020-06-19,US,North Carolina,Lenoir,316,10,0,35.24032589999999,-77.64245615,37107.0,564.8000857924181,3.1645569620253164,306,316,10,0,306,305,55976,0,0,0,0,11
2020-06-19,US,North Carolina,Lincoln,164,0,0,35.48508185,-81.21740317,37109.0,190.45185864755956,0.0,164,164,0,0,164,157,83770,0,0,0,0,7
2020-06-19,US,North Carolina,Macon,237,1,0,35.14867843,-83.41696617,37113.0,660.9403759272686,0.4219409282700422,236,237,1,0,236,237,35285,0,0,0,0,0
2020-06-19,US,North Carolina,Madison,5,0,0,35.85402722,-82.71346418,37115.0,22.983222247759137,0.0,5,5,0,0,5,5,21763,0,0,0,0,0
2020-06-19,US,North Carolina,Martin,103,4,0,35.84326734,-77.10860251,37117.0,459.0017825311943,3.8834951456310685,99,103,4,0,99,101,22671,0,0,0,0,2
2020-06-19,US,North Carolina,McDowell,172,1,0,35.67736232,-82.0482425,37111.0,375.9069848763003,0.5813953488372093,171,172,1,0,171,168,45507,0,0,0,0,4
2020-06-19,US,North Carolina,Mecklenburg,7804,130,0,35.24469268,-80.8317671,37119.0,702.8376484658975,1.6658124038954385,7674,7804,130,0,7674,7563,1093901,0,0,0,0,241
2020-06-19,US,North Carolina,Mitchell,23,0,0,36.01059309,-82.1582442,37121.0,153.7022186581128,0.0,23,23,0,0,23,19,15000,0,0,0,0,4
2020-06-19,US,North Carolina,Montgomery,229,5,0,35.33155144,-79.90416657,37123.0,842.7483163434291,2.183406113537118,224,229,5,0,224,218,27271,0,0,0,0,11
2020-06-19,US,North Carolina,Moore,335,11,0,35.30885257,-79.48474178,37125.0,332.07771609833463,3.2835820895522385,324,335,11,0,324,320,98682,0,0,0,0,15
2020-06-19,US,North Carolina,Nash,311,4,0,35.96575634,-77.98422508,37127.0,329.8055101910963,1.2861736334405145,307,311,4,0,307,301,94016,0,0,0,0,10
2020-06-19,US,North Carolina,New Hanover,449,5,0,34.25758282,-77.87075626,37129.0,191.4932636167064,1.11358574610245,444,449,5,0,444,421,232274,0,0,0,0,28
2020-06-19,US,North Carolina,Northampton,174,15,0,36.41736238,-77.39769443,37131.0,893.0862803469691,8.620689655172415,159,174,15,0,159,171,19676,0,0,0,0,3
2020-06-19,US,North Carolina,Onslow,180,3,0,34.72607366,-77.42908179,37133.0,90.9375663086421,1.6666666666666667,177,180,3,0,177,178,197683,0,0,0,0,2
2020-06-19,US,North Carolina,Orange,497,40,0,36.06092947,-79.12167935,37135.0,334.7342331420566,8.048289738430583,457,497,40,0,457,487,146027,0,0,0,0,10
2020-06-19,US,North Carolina,Pamlico,15,0,0,35.15253315,-76.66559823,37137.0,117.86892975011787,0.0,15,15,0,0,15,15,12670,0,0,0,0,0
2020-06-19,US,North Carolina,Pasquotank,152,15,0,36.26723798,-76.25134778,37139.0,381.67938931297715,9.868421052631579,137,152,15,0,137,147,39639,0,0,0,0,5
2020-06-19,US,North Carolina,Pender,149,1,0,34.52265624,-77.90352133,37141.0,236.28290516967968,0.6711409395973155,148,149,1,0,148,145,62162,0,0,0,0,4
2020-06-19,US,North Carolina,Perquimans,30,2,0,36.17847453,-76.40603143,37143.0,222.83294956547576,6.666666666666668,28,30,2,0,28,30,13422,0,0,0,0,0
2020-06-19,US,North Carolina,Person,86,1,0,36.38989032,-78.97217358,37145.0,217.77665231704228,1.162790697674419,85,86,1,0,85,83,39507,0,0,0,0,3
2020-06-19,US,North Carolina,Pitt,507,3,0,35.59535426,-77.37353178,37147.0,280.5103407066426,0.591715976331361,504,507,3,0,504,502,179914,0,0,0,0,5
2020-06-19,US,North Carolina,Polk,61,4,0,35.27820615,-82.16812354,37149.0,294.34472109631344,6.557377049180328,57,61,4,0,57,56,20611,0,0,0,0,5
2020-06-19,US,North Carolina,Randolph,997,22,0,35.71015088,-79.80570339,37151.0,693.965907271677,2.2066198595787356,975,997,22,0,975,969,143351,0,0,0,0,28
2020-06-19,US,North Carolina,Richmond,221,5,0,35.00417719,-79.74491009,37153.0,492.98445202882067,2.262443438914027,216,221,5,0,216,215,44887,0,0,0,0,6
2020-06-19,US,North Carolina,Robeson,1127,26,0,34.64244496,-79.10250529999998,37155.0,862.7751196172247,2.3070097604259097,1101,1127,26,0,1101,1127,131831,0,0,0,0,0
2020-06-19,US,North Carolina,Rockingham,150,2,0,36.39593137,-79.77504841,37157.0,164.8170530710911,1.3333333333333333,148,150,2,0,148,147,90690,0,0,0,0,3
2020-06-19,US,North Carolina,Rowan,957,39,0,35.64003916,-80.52446628,37159.0,673.5262654129834,4.075235109717869,918,957,39,0,918,937,141262,0,0,0,0,20
2020-06-19,US,North Carolina,Rutherford,233,7,0,35.40114178,-81.92112099,37161.0,347.6107356517328,3.004291845493562,226,233,7,0,226,226,66826,0,0,0,0,7
2020-06-19,US,North Carolina,Sampson,802,4,0,34.98820368,-78.36914061,37163.0,1262.3758480112074,0.4987531172069826,798,802,4,0,798,791,63626,0,0,0,0,11
2020-06-19,US,North Carolina,Scotland,114,1,0,34.8386299,-79.4757978,37165.0,327.36984177124316,0.8771929824561403,113,114,1,0,113,114,34810,0,0,0,0,0
2020-06-19,US,North Carolina,Stanly,180,5,0,35.31647813,-80.25093221,37167.0,286.59682195968537,2.7777777777777777,175,180,5,0,175,174,62075,0,0,0,0,6
2020-06-19,US,North Carolina,Stokes,98,0,0,36.4017975,-80.23893369,37169.0,214.95470597267,0.0,98,98,0,0,98,96,45467,0,0,0,0,2
2020-06-19,US,North Carolina,Surry,353,2,0,36.41689489,-80.69102283,37171.0,491.75988743853,0.56657223796034,351,353,2,0,351,346,71948,0,0,0,0,7
2020-06-19,US,North Carolina,Swain,39,0,0,35.48665845,-83.48748932,37173.0,273.28147992432207,0.0,39,39,0,0,39,39,14245,0,0,0,0,0
2020-06-19,US,North Carolina,Transylvania,17,1,0,35.20383864,-82.79638423,37175.0,49.44016286171296,5.882352941176472,16,17,1,0,16,17,34215,0,0,0,0,0
2020-06-19,US,North Carolina,Tyrrell,5,0,0,35.87147226,-76.17055253,37177.0,124.5019920318725,0.0,5,5,0,0,5,5,4131,0,0,0,0,0
2020-06-19,US,North Carolina,Union,802,22,0,34.98960527,-80.52955873,37179.0,334.3631049908488,2.743142144638404,780,802,22,0,780,764,235908,0,0,0,0,38
2020-06-19,US,North Carolina,Vance,434,35,0,36.36880673,-78.40670845,37181.0,974.5144268552824,8.064516129032258,399,434,35,0,399,421,44582,0,0,0,0,13
2020-06-19,US,North Carolina,Wake,3385,43,0,35.78879266,-78.65249174,37183.0,304.4719143772807,1.2703101920236337,3342,3385,43,0,3342,3249,1092305,0,0,0,0,136
2020-06-19,US,North Carolina,Warren,142,3,0,36.39728256,-78.10652228,37185.0,719.679691855456,2.112676056338028,139,142,3,0,139,136,19807,0,0,0,0,6
2020-06-19,US,North Carolina,Washington,35,3,0,35.83810081,-76.57299037,37187.0,302.24525043177886,8.571428571428571,32,35,3,0,32,35,11859,0,0,0,0,0
2020-06-19,US,North Carolina,Watauga,44,0,0,36.23103603,-81.70033724,37189.0,78.32386919913844,0.0,44,44,0,0,44,44,55945,0,0,0,0,0
2020-06-19,US,North Carolina,Wayne,1565,22,0,35.36438125,-78.00027268,37191.0,1271.0040525943914,1.4057507987220448,1543,1565,22,0,1543,1540,123248,0,0,0,0,25
2020-06-19,US,North Carolina,Wilkes,551,6,0,36.2084135,-81.16232895,37193.0,805.4142548090978,1.088929219600726,545,551,6,0,545,550,68557,0,0,0,0,1
2020-06-19,US,North Carolina,Wilson,545,15,0,35.70625477,-77.917978,37195.0,666.2510238261146,2.7522935779816518,530,545,15,0,530,540,81455,0,0,0,0,5
2020-06-19,US,North Carolina,Yadkin,259,4,0,36.16222629,-80.66239436,37197.0,687.6045344731463,1.5444015444015444,255,259,4,0,255,255,37543,0,0,0,0,4
2020-06-19,US,North Carolina,Yancey,33,0,0,35.90079156,-82.31237181,37199.0,182.6332392495434,0.0,33,33,0,0,33,31,17903,0,0,0,0,2
2020-06-19,US,North Dakota,Barnes,16,0,0,46.93579637,-98.06605978,38003.0,153.62457993278926,0.0,16,16,0,0,16,11,10542,0,0,0,0,5
2020-06-19,US,North Dakota,Benson,3,0,0,48.0683985,-99.35916363,38005.0,43.911007025761116,0.0,3,3,0,0,3,3,6962,0,0,0,0,0
2020-06-19,US,North Dakota,Bottineau,4,0,0,48.79106111,-100.8378166,38009.0,63.673989175421845,0.0,4,4,0,0,4,4,6411,0,0,0,0,0
2020-06-19,US,North Dakota,Bowman,1,0,0,46.11285362,-103.5203343,38011.0,33.06878306878307,0.0,1,1,0,0,1,1,3076,0,0,0,0,0
2020-06-19,US,North Dakota,Burke,5,0,0,48.79094471,-102.5182117,38013.0,236.40661938534282,0.0,5,5,0,0,5,5,2100,0,0,0,0,0
2020-06-19,US,North Dakota,Burleigh,188,0,0,46.97847375,-100.4645214,38015.0,196.5992512496601,0.0,188,180,0,0,180,180,95273,8,0,0,8,0
2020-06-19,US,North Dakota,Cass,2104,64,0,46.93201724,-97.2444719,38017.0,1156.5332585764304,3.041825095057034,2040,2091,63,0,2028,2084,181516,13,1,0,12,7
2020-06-19,US,North Dakota,Dickey,4,0,0,46.11017712,-98.5049008,38021.0,82.10180623973726,0.0,4,3,0,0,3,3,4903,1,0,0,1,0
2020-06-19,US,North Dakota,Divide,1,0,0,48.814938700000006,-103.4873611,38023.0,44.16961130742049,0.0,1,1,0,0,1,1,2283,0,0,0,0,0
2020-06-19,US,North Dakota,Dunn,12,0,0,47.35423935,-102.6160468,38025.0,271.24773960217004,0.0,12,11,0,0,11,11,4332,1,0,0,1,0
2020-06-19,US,North Dakota,Eddy,5,0,0,47.71701474,-98.90432337,38027.0,218.62702229995628,0.0,5,5,0,0,5,5,2313,0,0,0,0,0
2020-06-19,US,North Dakota,Emmons,4,1,0,46.28398398,-100.2389766,38029.0,123.41869793273679,25.0,3,4,1,0,3,4,3295,0,0,0,0,0
2020-06-19,US,North Dakota,Foster,1,0,0,47.4571084,-98.88279923,38031.0,31.152647975077887,0.0,1,1,0,0,1,1,3216,0,0,0,0,0
2020-06-19,US,North Dakota,Grand Forks,358,4,0,47.92093639,-97.45450447,38035.0,515.4713395055506,1.11731843575419,354,356,4,0,352,350,70770,2,0,0,2,6
2020-06-19,US,North Dakota,Grant,2,0,0,46.35821257,-101.6390013,38037.0,87.95074758135445,0.0,2,2,0,0,2,2,2374,0,0,0,0,0
2020-06-19,US,North Dakota,Griggs,1,0,0,47.45785838,-98.23850925,38039.0,44.822949350067226,0.0,1,1,0,0,1,1,2232,0,0,0,0,0
2020-06-19,US,North Dakota,Kidder,2,0,0,46.97830064,-99.77507857,38043.0,80.64516129032258,0.0,2,2,0,0,2,2,2450,0,0,0,0,0
2020-06-19,US,North Dakota,LaMoure,10,0,0,46.45681054,-98.53542355,38045.0,247.15768660405342,0.0,10,10,0,0,10,10,4062,0,0,0,0,0
2020-06-19,US,North Dakota,McHenry,3,1,0,48.23104458,-100.6324822,38049.0,52.219321148825074,33.333333333333336,2,2,1,0,1,2,5816,1,0,0,1,0
2020-06-19,US,North Dakota,McIntosh,1,0,0,46.11182017,-99.44145858,38051.0,40.04805766920305,0.0,1,1,0,0,1,1,2585,0,0,0,0,0
2020-06-19,US,North Dakota,McKenzie,23,0,0,47.74133370000001,-103.395905,38053.0,153.08839190628328,0.0,23,22,0,0,22,22,13632,1,0,0,1,0
2020-06-19,US,North Dakota,McLean,11,0,0,47.60766714,-101.3182418,38055.0,116.40211640211642,0.0,11,11,0,0,11,11,9541,0,0,0,0,0
2020-06-19,US,North Dakota,Mercer,6,0,0,47.31213126,-101.8318399,38057.0,73.28691828508613,0.0,6,6,0,0,6,6,8267,0,0,0,0,0
2020-06-19,US,North Dakota,Morton,70,2,0,46.71681782,-101.2822377,38059.0,223.1858181354419,2.8571428571428568,68,70,2,0,68,70,31095,0,0,0,0,0
2020-06-19,US,North Dakota,Mountrail,43,0,0,48.20197971,-102.3555315,38061.0,407.77619724988153,0.0,43,43,0,0,43,43,10218,0,0,0,0,0
2020-06-19,US,North Dakota,Nelson,1,0,0,47.9226426,-98.19038437,38063.0,34.734282737061484,0.0,1,1,0,0,1,1,2869,0,0,0,0,0
2020-06-19,US,North Dakota,Oliver,1,0,0,47.11530482,-101.3406158,38065.0,51.046452271567134,0.0,1,1,0,0,1,1,1952,0,0,0,0,0
2020-06-19,US,North Dakota,Pembina,7,0,0,48.76623521,-97.5523809,38067.0,102.92604028819292,0.0,7,7,0,0,7,7,6947,0,0,0,0,0
2020-06-19,US,North Dakota,Pierce,4,0,0,48.24977025,-99.96407787,38069.0,100.62893081761007,0.0,4,3,0,0,3,3,4081,1,0,0,1,0
2020-06-19,US,North Dakota,Ramsey,8,1,0,48.26886249,-98.72223879,38071.0,69.4504731313482,12.5,7,8,1,0,7,8,11481,0,0,0,0,0
2020-06-19,US,North Dakota,Ransom,13,0,0,46.45621782,-97.65742504,38073.0,249.13760061326175,0.0,13,13,0,0,13,13,5237,0,0,0,0,0
2020-06-19,US,North Dakota,Renville,3,0,0,48.71982533,-101.6603912,38075.0,128.92135797163732,0.0,3,3,0,0,3,3,2374,0,0,0,0,0
2020-06-19,US,North Dakota,Richland,37,0,0,46.26440649,-96.94852979,38077.0,228.719787352414,0.0,37,37,0,0,37,37,16239,0,0,0,0,0
2020-06-19,US,North Dakota,Rolette,8,0,0,48.77245354,-99.84097493,38079.0,56.433408577878104,0.0,8,8,0,0,8,7,14301,0,0,0,0,1
2020-06-19,US,North Dakota,Sargent,4,0,0,46.10830372,-97.63217159,38081.0,102.6167265264238,0.0,4,5,0,0,5,4,3870,-1,0,0,-1,1
2020-06-19,US,North Dakota,Sheridan,1,0,0,47.57700669,-100.3426391,38083.0,76.04562737642586,0.0,1,1,0,0,1,1,1349,0,0,0,0,0
2020-06-19,US,North Dakota,Sioux,12,0,0,46.11323337,-101.0440149,38085.0,283.6879432624113,0.0,12,10,0,0,10,7,4358,2,0,0,2,3
2020-06-19,US,North Dakota,Slope,3,0,0,46.44737738,-103.4601547,38087.0,400.0,0.0,3,3,0,0,3,3,763,0,0,0,0,0
2020-06-19,US,North Dakota,Stark,68,2,0,46.80851182,-102.6576326,38089.0,215.948426434628,2.9411764705882355,66,65,2,0,63,63,30997,3,0,0,3,2
2020-06-19,US,North Dakota,Steele,1,0,0,47.45611548,-97.72728747,38091.0,52.91005291005291,0.0,1,1,0,0,1,1,1903,0,0,0,0,0
2020-06-19,US,North Dakota,Stutsman,60,0,0,46.97962541,-98.95637318,38093.0,289.7990726429676,0.0,60,60,0,0,60,60,20917,0,0,0,0,0
2020-06-19,US,North Dakota,Traill,15,0,0,47.45367788,-97.16323288,38097.0,186.66002986560483,0.0,15,15,0,0,15,15,8037,0,0,0,0,0
2020-06-19,US,North Dakota,Walsh,17,0,0,48.36876964,-97.72574783,38099.0,159.7594211070388,0.0,17,17,0,0,17,17,10667,0,0,0,0,0
2020-06-19,US,North Dakota,Ward,51,1,0,48.22390169,-101.5436763,38101.0,75.39805739122721,1.96078431372549,50,50,1,0,49,48,67744,1,0,0,1,2
2020-06-19,US,North Dakota,Wells,8,0,0,47.58614526,-99.65904998,38103.0,208.65936358894103,0.0,8,8,0,0,8,8,3957,0,0,0,0,0
2020-06-19,US,North Dakota,Williams,26,0,0,48.34522353,-103.4793387,38105.0,69.16917183218493,0.0,26,26,0,0,26,26,35350,0,0,0,0,0
2020-06-19,US,Ohio,Adams,18,1,0,38.84541072,-83.4718964,39001.0,64.98664163477507,5.5555555555555545,17,18,1,0,17,17,27724,0,0,0,0,1
2020-06-19,US,Ohio,Allen,247,37,0,40.77285242,-84.10802343,39003.0,241.3264159607625,14.979757085020244,210,246,36,0,210,242,102663,1,1,0,0,4
2020-06-19,US,Ohio,Ashland,37,0,0,40.84772277,-82.27280781,39005.0,69.17956772118764,0.0,37,37,0,0,37,31,53745,0,0,0,0,6
2020-06-19,US,Ohio,Ashtabula,406,42,0,41.70860332,-80.74830218,39007.0,417.5193591180675,10.344827586206897,364,402,41,0,361,397,97493,4,1,0,3,5
2020-06-19,US,Ohio,Athens,24,1,0,39.33425634,-82.04278644,39009.0,36.73825523902827,4.166666666666667,23,24,1,0,23,24,65818,0,0,0,0,0
2020-06-19,US,Ohio,Auglaize,89,3,0,40.55998859,-84.22421429999999,39011.0,194.9360434554056,3.3707865168539324,86,87,3,0,84,86,45804,2,0,0,2,1
2020-06-19,US,Ohio,Belmont,476,21,0,40.01625942,-80.9924051,39013.0,710.3841447034594,4.411764705882354,455,472,21,0,451,472,67505,4,0,0,4,0
2020-06-19,US,Ohio,Brown,41,1,0,38.93416837,-83.86788395,39015.0,94.40044207036287,2.4390243902439024,40,40,1,0,39,39,43602,1,0,0,1,1
2020-06-19,US,Ohio,Butler,1166,37,0,39.44012838,-84.57388716,39017.0,304.3321657696785,3.1732418524871355,1129,1153,36,0,1117,1129,382378,13,1,0,12,24
2020-06-19,US,Ohio,Carroll,38,3,0,40.578968599999996,-81.09178213,39019.0,141.19045849743628,7.894736842105262,35,37,3,0,34,37,27081,1,0,0,1,0
2020-06-19,US,Ohio,Champaign,37,1,0,40.13923427,-83.76875242,39021.0,95.15237238009516,2.702702702702702,36,37,1,0,36,36,38754,0,0,0,0,1
2020-06-19,US,Ohio,Clark,606,8,0,39.91592258,-83.78498252,39023.0,451.95886130232765,1.32013201320132,598,568,8,0,560,502,134585,38,0,0,38,66
2020-06-19,US,Ohio,Clermont,266,6,0,39.04847534,-84.15375786,39025.0,128.8584881895867,2.255639097744361,260,256,6,0,250,252,205466,10,0,0,10,4
2020-06-19,US,Ohio,Clinton,54,0,0,39.41485808,-83.80852286,39027.0,128.66946244757912,0.0,54,54,0,0,54,54,42057,0,0,0,0,0
2020-06-19,US,Ohio,Columbiana,954,58,0,40.76932373,-80.78094576,39029.0,936.3681870380733,6.079664570230608,896,940,58,0,882,923,102665,14,0,0,14,17
2020-06-19,US,Ohio,Coshocton,56,0,0,40.30096166,-81.91729018,39031.0,153.0054644808743,0.0,56,54,0,0,54,53,36629,2,0,0,2,1
2020-06-19,US,Ohio,Crawford,122,5,0,40.85065156,-82.91989099,39033.0,294.01841230057363,4.0983606557377055,117,122,5,0,117,122,41550,0,0,0,0,0
2020-06-19,US,Ohio,Cuyahoga,5481,334,0,41.424119,-81.65918339,39035.0,443.7797958337652,6.093778507571612,5147,5404,327,0,5077,5336,1243857,77,7,0,70,68
2020-06-19,US,Ohio,Darke,227,25,0,40.13412966,-84.6194517,39037.0,444.1140218731048,11.013215859030836,202,227,25,0,202,223,51323,0,0,0,0,4
2020-06-19,US,Ohio,Defiance,40,2,0,41.32398837,-84.49076944,39039.0,105.02271116128864,5.0,38,40,2,0,38,40,38165,0,0,0,0,0
2020-06-19,US,Ohio,Delaware,412,15,0,40.27942393,-83.00457058,39041.0,196.9623811413301,3.6407766990291264,397,410,15,0,395,403,204826,2,0,0,2,7
2020-06-19,US,Ohio,Erie,216,22,0,41.36796058,-82.62904521,39043.0,290.8464169337247,10.185185185185183,194,215,22,0,193,215,74615,1,0,0,1,0
2020-06-19,US,Ohio,Fairfield,398,12,0,39.75107189,-82.63088163,39045.0,252.5797403124881,3.0150753768844223,386,392,12,0,380,387,155782,6,0,0,6,5
2020-06-19,US,Ohio,Fayette,45,0,0,39.56021306,-83.4562016,39047.0,157.75635407537246,0.0,45,45,0,0,45,45,28666,0,0,0,0,0
2020-06-19,US,Ohio,Franklin,7590,348,0,39.96995815,-83.01115755,39049.0,576.4165874315363,4.58498023715415,7242,7487,342,0,7145,7365,1310300,103,6,0,97,122
2020-06-19,US,Ohio,Fulton,53,0,0,41.60213491,-84.12571393,39051.0,125.8130370792385,0.0,53,53,0,0,53,53,42276,0,0,0,0,0
2020-06-19,US,Ohio,Gallia,9,1,0,38.82708533,-82.31647569,39053.0,30.102347983142685,11.111111111111109,8,9,1,0,8,9,29979,0,0,0,0,0
2020-06-19,US,Ohio,Geauga,353,37,0,41.49952319,-81.17935342,39055.0,376.9394227380965,10.48158640226629,316,349,37,0,312,344,94031,4,0,0,4,5
2020-06-19,US,Ohio,Greene,158,8,0,39.69116283,-83.89032084,39057.0,93.52598897813978,5.063291139240507,150,156,6,0,150,150,167995,2,2,0,0,6
2020-06-19,US,Ohio,Guernsey,44,3,0,40.05026529,-81.49248905,39059.0,113.18327974276528,6.8181818181818175,41,44,3,0,41,44,39022,0,0,0,0,0
2020-06-19,US,Ohio,Hamilton,3634,184,0,39.19673558,-84.54502924,39061.0,444.5406759611632,5.063291139240507,3450,3508,181,0,3327,3374,816684,126,3,0,123,134
2020-06-19,US,Ohio,Hancock,62,1,0,41.00250487,-83.66838948,39063.0,81.81254371033081,1.6129032258064515,61,62,1,0,61,61,75930,0,0,0,0,1
2020-06-19,US,Ohio,Hardin,106,5,0,40.66015414,-83.65929931,39065.0,337.956320739678,4.716981132075472,101,105,5,0,100,96,31480,1,0,0,1,9
2020-06-19,US,Ohio,Harrison,11,0,0,40.29380509,-81.09068544,39067.0,73.13829787234044,0.0,11,11,0,0,11,11,15174,0,0,0,0,0
2020-06-19,US,Ohio,Henry,21,0,0,41.333964200000004,-84.06830637,39069.0,77.76049766718506,0.0,21,21,0,0,21,20,27086,0,0,0,0,1
2020-06-19,US,Ohio,Highland,37,1,0,39.1839264,-83.60331456,39071.0,85.72553925998008,2.702702702702702,36,35,1,0,34,35,43058,2,0,0,2,0
2020-06-19,US,Ohio,Hocking,73,7,0,39.49537927,-82.47991446,39073.0,258.2790829323521,9.58904109589041,66,73,7,0,66,73,28385,0,0,0,0,0
2020-06-19,US,Ohio,Holmes,109,3,0,40.56163713,-81.92635677,39075.0,247.95268425841675,2.7522935779816518,106,101,3,0,98,92,43892,8,0,0,8,9
2020-06-19,US,Ohio,Huron,96,1,0,41.14651175,-82.59867951,39077.0,164.76161054474306,1.0416666666666667,95,95,1,0,94,81,58504,1,0,0,1,14
2020-06-19,US,Ohio,Jackson,16,0,0,39.01914254,-82.61818559999998,39079.0,49.362909943541176,0.0,16,16,0,0,16,16,32384,0,0,0,0,0
2020-06-19,US,Ohio,Jefferson,74,2,0,40.38614126,-80.76259514,39081.0,113.27975507079985,2.702702702702702,72,71,2,0,69,71,65767,3,0,0,3,0
2020-06-19,US,Ohio,Knox,33,1,0,40.39830217,-82.42027563,39083.0,52.95080388947722,3.0303030303030303,32,33,1,0,32,33,61893,0,0,0,0,0
2020-06-19,US,Ohio,Lake,358,13,0,41.69710807,-81.23676539,39085.0,155.5514036558925,3.6312849162011163,345,356,13,0,343,354,230514,2,0,0,2,2
2020-06-19,US,Ohio,Lawrence,42,0,0,38.59743452,-82.53466552,39087.0,70.63215781242117,0.0,42,40,0,0,40,37,59866,2,0,0,2,3
2020-06-19,US,Ohio,Licking,329,11,0,40.09136236,-82.48185785,39089.0,186.02073933349166,3.3434650455927053,318,324,11,0,313,321,175769,5,0,0,5,3
2020-06-19,US,Ohio,Logan,48,0,0,40.38996525,-83.76784341,39091.0,105.09721492380451,0.0,48,48,0,0,48,48,45358,0,0,0,0,0
2020-06-19,US,Ohio,Lorain,825,65,0,41.29553751,-82.15083537,39093.0,266.27247581761793,7.878787878787879,760,822,64,0,758,814,309461,3,1,0,2,8
2020-06-19,US,Ohio,Lucas,2478,293,0,41.62101218,-83.65468618,39095.0,578.5015921633811,11.824051654560131,2185,2468,291,0,2177,2462,429899,10,2,0,8,6
2020-06-19,US,Ohio,Madison,172,7,0,39.89381073,-83.40178317,39097.0,384.5208021282779,4.069767441860465,165,170,7,0,163,169,44413,2,0,0,2,1
2020-06-19,US,Ohio,Mahoning,1632,223,0,41.01631101,-80.77287029,39099.0,713.651648788935,13.66421568627451,1409,1619,218,0,1401,1606,229642,13,5,0,8,13
2020-06-19,US,Ohio,Marion,2715,34,0,40.58610662,-83.15736305,39101.0,4170.955402270597,1.252302025782689,2681,2713,34,0,2679,2712,65256,2,0,0,2,1
2020-06-19,US,Ohio,Medina,406,31,0,41.11770589,-81.89986209999998,39103.0,225.87428927486562,7.635467980295568,375,404,31,0,373,402,179146,2,0,0,2,2
2020-06-19,US,Ohio,Meigs,9,0,0,39.09224872,-82.0305041,39105.0,39.289300213908405,0.0,9,9,0,0,9,8,23106,0,0,0,0,1
2020-06-19,US,Ohio,Mercer,255,8,0,40.54043046,-84.62912742,39107.0,619.3529583211891,3.1372549019607843,247,253,8,0,245,253,40959,2,0,0,2,0
2020-06-19,US,Ohio,Miami,397,30,0,40.0543329,-84.22871271,39109.0,371.0731210333966,7.556675062972292,367,393,30,0,363,392,106222,4,0,0,4,1
2020-06-19,US,Ohio,Monroe,82,15,0,39.72984936,-81.08464734,39111.0,600.5566134466089,18.29268292682927,67,82,15,0,67,82,13790,0,0,0,0,0
2020-06-19,US,Ohio,Montgomery,1174,19,0,39.75394919,-84.29050975,39113.0,220.806602380724,1.6183986371379897,1155,1118,18,0,1100,1058,532331,56,1,0,55,60
2020-06-19,US,Ohio,Morgan,6,0,0,39.62081738,-81.85308173,39115.0,41.356492969396186,0.0,6,6,0,0,6,6,14604,0,0,0,0,0
2020-06-19,US,Ohio,Morrow,110,1,0,40.52363560000001,-82.7892599,39117.0,311.3677536231884,0.9090909090909092,109,110,1,0,109,110,35112,0,0,0,0,0
2020-06-19,US,Ohio,Muskingum,61,1,0,39.96575964,-81.94363275,39119.0,70.75334918517659,1.639344262295082,60,61,1,0,60,60,86183,0,0,0,0,1
2020-06-19,US,Ohio,Noble,6,0,0,39.76818851,-81.45937183,39121.0,41.59733777038269,0.0,6,6,0,0,6,6,14354,0,0,0,0,0
2020-06-19,US,Ohio,Ottawa,118,22,0,41.53781826,-83.0940185,39123.0,291.1782850092536,18.644067796610173,96,118,22,0,96,118,40769,0,0,0,0,0
2020-06-19,US,Ohio,Paulding,18,0,0,41.11676341,-84.5801017,39125.0,96.40102827763495,0.0,18,17,0,0,17,17,18760,1,0,0,1,0
2020-06-19,US,Ohio,Perry,25,1,0,39.73508655,-82.23804971,39127.0,69.18691537056512,4.0,24,25,1,0,24,24,36033,0,0,0,0,1
2020-06-19,US,Ohio,Pickaway,2135,40,0,39.64170392,-83.0243386,39129.0,3652.257214704826,1.873536299765808,2095,2131,40,0,2091,2128,58086,4,0,0,4,3
2020-06-19,US,Ohio,Pike,12,0,0,39.07634001,-83.06769584,39131.0,43.208987469393634,0.0,12,12,0,0,12,11,28067,0,0,0,0,1
2020-06-19,US,Ohio,Portage,366,58,0,41.16793482,-81.19735782,39133.0,225.27790429997657,15.846994535519125,308,364,58,0,306,359,162927,2,0,0,2,5
2020-06-19,US,Ohio,Preble,49,1,0,39.7420247,-84.64787018,39135.0,119.85714984589796,2.0408163265306123,48,46,1,0,45,45,40997,3,0,0,3,1
2020-06-19,US,Ohio,Putnam,103,15,0,41.02094889,-84.1336111,39137.0,304.18475532323316,14.563106796116505,88,102,15,0,87,101,33780,1,0,0,1,1
2020-06-19,US,Ohio,Richland,266,4,0,40.77180308,-82.53799609999999,39139.0,219.5552767552041,1.5037593984962403,262,260,4,0,256,257,121099,6,0,0,6,3
2020-06-19,US,Ohio,Ross,82,2,0,39.33705391,-83.06000914,39141.0,106.95745180392872,2.4390243902439024,80,82,2,0,80,81,76931,0,0,0,0,1
2020-06-19,US,Ohio,Sandusky,109,13,0,41.35624126,-83.137872,39143.0,186.2674732560921,11.926605504587155,96,106,13,0,93,104,58799,3,0,0,3,2
2020-06-19,US,Ohio,Scioto,21,0,0,38.80270163,-82.98907345,39145.0,27.883262076108032,0.0,21,21,0,0,21,21,75502,0,0,0,0,0
2020-06-19,US,Ohio,Seneca,30,2,0,41.12351311,-83.12783209,39147.0,54.36949508862229,6.666666666666668,28,30,2,0,28,30,55207,0,0,0,0,0
2020-06-19,US,Ohio,Shelby,51,3,0,40.33163494,-84.20258189,39149.0,104.95986828565547,5.882352941176472,48,50,3,0,47,50,48627,1,0,0,1,0
2020-06-19,US,Ohio,Stark,918,105,0,40.81482476,-81.36437305,39151.0,247.70241172566014,11.437908496732025,813,908,105,0,803,891,371574,10,0,0,10,17
2020-06-19,US,Ohio,Summit,1735,199,0,41.12464734,-81.53123079,39153.0,320.69469680026174,11.469740634005765,1536,1722,196,0,1526,1712,541918,13,3,0,10,10
2020-06-19,US,Ohio,Trumbull,693,55,0,41.31735028,-80.76109643,39155.0,350.04596563185066,7.936507936507938,638,682,54,0,628,675,198627,11,1,0,10,7
2020-06-19,US,Ohio,Tuscarawas,409,9,0,40.44214695,-81.47226262,39157.0,444.62804526726603,2.2004889975550124,400,408,9,0,399,405,92176,1,0,0,1,3
2020-06-19,US,Ohio,Union,69,1,0,40.30016061,-83.37239023,39159.0,116.97294364955583,1.4492753623188406,68,67,1,0,66,63,57835,2,0,0,2,4
2020-06-19,US,Ohio,Van Wert,15,0,0,40.8554138,-84.59111700000003,39161.0,53.050397877984075,0.0,15,14,0,0,14,14,28281,1,0,0,1,0
2020-06-19,US,Ohio,Vinton,22,2,0,39.25208988,-82.4831444,39163.0,168.13144822315633,9.090909090909092,20,22,2,0,20,22,13139,0,0,0,0,0
2020-06-19,US,Ohio,Warren,559,20,0,39.42581994,-84.16557457,39165.0,238.27588852609955,3.5778175313059037,539,549,20,0,529,532,232173,10,0,0,10,17
2020-06-19,US,Ohio,Washington,119,20,0,39.45690571,-81.49121382,39167.0,198.62796481447484,16.80672268907563,99,119,20,0,99,118,60155,0,0,0,0,1
2020-06-19,US,Ohio,Wayne,321,52,0,40.82925852,-81.88844833,39169.0,277.41768213637545,16.199376947040502,269,316,52,0,264,313,115967,5,0,0,5,3
2020-06-19,US,Ohio,Williams,59,1,0,41.56052014,-84.58429552,39171.0,160.79799411315818,1.6949152542372878,58,59,1,0,58,59,36804,0,0,0,0,0
2020-06-19,US,Ohio,Wood,332,51,0,41.36224827,-83.62285108,39173.0,253.7896450767102,15.36144578313253,281,331,51,0,280,329,130696,1,0,0,1,2
2020-06-19,US,Ohio,Wyandot,55,4,0,40.84339621,-83.30734173,39175.0,252.6180415212199,7.272727272727272,51,50,4,0,46,50,21935,5,0,0,5,0
2020-06-19,US,Oklahoma,Adair,103,4,0,35.88494195,-94.65859267,40001.0,464.0893935297828,3.8834951456310685,99,101,4,0,97,96,22082,2,0,0,2,5
2020-06-19,US,Oklahoma,Alfalfa,1,0,0,36.73090616,-98.32408495,40003.0,17.5377060680463,0.0,1,1,0,0,1,1,5754,0,0,0,0,0
2020-06-19,US,Oklahoma,Atoka,11,0,0,34.37366573,-96.03802487,40005.0,79.95348161069923,0.0,11,11,0,0,11,9,13838,0,0,0,0,2
2020-06-19,US,Oklahoma,Beaver,30,0,0,36.7496847,-100.4758872,40007.0,564.865373752589,0.0,30,30,0,0,30,30,5319,0,0,0,0,0
2020-06-19,US,Oklahoma,Beckham,8,0,0,35.26862449,-99.68128023,40009.0,36.59819753877122,0.0,8,8,0,0,8,8,21709,0,0,0,0,0
2020-06-19,US,Oklahoma,Blaine,13,0,0,35.87518314,-98.43307003,40011.0,137.8725209460176,0.0,13,12,0,0,12,11,9485,1,0,0,1,1
2020-06-19,US,Oklahoma,Bryan,68,1,0,33.96472458,-96.25903472,40013.0,141.68142514845297,1.4705882352941178,67,64,1,0,63,57,47192,4,0,0,4,7
2020-06-19,US,Oklahoma,Caddo,181,10,0,35.17364557,-98.37534464,40015.0,629.3025519783048,5.524861878453039,171,181,10,0,171,178,28977,0,0,0,0,3
2020-06-19,US,Oklahoma,Canadian,186,3,0,35.5426055,-97.98465569,40017.0,125.41636885898077,1.6129032258064515,183,175,3,0,172,167,144447,11,0,0,11,8
2020-06-19,US,Oklahoma,Carter,63,1,0,34.25103751,-97.28552485,40019.0,130.9471846355303,1.5873015873015872,62,62,1,0,61,60,48177,1,0,0,1,2
2020-06-19,US,Oklahoma,Cherokee,60,1,0,35.90692775,-94.99980896,40021.0,123.31216474505209,1.6666666666666667,59,58,1,0,57,52,48675,2,0,0,2,6
2020-06-19,US,Oklahoma,Choctaw,107,1,0,34.02807439,-95.54771129,40023.0,729.28026172301,0.9345794392523364,106,107,1,0,106,106,14668,0,0,0,0,1
2020-06-19,US,Oklahoma,Cimarron,1,0,0,36.74817177,-102.5173885,40025.0,46.79457182966776,0.0,1,1,0,0,1,1,2153,0,0,0,0,0
2020-06-19,US,Oklahoma,Cleveland,620,40,0,35.20413532,-97.32519562,40027.0,218.29909793179212,6.451612903225807,580,605,40,0,565,576,281669,15,0,0,15,29
2020-06-19,US,Oklahoma,Coal,6,0,0,34.58840127,-96.29798747,40029.0,109.1901728844404,0.0,6,6,0,0,6,6,5520,0,0,0,0,0
2020-06-19,US,Oklahoma,Comanche,361,5,0,34.65973764,-98.47195055,40031.0,298.96727923212615,1.3850415512465375,356,360,5,0,355,342,120422,1,0,0,1,18
2020-06-19,US,Oklahoma,Cotton,5,2,0,34.28845626,-98.37053567,40033.0,88.24567596187786,40.0,3,5,2,0,3,5,5776,0,0,0,0,0
2020-06-19,US,Oklahoma,Craig,17,0,0,36.76268118,-95.20916602,40035.0,120.20930561448168,0.0,17,17,0,0,17,16,14306,0,0,0,0,1
2020-06-19,US,Oklahoma,Creek,121,7,0,35.90230551,-96.37086028,40037.0,169.17871424177176,5.785123966942148,114,118,7,0,111,108,71604,3,0,0,3,10
2020-06-19,US,Oklahoma,Custer,45,0,0,35.63853802,-99.00170785,40039.0,155.1563631348481,0.0,45,46,0,0,46,42,29036,-1,0,0,-1,4
2020-06-19,US,Oklahoma,Delaware,114,16,0,36.40823634,-94.80325046,40041.0,265.06080122765,14.035087719298243,98,112,16,0,96,112,42733,2,0,0,2,0
2020-06-19,US,Oklahoma,Dewey,4,0,0,35.98772922,-99.00730714,40043.0,81.78286648947045,0.0,4,4,0,0,4,4,4894,0,0,0,0,0
2020-06-19,US,Oklahoma,Garfield,54,1,0,36.3791334,-97.78265517,40047.0,88.4433962264151,1.851851851851852,53,53,1,0,52,51,60913,1,0,0,1,2
2020-06-19,US,Oklahoma,Garvin,41,1,0,34.70418038,-97.30811132,40049.0,147.95568546786475,2.4390243902439024,40,39,1,0,38,33,27811,2,0,0,2,6
2020-06-19,US,Oklahoma,Grady,123,4,0,35.0167709,-97.88339847,40051.0,220.29587706415447,3.2520325203252027,119,122,4,0,118,120,55551,1,0,0,1,2
2020-06-19,US,Oklahoma,Grant,2,0,0,36.796297,-97.78638765,40053.0,46.15739672282484,0.0,2,2,0,0,2,2,4326,0,0,0,0,0
2020-06-19,US,Oklahoma,Greer,66,7,0,34.93535801,-99.5605612,40055.0,1155.4621848739494,10.606060606060606,59,66,7,0,59,66,5821,0,0,0,0,0
2020-06-19,US,Oklahoma,Harmon,1,0,0,34.7440135,-99.84741652,40057.0,37.69317753486619,0.0,1,1,0,0,1,1,2664,0,0,0,0,0
2020-06-19,US,Oklahoma,Harper,1,0,0,36.78836519,-99.6679804,40059.0,27.11496746203905,0.0,1,1,0,0,1,1,3797,0,0,0,0,0
2020-06-19,US,Oklahoma,Haskell,7,0,0,35.22257600000001,-95.11513306,40061.0,55.436762493070404,0.0,7,7,0,0,7,6,12668,0,0,0,0,1
2020-06-19,US,Oklahoma,Hughes,3,0,0,35.04912569,-96.24921145,40063.0,22.59206265532043,0.0,3,3,0,0,3,3,13335,0,0,0,0,0
2020-06-19,US,Oklahoma,Jackson,32,3,0,34.58781741,-99.41138784,40065.0,130.45250713412148,9.375,29,32,3,0,29,32,24949,0,0,0,0,0
2020-06-19,US,Oklahoma,Jefferson,4,0,0,34.11130184,-97.83182974,40067.0,66.64445184938353,0.0,4,4,0,0,4,4,6123,0,0,0,0,0
2020-06-19,US,Oklahoma,Johnston,8,0,0,34.31440473,-96.66011537,40069.0,72.16959855660802,0.0,8,8,0,0,8,6,10949,0,0,0,0,2
2020-06-19,US,Oklahoma,Kay,77,7,0,36.81799745,-97.14421435,40071.0,176.85699848408288,9.090909090909092,70,72,7,0,65,70,44161,5,0,0,5,2
2020-06-19,US,Oklahoma,Kingfisher,17,0,0,35.94530008,-97.94193268,40073.0,107.83380907072628,0.0,17,13,0,0,13,13,15816,4,0,0,4,0
2020-06-19,US,Oklahoma,Kiowa,6,0,0,34.91671958,-98.97720696,40075.0,68.90215893431328,0.0,6,6,0,0,6,6,8729,0,0,0,0,0
2020-06-19,US,Oklahoma,Latimer,7,1,0,34.87844729,-95.25215049,40077.0,69.49270326615705,14.285714285714285,6,7,1,0,6,7,10231,0,0,0,0,0
2020-06-19,US,Oklahoma,Le Flore,25,1,0,34.89851864,-94.70392124,40079.0,50.14743345435581,4.0,24,25,1,0,24,20,49980,0,0,0,0,5
2020-06-19,US,Oklahoma,Lincoln,25,2,0,35.70270942,-96.8812462,40081.0,71.68047710525562,8.0,23,26,2,0,24,24,34920,-1,0,0,-1,2
2020-06-19,US,Oklahoma,Logan,26,1,0,35.91899576,-97.44352845,40083.0,54.15425631626086,3.8461538461538463,25,25,1,0,24,24,47291,1,0,0,1,1
2020-06-19,US,Oklahoma,Love,25,0,0,33.95273467,-97.23906784,40085.0,243.83107383204919,0.0,25,25,0,0,25,25,10134,0,0,0,0,0
2020-06-19,US,Oklahoma,Major,7,1,0,36.31149996,-98.53467076,40093.0,91.75514484205007,14.285714285714285,6,7,1,0,6,6,7644,0,0,0,0,1
2020-06-19,US,Oklahoma,Marshall,21,0,0,34.02311222,-96.76855464,40095.0,124.03283917075187,0.0,21,21,0,0,21,20,16806,0,0,0,0,1
2020-06-19,US,Oklahoma,Mayes,60,4,0,36.30179091,-95.23175116,40097.0,145.98540145985402,6.666666666666668,56,60,4,0,56,59,41107,0,0,0,0,1
2020-06-19,US,Oklahoma,McClain,121,4,0,35.01123903,-97.44572302,40087.0,298.9573553392301,3.3057851239669422,117,120,4,0,116,118,39985,1,0,0,1,2
2020-06-19,US,Oklahoma,McCurtain,200,2,0,34.11664328,-94.77222373,40089.0,609.1617933723197,1.0,198,189,2,0,187,166,32703,11,0,0,11,23
2020-06-19,US,Oklahoma,McIntosh,27,1,0,35.37235506,-95.66599306,40091.0,137.78322106552358,3.703703703703704,26,25,1,0,24,23,19815,2,0,0,2,2
2020-06-19,US,Oklahoma,Murray,13,0,0,34.48116015,-97.06826283,40099.0,92.3754707596106,0.0,13,12,0,0,12,13,13953,1,0,0,1,-1
2020-06-19,US,Oklahoma,Muskogee,88,9,0,35.61318461,-95.37802952,40101.0,129.41747430033678,10.227272727272727,79,80,8,0,72,77,68362,8,1,0,7,3
2020-06-19,US,Oklahoma,Noble,26,0,0,36.38953329,-97.22928674,40103.0,233.5818884197287,0.0,26,24,0,0,24,20,11289,2,0,0,2,4
2020-06-19,US,Oklahoma,Nowata,27,1,0,36.79843529,-95.61902331,40105.0,267.96347757046453,3.703703703703704,26,27,1,0,26,26,10218,0,0,0,0,1
2020-06-19,US,Oklahoma,Okfuskee,6,0,0,35.46485198,-96.32639984,40107.0,50.02918369048611,0.0,6,7,0,0,7,6,12098,-1,0,0,-1,1
2020-06-19,US,Oklahoma,Oklahoma,1946,65,0,35.55140095,-97.40716948,40109.0,244.0327349975045,3.3401849948612536,1881,1861,65,0,1796,1754,792582,85,0,0,85,107
2020-06-19,US,Oklahoma,Okmulgee,36,0,0,35.64661916,-95.96432828,40111.0,93.59157675809178,0.0,36,32,0,0,32,31,38335,4,0,0,4,1
2020-06-19,US,Oklahoma,Osage,125,8,0,36.62888819,-96.39635704,40113.0,266.16698251815257,6.4,117,124,8,0,116,116,47014,1,0,0,1,8
2020-06-19,US,Oklahoma,Ottawa,42,2,0,36.83532655,-94.81011909,40115.0,134.93108876538057,4.761904761904762,40,42,2,0,40,42,31175,0,0,0,0,0
2020-06-19,US,Oklahoma,Pawnee,46,2,0,36.31743373,-96.7033176,40117.0,280.8988764044944,4.3478260869565215,44,41,2,0,39,41,16390,5,0,0,5,0
2020-06-19,US,Oklahoma,Payne,208,1,0,36.07695283,-96.97584944,40119.0,254.32847500733638,0.4807692307692308,207,179,1,0,178,156,82040,29,0,0,29,23
2020-06-19,US,Oklahoma,Pittsburg,47,3,0,34.92065823,-95.7513432,40121.0,107.6648188024007,6.382978723404255,44,47,3,0,44,44,43877,0,0,0,0,3
2020-06-19,US,Oklahoma,Pontotoc,24,2,0,34.72959848,-96.68337199,40123.0,62.68937415108139,8.333333333333334,22,24,2,0,22,22,38247,0,0,0,0,2
2020-06-19,US,Oklahoma,Pottawatomie,80,4,0,35.20614018,-96.94923008,40125.0,110.20498126515318,5.0,76,79,4,0,75,78,72679,1,0,0,1,1
2020-06-19,US,Oklahoma,Pushmataha,8,0,0,34.41635232,-95.37603505,40127.0,72.09805335255948,0.0,8,7,0,0,7,7,11179,1,0,0,1,0
2020-06-19,US,Oklahoma,Rogers,122,5,0,36.37004357,-95.60406759,40131.0,131.95037800538617,4.0983606557377055,117,113,5,0,108,98,91984,9,0,0,9,15
2020-06-19,US,Oklahoma,Seminole,33,3,0,35.16478725,-96.61686741,40133.0,136.0375958446698,9.090909090909092,30,31,3,0,28,31,24578,2,0,0,2,0
2020-06-19,US,Oklahoma,Sequoyah,22,3,0,35.49447108,-94.75463785,40135.0,52.924053982535064,13.636363636363635,19,21,3,0,18,21,41179,1,0,0,1,0
2020-06-19,US,Oklahoma,Stephens,48,1,0,34.48556989,-97.85141892,40137.0,111.25790974202071,2.083333333333333,47,48,1,0,47,48,43265,0,0,0,0,0
2020-06-19,US,Oklahoma,Texas,977,6,0,36.74777635,-101.4889765,40139.0,4889.155782415053,0.6141248720573184,971,976,6,0,970,975,20455,1,0,0,1,1
2020-06-19,US,Oklahoma,Tillman,23,1,0,34.37288446,-98.92426619,40141.0,317.2413793103448,4.3478260869565215,22,23,1,0,22,23,7348,0,0,0,0,0
2020-06-19,US,Oklahoma,Tulsa,2070,65,0,36.11939621,-95.94013939,40143.0,317.70296154412847,3.1400966183574885,2005,1945,65,0,1880,1825,648360,125,0,0,125,120
2020-06-19,US,Oklahoma,Wagoner,194,17,0,35.96024096,-95.51911308,40145.0,238.65467652449902,8.762886597938143,177,189,17,0,172,181,80110,5,0,0,5,8
2020-06-19,US,Oklahoma,Washington,365,38,0,36.71380786,-95.90514104,40147.0,708.3664874725873,10.41095890410959,327,361,38,0,323,357,51843,4,0,0,4,4
2020-06-19,US,Oklahoma,Washita,3,0,0,35.29071824,-98.99180434,40149.0,27.482594356907292,0.0,3,3,0,0,3,3,11127,0,0,0,0,0
2020-06-19,US,Oklahoma,Woods,5,0,0,36.76705782,-98.86573064,40151.0,56.863414079381336,0.0,5,5,0,0,5,5,8897,0,0,0,0,0
2020-06-19,US,Oklahoma,Woodward,12,0,0,36.42316318,-99.26283045,40153.0,59.373608431052396,0.0,12,11,0,0,11,11,20222,1,0,0,1,0
2020-06-19,US,Oregon,Baker,1,0,0,44.70915557,-117.6749883,41001.0,6.201935003721161,0.0,1,1,0,0,1,1,16006,0,0,0,0,0
2020-06-19,US,Oregon,Benton,66,5,0,44.49167306,-123.4316987,41003.0,70.92732098911372,7.575757575757576,61,66,5,0,61,66,92101,0,0,0,0,0
2020-06-19,US,Oregon,Clackamas,561,22,0,45.18787398,-122.2179634,41005.0,134.15051161322566,3.92156862745098,539,538,22,0,516,526,416075,23,0,0,23,12
2020-06-19,US,Oregon,Clatsop,46,0,0,45.99712889,-123.660711,41007.0,114.35958631662687,0.0,46,46,0,0,46,46,39764,0,0,0,0,0
2020-06-19,US,Oregon,Columbia,26,0,0,45.94464254,-123.0890898,41009.0,49.66191694999428,0.0,26,26,0,0,26,22,52377,0,0,0,0,4
2020-06-19,US,Oregon,Coos,33,0,0,43.17406868,-124.0594514,41011.0,51.17310465675252,0.0,33,32,0,0,32,32,64389,1,0,0,1,0
2020-06-19,US,Oregon,Crook,9,0,0,44.14230227,-120.356297,41013.0,36.87920013112605,0.0,9,9,0,0,9,9,23867,0,0,0,0,0
2020-06-19,US,Oregon,Curry,7,0,0,42.45911325,-124.157282,41015.0,30.53435114503817,0.0,7,7,0,0,7,7,22813,0,0,0,0,0
2020-06-19,US,Oregon,Deschutes,142,0,0,43.91570171,-121.2289121,41017.0,71.82890557028105,0.0,142,139,0,0,139,139,191996,3,0,0,3,0
2020-06-19,US,Oregon,Douglas,32,0,0,43.27941273,-123.167291,41019.0,28.834024148495224,0.0,32,29,0,0,29,29,110283,3,0,0,3,0
2020-06-19,US,Oregon,Grant,1,0,0,44.49024544,-119.0068631,41023.0,13.890818169190164,0.0,1,1,0,0,1,1,7176,0,0,0,0,0
2020-06-19,US,Oregon,Harney,1,0,0,43.06422669,-118.9666306,41025.0,13.526308670363855,0.0,1,1,0,0,1,1,7329,0,0,0,0,0
2020-06-19,US,Oregon,Hood River,87,0,0,45.51872811,-121.65520359999998,41027.0,372.0810880164229,0.0,87,85,0,0,85,82,23428,2,0,0,2,3
2020-06-19,US,Oregon,Jackson,85,0,0,42.43201126,-122.7289309,41029.0,38.47128684191469,0.0,85,85,0,0,85,85,219564,0,0,0,0,0
2020-06-19,US,Oregon,Jefferson,77,0,0,44.62806839,-121.17832,41031.0,312.2718793089464,0.0,77,73,0,0,73,69,24192,4,0,0,4,4
2020-06-19,US,Oregon,Josephine,26,1,0,42.3665549,-123.5561938,41033.0,29.718701064158108,3.8461538461538463,25,26,1,0,25,26,87393,0,0,0,0,0
2020-06-19,US,Oregon,Klamath,80,0,0,42.68762984,-121.64964609999998,41035.0,117.23673026759285,0.0,80,68,0,0,68,64,67653,12,0,0,12,4
2020-06-19,US,Oregon,Lake,6,0,0,42.79246693,-120.3850163,41037.0,76.24857033930614,0.0,6,6,0,0,6,6,7879,0,0,0,0,0
2020-06-19,US,Oregon,Lane,93,3,0,43.93727035,-122.847753,41039.0,24.341280456045666,3.2258064516129035,90,90,3,0,87,90,379611,3,0,0,3,0
2020-06-19,US,Oregon,Lincoln,261,0,0,44.64252874,-123.869912,41041.0,522.3970217365197,0.0,261,230,0,0,230,226,49388,31,0,0,31,4
2020-06-19,US,Oregon,Linn,127,9,0,44.48899494,-122.5373154,41043.0,97.88129388280448,7.086614173228346,118,126,9,0,117,125,127335,1,0,0,1,1
2020-06-19,US,Oregon,Malheur,43,1,0,43.1937027,-117.6227395,41045.0,140.65617742304798,2.3255813953488373,42,42,1,0,41,38,30725,1,0,0,1,4
2020-06-19,US,Oregon,Marion,1264,34,0,44.90287942,-122.5815117,41047.0,363.408449246445,2.6898734177215187,1230,1244,33,0,1211,1218,346868,20,1,0,19,26
2020-06-19,US,Oregon,Morrow,27,0,0,45.41846568,-119.584546,41049.0,232.69844005860557,0.0,27,22,0,0,22,18,11372,5,0,0,5,4
2020-06-19,US,Oregon,Multnomah,1714,68,0,45.54747959,-122.4169351,41051.0,210.86171580417167,3.9673278879813294,1646,1665,68,0,1597,1632,811880,49,0,0,49,33
2020-06-19,US,Oregon,Polk,131,12,0,44.90322804,-123.4128888,41053.0,152.17517569843758,9.16030534351145,119,131,12,0,119,128,85234,0,0,0,0,3
2020-06-19,US,Oregon,Sherman,1,0,0,45.41501554,-120.6827834,41055.0,56.179775280898866,0.0,1,1,0,0,1,1,1708,0,0,0,0,0
2020-06-19,US,Oregon,Tillamook,6,0,0,45.46248721,-123.712066,41057.0,22.192632046160675,0.0,6,6,0,0,6,6,26787,0,0,0,0,0
2020-06-19,US,Oregon,Umatilla,230,4,0,45.59073056,-118.7353826,41059.0,295.060936497755,1.7391304347826086,226,206,4,0,202,193,77516,24,0,0,24,13
2020-06-19,US,Oregon,Union,253,0,0,45.30915495,-118.0068979,41061.0,942.7985839388858,0.0,253,247,0,0,247,242,26461,6,0,0,6,5
2020-06-19,US,Oregon,Wallowa,5,0,0,45.57894064,-117.18353799999998,41063.0,69.36736958934517,0.0,5,4,0,0,4,4,7081,1,0,0,1,0
2020-06-19,US,Oregon,Wasco,42,1,0,45.16292781,-121.1670954,41065.0,157.40948954351248,2.380952380952381,41,42,1,0,41,42,26505,0,0,0,0,0
2020-06-19,US,Oregon,Washington,992,20,0,45.55972701,-123.0955257,41067.0,164.8958097847046,2.0161290322580645,972,975,20,0,955,950,597695,17,0,0,17,25
2020-06-19,US,Oregon,Yamhill,97,8,0,45.23330449,-123.3086963,41071.0,90.56956115779646,8.24742268041237,89,97,8,0,89,94,107002,0,0,0,0,3
2020-06-19,US,Pennsylvania,Adams,309,11,0,39.87140411,-77.21610347,42001.0,299.97378869807494,3.559870550161812,298,304,11,0,293,300,102811,5,0,0,5,4
2020-06-19,US,Pennsylvania,Allegheny,2139,178,0,40.46809875,-79.98167747,42003.0,175.89809587638615,8.321645628798503,1961,2122,177,0,1945,2113,1218452,17,1,0,16,9
2020-06-19,US,Pennsylvania,Armstrong,69,6,0,40.81665618,-79.46290811,42005.0,106.58839885687806,8.695652173913043,63,68,5,0,63,68,65263,1,1,0,0,0
2020-06-19,US,Pennsylvania,Beaver,619,77,0,40.6825484,-80.34921611,42007.0,377.60249864270514,12.439418416801292,542,616,77,0,539,615,164742,3,0,0,3,1
2020-06-19,US,Pennsylvania,Bedford,63,2,0,40.00522157,-78.48998442,42009.0,131.55696625459404,3.1746031746031744,61,61,2,0,59,59,48176,2,0,0,2,2
2020-06-19,US,Pennsylvania,Berks,4374,343,0,40.41570541,-75.92457766,42011.0,1038.5503034447388,7.841792409693644,4031,4359,342,0,4017,4350,420152,15,1,0,14,9
2020-06-19,US,Pennsylvania,Blair,56,1,0,40.47961444,-78.34917412,42013.0,45.96606719254037,1.7857142857142858,55,55,1,0,54,55,122492,1,0,0,1,0
2020-06-19,US,Pennsylvania,Bradford,49,3,0,41.78869215,-76.51570822,42015.0,81.22938182782687,6.1224489795918355,46,49,3,0,46,47,60833,0,0,0,0,2
2020-06-19,US,Pennsylvania,Bucks,5510,551,0,40.33682119,-75.10836643,42017.0,877.0114759577889,10.0,4959,5498,549,0,4949,5466,628195,12,2,0,10,32
2020-06-19,US,Pennsylvania,Butler,263,13,0,40.91152759,-79.91351055,42019.0,140.00308752056128,4.942965779467682,250,263,13,0,250,263,187888,0,0,0,0,0
2020-06-19,US,Pennsylvania,Cambria,62,3,0,40.49527404,-78.71377428,42021.0,47.62197370038098,4.838709677419356,59,61,3,0,58,61,131730,1,0,0,1,0
2020-06-19,US,Pennsylvania,Cameron,2,0,0,41.43625568,-78.20376845,42023.0,44.974139869575005,0.0,2,2,0,0,2,2,4492,0,0,0,0,0
2020-06-19,US,Pennsylvania,Carbon,264,24,0,40.91545395,-75.7068525,42025.0,411.33027951762176,9.090909090909092,240,262,24,0,238,262,64227,2,0,0,2,0
2020-06-19,US,Pennsylvania,Centre,176,6,0,40.92058903,-77.82200624,42027.0,108.3843951103858,3.4090909090909087,170,172,6,0,166,172,162805,4,0,0,4,0
2020-06-19,US,Pennsylvania,Chester,3437,313,0,39.97291773,-75.74768357,42029.0,654.6803837794697,9.106779167878964,3124,3397,312,0,3085,3367,522046,40,1,0,39,30
2020-06-19,US,Pennsylvania,Clarion,31,2,0,41.19265812,-79.42413524,42031.0,80.64935740673292,6.451612903225807,29,31,2,0,29,31,38779,0,0,0,0,0
2020-06-19,US,Pennsylvania,Clearfield,63,0,0,41.00110782,-78.47592663,42033.0,79.49025298088449,0.0,63,61,0,0,61,57,79388,2,0,0,2,4
2020-06-19,US,Pennsylvania,Clinton,67,3,0,41.23255967,-77.63785995,42035.0,173.431352246842,4.477611940298506,64,65,3,0,62,64,38684,2,0,0,2,1
2020-06-19,US,Pennsylvania,Columbia,390,33,0,41.04821986,-76.40565017,42037.0,600.3324918416354,8.461538461538463,357,389,33,0,356,387,65456,1,0,0,1,2
2020-06-19,US,Pennsylvania,Crawford,38,0,0,41.68447709,-80.10760592,42039.0,44.90186579068641,0.0,38,35,0,0,35,35,85063,3,0,0,3,0
2020-06-19,US,Pennsylvania,Cumberland,768,61,0,40.1625372,-77.26130755,42041.0,303.1140229703596,7.942708333333332,707,758,61,0,697,751,251423,10,0,0,10,7
2020-06-19,US,Pennsylvania,Dauphin,1725,118,0,40.41377078,-76.77993242,42043.0,619.8369379695937,6.840579710144928,1607,1708,116,0,1592,1693,277097,17,2,0,15,15
2020-06-19,US,Pennsylvania,Delaware,7003,634,0,39.91680171,-75.40243663,42045.0,1235.6483580857064,9.053262887334,6369,6981,631,0,6350,6967,564751,22,3,0,19,14
2020-06-19,US,Pennsylvania,Elk,8,0,0,41.42822061,-78.64524744,42047.0,26.746907388833165,0.0,8,6,0,0,6,6,30169,2,0,0,2,0
2020-06-19,US,Pennsylvania,Erie,515,9,0,41.99253829,-80.03301954,42049.0,190.93308814806028,1.7475728155339805,506,497,9,0,488,478,272061,18,0,0,18,19
2020-06-19,US,Pennsylvania,Fayette,103,4,0,39.92041012,-79.64291195,42051.0,79.67572752448288,3.8834951456310685,99,100,4,0,96,98,130441,3,0,0,3,2
2020-06-19,US,Pennsylvania,Forest,7,0,0,41.51095103,-79.23229292,42053.0,96.59169311439214,0.0,7,7,0,0,7,7,7279,0,0,0,0,0
2020-06-19,US,Pennsylvania,Franklin,872,42,0,39.92956518,-77.72157791,42055.0,562.4826643100879,4.816513761467889,830,855,42,0,813,852,154835,17,0,0,17,3
2020-06-19,US,Pennsylvania,Fulton,17,1,0,39.92913544,-78.11163677,42057.0,116.9993117687543,5.882352941176472,16,17,1,0,16,17,14523,0,0,0,0,0
2020-06-19,US,Pennsylvania,Greene,30,0,0,39.85746531,-80.22357106,42059.0,82.79744983854499,0.0,30,30,0,0,30,30,36506,0,0,0,0,0
2020-06-19,US,Pennsylvania,Huntingdon,240,4,0,40.42162652,-77.97673273,42061.0,531.632110579479,1.6666666666666667,236,239,4,0,235,239,45168,1,0,0,1,0
2020-06-19,US,Pennsylvania,Indiana,98,5,0,40.65241041,-79.08963285,42063.0,116.56536581304344,5.1020408163265305,93,97,5,0,92,95,84501,1,0,0,1,2
2020-06-19,US,Pennsylvania,Jefferson,20,1,0,41.12913106,-78.9986361,42065.0,46.056419113413924,5.0,19,20,1,0,19,19,43641,0,0,0,0,1
2020-06-19,US,Pennsylvania,Juniata,109,5,0,40.53358749,-77.39975129999998,42067.0,440.172838509066,4.587155963302751,104,109,5,0,104,108,24704,0,0,0,0,1
2020-06-19,US,Pennsylvania,Lackawanna,1617,200,0,41.43564672,-75.60379201,42069.0,771.1971918311282,12.368583797155225,1417,1611,200,0,1411,1611,210793,6,0,0,6,0
2020-06-19,US,Pennsylvania,Lancaster,3911,344,0,40.03904563,-76.24770128,42071.0,716.6626353248163,8.795704423421121,3567,3867,341,0,3526,3830,543557,44,3,0,41,37
2020-06-19,US,Pennsylvania,Lawrence,90,9,0,40.99206278,-80.33393706,42073.0,105.24838619141173,10.0,81,89,8,0,81,88,86184,1,1,0,0,1
2020-06-19,US,Pennsylvania,Lebanon,1226,40,0,40.36680311,-76.45651841,42075.0,864.6407086386492,3.2626427406199023,1186,1210,40,0,1170,1200,141314,16,0,0,16,10
2020-06-19,US,Pennsylvania,Lehigh,4024,277,0,40.6154815,-75.59435245,42077.0,1089.5759210219921,6.883697813121272,3747,3997,276,0,3721,3978,368100,27,1,0,26,19
2020-06-19,US,Pennsylvania,Luzerne,2850,170,0,41.17823008,-75.98447579,42079.0,897.8725147046315,5.964912280701754,2680,2845,170,0,2675,2841,317646,5,0,0,5,4
2020-06-19,US,Pennsylvania,Lycoming,172,19,0,41.34310539,-77.06629984,42081.0,151.81069559307673,11.046511627906975,153,172,18,0,154,172,113664,0,1,0,-1,0
2020-06-19,US,Pennsylvania,McKean,13,1,0,41.80938602,-78.56478358,42083.0,32.0,7.6923076923076925,12,13,1,0,12,13,40968,0,0,0,0,0
2020-06-19,US,Pennsylvania,Mercer,118,6,0,41.30248872,-80.25816981,42085.0,107.83740312911243,5.084745762711863,112,118,6,0,112,117,110683,0,0,0,0,1
2020-06-19,US,Pennsylvania,Mifflin,61,1,0,40.61116939,-77.61070738,42087.0,132.21205947375265,1.639344262295082,60,61,1,0,60,60,46222,0,0,0,0,1
2020-06-19,US,Pennsylvania,Monroe,1366,106,0,41.05934058,-75.34031025,42089.0,802.2505300374111,7.7598828696925315,1260,1363,105,0,1258,1357,169507,3,1,0,2,6
2020-06-19,US,Pennsylvania,Montgomery,8046,780,0,40.21053671,-75.36652296,42091.0,968.3300939325923,9.694258016405668,7266,8014,773,0,7241,7990,828604,32,7,0,25,24
2020-06-19,US,Pennsylvania,Montour,68,0,0,41.03023987,-76.66345939,42093.0,373.0115194733955,0.0,68,68,0,0,68,67,18240,0,0,0,0,1
2020-06-19,US,Pennsylvania,Northampton,3284,250,0,40.75182733,-75.30471829,42095.0,1075.7161341041976,7.612667478684531,3034,3270,249,0,3021,3255,304807,14,1,0,13,15
2020-06-19,US,Pennsylvania,Northumberland,254,4,0,40.84785433,-76.70798222,42097.0,279.6032715784375,1.5748031496062993,250,252,4,0,248,234,91083,2,0,0,2,18
2020-06-19,US,Pennsylvania,Perry,79,5,0,40.40206612,-77.26297447,42099.0,170.72959889349931,6.329113924050633,74,77,5,0,72,76,46139,2,0,0,2,1
2020-06-19,US,Pennsylvania,Philadelphia,24841,1550,0,40.00338507,-75.1379271,42101.0,1568.1815886226818,6.2396843927378125,23291,24723,1540,0,23183,24655,1584138,118,10,0,108,68
2020-06-19,US,Pennsylvania,Pike,487,20,0,41.33155042,-75.03208106,42103.0,872.6191116128223,4.106776180698152,467,487,20,0,467,486,55933,0,0,0,0,1
2020-06-19,US,Pennsylvania,Potter,13,0,0,41.74471626,-77.89559864,42105.0,78.66392351446206,0.0,13,13,0,0,13,13,16622,0,0,0,0,0
2020-06-19,US,Pennsylvania,Schuylkill,703,43,0,40.70497338,-76.2150785,42107.0,497.31534603385705,6.116642958748223,660,702,43,0,659,698,142067,1,0,0,1,4
2020-06-19,US,Pennsylvania,Snyder,61,1,0,40.77129231,-77.06840691,42109.0,151.09481819082532,1.639344262295082,60,61,1,0,60,60,40540,0,0,0,0,1
2020-06-19,US,Pennsylvania,Somerset,46,1,0,39.97172723,-79.02699593,42111.0,62.63019592359115,2.1739130434782608,45,42,1,0,41,41,73952,4,0,0,4,1
2020-06-19,US,Pennsylvania,Sullivan,3,0,0,41.44634738,-76.51246591,42113.0,49.455984174085074,0.0,3,3,0,0,3,3,6071,0,0,0,0,0
2020-06-19,US,Pennsylvania,Susquehanna,178,20,0,41.82147784,-75.80071959,42115.0,441.3806784368182,11.235955056179776,158,173,18,0,155,172,40589,5,2,0,3,1
2020-06-19,US,Pennsylvania,Tioga,20,2,0,41.77255149,-77.25433032,42117.0,49.27200610972876,10.0,18,20,2,0,18,20,40763,0,0,0,0,0
2020-06-19,US,Pennsylvania,Union,84,2,0,40.96188846,-77.05996014,42119.0,186.98662155243414,2.380952380952381,82,83,2,0,81,83,44785,1,0,0,1,0
2020-06-19,US,Pennsylvania,Venango,17,0,0,41.40323442,-79.75845449,42121.0,33.55174863819373,0.0,17,17,0,0,17,17,51266,0,0,0,0,0
2020-06-19,US,Pennsylvania,Warren,5,0,0,41.81304978,-79.26969577,42123.0,12.758031180628205,0.0,5,5,0,0,5,5,39498,0,0,0,0,0
2020-06-19,US,Pennsylvania,Washington,162,6,0,40.19208869,-80.24582867,42125.0,78.31194257124211,3.703703703703704,156,158,6,0,152,158,207346,4,0,0,4,0
2020-06-19,US,Pennsylvania,Wayne,129,9,0,41.64938475,-75.29956506,42127.0,251.16333404723431,6.9767441860465125,120,128,9,0,119,126,51276,1,0,0,1,2
2020-06-19,US,Pennsylvania,Westmoreland,510,38,0,40.31377979999999,-79.46615476,42129.0,146.1741076930573,7.450980392156862,472,502,38,0,464,498,350611,8,0,0,8,4
2020-06-19,US,Pennsylvania,Wyoming,36,7,0,41.51955538,-76.01074915,42131.0,134.35843845637086,19.444444444444443,29,36,7,0,29,36,27046,0,0,0,0,0
2020-06-19,US,Pennsylvania,York,1229,35,0,39.9210089,-76.73040131,42133.0,273.68402299925623,2.8478437754271764,1194,1209,35,0,1174,1195,448273,20,0,0,20,14
2020-06-19,US,Rhode Island,Bristol,240,0,0,41.71018079,-71.28652315,44001.0,495.05971657831225,0.0,240,240,0,0,240,240,48649,0,0,0,0,0
2020-06-19,US,Rhode Island,Kent,1128,0,0,41.67106337,-71.57641596,44003.0,686.5824264115113,0.0,1128,1128,0,0,1128,1128,163861,0,0,0,0,0
2020-06-19,US,Rhode Island,Newport,277,0,0,41.5642026,-71.26569799,44005.0,337.4674106381423,0.0,277,277,0,0,277,277,82542,0,0,0,0,0
2020-06-19,US,Rhode Island,Providence,12363,0,0,41.87064746,-71.57753536,44007.0,1934.9507223784728,0.0,12363,12363,0,0,12363,12363,636084,0,0,0,0,0
2020-06-19,US,Rhode Island,Unassigned,1813,894,0,0.0,0.0,90044.0,0.0,49.31053502482074,919,1745,885,0,860,1689,,68,9,0,59,56
2020-06-19,US,Rhode Island,Washington,516,0,0,41.45961631,-71.61435303,44009.0,410.90327050335645,0.0,516,516,0,0,516,516,126179,0,0,0,0,0
2020-06-19,US,South Carolina,Abbeville,73,0,0,34.22333378,-82.46170658,45001.0,297.63118196273496,0.0,73,73,0,0,73,73,24541,0,0,0,0,0
2020-06-19,US,South Carolina,Aiken,261,9,0,33.54338026,-81.63645384,45003.0,152.74591507093032,3.4482758620689653,252,256,9,0,247,246,169401,5,0,0,5,10
2020-06-19,US,South Carolina,Allendale,45,3,0,32.98837386,-81.35321066,45005.0,517.9558011049724,6.666666666666668,42,41,3,0,38,41,8903,4,0,0,4,0
2020-06-19,US,South Carolina,Anderson,400,10,0,34.51828081,-82.63959517,45007.0,197.47430365623677,2.5,390,375,10,0,365,361,200482,25,0,0,25,14
2020-06-19,US,South Carolina,Bamberg,54,0,0,33.21927586,-81.05659969,45009.0,383.9044504478885,0.0,54,53,0,0,53,50,14275,1,0,0,1,3
2020-06-19,US,South Carolina,Barnwell,57,1,0,33.26679302,-81.43584352,45011.0,273.1716668264162,1.7543859649122806,56,56,1,0,55,56,21112,1,0,0,1,0
2020-06-19,US,South Carolina,Beaufort,760,15,0,32.39226291,-80.72619758,45013.0,395.58197395405006,1.973684210526316,745,721,15,0,706,673,188715,39,0,0,39,48
2020-06-19,US,South Carolina,Berkeley,515,20,0,33.20222596,-79.94654523,45015.0,225.96936469700358,3.8834951456310685,495,458,20,0,438,434,221091,57,0,0,57,24
2020-06-19,US,South Carolina,Calhoun,58,1,0,33.66926881,-80.77722168,45017.0,398.54325568611284,1.7241379310344829,57,48,1,0,47,47,14520,10,0,0,10,1
2020-06-19,US,South Carolina,Charleston,1554,19,0,32.82487866,-79.96512315,45019.0,377.7290559690428,1.2226512226512227,1535,1403,17,0,1386,1264,405905,151,2,0,149,139
2020-06-19,US,South Carolina,Cherokee,99,6,0,35.05122251,-81.61828622,45021.0,172.77486910994762,6.0606060606060606,93,97,6,0,91,96,57078,2,0,0,2,1
2020-06-19,US,South Carolina,Chester,131,1,0,34.69249168,-81.1583216,45023.0,406.27713683165865,0.7633587786259542,130,127,1,0,126,127,32251,4,0,0,4,0
2020-06-19,US,South Carolina,Chesterfield,306,9,0,34.64137396,-80.15640140000002,45025.0,670.3176341730557,2.9411764705882355,297,300,8,0,292,295,45754,6,1,0,5,5
2020-06-19,US,South Carolina,Clarendon,349,41,0,33.66610974,-80.21647898,45027.0,1034.2272929322862,11.747851002865332,308,346,41,0,305,347,33700,3,0,0,3,-1
2020-06-19,US,South Carolina,Colleton,217,19,0,32.87582989,-80.67641292,45029.0,575.9481912041829,8.755760368663594,198,214,18,0,196,211,37660,3,1,0,2,3
2020-06-19,US,South Carolina,Darlington,371,13,0,34.33358335,-79.96027485,45031.0,556.9065417754962,3.5040431266846364,358,366,13,0,353,363,66802,5,0,0,5,3
2020-06-19,US,South Carolina,Dillon,219,5,0,34.39007791,-79.37741872,45033.0,718.5275107451033,2.2831050228310503,214,217,5,0,212,207,30599,2,0,0,2,10
2020-06-19,US,South Carolina,Dorchester,323,3,0,33.0794369,-80.40502652,45035.0,198.39198078730288,0.9287925696594428,320,307,3,0,304,286,160647,16,0,0,16,21
2020-06-19,US,South Carolina,Edgefield,63,2,0,33.77221995,-81.96231108,45037.0,231.10785033015406,3.1746031746031744,61,61,2,0,59,61,27052,2,0,0,2,0
2020-06-19,US,South Carolina,Fairfield,246,20,0,34.39287073,-81.1195624,45039.0,1100.8189018660223,8.130081300813009,226,238,20,0,218,233,22402,8,0,0,8,5
2020-06-19,US,South Carolina,Florence,878,44,0,34.02361754,-79.70189312,45041.0,634.8839059099158,5.0113895216400905,834,871,44,0,827,855,138159,7,0,0,7,16
2020-06-19,US,South Carolina,Georgetown,227,3,0,33.43443342,-79.33202141,45043.0,362.1569878749202,1.3215859030837005,224,233,3,0,230,202,62249,-6,0,0,-6,31
2020-06-19,US,South Carolina,Greenville,3413,73,0,34.89502264,-82.37295012,45045.0,651.9056732793166,2.138880750073249,3340,3306,70,0,3236,3143,514213,107,3,0,104,163
2020-06-19,US,South Carolina,Greenwood,345,5,0,34.15272415,-82.12715789,45047.0,487.2124387453928,1.4492753623188406,340,322,5,0,317,320,70741,23,0,0,23,2
2020-06-19,US,South Carolina,Hampton,53,1,0,32.77419582,-81.13845571,45049.0,275.7257309333056,1.8867924528301887,52,50,1,0,49,50,19351,3,0,0,3,0
2020-06-19,US,South Carolina,Horry,1697,39,0,33.9212828,-78.99555293,45051.0,479.2688678579195,2.298173246906305,1658,1560,35,0,1525,1417,344147,137,4,0,133,143
2020-06-19,US,South Carolina,Jasper,67,3,0,32.43171982,-81.02487495,45053.0,222.7912080603864,4.477611940298506,64,65,3,0,62,57,28971,2,0,0,2,8
2020-06-19,US,South Carolina,Kershaw,502,16,0,34.33988254,-80.58763164,45055.0,754.3087256389838,3.187250996015936,486,485,16,0,469,469,65592,17,0,0,17,16
2020-06-19,US,South Carolina,Lancaster,298,10,0,34.68270843,-80.70513032,45057.0,304.04440272619684,3.355704697986577,288,277,9,0,268,270,95380,21,1,0,20,7
2020-06-19,US,South Carolina,Laurens,202,4,0,34.48244419,-82.00490796,45059.0,299.2902967715171,1.98019801980198,198,189,4,0,185,179,66994,13,0,0,13,10
2020-06-19,US,South Carolina,Lee,246,19,0,34.16393091,-80.25690731,45061.0,1461.8492987877346,7.723577235772357,227,245,19,0,226,238,17142,1,0,0,1,7
2020-06-19,US,South Carolina,Lexington,1377,42,0,33.89665987,-81.27146426,45063.0,460.9205020920502,3.0501089324618738,1335,1298,42,0,1256,1254,295032,79,0,0,79,44
2020-06-19,US,South Carolina,Marion,122,5,0,34.07859748,-79.36400756,45067.0,397.95152819910624,4.0983606557377055,117,118,5,0,113,113,31039,4,0,0,4,5
2020-06-19,US,South Carolina,Marlboro,253,3,0,34.59905577,-79.67561152,45069.0,968.6806034152693,1.1857707509881423,250,245,3,0,242,241,26398,8,0,0,8,4
2020-06-19,US,South Carolina,McCormick,11,1,0,33.90161443,-82.30794338,45065.0,116.24220648842864,9.090909090909092,10,11,1,0,10,11,9410,0,0,0,0,0
2020-06-19,US,South Carolina,Newberry,117,3,0,34.28629098,-81.59935761,45071.0,304.3704474505723,2.5641025641025643,114,116,2,0,114,110,38520,1,1,0,0,6
2020-06-19,US,South Carolina,Oconee,105,0,0,34.75225169,-83.06742317,45073.0,131.99909486334948,0.0,105,100,0,0,100,95,78374,5,0,0,5,5
2020-06-19,US,South Carolina,Orangeburg,457,8,0,33.4391073,-80.79886287,45075.0,530.3162170002902,1.7505470459518602,449,430,6,0,424,417,86934,27,2,0,25,13
2020-06-19,US,South Carolina,Pickens,429,4,0,34.88807695,-82.72791551,45077.0,338.10409507896975,0.9324009324009324,425,367,4,0,363,348,124937,62,0,0,62,19
2020-06-19,US,South Carolina,Richland,2531,74,0,34.01791263,-80.90267209,45079.0,608.7661361509913,2.9237455551165548,2457,2446,74,0,2372,2368,414576,85,0,0,85,78
2020-06-19,US,South Carolina,Saluda,179,1,0,34.00795823,-81.72713237,45081.0,874.3222781224051,0.5586592178770949,178,174,1,0,173,171,20544,5,0,0,5,3
2020-06-19,US,South Carolina,Spartanburg,1146,38,0,34.92960077,-81.99225984,45083.0,358.3657770064262,3.3158813263525304,1108,1088,36,0,1052,1046,313888,58,2,0,56,42
2020-06-19,US,South Carolina,Sumter,736,20,0,33.91826534,-80.37942316,45085.0,689.6487101882477,2.717391304347826,716,690,19,0,671,655,106512,46,1,0,45,35
2020-06-19,US,South Carolina,Union,54,0,0,34.68835752,-81.61730349,45087.0,197.68633767755156,0.0,54,53,0,0,53,50,27410,1,0,0,1,3
2020-06-19,US,South Carolina,Williamsburg,322,15,0,33.62190129,-79.72767442,45089.0,1060.3266596417282,4.658385093167702,307,309,15,0,294,302,30606,13,0,0,13,7
2020-06-19,US,South Carolina,York,740,11,0,34.97281497,-81.18085944,45091.0,263.36487780225565,1.4864864864864864,729,728,11,0,717,699,274118,12,0,0,12,29
2020-06-19,US,South Dakota,Aurora,34,0,0,43.71757685,-98.56050467,46003.0,1235.9142130134496,0.0,34,33,0,0,33,33,2801,1,0,0,1,0
2020-06-19,US,South Dakota,Beadle,476,6,0,44.41464384,-98.27858469,46005.0,2579.5263642768114,1.2605042016806722,470,472,6,0,466,467,18883,4,0,0,4,5
2020-06-19,US,South Dakota,Bennett,2,0,0,43.19486375,-101.6665572,46007.0,59.43536404160476,0.0,2,2,0,0,2,2,3468,0,0,0,0,0
2020-06-19,US,South Dakota,Bon Homme,11,0,0,42.98914167,-97.88592746,46009.0,159.39718881321548,0.0,11,11,0,0,11,11,6980,0,0,0,0,0
2020-06-19,US,South Dakota,Brookings,47,0,0,44.36974375,-96.79079945,46011.0,133.99093423040742,0.0,47,46,0,0,46,39,35232,1,0,0,1,7
2020-06-19,US,South Dakota,Brown,321,2,0,45.58994323,-98.35165355,46013.0,826.4888385385823,0.6230529595015576,319,319,2,0,317,315,39316,2,0,0,2,4
2020-06-19,US,South Dakota,Brule,15,0,0,43.71756379,-99.08118954,46015.0,283.1791580139701,0.0,15,13,0,0,13,12,5229,2,0,0,2,1
2020-06-19,US,South Dakota,Buffalo,58,0,0,44.07657829,-99.20814467,46017.0,2956.1671763506624,0.0,58,58,0,0,58,55,2036,0,0,0,0,3
2020-06-19,US,South Dakota,Charles Mix,45,0,0,43.20660134,-98.58856175,46023.0,484.2875591907017,0.0,45,41,0,0,41,37,9338,4,0,0,4,4
2020-06-19,US,South Dakota,Clark,11,0,0,44.85834507,-97.72925109,46025.0,294.4325481798715,0.0,11,11,0,0,11,11,3739,0,0,0,0,0
2020-06-19,US,South Dakota,Clay,70,0,0,42.91296147,-96.97656917,46027.0,497.5124378109453,0.0,70,70,0,0,70,69,14041,0,0,0,0,1
2020-06-19,US,South Dakota,Codington,47,0,0,44.97788119,-97.18827677,46029.0,167.80320611232102,0.0,47,47,0,0,47,47,28015,0,0,0,0,0
2020-06-19,US,South Dakota,Corson,13,0,0,45.70889983,-101.1970473,46031.0,318.15956926089086,0.0,13,12,0,0,12,12,4165,1,0,0,1,0
2020-06-19,US,South Dakota,Custer,3,0,0,43.67741105,-103.4534521,46033.0,33.43736067766384,0.0,3,2,0,0,2,2,8726,1,0,0,1,0
2020-06-19,US,South Dakota,Davison,33,0,0,43.67490933,-98.14458906,46035.0,166.87737041719342,0.0,33,33,0,0,33,33,19790,0,0,0,0,0
2020-06-19,US,South Dakota,Day,13,0,0,45.367281,-97.60737498,46037.0,239.6755162241888,0.0,13,13,0,0,13,13,5505,0,0,0,0,0
2020-06-19,US,South Dakota,Deuel,1,0,0,44.75994309,-96.66943645,46039.0,22.983222247759137,0.0,1,1,0,0,1,1,4337,0,0,0,0,0
2020-06-19,US,South Dakota,Dewey,4,0,0,45.15639647,-100.8709139,46041.0,67.88866259334691,0.0,4,4,0,0,4,4,5904,0,0,0,0,0
2020-06-19,US,South Dakota,Douglas,4,0,0,43.38520741,-98.36978007,46043.0,136.93940431359124,0.0,4,4,0,0,4,4,2935,0,0,0,0,0
2020-06-19,US,South Dakota,Edmunds,4,0,0,45.41846445,-99.21545423,46045.0,104.46591799425435,0.0,4,4,0,0,4,4,3875,0,0,0,0,0
2020-06-19,US,South Dakota,Fall River,6,0,0,43.23929297,-103.5275691,46047.0,89.37881722031878,0.0,6,6,0,0,6,6,6758,0,0,0,0,0
2020-06-19,US,South Dakota,Faulk,21,0,0,45.07082625,-99.14535601,46049.0,913.4406263592866,0.0,21,21,0,0,21,20,2330,0,0,0,0,1
2020-06-19,US,South Dakota,Grant,13,0,0,45.1723937,-96.77002276,46051.0,184.344866704481,0.0,13,13,0,0,13,13,7147,0,0,0,0,0
2020-06-19,US,South Dakota,Gregory,1,0,0,43.19419064,-99.18883902,46053.0,23.894862604540023,0.0,1,1,0,0,1,1,4212,0,0,0,0,0
2020-06-19,US,South Dakota,Hamlin,10,0,0,44.67385954,-97.18829593,46057.0,162.23231667748215,0.0,10,10,0,0,10,11,6111,0,0,0,0,-1
2020-06-19,US,South Dakota,Hand,6,0,0,44.54708407,-99.00386459,46059.0,188.02883108743345,0.0,6,6,0,0,6,6,3262,0,0,0,0,0
2020-06-19,US,South Dakota,Hanson,3,0,0,43.6746384,-97.78715148,46061.0,86.88097306689835,0.0,3,3,0,0,3,3,3376,0,0,0,0,0
2020-06-19,US,South Dakota,Hughes,29,0,0,44.39091534,-99.99661148,46065.0,165.46844687892275,0.0,29,27,0,0,27,25,17650,2,0,0,2,2
2020-06-19,US,South Dakota,Hutchinson,10,0,0,43.33449012,-97.75536441,46067.0,137.1553970648745,0.0,10,10,0,0,10,9,7380,0,0,0,0,1
2020-06-19,US,South Dakota,Hyde,3,0,0,44.54747703,-99.48572582,46069.0,230.59185242121444,0.0,3,3,0,0,3,3,1282,0,0,0,0,0
2020-06-19,US,South Dakota,Jackson,6,1,0,43.69318385,-101.6255063,46071.0,179.42583732057415,16.666666666666668,5,6,0,0,6,6,3307,0,1,0,-1,0
2020-06-19,US,South Dakota,Jerauld,39,1,0,44.06637798,-98.62965972,46073.0,1937.4068554396426,2.5641025641025643,38,40,1,0,39,40,2043,-1,0,0,-1,0
2020-06-19,US,South Dakota,Kingsbury,3,0,0,44.36956169,-97.4913945,46077.0,60.74104069649727,0.0,3,3,0,0,3,5,4919,0,0,0,0,-2
2020-06-19,US,South Dakota,Lake,17,1,0,44.02193107,-97.12926365,46079.0,132.84363522700633,5.882352941176472,16,17,1,0,16,17,13057,0,0,0,0,0
2020-06-19,US,South Dakota,Lawrence,16,0,0,44.35919441,-103.7929428,46081.0,61.90992106485064,0.0,16,15,0,0,15,13,25741,1,0,0,1,2
2020-06-19,US,South Dakota,Lincoln,278,1,0,43.27841182,-96.7203905,46083.0,454.78340531344077,0.3597122302158273,277,275,1,0,274,272,58807,3,0,0,3,3
2020-06-19,US,South Dakota,Lyman,44,0,0,43.89522709,-99.85201878,46085.0,1163.7133033588998,0.0,44,40,0,0,40,39,3821,4,0,0,4,1
2020-06-19,US,South Dakota,Marshall,5,0,0,45.75870838,-97.59855639,46091.0,101.31712259371834,0.0,5,5,0,0,5,5,5112,0,0,0,0,0
2020-06-19,US,South Dakota,McCook,8,1,0,43.6742571,-97.36863144,46087.0,143.21518080916576,12.5,7,8,1,0,7,8,5546,0,0,0,0,0
2020-06-19,US,South Dakota,McPherson,3,0,0,45.76626028,-99.22118798,46089.0,126.10340479192938,0.0,3,3,0,0,3,3,2407,0,0,0,0,0
2020-06-19,US,South Dakota,Meade,41,1,0,44.56676791,-102.7162741,46093.0,144.7126923619935,2.4390243902439024,40,40,1,0,39,39,28294,1,0,0,1,1
2020-06-19,US,South Dakota,Mellette,2,0,0,43.58078848,-100.7563186,46095.0,97.0402717127608,0.0,2,2,0,0,2,2,2042,0,0,0,0,0
2020-06-19,US,South Dakota,Miner,4,0,0,44.02197882,-97.60992207,46097.0,180.50541516245488,0.0,4,3,0,0,3,3,2213,1,0,0,1,0
2020-06-19,US,South Dakota,Minnehaha,3526,54,0,43.67441641,-96.7910885,46099.0,1825.6754377789514,1.5314804310833805,3472,3513,54,0,3459,3499,192876,13,0,0,13,14
2020-06-19,US,South Dakota,Moody,21,0,0,44.02266214,-96.67081159,46101.0,319.3430656934307,0.0,21,20,0,0,20,20,6579,1,0,0,1,0
2020-06-19,US,South Dakota,Oglala Lakota,53,0,0,43.33749164,-102.5555498,46102.0,373.8449601467165,0.0,53,54,0,0,54,49,14309,-1,0,0,-1,5
2020-06-19,US,South Dakota,Pennington,437,11,0,44.0025835,-102.8240777,46103.0,384.09140848165237,2.517162471395881,426,430,9,0,421,424,111729,7,2,0,5,6
2020-06-19,US,South Dakota,Roberts,40,0,0,45.62975048,-96.94672673,46109.0,384.83740619588224,0.0,40,40,0,0,40,40,10447,0,0,0,0,0
2020-06-19,US,South Dakota,Sanborn,12,0,0,44.02351092,-98.0909816,46111.0,511.9453924914676,0.0,12,13,0,0,13,13,2429,-1,0,0,-1,0
2020-06-19,US,South Dakota,Spink,6,0,0,44.93837606,-98.34626602,46115.0,94.10288582183188,0.0,6,5,0,0,5,5,6495,1,0,0,1,0
2020-06-19,US,South Dakota,Stanley,11,0,0,44.41381872,-100.7349153,46117.0,355.0677856681731,0.0,11,11,0,0,11,11,3022,0,0,0,0,0
2020-06-19,US,South Dakota,Sully,1,0,0,44.71571812,-100.1278092,46119.0,71.89072609633357,0.0,1,1,0,0,1,1,1392,0,0,0,0,0
2020-06-19,US,South Dakota,Todd,50,1,0,43.19338568,-100.7195503,46121.0,491.3039206052864,2.0,49,50,1,0,49,50,10283,0,0,0,0,0
2020-06-19,US,South Dakota,Tripp,9,0,0,43.34459388,-99.8854891,46123.0,165.4107700790296,0.0,9,9,0,0,9,9,5478,0,0,0,0,0
2020-06-19,US,South Dakota,Turner,25,0,0,43.3109081,-97.14865776,46125.0,298.18702290076334,0.0,25,25,0,0,25,25,8424,0,0,0,0,0
2020-06-19,US,South Dakota,Union,114,1,0,42.83112163,-96.6557828,46127.0,715.5410494602057,0.8771929824561403,113,113,1,0,112,113,15619,1,0,0,1,0
2020-06-19,US,South Dakota,Walworth,7,0,0,45.43019636,-100.0307514,46129.0,128.79484820607175,0.0,7,7,0,0,7,7,5587,0,0,0,0,0
2020-06-19,US,South Dakota,Yankton,64,0,0,43.00924485,-97.39467635,46135.0,280.52949943017444,0.0,64,63,0,0,63,62,22869,1,0,0,1,1
2020-06-19,US,South Dakota,Ziebach,2,0,0,44.97881876,-101.6654622,46137.0,72.5689404934688,0.0,2,2,0,0,2,2,2742,0,0,0,0,0
2020-06-19,US,Tennessee,Anderson,74,2,0,36.12684348,-84.19965764,47001.0,96.13136220738392,2.702702702702702,72,69,2,0,67,66,76482,5,0,0,5,3
2020-06-19,US,Tennessee,Bedford,416,4,0,35.51123746,-86.45549096,47003.0,836.8032506587814,0.9615384615384616,412,404,4,0,400,403,49038,12,0,0,12,1
2020-06-19,US,Tennessee,Benton,8,1,0,36.07110411,-88.06849355,47005.0,49.504950495049506,12.5,7,8,1,0,7,8,16184,0,0,0,0,0
2020-06-19,US,Tennessee,Bledsoe,614,1,0,35.59942968,-85.20611967,47007.0,4075.942644715879,0.16286644951140064,613,614,1,0,613,614,14755,0,0,0,0,0
2020-06-19,US,Tennessee,Blount,119,3,0,35.68938198,-83.92847788,47009.0,89.41452272180813,2.5210084033613445,116,118,3,0,115,115,131349,1,0,0,1,3
2020-06-19,US,Tennessee,Bradley,314,2,0,35.15739424,-84.857186,47011.0,290.4449172139488,0.6369426751592356,312,305,2,0,303,303,106727,9,0,0,9,2
2020-06-19,US,Tennessee,Campbell,26,1,0,36.40355516,-84.15108559999999,47013.0,65.2577681843281,3.8461538461538463,25,26,1,0,25,25,39583,0,0,0,0,1
2020-06-19,US,Tennessee,Cannon,34,0,0,35.80990797,-86.05738983,47015.0,231.6391879002589,0.0,34,34,0,0,34,34,14462,0,0,0,0,0
2020-06-19,US,Tennessee,Carroll,36,1,0,35.97366108,-88.45189331,47017.0,129.6503043180754,2.7777777777777777,35,36,1,0,35,36,28020,0,0,0,0,0
2020-06-19,US,Tennessee,Carter,27,1,0,36.28969086,-82.12588974,47019.0,47.87998084800766,3.703703703703704,26,23,1,0,22,22,56351,4,0,0,4,1
2020-06-19,US,Tennessee,Cheatham,164,0,0,36.26136216,-87.08903581,47021.0,403.27538298866403,0.0,164,161,0,0,161,159,40439,3,0,0,3,2
2020-06-19,US,Tennessee,Chester,14,0,0,35.42527478,-88.6095842,47023.0,80.93889113719142,0.0,14,14,0,0,14,14,17276,0,0,0,0,0
2020-06-19,US,Tennessee,Claiborne,16,0,0,36.48319149,-83.65947309,47025.0,50.06414468537814,0.0,16,16,0,0,16,15,31756,0,0,0,0,1
2020-06-19,US,Tennessee,Clay,13,0,0,36.55151008,-85.53930419,47027.0,170.71569271175312,0.0,13,11,0,0,11,11,7717,2,0,0,2,0
2020-06-19,US,Tennessee,Cocke,27,0,0,35.9278914,-83.11828725,47029.0,74.99166759248972,0.0,27,27,0,0,27,27,35774,0,0,0,0,0
2020-06-19,US,Tennessee,Coffee,99,0,0,35.49090731,-86.07311784,47031.0,175.15923566878982,0.0,99,97,0,0,97,97,55700,2,0,0,2,0
2020-06-19,US,Tennessee,Crockett,25,3,0,35.81830662,-89.14916269,47033.0,175.68517217146874,12.0,22,21,3,0,18,19,14328,4,0,0,4,2
2020-06-19,US,Tennessee,Cumberland,137,3,0,35.95271721,-84.99840585,47035.0,226.37144745538663,2.18978102189781,134,138,3,0,135,137,59673,-1,0,0,-1,1
2020-06-19,US,Tennessee,Davidson,7502,93,0,36.17007426,-86.78646056,47037.0,1080.7555780933062,1.2396694214876034,7409,7253,93,0,7160,7082,692587,249,0,0,249,171
2020-06-19,US,Tennessee,DeKalb,41,0,0,35.97616272,-85.83689361,47041.0,200.0976085895559,0.0,41,41,0,0,41,41,20138,0,0,0,0,0
2020-06-19,US,Tennessee,Decatur,15,0,0,35.60048904,-88.11043779,47039.0,128.61184943839493,0.0,15,15,0,0,15,14,11706,0,0,0,0,1
2020-06-19,US,Tennessee,Dickson,145,0,0,36.14669837,-87.35891709,47043.0,268.77734114332316,0.0,145,140,0,0,140,140,53446,5,0,0,5,0
2020-06-19,US,Tennessee,Dyer,141,0,0,36.05931946,-89.41542855,47045.0,379.45046960359537,0.0,141,122,0,0,122,116,37320,19,0,0,19,6
2020-06-19,US,Tennessee,Fayette,193,2,0,35.19615831,-89.41399032,47047.0,469.2096370310943,1.0362694300518134,191,189,2,0,187,186,40507,4,0,0,4,3
2020-06-19,US,Tennessee,Fentress,15,0,0,36.38128818,-84.92870012,47049.0,80.98040274253631,0.0,15,15,0,0,15,15,18217,0,0,0,0,0
2020-06-19,US,Tennessee,Franklin,65,2,0,35.15634626,-86.09201039,47051.0,153.99924184988632,3.0769230769230766,63,64,2,0,62,64,41890,1,0,0,1,0
2020-06-19,US,Tennessee,Gibson,74,1,0,35.99438059,-88.93358327,47053.0,150.6116052347709,1.351351351351351,73,70,1,0,69,69,49045,4,0,0,4,1
2020-06-19,US,Tennessee,Giles,24,0,0,35.20222469,-87.03992678,47055.0,81.45533532446375,0.0,24,24,0,0,24,23,29503,0,0,0,0,1
2020-06-19,US,Tennessee,Grainger,25,0,0,36.27469206,-83.51254721,47057.0,107.2041166380789,0.0,25,22,0,0,22,22,23145,3,0,0,3,0
2020-06-19,US,Tennessee,Greene,55,2,0,36.17470125,-82.84691273,47059.0,79.63051441312311,3.636363636363636,53,56,2,0,54,55,69087,-1,0,0,-1,1
2020-06-19,US,Tennessee,Grundy,39,1,0,35.38433717,-85.72142731,47061.0,290.45952185894095,2.5641025641025643,38,37,1,0,36,37,13346,2,0,0,2,0
2020-06-19,US,Tennessee,Hamblen,96,4,0,36.21990035,-83.26586179,47063.0,147.8424246157637,4.166666666666667,92,91,4,0,87,92,64569,5,0,0,5,-1
2020-06-19,US,Tennessee,Hamilton,2000,24,0,35.17670231,-85.16652245,47065.0,543.7678763689356,1.2,1976,1956,22,0,1934,1881,364286,44,2,0,42,75
2020-06-19,US,Tennessee,Hancock,2,0,0,36.52692871,-83.22375847,47067.0,30.211480362537767,0.0,2,1,0,0,1,1,6549,1,0,0,1,0
2020-06-19,US,Tennessee,Hardeman,252,1,0,35.20772017,-88.99161161,47069.0,1005.9880239520958,0.3968253968253968,251,226,0,0,226,226,25220,26,1,0,25,0
2020-06-19,US,Tennessee,Hardin,51,5,0,35.19732531,-88.18593755,47071.0,198.81490721971,9.803921568627453,46,46,5,0,41,44,25776,5,0,0,5,2
2020-06-19,US,Tennessee,Hawkins,38,2,0,36.44355426,-82.94885298,47073.0,66.91790229986265,5.2631578947368425,36,37,2,0,35,37,56530,1,0,0,1,0
2020-06-19,US,Tennessee,Haywood,40,2,0,35.58332824,-89.28536625,47075.0,231.16042533518262,5.0,38,39,2,0,37,39,17335,1,0,0,1,0
2020-06-19,US,Tennessee,Henderson,19,0,0,35.65581134,-88.38600175,47077.0,67.57477682540812,0.0,19,19,0,0,19,19,27847,0,0,0,0,0
2020-06-19,US,Tennessee,Henry,36,0,0,36.33160906,-88.30121797,47079.0,111.30004637501932,0.0,36,35,0,0,35,35,32358,1,0,0,1,0
2020-06-19,US,Tennessee,Hickman,63,0,0,35.80609681,-87.47643507,47081.0,250.2184446739217,0.0,63,62,0,0,62,62,25063,1,0,0,1,0
2020-06-19,US,Tennessee,Houston,10,0,0,36.28872054,-87.71878828,47083.0,121.93634922570419,0.0,10,10,0,0,10,10,8263,0,0,0,0,0
2020-06-19,US,Tennessee,Humphreys,18,1,0,36.03958805,-87.77992872,47085.0,96.867936712948,5.5555555555555545,17,18,1,0,17,18,18486,0,0,0,0,0
2020-06-19,US,Tennessee,Jackson,21,0,0,36.36380466,-85.67239905,47087.0,178.17749872730357,0.0,21,21,0,0,21,20,11758,0,0,0,0,1
2020-06-19,US,Tennessee,Jefferson,59,0,0,36.04818632,-83.45148924,47089.0,108.2668134691256,0.0,59,51,0,0,51,48,54012,8,0,0,8,3
2020-06-19,US,Tennessee,Johnson,26,0,0,36.45523950000001,-81.84886538,47091.0,146.16595457611876,0.0,26,26,0,0,26,25,17778,0,0,0,0,1
2020-06-19,US,Tennessee,Knox,609,5,0,35.99508821,-83.94635435,47093.0,129.4882344311129,0.8210180623973727,604,594,5,0,589,573,465289,15,0,0,15,21
2020-06-19,US,Tennessee,Lake,689,0,0,36.34180170000001,-89.48921915,47095.0,9820.410490307868,0.0,689,689,0,0,689,689,7411,0,0,0,0,0
2020-06-19,US,Tennessee,Lauderdale,71,1,0,35.75893438,-89.63015909999999,47097.0,276.98669683610973,1.4084507042253518,70,71,1,0,70,71,25825,0,0,0,0,0
2020-06-19,US,Tennessee,Lawrence,78,2,0,35.21675201,-87.39787695,47099.0,176.70246024194645,2.5641025641025643,76,76,2,0,74,72,43734,2,0,0,2,4
2020-06-19,US,Tennessee,Lewis,5,0,0,35.52853208,-87.49022694,47101.0,40.75643951744376,0.0,5,5,0,0,5,5,12086,0,0,0,0,0
2020-06-19,US,Tennessee,Lincoln,48,0,0,35.13738622,-86.58910106,47103.0,139.672932549613,0.0,48,48,0,0,48,48,34117,0,0,0,0,0
2020-06-19,US,Tennessee,Loudon,226,1,0,35.73939663,-84.31145275,47105.0,417.99215802323,0.4424778761061947,225,221,1,0,220,214,53054,5,0,0,5,7
2020-06-19,US,Tennessee,Macon,217,3,0,36.53157855,-86.00778595,47111.0,882.0421103975286,1.3824884792626728,214,216,3,0,213,209,24265,1,0,0,1,7
2020-06-19,US,Tennessee,Madison,190,2,0,35.61181957,-88.84076036,47113.0,193.90920966688444,1.0526315789473684,188,188,2,0,186,188,97605,2,0,0,2,0
2020-06-19,US,Tennessee,Marion,48,2,0,35.12997174,-85.62265895,47115.0,166.04974573632686,4.166666666666667,46,49,2,0,47,49,28575,-1,0,0,-1,0
2020-06-19,US,Tennessee,Marshall,44,1,0,35.45798777,-86.76420988,47117.0,128.0,2.272727272727273,43,45,1,0,44,44,33683,-1,0,0,-1,1
2020-06-19,US,Tennessee,Maury,205,2,0,35.6187413,-87.07462444,47119.0,212.6842831502173,0.975609756097561,203,198,2,0,196,177,94340,7,0,0,7,21
2020-06-19,US,Tennessee,McMinn,172,15,0,35.42812616,-84.61520715,47107.0,319.7382607725769,8.720930232558139,157,171,15,0,156,170,53285,1,0,0,1,1
2020-06-19,US,Tennessee,McNairy,38,0,0,35.17468549,-88.5647812,47109.0,147.8944500661633,0.0,38,35,0,0,35,33,25832,3,0,0,3,2
2020-06-19,US,Tennessee,Meigs,30,0,0,35.51558739,-84.81482914,47121.0,241.50700370310742,0.0,30,30,0,0,30,29,12306,0,0,0,0,1
2020-06-19,US,Tennessee,Monroe,108,4,0,35.44550387,-84.24902965,47123.0,232.03351595230419,3.703703703703704,104,97,4,0,93,93,46357,11,0,0,11,4
2020-06-19,US,Tennessee,Montgomery,363,5,0,36.49609412,-87.38550661,47125.0,173.6900278956711,1.3774104683195592,358,356,5,0,351,341,205950,7,0,0,7,15
2020-06-19,US,Tennessee,Moore,5,0,0,35.27724699,-86.36230578,47127.0,77.06535141800245,0.0,5,5,0,0,5,5,6411,0,0,0,0,0
2020-06-19,US,Tennessee,Morgan,22,1,0,36.13248031,-84.64880098,47129.0,102.78932859879455,4.545454545454546,21,22,1,0,21,21,21579,0,0,0,0,1
2020-06-19,US,Tennessee,Obion,71,1,0,36.35732446,-89.14921589,47131.0,236.1235824270844,1.4084507042253518,70,68,1,0,67,67,30267,3,0,0,3,1
2020-06-19,US,Tennessee,Out of TN,566,8,0,0.0,0.0,80047.0,0.0,1.413427561837456,558,463,7,0,456,463,,103,1,0,102,0
2020-06-19,US,Tennessee,Overton,40,0,0,36.34117832,-85.28989535,47133.0,179.8480284159885,0.0,40,38,0,0,38,38,22068,2,0,0,2,0
2020-06-19,US,Tennessee,Perry,28,0,0,35.63708728,-87.86139634,47135.0,346.7062902426944,0.0,28,28,0,0,28,28,8064,0,0,0,0,0
2020-06-19,US,Tennessee,Pickett,4,0,0,36.55606529,-85.07763299999998,47137.0,79.23930269413628,0.0,4,4,0,0,4,4,5082,0,0,0,0,0
2020-06-19,US,Tennessee,Polk,32,0,0,35.12245443,-84.52075859,47139.0,190.11406844106463,0.0,32,32,0,0,32,32,16898,0,0,0,0,0
2020-06-19,US,Tennessee,Putnam,643,7,0,36.14005459,-85.50646123,47141.0,801.2960309053524,1.088646967340591,636,630,6,0,624,612,78843,13,1,0,12,18
2020-06-19,US,Tennessee,Rhea,247,0,0,35.60536161,-84.93076643,47143.0,744.7161335061959,0.0,247,243,0,0,243,243,33044,4,0,0,4,0
2020-06-19,US,Tennessee,Roane,34,0,0,35.84923189,-84.52458689,47145.0,63.691881158442925,0.0,34,32,0,0,32,32,53140,2,0,0,2,0
2020-06-19,US,Tennessee,Robertson,703,9,0,36.52454807,-86.87346725,47147.0,978.9313912522804,1.2802275960170697,694,670,9,0,661,658,71012,33,0,0,33,12
2020-06-19,US,Tennessee,Rutherford,1990,32,0,35.84591405,-86.4107263,47149.0,598.8834885715576,1.6080402010050252,1958,1888,32,0,1856,1851,324890,102,0,0,102,37
2020-06-19,US,Tennessee,Scott,15,0,0,36.42325673,-84.50360494,47151.0,67.97172376291462,0.0,15,15,0,0,15,14,22039,0,0,0,0,1
2020-06-19,US,Tennessee,Sequatchie,22,0,0,35.36979721,-85.41022136,47153.0,146.41288433382138,0.0,22,23,0,0,23,23,14876,-1,0,0,-1,0
2020-06-19,US,Tennessee,Sevier,387,3,0,35.78077323,-83.52244332,47155.0,393.89312977099235,0.7751937984496124,384,342,3,0,339,297,97892,45,0,0,45,45
2020-06-19,US,Tennessee,Shelby,7623,160,0,35.1864775,-89.89692423,47157.0,813.4097907948005,2.098911189820281,7463,7290,158,0,7132,7183,935764,333,2,0,331,107
2020-06-19,US,Tennessee,Smith,48,1,0,36.25359775,-85.95411046,47159.0,238.13067420747132,2.083333333333333,47,46,1,0,45,43,19942,2,0,0,2,3
2020-06-19,US,Tennessee,Stewart,17,0,0,36.50235092,-87.83920548,47161.0,123.95187750637987,0.0,17,17,0,0,17,16,13561,0,0,0,0,1
2020-06-19,US,Tennessee,Sullivan,72,2,0,36.51240691,-82.30412917,47163.0,45.46947230151312,2.7777777777777777,70,71,2,0,69,71,157668,1,0,0,1,0
2020-06-19,US,Tennessee,Sumner,1155,49,0,36.46824103,-86.45917204,47165.0,603.8173805304183,4.242424242424242,1106,1130,49,0,1081,1119,187149,25,0,0,25,11
2020-06-19,US,Tennessee,Tipton,551,4,0,35.501942,-89.73694895,47167.0,894.4950405039043,0.7259528130671506,547,541,4,0,537,534,61581,10,0,0,10,7
2020-06-19,US,Tennessee,Trousdale,1464,5,0,36.39026213,-86.16087954,47169.0,12974.122651542008,0.34153005464480873,1459,1464,5,0,1459,1460,11012,0,0,0,0,4
2020-06-19,US,Tennessee,Unassigned,204,0,0,0.0,0.0,90047.0,0.0,0.0,204,152,0,0,152,152,,52,0,0,52,0
2020-06-19,US,Tennessee,Unicoi,52,0,0,36.10890856,-82.43709629,47171.0,290.77895207739186,0.0,52,52,0,0,52,52,17761,0,0,0,0,0
2020-06-19,US,Tennessee,Union,9,0,0,36.28590426,-83.83651902,47173.0,45.063088323653105,0.0,9,9,0,0,9,9,19688,0,0,0,0,0
2020-06-19,US,Tennessee,Van Buren,5,0,0,35.69864497,-85.45221699,47175.0,85.14986376021798,0.0,5,5,0,0,5,5,5765,0,0,0,0,0
2020-06-19,US,Tennessee,Warren,36,0,0,35.6728299,-85.77969117,47177.0,87.21564067156044,0.0,36,36,0,0,36,35,40878,0,0,0,0,1
2020-06-19,US,Tennessee,Washington,101,0,0,36.29472368,-82.49454720000001,47179.0,78.06763285024155,0.0,101,99,0,0,99,93,128607,2,0,0,2,6
2020-06-19,US,Tennessee,Wayne,64,0,0,35.23868267,-87.78644456,47181.0,383.85413542853723,0.0,64,64,0,0,64,64,16558,0,0,0,0,0
2020-06-19,US,Tennessee,Weakley,39,0,0,36.29896232,-88.71990865,47183.0,117.01872299567933,0.0,39,36,0,0,36,35,33415,3,0,0,3,1
2020-06-19,US,Tennessee,White,52,2,0,35.92929884,-85.45591799,47185.0,190.1627354178095,3.8461538461538463,50,51,2,0,49,50,27107,1,0,0,1,1
2020-06-19,US,Tennessee,Williamson,767,12,0,35.89099229,-86.89281867,47187.0,321.71199436269984,1.564537157757497,755,742,12,0,730,730,231729,25,0,0,25,12
2020-06-19,US,Tennessee,Wilson,580,14,0,36.15496772,-86.29775884,47189.0,400.948450472497,2.413793103448276,566,565,14,0,551,544,140625,15,0,0,15,21
2020-06-19,US,Texas,Anderson,1007,2,0,31.81534745,-95.65354823,48001.0,1744.1759764440978,0.198609731876862,1005,1003,2,0,1001,990,58057,4,0,0,4,13
2020-06-19,US,Texas,Andrews,35,0,0,32.30468633,-102.6376548,48003.0,187.11574445335472,0.0,35,33,0,0,33,30,18128,2,0,0,2,3
2020-06-19,US,Texas,Angelina,366,6,0,31.25457347,-94.60901487,48005.0,422.0723058294413,1.639344262295082,360,352,6,0,346,352,87092,14,0,0,14,0
2020-06-19,US,Texas,Aransas,7,0,0,28.10556197,-96.9995047,48007.0,29.774564015312638,0.0,7,7,0,0,7,7,23792,0,0,0,0,0
2020-06-19,US,Texas,Archer,3,0,0,33.61569967,-98.68754589,48009.0,35.0754121360926,0.0,3,3,0,0,3,3,8786,0,0,0,0,0
2020-06-19,US,Texas,Armstrong,3,0,0,34.96507426,-101.3574874,48011.0,158.9825119236884,0.0,3,3,0,0,3,3,1892,0,0,0,0,0
2020-06-19,US,Texas,Atascosa,62,2,0,28.89333001,-98.52730485,48013.0,121.20501241373914,3.2258064516129035,60,45,2,0,43,42,50310,17,0,0,17,3
2020-06-19,US,Texas,Austin,42,0,0,29.88548725,-96.27736949,48015.0,139.85082578582845,0.0,42,42,0,0,42,37,29989,0,0,0,0,5
2020-06-19,US,Texas,Bailey,83,0,0,34.06854817,-102.8299707,48017.0,1185.7142857142858,0.0,83,83,0,0,83,52,7027,0,0,0,0,31
2020-06-19,US,Texas,Bandera,13,0,0,29.74619598,-99.24598147,48019.0,56.2478366216684,0.0,13,8,0,0,8,7,22824,5,0,0,5,1
2020-06-19,US,Texas,Bastrop,338,4,0,30.10370699,-97.31206354,48021.0,380.9609684072901,1.183431952662722,334,346,4,0,342,338,86976,-8,0,0,-8,8
2020-06-19,US,Texas,Baylor,1,0,0,33.61640794,-99.21352901,48023.0,28.498147620404676,0.0,1,1,0,0,1,1,3582,0,0,0,0,0
2020-06-19,US,Texas,Bee,33,0,0,28.41761668,-97.74215593,48025.0,101.33578995854444,0.0,33,32,0,0,32,32,32587,1,0,0,1,0
2020-06-19,US,Texas,Bell,769,9,0,31.03736027,-97.4785025,48027.0,211.8900926915828,1.1703511053315996,760,722,9,0,713,672,355642,47,0,0,47,50
2020-06-19,US,Texas,Bexar,5550,92,0,29.44928723,-98.52019748,48029.0,277.00775721542817,1.6576576576576576,5458,5142,90,0,5052,4876,1986049,408,2,0,406,266
2020-06-19,US,Texas,Blanco,14,1,0,30.26640707,-98.3999852,48031.0,117.34137959936301,7.142857142857142,13,13,1,0,12,12,11702,1,0,0,1,1
2020-06-19,US,Texas,Bosque,7,0,0,31.89978581,-97.63613524,48035.0,37.46320578003746,0.0,7,7,0,0,7,7,18691,0,0,0,0,0
2020-06-19,US,Texas,Bowie,394,10,0,33.44626922,-94.41834132,48037.0,422.542763687061,2.538071065989848,384,384,8,0,376,381,94324,10,2,0,8,3
2020-06-19,US,Texas,Brazoria,1609,18,0,29.18757369,-95.44563172,48039.0,429.9104375521023,1.1187072715972657,1591,1558,18,0,1540,1525,370200,51,0,0,51,33
2020-06-19,US,Texas,Brazos,1095,25,0,30.663644800000004,-96.30205577,48041.0,477.72576359773313,2.2831050228310503,1070,1025,25,0,1000,880,226758,70,0,0,70,145
2020-06-19,US,Texas,Brewster,24,0,0,29.81008251,-103.2520326,48043.0,260.7845267847441,0.0,24,22,0,0,22,18,9267,2,0,0,2,4
2020-06-19,US,Texas,Briscoe,1,0,0,34.53026962,-101.2084947,48045.0,64.68305304010349,0.0,1,1,0,0,1,1,1516,0,0,0,0,0
2020-06-19,US,Texas,Brooks,3,0,0,27.03103197,-98.21808402,48047.0,42.295220640067676,0.0,3,3,0,0,3,3,7114,0,0,0,0,0
2020-06-19,US,Texas,Brown,62,10,0,31.77430356,-98.99907113,48049.0,163.74392562856542,16.129032258064516,52,61,10,0,51,61,37924,1,0,0,1,0
2020-06-19,US,Texas,Burleson,53,0,0,30.49273808,-96.62158484,48051.0,287.3719026188798,0.0,53,53,0,0,53,48,18389,0,0,0,0,5
2020-06-19,US,Texas,Burnet,79,3,0,30.78801353,-98.181887,48053.0,164.05357699096666,3.79746835443038,76,75,2,0,73,66,47542,4,1,0,3,9
2020-06-19,US,Texas,Caldwell,197,1,0,29.83668859,-97.61814775,48055.0,451.17259069256136,0.5076142131979695,196,190,1,0,189,170,43247,7,0,0,7,20
2020-06-19,US,Texas,Calhoun,52,3,0,28.47048236,-96.61633945,48057.0,244.24612494128695,5.769230769230768,49,46,3,0,43,46,21561,6,0,0,6,0
2020-06-19,US,Texas,Callahan,13,2,0,32.29760619,-99.37326312,48059.0,93.23674962346699,15.384615384615385,11,13,2,0,11,13,13994,0,0,0,0,0
2020-06-19,US,Texas,Cameron,1371,48,0,26.14524221,-97.48140372,48061.0,323.9886284954025,3.5010940919037203,1323,1301,47,0,1254,1236,423908,70,1,0,69,65
2020-06-19,US,Texas,Camp,109,1,0,32.97195142,-94.97790104,48063.0,832.4423400030548,0.9174311926605504,108,109,1,0,108,109,13033,0,0,0,0,0
2020-06-19,US,Texas,Carson,6,0,0,35.40365929,-101.3542669,48065.0,101.24873439082012,0.0,6,6,0,0,6,6,6005,0,0,0,0,0
2020-06-19,US,Texas,Cass,36,2,0,33.07499881,-94.34646905,48067.0,119.89609005528541,5.5555555555555545,34,36,2,0,34,35,30119,0,0,0,0,1
2020-06-19,US,Texas,Castro,51,1,0,34.53016752,-102.2617243,48069.0,677.2908366533866,1.96078431372549,50,50,1,0,49,48,7665,1,0,0,1,2
2020-06-19,US,Texas,Chambers,138,1,0,29.70972016,-94.67154501,48071.0,314.80256404407237,0.7246376811594203,137,130,1,0,129,128,42454,8,0,0,8,2
2020-06-19,US,Texas,Cherokee,67,2,0,31.837258,-95.16559897,48073.0,127.26512935455685,2.985074626865672,65,65,2,0,63,61,52592,2,0,0,2,4
2020-06-19,US,Texas,Childress,6,0,0,34.529304100000004,-100.2077916,48075.0,82.12428141253764,0.0,6,6,0,0,6,6,7291,0,0,0,0,0
2020-06-19,US,Texas,Clay,5,0,0,33.78686685,-98.20771198,48077.0,47.75093114315729,0.0,5,5,0,0,5,5,10456,0,0,0,0,0
2020-06-19,US,Texas,Cochran,1,0,0,33.60425307,-102.8284499,48079.0,35.05082369435681,0.0,1,1,0,0,1,1,2836,0,0,0,0,0
2020-06-19,US,Texas,Coke,4,0,0,31.88911733,-100.5297533,48081.0,118.09861234130501,0.0,4,4,0,0,4,4,3370,0,0,0,0,0
2020-06-19,US,Texas,Coleman,3,0,0,31.76736834,-99.45240766,48083.0,36.697247706422026,0.0,3,3,0,0,3,3,8397,0,0,0,0,0
2020-06-19,US,Texas,Collin,2026,38,0,33.18820114,-96.57264368,48085.0,195.79987049761772,1.8756169792694968,1988,1967,38,0,1929,1866,1005146,59,0,0,59,101
2020-06-19,US,Texas,Collingsworth,5,0,0,34.96489496,-100.2700111,48087.0,171.23287671232876,0.0,5,5,0,0,5,5,2962,0,0,0,0,0
2020-06-19,US,Texas,Colorado,46,0,0,29.622098,-96.5273805,48089.0,214.02317033452755,0.0,46,44,0,0,44,41,21217,2,0,0,2,3
2020-06-19,US,Texas,Comal,219,7,0,29.80811278,-98.27647225,48091.0,140.19678763707597,3.1963470319634704,212,207,7,0,200,197,148373,12,0,0,12,10
2020-06-19,US,Texas,Comanche,14,1,0,31.94854689,-98.55876441,48093.0,102.67693436010269,7.142857142857142,13,14,1,0,13,14,13534,0,0,0,0,0
2020-06-19,US,Texas,Concho,1,0,0,31.32635934,-99.86473038,48095.0,36.683785766691116,0.0,1,1,0,0,1,1,4276,0,0,0,0,0
2020-06-19,US,Texas,Cooke,27,0,0,33.63979567,-97.21240912,48097.0,65.44343990110771,0.0,27,27,0,0,27,26,40574,0,0,0,0,1
2020-06-19,US,Texas,Coryell,305,2,0,31.39078397,-97.79936155,48099.0,401.57469947729464,0.6557377049180327,303,304,2,0,302,303,74808,1,0,0,1,1
2020-06-19,US,Texas,Cottle,4,1,0,34.07783319,-100.2785062,48101.0,286.12303290414883,25.0,3,4,1,0,3,4,1389,0,0,0,0,0
2020-06-19,US,Texas,Crane,45,5,0,31.43052248,-102.5143314,48103.0,938.0863039399624,11.111111111111109,40,45,5,0,40,39,4794,0,0,0,0,6
2020-06-19,US,Texas,Crockett,5,0,0,30.72367027,-101.4134238,48105.0,144.3418013856813,0.0,5,5,0,0,5,5,3499,0,0,0,0,0
2020-06-19,US,Texas,Crosby,8,1,0,33.61431553,-101.3000364,48107.0,139.44570332926614,12.5,7,8,1,0,7,8,5779,0,0,0,0,0
2020-06-19,US,Texas,Dallam,49,1,0,36.27787176,-102.6020725,48111.0,672.4303554274736,2.0408163265306123,48,45,1,0,44,39,7200,4,0,0,4,6
2020-06-19,US,Texas,Dallas,16042,311,0,32.76670599,-96.7779605,48113.0,608.685358009589,1.9386610148360557,15731,15648,307,0,15341,15256,2637772,394,4,0,390,392
2020-06-19,US,Texas,Dawson,45,1,0,32.74255572,-101.9477242,48115.0,353.55122564424886,2.2222222222222223,44,45,1,0,44,45,12619,0,0,0,0,0
2020-06-19,US,Texas,DeWitt,35,1,0,29.08101855,-97.3568117,48123.0,173.61111111111111,2.8571428571428568,34,35,1,0,34,31,20187,0,0,0,0,4
2020-06-19,US,Texas,Deaf Smith,233,16,0,34.96522957,-102.6054267,48117.0,1256.3355979726084,6.866952789699571,217,226,16,0,210,223,18760,7,0,0,7,3
2020-06-19,US,Texas,Delta,4,0,0,33.38570922,-95.66921122,48119.0,75.03282686175201,0.0,4,3,0,0,3,3,5349,1,0,0,1,0
2020-06-19,US,Texas,Denton,1980,36,0,33.20521901,-97.11691153,48121.0,223.17226983105408,1.818181818181818,1944,1893,36,0,1857,1812,859064,87,0,0,87,81
2020-06-19,US,Texas,Dickens,2,0,0,33.61616822,-100.7788855,48125.0,90.45680687471732,0.0,2,2,0,0,2,2,2249,0,0,0,0,0
2020-06-19,US,Texas,Dimmit,3,0,0,28.42270064,-99.75645095,48127.0,29.632556301856972,0.0,3,1,0,0,1,1,10308,2,0,0,2,0
2020-06-19,US,Texas,Donley,27,0,0,34.96517499,-100.8140093,48129.0,823.672971323978,0.0,27,27,0,0,27,27,3319,0,0,0,0,0
2020-06-19,US,Texas,Duval,5,0,0,27.68184592,-98.50864568,48131.0,44.81491440351349,0.0,5,5,0,0,5,5,11212,0,0,0,0,0
2020-06-19,US,Texas,Eastland,7,0,0,32.32743996,-98.83243566,48133.0,38.12636165577342,0.0,7,7,0,0,7,7,18322,0,0,0,0,0
2020-06-19,US,Texas,Ector,300,7,0,31.86898877,-102.5429428,48135.0,180.48043892842747,2.333333333333333,293,289,7,0,282,275,162124,11,0,0,11,14
2020-06-19,US,Texas,El Paso,4178,119,0,31.76980765,-106.2363275,48141.0,497.83255762965933,2.848252752513164,4059,4088,119,0,3969,3999,840758,90,0,0,90,89
2020-06-19,US,Texas,Ellis,510,19,0,32.34894117,-96.79371841,48139.0,275.9352039215262,3.725490196078432,491,490,19,0,471,470,179436,20,0,0,20,20
2020-06-19,US,Texas,Erath,44,1,0,32.23602653,-98.21773417,48143.0,103.04932315330929,2.272727272727273,43,43,1,0,42,41,42446,1,0,0,1,2
2020-06-19,US,Texas,Falls,22,0,0,31.25350609,-96.93630086,48145.0,127.18968607272936,0.0,22,21,0,0,21,19,17335,1,0,0,1,2
2020-06-19,US,Texas,Fannin,65,6,0,33.59564294,-96.10751083,48147.0,183.02641211916423,9.23076923076923,59,65,6,0,59,59,35286,0,0,0,0,6
2020-06-19,US,Texas,Fayette,52,2,0,29.87788372,-96.92076062,48149.0,205.16057760593387,3.8461538461538463,50,51,2,0,49,52,25349,1,0,0,1,-1
2020-06-19,US,Texas,Fisher,2,1,0,32.74281316,-100.4019302,48151.0,52.219321148825074,50.0,1,2,1,0,1,2,3839,0,0,0,0,0
2020-06-19,US,Texas,Floyd,18,1,0,34.07227468,-101.3031546,48153.0,315.1260504201681,5.5555555555555545,17,17,1,0,16,16,5837,1,0,0,1,1
2020-06-19,US,Texas,Fort Bend,2726,50,0,29.52704478,-95.77219463,48157.0,335.8433289638383,1.8341892883345559,2676,2667,50,0,2617,2496,787858,59,0,0,59,171
2020-06-19,US,Texas,Franklin,30,0,0,33.17653242,-95.21917243,48159.0,279.72027972027973,0.0,30,30,0,0,30,29,10766,0,0,0,0,1
2020-06-19,US,Texas,Freestone,18,0,0,31.70422788,-96.15072516,48161.0,91.29177866815438,0.0,18,19,0,0,19,17,19808,-1,0,0,-1,2
2020-06-19,US,Texas,Frio,119,0,0,28.86751206,-99.10804207,48163.0,586.033684625234,0.0,119,86,0,0,86,80,19816,33,0,0,33,6
2020-06-19,US,Texas,Gaines,14,0,0,32.74055318,-102.6353295,48165.0,65.14051740182393,0.0,14,14,0,0,14,14,20901,0,0,0,0,0
2020-06-19,US,Texas,Galveston,1535,40,0,29.40167322,-94.90469073,48167.0,448.64806409091034,2.6058631921824102,1495,1486,40,0,1446,1378,337890,49,0,0,49,108
2020-06-19,US,Texas,Garza,7,0,0,33.17969345,-101.2984114,48169.0,112.37758869802536,0.0,7,7,0,0,7,7,6578,0,0,0,0,0
2020-06-19,US,Texas,Gillespie,16,0,0,30.31824095,-98.94676915,48171.0,59.28560841855639,0.0,16,10,0,0,10,9,26804,6,0,0,6,1
2020-06-19,US,Texas,Glasscock,5,0,0,31.86942909,-101.5207776,48173.0,354.86160397445,0.0,5,5,0,0,5,3,1388,0,0,0,0,2
2020-06-19,US,Texas,Goliad,7,0,0,28.65696592,-97.42760647,48175.0,91.40767824497256,0.0,7,7,0,0,7,7,7584,0,0,0,0,0
2020-06-19,US,Texas,Gonzales,203,4,0,29.45634206,-97.49424032,48177.0,974.2285357777032,1.9704433497536944,199,175,4,0,171,172,20826,28,0,0,28,3
2020-06-19,US,Texas,Gray,113,4,0,35.40081878,-100.8129222,48179.0,516.3117974961161,3.5398230088495577,109,112,4,0,108,111,21895,1,0,0,1,1
2020-06-19,US,Texas,Grayson,491,5,0,33.62744998,-96.67753461,48181.0,360.46750653393235,1.0183299389002036,486,481,4,0,477,473,133991,10,1,0,9,8
2020-06-19,US,Texas,Gregg,304,12,0,32.47940482,-94.81591935,48183.0,245.27007947073295,3.947368421052632,292,302,12,0,290,296,123707,2,0,0,2,6
2020-06-19,US,Texas,Grimes,288,2,0,30.54579585,-95.98902499,48185.0,997.2299168975068,0.6944444444444444,286,291,2,0,289,287,28360,-3,0,0,-3,4
2020-06-19,US,Texas,Guadalupe,280,1,0,29.58165339,-97.94786822,48187.0,167.81842046905246,0.35714285714285715,279,186,0,0,186,184,163694,94,1,0,93,2
2020-06-19,US,Texas,Hale,122,5,0,34.07044901,-101.8268114,48189.0,365.2038555948033,4.0983606557377055,117,110,5,0,105,110,33830,12,0,0,12,0
2020-06-19,US,Texas,Hall,2,1,0,34.5307555,-100.6813852,48191.0,67.47638326585695,50.0,1,2,1,0,1,2,3028,0,0,0,0,0
2020-06-19,US,Texas,Hamilton,18,1,0,31.70470573,-98.11083887,48193.0,212.7408107788677,5.5555555555555545,17,18,1,0,17,18,8484,0,0,0,0,0
2020-06-19,US,Texas,Hansford,23,2,0,36.27743284,-101.3545796,48195.0,426.0048157066124,8.695652173913043,21,23,2,0,21,23,5463,0,0,0,0,0
2020-06-19,US,Texas,Hardeman,4,0,0,34.28944521,-99.74632408,48197.0,101.70353419781335,0.0,4,4,0,0,4,4,3922,0,0,0,0,0
2020-06-19,US,Texas,Hardin,167,5,0,30.33364686,-94.38931817,48199.0,289.9204888719142,2.9940119760479043,162,156,5,0,151,155,57207,11,0,0,11,1
2020-06-19,US,Texas,Harris,19739,311,0,29.86,-95.39,48201.0,418.79140521818465,1.5755610719894624,19428,18552,305,0,18247,18157,4698619,1187,6,0,1181,395
2020-06-19,US,Texas,Harrison,268,31,0,32.54935988,-94.36934071,48203.0,402.68658061995694,11.567164179104473,237,268,30,0,238,269,66726,0,1,0,-1,-1
2020-06-19,US,Texas,Hartley,13,2,0,35.84008013,-102.6029022,48205.0,233.14203730272598,15.384615384615385,11,13,2,0,11,13,5619,0,0,0,0,0
2020-06-19,US,Texas,Haskell,4,0,0,33.17823584,-99.73037358,48207.0,70.69635913750443,0.0,4,4,0,0,4,4,5813,0,0,0,0,0
2020-06-19,US,Texas,Hays,1448,5,0,30.05669873,-98.02944344,48209.0,629.0428383385971,0.3453038674033149,1443,1238,5,0,1233,1093,222631,210,0,0,210,145
2020-06-19,US,Texas,Hemphill,2,0,0,35.83764858,-100.2703577,48211.0,52.36973029588898,0.0,2,2,0,0,2,2,3825,0,0,0,0,0
2020-06-19,US,Texas,Henderson,94,3,0,32.21128872,-95.85846587,48213.0,113.61301473343245,3.191489361702128,91,90,3,0,87,85,82299,4,0,0,4,5
2020-06-19,US,Texas,Hidalgo,1447,20,0,26.39418217,-98.18299696,48215.0,166.56939566505164,1.38217000691085,1427,1347,19,0,1328,1255,865939,100,1,0,99,92
2020-06-19,US,Texas,Hill,47,1,0,31.99045053,-97.13423143,48217.0,128.24360828399136,2.127659574468085,46,46,1,0,45,41,36354,1,0,0,1,5
2020-06-19,US,Texas,Hockley,29,1,0,33.60771256,-102.3431676,48219.0,125.97193866469743,3.4482758620689653,28,29,1,0,28,29,22980,0,0,0,0,0
2020-06-19,US,Texas,Hood,35,4,0,32.42990927,-97.83242024,48221.0,56.778547442531995,11.428571428571427,31,35,4,0,31,35,60537,0,0,0,0,0
2020-06-19,US,Texas,Hopkins,48,1,0,33.14875072,-95.56351139,48223.0,129.43587531010678,2.083333333333333,47,44,0,0,44,44,36810,4,1,0,3,0
2020-06-19,US,Texas,Houston,147,0,0,31.31925973,-95.42226208,48225.0,640.0208986415882,0.0,147,147,0,0,147,148,23169,0,0,0,0,-1
2020-06-19,US,Texas,Howard,24,1,0,32.30621324,-101.4356444,48227.0,65.459306131355,4.166666666666667,23,24,1,0,23,24,36459,0,0,0,0,0
2020-06-19,US,Texas,Hudspeth,14,0,0,31.45628381,-105.388178,48229.0,286.5329512893983,0.0,14,14,0,0,14,13,4795,0,0,0,0,1
2020-06-19,US,Texas,Hunt,227,5,0,33.12351514,-96.08551032,48231.0,230.2371341055237,2.202643171806167,222,223,5,0,218,217,96493,4,0,0,4,6
2020-06-19,US,Texas,Hutchinson,49,0,0,35.84006574,-101.3546643,48233.0,234.02426210717357,0.0,49,47,0,0,47,47,21198,2,0,0,2,0
2020-06-19,US,Texas,Irion,1,0,0,31.30375559,-100.982439,48235.0,65.10416666666667,0.0,1,1,0,0,1,1,1522,0,0,0,0,0
2020-06-19,US,Texas,Jack,4,0,0,33.23377248,-98.17283469,48237.0,44.76776720761052,0.0,4,4,0,0,4,4,8843,0,0,0,0,0
2020-06-19,US,Texas,Jackson,24,1,0,28.95472367,-96.57749563,48239.0,162.60162601626016,4.166666666666667,23,21,1,0,20,21,14874,3,0,0,3,0
2020-06-19,US,Texas,Jasper,33,1,0,30.74685667,-94.02667579,48241.0,92.8818711475133,3.0303030303030303,32,33,1,0,32,33,35872,0,0,0,0,0
2020-06-19,US,Texas,Jefferson,1356,32,0,29.8832777,-94.16434171,48245.0,539.025699123487,2.359882005899705,1324,1340,32,0,1308,1319,255001,16,0,0,16,21
2020-06-19,US,Texas,Jim Hogg,6,0,0,27.04453923,-98.6968187,48247.0,115.3846153846154,0.0,6,6,0,0,6,4,5248,0,0,0,0,2
2020-06-19,US,Texas,Jim Wells,21,0,0,27.73103938,-98.0904705,48249.0,51.87490736623685,0.0,21,21,0,0,21,19,40822,0,0,0,0,2
2020-06-19,US,Texas,Johnson,254,4,0,32.37877812,-97.36615819,48251.0,144.4683961164165,1.5748031496062993,250,249,4,0,245,244,171361,5,0,0,5,5
2020-06-19,US,Texas,Jones,610,0,0,32.73997145,-99.87861576,48253.0,3037.394811532142,0.0,610,614,0,0,614,615,19817,-4,0,0,-4,-1
2020-06-19,US,Texas,Karnes,11,0,0,28.90705334,-97.85960149,48255.0,70.50830074995193,0.0,11,7,0,0,7,7,15650,4,0,0,4,0
2020-06-19,US,Texas,Kaufman,360,4,0,32.599141700000004,-96.28734728,48257.0,264.40648089663176,1.1111111111111112,356,349,4,0,345,343,128622,11,0,0,11,6
2020-06-19,US,Texas,Kendall,44,0,0,29.94414155,-98.7113588,48259.0,92.76633425396892,0.0,44,36,0,0,36,36,45641,8,0,0,8,0
2020-06-19,US,Texas,Kerr,32,1,0,30.06040006,-99.34930144,48265.0,60.83650190114069,3.125,31,20,1,0,19,20,52405,12,0,0,12,0
2020-06-19,US,Texas,Kimble,1,0,0,30.48678918,-99.74856473,48267.0,23.057412958266077,0.0,1,1,0,0,1,1,4362,0,0,0,0,0
2020-06-19,US,Texas,Kinney,1,0,0,29.34967888,-100.4186638,48271.0,27.27024815925825,0.0,1,1,0,0,1,1,3767,0,0,0,0,0
2020-06-19,US,Texas,Kleberg,24,1,0,27.42435506,-97.69894948,48273.0,78.22685788787484,4.166666666666667,23,23,1,0,22,20,31129,1,0,0,1,3
2020-06-19,US,Texas,Knox,1,0,0,33.60519951,-99.7422906,48275.0,27.29257641921397,0.0,1,1,0,0,1,1,3653,0,0,0,0,0
2020-06-19,US,Texas,La Salle,7,0,0,28.34453111,-99.09908775,48283.0,93.08510638297872,0.0,7,5,0,0,5,5,7531,2,0,0,2,0
2020-06-19,US,Texas,Lamar,199,13,0,33.66981763,-95.57404777,48277.0,399.1255340058966,6.532663316582915,186,180,12,0,168,180,49728,19,1,0,18,0
2020-06-19,US,Texas,Lamb,29,0,0,34.06859623,-102.3516289,48279.0,224.92825564259675,0.0,29,28,0,0,28,25,13158,1,0,0,1,3
2020-06-19,US,Texas,Lampasas,15,0,0,31.19531316,-98.24206613,48281.0,70.00186671644578,0.0,15,13,0,0,13,13,21229,2,0,0,2,0
2020-06-19,US,Texas,Lavaca,43,1,0,29.38508402,-96.93186692,48285.0,213.35714994542028,2.3255813953488373,42,22,1,0,21,22,20110,21,0,0,21,0
2020-06-19,US,Texas,Lee,47,3,0,30.31120597,-96.97045773,48287.0,272.6376239921109,6.382978723404255,44,48,3,0,45,39,17144,-1,0,0,-1,9
2020-06-19,US,Texas,Leon,13,0,0,31.29872538,-95.9936328,48289.0,74.6954723052172,0.0,13,13,0,0,13,13,17270,0,0,0,0,0
2020-06-19,US,Texas,Liberty,169,3,0,30.15152688,-94.81205615,48291.0,191.56870968838916,1.7751479289940828,166,163,3,0,160,156,86323,6,0,0,6,7
2020-06-19,US,Texas,Limestone,40,1,0,31.5454767,-96.58095444,48293.0,170.6703076332295,2.5,39,40,1,0,39,41,23519,0,0,0,0,-1
2020-06-19,US,Texas,Lipscomb,9,0,0,36.27783108,-100.2733151,48295.0,278.3792143519951,0.0,9,9,0,0,9,9,3355,0,0,0,0,0
2020-06-19,US,Texas,Live Oak,10,0,0,28.35101362,-98.1246786,48297.0,81.92020971573687,0.0,10,10,0,0,10,10,12166,0,0,0,0,0
2020-06-19,US,Texas,Llano,5,0,0,30.70645047,-98.68475262,48299.0,22.94104152328516,0.0,5,5,0,0,5,5,21646,0,0,0,0,0
2020-06-19,US,Texas,Lubbock,1136,51,0,33.61008596,-101.8204789,48303.0,365.78022919222457,4.48943661971831,1085,1031,51,0,980,955,307412,105,0,0,105,76
2020-06-19,US,Texas,Lynn,21,1,0,33.17657705,-101.8162849,48305.0,352.88186859351373,4.761904761904762,20,21,1,0,20,21,5877,0,0,0,0,0
2020-06-19,US,Texas,Madison,25,0,0,30.96694679,-95.93003775,48313.0,175.02100252030243,0.0,25,24,0,0,24,23,14422,1,0,0,1,1
2020-06-19,US,Texas,Marion,21,1,0,32.79868409,-94.3566123,48315.0,213.11142683174344,4.761904761904762,20,21,1,0,20,21,9928,0,0,0,0,0
2020-06-19,US,Texas,Martin,5,1,0,32.30600051,-101.9513518,48317.0,86.64009703690868,20.0,4,4,1,0,3,4,5753,1,0,0,1,0
2020-06-19,US,Texas,Mason,33,0,0,30.71780434,-99.22629416,48319.0,772.1104351895182,0.0,33,33,0,0,33,33,4280,0,0,0,0,0
2020-06-19,US,Texas,Matagorda,104,5,0,28.81955746,-96.01230294,48321.0,283.81955625903987,4.807692307692308,99,96,5,0,91,94,36552,8,0,0,8,2
2020-06-19,US,Texas,Maverick,206,2,0,28.7429195,-100.3157686,48323.0,350.80549027621674,0.9708737864077671,204,200,2,0,198,199,58485,6,0,0,6,1
2020-06-19,US,Texas,McCulloch,4,0,0,31.1925468,-99.34682807,48307.0,50.100200400801604,0.0,4,4,0,0,4,4,7987,0,0,0,0,0
2020-06-19,US,Texas,McLennan,245,5,0,31.55255453,-97.20217694,48309.0,95.47078788728993,2.0408163265306123,240,222,4,0,218,196,254607,23,1,0,22,26
2020-06-19,US,Texas,Medina,244,2,0,29.3557301,-99.11030298,48325.0,473.01488833746896,0.819672131147541,242,228,2,0,226,227,50921,16,0,0,16,1
2020-06-19,US,Texas,Midland,287,13,0,31.86904128,-102.0315682,48329.0,162.30094100615273,4.529616724738676,274,264,13,0,251,222,172578,23,0,0,23,42
2020-06-19,US,Texas,Milam,56,1,0,30.78581830000001,-96.97718698,48331.0,225.5972283769085,1.7857142857142858,55,51,1,0,50,48,25131,5,0,0,5,3
2020-06-19,US,Texas,Mills,1,0,0,31.49557106,-98.59272068,48333.0,20.521239482864765,0.0,1,1,0,0,1,1,4921,0,0,0,0,0
2020-06-19,US,Texas,Mitchell,2,0,0,32.30623474,-100.9212058,48335.0,23.405500292568757,0.0,2,2,0,0,2,2,8145,0,0,0,0,0
2020-06-19,US,Texas,Montague,12,1,0,33.67521893,-97.72500958,48337.0,60.551014229488345,8.333333333333334,11,9,1,0,8,9,19596,3,0,0,3,0
2020-06-19,US,Texas,Montgomery,1484,33,0,30.30079133,-95.50572772,48339.0,244.32367288945667,2.2237196765498655,1451,1484,33,0,1451,1428,590925,0,0,0,0,56
2020-06-19,US,Texas,Moore,877,14,0,35.83769242,-101.8930281,48341.0,4188.156638013372,1.5963511972633981,863,876,14,0,862,872,21485,1,0,0,1,4
2020-06-19,US,Texas,Morris,31,0,0,33.11304005,-94.73255695,48343.0,250.2421698417824,0.0,31,31,0,0,31,31,12339,0,0,0,0,0
2020-06-19,US,Texas,Motley,1,0,0,34.07408766,-100.779722,48345.0,83.33333333333333,0.0,1,1,0,0,1,1,1234,0,0,0,0,0
2020-06-19,US,Texas,Nacogdoches,341,25,0,31.62017125,-94.61803994,48347.0,522.9740506717379,7.331378299120233,316,337,25,0,312,329,65711,4,0,0,4,8
2020-06-19,US,Texas,Navarro,116,4,0,32.04620681,-96.47428766,48349.0,231.47686229122183,3.4482758620689653,112,101,4,0,97,98,49565,15,0,0,15,3
2020-06-19,US,Texas,Newton,6,0,0,30.78548982,-93.74408813,48351.0,44.13387274733358,0.0,6,6,0,0,6,6,13746,0,0,0,0,0
2020-06-19,US,Texas,Nolan,8,0,0,32.30365282,-100.4060208,48353.0,54.36998776675275,0.0,8,8,0,0,8,5,14751,0,0,0,0,3
2020-06-19,US,Texas,Nueces,485,6,0,27.736286,-97.5433285,48355.0,133.86917807084853,1.2371134020618555,479,420,4,0,416,391,362265,65,2,0,63,29
2020-06-19,US,Texas,Ochiltree,53,2,0,36.27829105,-100.8158184,48357.0,538.8369255795038,3.7735849056603774,51,53,2,0,51,53,9947,0,0,0,0,0
2020-06-19,US,Texas,Oldham,4,1,0,35.40425596,-102.6027606,48359.0,189.3939393939394,25.0,3,4,1,0,3,4,2131,0,0,0,0,0
2020-06-19,US,Texas,Orange,135,3,0,30.11879481,-93.89412775,48361.0,161.8782675428078,2.2222222222222223,132,126,3,0,123,118,83572,9,0,0,9,8
2020-06-19,US,Texas,Palo Pinto,14,2,0,32.75310985,-98.31319001,48363.0,47.96327383603412,14.285714285714285,12,14,2,0,12,14,28875,0,0,0,0,0
2020-06-19,US,Texas,Panola,209,23,0,32.163959600000005,-94.30552481,48365.0,901.0951108045184,11.004784688995215,186,209,23,0,186,209,23148,0,0,0,0,0
2020-06-19,US,Texas,Parker,124,1,0,32.77757172,-97.80500621,48367.0,86.7873290499587,0.8064516129032258,123,120,1,0,119,118,138371,4,0,0,4,2
2020-06-19,US,Texas,Parmer,155,0,0,34.52993409,-102.7844668,48369.0,1613.7428422696512,0.0,155,139,0,0,139,132,9864,16,0,0,16,7
2020-06-19,US,Texas,Pecos,112,0,0,30.78097267,-102.7241261,48371.0,707.8303735069203,0.0,112,111,0,0,111,111,15673,1,0,0,1,0
2020-06-19,US,Texas,Polk,73,0,0,30.79472531,-94.8276624,48373.0,142.15333086674585,0.0,73,73,0,0,73,72,50031,0,0,0,0,1
2020-06-19,US,Texas,Potter,2819,39,0,35.40133773,-101.893964,48375.0,2400.8857471362257,1.3834693153600568,2780,2811,38,0,2773,2798,119648,8,1,0,7,13
2020-06-19,US,Texas,Presidio,11,0,0,29.99954402,-104.2408079,48377.0,164.08114558472553,0.0,11,11,0,0,11,11,6948,0,0,0,0,0
2020-06-19,US,Texas,Rains,7,0,0,32.87109387,-95.79232691,48379.0,55.93735016781204,0.0,7,6,0,0,6,6,12159,1,0,0,1,0
2020-06-19,US,Texas,Randall,771,6,0,34.96585996,-101.8971322,48381.0,559.8599986929338,0.7782101167315175,765,769,7,0,762,763,136271,2,-1,0,3,6
2020-06-19,US,Texas,Reagan,2,0,0,31.36607041,-101.5232659,48383.0,51.96154845414394,0.0,2,2,0,0,2,2,3741,0,0,0,0,0
2020-06-19,US,Texas,Real,1,0,0,29.83321503,-99.82018052,48385.0,28.968713789107767,0.0,1,1,0,0,1,1,3478,0,0,0,0,0
2020-06-19,US,Texas,Red River,96,8,0,33.61886692,-95.04841765,48387.0,798.4695999334607,8.333333333333334,88,95,8,0,87,95,12175,1,0,0,1,0
2020-06-19,US,Texas,Reeves,14,0,0,31.32323325,-103.6903896,48389.0,87.63144717075613,0.0,14,14,0,0,14,14,15695,0,0,0,0,0
2020-06-19,US,Texas,Refugio,6,0,0,28.3238976,-97.15766311,48391.0,86.35578583765113,0.0,6,6,0,0,6,6,7032,0,0,0,0,0
2020-06-19,US,Texas,Roberts,2,0,0,35.83809685,-100.813175,48393.0,234.192037470726,0.0,2,2,0,0,2,2,903,0,0,0,0,0
2020-06-19,US,Texas,Robertson,22,0,0,31.02539637,-96.51272246,48395.0,128.85088438561556,0.0,22,23,0,0,23,18,17284,-1,0,0,-1,5
2020-06-19,US,Texas,Rockwall,264,16,0,32.89779518,-96.40771592,48397.0,251.632273745413,6.0606060606060606,248,258,16,0,242,247,100657,6,0,0,6,11
2020-06-19,US,Texas,Runnels,3,0,0,31.8314342,-99.97616148,48399.0,29.228371005455962,0.0,3,2,0,0,2,2,10234,1,0,0,1,0
2020-06-19,US,Texas,Rusk,245,2,0,32.10773545,-94.76176432,48401.0,450.31797963459917,0.8163265306122449,243,241,2,0,239,233,54450,4,0,0,4,8
2020-06-19,US,Texas,Sabine,15,1,0,31.34318809,-93.85440451,48403.0,142.2879908935686,6.666666666666668,14,15,1,0,14,15,10589,0,0,0,0,0
2020-06-19,US,Texas,San Augustine,86,6,0,31.39457611,-94.17000399,48405.0,1044.0694427582857,6.9767441860465125,80,86,6,0,80,74,8232,0,0,0,0,12
2020-06-19,US,Texas,San Jacinto,23,0,0,30.57933681,-95.16260304,48407.0,79.69784122803978,0.0,23,22,0,0,22,22,28719,1,0,0,1,0
2020-06-19,US,Texas,San Patricio,66,0,0,28.00880118,-97.51763891,48409.0,98.90603926270045,0.0,66,62,0,0,62,58,66893,4,0,0,4,4
2020-06-19,US,Texas,San Saba,2,0,0,31.1577796,-98.81758731,48411.0,33.03055326176713,0.0,2,2,0,0,2,2,6054,0,0,0,0,0
2020-06-19,US,Texas,Schleicher,10,0,0,30.89740592,-100.5384842,48413.0,358.03795202291445,0.0,10,8,0,0,8,8,2895,2,0,0,2,0
2020-06-19,US,Texas,Scurry,29,0,0,32.74613808,-100.9162664,48415.0,173.6215051188409,0.0,29,29,0,0,29,28,16866,0,0,0,0,1
2020-06-19,US,Texas,Shackelford,1,0,0,32.73587756,-99.35401337,48417.0,30.627871362940283,0.0,1,1,0,0,1,1,3253,0,0,0,0,0
2020-06-19,US,Texas,Shelby,241,8,0,31.79211404,-94.14550696,48419.0,953.549101843792,3.319502074688797,233,235,8,0,227,230,25418,6,0,0,6,5
2020-06-19,US,Texas,Sherman,30,0,0,36.27751473,-101.8933156,48421.0,992.7200529450696,0.0,30,30,0,0,30,28,3079,0,0,0,0,2
2020-06-19,US,Texas,Smith,318,4,0,32.37474036,-95.2717568,48423.0,136.62669548143722,1.2578616352201255,314,310,4,0,306,297,230221,8,0,0,8,13
2020-06-19,US,Texas,Somervell,3,0,0,32.22236802,-97.77403489,48425.0,32.86590709903594,0.0,3,3,0,0,3,3,9016,0,0,0,0,0
2020-06-19,US,Texas,Starr,227,1,0,26.56150059,-98.73892358,48427.0,351.21377624433336,0.4405286343612335,226,220,1,0,219,166,64525,7,0,0,7,54
2020-06-19,US,Texas,Stephens,5,0,0,32.73553157,-98.83631615,48429.0,53.38458253256459,0.0,5,5,0,0,5,5,9433,0,0,0,0,0
2020-06-19,US,Texas,Sutton,1,0,0,30.49856623,-100.5382014,48435.0,26.483050847457623,0.0,1,,,,,,3758,,,,,
2020-06-19,US,Texas,Swisher,23,1,0,34.53028891,-101.7349174,48437.0,310.9368662971475,4.3478260869565215,22,23,1,0,22,23,7462,0,0,0,0,0
2020-06-19,US,Texas,Tarrant,8331,207,0,32.77143818,-97.29101614,48439.0,396.23974145249855,2.4846957148001443,8124,8099,205,0,7894,7822,2084931,232,2,0,230,277
2020-06-19,US,Texas,Taylor,268,5,0,32.30163422,-99.89007449,48441.0,194.15506324528735,1.8656716417910448,263,261,5,0,256,259,137640,7,0,0,7,2
2020-06-19,US,Texas,Terry,14,0,0,33.17402785,-102.3354521,48445.0,113.47977628272676,0.0,14,14,0,0,14,13,12287,0,0,0,0,1
2020-06-19,US,Texas,Throckmorton,1,0,0,33.17751417,-99.21226795,48447.0,66.62225183211193,0.0,1,1,0,0,1,1,1515,0,0,0,0,0
2020-06-19,US,Texas,Titus,729,5,0,33.21339719,-94.96797273,48449.0,2225.9541984732823,0.6858710562414266,724,719,5,0,714,719,33033,10,0,0,10,0
2020-06-19,US,Texas,Tom Green,223,1,0,31.40464436,-100.462443,48451.0,187.08053691275168,0.4484304932735426,222,214,1,0,213,164,118189,9,0,0,9,50
2020-06-19,US,Texas,Travis,4991,108,0,30.33432034,-97.7853562,48453.0,391.77238738604376,2.1638950110198363,4883,4991,108,0,4883,4771,1248743,0,0,0,0,220
2020-06-19,US,Texas,Trinity,21,0,0,31.0879489,-95.1367187,48455.0,143.33492594362158,0.0,21,21,0,0,21,20,14740,0,0,0,0,1
2020-06-19,US,Texas,Tyler,14,0,0,30.77031716,-94.37690895,48457.0,64.59948320413437,0.0,14,14,0,0,14,14,21696,0,0,0,0,0
2020-06-19,US,Texas,Upshur,41,0,0,32.73706798,-94.93999853,48459.0,98.19653677580055,0.0,41,41,0,0,41,42,41260,0,0,0,0,-1
2020-06-19,US,Texas,Upton,1,0,0,31.36868194,-102.0423217,48461.0,27.344818156959253,0.0,1,1,0,0,1,1,3671,0,0,0,0,0
2020-06-19,US,Texas,Uvalde,31,0,0,29.35739637,-99.76229172,48463.0,115.92685389476831,0.0,31,30,0,0,30,29,26846,1,0,0,1,1
2020-06-19,US,Texas,Val Verde,53,0,0,29.89149232,-101.1525205,48465.0,108.10810810810813,0.0,53,43,0,0,43,36,49208,10,0,0,10,7
2020-06-19,US,Texas,Van Zandt,54,3,0,32.56483801,-95.83766469,48467.0,95.42321965011486,5.5555555555555545,51,52,1,0,51,53,56019,2,2,0,0,-1
2020-06-19,US,Texas,Victoria,241,8,0,28.79780988,-96.96813006,48469.0,261.7175622257938,3.319502074688797,233,223,8,0,215,207,92035,18,0,0,18,16
2020-06-19,US,Texas,Walker,1890,28,0,30.73872995,-95.57440968,48471.0,2590.0700278192708,1.4814814814814814,1862,1885,28,0,1857,1879,72480,5,0,0,5,6
2020-06-19,US,Texas,Waller,104,0,0,30.01058447,-95.99011759,48473.0,188.24892299895012,0.0,104,100,0,0,100,99,53126,4,0,0,4,1
2020-06-19,US,Texas,Ward,7,0,0,31.50999644,-103.0927909,48475.0,58.343057176196034,0.0,7,7,0,0,7,7,11720,0,0,0,0,0
2020-06-19,US,Texas,Washington,222,26,0,30.21498498,-96.40946246,48477.0,618.6946101109191,11.711711711711711,196,222,26,0,196,219,35108,0,0,0,0,3
2020-06-19,US,Texas,Webb,854,22,0,27.7610369,-99.33237355,48479.0,308.69106314069666,2.5761124121779857,832,803,22,0,781,756,275910,51,0,0,51,47
2020-06-19,US,Texas,Wharton,114,1,0,29.27765923,-96.22319248,48481.0,274.3286168062374,0.8771929824561403,113,99,1,0,98,98,41619,15,0,0,15,1
2020-06-19,US,Texas,Wheeler,16,0,0,35.40114335,-100.2699514,48483.0,316.4556962025317,0.0,16,16,0,0,16,16,5191,0,0,0,0,0
2020-06-19,US,Texas,Wichita,150,2,0,33.98842886,-98.7041034,48485.0,113.43870528624365,1.3333333333333333,148,137,2,0,135,120,132064,13,0,0,13,17
2020-06-19,US,Texas,Wilbarger,7,0,0,34.07945812,-99.24178437,48487.0,54.82026783616571,0.0,7,7,0,0,7,7,12820,0,0,0,0,0
2020-06-19,US,Texas,Willacy,75,3,0,26.47411727,-97.61535848,48489.0,351.156475325405,4.0,72,71,3,0,68,65,21515,4,0,0,4,6
2020-06-19,US,Texas,Williamson,1159,32,0,30.64655664,-97.6004854,48491.0,196.25739351893398,2.76100086281277,1127,1114,32,0,1082,1068,566719,45,0,0,45,46
2020-06-19,US,Texas,Wilson,65,5,0,29.1732598,-98.08693082,48493.0,127.27628744859994,7.6923076923076925,60,55,5,0,50,53,50224,10,0,0,10,2
2020-06-19,US,Texas,Winkler,6,0,0,31.85008651,-103.0485163,48495.0,74.90636704119851,0.0,6,5,0,0,5,4,7720,1,0,0,1,1
2020-06-19,US,Texas,Wise,62,5,0,33.21570665,-97.65460265,48497.0,88.59167809785093,8.064516129032258,57,62,5,0,57,58,68305,0,0,0,0,4
2020-06-19,US,Texas,Wood,70,5,0,32.78722382,-95.38236368,48499.0,153.71439864731332,7.142857142857142,65,66,5,0,61,62,45129,4,0,0,4,4
2020-06-19,US,Texas,Yoakum,11,0,0,33.17320212,-102.8276433,48501.0,126.24813497073342,0.0,11,11,0,0,11,10,8591,0,0,0,0,1
2020-06-19,US,Texas,Young,16,1,0,33.17659707,-98.68790885,48503.0,88.83953359244866,6.25,15,15,1,0,14,15,18045,1,0,0,1,0
2020-06-19,US,Texas,Zapata,31,0,0,27.00156391,-99.16987152,48505.0,218.6331899287679,0.0,31,31,0,0,31,24,14190,0,0,0,0,7
2020-06-19,US,Texas,Zavala,13,0,0,28.86617238,-99.76050829,48507.0,109.79729729729729,0.0,13,13,0,0,13,13,11983,0,0,0,0,0
2020-06-19,US,Utah,Bear River,1188,2,0,41.52106798,-113.0832816,0.0,635.9130276525816,0.16835016835016836,1186,1126,2,0,1124,1096,,62,0,0,62,30
2020-06-19,US,Utah,Central Utah,89,0,0,39.37231946,-111.5758676,0.0,108.59750591795398,0.0,89,81,0,0,81,81,,8,0,0,8,0
2020-06-19,US,Utah,Davis,775,4,0,40.99001837,-112.1139997,49011.0,218.01446490811043,0.5161290322580645,771,739,4,0,735,715,351713,36,0,0,36,24
2020-06-19,US,Utah,Salt Lake,8363,102,0,40.66616532,-111.9216011,49035.0,720.6767795235761,1.2196580174578502,8261,8083,100,0,7983,7809,1152633,280,2,0,278,274
2020-06-19,US,Utah,San Juan,380,7,0,37.62762978,-109.80337140000002,49037.0,2482.3621635746013,1.8421052631578947,373,374,7,0,367,367,15449,6,0,0,6,7
2020-06-19,US,Utah,Southeast Utah,31,0,0,38.99617072,-110.7013958,0.0,77.05883815158221,0.0,31,30,0,0,30,29,,1,0,0,1,1
2020-06-19,US,Utah,Southwest Utah,974,9,0,37.85447192,-111.4418764,0.0,386.443529253061,0.9240246406570842,965,919,9,0,910,889,,55,0,0,55,30
2020-06-19,US,Utah,Summit,455,0,0,40.86688146,-110.9535882,49043.0,1079.6061217226243,0.0,455,453,0,0,453,451,41933,2,0,0,2,2
2020-06-19,US,Utah,Tooele,188,0,0,40.44862644,-113.1295715,49045.0,260.17520308888857,0.0,188,184,0,0,184,181,69907,4,0,0,4,3
2020-06-19,US,Utah,TriCounty,38,0,0,40.12491499,-109.5174415,0.0,67.11172335841192,0.0,38,33,0,0,33,33,,5,0,0,5,0
2020-06-19,US,Utah,Utah,2957,19,0,40.1166722,-111.6657662,49049.0,464.76537757275213,0.6425431180250254,2938,2861,19,0,2842,2776,622213,96,0,0,96,85
2020-06-19,US,Utah,Wasatch,371,3,0,40.33110236,-111.1691419,49051.0,1088.2637646299609,0.8086253369272237,368,368,2,0,366,362,33240,3,1,0,2,6
2020-06-19,US,Utah,Weber-Morgan,616,9,0,41.27116049,-111.9145117,0.0,226.19034505043385,1.4610389610389611,607,588,9,0,579,555,,28,0,0,28,33
2020-06-19,US,Vermont,Addison,67,2,0,44.03217337,-73.14130877,50001.0,182.1790793158768,2.985074626865672,65,67,2,0,65,66,36973,0,0,0,0,1
2020-06-19,US,Vermont,Bennington,69,1,0,43.03519828,-73.09048868,50003.0,194.5305892303355,1.4492753623188406,68,68,1,0,67,67,35631,1,0,0,1,1
2020-06-19,US,Vermont,Caledonia,16,0,0,44.46548598,-72.10314651,50005.0,53.34578068215917,0.0,16,16,0,0,16,16,30302,0,0,0,0,0
2020-06-19,US,Vermont,Chittenden,579,39,0,44.46322849,-73.08359212,50007.0,353.5359703005361,6.735751295336788,540,574,39,0,535,572,164572,5,0,0,5,2
2020-06-19,US,Vermont,Essex,3,0,0,44.72736416,-71.73579864,50009.0,48.67759208177836,0.0,3,3,0,0,3,3,6250,0,0,0,0,0
2020-06-19,US,Vermont,Franklin,102,6,0,44.85627605,-72.91249563,50011.0,206.4693737095664,5.882352941176472,96,102,6,0,96,102,49421,0,0,0,0,0
2020-06-19,US,Vermont,Grand Isle,8,0,0,44.7975824,-73.29679772,50013.0,110.573600552868,0.0,8,8,0,0,8,8,7090,0,0,0,0,0
2020-06-19,US,Vermont,Lamoille,30,1,0,44.60353043,-72.64356694,50015.0,118.28720132481665,3.333333333333333,29,29,1,0,28,29,25300,1,0,0,1,0
2020-06-19,US,Vermont,Orange,9,0,0,44.00470222,-72.37640104,50017.0,31.150491485532328,0.0,9,9,0,0,9,9,28999,0,0,0,0,0
2020-06-19,US,Vermont,Orleans,14,0,0,44.82964024,-72.24562697,50019.0,51.78089285053815,0.0,14,13,0,0,13,13,26907,1,0,0,1,0
2020-06-19,US,Vermont,Rutland,61,1,0,43.57723578,-73.03741676,50021.0,104.82720695640221,1.639344262295082,60,60,1,0,59,59,58672,1,0,0,1,1
2020-06-19,US,Vermont,Unassigned,5,0,0,0.0,0.0,90050.0,0.0,0.0,5,5,0,0,5,5,,0,0,0,0,0
2020-06-19,US,Vermont,Washington,41,1,0,44.27343241,-72.61604978,50023.0,70.19466178157475,2.4390243902439024,40,41,1,0,40,41,58140,0,0,0,0,0
2020-06-19,US,Vermont,Windham,85,3,0,42.986982,-72.71268875,50025.0,201.31684903604759,3.5294117647058822,82,85,3,0,82,85,42756,0,0,0,0,0
2020-06-19,US,Vermont,Windsor,55,2,0,43.58010937,-72.58595157,50027.0,99.88739965856672,3.636363636363636,53,55,2,0,53,55,55286,0,0,0,0,0
2020-06-19,US,Virginia,Accomack,1022,14,0,37.76707161,-75.63234615,51001.0,3162.5201138754796,1.3698630136986298,1008,1018,14,0,1004,1018,32412,4,0,0,4,0
2020-06-19,US,Virginia,Albemarle,304,8,0,38.02080697,-78.55481085,51003.0,278.05725784322686,2.631578947368421,296,302,8,0,294,293,108718,2,0,0,2,9
2020-06-19,US,Virginia,Alexandria,2198,48,0,38.814003,-77.08183073,51510.0,1378.6787766264395,2.1838034576888083,2150,2186,48,0,2138,2175,160530,12,0,0,12,11
2020-06-19,US,Virginia,Alleghany,30,2,0,37.78636074,-80.00222498,51005.0,201.88425302826383,6.666666666666668,28,30,2,0,28,30,14910,0,0,0,0,0
2020-06-19,US,Virginia,Amelia,41,1,0,37.34081025,-77.98584649,51007.0,311.9056675542031,2.4390243902439024,40,39,1,0,38,38,13013,2,0,0,2,1
2020-06-19,US,Virginia,Amherst,28,0,0,37.60308293,-79.14548696,51009.0,88.59357696566998,0.0,28,28,0,0,28,28,31666,0,0,0,0,0
2020-06-19,US,Virginia,Appomattox,35,0,0,37.37569884,-78.81340003,51011.0,219.9736031676199,0.0,35,34,0,0,34,34,15841,1,0,0,1,0
2020-06-19,US,Virginia,Arlington,2396,126,0,38.8767675,-77.10139853,51013.0,1011.6448940643975,5.258764607679466,2270,2382,126,0,2256,2372,237521,14,0,0,14,10
2020-06-19,US,Virginia,Augusta,166,2,0,38.16404586,-79.12461614,51015.0,219.6987744514148,1.2048192771084338,164,164,2,0,162,157,75457,2,0,0,2,7
2020-06-19,US,Virginia,Bedford,95,2,0,37.3080028,-79.5281964,51019.0,120.25773130625214,2.1052631578947367,93,94,2,0,92,96,78747,1,0,0,1,-2
2020-06-19,US,Virginia,Bland,1,0,0,37.13128068,-81.13599391,51021.0,15.92356687898089,0.0,1,,,,,,6293,,,,,
2020-06-19,US,Virginia,Botetourt,55,4,0,37.55531756,-79.80982182,51023.0,164.57703701487182,7.272727272727272,51,51,4,0,47,51,33277,4,0,0,4,0
2020-06-19,US,Virginia,Bristol,4,0,0,36.6163024,-82.16359122,51520.0,23.863500775563768,0.0,4,4,0,0,4,4,16482,0,0,0,0,0
2020-06-19,US,Virginia,Brunswick,90,1,0,36.76366949,-77.8593436,51025.0,554.4944858603906,1.1111111111111112,89,72,1,0,71,59,16384,18,0,0,18,13
2020-06-19,US,Virginia,Buchanan,18,0,0,37.26818323,-82.03749726,51027.0,85.69796229289659,0.0,18,18,0,0,18,18,21221,0,0,0,0,0
2020-06-19,US,Virginia,Buckingham,552,3,0,37.57242268,-78.52518834,51029.0,3219.034289713086,0.5434782608695652,549,552,3,0,549,542,16999,0,0,0,0,10
2020-06-19,US,Virginia,Buena Vista,12,0,0,37.73484642,-79.35296097,51530.0,185.24235875270145,0.0,12,12,0,0,12,12,6237,0,0,0,0,0
2020-06-19,US,Virginia,Campbell,30,1,0,37.20553386,-79.09678609,51031.0,54.65974309920743,3.333333333333333,29,28,1,0,27,28,54973,2,0,0,2,0
2020-06-19,US,Virginia,Caroline,121,4,0,38.02679129,-77.34901405,51033.0,393.81611065907236,3.3057851239669422,117,119,4,0,115,116,30772,2,0,0,2,3
2020-06-19,US,Virginia,Carroll,187,5,0,36.73066666,-80.73455942,51035.0,627.7063542680676,2.6737967914438503,182,178,5,0,173,177,29636,9,0,0,9,1
2020-06-19,US,Virginia,Charles City,35,2,0,37.35358063,-77.05634116,51036.0,502.6569007611661,5.7142857142857135,33,34,3,0,31,34,6941,1,-1,0,2,0
2020-06-19,US,Virginia,Charlotte,30,0,0,37.01909701,-78.66314092,51037.0,252.52525252525248,0.0,30,30,0,0,30,30,11938,0,0,0,0,0
2020-06-19,US,Virginia,Charlottesville,164,3,0,38.03527919,-78.48569588,51540.0,346.9724537722676,1.8292682926829267,161,164,3,0,161,161,48117,0,0,0,0,3
2020-06-19,US,Virginia,Chesapeake,709,16,0,36.67670048,-76.30545744,51550.0,289.5827802397533,2.2566995768688294,693,697,16,0,681,684,242634,12,0,0,12,13
2020-06-19,US,Virginia,Chesterfield,2456,46,0,37.37373208,-77.58680140000001,51041.0,696.1411783379912,1.8729641693811077,2410,2375,40,0,2335,2316,348556,81,6,0,75,59
2020-06-19,US,Virginia,Clarke,44,0,0,39.11271747,-77.99199425,51043.0,300.9781790820165,0.0,44,43,0,0,43,40,14523,1,0,0,1,3
2020-06-19,US,Virginia,Colonial Heights,126,17,0,37.26420587,-77.39609676,51570.0,725.3886010362694,13.492063492063492,109,119,17,0,102,117,17833,7,0,0,7,2
2020-06-19,US,Virginia,Covington,4,0,0,37.7824656,-79.98631446,51580.0,72.22824124232575,0.0,4,4,0,0,4,4,5460,0,0,0,0,0
2020-06-19,US,Virginia,Craig,6,0,0,37.48133648,-80.21072274,51045.0,116.93626973299551,0.0,6,6,0,0,6,6,5064,0,0,0,0,0
2020-06-19,US,Virginia,Culpeper,792,9,0,38.48199985,-77.95630870000002,51047.0,1505.5603079555176,1.1363636363636365,783,790,9,0,781,790,51859,2,0,0,2,0
2020-06-19,US,Virginia,Cumberland,50,0,0,37.51328851,-78.24398086,51049.0,503.4232782923882,0.0,50,50,0,0,50,50,9809,0,0,0,0,0
2020-06-19,US,Virginia,Danville,68,2,0,36.58022376,-79.40395668,51590.0,169.81320547397863,2.9411764705882355,66,68,2,0,66,66,40693,0,0,0,0,2
2020-06-19,US,Virginia,Dickenson,1,0,0,37.12560977,-82.35124171,51051.0,6.984215672579969,0.0,1,1,0,0,1,1,14523,0,0,0,0,0
2020-06-19,US,Virginia,Dinwiddie,118,0,0,37.07544585,-77.63451754,51053.0,413.3968609865471,0.0,118,114,0,0,114,113,28529,4,0,0,4,1
2020-06-19,US,Virginia,Emporia,112,6,0,36.69455571,-77.53406129,51595.0,2095.02431724654,5.357142857142857,106,107,6,0,101,106,5121,5,0,0,5,1
2020-06-19,US,Virginia,Essex,54,0,0,37.93357639,-76.94230311,51057.0,493.0156121610517,0.0,54,54,0,0,54,53,10919,0,0,0,0,1
2020-06-19,US,Virginia,Fairfax,13244,432,0,38.83677558,-77.27565836,51059.0,1154.1290351815894,3.261854424645122,12812,13209,431,0,12778,13153,1150795,35,1,0,34,56
2020-06-19,US,Virginia,Fairfax,13244,432,0,38.83677558,-77.27565836,51059.0,1154.1290351815894,3.261854424645122,12812,13209,431,0,12778,13153,24574,35,1,0,34,56
2020-06-19,US,Virginia,Fairfax City,67,6,0,38.85157547,-77.29779640000002,51600.0,278.9458345476498,8.955223880597012,61,67,6,0,61,68,24574,0,0,0,0,-1
2020-06-19,US,Virginia,Falls Church,58,7,0,38.88485255,-77.17560759,51610.0,396.79824861462686,12.06896551724138,51,58,7,0,51,58,14772,0,0,0,0,0
2020-06-19,US,Virginia,Fauquier,401,6,0,38.73564842,-77.80647472,51061.0,563.0282777793377,1.4962593516209477,395,399,6,0,393,398,70675,2,0,0,2,1
2020-06-19,US,Virginia,Floyd,10,1,0,36.9302126,-80.36738849,51063.0,63.4960949901581,10.0,9,10,1,0,9,10,15795,0,0,0,0,0
2020-06-19,US,Virginia,Fluvanna,103,6,0,37.84157909,-78.27715475,51065.0,377.7044371103777,5.825242718446603,97,103,6,0,97,103,26783,0,0,0,0,0
2020-06-19,US,Virginia,Franklin,48,1,0,36.99536167,-79.88023649,51067.0,85.65004817815209,2.083333333333333,47,46,1,0,45,46,56195,2,0,0,2,0
2020-06-19,US,Virginia,Franklin,48,1,0,36.99536167,-79.88023649,51067.0,85.65004817815209,2.083333333333333,47,46,1,0,45,46,8013,2,0,0,2,0
2020-06-19,US,Virginia,Franklin City,44,2,0,36.6831435,-76.93859681,51620.0,552.2781473578511,4.545454545454546,42,44,2,0,42,44,8013,0,0,0,0,0
2020-06-19,US,Virginia,Frederick,446,4,0,39.20172582,-78.25974949,51069.0,499.3673933246,0.8968609865470852,442,444,4,0,440,440,88355,2,0,0,2,4
2020-06-19,US,Virginia,Fredericksburg,219,0,0,38.2977863,-77.4922454,51630.0,754.2361206777794,0.0,219,218,0,0,218,215,29144,1,0,0,1,3
2020-06-19,US,Virginia,Galax,217,11,0,36.66601852,-80.91703124,51640.0,3418.9380809831423,5.0691244239631335,206,211,11,0,200,208,6423,6,0,0,6,3
2020-06-19,US,Virginia,Giles,6,0,0,37.31234791,-80.70636931,51071.0,35.88516746411483,0.0,6,6,0,0,6,6,16844,0,0,0,0,0
2020-06-19,US,Virginia,Gloucester,41,1,0,37.40809042,-76.53524337,51073.0,109.77830138160007,2.4390243902439024,40,40,1,0,39,38,37349,1,0,0,1,2
2020-06-19,US,Virginia,Goochland,115,6,0,37.71714806,-77.90381514,51075.0,484.14937060581815,5.217391304347826,109,116,6,0,110,116,23244,-1,0,0,-1,0
2020-06-19,US,Virginia,Grayson,74,2,0,36.65677234,-81.23215889,51077.0,475.88424437299034,2.702702702702702,72,69,2,0,67,68,15631,5,0,0,5,1
2020-06-19,US,Virginia,Greene,48,1,0,38.29545894,-78.46525378,51079.0,242.19183611685762,2.083333333333333,47,48,1,0,47,46,19779,0,0,0,0,2
2020-06-19,US,Virginia,Greensville,344,7,0,36.67878901,-77.56351439,51081.0,3034.5800988002825,2.0348837209302326,337,344,7,0,337,343,11627,0,0,0,0,1
2020-06-19,US,Virginia,Halifax,39,1,0,36.76654925,-78.93512622,51083.0,115.00692990475069,2.5641025641025643,38,39,1,0,38,39,34120,0,0,0,0,0
2020-06-19,US,Virginia,Hampton,252,5,0,37.03513786,-76.35879121,51650.0,187.34666567541447,1.984126984126984,247,251,5,0,246,248,134313,1,0,0,1,3
2020-06-19,US,Virginia,Hanover,387,25,0,37.7583355,-77.49464673,51085.0,359.1114080507767,6.459948320413438,362,380,25,0,355,378,107239,7,0,0,7,2
2020-06-19,US,Virginia,Harrisonburg,874,23,0,38.43542574,-78.87536254,51660.0,1648.5589256073638,2.631578947368421,851,870,23,0,847,864,54033,4,0,0,4,6
2020-06-19,US,Virginia,Henrico,2368,138,0,37.53460572,-77.39326555,51087.0,715.8014376484955,5.827702702702703,2230,2342,139,0,2203,2332,329261,26,-1,0,27,10
2020-06-19,US,Virginia,Henry,224,3,0,36.68542395,-79.87634026,51089.0,443.06426409794886,1.3392857142857142,221,214,3,0,211,212,50953,10,0,0,10,2
2020-06-19,US,Virginia,Highland,3,0,0,38.35799465,-79.56124594,51091.0,136.98630136986299,0.0,3,3,0,0,3,3,2210,0,0,0,0,0
2020-06-19,US,Virginia,Hopewell,151,2,0,37.29186313,-77.29754684,51670.0,670.2472368946691,1.3245033112582782,149,150,2,0,148,149,22596,1,0,0,1,1
2020-06-19,US,Virginia,Isle of Wight,159,8,0,36.90579348,-76.70842863,51093.0,428.46748767145436,5.031446540880503,151,158,8,0,150,158,36953,1,0,0,1,0
2020-06-19,US,Virginia,James City,238,15,0,37.31156958,-76.76950618,51095.0,311.01760255086714,6.302521008403361,223,237,15,0,222,236,76397,1,0,0,1,1
2020-06-19,US,Virginia,King George,95,4,0,38.26818502,-77.15852768,51099.0,354.0020867491429,4.2105263157894735,91,95,4,0,91,93,26575,0,0,0,0,2
2020-06-19,US,Virginia,King William,33,0,0,37.70965316,-77.09384941,51101.0,192.44226731980405,0.0,33,33,0,0,33,33,16939,0,0,0,0,0
2020-06-19,US,Virginia,King and Queen,24,1,0,37.71044922,-76.88689628,51097.0,341.6370106761566,4.166666666666667,23,24,1,0,23,24,7042,0,0,0,0,0
2020-06-19,US,Virginia,Lancaster,11,0,0,37.71889653,-76.46400482,51103.0,103.74422333301895,0.0,11,11,0,0,11,11,10783,0,0,0,0,0
2020-06-19,US,Virginia,Lee,9,0,0,36.70586667,-83.12606515,51105.0,38.42377150663877,0.0,9,9,0,0,9,9,23541,0,0,0,0,0
2020-06-19,US,Virginia,Lexington,8,0,0,37.78258621,-79.44262866,51678.0,107.44023636851999,0.0,8,8,0,0,8,8,7136,0,0,0,0,0
2020-06-19,US,Virginia,Loudoun,3504,82,0,39.08990083,-77.63481877,51107.0,847.3223742437214,2.3401826484018264,3422,3499,82,0,3417,3458,406850,5,0,0,5,41
2020-06-19,US,Virginia,Louisa,102,1,0,37.97850256,-77.96274807,51109.0,271.3415445186348,0.9803921568627452,101,102,1,0,101,101,36778,0,0,0,0,1
2020-06-19,US,Virginia,Lunenburg,21,0,0,36.94618528,-78.24133319,51111.0,172.18760249262056,0.0,21,21,0,0,21,21,12086,0,0,0,0,0
2020-06-19,US,Virginia,Lynchburg,105,1,0,37.40021399,-79.19888138,51680.0,127.78697303086359,0.9523809523809524,104,99,1,0,98,96,82126,6,0,0,6,3
2020-06-19,US,Virginia,Madison,42,1,0,38.41531222,-78.28220331,51113.0,316.7181962144635,2.380952380952381,41,42,1,0,41,42,13295,0,0,0,0,0
2020-06-19,US,Virginia,Manassas,1352,16,0,38.7464321,-77.48509905,51683.0,3290.738712425459,1.183431952662722,1336,1337,14,0,1323,1320,41641,15,2,0,13,17
2020-06-19,US,Virginia,Manassas Park,402,5,0,38.77058531,-77.44399307,51685.0,2300.0343288705803,1.243781094527363,397,393,6,0,387,390,17307,9,-1,0,10,3
2020-06-19,US,Virginia,Martinsville,59,1,0,36.68212094,-79.86352771,51690.0,469.9697307631034,1.6949152542372878,58,58,1,0,57,58,12902,1,0,0,1,0
2020-06-19,US,Virginia,Mathews,5,0,0,37.44164146,-76.34098896,51115.0,56.599501924383055,0.0,5,5,0,0,5,5,8802,0,0,0,0,0
2020-06-19,US,Virginia,Mecklenburg,234,24,0,36.67882005,-78.36131056,51117.0,765.0308954784712,10.256410256410255,210,233,24,0,209,231,30650,1,0,0,1,2
2020-06-19,US,Virginia,Middlesex,14,0,0,37.63191998,-76.55064617,51119.0,132.3001323001323,0.0,14,14,0,0,14,14,10769,0,0,0,0,0
2020-06-19,US,Virginia,Montgomery,97,2,0,37.17746986,-80.37868691,51121.0,98.4421779063277,2.061855670103093,95,97,2,0,95,97,98985,0,0,0,0,0
2020-06-19,US,Virginia,Nelson,18,0,0,37.78790447,-78.88498513,51125.0,120.56262558606831,0.0,18,18,0,0,18,18,14836,0,0,0,0,0
2020-06-19,US,Virginia,New Kent,48,1,0,37.50694406,-76.99828634,51127.0,207.87319734961673,2.083333333333333,47,48,1,0,47,47,22391,0,0,0,0,1
2020-06-19,US,Virginia,Newport News,410,10,0,37.08166899,-76.51754109,51700.0,228.76272841400475,2.4390243902439024,400,402,10,0,392,399,178626,8,0,0,8,3
2020-06-19,US,Virginia,Norfolk,707,7,0,36.89934014,-76.26420872,51710.0,291.2557365433258,0.99009900990099,700,704,7,0,697,698,244076,3,0,0,3,6
2020-06-19,US,Virginia,Northampton,267,27,0,37.34062933,-75.87751591,51131.0,2280.1024765157986,10.112359550561797,240,267,27,0,240,265,11735,0,0,0,0,2
2020-06-19,US,Virginia,Northumberland,28,1,0,37.89202088,-76.41949732,51133.0,231.50062009094668,3.571428571428572,27,27,1,0,26,27,12147,1,0,0,1,0
2020-06-19,US,Virginia,Norton,2,0,0,36.93357076,-82.62750411,51720.0,50.23863350916855,0.0,2,2,0,0,2,2,3968,0,0,0,0,0
2020-06-19,US,Virginia,Nottoway,80,0,0,37.1435975,-78.05065922,51135.0,525.2100840336135,0.0,80,74,0,0,74,68,15420,6,0,0,6,6
2020-06-19,US,Virginia,Orange,136,2,0,38.24530219,-78.01560400000002,51137.0,367.0616177701008,1.4705882352941178,134,136,2,0,134,135,36644,0,0,0,0,1
2020-06-19,US,Virginia,Page,261,24,0,38.61807452,-78.48797204,51139.0,1091.9588318969124,9.195402298850574,237,259,24,0,235,256,23933,2,0,0,2,3
2020-06-19,US,Virginia,Patrick,36,0,0,36.6801638,-80.2865648,51141.0,204.45252158109952,0.0,36,36,0,0,36,33,17673,0,0,0,0,3
2020-06-19,US,Virginia,Petersburg,197,3,0,37.20530399,-77.39368102,51730.0,628.4693421808205,1.5228426395939083,194,196,3,0,193,194,31567,1,0,0,1,2
2020-06-19,US,Virginia,Pittsylvania,76,1,0,36.81980341,-79.39731264,51143.0,125.92371673791298,1.3157894736842106,75,76,1,0,75,73,60949,0,0,0,0,3
2020-06-19,US,Virginia,Poquoson,12,0,0,37.14259351,-76.35798148,51735.0,97.79154103170076,0.0,12,12,0,0,12,12,12190,0,0,0,0,0
2020-06-19,US,Virginia,Portsmouth,405,13,0,36.85914825,-76.35971629,51740.0,429.03451344308144,3.2098765432098766,392,402,13,0,389,395,94632,3,0,0,3,7
2020-06-19,US,Virginia,Powhatan,59,2,0,37.55016038,-77.91267882,51145.0,198.97477404559558,3.3898305084745757,57,55,0,0,55,54,29189,4,2,0,2,1
2020-06-19,US,Virginia,Prince Edward,173,3,0,37.22554789,-78.43597949,51147.0,758.7053767213401,1.7341040462427746,170,173,3,0,170,171,22950,0,0,0,0,2
2020-06-19,US,Virginia,Prince George,179,0,0,37.18497668,-77.22922187,51149.0,466.71707558730736,0.0,179,170,0,0,170,169,38082,9,0,0,9,1
2020-06-19,US,Virginia,Prince William,6756,131,0,38.70916224,-77.48713689,51153.0,1436.4229751134826,1.9390171699230316,6625,6684,127,0,6557,6654,468011,72,4,0,68,30
2020-06-19,US,Virginia,Pulaski,31,1,0,37.06474963,-80.71229738,51155.0,91.1041231962853,3.2258064516129035,30,31,1,0,30,30,34066,0,0,0,0,1
2020-06-19,US,Virginia,Radford,9,0,0,37.12222899,-80.56027320000003,51750.0,49.317770836758186,0.0,9,9,0,0,9,9,18339,0,0,0,0,0
2020-06-19,US,Virginia,Rappahannock,16,0,0,38.68295619,-78.15826963,51157.0,217.09633649932158,0.0,16,16,0,0,16,17,7252,0,0,0,0,-1
2020-06-19,US,Virginia,Richmond,301,7,0,37.937575,-76.72920628,51159.0,3335.919317300233,2.3255813953488373,294,295,5,0,290,294,9038,6,2,0,4,1
2020-06-19,US,Virginia,Richmond City,1929,29,0,37.53255773,-77.47966921,51760.0,837.1087850856637,1.503369621565578,1900,1895,29,0,1866,1872,228783,34,0,0,34,23
2020-06-19,US,Virginia,Roanoke,161,5,0,37.26865804,-80.06396753,51161.0,170.93835601894125,3.1055900621118013,156,149,5,0,144,148,94073,12,0,0,12,1
2020-06-19,US,Virginia,Roanoke City,291,10,0,37.27791025,-79.96189766,51770.0,293.5154272112,3.436426116838488,281,277,10,0,267,277,99920,14,0,0,14,0
2020-06-19,US,Virginia,Rockbridge,18,0,0,37.81204314,-79.44605905,51163.0,79.74128383466973,0.0,18,18,0,0,18,18,22752,0,0,0,0,0
2020-06-19,US,Virginia,Rockingham,646,7,0,38.51006137,-78.87260325,51165.0,788.3047786401132,1.08359133126935,639,641,7,0,634,636,81244,5,0,0,5,5
2020-06-19,US,Virginia,Russell,9,0,0,36.93028320000001,-82.10095486,51167.0,33.852403520649965,0.0,9,9,0,0,9,9,26748,0,0,0,0,0
2020-06-19,US,Virginia,Salem,49,3,0,37.2836193,-80.06219455,51775.0,193.66823445713607,6.1224489795918355,46,48,3,0,45,48,25643,1,0,0,1,0
2020-06-19,US,Virginia,Scott,8,2,0,36.71466456,-82.60171704,51169.0,37.095427988500425,25.0,6,8,2,0,6,8,21534,0,0,0,0,0
2020-06-19,US,Virginia,Shenandoah,534,27,0,38.85905135,-78.56813762,51171.0,1224.3213499633162,5.056179775280898,507,530,27,0,503,522,43497,4,0,0,4,8
2020-06-19,US,Virginia,Smyth,30,0,0,36.84455636,-81.53344948,51173.0,99.65453095934096,0.0,30,28,0,0,28,26,30472,2,0,0,2,2
2020-06-19,US,Virginia,Southampton,154,2,0,36.72231125,-77.10642712,51175.0,873.4615166468152,1.2987012987012987,152,154,2,0,152,154,17586,0,0,0,0,0
2020-06-19,US,Virginia,Spotsylvania,874,19,0,38.18574462,-77.655399,51177.0,641.632712990493,2.1739130434782608,855,862,17,0,845,858,134238,12,2,0,10,4
2020-06-19,US,Virginia,Stafford,921,5,0,38.41758738,-77.45917053,51179.0,602.4253999816852,0.5428881650380022,916,917,5,0,912,906,149960,4,0,0,4,11
2020-06-19,US,Virginia,Staunton,62,0,0,38.15965544,-79.05979937,51790.0,248.6763998074764,0.0,62,62,0,0,62,61,24922,0,0,0,0,1
2020-06-19,US,Virginia,Suffolk,353,34,0,36.70155394,-76.63603554,51800.0,383.2457549832805,9.63172804532578,319,349,34,0,315,348,91185,4,0,0,4,1
2020-06-19,US,Virginia,Surry,13,1,0,37.11781893,-76.88450012,51181.0,202.4291497975709,7.6923076923076925,12,13,1,0,12,13,6474,0,0,0,0,0
2020-06-19,US,Virginia,Sussex,185,2,0,36.92432914,-77.25791182,51183.0,1657.8546464736985,1.0810810810810811,183,185,2,0,183,184,11237,0,0,0,0,1
2020-06-19,US,Virginia,Tazewell,9,0,0,37.12191123,-81.56685568,51185.0,22.170218007143742,0.0,9,9,0,0,9,9,40855,0,0,0,0,0
2020-06-19,US,Virginia,Virginia Beach,950,27,0,36.73285734,-76.04566934,51810.0,211.12330934676223,2.8421052631578947,923,936,27,0,909,923,450189,14,0,0,14,13
2020-06-19,US,Virginia,Warren,235,4,0,38.90847745,-78.20280433,51187.0,585.1010855492481,1.702127659574468,231,234,4,0,230,233,40003,1,0,0,1,1
2020-06-19,US,Virginia,Washington,58,4,0,36.72341572,-81.95666289,51191.0,107.9270561965017,6.896551724137932,54,58,4,0,54,58,54402,0,0,0,0,0
2020-06-19,US,Virginia,Waynesboro,61,0,0,38.06451466,-78.90293905,51820.0,269.5536897923111,0.0,61,61,0,0,61,58,22628,0,0,0,0,3
2020-06-19,US,Virginia,Westmoreland,87,1,0,38.11021557,-76.80213247,51193.0,482.9308909242298,1.1494252873563218,86,87,1,0,86,87,17830,0,0,0,0,0
2020-06-19,US,Virginia,Williamsburg,54,5,0,37.28131268,-76.70905141,51830.0,361.10739601444425,9.25925925925926,49,54,5,0,49,54,14896,0,0,0,0,0
2020-06-19,US,Virginia,Winchester,278,3,0,39.17054517,-78.17325058,51840.0,990.0990099009903,1.0791366906474822,275,276,3,0,273,273,28108,2,0,0,2,3
2020-06-19,US,Virginia,Wise,27,2,0,36.9746148,-82.62410519,51195.0,72.22534307037958,7.407407407407407,25,27,2,0,25,27,38012,0,0,0,0,0
2020-06-19,US,Virginia,Wythe,42,1,0,36.91582035,-81.07834059,51197.0,146.42309301352668,2.380952380952381,41,42,1,0,41,42,28754,0,0,0,0,0
2020-06-19,US,Virginia,York,97,3,0,37.24374789,-76.54412815,51199.0,142.0620972466315,3.0927835051546397,94,94,3,0,91,94,67846,3,0,0,3,0
2020-06-19,US,Washington,Adams,102,0,0,46.98299757,-118.5601734,53001.0,510.43386878847014,0.0,102,101,0,0,101,101,19759,1,0,0,1,0
2020-06-19,US,Washington,Asotin,20,2,0,46.18894415,-117.2022851,53003.0,88.56611460455228,10.0,18,20,2,0,18,20,22610,0,0,0,0,0
2020-06-19,US,Washington,Benton,1313,75,0,46.23946995,-119.5120834,53005.0,642.3993346054112,5.712109672505712,1238,1268,75,0,1193,1236,201877,45,0,0,45,32
2020-06-19,US,Washington,Chelan,278,6,0,47.87046092,-120.6173956,53007.0,360.1036269430052,2.1582733812949644,272,279,6,0,273,276,77036,-1,0,0,-1,3
2020-06-19,US,Washington,Clallam,33,0,0,48.04754642,-123.9226319,53009.0,42.673701361679015,0.0,33,32,0,0,32,32,76737,1,0,0,1,0
2020-06-19,US,Washington,Clark,635,29,0,45.77568046,-122.4829204,53011.0,130.0587210004895,4.5669291338582685,606,638,28,0,610,630,481857,-3,1,0,-4,8
2020-06-19,US,Washington,Columbia,2,0,0,46.29442881,-117.9051983,53013.0,50.188205771643666,0.0,2,1,0,0,1,1,4059,1,0,0,1,0
2020-06-19,US,Washington,Cowlitz,130,0,0,46.19074721,-122.6782231,53015.0,117.54812691580841,0.0,130,124,0,0,124,120,108987,6,0,0,6,4
2020-06-19,US,Washington,Douglas,186,3,0,47.7361335,-119.692937,53017.0,428.2852471850607,1.6129032258064515,183,189,3,0,186,184,42907,-3,0,0,-3,5
2020-06-19,US,Washington,Ferry,1,0,0,48.471143100000006,-118.5154041,53019.0,13.111315064901008,0.0,1,1,0,0,1,1,7649,0,0,0,0,0
2020-06-19,US,Washington,Franklin,1113,29,0,46.53351425,-118.9018212,53021.0,1168.8475352334544,2.605570530098832,1084,1081,28,0,1053,1044,94347,32,1,0,31,37
2020-06-19,US,Washington,Grant,348,4,0,47.20753737,-119.4500749,53025.0,356.0721557713362,1.1494252873563218,344,328,5,0,323,310,97331,20,-1,0,21,18
2020-06-19,US,Washington,Grays Harbor,22,0,0,47.14003705,-123.7820567,53027.0,29.30949494411212,0.0,22,21,0,0,21,21,73901,1,0,0,1,0
2020-06-19,US,Washington,Island,186,12,0,48.14713305,-122.5216407,53029.0,218.46114093092635,6.451612903225807,174,184,12,0,172,184,84460,2,0,0,2,0
2020-06-19,US,Washington,Jefferson,33,0,0,47.75003077,-123.56097040000002,53031.0,102.41767791192079,0.0,33,32,0,0,32,32,31729,1,0,0,1,0
2020-06-19,US,Washington,King,9061,600,0,47.49137892,-121.8346131,53033.0,402.2137960974475,6.621785674870321,8461,8963,597,0,8366,8885,2233163,98,3,0,95,78
2020-06-19,US,Washington,Kitsap,185,2,0,47.63479026,-122.6436061,53035.0,68.14674019147392,1.0810810810810811,183,182,2,0,180,180,269805,3,0,0,3,2
2020-06-19,US,Washington,Kittitas,94,0,0,47.12521214,-120.679439,53037.0,196.0988839052884,0.0,94,92,0,0,92,92,47364,2,0,0,2,0
2020-06-19,US,Washington,Klickitat,51,3,0,45.87325839,-120.7913598,53039.0,227.4247491638796,5.882352941176472,48,52,3,0,49,49,22107,-1,0,0,-1,3
2020-06-19,US,Washington,Lewis,47,3,0,46.57756476,-122.3925769,53041.0,58.23534513734868,6.382978723404255,44,43,3,0,40,41,79604,4,0,0,4,2
2020-06-19,US,Washington,Lincoln,2,0,0,47.57705241,-118.4194388,53043.0,18.283206874485785,0.0,2,2,0,0,2,2,10740,0,0,0,0,0
2020-06-19,US,Washington,Mason,41,1,0,47.35007586,-123.1863685,53045.0,61.4066618739516,2.4390243902439024,40,41,1,0,40,41,65507,0,0,0,0,0
2020-06-19,US,Washington,Okanogan,63,2,0,48.54855019,-119.7387224,53047.0,149.1371351466515,3.1746031746031744,61,62,2,0,60,61,42132,1,0,0,1,1
2020-06-19,US,Washington,Pacific,12,1,0,46.55418369,-123.7285716,53049.0,53.4021627875929,8.333333333333334,11,12,1,0,11,12,22036,0,0,0,0,0
2020-06-19,US,Washington,Pend Oreille,3,0,0,48.53234021,-117.2741804,53051.0,21.85951617604197,0.0,3,3,0,0,3,3,13602,0,0,0,0,0
2020-06-19,US,Washington,Pierce,2230,89,0,47.03892768,-122.1405958,53053.0,246.4142853985724,3.9910313901345287,2141,2199,89,0,2110,2179,891299,31,0,0,31,20
2020-06-19,US,Washington,San Juan,16,0,0,48.60182783,-122.96745,53055.0,91.00216130133091,0.0,16,16,0,0,16,16,17128,0,0,0,0,0
2020-06-19,US,Washington,Skagit,479,15,0,48.48171488,-121.766131,53057.0,370.7286869703185,3.1315240083507305,464,474,15,0,459,469,128206,5,0,0,5,5
2020-06-19,US,Washington,Skamania,5,0,0,46.02408726,-121.9164403,53059.0,41.380451874534465,0.0,5,3,0,0,3,3,11924,2,0,0,2,0
2020-06-19,US,Washington,Snohomish,3208,162,0,48.04615983,-121.7170703,53061.0,390.2282372947744,5.049875311720698,3046,3200,160,0,3040,3187,814901,8,2,0,6,13
2020-06-19,US,Washington,Spokane,902,37,0,47.62113146,-117.4046494,53063.0,172.53317725010425,4.101995565410198,865,880,37,0,843,870,514631,22,0,0,22,10
2020-06-19,US,Washington,Stevens,16,1,0,48.40035475,-117.8542701,53065.0,34.993329396583775,6.25,15,16,1,0,15,16,45260,0,0,0,0,0
2020-06-19,US,Washington,Thurston,209,6,0,46.9291895,-122.8290656,53067.0,71.93600793017045,2.8708133971291865,203,201,5,0,196,197,286419,8,1,0,7,4
2020-06-19,US,Washington,Unassigned,25,0,0,0.0,0.0,90053.0,0.0,0.0,25,47,0,0,47,25,,-22,0,0,-22,22
2020-06-19,US,Washington,Wahkiakum,4,0,0,46.29180039999999,-123.4250831,53069.0,89.12655971479502,0.0,4,4,0,0,4,4,4426,0,0,0,0,0
2020-06-19,US,Washington,Walla Walla,129,3,0,46.23040051,-118.4775539,53071.0,212.31073074391045,2.3255813953488373,126,127,3,0,124,124,60922,2,0,0,2,3
2020-06-19,US,Washington,Whatcom,474,39,0,48.82227976,-121.7490018,53073.0,206.76388349683964,8.227848101265822,435,467,39,0,428,457,225685,7,0,0,7,10
2020-06-19,US,Washington,Whitman,28,0,0,46.90022523,-117.5241763,53075.0,55.883761775506954,0.0,28,30,0,0,30,28,49791,-2,0,0,-2,2
2020-06-19,US,Washington,Yakima,5915,131,0,46.45738486,-120.7380126,53077.0,2357.7666787577773,2.2147083685545224,5784,5777,128,0,5649,5651,251446,138,3,0,135,126
2020-06-19,US,West Virginia,Barbour,11,1,0,39.1307219,-80.00350858,54001.0,66.90590596679034,9.090909090909092,10,11,1,0,10,11,16535,0,0,0,0,0
2020-06-19,US,West Virginia,Berkeley,427,9,0,39.46704621,-78.02414609,54003.0,358.3086489162632,2.107728337236534,418,415,9,0,406,407,117123,12,0,0,12,8
2020-06-19,US,West Virginia,Boone,20,0,0,38.01974191,-81.69888019,54005.0,93.20967516428206,0.0,20,20,0,0,20,20,21951,0,0,0,0,0
2020-06-19,US,West Virginia,Braxton,3,0,0,38.70036159,-80.72011184,54007.0,21.49459052805044,0.0,3,3,0,0,3,3,14089,0,0,0,0,0
2020-06-19,US,West Virginia,Brooke,6,0,0,40.27367263,-80.57915332,54009.0,27.34855736359907,0.0,6,6,0,0,6,6,22203,0,0,0,0,0
2020-06-19,US,West Virginia,Cabell,80,0,0,38.42424062,-82.23855912,54011.0,87.00853771276306,0.0,80,79,0,0,79,77,93224,1,0,0,1,2
2020-06-19,US,West Virginia,Calhoun,2,0,0,38.84315422,-81.11934872,54013.0,28.133352088901397,0.0,2,2,0,0,2,2,7254,0,0,0,0,0
2020-06-19,US,West Virginia,Clay,10,0,0,38.46231092,-81.07652217,54015.0,117.53643629525152,0.0,10,10,0,0,10,10,8632,0,0,0,0,0
2020-06-19,US,West Virginia,Fayette,56,4,0,38.02974928,-81.08286634,54019.0,132.05678441729944,7.142857142857142,52,56,4,0,52,54,43018,0,0,0,0,2
2020-06-19,US,West Virginia,Gilmer,10,0,0,38.9251277,-80.85952723,54021.0,127.82819890067749,0.0,10,10,0,0,10,10,8026,0,0,0,0,0
2020-06-19,US,West Virginia,Grant,16,0,0,39.10314817,-79.19440518,54023.0,138.31258644536652,0.0,16,16,0,0,16,16,11626,0,0,0,0,0
2020-06-19,US,West Virginia,Greenbrier,42,0,0,37.9463652,-80.45335881,54025.0,121.17015752120476,0.0,42,42,0,0,42,37,34786,0,0,0,0,5
2020-06-19,US,West Virginia,Hampshire,40,1,0,39.32103553,-78.60826476,54027.0,172.5997842502697,2.5,39,40,1,0,39,40,23347,0,0,0,0,0
2020-06-19,US,West Virginia,Hancock,21,0,0,40.51943859,-80.57461608,54029.0,72.89135716765013,0.0,21,21,0,0,21,20,29094,0,0,0,0,1
2020-06-19,US,West Virginia,Hardy,41,0,0,39.00683177,-78.85855301,54031.0,297.61904761904765,0.0,41,41,0,0,41,41,13775,0,0,0,0,0
2020-06-19,US,West Virginia,Harrison,49,1,0,39.2853852,-80.37919577,54033.0,72.85595337218984,2.0408163265306123,48,49,1,0,48,49,67554,0,0,0,0,0
2020-06-19,US,West Virginia,Jackson,141,18,0,38.84263974,-81.68148753,54035.0,493.4210526315789,12.76595744680851,123,141,18,0,123,141,28706,0,0,0,0,0
2020-06-19,US,West Virginia,Jefferson,215,4,0,39.30776166,-77.86014147,54037.0,376.22930738809373,1.8604651162790695,211,213,4,0,209,213,56811,2,0,0,2,0
2020-06-19,US,West Virginia,Kanawha,261,20,0,38.33860077,-81.52857054,54039.0,146.52713839796996,7.662835249042145,241,256,20,0,236,253,180454,5,0,0,5,3
2020-06-19,US,West Virginia,Lewis,15,1,0,38.9947249,-80.49988181,54041.0,94.29810775130446,6.666666666666668,14,14,1,0,13,8,16024,1,0,0,1,6
2020-06-19,US,West Virginia,Lincoln,5,0,0,38.172154,-82.07017953,54043.0,24.498995541182808,0.0,5,5,0,0,5,5,20599,0,0,0,0,0
2020-06-19,US,West Virginia,Logan,21,1,0,37.8299889,-81.93528571,54045.0,65.58605827789751,4.761904761904762,20,21,1,0,20,21,32607,0,0,0,0,0
2020-06-19,US,West Virginia,Marion,53,2,0,39.50984542,-80.24244659,54049.0,94.5213297189328,3.7735849056603774,51,53,2,0,51,53,56097,0,0,0,0,0
2020-06-19,US,West Virginia,Marshall,37,0,0,39.86064362,-80.66591062,54051.0,121.18830041597064,0.0,37,37,0,0,37,38,30785,0,0,0,0,-1
2020-06-19,US,West Virginia,Mason,15,0,0,38.77071799,-82.02524219,54053.0,56.569618343641565,0.0,15,15,0,0,15,15,26718,0,0,0,0,0
2020-06-19,US,West Virginia,McDowell,6,0,0,37.38002939,-81.65083669,54047.0,34.04448479346346,0.0,6,6,0,0,6,6,18223,0,0,0,0,0
2020-06-19,US,West Virginia,Mercer,16,0,0,37.40481169,-81.11023142,54055.0,27.230334592736313,0.0,16,16,0,0,16,15,59131,0,0,0,0,1
2020-06-19,US,West Virginia,Mineral,53,2,0,39.41561583,-78.94104895,54057.0,197.26068185201729,3.7735849056603774,51,52,2,0,50,52,26940,1,0,0,1,0
2020-06-19,US,West Virginia,Mingo,14,2,0,37.73048351,-82.13338365,54059.0,59.76775956284153,14.285714285714285,12,12,2,0,10,12,23785,2,0,0,2,0
2020-06-19,US,West Virginia,Monongalia,149,5,0,39.63218457,-80.04766838,54061.0,141.08245275158126,3.355704697986577,144,147,5,0,142,147,106420,2,0,0,2,0
2020-06-19,US,West Virginia,Monroe,9,0,0,37.56274716,-80.54577965,54063.0,67.79661016949153,0.0,9,9,0,0,9,9,13280,0,0,0,0,0
2020-06-19,US,West Virginia,Morgan,20,0,0,39.55439028,-78.26311676,54065.0,111.83180496533214,0.0,20,19,0,0,19,19,17787,1,0,0,1,0
2020-06-19,US,West Virginia,Nicholas,7,1,0,38.29617706,-80.79759588,54067.0,28.576094056172444,14.285714285714285,6,7,1,0,6,7,24842,0,0,0,0,0
2020-06-19,US,West Virginia,Ohio,67,1,0,40.0955451,-80.62203992,54069.0,161.79276037767744,1.492537313432836,66,60,1,0,59,58,41755,7,0,0,7,2
2020-06-19,US,West Virginia,Pendleton,13,1,0,38.68314479,-79.35084086,54071.0,186.5403931697517,7.6923076923076925,12,13,1,0,12,13,6997,0,0,0,0,0
2020-06-19,US,West Virginia,Pleasants,4,0,0,39.37091679,-81.16771771,54073.0,53.61930294906166,0.0,4,4,0,0,4,4,7507,0,0,0,0,0
2020-06-19,US,West Virginia,Pocahontas,22,0,0,38.32758728,-80.00993811,54075.0,266.76367163817145,0.0,22,22,0,0,22,21,8414,0,0,0,0,1
2020-06-19,US,West Virginia,Preston,43,2,0,39.46770987,-79.66712803,54077.0,128.61928691074422,4.651162790697675,41,36,2,0,34,29,33839,7,0,0,7,7
2020-06-19,US,West Virginia,Putnam,41,0,0,38.50782345,-81.9082131,54079.0,72.63064658990257,0.0,41,40,0,0,40,40,56682,1,0,0,1,0
2020-06-19,US,West Virginia,Raleigh,29,0,0,37.76936795,-81.2456041,54081.0,39.53054075053503,0.0,29,27,0,0,27,27,74254,2,0,0,2,0
2020-06-19,US,West Virginia,Randolph,148,0,0,38.769899,-79.87919615,54083.0,515.769297787071,0.0,148,146,0,0,146,144,28823,2,0,0,2,2
2020-06-19,US,West Virginia,Ritchie,2,0,0,39.18094587,-81.06356878,54085.0,20.933640360058615,0.0,2,2,0,0,2,2,9721,0,0,0,0,0
2020-06-19,US,West Virginia,Roane,11,1,0,38.71622686,-81.35243568,54087.0,80.3623611922852,9.090909090909092,10,11,1,0,10,11,13932,0,0,0,0,0
2020-06-19,US,West Virginia,Summers,1,0,0,37.65390597,-80.86009693,54089.0,7.953551260637875,0.0,1,1,0,0,1,1,12760,0,0,0,0,0
2020-06-19,US,West Virginia,Taylor,13,0,0,39.33602617,-80.0421439,54091.0,77.86762503743634,0.0,13,12,0,0,12,12,16862,1,0,0,1,0
2020-06-19,US,West Virginia,Tucker,5,0,0,39.11240885,-79.57053576,54093.0,73.11010381634742,0.0,5,5,0,0,5,5,6955,0,0,0,0,0
2020-06-19,US,West Virginia,Tyler,3,0,0,39.46811972,-80.88772676,54095.0,34.920265394016994,0.0,3,3,0,0,3,3,8746,0,0,0,0,0
2020-06-19,US,West Virginia,Upshur,13,0,0,38.89285061,-80.23689136,54097.0,53.77233620119127,0.0,13,11,0,0,11,9,24415,2,0,0,2,2
2020-06-19,US,West Virginia,Wayne,106,9,0,38.14901357,-82.42287994,54099.0,269.0218770620781,8.49056603773585,97,106,9,0,97,106,39944,0,0,0,0,0
2020-06-19,US,West Virginia,Wetzel,9,0,0,39.6065771,-80.64016540000001,54103.0,59.741121805509465,0.0,9,9,0,0,9,9,15270,0,0,0,0,0
2020-06-19,US,West Virginia,Wirt,4,0,0,39.02775007,-81.37473928,54105.0,68.7167153410067,0.0,4,4,0,0,4,4,5830,0,0,0,0,0
2020-06-19,US,West Virginia,Wood,56,2,0,39.20967886,-81.5162836,54107.0,67.05141406642879,3.571428571428572,54,56,2,0,54,56,84203,0,0,0,0,0
2020-06-19,US,West Virginia,Wyoming,7,0,0,37.612327,-81.54511071,54109.0,34.32382073158772,0.0,7,6,0,0,6,5,20786,1,0,0,1,1
2020-06-19,US,Wisconsin,Adams,10,2,0,43.96974651,-89.76782777,55001.0,49.455984174085074,20.0,8,10,2,0,8,9,20348,0,0,0,0,1
2020-06-19,US,Wisconsin,Ashland,3,0,0,46.31956891,-90.67837132,55003.0,19.27772779848349,0.0,3,3,0,0,3,3,15600,0,0,0,0,0
2020-06-19,US,Wisconsin,Barron,30,0,0,45.42372701,-91.84833627,55005.0,66.30713464768809,0.0,30,30,0,0,30,26,45164,0,0,0,0,4
2020-06-19,US,Wisconsin,Bayfield,3,1,0,46.52868768,-91.19716729,55007.0,19.952114924181963,33.333333333333336,2,3,1,0,2,3,15042,0,0,0,0,0
2020-06-19,US,Wisconsin,Brown,2538,39,0,44.4526553,-88.00411844,55009.0,959.3939714676686,1.536643026004728,2499,2520,39,0,2481,2507,263378,18,0,0,18,13
2020-06-19,US,Wisconsin,Buffalo,7,2,0,44.37835084,-91.75332578,55011.0,53.718056941140354,28.57142857142857,5,6,2,0,4,7,13125,1,0,0,1,-1
2020-06-19,US,Wisconsin,Burnett,2,1,0,45.86303537,-92.36711412,55013.0,12.975217334890358,50.0,1,2,1,0,1,3,15392,0,0,0,0,-1
2020-06-19,US,Wisconsin,Calumet,90,2,0,44.0816316,-88.21780273,55015.0,179.68016929864842,2.2222222222222223,88,90,2,0,88,88,50159,0,0,0,0,2
2020-06-19,US,Wisconsin,Chippewa,65,0,0,45.06939744,-91.28068855,55017.0,100.52893686782764,0.0,65,65,0,0,65,63,64135,0,0,0,0,2
2020-06-19,US,Wisconsin,Clark,56,6,0,44.73483377,-90.61207486,55019.0,161.03985736469775,10.714285714285714,50,56,5,0,51,53,34709,0,1,0,-1,3
2020-06-19,US,Wisconsin,Columbia,63,1,0,43.46492199,-89.33589004,55021.0,109.5042758812487,1.5873015873015872,62,60,1,0,59,59,57358,3,0,0,3,1
2020-06-19,US,Wisconsin,Crawford,27,0,0,43.23870316,-90.93073686,55023.0,167.37957969127766,0.0,27,27,0,0,27,27,16291,0,0,0,0,0
2020-06-19,US,Wisconsin,Dane,1034,32,0,43.06601594,-89.41733797,55025.0,189.13653865500874,3.094777562862669,1002,1017,32,0,985,1000,542364,17,0,0,17,17
2020-06-19,US,Wisconsin,Dodge,429,5,0,43.41576662,-88.70928178,55027.0,488.39353817780255,1.1655011655011656,424,426,5,0,421,425,87847,3,0,0,3,1
2020-06-19,US,Wisconsin,Door,40,3,0,44.95856458,-87.30002707,55029.0,144.57134595923088,7.5,37,39,3,0,36,39,27610,1,0,0,1,0
2020-06-19,US,Wisconsin,Douglas,20,0,0,46.43222285,-91.91595768,55031.0,46.349942062572424,0.0,20,20,0,0,20,20,43208,0,0,0,0,0
2020-06-19,US,Wisconsin,Dunn,29,0,0,44.94562799,-91.8962481,55033.0,63.921706929994706,0.0,29,29,0,0,29,29,45131,0,0,0,0,0
2020-06-19,US,Wisconsin,Eau Claire,151,0,0,44.726614,-91.28609183,55035.0,144.29600749192517,0.0,151,149,0,0,149,140,104534,2,0,0,2,9
2020-06-19,US,Wisconsin,Florence,2,0,0,45.84963535,-88.39804137,55037.0,46.56577415599534,0.0,2,2,0,0,2,2,4321,0,0,0,0,0
2020-06-19,US,Wisconsin,Fond du Lac,278,6,0,43.75354908,-88.48885325,55039.0,268.85100045453225,2.1582733812949644,272,277,6,0,271,274,103066,1,0,0,1,3
2020-06-19,US,Wisconsin,Forest,34,2,0,45.66678019,-88.77084892,55041.0,377.6099511328298,5.882352941176472,32,34,2,0,32,34,8991,0,0,0,0,0
2020-06-19,US,Wisconsin,Grant,114,12,0,42.8671731,-90.7063218,55043.0,221.6217267054181,10.526315789473683,102,113,12,0,101,113,51554,1,0,0,1,0
2020-06-19,US,Wisconsin,Green,78,1,0,42.6794956,-89.60243287,55045.0,211.03896103896102,1.2820512820512822,77,78,1,0,77,78,36929,0,0,0,0,0
2020-06-19,US,Wisconsin,Green Lake,24,0,0,43.80025981,-89.04679553,55047.0,126.8968434410194,0.0,24,24,0,0,24,24,18918,0,0,0,0,0
2020-06-19,US,Wisconsin,Iowa,18,0,0,43.00050278,-90.13469017,55049.0,76.01993411605709,0.0,18,18,0,0,18,18,23771,0,0,0,0,0
2020-06-19,US,Wisconsin,Iron,2,1,0,46.26302338,-90.24295041,55051.0,35.16792685071215,50.0,1,2,1,0,1,2,5676,0,0,0,0,0
2020-06-19,US,Wisconsin,Jackson,24,1,0,44.31864893,-90.80566792,55053.0,116.26217119604708,4.166666666666667,23,24,1,0,23,22,20478,0,0,0,0,2
2020-06-19,US,Wisconsin,Jefferson,168,4,0,43.02054068,-88.77529134,55055.0,198.18565749271548,2.380952380952381,164,164,4,0,160,161,85129,4,0,0,4,3
2020-06-19,US,Wisconsin,Juneau,27,1,0,43.92456975,-90.11120239,55057.0,101.17285569753064,3.703703703703704,26,27,1,0,26,25,26617,0,0,0,0,2
2020-06-19,US,Wisconsin,Kenosha,1400,37,0,42.57639354,-88.04051686,55059.0,825.6615613260126,2.642857142857143,1363,1392,36,0,1356,1382,169290,8,1,0,7,10
2020-06-19,US,Wisconsin,Kewaunee,42,1,0,44.51727459,-87.61468386,55061.0,205.53978663012626,2.380952380952381,41,40,1,0,39,39,20383,2,0,0,2,1
2020-06-19,US,Wisconsin,La Crosse,203,0,0,43.90632465,-91.11451093,55063.0,172.01057483731017,0.0,203,179,0,0,179,152,118230,24,0,0,24,27
2020-06-19,US,Wisconsin,Lafayette,49,0,0,42.66005229,-90.1317729,55065.0,294.029402940294,0.0,49,48,0,0,48,43,16665,1,0,0,1,5
2020-06-19,US,Wisconsin,Langlade,7,0,0,45.26271619,-89.07483625,55067.0,36.47923289384544,0.0,7,7,0,0,7,6,19268,0,0,0,0,1
2020-06-19,US,Wisconsin,Lincoln,8,0,0,45.33737523,-89.73411273,55069.0,28.99286050809988,0.0,8,8,0,0,8,8,27689,0,0,0,0,0
2020-06-19,US,Wisconsin,Manitowoc,58,1,0,44.11946801,-87.80928853,55071.0,73.43538319342626,1.7241379310344829,57,56,1,0,55,50,79074,2,0,0,2,6
2020-06-19,US,Wisconsin,Marathon,101,1,0,44.89792533,-89.75863384,55073.0,74.43327535890104,0.99009900990099,100,95,1,0,94,88,135428,6,0,0,6,7
2020-06-19,US,Wisconsin,Marinette,42,3,0,45.38553432,-88.03324599999998,55075.0,104.089219330855,7.142857142857142,39,40,3,0,37,40,40434,2,0,0,2,0
2020-06-19,US,Wisconsin,Marquette,9,1,0,43.81911946,-89.40073763,55077.0,57.78862206241171,11.111111111111109,8,9,1,0,8,9,15434,0,0,0,0,0
2020-06-19,US,Wisconsin,Menominee,4,0,0,45.00422544,-88.70950714,55078.0,87.7963125548727,0.0,4,4,0,0,4,4,4658,0,0,0,0,0
2020-06-19,US,Wisconsin,Milwaukee,10049,362,0,43.00486062,-87.96733172,55079.0,1062.5699198287878,3.6023484923873017,9687,9945,360,0,9585,9750,948201,104,2,0,102,195
2020-06-19,US,Wisconsin,Monroe,40,1,0,43.94641218,-90.618819,55081.0,86.48087691609194,2.5,39,39,1,0,38,38,46051,1,0,0,1,1
2020-06-19,US,Wisconsin,Oconto,46,0,0,45.02715345,-88.26807503,55083.0,121.27603480094912,0.0,46,46,0,0,46,45,37830,0,0,0,0,1
2020-06-19,US,Wisconsin,Oneida,17,0,0,45.70677897,-89.51944105,55085.0,47.75951678606546,0.0,17,17,0,0,17,17,35470,0,0,0,0,0
2020-06-19,US,Wisconsin,Outagamie,377,8,0,44.41578887,-88.46565023,55087.0,200.65465577347842,2.122015915119364,369,366,8,0,358,354,187365,11,0,0,11,12
2020-06-19,US,Wisconsin,Ozaukee,201,15,0,43.38352225,-87.94625009,55089.0,225.2832853252037,7.462686567164179,186,199,15,0,184,199,89147,2,0,0,2,0
2020-06-19,US,Wisconsin,Pepin,1,0,0,44.58307413,-91.99949611,55091.0,13.723068478111706,0.0,1,1,0,0,1,1,7289,0,0,0,0,0
2020-06-19,US,Wisconsin,Pierce,57,0,0,44.71850291,-92.4224416,55093.0,133.3208588670066,0.0,57,57,0,0,57,57,42555,0,0,0,0,0
2020-06-19,US,Wisconsin,Polk,39,1,0,45.46130348,-92.44182875,55095.0,89.07566863851267,2.5641025641025643,38,37,1,0,36,37,43598,2,0,0,2,0
2020-06-19,US,Wisconsin,Portage,87,0,0,44.47558711,-89.50152965,55097.0,122.92997230543152,0.0,87,86,0,0,86,82,70942,1,0,0,1,4
2020-06-19,US,Wisconsin,Price,2,0,0,45.68051754,-90.3609888,55099.0,14.980151299528124,0.0,2,2,0,0,2,2,13397,0,0,0,0,0
2020-06-19,US,Wisconsin,Racine,2066,57,0,42.74753117,-88.05941254,55101.0,1052.4117344417787,2.7589545014520813,2009,2053,56,0,1997,2039,196584,13,1,0,12,14
2020-06-19,US,Wisconsin,Richland,15,4,0,43.3762778,-90.43012729,55103.0,86.94644099234871,26.66666666666667,11,14,4,0,10,14,17377,1,0,0,1,0
2020-06-19,US,Wisconsin,Rock,777,23,0,42.67151616,-89.07147900000002,55105.0,475.6541009096808,2.9601029601029603,754,773,22,0,751,767,163129,4,1,0,3,6
2020-06-19,US,Wisconsin,Rusk,10,0,0,45.47498854,-91.1333012,55107.0,70.53180984624065,0.0,10,10,0,0,10,10,14147,0,0,0,0,0
2020-06-19,US,Wisconsin,Sauk,90,3,0,43.42574087,-89.94966132,55111.0,139.66046987989202,3.333333333333333,87,88,3,0,85,87,64249,2,0,0,2,1
2020-06-19,US,Wisconsin,Sawyer,9,0,0,45.87931905,-91.14504927,55113.0,54.35439062688731,0.0,9,9,0,0,9,9,16489,0,0,0,0,0
2020-06-19,US,Wisconsin,Shawano,66,0,0,44.78902246,-88.76443896,55115.0,161.37313870754787,0.0,66,66,0,0,66,64,40796,0,0,0,0,2
2020-06-19,US,Wisconsin,Sheboygan,176,4,0,43.72099677,-87.94579284,55117.0,152.59233570313856,2.272727272727273,172,177,4,0,173,171,115456,-1,0,0,-1,6
2020-06-19,US,Wisconsin,St. Croix,122,1,0,45.03437474,-92.45000068,55109.0,134.52865350050172,0.819672131147541,121,119,0,0,119,116,89694,3,1,0,2,3
2020-06-19,US,Wisconsin,Taylor,8,0,0,45.21179252,-90.5004405,55119.0,39.32556653394288,0.0,8,6,0,0,6,5,20412,2,0,0,2,1
2020-06-19,US,Wisconsin,Trempealeau,86,0,0,44.30360275,-91.35893614,55121.0,290.0603730311309,0.0,86,85,0,0,85,80,29442,1,0,0,1,5
2020-06-19,US,Wisconsin,Vernon,29,0,0,43.59422667,-90.8324691,55123.0,94.08863798585426,0.0,29,28,0,0,28,26,30785,1,0,0,1,2
2020-06-19,US,Wisconsin,Vilas,10,0,0,46.05467334,-89.51719204,55125.0,45.05519261094841,0.0,10,10,0,0,10,8,21938,0,0,0,0,2
2020-06-19,US,Wisconsin,Walworth,488,18,0,42.66858202,-88.54163073,55127.0,469.8270882273655,3.6885245901639343,470,487,17,0,470,481,103718,1,1,0,0,6
2020-06-19,US,Wisconsin,Washburn,4,0,0,45.89838588,-91.79050449,55129.0,25.44529262086514,0.0,4,3,0,0,3,3,15878,1,0,0,1,0
2020-06-19,US,Wisconsin,Washington,307,13,0,43.36863664,-88.22974712,55131.0,225.67887439904732,4.234527687296417,294,303,12,0,291,299,135693,4,1,0,3,4
2020-06-19,US,Wisconsin,Waukesha,972,38,0,43.01833055,-88.30431188,55133.0,240.47620225730952,3.909465020576132,934,958,36,0,922,942,403072,14,2,0,12,16
2020-06-19,US,Wisconsin,Waupaca,87,5,0,44.47068056,-88.96534501,55135.0,170.6216905275544,5.747126436781608,82,84,5,0,79,82,51128,3,0,0,3,2
2020-06-19,US,Wisconsin,Waushara,19,0,0,44.11324419,-89.24317107,55137.0,77.73186597389845,0.0,19,18,0,0,18,20,24263,1,0,0,1,-2
2020-06-19,US,Wisconsin,Winnebago,579,10,0,44.06886922,-88.64477096,55139.0,336.81001937093896,1.7271157167530224,569,569,10,0,559,551,171020,10,0,0,10,18
2020-06-19,US,Wisconsin,Wood,29,1,0,44.45537896,-90.04158336,55141.0,39.72657159687119,3.4482758620689653,28,28,1,0,27,25,73055,1,0,0,1,3
2020-06-19,US,Wyoming,Albany,28,0,0,41.65498705,-105.7235415,56001.0,72.0164609053498,0.0,28,28,0,0,28,28,38601,0,0,0,0,0
2020-06-19,US,Wyoming,Big Horn,11,0,0,44.52405055,-107.9960365,56003.0,93.29940627650551,0.0,11,11,0,0,11,11,11881,0,0,0,0,0
2020-06-19,US,Wyoming,Campbell,46,0,0,44.24886082,-105.5474404,56005.0,99.2641505362422,0.0,46,46,0,0,46,46,46140,0,0,0,0,0
2020-06-19,US,Wyoming,Carbon,22,0,0,41.69357844,-106.9326084,56007.0,148.64864864864862,0.0,22,22,0,0,22,21,14971,0,0,0,0,1
2020-06-19,US,Wyoming,Converse,24,0,0,42.97272268,-105.5081848,56009.0,173.63623209376357,0.0,24,24,0,0,24,24,13640,0,0,0,0,0
2020-06-19,US,Wyoming,Crook,6,0,0,44.58855102,-104.5697705,56011.0,79.11392405063293,0.0,6,6,0,0,6,6,7450,0,0,0,0,0
2020-06-19,US,Wyoming,Fremont,326,0,0,43.04183996,-108.6296893,56013.0,830.3405415042917,0.0,326,319,0,0,319,315,39531,7,0,0,7,4
2020-06-19,US,Wyoming,Goshen,5,0,0,42.08798185,-104.3534743,56015.0,37.847248505033676,0.0,5,5,0,0,5,5,13376,0,0,0,0,0
2020-06-19,US,Wyoming,Hot Springs,12,0,0,43.71930657,-108.4423174,56017.0,271.92386131883075,0.0,12,12,0,0,12,12,4555,0,0,0,0,0
2020-06-19,US,Wyoming,Johnson,19,1,0,44.04057166,-106.5845174,56019.0,224.98519834221432,5.2631578947368425,18,19,1,0,18,19,8460,0,0,0,0,0
2020-06-19,US,Wyoming,Laramie,204,0,0,41.30702520000001,-104.6887497,56021.0,205.02512562814067,0.0,204,203,0,0,203,197,98976,1,0,0,1,6
2020-06-19,US,Wyoming,Lincoln,15,0,0,42.26376367,-110.6563997,56023.0,75.642965204236,0.0,15,15,0,0,15,15,19434,0,0,0,0,0
2020-06-19,US,Wyoming,Natrona,95,0,0,42.96180148,-106.797885,56025.0,118.96115605199228,0.0,95,90,0,0,90,88,79115,5,0,0,5,2
2020-06-19,US,Wyoming,Niobrara,2,0,0,43.05607708,-104.4758896,56027.0,84.88964346349746,0.0,2,2,0,0,2,2,2388,0,0,0,0,0
2020-06-19,US,Wyoming,Park,9,0,0,44.52157546,-109.5852825,56029.0,30.828252380626157,0.0,9,10,0,0,10,8,29324,-1,0,0,-1,2
2020-06-19,US,Wyoming,Platte,1,0,0,42.13299116,-104.966331,56031.0,11.914690813773385,0.0,1,1,0,0,1,1,8566,0,0,0,0,0
2020-06-19,US,Wyoming,Sheridan,19,0,0,44.79048913,-106.8862389,56033.0,62.325733967525004,0.0,19,19,0,0,19,19,30233,0,0,0,0,0
2020-06-19,US,Wyoming,Sublette,4,0,0,42.76558279,-109.9130922,56035.0,40.68762079137422,0.0,4,4,0,0,4,3,9813,0,0,0,0,1
2020-06-19,US,Wyoming,Sweetwater,48,0,0,41.65943896,-108.8827882,56037.0,113.35994143069692,0.0,48,44,0,0,44,43,43051,4,0,0,4,1
2020-06-19,US,Wyoming,Teton,109,0,0,43.93522482,-110.5890801,56039.0,464.54142516195014,0.0,109,108,0,0,108,107,23081,1,0,0,1,1
2020-06-19,US,Wyoming,Uinta,128,0,0,41.2878183,-110.54757820000002,56041.0,632.8488084643527,0.0,128,116,0,0,116,104,20299,12,0,0,12,12
2020-06-19,US,Wyoming,Unassigned,0,19,0,0.0,0.0,90056.0,0.0,0.0,-19,0,17,0,-17,0,,0,2,0,-2,0
2020-06-19,US,Wyoming,Washakie,39,0,0,43.90451606,-107.68018700000002,56043.0,499.6796925048046,0.0,39,39,0,0,39,39,7885,0,0,0,0,0
2020-06-19,US,Wyoming,Weston,1,0,0,43.83961191,-104.5674881,56045.0,14.436263894903998,0.0,1,1,0,0,1,1,6967,0,0,0,0,0
